step_arrived;step_collisions;step_duration;step_ended;step_halting;step_inserted;step_loaded;step_meanSpeed;step_meanSpeedRelative;step_meanTravelTime;step_meanWaitingTime;step_running;step_teleports;step_time;step_waiting
0;0;23441103;0;1;89;245;16.08;1.13;-1.00;0.00;89;0;0.00;156
0;0;23441127;0;1;99;245;15.36;1.07;-1.00;0.10;99;0;1.00;146
0;0;23441128;0;3;120;245;14.41;0.98;-1.00;0.43;120;0;2.00;125
0;0;23441129;0;2;131;245;13.76;0.93;-1.00;0.65;131;0;3.00;114
0;0;23441130;0;3;146;245;12.72;0.85;-1.00;0.99;146;0;4.00;99
0;0;23441131;0;4;153;245;11.98;0.80;-1.00;1.18;153;0;5.00;92
0;0;23441133;0;5;169;245;11.19;0.75;-1.00;1.63;169;0;6.00;76
0;0;23441134;0;11;175;245;10.68;0.71;-1.00;1.82;175;0;7.00;70
0;0;23441136;0;14;185;246;10.00;0.66;-1.00;2.15;185;0;8.00;61
0;0;23441137;0;17;191;247;9.58;0.63;-1.00;2.37;191;0;9.00;56
0;0;23441139;0;21;196;247;9.22;0.61;-1.00;2.56;196;0;10.00;51
0;0;23441141;0;26;201;248;8.97;0.59;-1.00;2.72;201;0;11.00;47
0;0;23441143;0;36;204;248;8.84;0.58;-1.00;2.86;204;0;12.00;44
0;0;23441145;0;38;207;248;8.86;0.58;-1.00;3.00;207;0;13.00;41
2;0;23441147;2;41;212;248;8.72;0.57;14.00;3.26;210;0;14.00;36
2;0;23441150;2;48;215;252;8.63;0.56;14.00;3.30;213;0;15.00;37
2;0;23441152;2;50;219;252;8.58;0.55;14.00;3.53;217;0;16.00;33
2;0;23441155;2;57;221;252;8.50;0.55;14.00;3.65;219;0;17.00;31
2;0;23441157;2;62;225;255;8.68;0.55;14.00;3.91;223;0;18.00;30
3;0;23441160;3;64;228;255;8.74;0.55;15.67;4.11;225;0;19.00;27
4;0;23441162;4;71;231;255;8.71;0.55;16.75;4.31;227;0;20.00;24
5;0;23441165;5;72;237;259;8.81;0.55;17.60;4.37;232;0;21.00;22
5;0;23441168;5;72;239;260;8.91;0.56;17.60;4.46;234;0;22.00;21
6;0;23441171;6;77;242;260;8.81;0.55;18.33;4.61;236;0;23.00;18
6;0;23441173;6;79;245;264;8.66;0.54;18.33;4.67;239;0;24.00;19
7;0;23441176;7;82;247;264;8.60;0.54;19.29;4.73;240;0;25.00;17
7;0;23441178;7;85;250;264;8.48;0.53;19.29;4.89;243;0;26.00;14
7;0;23441181;7;88;251;265;8.27;0.51;19.29;4.88;244;0;27.00;14
7;0;23441184;7;95;252;265;8.06;0.50;19.29;4.98;245;0;28.00;13
7;0;23441187;7;97;257;271;7.92;0.49;19.29;4.90;250;0;29.00;14
8;0;23441191;8;99;258;271;7.71;0.48;20.38;5.00;250;0;30.00;13
8;0;23441194;8;101;260;272;7.57;0.47;20.38;5.08;252;0;31.00;12
8;0;23441197;8;100;260;272;7.53;0.47;20.38;5.08;252;0;32.00;12
9;0;23441200;9;104;261;272;7.45;0.46;21.78;5.19;252;0;33.00;11
10;0;23441203;10;107;262;272;7.55;0.47;23.00;5.30;252;0;34.00;10
11;0;23441206;11;115;262;272;7.68;0.48;23.55;5.30;251;0;35.00;10
11;0;23441208;11;117;272;284;8.12;0.50;23.55;5.10;261;0;36.00;12
11;0;23441212;11;118;272;284;8.15;0.51;23.55;5.10;261;0;37.00;12
11;0;23441215;11;119;274;284;8.12;0.51;23.55;5.31;263;0;38.00;10
12;0;23441218;12;120;274;284;8.01;0.50;24.50;5.31;262;0;39.00;10
12;0;23441220;12;123;275;284;7.95;0.49;24.50;5.37;263;0;40.00;9
13;0;23441223;13;126;275;284;7.92;0.49;25.38;5.37;262;0;41.00;9
13;0;23441226;13;130;282;288;7.91;0.49;25.38;5.49;269;0;42.00;6
14;0;23441229;14;132;282;288;7.72;0.48;26.50;5.49;268;0;43.00;6
15;0;23441231;15;135;287;292;7.63;0.47;27.47;5.49;272;0;44.00;5
17;0;23441235;17;138;288;294;7.50;0.46;28.71;5.47;271;0;45.00;6
17;0;23441238;17;140;289;294;7.44;0.46;28.71;5.45;272;0;46.00;5
17;0;23441241;17;137;290;294;7.41;0.46;28.71;5.47;273;0;47.00;4
18;0;23441243;18;143;300;307;7.66;0.48;28.61;5.29;282;0;48.00;7
18;0;23441247;18;145;301;307;7.57;0.47;28.61;5.29;283;0;49.00;6
18;0;23441250;18;146;302;307;7.46;0.47;28.61;5.28;284;0;50.00;5
19;0;23441253;19;148;303;308;7.43;0.46;29.79;5.27;284;0;51.00;5
19;0;23441256;19;150;304;309;7.34;0.46;29.79;5.25;285;0;52.00;5
20;0;23441259;20;152;304;309;7.41;0.46;30.90;5.25;284;0;53.00;5
20;0;23441262;20;154;307;312;7.41;0.46;30.90;5.20;287;0;54.00;5
20;0;23441265;20;155;307;312;7.32;0.46;30.90;5.20;287;0;55.00;5
23;0;23441267;23;143;307;312;7.21;0.45;31.61;5.20;284;0;56.00;5
23;0;23441270;23;139;307;312;7.10;0.44;31.61;5.20;284;0;57.00;5
23;0;23441273;23;140;313;318;7.11;0.44;31.61;5.12;290;0;58.00;5
26;0;23441276;26;138;313;318;6.98;0.43;33.81;5.12;287;0;59.00;5
26;0;23441281;26;143;313;318;7.01;0.43;33.81;5.12;287;0;60.00;5
26;0;23441284;26;146;313;318;7.07;0.44;33.81;5.12;287;0;61.00;5
28;0;23441287;28;150;317;322;7.08;0.43;35.75;5.07;289;0;62.00;5
29;0;23441290;29;151;318;323;7.22;0.44;36.55;5.05;289;0;63.00;5
31;0;23441292;31;155;318;323;7.27;0.44;38.06;5.05;287;0;64.00;5
31;0;23441296;31;155;319;324;7.39;0.45;38.06;5.04;288;0;65.00;5
33;0;23441299;33;158;319;324;7.33;0.45;38.30;5.04;286;0;66.00;5
33;0;23441302;33;148;319;324;7.48;0.46;38.30;5.04;286;0;67.00;5
33;0;23441304;33;144;319;324;7.64;0.46;38.30;5.04;286;0;68.00;5
34;0;23441307;34;140;319;324;7.72;0.47;39.21;5.04;285;0;69.00;5
34;0;23441310;34;135;319;324;7.88;0.48;39.21;5.04;285;0;70.00;5
34;0;23441313;34;130;319;324;8.09;0.49;39.21;5.04;285;0;71.00;5
34;0;23441316;34;133;351;394;8.34;0.51;39.21;4.58;317;0;72.00;43
34;0;23441324;34;126;352;395;8.53;0.52;39.21;4.57;318;0;73.00;43
34;0;23441328;34;119;358;395;8.83;0.54;39.21;4.53;324;0;74.00;37
34;0;23441331;34;119;360;395;9.00;0.55;39.21;4.52;326;0;75.00;35
34;0;23441335;34;117;362;395;9.21;0.56;39.21;4.52;328;0;76.00;33
34;0;23441343;34;117;364;395;9.35;0.57;39.21;4.52;330;0;77.00;31
36;0;23441346;36;119;366;395;9.47;0.58;41.36;4.53;330;0;78.00;29
36;0;23441356;36;122;368;395;9.56;0.58;41.36;4.54;332;0;79.00;27
37;0;23441359;37;123;370;396;9.51;0.58;41.92;4.56;333;0;80.00;26
37;0;23441363;37;120;372;397;9.51;0.58;41.92;4.58;335;0;81.00;25
37;0;23441367;37;122;374;397;9.50;0.58;41.92;4.61;337;0;82.00;23
39;0;23441370;39;131;380;401;9.35;0.57;44.03;4.58;341;0;83.00;21
39;0;23441374;39;129;381;401;9.33;0.57;44.03;4.60;342;0;84.00;20
39;0;23441377;39;129;382;401;9.31;0.57;44.03;4.63;343;0;85.00;19
40;0;23441381;40;131;383;401;9.19;0.56;45.05;4.65;343;0;86.00;18
41;0;23441384;41;130;388;407;9.07;0.55;46.07;4.64;347;0;87.00;19
41;0;23441388;41;130;390;407;8.99;0.55;46.07;4.68;349;0;88.00;17
41;0;23441392;41;133;391;407;8.87;0.54;46.07;4.68;350;0;89.00;16
44;0;23441397;44;130;395;413;8.74;0.53;48.95;4.63;351;0;90.00;18
44;0;23441401;44;132;395;413;8.66;0.52;48.95;4.63;351;0;91.00;18
48;0;23441405;48;130;397;413;8.57;0.52;52.42;4.61;349;0;92.00;16
50;0;23441408;50;131;398;414;8.48;0.51;54.04;4.61;348;0;93.00;16
50;0;23441413;50;132;399;415;8.54;0.52;54.04;4.60;349;0;94.00;16
51;0;23441417;51;133;399;415;8.54;0.52;54.84;4.60;348;0;95.00;16
52;0;23441420;52;135;409;428;8.52;0.52;55.63;4.48;357;0;96.00;19
55;0;23441425;55;131;409;428;8.54;0.52;56.58;4.48;354;0;97.00;19
57;0;23441434;57;131;410;428;8.60;0.53;58.04;4.48;353;0;98.00;18
58;0;23441438;58;132;411;429;8.70;0.53;58.74;4.47;353;0;99.00;18
58;0;23441442;58;133;411;429;8.75;0.54;58.74;4.47;353;0;100.00;18
59;0;23441450;59;134;414;433;8.92;0.55;59.34;4.44;355;0;101.00;19
61;0;23441454;61;134;414;433;8.95;0.55;60.70;4.44;353;0;102.00;19
63;0;23441457;63;139;418;437;8.93;0.54;61.70;4.41;355;0;103.00;19
64;0;23441461;64;132;418;437;9.01;0.55;62.30;4.41;354;0;104.00;19
66;0;23441465;66;128;418;437;9.17;0.56;63.42;4.41;352;0;105.00;19
67;0;23441469;67;123;418;437;9.33;0.57;64.01;4.41;351;0;106.00;19
67;0;23441473;67;114;418;437;9.43;0.58;64.01;4.41;351;0;107.00;19
67;0;23441476;67;107;428;449;9.63;0.59;64.01;4.31;361;0;108.00;21
67;0;23441482;67;100;431;449;9.64;0.59;64.01;4.45;364;0;109.00;18
67;0;23441487;67;93;432;449;9.83;0.60;64.01;4.44;365;0;110.00;17
67;0;23441491;67;88;432;449;9.93;0.61;64.01;4.44;365;0;111.00;17
67;0;23441495;67;88;432;449;10.06;0.62;64.01;4.44;365;0;112.00;17
67;0;23441500;67;86;432;449;10.26;0.63;64.01;4.44;365;0;113.00;17
68;0;23441504;68;81;433;450;10.35;0.63;64.75;4.44;365;0;114.00;17
69;0;23441509;69;79;433;450;10.40;0.64;65.48;4.44;364;0;115.00;17
69;0;23441514;69;75;438;456;10.57;0.65;65.48;4.40;369;0;116.00;18
70;0;23441519;70;72;439;457;10.58;0.65;66.21;4.39;369;0;117.00;18
71;0;23441523;71;65;439;457;10.66;0.65;66.89;4.39;368;0;118.00;18
71;0;23441528;71;67;439;457;10.80;0.66;66.89;4.39;368;0;119.00;18
72;0;23441535;72;69;443;462;10.98;0.67;67.61;4.35;371;0;120.00;19
72;0;23441541;72;70;443;462;11.15;0.68;67.61;4.35;371;0;121.00;19
73;0;23441546;73;69;444;462;11.11;0.68;68.33;4.61;371;0;122.00;18
75;0;23441551;75;71;447;463;11.08;0.68;69.03;4.81;372;0;123.00;16
76;0;23441557;76;73;452;467;11.06;0.68;69.75;5.04;376;0;124.00;15
78;0;23441562;78;75;453;467;11.12;0.68;71.09;5.15;375;0;125.00;14
79;0;23441569;79;77;456;470;11.29;0.69;71.76;5.23;377;0;126.00;14
82;0;23441574;82;76;458;470;11.45;0.70;73.68;5.49;376;0;127.00;12
84;0;23441580;84;79;460;470;11.49;0.70;74.95;5.71;376;0;128.00;10
84;0;23441586;84;79;461;470;11.49;0.70;74.95;5.87;377;0;129.00;9
85;0;23441591;85;81;466;474;11.60;0.70;75.60;5.97;381;0;130.00;8
87;0;23441597;87;83;467;474;11.64;0.71;76.62;6.00;380;0;131.00;7
87;0;23441603;87;84;469;474;11.61;0.71;76.62;6.16;382;0;132.00;5
89;0;23441608;89;87;469;474;11.51;0.70;77.56;6.16;380;0;133.00;5
91;0;23441614;91;89;471;475;11.50;0.70;78.25;6.26;380;0;134.00;4
93;0;23441620;93;89;473;477;11.42;0.70;78.70;6.24;380;0;135.00;4
94;0;23441626;94;90;474;477;11.43;0.70;79.31;6.36;380;0;136.00;3
95;0;23441631;95;93;476;478;11.39;0.69;79.87;6.42;381;0;137.00;2
96;0;23441637;96;96;476;478;11.34;0.69;79.73;6.42;380;0;138.00;2
97;0;23441642;97;99;477;478;11.28;0.69;80.33;6.50;380;0;139.00;1
99;0;23441647;99;103;477;478;11.39;0.69;80.32;6.50;378;0;140.00;1
100;0;23441653;100;101;477;478;11.39;0.69;80.57;6.50;377;0;141.00;1
101;0;23441658;101;99;478;478;11.45;0.70;81.18;6.53;377;0;142.00;0
102;0;23441664;102;100;478;478;11.54;0.71;80.73;6.53;376;0;143.00;0
105;0;23441669;105;121;555;605;11.13;0.70;82.00;5.63;450;0;144.00;50
106;0;23441685;106;113;560;606;11.18;0.70;82.59;5.59;454;0;145.00;46
108;0;23441692;108;107;567;606;11.22;0.70;83.71;5.54;459;0;146.00;39
108;0;23441698;108;109;568;606;11.19;0.70;83.71;5.54;460;0;147.00;38
109;0;23441704;109;107;574;606;11.18;0.70;84.30;5.52;465;0;148.00;32
109;0;23441709;109;106;574;606;11.17;0.70;84.30;5.52;465;0;149.00;32
109;0;23441717;109;107;579;611;10.99;0.69;84.30;5.51;470;0;150.00;32
110;0;23441724;110;104;581;611;10.94;0.68;84.24;5.51;471;0;151.00;30
112;0;23441731;112;110;583;612;10.88;0.68;85.38;5.52;471;0;152.00;29
114;0;23441738;114;115;587;613;10.83;0.68;86.53;5.54;473;0;153.00;26
115;0;23441743;115;110;589;613;10.78;0.67;86.07;5.56;474;0;154.00;24
115;0;23441755;115;116;592;614;10.72;0.67;86.07;5.57;477;0;155.00;22
122;0;23441762;122;117;597;614;10.52;0.65;87.95;5.60;475;0;156.00;17
123;0;23441774;123;119;599;614;10.45;0.65;88.51;5.63;476;0;157.00;15
124;0;23441780;124;124;600;614;10.45;0.65;88.94;5.64;476;0;158.00;14
126;0;23441788;126;130;604;618;10.39;0.65;88.89;5.63;478;0;159.00;14
128;0;23441795;128;136;606;618;10.31;0.64;89.61;5.67;478;0;160.00;12
131;0;23441801;131;141;608;618;10.31;0.64;90.79;5.71;477;0;161.00;10
132;0;23441807;132;147;611;621;10.25;0.63;91.31;5.73;479;0;162.00;10
133;0;23441819;133;154;612;621;10.24;0.63;91.85;5.72;479;0;163.00;9
138;0;23441824;138;156;615;621;10.22;0.63;93.45;5.76;477;0;164.00;6
141;0;23441831;141;161;618;625;10.03;0.62;94.84;5.74;477;0;165.00;7
141;0;23441837;141;160;619;626;9.99;0.62;94.84;5.73;478;0;166.00;7
143;0;23441843;143;160;621;626;9.96;0.61;94.80;5.77;478;0;167.00;5
144;0;23441850;144;159;626;630;9.92;0.61;95.26;5.74;482;0;168.00;4
150;0;23441858;150;158;626;630;9.85;0.61;97.39;5.74;476;0;169.00;4
150;0;23441865;150;156;627;630;9.84;0.61;97.39;5.77;477;0;170.00;3
152;0;23441872;152;157;628;631;9.71;0.60;97.88;5.76;476;0;171.00;3
152;0;23441878;152;158;629;631;9.58;0.59;97.88;5.80;477;0;172.00;2
154;0;23441884;154;156;635;637;9.56;0.59;97.93;5.75;481;0;173.00;2
155;0;23441890;155;160;635;637;9.40;0.58;98.32;5.75;480;0;174.00;2
156;0;23441895;156;150;636;638;9.30;0.58;98.81;5.74;480;0;175.00;2
157;0;23441901;157;144;636;638;9.17;0.57;99.25;5.74;479;0;176.00;2
159;0;23441907;159;139;636;638;9.17;0.57;99.94;5.74;477;0;177.00;2
162;0;23441913;162;135;636;638;9.19;0.57;99.43;5.74;474;0;178.00;2
163;0;23441919;163;138;636;638;9.20;0.57;99.75;5.74;473;0;179.00;2
163;0;23441926;163;140;666;672;9.34;0.58;99.75;5.48;503;0;180.00;6
163;0;23441935;163;138;668;672;9.37;0.58;99.75;5.54;505;0;181.00;4
164;0;23441941;164;130;671;672;9.46;0.59;99.70;5.52;507;0;182.00;1
165;0;23441946;165;132;671;672;9.54;0.59;99.72;5.52;506;0;183.00;1
167;0;23441952;167;131;672;672;9.56;0.59;100.19;5.52;505;0;184.00;0
168;0;23441958;168;125;672;672;9.60;0.59;100.68;5.52;504;0;185.00;0
168;0;23441964;168;120;676;676;9.60;0.59;100.68;5.50;508;0;186.00;0
168;0;23441971;168;121;676;676;9.56;0.59;100.68;5.50;508;0;187.00;0
170;0;23441977;170;124;680;680;9.52;0.58;101.35;5.47;510;0;188.00;0
171;0;23441984;171;128;681;681;9.49;0.58;101.35;5.46;510;0;189.00;0
172;0;23441990;172;138;681;681;9.48;0.58;101.59;5.46;509;0;190.00;0
174;0;23441996;174;144;681;681;9.42;0.58;101.40;5.46;507;0;191.00;0
175;0;23442003;175;150;694;694;9.56;0.59;101.63;5.36;519;0;192.00;0
176;0;23442010;176;147;694;694;9.50;0.58;101.35;5.36;518;0;193.00;0
179;0;23442019;179;152;694;694;9.38;0.57;101.67;5.36;515;0;194.00;0
181;0;23442025;181;158;695;695;9.29;0.57;102.30;5.35;514;0;195.00;0
182;0;23442031;182;162;696;696;9.20;0.56;102.42;5.35;514;0;196.00;0
186;0;23442038;186;165;696;696;9.05;0.55;102.15;5.35;510;0;197.00;0
188;0;23442044;188;172;698;699;9.05;0.55;102.40;5.33;510;0;198.00;1
189;0;23442051;189;181;698;699;9.00;0.55;102.91;5.33;509;0;199.00;1
193;0;23442058;193;185;699;699;8.92;0.55;103.13;5.33;506;0;200.00;0
196;0;23442068;196;189;699;699;8.68;0.53;102.95;5.33;503;0;201.00;0
198;0;23442075;198;194;705;705;8.51;0.52;103.21;5.29;507;0;202.00;0
200;0;23442082;200;195;705;705;8.41;0.52;102.77;5.29;505;0;203.00;0
201;0;23442089;201;200;705;705;8.26;0.51;102.55;5.29;504;0;204.00;0
202;0;23442095;202;206;705;705;8.11;0.50;102.16;5.29;503;0;205.00;0
204;0;23442101;204;214;709;709;8.08;0.50;102.96;5.27;505;0;206.00;0
205;0;23442107;205;217;710;710;8.04;0.50;102.96;5.26;505;0;207.00;0
206;0;23442113;206;225;710;710;8.01;0.49;103.35;5.26;504;0;208.00;0
207;0;23442119;207;226;711;711;7.90;0.49;103.17;5.25;504;0;209.00;0
210;0;23442126;210;233;711;711;7.76;0.48;103.30;5.25;501;0;210.00;0
213;0;23442132;213;232;711;711;7.60;0.47;102.95;5.25;498;0;211.00;0
215;0;23442139;215;239;711;711;7.51;0.46;103.08;5.25;496;0;212.00;0
217;0;23442145;217;239;711;711;7.35;0.45;102.35;5.25;494;0;213.00;0
220;0;23442151;220;243;711;711;7.19;0.44;103.03;5.25;491;0;214.00;0
222;0;23442157;222;247;711;711;7.09;0.44;103.45;5.25;489;0;215.00;0
223;0;23442162;223;263;753;781;7.36;0.46;103.94;4.96;530;0;216.00;28
223;0;23442173;223;257;755;782;7.33;0.45;103.94;4.95;532;0;217.00;27
224;0;23442180;224;260;761;782;7.37;0.46;104.45;4.93;537;0;218.00;21
226;0;23442186;226;260;762;782;7.33;0.45;105.01;4.92;536;0;219.00;20
227;0;23442191;227;263;766;782;7.36;0.45;105.49;4.92;539;0;220.00;16
231;0;23442197;231;264;766;782;7.27;0.45;106.55;4.92;535;0;221.00;16
232;0;23442204;232;255;769;782;7.24;0.45;106.43;4.92;537;0;222.00;13
232;0;23442210;232;253;772;782;7.20;0.44;106.43;4.93;540;0;223.00;10
233;0;23442215;233;234;774;783;7.23;0.45;106.67;4.94;541;0;224.00;9
234;0;23442222;234;226;777;785;7.24;0.45;106.78;4.94;543;0;225.00;8
235;0;23442228;235;226;780;785;7.38;0.45;106.67;4.96;545;0;226.00;5
237;0;23442235;237;225;787;789;7.50;0.46;107.67;4.95;550;0;227.00;2
240;0;23442242;240;220;789;789;7.68;0.47;107.91;4.96;549;0;228.00;0
240;0;23442249;240;224;789;789;7.87;0.48;107.91;4.96;549;0;229.00;0
240;0;23442256;240;223;789;789;8.02;0.49;107.91;4.96;549;0;230.00;0
241;0;23442268;241;207;795;795;8.28;0.51;108.39;4.93;554;0;231.00;0
244;0;23442275;244;201;795;795;8.56;0.52;109.36;4.93;551;0;232.00;0
247;0;23442283;247;187;795;795;8.74;0.53;110.14;4.93;548;0;233.00;0
249;0;23442290;249;175;797;798;8.97;0.55;110.71;4.92;548;0;234.00;1
249;0;23442298;249;169;797;798;9.14;0.56;110.71;4.92;548;0;235.00;1
250;0;23442305;250;159;798;798;9.30;0.57;111.02;4.92;548;0;236.00;0
252;0;23442312;252;156;799;799;9.40;0.57;111.50;4.91;547;0;237.00;0
254;0;23442320;254;152;800;800;9.44;0.58;110.94;4.91;546;0;238.00;0
255;0;23442327;255;149;800;800;9.57;0.59;111.44;4.91;545;0;239.00;0
256;0;23442336;256;157;824;826;9.66;0.59;111.38;4.76;568;0;240.00;2
256;0;23442345;256;148;825;826;9.78;0.60;111.38;4.76;569;0;241.00;1
259;0;23442358;259;137;826;826;9.89;0.61;111.64;4.76;567;0;242.00;0
261;0;23442365;261;127;827;827;10.07;0.62;111.68;4.75;566;0;243.00;0
264;0;23442373;264;121;827;827;10.17;0.62;112.35;4.75;563;0;244.00;0
266;0;23442380;266;118;831;831;10.19;0.62;113.12;4.73;565;0;245.00;0
268;0;23442389;268;117;831;831;10.13;0.62;113.04;4.73;563;0;246.00;0
271;0;23442396;271;116;835;835;10.05;0.61;114.20;4.71;564;0;247.00;0
273;0;23442403;273;118;835;835;10.06;0.61;115.15;4.71;562;0;248.00;0
275;0;23442410;275;114;835;835;10.07;0.62;115.63;4.71;560;0;249.00;0
278;0;23442417;278;114;835;835;10.10;0.62;115.94;4.71;557;0;250.00;0
282;0;23442423;282;110;835;835;10.11;0.62;117.23;4.71;553;0;251.00;0
283;0;23442430;283;113;845;847;10.13;0.62;117.33;4.66;562;0;252.00;2
287;0;23442437;287;117;845;847;10.19;0.62;117.75;4.66;558;0;253.00;2
289;0;23442444;289;120;847;847;10.25;0.63;117.70;4.65;558;0;254.00;0
292;0;23442451;292;123;847;847;10.32;0.63;118.98;4.65;555;0;255.00;0
292;0;23442458;292;124;847;847;10.36;0.63;118.98;4.65;555;0;256.00;0
293;0;23442464;293;126;847;847;10.39;0.63;118.96;4.65;554;0;257.00;0
297;0;23442471;297;131;848;848;10.32;0.63;120.00;4.65;551;0;258.00;0
299;0;23442478;299;134;848;848;10.19;0.62;120.20;4.65;549;0;259.00;0
301;0;23442485;301;140;854;854;10.02;0.61;120.15;4.62;553;0;260.00;0
302;0;23442497;302;139;855;855;9.89;0.60;120.59;4.62;553;0;261.00;0
302;0;23442503;302;142;855;855;9.78;0.59;120.59;4.62;553;0;262.00;0
303;0;23442509;303;145;855;855;9.71;0.59;120.65;4.62;552;0;263.00;0
305;0;23442516;305;148;859;859;9.65;0.58;120.53;4.59;554;0;264.00;0
306;0;23442522;306;145;859;859;9.63;0.58;120.96;4.59;553;0;265.00;0
308;0;23442528;308;145;859;859;9.65;0.59;121.11;4.59;551;0;266.00;0
309;0;23442534;309;146;860;860;9.70;0.59;121.12;4.59;551;0;267.00;0
309;0;23442541;309;145;864;864;9.71;0.59;121.12;4.57;555;0;268.00;0
310;0;23442547;310;138;864;864;9.67;0.59;121.36;4.57;554;0;269.00;0
312;0;23442555;312;137;868;870;9.78;0.59;121.94;4.55;556;0;270.00;2
312;0;23442561;312;136;868;870;9.89;0.60;121.94;4.55;556;0;271.00;2
316;0;23442568;316;136;870;870;9.97;0.60;122.53;4.55;554;0;272.00;0
318;0;23442574;318;137;870;870;10.04;0.61;123.03;4.55;552;0;273.00;0
323;0;23442580;323;136;874;874;10.09;0.61;124.38;4.53;551;0;274.00;0
325;0;23442586;325;131;874;874;10.14;0.61;124.91;4.53;549;0;275.00;0
327;0;23442592;327;130;874;874;10.12;0.61;124.78;4.53;547;0;276.00;0
329;0;23442599;329;127;874;874;10.07;0.61;125.22;4.53;545;0;277.00;0
331;0;23442606;331;127;875;875;9.99;0.60;125.04;4.53;544;0;278.00;0
333;0;23442612;333;121;876;876;9.95;0.60;125.18;4.52;543;0;279.00;0
335;0;23442619;335;115;876;876;9.91;0.60;125.24;4.52;541;0;280.00;0
338;0;23442624;338;113;877;877;9.91;0.60;125.21;4.52;539;0;281.00;0
340;0;23442631;340;103;877;877;9.89;0.60;125.28;4.52;537;0;282.00;0
340;0;23442637;340;99;877;877;10.02;0.61;125.28;4.52;537;0;283.00;0
340;0;23442643;340;96;877;877;10.13;0.62;125.28;4.52;537;0;284.00;0
341;0;23442649;341;93;877;877;10.27;0.63;125.33;4.52;536;0;285.00;0
343;0;23442656;343;90;877;877;10.44;0.64;125.53;4.52;534;0;286.00;0
344;0;23442662;344;88;877;877;10.55;0.64;125.79;4.52;533;0;287.00;0
348;0;23442668;348;102;945;1004;10.29;0.64;126.24;4.20;597;0;288.00;59
350;0;23442686;350;90;947;1005;10.37;0.64;126.66;4.19;597;0;289.00;58
351;0;23442693;351;84;954;1005;10.45;0.65;127.11;4.17;603;0;290.00;51
352;0;23442701;352;88;958;1005;10.49;0.65;126.96;4.17;606;0;291.00;47
355;0;23442708;355;84;964;1005;10.59;0.65;127.10;4.17;609;0;292.00;41
355;0;23442715;355;85;966;1005;10.68;0.66;127.10;4.17;611;0;293.00;39
357;0;23442722;357;78;969;1005;10.74;0.66;126.66;4.17;612;0;294.00;36
358;0;23442729;358;81;972;1005;10.84;0.67;127.10;4.18;614;0;295.00;33
358;0;23442737;358;85;973;1006;10.90;0.67;127.10;4.19;615;0;296.00;33
362;0;23442744;362;83;981;1007;10.95;0.67;126.86;4.23;619;0;297.00;26
363;0;23442753;363;82;983;1007;11.06;0.68;127.11;4.24;620;0;298.00;24
363;0;23442760;363;79;986;1008;11.12;0.68;127.11;4.26;623;0;299.00;22
368;0;23442771;368;84;988;1014;11.04;0.67;127.14;4.25;620;0;300.00;26
370;0;23442784;370;87;994;1014;10.88;0.66;127.36;4.30;624;0;301.00;20
371;0;23442793;371;91;995;1014;10.77;0.66;127.25;4.31;624;0;302.00;19
373;0;23442801;373;95;1000;1018;10.68;0.65;127.60;4.34;627;0;303.00;18
375;0;23442810;375;99;1002;1018;10.57;0.65;128.01;4.35;627;0;304.00;16
375;0;23442818;375;107;1004;1018;10.53;0.65;128.01;4.38;629;0;305.00;14
376;0;23442826;376;112;1009;1021;10.50;0.65;128.48;4.37;633;0;306.00;12
378;0;23442834;378;113;1011;1021;10.49;0.64;129.21;4.40;633;0;307.00;10
381;0;23442842;381;117;1013;1021;10.52;0.65;130.11;4.43;632;0;308.00;8
385;0;23442851;385;122;1017;1025;10.47;0.64;130.84;4.45;632;0;309.00;8
388;0;23442860;388;129;1020;1026;10.51;0.64;131.90;4.45;632;0;310.00;6
390;0;23442869;390;131;1021;1026;10.56;0.65;131.71;4.45;631;0;311.00;5
391;0;23442877;391;133;1026;1030;10.67;0.66;131.85;4.45;635;0;312.00;4
395;0;23442885;395;134;1027;1030;10.78;0.66;131.88;4.45;632;0;313.00;3
396;0;23442893;396;137;1027;1030;10.83;0.66;131.82;4.45;631;0;314.00;3
398;0;23442907;398;140;1030;1032;10.77;0.66;131.96;4.45;632;0;315.00;2
399;0;23442916;399;141;1030;1032;10.80;0.66;132.06;4.45;631;0;316.00;2
402;0;23442924;402;145;1036;1038;10.84;0.66;133.38;4.43;634;0;317.00;2
403;0;23442933;403;151;1036;1038;10.85;0.66;133.82;4.43;633;0;318.00;2
405;0;23442941;405;154;1037;1039;10.76;0.66;134.29;4.43;632;0;319.00;2
409;0;23442949;409;156;1037;1039;10.57;0.65;135.33;4.43;628;0;320.00;2
410;0;23442958;410;159;1037;1039;10.41;0.64;135.67;4.43;627;0;321.00;2
412;0;23442965;412;165;1037;1039;10.23;0.63;136.23;4.43;625;0;322.00;2
413;0;23442974;413;173;1037;1039;10.10;0.62;136.38;4.43;624;0;323.00;2
416;0;23442980;416;171;1048;1051;10.00;0.61;136.40;4.38;632;0;324.00;3
417;0;23442990;417;169;1048;1051;9.91;0.61;136.42;4.38;631;0;325.00;3
418;0;23442998;418;166;1049;1051;9.90;0.61;136.60;4.38;631;0;326.00;2
419;0;23443005;419;166;1049;1051;9.88;0.61;136.63;4.38;630;0;327.00;2
424;0;23443012;424;167;1049;1051;9.85;0.61;137.48;4.38;625;0;328.00;2
425;0;23443021;425;170;1049;1051;9.82;0.60;137.50;4.38;624;0;329.00;2
425;0;23443031;425;175;1054;1055;9.76;0.60;137.50;4.42;629;0;330.00;1
427;0;23443040;427;175;1054;1055;9.74;0.60;137.97;4.42;627;0;331.00;1
430;0;23443048;430;180;1059;1059;9.82;0.60;138.54;4.41;629;0;332.00;0
433;0;23443056;433;184;1060;1060;9.82;0.60;139.12;4.40;627;0;333.00;0
436;0;23443063;436;187;1060;1060;9.78;0.60;139.47;4.40;624;0;334.00;0
439;0;23443071;439;192;1060;1060;9.80;0.60;139.45;4.40;621;0;335.00;0
441;0;23443078;441;194;1073;1073;9.74;0.60;139.71;4.35;632;0;336.00;0
445;0;23443086;445;201;1073;1073;9.76;0.60;139.88;4.35;628;0;337.00;0
447;0;23443093;447;202;1073;1073;9.76;0.60;140.47;4.35;626;0;338.00;0
449;0;23443102;449;202;1074;1074;9.71;0.60;140.73;4.35;625;0;339.00;0
452;0;23443109;452;204;1075;1075;9.59;0.59;141.69;4.34;623;0;340.00;0
454;0;23443116;454;203;1075;1075;9.50;0.58;142.26;4.34;621;0;341.00;0
459;0;23443124;459;200;1078;1078;9.39;0.58;143.49;4.33;619;0;342.00;0
462;0;23443131;462;200;1078;1078;9.33;0.57;144.26;4.33;616;0;343.00;0
466;0;23443138;466;206;1078;1078;9.30;0.57;145.01;4.33;612;0;344.00;0
472;0;23443145;472;203;1078;1078;9.23;0.57;145.93;4.33;606;0;345.00;0
476;0;23443151;476;205;1084;1084;9.24;0.57;146.89;4.31;608;0;346.00;0
478;0;23443159;478;208;1084;1084;9.07;0.56;147.73;4.31;606;0;347.00;0
482;0;23443165;482;217;1084;1084;8.80;0.54;148.47;4.31;602;0;348.00;0
485;0;23443172;485;219;1084;1084;8.54;0.52;149.22;4.31;599;0;349.00;0
491;0;23443179;491;207;1088;1088;8.32;0.51;149.25;4.30;597;0;350.00;0
493;0;23443186;493;204;1089;1089;8.13;0.50;149.58;4.30;596;0;351.00;0
493;0;23443193;493;199;1089;1089;8.03;0.49;149.58;4.30;596;0;352.00;0
495;0;23443198;495;197;1090;1090;7.98;0.49;149.94;4.29;595;0;353.00;0
497;0;23443205;497;196;1090;1090;7.94;0.49;150.17;4.29;593;0;354.00;0
499;0;23443211;499;194;1090;1090;7.94;0.49;150.21;4.29;591;0;355.00;0
502;0;23443218;502;196;1090;1090;7.91;0.49;150.55;4.29;588;0;356.00;0
504;0;23443224;504;193;1090;1090;7.91;0.49;150.15;4.29;586;0;357.00;0
506;0;23443231;506;193;1090;1090;7.90;0.49;150.45;4.29;584;0;358.00;0
508;0;23443237;508;196;1090;1090;7.96;0.49;151.22;4.29;582;0;359.00;0
512;0;23443245;512;199;1155;1215;8.19;0.51;150.90;4.05;643;0;360.00;60
517;0;23443263;517;200;1162;1216;8.15;0.51;150.39;4.03;645;0;361.00;54
518;0;23443272;518;197;1175;1216;8.28;0.52;150.70;4.01;657;0;362.00;41
521;0;23443279;521;198;1180;1216;8.25;0.52;150.43;4.01;659;0;363.00;36
525;0;23443286;525;207;1184;1216;8.24;0.51;151.02;4.01;659;0;364.00;32
530;0;23443294;530;218;1190;1216;8.15;0.51;151.51;4.01;660;0;365.00;26
531;0;23443302;531;220;1193;1216;8.24;0.51;151.82;4.02;662;0;366.00;23
535;0;23443308;535;224;1197;1216;8.15;0.51;151.84;4.03;662;0;367.00;19
537;0;23443316;537;229;1201;1217;8.01;0.50;151.84;4.04;664;0;368.00;16
540;0;23443323;540;238;1207;1218;7.86;0.49;151.77;4.06;667;0;369.00;11
543;0;23443331;543;242;1210;1218;7.67;0.47;151.64;4.08;667;0;370.00;8
544;0;23443339;544;249;1216;1222;7.53;0.46;151.69;4.07;672;0;371.00;6
545;0;23443347;545;257;1219;1222;7.34;0.45;151.89;4.09;674;0;372.00;3
547;0;23443354;547;267;1219;1222;7.12;0.44;152.08;4.09;672;0;373.00;3
550;0;23443362;550;272;1219;1222;6.98;0.43;151.80;4.09;669;0;374.00;3
552;0;23443370;552;277;1226;1228;6.86;0.42;151.77;4.08;674;0;375.00;2
554;0;23443378;554;284;1226;1228;6.77;0.42;151.54;4.08;672;0;376.00;2
555;0;23443387;555;284;1227;1228;6.68;0.41;151.53;4.09;672;0;377.00;1
556;0;23443394;556;290;1230;1231;6.60;0.41;151.33;4.08;674;0;378.00;1
558;0;23443402;558;299;1230;1231;6.45;0.40;151.25;4.08;672;0;379.00;1
560;0;23443409;560;303;1230;1231;6.34;0.39;151.11;4.08;670;0;380.00;1
560;0;23443417;560;294;1231;1232;6.36;0.39;151.11;4.08;671;0;381.00;1
562;0;23443424;562;284;1232;1233;6.38;0.39;150.82;4.08;670;0;382.00;1
562;0;23443432;562;282;1233;1233;6.50;0.40;150.82;4.09;671;0;383.00;0
562;0;23443440;562;284;1246;1246;6.70;0.41;150.82;4.05;684;0;384.00;0
562;0;23443449;562;278;1246;1246;6.78;0.42;150.82;4.05;684;0;385.00;0
566;0;23443457;566;272;1246;1246;6.83;0.42;150.62;4.05;680;0;386.00;0
569;0;23443465;569;270;1247;1247;6.88;0.42;150.68;4.05;678;0;387.00;0
571;0;23443491;571;274;1247;1247;6.97;0.43;151.05;4.05;676;0;388.00;0
571;0;23443499;571;275;1251;1251;7.11;0.43;151.05;4.04;680;0;389.00;0
574;0;23443511;574;271;1251;1251;7.16;0.44;150.65;4.04;677;0;390.00;0
577;0;23443519;577;271;1255;1255;7.19;0.44;150.46;4.03;678;0;391.00;0
580;0;23443533;580;272;1255;1255;7.22;0.44;150.61;4.03;675;0;392.00;0
581;0;23443542;581;272;1255;1255;7.20;0.44;150.73;4.03;674;0;393.00;0
583;0;23443550;583;272;1255;1255;7.22;0.44;150.98;4.03;672;0;394.00;0
584;0;23443560;584;270;1255;1255;7.24;0.44;151.25;4.03;671;0;395.00;0
585;0;23443567;585;272;1265;1267;7.36;0.45;151.05;3.99;680;0;396.00;2
587;0;23443577;587;263;1265;1267;7.41;0.45;151.09;3.99;678;0;397.00;2
588;0;23443586;588;262;1267;1267;7.61;0.46;151.30;3.99;679;0;398.00;0
589;0;23443594;589;253;1267;1267;7.83;0.48;151.47;3.99;678;0;399.00;0
590;0;23443603;590;253;1267;1267;7.99;0.49;151.50;3.99;677;0;400.00;0
591;0;23443615;591;253;1267;1267;8.12;0.50;151.70;3.99;676;0;401.00;0
594;0;23443626;594;251;1268;1268;8.16;0.50;151.94;3.99;674;0;402.00;0
596;0;23443633;596;251;1268;1268;8.23;0.50;152.06;3.99;672;0;403.00;0
597;0;23443643;597;252;1274;1274;8.28;0.50;152.18;3.97;677;0;404.00;0
598;0;23443671;598;253;1276;1276;8.34;0.51;152.00;3.97;678;0;405.00;0
599;0;23443681;599;238;1276;1276;8.43;0.51;151.95;3.97;677;0;406.00;0
603;0;23443690;603;221;1276;1276;8.52;0.52;152.41;3.97;673;0;407.00;0
608;0;23443705;608;219;1280;1280;8.52;0.52;152.81;3.96;672;0;408.00;0
608;0;23443714;608;213;1280;1280;8.60;0.52;152.81;3.96;672;0;409.00;0
610;0;23443723;610;211;1280;1280;8.68;0.53;153.16;3.96;670;0;410.00;0
610;0;23443731;610;209;1281;1281;8.81;0.54;153.16;3.95;671;0;411.00;0
613;0;23443740;613;205;1285;1285;8.82;0.54;153.35;3.94;672;0;412.00;0
616;0;23443750;616;207;1285;1285;8.84;0.54;153.68;3.94;669;0;413.00;0
619;0;23443759;619;201;1287;1288;8.91;0.54;154.21;3.94;668;0;414.00;1
620;0;23443774;620;203;1287;1288;8.90;0.54;154.57;3.94;667;0;415.00;1
623;0;23443783;623;208;1288;1288;8.83;0.54;155.10;3.94;665;0;416.00;0
625;0;23443792;625;201;1288;1288;8.76;0.53;155.43;3.94;663;0;417.00;0
627;0;23443801;627;194;1292;1292;8.71;0.53;155.89;3.93;665;0;418.00;0
628;0;23443812;628;188;1292;1292;8.67;0.53;156.23;3.93;664;0;419.00;0
629;0;23443822;629;186;1292;1292;8.71;0.53;156.57;3.93;663;0;420.00;0
631;0;23443831;631;179;1292;1292;8.80;0.54;156.89;3.93;661;0;421.00;0
634;0;23443840;634;172;1293;1293;8.82;0.54;157.67;3.93;659;0;422.00;0
635;0;23443848;635;170;1294;1294;8.91;0.55;157.52;3.92;659;0;423.00;0
637;0;23443857;637;166;1294;1294;9.03;0.55;157.68;3.92;657;0;424.00;0
639;0;23443865;639;164;1295;1295;9.16;0.56;158.37;3.92;656;0;425.00;0
640;0;23443874;640;164;1295;1295;9.21;0.56;158.54;3.92;655;0;426.00;0
642;0;23443882;642;163;1295;1295;9.27;0.57;158.41;3.92;653;0;427.00;0
644;0;23443890;644;163;1295;1295;9.31;0.57;158.97;3.92;651;0;428.00;0
647;0;23443904;647;163;1295;1295;9.39;0.57;159.36;3.92;648;0;429.00;0
648;0;23443912;648;165;1295;1295;9.45;0.58;159.43;3.92;647;0;430.00;0
649;0;23443921;649;163;1295;1295;9.47;0.58;159.62;3.92;646;0;431.00;0
651;0;23443928;651;192;1375;1422;9.20;0.57;160.05;3.69;724;0;432.00;47
655;0;23443947;655;181;1376;1423;9.19;0.57;160.28;3.69;721;0;433.00;47
655;0;23443962;655;173;1380;1423;9.38;0.58;160.28;3.69;725;0;434.00;43
658;0;23443971;658;169;1380;1423;9.41;0.59;161.05;3.69;722;0;435.00;43
659;0;23443979;659;167;1384;1423;9.53;0.59;161.25;3.69;725;0;436.00;39
662;0;23443988;662;167;1384;1423;9.62;0.60;161.73;3.69;722;0;437.00;39
663;1;23443997;663;168;1386;1423;9.75;0.60;161.77;3.69;723;1;438.00;37
665;1;23444018;665;171;1388;1423;9.85;0.61;162.02;3.70;723;1;439.00;35
668;1;23444027;668;170;1389;1424;9.84;0.61;162.33;3.70;721;1;440.00;35
672;1;23444036;672;167;1394;1425;9.88;0.61;163.08;3.72;722;1;441.00;31
677;1;23444046;677;169;1395;1425;9.91;0.61;164.41;3.72;718;1;442.00;30
678;1;23444056;678;167;1397;1426;10.01;0.62;164.46;3.73;719;1;443.00;29
682;1;23444065;682;168;1402;1426;10.03;0.62;164.69;3.76;720;1;444.00;24
685;1;23444074;685;170;1405;1426;10.09;0.62;165.27;3.78;720;1;445.00;21
687;1;23444083;687;172;1408;1426;10.15;0.62;165.46;3.80;721;1;446.00;18
689;1;23444092;689;172;1412;1430;10.17;0.62;165.92;3.83;723;1;447.00;18
694;1;23444102;694;168;1415;1430;10.18;0.62;166.37;3.85;721;1;448.00;15
697;1;23444111;697;167;1417;1430;10.25;0.63;167.00;3.87;720;1;449.00;13
702;1;23444122;702;166;1421;1436;10.22;0.62;167.18;3.86;719;1;450.00;15
707;1;23444132;707;174;1422;1436;10.18;0.62;167.48;3.87;715;1;451.00;14
711;1;23444142;711;177;1424;1436;10.15;0.62;168.43;3.87;713;1;452.00;12
713;1;23444151;713;175;1427;1440;10.12;0.62;168.45;3.86;714;1;453.00;13
715;1;23444161;715;171;1431;1441;10.17;0.62;168.87;3.88;716;1;454.00;10
719;1;23444170;719;168;1432;1441;10.19;0.62;169.53;3.88;713;1;455.00;9
720;1;23444179;720;160;1435;1445;10.15;0.62;169.62;3.90;715;1;456.00;10
722;1;23444188;722;154;1436;1445;10.12;0.62;170.37;3.90;714;1;457.00;9
726;1;23444197;726;150;1439;1445;10.05;0.61;171.02;3.93;713;1;458.00;6
727;1;23444219;727;145;1440;1446;10.06;0.61;170.99;3.92;713;1;459.00;6
731;1;23444229;731;145;1440;1446;10.05;0.61;171.39;3.92;709;1;460.00;6
732;1;23444239;732;144;1444;1452;10.01;0.61;171.34;3.92;712;1;461.00;8
734;1;23444249;734;140;1444;1452;10.04;0.61;171.54;3.92;710;1;462.00;8
735;1;23444259;735;140;1444;1453;10.09;0.61;171.87;3.92;709;1;463.00;9
737;1;23444267;737;140;1444;1453;10.14;0.61;171.82;3.92;707;1;464.00;9
741;1;23444277;741;138;1444;1453;10.19;0.62;172.07;3.92;703;1;465.00;9
746;1;23444291;746;136;1444;1453;10.16;0.61;172.16;3.92;698;1;466.00;9
749;1;23444301;749;135;1444;1453;10.20;0.62;172.19;3.92;695;1;467.00;9
751;1;23444311;751;135;1454;1465;10.32;0.63;172.65;3.89;703;1;468.00;11
752;1;23444321;752;129;1454;1465;10.35;0.63;172.52;3.89;702;1;469.00;11
754;1;23444330;754;126;1455;1465;10.44;0.63;172.57;3.89;701;1;470.00;10
757;1;23444339;757;128;1455;1465;10.45;0.64;172.41;3.89;698;1;471.00;10
760;1;23444348;760;127;1455;1465;10.45;0.64;172.45;3.89;695;1;472.00;10
763;1;23444357;763;130;1455;1465;10.46;0.63;172.68;3.89;692;1;473.00;10
764;1;23444367;764;132;1458;1469;10.48;0.64;172.82;3.88;694;1;474.00;11
766;1;23444376;766;138;1458;1469;10.47;0.64;173.16;3.88;692;1;475.00;11
771;1;23444385;771;138;1463;1473;10.49;0.64;173.14;3.93;692;1;476.00;10
773;1;23444394;773;136;1464;1474;10.48;0.64;173.32;3.93;691;1;477.00;10
775;1;23444404;775;141;1464;1474;10.42;0.63;173.58;3.93;689;1;478.00;10
777;1;23444413;777;144;1466;1474;10.41;0.63;173.71;3.98;689;1;479.00;8
780;1;23444423;780;150;1490;1500;10.30;0.63;173.85;3.93;710;1;480.00;10
782;1;23444434;782;151;1490;1500;10.35;0.63;173.76;3.93;708;1;481.00;10
785;1;23444443;785;145;1494;1500;10.37;0.63;173.73;3.96;709;1;482.00;6
785;1;23444452;785;148;1495;1501;10.40;0.63;173.73;3.95;710;1;483.00;6
787;1;23444461;787;151;1496;1502;10.44;0.63;173.61;3.97;709;1;484.00;6
787;1;23444470;787;155;1496;1502;10.49;0.64;173.61;3.97;709;1;485.00;6
789;1;23444479;789;159;1499;1505;10.48;0.64;173.53;3.98;710;1;486.00;6
792;1;23444489;792;163;1499;1505;10.48;0.64;173.59;3.98;707;1;487.00;6
796;1;23444499;796;165;1500;1505;10.43;0.63;173.77;3.98;704;1;488.00;5
797;1;23444510;797;172;1500;1505;10.39;0.63;173.90;3.98;703;1;489.00;5
800;1;23444519;800;173;1508;1511;10.44;0.63;173.73;3.99;708;1;490.00;3
801;1;23444528;801;176;1510;1511;10.43;0.63;173.79;4.00;709;1;491.00;1
804;1;23444537;804;178;1511;1511;10.33;0.63;173.98;4.00;707;1;492.00;0
805;1;23444546;805;183;1511;1511;10.25;0.62;174.07;4.00;706;1;493.00;0
808;1;23444554;808;190;1515;1515;10.14;0.62;174.10;3.99;707;1;494.00;0
811;1;23444564;811;192;1517;1517;10.05;0.61;174.23;3.99;706;1;495.00;0
812;1;23444573;812;203;1517;1517;9.97;0.61;174.09;3.99;705;1;496.00;0
813;1;23444584;813;210;1518;1518;9.85;0.60;173.96;3.98;705;1;497.00;0
814;1;23444593;814;217;1518;1518;9.78;0.60;173.90;3.98;704;1;498.00;0
816;1;23444601;816;216;1518;1518;9.72;0.60;173.99;3.98;702;1;499.00;0
819;1;23444610;819;217;1518;1518;9.66;0.59;174.10;3.98;699;1;500.00;0
821;1;23444623;821;216;1518;1518;9.61;0.59;174.00;3.98;697;1;501.00;0
821;1;23444631;821;218;1518;1518;9.62;0.59;174.00;3.98;697;1;502.00;0
826;1;23444639;826;219;1518;1518;9.54;0.58;173.76;3.98;692;1;503.00;0
828;1;23444648;828;226;1557;1588;9.65;0.59;173.80;3.88;729;1;504.00;31
829;1;23444662;829;226;1560;1589;9.58;0.59;173.70;3.88;731;1;505.00;29
830;1;23444671;830;226;1569;1589;9.59;0.59;173.52;3.87;739;1;506.00;20
833;1;23444680;833;226;1570;1589;9.54;0.59;173.25;3.87;737;1;507.00;19
835;1;23444689;835;228;1574;1589;9.49;0.58;173.18;3.87;739;1;508.00;15
838;1;23444697;838;229;1577;1589;9.47;0.58;173.34;3.87;739;1;509.00;12
838;1;23444708;838;232;1580;1589;9.42;0.58;173.34;3.87;742;1;510.00;9
842;1;23444716;842;238;1583;1589;9.38;0.57;173.04;3.88;741;1;511.00;6
843;1;23444725;843;238;1586;1590;9.35;0.57;173.06;3.89;743;1;512.00;4
846;1;23444733;846;241;1587;1591;9.24;0.57;172.97;3.89;741;1;513.00;4
850;1;23444741;850;247;1590;1591;9.13;0.56;173.68;3.90;740;1;514.00;1
851;1;23444750;851;247;1595;1595;9.03;0.55;173.75;3.89;744;1;515.00;0
853;1;23444759;853;255;1595;1595;8.84;0.54;173.87;3.89;742;1;516.00;0
859;1;23444766;859;260;1595;1595;8.57;0.53;173.95;3.89;736;1;517.00;0
862;1;23444775;862;269;1595;1595;8.42;0.52;174.23;3.89;733;1;518.00;0
868;1;23444782;868;265;1601;1601;8.22;0.50;174.72;3.88;733;1;519.00;0
871;1;23444791;871;276;1601;1601;8.07;0.49;174.86;3.88;730;1;520.00;0
874;1;23444799;874;279;1601;1601;7.88;0.48;174.89;3.88;727;1;521.00;0
878;1;23444807;878;283;1604;1604;7.71;0.47;175.17;3.87;726;1;522.00;0
879;1;23444815;879;287;1604;1604;7.54;0.46;175.15;3.87;725;1;523.00;0
880;1;23444823;880;291;1604;1604;7.29;0.45;175.45;3.87;724;1;524.00;0
882;1;23444830;882;284;1604;1605;7.14;0.44;176.01;3.87;722;1;525.00;1
886;1;23444837;886;278;1606;1606;7.03;0.43;176.56;3.87;720;1;526.00;0
890;1;23444845;890;280;1606;1606;6.92;0.43;176.89;3.87;716;1;527.00;0
897;1;23444852;897;281;1619;1619;6.84;0.42;177.09;3.84;722;1;528.00;0
897;1;23444862;897;283;1619;1619;6.87;0.42;177.09;3.84;722;1;529.00;0
900;1;23444869;900;285;1619;1619;6.85;0.42;177.53;3.84;719;1;530.00;0
903;1;23444878;903;287;1620;1620;6.93;0.42;177.71;3.83;717;1;531.00;0
904;1;23444885;904;283;1620;1620;7.03;0.43;178.00;3.83;716;1;532.00;0
907;1;23444893;907;278;1624;1624;7.15;0.44;178.40;3.83;717;1;533.00;0
907;1;23444901;907;273;1624;1624;7.26;0.44;178.40;3.83;717;1;534.00;0
908;1;23444908;908;265;1628;1628;7.30;0.45;178.63;3.82;720;1;535.00;0
912;1;23444916;912;269;1628;1628;7.28;0.45;178.96;3.82;716;1;536.00;0
915;1;23444925;915;266;1628;1628;7.26;0.44;179.29;3.82;713;1;537.00;0
916;1;23444932;916;257;1628;1628;7.23;0.44;179.60;3.82;712;1;538.00;0
923;1;23444939;923;247;1628;1628;7.23;0.44;180.13;3.82;705;1;539.00;0
924;1;23444950;924;251;1659;1662;7.43;0.46;180.05;3.75;735;1;540.00;3
930;1;23444961;930;246;1659;1662;7.43;0.46;179.99;3.75;729;1;541.00;3
932;1;23444969;932;244;1661;1662;7.52;0.46;180.28;3.75;729;1;542.00;1
934;1;23444978;934;241;1661;1662;7.58;0.46;180.14;3.75;727;1;543.00;1
937;1;23444986;937;244;1662;1662;7.59;0.47;180.56;3.75;725;1;544.00;0
940;1;23445006;940;248;1662;1662;7.60;0.46;180.79;3.75;722;1;545.00;0
942;1;23445017;942;251;1663;1663;7.61;0.47;181.03;3.75;721;1;546.00;0
945;1;23445032;945;250;1663;1663;7.55;0.46;181.19;3.75;718;1;547.00;0
946;1;23445045;946;253;1668;1669;7.50;0.46;181.42;3.74;722;1;548.00;1
950;1;23445060;950;254;1670;1670;7.44;0.45;181.51;3.73;720;1;549.00;0
952;1;23445069;952;256;1670;1670;7.37;0.45;181.64;3.73;718;1;550.00;0
954;1;23445078;954;264;1670;1670;7.31;0.45;181.76;3.73;716;1;551.00;0
954;1;23445087;954;261;1674;1674;7.32;0.45;181.76;3.73;720;1;552.00;0
957;1;23445096;957;261;1674;1674;7.22;0.44;181.66;3.73;717;1;553.00;0
957;1;23445105;957;257;1674;1674;7.22;0.44;181.66;3.73;717;1;554.00;0
958;1;23445113;958;255;1675;1675;7.20;0.44;181.65;3.72;717;1;555.00;0
960;1;23445122;960;257;1679;1679;7.19;0.44;182.06;3.72;719;1;556.00;0
962;1;23445130;962;252;1679;1679;7.15;0.44;182.14;3.72;717;1;557.00;0
966;1;23445138;966;252;1681;1682;7.09;0.43;182.55;3.71;715;1;558.00;1
968;1;23445147;968;253;1681;1682;7.07;0.43;182.58;3.71;713;1;559.00;1
973;1;23445155;973;257;1682;1682;6.98;0.42;183.03;3.71;709;1;560.00;0
975;1;23445165;975;258;1682;1682;6.95;0.42;182.77;3.71;707;1;561.00;0
976;1;23445174;976;258;1686;1686;6.99;0.43;182.96;3.71;710;1;562.00;0
979;1;23445182;979;259;1686;1686;7.02;0.43;183.07;3.71;707;1;563.00;0
981;1;23445191;981;257;1686;1686;7.06;0.43;183.00;3.71;705;1;564.00;0
984;1;23445198;984;255;1686;1686;7.06;0.43;183.29;3.71;702;1;565.00;0
986;1;23445207;986;249;1687;1687;7.08;0.43;183.41;3.70;701;1;566.00;0
986;1;23445215;986;253;1688;1688;7.10;0.43;183.41;3.70;702;1;567.00;0
986;1;23445223;986;245;1688;1688;7.05;0.43;183.41;3.70;702;1;568.00;0
987;1;23445232;987;250;1689;1689;7.01;0.43;183.59;3.70;702;1;569.00;0
992;1;23445241;992;247;1689;1689;6.99;0.43;184.05;3.70;697;1;570.00;0
994;1;23445250;994;258;1689;1689;7.01;0.43;184.19;3.70;695;1;571.00;0
998;1;23445259;998;247;1689;1689;7.01;0.43;184.54;3.70;691;1;572.00;0
1002;1;23445268;1002;247;1689;1689;7.08;0.43;184.67;3.70;687;1;573.00;0
1003;1;23445276;1003;239;1689;1689;7.18;0.44;184.69;3.70;686;1;574.00;0
1007;1;23445284;1007;237;1689;1689;7.24;0.44;184.80;3.70;682;1;575.00;0
1009;1;23445293;1009;260;1770;1816;7.60;0.47;185.11;3.53;761;1;576.00;46
1011;1;23445312;1011;249;1774;1817;7.68;0.47;185.38;3.53;763;1;577.00;43
1013;1;23445321;1013;243;1782;1817;7.86;0.49;185.83;3.52;769;1;578.00;35
1015;1;23445330;1015;236;1785;1817;7.94;0.49;186.12;3.52;770;1;579.00;32
1016;1;23445338;1016;235;1789;1817;8.02;0.49;186.21;3.52;773;1;580.00;28
1021;1;23445348;1021;224;1790;1817;7.99;0.49;186.43;3.52;769;1;581.00;27
1023;1;23445362;1023;216;1792;1817;7.98;0.49;187.02;3.52;769;1;582.00;25
1024;1;23445371;1024;210;1794;1817;8.04;0.49;187.11;3.53;770;1;583.00;23
1026;1;23445381;1026;208;1797;1818;8.06;0.49;187.26;3.53;771;1;584.00;21
1028;1;23445391;1028;216;1803;1820;8.03;0.49;187.61;3.55;775;1;585.00;17
1031;1;23445402;1031;225;1806;1820;8.01;0.49;187.89;3.56;775;1;586.00;14
1034;1;23445412;1034;230;1810;1821;8.02;0.49;188.39;3.57;776;1;587.00;11
1036;1;23445422;1036;231;1811;1821;8.09;0.49;188.85;3.57;775;1;588.00;10
1040;1;23445432;1040;239;1814;1821;8.13;0.50;189.44;3.59;774;1;589.00;7
1044;1;23445442;1044;248;1816;1821;8.17;0.50;189.91;3.60;772;1;590.00;5
1047;1;23445452;1047;254;1821;1825;8.20;0.50;190.31;3.60;774;1;591.00;4
1048;1;23445463;1048;247;1821;1825;8.23;0.50;190.63;3.60;773;1;592.00;4
1049;1;23445472;1049;253;1821;1825;8.33;0.51;190.63;3.60;772;1;593.00;4
1049;1;23445482;1049;250;1823;1828;8.39;0.51;190.63;3.59;774;1;594.00;5
1051;1;23445493;1051;244;1825;1828;8.38;0.51;190.83;3.61;774;1;595.00;3
1053;1;23445502;1053;245;1827;1828;8.29;0.51;191.08;3.62;774;1;596.00;1
1058;1;23445512;1058;244;1831;1832;8.21;0.50;191.39;3.62;773;1;597.00;1
1059;1;23445523;1059;240;1833;1833;8.24;0.50;191.59;3.62;774;1;598.00;0
1059;1;23445532;1059;236;1833;1833;8.30;0.51;191.59;3.62;774;1;599.00;0
1059;1;23445544;1059;239;1844;1859;8.28;0.51;191.59;3.60;785;1;600.00;15
1062;1;23445560;1062;230;1846;1859;8.34;0.51;191.84;3.59;784;1;601.00;13
1066;1;23445570;1066;225;1846;1859;8.40;0.51;192.09;3.59;780;1;602.00;13
1070;1;23445580;1070;219;1847;1860;8.44;0.51;192.34;3.59;777;1;603.00;13
1075;1;23445589;1075;223;1848;1860;8.49;0.52;193.02;3.59;773;1;604.00;12
1077;1;23445599;1077;220;1852;1866;8.56;0.52;192.94;3.59;775;1;605.00;14
1079;1;23445611;1079;219;1854;1866;8.66;0.53;193.36;3.59;775;1;606.00;12
1080;1;23445621;1080;219;1856;1867;8.75;0.53;193.54;3.59;776;1;607.00;11
1084;1;23445636;1084;217;1856;1867;8.81;0.54;193.96;3.59;772;1;608.00;11
1087;1;23445646;1087;223;1857;1867;8.83;0.54;194.05;3.59;770;1;609.00;10
1088;1;23445655;1088;227;1857;1867;8.88;0.54;194.16;3.59;769;1;610.00;10
1089;1;23445665;1089;223;1857;1867;8.93;0.54;194.27;3.59;768;1;611.00;10
1089;1;23445675;1089;233;1867;1879;9.05;0.55;194.27;3.58;778;1;612.00;12
1090;1;23445686;1090;237;1869;1879;9.06;0.55;194.32;3.58;779;1;613.00;10
1094;1;23445696;1094;236;1869;1879;9.10;0.55;194.63;3.58;775;1;614.00;10
1095;1;23445706;1095;232;1869;1879;9.12;0.55;194.49;3.58;774;1;615.00;10
1096;1;23445716;1096;230;1869;1879;9.15;0.55;194.39;3.58;773;1;616.00;10
1096;1;23445726;1096;221;1869;1879;9.23;0.56;194.39;3.58;773;1;617.00;10
1097;1;23445735;1097;221;1873;1883;9.29;0.56;194.63;3.58;776;1;618.00;10
1100;1;23445746;1100;213;1873;1883;9.35;0.57;194.82;3.58;773;1;619.00;10
1101;1;23445755;1101;215;1877;1887;9.40;0.57;194.83;3.58;776;1;620.00;10
1103;1;23445771;1103;210;1878;1888;9.46;0.57;194.98;3.58;775;1;621.00;10
1103;1;23445782;1103;211;1878;1888;9.45;0.57;194.98;3.58;775;1;622.00;10
1105;1;23445791;1105;208;1878;1888;9.48;0.58;195.29;3.58;773;1;623.00;10
1109;1;23445801;1109;212;1889;1901;9.46;0.57;195.68;3.57;780;1;624.00;12
1113;1;23445813;1113;207;1889;1901;9.46;0.57;196.59;3.57;776;1;625.00;12
1118;1;23445823;1118;205;1889;1901;9.37;0.57;196.86;3.57;771;1;626.00;12
1120;1;23445833;1120;202;1890;1902;9.42;0.57;197.39;3.57;770;1;627.00;12
1125;1;23445848;1125;206;1890;1903;9.42;0.57;197.80;3.57;765;1;628.00;13
1127;1;23445857;1127;205;1892;1903;9.42;0.57;198.17;3.59;765;1;629.00;11
1131;1;23445873;1131;198;1898;1909;9.43;0.57;198.75;3.60;767;1;630.00;11
1136;1;23445883;1136;191;1900;1909;9.44;0.57;199.40;3.60;764;1;631.00;9
1137;1;23445893;1137;184;1901;1909;9.44;0.57;199.67;3.60;764;1;632.00;8
1143;1;23445902;1143;178;1901;1909;9.37;0.57;199.91;3.60;758;1;633.00;8
1146;1;23445912;1146;179;1906;1915;9.32;0.57;200.35;3.59;760;1;634.00;9
1148;1;23445922;1148;175;1906;1915;9.33;0.57;200.42;3.59;758;1;635.00;9
1151;1;23445931;1151;175;1906;1915;9.29;0.56;200.76;3.59;755;1;636.00;9
1152;1;23445946;1152;170;1906;1915;9.27;0.56;200.98;3.59;754;1;637.00;9
1153;1;23445955;1153;165;1909;1919;9.28;0.56;201.10;3.59;756;1;638.00;10
1156;1;23445965;1156;162;1910;1920;9.29;0.56;201.22;3.59;754;1;639.00;10
1160;1;23445975;1160;165;1910;1920;9.27;0.56;201.35;3.59;750;1;640.00;10
1161;1;23445984;1161;163;1911;1921;9.24;0.56;201.61;3.58;750;1;641.00;10
1164;1;23445993;1164;163;1911;1921;9.17;0.56;201.57;3.58;747;1;642.00;10
1164;1;23446002;1164;164;1911;1921;9.17;0.56;201.57;3.58;747;1;643.00;10
1166;1;23446012;1166;173;1911;1921;9.09;0.55;201.95;3.58;745;1;644.00;10
1168;1;23446022;1168;171;1911;1921;9.09;0.55;202.22;3.58;743;1;645.00;10
1172;1;23446031;1172;169;1911;1921;9.04;0.55;202.69;3.58;739;1;646.00;10
1174;1;23446039;1174;173;1911;1921;8.95;0.54;202.91;3.58;737;1;647.00;10
1175;1;23446049;1175;182;1946;1991;9.01;0.55;203.09;3.54;771;1;648.00;45
1179;2;23446063;1179;178;1948;1992;8.97;0.55;203.39;3.54;769;2;649.00;44
1180;2;23446086;1180;178;1954;1992;9.02;0.55;203.33;3.54;774;2;650.00;38
1186;2;23446096;1186;176;1959;1992;8.97;0.55;203.46;3.54;773;2;651.00;33
1189;2;23446105;1189;181;1962;1992;8.98;0.55;203.26;3.54;773;2;652.00;30
1189;2;23446116;1189;184;1966;1992;9.03;0.55;203.26;3.54;777;2;653.00;26
1191;2;23446125;1191;187;1970;1992;9.05;0.55;203.16;3.57;779;2;654.00;22
1194;2;23446134;1194;189;1975;1992;9.07;0.55;203.31;3.59;781;2;655.00;17
1194;2;23446143;1194;193;1978;1993;9.02;0.55;203.31;3.61;784;2;656.00;15
1195;2;23446152;1195;195;1982;1994;9.00;0.55;203.19;3.61;787;2;657.00;12
1198;2;23446161;1198;196;1982;1994;8.93;0.54;202.96;3.61;784;2;658.00;12
1199;2;23446171;1199;199;1987;1998;8.81;0.54;203.03;3.65;788;2;659.00;11
1201;2;23446182;1201;203;1988;1998;8.72;0.53;203.04;3.65;787;2;660.00;10
1201;2;23446191;1201;213;1988;1998;8.67;0.53;203.04;3.65;787;2;661.00;10
1206;2;23446201;1206;219;1989;1998;8.58;0.52;202.83;3.67;783;2;662.00;9
1206;2;23446210;1206;223;1996;2004;8.57;0.52;202.83;3.69;790;2;663.00;8
1210;2;23446219;1210;235;1998;2004;8.48;0.52;202.66;3.70;788;2;664.00;6
1212;2;23446230;1212;240;2000;2004;8.45;0.52;202.58;3.73;788;2;665.00;4
1213;2;23446239;1213;246;2003;2007;8.42;0.52;202.54;3.74;790;2;666.00;4
1213;2;23446248;1213;254;2004;2007;8.40;0.51;202.54;3.75;791;2;667.00;3
1213;2;23446257;1213;258;2007;2007;8.29;0.51;202.54;3.76;794;2;668.00;0
1214;2;23446266;1214;263;2007;2008;8.14;0.50;202.61;3.76;793;2;669.00;1
1217;2;23446275;1217;265;2009;2009;8.08;0.50;202.44;3.75;792;2;670.00;0
1219;2;23446284;1219;272;2009;2009;7.98;0.49;202.33;3.75;790;2;671.00;0
1219;2;23446293;1219;280;2022;2022;7.89;0.48;202.33;3.73;803;2;672.00;0
1221;2;23446302;1221;286;2022;2022;7.81;0.48;202.06;3.73;801;2;673.00;0
1222;2;23446311;1222;286;2022;2022;7.77;0.48;202.03;3.73;800;2;674.00;0
1226;2;23446319;1226;286;2024;2024;7.71;0.47;202.09;3.73;798;2;675.00;0
1226;2;23446329;1226;291;2024;2024;7.60;0.47;202.09;3.73;798;2;676.00;0
1230;2;23446337;1230;293;2028;2028;7.53;0.46;201.92;3.72;798;2;677.00;0
1232;2;23446346;1232;292;2028;2028;7.52;0.46;201.83;3.72;796;2;678.00;0
1235;2;23446354;1235;295;2032;2032;7.44;0.46;201.56;3.72;797;2;679.00;0
1238;2;23446364;1238;293;2032;2032;7.40;0.45;201.32;3.72;794;2;680.00;0
1240;2;23446372;1240;293;2032;2032;7.39;0.45;201.38;3.72;792;2;681.00;0
1243;2;23446380;1243;297;2032;2032;7.41;0.45;201.15;3.72;789;2;682.00;0
1246;2;23446389;1246;298;2032;2032;7.43;0.45;201.39;3.72;786;2;683.00;0
1250;2;23446397;1250;302;2043;2044;7.50;0.46;201.26;3.70;793;2;684.00;1
1252;2;23446407;1252;307;2043;2044;7.50;0.46;201.08;3.70;791;2;685.00;1
1255;2;23446415;1255;306;2044;2044;7.44;0.45;201.07;3.69;789;2;686.00;0
1258;2;23446425;1258;310;2044;2044;7.43;0.45;201.22;3.69;786;2;687.00;0
1261;2;23446434;1261;315;2044;2044;7.37;0.45;201.14;3.69;783;2;688.00;0
1263;2;23446443;1263;315;2044;2044;7.33;0.44;201.13;3.69;781;2;689.00;0
1265;2;23446454;1265;319;2045;2045;7.19;0.44;201.25;3.69;780;2;690.00;0
1265;2;23446463;1265;327;2045;2045;7.13;0.43;201.25;3.69;780;2;691.00;0
1268;2;23446472;1268;332;2051;2051;7.05;0.43;201.57;3.69;783;2;692.00;0
1269;2;23446481;1269;341;2052;2052;6.93;0.42;201.58;3.68;783;2;693.00;0
1272;2;23446489;1272;346;2052;2052;6.72;0.41;201.73;3.68;780;2;694.00;0
1275;2;23446496;1275;336;2052;2052;6.59;0.40;201.68;3.68;777;2;695.00;0
1277;2;23446509;1277;325;2056;2056;6.51;0.40;201.83;3.68;779;2;696.00;0
1281;2;23446519;1281;318;2056;2056;6.40;0.39;201.82;3.68;775;2;697.00;0
1284;2;23446528;1284;317;2056;2056;6.30;0.39;201.70;3.68;772;2;698.00;0
1286;2;23446537;1286;316;2057;2057;6.24;0.38;201.90;3.68;771;2;699.00;0
1286;2;23446546;1286;299;2061;2061;6.28;0.39;201.90;3.67;775;2;700.00;0
1288;2;23446559;1288;290;2061;2061;6.24;0.38;202.34;3.67;773;2;701.00;0
1292;2;23446568;1292;287;2063;2064;6.31;0.39;202.36;3.67;771;2;702.00;1
1294;2;23446576;1294;288;2063;2064;6.38;0.39;202.60;3.67;769;2;703.00;1
1298;2;23446584;1298;284;2064;2064;6.44;0.39;202.92;3.67;766;2;704.00;0
1301;2;23446592;1301;277;2064;2064;6.50;0.40;203.11;3.67;763;2;705.00;0
1302;3;23446601;1302;274;2068;2068;6.70;0.41;203.00;3.66;766;3;706.00;0
1303;3;23446620;1303;268;2068;2068;6.78;0.42;203.21;3.66;765;3;707.00;0
1306;3;23446630;1306;257;2068;2068;6.89;0.42;203.58;3.66;762;3;708.00;0
1307;3;23446645;1307;254;2068;2068;7.02;0.43;203.76;3.66;761;3;709.00;0
1311;3;23446654;1311;250;2069;2069;7.07;0.43;203.87;3.66;758;3;710.00;0
1314;3;23446663;1314;251;2070;2070;7.08;0.43;204.27;3.66;756;3;711.00;0
1316;3;23446672;1316;245;2070;2070;7.09;0.43;204.15;3.66;754;3;712.00;0
1317;3;23446681;1317;243;2071;2071;7.18;0.44;204.32;3.66;754;3;713.00;0
1322;3;23446689;1322;241;2071;2071;7.27;0.45;204.33;3.66;749;3;714.00;0
1325;3;23446698;1325;238;2071;2071;7.43;0.46;204.28;3.66;746;3;715.00;0
1329;3;23446706;1329;240;2071;2071;7.53;0.46;204.72;3.66;742;3;716.00;0
1331;3;23446716;1331;234;2071;2071;7.63;0.47;205.19;3.66;740;3;717.00;0
1334;3;23446725;1334;229;2071;2071;7.73;0.47;205.61;3.66;737;3;718.00;0
1338;3;23446734;1338;224;2071;2071;7.76;0.48;205.92;3.66;733;3;719.00;0
1343;3;23446744;1343;224;2161;2301;8.42;0.53;206.14;3.51;818;3;720.00;140
1351;3;23446773;1351;225;2182;2302;8.28;0.52;206.34;3.48;831;3;721.00;120
1355;3;23446785;1355;226;2199;2302;8.37;0.52;206.75;3.47;844;3;722.00;103
1363;3;23446795;1363;224;2213;2302;8.27;0.52;207.08;3.47;850;3;723.00;89
1367;3;23446806;1367;222;2222;2302;8.21;0.51;207.61;3.47;855;3;724.00;80
1370;3;23446816;1370;223;2228;2302;8.10;0.50;207.78;3.47;858;3;725.00;74
1374;3;23446826;1374;219;2237;2302;7.95;0.50;208.36;3.48;863;3;726.00;65
1378;3;23446836;1378;225;2246;2302;7.80;0.49;208.84;3.50;868;3;727.00;56
1382;3;23446845;1382;228;2253;2303;7.68;0.48;209.08;3.51;871;3;728.00;50
1387;3;23446856;1387;229;2258;2304;7.56;0.47;209.52;3.52;871;3;729.00;46
1391;3;23446867;1391;231;2265;2304;7.46;0.46;210.01;3.54;874;3;730.00;39
1395;3;23446878;1395;238;2269;2305;7.35;0.46;210.34;3.55;874;3;731.00;36
1401;3;23446888;1401;244;2271;2305;7.28;0.45;210.67;3.56;870;3;732.00;34
1403;3;23446899;1403;248;2276;2305;7.22;0.45;210.98;3.58;873;3;733.00;29
1404;3;23446909;1404;255;2278;2305;7.20;0.45;210.99;3.59;874;3;734.00;27
1409;3;23446920;1409;259;2283;2309;7.14;0.44;211.32;3.60;874;3;735.00;26
1413;3;23446931;1413;270;2284;2309;7.16;0.44;211.59;3.60;871;3;736.00;25
1418;3;23446941;1418;278;2285;2309;7.13;0.44;211.91;3.60;867;3;737.00;24
1420;3;23446953;1420;277;2286;2312;7.13;0.44;211.94;3.60;866;3;738.00;26
1423;3;23446964;1423;287;2289;2312;7.12;0.44;211.90;3.62;866;3;739.00;23
1423;3;23446975;1423;284;2289;2312;7.13;0.44;211.90;3.62;866;3;740.00;23
1425;3;23446990;1425;284;2295;2316;7.08;0.44;212.08;3.63;870;3;741.00;21
1429;3;23447007;1429;283;2296;2317;7.06;0.43;211.84;3.63;867;3;742.00;21
1431;3;23447024;1431;287;2298;2317;7.04;0.43;212.07;3.65;867;3;743.00;19
1432;3;23447034;1432;294;2301;2321;7.02;0.43;212.12;3.65;869;3;744.00;20
1436;3;23447045;1436;306;2302;2321;6.94;0.43;212.10;3.65;866;3;745.00;19
1437;3;23447055;1437;306;2305;2321;6.92;0.42;211.97;3.67;868;3;746.00;16
1441;3;23447068;1441;306;2305;2322;6.87;0.42;212.13;3.67;864;3;747.00;17
1442;3;23447083;1442;296;2306;2322;6.97;0.43;212.25;3.68;864;3;748.00;16
1443;3;23447101;1443;294;2313;2328;7.01;0.43;212.25;3.69;870;3;749.00;15
1443;3;23447114;1443;291;2314;2328;7.12;0.44;212.25;3.70;871;3;750.00;14
1445;3;23447125;1445;288;2315;2329;7.20;0.44;212.43;3.70;870;3;751.00;14
1446;3;23447135;1446;288;2317;2329;7.27;0.45;212.41;3.72;871;3;752.00;12
1450;3;23447145;1450;292;2318;2329;7.30;0.45;212.54;3.72;868;3;753.00;11
1453;3;23447157;1453;295;2318;2329;7.38;0.45;212.68;3.72;865;3;754.00;11
1454;3;23447168;1454;296;2318;2329;7.44;0.45;212.73;3.72;864;3;755.00;11
1455;3;23447185;1455;276;2330;2341;7.55;0.46;212.84;3.73;875;3;756.00;11
1458;3;23447197;1458;266;2332;2341;7.64;0.47;213.09;3.76;874;3;757.00;9
1463;3;23447209;1463;256;2333;2341;7.68;0.47;213.29;3.76;870;3;758.00;8
1464;3;23447220;1464;253;2335;2341;7.79;0.47;213.27;3.77;871;3;759.00;6
1466;3;23447236;1466;250;2335;2341;7.82;0.48;213.47;3.77;869;3;760.00;6
1469;3;23447248;1469;247;2336;2341;7.84;0.48;213.57;3.77;867;3;761.00;5
1473;3;23447259;1473;250;2340;2345;7.84;0.48;213.65;3.76;867;3;762.00;5
1474;3;23447271;1474;249;2340;2345;7.92;0.48;213.84;3.76;866;3;763.00;5
1474;3;23447282;1474;250;2344;2349;7.99;0.49;213.84;3.76;870;3;764.00;5
1475;3;23447293;1475;252;2346;2351;8.05;0.49;213.88;3.75;871;3;765.00;5
1476;3;23447304;1476;258;2346;2351;8.11;0.50;213.76;3.75;870;3;766.00;5
1477;3;23447316;1477;256;2346;2351;8.12;0.50;213.80;3.75;869;3;767.00;5
1481;3;23447327;1481;258;2356;2364;8.23;0.50;214.03;3.74;875;3;768.00;8
1483;3;23447339;1483;252;2356;2364;8.29;0.51;214.15;3.74;873;3;769.00;8
1490;3;23447350;1490;249;2356;2364;8.30;0.51;214.71;3.74;866;3;770.00;8
1492;3;23447361;1492;246;2357;2365;8.35;0.51;214.93;3.74;865;3;771.00;8
1493;3;23447373;1493;242;2357;2366;8.35;0.51;215.01;3.74;864;3;772.00;9
1496;3;23447384;1496;244;2357;2366;8.35;0.51;215.02;3.74;861;3;773.00;9
1497;3;23447395;1497;242;2359;2369;8.46;0.51;215.01;3.73;862;3;774.00;10
1500;3;23447406;1500;242;2359;2369;8.48;0.51;215.16;3.73;859;3;775.00;10
1503;3;23447416;1503;238;2360;2369;8.52;0.52;215.17;3.73;857;3;776.00;9
1504;3;23447427;1504;240;2360;2369;8.56;0.52;215.33;3.73;856;3;777.00;9
1508;3;23447437;1508;240;2365;2375;8.57;0.52;215.40;3.73;857;3;778.00;10
1510;3;23447449;1510;242;2365;2375;8.50;0.52;215.61;3.73;855;3;779.00;10
1512;3;23447461;1512;248;2365;2375;8.50;0.52;215.64;3.73;853;3;780.00;10
1515;3;23447472;1515;249;2365;2375;8.47;0.51;215.73;3.73;850;3;781.00;10
1517;3;23447482;1517;252;2368;2379;8.41;0.51;215.85;3.72;851;3;782.00;11
1519;3;23447492;1519;256;2369;2380;8.42;0.51;216.00;3.72;850;3;783.00;11
1521;3;23447504;1521;261;2369;2380;8.37;0.51;216.07;3.72;848;3;784.00;11
1521;3;23447514;1521;266;2370;2381;8.35;0.51;216.07;3.72;849;3;785.00;11
1524;3;23447524;1524;271;2370;2381;8.27;0.50;216.12;3.72;846;3;786.00;11
1524;3;23447534;1524;268;2370;2381;8.27;0.50;216.12;3.72;846;3;787.00;11
1529;3;23447544;1529;269;2370;2381;8.21;0.50;216.29;3.72;841;3;788.00;11
1531;3;23447555;1531;272;2370;2381;8.24;0.50;216.38;3.72;839;3;789.00;11
1534;3;23447565;1534;268;2370;2381;8.19;0.50;216.52;3.72;836;3;790.00;11
1536;3;23447575;1536;267;2370;2381;8.10;0.49;216.51;3.72;834;3;791.00;11
1538;3;23447586;1538;271;2400;2451;7.99;0.49;216.67;3.68;862;3;792.00;51
1539;3;23447600;1539;266;2400;2452;7.95;0.48;216.78;3.68;861;3;793.00;52
1542;3;23447609;1542;262;2406;2452;7.94;0.48;216.88;3.67;864;3;794.00;46
1544;3;23447619;1544;263;2407;2452;7.91;0.48;217.02;3.67;863;3;795.00;45
1544;3;23447628;1544;260;2409;2452;7.98;0.49;217.02;3.67;865;3;796.00;43
1549;3;23447638;1549;258;2411;2452;7.97;0.49;217.30;3.67;862;3;797.00;41
1552;3;23447648;1552;261;2413;2452;7.99;0.49;217.54;3.67;861;3;798.00;39
1556;3;23447658;1556;260;2415;2452;8.03;0.49;217.79;3.68;859;3;799.00;37
1558;3;23447670;1558;260;2417;2453;7.98;0.49;218.09;3.68;859;3;800.00;36
1561;3;23447684;1561;257;2418;2454;7.92;0.48;218.27;3.68;857;3;801.00;36
1562;3;23447694;1562;258;2420;2454;7.93;0.48;218.18;3.69;858;3;802.00;34
1564;3;23447704;1564;260;2425;2458;7.86;0.48;218.41;3.69;861;3;803.00;33
1566;3;23447713;1566;261;2428;2458;7.86;0.48;218.34;3.70;862;3;804.00;30
1569;3;23447723;1569;252;2432;2458;7.73;0.47;218.52;3.73;863;3;805.00;26
1571;3;23447733;1571;252;2434;2458;7.64;0.47;218.84;3.73;863;3;806.00;24
1577;3;23447742;1577;251;2438;2464;7.50;0.46;219.41;3.72;861;3;807.00;26
1580;3;23447754;1580;247;2438;2464;7.39;0.45;219.61;3.72;858;3;808.00;26
1581;3;23447770;1581;247;2438;2464;7.30;0.45;219.63;3.72;857;3;809.00;26
1584;3;23447782;1584;248;2444;2470;7.26;0.44;219.78;3.73;860;3;810.00;26
1584;3;23447792;1584;244;2444;2470;7.23;0.44;219.78;3.73;860;3;811.00;26
1584;3;23447802;1584;247;2446;2470;7.19;0.44;219.78;3.73;862;3;812.00;24
1586;3;23447811;1586;247;2446;2471;7.20;0.44;220.00;3.73;860;3;813.00;25
1589;3;23447822;1589;248;2447;2472;7.16;0.43;220.02;3.73;858;3;814.00;25
1590;3;23447833;1590;244;2447;2472;7.18;0.44;219.89;3.73;857;3;815.00;25
1590;3;23447842;1590;253;2456;2485;7.20;0.44;219.89;3.71;866;3;816.00;29
1592;3;23447853;1592;247;2456;2485;7.17;0.44;219.93;3.71;864;3;817.00;29
1595;3;23447863;1595;250;2456;2485;7.14;0.43;219.88;3.71;861;3;818.00;29
1596;3;23447872;1596;246;2457;2486;7.15;0.44;219.80;3.71;861;3;819.00;29
1597;3;23447882;1597;246;2457;2486;7.13;0.44;220.08;3.71;860;3;820.00;29
1599;3;23447891;1599;248;2460;2490;7.17;0.44;219.92;3.71;861;3;821.00;30
1599;3;23447902;1599;250;2461;2490;7.15;0.44;219.92;3.75;862;3;822.00;29
1600;3;23447911;1600;254;2464;2494;7.18;0.44;219.85;3.74;864;3;823.00;30
1601;3;23447921;1601;258;2465;2494;7.17;0.44;219.78;3.79;864;3;824.00;29
1604;3;23447931;1604;257;2466;2494;7.16;0.44;219.72;3.80;862;3;825.00;28
1606;3;23447940;1606;271;2468;2494;7.17;0.44;219.83;3.85;862;3;826.00;26
1610;3;23447950;1610;273;2468;2494;7.14;0.44;219.88;3.85;858;3;827.00;26
1613;3;23447960;1613;274;2479;2506;7.20;0.44;219.92;3.85;866;3;828.00;27
1616;3;23447971;1616;279;2480;2506;7.24;0.44;219.74;3.85;864;3;829.00;26
1617;3;23447982;1617;282;2485;2506;7.29;0.45;219.79;3.96;868;3;830.00;21
1618;3;23447992;1618;287;2485;2506;7.32;0.45;219.77;3.96;867;3;831.00;21
1619;3;23448002;1619;291;2489;2506;7.35;0.45;219.69;4.04;870;3;832.00;17
1620;3;23448013;1620;298;2490;2506;7.35;0.45;219.60;4.06;870;3;833.00;16
1626;3;23448024;1626;308;2491;2507;7.27;0.44;219.76;4.08;865;3;834.00;16
1628;3;23448035;1628;309;2493;2507;7.22;0.44;219.71;4.10;865;3;835.00;14
1630;3;23448045;1630;313;2500;2513;7.18;0.44;219.63;4.13;870;3;836.00;13
1632;3;23448055;1632;322;2501;2514;7.15;0.44;219.45;4.13;869;3;837.00;13
1636;3;23448065;1636;325;2504;2514;7.08;0.43;219.28;4.17;868;3;838.00;10
1638;3;23448074;1638;329;2504;2514;7.02;0.43;219.19;4.17;866;3;839.00;10
1639;3;23448085;1639;334;2509;2519;7.02;0.43;219.12;4.19;870;3;840.00;10
1641;3;23448096;1641;336;2511;2519;7.06;0.43;219.10;4.21;870;3;841.00;8
1644;3;23448105;1644;338;2513;2519;7.08;0.44;218.77;4.23;869;3;842.00;6
1646;3;23448115;1646;343;2514;2520;7.06;0.44;218.94;4.23;868;3;843.00;6
1648;3;23448125;1648;347;2518;2524;7.01;0.43;218.78;4.23;870;3;844.00;6
1649;3;23448135;1649;346;2520;2524;6.97;0.43;218.73;4.24;871;3;845.00;4
1651;4;23448144;1651;350;2524;2527;6.90;0.43;218.61;4.24;873;4;846.00;3
1654;4;23448161;1654;350;2526;2527;6.85;0.42;218.56;4.24;872;4;847.00;1
1656;4;23448170;1656;356;2526;2527;6.83;0.42;218.50;4.24;870;4;848.00;1
1659;4;23448179;1659;354;2527;2527;6.77;0.42;218.41;4.25;868;4;849.00;0
1660;4;23448190;1660;350;2531;2531;6.84;0.42;218.41;4.24;871;4;850.00;0
1665;4;23448199;1665;347;2531;2531;6.79;0.42;218.46;4.24;866;4;851.00;0
1666;4;23448209;1666;328;2531;2531;6.81;0.42;218.41;4.24;865;4;852.00;0
1667;4;23448219;1667;316;2531;2531;6.86;0.42;218.31;4.24;864;4;853.00;0
1669;4;23448229;1669;306;2532;2532;6.89;0.42;218.37;4.24;863;4;854.00;0
1669;4;23448238;1669;299;2534;2534;6.92;0.42;218.37;4.24;865;4;855.00;0
1671;5;23448248;1671;294;2534;2534;6.94;0.43;218.42;4.24;863;5;856.00;0
1672;5;23448278;1672;290;2535;2535;6.96;0.43;218.50;4.23;863;5;857.00;0
1673;5;23448288;1673;285;2535;2535;7.06;0.43;218.50;4.23;862;5;858.00;0
1674;5;23448297;1674;288;2535;2535;7.14;0.44;218.45;4.23;861;5;859.00;0
1676;5;23448306;1676;281;2535;2535;7.22;0.44;218.45;4.23;859;5;860.00;0
1680;5;23448316;1680;280;2535;2535;7.27;0.45;218.61;4.23;855;5;861.00;0
1681;5;23448325;1681;287;2535;2535;7.33;0.45;218.73;4.23;854;5;862.00;0
1687;5;23448336;1687;289;2535;2535;7.29;0.45;218.64;4.23;848;5;863.00;0
1688;5;23448345;1688;301;2609;2662;7.59;0.47;218.62;4.12;921;5;864.00;53
1691;5;23448364;1691;299;2614;2663;7.56;0.47;218.73;4.11;923;5;865.00;49
1695;5;23448374;1695;294;2625;2663;7.53;0.47;218.85;4.10;930;5;866.00;38
1697;5;23448385;1697;295;2629;2663;7.48;0.46;218.85;4.10;932;5;867.00;34
1700;5;23448400;1700;301;2635;2663;7.42;0.46;218.90;4.10;935;5;868.00;28
1703;5;23448410;1703;307;2637;2663;7.34;0.45;219.00;4.10;934;5;869.00;26
1706;5;23448423;1706;303;2639;2663;7.27;0.45;218.99;4.10;933;5;870.00;24
1708;5;23448433;1708;305;2641;2663;7.17;0.44;218.91;4.10;933;5;871.00;22
1713;5;23448447;1713;303;2643;2664;6.98;0.43;219.26;4.11;930;5;872.00;21
1715;5;23448458;1715;312;2647;2665;6.85;0.42;219.21;4.11;932;5;873.00;18
1719;5;23448468;1719;311;2649;2665;6.72;0.41;219.25;4.12;930;5;874.00;16
1723;5;23448478;1723;307;2652;2666;6.60;0.41;219.17;4.12;929;5;875.00;14
1726;5;23448488;1726;308;2654;2666;6.49;0.40;219.17;4.13;928;5;876.00;12
1730;5;23448498;1730;305;2657;2666;6.43;0.40;219.54;4.14;927;5;877.00;9
1731;5;23448507;1731;302;2658;2666;6.40;0.40;219.65;4.14;927;5;878.00;8
1736;5;23448518;1736;309;2663;2670;6.38;0.39;219.83;4.15;927;5;879.00;7
1739;5;23448529;1739;313;2665;2670;6.33;0.39;220.32;4.16;926;5;880.00;5
1740;5;23448540;1740;315;2666;2670;6.39;0.39;220.24;4.16;926;5;881.00;4
1743;5;23448549;1743;304;2668;2673;6.48;0.40;220.29;4.16;925;5;882.00;5
1745;5;23448560;1745;299;2668;2673;6.52;0.40;220.50;4.16;923;5;883.00;5
1747;5;23448571;1747;294;2670;2673;6.55;0.40;220.52;4.16;923;5;884.00;3
1749;5;23448580;1749;291;2675;2677;6.51;0.40;220.81;4.16;926;5;885.00;2
1751;5;23448591;1751;289;2677;2678;6.51;0.40;221.14;4.16;926;5;886.00;1
1754;5;23448602;1754;287;2678;2678;6.54;0.40;221.45;4.16;924;5;887.00;0
1757;5;23448612;1757;280;2682;2682;6.59;0.40;221.60;4.16;925;5;888.00;0
1763;5;23448624;1763;283;2682;2682;6.64;0.41;221.91;4.16;919;5;889.00;0
1769;5;23448636;1769;277;2682;2682;6.66;0.41;222.18;4.16;913;5;890.00;0
1772;5;23448646;1772;278;2683;2683;6.72;0.41;222.33;4.16;911;5;891.00;0
1776;5;23448657;1776;280;2683;2683;6.80;0.41;222.27;4.16;907;5;892.00;0
1779;5;23448668;1779;283;2689;2689;6.84;0.42;222.45;4.15;910;5;893.00;0
1785;5;23448679;1785;280;2689;2689;6.83;0.42;223.14;4.15;904;5;894.00;0
1789;5;23448691;1789;282;2689;2690;6.90;0.42;223.25;4.15;900;5;895.00;1
1790;5;23448702;1790;285;2689;2690;6.98;0.42;223.38;4.15;899;5;896.00;1
1795;5;23448712;1795;280;2690;2690;7.01;0.43;223.64;4.15;895;5;897.00;0
1799;5;23448723;1799;279;2690;2690;7.05;0.43;224.05;4.15;891;5;898.00;0
1804;5;23448734;1804;277;2690;2690;7.08;0.43;224.27;4.15;886;5;899.00;0
1807;5;23448748;1807;286;2721;2736;7.23;0.44;224.35;4.10;914;5;900.00;15
1808;5;23448768;1808;279;2721;2736;7.31;0.45;224.51;4.10;913;5;901.00;15
1812;5;23448779;1812;279;2726;2736;7.37;0.45;224.65;4.10;914;5;902.00;10
1820;5;23448790;1820;271;2726;2736;7.38;0.45;225.10;4.10;906;5;903.00;10
1824;5;23448802;1824;273;2728;2736;7.43;0.45;225.51;4.10;904;5;904.00;8
1825;5;23448813;1825;279;2728;2736;7.54;0.46;225.61;4.10;903;5;905.00;8
1831;5;23448825;1831;278;2733;2740;7.52;0.46;226.00;4.09;902;5;906.00;7
1833;5;23448837;1833;277;2733;2740;7.58;0.46;226.18;4.09;900;5;907.00;7
1839;5;23448848;1839;273;2737;2744;7.59;0.46;226.49;4.09;898;5;908.00;7
1844;5;23448860;1844;276;2738;2745;7.59;0.46;226.67;4.09;894;5;909.00;7
1845;5;23448878;1845;282;2738;2745;7.56;0.46;226.89;4.09;893;5;910.00;7
1848;5;23448894;1848;284;2738;2745;7.54;0.46;227.08;4.09;890;5;911.00;7
1852;5;23448906;1852;289;2749;2758;7.61;0.46;227.60;4.08;897;5;912.00;9
1855;5;23448918;1855;289;2749;2758;7.64;0.47;227.88;4.08;894;5;913.00;9
1860;5;23448930;1860;290;2751;2758;7.62;0.47;228.26;4.08;891;5;914.00;7
1863;5;23448941;1863;291;2751;2759;7.61;0.47;228.55;4.08;888;5;915.00;8
1864;5;23448951;1864;292;2752;2760;7.59;0.47;228.53;4.08;888;5;916.00;8
1868;5;23448969;1868;296;2754;2760;7.53;0.46;229.15;4.09;886;5;917.00;6
1872;5;23448979;1872;299;2755;2763;7.44;0.46;229.24;4.08;883;5;918.00;8
1876;5;23448991;1876;307;2756;2763;7.34;0.45;229.54;4.08;880;5;919.00;7
1880;5;23449002;1880;311;2758;2763;7.27;0.45;229.51;4.09;878;5;920.00;5
1883;5;23449013;1883;319;2758;2763;7.22;0.44;229.64;4.09;875;5;921.00;5
1887;5;23449025;1887;305;2764;2769;7.11;0.44;229.43;4.08;877;5;922.00;5
1891;5;23449037;1891;305;2765;2769;7.13;0.44;229.67;4.09;874;5;923.00;4
1894;5;23449048;1894;300;2765;2769;7.18;0.44;229.89;4.09;871;5;924.00;4
1898;5;23449061;1898;296;2765;2769;7.16;0.44;230.07;4.09;867;5;925.00;4
1900;6;23449073;1900;298;2773;2773;7.23;0.44;230.06;4.10;873;6;926.00;0
1901;6;23449102;1901;299;2774;2774;7.32;0.45;230.14;4.10;873;6;927.00;0
1906;6;23449113;1906;303;2774;2774;7.31;0.45;230.24;4.10;868;6;928.00;0
1909;6;23449125;1909;297;2775;2775;7.28;0.44;230.35;4.10;866;6;929.00;0
1912;6;23449139;1912;298;2775;2775;7.27;0.44;230.50;4.10;863;6;930.00;0
1913;6;23449149;1913;287;2775;2775;7.27;0.44;230.53;4.10;862;6;931.00;0
1917;6;23449161;1917;279;2775;2775;7.26;0.44;230.67;4.10;858;6;932.00;0
1919;6;23449173;1919;273;2775;2775;7.24;0.44;230.62;4.10;856;6;933.00;0
1922;6;23449183;1922;264;2775;2775;7.21;0.44;230.75;4.10;853;6;934.00;0
1923;6;23449194;1923;263;2775;2775;7.21;0.44;230.94;4.10;852;6;935.00;0
1925;6;23449206;1925;278;2818;2845;7.32;0.45;231.12;4.04;893;6;936.00;27
1927;6;23449223;1927;272;2819;2846;7.40;0.45;231.29;4.04;892;6;937.00;27
1930;6;23449234;1930;272;2824;2846;7.54;0.46;231.42;4.03;894;6;938.00;22
1931;6;23449246;1931;275;2824;2846;7.65;0.47;231.41;4.03;893;6;939.00;22
1936;6;23449258;1936;277;2827;2846;7.77;0.47;231.42;4.03;891;6;940.00;19
1938;6;23449270;1938;279;2830;2846;7.86;0.48;231.48;4.03;892;6;941.00;16
1940;6;23449282;1940;273;2833;2846;7.93;0.48;231.80;4.04;893;6;942.00;13
1942;6;23449295;1942;271;2836;2846;7.99;0.49;231.95;4.04;894;6;943.00;10
1944;6;23449312;1944;277;2838;2847;7.97;0.48;232.11;4.04;894;6;944.00;9
1945;6;23449323;1945;276;2842;2849;7.92;0.48;232.14;4.04;897;6;945.00;7
1947;6;23449336;1947;278;2843;2849;7.88;0.48;232.18;4.05;896;6;946.00;6
1948;6;23449346;1948;274;2846;2853;7.80;0.47;232.29;4.05;898;6;947.00;7
1950;6;23449359;1950;273;2847;2853;7.76;0.47;232.28;4.05;897;6;948.00;6
1951;6;23449371;1951;278;2847;2853;7.71;0.47;232.32;4.05;896;6;949.00;6
1953;6;23449381;1953;281;2847;2853;7.73;0.47;232.34;4.05;894;6;950.00;6
1956;6;23449393;1956;274;2852;2859;7.74;0.47;232.54;4.04;896;6;951.00;7
1956;6;23449410;1956;271;2852;2859;7.75;0.47;232.54;4.04;896;6;952.00;7
1958;6;23449422;1958;265;2852;2859;7.83;0.48;232.62;4.04;894;6;953.00;7
1964;6;23449433;1964;268;2855;2862;7.89;0.48;232.71;4.04;891;6;954.00;7
1966;6;23449444;1966;265;2855;2862;7.92;0.48;232.75;4.04;889;6;955.00;7
1969;6;23449455;1969;265;2856;2862;7.95;0.48;232.88;4.04;887;6;956.00;6
1970;6;23449466;1970;269;2857;2863;7.95;0.48;232.90;4.04;887;6;957.00;6
1971;6;23449477;1971;265;2859;2864;7.92;0.48;232.91;4.05;888;6;958.00;5
1972;6;23449488;1972;272;2859;2864;7.84;0.48;233.11;4.05;887;6;959.00;5
1974;6;23449500;1974;275;2880;2890;7.85;0.48;233.34;4.02;906;6;960.00;10
1977;6;23449513;1977;270;2881;2890;7.84;0.48;233.54;4.02;904;6;961.00;9
1981;6;23449524;1981;274;2883;2890;7.75;0.47;233.57;4.02;902;6;962.00;7
1985;6;23449534;1985;279;2884;2891;7.69;0.47;233.68;4.02;899;6;963.00;7
1986;6;23449545;1986;282;2884;2891;7.72;0.47;233.76;4.02;898;6;964.00;7
1988;6;23449555;1988;280;2888;2895;7.72;0.47;233.84;4.01;900;6;965.00;7
1989;6;23449566;1989;281;2888;2895;7.77;0.47;233.88;4.01;899;6;966.00;7
1992;6;23449577;1992;276;2891;2899;7.84;0.48;234.07;4.01;899;6;967.00;8
1993;6;23449587;1993;269;2891;2899;7.87;0.48;234.15;4.01;898;6;968.00;8
1995;6;23449603;1995;270;2891;2899;7.87;0.48;234.16;4.01;896;6;969.00;8
1995;6;23449614;1995;271;2891;2899;7.85;0.48;234.16;4.01;896;6;970.00;8
1996;6;23449625;1996;265;2891;2899;7.84;0.48;234.17;4.01;895;6;971.00;8
1999;6;23449635;1999;269;2901;2911;7.88;0.48;234.31;4.00;902;6;972.00;10
2004;6;23449646;2004;267;2901;2911;7.83;0.48;234.34;4.00;897;6;973.00;10
2008;6;23449657;2008;265;2902;2911;7.83;0.47;234.43;3.99;894;6;974.00;9
2010;6;23449667;2010;270;2902;2911;7.88;0.48;234.38;3.99;892;6;975.00;9
2012;6;23449678;2012;270;2902;2911;7.89;0.48;234.61;3.99;890;6;976.00;9
2016;6;23449688;2016;270;2902;2911;7.81;0.47;234.99;3.99;886;6;977.00;9
2017;6;23449698;2017;275;2902;2912;7.77;0.47;235.00;3.99;885;6;978.00;10
2020;6;23449708;2020;271;2902;2912;7.64;0.46;235.04;3.99;882;6;979.00;10
2023;6;23449718;2023;271;2909;2918;7.56;0.46;234.99;4.02;886;6;980.00;9
2026;6;23449728;2026;265;2909;2919;7.52;0.46;234.99;4.02;883;6;981.00;10
2029;6;23449738;2029;262;2910;2919;7.46;0.45;234.98;4.02;881;6;982.00;9
2030;6;23449748;2030;261;2910;2919;7.41;0.45;234.98;4.02;880;6;983.00;9
2034;6;23449758;2034;256;2912;2923;7.41;0.45;235.12;4.01;878;6;984.00;11
2038;6;23449768;2038;255;2912;2923;7.35;0.45;234.92;4.01;874;6;985.00;11
2040;6;23449778;2040;253;2912;2923;7.39;0.45;234.87;4.01;872;6;986.00;11
2042;6;23449788;2042;253;2913;2924;7.43;0.45;234.88;4.01;871;6;987.00;11
2042;6;23449797;2042;256;2916;2928;7.46;0.45;234.88;4.01;874;6;988.00;12
2044;6;23449807;2044;259;2916;2928;7.40;0.45;234.76;4.01;872;6;989.00;12
2046;6;23449818;2046;260;2920;2934;7.37;0.45;234.60;4.00;874;6;990.00;14
2048;6;23449828;2048;267;2921;2934;7.34;0.45;234.49;4.00;873;6;991.00;13
2051;6;23449838;2051;263;2922;2934;7.30;0.44;234.25;4.00;871;6;992.00;12
2053;6;23449847;2053;265;2923;2934;7.26;0.44;234.13;4.00;870;6;993.00;11
2056;6;23449857;2056;266;2927;2938;7.25;0.44;233.86;4.00;871;6;994.00;11
2057;6;23449866;2057;269;2927;2938;7.23;0.44;233.84;4.00;870;6;995.00;11
2058;6;23449876;2058;266;2927;2938;7.26;0.44;233.74;4.00;869;6;996.00;11
2058;6;23449885;2058;272;2927;2938;7.25;0.44;233.74;4.00;869;6;997.00;11
2059;6;23449894;2059;271;2927;2939;7.24;0.44;233.67;4.00;868;6;998.00;12
2061;6;23449904;2061;275;2928;2940;7.23;0.44;233.76;4.00;867;6;999.00;12
2062;6;23449914;2062;276;2928;2940;7.15;0.44;233.98;4.00;866;6;1000.00;12
2062;6;23449928;2062;280;2929;2941;7.12;0.43;233.98;4.00;867;6;1001.00;12
2063;6;23449937;2063;282;2929;2941;7.10;0.43;234.00;4.00;866;6;1002.00;12
2064;6;23449947;2064;288;2930;2941;7.07;0.43;234.02;4.01;866;6;1003.00;11
2066;6;23449956;2066;290;2930;2941;7.00;0.43;234.04;4.01;864;6;1004.00;11
2066;6;23449965;2066;299;2931;2941;7.01;0.43;234.04;4.03;865;6;1005.00;10
2067;6;23449975;2067;307;2932;2941;7.02;0.43;234.06;4.04;865;6;1006.00;9
2070;6;23449983;2070;310;2932;2941;6.99;0.43;234.06;4.04;862;6;1007.00;9
2073;6;23449993;2073;333;2996;3068;7.22;0.45;234.11;3.97;923;6;1008.00;72
2074;6;23450013;2074;318;2999;3069;7.20;0.45;234.10;3.97;925;6;1009.00;70
2077;6;23450024;2077;310;3010;3069;7.27;0.45;234.03;3.96;933;6;1010.00;59
2077;6;23450034;2077;304;3017;3069;7.26;0.45;234.03;3.98;940;6;1011.00;52
2078;6;23450044;2078;304;3025;3069;7.23;0.45;234.05;3.98;947;6;1012.00;44
2080;6;23450060;2080;302;3029;3069;7.20;0.45;234.03;3.98;949;6;1013.00;40
2081;6;23450070;2081;300;3033;3069;7.19;0.45;234.02;4.00;952;6;1014.00;36
2083;6;23450080;2083;298;3035;3069;7.25;0.45;233.96;4.00;952;6;1015.00;34
2085;6;23450091;2085;294;3038;3070;7.29;0.45;233.91;4.02;953;6;1016.00;32
2086;6;23450101;2086;295;3042;3071;7.34;0.45;234.01;4.03;956;6;1017.00;29
2088;6;23450112;2088;287;3045;3071;7.39;0.46;233.93;4.05;957;6;1018.00;26
2093;6;23450123;2093;289;3047;3072;7.44;0.46;233.86;4.06;954;6;1019.00;25
2093;6;23450135;2093;294;3054;3072;7.44;0.46;233.86;4.09;961;6;1020.00;18
2093;6;23450146;2093;296;3058;3072;7.36;0.45;233.86;4.10;965;6;1021.00;14
2095;6;23450156;2095;297;3061;3072;7.29;0.45;233.91;4.11;966;6;1022.00;11
2096;6;23450166;2096;299;3066;3076;7.25;0.45;233.80;4.11;970;6;1023.00;10
2097;6;23450179;2097;296;3068;3076;7.17;0.44;233.81;4.12;971;6;1024.00;8
2098;6;23450190;2098;300;3071;3076;7.07;0.44;233.74;4.13;973;6;1025.00;5
2101;6;23450201;2101;308;3073;3079;6.97;0.43;233.64;4.13;972;6;1026.00;6
2103;6;23450212;2103;310;3075;3079;6.89;0.43;233.60;4.14;972;6;1027.00;4
2104;6;23450223;2104;309;3076;3079;6.82;0.42;233.55;4.14;972;6;1028.00;3
2108;6;23450233;2108;315;3081;3083;6.68;0.41;233.40;4.14;973;6;1029.00;2
2112;6;23450244;2112;312;3083;3084;6.63;0.41;233.26;4.14;971;6;1030.00;1
2113;6;23450254;2113;309;3083;3084;6.64;0.41;233.23;4.14;970;6;1031.00;1
2117;6;23450265;2117;311;3087;3088;6.66;0.41;233.36;4.14;970;6;1032.00;1
2120;6;23450277;2120;308;3088;3088;6.66;0.41;233.42;4.14;968;6;1033.00;0
2123;6;23450288;2123;308;3088;3088;6.61;0.41;233.45;4.14;965;6;1034.00;0
2128;6;23450299;2128;305;3090;3090;6.57;0.40;233.59;4.13;962;6;1035.00;0
2129;6;23450309;2129;309;3090;3090;6.62;0.40;233.62;4.13;961;6;1036.00;0
2137;6;23450320;2137;306;3096;3096;6.59;0.40;233.74;4.13;959;6;1037.00;0
2138;6;23450331;2138;301;3096;3096;6.61;0.40;233.85;4.13;958;6;1038.00;0
2141;6;23450341;2141;302;3097;3097;6.56;0.40;233.97;4.13;956;6;1039.00;0
2143;6;23450351;2143;307;3097;3097;6.51;0.40;234.21;4.13;954;6;1040.00;0
2146;6;23450361;2146;305;3097;3097;6.43;0.39;234.30;4.13;951;6;1041.00;0
2149;6;23450370;2149;311;3097;3097;6.36;0.39;234.43;4.13;948;6;1042.00;0
2152;6;23450380;2152;314;3097;3097;6.33;0.39;234.48;4.13;945;6;1043.00;0
2154;6;23450389;2154;313;3109;3109;6.30;0.38;234.53;4.11;955;6;1044.00;0
2158;6;23450406;2158;313;3109;3109;6.23;0.38;234.65;4.11;951;6;1045.00;0
2160;6;23450415;2160;314;3109;3109;6.19;0.38;234.75;4.11;949;6;1046.00;0
2161;6;23450426;2161;315;3109;3109;6.16;0.38;234.80;4.11;948;6;1047.00;0
2166;6;23450435;2166;314;3109;3109;6.17;0.38;235.00;4.11;943;6;1048.00;0
2170;6;23450444;2170;325;3109;3109;6.13;0.38;234.96;4.11;939;6;1049.00;0
2172;6;23450456;2172;314;3115;3115;6.14;0.38;235.12;4.11;943;6;1050.00;0
2177;6;23450466;2177;306;3115;3115;6.07;0.37;235.27;4.11;938;6;1051.00;0
2179;6;23450476;2179;301;3119;3119;6.10;0.37;235.37;4.10;940;6;1052.00;0
2185;6;23450486;2185;296;3120;3120;6.07;0.37;235.43;4.10;935;6;1053.00;0
2189;6;23450497;2189;297;3120;3120;6.10;0.37;235.66;4.10;931;6;1054.00;0
2190;6;23450507;2190;297;3120;3120;6.19;0.38;235.77;4.10;930;6;1055.00;0
2193;6;23450517;2193;298;3131;3133;6.26;0.38;235.97;4.09;938;6;1056.00;2
2197;6;23450529;2197;289;3132;3133;6.37;0.39;236.14;4.08;935;6;1057.00;1
2199;6;23450540;2199;282;3133;3133;6.49;0.40;236.14;4.08;934;6;1058.00;0
2204;6;23450550;2204;273;3134;3134;6.55;0.40;236.67;4.08;930;6;1059.00;0
2209;6;23450561;2209;267;3135;3135;6.57;0.40;236.77;4.08;926;6;1060.00;0
2211;6;23450571;2211;264;3135;3135;6.61;0.40;237.07;4.08;924;6;1061.00;0
2214;6;23450581;2214;260;3138;3138;6.64;0.40;237.37;4.08;924;6;1062.00;0
2216;6;23450592;2216;256;3138;3138;6.71;0.41;237.50;4.08;922;6;1063.00;0
2220;6;23450603;2220;261;3138;3138;6.76;0.41;237.88;4.08;918;6;1064.00;0
2222;6;23450618;2222;258;3138;3138;6.82;0.41;238.06;4.08;916;6;1065.00;0
2227;6;23450629;2227;258;3144;3144;6.91;0.42;238.15;4.07;917;6;1066.00;0
2230;6;23450641;2230;263;3144;3144;6.93;0.42;238.42;4.07;914;6;1067.00;0
2231;6;23450651;2231;263;3144;3144;6.95;0.42;238.34;4.07;913;6;1068.00;0
2237;6;23450662;2237;272;3144;3144;6.98;0.42;238.89;4.07;907;6;1069.00;0
2242;6;23450673;2242;268;3148;3148;6.97;0.42;239.12;4.07;906;6;1070.00;0
2244;6;23450684;2244;269;3149;3149;7.05;0.43;239.06;4.07;905;6;1071.00;0
2246;6;23450696;2246;271;3149;3149;7.05;0.43;239.29;4.07;903;6;1072.00;0
2250;6;23450707;2250;276;3150;3150;7.10;0.43;239.81;4.07;900;6;1073.00;0
2253;6;23450718;2253;277;3150;3150;7.12;0.43;240.00;4.07;897;6;1074.00;0
2260;6;23450729;2260;280;3150;3150;7.09;0.43;239.95;4.07;890;6;1075.00;0
2262;6;23450740;2262;277;3150;3150;7.15;0.43;239.94;4.07;888;6;1076.00;0
2267;6;23450750;2267;281;3150;3150;7.19;0.44;240.31;4.07;883;6;1077.00;0
2271;6;23450761;2271;282;3150;3150;7.25;0.44;240.75;4.07;879;6;1078.00;0
2274;6;23450772;2274;287;3150;3150;7.22;0.44;240.81;4.07;876;6;1079.00;0
2278;6;23450784;2278;310;3224;3275;7.28;0.45;241.07;3.97;946;6;1080.00;51
2283;6;23450804;2283;310;3236;3276;7.21;0.45;241.54;3.96;953;6;1081.00;40
2290;6;23450815;2290;294;3242;3276;7.21;0.44;241.70;3.96;952;6;1082.00;34
2293;6;23450833;2293;292;3245;3276;7.30;0.45;241.75;3.96;952;6;1083.00;31
2299;6;23450844;2299;292;3250;3276;7.30;0.45;242.13;3.96;951;6;1084.00;26
2304;6;23450856;2304;291;3252;3276;7.36;0.45;242.27;3.96;948;6;1085.00;24
2307;6;23450868;2307;289;3256;3276;7.38;0.45;242.32;3.96;949;6;1086.00;20
2310;6;23450879;2310;293;3261;3276;7.40;0.45;242.40;3.97;951;6;1087.00;15
2312;6;23450891;2312;292;3266;3277;7.37;0.45;242.57;3.97;954;6;1088.00;11
2315;6;23450902;2315;300;3269;3278;7.31;0.45;242.59;3.98;954;6;1089.00;9
2318;6;23450914;2318;304;3273;3278;7.24;0.45;242.90;3.98;955;6;1090.00;5
2320;6;23450925;2320;307;3278;3282;7.13;0.44;243.02;3.98;958;6;1091.00;4
2323;6;23450936;2323;319;3278;3282;7.01;0.43;243.27;3.98;955;6;1092.00;4
2327;6;23450948;2327;324;3279;3282;6.87;0.42;243.47;3.98;952;6;1093.00;3
2329;6;23450959;2329;333;3279;3282;6.71;0.41;243.52;3.98;950;6;1094.00;3
2331;6;23450970;2331;339;3284;3288;6.58;0.40;243.79;3.98;953;6;1095.00;4
2332;6;23450982;2332;344;3284;3288;6.48;0.40;243.85;3.98;952;6;1096.00;4
2338;6;23450992;2338;341;3285;3288;6.35;0.39;244.44;3.98;947;6;1097.00;3
2343;6;23451004;2343;334;3287;3291;6.31;0.39;244.87;3.98;944;6;1098.00;4
2347;6;23451016;2347;338;3287;3291;6.33;0.39;244.80;3.98;940;6;1099.00;4
2351;6;23451028;2351;331;3287;3291;6.34;0.39;245.05;3.98;936;6;1100.00;4
2356;6;23451043;2356;329;3289;3292;6.41;0.39;245.38;3.98;933;6;1101.00;3
2360;6;23451054;2360;328;3290;3293;6.46;0.39;245.47;3.98;930;6;1102.00;3
2367;6;23451065;2367;328;3290;3293;6.51;0.40;245.91;3.98;923;6;1103.00;3
2368;6;23451077;2368;331;3299;3306;6.70;0.41;245.82;3.97;931;6;1104.00;7
2374;6;23451088;2374;334;3300;3306;6.65;0.41;246.01;3.97;926;6;1105.00;6
2376;6;23451100;2376;322;3300;3306;6.66;0.41;246.29;3.97;924;6;1106.00;6
2380;6;23451111;2380;315;3301;3307;6.76;0.41;246.48;3.96;921;6;1107.00;6
2382;6;23451123;2382;317;3302;3307;6.86;0.42;246.61;3.96;920;6;1108.00;5
2386;6;23451133;2386;309;3305;3311;6.99;0.43;246.69;3.96;919;6;1109.00;6
2388;6;23451147;2388;297;3306;3311;7.13;0.43;246.87;3.96;918;6;1110.00;5
2390;6;23451164;2390;295;3308;3315;7.17;0.44;246.86;3.96;918;6;1111.00;7
2392;6;23451176;2392;295;3308;3315;7.23;0.44;247.16;3.96;916;6;1112.00;7
2394;6;23451187;2394;291;3309;3315;7.25;0.44;247.37;3.97;915;6;1113.00;6
2398;6;23451199;2398;296;3309;3315;7.23;0.44;247.51;3.97;911;6;1114.00;6
2400;6;23451211;2400;296;3311;3315;7.24;0.44;247.65;3.97;911;6;1115.00;4
2403;6;23451222;2403;292;3321;3327;7.32;0.45;247.86;3.96;918;6;1116.00;6
2406;6;23451234;2406;292;3321;3327;7.38;0.45;247.93;3.96;915;6;1117.00;6
2407;6;23451247;2407;287;3322;3327;7.43;0.45;248.00;3.96;915;6;1118.00;5
2407;6;23451258;2407;280;3322;3327;7.49;0.46;248.00;3.96;915;6;1119.00;5
2409;6;23451268;2409;274;3322;3327;7.52;0.46;248.17;3.96;913;6;1120.00;5
2413;6;23451280;2413;271;3322;3327;7.61;0.46;248.38;3.96;909;6;1121.00;5
2415;6;23451291;2415;269;3322;3328;7.66;0.47;248.51;3.96;907;6;1122.00;6
2416;6;23451302;2416;266;3322;3328;7.66;0.47;248.56;3.96;906;6;1123.00;6
2420;6;23451313;2420;266;3327;3334;7.67;0.47;248.97;3.96;907;6;1124.00;7
2421;6;23451331;2421;258;3329;3336;7.65;0.47;249.02;3.96;908;6;1125.00;7
2424;6;23451342;2424;256;3329;3336;7.61;0.46;249.14;3.96;905;6;1126.00;7
2428;6;23451353;2428;259;3329;3336;7.55;0.46;249.46;3.96;901;6;1127.00;7
2432;6;23451365;2432;259;3332;3340;7.54;0.46;249.57;3.95;900;6;1128.00;8
2434;6;23451377;2434;259;3332;3340;7.49;0.46;249.64;3.95;898;6;1129.00;8
2435;6;23451387;2435;261;3332;3340;7.50;0.46;249.68;3.95;897;6;1130.00;8
2438;6;23451397;2438;268;3333;3341;7.52;0.46;249.70;3.95;895;6;1131.00;8
2440;6;23451408;2440;274;3336;3345;7.45;0.45;249.60;3.95;896;6;1132.00;9
2441;6;23451419;2441;269;3336;3345;7.47;0.45;249.63;3.95;895;6;1133.00;9
2444;6;23451430;2444;271;3338;3348;7.45;0.45;249.50;3.95;894;6;1134.00;10
2444;6;23451441;2444;271;3338;3348;7.46;0.45;249.50;3.95;894;6;1135.00;10
2447;6;23451452;2447;279;3339;3348;7.43;0.45;249.42;3.95;892;6;1136.00;9
2452;6;23451462;2452;291;3339;3348;7.40;0.45;249.47;3.95;887;6;1137.00;9
2452;6;23451473;2452;283;3343;3352;7.48;0.46;249.47;3.94;891;6;1138.00;9
2454;6;23451483;2454;290;3343;3352;7.45;0.45;249.38;3.94;889;6;1139.00;9
2456;6;23451497;2456;285;3343;3352;7.53;0.46;249.24;3.94;887;6;1140.00;9
2459;6;23451508;2459;280;3343;3352;7.56;0.46;249.09;3.94;884;6;1141.00;9
2460;6;23451520;2460;274;3343;3353;7.60;0.46;249.01;3.94;883;6;1142.00;10
2463;6;23451530;2463;269;3344;3354;7.61;0.46;249.02;3.94;881;6;1143.00;10
2465;6;23451542;2465;261;3344;3354;7.60;0.46;249.03;3.94;879;6;1144.00;10
2470;6;23451552;2470;262;3345;3355;7.62;0.46;249.01;3.94;875;6;1145.00;10
2473;6;23451563;2473;263;3345;3355;7.59;0.46;249.02;3.94;872;6;1146.00;10
2475;6;23451573;2475;262;3345;3355;7.64;0.46;248.95;3.94;870;6;1147.00;10
2482;6;23451583;2482;262;3345;3355;7.64;0.46;248.93;3.94;863;6;1148.00;10
2485;6;23451596;2485;264;3345;3355;7.69;0.46;248.82;3.94;860;6;1149.00;10
2487;6;23451606;2487;257;3345;3355;7.68;0.46;248.87;3.94;858;6;1150.00;10
2488;6;23451616;2488;259;3345;3355;7.71;0.47;248.78;3.94;857;6;1151.00;10
2489;6;23451626;2489;282;3413;3482;7.72;0.47;248.82;3.86;924;6;1152.00;69
2490;6;23451646;2490;274;3413;3483;7.70;0.47;248.80;3.86;923;6;1153.00;70
2491;6;23451656;2491;264;3419;3483;7.73;0.47;248.71;3.86;928;6;1154.00;64
2493;6;23451667;2493;261;3422;3483;7.68;0.47;248.73;3.89;929;6;1155.00;61
2498;6;23451679;2498;261;3427;3483;7.63;0.47;248.66;3.89;929;6;1156.00;56
2498;6;23451689;2498;260;3429;3483;7.64;0.47;248.66;3.89;931;6;1157.00;54
2499;6;23451701;2499;257;3435;3483;7.60;0.47;248.66;3.89;936;6;1158.00;48
2500;6;23451712;2500;259;3437;3483;7.63;0.47;248.59;3.90;937;6;1159.00;46
2502;6;23451729;2502;259;3439;3484;7.66;0.47;248.62;3.90;937;6;1160.00;45
2502;6;23451740;2502;258;3443;3485;7.63;0.47;248.62;3.90;941;6;1161.00;42
2504;6;23451750;2504;254;3445;3485;7.64;0.47;248.62;3.91;941;6;1162.00;40
2504;6;23451767;2504;253;3447;3486;7.63;0.47;248.62;3.91;943;6;1163.00;39
2505;6;23451779;2505;251;3450;3486;7.57;0.46;248.57;3.92;945;6;1164.00;36
2505;6;23451789;2505;257;3452;3486;7.53;0.46;248.57;3.92;947;6;1165.00;34
2506;6;23451799;2506;243;3454;3486;7.48;0.46;248.53;3.93;948;6;1166.00;32
2509;6;23451810;2509;238;3458;3490;7.44;0.46;248.57;3.93;949;6;1167.00;32
2512;6;23451821;2512;226;3460;3490;7.41;0.45;248.55;3.94;948;6;1168.00;30
2512;6;23451832;2512;225;3463;3490;7.43;0.45;248.55;3.95;951;6;1169.00;27
2513;7;23451845;2513;221;3467;3496;7.46;0.46;248.55;3.95;954;7;1170.00;29
2515;7;23451877;2515;227;3469;3496;7.49;0.46;248.50;3.96;954;7;1171.00;27
2517;7;23451888;2517;225;3471;3496;7.52;0.46;248.40;3.95;954;7;1172.00;25
2518;7;23451905;2518;223;3476;3500;7.62;0.47;248.39;3.96;958;7;1173.00;24
2520;7;23451918;2520;226;3478;3501;7.69;0.47;248.28;3.96;958;7;1174.00;23
2520;7;23451935;2520;226;3478;3501;7.77;0.48;248.28;3.96;958;7;1175.00;23
2522;7;23451946;2522;226;3482;3505;7.79;0.48;248.16;3.97;960;7;1176.00;23
2525;7;23451957;2525;232;3483;3505;7.72;0.47;248.02;3.97;958;7;1177.00;22
2525;7;23451969;2525;231;3485;3505;7.70;0.47;248.02;3.98;960;7;1178.00;20
2526;7;23451980;2526;234;3487;3506;7.66;0.47;247.93;3.99;961;7;1179.00;19
2529;7;23451991;2529;232;3488;3506;7.62;0.47;247.80;4.01;959;7;1180.00;18
2532;7;23452010;2532;235;3493;3512;7.69;0.47;247.60;4.01;961;7;1181.00;19
2534;7;23452023;2534;237;3495;3512;7.69;0.47;247.59;4.02;961;7;1182.00;17
2536;7;23452037;2536;245;3496;3513;7.65;0.47;247.57;4.04;960;7;1183.00;17
2537;7;23452049;2537;246;3496;3513;7.69;0.47;247.66;4.04;959;7;1184.00;17
2539;7;23452059;2539;251;3497;3513;7.73;0.47;247.54;4.05;958;7;1185.00;16
2542;7;23452070;2542;253;3498;3513;7.73;0.47;247.76;4.07;956;7;1186.00;15
2545;7;23452081;2545;257;3499;3513;7.63;0.47;247.76;4.07;954;7;1187.00;14
2549;7;23452092;2549;260;3510;3525;7.60;0.46;247.71;4.07;961;7;1188.00;15
2552;7;23452104;2552;268;3510;3525;7.54;0.46;247.77;4.07;958;7;1189.00;15
2556;7;23452117;2556;263;3512;3525;7.46;0.45;247.69;4.09;956;7;1190.00;13
2558;7;23452128;2558;266;3513;3525;7.46;0.45;247.66;4.11;955;7;1191.00;12
2561;7;23452140;2561;274;3514;3525;7.46;0.46;247.60;4.12;953;7;1192.00;11
2562;7;23452151;2562;274;3515;3525;7.47;0.46;247.62;4.13;953;7;1193.00;10
2564;7;23452162;2564;275;3520;3529;7.45;0.45;247.66;4.15;956;7;1194.00;9
2566;7;23452174;2566;270;3520;3529;7.44;0.45;247.84;4.15;954;7;1195.00;9
2570;7;23452185;2570;268;3526;3533;7.45;0.45;247.79;4.17;956;7;1196.00;7
2571;7;23452197;2571;271;3527;3534;7.41;0.45;247.82;4.17;956;7;1197.00;7
2574;7;23452208;2574;268;3529;3534;7.36;0.45;247.85;4.19;955;7;1198.00;5
2577;7;23452218;2577;265;3529;3534;7.29;0.45;247.80;4.19;952;7;1199.00;5
2579;7;23452232;2579;267;3555;3575;7.30;0.45;247.84;4.17;976;7;1200.00;20
2579;7;23452251;2579;267;3557;3575;7.36;0.45;247.84;4.18;978;7;1201.00;18
2583;7;23452263;2583;260;3560;3575;7.37;0.45;247.97;4.18;977;7;1202.00;15
2587;7;23452274;2587;262;3562;3576;7.37;0.45;248.12;4.18;975;7;1203.00;14
2587;7;23452285;2587;263;3564;3577;7.41;0.46;248.12;4.18;977;7;1204.00;13
2591;7;23452297;2591;260;3566;3577;7.38;0.45;248.34;4.18;975;7;1205.00;11
2593;7;23452309;2593;260;3570;3580;7.39;0.45;248.39;4.17;977;7;1206.00;10
2594;7;23452320;2594;250;3572;3580;7.39;0.45;248.34;4.18;978;7;1207.00;8
2596;7;23452332;2596;258;3573;3580;7.40;0.45;248.52;4.18;977;7;1208.00;7
2601;7;23452343;2601;262;3574;3580;7.41;0.45;248.48;4.18;973;7;1209.00;6
2603;7;23452354;2603;260;3580;3586;7.49;0.46;248.73;4.18;977;7;1210.00;6
2607;7;23452366;2607;261;3581;3586;7.47;0.46;249.04;4.18;974;7;1211.00;5
2609;7;23452377;2609;262;3581;3586;7.49;0.46;249.19;4.18;972;7;1212.00;5
2611;7;23452388;2611;265;3583;3586;7.47;0.46;249.44;4.18;972;7;1213.00;3
2617;7;23452398;2617;267;3587;3590;7.35;0.45;249.44;4.18;970;7;1214.00;3
2619;7;23452410;2619;272;3589;3592;7.32;0.45;249.60;4.17;970;7;1215.00;3
2623;7;23452420;2623;274;3589;3592;7.31;0.45;249.62;4.17;966;7;1216.00;3
2628;7;23452431;2628;274;3590;3593;7.32;0.45;249.63;4.17;962;7;1217.00;3
2634;7;23452442;2634;274;3590;3593;7.30;0.45;250.03;4.17;956;7;1218.00;3
2638;7;23452453;2638;279;3591;3593;7.29;0.44;250.01;4.18;953;7;1219.00;2
2642;7;23452463;2642;277;3591;3593;7.25;0.44;250.19;4.18;949;7;1220.00;2
2648;7;23452473;2648;280;3591;3593;7.17;0.44;250.04;4.18;943;7;1221.00;2
2652;7;23452485;2652;291;3591;3593;7.06;0.43;249.91;4.18;939;7;1222.00;2
2656;7;23452495;2656;292;3591;3593;6.96;0.42;250.14;4.18;935;7;1223.00;2
2659;7;23452505;2659;306;3634;3663;7.02;0.43;250.38;4.13;975;7;1224.00;29
2664;7;23452521;2664;289;3637;3664;7.03;0.43;250.62;4.13;973;7;1225.00;27
2668;7;23452533;2668;282;3644;3664;7.06;0.43;250.82;4.13;976;7;1226.00;20
2672;7;23452544;2672;275;3644;3664;7.01;0.43;250.98;4.13;972;7;1227.00;20
2679;7;23452554;2679;272;3649;3666;6.95;0.43;251.58;4.13;970;7;1228.00;17
2681;7;23452566;2681;266;3650;3666;6.97;0.43;251.82;4.13;969;7;1229.00;16
2686;7;23452582;2686;272;3656;3666;6.88;0.42;251.85;4.14;970;7;1230.00;10
2690;7;23452598;2690;271;3658;3666;6.87;0.42;252.17;4.14;968;7;1231.00;8
2694;7;23452615;2694;269;3661;3667;6.88;0.42;252.34;4.14;967;7;1232.00;6
2696;7;23452634;2696;272;3664;3668;6.86;0.42;252.42;4.14;968;7;1233.00;4
2699;7;23452654;2699;272;3665;3668;6.83;0.42;252.59;4.14;966;7;1234.00;3
2705;7;23452671;2705;269;3672;3672;6.81;0.41;252.99;4.14;967;7;1235.00;0
2710;7;23452691;2710;269;3672;3672;6.76;0.41;253.30;4.14;962;7;1236.00;0
2713;7;23452710;2713;271;3672;3672;6.78;0.41;253.57;4.14;959;7;1237.00;0
2717;7;23452729;2717;262;3672;3672;6.82;0.42;253.83;4.14;955;7;1238.00;0
2721;7;23452753;2721;262;3678;3678;6.79;0.41;254.13;4.14;957;7;1239.00;0
2726;7;23452774;2726;266;3678;3678;6.79;0.41;254.33;4.14;952;7;1240.00;0
2729;7;23452794;2729;263;3678;3678;6.87;0.42;254.48;4.14;949;7;1241.00;0
2731;7;23452813;2731;264;3680;3681;6.99;0.43;254.54;4.14;949;7;1242.00;1
2735;7;23452843;2735;267;3680;3681;7.06;0.43;254.89;4.14;945;7;1243.00;1
2742;7;23452860;2742;271;3681;3681;7.09;0.44;255.00;4.14;939;7;1244.00;0
2748;7;23452885;2748;274;3682;3682;7.09;0.43;255.18;4.13;934;7;1245.00;0
2753;7;23452906;2753;280;3683;3683;7.07;0.43;255.30;4.13;930;7;1246.00;0
2756;7;23452927;2756;284;3683;3683;7.06;0.43;255.32;4.13;927;7;1247.00;0
2762;7;23452949;2762;290;3695;3696;7.12;0.44;255.51;4.12;933;7;1248.00;1
2768;7;23452973;2768;289;3696;3696;7.13;0.44;255.54;4.12;928;7;1249.00;0
2773;7;23452996;2773;286;3696;3696;7.18;0.44;255.57;4.12;923;7;1250.00;0
2784;7;23453021;2784;293;3697;3697;7.16;0.44;255.83;4.12;913;7;1251.00;0
2787;7;23453042;2787;288;3697;3697;7.18;0.44;255.79;4.12;910;7;1252.00;0
2790;7;23453064;2790;297;3701;3701;7.15;0.44;256.05;4.12;911;7;1253.00;0
2794;7;23453085;2794;302;3701;3701;7.08;0.43;256.25;4.12;907;7;1254.00;0
2796;7;23453104;2796;304;3704;3705;7.05;0.43;256.27;4.11;908;7;1255.00;1
2802;7;23453118;2802;305;3705;3705;6.97;0.43;256.59;4.11;903;7;1256.00;0
2808;7;23453130;2808;310;3705;3705;6.95;0.42;256.92;4.11;897;7;1257.00;0
2811;7;23453142;2811;308;3705;3705;6.93;0.42;257.06;4.11;894;7;1258.00;0
2815;7;23453154;2815;310;3705;3705;6.90;0.42;257.13;4.11;890;7;1259.00;0
2817;7;23453168;2817;318;3733;3739;7.00;0.43;257.17;4.08;916;7;1260.00;6
2819;7;23453186;2819;316;3733;3739;6.98;0.43;257.26;4.08;914;7;1261.00;6
2822;7;23453199;2822;319;3736;3739;6.99;0.43;257.47;4.08;914;7;1262.00;3
2824;7;23453213;2824;317;3736;3739;6.89;0.42;257.58;4.08;912;7;1263.00;3
2826;7;23453228;2826;319;3737;3739;6.81;0.42;257.68;4.08;911;7;1264.00;2
2830;7;23453241;2830;326;3737;3739;6.68;0.41;257.75;4.08;907;7;1265.00;2
2831;7;23453254;2831;328;3737;3740;6.53;0.40;257.80;4.08;906;7;1266.00;3
2834;7;23453271;2834;330;3737;3740;6.42;0.39;257.90;4.08;903;7;1267.00;3
2835;7;23453284;2835;332;3742;3746;6.38;0.39;257.81;4.08;907;7;1268.00;4
2838;7;23453297;2838;339;3743;3747;6.27;0.38;258.00;4.07;905;7;1269.00;4
2841;7;23453307;2841;343;3743;3747;6.20;0.38;257.98;4.07;902;7;1270.00;4
2842;7;23453318;2842;348;3743;3747;6.23;0.38;258.00;4.07;901;7;1271.00;4
2845;7;23453328;2845;334;3746;3751;6.29;0.39;258.07;4.07;901;7;1272.00;5
2847;7;23453339;2847;333;3746;3751;6.41;0.39;257.98;4.07;899;7;1273.00;5
2849;7;23453349;2849;327;3746;3751;6.53;0.40;257.96;4.07;897;7;1274.00;5
2851;7;23453359;2851;323;3747;3752;6.63;0.40;257.93;4.07;896;7;1275.00;5
2855;7;23453371;2855;326;3750;3756;6.70;0.41;258.15;4.07;895;7;1276.00;6
2856;7;23453383;2856;317;3750;3756;6.69;0.41;258.30;4.07;894;7;1277.00;6
2859;7;23453393;2859;314;3752;3759;6.76;0.41;258.36;4.07;893;7;1278.00;7
2861;7;23453405;2861;318;3752;3759;6.75;0.41;258.33;4.07;891;7;1279.00;7
2865;7;23453415;2865;319;3753;3759;6.75;0.41;258.58;4.07;888;7;1280.00;6
2869;7;23453432;2869;306;3753;3759;6.83;0.42;258.76;4.07;884;7;1281.00;6
2870;7;23453443;2870;297;3757;3763;6.94;0.42;258.76;4.06;887;7;1282.00;6
2873;7;23453455;2873;292;3757;3763;6.95;0.42;258.94;4.06;884;7;1283.00;6
2873;7;23453466;2873;287;3757;3763;7.02;0.43;258.94;4.06;884;7;1284.00;6
2876;7;23453477;2876;282;3757;3763;7.02;0.43;259.02;4.06;881;7;1285.00;6
2878;7;23453487;2878;277;3757;3764;7.05;0.43;259.08;4.06;879;7;1286.00;7
2880;7;23453500;2880;282;3758;3765;7.12;0.43;259.18;4.06;878;7;1287.00;7
2882;7;23453511;2882;281;3758;3765;7.18;0.44;259.28;4.06;876;7;1288.00;7
2884;7;23453521;2884;283;3759;3766;7.25;0.44;259.40;4.06;875;7;1289.00;7
2884;7;23453534;2884;284;3759;3766;7.33;0.45;259.40;4.06;875;7;1290.00;7
2889;7;23453545;2889;291;3759;3766;7.33;0.45;259.34;4.06;870;7;1291.00;7
2891;7;23453555;2891;280;3759;3766;7.37;0.45;259.42;4.06;868;7;1292.00;7
2892;7;23453567;2892;277;3759;3766;7.47;0.46;259.50;4.06;867;7;1293.00;7
2895;7;23453578;2895;279;3759;3766;7.46;0.46;259.46;4.06;864;7;1294.00;7
2897;7;23453589;2897;277;3759;3766;7.50;0.46;259.48;4.06;862;7;1295.00;7
2898;7;23453600;2898;285;3825;3893;7.87;0.49;259.42;3.99;927;7;1296.00;68
2901;7;23453622;2901;276;3827;3894;7.94;0.49;259.55;3.99;926;7;1297.00;67
2902;7;23453633;2902;269;3836;3894;8.01;0.50;259.49;3.98;934;7;1298.00;58
2906;7;23453644;2906;269;3839;3894;8.00;0.49;259.37;3.98;933;7;1299.00;55
2907;7;23453655;2907;263;3845;3894;7.99;0.49;259.38;3.98;938;7;1300.00;49
2910;7;23453670;2910;266;3849;3894;7.89;0.49;259.40;3.98;939;7;1301.00;45
2914;7;23453688;2914;273;3854;3894;7.80;0.48;259.31;3.99;940;7;1302.00;40
2914;7;23453699;2914;272;3856;3894;7.76;0.48;259.31;3.99;942;7;1303.00;38
2916;7;23453710;2916;280;3858;3895;7.69;0.47;259.31;3.99;942;7;1304.00;37
2918;7;23453721;2918;282;3864;3897;7.61;0.47;259.18;4.00;946;7;1305.00;33
2921;7;23453739;2921;296;3865;3897;7.50;0.46;259.12;4.00;944;7;1306.00;32
2923;7;23453750;2923;294;3866;3898;7.45;0.46;259.01;4.00;943;7;1307.00;32
2927;7;23453760;2927;296;3868;3898;7.38;0.45;259.17;4.00;941;7;1308.00;30
2927;7;23453779;2927;305;3869;3898;7.34;0.45;259.17;4.01;942;7;1309.00;29
2928;7;23453790;2928;313;3873;3898;7.33;0.45;259.11;4.02;945;7;1310.00;25
2929;7;23453801;2929;318;3876;3902;7.33;0.45;259.10;4.02;947;7;1311.00;26
2932;7;23453813;2932;319;3877;3902;7.33;0.45;259.09;4.02;945;7;1312.00;25
2935;7;23453824;2935;325;3880;3902;7.36;0.45;259.17;4.03;945;7;1313.00;22
2935;7;23453836;2935;326;3881;3905;7.36;0.45;259.17;4.02;946;7;1314.00;24
2937;7;23453849;2937;323;3882;3905;7.36;0.45;259.16;4.03;945;7;1315.00;23
2941;7;23453859;2941;320;3883;3905;7.33;0.45;259.29;4.03;942;7;1316.00;22
2944;7;23453872;2944;317;3887;3909;7.28;0.44;259.33;4.03;943;7;1317.00;22
2947;7;23453883;2947;311;3888;3910;7.25;0.44;259.19;4.03;941;7;1318.00;22
2949;7;23453895;2949;309;3890;3910;7.22;0.44;259.05;4.04;941;7;1319.00;20
2949;7;23453907;2949;308;3895;3915;7.28;0.44;259.05;4.03;946;7;1320.00;20
2950;7;23453920;2950;302;3895;3915;7.36;0.45;258.97;4.03;945;7;1321.00;20
2950;7;23453932;2950;299;3895;3915;7.35;0.45;258.97;4.03;945;7;1322.00;20
2951;7;23453943;2951;281;3896;3916;7.38;0.45;259.05;4.03;945;7;1323.00;20
2953;7;23453953;2953;275;3896;3916;7.41;0.45;259.12;4.03;943;7;1324.00;20
2958;7;23453964;2958;266;3900;3922;7.40;0.45;259.01;4.03;942;7;1325.00;22
2963;7;23453976;2963;256;3900;3922;7.34;0.44;258.89;4.03;937;7;1326.00;22
2966;7;23453987;2966;250;3900;3923;7.32;0.44;258.83;4.03;934;7;1327.00;23
2967;7;23453999;2967;248;3900;3923;7.29;0.44;258.82;4.03;933;7;1328.00;23
2968;7;23454010;2968;242;3901;3923;7.31;0.44;258.84;4.05;933;7;1329.00;22
2968;7;23454030;2968;236;3902;3923;7.28;0.44;258.84;4.06;934;7;1330.00;21
2969;7;23454040;2969;234;3902;3923;7.27;0.44;258.91;4.06;933;7;1331.00;21
2970;7;23454051;2970;227;3911;3935;7.35;0.45;258.89;4.05;941;7;1332.00;24
2971;7;23454063;2971;223;3912;3935;7.33;0.45;258.91;4.05;941;7;1333.00;23
2974;7;23454075;2974;220;3913;3935;7.37;0.45;259.03;4.05;939;7;1334.00;22
2974;7;23454087;2974;213;3913;3935;7.43;0.45;259.03;4.05;939;7;1335.00;22
2975;7;23454098;2975;210;3913;3935;7.47;0.45;259.02;4.05;938;7;1336.00;22
2978;7;23454109;2978;206;3913;3935;7.49;0.46;258.99;4.05;935;7;1337.00;22
2979;7;23454124;2979;213;3916;3939;7.54;0.46;259.01;4.05;937;7;1338.00;23
2983;7;23454141;2983;205;3916;3939;7.58;0.46;258.94;4.05;933;7;1339.00;23
2987;7;23454153;2987;201;3919;3943;7.65;0.46;258.82;4.05;932;7;1340.00;24
2988;7;23454164;2988;201;3919;3944;7.70;0.47;258.81;4.05;931;7;1341.00;25
2989;7;23454174;2989;194;3920;3944;7.76;0.47;258.75;4.04;931;7;1342.00;24
2991;7;23454187;2991;183;3920;3944;7.80;0.47;258.73;4.04;929;7;1343.00;24
2994;7;23454197;2994;181;3931;3957;7.86;0.47;258.63;4.05;937;7;1344.00;26
2996;7;23454209;2996;183;3931;3957;7.91;0.48;258.54;4.05;935;7;1345.00;26
2999;7;23454221;2999;185;3932;3957;7.94;0.48;258.52;4.05;933;7;1346.00;25
3000;7;23454232;3000;182;3934;3958;8.02;0.49;258.44;4.07;934;7;1347.00;24
3001;7;23454243;3001;177;3935;3959;8.04;0.49;258.54;4.07;934;7;1348.00;24
3003;7;23454255;3003;178;3935;3959;8.10;0.49;258.58;4.07;932;7;1349.00;24
3003;7;23454267;3003;184;3941;3968;8.11;0.49;258.58;4.07;938;7;1350.00;27
3006;7;23454279;3006;181;3944;3968;8.12;0.49;258.58;4.09;938;7;1351.00;24
3007;7;23454292;3007;187;3947;3968;8.08;0.49;258.65;4.11;940;7;1352.00;21
3011;7;23454308;3011;192;3947;3968;8.13;0.49;258.59;4.11;936;7;1353.00;21
3015;7;23454319;3015;193;3953;3974;8.13;0.49;258.59;4.12;938;7;1354.00;21
3016;7;23454331;3016;200;3955;3974;8.14;0.49;258.62;4.14;939;7;1355.00;19
3016;7;23454341;3016;206;3955;3974;8.13;0.49;258.62;4.14;939;7;1356.00;19
3020;7;23454352;3020;205;3957;3974;8.08;0.49;258.73;4.17;937;7;1357.00;17
3020;7;23454362;3020;213;3960;3978;8.04;0.49;258.73;4.16;940;7;1358.00;18
3023;7;23454375;3023;224;3962;3979;8.01;0.49;258.85;4.18;939;7;1359.00;17
3023;7;23454386;3023;226;3964;3979;7.99;0.49;258.85;4.20;941;7;1360.00;15
3026;7;23454397;3026;229;3965;3980;7.93;0.48;258.90;4.19;939;7;1361.00;15
3029;7;23454407;3029;228;3965;3980;7.84;0.48;258.89;4.19;936;7;1362.00;15
3032;7;23454419;3032;231;3966;3980;7.75;0.47;258.93;4.21;934;7;1363.00;14
3037;7;23454435;3037;234;3966;3980;7.72;0.47;259.09;4.21;929;7;1364.00;14
3037;7;23454446;3037;242;3967;3980;7.71;0.47;259.09;4.23;930;7;1365.00;13
3038;7;23454457;3038;242;3969;3980;7.69;0.47;259.12;4.26;931;7;1366.00;11
3039;7;23454467;3039;243;3971;3980;7.63;0.47;259.17;4.29;932;7;1367.00;9
3042;7;23454478;3042;248;4011;4050;7.72;0.47;259.19;4.25;969;7;1368.00;39
3044;7;23454495;3044;244;4014;4051;7.66;0.47;259.37;4.26;970;7;1369.00;37
3047;7;23454506;3047;242;4018;4051;7.64;0.47;259.38;4.26;971;7;1370.00;33
3048;7;23454517;3048;239;4022;4051;7.61;0.47;259.53;4.27;974;7;1371.00;29
3052;7;23454527;3052;242;4023;4051;7.57;0.46;259.70;4.27;971;7;1372.00;28
3054;7;23454538;3054;248;4026;4051;7.53;0.46;259.78;4.27;972;7;1373.00;25
3057;7;23454550;3057;247;4030;4051;7.46;0.46;260.11;4.30;973;7;1374.00;21
3060;7;23454560;3060;241;4034;4051;7.49;0.46;260.18;4.30;974;7;1375.00;17
3060;7;23454572;3060;238;4040;4052;7.50;0.46;260.18;4.32;980;7;1376.00;12
3065;7;23454585;3065;242;4044;4053;7.48;0.46;260.19;4.32;979;7;1377.00;9
3067;7;23454596;3067;246;4047;4053;7.44;0.45;260.27;4.33;980;7;1378.00;6
3069;7;23454607;3069;246;4051;4057;7.36;0.45;260.38;4.33;982;7;1379.00;6
3071;7;23454620;3071;248;4053;4057;7.38;0.45;260.34;4.33;982;7;1380.00;4
3072;7;23454631;3072;247;4056;4057;7.40;0.45;260.43;4.34;984;7;1381.00;1
3075;7;23454642;3075;250;4056;4057;7.39;0.45;260.40;4.34;981;7;1382.00;1
3080;7;23454654;3080;255;4062;4063;7.47;0.46;260.67;4.33;982;7;1383.00;1
3086;7;23454666;3086;256;4062;4063;7.43;0.45;260.96;4.33;976;7;1384.00;1
3087;7;23454677;3087;262;4062;4063;7.43;0.45;260.93;4.33;975;7;1385.00;1
3090;7;23454690;3090;267;4065;4066;7.44;0.45;260.84;4.33;975;7;1386.00;1
3094;7;23454702;3094;266;4065;4066;7.41;0.45;260.96;4.33;971;7;1387.00;1
3097;7;23454714;3097;270;4066;4066;7.37;0.45;261.16;4.33;969;7;1388.00;0
3105;7;23454727;3105;278;4067;4067;7.25;0.44;261.19;4.33;962;7;1389.00;0
3106;7;23454740;3106;286;4068;4068;7.18;0.44;261.28;4.33;962;7;1390.00;0
3110;7;23454752;3110;289;4068;4068;7.05;0.43;261.25;4.33;958;7;1391.00;0
3114;7;23454763;3114;293;4081;4081;6.94;0.42;261.27;4.32;967;7;1392.00;0
3117;7;23454775;3117;301;4081;4081;6.93;0.42;261.45;4.32;964;7;1393.00;0
3122;7;23454787;3122;300;4081;4081;6.90;0.42;261.70;4.32;959;7;1394.00;0
3125;7;23454798;3125;305;4083;4083;6.89;0.42;261.83;4.31;958;7;1395.00;0
3129;7;23454809;3129;304;4083;4083;6.85;0.42;261.94;4.31;954;7;1396.00;0
3133;7;23454820;3133;301;4087;4087;6.87;0.42;262.12;4.31;954;7;1397.00;0
3137;7;23454831;3137;300;4087;4087;6.81;0.42;262.41;4.31;950;7;1398.00;0
3142;7;23454841;3142;302;4091;4091;6.74;0.41;262.57;4.31;949;7;1399.00;0
3146;7;23454854;3146;283;4091;4091;6.71;0.41;262.76;4.31;945;7;1400.00;0
3151;7;23454869;3151;271;4091;4091;6.65;0.40;263.06;4.31;940;7;1401.00;0
3154;7;23454886;3154;266;4091;4091;6.66;0.41;263.11;4.31;937;7;1402.00;0
3156;7;23454896;3156;266;4091;4091;6.59;0.40;263.26;4.31;935;7;1403.00;0
3161;7;23454909;3161;265;4102;4103;6.67;0.41;263.59;4.30;941;7;1404.00;1
3164;7;23454923;3164;269;4103;4103;6.73;0.41;263.64;4.30;939;7;1405.00;0
3167;7;23454936;3167;273;4103;4103;6.77;0.42;263.85;4.30;936;7;1406.00;0
3173;7;23454948;3173;269;4103;4103;6.81;0.42;264.00;4.30;930;7;1407.00;0
3177;7;23454959;3177;264;4103;4103;6.89;0.42;264.26;4.30;926;7;1408.00;0
3183;7;23454972;3183;255;4103;4103;6.99;0.43;264.43;4.30;920;7;1409.00;0
3187;7;23454986;3187;253;4104;4104;7.02;0.43;264.55;4.29;917;7;1410.00;0
3190;7;23454998;3190;255;4104;4104;6.99;0.43;264.67;4.29;914;7;1411.00;0
3196;7;23455010;3196;256;4110;4110;7.02;0.43;264.79;4.29;914;7;1412.00;0
3200;7;23455025;3200;261;4111;4111;6.99;0.43;264.98;4.29;911;7;1413.00;0
3201;7;23455038;3201;266;4111;4111;6.99;0.43;265.04;4.29;910;7;1414.00;0
3206;7;23455051;3206;267;4111;4111;6.93;0.43;265.31;4.29;905;7;1415.00;0
3215;7;23455062;3215;272;4115;4115;6.89;0.42;265.33;4.28;900;7;1416.00;0
3216;7;23455073;3216;275;4115;4115;6.89;0.42;265.39;4.28;899;7;1417.00;0
3223;7;23455085;3223;280;4115;4115;6.73;0.41;265.32;4.28;892;7;1418.00;0
3228;7;23455096;3228;282;4116;4116;6.66;0.41;265.49;4.28;888;7;1419.00;0
3230;7;23455107;3230;291;4120;4120;6.59;0.40;265.47;4.28;890;7;1420.00;0
3238;7;23455118;3238;292;4120;4120;6.44;0.39;265.61;4.28;882;7;1421.00;0
3242;7;23455129;3242;298;4122;4123;6.43;0.39;265.74;4.28;880;7;1422.00;1
3247;7;23455141;3247;311;4122;4123;6.39;0.39;266.02;4.28;875;7;1423.00;1
3252;7;23455155;3252;306;4123;4123;6.33;0.39;266.14;4.28;871;7;1424.00;0
3254;7;23455167;3254;303;4123;4123;6.33;0.39;266.19;4.28;869;7;1425.00;0
3258;7;23455179;3258;308;4127;4127;6.33;0.38;266.31;4.27;869;7;1426.00;0
3263;7;23455191;3263;312;4127;4127;6.24;0.38;266.46;4.27;864;7;1427.00;0
3264;7;23455203;3264;316;4127;4127;6.26;0.38;266.50;4.27;863;7;1428.00;0
3268;7;23455215;3268;321;4127;4127;6.18;0.38;266.66;4.27;859;7;1429.00;0
3273;7;23455226;3273;318;4128;4128;6.08;0.37;266.98;4.27;855;7;1430.00;0
3275;7;23455238;3275;320;4129;4129;6.04;0.37;267.04;4.27;854;7;1431.00;0
3281;7;23455251;3281;326;4129;4129;6.02;0.37;267.08;4.27;848;7;1432.00;0
3283;7;23455261;3283;328;4130;4130;6.02;0.37;267.24;4.27;847;7;1433.00;0
3289;7;23455272;3289;334;4130;4130;5.95;0.36;267.40;4.27;841;7;1434.00;0
3291;7;23455282;3291;339;4130;4130;5.93;0.36;267.64;4.27;839;7;1435.00;0
3292;7;23455293;3292;341;4130;4130;5.90;0.36;267.71;4.27;838;7;1436.00;0
3296;7;23455306;3296;348;4130;4130;5.85;0.36;267.88;4.27;834;7;1437.00;0
3300;7;23455317;3300;351;4130;4130;5.78;0.35;267.79;4.27;830;7;1438.00;0
3303;7;23455327;3303;355;4130;4130;5.70;0.35;267.86;4.27;827;7;1439.00;0
3303;7;23455338;3303;385;4234;4360;6.31;0.40;267.86;4.17;931;7;1440.00;126
3305;7;23455367;3305;383;4243;4361;6.35;0.40;267.96;4.16;938;7;1441.00;118
3307;7;23455377;3307;380;4256;4361;6.41;0.41;267.88;4.15;949;7;1442.00;105
3310;7;23455388;3310;377;4268;4361;6.38;0.40;268.00;4.15;958;7;1443.00;93
3314;7;23455400;3314;377;4278;4361;6.38;0.40;267.99;4.15;964;7;1444.00;83
3314;7;23455411;3314;382;4283;4361;6.41;0.40;267.99;4.15;969;7;1445.00;78
3315;7;23455423;3315;388;4293;4361;6.42;0.40;268.06;4.16;978;7;1446.00;68
3316;7;23455436;3316;380;4300;4361;6.40;0.40;268.09;4.16;984;7;1447.00;61
3320;7;23455449;3320;375;4308;4362;6.42;0.40;268.10;4.17;988;7;1448.00;54
3322;7;23455461;3322;365;4313;4363;6.42;0.40;268.00;4.17;991;7;1449.00;50
3322;7;23455475;3322;368;4319;4363;6.47;0.41;268.00;4.18;997;7;1450.00;44
3325;7;23455487;3325;368;4321;4364;6.47;0.40;267.96;4.18;996;7;1451.00;43
3326;7;23455500;3326;376;4324;4364;6.45;0.40;267.88;4.19;998;7;1452.00;40
3327;7;23455512;3327;376;4329;4364;6.41;0.40;267.89;4.20;1002;7;1453.00;35
3328;7;23455532;3328;384;4331;4364;6.41;0.40;267.84;4.20;1003;7;1454.00;33
3330;7;23455544;3330;391;4334;4368;6.35;0.40;267.73;4.20;1004;7;1455.00;34
3332;7;23455563;3332;384;4335;4368;6.39;0.40;267.79;4.21;1003;8;1456.00;33
3332;7;23455592;3332;375;4335;4368;6.40;0.40;267.79;4.21;1003;8;1457.00;33
3333;7;23455605;3333;367;4336;4371;6.46;0.40;267.71;4.21;1003;8;1458.00;35
3338;7;23455618;3338;368;4337;4371;6.44;0.40;267.67;4.21;999;8;1459.00;34
3341;7;23455637;3341;362;4339;4371;6.49;0.40;267.57;4.21;998;8;1460.00;32
3344;7;23455652;3344;366;4343;4375;6.57;0.40;267.55;4.22;999;8;1461.00;32
3347;7;23455666;3347;360;4345;4376;6.69;0.41;267.45;4.22;998;8;1462.00;31
3349;7;23455680;3349;369;4345;4376;6.78;0.42;267.33;4.22;996;8;1463.00;31
3350;7;23455699;3350;366;4348;4380;6.83;0.42;267.38;4.22;998;8;1464.00;32
3355;7;23455713;3355;368;4349;4380;6.83;0.42;267.31;4.22;994;8;1465.00;31
3358;7;23455726;3358;369;4351;4380;6.88;0.42;267.40;4.23;993;8;1466.00;29
3360;7;23455739;3360;367;4351;4381;6.91;0.42;267.31;4.23;991;8;1467.00;30
3361;7;23455753;3361;367;4351;4381;6.96;0.43;267.34;4.23;990;8;1468.00;30
3364;7;23455766;3364;368;4356;4387;6.95;0.43;267.31;4.23;992;8;1469.00;31
3367;7;23455782;3367;368;4356;4387;6.98;0.43;267.31;4.23;989;8;1470.00;31
3369;7;23455795;3369;372;4356;4388;6.95;0.42;267.25;4.23;987;8;1471.00;32
3370;7;23455808;3370;372;4357;4388;6.94;0.42;267.24;4.24;987;8;1472.00;31
3374;7;23455820;3374;374;4359;4388;6.90;0.42;267.17;4.25;985;8;1473.00;29
3375;7;23455834;3375;377;4359;4388;6.88;0.42;267.18;4.25;984;8;1474.00;29
3375;7;23455846;3375;385;4360;4388;6.89;0.42;267.18;4.25;985;8;1475.00;28
3375;7;23455859;3375;390;4368;4400;6.92;0.42;267.18;4.24;993;8;1476.00;32
3378;7;23455873;3378;393;4370;4400;6.82;0.42;267.15;4.26;992;8;1477.00;30
3381;7;23455885;3381;389;4371;4400;6.81;0.42;267.07;4.26;990;8;1478.00;29
3383;7;23455902;3383;385;4372;4400;6.78;0.41;267.06;4.26;989;8;1479.00;28
3383;7;23455914;3383;374;4374;4400;6.80;0.41;267.06;4.27;991;8;1480.00;26
3386;7;23455929;3386;362;4375;4400;6.83;0.42;266.94;4.27;989;8;1481.00;25
3388;7;23455942;3388;362;4378;4404;6.87;0.42;266.95;4.27;990;8;1482.00;26
3390;7;23455954;3390;351;4379;4404;6.92;0.42;266.82;4.27;989;8;1483.00;25
3390;7;23455966;3390;348;4382;4408;7.02;0.43;266.82;4.27;992;8;1484.00;26
3393;7;23455979;3393;346;4386;4410;7.05;0.43;266.88;4.27;993;8;1485.00;24
3393;7;23455992;3393;340;4386;4410;7.07;0.43;266.88;4.27;993;8;1486.00;24
3393;7;23456012;3393;337;4386;4410;7.10;0.43;266.88;4.27;993;8;1487.00;24
3394;7;23456030;3394;335;4395;4423;7.16;0.44;266.87;4.26;1001;8;1488.00;28
3395;7;23456043;3395;339;4395;4423;7.17;0.44;266.86;4.26;1000;8;1489.00;28
3395;7;23456063;3395;335;4395;4423;7.19;0.44;266.86;4.26;1000;8;1490.00;28
3399;7;23456081;3399;333;4396;4424;7.21;0.44;266.80;4.26;997;8;1491.00;28
3401;7;23456100;3401;315;4396;4425;7.25;0.44;266.75;4.26;995;8;1492.00;29
3403;7;23456112;3403;309;4396;4425;7.30;0.44;266.83;4.26;993;8;1493.00;29
3403;7;23456125;3403;301;4398;4428;7.38;0.45;266.83;4.26;995;8;1494.00;30
3405;7;23456137;3405;290;4398;4428;7.37;0.45;266.95;4.26;993;8;1495.00;30
3406;7;23456149;3406;282;4399;4428;7.43;0.45;266.94;4.26;993;8;1496.00;29
3407;7;23456161;3407;280;4399;4428;7.48;0.45;267.00;4.26;992;8;1497.00;29
3409;7;23456172;3409;276;4404;4434;7.52;0.46;267.00;4.25;995;8;1498.00;30
3412;7;23456185;3412;276;4404;4434;7.57;0.46;267.09;4.25;992;8;1499.00;30
3414;7;23456199;3414;275;4408;4453;7.57;0.46;267.17;4.25;994;8;1500.00;45
3420;7;23456219;3420;266;4408;4453;7.50;0.45;267.25;4.25;988;8;1501.00;45
3423;7;23456231;3423;268;4411;4457;7.43;0.45;267.21;4.25;988;8;1502.00;46
3426;7;23456243;3426;264;4412;4458;7.40;0.45;267.26;4.25;986;8;1503.00;46
3430;7;23456258;3430;250;4412;4458;7.40;0.45;267.48;4.25;982;8;1504.00;46
3434;7;23456270;3434;252;4416;4459;7.39;0.45;267.58;4.27;982;8;1505.00;43
3438;7;23456283;3438;241;4417;4459;7.37;0.45;267.66;4.27;979;8;1506.00;42
3441;7;23456296;3441;237;4417;4459;7.38;0.45;267.82;4.27;976;8;1507.00;42
3446;7;23456308;3446;239;4417;4459;7.45;0.45;267.77;4.27;971;8;1508.00;42
3449;7;23456320;3449;229;4417;4459;7.50;0.45;267.77;4.27;968;8;1509.00;42
3451;7;23456332;3451;224;4417;4459;7.59;0.46;267.80;4.27;966;8;1510.00;42
3452;7;23456344;3452;227;4419;4459;7.63;0.46;267.80;4.28;967;8;1511.00;40
3452;7;23456355;3452;223;4453;4529;7.74;0.47;267.80;4.24;1001;8;1512.00;76
3456;7;23456373;3456;218;4454;4530;7.81;0.48;267.72;4.24;998;8;1513.00;76
3462;7;23456386;3462;211;4459;4530;7.85;0.48;267.80;4.24;997;8;1514.00;71
3462;7;23456398;3462;207;4461;4530;7.91;0.48;267.80;4.24;999;8;1515.00;69
3464;7;23456410;3464;201;4463;4530;7.99;0.48;267.78;4.24;999;8;1516.00;67
3467;7;23456423;3467;205;4467;4530;8.00;0.48;268.03;4.24;1000;8;1517.00;63
3469;7;23456434;3469;198;4469;4530;8.05;0.49;267.99;4.25;1000;8;1518.00;61
3469;7;23456446;3469;197;4471;4530;8.14;0.49;267.99;4.25;1002;8;1519.00;59
3471;7;23456464;3471;200;4473;4531;8.14;0.49;268.02;4.25;1002;8;1520.00;58
3474;7;23456477;3474;199;4475;4532;8.15;0.49;268.10;4.25;1001;8;1521.00;57
3474;7;23456489;3474;197;4481;4532;8.15;0.49;268.10;4.28;1007;8;1522.00;51
3475;7;23456501;3475;199;4487;4536;8.14;0.49;268.17;4.28;1012;8;1523.00;49
3477;7;23456514;3477;204;4488;4536;8.16;0.49;268.10;4.28;1011;8;1524.00;48
3479;7;23456528;3479;207;4489;4536;8.16;0.49;268.16;4.30;1010;8;1525.00;47
3481;7;23456542;3481;200;4489;4536;8.13;0.49;268.24;4.30;1008;8;1526.00;47
3483;7;23456557;3483;204;4493;4542;8.08;0.49;268.34;4.31;1010;8;1527.00;49
3487;7;23456570;3487;205;4497;4542;8.06;0.49;268.40;4.34;1010;8;1528.00;45
3488;7;23456583;3488;210;4498;4542;8.06;0.49;268.55;4.35;1010;8;1529.00;44
3491;7;23456597;3491;211;4503;4548;8.03;0.49;268.47;4.38;1012;8;1530.00;45
3493;7;23456610;3493;220;4507;4548;8.00;0.48;268.66;4.41;1014;8;1531.00;41
3498;7;23456623;3498;220;4510;4548;8.00;0.48;268.69;4.43;1012;8;1532.00;38
3499;7;23456636;3499;222;4512;4549;7.99;0.48;268.84;4.45;1013;8;1533.00;37
3500;7;23456648;3500;233;4515;4550;7.99;0.48;268.85;4.48;1015;8;1534.00;35
3504;7;23456660;3504;240;4516;4550;8.01;0.49;269.02;4.48;1012;8;1535.00;34
3509;7;23456673;3509;243;4527;4563;7.93;0.48;268.99;4.52;1018;8;1536.00;36
3511;7;23456687;3511;241;4531;4563;7.86;0.48;269.10;4.58;1020;8;1537.00;32
3513;7;23456699;3513;245;4532;4563;7.86;0.48;269.02;4.60;1019;8;1538.00;31
3515;7;23456713;3515;253;4534;4564;7.86;0.48;269.16;4.61;1019;8;1539.00;30
3519;7;23456728;3519;253;4537;4564;7.81;0.47;269.30;4.65;1018;8;1540.00;27
3524;7;23456742;3524;251;4544;4568;7.80;0.47;269.32;4.68;1020;8;1541.00;24
3526;7;23456756;3526;260;4545;4568;7.80;0.47;269.34;4.68;1019;8;1542.00;23
3528;8;23456774;3528;264;4551;4572;7.79;0.47;269.40;4.72;1023;9;1543.00;21
3529;8;23456801;3529;265;4553;4572;7.79;0.47;269.34;4.74;1024;9;1544.00;19
3532;8;23456814;3532;272;4553;4572;7.74;0.47;269.59;4.74;1021;9;1545.00;19
3535;8;23456826;3535;270;4553;4572;7.72;0.47;269.70;4.74;1018;9;1546.00;19
3538;8;23456838;3538;271;4555;4572;7.66;0.47;269.78;4.76;1017;9;1547.00;17
3542;8;23456850;3542;280;4566;4584;7.62;0.47;269.92;4.76;1024;9;1548.00;18
3546;8;23456863;3546;276;4567;4584;7.63;0.47;269.89;4.77;1021;9;1549.00;17
3550;8;23456876;3550;275;4570;4584;7.62;0.47;270.25;4.78;1020;9;1550.00;14
3550;8;23456889;3550;279;4571;4584;7.64;0.47;270.25;4.78;1021;9;1551.00;13
3553;8;23456901;3553;275;4573;4584;7.60;0.47;270.32;4.80;1020;9;1552.00;11
3555;8;23456913;3555;278;4573;4584;7.58;0.46;270.41;4.80;1018;9;1553.00;11
3558;8;23456932;3558;279;4575;4585;7.53;0.46;270.45;4.82;1017;9;1554.00;10
3559;8;23456946;3559;280;4580;4587;7.52;0.46;270.47;4.84;1021;9;1555.00;7
3562;8;23456960;3562;281;4587;4593;7.59;0.46;270.45;4.83;1025;9;1556.00;6
3563;8;23456973;3563;279;4589;4594;7.67;0.47;270.47;4.84;1026;9;1557.00;5
3565;8;23456985;3565;282;4589;4594;7.64;0.47;270.61;4.84;1024;9;1558.00;5
3568;8;23456997;3568;280;4590;4594;7.60;0.47;270.62;4.84;1022;9;1559.00;4
3571;8;23457017;3571;285;4594;4599;7.60;0.47;270.59;4.84;1023;9;1560.00;5
3574;8;23457032;3574;281;4596;4599;7.60;0.46;270.65;4.84;1022;9;1561.00;3
3579;8;23457044;3579;284;4596;4599;7.56;0.46;270.82;4.84;1017;9;1562.00;3
3582;8;23457056;3582;286;4599;4600;7.58;0.46;270.76;4.85;1017;9;1563.00;1
3582;8;23457068;3582;286;4603;4604;7.53;0.46;270.76;4.84;1021;9;1564.00;1
3586;8;23457082;3586;291;4603;4604;7.43;0.45;270.85;4.84;1017;9;1565.00;1
3591;8;23457094;3591;301;4606;4607;7.31;0.45;270.95;4.84;1015;9;1566.00;1
3593;8;23457106;3593;307;4606;4607;7.19;0.44;271.05;4.84;1013;9;1567.00;1
3596;8;23457117;3596;317;4607;4607;7.12;0.43;271.16;4.84;1011;9;1568.00;0
3602;8;23457129;3602;319;4607;4607;6.98;0.43;271.40;4.84;1005;9;1569.00;0
3604;8;23457141;3604;322;4611;4611;6.92;0.42;271.49;4.84;1007;9;1570.00;0
3609;8;23457153;3609;326;4611;4611;6.81;0.42;271.73;4.84;1002;9;1571.00;0
3614;8;23457164;3614;331;4611;4611;6.69;0.41;271.83;4.84;997;9;1572.00;0
3615;8;23457175;3615;335;4611;4611;6.64;0.41;271.92;4.84;996;9;1573.00;0
3619;8;23457185;3619;343;4612;4612;6.51;0.40;272.24;4.84;993;9;1574.00;0
3623;8;23457204;3623;334;4614;4614;6.45;0.39;272.35;4.83;991;9;1575.00;0
3630;8;23457216;3630;328;4614;4614;6.31;0.39;272.23;4.83;984;9;1576.00;0
3638;8;23457227;3638;326;4615;4615;6.14;0.37;272.41;4.83;977;9;1577.00;0
3640;8;23457237;3640;325;4615;4615;6.06;0.37;272.49;4.83;975;9;1578.00;0
3643;8;23457248;3643;319;4615;4615;6.02;0.37;272.52;4.83;972;9;1579.00;0
3645;8;23457258;3645;323;4615;4615;5.97;0.37;272.75;4.83;970;9;1580.00;0
3650;8;23457267;3650;327;4615;4615;5.92;0.36;272.87;4.83;965;9;1581.00;0
3651;8;23457280;3651;323;4615;4615;5.96;0.37;272.84;4.83;964;9;1582.00;0
3655;8;23457291;3655;321;4615;4615;5.96;0.37;272.93;4.83;960;9;1583.00;0
3655;8;23457301;3655;324;4685;4742;6.35;0.40;272.93;4.76;1030;9;1584.00;57
3659;8;23457321;3659;315;4688;4743;6.41;0.40;273.03;4.76;1029;9;1585.00;55
3662;8;23457332;3662;312;4699;4743;6.45;0.40;273.15;4.75;1037;9;1586.00;44
3666;8;23457343;3666;307;4701;4743;6.45;0.40;273.19;4.75;1035;9;1587.00;42
3668;8;23457354;3668;310;4707;4743;6.49;0.41;273.35;4.75;1039;9;1588.00;36
3673;8;23457365;3673;314;4708;4743;6.45;0.40;273.57;4.75;1035;9;1589.00;35
3675;8;23457378;3675;316;4710;4743;6.43;0.40;273.58;4.75;1035;9;1590.00;33
3682;8;23457391;3682;325;4712;4743;6.34;0.40;273.67;4.75;1030;9;1591.00;31
3687;8;23457403;3687;332;4713;4744;6.27;0.39;273.86;4.75;1026;9;1592.00;31
3690;8;23457416;3690;346;4718;4745;6.26;0.39;273.91;4.76;1028;9;1593.00;27
3694;8;23457429;3694;354;4722;4745;6.26;0.39;274.03;4.76;1028;9;1594.00;23
3701;8;23457441;3701;353;4724;4746;6.19;0.39;274.19;4.77;1023;9;1595.00;22
3708;8;23457453;3708;365;4727;4746;6.15;0.38;274.20;4.77;1019;9;1596.00;19
3714;8;23457465;3714;374;4730;4746;6.10;0.38;274.08;4.78;1016;9;1597.00;16
3717;8;23457478;3717;377;4731;4746;6.05;0.38;274.25;4.78;1014;9;1598.00;15
3722;8;23457490;3722;380;4736;4750;5.99;0.37;274.28;4.78;1014;9;1599.00;14
3728;8;23457509;3728;373;4737;4750;5.94;0.37;274.38;4.78;1009;9;1600.00;13
3733;8;23457523;3733;381;4738;4750;5.86;0.36;274.44;4.78;1005;9;1601.00;12
3739;8;23457535;3739;390;4741;4753;5.80;0.36;274.43;4.79;1002;9;1602.00;12
3746;8;23457546;3746;399;4742;4753;5.72;0.35;274.64;4.79;996;9;1603.00;11
3752;8;23457557;3752;392;4745;4753;5.60;0.35;274.65;4.79;993;9;1604.00;8
3757;8;23457568;3757;390;4748;4757;5.61;0.34;274.74;4.79;991;9;1605.00;9
3762;8;23457579;3762;388;4750;4758;5.59;0.34;274.68;4.79;988;9;1606.00;8
3764;8;23457590;3764;390;4751;4758;5.67;0.35;274.68;4.80;987;9;1607.00;7
3768;8;23457600;3768;391;4754;4762;5.70;0.35;274.76;4.79;986;9;1608.00;8
3772;8;23457612;3772;394;4755;4762;5.72;0.35;274.62;4.80;983;9;1609.00;7
3778;8;23457623;3778;396;4755;4762;5.75;0.35;274.67;4.80;977;9;1610.00;7
3779;8;23457636;3779;402;4756;4763;5.83;0.36;274.68;4.80;977;9;1611.00;7
3782;8;23457647;3782;406;4756;4763;5.88;0.36;274.65;4.80;974;9;1612.00;7
3787;8;23457659;3787;408;4761;4769;5.87;0.36;274.69;4.80;974;9;1613.00;8
3792;8;23457670;3792;414;4763;4769;5.82;0.36;274.65;4.80;971;9;1614.00;6
3795;8;23457683;3795;421;4763;4770;5.81;0.36;274.58;4.80;968;9;1615.00;7
3801;8;23457694;3801;425;4763;4770;5.74;0.35;274.55;4.80;962;9;1616.00;7
3804;8;23457705;3804;430;4763;4770;5.71;0.35;274.48;4.80;959;9;1617.00;7
3806;8;23457717;3806;432;4763;4770;5.67;0.35;274.53;4.80;957;9;1618.00;7
3808;8;23457728;3808;432;4763;4770;5.62;0.34;274.57;4.80;955;9;1619.00;7
3812;8;23457741;3812;440;4791;4806;5.73;0.35;274.44;4.77;979;9;1620.00;15
3815;8;23457754;3815;439;4792;4806;5.67;0.35;274.28;4.77;977;9;1621.00;14
3816;8;23457765;3816;434;4794;4806;5.67;0.35;274.23;4.77;978;9;1622.00;12
3818;8;23457776;3818;430;4794;4806;5.69;0.35;274.21;4.77;976;9;1623.00;12
3820;8;23457787;3820;427;4795;4806;5.75;0.35;274.32;4.77;975;9;1624.00;11
3823;8;23457799;3823;427;4795;4806;5.77;0.35;274.27;4.77;972;9;1625.00;11
3825;8;23457810;3825;432;4799;4810;5.81;0.36;274.24;4.77;974;9;1626.00;11
3828;8;23457823;3828;432;4799;4810;5.83;0.36;274.14;4.77;971;9;1627.00;11
3828;8;23457834;3828;438;4803;4814;5.92;0.36;274.14;4.76;975;9;1628.00;11
3828;8;23457845;3828;439;4804;4815;5.97;0.37;274.14;4.76;976;9;1629.00;11
3828;8;23457857;3828;442;4804;4815;6.00;0.37;274.14;4.76;976;9;1630.00;11
3829;8;23457874;3829;432;4804;4815;5.97;0.37;274.12;4.76;975;9;1631.00;11
3831;8;23457890;3831;431;4815;4828;6.03;0.37;274.10;4.75;984;9;1632.00;13
3833;8;23457909;3833;419;4815;4828;6.04;0.37;274.12;4.75;982;9;1633.00;13
3835;8;23457921;3835;418;4815;4828;6.08;0.37;274.07;4.75;980;9;1634.00;13
3838;8;23457932;3838;414;4816;4829;6.11;0.37;274.04;4.75;978;9;1635.00;13
3841;8;23457945;3841;407;4816;4830;6.14;0.37;274.11;4.75;975;9;1636.00;14
3844;8;23457956;3844;397;4816;4830;6.21;0.38;274.09;4.75;972;9;1637.00;14
3844;8;23457969;3844;382;4818;4833;6.34;0.39;274.09;4.75;974;9;1638.00;15
3845;8;23457982;3845;374;4818;4833;6.47;0.39;274.09;4.75;973;9;1639.00;15
3845;8;23457994;3845;360;4819;4833;6.58;0.40;274.09;4.75;974;9;1640.00;14
3847;8;23458006;3847;355;4819;4833;6.66;0.40;274.15;4.75;972;9;1641.00;14
3848;8;23458019;3848;347;4824;4839;6.77;0.41;274.13;4.74;976;9;1642.00;15
3851;8;23458037;3851;347;4824;4839;6.84;0.41;274.08;4.74;973;9;1643.00;15
3852;8;23458058;3852;345;4824;4839;6.89;0.42;274.06;4.74;972;9;1644.00;15
3854;8;23458071;3854;343;4824;4839;6.97;0.42;274.09;4.74;970;9;1645.00;15
3856;8;23458083;3856;344;4827;4843;7.01;0.42;274.09;4.74;971;9;1646.00;16
3857;8;23458101;3857;345;4828;4844;7.08;0.43;274.09;4.74;971;9;1647.00;16
3858;9;23458114;3858;340;4828;4844;7.11;0.43;274.11;4.74;970;10;1648.00;16
3860;9;23458137;3860;342;4829;4845;7.15;0.43;274.09;4.74;969;10;1649.00;16
3860;9;23458151;3860;345;4829;4845;7.22;0.44;274.09;4.74;969;10;1650.00;16
3861;9;23458163;3861;339;4829;4845;7.23;0.44;274.08;4.74;968;10;1651.00;16
3862;9;23458181;3862;338;4829;4845;7.20;0.44;274.10;4.74;967;10;1652.00;16
3865;9;23458195;3865;339;4829;4845;7.23;0.44;274.28;4.74;964;10;1653.00;16
3865;9;23458207;3865;332;4829;4845;7.28;0.44;274.28;4.74;964;10;1654.00;16
3867;9;23458220;3867;330;4829;4845;7.23;0.44;274.31;4.74;962;10;1655.00;16
3870;9;23458233;3870;338;4865;4915;7.14;0.43;274.46;4.70;995;10;1656.00;50
3870;9;23458251;3870;323;4865;4916;7.19;0.44;274.46;4.70;995;10;1657.00;51
3871;9;23458264;3871;321;4872;4916;7.23;0.44;274.59;4.70;1001;10;1658.00;44
3872;9;23458276;3872;320;4876;4916;7.17;0.44;274.54;4.70;1004;10;1659.00;40
3872;9;23458288;3872;319;4879;4916;7.20;0.44;274.54;4.70;1007;10;1660.00;37
3877;9;23458302;3877;321;4883;4916;7.16;0.44;274.61;4.70;1006;10;1661.00;33
3881;9;23458316;3881;323;4887;4916;7.17;0.44;274.60;4.70;1006;10;1662.00;29
3884;10;23458329;3884;327;4889;4916;7.18;0.44;274.63;4.70;1005;11;1663.00;27
3884;10;23458354;3884;324;4890;4917;7.24;0.44;274.63;4.70;1006;11;1664.00;27
3887;10;23458366;3887;322;4894;4919;7.24;0.44;274.83;4.70;1007;11;1665.00;25
3889;10;23458380;3889;314;4895;4919;7.30;0.44;274.93;4.70;1006;11;1666.00;24
3891;10;23458392;3891;308;4900;4923;7.30;0.44;274.96;4.70;1009;11;1667.00;23
3892;10;23458412;3892;310;4901;4923;7.32;0.44;274.97;4.70;1009;11;1668.00;22
3896;10;23458428;3896;299;4901;4923;7.36;0.45;275.00;4.70;1005;11;1669.00;22
3900;10;23458443;3900;295;4901;4923;7.43;0.45;275.02;4.70;1001;11;1670.00;22
3901;10;23458458;3901;296;4905;4929;7.52;0.46;274.98;4.70;1004;11;1671.00;24
3904;10;23458471;3904;296;4905;4929;7.55;0.46;275.03;4.70;1001;11;1672.00;24
3908;10;23458483;3908;292;4905;4929;7.61;0.46;275.29;4.70;997;11;1673.00;24
3912;10;23458496;3912;292;4907;4932;7.63;0.46;275.43;4.70;995;11;1674.00;25
3916;10;23458515;3916;287;4907;4932;7.64;0.46;275.55;4.70;991;11;1675.00;25
3916;10;23458529;3916;285;4908;4932;7.71;0.47;275.55;4.70;992;11;1676.00;24
3919;10;23458542;3919;280;4908;4933;7.70;0.47;275.61;4.70;989;11;1677.00;25
3921;10;23458554;3921;283;4909;4934;7.71;0.47;275.62;4.70;988;11;1678.00;25
3925;10;23458569;3925;270;4909;4934;7.67;0.47;275.71;4.70;984;11;1679.00;25
3929;10;23458590;3929;275;4928;4960;7.58;0.46;275.88;4.70;999;11;1680.00;32
3935;10;23458606;3935;272;4929;4960;7.46;0.45;276.01;4.70;994;11;1681.00;31
3939;10;23458620;3939;264;4930;4960;7.46;0.45;275.93;4.70;991;11;1682.00;30
3943;10;23458632;3943;254;4933;4961;7.51;0.46;276.01;4.70;990;11;1683.00;28
3946;10;23458651;3946;252;4933;4961;7.50;0.46;276.12;4.70;987;11;1684.00;28
3948;10;23458663;3948;248;4936;4965;7.60;0.46;276.11;4.69;988;11;1685.00;29
3950;10;23458675;3950;244;4936;4965;7.69;0.47;276.29;4.69;986;11;1686.00;29
3952;10;23458687;3952;240;4939;4969;7.76;0.47;276.43;4.69;987;11;1687.00;30
3956;11;23458699;3956;243;4939;4969;7.81;0.47;276.56;4.69;983;12;1688.00;30
3957;11;23458724;3957;241;4939;4969;7.87;0.48;276.69;4.69;982;12;1689.00;30
3962;11;23458735;3962;238;4939;4969;7.91;0.48;276.88;4.69;977;12;1690.00;30
3964;11;23458748;3964;228;4939;4969;7.90;0.48;276.82;4.69;975;12;1691.00;30
3965;11;23458763;3965;223;4949;4981;8.00;0.49;276.77;4.68;984;12;1692.00;32
3969;12;23458776;3969;221;4950;4981;7.98;0.48;276.72;4.68;981;13;1693.00;31
3973;12;23458806;3973;221;4950;4981;7.93;0.48;276.93;4.68;977;13;1694.00;31
3973;12;23458817;3973;221;4950;4981;7.89;0.48;276.93;4.68;977;13;1695.00;31
3975;12;23458830;3975;221;4951;4981;7.94;0.48;276.89;4.70;976;13;1696.00;30
3977;12;23458843;3977;219;4952;4981;7.90;0.48;277.01;4.70;975;13;1697.00;29
3978;12;23458855;3978;222;4952;4982;7.85;0.48;277.14;4.70;974;13;1698.00;30
3982;12;23458867;3982;227;4952;4982;7.83;0.47;277.34;4.70;970;13;1699.00;30
3984;12;23458885;3984;225;4957;4988;7.86;0.48;277.34;4.70;973;13;1700.00;31
3985;12;23458901;3985;226;4960;4989;7.80;0.47;277.31;4.74;975;13;1701.00;29
3988;12;23458914;3988;225;4961;4989;7.77;0.47;277.35;4.73;973;13;1702.00;28
3991;12;23458933;3991;223;4961;4989;7.72;0.47;277.49;4.73;970;13;1703.00;28
3991;12;23458947;3991;224;4967;4993;7.73;0.47;277.49;4.76;976;13;1704.00;26
3995;12;23458960;3995;223;4968;4993;7.73;0.47;277.47;4.77;973;13;1705.00;25
3996;12;23458974;3996;224;4968;4993;7.82;0.47;277.50;4.77;972;13;1706.00;25
4000;12;23458988;4000;227;4970;4994;7.89;0.48;277.55;4.79;970;13;1707.00;24
4003;12;23459002;4003;228;4974;4998;7.88;0.48;277.85;4.81;971;13;1708.00;24
4004;12;23459018;4004;233;4974;4998;7.92;0.48;277.83;4.81;970;13;1709.00;24
4006;12;23459034;4006;233;4980;5004;7.96;0.48;277.92;4.83;974;13;1710.00;24
4009;12;23459051;4009;237;4982;5004;8.02;0.49;277.95;4.84;973;13;1711.00;22
4010;12;23459065;4010;235;4984;5004;8.05;0.49;278.07;4.86;974;13;1712.00;20
4013;12;23459077;4013;237;4985;5004;8.06;0.49;278.16;4.87;972;13;1713.00;19
4016;12;23459091;4016;242;4989;5008;8.09;0.49;278.11;4.87;973;13;1714.00;19
4019;12;23459103;4019;244;4990;5008;8.09;0.49;278.20;4.88;971;13;1715.00;18
4023;12;23459118;4023;248;4991;5008;8.08;0.49;278.18;4.89;968;13;1716.00;17
4026;12;23459136;4026;247;4992;5008;8.02;0.49;278.25;4.90;966;13;1717.00;16
4026;12;23459149;4026;246;4992;5009;8.01;0.49;278.25;4.90;966;13;1718.00;17
4027;12;23459161;4027;248;4994;5010;8.02;0.49;278.30;4.92;967;13;1719.00;16
4031;12;23459174;4031;251;4995;5010;7.90;0.48;278.49;4.94;964;13;1720.00;15
4031;12;23459186;4031;256;4997;5011;7.86;0.48;278.49;4.95;966;13;1721.00;14
4037;12;23459199;4037;262;4999;5011;7.80;0.48;278.55;4.98;962;13;1722.00;12
4041;12;23459215;4041;264;4999;5011;7.73;0.47;278.51;4.98;958;13;1723.00;12
4041;12;23459228;4041;268;5001;5011;7.69;0.47;278.51;5.00;960;13;1724.00;10
4044;12;23459240;4044;262;5001;5011;7.65;0.47;278.58;5.00;957;13;1725.00;10
4045;12;23459252;4045;257;5002;5011;7.64;0.47;278.55;5.01;957;13;1726.00;9
4047;12;23459263;4047;257;5003;5011;7.63;0.47;278.76;5.02;956;13;1727.00;8
4047;12;23459275;4047;272;5071;5138;7.79;0.48;278.76;4.96;1024;13;1728.00;67
4052;12;23459296;4052;260;5076;5139;7.80;0.48;278.89;4.97;1024;13;1729.00;63
4056;12;23459309;4056;254;5084;5139;7.89;0.49;279.02;4.97;1028;13;1730.00;55
4063;12;23459322;4063;250;5089;5139;7.90;0.49;279.09;4.97;1026;13;1731.00;50
4065;12;23459335;4065;249;5095;5139;7.94;0.49;279.20;4.96;1030;13;1732.00;44
4067;12;23459346;4067;242;5097;5139;7.91;0.49;279.26;4.97;1030;13;1733.00;42
4070;12;23459359;4070;239;5100;5139;7.91;0.49;279.40;4.98;1030;13;1734.00;39
4072;12;23459371;4072;244;5104;5139;7.93;0.49;279.44;4.99;1032;13;1735.00;35
4074;12;23459383;4074;242;5107;5140;7.98;0.49;279.57;4.99;1033;13;1736.00;33
4080;12;23459396;4080;247;5109;5141;7.88;0.48;279.84;5.00;1029;13;1737.00;32
4080;12;23459408;4080;248;5112;5141;7.92;0.49;279.84;5.00;1032;13;1738.00;29
4086;12;23459422;4086;254;5114;5142;7.84;0.48;279.91;5.01;1028;13;1739.00;28
4090;12;23459437;4090;263;5119;5142;7.67;0.47;280.08;5.01;1029;13;1740.00;23
4094;12;23459450;4094;274;5121;5142;7.51;0.46;280.15;5.02;1027;13;1741.00;21
4099;12;23459462;4099;283;5126;5142;7.31;0.45;280.15;5.03;1027;13;1742.00;16
4104;12;23459475;4104;296;5131;5146;7.16;0.44;280.14;5.03;1027;13;1743.00;15
4107;12;23459488;4107;306;5135;5146;7.06;0.43;280.06;5.03;1028;13;1744.00;11
4112;12;23459499;4112;311;5137;5146;6.94;0.43;280.12;5.04;1025;13;1745.00;9
4115;12;23459510;4115;317;5140;5149;6.85;0.42;280.15;5.04;1025;13;1746.00;9
4121;12;23459522;4121;327;5142;5149;6.68;0.41;280.15;5.05;1021;13;1747.00;7
4127;12;23459534;4127;339;5142;5149;6.49;0.40;280.21;5.05;1015;13;1748.00;7
4133;12;23459545;4133;350;5148;5153;6.29;0.39;280.26;5.05;1015;13;1749.00;5
4136;12;23459557;4136;340;5149;5154;6.15;0.38;280.28;5.05;1013;13;1750.00;5
4141;12;23459568;4141;346;5149;5154;6.02;0.37;280.40;5.05;1008;13;1751.00;5
4144;12;23459579;4144;347;5154;5158;5.97;0.37;280.34;5.05;1010;13;1752.00;4
4146;12;23459590;4146;347;5154;5158;5.87;0.36;280.41;5.05;1008;13;1753.00;4
4150;12;23459600;4150;357;5157;5158;5.79;0.36;280.44;5.05;1007;13;1754.00;1
4155;12;23459611;4155;359;5158;5160;5.71;0.35;280.66;5.05;1003;13;1755.00;2
4160;12;23459622;4160;358;5159;5160;5.71;0.35;280.89;5.05;999;13;1756.00;1
4161;12;23459633;4161;359;5164;5166;5.77;0.35;280.94;5.05;1003;13;1757.00;2
4166;12;23459650;4166;359;5165;5166;5.79;0.35;281.21;5.05;999;13;1758.00;1
4166;12;23459661;4166;359;5166;5167;5.87;0.36;281.21;5.05;1000;13;1759.00;1
4173;12;23459671;4173;361;5166;5167;5.86;0.36;281.48;5.05;993;13;1760.00;1
4177;12;23459689;4177;358;5166;5167;5.84;0.36;281.47;5.05;989;13;1761.00;1
4179;12;23459701;4179;357;5166;5167;5.80;0.36;281.51;5.05;987;13;1762.00;1
4183;12;23459712;4183;355;5166;5167;5.70;0.35;281.49;5.05;983;13;1763.00;1
4188;12;23459731;4188;363;5176;5179;5.75;0.35;281.46;5.04;988;13;1764.00;3
4191;12;23459744;4191;367;5176;5179;5.71;0.35;281.48;5.04;985;13;1765.00;3
4192;12;23459755;4192;376;5177;5179;5.71;0.35;281.45;5.04;985;13;1766.00;2
4195;12;23459766;4195;387;5177;5179;5.70;0.35;281.50;5.04;982;13;1767.00;2
4198;12;23459778;4198;388;5177;5179;5.69;0.35;281.45;5.04;979;13;1768.00;2
4202;12;23459790;4202;389;5177;5179;5.67;0.35;281.35;5.04;975;13;1769.00;2
4207;12;23459803;4207;392;5180;5183;5.67;0.35;281.35;5.04;973;13;1770.00;3
4213;13;23459816;4213;401;5180;5183;5.58;0.34;281.30;5.04;967;14;1771.00;3
4215;13;23459839;4215;398;5184;5187;5.60;0.34;281.35;5.03;969;14;1772.00;3
4220;13;23459851;4220;408;5185;5188;5.53;0.34;281.37;5.03;965;14;1773.00;3
4222;13;23459862;4222;411;5185;5188;5.48;0.34;281.35;5.03;963;14;1774.00;3
4225;13;23459874;4225;420;5185;5188;5.44;0.33;281.28;5.03;960;14;1775.00;3
4230;13;23459886;4230;434;5196;5201;5.46;0.34;281.33;5.02;966;14;1776.00;5
4233;13;23459900;4233;432;5196;5201;5.44;0.34;281.31;5.02;963;14;1777.00;5
4238;13;23459913;4238;433;5196;5201;5.38;0.33;281.19;5.02;958;14;1778.00;5
4243;13;23459925;4243;434;5197;5202;5.27;0.32;281.12;5.02;954;14;1779.00;5
4249;13;23459937;4249;438;5197;5203;5.22;0.32;281.11;5.02;948;14;1780.00;6
4252;13;23459949;4252;442;5197;5203;5.19;0.32;281.07;5.02;945;14;1781.00;6
4254;13;23459961;4254;442;5199;5206;5.22;0.32;281.07;5.02;945;14;1782.00;7
4257;13;23459971;4257;444;5199;5206;5.17;0.32;280.98;5.02;942;14;1783.00;7
4260;13;23459982;4260;449;5200;5206;5.19;0.32;280.92;5.02;940;14;1784.00;6
4266;13;23459994;4266;451;5200;5206;5.14;0.31;280.90;5.02;934;14;1785.00;6
4267;13;23460009;4267;446;5205;5212;5.17;0.32;280.92;5.01;938;14;1786.00;7
4271;13;23460025;4271;447;5205;5212;5.15;0.31;281.09;5.01;934;14;1787.00;7
4273;13;23460037;4273;447;5205;5212;5.14;0.31;281.02;5.01;932;14;1788.00;7
4275;13;23460047;4275;451;5205;5212;5.14;0.31;281.07;5.01;930;14;1789.00;7
4280;13;23460058;4280;451;5208;5216;5.13;0.31;281.03;5.01;928;14;1790.00;8
4281;13;23460069;4281;458;5209;5217;5.13;0.31;281.06;5.01;928;14;1791.00;8
4282;13;23460080;4282;459;5209;5217;5.11;0.31;281.09;5.01;927;14;1792.00;8
4285;13;23460091;4285;455;5210;5218;5.10;0.31;281.17;5.01;925;14;1793.00;8
4287;13;23460101;4287;452;5210;5218;5.12;0.31;281.17;5.01;923;14;1794.00;8
4290;13;23460112;4290;446;5210;5218;5.13;0.31;281.27;5.01;920;14;1795.00;8
4293;13;23460122;4293;445;5210;5218;5.12;0.31;281.36;5.01;917;14;1796.00;8
4294;13;23460133;4294;432;5210;5218;5.20;0.32;281.37;5.01;916;14;1797.00;8
4296;13;23460146;4296;419;5210;5218;5.23;0.32;281.37;5.01;914;14;1798.00;8
4297;13;23460156;4297;410;5210;5218;5.34;0.33;281.39;5.01;913;14;1799.00;8
4298;13;23460173;4298;423;5281;5356;5.81;0.36;281.40;4.94;983;14;1800.00;75
4299;13;23460213;4299;415;5285;5357;5.87;0.36;281.39;4.94;986;14;1801.00;72
4300;13;23460227;4300;402;5296;5357;6.08;0.38;281.41;4.93;996;14;1802.00;61
4301;13;23460239;4301;398;5300;5357;6.15;0.38;281.41;4.93;999;14;1803.00;57
4301;13;23460252;4301;395;5306;5357;6.26;0.39;281.41;4.93;1005;14;1804.00;51
4301;13;23460264;4301;391;5308;5357;6.35;0.39;281.41;4.93;1007;14;1805.00;49
4304;13;23460277;4304;378;5314;5357;6.45;0.40;281.43;4.93;1010;14;1806.00;43
4304;13;23460290;4304;363;5319;5357;6.53;0.40;281.43;4.93;1015;14;1807.00;38
4305;14;23460303;4305;362;5325;5358;6.58;0.41;281.57;4.94;1020;15;1808.00;33
4309;14;23460336;4309;356;5328;5359;6.57;0.40;281.59;4.94;1019;15;1809.00;31
4309;14;23460351;4309;353;5332;5359;6.57;0.40;281.59;4.94;1023;15;1810.00;27
4311;14;23460365;4311;349;5336;5363;6.56;0.40;281.63;4.94;1025;15;1811.00;27
4313;14;23460379;4313;356;5337;5363;6.56;0.40;281.65;4.94;1024;15;1812.00;26
4314;14;23460393;4314;364;5337;5363;6.58;0.40;281.67;4.94;1023;15;1813.00;26
4319;14;23460408;4319;362;5338;5363;6.56;0.40;281.67;4.94;1019;15;1814.00;25
4323;14;23460430;4323;361;5344;5369;6.55;0.40;281.83;4.94;1021;15;1815.00;25
4325;14;23460445;4325;360;5345;5369;6.54;0.40;281.86;4.94;1020;15;1816.00;24
4325;14;23460458;4325;376;5345;5369;6.57;0.40;281.86;4.94;1020;15;1817.00;24
4329;14;23460472;4329;371;5347;5372;6.53;0.40;281.96;4.94;1018;15;1818.00;25
4330;14;23460487;4330;364;5347;5372;6.52;0.40;281.98;4.94;1017;15;1819.00;25
4334;14;23460500;4334;360;5349;5372;6.52;0.40;282.21;4.94;1015;15;1820.00;23
4337;14;23460515;4337;359;5350;5373;6.53;0.40;282.33;4.95;1013;15;1821.00;23
4341;14;23460529;4341;351;5351;5374;6.63;0.41;282.40;4.95;1010;15;1822.00;23
4345;14;23460543;4345;353;5351;5374;6.67;0.41;282.55;4.95;1006;15;1823.00;23
4348;14;23460556;4348;350;5360;5387;6.75;0.41;282.59;4.95;1012;15;1824.00;27
4351;14;23460570;4351;342;5361;5387;6.86;0.42;282.64;4.94;1010;15;1825.00;26
4354;14;23460585;4354;344;5361;5387;6.92;0.42;282.75;4.94;1007;15;1826.00;26
4356;14;23460607;4356;346;5363;5388;7.00;0.43;282.80;4.94;1007;15;1827.00;25
4360;14;23460620;4360;343;5363;5388;7.05;0.43;282.99;4.94;1003;15;1828.00;25
4361;14;23460634;4361;339;5366;5392;7.10;0.43;282.97;4.94;1005;15;1829.00;26
4362;14;23460651;4362;339;5367;5392;7.15;0.44;282.98;4.94;1005;15;1830.00;25
4365;14;23460665;4365;342;5372;5396;7.16;0.44;282.94;4.94;1007;15;1831.00;24
4369;14;23460679;4369;341;5372;5396;7.19;0.44;282.99;4.94;1003;15;1832.00;24
4372;14;23460694;4372;345;5372;5396;7.21;0.44;283.11;4.94;1000;15;1833.00;24
4375;14;23460708;4375;348;5372;5396;7.23;0.44;283.21;4.94;997;15;1834.00;24
4375;14;23460722;4375;349;5372;5396;7.23;0.44;283.21;4.94;997;15;1835.00;24
4376;14;23460735;4376;351;5381;5408;7.27;0.44;283.23;4.93;1005;15;1836.00;27
4377;14;23460749;4377;356;5382;5408;7.28;0.44;283.22;4.93;1005;15;1837.00;26
4377;14;23460762;4377;354;5383;5408;7.28;0.44;283.22;4.93;1006;15;1838.00;25
4379;14;23460775;4379;356;5383;5408;7.27;0.44;283.21;4.93;1004;15;1839.00;25
4382;14;23460789;4382;350;5383;5408;7.24;0.44;283.39;4.93;1001;15;1840.00;25
4385;14;23460802;4385;336;5383;5408;7.18;0.44;283.54;4.93;998;15;1841.00;25
4386;14;23460816;4386;334;5383;5409;7.16;0.44;283.49;4.93;997;15;1842.00;26
4387;14;23460834;4387;330;5383;5409;7.17;0.44;283.48;4.93;996;15;1843.00;26
4389;14;23460849;4389;327;5388;5415;7.18;0.44;283.60;4.93;999;15;1844.00;27
4393;14;23460865;4393;320;5390;5417;7.20;0.44;283.68;4.92;997;15;1845.00;27
4396;14;23460881;4396;316;5390;5417;7.24;0.44;283.63;4.92;994;15;1846.00;27
4396;14;23460894;4396;317;5390;5417;7.30;0.45;283.63;4.92;994;15;1847.00;27
4400;15;23460907;4400;309;5393;5421;7.40;0.45;283.75;4.92;993;16;1848.00;28
4406;15;23460942;4406;307;5393;5421;7.43;0.45;283.90;4.92;987;16;1849.00;28
4409;15;23460957;4409;302;5393;5421;7.45;0.45;283.92;4.92;984;16;1850.00;28
4411;15;23460973;4411;305;5394;5422;7.47;0.46;283.99;4.92;983;16;1851.00;28
4414;15;23460987;4414;304;5397;5426;7.43;0.45;284.11;4.92;983;16;1852.00;29
4420;15;23461001;4420;302;5397;5426;7.34;0.45;284.23;4.92;977;16;1853.00;29
4425;15;23461017;4425;298;5399;5429;7.28;0.44;284.32;4.92;974;16;1854.00;30
4428;15;23461036;4428;299;5402;5429;7.24;0.44;284.37;4.95;974;16;1855.00;27
4431;15;23461055;4431;292;5402;5429;7.18;0.44;284.41;4.95;971;16;1856.00;27
4436;15;23461070;4436;288;5402;5429;7.11;0.43;284.33;4.95;966;16;1857.00;27
4439;15;23461084;4439;282;5406;5433;7.13;0.43;284.39;4.95;967;16;1858.00;27
4444;15;23461098;4444;276;5406;5433;7.11;0.43;284.52;4.95;962;16;1859.00;27
4445;15;23461115;4445;272;5406;5433;7.14;0.43;284.52;4.95;961;16;1860.00;27
4447;15;23461129;4447;268;5406;5433;7.24;0.44;284.61;4.95;959;16;1861.00;27
4449;15;23461143;4449;261;5406;5434;7.36;0.45;284.56;4.95;957;16;1862.00;28
4452;15;23461156;4452;253;5407;5435;7.42;0.45;284.53;4.95;955;16;1863.00;28
4455;15;23461172;4455;252;5407;5435;7.44;0.45;284.51;4.95;952;16;1864.00;28
4456;15;23461186;4456;244;5408;5436;7.47;0.45;284.54;4.95;952;16;1865.00;28
4459;15;23461201;4459;243;5408;5436;7.47;0.45;284.66;4.95;949;16;1866.00;28
4462;15;23461216;4462;243;5408;5436;7.53;0.46;284.76;4.95;946;16;1867.00;28
4464;15;23461232;4464;230;5408;5436;7.58;0.46;284.94;4.95;944;16;1868.00;28
4466;15;23461247;4466;221;5408;5436;7.58;0.46;284.87;4.95;942;16;1869.00;28
4470;15;23461260;4470;222;5408;5436;7.62;0.46;284.93;4.95;938;16;1870.00;28
4473;15;23461275;4473;224;5408;5436;7.62;0.46;284.90;4.95;935;16;1871.00;28
4475;15;23461289;4475;244;5476;5563;7.70;0.48;285.03;4.90;1001;16;1872.00;87
4478;15;23461315;4478;228;5479;5564;7.73;0.48;285.15;4.90;1001;16;1873.00;85
4481;15;23461330;4481;220;5485;5564;7.79;0.48;285.26;4.89;1004;16;1874.00;79
4483;16;23461345;4483;219;5487;5564;7.75;0.48;285.19;4.89;1004;17;1875.00;77
4486;16;23461379;4486;216;5493;5564;7.72;0.47;285.28;4.89;1007;17;1876.00;71
4486;16;23461396;4486;214;5493;5564;7.74;0.48;285.28;4.89;1007;17;1877.00;71
4491;16;23461415;4491;214;5499;5564;7.74;0.47;285.48;4.89;1008;17;1878.00;65
4494;16;23461431;4494;212;5502;5564;7.83;0.48;285.55;4.89;1008;17;1879.00;62
4497;16;23461448;4497;207;5508;5565;7.91;0.48;285.56;4.93;1011;17;1880.00;57
4499;16;23461463;4499;212;5512;5566;7.98;0.49;285.72;4.93;1013;17;1881.00;54
4504;16;23461487;4504;209;5517;5568;7.99;0.49;285.82;4.93;1013;17;1882.00;51
4505;16;23461505;4505;211;5522;5569;8.03;0.49;285.77;4.97;1017;17;1883.00;47
4506;16;23461520;4506;213;5525;5569;8.06;0.49;285.81;4.97;1019;17;1884.00;44
4508;16;23461535;4508;217;5528;5569;8.08;0.49;285.77;4.99;1020;17;1885.00;41
4511;16;23461550;4511;225;5530;5569;8.00;0.49;285.84;5.01;1019;17;1886.00;39
4515;16;23461566;4515;227;5535;5573;7.98;0.49;285.92;5.03;1020;17;1887.00;38
4520;16;23461583;4520;232;5537;5573;7.95;0.49;286.05;5.04;1017;17;1888.00;36
4523;16;23461600;4523;237;5538;5573;7.90;0.48;286.12;5.05;1015;17;1889.00;35
4528;16;23461618;4528;241;5545;5579;7.84;0.48;286.22;5.08;1017;17;1890.00;34
4531;16;23461636;4531;249;5547;5579;7.78;0.47;286.31;5.08;1016;17;1891.00;32
4532;16;23461650;4532;255;5548;5579;7.73;0.47;286.35;5.09;1016;17;1892.00;31
4535;16;23461665;4535;254;5553;5583;7.64;0.47;286.36;5.13;1018;17;1893.00;30
4537;16;23461681;4537;262;5554;5584;7.63;0.47;286.38;5.13;1017;17;1894.00;30
4537;16;23461697;4537;269;5555;5584;7.67;0.47;286.38;5.13;1018;17;1895.00;29
4544;16;23461711;4544;272;5559;5588;7.62;0.47;286.36;5.13;1015;17;1896.00;29
4546;16;23461727;4546;277;5564;5588;7.58;0.46;286.42;5.18;1018;17;1897.00;24
4549;16;23461741;4549;279;5565;5588;7.54;0.46;286.49;5.18;1016;17;1898.00;23
4551;16;23461756;4551;278;5569;5589;7.46;0.46;286.63;5.22;1018;17;1899.00;20
4552;16;23461773;4552;284;5570;5589;7.47;0.46;286.61;5.22;1018;17;1900.00;19
4555;16;23461801;4555;283;5577;5595;7.51;0.46;286.81;5.23;1022;17;1901.00;18
4557;16;23461816;4557;283;5577;5595;7.49;0.46;286.89;5.23;1020;17;1902.00;18
4563;16;23461831;4563;284;5579;5596;7.36;0.45;286.95;5.25;1016;17;1903.00;17
4567;16;23461845;4567;284;5580;5596;7.29;0.45;287.08;5.25;1013;17;1904.00;16
4569;16;23461859;4569;282;5580;5596;7.23;0.44;287.13;5.25;1011;17;1905.00;16
4572;16;23461874;4572;284;5581;5596;7.14;0.44;287.35;5.26;1009;17;1906.00;15
4574;16;23461888;4574;292;5583;5596;7.07;0.43;287.31;5.29;1009;17;1907.00;13
4577;16;23461901;4577;301;5595;5608;7.06;0.43;287.31;5.29;1018;17;1908.00;13
4578;16;23461916;4578;302;5595;5608;7.07;0.43;287.27;5.29;1017;17;1909.00;13
4580;16;23461930;4580;307;5595;5608;7.09;0.43;287.21;5.29;1015;17;1910.00;13
4584;16;23461944;4584;306;5596;5608;7.13;0.44;287.18;5.30;1012;17;1911.00;12
4589;16;23461957;4589;310;5598;5608;7.08;0.43;287.11;5.31;1009;17;1912.00;10
4592;16;23461973;4592;314;5599;5608;7.00;0.43;287.08;5.32;1007;17;1913.00;9
4598;16;23461989;4598;318;5602;5612;6.90;0.42;287.00;5.32;1004;17;1914.00;10
4603;16;23462003;4603;323;5602;5612;6.75;0.41;287.11;5.32;999;17;1915.00;10
4605;16;23462026;4605;331;5607;5616;6.61;0.40;287.13;5.32;1002;17;1916.00;9
4609;16;23462039;4609;337;5610;5617;6.42;0.39;287.12;5.33;1001;17;1917.00;7
4611;16;23462058;4611;340;5611;5617;6.30;0.39;287.06;5.34;1000;17;1918.00;6
4613;16;23462071;4613;338;5611;5617;6.16;0.38;286.98;5.34;998;17;1919.00;6
4617;16;23462085;4617;354;5634;5646;6.04;0.37;286.92;5.32;1017;17;1920.00;12
4619;16;23462101;4619;346;5635;5646;5.94;0.37;286.93;5.32;1016;17;1921.00;11
4622;16;23462113;4622;369;5640;5646;5.87;0.36;286.88;5.33;1018;17;1922.00;6
4625;16;23462125;4625;377;5643;5647;5.81;0.36;286.79;5.33;1018;17;1923.00;4
4629;16;23462136;4629;383;5643;5648;5.71;0.35;286.82;5.33;1014;17;1924.00;5
4637;16;23462147;4637;380;5643;5648;5.58;0.34;286.76;5.33;1006;17;1925.00;5
4641;16;23462159;4641;378;5647;5651;5.52;0.34;286.74;5.33;1006;17;1926.00;4
4644;16;23462172;4644;380;5647;5651;5.50;0.34;286.71;5.33;1003;17;1927.00;4
4649;16;23462183;4649;381;5647;5651;5.42;0.33;286.75;5.33;998;17;1928.00;4
4651;16;23462196;4651;390;5647;5651;5.39;0.33;286.68;5.33;996;17;1929.00;4
4653;16;23462215;4653;404;5652;5657;5.41;0.33;286.76;5.33;999;17;1930.00;5
4656;16;23462228;4656;414;5652;5657;5.36;0.33;286.84;5.33;996;17;1931.00;5
4661;16;23462240;4661;413;5652;5657;5.27;0.32;286.69;5.33;991;17;1932.00;5
4665;16;23462253;4665;406;5652;5657;5.22;0.32;286.72;5.33;987;17;1933.00;5
4666;16;23462265;4666;403;5655;5661;5.18;0.32;286.67;5.32;989;17;1934.00;6
4671;16;23462276;4671;395;5657;5663;5.14;0.32;286.66;5.32;986;17;1935.00;6
4676;16;23462288;4676;396;5657;5663;5.08;0.31;286.60;5.32;981;17;1936.00;6
4677;16;23462301;4677;397;5658;5664;5.13;0.32;286.60;5.32;981;17;1937.00;6
4682;16;23462313;4682;408;5658;5664;5.09;0.31;286.51;5.32;976;17;1938.00;6
4686;16;23462325;4686;406;5658;5664;5.05;0.31;286.41;5.32;972;17;1939.00;6
4687;16;23462337;4687;410;5658;5664;5.09;0.31;286.37;5.32;971;17;1940.00;6
4691;16;23462348;4691;412;5658;5664;5.06;0.31;286.37;5.32;967;17;1941.00;6
4694;16;23462360;4694;420;5658;5664;5.02;0.31;286.42;5.32;964;17;1942.00;6
4697;16;23462373;4697;424;5658;5664;4.99;0.31;286.30;5.32;961;17;1943.00;6
4701;16;23462385;4701;438;5699;5734;5.09;0.31;286.43;5.28;998;17;1944.00;35
4706;16;23462404;4706;436;5699;5735;5.06;0.31;286.35;5.28;993;17;1945.00;36
4708;16;23462417;4708;436;5705;5735;5.16;0.32;286.49;5.28;997;17;1946.00;30
4710;16;23462429;4710;439;5707;5735;5.20;0.32;286.50;5.28;997;17;1947.00;28
4715;16;23462440;4715;436;5709;5735;5.22;0.32;286.50;5.28;994;17;1948.00;26
4716;16;23462453;4716;443;5711;5735;5.31;0.33;286.52;5.28;995;17;1949.00;24
4722;16;23462467;4722;450;5715;5737;5.24;0.32;286.46;5.28;993;17;1950.00;22
4724;16;23462487;4724;444;5717;5737;5.23;0.32;286.50;5.28;993;17;1951.00;20
4729;16;23462501;4729;440;5720;5738;5.19;0.32;286.48;5.28;991;17;1952.00;18
4733;16;23462515;4733;435;5723;5739;5.16;0.32;286.53;5.28;990;17;1953.00;16
4738;16;23462529;4738;431;5726;5739;5.12;0.32;286.53;5.28;988;17;1954.00;13
4741;16;23462542;4741;437;5732;5743;5.20;0.32;286.62;5.28;991;17;1955.00;11
4746;16;23462555;4746;438;5732;5743;5.23;0.32;286.65;5.28;986;17;1956.00;11
4749;16;23462571;4749;437;5732;5743;5.31;0.33;286.60;5.28;983;17;1957.00;11
4751;16;23462586;4751;438;5732;5743;5.40;0.33;286.57;5.28;981;17;1958.00;11
4753;16;23462599;4753;438;5737;5749;5.53;0.34;286.58;5.28;984;17;1959.00;12
4753;16;23462614;4753;439;5737;5749;5.61;0.34;286.58;5.28;984;17;1960.00;12
4756;16;23462628;4756;434;5737;5749;5.65;0.35;286.50;5.28;981;17;1961.00;12
4758;16;23462640;4758;432;5739;5752;5.71;0.35;286.44;5.28;981;17;1962.00;13
4762;16;23462655;4762;436;5740;5752;5.71;0.35;286.36;5.28;978;17;1963.00;12
4763;16;23462669;4763;439;5740;5752;5.76;0.35;286.36;5.28;977;17;1964.00;12
4764;16;23462683;4764;441;5740;5753;5.74;0.35;286.38;5.28;976;17;1965.00;13
4766;16;23462718;4766;445;5741;5754;5.71;0.35;286.35;5.27;975;17;1966.00;13
4766;16;23462740;4766;449;5741;5754;5.69;0.35;286.35;5.27;975;17;1967.00;13
4766;16;23462753;4766;457;5752;5767;5.73;0.35;286.35;5.26;986;17;1968.00;15
4769;16;23462768;4769;457;5752;5767;5.64;0.34;286.42;5.26;983;17;1969.00;15
4772;16;23462782;4772;465;5752;5767;5.54;0.34;286.32;5.26;980;17;1970.00;15
4776;16;23462798;4776;471;5753;5768;5.48;0.33;286.38;5.26;977;17;1971.00;15
4778;16;23462814;4778;463;5753;5768;5.44;0.33;286.42;5.26;975;17;1972.00;15
4780;16;23462828;4780;454;5757;5772;5.49;0.33;286.37;5.26;977;17;1973.00;15
4781;16;23462841;4781;449;5757;5772;5.51;0.33;286.45;5.26;976;17;1974.00;15
4781;16;23462856;4781;442;5760;5776;5.54;0.34;286.45;5.26;979;17;1975.00;16
4783;16;23462871;4783;443;5760;5776;5.53;0.34;286.45;5.26;977;17;1976.00;16
4783;16;23462885;4783;441;5760;5776;5.57;0.34;286.45;5.26;977;17;1977.00;16
4786;16;23462900;4786;438;5760;5776;5.58;0.34;286.46;5.26;974;17;1978.00;16
4788;16;23462913;4788;442;5760;5776;5.63;0.34;286.47;5.26;972;17;1979.00;16
4789;16;23462930;4789;443;5787;5810;5.86;0.36;286.48;5.23;998;17;1980.00;23
4791;16;23462948;4791;428;5787;5810;5.95;0.36;286.54;5.23;996;17;1981.00;23
4793;16;23462961;4793;425;5790;5810;6.07;0.37;286.70;5.23;997;17;1982.00;20
4793;16;23462977;4793;413;5790;5810;6.15;0.38;286.70;5.23;997;17;1983.00;20
4800;16;23462992;4800;405;5791;5810;6.22;0.38;286.96;5.23;991;17;1984.00;19
4801;16;23463007;4801;400;5791;5810;6.23;0.38;286.94;5.23;990;17;1985.00;19
4806;16;23463025;4806;394;5791;5811;6.23;0.38;286.93;5.23;985;17;1986.00;20
4807;16;23463042;4807;394;5791;5811;6.26;0.38;287.04;5.23;984;17;1987.00;20
4811;16;23463056;4811;394;5796;5817;6.26;0.38;287.24;5.23;985;17;1988.00;21
4812;16;23463071;4812;398;5797;5818;6.27;0.38;287.26;5.23;985;17;1989.00;21
4814;16;23463086;4814;399;5797;5818;6.27;0.38;287.34;5.23;983;17;1990.00;21
4817;16;23463100;4817;402;5797;5818;6.27;0.38;287.31;5.23;980;17;1991.00;21
4818;16;23463114;4818;401;5800;5822;6.32;0.38;287.31;5.22;982;17;1992.00;22
4818;16;23463129;4818;401;5800;5822;6.38;0.39;287.31;5.22;982;17;1993.00;22
4820;16;23463144;4820;394;5800;5822;6.37;0.39;287.43;5.22;980;17;1994.00;22
4822;16;23463158;4822;389;5801;5823;6.44;0.39;287.57;5.22;979;17;1995.00;22
4822;16;23463172;4822;384;5804;5827;6.42;0.39;287.57;5.22;982;17;1996.00;23
4824;16;23463188;4824;384;5804;5827;6.44;0.39;287.69;5.22;980;17;1997.00;23
4825;16;23463203;4825;382;5806;5830;6.48;0.39;287.78;5.22;981;17;1998.00;24
4828;16;23463218;4828;378;5806;5830;6.48;0.39;287.81;5.22;978;17;1999.00;24
4829;16;23463236;4829;374;5807;5830;6.51;0.40;287.79;5.22;978;17;2000.00;23
4831;16;23463254;4831;377;5807;5830;6.52;0.40;287.79;5.22;976;17;2001.00;23
4833;16;23463267;4833;379;5811;5834;6.59;0.40;287.91;5.22;978;17;2002.00;23
4837;16;23463280;4837;382;5811;5834;6.59;0.40;287.99;5.22;974;17;2003.00;23
4837;16;23463295;4837;379;5811;5834;6.67;0.41;287.99;5.22;974;17;2004.00;23
4840;16;23463309;4840;384;5811;5834;6.73;0.41;288.21;5.22;971;17;2005.00;23
4843;16;23463324;4843;376;5811;5835;6.76;0.41;288.32;5.22;968;17;2006.00;24
4843;16;23463348;4843;377;5812;5836;6.83;0.42;288.32;5.22;969;17;2007.00;24
4845;16;23463361;4845;384;5812;5836;6.85;0.42;288.32;5.22;967;17;2008.00;24
4846;16;23463378;4846;389;5813;5837;6.87;0.42;288.32;5.22;967;17;2009.00;24
4849;16;23463393;4849;384;5813;5837;6.88;0.42;288.43;5.22;964;17;2010.00;24
4852;16;23463408;4852;377;5813;5837;6.87;0.42;288.47;5.22;961;17;2011.00;24
4855;16;23463421;4855;378;5813;5837;6.88;0.42;288.43;5.22;958;17;2012.00;24
4857;16;23463437;4857;377;5813;5837;6.92;0.42;288.56;5.22;956;17;2013.00;24
4863;16;23463451;4863;373;5813;5837;6.91;0.42;288.66;5.22;950;17;2014.00;24
4864;16;23463464;4864;372;5813;5837;6.95;0.42;288.66;5.22;949;17;2015.00;24
4864;16;23463479;4864;395;5887;5964;6.90;0.43;288.66;5.15;1023;17;2016.00;77
4868;16;23463506;4868;369;5887;5965;6.92;0.43;288.72;5.15;1019;17;2017.00;78
4871;16;23463523;4871;357;5892;5965;7.00;0.43;288.91;5.15;1021;17;2018.00;73
4875;16;23463541;4875;347;5893;5965;6.99;0.43;289.10;5.15;1018;17;2019.00;72
4879;16;23463563;4879;340;5897;5965;7.10;0.43;289.18;5.15;1018;17;2020.00;68
4880;16;23463579;4880;332;5897;5965;7.18;0.44;289.24;5.15;1017;17;2021.00;68
4883;16;23463595;4883;329;5899;5965;7.30;0.45;289.41;5.15;1016;17;2022.00;66
4886;16;23463611;4886;323;5901;5965;7.45;0.45;289.54;5.15;1015;17;2023.00;64
4889;16;23463634;4889;324;5902;5966;7.48;0.46;289.61;5.15;1013;17;2024.00;64
4893;16;23463659;4893;320;5907;5968;7.50;0.46;289.72;5.15;1014;17;2025.00;61
4896;16;23463675;4896;318;5908;5968;7.52;0.46;289.81;5.15;1012;17;2026.00;60
4899;16;23463699;4899;312;5910;5969;7.52;0.46;289.99;5.15;1011;17;2027.00;59
4902;16;23463715;4902;310;5916;5969;7.44;0.45;290.04;5.16;1014;17;2028.00;53
4907;16;23463732;4907;305;5920;5969;7.29;0.44;290.14;5.18;1013;17;2029.00;49
4910;16;23463752;4910;309;5922;5969;7.20;0.44;290.25;5.18;1012;17;2030.00;47
4912;16;23463767;4912;306;5928;5973;7.11;0.43;290.26;5.21;1016;17;2031.00;45
4915;16;23463782;4915;309;5929;5973;7.07;0.43;290.27;5.21;1014;17;2032.00;44
4917;16;23463797;4917;308;5933;5973;7.06;0.43;290.29;5.21;1016;17;2033.00;40
4919;16;23463812;4919;312;5935;5976;7.02;0.43;290.29;5.22;1016;17;2034.00;41
4920;16;23463828;4920;306;5937;5976;7.06;0.43;290.27;5.22;1017;17;2035.00;39
4924;16;23463844;4924;302;5938;5976;7.01;0.43;290.29;5.22;1014;17;2036.00;38
4924;16;23463864;4924;299;5941;5980;6.99;0.42;290.29;5.22;1017;17;2037.00;39
4926;16;23463884;4926;297;5943;5981;7.01;0.43;290.26;5.22;1017;17;2038.00;38
4928;16;23463902;4928;295;5944;5981;7.08;0.43;290.24;5.22;1016;17;2039.00;37
4931;16;23463922;4931;297;5949;5986;7.16;0.43;290.30;5.22;1018;17;2040.00;37
4934;16;23463942;4934;291;5949;5986;7.27;0.44;290.43;5.22;1015;17;2041.00;37
4937;16;23463963;4937;291;5949;5986;7.34;0.44;290.39;5.22;1012;17;2042.00;37
4939;16;23463980;4939;286;5950;5987;7.35;0.45;290.44;5.21;1011;17;2043.00;37
4940;16;23463998;4940;279;5951;5987;7.36;0.45;290.42;5.23;1011;17;2044.00;36
4944;16;23464018;4944;278;5955;5993;7.37;0.45;290.42;5.23;1011;17;2045.00;38
4947;16;23464040;4947;278;5955;5993;7.35;0.44;290.42;5.23;1008;17;2046.00;38
4949;16;23464062;4949;275;5955;5994;7.24;0.44;290.47;5.23;1006;17;2047.00;39
4951;16;23464094;4951;284;5955;5994;7.15;0.43;290.47;5.23;1004;17;2048.00;39
4954;16;23464128;4954;285;5955;5994;7.07;0.43;290.48;5.23;1001;17;2049.00;39
4956;16;23464148;4956;283;5956;5994;7.07;0.43;290.49;5.24;1000;17;2050.00;38
4959;16;23464163;4959;290;5958;5994;7.10;0.43;290.54;5.26;999;17;2051.00;36
4962;16;23464178;4962;294;5968;6006;7.13;0.43;290.83;5.25;1006;17;2052.00;38
4965;16;23464197;4965;298;5969;6006;7.10;0.43;290.88;5.26;1004;17;2053.00;37
4967;16;23464212;4967;297;5970;6006;7.07;0.43;291.00;5.26;1003;17;2054.00;36
4969;16;23464228;4969;295;5973;6006;7.06;0.43;291.12;5.30;1004;17;2055.00;33
4972;16;23464242;4972;304;5974;6006;7.05;0.43;291.23;5.30;1002;17;2056.00;32
4975;16;23464257;4975;312;5974;6006;7.07;0.43;291.25;5.30;999;17;2057.00;32
4977;16;23464273;4977;313;5978;6010;7.05;0.43;291.38;5.31;1001;17;2058.00;32
4982;16;23464288;4982;319;5979;6010;7.02;0.43;291.44;5.33;997;17;2059.00;31
4982;16;23464305;4982;321;5983;6014;7.09;0.43;291.44;5.33;1001;17;2060.00;31
4984;16;23464328;4984;327;5986;6015;7.06;0.43;291.53;5.36;1002;17;2061.00;29
4988;16;23464344;4988;327;5986;6015;7.00;0.43;291.56;5.36;998;17;2062.00;29
4990;16;23464362;4990;332;5988;6015;6.97;0.42;291.65;5.39;998;17;2063.00;27
4994;16;23464378;4994;335;5999;6028;6.97;0.42;291.76;5.38;1005;17;2064.00;29
4996;16;23464396;4996;339;6001;6028;6.97;0.42;291.78;5.42;1005;17;2065.00;27
5000;16;23464415;5000;345;6002;6028;6.89;0.42;291.96;5.43;1002;17;2066.00;26
5001;16;23464432;5001;347;6004;6029;6.87;0.42;291.96;5.44;1003;17;2067.00;25
5004;16;23464448;5004;356;6004;6030;6.85;0.42;291.93;5.44;1000;17;2068.00;26
5005;16;23464464;5005;356;6006;6030;6.81;0.42;291.90;5.46;1001;17;2069.00;24
5008;16;23464481;5008;358;6010;6036;6.76;0.41;291.89;5.46;1002;17;2070.00;26
5009;16;23464497;5009;368;6012;6036;6.67;0.41;291.94;5.48;1003;17;2071.00;24
5011;16;23464513;5011;371;6014;6036;6.61;0.40;292.14;5.48;1003;17;2072.00;22
5011;16;23464528;5011;376;6015;6036;6.57;0.40;292.14;5.50;1004;17;2073.00;21
5014;16;23464542;5014;378;6021;6042;6.55;0.40;292.16;5.49;1007;17;2074.00;21
5017;16;23464558;5017;375;6022;6042;6.43;0.39;292.13;5.51;1005;17;2075.00;20
5018;16;23464573;5018;375;6022;6042;6.36;0.39;292.13;5.51;1004;17;2076.00;20
5018;16;23464588;5018;373;6023;6042;6.37;0.39;292.13;5.52;1005;17;2077.00;19
5020;16;23464600;5020;373;6029;6046;6.30;0.39;292.19;5.56;1009;17;2078.00;17
5022;16;23464613;5022;380;6030;6047;6.28;0.39;292.13;5.56;1008;17;2079.00;17
5026;16;23464627;5026;378;6030;6047;6.25;0.38;292.03;5.56;1004;17;2080.00;17
5027;16;23464640;5027;385;6034;6048;6.27;0.38;292.02;5.59;1007;17;2081.00;14
5029;16;23464662;5029;383;6034;6048;6.28;0.38;291.99;5.59;1005;17;2082.00;14
5030;16;23464676;5030;387;6036;6048;6.28;0.39;291.95;5.61;1006;17;2083.00;12
5031;16;23464690;5031;384;6036;6048;6.36;0.39;291.93;5.61;1005;17;2084.00;12
5036;16;23464705;5036;384;6036;6048;6.36;0.39;291.79;5.61;1000;17;2085.00;12
5037;16;23464719;5037;388;6038;6048;6.35;0.39;291.79;5.63;1001;17;2086.00;10
5040;16;23464733;5040;392;6038;6048;6.29;0.38;291.79;5.63;998;17;2087.00;10
5041;16;23464745;5041;398;6074;6118;6.45;0.40;291.79;5.60;1033;17;2088.00;44
5044;16;23464765;5044;396;6079;6119;6.37;0.39;291.73;5.61;1035;17;2089.00;40
5044;16;23464785;5044;397;6086;6119;6.29;0.39;291.73;5.60;1042;17;2090.00;33
5050;16;23464798;5050;403;6090;6119;6.16;0.38;291.56;5.62;1040;17;2091.00;29
5055;16;23464813;5055;407;6094;6119;6.05;0.37;291.47;5.62;1039;17;2092.00;25
5057;16;23464836;5057;413;6094;6119;6.00;0.37;291.41;5.62;1037;17;2093.00;25
5058;16;23464850;5058;406;6098;6119;5.96;0.37;291.40;5.63;1040;17;2094.00;21
5062;16;23464863;5062;409;6099;6119;5.87;0.36;291.40;5.63;1037;17;2095.00;20
5066;16;23464878;5066;420;6103;6120;5.75;0.35;291.31;5.63;1037;17;2096.00;17
5070;16;23464892;5070;422;6107;6121;5.66;0.35;291.26;5.64;1037;17;2097.00;14
5075;16;23464908;5075;430;6109;6121;5.53;0.34;291.19;5.64;1034;17;2098.00;12
5079;16;23464924;5079;435;6115;6125;5.38;0.33;291.10;5.65;1036;17;2099.00;10
5080;16;23464943;5080;429;6122;6140;5.31;0.32;291.07;5.65;1042;17;2100.00;18
5085;16;23464964;5085;427;6126;6140;5.22;0.32;291.03;5.65;1041;17;2101.00;14
5086;16;23464980;5086;424;6126;6140;5.15;0.32;291.00;5.65;1040;17;2102.00;14
5089;16;23465001;5089;431;6130;6146;5.13;0.31;291.13;5.65;1041;17;2103.00;16
5091;16;23465014;5091;430;6130;6146;5.12;0.31;291.18;5.65;1039;17;2104.00;16
5092;16;23465030;5092;436;6131;6146;5.14;0.31;291.15;5.65;1039;17;2105.00;15
5096;16;23465044;5096;435;6134;6149;5.12;0.31;291.22;5.65;1038;17;2106.00;15
5100;16;23465059;5100;430;6135;6149;5.12;0.31;291.32;5.65;1035;17;2107.00;14
5102;16;23465075;5102;416;6135;6149;5.18;0.32;291.27;5.65;1033;17;2108.00;14
5103;16;23465088;5103;405;6135;6150;5.24;0.32;291.29;5.65;1032;17;2109.00;15
5103;16;23465103;5103;396;6136;6151;5.31;0.33;291.29;5.65;1033;17;2110.00;15
5105;16;23465116;5105;394;6137;6151;5.33;0.33;291.32;5.65;1032;17;2111.00;14
5107;16;23465130;5107;389;6148;6164;5.44;0.33;291.32;5.64;1041;17;2112.00;16
5111;16;23465145;5111;391;6148;6164;5.47;0.33;291.33;5.64;1037;17;2113.00;16
5115;16;23465160;5115;393;6148;6164;5.52;0.34;291.22;5.64;1033;17;2114.00;16
5117;16;23465178;5117;391;6150;6166;5.59;0.34;291.26;5.64;1033;17;2115.00;16
5119;16;23465193;5119;387;6151;6166;5.65;0.34;291.26;5.64;1032;17;2116.00;15
5120;16;23465208;5120;391;6154;6170;5.74;0.35;291.28;5.64;1034;17;2117.00;16
5125;16;23465221;5125;392;6155;6170;5.74;0.35;291.28;5.64;1030;17;2118.00;15
5129;16;23465234;5129;398;6158;6174;5.80;0.35;291.46;5.64;1029;17;2119.00;16
5131;16;23465247;5131;395;6158;6174;5.83;0.36;291.42;5.64;1027;17;2120.00;16
5135;16;23465260;5135;400;6158;6174;5.82;0.36;291.39;5.64;1023;17;2121.00;16
5138;17;23465274;5138;398;6159;6174;5.79;0.35;291.40;5.64;1021;18;2122.00;15
5141;17;23465305;5141;396;6159;6174;5.77;0.35;291.38;5.64;1018;18;2123.00;15
5144;17;23465326;5144;402;6169;6186;5.78;0.35;291.37;5.63;1025;18;2124.00;17
5146;17;23465350;5146;402;6170;6186;5.79;0.35;291.36;5.63;1024;18;2125.00;16
5150;17;23465364;5150;408;6170;6186;5.77;0.35;291.36;5.63;1020;18;2126.00;16
5154;17;23465379;5154;405;6172;6186;5.75;0.35;291.31;5.64;1018;18;2127.00;14
5157;17;23465393;5157;408;6174;6186;5.71;0.35;291.25;5.64;1017;18;2128.00;12
5161;17;23465408;5161;408;6174;6186;5.69;0.35;291.24;5.64;1013;18;2129.00;12
5164;17;23465426;5164;409;6175;6187;5.67;0.34;291.27;5.64;1011;18;2130.00;12
5167;17;23465442;5167;411;6175;6187;5.68;0.35;291.18;5.64;1008;18;2131.00;12
5170;17;23465457;5170;416;6180;6193;5.74;0.35;291.15;5.64;1010;18;2132.00;13
5171;17;23465471;5171;414;6181;6194;5.77;0.35;291.16;5.64;1010;18;2133.00;13
5172;17;23465494;5172;410;6181;6194;5.76;0.35;291.16;5.64;1009;18;2134.00;13
5176;17;23465508;5176;409;6181;6194;5.75;0.35;291.22;5.64;1005;18;2135.00;13
5180;17;23465523;5180;411;6184;6198;5.78;0.35;291.19;5.64;1004;18;2136.00;14
5182;17;23465538;5182;411;6184;6198;5.79;0.35;291.29;5.64;1002;18;2137.00;14
5185;17;23465552;5185;415;6184;6198;5.79;0.35;291.31;5.64;999;18;2138.00;14
5187;17;23465564;5187;414;6185;6199;5.81;0.35;291.40;5.64;998;18;2139.00;14
5192;17;23465577;5192;412;6188;6203;5.80;0.35;291.44;5.63;996;18;2140.00;15
5194;17;23465592;5194;410;6188;6203;5.73;0.35;291.49;5.63;994;18;2141.00;15
5198;17;23465605;5198;407;6190;6206;5.64;0.34;291.68;5.63;992;18;2142.00;16
5199;17;23465619;5199;403;6190;6206;5.62;0.34;291.70;5.63;991;18;2143.00;16
5204;17;23465630;5204;415;6191;6206;5.56;0.34;291.75;5.63;987;18;2144.00;15
5205;17;23465642;5205;416;6191;6206;5.56;0.34;291.71;5.63;986;18;2145.00;15
5206;17;23465656;5206;419;6195;6210;5.60;0.34;291.75;5.63;989;18;2146.00;15
5211;17;23465669;5211;409;6195;6210;5.60;0.34;291.80;5.63;984;18;2147.00;15
5212;17;23465686;5212;400;6195;6210;5.66;0.34;291.83;5.63;983;18;2148.00;15
5214;17;23465700;5214;389;6195;6210;5.70;0.35;291.89;5.63;981;18;2149.00;15
5215;17;23465714;5215;379;6195;6211;5.81;0.35;291.92;5.63;980;18;2150.00;16
5217;17;23465729;5217;371;6196;6212;5.99;0.37;291.98;5.63;979;18;2151.00;16
5218;17;23465743;5218;368;6196;6212;6.10;0.37;291.97;5.63;978;18;2152.00;16
5222;17;23465756;5222;368;6197;6213;6.20;0.38;292.00;5.63;975;18;2153.00;16
5228;17;23465771;5228;368;6197;6213;6.27;0.38;292.08;5.63;969;18;2154.00;16
5230;17;23465787;5230;367;6197;6213;6.33;0.38;292.10;5.63;967;19;2155.00;16
5234;17;23465816;5234;355;6197;6213;6.35;0.39;292.14;5.63;963;19;2156.00;16
5237;17;23465831;5237;347;6197;6213;6.38;0.39;292.20;5.63;960;19;2157.00;16
5238;17;23465844;5238;336;6197;6213;6.47;0.39;292.23;5.63;959;19;2158.00;16
5242;17;23465859;5242;337;6197;6213;6.53;0.40;292.30;5.63;955;19;2159.00;16
5243;17;23465876;5243;387;6321;6443;6.63;0.42;292.38;5.52;1078;19;2160.00;122
5244;17;23465918;5244;379;6326;6444;6.67;0.42;292.36;5.51;1082;19;2161.00;118
5247;17;23465934;5247;365;6335;6444;6.75;0.42;292.45;5.51;1088;19;2162.00;109
5250;17;23465951;5250;358;6339;6444;6.81;0.42;292.47;5.51;1089;19;2163.00;105
5253;17;23465966;5253;358;6351;6444;6.81;0.42;292.60;5.50;1098;19;2164.00;93
5255;17;23465981;5255;352;6354;6444;6.86;0.43;292.73;5.50;1099;19;2165.00;90
5256;17;23465996;5256;353;6359;6444;6.85;0.43;292.78;5.50;1103;19;2166.00;85
5259;17;23466014;5259;349;6365;6444;6.86;0.43;292.91;5.50;1106;19;2167.00;79
5264;17;23466044;5264;357;6369;6445;6.78;0.42;293.13;5.51;1105;19;2168.00;76
5265;17;23466060;5265;350;6374;6446;6.75;0.42;293.19;5.51;1109;19;2169.00;72
5269;17;23466083;5269;362;6378;6446;6.66;0.41;293.30;5.51;1109;19;2170.00;68
5269;17;23466099;5269;366;6385;6447;6.58;0.41;293.30;5.52;1116;19;2171.00;62
5270;17;23466115;5270;369;6387;6447;6.52;0.40;293.32;5.52;1117;19;2172.00;60
5273;17;23466130;5273;378;6390;6447;6.48;0.40;293.34;5.52;1117;19;2173.00;57
5276;17;23466143;5276;378;6392;6447;6.45;0.40;293.45;5.52;1116;19;2174.00;55
5278;17;23466158;5278;380;6395;6451;6.39;0.39;293.47;5.52;1117;19;2175.00;56
5282;17;23466174;5282;390;6397;6451;6.36;0.39;293.57;5.53;1115;19;2176.00;54
5284;17;23466192;5284;393;6397;6451;6.36;0.39;293.60;5.53;1113;19;2177.00;54
5285;17;23466211;5285;395;6398;6454;6.35;0.39;293.66;5.53;1113;19;2178.00;56
5288;17;23466233;5288;397;6400;6454;6.25;0.38;293.82;5.53;1112;19;2179.00;54
5292;17;23466261;5292;398;6400;6454;6.19;0.38;293.84;5.53;1108;19;2180.00;54
5298;17;23466277;5298;398;6404;6458;6.18;0.38;294.03;5.53;1106;19;2181.00;54
5301;17;23466306;5301;405;6405;6459;6.18;0.38;293.94;5.53;1104;19;2182.00;54
5303;17;23466324;5303;401;6407;6459;6.21;0.38;293.92;5.53;1104;19;2183.00;52
5304;17;23466341;5304;409;6411;6463;6.24;0.38;293.95;5.53;1107;19;2184.00;52
5304;17;23466359;5304;410;6411;6463;6.25;0.38;293.95;5.53;1107;19;2185.00;52
5306;17;23466375;5306;419;6411;6463;6.23;0.38;293.94;5.53;1105;19;2186.00;52
5307;17;23466389;5307;420;6412;6464;6.17;0.38;293.97;5.54;1105;19;2187.00;52
5309;17;23466404;5309;430;6413;6464;6.15;0.38;293.99;5.54;1104;19;2188.00;51
5309;17;23466420;5309;430;6417;6470;6.20;0.38;293.99;5.54;1108;19;2189.00;53
5310;17;23466447;5310;420;6417;6470;6.20;0.38;293.99;5.54;1107;19;2190.00;53
5313;17;23466466;5313;418;6418;6471;6.23;0.38;293.99;5.54;1105;19;2191.00;53
5313;17;23466483;5313;408;6418;6471;6.31;0.39;293.99;5.54;1105;19;2192.00;53
5314;17;23466497;5314;403;6419;6471;6.41;0.39;293.96;5.54;1105;19;2193.00;52
5315;17;23466513;5315;394;6420;6471;6.49;0.40;293.98;5.55;1105;19;2194.00;51
5317;17;23466530;5317;390;6421;6471;6.58;0.40;294.04;5.55;1104;19;2195.00;50
5320;17;23466549;5320;388;6432;6483;6.62;0.40;294.16;5.55;1112;19;2196.00;51
5324;17;23466568;5324;379;6432;6483;6.65;0.41;294.28;5.55;1108;19;2197.00;51
5327;17;23466587;5327;377;6432;6483;6.69;0.41;294.36;5.55;1105;19;2198.00;51
5328;17;23466605;5328;376;6433;6483;6.72;0.41;294.39;5.56;1105;19;2199.00;50
5333;17;23466629;5333;372;6436;6483;6.72;0.41;294.53;5.56;1103;19;2200.00;47
5335;17;23466654;5335;368;6436;6483;6.70;0.41;294.63;5.56;1101;19;2201.00;47
5339;17;23466671;5339;368;6440;6487;6.63;0.40;294.74;5.56;1101;19;2202.00;47
5344;17;23466686;5344;359;6441;6487;6.53;0.40;294.93;5.56;1097;19;2203.00;46
5346;17;23466700;5346;357;6444;6491;6.50;0.40;294.95;5.56;1098;19;2204.00;47
5353;17;23466717;5353;354;6449;6493;6.31;0.38;294.87;5.59;1096;19;2205.00;44
5356;17;23466736;5356;352;6449;6493;6.16;0.38;294.98;5.59;1093;19;2206.00;44
5359;17;23466752;5359;346;6449;6493;6.09;0.37;295.03;5.59;1090;19;2207.00;44
5361;17;23466765;5361;347;6458;6506;6.12;0.37;295.10;5.58;1097;19;2208.00;48
5365;17;23466783;5365;341;6458;6506;6.08;0.37;295.21;5.58;1093;19;2209.00;48
5367;17;23466798;5367;340;6460;6508;6.11;0.37;295.25;5.58;1093;19;2210.00;48
5370;17;23466813;5370;336;6461;6509;6.18;0.38;295.28;5.58;1091;19;2211.00;48
5374;17;23466828;5374;329;6461;6510;6.22;0.38;295.33;5.58;1087;19;2212.00;49
5381;17;23466844;5381;326;6461;6510;6.30;0.38;295.49;5.58;1080;19;2213.00;49
5382;17;23466859;5382;328;6464;6513;6.39;0.39;295.55;5.58;1082;19;2214.00;49
5388;17;23466873;5388;324;6464;6513;6.39;0.39;295.59;5.58;1076;19;2215.00;49
5391;17;23466885;5391;324;6464;6513;6.40;0.39;295.62;5.58;1073;19;2216.00;49
5395;17;23466897;5395;323;6464;6513;6.44;0.39;295.80;5.58;1069;19;2217.00;49
5396;17;23466910;5396;322;6469;6519;6.51;0.40;295.88;5.57;1073;19;2218.00;50
5400;17;23466925;5400;322;6469;6519;6.46;0.39;295.98;5.57;1069;19;2219.00;50
5403;17;23466939;5403;323;6469;6519;6.47;0.39;296.03;5.57;1066;19;2220.00;50
5406;17;23466954;5406;328;6469;6519;6.42;0.39;296.07;5.57;1063;19;2221.00;50
5408;17;23466968;5408;327;6473;6523;6.34;0.39;296.02;5.58;1065;19;2222.00;50
5410;17;23466983;5410;333;6474;6524;6.32;0.39;296.11;5.58;1064;19;2223.00;50
5410;17;23466997;5410;333;6474;6524;6.29;0.38;296.11;5.58;1064;19;2224.00;50
5414;17;23467012;5414;336;6475;6525;6.22;0.38;296.11;5.58;1061;19;2225.00;50
5415;17;23467028;5415;342;6476;6525;6.18;0.38;296.10;5.59;1061;19;2226.00;49
5420;17;23467047;5420;349;6476;6525;6.13;0.37;296.10;5.59;1056;19;2227.00;49
5421;17;23467064;5421;349;6477;6525;6.12;0.37;296.06;5.60;1056;19;2228.00;48
5421;17;23467078;5421;354;6477;6525;6.12;0.37;296.06;5.60;1056;19;2229.00;48
5422;17;23467092;5422;359;6478;6525;6.11;0.37;296.02;5.61;1056;19;2230.00;47
5424;17;23467106;5424;358;6480;6525;6.09;0.37;295.97;5.64;1056;19;2231.00;45
5426;17;23467120;5426;365;6511;6595;6.23;0.38;295.91;5.62;1085;19;2232.00;84
5429;17;23467140;5429;368;6515;6596;6.19;0.38;295.90;5.66;1086;19;2233.00;81
5430;17;23467155;5430;370;6524;6596;6.25;0.38;295.87;5.66;1094;19;2234.00;72
5431;17;23467169;5431;374;6529;6596;6.28;0.38;295.82;5.66;1098;19;2235.00;67
5434;17;23467185;5434;382;6537;6596;6.19;0.38;295.78;5.69;1103;19;2236.00;59
5435;17;23467199;5435;383;6540;6596;6.17;0.38;295.77;5.69;1105;19;2237.00;56
5438;17;23467212;5438;386;6548;6596;6.11;0.37;295.66;5.76;1110;19;2238.00;48
5439;17;23467224;5439;392;6550;6596;6.05;0.37;295.64;5.76;1111;19;2239.00;46
5443;17;23467237;5443;392;6554;6597;6.00;0.37;295.56;5.80;1111;19;2240.00;43
5447;17;23467250;5447;394;6559;6598;5.96;0.36;295.44;5.83;1112;19;2241.00;39
5448;17;23467262;5448;400;6561;6598;5.92;0.36;295.40;5.84;1113;19;2242.00;37
5449;17;23467274;5449;406;6567;6602;5.87;0.36;295.37;5.85;1118;19;2243.00;35
5453;17;23467287;5453;410;6570;6602;5.81;0.36;295.26;5.89;1117;19;2244.00;32
5456;17;23467301;5456;415;6573;6602;5.74;0.35;295.16;5.89;1117;19;2245.00;29
5457;17;23467315;5457;422;6574;6602;5.67;0.35;295.15;5.91;1117;19;2246.00;28
5460;17;23467328;5460;425;6580;6608;5.64;0.35;295.15;5.92;1120;19;2247.00;28
5463;17;23467341;5463;432;6581;6608;5.54;0.34;295.03;5.94;1118;19;2248.00;27
5463;17;23467353;5463;437;6581;6608;5.50;0.34;295.03;5.94;1118;19;2249.00;27
5466;17;23467366;5466;432;6587;6614;5.42;0.33;295.00;5.94;1121;19;2250.00;27
5466;17;23467379;5466;432;6588;6614;5.35;0.33;295.00;5.96;1122;19;2251.00;26
5469;17;23467391;5469;442;6589;6614;5.24;0.32;294.94;5.96;1120;19;2252.00;25
5470;17;23467402;5470;439;6590;6615;5.18;0.32;294.91;5.97;1120;19;2253.00;25
5473;17;23467414;5473;439;6592;6616;5.14;0.31;294.84;5.98;1119;19;2254.00;24
5475;17;23467426;5475;450;6593;6616;5.05;0.31;294.74;6.00;1118;19;2255.00;23
5477;17;23467440;5477;456;6605;6629;5.06;0.31;294.68;6.00;1128;19;2256.00;24
5478;17;23467454;5478;456;6606;6629;5.08;0.31;294.63;6.01;1128;19;2257.00;23
5479;17;23467467;5479;460;6606;6629;5.11;0.31;294.66;6.01;1127;19;2258.00;23
5480;17;23467479;5480;465;6608;6630;5.14;0.31;294.63;6.03;1128;19;2259.00;22
5481;17;23467492;5481;466;6608;6630;5.16;0.31;294.58;6.03;1127;19;2260.00;22
5484;17;23467511;5484;462;6614;6634;5.12;0.31;294.57;6.05;1130;19;2261.00;20
5485;17;23467524;5485;462;6615;6634;5.14;0.31;294.55;6.06;1130;19;2262.00;19
5486;17;23467536;5486;465;6618;6638;5.14;0.31;294.56;6.06;1132;19;2263.00;20
5490;17;23467547;5490;466;6618;6638;5.06;0.31;294.45;6.06;1128;19;2264.00;20
5492;17;23467562;5492;450;6619;6638;4.97;0.30;294.38;6.07;1127;19;2265.00;19
5496;17;23467574;5496;439;6621;6638;4.87;0.30;294.35;6.09;1125;19;2266.00;17
5499;17;23467586;5499;434;6622;6638;4.82;0.29;294.35;6.10;1123;19;2267.00;16
5502;17;23467598;5502;436;6632;6650;4.85;0.30;294.30;6.09;1130;19;2268.00;18
5504;17;23467610;5504;436;6633;6650;4.88;0.30;294.31;6.10;1129;19;2269.00;17
5508;17;23467622;5508;440;6634;6650;4.86;0.30;294.31;6.11;1126;19;2270.00;16
5509;17;23467635;5509;440;6634;6650;4.88;0.30;294.27;6.11;1125;19;2271.00;16
5512;17;23467647;5512;441;6635;6650;4.86;0.30;294.36;6.11;1123;19;2272.00;15
5516;17;23467660;5516;449;6635;6650;4.83;0.29;294.33;6.11;1119;19;2273.00;15
5518;17;23467671;5518;455;6635;6651;4.76;0.29;294.33;6.11;1117;19;2274.00;16
5520;17;23467685;5520;438;6635;6651;4.76;0.29;294.33;6.11;1115;19;2275.00;16
5522;17;23467697;5522;437;6639;6657;4.81;0.29;294.38;6.11;1117;19;2276.00;18
5523;17;23467711;5523;430;6640;6658;4.84;0.30;294.39;6.11;1117;19;2277.00;18
5526;17;23467723;5526;429;6641;6658;4.87;0.30;294.46;6.11;1115;19;2278.00;17
5528;17;23467734;5528;426;6641;6658;4.86;0.30;294.50;6.11;1113;19;2279.00;17
5529;17;23467757;5529;420;6645;6663;4.91;0.30;294.47;6.10;1116;19;2280.00;18
5533;17;23467770;5533;428;6645;6663;4.89;0.30;294.42;6.10;1112;19;2281.00;18
5535;17;23467784;5535;419;6645;6663;4.90;0.30;294.41;6.10;1110;19;2282.00;18
5537;17;23467795;5537;413;6646;6664;4.89;0.30;294.45;6.10;1109;19;2283.00;18
5540;17;23467814;5540;391;6649;6668;4.96;0.30;294.42;6.10;1109;19;2284.00;19
5543;17;23467828;5543;395;6649;6668;4.99;0.31;294.50;6.10;1106;19;2285.00;19
5545;17;23467841;5545;384;6652;6671;5.01;0.31;294.53;6.10;1107;19;2286.00;19
5546;17;23467855;5546;379;6652;6671;5.04;0.31;294.55;6.10;1106;19;2287.00;19
5549;17;23467870;5549;376;6652;6671;5.05;0.31;294.54;6.10;1103;19;2288.00;19
5551;17;23467885;5551;373;6652;6671;5.11;0.31;294.50;6.10;1101;19;2289.00;19
5556;17;23467898;5556;367;6655;6675;5.17;0.32;294.52;6.09;1099;19;2290.00;20
5559;17;23467914;5559;367;6656;6675;5.16;0.32;294.45;6.09;1097;19;2291.00;19
5562;17;23467929;5562;355;6656;6675;5.17;0.32;294.62;6.09;1094;19;2292.00;19
5566;17;23467944;5566;353;6656;6675;5.16;0.32;294.79;6.09;1090;19;2293.00;19
5570;17;23467959;5570;352;6656;6676;5.22;0.32;294.84;6.09;1086;19;2294.00;20
5574;17;23467975;5574;349;6658;6678;5.23;0.32;294.84;6.09;1084;19;2295.00;20
5575;17;23467991;5575;356;6658;6678;5.32;0.33;294.82;6.09;1083;19;2296.00;20
5581;17;23468007;5581;356;6659;6679;5.40;0.33;295.09;6.09;1078;19;2297.00;20
5585;17;23468023;5585;347;6659;6679;5.45;0.33;295.13;6.09;1074;19;2298.00;20
5592;17;23468038;5592;348;6659;6679;5.45;0.33;295.23;6.09;1067;19;2299.00;20
5594;17;23468056;5594;354;6659;6679;5.52;0.34;295.21;6.09;1065;19;2300.00;20
5598;17;23468078;5598;359;6659;6679;5.53;0.34;295.29;6.09;1061;19;2301.00;20
5604;17;23468094;5604;362;6659;6679;5.54;0.34;295.36;6.09;1055;19;2302.00;20
5609;17;23468111;5609;362;6659;6679;5.54;0.34;295.30;6.09;1050;19;2303.00;20
5610;17;23468127;5610;381;6736;6806;5.76;0.36;295.33;6.02;1126;19;2304.00;70
5614;17;23468152;5614;369;6738;6807;5.77;0.36;295.44;6.02;1124;19;2305.00;69
5618;17;23468168;5618;366;6743;6807;5.81;0.36;295.52;6.02;1125;19;2306.00;64
5622;17;23468183;5622;365;6746;6807;5.84;0.36;295.54;6.02;1124;19;2307.00;61
5624;17;23468200;5624;365;6750;6807;5.95;0.37;295.64;6.02;1126;19;2308.00;57
5626;17;23468216;5626;364;6753;6807;6.01;0.37;295.63;6.02;1127;19;2309.00;54
5629;17;23468233;5629;364;6756;6807;6.06;0.37;295.71;6.02;1127;19;2310.00;51
5629;17;23468251;5629;364;6757;6807;6.09;0.37;295.71;6.02;1128;19;2311.00;50
5631;17;23468267;5631;370;6759;6808;6.09;0.37;295.70;6.02;1128;19;2312.00;49
5633;17;23468283;5633;376;6760;6809;6.06;0.37;295.72;6.02;1127;19;2313.00;49
5637;17;23468299;5637;374;6762;6809;6.05;0.37;295.72;6.02;1125;19;2314.00;47
5640;17;23468317;5640;374;6764;6810;5.97;0.37;295.82;6.02;1124;19;2315.00;46
5644;17;23468334;5644;381;6765;6810;5.86;0.36;295.93;6.02;1121;19;2316.00;45
5646;17;23468351;5646;383;6767;6810;5.83;0.36;296.09;6.02;1121;19;2317.00;43
5647;17;23468366;5647;392;6769;6810;5.83;0.36;296.08;6.02;1122;19;2318.00;41
5649;17;23468385;5649;395;6773;6814;5.84;0.36;296.22;6.03;1124;19;2319.00;41
5652;17;23468401;5652;404;6775;6814;5.82;0.36;296.42;6.03;1123;19;2320.00;39
5655;17;23468417;5655;408;6777;6814;5.78;0.36;296.47;6.03;1122;19;2321.00;37
5657;17;23468432;5657;400;6778;6817;5.83;0.36;296.53;6.03;1121;19;2322.00;39
5659;17;23468449;5659;399;6780;6817;5.87;0.36;296.60;6.03;1121;19;2323.00;37
5663;17;23468464;5663;393;6781;6817;5.92;0.36;296.60;6.04;1118;19;2324.00;36
5666;17;23468481;5666;392;6786;6821;6.00;0.37;296.71;6.04;1120;19;2325.00;35
5669;17;23468498;5669;390;6787;6822;6.01;0.37;296.84;6.03;1118;19;2326.00;35
5673;17;23468515;5673;392;6789;6822;6.03;0.37;296.90;6.04;1116;19;2327.00;33
5674;17;23468530;5674;392;6791;6826;6.09;0.37;296.94;6.04;1117;19;2328.00;35
5677;17;23468549;5677;401;6793;6826;6.08;0.37;296.98;6.04;1116;19;2329.00;33
5678;17;23468567;5678;400;6794;6826;6.14;0.37;297.01;6.04;1116;19;2330.00;32
5682;17;23468594;5682;394;6795;6827;6.12;0.37;297.06;6.04;1113;19;2331.00;32
5685;17;23468610;5685;398;6796;6827;6.12;0.37;297.21;6.04;1111;19;2332.00;31
5685;17;23468627;5685;395;6801;6833;6.14;0.37;297.21;6.03;1116;19;2333.00;32
5690;17;23468651;5690;395;6801;6833;6.12;0.37;297.26;6.03;1111;19;2334.00;32
5692;17;23468668;5692;402;6801;6834;6.11;0.37;297.27;6.03;1109;19;2335.00;33
5695;17;23468685;5695;404;6801;6834;6.11;0.37;297.34;6.03;1106;19;2336.00;33
5696;17;23468701;5696;405;6801;6834;6.13;0.37;297.37;6.03;1105;19;2337.00;33
5700;17;23468718;5700;408;6801;6834;6.06;0.37;297.39;6.03;1101;19;2338.00;33
5702;17;23468734;5702;411;6801;6834;6.05;0.37;297.53;6.03;1099;19;2339.00;33
5705;17;23468751;5705;419;6829;6870;5.99;0.37;297.62;6.01;1124;19;2340.00;41
5708;17;23468771;5708;421;6829;6870;5.97;0.36;297.72;6.01;1121;19;2341.00;41
5708;17;23468788;5708;422;6832;6870;6.02;0.37;297.72;6.01;1124;19;2342.00;38
5711;17;23468805;5711;419;6832;6870;6.03;0.37;297.73;6.01;1121;19;2343.00;38
5714;17;23468822;5714;417;6833;6870;6.04;0.37;297.77;6.01;1119;19;2344.00;37
5714;17;23468837;5714;423;6833;6870;6.07;0.37;297.77;6.01;1119;19;2345.00;37
5717;17;23468853;5717;424;6837;6874;6.06;0.37;297.81;6.00;1120;19;2346.00;37
5720;17;23468871;5720;426;6837;6874;6.05;0.37;297.88;6.00;1117;19;2347.00;37
5725;17;23468888;5725;424;6841;6878;6.08;0.37;297.88;6.00;1116;19;2348.00;37
5728;17;23468906;5728;425;6842;6879;6.11;0.37;297.82;6.00;1114;19;2349.00;37
5729;17;23468924;5729;423;6842;6879;6.17;0.38;297.88;6.00;1113;19;2350.00;37
5732;17;23468938;5732;429;6842;6879;6.14;0.37;297.88;6.00;1110;19;2351.00;37
5735;17;23468955;5735;432;6853;6892;6.16;0.37;297.87;5.99;1118;19;2352.00;39
5739;17;23468971;5739;428;6853;6892;6.13;0.37;297.97;5.99;1114;19;2353.00;39
5741;17;23468987;5741;433;6853;6892;6.10;0.37;298.00;5.99;1112;19;2354.00;39
5744;17;23469003;5744;435;6854;6893;6.07;0.37;298.00;5.99;1110;19;2355.00;39
5745;18;23469030;5745;439;6854;6894;6.05;0.37;298.06;5.99;1109;20;2356.00;40
5748;18;23469065;5748;434;6854;6894;6.02;0.37;298.17;5.99;1106;20;2357.00;40
5750;18;23469081;5750;436;6856;6897;6.01;0.36;298.17;5.99;1106;20;2358.00;41
5751;18;23469101;5751;438;6856;6897;6.01;0.36;298.17;5.99;1105;20;2359.00;41
5752;18;23469120;5752;436;6857;6897;5.98;0.36;298.18;5.99;1105;20;2360.00;40
5753;18;23469136;5753;437;6857;6897;5.91;0.36;298.21;5.99;1104;20;2361.00;40
5755;18;23469155;5755;439;6862;6903;5.82;0.35;298.20;5.98;1107;20;2362.00;41
5757;18;23469177;5757;443;6862;6903;5.76;0.35;298.18;5.98;1105;20;2363.00;41
5757;18;23469199;5757;441;6862;6903;5.69;0.34;298.18;5.98;1105;20;2364.00;41
5757;18;23469223;5757;438;6862;6903;5.63;0.34;298.18;5.98;1105;20;2365.00;41
5757;18;23469254;5757;442;6865;6907;5.53;0.34;298.18;5.98;1108;20;2366.00;42
5758;18;23469276;5758;427;6866;6908;5.49;0.33;298.19;5.98;1108;20;2367.00;42
5760;18;23469300;5760;429;6866;6908;5.46;0.33;298.32;5.98;1106;20;2368.00;42
5761;18;23469325;5761;431;6867;6909;5.45;0.33;298.35;5.98;1106;20;2369.00;42
5762;18;23469346;5762;429;6867;6909;5.41;0.33;298.38;5.98;1105;20;2370.00;42
5762;18;23469360;5762;427;6867;6909;5.43;0.33;298.38;5.98;1105;20;2371.00;42
5764;18;23469375;5764;437;6867;6909;5.43;0.33;298.42;5.98;1103;20;2372.00;42
5770;18;23469390;5770;441;6867;6909;5.38;0.33;298.52;5.98;1097;20;2373.00;42
5772;18;23469406;5772;435;6867;6909;5.35;0.33;298.52;5.98;1095;20;2374.00;42
5773;18;23469420;5773;435;6867;6909;5.33;0.32;298.56;5.98;1094;20;2375.00;42
5776;18;23469434;5776;441;6904;6979;5.42;0.33;298.80;5.95;1128;20;2376.00;75
5778;18;23469455;5778;433;6904;6980;5.38;0.33;298.87;5.95;1126;20;2377.00;76
5782;18;23469470;5782;435;6910;6980;5.34;0.33;298.89;5.94;1128;20;2378.00;70
5783;18;23469485;5783;432;6913;6980;5.36;0.33;298.92;5.94;1130;20;2379.00;67
5787;18;23469499;5787;421;6917;6980;5.31;0.32;298.92;5.97;1130;20;2380.00;63
5789;18;23469515;5789;420;6920;6980;5.28;0.32;299.08;5.99;1131;20;2381.00;60
5791;18;23469530;5791;423;6922;6980;5.24;0.32;299.15;5.99;1131;20;2382.00;58
5795;18;23469545;5795;426;6928;6980;5.22;0.32;299.25;6.01;1133;20;2383.00;52
5796;18;23469559;5796;429;6930;6981;5.19;0.32;299.28;6.01;1134;20;2384.00;51
5797;18;23469590;5797;433;6935;6983;5.20;0.32;299.26;6.01;1138;20;2385.00;48
5798;18;23469608;5798;428;6937;6983;5.24;0.32;299.26;6.01;1139;20;2386.00;46
5799;18;23469624;5799;431;6940;6987;5.23;0.32;299.23;6.01;1141;20;2387.00;47
5801;18;23469640;5801;430;6940;6987;5.26;0.32;299.25;6.01;1139;20;2388.00;47
5805;18;23469654;5805;431;6940;6987;5.29;0.32;299.19;6.01;1135;20;2389.00;47
5807;18;23469669;5807;432;6940;6987;5.35;0.33;299.13;6.01;1133;20;2390.00;47
5810;18;23469684;5810;429;6944;6993;5.36;0.33;299.02;6.01;1134;20;2391.00;49
5810;18;23469700;5810;427;6944;6993;5.39;0.33;299.02;6.01;1134;20;2392.00;49
5814;18;23469717;5814;422;6944;6993;5.39;0.33;298.89;6.01;1130;20;2393.00;49
5816;18;23469731;5816;427;6946;6996;5.42;0.33;298.93;6.01;1130;20;2394.00;50
5817;18;23469746;5817;427;6946;6996;5.39;0.33;298.89;6.01;1129;20;2395.00;50
5820;18;23469760;5820;423;6947;6996;5.40;0.33;298.91;6.01;1127;20;2396.00;49
5824;18;23469775;5824;431;6947;6997;5.38;0.33;298.83;6.01;1123;20;2397.00;50
5825;18;23469789;5825;428;6948;6998;5.37;0.33;298.92;6.01;1123;20;2398.00;50
5825;18;23469804;5825;425;6948;6998;5.41;0.33;298.92;6.01;1123;20;2399.00;50
5826;18;23469822;5826;440;6974;7057;5.40;0.33;298.94;5.99;1148;20;2400.00;83
5827;18;23469857;5827;437;6977;7057;5.38;0.33;298.89;5.99;1150;20;2401.00;80
5828;18;23469878;5828;442;6981;7057;5.41;0.33;298.95;6.01;1153;20;2402.00;76
5829;18;23469902;5829;448;6983;7058;5.42;0.33;298.94;6.01;1154;20;2403.00;75
5832;18;23469925;5832;451;6985;7058;5.37;0.33;298.91;6.01;1153;20;2404.00;73
5835;18;23469946;5835;456;6991;7062;5.30;0.33;299.00;6.06;1156;20;2405.00;71
5837;18;23469966;5837;462;6994;7062;5.23;0.32;298.97;6.06;1157;20;2406.00;68
5839;18;23469990;5839;465;6997;7066;5.18;0.32;298.96;6.06;1158;20;2407.00;69
5841;18;23470025;5841;475;6999;7066;5.14;0.32;298.90;6.10;1158;20;2408.00;67
5843;18;23470044;5843;475;7000;7066;5.16;0.32;298.82;6.11;1157;20;2409.00;66
5845;18;23470069;5845;482;7000;7066;5.18;0.32;298.76;6.11;1155;20;2410.00;66
5847;18;23470088;5847;490;7002;7066;5.17;0.32;298.76;6.13;1155;20;2411.00;64
5849;18;23470107;5849;497;7012;7078;5.15;0.32;298.70;6.13;1163;20;2412.00;66
5851;18;23470127;5851;501;7014;7078;5.12;0.31;298.63;6.15;1163;20;2413.00;64
5853;18;23470142;5853;508;7014;7078;5.08;0.31;298.61;6.15;1161;20;2414.00;64
5854;18;23470156;5854;505;7016;7078;5.04;0.31;298.71;6.17;1162;20;2415.00;62
5856;18;23470171;5856;510;7016;7078;4.97;0.30;298.73;6.17;1160;20;2416.00;62
5858;18;23470185;5858;518;7019;7078;4.91;0.30;298.72;6.20;1161;20;2417.00;59
5860;18;23470198;5860;510;7020;7079;4.82;0.29;298.72;6.20;1160;20;2418.00;59
5860;18;23470217;5860;516;7020;7079;4.77;0.29;298.72;6.20;1160;20;2419.00;59
5860;18;23470241;5860;524;7026;7085;4.74;0.29;298.72;6.22;1166;20;2420.00;59
5864;18;23470256;5864;525;7028;7086;4.68;0.29;298.69;6.24;1164;20;2421.00;58
5865;18;23470271;5865;520;7029;7086;4.65;0.28;298.67;6.24;1164;20;2422.00;57
5868;18;23470285;5868;512;7032;7086;4.58;0.28;298.61;6.29;1164;20;2423.00;54
5869;18;23470298;5869;510;7036;7090;4.54;0.28;298.63;6.29;1167;20;2424.00;54
5874;18;23470312;5874;503;7038;7090;4.50;0.27;298.47;6.29;1164;20;2425.00;52
5874;18;23470327;5874;494;7041;7090;4.53;0.28;298.47;6.33;1167;20;2426.00;49
5874;18;23470342;5874;492;7043;7091;4.57;0.28;298.47;6.35;1169;20;2427.00;48
5876;18;23470355;5876;488;7047;7095;4.66;0.28;298.42;6.37;1171;20;2428.00;48
5877;18;23470385;5877;489;7049;7095;4.74;0.29;298.52;6.37;1172;20;2429.00;46
5878;18;23470400;5878;485;7054;7101;4.82;0.29;298.49;6.37;1176;20;2430.00;47
5878;18;23470414;5878;482;7056;7101;4.85;0.29;298.49;6.40;1178;20;2431.00;45
5880;18;23470431;5880;481;7059;7101;4.88;0.30;298.42;6.42;1179;20;2432.00;42
5881;18;23470447;5881;483;7060;7101;4.95;0.30;298.40;6.44;1179;20;2433.00;41
5882;18;23470461;5882;475;7064;7105;5.00;0.30;298.37;6.44;1182;20;2434.00;41
5882;18;23470476;5882;476;7066;7105;5.02;0.30;298.37;6.47;1184;20;2435.00;39
5882;18;23470492;5882;471;7066;7105;5.04;0.31;298.37;6.47;1184;20;2436.00;39
5884;18;23470513;5884;469;7066;7105;5.00;0.30;298.40;6.47;1182;20;2437.00;39
5885;18;23470528;5885;482;7069;7106;4.98;0.30;298.38;6.51;1184;20;2438.00;37
5885;18;23470550;5885;476;7070;7107;5.00;0.30;298.38;6.51;1185;20;2439.00;37
5888;18;23470571;5888;474;7072;7107;4.98;0.30;298.44;6.54;1184;20;2440.00;35
5891;18;23470586;5891;480;7074;7108;4.97;0.30;298.38;6.56;1183;20;2441.00;34
5894;18;23470600;5894;484;7074;7108;4.95;0.30;298.40;6.56;1180;20;2442.00;34
5897;18;23470613;5897;486;7075;7108;4.94;0.30;298.38;6.57;1178;20;2443.00;33
5900;18;23470625;5900;492;7076;7108;4.91;0.30;298.40;6.58;1176;20;2444.00;32
5903;18;23470639;5903;487;7078;7108;4.84;0.29;298.50;6.61;1175;20;2445.00;30
5906;18;23470653;5906;495;7078;7108;4.81;0.29;298.58;6.61;1172;20;2446.00;30
5908;18;23470667;5908;495;7080;7108;4.82;0.29;298.54;6.63;1172;20;2447.00;28
5911;18;23470680;5911;510;7147;7235;5.05;0.31;298.53;6.57;1236;20;2448.00;88
5916;18;23470705;5916;505;7150;7236;5.06;0.31;298.68;6.57;1234;20;2449.00;86
5921;18;23470720;5921;483;7161;7236;5.10;0.32;298.57;6.60;1240;20;2450.00;75
5925;18;23470735;5925;471;7165;7236;5.12;0.32;298.61;6.60;1240;20;2451.00;71
5929;18;23470750;5929;467;7170;7236;5.14;0.32;298.69;6.59;1241;20;2452.00;66
5931;18;23470765;5931;465;7171;7236;5.12;0.32;298.69;6.59;1240;20;2453.00;65
5936;18;23470781;5936;465;7174;7236;5.09;0.32;298.93;6.59;1238;20;2454.00;62
5940;18;23470797;5940;463;7178;7236;5.13;0.32;299.02;6.59;1238;20;2455.00;58
5944;18;23470812;5944;464;7182;7237;5.11;0.32;299.22;6.60;1238;20;2456.00;55
5948;18;23470828;5948;467;7183;7238;5.10;0.31;299.44;6.60;1235;20;2457.00;55
5951;18;23470842;5951;469;7185;7238;5.15;0.32;299.46;6.60;1234;20;2458.00;53
5954;18;23470856;5954;465;7186;7239;5.21;0.32;299.67;6.60;1232;20;2459.00;53
5958;18;23470875;5958;474;7189;7239;5.23;0.32;299.89;6.61;1231;20;2460.00;50
5959;18;23470899;5959;470;7190;7239;5.29;0.33;299.85;6.61;1231;20;2461.00;49
5964;18;23470924;5964;469;7191;7239;5.33;0.33;300.04;6.61;1227;20;2462.00;48
5968;18;23470943;5968;466;7195;7243;5.36;0.33;300.19;6.61;1227;20;2463.00;48
5972;18;23470966;5972;463;7195;7243;5.37;0.33;300.36;6.61;1223;20;2464.00;48
5977;18;23470984;5977;468;7197;7243;5.41;0.33;300.44;6.61;1220;20;2465.00;46
5980;18;23471001;5980;459;7198;7246;5.48;0.33;300.53;6.61;1218;20;2466.00;48
5983;18;23471021;5983;457;7199;7246;5.49;0.34;300.79;6.61;1216;20;2467.00;47
5986;18;23471036;5986;457;7201;7246;5.52;0.34;300.93;6.63;1215;20;2468.00;45
5990;18;23471055;5990;456;7204;7250;5.55;0.34;301.10;6.63;1214;20;2469.00;46
5994;18;23471081;5994;467;7208;7251;5.50;0.34;301.18;6.63;1214;20;2470.00;43
5998;18;23471097;5998;465;7208;7251;5.49;0.34;301.38;6.63;1210;20;2471.00;43
6001;18;23471116;6001;471;7211;7255;5.51;0.34;301.39;6.63;1210;20;2472.00;44
6006;18;23471133;6006;464;7213;7255;5.52;0.34;301.49;6.64;1207;20;2473.00;42
6011;18;23471158;6011;470;7213;7255;5.51;0.34;301.57;6.64;1202;20;2474.00;42
6013;18;23471174;6013;476;7214;7257;5.54;0.34;301.66;6.63;1201;20;2475.00;43
6017;18;23471191;6017;461;7216;7257;5.57;0.34;301.79;6.64;1199;20;2476.00;41
6022;18;23471209;6022;462;7219;7263;5.66;0.35;301.89;6.64;1197;20;2477.00;44
6023;18;23471226;6023;464;7221;7263;5.74;0.35;301.98;6.64;1198;20;2478.00;42
6026;18;23471244;6026;465;7221;7264;5.76;0.35;302.03;6.64;1195;20;2479.00;43
6032;18;23471261;6032;457;7223;7264;5.77;0.35;301.93;6.64;1191;20;2480.00;41
6036;18;23471278;6036;455;7224;7264;5.86;0.36;301.92;6.65;1188;20;2481.00;40
6041;18;23471296;6041;448;7224;7264;5.95;0.36;302.06;6.65;1183;20;2482.00;40
6048;18;23471313;6048;449;7225;7264;5.95;0.36;302.23;6.65;1177;20;2483.00;39
6051;18;23471331;6051;444;7230;7276;5.97;0.36;302.15;6.64;1179;20;2484.00;46
6056;18;23471349;6056;448;7230;7276;5.99;0.37;302.37;6.64;1174;20;2485.00;46
6059;18;23471366;6059;451;7232;7276;5.99;0.37;302.32;6.64;1173;20;2486.00;44
6062;18;23471384;6062;450;7232;7276;5.98;0.37;302.51;6.64;1170;20;2487.00;44
6064;18;23471400;6064;452;7232;7276;6.01;0.37;302.54;6.64;1168;20;2488.00;44
6069;18;23471418;6069;452;7232;7276;5.95;0.36;302.79;6.64;1163;20;2489.00;44
6073;18;23471437;6073;460;7237;7280;5.98;0.37;302.90;6.65;1164;20;2490.00;43
6077;18;23471454;6077;464;7238;7280;5.97;0.37;302.96;6.65;1161;20;2491.00;42
6082;18;23471471;6082;469;7241;7284;5.91;0.36;303.18;6.64;1159;20;2492.00;43
6086;18;23471488;6086;471;7242;7285;5.84;0.36;303.28;6.64;1156;20;2493.00;43
6092;18;23471505;6092;481;7245;7285;5.73;0.35;303.36;6.65;1153;20;2494.00;40
6094;18;23471520;6094;494;7247;7285;5.63;0.34;303.46;6.66;1153;20;2495.00;38
6098;18;23471538;6098;502;7256;7298;5.54;0.34;303.54;6.65;1158;20;2496.00;42
6102;18;23471556;6102;499;7257;7298;5.47;0.33;303.75;6.65;1155;20;2497.00;41
6105;18;23471574;6105;496;7258;7298;5.45;0.33;303.90;6.65;1153;20;2498.00;40
6109;18;23471591;6109;495;7259;7299;5.41;0.33;304.01;6.65;1150;20;2499.00;40
6114;18;23471611;6114;498;7259;7300;5.37;0.33;304.08;6.65;1145;20;2500.00;41
6116;18;23471634;6116;504;7261;7300;5.33;0.33;304.16;6.65;1145;20;2501.00;39
6118;18;23471651;6118;511;7263;7303;5.33;0.33;304.26;6.65;1145;20;2502.00;40
6120;18;23471676;6120;513;7263;7303;5.32;0.32;304.36;6.65;1143;20;2503.00;40
6121;18;23471691;6121;518;7264;7303;5.36;0.33;304.34;6.65;1143;20;2504.00;39
6124;18;23471707;6124;524;7264;7303;5.34;0.33;304.42;6.65;1140;20;2505.00;39
6127;18;23471725;6127;525;7269;7309;5.34;0.33;304.44;6.64;1142;21;2506.00;40
6128;18;23471753;6128;524;7269;7309;5.39;0.33;304.49;6.64;1141;21;2507.00;40
6129;18;23471770;6129;526;7269;7309;5.41;0.33;304.52;6.64;1140;21;2508.00;40
6133;18;23471787;6133;522;7269;7309;5.36;0.33;304.57;6.64;1136;21;2509.00;40
6135;18;23471804;6135;521;7272;7313;5.38;0.33;304.62;6.64;1137;21;2510.00;41
6137;18;23471820;6137;522;7273;7314;5.36;0.33;304.71;6.64;1136;21;2511.00;41
6142;18;23471835;6142;520;7273;7314;5.32;0.32;304.76;6.64;1131;21;2512.00;41
6145;18;23471851;6145;525;7274;7315;5.26;0.32;304.74;6.64;1129;21;2513.00;41
6149;18;23471867;6149;537;7274;7315;5.23;0.32;304.79;6.64;1125;21;2514.00;41
6150;18;23471883;6150;531;7274;7315;5.22;0.32;304.83;6.64;1124;21;2515.00;41
6153;18;23471898;6153;527;7274;7315;5.21;0.32;304.95;6.64;1121;21;2516.00;41
6156;18;23471913;6156;519;7274;7315;5.24;0.32;305.09;6.64;1118;21;2517.00;41
6159;18;23471929;6159;516;7274;7315;5.23;0.32;305.09;6.64;1115;21;2518.00;41
6160;18;23471945;6160;517;7274;7315;5.20;0.32;305.12;6.64;1114;21;2519.00;41
6162;18;23471961;6162;538;7342;7440;5.35;0.33;305.16;6.58;1180;21;2520.00;98
6167;18;23471993;6167;529;7343;7441;5.33;0.33;305.38;6.57;1176;21;2521.00;98
6168;18;23472009;6168;515;7350;7441;5.42;0.34;305.36;6.57;1182;21;2522.00;91
6170;18;23472029;6170;501;7353;7441;5.49;0.34;305.50;6.57;1183;21;2523.00;88
6174;18;23472046;6174;505;7358;7441;5.53;0.34;305.60;6.57;1184;21;2524.00;83
6176;18;23472063;6176;507;7359;7441;5.55;0.34;305.68;6.57;1183;21;2525.00;82
6178;18;23472080;6178;508;7364;7441;5.53;0.34;305.78;6.57;1186;21;2526.00;77
6180;18;23472096;6180;516;7368;7441;5.53;0.34;305.89;6.57;1188;21;2527.00;73
6183;18;23472112;6183;526;7373;7442;5.47;0.34;306.05;6.57;1190;21;2528.00;69
6188;18;23472127;6188;530;7379;7443;5.40;0.33;305.99;6.57;1191;21;2529.00;64
6192;18;23472143;6192;535;7381;7443;5.33;0.33;306.21;6.57;1189;21;2530.00;62
6194;18;23472158;6194;538;7388;7447;5.20;0.32;306.27;6.57;1194;21;2531.00;59
6197;18;23472180;6197;536;7389;7447;5.11;0.31;306.45;6.57;1192;21;2532.00;58
6199;18;23472196;6199;546;7389;7447;5.03;0.31;306.51;6.57;1190;21;2533.00;58
6200;18;23472212;6200;547;7392;7447;5.01;0.31;306.52;6.57;1192;21;2534.00;55
6200;18;23472227;6200;556;7397;7453;5.01;0.31;306.52;6.57;1197;21;2535.00;56
6203;18;23472243;6203;570;7398;7453;5.00;0.31;306.45;6.57;1195;21;2536.00;55
6205;18;23472259;6205;572;7399;7455;4.98;0.30;306.49;6.57;1194;21;2537.00;56
6206;18;23472275;6206;571;7403;7458;4.98;0.30;306.46;6.57;1197;21;2538.00;55
6209;18;23472293;6209;574;7403;7458;4.97;0.30;306.51;6.57;1194;21;2539.00;55
6209;18;23472309;6209;573;7403;7458;4.96;0.30;306.51;6.57;1194;21;2540.00;55
6209;18;23472327;6209;569;7404;7459;4.95;0.30;306.51;6.57;1195;21;2541.00;55
6210;18;23472344;6210;571;7405;7460;4.93;0.30;306.61;6.57;1195;21;2542.00;55
6211;18;23472360;6211;559;7405;7460;4.95;0.30;306.63;6.57;1194;21;2543.00;55
6217;18;23472375;6217;568;7413;7473;4.91;0.30;306.70;6.56;1196;21;2544.00;60
6218;18;23472392;6218;551;7413;7473;4.95;0.30;306.67;6.56;1195;21;2545.00;60
6220;18;23472410;6220;545;7414;7473;5.01;0.31;306.65;6.56;1194;21;2546.00;59
6220;18;23472426;6220;539;7415;7474;5.07;0.31;306.65;6.56;1195;21;2547.00;59
6221;18;23472441;6221;538;7416;7474;5.12;0.31;306.63;6.56;1195;21;2548.00;58
6223;18;23472456;6223;544;7419;7478;5.21;0.32;306.63;6.56;1196;21;2549.00;59
6226;18;23472473;6226;540;7421;7481;5.23;0.32;306.59;6.56;1195;21;2550.00;60
6228;18;23472489;6228;538;7425;7485;5.22;0.32;306.62;6.55;1197;21;2551.00;60
6230;18;23472504;6230;535;7425;7485;5.18;0.32;306.57;6.55;1195;21;2552.00;60
6234;18;23472519;6234;534;7425;7485;5.10;0.31;306.58;6.55;1191;21;2553.00;60
6236;18;23472533;6236;528;7425;7485;5.04;0.31;306.58;6.55;1189;21;2554.00;60
6238;18;23472547;6238;529;7427;7485;4.97;0.31;306.71;6.61;1189;21;2555.00;58
6242;18;23472562;6242;525;7437;7497;4.93;0.30;306.67;6.60;1195;21;2556.00;60
6250;18;23472577;6250;526;7438;7497;4.85;0.30;306.62;6.60;1188;21;2557.00;59
6255;18;23472593;6255;524;7439;7497;4.79;0.29;306.57;6.60;1184;21;2558.00;58
6256;18;23472608;6256;519;7439;7497;4.83;0.30;306.59;6.60;1183;21;2559.00;58
6258;18;23472623;6258;515;7439;7497;4.86;0.30;306.51;6.60;1181;21;2560.00;58
6261;18;23472638;6261;509;7439;7497;4.88;0.30;306.45;6.60;1178;21;2561.00;58
6261;18;23472652;6261;509;7439;7498;4.93;0.30;306.45;6.60;1178;21;2562.00;59
6265;18;23472666;6265;507;7439;7498;4.91;0.30;306.33;6.60;1174;21;2563.00;59
6268;18;23472681;6268;506;7443;7504;4.99;0.31;306.35;6.59;1175;21;2564.00;61
6270;18;23472695;6270;501;7445;7506;4.97;0.30;306.29;6.59;1175;21;2565.00;61
6272;18;23472712;6272;508;7445;7506;4.98;0.31;306.27;6.59;1173;21;2566.00;61
6275;18;23472728;6275;514;7445;7506;4.99;0.31;306.24;6.59;1170;21;2567.00;61
6278;18;23472742;6278;521;7447;7510;5.00;0.31;306.19;6.59;1169;21;2568.00;63
6279;18;23472757;6279;517;7447;7510;5.00;0.31;306.15;6.59;1168;21;2569.00;63
6279;18;23472772;6279;512;7447;7510;5.00;0.31;306.15;6.59;1168;21;2570.00;63
6281;18;23472786;6281;510;7448;7511;5.01;0.31;306.09;6.59;1167;21;2571.00;63
6283;18;23472801;6283;509;7454;7515;4.99;0.30;306.14;6.60;1171;21;2572.00;61
6286;18;23472816;6286;504;7454;7515;4.96;0.30;306.13;6.60;1168;21;2573.00;61
6288;18;23472831;6288;511;7456;7518;4.97;0.30;306.11;6.60;1168;21;2574.00;62
6290;18;23472845;6290;521;7458;7518;4.97;0.30;306.02;6.60;1168;21;2575.00;60
6292;18;23472860;6292;516;7459;7518;4.97;0.30;306.03;6.60;1167;21;2576.00;59
6293;18;23472877;6293;522;7459;7518;4.91;0.30;306.01;6.60;1166;21;2577.00;59
6294;18;23472892;6294;524;7463;7522;4.93;0.30;306.00;6.60;1169;21;2578.00;59
6298;18;23472909;6298;518;7465;7522;4.88;0.30;306.03;6.63;1167;21;2579.00;57
6298;18;23472926;6298;503;7465;7522;4.89;0.30;306.03;6.63;1167;21;2580.00;57
6300;18;23472941;6300;500;7465;7522;4.87;0.30;305.99;6.63;1165;21;2581.00;57
6301;18;23472956;6301;501;7466;7523;4.87;0.30;305.97;6.66;1165;21;2582.00;57
6301;18;23472971;6301;496;7467;7524;4.87;0.30;305.97;6.66;1166;21;2583.00;57
6304;18;23472987;6304;498;7467;7524;4.87;0.30;305.93;6.66;1163;21;2584.00;57
6305;18;23473002;6305;500;7469;7525;4.88;0.30;305.91;6.68;1164;21;2585.00;56
6308;18;23473018;6308;502;7469;7525;4.87;0.30;305.96;6.68;1161;21;2586.00;56
6308;18;23473034;6308;499;7470;7525;4.91;0.30;305.96;6.71;1162;21;2587.00;55
6308;18;23473048;6308;500;7470;7525;4.92;0.30;305.96;6.71;1162;21;2588.00;55
6309;18;23473071;6309;506;7472;7525;4.95;0.30;305.94;6.77;1163;21;2589.00;53
6309;18;23473087;6309;511;7472;7525;5.02;0.31;305.94;6.77;1163;21;2590.00;53
6310;18;23473102;6310;509;7473;7525;5.04;0.31;305.90;6.79;1163;21;2591.00;52
6311;18;23473117;6311;522;7539;7652;5.34;0.33;305.88;6.73;1228;21;2592.00;113
6311;18;23473144;6311;515;7542;7653;5.38;0.33;305.88;6.73;1231;21;2593.00;111
6312;18;23473159;6312;502;7553;7653;5.46;0.34;305.84;6.75;1241;21;2594.00;100
6314;18;23473175;6314;498;7555;7653;5.47;0.34;305.79;6.75;1241;22;2595.00;98
6315;18;23473196;6315;496;7563;7653;5.53;0.34;305.77;6.80;1248;22;2596.00;90
6317;18;23473213;6317;491;7567;7653;5.51;0.34;305.74;6.82;1250;22;2597.00;86
6317;18;23473235;6317;487;7568;7653;5.52;0.34;305.74;6.82;1251;22;2598.00;85
6318;18;23473251;6318;482;7570;7653;5.55;0.34;305.75;6.82;1252;22;2599.00;83
6322;18;23473266;6322;485;7575;7654;5.57;0.34;305.69;6.90;1253;22;2600.00;79
6324;18;23473289;6324;493;7578;7655;5.55;0.34;305.63;6.92;1254;22;2601.00;77
6325;18;23473312;6325;490;7583;7655;5.55;0.34;305.60;6.97;1258;22;2602.00;72
6329;18;23473330;6329;481;7586;7656;5.49;0.34;305.70;6.97;1257;22;2603.00;70
6330;18;23473345;6330;489;7589;7656;5.45;0.34;305.69;6.97;1259;22;2604.00;67
6333;18;23473360;6333;491;7594;7656;5.40;0.33;305.75;7.02;1261;22;2605.00;62
6336;18;23473375;6336;490;7597;7656;5.39;0.33;305.69;7.02;1261;22;2606.00;59
6337;18;23473391;6337;488;7603;7660;5.46;0.34;305.64;7.04;1266;22;2607.00;57
6341;18;23473407;6341;485;7605;7660;5.43;0.33;305.65;7.06;1264;22;2608.00;55
6343;18;23473424;6343;487;7606;7660;5.45;0.33;305.75;7.06;1263;22;2609.00;54
6344;18;23473442;6344;486;7612;7666;5.44;0.33;305.77;7.10;1268;22;2610.00;54
6349;18;23473458;6349;487;7612;7666;5.45;0.33;305.82;7.10;1263;22;2611.00;54
6354;18;23473476;6354;495;7614;7666;5.43;0.33;305.93;7.12;1260;22;2612.00;52
6357;18;23473493;6357;493;7619;7670;5.40;0.33;306.05;7.14;1262;22;2613.00;51
6359;18;23473509;6359;504;7623;7671;5.38;0.33;306.02;7.16;1264;22;2614.00;48
6364;18;23473525;6364;507;7624;7671;5.30;0.32;306.08;7.16;1260;22;2615.00;47
6368;18;23473542;6368;507;7628;7675;5.26;0.32;306.15;7.17;1260;22;2616.00;47
6370;18;23473557;6370;513;7629;7675;5.22;0.32;306.10;7.19;1259;22;2617.00;46
6374;18;23473575;6374;522;7631;7675;5.11;0.31;306.05;7.21;1257;22;2618.00;44
6376;18;23473590;6376;526;7631;7676;5.12;0.31;306.04;7.21;1255;22;2619.00;45
6381;18;23473606;6381;524;7631;7676;5.05;0.31;306.18;7.21;1250;22;2620.00;45
6383;18;23473622;6383;529;7635;7682;5.01;0.31;306.19;7.20;1252;22;2621.00;47
6387;18;23473641;6387;531;7635;7682;4.95;0.30;306.18;7.20;1248;22;2622.00;47
6390;18;23473657;6390;533;7635;7683;4.85;0.30;306.20;7.20;1245;22;2623.00;48
6394;18;23473673;6394;541;7635;7683;4.81;0.29;306.26;7.20;1241;22;2624.00;48
6399;18;23473688;6399;525;7635;7683;4.85;0.29;306.29;7.20;1236;22;2625.00;48
6400;18;23473705;6400;509;7635;7683;4.88;0.30;306.32;7.20;1235;22;2626.00;48
6404;18;23473722;6404;490;7635;7683;4.91;0.30;306.46;7.20;1231;22;2627.00;48
6407;18;23473739;6407;483;7642;7695;4.96;0.30;306.56;7.20;1235;22;2628.00;53
6409;18;23473757;6409;478;7642;7695;5.03;0.31;306.65;7.20;1233;22;2629.00;53
6413;18;23473774;6413;472;7642;7695;5.09;0.31;306.78;7.20;1229;22;2630.00;53
6416;18;23473792;6416;469;7642;7695;5.14;0.31;306.91;7.20;1226;22;2631.00;53
6420;18;23473809;6420;453;7642;7695;5.19;0.32;307.09;7.20;1222;22;2632.00;53
6424;18;23473826;6424;443;7642;7695;5.22;0.32;307.02;7.20;1218;22;2633.00;53
6428;18;23473843;6428;439;7645;7699;5.27;0.32;307.16;7.20;1217;22;2634.00;54
6428;18;23473859;6428;427;7645;7699;5.32;0.32;307.16;7.20;1217;22;2635.00;54
6431;18;23473875;6431;425;7648;7703;5.39;0.33;307.24;7.19;1217;22;2636.00;55
6434;18;23473892;6434;417;7648;7704;5.42;0.33;307.46;7.19;1214;22;2637.00;56
6437;18;23473908;6437;423;7648;7704;5.43;0.33;307.49;7.19;1211;22;2638.00;56
6438;18;23473926;6438;416;7648;7704;5.48;0.33;307.59;7.19;1210;22;2639.00;56
6444;18;23473943;6444;414;7668;7733;5.47;0.33;307.72;7.17;1224;22;2640.00;65
6445;18;23473964;6445;416;7669;7733;5.47;0.33;307.73;7.17;1224;22;2641.00;64
6449;18;23473980;6449;412;7671;7733;5.45;0.33;307.79;7.17;1222;22;2642.00;62
6454;18;23473996;6454;417;7671;7734;5.44;0.33;307.82;7.17;1217;22;2643.00;63
6456;18;23474012;6456;421;7673;7735;5.46;0.33;307.87;7.17;1217;22;2644.00;62
6458;18;23474035;6458;425;7673;7735;5.47;0.33;307.98;7.17;1215;22;2645.00;62
6461;18;23474054;6461;425;7674;7738;5.49;0.34;308.01;7.17;1213;22;2646.00;64
6465;18;23474071;6465;427;7674;7738;5.50;0.34;308.15;7.17;1209;22;2647.00;64
6469;18;23474090;6469;429;7675;7738;5.44;0.33;308.20;7.17;1206;22;2648.00;63
6471;18;23474109;6471;433;7675;7738;5.44;0.33;308.26;7.17;1204;22;2649.00;63
6477;18;23474126;6477;428;7680;7744;5.42;0.33;308.24;7.18;1203;22;2650.00;64
6478;18;23474143;6478;427;7681;7744;5.40;0.33;308.27;7.18;1203;22;2651.00;63
6484;18;23474160;6484;429;7681;7744;5.35;0.33;308.26;7.18;1197;22;2652.00;63
6490;18;23474177;6490;429;7683;7744;5.33;0.33;308.40;7.18;1193;22;2653.00;61
6492;18;23474194;6492;427;7687;7748;5.36;0.33;308.51;7.19;1195;22;2654.00;61
6497;18;23474210;6497;421;7689;7750;5.38;0.33;308.68;7.18;1192;22;2655.00;61
6503;18;23474227;6503;424;7691;7750;5.37;0.33;308.80;7.19;1188;22;2656.00;59
6507;18;23474243;6507;425;7692;7751;5.42;0.33;308.80;7.19;1185;22;2657.00;59
6514;18;23474261;6514;422;7692;7751;5.42;0.33;308.92;7.19;1178;22;2658.00;59
6515;18;23474277;6515;430;7693;7751;5.44;0.33;308.95;7.19;1178;22;2659.00;58
6518;18;23474292;6518;431;7695;7751;5.47;0.33;308.97;7.20;1177;22;2660.00;56
6520;18;23474308;6520;436;7695;7751;5.51;0.34;308.99;7.20;1175;22;2661.00;56
6524;18;23474325;6524;441;7696;7751;5.50;0.34;309.09;7.20;1172;22;2662.00;55
6527;18;23474341;6527;445;7697;7751;5.50;0.33;309.26;7.20;1170;22;2663.00;54
6528;18;23474356;6528;454;7731;7821;5.50;0.34;309.30;7.17;1203;22;2664.00;90
6532;18;23474377;6532;454;7733;7822;5.51;0.34;309.46;7.17;1201;22;2665.00;89
6534;18;23474401;6534;450;7738;7822;5.51;0.34;309.62;7.17;1204;22;2666.00;84
6539;18;23474425;6539;454;7739;7822;5.50;0.34;309.64;7.17;1200;22;2667.00;83
6540;18;23474440;6540;454;7741;7822;5.52;0.34;309.74;7.17;1201;22;2668.00;81
6543;18;23474455;6543;460;7744;7822;5.56;0.34;309.78;7.17;1201;22;2669.00;78
6547;18;23474472;6547;464;7745;7822;5.55;0.34;309.92;7.17;1198;22;2670.00;77
6552;18;23474487;6552;473;7750;7822;5.53;0.34;310.00;7.17;1198;22;2671.00;72
6556;18;23474502;6556;461;7752;7823;5.48;0.33;310.09;7.17;1196;22;2672.00;71
6560;18;23474517;6560;456;7756;7824;5.45;0.33;310.34;7.18;1196;22;2673.00;68
6562;18;23474533;6562;459;7762;7824;5.44;0.33;310.46;7.18;1200;22;2674.00;62
6566;18;23474547;6566;458;7768;7828;5.40;0.33;310.52;7.18;1202;22;2675.00;60
6568;18;23474562;6568;462;7768;7828;5.39;0.33;310.62;7.18;1200;22;2676.00;60
6569;18;23474577;6569;471;7768;7828;5.45;0.33;310.72;7.18;1199;22;2677.00;60
6575;18;23474592;6575;481;7769;7828;5.43;0.33;310.99;7.18;1194;22;2678.00;59
6575;18;23474608;6575;487;7774;7834;5.51;0.34;310.99;7.17;1199;22;2679.00;60
6579;18;23474625;6579;496;7774;7834;5.50;0.34;311.23;7.17;1195;22;2680.00;60
6582;18;23474648;6582;491;7774;7834;5.49;0.33;311.35;7.17;1192;22;2681.00;60
6584;18;23474665;6584;489;7778;7837;5.50;0.34;311.34;7.17;1194;22;2682.00;59
6589;18;23474681;6589;490;7778;7837;5.42;0.33;311.46;7.17;1189;22;2683.00;59
6589;18;23474702;6589;491;7778;7837;5.43;0.33;311.46;7.17;1189;22;2684.00;59
6593;18;23474715;6593;489;7778;7838;5.37;0.33;311.58;7.17;1185;22;2685.00;60
6597;18;23474731;6597;487;7779;7839;5.36;0.33;311.55;7.17;1182;22;2686.00;60
6601;18;23474745;6601;491;7780;7839;5.34;0.33;311.67;7.17;1179;22;2687.00;59
6604;18;23474759;6604;498;7790;7852;5.32;0.32;311.84;7.16;1186;22;2688.00;62
6607;18;23474775;6607;493;7790;7852;5.23;0.32;311.87;7.16;1183;22;2689.00;62
6608;18;23474790;6608;501;7791;7852;5.21;0.32;311.97;7.16;1183;22;2690.00;61
6611;18;23474805;6611;505;7793;7853;5.18;0.32;312.03;7.16;1182;22;2691.00;60
6615;18;23474820;6615;507;7793;7853;5.15;0.31;312.26;7.16;1178;22;2692.00;60
6620;18;23474836;6620;508;7798;7857;5.16;0.31;312.41;7.16;1178;22;2693.00;59
6622;18;23474852;6622;503;7798;7857;5.16;0.31;312.52;7.16;1176;22;2694.00;59
6623;18;23474866;6623;506;7801;7861;5.15;0.31;312.49;7.16;1178;22;2695.00;60
6624;18;23474880;6624;508;7801;7861;5.15;0.31;312.54;7.16;1177;22;2696.00;60
6626;18;23474894;6626;510;7801;7861;5.14;0.31;312.57;7.16;1175;22;2697.00;60
6626;18;23474909;6626;504;7801;7861;5.12;0.31;312.57;7.16;1175;22;2698.00;60
6628;18;23474922;6628;507;7801;7861;5.12;0.31;312.56;7.16;1173;22;2699.00;60
6629;18;23474940;6629;511;7827;7910;5.17;0.32;312.57;7.14;1198;22;2700.00;83
6631;18;23474962;6631;510;7828;7910;5.19;0.32;312.52;7.14;1197;22;2701.00;82
6631;18;23474977;6631;514;7832;7910;5.25;0.32;312.52;7.13;1201;22;2702.00;78
6634;18;23474991;6634;517;7832;7910;5.30;0.32;312.56;7.13;1198;22;2703.00;78
6637;18;23475005;6637;531;7835;7910;5.29;0.32;312.59;7.13;1198;22;2704.00;75
6637;18;23475025;6637;527;7836;7910;5.33;0.33;312.59;7.13;1199;22;2705.00;74
6641;18;23475042;6641;519;7836;7911;5.30;0.32;312.58;7.13;1195;22;2706.00;75
6642;18;23475057;6642;527;7837;7911;5.31;0.33;312.59;7.13;1195;22;2707.00;74
6645;18;23475071;6645;526;7841;7917;5.30;0.32;312.64;7.13;1196;22;2708.00;76
6648;18;23475092;6648;530;7842;7918;5.30;0.32;312.59;7.13;1194;22;2709.00;76
6651;18;23475106;6651;532;7842;7918;5.24;0.32;312.70;7.13;1191;22;2710.00;76
6654;18;23475119;6654;535;7843;7918;5.17;0.32;312.67;7.13;1189;22;2711.00;75
6656;18;23475134;6656;535;7846;7922;5.15;0.31;312.66;7.13;1190;22;2712.00;76
6658;18;23475148;6658;537;7847;7922;5.06;0.31;312.72;7.13;1189;22;2713.00;75
6659;18;23475161;6659;547;7847;7922;5.03;0.31;312.70;7.13;1188;22;2714.00;75
6664;18;23475176;6664;538;7848;7923;4.96;0.30;312.64;7.13;1184;22;2715.00;75
6667;18;23475190;6667;538;7851;7927;4.91;0.30;312.64;7.12;1184;22;2716.00;76
6669;18;23475204;6669;534;7852;7927;4.87;0.30;312.62;7.12;1183;22;2717.00;75
6674;18;23475217;6674;534;7855;7930;4.86;0.30;312.52;7.12;1181;22;2718.00;75
6676;18;23475230;6676;533;7855;7930;4.87;0.30;312.49;7.12;1179;22;2719.00;75
6678;18;23475244;6678;527;7856;7930;4.88;0.30;312.48;7.12;1178;22;2720.00;74
6682;18;23475258;6682;531;7856;7930;4.90;0.30;312.41;7.12;1174;22;2721.00;74
6684;18;23475271;6684;525;7860;7934;4.92;0.30;312.52;7.12;1176;22;2722.00;74
6685;18;23475285;6685;527;7860;7934;4.95;0.30;312.54;7.12;1175;22;2723.00;74
6687;18;23475299;6687;525;7861;7934;4.97;0.30;312.55;7.12;1174;22;2724.00;73
6688;18;23475313;6688;529;7861;7934;4.98;0.30;312.51;7.12;1173;22;2725.00;73
6689;18;23475327;6689;532;7861;7935;4.97;0.30;312.52;7.12;1172;22;2726.00;74
6693;18;23475340;6693;533;7863;7936;4.85;0.30;312.53;7.13;1170;22;2727.00;73
6694;18;23475352;6694;534;7863;7936;4.82;0.29;312.52;7.13;1169;22;2728.00;73
6698;18;23475364;6698;535;7864;7937;4.77;0.29;312.45;7.13;1166;22;2729.00;73
6699;18;23475379;6699;529;7867;7937;4.72;0.29;312.44;7.17;1168;22;2730.00;70
6700;18;23475393;6700;525;7868;7937;4.72;0.29;312.43;7.17;1168;22;2731.00;69
6701;18;23475405;6701;521;7868;7937;4.73;0.29;312.40;7.17;1167;22;2732.00;69
6704;18;23475419;6704;511;7868;7937;4.71;0.29;312.40;7.17;1164;22;2733.00;69
6704;18;23475434;6704;519;7868;7937;4.75;0.29;312.40;7.17;1164;22;2734.00;69
6706;18;23475446;6706;520;7868;7937;4.80;0.29;312.40;7.17;1162;22;2735.00;69
6707;18;23475458;6707;519;7931;8064;5.06;0.31;312.41;7.11;1224;22;2736.00;133
6708;18;23475480;6708;498;7932;8065;5.10;0.32;312.45;7.11;1224;22;2737.00;133
6709;18;23475495;6709;488;7941;8065;5.19;0.32;312.41;7.11;1232;22;2738.00;124
6712;18;23475508;6712;480;7944;8065;5.27;0.33;312.36;7.11;1232;22;2739.00;121
6713;18;23475521;6713;472;7949;8065;5.36;0.33;312.35;7.10;1236;22;2740.00;116
6714;18;23475535;6714;468;7953;8065;5.41;0.33;312.39;7.10;1239;22;2741.00;112
6714;18;23475548;6714;456;7954;8065;5.50;0.34;312.39;7.10;1240;22;2742.00;111
6716;18;23475571;6716;449;7957;8065;5.56;0.34;312.34;7.10;1241;22;2743.00;108
6718;18;23475584;6718;445;7958;8066;5.55;0.34;312.32;7.10;1240;22;2744.00;108
6720;18;23475605;6720;445;7962;8068;5.61;0.34;312.25;7.10;1242;22;2745.00;106
6723;18;23475620;6723;448;7964;8068;5.65;0.35;312.25;7.10;1241;22;2746.00;104
6724;18;23475634;6724;449;7967;8069;5.71;0.35;312.25;7.11;1243;22;2747.00;102
6729;18;23475648;6729;450;7971;8069;5.66;0.35;312.30;7.11;1242;22;2748.00;98
6729;18;23475662;6729;448;7976;8069;5.67;0.35;312.30;7.12;1247;22;2749.00;93
6731;18;23475676;6731;447;7979;8069;5.67;0.35;312.28;7.15;1248;22;2750.00;90
6733;18;23475690;6733;451;7984;8073;5.65;0.35;312.27;7.18;1251;22;2751.00;89
6734;18;23475704;6734;457;7988;8073;5.66;0.35;312.28;7.18;1254;22;2752.00;85
6736;18;23475719;6736;463;7989;8073;5.63;0.34;312.29;7.18;1253;22;2753.00;84
6736;18;23475732;6736;458;7994;8076;5.63;0.34;312.29;7.18;1258;22;2754.00;82
6739;18;23475748;6739;463;7999;8076;5.62;0.34;312.24;7.25;1260;22;2755.00;77
6743;18;23475762;6743;467;8001;8076;5.60;0.34;312.34;7.25;1258;22;2756.00;75
6744;18;23475777;6744;471;8006;8080;5.56;0.34;312.31;7.28;1262;22;2757.00;74
6746;18;23475790;6746;480;8009;8081;5.55;0.34;312.30;7.31;1263;22;2758.00;72
6748;18;23475807;6748;476;8009;8081;5.54;0.34;312.30;7.31;1261;22;2759.00;72
6750;18;23475823;6750;475;8014;8086;5.53;0.34;312.30;7.34;1264;22;2760.00;72
6751;18;23475838;6751;482;8015;8086;5.49;0.33;312.40;7.34;1264;22;2761.00;71
6754;18;23475853;6754;484;8017;8086;5.51;0.33;312.39;7.41;1263;22;2762.00;69
6757;18;23475876;6757;488;8018;8087;5.53;0.34;312.31;7.41;1261;22;2763.00;69
6757;18;23475890;6757;491;8018;8087;5.54;0.34;312.31;7.41;1261;22;2764.00;69
6761;18;23475906;6761;488;8025;8093;5.54;0.34;312.42;7.47;1264;23;2765.00;68
6763;18;23475930;6763;491;8026;8093;5.49;0.33;312.53;7.51;1263;23;2766.00;67
6763;18;23475951;6763;491;8026;8094;5.46;0.33;312.53;7.51;1263;23;2767.00;68
6767;18;23475968;6767;495;8027;8094;5.36;0.33;312.63;7.54;1260;23;2768.00;67
6770;18;23475984;6770;500;8027;8094;5.34;0.32;312.72;7.54;1257;23;2769.00;67
6771;18;23475997;6771;503;8027;8094;5.32;0.32;312.70;7.54;1256;23;2770.00;67
6771;18;23476011;6771;502;8027;8094;5.29;0.32;312.70;7.54;1256;23;2771.00;67
6772;18;23476032;6772;507;8040;8106;5.34;0.32;312.80;7.59;1268;23;2772.00;66
6775;18;23476049;6775;504;8041;8106;5.29;0.32;312.81;7.62;1266;23;2773.00;65
6778;18;23476068;6778;498;8042;8106;5.27;0.32;312.84;7.65;1264;23;2774.00;64
6779;18;23476082;6779;489;8042;8106;5.25;0.32;312.92;7.65;1263;23;2775.00;64
6780;18;23476095;6780;490;8044;8106;5.29;0.32;312.90;7.71;1264;23;2776.00;62
6783;18;23476108;6783;486;8045;8106;5.29;0.32;312.94;7.74;1262;23;2777.00;61
6785;18;23476121;6785;494;8049;8110;5.26;0.32;312.98;7.76;1264;23;2778.00;61
6785;18;23476135;6785;487;8049;8110;5.27;0.32;312.98;7.76;1264;23;2779.00;61
6787;18;23476149;6787;487;8055;8114;5.27;0.32;313.00;7.82;1268;23;2780.00;59
6787;18;23476176;6787;486;8057;8115;5.24;0.32;313.00;7.84;1270;23;2781.00;58
6789;18;23476190;6789;483;8058;8115;5.24;0.32;313.14;7.87;1269;23;2782.00;57
6793;18;23476204;6793;477;8058;8115;5.28;0.32;313.11;7.87;1265;23;2783.00;57
6795;18;23476216;6795;476;8069;8128;5.34;0.32;313.02;7.86;1274;23;2784.00;59
6798;18;23476232;6798;476;8071;8128;5.34;0.33;313.05;7.91;1273;23;2785.00;57
6802;18;23476246;6802;483;8071;8128;5.31;0.32;313.22;7.91;1269;23;2786.00;57
6805;18;23476259;6805;484;8074;8129;5.35;0.33;313.20;7.96;1269;23;2787.00;55
6807;18;23476272;6807;494;8074;8130;5.33;0.33;313.35;7.96;1267;23;2788.00;56
6808;18;23476286;6808;494;8074;8130;5.29;0.32;313.45;7.96;1266;23;2789.00;56
6812;18;23476301;6812;501;8081;8136;5.24;0.32;313.45;8.00;1269;23;2790.00;55
6815;18;23476316;6815;507;8081;8136;5.23;0.32;313.44;8.00;1266;23;2791.00;55
6818;18;23476330;6818;503;8084;8136;5.22;0.32;313.41;8.05;1266;23;2792.00;52
6824;18;23476344;6824;515;8084;8136;5.17;0.32;313.42;8.05;1260;23;2793.00;52
6825;18;23476358;6825;514;8089;8142;5.19;0.32;313.45;8.05;1264;23;2794.00;53
6827;18;23476374;6827;514;8091;8142;5.14;0.32;313.47;8.09;1264;23;2795.00;51
6832;18;23476388;6832;511;8091;8142;5.06;0.31;313.44;8.09;1259;23;2796.00;51
6834;18;23476402;6834;513;8091;8142;4.99;0.31;313.50;8.09;1257;23;2797.00;51
6839;18;23476416;6839;516;8096;8146;4.93;0.30;313.51;8.14;1257;23;2798.00;50
6846;18;23476429;6846;520;8097;8147;4.79;0.29;313.68;8.14;1251;23;2799.00;50
6848;18;23476444;6848;508;8097;8147;4.77;0.29;313.72;8.14;1249;23;2800.00;50
6850;18;23476472;6850;498;8098;8148;4.76;0.29;313.70;8.14;1248;23;2801.00;50
6853;18;23476486;6853;494;8098;8148;4.76;0.29;313.85;8.14;1245;23;2802.00;50
6858;18;23476499;6858;483;8098;8148;4.81;0.29;313.98;8.14;1240;23;2803.00;50
6861;18;23476512;6861;481;8098;8148;4.87;0.30;314.01;8.14;1237;23;2804.00;50
6864;18;23476525;6864;467;8098;8148;4.96;0.30;314.11;8.14;1234;23;2805.00;50
6868;18;23476539;6868;453;8098;8148;5.01;0.31;314.12;8.14;1230;23;2806.00;50
6870;18;23476553;6870;433;8098;8148;5.03;0.31;314.24;8.14;1228;23;2807.00;50
6874;18;23476566;6874;425;8131;8218;5.19;0.32;314.36;8.10;1257;23;2808.00;87
6878;18;23476585;6878;420;8133;8219;5.22;0.32;314.38;8.10;1255;23;2809.00;86
6883;18;23476600;6883;414;8140;8219;5.25;0.32;314.44;8.10;1257;23;2810.00;79
6885;18;23476615;6885;415;8145;8219;5.29;0.33;314.45;8.09;1260;23;2811.00;74
6887;18;23476629;6887;419;8147;8219;5.34;0.33;314.57;8.09;1260;23;2812.00;72
6889;18;23476644;6889;421;8148;8219;5.43;0.33;314.62;8.09;1259;23;2813.00;71
6894;18;23476660;6894;431;8150;8219;5.50;0.34;314.74;8.09;1256;23;2814.00;69
6898;18;23476675;6898;429;8152;8219;5.52;0.34;314.86;8.09;1254;23;2815.00;67
6900;18;23476690;6900;434;8155;8220;5.57;0.34;314.87;8.09;1255;23;2816.00;65
6904;18;23476704;6904;430;8157;8221;5.61;0.34;315.07;8.09;1253;23;2817.00;64
6908;18;23476718;6908;429;8159;8221;5.58;0.34;315.13;8.09;1251;23;2818.00;62
6910;18;23476733;6910;426;8161;8225;5.63;0.35;315.21;8.09;1251;23;2819.00;64
6918;18;23476749;6918;427;8162;8225;5.64;0.35;315.37;8.09;1244;23;2820.00;63
6926;18;23476769;6926;419;8163;8225;5.64;0.34;315.48;8.09;1237;23;2821.00;62
6928;18;23476785;6928;422;8163;8225;5.69;0.35;315.51;8.09;1235;23;2822.00;62
6933;18;23476799;6933;417;8168;8231;5.68;0.35;315.59;8.09;1235;23;2823.00;63
6938;18;23476814;6938;424;8169;8231;5.67;0.35;315.62;8.09;1231;23;2824.00;62
6942;18;23476829;6942;416;8170;8231;5.69;0.35;315.70;8.09;1228;23;2825.00;61
6943;18;23476843;6943;412;8173;8234;5.71;0.35;315.72;8.09;1230;23;2826.00;61
6949;18;23476858;6949;411;8173;8234;5.65;0.34;315.80;8.09;1224;23;2827.00;61
6951;18;23476873;6951;409;8173;8234;5.61;0.34;315.89;8.09;1222;23;2828.00;61
6955;18;23476887;6955;411;8174;8235;5.57;0.34;316.01;8.09;1219;23;2829.00;61
6961;18;23476900;6961;420;8175;8236;5.56;0.34;316.03;8.09;1214;23;2830.00;61
6965;18;23476916;6965;418;8176;8236;5.52;0.34;316.25;8.09;1211;23;2831.00;60
6968;18;23476930;6968;425;8184;8249;5.47;0.33;316.35;8.08;1216;23;2832.00;65
6971;18;23476944;6971;425;8185;8249;5.42;0.33;316.43;8.08;1214;23;2833.00;64
6975;18;23476958;6975;429;8186;8249;5.38;0.33;316.55;8.08;1211;23;2834.00;63
6977;18;23476972;6977;435;8188;8251;5.41;0.33;316.64;8.08;1211;23;2835.00;63
6980;18;23476986;6980;436;8188;8251;5.43;0.33;316.83;8.08;1208;23;2836.00;63
6983;18;23477004;6983;438;8193;8255;5.43;0.33;316.97;8.08;1210;23;2837.00;62
6986;18;23477019;6986;442;8193;8255;5.38;0.33;316.97;8.08;1207;23;2838.00;62
6991;18;23477035;6991;451;8196;8259;5.33;0.32;317.13;8.07;1205;23;2839.00;63
6994;18;23477050;6994;453;8196;8259;5.29;0.32;317.23;8.07;1202;23;2840.00;63
6998;18;23477065;6998;450;8196;8259;5.23;0.32;317.38;8.07;1198;23;2841.00;63
7001;18;23477078;7001;453;8198;8259;5.17;0.32;317.46;8.08;1197;23;2842.00;61
7003;18;23477092;7003;461;8198;8259;5.09;0.31;317.61;8.08;1195;23;2843.00;61
7006;18;23477106;7006;463;8206;8271;5.06;0.31;317.63;8.07;1200;23;2844.00;65
7009;18;23477120;7009;471;8208;8271;4.99;0.31;317.65;8.07;1199;23;2845.00;63
7012;18;23477133;7012;476;8210;8271;4.93;0.30;317.71;8.07;1198;23;2846.00;61
7016;18;23477146;7016;468;8210;8271;4.90;0.30;317.73;8.07;1194;23;2847.00;61
7019;18;23477159;7019;464;8210;8271;4.87;0.30;317.79;8.07;1191;23;2848.00;61
7025;18;23477173;7025;467;8210;8271;4.84;0.30;317.88;8.07;1185;23;2849.00;61
7028;18;23477189;7028;469;8212;8274;4.83;0.29;317.92;8.07;1184;23;2850.00;62
7030;18;23477203;7030;470;8212;8274;4.79;0.29;317.92;8.07;1182;23;2851.00;62
7030;18;23477217;7030;472;8217;8280;4.87;0.30;317.92;8.06;1187;23;2852.00;63
7034;18;23477231;7034;472;8218;8281;4.91;0.30;318.09;8.06;1184;23;2853.00;63
7038;18;23477245;7038;474;8218;8281;4.93;0.30;318.22;8.06;1180;23;2854.00;63
7039;18;23477259;7039;477;8218;8281;4.97;0.30;318.18;8.06;1179;23;2855.00;63
7041;18;23477272;7041;474;8221;8285;5.04;0.31;318.22;8.06;1180;24;2856.00;64
7041;18;23477298;7041;471;8221;8285;5.08;0.31;318.22;8.06;1180;24;2857.00;64
7044;18;23477318;7044;461;8221;8285;5.06;0.31;318.18;8.06;1177;24;2858.00;64
7048;18;23477332;7048;455;8222;8286;5.10;0.31;318.21;8.06;1174;24;2859.00;64
7050;18;23477345;7050;453;8225;8290;5.10;0.31;318.16;8.05;1175;24;2860.00;65
7051;18;23477360;7051;461;8225;8290;5.10;0.31;318.13;8.05;1174;24;2861.00;65
7051;18;23477374;7051;458;8227;8293;5.13;0.31;318.13;8.05;1176;24;2862.00;66
7052;18;23477388;7052;462;8227;8293;5.18;0.32;318.19;8.05;1175;24;2863.00;66
7052;18;23477402;7052;467;8230;8295;5.25;0.32;318.19;8.05;1178;24;2864.00;65
7056;18;23477417;7056;470;8230;8295;5.27;0.32;318.15;8.05;1174;24;2865.00;65
7058;18;23477430;7058;468;8234;8299;5.25;0.32;318.23;8.05;1176;24;2866.00;65
7060;18;23477445;7060;460;8234;8299;5.26;0.32;318.24;8.05;1174;24;2867.00;65
7062;18;23477458;7062;459;8234;8299;5.22;0.32;318.19;8.05;1172;24;2868.00;65
7062;18;23477472;7062;452;8234;8299;5.24;0.32;318.19;8.05;1172;24;2869.00;65
7066;18;23477485;7066;457;8234;8300;5.25;0.32;318.16;8.05;1168;24;2870.00;66
7071;18;23477499;7071;456;8235;8301;5.21;0.32;318.21;8.05;1164;24;2871.00;66
7072;18;23477514;7072;447;8235;8301;5.20;0.32;318.18;8.05;1163;24;2872.00;66
7074;19;23477528;7074;449;8236;8302;5.24;0.32;318.18;8.05;1162;25;2873.00;66
7078;19;23477553;7078;443;8236;8302;5.20;0.32;318.24;8.05;1158;25;2874.00;66
7078;19;23477567;7078;447;8236;8302;5.18;0.32;318.24;8.05;1158;25;2875.00;66
7079;19;23477580;7079;440;8236;8302;5.17;0.31;318.21;8.05;1157;25;2876.00;66
7079;19;23477594;7079;441;8236;8302;5.16;0.31;318.21;8.05;1157;25;2877.00;66
7080;19;23477608;7080;442;8236;8302;5.13;0.31;318.24;8.05;1156;25;2878.00;66
7081;19;23477621;7081;458;8236;8302;5.11;0.31;318.25;8.05;1155;25;2879.00;66
7085;19;23477636;7085;521;8363;8532;5.16;0.32;318.17;7.92;1278;25;2880.00;169
7089;19;23477669;7089;511;8364;8533;5.11;0.32;318.11;7.92;1275;25;2881.00;169
7093;19;23477684;7093;497;8373;8533;5.16;0.32;318.17;7.92;1280;25;2882.00;160
7097;19;23477698;7097;489;8377;8533;5.13;0.32;318.14;7.91;1280;25;2883.00;156
7097;19;23477713;7097;479;8383;8533;5.14;0.32;318.14;7.91;1286;25;2884.00;150
7098;19;23477731;7098;488;8387;8533;5.13;0.32;318.14;7.91;1289;25;2885.00;146
7099;19;23477747;7099;486;8395;8533;5.15;0.32;318.10;7.91;1296;25;2886.00;138
7101;19;23477762;7101;484;8401;8533;5.14;0.32;318.09;7.91;1300;25;2887.00;132
7101;19;23477777;7101;489;8408;8534;5.14;0.32;318.09;7.91;1307;25;2888.00;126
7102;19;23477794;7102;488;8410;8535;5.08;0.32;318.05;7.91;1308;25;2889.00;125
7103;19;23477810;7103;498;8416;8535;5.02;0.31;318.03;7.91;1313;25;2890.00;119
7104;19;23477825;7104;497;8419;8536;4.99;0.31;318.03;7.91;1315;25;2891.00;117
7105;19;23477840;7105;499;8422;8536;4.91;0.30;318.04;7.91;1317;25;2892.00;114
7105;19;23477855;7105;481;8424;8536;4.88;0.30;318.04;7.91;1319;25;2893.00;112
7106;19;23477871;7106;468;8425;8536;4.88;0.30;318.06;7.91;1319;25;2894.00;111
7110;19;23477886;7110;473;8426;8540;4.87;0.30;318.09;7.91;1316;25;2895.00;114
7111;19;23477902;7111;466;8427;8540;4.94;0.30;318.08;7.91;1316;25;2896.00;113
7113;19;23477920;7113;460;8428;8540;5.00;0.31;318.11;7.91;1315;25;2897.00;112
7114;19;23477936;7114;458;8429;8543;5.04;0.31;318.13;7.91;1315;25;2898.00;114
7117;19;23477952;7117;463;8430;8543;5.10;0.31;318.21;7.91;1313;25;2899.00;113
7117;19;23477975;7117;469;8431;8543;5.11;0.31;318.21;7.91;1314;25;2900.00;112
7118;19;23477995;7118;459;8435;8547;5.17;0.32;318.23;7.91;1317;25;2901.00;112
7121;19;23478012;7121;454;8436;8548;5.20;0.32;318.21;7.91;1315;25;2902.00;112
7122;19;23478029;7122;458;8436;8548;5.24;0.32;318.23;7.91;1314;25;2903.00;112
7124;19;23478044;7124;462;8438;8552;5.26;0.32;318.28;7.91;1314;25;2904.00;114
7126;19;23478062;7126;441;8440;8552;5.23;0.32;318.33;7.98;1314;25;2905.00;112
7131;20;23478080;7131;447;8440;8552;5.18;0.32;318.30;7.98;1309;26;2906.00;112
7134;20;23478113;7134;438;8441;8553;5.17;0.32;318.29;7.98;1307;26;2907.00;112
7136;20;23478129;7136;434;8444;8553;5.19;0.32;318.32;7.99;1308;26;2908.00;109
7139;20;23478152;7139;430;8448;8559;5.22;0.32;318.22;7.99;1309;26;2909.00;111
7142;20;23478181;7142;429;8448;8559;5.19;0.32;318.24;7.99;1306;26;2910.00;111
7142;20;23478197;7142;428;8449;8560;5.19;0.32;318.24;7.99;1307;26;2911.00;111
7142;20;23478213;7142;430;8450;8560;5.19;0.32;318.24;7.99;1308;26;2912.00;110
7145;20;23478229;7145;424;8450;8560;5.24;0.32;318.44;7.99;1305;26;2913.00;110
7148;20;23478244;7148;424;8450;8560;5.29;0.32;318.35;7.99;1302;26;2914.00;110
7151;20;23478260;7151;420;8450;8560;5.36;0.33;318.26;7.99;1299;26;2915.00;110
7154;20;23478276;7154;419;8460;8572;5.41;0.33;318.40;7.99;1306;26;2916.00;112
7156;20;23478299;7156;417;8460;8572;5.47;0.33;318.34;7.99;1304;26;2917.00;112
7160;20;23478316;7160;412;8461;8572;5.50;0.33;318.23;7.99;1301;26;2918.00;111
7162;20;23478332;7162;409;8461;8572;5.52;0.34;318.27;7.99;1299;26;2919.00;111
7162;20;23478347;7162;396;8461;8572;5.55;0.34;318.27;7.99;1299;26;2920.00;111
7164;20;23478364;7164;399;8463;8572;5.61;0.34;318.34;8.00;1299;26;2921.00;109
7165;20;23478380;7165;398;8469;8576;5.61;0.34;318.34;8.01;1304;26;2922.00;107
7166;20;23478402;7166;393;8470;8576;5.63;0.34;318.37;8.01;1304;26;2923.00;106
7167;20;23478418;7167;394;8472;8580;5.66;0.34;318.34;8.01;1305;26;2924.00;108
7168;20;23478435;7168;390;8475;8582;5.64;0.34;318.44;8.02;1307;26;2925.00;107
7169;20;23478452;7169;390;8477;8582;5.62;0.34;318.54;8.02;1308;26;2926.00;105
7170;20;23478467;7170;381;8479;8582;5.65;0.34;318.61;8.03;1309;26;2927.00;103
7172;20;23478484;7172;391;8489;8595;5.63;0.34;318.61;8.03;1317;26;2928.00;106
7172;20;23478501;7172;385;8492;8595;5.66;0.35;318.61;8.07;1320;26;2929.00;103
7174;20;23478516;7174;389;8495;8595;5.68;0.35;318.71;8.07;1321;26;2930.00;100
7179;20;23478533;7179;389;8499;8596;5.69;0.35;318.82;8.11;1320;26;2931.00;97
7182;20;23478550;7182;406;8501;8597;5.68;0.35;318.77;8.15;1319;26;2932.00;96
7186;20;23478568;7186;408;8502;8597;5.63;0.34;318.87;8.15;1316;26;2933.00;95
7188;20;23478591;7188;422;8505;8600;5.60;0.34;318.90;8.15;1317;26;2934.00;95
7192;20;23478607;7192;423;8507;8600;5.56;0.34;319.06;8.19;1315;26;2935.00;93
7194;20;23478624;7194;431;8509;8600;5.56;0.34;319.04;8.23;1315;26;2936.00;91
7198;20;23478640;7198;439;8509;8600;5.55;0.34;319.09;8.23;1311;26;2937.00;91
7200;20;23478656;7200;443;8514;8606;5.57;0.34;319.13;8.23;1314;26;2938.00;92
7202;20;23478672;7202;444;8515;8606;5.59;0.34;319.15;8.23;1313;26;2939.00;91
7207;20;23478689;7207;451;8516;8606;5.59;0.34;319.12;8.24;1309;26;2940.00;90
7209;20;23478705;7209;452;8517;8606;5.61;0.34;319.08;8.27;1308;26;2941.00;89
7214;20;23478729;7214;455;8523;8610;5.59;0.34;319.25;8.31;1309;26;2942.00;87
7218;20;23478747;7218;464;8524;8611;5.59;0.34;319.31;8.31;1306;26;2943.00;87
7221;20;23478763;7221;453;8527;8611;5.56;0.34;319.30;8.38;1306;26;2944.00;84
7223;20;23478779;7223;459;8530;8612;5.60;0.34;319.35;8.42;1307;26;2945.00;82
7225;20;23478795;7225;458;8531;8612;5.61;0.34;319.38;8.42;1306;26;2946.00;81
7226;20;23478811;7226;455;8531;8612;5.58;0.34;319.34;8.42;1305;26;2947.00;81
7230;20;23478826;7230;459;8535;8612;5.52;0.34;319.32;8.52;1305;26;2948.00;77
7233;20;23478842;7233;456;8537;8612;5.51;0.33;319.31;8.56;1304;26;2949.00;75
7234;20;23478858;7234;451;8538;8612;5.52;0.34;319.31;8.59;1304;26;2950.00;74
7236;20;23478875;7236;449;8538;8612;5.54;0.34;319.43;8.59;1302;26;2951.00;74
7237;20;23478891;7237;461;8581;8682;5.59;0.34;319.53;8.61;1344;26;2952.00;101
7239;20;23478920;7239;455;8583;8683;5.61;0.34;319.55;8.61;1344;26;2953.00;100
7241;20;23478936;7241;447;8591;8683;5.64;0.34;319.62;8.66;1350;26;2954.00;92
7245;20;23478952;7245;449;8593;8683;5.66;0.35;319.62;8.66;1348;26;2955.00;90
7246;20;23478967;7246;452;8595;8683;5.64;0.34;319.70;8.66;1349;26;2956.00;88
7250;20;23478983;7250;453;8598;8683;5.63;0.34;319.88;8.72;1348;26;2957.00;85
7253;20;23478999;7253;462;8600;8683;5.65;0.34;319.96;8.72;1347;26;2958.00;83
7256;20;23479017;7256;464;8601;8683;5.68;0.35;319.88;8.72;1345;26;2959.00;82
7260;20;23479040;7260;459;8604;8684;5.63;0.34;320.04;8.77;1344;26;2960.00;80
7262;20;23479057;7262;462;8605;8685;5.63;0.34;320.18;8.77;1343;26;2961.00;80
7263;20;23479074;7263;470;8608;8685;5.65;0.35;320.17;8.83;1345;26;2962.00;77
7269;20;23479092;7269;471;8612;8689;5.65;0.35;320.24;8.83;1343;26;2963.00;77
7275;20;23479110;7275;472;8613;8689;5.65;0.34;320.25;8.86;1338;26;2964.00;76
7279;20;23479129;7279;471;8614;8689;5.62;0.34;320.30;8.89;1335;26;2965.00;75
7285;20;23479147;7285;470;8614;8689;5.60;0.34;320.42;8.89;1329;26;2966.00;75
7289;20;23479162;7289;476;8618;8695;5.58;0.34;320.42;8.88;1329;26;2967.00;77
7296;20;23479178;7296;485;8620;8695;5.48;0.33;320.47;8.93;1324;26;2968.00;75
7298;20;23479194;7298;483;8620;8695;5.42;0.33;320.54;8.93;1322;26;2969.00;75
7301;20;23479210;7301;484;8624;8701;5.34;0.32;320.51;8.96;1323;26;2970.00;77
7304;20;23479225;7304;489;8625;8701;5.28;0.32;320.63;8.98;1321;26;2971.00;76
7306;20;23479239;7306;494;8627;8701;5.17;0.31;320.67;9.01;1321;26;2972.00;74
7312;20;23479253;7312;498;8628;8702;5.04;0.31;320.79;9.04;1316;26;2973.00;74
7314;20;23479267;7314;504;8629;8703;5.00;0.30;320.92;9.03;1315;26;2974.00;74
7321;20;23479281;7321;493;8629;8703;4.91;0.30;321.10;9.03;1308;26;2975.00;74
7324;20;23479301;7324;492;8638;8716;4.88;0.30;321.31;9.03;1314;26;2976.00;78
7327;20;23479317;7327;491;8638;8716;4.89;0.30;321.30;9.03;1311;26;2977.00;78
7332;20;23479332;7332;490;8640;8716;4.94;0.30;321.38;9.03;1308;26;2978.00;76
7336;20;23479346;7336;488;8640;8717;4.94;0.30;321.47;9.03;1304;26;2979.00;77
7338;20;23479361;7338;488;8640;8717;5.00;0.30;321.54;9.03;1302;26;2980.00;77
7341;20;23479377;7341;486;8643;8721;5.08;0.31;321.62;9.02;1302;26;2981.00;78
7342;20;23479395;7342;476;8643;8721;5.11;0.31;321.66;9.02;1301;26;2982.00;78
7344;20;23479410;7344;469;8647;8725;5.16;0.31;321.75;9.02;1303;26;2983.00;78
7346;20;23479427;7346;454;8647;8725;5.20;0.32;321.81;9.02;1301;26;2984.00;78
7347;20;23479442;7347;449;8647;8725;5.24;0.32;321.89;9.02;1300;26;2985.00;78
7351;20;23479456;7351;443;8648;8725;5.31;0.32;322.03;9.03;1297;26;2986.00;77
7354;20;23479474;7354;441;8648;8725;5.33;0.32;322.17;9.03;1294;26;2987.00;77
7358;20;23479490;7358;443;8658;8737;5.41;0.33;322.39;9.03;1300;26;2988.00;79
7362;20;23479507;7362;439;8658;8737;5.42;0.33;322.49;9.03;1296;26;2989.00;79
7364;20;23479524;7364;440;8658;8737;5.43;0.33;322.52;9.03;1294;26;2990.00;79
7368;20;23479541;7368;437;8658;8737;5.43;0.33;322.53;9.03;1290;26;2991.00;79
7372;20;23479556;7372;434;8658;8737;5.40;0.33;322.57;9.03;1286;26;2992.00;79
7377;20;23479572;7377;443;8660;8737;5.35;0.33;322.70;9.04;1283;26;2993.00;77
7381;20;23479587;7381;439;8660;8738;5.31;0.32;322.78;9.04;1279;26;2994.00;78
7387;20;23479602;7387;435;8661;8738;5.30;0.32;323.00;9.04;1274;26;2995.00;77
7388;20;23479616;7388;438;8665;8744;5.36;0.33;323.01;9.04;1277;26;2996.00;79
7395;20;23479631;7395;448;8665;8745;5.29;0.32;323.14;9.04;1270;26;2997.00;80
7400;20;23479646;7400;454;8665;8745;5.19;0.32;323.15;9.04;1265;26;2998.00;80
7403;20;23479660;7403;450;8667;8745;5.09;0.31;323.19;9.04;1264;26;2999.00;78
7407;20;23479679;7407;469;8675;8765;5.01;0.31;323.27;9.04;1268;26;3000.00;90
7413;20;23479699;7413;464;8675;8765;4.97;0.30;323.27;9.04;1262;26;3001.00;90
7418;20;23479713;7418;473;8676;8765;4.90;0.30;323.32;9.04;1258;26;3002.00;89
7422;20;23479728;7422;470;8677;8766;4.86;0.30;323.36;9.04;1255;26;3003.00;89
7425;20;23479743;7425;471;8683;8770;4.85;0.30;323.42;9.04;1258;26;3004.00;87
7430;20;23479757;7430;484;8685;8770;4.76;0.29;323.50;9.04;1255;26;3005.00;85
7435;20;23479771;7435;484;8688;8773;4.66;0.28;323.63;9.04;1253;26;3006.00;85
7440;20;23479787;7440;478;8689;8773;4.64;0.28;323.75;9.04;1249;26;3007.00;84
7446;20;23479802;7446;480;8690;8773;4.60;0.28;323.71;9.04;1244;26;3008.00;83
7452;20;23479816;7452;479;8691;8773;4.54;0.28;323.89;9.04;1239;26;3009.00;82
7454;20;23479830;7454;490;8695;8777;4.56;0.28;323.86;9.04;1241;26;3010.00;82
7457;20;23479844;7457;476;8696;8777;4.55;0.28;323.98;9.04;1239;26;3011.00;81
7460;20;23479858;7460;487;8698;8777;4.54;0.28;324.11;9.04;1238;26;3012.00;79
7465;20;23479872;7465;489;8699;8777;4.51;0.28;324.24;9.04;1234;26;3013.00;78
7471;20;23479886;7471;494;8700;8778;4.53;0.28;324.26;9.04;1229;26;3014.00;78
7474;20;23479899;7474;495;8703;8780;4.53;0.28;324.25;9.04;1229;26;3015.00;77
7477;20;23479913;7477;497;8703;8780;4.52;0.27;324.29;9.04;1226;26;3016.00;77
7480;20;23479926;7480;499;8704;8781;4.50;0.27;324.27;9.04;1224;26;3017.00;77
7481;20;23479939;7481;508;8705;8781;4.49;0.27;324.32;9.04;1224;26;3018.00;76
7483;20;23479952;7483;510;8705;8781;4.46;0.27;324.35;9.04;1222;26;3019.00;76
7487;20;23479964;7487;510;8705;8781;4.39;0.27;324.46;9.04;1218;26;3020.00;76
7491;20;23479977;7491;515;8705;8781;4.31;0.26;324.37;9.04;1214;26;3021.00;76
7492;20;23479990;7492;509;8705;8781;4.27;0.26;324.40;9.04;1213;26;3022.00;76
7493;20;23480002;7493;506;8706;8781;4.28;0.26;324.41;9.05;1213;26;3023.00;75
7495;20;23480016;7495;515;8777;8908;4.66;0.29;324.35;8.97;1282;26;3024.00;131
7496;20;23480040;7496;511;8778;8909;4.70;0.29;324.40;8.97;1282;26;3025.00;131
7496;20;23480054;7496;505;8785;8909;4.84;0.30;324.40;8.97;1289;26;3026.00;124
7498;20;23480066;7498;499;8785;8909;4.87;0.30;324.41;8.97;1287;26;3027.00;124
7500;20;23480080;7500;507;8792;8909;4.99;0.31;324.44;8.96;1292;26;3028.00;117
7502;20;23480094;7502;505;8796;8909;4.94;0.31;324.49;8.96;1294;26;3029.00;113
7505;20;23480109;7505;503;8798;8909;4.91;0.30;324.47;8.96;1293;26;3030.00;111
7507;20;23480123;7507;490;8801;8909;4.89;0.30;324.43;8.96;1294;26;3031.00;108
7508;20;23480137;7508;482;8803;8910;4.87;0.30;324.46;8.96;1295;26;3032.00;107
7509;20;23480152;7509;486;8808;8911;4.88;0.30;324.45;8.96;1299;26;3033.00;103
7509;20;23480165;7509;481;8810;8911;4.88;0.30;324.45;8.96;1301;26;3034.00;101
7510;20;23480180;7510;487;8814;8912;4.85;0.30;324.42;8.97;1304;26;3035.00;98
7514;20;23480194;7514;474;8816;8912;4.82;0.30;324.57;8.97;1302;26;3036.00;96
7515;20;23480209;7515;482;8819;8912;4.84;0.30;324.57;8.97;1304;26;3037.00;93
7519;20;23480223;7519;486;8823;8912;4.83;0.30;324.58;8.97;1304;26;3038.00;89
7521;20;23480238;7521;489;8827;8916;4.85;0.30;324.59;8.97;1306;26;3039.00;89
7522;20;23480253;7522;486;8827;8916;4.85;0.30;324.62;8.97;1305;26;3040.00;89
7522;20;23480267;7522;494;8828;8916;4.86;0.30;324.62;8.97;1306;26;3041.00;88
7525;20;23480281;7525;504;8831;8919;4.84;0.30;324.60;8.97;1306;26;3042.00;88
7528;20;23480297;7528;509;8831;8919;4.85;0.30;324.54;8.97;1303;26;3043.00;88
7532;20;23480311;7532;512;8832;8919;4.82;0.30;324.59;8.97;1300;26;3044.00;87
7534;20;23480326;7534;516;8835;8923;4.85;0.30;324.57;8.96;1301;26;3045.00;88
7535;20;23480341;7535;512;8837;8924;4.90;0.30;324.57;8.96;1302;26;3046.00;87
7535;20;23480355;7535;519;8838;8924;4.94;0.30;324.57;8.96;1303;26;3047.00;86
7540;20;23480369;7540;522;8841;8928;4.94;0.30;324.51;8.96;1301;26;3048.00;87
7540;20;23480384;7540;514;8842;8928;4.96;0.30;324.51;8.96;1302;26;3049.00;86
7545;20;23480399;7545;504;8842;8928;4.98;0.30;324.58;8.96;1297;26;3050.00;86
7546;20;23480413;7546;502;8843;8929;5.02;0.31;324.55;8.96;1297;26;3051.00;86
7548;20;23480427;7548;498;8843;8929;5.03;0.31;324.54;8.96;1295;26;3052.00;86
7550;20;23480442;7550;487;8848;8935;5.12;0.31;324.54;8.96;1298;26;3053.00;87
7550;20;23480459;7550;486;8848;8935;5.20;0.32;324.54;8.96;1298;26;3054.00;87
7553;20;23480474;7553;482;8848;8936;5.16;0.31;324.44;8.96;1295;26;3055.00;88
7554;20;23480489;7554;476;8848;8936;5.17;0.31;324.46;8.96;1294;26;3056.00;88
7556;20;23480504;7556;473;8848;8936;5.18;0.32;324.41;8.96;1292;26;3057.00;88
7558;20;23480520;7558;472;8848;8936;5.17;0.31;324.45;8.96;1290;26;3058.00;88
7561;20;23480536;7561;473;8848;8936;5.18;0.31;324.37;8.96;1287;26;3059.00;88
7562;20;23480562;7562;482;8874;8972;5.28;0.32;324.39;8.93;1312;26;3060.00;98
7563;20;23480580;7563;479;8875;8972;5.29;0.32;324.36;8.93;1312;26;3061.00;97
7565;20;23480594;7565;479;8877;8972;5.34;0.33;324.43;8.93;1312;26;3062.00;95
7567;20;23480608;7567;478;8877;8972;5.35;0.33;324.45;8.93;1310;26;3063.00;95
7568;20;23480623;7568;478;8878;8972;5.37;0.33;324.43;8.93;1310;26;3064.00;94
7568;20;23480638;7568;482;8878;8972;5.38;0.33;324.43;8.93;1310;26;3065.00;94
7569;20;23480652;7569;467;8882;8976;5.42;0.33;324.48;8.92;1313;26;3066.00;94
7570;20;23480668;7570;462;8882;8976;5.43;0.33;324.46;8.92;1312;26;3067.00;94
7571;20;23480683;7571;460;8886;8980;5.48;0.33;324.43;8.92;1315;26;3068.00;94
7573;20;23480699;7573;456;8887;8981;5.51;0.33;324.46;8.92;1314;26;3069.00;94
7574;20;23480714;7574;449;8887;8981;5.53;0.34;324.48;8.92;1313;26;3070.00;94
7575;20;23480729;7575;449;8887;8981;5.55;0.34;324.46;8.92;1312;26;3071.00;94
7577;20;23480745;7577;449;8896;8994;5.60;0.34;324.51;8.91;1319;26;3072.00;98
7578;20;23480761;7578;449;8896;8994;5.66;0.34;324.49;8.91;1318;26;3073.00;98
7581;20;23480775;7581;442;8896;8994;5.68;0.34;324.61;8.91;1315;26;3074.00;98
7584;20;23480790;7584;447;8897;8995;5.68;0.34;324.64;8.91;1313;26;3075.00;98
7587;20;23480805;7587;439;8898;8996;5.68;0.34;324.68;8.91;1311;26;3076.00;98
7592;20;23480821;7592;439;8898;8996;5.65;0.34;324.70;8.91;1306;26;3077.00;98
7594;20;23480836;7594;442;8900;8999;5.66;0.34;324.68;8.91;1306;26;3078.00;99
7599;20;23480850;7599;438;8900;8999;5.61;0.34;324.90;8.91;1301;26;3079.00;99
7601;20;23480866;7601;428;8903;8999;5.60;0.34;324.92;8.99;1302;26;3080.00;96
7604;20;23480882;7604;430;8903;8999;5.65;0.34;324.90;8.99;1299;26;3081.00;96
7608;20;23480902;7608;425;8908;9005;5.67;0.34;324.94;8.98;1300;26;3082.00;97
7614;20;23480922;7614;418;8908;9005;5.64;0.34;324.96;8.98;1294;26;3083.00;97
7614;20;23480937;7614;420;8908;9005;5.68;0.34;324.96;8.98;1294;26;3084.00;97
7616;20;23480957;7616;419;8908;9005;5.66;0.34;325.01;8.98;1292;26;3085.00;97
7620;20;23480974;7620;420;8912;9009;5.67;0.34;325.05;8.98;1292;26;3086.00;97
7622;20;23480991;7622;416;8913;9010;5.73;0.35;325.09;8.98;1291;26;3087.00;97
7626;20;23481006;7626;413;8913;9010;5.78;0.35;325.11;8.98;1287;26;3088.00;97
7630;20;23481027;7630;414;8914;9011;5.79;0.35;325.11;8.98;1284;26;3089.00;97
7631;20;23481050;7631;412;8914;9011;5.79;0.35;325.09;8.98;1283;26;3090.00;97
7633;20;23481064;7633;424;8914;9011;5.81;0.35;325.07;8.98;1281;26;3091.00;97
7638;20;23481079;7638;425;8914;9011;5.83;0.35;325.07;8.98;1276;26;3092.00;97
7641;20;23481095;7641;407;8915;9011;5.83;0.35;325.02;8.98;1274;26;3093.00;96
7643;20;23481110;7643;420;8915;9011;5.84;0.35;324.98;8.98;1272;26;3094.00;96
7645;20;23481125;7645;419;8915;9011;5.84;0.35;324.98;8.98;1270;26;3095.00;96
7647;20;23481140;7647;427;8950;9081;5.97;0.36;325.04;8.94;1303;26;3096.00;131
7649;20;23481159;7649;415;8951;9082;5.96;0.36;325.14;8.94;1302;26;3097.00;131
7651;20;23481174;7651;416;8958;9082;6.01;0.36;325.20;8.94;1307;26;3098.00;124
7653;20;23481189;7653;429;8960;9082;6.03;0.37;325.16;8.94;1307;26;3099.00;122
7656;20;23481205;7656;428;8967;9082;5.99;0.36;325.28;8.93;1311;26;3100.00;115
7659;20;23481225;7659;425;8968;9082;6.00;0.36;325.27;8.93;1309;26;3101.00;114
7662;20;23481242;7662;426;8971;9082;6.01;0.36;325.30;8.93;1309;26;3102.00;111
7664;20;23481256;7664;429;8973;9082;5.98;0.36;325.32;8.93;1309;26;3103.00;109
7665;20;23481271;7665;434;8976;9083;5.98;0.36;325.28;8.93;1311;26;3104.00;107
7671;20;23481286;7671;437;8983;9085;5.95;0.36;325.45;8.97;1312;26;3105.00;102
7673;20;23481301;7673;430;8984;9085;5.97;0.36;325.45;8.97;1311;26;3106.00;101
7676;20;23481316;7676;435;8988;9089;5.92;0.36;325.55;8.97;1312;26;3107.00;101
7679;20;23481330;7679;446;8989;9089;5.89;0.36;325.67;9.01;1310;26;3108.00;100
7681;20;23481346;7681;449;8989;9089;5.87;0.36;325.79;9.01;1308;26;3109.00;100
7683;20;23481361;7683;452;8989;9089;5.87;0.36;325.74;9.01;1306;26;3110.00;100
7685;20;23481375;7685;453;8995;9095;5.89;0.36;325.81;9.04;1310;26;3111.00;100
7688;20;23481391;7688;458;8995;9095;5.88;0.36;325.88;9.04;1307;26;3112.00;100
7691;20;23481404;7691;462;8995;9095;5.85;0.36;326.01;9.04;1304;26;3113.00;100
7693;20;23481420;7693;472;8998;9098;5.79;0.35;326.07;9.08;1305;26;3114.00;100
7696;20;23481434;7696;472;8998;9098;5.76;0.35;326.21;9.08;1302;26;3115.00;100
7697;20;23481449;7697;471;9000;9098;5.75;0.35;326.31;9.11;1303;26;3116.00;98
7699;20;23481464;7699;477;9000;9099;5.71;0.35;326.28;9.11;1301;26;3117.00;99
7703;20;23481478;7703;486;9001;9100;5.69;0.35;326.38;9.11;1298;26;3118.00;99
7707;20;23481493;7707;499;9003;9100;5.63;0.34;326.61;9.19;1296;26;3119.00;97
7710;20;23481509;7710;504;9023;9126;5.61;0.34;326.70;9.21;1313;26;3120.00;103
7710;20;23481526;7710;497;9024;9126;5.57;0.34;326.70;9.24;1314;26;3121.00;102
7713;21;23481541;7713;494;9026;9126;5.53;0.34;326.82;9.24;1313;27;3122.00;100
7718;21;23481567;7718;498;9030;9127;5.50;0.33;326.82;9.31;1312;27;3123.00;97
7721;21;23481581;7721;498;9030;9127;5.53;0.34;326.76;9.31;1309;27;3124.00;97
7722;21;23481596;7722;492;9034;9131;5.58;0.34;326.84;9.31;1312;27;3125.00;97
7724;21;23481611;7724;495;9036;9131;5.57;0.34;326.96;9.38;1312;27;3126.00;95
7724;21;23481625;7724;494;9039;9135;5.57;0.34;326.96;9.38;1315;27;3127.00;96
7728;21;23481640;7728;494;9039;9135;5.54;0.34;327.14;9.38;1311;27;3128.00;96
7731;21;23481654;7731;493;9039;9135;5.53;0.34;327.27;9.38;1308;27;3129.00;96
7736;21;23481668;7736;487;9041;9135;5.50;0.34;327.27;9.44;1305;27;3130.00;94
7739;21;23481682;7739;489;9041;9135;5.53;0.34;327.34;9.44;1302;27;3131.00;94
7742;21;23481697;7742;488;9052;9147;5.55;0.34;327.37;9.50;1310;27;3132.00;95
7744;21;23481712;7744;490;9052;9147;5.57;0.34;327.49;9.50;1308;27;3133.00;95
7747;21;23481726;7747;486;9054;9147;5.57;0.34;327.59;9.50;1307;27;3134.00;93
7751;21;23481740;7751;490;9056;9147;5.55;0.34;327.77;9.57;1305;27;3135.00;91
7754;21;23481755;7754;494;9056;9147;5.56;0.34;327.86;9.57;1302;27;3136.00;91
7756;21;23481769;7756;500;9056;9147;5.54;0.34;327.90;9.57;1300;27;3137.00;91
7758;21;23481783;7758;509;9056;9148;5.55;0.34;327.89;9.57;1298;27;3138.00;92
7761;21;23481796;7761;514;9056;9148;5.57;0.34;327.93;9.57;1295;27;3139.00;92
7765;21;23481811;7765;518;9061;9154;5.57;0.34;328.05;9.57;1296;27;3140.00;93
7770;21;23481825;7770;524;9062;9155;5.54;0.34;328.19;9.56;1292;27;3141.00;93
7771;21;23481839;7771;527;9062;9155;5.48;0.33;328.24;9.56;1291;27;3142.00;93
7776;21;23481853;7776;524;9062;9155;5.38;0.33;328.40;9.56;1286;27;3143.00;93
7779;21;23481866;7779;531;9065;9159;5.35;0.33;328.51;9.56;1286;27;3144.00;94
7782;21;23481880;7782;533;9065;9159;5.28;0.32;328.45;9.56;1283;27;3145.00;94
7787;21;23481893;7787;534;9065;9159;5.19;0.32;328.51;9.56;1278;27;3146.00;94
7792;21;23481906;7792;541;9066;9160;5.05;0.31;328.52;9.56;1274;27;3147.00;94
7794;21;23481919;7794;550;9069;9164;4.95;0.30;328.50;9.56;1275;27;3148.00;95
7799;21;23481934;7799;549;9069;9164;4.83;0.29;328.68;9.56;1270;27;3149.00;95
7803;21;23481949;7803;541;9073;9170;4.81;0.29;328.71;9.55;1270;27;3150.00;97
7807;21;23481964;7807;534;9073;9170;4.77;0.29;328.74;9.55;1266;27;3151.00;97
7809;21;23481979;7809;535;9075;9170;4.77;0.29;328.86;9.55;1266;27;3152.00;95
7814;21;23481991;7814;519;9075;9170;4.72;0.29;328.86;9.55;1261;27;3153.00;95
7817;21;23482004;7817;509;9079;9174;4.71;0.29;328.92;9.55;1262;27;3154.00;95
7820;21;23482019;7820;505;9079;9174;4.69;0.29;328.92;9.55;1259;27;3155.00;95
7825;21;23482034;7825;504;9079;9174;4.64;0.28;329.01;9.55;1254;27;3156.00;95
7827;21;23482047;7827;500;9079;9174;4.64;0.28;329.01;9.55;1252;27;3157.00;95
7829;21;23482065;7829;488;9079;9175;4.65;0.28;329.06;9.55;1250;27;3158.00;96
7833;21;23482085;7833;487;9080;9176;4.69;0.29;329.10;9.55;1247;27;3159.00;96
7838;21;23482098;7838;481;9080;9176;4.69;0.29;329.18;9.55;1242;27;3160.00;96
7841;21;23482112;7841;479;9081;9177;4.69;0.29;329.25;9.55;1240;27;3161.00;96
7846;21;23482126;7846;482;9081;9177;4.70;0.29;329.31;9.55;1235;27;3162.00;96
7850;21;23482139;7850;483;9081;9177;4.70;0.29;329.42;9.55;1231;27;3163.00;96
7854;21;23482153;7854;483;9081;9177;4.72;0.29;329.51;9.55;1227;27;3164.00;96
7857;21;23482168;7857;490;9081;9177;4.71;0.29;329.53;9.55;1224;27;3165.00;96
7862;21;23482181;7862;496;9081;9177;4.70;0.29;329.58;9.55;1219;27;3166.00;96
7864;21;23482194;7864;502;9081;9177;4.70;0.29;329.59;9.55;1217;27;3167.00;96
7867;21;23482206;7867;502;9145;9304;5.09;0.32;329.56;9.49;1278;27;3168.00;159
7870;21;23482229;7870;510;9150;9305;5.04;0.31;329.53;9.49;1280;27;3169.00;155
7872;21;23482243;7872;507;9158;9305;5.09;0.31;329.52;9.48;1286;27;3170.00;147
7876;21;23482258;7876;510;9163;9305;5.04;0.31;329.56;9.48;1287;27;3171.00;142
7883;21;23482271;7883;511;9169;9305;5.00;0.31;329.72;9.48;1286;27;3172.00;136
7888;21;23482287;7888;515;9172;9305;4.94;0.31;329.69;9.48;1284;27;3173.00;133
7892;21;23482300;7892;524;9175;9305;4.86;0.30;329.71;9.47;1283;27;3174.00;130
7896;21;23482314;7896;531;9178;9305;4.74;0.29;329.70;9.47;1282;27;3175.00;127
7899;21;23482328;7899;534;9180;9306;4.70;0.29;329.63;9.47;1281;27;3176.00;126
7905;21;23482342;7905;531;9185;9307;4.60;0.28;329.60;9.47;1280;27;3177.00;122
7909;21;23482356;7909;543;9188;9307;4.51;0.28;329.56;9.47;1279;27;3178.00;119
7909;21;23482369;7909;548;9189;9308;4.45;0.27;329.56;9.47;1280;27;3179.00;119
7914;21;23482384;7914;549;9189;9308;4.34;0.27;329.55;9.47;1275;27;3180.00;119
7917;21;23482398;7917;548;9191;9308;4.32;0.27;329.58;9.47;1274;27;3181.00;117
7918;21;23482411;7918;552;9192;9308;4.32;0.27;329.61;9.47;1274;27;3182.00;116
7921;21;23482424;7921;557;9200;9312;4.31;0.27;329.61;9.47;1279;27;3183.00;112
7924;21;23482438;7924;566;9200;9312;4.22;0.26;329.63;9.47;1276;27;3184.00;112
7927;21;23482452;7927;572;9202;9312;4.18;0.26;329.56;9.47;1275;27;3185.00;110
7932;21;23482465;7932;578;9203;9315;4.07;0.25;329.56;9.47;1271;27;3186.00;112
7934;21;23482478;7934;582;9204;9315;4.06;0.25;329.50;9.47;1270;27;3187.00;111
7938;21;23482492;7938;585;9204;9315;4.01;0.25;329.42;9.47;1266;27;3188.00;111
7940;21;23482505;7940;597;9209;9319;4.05;0.25;329.44;9.47;1269;27;3189.00;110
7943;21;23482519;7943;592;9210;9320;4.06;0.25;329.41;9.47;1267;27;3190.00;110
7946;21;23482532;7946;589;9213;9322;4.04;0.25;329.34;9.47;1267;27;3191.00;109
7948;21;23482545;7948;589;9218;9326;4.02;0.25;329.28;9.48;1270;27;3192.00;108
7951;21;23482559;7951;589;9218;9326;4.00;0.25;329.21;9.48;1267;27;3193.00;108
7953;21;23482572;7953;586;9219;9326;3.96;0.24;329.18;9.48;1266;27;3194.00;107
7956;21;23482585;7956;591;9221;9328;3.91;0.24;329.33;9.48;1265;27;3195.00;107
7957;21;23482598;7957;586;9221;9328;3.91;0.24;329.33;9.48;1264;27;3196.00;107
7959;21;23482610;7959;581;9226;9334;3.92;0.24;329.31;9.47;1267;27;3197.00;108
7959;21;23482624;7959;575;9226;9334;3.94;0.24;329.31;9.47;1267;27;3198.00;108
7960;21;23482636;7960;567;9226;9335;3.95;0.24;329.34;9.47;1266;27;3199.00;109
7962;21;23482650;7962;573;9226;9335;4.01;0.25;329.34;9.47;1264;27;3200.00;109
7963;21;23482667;7963;566;9226;9335;4.02;0.25;329.30;9.47;1263;27;3201.00;109
7966;21;23482681;7966;568;9226;9335;4.00;0.24;329.28;9.47;1260;27;3202.00;109
7968;21;23482696;7968;564;9226;9335;4.01;0.25;329.25;9.47;1258;27;3203.00;109
7971;21;23482709;7971;567;9236;9347;4.10;0.25;329.25;9.46;1265;27;3204.00;111
7973;21;23482722;7973;570;9236;9347;4.12;0.25;329.22;9.46;1263;27;3205.00;111
7974;21;23482736;7974;558;9237;9347;4.15;0.25;329.23;9.46;1263;28;3206.00;110
7976;21;23482758;7976;545;9237;9347;4.22;0.26;329.27;9.46;1261;28;3207.00;110
7976;21;23482771;7976;530;9237;9347;4.28;0.26;329.27;9.46;1261;28;3208.00;110
7977;21;23482785;7977;511;9237;9347;4.37;0.27;329.27;9.46;1260;28;3209.00;110
7978;21;23482801;7978;501;9241;9351;4.44;0.27;329.25;9.48;1263;28;3210.00;110
7979;21;23482821;7979;490;9241;9351;4.52;0.28;329.26;9.48;1262;28;3211.00;110
7979;21;23482835;7979;490;9245;9355;4.70;0.29;329.26;9.47;1266;28;3212.00;110
7981;21;23482855;7981;483;9246;9356;4.82;0.29;329.28;9.47;1265;28;3213.00;110
7983;21;23482875;7983;474;9246;9356;4.92;0.30;329.30;9.47;1263;28;3214.00;110
7984;21;23482891;7984;463;9246;9356;5.04;0.31;329.35;9.47;1262;28;3215.00;110
7986;22;23482906;7986;455;9257;9369;5.20;0.32;329.33;9.46;1271;29;3216.00;112
7989;22;23482934;7989;454;9257;9369;5.24;0.32;329.33;9.46;1268;29;3217.00;112
7991;22;23482950;7991;447;9257;9369;5.31;0.32;329.30;9.46;1266;29;3218.00;112
7993;22;23482965;7993;445;9258;9370;5.39;0.33;329.30;9.46;1265;29;3219.00;112
7995;22;23482979;7995;445;9258;9371;5.44;0.33;329.37;9.46;1263;29;3220.00;113
7996;22;23483006;7996;439;9258;9371;5.49;0.33;329.37;9.46;1262;29;3221.00;113
7998;22;23483025;7998;434;9261;9374;5.52;0.34;329.36;9.47;1263;29;3222.00;113
7999;22;23483042;7999;435;9261;9374;5.53;0.34;329.36;9.47;1262;29;3223.00;113
8001;22;23483057;8001;432;9262;9374;5.51;0.33;329.33;9.47;1261;29;3224.00;112
8003;22;23483071;8003;421;9262;9374;5.51;0.34;329.37;9.47;1259;29;3225.00;112
8003;22;23483090;8003;420;9267;9380;5.60;0.34;329.37;9.46;1264;29;3226.00;113
8003;22;23483107;8003;412;9267;9380;5.63;0.34;329.37;9.46;1264;29;3227.00;113
8007;22;23483124;8007;405;9267;9380;5.63;0.34;329.35;9.46;1260;29;3228.00;113
8008;22;23483139;8008;400;9267;9380;5.67;0.34;329.35;9.46;1259;29;3229.00;113
8010;22;23483154;8010;403;9270;9384;5.66;0.34;329.40;9.46;1260;29;3230.00;114
8012;22;23483174;8012;398;9271;9385;5.69;0.35;329.38;9.46;1259;29;3231.00;114
8016;22;23483191;8016;395;9271;9385;5.71;0.35;329.43;9.46;1255;29;3232.00;114
8019;22;23483205;8019;400;9272;9386;5.75;0.35;329.38;9.46;1253;29;3233.00;114
8019;22;23483220;8019;399;9272;9386;5.81;0.35;329.38;9.46;1253;29;3234.00;114
8021;22;23483235;8021;407;9272;9386;5.77;0.35;329.44;9.46;1251;29;3235.00;114
8025;22;23483250;8025;403;9272;9386;5.78;0.35;329.52;9.46;1247;29;3236.00;114
8026;22;23483264;8026;403;9272;9386;5.81;0.35;329.48;9.46;1246;29;3237.00;114
8028;22;23483278;8028;401;9272;9386;5.81;0.35;329.48;9.46;1244;29;3238.00;114
8028;22;23483294;8028;402;9272;9386;5.86;0.36;329.48;9.46;1244;29;3239.00;114
8031;22;23483312;8031;420;9339;9511;5.94;0.36;329.47;9.42;1308;29;3240.00;172
8033;22;23483338;8033;406;9339;9512;6.01;0.37;329.56;9.42;1306;29;3241.00;173
8039;22;23483354;8039;395;9347;9512;6.09;0.37;329.60;9.41;1308;29;3242.00;165
8042;22;23483370;8042;381;9349;9512;6.14;0.37;329.71;9.41;1307;29;3243.00;163
8043;22;23483386;8043;378;9353;9512;6.17;0.38;329.79;9.41;1310;29;3244.00;159
8044;22;23483402;8044;379;9354;9512;6.21;0.38;329.76;9.41;1310;29;3245.00;158
8047;22;23483417;8047;378;9359;9512;6.24;0.38;329.82;9.40;1312;29;3246.00;153
8047;22;23483438;8047;378;9363;9512;6.27;0.38;329.82;9.40;1316;29;3247.00;149
8049;22;23483455;8049;366;9368;9513;6.31;0.38;329.89;9.42;1319;29;3248.00;145
8050;22;23483477;8050;374;9371;9514;6.31;0.38;329.87;9.42;1321;29;3249.00;143
8053;22;23483494;8053;379;9374;9514;6.31;0.38;329.93;9.41;1321;29;3250.00;140
8057;22;23483509;8057;373;9378;9518;6.29;0.38;329.89;9.41;1321;29;3251.00;140
8060;22;23483526;8060;377;9379;9518;6.27;0.38;329.89;9.41;1319;29;3252.00;139
8062;22;23483541;8062;383;9379;9518;6.20;0.38;329.91;9.41;1317;29;3253.00;139
8066;22;23483557;8066;378;9379;9518;6.10;0.37;329.93;9.41;1313;29;3254.00;139
8071;22;23483572;8071;378;9385;9524;6.04;0.37;330.02;9.49;1314;29;3255.00;139
8073;22;23483591;8073;373;9385;9524;5.99;0.36;330.02;9.49;1312;29;3256.00;139
8078;22;23483607;8078;369;9385;9524;5.96;0.36;330.08;9.49;1307;29;3257.00;139
8081;22;23483623;8081;370;9390;9527;5.93;0.36;330.12;9.49;1309;29;3258.00;137
8085;22;23483645;8085;376;9390;9527;5.91;0.36;330.18;9.49;1305;29;3259.00;137
8089;22;23483662;8089;377;9390;9527;5.94;0.36;330.22;9.49;1301;29;3260.00;137
8091;22;23483678;8091;375;9390;9528;5.98;0.36;330.29;9.49;1299;29;3261.00;138
8093;22;23483695;8093;380;9391;9529;5.96;0.36;330.33;9.49;1298;29;3262.00;138
8095;22;23483710;8095;389;9391;9529;5.93;0.36;330.43;9.49;1296;29;3263.00;138
8097;22;23483727;8097;384;9400;9542;5.90;0.36;330.39;9.48;1303;29;3264.00;142
8101;22;23483744;8101;377;9401;9542;5.88;0.36;330.52;9.48;1300;29;3265.00;141
8104;22;23483761;8104;373;9401;9542;5.83;0.35;330.49;9.48;1297;29;3266.00;141
8105;22;23483776;8105;366;9402;9543;5.84;0.36;330.46;9.48;1297;29;3267.00;141
8107;22;23483791;8107;371;9402;9543;5.84;0.36;330.43;9.48;1295;29;3268.00;141
8109;22;23483808;8109;368;9405;9547;5.91;0.36;330.45;9.48;1296;29;3269.00;142
8110;22;23483825;8110;370;9405;9547;5.95;0.36;330.51;9.48;1295;29;3270.00;142
8113;22;23483841;8113;383;9408;9551;5.95;0.36;330.60;9.47;1295;29;3271.00;143
8116;22;23483857;8116;375;9409;9551;5.94;0.36;330.73;9.47;1293;29;3272.00;142
8117;22;23483873;8117;376;9409;9551;5.97;0.37;330.72;9.47;1292;29;3273.00;142
8121;22;23483887;8121;378;9409;9551;5.93;0.36;330.90;9.47;1288;29;3274.00;142
8126;22;23483903;8126;378;9410;9551;5.95;0.36;330.94;9.48;1284;29;3275.00;141
8128;22;23483918;8128;381;9420;9563;6.04;0.37;330.90;9.47;1292;29;3276.00;143
8133;22;23483934;8133;387;9421;9563;6.07;0.37;331.20;9.47;1288;29;3277.00;142
8137;22;23483950;8137;393;9422;9563;6.08;0.37;331.28;9.47;1285;29;3278.00;141
8142;22;23483964;8142;410;9424;9563;6.04;0.37;331.38;9.47;1282;29;3279.00;139
8144;22;23483979;8144;416;9426;9563;6.04;0.37;331.50;9.57;1282;29;3280.00;137
8146;22;23483995;8146;423;9427;9563;6.06;0.37;331.56;9.57;1281;29;3281.00;136
8150;22;23484010;8150;425;9427;9564;5.98;0.36;331.75;9.57;1277;29;3282.00;137
8151;22;23484026;8151;424;9428;9564;5.92;0.36;331.80;9.61;1277;29;3283.00;136
8152;22;23484042;8152;433;9433;9570;5.92;0.36;331.83;9.61;1281;29;3284.00;137
8153;22;23484058;8153;432;9435;9572;5.87;0.36;331.87;9.65;1282;29;3285.00;137
8156;22;23484073;8156;435;9436;9572;5.86;0.36;331.92;9.65;1280;29;3286.00;136
8159;22;23484090;8159;441;9437;9572;5.85;0.36;332.00;9.70;1278;29;3287.00;135
8164;22;23484105;8164;441;9441;9576;5.81;0.35;332.14;9.74;1277;29;3288.00;135
8165;22;23484121;8165;447;9441;9576;5.77;0.35;332.13;9.74;1276;29;3289.00;135
8168;22;23484142;8168;445;9441;9576;5.70;0.35;332.23;9.74;1273;29;3290.00;135
8171;22;23484156;8171;449;9444;9577;5.65;0.34;332.40;9.83;1273;29;3291.00;133
8173;22;23484171;8173;446;9447;9581;5.62;0.34;332.48;9.83;1274;29;3292.00;134
8174;22;23484185;8174;447;9448;9581;5.59;0.34;332.57;9.87;1274;29;3293.00;133
8177;22;23484199;8177;447;9454;9584;5.60;0.34;332.65;10.04;1277;29;3294.00;130
8179;22;23484213;8179;452;9455;9584;5.59;0.34;332.68;10.04;1276;29;3295.00;129
8181;22;23484227;8181;451;9455;9584;5.54;0.34;332.64;10.04;1274;29;3296.00;129
8184;22;23484242;8184;453;9458;9584;5.48;0.33;332.77;10.17;1274;29;3297.00;126
8185;22;23484257;8185;460;9462;9588;5.51;0.34;332.75;10.16;1277;29;3298.00;126
8189;22;23484271;8189;463;9464;9588;5.46;0.33;332.96;10.25;1275;29;3299.00;124
8191;22;23484289;8191;468;9470;9607;5.42;0.33;333.00;10.28;1279;29;3300.00;137
8192;22;23484308;8192;466;9470;9607;5.40;0.33;332.98;10.28;1278;29;3301.00;137
8197;22;23484323;8197;465;9470;9608;5.31;0.32;333.05;10.28;1273;29;3302.00;138
8201;22;23484337;8201;463;9472;9609;5.24;0.32;333.03;10.33;1271;29;3303.00;137
8206;22;23484352;8206;463;9472;9609;5.17;0.31;333.22;10.33;1266;29;3304.00;137
8208;22;23484366;8208;472;9478;9610;5.14;0.31;333.26;10.49;1270;29;3305.00;132
8212;22;23484379;8212;469;9479;9610;5.11;0.31;333.31;10.49;1267;29;3306.00;131
8215;22;23484399;8215;469;9481;9610;5.08;0.31;333.50;10.57;1266;29;3307.00;129
8216;22;23484413;8216;469;9481;9610;5.11;0.31;333.49;10.57;1265;29;3308.00;129
8221;22;23484427;8221;462;9483;9610;5.12;0.31;333.77;10.65;1262;29;3309.00;127
8223;22;23484440;8223;462;9483;9610;5.15;0.31;333.73;10.65;1260;29;3310.00;127
8226;22;23484455;8226;469;9484;9610;5.18;0.32;333.90;10.65;1258;29;3311.00;126
8231;22;23484468;8231;489;9551;9737;5.39;0.33;334.02;10.66;1320;29;3312.00;186
8233;22;23484492;8233;485;9556;9738;5.41;0.33;334.06;10.66;1323;29;3313.00;182
8237;22;23484506;8237;484;9565;9738;5.43;0.33;334.09;10.65;1328;29;3314.00;173
8243;22;23484520;8243;489;9571;9738;5.41;0.33;334.11;10.72;1328;29;3315.00;167
8245;22;23484535;8245;498;9574;9738;5.38;0.33;334.16;10.72;1329;29;3316.00;164
8247;22;23484549;8247;504;9579;9738;5.32;0.33;334.35;10.79;1332;29;3317.00;159
8250;22;23484562;8250;510;9582;9738;5.25;0.32;334.34;10.79;1332;29;3318.00;156
8255;22;23484576;8255;524;9583;9738;5.18;0.32;334.36;10.79;1328;29;3319.00;155
8259;22;23484595;8259;525;9587;9739;5.22;0.32;334.50;10.79;1328;29;3320.00;152
8264;22;23484609;8264;531;9588;9740;5.18;0.32;334.55;10.79;1324;29;3321.00;152
8268;22;23484623;8268;537;9592;9740;5.10;0.31;334.75;10.79;1324;29;3322.00;148
8271;22;23484637;8271;545;9594;9741;5.02;0.31;334.76;10.79;1323;29;3323.00;147
8274;22;23484650;8274;548;9598;9741;4.92;0.30;334.78;10.79;1324;29;3324.00;143
8276;22;23484668;8276;541;9600;9741;4.84;0.30;334.83;10.79;1324;29;3325.00;141
8279;22;23484681;8279;543;9601;9741;4.72;0.29;334.77;10.79;1322;29;3326.00;140
8281;22;23484695;8281;542;9606;9745;4.68;0.29;334.85;10.79;1325;29;3327.00;139
8285;22;23484708;8285;548;9607;9745;4.63;0.28;334.92;10.79;1322;29;3328.00;138
8290;22;23484723;8290;551;9610;9745;4.56;0.28;334.91;10.80;1320;29;3329.00;135
8295;22;23484744;8295;551;9612;9751;4.50;0.28;334.83;10.79;1317;29;3330.00;139
8296;22;23484758;8296;563;9613;9751;4.43;0.27;334.83;10.80;1317;29;3331.00;138
8299;22;23484771;8299;558;9615;9751;4.38;0.27;334.80;10.80;1316;29;3332.00;136
8301;22;23484784;8301;560;9619;9755;4.32;0.27;334.79;10.80;1318;29;3333.00;136
8302;22;23484798;8302;563;9622;9756;4.34;0.27;334.77;10.80;1320;29;3334.00;134
8306;22;23484812;8306;552;9624;9756;4.32;0.27;334.77;10.80;1318;29;3335.00;132
8307;22;23484826;8307;547;9627;9760;4.35;0.27;334.79;10.80;1320;29;3336.00;133
8310;22;23484840;8310;541;9628;9760;4.35;0.27;334.81;10.80;1318;29;3337.00;132
8312;22;23484853;8312;537;9628;9760;4.37;0.27;334.79;10.80;1316;29;3338.00;132
8316;22;23484867;8316;536;9629;9761;4.36;0.27;334.77;10.80;1313;29;3339.00;132
8319;22;23484881;8319;545;9629;9761;4.34;0.27;334.73;10.80;1310;29;3340.00;132
8325;22;23484896;8325;547;9634;9767;4.35;0.27;334.68;10.80;1309;29;3341.00;133
8330;22;23484917;8330;549;9634;9767;4.30;0.26;334.87;10.80;1304;29;3342.00;133
8334;22;23484931;8334;551;9636;9768;4.27;0.26;334.82;10.80;1302;29;3343.00;132
8337;22;23484944;8337;562;9636;9768;4.23;0.26;334.85;10.80;1299;29;3344.00;132
8338;22;23484959;8338;563;9638;9768;4.22;0.26;334.89;10.80;1300;29;3345.00;130
8344;22;23484972;8344;562;9638;9768;4.15;0.25;334.85;10.80;1294;29;3346.00;130
8349;22;23484985;8349;566;9638;9768;4.06;0.25;334.79;10.80;1289;29;3347.00;130
8354;22;23484999;8354;564;9648;9780;4.05;0.25;334.88;10.79;1294;29;3348.00;132
8357;22;23485014;8357;572;9650;9780;4.02;0.25;334.81;10.79;1293;29;3349.00;130
8364;22;23485027;8364;576;9650;9780;3.96;0.24;334.80;10.79;1286;29;3350.00;130
8365;22;23485042;8365;573;9651;9780;3.94;0.24;334.82;10.79;1286;29;3351.00;129
8368;22;23485055;8368;579;9651;9780;3.92;0.24;334.82;10.79;1283;29;3352.00;129
8370;22;23485069;8370;580;9651;9780;3.95;0.24;334.81;10.79;1281;29;3353.00;129
8374;22;23485082;8374;585;9655;9784;3.91;0.24;334.85;10.79;1281;29;3354.00;129
8377;22;23485098;8377;585;9655;9784;3.86;0.24;334.89;10.79;1278;29;3355.00;129
8383;22;23485113;8383;588;9658;9788;3.76;0.23;334.88;10.79;1275;29;3356.00;130
8385;22;23485127;8385;585;9660;9789;3.72;0.23;334.90;10.78;1275;29;3357.00;129
8387;22;23485146;8387;590;9660;9789;3.67;0.22;334.89;10.78;1273;29;3358.00;129
8389;22;23485159;8389;583;9661;9789;3.65;0.22;334.86;10.78;1272;29;3359.00;128
8393;22;23485174;8393;582;9683;9818;3.76;0.23;334.86;10.76;1290;29;3360.00;135
8395;22;23485190;8395;577;9683;9818;3.76;0.23;334.89;10.76;1288;29;3361.00;135
8395;22;23485203;8395;575;9685;9818;3.83;0.23;334.89;10.76;1290;29;3362.00;133
8399;22;23485216;8399;586;9687;9819;3.81;0.23;334.94;10.76;1288;29;3363.00;132
8402;22;23485230;8402;583;9687;9820;3.80;0.23;334.91;10.76;1285;29;3364.00;133
8404;22;23485243;8404;577;9687;9820;3.78;0.23;335.00;10.76;1283;29;3365.00;133
8405;22;23485258;8405;574;9690;9823;3.86;0.24;335.00;10.75;1285;29;3366.00;133
8409;22;23485271;8409;576;9690;9823;3.83;0.23;335.05;10.75;1281;29;3367.00;133
8411;22;23485284;8411;577;9690;9823;3.80;0.23;335.03;10.75;1279;29;3368.00;133
8412;22;23485298;8412;578;9690;9823;3.82;0.23;335.05;10.75;1278;29;3369.00;133
8415;22;23485313;8415;577;9695;9829;3.80;0.23;335.05;10.75;1280;29;3370.00;134
8418;22;23485327;8418;583;9695;9829;3.83;0.23;335.15;10.75;1277;29;3371.00;134
8419;22;23485341;8419;564;9695;9829;3.86;0.24;335.20;10.75;1276;29;3372.00;134
8420;22;23485355;8420;559;9695;9829;3.93;0.24;335.24;10.75;1275;29;3373.00;134
8422;22;23485375;8422;549;9698;9833;4.00;0.24;335.17;10.74;1276;29;3374.00;135
8426;22;23485389;8426;533;9700;9835;4.06;0.25;335.13;10.74;1274;29;3375.00;135
8427;22;23485404;8427;525;9700;9835;4.11;0.25;335.12;10.74;1273;29;3376.00;135
8429;22;23485417;8429;518;9701;9836;4.17;0.25;335.14;10.74;1272;29;3377.00;135
8433;22;23485432;8433;503;9701;9836;4.16;0.25;335.13;10.74;1268;29;3378.00;135
8435;22;23485452;8435;497;9701;9836;4.22;0.26;335.10;10.74;1266;29;3379.00;135
8435;22;23485466;8435;493;9702;9836;4.27;0.26;335.10;10.77;1267;29;3380.00;134
8437;22;23485481;8437;475;9702;9836;4.36;0.27;335.15;10.77;1265;29;3381.00;134
8437;22;23485496;8437;463;9702;9836;4.42;0.27;335.15;10.77;1265;29;3382.00;134
8437;22;23485516;8437;450;9702;9836;4.48;0.27;335.15;10.77;1265;29;3383.00;134
8437;22;23485530;8437;452;9745;9906;4.67;0.29;335.15;10.72;1308;29;3384.00;161
8439;22;23485550;8439;437;9746;9907;4.76;0.29;335.21;10.72;1307;29;3385.00;161
8440;22;23485565;8440;432;9751;9907;4.91;0.30;335.21;10.71;1311;29;3386.00;156
8442;22;23485580;8442;428;9753;9907;5.04;0.31;335.16;10.71;1311;29;3387.00;154
8445;22;23485594;8445;422;9755;9907;5.16;0.31;335.24;10.71;1310;29;3388.00;152
8445;22;23485610;8445;420;9757;9907;5.27;0.32;335.24;10.71;1312;29;3389.00;150
8449;22;23485628;8449;429;9760;9907;5.34;0.33;335.33;10.71;1311;29;3390.00;147
8450;22;23485646;8450;436;9763;9907;5.40;0.33;335.37;10.71;1313;29;3391.00;144
8451;22;23485661;8451;430;9765;9908;5.40;0.33;335.39;10.71;1314;29;3392.00;143
8457;22;23485677;8457;432;9766;9909;5.37;0.33;335.55;10.71;1309;29;3393.00;143
8458;22;23485694;8458;438;9768;9909;5.40;0.33;335.58;10.71;1310;29;3394.00;141
8460;22;23485711;8460;437;9772;9913;5.40;0.33;335.68;10.70;1312;29;3395.00;141
8462;22;23485728;8462;443;9773;9913;5.42;0.33;335.70;10.70;1311;29;3396.00;140
8464;22;23485744;8464;441;9773;9913;5.45;0.33;335.77;10.70;1309;29;3397.00;140
8465;22;23485760;8465;439;9774;9913;5.45;0.33;335.75;10.72;1309;29;3398.00;139
8466;22;23485775;8466;442;9779;9919;5.48;0.33;335.79;10.72;1313;29;3399.00;140
8468;22;23485797;8468;442;9779;9919;5.48;0.33;335.88;10.72;1311;29;3400.00;140
8470;22;23485816;8470;440;9779;9919;5.47;0.33;335.93;10.72;1309;29;3401.00;140
8471;22;23485832;8471;448;9781;9922;5.49;0.33;335.97;10.72;1310;29;3402.00;141
8473;22;23485849;8473;453;9781;9922;5.47;0.33;335.95;10.72;1308;29;3403.00;141
8476;22;23485865;8476;444;9782;9922;5.46;0.33;335.96;10.72;1306;29;3404.00;140
8476;22;23485880;8476;446;9782;9923;5.44;0.33;335.96;10.72;1306;29;3405.00;141
8477;22;23485895;8477;447;9783;9924;5.49;0.33;335.95;10.71;1306;29;3406.00;141
8481;22;23485911;8481;452;9783;9924;5.46;0.33;336.10;10.71;1302;29;3407.00;141
8483;22;23485927;8483;453;9794;9937;5.46;0.33;336.11;10.70;1311;29;3408.00;143
8486;22;23485943;8486;447;9794;9937;5.42;0.33;336.15;10.70;1308;29;3409.00;143
8486;22;23485959;8486;445;9794;9937;5.41;0.33;336.15;10.70;1308;29;3410.00;143
8487;22;23485979;8487;458;9795;9938;5.43;0.33;336.11;10.70;1308;29;3411.00;143
8489;22;23485995;8489;469;9795;9938;5.44;0.33;336.18;10.70;1306;29;3412.00;143
8489;22;23486011;8489;479;9799;9942;5.51;0.33;336.18;10.70;1310;29;3413.00;143
8491;22;23486031;8491;478;9799;9942;5.50;0.33;336.35;10.70;1308;29;3414.00;143
8491;22;23486047;8491;471;9802;9946;5.49;0.33;336.35;10.69;1311;29;3415.00;144
8493;22;23486063;8493;467;9802;9946;5.50;0.33;336.44;10.69;1309;29;3416.00;144
8496;22;23486078;8496;465;9802;9946;5.50;0.33;336.58;10.69;1306;29;3417.00;144
8497;22;23486096;8497;463;9802;9946;5.50;0.33;336.56;10.69;1305;29;3418.00;144
8502;22;23486112;8502;457;9802;9946;5.45;0.33;336.66;10.69;1300;29;3419.00;144
8505;22;23486129;8505;458;9829;9980;5.56;0.34;336.72;10.69;1324;29;3420.00;151
8509;22;23486147;8509;442;9829;9980;5.59;0.34;336.78;10.69;1320;29;3421.00;151
8513;22;23486167;8513;445;9831;9980;5.64;0.34;336.84;10.69;1318;29;3422.00;149
8516;22;23486182;8516;436;9831;9980;5.69;0.35;336.90;10.69;1315;29;3423.00;149
8522;22;23486197;8522;426;9832;9980;5.68;0.35;337.06;10.69;1310;29;3424.00;148
8524;22;23486218;8524;430;9832;9980;5.71;0.35;337.11;10.69;1308;29;3425.00;148
8526;22;23486233;8526;417;9832;9981;5.67;0.35;337.11;10.69;1306;29;3426.00;149
8530;22;23486250;8530;405;9832;9981;5.63;0.34;337.16;10.69;1302;29;3427.00;149
8533;22;23486265;8533;404;9837;9987;5.59;0.34;337.27;10.68;1304;29;3428.00;150
8536;22;23486281;8536;388;9838;9988;5.57;0.34;337.29;10.68;1302;29;3429.00;150
8538;22;23486297;8538;386;9840;9988;5.50;0.34;337.35;10.78;1302;29;3430.00;148
8540;22;23486314;8540;386;9840;9988;5.46;0.33;337.35;10.78;1300;29;3431.00;148
8543;22;23486329;8543;386;9843;9992;5.43;0.33;337.40;10.77;1300;29;3432.00;149
8545;22;23486345;8545;384;9843;9992;5.39;0.33;337.41;10.77;1298;29;3433.00;149
8548;22;23486362;8548;384;9843;9992;5.44;0.33;337.54;10.77;1295;29;3434.00;149
8554;22;23486378;8554;379;9844;9993;5.45;0.33;337.56;10.77;1290;29;3435.00;149
8557;22;23486394;8557;373;9848;9997;5.45;0.33;337.61;10.79;1291;29;3436.00;149
8559;22;23486417;8559;368;9848;9997;5.48;0.33;337.61;10.79;1289;29;3437.00;149
8562;22;23486433;8562;370;9850;10000;5.54;0.34;337.77;10.79;1288;29;3438.00;150
8566;22;23486448;8566;362;9851;10000;5.56;0.34;337.79;10.79;1285;29;3439.00;149
8573;22;23486465;8573;366;9851;10000;5.58;0.34;338.00;10.79;1278;29;3440.00;149
8575;22;23486482;8575;366;9851;10000;5.62;0.34;338.02;10.79;1276;29;3441.00;149
8579;22;23486498;8579;369;9855;10004;5.68;0.35;338.15;10.78;1276;29;3442.00;149
8582;22;23486514;8582;379;9855;10004;5.71;0.35;338.22;10.78;1273;29;3443.00;149
8584;22;23486530;8584;378;9855;10004;5.69;0.35;338.22;10.78;1271;29;3444.00;149
8588;22;23486547;8588;388;9855;10004;5.65;0.34;338.35;10.78;1267;29;3445.00;149
8591;22;23486564;8591;389;9855;10005;5.61;0.34;338.35;10.78;1264;29;3446.00;150
8594;22;23486579;8594;387;9856;10006;5.58;0.34;338.48;10.78;1262;29;3447.00;150
8597;22;23486594;8597;390;9856;10006;5.55;0.34;338.47;10.78;1259;29;3448.00;150
8599;22;23486609;8599;385;9857;10007;5.54;0.34;338.42;10.78;1258;29;3449.00;150
8601;22;23486626;8601;388;9857;10007;5.51;0.34;338.52;10.78;1256;29;3450.00;150
8603;22;23486642;8603;392;9857;10007;5.48;0.33;338.60;10.78;1254;29;3451.00;150
8605;22;23486657;8605;390;9857;10007;5.50;0.34;338.69;10.78;1252;29;3452.00;150
8609;22;23486671;8609;393;9857;10007;5.49;0.34;338.75;10.78;1248;29;3453.00;150
8609;22;23486685;8609;389;9857;10007;5.54;0.34;338.75;10.78;1248;29;3454.00;150
8614;22;23486699;8614;391;9858;10007;5.50;0.34;338.98;10.83;1244;29;3455.00;149
8619;22;23486714;8619;418;9923;10134;5.65;0.35;339.10;10.76;1304;29;3456.00;211
8621;22;23486739;8621;409;9927;10135;5.66;0.35;339.13;10.75;1306;29;3457.00;208
8624;22;23486754;8624;402;9935;10135;5.67;0.35;339.26;10.80;1311;29;3458.00;200
8626;22;23486769;8626;413;9937;10135;5.63;0.35;339.24;10.89;1311;29;3459.00;198
8629;22;23486783;8629;416;9943;10135;5.57;0.34;339.32;10.94;1314;29;3460.00;192
8633;22;23486799;8633;417;9943;10135;5.54;0.34;339.36;10.94;1310;29;3461.00;192
8635;22;23486813;8635;417;9945;10135;5.51;0.34;339.39;10.94;1310;29;3462.00;190
8641;22;23486828;8641;411;9948;10135;5.55;0.34;339.57;10.98;1307;29;3463.00;187
8645;22;23486843;8645;411;9949;10136;5.55;0.34;339.69;10.98;1304;29;3464.00;187
8648;22;23486858;8648;405;9955;10138;5.61;0.34;339.75;11.03;1307;29;3465.00;183
8650;22;23486873;8650;402;9956;10138;5.63;0.35;339.78;11.03;1306;29;3466.00;182
8654;22;23486888;8654;410;9959;10139;5.58;0.34;339.90;11.07;1305;29;3467.00;180
8655;22;23486903;8655;420;9966;10139;5.52;0.34;339.86;11.12;1311;29;3468.00;173
8658;22;23486918;8658;425;9970;10139;5.46;0.34;340.00;11.17;1312;29;3469.00;169
8661;22;23486932;8661;434;9975;10139;5.38;0.33;340.12;11.17;1314;29;3470.00;164
8662;22;23486947;8662;447;9980;10143;5.34;0.33;340.21;11.17;1318;29;3471.00;163
8665;22;23486963;8665;459;9982;10143;5.25;0.32;340.25;11.17;1317;29;3472.00;161
8667;22;23486977;8667;468;9985;10143;5.22;0.32;340.30;11.17;1318;29;3473.00;158
8669;22;23486991;8669;481;9987;10146;5.14;0.32;340.49;11.21;1318;29;3474.00;159
8671;22;23487017;8671;491;9991;10146;5.07;0.31;340.48;11.26;1320;29;3475.00;155
8675;22;23487038;8675;489;9995;10146;5.03;0.31;340.71;11.35;1320;29;3476.00;151
8678;22;23487053;8678;501;9999;10150;5.01;0.31;340.73;11.35;1321;29;3477.00;151
8682;22;23487068;8682;500;10002;10151;4.94;0.30;340.82;11.35;1320;29;3478.00;149
8683;22;23487083;8683;505;10002;10151;4.92;0.30;340.86;11.35;1319;29;3479.00;149
8685;22;23487099;8685;504;10007;10156;4.95;0.30;340.95;11.43;1322;29;3480.00;149
8687;22;23487113;8687;505;10009;10156;4.92;0.30;341.01;11.43;1322;29;3481.00;147
8689;22;23487128;8689;505;10009;10156;4.90;0.30;341.07;11.43;1320;29;3482.00;147
8692;22;23487142;8692;507;10011;10157;4.87;0.30;341.00;11.47;1319;29;3483.00;146
8695;22;23487156;8695;513;10011;10157;4.89;0.30;341.02;11.47;1316;29;3484.00;146
8697;22;23487171;8697;507;10016;10163;4.92;0.30;341.11;11.51;1319;29;3485.00;147
8699;22;23487186;8699;508;10017;10163;4.89;0.30;341.16;11.51;1318;29;3486.00;146
8701;22;23487201;8701;507;10018;10164;4.88;0.30;341.19;11.56;1317;29;3487.00;146
8704;22;23487216;8704;502;10018;10164;4.89;0.30;341.24;11.56;1314;29;3488.00;146
8709;22;23487229;8709;507;10019;10164;4.83;0.29;341.30;11.60;1310;29;3489.00;145
8712;22;23487247;8712;511;10019;10164;4.76;0.29;341.27;11.60;1307;29;3490.00;145
8717;22;23487262;8717;520;10020;10164;4.70;0.29;341.36;11.65;1303;29;3491.00;144
8722;22;23487278;8722;530;10031;10176;4.70;0.29;341.42;11.64;1309;29;3492.00;145
8724;22;23487293;8724;536;10032;10176;4.64;0.28;341.43;11.68;1308;29;3493.00;144
8726;22;23487307;8726;537;10032;10176;4.59;0.28;341.51;11.68;1306;29;3494.00;144
8733;22;23487320;8733;543;10032;10176;4.51;0.28;341.58;11.68;1299;29;3495.00;144
8733;22;23487334;8733;546;10032;10176;4.45;0.27;341.58;11.68;1299;29;3496.00;144
8740;22;23487347;8740;553;10032;10176;4.33;0.27;341.57;11.68;1292;29;3497.00;144
8744;22;23487360;8744;562;10035;10180;4.23;0.26;341.56;11.68;1291;29;3498.00;145
8748;22;23487373;8748;571;10035;10180;4.19;0.26;341.49;11.68;1287;29;3499.00;145
8750;22;23487386;8750;565;10039;10184;4.19;0.26;341.50;11.67;1289;29;3500.00;145
8753;22;23487403;8753;561;10040;10185;4.17;0.26;341.42;11.67;1287;29;3501.00;145
8758;22;23487416;8758;563;10040;10185;4.13;0.25;341.32;11.67;1282;29;3502.00;145
8763;22;23487428;8763;559;10040;10185;4.07;0.25;341.25;11.67;1277;29;3503.00;145
8768;22;23487442;8768;564;10050;10198;4.05;0.25;341.18;11.66;1282;29;3504.00;148
8771;22;23487455;8771;563;10050;10198;4.09;0.25;341.14;11.66;1279;29;3505.00;148
8774;22;23487468;8774;561;10050;10198;4.08;0.25;341.07;11.66;1276;29;3506.00;148
8777;22;23487481;8777;547;10051;10199;4.05;0.25;340.99;11.66;1274;29;3507.00;148
8780;22;23487494;8780;539;10051;10200;4.05;0.25;341.01;11.66;1271;29;3508.00;149
8780;22;23487507;8780;535;10051;10200;4.06;0.25;341.01;11.66;1271;29;3509.00;149
8782;22;23487521;8782;532;10054;10206;4.09;0.25;340.98;11.66;1272;29;3510.00;152
8785;22;23487534;8785;523;10054;10206;4.05;0.25;341.01;11.66;1269;29;3511.00;152
8786;22;23487546;8786;520;10055;10206;4.05;0.25;341.03;11.66;1269;29;3512.00;151
8786;22;23487559;8786;519;10055;10206;4.08;0.25;341.03;11.66;1269;29;3513.00;151
8788;22;23487572;8788;514;10059;10212;4.13;0.25;341.03;11.65;1271;29;3514.00;153
8793;22;23487586;8793;512;10059;10212;4.10;0.25;340.99;11.65;1266;29;3515.00;153
8795;22;23487600;8795;512;10059;10212;4.10;0.25;341.02;11.65;1264;29;3516.00;153
8797;22;23487612;8797;512;10059;10212;4.08;0.25;341.01;11.65;1262;29;3517.00;153
8799;22;23487626;8799;505;10063;10216;4.07;0.25;340.98;11.65;1264;29;3518.00;153
8802;22;23487639;8802;514;10065;10219;3.99;0.24;340.91;11.65;1263;29;3519.00;154
8808;22;23487652;8808;513;10065;10219;3.89;0.24;340.98;11.65;1257;29;3520.00;154
8810;22;23487665;8810;501;10067;10220;3.89;0.24;340.95;11.65;1257;29;3521.00;153
8814;22;23487679;8814;495;10067;10220;3.88;0.24;340.87;11.65;1253;29;3522.00;153
8819;22;23487698;8819;504;10068;10220;3.85;0.23;340.98;11.65;1249;29;3523.00;152
8821;22;23487711;8821;497;10069;10220;3.88;0.24;340.94;11.64;1248;29;3524.00;151
8823;22;23487725;8823;500;10069;10220;3.93;0.24;340.95;11.64;1246;29;3525.00;151
8826;22;23487738;8826;503;10069;10220;3.96;0.24;340.88;11.64;1243;29;3526.00;151
8829;22;23487752;8829;501;10070;10220;4.00;0.24;340.86;11.65;1241;29;3527.00;150
8831;22;23487771;8831;501;10109;10290;4.22;0.26;340.86;11.60;1278;29;3528.00;181
8833;22;23487790;8833;491;10112;10291;4.26;0.26;340.89;11.60;1279;29;3529.00;179
8834;22;23487803;8834;494;10118;10291;4.33;0.27;340.87;11.59;1284;29;3530.00;173
8836;22;23487818;8836;494;10123;10291;4.43;0.27;340.89;11.62;1287;29;3531.00;168
8838;22;23487832;8838;488;10125;10291;4.51;0.28;340.93;11.61;1287;29;3532.00;166
8840;22;23487845;8840;477;10127;10291;4.56;0.28;340.89;11.61;1287;29;3533.00;164
8840;22;23487859;8840;480;10129;10291;4.64;0.28;340.89;11.61;1289;29;3534.00;162
8843;22;23487873;8843;482;10131;10291;4.64;0.28;340.84;11.61;1288;29;3535.00;160
8844;22;23487887;8844;477;10133;10292;4.69;0.29;340.86;11.61;1289;29;3536.00;159
8848;22;23487902;8848;484;10135;10293;4.67;0.29;340.89;11.61;1287;29;3537.00;158
8849;22;23487916;8849;478;10135;10293;4.64;0.28;340.91;11.61;1286;29;3538.00;158
8853;22;23487929;8853;486;10139;10297;4.58;0.28;340.92;11.61;1286;29;3539.00;158
8854;22;23487946;8854;495;10140;10297;4.55;0.28;340.98;11.61;1286;29;3540.00;157
8859;22;23487959;8859;497;10141;10297;4.50;0.27;341.12;11.61;1282;29;3541.00;156
8861;22;23487973;8861;496;10142;10297;4.44;0.27;341.13;11.61;1281;29;3542.00;155
8865;22;23487985;8865;501;10146;10303;4.43;0.27;341.20;11.60;1281;29;3543.00;157
8868;22;23488000;8868;507;10147;10303;4.41;0.27;341.37;11.60;1279;29;3544.00;156
8871;22;23488014;8871;516;10148;10303;4.38;0.27;341.42;11.63;1277;29;3545.00;155
8873;22;23488027;8873;523;10150;10306;4.41;0.27;341.46;11.63;1277;29;3546.00;156
8874;22;23488041;8874;520;10150;10306;4.42;0.27;341.56;11.63;1276;29;3547.00;156
8877;22;23488054;8877;513;10151;10306;4.47;0.27;341.57;11.63;1274;29;3548.00;155
8880;22;23488068;8880;510;10151;10307;4.53;0.28;341.58;11.63;1271;29;3549.00;156
8883;22;23488082;8883;507;10153;10308;4.58;0.28;341.60;11.65;1270;29;3550.00;155
8886;22;23488097;8886;503;10153;10308;4.59;0.28;341.65;11.65;1267;29;3551.00;155
8888;22;23488112;8888;498;10163;10321;4.69;0.29;341.67;11.64;1275;29;3552.00;158
8892;22;23488128;8892;495;10164;10321;4.68;0.29;341.74;11.64;1272;29;3553.00;157
8893;22;23488142;8893;494;10164;10321;4.72;0.29;341.79;11.64;1271;29;3554.00;157
8896;22;23488157;8896;496;10166;10323;4.73;0.29;341.76;11.64;1270;29;3555.00;157
8899;22;23488172;8899;484;10167;10323;4.77;0.29;341.87;11.67;1268;29;3556.00;156
8901;22;23488186;8901;477;10171;10327;4.88;0.30;341.90;11.66;1270;29;3557.00;156
8903;22;23488207;8903;473;10171;10327;4.89;0.30;341.97;11.66;1268;29;3558.00;156
8907;22;23488222;8907;471;10174;10331;4.88;0.30;341.93;11.66;1267;29;3559.00;157
8908;22;23488237;8908;463;10174;10331;4.90;0.30;341.92;11.66;1266;29;3560.00;157
8912;22;23488252;8912;461;10174;10331;4.87;0.30;341.97;11.66;1262;29;3561.00;157
8914;22;23488267;8914;456;10174;10331;4.86;0.29;342.01;11.66;1260;29;3562.00;157
8918;22;23488282;8918;448;10174;10331;4.84;0.29;342.04;11.66;1256;29;3563.00;157
8920;22;23488298;8920;449;10184;10343;4.90;0.30;342.14;11.65;1264;29;3564.00;159
8921;22;23488315;8921;457;10184;10343;4.88;0.30;342.18;11.65;1263;29;3565.00;159
8923;22;23488331;8923;460;10185;10343;4.88;0.30;342.36;11.65;1262;29;3566.00;158
8925;22;23488347;8925;459;10186;10343;4.84;0.29;342.47;11.68;1261;29;3567.00;157
8926;22;23488363;8926;457;10186;10343;4.82;0.29;342.46;11.68;1260;29;3568.00;157
8928;22;23488379;8928;451;10186;10343;4.86;0.30;342.45;11.68;1258;29;3569.00;157
8929;22;23488394;8929;448;10186;10344;4.90;0.30;342.44;11.68;1257;29;3570.00;158
8931;22;23488409;8931;444;10186;10344;4.97;0.30;342.51;11.68;1255;29;3571.00;158
8933;22;23488423;8933;444;10191;10350;5.04;0.31;342.47;11.68;1258;29;3572.00;159
8936;22;23488438;8936;439;10192;10351;5.08;0.31;342.48;11.67;1256;29;3573.00;159
8939;22;23488453;8939;431;10192;10351;5.14;0.31;342.50;11.67;1253;29;3574.00;159
8943;22;23488468;8943;428;10192;10351;5.18;0.32;342.76;11.67;1249;29;3575.00;159
8948;22;23488482;8948;429;10195;10355;5.18;0.31;342.89;11.67;1247;29;3576.00;160
8952;22;23488498;8952;426;10195;10355;5.19;0.31;343.04;11.67;1243;29;3577.00;160
8956;22;23488512;8956;425;10196;10355;5.16;0.31;343.08;11.70;1240;29;3578.00;159
8957;22;23488527;8957;419;10197;10356;5.09;0.31;343.13;11.70;1240;29;3579.00;159
8958;22;23488541;8958;431;10200;10360;5.06;0.31;343.19;11.70;1242;29;3580.00;160
8959;22;23488555;8959;426;10200;10360;5.11;0.31;343.19;11.70;1241;29;3581.00;160
8960;22;23488569;8960;425;10202;10363;5.15;0.31;343.29;11.70;1242;29;3582.00;161
8961;22;23488584;8961;431;10203;10363;5.17;0.31;343.31;11.73;1242;29;3583.00;160
8965;22;23488598;8965;429;10204;10363;5.21;0.32;343.43;11.73;1239;29;3584.00;159
8965;22;23488613;8965;431;10204;10363;5.30;0.32;343.43;11.73;1239;29;3585.00;159
8970;22;23488627;8970;429;10208;10367;5.36;0.33;343.54;11.72;1238;29;3586.00;159
8971;22;23488658;8971;419;10208;10367;5.40;0.33;343.55;11.72;1237;29;3587.00;159
8978;22;23488673;8978;422;10209;10367;5.38;0.33;343.69;11.76;1231;29;3588.00;158
8979;22;23488687;8979;421;10209;10367;5.37;0.33;343.68;11.76;1230;29;3589.00;158
8981;22;23488701;8981;424;10209;10368;5.40;0.33;343.76;11.76;1228;29;3590.00;159
8985;22;23488716;8985;420;10210;10369;5.43;0.33;343.85;11.76;1225;29;3591.00;159
8986;22;23488732;8986;406;10210;10369;5.45;0.33;343.86;11.76;1224;29;3592.00;159
8989;22;23488751;8989;402;10211;10370;5.47;0.33;343.89;11.75;1222;29;3593.00;159
8991;22;23488766;8991;394;10211;10370;5.54;0.33;343.93;11.75;1220;29;3594.00;159
8993;22;23488781;8993;387;10211;10370;5.56;0.34;343.93;11.75;1218;29;3595.00;159
8995;22;23488794;8995;390;10211;10370;5.56;0.34;343.92;11.75;1216;29;3596.00;159
8998;22;23488809;8998;393;10211;10370;5.57;0.34;344.03;11.75;1213;29;3597.00;159
9001;22;23488825;9001;387;10211;10370;5.61;0.34;344.07;11.75;1210;29;3598.00;159
9002;22;23488838;9002;394;10211;10370;5.59;0.34;344.12;11.75;1209;29;3599.00;159
9006;22;23488855;9006;453;10336;10623;5.49;0.34;344.21;11.65;1330;29;3600.00;287
9007;22;23488891;9007;441;10336;10624;5.52;0.34;344.22;11.65;1329;29;3601.00;288
9008;22;23488907;9008;416;10344;10624;5.57;0.35;344.23;11.64;1336;29;3602.00;280
9010;22;23488922;9010;414;10345;10624;5.63;0.35;344.23;11.64;1335;29;3603.00;279
9015;22;23488937;9015;397;10352;10624;5.64;0.35;344.40;11.74;1337;29;3604.00;272
9018;22;23488956;9018;387;10353;10624;5.70;0.35;344.40;11.74;1335;29;3605.00;271
9020;22;23488972;9020;380;10359;10624;5.75;0.36;344.60;11.73;1339;29;3606.00;265
9022;22;23488987;9022;377;10363;10624;5.77;0.36;344.65;11.73;1341;29;3607.00;261
9025;22;23489003;9025;369;10370;10625;5.82;0.36;344.84;11.73;1345;29;3608.00;255
9027;22;23489020;9027;371;10374;10626;5.90;0.36;344.90;11.73;1347;29;3609.00;252
9030;22;23489037;9030;365;10381;10626;6.00;0.37;344.95;11.73;1351;29;3610.00;245
9032;22;23489053;9032;363;10384;10627;6.08;0.38;345.05;11.73;1352;29;3611.00;243
9033;22;23489069;9033;362;10389;10627;6.12;0.38;345.05;11.73;1356;29;3612.00;238
9039;22;23489084;9039;366;10391;10627;6.06;0.37;345.12;11.73;1352;29;3613.00;236
9042;22;23489101;9042;366;10394;10627;6.03;0.37;345.26;11.73;1352;29;3614.00;233
9045;22;23489123;9045;366;10399;10631;5.97;0.37;345.29;11.73;1354;29;3615.00;232
9049;22;23489140;9049;379;10401;10631;5.89;0.36;345.39;11.73;1352;29;3616.00;230
9052;22;23489157;9052;388;10401;10631;5.82;0.36;345.31;11.73;1349;29;3617.00;230
9057;22;23489171;9057;392;10403;10634;5.70;0.35;345.25;11.73;1346;29;3618.00;231
9059;22;23489188;9059;395;10404;10634;5.63;0.35;345.28;11.73;1345;29;3619.00;230
9062;22;23489203;9062;395;10405;10634;5.64;0.35;345.34;11.73;1343;29;3620.00;229
9064;22;23489225;9064;401;10407;10638;5.62;0.34;345.35;11.72;1343;29;3621.00;231
9069;22;23489242;9069;415;10409;10639;5.56;0.34;345.39;11.72;1340;29;3622.00;230
9072;22;23489258;9072;420;10410;10639;5.61;0.34;345.61;11.73;1338;29;3623.00;229
9073;22;23489273;9073;423;10414;10643;5.60;0.34;345.58;11.73;1341;29;3624.00;229
9074;22;23489288;9074;426;10420;10643;5.63;0.35;345.62;11.73;1346;29;3625.00;223
9077;22;23489304;9077;431;10420;10643;5.62;0.34;345.71;11.73;1343;29;3626.00;223
9079;22;23489325;9079;445;10423;10644;5.59;0.34;345.68;11.73;1344;29;3627.00;221
9082;22;23489348;9082;450;10426;10644;5.54;0.34;345.81;11.74;1344;29;3628.00;218
9085;22;23489364;9085;464;10432;10650;5.55;0.34;345.85;11.74;1347;29;3629.00;218
9086;22;23489382;9086;478;10434;10650;5.50;0.34;345.95;11.80;1348;29;3630.00;216
9088;22;23489398;9088;488;10437;10651;5.43;0.33;345.91;11.80;1349;29;3631.00;214
9092;22;23489419;9092;494;10440;10651;5.34;0.33;345.89;11.80;1348;29;3632.00;211
9094;22;23489435;9094;511;10442;10651;5.30;0.32;345.99;11.86;1348;29;3633.00;209
9098;22;23489452;9098;516;10445;10651;5.21;0.32;346.05;11.97;1347;29;3634.00;206
9101;22;23489467;9101;528;10449;10651;5.14;0.31;346.17;12.03;1348;29;3635.00;202
9103;22;23489483;9103;536;10456;10663;5.08;0.31;346.23;12.02;1353;29;3636.00;207
9108;22;23489499;9108;554;10459;10663;4.96;0.30;346.26;12.08;1351;29;3637.00;204
9109;22;23489515;9109;564;10463;10663;4.86;0.30;346.25;12.08;1354;29;3638.00;200
9110;22;23489530;9110;573;10466;10663;4.75;0.29;346.24;12.14;1356;29;3639.00;197
9112;22;23489544;9112;584;10471;10663;4.67;0.28;346.23;12.25;1359;29;3640.00;192
9114;22;23489559;9114;594;10474;10663;4.58;0.28;346.18;12.30;1360;29;3641.00;189
9115;22;23489574;9115;596;10480;10667;4.56;0.28;346.18;12.31;1365;29;3642.00;187
9115;22;23489588;9115;603;10481;10667;4.55;0.28;346.18;12.31;1366;29;3643.00;186
9116;22;23489603;9116;606;10486;10671;4.52;0.28;346.25;12.36;1370;29;3644.00;185
9117;22;23489617;9117;611;10491;10673;4.49;0.27;346.22;12.46;1374;29;3645.00;182
9117;22;23489632;9117;618;10492;10673;4.43;0.27;346.22;12.51;1375;29;3646.00;181
9119;22;23489646;9119;628;10493;10673;4.34;0.27;346.25;12.52;1374;29;3647.00;180
9120;22;23489660;9120;628;10502;10686;4.29;0.26;346.29;12.50;1382;29;3648.00;184
9123;22;23489674;9123;635;10503;10686;4.26;0.26;346.23;12.56;1380;29;3649.00;183
9124;22;23489689;9124;642;10503;10686;4.22;0.26;346.24;12.56;1379;29;3650.00;183
9126;22;23489703;9126;641;10506;10687;4.22;0.26;346.22;12.66;1380;29;3651.00;181
9128;22;23489718;9128;645;10510;10688;4.25;0.26;346.17;12.71;1382;29;3652.00;178
9131;22;23489733;9131;646;10510;10688;4.24;0.26;346.12;12.71;1379;29;3653.00;178
9132;22;23489748;9132;649;10514;10691;4.26;0.26;346.09;12.71;1382;29;3654.00;177
9133;22;23489763;9133;645;10515;10691;4.26;0.26;346.07;12.76;1382;29;3655.00;176
9137;22;23489777;9137;651;10516;10691;4.25;0.26;346.08;12.81;1379;29;3656.00;175
9138;22;23489791;9138;655;10516;10691;4.25;0.26;346.07;12.81;1378;29;3657.00;175
9140;22;23489805;9140;664;10521;10697;4.31;0.26;346.02;12.80;1381;29;3658.00;176
9143;22;23489820;9143;664;10521;10697;4.27;0.26;345.95;12.80;1378;29;3659.00;176
9145;22;23489835;9145;660;10521;10697;4.23;0.26;345.91;12.80;1376;29;3660.00;176
9149;22;23489849;9149;668;10525;10697;4.16;0.25;345.96;12.99;1376;29;3661.00;172
9152;22;23489863;9152;684;10528;10701;4.14;0.25;345.94;12.99;1376;29;3662.00;173
9155;22;23489876;9155;678;10530;10702;4.10;0.25;345.89;13.04;1375;29;3663.00;172
9161;22;23489890;9161;675;10531;10702;4.05;0.25;345.86;13.09;1370;29;3664.00;171
9165;22;23489905;9165;673;10532;10703;3.99;0.24;345.85;13.09;1367;29;3665.00;171
9169;22;23489919;9169;673;10533;10703;3.87;0.24;345.77;13.13;1364;29;3666.00;170
9172;22;23489932;9172;673;10533;10703;3.81;0.23;345.73;13.13;1361;29;3667.00;170
9175;22;23489945;9175;685;10533;10703;3.74;0.23;345.73;13.13;1358;29;3668.00;170
9176;22;23489958;9176;683;10533;10703;3.68;0.22;345.69;13.13;1357;29;3669.00;170
9178;22;23489970;9178;692;10533;10703;3.62;0.22;345.69;13.13;1355;29;3670.00;170
9180;22;23489983;9180;705;10533;10703;3.56;0.22;345.75;13.13;1353;29;3671.00;170
9181;22;23489995;9181;709;10574;10773;3.72;0.23;345.75;13.08;1393;29;3672.00;199
9185;22;23490012;9185;712;10576;10774;3.61;0.22;345.67;13.08;1391;29;3673.00;198
9186;22;23490026;9186;710;10583;10774;3.54;0.22;345.67;13.07;1397;29;3674.00;191
9187;22;23490039;9187;704;10586;10774;3.47;0.21;345.66;13.07;1399;29;3675.00;188
9189;22;23490052;9189;706;10588;10774;3.38;0.21;345.64;13.07;1399;29;3676.00;186
9190;22;23490065;9190;710;10589;10774;3.36;0.21;345.68;13.07;1399;29;3677.00;185
9193;22;23490077;9193;692;10591;10774;3.35;0.21;345.62;13.07;1398;29;3678.00;183
9196;22;23490090;9196;685;10592;10774;3.37;0.21;345.57;13.06;1396;29;3679.00;182
9197;22;23490103;9197;681;10593;10775;3.40;0.21;345.57;13.06;1396;29;3680.00;182
9199;22;23490117;9199;673;10595;10776;3.43;0.21;345.56;13.06;1396;29;3681.00;181
9200;22;23490137;9200;662;10595;10776;3.48;0.21;345.57;13.06;1395;29;3682.00;181
9201;22;23490151;9201;649;10599;10780;3.56;0.22;345.55;13.06;1398;29;3683.00;181
9203;22;23490166;9203;640;10599;10780;3.63;0.22;345.58;13.06;1396;29;3684.00;181
9206;22;23490185;9206;626;10599;10780;3.69;0.23;345.54;13.06;1393;29;3685.00;181
9207;22;23490198;9207;614;10599;10780;3.79;0.23;345.55;13.06;1392;29;3686.00;181
9208;22;23490213;9208;595;10603;10786;3.90;0.24;345.55;13.05;1395;29;3687.00;183
9211;22;23490227;9211;587;10603;10786;3.95;0.24;345.54;13.05;1392;29;3688.00;183
9212;22;23490242;9212;582;10603;10786;4.05;0.25;345.58;13.05;1391;29;3689.00;183
9216;22;23490258;9216;572;10606;10792;4.14;0.25;345.55;13.05;1390;29;3690.00;186
9220;22;23490274;9220;564;10606;10792;4.20;0.26;345.52;13.05;1386;29;3691.00;186
9225;22;23490289;9225;562;10608;10792;4.21;0.26;345.49;13.05;1383;29;3692.00;184
9228;22;23490309;9228;570;10609;10793;4.22;0.26;345.45;13.05;1381;29;3693.00;184
9229;22;23490324;9229;568;10610;10794;4.28;0.26;345.53;13.05;1381;29;3694.00;184
9234;22;23490339;9234;564;10611;10794;4.24;0.26;345.52;13.05;1377;29;3695.00;183
9238;22;23490354;9238;570;10620;10807;4.35;0.27;345.59;13.04;1382;29;3696.00;187
9239;22;23490370;9239;567;10620;10807;4.40;0.27;345.58;13.04;1381;29;3697.00;187
9245;22;23490385;9245;566;10623;10807;4.42;0.27;345.56;13.04;1378;29;3698.00;184
9247;22;23490399;9247;574;10624;10808;4.42;0.27;345.64;13.04;1377;29;3699.00;184
9251;22;23490416;9251;571;10625;10808;4.44;0.27;345.58;13.04;1374;29;3700.00;183
9257;22;23490435;9257;576;10629;10812;4.44;0.27;345.63;13.04;1372;29;3701.00;183
9262;22;23490451;9262;583;10629;10812;4.40;0.27;345.53;13.04;1367;29;3702.00;183
9265;22;23490466;9265;585;10633;10816;4.37;0.27;345.52;13.03;1368;29;3703.00;183
9270;22;23490482;9270;586;10633;10816;4.33;0.26;345.47;13.03;1363;29;3704.00;183
9275;22;23490497;9275;587;10634;10816;4.30;0.26;345.37;13.03;1359;29;3705.00;182
9282;22;23490512;9282;583;10634;10816;4.30;0.26;345.55;13.03;1352;29;3706.00;182
9283;22;23490527;9283;581;10635;10816;4.32;0.26;345.55;13.03;1352;29;3707.00;181
9285;22;23490543;9285;582;10644;10828;4.41;0.27;345.57;13.02;1359;29;3708.00;184
9288;22;23490558;9288;577;10645;10828;4.41;0.27;345.65;13.02;1357;29;3709.00;183
9291;22;23490574;9291;582;10646;10828;4.41;0.27;345.65;13.02;1355;29;3710.00;182
9293;22;23490590;9293;581;10646;10828;4.47;0.27;345.62;13.02;1353;29;3711.00;182
9296;22;23490604;9296;584;10646;10828;4.48;0.27;345.61;13.02;1350;29;3712.00;182
9300;22;23490619;9300;582;10646;10828;4.47;0.27;345.68;13.02;1346;29;3713.00;182
9303;22;23490634;9303;579;10646;10829;4.45;0.27;345.67;13.02;1343;29;3714.00;183
9305;22;23490649;9305;578;10646;10829;4.44;0.27;345.68;13.02;1341;29;3715.00;183
9310;22;23490663;9310;571;10651;10835;4.42;0.27;345.77;13.01;1341;29;3716.00;184
9312;22;23490679;9312;575;10652;10836;4.42;0.27;345.83;13.01;1340;29;3717.00;184
9314;22;23490693;9314;576;10652;10836;4.39;0.27;345.87;13.01;1338;29;3718.00;184
9318;22;23490708;9318;585;10652;10836;4.33;0.26;345.80;13.01;1334;29;3719.00;184
9321;22;23490725;9321;588;10656;10841;4.27;0.26;345.76;13.01;1335;29;3720.00;185
9325;22;23490741;9325;594;10656;10841;4.24;0.26;345.88;13.01;1331;29;3721.00;185
9328;22;23490755;9328;580;10656;10841;4.25;0.26;345.88;13.01;1328;29;3722.00;185
9332;22;23490770;9332;567;10657;10842;4.22;0.26;346.00;13.01;1325;29;3723.00;185
9335;22;23490786;9335;564;10660;10846;4.26;0.26;346.06;13.00;1325;29;3724.00;186
9335;22;23490800;9335;560;10660;10846;4.29;0.26;346.06;13.00;1325;29;3725.00;186
9341;22;23490814;9341;554;10662;10849;4.29;0.26;346.18;13.00;1321;29;3726.00;187
9343;22;23490830;9343;555;10662;10849;4.27;0.26;346.27;13.00;1319;29;3727.00;187
9347;22;23490844;9347;557;10663;10849;4.23;0.26;346.32;13.00;1316;29;3728.00;186
9350;22;23490859;9350;557;10663;10849;4.18;0.25;346.41;13.00;1313;29;3729.00;186
9352;22;23490874;9352;554;10667;10853;4.21;0.25;346.50;12.99;1315;29;3730.00;186
9353;22;23490889;9353;542;10667;10853;4.25;0.26;346.60;12.99;1314;29;3731.00;186
9354;22;23490904;9354;530;10667;10853;4.30;0.26;346.63;12.99;1313;29;3732.00;186
9356;22;23490919;9356;524;10667;10853;4.32;0.26;346.69;12.99;1311;29;3733.00;186
9359;22;23490934;9359;508;10667;10854;4.37;0.26;346.84;12.99;1308;29;3734.00;187
9362;22;23490949;9362;508;10670;10856;4.41;0.27;346.98;13.04;1308;29;3735.00;186
9363;22;23490966;9363;501;10670;10856;4.44;0.27;347.06;13.04;1307;29;3736.00;186
9365;22;23490980;9365;499;10671;10857;4.48;0.27;347.14;13.04;1306;29;3737.00;186
9366;22;23490996;9366;503;10671;10857;4.50;0.27;347.22;13.04;1305;29;3738.00;186
9368;22;23491017;9368;504;10671;10857;4.49;0.27;347.28;13.04;1303;29;3739.00;186
9371;22;23491031;9371;505;10671;10857;4.46;0.27;347.37;13.04;1300;29;3740.00;186
9371;22;23491046;9371;511;10671;10857;4.47;0.27;347.37;13.04;1300;29;3741.00;186
9374;22;23491060;9374;510;10671;10857;4.43;0.27;347.42;13.04;1297;29;3742.00;186
9376;22;23491076;9376;512;10671;10857;4.41;0.27;347.43;13.04;1295;29;3743.00;186
9378;22;23491097;9378;546;10748;10984;4.55;0.28;347.43;12.94;1370;29;3744.00;236
9381;22;23491123;9381;530;10748;10985;4.55;0.28;347.51;12.94;1367;29;3745.00;237
9384;22;23491139;9384;516;10753;10985;4.62;0.29;347.60;12.94;1369;29;3746.00;232
9385;22;23491155;9385;508;10755;10985;4.69;0.29;347.59;12.94;1370;29;3747.00;230
9387;22;23491170;9387;506;10759;10985;4.75;0.29;347.66;12.93;1372;29;3748.00;226
9389;22;23491185;9389;506;10760;10985;4.78;0.30;347.65;12.93;1371;29;3749.00;225
9390;22;23491201;9390;510;10765;10990;4.80;0.30;347.67;12.93;1375;29;3750.00;225
9392;23;23491216;9392;517;10768;10990;4.85;0.30;347.65;12.93;1376;30;3751.00;222
9392;23;23491240;9392;528;10771;10991;4.88;0.30;347.65;12.92;1379;30;3752.00;220
9398;23;23491256;9398;523;10773;10992;4.89;0.30;347.75;12.92;1375;30;3753.00;219
9403;23;23491271;9403;516;10776;10992;4.92;0.30;347.76;12.92;1373;30;3754.00;216
9405;23;23491288;9405;514;10777;10993;4.91;0.30;347.81;12.92;1372;30;3755.00;216
9407;23;23491303;9407;508;10782;10993;4.92;0.30;347.89;12.92;1375;30;3756.00;211
9408;23;23491318;9408;507;10784;10993;4.94;0.30;347.88;12.92;1376;30;3757.00;209
9410;23;23491333;9410;516;10786;10993;4.91;0.30;347.89;12.92;1376;30;3758.00;207
9410;23;23491354;9410;514;10791;10997;4.92;0.30;347.89;12.92;1381;30;3759.00;206
9413;23;23491371;9413;511;10793;10997;4.89;0.30;347.98;12.92;1380;30;3760.00;204
9419;23;23491386;9419;514;10794;10997;4.84;0.30;348.15;12.92;1375;30;3761.00;203
9421;23;23491401;9421;516;10795;11000;4.82;0.30;348.12;12.92;1374;30;3762.00;205
9422;23;23491417;9422;519;10796;11000;4.81;0.30;348.14;12.96;1374;30;3763.00;204
9424;23;23491432;9424;519;10798;11000;4.83;0.30;348.22;12.96;1374;30;3764.00;202
9425;23;23491447;9425;514;10800;11004;4.83;0.30;348.27;12.96;1375;30;3765.00;204
9427;23;23491463;9427;509;10802;11005;4.86;0.30;348.27;12.96;1375;30;3766.00;203
9428;23;23491479;9428;503;10803;11005;4.84;0.30;348.29;12.96;1375;30;3767.00;202
9430;23;23491494;9430;497;10806;11009;4.89;0.30;348.29;12.96;1376;30;3768.00;203
9433;23;23491516;9433;487;10807;11009;4.94;0.30;348.23;12.96;1374;30;3769.00;202
9435;23;23491537;9435;483;10807;11009;4.94;0.30;348.34;12.96;1372;30;3770.00;202
9437;23;23491553;9437;475;10808;11010;5.01;0.31;348.28;12.96;1371;30;3771.00;202
9439;23;23491573;9439;463;10808;11010;5.03;0.31;348.32;12.96;1369;30;3772.00;202
9443;23;23491590;9443;454;10813;11016;5.03;0.31;348.38;12.95;1370;30;3773.00;203
9445;23;23491606;9445;455;10813;11016;5.03;0.31;348.40;12.95;1368;30;3774.00;203
9448;23;23491622;9448;443;10813;11017;5.01;0.31;348.37;12.95;1365;30;3775.00;204
9451;23;23491638;9451;443;10813;11017;4.97;0.30;348.39;12.95;1362;30;3776.00;204
9453;23;23491653;9453;441;10813;11017;4.94;0.30;348.36;12.95;1360;30;3777.00;204
9457;23;23491668;9457;429;10813;11017;4.87;0.30;348.48;12.95;1356;30;3778.00;204
9459;23;23491683;9459;418;10817;11017;4.84;0.30;348.53;13.11;1358;30;3779.00;200
9464;23;23491701;9464;413;10841;11053;4.91;0.30;348.69;13.09;1377;30;3780.00;212
9465;23;23491726;9465;406;10843;11053;4.90;0.30;348.68;13.08;1378;30;3781.00;210
9468;23;23491741;9468;405;10844;11053;4.85;0.30;348.72;13.08;1376;30;3782.00;209
9471;23;23491757;9471;401;10844;11053;4.85;0.30;348.78;13.08;1373;30;3783.00;209
9472;23;23491772;9472;399;10845;11053;4.82;0.30;348.79;13.08;1373;30;3784.00;208
9475;23;23491789;9475;407;10846;11053;4.81;0.29;348.95;13.08;1371;30;3785.00;207
9481;23;23491804;9481;405;10848;11057;4.78;0.29;349.03;13.08;1367;30;3786.00;209
9484;23;23491820;9484;409;10848;11057;4.77;0.29;349.22;13.08;1364;30;3787.00;209
9486;23;23491835;9486;408;10851;11061;4.79;0.29;349.33;13.08;1365;30;3788.00;210
9489;23;23491851;9489;401;10852;11062;4.77;0.29;349.39;13.07;1363;30;3789.00;210
9491;23;23491866;9491;400;10855;11062;4.72;0.29;349.45;13.12;1364;30;3790.00;207
9495;23;23491881;9495;404;10855;11062;4.67;0.29;349.53;13.12;1360;30;3791.00;207
9500;23;23491896;9500;416;10865;11075;4.65;0.28;349.60;13.11;1365;30;3792.00;210
9502;23;23491913;9502;407;10866;11075;4.64;0.28;349.75;13.11;1364;30;3793.00;209
9503;23;23491927;9503;415;10867;11075;4.61;0.28;349.81;13.11;1364;30;3794.00;208
9506;23;23491942;9506;415;10868;11076;4.61;0.28;349.82;13.11;1362;30;3795.00;208
9507;23;23491956;9507;428;10868;11077;4.58;0.28;349.81;13.11;1361;30;3796.00;209
9511;23;23491971;9511;437;10869;11077;4.53;0.28;349.92;13.11;1358;30;3797.00;208
9511;23;23491987;9511;444;10872;11080;4.49;0.28;349.92;13.10;1361;30;3798.00;208
9513;23;23492001;9513;453;10873;11080;4.47;0.27;350.01;13.10;1360;30;3799.00;207
9513;23;23492019;9513;456;10875;11080;4.42;0.27;350.01;13.10;1362;30;3800.00;205
9515;23;23492038;9515;465;10875;11080;4.33;0.27;350.13;13.10;1360;30;3801.00;205
9516;23;23492053;9516;465;10880;11086;4.35;0.27;350.11;13.14;1364;30;3802.00;206
9520;23;23492068;9520;477;10881;11086;4.28;0.26;350.06;13.14;1361;30;3803.00;205
9521;23;23492083;9521;491;10881;11086;4.25;0.26;350.09;13.14;1360;30;3804.00;205
9522;23;23492098;9522;483;10881;11086;4.22;0.26;350.09;13.14;1359;30;3805.00;205
9525;23;23492112;9525;484;10884;11090;4.19;0.26;350.11;13.14;1359;30;3806.00;206
9528;23;23492128;9528;489;10885;11091;4.19;0.26;350.22;13.14;1357;30;3807.00;206
9532;23;23492143;9532;492;10885;11091;4.16;0.25;350.27;13.14;1353;30;3808.00;206
9533;23;23492157;9533;485;10886;11092;4.16;0.25;350.25;13.14;1353;30;3809.00;206
9535;23;23492174;9535;495;10886;11092;4.10;0.25;350.19;13.14;1351;30;3810.00;206
9538;23;23492188;9538;509;10886;11092;4.05;0.25;350.20;13.14;1348;30;3811.00;206
9539;23;23492202;9539;505;10886;11092;4.06;0.25;350.19;13.14;1347;30;3812.00;206
9540;23;23492217;9540;521;10886;11092;4.04;0.25;350.17;13.14;1346;30;3813.00;206
9544;23;23492230;9544;525;10886;11092;4.00;0.25;350.07;13.14;1342;30;3814.00;206
9544;23;23492246;9544;528;10886;11092;3.96;0.24;350.07;13.14;1342;30;3815.00;206
9545;23;23492259;9545;537;10922;11162;4.16;0.26;350.09;13.15;1377;30;3816.00;240
9548;23;23492279;9548;540;10924;11163;4.11;0.25;350.10;13.15;1376;30;3817.00;239
9550;23;23492293;9550;542;10933;11163;4.14;0.25;350.11;13.14;1383;30;3818.00;230
9551;23;23492307;9551;546;10936;11163;4.12;0.25;350.14;13.14;1385;30;3819.00;227
9551;23;23492322;9551;543;10939;11163;4.09;0.25;350.14;13.14;1388;30;3820.00;224
9553;23;23492335;9553;546;10940;11163;4.04;0.25;350.09;13.13;1387;30;3821.00;223
9555;23;23492349;9555;560;10944;11163;4.03;0.25;350.07;13.13;1389;30;3822.00;219
9555;23;23492363;9555;563;10945;11163;4.01;0.25;350.07;13.13;1390;30;3823.00;218
9560;23;23492376;9560;562;10947;11164;3.91;0.24;350.04;13.13;1387;30;3824.00;217
9561;23;23492391;9561;555;10950;11166;3.88;0.24;350.01;13.13;1389;30;3825.00;216
9563;23;23492405;9563;563;10952;11166;3.84;0.23;350.00;13.13;1389;30;3826.00;214
9565;23;23492418;9565;558;10958;11170;3.84;0.23;350.00;13.12;1393;30;3827.00;212
9566;23;23492432;9566;560;10959;11170;3.78;0.23;349.98;13.12;1393;30;3828.00;211
9567;23;23492447;9567;563;10959;11170;3.72;0.23;349.95;13.12;1392;30;3829.00;211
9568;23;23492462;9568;576;10959;11170;3.69;0.23;349.91;13.12;1391;30;3830.00;211
9573;23;23492475;9573;573;10964;11176;3.70;0.23;350.02;13.12;1391;30;3831.00;212
9574;23;23492490;9574;574;10964;11176;3.69;0.23;350.06;13.12;1390;30;3832.00;212
9575;23;23492503;9575;574;10964;11176;3.65;0.22;350.04;13.12;1389;30;3833.00;212
9578;23;23492517;9578;580;10967;11179;3.63;0.22;350.02;13.11;1389;30;3834.00;212
9578;23;23492531;9578;560;10967;11179;3.64;0.22;350.02;13.11;1389;30;3835.00;212
9580;23;23492546;9580;554;10967;11179;3.65;0.22;349.98;13.11;1387;30;3836.00;212
9581;23;23492560;9581;557;10967;11180;3.65;0.22;349.99;13.11;1386;30;3837.00;213
9581;23;23492573;9581;555;10968;11181;3.70;0.22;349.99;13.11;1387;30;3838.00;213
9585;23;23492587;9585;558;10968;11181;3.68;0.22;349.91;13.11;1383;30;3839.00;213
9586;23;23492602;9586;559;10984;11207;3.73;0.23;349.88;13.09;1398;30;3840.00;223
9590;23;23492617;9590;553;10984;11207;3.71;0.23;349.94;13.09;1394;30;3841.00;223
9594;23;23492637;9594;559;10987;11207;3.74;0.23;349.98;13.09;1393;30;3842.00;220
9594;23;23492650;9594;562;10990;11208;3.80;0.23;349.98;13.09;1396;30;3843.00;218
9596;23;23492665;9596;561;10991;11208;3.79;0.23;349.99;13.09;1395;30;3844.00;217
9598;23;23492685;9598;558;10995;11212;3.79;0.23;350.00;13.08;1397;30;3845.00;217
9598;23;23492698;9598;553;10997;11214;3.79;0.23;350.00;13.08;1399;30;3846.00;217
9600;23;23492712;9600;556;11000;11218;3.78;0.23;350.02;13.08;1400;30;3847.00;218
9604;23;23492729;9604;556;11000;11218;3.73;0.23;349.98;13.08;1396;30;3848.00;218
9605;23;23492743;9605;557;11000;11218;3.71;0.23;349.99;13.08;1395;30;3849.00;218
9608;23;23492757;9608;545;11000;11218;3.70;0.23;350.00;13.08;1392;30;3850.00;218
9611;23;23492771;9611;536;11000;11218;3.73;0.23;349.98;13.08;1389;30;3851.00;218
9613;23;23492785;9613;530;11011;11230;3.84;0.23;349.95;13.06;1398;30;3852.00;219
9617;23;23492800;9617;532;11011;11230;3.87;0.24;349.96;13.06;1394;30;3853.00;219
9619;23;23492814;9619;529;11011;11230;3.93;0.24;349.94;13.06;1392;30;3854.00;219
9621;23;23492829;9621;522;11011;11230;3.97;0.24;349.97;13.06;1390;30;3855.00;219
9623;23;23492842;9623;523;11011;11230;3.95;0.24;350.05;13.06;1388;30;3856.00;219
9626;23;23492856;9626;511;11011;11230;3.98;0.24;350.11;13.06;1385;30;3857.00;219
9627;23;23492870;9627;509;11011;11231;4.00;0.24;350.13;13.06;1384;30;3858.00;220
9631;23;23492884;9631;497;11011;11231;3.99;0.24;350.14;13.06;1380;30;3859.00;220
9633;23;23492898;9633;496;11016;11237;4.05;0.25;350.09;13.06;1383;30;3860.00;221
9637;23;23492913;9637;491;11017;11238;4.07;0.25;350.17;13.06;1380;30;3861.00;221
9640;23;23492928;9640;476;11017;11238;4.11;0.25;350.21;13.06;1377;30;3862.00;221
9642;23;23492943;9642;479;11017;11238;4.14;0.25;350.21;13.06;1375;30;3863.00;221
9646;23;23492957;9646;464;11020;11242;4.18;0.25;350.22;13.05;1374;30;3864.00;222
9649;23;23492972;9649;460;11020;11242;4.22;0.26;350.32;13.05;1371;30;3865.00;222
9650;23;23492987;9650;462;11020;11242;4.31;0.26;350.33;13.05;1370;30;3866.00;222
9655;23;23493001;9655;451;11021;11243;4.37;0.27;350.49;13.05;1366;30;3867.00;222
9661;23;23493017;9661;443;11024;11247;4.40;0.27;350.57;13.05;1363;30;3868.00;223
9665;23;23493032;9665;443;11024;11247;4.41;0.27;350.62;13.05;1359;30;3869.00;223
9668;23;23493049;9668;442;11028;11253;4.48;0.27;350.57;13.04;1360;30;3870.00;225
9673;23;23493064;9673;432;11029;11253;4.47;0.27;350.80;13.04;1356;30;3871.00;224
9675;23;23493080;9675;440;11030;11253;4.49;0.27;350.77;13.04;1355;30;3872.00;223
9679;23;23493095;9679;441;11030;11253;4.48;0.27;350.84;13.04;1351;30;3873.00;223
9685;23;23493111;9685;437;11034;11257;4.48;0.27;350.92;13.04;1349;30;3874.00;223
9689;23;23493127;9689;434;11034;11257;4.47;0.27;350.92;13.04;1345;30;3875.00;223
9690;23;23493142;9690;436;11034;11257;4.48;0.27;350.93;13.04;1344;30;3876.00;223
9696;23;23493164;9696;434;11035;11257;4.40;0.27;351.06;13.08;1339;30;3877.00;222
9698;23;23493179;9698;430;11035;11258;4.40;0.27;351.06;13.08;1337;30;3878.00;223
9705;23;23493194;9705;426;11036;11259;4.39;0.27;351.16;13.08;1331;30;3879.00;223
9708;23;23493209;9708;428;11036;11259;4.36;0.27;351.13;13.08;1328;30;3880.00;223
9711;23;23493225;9711;425;11037;11260;4.40;0.27;351.18;13.08;1326;30;3881.00;223
9715;23;23493240;9715;428;11037;11260;4.41;0.27;351.36;13.08;1322;30;3882.00;223
9722;23;23493255;9722;432;11037;11260;4.42;0.27;351.37;13.08;1315;30;3883.00;223
9725;23;23493270;9725;426;11037;11260;4.47;0.27;351.41;13.08;1312;30;3884.00;223
9730;23;23493285;9730;429;11037;11260;4.51;0.27;351.55;13.08;1307;30;3885.00;223
9733;23;23493299;9733;431;11037;11260;4.55;0.28;351.52;13.08;1304;30;3886.00;223
9735;23;23493320;9735;436;11037;11260;4.56;0.28;351.68;13.08;1302;30;3887.00;223
9739;23;23493337;9739;452;11111;11387;4.85;0.30;351.80;12.99;1372;30;3888.00;276
9744;23;23493362;9744;442;11116;11388;4.87;0.30;351.84;12.99;1372;30;3889.00;272
9747;23;23493378;9747;444;11121;11388;4.92;0.30;351.92;12.98;1374;30;3890.00;267
9747;23;23493394;9747;435;11122;11388;4.93;0.30;351.92;12.98;1375;30;3891.00;266
9750;23;23493408;9750;439;11127;11388;4.90;0.30;352.05;12.98;1377;30;3892.00;261
9753;23;23493429;9753;432;11128;11388;4.86;0.30;352.05;13.03;1375;30;3893.00;260
9756;23;23493445;9756;434;11131;11388;4.82;0.30;352.08;13.02;1375;30;3894.00;257
9758;23;23493466;9758;439;11132;11388;4.77;0.29;352.09;13.02;1374;30;3895.00;256
9761;23;23493482;9761;444;11134;11389;4.70;0.29;352.20;13.02;1373;30;3896.00;255
9762;23;23493497;9762;438;11138;11390;4.70;0.29;352.19;13.02;1376;30;3897.00;252
9766;23;23493513;9766;435;11139;11390;4.69;0.29;352.28;13.02;1373;30;3898.00;251
9769;23;23493528;9769;443;11141;11391;4.70;0.29;352.40;13.02;1372;30;3899.00;250
9771;23;23493546;9771;456;11149;11406;4.73;0.29;352.39;13.01;1378;30;3900.00;257
9773;23;23493567;9773;460;11151;11406;4.76;0.29;352.49;13.01;1378;30;3901.00;255
9775;23;23493583;9775;463;11152;11406;4.78;0.29;352.49;13.01;1377;30;3902.00;254
9778;23;23493599;9778;464;11157;11410;4.82;0.30;352.58;13.01;1379;30;3903.00;253
9782;23;23493615;9782;472;11160;11410;4.84;0.30;352.76;13.01;1378;30;3904.00;250
9786;23;23493637;9786;475;11162;11410;4.83;0.30;352.91;13.01;1376;30;3905.00;248
9787;23;23493665;9787;469;11165;11413;4.85;0.30;352.98;13.01;1378;30;3906.00;248
9789;23;23493681;9789;466;11166;11413;4.88;0.30;352.94;13.01;1377;30;3907.00;247
9792;23;23493697;9792;459;11168;11413;4.85;0.30;353.02;13.06;1376;30;3908.00;245
9794;23;23493713;9794;455;11172;11417;4.89;0.30;353.09;13.05;1378;30;3909.00;245
9797;23;23493730;9797;456;11175;11418;4.94;0.30;353.19;13.10;1378;30;3910.00;243
9800;23;23493747;9800;454;11176;11418;4.93;0.30;353.33;13.09;1376;30;3911.00;242
9803;23;23493763;9803;452;11179;11422;4.97;0.30;353.40;13.09;1376;30;3912.00;243
9805;23;23493780;9805;442;11181;11422;4.99;0.31;353.51;13.09;1376;30;3913.00;241
9810;23;23493795;9810;442;11183;11422;5.00;0.31;353.61;13.13;1373;30;3914.00;239
9811;23;23493812;9811;443;11185;11424;5.00;0.31;353.58;13.13;1374;30;3915.00;239
9814;23;23493828;9814;447;11186;11424;5.00;0.30;353.64;13.13;1372;30;3916.00;238
9818;23;23493843;9818;441;11191;11430;5.02;0.31;353.73;13.17;1373;30;3917.00;239
9821;23;23493861;9821;435;11192;11430;5.03;0.31;353.83;13.17;1371;30;3918.00;238
9824;23;23493877;9824;445;11192;11431;5.03;0.31;353.86;13.17;1368;30;3919.00;239
9826;23;23493893;9826;438;11192;11431;4.96;0.30;353.85;13.17;1366;30;3920.00;239
9831;23;23493909;9831;432;11192;11431;4.89;0.30;354.02;13.17;1361;30;3921.00;239
9832;23;23493926;9832;437;11193;11431;4.84;0.29;353.99;13.17;1361;30;3922.00;238
9835;23;23493941;9835;438;11193;11431;4.83;0.29;354.16;13.17;1358;30;3923.00;238
9839;23;23493957;9839;434;11202;11443;4.82;0.29;354.24;13.16;1363;30;3924.00;241
9839;23;23493979;9839;437;11204;11443;4.85;0.30;354.24;13.16;1365;30;3925.00;239
9841;23;23493995;9841;443;11206;11443;4.87;0.30;354.21;13.16;1365;30;3926.00;237
9844;23;23494018;9844;444;11206;11443;4.86;0.30;354.28;13.16;1362;30;3927.00;237
9847;23;23494037;9847;443;11206;11443;4.84;0.29;354.37;13.16;1359;30;3928.00;237
9849;23;23494053;9849;450;11207;11443;4.84;0.30;354.34;13.16;1358;30;3929.00;236
9852;23;23494070;9852;452;11210;11447;4.82;0.29;354.41;13.16;1358;30;3930.00;237
9853;23;23494086;9853;455;11211;11447;4.79;0.29;354.45;13.16;1358;30;3931.00;236
9857;23;23494101;9857;456;11215;11451;4.78;0.29;354.46;13.15;1358;30;3932.00;236
9860;23;23494118;9860;466;11217;11452;4.72;0.29;354.57;13.19;1357;30;3933.00;235
9864;23;23494133;9864;468;11217;11452;4.64;0.28;354.61;13.19;1353;30;3934.00;235
9864;23;23494148;9864;473;11217;11452;4.61;0.28;354.61;13.19;1353;30;3935.00;235
9867;23;23494163;9867;472;11227;11465;4.61;0.28;354.67;13.18;1360;30;3936.00;238
9869;23;23494179;9869;478;11228;11465;4.57;0.28;354.75;13.18;1359;30;3937.00;237
9872;23;23494195;9872;474;11228;11465;4.54;0.28;354.78;13.18;1356;30;3938.00;237
9874;23;23494210;9874;478;11229;11466;4.55;0.28;354.77;13.18;1355;30;3939.00;237
9876;23;23494225;9876;470;11229;11467;4.54;0.28;354.84;13.18;1353;30;3940.00;238
9877;23;23494239;9877;466;11229;11467;4.56;0.28;354.90;13.18;1352;30;3941.00;238
9877;23;23494253;9877;469;11231;11470;4.62;0.28;354.90;13.18;1354;30;3942.00;239
9878;23;23494268;9878;471;11231;11470;4.61;0.28;354.88;13.18;1353;30;3943.00;239
9887;23;23494283;9887;472;11232;11470;4.54;0.28;355.13;13.18;1345;30;3944.00;238
9889;23;23494298;9889;469;11232;11470;4.50;0.28;355.12;13.18;1343;30;3945.00;238
9891;23;23494313;9891;462;11237;11476;4.53;0.28;355.13;13.17;1346;30;3946.00;239
9894;23;23494328;9894;466;11238;11476;4.56;0.28;355.23;13.21;1344;30;3947.00;238
9897;23;23494343;9897;472;11238;11476;4.56;0.28;355.29;13.21;1341;30;3948.00;238
9897;23;23494358;9897;473;11238;11476;4.57;0.28;355.29;13.21;1341;30;3949.00;238
9898;23;23494373;9898;473;11241;11480;4.57;0.28;355.30;13.20;1343;30;3950.00;239
9900;23;23494388;9900;469;11242;11481;4.59;0.28;355.31;13.20;1342;30;3951.00;239
9902;23;23494401;9902;463;11242;11481;4.58;0.28;355.29;13.20;1340;30;3952.00;239
9906;23;23494416;9906;464;11243;11482;4.62;0.28;355.31;13.20;1337;30;3953.00;239
9910;23;23494431;9910;455;11245;11482;4.61;0.28;355.43;13.33;1335;30;3954.00;237
9915;23;23494448;9915;451;11245;11482;4.55;0.28;355.46;13.33;1330;30;3955.00;237
9917;23;23494463;9917;456;11245;11482;4.50;0.28;355.45;13.33;1328;30;3956.00;237
9917;23;23494482;9917;452;11245;11482;4.52;0.28;355.45;13.33;1328;30;3957.00;237
9921;23;23494497;9921;459;11245;11482;4.49;0.28;355.50;13.33;1324;30;3958.00;237
9924;23;23494511;9924;452;11245;11482;4.45;0.27;355.53;13.33;1321;30;3959.00;237
9927;23;23494526;9927;462;11304;11607;4.72;0.29;355.45;13.26;1377;30;3960.00;303
9929;23;23494550;9929;459;11305;11608;4.73;0.29;355.47;13.26;1376;30;3961.00;303
9934;23;23494564;9934;463;11315;11608;4.77;0.30;355.47;13.25;1381;30;3962.00;293
9937;23;23494580;9937;462;11319;11608;4.81;0.30;355.45;13.25;1382;30;3963.00;289
9943;24;23494595;9943;468;11323;11608;4.80;0.30;355.45;13.24;1380;31;3964.00;285
9948;24;23494621;9948;465;11325;11608;4.75;0.29;355.44;13.24;1377;31;3965.00;283
9950;24;23494636;9950;476;11331;11608;4.76;0.29;355.44;13.24;1381;31;3966.00;277
9954;24;23494656;9954;472;11332;11608;4.75;0.29;355.35;13.24;1378;31;3967.00;276
9957;24;23494670;9957;472;11336;11609;4.71;0.29;355.35;13.24;1379;31;3968.00;273
9960;24;23494685;9960;481;11341;11610;4.66;0.29;355.35;13.23;1381;31;3969.00;269
9961;24;23494699;9961;483;11344;11610;4.61;0.28;355.32;13.23;1383;31;3970.00;266
9965;24;23494713;9965;491;11349;11614;4.57;0.28;355.26;13.23;1384;31;3971.00;265
9967;24;23494728;9967;498;11350;11614;4.51;0.28;355.22;13.23;1383;31;3972.00;264
9969;24;23494743;9969;493;11351;11614;4.46;0.27;355.19;13.23;1382;31;3973.00;263
9970;24;23494757;9970;498;11351;11614;4.38;0.27;355.16;13.23;1381;31;3974.00;263
9970;24;23494778;9970;503;11356;11620;4.37;0.27;355.16;13.22;1386;31;3975.00;264
9970;24;23494794;9970;518;11356;11620;4.34;0.27;355.16;13.22;1386;31;3976.00;264
9971;24;23494808;9971;522;11357;11620;4.32;0.26;355.16;13.22;1386;31;3977.00;263
9973;24;23494822;9973;530;11359;11623;4.28;0.26;355.16;13.22;1386;31;3978.00;264
9974;24;23494837;9974;536;11360;11623;4.25;0.26;355.19;13.22;1386;31;3979.00;263
9975;24;23494851;9975;553;11362;11623;4.22;0.26;355.19;13.29;1387;31;3980.00;261
9977;24;23494866;9977;556;11363;11624;4.15;0.25;355.16;13.29;1386;31;3981.00;261
9979;24;23494881;9979;559;11364;11625;4.15;0.25;355.25;13.29;1385;31;3982.00;261
9981;24;23494895;9981;571;11365;11625;4.12;0.25;355.19;13.36;1384;31;3983.00;260
9984;24;23494909;9984;575;11374;11638;4.11;0.25;355.14;13.35;1390;31;3984.00;264
9985;24;23494925;9985;579;11377;11638;4.07;0.25;355.12;13.42;1392;31;3985.00;261
9985;24;23494939;9985;581;11377;11638;4.08;0.25;355.12;13.42;1392;31;3986.00;261
9987;24;23494954;9987;582;11378;11639;4.07;0.25;355.15;13.42;1391;31;3987.00;261
9989;24;23494968;9989;578;11379;11639;4.07;0.25;355.18;13.49;1390;31;3988.00;260
9990;24;23494983;9990;578;11382;11643;4.08;0.25;355.18;13.49;1392;31;3989.00;261
9992;24;23494999;9992;582;11384;11643;4.04;0.25;355.19;13.63;1392;31;3990.00;259
9992;24;23495013;9992;592;11387;11647;4.03;0.25;355.19;13.62;1395;31;3991.00;260
9995;24;23495035;9995;581;11387;11647;4.01;0.24;355.17;13.62;1392;31;3992.00;260
9996;24;23495050;9996;573;11391;11647;4.02;0.25;355.23;13.83;1395;31;3993.00;256
9996;24;23495065;9996;567;11392;11647;4.02;0.25;355.23;13.90;1396;31;3994.00;255
9998;24;23495080;9998;561;11392;11647;4.04;0.25;355.22;13.90;1394;31;3995.00;255
9998;24;23495093;9998;566;11404;11659;4.08;0.25;355.22;14.02;1406;31;3996.00;255
9998;24;23495108;9998;556;11404;11659;4.09;0.25;355.22;14.02;1406;31;3997.00;255
10001;24;23495124;10001;560;11407;11659;4.06;0.25;355.17;14.15;1406;31;3998.00;252
10004;24;23495150;10004;557;11408;11659;4.05;0.25;355.14;14.15;1404;31;3999.00;251
10005;24;23495171;10005;560;11410;11659;4.08;0.25;355.17;14.29;1405;31;4000.00;249
10006;24;23495189;10006;554;11410;11659;4.07;0.25;355.16;14.29;1404;31;4001.00;249
10006;24;23495203;10006;566;11410;11660;4.08;0.25;355.16;14.29;1404;31;4002.00;250
10006;25;23495219;10006;562;11412;11660;4.06;0.25;355.16;14.42;1406;32;4003.00;248
10007;25;23495241;10007;564;11417;11666;4.10;0.25;355.17;14.41;1410;32;4004.00;249
10008;25;23495255;10008;563;11419;11668;4.12;0.25;355.20;14.41;1411;32;4005.00;249
10011;25;23495275;10011;568;11419;11668;4.12;0.25;355.18;14.41;1408;32;4006.00;249
10014;25;23495289;10014;572;11421;11668;4.13;0.25;355.16;14.54;1407;32;4007.00;247
10016;25;23495304;10016;579;11424;11672;4.16;0.25;355.16;14.54;1408;32;4008.00;248
10017;25;23495319;10017;582;11424;11672;4.13;0.25;355.17;14.54;1407;32;4009.00;248
10018;25;23495333;10018;585;11424;11672;4.18;0.25;355.14;14.54;1406;32;4010.00;248
10020;25;23495347;10020;593;11425;11673;4.18;0.25;355.12;14.54;1405;32;4011.00;248
10024;25;23495362;10024;592;11428;11677;4.17;0.25;355.13;14.53;1404;32;4012.00;249
10025;25;23495376;10025;592;11428;11677;4.21;0.26;355.19;14.53;1403;32;4013.00;249
10029;25;23495391;10029;603;11430;11680;4.21;0.26;355.30;14.53;1401;32;4014.00;250
10033;25;23495410;10033;605;11430;11680;4.16;0.25;355.25;14.53;1397;32;4015.00;250
10035;25;23495424;10035;607;11431;11680;4.12;0.25;355.27;14.53;1396;32;4016.00;249
10036;25;23495438;10036;610;11431;11680;4.10;0.25;355.26;14.53;1395;32;4017.00;249
10040;25;23495452;10040;619;11435;11684;4.07;0.25;355.20;14.52;1395;32;4018.00;249
10043;25;23495465;10043;621;11435;11684;4.04;0.25;355.34;14.52;1392;32;4019.00;249
10045;25;23495481;10045;618;11435;11684;4.00;0.24;355.32;14.52;1390;32;4020.00;249
10049;25;23495494;10049;622;11435;11684;3.94;0.24;355.47;14.52;1386;32;4021.00;249
10050;25;23495508;10050;622;11435;11685;3.95;0.24;355.56;14.52;1385;32;4022.00;250
10053;25;23495522;10053;617;11436;11686;3.92;0.24;355.51;14.52;1383;32;4023.00;250
10056;25;23495536;10056;611;11436;11686;3.89;0.24;355.57;14.52;1380;32;4024.00;250
10059;25;23495549;10059;593;11437;11687;3.93;0.24;355.63;14.52;1378;32;4025.00;250
10062;25;23495563;10062;586;11437;11687;3.95;0.24;355.58;14.52;1375;32;4026.00;250
10065;25;23495577;10065;575;11437;11687;4.00;0.25;355.77;14.52;1372;32;4027.00;250
10072;25;23495591;10072;561;11437;11687;4.03;0.25;355.79;14.52;1365;32;4028.00;250
10075;25;23495605;10075;558;11437;11687;4.08;0.25;355.81;14.52;1362;32;4029.00;250
10079;25;23495619;10079;552;11437;11687;4.12;0.25;355.89;14.52;1358;32;4030.00;250
10081;25;23495633;10081;551;11437;11687;4.17;0.26;355.87;14.52;1356;32;4031.00;250
10088;25;23495647;10088;563;11504;11814;4.43;0.27;356.08;14.44;1416;32;4032.00;310
10089;25;23495674;10089;545;11508;11815;4.49;0.28;356.06;14.43;1419;32;4033.00;307
10093;25;23495688;10093;529;11514;11815;4.52;0.28;356.12;14.43;1421;32;4034.00;301
10095;25;23495703;10095;523;11516;11815;4.57;0.28;356.12;14.42;1421;32;4035.00;299
10101;25;23495718;10101;512;11519;11815;4.56;0.28;356.16;14.42;1418;32;4036.00;296
10104;25;23495734;10104;511;11520;11815;4.55;0.28;356.30;14.42;1416;32;4037.00;295
10107;25;23495749;10107;503;11522;11815;4.51;0.28;356.46;14.42;1415;32;4038.00;293
10110;25;23495764;10110;505;11523;11815;4.50;0.28;356.45;14.42;1413;32;4039.00;292
10114;25;23495779;10114;505;11524;11816;4.50;0.28;356.50;14.42;1410;32;4040.00;292
10119;25;23495795;10119;504;11525;11817;4.49;0.28;356.63;14.42;1406;32;4041.00;292
10122;25;23495810;10122;506;11527;11817;4.49;0.28;356.77;14.42;1405;32;4042.00;290
10127;25;23495825;10127;509;11528;11818;4.48;0.28;357.02;14.42;1401;32;4043.00;290
10128;25;23495842;10128;516;11529;11818;4.52;0.28;357.01;14.42;1401;32;4044.00;289
10132;25;23495858;10132;511;11532;11818;4.51;0.28;357.13;14.42;1400;32;4045.00;286
10139;25;23495875;10139;513;11533;11818;4.47;0.27;357.17;14.42;1394;32;4046.00;285
10143;25;23495890;10143;520;11536;11822;4.46;0.27;357.13;14.41;1393;32;4047.00;286
10144;25;23495906;10144;513;11537;11822;4.49;0.27;357.13;14.41;1393;32;4048.00;285
10147;25;23495921;10147;518;11538;11822;4.49;0.27;357.21;14.41;1391;32;4049.00;284
10152;25;23495939;10152;520;11542;11828;4.48;0.27;357.18;14.41;1390;32;4050.00;286
10155;25;23495955;10155;516;11542;11828;4.46;0.27;357.28;14.41;1387;32;4051.00;286
10158;26;23495977;10158;518;11544;11828;4.46;0.27;357.38;14.41;1386;33;4052.00;284
10159;26;23496000;10159;520;11551;11832;4.50;0.27;357.39;14.40;1392;33;4053.00;281
10163;26;23496016;10163;515;11552;11833;4.51;0.27;357.51;14.40;1389;33;4054.00;281
10167;26;23496033;10167;509;11554;11833;4.52;0.28;357.53;14.40;1387;33;4055.00;279
10172;26;23496049;10172;510;11558;11837;4.51;0.27;357.64;14.40;1386;33;4056.00;279
10176;26;23496065;10176;509;11558;11837;4.53;0.28;357.78;14.40;1382;33;4057.00;279
10177;26;23496081;10177;511;11559;11837;4.59;0.28;357.82;14.40;1382;33;4058.00;278
10181;26;23496096;10181;509;11559;11838;4.62;0.28;357.88;14.40;1378;33;4059.00;279
10184;26;23496111;10184;505;11561;11838;4.62;0.28;357.91;14.41;1377;33;4060.00;277
10187;26;23496128;10187;511;11568;11844;4.61;0.28;357.92;14.40;1381;33;4061.00;276
10192;26;23496144;10192;508;11569;11844;4.58;0.28;358.00;14.40;1377;33;4062.00;275
10194;26;23496160;10194;505;11569;11845;4.56;0.28;358.05;14.40;1375;33;4063.00;276
10196;26;23496176;10196;509;11570;11845;4.54;0.28;358.02;14.40;1374;33;4064.00;275
10200;26;23496191;10200;511;11571;11845;4.51;0.27;358.10;14.41;1371;33;4065.00;274
10202;26;23496210;10202;510;11575;11845;4.49;0.27;358.13;14.45;1373;33;4066.00;270
10205;26;23496226;10205;509;11576;11845;4.45;0.27;358.23;14.45;1371;33;4067.00;269
10210;26;23496241;10210;515;11584;11857;4.36;0.27;358.34;14.44;1374;33;4068.00;273
10212;26;23496258;10212;524;11586;11857;4.30;0.26;358.36;14.44;1374;33;4069.00;271
10214;26;23496274;10214;521;11586;11857;4.30;0.26;358.41;14.44;1372;33;4070.00;271
10220;26;23496291;10220;532;11587;11857;4.26;0.26;358.55;14.44;1367;33;4071.00;270
10224;26;23496305;10224;524;11589;11857;4.24;0.26;358.56;14.44;1365;33;4072.00;268
10225;26;23496321;10225;520;11589;11857;4.29;0.26;358.58;14.44;1364;33;4073.00;268
10228;26;23496336;10228;519;11595;11861;4.30;0.26;358.63;14.44;1367;33;4074.00;266
10231;26;23496351;10231;513;11595;11861;4.33;0.26;358.65;14.44;1364;33;4075.00;266
10234;26;23496367;10234;513;11599;11865;4.39;0.27;358.70;14.44;1365;33;4076.00;266
10239;26;23496384;10239;518;11600;11866;4.41;0.27;358.95;14.44;1361;33;4077.00;266
10241;26;23496400;10241;525;11600;11866;4.46;0.27;358.96;14.44;1359;33;4078.00;266
10244;26;23496414;10244;528;11600;11866;4.50;0.27;358.97;14.44;1356;33;4079.00;266
10245;26;23496431;10245;537;11622;11895;4.55;0.28;358.99;14.41;1377;33;4080.00;273
10249;26;23496455;10249;521;11622;11895;4.53;0.28;359.02;14.41;1373;33;4081.00;273
10253;26;23496471;10253;519;11625;11895;4.54;0.28;359.07;14.45;1372;33;4082.00;270
10255;26;23496486;10255;517;11626;11896;4.53;0.28;359.05;14.45;1371;33;4083.00;270
10257;26;23496504;10257;524;11626;11897;4.55;0.28;359.04;14.45;1369;33;4084.00;271
10260;26;23496520;10260;533;11626;11897;4.55;0.28;359.02;14.45;1366;33;4085.00;271
10263;26;23496536;10263;529;11628;11900;4.60;0.28;359.04;14.44;1365;33;4086.00;272
10267;26;23496552;10267;528;11629;11900;4.59;0.28;359.06;14.44;1362;33;4087.00;271
10267;26;23496567;10267;534;11629;11900;4.59;0.28;359.06;14.44;1362;33;4088.00;271
10268;26;23496583;10268;542;11629;11900;4.55;0.28;359.06;14.44;1361;33;4089.00;271
10272;26;23496598;10272;550;11634;11906;4.50;0.28;359.15;14.44;1362;33;4090.00;272
10275;26;23496613;10275;540;11634;11906;4.45;0.27;359.20;14.44;1359;33;4091.00;272
10277;26;23496630;10277;542;11634;11906;4.41;0.27;359.35;14.44;1357;33;4092.00;272
10282;26;23496651;10282;539;11634;11906;4.36;0.27;359.52;14.44;1352;33;4093.00;272
10286;26;23496667;10286;533;11637;11910;4.31;0.26;359.73;14.43;1351;33;4094.00;273
10289;26;23496683;10289;535;11639;11912;4.30;0.26;359.81;14.43;1350;33;4095.00;273
10291;26;23496698;10291;531;11639;11912;4.27;0.26;359.84;14.43;1348;33;4096.00;273
10292;26;23496712;10292;535;11641;11913;4.26;0.26;359.86;14.47;1349;33;4097.00;272
10297;26;23496728;10297;542;11641;11913;4.24;0.26;360.07;14.47;1344;33;4098.00;272
10299;26;23496745;10299;547;11642;11913;4.25;0.26;360.06;14.47;1343;33;4099.00;271
10300;26;23496760;10300;541;11642;11913;4.26;0.26;360.08;14.47;1342;33;4100.00;271
10303;26;23496780;10303;543;11642;11913;4.24;0.26;360.14;14.47;1339;33;4101.00;271
10304;26;23496796;10304;544;11642;11913;4.25;0.26;360.18;14.47;1338;33;4102.00;271
10306;26;23496809;10306;553;11642;11913;4.26;0.26;360.27;14.47;1336;33;4103.00;271
10309;26;23496824;10309;575;11680;11983;4.26;0.26;360.25;14.42;1371;33;4104.00;303
10311;26;23496845;10311;563;11682;11984;4.27;0.26;360.34;14.42;1371;33;4105.00;302
10314;26;23496860;10314;563;11688;11984;4.31;0.26;360.35;14.42;1374;33;4106.00;296
10314;26;23496875;10314;570;11688;11984;4.34;0.27;360.35;14.42;1374;33;4107.00;296
10317;26;23496890;10317;573;11692;11984;4.38;0.27;360.38;14.41;1375;33;4108.00;292
10318;26;23496904;10318;582;11695;11984;4.43;0.27;360.39;14.41;1377;33;4109.00;289
10320;26;23496920;10320;589;11698;11984;4.46;0.27;360.42;14.41;1378;33;4110.00;286
10320;26;23496934;10320;594;11701;11984;4.51;0.28;360.42;14.41;1381;33;4111.00;283
10323;26;23496950;10323;602;11703;11985;4.50;0.28;360.49;14.40;1380;33;4112.00;282
10324;26;23496966;10324;602;11704;11986;4.49;0.27;360.50;14.40;1380;33;4113.00;282
10325;26;23496981;10325;608;11707;11986;4.49;0.27;360.55;14.40;1382;33;4114.00;279
10330;26;23496995;10330;605;11713;11990;4.49;0.27;360.52;14.44;1383;33;4115.00;277
10333;26;23497010;10333;598;11714;11990;4.47;0.27;360.53;14.44;1381;33;4116.00;276
10336;26;23497031;10336;598;11714;11990;4.47;0.27;360.49;14.44;1378;33;4117.00;276
10342;26;23497047;10342;605;11714;11990;4.43;0.27;360.50;14.44;1372;33;4118.00;276
10345;26;23497062;10345;604;11719;11996;4.44;0.27;360.53;14.43;1374;33;4119.00;277
10346;26;23497077;10346;593;11719;11996;4.45;0.27;360.61;14.43;1373;33;4120.00;277
10346;26;23497093;10346;595;11719;11996;4.48;0.27;360.61;14.43;1373;33;4121.00;277
10348;26;23497107;10348;589;11721;11999;4.50;0.27;360.67;14.43;1373;33;4122.00;278
10349;26;23497123;10349;592;11722;11999;4.56;0.28;360.68;14.43;1373;33;4123.00;277
10353;26;23497138;10353;588;11722;11999;4.57;0.28;360.72;14.43;1369;33;4124.00;277
10355;26;23497154;10355;581;11722;12000;4.57;0.28;360.68;14.43;1367;33;4125.00;278
10357;26;23497168;10357;583;11723;12001;4.58;0.28;360.63;14.43;1366;33;4126.00;278
10359;26;23497183;10359;580;11723;12001;4.59;0.28;360.61;14.43;1364;33;4127.00;278
10362;26;23497198;10362;592;11733;12014;4.53;0.28;360.55;14.42;1371;33;4128.00;281
10366;26;23497213;10366;587;11733;12014;4.48;0.27;360.51;14.42;1367;33;4129.00;281
10369;26;23497229;10369;591;11733;12014;4.46;0.27;360.47;14.42;1364;33;4130.00;281
10370;26;23497243;10370;600;11735;12015;4.45;0.27;360.45;14.46;1365;33;4131.00;280
10373;26;23497259;10373;598;11735;12015;4.39;0.27;360.56;14.46;1362;33;4132.00;280
10376;26;23497273;10376;593;11740;12019;4.42;0.27;360.56;14.45;1364;33;4133.00;279
10379;26;23497289;10379;591;11740;12019;4.38;0.27;360.63;14.45;1361;33;4134.00;279
10379;26;23497303;10379;590;11743;12023;4.37;0.27;360.63;14.45;1364;33;4135.00;280
10382;26;23497318;10382;588;11743;12023;4.33;0.26;360.61;14.45;1361;33;4136.00;280
10382;26;23497339;10382;592;11743;12023;4.34;0.27;360.61;14.45;1361;33;4137.00;280
10385;26;23497353;10385;588;11743;12023;4.35;0.27;360.64;14.45;1358;33;4138.00;280
10387;26;23497368;10387;598;11743;12023;4.35;0.27;360.62;14.45;1356;33;4139.00;280
10390;26;23497383;10390;607;11764;12057;4.45;0.27;360.58;14.47;1374;33;4140.00;293
10391;26;23497401;10391;601;11766;12057;4.40;0.27;360.58;14.61;1375;33;4141.00;291
10395;26;23497418;10395;596;11769;12057;4.41;0.27;360.49;14.61;1374;33;4142.00;288
10399;26;23497432;10399;605;11770;12057;4.40;0.27;360.58;14.66;1371;33;4143.00;287
10402;26;23497446;10402;614;11771;12057;4.41;0.27;360.51;14.66;1369;33;4144.00;286
10403;26;23497460;10403;621;11771;12057;4.45;0.27;360.49;14.66;1368;33;4145.00;286
10405;26;23497475;10405;617;11771;12058;4.44;0.27;360.44;14.66;1366;33;4146.00;287
10407;26;23497489;10407;623;11773;12058;4.40;0.27;360.43;14.70;1366;33;4147.00;285
10408;26;23497503;10408;619;11777;12064;4.41;0.27;360.40;14.70;1369;33;4148.00;287
10412;26;23497517;10412;607;11778;12065;4.43;0.27;360.36;14.69;1366;33;4149.00;287
10413;26;23497532;10413;602;11778;12065;4.41;0.27;360.33;14.69;1365;33;4150.00;287
10416;26;23497547;10416;604;11780;12065;4.37;0.27;360.31;14.69;1364;33;4151.00;285
10419;26;23497562;10419;606;11783;12069;4.38;0.27;360.35;14.69;1364;33;4152.00;286
10420;26;23497577;10420;612;11783;12069;4.35;0.27;360.31;14.69;1363;33;4153.00;286
10420;26;23497592;10420;613;11785;12069;4.34;0.27;360.31;14.69;1365;33;4154.00;284
10421;26;23497606;10421;615;11786;12070;4.36;0.27;360.29;14.69;1365;33;4155.00;284
10422;26;23497626;10422;627;11790;12074;4.35;0.27;360.37;14.68;1368;33;4156.00;284
10424;26;23497641;10424;626;11790;12074;4.33;0.27;360.38;14.68;1366;33;4157.00;284
10426;26;23497655;10426;623;11792;12077;4.34;0.27;360.39;14.68;1366;33;4158.00;285
10427;26;23497671;10427;636;11792;12077;4.32;0.26;360.42;14.68;1365;33;4159.00;285
10429;26;23497685;10429;637;11793;12077;4.28;0.26;360.47;14.68;1364;33;4160.00;284
10429;26;23497705;10429;635;11793;12077;4.30;0.26;360.47;14.68;1364;33;4161.00;284
10431;26;23497719;10431;635;11797;12081;4.33;0.26;360.43;14.68;1366;33;4162.00;284
10432;26;23497736;10432;637;11797;12081;4.38;0.27;360.46;14.68;1365;33;4163.00;284
10433;26;23497750;10433;633;11797;12081;4.40;0.27;360.48;14.68;1364;33;4164.00;284
10434;26;23497764;10434;633;11797;12081;4.46;0.27;360.46;14.68;1363;33;4165.00;284
10437;26;23497778;10437;624;11797;12082;4.49;0.27;360.44;14.68;1360;33;4166.00;285
10437;26;23497793;10437;629;11798;12083;4.56;0.28;360.44;14.68;1361;33;4167.00;285
10440;26;23497808;10440;624;11798;12083;4.58;0.28;360.48;14.68;1358;33;4168.00;285
10441;26;23497822;10441;624;11799;12084;4.58;0.28;360.46;14.67;1358;33;4169.00;285
10442;26;23497838;10442;621;11799;12084;4.60;0.28;360.44;14.67;1357;33;4170.00;285
10447;26;23497853;10447;621;11799;12084;4.59;0.28;360.34;14.67;1352;33;4171.00;285
10450;26;23497873;10450;615;11799;12084;4.55;0.28;360.45;14.67;1349;33;4172.00;285
10453;26;23497887;10453;620;11801;12086;4.51;0.27;360.54;14.67;1348;33;4173.00;285
10456;26;23497901;10456;611;11801;12086;4.50;0.27;360.77;14.67;1345;33;4174.00;285
10458;26;23497915;10458;609;11801;12086;4.48;0.27;360.86;14.67;1343;33;4175.00;285
10459;26;23497929;10459;620;11866;12213;4.75;0.29;360.89;14.59;1407;33;4176.00;347
10462;26;23497953;10462;614;11869;12214;4.78;0.29;360.97;14.59;1407;33;4177.00;345
10464;26;23497968;10464;609;11876;12214;4.81;0.30;361.05;14.58;1412;33;4178.00;338
10466;26;23497982;10466;609;11883;12214;4.82;0.30;361.15;14.57;1417;33;4179.00;331
10467;26;23497997;10467;600;11888;12214;4.83;0.30;361.13;14.57;1421;33;4180.00;326
10468;26;23498011;10468;598;11892;12214;4.78;0.29;361.14;14.57;1424;33;4181.00;322
10469;26;23498030;10469;600;11894;12214;4.79;0.29;361.12;14.56;1425;33;4182.00;320
10469;26;23498046;10469;604;11897;12214;4.80;0.29;361.12;14.56;1428;33;4183.00;317
10472;26;23498062;10472;609;11899;12215;4.78;0.29;361.19;14.56;1427;33;4184.00;316
10473;26;23498077;10473;606;11901;12217;4.78;0.29;361.28;14.56;1428;33;4185.00;316
10475;26;23498093;10475;604;11904;12217;4.82;0.30;361.38;14.56;1429;33;4186.00;313
10476;26;23498108;10476;612;11905;12218;4.83;0.30;361.35;14.56;1429;33;4187.00;313
10484;27;23498123;10484;616;11907;12218;4.75;0.29;361.54;14.56;1423;34;4188.00;311
10488;27;23498145;10488;618;11908;12218;4.73;0.29;361.56;14.56;1420;34;4189.00;310
10492;27;23498160;10492;626;11911;12218;4.68;0.29;361.65;14.56;1419;34;4190.00;307
10496;27;23498175;10496;632;11916;12222;4.66;0.29;361.71;14.56;1420;34;4191.00;306
10501;27;23498191;10501;637;11917;12222;4.66;0.28;361.73;14.55;1416;34;4192.00;305
10504;27;23498210;10504;639;11917;12222;4.65;0.28;361.73;14.55;1413;34;4193.00;305
10507;27;23498224;10507;638;11918;12225;4.63;0.28;361.75;14.55;1411;34;4194.00;307
10511;27;23498239;10511;644;11918;12225;4.62;0.28;361.80;14.55;1407;34;4195.00;307
10517;27;23498260;10517;647;11918;12225;4.59;0.28;361.87;14.55;1401;34;4196.00;307
10523;27;23498280;10523;656;11921;12229;4.53;0.28;362.01;14.55;1398;34;4197.00;308
10525;27;23498295;10525;658;11922;12230;4.50;0.27;361.96;14.55;1397;34;4198.00;308
10532;27;23498315;10532;654;11922;12230;4.41;0.27;362.06;14.55;1390;34;4199.00;308
10535;27;23498331;10535;650;11932;12264;4.43;0.27;362.24;14.54;1397;34;4200.00;332
10538;27;23498353;10538;641;11934;12264;4.45;0.27;362.37;14.53;1396;34;4201.00;330
10541;27;23498369;10541;646;11935;12264;4.45;0.27;362.42;14.53;1394;34;4202.00;329
10545;27;23498384;10545;636;11935;12265;4.45;0.27;362.52;14.53;1390;34;4203.00;330
10547;27;23498398;10547;636;11935;12265;4.45;0.27;362.61;14.53;1388;34;4204.00;330
10552;27;23498412;10552;633;11939;12271;4.47;0.27;362.76;14.53;1387;34;4205.00;332
10553;27;23498428;10553;625;11941;12271;4.47;0.27;362.75;14.53;1388;34;4206.00;330
10558;27;23498443;10558;614;11941;12272;4.50;0.27;362.89;14.53;1383;34;4207.00;331
10560;27;23498458;10560;611;11942;12272;4.52;0.28;362.95;14.53;1382;34;4208.00;330
10563;27;23498473;10563;601;11942;12272;4.51;0.27;362.98;14.53;1379;34;4209.00;330
10565;27;23498489;10565;589;11942;12272;4.56;0.28;363.00;14.53;1377;34;4210.00;330
10567;27;23498504;10567;590;11945;12272;4.60;0.28;363.04;14.53;1378;34;4211.00;327
10571;27;23498525;10571;581;11951;12284;4.67;0.28;363.15;14.52;1380;34;4212.00;333
10575;27;23498541;10575;582;11951;12284;4.67;0.28;363.20;14.52;1376;34;4213.00;333
10577;27;23498563;10577;567;11953;12284;4.74;0.29;363.23;14.52;1376;34;4214.00;331
10580;27;23498578;10580;564;11953;12284;4.75;0.29;363.25;14.52;1373;34;4215.00;331
10583;27;23498593;10583;558;11954;12284;4.77;0.29;363.33;14.52;1371;34;4216.00;330
10588;27;23498610;10588;562;11955;12284;4.74;0.29;363.37;14.52;1367;34;4217.00;329
10594;27;23498625;10594;559;11959;12288;4.73;0.29;363.42;14.52;1365;34;4218.00;329
10595;27;23498641;10595;559;11961;12288;4.76;0.29;363.48;14.52;1366;34;4219.00;327
10598;27;23498656;10598;557;11963;12292;4.79;0.29;363.51;14.52;1365;34;4220.00;329
10603;27;23498677;10603;559;11964;12293;4.78;0.29;363.46;14.52;1361;34;4221.00;329
10605;27;23498694;10605;560;11965;12293;4.76;0.29;363.45;14.52;1360;34;4222.00;328
10609;27;23498710;10609;570;11966;12293;4.75;0.29;363.68;14.52;1357;34;4223.00;327
10614;27;23498726;10614;575;11976;12306;4.73;0.29;363.72;14.52;1362;34;4224.00;330
10616;27;23498743;10616;576;11976;12306;4.70;0.28;363.84;14.52;1360;34;4225.00;330
10624;27;23498757;10624;588;11976;12306;4.61;0.28;363.96;14.52;1352;34;4226.00;330
10627;27;23498773;10627;584;11979;12307;4.58;0.28;364.00;14.52;1352;34;4227.00;328
10630;27;23498788;10630;590;11980;12308;4.54;0.28;363.98;14.52;1350;34;4228.00;328
10633;27;23498803;10633;595;11980;12308;4.51;0.27;364.10;14.52;1347;34;4229.00;328
10635;27;23498820;10635;600;11986;12314;4.53;0.27;364.20;14.52;1351;34;4230.00;328
10639;27;23498834;10639;603;11987;12314;4.55;0.28;364.29;14.52;1348;34;4231.00;327
10641;27;23498851;10641;608;11988;12314;4.55;0.28;364.29;14.53;1347;34;4232.00;326
10644;27;23498872;10644;612;11989;12314;4.58;0.28;364.47;14.53;1345;34;4233.00;325
10646;27;23498886;10646;611;11995;12320;4.64;0.28;364.49;14.53;1349;34;4234.00;325
10650;27;23498903;10650;612;11997;12320;4.58;0.28;364.66;14.53;1347;34;4235.00;323
10654;27;23498918;10654;613;11999;12320;4.56;0.28;364.85;14.53;1345;34;4236.00;321
10656;27;23498933;10656;602;12000;12320;4.57;0.28;364.84;14.53;1344;34;4237.00;320
10659;27;23498948;10659;608;12003;12324;4.54;0.28;364.92;14.53;1344;34;4238.00;321
10663;27;23498964;10663;605;12005;12325;4.53;0.28;364.96;14.53;1342;34;4239.00;320
10665;27;23498979;10665;602;12007;12325;4.53;0.28;364.97;14.53;1342;34;4240.00;318
10670;27;23498994;10670;596;12009;12326;4.46;0.27;365.02;14.53;1339;34;4241.00;317
10674;27;23499009;10674;603;12010;12326;4.36;0.27;365.04;14.53;1336;34;4242.00;316
10679;27;23499028;10679;604;12011;12326;4.28;0.26;365.09;14.53;1332;34;4243.00;315
10683;27;23499045;10683;614;12011;12326;4.19;0.25;365.21;14.53;1328;34;4244.00;315
10684;27;23499061;10684;619;12012;12326;4.11;0.25;365.22;14.53;1328;34;4245.00;314
10688;27;23499075;10688;628;12013;12326;4.02;0.25;365.30;14.53;1325;34;4246.00;313
10692;27;23499089;10692;612;12013;12326;3.97;0.24;365.32;14.53;1321;34;4247.00;313
10694;27;23499104;10694;614;12052;12396;4.05;0.25;365.27;14.48;1358;34;4248.00;344
10698;27;23499124;10698;605;12054;12397;4.09;0.25;365.33;14.48;1356;34;4249.00;343
10700;27;23499139;10700;595;12058;12397;4.20;0.26;365.42;14.48;1358;34;4250.00;339
10702;27;23499154;10702;597;12059;12397;4.26;0.26;365.51;14.48;1357;34;4251.00;338
10707;27;23499169;10707;598;12064;12397;4.36;0.27;365.62;14.48;1357;34;4252.00;333
10708;27;23499185;10708;595;12065;12397;4.38;0.27;365.59;14.48;1357;34;4253.00;332
10712;27;23499200;10712;600;12070;12397;4.41;0.27;365.74;14.48;1358;34;4254.00;327
10714;27;23499215;10714;610;12074;12397;4.45;0.27;365.74;14.47;1360;34;4255.00;323
10717;27;23499231;10717;600;12077;12398;4.47;0.27;365.96;14.47;1360;34;4256.00;321
10720;27;23499248;10720;591;12080;12399;4.43;0.27;365.93;14.47;1360;34;4257.00;319
10722;27;23499264;10722;589;12080;12399;4.37;0.27;365.97;14.47;1358;34;4258.00;319
10725;27;23499279;10725;601;12083;12403;4.30;0.26;366.15;14.47;1358;34;4259.00;320
10726;27;23499298;10726;603;12085;12403;4.29;0.26;366.20;14.47;1359;34;4260.00;318
10728;27;23499313;10728;607;12085;12403;4.27;0.26;366.22;14.47;1357;34;4261.00;318
10728;27;23499329;10728;620;12085;12403;4.30;0.26;366.22;14.47;1357;34;4262.00;318
10730;27;23499344;10730;623;12090;12409;4.35;0.26;366.21;14.46;1360;34;4263.00;319
10733;27;23499360;10733;629;12090;12409;4.34;0.26;366.21;14.46;1357;34;4264.00;319
10737;27;23499376;10737;628;12090;12409;4.36;0.27;366.34;14.46;1353;34;4265.00;319
10739;27;23499392;10739;628;12092;12412;4.37;0.27;366.44;14.46;1353;34;4266.00;320
10743;27;23499409;10743;621;12093;12412;4.39;0.27;366.51;14.46;1350;34;4267.00;319
10745;27;23499425;10745;613;12093;12412;4.39;0.27;366.51;14.46;1348;34;4268.00;319
10746;27;23499441;10746;615;12093;12413;4.41;0.27;366.53;14.46;1347;34;4269.00;320
10746;27;23499457;10746;617;12094;12414;4.46;0.27;366.53;14.46;1348;34;4270.00;320
10749;27;23499472;10749;615;12094;12414;4.46;0.27;366.50;14.46;1345;34;4271.00;320
10750;27;23499487;10750;611;12103;12427;4.48;0.27;366.51;14.44;1353;34;4272.00;324
10752;27;23499503;10752;605;12103;12427;4.49;0.27;366.49;14.44;1351;34;4273.00;324
10754;27;23499518;10754;609;12103;12427;4.49;0.27;366.50;14.44;1349;34;4274.00;324
10758;27;23499534;10758;608;12105;12429;4.48;0.27;366.50;14.44;1347;34;4275.00;324
10759;27;23499551;10759;616;12105;12429;4.47;0.27;366.51;14.44;1346;34;4276.00;324
10762;27;23499566;10762;606;12109;12433;4.45;0.27;366.61;14.44;1347;34;4277.00;324
10764;27;23499582;10764;606;12109;12433;4.39;0.27;366.57;14.44;1345;34;4278.00;324
10766;27;23499597;10766;613;12112;12437;4.30;0.26;366.61;14.43;1346;34;4279.00;325
10767;27;23499611;10767;614;12112;12437;4.26;0.26;366.58;14.43;1345;34;4280.00;325
10769;27;23499626;10769;609;12112;12437;4.25;0.26;366.60;14.43;1343;34;4281.00;325
10770;27;23499641;10770;615;12112;12437;4.23;0.26;366.63;14.43;1342;34;4282.00;325
10773;27;23499654;10773;609;12112;12437;4.21;0.26;366.59;14.43;1339;35;4283.00;325
10775;27;23499673;10775;599;12121;12449;4.19;0.26;366.53;14.42;1346;35;4284.00;328
10777;27;23499688;10777;616;12121;12449;4.19;0.25;366.52;14.42;1344;35;4285.00;328
10778;27;23499703;10778;611;12123;12449;4.23;0.26;366.49;14.42;1345;35;4286.00;326
10779;27;23499716;10779;614;12123;12449;4.21;0.26;366.47;14.42;1344;35;4287.00;326
10783;27;23499730;10783;618;12123;12449;4.21;0.26;366.52;14.42;1340;35;4288.00;326
10784;27;23499745;10784;620;12123;12449;4.23;0.26;366.57;14.42;1339;35;4289.00;326
10787;27;23499761;10787;613;12123;12450;4.22;0.26;366.55;14.42;1336;35;4290.00;327
10788;27;23499775;10788;613;12123;12450;4.24;0.26;366.56;14.42;1335;35;4291.00;327
10791;27;23499790;10791;613;12128;12456;4.30;0.26;366.51;14.42;1337;35;4292.00;328
10794;27;23499805;10794;606;12129;12457;4.30;0.26;366.47;14.41;1335;35;4293.00;328
10797;27;23499819;10797;603;12129;12457;4.25;0.26;366.46;14.41;1332;35;4294.00;328
10800;27;23499834;10800;595;12129;12457;4.25;0.26;366.45;14.41;1329;35;4295.00;328
10801;27;23499848;10801;592;12131;12461;4.31;0.26;366.43;14.41;1330;35;4296.00;330
10803;27;23499863;10803;592;12131;12461;4.31;0.26;366.42;14.41;1328;35;4297.00;330
10807;27;23499877;10807;589;12131;12461;4.35;0.26;366.37;14.41;1324;35;4298.00;330
10809;27;23499891;10809;583;12132;12462;4.39;0.27;366.34;14.41;1323;35;4299.00;330
10812;27;23499905;10812;581;12135;12466;4.41;0.27;366.27;14.41;1323;35;4300.00;331
10814;27;23499924;10814;571;12135;12466;4.42;0.27;366.27;14.41;1321;35;4301.00;331
10816;27;23499938;10816;574;12137;12469;4.44;0.27;366.23;14.41;1321;35;4302.00;332
10817;27;23499952;10817;569;12137;12469;4.42;0.27;366.22;14.41;1320;35;4303.00;332
10818;27;23499965;10818;559;12138;12469;4.41;0.27;366.21;14.40;1320;35;4304.00;331
10819;27;23499984;10819;553;12138;12469;4.41;0.27;366.20;14.40;1319;35;4305.00;331
10819;27;23499998;10819;542;12142;12473;4.45;0.27;366.20;14.40;1323;35;4306.00;331
10820;27;23500015;10820;527;12142;12473;4.48;0.27;366.19;14.40;1322;35;4307.00;331
10823;27;23500034;10823;511;12142;12473;4.50;0.27;366.14;14.40;1319;35;4308.00;331
10825;27;23500050;10825;504;12142;12473;4.55;0.28;366.11;14.40;1317;35;4309.00;331
10826;27;23500065;10826;494;12142;12474;4.58;0.28;366.10;14.40;1316;35;4310.00;332
10827;27;23500080;10827;482;12143;12475;4.63;0.28;366.16;14.40;1316;35;4311.00;332
10829;27;23500095;10829;481;12143;12475;4.64;0.28;366.15;14.40;1314;35;4312.00;332
10831;27;23500115;10831;472;12145;12476;4.68;0.28;366.15;14.40;1314;35;4313.00;331
10832;27;23500130;10832;474;12145;12476;4.71;0.28;366.13;14.40;1313;35;4314.00;331
10832;27;23500145;10832;486;12145;12476;4.75;0.29;366.13;14.40;1313;35;4315.00;331
10834;27;23500160;10834;482;12147;12476;4.80;0.29;366.18;14.50;1313;35;4316.00;329
10836;27;23500175;10836;483;12147;12476;4.87;0.29;366.16;14.50;1311;35;4317.00;329
10839;27;23500190;10839;485;12148;12476;4.90;0.30;366.18;14.50;1309;35;4318.00;328
10840;27;23500210;10840;479;12148;12476;4.93;0.30;366.16;14.50;1308;35;4319.00;328
10843;27;23500226;10843;515;12242;12706;5.23;0.33;366.14;14.39;1399;35;4320.00;464
10844;27;23500264;10844;512;12247;12707;5.21;0.32;366.15;14.39;1403;35;4321.00;460
10845;27;23500279;10845;494;12256;12707;5.29;0.33;366.12;14.38;1411;35;4322.00;451
10847;27;23500294;10847;495;12265;12707;5.27;0.33;366.11;14.37;1418;35;4323.00;442
10850;27;23500309;10850;494;12273;12707;5.25;0.33;366.14;14.37;1423;35;4324.00;434
10851;27;23500325;10851;485;12280;12707;5.22;0.32;366.11;14.36;1429;35;4325.00;427
10851;27;23500340;10851;479;12287;12707;5.23;0.32;366.11;14.36;1436;35;4326.00;420
10853;27;23500356;10853;488;12295;12707;5.20;0.32;366.11;14.35;1442;35;4327.00;412
10854;27;23500371;10854;493;12303;12708;5.21;0.32;366.16;14.35;1449;35;4328.00;405
10856;27;23500387;10856;507;12307;12709;5.26;0.33;366.18;14.35;1451;35;4329.00;402
10859;27;23500403;10859;506;12312;12709;5.24;0.32;366.23;14.43;1453;35;4330.00;397
10862;27;23500418;10862;511;12316;12710;5.22;0.32;366.17;14.43;1454;35;4331.00;394
10866;27;23500435;10866;517;12318;12710;5.19;0.32;366.20;14.43;1452;35;4332.00;392
10869;27;23500450;10869;517;12323;12710;5.17;0.32;366.24;14.52;1454;35;4333.00;387
10870;27;23500467;10870;519;12324;12710;5.10;0.31;366.22;14.52;1454;35;4334.00;386
10871;27;23500489;10871;528;12329;12714;5.08;0.31;366.30;14.60;1458;35;4335.00;385
10873;27;23500505;10873;536;12332;12714;5.00;0.31;366.45;14.60;1459;35;4336.00;382
10877;27;23500521;10877;545;12334;12714;4.94;0.30;366.41;14.69;1457;35;4337.00;380
10879;27;23500537;10879;553;12336;12717;4.90;0.30;366.50;14.69;1457;35;4338.00;381
10881;27;23500553;10881;564;12338;12717;4.85;0.30;366.53;14.77;1457;35;4339.00;379
10882;27;23500568;10882;577;12338;12717;4.84;0.30;366.54;14.77;1456;35;4340.00;379
10883;27;23500587;10883;581;12342;12721;4.83;0.29;366.57;14.77;1459;35;4341.00;379
10886;27;23500603;10886;584;12345;12722;4.81;0.29;366.56;14.94;1459;35;4342.00;377
10886;27;23500618;10886;594;12345;12722;4.81;0.29;366.56;14.94;1459;35;4343.00;377
10888;27;23500633;10888;607;12348;12726;4.84;0.29;366.57;14.94;1460;35;4344.00;378
10888;27;23500650;10888;613;12352;12726;4.82;0.29;366.57;15.11;1464;35;4345.00;374
10889;27;23500665;10889;619;12354;12726;4.82;0.29;366.59;15.11;1465;35;4346.00;372
10891;27;23500680;10891;629;12354;12727;4.75;0.29;366.61;15.11;1463;35;4347.00;373
10891;27;23500702;10891;640;12358;12727;4.73;0.29;366.61;15.12;1467;35;4348.00;369
10892;27;23500717;10892;646;12362;12733;4.76;0.29;366.62;15.11;1470;35;4349.00;371
10896;27;23500736;10896;636;12364;12733;4.72;0.29;366.71;15.12;1468;35;4350.00;369
10900;27;23500752;10900;638;12366;12734;4.67;0.28;366.66;15.12;1466;35;4351.00;368
10900;27;23500768;10900;632;12366;12734;4.67;0.28;366.66;15.12;1466;35;4352.00;368
10902;27;23500784;10902;624;12366;12734;4.66;0.28;366.65;15.12;1464;35;4353.00;368
10905;27;23500806;10905;616;12368;12734;4.61;0.28;366.79;15.12;1463;35;4354.00;366
10905;27;23500821;10905;617;12371;12734;4.62;0.28;366.79;15.12;1466;35;4355.00;363
10909;27;23500837;10909;614;12379;12746;4.68;0.28;366.93;15.11;1470;35;4356.00;367
10911;27;23500858;10911;614;12381;12746;4.67;0.28;366.99;15.12;1470;35;4357.00;365
10913;27;23500874;10913;606;12383;12746;4.68;0.29;367.01;15.12;1470;35;4358.00;363
10914;27;23500890;10914;601;12386;12746;4.70;0.29;367.08;15.12;1472;35;4359.00;360
10919;27;23500907;10919;607;12387;12746;4.74;0.29;367.19;15.12;1468;35;4360.00;359
10921;27;23500922;10921;616;12388;12746;4.76;0.29;367.27;15.12;1467;35;4361.00;358
10924;27;23501008;10924;620;12393;12750;4.76;0.29;367.42;15.12;1469;35;4362.00;357
10927;27;23501030;10927;620;12394;12750;4.73;0.29;367.49;15.12;1467;35;4363.00;356
10929;27;23501052;10929;629;12398;12754;4.70;0.29;367.46;15.12;1469;35;4364.00;356
10931;27;23501069;10931;634;12401;12756;4.64;0.28;367.49;15.12;1470;35;4365.00;355
10935;27;23501085;10935;644;12402;12756;4.56;0.28;367.60;15.12;1467;35;4366.00;354
10938;27;23501100;10938;652;12403;12756;4.50;0.28;367.75;15.12;1465;35;4367.00;353
10942;27;23501116;10942;669;12413;12769;4.45;0.27;367.79;15.11;1471;35;4368.00;356
10946;27;23501132;10946;663;12414;12769;4.39;0.27;367.95;15.11;1468;35;4369.00;355
10949;27;23501148;10949;669;12414;12769;4.33;0.26;367.96;15.11;1465;35;4370.00;355
10950;27;23501163;10950;677;12416;12770;4.31;0.26;367.96;15.11;1466;35;4371.00;354
10954;27;23501178;10954;671;12416;12771;4.25;0.26;367.91;15.11;1462;35;4372.00;355
10961;27;23501199;10961;671;12416;12771;4.18;0.25;368.06;15.11;1455;35;4373.00;355
10963;27;23501215;10963;676;12419;12774;4.15;0.25;368.12;15.11;1456;35;4374.00;355
10965;27;23501230;10965;676;12419;12774;4.11;0.25;368.16;15.11;1454;35;4375.00;355
10970;27;23501246;10970;678;12419;12774;4.05;0.25;368.23;15.11;1449;35;4376.00;355
10973;27;23501260;10973;681;12419;12774;4.01;0.24;368.24;15.11;1446;35;4377.00;355
10976;27;23501275;10976;677;12423;12780;4.01;0.25;368.31;15.10;1447;35;4378.00;357
10980;27;23501290;10980;675;12423;12780;3.99;0.24;368.42;15.10;1443;35;4379.00;357
10982;27;23501307;10982;668;12423;12780;4.00;0.25;368.44;15.10;1441;35;4380.00;357
10984;27;23501321;10984;665;12423;12780;4.00;0.25;368.46;15.10;1439;35;4381.00;357
10986;27;23501338;10986;665;12426;12784;4.02;0.25;368.52;15.10;1440;35;4382.00;358
10989;27;23501353;10989;658;12427;12785;4.05;0.25;368.64;15.10;1438;35;4383.00;358
10990;27;23501369;10990;652;12427;12785;4.07;0.25;368.65;15.10;1437;35;4384.00;358
10995;27;23501384;10995;642;12428;12786;4.09;0.25;368.75;15.10;1433;35;4385.00;358
11000;27;23501400;11000;631;12428;12786;4.12;0.25;368.86;15.10;1428;35;4386.00;358
11005;27;23501416;11005;636;12428;12786;4.11;0.25;368.96;15.10;1423;35;4387.00;358
11008;27;23501432;11008;631;12428;12786;4.12;0.25;369.09;15.10;1420;35;4388.00;358
11014;27;23501447;11014;634;12428;12786;4.11;0.25;369.32;15.10;1414;35;4389.00;358
11018;27;23501462;11018;626;12428;12786;4.11;0.25;369.33;15.10;1410;35;4390.00;358
11024;27;23501477;11024;635;12429;12786;4.09;0.25;369.32;15.10;1405;35;4391.00;357
11028;27;23501492;11028;645;12466;12856;4.19;0.26;369.54;15.05;1438;35;4392.00;390
11029;27;23501513;11029;643;12467;12857;4.20;0.26;369.55;15.05;1438;35;4393.00;390
11034;27;23501528;11034;640;12470;12857;4.20;0.26;369.72;15.05;1436;35;4394.00;387
11038;27;23501543;11038;646;12470;12857;4.21;0.26;369.76;15.05;1432;35;4395.00;387
11042;27;23501558;11042;647;12472;12857;4.20;0.26;369.92;15.05;1430;35;4396.00;385
11046;27;23501572;11046;660;12472;12857;4.19;0.26;369.87;15.05;1426;35;4397.00;385
11049;27;23501587;11049;671;12476;12857;4.18;0.26;369.97;15.04;1427;35;4398.00;381
11052;27;23501602;11052;675;12478;12857;4.18;0.26;370.07;15.04;1426;35;4399.00;379
11054;27;23501618;11054;677;12480;12858;4.17;0.26;370.06;15.04;1426;35;4400.00;378
11056;27;23501637;11056;679;12484;12859;4.17;0.25;370.06;15.04;1428;35;4401.00;375
11060;27;23501652;11060;682;12485;12859;4.12;0.25;370.11;15.04;1425;35;4402.00;374
11065;27;23501667;11065;679;12487;12863;4.05;0.25;370.11;15.04;1422;35;4403.00;376
11068;27;23501682;11068;679;12489;12863;4.01;0.25;370.19;15.03;1421;35;4404.00;374
11072;27;23501697;11072;683;12492;12863;3.95;0.24;370.16;15.03;1420;35;4405.00;371
11076;27;23501713;11076;687;12494;12863;3.91;0.24;370.26;15.03;1418;35;4406.00;369
11080;27;23501727;11080;682;12498;12869;3.92;0.24;370.22;15.03;1418;35;4407.00;371
11084;27;23501743;11084;688;12499;12869;3.88;0.24;370.32;15.03;1415;35;4408.00;370
11087;27;23501758;11087;679;12499;12869;3.86;0.24;370.39;15.03;1412;35;4409.00;370
11088;27;23501775;11088;675;12503;12875;3.88;0.24;370.47;15.02;1415;35;4410.00;372
11093;27;23501797;11093;680;12504;12875;3.82;0.23;370.53;15.02;1411;35;4411.00;371
11100;27;23501812;11100;675;12505;12875;3.76;0.23;370.60;15.02;1405;35;4412.00;370
11103;27;23501827;11103;675;12506;12876;3.74;0.23;370.59;15.02;1403;35;4413.00;370
11106;27;23501842;11106;684;12507;12877;3.71;0.23;370.62;15.02;1401;35;4414.00;370
11108;27;23501857;11108;684;12508;12877;3.69;0.22;370.59;15.02;1400;35;4415.00;369
11109;27;23501872;11109;690;12516;12890;3.75;0.23;370.60;15.01;1407;35;4416.00;374
11111;27;23501887;11111;696;12518;12890;3.71;0.23;370.58;15.01;1407;35;4417.00;372
11115;27;23501901;11115;696;12519;12890;3.68;0.22;370.65;15.01;1404;35;4418.00;371
11118;27;23501916;11118;707;12520;12891;3.64;0.22;370.69;15.01;1402;35;4419.00;371
11120;27;23501931;11120;713;12520;12891;3.57;0.22;370.66;15.01;1400;35;4420.00;371
11124;27;23501946;11124;716;12523;12895;3.56;0.22;370.68;15.01;1399;35;4421.00;372
11126;27;23501960;11126;704;12523;12895;3.53;0.21;370.65;15.01;1397;35;4422.00;372
11128;27;23501975;11128;705;12526;12899;3.50;0.21;370.63;15.00;1398;35;4423.00;373
11130;27;23501990;11130;704;12526;12899;3.48;0.21;370.69;15.00;1396;35;4424.00;373
11131;27;23502005;11131;699;12526;12899;3.45;0.21;370.67;15.00;1395;35;4425.00;373
11133;27;23502020;11133;698;12526;12899;3.41;0.21;370.86;15.00;1393;35;4426.00;373
11135;27;23502036;11135;701;12526;12899;3.38;0.21;370.90;15.00;1391;35;4427.00;373
11137;27;23502051;11137;700;12536;12911;3.45;0.21;371.08;14.99;1399;35;4428.00;375
11139;27;23502067;11139;709;12536;12911;3.45;0.21;371.09;14.99;1397;35;4429.00;375
11140;27;23502082;11140;719;12537;12911;3.49;0.21;371.07;14.99;1397;35;4430.00;374
11141;27;23502097;11141;711;12537;12911;3.52;0.22;371.05;14.99;1396;35;4431.00;374
11142;27;23502112;11142;698;12537;12911;3.58;0.22;371.11;14.99;1395;35;4432.00;374
11142;27;23502126;11142;691;12537;12911;3.64;0.22;371.11;14.99;1395;35;4433.00;374
11145;27;23502142;11145;683;12537;12912;3.67;0.22;371.05;14.99;1392;35;4434.00;375
11145;27;23502157;11145;671;12537;12912;3.72;0.23;371.05;14.99;1392;35;4435.00;375
11148;27;23502172;11148;658;12541;12918;3.79;0.23;371.16;14.99;1393;35;4436.00;377
11149;27;23502188;11149;655;12542;12919;3.86;0.24;371.13;14.99;1393;35;4437.00;377
11152;27;23502202;11152;651;12542;12919;3.90;0.24;371.16;14.99;1390;35;4438.00;377
11153;27;23502218;11153;658;12542;12919;3.96;0.24;371.14;14.99;1389;35;4439.00;377
11155;27;23502235;11155;650;12545;12924;4.00;0.24;371.09;14.98;1390;35;4440.00;379
11156;27;23502250;11156;657;12545;12924;4.01;0.24;371.06;14.98;1389;35;4441.00;379
11156;27;23502265;11156;649;12545;12924;4.05;0.25;371.06;14.98;1389;35;4442.00;379
11160;27;23502279;11160;651;12546;12925;4.06;0.25;370.98;14.98;1386;35;4443.00;379
11162;27;23502295;11162;644;12549;12929;4.11;0.25;370.95;14.98;1387;35;4444.00;380
11163;27;23502311;11163;636;12549;12929;4.15;0.25;370.98;14.98;1386;35;4445.00;380
11165;27;23502325;11165;633;12551;12932;4.21;0.26;370.94;14.98;1386;35;4446.00;381
11166;27;23502340;11166;634;12551;12932;4.25;0.26;370.91;14.98;1385;35;4447.00;381
11170;27;23502356;11170;629;12552;12932;4.19;0.25;370.85;14.97;1382;35;4448.00;380
11173;27;23502370;11173;626;12552;12932;4.14;0.25;370.84;14.97;1379;35;4449.00;380
11173;27;23502386;11173;625;12555;12936;4.14;0.25;370.84;14.97;1382;35;4450.00;381
11173;27;23502402;11173;630;12555;12936;4.10;0.25;370.84;14.97;1382;35;4451.00;381
11174;27;23502416;11174;630;12555;12936;4.07;0.25;370.84;14.97;1381;35;4452.00;381
11174;27;23502431;11174;632;12555;12936;4.06;0.25;370.84;14.97;1381;35;4453.00;381
11176;27;23502445;11176;637;12555;12937;4.06;0.25;370.91;14.97;1379;35;4454.00;382
11178;27;23502460;11178;628;12557;12939;4.05;0.25;370.87;14.97;1379;35;4455.00;382
11180;27;23502475;11180;632;12557;12939;4.02;0.24;370.98;14.97;1377;35;4456.00;382
11180;27;23502489;11180;639;12558;12940;4.04;0.25;370.98;14.97;1378;35;4457.00;382
11182;27;23502505;11182;636;12558;12940;4.00;0.24;371.06;14.97;1376;35;4458.00;382
11183;27;23502520;11183;632;12558;12940;3.94;0.24;371.04;14.97;1375;35;4459.00;382
11183;27;23502534;11183;637;12558;12940;3.95;0.24;371.04;14.97;1375;35;4460.00;382
11183;27;23502549;11183;635;12558;12940;3.94;0.24;371.04;14.97;1375;35;4461.00;382
11183;27;23502569;11183;644;12559;12940;3.92;0.24;371.04;15.03;1376;35;4462.00;381
11183;27;23502590;11183;624;12559;12940;3.95;0.24;371.04;15.03;1376;35;4463.00;381
11186;27;23502605;11186;629;12618;13067;4.22;0.26;371.03;14.96;1432;35;4464.00;449
11187;27;23502628;11187;602;12618;13068;4.24;0.26;371.05;14.96;1431;35;4465.00;450
11189;27;23502646;11189;586;12625;13068;4.36;0.27;371.01;14.96;1436;35;4466.00;443
11191;27;23502662;11191;578;12628;13068;4.47;0.28;371.01;14.95;1437;35;4467.00;440
11193;27;23502678;11193;564;12633;13068;4.55;0.28;371.00;14.95;1440;35;4468.00;435
11193;27;23502693;11193;559;12635;13068;4.63;0.29;371.00;14.95;1442;35;4469.00;433
11196;27;23502711;11196;555;12638;13068;4.68;0.29;371.07;14.95;1442;35;4470.00;430
11196;27;23502727;11196;553;12640;13068;4.77;0.29;371.07;14.95;1444;35;4471.00;428
11197;27;23502743;11197;552;12642;13069;4.83;0.30;371.07;14.94;1445;35;4472.00;427
11200;27;23502766;11200;546;12646;13070;4.83;0.30;371.06;14.94;1446;35;4473.00;424
11200;27;23502782;11200;536;12649;13070;4.86;0.30;371.06;14.94;1449;35;4474.00;421
11201;27;23502798;11201;550;12651;13071;4.82;0.29;371.13;14.94;1450;35;4475.00;420
11204;27;23502815;11204;555;12652;13071;4.79;0.29;371.13;14.94;1448;35;4476.00;419
11204;27;23502836;11204;558;12655;13071;4.78;0.29;371.13;14.94;1451;35;4477.00;416
11206;27;23502852;11206;556;12659;13071;4.69;0.29;371.13;14.94;1453;35;4478.00;412
11208;27;23502867;11208;549;12662;13075;4.67;0.28;371.11;15.01;1454;35;4479.00;413
11209;27;23502884;11209;542;12665;13075;4.62;0.28;371.10;15.19;1456;35;4480.00;410
11211;27;23502905;11211;538;12668;13075;4.62;0.28;371.09;15.19;1457;35;4481.00;407
11212;27;23502921;11212;532;12670;13078;4.63;0.28;371.08;15.19;1458;35;4482.00;408
11215;27;23502937;11215;531;12672;13078;4.58;0.28;371.14;15.19;1457;35;4483.00;406
11217;27;23502953;11217;530;12674;13078;4.57;0.28;371.17;15.20;1457;35;4484.00;404
11218;27;23502971;11218;533;12677;13082;4.62;0.28;371.16;15.20;1459;35;4485.00;405
11220;27;23502988;11220;527;12680;13083;4.65;0.28;371.20;15.19;1460;35;4486.00;403
11222;27;23503004;11222;528;12681;13083;4.68;0.28;371.16;15.19;1459;35;4487.00;402
11226;27;23503022;11226;529;12683;13087;4.73;0.29;371.13;15.19;1457;35;4488.00;404
11228;27;23503039;11228;530;12683;13087;4.73;0.29;371.10;15.19;1455;35;4489.00;404
11231;27;23503056;11231;537;12683;13087;4.75;0.29;371.19;15.19;1452;35;4490.00;404
11233;27;23503073;11233;539;12684;13088;4.72;0.29;371.16;15.19;1451;35;4491.00;404
11236;28;23503089;11236;542;12684;13088;4.71;0.29;371.09;15.19;1448;36;4492.00;404
11236;28;23503124;11236;554;12688;13094;4.77;0.29;371.09;15.18;1452;36;4493.00;406
11239;28;23503140;11239;565;12688;13094;4.72;0.29;371.10;15.18;1449;36;4494.00;406
11242;28;23503157;11242;569;12688;13095;4.70;0.29;371.08;15.18;1446;36;4495.00;407
11242;28;23503176;11242;576;12689;13095;4.69;0.29;371.08;15.19;1447;36;4496.00;406
11245;28;23503191;11245;587;12690;13095;4.68;0.28;371.09;15.20;1445;36;4497.00;405
11247;28;23503207;11247;583;12691;13095;4.67;0.28;371.15;15.20;1444;36;4498.00;404
11249;28;23503224;11249;589;12692;13095;4.69;0.29;371.13;15.21;1443;36;4499.00;403
11253;28;23503244;11253;597;12713;13145;4.79;0.29;371.07;15.18;1460;36;4500.00;432
11255;28;23503273;11255;599;12715;13147;4.81;0.29;371.11;15.19;1460;36;4501.00;432
11258;28;23503290;11258;601;12721;13147;4.85;0.30;371.18;15.19;1463;36;4502.00;426
11262;28;23503306;11262;596;12721;13147;4.86;0.30;371.19;15.19;1459;36;4503.00;426
11264;28;23503322;11264;601;12723;13147;4.90;0.30;371.20;15.19;1459;36;4504.00;424
11265;28;23503341;11265;608;12726;13147;4.91;0.30;371.22;15.29;1461;36;4505.00;421
11269;28;23503357;11269;610;12730;13151;4.88;0.30;371.31;15.29;1461;36;4506.00;421
11273;28;23503374;11273;605;12733;13151;4.88;0.30;371.41;15.39;1460;36;4507.00;418
11274;28;23503390;11274;610;12738;13155;4.91;0.30;371.39;15.48;1464;36;4508.00;417
11278;28;23503408;11278;604;12740;13156;4.88;0.30;371.50;15.48;1462;36;4509.00;416
11279;28;23503424;11279;603;12741;13156;4.86;0.30;371.59;15.48;1462;36;4510.00;415
11280;28;23503441;11280;602;12745;13156;4.82;0.30;371.62;15.58;1465;36;4511.00;411
11283;28;23503458;11283;611;12755;13169;4.75;0.29;371.72;15.57;1472;36;4512.00;414
11287;28;23503482;11287;605;12756;13169;4.70;0.29;371.88;15.58;1469;36;4513.00;413
11289;28;23503499;11289;618;12765;13169;4.67;0.29;371.97;16.04;1476;36;4514.00;404
11294;28;23503515;11294;623;12767;13170;4.62;0.28;372.22;16.13;1473;36;4515.00;403
11297;28;23503532;11297;629;12771;13171;4.59;0.28;372.19;16.23;1474;36;4516.00;400
11299;28;23503548;11299;632;12771;13171;4.58;0.28;372.28;16.23;1472;36;4517.00;400
11303;28;23503566;11303;629;12776;13174;4.52;0.28;372.40;16.41;1473;36;4518.00;398
11304;28;23503583;11304;628;12781;13174;4.50;0.27;372.44;16.59;1477;36;4519.00;393
11306;28;23503600;11306;638;12783;13174;4.47;0.27;372.50;16.59;1477;36;4520.00;391
11308;28;23503616;11308;639;12785;13174;4.45;0.27;372.55;16.77;1477;36;4521.00;389
11308;28;23503632;11308;648;12790;13180;4.50;0.27;372.55;16.86;1482;36;4522.00;390
11311;28;23503650;11311;652;12790;13180;4.49;0.27;372.67;16.86;1479;36;4523.00;390
11316;28;23503667;11316;661;12792;13180;4.45;0.27;372.76;16.86;1476;36;4524.00;388
11317;28;23503683;11317;647;12792;13180;4.40;0.27;372.79;16.86;1475;36;4525.00;388
11319;28;23503700;11319;648;12799;13184;4.36;0.27;372.75;16.95;1480;36;4526.00;385
11321;28;23503717;11321;638;12802;13185;4.37;0.27;372.81;17.12;1481;36;4527.00;383
11325;28;23503739;11325;641;12803;13185;4.39;0.27;372.92;17.21;1478;36;4528.00;382
11327;28;23503762;11327;639;12805;13186;4.45;0.27;372.97;17.21;1478;36;4529.00;381
11330;28;23503780;11330;626;12806;13186;4.45;0.27;373.01;17.30;1476;36;4530.00;380
11333;28;23503797;11333;629;12806;13186;4.44;0.27;373.06;17.30;1473;36;4531.00;380
11334;28;23503814;11334;628;12809;13186;4.46;0.27;373.07;17.48;1475;36;4532.00;377
11336;28;23503831;11336;631;12810;13186;4.48;0.27;373.13;17.57;1474;36;4533.00;376
11337;28;23503846;11337;633;12810;13186;4.50;0.28;373.11;17.57;1473;36;4534.00;376
11338;28;23503862;11338;641;12811;13186;4.53;0.28;373.11;17.57;1473;36;4535.00;375
11338;28;23503878;11338;647;12851;13256;4.60;0.28;373.11;17.61;1513;36;4536.00;405
11342;28;23503900;11342;646;12853;13257;4.60;0.28;373.25;17.61;1511;36;4537.00;404
11345;28;23503917;11345;639;12859;13257;4.58;0.28;373.30;17.78;1514;36;4538.00;398
11345;28;23503934;11345;642;12862;13257;4.54;0.28;373.30;17.86;1517;36;4539.00;395
11349;28;23503950;11349;649;12868;13257;4.49;0.28;373.36;17.86;1519;36;4540.00;389
11353;28;23503970;11353;660;12872;13257;4.42;0.27;373.52;17.94;1519;36;4541.00;385
11356;28;23503987;11356;664;12876;13257;4.34;0.27;373.50;18.02;1520;36;4542.00;381
11358;29;23504003;11358;668;12881;13257;4.29;0.26;373.60;18.11;1523;37;4543.00;376
11364;29;23504031;11364;669;12883;13258;4.25;0.26;373.58;18.11;1519;37;4544.00;375
11369;29;23504052;11369;676;12889;13260;4.19;0.26;373.59;18.19;1520;37;4545.00;371
11375;29;23504071;11375;692;12891;13260;4.06;0.25;373.63;18.28;1516;37;4546.00;369
11377;29;23504088;11377;695;12894;13264;3.96;0.24;373.71;18.36;1517;37;4547.00;370
11383;29;23504104;11383;700;12894;13264;3.81;0.23;373.71;18.36;1511;37;4548.00;370
11387;29;23504121;11387;711;12894;13264;3.73;0.23;373.79;18.36;1507;37;4549.00;370
11392;29;23504136;11392;702;12894;13264;3.66;0.22;373.87;18.36;1502;37;4550.00;370
11395;29;23504152;11395;711;12898;13270;3.60;0.22;373.87;18.35;1503;37;4551.00;372
11399;29;23504168;11399;714;12898;13270;3.54;0.22;373.95;18.35;1499;37;4552.00;372
11403;29;23504184;11403;719;12898;13270;3.51;0.22;373.97;18.35;1495;37;4553.00;372
11407;29;23504199;11407;727;12900;13273;3.50;0.21;373.91;18.35;1493;37;4554.00;373
11412;29;23504215;11412;738;12901;13273;3.51;0.21;373.97;18.35;1489;37;4555.00;372
11415;29;23504229;11415;747;12901;13273;3.52;0.22;374.01;18.35;1486;37;4556.00;372
11419;29;23504245;11419;745;12901;13274;3.51;0.22;373.99;18.35;1482;37;4557.00;373
11424;29;23504260;11424;741;12902;13275;3.50;0.21;374.03;18.35;1478;37;4558.00;373
11426;29;23504277;11426;738;12902;13275;3.47;0.21;374.02;18.35;1476;37;4559.00;373
11428;29;23504294;11428;744;12917;13301;3.54;0.22;374.00;18.33;1489;37;4560.00;384
11432;29;23504312;11432;743;12919;13301;3.53;0.22;374.09;18.33;1487;37;4561.00;382
11435;29;23504327;11435;747;12921;13301;3.51;0.21;374.13;18.32;1486;37;4562.00;380
11439;29;23504343;11439;748;12921;13302;3.48;0.21;374.17;18.32;1482;37;4563.00;381
11442;29;23504360;11442;745;12921;13302;3.48;0.21;374.17;18.32;1479;37;4564.00;381
11443;29;23504375;11443;751;12924;13306;3.49;0.21;374.14;18.32;1481;37;4565.00;382
11449;29;23504391;11449;761;12925;13306;3.44;0.21;374.31;18.32;1476;37;4566.00;381
11453;29;23504407;11453;764;12928;13310;3.36;0.20;374.29;18.32;1475;37;4567.00;382
11456;29;23504423;11456;774;12928;13310;3.33;0.20;374.48;18.32;1472;37;4568.00;382
11460;29;23504438;11460;780;12928;13310;3.27;0.20;374.42;18.32;1468;37;4569.00;382
11468;29;23504453;11468;780;12930;13310;3.24;0.20;374.56;18.32;1462;37;4570.00;380
11471;29;23504468;11471;779;12930;13310;3.24;0.20;374.67;18.32;1459;37;4571.00;380
11474;29;23504483;11474;780;12940;13322;3.28;0.20;374.71;18.31;1466;37;4572.00;382
11477;29;23504499;11477;788;12943;13322;3.25;0.20;374.75;18.30;1466;37;4573.00;379
11479;29;23504514;11479;795;12943;13322;3.22;0.20;374.78;18.30;1464;37;4574.00;379
11482;29;23504528;11482;800;12944;13322;3.17;0.19;374.76;18.30;1462;37;4575.00;378
11485;29;23504543;11485;801;12946;13322;3.12;0.19;374.82;18.30;1461;37;4576.00;376
11487;29;23504558;11487;809;12947;13322;3.08;0.19;374.79;18.30;1460;37;4577.00;375
11492;29;23504572;11492;802;12947;13323;3.02;0.19;374.78;18.30;1455;37;4578.00;376
11495;29;23504587;11495;808;12948;13323;2.99;0.18;374.77;18.30;1453;37;4579.00;375
11499;29;23504602;11499;815;12953;13329;2.93;0.18;374.78;18.37;1454;37;4580.00;376
11501;29;23504618;11501;811;12955;13330;2.92;0.18;374.77;18.37;1454;37;4581.00;375
11505;29;23504632;11505;821;12955;13330;2.89;0.18;374.87;18.37;1450;37;4582.00;375
11507;29;23504648;11507;818;12955;13330;2.88;0.18;374.86;18.37;1448;37;4583.00;375
11515;29;23504662;11515;816;12958;13334;2.84;0.17;374.88;18.36;1443;37;4584.00;376
11518;29;23504678;11518;818;12958;13334;2.80;0.17;374.97;18.36;1440;37;4585.00;376
11523;29;23504692;11523;821;12958;13334;2.79;0.17;375.02;18.36;1435;37;4586.00;376
11524;29;23504706;11524;819;12959;13335;2.80;0.17;375.04;18.36;1435;37;4587.00;376
11527;29;23504720;11527;828;12962;13339;2.81;0.17;375.08;18.36;1435;37;4588.00;377
11530;29;23504734;11530;826;12962;13339;2.84;0.17;375.13;18.36;1432;37;4589.00;377
11532;29;23504749;11532;831;12966;13345;2.86;0.17;375.14;18.35;1434;37;4590.00;379
11534;29;23504763;11534;835;12966;13345;2.87;0.18;375.12;18.35;1432;37;4591.00;379
11537;29;23504778;11537;836;12968;13345;2.89;0.18;375.20;18.35;1431;37;4592.00;377
11539;29;23504792;11539;843;12968;13345;2.91;0.18;375.19;18.35;1429;37;4593.00;377
11543;29;23504806;11543;835;12972;13349;2.97;0.18;375.20;18.34;1429;37;4594.00;377
11546;29;23504821;11546;832;12972;13349;2.97;0.18;375.19;18.34;1426;37;4595.00;377
11549;29;23504835;11549;834;12972;13349;2.95;0.18;375.17;18.34;1423;37;4596.00;377
11551;29;23504849;11551;821;12972;13349;2.91;0.18;375.15;18.34;1421;37;4597.00;377
11555;29;23504863;11555;807;12972;13350;2.88;0.18;375.18;18.34;1417;37;4598.00;378
11557;29;23504878;11557;800;12973;13351;2.87;0.18;375.16;18.34;1416;37;4599.00;378
11559;29;23504893;11559;794;12973;13351;2.91;0.18;375.20;18.34;1414;37;4600.00;378
11561;29;23504912;11561;793;12974;13352;2.95;0.18;375.16;18.34;1413;37;4601.00;378
11562;29;23504926;11562;780;12974;13352;2.97;0.18;375.16;18.34;1412;37;4602.00;378
11564;29;23504941;11564;780;12974;13352;2.98;0.18;375.15;18.34;1410;37;4603.00;378
11566;29;23504955;11566;781;12974;13352;3.01;0.18;375.16;18.34;1408;37;4604.00;378
11569;29;23504970;11569;774;12974;13352;3.05;0.19;375.11;18.34;1405;38;4605.00;378
11571;29;23504993;11571;763;12974;13352;3.10;0.19;375.13;18.34;1403;38;4606.00;378
11572;29;23505008;11572;756;12974;13352;3.16;0.19;375.10;18.34;1402;38;4607.00;378
11576;29;23505024;11576;770;13039;13479;3.57;0.22;375.13;18.25;1463;38;4608.00;440
11576;29;23505050;11576;747;13041;13480;3.63;0.23;375.13;18.25;1465;38;4609.00;439
11580;29;23505065;11580;744;13051;13480;3.75;0.23;375.14;18.24;1471;38;4610.00;429
11581;29;23505081;11581;741;13053;13480;3.79;0.23;375.11;18.23;1472;38;4611.00;427
11582;29;23505096;11582;747;13059;13480;3.85;0.24;375.08;18.23;1477;38;4612.00;421
11587;29;23505112;11587;749;13063;13480;3.86;0.24;375.06;18.22;1476;38;4613.00;417
11587;29;23505136;11587;747;13067;13480;3.87;0.24;375.06;18.22;1480;38;4614.00;413
11589;29;23505151;11589;746;13070;13480;3.90;0.24;375.04;18.29;1481;38;4615.00;410
11591;29;23505168;11591;751;13072;13481;3.94;0.24;375.11;18.29;1481;38;4616.00;409
11593;29;23505184;11593;756;13077;13482;3.98;0.24;375.24;18.29;1484;38;4617.00;405
11596;29;23505200;11596;749;13080;13482;3.94;0.24;375.27;18.29;1484;38;4618.00;402
11598;29;23505216;11598;755;13083;13483;3.92;0.24;375.28;18.28;1485;38;4619.00;400
11599;29;23505233;11599;745;13085;13483;3.92;0.24;375.27;18.28;1486;38;4620.00;398
11600;29;23505249;11600;736;13086;13483;3.94;0.24;375.29;18.28;1486;38;4621.00;397
11603;29;23505267;11603;733;13086;13483;3.99;0.25;375.25;18.28;1483;38;4622.00;397
11604;29;23505283;11604;736;13091;13487;4.08;0.25;375.25;18.28;1487;38;4623.00;396
11606;29;23505299;11606;736;13091;13487;4.14;0.25;375.29;18.28;1485;38;4624.00;396
11606;29;23505316;11606;729;13093;13487;4.18;0.26;375.29;18.28;1487;38;4625.00;394
11606;29;23505338;11606;721;13094;13490;4.25;0.26;375.29;18.28;1488;38;4626.00;396
11607;29;23505361;11607;723;13095;13490;4.32;0.26;375.29;18.28;1488;38;4627.00;395
11608;29;23505377;11608;721;13097;13490;4.34;0.27;375.37;18.28;1489;38;4628.00;393
11609;29;23505395;11609;722;13100;13494;4.34;0.27;375.36;18.27;1491;38;4629.00;394
11609;29;23505413;11609;709;13102;13495;4.36;0.27;375.36;18.27;1493;38;4630.00;393
11612;29;23505430;11612;702;13102;13495;4.39;0.27;375.41;18.27;1490;38;4631.00;393
11613;29;23505447;11613;705;13105;13499;4.40;0.27;375.46;18.27;1492;38;4632.00;394
11614;29;23505463;11614;712;13105;13499;4.41;0.27;375.52;18.27;1491;38;4633.00;394
11616;29;23505481;11616;716;13107;13499;4.42;0.27;375.57;18.27;1491;38;4634.00;392
11617;29;23505497;11617;719;13109;13501;4.40;0.27;375.55;18.26;1492;38;4635.00;392
11619;29;23505514;11619;723;13109;13501;4.40;0.27;375.52;18.26;1490;38;4636.00;392
11621;29;23505530;11621;729;13113;13507;4.39;0.27;375.55;18.26;1492;38;4637.00;394
11624;29;23505548;11624;727;13113;13507;4.37;0.27;375.55;18.26;1489;38;4638.00;394
11625;29;23505566;11625;730;13113;13508;4.38;0.27;375.52;18.26;1488;38;4639.00;395
11628;29;23505582;11628;729;13113;13508;4.37;0.27;375.60;18.26;1485;38;4640.00;395
11632;29;23505599;11632;730;13113;13508;4.36;0.27;375.63;18.26;1481;38;4641.00;395
11636;29;23505615;11636;715;13113;13508;4.32;0.26;375.60;18.26;1477;38;4642.00;395
11636;29;23505631;11636;704;13113;13508;4.31;0.26;375.60;18.26;1477;38;4643.00;395
11638;29;23505648;11638;698;13123;13520;4.37;0.27;375.65;18.24;1485;38;4644.00;397
11642;29;23505666;11642;701;13125;13520;4.37;0.27;375.69;18.32;1483;38;4645.00;395
11642;29;23505682;11642;698;13125;13520;4.37;0.27;375.69;18.32;1483;38;4646.00;395
11643;29;23505698;11643;689;13125;13520;4.39;0.27;375.69;18.32;1482;38;4647.00;395
11645;29;23505716;11645;690;13125;13520;4.41;0.27;375.76;18.32;1480;38;4648.00;395
11650;29;23505733;11650;682;13125;13520;4.38;0.27;375.80;18.32;1475;38;4649.00;395
11651;29;23505752;11651;694;13130;13526;4.35;0.26;375.84;18.31;1479;38;4650.00;396
11652;29;23505769;11652;681;13130;13526;4.37;0.27;375.82;18.31;1478;38;4651.00;396
11654;29;23505785;11654;682;13133;13530;4.38;0.27;375.85;18.31;1479;38;4652.00;397
11659;29;23505804;11659;689;13134;13531;4.37;0.27;375.99;18.31;1475;38;4653.00;397
11663;29;23505821;11663;688;13135;13531;4.34;0.26;375.98;18.40;1472;38;4654.00;396
11666;29;23505842;11666;667;13135;13531;4.33;0.26;375.97;18.40;1469;38;4655.00;396
11670;29;23505858;11670;667;13145;13544;4.33;0.26;375.95;18.39;1475;38;4656.00;399
11673;29;23505875;11673;661;13147;13544;4.32;0.26;376.00;18.57;1474;38;4657.00;397
11677;29;23505892;11677;654;13147;13544;4.31;0.26;376.07;18.57;1470;38;4658.00;397
11683;29;23505908;11683;654;13149;13545;4.28;0.26;376.21;18.57;1466;38;4659.00;396
11684;29;23505925;11684;655;13149;13546;4.33;0.26;376.27;18.57;1465;38;4660.00;397
11685;29;23505942;11685;661;13149;13546;4.39;0.27;376.32;18.57;1464;38;4661.00;397
11689;29;23505957;11689;656;13151;13549;4.44;0.27;376.50;18.56;1462;38;4662.00;398
11689;29;23505974;11689;658;13152;13549;4.47;0.27;376.50;18.56;1463;38;4663.00;397
11691;29;23505991;11691;659;13152;13549;4.52;0.27;376.46;18.56;1461;38;4664.00;397
11695;29;23506007;11695;658;13153;13549;4.51;0.27;376.56;18.64;1458;38;4665.00;396
11701;29;23506024;11701;659;13157;13555;4.53;0.27;376.65;18.64;1456;38;4666.00;398
11701;29;23506042;11701;660;13157;13555;4.55;0.28;376.65;18.64;1456;38;4667.00;398
11707;29;23506058;11707;657;13157;13555;4.48;0.27;376.70;18.64;1450;38;4668.00;398
11709;29;23506074;11709;659;13157;13555;4.48;0.27;376.67;18.64;1448;38;4669.00;398
11711;29;23506090;11711;648;13160;13559;4.47;0.27;376.68;18.63;1449;38;4670.00;399
11715;29;23506107;11715;644;13161;13560;4.49;0.27;376.87;18.63;1446;38;4671.00;399
11717;29;23506124;11717;653;13162;13560;4.49;0.27;376.84;18.64;1445;38;4672.00;398
11719;29;23506140;11719;650;13164;13561;4.49;0.27;377.03;18.64;1445;38;4673.00;397
11720;29;23506157;11720;657;13164;13561;4.50;0.27;377.07;18.64;1444;38;4674.00;397
11722;29;23506173;11722;665;13165;13561;4.51;0.27;377.12;18.64;1443;38;4675.00;396
11724;29;23506188;11724;671;13166;13561;4.49;0.27;377.19;18.64;1442;38;4676.00;395
11726;29;23506204;11726;671;13167;13561;4.48;0.27;377.16;18.73;1441;38;4677.00;394
11730;29;23506222;11730;671;13168;13561;4.46;0.27;377.18;18.73;1438;38;4678.00;393
11732;29;23506237;11732;671;13168;13561;4.49;0.27;377.20;18.73;1436;38;4679.00;393
11734;29;23506255;11734;689;13224;13686;4.63;0.28;377.18;18.65;1490;38;4680.00;462
11737;29;23506280;11737;690;13228;13687;4.61;0.28;377.23;18.65;1491;38;4681.00;459
11738;29;23506297;11738;683;13237;13687;4.64;0.29;377.26;18.64;1499;38;4682.00;450
11740;29;23506321;11740;689;13238;13687;4.64;0.29;377.22;18.63;1498;38;4683.00;449
11745;29;23506343;11745;691;13243;13687;4.64;0.28;377.41;18.63;1498;38;4684.00;444
11746;29;23506366;11746;701;13244;13687;4.62;0.28;377.44;18.63;1498;38;4685.00;443
11746;29;23506383;11746;693;13250;13687;4.66;0.28;377.44;18.62;1504;38;4686.00;437
11748;29;23506399;11748;699;13251;13687;4.63;0.28;377.57;18.62;1503;38;4687.00;436
11752;29;23506422;11752;705;13256;13688;4.61;0.28;377.68;18.62;1504;38;4688.00;432
11753;29;23506439;11753;701;13262;13689;4.63;0.28;377.68;18.61;1509;38;4689.00;427
11756;29;23506456;11756;703;13267;13689;4.62;0.28;377.66;18.61;1511;38;4690.00;422
11759;29;23506474;11759;711;13271;13693;4.59;0.28;377.79;18.61;1512;38;4691.00;422
11760;29;23506491;11760;708;13272;13693;4.56;0.28;377.84;18.61;1512;38;4692.00;421
11762;29;23506508;11762;697;13274;13693;4.51;0.28;378.03;18.60;1512;38;4693.00;419
11764;29;23506525;11764;705;13274;13693;4.45;0.27;378.11;18.60;1510;38;4694.00;419
11766;29;23506542;11766;703;13279;13699;4.43;0.27;378.06;18.69;1513;38;4695.00;420
11767;29;23506559;11767;716;13280;13699;4.38;0.27;378.13;18.69;1513;38;4696.00;419
11770;29;23506575;11770;721;13280;13699;4.32;0.26;378.20;18.69;1510;38;4697.00;419
11776;29;23506592;11776;725;13283;13702;4.26;0.26;378.32;18.78;1507;38;4698.00;419
11778;29;23506610;11778;723;13283;13702;4.25;0.26;378.38;18.78;1505;38;4699.00;419
11780;29;23506627;11780;725;13283;13702;4.22;0.26;378.42;18.78;1503;38;4700.00;419
11783;29;23506647;11783;722;13283;13703;4.20;0.26;378.47;18.78;1500;38;4701.00;420
11785;29;23506664;11785;728;13284;13704;4.22;0.26;378.47;18.78;1499;38;4702.00;420
11789;29;23506680;11789;719;13284;13704;4.22;0.26;378.52;18.78;1495;38;4703.00;420
11792;29;23506696;11792;722;13292;13717;4.25;0.26;378.66;18.77;1500;38;4704.00;425
11793;29;23506714;11793;725;13292;13717;4.28;0.26;378.66;18.77;1499;38;4705.00;425
11796;29;23506730;11796;727;13294;13717;4.31;0.26;378.72;18.76;1498;38;4706.00;423
11798;29;23506746;11798;728;13295;13718;4.32;0.26;378.82;18.76;1497;38;4707.00;423
11799;29;23506762;11799;728;13295;13718;4.33;0.26;378.81;18.76;1496;38;4708.00;423
11804;29;23506778;11804;732;13298;13722;4.31;0.26;378.80;18.76;1494;38;4709.00;424
11806;29;23506802;11806;737;13298;13722;4.32;0.26;378.82;18.76;1492;38;4710.00;424
11810;29;23506818;11810;736;13299;13726;4.33;0.26;378.78;18.76;1489;38;4711.00;427
11813;29;23506834;11813;738;13299;13726;4.33;0.26;378.81;18.76;1486;38;4712.00;427
11816;29;23506850;11816;736;13299;13726;4.31;0.26;378.87;18.76;1483;38;4713.00;427
11819;29;23506866;11819;737;13299;13726;4.26;0.26;378.96;18.76;1480;38;4714.00;427
11823;29;23506882;11823;728;13299;13726;4.20;0.26;379.02;18.76;1476;38;4715.00;427
11826;29;23506897;11826;738;13307;13738;4.17;0.25;379.12;18.75;1481;38;4716.00;431
11831;29;23506915;11831;738;13307;13738;4.08;0.25;379.18;18.75;1476;38;4717.00;431
11834;29;23506929;11834;743;13308;13738;4.03;0.25;379.24;18.75;1474;38;4718.00;430
11837;29;23506945;11837;743;13308;13738;3.98;0.24;379.36;18.75;1471;38;4719.00;430
11840;29;23506960;11840;746;13309;13738;3.96;0.24;379.43;18.75;1469;38;4720.00;429
11846;29;23506975;11846;752;13309;13738;3.91;0.24;379.58;18.75;1463;38;4721.00;429
11848;29;23506990;11848;749;13309;13739;3.87;0.24;379.59;18.75;1461;38;4722.00;430
11853;29;23507004;11853;747;13309;13739;3.80;0.23;379.63;18.75;1456;38;4723.00;430
11856;29;23507020;11856;746;13314;13745;3.74;0.23;379.61;18.74;1458;38;4724.00;431
11858;29;23507035;11858;733;13315;13747;3.68;0.23;379.68;18.74;1457;38;4725.00;432
11861;29;23507049;11861;734;13315;13747;3.62;0.22;379.67;18.74;1454;38;4726.00;432
11864;29;23507064;11864;731;13315;13747;3.58;0.22;379.80;18.74;1451;38;4727.00;432
11867;29;23507077;11867;726;13320;13751;3.59;0.22;379.85;18.73;1453;38;4728.00;431
11871;29;23507092;11871;725;13320;13751;3.58;0.22;379.84;18.73;1449;38;4729.00;431
11875;29;23507107;11875;725;13320;13751;3.57;0.22;379.77;18.73;1445;38;4730.00;431
11879;29;23507122;11879;728;13321;13752;3.56;0.22;379.81;18.73;1442;38;4731.00;431
11880;29;23507136;11880;728;13322;13756;3.60;0.22;379.84;18.73;1442;38;4732.00;434
11883;29;23507150;11883;724;13322;13756;3.58;0.22;379.82;18.73;1439;38;4733.00;434
11887;29;23507165;11887;713;13324;13759;3.55;0.22;379.91;18.73;1437;38;4734.00;435
11888;29;23507180;11888;714;13324;13759;3.60;0.22;379.88;18.73;1436;38;4735.00;435
11891;29;23507195;11891;710;13324;13759;3.58;0.22;380.02;18.73;1433;38;4736.00;435
11893;29;23507210;11893;713;13324;13759;3.61;0.22;380.05;18.73;1431;38;4737.00;435
11898;29;23507225;11898;719;13327;13763;3.62;0.22;380.02;18.72;1429;38;4738.00;436
11904;29;23507240;11904;720;13327;13763;3.58;0.22;380.03;18.72;1423;38;4739.00;436
11907;29;23507256;11907;717;13327;13763;3.57;0.22;379.97;18.72;1420;38;4740.00;436
11909;29;23507270;11909;713;13328;13763;3.57;0.22;379.94;18.72;1419;38;4741.00;435
11915;29;23507285;11915;719;13328;13764;3.55;0.22;379.95;18.72;1413;38;4742.00;436
11918;29;23507300;11918;723;13328;13765;3.56;0.22;380.04;18.72;1410;38;4743.00;437
11923;29;23507315;11923;725;13328;13765;3.54;0.22;379.98;18.72;1405;38;4744.00;437
11927;29;23507329;11927;722;13329;13766;3.52;0.22;379.93;18.72;1402;38;4745.00;437
11933;29;23507343;11933;723;13329;13766;3.45;0.21;379.96;18.72;1396;38;4746.00;437
11935;29;23507359;11935;724;13331;13766;3.44;0.21;380.00;18.72;1396;38;4747.00;435
11940;29;23507372;11940;719;13332;13766;3.37;0.21;379.96;18.81;1392;38;4748.00;434
11943;29;23507387;11943;720;13332;13766;3.35;0.21;379.97;18.81;1389;38;4749.00;434
11946;29;23507402;11946;718;13333;13766;3.30;0.20;380.09;18.81;1387;38;4750.00;433
11947;29;23507416;11947;724;13333;13766;3.29;0.20;380.10;18.81;1386;38;4751.00;433
11948;29;23507430;11948;726;13396;13893;3.57;0.23;380.11;18.72;1448;38;4752.00;497
11954;29;23507453;11954;729;13399;13894;3.49;0.22;380.10;18.71;1445;38;4753.00;495
11959;29;23507469;11959;725;13405;13894;3.46;0.22;380.10;18.71;1446;38;4754.00;489
11962;29;23507485;11962;727;13407;13894;3.40;0.21;380.09;18.70;1445;38;4755.00;487
11966;29;23507500;11966;722;13411;13894;3.42;0.21;380.05;18.70;1445;38;4756.00;483
11967;29;23507514;11967;731;13415;13894;3.43;0.21;380.04;18.70;1448;38;4757.00;479
11970;29;23507529;11970;733;13418;13894;3.40;0.21;380.02;18.69;1448;38;4758.00;476
11975;29;23507545;11975;736;13422;13894;3.38;0.21;380.04;18.69;1447;38;4759.00;472
11982;29;23507559;11982;739;13425;13895;3.32;0.21;380.11;18.69;1443;38;4760.00;470
11985;29;23507574;11985;741;13427;13896;3.31;0.21;380.07;18.69;1442;38;4761.00;469
11988;29;23507588;11988;751;13429;13896;3.30;0.21;380.09;18.68;1441;38;4762.00;467
11989;29;23507603;11989;754;13432;13897;3.28;0.20;380.09;18.68;1443;38;4763.00;465
11993;29;23507617;11993;764;13436;13897;3.25;0.20;380.23;18.77;1443;38;4764.00;461
11994;29;23507633;11994;767;13437;13897;3.29;0.21;380.21;18.77;1443;38;4765.00;460
11994;29;23507647;11994;771;13438;13897;3.30;0.21;380.21;18.77;1444;38;4766.00;459
11996;29;23507662;11996;781;13441;13901;3.30;0.21;380.29;18.76;1445;38;4767.00;460
12000;29;23507676;12000;781;13442;13901;3.29;0.21;380.34;18.76;1442;38;4768.00;459
12002;29;23507690;12002;788;13445;13901;3.29;0.21;380.36;18.76;1443;38;4769.00;456
12005;29;23507706;12005;781;13447;13907;3.31;0.21;380.38;18.76;1442;38;4770.00;460
12005;29;23507721;12005;782;13447;13907;3.28;0.20;380.38;18.76;1442;38;4771.00;460
12007;29;23507735;12007;774;13449;13907;3.26;0.20;380.41;18.76;1442;38;4772.00;458
12010;29;23507750;12010;769;13450;13911;3.26;0.20;380.37;18.75;1440;38;4773.00;461
12011;29;23507764;12011;763;13451;13912;3.30;0.21;380.34;18.75;1440;38;4774.00;461
12013;29;23507779;12013;769;13451;13912;3.31;0.21;380.33;18.75;1438;38;4775.00;461
12014;29;23507793;12014;768;13455;13916;3.35;0.21;380.30;18.75;1441;38;4776.00;461
12017;29;23507808;12017;765;13455;13916;3.35;0.21;380.33;18.75;1438;38;4777.00;461
12018;29;23507824;12018;757;13456;13916;3.36;0.21;380.30;18.75;1438;38;4778.00;460
12021;29;23507838;12021;760;13456;13917;3.38;0.21;380.30;18.75;1435;38;4779.00;461
12024;29;23507858;12024;755;13456;13917;3.41;0.21;380.29;18.75;1432;38;4780.00;461
12026;29;23507873;12026;738;13460;13923;3.46;0.21;380.25;18.75;1434;38;4781.00;463
12028;29;23507888;12028;728;13462;13923;3.52;0.22;380.21;18.83;1434;38;4782.00;461
12029;29;23507905;12029;711;13462;13924;3.58;0.22;380.18;18.83;1433;38;4783.00;462
12032;29;23507931;12032;700;13462;13924;3.61;0.22;380.21;18.83;1430;38;4784.00;462
12034;29;23507946;12034;702;13462;13924;3.70;0.23;380.18;18.83;1428;38;4785.00;462
12035;29;23507961;12035;697;13462;13924;3.74;0.23;380.15;18.83;1427;38;4786.00;462
12036;29;23507976;12036;692;13463;13924;3.83;0.23;380.13;18.83;1427;38;4787.00;461
12037;29;23507998;12037;690;13471;13936;3.97;0.24;380.11;18.82;1434;38;4788.00;465
12040;29;23508016;12040;677;13471;13936;4.03;0.25;380.15;18.82;1431;38;4789.00;465
12043;29;23508032;12043;681;13472;13936;4.10;0.25;380.25;18.89;1429;38;4790.00;464
12045;29;23508049;12045;675;13472;13936;4.15;0.25;380.29;18.89;1427;38;4791.00;464
12046;29;23508063;12046;662;13472;13936;4.18;0.25;380.28;18.89;1426;38;4792.00;464
12046;29;23508079;12046;660;13472;13936;4.24;0.26;380.28;18.89;1426;38;4793.00;464
12049;29;23508095;12049;661;13473;13940;4.25;0.26;380.36;18.89;1424;38;4794.00;467
12050;29;23508110;12050;649;13474;13940;4.29;0.26;380.43;18.97;1424;38;4795.00;466
12052;29;23508126;12052;642;13477;13944;4.33;0.26;380.43;18.96;1425;38;4796.00;467
12054;29;23508142;12054;633;13478;13945;4.35;0.27;380.47;18.97;1424;38;4797.00;467
12055;29;23508158;12055;622;13478;13945;4.39;0.27;380.51;18.97;1423;38;4798.00;467
12058;29;23508175;12058;614;13478;13945;4.42;0.27;380.53;18.97;1420;38;4799.00;467
12059;29;23508193;12059;623;13500;13986;4.49;0.27;380.53;18.94;1441;38;4800.00;486
12060;29;23508216;12060;608;13500;13986;4.56;0.28;380.58;18.94;1440;38;4801.00;486
12063;29;23508232;12063;609;13501;13986;4.62;0.28;380.56;18.94;1438;38;4802.00;485
12063;29;23508248;12063;606;13502;13987;4.74;0.29;380.56;18.94;1439;38;4803.00;485
12064;29;23508264;12064;612;13503;13988;4.83;0.29;380.59;18.94;1439;38;4804.00;485
12065;29;23508279;12065;610;13503;13988;4.89;0.30;380.57;18.94;1438;38;4805.00;485
12065;29;23508296;12065;607;13505;13991;4.96;0.30;380.57;18.93;1440;38;4806.00;486
12068;29;23508313;12068;603;13505;13991;4.96;0.30;380.56;18.93;1437;38;4807.00;486
12069;29;23508329;12069;605;13505;13991;5.01;0.31;380.54;18.93;1436;38;4808.00;486
12071;29;23508345;12071;611;13505;13991;5.04;0.31;380.57;18.93;1434;38;4809.00;486
12075;29;23508362;12075;615;13510;13997;5.10;0.31;380.77;18.93;1435;38;4810.00;487
12078;29;23508379;12078;617;13510;13997;5.12;0.31;380.77;18.93;1432;38;4811.00;487
12084;29;23508395;12084;614;13511;13997;5.14;0.31;381.14;19.00;1427;38;4812.00;486
12086;29;23508412;12086;617;13511;13997;5.17;0.31;381.19;19.00;1425;38;4813.00;486
12089;29;23508429;12089;612;13512;14001;5.16;0.31;381.34;19.00;1423;38;4814.00;489
12093;29;23508446;12093;596;13512;14003;5.14;0.31;381.43;19.00;1419;38;4815.00;491
12095;29;23508464;12095;590;13513;14003;5.18;0.32;381.55;19.00;1418;38;4816.00;490
12101;29;23508481;12101;582;13514;14004;5.19;0.32;381.90;19.00;1413;38;4817.00;490
12103;29;23508497;12103;573;13514;14004;5.27;0.32;382.02;19.00;1411;38;4818.00;490
12105;29;23508514;12105;568;13514;14004;5.27;0.32;382.06;19.00;1409;38;4819.00;490
12107;29;23508530;12107;557;13514;14004;5.31;0.32;382.06;19.00;1407;38;4820.00;490
12111;29;23508547;12111;547;13515;14004;5.33;0.32;382.18;19.00;1404;38;4821.00;489
12113;29;23508565;12113;545;13515;14004;5.34;0.32;382.24;19.00;1402;38;4822.00;489
12116;29;23508581;12116;541;13516;14004;5.38;0.33;382.31;19.08;1400;38;4823.00;488
12118;29;23508597;12118;555;13551;14074;5.38;0.33;382.32;19.03;1433;38;4824.00;523
12122;29;23508619;12122;552;13553;14075;5.30;0.32;382.35;19.02;1431;38;4825.00;522
12124;29;23508636;12124;541;13557;14075;5.27;0.32;382.38;19.02;1433;38;4826.00;518
12126;29;23508652;12126;541;13559;14075;5.21;0.32;382.38;19.10;1433;38;4827.00;516
12129;29;23508670;12129;532;13562;14077;5.16;0.32;382.42;19.09;1433;38;4828.00;515
12131;29;23508686;12131;540;13563;14077;5.13;0.31;382.42;19.17;1432;38;4829.00;514
12133;29;23508704;12133;544;13565;14077;5.12;0.31;382.44;19.16;1432;38;4830.00;512
12136;29;23508720;12136;559;13567;14077;5.10;0.31;382.50;19.16;1431;38;4831.00;510
12137;29;23508737;12137;554;13570;14078;5.08;0.31;382.50;19.23;1433;38;4832.00;508
12141;29;23508753;12141;550;13576;14079;5.05;0.31;382.56;19.23;1435;38;4833.00;503
12145;29;23508769;12145;550;13578;14079;5.04;0.31;382.65;19.30;1433;38;4834.00;501
12146;29;23508785;12146;554;13580;14083;5.06;0.31;382.63;19.36;1434;38;4835.00;503
12148;29;23508802;12148;552;13580;14083;5.03;0.31;382.64;19.36;1432;38;4836.00;503
12152;29;23508818;12152;548;13580;14083;5.02;0.31;382.77;19.36;1428;38;4837.00;503
12157;29;23508835;12157;549;13581;14083;4.99;0.30;382.74;19.43;1424;38;4838.00;502
12161;30;23508851;12161;548;13585;14089;4.99;0.30;382.77;19.42;1424;39;4839.00;504
12163;30;23508881;12163;544;13585;14089;5.00;0.30;382.81;19.42;1422;39;4840.00;504
12166;30;23508897;12166;547;13586;14089;4.99;0.30;382.81;19.49;1420;39;4841.00;503
12167;30;23508913;12167;549;13587;14092;5.04;0.31;382.80;19.48;1420;39;4842.00;505
12169;30;23508930;12169;551;13587;14092;5.04;0.31;382.89;19.48;1418;39;4843.00;505
12173;30;23508950;12173;552;13588;14092;5.05;0.31;382.93;19.55;1415;39;4844.00;504
12176;30;23508967;12176;547;13588;14093;5.07;0.31;383.06;19.55;1412;39;4845.00;505
12178;30;23508984;12178;554;13590;14094;5.05;0.31;383.11;19.61;1412;39;4846.00;504
12181;30;23509000;12181;553;13591;14094;5.03;0.30;383.23;19.61;1410;39;4847.00;503
12186;30;23509018;12186;559;13598;14107;4.99;0.30;383.25;19.60;1412;39;4848.00;509
12188;30;23509036;12188;555;13598;14107;5.00;0.30;383.27;19.60;1410;39;4849.00;509
12189;30;23509052;12189;564;13599;14107;5.02;0.31;383.31;19.60;1410;39;4850.00;508
12192;30;23509070;12192;558;13600;14108;5.06;0.31;383.57;19.60;1408;39;4851.00;508
12193;30;23509086;12193;555;13602;14108;5.10;0.31;383.55;19.60;1409;39;4852.00;506
12196;30;23509103;12196;552;13605;14112;5.16;0.31;383.67;19.60;1409;39;4853.00;507
12198;30;23509119;12198;561;13606;14112;5.19;0.32;383.82;19.60;1408;39;4854.00;506
12201;30;23509136;12201;559;13607;14116;5.23;0.32;383.76;19.59;1406;39;4855.00;509
12205;30;23509152;12205;560;13607;14116;5.22;0.32;383.82;19.59;1402;39;4856.00;509
12207;30;23509170;12207;567;13607;14116;5.21;0.32;383.86;19.59;1400;39;4857.00;509
12208;30;23509187;12208;566;13607;14116;5.18;0.32;383.87;19.59;1399;39;4858.00;509
12210;30;23509203;12210;572;13607;14116;5.16;0.31;383.88;19.59;1397;39;4859.00;509
12211;30;23509222;12211;565;13626;14150;5.23;0.32;383.92;19.57;1415;39;4860.00;524
12215;30;23509240;12215;558;13626;14150;5.18;0.32;384.03;19.57;1411;39;4861.00;524
12216;30;23509256;12216;564;13628;14150;5.19;0.32;384.06;19.56;1412;39;4862.00;522
12218;30;23509272;12218;565;13628;14150;5.18;0.32;384.13;19.56;1410;39;4863.00;522
12221;30;23509289;12221;568;13629;14150;5.15;0.32;384.26;19.56;1408;39;4864.00;521
12224;30;23509307;12224;575;13629;14150;5.13;0.31;384.38;19.56;1405;39;4865.00;521
12228;30;23509322;12228;577;13629;14151;5.11;0.31;384.46;19.56;1401;39;4866.00;522
12231;30;23509339;12231;575;13629;14151;5.05;0.31;384.67;19.56;1398;39;4867.00;522
12232;30;23509355;12232;580;13633;14157;5.07;0.31;384.72;19.56;1401;39;4868.00;524
12237;30;23509371;12237;583;13633;14158;4.98;0.31;384.79;19.56;1396;39;4869.00;525
12240;30;23509388;12240;589;13633;14158;4.94;0.30;384.86;19.56;1393;39;4870.00;525
12244;30;23509403;12244;592;13633;14158;4.84;0.30;384.83;19.56;1389;39;4871.00;525
12249;30;23509420;12249;596;13636;14162;4.78;0.29;384.93;19.55;1387;39;4872.00;526
12252;30;23509436;12252;615;13636;14162;4.72;0.29;385.01;19.55;1384;39;4873.00;526
12254;30;23509452;12254;611;13636;14162;4.67;0.28;385.03;19.55;1382;39;4874.00;526
12256;30;23509466;12256;613;13637;14163;4.64;0.28;385.04;19.55;1381;39;4875.00;526
12257;30;23509482;12257;608;13638;14167;4.60;0.28;385.07;19.55;1381;39;4876.00;529
12260;30;23509497;12260;607;13638;14167;4.55;0.28;385.05;19.55;1378;39;4877.00;529
12264;30;23509511;12264;608;13639;14170;4.50;0.27;384.96;19.55;1375;39;4878.00;531
12266;30;23509526;12266;608;13639;14170;4.48;0.27;385.08;19.55;1373;39;4879.00;531
12268;30;23509541;12268;607;13639;14170;4.46;0.27;385.05;19.55;1371;39;4880.00;531
12270;30;23509556;12270;603;13639;14170;4.47;0.27;385.12;19.55;1369;39;4881.00;531
12273;30;23509570;12273;597;13642;14174;4.49;0.27;385.11;19.55;1369;39;4882.00;532
12277;30;23509585;12277;603;13642;14174;4.47;0.27;385.12;19.55;1365;39;4883.00;532
12279;30;23509600;12279;598;13642;14174;4.47;0.27;385.15;19.55;1363;39;4884.00;532
12280;30;23509614;12280;597;13642;14174;4.51;0.27;385.13;19.55;1362;39;4885.00;532
12283;30;23509628;12283;598;13642;14175;4.50;0.27;385.16;19.55;1359;39;4886.00;533
12287;30;23509641;12287;603;13642;14176;4.49;0.27;385.18;19.55;1355;39;4887.00;534
12289;30;23509655;12289;596;13642;14176;4.51;0.28;385.18;19.55;1353;39;4888.00;534
12295;30;23509670;12295;598;13643;14177;4.50;0.28;385.23;19.54;1348;39;4889.00;534
12299;30;23509685;12299;592;13643;14177;4.51;0.28;385.35;19.54;1344;39;4890.00;534
12301;30;23509699;12301;604;13643;14177;4.46;0.27;385.38;19.54;1342;39;4891.00;534
12307;30;23509712;12307;614;13643;14177;4.39;0.27;385.43;19.54;1336;39;4892.00;534
12312;30;23509725;12312;608;13643;14177;4.31;0.26;385.46;19.54;1331;39;4893.00;534
12316;30;23509739;12316;614;13643;14177;4.22;0.26;385.46;19.54;1327;39;4894.00;534
12323;30;23509752;12323;615;13643;14177;4.12;0.25;385.55;19.54;1320;39;4895.00;534
12326;30;23509765;12326;634;13700;14304;4.36;0.27;385.65;19.48;1374;39;4896.00;604
12329;30;23509789;12329;630;13704;14305;4.29;0.27;385.75;19.47;1375;39;4897.00;601
12333;30;23509802;12333;629;13712;14305;4.25;0.26;385.75;19.46;1379;39;4898.00;593
12337;30;23509816;12337;627;13713;14305;4.13;0.26;385.75;19.46;1376;39;4899.00;592
12339;30;23509830;12339;616;13716;14305;4.04;0.25;385.77;19.46;1377;39;4900.00;589
12341;30;23509847;12341;612;13718;14305;3.98;0.25;385.79;19.46;1377;39;4901.00;587
12344;30;23509860;12344;610;13720;14305;3.97;0.25;385.79;19.45;1376;39;4902.00;585
12349;30;23509879;12349;618;13720;14305;3.92;0.24;385.80;19.45;1371;39;4903.00;585
12351;30;23509898;12351;616;13722;14306;3.94;0.24;385.81;19.45;1371;39;4904.00;584
12354;30;23509913;12354;622;13724;14308;3.94;0.24;385.80;19.45;1370;39;4905.00;584
12357;30;23509926;12357;617;13726;14308;3.93;0.24;385.76;19.45;1369;39;4906.00;582
12360;30;23509939;12360;620;13728;14309;3.94;0.25;385.78;19.45;1368;39;4907.00;581
12364;30;23509953;12364;621;13730;14309;3.93;0.24;385.78;19.45;1366;39;4908.00;579
12366;30;23509967;12366;617;13731;14309;3.95;0.25;385.82;19.45;1365;39;4909.00;578
12366;30;23509981;12366;621;13732;14309;3.95;0.25;385.82;19.45;1366;39;4910.00;577
12369;30;23509995;12369;624;13736;14313;3.98;0.25;385.82;19.44;1367;39;4911.00;577
12372;30;23510009;12372;620;13738;14313;3.99;0.25;385.80;19.44;1366;39;4912.00;575
12378;30;23510024;12378;614;13738;14313;3.97;0.25;385.87;19.44;1360;39;4913.00;575
12384;30;23510040;12384;617;13739;14316;3.94;0.24;385.87;19.44;1355;39;4914.00;577
12387;30;23510055;12387;621;13739;14316;3.92;0.24;385.91;19.44;1352;39;4915.00;577
12392;30;23510069;12392;631;13740;14316;3.91;0.24;385.93;19.51;1348;39;4916.00;576
12396;30;23510084;12396;630;13741;14320;3.94;0.24;385.91;19.51;1345;39;4917.00;579
12399;30;23510099;12399;626;13742;14321;3.94;0.24;385.95;19.51;1343;39;4918.00;579
12409;30;23510114;12409;629;13742;14321;3.88;0.24;385.79;19.51;1333;39;4919.00;579
12415;30;23510129;12415;631;13746;14326;3.84;0.24;385.87;19.50;1331;39;4920.00;580
12421;30;23510144;12421;631;13746;14326;3.78;0.23;385.92;19.50;1325;39;4921.00;580
12423;30;23510158;12423;622;13746;14326;3.76;0.23;385.97;19.50;1323;39;4922.00;580
12427;30;23510173;12427;617;13746;14327;3.68;0.23;385.99;19.50;1319;39;4923.00;581
12431;30;23510188;12431;615;13746;14327;3.61;0.22;385.91;19.50;1315;39;4924.00;581
12433;30;23510203;12433;613;13750;14333;3.61;0.22;385.92;19.49;1317;39;4925.00;583
12436;30;23510217;12436;612;13750;14333;3.57;0.22;385.91;19.49;1314;39;4926.00;583
12442;30;23510231;12442;617;13751;14334;3.50;0.21;385.98;19.50;1309;39;4927.00;583
12446;30;23510250;12446;627;13751;14334;3.47;0.21;385.94;19.50;1305;39;4928.00;583
12448;30;23510264;12448;627;13752;14334;3.47;0.21;385.92;19.51;1304;39;4929.00;582
12449;30;23510277;12449;632;13753;14334;3.47;0.21;385.91;19.52;1304;39;4930.00;581
12451;30;23510290;12451;638;13754;14334;3.43;0.21;385.92;19.53;1303;39;4931.00;580
12454;30;23510306;12454;648;13764;14346;3.43;0.21;385.89;19.55;1310;39;4932.00;582
12457;30;23510320;12457;651;13765;14346;3.42;0.21;385.83;19.56;1308;39;4933.00;581
12460;30;23510334;12460;646;13767;14346;3.41;0.21;385.85;19.58;1307;39;4934.00;579
12466;30;23510347;12466;636;13767;14346;3.38;0.21;385.85;19.58;1301;39;4935.00;579
12468;30;23510362;12468;629;13769;14346;3.42;0.21;385.82;19.61;1301;39;4936.00;577
12468;30;23510375;12468;627;13771;14346;3.46;0.21;385.82;19.63;1303;39;4937.00;575
12470;30;23510390;12470;630;13773;14350;3.54;0.22;385.80;19.64;1303;39;4938.00;577
12474;30;23510404;12474;626;13775;14350;3.57;0.22;385.86;19.66;1301;39;4939.00;575
12476;30;23510418;12476;629;13780;14354;3.62;0.22;385.87;19.68;1304;39;4940.00;574
12477;30;23510432;12477;630;13781;14355;3.70;0.23;385.92;19.69;1304;39;4941.00;574
12480;30;23510445;12480;627;13782;14355;3.74;0.23;385.96;19.70;1302;39;4942.00;573
12481;30;23510459;12481;625;13783;14355;3.79;0.23;385.95;19.70;1302;39;4943.00;572
12483;30;23510479;12483;620;13795;14368;3.91;0.24;385.94;19.77;1312;39;4944.00;573
12485;30;23510496;12485;612;13796;14368;3.94;0.24;385.95;19.77;1311;39;4945.00;572
12486;30;23510509;12486;620;13797;14368;3.96;0.24;386.00;19.78;1311;39;4946.00;571
12487;30;23510522;12487;601;13799;14369;4.05;0.25;385.99;19.79;1312;39;4947.00;570
12488;30;23510538;12488;589;13799;14370;4.10;0.25;386.05;19.79;1311;39;4948.00;571
12488;30;23510553;12488;584;13800;14370;4.14;0.25;386.05;19.80;1312;39;4949.00;570
12489;30;23510575;12489;576;13805;14379;4.20;0.26;386.09;19.80;1316;39;4950.00;574
12490;30;23510590;12490;571;13806;14379;4.27;0.26;386.13;19.80;1316;39;4951.00;573
12491;30;23510606;12491;571;13808;14379;4.32;0.26;386.16;19.81;1317;39;4952.00;571
12493;30;23510627;12493;565;13809;14379;4.34;0.26;386.12;19.82;1316;39;4953.00;570
12494;30;23510642;12494;568;13814;14385;4.33;0.26;386.09;19.82;1320;39;4954.00;571
12498;30;23510662;12498;563;13816;14385;4.35;0.26;386.20;19.83;1318;39;4955.00;569
12501;30;23510676;12501;553;13817;14385;4.42;0.27;386.27;19.83;1316;40;4956.00;568
12505;30;23510701;12505;547;13818;14385;4.43;0.27;386.40;19.84;1313;40;4957.00;567
12508;30;23510716;12508;534;13819;14389;4.46;0.27;386.43;19.84;1311;40;4958.00;570
12509;30;23510732;12509;533;13821;14390;4.55;0.27;386.45;19.85;1312;40;4959.00;569
12510;30;23510747;12510;525;13821;14390;4.61;0.28;386.43;19.85;1311;40;4960.00;569
12512;30;23510763;12512;518;13824;14391;4.69;0.28;386.40;19.93;1312;40;4961.00;567
12515;30;23510778;12515;513;13827;14391;4.72;0.29;386.46;20.25;1312;41;4962.00;564
12517;30;23510805;12517;519;13829;14391;4.79;0.29;386.54;20.27;1312;41;4963.00;562
12519;30;23510821;12519;522;13829;14391;4.85;0.29;386.71;20.27;1310;41;4964.00;562
12520;30;23510836;12520;527;13830;14391;4.87;0.29;386.73;20.27;1310;41;4965.00;561
12522;30;23510852;12522;536;13830;14391;4.89;0.30;386.81;20.27;1308;41;4966.00;561
12523;30;23510867;12523;523;13832;14391;4.93;0.30;386.90;20.28;1309;41;4967.00;559
12526;30;23510882;12526;538;13870;14461;4.95;0.30;386.87;20.23;1344;41;4968.00;591
12529;30;23510906;12529;536;13871;14462;4.97;0.30;386.89;20.23;1342;41;4969.00;591
12531;30;23510921;12531;529;13876;14462;5.07;0.31;387.02;20.25;1345;41;4970.00;586
12532;30;23510937;12532;517;13877;14462;5.13;0.31;387.09;20.25;1345;41;4971.00;585
12534;30;23510952;12534;512;13878;14462;5.19;0.32;387.23;20.25;1344;41;4972.00;584
12535;30;23510968;12535;517;13882;14462;5.22;0.32;387.28;20.35;1347;41;4973.00;580
12540;30;23510985;12540;520;13885;14462;5.29;0.32;387.38;20.35;1345;41;4974.00;577
12541;30;23511001;12541;522;13885;14462;5.35;0.32;387.40;20.35;1344;41;4975.00;577
12542;30;23511016;12542;530;13887;14463;5.38;0.33;387.38;20.34;1345;41;4976.00;576
12546;30;23511033;12546;528;13891;14464;5.40;0.33;387.53;20.35;1345;41;4977.00;573
12549;30;23511048;12549;539;13895;14464;5.41;0.33;387.56;20.36;1346;41;4978.00;569
12551;30;23511065;12551;541;13899;14468;5.40;0.33;387.70;20.36;1348;41;4979.00;569
12555;30;23511084;12555;552;13900;14468;5.38;0.33;387.78;20.36;1345;41;4980.00;568
12557;30;23511099;12557;556;13901;14468;5.39;0.33;387.78;20.43;1344;41;4981.00;567
12561;30;23511115;12561;552;13903;14468;5.35;0.32;387.85;20.44;1342;42;4982.00;565
12564;30;23511136;12564;559;13907;14474;5.33;0.32;387.99;20.44;1343;42;4983.00;567
12567;30;23511153;12567;558;13908;14474;5.31;0.32;387.94;20.44;1341;42;4984.00;566
12568;30;23511169;12568;564;13911;14474;5.29;0.32;387.97;20.46;1343;42;4985.00;563
12570;30;23511185;12570;566;13912;14477;5.30;0.32;388.07;20.45;1342;42;4986.00;565
12570;30;23511200;12570;563;13912;14477;5.30;0.32;388.07;20.45;1342;42;4987.00;565
12571;30;23511216;12571;572;13913;14477;5.28;0.32;388.09;20.46;1342;42;4988.00;564
12572;30;23511231;12572;575;13913;14478;5.24;0.32;388.08;20.46;1341;42;4989.00;565
12576;30;23511246;12576;577;13915;14479;5.22;0.32;388.13;20.46;1339;42;4990.00;564
12578;30;23511263;12578;571;13915;14479;5.23;0.32;388.12;20.46;1337;42;4991.00;564
12580;30;23511279;12580;564;13926;14492;5.27;0.32;388.15;20.45;1346;42;4992.00;566
12581;30;23511296;12581;564;13926;14492;5.29;0.32;388.13;20.45;1345;42;4993.00;566
12584;30;23511311;12584;557;13927;14492;5.30;0.32;388.17;20.46;1343;42;4994.00;565
12585;30;23511328;12585;551;13928;14494;5.30;0.32;388.21;20.46;1343;42;4995.00;566
12586;30;23511343;12586;550;13928;14494;5.38;0.33;388.27;20.46;1342;42;4996.00;566
12588;30;23511359;12588;538;13931;14498;5.43;0.33;388.28;20.46;1343;42;4997.00;567
12594;30;23511376;12594;540;13932;14498;5.46;0.33;388.32;20.47;1338;42;4998.00;566
12597;30;23511392;12597;532;13933;14502;5.47;0.33;388.40;20.47;1336;42;4999.00;569
12601;30;23511408;12601;527;13933;14502;5.49;0.33;388.44;20.47;1332;42;5000.00;569
12601;30;23511428;12601;524;13933;14502;5.51;0.33;388.44;20.47;1332;42;5001.00;569
12604;30;23511444;12604;517;13933;14502;5.51;0.33;388.51;20.47;1329;42;5002.00;569
12606;30;23511460;12606;513;13934;14502;5.50;0.33;388.56;20.54;1328;42;5003.00;568
12612;30;23511476;12612;509;13941;14514;5.48;0.33;388.66;20.53;1329;42;5004.00;573
12612;30;23511492;12612;502;13941;14514;5.45;0.33;388.66;20.53;1329;42;5005.00;573
12617;30;23511508;12617;489;13942;14514;5.38;0.33;388.77;20.53;1325;42;5006.00;572
12621;30;23511524;12621;481;13943;14514;5.33;0.32;388.85;20.53;1322;42;5007.00;571
12626;30;23511541;12626;476;13943;14514;5.31;0.32;388.99;20.53;1317;42;5008.00;571
12630;30;23511557;12630;479;13943;14514;5.28;0.32;389.03;20.53;1313;42;5009.00;571
12632;30;23511580;12632;474;13943;14515;5.26;0.32;389.17;20.53;1311;42;5010.00;572
12634;30;23511596;12634;474;13943;14515;5.29;0.32;389.20;20.53;1309;42;5011.00;572
12635;30;23511611;12635;462;13947;14521;5.31;0.32;389.23;20.53;1312;42;5012.00;574
12637;30;23511628;12637;464;13947;14522;5.27;0.32;389.29;20.53;1310;42;5013.00;575
12640;30;23511643;12640;464;13947;14522;5.28;0.32;389.40;20.53;1307;42;5014.00;575
12645;30;23511659;12645;468;13947;14522;5.31;0.32;389.44;20.53;1302;42;5015.00;575
12646;30;23511674;12646;464;13950;14526;5.37;0.33;389.43;20.52;1304;42;5016.00;576
12650;30;23511690;12650;468;13950;14526;5.36;0.33;389.55;20.52;1300;42;5017.00;576
12651;30;23511707;12651;465;13950;14526;5.42;0.33;389.60;20.52;1299;42;5018.00;576
12654;30;23511722;12654;469;13952;14527;5.44;0.33;389.55;20.60;1298;42;5019.00;575
12659;30;23511737;12659;466;13953;14531;5.42;0.33;389.56;20.60;1294;42;5020.00;578
12660;30;23511753;12660;469;13953;14531;5.42;0.33;389.54;20.60;1293;42;5021.00;578
12662;30;23511768;12662;462;13954;14534;5.45;0.33;389.49;20.59;1292;42;5022.00;580
12666;30;23511785;12666;464;13954;14534;5.46;0.33;389.72;20.59;1288;42;5023.00;580
12668;30;23511800;12668;472;13954;14534;5.45;0.33;389.81;20.59;1286;42;5024.00;580
12671;30;23511816;12671;468;13954;14534;5.46;0.33;389.85;20.59;1283;42;5025.00;580
12673;30;23511831;12673;471;13957;14538;5.48;0.33;389.97;20.59;1284;42;5026.00;581
12677;30;23511846;12677;467;13957;14538;5.50;0.33;390.11;20.59;1280;42;5027.00;581
12679;30;23511862;12679;471;13957;14538;5.50;0.34;390.20;20.59;1278;42;5028.00;581
12682;30;23511877;12682;473;13957;14538;5.48;0.33;390.27;20.59;1275;42;5029.00;581
12683;30;23511892;12683;466;13957;14539;5.44;0.33;390.27;20.59;1274;42;5030.00;582
12688;30;23511907;12688;474;13957;14540;5.38;0.33;390.34;20.59;1269;42;5031.00;583
12690;30;23511923;12690;477;13957;14540;5.34;0.33;390.36;20.59;1267;42;5032.00;583
12694;30;23511937;12694;477;13958;14541;5.31;0.32;390.41;20.59;1264;42;5033.00;583
12694;30;23511952;12694;482;13958;14541;5.32;0.33;390.41;20.59;1264;42;5034.00;583
12698;30;23511966;12698;480;13958;14541;5.31;0.32;390.46;20.59;1260;42;5035.00;583
12703;30;23511981;12703;480;13958;14541;5.29;0.32;390.51;20.59;1255;42;5036.00;583
12704;30;23511995;12704;488;13958;14541;5.29;0.32;390.59;20.59;1254;42;5037.00;583
12709;30;23512011;12709;486;13958;14541;5.25;0.32;390.90;20.59;1249;42;5038.00;583
12711;30;23512028;12711;488;13958;14541;5.26;0.32;391.02;20.59;1247;42;5039.00;583
12714;30;23512045;12714;510;14038;14771;5.59;0.35;391.09;20.47;1324;42;5040.00;733
12717;30;23512079;12717;507;14042;14772;5.59;0.35;391.14;20.47;1325;42;5041.00;730
12721;30;23512095;12721;502;14050;14772;5.59;0.35;391.18;20.45;1329;42;5042.00;722
12724;30;23512110;12724;504;14058;14772;5.63;0.35;391.31;20.44;1334;42;5043.00;714
12727;30;23512124;12727;508;14066;14772;5.62;0.35;391.35;20.44;1339;42;5044.00;706
12729;30;23512139;12729;512;14070;14772;5.63;0.35;391.42;20.43;1341;42;5045.00;702
12732;30;23512152;12732;515;14076;14772;5.62;0.35;391.45;20.42;1344;42;5046.00;696
12734;30;23512172;12734;519;14081;14772;5.62;0.35;391.47;20.42;1347;42;5047.00;691
12737;30;23512187;12737;524;14088;14773;5.63;0.35;391.51;20.41;1351;42;5048.00;685
12740;30;23512201;12740;525;14092;14774;5.64;0.35;391.48;20.41;1352;42;5049.00;682
12743;30;23512217;12743;524;14097;14774;5.65;0.35;391.59;20.41;1354;42;5050.00;677
12747;30;23512232;12747;521;14101;14775;5.63;0.35;391.69;20.40;1354;42;5051.00;674
12753;30;23512247;12753;520;14104;14775;5.60;0.35;391.73;20.40;1351;42;5052.00;671
12758;30;23512262;12758;520;14105;14775;5.54;0.34;391.67;20.40;1347;42;5053.00;670
12761;30;23512278;12761;526;14106;14775;5.47;0.34;391.73;20.40;1345;42;5054.00;669
12764;30;23512293;12764;529;14111;14779;5.43;0.33;391.74;20.40;1347;42;5055.00;668
12767;30;23512308;12767;536;14113;14779;5.38;0.33;391.74;20.40;1346;42;5056.00;666
12770;30;23512322;12770;540;14115;14779;5.29;0.32;391.72;20.40;1345;42;5057.00;664
12772;30;23512337;12772;544;14117;14782;5.22;0.32;391.76;20.39;1345;42;5058.00;665
12774;30;23512352;12774;546;14118;14782;5.16;0.32;391.71;20.39;1344;42;5059.00;664
12776;30;23512367;12776;547;14119;14782;5.14;0.31;391.72;20.39;1343;42;5060.00;663
12779;30;23512383;12779;551;14122;14786;5.12;0.31;391.77;20.39;1343;42;5061.00;664
12781;30;23512398;12781;553;14125;14787;5.13;0.31;391.74;20.39;1344;42;5062.00;662
12782;30;23512414;12782;558;14125;14787;5.13;0.31;391.75;20.39;1343;42;5063.00;662
12783;30;23512429;12783;563;14127;14791;5.13;0.32;391.73;20.39;1344;42;5064.00;664
12788;30;23512445;12788;561;14128;14791;5.07;0.31;391.77;20.39;1340;42;5065.00;663
12789;30;23512460;12789;569;14130;14791;5.03;0.31;391.75;20.39;1341;42;5066.00;661
12792;30;23512475;12792;572;14131;14792;4.97;0.30;391.72;20.39;1339;42;5067.00;661
12795;30;23512489;12795;574;14131;14792;4.92;0.30;391.71;20.39;1336;42;5068.00;661
12798;30;23512504;12798;581;14135;14798;4.94;0.30;391.73;20.38;1337;42;5069.00;663
12801;30;23512521;12801;584;14137;14798;4.91;0.30;391.68;20.42;1336;42;5070.00;661
12803;30;23512538;12803;591;14137;14799;4.85;0.30;391.64;20.42;1334;42;5071.00;662
12806;30;23512551;12806;600;14137;14799;4.77;0.29;391.60;20.42;1331;42;5072.00;662
12810;30;23512566;12810;604;14137;14799;4.66;0.29;391.57;20.42;1327;42;5073.00;662
12812;30;23512580;12812;610;14137;14799;4.59;0.28;391.55;20.42;1325;42;5074.00;662
12814;30;23512595;12814;601;14137;14799;4.47;0.27;391.51;20.42;1323;42;5075.00;662
12815;30;23512608;12815;603;14145;14811;4.45;0.27;391.50;20.41;1330;42;5076.00;666
12817;30;23512624;12817;604;14145;14811;4.39;0.27;391.46;20.41;1328;42;5077.00;666
12819;30;23512638;12819;607;14145;14811;4.33;0.27;391.46;20.41;1326;42;5078.00;666
12822;30;23512651;12822;612;14145;14811;4.32;0.27;391.50;20.41;1323;42;5079.00;666
12826;30;23512665;12826;603;14145;14811;4.28;0.26;391.44;20.41;1319;42;5080.00;666
12829;30;23512679;12829;596;14145;14811;4.21;0.26;391.42;20.41;1316;42;5081.00;666
12833;30;23512693;12833;587;14146;14815;4.19;0.26;391.39;20.41;1313;42;5082.00;669
12838;30;23512707;12838;580;14146;14815;4.13;0.25;391.33;20.41;1308;42;5083.00;669
12841;30;23512723;12841;576;14149;14819;4.11;0.25;391.31;20.41;1308;42;5084.00;670
12844;30;23512737;12844;576;14149;14821;4.06;0.25;391.27;20.41;1305;42;5085.00;672
12846;30;23512750;12846;574;14149;14821;4.01;0.25;391.27;20.41;1303;42;5086.00;672
12848;30;23512764;12848;577;14149;14821;3.96;0.24;391.22;20.41;1301;42;5087.00;672
12852;30;23512779;12852;573;14159;14834;3.98;0.24;391.24;20.41;1307;42;5088.00;675
12857;30;23512794;12857;582;14160;14834;3.97;0.24;391.17;20.41;1303;42;5089.00;674
12860;30;23512808;12860;580;14160;14834;4.00;0.24;391.17;20.41;1300;42;5090.00;674
12862;30;23512821;12862;572;14161;14835;4.04;0.25;391.17;20.40;1299;42;5091.00;674
12867;30;23512835;12867;569;14161;14836;4.08;0.25;391.15;20.40;1294;42;5092.00;675
12868;30;23512849;12868;562;14161;14836;4.13;0.25;391.15;20.40;1293;42;5093.00;675
12873;30;23512864;12873;560;14163;14839;4.17;0.25;391.13;20.48;1290;42;5094.00;676
12875;30;23512880;12875;563;14164;14839;4.19;0.26;391.11;20.49;1289;42;5095.00;675
12878;30;23512894;12878;560;14165;14839;4.20;0.26;391.14;20.51;1287;42;5096.00;674
12880;30;23512909;12880;556;14166;14839;4.18;0.25;391.12;20.52;1286;42;5097.00;673
12882;30;23512934;12882;565;14170;14845;4.23;0.26;391.11;20.51;1288;42;5098.00;675
12885;30;23512949;12885;559;14171;14845;4.23;0.26;391.11;20.52;1286;42;5099.00;674
12888;30;23512972;12888;561;14175;14864;4.24;0.26;391.09;20.52;1287;42;5100.00;689
12890;30;23512993;12890;557;14177;14864;4.26;0.26;391.09;20.54;1287;42;5101.00;687
12893;30;23513010;12893;548;14178;14868;4.31;0.26;391.11;20.54;1285;42;5102.00;690
12896;30;23513025;12896;535;14179;14869;4.34;0.26;391.06;20.56;1283;42;5103.00;690
12898;30;23513040;12898;523;14180;14869;4.35;0.27;391.05;20.58;1282;42;5104.00;689
12900;30;23513053;12900;520;14182;14870;4.40;0.27;391.03;20.59;1282;42;5105.00;688
12901;30;23513069;12901;518;14188;14870;4.41;0.27;391.03;20.63;1287;42;5106.00;682
12903;30;23513084;12903;516;14191;14870;4.40;0.27;391.04;20.67;1288;42;5107.00;679
12905;30;23513100;12905;513;14192;14870;4.41;0.27;391.00;20.69;1287;42;5108.00;678
12910;30;23513114;12910;507;14193;14870;4.40;0.27;391.07;20.72;1283;42;5109.00;677
12911;30;23513129;12911;503;14194;14870;4.45;0.27;391.07;20.74;1283;42;5110.00;676
12916;30;23513142;12916;512;14199;14870;4.46;0.27;391.00;20.79;1283;42;5111.00;671
12921;30;23513157;12921;518;14234;14940;4.55;0.28;391.07;20.78;1313;42;5112.00;706
12924;30;23513178;12924;515;14237;14941;4.60;0.28;391.13;20.80;1313;42;5113.00;704
12925;30;23513194;12925;511;14242;14941;4.69;0.29;391.16;20.81;1317;42;5114.00;699
12930;30;23513209;12930;509;14250;14941;4.75;0.29;391.29;20.85;1320;42;5115.00;691
12935;30;23513224;12935;501;14253;14941;4.75;0.29;391.21;20.86;1318;42;5116.00;688
12941;30;23513238;12941;504;14258;14941;4.75;0.29;391.34;20.89;1317;42;5117.00;683
12944;30;23513253;12944;502;14263;14941;4.73;0.29;391.44;20.93;1319;42;5118.00;678
12947;30;23513267;12947;508;14268;14941;4.69;0.28;391.56;20.97;1321;42;5119.00;673
12949;30;23513282;12949;518;14269;14942;4.65;0.28;391.65;20.97;1320;42;5120.00;673
12949;30;23513297;12949;526;14272;14943;4.63;0.28;391.65;20.99;1323;42;5121.00;671
12951;30;23513312;12951;517;14273;14943;4.61;0.28;391.72;21.01;1322;42;5122.00;670
12954;30;23513327;12954;519;14276;14947;4.57;0.28;391.81;21.01;1322;42;5123.00;671
12956;30;23513343;12956;521;14282;14947;4.54;0.28;391.78;21.10;1326;42;5124.00;665
12958;30;23513359;12958;518;14284;14947;4.55;0.28;391.85;21.12;1326;42;5125.00;663
12962;31;23513373;12962;524;14285;14947;4.51;0.28;391.91;21.14;1323;43;5126.00;662
12965;32;23513395;12965;521;14291;14953;4.54;0.28;391.99;21.17;1326;44;5127.00;662
12968;32;23513421;12968;519;14293;14953;4.56;0.28;392.11;21.20;1325;44;5128.00;660
12969;32;23513436;12969;520;14296;14953;4.58;0.28;392.13;21.22;1327;44;5129.00;657
12971;32;23513454;12971;512;14299;14959;4.60;0.28;392.13;21.23;1328;44;5130.00;660
12973;32;23513470;12973;501;14302;14959;4.64;0.28;392.12;21.26;1329;44;5131.00;657
12974;32;23513485;12974;496;14306;14959;4.67;0.29;392.16;21.28;1332;44;5132.00;653
12977;32;23513500;12977;484;14308;14960;4.69;0.29;392.26;21.30;1331;44;5133.00;652
12979;32;23513515;12979;476;14311;14961;4.74;0.29;392.27;21.31;1332;44;5134.00;650
12984;32;23513538;12984;476;14314;14961;4.74;0.29;392.35;21.33;1330;44;5135.00;647
12988;32;23513553;12988;471;14323;14974;4.82;0.29;392.45;21.34;1335;44;5136.00;651
12992;32;23513572;12992;468;14327;14974;4.77;0.29;392.60;21.37;1335;44;5137.00;647
12992;32;23513588;12992;467;14329;14974;4.81;0.29;392.60;21.38;1337;44;5138.00;645
12995;32;23513612;12995;482;14334;14975;4.79;0.29;392.67;21.41;1339;44;5139.00;641
12998;32;23513627;12998;490;14337;14975;4.75;0.29;392.69;21.42;1339;44;5140.00;638
13000;32;23513645;13000;493;14340;14979;4.76;0.29;392.70;21.42;1340;44;5141.00;639
13004;32;23513662;13004;495;14345;14979;4.75;0.29;392.90;21.45;1341;44;5142.00;634
13007;32;23513678;13007;495;14347;14983;4.74;0.29;392.93;21.45;1340;44;5143.00;636
13008;32;23513694;13008;499;14349;14983;4.73;0.29;392.92;21.48;1341;44;5144.00;634
13013;32;23513710;13013;501;14351;14983;4.76;0.29;392.99;21.49;1338;44;5145.00;632
13017;32;23513728;13017;501;14352;14983;4.74;0.29;392.97;21.49;1335;44;5146.00;631
13020;32;23513743;13020;496;14355;14983;4.71;0.29;392.93;21.52;1335;44;5147.00;628
13023;32;23513759;13023;500;14367;14995;4.74;0.29;392.97;21.53;1344;44;5148.00;628
13024;32;23513776;13024;492;14368;14995;4.77;0.29;392.96;21.54;1344;44;5149.00;627
13025;32;23513791;13025;500;14371;14995;4.77;0.29;392.96;21.57;1346;44;5150.00;624
13027;32;23513807;13027;506;14371;14995;4.80;0.29;393.00;21.57;1344;44;5151.00;624
13029;32;23513822;13029;510;14374;14995;4.80;0.29;393.09;21.66;1345;44;5152.00;621
13031;32;23513838;13031;512;14376;14995;4.84;0.29;393.09;21.68;1345;44;5153.00;619
13033;32;23513854;13033;522;14379;14996;4.82;0.29;393.08;21.69;1346;44;5154.00;617
13034;32;23513869;13034;522;14382;14998;4.83;0.29;393.07;21.69;1348;44;5155.00;616
13036;32;23513892;13036;518;14387;15004;4.84;0.29;393.16;21.70;1351;44;5156.00;617
13038;32;23513908;13038;512;14387;15005;4.85;0.29;393.13;21.70;1349;44;5157.00;618
13041;32;23513924;13041;518;14387;15005;4.83;0.29;393.17;21.70;1346;44;5158.00;618
13044;32;23513939;13044;520;14387;15005;4.87;0.29;393.20;21.70;1343;44;5159.00;618
13046;32;23513957;13046;527;14392;15010;4.87;0.30;393.17;21.70;1346;44;5160.00;618
13047;32;23513973;13047;526;14392;15010;4.88;0.30;393.15;21.70;1345;44;5161.00;618
13047;32;23513988;13047;533;14393;15010;4.88;0.30;393.15;21.71;1346;44;5162.00;617
13048;32;23514003;13048;527;14395;15011;4.94;0.30;393.15;21.71;1347;44;5163.00;616
13050;32;23514021;13050;537;14396;15015;4.96;0.30;393.21;21.71;1346;44;5164.00;619
13051;32;23514037;13051;525;14397;15015;5.00;0.30;393.20;21.72;1346;44;5165.00;618
13054;32;23514053;13054;521;14398;15018;5.02;0.30;393.17;21.72;1344;44;5166.00;620
13056;32;23514069;13056;529;14399;15018;5.02;0.30;393.16;21.72;1343;44;5167.00;619
13056;32;23514084;13056;517;14399;15018;5.08;0.31;393.16;21.72;1343;44;5168.00;619
13057;32;23514102;13057;513;14400;15018;5.16;0.31;393.15;21.73;1343;44;5169.00;618
13059;32;23514117;13059;511;14403;15022;5.21;0.32;393.20;21.73;1344;44;5170.00;619
13062;32;23514134;13062;508;14403;15022;5.23;0.32;393.25;21.73;1341;44;5171.00;619
13062;32;23514149;13062;501;14403;15022;5.25;0.32;393.25;21.73;1341;44;5172.00;619
13065;32;23514165;13065;497;14404;15022;5.24;0.32;393.24;21.74;1339;44;5173.00;618
13067;32;23514181;13067;497;14404;15023;5.28;0.32;393.29;21.74;1337;44;5174.00;619
13071;32;23514198;13071;501;14404;15025;5.22;0.32;393.38;21.74;1333;44;5175.00;621
13074;32;23514214;13074;497;14404;15025;5.20;0.32;393.35;21.74;1330;44;5176.00;621
13077;32;23514230;13077;493;14405;15026;5.20;0.32;393.50;21.73;1328;44;5177.00;621
13080;32;23514245;13080;494;14405;15026;5.17;0.31;393.59;21.73;1325;44;5178.00;621
13081;32;23514261;13081;487;14405;15026;5.17;0.31;393.57;21.73;1324;44;5179.00;621
13083;32;23514276;13083;477;14406;15026;5.17;0.31;393.61;21.74;1323;44;5180.00;620
13085;32;23514296;13085;485;14407;15026;5.18;0.32;393.70;21.75;1322;44;5181.00;619
13089;32;23514312;13089;474;14407;15026;5.18;0.32;393.78;21.75;1318;44;5182.00;619
13092;32;23514328;13092;471;14407;15026;5.20;0.32;393.78;21.75;1315;44;5183.00;619
13098;32;23514344;13098;488;14471;15153;5.21;0.32;393.88;21.65;1373;44;5184.00;682
13100;32;23514371;13100;473;14473;15154;5.21;0.32;393.92;21.67;1373;44;5185.00;681
13103;32;23514387;13103;473;14476;15154;5.17;0.32;393.95;21.66;1373;44;5186.00;678
13106;32;23514403;13106;476;14479;15154;5.12;0.32;394.06;21.66;1373;44;5187.00;675
13109;32;23514419;13109;479;14480;15154;5.05;0.31;394.11;21.66;1371;44;5188.00;674
13110;32;23514436;13110;484;14482;15154;4.98;0.31;394.09;21.66;1372;44;5189.00;672
13112;32;23514454;13112;477;14483;15154;4.98;0.31;394.16;21.65;1371;44;5190.00;671
13113;32;23514470;13113;483;14484;15154;5.01;0.31;394.20;21.65;1371;44;5191.00;670
13117;32;23514486;13117;489;14486;15155;5.03;0.31;394.27;21.65;1369;44;5192.00;669
13119;32;23514503;13119;496;14488;15156;5.06;0.31;394.32;21.65;1369;44;5193.00;668
13123;32;23514517;13123;498;14491;15156;5.10;0.31;394.35;21.65;1368;44;5194.00;665
13126;32;23514533;13126;502;14494;15157;5.07;0.31;394.33;21.65;1368;44;5195.00;663
13127;32;23514575;13127;503;14495;15157;5.08;0.31;394.34;21.65;1368;44;5196.00;662
13131;32;23514594;13131;498;14499;15157;5.05;0.31;394.47;21.65;1368;44;5197.00;658
13135;32;23514610;13135;509;14500;15157;5.02;0.31;394.45;21.65;1365;44;5198.00;657
13137;32;23514626;13137;509;14503;15161;5.02;0.31;394.51;21.65;1366;44;5199.00;658
13139;32;23514643;13139;516;14504;15161;5.01;0.31;394.56;21.64;1365;44;5200.00;657
13143;32;23514662;13143;525;14504;15161;4.95;0.30;394.61;21.64;1361;44;5201.00;657
13144;32;23514677;13144;533;14505;15164;4.95;0.30;394.61;21.64;1361;44;5202.00;659
13147;32;23514693;13147;539;14505;15164;4.91;0.30;394.73;21.64;1358;44;5203.00;659
13150;32;23514708;13150;547;14505;15164;4.87;0.30;394.88;21.64;1355;44;5204.00;659
13152;32;23514724;13152;552;14506;15168;4.85;0.30;394.95;21.64;1354;44;5205.00;662
13154;32;23514741;13154;556;14507;15169;4.81;0.29;394.99;21.64;1353;44;5206.00;662
13158;32;23514757;13158;558;14507;15169;4.78;0.29;395.11;21.64;1349;44;5207.00;662
13161;32;23514776;13161;564;14509;15173;4.75;0.29;395.08;21.64;1348;44;5208.00;664
13162;32;23514798;13162;566;14510;15173;4.71;0.29;395.13;21.64;1348;44;5209.00;663
13164;32;23514813;13164;568;14510;15173;4.67;0.28;395.15;21.64;1346;44;5210.00;663
13166;32;23514828;13166;569;14510;15174;4.62;0.28;395.15;21.64;1344;44;5211.00;664
13166;32;23514842;13166;580;14510;15174;4.59;0.28;395.15;21.64;1344;44;5212.00;664
13169;32;23514857;13169;583;14514;15180;4.58;0.28;395.11;21.63;1345;44;5213.00;666
13170;32;23514873;13170;588;14514;15180;4.55;0.28;395.09;21.63;1344;44;5214.00;666
13170;32;23514888;13170;596;14514;15180;4.51;0.28;395.09;21.63;1344;44;5215.00;666
13172;32;23514903;13172;598;14514;15181;4.49;0.27;395.09;21.63;1342;44;5216.00;667
13174;32;23514918;13174;599;14514;15181;4.46;0.27;395.16;21.63;1340;44;5217.00;667
13174;32;23514934;13174;612;14514;15181;4.45;0.27;395.16;21.63;1340;44;5218.00;667
13175;32;23514949;13175;615;14514;15181;4.41;0.27;395.20;21.63;1339;44;5219.00;667
13177;32;23514965;13177;622;14534;15217;4.46;0.28;395.15;21.60;1357;44;5220.00;683
13177;32;23514982;13177;630;14534;15217;4.43;0.27;395.15;21.60;1357;44;5221.00;683
13179;32;23514996;13179;630;14536;15217;4.40;0.27;395.15;21.60;1357;44;5222.00;681
13181;32;23515012;13181;635;14536;15217;4.33;0.27;395.14;21.60;1355;44;5223.00;681
13182;32;23515026;13182;644;14536;15217;4.28;0.27;395.11;21.60;1354;44;5224.00;681
13183;32;23515043;13183;643;14536;15217;4.24;0.26;395.11;21.60;1353;44;5225.00;681
13186;32;23515056;13186;639;14537;15221;4.24;0.26;395.20;21.60;1351;44;5226.00;684
13188;32;23515071;13188;640;14537;15221;4.19;0.26;395.19;21.60;1349;44;5227.00;684
13191;32;23515084;13191;642;14539;15225;4.17;0.26;395.13;21.59;1348;44;5228.00;686
13192;32;23515098;13192;641;14539;15226;4.11;0.25;395.10;21.59;1347;44;5229.00;687
13194;32;23515112;13194;643;14539;15226;4.08;0.25;395.11;21.59;1345;44;5230.00;687
13199;32;23515126;13199;642;14539;15226;4.02;0.25;395.15;21.59;1340;44;5231.00;687
13202;32;23515140;13202;642;14549;15239;3.99;0.25;395.08;21.58;1347;44;5232.00;690
13204;32;23515156;13204;645;14549;15239;3.99;0.25;395.12;21.58;1345;44;5233.00;690
13207;32;23515170;13207;647;14549;15239;3.97;0.25;395.07;21.58;1342;44;5234.00;690
13210;32;23515183;13210;650;14550;15240;3.98;0.25;395.07;21.58;1340;44;5235.00;690
13210;32;23515197;13210;644;14550;15241;4.01;0.25;395.07;21.58;1340;44;5236.00;691
13214;32;23515210;13214;635;14550;15241;3.98;0.25;395.04;21.58;1336;44;5237.00;691
13214;32;23515224;13214;635;14551;15244;4.01;0.25;395.04;21.58;1337;44;5238.00;693
13218;32;23515237;13218;632;14551;15244;3.98;0.25;395.08;21.58;1333;44;5239.00;693
13221;32;23515250;13221;637;14552;15244;3.92;0.24;395.07;21.58;1331;44;5240.00;692
13223;32;23515264;13223;641;14552;15244;3.89;0.24;395.08;21.58;1329;44;5241.00;692
13226;32;23515276;13226;648;14555;15250;3.86;0.24;395.06;21.57;1329;44;5242.00;695
13231;32;23515289;13231;658;14555;15250;3.73;0.23;395.06;21.57;1324;44;5243.00;695
13235;32;23515303;13235;663;14555;15250;3.64;0.22;395.06;21.57;1320;44;5244.00;695
13237;32;23515316;13237;668;14556;15250;3.57;0.22;395.07;21.59;1319;44;5245.00;694
13240;32;23515330;13240;672;14557;15254;3.49;0.21;395.18;21.59;1317;44;5246.00;697
13241;32;23515342;13241;672;14557;15255;3.40;0.21;395.15;21.59;1316;44;5247.00;698
13244;32;23515354;13244;657;14557;15255;3.34;0.20;395.12;21.59;1313;44;5248.00;698
13246;32;23515367;13246;649;14558;15256;3.31;0.20;395.15;21.59;1312;44;5249.00;698
13248;32;23515380;13248;632;14558;15256;3.30;0.20;395.14;21.59;1310;44;5250.00;698
13250;32;23515393;13250;621;14558;15256;3.34;0.20;395.11;21.59;1308;44;5251.00;698
13252;32;23515405;13252;607;14558;15256;3.36;0.21;395.08;21.59;1306;44;5252.00;698
13254;32;23515425;13254;599;14558;15256;3.40;0.21;395.08;21.59;1304;44;5253.00;698
13257;33;23515444;13257;589;14558;15256;3.49;0.21;395.07;21.59;1301;45;5254.00;698
13260;33;23515468;13260;583;14558;15256;3.59;0.22;395.06;21.59;1298;45;5255.00;698
13261;33;23515481;13261;582;14584;15326;3.84;0.24;395.04;21.55;1323;45;5256.00;742
13264;33;23515505;13264;571;14586;15327;3.94;0.24;395.09;21.57;1322;45;5257.00;741
13265;33;23515519;13265;566;14592;15327;4.12;0.25;395.07;21.56;1327;45;5258.00;735
13268;33;23515534;13268;553;14597;15327;4.25;0.26;395.17;21.56;1329;45;5259.00;730
13271;33;23515548;13271;541;14601;15327;4.39;0.27;395.14;21.55;1330;45;5260.00;726
13273;33;23515564;13273;533;14603;15327;4.49;0.27;395.14;21.55;1330;45;5261.00;724
13275;33;23515579;13275;524;14604;15327;4.54;0.28;395.12;21.55;1329;45;5262.00;723
13277;33;23515599;13277;520;14605;15327;4.56;0.28;395.13;21.55;1328;46;5263.00;722
13278;33;23515619;13278;513;14607;15328;4.59;0.28;395.13;21.55;1329;46;5264.00;721
13282;33;23515634;13282;513;14608;15330;4.58;0.28;395.12;21.55;1326;46;5265.00;722
13285;33;23515650;13285;519;14609;15330;4.61;0.28;395.09;21.54;1324;46;5266.00;721
13287;33;23515665;13287;516;14612;15334;4.63;0.28;395.14;21.54;1325;46;5267.00;722
13290;33;23515681;13290;508;14614;15334;4.64;0.28;395.12;21.55;1324;46;5268.00;720
13292;33;23515697;13292;510;14615;15334;4.67;0.28;395.10;21.55;1323;46;5269.00;719
13297;33;23515711;13297;510;14615;15334;4.68;0.29;395.07;21.55;1318;46;5270.00;719
13302;33;23515727;13302;497;14619;15340;4.68;0.28;395.02;21.55;1317;46;5271.00;721
13304;33;23515743;13304;497;14619;15340;4.71;0.29;395.07;21.55;1315;46;5272.00;721
13309;33;23515758;13309;505;14619;15340;4.66;0.28;395.08;21.55;1310;46;5273.00;721
13311;33;23515774;13311;496;14622;15343;4.67;0.28;395.08;21.57;1311;46;5274.00;721
13317;33;23515789;13317;492;14622;15343;4.66;0.28;395.11;21.57;1305;46;5275.00;721
13322;33;23515806;13322;489;14623;15343;4.68;0.28;395.06;21.59;1301;46;5276.00;720
13326;33;23515820;13326;494;14625;15344;4.72;0.28;395.08;21.62;1299;46;5277.00;719
13328;33;23515836;13328;490;14627;15345;4.76;0.29;395.08;21.63;1299;46;5278.00;718
13330;33;23515852;13330;490;14630;15345;4.80;0.29;395.12;21.68;1300;46;5279.00;715
13333;33;23515869;13333;480;14648;15371;4.89;0.30;395.20;21.66;1315;46;5280.00;723
13334;33;23515888;13334;478;14649;15371;4.96;0.30;395.19;21.66;1315;46;5281.00;722
13336;33;23515904;13336;473;14652;15371;5.00;0.30;395.18;21.69;1316;46;5282.00;719
13341;33;23515921;13341;473;14655;15372;4.99;0.30;395.16;21.71;1314;46;5283.00;717
13342;33;23515937;13342;467;14655;15372;4.99;0.30;395.15;21.71;1313;46;5284.00;717
13347;33;23515953;13347;467;14659;15376;5.02;0.30;395.26;21.74;1312;46;5285.00;717
13353;33;23515970;13353;469;14663;15376;5.00;0.30;395.35;21.76;1310;46;5286.00;713
13356;33;23515986;13356;464;14669;15379;4.96;0.30;395.45;22.16;1313;47;5287.00;710
13359;33;23516022;13359;471;14671;15380;4.97;0.30;395.55;22.18;1312;47;5288.00;709
13363;33;23516039;13363;477;14673;15380;4.94;0.30;395.64;22.19;1310;47;5289.00;707
13363;33;23516055;13363;475;14674;15380;4.95;0.30;395.64;22.21;1311;47;5290.00;706
13367;33;23516072;13367;473;14679;15380;4.94;0.30;395.62;22.32;1312;47;5291.00;701
13369;33;23516089;13369;475;14690;15392;4.90;0.30;395.62;22.33;1321;47;5292.00;702
13369;33;23516106;13369;478;14692;15392;4.93;0.30;395.62;22.35;1323;47;5293.00;700
13373;33;23516123;13373;488;14694;15392;4.94;0.30;395.75;22.36;1321;47;5294.00;698
13379;33;23516139;13379;491;14696;15392;4.94;0.30;395.73;22.38;1317;47;5295.00;696
13381;33;23516155;13381;491;14697;15392;4.94;0.30;395.83;22.39;1316;47;5296.00;695
13384;33;23516171;13384;487;14699;15392;4.92;0.30;395.90;22.42;1315;47;5297.00;693
13385;33;23516187;13385;487;14701;15393;4.92;0.30;395.89;22.44;1316;47;5298.00;692
13394;33;23516205;13394;491;14702;15393;4.85;0.29;396.03;22.53;1308;47;5299.00;691
13397;33;23516222;13397;498;14707;15399;4.84;0.29;396.16;22.54;1310;47;5300.00;692
13398;33;23516243;13398;500;14711;15400;4.86;0.29;396.19;22.59;1313;47;5301.00;689
13402;33;23516258;13402;503;14712;15400;4.88;0.30;396.21;22.61;1310;47;5302.00;688
13405;33;23516280;13405;504;14713;15400;4.88;0.30;396.33;22.62;1308;47;5303.00;687
13407;33;23516297;13407;504;14717;15404;4.90;0.30;396.32;22.63;1310;47;5304.00;687
13411;33;23516312;13411;510;14719;15404;4.89;0.30;396.44;22.65;1308;47;5305.00;685
13413;33;23516328;13413;510;14720;15404;4.90;0.30;396.51;22.66;1307;47;5306.00;684
13415;33;23516343;13415;501;14722;15405;4.94;0.30;396.65;22.68;1307;47;5307.00;683
13418;33;23516359;13418;501;14725;15409;4.92;0.30;396.76;22.77;1307;47;5308.00;684
13420;33;23516376;13420;501;14726;15409;4.93;0.30;396.75;22.78;1306;47;5309.00;683
13422;33;23516393;13422;498;14731;15415;4.93;0.30;396.79;22.80;1309;47;5310.00;684
13427;33;23516410;13427;501;14734;15415;4.88;0.30;396.88;22.85;1307;47;5311.00;681
13428;33;23516428;13428;506;14736;15415;4.90;0.30;396.88;22.87;1308;47;5312.00;679
13431;33;23516443;13431;511;14738;15415;4.88;0.30;396.96;22.90;1307;47;5313.00;677
13433;33;23516458;13433;512;14744;15419;4.89;0.30;397.08;22.93;1311;47;5314.00;675
13434;33;23516474;13434;514;14744;15419;4.90;0.30;397.06;22.93;1310;47;5315.00;675
13437;33;23516490;13437;522;14746;15419;4.87;0.30;397.15;22.95;1309;47;5316.00;673
13439;33;23516507;13439;520;14747;15419;4.86;0.30;397.21;22.96;1308;47;5317.00;672
13442;33;23516522;13442;523;14749;15420;4.81;0.29;397.24;22.98;1307;47;5318.00;671
13444;33;23516544;13444;526;14751;15421;4.78;0.29;397.32;23.00;1307;47;5319.00;670
13444;33;23516559;13444;525;14752;15421;4.80;0.29;397.32;23.01;1308;47;5320.00;669
13448;33;23516576;13448;525;14754;15422;4.79;0.29;397.41;23.02;1306;47;5321.00;668
13450;33;23516592;13450;513;14757;15422;4.79;0.29;397.43;23.06;1307;47;5322.00;665
13453;33;23516608;13453;520;14759;15422;4.79;0.29;397.48;23.08;1306;47;5323.00;663
13453;33;23516623;13453;520;14760;15422;4.81;0.29;397.48;23.08;1307;47;5324.00;662
13456;33;23516638;13456;528;14761;15422;4.82;0.29;397.53;23.10;1305;47;5325.00;661
13460;33;23516653;13460;528;14764;15422;4.83;0.29;397.57;23.12;1304;47;5326.00;658
13462;33;23516668;13462;538;14765;15422;4.89;0.30;397.59;23.13;1303;47;5327.00;657
13466;33;23516683;13466;558;14834;15549;5.04;0.31;397.73;23.04;1368;47;5328.00;715
13469;33;23516709;13469;549;14835;15550;5.07;0.31;397.87;23.05;1366;47;5329.00;715
13470;33;23516730;13470;545;14840;15550;5.11;0.32;397.86;23.06;1370;47;5330.00;710
13471;33;23516746;13471;550;14845;15550;5.13;0.32;397.86;23.06;1374;47;5331.00;705
13474;33;23516767;13474;549;14848;15550;5.13;0.32;397.88;23.08;1374;47;5332.00;702
13477;33;23516784;13477;548;14850;15550;5.13;0.32;397.87;23.08;1373;47;5333.00;700
13480;33;23516801;13480;550;14854;15550;5.15;0.32;397.89;23.10;1374;47;5334.00;696
13484;33;23516817;13484;551;14855;15550;5.14;0.32;397.89;23.10;1371;47;5335.00;695
13486;33;23516838;13486;556;14858;15551;5.19;0.32;397.91;23.11;1372;47;5336.00;693
13488;33;23516854;13488;564;14862;15552;5.20;0.32;397.94;23.12;1374;47;5337.00;690
13490;33;23516870;13490;566;14863;15552;5.19;0.32;398.03;23.12;1373;47;5338.00;689
13491;33;23516886;13491;577;14867;15553;5.14;0.31;398.06;23.15;1376;47;5339.00;686
13493;33;23516903;13493;579;14869;15553;5.11;0.31;398.07;23.15;1376;47;5340.00;684
13496;33;23516919;13496;565;14871;15553;5.06;0.31;398.06;23.16;1375;47;5341.00;682
13498;33;23516941;13498;574;14873;15553;5.02;0.31;398.12;23.16;1375;47;5342.00;680
13498;33;23516958;13498;569;14876;15557;5.00;0.31;398.12;23.16;1378;47;5343.00;681
13501;33;23516975;13501;563;14879;15557;4.92;0.30;398.09;23.18;1378;47;5344.00;678
13503;33;23516991;13503;558;14880;15557;4.87;0.30;398.20;23.19;1377;47;5345.00;677
13504;33;23517008;13504;554;14883;15560;4.83;0.30;398.20;23.21;1379;47;5346.00;677
13505;33;23517029;13505;548;14885;15560;4.87;0.30;398.18;23.30;1380;47;5347.00;675
13509;33;23517046;13509;546;14886;15560;4.84;0.30;398.27;23.30;1377;47;5348.00;674
13513;33;23517063;13513;537;14887;15564;4.90;0.30;398.37;23.31;1374;47;5349.00;677
13516;33;23517078;13516;533;14888;15565;4.95;0.30;398.44;23.31;1372;47;5350.00;677
13520;33;23517093;13520;525;14888;15565;4.97;0.30;398.45;23.31;1368;47;5351.00;677
13524;33;23517111;13524;527;14891;15569;4.93;0.30;398.46;23.31;1367;47;5352.00;678
13527;33;23517126;13527;519;14895;15569;4.88;0.30;398.48;23.32;1368;47;5353.00;674
13529;33;23517141;13529;519;14895;15569;4.89;0.30;398.50;23.32;1366;47;5354.00;674
13530;33;23517156;13530;519;14897;15571;4.88;0.30;398.49;23.33;1367;47;5355.00;674
13535;33;23517172;13535;512;14898;15571;4.80;0.29;398.57;23.33;1363;47;5356.00;673
13538;33;23517196;13538;511;14901;15577;4.77;0.29;398.59;23.33;1363;47;5357.00;676
13542;33;23517213;13542;509;14903;15577;4.71;0.29;398.64;23.33;1361;47;5358.00;674
13544;33;23517229;13544;513;14903;15577;4.71;0.29;398.64;23.33;1359;47;5359.00;674
13547;33;23517244;13547;513;14905;15578;4.68;0.29;398.67;23.34;1358;47;5360.00;673
13548;33;23517260;13548;522;14907;15578;4.68;0.29;398.71;23.43;1359;47;5361.00;671
13551;33;23517281;13551;521;14908;15578;4.65;0.28;398.82;23.43;1357;48;5362.00;670
13553;33;23517305;13553;519;14910;15578;4.66;0.28;398.88;23.44;1357;48;5363.00;668
13555;33;23517323;13555;524;14918;15590;4.70;0.29;398.91;23.43;1363;48;5364.00;672
13556;33;23517339;13556;521;14918;15590;4.75;0.29;398.93;23.43;1362;48;5365.00;672
13557;33;23517355;13557;523;14921;15590;4.77;0.29;398.94;23.52;1364;48;5366.00;669
13561;33;23517370;13561;521;14921;15590;4.80;0.29;398.94;23.52;1360;48;5367.00;669
13567;33;23517386;13567;522;14922;15590;4.81;0.30;399.07;23.52;1355;48;5368.00;668
13568;33;23517402;13568;524;14922;15590;4.81;0.30;399.08;23.52;1354;48;5369.00;668
13572;33;23517418;13572;517;14923;15594;4.81;0.30;399.08;23.52;1351;48;5370.00;671
13573;33;23517435;13573;514;14924;15594;4.78;0.29;399.07;23.53;1351;48;5371.00;670
13576;33;23517450;13576;513;14926;15598;4.78;0.29;399.07;23.53;1350;48;5372.00;672
13580;33;23517465;13580;523;14926;15599;4.69;0.29;399.03;23.53;1346;48;5373.00;673
13583;33;23517487;13583;527;14927;15599;4.63;0.28;399.05;23.53;1344;48;5374.00;672
13584;33;23517502;13584;524;14927;15599;4.59;0.28;399.07;23.53;1343;48;5375.00;672
13586;33;23517517;13586;527;14940;15612;4.55;0.28;399.14;23.65;1354;48;5376.00;672
13586;33;23517534;13586;530;14943;15612;4.58;0.28;399.14;23.74;1357;48;5377.00;669
13591;33;23517549;13591;538;14944;15612;4.57;0.28;399.23;23.75;1353;48;5378.00;668
13591;33;23517563;13591;544;14945;15613;4.57;0.28;399.23;23.75;1354;48;5379.00;668
13594;33;23517578;13594;553;14946;15614;4.56;0.28;399.32;23.87;1352;48;5380.00;668
13598;33;23517594;13598;562;14946;15614;4.57;0.28;399.35;23.87;1348;48;5381.00;668
13601;33;23517612;13601;570;14947;15617;4.57;0.28;399.39;23.87;1346;48;5382.00;670
13604;33;23517627;13604;573;14947;15617;4.52;0.28;399.52;23.87;1343;48;5383.00;670
13605;33;23517642;13605;579;14948;15617;4.48;0.27;399.55;24.00;1343;48;5384.00;669
13607;33;23517656;13607;585;14948;15617;4.49;0.27;399.55;24.00;1341;48;5385.00;669
13610;33;23517672;13610;584;14952;15623;4.51;0.28;399.51;23.99;1342;48;5386.00;671
13613;33;23517687;13613;590;14952;15623;4.51;0.28;399.52;23.99;1339;48;5387.00;671
13618;33;23517702;13618;593;14953;15623;4.47;0.27;399.47;24.12;1335;48;5388.00;670
13621;33;23517717;13621;603;14953;15623;4.45;0.27;399.40;24.12;1332;48;5389.00;670
13621;33;23517731;13621;604;14954;15627;4.45;0.27;399.40;24.12;1333;48;5390.00;673
13626;33;23517746;13626;614;14954;15628;4.38;0.27;399.43;24.12;1328;48;5391.00;674
13627;33;23517761;13627;618;14954;15628;4.31;0.26;399.41;24.12;1327;48;5392.00;674
13628;33;23517774;13628;624;14955;15629;4.28;0.26;399.38;24.11;1327;48;5393.00;674
13628;33;23517788;13628;625;14955;15629;4.25;0.26;399.38;24.11;1327;48;5394.00;674
13630;33;23517802;13630;625;14955;15629;4.20;0.26;399.39;24.11;1325;48;5395.00;674
13631;33;23517814;13631;636;14955;15629;4.15;0.25;399.43;24.11;1324;48;5396.00;674
13631;33;23517827;13631;633;14955;15629;4.13;0.25;399.43;24.11;1324;48;5397.00;674
13633;33;23517840;13633;636;14955;15629;4.09;0.25;399.41;24.11;1322;48;5398.00;674
13634;33;23517854;13634;633;14955;15629;4.07;0.25;399.44;24.11;1321;48;5399.00;674
