step_arrived;step_collisions;step_duration;step_ended;step_halting;step_inserted;step_loaded;step_meanSpeed;step_meanSpeedRelative;step_meanTravelTime;step_meanWaitingTime;step_running;step_teleports;step_time;step_waiting
0;0;23188506;0;1;85;245;16.58;1.17;-1.00;0.00;85;0;0.00;160
0;0;23188533;0;1;98;245;15.82;1.09;-1.00;0.13;98;0;1.00;147
0;0;23188534;0;0;118;245;15.16;1.03;-1.00;0.45;118;0;2.00;127
0;0;23188535;0;1;132;245;14.19;0.96;-1.00;0.72;132;0;3.00;113
0;0;23188536;0;1;146;245;13.14;0.88;-1.00;1.03;146;0;4.00;99
0;0;23188537;0;3;156;245;11.96;0.80;-1.00;1.29;156;0;5.00;89
0;0;23188539;0;3;167;245;11.11;0.74;-1.00;1.60;167;0;6.00;78
0;0;23188540;0;9;174;245;10.36;0.69;-1.00;1.82;174;0;7.00;71
0;0;23188542;0;15;183;246;9.69;0.64;-1.00;2.12;183;0;8.00;63
0;0;23188544;0;17;190;247;9.40;0.62;-1.00;2.37;190;0;9.00;57
0;0;23188547;0;19;197;247;9.06;0.60;-1.00;2.64;197;0;10.00;50
1;0;23188549;1;27;203;248;8.74;0.57;11.00;2.84;202;0;11.00;45
1;0;23188551;1;32;208;248;8.63;0.57;11.00;3.06;207;0;12.00;40
1;0;23188553;1;34;212;248;8.47;0.55;11.00;3.25;211;0;13.00;36
2;0;23188556;2;36;216;248;8.36;0.54;12.50;3.45;214;0;14.00;32
2;0;23188558;2;46;223;252;8.08;0.52;12.50;3.69;221;0;15.00;29
2;0;23188561;2;44;224;252;8.05;0.52;12.50;3.74;222;0;16.00;28
3;0;23188564;3;52;229;252;7.94;0.51;14.00;4.00;226;0;17.00;23
3;0;23188567;3;55;231;255;7.90;0.51;14.00;4.06;228;0;18.00;24
3;0;23188569;3;60;233;255;7.85;0.50;14.00;4.11;230;0;19.00;22
4;0;23188572;4;66;235;255;7.83;0.50;15.50;4.25;231;0;20.00;20
5;0;23188574;5;70;242;259;8.01;0.51;16.60;4.40;237;0;21.00;17
6;0;23188578;6;72;244;260;8.07;0.51;17.33;4.46;238;0;22.00;16
6;0;23188582;6;78;246;260;8.02;0.51;17.33;4.61;240;0;23.00;14
6;0;23188585;6;81;249;264;8.13;0.51;17.33;4.65;243;0;24.00;15
6;0;23188588;6;84;252;264;8.22;0.52;17.33;4.70;246;0;25.00;12
6;0;23188590;6;85;252;264;8.40;0.53;17.33;4.70;246;0;26.00;12
6;0;23188593;6;89;253;265;8.48;0.53;17.33;4.74;247;0;27.00;12
6;0;23188597;6;91;254;265;8.60;0.54;17.33;4.83;248;0;28.00;11
6;0;23188600;6;93;259;271;8.59;0.54;17.33;4.75;253;0;29.00;12
8;0;23188605;8;92;260;271;8.57;0.53;20.13;4.78;252;0;30.00;11
8;0;23188608;8;95;262;272;8.62;0.53;20.13;4.87;254;0;31.00;10
8;0;23188612;8;96;263;272;8.66;0.54;20.13;4.97;255;0;32.00;9
10;0;23188616;10;100;264;272;8.57;0.53;22.70;5.08;254;0;33.00;8
11;0;23188619;11;104;264;272;8.53;0.53;23.27;5.08;253;0;34.00;8
11;0;23188622;11;107;265;272;8.37;0.52;23.27;5.08;254;0;35.00;7
11;0;23188625;11;108;276;284;8.70;0.54;23.27;5.01;265;0;36.00;8
12;0;23188629;12;112;276;284;8.60;0.53;24.00;5.01;264;0;37.00;8
12;0;23188632;12;114;278;284;8.48;0.53;24.00;5.09;266;0;38.00;6
14;0;23188635;14;117;279;284;8.22;0.51;25.64;5.14;265;0;39.00;5
14;0;23188638;14;119;280;284;8.02;0.50;25.64;5.17;266;0;40.00;4
14;0;23188641;14;120;281;284;7.78;0.48;25.64;5.17;267;0;41.00;3
14;0;23188645;14;125;285;288;7.74;0.48;25.64;5.11;271;0;42.00;3
15;0;23188648;15;127;285;288;7.61;0.47;26.20;5.11;270;0;43.00;3
16;0;23188651;16;132;289;292;7.55;0.47;27.19;5.06;273;0;44.00;3
17;0;23188655;17;137;291;294;7.41;0.46;27.00;5.02;274;0;45.00;3
18;0;23188657;18;140;291;294;7.25;0.45;27.67;5.02;273;0;46.00;3
18;0;23188661;18;138;291;294;7.25;0.45;27.67;5.02;273;0;47.00;3
19;0;23188664;19;143;302;307;7.59;0.47;28.74;4.84;283;0;48.00;5
19;0;23188669;19;143;302;307;7.51;0.47;28.74;4.84;283;0;49.00;5
19;0;23188672;19;145;302;307;7.50;0.47;28.74;4.84;283;0;50.00;5
19;0;23188674;19;146;303;308;7.48;0.47;28.74;4.83;284;0;51.00;5
20;0;23188677;20;148;304;309;7.37;0.46;29.85;4.81;284;0;52.00;5
21;0;23188682;21;151;304;309;7.33;0.46;29.95;4.81;283;0;53.00;5
22;0;23188685;22;153;306;312;7.32;0.46;29.41;4.78;284;0;54.00;6
23;0;23188689;23;154;306;312;7.27;0.45;30.52;4.78;283;0;55.00;6
24;0;23188692;24;146;307;312;7.25;0.45;30.63;4.77;283;0;56.00;5
25;0;23188695;25;143;307;312;7.27;0.45;31.68;4.77;282;0;57.00;5
25;0;23188699;25;141;312;318;7.34;0.46;31.68;4.71;287;0;58.00;6
27;0;23188702;27;141;312;318;7.24;0.45;33.52;4.71;285;0;59.00;6
28;0;23188707;28;144;312;318;7.23;0.44;34.46;4.71;284;0;60.00;6
29;0;23188710;29;145;313;318;7.17;0.44;35.38;4.71;284;0;61.00;5
29;0;23188715;29;150;317;322;7.19;0.44;35.38;4.66;288;0;62.00;5
30;0;23188718;30;152;318;323;7.27;0.44;34.90;4.65;288;0;63.00;5
32;0;23188721;32;153;318;323;7.36;0.45;36.50;4.65;286;0;64.00;5
32;0;23188724;32;156;319;324;7.54;0.46;36.50;4.64;287;0;65.00;5
33;0;23188727;33;158;319;324;7.59;0.46;37.30;4.64;286;0;66.00;5
33;0;23188731;33;147;319;324;7.69;0.47;37.30;4.64;286;0;67.00;5
35;0;23188733;35;143;319;324;7.78;0.47;38.91;4.64;284;0;68.00;5
35;0;23188736;35;138;319;324;7.90;0.48;38.91;4.64;284;0;69.00;5
35;0;23188739;35;133;319;324;8.06;0.49;38.91;4.64;284;0;70.00;5
35;0;23188742;35;129;319;324;8.21;0.50;38.91;4.64;284;0;71.00;5
36;0;23188746;36;135;351;394;8.31;0.51;39.25;4.21;315;0;72.00;43
36;0;23188754;36;128;352;395;8.49;0.52;39.25;4.20;316;0;73.00;43
36;0;23188758;36;121;358;395;8.83;0.54;39.25;4.17;322;0;74.00;37
37;0;23188761;37;118;360;395;9.04;0.55;40.22;4.16;323;0;75.00;35
37;0;23188766;37;115;362;395;9.26;0.57;40.22;4.16;325;0;76.00;33
38;2;23188770;38;113;363;395;9.38;0.57;41.18;4.16;325;2;77.00;32
38;2;23188799;38;115;367;395;9.55;0.58;41.18;4.18;329;2;78.00;28
39;2;23188803;39;117;368;395;9.57;0.58;41.77;4.19;329;2;79.00;27
39;2;23188814;39;120;370;396;9.52;0.58;41.77;4.21;331;2;80.00;26
40;2;23188823;40;121;373;397;9.46;0.57;42.75;4.25;333;2;81.00;24
41;2;23188827;41;121;376;397;9.46;0.57;43.71;4.30;335;2;82.00;21
41;2;23188831;41;123;383;401;9.33;0.56;43.71;4.31;342;2;83.00;18
41;2;23188836;41;127;386;401;9.30;0.56;43.71;4.33;345;2;84.00;15
41;2;23188839;41;129;386;401;9.29;0.56;43.71;4.33;345;2;85.00;15
41;2;23188843;41;131;386;401;9.27;0.56;43.71;4.33;345;2;86.00;15
41;2;23188848;41;132;391;407;9.24;0.56;43.71;4.29;350;2;87.00;16
43;2;23188852;43;134;391;407;9.18;0.56;45.77;4.29;348;2;88.00;16
44;2;23188855;44;135;391;407;9.12;0.55;46.73;4.29;347;2;89.00;16
47;2;23188861;47;131;395;413;9.09;0.55;49.30;4.25;348;2;90.00;18
48;2;23188867;48;131;395;413;8.96;0.54;50.17;4.25;347;2;91.00;18
48;2;23188871;48;132;397;413;8.96;0.54;50.17;4.23;349;2;92.00;16
50;2;23188875;50;133;398;414;8.80;0.53;51.80;4.23;348;2;93.00;16
50;2;23188886;50;132;399;415;8.75;0.53;51.80;4.22;349;2;94.00;16
52;2;23188890;52;134;399;415;8.63;0.52;53.46;4.22;347;2;95.00;16
53;2;23188894;53;136;410;428;8.48;0.52;54.26;4.10;357;2;96.00;18
55;2;23188899;55;133;410;428;8.40;0.51;54.51;4.10;355;2;97.00;18
56;2;23188903;56;134;410;428;8.45;0.51;55.29;4.10;354;2;98.00;18
57;2;23188907;57;133;411;429;8.53;0.52;56.05;4.09;354;2;99.00;18
57;2;23188913;57;134;411;429;8.57;0.52;56.05;4.09;354;2;100.00;18
58;2;23188921;58;136;414;433;8.72;0.53;56.83;4.07;356;2;101.00;19
59;2;23188926;59;135;414;433;8.82;0.54;57.51;4.07;355;2;102.00;19
59;2;23188931;59;136;418;437;8.76;0.53;57.51;4.04;359;2;103.00;19
60;2;23188935;60;132;418;437;8.83;0.54;58.23;4.04;358;2;104.00;19
61;2;23188939;61;127;418;437;8.93;0.55;59.00;4.04;357;2;105.00;19
63;2;23188942;63;123;418;437;9.03;0.55;60.37;4.04;355;2;106.00;19
64;3;23188948;64;114;418;437;9.04;0.55;61.08;4.04;354;3;107.00;19
64;3;23188959;64;109;428;449;9.21;0.56;61.08;3.95;364;3;108.00;21
67;3;23188969;67;102;429;449;9.30;0.57;62.64;3.94;362;3;109.00;20
68;3;23188974;68;99;432;449;9.46;0.58;63.34;4.09;364;3;110.00;17
69;3;23188981;69;95;432;449;9.67;0.59;64.01;4.09;363;3;111.00;17
69;3;23188986;69;90;432;449;9.89;0.60;64.01;4.09;363;3;112.00;17
69;3;23188998;69;88;432;449;10.07;0.62;64.01;4.09;363;3;113.00;17
70;3;23189004;70;85;433;450;10.15;0.62;64.73;4.09;363;3;114.00;17
71;3;23189009;71;79;433;450;10.21;0.62;65.44;4.09;362;3;115.00;17
71;3;23189016;71;75;438;456;10.39;0.63;65.44;4.05;367;3;116.00;18
74;3;23189021;74;71;438;457;10.37;0.63;67.45;4.05;364;3;117.00;19
74;3;23189026;74;70;439;457;10.49;0.64;67.45;4.05;365;3;118.00;18
74;3;23189032;74;68;439;457;10.63;0.65;67.45;4.05;365;3;119.00;18
75;3;23189039;75;67;443;462;10.81;0.66;68.15;4.01;368;3;120.00;19
76;3;23189045;76;68;443;462;10.97;0.67;68.76;4.01;367;3;121.00;19
76;3;23189051;76;66;444;462;11.11;0.68;68.76;4.27;368;3;122.00;18
76;3;23189057;76;66;445;463;11.20;0.69;68.76;4.27;369;3;123.00;18
77;3;23189063;77;68;449;467;11.17;0.68;69.43;4.24;372;3;124.00;18
79;3;23189070;79;69;450;467;11.24;0.69;70.53;4.51;371;3;125.00;17
79;3;23189076;79;70;454;470;11.45;0.70;70.53;4.70;375;3;126.00;16
80;3;23189082;80;73;456;470;11.59;0.71;71.22;4.96;376;3;127.00;14
80;3;23189088;80;77;456;470;11.73;0.72;71.22;4.96;376;3;128.00;14
82;3;23189094;82;79;457;470;11.77;0.72;72.57;5.08;375;3;129.00;13
83;3;23189100;83;81;462;474;11.91;0.73;72.69;5.33;379;3;130.00;12
85;3;23189106;85;82;463;474;11.90;0.73;73.94;5.45;378;3;131.00;11
85;3;23189113;85;85;465;474;11.84;0.72;73.94;5.65;380;3;132.00;9
87;3;23189119;87;85;466;474;11.73;0.72;74.03;5.82;379;3;133.00;8
89;3;23189125;89;86;469;475;11.65;0.71;75.19;5.90;380;3;134.00;6
90;3;23189132;90;87;471;477;11.60;0.71;75.86;5.88;381;3;135.00;6
94;3;23189138;94;89;473;477;11.57;0.71;77.61;6.00;379;3;136.00;4
96;3;23189145;96;90;474;478;11.59;0.71;78.84;5.99;378;3;137.00;4
99;3;23189152;99;94;475;478;11.62;0.71;79.74;6.12;376;3;138.00;3
102;3;23189157;102;96;475;478;11.71;0.72;80.64;6.12;373;3;139.00;3
106;3;23189165;106;96;475;478;11.68;0.71;82.26;6.12;369;3;140.00;3
107;3;23189171;107;96;476;478;11.67;0.71;82.76;6.20;369;3;141.00;2
108;3;23189177;108;97;476;478;11.63;0.71;83.31;6.20;368;3;142.00;2
108;3;23189184;108;100;477;478;11.58;0.71;83.31;6.29;369;3;143.00;1
109;3;23189190;109;122;554;605;11.05;0.69;82.87;5.42;445;3;144.00;51
110;3;23189207;110;116;559;606;10.86;0.68;83.12;5.42;449;3;145.00;47
112;3;23189215;112;109;565;606;10.84;0.68;83.66;5.38;453;3;146.00;41
112;3;23189221;112;109;568;606;10.79;0.68;83.66;5.37;456;3;147.00;38
112;3;23189228;112;112;574;606;10.71;0.67;83.66;5.36;462;3;148.00;32
114;3;23189234;114;113;575;606;10.70;0.67;84.74;5.36;461;3;149.00;31
114;3;23189242;114;114;580;611;10.69;0.67;84.74;5.34;466;3;150.00;31
114;3;23189252;114;111;583;611;10.71;0.67;84.74;5.35;469;3;151.00;28
118;3;23189258;118;114;586;612;10.68;0.66;85.37;5.36;468;3;152.00;26
120;3;23189266;120;116;591;613;10.75;0.67;86.42;5.39;471;3;153.00;22
120;3;23189273;120;117;593;613;10.74;0.66;86.42;5.41;473;3;154.00;20
121;3;23189282;121;117;596;614;10.63;0.66;86.98;5.42;475;3;155.00;18
122;3;23189290;122;123;600;614;10.50;0.65;86.37;5.45;478;3;156.00;14
124;3;23189299;124;123;603;614;10.49;0.65;87.42;5.48;479;3;157.00;11
124;3;23189305;124;127;604;614;10.48;0.65;87.42;5.49;480;3;158.00;10
125;3;23189312;125;135;608;618;10.37;0.64;86.83;5.46;483;3;159.00;10
127;3;23189320;127;145;610;618;10.30;0.64;87.92;5.49;483;3;160.00;8
128;3;23189326;128;152;611;618;10.19;0.63;88.49;5.51;483;3;161.00;7
130;3;23189334;130;155;613;621;10.06;0.62;88.85;5.52;483;3;162.00;8
131;3;23189340;131;161;614;621;10.01;0.62;89.39;5.54;483;3;163.00;7
132;3;23189349;132;163;615;621;9.94;0.62;89.41;5.57;483;3;164.00;6
132;3;23189355;132;172;619;625;9.84;0.61;89.41;5.55;487;3;165.00;6
134;3;23189362;134;169;620;626;9.84;0.61;89.64;5.55;486;3;166.00;6
137;3;23189370;137;167;620;626;9.73;0.60;90.71;5.55;483;3;167.00;6
139;3;23189376;139;170;624;630;9.70;0.60;91.66;5.52;485;3;168.00;6
141;3;23189384;141;167;626;630;9.64;0.59;92.18;5.52;485;3;169.00;4
142;3;23189390;142;161;627;630;9.65;0.60;91.71;5.55;485;3;170.00;3
146;3;23189397;146;162;628;631;9.54;0.59;93.76;5.54;482;3;171.00;3
147;3;23189403;147;159;629;631;9.49;0.58;94.27;5.58;482;3;172.00;2
148;3;23189408;148;160;635;637;9.46;0.58;94.64;5.53;487;3;173.00;2
150;3;23189417;150;168;635;637;9.31;0.57;95.15;5.53;485;3;174.00;2
152;3;23189423;152;154;636;638;9.12;0.56;95.84;5.53;484;3;175.00;2
155;3;23189430;155;150;636;638;8.94;0.55;96.92;5.53;481;3;176.00;2
155;3;23189436;155;144;636;638;8.86;0.55;96.92;5.53;481;3;177.00;2
156;3;23189441;156;141;636;638;8.85;0.55;96.88;5.53;480;3;178.00;2
157;3;23189449;157;138;636;638;8.78;0.54;97.39;5.53;479;3;179.00;2
159;3;23189456;159;143;667;672;8.88;0.55;98.17;5.27;508;3;180.00;5
161;3;23189467;161;139;668;672;8.87;0.55;99.08;5.26;507;3;181.00;4
162;3;23189473;162;140;669;672;8.91;0.55;99.46;5.26;507;3;182.00;3
163;3;23189480;163;136;671;672;8.88;0.55;99.29;5.32;508;3;183.00;1
165;3;23189487;165;135;672;672;8.91;0.55;99.37;5.32;507;3;184.00;0
166;3;23189493;166;136;672;672;8.98;0.55;99.34;5.32;506;3;185.00;0
167;3;23189500;167;129;676;676;9.03;0.56;99.85;5.29;509;3;186.00;0
167;3;23189506;167;131;676;676;9.02;0.56;99.85;5.29;509;3;187.00;0
168;3;23189513;168;134;680;680;9.04;0.56;100.01;5.27;512;3;188.00;0
169;3;23189521;169;136;681;681;9.02;0.56;99.76;5.26;512;3;189.00;0
174;3;23189526;174;142;681;681;8.88;0.55;100.84;5.26;507;3;190.00;0
175;3;23189534;175;153;681;681;8.83;0.54;101.35;5.26;506;3;191.00;0
175;3;23189540;175;157;694;694;8.88;0.55;101.35;5.16;519;3;192.00;0
175;3;23189548;175;160;694;694;8.93;0.55;101.35;5.16;519;3;193.00;0
179;3;23189555;179;164;694;694;8.88;0.55;102.44;5.16;515;3;194.00;0
179;3;23189562;179;170;695;695;8.88;0.55;102.44;5.15;516;3;195.00;0
183;3;23189569;183;175;696;696;8.82;0.54;102.34;5.15;513;3;196.00;0
186;3;23189576;186;177;696;696;8.77;0.54;101.79;5.15;510;3;197.00;0
188;3;23189584;188;179;698;699;8.80;0.54;101.85;5.13;510;3;198.00;1
191;3;23189590;191;179;698;699;8.78;0.54;102.85;5.13;507;3;199.00;1
194;3;23189598;194;182;699;699;8.64;0.53;102.34;5.13;505;3;200.00;0
195;3;23189608;195;185;699;699;8.46;0.52;102.11;5.13;504;3;201.00;0
196;3;23189616;196;194;705;705;8.29;0.51;102.37;5.09;509;3;202.00;0
198;3;23189622;198;199;705;705;8.11;0.50;102.62;5.09;507;3;203.00;0
201;3;23189630;201;203;705;705;7.90;0.49;101.94;5.09;504;3;204.00;0
203;3;23189636;203;208;705;705;7.83;0.48;102.33;5.09;502;3;205.00;0
205;3;23189642;205;211;709;709;7.79;0.48;102.82;5.07;504;3;206.00;0
208;3;23189650;208;214;710;710;7.71;0.47;102.76;5.06;502;3;207.00;0
210;3;23189656;210;216;710;710;7.56;0.46;102.59;5.06;500;3;208.00;0
211;3;23189662;211;221;711;711;7.55;0.46;102.73;5.06;500;3;209.00;0
216;3;23189671;216;225;711;711;7.33;0.45;101.86;5.06;495;3;210.00;0
216;3;23189678;216;230;711;711;7.29;0.45;101.86;5.06;495;3;211.00;0
218;3;23189685;218;236;711;711;7.19;0.44;102.18;5.06;493;3;212.00;0
220;3;23189691;220;241;711;711;7.11;0.43;102.06;5.06;491;3;213.00;0
221;3;23189697;221;245;711;711;7.00;0.43;101.73;5.06;490;3;214.00;0
222;3;23189703;222;249;711;711;6.95;0.42;102.20;5.06;489;3;215.00;0
222;3;23189709;222;263;753;781;7.21;0.44;102.20;4.78;531;3;216.00;28
223;3;23189722;223;261;755;782;7.15;0.44;101.96;4.77;532;3;217.00;27
223;3;23189730;223;262;762;782;7.23;0.45;101.96;4.74;539;3;218.00;20
224;3;23189738;224;264;765;782;7.28;0.45;102.13;4.73;541;3;219.00;17
225;3;23189745;225;265;768;782;7.26;0.45;102.47;4.73;543;3;220.00;14
226;3;23189752;226;272;771;782;7.22;0.44;102.59;4.73;545;3;221.00;11
227;3;23189758;227;263;774;782;7.17;0.44;103.09;4.74;547;3;222.00;8
227;3;23189765;227;257;776;782;7.15;0.44;103.09;4.74;549;3;223.00;6
228;3;23189772;228;242;777;783;7.19;0.44;103.35;4.75;549;3;224.00;6
228;3;23189781;228;235;781;785;7.20;0.44;103.35;4.76;553;3;225.00;4
228;3;23189788;228;234;782;785;7.27;0.45;103.35;4.76;554;3;226.00;3
229;3;23189796;229;232;788;789;7.38;0.45;103.88;4.75;559;3;227.00;1
230;3;23189803;230;232;789;789;7.53;0.46;104.02;4.75;559;3;228.00;0
233;3;23189810;233;230;789;789;7.72;0.47;105.20;4.75;556;3;229.00;0
234;4;23189820;234;229;789;789;7.92;0.49;105.12;4.75;555;4;230.00;0
236;4;23189839;236;217;795;795;8.10;0.50;104.96;4.72;559;4;231.00;0
240;4;23189849;240;209;795;795;8.20;0.50;106.43;4.72;555;4;232.00;0
240;4;23189857;240;204;795;795;8.29;0.51;106.43;4.72;555;4;233.00;0
241;4;23189866;241;187;797;798;8.46;0.52;106.93;4.71;556;4;234.00;1
241;4;23189874;241;175;797;798;8.56;0.52;106.93;4.71;556;4;235.00;1
242;4;23189883;242;170;798;798;8.71;0.53;107.45;4.71;556;4;236.00;0
244;4;23189891;244;164;799;799;8.82;0.54;107.73;4.70;555;4;237.00;0
246;4;23189899;246;163;800;800;8.96;0.55;108.75;4.70;554;4;238.00;0
249;4;23189907;249;159;800;800;9.04;0.55;107.85;4.70;551;4;239.00;0
250;4;23189919;250;160;825;826;9.21;0.57;107.97;4.55;575;4;240.00;1
252;4;23189930;252;155;825;826;9.35;0.57;107.67;4.55;573;4;241.00;1
253;4;23189938;253;144;826;826;9.47;0.58;108.17;4.55;573;4;242.00;0
256;4;23189947;256;138;827;827;9.68;0.59;108.77;4.55;571;4;243.00;0
257;4;23189955;257;137;827;827;9.82;0.60;108.74;4.55;570;4;244.00;0
258;4;23189963;258;131;831;831;10.04;0.62;108.99;4.53;573;4;245.00;0
261;4;23189972;261;129;831;831;10.06;0.62;109.80;4.53;570;4;246.00;0
265;4;23189981;265;124;835;835;9.99;0.61;111.03;4.51;570;4;247.00;0
269;4;23189989;269;121;835;835;9.98;0.61;112.07;4.51;566;4;248.00;0
274;4;23189998;274;124;835;835;9.94;0.61;113.77;4.51;561;4;249.00;0
278;4;23190007;278;126;835;835;9.92;0.61;114.25;4.51;557;4;250.00;0
280;4;23190017;280;125;835;835;9.97;0.61;115.19;4.51;555;4;251.00;0
283;4;23190026;283;127;846;847;10.03;0.61;115.93;4.45;563;4;252.00;1
285;4;23190036;285;127;846;847;10.06;0.61;116.34;4.45;561;4;253.00;1
286;4;23190042;286;132;847;847;10.08;0.61;116.50;4.45;561;4;254.00;0
291;4;23190051;291;125;847;847;10.04;0.61;117.79;4.45;556;4;255.00;0
291;4;23190058;291;125;847;847;10.07;0.61;117.79;4.45;556;4;256.00;0
293;4;23190066;293;124;847;847;10.08;0.61;118.67;4.45;554;4;257.00;0
295;4;23190073;295;128;848;848;10.01;0.61;119.53;4.45;553;4;258.00;0
296;4;23190082;296;132;848;848;9.98;0.61;119.54;4.45;552;4;259.00;0
299;4;23190088;299;134;854;854;9.97;0.61;119.88;4.42;555;4;260.00;0
299;4;23190097;299;137;855;855;9.99;0.61;119.88;4.42;556;4;261.00;0
300;4;23190103;300;140;855;855;10.03;0.61;119.88;4.42;555;4;262.00;0
301;4;23190109;301;142;855;855;9.93;0.60;119.87;4.42;554;4;263.00;0
301;4;23190118;301;148;859;859;9.85;0.60;119.87;4.40;558;4;264.00;0
301;4;23190124;301;147;859;859;9.85;0.60;119.87;4.40;558;4;265.00;0
301;4;23190132;301;143;859;859;9.86;0.60;119.87;4.40;558;4;266.00;0
302;4;23190139;302;144;860;860;10.00;0.60;120.04;4.39;558;4;267.00;0
304;4;23190147;304;143;864;864;10.01;0.61;120.26;4.38;560;4;268.00;0
305;4;23190154;305;140;864;864;10.15;0.61;120.51;4.38;559;4;269.00;0
307;4;23190164;307;135;868;870;10.22;0.62;120.31;4.36;561;4;270.00;2
310;4;23190172;310;134;868;870;10.33;0.62;121.41;4.36;558;4;271.00;2
311;4;23190181;311;133;870;870;10.38;0.63;121.67;4.35;559;4;272.00;0
313;4;23190188;313;130;870;870;10.50;0.63;122.26;4.35;557;4;273.00;0
315;4;23190195;315;127;874;874;10.57;0.64;122.31;4.34;559;4;274.00;0
318;4;23190203;318;127;874;874;10.62;0.64;122.93;4.34;556;4;275.00;0
321;4;23190209;321;126;874;874;10.63;0.64;123.47;4.34;553;4;276.00;0
324;4;23190218;324;121;874;874;10.57;0.64;124.11;4.34;550;4;277.00;0
326;4;23190225;326;121;875;875;10.55;0.64;124.18;4.33;549;4;278.00;0
328;4;23190233;328;116;876;876;10.53;0.64;124.14;4.33;548;4;279.00;0
330;4;23190240;330;111;876;876;10.50;0.64;124.06;4.33;546;4;280.00;0
332;4;23190248;332;113;877;877;10.53;0.64;124.23;4.32;545;4;281.00;0
333;4;23190255;333;102;877;877;10.54;0.64;124.26;4.32;544;4;282.00;0
335;4;23190262;335;99;877;877;10.54;0.64;124.24;4.32;542;4;283.00;0
340;4;23190270;340;96;877;877;10.50;0.64;124.73;4.32;537;4;284.00;0
340;4;23190278;340;93;877;877;10.59;0.64;124.73;4.32;537;4;285.00;0
343;4;23190285;343;89;877;877;10.70;0.65;125.85;4.32;534;4;286.00;0
344;4;23190293;344;87;877;877;10.85;0.66;125.83;4.32;533;4;287.00;0
344;4;23190301;344;106;943;1004;10.60;0.66;125.83;4.02;599;4;288.00;61
345;4;23190319;345;92;946;1005;10.73;0.66;125.79;4.01;601;4;289.00;59
346;4;23190328;346;85;953;1005;10.81;0.67;125.64;4.00;607;4;290.00;52
347;4;23190338;347;79;955;1005;10.90;0.67;125.70;4.00;608;4;291.00;50
350;4;23190348;350;75;961;1005;10.97;0.68;126.26;4.00;611;4;292.00;44
351;4;23190356;351;73;963;1005;11.12;0.68;126.02;4.00;612;4;293.00;42
352;4;23190366;352;74;965;1005;11.29;0.69;125.91;4.00;613;4;294.00;40
353;4;23190374;353;71;967;1005;11.43;0.70;125.57;4.01;614;4;295.00;38
353;4;23190384;353;75;971;1006;11.57;0.71;125.57;4.03;618;4;296.00;35
355;4;23190392;355;73;976;1007;11.66;0.72;125.35;4.05;621;4;297.00;31
358;4;23190401;358;70;979;1007;11.69;0.72;125.26;4.07;621;4;298.00;28
361;4;23190410;361;73;982;1008;11.70;0.72;125.60;4.09;621;4;299.00;26
364;4;23190422;364;77;988;1014;11.66;0.72;126.57;4.11;624;4;300.00;26
365;4;23190437;365;73;990;1014;11.62;0.71;126.65;4.13;625;4;301.00;24
367;4;23190447;367;79;992;1014;11.55;0.71;127.59;4.15;625;4;302.00;22
369;4;23190456;369;85;995;1018;11.37;0.70;127.66;4.17;626;4;303.00;23
371;4;23190466;371;88;999;1018;11.26;0.69;127.77;4.21;628;4;304.00;19
372;4;23190475;372;98;1003;1018;11.11;0.68;128.03;4.24;631;4;305.00;15
375;4;23190484;375;110;1006;1021;10.97;0.67;128.39;4.23;631;4;306.00;15
379;4;23190495;379;112;1009;1021;10.80;0.66;128.90;4.26;630;4;307.00;12
380;4;23190517;380;116;1010;1021;10.78;0.66;129.13;4.28;630;4;308.00;11
382;4;23190526;382;119;1017;1025;10.72;0.66;129.32;4.32;635;4;309.00;8
384;5;23190536;384;123;1018;1026;10.74;0.66;129.92;4.32;634;5;310.00;8
387;5;23190558;387;129;1021;1026;10.75;0.66;130.51;4.34;634;5;311.00;5
387;5;23190569;387;130;1026;1030;10.77;0.66;130.51;4.33;639;5;312.00;4
390;5;23190579;390;134;1027;1030;10.75;0.66;130.81;4.33;637;5;313.00;3
392;5;23190588;392;138;1028;1030;10.72;0.66;131.10;4.33;636;5;314.00;2
398;5;23190598;398;139;1030;1032;10.64;0.65;131.13;4.33;632;5;315.00;2
402;5;23190607;402;144;1030;1032;10.67;0.65;132.39;4.33;628;5;316.00;2
403;5;23190617;403;145;1036;1038;10.67;0.65;132.66;4.31;633;5;317.00;2
405;5;23190633;405;147;1036;1038;10.59;0.65;133.19;4.31;631;5;318.00;2
405;5;23190642;405;151;1037;1039;10.49;0.64;133.19;4.30;632;5;319.00;2
406;5;23190651;406;153;1037;1039;10.31;0.63;133.21;4.30;631;5;320.00;2
407;5;23190659;407;159;1037;1039;10.15;0.62;133.66;4.30;630;5;321.00;2
407;5;23190669;407;164;1037;1039;10.10;0.62;133.66;4.30;630;5;322.00;2
410;5;23190677;410;172;1037;1039;10.01;0.61;134.68;4.30;627;5;323.00;2
412;5;23190686;412;163;1047;1051;9.97;0.61;135.05;4.26;635;5;324.00;4
414;5;23190696;414;162;1047;1051;9.94;0.61;135.65;4.26;633;5;325.00;4
415;5;23190705;415;162;1049;1051;9.92;0.61;135.41;4.26;634;5;326.00;2
418;5;23190714;418;164;1049;1051;9.88;0.61;135.75;4.26;631;5;327.00;2
422;5;23190722;422;165;1049;1051;9.78;0.60;136.44;4.26;627;5;328.00;2
424;5;23190731;424;167;1049;1051;9.71;0.60;136.70;4.26;625;5;329.00;2
425;5;23190740;425;171;1053;1055;9.59;0.59;136.73;4.28;628;5;330.00;2
426;5;23190750;426;176;1054;1055;9.58;0.59;136.95;4.32;628;5;331.00;1
427;5;23190758;427;179;1058;1059;9.71;0.60;136.99;4.31;631;5;332.00;1
430;5;23190768;430;185;1059;1060;9.80;0.60;137.84;4.30;629;5;333.00;1
432;5;23190776;432;185;1060;1060;9.80;0.60;138.03;4.30;628;5;334.00;0
436;5;23190785;436;188;1060;1060;9.77;0.60;138.64;4.30;624;5;335.00;0
437;5;23190793;437;192;1073;1073;9.70;0.60;138.35;4.25;636;5;336.00;0
440;5;23190803;440;196;1073;1073;9.74;0.60;138.56;4.25;633;5;337.00;0
445;5;23190811;445;196;1073;1073;9.72;0.59;139.22;4.25;628;5;338.00;0
448;5;23190820;448;202;1074;1074;9.67;0.59;139.85;4.25;626;5;339.00;0
453;5;23190828;453;205;1075;1075;9.56;0.58;140.53;4.25;622;5;340.00;0
455;5;23190836;455;207;1075;1075;9.44;0.58;141.02;4.25;620;5;341.00;0
460;5;23190843;460;211;1078;1078;9.30;0.57;142.02;4.23;618;5;342.00;0
464;5;23190852;464;211;1078;1078;9.25;0.56;143.28;4.23;614;5;343.00;0
466;5;23190861;466;210;1078;1078;9.24;0.56;143.19;4.23;612;5;344.00;0
469;5;23190869;469;215;1078;1078;9.14;0.56;144.48;4.23;609;5;345.00;0
473;5;23190877;473;220;1084;1084;9.02;0.55;145.11;4.22;611;5;346.00;0
474;5;23190886;474;222;1084;1084;8.80;0.54;145.08;4.22;610;5;347.00;0
478;5;23190893;478;220;1084;1084;8.51;0.52;145.14;4.22;606;5;348.00;0
479;5;23190900;479;224;1084;1084;8.26;0.50;145.06;4.22;605;5;349.00;0
480;5;23190906;480;216;1088;1088;8.10;0.49;145.49;4.20;608;5;350.00;0
483;5;23190915;483;215;1089;1089;8.02;0.49;146.25;4.20;606;5;351.00;0
485;5;23190922;485;203;1089;1089;8.02;0.49;146.60;4.20;604;5;352.00;0
488;5;23190929;488;201;1090;1090;8.05;0.49;147.63;4.20;602;5;353.00;0
490;5;23190937;490;202;1090;1090;8.08;0.50;147.86;4.20;600;5;354.00;0
492;5;23190943;492;202;1090;1090;8.10;0.50;148.25;4.20;598;5;355.00;0
495;5;23190952;495;205;1090;1090;8.08;0.50;148.81;4.20;595;5;356.00;0
499;5;23190958;499;200;1090;1090;8.09;0.50;148.75;4.20;591;5;357.00;0
502;5;23190967;502;201;1090;1090;8.07;0.50;149.52;4.20;588;5;358.00;0
505;5;23190974;505;198;1090;1090;8.03;0.50;150.08;4.20;585;5;359.00;0
509;5;23190984;509;200;1157;1215;8.18;0.51;149.48;3.96;648;5;360.00;58
511;5;23191002;511;203;1164;1216;8.15;0.51;150.01;3.94;653;5;361.00;52
512;5;23191011;512;206;1174;1216;8.21;0.51;149.87;3.92;662;5;362.00;42
514;5;23191020;514;209;1176;1216;8.18;0.51;150.00;3.92;662;5;363.00;40
518;5;23191027;518;214;1184;1216;8.14;0.51;150.04;3.92;666;5;364.00;32
521;5;23191036;521;218;1185;1216;8.04;0.50;149.81;3.92;664;5;365.00;31
526;5;23191043;526;220;1189;1216;7.88;0.49;149.96;3.93;663;5;366.00;27
527;5;23191052;527;225;1193;1216;7.77;0.48;150.19;3.94;666;5;367.00;23
531;5;23191059;531;236;1197;1217;7.62;0.47;150.42;3.95;666;5;368.00;20
535;5;23191069;535;235;1201;1218;7.44;0.46;150.30;3.97;666;5;369.00;17
535;5;23191078;535;240;1205;1218;7.36;0.46;150.30;3.98;670;5;370.00;13
538;5;23191087;538;245;1209;1222;7.30;0.45;150.08;3.97;671;5;371.00;13
540;5;23191096;540;250;1212;1222;7.19;0.45;149.88;3.99;672;5;372.00;10
542;5;23191104;542;264;1212;1222;7.07;0.44;149.90;3.99;670;5;373.00;10
543;5;23191112;543;271;1215;1222;7.00;0.44;149.78;4.02;672;5;374.00;7
546;5;23191120;546;281;1221;1228;6.85;0.43;150.01;4.02;675;5;375.00;7
547;5;23191130;547;286;1225;1228;6.72;0.42;149.89;4.05;678;5;376.00;3
549;5;23191137;549;294;1226;1228;6.67;0.41;149.86;4.06;677;5;377.00;2
549;5;23191146;549;299;1229;1231;6.59;0.41;149.86;4.06;680;5;378.00;2
554;5;23191154;554;301;1230;1231;6.44;0.40;149.51;4.06;676;5;379.00;1
556;5;23191162;556;303;1230;1231;6.42;0.39;149.65;4.06;674;5;380.00;1
558;5;23191171;558;293;1231;1232;6.32;0.39;149.64;4.06;673;5;381.00;1
563;5;23191180;563;284;1233;1233;6.31;0.39;150.14;4.06;670;5;382.00;0
564;5;23191189;564;282;1233;1233;6.35;0.39;149.92;4.06;669;5;383.00;0
568;5;23191198;568;275;1244;1246;6.43;0.39;149.14;4.02;676;5;384.00;2
568;5;23191207;568;268;1245;1246;6.56;0.40;149.14;4.02;677;5;385.00;1
569;5;23191217;569;264;1245;1246;6.70;0.41;148.92;4.02;676;5;386.00;1
571;5;23191225;571;262;1246;1247;6.79;0.41;149.15;4.02;675;5;387.00;1
572;5;23191247;572;264;1246;1247;6.91;0.42;149.07;4.02;674;5;388.00;1
573;5;23191256;573;266;1249;1251;7.08;0.43;149.06;4.01;676;5;389.00;2
573;5;23191268;573;266;1250;1251;7.10;0.43;149.06;4.01;677;5;390.00;1
574;5;23191276;574;263;1254;1255;7.13;0.43;148.85;4.00;680;5;391.00;1
575;5;23191294;575;264;1254;1255;7.18;0.44;149.06;4.00;679;5;392.00;1
576;5;23191303;576;268;1254;1255;7.18;0.44;148.85;4.00;678;5;393.00;1
576;5;23191313;576;267;1255;1255;7.22;0.44;148.85;4.00;679;5;394.00;0
579;5;23191322;579;269;1255;1255;7.26;0.44;148.97;4.00;676;5;395.00;0
579;5;23191332;579;271;1265;1267;7.40;0.45;148.97;3.97;686;5;396.00;2
579;5;23191342;579;259;1266;1267;7.50;0.46;148.97;3.97;687;5;397.00;1
580;5;23191352;580;255;1267;1267;7.58;0.46;149.21;3.97;687;5;398.00;0
581;5;23191361;581;250;1267;1267;7.65;0.47;149.40;3.97;686;5;399.00;0
583;5;23191372;583;251;1267;1267;7.68;0.47;149.62;3.97;684;5;400.00;0
583;5;23191387;583;250;1267;1267;7.83;0.48;149.62;3.97;684;5;401.00;0
587;5;23191397;587;251;1268;1268;7.91;0.48;150.29;3.96;681;5;402.00;0
587;5;23191406;587;253;1268;1268;8.05;0.49;150.29;3.96;681;5;403.00;0
590;5;23191420;590;253;1274;1274;8.07;0.49;150.24;3.95;684;5;404.00;0
593;5;23191432;593;248;1276;1276;8.11;0.50;150.62;3.94;683;5;405.00;0
595;5;23191441;595;234;1276;1276;8.13;0.50;150.87;3.94;681;5;406.00;0
597;5;23191452;597;222;1276;1276;8.15;0.50;150.89;3.94;679;5;407.00;0
598;5;23191461;598;214;1280;1280;8.26;0.51;150.84;3.93;682;5;408.00;0
600;5;23191471;600;219;1280;1280;8.32;0.51;151.47;3.93;680;5;409.00;0
603;5;23191482;603;209;1280;1280;8.43;0.52;151.96;3.93;677;5;410.00;0
604;5;23191491;604;211;1281;1281;8.55;0.52;152.09;3.93;677;5;411.00;0
608;5;23191502;608;207;1285;1285;8.63;0.53;152.86;3.92;677;5;412.00;0
609;5;23191515;609;206;1285;1285;8.72;0.53;153.29;3.92;676;5;413.00;0
610;5;23191524;610;205;1287;1288;8.80;0.54;153.70;3.91;677;5;414.00;1
612;5;23191536;612;203;1287;1288;8.81;0.54;153.98;3.91;675;5;415.00;1
615;5;23191548;615;201;1288;1288;8.85;0.54;154.79;3.91;673;5;416.00;0
615;5;23191561;615;198;1288;1288;8.88;0.54;154.79;3.91;673;5;417.00;0
620;5;23191573;620;191;1292;1292;8.90;0.54;155.67;3.90;672;5;418.00;0
622;5;23191587;622;183;1292;1292;8.92;0.55;155.62;3.90;670;5;419.00;0
624;5;23191601;624;183;1292;1292;8.98;0.55;156.17;3.90;668;5;420.00;0
625;5;23191614;625;178;1292;1292;9.07;0.55;156.53;3.90;667;5;421.00;0
629;5;23191624;629;171;1293;1293;9.18;0.56;156.58;3.90;664;5;422.00;0
631;5;23191635;631;165;1294;1294;9.28;0.57;156.76;3.90;663;5;423.00;0
633;5;23191647;633;167;1294;1294;9.40;0.57;157.15;3.90;661;5;424.00;0
635;5;23191664;635;165;1295;1295;9.56;0.58;157.85;3.90;660;5;425.00;0
638;5;23191676;638;167;1295;1295;9.65;0.59;158.41;3.90;657;5;426.00;0
639;5;23191689;639;164;1295;1295;9.71;0.59;158.38;3.90;656;5;427.00;0
642;5;23191700;642;168;1295;1295;9.71;0.59;158.81;3.90;653;5;428.00;0
645;5;23191713;645;169;1295;1295;9.82;0.60;158.98;3.90;650;5;429.00;0
649;5;23191725;649;171;1295;1295;9.85;0.60;159.54;3.90;646;5;430.00;0
653;5;23191738;653;164;1295;1295;9.80;0.60;160.32;3.90;642;5;431.00;0
655;5;23191751;655;193;1374;1422;9.50;0.59;160.60;3.67;719;5;432.00;48
658;5;23191775;658;178;1374;1423;9.48;0.59;161.26;3.67;716;5;433.00;49
664;5;23191789;664;166;1380;1423;9.52;0.59;162.31;3.67;716;5;434.00;43
666;5;23191803;666;167;1382;1423;9.57;0.59;162.57;3.67;716;5;435.00;41
667;5;23191816;667;165;1387;1423;9.67;0.60;162.60;3.67;720;5;436.00;36
668;5;23191828;668;173;1389;1423;9.77;0.60;162.47;3.67;721;5;437.00;34
673;5;23191838;673;174;1392;1423;9.79;0.60;163.16;3.67;719;5;438.00;31
676;5;23191858;676;178;1394;1423;9.87;0.61;163.81;3.68;718;5;439.00;29
679;5;23191870;679;174;1396;1424;9.86;0.60;164.23;3.68;717;5;440.00;28
681;5;23191884;681;169;1401;1425;9.89;0.61;164.22;3.70;720;5;441.00;24
683;5;23191898;683;168;1404;1425;9.90;0.61;164.21;3.72;721;5;442.00;21
685;5;23191908;685;169;1405;1426;9.93;0.61;164.59;3.72;720;5;443.00;21
688;5;23191920;688;168;1405;1426;9.95;0.61;164.98;3.72;717;5;444.00;21
688;5;23191931;688;162;1407;1426;10.02;0.62;164.98;3.74;719;5;445.00;19
692;5;23191941;692;162;1408;1426;10.06;0.62;166.13;3.74;716;5;446.00;18
695;5;23191952;695;164;1414;1430;10.02;0.61;166.60;3.77;719;5;447.00;16
697;5;23191964;697;162;1416;1430;9.99;0.61;166.95;3.77;719;5;448.00;14
699;5;23191974;699;163;1416;1430;10.01;0.61;167.37;3.77;717;5;449.00;14
703;5;23191988;703;168;1420;1436;10.08;0.62;167.87;3.76;717;5;450.00;16
706;5;23192002;706;167;1420;1436;10.10;0.62;168.25;3.76;714;5;451.00;16
712;5;23192016;712;164;1422;1436;10.20;0.62;168.70;3.77;710;5;452.00;14
716;5;23192034;716;166;1426;1440;10.19;0.62;169.07;3.78;710;5;453.00;14
720;5;23192048;720;163;1428;1441;10.22;0.62;169.69;3.79;708;5;454.00;13
722;5;23192059;722;159;1431;1441;10.16;0.62;169.53;3.83;709;5;455.00;10
725;5;23192072;725;156;1434;1445;10.16;0.62;169.77;3.83;709;5;456.00;11
727;5;23192084;727;151;1434;1445;10.14;0.62;170.27;3.83;707;5;457.00;11
729;5;23192099;729;146;1438;1445;10.08;0.61;170.14;3.87;709;5;458.00;7
732;5;23192110;732;141;1439;1446;9.98;0.61;170.47;3.86;707;5;459.00;7
735;5;23192123;735;139;1439;1446;9.97;0.61;170.46;3.86;704;5;460.00;7
737;5;23192135;737;137;1443;1452;10.05;0.61;170.72;3.85;706;5;461.00;9
741;5;23192147;741;137;1443;1452;10.09;0.62;170.98;3.85;702;5;462.00;9
744;5;23192158;744;131;1443;1453;10.16;0.62;171.65;3.85;699;5;463.00;10
745;5;23192170;745;126;1443;1453;10.22;0.62;171.85;3.85;698;5;464.00;10
749;5;23192182;749;129;1443;1453;10.29;0.62;172.29;3.85;694;5;465.00;10
753;5;23192192;753;124;1443;1453;10.32;0.63;172.60;3.85;690;5;466.00;10
759;5;23192204;759;124;1443;1453;10.35;0.63;172.60;3.85;684;5;467.00;10
760;5;23192216;760;119;1452;1465;10.38;0.63;172.80;3.83;692;5;468.00;13
763;5;23192230;763;119;1452;1465;10.38;0.63;172.78;3.83;689;5;469.00;13
766;5;23192240;766;121;1454;1465;10.45;0.63;173.22;3.83;688;5;470.00;11
769;5;23192251;769;121;1454;1465;10.54;0.64;173.69;3.83;685;5;471.00;11
772;5;23192262;772;120;1454;1465;10.61;0.64;173.62;3.83;682;5;472.00;11
773;5;23192273;773;122;1454;1465;10.73;0.65;173.54;3.83;681;5;473.00;11
774;5;23192286;774;123;1457;1469;10.75;0.65;173.65;3.82;683;5;474.00;12
776;5;23192297;776;123;1457;1469;10.88;0.66;173.95;3.82;681;5;475.00;12
778;5;23192306;778;125;1462;1473;10.93;0.66;174.45;3.87;684;5;476.00;11
778;5;23192318;778;124;1463;1474;10.91;0.66;174.45;3.87;685;5;477.00;11
781;5;23192330;781;121;1463;1474;10.84;0.66;174.76;3.87;682;5;478.00;11
782;5;23192339;782;126;1465;1474;10.74;0.65;174.93;3.92;683;5;479.00;9
785;5;23192352;785;128;1489;1500;10.61;0.65;174.98;3.89;704;5;480.00;11
789;5;23192364;789;128;1490;1500;10.60;0.65;174.78;3.89;701;5;481.00;10
791;5;23192374;791;128;1494;1500;10.57;0.64;174.74;3.92;703;5;482.00;6
793;5;23192386;793;131;1495;1501;10.62;0.65;174.79;3.92;702;5;483.00;6
795;5;23192396;795;140;1495;1502;10.62;0.65;174.74;3.92;700;5;484.00;7
796;5;23192406;796;147;1496;1502;10.63;0.65;174.86;3.94;700;5;485.00;6
798;5;23192418;798;146;1498;1505;10.65;0.65;174.98;3.93;700;5;486.00;7
800;5;23192431;800;150;1498;1505;10.64;0.65;174.86;3.93;698;5;487.00;7
803;5;23192441;803;162;1499;1505;10.59;0.65;175.05;3.93;696;5;488.00;6
805;5;23192453;805;164;1503;1505;10.53;0.64;175.00;3.97;698;5;489.00;2
807;5;23192463;807;164;1510;1511;10.48;0.64;174.94;3.96;703;5;490.00;1
809;5;23192474;809;169;1510;1511;10.43;0.63;175.09;3.96;701;5;491.00;1
812;5;23192485;812;172;1511;1511;10.30;0.63;175.09;3.96;699;5;492.00;0
814;5;23192495;814;177;1511;1511;10.18;0.62;175.11;3.96;697;5;493.00;0
815;5;23192504;815;184;1515;1515;10.01;0.61;175.10;3.96;700;5;494.00;0
816;5;23192515;816;191;1517;1517;9.86;0.60;175.14;3.95;701;5;495.00;0
819;5;23192524;819;201;1517;1517;9.74;0.60;175.17;3.95;698;5;496.00;0
819;5;23192540;819;209;1518;1518;9.65;0.59;175.17;3.95;699;5;497.00;0
819;5;23192551;819;214;1518;1518;9.58;0.59;175.17;3.95;699;5;498.00;0
823;5;23192562;823;211;1518;1518;9.52;0.58;174.95;3.95;695;5;499.00;0
826;5;23192573;826;210;1518;1518;9.45;0.58;174.81;3.95;692;5;500.00;0
827;5;23192588;827;214;1518;1518;9.43;0.58;174.86;3.95;691;5;501.00;0
827;5;23192598;827;216;1518;1518;9.34;0.57;174.86;3.95;691;5;502.00;0
828;5;23192607;828;215;1518;1518;9.27;0.57;174.85;3.95;690;5;503.00;0
830;5;23192618;830;219;1558;1588;9.36;0.58;174.72;3.85;728;5;504.00;30
831;5;23192633;831;219;1563;1589;9.34;0.58;174.63;3.84;732;5;505.00;26
835;5;23192642;835;213;1571;1589;9.35;0.58;174.20;3.83;736;5;506.00;18
836;5;23192654;836;214;1572;1589;9.41;0.58;174.24;3.83;736;5;507.00;17
839;5;23192672;839;213;1575;1589;9.38;0.58;174.49;3.83;736;5;508.00;14
841;5;23192690;841;221;1576;1589;9.39;0.58;174.52;3.83;735;5;509.00;13
843;5;23192703;843;224;1579;1589;9.41;0.58;174.43;3.83;736;5;510.00;10
844;5;23192714;844;230;1583;1589;9.38;0.57;174.35;3.84;739;5;511.00;6
847;5;23192724;847;231;1585;1590;9.41;0.58;174.83;3.85;738;5;512.00;5
851;5;23192734;851;235;1587;1591;9.41;0.58;174.68;3.85;736;5;513.00;4
855;5;23192743;855;237;1588;1591;9.37;0.57;174.50;3.85;733;5;514.00;3
862;5;23192753;862;237;1593;1595;9.25;0.56;175.24;3.85;731;5;515.00;2
864;5;23192764;864;237;1594;1595;9.15;0.56;175.03;3.85;730;5;516.00;1
871;5;23192773;871;242;1595;1595;8.97;0.55;175.65;3.86;724;5;517.00;0
876;5;23192783;876;245;1595;1595;8.79;0.53;175.57;3.86;719;5;518.00;0
881;5;23192792;881;254;1601;1601;8.65;0.53;175.62;3.85;720;5;519.00;0
884;5;23192802;884;260;1601;1601;8.49;0.52;176.04;3.85;717;5;520.00;0
886;5;23192812;886;261;1601;1601;8.34;0.51;176.35;3.85;715;5;521.00;0
890;5;23192820;890;266;1604;1604;8.16;0.50;176.95;3.84;714;5;522.00;0
891;5;23192829;891;275;1604;1604;8.02;0.49;177.14;3.84;713;5;523.00;0
892;5;23192837;892;279;1604;1604;7.84;0.48;177.26;3.84;712;5;524.00;0
892;5;23192846;892;264;1605;1605;7.72;0.47;177.26;3.84;713;5;525.00;0
897;5;23192854;897;264;1606;1606;7.57;0.46;177.33;3.83;709;5;526.00;0
899;5;23192863;899;263;1606;1606;7.40;0.45;177.42;3.83;707;5;527.00;0
901;5;23192872;901;268;1619;1619;7.34;0.45;178.06;3.80;718;5;528.00;0
902;5;23192882;902;268;1619;1619;7.25;0.44;178.32;3.80;717;5;529.00;0
903;5;23192890;903;271;1619;1619;7.14;0.44;178.69;3.80;716;5;530.00;0
906;5;23192899;906;276;1620;1620;7.13;0.44;179.28;3.80;714;5;531.00;0
909;5;23192907;909;276;1620;1620;7.12;0.43;179.38;3.80;711;5;532.00;0
909;5;23192917;909;279;1624;1624;7.16;0.44;179.38;3.79;715;5;533.00;0
911;5;23192925;911;282;1624;1624;7.11;0.43;179.27;3.79;713;5;534.00;0
912;5;23192934;912;277;1628;1628;7.07;0.43;179.60;3.79;716;5;535.00;0
914;5;23192941;914;277;1628;1628;6.99;0.43;179.75;3.79;714;5;536.00;0
916;5;23192951;916;284;1628;1628;6.90;0.42;179.59;3.79;712;5;537.00;0
918;5;23192959;918;271;1628;1628;6.86;0.42;180.16;3.79;710;5;538.00;0
923;5;23192969;923;266;1628;1628;6.84;0.42;180.53;3.79;705;5;539.00;0
925;5;23192981;925;268;1658;1662;7.06;0.44;180.52;3.72;733;5;540.00;4
930;5;23192991;930;267;1659;1662;7.13;0.44;180.78;3.72;729;5;541.00;3
932;5;23193003;932;264;1661;1662;7.18;0.44;180.95;3.72;729;5;542.00;1
934;5;23193015;934;257;1661;1662;7.21;0.44;181.24;3.72;727;5;543.00;1
937;5;23193025;937;254;1662;1662;7.27;0.45;181.32;3.72;725;5;544.00;0
940;5;23193046;940;248;1662;1662;7.31;0.45;181.05;3.72;722;5;545.00;0
940;5;23193062;940;249;1663;1663;7.40;0.45;181.05;3.71;723;5;546.00;0
942;5;23193073;942;253;1663;1663;7.45;0.45;181.46;3.71;721;5;547.00;0
945;5;23193083;945;251;1669;1669;7.47;0.46;181.24;3.70;724;5;548.00;0
946;5;23193093;946;250;1670;1670;7.49;0.46;181.56;3.70;724;5;549.00;0
950;5;23193104;950;250;1670;1670;7.47;0.45;181.84;3.70;720;5;550.00;0
951;5;23193114;951;251;1670;1670;7.46;0.45;182.08;3.70;719;5;551.00;0
953;5;23193130;953;253;1674;1674;7.45;0.45;182.25;3.69;721;5;552.00;0
953;5;23193147;953;257;1674;1674;7.44;0.45;182.25;3.69;721;5;553.00;0
954;5;23193156;954;259;1674;1674;7.42;0.45;182.49;3.69;720;5;554.00;0
955;5;23193166;955;268;1675;1675;7.35;0.45;182.63;3.69;720;5;555.00;0
959;5;23193175;959;262;1679;1679;7.36;0.45;183.12;3.68;720;5;556.00;0
963;5;23193187;963;263;1679;1679;7.31;0.44;182.93;3.68;716;5;557.00;0
966;5;23193197;966;262;1681;1682;7.30;0.44;182.68;3.68;715;5;558.00;1
966;5;23193207;966;270;1681;1682;7.33;0.44;182.68;3.68;715;5;559.00;1
969;5;23193217;969;269;1682;1682;7.36;0.45;182.59;3.68;713;5;560.00;0
971;5;23193226;971;268;1682;1682;7.39;0.45;182.84;3.68;711;5;561.00;0
974;5;23193236;974;263;1686;1686;7.47;0.46;182.66;3.67;712;5;562.00;0
978;5;23193247;978;266;1686;1686;7.53;0.46;183.12;3.67;708;5;563.00;0
980;5;23193256;980;261;1686;1686;7.54;0.46;183.31;3.67;706;5;564.00;0
983;5;23193267;983;263;1686;1686;7.58;0.46;183.79;3.67;703;5;565.00;0
984;5;23193276;984;265;1687;1687;7.63;0.46;183.88;3.67;703;5;566.00;0
987;5;23193287;987;260;1688;1688;7.65;0.47;184.18;3.67;701;5;567.00;0
988;5;23193298;988;261;1688;1688;7.62;0.47;184.30;3.67;700;5;568.00;0
990;5;23193307;990;267;1689;1689;7.62;0.46;184.47;3.67;699;5;569.00;0
991;5;23193320;991;267;1689;1689;7.58;0.46;184.54;3.67;698;5;570.00;0
995;5;23193330;995;269;1689;1689;7.48;0.46;184.72;3.67;694;5;571.00;0
997;5;23193340;997;259;1689;1689;7.49;0.46;184.73;3.67;692;5;572.00;0
999;5;23193352;999;254;1689;1689;7.47;0.45;184.79;3.67;690;5;573.00;0
1002;5;23193361;1002;250;1689;1689;7.51;0.46;185.19;3.67;687;5;574.00;0
1003;5;23193372;1003;246;1689;1689;7.56;0.46;185.15;3.67;686;5;575.00;0
1007;5;23193382;1007;267;1771;1816;7.89;0.49;185.20;3.50;764;5;576.00;45
1008;5;23193404;1008;257;1775;1817;7.97;0.49;185.15;3.49;767;5;577.00;42
1012;5;23193416;1012;251;1782;1817;8.08;0.50;185.59;3.49;770;5;578.00;35
1014;5;23193428;1014;249;1783;1817;8.15;0.50;185.88;3.49;769;5;579.00;34
1017;5;23193438;1017;248;1787;1817;8.18;0.51;186.47;3.49;770;5;580.00;30
1021;5;23193450;1021;230;1789;1817;8.14;0.50;187.02;3.49;768;5;581.00;28
1024;5;23193461;1024;226;1790;1817;8.10;0.50;187.39;3.49;766;5;582.00;27
1025;5;23193473;1025;224;1792;1817;8.14;0.50;187.61;3.50;767;5;583.00;25
1030;5;23193491;1030;223;1794;1818;8.09;0.50;188.30;3.50;764;5;584.00;24
1031;5;23193503;1031;222;1797;1820;8.09;0.50;188.56;3.51;766;5;585.00;23
1031;5;23193516;1031;230;1800;1820;8.07;0.50;188.56;3.52;769;5;586.00;20
1034;5;23193526;1034;234;1803;1821;8.03;0.49;188.95;3.52;769;5;587.00;18
1036;5;23193538;1036;246;1804;1821;8.01;0.49;189.25;3.53;768;5;588.00;17
1038;5;23193551;1038;246;1806;1821;8.06;0.49;189.51;3.54;768;5;589.00;15
1040;5;23193562;1040;249;1810;1821;8.11;0.50;190.02;3.56;770;5;590.00;11
1042;5;23193573;1042;255;1813;1825;8.17;0.50;190.33;3.56;771;5;591.00;12
1043;5;23193585;1043;250;1816;1825;8.21;0.50;190.51;3.59;773;5;592.00;9
1047;5;23193597;1047;249;1817;1825;8.21;0.50;191.05;3.59;770;5;593.00;8
1048;5;23193608;1048;243;1819;1828;8.24;0.50;191.15;3.61;771;5;594.00;9
1050;5;23193621;1050;247;1821;1828;8.27;0.51;191.40;3.62;771;5;595.00;7
1053;5;23193632;1053;242;1822;1828;8.39;0.51;191.51;3.62;769;5;596.00;6
1054;5;23193643;1054;238;1829;1832;8.48;0.52;191.82;3.63;775;5;597.00;3
1057;5;23193656;1057;228;1830;1833;8.64;0.53;192.09;3.63;773;5;598.00;3
1058;5;23193669;1058;229;1831;1833;8.74;0.53;192.07;3.63;773;5;599.00;2
1061;5;23193684;1061;237;1842;1859;8.71;0.53;192.03;3.61;781;5;600.00;17
1061;5;23193704;1061;225;1844;1859;8.83;0.54;192.03;3.61;783;5;601.00;15
1063;5;23193716;1063;222;1845;1859;8.93;0.55;192.17;3.61;782;5;602.00;14
1067;5;23193728;1067;220;1847;1860;9.01;0.55;192.43;3.61;780;5;603.00;13
1070;5;23193738;1070;219;1848;1860;9.06;0.55;192.63;3.61;778;5;604.00;12
1073;5;23193750;1073;222;1854;1866;8.97;0.55;192.76;3.61;781;5;605.00;12
1074;5;23193762;1074;220;1855;1866;8.99;0.55;192.94;3.61;781;5;606.00;11
1076;5;23193773;1076;221;1856;1867;9.06;0.55;193.25;3.61;780;5;607.00;11
1082;5;23193785;1082;225;1857;1867;9.01;0.55;193.97;3.61;775;5;608.00;10
1084;5;23193798;1084;222;1858;1867;8.97;0.54;194.06;3.61;774;5;609.00;9
1088;5;23193809;1088;225;1858;1867;8.97;0.54;194.29;3.61;770;5;610.00;9
1088;5;23193820;1088;226;1858;1867;9.03;0.55;194.29;3.61;770;5;611.00;9
1090;5;23193831;1090;237;1867;1879;9.02;0.55;194.50;3.60;777;5;612.00;12
1092;5;23193842;1092;236;1867;1879;9.05;0.55;194.70;3.60;775;5;613.00;12
1093;5;23193860;1093;236;1868;1879;9.10;0.55;194.69;3.60;775;5;614.00;11
1095;5;23193872;1095;232;1870;1879;9.13;0.56;194.53;3.60;775;5;615.00;9
1095;5;23193886;1095;231;1870;1879;9.18;0.56;194.53;3.60;775;5;616.00;9
1096;5;23193898;1096;225;1870;1879;9.29;0.57;194.53;3.60;774;5;617.00;9
1098;5;23193913;1098;225;1874;1883;9.33;0.57;194.72;3.61;776;5;618.00;9
1099;5;23193925;1099;216;1874;1883;9.42;0.57;194.97;3.61;775;5;619.00;9
1102;5;23193939;1102;214;1878;1887;9.47;0.58;195.09;3.60;776;5;620.00;9
1106;5;23193953;1106;212;1879;1888;9.51;0.58;195.45;3.60;773;5;621.00;9
1112;5;23193966;1112;207;1879;1888;9.50;0.58;196.09;3.60;767;5;622.00;9
1113;5;23193978;1113;209;1879;1888;9.53;0.58;196.12;3.60;766;5;623.00;9
1116;5;23193991;1116;215;1888;1901;9.53;0.58;196.82;3.60;772;5;624.00;13
1122;5;23194005;1122;212;1888;1901;9.58;0.58;197.41;3.60;766;5;625.00;13
1129;6;23194018;1129;208;1888;1901;9.54;0.58;197.96;3.60;759;6;626.00;13
1131;6;23194050;1131;209;1889;1902;9.51;0.57;197.95;3.59;758;6;627.00;13
1135;6;23194061;1135;205;1889;1903;9.43;0.57;198.42;3.59;754;6;628.00;14
1138;6;23194084;1138;199;1889;1903;9.39;0.57;198.96;3.59;751;6;629.00;14
1138;6;23194101;1138;193;1897;1909;9.37;0.57;198.96;3.63;759;6;630.00;12
1141;6;23194114;1141;190;1898;1909;9.36;0.57;199.45;3.63;757;6;631.00;11
1143;6;23194130;1143;184;1900;1909;9.32;0.56;199.97;3.63;757;6;632.00;9
1146;6;23194143;1146;180;1900;1909;9.27;0.56;200.53;3.63;754;6;633.00;9
1149;6;23194155;1149;177;1905;1915;9.27;0.56;200.72;3.62;756;6;634.00;10
1149;6;23194167;1149;169;1905;1915;9.26;0.56;200.72;3.62;756;6;635.00;10
1151;6;23194177;1151;170;1905;1915;9.18;0.56;201.19;3.62;754;6;636.00;10
1154;6;23194188;1154;167;1905;1915;9.15;0.55;201.47;3.62;751;6;637.00;10
1156;6;23194199;1156;165;1908;1919;9.14;0.55;201.61;3.62;752;6;638.00;11
1160;6;23194209;1160;163;1909;1920;9.16;0.55;201.76;3.61;749;6;639.00;11
1163;6;23194221;1163;169;1909;1920;9.17;0.55;201.83;3.61;746;6;640.00;11
1165;6;23194231;1165;166;1910;1921;9.25;0.56;201.96;3.61;745;6;641.00;11
1167;6;23194241;1167;165;1910;1921;9.25;0.56;201.85;3.61;743;6;642.00;11
1168;6;23194252;1168;166;1910;1921;9.32;0.56;202.11;3.61;742;6;643.00;11
1172;6;23194262;1172;170;1910;1921;9.27;0.56;202.32;3.61;738;6;644.00;11
1175;6;23194271;1175;178;1910;1921;9.23;0.56;202.79;3.61;735;6;645.00;11
1176;6;23194282;1176;179;1910;1921;9.25;0.56;202.80;3.61;734;6;646.00;11
1179;6;23194291;1179;180;1911;1921;9.21;0.56;203.04;3.64;732;6;647.00;10
1182;6;23194302;1182;185;1945;1991;9.23;0.56;203.10;3.57;763;6;648.00;46
1184;6;23194318;1184;184;1947;1992;9.05;0.55;202.98;3.57;763;6;649.00;45
1186;6;23194329;1186;189;1954;1992;8.98;0.55;203.21;3.56;768;6;650.00;38
1188;6;23194338;1188;187;1958;1992;8.94;0.54;203.03;3.56;770;6;651.00;34
1190;6;23194350;1190;189;1961;1992;8.88;0.54;202.99;3.56;771;6;652.00;31
1191;6;23194360;1191;194;1964;1992;8.85;0.54;202.92;3.59;773;6;653.00;28
1191;6;23194372;1191;198;1967;1992;8.85;0.54;202.92;3.59;776;6;654.00;25
1191;6;23194382;1191;195;1970;1992;8.82;0.54;202.92;3.62;779;6;655.00;22
1191;6;23194391;1191;199;1972;1993;8.80;0.54;202.92;3.62;781;6;656.00;21
1195;6;23194402;1195;203;1973;1994;8.75;0.53;202.93;3.62;778;6;657.00;21
1197;6;23194413;1197;205;1978;1994;8.71;0.53;202.76;3.69;781;6;658.00;16
1198;6;23194423;1198;207;1986;1998;8.72;0.53;202.70;3.72;788;6;659.00;12
1200;6;23194436;1200;212;1991;1998;8.65;0.53;202.58;3.76;791;6;660.00;7
1201;6;23194449;1201;213;1992;1998;8.57;0.53;202.42;3.76;791;6;661.00;6
1202;6;23194458;1202;220;1993;1998;8.45;0.52;202.34;3.77;791;6;662.00;5
1204;6;23194470;1204;229;2000;2004;8.39;0.51;202.27;3.77;796;6;663.00;4
1206;6;23194481;1206;241;2001;2004;8.33;0.51;202.19;3.78;795;6;664.00;3
1207;6;23194491;1207;245;2001;2004;8.32;0.51;202.11;3.78;794;6;665.00;3
1209;6;23194501;1209;249;2003;2007;8.27;0.51;201.99;3.77;794;6;666.00;4
1211;6;23194512;1211;258;2004;2007;8.25;0.51;201.97;3.78;793;6;667.00;3
1214;6;23194522;1214;258;2007;2007;8.23;0.50;201.98;3.79;793;6;668.00;0
1216;6;23194533;1216;260;2008;2008;8.17;0.50;202.09;3.79;792;6;669.00;0
1217;6;23194542;1217;265;2009;2009;8.17;0.50;201.97;3.79;792;6;670.00;0
1218;6;23194553;1218;270;2009;2009;8.14;0.50;201.88;3.79;791;6;671.00;0
1221;6;23194563;1221;279;2021;2022;8.10;0.50;201.88;3.76;800;6;672.00;1
1223;6;23194574;1223;285;2022;2022;8.03;0.49;201.71;3.76;799;6;673.00;0
1227;6;23194584;1227;282;2022;2022;7.92;0.48;201.65;3.76;795;6;674.00;0
1227;6;23194593;1227;281;2024;2024;7.84;0.48;201.65;3.76;797;6;675.00;0
1230;6;23194603;1230;278;2024;2024;7.76;0.47;201.47;3.76;794;6;676.00;0
1230;6;23194613;1230;280;2028;2028;7.70;0.47;201.47;3.75;798;6;677.00;0
1232;6;23194629;1232;281;2028;2028;7.63;0.47;201.61;3.75;796;6;678.00;0
1235;6;23194638;1235;286;2032;2032;7.53;0.46;201.45;3.75;797;6;679.00;0
1240;6;23194648;1240;285;2032;2032;7.40;0.45;201.10;3.75;792;6;680.00;0
1244;6;23194657;1244;286;2032;2032;7.30;0.44;200.94;3.75;788;6;681.00;0
1246;6;23194668;1246;286;2032;2032;7.20;0.44;200.72;3.75;786;6;682.00;0
1247;6;23194681;1247;285;2032;2032;7.15;0.44;200.66;3.75;785;6;683.00;0
1247;6;23194698;1247;284;2042;2044;7.21;0.44;200.66;3.73;795;6;684.00;2
1248;6;23194712;1248;293;2042;2044;7.21;0.44;200.71;3.73;794;6;685.00;2
1251;6;23194724;1251;294;2044;2044;7.18;0.44;200.72;3.73;793;6;686.00;0
1254;6;23194736;1254;301;2044;2044;7.13;0.44;200.81;3.73;790;6;687.00;0
1256;6;23194748;1256;300;2044;2044;7.09;0.43;201.16;3.73;788;6;688.00;0
1258;6;23194759;1258;307;2044;2044;7.06;0.43;201.21;3.73;786;6;689.00;0
1260;6;23194772;1260;314;2045;2045;6.98;0.43;201.41;3.73;785;6;690.00;0
1263;6;23194784;1263;316;2045;2045;6.87;0.42;201.61;3.73;782;6;691.00;0
1265;6;23194794;1265;318;2051;2051;6.82;0.42;201.85;3.72;786;6;692.00;0
1269;6;23194807;1269;325;2052;2052;6.68;0.41;202.20;3.72;783;6;693.00;0
1271;6;23194819;1271;329;2052;2052;6.59;0.40;202.29;3.72;781;6;694.00;0
1276;6;23194831;1276;317;2052;2052;6.50;0.40;202.46;3.72;776;6;695.00;0
1279;6;23194843;1279;303;2056;2056;6.51;0.40;202.67;3.71;777;6;696.00;0
1281;6;23194856;1281;297;2056;2056;6.46;0.40;202.59;3.71;775;6;697.00;0
1285;6;23194868;1285;295;2056;2056;6.40;0.39;202.60;3.71;771;6;698.00;0
1286;6;23194879;1286;293;2057;2057;6.40;0.39;202.75;3.71;771;6;699.00;0
1288;6;23194896;1288;279;2061;2061;6.38;0.39;202.79;3.70;773;6;700.00;0
1291;6;23194918;1291;276;2061;2061;6.40;0.39;202.62;3.70;770;6;701.00;0
1293;6;23194928;1293;268;2063;2064;6.48;0.40;202.71;3.70;770;6;702.00;1
1294;6;23194937;1294;267;2064;2064;6.55;0.40;202.87;3.70;770;6;703.00;0
1297;6;23194947;1297;259;2064;2064;6.59;0.40;203.00;3.70;767;6;704.00;0
1301;6;23194957;1301;250;2064;2064;6.64;0.41;203.41;3.70;763;6;705.00;0
1302;7;23194967;1302;252;2068;2068;6.79;0.41;203.63;3.69;766;7;706.00;0
1304;7;23194991;1304;244;2068;2068;6.88;0.42;203.75;3.69;764;7;707.00;0
1308;7;23195003;1308;241;2068;2068;6.93;0.42;203.97;3.69;760;7;708.00;0
1310;7;23195023;1310;229;2068;2068;7.03;0.43;204.36;3.69;758;7;709.00;0
1312;7;23195033;1312;225;2069;2069;7.05;0.43;204.55;3.69;757;7;710.00;0
1314;7;23195042;1314;221;2070;2070;7.17;0.44;204.49;3.69;756;7;711.00;0
1317;7;23195053;1317;226;2070;2070;7.20;0.44;205.05;3.69;753;7;712.00;0
1319;7;23195068;1319;222;2071;2071;7.34;0.45;205.13;3.69;752;7;713.00;0
1326;7;23195078;1326;225;2071;2071;7.35;0.45;205.20;3.69;745;7;714.00;0
1330;7;23195089;1330;226;2071;2071;7.41;0.45;205.32;3.69;741;7;715.00;0
1332;7;23195099;1332;228;2071;2071;7.48;0.45;205.46;3.69;739;7;716.00;0
1337;7;23195108;1337;226;2071;2071;7.52;0.46;205.81;3.69;734;7;717.00;0
1342;7;23195119;1342;221;2071;2071;7.57;0.46;206.13;3.69;729;7;718.00;0
1347;7;23195128;1347;222;2071;2071;7.58;0.46;206.19;3.69;724;7;719.00;0
1350;7;23195139;1350;227;2171;2301;8.11;0.51;206.59;3.52;821;7;720.00;130
1352;7;23195171;1352;226;2182;2302;8.22;0.52;206.51;3.51;830;7;721.00;120
1357;7;23195182;1357;227;2198;2302;8.31;0.52;206.83;3.50;841;7;722.00;104
1361;7;23195193;1361;217;2208;2302;8.38;0.53;207.17;3.49;847;7;723.00;94
1366;7;23195204;1366;215;2220;2302;8.29;0.52;207.52;3.50;854;7;724.00;82
1370;7;23195216;1370;213;2226;2302;8.19;0.51;207.91;3.50;856;7;725.00;76
1376;7;23195227;1376;214;2237;2302;8.08;0.51;208.62;3.51;861;7;726.00;65
1381;7;23195237;1381;223;2243;2302;7.99;0.50;209.27;3.52;862;7;727.00;59
1384;7;23195250;1384;221;2253;2303;7.90;0.49;209.65;3.54;869;7;728.00;50
1390;7;23195261;1390;229;2255;2304;7.79;0.49;209.86;3.55;865;7;729.00;49
1396;7;23195274;1396;226;2261;2304;7.63;0.47;210.69;3.56;865;7;730.00;43
1396;7;23195286;1396;237;2267;2305;7.53;0.47;210.69;3.58;871;7;731.00;38
1400;7;23195299;1400;241;2269;2305;7.46;0.46;210.84;3.59;869;7;732.00;36
1402;7;23195310;1402;245;2272;2305;7.40;0.46;211.02;3.60;870;7;733.00;33
1405;8;23195323;1405;253;2274;2305;7.34;0.45;211.50;3.61;869;8;734.00;31
1409;8;23195344;1409;252;2279;2309;7.33;0.45;211.76;3.62;870;8;735.00;30
1412;8;23195359;1412;258;2281;2309;7.34;0.45;212.01;3.63;869;8;736.00;28
1417;8;23195372;1417;264;2284;2309;7.35;0.45;211.93;3.65;867;8;737.00;25
1421;8;23195386;1421;266;2286;2312;7.35;0.45;211.97;3.66;865;8;738.00;26
1422;8;23195398;1422;274;2287;2312;7.39;0.45;212.14;3.67;865;8;739.00;25
1425;8;23195409;1425;278;2289;2312;7.38;0.45;212.11;3.67;864;8;740.00;23
1426;8;23195422;1426;280;2295;2316;7.44;0.46;212.26;3.68;869;8;741.00;21
1429;8;23195440;1429;285;2296;2317;7.47;0.46;212.56;3.68;867;8;742.00;21
1431;8;23195453;1431;293;2298;2317;7.51;0.46;212.62;3.69;867;8;743.00;19
1433;8;23195466;1433;297;2300;2321;7.45;0.46;212.86;3.69;867;8;744.00;21
1435;8;23195479;1435;295;2301;2321;7.36;0.45;212.86;3.69;866;8;745.00;20
1435;8;23195491;1435;309;2302;2321;7.27;0.44;212.86;3.69;867;8;746.00;19
1440;8;23195503;1440;304;2303;2322;7.14;0.44;213.11;3.70;863;8;747.00;19
1443;8;23195517;1443;302;2305;2322;7.11;0.43;213.29;3.71;862;8;748.00;17
1445;8;23195529;1445;300;2310;2328;7.09;0.43;213.43;3.71;865;8;749.00;18
1447;8;23195543;1447;291;2311;2328;7.14;0.44;213.57;3.72;864;8;750.00;17
1450;8;23195556;1450;292;2313;2329;7.15;0.44;213.71;3.72;863;8;751.00;16
1454;8;23195570;1454;289;2313;2329;7.19;0.44;213.93;3.72;859;8;752.00;16
1457;8;23195583;1457;282;2315;2329;7.22;0.44;213.86;3.75;858;8;753.00;14
1459;8;23195595;1459;285;2315;2329;7.31;0.45;214.07;3.75;856;8;754.00;14
1461;8;23195607;1461;290;2316;2329;7.38;0.45;214.12;3.75;855;8;755.00;13
1462;8;23195625;1462;286;2328;2341;7.42;0.45;214.21;3.76;866;8;756.00;13
1464;8;23195639;1464;274;2328;2341;7.44;0.45;214.16;3.76;864;8;757.00;13
1467;8;23195658;1467;270;2328;2341;7.52;0.46;214.23;3.76;861;8;758.00;13
1470;8;23195672;1470;263;2330;2341;7.57;0.46;214.19;3.79;860;8;759.00;11
1471;8;23195686;1471;264;2330;2341;7.63;0.47;214.27;3.79;859;8;760.00;11
1471;8;23195699;1471;266;2332;2341;7.74;0.47;214.27;3.81;861;8;761.00;9
1474;8;23195711;1474;271;2337;2345;7.81;0.48;214.39;3.81;863;8;762.00;8
1478;8;23195725;1478;269;2338;2345;7.90;0.48;214.61;3.82;860;8;763.00;7
1480;8;23195739;1480;271;2342;2349;7.95;0.48;214.68;3.82;862;8;764.00;7
1483;8;23195754;1483;268;2344;2351;7.99;0.49;214.88;3.83;861;8;765.00;7
1486;8;23195768;1486;267;2346;2351;8.01;0.49;214.99;3.82;860;8;766.00;5
1489;8;23195782;1489;269;2346;2351;8.03;0.49;214.96;3.82;857;8;767.00;5
1489;8;23195795;1489;264;2356;2364;8.16;0.50;214.96;3.81;867;8;768.00;8
1490;8;23195807;1490;263;2356;2364;8.14;0.50;215.00;3.81;866;8;769.00;8
1490;8;23195821;1490;257;2356;2364;8.22;0.50;215.00;3.81;866;8;770.00;8
1491;8;23195833;1491;251;2357;2365;8.25;0.50;214.97;3.81;866;8;771.00;8
1493;8;23195846;1493;248;2357;2366;8.24;0.50;215.07;3.81;864;8;772.00;9
1494;8;23195858;1494;246;2357;2366;8.19;0.50;215.13;3.81;863;8;773.00;9
1497;8;23195871;1497;240;2359;2369;8.20;0.50;215.16;3.80;862;8;774.00;10
1499;8;23195884;1499;236;2359;2369;8.13;0.49;215.18;3.80;860;8;775.00;10
1502;8;23195896;1502;240;2360;2369;8.16;0.50;215.24;3.80;858;8;776.00;9
1506;8;23195907;1506;236;2360;2369;8.13;0.49;215.29;3.80;854;8;777.00;9
1506;8;23195926;1506;242;2365;2375;8.16;0.50;215.29;3.80;859;8;778.00;10
1509;8;23195938;1509;245;2365;2375;8.17;0.50;215.30;3.80;856;8;779.00;10
1509;8;23195953;1509;247;2365;2375;8.15;0.50;215.30;3.80;856;8;780.00;10
1512;8;23195966;1512;245;2365;2375;8.16;0.50;215.48;3.80;853;8;781.00;10
1513;8;23195977;1513;247;2368;2379;8.13;0.49;215.38;3.79;855;8;782.00;11
1514;8;23195996;1514;253;2369;2380;8.14;0.50;215.55;3.79;855;8;783.00;11
1517;8;23196008;1517;258;2369;2380;8.12;0.49;215.62;3.79;852;8;784.00;11
1518;8;23196021;1518;259;2370;2381;8.18;0.50;215.75;3.79;852;8;785.00;11
1518;8;23196033;1518;260;2370;2381;8.23;0.50;215.75;3.79;852;8;786.00;11
1520;8;23196043;1520;260;2370;2381;8.19;0.50;215.74;3.79;850;8;787.00;11
1520;8;23196055;1520;262;2370;2381;8.20;0.50;215.74;3.79;850;8;788.00;11
1524;8;23196068;1524;269;2370;2381;8.12;0.49;215.81;3.79;846;8;789.00;11
1525;8;23196079;1525;264;2370;2381;8.09;0.49;215.98;3.79;845;8;790.00;11
1527;8;23196090;1527;262;2370;2381;7.98;0.49;216.05;3.79;843;8;791.00;11
1529;8;23196101;1529;267;2399;2451;7.88;0.48;216.27;3.74;870;8;792.00;52
1532;8;23196118;1532;260;2399;2452;7.91;0.48;216.42;3.74;867;8;793.00;53
1534;8;23196130;1534;255;2404;2452;8.00;0.49;216.41;3.74;870;8;794.00;48
1536;8;23196141;1536;250;2407;2452;8.05;0.49;216.56;3.74;871;8;795.00;45
1537;8;23196152;1537;246;2410;2452;8.17;0.50;216.84;3.74;873;8;796.00;42
1538;8;23196164;1538;240;2413;2452;8.19;0.50;216.87;3.74;875;8;797.00;39
1544;8;23196176;1544;237;2416;2452;8.14;0.50;217.43;3.74;872;8;798.00;36
1547;8;23196188;1547;235;2419;2452;8.13;0.49;217.51;3.75;872;8;799.00;33
1552;8;23196200;1552;234;2419;2453;8.03;0.49;217.64;3.75;867;8;800.00;34
1555;8;23196216;1555;237;2422;2454;7.98;0.49;217.88;3.75;867;8;801.00;32
1556;8;23196229;1556;234;2423;2454;7.95;0.48;217.97;3.76;867;8;802.00;31
1560;8;23196239;1560;241;2428;2458;7.79;0.47;218.40;3.76;868;8;803.00;30
1561;8;23196252;1561;237;2429;2458;7.73;0.47;218.54;3.76;868;8;804.00;29
1563;8;23196263;1563;235;2432;2458;7.64;0.47;218.93;3.79;869;8;805.00;26
1564;8;23196274;1564;239;2432;2458;7.54;0.46;218.95;3.79;868;8;806.00;26
1567;8;23196286;1567;243;2437;2464;7.52;0.46;219.29;3.79;870;8;807.00;27
1569;8;23196298;1569;240;2438;2464;7.49;0.46;219.25;3.79;869;8;808.00;26
1572;8;23196308;1572;241;2438;2464;7.45;0.46;219.52;3.79;866;8;809.00;26
1573;8;23196322;1573;243;2444;2470;7.48;0.46;219.63;3.80;871;8;810.00;26
1576;8;23196335;1576;245;2444;2470;7.46;0.46;219.82;3.80;868;8;811.00;26
1578;8;23196348;1578;239;2446;2470;7.49;0.46;219.89;3.80;868;8;812.00;24
1579;8;23196358;1579;240;2446;2471;7.53;0.46;219.92;3.80;867;8;813.00;25
1582;8;23196370;1582;238;2447;2472;7.57;0.46;219.99;3.79;865;8;814.00;25
1586;8;23196382;1586;239;2447;2472;7.51;0.46;219.92;3.79;861;8;815.00;25
1590;8;23196399;1590;243;2456;2485;7.47;0.46;219.92;3.78;866;8;816.00;29
1592;8;23196411;1592;244;2456;2485;7.44;0.46;220.07;3.78;864;8;817.00;29
1594;8;23196423;1594;241;2456;2485;7.43;0.45;220.19;3.78;862;8;818.00;29
1597;8;23196434;1597;242;2457;2486;7.48;0.46;220.10;3.78;860;8;819.00;29
1600;8;23196445;1600;249;2457;2486;7.47;0.46;220.14;3.78;857;8;820.00;29
1603;8;23196456;1603;248;2460;2490;7.57;0.46;220.00;3.78;857;8;821.00;30
1605;8;23196468;1605;255;2461;2490;7.53;0.46;219.98;3.82;856;8;822.00;29
1606;8;23196480;1606;256;2464;2494;7.49;0.46;219.99;3.81;858;8;823.00;30
1608;8;23196491;1608;265;2465;2494;7.44;0.45;219.93;3.85;857;8;824.00;29
1610;8;23196502;1610;265;2465;2494;7.39;0.45;219.92;3.85;855;8;825.00;29
1611;8;23196513;1611;273;2468;2494;7.35;0.45;219.92;3.92;857;8;826.00;26
1613;8;23196524;1613;282;2469;2494;7.31;0.45;219.93;3.96;856;8;827.00;25
1617;8;23196535;1617;282;2479;2506;7.33;0.45;219.71;3.94;862;8;828.00;27
1618;8;23196548;1618;284;2482;2506;7.37;0.45;219.61;3.97;864;8;829.00;24
1620;8;23196558;1620;285;2483;2506;7.38;0.45;219.55;4.01;863;8;830.00;23
1622;8;23196570;1622;290;2487;2506;7.39;0.45;219.35;4.08;865;8;831.00;19
1627;8;23196583;1627;294;2488;2506;7.35;0.45;219.12;4.10;861;8;832.00;18
1629;8;23196594;1629;304;2491;2506;7.34;0.45;219.22;4.14;862;8;833.00;15
1633;8;23196605;1633;310;2492;2507;7.29;0.44;219.12;4.15;859;8;834.00;15
1638;8;23196617;1638;314;2495;2507;7.19;0.44;218.75;4.20;857;8;835.00;12
1638;8;23196629;1638;319;2500;2513;7.23;0.44;218.75;4.19;862;8;836.00;13
1640;8;23196639;1640;320;2504;2514;7.14;0.43;218.82;4.22;864;8;837.00;10
1643;8;23196651;1643;326;2504;2514;7.10;0.43;218.78;4.22;861;8;838.00;10
1644;8;23196662;1644;329;2506;2514;7.06;0.43;218.78;4.25;862;8;839.00;8
1647;8;23196676;1647;336;2511;2519;7.07;0.43;218.45;4.26;864;8;840.00;8
1649;8;23196687;1649;336;2511;2519;7.01;0.43;218.30;4.26;862;8;841.00;8
1650;8;23196698;1650;342;2512;2519;6.96;0.43;218.24;4.27;862;8;842.00;7
1652;8;23196708;1652;343;2515;2520;6.95;0.42;218.08;4.29;863;8;843.00;5
1652;8;23196719;1652;351;2519;2524;6.98;0.43;218.08;4.29;867;8;844.00;5
1655;8;23196730;1655;351;2521;2524;6.94;0.42;217.86;4.30;866;8;845.00;3
1656;8;23196740;1656;352;2524;2527;6.88;0.42;217.86;4.30;868;8;846.00;3
1657;8;23196752;1657;355;2525;2527;6.81;0.42;217.88;4.30;868;8;847.00;2
1658;8;23196774;1658;359;2527;2527;6.75;0.41;217.91;4.30;869;8;848.00;0
1660;8;23196787;1660;359;2527;2527;6.63;0.41;217.97;4.30;867;8;849.00;0
1660;8;23196797;1660;355;2531;2531;6.64;0.41;217.97;4.29;871;8;850.00;0
1661;8;23196807;1661;356;2531;2531;6.62;0.41;217.91;4.29;870;8;851.00;0
1662;8;23196820;1662;339;2531;2531;6.56;0.40;217.92;4.29;869;8;852.00;0
1662;8;23196834;1662;328;2531;2531;6.61;0.41;217.92;4.29;869;8;853.00;0
1664;8;23196843;1664;316;2532;2532;6.63;0.41;217.82;4.29;868;8;854.00;0
1666;8;23196855;1666;306;2534;2534;6.65;0.41;217.71;4.29;868;8;855.00;0
1668;8;23196867;1668;296;2534;2534;6.69;0.41;217.65;4.29;866;8;856.00;0
1670;8;23196877;1670;293;2535;2535;6.78;0.41;217.59;4.29;865;8;857.00;0
1670;8;23196888;1670;293;2535;2535;6.89;0.42;217.59;4.29;865;8;858.00;0
1671;8;23196900;1671;295;2535;2535;7.00;0.43;217.59;4.29;864;8;859.00;0
1671;8;23196910;1671;289;2535;2535;7.13;0.44;217.59;4.29;864;8;860.00;0
1672;8;23196921;1672;292;2535;2535;7.17;0.44;217.57;4.29;863;8;861.00;0
1674;8;23196932;1674;289;2535;2535;7.19;0.44;217.55;4.29;861;8;862.00;0
1674;8;23196942;1674;286;2535;2535;7.20;0.44;217.55;4.29;861;8;863.00;0
1678;8;23196953;1678;309;2611;2662;7.42;0.46;217.58;4.16;933;8;864.00;51
1681;8;23196975;1681;303;2616;2663;7.35;0.46;217.41;4.16;935;8;865.00;47
1684;8;23196987;1684;299;2622;2663;7.32;0.45;217.49;4.15;938;8;866.00;41
1687;8;23196999;1687;298;2627;2663;7.29;0.45;217.56;4.15;940;8;867.00;36
1689;8;23197020;1689;304;2633;2663;7.28;0.45;217.53;4.15;944;8;868.00;30
1691;8;23197032;1691;303;2633;2663;7.17;0.44;217.56;4.15;942;8;869.00;30
1692;8;23197045;1692;305;2636;2663;7.13;0.44;217.65;4.15;944;8;870.00;27
1694;8;23197056;1694;308;2639;2663;7.12;0.44;217.67;4.15;945;8;871.00;24
1696;8;23197067;1696;311;2642;2664;7.09;0.44;217.79;4.16;946;8;872.00;22
1699;8;23197079;1699;308;2647;2665;7.03;0.44;217.92;4.17;948;8;873.00;18
1705;8;23197089;1705;312;2650;2665;6.88;0.43;218.14;4.17;945;8;874.00;15
1708;8;23197101;1708;296;2653;2666;6.78;0.42;218.35;4.18;945;8;875.00;13
1713;8;23197113;1713;297;2654;2666;6.69;0.41;218.28;4.18;941;8;876.00;12
1714;8;23197124;1714;299;2659;2666;6.65;0.41;218.43;4.20;945;8;877.00;7
1716;8;23197135;1716;295;2659;2666;6.65;0.41;218.63;4.20;943;8;878.00;7
1719;8;23197147;1719;295;2663;2670;6.71;0.42;219.12;4.20;944;8;879.00;7
1722;8;23197159;1722;296;2666;2670;6.76;0.42;218.96;4.20;944;8;880.00;4
1730;8;23197172;1730;295;2667;2670;6.73;0.41;219.68;4.21;937;8;881.00;3
1735;8;23197184;1735;293;2668;2673;6.77;0.41;220.07;4.21;933;8;882.00;5
1739;8;23197197;1739;293;2669;2673;6.86;0.42;220.36;4.21;930;8;883.00;4
1742;8;23197208;1742;285;2670;2673;6.92;0.42;220.61;4.21;928;8;884.00;3
1746;8;23197221;1746;280;2675;2677;6.96;0.43;221.07;4.21;929;8;885.00;2
1750;8;23197234;1750;275;2677;2678;6.99;0.43;221.44;4.22;927;8;886.00;1
1753;8;23197246;1753;273;2678;2678;7.06;0.43;221.84;4.22;925;8;887.00;0
1759;8;23197257;1759;273;2682;2682;7.09;0.43;222.21;4.21;923;8;888.00;0
1761;8;23197272;1761;274;2682;2682;7.19;0.44;222.51;4.21;921;8;889.00;0
1770;8;23197286;1770;274;2682;2682;7.15;0.44;222.82;4.21;912;8;890.00;0
1774;8;23197299;1774;276;2683;2683;7.17;0.44;223.19;4.21;909;8;891.00;0
1775;8;23197313;1775;272;2683;2683;7.14;0.44;223.29;4.21;908;8;892.00;0
1780;8;23197323;1780;271;2689;2689;7.14;0.44;223.56;4.20;909;8;893.00;0
1784;8;23197338;1784;271;2689;2689;7.12;0.44;224.07;4.20;905;8;894.00;0
1788;8;23197357;1788;272;2690;2690;7.16;0.44;224.05;4.20;902;8;895.00;0
1792;8;23197370;1792;272;2690;2690;7.21;0.44;224.25;4.20;898;8;896.00;0
1797;8;23197396;1797;273;2690;2690;7.27;0.44;224.35;4.20;893;8;897.00;0
1800;8;23197408;1800;267;2690;2690;7.33;0.45;224.60;4.20;890;8;898.00;0
1803;8;23197422;1803;265;2690;2690;7.39;0.45;224.93;4.20;887;8;899.00;0
1805;8;23197436;1805;273;2720;2736;7.53;0.46;224.85;4.15;915;8;900.00;16
1809;8;23197458;1809;266;2722;2736;7.55;0.46;225.03;4.15;913;8;901.00;14
1812;8;23197472;1812;268;2726;2736;7.57;0.46;225.20;4.15;914;8;902.00;10
1815;8;23197486;1815;264;2726;2736;7.66;0.47;225.26;4.15;911;8;903.00;10
1819;8;23197499;1819;267;2728;2736;7.67;0.47;225.54;4.15;909;8;904.00;8
1824;8;23197511;1824;266;2728;2736;7.63;0.47;226.14;4.15;904;8;905.00;8
1824;8;23197524;1824;269;2733;2740;7.68;0.47;226.14;4.14;909;8;906.00;7
1827;8;23197537;1827;273;2733;2740;7.66;0.47;226.54;4.14;906;8;907.00;7
1831;8;23197551;1831;273;2737;2744;7.67;0.47;227.00;4.14;906;8;908.00;7
1834;8;23197564;1834;274;2738;2745;7.70;0.47;227.24;4.14;904;8;909.00;7
1837;8;23197576;1837;275;2738;2745;7.76;0.47;227.65;4.14;901;8;910.00;7
1843;8;23197589;1843;276;2739;2745;7.75;0.47;227.97;4.14;896;8;911.00;6
1846;8;23197602;1846;283;2750;2758;7.86;0.48;227.99;4.13;904;8;912.00;8
1850;8;23197616;1850;280;2752;2758;7.85;0.48;228.36;4.13;902;8;913.00;6
1852;8;23197630;1852;277;2752;2758;7.83;0.48;228.53;4.13;900;8;914.00;6
1859;8;23197641;1859;284;2752;2759;7.73;0.47;228.88;4.13;893;8;915.00;7
1864;8;23197654;1864;292;2755;2760;7.59;0.46;229.20;4.13;891;8;916.00;5
1867;8;23197668;1867;288;2755;2760;7.52;0.46;229.50;4.13;888;8;917.00;5
1870;8;23197682;1870;292;2757;2763;7.45;0.46;229.95;4.13;887;8;918.00;6
1874;8;23197693;1874;299;2758;2763;7.36;0.45;230.06;4.13;884;8;919.00;5
1876;8;23197706;1876;303;2759;2763;7.28;0.45;230.03;4.13;883;8;920.00;4
1879;8;23197719;1879;318;2760;2763;7.17;0.44;230.41;4.14;881;8;921.00;3
1880;8;23197732;1880;307;2765;2769;7.16;0.44;230.49;4.13;885;8;922.00;4
1884;8;23197743;1884;296;2765;2769;7.16;0.44;230.73;4.13;881;8;923.00;4
1887;8;23197756;1887;296;2766;2769;7.23;0.44;230.85;4.14;879;8;924.00;3
1891;8;23197770;1891;288;2769;2769;7.27;0.44;230.93;4.15;878;8;925.00;0
1894;8;23197788;1894;286;2773;2773;7.32;0.45;230.92;4.14;879;8;926.00;0
1896;8;23197802;1896;283;2774;2774;7.40;0.45;230.87;4.14;878;8;927.00;0
1899;8;23197816;1899;286;2774;2774;7.40;0.45;231.35;4.14;875;8;928.00;0
1902;8;23197828;1902;285;2775;2775;7.38;0.45;231.54;4.14;873;8;929.00;0
1905;8;23197842;1905;294;2775;2775;7.37;0.45;231.62;4.14;870;8;930.00;0
1907;8;23197855;1907;283;2775;2775;7.34;0.45;231.80;4.14;868;8;931.00;0
1910;8;23197868;1910;268;2775;2775;7.32;0.45;231.92;4.14;865;8;932.00;0
1914;8;23197882;1914;270;2775;2775;7.28;0.44;232.30;4.14;861;8;933.00;0
1916;8;23197893;1916;268;2775;2775;7.28;0.44;232.31;4.14;859;8;934.00;0
1919;8;23197906;1919;271;2775;2775;7.32;0.45;232.36;4.14;856;8;935.00;0
1921;8;23197920;1921;282;2817;2845;7.42;0.45;232.40;4.08;896;8;936.00;28
1922;8;23197938;1922;274;2818;2846;7.52;0.46;232.39;4.08;896;8;937.00;28
1925;8;23197951;1925;269;2823;2846;7.65;0.47;232.60;4.07;898;8;938.00;23
1928;8;23197964;1928;274;2825;2846;7.73;0.47;232.59;4.07;897;8;939.00;21
1930;8;23197977;1930;272;2827;2846;7.79;0.48;232.59;4.07;897;8;940.00;19
1931;8;23197990;1931;277;2829;2846;7.80;0.48;232.61;4.07;898;8;941.00;17
1934;8;23198002;1934;271;2832;2846;7.90;0.48;232.81;4.08;898;8;942.00;14
1938;8;23198018;1938;271;2835;2846;7.89;0.48;232.94;4.08;897;8;943.00;11
1941;8;23198032;1941;267;2837;2847;7.89;0.48;233.10;4.08;896;8;944.00;10
1943;8;23198044;1943;268;2840;2849;7.85;0.48;233.13;4.08;897;8;945.00;9
1946;8;23198057;1946;274;2841;2849;7.80;0.48;233.09;4.08;895;8;946.00;8
1947;8;23198070;1947;272;2844;2853;7.78;0.48;233.09;4.08;897;8;947.00;9
1953;8;23198083;1953;271;2845;2853;7.74;0.47;233.19;4.08;892;8;948.00;8
1954;8;23198096;1954;274;2845;2853;7.72;0.47;233.20;4.08;891;8;949.00;8
1958;8;23198108;1958;272;2845;2853;7.68;0.47;233.33;4.08;887;8;950.00;8
1962;8;23198121;1962;270;2850;2859;7.69;0.47;233.43;4.08;888;8;951.00;9
1966;8;23198134;1966;269;2850;2859;7.72;0.47;233.70;4.08;884;8;952.00;9
1969;8;23198146;1969;270;2850;2859;7.79;0.48;233.70;4.08;881;8;953.00;9
1972;8;23198158;1972;267;2852;2862;7.83;0.48;233.88;4.08;880;8;954.00;10
1975;8;23198172;1975;267;2852;2862;7.85;0.48;233.78;4.08;877;8;955.00;10
1978;8;23198184;1978;266;2853;2862;7.82;0.48;233.96;4.07;875;8;956.00;9
1982;8;23198198;1982;264;2853;2863;7.82;0.48;234.22;4.07;871;8;957.00;10
1983;8;23198209;1983;266;2854;2864;7.84;0.48;234.22;4.07;871;8;958.00;10
1987;8;23198222;1987;274;2854;2864;7.82;0.48;234.42;4.07;867;8;959.00;10
1989;8;23198235;1989;281;2876;2890;7.82;0.48;234.71;4.07;887;8;960.00;14
1995;8;23198249;1995;284;2877;2890;7.81;0.48;234.89;4.07;882;8;961.00;13
1998;8;23198261;1998;291;2879;2890;7.86;0.48;234.90;4.07;881;8;962.00;11
2000;8;23198275;2000;289;2882;2891;7.85;0.48;234.95;4.08;882;8;963.00;9
2002;8;23198288;2002;295;2882;2891;7.82;0.48;235.27;4.08;880;8;964.00;9
2003;8;23198301;2003;285;2887;2895;7.84;0.48;235.19;4.08;884;8;965.00;8
2007;8;23198321;2007;281;2888;2895;7.78;0.47;235.34;4.08;881;8;966.00;7
2008;8;23198333;2008;282;2891;2899;7.70;0.47;235.35;4.08;883;8;967.00;8
2010;8;23198346;2010;283;2892;2899;7.67;0.46;235.45;4.08;882;8;968.00;7
2014;8;23198357;2014;278;2892;2899;7.62;0.46;235.63;4.08;878;8;969.00;7
2018;8;23198370;2018;285;2892;2899;7.55;0.46;235.78;4.08;874;8;970.00;7
2018;8;23198382;2018;282;2892;2899;7.50;0.45;235.78;4.08;874;8;971.00;7
2020;8;23198392;2020;282;2902;2911;7.54;0.46;235.82;4.06;882;8;972.00;9
2020;8;23198405;2020;276;2902;2911;7.55;0.46;235.82;4.06;882;8;973.00;9
2022;8;23198418;2022;273;2903;2911;7.59;0.46;235.80;4.06;881;8;974.00;8
2023;8;23198429;2023;275;2903;2911;7.64;0.46;235.92;4.06;880;8;975.00;8
2024;8;23198440;2024;272;2903;2911;7.61;0.46;236.00;4.06;879;8;976.00;8
2028;8;23198451;2028;275;2903;2911;7.54;0.46;236.16;4.06;875;8;977.00;8
2031;8;23198462;2031;274;2903;2912;7.45;0.45;236.43;4.06;872;8;978.00;9
2032;8;23198473;2032;280;2903;2912;7.41;0.45;236.43;4.06;871;8;979.00;9
2033;8;23198484;2033;280;2910;2918;7.37;0.45;236.44;4.08;877;8;980.00;8
2035;8;23198496;2035;273;2911;2919;7.29;0.44;236.58;4.08;876;8;981.00;8
2038;8;23198507;2038;266;2911;2919;7.26;0.44;236.67;4.08;873;8;982.00;8
2038;8;23198519;2038;265;2911;2919;7.26;0.44;236.67;4.08;873;8;983.00;8
2039;8;23198530;2039;272;2913;2923;7.27;0.44;236.69;4.08;874;8;984.00;10
2043;8;23198540;2043;272;2913;2923;7.26;0.44;236.57;4.08;870;8;985.00;10
2045;8;23198552;2045;269;2913;2923;7.25;0.44;236.53;4.08;868;8;986.00;10
2048;8;23198563;2048;272;2914;2924;7.31;0.45;236.47;4.08;866;8;987.00;10
2048;8;23198574;2048;272;2917;2928;7.36;0.45;236.47;4.07;869;8;988.00;11
2052;8;23198586;2052;276;2917;2928;7.40;0.45;236.33;4.07;865;8;989.00;11
2056;8;23198599;2056;275;2921;2934;7.46;0.45;236.23;4.07;865;8;990.00;13
2058;8;23198609;2058;273;2922;2934;7.48;0.45;236.17;4.07;864;8;991.00;12
2060;8;23198621;2060;274;2923;2934;7.56;0.46;236.09;4.07;863;8;992.00;11
2062;8;23198632;2062;277;2924;2934;7.56;0.46;235.89;4.07;862;8;993.00;10
2069;8;23198642;2069;275;2928;2938;7.57;0.46;235.41;4.06;859;8;994.00;10
2073;8;23198654;2073;278;2928;2938;7.55;0.46;235.29;4.06;855;8;995.00;10
2074;8;23198665;2074;273;2928;2938;7.54;0.46;235.19;4.06;854;8;996.00;10
2074;8;23198675;2074;278;2928;2938;7.51;0.46;235.19;4.06;854;8;997.00;10
2074;8;23198686;2074;274;2928;2939;7.52;0.46;235.19;4.06;854;8;998.00;11
2076;8;23198697;2076;278;2929;2940;7.50;0.46;235.08;4.06;853;8;999.00;11
2079;8;23198707;2079;281;2929;2940;7.40;0.45;235.18;4.06;850;8;1000.00;11
2079;8;23198723;2079;283;2930;2941;7.37;0.45;235.18;4.06;851;8;1001.00;11
2079;8;23198734;2079;284;2930;2941;7.28;0.44;235.18;4.06;851;8;1002.00;11
2082;8;23198742;2082;284;2930;2941;7.17;0.44;235.19;4.06;848;8;1003.00;11
2084;8;23198753;2084;289;2931;2941;7.14;0.44;235.13;4.08;847;8;1004.00;10
2085;8;23198764;2085;296;2932;2941;7.01;0.43;235.15;4.09;847;8;1005.00;9
2087;8;23198773;2087;297;2932;2941;6.94;0.42;235.26;4.09;845;8;1006.00;9
2087;8;23198785;2087;305;2933;2941;6.93;0.42;235.26;4.11;846;8;1007.00;8
2088;8;23198795;2088;330;3000;3068;7.16;0.45;235.27;4.03;912;8;1008.00;68
2089;8;23198817;2089;310;3001;3069;7.18;0.45;235.25;4.03;912;8;1009.00;68
2092;8;23198828;2092;302;3013;3069;7.31;0.45;235.13;4.05;921;8;1010.00;56
2093;8;23198838;2093;294;3017;3069;7.42;0.46;235.15;4.05;924;8;1011.00;52
2097;8;23198850;2097;288;3025;3069;7.48;0.47;235.00;4.05;928;8;1012.00;44
2098;8;23198861;2098;295;3029;3069;7.48;0.46;234.97;4.07;931;8;1013.00;40
2099;8;23198873;2099;291;3032;3069;7.61;0.47;234.97;4.07;933;8;1014.00;37
2103;8;23198885;2103;291;3035;3069;7.67;0.47;234.97;4.08;932;8;1015.00;34
2104;8;23198908;2104;294;3037;3070;7.73;0.48;235.10;4.08;933;8;1016.00;33
2106;8;23198921;2106;294;3042;3071;7.79;0.48;235.05;4.10;936;8;1017.00;29
2107;8;23198933;2107;294;3046;3071;7.80;0.48;235.08;4.11;939;8;1018.00;25
2110;8;23198945;2110;294;3050;3072;7.79;0.48;235.02;4.12;940;8;1019.00;22
2111;8;23198958;2111;290;3054;3072;7.77;0.48;235.10;4.13;943;8;1020.00;18
2112;8;23198971;2112;290;3058;3072;7.71;0.48;235.10;4.14;946;8;1021.00;14
2116;8;23198983;2116;292;3061;3072;7.56;0.47;235.07;4.15;945;8;1022.00;11
2116;8;23198994;2116;295;3066;3076;7.47;0.46;235.07;4.16;950;8;1023.00;10
2120;8;23199007;2120;292;3068;3076;7.30;0.45;234.81;4.16;948;8;1024.00;8
2122;8;23199020;2122;295;3070;3076;7.22;0.44;234.74;4.17;948;8;1025.00;6
2122;8;23199033;2122;291;3073;3079;7.16;0.44;234.74;4.17;951;8;1026.00;6
2123;8;23199045;2123;294;3074;3079;7.09;0.44;234.77;4.17;951;8;1027.00;5
2125;8;23199056;2125;292;3075;3079;7.03;0.43;234.72;4.17;950;8;1028.00;4
2128;8;23199069;2128;297;3080;3083;6.97;0.43;234.71;4.18;952;8;1029.00;3
2128;8;23199082;2128;292;3081;3084;6.96;0.43;234.71;4.17;953;8;1030.00;3
2130;8;23199092;2130;289;3083;3084;6.95;0.43;234.61;4.18;953;8;1031.00;1
2136;8;23199104;2136;294;3086;3088;6.94;0.43;234.59;4.18;950;8;1032.00;2
2139;8;23199117;2139;286;3088;3088;6.88;0.42;234.59;4.18;949;8;1033.00;0
2143;8;23199128;2143;288;3088;3088;6.89;0.42;234.64;4.18;945;8;1034.00;0
2145;8;23199139;2145;292;3090;3090;6.87;0.42;234.68;4.18;945;8;1035.00;0
2149;8;23199152;2149;294;3090;3090;6.79;0.41;234.73;4.18;941;8;1036.00;0
2152;8;23199163;2152;297;3096;3096;6.81;0.41;234.83;4.17;944;8;1037.00;0
2153;8;23199174;2153;298;3096;3096;6.81;0.41;234.86;4.17;943;8;1038.00;0
2155;8;23199186;2155;301;3097;3097;6.77;0.41;234.98;4.17;942;8;1039.00;0
2159;8;23199198;2159;303;3097;3097;6.71;0.41;235.02;4.17;938;8;1040.00;0
2165;8;23199208;2165;304;3097;3097;6.60;0.40;235.24;4.17;932;8;1041.00;0
2166;8;23199220;2166;306;3097;3097;6.56;0.40;235.31;4.17;931;8;1042.00;0
2169;8;23199231;2169;316;3097;3097;6.50;0.40;235.51;4.17;928;8;1043.00;0
2172;8;23199241;2172;314;3108;3109;6.50;0.40;235.62;4.16;936;8;1044.00;1
2175;8;23199254;2175;313;3108;3109;6.45;0.39;235.65;4.16;933;8;1045.00;1
2178;8;23199265;2178;309;3109;3109;6.38;0.39;235.84;4.15;931;8;1046.00;0
2182;8;23199275;2182;312;3109;3109;6.31;0.39;236.07;4.15;927;8;1047.00;0
2185;8;23199287;2185;319;3109;3109;6.19;0.38;236.25;4.15;924;8;1048.00;0
2189;8;23199298;2189;318;3109;3109;6.09;0.37;236.27;4.15;920;8;1049.00;0
2190;8;23199310;2190;308;3115;3115;6.07;0.37;236.24;4.15;925;8;1050.00;0
2196;8;23199322;2196;304;3115;3115;6.05;0.37;236.43;4.15;919;8;1051.00;0
2198;8;23199333;2198;293;3119;3119;6.08;0.37;236.45;4.14;921;8;1052.00;0
2200;8;23199346;2200;286;3120;3120;6.16;0.38;236.66;4.14;920;8;1053.00;0
2205;8;23199356;2205;281;3120;3120;6.23;0.38;236.93;4.14;915;8;1054.00;0
2208;8;23199369;2208;279;3120;3120;6.34;0.39;236.92;4.14;912;8;1055.00;0
2209;8;23199381;2209;279;3131;3133;6.48;0.39;237.00;4.13;922;8;1056.00;2
2216;8;23199392;2216;268;3133;3133;6.55;0.40;237.13;4.13;917;8;1057.00;0
2217;8;23199405;2217;258;3133;3133;6.66;0.40;237.24;4.13;916;8;1058.00;0
2219;8;23199418;2219;254;3134;3134;6.80;0.41;237.33;4.13;915;8;1059.00;0
2223;8;23199430;2223;249;3135;3135;6.91;0.42;237.55;4.12;912;8;1060.00;0
2226;8;23199442;2226;240;3135;3135;6.99;0.43;237.76;4.12;909;8;1061.00;0
2231;8;23199455;2231;238;3138;3138;7.06;0.43;238.12;4.12;907;8;1062.00;0
2232;8;23199467;2232;239;3138;3138;7.15;0.43;238.10;4.12;906;8;1063.00;0
2236;8;23199480;2236;239;3138;3138;7.20;0.44;238.30;4.12;902;8;1064.00;0
2242;8;23199491;2242;239;3138;3138;7.21;0.44;238.49;4.12;896;8;1065.00;0
2245;8;23199504;2245;243;3144;3144;7.30;0.45;238.78;4.11;899;8;1066.00;0
2249;8;23199517;2249;244;3144;3144;7.30;0.45;238.89;4.11;895;8;1067.00;0
2255;8;23199529;2255;245;3144;3144;7.28;0.44;239.35;4.11;889;8;1068.00;0
2259;8;23199540;2259;248;3144;3144;7.28;0.44;239.32;4.11;885;8;1069.00;0
2261;8;23199552;2261;256;3148;3148;7.30;0.45;239.52;4.11;887;8;1070.00;0
2267;8;23199565;2267;256;3149;3149;7.31;0.45;239.82;4.11;882;8;1071.00;0
2272;8;23199578;2272;256;3149;3149;7.28;0.44;240.04;4.11;877;8;1072.00;0
2275;8;23199590;2275;256;3150;3150;7.33;0.45;240.26;4.11;875;8;1073.00;0
2282;8;23199602;2282;250;3150;3150;7.35;0.45;240.65;4.11;868;8;1074.00;0
2287;8;23199616;2287;260;3150;3150;7.30;0.44;240.67;4.11;863;8;1075.00;0
2289;8;23199628;2289;259;3150;3150;7.37;0.45;240.77;4.11;861;8;1076.00;0
2294;8;23199640;2294;261;3150;3150;7.38;0.45;240.93;4.11;856;8;1077.00;0
2296;8;23199652;2296;257;3150;3150;7.45;0.45;241.00;4.11;854;8;1078.00;0
2299;8;23199665;2299;266;3150;3150;7.49;0.46;241.21;4.11;851;8;1079.00;0
2302;8;23199680;2302;296;3235;3275;7.50;0.46;241.29;4.00;933;8;1080.00;40
2306;8;23199702;2306;287;3239;3276;7.57;0.47;241.69;4.00;933;8;1081.00;37
2308;8;23199716;2308;279;3246;3276;7.69;0.47;241.80;3.99;938;8;1082.00;30
2312;8;23199729;2312;279;3246;3276;7.68;0.47;241.80;3.99;934;8;1083.00;30
2315;8;23199741;2315;276;3250;3276;7.77;0.48;241.84;3.99;935;8;1084.00;26
2319;8;23199754;2319;266;3250;3276;7.77;0.48;241.98;3.99;931;8;1085.00;26
2321;8;23199767;2321;267;3256;3276;7.82;0.48;242.23;4.00;935;8;1086.00;20
2323;8;23199781;2323;273;3258;3276;7.81;0.48;242.51;4.00;935;8;1087.00;18
2327;8;23199797;2327;274;3263;3277;7.76;0.47;242.58;4.00;936;8;1088.00;14
2331;8;23199823;2331;281;3266;3278;7.62;0.47;242.71;4.01;935;8;1089.00;12
2333;8;23199837;2333;287;3269;3278;7.50;0.46;242.81;4.01;936;8;1090.00;9
2336;8;23199851;2336;290;3273;3282;7.38;0.45;242.83;4.01;937;8;1091.00;9
2339;8;23199864;2339;297;3275;3282;7.26;0.44;242.96;4.02;936;8;1092.00;7
2342;8;23199877;2342;311;3277;3282;7.20;0.44;243.14;4.02;935;8;1093.00;5
2344;8;23199892;2344;322;3277;3282;7.12;0.43;243.26;4.02;933;8;1094.00;5
2346;8;23199906;2346;330;3282;3288;7.07;0.43;243.69;4.01;936;8;1095.00;6
2349;8;23199921;2349;342;3282;3288;7.04;0.43;243.97;4.01;933;8;1096.00;6
2353;8;23199939;2353;334;3283;3288;7.01;0.43;244.04;4.01;930;8;1097.00;5
2356;8;23199955;2356;326;3285;3291;7.04;0.43;244.20;4.01;929;8;1098.00;6
2361;8;23199980;2361;318;3285;3291;7.12;0.43;244.56;4.01;924;8;1099.00;6
2364;8;23200009;2364;310;3286;3291;7.17;0.44;244.44;4.01;922;8;1100.00;5
2367;8;23200037;2367;309;3287;3292;7.22;0.44;244.57;4.01;920;8;1101.00;5
2367;8;23200053;2367;313;3288;3293;7.34;0.45;244.57;4.01;921;8;1102.00;5
2371;8;23200070;2371;313;3288;3293;7.35;0.45;244.75;4.01;917;8;1103.00;5
2373;8;23200089;2373;317;3299;3306;7.43;0.45;244.68;4.00;926;8;1104.00;7
2379;8;23200112;2379;317;3299;3306;7.33;0.45;244.99;4.00;920;8;1105.00;7
2381;8;23200132;2381;316;3299;3306;7.27;0.44;245.20;4.00;918;8;1106.00;7
2383;8;23200157;2383;310;3300;3307;7.29;0.44;245.20;3.99;917;8;1107.00;7
2386;8;23200182;2386;301;3301;3307;7.30;0.45;245.53;4.00;915;8;1108.00;6
2389;8;23200205;2389;300;3305;3311;7.33;0.45;245.84;4.00;916;8;1109.00;6
2392;8;23200230;2392;292;3305;3311;7.37;0.45;245.95;4.00;913;8;1110.00;6
2396;8;23200243;2396;293;3307;3315;7.37;0.45;246.15;4.00;911;8;1111.00;8
2400;8;23200261;2400;288;3307;3315;7.44;0.45;246.46;4.00;907;8;1112.00;8
2403;8;23200276;2403;296;3307;3315;7.51;0.46;246.54;4.00;904;8;1113.00;8
2406;8;23200292;2406;298;3308;3315;7.49;0.46;246.86;4.01;902;8;1114.00;7
2407;8;23200307;2407;304;3308;3315;7.50;0.46;246.97;4.01;901;8;1115.00;7
2409;8;23200321;2409;309;3318;3327;7.53;0.46;247.02;4.00;909;8;1116.00;9
2412;8;23200336;2412;303;3319;3327;7.52;0.46;247.22;4.01;907;8;1117.00;8
2415;8;23200351;2415;307;3321;3327;7.55;0.46;247.20;4.01;906;8;1118.00;6
2420;8;23200364;2420;306;3321;3327;7.54;0.46;247.90;4.01;901;8;1119.00;6
2422;8;23200376;2422;304;3322;3327;7.56;0.46;247.91;4.02;900;8;1120.00;5
2425;8;23200390;2425;305;3322;3327;7.58;0.46;248.12;4.02;897;8;1121.00;5
2428;8;23200402;2428;297;3323;3328;7.58;0.46;248.39;4.02;895;8;1122.00;5
2428;8;23200415;2428;292;3323;3328;7.60;0.46;248.39;4.02;895;8;1123.00;5
2433;8;23200435;2433;286;3328;3334;7.63;0.46;248.48;4.02;895;8;1124.00;6
2434;8;23200456;2434;289;3330;3336;7.66;0.46;248.51;4.02;896;8;1125.00;6
2436;8;23200468;2436;284;3330;3336;7.69;0.47;248.65;4.02;894;8;1126.00;6
2440;8;23200482;2440;285;3330;3336;7.69;0.47;248.73;4.02;890;8;1127.00;6
2441;8;23200493;2441;281;3333;3340;7.70;0.47;248.71;4.01;892;8;1128.00;7
2443;8;23200506;2443;276;3333;3340;7.66;0.46;248.73;4.01;890;8;1129.00;7
2444;8;23200519;2444;279;3333;3340;7.68;0.47;248.85;4.01;889;8;1130.00;7
2446;8;23200530;2446;280;3334;3341;7.67;0.47;248.95;4.01;888;8;1131.00;7
2448;8;23200542;2448;288;3337;3345;7.62;0.46;248.94;4.01;889;8;1132.00;8
2450;8;23200554;2450;283;3337;3345;7.59;0.46;248.98;4.01;887;8;1133.00;8
2453;8;23200566;2453;284;3339;3348;7.54;0.46;249.04;4.01;886;8;1134.00;9
2456;8;23200578;2456;286;3339;3348;7.54;0.46;249.13;4.01;883;8;1135.00;9
2457;8;23200590;2457;296;3340;3348;7.51;0.46;249.26;4.01;883;8;1136.00;8
2458;8;23200602;2458;298;3340;3348;7.46;0.45;249.29;4.01;882;8;1137.00;8
2459;8;23200614;2459;297;3344;3352;7.45;0.45;249.24;4.00;885;8;1138.00;8
2460;8;23200625;2460;305;3344;3352;7.41;0.45;249.21;4.00;884;8;1139.00;8
2460;8;23200638;2460;301;3344;3352;7.36;0.45;249.21;4.00;884;8;1140.00;8
2462;8;23200649;2462;297;3344;3352;7.30;0.44;249.24;4.00;882;8;1141.00;8
2464;8;23200660;2464;296;3344;3353;7.31;0.44;249.19;4.00;880;8;1142.00;9
2466;8;23200674;2466;293;3345;3354;7.28;0.44;249.32;4.00;879;8;1143.00;9
2468;8;23200687;2468;287;3345;3354;7.29;0.44;249.27;4.00;877;8;1144.00;9
2471;8;23200698;2471;284;3346;3355;7.31;0.44;249.30;4.00;875;8;1145.00;9
2472;8;23200709;2472;284;3346;3355;7.34;0.45;249.24;4.00;874;8;1146.00;9
2474;8;23200721;2474;284;3346;3355;7.38;0.45;249.20;4.00;872;8;1147.00;9
2477;8;23200733;2477;280;3346;3355;7.42;0.45;249.22;4.00;869;8;1148.00;9
2480;8;23200744;2480;279;3346;3355;7.47;0.46;249.13;4.00;866;8;1149.00;9
2483;8;23200755;2483;283;3346;3355;7.49;0.46;249.22;4.00;863;8;1150.00;9
2486;8;23200768;2486;282;3346;3355;7.52;0.46;249.15;4.00;860;8;1151.00;9
2489;8;23200778;2489;303;3413;3482;7.53;0.47;249.09;3.92;924;8;1152.00;69
2493;8;23200800;2493;295;3413;3483;7.45;0.46;248.88;3.92;920;8;1153.00;70
2493;8;23200812;2493;283;3418;3483;7.53;0.47;248.88;3.92;925;8;1154.00;65
2496;8;23200822;2496;274;3420;3483;7.55;0.47;248.83;3.93;924;8;1155.00;63
2499;8;23200835;2499;270;3427;3483;7.61;0.47;248.59;3.93;928;8;1156.00;56
2503;8;23200847;2503;268;3428;3483;7.64;0.47;248.54;3.93;925;8;1157.00;55
2508;8;23200859;2508;262;3435;3483;7.57;0.47;248.34;3.94;927;8;1158.00;48
2512;8;23200871;2512;265;3438;3483;7.55;0.47;248.49;3.94;926;8;1159.00;45
2513;8;23200889;2513;266;3441;3484;7.57;0.47;248.45;3.94;928;8;1160.00;43
2514;8;23200902;2514;268;3445;3485;7.57;0.47;248.46;3.95;931;8;1161.00;40
2516;8;23200913;2516;263;3448;3485;7.56;0.47;248.41;3.96;932;8;1162.00;37
2517;8;23200925;2517;259;3450;3486;7.56;0.47;248.48;3.96;933;8;1163.00;36
2520;8;23200937;2520;259;3452;3486;7.52;0.46;248.38;3.96;932;8;1164.00;34
2521;8;23200949;2521;262;3457;3486;7.47;0.46;248.31;3.98;936;8;1165.00;29
2523;8;23200962;2523;248;3458;3486;7.48;0.46;248.38;3.98;935;8;1166.00;28
2525;8;23200973;2525;241;3461;3490;7.54;0.46;248.36;3.98;936;8;1167.00;29
2527;8;23200988;2527;229;3461;3490;7.56;0.46;248.37;3.98;934;8;1168.00;29
2529;8;23201002;2529;229;3463;3490;7.61;0.47;248.37;3.98;934;8;1169.00;27
2530;8;23201017;2530;223;3468;3496;7.68;0.47;248.30;3.98;938;8;1170.00;28
2531;8;23201031;2531;225;3468;3496;7.67;0.47;248.24;3.98;937;8;1171.00;28
2532;8;23201043;2532;227;3471;3496;7.75;0.47;248.17;3.99;939;8;1172.00;25
2534;8;23201069;2534;230;3474;3500;7.79;0.48;248.10;3.99;940;8;1173.00;26
2535;8;23201089;2535;232;3477;3501;7.79;0.48;248.04;4.00;942;8;1174.00;24
2537;9;23201101;2537;229;3478;3501;7.75;0.47;247.89;4.00;941;9;1175.00;23
2539;9;23201122;2539;230;3482;3505;7.79;0.48;247.90;4.01;943;9;1176.00;23
2541;9;23201140;2541;235;3483;3505;7.82;0.48;247.81;4.01;942;9;1177.00;22
2546;9;23201163;2546;232;3485;3505;7.79;0.47;247.91;4.02;939;9;1178.00;20
2549;9;23201187;2549;238;3486;3506;7.79;0.47;247.70;4.02;937;9;1179.00;20
2551;9;23201201;2551;242;3487;3506;7.82;0.48;247.72;4.02;936;9;1180.00;19
2553;9;23201215;2553;243;3494;3512;7.83;0.48;247.54;4.06;941;9;1181.00;18
2557;9;23201229;2557;248;3495;3512;7.81;0.47;247.48;4.06;938;9;1182.00;17
2558;9;23201243;2558;255;3497;3513;7.76;0.47;247.39;4.10;939;9;1183.00;16
2558;9;23201266;2558;251;3497;3513;7.74;0.47;247.39;4.10;939;9;1184.00;16
2559;9;23201282;2559;255;3497;3513;7.72;0.47;247.42;4.10;938;9;1185.00;16
2560;9;23201297;2560;258;3499;3513;7.66;0.47;247.44;4.13;939;9;1186.00;14
2563;9;23201314;2563;262;3500;3513;7.62;0.46;247.33;4.14;937;9;1187.00;13
2567;9;23201327;2567;265;3510;3525;7.59;0.46;247.45;4.14;943;9;1188.00;15
2570;9;23201347;2570;266;3512;3525;7.55;0.46;247.44;4.16;942;9;1189.00;13
2574;9;23201362;2574;268;3515;3525;7.57;0.46;247.53;4.17;941;9;1190.00;10
2574;9;23201377;2574;274;3515;3525;7.52;0.46;247.53;4.17;941;9;1191.00;10
2576;9;23201391;2576;277;3517;3525;7.44;0.45;247.48;4.18;941;9;1192.00;8
2578;9;23201406;2578;275;3518;3525;7.43;0.45;247.40;4.19;940;9;1193.00;7
2579;9;23201421;2579;275;3521;3529;7.43;0.45;247.41;4.19;942;9;1194.00;8
2582;9;23201435;2582;275;3523;3529;7.30;0.45;247.51;4.21;941;9;1195.00;6
2582;9;23201448;2582;276;3527;3533;7.37;0.45;247.51;4.21;945;9;1196.00;6
2586;9;23201460;2586;280;3529;3534;7.28;0.45;247.38;4.22;943;9;1197.00;5
2587;9;23201474;2587;281;3530;3534;7.19;0.44;247.37;4.22;943;9;1198.00;4
2589;9;23201489;2589;278;3530;3534;7.15;0.44;247.41;4.22;941;9;1199.00;4
2592;9;23201506;2592;276;3556;3575;7.18;0.44;247.35;4.20;964;9;1200.00;19
2595;9;23201533;2595;264;3557;3575;7.22;0.45;247.33;4.20;962;9;1201.00;18
2599;9;23201549;2599;265;3561;3575;7.27;0.45;247.18;4.21;962;9;1202.00;14
2600;9;23201563;2600;264;3562;3576;7.36;0.45;247.16;4.21;962;9;1203.00;14
2603;9;23201576;2603;267;3565;3577;7.36;0.45;247.58;4.21;962;9;1204.00;12
2606;9;23201593;2606;264;3568;3577;7.35;0.45;247.64;4.21;962;9;1205.00;9
2608;9;23201608;2608;266;3570;3580;7.43;0.46;247.69;4.20;962;9;1206.00;10
2609;9;23201623;2609;264;3570;3580;7.48;0.46;247.75;4.20;961;9;1207.00;10
2611;9;23201640;2611;264;3571;3580;7.52;0.46;247.96;4.20;960;9;1208.00;9
2616;9;23201654;2616;266;3572;3580;7.53;0.46;248.08;4.20;956;9;1209.00;8
2619;9;23201677;2619;270;3581;3586;7.58;0.46;247.98;4.21;962;9;1210.00;5
2622;9;23201693;2622;267;3582;3586;7.57;0.46;248.03;4.21;960;9;1211.00;4
2624;9;23201708;2624;268;3582;3586;7.55;0.46;248.21;4.21;958;9;1212.00;4
2629;9;23201725;2629;267;3582;3586;7.49;0.46;248.45;4.21;953;9;1213.00;4
2635;9;23201740;2635;272;3586;3590;7.40;0.45;248.63;4.20;951;9;1214.00;4
2643;9;23201755;2643;275;3588;3592;7.31;0.45;248.86;4.20;945;9;1215.00;4
2648;9;23201770;2648;276;3589;3592;7.22;0.44;248.88;4.20;941;9;1216.00;3
2653;9;23201785;2653;278;3590;3593;7.16;0.44;249.09;4.20;937;9;1217.00;3
2655;9;23201799;2655;280;3590;3593;7.13;0.44;249.30;4.20;935;9;1218.00;3
2661;9;23201813;2661;284;3590;3593;7.10;0.43;249.16;4.20;929;9;1219.00;3
2665;9;23201825;2665;286;3590;3593;7.05;0.43;249.20;4.20;925;9;1220.00;3
2669;9;23201839;2669;287;3590;3593;6.99;0.43;249.33;4.20;921;9;1221.00;3
2671;9;23201852;2671;292;3591;3593;6.99;0.43;249.37;4.21;920;9;1222.00;2
2676;9;23201864;2676;300;3591;3593;6.86;0.42;249.72;4.21;915;9;1223.00;2
2679;9;23201874;2679;313;3634;3663;6.88;0.42;249.85;4.16;955;9;1224.00;29
2681;9;23201892;2681;296;3637;3664;6.84;0.42;249.98;4.15;956;9;1225.00;27
2686;9;23201904;2686;290;3644;3664;6.86;0.42;250.22;4.15;958;9;1226.00;20
2689;9;23201917;2689;294;3647;3664;6.89;0.42;250.24;4.16;958;9;1227.00;17
2693;9;23201929;2693;293;3651;3666;6.85;0.42;250.31;4.15;958;9;1228.00;15
2695;9;23201948;2695;286;3652;3666;6.83;0.42;250.48;4.15;957;9;1229.00;14
2698;9;23201962;2698;285;3654;3666;6.80;0.42;250.76;4.16;956;9;1230.00;12
2705;9;23201975;2705;292;3656;3666;6.79;0.41;250.86;4.16;951;9;1231.00;10
2707;9;23201988;2707;284;3659;3667;6.77;0.41;250.99;4.16;952;9;1232.00;8
2710;9;23202001;2710;282;3663;3668;6.75;0.41;251.18;4.17;953;9;1233.00;5
2713;9;23202017;2713;286;3664;3668;6.72;0.41;251.35;4.17;951;9;1234.00;4
2716;9;23202030;2716;282;3670;3672;6.72;0.41;251.55;4.17;954;9;1235.00;2
2719;9;23202042;2719;288;3671;3672;6.70;0.41;251.54;4.17;952;9;1236.00;1
2723;9;23202056;2723;281;3671;3672;6.66;0.41;251.72;4.17;948;9;1237.00;1
2725;9;23202077;2725;279;3671;3672;6.67;0.41;251.88;4.17;946;9;1238.00;1
2732;9;23202091;2732;278;3678;3678;6.64;0.41;251.93;4.17;946;9;1239.00;0
2735;9;23202105;2735;277;3678;3678;6.64;0.41;252.15;4.17;943;9;1240.00;0
2738;9;23202119;2738;283;3678;3678;6.70;0.41;252.28;4.17;940;9;1241.00;0
2745;9;23202133;2745;285;3681;3681;6.77;0.41;252.59;4.17;936;9;1242.00;0
2748;9;23202146;2748;290;3681;3681;6.74;0.41;252.63;4.17;933;9;1243.00;0
2750;9;23202158;2750;292;3681;3681;6.72;0.41;252.70;4.17;931;9;1244.00;0
2756;9;23202171;2756;294;3682;3682;6.64;0.41;252.82;4.16;926;9;1245.00;0
2758;9;23202184;2758;303;3683;3683;6.66;0.41;252.99;4.16;925;9;1246.00;0
2762;9;23202196;2762;300;3683;3683;6.62;0.41;253.28;4.16;921;9;1247.00;0
2768;9;23202208;2768;310;3696;3696;6.63;0.41;253.59;4.15;928;9;1248.00;0
2771;9;23202223;2771;307;3696;3696;6.62;0.40;253.65;4.15;925;9;1249.00;0
2777;9;23202236;2777;306;3696;3696;6.60;0.40;253.84;4.15;919;9;1250.00;0
2781;9;23202249;2781;312;3697;3697;6.63;0.40;253.84;4.15;916;9;1251.00;0
2786;9;23202261;2786;312;3697;3697;6.65;0.41;254.05;4.15;911;9;1252.00;0
2790;9;23202274;2790;310;3701;3701;6.69;0.41;254.21;4.14;911;9;1253.00;0
2796;9;23202287;2796;311;3701;3701;6.67;0.41;254.41;4.14;905;9;1254.00;0
2802;9;23202302;2802;307;3705;3705;6.68;0.41;254.62;4.14;903;9;1255.00;0
2805;9;23202318;2805;313;3705;3705;6.71;0.41;254.85;4.14;900;9;1256.00;0
2808;9;23202332;2808;313;3705;3705;6.78;0.41;254.89;4.14;897;9;1257.00;0
2813;9;23202348;2813;309;3705;3705;6.78;0.41;255.27;4.14;892;9;1258.00;0
2817;9;23202362;2817;313;3705;3705;6.84;0.42;255.37;4.14;888;9;1259.00;0
2822;9;23202375;2822;318;3734;3739;6.99;0.43;255.41;4.11;912;9;1260.00;5
2824;9;23202391;2824;315;3734;3739;7.00;0.43;255.46;4.11;910;9;1261.00;5
2830;9;23202404;2830;318;3737;3739;7.05;0.43;255.56;4.11;907;9;1262.00;2
2830;9;23202417;2830;318;3737;3739;7.00;0.43;255.56;4.11;907;9;1263.00;2
2832;9;23202431;2832;324;3738;3739;6.90;0.42;255.68;4.11;906;9;1264.00;1
2835;9;23202465;2835;329;3738;3739;6.79;0.41;255.77;4.11;903;9;1265.00;1
2837;9;23202487;2837;340;3738;3740;6.67;0.41;255.70;4.11;901;9;1266.00;2
2838;9;23202501;2838;346;3738;3740;6.53;0.40;255.79;4.11;900;9;1267.00;2
2842;9;23202514;2842;350;3743;3746;6.42;0.39;256.21;4.10;901;9;1268.00;3
2843;9;23202527;2843;358;3744;3747;6.40;0.39;256.27;4.10;901;9;1269.00;3
2844;9;23202541;2844;357;3744;3747;6.36;0.39;256.27;4.10;900;9;1270.00;3
2846;9;23202554;2846;359;3744;3747;6.34;0.39;256.26;4.10;898;9;1271.00;3
2849;9;23202568;2849;350;3747;3751;6.33;0.39;256.48;4.10;898;9;1272.00;4
2850;9;23202582;2850;353;3747;3751;6.42;0.39;256.66;4.10;897;9;1273.00;4
2852;9;23202595;2852;348;3747;3751;6.52;0.40;256.67;4.10;895;9;1274.00;4
2856;9;23202607;2856;345;3748;3752;6.62;0.40;256.70;4.10;892;9;1275.00;4
2860;9;23202622;2860;336;3751;3756;6.69;0.41;256.78;4.10;891;9;1276.00;5
2864;9;23202636;2864;333;3751;3756;6.74;0.41;256.79;4.10;887;9;1277.00;5
2868;9;23202649;2868;333;3753;3759;6.75;0.41;256.74;4.09;885;9;1278.00;6
2869;9;23202663;2869;337;3753;3759;6.77;0.41;256.77;4.09;884;9;1279.00;6
2872;9;23202675;2872;335;3754;3759;6.81;0.41;256.85;4.09;882;9;1280.00;5
2874;9;23202689;2874;323;3754;3759;6.86;0.42;256.94;4.09;880;9;1281.00;5
2879;9;23202703;2879;317;3758;3763;6.99;0.42;257.10;4.09;879;9;1282.00;5
2880;9;23202719;2880;305;3758;3763;7.07;0.43;257.27;4.09;878;9;1283.00;5
2882;9;23202732;2882;302;3758;3763;7.16;0.43;257.41;4.09;876;9;1284.00;5
2883;9;23202746;2883;294;3758;3763;7.17;0.43;257.52;4.09;875;9;1285.00;5
2883;9;23202757;2883;284;3758;3764;7.21;0.44;257.52;4.09;875;9;1286.00;6
2885;9;23202771;2885;287;3759;3765;7.21;0.44;257.46;4.09;874;9;1287.00;6
2886;9;23202786;2886;284;3759;3765;7.20;0.44;257.42;4.09;873;9;1288.00;6
2887;9;23202800;2887;289;3760;3766;7.24;0.44;257.40;4.09;873;9;1289.00;6
2892;9;23202815;2892;289;3760;3766;7.23;0.44;257.47;4.09;868;9;1290.00;6
2893;9;23202828;2893;287;3760;3766;7.22;0.44;257.57;4.09;867;9;1291.00;6
2895;9;23202841;2895;285;3760;3766;7.16;0.44;257.52;4.09;865;9;1292.00;6
2899;9;23202854;2899;282;3760;3766;7.08;0.43;257.47;4.09;861;9;1293.00;6
2900;9;23202867;2900;283;3760;3766;7.06;0.43;257.62;4.09;860;9;1294.00;6
2900;9;23202879;2900;277;3760;3766;7.00;0.43;257.62;4.09;860;9;1295.00;6
2901;9;23202892;2901;296;3827;3893;7.30;0.45;257.60;4.02;926;9;1296.00;66
2901;9;23202916;2901;290;3829;3894;7.30;0.45;257.60;4.02;928;9;1297.00;65
2904;9;23202928;2904;291;3839;3894;7.40;0.46;257.43;4.01;935;9;1298.00;55
2906;9;23202940;2906;287;3842;3894;7.36;0.45;257.44;4.01;936;9;1299.00;52
2907;9;23202954;2907;282;3847;3894;7.37;0.45;257.37;4.01;940;9;1300.00;47
2907;9;23202973;2907;279;3850;3894;7.37;0.45;257.37;4.01;943;9;1301.00;44
2909;9;23202986;2909;281;3855;3894;7.33;0.45;257.29;4.01;946;9;1302.00;39
2911;9;23202998;2911;289;3857;3894;7.30;0.45;257.19;4.01;946;9;1303.00;37
2912;9;23203014;2912;291;3859;3895;7.29;0.45;257.13;4.02;947;9;1304.00;36
2915;9;23203038;2915;299;3864;3897;7.22;0.44;257.01;4.02;949;9;1305.00;33
2916;9;23203054;2916;300;3866;3897;7.19;0.44;256.95;4.02;950;9;1306.00;31
2918;9;23203066;2918;306;3869;3898;7.11;0.44;257.00;4.03;951;9;1307.00;29
2919;9;23203087;2919;312;3872;3898;7.09;0.44;256.94;4.04;953;9;1308.00;26
2922;9;23203100;2922;319;3874;3898;7.06;0.43;257.03;4.04;952;9;1309.00;24
2923;9;23203113;2923;324;3877;3898;7.02;0.43;256.98;4.05;954;9;1310.00;21
2925;9;23203125;2925;330;3880;3902;7.00;0.43;257.10;4.04;955;9;1311.00;22
2927;9;23203139;2927;329;3880;3902;6.98;0.43;257.03;4.04;953;9;1312.00;22
2928;9;23203153;2928;327;3880;3902;6.98;0.43;257.06;4.04;952;9;1313.00;22
2932;9;23203165;2932;332;3883;3905;6.97;0.42;257.22;4.04;951;9;1314.00;22
2933;9;23203177;2933;325;3884;3905;7.01;0.43;257.26;4.05;951;9;1315.00;21
2936;9;23203190;2936;320;3885;3905;6.98;0.42;257.29;4.05;949;9;1316.00;20
2936;9;23203202;2936;322;3889;3909;6.98;0.42;257.29;4.05;953;9;1317.00;20
2936;9;23203217;2936;319;3890;3910;7.03;0.43;257.29;4.05;954;9;1318.00;20
2938;9;23203230;2938;314;3891;3910;7.05;0.43;257.37;4.06;953;9;1319.00;19
2942;9;23203243;2942;310;3895;3915;7.06;0.43;257.29;4.05;953;9;1320.00;20
2945;9;23203259;2945;304;3895;3915;7.06;0.43;257.15;4.05;950;9;1321.00;20
2948;9;23203273;2948;301;3896;3915;7.08;0.43;257.15;4.05;948;9;1322.00;19
2948;9;23203287;2948;289;3897;3916;7.13;0.43;257.15;4.05;949;9;1323.00;19
2949;9;23203301;2949;274;3897;3916;7.14;0.43;257.12;4.05;948;9;1324.00;19
2953;9;23203314;2953;267;3901;3922;7.18;0.43;256.93;4.05;948;9;1325.00;21
2955;9;23203328;2955;266;3901;3922;7.16;0.43;256.88;4.05;946;9;1326.00;21
2959;9;23203340;2959;254;3901;3923;7.14;0.43;257.04;4.05;942;9;1327.00;22
2960;9;23203355;2960;257;3901;3923;7.11;0.43;257.02;4.05;941;9;1328.00;22
2961;9;23203368;2961;243;3902;3923;7.11;0.43;256.94;4.07;941;9;1329.00;21
2962;9;23203382;2962;241;3903;3923;7.14;0.43;256.94;4.08;941;9;1330.00;20
2966;9;23203395;2966;235;3903;3923;7.16;0.43;256.96;4.08;937;9;1331.00;20
2968;9;23203408;2968;230;3913;3935;7.20;0.44;256.94;4.07;945;9;1332.00;22
2970;9;23203435;2970;223;3914;3935;7.15;0.43;256.99;4.07;944;9;1333.00;21
2970;9;23203449;2970;217;3914;3935;7.20;0.44;256.99;4.07;944;9;1334.00;21
2971;9;23203461;2971;215;3914;3935;7.28;0.44;256.97;4.07;943;9;1335.00;21
2972;9;23203475;2972;214;3914;3935;7.34;0.45;256.97;4.07;942;9;1336.00;21
2972;9;23203489;2972;214;3914;3935;7.41;0.45;256.97;4.07;942;9;1337.00;21
2975;9;23203502;2975;213;3917;3939;7.43;0.45;256.94;4.07;942;9;1338.00;22
2976;9;23203518;2976;203;3917;3939;7.46;0.45;256.94;4.07;941;9;1339.00;22
2976;9;23203532;2976;195;3920;3943;7.53;0.46;256.94;4.07;944;9;1340.00;23
2978;9;23203544;2978;189;3921;3944;7.56;0.46;256.89;4.06;943;9;1341.00;23
2980;9;23203558;2980;186;3921;3944;7.60;0.46;256.82;4.06;941;9;1342.00;23
2980;9;23203570;2980;180;3921;3944;7.65;0.46;256.82;4.06;941;9;1343.00;23
2981;9;23203585;2981;176;3931;3957;7.72;0.47;256.80;4.05;950;9;1344.00;26
2985;9;23203599;2985;175;3932;3957;7.71;0.47;256.56;4.05;947;9;1345.00;25
2987;9;23203612;2987;171;3932;3957;7.78;0.47;256.51;4.05;945;9;1346.00;25
2987;9;23203624;2987;169;3933;3958;7.86;0.48;256.51;4.05;946;9;1347.00;25
2988;9;23203639;2988;170;3935;3959;7.91;0.48;256.48;4.07;947;9;1348.00;24
2991;9;23203652;2991;169;3936;3959;7.97;0.48;256.55;4.09;945;9;1349.00;23
2993;9;23203666;2993;178;3944;3968;7.99;0.48;256.65;4.09;951;9;1350.00;24
2999;9;23203680;2999;180;3946;3968;7.99;0.48;256.84;4.11;947;9;1351.00;22
3001;9;23203694;3001;183;3947;3968;7.98;0.48;256.89;4.11;946;9;1352.00;21
3005;9;23203710;3005;175;3948;3968;8.02;0.48;256.90;4.11;943;9;1353.00;20
3006;9;23203724;3006;179;3952;3974;8.12;0.49;257.04;4.10;946;9;1354.00;22
3008;9;23203738;3008;180;3955;3974;8.13;0.49;257.12;4.14;947;9;1355.00;19
3009;9;23203751;3009;182;3955;3974;8.13;0.49;257.24;4.14;946;9;1356.00;19
3011;9;23203765;3011;184;3957;3974;8.10;0.49;257.36;4.16;946;9;1357.00;17
3012;9;23203777;3012;198;3960;3978;8.04;0.49;257.44;4.16;948;9;1358.00;18
3014;9;23203790;3014;201;3961;3979;8.09;0.49;257.44;4.16;947;9;1359.00;18
3018;9;23203803;3018;206;3962;3979;8.08;0.49;257.68;4.18;944;9;1360.00;17
3021;9;23203822;3021;205;3964;3980;8.11;0.49;257.90;4.18;943;9;1361.00;16
3023;9;23203836;3023;211;3964;3980;8.14;0.49;258.01;4.18;941;9;1362.00;16
3026;9;23203850;3026;215;3965;3980;8.13;0.50;258.25;4.19;939;9;1363.00;15
3028;9;23203863;3028;214;3965;3980;8.21;0.50;258.24;4.19;937;9;1364.00;15
3030;9;23203875;3030;216;3966;3980;8.21;0.50;258.38;4.21;936;9;1365.00;14
3034;9;23203888;3034;219;3968;3980;8.21;0.50;258.43;4.24;934;9;1366.00;12
3038;9;23203901;3038;221;3969;3980;8.22;0.50;258.29;4.26;931;9;1367.00;11
3041;9;23203914;3041;227;4009;4050;8.34;0.51;258.29;4.23;968;9;1368.00;41
3044;9;23203933;3044;223;4011;4051;8.32;0.51;258.40;4.25;967;9;1369.00;40
3046;9;23203946;3046;223;4019;4051;8.33;0.51;258.54;4.26;973;9;1370.00;32
3050;9;23203957;3050;222;4023;4051;8.24;0.50;258.60;4.26;973;9;1371.00;28
3053;9;23203970;3053;226;4030;4051;8.14;0.50;258.85;4.29;977;9;1372.00;21
3054;9;23203984;3054;226;4032;4051;8.09;0.49;258.86;4.29;978;9;1373.00;19
3058;9;23203997;3058;221;4036;4051;8.01;0.49;259.12;4.30;978;9;1374.00;15
3059;9;23204013;3059;222;4038;4051;7.95;0.49;259.03;4.30;979;9;1375.00;13
3063;9;23204025;3063;217;4039;4052;7.90;0.48;259.17;4.30;976;9;1376.00;13
3066;9;23204048;3066;223;4045;4053;7.93;0.48;259.54;4.32;979;9;1377.00;8
3071;9;23204061;3071;226;4048;4053;7.86;0.48;259.70;4.33;977;9;1378.00;5
3073;9;23204074;3073;229;4052;4057;7.79;0.48;259.60;4.33;979;9;1379.00;5
3075;9;23204090;3075;226;4055;4057;7.73;0.47;259.74;4.33;980;9;1380.00;2
3077;9;23204103;3077;224;4055;4057;7.69;0.47;260.01;4.33;978;9;1381.00;2
3081;9;23204117;3081;223;4057;4057;7.66;0.47;260.16;4.33;976;9;1382.00;0
3085;9;23204130;3085;226;4062;4063;7.73;0.47;260.36;4.33;977;9;1383.00;1
3087;9;23204144;3087;231;4063;4063;7.77;0.48;260.48;4.33;976;9;1384.00;0
3089;9;23204157;3089;233;4063;4063;7.82;0.48;260.63;4.33;974;9;1385.00;0
3092;9;23204171;3092;242;4066;4066;7.90;0.48;260.50;4.33;974;9;1386.00;0
3096;9;23204186;3096;246;4066;4066;7.93;0.48;260.41;4.33;970;9;1387.00;0
3098;9;23204199;3098;252;4066;4066;7.88;0.48;260.44;4.33;968;9;1388.00;0
3106;9;23204212;3106;259;4067;4067;7.81;0.48;260.55;4.32;961;9;1389.00;0
3114;9;23204225;3114;261;4068;4068;7.72;0.47;260.64;4.32;954;9;1390.00;0
3116;9;23204239;3116;269;4068;4068;7.65;0.47;260.66;4.32;952;9;1391.00;0
3121;9;23204252;3121;277;4080;4081;7.57;0.46;260.75;4.31;959;9;1392.00;1
3123;9;23204266;3123;282;4080;4081;7.51;0.46;260.68;4.31;957;9;1393.00;1
3130;9;23204286;3130;289;4081;4081;7.41;0.45;260.76;4.31;951;9;1394.00;0
3135;9;23204299;3135;291;4083;4083;7.34;0.45;261.16;4.31;948;9;1395.00;0
3138;9;23204312;3138;293;4083;4083;7.23;0.44;261.32;4.31;945;9;1396.00;0
3142;9;23204324;3142;294;4087;4087;7.16;0.43;261.26;4.30;945;9;1397.00;0
3145;9;23204338;3145;294;4087;4087;7.05;0.43;261.31;4.30;942;9;1398.00;0
3146;9;23204351;3146;301;4091;4091;6.92;0.42;261.40;4.30;945;9;1399.00;0
3152;9;23204364;3152;290;4091;4091;6.77;0.41;261.78;4.30;939;9;1400.00;0
3154;9;23204382;3154;282;4091;4091;6.71;0.41;261.87;4.30;937;9;1401.00;0
3156;9;23204395;3156;277;4091;4091;6.66;0.41;261.98;4.30;935;9;1402.00;0
3159;9;23204406;3159;276;4091;4091;6.56;0.40;262.25;4.30;932;9;1403.00;0
3163;9;23204418;3163;279;4102;4103;6.60;0.40;262.47;4.29;939;9;1404.00;1
3169;9;23204432;3169;280;4103;4103;6.56;0.40;262.58;4.29;934;9;1405.00;0
3171;9;23204444;3171;281;4103;4103;6.56;0.40;262.67;4.29;932;9;1406.00;0
3174;9;23204457;3174;278;4103;4103;6.62;0.41;262.91;4.29;929;9;1407.00;0
3181;9;23204469;3181;274;4103;4103;6.63;0.40;263.23;4.29;922;9;1408.00;0
3183;9;23204481;3183;270;4103;4103;6.65;0.41;263.39;4.29;920;9;1409.00;0
3185;9;23204495;3185;269;4104;4104;6.69;0.41;263.59;4.29;919;9;1410.00;0
3189;9;23204507;3189;266;4104;4104;6.66;0.41;263.89;4.29;915;9;1411.00;0
3192;9;23204519;3192;266;4110;4110;6.74;0.41;263.73;4.28;918;9;1412.00;0
3196;9;23204532;3196;264;4111;4111;6.78;0.41;263.93;4.28;915;9;1413.00;0
3200;9;23204544;3200;274;4111;4111;6.80;0.42;264.19;4.28;911;9;1414.00;0
3202;9;23204557;3202;271;4111;4111;6.86;0.42;264.22;4.28;909;9;1415.00;0
3207;9;23204569;3207;275;4115;4115;6.85;0.42;264.42;4.28;908;9;1416.00;0
3212;9;23204582;3212;280;4115;4115;6.82;0.42;264.69;4.28;903;9;1417.00;0
3215;9;23204593;3215;287;4115;4115;6.73;0.41;264.72;4.28;900;9;1418.00;0
3221;9;23204605;3221;294;4116;4116;6.60;0.40;264.83;4.28;895;9;1419.00;0
3226;9;23204618;3226;303;4120;4120;6.51;0.40;265.01;4.27;894;9;1420.00;0
3234;9;23204631;3234;314;4120;4120;6.38;0.39;265.20;4.27;886;9;1421.00;0
3237;9;23204641;3237;313;4122;4123;6.36;0.39;265.31;4.27;885;9;1422.00;1
3245;9;23204655;3245;314;4122;4123;6.32;0.39;265.46;4.27;877;9;1423.00;1
3248;9;23204667;3248;313;4123;4123;6.37;0.39;265.55;4.27;875;9;1424.00;0
3254;9;23204677;3254;312;4123;4123;6.31;0.38;265.69;4.27;869;9;1425.00;0
3259;9;23204689;3259;315;4127;4127;6.31;0.38;265.99;4.27;868;9;1426.00;0
3260;9;23204702;3260;321;4127;4127;6.33;0.39;265.95;4.27;867;9;1427.00;0
3263;9;23204714;3263;322;4127;4127;6.32;0.38;266.06;4.27;864;9;1428.00;0
3264;9;23204724;3264;321;4127;4127;6.30;0.38;265.99;4.27;863;9;1429.00;0
3265;9;23204736;3265;321;4128;4128;6.33;0.39;266.00;4.27;863;9;1430.00;0
3269;9;23204748;3269;329;4129;4129;6.34;0.39;266.01;4.27;860;9;1431.00;0
3271;9;23204758;3271;336;4129;4129;6.40;0.39;266.20;4.27;858;9;1432.00;0
3274;9;23204770;3274;338;4130;4130;6.41;0.39;266.20;4.27;856;9;1433.00;0
3277;9;23204783;3277;338;4130;4130;6.43;0.39;266.41;4.27;853;9;1434.00;0
3282;9;23204799;3282;342;4130;4130;6.39;0.39;266.65;4.27;848;9;1435.00;0
3283;9;23204812;3283;349;4130;4130;6.37;0.39;266.68;4.27;847;9;1436.00;0
3289;9;23204822;3289;353;4130;4130;6.22;0.38;266.89;4.27;841;9;1437.00;0
3291;9;23204834;3291;353;4130;4130;6.14;0.38;266.92;4.27;839;9;1438.00;0
3293;9;23204846;3293;353;4130;4130;6.05;0.37;266.96;4.27;837;9;1439.00;0
3294;9;23204858;3294;386;4237;4360;6.62;0.42;267.00;4.16;943;9;1440.00;123
3298;9;23204889;3298;388;4246;4361;6.60;0.42;267.07;4.15;948;9;1441.00;115
3301;9;23204902;3301;383;4260;4361;6.63;0.42;266.98;4.15;959;9;1442.00;101
3306;9;23204915;3306;380;4268;4361;6.54;0.41;267.10;4.14;962;9;1443.00;93
3309;9;23204927;3309;379;4282;4361;6.48;0.41;267.23;4.14;973;9;1444.00;79
3310;9;23204939;3310;381;4287;4361;6.44;0.41;267.21;4.14;977;9;1445.00;74
3312;9;23204951;3312;378;4295;4361;6.35;0.40;267.31;4.15;983;9;1446.00;66
3314;9;23204970;3314;372;4299;4361;6.34;0.40;267.26;4.15;985;9;1447.00;62
3315;9;23204984;3315;367;4306;4362;6.32;0.40;267.29;4.16;991;9;1448.00;56
3317;9;23204997;3317;364;4311;4363;6.33;0.40;267.34;4.16;994;9;1449.00;52
3318;9;23205015;3318;364;4318;4363;6.27;0.39;267.37;4.17;1000;9;1450.00;45
3321;9;23205027;3321;365;4322;4364;6.26;0.39;267.41;4.18;1001;9;1451.00;42
3323;9;23205040;3323;369;4326;4364;6.29;0.39;267.41;4.18;1003;9;1452.00;38
3327;9;23205054;3327;371;4327;4364;6.23;0.39;267.31;4.19;1000;9;1453.00;37
3330;9;23205067;3330;383;4330;4364;6.24;0.39;267.23;4.19;1000;9;1454.00;34
3332;9;23205081;3332;388;4333;4368;6.23;0.39;267.19;4.19;1001;9;1455.00;35
3337;9;23205101;3337;383;4336;4368;6.22;0.39;267.31;4.20;999;9;1456.00;32
3340;9;23205115;3340;377;4336;4368;6.28;0.39;267.37;4.20;996;9;1457.00;32
3341;9;23205128;3341;370;4339;4371;6.37;0.39;267.46;4.20;998;9;1458.00;32
3343;9;23205141;3343;369;4339;4371;6.38;0.40;267.39;4.20;996;9;1459.00;32
3345;9;23205155;3345;361;4339;4371;6.47;0.40;267.37;4.20;994;9;1460.00;32
3350;9;23205168;3350;363;4343;4375;6.50;0.40;267.22;4.20;993;9;1461.00;32
3354;9;23205190;3354;364;4344;4376;6.57;0.40;267.22;4.20;990;9;1462.00;32
3358;9;23205203;3358;364;4344;4376;6.69;0.41;267.20;4.20;986;9;1463.00;32
3361;9;23205218;3361;366;4350;4380;6.76;0.42;267.28;4.21;989;9;1464.00;30
3363;9;23205231;3363;369;4350;4380;6.84;0.42;267.14;4.21;987;9;1465.00;30
3365;9;23205246;3365;363;4351;4380;6.87;0.42;267.22;4.22;986;9;1466.00;29
3367;9;23205258;3367;363;4353;4381;6.89;0.42;267.14;4.23;986;9;1467.00;28
3369;9;23205272;3369;359;4353;4381;6.90;0.42;267.30;4.23;984;9;1468.00;28
3372;9;23205299;3372;364;4357;4387;6.95;0.42;267.36;4.23;985;9;1469.00;30
3374;9;23205315;3374;361;4359;4387;6.96;0.42;267.34;4.24;985;9;1470.00;28
3378;9;23205329;3378;366;4361;4388;6.94;0.42;267.26;4.25;983;9;1471.00;27
3379;9;23205343;3379;366;4361;4388;6.94;0.42;267.21;4.25;982;9;1472.00;27
3381;9;23205357;3381;365;4363;4388;6.93;0.42;267.16;4.25;982;9;1473.00;25
3384;9;23205371;3384;361;4364;4388;6.89;0.42;267.01;4.25;980;9;1474.00;24
3387;9;23205385;3387;360;4364;4388;6.95;0.42;266.95;4.25;977;9;1475.00;24
3387;9;23205398;3387;364;4375;4400;6.99;0.43;266.95;4.24;988;9;1476.00;25
3389;9;23205411;3389;365;4375;4400;6.99;0.43;266.97;4.24;986;9;1477.00;25
3391;9;23205425;3391;367;4376;4400;6.95;0.42;266.88;4.24;985;9;1478.00;24
3393;9;23205439;3393;372;4376;4400;6.97;0.42;267.10;4.24;983;9;1479.00;24
3395;9;23205453;3395;366;4376;4400;6.97;0.42;267.00;4.24;981;9;1480.00;24
3397;9;23205467;3397;356;4376;4400;7.04;0.43;266.95;4.24;979;9;1481.00;24
3398;9;23205481;3398;352;4379;4404;7.10;0.43;266.93;4.24;981;9;1482.00;25
3398;9;23205493;3398;351;4379;4404;7.15;0.43;266.93;4.24;981;9;1483.00;25
3399;9;23205517;3399;345;4383;4408;7.19;0.44;266.95;4.24;984;9;1484.00;25
3401;9;23205531;3401;343;4385;4410;7.20;0.44;266.86;4.24;984;9;1485.00;25
3401;9;23205545;3401;341;4385;4410;7.27;0.44;266.86;4.24;984;9;1486.00;25
3401;9;23205565;3401;337;4385;4410;7.31;0.44;266.86;4.24;984;9;1487.00;25
3401;9;23205580;3401;332;4394;4423;7.40;0.45;266.86;4.23;993;9;1488.00;29
3403;10;23205595;3403;330;4394;4423;7.43;0.45;266.90;4.23;991;10;1489.00;29
3403;10;23205621;3403;323;4394;4423;7.47;0.45;266.90;4.23;991;10;1490.00;29
3403;10;23205635;3403;314;4395;4424;7.53;0.46;266.90;4.23;992;10;1491.00;29
3404;10;23205655;3404;310;4395;4425;7.53;0.46;266.89;4.23;991;10;1492.00;30
3406;10;23205669;3406;306;4395;4425;7.53;0.46;266.80;4.23;989;10;1493.00;30
3407;10;23205682;3407;307;4397;4428;7.54;0.46;266.87;4.22;990;10;1494.00;31
3410;10;23205697;3410;296;4397;4428;7.55;0.46;266.97;4.22;987;10;1495.00;31
3412;10;23205709;3412;290;4398;4428;7.58;0.46;266.98;4.22;986;10;1496.00;30
3414;10;23205723;3414;287;4398;4428;7.54;0.46;266.94;4.22;984;10;1497.00;30
3417;10;23205738;3417;279;4403;4434;7.58;0.46;267.04;4.22;986;10;1498.00;31
3419;10;23205752;3419;276;4403;4434;7.56;0.46;267.11;4.22;984;10;1499.00;31
3422;10;23205768;3422;278;4407;4453;7.50;0.46;267.14;4.22;985;10;1500.00;46
3426;10;23205791;3426;268;4407;4453;7.50;0.45;267.24;4.22;981;10;1501.00;46
3430;10;23205805;3430;264;4410;4457;7.51;0.46;267.42;4.21;980;10;1502.00;47
3432;10;23205820;3432;263;4411;4458;7.54;0.46;267.61;4.21;979;10;1503.00;47
3436;10;23205834;3436;258;4411;4458;7.56;0.46;267.63;4.21;975;10;1504.00;47
3440;10;23205854;3440;253;4412;4459;7.64;0.46;267.76;4.21;972;10;1505.00;47
3443;10;23205869;3443;246;4414;4459;7.67;0.47;267.75;4.21;971;10;1506.00;45
3448;10;23205884;3448;234;4416;4459;7.64;0.46;267.85;4.24;968;10;1507.00;43
3448;10;23205898;3448;227;4416;4459;7.73;0.47;267.85;4.24;968;10;1508.00;43
3453;10;23205910;3453;226;4416;4459;7.78;0.47;267.89;4.24;963;10;1509.00;43
3457;10;23205924;3457;223;4416;4459;7.82;0.48;268.22;4.24;959;10;1510.00;43
3459;10;23205939;3459;211;4416;4459;7.91;0.48;268.39;4.24;957;10;1511.00;43
3460;10;23205952;3460;221;4450;4529;7.95;0.48;268.37;4.21;990;10;1512.00;79
3466;10;23205972;3466;205;4450;4530;7.96;0.48;268.50;4.21;984;10;1513.00;80
3468;10;23205986;3468;201;4455;4530;8.02;0.49;268.42;4.21;987;10;1514.00;75
3471;10;23205999;3471;196;4456;4530;8.01;0.49;268.29;4.21;985;10;1515.00;74
3474;10;23206014;3474;195;4461;4530;8.03;0.49;268.56;4.21;987;10;1516.00;69
3476;10;23206026;3476;201;4462;4530;8.07;0.49;268.66;4.21;986;10;1517.00;68
3478;10;23206039;3478;192;4466;4530;8.13;0.49;268.68;4.22;988;10;1518.00;64
3479;10;23206059;3479;190;4469;4530;8.17;0.50;268.69;4.22;990;10;1519.00;61
3482;10;23206073;3482;195;4471;4531;8.23;0.50;268.93;4.22;989;10;1520.00;60
3484;10;23206087;3484;198;4473;4532;8.25;0.50;269.01;4.22;989;10;1521.00;59
3485;10;23206100;3485;206;4476;4532;8.28;0.50;269.09;4.24;991;10;1522.00;56
3487;10;23206114;3487;205;4483;4536;8.25;0.50;269.09;4.25;996;10;1523.00;53
3492;10;23206128;3492;207;4487;4536;8.24;0.50;269.03;4.26;995;10;1524.00;49
3493;10;23206142;3493;214;4488;4536;8.20;0.50;269.08;4.27;995;10;1525.00;48
3495;10;23206156;3495;208;4488;4536;8.18;0.50;269.15;4.27;993;10;1526.00;48
3497;10;23206169;3497;216;4493;4542;8.19;0.50;269.25;4.28;996;10;1527.00;49
3500;10;23206184;3500;224;4495;4542;8.17;0.50;269.26;4.30;995;10;1528.00;47
3503;10;23206197;3503;229;4495;4542;8.19;0.50;269.33;4.30;992;10;1529.00;47
3504;10;23206212;3504;228;4501;4548;8.24;0.50;269.30;4.32;997;10;1530.00;47
3510;10;23206226;3510;232;4505;4548;8.26;0.50;269.48;4.37;995;10;1531.00;43
3511;10;23206240;3511;233;4509;4548;8.23;0.50;269.58;4.39;998;10;1532.00;39
3512;10;23206253;3512;242;4511;4549;8.21;0.50;269.52;4.41;999;10;1533.00;38
3518;10;23206267;3518;249;4515;4550;8.18;0.50;269.61;4.45;997;10;1534.00;35
3522;10;23206281;3522;249;4516;4550;8.19;0.50;269.70;4.47;994;10;1535.00;34
3522;10;23206294;3522;256;4525;4563;8.16;0.50;269.70;4.47;1003;10;1536.00;38
3527;10;23206309;3527;260;4527;4563;8.17;0.50;269.64;4.51;1000;10;1537.00;36
3531;10;23206323;3531;258;4529;4563;8.14;0.49;269.68;4.54;998;10;1538.00;34
3532;10;23206337;3532;269;4533;4564;8.16;0.49;269.80;4.60;1001;10;1539.00;31
3533;10;23206359;3533;272;4533;4564;8.10;0.49;269.86;4.60;1000;10;1540.00;31
3539;10;23206373;3539;277;4541;4568;8.03;0.49;270.02;4.65;1002;10;1541.00;27
3542;10;23206388;3542;284;4542;4568;7.98;0.48;270.03;4.66;1000;10;1542.00;26
3547;10;23206402;3547;292;4550;4572;7.90;0.48;270.21;4.71;1003;10;1543.00;22
3549;10;23206418;3549;290;4550;4572;7.88;0.48;270.36;4.71;1001;10;1544.00;22
3551;10;23206432;3551;292;4550;4572;7.80;0.48;270.46;4.71;999;10;1545.00;22
3554;10;23206445;3554;292;4552;4572;7.74;0.47;270.61;4.73;998;10;1546.00;20
3559;10;23206459;3559;292;4553;4572;7.65;0.47;270.56;4.74;994;10;1547.00;19
3561;10;23206472;3561;294;4561;4584;7.61;0.46;270.60;4.73;1000;10;1548.00;23
3565;10;23206487;3565;284;4564;4584;7.55;0.46;270.69;4.75;999;10;1549.00;20
3569;10;23206501;3569;284;4567;4584;7.54;0.46;270.62;4.76;998;10;1550.00;17
3573;10;23206516;3573;286;4568;4584;7.53;0.46;270.65;4.77;995;10;1551.00;16
3574;10;23206530;3574;284;4571;4584;7.55;0.46;270.73;4.80;997;10;1552.00;13
3579;10;23206543;3579;285;4571;4584;7.56;0.46;270.67;4.80;992;10;1553.00;13
3579;10;23206557;3579;279;4572;4585;7.62;0.47;270.67;4.80;993;10;1554.00;13
3581;10;23206571;3581;277;4578;4587;7.61;0.47;270.77;4.83;997;10;1555.00;9
3582;10;23206586;3582;276;4583;4593;7.73;0.47;270.83;4.82;1001;10;1556.00;10
3584;10;23206600;3584;272;4587;4594;7.72;0.47;270.78;4.84;1003;10;1557.00;7
3585;10;23206614;3585;273;4587;4594;7.77;0.48;270.86;4.84;1002;10;1558.00;7
3590;10;23206626;3590;272;4588;4594;7.72;0.47;270.83;4.84;998;10;1559.00;6
3591;10;23206642;3591;270;4593;4599;7.68;0.47;270.80;4.84;1002;10;1560.00;6
3594;10;23206657;3594;271;4593;4599;7.65;0.47;270.90;4.84;999;10;1561.00;6
3599;10;23206671;3599;273;4594;4599;7.64;0.47;271.00;4.85;995;10;1562.00;5
3602;10;23206686;3602;274;4595;4600;7.64;0.47;271.02;4.85;993;10;1563.00;5
3606;10;23206700;3606;280;4599;4604;7.58;0.46;271.12;4.85;993;10;1564.00;5
3608;10;23206715;3608;288;4600;4604;7.53;0.46;271.12;4.85;992;10;1565.00;4
3616;10;23206728;3616;292;4602;4607;7.45;0.45;271.21;4.85;986;10;1566.00;5
3620;10;23206742;3620;298;4603;4607;7.36;0.45;271.22;4.85;983;10;1567.00;4
3622;10;23206756;3622;309;4605;4607;7.24;0.44;271.19;4.86;983;10;1568.00;2
3628;10;23206776;3628;309;4606;4607;7.19;0.44;271.19;4.86;978;10;1569.00;1
3630;10;23206791;3630;313;4611;4611;7.18;0.44;271.29;4.85;981;10;1570.00;0
3636;10;23206805;3636;318;4611;4611;7.06;0.43;271.34;4.85;975;10;1571.00;0
3639;10;23206819;3639;320;4611;4611;6.98;0.43;271.47;4.85;972;10;1572.00;0
3641;10;23206831;3641;323;4611;4611;6.89;0.42;271.55;4.85;970;10;1573.00;0
3643;10;23206842;3643;326;4612;4612;6.77;0.41;271.53;4.85;969;10;1574.00;0
3647;10;23206855;3647;318;4614;4614;6.65;0.41;271.53;4.85;967;10;1575.00;0
3652;10;23206867;3652;310;4614;4614;6.51;0.40;271.62;4.85;962;10;1576.00;0
3654;10;23206880;3654;309;4615;4615;6.44;0.39;271.79;4.85;961;10;1577.00;0
3657;10;23206891;3657;319;4615;4615;6.37;0.39;271.80;4.85;958;10;1578.00;0
3662;10;23206903;3662;318;4615;4615;6.30;0.39;272.00;4.85;953;10;1579.00;0
3663;10;23206916;3663;320;4615;4615;6.30;0.39;272.11;4.85;952;10;1580.00;0
3666;10;23206927;3666;323;4615;4615;6.31;0.39;272.19;4.85;949;10;1581.00;0
3671;10;23206940;3671;315;4615;4615;6.28;0.39;272.38;4.85;944;10;1582.00;0
3674;10;23206953;3674;300;4615;4615;6.26;0.38;272.46;4.85;941;10;1583.00;0
3676;10;23206966;3676;307;4687;4742;6.60;0.41;272.57;4.78;1011;10;1584.00;55
3679;10;23206988;3679;293;4691;4743;6.54;0.41;272.71;4.77;1012;10;1585.00;52
3682;10;23207002;3682;292;4702;4743;6.53;0.41;272.81;4.77;1020;10;1586.00;41
3687;10;23207019;3687;286;4704;4743;6.46;0.40;272.83;4.77;1017;10;1587.00;39
3690;10;23207040;3690;291;4710;4743;6.42;0.40;272.96;4.77;1020;10;1588.00;33
3696;10;23207053;3696;300;4711;4743;6.34;0.40;273.02;4.77;1015;10;1589.00;32
3700;10;23207068;3700;315;4714;4743;6.25;0.39;273.22;4.77;1014;10;1590.00;29
3706;10;23207082;3706;321;4717;4743;6.20;0.38;273.16;4.77;1011;10;1591.00;26
3709;10;23207093;3709;333;4720;4744;6.21;0.39;273.21;4.77;1011;10;1592.00;24
3713;10;23207107;3713;338;4725;4745;6.21;0.39;273.29;4.77;1012;10;1593.00;20
3717;10;23207120;3717;334;4728;4745;6.18;0.38;273.39;4.78;1011;10;1594.00;17
3721;10;23207133;3721;340;4730;4746;6.11;0.38;273.49;4.78;1009;10;1595.00;16
3727;10;23207147;3727;352;4731;4746;6.08;0.38;273.55;4.78;1004;10;1596.00;15
3730;10;23207159;3730;353;4737;4746;6.07;0.38;273.70;4.79;1007;10;1597.00;9
3736;10;23207172;3736;363;4738;4746;6.02;0.37;273.82;4.79;1002;10;1598.00;8
3739;10;23207186;3739;367;4741;4750;6.02;0.37;273.89;4.79;1002;10;1599.00;9
3745;10;23207200;3745;374;4742;4750;5.99;0.37;274.20;4.79;997;10;1600.00;8
3753;10;23207218;3753;376;4742;4750;5.92;0.37;274.31;4.79;989;10;1601.00;8
3756;10;23207238;3756;383;4743;4753;5.87;0.36;274.25;4.79;987;10;1602.00;10
3760;10;23207257;3760;389;4745;4753;5.81;0.36;274.45;4.79;985;10;1603.00;8
3764;10;23207270;3764;393;4745;4753;5.77;0.36;274.37;4.79;981;10;1604.00;8
3772;10;23207283;3772;396;4749;4757;5.75;0.36;274.46;4.80;977;10;1605.00;8
3777;10;23207296;3777;402;4750;4758;5.68;0.35;274.54;4.79;973;10;1606.00;8
3781;10;23207307;3781;403;4750;4758;5.66;0.35;274.50;4.79;969;10;1607.00;8
3782;10;23207320;3782;407;4753;4762;5.65;0.35;274.53;4.79;971;10;1608.00;9
3787;10;23207333;3787;414;4756;4762;5.57;0.34;274.59;4.79;969;10;1609.00;6
3791;10;23207346;3791;415;4756;4762;5.51;0.34;274.59;4.79;965;10;1610.00;6
3793;10;23207358;3793;422;4757;4763;5.48;0.34;274.50;4.79;964;10;1611.00;6
3794;10;23207377;3794;422;4757;4763;5.50;0.34;274.47;4.79;963;10;1612.00;6
3798;10;23207390;3798;421;4762;4769;5.50;0.34;274.32;4.79;964;10;1613.00;7
3802;10;23207402;3802;428;4762;4769;5.48;0.34;274.23;4.79;960;10;1614.00;7
3806;10;23207415;3806;427;4762;4770;5.48;0.34;274.10;4.79;956;10;1615.00;8
3807;10;23207426;3807;434;4762;4770;5.49;0.34;274.04;4.79;955;10;1616.00;8
3809;10;23207438;3809;438;4762;4770;5.47;0.33;273.94;4.79;953;10;1617.00;8
3812;10;23207450;3812;443;4762;4770;5.50;0.34;273.96;4.79;950;10;1618.00;8
3813;10;23207461;3813;446;4762;4770;5.49;0.34;273.91;4.79;949;10;1619.00;8
3815;10;23207474;3815;451;4789;4806;5.71;0.35;273.87;4.76;974;10;1620.00;17
3817;10;23207489;3817;453;4790;4806;5.69;0.35;273.82;4.76;973;10;1621.00;16
3817;10;23207501;3817;449;4793;4806;5.73;0.35;273.82;4.76;976;10;1622.00;13
3820;10;23207514;3820;441;4793;4806;5.71;0.35;273.71;4.76;973;10;1623.00;13
3823;10;23207533;3823;440;4794;4806;5.76;0.35;273.76;4.76;971;10;1624.00;12
3827;10;23207545;3827;438;4794;4806;5.76;0.35;273.69;4.76;967;10;1625.00;12
3827;10;23207558;3827;438;4798;4810;5.80;0.36;273.69;4.76;971;10;1626.00;12
3828;10;23207571;3828;444;4798;4810;5.80;0.36;273.71;4.76;970;10;1627.00;12
3830;10;23207583;3830;450;4802;4814;5.81;0.36;273.68;4.75;972;10;1628.00;12
3830;10;23207596;3830;451;4803;4815;5.85;0.36;273.68;4.75;973;10;1629.00;12
3830;10;23207607;3830;454;4803;4815;5.86;0.36;273.68;4.75;973;10;1630.00;12
3834;10;23207625;3834;443;4803;4815;5.85;0.36;273.64;4.75;969;10;1631.00;12
3834;10;23207638;3834;439;4814;4828;6.00;0.37;273.64;4.74;980;10;1632.00;14
3834;10;23207651;3834;428;4814;4828;6.10;0.37;273.64;4.74;980;10;1633.00;14
3836;10;23207664;3836;417;4814;4828;6.14;0.37;273.69;4.74;978;10;1634.00;14
3837;10;23207675;3837;416;4815;4829;6.21;0.38;273.69;4.74;978;10;1635.00;14
3837;10;23207689;3837;415;4815;4830;6.27;0.38;273.69;4.74;978;10;1636.00;15
3842;10;23207701;3842;397;4815;4830;6.34;0.39;273.70;4.74;973;10;1637.00;15
3842;10;23207715;3842;390;4817;4833;6.47;0.39;273.70;4.74;975;10;1638.00;16
3842;10;23207728;3842;382;4818;4833;6.59;0.40;273.70;4.74;976;10;1639.00;15
3844;10;23207739;3844;369;4818;4833;6.69;0.41;273.68;4.74;974;10;1640.00;15
3844;10;23207753;3844;366;4818;4833;6.77;0.41;273.68;4.74;974;10;1641.00;15
3846;10;23207766;3846;358;4823;4839;6.89;0.42;273.66;4.74;977;10;1642.00;16
3849;11;23207781;3849;350;4823;4839;7.02;0.43;273.71;4.74;974;11;1643.00;16
3851;11;23207810;3851;344;4823;4839;7.14;0.43;273.71;4.74;972;11;1644.00;16
3853;12;23207830;3853;333;4823;4839;7.30;0.44;273.76;4.74;970;12;1645.00;16
3855;12;23207858;3855;333;4826;4843;7.38;0.45;273.72;4.73;971;12;1646.00;17
3855;12;23207873;3855;331;4827;4844;7.46;0.45;273.72;4.73;972;12;1647.00;17
3857;12;23207887;3857;327;4827;4844;7.54;0.46;273.77;4.73;970;12;1648.00;17
3858;12;23207901;3858;323;4828;4845;7.59;0.46;273.71;4.73;970;12;1649.00;17
3860;12;23207917;3860;326;4828;4845;7.63;0.46;273.70;4.73;968;12;1650.00;17
3863;12;23207931;3863;325;4828;4845;7.63;0.46;273.73;4.73;965;12;1651.00;17
3865;12;23207943;3865;327;4828;4845;7.63;0.46;273.72;4.73;963;12;1652.00;17
3867;12;23207960;3867;326;4828;4845;7.61;0.46;273.74;4.73;961;12;1653.00;17
3870;12;23207980;3870;329;4828;4845;7.59;0.46;273.83;4.73;958;12;1654.00;17
3871;12;23208001;3871;324;4828;4845;7.56;0.46;273.81;4.73;957;12;1655.00;17
3875;12;23208017;3875;334;4864;4915;7.41;0.45;273.86;4.70;989;12;1656.00;51
3877;12;23208036;3877;327;4864;4916;7.39;0.45;273.84;4.70;987;12;1657.00;52
3881;12;23208050;3881;323;4871;4916;7.45;0.45;273.80;4.69;990;12;1658.00;45
3881;12;23208063;3881;326;4873;4916;7.46;0.45;273.80;4.69;992;12;1659.00;43
3884;12;23208075;3884;323;4877;4916;7.47;0.45;273.76;4.69;993;12;1660.00;39
3885;12;23208089;3885;317;4879;4916;7.56;0.46;273.80;4.69;994;12;1661.00;37
3888;12;23208102;3888;317;4884;4916;7.56;0.46;273.77;4.69;996;12;1662.00;32
3889;12;23208115;3889;322;4887;4916;7.59;0.46;273.82;4.69;998;12;1663.00;29
3891;12;23208128;3891;327;4890;4917;7.57;0.46;273.84;4.70;999;12;1664.00;27
3892;12;23208142;3892;324;4894;4919;7.59;0.46;273.89;4.70;1002;12;1665.00;25
3893;13;23208156;3893;311;4896;4919;7.65;0.46;273.91;4.70;1003;13;1666.00;23
3895;13;23208189;3895;310;4900;4923;7.64;0.46;274.04;4.70;1005;13;1667.00;23
3898;13;23208203;3898;307;4900;4923;7.67;0.47;273.99;4.70;1002;13;1668.00;23
3904;13;23208217;3904;301;4900;4923;7.63;0.46;274.26;4.70;996;13;1669.00;23
3905;13;23208230;3905;300;4900;4923;7.65;0.47;274.21;4.70;995;13;1670.00;23
3907;13;23208243;3907;299;4904;4929;7.71;0.47;274.24;4.69;997;13;1671.00;25
3912;13;23208258;3912;298;4904;4929;7.79;0.47;274.29;4.69;992;13;1672.00;25
3916;13;23208271;3916;295;4904;4929;7.85;0.48;274.34;4.69;988;13;1673.00;25
3918;13;23208286;3918;296;4906;4932;7.96;0.48;274.43;4.69;988;13;1674.00;26
3921;13;23208299;3921;294;4907;4932;8.03;0.49;274.48;4.69;986;13;1675.00;25
3922;13;23208314;3922;285;4907;4932;8.05;0.49;274.47;4.69;985;13;1676.00;25
3927;13;23208328;3927;284;4907;4933;7.97;0.48;274.56;4.69;980;13;1677.00;26
3933;13;23208341;3933;276;4908;4934;7.87;0.48;274.67;4.69;975;13;1678.00;26
3935;13;23208356;3935;273;4908;4934;7.80;0.47;274.85;4.69;973;13;1679.00;26
3938;13;23208371;3938;271;4929;4960;7.74;0.47;274.92;4.69;991;13;1680.00;31
3943;13;23208389;3943;266;4929;4960;7.66;0.46;275.00;4.69;986;13;1681.00;31
3945;13;23208403;3945;267;4930;4960;7.61;0.46;275.09;4.69;985;13;1682.00;30
3946;13;23208418;3946;261;4932;4961;7.56;0.46;275.11;4.69;986;13;1683.00;29
3949;13;23208433;3949;257;4932;4961;7.53;0.46;275.28;4.69;983;13;1684.00;29
3950;13;23208447;3950;250;4935;4965;7.58;0.46;275.30;4.68;985;13;1685.00;30
3955;13;23208467;3955;241;4935;4965;7.56;0.46;275.40;4.68;980;13;1686.00;30
3959;13;23208482;3959;241;4938;4969;7.56;0.46;275.46;4.68;979;13;1687.00;31
3960;13;23208502;3960;232;4938;4969;7.64;0.46;275.46;4.68;978;13;1688.00;31
3962;13;23208517;3962;234;4938;4969;7.67;0.46;275.48;4.68;976;13;1689.00;31
3965;13;23208529;3965;233;4938;4969;7.72;0.47;275.54;4.68;973;13;1690.00;31
3966;13;23208542;3966;236;4938;4969;7.77;0.47;275.60;4.68;972;13;1691.00;31
3971;13;23208558;3971;233;4947;4981;7.80;0.47;275.61;4.67;976;13;1692.00;34
3973;13;23208574;3973;228;4948;4981;7.79;0.47;275.69;4.67;975;13;1693.00;33
3975;14;23208588;3975;226;4949;4981;7.84;0.47;275.59;4.67;974;14;1694.00;32
3977;14;23208624;3977;226;4949;4981;7.88;0.48;275.68;4.67;972;14;1695.00;32
3979;14;23208638;3979;225;4949;4981;7.91;0.48;275.72;4.67;970;14;1696.00;32
3980;14;23208652;3980;230;4951;4981;7.93;0.48;275.71;4.68;971;14;1697.00;30
3983;14;23208666;3983;229;4951;4982;7.91;0.48;275.90;4.68;968;14;1698.00;31
3985;14;23208680;3985;229;4951;4982;7.87;0.48;275.99;4.68;966;14;1699.00;31
3987;14;23208693;3987;226;4957;4988;7.93;0.48;276.09;4.71;970;14;1700.00;31
3988;14;23208712;3988;227;4959;4989;7.89;0.48;276.12;4.73;971;14;1701.00;30
3989;14;23208724;3989;228;4961;4989;7.89;0.48;276.16;4.73;972;14;1702.00;28
3991;14;23208737;3991;232;4962;4989;7.86;0.48;276.27;4.73;971;14;1703.00;27
3994;14;23208752;3994;234;4967;4993;7.83;0.48;276.35;4.77;973;14;1704.00;26
3997;14;23208765;3997;233;4967;4993;7.85;0.48;276.29;4.77;970;14;1705.00;26
3998;14;23208791;3998;230;4967;4993;7.88;0.48;276.43;4.77;969;14;1706.00;26
4001;14;23208805;4001;239;4969;4994;7.83;0.48;276.34;4.78;968;14;1707.00;25
4004;14;23208819;4004;238;4973;4998;7.86;0.48;276.47;4.80;969;14;1708.00;25
4006;14;23208833;4006;234;4973;4998;7.96;0.48;276.48;4.80;967;14;1709.00;25
4006;14;23208849;4006;242;4979;5004;8.04;0.49;276.48;4.83;973;14;1710.00;25
4009;14;23208863;4009;238;4979;5004;8.06;0.49;276.44;4.83;970;14;1711.00;25
4009;14;23208876;4009;241;4982;5004;8.12;0.49;276.44;4.85;973;14;1712.00;22
4013;14;23208889;4013;245;4984;5004;8.07;0.49;276.58;4.88;971;14;1713.00;20
4018;14;23208904;4018;246;4988;5008;8.05;0.49;276.63;4.88;970;14;1714.00;20
4020;14;23208918;4020;244;4989;5008;8.07;0.49;276.72;4.89;969;14;1715.00;19
4024;14;23208931;4024;241;4990;5008;8.06;0.49;276.74;4.90;966;14;1716.00;18
4026;14;23208943;4026;240;4991;5008;8.10;0.49;276.68;4.92;965;14;1717.00;17
4030;14;23208959;4030;240;4992;5009;8.12;0.49;276.74;4.92;962;14;1718.00;17
4031;14;23208972;4031;242;4994;5010;8.07;0.49;276.77;4.94;963;14;1719.00;16
4035;14;23208992;4035;242;4995;5010;8.01;0.49;276.86;4.95;960;14;1720.00;15
4036;14;23209008;4036;246;4996;5011;7.97;0.49;276.97;4.95;960;14;1721.00;15
4037;14;23209022;4037;253;4998;5011;7.85;0.48;276.99;4.98;961;14;1722.00;13
4041;14;23209034;4041;263;4998;5011;7.79;0.48;277.08;4.98;957;14;1723.00;13
4043;14;23209047;4043;264;5000;5011;7.73;0.47;277.12;5.01;957;14;1724.00;11
4048;14;23209059;4048;258;5000;5011;7.69;0.47;277.10;5.01;952;14;1725.00;11
4049;14;23209072;4049;255;5003;5011;7.69;0.47;277.16;5.04;954;14;1726.00;8
4052;14;23209085;4052;254;5003;5011;7.65;0.47;277.23;5.04;951;14;1727.00;8
4053;14;23209097;4053;277;5072;5138;7.79;0.48;277.26;4.98;1019;14;1728.00;66
4056;14;23209120;4056;259;5077;5139;7.80;0.48;277.25;4.98;1021;14;1729.00;62
4059;14;23209133;4059;253;5086;5139;7.85;0.49;277.45;4.98;1027;14;1730.00;53
4062;14;23209146;4062;244;5088;5139;7.87;0.49;277.63;4.98;1026;14;1731.00;51
4067;14;23209158;4067;247;5093;5139;7.89;0.49;277.56;4.98;1026;14;1732.00;46
4070;14;23209171;4070;248;5096;5139;7.82;0.48;277.62;4.99;1026;14;1733.00;43
4075;14;23209185;4075;258;5098;5139;7.81;0.48;277.87;4.99;1023;14;1734.00;41
4079;14;23209198;4079;264;5103;5139;7.77;0.48;277.92;5.01;1024;14;1735.00;36
4082;14;23209210;4082;265;5105;5140;7.80;0.48;277.96;5.01;1023;14;1736.00;35
4088;14;23209223;4088;267;5107;5141;7.82;0.48;278.11;5.01;1019;14;1737.00;34
4091;14;23209237;4091;268;5110;5141;7.77;0.48;278.20;5.02;1019;14;1738.00;31
4096;14;23209251;4096;271;5113;5142;7.77;0.47;278.18;5.02;1017;14;1739.00;29
4101;14;23209272;4101;271;5118;5142;7.65;0.47;278.18;5.03;1017;14;1740.00;24
4104;14;23209286;4104;272;5121;5142;7.50;0.46;278.26;5.04;1017;14;1741.00;21
4109;14;23209298;4109;285;5124;5142;7.40;0.45;278.43;5.04;1015;14;1742.00;18
4113;14;23209310;4113;293;5130;5146;7.28;0.45;278.39;5.05;1017;14;1743.00;16
4116;14;23209324;4116;300;5133;5146;7.18;0.44;278.40;5.05;1017;14;1744.00;13
4117;14;23209336;4117;311;5135;5146;7.10;0.44;278.48;5.06;1018;14;1745.00;11
4120;14;23209350;4120;321;5139;5149;6.97;0.43;278.54;5.06;1019;14;1746.00;10
4126;14;23209364;4126;337;5139;5149;6.82;0.42;278.72;5.06;1013;14;1747.00;10
4131;14;23209376;4131;345;5143;5149;6.64;0.41;278.72;5.07;1012;14;1748.00;6
4133;14;23209389;4133;356;5146;5153;6.46;0.40;278.97;5.07;1013;14;1749.00;7
4138;14;23209401;4138;349;5147;5154;6.33;0.39;278.96;5.07;1009;14;1750.00;7
4141;14;23209415;4141;349;5149;5154;6.24;0.38;278.99;5.07;1008;14;1751.00;5
4146;14;23209426;4146;355;5153;5158;6.16;0.38;278.98;5.07;1007;14;1752.00;5
4153;14;23209439;4153;356;5155;5158;6.02;0.37;279.14;5.07;1002;14;1753.00;3
4155;14;23209452;4155;361;5157;5158;5.96;0.36;279.07;5.08;1002;14;1754.00;1
4157;14;23209464;4157;363;5158;5160;5.93;0.36;279.09;5.08;1001;14;1755.00;2
4159;14;23209476;4159;359;5160;5160;5.84;0.36;279.12;5.08;1001;14;1756.00;0
4161;14;23209488;4161;361;5164;5166;5.86;0.36;279.13;5.07;1003;14;1757.00;2
4165;14;23209502;4165;361;5165;5166;5.79;0.35;279.30;5.07;1000;14;1758.00;1
4167;14;23209514;4167;365;5165;5167;5.81;0.35;279.33;5.07;998;14;1759.00;2
4169;14;23209526;4169;361;5165;5167;5.74;0.35;279.49;5.07;996;14;1760.00;2
4172;14;23209538;4172;366;5165;5167;5.70;0.35;279.44;5.07;993;14;1761.00;2
4178;14;23209552;4178;369;5165;5167;5.59;0.34;279.65;5.07;987;14;1762.00;2
4179;14;23209564;4179;370;5165;5167;5.53;0.34;279.63;5.07;986;14;1763.00;2
4183;14;23209575;4183;377;5175;5179;5.57;0.34;279.67;5.06;992;14;1764.00;4
4187;14;23209589;4187;380;5175;5179;5.53;0.34;279.74;5.06;988;14;1765.00;4
4189;14;23209601;4189;385;5176;5179;5.57;0.34;279.80;5.06;987;14;1766.00;3
4190;14;23209613;4190;386;5176;5179;5.60;0.34;279.86;5.06;986;14;1767.00;3
4195;14;23209624;4195;391;5176;5179;5.58;0.34;280.08;5.06;981;14;1768.00;3
4200;14;23209642;4200;397;5176;5179;5.54;0.34;280.03;5.06;976;14;1769.00;3
4204;14;23209656;4204;398;5179;5183;5.57;0.34;280.06;5.06;975;14;1770.00;4
4207;14;23209668;4207;399;5179;5183;5.55;0.34;280.01;5.06;972;14;1771.00;4
4210;14;23209680;4210;406;5183;5187;5.57;0.34;279.97;5.06;973;14;1772.00;4
4217;14;23209691;4217;417;5184;5188;5.53;0.34;279.85;5.05;967;14;1773.00;4
4220;14;23209704;4220;422;5184;5188;5.54;0.34;279.94;5.05;964;14;1774.00;4
4223;14;23209717;4223;427;5184;5188;5.54;0.34;280.08;5.05;961;14;1775.00;4
4226;14;23209730;4226;431;5195;5201;5.60;0.34;280.05;5.04;969;14;1776.00;6
4233;14;23209742;4233;432;5195;5201;5.50;0.34;280.07;5.04;962;14;1777.00;6
4237;14;23209756;4237;436;5195;5201;5.45;0.33;279.99;5.04;958;14;1778.00;6
4244;14;23209770;4244;435;5196;5202;5.45;0.33;279.98;5.04;952;14;1779.00;6
4247;14;23209785;4247;436;5196;5203;5.42;0.33;280.01;5.04;949;14;1780.00;7
4250;14;23209798;4250;437;5196;5203;5.38;0.33;280.04;5.04;946;14;1781.00;7
4253;14;23209809;4253;440;5198;5206;5.36;0.33;280.03;5.04;945;14;1782.00;8
4256;14;23209823;4256;440;5198;5206;5.34;0.33;280.09;5.04;942;14;1783.00;8
4259;14;23209836;4259;437;5199;5206;5.33;0.33;280.03;5.04;940;14;1784.00;7
4264;14;23209848;4264;442;5199;5206;5.30;0.32;280.24;5.04;935;14;1785.00;7
4266;14;23209859;4266;449;5204;5212;5.32;0.33;280.18;5.04;938;14;1786.00;8
4271;14;23209870;4271;449;5204;5212;5.25;0.32;280.23;5.04;933;14;1787.00;8
4274;14;23209882;4274;460;5204;5212;5.20;0.32;280.22;5.04;930;14;1788.00;8
4278;14;23209892;4278;466;5204;5212;5.15;0.31;280.16;5.04;926;14;1789.00;8
4281;14;23209903;4281;465;5207;5216;5.12;0.31;280.23;5.03;926;14;1790.00;9
4284;14;23209914;4284;471;5208;5217;5.12;0.31;280.26;5.03;924;14;1791.00;9
4284;14;23209925;4284;474;5208;5217;5.11;0.31;280.26;5.03;924;14;1792.00;9
4290;14;23209935;4290;474;5209;5218;5.03;0.31;280.19;5.03;919;14;1793.00;9
4293;14;23209946;4293;466;5209;5218;4.99;0.30;280.21;5.03;916;14;1794.00;9
4293;14;23209956;4293;465;5209;5218;5.01;0.31;280.21;5.03;916;14;1795.00;9
4295;14;23209967;4295;467;5209;5218;5.05;0.31;280.16;5.03;914;14;1796.00;9
4298;14;23209979;4298;449;5209;5218;5.09;0.31;280.24;5.03;911;14;1797.00;9
4301;14;23209990;4301;431;5209;5218;5.18;0.32;280.38;5.03;908;14;1798.00;9
4304;14;23210002;4304;422;5209;5218;5.35;0.33;280.55;5.03;905;14;1799.00;9
4304;14;23210019;4304;430;5279;5356;5.87;0.37;280.55;4.97;975;14;1800.00;77
4308;14;23210056;4308;428;5284;5357;5.97;0.37;280.55;4.96;976;14;1801.00;73
4310;14;23210069;4310;420;5294;5357;6.15;0.38;280.52;4.96;984;14;1802.00;63
4312;14;23210083;4312;404;5296;5357;6.24;0.38;280.61;4.96;984;14;1803.00;61
4314;14;23210101;4314;399;5300;5357;6.32;0.39;280.65;4.96;986;14;1804.00;57
4314;14;23210114;4314;400;5300;5357;6.35;0.39;280.65;4.96;986;14;1805.00;57
4316;14;23210134;4316;385;5308;5357;6.42;0.40;280.69;4.96;992;14;1806.00;49
4318;14;23210149;4318;365;5311;5357;6.42;0.40;280.77;4.96;993;14;1807.00;46
4318;14;23210163;4318;362;5318;5358;6.44;0.40;280.77;4.96;1000;14;1808.00;40
4320;14;23210186;4320;354;5322;5359;6.55;0.40;280.77;4.97;1002;14;1809.00;37
4320;14;23210201;4320;346;5326;5359;6.59;0.41;280.77;4.97;1006;14;1810.00;33
4321;14;23210223;4321;339;5332;5363;6.62;0.41;280.79;4.97;1011;14;1811.00;31
4322;14;23210247;4322;340;5335;5363;6.69;0.41;280.81;4.97;1013;14;1812.00;28
4323;14;23210260;4323;348;5337;5363;6.76;0.42;280.84;4.97;1014;14;1813.00;26
4324;14;23210273;4324;347;5338;5363;6.79;0.42;280.96;4.98;1014;14;1814.00;25
4327;14;23210288;4327;353;5342;5369;6.83;0.42;281.06;4.98;1015;14;1815.00;27
4329;14;23210303;4329;359;5342;5369;6.88;0.42;281.10;4.98;1013;14;1816.00;27
4331;14;23210317;4331;357;5342;5369;6.90;0.42;281.22;4.98;1011;14;1817.00;27
4336;14;23210331;4336;349;5346;5372;6.86;0.42;281.41;4.98;1010;14;1818.00;26
4338;14;23210345;4338;344;5346;5372;6.89;0.42;281.38;4.98;1008;14;1819.00;26
4341;14;23210359;4341;343;5347;5372;6.91;0.42;281.62;4.98;1006;14;1820.00;25
4342;14;23210372;4342;341;5349;5373;6.92;0.43;281.77;4.98;1007;14;1821.00;24
4344;14;23210386;4344;336;5351;5374;6.98;0.43;281.87;4.98;1007;14;1822.00;23
4346;14;23210400;4346;336;5351;5374;6.97;0.43;281.83;4.98;1005;14;1823.00;23
4349;14;23210413;4349;336;5359;5387;6.99;0.43;281.80;4.98;1010;14;1824.00;28
4351;14;23210427;4351;336;5360;5387;7.06;0.43;281.90;4.98;1009;14;1825.00;27
4355;14;23210440;4355;334;5361;5387;7.05;0.43;282.09;4.98;1006;14;1826.00;26
4357;14;23210454;4357;331;5362;5388;7.17;0.44;282.14;4.98;1005;14;1827.00;26
4362;14;23210467;4362;336;5362;5388;7.22;0.44;282.48;4.98;1000;14;1828.00;26
4363;14;23210482;4363;333;5366;5392;7.31;0.45;282.54;4.97;1003;14;1829.00;26
4365;14;23210497;4365;334;5366;5392;7.41;0.45;282.50;4.97;1001;14;1830.00;26
4367;14;23210510;4367;338;5371;5396;7.42;0.45;282.60;4.97;1004;14;1831.00;25
4371;14;23210525;4371;338;5371;5396;7.46;0.46;282.70;4.97;1000;14;1832.00;25
4374;14;23210538;4374;336;5371;5396;7.51;0.46;282.77;4.97;997;14;1833.00;25
4378;15;23210552;4378;331;5371;5396;7.50;0.46;282.77;4.97;993;15;1834.00;25
4381;15;23210589;4381;330;5371;5396;7.53;0.46;282.82;4.97;990;15;1835.00;25
4383;16;23210605;4383;335;5381;5408;7.51;0.46;282.77;4.96;998;16;1836.00;27
4385;16;23210637;4385;335;5381;5408;7.46;0.45;282.84;4.96;996;16;1837.00;27
4385;16;23210652;4385;336;5382;5408;7.50;0.46;282.84;4.96;997;16;1838.00;26
4386;16;23210671;4386;337;5382;5408;7.47;0.46;282.84;4.96;996;16;1839.00;26
4387;16;23210686;4387;335;5382;5408;7.43;0.45;282.88;4.96;995;16;1840.00;26
4391;16;23210699;4391;335;5382;5408;7.44;0.45;282.91;4.96;991;16;1841.00;26
4393;16;23210714;4393;332;5382;5409;7.46;0.45;282.95;4.96;989;16;1842.00;27
4395;16;23210727;4395;325;5382;5409;7.48;0.46;282.98;4.96;987;16;1843.00;27
4398;16;23210740;4398;321;5387;5415;7.50;0.46;282.93;4.96;989;16;1844.00;28
4401;16;23210754;4401;317;5389;5417;7.48;0.46;282.99;4.96;988;16;1845.00;28
4405;16;23210768;4405;312;5389;5417;7.44;0.45;283.18;4.96;984;16;1846.00;28
4408;16;23210782;4408;307;5389;5417;7.45;0.45;283.18;4.96;981;16;1847.00;28
4410;16;23210795;4410;308;5392;5421;7.47;0.45;283.24;4.95;982;16;1848.00;29
4417;16;23210809;4417;309;5392;5421;7.40;0.45;283.25;4.95;975;16;1849.00;29
4418;16;23210826;4418;302;5392;5421;7.38;0.45;283.28;4.95;974;16;1850.00;29
4424;16;23210840;4424;301;5393;5422;7.34;0.44;283.40;4.95;969;16;1851.00;29
4428;16;23210853;4428;300;5396;5426;7.23;0.44;283.53;4.95;968;16;1852.00;30
4431;16;23210866;4431;295;5396;5426;7.21;0.44;283.62;4.95;965;16;1853.00;30
4433;16;23210878;4433;291;5398;5429;7.23;0.44;283.68;4.95;965;16;1854.00;31
4437;16;23210890;4437;284;5401;5429;7.21;0.44;283.66;4.98;964;16;1855.00;28
4439;16;23210904;4439;275;5401;5429;7.20;0.44;283.63;4.98;962;16;1856.00;28
4441;16;23210918;4441;269;5401;5429;7.24;0.44;283.64;4.98;960;16;1857.00;28
4444;16;23210930;4444;268;5405;5433;7.26;0.44;283.79;4.98;961;16;1858.00;28
4448;16;23210943;4448;265;5405;5433;7.28;0.44;283.90;4.98;957;16;1859.00;28
4451;16;23210958;4451;263;5405;5433;7.28;0.44;283.85;4.98;954;16;1860.00;28
4455;16;23210971;4455;266;5405;5433;7.27;0.44;283.97;4.98;950;16;1861.00;28
4456;16;23210985;4456;257;5405;5434;7.32;0.44;283.92;4.98;949;16;1862.00;29
4458;16;23210997;4458;258;5406;5435;7.36;0.45;283.89;4.98;948;16;1863.00;29
4460;16;23211010;4460;262;5406;5435;7.37;0.45;283.94;4.98;946;16;1864.00;29
4461;17;23211024;4461;261;5407;5436;7.44;0.45;284.03;4.98;946;17;1865.00;29
4463;17;23211049;4463;257;5407;5436;7.49;0.45;284.00;4.98;944;17;1866.00;29
4465;17;23211063;4465;255;5407;5436;7.55;0.46;284.09;4.98;942;17;1867.00;29
4466;17;23211075;4466;249;5407;5436;7.68;0.47;284.07;4.98;941;17;1868.00;29
4469;17;23211089;4469;245;5407;5436;7.64;0.46;284.21;4.98;938;17;1869.00;29
4471;17;23211110;4471;240;5407;5436;7.68;0.47;284.20;4.98;936;17;1870.00;29
4472;17;23211134;4472;236;5407;5436;7.74;0.47;284.28;4.98;935;17;1871.00;29
4476;17;23211150;4476;263;5474;5563;7.73;0.48;284.29;4.93;998;17;1872.00;89
4478;17;23211175;4478;249;5475;5564;7.84;0.48;284.25;4.93;997;17;1873.00;89
4480;17;23211190;4480;239;5483;5564;7.93;0.49;284.38;4.93;1003;17;1874.00;81
4483;17;23211204;4483;237;5483;5564;7.95;0.49;284.40;4.93;1000;17;1875.00;81
4486;17;23211218;4486;234;5492;5564;8.04;0.49;284.36;4.92;1006;17;1876.00;72
4489;17;23211232;4489;236;5493;5564;8.11;0.50;284.37;4.92;1004;17;1877.00;71
4492;17;23211247;4492;239;5497;5564;8.10;0.50;284.50;4.92;1005;17;1878.00;67
4496;17;23211260;4496;243;5502;5564;8.11;0.50;284.40;4.94;1006;17;1879.00;62
4498;17;23211275;4498;246;5507;5565;8.14;0.50;284.40;4.96;1009;17;1880.00;58
4501;17;23211290;4501;248;5512;5566;8.18;0.50;284.52;4.97;1011;17;1881.00;54
4502;17;23211305;4502;253;5518;5568;8.14;0.50;284.49;4.98;1016;17;1882.00;50
4507;17;23211320;4507;256;5522;5569;8.12;0.50;284.64;5.01;1015;17;1883.00;47
4509;17;23211334;4509;261;5523;5569;8.11;0.50;284.61;5.01;1014;17;1884.00;46
4513;17;23211348;4513;266;5527;5569;8.05;0.49;284.69;5.04;1014;17;1885.00;42
4515;17;23211362;4515;272;5528;5569;7.98;0.49;284.80;5.04;1013;17;1886.00;41
4518;17;23211377;4518;274;5534;5573;7.93;0.49;284.83;5.05;1016;17;1887.00;39
4525;17;23211393;4525;278;5536;5573;7.88;0.48;284.83;5.09;1011;17;1888.00;37
4528;17;23211408;4528;281;5538;5573;7.88;0.48;284.98;5.09;1010;17;1889.00;35
4529;17;23211424;4529;287;5542;5579;7.82;0.48;284.99;5.10;1013;17;1890.00;37
4532;17;23211439;4532;295;5545;5579;7.76;0.47;285.04;5.12;1013;17;1891.00;34
4533;17;23211453;4533;310;5548;5579;7.73;0.47;285.16;5.15;1015;17;1892.00;31
4536;17;23211468;4536;313;5552;5583;7.67;0.47;285.19;5.17;1016;17;1893.00;31
4539;17;23211489;4539;315;5555;5584;7.63;0.47;285.23;5.20;1016;17;1894.00;29
4541;17;23211503;4541;320;5559;5584;7.57;0.46;285.25;5.23;1018;17;1895.00;25
4543;17;23211524;4543;320;5562;5588;7.53;0.46;285.33;5.23;1019;17;1896.00;26
4547;17;23211538;4547;319;5565;5588;7.48;0.46;285.38;5.24;1018;17;1897.00;23
4549;17;23211552;4549;319;5566;5588;7.42;0.46;285.36;5.24;1017;17;1898.00;22
4552;17;23211565;4552;316;5569;5589;7.28;0.45;285.56;5.27;1017;17;1899.00;20
4555;17;23211581;4555;311;5570;5589;7.15;0.44;285.63;5.28;1015;17;1900.00;19
4558;17;23211599;4558;303;5577;5595;7.13;0.44;285.68;5.30;1019;17;1901.00;18
4558;17;23211615;4558;308;5578;5595;7.05;0.43;285.68;5.31;1020;17;1902.00;17
4561;17;23211629;4561;308;5579;5596;6.99;0.43;285.92;5.32;1018;17;1903.00;17
4565;17;23211641;4565;316;5580;5596;6.93;0.43;285.79;5.32;1015;17;1904.00;16
4567;17;23211655;4567;317;5581;5596;6.90;0.42;285.88;5.33;1014;17;1905.00;15
4570;17;23211668;4570;322;5581;5596;6.88;0.42;285.91;5.33;1011;17;1906.00;15
4572;17;23211682;4572;323;5583;5596;6.88;0.42;286.07;5.34;1011;17;1907.00;13
4576;17;23211694;4576;325;5594;5608;6.88;0.42;286.13;5.33;1018;17;1908.00;14
4581;17;23211708;4581;328;5595;5608;6.88;0.42;286.23;5.34;1014;17;1909.00;13
4584;17;23211722;4584;332;5595;5608;6.89;0.42;286.24;5.34;1011;17;1910.00;13
4591;17;23211735;4591;336;5595;5608;6.87;0.42;286.24;5.34;1004;17;1911.00;13
4598;17;23211748;4598;338;5596;5608;6.77;0.41;286.48;5.35;998;17;1912.00;12
4598;17;23211760;4598;338;5598;5608;6.77;0.41;286.48;5.36;1000;17;1913.00;10
4603;17;23211772;4603;348;5601;5612;6.72;0.41;286.54;5.36;998;17;1914.00;11
4608;17;23211786;4608;353;5602;5612;6.65;0.41;286.69;5.37;994;17;1915.00;10
4612;17;23211798;4612;355;5606;5616;6.61;0.40;286.72;5.37;994;17;1916.00;10
4616;17;23211809;4616;365;5608;5617;6.53;0.40;286.70;5.37;992;17;1917.00;9
4618;17;23211821;4618;373;5610;5617;6.43;0.39;286.65;5.39;992;17;1918.00;7
4619;17;23211833;4619;379;5611;5617;6.35;0.39;286.59;5.39;992;17;1919.00;6
4626;17;23211847;4626;389;5634;5646;6.28;0.38;286.47;5.37;1008;17;1920.00;12
4630;17;23211861;4630;391;5634;5646;6.15;0.38;286.48;5.37;1004;17;1921.00;12
4632;17;23211872;4632;394;5638;5646;6.04;0.37;286.49;5.38;1006;17;1922.00;8
4635;17;23211884;4635;397;5640;5647;5.86;0.36;286.46;5.37;1005;17;1923.00;7
4638;17;23211894;4638;404;5642;5648;5.72;0.35;286.51;5.38;1004;17;1924.00;6
4642;17;23211912;4642;393;5643;5648;5.61;0.34;286.40;5.39;1001;17;1925.00;5
4644;17;23211924;4644;392;5646;5651;5.56;0.34;286.40;5.38;1002;17;1926.00;5
4647;17;23211940;4647;389;5647;5651;5.50;0.34;286.34;5.39;1000;17;1927.00;4
4650;17;23211953;4650;383;5647;5651;5.47;0.34;286.36;5.39;997;17;1928.00;4
4654;17;23211964;4654;388;5647;5651;5.42;0.33;286.26;5.39;993;17;1929.00;4
4658;17;23211975;4658;395;5652;5657;5.45;0.33;286.19;5.38;994;17;1930.00;5
4661;17;23211987;4661;402;5652;5657;5.40;0.33;286.21;5.38;991;17;1931.00;5
4667;17;23211999;4667;402;5652;5657;5.30;0.32;286.19;5.38;985;17;1932.00;5
4672;17;23212012;4672;405;5652;5657;5.20;0.32;286.09;5.38;980;17;1933.00;5
4674;17;23212026;4674;400;5655;5661;5.15;0.31;286.14;5.38;981;17;1934.00;6
4676;17;23212038;4676;393;5657;5663;5.07;0.31;286.12;5.38;981;17;1935.00;6
4678;17;23212050;4678;406;5657;5663;4.99;0.31;286.10;5.38;979;17;1936.00;6
4681;17;23212061;4681;407;5658;5664;4.95;0.30;286.05;5.38;977;17;1937.00;6
4686;17;23212071;4686;411;5658;5664;4.88;0.30;285.87;5.38;972;17;1938.00;6
4687;17;23212084;4687;410;5658;5664;4.87;0.30;285.89;5.38;971;17;1939.00;6
4689;17;23212093;4689;411;5658;5664;4.85;0.30;285.81;5.38;969;17;1940.00;6
4691;17;23212105;4691;413;5658;5664;4.80;0.30;285.88;5.38;967;17;1941.00;6
4693;17;23212117;4693;416;5658;5664;4.78;0.29;285.88;5.38;965;17;1942.00;6
4695;17;23212128;4695;424;5658;5664;4.81;0.30;285.85;5.38;963;17;1943.00;6
4699;17;23212138;4699;430;5699;5734;4.96;0.31;285.83;5.34;1000;17;1944.00;35
4701;17;23212156;4701;426;5699;5735;5.00;0.31;285.84;5.34;998;17;1945.00;36
4707;17;23212167;4707;434;5705;5735;5.09;0.31;285.93;5.34;998;17;1946.00;30
4710;17;23212179;4710;433;5706;5735;5.14;0.32;285.99;5.33;996;17;1947.00;29
4712;17;23212190;4712;436;5711;5735;5.20;0.32;285.99;5.33;999;17;1948.00;24
4718;17;23212201;4718;436;5711;5735;5.20;0.32;286.10;5.33;993;17;1949.00;24
4720;17;23212215;4720;441;5716;5737;5.17;0.32;286.14;5.33;996;17;1950.00;21
4724;17;23212226;4724;433;5719;5737;5.16;0.32;286.12;5.33;995;17;1951.00;18
4726;17;23212238;4726;423;5721;5738;5.18;0.32;286.11;5.33;995;17;1952.00;17
4730;17;23212251;4730;417;5722;5739;5.14;0.32;286.17;5.33;992;17;1953.00;17
4732;17;23212262;4732;419;5725;5739;5.19;0.32;286.14;5.34;993;17;1954.00;14
4737;17;23212273;4737;417;5730;5743;5.17;0.32;286.07;5.34;993;17;1955.00;13
4741;17;23212286;4741;417;5732;5743;5.22;0.32;286.02;5.34;991;17;1956.00;11
4744;17;23212298;4744;418;5732;5743;5.26;0.32;286.04;5.34;988;17;1957.00;11
4746;17;23212318;4746;424;5732;5743;5.26;0.32;285.97;5.34;986;17;1958.00;11
4749;17;23212330;4749;424;5737;5749;5.31;0.33;286.03;5.33;988;17;1959.00;12
4752;17;23212342;4752;424;5737;5749;5.34;0.33;285.97;5.33;985;17;1960.00;12
4759;17;23212355;4759;423;5737;5749;5.36;0.33;285.93;5.33;978;17;1961.00;12
4763;17;23212369;4763;421;5739;5752;5.44;0.33;285.98;5.33;976;17;1962.00;13
4765;17;23212388;4765;424;5739;5752;5.47;0.33;285.97;5.33;974;17;1963.00;13
4767;17;23212406;4767;418;5740;5752;5.50;0.34;285.96;5.33;973;17;1964.00;12
4768;17;23212419;4768;422;5740;5753;5.51;0.34;285.90;5.33;972;17;1965.00;13
4768;17;23212430;4768;422;5741;5754;5.59;0.34;285.90;5.33;973;17;1966.00;13
4770;17;23212442;4770;422;5741;5754;5.58;0.34;285.87;5.33;971;17;1967.00;13
4770;17;23212455;4770;426;5752;5767;5.68;0.35;285.87;5.32;982;17;1968.00;15
4770;17;23212467;4770;427;5752;5767;5.64;0.34;285.87;5.32;982;17;1969.00;15
4773;17;23212480;4773;429;5752;5767;5.63;0.34;285.81;5.32;979;17;1970.00;15
4775;17;23212491;4775;434;5753;5768;5.63;0.34;285.85;5.32;978;17;1971.00;15
4777;17;23212503;4777;423;5753;5768;5.63;0.34;285.89;5.32;976;17;1972.00;15
4780;17;23212517;4780;418;5757;5772;5.71;0.35;286.11;5.32;977;17;1973.00;15
4782;17;23212529;4782;411;5757;5772;5.76;0.35;286.18;5.32;975;17;1974.00;15
4784;17;23212541;4784;400;5760;5776;5.87;0.36;286.17;5.31;976;17;1975.00;16
4787;17;23212554;4787;400;5760;5776;5.96;0.36;286.24;5.31;973;17;1976.00;16
4789;17;23212567;4789;399;5760;5776;6.04;0.37;286.21;5.31;971;17;1977.00;16
4789;17;23212580;4789;394;5760;5776;6.11;0.37;286.21;5.31;971;17;1978.00;16
4789;17;23212599;4789;398;5760;5776;6.18;0.38;286.21;5.31;971;17;1979.00;16
4793;17;23212612;4793;399;5788;5810;6.34;0.39;286.39;5.29;995;17;1980.00;22
4796;17;23212626;4796;383;5788;5810;6.37;0.39;286.57;5.29;992;17;1981.00;22
4799;17;23212641;4799;381;5790;5810;6.42;0.39;286.56;5.29;991;17;1982.00;20
4800;17;23212655;4800;376;5790;5810;6.46;0.40;286.66;5.29;990;17;1983.00;20
4803;17;23212669;4803;367;5791;5810;6.49;0.40;286.86;5.29;988;17;1984.00;19
4804;17;23212683;4804;364;5791;5810;6.53;0.40;286.96;5.29;987;17;1985.00;19
4805;17;23212696;4805;362;5791;5811;6.57;0.40;286.97;5.29;986;17;1986.00;20
4808;17;23212709;4808;367;5791;5811;6.56;0.40;287.08;5.29;983;17;1987.00;20
4811;17;23212722;4811;368;5796;5817;6.56;0.40;287.18;5.28;985;17;1988.00;21
4812;17;23212747;4812;365;5797;5818;6.57;0.40;287.20;5.28;985;17;1989.00;21
4816;17;23212760;4816;370;5797;5818;6.52;0.40;287.25;5.28;981;17;1990.00;21
4820;17;23212774;4820;371;5797;5818;6.48;0.39;287.32;5.28;977;17;1991.00;21
4823;17;23212789;4823;365;5800;5822;6.44;0.39;287.39;5.28;977;17;1992.00;22
4825;17;23212803;4825;364;5800;5822;6.35;0.39;287.44;5.28;975;17;1993.00;22
4826;17;23212824;4826;364;5800;5822;6.36;0.39;287.44;5.28;974;17;1994.00;22
4827;17;23212837;4827;366;5801;5823;6.36;0.39;287.52;5.28;974;17;1995.00;22
4828;17;23212851;4828;360;5804;5827;6.36;0.39;287.53;5.28;976;17;1996.00;23
4828;17;23212864;4828;357;5804;5827;6.36;0.39;287.53;5.28;976;17;1997.00;23
4832;17;23212876;4832;353;5806;5830;6.43;0.39;287.62;5.27;974;17;1998.00;24
4834;17;23212891;4834;348;5806;5830;6.49;0.39;287.65;5.27;972;17;1999.00;24
4835;17;23212905;4835;345;5807;5830;6.50;0.39;287.66;5.27;972;17;2000.00;23
4837;17;23212934;4837;345;5807;5830;6.56;0.40;287.79;5.27;970;17;2001.00;23
4839;17;23212948;4839;347;5811;5834;6.64;0.40;287.81;5.27;972;17;2002.00;23
4841;17;23212961;4841;350;5811;5834;6.65;0.40;287.91;5.27;970;17;2003.00;23
4842;17;23212974;4842;354;5811;5834;6.66;0.40;287.99;5.27;969;17;2004.00;23
4843;17;23212988;4843;355;5811;5834;6.66;0.40;287.96;5.27;968;17;2005.00;23
4844;17;23213000;4844;354;5811;5835;6.67;0.40;288.06;5.27;967;17;2006.00;24
4846;17;23213015;4846;351;5812;5836;6.73;0.41;288.09;5.27;966;17;2007.00;24
4850;17;23213028;4850;345;5812;5836;6.74;0.41;288.05;5.27;962;17;2008.00;24
4852;17;23213040;4852;348;5813;5837;6.75;0.41;288.16;5.27;961;17;2009.00;24
4852;17;23213060;4852;349;5813;5837;6.81;0.41;288.16;5.27;961;17;2010.00;24
4855;17;23213077;4855;353;5813;5837;6.82;0.41;288.24;5.27;958;17;2011.00;24
4859;17;23213093;4859;350;5813;5837;6.83;0.41;288.33;5.27;954;17;2012.00;24
4862;17;23213107;4862;349;5813;5837;6.84;0.41;288.41;5.27;951;17;2013.00;24
4863;17;23213121;4863;346;5813;5837;6.82;0.41;288.45;5.27;950;17;2014.00;24
4866;17;23213133;4866;344;5813;5837;6.76;0.41;288.52;5.27;947;17;2015.00;24
4866;17;23213152;4866;371;5887;5964;6.72;0.41;288.52;5.20;1021;17;2016.00;77
4866;17;23213179;4866;355;5887;5965;6.78;0.42;288.52;5.20;1021;17;2017.00;78
4871;17;23213193;4871;339;5892;5965;6.86;0.42;288.55;5.20;1021;17;2018.00;73
4874;17;23213206;4874;338;5892;5965;6.89;0.42;288.61;5.20;1018;17;2019.00;73
4877;17;23213220;4877;335;5897;5965;6.96;0.43;288.72;5.20;1020;17;2020.00;68
4879;17;23213233;4879;328;5900;5965;7.02;0.43;288.81;5.20;1021;17;2021.00;65
4881;17;23213247;4881;325;5903;5965;7.13;0.44;288.83;5.20;1022;17;2022.00;62
4883;17;23213260;4883;322;5906;5965;7.23;0.44;288.90;5.20;1023;17;2023.00;59
4884;17;23213275;4884;324;5909;5966;7.36;0.45;288.92;5.20;1025;17;2024.00;57
4888;17;23213289;4888;326;5915;5968;7.38;0.45;289.00;5.20;1027;17;2025.00;53
4891;17;23213304;4891;317;5917;5968;7.34;0.45;289.16;5.21;1026;17;2026.00;51
4893;17;23213320;4893;317;5920;5969;7.29;0.44;289.24;5.21;1027;17;2027.00;49
4898;17;23213335;4898;311;5922;5969;7.17;0.44;289.37;5.21;1024;17;2028.00;47
4901;17;23213350;4901;305;5925;5969;7.09;0.43;289.48;5.23;1024;17;2029.00;44
4906;17;23213373;4906;301;5926;5969;7.08;0.43;289.68;5.23;1020;17;2030.00;43
4910;17;23213389;4910;295;5931;5973;7.04;0.43;289.81;5.25;1021;17;2031.00;42
4912;17;23213404;4912;293;5931;5973;7.00;0.43;289.88;5.25;1019;17;2032.00;42
4917;17;23213418;4917;291;5932;5973;6.97;0.42;290.04;5.25;1015;17;2033.00;41
4919;17;23213433;4919;295;5936;5976;7.02;0.43;290.08;5.26;1017;17;2034.00;40
4923;17;23213448;4923;295;5938;5976;7.03;0.43;290.27;5.26;1015;17;2035.00;38
4925;17;23213463;4925;292;5938;5976;7.03;0.43;290.34;5.26;1013;17;2036.00;38
4925;17;23213475;4925;295;5943;5980;7.06;0.43;290.34;5.26;1018;17;2037.00;37
4929;17;23213491;4929;289;5945;5981;7.11;0.43;290.49;5.26;1016;17;2038.00;36
4931;17;23213505;4931;282;5946;5981;7.18;0.44;290.45;5.26;1015;17;2039.00;35
4934;17;23213522;4934;278;5950;5986;7.28;0.44;290.55;5.26;1016;17;2040.00;36
4935;17;23213537;4935;283;5950;5986;7.30;0.44;290.53;5.26;1015;17;2041.00;36
4938;17;23213551;4938;286;5950;5986;7.39;0.45;290.51;5.26;1012;17;2042.00;36
4940;17;23213565;4940;276;5951;5987;7.45;0.45;290.51;5.26;1011;17;2043.00;36
4942;17;23213579;4942;270;5951;5987;7.50;0.45;290.56;5.26;1009;17;2044.00;36
4947;17;23213596;4947;270;5955;5993;7.53;0.46;290.50;5.26;1008;17;2045.00;38
4948;17;23213619;4948;270;5956;5993;7.51;0.46;290.47;5.27;1008;17;2046.00;37
4953;17;23213633;4953;270;5956;5994;7.44;0.45;290.49;5.27;1003;17;2047.00;38
4955;17;23213653;4955;270;5956;5994;7.33;0.44;290.44;5.27;1001;17;2048.00;38
4959;17;23213667;4959;278;5956;5994;7.24;0.44;290.48;5.27;997;17;2049.00;38
4962;17;23213681;4962;279;5956;5994;7.13;0.43;290.43;5.27;994;17;2050.00;38
4963;17;23213694;4963;285;5958;5994;7.12;0.43;290.47;5.30;995;17;2051.00;36
4964;17;23213707;4964;288;5969;6006;7.18;0.44;290.55;5.29;1005;17;2052.00;37
4966;17;23213721;4966;285;5970;6006;7.18;0.44;290.64;5.30;1004;17;2053.00;36
4969;17;23213735;4969;286;5972;6006;7.16;0.43;290.73;5.31;1003;17;2054.00;34
4971;17;23213748;4971;291;5973;6006;7.17;0.44;290.86;5.33;1002;17;2055.00;33
4972;17;23213761;4972;302;5974;6006;7.16;0.44;290.84;5.33;1002;17;2056.00;32
4975;17;23213773;4975;307;5975;6006;7.04;0.43;290.92;5.34;1000;17;2057.00;31
4979;17;23213795;4979;319;5979;6010;6.96;0.42;290.91;5.36;1000;17;2058.00;31
4983;17;23213807;4983;320;5979;6010;6.90;0.42;291.00;5.36;996;17;2059.00;31
4986;17;23213821;4986;323;5985;6014;6.96;0.42;290.99;5.39;999;17;2060.00;29
4990;17;23213835;4990;330;5986;6015;6.93;0.42;291.16;5.39;996;17;2061.00;29
4992;17;23213849;4992;335;5987;6015;6.94;0.42;291.13;5.41;995;17;2062.00;28
4996;17;23213862;4996;341;5988;6015;6.88;0.42;291.24;5.43;992;17;2063.00;27
4999;17;23213875;4999;347;6000;6028;6.90;0.42;291.22;5.44;1001;17;2064.00;28
5002;17;23213890;5002;356;6000;6028;6.88;0.42;291.23;5.44;998;17;2065.00;28
5006;17;23213904;5006;360;6002;6028;6.85;0.42;291.19;5.47;996;17;2066.00;26
5009;17;23213918;5009;367;6004;6029;6.82;0.41;291.17;5.49;995;17;2067.00;25
5009;17;23213931;5009;374;6005;6030;6.78;0.41;291.17;5.50;996;17;2068.00;25
5009;17;23213949;5009;374;6006;6030;6.68;0.41;291.17;5.52;997;17;2069.00;24
5011;17;23213964;5011;380;6011;6036;6.60;0.40;291.24;5.53;1000;17;2070.00;25
5013;17;23213977;5013;384;6012;6036;6.51;0.40;291.38;5.54;999;17;2071.00;24
5014;17;23213991;5014;381;6015;6036;6.44;0.39;291.47;5.55;1001;17;2072.00;21
5014;17;23214005;5014;387;6016;6036;6.39;0.39;291.47;5.56;1002;17;2073.00;20
5014;17;23214019;5014;381;6022;6042;6.35;0.39;291.47;5.57;1008;17;2074.00;20
5017;17;23214034;5017;381;6022;6042;6.28;0.38;291.41;5.57;1005;17;2075.00;20
5019;17;23214050;5019;379;6024;6042;6.19;0.38;291.39;5.59;1005;17;2076.00;18
5020;17;23214063;5020;382;6024;6042;6.15;0.38;291.34;5.59;1004;17;2077.00;18
5020;17;23214075;5020;384;6028;6046;6.12;0.38;291.34;5.60;1008;17;2078.00;18
5024;17;23214089;5024;388;6030;6047;6.07;0.37;291.24;5.60;1006;17;2079.00;17
5024;17;23214102;5024;392;6031;6047;6.08;0.37;291.24;5.61;1007;17;2080.00;16
5026;17;23214115;5026;395;6032;6048;6.08;0.37;291.24;5.61;1006;17;2081.00;16
5028;17;23214126;5028;397;6034;6048;6.08;0.37;291.24;5.63;1006;17;2082.00;14
5029;17;23214139;5029;398;6034;6048;6.13;0.38;291.19;5.63;1005;17;2083.00;14
5032;17;23214151;5032;403;6035;6048;6.18;0.38;291.11;5.64;1003;17;2084.00;13
5032;17;23214164;5032;402;6036;6048;6.24;0.38;291.11;5.65;1004;17;2085.00;12
5032;17;23214174;5032;405;6036;6048;6.27;0.39;291.11;5.65;1004;17;2086.00;12
5035;17;23214189;5035;404;6038;6048;6.22;0.38;291.02;5.67;1003;17;2087.00;10
5040;17;23214201;5040;412;6074;6118;6.33;0.39;290.92;5.64;1034;17;2088.00;44
5043;17;23214218;5043;420;6080;6119;6.25;0.38;290.91;5.65;1037;17;2089.00;39
5048;17;23214230;5048;422;6087;6119;6.14;0.38;290.80;5.65;1039;17;2090.00;32
5051;17;23214241;5051;425;6089;6119;5.98;0.37;290.73;5.64;1038;17;2091.00;30
5055;17;23214253;5055;428;6094;6119;5.80;0.36;290.68;5.66;1039;17;2092.00;25
5059;17;23214264;5059;426;6095;6119;5.67;0.35;290.58;5.66;1036;17;2093.00;24
5064;17;23214274;5064;423;6099;6119;5.60;0.34;290.40;5.67;1035;17;2094.00;20
5066;17;23214286;5066;428;6100;6119;5.55;0.34;290.34;5.67;1034;17;2095.00;19
5069;17;23214297;5069;434;6102;6120;5.48;0.33;290.32;5.67;1033;17;2096.00;18
5073;17;23214307;5073;440;6107;6121;5.40;0.33;290.22;5.68;1034;17;2097.00;14
5079;17;23214319;5079;449;6110;6121;5.28;0.32;290.18;5.69;1031;17;2098.00;11
5085;17;23214330;5085;459;6115;6125;5.12;0.31;290.17;5.69;1030;17;2099.00;10
5087;17;23214343;5087;449;6121;6140;5.05;0.31;290.12;5.69;1034;17;2100.00;19
5091;17;23214365;5091;443;6123;6140;5.00;0.30;290.11;5.69;1032;17;2101.00;17
5092;17;23214375;5092;447;6125;6140;5.02;0.31;290.15;5.69;1033;17;2102.00;15
5093;17;23214387;5093;449;6129;6146;5.04;0.31;290.17;5.69;1036;17;2103.00;17
5096;17;23214399;5096;456;6130;6146;5.01;0.31;290.18;5.69;1034;17;2104.00;16
5098;17;23214409;5098;447;6131;6146;4.97;0.30;290.21;5.69;1033;17;2105.00;15
5099;17;23214422;5099;455;6134;6149;4.97;0.30;290.25;5.69;1035;17;2106.00;15
5100;17;23214439;5100;451;6135;6149;4.97;0.30;290.28;5.68;1035;17;2107.00;14
5102;17;23214453;5102;443;6135;6149;4.97;0.31;290.32;5.68;1033;17;2108.00;14
5103;17;23214466;5103;434;6135;6150;5.00;0.31;290.35;5.68;1032;17;2109.00;15
5105;17;23214476;5105;421;6136;6151;5.06;0.31;290.38;5.68;1031;17;2110.00;15
5108;17;23214490;5108;418;6137;6151;5.12;0.31;290.31;5.68;1029;17;2111.00;14
5112;17;23214503;5112;413;6147;6164;5.22;0.32;290.29;5.68;1035;17;2112.00;17
5115;17;23214517;5115;408;6147;6164;5.26;0.32;290.20;5.68;1032;17;2113.00;17
5119;17;23214529;5119;409;6148;6164;5.32;0.32;290.26;5.68;1029;17;2114.00;16
5120;17;23214550;5120;403;6150;6166;5.43;0.33;290.23;5.67;1030;17;2115.00;16
5122;17;23214565;5122;410;6150;6166;5.42;0.33;290.24;5.67;1028;17;2116.00;16
5126;17;23214578;5126;403;6155;6170;5.45;0.33;290.27;5.68;1029;17;2117.00;15
5127;17;23214591;5127;403;6155;6170;5.57;0.34;290.28;5.68;1028;17;2118.00;15
5132;17;23214603;5132;405;6158;6174;5.53;0.34;290.36;5.67;1026;17;2119.00;16
5134;17;23214623;5134;407;6158;6174;5.53;0.34;290.36;5.67;1024;17;2120.00;16
5137;17;23214636;5137;410;6158;6174;5.49;0.34;290.43;5.67;1021;17;2121.00;16
5139;17;23214651;5139;413;6159;6174;5.47;0.33;290.41;5.68;1020;17;2122.00;15
5142;17;23214672;5142;414;6160;6174;5.41;0.33;290.36;5.68;1018;17;2123.00;14
5145;17;23214686;5145;409;6168;6186;5.44;0.33;290.34;5.67;1023;17;2124.00;18
5147;17;23214700;5147;412;6170;6186;5.45;0.33;290.32;5.68;1023;17;2125.00;16
5151;17;23214712;5151;410;6172;6186;5.47;0.33;290.27;5.67;1021;17;2126.00;14
5154;17;23214724;5154;417;6172;6186;5.48;0.33;290.30;5.67;1018;17;2127.00;14
5157;17;23214737;5157;412;6172;6186;5.51;0.34;290.33;5.67;1015;17;2128.00;14
5160;17;23214750;5160;411;6174;6186;5.52;0.34;290.45;5.68;1014;17;2129.00;12
5164;17;23214765;5164;414;6174;6187;5.52;0.34;290.52;5.68;1010;17;2130.00;13
5165;17;23214779;5165;414;6175;6187;5.54;0.34;290.54;5.68;1010;17;2131.00;12
5167;17;23214791;5167;412;6180;6193;5.59;0.34;290.53;5.68;1013;17;2132.00;13
5169;17;23214805;5169;417;6181;6194;5.60;0.34;290.50;5.68;1012;17;2133.00;13
5173;17;23214818;5173;416;6181;6194;5.62;0.34;290.62;5.68;1008;17;2134.00;13
5176;17;23214831;5176;424;6181;6194;5.57;0.34;290.60;5.68;1005;17;2135.00;13
5178;17;23214843;5178;412;6184;6198;5.63;0.34;290.58;5.67;1006;17;2136.00;14
5181;17;23214856;5181;416;6184;6198;5.64;0.34;290.66;5.67;1003;17;2137.00;14
5187;17;23214868;5187;411;6184;6198;5.62;0.34;290.75;5.67;997;17;2138.00;14
5188;17;23214882;5188;408;6185;6199;5.69;0.35;290.74;5.67;997;17;2139.00;14
5192;17;23214894;5192;407;6188;6203;5.67;0.34;290.74;5.67;996;17;2140.00;15
5196;17;23214906;5196;401;6188;6203;5.64;0.34;290.97;5.67;992;17;2141.00;15
5197;17;23214919;5197;403;6190;6206;5.65;0.34;290.97;5.67;993;17;2142.00;16
5199;17;23214932;5199;410;6190;6206;5.60;0.34;291.01;5.67;991;17;2143.00;16
5200;17;23214944;5200;418;6191;6206;5.59;0.34;291.01;5.67;991;17;2144.00;15
5203;17;23214957;5203;420;6191;6206;5.53;0.34;291.10;5.67;988;17;2145.00;15
5206;17;23214970;5206;425;6195;6210;5.52;0.34;291.22;5.66;989;17;2146.00;15
5207;17;23214983;5207;421;6195;6210;5.56;0.34;291.22;5.66;988;17;2147.00;15
5211;17;23214996;5211;419;6195;6210;5.55;0.34;291.35;5.66;984;17;2148.00;15
5213;17;23215011;5213;414;6195;6210;5.63;0.34;291.50;5.66;982;17;2149.00;15
5214;17;23215028;5214;406;6195;6211;5.65;0.34;291.53;5.66;981;17;2150.00;16
5218;17;23215041;5218;400;6196;6212;5.68;0.35;291.52;5.66;978;17;2151.00;16
5221;17;23215055;5221;396;6196;6212;5.73;0.35;291.75;5.66;975;17;2152.00;16
5222;17;23215069;5222;393;6197;6213;5.82;0.35;291.77;5.66;975;17;2153.00;16
5224;17;23215083;5224;395;6197;6213;5.86;0.36;291.89;5.66;973;17;2154.00;16
5226;17;23215096;5226;391;6197;6213;5.90;0.36;291.92;5.66;971;17;2155.00;16
5227;17;23215108;5227;380;6197;6213;5.97;0.36;291.95;5.66;970;17;2156.00;16
5228;17;23215121;5228;371;6197;6213;6.02;0.37;292.00;5.66;969;17;2157.00;16
5230;17;23215134;5230;360;6197;6213;6.07;0.37;292.12;5.66;967;17;2158.00;16
5234;17;23215147;5234;357;6197;6213;6.08;0.37;292.15;5.66;963;17;2159.00;16
5235;17;23215162;5235;401;6319;6443;6.20;0.39;292.14;5.55;1084;17;2160.00;124
5237;17;23215196;5237;392;6324;6444;6.18;0.39;292.24;5.55;1087;17;2161.00;120
5239;17;23215209;5239;365;6332;6444;6.29;0.40;292.25;5.55;1093;17;2162.00;112
5240;17;23215224;5240;369;6338;6444;6.28;0.39;292.27;5.54;1098;17;2163.00;106
5242;17;23215246;5242;372;6347;6444;6.30;0.40;292.25;5.54;1105;17;2164.00;97
5245;17;23215259;5245;372;6349;6444;6.37;0.40;292.43;5.54;1104;17;2165.00;95
5248;17;23215274;5248;374;6355;6444;6.38;0.40;292.53;5.54;1107;17;2166.00;89
5250;17;23215290;5250;382;6360;6444;6.42;0.40;292.60;5.54;1110;17;2167.00;84
5254;17;23215306;5254;376;6366;6445;6.37;0.40;292.67;5.54;1112;17;2168.00;79
5257;17;23215321;5257;384;6370;6446;6.31;0.39;292.78;5.55;1113;17;2169.00;76
5259;17;23215336;5259;382;6376;6446;6.25;0.39;292.87;5.55;1117;17;2170.00;70
5262;17;23215360;5262;394;6379;6447;6.17;0.38;292.97;5.55;1117;17;2171.00;68
5265;17;23215373;5265;403;6380;6447;6.09;0.38;293.03;5.55;1115;17;2172.00;67
5267;17;23215388;5267;405;6383;6447;6.04;0.38;293.09;5.56;1116;17;2173.00;64
5268;17;23215403;5268;404;6384;6447;6.02;0.37;293.13;5.56;1116;17;2174.00;63
5271;17;23215417;5271;409;6386;6451;5.94;0.37;293.18;5.56;1115;17;2175.00;65
5274;17;23215432;5274;420;6391;6451;5.92;0.37;293.23;5.57;1117;17;2176.00;60
5274;17;23215447;5274;426;6393;6451;5.94;0.37;293.23;5.57;1119;17;2177.00;58
5279;17;23215460;5279;429;6394;6454;5.91;0.36;293.43;5.57;1115;17;2178.00;60
5282;17;23215475;5282;425;6396;6454;5.90;0.36;293.53;5.58;1114;17;2179.00;58
5286;17;23215490;5286;428;6397;6454;5.87;0.36;293.73;5.58;1111;17;2180.00;57
5289;17;23215511;5289;431;6401;6458;5.84;0.36;293.81;5.58;1112;17;2181.00;57
5294;17;23215525;5294;425;6403;6459;5.79;0.36;293.89;5.58;1109;17;2182.00;56
5297;17;23215541;5297;427;6403;6459;5.79;0.36;293.91;5.58;1106;17;2183.00;56
5300;17;23215564;5300;426;6405;6463;5.81;0.36;293.98;5.58;1105;17;2184.00;58
5300;17;23215576;5300;416;6409;6463;5.84;0.36;293.98;5.58;1109;17;2185.00;54
5305;17;23215591;5305;411;6409;6463;5.84;0.36;294.05;5.58;1104;17;2186.00;54
5307;17;23215605;5307;419;6411;6464;5.90;0.36;294.07;5.59;1104;17;2187.00;53
5308;17;23215620;5308;420;6413;6464;5.93;0.36;294.06;5.59;1105;17;2188.00;51
5310;17;23215641;5310;426;6417;6470;5.97;0.37;294.00;5.59;1107;17;2189.00;53
5310;17;23215658;5310;420;6418;6470;6.01;0.37;294.00;5.59;1108;17;2190.00;52
5313;17;23215672;5313;413;6419;6471;6.02;0.37;294.05;5.59;1106;17;2191.00;52
5315;17;23215688;5315;413;6421;6471;6.04;0.37;294.10;5.60;1106;17;2192.00;50
5317;17;23215703;5317;411;6421;6471;6.06;0.37;294.11;5.60;1104;17;2193.00;50
5318;17;23215720;5318;401;6422;6471;6.12;0.37;294.09;5.60;1104;17;2194.00;49
5322;17;23215737;5322;397;6423;6471;6.13;0.37;294.18;5.61;1101;17;2195.00;48
5323;17;23215754;5323;393;6432;6483;6.19;0.38;294.19;5.60;1109;17;2196.00;51
5324;17;23215771;5324;390;6433;6483;6.30;0.38;294.28;5.61;1109;17;2197.00;50
5324;17;23215787;5324;390;6434;6483;6.39;0.39;294.28;5.61;1110;17;2198.00;49
5325;17;23215801;5325;391;6436;6483;6.42;0.39;294.31;5.61;1111;17;2199.00;47
5326;17;23215819;5326;385;6436;6483;6.43;0.39;294.29;5.61;1110;17;2200.00;47
5329;17;23215838;5329;381;6437;6483;6.36;0.39;294.29;5.61;1108;17;2201.00;46
5331;17;23215855;5331;383;6441;6487;6.27;0.38;294.34;5.61;1110;17;2202.00;46
5334;17;23215870;5334;383;6441;6487;6.19;0.38;294.46;5.61;1107;17;2203.00;46
5338;17;23215886;5338;377;6444;6491;6.11;0.37;294.51;5.61;1106;17;2204.00;47
5342;17;23215900;5342;371;6448;6493;6.01;0.37;294.54;5.64;1106;17;2205.00;45
5345;17;23215916;5345;363;6449;6493;5.91;0.36;294.74;5.64;1104;17;2206.00;44
5349;17;23215929;5349;357;6449;6493;5.88;0.36;294.90;5.64;1100;17;2207.00;44
5350;17;23215942;5350;362;6458;6506;5.86;0.36;294.92;5.63;1108;17;2208.00;48
5354;17;23215957;5354;351;6458;6506;5.92;0.36;295.13;5.63;1104;17;2209.00;48
5356;17;23215970;5356;345;6460;6508;5.97;0.36;295.14;5.63;1104;17;2210.00;48
5359;17;23215987;5359;342;6461;6509;6.04;0.37;295.12;5.63;1102;17;2211.00;48
5363;17;23216000;5363;334;6461;6510;6.12;0.37;295.25;5.63;1098;17;2212.00;49
5367;17;23216018;5367;336;6461;6510;6.18;0.38;295.29;5.63;1094;17;2213.00;49
5367;17;23216032;5367;335;6463;6513;6.26;0.38;295.29;5.63;1096;17;2214.00;50
5368;17;23216044;5368;331;6463;6513;6.30;0.38;295.35;5.63;1095;17;2215.00;50
5372;17;23216058;5372;339;6464;6513;6.30;0.38;295.50;5.63;1092;17;2216.00;49
5375;17;23216071;5375;345;6464;6513;6.35;0.38;295.55;5.63;1089;17;2217.00;49
5378;17;23216086;5378;349;6469;6519;6.38;0.39;295.76;5.62;1091;17;2218.00;50
5383;17;23216100;5383;350;6469;6519;6.35;0.38;295.92;5.62;1086;17;2219.00;50
5385;17;23216116;5385;351;6469;6519;6.33;0.38;295.91;5.62;1084;17;2220.00;50
5386;17;23216130;5386;351;6469;6519;6.33;0.38;296.01;5.62;1083;17;2221.00;50
5389;17;23216142;5389;358;6473;6523;6.24;0.38;296.02;5.63;1084;17;2222.00;50
5390;17;23216157;5390;363;6474;6524;6.20;0.38;296.00;5.63;1084;17;2223.00;50
5393;17;23216171;5393;366;6474;6524;6.13;0.37;296.04;5.63;1081;17;2224.00;50
5397;17;23216186;5397;372;6476;6525;6.04;0.37;296.04;5.64;1079;17;2225.00;49
5397;17;23216200;5397;367;6476;6525;6.01;0.37;296.04;5.64;1079;17;2226.00;49
5398;17;23216213;5398;369;6477;6525;6.00;0.37;296.15;5.65;1079;17;2227.00;48
5402;17;23216226;5402;381;6477;6525;5.98;0.36;296.07;5.65;1075;17;2228.00;48
5403;17;23216240;5403;376;6478;6525;6.00;0.37;296.03;5.66;1075;17;2229.00;47
5406;17;23216253;5406;378;6479;6525;5.96;0.36;295.94;5.68;1073;17;2230.00;46
5407;17;23216267;5407;377;6480;6525;5.95;0.36;295.90;5.69;1073;17;2231.00;45
5410;17;23216281;5410;389;6517;6595;6.11;0.37;295.87;5.69;1107;17;2232.00;78
5410;17;23216301;5410;386;6520;6596;6.13;0.37;295.87;5.71;1110;17;2233.00;76
5414;17;23216317;5414;380;6529;6596;6.11;0.37;295.92;5.71;1115;17;2234.00;67
5417;17;23216330;5417;390;6534;6596;6.11;0.37;295.91;5.72;1117;17;2235.00;62
5420;17;23216343;5420;388;6538;6596;6.08;0.37;295.97;5.73;1118;17;2236.00;58
5420;17;23216359;5420;399;6542;6596;6.05;0.37;295.97;5.75;1122;17;2237.00;54
5425;17;23216372;5425;403;6548;6596;5.96;0.37;295.85;5.80;1123;17;2238.00;48
5427;17;23216387;5427;409;6551;6596;5.89;0.36;295.89;5.82;1124;17;2239.00;45
5429;17;23216401;5429;415;6556;6597;5.78;0.35;295.94;5.86;1127;17;2240.00;41
5432;17;23216417;5432;418;6560;6598;5.69;0.35;295.82;5.88;1128;17;2241.00;38
5434;17;23216431;5434;421;6564;6598;5.61;0.34;295.75;5.91;1130;17;2242.00;34
5435;17;23216443;5435;436;6569;6602;5.56;0.34;295.70;5.92;1134;17;2243.00;33
5437;17;23216457;5437;439;6570;6602;5.46;0.34;295.67;5.93;1133;17;2244.00;32
5437;17;23216471;5437;450;6571;6602;5.42;0.33;295.67;5.94;1134;17;2245.00;31
5440;17;23216486;5440;465;6573;6602;5.34;0.33;295.72;5.96;1133;17;2246.00;29
5443;17;23216500;5443;471;6578;6608;5.31;0.33;295.63;5.95;1135;17;2247.00;30
5446;17;23216516;5446;479;6580;6608;5.23;0.32;295.59;5.97;1134;17;2248.00;28
5449;17;23216529;5449;476;6580;6608;5.21;0.32;295.47;5.97;1131;17;2249.00;28
5453;17;23216543;5453;481;6589;6614;5.20;0.32;295.40;6.01;1136;17;2250.00;25
5455;17;23216559;5455;485;6589;6614;5.16;0.32;295.35;6.01;1134;17;2251.00;25
5455;17;23216572;5455;491;6591;6614;5.14;0.31;295.35;6.03;1136;17;2252.00;23
5456;17;23216585;5456;481;6592;6615;5.16;0.32;295.33;6.04;1136;17;2253.00;23
5457;17;23216598;5457;483;6593;6616;5.23;0.32;295.32;6.04;1136;17;2254.00;23
5459;17;23216611;5459;491;6594;6616;5.19;0.32;295.26;6.05;1135;17;2255.00;22
5462;17;23216624;5462;495;6605;6629;5.16;0.32;295.18;6.06;1143;17;2256.00;24
5464;17;23216637;5464;490;6607;6629;5.13;0.31;295.15;6.07;1143;17;2257.00;22
5465;17;23216651;5465;493;6608;6629;5.13;0.31;295.10;6.08;1143;17;2258.00;21
5468;17;23216663;5468;493;6610;6630;5.12;0.31;295.01;6.09;1142;17;2259.00;20
5468;17;23216675;5468;499;6611;6630;5.16;0.32;295.01;6.10;1143;17;2260.00;19
5471;17;23216689;5471;498;6615;6634;5.16;0.32;295.06;6.10;1144;17;2261.00;19
5474;17;23216702;5474;498;6616;6634;5.10;0.31;295.03;6.12;1142;17;2262.00;18
5475;17;23216715;5475;498;6619;6638;5.09;0.31;294.99;6.11;1144;17;2263.00;19
5480;17;23216727;5480;505;6621;6638;4.97;0.30;294.96;6.13;1141;17;2264.00;17
5483;17;23216739;5483;498;6621;6638;4.90;0.30;294.92;6.13;1138;17;2265.00;17
5488;17;23216752;5488;493;6622;6638;4.74;0.29;294.89;6.14;1134;17;2266.00;16
5489;17;23216765;5489;485;6623;6638;4.65;0.28;294.84;6.15;1134;17;2267.00;15
5490;17;23216776;5490;488;6635;6650;4.66;0.29;294.83;6.15;1145;17;2268.00;15
5492;17;23216793;5492;489;6635;6650;4.64;0.28;294.81;6.15;1143;17;2269.00;15
5493;17;23216806;5493;489;6635;6650;4.65;0.29;294.80;6.15;1142;17;2270.00;15
5493;17;23216820;5493;489;6635;6650;4.64;0.29;294.80;6.15;1142;17;2271.00;15
5494;17;23216831;5494;486;6635;6650;4.60;0.28;294.81;6.15;1141;17;2272.00;15
5497;17;23216842;5497;491;6635;6650;4.52;0.28;294.85;6.15;1138;17;2273.00;15
5499;17;23216857;5499;495;6635;6651;4.49;0.28;294.78;6.15;1136;17;2274.00;16
5504;17;23216870;5504;489;6635;6651;4.49;0.28;294.79;6.15;1131;17;2275.00;16
5507;17;23216884;5507;486;6639;6657;4.58;0.28;294.79;6.15;1132;17;2276.00;18
5511;17;23216898;5511;484;6641;6658;4.62;0.28;294.76;6.15;1130;17;2277.00;17
5512;17;23216910;5512;471;6641;6658;4.70;0.29;294.79;6.15;1129;17;2278.00;17
5515;17;23216923;5515;467;6641;6658;4.75;0.29;294.83;6.15;1126;17;2279.00;17
5518;17;23216946;5518;467;6645;6663;4.85;0.30;294.80;6.14;1127;17;2280.00;18
5521;17;23216959;5521;462;6645;6663;4.88;0.30;294.88;6.14;1124;17;2281.00;18
5524;17;23216971;5524;453;6645;6663;4.95;0.30;294.80;6.14;1121;17;2282.00;18
5526;17;23216986;5526;440;6646;6664;5.01;0.31;294.85;6.14;1120;17;2283.00;18
5529;17;23216999;5529;433;6649;6668;5.06;0.31;294.87;6.14;1120;17;2284.00;19
5531;17;23217016;5531;424;6649;6668;5.09;0.31;295.01;6.14;1118;17;2285.00;19
5536;17;23217030;5536;413;6652;6671;5.15;0.31;295.10;6.14;1116;17;2286.00;19
5537;17;23217044;5537;410;6652;6671;5.19;0.32;295.14;6.14;1115;17;2287.00;19
5541;17;23217058;5541;412;6652;6671;5.18;0.32;295.25;6.14;1111;17;2288.00;19
5543;17;23217072;5543;410;6652;6671;5.19;0.32;295.30;6.14;1109;17;2289.00;19
5546;17;23217086;5546;404;6655;6675;5.27;0.32;295.30;6.13;1109;17;2290.00;20
5551;17;23217103;5551;403;6655;6675;5.23;0.32;295.32;6.13;1104;17;2291.00;20
5555;17;23217118;5555;402;6655;6675;5.21;0.32;295.47;6.13;1100;17;2292.00;20
5557;17;23217131;5557;400;6655;6675;5.20;0.32;295.50;6.13;1098;17;2293.00;20
5560;17;23217144;5560;403;6656;6676;5.20;0.32;295.61;6.13;1096;17;2294.00;20
5565;17;23217158;5565;401;6658;6678;5.18;0.32;295.65;6.13;1093;17;2295.00;20
5568;17;23217172;5568;396;6658;6678;5.20;0.32;295.73;6.13;1090;17;2296.00;20
5573;17;23217188;5573;393;6659;6679;5.24;0.32;295.74;6.13;1086;17;2297.00;20
5577;17;23217202;5577;391;6659;6679;5.29;0.32;295.82;6.13;1082;17;2298.00;20
5580;17;23217217;5580;387;6659;6679;5.34;0.32;295.91;6.13;1079;17;2299.00;20
5585;17;23217231;5585;377;6659;6679;5.37;0.33;296.05;6.13;1074;17;2300.00;20
5589;17;23217250;5589;373;6659;6679;5.40;0.33;296.08;6.13;1070;17;2301.00;20
5591;17;23217264;5591;373;6659;6679;5.40;0.33;296.13;6.13;1068;17;2302.00;20
5595;17;23217276;5595;374;6659;6679;5.42;0.33;296.20;6.13;1064;17;2303.00;20
5598;17;23217292;5598;396;6731;6806;5.62;0.35;296.11;6.07;1133;17;2304.00;75
5606;17;23217317;5606;386;6733;6807;5.60;0.35;296.20;6.06;1127;17;2305.00;74
5607;18;23217334;5607;385;6739;6807;5.64;0.35;296.23;6.06;1132;18;2306.00;68
5613;18;23217363;5613;383;6743;6807;5.66;0.35;296.14;6.06;1130;18;2307.00;64
5614;18;23217377;5614;376;6747;6807;5.68;0.35;296.11;6.06;1133;18;2308.00;60
5616;18;23217391;5616;377;6750;6807;5.75;0.36;296.19;6.06;1134;18;2309.00;57
5620;18;23217407;5620;370;6750;6807;5.76;0.35;296.25;6.06;1130;18;2310.00;57
5622;18;23217421;5622;377;6753;6807;5.79;0.36;296.20;6.06;1131;18;2311.00;54
5624;18;23217439;5624;370;6756;6808;5.78;0.36;296.22;6.06;1132;18;2312.00;52
5628;18;23217454;5628;380;6758;6809;5.78;0.36;296.25;6.06;1130;18;2313.00;51
5630;18;23217469;5630;385;6761;6809;5.80;0.36;296.36;6.06;1131;18;2314.00;48
5633;18;23217488;5633;386;6763;6810;5.74;0.35;296.40;6.06;1130;18;2315.00;47
5636;18;23217502;5636;387;6767;6810;5.73;0.35;296.38;6.07;1131;18;2316.00;43
5640;18;23217517;5640;390;6768;6810;5.70;0.35;296.46;6.07;1128;18;2317.00;42
5642;18;23217531;5642;407;6770;6810;5.71;0.35;296.44;6.07;1128;18;2318.00;40
5644;18;23217543;5644;412;6775;6814;5.68;0.35;296.48;6.07;1131;18;2319.00;39
5646;18;23217558;5646;415;6775;6814;5.69;0.35;296.42;6.07;1129;18;2320.00;39
5649;18;23217572;5649;413;6776;6814;5.68;0.35;296.61;6.07;1127;18;2321.00;38
5651;18;23217587;5651;405;6778;6817;5.66;0.35;296.64;6.07;1127;18;2322.00;39
5652;18;23217601;5652;401;6778;6817;5.67;0.35;296.63;6.07;1126;18;2323.00;39
5654;18;23217617;5654;395;6780;6817;5.73;0.35;296.62;6.08;1126;18;2324.00;37
5658;18;23217631;5658;395;6783;6821;5.75;0.35;296.72;6.07;1125;18;2325.00;38
5661;18;23217647;5661;402;6786;6822;5.79;0.36;296.96;6.08;1125;18;2326.00;36
5663;18;23217661;5663;398;6787;6822;5.83;0.36;296.96;6.08;1124;18;2327.00;35
5666;18;23217675;5666;402;6788;6826;5.83;0.36;297.01;6.08;1122;18;2328.00;38
5668;18;23217691;5668;405;6790;6826;5.84;0.36;297.04;6.08;1122;18;2329.00;36
5672;18;23217705;5672;407;6790;6826;5.87;0.36;297.09;6.08;1118;19;2330.00;36
5673;18;23217736;5673;395;6792;6827;5.92;0.36;297.10;6.08;1119;19;2331.00;35
5677;18;23217752;5677;386;6792;6827;5.96;0.36;297.21;6.08;1115;19;2332.00;35
5681;18;23217772;5681;387;6797;6833;5.96;0.36;297.31;6.08;1116;19;2333.00;36
5682;18;23217788;5682;389;6797;6833;6.00;0.37;297.32;6.08;1115;19;2334.00;36
5684;18;23217803;5684;382;6797;6834;6.03;0.37;297.38;6.08;1113;19;2335.00;37
5686;18;23217820;5686;387;6798;6834;6.07;0.37;297.36;6.08;1112;19;2336.00;36
5688;18;23217835;5688;383;6798;6834;6.03;0.37;297.37;6.08;1110;19;2337.00;36
5692;18;23217850;5692;388;6800;6834;6.05;0.37;297.42;6.08;1108;19;2338.00;34
5694;18;23217866;5694;385;6800;6834;6.07;0.37;297.49;6.08;1106;19;2339.00;34
5697;18;23217883;5697;394;6827;6870;6.09;0.37;297.52;6.05;1130;19;2340.00;43
5699;18;23217901;5699;389;6828;6870;6.09;0.37;297.47;6.05;1129;19;2341.00;42
5700;18;23217916;5700;397;6831;6870;6.13;0.37;297.52;6.05;1131;19;2342.00;39
5702;18;23217937;5702;402;6831;6870;6.13;0.37;297.50;6.05;1129;19;2343.00;39
5705;18;23217952;5705;397;6833;6870;6.11;0.37;297.60;6.06;1128;19;2344.00;37
5708;18;23217966;5708;403;6834;6870;6.08;0.37;297.62;6.06;1126;19;2345.00;36
5714;18;23217982;5714;403;6837;6874;6.05;0.37;297.74;6.05;1123;19;2346.00;37
5715;18;23217998;5715;405;6837;6874;6.03;0.37;297.75;6.05;1122;19;2347.00;37
5716;18;23218017;5716;413;6841;6878;6.03;0.37;297.75;6.05;1125;19;2348.00;37
5718;18;23218032;5718;412;6842;6879;6.09;0.37;297.82;6.05;1124;19;2349.00;37
5719;18;23218048;5719;419;6842;6879;6.13;0.37;297.84;6.05;1123;19;2350.00;37
5721;18;23218063;5721;420;6842;6879;6.15;0.37;297.90;6.05;1121;19;2351.00;37
5724;18;23218077;5724;426;6853;6892;6.11;0.37;297.88;6.04;1129;19;2352.00;39
5726;18;23218093;5726;430;6853;6892;6.07;0.37;297.90;6.04;1127;19;2353.00;39
5726;18;23218107;5726;431;6853;6892;6.07;0.37;297.90;6.04;1127;19;2354.00;39
5729;18;23218122;5729;430;6854;6893;6.03;0.37;297.92;6.04;1125;19;2355.00;39
5732;18;23218137;5732;436;6854;6894;5.98;0.36;298.05;6.04;1122;19;2356.00;40
5732;18;23218157;5732;437;6854;6894;5.94;0.36;298.05;6.04;1122;19;2357.00;40
5736;18;23218175;5736;442;6856;6897;5.88;0.36;298.20;6.04;1120;19;2358.00;41
5738;18;23218201;5738;451;6856;6897;5.87;0.36;298.19;6.04;1118;19;2359.00;41
5740;18;23218216;5740;452;6857;6897;5.88;0.36;298.19;6.04;1117;19;2360.00;40
5740;18;23218229;5740;461;6857;6897;5.81;0.35;298.19;6.04;1117;19;2361.00;40
5744;18;23218242;5744;470;6862;6903;5.75;0.35;298.12;6.03;1118;19;2362.00;41
5744;18;23218257;5744;481;6862;6903;5.68;0.34;298.12;6.03;1118;19;2363.00;41
5748;18;23218271;5748;488;6862;6903;5.57;0.34;298.35;6.03;1114;19;2364.00;41
5748;18;23218286;5748;477;6862;6903;5.52;0.33;298.35;6.03;1114;19;2365.00;41
5749;18;23218299;5749;475;6865;6907;5.48;0.33;298.44;6.03;1116;19;2366.00;42
5750;18;23218314;5750;474;6866;6908;5.47;0.33;298.48;6.03;1116;19;2367.00;42
5753;18;23218327;5753;467;6866;6908;5.42;0.33;298.51;6.03;1113;19;2368.00;42
5755;18;23218342;5755;472;6867;6909;5.45;0.33;298.59;6.03;1112;19;2369.00;42
5757;18;23218360;5757;467;6867;6909;5.43;0.33;298.63;6.03;1110;19;2370.00;42
5759;18;23218373;5759;463;6867;6909;5.45;0.33;298.73;6.03;1108;19;2371.00;42
5763;18;23218388;5763;465;6867;6909;5.45;0.33;298.90;6.03;1104;19;2372.00;42
5764;18;23218401;5764;463;6867;6909;5.48;0.33;298.93;6.03;1103;19;2373.00;42
5767;18;23218415;5767;466;6867;6909;5.45;0.33;299.00;6.03;1100;19;2374.00;42
5770;18;23218430;5770;466;6867;6909;5.43;0.33;299.06;6.03;1097;19;2375.00;42
5774;18;23218443;5774;470;6899;6979;5.42;0.33;299.24;6.00;1125;19;2376.00;80
5776;18;23218463;5776;465;6901;6980;5.41;0.33;299.35;6.00;1125;19;2377.00;79
5779;18;23218476;5779;466;6906;6980;5.42;0.33;299.41;6.00;1127;19;2378.00;74
5784;18;23218491;5784;471;6909;6980;5.27;0.32;299.36;6.00;1125;19;2379.00;71
5787;18;23218508;5787;468;6912;6980;5.27;0.32;299.44;6.02;1125;19;2380.00;68
5788;18;23218523;5788;466;6915;6980;5.28;0.32;299.45;6.04;1127;19;2381.00;65
5791;18;23218537;5791;462;6918;6980;5.27;0.32;299.58;6.04;1127;19;2382.00;62
5792;18;23218551;5792;469;6924;6980;5.31;0.32;299.60;6.07;1132;19;2383.00;56
5793;18;23218565;5793;469;6927;6981;5.29;0.32;299.60;6.07;1134;19;2384.00;54
5794;18;23218585;5794;471;6929;6983;5.28;0.32;299.57;6.07;1135;19;2385.00;54
5795;18;23218600;5795;471;6931;6983;5.31;0.32;299.56;6.07;1136;19;2386.00;52
5796;18;23218613;5796;456;6936;6987;5.26;0.32;299.54;6.07;1140;19;2387.00;51
5796;18;23218625;5796;458;6937;6987;5.26;0.32;299.54;6.07;1141;19;2388.00;50
5798;18;23218639;5798;459;6937;6987;5.21;0.32;299.49;6.07;1139;19;2389.00;50
5800;18;23218653;5800;457;6937;6987;5.17;0.31;299.62;6.07;1137;19;2390.00;50
5804;18;23218666;5804;459;6941;6993;5.16;0.31;299.51;6.06;1137;19;2391.00;52
5808;18;23218680;5808;455;6941;6993;5.11;0.31;299.38;6.06;1133;19;2392.00;52
5808;18;23218693;5808;451;6941;6993;5.09;0.31;299.38;6.06;1133;19;2393.00;52
5812;18;23218714;5812;452;6943;6996;5.09;0.31;299.34;6.06;1131;19;2394.00;53
5812;18;23218730;5812;454;6944;6996;5.09;0.31;299.34;6.06;1132;19;2395.00;52
5815;18;23218743;5815;452;6944;6996;5.06;0.31;299.30;6.06;1129;19;2396.00;52
5818;18;23218757;5818;454;6944;6997;5.05;0.31;299.25;6.06;1126;19;2397.00;53
5819;18;23218771;5819;459;6945;6998;5.05;0.31;299.28;6.06;1126;19;2398.00;53
5821;18;23218786;5821;458;6945;6998;5.03;0.31;299.23;6.06;1124;19;2399.00;53
5822;18;23218803;5822;469;6967;7057;5.09;0.31;299.20;6.04;1145;19;2400.00;90
5824;18;23218829;5824;460;6970;7057;5.15;0.31;299.15;6.05;1146;19;2401.00;87
5824;18;23218843;5824;465;6974;7057;5.18;0.31;299.15;6.07;1150;19;2402.00;83
5824;18;23218858;5824;463;6976;7058;5.28;0.32;299.15;6.07;1152;19;2403.00;82
5825;18;23218873;5825;467;6978;7058;5.29;0.32;299.11;6.07;1153;19;2404.00;80
5825;18;23218888;5825;476;6984;7062;5.35;0.33;299.11;6.12;1159;19;2405.00;78
5825;18;23218903;5825;476;6988;7062;5.32;0.33;299.11;6.12;1163;19;2406.00;74
5828;18;23218918;5828;481;6991;7066;5.32;0.33;299.03;6.12;1163;19;2407.00;75
5831;18;23218934;5831;479;6992;7066;5.31;0.33;298.98;6.14;1161;19;2408.00;74
5831;18;23218948;5831;482;6993;7066;5.31;0.33;298.98;6.16;1162;19;2409.00;73
5834;18;23218961;5834;485;6995;7066;5.30;0.32;298.92;6.18;1161;19;2410.00;71
5837;18;23218974;5837;482;6996;7066;5.25;0.32;299.01;6.21;1159;19;2411.00;70
5837;18;23218988;5837;482;7005;7078;5.26;0.32;299.01;6.22;1168;19;2412.00;73
5838;18;23219002;5838;477;7007;7078;5.28;0.32;298.96;6.24;1169;19;2413.00;71
5840;18;23219026;5840;490;7009;7078;5.28;0.32;298.94;6.26;1169;19;2414.00;69
5842;18;23219040;5842;489;7009;7078;5.26;0.32;298.88;6.26;1167;19;2415.00;69
5842;18;23219061;5842;496;7011;7078;5.19;0.32;298.88;6.28;1169;19;2416.00;67
5843;18;23219074;5843;499;7012;7078;5.13;0.31;298.86;6.28;1169;19;2417.00;66
5844;18;23219088;5844;503;7016;7079;5.05;0.31;298.84;6.33;1172;19;2418.00;63
5847;18;23219101;5847;506;7017;7079;4.94;0.30;298.80;6.35;1170;19;2419.00;62
5851;18;23219114;5851;505;7021;7085;4.85;0.30;298.74;6.35;1170;19;2420.00;64
5852;18;23219127;5852;514;7024;7086;4.78;0.29;298.73;6.39;1172;19;2421.00;62
5852;18;23219140;5852;511;7025;7086;4.71;0.29;298.73;6.39;1173;19;2422.00;61
5854;18;23219154;5854;512;7026;7086;4.67;0.29;298.72;6.39;1172;19;2423.00;60
5856;18;23219167;5856;502;7033;7090;4.67;0.29;298.67;6.43;1177;19;2424.00;57
5857;18;23219181;5857;499;7034;7090;4.65;0.28;298.62;6.45;1177;19;2425.00;56
5857;18;23219194;5857;491;7035;7090;4.66;0.29;298.62;6.47;1178;19;2426.00;55
5859;18;23219208;5859;482;7039;7091;4.70;0.29;298.56;6.49;1180;19;2427.00;52
5861;18;23219223;5861;487;7046;7095;4.73;0.29;298.50;6.51;1185;19;2428.00;49
5863;18;23219242;5863;468;7046;7095;4.74;0.29;298.49;6.51;1183;19;2429.00;49
5863;18;23219258;5863;467;7053;7101;4.82;0.29;298.49;6.54;1190;19;2430.00;48
5864;18;23219272;5864;465;7053;7101;4.82;0.29;298.49;6.54;1189;19;2431.00;48
5866;18;23219285;5866;465;7056;7101;4.84;0.29;298.46;6.57;1190;19;2432.00;45
5866;18;23219300;5866;456;7056;7101;4.87;0.30;298.46;6.57;1190;19;2433.00;45
5868;18;23219314;5868;462;7062;7105;4.97;0.30;298.40;6.58;1194;19;2434.00;43
5870;18;23219329;5870;464;7063;7105;5.02;0.30;298.38;6.60;1193;19;2435.00;42
5870;18;23219342;5870;465;7063;7105;5.06;0.31;298.38;6.60;1193;19;2436.00;42
5872;18;23219356;5872;466;7063;7105;5.07;0.31;298.36;6.60;1191;19;2437.00;42
5875;18;23219371;5875;470;7065;7106;5.07;0.31;298.31;6.63;1190;19;2438.00;41
5877;18;23219385;5877;478;7067;7107;5.07;0.31;298.31;6.63;1190;19;2439.00;40
5878;18;23219398;5878;485;7069;7107;5.04;0.31;298.29;6.66;1191;19;2440.00;38
5881;18;23219410;5881;487;7071;7108;5.01;0.30;298.26;6.67;1190;19;2441.00;37
5884;18;23219425;5884;492;7072;7108;4.93;0.30;298.29;6.68;1188;19;2442.00;36
5887;18;23219438;5887;494;7072;7108;4.85;0.29;298.35;6.68;1185;19;2443.00;36
5892;18;23219453;5892;497;7074;7108;4.78;0.29;298.49;6.71;1182;19;2444.00;34
5895;18;23219467;5895;501;7075;7108;4.75;0.29;298.56;6.71;1180;19;2445.00;33
5896;18;23219480;5896;496;7077;7108;4.77;0.29;298.53;6.73;1181;19;2446.00;31
5901;18;23219492;5901;505;7077;7108;4.73;0.29;298.54;6.73;1176;19;2447.00;31
5904;18;23219505;5904;523;7135;7235;4.91;0.31;298.48;6.68;1231;19;2448.00;100
5906;18;23219531;5906;509;7141;7236;4.89;0.30;298.44;6.70;1235;19;2449.00;95
5912;18;23219544;5912;497;7147;7236;4.88;0.30;298.57;6.69;1235;19;2450.00;89
5916;18;23219558;5916;492;7153;7236;4.88;0.30;298.64;6.70;1237;19;2451.00;83
5920;18;23219572;5920;487;7158;7236;4.87;0.30;298.80;6.69;1238;19;2452.00;78
5922;18;23219586;5922;478;7160;7236;4.85;0.30;298.81;6.69;1238;19;2453.00;76
5924;18;23219601;5924;471;7163;7236;4.86;0.30;298.86;6.69;1239;19;2454.00;73
5926;18;23219615;5926;471;7165;7236;4.85;0.30;299.00;6.69;1239;19;2455.00;71
5928;18;23219630;5928;472;7167;7237;4.87;0.30;299.12;6.69;1239;19;2456.00;70
5929;18;23219644;5929;468;7170;7238;4.90;0.30;299.14;6.70;1241;19;2457.00;68
5935;18;23219659;5935;467;7172;7238;4.89;0.30;299.27;6.70;1237;19;2458.00;66
5937;18;23219673;5937;463;7176;7239;4.90;0.30;299.28;6.71;1239;19;2459.00;63
5941;18;23219690;5941;463;7176;7239;4.95;0.31;299.35;6.71;1235;19;2460.00;63
5946;18;23219705;5946;455;7177;7239;4.94;0.30;299.44;6.71;1231;19;2461.00;62
5948;18;23219720;5948;455;7179;7239;4.96;0.31;299.60;6.71;1231;19;2462.00;60
5952;18;23219735;5952;461;7183;7243;4.96;0.31;299.64;6.72;1231;19;2463.00;60
5956;18;23219750;5956;462;7183;7243;4.96;0.31;299.78;6.72;1227;19;2464.00;60
5958;18;23219765;5958;461;7185;7243;4.99;0.31;299.84;6.72;1227;19;2465.00;58
5961;18;23219780;5961;466;7185;7246;5.04;0.31;299.95;6.72;1224;19;2466.00;61
5964;18;23219796;5964;466;7187;7246;5.05;0.31;300.00;6.72;1223;19;2467.00;59
5966;18;23219809;5966;464;7188;7246;5.08;0.31;300.10;6.72;1222;19;2468.00;58
5971;18;23219824;5971;465;7194;7250;5.05;0.31;300.19;6.74;1223;19;2469.00;56
5975;18;23219839;5975;470;7194;7251;5.06;0.31;300.27;6.74;1219;19;2470.00;57
5979;18;23219854;5979;465;7197;7251;5.05;0.31;300.27;6.75;1218;19;2471.00;54
5982;18;23219870;5982;470;7198;7255;5.06;0.31;300.27;6.74;1216;19;2472.00;57
5988;18;23219886;5988;476;7199;7255;5.09;0.31;300.48;6.75;1211;19;2473.00;56
5992;18;23219901;5992;473;7199;7255;5.12;0.31;300.64;6.75;1207;19;2474.00;56
5997;18;23219916;5997;473;7201;7257;5.17;0.31;300.65;6.75;1204;19;2475.00;56
6003;18;23219932;6003;470;7201;7257;5.20;0.32;300.74;6.75;1198;19;2476.00;56
6005;18;23219948;6005;468;7204;7263;5.25;0.32;300.85;6.75;1199;19;2477.00;59
6008;18;23219969;6008;472;7205;7263;5.25;0.32;300.94;6.75;1197;19;2478.00;58
6014;18;23219991;6014;466;7206;7264;5.23;0.32;301.09;6.75;1192;19;2479.00;58
6015;18;23220010;6015;464;7207;7264;5.27;0.32;301.09;6.75;1192;19;2480.00;57
6018;18;23220031;6018;458;7208;7264;5.34;0.32;301.30;6.75;1190;19;2481.00;56
6021;18;23220049;6021;453;7210;7264;5.38;0.33;301.29;6.77;1189;19;2482.00;54
6022;18;23220065;6022;449;7210;7264;5.47;0.33;301.30;6.77;1188;19;2483.00;54
6025;18;23220080;6025;451;7216;7276;5.56;0.34;301.38;6.76;1191;19;2484.00;60
6030;18;23220096;6030;452;7216;7276;5.59;0.34;301.46;6.76;1186;19;2485.00;60
6035;18;23220111;6035;454;7217;7276;5.63;0.34;301.70;6.76;1182;19;2486.00;59
6038;18;23220126;6038;447;7218;7276;5.68;0.35;301.81;6.76;1180;19;2487.00;58
6038;18;23220142;6038;453;7218;7276;5.72;0.35;301.81;6.76;1180;19;2488.00;58
6043;18;23220159;6043;460;7218;7276;5.70;0.35;301.97;6.76;1175;19;2489.00;58
6046;18;23220176;6046;460;7222;7280;5.73;0.35;302.02;6.76;1176;19;2490.00;58
6048;18;23220192;6048;462;7222;7280;5.69;0.35;302.10;6.76;1174;19;2491.00;58
6054;18;23220208;6054;464;7225;7284;5.63;0.35;302.25;6.76;1171;19;2492.00;59
6057;18;23220224;6057;471;7227;7285;5.56;0.34;302.28;6.76;1170;19;2493.00;58
6059;18;23220239;6059;472;7228;7285;5.54;0.34;302.37;6.78;1169;19;2494.00;57
6064;18;23220254;6064;481;7230;7285;5.48;0.34;302.66;6.79;1166;19;2495.00;55
6067;18;23220269;6067;485;7239;7298;5.44;0.33;302.91;6.78;1172;19;2496.00;59
6071;18;23220285;6071;480;7241;7298;5.43;0.33;302.96;6.80;1170;19;2497.00;57
6072;18;23220300;6072;475;7241;7298;5.41;0.33;303.07;6.80;1169;19;2498.00;57
6075;18;23220315;6075;472;7242;7299;5.39;0.33;303.17;6.81;1167;19;2499.00;57
6076;18;23220331;6076;476;7244;7300;5.42;0.33;303.16;6.82;1168;19;2500.00;56
6079;18;23220350;6079;469;7246;7300;5.40;0.33;303.38;6.82;1167;19;2501.00;54
6081;18;23220367;6081;472;7248;7303;5.40;0.33;303.44;6.83;1167;19;2502.00;55
6085;18;23220382;6085;471;7251;7303;5.35;0.33;303.54;6.84;1166;19;2503.00;52
6092;18;23220396;6092;479;7252;7303;5.32;0.32;303.68;6.84;1160;19;2504.00;51
6094;18;23220411;6094;485;7253;7303;5.31;0.32;303.72;6.85;1159;19;2505.00;50
6097;18;23220425;6097;480;7258;7309;5.35;0.33;303.76;6.85;1161;19;2506.00;51
6100;18;23220441;6100;478;7258;7309;5.35;0.33;303.76;6.85;1158;19;2507.00;51
6102;18;23220457;6102;479;7260;7309;5.35;0.33;303.86;6.85;1158;19;2508.00;49
6105;18;23220472;6105;479;7261;7309;5.36;0.33;303.90;6.86;1156;19;2509.00;48
6108;18;23220488;6108;481;7265;7313;5.37;0.33;303.92;6.87;1157;19;2510.00;48
6112;18;23220504;6112;482;7267;7314;5.41;0.33;303.97;6.88;1155;19;2511.00;47
6114;18;23220521;6114;481;7267;7314;5.43;0.33;304.12;6.88;1153;19;2512.00;47
6116;18;23220537;6116;488;7269;7315;5.41;0.33;304.22;6.89;1153;19;2513.00;46
6121;18;23220553;6121;488;7269;7315;5.41;0.33;304.28;6.89;1148;19;2514.00;46
6123;18;23220568;6123;499;7269;7315;5.42;0.33;304.32;6.89;1146;19;2515.00;46
6124;18;23220584;6124;497;7272;7315;5.42;0.33;304.36;6.91;1148;19;2516.00;43
6126;18;23220599;6126;498;7272;7315;5.42;0.33;304.39;6.91;1146;19;2517.00;43
6130;18;23220614;6130;498;7272;7315;5.44;0.33;304.47;6.91;1142;19;2518.00;43
6134;18;23220629;6134;509;7273;7315;5.42;0.33;304.54;6.92;1139;19;2519.00;42
6136;18;23220646;6136;529;7335;7440;5.51;0.34;304.67;6.86;1199;19;2520.00;105
6139;18;23220670;6139;522;7337;7441;5.47;0.34;304.84;6.87;1198;19;2521.00;104
6142;18;23220688;6142;511;7342;7441;5.50;0.34;304.92;6.87;1200;19;2522.00;99
6146;18;23220704;6146;509;7343;7441;5.46;0.34;305.05;6.87;1197;19;2523.00;98
6150;18;23220720;6150;505;7349;7441;5.48;0.34;305.23;6.86;1199;19;2524.00;92
6152;18;23220735;6152;512;7351;7441;5.49;0.34;305.22;6.86;1199;19;2525.00;90
6153;18;23220752;6153;513;7357;7441;5.49;0.34;305.20;6.87;1204;19;2526.00;84
6160;18;23220774;6160;517;7361;7441;5.39;0.33;305.50;6.87;1201;19;2527.00;80
6161;18;23220791;6161;525;7369;7442;5.33;0.33;305.51;6.89;1208;19;2528.00;73
6162;18;23220806;6162;531;7374;7443;5.33;0.33;305.54;6.89;1212;19;2529.00;69
6162;18;23220821;6162;543;7381;7443;5.30;0.33;305.54;6.89;1219;19;2530.00;62
6164;18;23220836;6164;540;7386;7447;5.21;0.32;305.55;6.89;1222;19;2531.00;61
6167;18;23220851;6167;553;7389;7447;5.15;0.32;305.61;6.89;1222;19;2532.00;58
6168;18;23220867;6168;558;7392;7447;5.09;0.31;305.63;6.90;1224;19;2533.00;55
6169;18;23220881;6169;563;7392;7447;5.07;0.31;305.74;6.90;1223;19;2534.00;55
6170;18;23220896;6170;566;7398;7453;5.05;0.31;305.71;6.89;1228;19;2535.00;55
6172;18;23220910;6172;579;7398;7453;5.02;0.31;305.73;6.89;1226;19;2536.00;55
6172;18;23220926;6172;591;7400;7455;5.03;0.31;305.73;6.89;1228;19;2537.00;55
6173;18;23220941;6173;595;7401;7458;5.02;0.31;305.71;6.89;1228;19;2538.00;57
6174;18;23220955;6174;596;7402;7458;4.98;0.31;305.76;6.89;1228;19;2539.00;56
6175;18;23220969;6175;584;7402;7458;4.94;0.30;305.77;6.89;1227;19;2540.00;56
6178;18;23220984;6178;585;7403;7459;4.91;0.30;305.71;6.89;1225;19;2541.00;56
6179;18;23220999;6179;583;7404;7460;4.90;0.30;305.74;6.89;1225;19;2542.00;56
6181;18;23221015;6181;583;7405;7460;4.87;0.30;305.69;6.89;1224;19;2543.00;55
6181;18;23221029;6181;590;7413;7473;4.85;0.30;305.69;6.88;1232;19;2544.00;60
6182;18;23221043;6182;583;7413;7473;4.89;0.30;305.73;6.88;1231;19;2545.00;60
6186;18;23221057;6186;579;7413;7473;4.90;0.30;305.74;6.88;1227;19;2546.00;60
6189;18;23221071;6189;578;7414;7474;4.90;0.30;305.90;6.88;1225;19;2547.00;60
6191;18;23221086;6191;570;7415;7474;4.93;0.30;305.92;6.88;1224;19;2548.00;59
6194;18;23221100;6194;557;7417;7478;4.95;0.30;305.87;6.88;1223;19;2549.00;61
6197;18;23221118;6197;558;7419;7481;4.92;0.30;305.89;6.88;1222;19;2550.00;62
6200;18;23221132;6200;548;7423;7485;4.87;0.30;305.84;6.88;1223;19;2551.00;62
6200;18;23221147;6200;548;7424;7485;4.88;0.30;305.84;6.88;1224;19;2552.00;61
6203;18;23221159;6203;549;7424;7485;4.85;0.30;305.80;6.88;1221;19;2553.00;61
6206;18;23221173;6206;544;7424;7485;4.81;0.29;305.87;6.88;1218;19;2554.00;61
6207;18;23221188;6207;542;7426;7485;4.76;0.29;305.85;6.92;1219;19;2555.00;59
6211;18;23221203;6211;544;7435;7497;4.77;0.29;305.87;6.91;1224;19;2556.00;62
6213;18;23221219;6213;542;7435;7497;4.74;0.29;305.85;6.91;1222;19;2557.00;62
6215;18;23221232;6215;536;7435;7497;4.73;0.29;305.81;6.91;1220;19;2558.00;62
6220;18;23221246;6220;537;7435;7497;4.64;0.29;305.84;6.91;1215;19;2559.00;62
6221;18;23221259;6221;534;7435;7497;4.62;0.28;305.83;6.91;1214;19;2560.00;62
6224;18;23221273;6224;534;7435;7497;4.58;0.28;305.79;6.91;1211;19;2561.00;62
6226;18;23221289;6226;532;7435;7498;4.61;0.28;305.87;6.91;1209;19;2562.00;63
6229;18;23221304;6229;530;7435;7498;4.65;0.29;305.87;6.91;1206;19;2563.00;63
6230;18;23221318;6230;522;7439;7504;4.73;0.29;305.83;6.91;1209;19;2564.00;65
6232;18;23221333;6232;520;7441;7506;4.76;0.29;305.80;6.91;1209;19;2565.00;65
6235;18;23221348;6235;523;7441;7506;4.75;0.29;305.70;6.91;1206;19;2566.00;65
6238;18;23221365;6238;515;7441;7506;4.70;0.29;305.58;6.91;1203;19;2567.00;65
6240;18;23221379;6240;517;7444;7510;4.72;0.29;305.56;6.91;1204;19;2568.00;66
6243;18;23221393;6243;519;7444;7510;4.71;0.29;305.61;6.91;1201;19;2569.00;66
6244;18;23221406;6244;523;7444;7510;4.67;0.29;305.69;6.91;1200;19;2570.00;66
6246;18;23221420;6246;523;7445;7511;4.71;0.29;305.81;6.91;1199;19;2571.00;66
6247;18;23221436;6247;521;7450;7515;4.72;0.29;305.82;6.92;1203;19;2572.00;65
6248;18;23221451;6248;527;7450;7515;4.69;0.29;305.78;6.92;1202;19;2573.00;65
6251;18;23221466;6251;526;7452;7518;4.68;0.29;305.68;6.91;1201;19;2574.00;66
6254;18;23221481;6254;523;7455;7518;4.66;0.28;305.67;6.92;1201;19;2575.00;63
6256;18;23221495;6256;521;7455;7518;4.68;0.29;305.59;6.92;1199;19;2576.00;63
6258;18;23221509;6258;526;7456;7518;4.64;0.28;305.62;6.92;1198;19;2577.00;62
6259;18;23221524;6259;534;7460;7522;4.68;0.29;305.60;6.92;1201;19;2578.00;62
6261;18;23221538;6261;526;7460;7522;4.68;0.29;305.65;6.92;1199;19;2579.00;62
6263;18;23221555;6263;527;7461;7522;4.70;0.29;305.61;6.94;1198;19;2580.00;61
6266;18;23221571;6266;525;7461;7522;4.68;0.29;305.60;6.94;1195;19;2581.00;61
6266;18;23221586;6266;527;7462;7523;4.74;0.29;305.60;6.97;1196;19;2582.00;61
6269;18;23221600;6269;522;7463;7524;4.77;0.29;305.61;6.97;1194;19;2583.00;61
6269;18;23221615;6269;522;7463;7524;4.81;0.29;305.61;6.97;1194;19;2584.00;61
6271;18;23221628;6271;521;7465;7525;4.82;0.29;305.55;6.99;1194;19;2585.00;60
6272;18;23221651;6272;519;7465;7525;4.81;0.29;305.54;6.99;1193;19;2586.00;60
6272;18;23221666;6272;516;7465;7525;4.80;0.29;305.54;6.99;1193;19;2587.00;60
6274;18;23221680;6274;515;7466;7525;4.79;0.29;305.49;7.02;1192;19;2588.00;59
6276;18;23221694;6276;514;7466;7525;4.82;0.30;305.43;7.02;1190;19;2589.00;59
6278;18;23221708;6278;509;7466;7525;4.86;0.30;305.46;7.02;1188;19;2590.00;59
6278;18;23221722;6278;508;7467;7525;4.90;0.30;305.46;7.04;1189;20;2591.00;58
6281;18;23221742;6281;510;7524;7652;5.23;0.32;305.38;6.99;1243;20;2592.00;128
6281;18;23221768;6281;507;7528;7653;5.23;0.32;305.38;7.01;1247;20;2593.00;125
6282;18;23221791;6282;498;7538;7653;5.26;0.33;305.36;7.00;1256;20;2594.00;115
6283;18;23221806;6283;493;7540;7653;5.21;0.32;305.35;7.00;1257;20;2595.00;113
6286;18;23221821;6286;489;7546;7653;5.21;0.32;305.28;7.00;1260;20;2596.00;107
6288;18;23221835;6288;489;7551;7653;5.14;0.32;305.28;7.12;1263;20;2597.00;102
6289;18;23221850;6289;480;7554;7653;5.11;0.32;305.27;7.12;1265;20;2598.00;99
6289;18;23221864;6289;473;7558;7653;5.12;0.32;305.27;7.16;1269;20;2599.00;95
6289;18;23221878;6289;482;7559;7654;5.14;0.32;305.27;7.16;1270;20;2600.00;95
6292;18;23221898;6292;485;7562;7655;5.16;0.32;305.22;7.16;1270;20;2601.00;93
6295;19;23221922;6295;481;7565;7655;5.13;0.32;305.17;7.21;1270;21;2602.00;90
6297;19;23221950;6297;477;7571;7656;5.15;0.32;305.13;7.23;1274;21;2603.00;85
6300;19;23221966;6300;480;7574;7656;5.17;0.32;305.10;7.25;1274;21;2604.00;82
6305;19;23221983;6305;485;7577;7656;5.18;0.32;305.09;7.27;1272;21;2605.00;79
6307;19;23221999;6307;490;7578;7656;5.23;0.32;305.18;7.27;1271;21;2606.00;78
6311;19;23222020;6311;486;7584;7660;5.24;0.32;305.22;7.29;1273;21;2607.00;76
6314;19;23222037;6314;490;7585;7660;5.24;0.32;305.21;7.29;1271;21;2608.00;75
6317;19;23222053;6317;484;7588;7660;5.27;0.32;305.17;7.33;1271;21;2609.00;72
6318;19;23222070;6318;491;7593;7666;5.33;0.33;305.23;7.36;1275;21;2610.00;73
6321;19;23222086;6321;489;7594;7666;5.35;0.33;305.21;7.36;1273;21;2611.00;72
6323;19;23222102;6323;494;7598;7666;5.36;0.33;305.22;7.38;1275;21;2612.00;68
6325;19;23222117;6325;506;7602;7670;5.34;0.33;305.30;7.38;1277;21;2613.00;68
6330;19;23222133;6330;502;7605;7671;5.29;0.32;305.46;7.40;1275;21;2614.00;66
6334;19;23222149;6334;507;7606;7671;5.23;0.32;305.46;7.39;1272;21;2615.00;65
6338;19;23222163;6338;511;7609;7675;5.20;0.32;305.43;7.39;1271;21;2616.00;66
6343;19;23222178;6343;518;7610;7675;5.13;0.31;305.58;7.39;1267;21;2617.00;65
6348;19;23222192;6348;526;7611;7675;5.06;0.31;305.63;7.40;1263;21;2618.00;64
6351;19;23222206;6351;522;7611;7676;5.01;0.30;305.63;7.40;1260;21;2619.00;65
6354;19;23222228;6354;525;7611;7676;4.95;0.30;305.71;7.40;1257;21;2620.00;65
6357;19;23222241;6357;531;7615;7682;4.97;0.30;305.72;7.39;1258;21;2621.00;67
6359;19;23222256;6359;533;7615;7682;4.93;0.30;305.81;7.39;1256;21;2622.00;67
6362;19;23222270;6362;536;7615;7683;4.91;0.30;305.87;7.39;1253;21;2623.00;68
6367;19;23222285;6367;530;7615;7683;4.88;0.30;305.91;7.39;1248;21;2624.00;68
6371;19;23222304;6371;510;7617;7683;4.87;0.30;305.92;7.42;1246;21;2625.00;66
6373;19;23222320;6373;501;7617;7683;4.88;0.30;305.97;7.42;1244;21;2626.00;66
6376;19;23222335;6376;494;7617;7683;4.86;0.30;305.96;7.42;1241;21;2627.00;66
6380;19;23222350;6380;488;7624;7695;4.91;0.30;306.03;7.41;1244;21;2628.00;71
6381;19;23222367;6381;486;7624;7695;4.97;0.30;306.07;7.41;1243;21;2629.00;71
6384;19;23222382;6384;471;7624;7695;5.00;0.30;306.10;7.41;1240;21;2630.00;71
6389;19;23222396;6389;470;7624;7695;5.04;0.31;306.15;7.41;1235;21;2631.00;71
6391;19;23222410;6391;466;7624;7695;5.09;0.31;306.22;7.41;1233;21;2632.00;71
6394;19;23222425;6394;444;7624;7695;5.08;0.31;306.22;7.41;1230;21;2633.00;71
6398;19;23222442;6398;435;7627;7699;5.09;0.31;306.43;7.41;1229;21;2634.00;72
6401;19;23222459;6401;427;7627;7699;5.13;0.31;306.44;7.41;1226;21;2635.00;72
6406;19;23222474;6406;422;7630;7703;5.18;0.32;306.57;7.41;1224;21;2636.00;73
6410;19;23222490;6410;418;7630;7704;5.23;0.32;306.71;7.41;1220;21;2637.00;74
6415;19;23222507;6415;415;7630;7704;5.22;0.32;306.81;7.41;1215;21;2638.00;74
6418;19;23222525;6418;411;7630;7704;5.28;0.32;306.86;7.41;1212;21;2639.00;74
6421;19;23222543;6421;416;7649;7733;5.34;0.33;306.97;7.39;1228;21;2640.00;84
6426;19;23222563;6426;408;7651;7733;5.39;0.33;307.12;7.39;1225;21;2641.00;82
6428;19;23222578;6428;410;7653;7733;5.47;0.33;307.03;7.38;1225;21;2642.00;80
6432;19;23222594;6432;408;7654;7734;5.50;0.34;307.10;7.38;1222;21;2643.00;80
6436;19;23222609;6436;412;7654;7735;5.55;0.34;307.25;7.38;1218;21;2644.00;81
6443;19;23222625;6443;413;7655;7735;5.56;0.34;307.43;7.39;1212;21;2645.00;80
6448;19;23222641;6448;420;7657;7738;5.60;0.34;307.57;7.39;1209;21;2646.00;81
6452;19;23222657;6452;423;7657;7738;5.63;0.34;307.67;7.39;1205;21;2647.00;81
6456;19;23222672;6456;434;7658;7738;5.62;0.34;307.88;7.39;1202;21;2648.00;80
6462;19;23222688;6462;438;7659;7738;5.58;0.34;308.05;7.40;1197;21;2649.00;79
6465;19;23222704;6465;437;7663;7744;5.61;0.34;308.08;7.39;1198;21;2650.00;81
6468;19;23222722;6468;444;7664;7744;5.61;0.34;308.14;7.40;1196;21;2651.00;80
6475;19;23222737;6475;442;7665;7744;5.58;0.34;308.25;7.40;1190;21;2652.00;79
6478;19;23222759;6478;439;7666;7744;5.60;0.34;308.39;7.40;1188;21;2653.00;78
6484;19;23222778;6484;438;7669;7748;5.56;0.34;308.51;7.40;1185;21;2654.00;79
6487;19;23222798;6487;437;7670;7750;5.57;0.34;308.68;7.40;1183;21;2655.00;80
6489;19;23222817;6489;437;7673;7750;5.62;0.34;308.72;7.43;1184;21;2656.00;77
6495;19;23222836;6495;436;7674;7751;5.62;0.34;308.88;7.43;1179;21;2657.00;77
6501;19;23222859;6501;439;7674;7751;5.58;0.34;308.97;7.43;1173;21;2658.00;77
6504;19;23222882;6504;439;7675;7751;5.57;0.34;308.94;7.44;1171;21;2659.00;76
6506;19;23222899;6506;443;7678;7751;5.59;0.34;308.96;7.45;1172;21;2660.00;73
6508;19;23222916;6508;452;7679;7751;5.59;0.34;309.08;7.45;1171;21;2661.00;72
6511;19;23222930;6511;454;7680;7751;5.57;0.34;309.21;7.45;1169;21;2662.00;71
6516;19;23222946;6516;451;7683;7751;5.58;0.34;309.43;7.48;1167;21;2663.00;68
6518;19;23222961;6518;461;7714;7821;5.61;0.34;309.39;7.45;1196;21;2664.00;107
6524;19;23222988;6524;464;7715;7822;5.56;0.34;309.72;7.45;1191;21;2665.00;107
6526;19;23223006;6526;468;7721;7822;5.59;0.34;309.76;7.46;1195;21;2666.00;101
6529;19;23223022;6529;474;7722;7822;5.63;0.34;309.91;7.46;1193;21;2667.00;100
6531;19;23223038;6531;478;7726;7822;5.63;0.34;309.94;7.47;1195;21;2668.00;96
6534;19;23223054;6534;488;7728;7822;5.62;0.34;310.03;7.49;1194;21;2669.00;94
6538;19;23223074;6538;489;7731;7822;5.65;0.34;310.24;7.49;1193;21;2670.00;91
6542;19;23223091;6542;494;7735;7822;5.60;0.34;310.26;7.50;1193;21;2671.00;87
6544;19;23223107;6544;485;7740;7823;5.56;0.34;310.33;7.51;1196;21;2672.00;83
6545;19;23223123;6545;483;7743;7824;5.55;0.34;310.38;7.51;1198;21;2673.00;81
6547;19;23223139;6547;479;7747;7824;5.50;0.33;310.48;7.52;1200;21;2674.00;77
6550;19;23223156;6550;485;7750;7828;5.41;0.33;310.56;7.52;1200;21;2675.00;78
6552;19;23223180;6552;488;7751;7828;5.38;0.33;310.60;7.53;1199;21;2676.00;77
6554;19;23223200;6554;502;7751;7828;5.37;0.33;310.76;7.53;1197;21;2677.00;77
6554;19;23223216;6554;507;7752;7828;5.39;0.33;310.76;7.54;1198;21;2678.00;76
6556;19;23223237;6556;507;7757;7834;5.36;0.33;310.82;7.53;1201;21;2679.00;77
6557;19;23223253;6557;514;7758;7834;5.32;0.33;310.83;7.54;1201;21;2680.00;76
6562;19;23223271;6562;506;7758;7834;5.32;0.33;310.94;7.54;1196;22;2681.00;76
6564;19;23223298;6564;502;7761;7837;5.36;0.33;310.96;7.55;1197;22;2682.00;76
6567;19;23223313;6567;496;7761;7837;5.36;0.33;310.99;7.55;1194;22;2683.00;76
6572;19;23223329;6572;493;7762;7837;5.34;0.33;311.03;7.55;1190;22;2684.00;75
6574;19;23223357;6574;490;7764;7838;5.30;0.32;311.11;7.56;1190;22;2685.00;74
6576;19;23223378;6576;494;7766;7839;5.26;0.32;311.13;7.57;1190;22;2686.00;73
6579;19;23223399;6579;491;7766;7839;5.22;0.32;311.29;7.57;1187;22;2687.00;73
6582;19;23223415;6582;496;7777;7852;5.20;0.32;311.35;7.56;1195;22;2688.00;75
6585;19;23223432;6585;495;7780;7852;5.19;0.32;311.43;7.59;1195;22;2689.00;72
6589;19;23223447;6589;494;7780;7852;5.19;0.32;311.70;7.59;1191;22;2690.00;72
6593;19;23223463;6593;497;7782;7853;5.22;0.32;311.74;7.59;1189;22;2691.00;71
6593;19;23223479;6593;504;7784;7853;5.21;0.32;311.74;7.60;1191;22;2692.00;69
6597;19;23223493;6597;503;7789;7857;5.21;0.32;311.73;7.60;1192;22;2693.00;68
6597;19;23223516;6597;501;7792;7857;5.20;0.32;311.73;7.60;1195;22;2694.00;65
6598;19;23223537;6598;508;7795;7861;5.21;0.32;311.78;7.60;1197;22;2695.00;66
6601;19;23223559;6601;502;7795;7861;5.18;0.32;311.88;7.60;1194;22;2696.00;66
6603;19;23223587;6603;503;7796;7861;5.17;0.32;311.92;7.61;1193;22;2697.00;65
6603;19;23223614;6603;506;7796;7861;5.14;0.31;311.92;7.61;1193;22;2698.00;65
6605;19;23223633;6605;508;7798;7861;5.06;0.31;312.03;7.61;1193;22;2699.00;63
6607;19;23223652;6607;509;7824;7910;5.16;0.32;312.09;7.59;1217;22;2700.00;86
6612;19;23223678;6612;501;7828;7910;5.11;0.31;312.34;7.59;1216;22;2701.00;82
6613;19;23223694;6613;499;7830;7910;5.12;0.31;312.41;7.59;1217;22;2702.00;80
6617;19;23223710;6617;502;7830;7910;5.12;0.31;312.44;7.59;1213;22;2703.00;80
6618;19;23223725;6618;510;7833;7910;5.08;0.31;312.41;7.59;1215;22;2704.00;77
6619;19;23223740;6619;514;7835;7910;5.05;0.31;312.43;7.59;1216;22;2705.00;75
6621;19;23223755;6621;514;7835;7911;5.02;0.31;312.42;7.59;1214;22;2706.00;76
6623;19;23223770;6623;520;7837;7911;4.98;0.30;312.36;7.59;1214;22;2707.00;74
6624;19;23223784;6624;514;7841;7917;4.95;0.30;312.33;7.59;1217;22;2708.00;76
6626;19;23223798;6626;521;7842;7918;4.96;0.30;312.50;7.59;1216;22;2709.00;76
6629;19;23223814;6629;524;7842;7918;4.94;0.30;312.44;7.59;1213;22;2710.00;76
6629;19;23223830;6629;528;7843;7918;4.94;0.30;312.44;7.59;1214;22;2711.00;75
6633;19;23223846;6633;536;7847;7922;4.93;0.30;312.39;7.59;1214;22;2712.00;75
6636;19;23223861;6636;543;7847;7922;4.91;0.30;312.31;7.59;1211;22;2713.00;75
6637;19;23223878;6637;547;7847;7922;4.87;0.30;312.33;7.59;1210;22;2714.00;75
6639;19;23223892;6639;546;7848;7923;4.84;0.30;312.34;7.59;1209;22;2715.00;75
6640;19;23223907;6640;545;7851;7927;4.86;0.30;312.37;7.58;1211;22;2716.00;76
6642;19;23223922;6642;547;7852;7927;4.81;0.29;312.41;7.59;1210;22;2717.00;75
6643;19;23223938;6643;547;7855;7930;4.86;0.30;312.45;7.58;1212;22;2718.00;75
6645;19;23223954;6645;546;7855;7930;4.90;0.30;312.36;7.58;1210;22;2719.00;75
6650;19;23223970;6650;541;7856;7930;4.92;0.30;312.38;7.58;1206;22;2720.00;74
6653;19;23223986;6653;537;7856;7930;4.95;0.30;312.39;7.58;1203;22;2721.00;74
6656;19;23224000;6656;538;7860;7934;4.93;0.30;312.45;7.58;1204;22;2722.00;74
6657;19;23224019;6657;537;7860;7934;4.96;0.30;312.45;7.58;1203;22;2723.00;74
6661;19;23224034;6661;535;7861;7934;4.94;0.30;312.33;7.59;1200;22;2724.00;73
6664;19;23224048;6664;542;7861;7934;4.92;0.30;312.38;7.59;1197;22;2725.00;73
6665;19;23224063;6665;540;7861;7935;4.90;0.30;312.39;7.59;1196;22;2726.00;74
6667;19;23224076;6667;539;7862;7936;4.83;0.29;312.37;7.58;1195;22;2727.00;74
6670;19;23224091;6670;538;7863;7936;4.75;0.29;312.32;7.59;1193;22;2728.00;73
6671;19;23224106;6671;533;7866;7937;4.68;0.28;312.31;7.62;1195;22;2729.00;71
6673;19;23224124;6673;526;7869;7937;4.64;0.28;312.34;7.65;1196;22;2730.00;68
6675;19;23224139;6675;529;7869;7937;4.56;0.28;312.30;7.65;1194;22;2731.00;68
6677;19;23224180;6677;520;7869;7937;4.49;0.27;312.35;7.65;1192;22;2732.00;68
6678;19;23224192;6678;519;7869;7937;4.49;0.27;312.38;7.65;1191;22;2733.00;68
6680;19;23224206;6680;522;7869;7937;4.51;0.27;312.37;7.65;1189;22;2734.00;68
6681;19;23224220;6681;514;7870;7937;4.56;0.28;312.39;7.66;1189;22;2735.00;67
6682;19;23224234;6682;515;7926;8064;4.82;0.30;312.35;7.60;1244;22;2736.00;138
6686;19;23224259;6686;496;7927;8065;4.88;0.30;312.41;7.60;1241;22;2737.00;138
6686;19;23224275;6686;482;7936;8065;5.03;0.31;312.41;7.60;1250;22;2738.00;129
6688;19;23224289;6688;476;7937;8065;5.07;0.31;312.40;7.60;1249;22;2739.00;128
6688;19;23224304;6688;469;7943;8065;5.15;0.32;312.40;7.59;1255;22;2740.00;122
6689;19;23224319;6689;474;7946;8065;5.20;0.32;312.37;7.59;1257;22;2741.00;119
6691;19;23224335;6691;464;7948;8065;5.29;0.33;312.40;7.59;1257;22;2742.00;117
6691;19;23224357;6691;465;7952;8065;5.35;0.33;312.40;7.59;1261;22;2743.00;113
6694;19;23224372;6694;463;7954;8066;5.36;0.33;312.33;7.59;1260;22;2744.00;112
6697;19;23224388;6697;457;7960;8068;5.40;0.33;312.36;7.59;1263;22;2745.00;108
6698;19;23224404;6698;454;7963;8068;5.44;0.33;312.32;7.59;1265;22;2746.00;105
6701;19;23224419;6701;452;7967;8069;5.43;0.33;312.42;7.60;1266;22;2747.00;102
6704;19;23224436;6704;459;7971;8069;5.48;0.34;312.39;7.60;1267;22;2748.00;98
6705;19;23224452;6705;457;7974;8069;5.53;0.34;312.38;7.60;1269;22;2749.00;95
6705;19;23224468;6705;450;7977;8069;5.58;0.34;312.38;7.61;1272;22;2750.00;92
6710;19;23224483;6710;465;7982;8073;5.57;0.34;312.41;7.64;1272;22;2751.00;91
6711;19;23224505;6711;467;7987;8073;5.57;0.34;312.40;7.67;1276;22;2752.00;86
6713;19;23224522;6713;470;7989;8073;5.56;0.34;312.35;7.67;1276;22;2753.00;84
6714;19;23224538;6714;482;7993;8076;5.59;0.34;312.32;7.67;1279;22;2754.00;83
6717;19;23224554;6717;480;7996;8076;5.57;0.34;312.43;7.74;1279;22;2755.00;80
6718;19;23224570;6718;479;7997;8076;5.59;0.34;312.41;7.74;1279;22;2756.00;79
6721;19;23224587;6721;485;8000;8080;5.56;0.34;312.49;7.74;1279;22;2757.00;80
6721;19;23224603;6721;490;8004;8081;5.60;0.34;312.49;7.77;1283;22;2758.00;77
6723;19;23224620;6723;494;8004;8081;5.63;0.34;312.59;7.77;1281;22;2759.00;77
6725;19;23224637;6725;500;8009;8086;5.68;0.34;312.75;7.80;1284;22;2760.00;77
6727;19;23224660;6727;501;8009;8086;5.64;0.34;312.71;7.80;1282;22;2761.00;77
6729;19;23224683;6729;504;8010;8086;5.63;0.34;312.68;7.83;1281;22;2762.00;76
6731;19;23224698;6731;506;8011;8087;5.62;0.34;312.70;7.83;1280;22;2763.00;76
6736;19;23224714;6736;502;8011;8087;5.56;0.34;312.71;7.83;1275;22;2764.00;76
6739;19;23224730;6739;512;8017;8093;5.52;0.34;312.82;7.85;1278;22;2765.00;76
6742;19;23224747;6742;507;8017;8093;5.47;0.33;312.97;7.85;1275;22;2766.00;76
6745;19;23224762;6745;514;8019;8094;5.39;0.33;313.03;7.91;1274;22;2767.00;75
6747;19;23224780;6747;514;8020;8094;5.34;0.33;313.03;7.94;1273;22;2768.00;74
6749;19;23224796;6749;517;8021;8094;5.32;0.32;313.01;7.97;1272;22;2769.00;73
6752;19;23224813;6752;523;8021;8094;5.28;0.32;313.12;7.97;1269;22;2770.00;73
6754;19;23224829;6754;522;8023;8094;5.22;0.32;313.21;8.03;1269;22;2771.00;71
6756;19;23224846;6756;524;8030;8106;5.25;0.32;313.29;8.03;1274;22;2772.00;76
6757;19;23224862;6757;522;8032;8106;5.22;0.32;313.27;8.09;1275;22;2773.00;74
6760;19;23224879;6760;526;8034;8106;5.20;0.32;313.23;8.09;1274;22;2774.00;72
6762;19;23224897;6762;521;8034;8106;5.23;0.32;313.25;8.09;1272;22;2775.00;72
6763;19;23224913;6763;517;8036;8106;5.27;0.32;313.24;8.14;1273;22;2776.00;70
6765;19;23224928;6765;516;8036;8106;5.27;0.32;313.36;8.14;1271;22;2777.00;70
6768;19;23224945;6768;516;8041;8110;5.23;0.32;313.53;8.20;1273;22;2778.00;69
6768;19;23224960;6768;505;8041;8110;5.23;0.32;313.53;8.20;1273;22;2779.00;69
6771;19;23224976;6771;501;8047;8114;5.22;0.32;313.58;8.25;1276;22;2780.00;67
6773;19;23224992;6773;501;8048;8115;5.24;0.32;313.66;8.25;1275;22;2781.00;67
6774;19;23225010;6774;499;8048;8115;5.26;0.32;313.69;8.25;1274;22;2782.00;67
6776;19;23225026;6776;501;8048;8115;5.27;0.32;313.70;8.25;1272;22;2783.00;67
6778;19;23225043;6778;503;8059;8128;5.29;0.32;313.71;8.30;1281;22;2784.00;69
6780;19;23225059;6780;500;8060;8128;5.31;0.32;313.79;8.32;1280;22;2785.00;68
6783;19;23225075;6783;505;8061;8128;5.32;0.32;313.90;8.35;1278;22;2786.00;67
6787;19;23225090;6787;517;8062;8129;5.32;0.32;313.99;8.35;1275;22;2787.00;67
6787;19;23225106;6787;522;8064;8130;5.33;0.32;313.99;8.40;1277;22;2788.00;66
6791;19;23225121;6791;519;8064;8130;5.25;0.32;314.02;8.40;1273;22;2789.00;66
6794;19;23225138;6794;526;8071;8136;5.22;0.32;314.08;8.44;1277;22;2790.00;65
6795;19;23225154;6795;530;8071;8136;5.19;0.31;314.07;8.44;1276;22;2791.00;65
6797;19;23225169;6797;530;8072;8136;5.12;0.31;314.04;8.44;1275;22;2792.00;64
6802;19;23225183;6802;528;8074;8136;5.07;0.31;314.10;8.49;1272;22;2793.00;62
6804;19;23225198;6804;524;8079;8142;5.08;0.31;314.17;8.48;1275;22;2794.00;63
6808;19;23225212;6808;516;8079;8142;5.04;0.31;314.13;8.48;1271;22;2795.00;63
6812;19;23225226;6812;523;8079;8142;5.01;0.31;314.25;8.48;1267;22;2796.00;63
6819;19;23225240;6819;525;8079;8142;4.95;0.30;314.50;8.48;1260;22;2797.00;63
6821;19;23225256;6821;526;8082;8146;4.92;0.30;314.57;8.48;1261;22;2798.00;64
6824;19;23225271;6824;522;8083;8147;4.86;0.30;314.66;8.48;1259;22;2799.00;64
6827;19;23225286;6827;509;8083;8147;4.80;0.29;314.79;8.48;1256;22;2800.00;64
6832;19;23225306;6832;501;8084;8148;4.74;0.29;314.91;8.48;1252;22;2801.00;64
6837;19;23225321;6837;489;8084;8148;4.72;0.29;314.97;8.48;1247;22;2802.00;64
6841;19;23225336;6841;482;8084;8148;4.78;0.29;315.05;8.48;1243;22;2803.00;64
6843;19;23225351;6843;476;8084;8148;4.87;0.30;315.07;8.48;1241;22;2804.00;64
6847;19;23225367;6847;457;8084;8148;4.90;0.30;315.26;8.48;1237;22;2805.00;64
6850;19;23225382;6850;448;8084;8148;4.97;0.30;315.26;8.48;1234;22;2806.00;64
6853;19;23225398;6853;433;8085;8148;5.03;0.31;315.27;8.48;1232;22;2807.00;63
6855;19;23225413;6855;421;8116;8218;5.26;0.32;315.42;8.45;1261;22;2808.00;102
6857;19;23225434;6857;412;8118;8219;5.33;0.33;315.50;8.45;1261;22;2809.00;101
6860;19;23225450;6860;413;8123;8219;5.42;0.33;315.49;8.45;1263;22;2810.00;96
6865;19;23225465;6865;416;8125;8219;5.43;0.33;315.49;8.45;1260;22;2811.00;94
6869;19;23225481;6869;413;8127;8219;5.47;0.33;315.44;8.44;1258;22;2812.00;92
6874;19;23225497;6874;403;8127;8219;5.47;0.33;315.56;8.44;1253;22;2813.00;92
6877;19;23225514;6877;402;8129;8219;5.52;0.34;315.57;8.44;1252;22;2814.00;90
6882;19;23225536;6882;397;8131;8219;5.56;0.34;315.70;8.44;1249;22;2815.00;88
6884;19;23225551;6884;398;8133;8220;5.61;0.34;315.73;8.44;1249;22;2816.00;87
6891;19;23225567;6891;394;8136;8221;5.61;0.34;315.92;8.44;1245;22;2817.00;85
6894;19;23225583;6894;398;8137;8221;5.65;0.34;315.91;8.44;1243;22;2818.00;84
6899;19;23225598;6899;404;8139;8225;5.66;0.35;316.12;8.44;1240;22;2819.00;86
6903;19;23225617;6903;398;8141;8225;5.70;0.35;316.24;8.44;1238;22;2820.00;84
6907;19;23225633;6907;407;8141;8225;5.69;0.35;316.23;8.44;1234;22;2821.00;84
6911;19;23225649;6911;404;8142;8225;5.66;0.35;316.42;8.44;1231;22;2822.00;83
6919;19;23225665;6919;399;8147;8231;5.61;0.34;316.50;8.44;1228;22;2823.00;84
6923;19;23225682;6923;401;8147;8231;5.60;0.34;316.63;8.44;1224;22;2824.00;84
6929;19;23225698;6929;408;8149;8231;5.61;0.34;316.67;8.44;1220;22;2825.00;82
6932;19;23225713;6932;408;8151;8234;5.65;0.34;316.80;8.44;1219;22;2826.00;83
6936;19;23225729;6936;410;8152;8234;5.68;0.35;316.92;8.44;1216;22;2827.00;82
6938;19;23225744;6938;407;8153;8234;5.69;0.35;316.98;8.44;1215;22;2828.00;81
6943;19;23225760;6943;406;8154;8235;5.65;0.34;317.07;8.44;1211;22;2829.00;81
6945;19;23225775;6945;411;8157;8236;5.63;0.34;317.09;8.45;1212;22;2830.00;79
6949;19;23225791;6949;415;8158;8236;5.57;0.34;317.12;8.46;1209;22;2831.00;78
6955;19;23225807;6955;418;8166;8249;5.51;0.33;317.16;8.46;1211;22;2832.00;83
6959;19;23225823;6959;416;8168;8249;5.46;0.33;317.18;8.47;1209;22;2833.00;81
6962;19;23225838;6962;417;8169;8249;5.42;0.33;317.23;8.46;1207;22;2834.00;80
6964;19;23225854;6964;430;8171;8251;5.43;0.33;317.23;8.47;1207;22;2835.00;80
6968;19;23225870;6968;422;8173;8251;5.45;0.33;317.34;8.48;1205;22;2836.00;78
6971;19;23225886;6971;421;8178;8255;5.52;0.34;317.41;8.48;1207;22;2837.00;77
6971;19;23225902;6971;420;8178;8255;5.52;0.34;317.41;8.48;1207;22;2838.00;77
6973;19;23225916;6973;423;8182;8259;5.54;0.34;317.50;8.49;1209;22;2839.00;77
6978;19;23225932;6978;426;8184;8259;5.49;0.33;317.55;8.50;1206;22;2840.00;75
6980;19;23225947;6980;430;8184;8259;5.40;0.33;317.65;8.50;1204;22;2841.00;75
6982;19;23225961;6982;437;8185;8259;5.34;0.33;317.76;8.50;1203;22;2842.00;74
6985;19;23225976;6985;436;8186;8259;5.26;0.32;317.83;8.50;1201;22;2843.00;73
6989;19;23225991;6989;440;8193;8271;5.24;0.32;318.00;8.50;1204;22;2844.00;78
6991;19;23226008;6991;451;8194;8271;5.17;0.32;318.10;8.50;1203;22;2845.00;77
6994;19;23226023;6994;458;8199;8271;5.12;0.31;318.22;8.51;1205;22;2846.00;72
6994;19;23226038;6994;456;8199;8271;5.04;0.31;318.22;8.51;1205;22;2847.00;72
6999;19;23226053;6999;446;8201;8271;4.96;0.30;318.15;8.51;1202;22;2848.00;70
7002;19;23226068;7002;448;8201;8271;4.95;0.30;318.26;8.51;1199;22;2849.00;70
7004;19;23226085;7004;451;8204;8274;4.94;0.30;318.24;8.52;1200;22;2850.00;70
7006;19;23226101;7006;442;8204;8274;4.94;0.30;318.32;8.52;1198;22;2851.00;70
7010;19;23226116;7010;448;8209;8280;4.97;0.30;318.32;8.51;1199;22;2852.00;71
7015;19;23226139;7015;436;8211;8281;4.98;0.30;318.33;8.52;1196;22;2853.00;70
7017;19;23226153;7017;444;8211;8281;5.01;0.31;318.31;8.52;1194;22;2854.00;70
7019;19;23226169;7019;456;8211;8281;4.98;0.30;318.37;8.52;1192;22;2855.00;70
7020;19;23226190;7020;444;8215;8285;5.05;0.31;318.40;8.52;1195;22;2856.00;70
7026;19;23226206;7026;442;8215;8285;5.00;0.31;318.34;8.52;1189;22;2857.00;70
7029;19;23226222;7029;439;8216;8285;4.99;0.30;318.35;8.52;1187;22;2858.00;69
7033;19;23226237;7033;431;8217;8286;5.01;0.31;318.41;8.52;1184;22;2859.00;69
7035;19;23226252;7035;424;8221;8290;5.10;0.31;318.41;8.52;1186;22;2860.00;69
7038;19;23226269;7038;422;8221;8290;5.17;0.32;318.41;8.52;1183;22;2861.00;69
7040;19;23226291;7040;422;8223;8293;5.25;0.32;318.37;8.51;1183;22;2862.00;70
7042;19;23226307;7042;423;8224;8293;5.33;0.33;318.51;8.51;1182;22;2863.00;69
7043;19;23226322;7043;435;8226;8295;5.43;0.33;318.54;8.51;1183;22;2864.00;69
7044;19;23226338;7044;442;8226;8295;5.46;0.33;318.51;8.51;1182;22;2865.00;69
7048;19;23226353;7048;442;8230;8299;5.56;0.34;318.67;8.51;1182;22;2866.00;69
7050;19;23226370;7050;443;8230;8299;5.61;0.34;318.67;8.51;1180;22;2867.00;69
7056;19;23226385;7056;441;8230;8299;5.62;0.34;318.65;8.51;1174;22;2868.00;69
7056;19;23226401;7056;442;8230;8299;5.63;0.34;318.65;8.51;1174;22;2869.00;69
7058;19;23226417;7058;441;8230;8300;5.61;0.34;318.68;8.51;1172;22;2870.00;70
7059;19;23226432;7059;434;8231;8301;5.59;0.34;318.65;8.51;1172;22;2871.00;70
7062;19;23226447;7062;431;8231;8301;5.57;0.34;318.63;8.51;1169;22;2872.00;70
7064;19;23226462;7064;432;8232;8302;5.54;0.34;318.62;8.51;1168;22;2873.00;70
7065;19;23226476;7065;432;8232;8302;5.50;0.34;318.65;8.51;1167;22;2874.00;70
7067;19;23226492;7067;435;8232;8302;5.44;0.33;318.58;8.51;1165;22;2875.00;70
7069;19;23226508;7069;437;8232;8302;5.45;0.33;318.53;8.51;1163;22;2876.00;70
7073;19;23226523;7073;438;8232;8302;5.36;0.33;318.61;8.51;1159;22;2877.00;70
7076;19;23226539;7076;450;8232;8302;5.33;0.33;318.55;8.51;1156;22;2878.00;70
7079;19;23226555;7079;446;8232;8302;5.26;0.32;318.51;8.51;1153;22;2879.00;70
7084;19;23226573;7084;511;8359;8532;5.26;0.33;318.50;8.38;1275;22;2880.00;173
7085;19;23226613;7085;500;8360;8533;5.19;0.33;318.52;8.38;1275;22;2881.00;173
7088;19;23226631;7088;478;8369;8533;5.20;0.33;318.44;8.37;1281;22;2882.00;164
7090;19;23226650;7090;482;8372;8533;5.17;0.32;318.40;8.37;1282;22;2883.00;161
7090;19;23226668;7090;480;8378;8533;5.13;0.32;318.40;8.36;1288;22;2884.00;155
7093;19;23226687;7093;479;8381;8533;5.07;0.32;318.45;8.36;1288;22;2885.00;152
7094;19;23226706;7094;481;8388;8533;5.06;0.32;318.46;8.36;1294;22;2886.00;145
7094;19;23226723;7094;480;8393;8533;5.04;0.32;318.46;8.36;1299;22;2887.00;140
7095;19;23226742;7095;485;8400;8534;5.06;0.32;318.45;8.36;1305;22;2888.00;134
7096;19;23226762;7096;495;8404;8535;5.04;0.31;318.41;8.36;1308;22;2889.00;131
7098;19;23226783;7098;493;8408;8535;5.01;0.31;318.40;8.36;1310;22;2890.00;127
7100;19;23226802;7100;496;8412;8536;4.98;0.31;318.43;8.36;1312;22;2891.00;124
7102;19;23226822;7102;493;8414;8536;4.93;0.31;318.49;8.36;1312;22;2892.00;122
7104;19;23226850;7104;470;8419;8536;4.90;0.30;318.51;8.37;1315;22;2893.00;117
7107;19;23226871;7107;462;8419;8536;4.89;0.30;318.50;8.37;1312;22;2894.00;117
7111;19;23226899;7111;451;8423;8540;4.89;0.30;318.61;8.37;1312;22;2895.00;117
7111;19;23226920;7111;452;8424;8540;4.93;0.30;318.61;8.37;1313;22;2896.00;116
7111;19;23226940;7111;444;8425;8540;5.00;0.31;318.61;8.37;1314;22;2897.00;115
7115;19;23226959;7115;442;8427;8543;5.06;0.31;318.63;8.37;1312;22;2898.00;116
7118;19;23226982;7118;442;8427;8543;5.13;0.31;318.63;8.37;1309;22;2899.00;116
7121;19;23227025;7121;449;8429;8543;5.18;0.32;318.59;8.37;1308;22;2900.00;114
7122;19;23227049;7122;450;8432;8547;5.25;0.32;318.62;8.37;1310;22;2901.00;115
7126;19;23227068;7126;447;8433;8548;5.26;0.32;318.63;8.37;1307;22;2902.00;115
7127;19;23227086;7127;450;8433;8548;5.27;0.32;318.65;8.37;1306;22;2903.00;115
7129;19;23227111;7129;453;8435;8552;5.35;0.33;318.60;8.36;1306;22;2904.00;117
7131;19;23227136;7131;447;8437;8552;5.41;0.33;318.61;8.44;1306;22;2905.00;115
7133;19;23227156;7133;447;8437;8552;5.42;0.33;318.59;8.44;1304;22;2906.00;115
7134;19;23227173;7134;442;8437;8553;5.39;0.33;318.57;8.44;1303;22;2907.00;116
7137;19;23227196;7137;436;8437;8553;5.37;0.33;318.63;8.44;1300;22;2908.00;116
7137;19;23227219;7137;435;8444;8559;5.37;0.33;318.63;8.44;1307;22;2909.00;115
7140;19;23227238;7140;429;8444;8559;5.39;0.33;318.67;8.44;1304;22;2910.00;115
7143;19;23227255;7143;430;8444;8560;5.35;0.32;318.66;8.44;1301;22;2911.00;116
7144;19;23227281;7144;420;8446;8560;5.34;0.32;318.64;8.45;1302;22;2912.00;114
7146;19;23227301;7146;420;8446;8560;5.37;0.33;318.68;8.45;1300;22;2913.00;114
7146;19;23227318;7146;420;8447;8560;5.43;0.33;318.68;8.45;1301;22;2914.00;113
7150;19;23227335;7150;417;8448;8560;5.46;0.33;318.62;8.49;1298;22;2915.00;112
7151;19;23227353;7151;419;8457;8572;5.56;0.34;318.60;8.48;1306;22;2916.00;115
7154;19;23227379;7154;410;8458;8572;5.55;0.34;318.61;8.48;1304;22;2917.00;114
7157;19;23227397;7157;401;8460;8572;5.56;0.34;318.71;8.49;1303;22;2918.00;112
7160;19;23227414;7160;397;8460;8572;5.58;0.34;318.71;8.49;1300;22;2919.00;112
7163;19;23227431;7163;399;8461;8572;5.60;0.34;318.67;8.49;1298;22;2920.00;111
7165;19;23227448;7165;401;8462;8572;5.66;0.34;318.73;8.49;1297;22;2921.00;110
7166;19;23227464;7166;403;8466;8576;5.69;0.35;318.72;8.49;1300;22;2922.00;110
7168;19;23227481;7168;402;8468;8576;5.72;0.35;318.72;8.50;1300;22;2923.00;108
7170;19;23227498;7170;400;8470;8580;5.73;0.35;318.75;8.49;1300;22;2924.00;110
7173;19;23227514;7173;405;8475;8582;5.71;0.35;318.84;8.51;1302;22;2925.00;107
7175;19;23227531;7175;410;8476;8582;5.70;0.34;318.89;8.51;1301;22;2926.00;106
7176;19;23227547;7176;416;8479;8582;5.71;0.35;318.98;8.51;1303;22;2927.00;103
7178;19;23227565;7178;420;8489;8595;5.72;0.35;319.05;8.51;1311;22;2928.00;106
7180;19;23227585;7180;424;8492;8595;5.74;0.35;319.01;8.51;1312;22;2929.00;103
7184;19;23227602;7184;431;8494;8595;5.73;0.35;319.22;8.59;1310;22;2930.00;101
7186;19;23227619;7186;434;8496;8596;5.72;0.35;319.21;8.59;1310;22;2931.00;100
7189;19;23227637;7189;427;8497;8597;5.70;0.35;319.21;8.59;1308;22;2932.00;100
7189;19;23227654;7189;450;8498;8597;5.72;0.35;319.21;8.63;1309;22;2933.00;99
7191;19;23227670;7191;457;8502;8600;5.74;0.35;319.35;8.63;1311;22;2934.00;98
7193;19;23227686;7193;464;8504;8600;5.73;0.35;319.31;8.70;1311;22;2935.00;96
7194;19;23227707;7194;479;8506;8600;5.74;0.35;319.39;8.74;1312;22;2936.00;94
7198;19;23227738;7198;481;8508;8600;5.76;0.35;319.48;8.80;1310;22;2937.00;92
7201;19;23227765;7201;481;8514;8606;5.81;0.35;319.47;8.83;1313;22;2938.00;92
7203;19;23227792;7203;490;8516;8606;5.82;0.35;319.62;8.87;1313;22;2939.00;90
7208;19;23227822;7208;495;8517;8606;5.81;0.35;319.64;8.90;1309;22;2940.00;89
7209;19;23227852;7209;490;8519;8606;5.79;0.35;319.71;8.94;1310;22;2941.00;87
7211;19;23227878;7211;490;8522;8610;5.73;0.35;319.74;8.93;1311;22;2942.00;88
7213;19;23227917;7213;488;8524;8611;5.66;0.34;319.74;8.96;1311;22;2943.00;87
7213;19;23227947;7213;495;8527;8611;5.63;0.34;319.74;9.01;1314;22;2944.00;84
7214;19;23227973;7214;504;8529;8612;5.62;0.34;319.80;9.01;1315;22;2945.00;83
7216;19;23227996;7216;500;8529;8612;5.58;0.34;319.88;9.01;1313;22;2946.00;83
7218;19;23228018;7218;509;8533;8612;5.53;0.34;319.91;9.12;1315;22;2947.00;79
7219;19;23228039;7219;504;8533;8612;5.56;0.34;319.97;9.12;1314;22;2948.00;79
7223;19;23228059;7223;501;8535;8612;5.53;0.34;320.02;9.18;1312;22;2949.00;77
7228;19;23228076;7228;497;8536;8612;5.51;0.34;320.10;9.18;1308;22;2950.00;76
7230;19;23228093;7230;497;8537;8612;5.50;0.34;320.12;9.21;1307;22;2951.00;75
7234;19;23228111;7234;511;8584;8682;5.52;0.34;320.20;9.19;1350;22;2952.00;98
7235;19;23228135;7235;494;8584;8683;5.58;0.34;320.26;9.19;1349;22;2953.00;99
7236;19;23228152;7236;497;8589;8683;5.65;0.35;320.32;9.24;1353;22;2954.00;94
7238;19;23228170;7238;505;8590;8683;5.66;0.35;320.34;9.24;1352;22;2955.00;93
7243;19;23228188;7243;501;8593;8683;5.69;0.35;320.39;9.27;1350;22;2956.00;90
7247;19;23228205;7247;497;8597;8683;5.74;0.35;320.44;9.29;1350;22;2957.00;86
7248;19;23228223;7248;496;8599;8683;5.75;0.35;320.47;9.29;1351;22;2958.00;84
7252;19;23228241;7252;510;8602;8683;5.71;0.35;320.48;9.32;1350;22;2959.00;81
7253;19;23228259;7253;515;8605;8684;5.65;0.35;320.52;9.34;1352;22;2960.00;79
7257;19;23228283;7257;515;8608;8685;5.60;0.34;320.52;9.37;1351;22;2961.00;77
7262;19;23228301;7262;512;8608;8685;5.60;0.34;320.57;9.37;1346;22;2962.00;77
7264;19;23228319;7264;526;8613;8689;5.59;0.34;320.62;9.43;1349;22;2963.00;76
7269;19;23228337;7269;522;8613;8689;5.57;0.34;320.66;9.43;1344;22;2964.00;76
7275;19;23228354;7275;531;8614;8689;5.49;0.33;320.69;9.44;1339;22;2965.00;75
7282;19;23228381;7282;540;8615;8689;5.41;0.33;320.67;9.47;1333;22;2966.00;74
7286;19;23228400;7286;544;8620;8695;5.39;0.33;320.86;9.48;1334;22;2967.00;75
7291;19;23228417;7291;546;8621;8695;5.33;0.32;321.00;9.51;1330;22;2968.00;74
7294;19;23228435;7294;551;8621;8695;5.33;0.32;321.06;9.51;1327;22;2969.00;74
7301;19;23228453;7301;557;8626;8701;5.29;0.32;321.11;9.57;1325;22;2970.00;75
7306;19;23228471;7306;556;8626;8701;5.23;0.32;321.30;9.57;1320;22;2971.00;75
7311;19;23228488;7311;557;8630;8701;5.12;0.31;321.40;9.62;1319;22;2972.00;71
7315;19;23228505;7315;565;8630;8702;5.02;0.30;321.47;9.62;1315;22;2973.00;72
7318;19;23228521;7318;557;8631;8703;4.93;0.30;321.66;9.62;1313;22;2974.00;72
7324;19;23228538;7324;547;8631;8703;4.86;0.29;321.77;9.62;1307;22;2975.00;72
7326;19;23228554;7326;543;8641;8716;4.85;0.29;321.85;9.61;1315;22;2976.00;75
7331;19;23228572;7331;536;8641;8716;4.83;0.29;322.03;9.61;1310;22;2977.00;75
7333;19;23228589;7333;540;8643;8716;4.84;0.29;322.09;9.61;1310;22;2978.00;73
7334;19;23228606;7334;532;8643;8717;4.91;0.30;322.12;9.61;1309;22;2979.00;74
7336;19;23228623;7336;528;8644;8717;4.97;0.30;322.19;9.61;1308;22;2980.00;73
7338;19;23228640;7338;529;8648;8721;5.04;0.31;322.28;9.61;1310;22;2981.00;73
7341;19;23228657;7341;518;8648;8721;5.09;0.31;322.49;9.61;1307;22;2982.00;73
7345;19;23228676;7345;508;8651;8725;5.12;0.31;322.62;9.61;1306;22;2983.00;74
7348;19;23228694;7348;510;8652;8725;5.16;0.31;322.73;9.61;1304;22;2984.00;73
7350;19;23228715;7350;497;8652;8725;5.18;0.31;322.83;9.61;1302;22;2985.00;73
7354;19;23228732;7354;489;8652;8725;5.16;0.31;322.97;9.61;1298;22;2986.00;73
7356;19;23228749;7356;481;8652;8725;5.16;0.31;322.92;9.61;1296;22;2987.00;73
7360;19;23228767;7360;480;8660;8737;5.24;0.32;323.11;9.60;1300;22;2988.00;77
7361;19;23228785;7361;489;8661;8737;5.23;0.32;323.13;9.60;1300;22;2989.00;76
7364;19;23228801;7364;490;8661;8737;5.19;0.32;323.31;9.60;1297;22;2990.00;76
7367;19;23228818;7367;499;8662;8737;5.12;0.31;323.41;9.61;1295;22;2991.00;75
7369;19;23228835;7369;499;8662;8737;5.08;0.31;323.41;9.61;1293;22;2992.00;75
7372;19;23228852;7372;501;8663;8737;5.05;0.31;323.52;9.61;1291;22;2993.00;74
7377;19;23228869;7377;499;8663;8738;5.02;0.31;323.63;9.61;1286;22;2994.00;75
7383;19;23228885;7383;511;8663;8738;4.99;0.30;323.69;9.61;1280;22;2995.00;75
7387;19;23228909;7387;510;8667;8744;4.95;0.30;323.73;9.60;1280;22;2996.00;77
7389;19;23228927;7389;507;8667;8745;4.92;0.30;323.73;9.60;1278;22;2997.00;78
7395;19;23228945;7395;493;8667;8745;4.89;0.30;323.80;9.60;1272;22;2998.00;78
7402;19;23228960;7402;491;8668;8745;4.82;0.29;323.97;9.61;1266;22;2999.00;77
7404;19;23228981;7404;498;8675;8765;4.83;0.29;323.92;9.60;1271;22;3000.00;90
7410;19;23229006;7410;493;8675;8765;4.80;0.29;323.90;9.60;1265;22;3001.00;90
7415;19;23229025;7415;495;8676;8765;4.75;0.29;324.01;9.60;1261;22;3002.00;89
7416;19;23229042;7416;498;8677;8766;4.83;0.29;324.07;9.60;1261;22;3003.00;89
7419;19;23229059;7419;505;8681;8770;4.82;0.29;324.19;9.60;1262;22;3004.00;89
7422;19;23229076;7422;509;8684;8770;4.84;0.30;324.23;9.60;1262;22;3005.00;86
7423;19;23229092;7423;509;8686;8773;4.87;0.30;324.21;9.60;1263;22;3006.00;87
7427;19;23229110;7427;506;8686;8773;4.85;0.30;324.29;9.60;1259;22;3007.00;87
7428;19;23229125;7428;514;8688;8773;4.85;0.30;324.39;9.60;1260;22;3008.00;85
7432;19;23229142;7432;517;8688;8773;4.83;0.30;324.44;9.60;1256;22;3009.00;85
7436;19;23229157;7436;518;8692;8777;4.82;0.30;324.39;9.60;1256;22;3010.00;85
7441;19;23229174;7441;525;8695;8777;4.77;0.29;324.44;9.60;1254;22;3011.00;82
7445;19;23229191;7445;529;8696;8777;4.79;0.29;324.44;9.60;1251;22;3012.00;81
7447;19;23229208;7447;540;8698;8777;4.73;0.29;324.56;9.60;1251;22;3013.00;79
7450;19;23229223;7450;540;8698;8778;4.74;0.29;324.61;9.60;1248;22;3014.00;80
7454;19;23229240;7454;546;8701;8780;4.68;0.29;324.58;9.59;1247;22;3015.00;79
7456;19;23229256;7456;555;8702;8780;4.63;0.28;324.69;9.60;1246;22;3016.00;78
7460;19;23229272;7460;561;8703;8781;4.54;0.28;325.00;9.59;1243;22;3017.00;78
7463;19;23229289;7463;571;8703;8781;4.52;0.28;324.98;9.59;1240;22;3018.00;78
7466;19;23229304;7466;574;8703;8781;4.48;0.28;325.04;9.59;1237;22;3019.00;78
7467;19;23229319;7467;575;8703;8781;4.46;0.27;325.14;9.59;1236;22;3020.00;78
7470;19;23229336;7470;581;8703;8781;4.43;0.27;325.09;9.59;1233;22;3021.00;78
7475;19;23229351;7475;568;8704;8781;4.39;0.27;325.19;9.60;1229;22;3022.00;77
7476;19;23229369;7476;557;8704;8781;4.40;0.27;325.28;9.60;1228;22;3023.00;77
7477;19;23229385;7477;560;8775;8908;4.70;0.29;325.25;9.52;1298;22;3024.00;133
7478;19;23229411;7478;544;8776;8909;4.70;0.29;325.23;9.52;1298;22;3025.00;133
7481;19;23229427;7481;543;8783;8909;4.78;0.30;325.17;9.51;1302;22;3026.00;126
7486;19;23229445;7486;532;8785;8909;4.83;0.30;325.25;9.51;1299;22;3027.00;124
7487;19;23229466;7487;534;8791;8909;4.92;0.31;325.32;9.51;1304;22;3028.00;118
7490;19;23229483;7490;531;8793;8909;4.95;0.31;325.36;9.51;1303;22;3029.00;116
7491;19;23229501;7491;534;8795;8909;4.99;0.31;325.42;9.51;1304;22;3030.00;114
7496;19;23229518;7496;517;8798;8909;5.00;0.31;325.31;9.51;1302;22;3031.00;111
7498;19;23229535;7498;512;8801;8910;5.02;0.31;325.29;9.51;1303;22;3032.00;109
7503;19;23229563;7503;502;8805;8911;5.05;0.31;325.29;9.51;1302;22;3033.00;106
7505;19;23229580;7505;503;8809;8911;5.09;0.31;325.36;9.51;1304;22;3034.00;102
7507;19;23229606;7507;499;8810;8912;5.13;0.32;325.37;9.51;1303;22;3035.00;102
7509;19;23229625;7509;492;8814;8912;5.14;0.32;325.39;9.51;1305;22;3036.00;98
7512;19;23229654;7512;490;8816;8912;5.16;0.32;325.44;9.51;1304;22;3037.00;96
7516;19;23229678;7516;495;8819;8912;5.18;0.32;325.38;9.51;1303;22;3038.00;93
7518;19;23229701;7518;498;8822;8916;5.20;0.32;325.34;9.51;1304;22;3039.00;94
7521;19;23229721;7521;501;8825;8916;5.22;0.32;325.38;9.51;1304;22;3040.00;91
7522;19;23229747;7522;500;8825;8916;5.28;0.33;325.42;9.51;1303;22;3041.00;91
7525;19;23229766;7525;498;8828;8919;5.30;0.33;325.48;9.51;1303;22;3042.00;91
7527;19;23229785;7527;505;8828;8919;5.33;0.33;325.48;9.51;1301;22;3043.00;91
7529;19;23229803;7529;507;8830;8919;5.37;0.33;325.43;9.51;1301;22;3044.00;89
7530;19;23229822;7530;513;8833;8923;5.41;0.33;325.46;9.51;1303;22;3045.00;90
7533;19;23229842;7533;522;8836;8924;5.42;0.33;325.48;9.51;1303;22;3046.00;88
7534;19;23229863;7534;519;8836;8924;5.42;0.33;325.46;9.51;1302;22;3047.00;88
7538;19;23229882;7538;523;8838;8928;5.42;0.33;325.33;9.51;1300;22;3048.00;90
7540;19;23229902;7540;522;8839;8928;5.41;0.33;325.32;9.51;1299;22;3049.00;89
7543;19;23229922;7543;507;8839;8928;5.40;0.33;325.35;9.51;1296;22;3050.00;89
7546;19;23229942;7546;508;8840;8929;5.40;0.33;325.29;9.50;1294;22;3051.00;89
7547;19;23229962;7547;506;8840;8929;5.38;0.33;325.30;9.50;1293;22;3052.00;89
7549;19;23229982;7549;502;8845;8935;5.39;0.33;325.28;9.50;1296;22;3053.00;90
7550;19;23230002;7550;504;8845;8935;5.38;0.33;325.29;9.50;1295;22;3054.00;90
7554;19;23230024;7554;498;8845;8936;5.31;0.32;325.24;9.50;1291;22;3055.00;91
7557;19;23230047;7557;486;8845;8936;5.27;0.32;325.22;9.50;1288;22;3056.00;91
7557;19;23230066;7557;488;8845;8936;5.29;0.32;325.22;9.50;1288;22;3057.00;91
7558;19;23230086;7558;489;8845;8936;5.31;0.32;325.19;9.50;1287;22;3058.00;91
7561;19;23230106;7561;493;8845;8936;5.26;0.32;325.18;9.50;1284;22;3059.00;91
7561;19;23230140;7561;495;8870;8972;5.31;0.33;325.18;9.49;1309;22;3060.00;102
7565;19;23230163;7565;484;8871;8972;5.32;0.32;325.17;9.49;1306;22;3061.00;101
7566;19;23230182;7566;492;8873;8972;5.34;0.33;325.17;9.49;1307;22;3062.00;99
7568;19;23230202;7568;501;8873;8972;5.32;0.32;325.26;9.49;1305;22;3063.00;99
7569;19;23230219;7569;501;8874;8972;5.35;0.33;325.23;9.49;1305;22;3064.00;98
7570;20;23230238;7570;499;8875;8972;5.35;0.33;325.22;9.49;1305;23;3065.00;97
7571;20;23230272;7571;488;8878;8976;5.38;0.33;325.25;9.49;1307;23;3066.00;98
7574;20;23230291;7574;482;8878;8976;5.40;0.33;325.27;9.49;1304;23;3067.00;98
7578;20;23230312;7578;475;8881;8980;5.45;0.33;325.22;9.48;1303;23;3068.00;99
7579;20;23230333;7579;467;8882;8981;5.50;0.33;325.27;9.48;1303;23;3069.00;99
7581;20;23230352;7581;466;8882;8981;5.51;0.33;325.26;9.48;1301;23;3070.00;99
7582;20;23230373;7582;466;8882;8981;5.54;0.34;325.24;9.48;1300;23;3071.00;99
7583;20;23230393;7583;460;8891;8994;5.59;0.34;325.31;9.47;1308;23;3072.00;103
7585;20;23230413;7585;452;8891;8994;5.64;0.34;325.33;9.47;1306;23;3073.00;103
7588;20;23230433;7588;445;8891;8994;5.67;0.34;325.38;9.47;1303;23;3074.00;103
7590;20;23230452;7590;440;8892;8995;5.68;0.34;325.35;9.47;1302;23;3075.00;103
7590;20;23230470;7590;436;8892;8996;5.75;0.35;325.35;9.47;1302;23;3076.00;104
7594;20;23230487;7594;438;8892;8996;5.72;0.35;325.46;9.47;1298;23;3077.00;104
7594;20;23230505;7594;429;8894;8999;5.74;0.35;325.46;9.47;1300;23;3078.00;105
7599;20;23230527;7599;430;8894;8999;5.73;0.35;325.47;9.47;1295;23;3079.00;105
7603;20;23230549;7603;427;8897;8999;5.71;0.35;325.52;9.54;1294;23;3080.00;102
7604;20;23230571;7604;414;8897;8999;5.76;0.35;325.54;9.54;1293;23;3081.00;102
7606;20;23230590;7606;411;8901;9005;5.83;0.35;325.53;9.54;1295;23;3082.00;104
7611;20;23230610;7611;409;8901;9005;5.88;0.36;325.57;9.54;1290;23;3083.00;104
7612;20;23230629;7612;411;8901;9005;5.93;0.36;325.55;9.54;1289;23;3084.00;104
7613;20;23230650;7613;405;8901;9005;5.99;0.36;325.52;9.54;1288;23;3085.00;104
7617;20;23230673;7617;398;8904;9009;6.03;0.37;325.50;9.54;1287;23;3086.00;105
7618;20;23230703;7618;405;8905;9010;6.06;0.37;325.49;9.54;1287;23;3087.00;105
7622;20;23230724;7622;397;8906;9010;6.07;0.37;325.50;9.54;1284;23;3088.00;104
7625;20;23230742;7625;402;8907;9011;6.08;0.37;325.49;9.54;1282;23;3089.00;104
7628;21;23230763;7628;402;8907;9011;6.07;0.37;325.57;9.54;1279;24;3090.00;104
7631;21;23230797;7631;396;8907;9011;6.13;0.37;325.75;9.54;1276;24;3091.00;104
7637;21;23230814;7637;391;8907;9011;6.18;0.37;325.70;9.54;1270;24;3092.00;104
7641;21;23230833;7641;395;8908;9011;6.21;0.38;325.92;9.54;1267;24;3093.00;103
7643;21;23230851;7643;393;8908;9011;6.22;0.38;325.91;9.54;1265;24;3094.00;103
7644;21;23230874;7644;399;8908;9011;6.22;0.38;326.00;9.54;1264;24;3095.00;103
7646;21;23230892;7646;406;8941;9081;6.29;0.38;325.94;9.51;1295;24;3096.00;140
7649;21;23230917;7649;403;8941;9082;6.28;0.38;326.04;9.51;1292;24;3097.00;141
7651;21;23230936;7651;408;8948;9082;6.34;0.38;326.01;9.51;1297;24;3098.00;134
7653;21;23230953;7653;402;8948;9082;6.33;0.38;326.08;9.51;1295;24;3099.00;134
7656;21;23230974;7656;399;8951;9082;6.31;0.38;326.16;9.51;1295;24;3100.00;131
7657;21;23230997;7657;397;8954;9082;6.29;0.38;326.17;9.51;1297;24;3101.00;128
7660;21;23231016;7660;396;8957;9082;6.27;0.38;326.16;9.51;1297;24;3102.00;125
7661;22;23231035;7661;400;8959;9082;6.31;0.38;326.20;9.51;1298;25;3103.00;123
7662;22;23231063;7662;400;8961;9083;6.25;0.38;326.21;9.51;1299;25;3104.00;122
7665;22;23231082;7665;405;8967;9085;6.25;0.38;326.22;9.55;1302;25;3105.00;118
7669;22;23231109;7669;408;8968;9085;6.23;0.38;326.32;9.55;1299;25;3106.00;117
7671;22;23231128;7671;416;8975;9089;6.22;0.38;326.42;9.55;1304;25;3107.00;114
7674;22;23231154;7674;416;8980;9089;6.23;0.38;326.52;9.59;1306;25;3108.00;109
7677;22;23231174;7677;419;8983;9089;6.24;0.38;326.48;9.59;1306;25;3109.00;106
7680;22;23231200;7680;424;8986;9089;6.18;0.38;326.47;9.59;1306;25;3110.00;103
7682;22;23231219;7682;434;8990;9095;6.22;0.38;326.50;9.58;1308;25;3111.00;105
7686;22;23231239;7686;439;8993;9095;6.22;0.38;326.53;9.63;1307;25;3112.00;102
7690;22;23231258;7690;445;8994;9095;6.18;0.38;326.66;9.67;1304;25;3113.00;101
7690;22;23231277;7690;450;8996;9098;6.21;0.38;326.66;9.66;1306;25;3114.00;102
7694;22;23231296;7694;455;8998;9098;6.18;0.38;326.80;9.70;1304;25;3115.00;100
7696;22;23231314;7696;451;8998;9098;6.16;0.37;326.86;9.70;1302;25;3116.00;100
7697;22;23231333;7697;458;8999;9099;6.10;0.37;326.95;9.74;1302;25;3117.00;100
7698;22;23231350;7698;462;9000;9100;6.10;0.37;326.94;9.74;1302;25;3118.00;100
7703;22;23231369;7703;462;9001;9100;6.09;0.37;326.88;9.78;1298;25;3119.00;99
7704;22;23231389;7704;474;9021;9126;6.11;0.37;326.97;9.80;1317;25;3120.00;105
7707;22;23231409;7707;472;9023;9126;6.08;0.37;327.05;9.80;1316;25;3121.00;103
7707;22;23231429;7707;478;9025;9126;6.08;0.37;327.05;9.83;1318;25;3122.00;101
7708;22;23231446;7708;476;9026;9127;6.05;0.37;327.15;9.83;1318;25;3123.00;101
7710;22;23231465;7710;469;9026;9127;6.00;0.37;327.35;9.83;1316;25;3124.00;101
7712;22;23231482;7712;467;9030;9131;6.00;0.37;327.32;9.83;1318;25;3125.00;101
7716;22;23231500;7716;467;9031;9131;5.97;0.36;327.42;9.87;1315;25;3126.00;100
7720;22;23231520;7720;459;9039;9135;5.89;0.36;327.52;10.04;1319;25;3127.00;96
7722;22;23231538;7722;456;9040;9135;5.86;0.36;327.51;10.08;1318;25;3128.00;95
7724;22;23231556;7724;456;9040;9135;5.78;0.35;327.65;10.08;1316;25;3129.00;95
7726;22;23231575;7726;458;9040;9135;5.77;0.35;327.80;10.08;1314;25;3130.00;95
7729;22;23231593;7729;464;9041;9135;5.76;0.35;327.91;10.11;1312;25;3131.00;94
7732;22;23231614;7732;466;9051;9147;5.82;0.36;327.89;10.10;1319;25;3132.00;96
7734;22;23231634;7734;472;9051;9147;5.82;0.36;327.89;10.10;1317;25;3133.00;96
7738;22;23231652;7738;470;9053;9147;5.83;0.36;327.84;10.13;1315;25;3134.00;94
7742;22;23231671;7742;471;9053;9147;5.81;0.35;327.98;10.13;1311;25;3135.00;94
7744;22;23231691;7744;472;9053;9147;5.82;0.35;328.06;10.13;1309;25;3136.00;94
7749;22;23231709;7749;475;9055;9147;5.78;0.35;328.22;10.20;1306;25;3137.00;92
7751;22;23231729;7751;482;9055;9148;5.81;0.35;328.35;10.20;1304;25;3138.00;93
7757;22;23231746;7757;483;9055;9148;5.77;0.35;328.49;10.20;1298;25;3139.00;93
7759;22;23231770;7759;483;9062;9154;5.79;0.35;328.48;10.26;1303;25;3140.00;92
7767;22;23231789;7767;482;9063;9155;5.75;0.35;328.66;10.26;1296;25;3141.00;92
7769;22;23231806;7769;494;9065;9155;5.68;0.35;328.77;10.32;1296;25;3142.00;90
7774;22;23231822;7774;505;9065;9155;5.59;0.34;328.79;10.32;1291;25;3143.00;90
7778;22;23231839;7778;508;9068;9159;5.53;0.34;328.78;10.32;1290;25;3144.00;91
7783;22;23231855;7783;510;9068;9159;5.41;0.33;328.85;10.32;1285;25;3145.00;91
7787;22;23231872;7787;518;9068;9159;5.29;0.32;328.93;10.32;1281;25;3146.00;91
7789;22;23231887;7789;514;9069;9160;5.24;0.32;328.97;10.32;1280;25;3147.00;91
7793;22;23231903;7793;526;9072;9164;5.08;0.31;328.96;10.31;1279;25;3148.00;92
7798;22;23231919;7798;521;9072;9164;4.94;0.30;329.05;10.31;1274;25;3149.00;92
7802;22;23231937;7802;524;9076;9170;4.85;0.30;329.16;10.31;1274;25;3150.00;94
7806;22;23231953;7806;519;9076;9170;4.76;0.29;329.18;10.31;1270;25;3151.00;94
7808;22;23231969;7808;515;9078;9170;4.75;0.29;329.30;10.31;1270;25;3152.00;92
7813;22;23231985;7813;520;9078;9170;4.73;0.29;329.39;10.31;1265;25;3153.00;92
7817;22;23232006;7817;511;9082;9174;4.80;0.29;329.43;10.30;1265;25;3154.00;92
7821;22;23232028;7821;512;9082;9174;4.83;0.30;329.50;10.30;1261;25;3155.00;92
7823;22;23232048;7823;507;9082;9174;4.86;0.30;329.59;10.30;1259;25;3156.00;92
7827;22;23232066;7827;503;9082;9174;4.85;0.30;329.66;10.30;1255;25;3157.00;92
7831;22;23232084;7831;494;9082;9175;4.84;0.30;329.69;10.30;1251;25;3158.00;93
7832;22;23232103;7832;488;9083;9176;4.87;0.30;329.72;10.30;1251;25;3159.00;93
7835;22;23232121;7835;482;9083;9176;4.88;0.30;329.82;10.30;1248;25;3160.00;93
7839;22;23232139;7839;479;9084;9177;4.93;0.30;329.94;10.30;1245;25;3161.00;93
7845;22;23232156;7845;479;9084;9177;4.97;0.31;330.01;10.30;1239;25;3162.00;93
7849;22;23232174;7849;474;9084;9177;5.03;0.31;330.00;10.30;1235;25;3163.00;93
7855;22;23232192;7855;476;9084;9177;5.02;0.31;330.02;10.30;1229;25;3164.00;93
7860;22;23232210;7860;463;9084;9177;5.00;0.31;330.05;10.30;1224;25;3165.00;93
7862;22;23232226;7862;463;9084;9177;5.03;0.31;330.10;10.30;1222;25;3166.00;93
7870;22;23232243;7870;467;9084;9177;4.99;0.30;330.14;10.30;1214;25;3167.00;93
7873;22;23232262;7873;471;9145;9304;5.39;0.33;330.21;10.23;1272;25;3168.00;159
7878;22;23232289;7878;461;9150;9305;5.36;0.33;330.30;10.23;1272;25;3169.00;155
7880;22;23232307;7880;465;9160;9305;5.36;0.33;330.34;10.22;1280;25;3170.00;145
7885;22;23232325;7885;463;9161;9305;5.28;0.33;330.41;10.22;1276;25;3171.00;144
7888;22;23232355;7888;471;9168;9305;5.24;0.32;330.42;10.21;1280;25;3172.00;137
7893;22;23232375;7893;483;9169;9305;5.17;0.32;330.46;10.21;1276;25;3173.00;136
7897;22;23232392;7897;488;9173;9305;5.12;0.32;330.65;10.21;1276;25;3174.00;132
7901;22;23232409;7901;488;9175;9305;5.08;0.31;330.70;10.21;1274;25;3175.00;130
7907;22;23232428;7907;502;9177;9306;5.00;0.31;330.77;10.24;1270;25;3176.00;129
7912;22;23232446;7912;504;9179;9307;4.98;0.31;330.89;10.24;1267;25;3177.00;128
7915;22;23232464;7915;511;9179;9307;4.90;0.30;330.85;10.24;1264;25;3178.00;128
7919;22;23232481;7919;518;9181;9308;4.85;0.30;330.84;10.24;1262;25;3179.00;127
7926;22;23232500;7926;530;9182;9308;4.79;0.30;330.83;10.24;1256;25;3180.00;126
7929;22;23232518;7929;529;9183;9308;4.77;0.30;330.78;10.24;1254;25;3181.00;125
7933;22;23232536;7933;534;9184;9308;4.80;0.30;330.73;10.24;1251;25;3182.00;124
7937;22;23232553;7937;532;9191;9312;4.78;0.29;330.72;10.24;1254;25;3183.00;121
7940;22;23232572;7940;540;9191;9312;4.75;0.29;330.73;10.24;1251;25;3184.00;121
7945;22;23232589;7945;544;9195;9312;4.67;0.29;330.74;10.24;1250;25;3185.00;117
7952;22;23232607;7952;547;9196;9315;4.54;0.28;330.81;10.24;1244;25;3186.00;119
7954;22;23232624;7954;553;9199;9315;4.48;0.28;330.76;10.24;1245;25;3187.00;116
7956;22;23232642;7956;551;9202;9315;4.42;0.27;330.77;10.25;1246;25;3188.00;113
7964;22;23232659;7964;554;9208;9319;4.33;0.27;330.74;10.25;1244;25;3189.00;111
7965;22;23232687;7965;554;9209;9320;4.28;0.26;330.70;10.25;1244;25;3190.00;111
7967;22;23232706;7967;551;9213;9322;4.23;0.26;330.66;10.25;1246;25;3191.00;109
7969;22;23232724;7969;546;9217;9326;4.22;0.26;330.62;10.25;1248;25;3192.00;109
7970;22;23232742;7970;545;9219;9326;4.22;0.26;330.59;10.25;1249;25;3193.00;107
7974;22;23232764;7974;549;9221;9326;4.22;0.26;330.57;10.25;1247;25;3194.00;105
7976;22;23232779;7976;557;9223;9328;4.24;0.26;330.62;10.24;1247;25;3195.00;105
7977;22;23232795;7977;564;9223;9328;4.25;0.26;330.58;10.24;1246;25;3196.00;105
7978;22;23232809;7978;552;9228;9334;4.27;0.26;330.58;10.24;1250;25;3197.00;106
7982;22;23232825;7982;546;9228;9334;4.24;0.26;330.49;10.24;1246;25;3198.00;106
7984;22;23232842;7984;539;9228;9335;4.22;0.26;330.56;10.24;1244;25;3199.00;107
7986;22;23232858;7986;524;9228;9335;4.28;0.26;330.59;10.24;1242;25;3200.00;107
7988;22;23232879;7988;525;9228;9335;4.29;0.26;330.57;10.24;1240;25;3201.00;107
7988;22;23232898;7988;520;9228;9335;4.35;0.27;330.57;10.24;1240;25;3202.00;107
7989;22;23232914;7989;524;9229;9335;4.38;0.27;330.62;10.27;1240;25;3203.00;106
7990;22;23232930;7990;526;9239;9347;4.42;0.27;330.65;10.26;1249;25;3204.00;108
7990;22;23232947;7990;536;9239;9347;4.43;0.27;330.65;10.26;1249;26;3205.00;108
7990;22;23232973;7990;522;9240;9347;4.47;0.27;330.65;10.26;1250;26;3206.00;107
7993;22;23232989;7993;502;9240;9347;4.46;0.27;330.58;10.26;1247;26;3207.00;107
7993;22;23233008;7993;487;9240;9347;4.52;0.28;330.58;10.26;1247;26;3208.00;107
7997;22;23233023;7997;476;9240;9347;4.54;0.28;330.68;10.26;1243;26;3209.00;107
7998;22;23233043;7998;454;9243;9351;4.62;0.28;330.64;10.26;1245;26;3210.00;108
8002;22;23233059;8002;447;9243;9351;4.69;0.29;330.62;10.26;1241;26;3211.00;108
8002;22;23233078;8002;441;9247;9355;4.83;0.29;330.62;10.25;1245;26;3212.00;108
8004;22;23233096;8004;439;9248;9356;4.91;0.30;330.65;10.25;1244;26;3213.00;108
8005;22;23233113;8005;432;9248;9356;5.05;0.31;330.63;10.25;1243;26;3214.00;108
8009;22;23233132;8009;427;9248;9356;5.15;0.31;330.70;10.25;1239;26;3215.00;108
8012;22;23233149;8012;428;9259;9369;5.26;0.32;330.76;10.24;1247;26;3216.00;110
8013;22;23233176;8013;421;9259;9369;5.34;0.32;330.77;10.24;1246;26;3217.00;110
8013;22;23233196;8013;412;9259;9369;5.45;0.33;330.77;10.24;1246;26;3218.00;110
8015;22;23233213;8015;408;9260;9370;5.52;0.34;330.77;10.24;1245;26;3219.00;110
8015;22;23233232;8015;403;9261;9371;5.53;0.34;330.77;10.27;1246;26;3220.00;110
8016;22;23233252;8016;398;9261;9371;5.54;0.34;330.77;10.27;1245;26;3221.00;110
8017;22;23233270;8017;397;9263;9374;5.59;0.34;330.81;10.26;1246;26;3222.00;111
8019;22;23233289;8019;396;9263;9374;5.62;0.34;330.80;10.26;1244;26;3223.00;111
8021;22;23233309;8021;396;9264;9374;5.62;0.34;330.78;10.26;1243;26;3224.00;110
8024;22;23233330;8024;394;9264;9374;5.67;0.34;330.83;10.26;1240;26;3225.00;110
8025;22;23233348;8025;393;9269;9380;5.75;0.35;330.81;10.26;1244;26;3226.00;111
8028;22;23233368;8028;382;9269;9380;5.81;0.35;330.92;10.26;1241;26;3227.00;111
8028;22;23233386;8028;387;9269;9380;5.88;0.36;330.92;10.26;1241;26;3228.00;111
8030;22;23233403;8030;387;9269;9380;5.92;0.36;330.94;10.26;1239;26;3229.00;111
8035;22;23233420;8035;381;9272;9384;5.93;0.36;330.97;10.26;1237;26;3230.00;112
8036;22;23233440;8036;388;9273;9385;5.99;0.36;330.94;10.25;1237;26;3231.00;112
8039;22;23233456;8039;387;9273;9385;6.00;0.36;331.13;10.25;1234;26;3232.00;112
8040;22;23233475;8040;388;9274;9386;6.07;0.37;331.18;10.25;1234;26;3233.00;112
8042;22;23233491;8042;386;9274;9386;6.11;0.37;331.19;10.25;1232;26;3234.00;112
8043;22;23233510;8043;389;9274;9386;6.15;0.37;331.17;10.25;1231;26;3235.00;112
8045;22;23233527;8045;388;9274;9386;6.15;0.37;331.11;10.25;1229;26;3236.00;112
8046;22;23233546;8046;386;9274;9386;6.18;0.37;331.12;10.25;1228;26;3237.00;112
8048;22;23233563;8048;389;9274;9386;6.20;0.37;331.13;10.25;1226;26;3238.00;112
8050;22;23233580;8050;392;9274;9386;6.22;0.38;331.16;10.25;1224;26;3239.00;112
8054;22;23233603;8054;415;9339;9511;6.28;0.38;331.15;10.18;1285;26;3240.00;172
8057;22;23233636;8057;408;9339;9512;6.28;0.38;331.30;10.18;1282;26;3241.00;173
8058;22;23233656;8058;392;9348;9512;6.41;0.39;331.31;10.17;1290;26;3242.00;164
8063;22;23233676;8063;385;9350;9512;6.42;0.39;331.36;10.17;1287;26;3243.00;162
8064;22;23233700;8064;378;9354;9512;6.46;0.40;331.47;10.17;1290;26;3244.00;158
8066;22;23233723;8066;370;9356;9512;6.50;0.40;331.44;10.17;1290;26;3245.00;156
8071;22;23233751;8071;371;9361;9512;6.52;0.40;331.46;10.17;1290;26;3246.00;151
8077;22;23233773;8077;369;9362;9512;6.53;0.40;331.53;10.17;1285;26;3247.00;150
8079;22;23233794;8079;371;9366;9513;6.56;0.40;331.56;10.17;1287;26;3248.00;147
8084;22;23233816;8084;369;9372;9514;6.56;0.40;331.71;10.16;1288;26;3249.00;142
8086;22;23233836;8086;370;9374;9514;6.52;0.40;331.72;10.16;1288;26;3250.00;140
8088;22;23233853;8088;366;9379;9518;6.48;0.40;331.75;10.16;1291;26;3251.00;139
8093;22;23233873;8093;367;9379;9518;6.39;0.39;331.88;10.16;1286;26;3252.00;139
8095;22;23233890;8095;371;9379;9518;6.35;0.39;331.84;10.16;1284;26;3253.00;139
8098;22;23233908;8098;372;9379;9518;6.27;0.38;331.87;10.16;1281;26;3254.00;139
8101;22;23233926;8101;370;9385;9524;6.23;0.38;331.95;10.24;1284;26;3255.00;139
8104;22;23233949;8104;377;9385;9524;6.22;0.38;332.00;10.24;1281;26;3256.00;139
8104;22;23233967;8104;373;9385;9524;6.26;0.38;332.00;10.24;1281;26;3257.00;139
8108;22;23233984;8108;372;9389;9527;6.22;0.38;332.16;10.24;1281;26;3258.00;138
8111;22;23234002;8111;372;9389;9527;6.27;0.38;332.20;10.24;1278;26;3259.00;138
8114;22;23234024;8114;378;9390;9527;6.32;0.38;332.27;10.24;1276;26;3260.00;137
8118;22;23234043;8118;377;9390;9528;6.37;0.39;332.43;10.24;1272;26;3261.00;138
8120;22;23234060;8120;374;9391;9529;6.43;0.39;332.45;10.24;1271;26;3262.00;138
8122;22;23234080;8122;372;9391;9529;6.45;0.39;332.52;10.24;1269;26;3263.00;138
8125;22;23234099;8125;370;9400;9542;6.42;0.39;332.75;10.23;1275;26;3264.00;142
8129;22;23234132;8129;363;9400;9542;6.39;0.39;332.86;10.23;1271;26;3265.00;142
8130;22;23234150;8130;366;9401;9542;6.38;0.39;332.83;10.23;1271;26;3266.00;141
8139;22;23234168;8139;361;9401;9543;6.31;0.38;332.96;10.23;1262;26;3267.00;142
8142;22;23234187;8142;362;9402;9543;6.28;0.38;332.97;10.22;1260;26;3268.00;141
8148;22;23234215;8148;366;9405;9547;6.24;0.38;333.13;10.22;1257;26;3269.00;142
8150;22;23234237;8150;363;9405;9547;6.14;0.37;333.28;10.22;1255;26;3270.00;142
8155;22;23234255;8155;366;9408;9551;6.07;0.37;333.28;10.22;1253;26;3271.00;143
8158;22;23234273;8158;368;9409;9551;6.08;0.37;333.26;10.22;1251;26;3272.00;142
8160;22;23234291;8160;372;9409;9551;6.06;0.37;333.27;10.22;1249;26;3273.00;142
8160;22;23234309;8160;371;9409;9551;6.06;0.37;333.27;10.22;1249;26;3274.00;142
8162;22;23234328;8162;368;9409;9551;6.04;0.37;333.38;10.22;1247;26;3275.00;142
8163;22;23234346;8163;364;9420;9563;6.11;0.37;333.39;10.21;1257;26;3276.00;143
8166;22;23234366;8166;363;9422;9563;6.10;0.37;333.37;10.22;1256;26;3277.00;141
8167;22;23234385;8167;360;9424;9563;6.12;0.37;333.40;10.22;1257;26;3278.00;139
8170;22;23234405;8170;377;9424;9563;6.10;0.37;333.46;10.22;1254;26;3279.00;139
8173;22;23234426;8173;378;9426;9563;6.07;0.37;333.52;10.26;1253;26;3280.00;137
8177;22;23234446;8177;384;9426;9563;6.03;0.37;333.54;10.26;1249;26;3281.00;137
8179;22;23234466;8179;384;9426;9564;5.99;0.37;333.73;10.26;1247;26;3282.00;138
8182;22;23234484;8182;387;9426;9564;5.94;0.36;333.89;10.26;1244;26;3283.00;138
8184;22;23234501;8184;390;9433;9570;5.97;0.36;333.88;10.34;1249;26;3284.00;137
8186;22;23234520;8186;394;9437;9572;5.95;0.36;334.02;10.42;1251;26;3285.00;135
8190;22;23234538;8190;399;9439;9572;5.95;0.36;334.16;10.50;1249;26;3286.00;133
8192;22;23234555;8192;408;9439;9572;5.93;0.36;334.13;10.50;1247;26;3287.00;133
8199;22;23234571;8199;407;9442;9576;5.93;0.36;334.16;10.50;1243;26;3288.00;134
8202;22;23234588;8202;422;9444;9576;5.94;0.36;334.29;10.58;1242;26;3289.00;132
8207;22;23234612;8207;416;9444;9576;5.92;0.36;334.39;10.58;1237;26;3290.00;132
8208;22;23234630;8208;422;9447;9577;5.89;0.36;334.36;10.67;1239;26;3291.00;130
8213;22;23234646;8213;414;9450;9581;5.87;0.36;334.41;10.66;1237;26;3292.00;131
8216;22;23234663;8216;426;9451;9581;5.86;0.36;334.54;10.71;1235;26;3293.00;130
8217;22;23234680;8217;426;9454;9584;5.86;0.36;334.52;10.75;1237;26;3294.00;130
8221;22;23234696;8221;433;9455;9584;5.83;0.36;334.57;10.75;1234;26;3295.00;129
8225;22;23234713;8225;430;9456;9584;5.80;0.35;334.56;10.79;1231;26;3296.00;128
8226;22;23234731;8226;431;9457;9584;5.77;0.35;334.64;10.83;1231;26;3297.00;127
8228;22;23234747;8228;438;9461;9588;5.78;0.35;334.70;10.83;1233;26;3298.00;127
8229;22;23234763;8229;437;9463;9588;5.79;0.35;334.77;10.91;1234;26;3299.00;125
8232;22;23234781;8232;434;9468;9607;5.75;0.35;334.79;10.90;1236;26;3300.00;139
8234;22;23234805;8234;432;9469;9607;5.69;0.35;334.77;10.94;1235;26;3301.00;138
8236;22;23234821;8236;434;9470;9608;5.64;0.34;334.77;10.98;1234;26;3302.00;138
8238;22;23234842;8238;430;9472;9609;5.61;0.34;334.87;11.02;1234;26;3303.00;137
8241;22;23234869;8241;428;9472;9609;5.57;0.34;335.07;11.02;1231;26;3304.00;137
8242;22;23234899;8242;435;9474;9610;5.55;0.34;335.11;11.01;1232;26;3305.00;136
8243;22;23234924;8243;435;9477;9610;5.51;0.34;335.08;11.09;1234;26;3306.00;133
8246;22;23234941;8246;436;9477;9610;5.52;0.34;335.10;11.09;1231;26;3307.00;133
8248;22;23234959;8248;432;9479;9610;5.53;0.34;335.11;11.17;1231;26;3308.00;131
8251;22;23234978;8251;429;9479;9610;5.56;0.34;335.14;11.17;1228;26;3309.00;131
8253;22;23234997;8253;431;9482;9610;5.59;0.34;335.20;11.24;1229;26;3310.00;128
8255;22;23235016;8255;426;9482;9610;5.60;0.34;335.25;11.24;1227;26;3311.00;128
8259;22;23235033;8259;445;9545;9737;5.79;0.36;335.39;11.17;1286;26;3312.00;192
8262;22;23235064;8262;446;9549;9738;5.83;0.36;335.45;11.17;1287;26;3313.00;189
8266;22;23235080;8266;447;9556;9738;5.88;0.36;335.45;11.16;1290;26;3314.00;182
8270;22;23235097;8270;448;9562;9738;5.85;0.36;335.60;11.16;1292;26;3315.00;176
8274;22;23235115;8274;458;9566;9738;5.79;0.36;335.65;11.15;1292;26;3316.00;172
8280;22;23235133;8280;455;9568;9738;5.69;0.35;335.77;11.15;1288;26;3317.00;170
8285;22;23235150;8285;459;9572;9738;5.62;0.35;335.85;11.15;1287;26;3318.00;166
8285;22;23235166;8285;466;9574;9738;5.61;0.35;335.85;11.15;1289;26;3319.00;164
8289;22;23235183;8289;472;9577;9739;5.57;0.34;335.96;11.15;1288;26;3320.00;162
8294;22;23235200;8294;475;9580;9740;5.50;0.34;335.99;11.15;1286;26;3321.00;160
8300;22;23235217;8300;479;9585;9740;5.40;0.33;336.00;11.15;1285;26;3322.00;155
8302;22;23235233;8302;482;9588;9741;5.29;0.33;336.11;11.15;1286;26;3323.00;153
8308;22;23235249;8308;480;9590;9741;5.11;0.32;336.06;11.15;1282;26;3324.00;151
8312;22;23235265;8312;481;9593;9741;5.04;0.31;336.11;11.15;1281;26;3325.00;148
8316;22;23235281;8316;479;9595;9741;5.00;0.31;336.07;11.15;1279;26;3326.00;146
8320;22;23235298;8320;474;9598;9745;4.96;0.31;336.27;11.15;1278;26;3327.00;147
8322;22;23235315;8322;474;9601;9745;4.95;0.31;336.26;11.15;1279;26;3328.00;144
8324;22;23235332;8324;475;9603;9745;4.94;0.31;336.31;11.15;1279;26;3329.00;142
8326;22;23235350;8326;474;9605;9751;4.94;0.31;336.31;11.15;1279;26;3330.00;146
8330;22;23235368;8330;487;9606;9751;4.93;0.30;336.40;11.15;1276;26;3331.00;145
8333;22;23235385;8333;482;9608;9751;4.94;0.31;336.51;11.16;1275;26;3332.00;143
8338;22;23235408;8338;476;9612;9755;4.93;0.30;336.48;11.15;1274;26;3333.00;143
8341;22;23235424;8341;464;9614;9756;4.93;0.30;336.47;11.15;1273;26;3334.00;142
8346;22;23235442;8346;464;9614;9756;4.89;0.30;336.41;11.15;1268;26;3335.00;142
8351;22;23235458;8351;456;9617;9760;4.87;0.30;336.39;11.15;1266;26;3336.00;143
8354;22;23235475;8354;458;9619;9760;4.88;0.30;336.40;11.16;1265;26;3337.00;141
8359;22;23235491;8359;447;9620;9760;4.91;0.30;336.33;11.16;1261;26;3338.00;140
8364;22;23235509;8364;450;9621;9761;4.90;0.30;336.36;11.16;1257;26;3339.00;140
8366;22;23235530;8366;446;9622;9761;4.90;0.30;336.30;11.16;1256;26;3340.00;139
8369;22;23235554;8369;447;9625;9767;4.90;0.30;336.30;11.15;1256;26;3341.00;142
8373;22;23235578;8373;451;9626;9767;4.88;0.30;336.26;11.15;1253;26;3342.00;141
8378;22;23235595;8378;450;9626;9768;4.83;0.30;336.22;11.15;1248;26;3343.00;142
8381;22;23235612;8381;456;9627;9768;4.77;0.29;336.15;11.15;1246;26;3344.00;141
8384;22;23235627;8384;461;9627;9768;4.71;0.29;336.11;11.15;1243;26;3345.00;141
8387;22;23235645;8387;472;9629;9768;4.63;0.28;336.07;11.16;1242;26;3346.00;139
8388;22;23235660;8388;476;9629;9768;4.61;0.28;336.03;11.16;1241;26;3347.00;139
8393;22;23235676;8393;489;9637;9780;4.60;0.28;336.06;11.15;1244;26;3348.00;143
8397;22;23235693;8397;490;9639;9780;4.54;0.28;336.09;11.15;1242;26;3349.00;141
8401;22;23235709;8401;488;9640;9780;4.50;0.27;336.06;11.15;1239;26;3350.00;140
8404;22;23235725;8404;496;9641;9780;4.47;0.27;336.07;11.15;1237;26;3351.00;139
8410;22;23235741;8410;505;9642;9780;4.41;0.27;336.08;11.15;1232;26;3352.00;138
8411;22;23235756;8411;501;9644;9780;4.38;0.27;336.05;11.18;1233;26;3353.00;136
8414;22;23235773;8414;515;9647;9784;4.40;0.27;336.05;11.18;1233;26;3354.00;137
8416;22;23235790;8416;514;9648;9784;4.39;0.27;336.08;11.18;1232;26;3355.00;136
8418;22;23235806;8418;509;9651;9788;4.34;0.26;336.02;11.18;1233;26;3356.00;137
8422;22;23235823;8422;512;9653;9789;4.24;0.26;336.03;11.17;1231;26;3357.00;136
8426;22;23235840;8426;521;9654;9789;4.17;0.25;336.00;11.17;1228;26;3358.00;135
8426;22;23235857;8426;514;9654;9789;4.14;0.25;336.00;11.17;1228;26;3359.00;135
8429;22;23235874;8429;520;9677;9818;4.24;0.26;336.04;11.15;1248;26;3360.00;141
8432;22;23235894;8432;516;9677;9818;4.20;0.26;336.07;11.15;1245;26;3361.00;141
8436;22;23235914;8436;522;9679;9818;4.21;0.26;336.14;11.15;1243;26;3362.00;139
8439;22;23235936;8439;527;9680;9819;4.19;0.26;336.26;11.14;1241;26;3363.00;139
8442;22;23235955;8442;507;9680;9820;4.16;0.25;336.31;11.14;1238;26;3364.00;140
8446;22;23235971;8446;499;9680;9820;4.15;0.25;336.33;11.14;1234;26;3365.00;140
8448;22;23235987;8448;493;9683;9823;4.16;0.25;336.31;11.14;1235;26;3366.00;140
8452;22;23236004;8452;494;9683;9823;4.18;0.25;336.28;11.14;1231;26;3367.00;140
8453;22;23236022;8453;486;9683;9823;4.21;0.26;336.29;11.14;1230;26;3368.00;140
8454;23;23236039;8454;486;9683;9823;4.23;0.26;336.30;11.14;1229;27;3369.00;140
8457;23;23236071;8457;483;9688;9829;4.26;0.26;336.29;11.14;1231;27;3370.00;141
8460;23;23236096;8460;482;9689;9829;4.28;0.26;336.35;11.17;1229;27;3371.00;140
8464;23;23236115;8464;468;9689;9829;4.30;0.26;336.35;11.17;1225;27;3372.00;140
8466;23;23236134;8466;459;9689;9829;4.38;0.27;336.30;11.17;1223;27;3373.00;140
8468;23;23236152;8468;457;9692;9833;4.47;0.27;336.28;11.17;1224;27;3374.00;141
8468;23;23236170;8468;453;9694;9835;4.56;0.28;336.28;11.16;1226;27;3375.00;141
8469;23;23236189;8469;443;9694;9835;4.67;0.28;336.24;11.16;1225;27;3376.00;141
8470;23;23236206;8470;440;9695;9836;4.80;0.29;336.25;11.16;1225;27;3377.00;141
8473;23;23236225;8473;439;9695;9836;4.83;0.29;336.30;11.16;1222;27;3378.00;141
8476;23;23236242;8476;441;9695;9836;4.86;0.29;336.35;11.16;1219;27;3379.00;141
8477;23;23236259;8477;432;9695;9836;4.90;0.30;336.36;11.16;1218;27;3380.00;141
8480;23;23236292;8480;424;9695;9836;4.86;0.29;336.44;11.16;1215;27;3381.00;141
8484;23;23236312;8484;408;9695;9836;4.88;0.30;336.54;11.16;1211;27;3382.00;141
8485;23;23236336;8485;406;9695;9836;4.94;0.30;336.53;11.16;1210;27;3383.00;141
8486;23;23236353;8486;412;9736;9906;5.09;0.31;336.54;11.12;1250;27;3384.00;170
8488;23;23236381;8488;405;9737;9907;5.13;0.31;336.59;11.12;1249;27;3385.00;170
8490;23;23236399;8490;387;9743;9907;5.24;0.32;336.57;11.14;1253;27;3386.00;164
8493;23;23236421;8493;380;9743;9907;5.29;0.32;336.75;11.14;1250;27;3387.00;164
8494;23;23236440;8494;384;9746;9907;5.38;0.33;336.72;11.14;1252;27;3388.00;161
8496;23;23236457;8496;388;9749;9907;5.44;0.33;336.70;11.14;1253;27;3389.00;158
8497;23;23236478;8497;396;9752;9907;5.49;0.33;336.70;11.14;1255;27;3390.00;155
8497;23;23236497;8497;397;9755;9907;5.54;0.34;336.70;11.14;1258;27;3391.00;152
8498;23;23236517;8498;399;9757;9908;5.56;0.34;336.80;11.14;1259;27;3392.00;151
8499;23;23236537;8499;393;9760;9909;5.55;0.34;336.79;11.14;1261;27;3393.00;149
8501;23;23236556;8501;391;9762;9909;5.53;0.33;336.91;11.13;1261;27;3394.00;147
8504;23;23236574;8504;386;9767;9913;5.48;0.33;336.89;11.13;1263;27;3395.00;146
8504;23;23236593;8504;392;9767;9913;5.51;0.33;336.89;11.13;1263;27;3396.00;146
8507;23;23236611;8507;395;9767;9913;5.51;0.33;336.90;11.13;1260;27;3397.00;146
8508;23;23236629;8508;395;9767;9913;5.54;0.34;337.00;11.13;1259;27;3398.00;146
8509;23;23236648;8509;396;9772;9919;5.57;0.34;336.99;11.13;1263;27;3399.00;147
8512;23;23236667;8512;391;9772;9919;5.56;0.34;337.11;11.13;1260;27;3400.00;147
8513;23;23236690;8513;400;9772;9919;5.53;0.34;337.14;11.13;1259;27;3401.00;147
8515;23;23236707;8515;397;9774;9922;5.55;0.34;337.17;11.12;1259;27;3402.00;148
8518;23;23236725;8518;398;9774;9922;5.52;0.33;337.17;11.12;1256;27;3403.00;148
8521;23;23236742;8521;398;9775;9922;5.52;0.33;337.21;11.12;1254;27;3404.00;147
8523;23;23236758;8523;394;9775;9923;5.58;0.34;337.32;11.12;1252;27;3405.00;148
8526;23;23236778;8526;398;9776;9924;5.63;0.34;337.29;11.12;1250;27;3406.00;148
8528;23;23236803;8528;394;9776;9924;5.64;0.34;337.27;11.12;1248;27;3407.00;148
8528;23;23236820;8528;397;9786;9937;5.73;0.35;337.27;11.11;1258;27;3408.00;151
8532;23;23236839;8532;405;9786;9937;5.71;0.35;337.35;11.11;1254;27;3409.00;151
8533;23;23236856;8533;395;9787;9937;5.75;0.35;337.40;11.11;1254;27;3410.00;150
8536;23;23236874;8536;401;9788;9938;5.73;0.35;337.58;11.11;1252;27;3411.00;150
8537;23;23236892;8537;400;9788;9938;5.76;0.35;337.58;11.11;1251;27;3412.00;150
8540;23;23236908;8540;405;9792;9942;5.79;0.35;337.82;11.10;1252;27;3413.00;150
8541;23;23236928;8541;405;9792;9942;5.79;0.35;337.82;11.10;1251;27;3414.00;150
8542;23;23236946;8542;398;9795;9946;5.83;0.35;337.88;11.10;1253;27;3415.00;151
8544;23;23236963;8544;399;9795;9946;5.85;0.36;338.06;11.10;1251;27;3416.00;151
8551;23;23236979;8551;393;9796;9946;5.80;0.35;338.12;11.14;1245;27;3417.00;150
8551;23;23236998;8551;388;9796;9946;5.83;0.35;338.12;11.14;1245;27;3418.00;150
8553;23;23237021;8553;377;9796;9946;5.83;0.35;338.07;11.14;1243;27;3419.00;150
8554;23;23237044;8554;381;9822;9980;5.98;0.36;338.18;11.11;1268;27;3420.00;158
8556;23;23237066;8556;377;9822;9980;5.98;0.36;338.25;11.11;1266;27;3421.00;158
8561;23;23237084;8561;377;9824;9980;5.99;0.37;338.35;11.10;1263;27;3422.00;156
8565;23;23237104;8565;373;9824;9980;6.00;0.37;338.41;11.10;1259;27;3423.00;156
8568;23;23237122;8568;366;9825;9980;6.04;0.37;338.40;11.10;1257;27;3424.00;155
8575;23;23237142;8575;368;9825;9980;5.97;0.36;338.59;11.10;1250;27;3425.00;155
8577;23;23237170;8577;370;9825;9981;5.93;0.36;338.59;11.10;1248;27;3426.00;156
8579;23;23237189;8579;370;9825;9981;5.90;0.36;338.67;11.10;1246;27;3427.00;156
8582;23;23237207;8582;362;9830;9987;5.90;0.36;338.80;11.10;1248;27;3428.00;157
8586;23;23237225;8586;359;9831;9988;5.89;0.36;338.82;11.10;1245;27;3429.00;157
8589;23;23237246;8589;356;9833;9988;5.81;0.35;338.91;11.19;1244;27;3430.00;155
8593;23;23237267;8593;359;9833;9988;5.74;0.35;338.95;11.19;1240;27;3431.00;155
8595;23;23237287;8595;343;9836;9992;5.73;0.35;338.97;11.19;1241;27;3432.00;156
8599;23;23237306;8599;341;9836;9992;5.70;0.35;338.96;11.19;1237;27;3433.00;156
8604;23;23237323;8604;344;9836;9992;5.68;0.35;339.04;11.19;1232;27;3434.00;156
8607;23;23237343;8607;344;9837;9993;5.70;0.35;339.17;11.19;1230;27;3435.00;156
8610;23;23237364;8610;348;9840;9997;5.72;0.35;339.36;11.18;1230;27;3436.00;157
8613;23;23237383;8613;350;9840;9997;5.72;0.35;339.46;11.18;1227;27;3437.00;157
8615;23;23237402;8615;350;9842;10000;5.79;0.35;339.53;11.18;1227;27;3438.00;158
8618;23;23237420;8618;348;9843;10000;5.84;0.35;339.67;11.18;1225;27;3439.00;157
8623;23;23237447;8623;351;9843;10000;5.86;0.36;339.88;11.18;1220;27;3440.00;157
8625;23;23237467;8625;356;9843;10000;5.90;0.36;339.93;11.18;1218;27;3441.00;157
8628;23;23237486;8628;354;9847;10004;5.94;0.36;340.08;11.18;1219;27;3442.00;157
8630;23;23237507;8630;353;9847;10004;5.99;0.36;340.08;11.18;1217;27;3443.00;157
8633;23;23237525;8633;356;9847;10004;6.00;0.36;340.12;11.18;1214;27;3444.00;157
8636;23;23237544;8636;359;9847;10004;5.99;0.36;340.19;11.18;1211;27;3445.00;157
8638;23;23237563;8638;358;9847;10005;5.97;0.36;340.19;11.18;1209;27;3446.00;158
8642;23;23237581;8642;366;9848;10006;5.95;0.36;340.20;11.18;1206;27;3447.00;158
8645;23;23237601;8645;368;9848;10006;5.95;0.36;340.20;11.18;1203;27;3448.00;158
8648;23;23237619;8648;368;9849;10007;5.96;0.36;340.20;11.17;1201;27;3449.00;158
8652;23;23237641;8652;378;9849;10007;5.97;0.36;340.31;11.17;1197;27;3450.00;158
8657;23;23237657;8657;372;9849;10007;5.92;0.36;340.32;11.17;1192;27;3451.00;158
8657;23;23237677;8657;385;9849;10007;5.88;0.36;340.32;11.17;1192;27;3452.00;158
8660;23;23237693;8660;390;9849;10007;5.85;0.35;340.44;11.17;1189;27;3453.00;158
8662;23;23237710;8662;382;9849;10007;5.84;0.35;340.55;11.17;1187;27;3454.00;158
8665;23;23237728;8665;388;9850;10007;5.83;0.35;340.56;11.22;1185;27;3455.00;157
8668;23;23237747;8668;403;9914;10134;6.02;0.37;340.62;11.15;1246;27;3456.00;220
8671;23;23237775;8671;394;9919;10135;6.06;0.37;340.64;11.15;1248;27;3457.00;216
8674;23;23237811;8674;386;9927;10135;6.14;0.38;340.73;11.19;1253;27;3458.00;208
8675;23;23237831;8675;392;9931;10135;6.17;0.38;340.75;11.19;1256;27;3459.00;204
8677;23;23237850;8677;390;9937;10135;6.18;0.38;340.73;11.23;1260;27;3460.00;198
8678;23;23237876;8678;394;9940;10135;6.13;0.38;340.71;11.28;1262;27;3461.00;195
8683;23;23237903;8683;397;9944;10135;6.14;0.38;340.71;11.32;1261;27;3462.00;191
8685;23;23237922;8685;398;9947;10135;6.16;0.38;340.76;11.37;1262;27;3463.00;188
8688;23;23237941;8688;404;9950;10136;6.13;0.37;340.82;11.37;1262;27;3464.00;186
8690;23;23237959;8690;410;9955;10138;6.09;0.37;340.95;11.37;1265;27;3465.00;183
8691;23;23237979;8691;404;9959;10138;6.06;0.37;340.97;11.42;1268;27;3466.00;179
8693;23;23237998;8693;407;9961;10139;5.99;0.37;340.96;11.42;1268;27;3467.00;178
8695;23;23238017;8695;407;9965;10139;5.92;0.36;340.96;11.46;1270;27;3468.00;174
8698;23;23238035;8698;407;9966;10139;5.89;0.36;340.97;11.46;1268;27;3469.00;173
8700;23;23238054;8700;406;9970;10139;5.82;0.36;341.08;11.56;1270;27;3470.00;169
8703;23;23238073;8703;423;9975;10143;5.79;0.36;341.04;11.55;1272;27;3471.00;168
8706;23;23238091;8706;427;9979;10143;5.78;0.36;341.00;11.64;1273;27;3472.00;164
8707;23;23238109;8707;433;9980;10143;5.73;0.35;341.06;11.65;1273;27;3473.00;163
8710;23;23238125;8710;435;9984;10146;5.69;0.35;341.11;11.65;1274;27;3474.00;162
8712;23;23238143;8712;444;9985;10146;5.63;0.35;341.09;11.65;1273;27;3475.00;161
8716;23;23238159;8716;446;9985;10146;5.57;0.34;341.07;11.65;1269;27;3476.00;161
8717;23;23238178;8717;447;9992;10150;5.53;0.34;341.11;11.78;1275;27;3477.00;158
8719;23;23238196;8719;452;9995;10151;5.47;0.34;341.09;11.82;1276;27;3478.00;156
8721;23;23238213;8721;451;9997;10151;5.42;0.33;341.15;11.91;1276;27;3479.00;154
8724;23;23238232;8724;452;10001;10156;5.41;0.33;341.19;11.91;1277;27;3480.00;155
8726;23;23238251;8726;458;10004;10156;5.41;0.33;341.22;11.99;1278;27;3481.00;152
8729;23;23238269;8729;461;10005;10156;5.35;0.33;341.28;11.99;1276;27;3482.00;151
8733;23;23238287;8733;469;10007;10157;5.33;0.33;341.27;12.03;1274;27;3483.00;150
8733;23;23238304;8733;474;10008;10157;5.31;0.32;341.27;12.08;1275;27;3484.00;149
8737;23;23238321;8737;473;10014;10163;5.29;0.32;341.30;12.11;1277;27;3485.00;149
8743;23;23238340;8743;475;10015;10163;5.20;0.32;341.52;12.16;1272;27;3486.00;148
8748;23;23238357;8748;476;10016;10164;5.15;0.31;341.54;12.20;1268;27;3487.00;148
8752;23;23238375;8752;481;10016;10164;5.12;0.31;341.59;12.20;1264;27;3488.00;148
8756;23;23238391;8756;490;10018;10164;5.09;0.31;341.58;12.29;1262;27;3489.00;146
8759;23;23238407;8759;502;10019;10164;4.98;0.30;341.60;12.33;1260;27;3490.00;145
8763;23;23238425;8763;504;10020;10164;4.86;0.30;341.60;12.37;1257;27;3491.00;144
8764;23;23238441;8764;512;10030;10176;4.81;0.29;341.61;12.36;1266;27;3492.00;146
8770;23;23238457;8770;513;10031;10176;4.68;0.29;341.59;12.39;1261;27;3493.00;145
8772;23;23238472;8772;516;10033;10176;4.65;0.28;341.64;12.44;1261;27;3494.00;143
8774;23;23238487;8774;523;10033;10176;4.61;0.28;341.67;12.44;1259;27;3495.00;143
8776;23;23238501;8776;534;10034;10176;4.56;0.28;341.67;12.47;1258;27;3496.00;142
8782;23;23238516;8782;539;10035;10176;4.48;0.27;341.58;12.51;1253;27;3497.00;141
8784;23;23238531;8784;546;10038;10180;4.46;0.27;341.61;12.51;1254;27;3498.00;142
8789;23;23238545;8789;548;10038;10180;4.41;0.27;341.62;12.51;1249;27;3499.00;142
8792;23;23238567;8792;539;10041;10184;4.40;0.27;341.62;12.50;1249;27;3500.00;143
8799;23;23238587;8799;534;10042;10185;4.31;0.26;341.48;12.50;1243;27;3501.00;143
8801;23;23238602;8801;537;10042;10185;4.29;0.26;341.44;12.50;1241;27;3502.00;143
8804;23;23238616;8804;538;10042;10185;4.27;0.26;341.38;12.50;1238;27;3503.00;143
8809;23;23238631;8809;546;10052;10198;4.32;0.26;341.26;12.49;1243;27;3504.00;146
8813;23;23238647;8813;545;10052;10198;4.34;0.27;341.19;12.49;1239;27;3505.00;146
8815;23;23238660;8815;546;10052;10198;4.33;0.26;341.15;12.49;1237;27;3506.00;146
8817;23;23238675;8817;536;10054;10199;4.39;0.27;341.18;12.49;1237;27;3507.00;145
8822;23;23238694;8822;530;10054;10200;4.38;0.27;341.10;12.49;1232;27;3508.00;146
8824;23;23238712;8824;523;10054;10200;4.38;0.27;341.10;12.49;1230;27;3509.00;146
8827;23;23238729;8827;525;10058;10206;4.43;0.27;341.06;12.48;1231;27;3510.00;148
8829;23;23238745;8829;524;10058;10206;4.42;0.27;341.04;12.48;1229;27;3511.00;148
8831;23;23238759;8831;517;10059;10206;4.41;0.27;341.02;12.48;1228;27;3512.00;147
8832;23;23238775;8832;518;10059;10206;4.45;0.27;341.02;12.48;1227;27;3513.00;147
8836;23;23238791;8836;517;10063;10212;4.49;0.27;341.01;12.48;1227;27;3514.00;149
8837;23;23238807;8837;517;10063;10212;4.52;0.28;341.00;12.48;1226;27;3515.00;149
8840;23;23238822;8840;516;10063;10212;4.52;0.28;341.03;12.48;1223;27;3516.00;149
8845;23;23238839;8845;512;10063;10212;4.49;0.27;341.03;12.48;1218;27;3517.00;149
8848;23;23238855;8848;517;10066;10216;4.46;0.27;340.97;12.47;1218;27;3518.00;150
8852;23;23238872;8852;520;10068;10219;4.38;0.27;340.95;12.47;1216;27;3519.00;151
8854;23;23238887;8854;533;10068;10219;4.29;0.26;340.97;12.47;1214;27;3520.00;151
8855;23;23238903;8855;527;10069;10220;4.29;0.26;340.94;12.47;1214;27;3521.00;151
8863;23;23238919;8863;512;10069;10220;4.17;0.25;341.00;12.47;1206;27;3522.00;151
8865;23;23238938;8865;518;10069;10220;4.11;0.25;341.01;12.47;1204;27;3523.00;151
8868;23;23238954;8868;514;10069;10220;4.11;0.25;340.95;12.47;1201;27;3524.00;151
8872;23;23238970;8872;516;10069;10220;4.13;0.25;340.91;12.47;1197;27;3525.00;151
8873;23;23238987;8873;516;10071;10220;4.15;0.25;340.92;12.47;1198;27;3526.00;149
8873;23;23239004;8873;519;10071;10220;4.20;0.26;340.92;12.47;1198;27;3527.00;149
8874;23;23239031;8874;529;10106;10290;4.38;0.27;340.94;12.43;1232;27;3528.00;184
8876;23;23239053;8876;531;10107;10291;4.43;0.27;340.97;12.43;1231;27;3529.00;184
8879;23;23239070;8879;534;10112;10291;4.43;0.27;340.97;12.42;1233;27;3530.00;179
8880;23;23239094;8880;546;10114;10291;4.48;0.27;340.97;12.42;1234;27;3531.00;177
8884;23;23239114;8884;537;10116;10291;4.51;0.28;340.93;12.42;1232;27;3532.00;175
8885;23;23239139;8885;533;10117;10291;4.56;0.28;340.92;12.42;1232;27;3533.00;174
8888;23;23239164;8888;534;10120;10291;4.58;0.28;340.90;12.42;1232;27;3534.00;171
8888;23;23239182;8888;535;10122;10291;4.65;0.28;340.90;12.42;1234;27;3535.00;169
8890;23;23239204;8890;533;10124;10292;4.68;0.29;340.95;12.41;1234;27;3536.00;168
8892;23;23239222;8892;534;10126;10293;4.75;0.29;340.93;12.41;1234;27;3537.00;167
8894;23;23239241;8894;535;10130;10293;4.79;0.29;340.95;12.41;1236;27;3538.00;163
8895;23;23239258;8895;536;10134;10297;4.86;0.30;340.95;12.41;1239;27;3539.00;163
8897;23;23239280;8897;543;10136;10297;4.88;0.30;340.97;12.41;1239;27;3540.00;161
8900;23;23239298;8900;543;10136;10297;4.88;0.30;340.96;12.41;1236;27;3541.00;161
8903;23;23239315;8903;546;10137;10297;4.87;0.30;341.00;12.41;1234;27;3542.00;160
8909;23;23239332;8909;548;10142;10303;4.80;0.29;341.01;12.41;1233;27;3543.00;161
8913;23;23239350;8913;549;10142;10303;4.77;0.29;341.04;12.41;1229;27;3544.00;161
8913;23;23239367;8913;556;10143;10303;4.74;0.29;341.04;12.41;1230;27;3545.00;160
8918;23;23239384;8918;561;10146;10306;4.69;0.29;341.05;12.41;1228;27;3546.00;160
8919;23;23239401;8919;551;10147;10306;4.72;0.29;341.03;12.41;1228;27;3547.00;159
8922;23;23239417;8922;551;10147;10306;4.68;0.28;341.13;12.41;1225;27;3548.00;159
8924;23;23239436;8924;541;10149;10307;4.71;0.29;341.10;12.41;1225;27;3549.00;158
8927;23;23239452;8927;540;10151;10308;4.69;0.29;341.22;12.41;1224;27;3550.00;157
8929;23;23239471;8929;536;10153;10308;4.70;0.29;341.24;12.40;1224;27;3551.00;155
8935;23;23239490;8935;537;10162;10321;4.77;0.29;341.27;12.39;1227;27;3552.00;159
8937;23;23239509;8937;537;10164;10321;4.78;0.29;341.33;12.44;1227;27;3553.00;157
8938;23;23239528;8938;535;10165;10321;4.83;0.29;341.30;12.44;1227;27;3554.00;156
8940;23;23239548;8940;537;10167;10323;4.88;0.30;341.31;12.43;1227;27;3555.00;156
8943;23;23239571;8943;525;10167;10323;4.95;0.30;341.30;12.43;1224;27;3556.00;156
8945;23;23239589;8945;519;10171;10327;5.03;0.31;341.42;12.43;1226;27;3557.00;156
8947;23;23239608;8947;508;10171;10327;5.08;0.31;341.48;12.43;1224;27;3558.00;156
8948;23;23239625;8948;503;10174;10331;5.10;0.31;341.56;12.43;1226;27;3559.00;157
8949;23;23239644;8949;492;10174;10331;5.14;0.31;341.59;12.43;1225;27;3560.00;157
8951;23;23239663;8951;490;10174;10331;5.14;0.31;341.72;12.43;1223;27;3561.00;157
8956;23;23239680;8956;486;10174;10331;5.07;0.31;341.76;12.43;1218;27;3562.00;157
8957;23;23239711;8957;488;10174;10331;5.11;0.31;341.79;12.43;1217;27;3563.00;157
8959;23;23239732;8959;484;10184;10343;5.16;0.31;341.91;12.41;1225;27;3564.00;159
8959;23;23239753;8959;485;10184;10343;5.14;0.31;341.91;12.41;1225;27;3565.00;159
8963;23;23239772;8963;484;10185;10343;5.10;0.31;342.08;12.41;1222;27;3566.00;158
8965;23;23239792;8965;478;10185;10343;5.17;0.31;342.14;12.41;1220;27;3567.00;158
8966;23;23239814;8966;474;10185;10343;5.19;0.31;342.19;12.41;1219;27;3568.00;158
8971;23;23239835;8971;471;10185;10343;5.18;0.31;342.35;12.41;1214;27;3569.00;158
8974;23;23239858;8974;470;10185;10344;5.18;0.31;342.46;12.41;1211;27;3570.00;159
8975;23;23239880;8975;472;10185;10344;5.21;0.31;342.47;12.41;1210;27;3571.00;159
8976;23;23239899;8976;468;10190;10350;5.24;0.32;342.53;12.41;1214;27;3572.00;160
8977;23;23239916;8977;480;10191;10351;5.20;0.31;342.50;12.41;1214;27;3573.00;160
8979;23;23239934;8979;480;10191;10351;5.20;0.31;342.63;12.41;1212;27;3574.00;160
8981;23;23239951;8981;478;10191;10351;5.18;0.31;342.71;12.41;1210;27;3575.00;160
8982;23;23239967;8982;482;10194;10355;5.22;0.32;342.77;12.40;1212;27;3576.00;161
8984;23;23239984;8984;478;10194;10355;5.22;0.32;342.83;12.40;1210;27;3577.00;161
8984;23;23240001;8984;471;10194;10355;5.18;0.31;342.83;12.40;1210;27;3578.00;161
8987;23;23240018;8987;473;10195;10356;5.16;0.31;342.93;12.40;1208;27;3579.00;161
8990;23;23240035;8990;471;10198;10360;5.12;0.31;343.04;12.40;1208;27;3580.00;162
8991;23;23240052;8991;475;10198;10360;5.14;0.31;343.04;12.40;1207;27;3581.00;162
8993;23;23240069;8993;477;10200;10363;5.20;0.32;343.06;12.39;1207;27;3582.00;163
8996;23;23240087;8996;473;10200;10363;5.17;0.31;343.02;12.39;1204;27;3583.00;163
8997;23;23240105;8997;480;10202;10363;5.17;0.31;343.04;12.45;1205;27;3584.00;161
8998;23;23240121;8998;476;10202;10363;5.18;0.31;343.03;12.45;1204;27;3585.00;161
9001;23;23240140;9001;481;10207;10367;5.20;0.31;343.15;12.49;1206;27;3586.00;160
9005;23;23240157;9005;484;10207;10367;5.15;0.31;343.27;12.49;1202;27;3587.00;160
9008;23;23240174;9008;482;10207;10367;5.14;0.31;343.30;12.49;1199;27;3588.00;160
9008;23;23240191;9008;483;10207;10367;5.16;0.31;343.30;12.49;1199;27;3589.00;160
9010;23;23240207;9010;477;10207;10368;5.20;0.31;343.38;12.49;1197;27;3590.00;161
9012;23;23240224;9012;476;10208;10369;5.23;0.32;343.37;12.49;1196;27;3591.00;161
9013;23;23240241;9013;465;10208;10369;5.25;0.32;343.35;12.49;1195;27;3592.00;161
9013;23;23240258;9013;456;10209;10370;5.34;0.32;343.35;12.49;1196;27;3593.00;161
9014;23;23240275;9014;455;10209;10370;5.44;0.33;343.37;12.49;1195;27;3594.00;161
9017;23;23240291;9017;447;10209;10370;5.47;0.33;343.40;12.49;1192;27;3595.00;161
9018;23;23240308;9018;439;10209;10370;5.54;0.34;343.45;12.49;1191;27;3596.00;161
9021;23;23240324;9021;433;10209;10370;5.60;0.34;343.59;12.49;1188;27;3597.00;161
9025;23;23240342;9025;435;10209;10370;5.66;0.34;343.77;12.49;1184;27;3598.00;161
9027;23;23240359;9027;427;10209;10370;5.69;0.34;343.85;12.49;1182;27;3599.00;161
9030;23;23240379;9030;483;10332;10623;5.65;0.35;343.94;12.34;1302;27;3600.00;291
9033;23;23240435;9033;455;10332;10624;5.65;0.35;344.09;12.34;1299;27;3601.00;292
9034;23;23240458;9034;433;10340;10624;5.71;0.35;344.12;12.33;1306;27;3602.00;284
9039;23;23240481;9039;427;10342;10624;5.68;0.35;344.23;12.38;1303;27;3603.00;282
9042;24;23240502;9042;408;10348;10624;5.73;0.36;344.23;12.37;1306;28;3604.00;276
9043;24;23240548;9043;399;10353;10624;5.82;0.36;344.23;12.42;1310;28;3605.00;271
9046;24;23240574;9046;384;10359;10624;5.79;0.36;344.30;12.42;1313;28;3606.00;265
9048;24;23240599;9048;390;10364;10624;5.82;0.36;344.36;12.41;1316;28;3607.00;260
9050;24;23240619;9050;382;10373;10625;5.88;0.37;344.36;12.41;1323;28;3608.00;252
9053;24;23240650;9053;380;10376;10626;5.90;0.37;344.40;12.41;1323;28;3609.00;250
9057;24;23240683;9057;379;10383;10626;5.92;0.37;344.48;12.41;1326;28;3610.00;243
9058;24;23240705;9058;376;10384;10627;5.95;0.37;344.52;12.41;1326;28;3611.00;243
9062;24;23240728;9062;380;10391;10627;5.97;0.37;344.57;12.41;1329;28;3612.00;236
9062;24;23240751;9062;369;10391;10627;5.95;0.37;344.57;12.41;1329;28;3613.00;236
9069;24;23240782;9069;370;10394;10627;5.91;0.36;344.76;12.41;1325;28;3614.00;233
9073;25;23240805;9073;372;10398;10631;5.89;0.36;344.83;12.41;1325;29;3615.00;233
9076;25;23240848;9076;375;10399;10631;5.89;0.36;344.96;12.41;1323;29;3616.00;232
9079;25;23240871;9079;359;10401;10631;5.86;0.36;344.92;12.41;1322;29;3617.00;230
9082;25;23240892;9082;367;10404;10634;5.82;0.36;345.02;12.45;1322;29;3618.00;230
9085;25;23240914;9085;364;10405;10634;5.72;0.35;344.99;12.45;1320;29;3619.00;229
9088;25;23240940;9088;365;10405;10634;5.73;0.35;345.13;12.45;1317;29;3620.00;229
9089;25;23240960;9089;361;10408;10638;5.77;0.36;345.15;12.49;1319;29;3621.00;230
9091;25;23240982;9091;364;10411;10639;5.81;0.36;345.12;12.49;1320;29;3622.00;228
9093;25;23241004;9093;364;10411;10639;5.81;0.36;345.14;12.49;1318;29;3623.00;228
9097;25;23241026;9097;370;10415;10643;5.79;0.36;345.16;12.49;1318;29;3624.00;228
9099;25;23241054;9099;372;10418;10643;5.74;0.35;345.19;12.50;1319;29;3625.00;225
9102;25;23241077;9102;373;10422;10643;5.72;0.35;345.24;12.55;1320;29;3626.00;221
9108;25;23241100;9108;375;10423;10644;5.68;0.35;345.25;12.55;1315;29;3627.00;221
9108;25;23241121;9108;384;10427;10644;5.71;0.35;345.25;12.55;1319;29;3628.00;217
9111;25;23241142;9111;390;10432;10650;5.73;0.35;345.28;12.60;1321;29;3629.00;218
9115;25;23241167;9115;400;10435;10650;5.65;0.35;345.29;12.61;1320;29;3630.00;215
9117;25;23241186;9117;405;10438;10651;5.60;0.34;345.29;12.61;1321;29;3631.00;213
9121;25;23241206;9121;421;10441;10651;5.50;0.34;345.46;12.66;1320;29;3632.00;210
9122;25;23241223;9122;431;10445;10651;5.45;0.33;345.54;12.67;1323;29;3633.00;206
9123;25;23241240;9123;440;10447;10651;5.42;0.33;345.63;12.67;1324;29;3634.00;204
9126;25;23241257;9126;440;10450;10651;5.32;0.33;345.68;12.78;1324;29;3635.00;201
9127;25;23241275;9127;447;10461;10663;5.23;0.32;345.70;12.77;1334;29;3636.00;202
9130;25;23241295;9130;449;10463;10663;5.16;0.32;345.80;12.82;1333;29;3637.00;200
9131;25;23241313;9131;465;10465;10663;5.11;0.31;345.85;12.87;1334;29;3638.00;198
9136;25;23241330;9136;476;10467;10663;5.05;0.31;345.88;12.93;1331;29;3639.00;196
9140;25;23241348;9140;481;10468;10663;5.02;0.31;345.80;12.97;1328;29;3640.00;195
9141;25;23241366;9141;489;10470;10663;4.99;0.31;345.81;13.03;1329;29;3641.00;193
9145;25;23241382;9145;498;10476;10667;4.96;0.30;345.87;13.08;1331;29;3642.00;191
9146;25;23241400;9146;502;10476;10667;4.96;0.30;345.90;13.08;1330;29;3643.00;191
9150;26;23241417;9150;514;10484;10671;4.96;0.30;345.90;13.13;1334;30;3644.00;187
9152;26;23241458;9152;524;10488;10673;4.94;0.30;345.90;13.18;1336;30;3645.00;185
9154;26;23241479;9154;529;10489;10673;4.91;0.30;345.88;13.18;1335;30;3646.00;184
9154;26;23241497;9154;536;10490;10673;4.87;0.30;345.88;13.23;1336;30;3647.00;183
9157;26;23241516;9157;539;10500;10686;4.81;0.30;345.91;13.22;1343;30;3648.00;186
9161;26;23241536;9161;551;10500;10686;4.72;0.29;346.01;13.22;1339;30;3649.00;186
9162;26;23241555;9162;554;10501;10686;4.66;0.29;346.01;13.27;1339;30;3650.00;185
9165;26;23241573;9165;557;10502;10687;4.61;0.28;346.00;13.26;1337;30;3651.00;185
9168;26;23241591;9168;555;10503;10688;4.56;0.28;345.99;13.27;1335;30;3652.00;185
9174;26;23241610;9174;560;10504;10688;4.52;0.28;345.85;13.32;1330;30;3653.00;184
9177;26;23241627;9177;565;10506;10691;4.53;0.28;345.87;13.31;1329;30;3654.00;185
9178;26;23241646;9178;568;10508;10691;4.51;0.28;345.88;13.41;1330;30;3655.00;183
9179;26;23241660;9179;567;10513;10691;4.53;0.28;345.86;13.41;1334;30;3656.00;178
9180;26;23241677;9180;560;10513;10691;4.53;0.28;345.83;13.41;1333;30;3657.00;178
9182;26;23241692;9182;565;10518;10697;4.58;0.28;345.84;13.40;1336;30;3658.00;179
9185;26;23241709;9185;570;10518;10697;4.56;0.28;345.82;13.40;1333;30;3659.00;179
9186;26;23241727;9186;576;10518;10697;4.58;0.28;345.85;13.40;1332;30;3660.00;179
9187;26;23241743;9187;579;10518;10697;4.57;0.28;345.82;13.40;1331;30;3661.00;179
9192;26;23241758;9192;580;10521;10701;4.52;0.28;345.77;13.40;1329;30;3662.00;180
9196;26;23241775;9196;584;10529;10702;4.42;0.27;345.68;13.72;1333;30;3663.00;173
9198;26;23241795;9198;584;10529;10702;4.38;0.27;345.67;13.72;1331;30;3664.00;173
9202;26;23241812;9202;596;10530;10703;4.35;0.27;345.63;13.72;1328;30;3665.00;173
9205;26;23241831;9205;602;10530;10703;4.30;0.27;345.64;13.72;1325;30;3666.00;173
9209;26;23241848;9209;604;10531;10703;4.19;0.26;345.57;13.76;1322;30;3667.00;172
9212;26;23241864;9212;606;10532;10703;4.11;0.25;345.52;13.81;1320;30;3668.00;171
9217;26;23241880;9217;605;10532;10703;4.05;0.25;345.47;13.81;1315;30;3669.00;171
9218;26;23241896;9218;612;10532;10703;3.99;0.25;345.45;13.81;1314;30;3670.00;171
9221;26;23241911;9221;616;10532;10703;3.87;0.24;345.43;13.81;1311;30;3671.00;171
9225;26;23241925;9225;632;10574;10773;3.99;0.25;345.38;13.75;1349;30;3672.00;199
9227;26;23241962;9227;624;10576;10774;3.90;0.24;345.36;13.75;1349;30;3673.00;198
9228;26;23241984;9228;628;10580;10774;3.84;0.24;345.38;13.75;1352;30;3674.00;194
9232;26;23241999;9232;614;10583;10774;3.77;0.23;345.30;13.74;1351;30;3675.00;191
9235;26;23242018;9235;615;10586;10774;3.73;0.23;345.23;13.74;1351;30;3676.00;188
9237;26;23242034;9237;602;10588;10774;3.70;0.23;345.28;13.74;1351;30;3677.00;186
9239;26;23242049;9239;595;10590;10774;3.73;0.23;345.28;13.74;1351;30;3678.00;184
9244;26;23242065;9244;577;10592;10774;3.74;0.23;345.18;13.73;1348;30;3679.00;182
9246;26;23242080;9246;578;10593;10775;3.80;0.23;345.15;13.73;1347;30;3680.00;182
9250;26;23242096;9250;568;10595;10776;3.84;0.23;345.30;13.73;1345;30;3681.00;181
9251;26;23242114;9251;557;10596;10776;3.95;0.24;345.31;13.73;1345;30;3682.00;180
9253;26;23242130;9253;557;10599;10780;4.05;0.25;345.36;13.73;1346;30;3683.00;181
9255;26;23242147;9255;550;10599;10780;4.16;0.25;345.38;13.73;1344;30;3684.00;181
9257;26;23242169;9257;540;10599;10780;4.27;0.26;345.31;13.73;1342;30;3685.00;181
9261;26;23242186;9261;544;10599;10780;4.35;0.27;345.33;13.73;1338;30;3686.00;181
9262;26;23242202;9262;526;10603;10786;4.46;0.27;345.35;13.72;1341;30;3687.00;183
9263;26;23242219;9263;516;10603;10786;4.55;0.28;345.39;13.72;1340;30;3688.00;183
9266;26;23242237;9266;516;10603;10786;4.61;0.28;345.38;13.72;1337;30;3689.00;183
9268;26;23242255;9268;510;10607;10792;4.68;0.29;345.40;13.77;1339;30;3690.00;185
9272;27;23242280;9272;506;10607;10792;4.73;0.29;345.31;13.77;1335;31;3691.00;185
9276;27;23242307;9276;508;10610;10792;4.73;0.29;345.29;13.77;1334;31;3692.00;182
9279;27;23242322;9279;511;10610;10793;4.69;0.29;345.29;13.77;1331;31;3693.00;183
9284;27;23242348;9284;511;10611;10794;4.71;0.29;345.17;13.77;1327;31;3694.00;183
9287;27;23242366;9287;513;10612;10794;4.74;0.29;345.12;13.77;1325;31;3695.00;182
9290;27;23242382;9290;506;10622;10807;4.83;0.29;345.11;13.76;1332;31;3696.00;185
9291;27;23242401;9291;501;10623;10807;4.87;0.30;345.12;13.76;1332;31;3697.00;184
9295;27;23242425;9295;502;10625;10807;4.87;0.30;345.10;13.75;1330;31;3698.00;182
9300;27;23242442;9300;501;10625;10808;4.91;0.30;345.04;13.75;1325;31;3699.00;183
9302;27;23242462;9302;490;10625;10808;4.91;0.30;345.02;13.75;1323;31;3700.00;183
9305;27;23242485;9305;491;10631;10812;4.95;0.30;344.98;13.75;1326;31;3701.00;181
9310;27;23242502;9310;494;10631;10812;4.94;0.30;345.12;13.75;1321;31;3702.00;181
9314;27;23242520;9314;493;10635;10816;4.91;0.30;345.17;13.74;1321;31;3703.00;181
9319;27;23242538;9319;496;10635;10816;4.85;0.29;345.08;13.74;1316;31;3704.00;181
9324;27;23242555;9324;495;10635;10816;4.82;0.29;345.10;13.74;1311;31;3705.00;181
9326;27;23242572;9326;492;10635;10816;4.84;0.29;345.14;13.74;1309;31;3706.00;181
9329;27;23242589;9329;495;10635;10816;4.82;0.29;345.19;13.74;1306;31;3707.00;181
9333;27;23242607;9333;500;10645;10828;4.87;0.30;345.18;13.73;1312;31;3708.00;183
9337;27;23242624;9337;499;10645;10828;4.88;0.30;345.24;13.73;1308;31;3709.00;183
9341;27;23242644;9341;499;10646;10828;4.87;0.30;345.28;13.73;1305;31;3710.00;182
9344;27;23242660;9344;505;10646;10828;4.83;0.29;345.38;13.73;1302;31;3711.00;182
9345;27;23242678;9345;511;10646;10828;4.83;0.29;345.38;13.73;1301;31;3712.00;182
9349;27;23242694;9349;504;10646;10828;4.77;0.29;345.45;13.73;1297;31;3713.00;182
9351;27;23242712;9351;515;10646;10829;4.78;0.29;345.46;13.73;1295;31;3714.00;183
9356;27;23242729;9356;515;10646;10829;4.74;0.29;345.47;13.73;1290;31;3715.00;183
9358;27;23242746;9358;513;10651;10835;4.75;0.29;345.52;13.72;1293;31;3716.00;184
9361;27;23242763;9361;509;10652;10836;4.75;0.29;345.61;13.72;1291;31;3717.00;184
9365;27;23242779;9365;505;10652;10836;4.72;0.29;345.72;13.72;1287;31;3718.00;184
9370;27;23242796;9370;507;10652;10836;4.65;0.28;345.76;13.72;1282;31;3719.00;184
9373;27;23242814;9373;515;10656;10841;4.63;0.28;345.85;13.72;1283;31;3720.00;185
9379;27;23242831;9379;515;10656;10841;4.56;0.28;345.95;13.72;1277;31;3721.00;185
9380;27;23242849;9380;510;10656;10841;4.55;0.28;345.92;13.72;1276;31;3722.00;185
9383;27;23242866;9383;496;10658;10842;4.57;0.28;346.07;13.76;1275;31;3723.00;184
9385;27;23242883;9385;494;10661;10846;4.57;0.28;346.13;13.76;1276;31;3724.00;185
9388;27;23242900;9388;495;10661;10846;4.59;0.28;346.10;13.76;1273;31;3725.00;185
9390;27;23242917;9390;504;10663;10849;4.61;0.28;346.17;13.75;1273;31;3726.00;186
9394;27;23242936;9394;494;10663;10849;4.59;0.28;346.33;13.75;1269;31;3727.00;186
9397;27;23242952;9397;494;10664;10849;4.63;0.28;346.34;13.75;1267;31;3728.00;185
9399;27;23242969;9399;498;10664;10849;4.67;0.29;346.45;13.75;1265;31;3729.00;185
9400;27;23242986;9400;494;10668;10853;4.70;0.29;346.42;13.75;1268;31;3730.00;185
9401;27;23243004;9401;485;10668;10853;4.72;0.29;346.43;13.75;1267;32;3731.00;185
9404;27;23243032;9404;478;10668;10853;4.76;0.29;346.48;13.75;1264;32;3732.00;185
9406;27;23243050;9406;478;10668;10853;4.80;0.29;346.55;13.75;1262;32;3733.00;185
9407;27;23243067;9407;480;10668;10854;4.81;0.30;346.53;13.75;1261;32;3734.00;186
9411;27;23243084;9411;475;10670;10856;4.80;0.29;346.68;13.75;1259;32;3735.00;186
9417;27;23243102;9417;484;10670;10856;4.78;0.29;346.75;13.75;1253;32;3736.00;186
9420;27;23243122;9420;491;10671;10857;4.76;0.29;346.87;13.74;1251;32;3737.00;186
9423;27;23243141;9423;491;10671;10857;4.78;0.29;346.94;13.74;1248;32;3738.00;186
9428;27;23243157;9428;492;10672;10857;4.80;0.29;347.06;13.79;1244;32;3739.00;185
9428;27;23243179;9428;496;10672;10857;4.83;0.29;347.06;13.79;1244;32;3740.00;185
9432;27;23243197;9432;498;10672;10857;4.81;0.29;347.15;13.79;1240;32;3741.00;185
9434;27;23243222;9434;493;10672;10857;4.83;0.29;347.30;13.79;1238;32;3742.00;185
9436;27;23243243;9436;494;10672;10857;4.80;0.29;347.32;13.79;1236;32;3743.00;185
9441;27;23243260;9441;524;10750;10984;4.92;0.31;347.40;13.69;1309;32;3744.00;234
9443;27;23243291;9443;505;10751;10985;4.93;0.31;347.48;13.74;1308;32;3745.00;234
9444;27;23243311;9444;486;10756;10985;5.00;0.31;347.53;13.73;1312;32;3746.00;229
9446;27;23243328;9446;478;10759;10985;5.04;0.31;347.50;13.77;1313;32;3747.00;226
9449;27;23243348;9449;472;10763;10985;5.07;0.31;347.54;13.77;1314;32;3748.00;222
9451;27;23243368;9451;469;10764;10985;5.08;0.31;347.56;13.77;1313;32;3749.00;221
9455;27;23243388;9455;464;10769;10990;5.08;0.31;347.62;13.77;1314;32;3750.00;221
9457;27;23243408;9457;472;10771;10990;5.08;0.31;347.70;13.76;1314;32;3751.00;219
9459;27;23243430;9459;481;10773;10991;5.09;0.31;347.75;13.76;1314;32;3752.00;218
9464;27;23243450;9464;481;10779;10992;5.07;0.31;347.90;13.81;1315;32;3753.00;213
9465;27;23243469;9465;482;10781;10992;5.05;0.31;347.87;13.81;1316;32;3754.00;211
9467;27;23243487;9467;487;10784;10993;5.01;0.31;347.91;13.80;1317;32;3755.00;209
9468;27;23243508;9468;487;10788;10993;5.00;0.31;347.89;13.85;1320;32;3756.00;205
9471;27;23243527;9471;500;10790;10993;4.97;0.30;347.98;13.85;1319;32;3757.00;203
9471;27;23243546;9471;508;10791;10993;4.95;0.30;347.98;13.85;1320;32;3758.00;202
9473;27;23243566;9473;513;10798;10997;4.95;0.30;347.96;13.85;1325;32;3759.00;199
9474;27;23243585;9474;519;10799;10997;4.93;0.30;347.98;13.85;1325;32;3760.00;198
9475;27;23243602;9475;527;10799;10997;4.90;0.30;348.02;13.85;1324;32;3761.00;198
9476;27;23243630;9476;534;10801;11000;4.93;0.30;348.00;13.89;1325;32;3762.00;199
9476;27;23243648;9476;541;10801;11000;4.92;0.30;348.00;13.89;1325;32;3763.00;199
9476;27;23243668;9476;540;10802;11000;4.94;0.30;348.00;13.89;1326;32;3764.00;198
9479;27;23243687;9479;524;10806;11004;4.96;0.30;347.98;13.89;1327;32;3765.00;198
9481;27;23243705;9481;515;10807;11005;5.01;0.30;347.97;13.89;1326;32;3766.00;198
9481;27;23243728;9481;501;10808;11005;5.07;0.31;347.97;13.89;1327;32;3767.00;197
9482;27;23243748;9482;498;10811;11009;5.14;0.31;347.93;13.89;1329;32;3768.00;198
9484;27;23243768;9484;487;10812;11009;5.16;0.31;347.95;13.89;1328;32;3769.00;197
9484;27;23243793;9484;475;10813;11009;5.21;0.32;347.95;13.88;1329;32;3770.00;196
9487;27;23243820;9487;473;10814;11010;5.26;0.32;348.11;13.88;1327;32;3771.00;196
9489;27;23243848;9489;465;10814;11010;5.30;0.32;348.10;13.88;1325;32;3772.00;196
9490;27;23243870;9490;465;10819;11016;5.38;0.33;348.08;13.88;1329;32;3773.00;197
9493;27;23243898;9493;462;10819;11016;5.38;0.33;348.27;13.88;1326;32;3774.00;197
9495;27;23243920;9495;467;10819;11017;5.36;0.33;348.25;13.88;1324;32;3775.00;198
9497;27;23243940;9497;465;10819;11017;5.26;0.32;348.31;13.88;1322;32;3776.00;198
9499;27;23243958;9499;457;10819;11017;5.15;0.31;348.36;13.88;1320;32;3777.00;198
9500;27;23243976;9500;467;10819;11017;5.07;0.31;348.37;13.88;1319;32;3778.00;198
9501;27;23243993;9501;463;10820;11017;4.98;0.30;348.45;13.88;1319;32;3779.00;197
9507;27;23244015;9507;454;10845;11053;4.91;0.30;348.59;13.96;1338;32;3780.00;208
9508;27;23244048;9508;449;10847;11053;4.92;0.30;348.58;13.95;1339;32;3781.00;206
9515;27;23244066;9515;446;10849;11053;4.83;0.30;348.81;13.95;1334;32;3782.00;204
9518;27;23244086;9518;434;10851;11053;4.79;0.29;348.88;13.95;1333;32;3783.00;202
9520;27;23244106;9520;432;10851;11053;4.77;0.29;348.87;13.95;1331;32;3784.00;202
9524;27;23244126;9524;434;10852;11053;4.77;0.29;348.96;13.95;1328;32;3785.00;201
9527;27;23244150;9527;431;10856;11057;4.80;0.29;348.98;13.95;1329;32;3786.00;201
9528;27;23244173;9528;431;10856;11057;4.84;0.30;348.99;13.95;1328;32;3787.00;201
9530;27;23244194;9530;428;10860;11061;4.89;0.30;349.01;13.94;1330;32;3788.00;201
9531;27;23244219;9531;428;10861;11062;4.90;0.30;349.02;13.94;1330;32;3789.00;201
9536;27;23244241;9536;435;10861;11062;4.90;0.30;349.07;13.94;1325;32;3790.00;201
9537;27;23244262;9537;432;10861;11062;4.90;0.30;349.05;13.94;1324;32;3791.00;201
9542;27;23244284;9542;441;10871;11075;4.91;0.30;349.05;13.93;1329;32;3792.00;204
9545;27;23244307;9545;429;10872;11075;4.94;0.30;349.09;13.93;1327;32;3793.00;203
9545;27;23244328;9545;435;10872;11075;4.94;0.30;349.09;13.93;1327;32;3794.00;203
9548;27;23244348;9548;435;10873;11076;4.96;0.30;349.16;13.93;1325;32;3795.00;203
9553;27;23244369;9553;433;10873;11077;4.92;0.30;349.21;13.93;1320;32;3796.00;204
9555;27;23244389;9555;434;10873;11077;4.93;0.30;349.19;13.93;1318;32;3797.00;204
9556;27;23244408;9556;434;10877;11080;4.96;0.30;349.29;13.93;1321;32;3798.00;203
9560;27;23244430;9560;447;10878;11080;4.89;0.30;349.33;13.92;1318;32;3799.00;202
9561;27;23244451;9561;450;10878;11080;4.91;0.30;349.36;13.92;1317;32;3800.00;202
9565;27;23244476;9565;455;10878;11080;4.87;0.30;349.44;13.92;1313;32;3801.00;202
9570;27;23244497;9570;459;10883;11086;4.89;0.30;349.33;13.92;1313;32;3802.00;203
9570;27;23244518;9570;468;10883;11086;4.90;0.30;349.33;13.92;1313;32;3803.00;203
9571;27;23244538;9571;470;10883;11086;4.89;0.30;349.34;13.92;1312;32;3804.00;203
9573;27;23244558;9573;481;10884;11086;4.86;0.30;349.37;13.97;1311;32;3805.00;202
9573;27;23244577;9573;480;10887;11090;4.83;0.30;349.37;13.97;1314;32;3806.00;203
9574;27;23244598;9574;490;10888;11091;4.75;0.29;349.37;13.97;1314;32;3807.00;203
9577;27;23244619;9577;503;10888;11091;4.64;0.28;349.46;13.97;1311;32;3808.00;203
9581;27;23244640;9581;511;10889;11092;4.51;0.27;349.41;13.97;1308;32;3809.00;203
9581;27;23244665;9581;519;10889;11092;4.44;0.27;349.41;13.97;1308;32;3810.00;203
9589;27;23244686;9589;528;10891;11092;4.37;0.27;349.38;14.08;1302;32;3811.00;201
9591;27;23244707;9591;535;10891;11092;4.32;0.26;349.31;14.08;1300;32;3812.00;201
9592;27;23244732;9592;547;10893;11092;4.27;0.26;349.29;14.18;1301;32;3813.00;199
9592;27;23244753;9592;547;10893;11092;4.25;0.26;349.29;14.18;1301;32;3814.00;199
9592;27;23244776;9592;555;10895;11092;4.24;0.26;349.29;14.29;1303;32;3815.00;197
9594;27;23244796;9594;563;10931;11162;4.46;0.27;349.28;14.24;1337;32;3816.00;231
9594;27;23244825;9594;570;10933;11163;4.46;0.27;349.28;14.24;1339;32;3817.00;230
9599;27;23244851;9599;571;10942;11163;4.47;0.27;349.29;14.34;1343;32;3818.00;221
9601;27;23244871;9601;578;10948;11163;4.45;0.27;349.34;14.33;1347;32;3819.00;215
9605;27;23244889;9605;577;10951;11163;4.37;0.27;349.29;14.33;1346;32;3820.00;212
9605;27;23244907;9605;589;10955;11163;4.29;0.26;349.29;14.43;1350;32;3821.00;208
9606;27;23244925;9606;590;10957;11163;4.24;0.26;349.27;14.43;1351;32;3822.00;206
9606;27;23244943;9606;594;10961;11163;4.23;0.26;349.27;14.53;1355;32;3823.00;202
9607;27;23244960;9607;597;10963;11164;4.20;0.26;349.23;14.53;1356;32;3824.00;201
9610;27;23244979;9610;605;10969;11166;4.18;0.26;349.32;14.52;1359;32;3825.00;197
9610;27;23244999;9610;604;10972;11166;4.21;0.26;349.32;14.63;1362;32;3826.00;194
9614;27;23245021;9614;603;10975;11170;4.21;0.26;349.34;14.62;1361;32;3827.00;195
9616;27;23245044;9616;608;10976;11170;4.15;0.25;349.30;14.67;1360;32;3828.00;194
9617;27;23245065;9617;606;10977;11170;4.11;0.25;349.28;14.72;1360;32;3829.00;193
9618;27;23245089;9618;610;10978;11170;4.05;0.25;349.25;14.78;1360;32;3830.00;192
9618;27;23245110;9618;610;10984;11176;4.05;0.25;349.25;14.82;1366;32;3831.00;192
9620;27;23245131;9620;618;10984;11176;4.04;0.25;349.23;14.82;1364;32;3832.00;192
9620;27;23245156;9620;621;10986;11176;4.01;0.25;349.23;14.92;1366;32;3833.00;190
9622;27;23245175;9622;619;10988;11179;4.00;0.24;349.22;14.92;1366;32;3834.00;191
9624;27;23245193;9624;612;10988;11179;3.96;0.24;349.18;14.92;1364;32;3835.00;191
9626;27;23245212;9626;603;10989;11179;3.91;0.24;349.25;14.92;1363;32;3836.00;190
9627;27;23245230;9627;601;10989;11180;3.90;0.24;349.24;14.92;1362;32;3837.00;191
9629;27;23245248;9629;601;10990;11181;3.88;0.24;349.21;14.92;1361;32;3838.00;191
9631;27;23245266;9631;597;10990;11181;3.86;0.24;349.17;14.92;1359;32;3839.00;191
9635;27;23245286;9635;600;11007;11207;3.87;0.24;349.07;14.89;1372;32;3840.00;200
9639;27;23245306;9639;600;11008;11207;3.85;0.23;349.01;14.89;1369;32;3841.00;199
9642;27;23245332;9642;607;11011;11207;3.87;0.24;348.96;14.89;1369;32;3842.00;196
9646;27;23245348;9646;613;11013;11208;3.85;0.23;348.96;14.89;1367;32;3843.00;195
9648;27;23245366;9648;612;11013;11208;3.85;0.23;348.94;14.89;1365;32;3844.00;195
9650;27;23245381;9650;610;11017;11212;3.84;0.23;348.92;14.88;1367;32;3845.00;195
9651;27;23245402;9651;616;11019;11214;3.81;0.23;348.91;14.88;1368;32;3846.00;195
9654;27;23245419;9654;613;11022;11218;3.76;0.23;348.90;14.88;1368;32;3847.00;196
9657;27;23245437;9657;617;11022;11218;3.70;0.23;348.84;14.88;1365;32;3848.00;196
9659;27;23245452;9659;614;11022;11218;3.64;0.22;348.86;14.88;1363;32;3849.00;196
9661;27;23245478;9661;601;11022;11218;3.62;0.22;348.84;14.88;1361;32;3850.00;196
9663;27;23245496;9663;597;11022;11218;3.63;0.22;348.80;14.88;1359;32;3851.00;196
9665;27;23245512;9665;595;11033;11230;3.68;0.23;348.82;14.86;1368;32;3852.00;197
9668;27;23245532;9668;582;11033;11230;3.73;0.23;348.81;14.86;1365;32;3853.00;197
9668;27;23245549;9668;583;11033;11230;3.81;0.23;348.81;14.86;1365;32;3854.00;197
9669;27;23245565;9669;583;11033;11230;3.86;0.24;348.83;14.86;1364;32;3855.00;197
9672;27;23245581;9672;581;11033;11230;3.86;0.24;348.87;14.86;1361;32;3856.00;197
9676;27;23245598;9676;562;11033;11230;3.89;0.24;348.81;14.86;1357;32;3857.00;197
9679;27;23245614;9679;547;11033;11231;3.94;0.24;348.79;14.86;1354;32;3858.00;198
9682;27;23245630;9682;537;11033;11231;3.99;0.24;348.84;14.86;1351;32;3859.00;198
9684;27;23245654;9684;528;11038;11237;4.12;0.25;348.82;14.85;1354;32;3860.00;199
9685;27;23245676;9685;517;11039;11238;4.17;0.26;348.81;14.85;1354;32;3861.00;199
9693;27;23245695;9693;501;11039;11238;4.18;0.26;348.92;14.85;1346;32;3862.00;199
9695;27;23245715;9695;491;11039;11238;4.26;0.26;348.89;14.85;1344;32;3863.00;199
9699;27;23245734;9699;488;11041;11242;4.31;0.26;348.87;14.85;1342;32;3864.00;201
9704;27;23245750;9704;485;11042;11242;4.37;0.27;349.00;14.85;1338;32;3865.00;200
9705;27;23245768;9705;478;11042;11242;4.44;0.27;348.99;14.85;1337;32;3866.00;200
9709;27;23245785;9709;483;11043;11243;4.45;0.27;349.04;14.85;1334;32;3867.00;200
9713;27;23245810;9713;476;11046;11247;4.48;0.27;349.05;14.84;1333;32;3868.00;201
9716;27;23245827;9716;469;11046;11247;4.50;0.27;349.15;14.84;1330;32;3869.00;201
9721;27;23245848;9721;471;11051;11253;4.54;0.28;349.18;14.84;1330;32;3870.00;202
9725;27;23245867;9725;462;11052;11253;4.61;0.28;349.24;14.89;1327;32;3871.00;201
9732;27;23245885;9732;464;11053;11253;4.59;0.28;349.25;14.89;1321;32;3872.00;200
9735;27;23245903;9735;466;11053;11253;4.58;0.28;349.37;14.89;1318;32;3873.00;200
9737;27;23245923;9737;458;11057;11257;4.65;0.28;349.37;14.89;1320;32;3874.00;200
9740;27;23245942;9740;451;11057;11257;4.63;0.28;349.39;14.89;1317;32;3875.00;200
9743;27;23245987;9743;454;11057;11257;4.60;0.28;349.40;14.89;1314;32;3876.00;200
9745;27;23246009;9745;449;11057;11257;4.62;0.28;349.46;14.89;1312;32;3877.00;200
9747;27;23246031;9747;446;11057;11258;4.66;0.28;349.55;14.89;1310;32;3878.00;201
9750;27;23246051;9750;442;11058;11259;4.68;0.28;349.59;14.89;1308;32;3879.00;201
9753;27;23246073;9753;435;11058;11259;4.67;0.28;349.63;14.89;1305;32;3880.00;201
9757;27;23246093;9757;437;11059;11260;4.70;0.28;349.68;14.88;1302;32;3881.00;201
9761;27;23246117;9761;427;11059;11260;4.68;0.28;349.62;14.88;1298;32;3882.00;201
9764;27;23246138;9764;422;11059;11260;4.69;0.28;349.72;14.88;1295;32;3883.00;201
9764;27;23246159;9764;426;11060;11260;4.71;0.29;349.72;14.94;1296;32;3884.00;200
9769;27;23246180;9769;427;11060;11260;4.71;0.29;349.87;14.94;1291;32;3885.00;200
9772;27;23246201;9772;436;11060;11260;4.75;0.29;349.84;14.94;1288;32;3886.00;200
9774;27;23246222;9774;437;11060;11260;4.81;0.29;349.86;14.94;1286;32;3887.00;200
9778;27;23246243;9778;451;11132;11387;5.06;0.31;349.84;14.84;1354;32;3888.00;255
9780;27;23246278;9780;447;11137;11388;5.12;0.32;349.85;14.84;1357;32;3889.00;251
9782;27;23246300;9782;446;11143;11388;5.15;0.32;349.87;14.89;1361;32;3890.00;245
9784;27;23246322;9784;448;11144;11388;5.15;0.32;349.89;14.89;1360;32;3891.00;244
9786;27;23246348;9786;462;11148;11388;5.10;0.31;349.94;14.89;1362;32;3892.00;240
9787;27;23246372;9787;459;11149;11388;5.15;0.32;349.98;14.88;1362;32;3893.00;239
9790;27;23246396;9790;466;11150;11388;5.17;0.32;350.06;14.88;1360;32;3894.00;238
9792;27;23246419;9792;474;11153;11388;5.17;0.32;350.12;14.88;1361;32;3895.00;235
9794;27;23246445;9794;479;11154;11389;5.15;0.32;350.25;14.88;1360;32;3896.00;235
9798;27;23246485;9798;478;11160;11390;5.07;0.31;350.36;14.88;1362;32;3897.00;230
9801;27;23246509;9801;472;11161;11390;5.02;0.31;350.46;14.88;1360;32;3898.00;229
9805;27;23246532;9805;475;11164;11391;4.96;0.30;350.52;14.88;1359;32;3899.00;227
9806;27;23246555;9806;477;11170;11406;4.92;0.30;350.58;14.87;1364;32;3900.00;236
9811;27;23246581;9811;479;11172;11406;4.90;0.30;350.66;14.87;1361;32;3901.00;234
9812;27;23246601;9812;483;11173;11406;4.90;0.30;350.71;14.87;1361;32;3902.00;233
9815;27;23246620;9815;489;11177;11410;4.86;0.30;350.91;14.87;1362;32;3903.00;233
9819;27;23246641;9819;493;11179;11410;4.87;0.30;351.11;14.87;1360;32;3904.00;231
9823;27;23246669;9823;502;11181;11410;4.83;0.30;351.24;14.87;1358;32;3905.00;229
9826;27;23246688;9826;497;11185;11413;4.83;0.29;351.21;14.87;1359;32;3906.00;228
9828;27;23246708;9828;493;11187;11413;4.87;0.30;351.30;14.86;1359;32;3907.00;226
9830;27;23246727;9830;490;11189;11413;4.91;0.30;351.35;14.86;1359;32;3908.00;224
9835;27;23246759;9835;498;11192;11417;4.90;0.30;351.49;14.86;1357;32;3909.00;225
9838;27;23246783;9838;499;11195;11418;4.91;0.30;351.56;14.86;1357;32;3910.00;223
9841;27;23246808;9841;501;11197;11418;4.93;0.30;351.72;14.86;1356;32;3911.00;221
9843;27;23246831;9843;498;11201;11422;4.96;0.30;351.81;14.86;1358;32;3912.00;221
9844;27;23246851;9844;506;11203;11422;4.98;0.30;351.82;14.85;1359;32;3913.00;219
9844;27;23246871;9844;508;11203;11422;5.04;0.31;351.82;14.85;1359;32;3914.00;219
9847;27;23246891;9847;512;11205;11424;5.05;0.31;351.97;14.85;1358;32;3915.00;219
9850;27;23246912;9850;509;11205;11424;5.08;0.31;351.96;14.85;1355;32;3916.00;219
9854;27;23246933;9854;517;11210;11430;5.04;0.31;351.97;14.85;1356;32;3917.00;220
9855;27;23246954;9855;506;11211;11430;5.04;0.31;351.99;14.85;1356;32;3918.00;219
9857;27;23246974;9857;510;11211;11431;5.05;0.31;352.06;14.85;1354;32;3919.00;220
9860;27;23246993;9860;501;11211;11431;5.08;0.31;352.18;14.85;1351;32;3920.00;220
9865;27;23247017;9865;501;11211;11431;5.09;0.31;352.24;14.85;1346;32;3921.00;220
9867;27;23247040;9867;497;11211;11431;5.10;0.31;352.29;14.85;1344;32;3922.00;220
9869;27;23247059;9869;500;11212;11431;5.09;0.31;352.41;14.85;1343;32;3923.00;219
9871;27;23247084;9871;494;11222;11443;5.09;0.31;352.39;14.84;1351;32;3924.00;221
9876;27;23247115;9876;498;11224;11443;5.03;0.30;352.39;14.84;1348;32;3925.00;219
9879;27;23247135;9879;492;11225;11443;5.00;0.30;352.40;14.84;1346;32;3926.00;218
9880;27;23247154;9880;497;11226;11443;4.94;0.30;352.52;14.90;1346;32;3927.00;217
9881;27;23247174;9881;499;11226;11443;4.94;0.30;352.59;14.90;1345;32;3928.00;217
9884;27;23247193;9884;499;11226;11443;4.90;0.30;352.55;14.90;1342;32;3929.00;217
9885;27;23247214;9885;505;11231;11447;4.85;0.29;352.60;14.89;1346;32;3930.00;216
9887;28;23247235;9887;507;11231;11447;4.82;0.29;352.70;14.89;1344;33;3931.00;216
9890;28;23247261;9890;513;11235;11451;4.79;0.29;352.78;14.89;1345;33;3932.00;216
9894;28;23247281;9894;516;11236;11452;4.72;0.29;352.97;14.89;1342;33;3933.00;216
9896;28;23247300;9896;521;11236;11452;4.73;0.29;352.97;14.89;1340;33;3934.00;216
9901;28;23247319;9901;529;11236;11452;4.70;0.28;353.10;14.89;1335;33;3935.00;216
9903;28;23247340;9903;533;11247;11465;4.71;0.28;353.11;14.87;1344;33;3936.00;218
9905;28;23247359;9905;527;11247;11465;4.68;0.28;353.17;14.87;1342;33;3937.00;218
9907;28;23247377;9907;531;11247;11465;4.67;0.28;353.20;14.87;1340;33;3938.00;218
9908;28;23247401;9908;533;11248;11466;4.67;0.28;353.24;14.87;1340;33;3939.00;218
9910;28;23247419;9910;525;11248;11467;4.66;0.28;353.35;14.87;1338;33;3940.00;219
9911;28;23247439;9911;525;11248;11467;4.61;0.28;353.38;14.87;1337;33;3941.00;219
9913;28;23247463;9913;527;11250;11470;4.62;0.28;353.46;14.87;1337;33;3942.00;220
9915;28;23247481;9915;524;11251;11470;4.61;0.28;353.54;14.93;1336;33;3943.00;219
9917;28;23247499;9917;528;11252;11470;4.63;0.28;353.62;14.93;1335;33;3944.00;218
9920;28;23247517;9920;538;11252;11470;4.66;0.28;353.63;14.93;1332;33;3945.00;218
9921;28;23247535;9921;539;11257;11476;4.71;0.29;353.63;14.92;1336;33;3946.00;219
9922;28;23247554;9922;544;11257;11476;4.71;0.29;353.65;14.92;1335;33;3947.00;219
9925;28;23247572;9925;547;11257;11476;4.71;0.29;353.70;14.92;1332;33;3948.00;219
9927;28;23247589;9927;536;11257;11476;4.71;0.29;353.69;14.92;1330;33;3949.00;219
9930;28;23247607;9930;534;11260;11480;4.69;0.29;353.75;14.92;1330;33;3950.00;220
9931;28;23247625;9931;535;11261;11481;4.72;0.29;353.74;14.92;1330;33;3951.00;220
9933;28;23247643;9933;535;11262;11481;4.73;0.29;353.75;14.98;1329;33;3952.00;219
9934;28;23247667;9934;527;11263;11482;4.71;0.29;353.80;14.98;1329;33;3953.00;219
9935;28;23247684;9935;533;11263;11482;4.68;0.29;353.81;14.98;1328;33;3954.00;219
9941;28;23247701;9941;517;11265;11482;4.61;0.28;353.97;15.10;1324;33;3955.00;217
9944;28;23247721;9944;519;11265;11482;4.56;0.28;354.00;15.10;1321;33;3956.00;217
9948;28;23247740;9948;518;11265;11482;4.50;0.28;353.97;15.10;1317;33;3957.00;217
9952;28;23247757;9952;519;11266;11482;4.47;0.27;353.93;15.15;1314;33;3958.00;216
9954;28;23247775;9954;524;11266;11482;4.50;0.28;354.01;15.15;1312;33;3959.00;216
9957;28;23247796;9957;536;11324;11607;4.69;0.29;353.98;15.07;1367;33;3960.00;283
9962;28;23247824;9962;524;11324;11608;4.67;0.29;353.95;15.07;1362;33;3961.00;284
9962;28;23247843;9962;526;11334;11608;4.77;0.30;353.95;15.06;1372;33;3962.00;274
9963;28;23247860;9963;525;11337;11608;4.81;0.30;353.93;15.06;1374;33;3963.00;271
9966;28;23247878;9966;528;11342;11608;4.80;0.30;353.89;15.05;1376;33;3964.00;266
9969;28;23247895;9969;533;11343;11608;4.79;0.30;353.83;15.05;1374;33;3965.00;265
9971;28;23247913;9971;535;11348;11608;4.76;0.29;353.81;15.05;1377;33;3966.00;260
9975;28;23247930;9975;542;11352;11608;4.71;0.29;353.79;15.05;1377;33;3967.00;256
9976;28;23247947;9976;544;11357;11609;4.67;0.29;353.82;15.04;1381;33;3968.00;252
9980;28;23247965;9980;553;11359;11610;4.60;0.28;353.74;15.04;1379;33;3969.00;251
9982;28;23247982;9982;560;11362;11610;4.55;0.28;353.69;15.04;1380;33;3970.00;248
9984;28;23247999;9984;571;11366;11614;4.56;0.28;353.74;15.04;1382;33;3971.00;248
9985;28;23248018;9985;573;11367;11614;4.55;0.28;353.77;15.04;1382;33;3972.00;247
9990;28;23248040;9990;578;11369;11614;4.46;0.27;353.78;15.04;1379;33;3973.00;245
9990;28;23248059;9990;581;11370;11614;4.44;0.27;353.78;15.04;1380;33;3974.00;244
9992;28;23248076;9992;588;11374;11620;4.45;0.27;353.75;15.03;1382;33;3975.00;246
9993;28;23248096;9993;585;11376;11620;4.40;0.27;353.77;15.03;1383;33;3976.00;244
9994;28;23248116;9994;593;11377;11620;4.33;0.27;353.81;15.03;1383;33;3977.00;243
9994;28;23248135;9994;602;11381;11623;4.29;0.26;353.81;15.03;1387;33;3978.00;242
9995;28;23248154;9995;606;11381;11623;4.21;0.26;353.78;15.03;1386;33;3979.00;242
9997;28;23248173;9997;615;11385;11623;4.15;0.25;353.77;15.09;1388;33;3980.00;238
9999;28;23248192;9999;624;11385;11624;4.11;0.25;353.77;15.09;1386;33;3981.00;239
10002;28;23248209;10002;637;11386;11625;4.08;0.25;353.84;15.09;1384;33;3982.00;239
10004;28;23248228;10004;649;11387;11625;4.02;0.25;353.82;15.15;1383;33;3983.00;238
10006;28;23248247;10006;652;11397;11638;4.01;0.25;353.78;15.13;1391;33;3984.00;241
10008;28;23248266;10008;654;11399;11638;4.00;0.25;353.79;15.25;1391;33;3985.00;239
10010;28;23248283;10010;655;11400;11638;3.98;0.24;353.76;15.25;1390;33;3986.00;238
10013;28;23248308;10013;663;11401;11639;3.98;0.24;353.76;15.25;1388;33;3987.00;238
10017;28;23248336;10017;668;11401;11639;3.93;0.24;353.70;15.25;1384;33;3988.00;238
10019;28;23248355;10019;661;11405;11643;3.91;0.24;353.68;15.24;1386;33;3989.00;238
10019;28;23248376;10019;669;11405;11643;3.87;0.24;353.68;15.24;1386;33;3990.00;238
10020;28;23248396;10020;677;11409;11647;3.80;0.23;353.67;15.30;1389;33;3991.00;238
10021;28;23248415;10021;668;11409;11647;3.77;0.23;353.70;15.30;1388;33;3992.00;238
10022;28;23248434;10022;664;11410;11647;3.77;0.23;353.71;15.36;1388;33;3993.00;237
10023;28;23248453;10023;667;11410;11647;3.77;0.23;353.67;15.36;1387;33;3994.00;237
10025;28;23248470;10025;651;11411;11647;3.77;0.23;353.63;15.42;1386;33;3995.00;236
10025;28;23248488;10025;648;11421;11659;3.84;0.24;353.63;15.40;1396;33;3996.00;238
10025;28;23248506;10025;639;11421;11659;3.83;0.24;353.63;15.40;1396;33;3997.00;238
10026;28;23248522;10026;644;11422;11659;3.84;0.24;353.64;15.40;1396;33;3998.00;237
10027;28;23248544;10027;639;11422;11659;3.84;0.24;353.64;15.40;1395;33;3999.00;237
10029;28;23248564;10029;644;11422;11659;3.83;0.23;353.60;15.40;1393;33;4000.00;237
10030;28;23248587;10030;635;11422;11659;3.81;0.23;353.62;15.40;1392;33;4001.00;237
10033;28;23248606;10033;637;11422;11660;3.78;0.23;353.60;15.40;1389;33;4002.00;238
10034;28;23248624;10034;636;11422;11660;3.75;0.23;353.58;15.40;1388;33;4003.00;238
10035;28;23248643;10035;633;11427;11666;3.80;0.23;353.64;15.40;1392;33;4004.00;239
10036;28;23248663;10036;633;11429;11668;3.84;0.24;353.66;15.39;1393;33;4005.00;239
10038;28;23248681;10038;629;11429;11668;3.81;0.23;353.66;15.39;1391;33;4006.00;239
10041;28;23248708;10041;627;11429;11668;3.82;0.23;353.63;15.39;1388;33;4007.00;239
10042;28;23248727;10042;628;11432;11672;3.86;0.24;353.60;15.39;1390;33;4008.00;240
10043;28;23248746;10043;627;11432;11672;3.86;0.24;353.58;15.39;1389;33;4009.00;240
10045;28;23248766;10045;625;11432;11672;3.87;0.24;353.58;15.39;1387;33;4010.00;240
10047;28;23248786;10047;620;11433;11673;3.89;0.24;353.57;15.39;1386;33;4011.00;240
10048;28;23248807;10048;623;11436;11677;3.96;0.24;353.56;15.38;1388;33;4012.00;241
10051;28;23248827;10051;621;11436;11677;3.99;0.24;353.61;15.38;1385;33;4013.00;241
10053;28;23248849;10053;622;11438;11680;4.02;0.24;353.60;15.38;1385;33;4014.00;242
10058;28;23248870;10058;626;11438;11680;3.99;0.24;353.51;15.38;1380;33;4015.00;242
10059;28;23248891;10059;626;11439;11680;3.99;0.24;353.51;15.38;1380;33;4016.00;241
10061;28;23248916;10061;626;11439;11680;3.94;0.24;353.64;15.38;1378;33;4017.00;241
10062;28;23248936;10062;629;11443;11684;3.99;0.24;353.63;15.38;1381;33;4018.00;241
10063;28;23248955;10063;631;11443;11684;4.01;0.24;353.62;15.38;1380;33;4019.00;241
10064;28;23248977;10064;626;11443;11684;4.03;0.25;353.71;15.38;1379;33;4020.00;241
10067;28;23248997;10067;622;11443;11684;4.01;0.24;353.80;15.38;1376;33;4021.00;241
10070;28;23249020;10070;624;11443;11685;4.02;0.25;353.85;15.38;1373;33;4022.00;242
10075;28;23249040;10075;620;11444;11686;3.97;0.24;353.94;15.37;1369;33;4023.00;242
10079;28;23249061;10079;616;11444;11686;3.96;0.24;354.00;15.37;1365;33;4024.00;242
10082;28;23249082;10082;611;11445;11687;3.97;0.24;353.97;15.37;1363;33;4025.00;242
10083;28;23249102;10083;600;11445;11687;4.01;0.25;353.99;15.37;1362;33;4026.00;242
10089;28;23249121;10089;592;11445;11687;4.01;0.25;354.15;15.37;1356;33;4027.00;242
10091;28;23249143;10091;582;11445;11687;4.05;0.25;354.18;15.37;1354;33;4028.00;242
10097;28;23249165;10097;580;11445;11687;4.08;0.25;354.21;15.37;1348;33;4029.00;242
10099;28;23249186;10099;577;11445;11687;4.14;0.25;354.16;15.37;1346;33;4030.00;242
10104;28;23249205;10104;568;11445;11687;4.18;0.26;354.22;15.37;1341;33;4031.00;242
10108;28;23249224;10108;573;11504;11814;4.50;0.28;354.29;15.29;1396;33;4032.00;310
10110;28;23249259;10110;556;11510;11815;4.54;0.28;354.39;15.29;1400;33;4033.00;305
10112;28;23249282;10112;541;11519;11815;4.60;0.29;354.40;15.28;1407;33;4034.00;296
10116;28;23249302;10116;534;11523;11815;4.60;0.29;354.47;15.27;1407;33;4035.00;292
10117;28;23249323;10117;535;11528;11815;4.63;0.29;354.47;15.27;1411;33;4036.00;287
10120;28;23249349;10120;527;11529;11815;4.64;0.29;354.47;15.27;1409;33;4037.00;286
10122;28;23249371;10122;525;11533;11815;4.66;0.29;354.48;15.26;1411;33;4038.00;282
10126;28;23249393;10126;534;11535;11815;4.65;0.29;354.48;15.26;1409;33;4039.00;280
10129;28;23249418;10129;539;11536;11816;4.65;0.29;354.49;15.26;1407;33;4040.00;280
10134;28;23249439;10134;535;11538;11817;4.65;0.29;354.60;15.26;1404;33;4041.00;279
10138;28;23249462;10138;538;11539;11817;4.67;0.29;354.63;15.26;1401;33;4042.00;278
10144;28;23249487;10144;540;11542;11818;4.67;0.29;354.72;15.26;1398;33;4043.00;276
10148;28;23249508;10148;539;11543;11818;4.67;0.29;354.75;15.26;1395;33;4044.00;275
10152;28;23249530;10152;535;11544;11818;4.66;0.29;354.87;15.26;1392;33;4045.00;274
10155;28;23249549;10155;530;11545;11818;4.67;0.29;354.92;15.26;1390;33;4046.00;273
10160;28;23249570;10160;532;11549;11822;4.67;0.29;355.03;15.26;1389;33;4047.00;273
10163;28;23249588;10163;528;11551;11822;4.66;0.29;355.01;15.26;1388;33;4048.00;271
10167;28;23249607;10167;524;11552;11822;4.64;0.28;355.14;15.26;1385;33;4049.00;270
10169;28;23249628;10169;524;11556;11828;4.65;0.28;355.14;15.25;1387;33;4050.00;272
10174;28;23249648;10174;520;11558;11828;4.60;0.28;355.21;15.25;1384;33;4051.00;270
10179;28;23249675;10179;512;11560;11828;4.57;0.28;355.27;15.25;1381;33;4052.00;268
10181;28;23249695;10181;513;11565;11832;4.59;0.28;355.26;15.25;1384;33;4053.00;267
10184;28;23249714;10184;516;11565;11833;4.60;0.28;355.29;15.25;1381;33;4054.00;268
10186;28;23249734;10186;515;11567;11833;4.62;0.28;355.40;15.25;1381;33;4055.00;266
10192;28;23249752;10192;512;11570;11837;4.64;0.28;355.44;15.25;1378;33;4056.00;267
10195;28;23249772;10195;510;11573;11837;4.66;0.29;355.57;15.25;1378;33;4057.00;264
10199;28;23249789;10199;506;11576;11837;4.64;0.28;355.64;15.25;1377;33;4058.00;261
10200;28;23249808;10200;508;11577;11838;4.66;0.28;355.63;15.25;1377;33;4059.00;261
10205;28;23249825;10205;515;11578;11838;4.62;0.28;355.86;15.25;1373;33;4060.00;260
10206;28;23249846;10206;521;11585;11844;4.64;0.28;355.87;15.24;1379;33;4061.00;259
10209;28;23249872;10209;521;11586;11844;4.67;0.29;355.87;15.24;1377;33;4062.00;258
10215;28;23249898;10215;522;11586;11845;4.62;0.28;355.99;15.24;1371;33;4063.00;259
10220;28;23249922;10220;517;11586;11845;4.60;0.28;356.08;15.24;1366;33;4064.00;259
10224;28;23249943;10224;525;11586;11845;4.57;0.28;356.18;15.24;1362;33;4065.00;259
10229;28;23249966;10229;516;11586;11845;4.50;0.27;356.34;15.24;1357;33;4066.00;259
10231;28;23249984;10231;517;11587;11845;4.48;0.27;356.37;15.24;1356;33;4067.00;258
10236;28;23250004;10236;521;11593;11857;4.48;0.27;356.47;15.23;1357;33;4068.00;264
10239;28;23250025;10239;523;11596;11857;4.51;0.27;356.57;15.23;1357;33;4069.00;261
10243;28;23250044;10243;526;11597;11857;4.48;0.27;356.61;15.23;1354;33;4070.00;260
10246;28;23250065;10246;523;11597;11857;4.43;0.27;356.72;15.23;1351;33;4071.00;260
10249;28;23250082;10249;517;11597;11857;4.40;0.27;356.73;15.23;1348;33;4072.00;260
10253;28;23250101;10253;516;11598;11857;4.39;0.27;356.82;15.23;1345;33;4073.00;259
10254;28;23250118;10254;516;11601;11861;4.38;0.27;356.93;15.23;1347;33;4074.00;260
10258;28;23250136;10258;515;11602;11861;4.32;0.26;357.05;15.23;1344;33;4075.00;259
10262;28;23250152;10262;517;11606;11865;4.35;0.26;357.05;15.22;1344;33;4076.00;259
10264;28;23250171;10264;528;11607;11866;4.37;0.26;357.13;15.22;1343;33;4077.00;259
10266;28;23250189;10266;529;11607;11866;4.38;0.26;357.22;15.22;1341;33;4078.00;259
10268;28;23250216;10268;535;11608;11866;4.37;0.26;357.27;15.29;1340;33;4079.00;258
10270;28;23250236;10270;544;11629;11895;4.39;0.27;357.48;15.26;1359;33;4080.00;266
10272;28;23250257;10272;531;11630;11895;4.43;0.27;357.58;15.26;1358;34;4081.00;265
10274;28;23250295;10274;519;11632;11895;4.47;0.27;357.62;15.26;1358;34;4082.00;263
10277;28;23250318;10277;512;11633;11896;4.54;0.28;357.73;15.25;1356;34;4083.00;263
10278;28;23250339;10278;503;11633;11897;4.57;0.28;357.73;15.25;1355;34;4084.00;264
10282;28;23250366;10282;505;11633;11897;4.57;0.28;357.86;15.25;1351;34;4085.00;264
10283;28;23250387;10283;503;11635;11900;4.62;0.28;357.90;15.25;1352;34;4086.00;265
10286;28;23250411;10286;507;11635;11900;4.59;0.28;357.96;15.25;1349;34;4087.00;265
10289;28;23250433;10289;507;11636;11900;4.58;0.28;357.91;15.25;1347;34;4088.00;264
10294;28;23250456;10294;512;11636;11900;4.50;0.27;358.03;15.25;1342;34;4089.00;264
10295;28;23250480;10295;519;11641;11906;4.50;0.27;358.01;15.24;1346;34;4090.00;265
10300;28;23250513;10300;529;11641;11906;4.44;0.27;358.10;15.24;1341;34;4091.00;265
10301;28;23250536;10301;528;11641;11906;4.39;0.27;358.19;15.24;1340;34;4092.00;265
10307;28;23250557;10307;533;11641;11906;4.33;0.26;358.32;15.24;1334;34;4093.00;265
10309;28;23250578;10309;530;11644;11910;4.35;0.27;358.51;15.24;1335;34;4094.00;266
10312;28;23250599;10312;533;11647;11912;4.40;0.27;358.58;15.30;1335;34;4095.00;265
10314;28;23250620;10314;532;11647;11912;4.44;0.27;358.69;15.30;1333;34;4096.00;265
10317;28;23250642;10317;536;11650;11913;4.46;0.27;358.76;15.36;1333;34;4097.00;263
10318;28;23250666;10318;534;11650;11913;4.49;0.27;358.76;15.36;1332;34;4098.00;263
10320;28;23250687;10320;545;11650;11913;4.52;0.28;358.85;15.36;1330;34;4099.00;263
10324;28;23250709;10324;542;11650;11913;4.49;0.27;358.98;15.36;1326;34;4100.00;263
10326;28;23250739;10326;541;11651;11913;4.51;0.27;359.03;15.42;1325;34;4101.00;262
10328;28;23250759;10328;541;11651;11913;4.51;0.27;359.17;15.42;1323;34;4102.00;262
10330;28;23250800;10330;547;11651;11913;4.49;0.27;359.16;15.42;1321;34;4103.00;262
10333;28;23250819;10333;562;11691;11983;4.55;0.28;359.26;15.37;1358;34;4104.00;292
10335;28;23250856;10335;558;11691;11984;4.54;0.28;359.30;15.37;1356;34;4105.00;293
10337;28;23250880;10337;555;11698;11984;4.62;0.28;359.29;15.42;1361;34;4106.00;286
10339;28;23250903;10339;556;11702;11984;4.64;0.28;359.27;15.41;1363;34;4107.00;282
10339;28;23250924;10339;560;11705;11984;4.66;0.28;359.27;15.41;1366;34;4108.00;279
10341;28;23250947;10341;557;11707;11984;4.67;0.28;359.25;15.41;1366;34;4109.00;277
10343;28;23250972;10343;564;11710;11984;4.65;0.28;359.24;15.41;1367;34;4110.00;274
10343;28;23250993;10343;575;11712;11984;4.64;0.28;359.24;15.41;1369;34;4111.00;272
10346;28;23251016;10346;588;11714;11985;4.62;0.28;359.23;15.40;1368;34;4112.00;271
10348;28;23251034;10348;593;11715;11986;4.62;0.28;359.28;15.40;1367;34;4113.00;271
10353;28;23251052;10353;594;11718;11986;4.60;0.28;359.32;15.40;1365;34;4114.00;268
10354;28;23251070;10354;597;11722;11990;4.60;0.28;359.30;15.40;1368;34;4115.00;268
10355;28;23251088;10355;599;11724;11990;4.61;0.28;359.31;15.45;1369;34;4116.00;266
10358;28;23251107;10358;596;11724;11990;4.60;0.28;359.27;15.45;1366;34;4117.00;266
10360;28;23251125;10360;598;11724;11990;4.62;0.28;359.23;15.45;1364;34;4118.00;266
10362;28;23251145;10362;592;11729;11996;4.68;0.29;359.21;15.45;1367;34;4119.00;267
10363;28;23251164;10363;596;11730;11996;4.68;0.29;359.24;15.50;1367;34;4120.00;266
10364;28;23251182;10364;591;11730;11996;4.67;0.29;359.23;15.50;1366;34;4121.00;266
10369;28;23251200;10369;585;11732;11999;4.69;0.29;359.32;15.50;1363;34;4122.00;267
10371;28;23251217;10371;585;11732;11999;4.73;0.29;359.33;15.50;1361;34;4123.00;267
10376;28;23251235;10376;580;11733;11999;4.70;0.29;359.29;15.50;1357;34;4124.00;266
10379;28;23251252;10379;584;11733;12000;4.66;0.29;359.24;15.50;1354;34;4125.00;267
10384;28;23251272;10384;578;11734;12001;4.62;0.28;359.16;15.50;1350;34;4126.00;267
10387;28;23251290;10387;573;11734;12001;4.54;0.28;359.12;15.50;1347;34;4127.00;267
10393;28;23251307;10393;583;11744;12014;4.49;0.28;359.12;15.49;1351;34;4128.00;270
10396;28;23251325;10396;574;11746;12014;4.41;0.27;359.20;15.61;1350;34;4129.00;268
10400;28;23251348;10400;576;11746;12014;4.39;0.27;359.13;15.61;1346;34;4130.00;268
10403;28;23251368;10403;582;11748;12015;4.34;0.27;359.12;15.68;1345;34;4131.00;267
10406;28;23251387;10406;569;11748;12015;4.35;0.26;359.15;15.68;1342;34;4132.00;267
10409;28;23251408;10409;559;11754;12019;4.38;0.27;359.10;15.72;1345;34;4133.00;265
10411;28;23251429;10411;556;11754;12019;4.40;0.27;359.08;15.72;1343;34;4134.00;265
10413;28;23251448;10413;558;11757;12023;4.39;0.27;359.10;15.72;1344;34;4135.00;266
10416;28;23251467;10416;560;11758;12023;4.41;0.27;359.09;15.76;1342;34;4136.00;265
10417;28;23251486;10417;551;11758;12023;4.46;0.27;359.12;15.76;1341;34;4137.00;265
10418;28;23251504;10418;553;11758;12023;4.49;0.27;359.12;15.76;1340;34;4138.00;265
10420;28;23251522;10420;541;11759;12023;4.48;0.27;359.13;15.81;1339;34;4139.00;264
10422;28;23251543;10422;550;11779;12057;4.57;0.28;359.11;15.78;1357;34;4140.00;278
10424;28;23251564;10424;544;11780;12057;4.58;0.28;359.11;15.78;1356;34;4141.00;277
10429;28;23251580;10429;547;11783;12057;4.56;0.28;358.99;15.82;1354;34;4142.00;274
10429;28;23251599;10429;547;11784;12057;4.58;0.28;358.99;15.82;1355;34;4143.00;273
10430;28;23251615;10430;548;11784;12057;4.58;0.28;359.01;15.82;1354;34;4144.00;273
10432;28;23251632;10432;551;11784;12057;4.55;0.28;358.99;15.82;1352;34;4145.00;273
10435;28;23251650;10435;558;11785;12058;4.50;0.28;358.97;15.82;1350;34;4146.00;273
10437;28;23251668;10437;563;11785;12058;4.49;0.27;358.92;15.82;1348;34;4147.00;273
10438;28;23251686;10438;561;11789;12064;4.53;0.28;358.89;15.81;1351;34;4148.00;275
10442;28;23251703;10442;554;11790;12065;4.47;0.27;358.90;15.81;1348;34;4149.00;275
10443;28;23251722;10443;560;11790;12065;4.45;0.27;358.98;15.81;1347;34;4150.00;275
10443;28;23251740;10443;557;11791;12065;4.46;0.27;358.98;15.81;1348;34;4151.00;274
10445;28;23251759;10445;563;11795;12069;4.48;0.27;358.99;15.81;1350;34;4152.00;274
10447;28;23251779;10447;564;11795;12069;4.45;0.27;358.95;15.81;1348;34;4153.00;274
10448;28;23251799;10448;567;11796;12069;4.45;0.27;358.93;15.81;1348;34;4154.00;273
10448;28;23251817;10448;573;11799;12070;4.45;0.27;358.93;15.95;1351;34;4155.00;271
10450;28;23251842;10450;568;11803;12074;4.42;0.27;358.97;15.94;1353;34;4156.00;271
10450;28;23251868;10450;577;11805;12074;4.45;0.27;358.97;16.01;1355;34;4157.00;269
10450;28;23251885;10450;577;11809;12077;4.49;0.27;358.97;16.15;1359;34;4158.00;268
10451;28;23251903;10451;567;11810;12077;4.50;0.27;358.94;16.15;1359;34;4159.00;267
10452;28;23251921;10452;573;11811;12077;4.49;0.27;358.96;16.22;1359;34;4160.00;266
10453;28;23251939;10453;570;11811;12077;4.48;0.27;358.97;16.22;1358;34;4161.00;266
10455;28;23251956;10455;566;11815;12081;4.50;0.27;358.98;16.21;1360;34;4162.00;266
10455;28;23251974;10455;563;11816;12081;4.46;0.27;358.98;16.28;1361;34;4163.00;265
10456;28;23251991;10456;567;11817;12081;4.46;0.27;358.96;16.35;1361;34;4164.00;264
10456;28;23252020;10456;568;11818;12081;4.48;0.27;358.96;16.42;1362;34;4165.00;263
10461;28;23252043;10461;567;11818;12082;4.49;0.27;359.06;16.42;1357;34;4166.00;264
10461;28;23252064;10461;566;11819;12083;4.51;0.27;359.06;16.42;1358;34;4167.00;264
10462;28;23252081;10462;566;11820;12083;4.55;0.28;359.07;16.49;1358;34;4168.00;263
10465;28;23252100;10465;561;11821;12084;4.56;0.28;359.03;16.49;1356;34;4169.00;263
10466;28;23252118;10466;564;11824;12084;4.55;0.28;359.01;16.69;1358;34;4170.00;260
10470;28;23252139;10470;559;11824;12084;4.54;0.28;358.94;16.69;1354;34;4171.00;260
10472;28;23252158;10472;562;11824;12084;4.50;0.27;359.00;16.69;1352;34;4172.00;260
10473;28;23252176;10473;564;11827;12086;4.47;0.27;358.98;16.76;1354;34;4173.00;259
10477;28;23252193;10477;564;11828;12086;4.40;0.27;359.04;16.83;1351;34;4174.00;258
10481;28;23252217;10481;554;11829;12086;4.38;0.27;359.13;16.89;1348;34;4175.00;257
10482;28;23252235;10482;581;11895;12213;4.73;0.29;359.14;16.80;1413;34;4176.00;318
10484;28;23252263;10484;566;11901;12214;4.71;0.29;359.21;16.86;1417;34;4177.00;313
10484;28;23252280;10484;552;11911;12214;4.76;0.29;359.21;16.91;1427;34;4178.00;303
10486;28;23252298;10486;555;11916;12214;4.73;0.29;359.30;16.97;1430;34;4179.00;298
10488;28;23252315;10488;552;11922;12214;4.71;0.29;359.42;17.03;1434;34;4180.00;292
10489;28;23252331;10489;553;11926;12214;4.69;0.29;359.40;17.10;1437;34;4181.00;288
10492;28;23252349;10492;555;11930;12214;4.67;0.29;359.48;17.16;1438;34;4182.00;284
10492;28;23252367;10492;554;11931;12214;4.67;0.29;359.48;17.16;1439;34;4183.00;283
10493;28;23252384;10493;558;11935;12215;4.75;0.29;359.54;17.15;1442;34;4184.00;280
10494;28;23252403;10494;564;11939;12217;4.80;0.29;359.61;17.28;1445;34;4185.00;278
10498;28;23252421;10498;561;11941;12217;4.75;0.29;359.68;17.28;1443;34;4186.00;276
10504;28;23252440;10504;572;11945;12218;4.68;0.29;359.86;17.41;1441;34;4187.00;273
10507;28;23252460;10507;570;11948;12218;4.64;0.29;359.96;17.40;1441;34;4188.00;270
10509;28;23252479;10509;581;11953;12218;4.63;0.28;359.98;17.53;1444;34;4189.00;265
10513;28;23252500;10513;588;11954;12218;4.57;0.28;360.05;17.53;1441;34;4190.00;264
10516;28;23252519;10516;590;11958;12222;4.58;0.28;360.07;17.52;1442;34;4191.00;264
10522;28;23252538;10522;590;11960;12222;4.51;0.28;360.09;17.58;1438;34;4192.00;262
10522;28;23252555;10522;599;11962;12222;4.49;0.28;360.09;17.65;1440;34;4193.00;260
10526;28;23252573;10526;610;11964;12225;4.43;0.27;360.19;17.65;1438;34;4194.00;261
10531;28;23252592;10531;615;11966;12225;4.38;0.27;360.25;17.71;1435;34;4195.00;259
10534;28;23252610;10534;617;11967;12225;4.34;0.27;360.50;17.71;1433;34;4196.00;258
10539;28;23252628;10539;619;11971;12229;4.29;0.26;360.50;17.71;1432;34;4197.00;258
10543;28;23252649;10543;627;11974;12230;4.25;0.26;360.53;17.71;1431;34;4198.00;256
10548;28;23252668;10548;637;11976;12230;4.21;0.26;360.55;17.70;1428;34;4199.00;254
10553;28;23252688;10553;620;11987;12264;4.20;0.26;360.68;17.69;1434;34;4200.00;277
10558;28;23252725;10558;608;11987;12264;4.20;0.26;360.78;17.69;1429;34;4201.00;277
10561;28;23252743;10561;598;11989;12264;4.23;0.26;360.88;17.68;1428;34;4202.00;275
10566;28;23252760;10566;597;11990;12265;4.28;0.26;360.93;17.68;1424;34;4203.00;275
10572;28;23252780;10572;590;11990;12265;4.31;0.26;361.14;17.68;1418;34;4204.00;275
10577;28;23252799;10577;586;11995;12271;4.38;0.27;361.29;17.68;1418;34;4205.00;276
10578;28;23252817;10578;589;11997;12271;4.40;0.27;361.30;17.67;1419;34;4206.00;274
10583;28;23252836;10583;578;11997;12272;4.42;0.27;361.49;17.67;1414;34;4207.00;275
10587;28;23252863;10587;573;11998;12272;4.45;0.27;361.60;17.67;1411;34;4208.00;274
10590;28;23252882;10590;569;11998;12272;4.52;0.28;361.66;17.67;1408;34;4209.00;274
10594;28;23252902;10594;559;11998;12272;4.53;0.28;361.72;17.67;1404;34;4210.00;274
10597;28;23252921;10597;551;12000;12272;4.53;0.28;361.70;17.67;1403;34;4211.00;272
10601;28;23252942;10601;551;12009;12284;4.57;0.28;361.75;17.66;1408;34;4212.00;275
10605;28;23252962;10605;540;12010;12284;4.54;0.28;361.87;17.66;1405;34;4213.00;274
10607;28;23252993;10607;543;12012;12284;4.57;0.28;361.88;17.66;1405;34;4214.00;272
10611;28;23253023;10611;545;12012;12284;4.59;0.28;361.94;17.66;1401;34;4215.00;272
10616;28;23253043;10616;535;12013;12284;4.61;0.28;362.01;17.71;1397;34;4216.00;271
10621;28;23253071;10621;540;12014;12284;4.57;0.28;362.04;17.71;1393;34;4217.00;270
10624;28;23253091;10624;539;12018;12288;4.57;0.28;362.10;17.70;1394;34;4218.00;270
10628;28;23253112;10628;546;12018;12288;4.57;0.28;362.15;17.70;1390;34;4219.00;270
10633;28;23253132;10633;547;12022;12292;4.58;0.28;362.21;17.70;1389;34;4220.00;270
10633;28;23253152;10633;542;12022;12293;4.62;0.28;362.21;17.70;1389;34;4221.00;271
10637;28;23253173;10637;546;12023;12293;4.59;0.28;362.21;17.70;1386;34;4222.00;270
10640;28;23253193;10640;545;12024;12293;4.58;0.28;362.19;17.70;1384;34;4223.00;269
10645;28;23253213;10645;544;12032;12306;4.60;0.28;362.14;17.69;1387;34;4224.00;274
10650;28;23253235;10650;546;12032;12306;4.59;0.28;362.11;17.69;1382;34;4225.00;274
10652;28;23253253;10652;550;12032;12306;4.61;0.28;362.07;17.69;1380;34;4226.00;274
10657;28;23253272;10657;546;12035;12307;4.62;0.28;362.11;17.69;1378;34;4227.00;272
10659;28;23253291;10659;549;12036;12308;4.61;0.28;362.15;17.69;1377;34;4228.00;272
10663;28;23253311;10663;549;12036;12308;4.59;0.28;362.19;17.69;1373;34;4229.00;272
10664;28;23253331;10664;563;12041;12314;4.62;0.28;362.17;17.68;1377;34;4230.00;273
10666;28;23253350;10666;555;12042;12314;4.59;0.28;362.18;17.68;1376;34;4231.00;272
10669;28;23253368;10669;555;12044;12314;4.57;0.28;362.19;17.73;1375;34;4232.00;270
10673;28;23253386;10673;559;12045;12314;4.54;0.28;362.27;17.73;1372;34;4233.00;269
10676;28;23253405;10676;563;12050;12320;4.54;0.28;362.31;17.72;1374;34;4234.00;270
10679;28;23253423;10679;565;12051;12320;4.54;0.28;362.44;17.72;1372;34;4235.00;269
10683;28;23253441;10683;560;12051;12320;4.54;0.28;362.48;17.72;1368;34;4236.00;269
10685;28;23253458;10685;562;12051;12320;4.53;0.27;362.50;17.72;1366;34;4237.00;269
10686;28;23253477;10686;555;12054;12324;4.53;0.28;362.52;17.72;1368;34;4238.00;270
10687;28;23253496;10687;562;12056;12325;4.51;0.27;362.53;17.72;1369;34;4239.00;269
10690;28;23253515;10690;569;12056;12325;4.46;0.27;362.54;17.72;1366;34;4240.00;269
10694;28;23253533;10694;568;12057;12326;4.41;0.27;362.76;17.72;1363;34;4241.00;269
10698;28;23253551;10698;565;12057;12326;4.38;0.27;362.81;17.72;1359;34;4242.00;269
10701;28;23253570;10701;569;12057;12326;4.30;0.26;362.82;17.72;1356;34;4243.00;269
10705;28;23253588;10705;573;12058;12326;4.19;0.25;362.80;17.72;1353;34;4244.00;268
10707;28;23253608;10707;580;12058;12326;4.10;0.25;362.91;17.72;1351;34;4245.00;268
10709;28;23253626;10709;581;12058;12326;3.99;0.24;362.98;17.72;1349;34;4246.00;268
10712;28;23253646;10712;579;12058;12326;3.91;0.24;362.99;17.72;1346;34;4247.00;268
10713;28;23253665;10713;588;12096;12396;3.99;0.24;363.02;17.66;1383;34;4248.00;300
10716;28;23253691;10716;587;12098;12397;4.02;0.25;363.13;17.66;1382;34;4249.00;299
10721;28;23253712;10721;573;12105;12397;4.07;0.25;363.16;17.66;1384;34;4250.00;292
10723;28;23253732;10723;580;12105;12397;4.11;0.25;363.17;17.66;1382;34;4251.00;292
10725;28;23253751;10725;584;12109;12397;4.13;0.25;363.30;17.66;1384;34;4252.00;288
10726;28;23253771;10726;586;12111;12397;4.16;0.25;363.34;17.65;1385;34;4253.00;286
10728;28;23253790;10728;586;12114;12397;4.21;0.26;363.35;17.65;1386;34;4254.00;283
10732;28;23253810;10732;584;12116;12397;4.23;0.26;363.43;17.65;1384;34;4255.00;281
10737;28;23253830;10737;567;12120;12398;4.25;0.26;363.66;17.65;1383;34;4256.00;278
10740;28;23253852;10740;564;12120;12399;4.26;0.26;363.77;17.65;1380;34;4257.00;279
10744;28;23253872;10744;560;12124;12399;4.30;0.26;363.78;17.64;1380;34;4258.00;275
10750;28;23253891;10750;559;12129;12403;4.31;0.26;363.99;17.64;1379;34;4259.00;274
10752;28;23253915;10752;572;12130;12403;4.33;0.26;364.03;17.64;1378;34;4260.00;273
10756;28;23253936;10756;571;12130;12403;4.32;0.26;364.10;17.64;1374;34;4261.00;273
10758;28;23253955;10758;574;12130;12403;4.37;0.26;364.20;17.64;1372;34;4262.00;273
10760;28;23253976;10760;578;12135;12409;4.38;0.27;364.30;17.63;1375;34;4263.00;274
10762;28;23253997;10762;581;12135;12409;4.39;0.27;364.33;17.63;1373;34;4264.00;274
10764;28;23254018;10764;589;12135;12409;4.39;0.27;364.54;17.63;1371;34;4265.00;274
10765;28;23254039;10765;583;12137;12412;4.43;0.27;364.55;17.63;1372;34;4266.00;275
10769;28;23254058;10769;580;12138;12412;4.43;0.27;364.70;17.63;1369;34;4267.00;274
10770;28;23254079;10770;572;12138;12412;4.43;0.27;364.80;17.63;1368;34;4268.00;274
10775;28;23254099;10775;566;12138;12413;4.39;0.27;365.03;17.63;1363;34;4269.00;275
10777;28;23254117;10777;562;12139;12414;4.39;0.27;365.11;17.62;1362;34;4270.00;275
10780;28;23254136;10780;568;12139;12414;4.36;0.26;365.13;17.62;1359;34;4271.00;275
10782;28;23254154;10782;563;12148;12427;4.37;0.26;365.13;17.61;1366;34;4272.00;279
10784;28;23254174;10784;561;12148;12427;4.34;0.26;365.10;17.61;1364;34;4273.00;279
10784;28;23254192;10784;558;12148;12427;4.37;0.26;365.10;17.61;1364;34;4274.00;279
10785;28;23254210;10785;553;12150;12429;4.40;0.27;365.08;17.61;1365;34;4275.00;279
10787;28;23254230;10787;552;12150;12429;4.40;0.27;365.04;17.61;1363;34;4276.00;279
10788;28;23254247;10788;554;12154;12433;4.46;0.27;365.02;17.60;1366;34;4277.00;279
10789;28;23254266;10789;552;12154;12433;4.44;0.27;365.01;17.60;1365;34;4278.00;279
10792;28;23254284;10792;558;12157;12437;4.39;0.27;364.98;17.60;1365;34;4279.00;280
10792;28;23254301;10792;558;12157;12437;4.35;0.26;364.98;17.60;1365;34;4280.00;280
10796;28;23254318;10796;558;12157;12437;4.28;0.26;364.95;17.60;1361;34;4281.00;280
10798;28;23254337;10798;561;12157;12437;4.20;0.25;364.99;17.60;1359;34;4282.00;280
10799;28;23254354;10799;565;12157;12437;4.15;0.25;365.02;17.60;1358;34;4283.00;280
10799;28;23254381;10799;573;12167;12449;4.17;0.25;365.02;17.58;1368;34;4284.00;282
10803;28;23254401;10803;574;12167;12449;4.08;0.25;364.93;17.58;1364;34;4285.00;282
10805;28;23254420;10805;581;12168;12449;4.05;0.25;364.89;17.58;1363;34;4286.00;281
10805;28;23254439;10805;573;12169;12449;4.08;0.25;364.89;17.64;1364;34;4287.00;280
10805;28;23254456;10805;583;12169;12449;4.10;0.25;364.89;17.64;1364;34;4288.00;280
10806;28;23254475;10806;579;12169;12449;4.09;0.25;364.86;17.64;1363;34;4289.00;280
10807;28;23254494;10807;570;12169;12450;4.09;0.25;364.87;17.64;1362;34;4290.00;281
10808;28;23254521;10808;564;12169;12450;4.10;0.25;364.86;17.64;1361;34;4291.00;281
10811;28;23254538;10811;560;12174;12456;4.15;0.25;364.87;17.63;1363;34;4292.00;282
10813;28;23254557;10813;563;12175;12457;4.15;0.25;364.89;17.63;1362;34;4293.00;282
10815;28;23254575;10815;558;12175;12457;4.17;0.25;364.87;17.63;1360;34;4294.00;282
10818;28;23254592;10818;552;12175;12457;4.17;0.25;364.90;17.63;1357;34;4295.00;282
10819;28;23254610;10819;546;12177;12461;4.21;0.26;364.88;17.63;1358;34;4296.00;284
10820;28;23254627;10820;550;12177;12461;4.28;0.26;364.88;17.63;1357;34;4297.00;284
10820;28;23254646;10820;548;12177;12461;4.31;0.26;364.88;17.63;1357;34;4298.00;284
10822;28;23254665;10822;545;12178;12462;4.31;0.26;364.85;17.63;1356;34;4299.00;284
10822;28;23254682;10822;543;12181;12466;4.33;0.26;364.85;17.62;1359;34;4300.00;285
10825;28;23254705;10825;539;12181;12466;4.29;0.26;364.88;17.62;1356;34;4301.00;285
10827;28;23254722;10827;540;12183;12469;4.29;0.26;364.86;17.62;1356;34;4302.00;286
10830;28;23254741;10830;541;12184;12469;4.22;0.26;364.86;17.62;1354;34;4303.00;285
10834;28;23254759;10834;541;12186;12469;4.18;0.25;364.86;17.74;1352;34;4304.00;283
10836;28;23254783;10836;540;12187;12469;4.14;0.25;364.84;17.82;1351;34;4305.00;282
10840;28;23254801;10840;524;12191;12473;4.16;0.25;364.78;17.81;1351;34;4306.00;282
10843;28;23254819;10843;516;12191;12473;4.16;0.25;364.77;17.81;1348;34;4307.00;282
10844;28;23254838;10844;514;12191;12473;4.18;0.25;364.77;17.81;1347;34;4308.00;282
10845;28;23254857;10845;507;12191;12473;4.18;0.25;364.78;17.81;1346;34;4309.00;282
10846;28;23254875;10846;501;12192;12474;4.24;0.26;364.79;17.88;1346;34;4310.00;282
10847;28;23254893;10847;489;12193;12475;4.28;0.26;364.77;17.88;1346;34;4311.00;282
10847;28;23254920;10847;488;12193;12475;4.36;0.26;364.77;17.88;1346;34;4312.00;282
10848;28;23254946;10848;485;12195;12476;4.44;0.27;364.76;17.88;1347;34;4313.00;281
10848;28;23254963;10848;490;12196;12476;4.53;0.28;364.76;17.94;1348;34;4314.00;280
10849;28;23254980;10849;480;12196;12476;4.62;0.28;364.74;17.94;1347;34;4315.00;280
10850;28;23254998;10850;483;12196;12476;4.65;0.28;364.73;17.94;1346;34;4316.00;280
10851;28;23255018;10851;477;12197;12476;4.68;0.28;364.73;17.94;1346;34;4317.00;279
10853;28;23255036;10853;479;12198;12476;4.74;0.29;364.69;17.95;1345;34;4318.00;278
10855;28;23255053;10855;485;12198;12476;4.75;0.29;364.76;17.95;1343;34;4319.00;278
10858;28;23255072;10858;515;12292;12706;4.99;0.31;364.68;17.81;1434;34;4320.00;414
10859;28;23255130;10859;513;12297;12707;5.02;0.31;364.70;17.81;1438;34;4321.00;410
10860;28;23255149;10860;503;12307;12707;5.11;0.32;364.68;17.79;1447;34;4322.00;400
10861;28;23255167;10861;496;12312;12707;5.13;0.32;364.65;17.79;1451;34;4323.00;395
10863;28;23255200;10863;497;12320;12707;5.18;0.32;364.61;17.78;1457;34;4324.00;387
10864;28;23255219;10864;498;12325;12707;5.18;0.32;364.58;17.78;1461;34;4325.00;382
10866;28;23255244;10866;499;12332;12707;5.18;0.32;364.54;17.85;1466;34;4326.00;375
10867;28;23255262;10867;500;12340;12707;5.17;0.32;364.55;17.84;1473;34;4327.00;367
10869;28;23255280;10869;512;12346;12708;5.18;0.32;364.61;17.83;1477;34;4328.00;362
10871;28;23255298;10871;516;12354;12709;5.18;0.32;364.65;17.90;1483;34;4329.00;355
10873;28;23255317;10873;531;12359;12709;5.16;0.32;364.62;17.90;1486;34;4330.00;350
10876;28;23255336;10876;533;12365;12710;5.11;0.32;364.68;17.89;1489;34;4331.00;345
10878;28;23255355;10878;540;12368;12710;5.08;0.31;364.64;17.96;1490;34;4332.00;342
10880;28;23255382;10880;552;12372;12710;4.99;0.31;364.63;17.96;1492;34;4333.00;338
10881;28;23255401;10881;547;12375;12710;4.94;0.30;364.68;17.96;1494;34;4334.00;335
10886;28;23255420;10886;554;12380;12714;4.86;0.30;364.88;18.03;1494;34;4335.00;334
10889;28;23255441;10889;552;12382;12714;4.85;0.30;364.93;18.03;1493;34;4336.00;332
10889;28;23255459;10889;561;12385;12714;4.84;0.30;364.93;18.03;1496;34;4337.00;329
10890;28;23255481;10890;567;12387;12717;4.80;0.29;364.92;18.10;1497;34;4338.00;330
10891;28;23255506;10891;571;12389;12717;4.75;0.29;364.93;18.10;1498;34;4339.00;328
10892;28;23255525;10892;568;12391;12717;4.73;0.29;364.91;18.10;1499;34;4340.00;326
10894;28;23255545;10894;589;12397;12721;4.69;0.29;364.94;18.16;1503;34;4341.00;324
10897;28;23255566;10897;595;12399;12722;4.69;0.29;365.01;18.16;1502;34;4342.00;323
10899;28;23255586;10899;599;12400;12722;4.69;0.29;365.02;18.16;1501;34;4343.00;322
10901;28;23255605;10901;609;12403;12726;4.67;0.28;365.06;18.23;1502;34;4344.00;323
10902;28;23255632;10902;615;12404;12726;4.69;0.29;365.04;18.23;1502;34;4345.00;322
10902;28;23255659;10902;609;12406;12726;4.70;0.29;365.04;18.30;1504;34;4346.00;320
10905;28;23255681;10905;612;12406;12727;4.70;0.29;364.99;18.30;1501;34;4347.00;321
10905;28;23255700;10905;620;12409;12727;4.73;0.29;364.99;18.44;1504;34;4348.00;318
10910;28;23255720;10910;620;12414;12733;4.74;0.29;365.03;18.44;1504;34;4349.00;319
10910;28;23255745;10910;615;12417;12733;4.76;0.29;365.03;18.58;1507;34;4350.00;316
10912;28;23255774;10912;625;12419;12734;4.76;0.29;365.01;18.58;1507;34;4351.00;315
10914;28;23255795;10914;629;12419;12734;4.70;0.29;364.97;18.58;1505;34;4352.00;315
10917;28;23255815;10917;623;12424;12734;4.65;0.28;365.05;18.72;1507;34;4353.00;310
10918;28;23255834;10918;622;12425;12734;4.60;0.28;365.09;18.79;1507;34;4354.00;309
10919;28;23255855;10919;620;12427;12734;4.54;0.28;365.10;18.86;1508;34;4355.00;307
10921;28;23255875;10921;629;12439;12746;4.55;0.28;365.12;18.91;1518;34;4356.00;307
10924;28;23255908;10924;624;12442;12746;4.52;0.27;365.21;18.92;1518;34;4357.00;304
10926;28;23255932;10926;629;12446;12746;4.51;0.27;365.24;18.98;1520;34;4358.00;300
10928;28;23255952;10928;630;12448;12746;4.52;0.28;365.28;19.05;1520;34;4359.00;298
10929;28;23255972;10929;638;12451;12746;4.55;0.28;365.36;19.12;1522;34;4360.00;295
10933;28;23255997;10933;637;12454;12746;4.53;0.28;365.44;19.18;1521;34;4361.00;292
10936;28;23256019;10936;643;12457;12750;4.52;0.28;365.51;19.18;1521;34;4362.00;293
10938;28;23256040;10938;644;12460;12750;4.51;0.27;365.52;19.25;1522;34;4363.00;290
10941;28;23256060;10941;660;12466;12754;4.50;0.27;365.56;19.31;1525;34;4364.00;288
10943;28;23256084;10943;660;12470;12756;4.45;0.27;365.65;19.43;1527;34;4365.00;286
10948;28;23256103;10948;670;12471;12756;4.37;0.27;365.67;19.43;1523;34;4366.00;285
10950;28;23256122;10950;671;12472;12756;4.31;0.26;365.68;19.49;1522;34;4367.00;284
10956;28;23256142;10956;682;12483;12769;4.27;0.26;365.86;19.54;1527;34;4368.00;286
10957;28;23256163;10957;687;12483;12769;4.24;0.26;365.85;19.54;1526;34;4369.00;286
10961;28;23256182;10961;687;12484;12769;4.21;0.26;366.11;19.54;1523;34;4370.00;285
10963;28;23256202;10963;691;12487;12770;4.16;0.26;366.09;19.66;1524;34;4371.00;283
10968;28;23256223;10968;697;12487;12771;4.09;0.25;366.13;19.66;1519;34;4372.00;284
10971;28;23256245;10971;701;12488;12771;4.02;0.25;366.28;19.73;1517;34;4373.00;283
10972;28;23256266;10972;707;12491;12774;3.97;0.25;366.26;19.72;1519;34;4374.00;283
10977;28;23256285;10977;704;12491;12774;3.93;0.24;366.27;19.72;1514;34;4375.00;283
10983;28;23256313;10983;695;12493;12774;3.88;0.24;366.26;19.86;1510;34;4376.00;281
10985;28;23256333;10985;697;12493;12774;3.90;0.24;366.24;19.86;1508;34;4377.00;281
10989;28;23256351;10989;692;12497;12780;3.92;0.24;366.42;19.85;1508;34;4378.00;283
10992;28;23256372;10992;693;12497;12780;3.91;0.24;366.39;19.85;1505;34;4379.00;283
10995;28;23256395;10995;685;12497;12780;3.91;0.24;366.49;19.85;1502;34;4380.00;283
11000;28;23256415;11000;681;12497;12780;3.91;0.24;366.49;19.85;1497;34;4381.00;283
11006;28;23256448;11006;684;12500;12784;3.92;0.24;366.68;19.84;1494;34;4382.00;284
11009;28;23256469;11009;676;12501;12785;3.94;0.24;366.73;19.84;1492;34;4383.00;284
11013;28;23256489;11013;678;12501;12785;3.93;0.24;366.83;19.84;1488;34;4384.00;284
11016;28;23256509;11016;669;12502;12786;3.98;0.25;366.87;19.84;1486;34;4385.00;284
11019;28;23256529;11019;670;12502;12786;3.99;0.25;367.00;19.84;1483;34;4386.00;284
11021;28;23256549;11021;665;12502;12786;4.01;0.25;367.02;19.84;1481;34;4387.00;284
11025;28;23256571;11025;659;12502;12786;4.01;0.25;367.02;19.84;1477;34;4388.00;284
11028;28;23256593;11028;657;12503;12786;4.01;0.25;367.02;19.84;1475;34;4389.00;283
11035;28;23256617;11035;661;12503;12786;4.00;0.25;367.04;19.84;1468;34;4390.00;283
11036;28;23256639;11036;655;12503;12786;3.99;0.25;367.05;19.84;1467;34;4391.00;283
11040;28;23256661;11040;666;12539;12856;4.13;0.25;367.06;19.78;1499;34;4392.00;317
11045;28;23256688;11045;667;12541;12857;4.14;0.25;367.06;19.78;1496;34;4393.00;316
11051;28;23256707;11051;666;12544;12857;4.10;0.25;367.15;19.78;1493;34;4394.00;313
11056;28;23256725;11056;676;12546;12857;4.10;0.25;367.22;19.77;1490;34;4395.00;311
11058;28;23256746;11058;685;12549;12857;4.09;0.25;367.22;19.77;1491;34;4396.00;308
11064;28;23256766;11064;675;12552;12857;4.07;0.25;367.38;19.77;1488;34;4397.00;305
11069;28;23256787;11069;686;12553;12857;4.09;0.25;367.39;19.77;1484;34;4398.00;304
11073;28;23256807;11073;685;12555;12857;4.07;0.25;367.39;19.76;1482;34;4399.00;302
11077;28;23256828;11077;694;12557;12858;4.02;0.24;367.40;19.76;1480;34;4400.00;301
11080;28;23256852;11080;691;12560;12859;3.99;0.24;367.45;19.76;1480;34;4401.00;299
11083;28;23256872;11083;702;12563;12859;3.93;0.24;367.49;19.76;1480;34;4402.00;296
11088;28;23256890;11088;707;12566;12863;3.85;0.23;367.54;19.75;1478;34;4403.00;297
11089;28;23256909;11089;713;12566;12863;3.83;0.23;367.55;19.75;1477;34;4404.00;297
11094;28;23256928;11094;721;12568;12863;3.77;0.23;367.73;19.75;1474;34;4405.00;295
11099;28;23256948;11099;731;12571;12863;3.73;0.23;367.94;19.75;1472;34;4406.00;292
11103;28;23256968;11103;726;12575;12869;3.72;0.23;368.04;19.74;1472;34;4407.00;294
11106;28;23256987;11106;724;12576;12869;3.69;0.22;368.09;19.74;1470;34;4408.00;293
11108;28;23257006;11108;724;12577;12869;3.68;0.22;368.14;19.74;1469;34;4409.00;292
11112;28;23257028;11112;727;12582;12875;3.67;0.22;368.26;19.73;1470;34;4410.00;293
11113;28;23257048;11113;728;12583;12875;3.65;0.22;368.36;19.73;1470;34;4411.00;292
11116;28;23257066;11116;731;12585;12875;3.65;0.22;368.42;19.73;1469;34;4412.00;290
11119;28;23257083;11119;726;12585;12876;3.62;0.22;368.54;19.73;1466;34;4413.00;291
11124;28;23257103;11124;731;12586;12877;3.56;0.22;368.73;19.73;1462;34;4414.00;291
11126;28;23257121;11126;733;12586;12877;3.50;0.21;368.77;19.73;1460;34;4415.00;291
11129;28;23257140;11129;736;12596;12890;3.52;0.21;368.81;19.71;1467;34;4416.00;294
11130;28;23257159;11130;738;12597;12890;3.52;0.21;368.91;19.71;1467;34;4417.00;293
11133;28;23257178;11133;743;12597;12890;3.48;0.21;368.88;19.71;1464;34;4418.00;293
11136;28;23257196;11136;743;12598;12891;3.44;0.21;368.93;19.71;1462;34;4419.00;293
11139;28;23257214;11139;749;12598;12891;3.39;0.21;369.02;19.71;1459;34;4420.00;293
11140;28;23257231;11140;758;12602;12895;3.38;0.21;369.02;19.71;1462;34;4421.00;293
11148;28;23257249;11148;749;12602;12895;3.29;0.20;369.10;19.71;1454;34;4422.00;293
11150;28;23257275;11150;741;12605;12899;3.29;0.20;369.12;19.70;1455;34;4423.00;294
11153;28;23257305;11153;743;12605;12899;3.26;0.20;369.13;19.70;1452;34;4424.00;294
11156;28;23257330;11156;741;12605;12899;3.24;0.20;369.14;19.70;1449;34;4425.00;294
11158;28;23257351;11158;745;12605;12899;3.25;0.20;369.08;19.70;1447;34;4426.00;294
11160;28;23257371;11160;753;12605;12899;3.24;0.20;369.11;19.70;1445;34;4427.00;294
11161;28;23257391;11161;752;12615;12911;3.34;0.20;369.10;19.69;1454;34;4428.00;296
11163;28;23257416;11163;751;12615;12911;3.34;0.20;369.16;19.69;1452;34;4429.00;296
11163;28;23257437;11163;748;12616;12911;3.38;0.21;369.16;19.68;1453;34;4430.00;295
11166;28;23257470;11166;737;12616;12911;3.42;0.21;369.10;19.68;1450;34;4431.00;295
11167;28;23257492;11167;731;12616;12911;3.45;0.21;369.08;19.68;1449;34;4432.00;295
11168;28;23257516;11168;723;12616;12911;3.47;0.21;369.05;19.68;1448;34;4433.00;295
11170;28;23257538;11170;717;12616;12912;3.49;0.21;369.02;19.68;1446;34;4434.00;296
11170;28;23257562;11170;711;12616;12912;3.54;0.22;369.02;19.68;1446;34;4435.00;296
11171;28;23257583;11171;710;12621;12918;3.61;0.22;369.04;19.68;1450;34;4436.00;297
11172;28;23257605;11172;715;12622;12919;3.64;0.22;369.00;19.68;1450;34;4437.00;297
11174;28;23257625;11174;718;12622;12919;3.66;0.22;369.10;19.68;1448;34;4438.00;297
11174;28;23257647;11174;722;12622;12919;3.71;0.23;369.10;19.68;1448;34;4439.00;297
11175;28;23257669;11175;725;12626;12924;3.75;0.23;369.08;19.67;1451;34;4440.00;298
11175;28;23257690;11175;727;12626;12924;3.76;0.23;369.08;19.67;1451;34;4441.00;298
11179;28;23257714;11179;719;12626;12924;3.75;0.23;368.98;19.67;1447;34;4442.00;298
11179;28;23257736;11179;715;12627;12925;3.79;0.23;368.98;19.67;1448;34;4443.00;298
11182;28;23257756;11182;716;12630;12929;3.78;0.23;369.01;19.66;1448;34;4444.00;299
11182;28;23257777;11182;714;12630;12929;3.80;0.23;369.01;19.66;1448;34;4445.00;299
11184;28;23257798;11184;711;12632;12932;3.80;0.23;368.97;19.66;1448;34;4446.00;300
11186;28;23257817;11186;707;12632;12932;3.80;0.23;368.94;19.66;1446;34;4447.00;300
11187;28;23257837;11187;701;12633;12932;3.80;0.23;368.95;19.66;1446;34;4448.00;299
11192;28;23257857;11192;705;12633;12932;3.74;0.23;368.90;19.66;1441;34;4449.00;299
11194;28;23257877;11194;701;12637;12936;3.75;0.23;368.85;19.65;1443;34;4450.00;299
11196;28;23257898;11196;707;12637;12936;3.75;0.23;368.84;19.65;1441;34;4451.00;299
11198;28;23257916;11198;708;12637;12936;3.72;0.23;368.79;19.65;1439;34;4452.00;299
11199;28;23257936;11199;711;12637;12936;3.71;0.23;368.77;19.65;1438;34;4453.00;299
11200;28;23257953;11200;715;12637;12937;3.71;0.23;368.74;19.65;1437;34;4454.00;300
11202;28;23257974;11202;709;12639;12939;3.68;0.22;368.72;19.65;1437;34;4455.00;300
11205;28;23257993;11205;703;12639;12939;3.62;0.22;368.73;19.65;1434;34;4456.00;300
11206;28;23258015;11206;700;12640;12940;3.59;0.22;368.71;19.65;1434;34;4457.00;300
11208;28;23258034;11208;704;12640;12940;3.60;0.22;368.68;19.65;1432;34;4458.00;300
11208;28;23258053;11208;710;12640;12940;3.59;0.22;368.68;19.65;1432;34;4459.00;300
11210;28;23258073;11210;712;12640;12940;3.57;0.22;368.76;19.65;1430;34;4460.00;300
11210;28;23258093;11210;707;12640;12940;3.59;0.22;368.76;19.65;1430;34;4461.00;300
11212;28;23258113;11212;713;12640;12940;3.58;0.22;368.84;19.65;1428;34;4462.00;300
11212;28;23258131;11212;696;12640;12940;3.60;0.22;368.84;19.65;1428;34;4463.00;300
11213;28;23258149;11213;718;12710;13067;3.91;0.24;368.83;19.54;1497;34;4464.00;357
11213;28;23258182;11213;701;12710;13068;3.94;0.24;368.83;19.54;1497;34;4465.00;358
11215;28;23258203;11215;678;12717;13068;4.04;0.25;368.81;19.53;1502;34;4466.00;351
11216;28;23258223;11216;667;12718;13068;4.09;0.25;368.79;19.53;1502;34;4467.00;350
11217;28;23258244;11217;658;12723;13068;4.16;0.26;368.79;19.52;1506;34;4468.00;345
11221;28;23258266;11221;655;12726;13068;4.18;0.26;368.72;19.52;1505;34;4469.00;342
11222;28;23258294;11222;639;12726;13068;4.22;0.26;368.72;19.52;1504;34;4470.00;342
11225;28;23258314;11225;642;12729;13068;4.24;0.26;368.72;19.52;1504;34;4471.00;339
11225;28;23258333;11225;644;12730;13069;4.26;0.26;368.72;19.52;1505;34;4472.00;339
11226;28;23258363;11226;645;12733;13070;4.30;0.26;368.70;19.51;1507;34;4473.00;337
11229;28;23258385;11229;641;12737;13070;4.30;0.26;368.70;19.51;1508;34;4474.00;333
11230;28;23258407;11230;640;12739;13071;4.31;0.26;368.70;19.51;1509;34;4475.00;332
11233;28;23258429;11233;630;12740;13071;4.26;0.26;368.75;19.51;1507;34;4476.00;331
11235;28;23258452;11235;640;12745;13071;4.21;0.26;368.75;19.51;1510;34;4477.00;326
11237;28;23258479;11237;643;12747;13071;4.18;0.25;368.79;19.50;1510;34;4478.00;324
11238;28;23258502;11238;633;12750;13075;4.16;0.25;368.77;19.50;1512;34;4479.00;325
11240;28;23258522;11240;639;12755;13075;4.13;0.25;368.74;19.64;1515;34;4480.00;320
11241;28;23258546;11241;631;12756;13075;4.12;0.25;368.74;19.64;1515;34;4481.00;319
11242;28;23258565;11242;627;12760;13078;4.12;0.25;368.73;19.71;1518;34;4482.00;318
11244;28;23258595;11244;619;12760;13078;4.12;0.25;368.70;19.71;1516;34;4483.00;318
11247;28;23258622;11247;618;12761;13078;4.15;0.25;368.67;19.71;1514;34;4484.00;317
11248;28;23258645;11248;619;12764;13082;4.19;0.26;368.71;19.70;1516;34;4485.00;318
11249;28;23258667;11249;619;12767;13083;4.26;0.26;368.69;19.70;1518;34;4486.00;316
11249;29;23258688;11249;618;12767;13083;4.31;0.26;368.69;19.70;1518;35;4487.00;316
11250;29;23258722;11250;603;12770;13087;4.38;0.27;368.68;19.70;1520;35;4488.00;317
11254;29;23258748;11254;604;12771;13087;4.42;0.27;368.63;19.70;1517;35;4489.00;316
11254;29;23258779;11254;598;12772;13087;4.46;0.27;368.63;19.69;1518;35;4490.00;315
11256;29;23258810;11256;602;12773;13088;4.50;0.27;368.63;19.69;1517;35;4491.00;315
11258;29;23258839;11258;600;12773;13088;4.52;0.28;368.58;19.69;1515;35;4492.00;315
11261;29;23258871;11261;599;12777;13094;4.59;0.28;368.64;19.69;1516;35;4493.00;317
11267;29;23258897;11267;594;12777;13094;4.57;0.28;368.73;19.69;1510;35;4494.00;317
11270;29;23258921;11270;589;12777;13095;4.58;0.28;368.73;19.69;1507;35;4495.00;318
11272;29;23258944;11272;593;12777;13095;4.59;0.28;368.73;19.69;1505;35;4496.00;318
11274;29;23258966;11274;590;12777;13095;4.58;0.28;368.68;19.69;1503;35;4497.00;318
11275;29;23258987;11275;598;12779;13095;4.55;0.28;368.68;19.69;1504;35;4498.00;316
11277;29;23259007;11277;594;12779;13095;4.54;0.28;368.68;19.69;1502;35;4499.00;316
11281;29;23259033;11281;597;12801;13145;4.62;0.28;368.69;19.66;1520;35;4500.00;344
11283;29;23259062;11283;594;12804;13147;4.65;0.28;368.69;19.66;1521;35;4501.00;343
11285;29;23259082;11285;599;12808;13147;4.68;0.29;368.70;19.65;1523;35;4502.00;339
11285;29;23259109;11285;605;12810;13147;4.74;0.29;368.70;19.65;1525;35;4503.00;337
11288;29;23259131;11288;602;12811;13147;4.76;0.29;368.72;19.65;1523;35;4504.00;336
11293;29;23259151;11293;595;12813;13147;4.72;0.29;368.78;19.65;1520;35;4505.00;334
11294;29;23259172;11294;598;12820;13151;4.73;0.29;368.77;19.78;1526;35;4506.00;331
11295;29;23259200;11295;593;12821;13151;4.72;0.29;368.78;19.78;1526;35;4507.00;330
11299;29;23259219;11299;594;12826;13155;4.71;0.29;368.83;19.92;1527;35;4508.00;329
11301;29;23259240;11301;594;12828;13156;4.69;0.29;368.87;19.92;1527;35;4509.00;328
11303;29;23259259;11303;599;12829;13156;4.70;0.29;368.86;19.99;1526;35;4510.00;327
11304;29;23259279;11304;591;12832;13156;4.65;0.28;368.96;20.06;1528;35;4511.00;324
11309;29;23259306;11309;603;12844;13169;4.59;0.28;369.11;20.11;1535;35;4512.00;325
11310;29;23259327;11310;589;12846;13169;4.57;0.28;369.19;20.26;1536;35;4513.00;323
11314;29;23259348;11314;601;12846;13169;4.49;0.27;369.26;20.26;1532;35;4514.00;323
11316;29;23259368;11316;606;12849;13170;4.47;0.27;369.28;20.39;1533;35;4515.00;321
11319;29;23259388;11319;611;12849;13171;4.44;0.27;369.29;20.39;1530;35;4516.00;322
11322;29;23259408;11322;613;12852;13171;4.45;0.27;369.36;20.46;1530;35;4517.00;319
11323;29;23259429;11323;608;12855;13174;4.48;0.27;369.37;20.53;1532;35;4518.00;319
11325;29;23259449;11325;604;12855;13174;4.46;0.27;369.42;20.53;1530;35;4519.00;319
11327;29;23259469;11327;608;12857;13174;4.44;0.27;369.51;20.60;1530;35;4520.00;317
11328;29;23259488;11328;618;12857;13174;4.45;0.27;369.53;20.60;1529;35;4521.00;317
11330;29;23259507;11330;615;12861;13180;4.43;0.27;369.57;20.59;1531;35;4522.00;319
11335;29;23259526;11335;619;12865;13180;4.35;0.27;369.57;20.73;1530;35;4523.00;315
11336;29;23259548;11336;619;12865;13180;4.33;0.27;369.58;20.73;1529;35;4524.00;315
11337;29;23259568;11337;617;12865;13180;4.31;0.27;369.62;20.73;1528;35;4525.00;315
11339;29;23259587;11339;621;12868;13184;4.28;0.26;369.60;20.73;1529;35;4526.00;316
11343;29;23259609;11343;614;12875;13185;4.28;0.26;369.62;21.14;1532;35;4527.00;310
11346;29;23259629;11346;606;12876;13185;4.29;0.26;369.63;21.14;1530;35;4528.00;309
11347;29;23259649;11347;604;12881;13186;4.31;0.26;369.66;21.33;1534;35;4529.00;305
11349;29;23259671;11349;607;12881;13186;4.30;0.26;369.75;21.33;1532;35;4530.00;305
11351;29;23259690;11351;608;12882;13186;4.31;0.26;369.79;21.40;1531;35;4531.00;304
11355;29;23259710;11355;600;12883;13186;4.33;0.27;369.92;21.46;1528;35;4532.00;303
11360;29;23259731;11360;602;12884;13186;4.32;0.26;369.90;21.52;1524;35;4533.00;302
11361;29;23259751;11361;610;12887;13186;4.31;0.26;369.87;21.59;1526;35;4534.00;299
11366;29;23259771;11366;609;12888;13186;4.32;0.26;370.05;21.65;1522;35;4535.00;298
11369;29;23259789;11369;620;12924;13256;4.38;0.27;370.08;21.66;1555;35;4536.00;332
11373;29;23259816;11373;621;12927;13257;4.35;0.27;370.11;21.72;1554;35;4537.00;330
11376;29;23259836;11376;623;12931;13257;4.37;0.27;370.19;21.71;1555;35;4538.00;326
11381;29;23259855;11381;626;12938;13257;4.34;0.27;370.24;21.83;1557;35;4539.00;319
11383;29;23259874;11383;637;12944;13257;4.33;0.26;370.29;21.83;1561;35;4540.00;313
11385;29;23259897;11385;644;12947;13257;4.32;0.26;370.38;21.88;1562;35;4541.00;310
11391;29;23259917;11391;640;12954;13257;4.28;0.26;370.44;21.94;1563;35;4542.00;303
11393;29;23259937;11393;649;12957;13257;4.25;0.26;370.47;21.94;1564;35;4543.00;300
11399;29;23259956;11399;653;12960;13258;4.21;0.26;370.53;21.93;1561;35;4544.00;298
11404;29;23259977;11404;653;12964;13260;4.14;0.25;370.61;22.05;1560;35;4545.00;296
11407;29;23259997;11407;667;12966;13260;4.08;0.25;370.66;22.05;1559;35;4546.00;294
11411;29;23260019;11411;661;12971;13264;3.97;0.24;370.69;22.17;1560;35;4547.00;293
11417;29;23260038;11417;668;12971;13264;3.83;0.23;370.88;22.17;1554;35;4548.00;293
11418;29;23260057;11418;662;12972;13264;3.78;0.23;370.88;22.23;1554;35;4549.00;292
11426;29;23260075;11426;653;12972;13264;3.67;0.22;371.03;22.23;1546;35;4550.00;292
11427;29;23260097;11427;659;12976;13270;3.64;0.22;371.05;22.23;1549;35;4551.00;294
11430;29;23260116;11430;668;12976;13270;3.61;0.22;371.14;22.23;1546;35;4552.00;294
11435;29;23260134;11435;663;12976;13270;3.58;0.22;371.35;22.23;1541;35;4553.00;294
11438;29;23260153;11438;669;12978;13273;3.56;0.22;371.34;22.22;1540;35;4554.00;295
11442;29;23260173;11442;676;12978;13273;3.55;0.22;371.34;22.22;1536;35;4555.00;295
11443;29;23260191;11443;690;12978;13273;3.59;0.22;371.34;22.22;1535;35;4556.00;295
11449;29;23260210;11449;689;12978;13274;3.58;0.22;371.44;22.22;1529;35;4557.00;296
11452;29;23260230;11452;686;12980;13275;3.60;0.22;371.52;22.22;1528;35;4558.00;295
11458;29;23260249;11458;695;12980;13275;3.59;0.22;371.78;22.22;1522;35;4559.00;295
11461;29;23260270;11461;693;12998;13301;3.67;0.22;371.84;22.19;1537;35;4560.00;303
11462;29;23260290;11462;699;12999;13301;3.63;0.22;371.91;22.19;1537;35;4561.00;302
11468;29;23260310;11468;694;13001;13301;3.61;0.22;372.09;22.19;1533;35;4562.00;300
11472;29;23260329;11472;683;13001;13302;3.60;0.22;372.08;22.19;1529;35;4563.00;301
11473;29;23260348;11473;687;13002;13302;3.61;0.22;372.11;22.19;1529;35;4564.00;300
11478;29;23260367;11478;681;13005;13306;3.58;0.22;372.19;22.18;1527;35;4565.00;301
11481;29;23260386;11481;688;13005;13306;3.54;0.22;372.22;22.18;1524;35;4566.00;301
11487;29;23260404;11487;687;13007;13310;3.53;0.22;372.45;22.18;1520;35;4567.00;303
11490;29;23260423;11490;692;13007;13310;3.51;0.21;372.53;22.18;1517;35;4568.00;303
11494;29;23260442;11494;701;13010;13310;3.47;0.21;372.61;22.18;1516;35;4569.00;300
11501;29;23260460;11501;702;13010;13310;3.42;0.21;372.78;22.18;1509;35;4570.00;300
11503;29;23260481;11503;702;13011;13310;3.40;0.21;372.82;22.18;1508;35;4571.00;299
11506;29;23260499;11506;706;13020;13322;3.41;0.21;372.89;22.16;1514;35;4572.00;302
11509;29;23260518;11509;710;13023;13322;3.36;0.21;372.99;22.16;1514;35;4573.00;299
11512;29;23260537;11512;722;13024;13322;3.33;0.20;373.06;22.16;1512;35;4574.00;298
11515;29;23260554;11515;718;13025;13322;3.24;0.20;373.01;22.16;1510;35;4575.00;297
11520;29;23260572;11520;713;13025;13322;3.16;0.19;373.07;22.16;1505;35;4576.00;297
11524;29;23260589;11524;721;13025;13322;3.09;0.19;373.16;22.16;1501;35;4577.00;297
11528;29;23260608;11528;725;13026;13323;3.03;0.18;373.17;22.23;1498;35;4578.00;297
11533;29;23260626;11533;727;13026;13323;2.97;0.18;373.17;22.23;1493;35;4579.00;297
11536;29;23260643;11536;731;13031;13329;2.93;0.18;373.13;22.22;1495;35;4580.00;298
11539;29;23260662;11539;741;13032;13330;2.91;0.18;373.14;22.22;1493;35;4581.00;298
11542;29;23260680;11542;751;13032;13330;2.87;0.18;373.22;22.22;1490;35;4582.00;298
11545;29;23260697;11545;747;13032;13330;2.86;0.17;373.25;22.22;1487;35;4583.00;298
11546;29;23260715;11546;754;13035;13334;2.87;0.18;373.28;22.21;1489;35;4584.00;299
11546;29;23260732;11546;753;13035;13334;2.87;0.18;373.28;22.21;1489;35;4585.00;299
11548;29;23260749;11548;752;13035;13334;2.89;0.18;373.26;22.21;1487;35;4586.00;299
11549;29;23260767;11549;744;13036;13335;2.93;0.18;373.26;22.21;1487;35;4587.00;299
11552;29;23260783;11552;736;13039;13339;2.95;0.18;373.36;22.21;1487;35;4588.00;300
11555;29;23260802;11555;734;13039;13339;2.94;0.18;373.37;22.21;1484;35;4589.00;300
11559;29;23260820;11559;735;13043;13345;2.97;0.18;373.40;22.20;1484;35;4590.00;302
11565;29;23260839;11565;734;13044;13345;2.94;0.18;373.50;22.20;1479;35;4591.00;301
11568;29;23260856;11568;737;13045;13345;2.93;0.18;373.50;22.20;1477;35;4592.00;300
11570;29;23260883;11570;747;13045;13345;2.92;0.18;373.53;22.20;1475;35;4593.00;300
11575;29;23260900;11575;747;13049;13349;2.91;0.18;373.71;22.19;1474;35;4594.00;300
11576;29;23260918;11576;756;13049;13349;2.91;0.18;373.75;22.19;1473;35;4595.00;300
11580;29;23260936;11580;758;13049;13349;2.89;0.18;373.77;22.19;1469;35;4596.00;300
11583;29;23260953;11583;755;13049;13349;2.87;0.18;373.75;22.19;1466;35;4597.00;300
11585;29;23260971;11585;742;13049;13350;2.86;0.18;373.70;22.19;1464;35;4598.00;301
11588;29;23260988;11588;743;13050;13351;2.85;0.17;373.80;22.19;1462;35;4599.00;301
11592;29;23261007;11592;750;13050;13351;2.86;0.17;373.79;22.19;1458;35;4600.00;301
11592;29;23261030;11592;751;13051;13352;2.93;0.18;373.79;22.19;1459;35;4601.00;301
11593;29;23261048;11593;754;13051;13352;2.97;0.18;373.83;22.19;1458;35;4602.00;301
11595;29;23261064;11595;755;13051;13352;3.04;0.19;373.84;22.19;1456;35;4603.00;301
11596;29;23261088;11596;755;13051;13352;3.09;0.19;373.82;22.19;1455;35;4604.00;301
11597;29;23261105;11597;756;13051;13352;3.11;0.19;373.84;22.19;1454;35;4605.00;301
11599;29;23261122;11599;736;13051;13352;3.17;0.19;373.80;22.19;1452;35;4606.00;301
11603;29;23261140;11603;720;13051;13352;3.19;0.20;373.74;22.19;1448;35;4607.00;301
11604;29;23261159;11604;721;13119;13479;3.63;0.23;373.78;22.15;1515;35;4608.00;360
11605;29;23261193;11605;708;13121;13480;3.69;0.23;373.75;22.15;1516;35;4609.00;359
11606;29;23261215;11606;694;13130;13480;3.82;0.24;373.72;22.13;1524;35;4610.00;350
11611;29;23261236;11611;685;13130;13480;3.84;0.24;373.67;22.13;1519;35;4611.00;350
11614;29;23261257;11614;684;13136;13480;3.91;0.24;373.68;22.12;1522;35;4612.00;344
11616;29;23261279;11616;690;13144;13480;3.94;0.24;373.71;22.11;1528;35;4613.00;336
11617;29;23261299;11617;691;13146;13480;3.97;0.24;373.77;22.11;1529;35;4614.00;334
11619;29;23261321;11619;692;13149;13480;3.99;0.25;373.86;22.11;1530;35;4615.00;331
11621;29;23261343;11621;695;13152;13481;3.99;0.24;373.86;22.10;1531;35;4616.00;329
11623;29;23261366;11623;697;13154;13482;3.95;0.24;373.83;22.10;1531;35;4617.00;328
11627;29;23261387;11627;707;13157;13482;3.90;0.24;373.90;22.10;1530;35;4618.00;325
11630;29;23261417;11630;713;13158;13483;3.85;0.24;373.88;22.10;1528;35;4619.00;325
11630;29;23261440;11630;712;13160;13483;3.85;0.24;373.88;22.10;1530;35;4620.00;323
11632;29;23261460;11632;710;13162;13483;3.89;0.24;373.94;22.10;1530;35;4621.00;321
11633;29;23261482;11633;704;13164;13483;3.96;0.24;373.94;22.09;1531;35;4622.00;319
11634;29;23261503;11634;706;13169;13487;4.00;0.24;374.01;22.09;1535;35;4623.00;318
11635;29;23261524;11635;703;13169;13487;4.03;0.25;374.00;22.09;1534;35;4624.00;318
11635;29;23261547;11635;703;13169;13487;4.10;0.25;374.00;22.09;1534;35;4625.00;318
11635;29;23261569;11635;707;13172;13490;4.18;0.26;374.00;22.08;1537;35;4626.00;318
11636;29;23261590;11636;694;13172;13490;4.23;0.26;373.99;22.08;1536;35;4627.00;318
11638;29;23261613;11638;693;13173;13490;4.21;0.26;373.98;22.08;1535;35;4628.00;317
11639;29;23261642;11639;692;13177;13494;4.19;0.26;373.97;22.08;1538;35;4629.00;317
11641;29;23261665;11641;690;13179;13495;4.16;0.25;373.94;22.08;1538;35;4630.00;316
11643;29;23261685;11643;685;13179;13495;4.15;0.25;373.94;22.08;1536;35;4631.00;316
11644;29;23261704;11644;691;13183;13499;4.16;0.25;373.91;22.07;1539;35;4632.00;316
11644;29;23261726;11644;692;13183;13499;4.16;0.25;373.91;22.07;1539;35;4633.00;316
11645;29;23261750;11645;693;13184;13499;4.18;0.25;373.95;22.07;1539;35;4634.00;315
11645;29;23261772;11645;690;13185;13501;4.17;0.25;373.95;22.07;1540;35;4635.00;316
11645;29;23261793;11645;690;13186;13501;4.17;0.25;373.95;22.07;1541;35;4636.00;315
11646;29;23261815;11646;692;13190;13507;4.23;0.26;374.01;22.06;1544;35;4637.00;317
11649;29;23261835;11649;688;13190;13507;4.23;0.26;373.93;22.06;1541;35;4638.00;317
11650;29;23261857;11650;684;13191;13508;4.25;0.26;373.93;22.14;1541;35;4639.00;317
11652;29;23261880;11652;672;13191;13508;4.30;0.26;373.93;22.14;1539;35;4640.00;317
11654;29;23261901;11654;666;13191;13508;4.33;0.26;374.00;22.14;1537;35;4641.00;317
11654;29;23261922;11654;645;13191;13508;4.36;0.26;374.00;22.14;1537;35;4642.00;317
11654;29;23261941;11654;648;13191;13508;4.38;0.27;374.00;22.14;1537;35;4643.00;317
11657;29;23261962;11657;639;13201;13520;4.45;0.27;374.07;22.12;1544;35;4644.00;319
11660;29;23261984;11660;626;13201;13520;4.50;0.27;374.12;22.12;1541;35;4645.00;319
11665;29;23262006;11665;619;13202;13520;4.54;0.28;374.18;22.12;1537;35;4646.00;318
11667;29;23262030;11667;621;13202;13520;4.57;0.28;374.18;22.12;1535;35;4647.00;318
11671;29;23262051;11671;616;13202;13520;4.60;0.28;374.19;22.12;1531;35;4648.00;318
11677;29;23262071;11677;618;13202;13520;4.58;0.28;374.23;22.12;1525;35;4649.00;318
11679;29;23262092;11679;621;13207;13526;4.55;0.28;374.27;22.11;1528;35;4650.00;319
11683;29;23262114;11683;615;13207;13526;4.53;0.27;374.30;22.11;1524;35;4651.00;319
11686;29;23262134;11686;614;13210;13530;4.47;0.27;374.30;22.11;1524;35;4652.00;320
11689;29;23262153;11689;618;13211;13531;4.43;0.27;374.33;22.11;1522;35;4653.00;320
11693;29;23262174;11693;616;13211;13531;4.36;0.26;374.39;22.11;1518;35;4654.00;320
11696;29;23262196;11696;616;13211;13531;4.31;0.26;374.44;22.11;1515;35;4655.00;320
11698;29;23262216;11698;618;13223;13544;4.24;0.26;374.41;22.17;1525;35;4656.00;321
11700;29;23262237;11700;616;13223;13544;4.24;0.26;374.39;22.17;1523;35;4657.00;321
11704;29;23262263;11704;621;13223;13544;4.20;0.26;374.38;22.17;1519;35;4658.00;321
11708;29;23262285;11708;624;13224;13545;4.18;0.25;374.35;22.16;1516;35;4659.00;321
11708;29;23262307;11708;630;13224;13546;4.20;0.25;374.35;22.16;1516;35;4660.00;322
11709;29;23262329;11709;643;13224;13546;4.20;0.26;374.37;22.16;1515;35;4661.00;322
11710;29;23262351;11710;642;13227;13549;4.18;0.25;374.41;22.16;1517;35;4662.00;322
11714;29;23262373;11714;644;13227;13549;4.18;0.25;374.44;22.16;1513;35;4663.00;322
11719;29;23262394;11719;643;13227;13549;4.20;0.25;374.36;22.16;1508;35;4664.00;322
11723;29;23262417;11723;646;13227;13549;4.20;0.25;374.30;22.16;1504;35;4665.00;322
11725;29;23262440;11725;635;13231;13555;4.27;0.26;374.34;22.15;1506;35;4666.00;324
11727;29;23262463;11727;641;13231;13555;4.29;0.26;374.30;22.15;1504;35;4667.00;324
11728;29;23262485;11728;645;13231;13555;4.26;0.26;374.30;22.15;1503;35;4668.00;324
11731;29;23262507;11731;648;13231;13555;4.23;0.26;374.35;22.15;1500;35;4669.00;324
11732;29;23262528;11732;640;13234;13559;4.24;0.26;374.34;22.15;1502;35;4670.00;325
11735;29;23262551;11735;642;13235;13560;4.22;0.26;374.40;22.15;1500;35;4671.00;325
11736;29;23262572;11736;648;13235;13560;4.24;0.26;374.39;22.15;1499;35;4672.00;325
11741;29;23262592;11741;650;13237;13561;4.22;0.25;374.53;22.15;1496;35;4673.00;324
11742;29;23262614;11742;657;13237;13561;4.22;0.26;374.64;22.15;1495;35;4674.00;324
11744;29;23262634;11744;662;13239;13561;4.21;0.25;374.67;22.15;1495;35;4675.00;322
11745;29;23262654;11745;652;13239;13561;4.27;0.26;374.79;22.15;1494;35;4676.00;322
11747;29;23262675;11747;653;13239;13561;4.31;0.26;374.82;22.15;1492;35;4677.00;322
11748;29;23262696;11748;655;13241;13561;4.30;0.26;374.82;22.15;1493;35;4678.00;320
11750;29;23262718;11750;657;13241;13561;4.28;0.26;374.86;22.15;1491;35;4679.00;320
11751;29;23262739;11751;679;13293;13686;4.46;0.27;374.92;22.06;1542;35;4680.00;393
11752;29;23262773;11752;672;13296;13687;4.45;0.27;375.02;22.06;1544;35;4681.00;391
11753;29;23262794;11753;662;13302;13687;4.50;0.28;375.07;22.05;1549;35;4682.00;385
11756;29;23262816;11756;664;13306;13687;4.49;0.28;375.05;22.04;1550;35;4683.00;381
11757;29;23262837;11757;676;13308;13687;4.48;0.28;375.13;22.04;1551;35;4684.00;379
11758;29;23262859;11758;673;13309;13687;4.42;0.27;375.12;22.04;1551;35;4685.00;378
11759;29;23262888;11759;679;13311;13687;4.42;0.27;375.11;22.04;1552;35;4686.00;376
11762;29;23262909;11762;686;13313;13687;4.40;0.27;375.17;22.04;1551;35;4687.00;374
11765;29;23262932;11765;683;13315;13688;4.38;0.27;375.23;22.03;1550;35;4688.00;373
11765;29;23262953;11765;688;13318;13689;4.39;0.27;375.23;22.03;1553;35;4689.00;371
11768;29;23262976;11768;688;13320;13689;4.38;0.27;375.28;22.03;1552;35;4690.00;369
11771;29;23262997;11771;687;13324;13693;4.38;0.27;375.38;22.03;1553;35;4691.00;369
11774;29;23263019;11774;684;13327;13693;4.33;0.26;375.49;22.02;1553;35;4692.00;366
11776;29;23263039;11776;683;13330;13693;4.32;0.26;375.48;22.02;1554;35;4693.00;363
11778;29;23263059;11778;678;13332;13693;4.32;0.26;375.56;22.02;1554;35;4694.00;361
11780;29;23263079;11780;669;13336;13699;4.31;0.26;375.63;22.01;1556;35;4695.00;363
11782;29;23263101;11782;676;13336;13699;4.29;0.26;375.71;22.01;1554;35;4696.00;363
11785;29;23263120;11785;685;13336;13699;4.24;0.26;375.82;22.01;1551;35;4697.00;363
11789;29;23263140;11789;680;13337;13702;4.21;0.26;375.83;22.01;1548;35;4698.00;365
11792;29;23263159;11792;678;13337;13702;4.19;0.26;375.90;22.01;1545;35;4699.00;365
11796;29;23263181;11796;678;13337;13702;4.16;0.25;375.93;22.01;1541;35;4700.00;365
11797;29;23263206;11797;678;13337;13703;4.17;0.25;375.98;22.01;1540;35;4701.00;366
11801;29;23263225;11801;674;13338;13704;4.20;0.25;375.98;22.01;1537;35;4702.00;366
11803;29;23263246;11803;673;13338;13704;4.20;0.26;376.04;22.01;1535;35;4703.00;366
11804;29;23263275;11804;671;13348;13717;4.27;0.26;376.05;21.99;1544;35;4704.00;369
11806;29;23263310;11806;664;13348;13717;4.27;0.26;376.10;21.99;1542;35;4705.00;369
11809;29;23263338;11809;668;13348;13717;4.28;0.26;376.25;21.99;1539;35;4706.00;369
11810;29;23263362;11810;667;13348;13718;4.31;0.26;376.26;21.99;1538;35;4707.00;370
11812;29;23263386;11812;662;13348;13718;4.30;0.26;376.27;21.99;1536;35;4708.00;370
11814;29;23263407;11814;667;13351;13722;4.30;0.26;376.29;21.99;1537;35;4709.00;371
11816;29;23263435;11816;668;13351;13722;4.33;0.26;376.25;21.99;1535;35;4710.00;371
11818;29;23263456;11818;670;13352;13726;4.30;0.26;376.38;21.99;1534;35;4711.00;374
11822;29;23263480;11822;672;13352;13726;4.26;0.26;376.49;21.99;1530;35;4712.00;374
11825;29;23263501;11825;679;13352;13726;4.26;0.26;376.47;21.99;1527;35;4713.00;374
11834;29;23263523;11834;671;13352;13726;4.22;0.26;376.59;21.99;1518;35;4714.00;374
11836;29;23263548;11836;668;13352;13726;4.18;0.25;376.69;21.99;1516;35;4715.00;374
11839;29;23263571;11839;664;13359;13738;4.14;0.25;376.83;21.98;1520;35;4716.00;379
11841;29;23263596;11841;665;13359;13738;4.07;0.25;376.92;21.98;1518;35;4717.00;379
11846;29;23263619;11846;665;13360;13738;4.01;0.25;376.97;21.97;1514;35;4718.00;378
11847;29;23263641;11847;660;13360;13738;3.98;0.24;376.97;21.97;1513;35;4719.00;378
11850;29;23263664;11850;660;13360;13738;3.94;0.24;377.07;21.97;1510;35;4720.00;378
11853;29;23263689;11853;656;13360;13738;3.88;0.24;377.13;21.97;1507;35;4721.00;378
11857;29;23263712;11857;666;13360;13739;3.78;0.23;377.11;21.97;1503;35;4722.00;379
11863;29;23263733;11863;674;13360;13739;3.64;0.22;377.14;21.97;1497;35;4723.00;379
11865;29;23263763;11865;683;13364;13745;3.58;0.22;377.12;21.97;1499;35;4724.00;381
11870;29;23263787;11870;677;13364;13747;3.52;0.22;377.19;21.97;1494;35;4725.00;383
11876;29;23263809;11876;672;13364;13747;3.46;0.21;377.19;21.97;1488;35;4726.00;383
11879;29;23263832;11879;666;13364;13747;3.42;0.21;377.22;21.97;1485;35;4727.00;383
11882;29;23263853;11882;658;13367;13751;3.45;0.21;377.34;21.96;1485;35;4728.00;384
11886;29;23263875;11886;657;13367;13751;3.40;0.21;377.41;21.96;1481;35;4729.00;384
11888;29;23263898;11888;660;13367;13751;3.38;0.21;377.42;21.96;1479;35;4730.00;384
11892;29;23263920;11892;658;13368;13752;3.38;0.21;377.46;21.96;1476;35;4731.00;384
11894;29;23263942;11894;654;13369;13756;3.36;0.21;377.54;21.96;1475;35;4732.00;387
11897;29;23263965;11897;649;13369;13756;3.35;0.21;377.69;21.96;1472;35;4733.00;387
11899;29;23263985;11899;651;13370;13759;3.34;0.20;377.71;21.96;1471;35;4734.00;389
11901;29;23264007;11901;636;13370;13759;3.33;0.21;377.81;21.96;1469;35;4735.00;389
11907;29;23264029;11907;635;13370;13759;3.32;0.20;377.94;21.96;1463;35;4736.00;389
11908;29;23264051;11908;629;13370;13759;3.35;0.21;377.95;21.96;1462;35;4737.00;389
11914;29;23264070;11914;627;13373;13763;3.36;0.21;378.08;21.95;1459;35;4738.00;390
11916;29;23264090;11916;623;13373;13763;3.40;0.21;378.10;21.95;1457;35;4739.00;390
11919;29;23264112;11919;633;13373;13763;3.41;0.21;378.11;21.95;1454;35;4740.00;390
11923;29;23264131;11923;626;13373;13763;3.41;0.21;378.21;21.95;1450;35;4741.00;390
11927;29;23264149;11927;624;13373;13764;3.39;0.21;378.31;21.95;1446;35;4742.00;391
11931;29;23264168;11931;629;13373;13765;3.38;0.21;378.40;21.95;1442;35;4743.00;392
11941;29;23264189;11941;624;13373;13765;3.31;0.20;378.42;21.95;1432;35;4744.00;392
11946;29;23264208;11946;622;13374;13766;3.28;0.20;378.50;21.95;1428;35;4745.00;392
11949;29;23264229;11949;635;13374;13766;3.25;0.20;378.63;21.95;1425;35;4746.00;392
11957;29;23264248;11957;631;13374;13766;3.17;0.19;378.69;21.95;1417;35;4747.00;392
11959;29;23264267;11959;630;13374;13766;3.14;0.19;378.74;21.95;1415;35;4748.00;392
11966;29;23264285;11966;632;13376;13766;3.08;0.19;378.65;22.04;1410;35;4749.00;390
11970;29;23264306;11970;625;13376;13766;3.04;0.19;378.63;22.04;1406;35;4750.00;390
11973;29;23264323;11973;636;13376;13766;3.01;0.19;378.60;22.04;1403;35;4751.00;390
11977;29;23264341;11977;644;13441;13893;3.31;0.21;378.57;21.94;1464;35;4752.00;452
11981;29;23264371;11981;642;13441;13894;3.26;0.21;378.57;21.94;1460;35;4753.00;453
11986;29;23264390;11986;638;13448;13894;3.27;0.21;378.56;21.94;1462;35;4754.00;446
11988;29;23264414;11988;631;13449;13894;3.28;0.21;378.55;21.94;1461;35;4755.00;445
11991;29;23264433;11991;629;13452;13894;3.32;0.21;378.58;21.94;1461;35;4756.00;442
11995;29;23264452;11995;629;13453;13894;3.33;0.21;378.64;21.94;1458;35;4757.00;441
11998;29;23264471;11998;630;13456;13894;3.34;0.21;378.69;21.94;1458;35;4758.00;438
12002;29;23264489;12002;642;13458;13894;3.37;0.21;378.66;21.94;1456;35;4759.00;436
12006;29;23264516;12006;638;13458;13895;3.36;0.21;378.68;21.94;1452;35;4760.00;437
12007;29;23264544;12007;639;13460;13896;3.37;0.21;378.65;21.94;1453;35;4761.00;436
12012;29;23264564;12012;639;13461;13896;3.29;0.21;378.60;21.94;1449;35;4762.00;435
12015;29;23264581;12015;644;13463;13897;3.28;0.21;378.59;21.94;1448;35;4763.00;434
12019;29;23264600;12019;645;13463;13897;3.23;0.20;378.52;21.94;1444;35;4764.00;434
12023;29;23264617;12023;652;13467;13897;3.22;0.20;378.53;22.03;1444;35;4765.00;430
12026;29;23264634;12026;657;13469;13897;3.25;0.20;378.58;22.03;1443;35;4766.00;428
12026;29;23264651;12026;664;13473;13901;3.30;0.21;378.58;22.03;1447;35;4767.00;428
12027;29;23264668;12027;661;13476;13901;3.32;0.21;378.59;22.11;1449;35;4768.00;425
12029;29;23264687;12029;674;13479;13901;3.32;0.21;378.73;22.11;1450;35;4769.00;422
12034;29;23264706;12034;674;13482;13907;3.30;0.20;378.83;22.12;1448;35;4770.00;425
12035;29;23264723;12035;682;13485;13907;3.26;0.20;378.83;22.13;1450;35;4771.00;422
12037;29;23264741;12037;676;13488;13907;3.26;0.20;378.82;22.20;1451;35;4772.00;419
12039;29;23264758;12039;678;13490;13911;3.29;0.20;378.80;22.20;1451;35;4773.00;421
12041;29;23264777;12041;672;13491;13912;3.29;0.20;378.81;22.20;1450;35;4774.00;421
12042;29;23264795;12042;667;13493;13912;3.32;0.21;378.81;22.21;1451;35;4775.00;419
12045;29;23264813;12045;671;13497;13916;3.35;0.21;378.75;22.28;1452;35;4776.00;419
12047;29;23264831;12047;658;13499;13916;3.39;0.21;378.74;22.29;1452;35;4777.00;417
12049;29;23264849;12049;650;13500;13916;3.46;0.21;378.68;22.29;1451;35;4778.00;416
12050;29;23264868;12050;638;13501;13917;3.52;0.22;378.68;22.29;1451;35;4779.00;416
12051;29;23264885;12051;638;13502;13917;3.54;0.22;378.69;22.30;1451;35;4780.00;415
12053;29;23264911;12053;623;13506;13923;3.59;0.22;378.69;22.29;1453;35;4781.00;417
12053;29;23264931;12053;606;13508;13923;3.64;0.22;378.69;22.29;1455;35;4782.00;415
12056;29;23264949;12056;592;13508;13924;3.70;0.23;378.75;22.29;1452;35;4783.00;416
12056;29;23264975;12056;579;13509;13924;3.80;0.23;378.75;22.30;1453;35;4784.00;415
12060;29;23264993;12060;573;13509;13924;3.88;0.24;378.80;22.30;1449;35;4785.00;415
12062;29;23265016;12062;559;13509;13924;3.95;0.24;378.75;22.30;1447;35;4786.00;415
12063;29;23265036;12063;547;13511;13924;4.02;0.25;378.79;22.30;1448;35;4787.00;413
12065;29;23265056;12065;546;13520;13936;4.18;0.26;378.75;22.29;1455;35;4788.00;416
12066;29;23265077;12066;537;13521;13936;4.21;0.26;378.72;22.30;1455;35;4789.00;415
12067;29;23265097;12067;544;13523;13936;4.26;0.26;378.73;22.30;1456;35;4790.00;413
12069;29;23265115;12069;543;13523;13936;4.25;0.26;378.75;22.30;1454;35;4791.00;413
12070;29;23265135;12070;541;13524;13936;4.33;0.27;378.73;22.30;1454;35;4792.00;412
12072;29;23265154;12072;544;13525;13936;4.40;0.27;378.74;22.37;1453;35;4793.00;411
12073;29;23265174;12073;535;13527;13940;4.45;0.27;378.78;22.37;1454;35;4794.00;413
12074;29;23265194;12074;529;13528;13940;4.50;0.28;378.80;22.37;1454;35;4795.00;412
12075;29;23265220;12075;523;13531;13944;4.55;0.28;378.81;22.37;1456;35;4796.00;413
12077;29;23265240;12077;528;13533;13945;4.59;0.28;378.79;22.37;1456;35;4797.00;412
12078;29;23265259;12078;523;13533;13945;4.63;0.28;378.81;22.37;1455;35;4798.00;412
12083;29;23265279;12083;518;13535;13945;4.65;0.28;378.95;22.38;1452;35;4799.00;410
12084;29;23265302;12084;519;13554;13986;4.72;0.29;378.97;22.34;1470;35;4800.00;432
12085;29;23265330;12085;526;13554;13986;4.76;0.29;378.97;22.34;1469;35;4801.00;432
12089;29;23265351;12089;519;13556;13986;4.76;0.29;378.96;22.34;1467;35;4802.00;430
12090;29;23265370;12090;520;13559;13987;4.80;0.29;378.94;22.34;1469;35;4803.00;428
12094;29;23265390;12094;518;13560;13988;4.75;0.29;379.03;22.34;1466;35;4804.00;428
12100;29;23265410;12100;518;13562;13988;4.73;0.29;379.08;22.34;1462;35;4805.00;426
12100;29;23265431;12100;533;13564;13991;4.78;0.29;379.08;22.34;1464;35;4806.00;427
12103;29;23265451;12103;529;13565;13991;4.79;0.29;379.08;22.34;1462;35;4807.00;426
12104;29;23265470;12104;538;13565;13991;4.82;0.29;379.12;22.34;1461;35;4808.00;426
12105;29;23265490;12105;548;13566;13991;4.85;0.30;379.12;22.34;1461;35;4809.00;425
12109;29;23265509;12109;548;13571;13997;4.84;0.30;379.28;22.34;1462;35;4810.00;426
12112;29;23265531;12112;545;13572;13997;4.83;0.29;379.42;22.34;1460;35;4811.00;425
12112;29;23265551;12112;558;13575;13997;4.84;0.29;379.42;22.35;1463;35;4812.00;422
12114;29;23265571;12114;559;13576;13997;4.86;0.30;379.49;22.35;1462;35;4813.00;421
12115;29;23265590;12115;568;13577;14001;4.86;0.30;379.52;22.35;1462;35;4814.00;424
12118;29;23265611;12118;566;13577;14003;4.89;0.30;379.53;22.35;1459;35;4815.00;426
12121;29;23265632;12121;565;13579;14003;4.92;0.30;379.69;22.35;1458;35;4816.00;424
12124;29;23265651;12124;570;13580;14004;4.94;0.30;379.86;22.35;1456;35;4817.00;424
12126;29;23265671;12126;565;13581;14004;4.96;0.30;379.87;22.35;1455;35;4818.00;423
12129;29;23265690;12129;564;13581;14004;4.97;0.30;379.99;22.35;1452;35;4819.00;423
12132;29;23265718;12132;564;13581;14004;4.98;0.30;380.10;22.35;1449;35;4820.00;423
12132;29;23265738;12132;553;13582;14004;5.02;0.31;380.10;22.36;1450;35;4821.00;422
12135;29;23265757;12135;546;13583;14004;5.06;0.31;380.22;22.36;1448;35;4822.00;421
12138;29;23265778;12138;538;13583;14004;5.07;0.31;380.28;22.36;1445;35;4823.00;421
12139;29;23265799;12139;552;13622;14074;5.11;0.31;380.33;22.55;1483;36;4824.00;452
12142;29;23265837;12142;552;13625;14075;5.15;0.31;380.35;22.55;1483;36;4825.00;450
12144;29;23265871;12144;533;13629;14075;5.19;0.32;380.35;22.55;1485;36;4826.00;446
12147;29;23265901;12147;525;13631;14075;5.19;0.32;380.41;22.54;1484;36;4827.00;444
12152;29;23265933;12152;533;13635;14077;5.16;0.32;380.59;22.54;1483;36;4828.00;442
12155;29;23265954;12155;530;13636;14077;5.14;0.31;380.74;22.54;1481;36;4829.00;441
12162;29;23265976;12162;537;13638;14077;5.11;0.31;380.88;22.54;1476;36;4830.00;439
12164;29;23266000;12164;543;13639;14077;5.11;0.31;380.89;22.54;1475;36;4831.00;438
12168;29;23266022;12168;539;13640;14078;5.12;0.31;381.02;22.54;1472;36;4832.00;438
12172;29;23266058;12172;535;13643;14079;5.10;0.31;381.02;22.53;1471;36;4833.00;436
12178;29;23266083;12178;541;13647;14079;5.02;0.31;381.08;22.53;1469;36;4834.00;432
12181;29;23266114;12181;542;13648;14083;4.98;0.30;381.10;22.53;1467;36;4835.00;435
12182;29;23266136;12182;550;13648;14083;4.96;0.30;381.16;22.53;1466;36;4836.00;435
12186;29;23266158;12186;560;13648;14083;4.89;0.30;381.31;22.53;1462;36;4837.00;435
12191;29;23266181;12191;555;13648;14083;4.84;0.29;381.49;22.53;1457;36;4838.00;435
12193;29;23266208;12193;555;13652;14089;4.84;0.29;381.56;22.52;1459;37;4839.00;437
12195;29;23266241;12195;555;13653;14089;4.84;0.29;381.66;22.61;1458;37;4840.00;436
12196;29;23266273;12196;559;13653;14089;4.83;0.29;381.70;22.61;1457;37;4841.00;436
12199;29;23266292;12199;558;13655;14092;4.82;0.29;381.80;22.61;1456;37;4842.00;437
12201;29;23266313;12201;565;13655;14092;4.79;0.29;381.82;22.61;1454;37;4843.00;437
12204;29;23266333;12204;559;13656;14092;4.76;0.29;381.82;22.68;1452;37;4844.00;436
12206;29;23266353;12206;557;13656;14093;4.72;0.29;381.82;22.68;1450;37;4845.00;437
12209;29;23266378;12209;556;13657;14094;4.69;0.28;381.80;22.68;1448;37;4846.00;437
12210;29;23266400;12210;563;13658;14094;4.70;0.28;381.87;22.68;1448;37;4847.00;436
12212;29;23266423;12212;573;13665;14107;4.69;0.28;381.84;22.67;1453;37;4848.00;442
12215;29;23266446;12215;576;13665;14107;4.68;0.28;381.85;22.67;1450;37;4849.00;442
12218;29;23266466;12218;589;13666;14107;4.66;0.28;381.94;22.67;1448;37;4850.00;441
12223;29;23266485;12223;584;13667;14108;4.63;0.28;382.06;22.67;1444;37;4851.00;441
12224;29;23266504;12224;591;13669;14108;4.66;0.28;382.09;22.67;1445;37;4852.00;439
12228;29;23266521;12228;594;13673;14112;4.67;0.28;382.02;22.66;1445;37;4853.00;439
12230;29;23266542;12230;593;13673;14112;4.66;0.28;382.07;22.66;1443;37;4854.00;439
12230;29;23266575;12230;595;13674;14116;4.67;0.28;382.07;22.66;1444;37;4855.00;442
12233;29;23266605;12233;598;13674;14116;4.63;0.28;382.07;22.66;1441;37;4856.00;442
12235;29;23266636;12235;600;13674;14116;4.60;0.28;382.14;22.66;1439;37;4857.00;442
12237;29;23266663;12237;602;13674;14116;4.60;0.28;382.25;22.66;1437;37;4858.00;442
12241;29;23266689;12241;607;13674;14116;4.58;0.28;382.42;22.66;1433;37;4859.00;442
12242;29;23266716;12242;610;13693;14150;4.68;0.29;382.41;22.63;1451;37;4860.00;457
12247;29;23266739;12247;616;13693;14150;4.62;0.28;382.58;22.63;1446;37;4861.00;457
12247;29;23266758;12247;621;13695;14150;4.61;0.28;382.58;22.63;1448;37;4862.00;455
12250;29;23266779;12250;619;13696;14150;4.57;0.28;382.62;22.71;1446;37;4863.00;454
12251;29;23266798;12251;622;13697;14150;4.53;0.28;382.65;22.71;1446;37;4864.00;453
12254;29;23266817;12254;626;13697;14150;4.50;0.27;382.81;22.71;1443;37;4865.00;453
12255;29;23266836;12255;635;13697;14151;4.49;0.27;382.85;22.71;1442;37;4866.00;454
12257;29;23266854;12257;635;13697;14151;4.48;0.27;382.89;22.71;1440;37;4867.00;454
12259;29;23266873;12259;632;13701;14157;4.48;0.27;382.90;22.70;1442;37;4868.00;456
12261;29;23266892;12261;630;13701;14158;4.48;0.27;382.96;22.70;1440;37;4869.00;457
12264;29;23266912;12264;632;13701;14158;4.46;0.27;382.97;22.70;1437;37;4870.00;457
12267;29;23266930;12267;630;13701;14158;4.42;0.27;383.06;22.70;1434;37;4871.00;457
12268;29;23266949;12268;634;13704;14162;4.42;0.27;383.03;22.70;1436;37;4872.00;458
12270;29;23266967;12270;631;13704;14162;4.36;0.27;382.98;22.70;1434;37;4873.00;458
12274;29;23266984;12274;637;13704;14162;4.25;0.26;383.19;22.70;1430;37;4874.00;458
12277;29;23267002;12277;639;13705;14163;4.15;0.25;383.16;22.70;1428;37;4875.00;458
12280;29;23267022;12280;643;13706;14167;4.11;0.25;383.23;22.69;1426;37;4876.00;461
12282;29;23267039;12282;648;13706;14167;4.11;0.25;383.26;22.69;1424;37;4877.00;461
12283;29;23267056;12283;648;13707;14170;4.14;0.25;383.25;22.69;1424;37;4878.00;463
12288;29;23267074;12288;646;13707;14170;4.14;0.25;383.26;22.69;1419;37;4879.00;463
12290;29;23267092;12290;649;13707;14170;4.17;0.25;383.30;22.69;1417;37;4880.00;463
12293;29;23267109;12293;635;13707;14170;4.17;0.25;383.31;22.69;1414;37;4881.00;463
12297;29;23267125;12297;630;13710;14174;4.21;0.26;383.34;22.69;1413;37;4882.00;464
12300;29;23267142;12300;630;13710;14174;4.23;0.26;383.46;22.69;1410;37;4883.00;464
12301;29;23267159;12301;622;13710;14174;4.24;0.26;383.50;22.69;1409;37;4884.00;464
12307;29;23267176;12307;624;13710;14174;4.25;0.26;383.64;22.69;1403;37;4885.00;464
12309;29;23267193;12309;623;13710;14175;4.31;0.26;383.69;22.69;1401;37;4886.00;465
12312;29;23267210;12312;625;13710;14176;4.31;0.26;383.73;22.69;1398;37;4887.00;466
12319;29;23267226;12319;622;13710;14176;4.28;0.26;383.85;22.69;1391;37;4888.00;466
12323;29;23267244;12323;628;13711;14177;4.25;0.26;383.88;22.69;1388;37;4889.00;466
12324;29;23267263;12324;627;13711;14177;4.25;0.26;383.92;22.69;1387;37;4890.00;466
12330;29;23267278;12330;630;13711;14177;4.18;0.26;383.93;22.69;1381;37;4891.00;466
12333;29;23267295;12333;639;13711;14177;4.10;0.25;384.11;22.69;1378;37;4892.00;466
12336;29;23267312;12336;649;13711;14177;4.02;0.25;384.23;22.69;1375;37;4893.00;466
12338;29;23267326;12338;650;13711;14177;3.98;0.24;384.24;22.69;1373;37;4894.00;466
12343;29;23267345;12343;649;13713;14177;3.89;0.24;384.24;22.72;1370;37;4895.00;464
12347;29;23267362;12347;653;13770;14304;4.11;0.26;384.25;22.62;1423;37;4896.00;534
12351;29;23267390;12351;651;13774;14305;4.00;0.25;384.25;22.61;1423;37;4897.00;531
12354;29;23267407;12354;653;13782;14305;3.94;0.25;384.29;22.60;1428;37;4898.00;523
12356;29;23267423;12356;650;13785;14305;3.87;0.24;384.31;22.60;1429;37;4899.00;520
12359;29;23267442;12359;634;13789;14305;3.82;0.24;384.30;22.59;1430;37;4900.00;516
12363;29;23267466;12363;625;13791;14305;3.75;0.23;384.22;22.59;1428;37;4901.00;514
12368;29;23267483;12368;621;13793;14305;3.74;0.23;384.23;22.59;1425;37;4902.00;512
12370;29;23267500;12370;618;13795;14305;3.73;0.23;384.20;22.59;1425;37;4903.00;510
12375;29;23267517;12375;613;13796;14306;3.75;0.23;384.22;22.58;1421;37;4904.00;510
12377;29;23267535;12377;617;13797;14308;3.76;0.23;384.18;22.58;1420;37;4905.00;511
12379;29;23267551;12379;600;13799;14308;3.80;0.23;384.22;22.58;1420;37;4906.00;509
12380;29;23267569;12380;592;13800;14309;3.83;0.24;384.21;22.58;1420;37;4907.00;509
12385;29;23267585;12385;582;13801;14309;3.83;0.24;384.32;22.58;1416;37;4908.00;508
12387;29;23267603;12387;576;13803;14309;3.85;0.24;384.27;22.58;1416;37;4909.00;506
12389;29;23267620;12389;566;13804;14309;3.87;0.24;384.26;22.58;1415;37;4910.00;505
12395;29;23267639;12395;567;13807;14313;3.88;0.24;384.24;22.57;1412;37;4911.00;506
12399;29;23267658;12399;566;13807;14313;3.86;0.24;384.26;22.57;1408;37;4912.00;506
12403;29;23267676;12403;565;13808;14313;3.84;0.24;384.27;22.58;1405;37;4913.00;505
12405;29;23267694;12405;559;13809;14316;3.85;0.24;384.22;22.58;1404;37;4914.00;507
12408;29;23267712;12408;562;13809;14316;3.81;0.23;384.22;22.58;1401;37;4915.00;507
12411;29;23267730;12411;563;13809;14316;3.78;0.23;384.19;22.58;1398;37;4916.00;507
12413;29;23267748;12413;568;13810;14320;3.77;0.23;384.20;22.58;1397;37;4917.00;510
12415;29;23267772;12415;569;13812;14321;3.75;0.23;384.18;22.59;1397;37;4918.00;509
12422;29;23267792;12422;571;13812;14321;3.67;0.23;384.22;22.59;1390;37;4919.00;509
12425;29;23267838;12425;575;13816;14326;3.65;0.22;384.17;22.59;1391;37;4920.00;510
12428;29;23267864;12428;580;13817;14326;3.63;0.22;384.15;22.60;1389;37;4921.00;509
12432;29;23267883;12432;578;13819;14326;3.58;0.22;384.19;22.60;1387;37;4922.00;507
12436;29;23267901;12436;585;13820;14327;3.55;0.22;384.15;22.61;1384;37;4923.00;507
12439;29;23267918;12439;583;13820;14327;3.48;0.21;384.13;22.61;1381;37;4924.00;507
12442;29;23267936;12442;592;13826;14333;3.49;0.21;384.14;22.62;1384;37;4925.00;507
12443;29;23267953;12443;596;13826;14333;3.48;0.21;384.11;22.62;1383;37;4926.00;507
12449;29;23267971;12449;582;13826;14334;3.41;0.21;384.10;22.62;1377;37;4927.00;508
12451;29;23267988;12451;586;13829;14334;3.36;0.20;384.08;22.65;1378;37;4928.00;505
12453;29;23268005;12453;594;13832;14334;3.32;0.20;384.06;22.68;1379;37;4929.00;502
12459;29;23268021;12459;595;13833;14334;3.28;0.20;384.02;22.68;1374;37;4930.00;501
12461;29;23268038;12461;600;13835;14334;3.25;0.20;384.08;22.70;1374;37;4931.00;499
12463;29;23268067;12463;600;13843;14346;3.28;0.20;384.09;22.71;1380;37;4932.00;503
12465;29;23268090;12465;605;13845;14346;3.25;0.20;384.10;22.72;1380;37;4933.00;501
12466;29;23268112;12466;598;13848;14346;3.29;0.20;384.15;22.74;1382;37;4934.00;498
12469;29;23268130;12469;585;13849;14346;3.29;0.20;384.16;22.75;1380;37;4935.00;497
12473;29;23268148;12473;582;13850;14346;3.34;0.20;384.25;22.76;1377;37;4936.00;496
12475;29;23268167;12475;576;13850;14346;3.39;0.21;384.25;22.76;1375;37;4937.00;496
12477;29;23268185;12477;574;13853;14350;3.46;0.21;384.29;22.77;1376;37;4938.00;497
12481;29;23268203;12481;573;13854;14350;3.45;0.21;384.23;22.79;1373;37;4939.00;496
12482;29;23268221;12482;569;13859;14354;3.54;0.22;384.22;22.79;1377;37;4940.00;495
12485;29;23268250;12485;575;13860;14355;3.58;0.22;384.26;22.80;1375;37;4941.00;495
12488;29;23268267;12488;568;13863;14355;3.59;0.22;384.28;22.90;1375;37;4942.00;492
12490;29;23268286;12490;570;13863;14355;3.61;0.22;384.35;22.90;1373;37;4943.00;492
12495;29;23268314;12495;574;13874;14368;3.73;0.23;384.49;22.89;1379;37;4944.00;494
12496;29;23268333;12496;578;13876;14368;3.77;0.23;384.49;22.90;1380;37;4945.00;492
12497;29;23268350;12497;577;13877;14368;3.80;0.23;384.52;22.90;1380;37;4946.00;491
12500;29;23268368;12500;560;13878;14369;3.85;0.23;384.50;22.90;1378;37;4947.00;491
12501;29;23268387;12501;548;13880;14370;3.94;0.24;384.49;22.91;1379;37;4948.00;490
12503;29;23268405;12503;535;13881;14370;4.03;0.25;384.53;22.92;1378;37;4949.00;489
12504;29;23268424;12504;527;13887;14379;4.14;0.25;384.56;22.93;1383;37;4950.00;492
12505;29;23268445;12505;517;13888;14379;4.20;0.26;384.57;22.93;1383;37;4951.00;491
12507;29;23268463;12507;512;13890;14379;4.23;0.26;384.55;22.93;1383;37;4952.00;489
12508;29;23268481;12508;515;13891;14379;4.29;0.26;384.58;22.94;1383;37;4953.00;488
12510;29;23268500;12510;519;13896;14385;4.31;0.26;384.61;22.93;1386;37;4954.00;489
12512;29;23268518;12512;515;13899;14385;4.35;0.27;384.62;22.94;1387;37;4955.00;486
12514;29;23268537;12514;499;13899;14385;4.37;0.27;384.73;22.94;1385;37;4956.00;486
12515;29;23268556;12515;495;13901;14385;4.45;0.27;384.73;22.95;1386;37;4957.00;484
12518;29;23268575;12518;485;13903;14389;4.51;0.28;384.71;23.02;1385;37;4958.00;486
12519;29;23268594;12519;477;13903;14390;4.61;0.28;384.75;23.02;1384;37;4959.00;487
12522;29;23268614;12522;477;13905;14390;4.69;0.29;384.90;23.03;1383;37;4960.00;485
12523;29;23268632;12523;474;13907;14391;4.79;0.29;384.93;23.03;1384;37;4961.00;484
12528;29;23268651;12528;477;13908;14391;4.83;0.29;385.08;23.04;1380;37;4962.00;483
12531;29;23268672;12531;469;13908;14391;4.86;0.30;385.13;23.04;1377;37;4963.00;483
12535;29;23268691;12535;464;13909;14391;4.88;0.30;385.20;23.04;1374;37;4964.00;482
12538;29;23268710;12538;468;13909;14391;4.91;0.30;385.18;23.04;1371;37;4965.00;482
12541;29;23268730;12541;470;13910;14391;4.88;0.30;385.21;23.04;1369;37;4966.00;481
12543;29;23268749;12543;463;13910;14391;4.92;0.30;385.28;23.04;1367;37;4967.00;481
12544;29;23268769;12544;477;13949;14461;4.94;0.30;385.37;22.98;1405;37;4968.00;512
12548;29;23268795;12548;463;13950;14462;4.92;0.30;385.57;22.98;1402;37;4969.00;512
12549;29;23268816;12549;452;13953;14462;4.97;0.30;385.62;22.98;1404;37;4970.00;509
12551;29;23268835;12551;439;13954;14462;5.00;0.31;385.69;22.99;1403;37;4971.00;508
12556;29;23268854;12556;438;13956;14462;5.01;0.30;385.87;23.00;1400;37;4972.00;506
12558;29;23268874;12558;441;13957;14462;4.98;0.30;385.91;23.08;1399;37;4973.00;505
12560;29;23268892;12560;442;13960;14462;4.99;0.30;385.97;23.10;1400;37;4974.00;502
12562;29;23268914;12562;444;13961;14462;5.00;0.30;386.01;23.09;1399;37;4975.00;501
12563;29;23268935;12563;453;13962;14463;5.03;0.31;386.06;23.10;1399;37;4976.00;501
12567;29;23268954;12567;457;13964;14464;5.06;0.31;386.18;23.10;1397;37;4977.00;500
12567;29;23268974;12567;466;13965;14464;5.11;0.31;386.18;23.10;1398;37;4978.00;499
12569;29;23268995;12569;470;13968;14468;5.16;0.31;386.25;23.10;1399;37;4979.00;500
12571;29;23269023;12571;476;13971;14468;5.18;0.32;386.31;23.10;1400;37;4980.00;497
12574;29;23269045;12574;486;13973;14468;5.16;0.31;386.29;23.10;1399;37;4981.00;495
12577;29;23269077;12577;492;13975;14468;5.16;0.31;386.39;23.10;1398;37;4982.00;493
12581;29;23269101;12581;497;13980;14474;5.11;0.31;386.47;23.10;1399;37;4983.00;494
12584;29;23269133;12584;505;13980;14474;5.06;0.31;386.59;23.10;1396;37;4984.00;494
12588;29;23269153;12588;509;13980;14474;4.99;0.30;386.59;23.10;1392;37;4985.00;494
12588;29;23269176;12588;513;13981;14477;5.02;0.31;386.59;23.09;1393;37;4986.00;496
12590;29;23269198;12590;519;13981;14477;5.02;0.31;386.62;23.09;1391;37;4987.00;496
12591;29;23269220;12591;522;13981;14477;5.03;0.31;386.71;23.09;1390;37;4988.00;496
12594;29;23269240;12594;518;13982;14478;5.04;0.31;386.78;23.10;1388;37;4989.00;496
12597;29;23269263;12597;520;13983;14479;5.07;0.31;386.85;23.10;1386;37;4990.00;496
12600;29;23269284;12600;511;13983;14479;5.06;0.31;386.80;23.10;1383;37;4991.00;496
12603;29;23269305;12603;500;13993;14492;5.06;0.31;386.90;23.08;1390;37;4992.00;499
12606;29;23269326;12606;494;13993;14492;5.03;0.31;387.00;23.08;1387;37;4993.00;499
12608;29;23269349;12608;487;13993;14492;5.06;0.31;387.09;23.08;1385;37;4994.00;499
12613;29;23269369;12613;485;13993;14494;5.10;0.31;387.12;23.08;1380;37;4995.00;501
12616;29;23269389;12616;478;13994;14494;5.10;0.31;387.16;23.09;1378;37;4996.00;500
12617;29;23269410;12617;482;13997;14498;5.16;0.31;387.17;23.08;1380;37;4997.00;501
12619;29;23269434;12619;479;13997;14498;5.21;0.32;387.19;23.08;1378;37;4998.00;501
12620;29;23269454;12620;471;13998;14502;5.22;0.32;387.18;23.08;1378;37;4999.00;504
12625;29;23269476;12625;470;13999;14502;5.19;0.32;387.31;23.16;1374;37;5000.00;503
12629;29;23269501;12629;469;13999;14502;5.16;0.31;387.33;23.16;1370;37;5001.00;503
12633;29;23269520;12633;470;13999;14502;5.13;0.31;387.44;23.16;1366;37;5002.00;503
12636;29;23269540;12636;467;13999;14502;5.05;0.31;387.43;23.16;1363;37;5003.00;503
12639;29;23269560;12639;472;14008;14514;5.05;0.31;387.53;23.15;1369;37;5004.00;506
12643;29;23269582;12643;469;14008;14514;5.02;0.31;387.69;23.15;1365;37;5005.00;506
12645;29;23269603;12645;467;14008;14514;5.02;0.30;387.73;23.15;1363;37;5006.00;506
12648;29;23269623;12648;460;14008;14514;5.00;0.30;387.74;23.15;1360;37;5007.00;506
12654;29;23269644;12654;454;14008;14514;5.02;0.30;387.94;23.15;1354;37;5008.00;506
12656;29;23269667;12656;438;14008;14514;5.06;0.31;388.03;23.15;1352;37;5009.00;506
12657;29;23269688;12657;435;14009;14515;5.12;0.31;388.02;23.16;1352;37;5010.00;506
12660;29;23269717;12660;434;14009;14515;5.14;0.31;388.06;23.16;1349;37;5011.00;506
12664;29;23269737;12664;428;14014;14521;5.23;0.32;388.19;23.16;1350;37;5012.00;507
12667;29;23269757;12667;435;14014;14522;5.23;0.32;388.21;23.16;1347;37;5013.00;508
12668;29;23269778;12668;431;14014;14522;5.21;0.32;388.21;23.16;1346;37;5014.00;508
12670;29;23269800;12670;435;14014;14522;5.23;0.32;388.21;23.16;1344;37;5015.00;508
12675;29;23269819;12675;439;14018;14526;5.21;0.32;388.30;23.23;1343;37;5016.00;508
12679;29;23269839;12679;439;14018;14526;5.20;0.32;388.30;23.23;1339;37;5017.00;508
12682;29;23269859;12682;438;14018;14526;5.25;0.32;388.34;23.23;1336;37;5018.00;508
12683;29;23269880;12683;444;14019;14527;5.27;0.32;388.34;23.23;1336;37;5019.00;508
12688;29;23269901;12688;447;14020;14531;5.26;0.32;388.40;23.23;1332;37;5020.00;511
12688;29;23269922;12688;456;14020;14531;5.31;0.32;388.40;23.23;1332;37;5021.00;511
12693;29;23269941;12693;461;14021;14534;5.31;0.32;388.33;23.23;1328;37;5022.00;513
12694;29;23269959;12694;466;14021;14534;5.32;0.32;388.34;23.23;1327;37;5023.00;513
12698;29;23269979;12698;473;14022;14534;5.30;0.32;388.39;23.32;1324;37;5024.00;512
12700;29;23270005;12700;480;14022;14534;5.30;0.32;388.47;23.32;1322;37;5025.00;512
12702;29;23270030;12702;485;14025;14538;5.30;0.32;388.66;23.32;1323;37;5026.00;513
12704;29;23270049;12704;491;14025;14538;5.32;0.32;388.76;23.32;1321;37;5027.00;513
12706;29;23270068;12706;495;14025;14538;5.29;0.32;388.74;23.32;1319;37;5028.00;513
12708;29;23270088;12708;500;14025;14538;5.29;0.32;388.78;23.32;1317;37;5029.00;513
12712;29;23270108;12712;500;14025;14539;5.26;0.32;388.87;23.32;1313;37;5030.00;514
12714;29;23270126;12714;504;14025;14540;5.26;0.32;388.94;23.32;1311;37;5031.00;515
12715;29;23270145;12715;506;14025;14540;5.23;0.32;388.93;23.32;1310;37;5032.00;515
12718;29;23270164;12718;505;14026;14541;5.23;0.32;389.06;23.32;1308;37;5033.00;515
12721;29;23270186;12721;504;14026;14541;5.21;0.32;389.17;23.32;1305;37;5034.00;515
12723;29;23270206;12723;508;14026;14541;5.20;0.32;389.30;23.32;1303;37;5035.00;515
12724;29;23270226;12724;507;14026;14541;5.22;0.32;389.30;23.32;1302;37;5036.00;515
12724;29;23270246;12724;518;14026;14541;5.22;0.32;389.30;23.32;1302;37;5037.00;515
12727;29;23270264;12727;521;14026;14541;5.23;0.32;389.36;23.32;1299;37;5038.00;515
12732;29;23270281;12732;520;14026;14541;5.20;0.32;389.46;23.32;1294;37;5039.00;515
12735;29;23270301;12735;538;14104;14771;5.58;0.35;389.48;23.19;1369;37;5040.00;667
12735;29;23270349;12735;526;14107;14772;5.62;0.35;389.48;23.18;1372;37;5041.00;665
12740;29;23270378;12740;526;14116;14772;5.66;0.36;389.55;23.17;1376;37;5042.00;656
12743;29;23270406;12743;524;14122;14772;5.69;0.36;389.54;23.16;1379;37;5043.00;650
12745;29;23270438;12745;524;14130;14772;5.66;0.35;389.59;23.15;1385;37;5044.00;642
12750;29;23270480;12750;524;14137;14772;5.59;0.35;389.66;23.14;1387;37;5045.00;635
12751;29;23270525;12751;525;14142;14772;5.62;0.35;389.66;23.13;1391;37;5046.00;630
12756;29;23270554;12756;526;14148;14772;5.58;0.35;389.69;23.13;1392;37;5047.00;624
12758;29;23270584;12758;532;14152;14773;5.56;0.35;389.69;23.12;1394;37;5048.00;621
12762;29;23270603;12762;525;14155;14774;5.58;0.35;389.68;23.12;1393;37;5049.00;619
12764;29;23270621;12764;532;14159;14774;5.54;0.34;389.72;23.12;1395;37;5050.00;615
12768;29;23270640;12768;534;14161;14775;5.47;0.34;389.75;23.11;1393;37;5051.00;614
12771;29;23270658;12771;530;14165;14775;5.39;0.33;389.76;23.11;1394;37;5052.00;610
12776;29;23270677;12776;537;14167;14775;5.33;0.33;389.76;23.11;1391;37;5053.00;608
12777;29;23270696;12777;542;14169;14775;5.28;0.33;389.85;23.11;1392;37;5054.00;606
12781;29;23270713;12781;543;14173;14779;5.22;0.32;389.93;23.10;1392;37;5055.00;606
12783;29;23270732;12783;553;14175;14779;5.20;0.32;389.99;23.10;1392;37;5056.00;604
12785;29;23270750;12785;557;14177;14779;5.11;0.31;390.05;23.10;1392;37;5057.00;602
12785;29;23270777;12785;563;14179;14782;5.11;0.31;390.05;23.10;1394;37;5058.00;603
12787;29;23270796;12787;564;14180;14782;5.14;0.32;390.09;23.10;1393;37;5059.00;602
12791;29;23270815;12791;575;14183;14782;5.13;0.32;390.08;23.10;1392;37;5060.00;599
12795;29;23270843;12795;572;14185;14786;5.12;0.31;390.07;23.10;1390;37;5061.00;601
12796;29;23270873;12796;580;14188;14787;5.13;0.32;390.07;23.10;1392;37;5062.00;599
12798;29;23270902;12798;574;14189;14787;5.13;0.32;390.06;23.09;1391;37;5063.00;598
12806;29;23270925;12806;578;14191;14791;5.08;0.31;389.99;23.09;1385;37;5064.00;600
12810;29;23270947;12810;578;14194;14791;5.05;0.31;390.01;23.09;1384;37;5065.00;597
12812;29;23270967;12812;589;14195;14791;4.99;0.30;389.99;23.09;1383;37;5066.00;596
12815;29;23270984;12815;590;14197;14792;4.91;0.30;390.02;23.09;1382;37;5067.00;595
12819;29;23271002;12819;598;14197;14792;4.82;0.29;389.93;23.09;1378;37;5068.00;595
12822;29;23271020;12822;595;14201;14798;4.81;0.29;389.88;23.09;1379;37;5069.00;597
12825;29;23271040;12825;604;14203;14798;4.76;0.29;389.83;23.11;1378;37;5070.00;595
12830;29;23271064;12830;612;14205;14799;4.63;0.28;389.74;23.13;1375;37;5071.00;594
12833;29;23271084;12833;617;14205;14799;4.54;0.28;389.70;23.13;1372;37;5072.00;594
12836;29;23271103;12836;621;14205;14799;4.40;0.27;389.72;23.13;1369;37;5073.00;594
12839;29;23271121;12839;630;14205;14799;4.27;0.26;389.69;23.13;1366;37;5074.00;594
12841;29;23271138;12841;620;14206;14799;4.20;0.26;389.67;23.15;1365;37;5075.00;593
12842;29;23271162;12842;619;14213;14811;4.19;0.26;389.67;23.14;1371;37;5076.00;598
12845;29;23271181;12845;627;14213;14811;4.11;0.25;389.65;23.14;1368;37;5077.00;598
12849;29;23271198;12849;631;14214;14811;4.09;0.25;389.60;23.14;1365;37;5078.00;597
12851;29;23271214;12851;638;14214;14811;4.08;0.25;389.58;23.14;1363;37;5079.00;597
12853;29;23271231;12853;637;14214;14811;4.06;0.25;389.61;23.14;1361;37;5080.00;597
12855;29;23271247;12855;637;14214;14811;4.04;0.25;389.68;23.14;1359;37;5081.00;597
12859;29;23271263;12859;641;14215;14815;4.00;0.24;389.68;23.13;1356;37;5082.00;600
12861;29;23271280;12861;633;14215;14815;3.94;0.24;389.63;23.13;1354;37;5083.00;600
12864;29;23271297;12864;619;14218;14819;3.89;0.24;389.66;23.13;1354;37;5084.00;601
12868;29;23271320;12868;618;14218;14821;3.80;0.23;389.65;23.13;1350;37;5085.00;603
12871;29;23271337;12871;606;14218;14821;3.75;0.23;389.62;23.13;1347;37;5086.00;603
12873;29;23271354;12873;609;14218;14821;3.71;0.23;389.63;23.13;1345;37;5087.00;603
12875;29;23271371;12875;605;14228;14834;3.72;0.23;389.64;23.11;1353;37;5088.00;606
12879;29;23271389;12879;601;14228;14834;3.66;0.22;389.62;23.11;1349;37;5089.00;606
12881;29;23271407;12881;599;14228;14834;3.67;0.22;389.61;23.11;1347;37;5090.00;606
12885;29;23271424;12885;591;14229;14835;3.68;0.22;389.61;23.11;1344;37;5091.00;606
12888;29;23271441;12888;580;14229;14836;3.67;0.22;389.59;23.11;1341;37;5092.00;607
12888;29;23271457;12888;574;14230;14836;3.75;0.23;389.59;23.12;1342;37;5093.00;606
12892;29;23271474;12892;566;14232;14839;3.81;0.23;389.55;23.13;1340;37;5094.00;607
12895;29;23271491;12895;556;14232;14839;3.83;0.23;389.57;23.13;1337;37;5095.00;607
12897;29;23271509;12897;548;14233;14839;3.88;0.24;389.63;23.14;1336;37;5096.00;606
12903;29;23271526;12903;534;14234;14839;3.88;0.24;389.60;23.15;1331;37;5097.00;605
12906;29;23271545;12906;529;14238;14845;3.94;0.24;389.58;23.15;1332;37;5098.00;607
12909;29;23271563;12909;534;14239;14845;3.96;0.24;389.64;23.16;1330;37;5099.00;606
12911;29;23271589;12911;535;14244;14864;3.99;0.24;389.64;23.16;1333;37;5100.00;620
12913;29;23271615;12913;536;14245;14864;4.03;0.24;389.59;23.17;1332;37;5101.00;619
12915;29;23271632;12915;540;14247;14868;4.06;0.25;389.61;23.18;1332;37;5102.00;621
12918;29;23271651;12918;547;14248;14869;4.03;0.24;389.60;23.19;1330;37;5103.00;621
12920;29;23271673;12920;538;14250;14869;4.04;0.25;389.55;23.21;1330;37;5104.00;619
12924;29;23271692;12924;539;14253;14870;4.03;0.24;389.51;23.25;1329;37;5105.00;617
12928;29;23271712;12928;548;14256;14870;3.96;0.24;389.53;23.25;1328;37;5106.00;614
12928;29;23271731;12928;538;14259;14870;3.95;0.24;389.53;23.30;1331;37;5107.00;611
12929;29;23271749;12929;538;14261;14870;3.96;0.24;389.53;23.32;1332;37;5108.00;609
12930;29;23271767;12930;543;14263;14870;3.94;0.24;389.53;23.35;1333;37;5109.00;607
12933;29;23271786;12933;536;14265;14870;3.94;0.24;389.61;23.38;1332;37;5110.00;605
12936;29;23271805;12936;539;14268;14870;3.99;0.24;389.64;23.40;1332;37;5111.00;602
12939;29;23271822;12939;550;14303;14940;4.04;0.25;389.72;23.37;1364;37;5112.00;637
12942;29;23271849;12942;549;14305;14941;4.09;0.25;389.74;23.40;1363;37;5113.00;636
12945;29;23271891;12945;548;14310;14941;4.16;0.25;389.80;23.40;1365;37;5114.00;631
12946;29;23271912;12946;545;14313;14941;4.26;0.26;389.84;23.41;1367;37;5115.00;628
12951;29;23271930;12951;542;14317;14941;4.28;0.26;389.96;23.44;1366;37;5116.00;624
12952;29;23271948;12952;540;14321;14941;4.32;0.26;389.94;23.43;1369;37;5117.00;620
12954;29;23271965;12954;548;14326;14941;4.37;0.27;389.95;23.47;1372;37;5118.00;615
12958;29;23271983;12958;546;14330;14941;4.36;0.27;389.93;23.51;1372;37;5119.00;611
12961;29;23272001;12961;548;14333;14942;4.34;0.26;389.96;23.51;1372;37;5120.00;609
12963;29;23272025;12963;552;14336;14943;4.34;0.26;389.96;23.53;1373;37;5121.00;607
12963;29;23272047;12963;543;14338;14943;4.36;0.27;389.96;23.53;1375;37;5122.00;605
12966;29;23272067;12966;541;14345;14947;4.29;0.26;390.03;23.59;1379;37;5123.00;602
12967;29;23272086;12967;545;14345;14947;4.25;0.26;390.12;23.59;1378;37;5124.00;602
12968;29;23272112;12968;551;14350;14947;4.22;0.26;390.15;23.65;1382;37;5125.00;597
12969;29;23272132;12969;556;14354;14947;4.24;0.26;390.14;23.69;1385;37;5126.00;593
12972;29;23272151;12972;551;14357;14953;4.23;0.26;390.23;23.69;1385;37;5127.00;596
12972;29;23272179;12972;549;14362;14953;4.25;0.26;390.23;23.72;1390;37;5128.00;591
12974;29;23272200;12974;546;14363;14953;4.30;0.26;390.31;23.73;1389;37;5129.00;590
12975;29;23272221;12975;547;14367;14959;4.35;0.26;390.29;23.76;1392;37;5130.00;592
12976;29;23272242;12976;541;14372;14959;4.34;0.26;390.35;23.78;1396;37;5131.00;587
12978;29;23272267;12978;536;14375;14959;4.31;0.26;390.35;23.82;1397;37;5132.00;584
12982;29;23272286;12982;528;14377;14960;4.29;0.26;390.40;23.82;1395;37;5133.00;583
12983;29;23272307;12983;520;14381;14961;4.31;0.26;390.37;23.85;1398;37;5134.00;580
12986;29;23272328;12986;518;14382;14961;4.29;0.26;390.48;23.85;1396;37;5135.00;579
12987;29;23272351;12987;506;14393;14974;4.35;0.26;390.47;23.85;1406;37;5136.00;581
12989;29;23272375;12989;499;14397;14974;4.33;0.26;390.54;23.87;1408;38;5137.00;577
12991;29;23272405;12991;496;14399;14974;4.35;0.26;390.56;23.88;1408;38;5138.00;575
12992;29;23272426;12992;505;14403;14975;4.36;0.26;390.58;23.91;1411;38;5139.00;572
12996;29;23272449;12996;501;14407;14975;4.36;0.26;390.64;23.92;1411;38;5140.00;568
12998;29;23272470;12998;503;14412;14979;4.44;0.27;390.72;23.95;1414;38;5141.00;567
13000;29;23272492;13000;501;14414;14979;4.48;0.27;390.89;23.96;1414;38;5142.00;565
13004;29;23272516;13004;493;14418;14983;4.48;0.27;390.98;23.98;1414;38;5143.00;565
13005;29;23272538;13005;497;14420;14983;4.51;0.27;391.01;24.01;1415;38;5144.00;563
13008;29;23272559;13008;491;14421;14983;4.53;0.27;391.05;24.01;1413;38;5145.00;562
13012;29;23272582;13012;497;14423;14983;4.51;0.27;391.08;24.03;1411;38;5146.00;560
13014;29;23272603;13014;488;14424;14983;4.51;0.27;391.06;24.04;1410;38;5147.00;559
13016;29;23272624;13016;491;14433;14995;4.55;0.28;391.15;24.05;1417;38;5148.00;562
13016;29;23272647;13016;492;14435;14995;4.62;0.28;391.15;24.14;1419;38;5149.00;560
13018;29;23272670;13018;490;14437;14995;4.69;0.29;391.15;24.14;1419;38;5150.00;558
13021;29;23272692;13021;504;14437;14995;4.70;0.29;391.18;24.14;1416;38;5151.00;558
13024;29;23272714;13024;502;14439;14995;4.73;0.29;391.22;24.16;1415;38;5152.00;556
13025;29;23272734;13025;508;14440;14995;4.75;0.29;391.26;24.17;1415;38;5153.00;555
13029;29;23272753;13029;501;14441;14996;4.74;0.29;391.28;24.18;1412;38;5154.00;555
13034;30;23272774;13034;511;14444;14998;4.73;0.29;391.35;24.18;1410;39;5155.00;554
13037;30;23272812;13037;519;14448;15004;4.73;0.29;391.35;24.19;1411;39;5156.00;556
13042;30;23272833;13042;516;14450;15005;4.74;0.29;391.36;24.20;1408;39;5157.00;555
13042;30;23272854;13042;513;14450;15005;4.79;0.29;391.36;24.20;1408;39;5158.00;555
13044;30;23272874;13044;504;14451;15005;4.78;0.29;391.36;24.20;1407;39;5159.00;554
13046;30;23272898;13046;509;14456;15010;4.77;0.29;391.43;24.21;1410;39;5160.00;554
13048;30;23272929;13048;517;14457;15010;4.72;0.29;391.50;24.22;1409;39;5161.00;553
13050;30;23272948;13050;517;14457;15010;4.71;0.29;391.54;24.22;1407;39;5162.00;553
13052;30;23272969;13052;526;14458;15011;4.70;0.29;391.56;24.22;1406;39;5163.00;553
13052;30;23272989;13052;528;14460;15015;4.70;0.29;391.56;24.22;1408;39;5164.00;555
13054;30;23273010;13054;517;14460;15015;4.71;0.29;391.57;24.22;1406;39;5165.00;555
13055;30;23273031;13055;516;14461;15018;4.74;0.29;391.56;24.22;1406;39;5166.00;557
13056;30;23273052;13056;507;14462;15018;4.74;0.29;391.57;24.23;1406;39;5167.00;556
13059;30;23273074;13059;507;14462;15018;4.75;0.29;391.58;24.23;1403;39;5168.00;556
13064;30;23273097;13064;505;14463;15018;4.75;0.29;391.72;24.31;1399;39;5169.00;555
13067;30;23273117;13067;508;14467;15022;4.75;0.29;391.79;24.31;1400;39;5170.00;555
13067;30;23273139;13067;500;14467;15022;4.80;0.29;391.79;24.31;1400;39;5171.00;555
13068;30;23273157;13068;501;14469;15022;4.87;0.30;391.87;24.33;1401;39;5172.00;553
13070;30;23273176;13070;501;14469;15022;4.90;0.30;391.88;24.33;1399;39;5173.00;553
13073;30;23273197;13073;493;14470;15023;4.93;0.30;391.93;24.33;1397;39;5174.00;553
13075;30;23273218;13075;489;14470;15025;4.98;0.30;391.97;24.33;1395;39;5175.00;555
13080;30;23273240;13080;485;14471;15025;4.99;0.30;392.01;24.34;1391;39;5176.00;554
13083;30;23273260;13083;481;14472;15026;5.03;0.31;392.15;24.34;1389;39;5177.00;554
13087;30;23273282;13087;480;14472;15026;5.04;0.31;392.28;24.34;1385;39;5178.00;554
13090;30;23273302;13090;463;14472;15026;5.07;0.31;392.35;24.34;1382;39;5179.00;554
13093;30;23273321;13093;456;14472;15026;5.09;0.31;392.49;24.34;1379;39;5180.00;554
13096;30;23273341;13096;461;14472;15026;5.09;0.31;392.60;24.34;1376;39;5181.00;554
13098;30;23273362;13098;454;14474;15026;5.09;0.31;392.60;24.35;1376;39;5182.00;552
13101;30;23273382;13101;450;14474;15026;5.08;0.31;392.63;24.35;1373;39;5183.00;552
13104;30;23273401;13104;463;14534;15153;5.13;0.32;392.62;24.25;1430;39;5184.00;619
13107;30;23273433;13107;453;14535;15154;5.15;0.32;392.72;24.33;1428;39;5185.00;619
13109;30;23273452;13109;441;14538;15154;5.16;0.32;392.79;24.33;1429;39;5186.00;616
13112;30;23273473;13112;444;14540;15154;5.09;0.31;392.82;24.32;1428;39;5187.00;614
13114;30;23273492;13114;451;14543;15154;5.01;0.31;392.80;24.51;1429;39;5188.00;611
13115;30;23273518;13115;466;14543;15154;4.92;0.30;392.79;24.51;1428;39;5189.00;611
13118;30;23273539;13118;468;14546;15154;4.90;0.30;392.82;24.51;1428;39;5190.00;608
13121;30;23273568;13121;467;14546;15154;4.92;0.30;392.90;24.51;1425;39;5191.00;608
13124;30;23273586;13124;475;14548;15155;4.94;0.30;393.01;24.50;1424;39;5192.00;607
13125;30;23273613;13125;483;14551;15156;4.98;0.31;393.06;24.50;1426;39;5193.00;605
13127;30;23273632;13127;488;14555;15156;5.03;0.31;393.03;24.50;1428;39;5194.00;601
13130;30;23273651;13130;493;14558;15157;4.99;0.31;393.06;24.58;1428;39;5195.00;599
13130;30;23273670;13130;493;14562;15157;4.99;0.31;393.06;24.57;1432;39;5196.00;595
13136;30;23273689;13136;498;14563;15157;4.96;0.31;393.02;24.57;1427;39;5197.00;594
13139;30;23273708;13139;507;14564;15157;4.96;0.30;392.99;24.57;1425;39;5198.00;593
13140;30;23273728;13140;512;14568;15161;4.98;0.31;393.04;24.57;1428;39;5199.00;593
13144;30;23273749;13144;520;14570;15161;4.95;0.30;393.07;24.57;1426;39;5200.00;591
13150;30;23273771;13150;526;14571;15161;4.89;0.30;393.07;24.57;1421;39;5201.00;590
13152;30;23273791;13152;541;14572;15164;4.85;0.30;393.08;24.56;1420;39;5202.00;592
13155;30;23273811;13155;554;14573;15164;4.79;0.29;393.13;24.56;1418;39;5203.00;591
13159;30;23273830;13159;552;14573;15164;4.74;0.29;393.20;24.56;1414;39;5204.00;591
13161;30;23273857;13161;561;14574;15168;4.74;0.29;393.23;24.56;1413;39;5205.00;594
13162;30;23273893;13162;573;14575;15169;4.75;0.29;393.21;24.56;1413;39;5206.00;594
13165;30;23273933;13165;574;14575;15169;4.74;0.29;393.31;24.56;1410;39;5207.00;594
13167;30;23273962;13167;583;14577;15173;4.77;0.29;393.34;24.56;1410;39;5208.00;596
13170;30;23273986;13170;589;14578;15173;4.73;0.29;393.42;24.55;1408;39;5209.00;595
13172;30;23274011;13172;594;14578;15173;4.71;0.29;393.53;24.55;1406;39;5210.00;595
13175;30;23274043;13175;596;14578;15174;4.67;0.29;393.63;24.55;1403;39;5211.00;596
13178;30;23274065;13178;601;14578;15174;4.63;0.28;393.61;24.55;1400;39;5212.00;596
13181;30;23274085;13181;610;14582;15180;4.58;0.28;393.76;24.55;1401;39;5213.00;598
13187;30;23274108;13187;609;14582;15180;4.48;0.27;393.86;24.55;1395;39;5214.00;598
13189;30;23274133;13189;614;14582;15180;4.42;0.27;393.89;24.55;1393;39;5215.00;598
13191;30;23274153;13191;618;14582;15181;4.38;0.27;393.95;24.55;1391;39;5216.00;599
13194;30;23274175;13194;620;14582;15181;4.31;0.26;393.89;24.55;1388;39;5217.00;599
13197;30;23274197;13197;625;14582;15181;4.23;0.26;393.87;24.55;1385;39;5218.00;599
13198;30;23274217;13198;628;14582;15181;4.25;0.26;393.85;24.55;1384;39;5219.00;599
13199;30;23274238;13199;637;14601;15217;4.32;0.27;393.83;24.52;1402;39;5220.00;616
13200;30;23274260;13200;641;14602;15217;4.30;0.27;393.80;24.51;1402;39;5221.00;615
13204;30;23274287;13204;653;14603;15217;4.25;0.26;393.84;24.51;1399;39;5222.00;614
13207;30;23274316;13207;654;14603;15217;4.16;0.26;393.88;24.51;1396;39;5223.00;614
13207;30;23274340;13207;649;14603;15217;4.11;0.25;393.88;24.51;1396;39;5224.00;614
13209;30;23274361;13209;647;14603;15217;4.09;0.25;393.84;24.51;1394;39;5225.00;614
13211;31;23274384;13211;649;14604;15221;4.09;0.25;393.84;24.51;1393;40;5226.00;617
13211;31;23274436;13211;647;14604;15221;4.09;0.25;393.84;24.51;1393;40;5227.00;617
13213;31;23274458;13213;647;14606;15225;4.09;0.25;393.84;24.51;1393;40;5228.00;619
13218;31;23274484;13218;650;14606;15226;4.05;0.25;393.83;24.51;1388;40;5229.00;620
13225;31;23274510;13225;642;14606;15226;4.00;0.24;393.87;24.51;1381;40;5230.00;620
13227;31;23274535;13227;651;14606;15226;3.97;0.24;393.81;24.51;1379;40;5231.00;620
13229;31;23274557;13229;644;14616;15239;3.97;0.24;393.78;24.49;1387;40;5232.00;623
13232;31;23274582;13232;639;14616;15239;3.94;0.24;393.71;24.49;1384;40;5233.00;623
13233;31;23274604;13233;648;14616;15239;3.96;0.24;393.72;24.49;1383;40;5234.00;623
13234;31;23274624;13234;640;14617;15240;4.01;0.25;393.74;24.49;1383;40;5235.00;623
13237;31;23274647;13237;637;14617;15241;4.01;0.25;393.71;24.49;1380;40;5236.00;624
13239;31;23274667;13239;639;14617;15241;3.98;0.24;393.70;24.49;1378;40;5237.00;624
13240;31;23274687;13240;631;14618;15244;3.95;0.24;393.73;24.49;1378;40;5238.00;626
13243;31;23274707;13243;634;14619;15244;3.87;0.24;393.75;24.49;1376;40;5239.00;625
13249;31;23274728;13249;637;14619;15244;3.74;0.23;393.74;24.49;1370;40;5240.00;625
13249;31;23274748;13249;635;14619;15244;3.68;0.23;393.74;24.49;1370;40;5241.00;625
13253;31;23274767;13253;641;14622;15250;3.66;0.22;393.73;24.48;1369;40;5242.00;628
13254;31;23274786;13254;640;14622;15250;3.60;0.22;393.71;24.48;1368;40;5243.00;628
13255;31;23274806;13255;644;14622;15250;3.54;0.22;393.70;24.48;1367;40;5244.00;628
13259;31;23274825;13259;647;14624;15250;3.48;0.21;393.70;24.52;1365;40;5245.00;626
13262;31;23274847;13262;650;14625;15254;3.42;0.21;393.67;24.52;1363;40;5246.00;629
13264;31;23274867;13264;656;14625;15255;3.36;0.21;393.69;24.52;1361;40;5247.00;630
13266;31;23274886;13266;649;14625;15255;3.29;0.20;393.68;24.52;1359;40;5248.00;630
13270;31;23274905;13270;643;14626;15256;3.24;0.20;393.72;24.52;1356;40;5249.00;630
13273;31;23274927;13273;628;14626;15256;3.22;0.20;393.78;24.52;1353;40;5250.00;630
13277;31;23274947;13277;625;14626;15256;3.23;0.20;393.73;24.52;1349;40;5251.00;630
13279;31;23274967;13279;614;14626;15256;3.29;0.20;393.69;24.52;1347;40;5252.00;630
13281;31;23274985;13281;605;14626;15256;3.36;0.20;393.66;24.52;1345;40;5253.00;630
13283;31;23275004;13283;611;14626;15256;3.41;0.21;393.64;24.52;1343;40;5254.00;630
13285;31;23275033;13285;607;14626;15256;3.47;0.21;393.61;24.52;1341;40;5255.00;630
13287;31;23275050;13287;612;14656;15326;3.73;0.23;393.60;24.47;1369;40;5256.00;670
13288;31;23275072;13288;606;14659;15327;3.79;0.23;393.61;24.46;1371;40;5257.00;668
13289;31;23275089;13289;592;14665;15327;3.88;0.24;393.59;24.45;1376;40;5258.00;662
13291;31;23275107;13291;580;14669;15327;3.92;0.24;393.57;24.45;1378;40;5259.00;658
13294;31;23275125;13294;569;14671;15327;3.93;0.24;393.57;24.45;1377;40;5260.00;656
13297;31;23275146;13297;563;14672;15327;3.96;0.24;393.56;24.45;1375;40;5261.00;655
13298;31;23275164;13298;553;14675;15327;4.03;0.25;393.57;24.45;1377;40;5262.00;652
13300;31;23275188;13300;549;14676;15327;4.07;0.25;393.58;24.45;1376;40;5263.00;651
13300;31;23275206;13300;542;14677;15328;4.17;0.25;393.58;24.45;1377;40;5264.00;651
13305;31;23275223;13305;538;14678;15330;4.19;0.25;393.55;24.45;1373;40;5265.00;652
13307;31;23275242;13307;537;14679;15330;4.22;0.26;393.53;24.45;1372;40;5266.00;651
13310;31;23275262;13310;535;14682;15334;4.27;0.26;393.59;24.46;1372;40;5267.00;652
13314;31;23275281;13314;542;14682;15334;4.29;0.26;393.55;24.46;1368;40;5268.00;652
13319;31;23275300;13319;550;14682;15334;4.33;0.26;393.59;24.46;1363;40;5269.00;652
13321;31;23275319;13321;539;14683;15334;4.39;0.27;393.56;24.47;1362;40;5270.00;651
13325;31;23275339;13325;531;14686;15340;4.44;0.27;393.57;24.46;1361;40;5271.00;654
13327;31;23275360;13327;525;14687;15340;4.45;0.27;393.57;24.48;1360;40;5272.00;653
13331;31;23275381;13331;526;14688;15340;4.42;0.27;393.59;24.49;1357;40;5273.00;652
13334;31;23275399;13334;522;14691;15343;4.44;0.27;393.60;24.50;1357;40;5274.00;652
13338;31;23275419;13338;523;14693;15343;4.46;0.27;393.59;24.52;1355;40;5275.00;650
13340;31;23275440;13340;520;14693;15343;4.46;0.27;393.57;24.52;1353;40;5276.00;650
13342;31;23275459;13342;517;14695;15344;4.50;0.27;393.62;24.54;1353;40;5277.00;649
13346;31;23275479;13346;518;14697;15345;4.52;0.27;393.56;24.55;1351;40;5278.00;648
13349;31;23275499;13349;518;14700;15345;4.54;0.28;393.61;24.59;1351;40;5279.00;645
13354;31;23275519;13354;522;14719;15371;4.57;0.28;393.64;24.56;1365;40;5280.00;652
13357;31;23275541;13357;517;14722;15371;4.61;0.28;393.73;24.58;1365;40;5281.00;649
13362;31;23275562;13362;516;14725;15371;4.62;0.28;393.73;24.60;1363;40;5282.00;646
13365;31;23275582;13365;514;14725;15372;4.65;0.28;393.75;24.60;1360;40;5283.00;647
13370;31;23275602;13370;513;14727;15372;4.65;0.28;393.75;24.62;1357;40;5284.00;645
13375;31;23275621;13375;511;14734;15376;4.68;0.28;393.81;24.67;1359;40;5285.00;642
13378;31;23275641;13378;508;14735;15376;4.74;0.29;393.84;24.68;1357;40;5286.00;641
13382;31;23275660;13382;510;14738;15379;4.74;0.29;393.96;24.69;1356;40;5287.00;641
13385;31;23275682;13385;509;14740;15380;4.75;0.29;394.02;24.71;1355;40;5288.00;640
13387;31;23275702;13387;507;14742;15380;4.77;0.29;394.01;24.73;1355;40;5289.00;638
13391;31;23275722;13391;501;14744;15380;4.76;0.29;394.03;24.74;1353;40;5290.00;636
13392;31;23275742;13392;512;14744;15380;4.76;0.29;394.07;24.74;1352;40;5291.00;636
13395;31;23275763;13395;515;14756;15392;4.74;0.29;394.11;24.77;1361;40;5292.00;636
13399;31;23275784;13399;519;14756;15392;4.75;0.29;394.23;24.77;1357;40;5293.00;636
13402;31;23275803;13402;516;14760;15392;4.75;0.29;394.26;24.82;1358;40;5294.00;632
13406;31;23275822;13406;520;14761;15392;4.69;0.29;394.29;24.83;1355;40;5295.00;631
13408;31;23275841;13408;517;14763;15392;4.66;0.29;394.38;24.86;1355;40;5296.00;629
13410;31;23275861;13410;513;14765;15392;4.66;0.29;394.41;24.88;1355;40;5297.00;627
13412;31;23275880;13412;513;14766;15393;4.67;0.29;394.54;24.88;1354;40;5298.00;627
13415;31;23275900;13415;513;14768;15393;4.65;0.28;394.52;24.91;1353;40;5299.00;625
13417;31;23275920;13417;510;14773;15399;4.67;0.29;394.54;24.92;1356;40;5300.00;626
13417;31;23275945;13417;513;14777;15400;4.71;0.29;394.54;24.97;1360;40;5301.00;623
13421;31;23275967;13421;510;14779;15400;4.71;0.29;394.59;24.99;1358;40;5302.00;621
13424;31;23275995;13424;512;14781;15400;4.74;0.29;394.64;25.00;1357;40;5303.00;619
13426;31;23276019;13426;516;14785;15404;4.72;0.29;394.71;25.02;1359;40;5304.00;619
13430;31;23276048;13430;527;14787;15404;4.76;0.29;394.72;25.02;1357;40;5305.00;617
13431;31;23276067;13431;508;14792;15404;4.79;0.29;394.70;25.07;1361;40;5306.00;612
13436;31;23276093;13436;509;14794;15405;4.81;0.29;394.83;25.07;1358;40;5307.00;611
13436;31;23276122;13436;509;14799;15409;4.83;0.29;394.83;25.11;1363;40;5308.00;610
13440;31;23276142;13440;510;14802;15409;4.82;0.29;395.00;25.14;1362;40;5309.00;607
13441;31;23276164;13441;506;14805;15415;4.87;0.30;394.98;25.15;1364;40;5310.00;610
13442;31;23276185;13442;509;14805;15415;4.92;0.30;395.01;25.15;1363;40;5311.00;610
13442;31;23276204;13442;511;14808;15415;4.93;0.30;395.01;25.19;1366;40;5312.00;607
13446;31;23276223;13446;513;14811;15415;4.90;0.30;395.21;25.20;1365;40;5313.00;604
13450;31;23276242;13450;521;14814;15419;4.86;0.30;395.33;25.21;1364;40;5314.00;605
13450;31;23276265;13450;527;14818;15419;4.86;0.30;395.33;25.25;1368;40;5315.00;601
13453;31;23276284;13453;533;14820;15419;4.81;0.29;395.49;25.26;1367;40;5316.00;599
13458;31;23276305;13458;540;14821;15419;4.78;0.29;395.66;25.28;1363;40;5317.00;598
13460;31;23276326;13460;538;14821;15420;4.76;0.29;395.79;25.28;1361;40;5318.00;599
13462;31;23276347;13462;525;14823;15421;4.73;0.29;395.81;25.29;1361;40;5319.00;598
13463;31;23276368;13463;527;14826;15421;4.70;0.29;395.90;25.32;1363;40;5320.00;595
13465;31;23276390;13465;530;14829;15422;4.73;0.29;395.98;25.34;1364;40;5321.00;593
13469;31;23276415;13469;520;14829;15422;4.75;0.29;396.08;25.34;1360;40;5322.00;593
13472;31;23276435;13472;524;14833;15422;4.74;0.29;396.14;25.46;1361;40;5323.00;589
13473;31;23276456;13473;516;14834;15422;4.82;0.29;396.17;25.46;1361;40;5324.00;588
13478;31;23276478;13478;508;14835;15422;4.82;0.29;396.26;25.47;1357;40;5325.00;587
13478;31;23276506;13478;511;14837;15422;4.84;0.30;396.26;25.49;1359;40;5326.00;585
13483;31;23276525;13483;508;14838;15422;4.85;0.30;396.36;25.50;1355;40;5327.00;584
13484;31;23276546;13484;533;14907;15549;4.95;0.31;396.36;25.41;1423;40;5328.00;642
13486;31;23276577;13486;525;14907;15550;4.97;0.31;396.39;25.41;1421;40;5329.00;643
13488;31;23276597;13488;521;14911;15550;4.99;0.31;396.37;25.41;1423;40;5330.00;639
13493;31;23276616;13493;520;14915;15550;4.97;0.31;396.36;25.44;1422;40;5331.00;635
13495;31;23276637;13495;525;14918;15550;5.00;0.31;396.35;25.45;1423;40;5332.00;632
13497;31;23276656;13497;525;14923;15550;5.00;0.31;396.41;25.47;1426;40;5333.00;627
13503;31;23276676;13503;528;14925;15550;5.01;0.31;396.43;25.47;1422;40;5334.00;625
13504;31;23276696;13504;546;14927;15550;5.03;0.31;396.44;25.48;1423;40;5335.00;623
13508;31;23276715;13508;542;14930;15551;5.01;0.31;396.40;25.49;1422;40;5336.00;621
13509;31;23276735;13509;543;14932;15552;5.03;0.31;396.39;25.50;1423;40;5337.00;620
13512;31;23276753;13512;549;14936;15552;5.00;0.31;396.47;25.52;1424;40;5338.00;616
13514;31;23276774;13514;556;14938;15553;4.97;0.30;396.50;25.52;1424;40;5339.00;615
13517;31;23276797;13517;558;14941;15553;4.91;0.30;396.52;25.53;1424;40;5340.00;612
13521;31;23276819;13521;556;14944;15553;4.91;0.30;396.60;25.62;1423;40;5341.00;609
13523;31;23276839;13523;553;14947;15553;4.85;0.30;396.58;25.63;1424;40;5342.00;606
13523;31;23276859;13523;547;14950;15557;4.88;0.30;396.58;25.63;1427;40;5343.00;607
13526;31;23276879;13526;544;14951;15557;4.85;0.30;396.62;25.63;1425;40;5344.00;606
13526;31;23276899;13526;544;14952;15557;4.85;0.30;396.62;25.63;1426;40;5345.00;605
13528;31;23276920;13528;539;14953;15560;4.84;0.30;396.64;25.63;1425;40;5346.00;607
13529;31;23276940;13529;535;14956;15560;4.87;0.30;396.65;25.64;1427;40;5347.00;604
13531;31;23276959;13531;528;14958;15560;4.87;0.30;396.76;25.64;1427;40;5348.00;602
13533;31;23276981;13533;520;14961;15564;4.86;0.30;396.75;25.74;1428;40;5349.00;603
13535;31;23277000;13535;512;14963;15565;4.89;0.30;396.80;25.74;1428;40;5350.00;602
13537;31;23277023;13537;506;14963;15565;4.87;0.30;396.91;25.74;1426;40;5351.00;602
13537;31;23277042;13537;504;14967;15569;4.89;0.30;396.91;25.74;1430;40;5352.00;602
13540;31;23277082;13540;498;14967;15569;4.85;0.30;397.06;25.74;1427;40;5353.00;602
13542;31;23277104;13542;492;14970;15569;4.79;0.29;397.05;25.75;1428;40;5354.00;599
13545;31;23277123;13545;491;14972;15571;4.73;0.29;397.12;25.86;1427;40;5355.00;599
13550;31;23277153;13550;505;14973;15571;4.66;0.28;397.23;25.86;1423;40;5356.00;598
13553;31;23277173;13553;508;14978;15577;4.61;0.28;397.30;25.86;1425;40;5357.00;599
13556;31;23277194;13556;509;14979;15577;4.57;0.28;397.38;25.85;1423;40;5358.00;598
13557;31;23277215;13557;507;14980;15577;4.54;0.28;397.37;25.86;1423;40;5359.00;597
13559;31;23277235;13559;514;14980;15578;4.52;0.28;397.39;25.86;1421;40;5360.00;598
13561;31;23277255;13561;517;14981;15578;4.51;0.27;397.51;25.86;1420;40;5361.00;597
13563;31;23277274;13563;513;14981;15578;4.49;0.27;397.53;25.86;1418;40;5362.00;597
13566;31;23277292;13566;517;14982;15578;4.48;0.27;397.65;25.87;1416;40;5363.00;596
13569;31;23277312;13569;523;14991;15590;4.49;0.27;397.75;25.86;1422;40;5364.00;599
13571;31;23277333;13571;536;14992;15590;4.46;0.27;397.75;25.87;1421;40;5365.00;598
13576;31;23277353;13576;535;14992;15590;4.43;0.27;397.77;25.87;1416;40;5366.00;598
13579;31;23277372;13579;533;14993;15590;4.40;0.27;397.84;25.87;1414;40;5367.00;597
13581;31;23277392;13581;539;14993;15590;4.43;0.27;397.80;25.87;1412;40;5368.00;597
13583;31;23277412;13583;531;14993;15590;4.45;0.27;397.87;25.87;1410;40;5369.00;597
13584;31;23277435;13584;543;14994;15594;4.47;0.27;397.91;25.87;1410;40;5370.00;600
13586;31;23277454;13586;534;14996;15594;4.44;0.27;397.97;25.98;1410;40;5371.00;598
13589;31;23277474;13589;541;14998;15598;4.49;0.27;397.98;25.98;1409;40;5372.00;600
13590;31;23277495;13590;537;14998;15599;4.49;0.27;397.96;25.98;1408;40;5373.00;601
13592;31;23277515;13592;540;14999;15599;4.46;0.27;397.98;26.09;1407;40;5374.00;600
13594;31;23277535;13594;551;15000;15599;4.46;0.27;397.98;26.09;1406;40;5375.00;599
13595;31;23277561;13595;553;15011;15612;4.50;0.28;398.01;26.08;1416;40;5376.00;601
13600;31;23277583;13600;562;15011;15612;4.51;0.28;398.00;26.08;1411;40;5377.00;601
13602;31;23277604;13602;562;15013;15612;4.54;0.28;398.02;26.19;1411;40;5378.00;599
13604;31;23277622;13604;570;15014;15613;4.57;0.28;398.03;26.19;1410;40;5379.00;599
13606;31;23277642;13606;572;15014;15614;4.57;0.28;398.09;26.19;1408;40;5380.00;600
13611;31;23277662;13611;578;15014;15614;4.57;0.28;398.17;26.19;1403;40;5381.00;600
13612;31;23277683;13612;580;15016;15617;4.57;0.28;398.15;26.29;1404;40;5382.00;601
13615;31;23277702;13615;583;15016;15617;4.57;0.28;398.13;26.29;1401;40;5383.00;601
13617;31;23277720;13617;579;15016;15617;4.55;0.28;398.14;26.29;1399;40;5384.00;601
13620;31;23277738;13620;584;15017;15617;4.52;0.28;398.14;26.40;1397;40;5385.00;600
13623;31;23277760;13623;588;15021;15623;4.51;0.28;398.14;26.39;1398;40;5386.00;602
13625;31;23277788;13625;590;15024;15623;4.49;0.28;398.19;26.71;1399;40;5387.00;599
13631;31;23277806;13631;595;15024;15623;4.41;0.27;398.17;26.71;1393;40;5388.00;599
13634;31;23277825;13634;601;15024;15623;4.35;0.27;398.27;26.71;1390;40;5389.00;599
13635;31;23277844;13635;604;15026;15627;4.32;0.26;398.28;26.82;1391;40;5390.00;601
13636;31;23277863;13636;609;15026;15628;4.27;0.26;398.31;26.82;1390;40;5391.00;602
13642;31;23277880;13642;613;15027;15628;4.18;0.25;398.24;26.93;1385;40;5392.00;601
13643;31;23277901;13643;611;15029;15629;4.14;0.25;398.21;27.03;1386;40;5393.00;600
13645;31;23277919;13645;614;15029;15629;4.10;0.25;398.18;27.03;1384;40;5394.00;600
13647;31;23277941;13647;617;15029;15629;4.07;0.25;398.20;27.03;1382;40;5395.00;600
13648;31;23277958;13648;623;15029;15629;4.06;0.25;398.18;27.03;1381;40;5396.00;600
13651;31;23277975;13651;633;15029;15629;4.02;0.25;398.15;27.03;1378;40;5397.00;600
13652;31;23277993;13652;634;15030;15629;3.99;0.24;398.14;27.14;1378;40;5398.00;599
13652;31;23278012;13652;631;15030;15629;3.96;0.24;398.14;27.14;1378;40;5399.00;599
