step_arrived;step_collisions;step_duration;step_ended;step_halting;step_inserted;step_loaded;step_meanSpeed;step_meanSpeedRelative;step_meanTravelTime;step_meanWaitingTime;step_running;step_teleports;step_time;step_waiting
0;0;22005356;0;1;86;245;16.13;1.14;-1.00;0.00;86;0;0.00;159
0;0;22005385;0;0;99;245;15.27;1.06;-1.00;0.13;99;0;1.00;146
0;0;22005386;0;2;120;245;14.34;0.98;-1.00;0.46;120;0;2.00;125
0;0;22005387;0;3;133;245;13.38;0.90;-1.00;0.71;133;0;3.00;112
0;0;22005388;0;4;149;245;12.40;0.83;-1.00;1.06;149;0;4.00;96
0;0;22005390;0;5;157;245;11.64;0.78;-1.00;1.26;157;0;5.00;88
0;0;22005391;0;9;169;245;10.75;0.72;-1.00;1.60;169;0;6.00;76
0;0;22005394;0;11;178;245;9.91;0.66;-1.00;1.87;178;0;7.00;67
0;0;22005396;0;17;184;246;9.49;0.63;-1.00;2.07;184;0;8.00;62
0;0;22005398;0;19;191;247;9.19;0.61;-1.00;2.32;191;0;9.00;56
0;0;22005400;0;23;199;247;8.76;0.58;-1.00;2.63;199;0;10.00;48
0;0;22005402;0;23;202;248;8.57;0.56;-1.00;2.71;202;0;11.00;46
1;0;22005404;1;31;207;248;8.38;0.55;12.00;2.93;206;0;12.00;41
1;0;22005407;1;38;211;248;8.31;0.54;12.00;3.12;210;0;13.00;37
1;0;22005410;1;38;213;248;8.38;0.54;12.00;3.23;212;0;14.00;35
1;0;22005413;1;43;219;252;8.05;0.52;12.00;3.42;218;0;15.00;33
1;0;22005416;1;48;221;252;7.96;0.51;12.00;3.53;220;0;16.00;31
2;0;22005419;2;55;225;252;7.83;0.50;14.50;3.74;223;0;17.00;27
2;0;22005421;2;58;230;255;7.72;0.49;14.50;3.99;228;0;18.00;25
2;0;22005424;2;64;232;255;7.91;0.50;14.50;4.04;230;0;19.00;23
3;0;22005428;3;69;233;255;7.94;0.50;16.33;4.11;230;0;20.00;22
4;0;22005431;4;75;240;259;8.03;0.51;17.50;4.27;236;0;21.00;19
5;0;22005434;5;77;242;260;8.04;0.51;18.20;4.33;237;0;22.00;18
5;0;22005437;5;80;243;260;8.10;0.51;18.20;4.41;238;0;23.00;17
5;0;22005439;5;84;248;264;8.14;0.52;18.20;4.51;243;0;24.00;16
5;0;22005444;5;83;248;264;8.16;0.51;18.20;4.51;243;0;25.00;16
5;0;22005448;5;86;251;264;8.13;0.51;18.20;4.67;246;0;26.00;13
5;0;22005451;5;86;251;265;8.13;0.51;18.20;4.67;246;0;27.00;14
5;0;22005454;5;88;251;265;8.16;0.51;18.20;4.67;246;0;28.00;14
5;0;22005457;5;87;257;271;8.23;0.51;18.20;4.64;252;0;29.00;14
6;0;22005464;6;90;258;271;8.25;0.51;20.17;4.74;252;0;30.00;13
7;0;22005473;7;91;259;272;8.13;0.50;21.29;4.73;252;0;31.00;13
7;0;22005477;7;93;260;272;8.16;0.51;21.29;4.83;253;0;32.00;12
8;0;22005481;8;95;261;272;8.22;0.51;22.75;4.94;253;0;33.00;11
9;0;22005484;9;99;262;272;8.30;0.51;24.00;5.05;253;0;34.00;10
10;0;22005487;10;102;263;272;8.30;0.52;24.40;5.16;253;0;35.00;9
10;0;22005490;10;105;273;284;8.51;0.53;24.40;5.07;263;0;36.00;11
10;0;22005496;10;110;273;284;8.48;0.53;24.40;5.07;263;0;37.00;11
11;0;22005499;11;113;274;284;8.44;0.52;25.27;5.06;263;0;38.00;10
11;0;22005502;11;115;277;284;8.36;0.52;25.27;5.20;266;0;39.00;7
12;0;22005505;12;117;279;284;8.26;0.51;26.25;5.22;267;0;40.00;5
13;0;22005508;13;120;280;284;8.11;0.50;27.00;5.22;267;0;41.00;4
13;0;22005513;13;123;284;288;8.04;0.50;27.00;5.16;271;0;42.00;4
15;0;22005516;15;128;284;288;7.85;0.49;27.60;5.16;269;0;43.00;4
16;0;22005519;16;130;288;292;7.75;0.48;28.13;5.10;272;0;44.00;4
17;0;22005522;17;133;290;294;7.62;0.47;28.71;5.07;273;0;45.00;4
18;0;22005527;18;138;290;294;7.44;0.46;29.67;5.07;272;0;46.00;4
18;0;22005531;18;137;290;294;7.37;0.46;29.67;5.07;272;0;47.00;4
18;0;22005533;18;137;301;307;7.77;0.48;29.67;4.88;283;0;48.00;6
18;0;22005537;18;142;301;307;7.74;0.48;29.67;4.88;283;0;49.00;6
18;0;22005540;18;143;301;307;7.63;0.47;29.67;4.88;283;0;50.00;6
18;0;22005544;18;145;302;308;7.59;0.47;29.67;4.87;284;0;51.00;6
18;0;22005547;18;148;303;309;7.46;0.46;29.67;4.86;285;0;52.00;6
19;0;22005550;19;149;303;309;7.42;0.46;30.84;4.86;284;0;53.00;6
19;0;22005553;19;150;305;312;7.42;0.46;30.84;4.83;286;0;54.00;7
21;0;22005555;21;154;305;312;7.29;0.45;32.86;4.83;284;0;55.00;7
22;0;22005560;22;142;306;312;7.29;0.45;32.27;4.82;284;0;56.00;6
23;0;22005564;23;137;306;312;7.23;0.45;33.35;4.82;283;0;57.00;6
25;0;22005567;25;140;311;318;7.32;0.45;33.32;4.76;286;0;58.00;7
26;0;22005571;26;142;311;318;7.29;0.45;34.31;4.76;285;0;59.00;7
26;0;22005577;26;144;311;318;7.36;0.45;34.31;4.76;285;0;60.00;7
26;0;22005581;26;147;311;318;7.46;0.46;34.31;4.76;285;0;61.00;7
28;0;22005584;28;150;315;322;7.46;0.46;36.14;4.71;287;0;62.00;7
29;0;22005587;29;151;316;323;7.58;0.47;35.62;4.69;287;0;63.00;7
29;0;22005590;29;150;316;323;7.62;0.47;35.62;4.69;287;0;64.00;7
29;0;22005594;29;152;317;324;7.75;0.48;35.62;4.68;288;0;65.00;7
29;0;22005598;29;152;317;324;7.75;0.48;35.62;4.68;288;0;66.00;7
30;0;22005601;30;142;317;324;7.80;0.48;36.67;4.68;287;0;67.00;7
31;0;22005605;31;138;317;324;7.87;0.48;37.68;4.68;286;0;68.00;7
32;0;22005609;32;135;317;324;7.92;0.48;38.44;4.68;285;0;69.00;7
32;0;22005613;32;133;317;324;8.03;0.49;38.44;4.68;285;0;70.00;7
33;0;22005616;33;129;317;324;8.10;0.49;39.24;4.68;284;0;71.00;7
33;0;22005619;33;134;351;394;8.33;0.51;39.24;4.23;318;0;72.00;43
33;0;22005629;33;129;352;395;8.47;0.52;39.24;4.22;319;0;73.00;43
35;0;22005633;35;121;359;395;8.80;0.54;41.11;4.18;324;0;74.00;36
35;0;22005636;35;117;363;395;9.05;0.55;41.11;4.16;328;0;75.00;32
35;0;22005639;35;114;365;395;9.24;0.56;41.11;4.16;330;0;76.00;30
36;0;22005651;36;112;367;395;9.34;0.57;41.53;4.17;331;0;77.00;28
36;0;22005654;36;112;369;395;9.38;0.57;41.53;4.18;333;0;78.00;26
36;0;22005658;36;115;371;395;9.53;0.58;41.53;4.19;335;0;79.00;24
36;0;22005663;36;116;373;396;9.55;0.58;41.53;4.21;337;0;80.00;23
38;0;22005667;38;119;375;397;9.46;0.57;43.61;4.24;337;0;81.00;22
38;0;22005671;38;122;377;397;9.49;0.58;43.61;4.27;339;0;82.00;20
40;0;22005674;40;124;383;401;9.43;0.57;45.13;4.25;343;0;83.00;18
40;0;22005680;40;128;384;401;9.39;0.57;45.13;4.25;344;0;84.00;17
40;0;22005684;40;126;384;401;9.27;0.56;45.13;4.25;344;0;85.00;17
40;0;22005687;40;124;384;401;9.14;0.56;45.13;4.25;344;0;86.00;17
41;0;22005691;41;129;389;407;9.04;0.55;46.15;4.21;348;0;87.00;18
43;0;22005697;43;129;389;407;8.86;0.54;47.88;4.21;346;0;88.00;18
44;0;22005701;44;128;389;407;8.73;0.53;48.82;4.21;345;0;89.00;18
47;0;22005706;47;129;393;413;8.66;0.53;51.45;4.16;346;0;90.00;20
49;0;22005713;49;127;393;413;8.60;0.52;53.04;4.16;344;0;91.00;20
50;0;22005717;50;130;395;413;8.65;0.53;53.82;4.15;345;0;92.00;18
50;0;22005721;50;130;396;414;8.56;0.52;53.82;4.14;346;0;93.00;18
50;0;22005726;50;130;397;415;8.59;0.52;53.82;4.14;347;0;94.00;18
52;0;22005731;52;133;397;415;8.59;0.52;55.29;4.14;345;0;95.00;18
52;0;22005735;52;136;408;428;8.62;0.53;55.29;4.02;356;0;96.00;20
54;0;22005739;54;134;408;428;8.65;0.53;55.50;4.02;354;0;97.00;20
57;0;22005745;57;134;408;428;8.62;0.53;57.74;4.02;351;0;98.00;20
57;0;22005749;57;135;409;429;8.71;0.53;57.74;4.01;352;0;99.00;20
59;0;22005754;59;136;409;429;8.69;0.53;59.17;4.01;350;0;100.00;20
61;0;22005764;61;137;412;433;8.72;0.53;60.51;3.99;351;0;101.00;21
62;0;22005769;62;141;412;433;8.70;0.53;60.84;3.99;350;0;102.00;21
64;0;22005772;64;141;416;437;8.63;0.53;62.09;3.96;352;0;103.00;21
64;0;22005778;64;136;416;437;8.67;0.53;62.09;3.96;352;0;104.00;21
65;0;22005782;65;132;416;437;8.69;0.53;62.72;3.96;351;0;105.00;21
65;0;22005786;65;128;416;437;8.64;0.53;62.72;3.96;351;0;106.00;21
65;0;22005790;65;118;416;437;8.63;0.53;62.72;3.96;351;0;107.00;21
65;0;22005796;65;111;430;449;8.62;0.53;62.72;4.29;365;0;108.00;19
66;0;22005802;66;105;430;449;8.62;0.53;63.38;4.29;364;0;109.00;19
67;0;22005807;67;101;431;449;8.77;0.54;63.97;4.28;364;0;110.00;18
67;0;22005813;67;100;431;449;8.89;0.55;63.97;4.28;364;0;111.00;18
67;0;22005817;67;97;431;449;9.10;0.56;63.97;4.28;364;0;112.00;18
67;0;22005821;67;95;431;449;9.30;0.57;63.97;4.28;364;0;113.00;18
67;0;22005828;67;94;432;450;9.52;0.59;63.97;4.28;365;0;114.00;18
68;0;22005832;68;86;432;450;9.71;0.60;64.72;4.28;364;0;115.00;18
69;0;22005837;69;81;437;456;9.96;0.61;65.43;4.24;368;0;116.00;19
71;0;22005844;71;77;437;457;10.09;0.62;66.77;4.24;366;0;117.00;20
73;0;22005849;73;73;438;457;10.23;0.63;68.10;4.23;365;0;118.00;19
75;0;22005854;75;71;438;457;10.41;0.63;69.44;4.23;363;0;119.00;19
76;0;22005863;76;70;442;462;10.60;0.65;70.07;4.19;366;0;120.00;20
78;0;22005869;78;68;442;462;10.68;0.65;71.29;4.19;364;0;121.00;20
78;0;22005874;78;69;443;462;10.71;0.65;71.29;4.46;365;0;122.00;19
80;0;22005881;80;69;444;463;10.85;0.66;72.59;4.45;364;0;123.00;19
82;0;22005887;82;72;449;467;10.86;0.66;73.79;4.69;367;0;124.00;18
83;0;22005895;83;74;449;467;10.98;0.66;73.98;4.69;366;0;125.00;18
83;0;22005902;83;77;454;470;11.05;0.67;73.98;5.15;371;0;126.00;16
83;0;22005907;83;78;454;470;11.13;0.68;73.98;5.15;371;0;127.00;16
85;0;22005920;85;81;457;470;11.15;0.68;75.25;5.42;372;0;128.00;13
85;0;22005927;85;81;457;470;11.27;0.68;75.25;5.42;372;0;129.00;13
86;0;22005933;86;85;462;474;11.35;0.69;75.88;5.67;376;0;130.00;12
87;0;22005939;87;88;463;474;11.31;0.69;76.37;5.78;376;0;131.00;11
88;0;22005947;88;89;464;474;11.46;0.70;76.59;5.90;376;0;132.00;10
89;0;22005953;89;90;465;474;11.61;0.71;77.21;6.02;376;0;133.00;9
89;0;22005960;89;88;468;475;11.76;0.72;77.21;6.22;379;0;134.00;7
90;0;22005967;90;87;470;477;11.84;0.72;77.77;6.19;380;0;135.00;7
91;0;22005973;91;88;472;477;11.81;0.72;78.24;6.38;381;0;136.00;5
92;0;22005980;92;90;473;478;11.82;0.72;78.10;6.37;381;0;137.00;5
94;0;22005986;94;91;476;478;11.59;0.71;78.22;6.48;382;0;138.00;2
96;0;22005993;96;95;476;478;11.50;0.70;78.71;6.48;380;0;139.00;2
96;0;22006000;96;96;477;478;11.37;0.70;78.71;6.56;381;0;140.00;1
98;0;22006006;98;97;477;478;11.25;0.69;79.73;6.56;379;0;141.00;1
98;0;22006013;98;101;478;478;11.18;0.69;79.73;6.59;380;0;142.00;0
99;0;22006018;99;103;478;478;11.12;0.68;80.31;6.59;379;0;143.00;0
99;0;22006032;99;119;548;605;10.81;0.68;80.31;5.76;449;0;144.00;57
104;0;22006051;104;112;555;606;10.81;0.68;81.98;5.70;451;0;145.00;51
104;0;22006058;104;109;564;606;10.98;0.69;81.98;5.64;460;0;146.00;42
107;0;22006066;107;108;566;606;10.86;0.68;82.99;5.63;459;0;147.00;40
107;0;22006072;107;114;571;606;10.92;0.69;82.99;5.61;464;0;148.00;35
110;0;22006080;110;113;576;606;10.83;0.68;84.73;5.61;466;0;149.00;30
112;0;22006088;112;114;581;611;10.65;0.67;85.86;5.59;469;0;150.00;30
115;0;22006099;115;109;584;611;10.55;0.66;86.78;5.60;469;0;151.00;27
116;0;22006106;116;110;587;612;10.44;0.65;86.97;5.61;471;0;152.00;25
117;0;22006115;117;111;591;613;10.36;0.64;86.50;5.63;474;0;153.00;22
121;0;22006123;121;113;593;613;10.29;0.64;88.60;5.65;472;0;154.00;20
122;0;22006132;122;118;598;614;10.27;0.64;89.04;5.67;476;0;155.00;16
125;0;22006139;125;120;600;614;10.27;0.63;89.61;5.68;475;0;156.00;14
128;0;22006147;128;123;602;614;10.30;0.64;89.88;5.69;474;0;157.00;12
130;0;22006154;130;131;606;614;10.20;0.63;89.82;5.74;476;0;158.00;8
130;0;22006162;130;136;609;618;10.20;0.63;89.82;5.72;479;0;159.00;9
133;0;22006169;133;141;611;618;10.16;0.62;91.35;5.75;478;0;160.00;7
133;0;22006177;133;151;611;618;10.15;0.62;91.35;5.75;478;0;161.00;7
135;0;22006191;135;156;612;621;10.03;0.62;91.86;5.75;477;0;162.00;9
135;0;22006200;135;158;613;621;9.99;0.62;91.86;5.77;478;0;163.00;8
136;0;22006206;136;159;614;621;9.87;0.61;92.23;5.79;478;0;164.00;7
138;0;22006214;138;164;617;625;9.67;0.60;91.88;5.77;479;0;165.00;8
139;0;22006221;139;160;620;626;9.62;0.59;91.37;5.77;481;0;166.00;6
142;0;22006229;142;157;620;626;9.48;0.58;92.92;5.77;478;0;167.00;6
142;0;22006235;142;158;626;630;9.40;0.58;92.92;5.74;484;0;168.00;4
143;0;22006240;143;161;626;630;9.34;0.58;92.78;5.74;483;0;169.00;4
145;0;22006249;145;162;627;630;9.37;0.58;93.79;5.77;482;0;170.00;3
145;0;22006255;145;159;628;631;9.35;0.58;93.79;5.76;483;0;171.00;3
146;0;22006262;146;160;628;631;9.19;0.57;94.16;5.76;482;0;172.00;3
148;0;22006269;148;158;635;637;9.10;0.56;95.22;5.75;487;0;173.00;2
152;0;22006275;152;160;635;637;8.92;0.55;96.88;5.75;483;0;174.00;2
153;0;22006283;153;147;636;638;8.79;0.54;97.32;5.75;483;0;175.00;2
154;0;22006289;154;146;636;638;8.76;0.54;97.82;5.75;482;0;176.00;2
154;0;22006297;154;141;636;638;8.73;0.54;97.82;5.75;482;0;177.00;2
155;0;22006309;155;138;636;638;8.76;0.54;98.20;5.75;481;0;178.00;2
155;0;22006316;155;138;636;638;8.78;0.54;98.20;5.75;481;0;179.00;2
156;0;22006323;156;139;667;672;8.97;0.56;98.63;5.48;511;0;180.00;5
157;0;22006334;157;134;667;672;9.00;0.56;99.12;5.48;510;0;181.00;5
158;0;22006341;158;131;671;672;9.11;0.57;99.55;5.53;513;0;182.00;1
159;0;22006349;159;130;671;672;9.14;0.57;99.51;5.53;512;0;183.00;1
160;0;22006355;160;130;672;672;9.22;0.57;99.58;5.52;512;0;184.00;0
161;0;22006364;161;127;672;672;9.30;0.58;99.57;5.52;511;0;185.00;0
162;0;22006370;162;123;676;676;9.35;0.58;100.07;5.50;514;0;186.00;0
163;0;22006379;163;120;676;676;9.42;0.58;99.72;5.50;513;0;187.00;0
164;0;22006385;164;123;680;680;9.48;0.59;100.25;5.47;516;0;188.00;0
168;0;22006391;168;127;681;681;9.46;0.58;101.61;5.46;513;0;189.00;0
170;0;22006400;170;133;681;681;9.45;0.58;102.28;5.46;511;0;190.00;0
172;0;22006407;172;144;681;681;9.40;0.58;102.30;5.46;509;0;191.00;0
174;0;22006416;174;150;694;694;9.39;0.58;102.88;5.36;520;0;192.00;0
178;0;22006423;178;156;694;694;9.34;0.57;102.87;5.36;516;0;193.00;0
179;0;22006431;179;158;694;694;9.28;0.57;102.98;5.36;515;0;194.00;0
182;0;22006437;182;163;695;695;9.22;0.57;103.55;5.35;513;0;195.00;0
183;0;22006452;183;168;696;696;9.15;0.56;103.64;5.35;513;0;196.00;0
184;0;22006459;184;176;696;696;9.09;0.56;103.36;5.35;512;0;197.00;0
186;0;22006467;186;176;698;699;9.01;0.55;103.26;5.33;512;0;198.00;1
189;0;22006473;189;180;698;699;8.92;0.55;102.70;5.33;509;0;199.00;1
191;0;22006482;191;184;699;699;8.80;0.54;102.44;5.33;508;0;200.00;0
191;0;22006494;191;185;699;699;8.67;0.53;102.44;5.33;508;0;201.00;0
193;0;22006501;193;191;705;705;8.52;0.53;102.23;5.29;512;0;202.00;0
196;0;22006508;196;200;705;705;8.40;0.52;101.70;5.29;509;0;203.00;0
199;0;22006516;199;201;705;705;8.30;0.51;102.23;5.29;506;0;204.00;0
201;0;22006522;201;208;705;705;8.19;0.50;102.16;5.29;504;0;205.00;0
205;0;22006531;205;212;709;709;8.13;0.50;102.78;5.27;504;0;206.00;0
206;0;22006537;206;219;710;710;8.04;0.49;102.92;5.26;504;0;207.00;0
207;0;22006544;207;223;710;710;7.95;0.49;103.15;5.26;503;0;208.00;0
207;0;22006551;207;225;711;711;7.84;0.48;103.15;5.25;504;0;209.00;0
211;0;22006560;211;232;711;711;7.64;0.47;102.55;5.25;500;0;210.00;0
214;0;22006567;214;235;711;711;7.44;0.46;102.69;5.25;497;0;211.00;0
216;0;22006573;216;243;711;711;7.28;0.45;102.15;5.25;495;0;212.00;0
219;0;22006581;219;246;711;711;7.13;0.44;102.31;5.25;492;0;213.00;0
221;0;22006587;221;249;711;711;6.98;0.43;103.19;5.25;490;0;214.00;0
222;0;22006595;222;249;711;711;6.83;0.42;102.93;5.25;489;0;215.00;0
222;0;22006600;222;264;754;781;7.08;0.44;102.93;4.95;532;0;216.00;27
222;0;22006613;222;263;756;782;6.97;0.43;102.93;4.94;534;0;217.00;26
224;0;22006620;224;262;762;782;6.95;0.43;103.29;4.92;538;0;218.00;20
226;0;22006627;226;262;763;782;6.86;0.42;104.13;4.92;537;0;219.00;19
227;0;22006634;227;263;765;782;6.86;0.42;104.61;4.92;538;0;220.00;17
227;0;22006640;227;271;767;782;6.89;0.43;104.61;4.92;540;0;221.00;15
227;0;22006648;227;262;769;782;6.94;0.43;104.61;4.92;542;0;222.00;13
228;0;22006654;228;259;770;782;6.94;0.43;104.71;4.92;542;0;223.00;12
230;0;22006662;230;246;772;783;7.03;0.43;105.73;4.93;542;0;224.00;11
231;0;22006669;231;234;774;785;7.14;0.44;105.61;4.93;543;0;225.00;11
232;0;22006677;232;235;777;785;7.29;0.45;106.12;4.95;545;0;226.00;8
233;0;22006685;233;234;784;789;7.47;0.46;106.24;4.95;551;0;227.00;5
234;0;22006693;234;232;787;789;7.74;0.48;106.50;4.97;553;0;228.00;2
236;0;22006702;236;234;789;789;7.90;0.48;106.92;4.98;553;0;229.00;0
241;0;22006717;241;233;789;789;7.98;0.49;108.24;4.98;548;0;230.00;0
241;0;22006732;241;220;795;795;8.11;0.50;108.24;4.95;554;0;231.00;0
243;0;22006740;243;209;795;795;8.19;0.50;109.03;4.95;552;0;232.00;0
243;0;22006750;243;200;795;795;8.32;0.51;109.03;4.95;552;0;233.00;0
244;0;22006757;244;188;797;798;8.43;0.51;109.53;4.93;553;0;234.00;1
244;0;22006768;244;179;797;798;8.48;0.52;109.53;4.93;553;0;235.00;1
244;0;22006777;244;172;798;798;8.60;0.52;109.53;4.93;554;0;236.00;0
245;0;22006786;245;172;799;799;8.62;0.53;109.17;4.93;554;0;237.00;0
248;0;22006795;248;163;800;800;8.72;0.53;109.54;4.92;552;0;238.00;0
248;0;22006803;248;161;800;800;8.85;0.54;109.54;4.92;552;0;239.00;0
251;0;22006814;251;163;825;826;8.94;0.55;109.64;4.77;574;0;240.00;1
254;0;22006824;254;162;825;826;9.05;0.55;110.11;4.77;571;0;241.00;1
254;0;22006833;254;149;826;826;9.27;0.57;110.11;4.77;572;0;242.00;0
256;0;22006842;256;142;827;827;9.47;0.58;110.49;4.76;571;0;243.00;0
257;0;22006852;257;139;827;827;9.63;0.59;110.73;4.76;570;0;244.00;0
261;0;22006861;261;135;831;831;9.70;0.59;112.19;4.74;570;0;245.00;0
263;0;22006869;263;132;831;831;9.75;0.59;112.48;4.74;568;0;246.00;0
264;0;22006878;264;131;835;835;9.68;0.59;112.98;4.73;571;0;247.00;0
266;0;22006887;266;127;835;835;9.72;0.59;113.17;4.73;569;0;248.00;0
268;0;22006896;268;127;835;835;9.70;0.59;113.03;4.73;567;0;249.00;0
272;0;22006904;272;129;835;835;9.70;0.59;114.32;4.73;563;0;250.00;0
275;0;22006913;275;133;835;835;9.71;0.59;114.83;4.73;560;0;251.00;0
278;0;22006920;278;132;846;847;9.79;0.60;115.40;4.67;568;0;252.00;1
278;0;22006931;278;126;846;847;9.85;0.60;115.40;4.67;568;0;253.00;1
280;0;22006938;280;127;847;847;9.95;0.61;115.62;4.66;567;0;254.00;0
282;0;22006947;282;128;847;847;9.98;0.61;116.10;4.66;565;0;255.00;0
282;1;22006954;282;129;847;847;10.03;0.61;116.10;4.66;565;1;256.00;0
285;1;22006978;285;129;847;847;10.07;0.61;116.76;4.66;562;1;257.00;0
287;1;22006990;287;129;848;848;10.05;0.61;116.91;4.66;561;1;258.00;0
287;2;22006999;287;132;848;848;10.10;0.61;116.91;4.66;561;2;259.00;0
287;2;22007015;287;135;854;854;10.05;0.61;116.91;4.63;567;2;260.00;0
288;2;22007023;288;137;855;855;10.06;0.61;117.12;4.63;567;2;261.00;0
288;2;22007032;288;141;855;855;10.06;0.61;117.12;4.63;567;2;262.00;0
289;2;22007046;289;145;855;855;9.99;0.61;116.96;4.63;566;2;263.00;0
289;2;22007054;289;147;859;859;9.94;0.60;116.96;4.61;570;2;264.00;0
290;2;22007063;290;148;859;859;9.94;0.60;117.04;4.61;569;2;265.00;0
291;2;22007071;291;142;859;859;10.04;0.61;117.53;4.61;568;2;266.00;0
294;2;22007082;294;138;860;860;10.12;0.61;117.98;4.60;566;2;267.00;0
294;2;22007089;294;138;864;864;10.05;0.61;117.98;4.58;570;2;268.00;0
297;2;22007102;297;134;864;864;10.07;0.61;118.96;4.58;567;2;269.00;0
298;2;22007116;298;133;868;870;10.28;0.62;119.12;4.56;570;2;270.00;2
300;2;22007124;300;133;868;870;10.30;0.62;119.65;4.56;568;2;271.00;2
303;2;22007136;303;134;870;870;10.40;0.63;120.61;4.56;567;2;272.00;0
306;2;22007145;306;131;870;870;10.46;0.63;121.30;4.56;564;2;273.00;0
308;2;22007154;308;127;874;874;10.47;0.63;121.73;4.54;566;2;274.00;0
311;2;22007165;311;128;874;874;10.43;0.63;122.38;4.54;563;2;275.00;0
314;2;22007172;314;129;874;874;10.45;0.63;122.91;4.54;560;2;276.00;0
317;2;22007182;317;126;874;874;10.43;0.63;123.16;4.54;557;2;277.00;0
320;2;22007189;320;122;875;875;10.37;0.63;123.26;4.54;555;2;278.00;0
322;2;22007198;322;116;876;876;10.34;0.63;123.70;4.53;554;2;279.00;0
327;2;22007206;327;111;876;876;10.27;0.62;124.74;4.53;549;2;280.00;0
329;2;22007215;329;106;877;877;10.24;0.62;125.33;4.53;548;2;281.00;0
331;2;22007222;331;98;877;877;10.29;0.63;125.30;4.53;546;2;282.00;0
334;2;22007230;334;93;877;877;10.29;0.63;125.48;4.53;543;2;283.00;0
336;2;22007238;336;92;877;877;10.39;0.63;125.49;4.53;541;2;284.00;0
339;2;22007247;339;88;877;877;10.51;0.64;125.89;4.53;538;2;285.00;0
339;2;22007255;339;89;877;877;10.74;0.65;125.89;4.53;538;2;286.00;0
340;2;22007264;340;87;877;877;10.79;0.66;125.84;4.53;537;2;287.00;0
343;2;22007271;343;100;944;1004;10.55;0.65;126.10;4.21;601;2;288.00;60
344;2;22007291;344;86;947;1005;10.66;0.66;126.15;4.20;603;2;289.00;58
347;2;22007301;347;81;954;1005;10.75;0.66;126.68;4.18;607;2;290.00;51
349;2;22007311;349;82;955;1005;10.76;0.66;126.59;4.18;606;2;291.00;50
349;2;22007319;349;76;960;1005;10.87;0.67;126.59;4.18;611;2;292.00;45
352;2;22007329;352;77;962;1005;10.92;0.67;126.83;4.18;610;2;293.00;43
352;2;22007341;352;73;964;1005;11.03;0.68;126.83;4.19;612;2;294.00;41
354;2;22007351;354;73;966;1005;11.18;0.69;126.49;4.19;612;2;295.00;39
357;2;22007370;357;73;968;1006;11.32;0.69;127.15;4.20;611;2;296.00;38
358;2;22007381;358;72;974;1007;11.41;0.70;126.82;4.23;616;2;297.00;33
359;2;22007389;359;68;977;1007;11.54;0.71;126.72;4.25;618;2;298.00;30
361;2;22007400;361;71;980;1008;11.57;0.71;126.48;4.27;619;2;299.00;28
363;2;22007413;363;72;985;1014;11.58;0.71;126.43;4.28;622;2;300.00;29
365;2;22007431;365;69;986;1014;11.53;0.71;126.78;4.29;621;2;301.00;28
367;2;22007441;367;71;987;1014;11.54;0.71;126.86;4.30;620;2;302.00;27
367;2;22007452;367;75;991;1018;11.55;0.71;126.86;4.33;624;2;303.00;27
368;2;22007465;368;80;994;1018;11.51;0.71;127.31;4.37;626;2;304.00;24
371;2;22007474;371;89;997;1018;11.42;0.70;128.14;4.40;626;2;305.00;21
374;2;22007495;374;96;1002;1021;11.31;0.69;128.08;4.45;628;2;306.00;19
377;2;22007506;377;101;1006;1021;11.24;0.69;128.44;4.49;629;2;307.00;15
379;2;22007518;379;107;1007;1021;11.25;0.69;129.25;4.50;628;2;308.00;14
381;2;22007530;381;116;1013;1025;11.17;0.68;129.50;4.52;632;2;309.00;12
382;2;22007539;382;116;1015;1026;11.14;0.68;129.91;4.53;633;2;310.00;11
383;2;22007551;383;119;1017;1026;11.13;0.68;130.14;4.53;634;2;311.00;9
383;2;22007563;383;128;1025;1030;11.07;0.68;130.14;4.57;642;2;312.00;5
386;2;22007574;386;127;1027;1030;11.04;0.68;130.61;4.56;641;2;313.00;3
392;2;22007586;392;131;1028;1030;11.03;0.68;131.77;4.57;636;2;314.00;2
394;2;22007598;394;135;1030;1032;11.03;0.68;132.05;4.56;636;2;315.00;2
396;2;22007609;396;137;1030;1032;11.03;0.67;132.18;4.56;634;2;316.00;2
397;2;22007620;397;142;1036;1038;11.00;0.67;132.61;4.54;639;2;317.00;2
399;2;22007632;399;145;1036;1038;10.96;0.67;133.41;4.54;637;2;318.00;2
399;2;22007641;399;142;1037;1039;10.84;0.66;133.41;4.53;638;2;319.00;2
400;2;22007654;400;145;1037;1039;10.71;0.66;133.86;4.53;637;2;320.00;2
404;2;22007665;404;152;1037;1039;10.45;0.64;135.10;4.53;633;2;321.00;2
405;2;22007681;405;156;1037;1039;10.26;0.63;135.05;4.53;632;2;322.00;2
406;2;22007690;406;168;1037;1039;10.02;0.61;135.25;4.53;631;2;323.00;2
408;2;22007700;408;166;1049;1051;9.90;0.61;136.17;4.52;641;2;324.00;2
411;2;22007710;411;166;1049;1051;9.73;0.60;136.54;4.52;638;2;325.00;2
413;2;22007719;413;169;1050;1051;9.58;0.59;136.67;4.51;637;2;326.00;1
417;2;22007736;417;175;1050;1051;9.44;0.58;137.29;4.51;633;2;327.00;1
418;2;22007746;418;176;1050;1051;9.42;0.58;137.06;4.51;632;2;328.00;1
421;2;22007754;421;182;1050;1051;9.49;0.58;137.60;4.51;629;2;329.00;1
426;2;22007766;426;187;1053;1055;9.45;0.58;137.66;4.50;627;2;330.00;2
427;2;22007775;427;184;1054;1055;9.54;0.58;137.84;4.54;627;2;331.00;1
428;2;22007787;428;184;1058;1059;9.67;0.59;138.26;4.53;630;2;332.00;1
429;2;22007797;429;186;1060;1060;9.73;0.60;138.04;4.52;631;2;333.00;0
431;2;22007805;431;185;1060;1060;9.72;0.59;138.17;4.52;629;2;334.00;0
433;2;22007814;433;188;1060;1060;9.70;0.59;138.49;4.52;627;2;335.00;0
436;2;22007822;436;187;1072;1073;9.60;0.59;139.24;4.47;636;2;336.00;1
438;2;22007832;438;192;1073;1073;9.67;0.59;138.99;4.47;635;2;337.00;0
440;2;22007841;440;194;1073;1073;9.70;0.59;139.05;4.47;633;2;338.00;0
445;2;22007852;445;194;1074;1074;9.72;0.59;140.07;4.46;629;2;339.00;0
447;2;22007863;447;198;1075;1075;9.62;0.59;140.63;4.46;628;2;340.00;0
453;2;22007871;453;199;1075;1075;9.51;0.58;140.83;4.46;622;2;341.00;0
457;2;22007882;457;201;1078;1078;9.38;0.57;142.01;4.45;621;2;342.00;0
457;2;22007890;457;202;1078;1078;9.29;0.57;142.01;4.45;621;2;343.00;0
460;2;22007900;460;204;1078;1078;9.11;0.56;143.01;4.45;618;2;344.00;0
466;2;22007909;466;211;1078;1078;8.94;0.55;143.95;4.45;612;2;345.00;0
466;2;22007918;466;213;1084;1084;8.84;0.54;143.95;4.43;618;2;346.00;0
469;2;22007928;469;217;1084;1084;8.61;0.53;144.64;4.43;615;2;347.00;0
470;2;22007935;470;225;1084;1084;8.40;0.52;145.07;4.43;614;2;348.00;0
473;2;22007943;473;236;1084;1084;8.15;0.50;145.25;4.43;611;2;349.00;0
476;2;22007951;476;223;1088;1088;7.96;0.49;145.90;4.42;612;2;350.00;0
477;2;22007962;477;218;1089;1089;7.90;0.49;146.26;4.41;612;2;351.00;0
478;2;22007971;478;215;1089;1089;7.87;0.49;146.07;4.41;611;2;352.00;0
482;2;22007981;482;216;1090;1090;7.80;0.48;146.19;4.41;608;2;353.00;0
487;2;22007988;487;213;1090;1090;7.70;0.47;146.99;4.41;603;2;354.00;0
488;2;22007998;488;218;1090;1090;7.68;0.47;146.74;4.41;602;2;355.00;0
493;2;22008005;493;218;1090;1090;7.59;0.47;147.79;4.41;597;2;356.00;0
494;2;22008015;494;217;1090;1090;7.58;0.47;147.83;4.41;596;2;357.00;0
496;2;22008022;496;212;1090;1090;7.57;0.47;148.18;4.41;594;2;358.00;0
498;2;22008030;498;210;1090;1090;7.49;0.46;148.64;4.41;592;2;359.00;0
501;2;22008039;501;219;1156;1215;7.65;0.48;149.00;4.16;655;2;360.00;59
504;2;22008058;504;221;1161;1216;7.59;0.48;148.89;4.14;657;2;361.00;55
504;2;22008073;504;221;1173;1216;7.73;0.49;148.89;4.12;669;2;362.00;43
506;2;22008082;506;222;1180;1216;7.72;0.48;148.91;4.12;674;2;363.00;36
510;2;22008090;510;220;1187;1216;7.68;0.48;148.71;4.12;677;2;364.00;29
512;2;22008100;512;222;1190;1216;7.62;0.48;148.96;4.12;678;2;365.00;26
516;2;22008108;516;222;1196;1216;7.57;0.47;149.03;4.13;680;2;366.00;20
520;2;22008119;520;230;1200;1216;7.51;0.47;149.19;4.14;680;2;367.00;16
522;2;22008128;522;232;1204;1217;7.44;0.46;149.16;4.15;682;2;368.00;13
528;2;22008136;528;242;1208;1218;7.25;0.45;149.48;4.17;680;2;369.00;10
534;2;22008147;534;253;1211;1218;7.18;0.45;150.10;4.18;677;2;370.00;7
534;2;22008156;534;260;1218;1222;7.18;0.44;150.10;4.17;684;2;371.00;4
535;2;22008166;535;268;1219;1222;7.12;0.44;150.24;4.18;684;2;372.00;3
539;2;22008174;539;276;1219;1222;6.99;0.43;150.17;4.18;680;2;373.00;3
542;2;22008185;542;284;1220;1222;6.83;0.42;150.38;4.19;678;2;374.00;2
545;2;22008195;545;287;1226;1228;6.77;0.42;150.68;4.17;681;2;375.00;2
547;2;22008203;547;290;1227;1228;6.70;0.41;150.88;4.18;680;2;376.00;1
550;2;22008213;550;295;1227;1228;6.61;0.41;150.48;4.18;677;2;377.00;1
550;2;22008221;550;294;1230;1231;6.63;0.41;150.48;4.19;680;2;378.00;1
551;2;22008231;551;296;1230;1231;6.58;0.40;150.37;4.19;679;2;379.00;1
551;2;22008238;551;302;1230;1231;6.46;0.40;150.37;4.19;679;2;380.00;1
555;2;22008248;555;291;1231;1232;6.34;0.39;150.30;4.18;676;2;381.00;1
556;2;22008256;556;285;1232;1233;6.30;0.38;150.07;4.18;676;2;382.00;1
559;2;22008266;559;280;1232;1233;6.26;0.38;149.71;4.18;673;2;383.00;1
562;2;22008273;562;281;1243;1246;6.36;0.39;149.36;4.14;681;2;384.00;3
562;2;22008284;562;283;1243;1246;6.40;0.39;149.36;4.14;681;2;385.00;3
562;2;22008292;562;281;1244;1246;6.54;0.40;149.36;4.14;682;2;386.00;2
564;2;22008301;564;283;1245;1247;6.62;0.40;149.48;4.14;681;2;387.00;2
565;2;22008323;565;283;1246;1247;6.69;0.41;149.39;4.14;681;2;388.00;1
565;2;22008333;565;280;1249;1251;6.83;0.42;149.39;4.14;684;2;389.00;2
567;2;22008345;567;278;1249;1251;6.84;0.42;149.14;4.14;682;2;390.00;2
569;2;22008354;569;274;1253;1255;6.90;0.42;149.30;4.13;684;2;391.00;2
570;2;22008365;570;271;1253;1255;6.98;0.43;149.47;4.13;683;2;392.00;2
571;2;22008373;571;269;1253;1255;7.04;0.43;149.25;4.13;682;2;393.00;2
573;2;22008384;573;272;1254;1255;7.04;0.43;149.62;4.13;681;2;394.00;1
573;2;22008394;573;272;1254;1255;6.98;0.43;149.62;4.13;681;2;395.00;1
574;2;22008403;574;276;1265;1267;7.07;0.43;149.42;4.09;691;2;396.00;2
577;2;22008414;577;262;1266;1267;7.12;0.43;150.25;4.10;689;2;397.00;1
577;2;22008425;577;258;1266;1267;7.21;0.44;150.25;4.10;689;2;398.00;1
578;2;22008435;578;252;1266;1267;7.33;0.45;150.39;4.10;688;2;399.00;1
579;2;22008447;579;245;1267;1267;7.44;0.46;150.64;4.10;688;2;400.00;0
580;2;22008462;580;244;1267;1267;7.64;0.47;150.74;4.10;687;2;401.00;0
581;2;22008472;581;243;1268;1268;7.74;0.47;150.91;4.10;687;2;402.00;0
584;2;22008483;584;245;1268;1268;7.85;0.48;151.15;4.10;684;2;403.00;0
588;2;22008494;588;243;1274;1274;7.86;0.48;151.65;4.08;686;2;404.00;0
588;2;22008504;588;244;1276;1276;8.01;0.49;151.65;4.08;688;2;405.00;0
591;2;22008522;591;229;1276;1276;8.01;0.49;152.17;4.08;685;2;406.00;0
594;2;22008540;594;217;1276;1276;8.02;0.49;152.52;4.08;682;2;407.00;0
596;2;22008551;596;214;1280;1280;8.08;0.49;152.76;4.06;684;2;408.00;0
598;2;22008565;598;205;1280;1280;8.12;0.49;153.09;4.06;682;2;409.00;0
601;2;22008587;601;206;1280;1280;8.16;0.50;153.55;4.06;679;2;410.00;0
603;2;22008607;603;208;1281;1281;8.24;0.50;153.79;4.06;678;2;411.00;0
604;2;22008625;604;201;1285;1285;8.32;0.51;153.74;4.05;681;2;412.00;0
607;2;22008641;607;201;1285;1285;8.35;0.51;153.66;4.05;678;2;413.00;0
608;2;22008667;608;200;1287;1288;8.42;0.51;153.85;4.04;679;2;414.00;1
608;2;22008688;608;202;1287;1288;8.60;0.53;153.85;4.04;679;2;415.00;1
610;2;22008709;610;204;1288;1288;8.67;0.53;154.04;4.04;678;2;416.00;0
612;2;22008729;612;198;1288;1288;8.69;0.53;153.94;4.04;676;2;417.00;0
615;2;22008747;615;190;1292;1292;8.78;0.54;154.29;4.03;677;2;418.00;0
618;2;22008764;618;186;1292;1292;8.88;0.54;155.42;4.03;674;2;419.00;0
619;2;22008784;619;177;1292;1292;8.94;0.55;155.80;4.03;673;2;420.00;0
620;2;22008805;620;175;1292;1292;8.99;0.55;155.98;4.03;672;2;421.00;0
623;2;22008821;623;172;1293;1293;9.03;0.55;157.08;4.03;670;2;422.00;0
626;2;22008839;626;169;1294;1294;9.03;0.55;157.51;4.03;668;2;423.00;0
628;2;22008853;628;171;1294;1294;9.05;0.55;157.67;4.03;666;2;424.00;0
632;2;22008866;632;169;1295;1295;9.08;0.55;158.52;4.03;663;2;425.00;0
636;2;22008879;636;165;1295;1295;9.14;0.56;158.72;4.03;659;2;426.00;0
638;2;22008890;638;164;1295;1295;9.23;0.56;158.76;4.03;657;2;427.00;0
641;2;22008904;641;162;1295;1295;9.37;0.57;159.16;4.03;654;2;428.00;0
643;2;22008926;643;161;1295;1295;9.39;0.57;159.71;4.03;652;2;429.00;0
648;2;22008939;648;165;1295;1295;9.42;0.57;160.14;4.03;647;2;430.00;0
650;2;22008953;650;170;1295;1295;9.48;0.58;160.70;4.03;645;2;431.00;0
654;2;22008966;654;193;1376;1422;9.31;0.58;161.31;3.79;722;2;432.00;46
656;2;22008992;656;181;1376;1423;9.42;0.58;161.68;3.79;720;2;433.00;47
658;2;22009007;658;175;1380;1423;9.61;0.60;161.80;3.79;722;2;434.00;43
660;2;22009020;660;172;1380;1423;9.65;0.60;162.35;3.79;720;2;435.00;43
662;2;22009036;662;175;1384;1423;9.75;0.60;162.66;3.79;722;2;436.00;39
665;2;22009050;665;174;1386;1423;9.80;0.61;163.32;3.79;721;2;437.00;37
666;2;22009067;666;182;1387;1423;9.88;0.61;163.35;3.79;721;2;438.00;36
670;2;22009081;670;183;1389;1423;9.96;0.62;163.95;3.79;719;2;439.00;34
671;2;22009096;671;179;1391;1424;10.08;0.62;164.15;3.80;720;2;440.00;33
672;2;22009108;672;173;1393;1425;10.21;0.63;164.34;3.81;721;2;441.00;32
676;2;22009123;676;172;1397;1425;10.23;0.63;165.44;3.83;721;2;442.00;28
679;2;22009156;679;167;1399;1426;10.35;0.64;165.75;3.84;720;2;443.00;27
681;2;22009170;681;170;1402;1426;10.39;0.64;166.13;3.85;721;2;444.00;24
686;2;22009184;686;167;1403;1426;10.42;0.64;166.16;3.86;717;2;445.00;23
689;2;22009199;689;165;1406;1426;10.49;0.64;166.74;3.88;717;2;446.00;20
695;2;22009211;695;164;1409;1430;10.47;0.64;167.85;3.89;714;2;447.00;21
699;2;22009225;699;169;1412;1430;10.48;0.64;168.02;3.92;713;2;448.00;18
701;2;22009240;701;169;1413;1430;10.48;0.64;168.30;3.93;712;2;449.00;17
703;2;22009261;703;168;1418;1436;10.47;0.64;168.28;3.95;715;2;450.00;18
708;2;22009276;708;165;1419;1436;10.37;0.63;169.10;3.96;711;2;451.00;17
710;2;22009291;710;171;1423;1436;10.36;0.63;169.53;3.97;713;2;452.00;13
713;2;22009308;713;168;1427;1440;10.25;0.63;170.14;3.97;714;2;453.00;13
716;2;22009335;716;165;1428;1441;10.18;0.62;170.70;3.97;712;2;454.00;13
720;2;22009350;720;165;1431;1441;10.17;0.62;170.57;4.00;711;2;455.00;10
723;2;22009367;723;158;1432;1445;10.15;0.62;170.92;4.00;709;2;456.00;13
727;2;22009386;727;156;1434;1445;10.15;0.62;171.57;4.00;707;2;457.00;11
729;2;22009401;729;147;1438;1445;10.15;0.62;171.94;4.03;709;2;458.00;7
731;2;22009436;731;140;1439;1446;10.17;0.62;172.39;4.02;708;2;459.00;7
734;2;22009455;734;139;1439;1446;10.18;0.62;172.68;4.02;705;2;460.00;7
736;2;22009483;736;139;1443;1452;10.21;0.62;172.97;4.02;707;2;461.00;9
736;2;22009507;736;137;1443;1452;10.21;0.62;172.97;4.02;707;2;462.00;9
743;2;22009524;743;134;1443;1453;10.19;0.62;173.17;4.02;700;2;463.00;10
746;2;22009556;746;131;1443;1453;10.16;0.62;173.87;4.02;697;2;464.00;10
748;2;22009579;748;131;1443;1453;10.19;0.62;174.24;4.02;695;2;465.00;10
751;2;22009596;751;130;1443;1453;10.21;0.62;174.41;4.02;692;2;466.00;10
751;2;22009613;751;128;1443;1453;10.29;0.63;174.41;4.02;692;2;467.00;10
753;2;22009632;753;128;1453;1465;10.35;0.63;174.33;3.99;700;2;468.00;12
756;2;22009653;756;125;1453;1465;10.42;0.63;174.23;3.99;697;2;469.00;12
762;2;22009679;762;123;1454;1465;10.39;0.63;174.79;3.99;692;2;470.00;11
764;2;22009700;764;117;1454;1465;10.42;0.63;175.19;3.99;690;2;471.00;11
768;2;22009720;768;116;1454;1465;10.43;0.63;175.32;3.99;686;2;472.00;11
771;2;22009739;771;119;1454;1465;10.48;0.63;175.41;3.99;683;2;473.00;11
776;2;22009758;776;119;1457;1469;10.51;0.64;175.43;3.98;681;2;474.00;12
777;2;22009775;777;120;1457;1469;10.60;0.64;175.35;3.98;680;2;475.00;12
780;2;22009789;780;123;1462;1473;10.55;0.64;175.48;4.03;682;2;476.00;11
782;2;22009807;782;125;1463;1474;10.55;0.64;175.41;4.03;681;2;477.00;11
783;2;22009830;783;124;1463;1474;10.48;0.63;175.33;4.03;680;2;478.00;11
786;2;22009850;786;127;1466;1474;10.39;0.63;175.51;4.10;680;2;479.00;8
788;2;22009871;788;133;1489;1500;10.26;0.62;175.32;4.05;701;2;480.00;11
788;2;22009895;788;134;1491;1500;10.29;0.63;175.32;4.06;703;2;481.00;9
790;2;22009920;790;132;1494;1500;10.31;0.63;175.42;4.07;704;2;482.00;6
791;2;22009936;791;138;1495;1501;10.35;0.63;175.53;4.07;704;2;483.00;6
792;2;22009950;792;145;1495;1502;10.36;0.63;175.65;4.07;703;2;484.00;7
794;2;22009965;794;153;1496;1502;10.35;0.63;175.84;4.09;702;2;485.00;6
796;2;22009981;796;154;1498;1505;10.31;0.63;175.81;4.08;702;2;486.00;7
800;2;22009995;800;161;1498;1505;10.28;0.62;175.68;4.08;698;2;487.00;7
801;2;22010013;801;166;1499;1505;10.19;0.62;175.79;4.08;698;2;488.00;6
803;2;22010030;803;168;1499;1505;10.12;0.61;175.98;4.08;696;2;489.00;6
804;2;22010056;804;175;1504;1511;10.07;0.61;176.01;4.07;700;2;490.00;7
807;2;22010073;807;174;1510;1511;9.97;0.61;175.75;4.12;703;2;491.00;1
813;2;22010089;813;178;1511;1511;9.89;0.60;175.94;4.12;698;2;492.00;0
814;2;22010116;814;183;1511;1511;9.79;0.60;175.96;4.12;697;2;493.00;0
815;2;22010130;815;189;1515;1515;9.71;0.59;175.91;4.11;700;2;494.00;0
816;2;22010140;816;192;1517;1517;9.65;0.59;175.94;4.11;701;2;495.00;0
816;2;22010155;816;202;1517;1517;9.60;0.59;175.94;4.11;701;2;496.00;0
817;2;22010177;817;205;1518;1518;9.54;0.58;175.98;4.11;701;2;497.00;0
817;2;22010191;817;211;1518;1518;9.36;0.57;175.98;4.11;701;2;498.00;0
817;2;22010204;817;209;1518;1518;9.29;0.57;175.98;4.11;701;2;499.00;0
819;2;22010217;819;212;1518;1518;9.21;0.56;175.77;4.11;699;2;500.00;0
819;2;22010236;819;215;1518;1518;9.19;0.56;175.77;4.11;699;2;501.00;0
822;2;22010263;822;216;1518;1518;9.22;0.57;175.79;4.11;696;2;502.00;0
823;2;22010283;823;217;1518;1518;9.21;0.57;175.75;4.11;695;2;503.00;0
824;2;22010300;824;226;1558;1588;9.34;0.58;175.70;4.00;734;2;504.00;30
825;2;22010331;825;230;1561;1589;9.26;0.57;175.66;3.99;736;2;505.00;28
830;2;22010351;830;230;1571;1589;9.27;0.57;175.45;3.98;741;2;506.00;18
835;2;22010373;835;232;1572;1589;9.27;0.57;175.58;3.98;737;2;507.00;17
836;2;22010389;836;234;1576;1589;9.29;0.57;175.46;3.98;740;2;508.00;13
838;2;22010403;838;236;1577;1589;9.31;0.57;175.39;3.98;739;2;509.00;12
839;2;22010419;839;238;1580;1589;9.33;0.57;175.35;3.99;741;2;510.00;9
841;2;22010438;841;243;1583;1589;9.35;0.57;175.10;3.99;742;2;511.00;6
844;2;22010461;844;243;1585;1590;9.33;0.57;175.07;4.00;741;2;512.00;5
846;2;22010474;846;247;1586;1591;9.29;0.57;174.79;4.00;740;2;513.00;5
849;2;22010490;849;250;1589;1591;9.18;0.56;174.78;4.01;740;2;514.00;2
853;2;22010505;853;255;1595;1595;9.04;0.55;175.40;4.00;742;2;515.00;0
854;2;22010519;854;255;1595;1595;8.87;0.54;175.38;4.00;741;2;516.00;0
863;2;22010532;863;261;1595;1595;8.65;0.53;176.21;4.00;732;2;517.00;0
865;2;22010547;865;265;1595;1595;8.45;0.52;176.64;4.00;730;2;518.00;0
867;2;22010559;867;268;1601;1601;8.33;0.51;176.85;3.99;734;2;519.00;0
872;2;22010583;872;271;1601;1601;8.20;0.50;177.20;3.99;729;2;520.00;0
874;2;22010600;874;280;1601;1601;8.02;0.49;177.40;3.99;727;2;521.00;0
879;2;22010611;879;281;1604;1604;7.80;0.48;177.42;3.98;725;2;522.00;0
881;2;22010620;881;286;1604;1604;7.57;0.46;178.02;3.98;723;2;523.00;0
882;2;22010631;882;294;1604;1604;7.34;0.45;177.87;3.98;722;2;524.00;0
885;2;22010649;885;283;1605;1605;7.16;0.44;178.43;3.98;720;2;525.00;0
888;2;22010664;888;274;1606;1606;7.06;0.43;178.87;3.98;718;2;526.00;0
890;2;22010680;890;275;1606;1606;7.01;0.43;179.52;3.98;716;2;527.00;0
892;2;22010693;892;283;1618;1619;7.04;0.43;179.57;3.95;726;2;528.00;1
896;2;22010717;896;285;1619;1619;7.06;0.43;179.78;3.95;723;2;529.00;0
899;2;22010734;899;282;1619;1619;7.11;0.44;179.95;3.95;720;2;530.00;0
903;2;22010749;903;287;1620;1620;7.14;0.44;180.50;3.95;717;2;531.00;0
907;2;22010762;907;281;1620;1620;7.14;0.44;180.98;3.95;713;2;532.00;0
909;2;22010779;909;280;1624;1624;7.24;0.44;181.06;3.94;715;2;533.00;0
912;2;22010790;912;282;1624;1624;7.33;0.45;180.78;3.94;712;2;534.00;0
912;2;22010801;912;279;1628;1628;7.35;0.45;180.78;3.93;716;2;535.00;0
914;2;22010812;914;281;1628;1628;7.23;0.44;180.68;3.93;714;2;536.00;0
915;2;22010821;915;279;1628;1628;7.17;0.44;180.91;3.93;713;2;537.00;0
917;2;22010832;917;270;1628;1628;7.16;0.44;180.94;3.93;711;2;538.00;0
921;2;22010841;921;258;1628;1628;7.08;0.43;181.77;3.93;707;2;539.00;0
922;2;22010854;922;255;1656;1662;7.32;0.45;182.08;3.87;734;2;540.00;6
924;2;22010868;924;255;1657;1662;7.33;0.45;181.92;3.86;733;2;541.00;5
928;2;22010880;928;253;1661;1662;7.37;0.45;182.39;3.86;733;2;542.00;1
932;2;22010895;932;252;1661;1662;7.40;0.46;182.27;3.86;729;2;543.00;1
935;2;22010907;935;247;1662;1662;7.48;0.46;182.31;3.86;727;2;544.00;0
939;2;22010930;939;244;1662;1662;7.52;0.46;182.30;3.86;723;2;545.00;0
940;2;22010941;940;245;1663;1663;7.56;0.47;182.30;3.86;723;2;546.00;0
943;2;22010956;943;251;1663;1663;7.52;0.46;182.16;3.86;720;2;547.00;0
946;2;22010970;946;251;1669;1669;7.49;0.46;182.01;3.85;723;2;548.00;0
950;3;22010983;950;255;1670;1670;7.44;0.46;182.48;3.84;720;3;549.00;0
951;4;22011017;951;257;1670;1670;7.37;0.45;182.47;3.84;719;4;550.00;0
953;4;22011038;953;255;1670;1670;7.38;0.45;182.81;3.84;717;4;551.00;0
954;4;22011051;954;257;1674;1674;7.42;0.45;183.05;3.84;720;4;552.00;0
955;4;22011070;955;261;1674;1674;7.41;0.45;182.88;3.84;719;4;553.00;0
958;4;22011083;958;260;1674;1674;7.45;0.46;183.13;3.84;716;4;554.00;0
959;4;22011103;959;262;1675;1675;7.55;0.46;183.12;3.83;716;4;555.00;0
959;4;22011115;959;258;1679;1679;7.64;0.47;183.12;3.83;720;4;556.00;0
965;4;22011127;965;253;1679;1679;7.61;0.46;183.52;3.83;714;4;557.00;0
967;4;22011137;967;253;1681;1682;7.69;0.47;183.68;3.82;714;4;558.00;1
971;4;22011149;971;255;1681;1682;7.64;0.46;183.87;3.82;710;4;559.00;1
976;4;22011161;976;255;1682;1682;7.55;0.46;184.26;3.82;706;4;560.00;0
977;4;22011172;977;256;1682;1682;7.52;0.46;184.30;3.82;705;4;561.00;0
980;4;22011184;980;259;1686;1686;7.57;0.46;184.44;3.81;706;4;562.00;0
982;4;22011197;982;259;1686;1686;7.55;0.46;184.41;3.81;704;4;563.00;0
984;4;22011208;984;254;1686;1686;7.56;0.46;184.62;3.81;702;4;564.00;0
986;4;22011220;986;248;1686;1686;7.53;0.46;184.67;3.81;700;4;565.00;0
987;4;22011231;987;246;1687;1687;7.50;0.46;184.65;3.81;700;4;566.00;0
987;4;22011241;987;247;1688;1688;7.45;0.45;184.65;3.81;701;4;567.00;0
988;4;22011252;988;256;1688;1688;7.36;0.45;184.75;3.81;700;4;568.00;0
992;4;22011264;992;256;1689;1689;7.34;0.45;185.09;3.81;697;4;569.00;0
994;4;22011277;994;260;1689;1689;7.31;0.45;185.24;3.81;695;4;570.00;0
995;4;22011288;995;260;1689;1689;7.34;0.45;185.27;3.81;694;4;571.00;0
996;4;22011300;996;250;1689;1689;7.41;0.45;185.22;3.81;693;4;572.00;0
999;4;22011312;999;244;1689;1689;7.54;0.46;185.57;3.81;690;4;573.00;0
1000;4;22011323;1000;239;1689;1689;7.68;0.47;185.67;3.81;689;4;574.00;0
1006;4;22011336;1006;235;1689;1689;7.77;0.47;185.88;3.81;683;4;575.00;0
1006;4;22011348;1006;256;1771;1816;8.12;0.50;185.88;3.63;765;4;576.00;45
1008;4;22011375;1008;246;1775;1817;8.11;0.50;186.14;3.63;767;4;577.00;42
1010;4;22011390;1010;237;1782;1817;8.15;0.50;186.16;3.62;772;4;578.00;35
1011;4;22011404;1011;235;1783;1817;8.14;0.50;186.33;3.62;772;4;579.00;34
1011;4;22011419;1011;234;1788;1817;8.17;0.50;186.33;3.62;777;4;580.00;29
1013;4;22011439;1013;222;1788;1817;8.17;0.50;186.60;3.62;775;4;581.00;29
1014;4;22011453;1014;217;1791;1817;8.21;0.50;186.89;3.63;777;4;582.00;26
1015;4;22011466;1015;217;1794;1817;8.23;0.51;186.86;3.63;779;4;583.00;23
1016;4;22011486;1016;221;1797;1818;8.23;0.51;186.96;3.64;781;4;584.00;21
1018;4;22011506;1018;226;1803;1820;8.14;0.50;187.09;3.65;785;4;585.00;17
1021;4;22011520;1021;228;1806;1820;8.05;0.49;187.73;3.66;785;4;586.00;14
1024;4;22011535;1024;229;1809;1821;7.95;0.49;188.20;3.67;785;4;587.00;12
1027;4;22011557;1027;234;1811;1821;7.91;0.48;188.58;3.68;784;4;588.00;10
1029;4;22011581;1029;237;1814;1821;7.87;0.48;189.04;3.69;785;4;589.00;7
1031;4;22011598;1031;249;1816;1821;7.83;0.48;189.39;3.70;785;4;590.00;5
1034;4;22011612;1034;258;1820;1825;7.86;0.48;189.71;3.70;786;4;591.00;5
1035;4;22011626;1035;253;1821;1825;7.95;0.49;189.98;3.71;786;4;592.00;4
1038;4;22011642;1038;250;1822;1825;7.97;0.49;190.14;3.72;784;4;593.00;3
1039;4;22011662;1039;250;1824;1828;8.05;0.49;190.32;3.72;785;4;594.00;4
1041;4;22011675;1041;248;1825;1828;8.11;0.50;190.68;3.73;784;4;595.00;3
1042;4;22011698;1042;242;1826;1828;8.18;0.50;190.72;3.73;784;4;596.00;2
1047;4;22011715;1047;237;1831;1832;8.18;0.50;190.96;3.72;784;4;597.00;1
1049;4;22011732;1049;230;1833;1833;8.29;0.51;191.39;3.72;784;4;598.00;0
1052;4;22011745;1052;228;1833;1833;8.39;0.51;192.03;3.72;781;4;599.00;0
1056;4;22011759;1056;235;1844;1859;8.38;0.51;192.16;3.70;788;4;600.00;15
1059;4;22011783;1059;227;1845;1859;8.43;0.51;192.56;3.70;786;4;601.00;14
1061;4;22011797;1061;227;1846;1859;8.47;0.52;192.84;3.70;785;4;602.00;13
1065;4;22011810;1065;233;1847;1860;8.50;0.52;193.58;3.69;782;4;603.00;13
1069;4;22011822;1069;235;1848;1860;8.57;0.52;193.68;3.69;779;4;604.00;12
1073;4;22011836;1073;231;1853;1866;8.69;0.53;193.82;3.69;780;4;605.00;13
1073;4;22011852;1073;229;1854;1866;8.83;0.54;193.82;3.69;781;4;606.00;12
1077;4;22011864;1077;230;1855;1867;8.84;0.54;194.03;3.69;778;4;607.00;12
1078;4;22011876;1078;232;1856;1867;8.89;0.54;194.02;3.69;778;4;608.00;11
1081;4;22011889;1081;235;1856;1867;8.86;0.54;194.57;3.69;775;4;609.00;11
1085;4;22011902;1085;237;1857;1867;8.86;0.54;194.91;3.70;772;4;610.00;10
1088;4;22011915;1088;238;1857;1867;8.87;0.54;195.18;3.70;769;4;611.00;10
1091;4;22011935;1091;244;1865;1879;8.86;0.54;195.35;3.68;774;4;612.00;14
1095;4;22011950;1095;241;1867;1879;8.83;0.54;195.42;3.68;772;4;613.00;12
1097;4;22011979;1097;247;1868;1879;8.88;0.54;195.38;3.68;771;4;614.00;11
1099;4;22011996;1099;242;1868;1879;8.94;0.54;195.65;3.68;769;4;615.00;11
1100;4;22012010;1100;241;1869;1879;9.00;0.54;195.87;3.69;769;4;616.00;10
1105;4;22012023;1105;229;1869;1879;9.07;0.55;196.49;3.69;764;4;617.00;10
1107;4;22012036;1107;225;1872;1883;9.15;0.55;196.77;3.68;765;4;618.00;11
1109;4;22012050;1109;218;1872;1883;9.17;0.55;196.88;3.68;763;4;619.00;11
1113;4;22012063;1113;213;1876;1887;9.18;0.55;197.75;3.68;763;4;620.00;11
1115;4;22012079;1115;214;1878;1888;9.19;0.56;197.90;3.69;763;4;621.00;10
1117;4;22012093;1117;211;1878;1888;9.23;0.56;198.01;3.69;761;4;622.00;10
1121;4;22012105;1121;206;1878;1888;9.15;0.55;198.33;3.69;757;4;623.00;10
1123;4;22012117;1123;210;1888;1901;9.08;0.55;198.55;3.67;765;4;624.00;13
1125;4;22012131;1125;204;1888;1901;9.03;0.54;198.88;3.67;763;4;625.00;13
1126;4;22012144;1126;203;1890;1901;8.99;0.54;199.00;3.68;764;4;626.00;11
1128;4;22012156;1128;196;1891;1902;8.88;0.54;199.43;3.68;763;4;627.00;11
1131;4;22012172;1131;193;1892;1903;8.81;0.53;199.56;3.68;761;4;628.00;11
1133;4;22012195;1133;186;1892;1903;8.79;0.53;199.88;3.68;759;4;629.00;11
1133;4;22012210;1133;182;1898;1909;8.84;0.53;199.88;3.70;765;4;630.00;11
1136;4;22012223;1136;181;1899;1909;8.83;0.53;200.47;3.70;763;4;631.00;10
1139;4;22012237;1139;175;1900;1909;8.86;0.54;200.73;3.70;761;4;632.00;9
1140;4;22012251;1140;170;1900;1909;8.94;0.54;200.91;3.70;760;4;633.00;9
1143;4;22012266;1143;164;1905;1915;8.95;0.54;201.15;3.69;762;4;634.00;10
1146;4;22012280;1146;159;1905;1915;8.94;0.54;201.57;3.69;759;4;635.00;10
1147;4;22012290;1147;159;1905;1915;8.99;0.55;201.86;3.69;758;4;636.00;10
1148;4;22012304;1148;156;1905;1915;9.05;0.55;202.02;3.69;757;4;637.00;10
1152;4;22012317;1152;155;1908;1919;9.08;0.55;202.50;3.68;756;4;638.00;11
1155;4;22012330;1155;152;1909;1920;9.10;0.55;202.70;3.68;754;4;639.00;11
1161;4;22012342;1161;152;1909;1920;9.07;0.55;202.82;3.68;748;4;640.00;11
1163;4;22012355;1163;146;1910;1921;9.08;0.55;203.19;3.68;747;4;641.00;11
1165;4;22012368;1165;148;1910;1921;9.07;0.55;203.10;3.68;745;4;642.00;11
1167;4;22012380;1167;148;1910;1921;9.08;0.55;203.53;3.68;743;4;643.00;11
1168;4;22012390;1168;153;1910;1921;9.07;0.55;203.60;3.68;742;4;644.00;11
1168;4;22012402;1168;159;1910;1921;9.14;0.56;203.60;3.68;742;4;645.00;11
1170;4;22012415;1170;160;1910;1921;9.17;0.56;203.94;3.68;740;4;646.00;11
1173;4;22012427;1173;159;1911;1921;9.15;0.56;204.05;3.70;738;4;647.00;10
1176;4;22012439;1176;168;1947;1991;9.28;0.57;204.06;3.63;771;4;648.00;44
1178;4;22012459;1178;167;1949;1992;9.26;0.56;204.04;3.63;771;4;649.00;43
1180;4;22012472;1180;165;1955;1992;9.26;0.57;204.11;3.63;775;4;650.00;37
1182;4;22012485;1182;163;1958;1992;9.24;0.56;204.03;3.63;776;4;651.00;34
1186;4;22012496;1186;164;1960;1992;9.27;0.57;203.96;3.63;774;4;652.00;32
1187;4;22012509;1187;171;1964;1992;9.28;0.57;203.89;3.65;777;4;653.00;28
1188;4;22012522;1188;172;1967;1992;9.32;0.57;203.90;3.66;779;4;654.00;25
1190;4;22012535;1190;177;1971;1992;9.33;0.57;203.90;3.68;781;4;655.00;21
1191;4;22012548;1191;183;1974;1993;9.31;0.57;203.73;3.69;783;4;656.00;19
1194;4;22012561;1194;185;1979;1994;9.33;0.57;203.59;3.73;785;4;657.00;15
1196;4;22012572;1196;190;1983;1994;9.31;0.57;203.49;3.77;787;4;658.00;11
1199;4;22012585;1199;195;1988;1998;9.22;0.56;203.22;3.77;789;4;659.00;10
1204;4;22012600;1204;200;1989;1998;9.11;0.55;203.45;3.79;785;4;660.00;9
1206;4;22012613;1206;204;1989;1998;9.05;0.55;203.39;3.79;783;4;661.00;9
1207;4;22012625;1207;208;1990;1998;9.00;0.55;203.31;3.80;783;4;662.00;8
1208;4;22012637;1208;215;1997;2004;8.95;0.55;203.21;3.80;789;4;663.00;7
1209;4;22012652;1209;227;1999;2004;8.87;0.54;203.11;3.84;790;4;664.00;5
1212;4;22012668;1212;233;2000;2004;8.76;0.53;202.96;3.85;788;4;665.00;4
1212;4;22012682;1212;240;2004;2007;8.69;0.53;202.96;3.86;792;4;666.00;3
1213;4;22012697;1213;243;2005;2007;8.62;0.53;203.03;3.86;792;4;667.00;2
1215;4;22012709;1215;248;2007;2007;8.57;0.52;202.89;3.87;792;4;668.00;0
1217;4;22012733;1217;254;2008;2008;8.50;0.52;202.85;3.87;791;4;669.00;0
1217;4;22012749;1217;257;2009;2009;8.42;0.52;202.85;3.86;792;4;670.00;0
1219;4;22012763;1219;263;2009;2009;8.32;0.51;202.84;3.86;790;4;671.00;0
1220;4;22012774;1220;271;2021;2022;8.26;0.51;202.83;3.84;801;4;672.00;1
1224;4;22012790;1224;273;2022;2022;8.11;0.50;202.61;3.84;798;4;673.00;0
1224;4;22012804;1224;274;2022;2022;8.02;0.49;202.61;3.84;798;4;674.00;0
1227;4;22012817;1227;279;2024;2024;7.90;0.48;202.70;3.84;797;4;675.00;0
1227;4;22012830;1227;280;2024;2024;7.82;0.48;202.70;3.84;797;4;676.00;0
1229;4;22012842;1229;284;2028;2028;7.80;0.48;202.54;3.83;799;4;677.00;0
1232;4;22012856;1232;281;2028;2028;7.71;0.47;202.37;3.83;796;4;678.00;0
1234;4;22012869;1234;293;2032;2032;7.67;0.47;202.28;3.82;798;4;679.00;0
1236;4;22012882;1236;294;2032;2032;7.65;0.47;202.27;3.82;796;4;680.00;0
1238;4;22012896;1238;292;2032;2032;7.55;0.46;202.24;3.82;794;4;681.00;0
1240;4;22012905;1240;299;2032;2032;7.47;0.46;202.32;3.82;792;4;682.00;0
1245;4;22012917;1245;307;2032;2032;7.42;0.45;202.11;3.82;787;4;683.00;0
1247;4;22012926;1247;308;2043;2044;7.43;0.45;202.12;3.80;796;4;684.00;1
1250;4;22012937;1250;313;2043;2044;7.45;0.45;202.20;3.80;793;4;685.00;1
1252;4;22012949;1252;314;2044;2044;7.53;0.46;202.00;3.80;792;4;686.00;0
1255;4;22012961;1255;314;2044;2044;7.50;0.46;201.89;3.80;789;4;687.00;0
1256;4;22012970;1256;319;2044;2044;7.48;0.46;201.87;3.80;788;4;688.00;0
1259;4;22012981;1259;325;2044;2044;7.45;0.45;201.81;3.80;785;4;689.00;0
1261;4;22012996;1261;328;2045;2045;7.34;0.45;201.74;3.80;784;4;690.00;0
1266;4;22013008;1266;333;2045;2045;7.12;0.43;202.12;3.80;779;4;691.00;0
1267;4;22013021;1267;340;2051;2051;7.08;0.43;202.23;3.79;784;4;692.00;0
1270;4;22013032;1270;341;2052;2052;6.94;0.42;202.42;3.79;782;4;693.00;0
1272;4;22013040;1272;344;2052;2052;6.74;0.41;202.43;3.79;780;4;694.00;0
1276;4;22013051;1276;335;2052;2052;6.67;0.41;202.91;3.79;776;4;695.00;0
1280;4;22013061;1280;325;2056;2056;6.61;0.40;203.17;3.78;776;4;696.00;0
1283;4;22013070;1283;316;2056;2056;6.60;0.40;203.34;3.78;773;4;697.00;0
1286;4;22013080;1286;314;2056;2056;6.52;0.40;203.54;3.78;770;4;698.00;0
1287;4;22013089;1287;310;2057;2057;6.46;0.40;203.69;3.78;770;4;699.00;0
1292;4;22013100;1292;296;2061;2061;6.35;0.39;203.91;3.78;769;4;700.00;0
1295;4;22013115;1295;286;2061;2061;6.35;0.39;204.02;3.78;766;4;701.00;0
1297;4;22013132;1297;276;2063;2064;6.41;0.39;204.36;3.77;766;4;702.00;1
1300;4;22013141;1300;278;2063;2064;6.39;0.39;204.83;3.77;763;4;703.00;1
1300;4;22013152;1300;275;2064;2064;6.45;0.40;204.83;3.77;764;4;704.00;0
1304;4;22013169;1304;271;2064;2064;6.43;0.39;204.83;3.77;760;4;705.00;0
1306;4;22013180;1306;268;2068;2068;6.50;0.40;205.06;3.77;762;4;706.00;0
1307;4;22013191;1307;260;2068;2068;6.56;0.40;205.32;3.77;761;4;707.00;0
1309;4;22013204;1309;252;2068;2068;6.57;0.40;205.43;3.77;759;4;708.00;0
1310;4;22013218;1310;248;2068;2068;6.63;0.40;205.61;3.77;758;4;709.00;0
1311;4;22013230;1311;247;2069;2069;6.61;0.40;205.78;3.77;758;4;710.00;0
1312;4;22013241;1312;248;2070;2070;6.67;0.41;205.73;3.76;758;4;711.00;0
1314;4;22013254;1314;248;2070;2070;6.68;0.41;205.92;3.76;756;4;712.00;0
1318;4;22013267;1318;240;2071;2071;6.75;0.41;206.03;3.76;753;4;713.00;0
1319;4;22013280;1319;243;2071;2071;6.81;0.42;206.21;3.76;752;4;714.00;0
1322;4;22013293;1322;244;2071;2071;6.90;0.42;206.36;3.76;749;4;715.00;0
1324;4;22013316;1324;239;2071;2071;6.94;0.43;206.80;3.76;747;4;716.00;0
1330;4;22013334;1330;237;2071;2071;6.94;0.43;207.09;3.76;741;4;717.00;0
1332;4;22013350;1332;235;2071;2071;7.03;0.43;207.27;3.76;739;4;718.00;0
1334;4;22013364;1334;241;2071;2071;7.13;0.44;207.13;3.76;737;4;719.00;0
1340;4;22013377;1340;250;2169;2301;7.80;0.49;207.23;3.59;829;4;720.00;132
1345;4;22013416;1345;240;2180;2302;7.88;0.50;207.75;3.58;835;4;721.00;122
1348;4;22013429;1348;232;2195;2302;8.05;0.51;207.95;3.57;847;4;722.00;107
1353;4;22013439;1353;234;2207;2302;8.03;0.51;207.98;3.57;854;4;723.00;95
1359;4;22013453;1359;228;2218;2302;8.00;0.50;208.36;3.57;859;4;724.00;84
1362;4;22013466;1362;224;2225;2302;7.99;0.50;208.64;3.57;863;4;725.00;77
1365;4;22013478;1365;219;2233;2302;7.94;0.50;208.68;3.58;868;4;726.00;69
1370;4;22013489;1370;218;2240;2302;7.76;0.49;208.88;3.59;870;4;727.00;62
1374;4;22013502;1374;226;2247;2303;7.69;0.48;209.09;3.61;873;4;728.00;56
1378;4;22013515;1378;225;2255;2304;7.60;0.47;209.40;3.63;877;4;729.00;49
1381;4;22013529;1381;231;2261;2304;7.58;0.47;209.49;3.64;880;4;730.00;43
1382;4;22013541;1382;235;2266;2305;7.52;0.47;209.65;3.66;884;4;731.00;39
1387;4;22013555;1387;243;2269;2305;7.38;0.46;210.24;3.67;882;4;732.00;36
1394;4;22013569;1394;247;2271;2305;7.26;0.45;210.52;3.67;877;4;733.00;34
1397;4;22013583;1397;251;2275;2305;7.26;0.45;211.02;3.69;878;4;734.00;30
1402;4;22013596;1402;258;2277;2309;7.26;0.45;211.11;3.69;875;4;735.00;32
1406;4;22013609;1406;268;2280;2309;7.24;0.45;211.56;3.71;874;4;736.00;29
1409;4;22013622;1409;280;2282;2309;7.24;0.45;211.56;3.72;873;4;737.00;27
1412;4;22013636;1412;284;2285;2312;7.23;0.45;211.51;3.74;873;4;738.00;27
1415;4;22013649;1415;287;2290;2312;7.17;0.44;211.86;3.77;875;4;739.00;22
1417;4;22013663;1417;297;2290;2312;7.14;0.44;211.94;3.77;873;4;740.00;22
1419;4;22013674;1419;301;2294;2316;7.11;0.44;212.06;3.77;875;4;741.00;22
1423;4;22013689;1423;303;2298;2317;7.07;0.44;212.00;3.79;875;4;742.00;19
1426;4;22013702;1426;301;2298;2317;7.03;0.43;212.14;3.79;872;4;743.00;19
1427;4;22013722;1427;306;2301;2321;7.01;0.43;212.14;3.80;874;4;744.00;20
1430;4;22013743;1430;301;2303;2321;6.94;0.43;212.30;3.81;873;4;745.00;18
1432;4;22013764;1432;309;2303;2321;6.90;0.42;212.51;3.81;871;4;746.00;18
1434;4;22013777;1434;296;2305;2322;6.91;0.42;212.57;3.82;871;4;747.00;17
1435;4;22013790;1435;295;2307;2322;6.92;0.42;212.67;3.82;872;4;748.00;15
1438;4;22013804;1438;288;2311;2328;6.97;0.43;212.60;3.81;873;4;749.00;17
1442;4;22013820;1442;287;2314;2328;6.99;0.43;212.82;3.83;872;4;750.00;14
1443;4;22013834;1443;286;2315;2329;7.05;0.43;212.89;3.83;872;4;751.00;14
1447;4;22013847;1447;283;2315;2329;7.13;0.44;212.99;3.83;868;4;752.00;14
1447;4;22013860;1447;283;2316;2329;7.26;0.44;212.99;3.84;869;4;753.00;13
1451;4;22013872;1451;286;2317;2329;7.34;0.45;212.92;3.85;866;4;754.00;12
1453;4;22013886;1453;285;2319;2329;7.41;0.45;213.12;3.88;866;4;755.00;10
1456;4;22013901;1456;277;2327;2341;7.53;0.46;213.23;3.86;871;4;756.00;14
1458;4;22013916;1458;268;2329;2341;7.61;0.46;213.24;3.87;871;4;757.00;12
1460;4;22013929;1460;262;2330;2341;7.66;0.47;213.21;3.87;870;4;758.00;11
1463;4;22013942;1463;255;2332;2341;7.75;0.47;213.38;3.89;869;4;759.00;9
1466;4;22013957;1466;262;2332;2341;7.82;0.48;213.56;3.89;866;4;760.00;9
1466;4;22013971;1466;260;2333;2341;7.96;0.49;213.56;3.89;867;4;761.00;8
1468;4;22013985;1468;260;2338;2345;8.00;0.49;213.59;3.89;870;4;762.00;7
1469;4;22014001;1469;265;2339;2345;8.03;0.49;213.72;3.89;870;4;763.00;6
1473;4;22014015;1473;264;2342;2349;8.03;0.49;213.78;3.89;869;4;764.00;7
1475;4;22014031;1475;265;2345;2351;8.04;0.49;213.89;3.89;870;4;765.00;6
1478;4;22014049;1478;268;2346;2351;8.02;0.49;214.07;3.89;868;4;766.00;5
1480;4;22014065;1480;264;2346;2351;7.98;0.49;214.21;3.89;866;4;767.00;5
1483;4;22014082;1483;255;2356;2364;8.07;0.49;214.25;3.87;873;4;768.00;8
1483;4;22014102;1483;250;2356;2364;8.15;0.50;214.25;3.87;873;4;769.00;8
1486;4;22014117;1486;248;2356;2364;8.20;0.50;214.15;3.87;870;4;770.00;8
1489;4;22014136;1489;241;2357;2365;8.30;0.51;214.12;3.87;868;4;771.00;8
1491;4;22014152;1491;241;2357;2366;8.37;0.51;214.29;3.87;866;4;772.00;9
1492;4;22014168;1492;243;2357;2366;8.47;0.52;214.35;3.87;865;4;773.00;9
1492;4;22014196;1492;236;2359;2369;8.55;0.52;214.35;3.87;867;4;774.00;10
1496;4;22014217;1496;232;2360;2369;8.52;0.52;214.23;3.86;864;4;775.00;9
1498;4;22014233;1498;237;2360;2369;8.52;0.52;214.48;3.86;862;4;776.00;9
1500;4;22014250;1500;238;2360;2369;8.50;0.52;214.41;3.86;860;4;777.00;9
1502;4;22014265;1502;240;2365;2375;8.54;0.52;214.39;3.86;863;4;778.00;10
1502;4;22014281;1502;245;2365;2375;8.55;0.52;214.39;3.86;863;4;779.00;10
1506;4;22014297;1506;248;2365;2375;8.53;0.52;214.51;3.86;859;4;780.00;10
1506;4;22014311;1506;245;2365;2375;8.49;0.52;214.51;3.86;859;4;781.00;10
1510;4;22014331;1510;249;2368;2379;8.45;0.51;214.86;3.86;858;4;782.00;11
1511;4;22014346;1511;253;2369;2380;8.43;0.51;214.91;3.85;858;4;783.00;11
1511;4;22014357;1511;253;2369;2380;8.46;0.51;214.91;3.85;858;4;784.00;11
1513;4;22014371;1513;251;2370;2381;8.44;0.51;214.85;3.85;857;4;785.00;11
1513;4;22014384;1513;253;2370;2381;8.49;0.52;214.85;3.85;857;4;786.00;11
1514;4;22014398;1514;256;2370;2381;8.54;0.52;214.94;3.85;856;4;787.00;11
1514;4;22014412;1514;253;2370;2381;8.58;0.52;214.94;3.85;856;4;788.00;11
1516;4;22014423;1516;256;2370;2381;8.59;0.52;215.00;3.85;854;4;789.00;11
1518;4;22014437;1518;255;2370;2381;8.57;0.52;215.08;3.85;852;4;790.00;11
1519;4;22014457;1519;254;2370;2381;8.48;0.51;215.01;3.85;851;4;791.00;11
1523;4;22014470;1523;258;2401;2451;8.28;0.50;215.12;3.80;878;4;792.00;50
1523;4;22014489;1523;253;2401;2452;8.21;0.50;215.12;3.80;878;4;793.00;51
1526;4;22014505;1526;246;2406;2452;8.19;0.50;215.14;3.80;880;4;794.00;46
1528;4;22014522;1528;248;2407;2452;8.15;0.50;215.31;3.80;879;4;795.00;45
1529;4;22014539;1529;254;2409;2452;8.12;0.49;215.50;3.80;880;4;796.00;43
1531;4;22014556;1531;255;2411;2452;8.15;0.50;215.78;3.80;880;4;797.00;41
1534;4;22014573;1534;253;2412;2452;8.15;0.49;215.99;3.80;878;4;798.00;40
1535;4;22014591;1535;250;2415;2452;8.21;0.50;216.08;3.80;880;4;799.00;37
1540;4;22014610;1540;250;2418;2453;8.18;0.50;216.48;3.81;878;4;800.00;35
1543;4;22014633;1543;254;2421;2454;8.13;0.49;216.96;3.82;878;4;801.00;33
1545;4;22014650;1545;248;2424;2454;8.08;0.49;217.29;3.82;879;4;802.00;30
1548;4;22014665;1548;251;2427;2458;7.96;0.48;217.74;3.82;879;4;803.00;31
1550;4;22014702;1550;257;2430;2458;7.83;0.48;218.04;3.83;880;4;804.00;28
1554;4;22014719;1554;253;2432;2458;7.67;0.47;218.16;3.85;878;4;805.00;26
1557;4;22014734;1557;258;2433;2458;7.56;0.46;218.60;3.86;876;4;806.00;25
1558;4;22014755;1558;257;2438;2464;7.55;0.46;218.73;3.85;880;4;807.00;26
1560;4;22014769;1560;258;2438;2464;7.55;0.46;218.98;3.85;878;4;808.00;26
1563;4;22014784;1563;252;2438;2464;7.53;0.46;219.07;3.85;875;4;809.00;26
1564;4;22014799;1564;247;2444;2470;7.58;0.46;219.19;3.86;880;4;810.00;26
1564;4;22014814;1564;247;2445;2470;7.62;0.47;219.19;3.86;881;4;811.00;25
1567;4;22014826;1567;246;2446;2470;7.54;0.46;219.47;3.86;879;4;812.00;24
1570;4;22014838;1570;252;2446;2471;7.47;0.46;219.42;3.86;876;4;813.00;25
1573;4;22014851;1573;251;2447;2472;7.39;0.45;219.51;3.86;874;4;814.00;25
1578;4;22014864;1578;253;2447;2472;7.33;0.45;219.82;3.86;869;4;815.00;25
1583;4;22014880;1583;258;2456;2485;7.38;0.45;219.78;3.84;873;4;816.00;29
1589;4;22014896;1589;256;2456;2485;7.37;0.45;220.07;3.84;867;4;817.00;29
1590;4;22014913;1590;261;2456;2485;7.39;0.45;220.07;3.84;866;4;818.00;29
1592;4;22014926;1592;262;2457;2486;7.41;0.45;220.19;3.84;865;4;819.00;29
1593;4;22014942;1593;261;2457;2486;7.41;0.45;220.21;3.84;864;4;820.00;29
1597;4;22014957;1597;269;2460;2490;7.50;0.46;220.46;3.84;863;4;821.00;30
1599;4;22014973;1599;267;2461;2490;7.44;0.45;220.47;3.88;862;4;822.00;29
1601;4;22014989;1601;269;2464;2494;7.45;0.45;220.32;3.87;863;4;823.00;30
1602;4;22015006;1602;271;2465;2494;7.47;0.46;220.24;3.91;863;4;824.00;29
1606;4;22015021;1606;276;2465;2494;7.43;0.45;220.04;3.91;859;4;825.00;29
1608;4;22015038;1608;279;2467;2494;7.35;0.45;219.90;3.94;859;4;826.00;27
1609;4;22015053;1609;284;2468;2494;7.32;0.45;219.82;3.98;859;4;827.00;26
1609;4;22015073;1609;282;2479;2506;7.40;0.45;219.82;3.98;870;4;828.00;27
1609;4;22015097;1609;288;2482;2506;7.43;0.45;219.82;4.03;873;4;829.00;24
1613;4;22015119;1613;295;2483;2506;7.39;0.45;219.69;4.05;870;4;830.00;23
1615;4;22015136;1615;296;2486;2506;7.39;0.45;219.81;4.10;871;4;831.00;20
1621;4;22015152;1621;305;2488;2506;7.39;0.45;219.58;4.16;867;4;832.00;18
1621;4;22015168;1621;309;2491;2506;7.39;0.45;219.58;4.18;870;4;833.00;15
1624;4;22015182;1624;316;2491;2507;7.35;0.45;219.38;4.18;867;4;834.00;16
1627;4;22015196;1627;313;2493;2507;7.28;0.44;219.35;4.22;866;4;835.00;14
1628;4;22015207;1628;320;2499;2513;7.26;0.44;219.25;4.24;871;4;836.00;14
1630;4;22015221;1630;326;2500;2514;7.27;0.44;219.25;4.26;870;4;837.00;14
1632;4;22015234;1632;330;2503;2514;7.21;0.44;219.12;4.28;871;4;838.00;11
1634;5;22015246;1634;335;2505;2514;7.08;0.43;219.02;4.30;871;5;839.00;9
1636;5;22015269;1636;341;2509;2519;7.09;0.43;218.90;4.31;873;5;840.00;10
1639;5;22015284;1639;342;2511;2519;7.02;0.43;218.66;4.34;872;5;841.00;8
1640;5;22015297;1640;346;2512;2519;7.01;0.43;218.69;4.34;872;5;842.00;7
1643;5;22015317;1643;348;2514;2520;6.96;0.43;218.81;4.35;871;5;843.00;6
1646;5;22015333;1646;352;2519;2524;6.95;0.42;218.70;4.35;873;5;844.00;5
1647;5;22015350;1647;354;2521;2524;6.89;0.42;218.64;4.37;874;5;845.00;3
1648;5;22015364;1648;360;2525;2527;6.89;0.42;218.58;4.36;877;5;846.00;2
1651;5;22015380;1651;363;2526;2527;6.89;0.42;218.42;4.36;875;5;847.00;1
1651;5;22015393;1651;364;2527;2527;6.87;0.42;218.42;4.36;876;5;848.00;0
1654;5;22015407;1654;361;2527;2527;6.79;0.42;218.53;4.36;873;5;849.00;0
1654;5;22015422;1654;355;2531;2531;6.82;0.42;218.53;4.36;877;5;850.00;0
1654;5;22015437;1654;352;2531;2531;6.77;0.42;218.53;4.36;877;5;851.00;0
1654;5;22015451;1654;341;2531;2531;6.78;0.42;218.53;4.36;877;5;852.00;0
1656;5;22015466;1656;330;2531;2531;6.75;0.42;218.50;4.36;875;5;853.00;0
1657;5;22015481;1657;318;2532;2532;6.74;0.41;218.45;4.36;875;5;854.00;0
1659;5;22015496;1659;313;2534;2534;6.81;0.42;218.28;4.35;875;5;855.00;0
1661;5;22015511;1661;306;2534;2534;6.90;0.42;218.26;4.35;873;5;856.00;0
1663;5;22015523;1663;305;2535;2535;6.95;0.43;218.21;4.35;872;5;857.00;0
1663;5;22015540;1663;299;2535;2535;7.05;0.43;218.21;4.35;872;5;858.00;0
1666;5;22015567;1666;300;2535;2535;7.09;0.43;218.27;4.35;869;5;859.00;0
1667;5;22015579;1667;299;2535;2535;7.13;0.44;218.22;4.35;868;5;860.00;0
1668;5;22015590;1668;298;2535;2535;7.15;0.44;218.20;4.35;867;5;861.00;0
1672;5;22015602;1672;296;2535;2535;7.17;0.44;218.30;4.35;863;5;862.00;0
1672;5;22015614;1672;296;2535;2535;7.18;0.44;218.30;4.35;863;5;863.00;0
1678;5;22015625;1678;312;2608;2662;7.45;0.46;218.38;4.23;930;5;864.00;54
1681;5;22015651;1681;309;2614;2663;7.50;0.47;218.46;4.22;933;5;865.00;49
1683;5;22015667;1683;306;2624;2663;7.50;0.47;218.51;4.21;941;5;866.00;39
1687;5;22015682;1687;303;2628;2663;7.43;0.46;218.54;4.21;941;5;867.00;35
1690;5;22015697;1690;297;2633;2663;7.35;0.46;218.52;4.21;943;5;868.00;30
1690;5;22015720;1690;300;2635;2663;7.26;0.45;218.52;4.21;945;5;869.00;28
1693;5;22015737;1693;305;2637;2663;7.16;0.44;218.47;4.21;944;5;870.00;26
1694;5;22015753;1694;308;2639;2663;7.12;0.44;218.42;4.22;945;5;871.00;24
1698;5;22015768;1698;312;2641;2664;7.06;0.44;218.35;4.22;943;5;872.00;23
1701;5;22015783;1701;315;2646;2665;7.02;0.43;218.28;4.23;945;5;873.00;19
1706;5;22015799;1706;312;2648;2665;6.89;0.43;218.84;4.23;942;5;874.00;17
1710;5;22015815;1710;303;2651;2666;6.75;0.42;219.36;4.24;941;5;875.00;15
1716;5;22015830;1716;300;2655;2666;6.64;0.41;219.68;4.25;939;5;876.00;11
1720;5;22015847;1720;291;2658;2666;6.62;0.41;219.94;4.26;938;5;877.00;8
1724;5;22015862;1724;279;2659;2666;6.60;0.41;220.24;4.26;935;5;878.00;7
1725;5;22015879;1725;281;2665;2670;6.63;0.41;220.42;4.27;940;5;879.00;5
1730;5;22015895;1730;281;2665;2670;6.64;0.41;220.65;4.27;935;5;880.00;5
1733;5;22015911;1733;284;2666;2670;6.71;0.41;220.89;4.27;933;5;881.00;4
1739;5;22015925;1739;276;2668;2673;6.74;0.41;221.52;4.27;929;5;882.00;5
1742;5;22015942;1742;275;2668;2673;6.80;0.42;221.82;4.27;926;5;883.00;5
1746;5;22015965;1746;277;2670;2673;6.83;0.42;222.22;4.28;924;5;884.00;3
1748;5;22015978;1748;275;2674;2677;6.92;0.42;222.54;4.27;926;5;885.00;3
1751;5;22015990;1751;263;2676;2678;7.01;0.43;222.79;4.28;925;5;886.00;2
1755;5;22016004;1755;255;2676;2678;7.07;0.43;222.91;4.28;921;5;887.00;2
1757;5;22016018;1757;255;2681;2682;7.13;0.44;223.19;4.27;924;5;888.00;1
1762;5;22016033;1762;259;2681;2682;7.21;0.44;223.43;4.27;919;5;889.00;1
1767;5;22016049;1767;253;2682;2682;7.29;0.45;223.64;4.28;915;5;890.00;0
1770;5;22016064;1770;254;2683;2683;7.37;0.45;223.83;4.27;913;5;891.00;0
1772;5;22016086;1772;254;2683;2683;7.41;0.46;224.13;4.27;911;5;892.00;0
1775;5;22016104;1775;255;2689;2689;7.49;0.46;224.11;4.27;914;5;893.00;0
1780;5;22016121;1780;256;2689;2689;7.52;0.46;224.35;4.27;909;5;894.00;0
1790;5;22016139;1790;253;2690;2690;7.54;0.46;224.45;4.27;900;5;895.00;0
1792;5;22016156;1792;249;2690;2690;7.54;0.46;224.55;4.27;898;5;896.00;0
1797;5;22016172;1797;248;2690;2690;7.61;0.47;224.90;4.27;893;5;897.00;0
1801;5;22016190;1801;253;2690;2690;7.66;0.47;225.22;4.27;889;5;898.00;0
1804;5;22016208;1804;252;2690;2690;7.69;0.47;225.29;4.27;886;5;899.00;0
1810;5;22016239;1810;258;2721;2736;7.71;0.47;225.72;4.22;911;5;900.00;15
1815;5;22016272;1815;252;2722;2736;7.68;0.47;226.44;4.22;907;5;901.00;14
1822;5;22016289;1822;252;2726;2736;7.66;0.47;226.79;4.21;904;5;902.00;10
1824;5;22016303;1824;253;2726;2736;7.67;0.47;226.80;4.21;902;5;903.00;10
1829;5;22016317;1829;260;2728;2736;7.66;0.47;227.10;4.21;899;5;904.00;8
1832;5;22016330;1832;256;2728;2736;7.62;0.47;227.28;4.21;896;5;905.00;8
1836;5;22016344;1836;256;2733;2740;7.57;0.46;227.63;4.21;897;5;906.00;7
1841;5;22016357;1841;254;2733;2740;7.55;0.46;228.06;4.21;892;5;907.00;7
1846;5;22016380;1846;250;2736;2744;7.54;0.46;228.48;4.21;890;5;908.00;8
1848;5;22016395;1848;253;2737;2745;7.55;0.46;228.72;4.21;889;5;909.00;8
1853;5;22016411;1853;256;2737;2745;7.49;0.46;229.11;4.21;884;5;910.00;8
1854;5;22016424;1854;258;2737;2745;7.49;0.46;229.17;4.21;883;5;911.00;8
1856;5;22016439;1856;258;2748;2758;7.53;0.46;229.21;4.19;892;5;912.00;10
1861;5;22016456;1861;264;2749;2758;7.52;0.46;229.41;4.20;888;5;913.00;9
1865;5;22016472;1865;270;2749;2758;7.53;0.46;229.25;4.20;884;5;914.00;9
1869;5;22016489;1869;272;2750;2759;7.49;0.46;229.53;4.20;881;5;915.00;9
1871;5;22016506;1871;271;2751;2760;7.48;0.46;229.84;4.20;880;5;916.00;9
1878;5;22016523;1878;274;2752;2760;7.45;0.46;230.34;4.20;874;5;917.00;8
1881;5;22016551;1881;276;2754;2763;7.48;0.46;230.60;4.20;873;5;918.00;9
1885;5;22016570;1885;283;2755;2763;7.43;0.45;231.02;4.21;870;5;919.00;8
1889;5;22016597;1889;284;2756;2763;7.47;0.46;231.63;4.20;867;5;920.00;7
1894;5;22016614;1894;285;2759;2763;7.43;0.45;231.72;4.21;865;5;921.00;4
1897;5;22016631;1897;275;2763;2769;7.45;0.45;231.83;4.20;866;5;922.00;6
1901;5;22016649;1901;270;2765;2769;7.48;0.45;231.91;4.21;864;5;923.00;4
1903;5;22016665;1903;260;2765;2769;7.55;0.46;231.97;4.21;862;5;924.00;4
1906;5;22016679;1906;258;2767;2769;7.57;0.46;232.24;4.22;861;5;925.00;2
1906;5;22016693;1906;254;2773;2773;7.61;0.46;232.24;4.22;867;5;926.00;0
1909;5;22016707;1909;255;2774;2774;7.67;0.47;232.44;4.22;865;5;927.00;0
1912;5;22016722;1912;256;2774;2774;7.64;0.46;232.53;4.22;862;5;928.00;0
1912;5;22016746;1912;259;2775;2775;7.71;0.47;232.53;4.22;863;5;929.00;0
1917;5;22016761;1917;264;2775;2775;7.70;0.47;232.65;4.22;858;5;930.00;0
1918;5;22016784;1918;254;2775;2775;7.75;0.47;232.56;4.22;857;5;931.00;0
1921;5;22016798;1921;244;2775;2775;7.76;0.47;232.83;4.22;854;5;932.00;0
1922;5;22016813;1922;243;2775;2775;7.78;0.47;233.01;4.22;853;5;933.00;0
1926;5;22016825;1926;247;2775;2775;7.80;0.47;233.06;4.22;849;5;934.00;0
1927;5;22016839;1927;250;2775;2775;7.80;0.47;233.11;4.22;848;5;935.00;0
1929;5;22016854;1929;268;2821;2845;7.85;0.48;233.30;4.15;892;5;936.00;24
1929;5;22016877;1929;262;2823;2846;7.87;0.48;233.30;4.15;894;5;937.00;23
1931;5;22016895;1931;258;2827;2846;7.90;0.48;233.57;4.14;896;5;938.00;19
1933;5;22016912;1933;267;2828;2846;7.90;0.48;233.53;4.14;895;5;939.00;18
1935;5;22016930;1935;275;2830;2846;7.87;0.48;233.59;4.14;895;5;940.00;16
1939;5;22016949;1939;278;2832;2846;7.82;0.48;233.88;4.14;893;5;941.00;14
1942;5;22016965;1942;275;2834;2846;7.83;0.48;233.89;4.14;892;5;942.00;12
1946;5;22016984;1946;271;2836;2846;7.83;0.48;234.01;4.15;890;5;943.00;10
1947;5;22017003;1947;274;2838;2847;7.81;0.48;234.01;4.15;891;5;944.00;9
1951;5;22017020;1951;267;2840;2849;7.73;0.47;234.06;4.15;889;5;945.00;9
1953;5;22017038;1953;267;2842;2849;7.71;0.47;234.29;4.15;889;5;946.00;7
1955;5;22017054;1955;271;2846;2853;7.75;0.47;234.41;4.16;891;5;947.00;7
1957;5;22017071;1957;277;2848;2853;7.80;0.48;234.51;4.16;891;5;948.00;5
1963;5;22017087;1963;274;2850;2853;7.77;0.47;234.81;4.16;887;5;949.00;3
1964;5;22017104;1964;276;2850;2853;7.77;0.47;235.01;4.16;886;5;950.00;3
1967;5;22017119;1967;273;2855;2859;7.77;0.47;234.90;4.16;888;5;951.00;4
1969;5;22017134;1969;272;2855;2859;7.77;0.47;235.03;4.16;886;5;952.00;4
1972;5;22017149;1972;274;2855;2859;7.76;0.47;235.15;4.16;883;5;953.00;4
1973;5;22017163;1973;273;2857;2862;7.77;0.47;235.22;4.15;884;5;954.00;5
1977;5;22017177;1977;269;2857;2862;7.75;0.47;235.40;4.15;880;5;955.00;5
1978;5;22017190;1978;266;2858;2862;7.71;0.47;235.39;4.15;880;5;956.00;4
1980;5;22017203;1980;266;2858;2863;7.68;0.47;235.51;4.15;878;5;957.00;5
1982;5;22017226;1982;266;2860;2864;7.68;0.47;235.44;4.15;878;5;958.00;4
1985;5;22017239;1985;265;2861;2864;7.66;0.47;235.47;4.16;876;5;959.00;3
1986;5;22017255;1986;281;2881;2890;7.61;0.46;235.47;4.13;895;5;960.00;9
1987;5;22017271;1987;279;2882;2890;7.58;0.46;235.43;4.13;895;5;961.00;8
1989;5;22017287;1989;280;2883;2890;7.60;0.46;235.55;4.13;894;5;962.00;7
1993;5;22017311;1993;285;2886;2891;7.62;0.46;235.57;4.13;893;5;963.00;5
1995;5;22017325;1995;287;2886;2891;7.70;0.47;235.58;4.13;891;5;964.00;5
1996;5;22017343;1996;284;2890;2895;7.83;0.48;235.65;4.12;894;5;965.00;5
1999;5;22017361;1999;286;2890;2895;7.88;0.48;235.72;4.12;891;5;966.00;5
2002;5;22017377;2002;279;2893;2899;7.85;0.48;235.69;4.12;891;5;967.00;6
2005;5;22017395;2005;274;2893;2899;7.82;0.47;236.02;4.12;888;5;968.00;6
2007;5;22017420;2007;274;2893;2899;7.83;0.47;236.02;4.12;886;5;969.00;6
2008;5;22017436;2008;274;2893;2899;7.81;0.47;236.00;4.12;885;5;970.00;6
2008;5;22017452;2008;271;2893;2899;7.79;0.47;236.00;4.12;885;5;971.00;6
2010;5;22017468;2010;271;2902;2911;7.77;0.47;236.25;4.11;892;5;972.00;9
2012;5;22017485;2012;267;2902;2911;7.71;0.47;236.33;4.11;890;5;973.00;9
2014;5;22017500;2014;274;2904;2911;7.74;0.47;236.28;4.11;890;5;974.00;7
2015;5;22017513;2015;272;2904;2911;7.70;0.47;236.29;4.11;889;5;975.00;7
2016;5;22017525;2016;271;2904;2911;7.70;0.47;236.50;4.11;888;5;976.00;7
2020;5;22017537;2020;272;2904;2911;7.65;0.46;236.37;4.11;884;5;977.00;7
2023;5;22017551;2023;280;2904;2912;7.53;0.46;236.50;4.11;881;5;978.00;8
2027;5;22017564;2027;276;2904;2912;7.45;0.45;236.61;4.11;877;5;979.00;8
2030;5;22017578;2030;279;2911;2918;7.37;0.45;236.61;4.12;881;5;980.00;7
2032;5;22017590;2032;284;2912;2919;7.35;0.45;236.65;4.12;880;5;981.00;7
2034;5;22017604;2034;278;2912;2919;7.32;0.44;236.52;4.12;878;5;982.00;7
2037;5;22017618;2037;282;2912;2919;7.28;0.44;236.41;4.12;875;5;983.00;7
2038;5;22017630;2038;282;2915;2923;7.28;0.44;236.47;4.11;877;5;984.00;8
2039;5;22017643;2039;278;2915;2923;7.30;0.45;236.49;4.11;876;5;985.00;8
2040;5;22017657;2040;280;2915;2923;7.32;0.45;236.43;4.11;875;5;986.00;8
2042;5;22017670;2042;282;2916;2924;7.31;0.45;236.33;4.11;874;5;987.00;8
2045;5;22017686;2045;281;2919;2928;7.35;0.45;236.29;4.11;874;5;988.00;9
2048;5;22017701;2048;279;2919;2928;7.42;0.45;236.16;4.11;871;5;989.00;9
2049;5;22017717;2049;283;2923;2934;7.48;0.45;236.17;4.11;874;5;990.00;11
2053;5;22017734;2053;279;2923;2934;7.49;0.46;236.02;4.11;870;5;991.00;11
2056;5;22017748;2056;281;2925;2934;7.53;0.46;235.75;4.10;869;5;992.00;9
2056;5;22017774;2056;279;2925;2934;7.57;0.46;235.75;4.10;869;5;993.00;9
2057;5;22017794;2057;278;2929;2938;7.60;0.46;235.66;4.10;872;5;994.00;9
2059;5;22017814;2059;283;2929;2938;7.56;0.46;235.63;4.10;870;5;995.00;9
2062;5;22017830;2062;282;2929;2938;7.50;0.46;235.33;4.10;867;5;996.00;9
2065;5;22017846;2065;282;2929;2938;7.49;0.45;235.38;4.10;864;5;997.00;9
2066;5;22017861;2066;282;2929;2939;7.43;0.45;235.40;4.10;863;5;998.00;10
2067;5;22017874;2067;288;2930;2940;7.39;0.45;235.42;4.10;863;5;999.00;10
2068;5;22017891;2068;289;2930;2940;7.28;0.44;235.35;4.10;862;5;1000.00;10
2069;5;22017912;2069;285;2931;2941;7.17;0.44;235.34;4.10;862;5;1001.00;10
2072;5;22017926;2072;295;2931;2941;7.03;0.43;235.51;4.10;859;5;1002.00;10
2073;5;22017938;2073;300;2931;2941;6.96;0.42;235.53;4.10;858;5;1003.00;10
2074;5;22017950;2074;307;2931;2941;6.91;0.42;235.49;4.10;857;5;1004.00;10
2075;5;22017962;2075;310;2932;2941;6.91;0.42;235.47;4.10;857;5;1005.00;9
2076;5;22017973;2076;315;2933;2941;6.88;0.42;235.48;4.12;857;5;1006.00;8
2077;5;22017986;2077;316;2933;2941;6.84;0.42;235.39;4.12;856;5;1007.00;8
2078;5;22017997;2078;338;3006;3068;7.10;0.44;235.36;4.04;928;5;1008.00;62
2081;5;22018021;2081;319;3010;3069;7.11;0.44;235.43;4.03;929;5;1009.00;59
2081;6;22018035;2081;315;3020;3069;7.23;0.45;235.43;4.04;939;6;1010.00;49
2083;6;22018064;2083;304;3024;3069;7.29;0.45;235.42;4.04;941;6;1011.00;45
2086;6;22018077;2086;302;3030;3069;7.36;0.46;235.40;4.05;944;6;1012.00;39
2088;6;22018096;2088;303;3033;3069;7.37;0.46;235.49;4.07;945;6;1013.00;36
2089;6;22018112;2089;295;3037;3069;7.37;0.46;235.38;4.08;948;6;1014.00;32
2090;6;22018129;2090;296;3040;3069;7.40;0.46;235.40;4.09;950;6;1015.00;29
2091;6;22018148;2091;301;3043;3070;7.42;0.46;235.43;4.09;952;6;1016.00;27
2092;6;22018165;2092;300;3045;3071;7.50;0.46;235.39;4.10;953;6;1017.00;26
2092;6;22018183;2092;295;3050;3071;7.56;0.47;235.39;4.12;958;6;1018.00;21
2094;6;22018204;2094;291;3056;3072;7.55;0.47;235.37;4.13;962;6;1019.00;16
2096;6;22018222;2096;292;3060;3072;7.44;0.46;235.44;4.14;964;6;1020.00;12
2098;6;22018239;2098;298;3063;3072;7.32;0.45;235.30;4.15;965;6;1021.00;9
2098;6;22018256;2098;300;3065;3072;7.21;0.45;235.30;4.15;967;6;1022.00;7
2099;6;22018272;2099;306;3071;3076;7.06;0.44;235.29;4.16;972;6;1023.00;5
2103;6;22018296;2103;300;3072;3076;6.96;0.43;235.33;4.16;969;6;1024.00;4
2107;6;22018308;2107;306;3072;3076;6.87;0.42;235.23;4.16;965;6;1025.00;4
2108;6;22018322;2108;304;3075;3079;6.76;0.42;235.16;4.17;967;6;1026.00;4
2110;6;22018335;2110;306;3075;3079;6.68;0.41;235.25;4.17;965;6;1027.00;4
2111;6;22018349;2111;306;3076;3079;6.68;0.41;235.23;4.17;965;6;1028.00;3
2112;6;22018362;2112;311;3080;3083;6.62;0.41;235.15;4.17;968;6;1029.00;3
2115;6;22018374;2115;307;3082;3084;6.61;0.41;235.12;4.17;967;6;1030.00;2
2120;6;22018389;2120;315;3083;3084;6.57;0.40;235.11;4.17;963;6;1031.00;1
2121;6;22018402;2121;316;3087;3088;6.59;0.41;235.14;4.16;966;6;1032.00;1
2125;6;22018416;2125;314;3087;3088;6.54;0.40;234.99;4.16;962;6;1033.00;1
2129;6;22018429;2129;309;3088;3088;6.54;0.40;234.92;4.16;959;6;1034.00;0
2133;6;22018441;2133;314;3090;3090;6.55;0.40;234.94;4.16;957;6;1035.00;0
2135;6;22018456;2135;317;3090;3090;6.56;0.40;234.93;4.16;955;6;1036.00;0
2137;6;22018469;2137;315;3096;3096;6.59;0.40;235.00;4.16;959;6;1037.00;0
2138;6;22018485;2138;314;3096;3096;6.60;0.40;234.97;4.16;958;6;1038.00;0
2141;6;22018507;2141;315;3097;3097;6.56;0.40;235.09;4.15;956;6;1039.00;0
2147;6;22018522;2147;316;3097;3097;6.46;0.40;235.29;4.15;950;6;1040.00;0
2148;6;22018538;2148;319;3097;3097;6.40;0.39;235.30;4.15;949;6;1041.00;0
2153;6;22018553;2153;319;3097;3097;6.33;0.39;235.35;4.15;944;6;1042.00;0
2156;6;22018567;2156;328;3097;3097;6.25;0.38;235.33;4.15;941;6;1043.00;0
2158;6;22018581;2158;333;3109;3109;6.23;0.38;235.37;4.14;951;6;1044.00;0
2162;6;22018599;2162;328;3109;3109;6.21;0.38;235.46;4.14;947;6;1045.00;0
2165;6;22018621;2165;330;3109;3109;6.17;0.38;235.44;4.14;944;6;1046.00;0
2171;6;22018637;2171;324;3109;3109;6.19;0.38;235.66;4.14;938;6;1047.00;0
2176;6;22018653;2176;333;3109;3109;6.17;0.38;235.96;4.14;933;6;1048.00;0
2179;6;22018669;2179;333;3109;3109;6.23;0.38;236.09;4.14;930;6;1049.00;0
2182;6;22018685;2182;320;3115;3115;6.27;0.38;236.15;4.13;933;6;1050.00;0
2186;6;22018702;2186;309;3115;3115;6.34;0.39;236.15;4.13;929;6;1051.00;0
2188;6;22018715;2188;305;3119;3119;6.40;0.39;236.26;4.13;931;6;1052.00;0
2190;6;22018728;2190;298;3120;3120;6.42;0.39;236.41;4.13;930;6;1053.00;0
2195;6;22018739;2195;293;3120;3120;6.51;0.40;236.48;4.13;925;6;1054.00;0
2198;6;22018752;2198;292;3120;3120;6.58;0.40;236.65;4.13;922;6;1055.00;0
2202;6;22018767;2202;288;3133;3133;6.61;0.40;236.91;4.11;931;6;1056.00;0
2204;6;22018788;2204;277;3133;3133;6.71;0.41;237.09;4.11;929;6;1057.00;0
2208;6;22018801;2208;266;3133;3133;6.79;0.41;237.15;4.11;925;6;1058.00;0
2210;6;22018815;2210;260;3134;3134;6.87;0.42;237.34;4.11;924;6;1059.00;0
2216;6;22018827;2216;259;3135;3135;6.92;0.42;237.73;4.11;919;6;1060.00;0
2219;6;22018840;2219;252;3135;3135;7.03;0.43;237.96;4.11;916;6;1061.00;0
2222;7;22018854;2222;242;3138;3138;7.09;0.43;238.12;4.10;916;7;1062.00;0
2226;7;22018883;2226;244;3138;3138;7.12;0.43;238.44;4.10;912;7;1063.00;0
2227;7;22018902;2227;246;3138;3138;7.19;0.44;238.53;4.10;911;7;1064.00;0
2233;7;22018915;2233;251;3138;3138;7.14;0.44;238.77;4.10;905;7;1065.00;0
2236;7;22018929;2236;263;3144;3144;7.21;0.44;238.94;4.10;908;7;1066.00;0
2239;7;22018942;2239;264;3144;3144;7.21;0.44;239.04;4.10;905;7;1067.00;0
2246;7;22018963;2246;270;3144;3144;7.14;0.44;239.41;4.10;898;7;1068.00;0
2248;7;22018977;2248;273;3144;3144;7.13;0.44;239.64;4.10;896;7;1069.00;0
2253;7;22018989;2253;269;3148;3148;7.15;0.44;239.78;4.09;895;7;1070.00;0
2259;7;22019003;2259;277;3149;3149;7.16;0.44;240.17;4.09;890;7;1071.00;0
2260;7;22019017;2260;275;3149;3149;7.17;0.44;240.34;4.09;889;7;1072.00;0
2264;7;22019031;2264;278;3150;3150;7.16;0.44;240.81;4.09;886;7;1073.00;0
2270;7;22019045;2270;278;3150;3150;7.15;0.43;240.86;4.09;880;7;1074.00;0
2275;7;22019058;2275;281;3150;3150;7.12;0.44;241.09;4.09;875;7;1075.00;0
2278;7;22019072;2278;285;3150;3150;7.13;0.43;241.22;4.09;872;7;1076.00;0
2280;7;22019085;2280;290;3150;3150;7.15;0.44;241.26;4.09;870;7;1077.00;0
2284;7;22019100;2284;288;3150;3150;7.15;0.44;241.49;4.09;866;7;1078.00;0
2288;7;22019113;2288;286;3150;3150;7.18;0.44;241.64;4.09;862;7;1079.00;0
2295;7;22019128;2295;310;3225;3275;7.28;0.45;242.04;4.00;930;7;1080.00;50
2297;7;22019153;2297;305;3230;3276;7.31;0.45;242.08;3.99;933;7;1081.00;46
2303;7;22019168;2303;297;3238;3276;7.38;0.46;242.49;3.99;935;7;1082.00;38
2307;7;22019182;2307;287;3241;3276;7.39;0.46;242.73;3.99;934;7;1083.00;35
2311;7;22019197;2311;288;3247;3276;7.46;0.46;242.88;3.99;936;7;1084.00;29
2317;7;22019212;2317;285;3250;3276;7.46;0.46;242.98;3.99;933;7;1085.00;26
2321;7;22019224;2321;285;3254;3276;7.43;0.46;243.24;3.99;933;7;1086.00;22
2322;7;22019248;2322;286;3258;3276;7.44;0.46;243.29;3.99;936;7;1087.00;18
2329;7;22019262;2329;286;3264;3277;7.35;0.45;243.68;4.00;935;7;1088.00;13
2335;7;22019279;2335;292;3265;3278;7.26;0.45;243.96;4.00;930;7;1089.00;13
2337;7;22019296;2337;296;3269;3278;7.17;0.44;243.94;4.01;932;7;1090.00;9
2341;7;22019312;2341;299;3274;3282;7.12;0.44;244.33;4.01;933;7;1091.00;8
2343;7;22019330;2343;302;3274;3282;7.07;0.43;244.53;4.01;931;7;1092.00;8
2347;7;22019347;2347;311;3274;3282;7.00;0.43;244.36;4.01;927;7;1093.00;8
2350;7;22019364;2350;320;3275;3282;6.88;0.42;244.69;4.01;925;7;1094.00;7
2354;7;22019390;2354;337;3281;3288;6.70;0.41;245.06;4.00;927;7;1095.00;7
2358;7;22019412;2358;341;3282;3288;6.68;0.41;245.27;4.01;924;7;1096.00;6
2361;7;22019429;2361;333;3282;3288;6.67;0.41;245.73;4.01;921;7;1097.00;6
2364;7;22019444;2364;328;3284;3291;6.68;0.41;245.90;4.00;920;7;1098.00;7
2365;7;22019462;2365;323;3286;3291;6.69;0.41;246.00;4.01;921;7;1099.00;5
2369;7;22019480;2369;319;3286;3291;6.76;0.41;246.16;4.01;917;7;1100.00;5
2371;7;22019502;2371;319;3288;3292;6.78;0.41;246.25;4.01;917;7;1101.00;4
2373;7;22019530;2373;316;3289;3293;6.90;0.42;246.38;4.01;916;7;1102.00;4
2376;7;22019547;2376;319;3289;3293;6.87;0.42;246.49;4.01;913;7;1103.00;4
2377;7;22019563;2377;325;3300;3306;6.92;0.42;246.52;4.00;923;7;1104.00;6
2380;7;22019581;2380;329;3301;3306;6.93;0.42;246.88;4.00;921;7;1105.00;5
2383;7;22019599;2383;321;3301;3306;6.99;0.43;247.03;4.00;918;7;1106.00;5
2386;7;22019615;2386;312;3302;3307;7.05;0.43;246.93;4.00;916;7;1107.00;5
2388;7;22019630;2388;308;3302;3307;7.13;0.43;247.10;4.00;914;7;1108.00;5
2390;7;22019644;2390;300;3306;3311;7.19;0.44;247.24;3.99;916;7;1109.00;5
2390;7;22019668;2390;293;3306;3311;7.24;0.44;247.24;3.99;916;7;1110.00;5
2391;7;22019682;2391;295;3308;3315;7.26;0.44;247.41;3.99;917;7;1111.00;7
2392;7;22019698;2392;289;3308;3315;7.28;0.44;247.47;3.99;916;7;1112.00;7
2394;7;22019712;2394;292;3308;3315;7.38;0.45;247.44;3.99;914;7;1113.00;7
2396;7;22019727;2396;295;3308;3315;7.41;0.45;247.59;3.99;912;7;1114.00;7
2399;7;22019740;2399;301;3309;3315;7.49;0.45;247.65;4.00;910;7;1115.00;6
2403;7;22019756;2403;302;3320;3327;7.58;0.46;247.95;4.00;917;7;1116.00;7
2404;7;22019774;2404;294;3322;3327;7.67;0.47;247.94;4.01;918;7;1117.00;5
2407;7;22019793;2407;287;3323;3327;7.74;0.47;248.32;4.01;916;7;1118.00;4
2410;7;22019812;2410;286;3323;3327;7.75;0.47;248.40;4.01;913;7;1119.00;4
2414;7;22019828;2414;282;3324;3327;7.74;0.47;248.53;4.02;910;7;1120.00;3
2419;7;22019848;2419;282;3324;3327;7.75;0.47;248.79;4.02;905;7;1121.00;3
2423;7;22019865;2423;278;3324;3328;7.80;0.48;248.91;4.02;901;7;1122.00;4
2426;7;22019882;2426;275;3324;3328;7.78;0.47;249.22;4.02;898;7;1123.00;4
2431;7;22019898;2431;277;3329;3334;7.73;0.47;249.37;4.01;898;7;1124.00;5
2431;7;22019915;2431;279;3331;3336;7.72;0.47;249.37;4.01;900;7;1125.00;5
2433;7;22019932;2433;277;3331;3336;7.68;0.47;249.43;4.01;898;7;1126.00;5
2438;7;22019948;2438;278;3331;3336;7.57;0.46;249.65;4.01;893;7;1127.00;5
2441;7;22019961;2441;279;3334;3340;7.49;0.46;249.69;4.01;893;7;1128.00;6
2443;7;22019974;2443;285;3334;3340;7.40;0.45;249.68;4.01;891;7;1129.00;6
2444;7;22019988;2444;285;3334;3340;7.36;0.45;249.66;4.01;890;7;1130.00;6
2445;7;22020001;2445;290;3335;3341;7.40;0.45;249.61;4.00;890;7;1131.00;6
2447;7;22020019;2447;292;3338;3345;7.39;0.45;249.60;4.00;891;7;1132.00;7
2449;7;22020033;2449;294;3338;3345;7.38;0.45;249.58;4.00;889;7;1133.00;7
2449;7;22020046;2449;294;3340;3348;7.44;0.45;249.58;4.00;891;7;1134.00;8
2450;7;22020057;2450;296;3340;3348;7.41;0.45;249.58;4.00;890;7;1135.00;8
2452;7;22020070;2452;299;3341;3348;7.39;0.45;249.59;4.00;889;7;1136.00;7
2452;7;22020084;2452;301;3341;3348;7.36;0.45;249.59;4.00;889;7;1137.00;7
2453;7;22020099;2453;302;3345;3352;7.29;0.44;249.54;4.00;892;7;1138.00;7
2456;7;22020114;2456;306;3345;3352;7.19;0.44;249.57;4.00;889;7;1139.00;7
2457;7;22020152;2457;304;3345;3352;7.14;0.43;249.51;4.00;888;7;1140.00;7
2458;7;22020169;2458;298;3345;3352;7.11;0.43;249.46;4.00;887;7;1141.00;7
2460;7;22020186;2460;293;3345;3353;7.09;0.43;249.43;4.00;885;7;1142.00;8
2463;7;22020207;2463;295;3346;3354;7.11;0.43;249.39;3.99;883;7;1143.00;8
2465;7;22020231;2465;290;3346;3354;7.11;0.43;249.35;3.99;881;7;1144.00;8
2467;7;22020249;2467;289;3347;3355;7.14;0.44;249.40;3.99;880;7;1145.00;8
2469;7;22020266;2469;291;3347;3355;7.23;0.44;249.57;3.99;878;7;1146.00;8
2472;7;22020284;2472;291;3347;3355;7.26;0.44;249.45;3.99;875;7;1147.00;8
2477;7;22020299;2477;289;3347;3355;7.28;0.44;249.45;3.99;870;7;1148.00;8
2485;7;22020314;2485;289;3347;3355;7.21;0.44;249.46;3.99;862;7;1149.00;8
2489;7;22020329;2489;285;3347;3355;7.18;0.44;249.35;3.99;858;7;1150.00;8
2491;7;22020346;2491;288;3347;3355;7.18;0.44;249.39;3.99;856;7;1151.00;8
2494;7;22020358;2494;307;3413;3482;7.19;0.44;249.22;3.92;919;7;1152.00;69
2495;7;22020386;2495;294;3413;3483;7.12;0.44;249.18;3.92;918;7;1153.00;70
2497;7;22020401;2497;286;3420;3483;7.19;0.44;249.09;3.91;923;7;1154.00;63
2500;7;22020415;2500;283;3423;3483;7.16;0.44;249.01;3.94;923;7;1155.00;60
2501;7;22020430;2501;279;3429;3483;7.13;0.44;248.93;3.94;928;7;1156.00;54
2508;7;22020450;2508;273;3433;3483;7.10;0.44;248.78;3.94;925;7;1157.00;50
2509;7;22020464;2509;263;3437;3483;7.02;0.43;248.77;3.94;928;7;1158.00;46
2511;7;22020477;2511;266;3439;3483;6.99;0.43;248.80;3.94;928;7;1159.00;44
2512;7;22020488;2512;266;3442;3484;6.96;0.43;248.77;3.95;930;7;1160.00;42
2512;7;22020501;2512;262;3444;3485;6.98;0.43;248.77;3.95;932;7;1161.00;41
2514;7;22020522;2514;268;3449;3485;6.96;0.43;248.73;3.96;935;7;1162.00;36
2516;7;22020535;2516;263;3451;3486;6.91;0.42;248.69;3.96;935;7;1163.00;35
2517;7;22020549;2517;261;3454;3486;6.93;0.43;248.68;3.97;937;7;1164.00;32
2517;7;22020562;2517;264;3455;3486;6.91;0.42;248.68;3.97;938;7;1165.00;31
2517;7;22020574;2517;253;3458;3486;6.96;0.43;248.68;3.98;941;7;1166.00;28
2520;7;22020587;2520;245;3461;3490;7.01;0.43;248.71;3.99;941;7;1167.00;29
2520;7;22020601;2520;244;3464;3490;7.10;0.43;248.71;4.00;944;7;1168.00;26
2521;7;22020615;2521;237;3465;3490;7.19;0.44;248.65;4.00;944;7;1169.00;25
2523;7;22020630;2523;241;3470;3496;7.26;0.44;248.60;4.00;947;7;1170.00;26
2524;7;22020645;2524;232;3470;3496;7.27;0.44;248.53;4.00;946;7;1171.00;26
2526;7;22020658;2526;230;3473;3496;7.33;0.45;248.52;4.01;947;7;1172.00;23
2527;7;22020681;2527;232;3476;3500;7.39;0.45;248.54;4.00;949;7;1173.00;24
2529;7;22020694;2529;238;3479;3501;7.41;0.45;248.50;4.00;950;7;1174.00;22
2531;7;22020709;2531;240;3479;3501;7.44;0.45;248.42;4.00;948;7;1175.00;22
2535;7;22020733;2535;235;3485;3505;7.44;0.45;248.26;4.01;950;7;1176.00;20
2536;7;22020750;2536;237;3485;3505;7.42;0.45;248.28;4.01;949;7;1177.00;20
2538;7;22020766;2538;244;3485;3505;7.43;0.45;248.22;4.01;947;7;1178.00;20
2539;7;22020783;2539;241;3488;3506;7.38;0.45;248.19;4.02;949;7;1179.00;18
2544;7;22020800;2544;249;3489;3506;7.30;0.45;248.03;4.04;945;7;1180.00;17
2547;7;22020816;2547;250;3496;3512;7.33;0.45;247.88;4.06;949;7;1181.00;16
2550;7;22020835;2550;261;3497;3512;7.26;0.44;247.78;4.07;947;7;1182.00;15
2553;7;22020863;2553;270;3497;3513;7.21;0.44;247.64;4.07;944;7;1183.00;16
2554;7;22020880;2554;271;3498;3513;7.20;0.44;247.66;4.09;944;7;1184.00;15
2555;7;22020897;2555;270;3499;3513;7.17;0.44;247.62;4.10;944;7;1185.00;14
2558;7;22020913;2558;267;3500;3513;7.16;0.44;247.70;4.11;942;7;1186.00;13
2560;7;22020929;2560;273;3502;3513;7.17;0.44;247.64;4.13;942;7;1187.00;11
2563;7;22020945;2563;275;3512;3525;7.14;0.43;247.77;4.12;949;7;1188.00;13
2564;7;22020964;2564;277;3514;3525;7.09;0.43;247.73;4.14;950;7;1189.00;11
2564;7;22020981;2564;280;3516;3525;7.10;0.43;247.73;4.15;952;7;1190.00;9
2565;7;22020998;2565;287;3517;3525;7.17;0.44;247.71;4.16;952;7;1191.00;8
2567;7;22021014;2567;289;3518;3525;7.21;0.44;247.66;4.17;951;7;1192.00;7
2570;7;22021027;2570;286;3520;3525;7.27;0.44;247.75;4.18;950;7;1193.00;5
2570;7;22021040;2570;291;3523;3529;7.32;0.45;247.75;4.18;953;7;1194.00;6
2574;7;22021054;2574;291;3525;3529;7.30;0.45;247.73;4.19;951;7;1195.00;4
2574;7;22021068;2574;290;3529;3533;7.39;0.45;247.73;4.19;955;7;1196.00;4
2577;7;22021081;2577;288;3530;3534;7.36;0.45;247.72;4.19;953;7;1197.00;4
2580;7;22021094;2580;293;3531;3534;7.26;0.44;248.03;4.19;951;7;1198.00;3
2582;7;22021105;2582;287;3531;3534;7.21;0.44;247.96;4.19;949;7;1199.00;3
2582;7;22021121;2582;289;3556;3575;7.26;0.45;247.96;4.16;974;7;1200.00;19
2586;7;22021147;2586;268;3559;3575;7.24;0.44;247.94;4.16;973;7;1201.00;16
2589;7;22021161;2589;270;3561;3575;7.22;0.44;248.20;4.16;972;7;1202.00;14
2591;7;22021172;2591;269;3562;3576;7.24;0.44;248.24;4.16;971;7;1203.00;14
2592;7;22021187;2592;267;3565;3577;7.20;0.44;248.33;4.16;973;7;1204.00;12
2593;7;22021201;2593;266;3565;3577;7.19;0.44;248.31;4.16;972;7;1205.00;12
2594;7;22021216;2594;262;3569;3580;7.17;0.44;248.30;4.17;975;7;1206.00;11
2598;7;22021230;2598;266;3572;3580;7.13;0.44;248.37;4.17;974;7;1207.00;8
2601;7;22021245;2601;266;3575;3580;7.17;0.44;248.53;4.17;974;7;1208.00;5
2602;7;22021258;2602;266;3576;3580;7.20;0.44;248.49;4.17;974;7;1209.00;4
2605;7;22021272;2605;262;3582;3586;7.29;0.45;248.50;4.16;977;7;1210.00;4
2608;7;22021289;2608;257;3582;3586;7.33;0.45;248.54;4.16;974;7;1211.00;4
2614;7;22021307;2614;259;3582;3586;7.33;0.45;248.54;4.16;968;7;1212.00;4
2616;7;22021323;2616;262;3583;3586;7.43;0.45;248.52;4.17;967;7;1213.00;3
2620;7;22021339;2620;266;3587;3590;7.39;0.45;248.82;4.16;967;7;1214.00;3
2623;7;22021357;2623;269;3589;3592;7.37;0.45;249.11;4.16;966;7;1215.00;3
2628;7;22021372;2628;267;3589;3592;7.30;0.45;249.34;4.16;961;7;1216.00;3
2630;7;22021389;2630;275;3590;3593;7.29;0.45;249.23;4.16;960;7;1217.00;3
2633;7;22021405;2633;276;3590;3593;7.26;0.45;249.35;4.16;957;7;1218.00;3
2637;7;22021420;2637;279;3591;3593;7.22;0.44;249.54;4.16;954;7;1219.00;2
2641;7;22021437;2641;286;3591;3593;7.15;0.44;249.71;4.16;950;7;1220.00;2
2646;7;22021452;2646;292;3591;3593;7.07;0.43;249.87;4.16;945;7;1221.00;2
2653;7;22021467;2653;295;3591;3593;6.92;0.43;250.15;4.16;938;7;1222.00;2
2654;7;22021481;2654;297;3591;3593;6.88;0.42;250.21;4.16;937;7;1223.00;2
2661;7;22021495;2661;303;3631;3663;6.93;0.43;250.50;4.12;970;7;1224.00;32
2665;7;22021514;2665;294;3633;3664;6.93;0.43;250.68;4.12;968;7;1225.00;31
2669;7;22021528;2669;285;3641;3664;6.99;0.43;250.67;4.12;972;7;1226.00;23
2674;7;22021540;2674;277;3643;3664;6.96;0.43;250.96;4.12;969;7;1227.00;21
2679;7;22021555;2679;275;3650;3666;6.95;0.43;251.07;4.12;971;7;1228.00;16
2681;7;22021568;2681;270;3650;3666;6.96;0.43;251.30;4.12;969;7;1229.00;16
2684;7;22021584;2684;272;3653;3666;6.88;0.42;251.57;4.12;969;7;1230.00;13
2686;7;22021599;2686;281;3658;3666;6.86;0.42;251.81;4.13;972;7;1231.00;8
2692;7;22021613;2692;281;3661;3667;6.80;0.42;252.26;4.13;969;7;1232.00;6
2694;7;22021628;2694;275;3664;3668;6.84;0.42;252.38;4.14;970;7;1233.00;4
2695;7;22021640;2695;271;3665;3668;6.82;0.42;252.51;4.14;970;7;1234.00;3
2696;7;22021654;2696;271;3671;3672;6.86;0.42;252.68;4.13;975;7;1235.00;1
2699;7;22021669;2699;272;3672;3672;6.89;0.42;252.84;4.13;973;7;1236.00;0
2702;7;22021682;2702;272;3672;3672;6.91;0.42;253.08;4.13;970;7;1237.00;0
2706;7;22021696;2706;268;3672;3672;6.93;0.42;253.44;4.13;966;7;1238.00;0
2711;7;22021710;2711;277;3678;3678;6.97;0.43;253.56;4.13;967;7;1239.00;0
2715;7;22021724;2715;286;3678;3678;6.96;0.43;253.74;4.13;963;7;1240.00;0
2720;7;22021738;2720;283;3678;3678;6.97;0.43;253.99;4.13;958;7;1241.00;0
2728;7;22021753;2728;288;3680;3681;6.97;0.43;254.40;4.13;952;7;1242.00;1
2734;7;22021775;2734;288;3680;3681;6.97;0.43;254.54;4.13;946;7;1243.00;1
2737;7;22021792;2737;282;3681;3681;6.98;0.43;254.81;4.13;944;7;1244.00;0
2743;7;22021806;2743;285;3682;3682;6.94;0.42;254.99;4.13;939;7;1245.00;0
2745;7;22021821;2745;283;3683;3683;6.92;0.42;255.03;4.13;938;7;1246.00;0
2749;7;22021836;2749;288;3683;3683;6.87;0.42;255.10;4.13;934;7;1247.00;0
2757;7;22021850;2757;289;3693;3696;6.87;0.42;255.30;4.11;936;7;1248.00;3
2762;7;22021865;2762;286;3696;3696;6.85;0.42;255.52;4.11;934;7;1249.00;0
2767;7;22021879;2767;295;3696;3696;6.82;0.42;255.63;4.11;929;7;1250.00;0
2769;7;22021894;2769;299;3697;3697;6.87;0.42;255.68;4.11;928;7;1251.00;0
2774;7;22021906;2774;295;3697;3697;6.91;0.42;255.73;4.11;923;7;1252.00;0
2775;7;22021920;2775;292;3701;3701;6.97;0.42;255.92;4.11;926;7;1253.00;0
2780;7;22021935;2780;289;3701;3701;6.96;0.42;256.04;4.11;921;7;1254.00;0
2781;7;22021949;2781;293;3705;3705;6.96;0.42;256.16;4.10;924;7;1255.00;0
2785;7;22021964;2785;300;3705;3705;6.94;0.42;256.37;4.10;920;7;1256.00;0
2791;7;22021980;2791;300;3705;3705;6.89;0.42;256.52;4.10;914;7;1257.00;0
2794;7;22021997;2794;307;3705;3705;6.89;0.42;256.58;4.10;911;7;1258.00;0
2798;7;22022014;2798;303;3705;3705;6.90;0.42;256.78;4.10;907;7;1259.00;0
2801;7;22022032;2801;311;3736;3739;7.08;0.43;256.95;4.07;935;7;1260.00;3
2804;7;22022052;2804;312;3736;3739;7.07;0.43;257.20;4.07;932;7;1261.00;3
2806;7;22022069;2806;314;3738;3739;7.07;0.43;257.45;4.07;932;7;1262.00;1
2809;7;22022085;2809;320;3738;3739;7.02;0.43;257.62;4.07;929;7;1263.00;1
2812;7;22022102;2812;326;3739;3739;6.99;0.43;257.70;4.07;927;7;1264.00;0
2814;7;22022118;2814;328;3739;3739;6.93;0.42;257.85;4.07;925;7;1265.00;0
2816;7;22022135;2816;339;3739;3740;6.78;0.42;257.90;4.07;923;7;1266.00;1
2821;7;22022152;2821;337;3740;3740;6.64;0.41;257.82;4.07;919;7;1267.00;0
2824;7;22022169;2824;336;3745;3746;6.60;0.40;257.97;4.06;921;7;1268.00;1
2828;7;22022187;2828;343;3746;3747;6.48;0.40;258.13;4.06;918;7;1269.00;1
2831;7;22022203;2831;346;3746;3747;6.41;0.39;258.23;4.06;915;7;1270.00;1
2832;7;22022219;2832;356;3746;3747;6.39;0.39;258.30;4.06;914;7;1271.00;1
2836;7;22022233;2836;347;3750;3751;6.37;0.39;258.29;4.06;914;7;1272.00;1
2838;7;22022249;2838;348;3750;3751;6.43;0.39;258.36;4.06;912;7;1273.00;1
2841;7;22022263;2841;348;3750;3751;6.45;0.39;258.38;4.06;909;7;1274.00;1
2842;7;22022276;2842;342;3751;3752;6.54;0.40;258.45;4.06;909;7;1275.00;1
2843;7;22022289;2843;340;3754;3756;6.60;0.40;258.54;4.06;911;7;1276.00;2
2846;7;22022303;2846;343;3754;3756;6.59;0.40;258.61;4.06;908;7;1277.00;2
2849;7;22022326;2849;342;3756;3759;6.62;0.40;258.67;4.05;907;7;1278.00;3
2852;7;22022339;2852;348;3756;3759;6.66;0.41;258.72;4.05;904;7;1279.00;3
2853;7;22022353;2853;346;3757;3759;6.73;0.41;258.73;4.05;904;7;1280.00;2
2856;7;22022366;2856;345;3757;3759;6.82;0.42;258.82;4.05;901;7;1281.00;2
2858;7;22022380;2858;331;3761;3763;6.93;0.42;258.99;4.05;903;7;1282.00;2
2863;7;22022395;2863;327;3761;3763;6.96;0.43;259.16;4.05;898;7;1283.00;2
2867;7;22022416;2867;328;3761;3763;7.03;0.43;259.39;4.05;894;7;1284.00;2
2871;7;22022437;2871;324;3761;3763;7.03;0.43;259.56;4.05;890;7;1285.00;2
2873;7;22022451;2873;324;3761;3764;7.04;0.43;259.62;4.05;888;7;1286.00;3
2875;7;22022466;2875;319;3762;3765;7.00;0.43;259.91;4.05;887;7;1287.00;3
2877;7;22022480;2877;324;3762;3765;6.96;0.42;259.89;4.05;885;7;1288.00;3
2879;7;22022494;2879;328;3763;3766;6.91;0.42;259.83;4.05;884;7;1289.00;3
2881;7;22022509;2881;324;3763;3766;6.86;0.42;259.86;4.05;882;7;1290.00;3
2881;7;22022522;2881;327;3763;3766;6.84;0.42;259.86;4.05;882;7;1291.00;3
2883;7;22022536;2883;323;3763;3766;6.81;0.41;259.85;4.05;880;7;1292.00;3
2884;7;22022551;2884;322;3763;3766;6.87;0.42;259.86;4.05;879;7;1293.00;3
2886;7;22022565;2886;319;3763;3766;6.90;0.42;259.90;4.05;877;7;1294.00;3
2886;7;22022583;2886;319;3763;3766;6.96;0.42;259.90;4.05;877;7;1295.00;3
2889;7;22022600;2889;324;3831;3893;7.30;0.45;259.79;3.98;942;7;1296.00;62
2893;7;22022630;2893;312;3833;3894;7.28;0.45;259.65;3.97;940;7;1297.00;61
2894;7;22022647;2894;302;3841;3894;7.38;0.46;259.64;3.97;947;7;1298.00;53
2896;7;22022663;2896;306;3843;3894;7.40;0.46;259.62;3.97;947;7;1299.00;51
2900;7;22022680;2900;303;3850;3894;7.44;0.46;259.49;3.97;950;7;1300.00;44
2904;7;22022701;2904;309;3852;3894;7.37;0.45;259.41;3.97;948;7;1301.00;42
2907;7;22022719;2907;308;3855;3894;7.31;0.45;259.54;3.97;948;7;1302.00;39
2910;7;22022737;2910;311;3858;3894;7.26;0.44;259.48;3.97;948;7;1303.00;36
2913;7;22022754;2913;314;3861;3895;7.19;0.44;259.44;3.98;948;7;1304.00;34
2915;7;22022770;2915;313;3865;3897;7.10;0.43;259.63;3.98;950;7;1305.00;32
2916;7;22022799;2916;317;3869;3897;6.97;0.43;259.69;3.99;953;7;1306.00;28
2916;7;22022815;2916;319;3872;3898;6.92;0.42;259.69;3.99;956;7;1307.00;26
2916;7;22022829;2916;324;3874;3898;6.83;0.42;259.69;4.00;958;7;1308.00;24
2918;7;22022841;2918;327;3876;3898;6.78;0.42;259.69;4.00;958;7;1309.00;22
2918;7;22022856;2918;336;3879;3898;6.81;0.42;259.69;4.01;961;7;1310.00;19
2920;7;22022869;2920;333;3883;3902;6.80;0.42;259.69;4.01;963;7;1311.00;19
2921;7;22022884;2921;344;3883;3902;6.79;0.42;259.64;4.01;962;7;1312.00;19
2922;7;22022898;2922;350;3884;3902;6.79;0.42;259.65;4.01;962;7;1313.00;18
2924;7;22022911;2924;350;3887;3905;6.78;0.41;259.64;4.02;963;7;1314.00;18
2925;7;22022925;2925;347;3887;3905;6.79;0.42;259.80;4.02;962;7;1315.00;18
2927;7;22022939;2927;343;3889;3905;6.73;0.41;259.91;4.02;962;7;1316.00;16
2931;7;22022952;2931;343;3892;3909;6.70;0.41;259.99;4.02;961;7;1317.00;17
2932;7;22022966;2932;341;3894;3910;6.72;0.41;260.03;4.02;962;7;1318.00;16
2933;7;22022980;2933;340;3894;3910;6.65;0.41;260.07;4.02;961;7;1319.00;16
2934;7;22022995;2934;337;3899;3915;6.65;0.41;260.11;4.02;965;7;1320.00;16
2937;7;22023010;2937;335;3899;3915;6.60;0.40;260.28;4.02;962;7;1321.00;16
2941;7;22023024;2941;331;3899;3915;6.58;0.40;260.10;4.02;958;7;1322.00;16
2942;7;22023038;2942;314;3900;3916;6.63;0.40;260.10;4.02;958;7;1323.00;16
2943;7;22023052;2943;307;3900;3916;6.72;0.41;260.09;4.02;957;7;1324.00;16
2945;7;22023065;2945;291;3904;3922;6.80;0.41;259.93;4.01;959;7;1325.00;18
2949;7;22023080;2949;283;3904;3922;6.81;0.41;259.82;4.01;955;7;1326.00;18
2953;7;22023093;2953;273;3904;3923;6.83;0.41;259.83;4.01;951;7;1327.00;19
2954;7;22023108;2954;266;3904;3923;6.87;0.42;259.75;4.01;950;7;1328.00;19
2956;7;22023122;2956;259;3905;3923;6.88;0.42;259.69;4.03;949;7;1329.00;18
2959;7;22023139;2959;255;3905;3923;6.89;0.42;259.74;4.03;946;7;1330.00;18
2960;7;22023155;2960;250;3906;3923;6.90;0.42;259.76;4.04;946;7;1331.00;17
2962;7;22023170;2962;243;3915;3935;6.91;0.42;259.71;4.03;953;7;1332.00;20
2967;7;22023186;2967;231;3916;3935;6.92;0.42;259.65;4.03;949;7;1333.00;19
2968;7;22023211;2968;232;3917;3935;6.97;0.42;259.65;4.03;949;7;1334.00;18
2972;7;22023227;2972;217;3917;3935;6.98;0.42;259.67;4.03;945;7;1335.00;18
2972;7;22023252;2972;210;3917;3935;7.09;0.43;259.67;4.03;945;7;1336.00;18
2973;7;22023267;2973;197;3917;3935;7.18;0.44;259.69;4.03;944;7;1337.00;18
2973;7;22023290;2973;196;3920;3939;7.28;0.44;259.69;4.03;947;7;1338.00;19
2975;7;22023306;2975;194;3920;3939;7.38;0.45;259.67;4.03;945;7;1339.00;19
2976;7;22023320;2976;192;3923;3943;7.46;0.45;259.69;4.02;947;7;1340.00;20
2981;7;22023336;2981;184;3923;3944;7.49;0.45;259.63;4.02;942;7;1341.00;21
2982;7;22023351;2982;183;3924;3944;7.56;0.46;259.57;4.02;942;7;1342.00;20
2986;7;22023366;2986;176;3925;3944;7.59;0.46;259.54;4.04;939;7;1343.00;19
2989;7;22023380;2989;175;3935;3957;7.60;0.46;259.40;4.02;946;7;1344.00;22
2992;7;22023396;2992;174;3936;3957;7.63;0.46;259.52;4.02;944;7;1345.00;21
2993;7;22023411;2993;171;3936;3957;7.71;0.47;259.50;4.02;943;7;1346.00;21
2996;7;22023425;2996;167;3937;3958;7.77;0.47;259.58;4.02;941;7;1347.00;21
2998;7;22023439;2998;164;3939;3959;7.83;0.47;259.51;4.04;941;7;1348.00;20
3000;7;22023454;3000;163;3939;3959;7.83;0.48;259.49;4.04;939;7;1349.00;20
3002;7;22023470;3002;165;3946;3968;7.83;0.47;259.56;4.04;944;7;1350.00;22
3006;7;22023486;3006;165;3949;3968;7.83;0.47;259.62;4.06;943;7;1351.00;19
3007;7;22023501;3007;170;3951;3968;7.87;0.48;259.58;4.06;944;7;1352.00;17
3009;7;22023518;3009;164;3951;3968;7.94;0.48;259.60;4.06;942;7;1353.00;17
3012;7;22023533;3012;171;3956;3974;8.07;0.49;259.52;4.05;944;7;1354.00;18
3012;7;22023550;3012;175;3958;3974;8.05;0.49;259.52;4.08;946;7;1355.00;16
3015;7;22023564;3015;180;3958;3974;8.04;0.49;259.66;4.08;943;7;1356.00;16
3016;7;22023579;3016;190;3959;3974;8.06;0.49;259.63;4.09;943;7;1357.00;15
3018;7;22023594;3018;197;3963;3978;8.08;0.49;259.56;4.09;945;7;1358.00;15
3022;7;22023608;3022;196;3964;3979;8.14;0.49;259.70;4.09;942;7;1359.00;15
3024;7;22023633;3024;201;3965;3979;8.18;0.50;259.71;4.10;941;7;1360.00;14
3025;7;22023649;3025;210;3966;3980;8.23;0.50;259.74;4.10;941;7;1361.00;14
3027;7;22023664;3027;214;3967;3980;8.22;0.50;259.70;4.12;940;7;1362.00;13
3028;7;22023678;3028;220;3967;3980;8.24;0.50;259.79;4.12;939;7;1363.00;13
3030;7;22023690;3030;225;3967;3980;8.25;0.50;259.76;4.12;937;7;1364.00;13
3034;7;22023704;3034;226;3970;3980;8.20;0.50;259.89;4.17;936;7;1365.00;10
3037;7;22023719;3037;227;3970;3980;8.16;0.50;259.97;4.17;933;7;1366.00;10
3040;7;22023732;3040;222;3972;3980;8.11;0.49;260.27;4.19;932;7;1367.00;8
3045;7;22023746;3045;237;4014;4050;8.21;0.50;260.32;4.15;969;7;1368.00;36
3046;7;22023766;3046;235;4017;4051;8.17;0.50;260.33;4.16;971;7;1369.00;34
3050;7;22023782;3050;232;4026;4051;8.12;0.50;260.41;4.17;976;7;1370.00;25
3050;7;22023797;3050;224;4028;4051;8.12;0.50;260.41;4.17;978;7;1371.00;23
3051;7;22023812;3051;224;4032;4051;8.06;0.49;260.53;4.19;981;7;1372.00;19
3055;7;22023828;3055;231;4034;4051;7.98;0.49;260.78;4.19;979;7;1373.00;17
3056;7;22023844;3056;226;4037;4051;7.93;0.48;260.75;4.19;981;7;1374.00;14
3057;7;22023859;3057;221;4042;4051;7.91;0.48;260.81;4.20;985;7;1375.00;9
3063;7;22023873;3063;223;4044;4052;7.84;0.48;261.03;4.20;981;7;1376.00;8
3063;7;22023888;3063;222;4048;4053;7.81;0.48;261.03;4.21;985;7;1377.00;5
3067;7;22023902;3067;222;4049;4053;7.83;0.48;261.10;4.21;982;7;1378.00;4
3070;7;22023917;3070;226;4053;4057;7.79;0.48;261.25;4.21;983;7;1379.00;4
3072;7;22023934;3072;230;4056;4057;7.74;0.47;261.31;4.21;984;7;1380.00;1
3077;7;22023949;3077;226;4056;4057;7.73;0.47;261.82;4.21;979;7;1381.00;1
3078;7;22023963;3078;225;4057;4057;7.70;0.47;261.88;4.21;979;7;1382.00;0
3080;7;22023977;3080;227;4062;4063;7.74;0.47;262.01;4.21;982;7;1383.00;1
3084;7;22023997;3084;229;4062;4063;7.76;0.47;261.96;4.21;978;7;1384.00;1
3085;7;22024011;3085;237;4063;4063;7.77;0.47;262.01;4.21;978;7;1385.00;0
3087;7;22024023;3087;238;4066;4066;7.83;0.48;262.11;4.21;979;7;1386.00;0
3092;7;22024038;3092;242;4066;4066;7.83;0.48;262.02;4.21;974;7;1387.00;0
3093;7;22024052;3093;246;4066;4066;7.79;0.48;262.01;4.21;973;7;1388.00;0
3101;7;22024068;3101;251;4067;4067;7.76;0.47;262.22;4.21;966;7;1389.00;0
3104;7;22024082;3104;257;4068;4068;7.74;0.47;262.18;4.21;964;7;1390.00;0
3110;7;22024095;3110;261;4068;4068;7.62;0.47;262.40;4.21;958;7;1391.00;0
3117;7;22024107;3117;272;4080;4081;7.54;0.46;262.47;4.19;963;7;1392.00;1
3122;7;22024122;3122;272;4081;4081;7.47;0.45;262.27;4.19;959;7;1393.00;0
3127;7;22024137;3127;275;4081;4081;7.39;0.45;262.35;4.19;954;7;1394.00;0
3129;7;22024151;3129;277;4083;4083;7.36;0.45;262.30;4.19;954;7;1395.00;0
3133;7;22024165;3133;273;4083;4083;7.27;0.44;262.54;4.19;950;7;1396.00;0
3138;7;22024180;3138;281;4087;4087;7.19;0.44;262.81;4.19;949;7;1397.00;0
3141;7;22024195;3141;285;4087;4087;7.08;0.43;262.99;4.19;946;7;1398.00;0
3147;7;22024207;3147;285;4091;4091;6.93;0.42;262.93;4.18;944;7;1399.00;0
3152;7;22024221;3152;278;4091;4091;6.84;0.42;263.18;4.18;939;7;1400.00;0
3154;7;22024240;3154;271;4091;4091;6.83;0.42;263.17;4.18;937;7;1401.00;0
3159;7;22024254;3159;264;4091;4091;6.75;0.41;263.43;4.18;932;7;1402.00;0
3162;7;22024269;3162;260;4091;4091;6.75;0.41;263.52;4.18;929;7;1403.00;0
3165;7;22024284;3165;252;4102;4103;6.79;0.41;263.62;4.17;937;7;1404.00;1
3166;7;22024299;3166;257;4102;4103;6.79;0.41;263.71;4.17;936;7;1405.00;1
3168;7;22024312;3168;255;4103;4103;6.81;0.42;263.83;4.17;935;7;1406.00;0
3170;7;22024323;3170;249;4103;4103;6.89;0.42;263.96;4.17;933;7;1407.00;0
3171;7;22024337;3171;252;4103;4103;6.98;0.43;264.00;4.17;932;7;1408.00;0
3176;7;22024351;3176;241;4103;4103;7.05;0.43;264.25;4.17;927;7;1409.00;0
3179;7;22024366;3179;234;4104;4104;7.03;0.43;264.46;4.17;925;7;1410.00;0
3183;7;22024380;3183;235;4104;4104;6.99;0.43;264.74;4.17;921;7;1411.00;0
3187;7;22024397;3187;233;4110;4110;7.03;0.43;264.94;4.17;923;7;1412.00;0
3194;7;22024412;3194;240;4110;4111;6.97;0.43;265.10;4.17;916;7;1413.00;1
3197;7;22024431;3197;251;4111;4111;6.97;0.43;265.27;4.17;914;7;1414.00;0
3199;7;22024449;3199;252;4111;4111;6.95;0.43;265.43;4.17;912;7;1415.00;0
3203;7;22024466;3203;259;4115;4115;6.97;0.43;265.48;4.16;912;7;1416.00;0
3207;7;22024483;3207;264;4115;4115;6.89;0.42;265.61;4.16;908;7;1417.00;0
3215;7;22024499;3215;272;4115;4115;6.75;0.41;265.84;4.16;900;7;1418.00;0
3218;7;22024512;3218;282;4116;4116;6.74;0.41;265.71;4.16;898;7;1419.00;0
3224;7;22024525;3224;284;4120;4120;6.61;0.40;265.99;4.16;896;7;1420.00;0
3229;7;22024539;3229;291;4120;4120;6.46;0.40;266.08;4.16;891;7;1421.00;0
3234;7;22024553;3234;299;4122;4123;6.40;0.39;266.30;4.16;888;7;1422.00;1
3240;7;22024568;3240;304;4122;4123;6.33;0.39;266.36;4.16;882;7;1423.00;1
3242;7;22024584;3242;309;4123;4123;6.36;0.39;266.44;4.16;881;7;1424.00;0
3245;7;22024598;3245;312;4123;4123;6.35;0.39;266.50;4.16;878;7;1425.00;0
3249;7;22024610;3249;315;4127;4127;6.40;0.39;266.73;4.15;878;7;1426.00;0
3253;7;22024622;3253;315;4127;4127;6.39;0.39;266.86;4.15;874;7;1427.00;0
3254;7;22024636;3254;314;4127;4127;6.44;0.39;266.91;4.15;873;7;1428.00;0
3258;7;22024649;3258;317;4127;4127;6.37;0.39;267.05;4.15;869;7;1429.00;0
3261;7;22024663;3261;317;4128;4128;6.32;0.39;267.23;4.15;867;7;1430.00;0
3264;7;22024676;3264;323;4129;4129;6.29;0.39;267.23;4.15;865;7;1431.00;0
3267;7;22024692;3267;329;4129;4129;6.31;0.39;267.32;4.15;862;7;1432.00;0
3274;7;22024705;3274;327;4130;4130;6.28;0.39;267.54;4.15;856;7;1433.00;0
3276;7;22024721;3276;334;4130;4130;6.27;0.39;267.49;4.15;854;7;1434.00;0
3282;7;22024738;3282;337;4130;4130;6.19;0.38;267.56;4.15;848;7;1435.00;0
3286;7;22024753;3286;339;4130;4130;6.17;0.38;267.74;4.15;844;7;1436.00;0
3289;7;22024766;3289;344;4130;4130;6.11;0.38;267.77;4.15;841;7;1437.00;0
3292;7;22024783;3292;348;4130;4130;6.10;0.37;267.76;4.15;838;7;1438.00;0
3296;7;22024798;3296;349;4130;4130;6.07;0.37;267.78;4.15;834;7;1439.00;0
3301;7;22024814;3301;376;4232;4360;6.60;0.42;268.05;4.05;931;7;1440.00;128
3306;7;22024853;3306;382;4247;4361;6.58;0.42;268.19;4.04;941;7;1441.00;114
3308;7;22024867;3308;374;4263;4361;6.72;0.42;268.17;4.03;955;7;1442.00;98
3309;7;22024881;3309;372;4273;4361;6.64;0.42;268.19;4.03;964;7;1443.00;88
3310;7;22024894;3310;375;4282;4361;6.61;0.42;268.17;4.03;972;7;1444.00;79
3313;7;22024907;3313;380;4288;4361;6.54;0.41;268.16;4.03;975;7;1445.00;73
3314;7;22024920;3314;387;4293;4361;6.55;0.41;268.17;4.03;979;7;1446.00;68
3315;7;22024934;3315;388;4299;4361;6.54;0.41;268.19;4.04;984;7;1447.00;62
3316;7;22024948;3316;383;4306;4362;6.52;0.41;268.24;4.04;990;7;1448.00;56
3320;7;22024962;3320;375;4312;4363;6.48;0.41;268.30;4.05;992;7;1449.00;51
3322;7;22024975;3322;380;4317;4363;6.48;0.40;268.32;4.06;995;7;1450.00;46
3325;7;22024990;3325;381;4323;4364;6.36;0.40;268.42;4.07;998;7;1451.00;41
3328;7;22025012;3328;387;4327;4364;6.29;0.39;268.55;4.07;999;7;1452.00;37
3330;7;22025035;3330;390;4328;4364;6.25;0.39;268.49;4.08;998;7;1453.00;36
3331;7;22025050;3331;401;4330;4364;6.22;0.39;268.45;4.08;999;7;1454.00;34
3335;7;22025064;3335;408;4336;4368;6.20;0.38;268.73;4.09;1001;7;1455.00;32
3339;7;22025093;3339;404;4338;4368;6.18;0.38;268.74;4.09;999;7;1456.00;30
3342;7;22025109;3342;395;4340;4368;6.17;0.38;268.58;4.10;998;7;1457.00;28
3345;7;22025131;3345;392;4340;4371;6.22;0.38;268.58;4.10;995;7;1458.00;31
3348;7;22025146;3348;385;4342;4371;6.24;0.38;268.52;4.10;994;7;1459.00;29
3350;7;22025161;3350;387;4342;4371;6.31;0.39;268.60;4.10;992;7;1460.00;29
3353;7;22025183;3353;382;4345;4375;6.36;0.39;268.47;4.10;992;7;1461.00;30
3355;7;22025205;3355;384;4347;4376;6.44;0.40;268.45;4.10;992;7;1462.00;29
3357;7;22025227;3357;385;4348;4376;6.45;0.40;268.32;4.10;991;7;1463.00;28
3359;7;22025243;3359;389;4351;4380;6.48;0.40;268.52;4.10;992;7;1464.00;29
3360;7;22025258;3360;393;4353;4380;6.53;0.40;268.52;4.11;993;7;1465.00;27
3361;7;22025273;3361;401;4354;4380;6.57;0.40;268.46;4.11;993;7;1466.00;26
3362;7;22025289;3362;392;4354;4381;6.59;0.40;268.38;4.11;992;7;1467.00;27
3367;7;22025306;3367;395;4354;4381;6.62;0.40;268.39;4.11;987;7;1468.00;27
3371;7;22025322;3371;395;4359;4387;6.74;0.41;268.36;4.12;988;7;1469.00;28
3373;7;22025339;3373;397;4360;4387;6.78;0.41;268.30;4.12;987;7;1470.00;27
3374;7;22025354;3374;401;4361;4388;6.82;0.42;268.34;4.12;987;7;1471.00;27
3374;7;22025368;3374;403;4361;4388;6.84;0.42;268.34;4.12;987;7;1472.00;27
3376;7;22025382;3376;392;4362;4388;6.90;0.42;268.35;4.13;986;7;1473.00;26
3377;7;22025398;3377;395;4363;4388;6.96;0.42;268.28;4.14;986;7;1474.00;25
3378;7;22025412;3378;390;4363;4388;6.97;0.43;268.31;4.14;985;7;1475.00;25
3382;7;22025425;3382;393;4372;4400;6.95;0.42;268.27;4.14;990;7;1476.00;28
3383;7;22025440;3383;399;4373;4400;6.95;0.42;268.24;4.14;990;7;1477.00;27
3385;7;22025456;3385;399;4376;4400;6.98;0.43;268.23;4.15;991;7;1478.00;24
3386;7;22025470;3386;402;4376;4400;6.95;0.42;268.16;4.15;990;7;1479.00;24
3390;7;22025484;3390;389;4378;4400;6.95;0.42;268.13;4.15;988;7;1480.00;22
3391;7;22025499;3391;384;4379;4400;6.97;0.42;268.17;4.15;988;7;1481.00;21
3392;7;22025515;3392;382;4382;4404;6.97;0.42;268.10;4.15;990;7;1482.00;22
3393;7;22025535;3393;373;4382;4404;6.98;0.43;268.03;4.15;989;7;1483.00;22
3396;7;22025553;3396;372;4386;4408;7.01;0.43;268.00;4.14;990;7;1484.00;22
3398;8;22025571;3398;372;4388;4410;7.08;0.43;268.05;4.14;990;8;1485.00;22
3399;8;22025611;3399;372;4388;4410;7.10;0.43;268.05;4.14;989;8;1486.00;22
3400;8;22025638;3400;369;4388;4410;7.13;0.43;267.98;4.14;988;8;1487.00;22
3402;8;22025655;3402;368;4397;4423;7.17;0.44;268.03;4.13;995;8;1488.00;26
3405;8;22025674;3405;369;4397;4423;7.19;0.44;267.94;4.13;992;8;1489.00;26
3406;8;22025689;3406;364;4397;4423;7.24;0.44;267.94;4.13;991;8;1490.00;26
3406;8;22025704;3406;355;4398;4424;7.31;0.44;267.94;4.13;992;8;1491.00;26
3406;8;22025720;3406;345;4398;4425;7.36;0.45;267.94;4.13;992;8;1492.00;27
3407;8;22025736;3407;338;4398;4425;7.42;0.45;267.92;4.13;991;8;1493.00;27
3409;8;22025751;3409;334;4400;4428;7.48;0.45;267.98;4.13;991;8;1494.00;28
3411;8;22025774;3411;326;4400;4428;7.47;0.45;268.07;4.13;989;8;1495.00;28
3412;8;22025792;3412;322;4401;4428;7.51;0.46;268.06;4.13;989;8;1496.00;27
3416;8;22025806;3416;319;4401;4428;7.55;0.46;268.07;4.13;985;8;1497.00;27
3417;8;22025822;3417;309;4406;4434;7.61;0.46;268.14;4.13;989;8;1498.00;28
3418;8;22025840;3418;306;4406;4434;7.67;0.46;268.21;4.13;988;8;1499.00;28
3421;8;22025861;3421;307;4410;4453;7.63;0.46;268.13;4.12;989;8;1500.00;43
3423;8;22025889;3423;298;4410;4453;7.59;0.46;268.08;4.12;987;8;1501.00;43
3425;8;22025908;3425;300;4413;4457;7.62;0.46;268.25;4.12;988;8;1502.00;44
3428;8;22025929;3428;296;4414;4458;7.63;0.46;268.53;4.12;986;8;1503.00;44
3428;8;22025945;3428;288;4414;4458;7.64;0.46;268.53;4.12;986;8;1504.00;44
3433;8;22025961;3433;287;4417;4459;7.57;0.46;268.66;4.15;984;8;1505.00;42
3435;8;22025976;3435;280;4419;4459;7.55;0.46;268.82;4.15;984;8;1506.00;40
3439;8;22025990;3439;273;4419;4459;7.52;0.46;269.04;4.15;980;8;1507.00;40
3443;8;22026005;3443;270;4419;4459;7.53;0.46;269.09;4.15;976;8;1508.00;40
3445;8;22026020;3445;262;4419;4459;7.54;0.46;269.17;4.15;974;8;1509.00;40
3446;8;22026035;3446;253;4419;4459;7.53;0.46;269.24;4.15;973;8;1510.00;40
3451;8;22026050;3451;253;4420;4459;7.51;0.45;269.28;4.15;969;8;1511.00;39
3452;8;22026065;3452;260;4455;4529;7.54;0.46;269.32;4.12;1003;8;1512.00;74
3456;8;22026086;3456;249;4456;4530;7.60;0.46;269.39;4.12;1000;8;1513.00;74
3457;8;22026101;3457;239;4461;4530;7.64;0.46;269.41;4.12;1004;8;1514.00;69
3458;8;22026117;3458;235;4463;4530;7.72;0.47;269.46;4.12;1005;8;1515.00;67
3460;8;22026131;3460;224;4465;4530;7.83;0.48;269.43;4.12;1005;8;1516.00;65
3461;8;22026146;3461;227;4468;4530;7.95;0.48;269.48;4.12;1007;8;1517.00;62
3463;8;22026165;3463;223;4472;4530;8.01;0.49;269.60;4.14;1009;8;1518.00;58
3466;8;22026180;3466;218;4474;4530;8.09;0.49;269.64;4.14;1008;8;1519.00;56
3472;8;22026198;3472;216;4477;4531;8.17;0.50;269.74;4.14;1005;8;1520.00;54
3473;8;22026216;3473;215;4478;4532;8.20;0.50;269.74;4.14;1005;8;1521.00;54
3476;8;22026243;3476;220;4482;4532;8.22;0.50;269.73;4.16;1006;8;1522.00;50
3477;8;22026263;3477;220;4489;4536;8.18;0.50;269.73;4.17;1012;8;1523.00;47
3479;8;22026282;3479;222;4491;4536;8.12;0.49;269.64;4.17;1012;8;1524.00;45
3480;8;22026297;3480;229;4492;4536;8.12;0.49;269.63;4.19;1012;8;1525.00;44
3484;8;22026314;3484;227;4492;4536;8.08;0.49;269.79;4.19;1008;8;1526.00;44
3485;8;22026329;3485;233;4497;4542;8.13;0.49;269.75;4.19;1012;8;1527.00;45
3488;8;22026353;3488;234;4498;4542;8.16;0.50;269.72;4.21;1010;8;1528.00;44
3491;9;22026370;3491;234;4499;4542;8.16;0.50;269.89;4.22;1008;9;1529.00;43
3493;9;22026399;3493;233;4504;4548;8.22;0.50;269.82;4.24;1011;9;1530.00;44
3495;9;22026418;3495;236;4507;4548;8.24;0.50;270.00;4.28;1012;9;1531.00;41
3501;9;22026432;3501;239;4508;4548;8.27;0.50;269.97;4.28;1007;9;1532.00;40
3503;9;22026453;3503;242;4514;4549;8.24;0.50;269.98;4.34;1011;9;1533.00;35
3505;9;22026469;3505;249;4516;4550;8.20;0.50;270.12;4.34;1011;9;1534.00;34
3508;9;22026485;3508;250;4518;4550;8.15;0.49;270.33;4.37;1010;9;1535.00;32
3509;9;22026501;3509;259;4529;4563;8.11;0.49;270.28;4.39;1020;9;1536.00;34
3513;9;22026518;3513;261;4530;4563;8.09;0.49;270.38;4.41;1017;9;1537.00;33
3514;9;22026534;3514;262;4533;4563;8.08;0.49;270.55;4.45;1019;9;1538.00;30
3517;9;22026549;3517;272;4537;4564;8.02;0.49;270.66;4.50;1020;9;1539.00;27
3521;9;22026564;3521;276;4539;4564;7.95;0.48;270.67;4.51;1018;9;1540.00;25
3526;9;22026580;3526;276;4545;4568;7.94;0.48;270.55;4.53;1019;9;1541.00;23
3531;9;22026596;3531;277;4548;4568;7.86;0.48;270.71;4.55;1017;9;1542.00;20
3534;9;22026614;3534;283;4552;4572;7.81;0.47;270.81;4.56;1018;9;1543.00;20
3535;9;22026634;3535;287;4553;4572;7.78;0.47;270.88;4.57;1018;9;1544.00;19
3537;9;22026651;3537;295;4554;4572;7.74;0.47;271.01;4.59;1017;9;1545.00;18
3541;9;22026667;3541;298;4557;4572;7.70;0.47;270.94;4.61;1016;9;1546.00;15
3544;9;22026682;3544;298;4557;4572;7.66;0.47;270.96;4.61;1013;9;1547.00;15
3547;9;22026699;3547;301;4571;4584;7.64;0.47;271.07;4.63;1024;9;1548.00;13
3549;9;22026716;3549;302;4571;4584;7.65;0.47;270.99;4.63;1022;9;1549.00;13
3550;9;22026731;3550;298;4573;4584;7.67;0.47;271.09;4.63;1023;9;1550.00;11
3553;9;22026746;3553;296;4573;4584;7.66;0.47;271.30;4.63;1020;9;1551.00;11
3554;9;22026761;3554;292;4574;4584;7.66;0.47;271.31;4.64;1020;9;1552.00;10
3556;9;22026776;3556;289;4574;4584;7.63;0.47;271.39;4.64;1018;9;1553.00;10
3559;9;22026793;3559;297;4577;4585;7.65;0.47;271.47;4.66;1018;9;1554.00;8
3560;9;22026817;3560;293;4579;4587;7.67;0.47;271.61;4.66;1019;9;1555.00;8
3564;9;22026833;3564;296;4586;4593;7.73;0.47;271.75;4.66;1022;9;1556.00;7
3566;9;22026857;3566;298;4589;4594;7.72;0.47;271.81;4.67;1023;9;1557.00;5
3567;9;22026872;3567;295;4590;4594;7.67;0.47;271.76;4.67;1023;9;1558.00;4
3569;9;22026887;3569;291;4591;4594;7.67;0.47;271.79;4.68;1022;9;1559.00;3
3572;9;22026905;3572;293;4597;4599;7.71;0.48;271.72;4.68;1025;9;1560.00;2
3576;9;22026930;3576;296;4598;4599;7.65;0.47;271.72;4.68;1022;9;1561.00;1
3581;9;22026966;3581;294;4598;4599;7.64;0.47;271.83;4.68;1017;9;1562.00;1
3585;9;22026981;3585;296;4600;4600;7.66;0.47;271.81;4.68;1015;9;1563.00;0
3591;9;22026996;3591;296;4603;4604;7.58;0.47;271.86;4.68;1012;9;1564.00;1
3595;9;22027012;3595;302;4604;4604;7.50;0.46;271.92;4.68;1009;9;1565.00;0
3601;9;22027026;3601;304;4606;4607;7.48;0.46;271.94;4.67;1005;9;1566.00;1
3608;9;22027040;3608;309;4606;4607;7.43;0.45;271.96;4.67;998;9;1567.00;1
3614;9;22027057;3614;318;4607;4607;7.40;0.45;272.09;4.67;993;9;1568.00;0
3616;9;22027082;3616;318;4607;4607;7.38;0.45;272.15;4.67;991;9;1569.00;0
3621;9;22027096;3621;325;4611;4611;7.31;0.45;272.14;4.67;990;9;1570.00;0
3623;9;22027111;3623;324;4611;4611;7.18;0.44;272.08;4.67;988;9;1571.00;0
3628;9;22027124;3628;326;4611;4611;6.98;0.43;272.13;4.67;983;9;1572.00;0
3635;9;22027144;3635;333;4611;4611;6.84;0.42;272.14;4.67;976;9;1573.00;0
3635;9;22027157;3635;335;4612;4612;6.75;0.41;272.14;4.67;977;9;1574.00;0
3640;9;22027172;3640;327;4614;4614;6.60;0.40;272.19;4.67;974;9;1575.00;0
3642;9;22027189;3642;325;4614;4614;6.46;0.39;272.26;4.67;972;9;1576.00;0
3646;9;22027205;3646;331;4615;4615;6.40;0.39;272.38;4.67;969;9;1577.00;0
3653;9;22027221;3653;331;4615;4615;6.29;0.38;272.49;4.67;962;9;1578.00;0
3658;9;22027237;3658;335;4615;4615;6.23;0.38;272.48;4.67;957;9;1579.00;0
3660;9;22027252;3660;336;4615;4615;6.30;0.38;272.47;4.67;955;9;1580.00;0
3664;9;22027266;3664;331;4615;4615;6.27;0.38;272.51;4.67;951;9;1581.00;0
3666;9;22027282;3666;329;4615;4615;6.31;0.39;272.66;4.67;949;9;1582.00;0
3669;9;22027297;3669;322;4615;4615;6.31;0.39;272.81;4.67;946;9;1583.00;0
3675;9;22027311;3675;329;4688;4742;6.62;0.41;272.98;4.59;1013;9;1584.00;54
3679;9;22027337;3679;328;4695;4743;6.52;0.41;273.19;4.59;1016;9;1585.00;48
3681;9;22027352;3681;328;4704;4743;6.54;0.41;273.20;4.58;1023;9;1586.00;39
3684;9;22027367;3684;330;4707;4743;6.50;0.41;273.35;4.58;1023;9;1587.00;36
3687;9;22027382;3687;338;4713;4743;6.48;0.41;273.60;4.58;1026;9;1588.00;30
3692;9;22027397;3692;346;4716;4743;6.39;0.40;273.67;4.58;1024;9;1589.00;27
3695;9;22027412;3695;355;4719;4743;6.29;0.39;273.78;4.58;1024;9;1590.00;24
3699;9;22027424;3699;364;4721;4743;6.21;0.39;273.96;4.58;1022;9;1591.00;22
3705;9;22027439;3705;369;4723;4744;6.10;0.38;274.06;4.59;1018;9;1592.00;21
3709;9;22027454;3709;377;4728;4745;6.04;0.38;274.19;4.59;1019;9;1593.00;17
3712;9;22027469;3712;382;4730;4745;5.99;0.37;274.25;4.59;1018;9;1594.00;15
3715;9;22027486;3715;383;4732;4746;5.97;0.37;274.34;4.59;1017;9;1595.00;14
3721;9;22027503;3721;383;4734;4746;5.87;0.37;274.49;4.60;1013;9;1596.00;12
3724;9;22027520;3724;386;4734;4746;5.84;0.36;274.59;4.60;1010;9;1597.00;12
3730;9;22027538;3730;400;4741;4746;5.76;0.36;274.70;4.61;1011;9;1598.00;5
3735;9;22027554;3735;398;4743;4750;5.69;0.35;274.92;4.61;1008;9;1599.00;7
3738;9;22027572;3738;401;4744;4750;5.67;0.35;274.96;4.61;1006;9;1600.00;6
3742;9;22027597;3742;403;4744;4750;5.63;0.35;274.87;4.61;1002;9;1601.00;6
3748;9;22027614;3748;405;4746;4753;5.59;0.35;275.06;4.61;998;9;1602.00;7
3752;9;22027633;3752;401;4747;4753;5.60;0.35;275.18;4.61;995;9;1603.00;6
3757;9;22027649;3757;407;4747;4753;5.58;0.35;275.24;4.61;990;9;1604.00;6
3762;9;22027666;3762;407;4751;4757;5.55;0.34;275.23;4.61;989;9;1605.00;6
3764;9;22027684;3764;418;4752;4758;5.54;0.34;275.20;4.61;988;9;1606.00;6
3768;9;22027700;3768;420;4752;4758;5.48;0.34;275.26;4.61;984;9;1607.00;6
3770;9;22027716;3770;428;4757;4762;5.47;0.34;275.21;4.61;987;9;1608.00;5
3776;9;22027733;3776;434;4757;4762;5.39;0.33;275.20;4.61;981;9;1609.00;5
3779;9;22027749;3779;434;4757;4762;5.37;0.33;275.15;4.61;978;9;1610.00;5
3785;9;22027762;3785;438;4758;4763;5.31;0.33;275.24;4.61;973;9;1611.00;5
3788;9;22027774;3788;443;4760;4763;5.30;0.33;275.25;4.62;972;9;1612.00;3
3791;9;22027788;3791;444;4765;4769;5.29;0.32;275.31;4.61;974;9;1613.00;4
3795;9;22027801;3795;443;4765;4769;5.18;0.32;275.39;4.61;970;9;1614.00;4
3798;9;22027815;3798;450;4765;4770;5.16;0.32;275.27;4.61;967;9;1615.00;5
3800;9;22027828;3800;457;4765;4770;5.13;0.31;275.18;4.61;965;9;1616.00;5
3806;9;22027839;3806;459;4765;4770;5.10;0.31;275.16;4.61;959;9;1617.00;5
3809;9;22027853;3809;474;4765;4770;5.03;0.31;275.14;4.61;956;9;1618.00;5
3809;9;22027866;3809;469;4765;4770;5.04;0.31;275.14;4.61;956;9;1619.00;5
3813;9;22027880;3813;474;4793;4806;5.21;0.32;275.03;4.58;980;9;1620.00;13
3815;9;22027897;3815;475;4794;4806;5.18;0.32;275.05;4.58;979;9;1621.00;12
3817;9;22027910;3817;466;4796;4806;5.20;0.32;274.93;4.58;979;9;1622.00;10
3818;9;22027922;3818;460;4796;4806;5.23;0.32;274.90;4.58;978;9;1623.00;10
3819;9;22027935;3819;451;4797;4806;5.25;0.32;274.86;4.58;978;9;1624.00;9
3820;9;22027949;3820;452;4797;4806;5.31;0.33;274.89;4.58;977;9;1625.00;9
3825;9;22027962;3825;453;4801;4810;5.31;0.32;274.80;4.58;976;9;1626.00;9
3826;9;22027978;3826;460;4801;4810;5.32;0.32;274.82;4.58;975;9;1627.00;9
3827;9;22027995;3827;468;4805;4814;5.32;0.32;274.75;4.58;978;9;1628.00;9
3828;9;22028014;3828;470;4806;4815;5.39;0.33;274.73;4.58;978;9;1629.00;9
3828;9;22028031;3828;468;4806;4815;5.39;0.33;274.73;4.58;978;9;1630.00;9
3828;9;22028047;3828;455;4806;4815;5.45;0.33;274.73;4.58;978;9;1631.00;9
3830;9;22028071;3830;441;4817;4828;5.58;0.34;274.69;4.57;987;9;1632.00;11
3833;9;22028089;3833;432;4817;4828;5.66;0.34;274.62;4.57;984;9;1633.00;11
3833;9;22028106;3833;418;4817;4828;5.76;0.35;274.62;4.57;984;9;1634.00;11
3833;9;22028121;3833;413;4818;4829;5.86;0.36;274.62;4.57;985;9;1635.00;11
3833;9;22028138;3833;411;4818;4830;5.92;0.36;274.62;4.57;985;9;1636.00;12
3833;9;22028157;3833;401;4818;4830;6.01;0.37;274.62;4.57;985;9;1637.00;12
3834;9;22028175;3834;390;4820;4833;6.09;0.37;274.57;4.56;986;9;1638.00;13
3835;9;22028197;3835;385;4820;4833;6.17;0.37;274.57;4.56;985;9;1639.00;13
3837;9;22028215;3837;375;4821;4833;6.24;0.38;274.63;4.56;984;9;1640.00;12
3840;9;22028230;3840;374;4821;4833;6.32;0.38;274.69;4.56;981;9;1641.00;12
3841;9;22028252;3841;369;4826;4839;6.42;0.39;274.70;4.56;985;9;1642.00;13
3842;9;22028267;3842;367;4826;4839;6.44;0.39;274.71;4.56;984;9;1643.00;13
3843;9;22028282;3843;355;4826;4839;6.50;0.39;274.70;4.56;983;9;1644.00;13
3846;9;22028298;3846;356;4826;4839;6.58;0.40;274.71;4.56;980;9;1645.00;13
3846;9;22028313;3846;350;4829;4843;6.62;0.40;274.71;4.56;983;9;1646.00;14
3849;9;22028327;3849;345;4830;4844;6.68;0.40;274.73;4.56;981;9;1647.00;14
3850;9;22028342;3850;337;4830;4844;6.74;0.41;274.66;4.56;980;9;1648.00;14
3851;9;22028358;3851;337;4831;4845;6.84;0.41;274.65;4.56;980;9;1649.00;14
3852;9;22028384;3852;334;4831;4845;6.90;0.42;274.60;4.56;979;9;1650.00;14
3854;10;22028399;3854;330;4831;4845;6.91;0.42;274.63;4.56;977;10;1651.00;14
3854;10;22028433;3854;331;4831;4845;6.99;0.42;274.63;4.56;977;10;1652.00;14
3856;10;22028448;3856;331;4831;4845;7.05;0.43;274.67;4.56;975;10;1653.00;14
3856;10;22028462;3856;333;4831;4845;7.13;0.43;274.67;4.56;975;10;1654.00;14
3858;10;22028476;3858;328;4831;4845;7.15;0.43;274.62;4.56;973;10;1655.00;14
3860;10;22028498;3860;340;4869;4915;7.20;0.44;274.66;4.52;1009;10;1656.00;46
3864;10;22028519;3864;326;4869;4916;7.31;0.44;274.75;4.52;1005;10;1657.00;47
3865;10;22028534;3865;323;4876;4916;7.39;0.45;274.83;4.52;1011;10;1658.00;40
3869;10;22028549;3869;318;4880;4916;7.41;0.45;274.92;4.52;1011;10;1659.00;36
3869;10;22028564;3869;314;4883;4916;7.44;0.45;274.92;4.51;1014;10;1660.00;33
3872;10;22028578;3872;316;4885;4916;7.49;0.45;274.95;4.52;1013;10;1661.00;31
3873;10;22028592;3873;313;4888;4916;7.53;0.46;274.91;4.52;1015;10;1662.00;28
3875;10;22028608;3875;315;4891;4916;7.57;0.46;274.97;4.52;1016;10;1663.00;25
3882;10;22028623;3882;323;4894;4917;7.57;0.46;275.14;4.52;1012;10;1664.00;23
3882;10;22028639;3882;314;4896;4919;7.60;0.46;275.14;4.52;1014;10;1665.00;23
3884;10;22028655;3884;311;4898;4919;7.65;0.46;275.25;4.52;1014;10;1666.00;21
3886;10;22028671;3886;301;4902;4923;7.71;0.47;275.33;4.52;1016;10;1667.00;21
3888;10;22028687;3888;297;4903;4923;7.76;0.47;275.36;4.52;1015;10;1668.00;20
3891;10;22028702;3891;288;4903;4923;7.76;0.47;275.31;4.52;1012;10;1669.00;20
3891;10;22028718;3891;286;4903;4923;7.82;0.47;275.31;4.52;1012;10;1670.00;20
3893;10;22028733;3893;279;4907;4929;7.89;0.48;275.22;4.52;1014;10;1671.00;22
3897;10;22028749;3897;277;4907;4929;7.93;0.48;275.34;4.52;1010;10;1672.00;22
3899;10;22028772;3899;276;4907;4929;7.94;0.48;275.41;4.52;1008;10;1673.00;22
3902;10;22028787;3902;275;4909;4932;7.99;0.48;275.48;4.51;1007;10;1674.00;23
3905;10;22028803;3905;276;4909;4932;8.02;0.49;275.51;4.51;1004;10;1675.00;23
3906;10;22028819;3906;272;4910;4932;8.01;0.49;275.56;4.51;1004;10;1676.00;22
3908;10;22028833;3908;269;4910;4933;7.98;0.48;275.54;4.51;1002;10;1677.00;23
3911;10;22028850;3911;270;4911;4934;7.93;0.48;275.71;4.51;1000;10;1678.00;23
3916;10;22028865;3916;268;4911;4934;7.84;0.47;276.02;4.51;995;10;1679.00;23
3921;10;22028890;3921;268;4930;4960;7.74;0.47;276.01;4.50;1009;10;1680.00;30
3923;10;22028907;3923;259;4932;4960;7.68;0.46;276.12;4.51;1009;10;1681.00;28
3929;10;22028922;3929;253;4934;4960;7.57;0.46;276.43;4.53;1005;10;1682.00;26
3930;10;22028937;3930;246;4936;4961;7.61;0.46;276.56;4.53;1006;10;1683.00;25
3932;10;22028957;3932;244;4936;4961;7.64;0.46;276.55;4.53;1004;10;1684.00;25
3932;10;22028981;3932;241;4939;4965;7.68;0.47;276.55;4.52;1007;10;1685.00;26
3935;10;22029003;3935;238;4939;4965;7.66;0.46;276.66;4.52;1004;10;1686.00;26
3936;10;22029018;3936;237;4942;4969;7.63;0.46;276.72;4.52;1006;10;1687.00;27
3938;10;22029040;3938;239;4942;4969;7.70;0.47;276.74;4.52;1004;10;1688.00;27
3939;10;22029055;3939;236;4942;4969;7.70;0.47;276.83;4.52;1003;10;1689.00;27
3942;10;22029070;3942;234;4942;4969;7.72;0.47;276.77;4.52;1000;10;1690.00;27
3943;10;22029085;3943;233;4942;4969;7.74;0.47;276.87;4.52;999;10;1691.00;27
3946;10;22029100;3946;225;4951;4981;7.77;0.47;276.90;4.51;1005;10;1692.00;30
3950;10;22029115;3950;224;4952;4981;7.80;0.47;277.11;4.51;1002;10;1693.00;29
3952;10;22029140;3952;224;4954;4981;7.89;0.48;277.07;4.53;1002;10;1694.00;27
3954;10;22029158;3954;224;4954;4981;8.00;0.49;277.31;4.53;1000;10;1695.00;27
3959;10;22029172;3959;224;4954;4981;8.01;0.49;277.33;4.53;995;10;1696.00;27
3961;10;22029188;3961;230;4954;4981;8.04;0.49;277.30;4.53;993;10;1697.00;27
3964;10;22029203;3964;233;4955;4982;8.09;0.49;277.40;4.53;991;10;1698.00;27
3968;10;22029219;3968;232;4955;4982;8.09;0.49;277.46;4.53;987;10;1699.00;27
3969;10;22029234;3969;232;4960;4988;8.09;0.49;277.57;4.54;991;10;1700.00;28
3969;10;22029255;3969;235;4964;4989;8.12;0.49;277.57;4.56;995;10;1701.00;25
3972;10;22029271;3972;243;4964;4989;8.09;0.49;277.65;4.56;992;10;1702.00;25
3977;10;22029286;3977;245;4965;4989;7.99;0.49;277.94;4.56;988;10;1703.00;24
3978;10;22029301;3978;245;4969;4993;8.01;0.49;277.93;4.56;991;10;1704.00;24
3982;10;22029317;3982;247;4971;4993;7.94;0.48;278.02;4.59;989;10;1705.00;22
3984;10;22029332;3984;248;4971;4993;7.97;0.49;278.06;4.59;987;10;1706.00;22
3986;10;22029347;3986;255;4973;4994;7.98;0.49;278.29;4.61;987;10;1707.00;21
3989;10;22029362;3989;254;4977;4998;7.95;0.49;278.31;4.62;988;10;1708.00;21
3993;10;22029377;3993;262;4977;4998;7.97;0.49;278.37;4.62;984;10;1709.00;21
3996;10;22029394;3996;257;4982;5004;8.04;0.49;278.26;4.63;986;10;1710.00;22
3999;10;22029410;3999;257;4984;5004;7.99;0.49;278.46;4.65;985;10;1711.00;20
4002;10;22029424;4002;259;4985;5004;7.98;0.49;278.52;4.65;983;10;1712.00;19
4002;10;22029439;4002;256;4987;5004;7.96;0.49;278.52;4.67;985;10;1713.00;17
4006;10;22029453;4006;256;4991;5008;7.94;0.48;278.64;4.67;985;10;1714.00;17
4006;10;22029469;4006;255;4992;5008;7.90;0.48;278.64;4.69;986;10;1715.00;16
4008;10;22029484;4008;257;4993;5008;7.84;0.48;278.65;4.70;985;10;1716.00;15
4010;10;22029500;4010;258;4994;5008;7.85;0.48;278.64;4.71;984;10;1717.00;14
4016;10;22029514;4016;260;4995;5009;7.80;0.48;278.60;4.71;979;10;1718.00;14
4020;10;22029529;4020;267;4997;5010;7.78;0.48;278.66;4.73;977;10;1719.00;13
4022;10;22029542;4022;272;4998;5010;7.74;0.47;278.70;4.74;976;10;1720.00;12
4027;10;22029556;4027;271;4999;5011;7.65;0.47;278.90;4.74;972;10;1721.00;12
4032;10;22029571;4032;273;4999;5011;7.55;0.46;279.02;4.74;967;10;1722.00;12
4037;10;22029596;4037;274;5000;5011;7.46;0.45;279.01;4.75;963;10;1723.00;11
4039;10;22029611;4039;271;5000;5011;7.43;0.45;278.99;4.75;961;10;1724.00;11
4042;10;22029623;4042;271;5003;5011;7.41;0.45;279.03;4.78;961;10;1725.00;8
4044;10;22029638;4044;272;5004;5011;7.43;0.45;279.08;4.79;960;10;1726.00;7
4046;10;22029652;4046;272;5006;5011;7.43;0.45;279.07;4.81;960;10;1727.00;5
4049;10;22029667;4049;290;5073;5138;7.52;0.47;279.20;4.74;1024;10;1728.00;65
4052;10;22029693;4052;280;5077;5139;7.52;0.46;279.20;4.74;1025;10;1729.00;62
4054;10;22029707;4054;277;5086;5139;7.57;0.47;279.31;4.74;1032;10;1730.00;53
4058;10;22029722;4058;277;5089;5139;7.57;0.47;279.51;4.75;1031;10;1731.00;50
4061;10;22029736;4061;279;5095;5139;7.60;0.47;279.50;4.75;1034;10;1732.00;44
4065;10;22029751;4065;273;5096;5139;7.54;0.46;279.51;4.75;1031;10;1733.00;43
4066;10;22029767;4066;276;5097;5139;7.53;0.46;279.51;4.75;1031;10;1734.00;42
4070;10;22029782;4070;278;5102;5139;7.56;0.46;279.58;4.76;1032;10;1735.00;37
4072;10;22029797;4072;281;5103;5140;7.60;0.47;279.62;4.76;1031;10;1736.00;37
4078;10;22029812;4078;290;5108;5141;7.57;0.46;279.76;4.77;1030;10;1737.00;33
4080;10;22029825;4080;290;5110;5141;7.51;0.46;279.76;4.77;1030;10;1738.00;31
4082;10;22029839;4082;291;5114;5142;7.50;0.46;279.80;4.77;1032;10;1739.00;28
4083;10;22029855;4083;288;5118;5142;7.45;0.46;279.86;4.78;1035;10;1740.00;24
4088;10;22029878;4088;296;5121;5142;7.33;0.45;279.90;4.78;1033;10;1741.00;21
4095;10;22029891;4095;298;5123;5142;7.19;0.44;279.79;4.79;1028;10;1742.00;19
4099;10;22029906;4099;315;5131;5146;7.11;0.44;279.85;4.79;1032;10;1743.00;15
4102;10;22029920;4102;330;5134;5146;6.99;0.43;279.97;4.80;1032;10;1744.00;12
4105;10;22029935;4105;337;5139;5146;6.85;0.42;280.03;4.81;1034;10;1745.00;7
4107;10;22029949;4107;341;5141;5149;6.78;0.42;280.13;4.81;1034;10;1746.00;8
4109;10;22029963;4109;343;5143;5149;6.71;0.41;280.08;4.81;1034;10;1747.00;6
4114;10;22029975;4114;348;5145;5149;6.50;0.40;280.11;4.82;1031;10;1748.00;4
4117;10;22029989;4117;356;5149;5153;6.36;0.39;280.08;4.82;1032;10;1749.00;4
4124;10;22030011;4124;342;5150;5154;6.24;0.38;280.16;4.82;1026;10;1750.00;4
4128;10;22030024;4128;342;5152;5154;6.16;0.38;280.13;4.82;1024;10;1751.00;2
4133;10;22030037;4133;336;5156;5158;6.13;0.38;280.13;4.82;1023;10;1752.00;2
4139;10;22030052;4139;339;5157;5158;6.06;0.37;280.29;4.82;1018;10;1753.00;1
4142;10;22030066;4142;347;5157;5158;6.05;0.37;280.42;4.82;1015;10;1754.00;1
4143;10;22030079;4143;353;5160;5160;6.07;0.37;280.41;4.82;1017;10;1755.00;0
4148;10;22030092;4148;358;5160;5160;6.01;0.37;280.51;4.82;1012;10;1756.00;0
4152;10;22030115;4152;355;5166;5166;6.02;0.37;280.54;4.81;1014;10;1757.00;0
4153;10;22030130;4153;352;5166;5166;6.04;0.37;280.51;4.81;1013;10;1758.00;0
4157;10;22030142;4157;354;5167;5167;6.01;0.37;280.78;4.81;1010;10;1759.00;0
4158;10;22030157;4158;353;5167;5167;5.99;0.37;280.76;4.81;1009;10;1760.00;0
4163;10;22030171;4163;352;5167;5167;5.94;0.36;281.07;4.81;1004;10;1761.00;0
4166;10;22030186;4166;359;5167;5167;5.92;0.36;281.04;4.81;1001;10;1762.00;0
4168;10;22030199;4168;353;5167;5167;5.86;0.36;281.05;4.81;999;10;1763.00;0
4171;10;22030214;4171;356;5177;5179;5.92;0.36;281.16;4.80;1006;10;1764.00;2
4176;10;22030231;4176;360;5177;5179;5.88;0.36;281.16;4.80;1001;10;1765.00;2
4178;10;22030244;4178;367;5179;5179;5.89;0.36;281.17;4.80;1001;10;1766.00;0
4181;10;22030256;4181;371;5179;5179;5.85;0.36;281.22;4.80;998;10;1767.00;0
4186;10;22030269;4186;375;5179;5179;5.75;0.35;281.15;4.80;993;10;1768.00;0
4189;10;22030284;4189;381;5179;5179;5.72;0.35;281.08;4.80;990;10;1769.00;0
4195;10;22030302;4195;384;5183;5183;5.62;0.34;280.97;4.80;988;10;1770.00;0
4198;10;22030318;4198;397;5183;5183;5.58;0.34;281.06;4.80;985;10;1771.00;0
4201;10;22030336;4201;404;5187;5187;5.58;0.34;281.01;4.80;986;10;1772.00;0
4205;10;22030354;4205;412;5188;5188;5.55;0.34;281.16;4.79;983;10;1773.00;0
4208;10;22030370;4208;416;5188;5188;5.50;0.34;281.09;4.79;980;10;1774.00;0
4211;10;22030385;4211;423;5188;5188;5.40;0.33;281.12;4.79;977;10;1775.00;0
4215;10;22030399;4215;426;5199;5201;5.41;0.33;281.08;4.78;984;10;1776.00;2
4218;10;22030414;4218;426;5199;5201;5.35;0.33;281.05;4.78;981;10;1777.00;2
4222;10;22030427;4222;426;5199;5201;5.29;0.33;280.95;4.78;977;10;1778.00;2
4227;10;22030439;4227;429;5200;5202;5.25;0.32;280.91;4.78;973;10;1779.00;2
4234;10;22030452;4234;434;5200;5203;5.20;0.32;280.75;4.78;966;10;1780.00;3
4236;10;22030466;4236;435;5200;5203;5.23;0.32;280.79;4.78;964;10;1781.00;3
4240;10;22030479;4240;443;5202;5206;5.22;0.32;280.93;4.78;962;10;1782.00;4
4243;10;22030491;4243;449;5202;5206;5.21;0.32;280.99;4.78;959;10;1783.00;4
4246;10;22030504;4246;448;5203;5206;5.19;0.32;280.97;4.78;957;10;1784.00;3
4250;10;22030517;4250;455;5203;5206;5.16;0.32;280.81;4.78;953;10;1785.00;3
4252;10;22030530;4252;456;5208;5212;5.25;0.32;280.71;4.78;956;10;1786.00;4
4256;10;22030542;4256;462;5208;5212;5.29;0.32;280.77;4.78;952;10;1787.00;4
4259;10;22030555;4259;465;5208;5212;5.28;0.32;280.78;4.78;949;10;1788.00;4
4261;10;22030568;4261;469;5208;5212;5.25;0.32;280.82;4.78;947;10;1789.00;4
4266;10;22030580;4266;475;5211;5216;5.22;0.32;280.94;4.78;945;10;1790.00;5
4269;10;22030594;4269;478;5212;5217;5.16;0.31;281.05;4.77;943;10;1791.00;5
4273;10;22030606;4273;475;5212;5217;5.08;0.31;281.04;4.77;939;10;1792.00;5
4276;10;22030619;4276;482;5213;5218;5.05;0.31;281.00;4.77;937;10;1793.00;5
4280;10;22030631;4280;467;5213;5218;4.97;0.30;281.10;4.77;933;10;1794.00;5
4281;10;22030645;4281;465;5213;5218;4.94;0.30;281.08;4.77;932;10;1795.00;5
4284;10;22030657;4284;460;5213;5218;4.91;0.30;281.19;4.77;929;10;1796.00;5
4286;10;22030670;4286;445;5213;5218;4.93;0.30;281.24;4.77;927;10;1797.00;5
4287;10;22030683;4287;433;5213;5218;5.02;0.30;281.29;4.77;926;10;1798.00;5
4288;10;22030703;4288;422;5213;5218;5.14;0.31;281.31;4.77;925;10;1799.00;5
4291;10;22030719;4291;427;5290;5356;5.57;0.34;281.33;4.70;999;10;1800.00;66
4293;10;22030761;4293;411;5295;5357;5.68;0.35;281.38;4.70;1002;10;1801.00;62
4295;10;22030775;4295;400;5303;5357;5.83;0.36;281.36;4.70;1008;10;1802.00;54
4295;10;22030789;4295;385;5305;5357;6.01;0.37;281.36;4.70;1010;10;1803.00;52
4297;10;22030810;4297;384;5309;5357;6.09;0.37;281.37;4.70;1012;10;1804.00;48
4299;10;22030824;4299;377;5310;5357;6.15;0.38;281.49;4.70;1011;10;1805.00;47
4300;10;22030838;4300;356;5315;5357;6.23;0.38;281.51;4.70;1015;10;1806.00;42
4302;10;22030861;4302;346;5317;5357;6.26;0.38;281.53;4.70;1015;10;1807.00;40
4304;10;22030875;4304;338;5321;5358;6.31;0.39;281.53;4.70;1017;10;1808.00;37
4305;10;22030890;4305;334;5326;5359;6.34;0.39;281.57;4.70;1021;10;1809.00;33
4307;10;22030905;4307;333;5328;5359;6.34;0.39;281.65;4.71;1021;10;1810.00;31
4307;10;22030920;4307;332;5333;5363;6.29;0.38;281.65;4.71;1026;10;1811.00;30
4307;10;22030936;4307;331;5334;5363;6.34;0.39;281.65;4.71;1027;10;1812.00;29
4307;10;22030951;4307;342;5337;5363;6.45;0.39;281.65;4.71;1030;10;1813.00;26
4309;10;22030966;4309;348;5338;5363;6.51;0.40;281.82;4.71;1029;10;1814.00;25
4313;10;22030981;4313;356;5343;5369;6.47;0.40;281.92;4.71;1030;10;1815.00;26
4314;10;22030998;4314;357;5345;5369;6.51;0.40;281.91;4.72;1031;10;1816.00;24
4314;10;22031014;4314;358;5346;5369;6.57;0.40;281.91;4.72;1032;10;1817.00;23
4319;10;22031030;4319;356;5349;5372;6.59;0.40;281.93;4.72;1030;10;1818.00;23
4322;10;22031052;4322;355;5350;5372;6.65;0.41;282.07;4.72;1028;10;1819.00;22
4326;10;22031069;4326;347;5350;5372;6.74;0.41;282.33;4.72;1024;10;1820.00;22
4329;10;22031085;4329;341;5351;5373;6.77;0.41;282.25;4.72;1022;10;1821.00;22
4333;10;22031102;4333;340;5352;5374;6.89;0.42;282.40;4.72;1019;10;1822.00;22
4335;10;22031118;4335;334;5352;5374;6.96;0.42;282.40;4.72;1017;10;1823.00;22
4340;10;22031135;4340;326;5359;5387;7.03;0.43;282.59;4.71;1019;10;1824.00;28
4340;10;22031154;4340;329;5360;5387;7.12;0.43;282.59;4.71;1020;10;1825.00;27
4344;10;22031170;4344;330;5361;5387;7.17;0.44;282.77;4.71;1017;10;1826.00;26
4345;10;22031188;4345;332;5364;5388;7.29;0.44;282.79;4.72;1019;10;1827.00;24
4347;10;22031202;4347;333;5364;5388;7.38;0.45;282.90;4.72;1017;10;1828.00;24
4349;10;22031219;4349;334;5367;5392;7.38;0.45;283.01;4.72;1018;10;1829.00;25
4349;10;22031236;4349;333;5367;5392;7.40;0.45;283.01;4.72;1018;10;1830.00;25
4355;10;22031252;4355;340;5373;5396;7.30;0.45;283.19;4.71;1018;10;1831.00;23
4359;10;22031278;4359;336;5373;5396;7.30;0.44;283.31;4.71;1014;10;1832.00;23
4360;10;22031296;4360;340;5373;5396;7.28;0.44;283.39;4.71;1013;10;1833.00;23
4364;10;22031312;4364;334;5373;5396;7.26;0.44;283.50;4.71;1009;10;1834.00;23
4365;10;22031329;4365;339;5374;5396;7.30;0.44;283.62;4.72;1009;10;1835.00;22
4369;10;22031347;4369;342;5383;5408;7.29;0.44;283.59;4.71;1014;10;1836.00;25
4369;10;22031366;4369;344;5383;5408;7.29;0.44;283.59;4.71;1014;10;1837.00;25
4371;10;22031382;4371;346;5385;5408;7.33;0.45;283.55;4.71;1014;10;1838.00;23
4373;10;22031399;4373;350;5385;5408;7.32;0.45;283.54;4.71;1012;10;1839.00;23
4375;10;22031416;4375;342;5385;5408;7.33;0.45;283.69;4.71;1010;10;1840.00;23
4377;10;22031431;4377;339;5386;5408;7.29;0.44;283.79;4.72;1009;10;1841.00;22
4381;10;22031447;4381;328;5386;5409;7.25;0.44;283.99;4.72;1005;10;1842.00;23
4383;10;22031462;4383;321;5386;5409;7.27;0.44;284.07;4.72;1003;10;1843.00;23
4387;10;22031475;4387;317;5391;5415;7.33;0.45;284.19;4.71;1004;10;1844.00;24
4390;10;22031491;4390;310;5393;5417;7.34;0.45;284.34;4.71;1003;10;1845.00;24
4393;10;22031515;4393;305;5393;5417;7.32;0.45;284.37;4.71;1000;10;1846.00;24
4399;10;22031529;4399;299;5393;5417;7.32;0.45;284.59;4.71;994;10;1847.00;24
4400;10;22031545;4400;296;5396;5421;7.40;0.45;284.66;4.71;996;10;1848.00;25
4405;10;22031561;4405;295;5396;5421;7.32;0.44;284.87;4.71;991;10;1849.00;25
4409;10;22031574;4409;293;5396;5421;7.32;0.44;284.96;4.71;987;10;1850.00;25
4410;10;22031589;4410;285;5397;5422;7.31;0.44;284.96;4.71;987;10;1851.00;25
4415;10;22031604;4415;287;5400;5426;7.20;0.44;284.97;4.71;985;10;1852.00;26
4416;10;22031620;4416;289;5400;5426;7.24;0.44;285.00;4.71;984;10;1853.00;26
4421;10;22031637;4421;288;5402;5429;7.21;0.44;285.06;4.70;981;10;1854.00;27
4421;10;22031653;4421;280;5405;5429;7.17;0.44;285.06;4.73;984;10;1855.00;24
4424;10;22031669;4424;273;5405;5429;7.14;0.43;285.17;4.73;981;10;1856.00;24
4427;10;22031684;4427;268;5405;5429;7.08;0.43;285.16;4.73;978;10;1857.00;24
4429;10;22031699;4429;258;5409;5433;7.06;0.43;285.16;4.73;980;10;1858.00;24
4431;10;22031715;4431;257;5409;5433;7.07;0.43;285.25;4.73;978;10;1859.00;24
4432;10;22031733;4432;253;5409;5433;7.03;0.43;285.31;4.73;977;10;1860.00;24
4432;10;22031750;4432;249;5409;5433;7.02;0.43;285.31;4.73;977;10;1861.00;24
4434;10;22031765;4434;246;5409;5434;7.07;0.43;285.31;4.73;975;10;1862.00;25
4439;10;22031781;4439;253;5410;5435;7.07;0.43;285.37;4.73;971;10;1863.00;25
4441;10;22031798;4441;249;5410;5435;7.09;0.43;285.47;4.73;969;10;1864.00;25
4443;10;22031813;4443;247;5411;5436;7.12;0.43;285.56;4.73;968;10;1865.00;25
4448;10;22031830;4448;243;5411;5436;7.24;0.44;285.59;4.73;963;10;1866.00;25
4452;10;22031846;4452;241;5411;5436;7.28;0.44;285.75;4.73;959;10;1867.00;25
4454;10;22031860;4454;246;5411;5436;7.32;0.44;285.77;4.73;957;10;1868.00;25
4459;10;22031877;4459;246;5411;5436;7.34;0.45;285.80;4.73;952;10;1869.00;25
4460;10;22031894;4460;242;5411;5436;7.40;0.45;285.83;4.73;951;10;1870.00;25
4462;10;22031911;4462;235;5411;5436;7.43;0.45;285.96;4.73;949;10;1871.00;25
4465;10;22031927;4465;248;5477;5563;7.52;0.46;285.93;4.68;1012;10;1872.00;86
4465;10;22031954;4465;235;5480;5564;7.56;0.47;285.93;4.68;1015;10;1873.00;84
4469;10;22031971;4469;226;5487;5564;7.54;0.46;285.96;4.68;1018;10;1874.00;77
4472;10;22031988;4472;226;5488;5564;7.55;0.46;286.02;4.68;1016;10;1875.00;76
4474;10;22032005;4474;227;5494;5564;7.63;0.47;285.94;4.68;1020;10;1876.00;70
4478;10;22032020;4478;227;5495;5564;7.65;0.47;286.14;4.68;1017;10;1877.00;69
4478;10;22032037;4478;221;5499;5564;7.74;0.48;286.14;4.68;1021;10;1878.00;65
4479;10;22032054;4479;222;5502;5564;7.81;0.48;286.23;4.68;1023;10;1879.00;62
4482;10;22032070;4482;219;5508;5565;7.87;0.48;286.20;4.72;1026;10;1880.00;57
4485;10;22032086;4485;223;5512;5566;7.92;0.49;286.25;4.72;1027;10;1881.00;54
4486;10;22032103;4486;223;5518;5568;7.98;0.49;286.34;4.73;1032;10;1882.00;50
4488;10;22032120;4488;217;5521;5569;7.99;0.49;286.35;4.75;1033;10;1883.00;48
4495;10;22032136;4495;225;5526;5569;7.95;0.49;286.58;4.76;1031;10;1884.00;43
4501;11;22032153;4501;232;5530;5569;7.91;0.48;286.67;4.78;1029;11;1885.00;39
4504;11;22032188;4504;229;5533;5569;7.90;0.48;286.62;4.81;1029;11;1886.00;36
4507;11;22032204;4507;237;5540;5573;7.84;0.48;286.69;4.83;1033;11;1887.00;33
4513;11;22032220;4513;240;5542;5573;7.77;0.47;286.75;4.84;1029;11;1888.00;31
4515;11;22032236;4515;247;5544;5573;7.73;0.47;286.75;4.86;1029;11;1889.00;29
4517;11;22032254;4517;250;5549;5579;7.61;0.46;286.78;4.88;1032;11;1890.00;30
4518;11;22032270;4518;255;5552;5579;7.47;0.46;286.88;4.89;1034;11;1891.00;27
4520;11;22032287;4520;264;5553;5579;7.38;0.45;286.94;4.90;1033;11;1892.00;26
4522;11;22032304;4522;272;5556;5583;7.25;0.45;287.00;4.90;1034;11;1893.00;27
4524;11;22032320;4524;277;5558;5584;7.21;0.44;287.05;4.90;1034;11;1894.00;26
4527;11;22032338;4527;284;5562;5584;7.15;0.44;287.10;4.95;1035;11;1895.00;22
4531;11;22032354;4531;285;5567;5588;7.12;0.44;287.02;4.95;1036;11;1896.00;21
4531;11;22032370;4531;288;5570;5588;7.12;0.44;287.02;4.97;1039;11;1897.00;18
4534;11;22032386;4534;294;5571;5588;7.07;0.44;287.07;4.98;1037;11;1898.00;17
4536;11;22032410;4536;294;5573;5589;7.06;0.44;287.13;4.99;1037;11;1899.00;16
4538;11;22032428;4538;296;5575;5589;7.00;0.43;287.17;5.00;1037;11;1900.00;14
4540;11;22032453;4540;296;5581;5595;7.01;0.43;287.10;5.00;1041;11;1901.00;14
4544;11;22032469;4544;302;5583;5595;6.94;0.43;287.18;5.01;1039;11;1902.00;12
4548;11;22032483;4548;305;5583;5596;6.95;0.43;287.21;5.01;1035;11;1903.00;13
4550;11;22032499;4550;304;5584;5596;6.92;0.43;287.33;5.02;1034;11;1904.00;12
4551;11;22032513;4551;306;5584;5596;6.96;0.43;287.44;5.02;1033;11;1905.00;12
4554;11;22032526;4554;305;5585;5596;6.94;0.43;287.51;5.02;1031;11;1906.00;11
4560;11;22032540;4560;309;5586;5596;6.93;0.43;287.61;5.03;1026;11;1907.00;10
4564;11;22032556;4564;318;5596;5608;6.92;0.43;287.58;5.02;1032;11;1908.00;12
4566;11;22032572;4566;324;5597;5608;6.89;0.42;287.49;5.03;1031;11;1909.00;11
4567;11;22032588;4567;322;5599;5608;6.95;0.43;287.61;5.03;1032;11;1910.00;9
4570;11;22032603;4570;323;5599;5608;6.95;0.43;287.63;5.03;1029;11;1911.00;9
4576;11;22032617;4576;327;5600;5608;6.88;0.42;287.87;5.04;1024;11;1912.00;8
4579;11;22032632;4579;334;5601;5608;6.86;0.42;287.76;5.05;1022;11;1913.00;7
4583;11;22032648;4583;334;5605;5612;6.83;0.42;287.79;5.05;1022;11;1914.00;7
4590;11;22032662;4590;346;5606;5612;6.73;0.41;287.74;5.06;1016;11;1915.00;6
4593;11;22032676;4593;352;5610;5616;6.69;0.41;287.85;5.06;1017;11;1916.00;6
4597;11;22032692;4597;358;5612;5617;6.57;0.40;287.79;5.06;1015;11;1917.00;5
4600;11;22032706;4600;361;5613;5617;6.45;0.40;287.97;5.06;1013;11;1918.00;4
4608;11;22032721;4608;363;5614;5617;6.27;0.39;287.84;5.07;1006;11;1919.00;3
4612;11;22032737;4612;373;5637;5646;6.15;0.38;287.76;5.05;1025;11;1920.00;9
4614;11;22032754;4614;367;5638;5646;6.07;0.37;287.74;5.05;1024;11;1921.00;8
4618;11;22032767;4618;371;5642;5646;6.00;0.37;287.66;5.05;1024;11;1922.00;4
4618;11;22032780;4618;377;5644;5647;5.96;0.37;287.66;5.05;1026;11;1923.00;3
4625;11;22032790;4625;379;5645;5648;5.85;0.36;287.65;5.05;1020;11;1924.00;3
4632;11;22032803;4632;367;5646;5648;5.78;0.36;287.71;5.05;1014;11;1925.00;2
4636;11;22032817;4636;367;5649;5651;5.80;0.36;287.62;5.05;1013;11;1926.00;2
4641;11;22032831;4641;366;5649;5651;5.78;0.36;287.61;5.05;1008;11;1927.00;2
4644;11;22032841;4644;366;5649;5651;5.78;0.36;287.61;5.05;1005;11;1928.00;2
4648;11;22032854;4648;371;5649;5651;5.79;0.36;287.56;5.05;1001;11;1929.00;2
4651;11;22032867;4651;377;5654;5657;5.85;0.36;287.55;5.04;1003;11;1930.00;3
4654;11;22032881;4654;379;5654;5657;5.82;0.36;287.64;5.04;1000;11;1931.00;3
4657;11;22032895;4657;383;5654;5657;5.76;0.35;287.49;5.04;997;11;1932.00;3
4659;11;22032912;4659;380;5654;5657;5.73;0.35;287.55;5.04;995;11;1933.00;3
4662;11;22032927;4662;377;5657;5661;5.57;0.34;287.56;5.04;995;11;1934.00;4
4666;11;22032948;4666;370;5659;5663;5.49;0.34;287.55;5.04;993;11;1935.00;4
4672;11;22032962;4672;374;5659;5663;5.34;0.33;287.43;5.04;987;11;1936.00;4
4674;11;22032979;4674;381;5660;5664;5.26;0.32;287.55;5.04;986;11;1937.00;4
4678;11;22033003;4678;385;5660;5664;5.18;0.32;287.55;5.04;982;11;1938.00;4
4678;11;22033017;4678;395;5660;5664;5.14;0.32;287.55;5.04;982;11;1939.00;4
4683;11;22033033;4683;407;5660;5664;5.08;0.31;287.53;5.04;977;11;1940.00;4
4685;11;22033047;4685;416;5660;5664;5.03;0.31;287.52;5.04;975;11;1941.00;4
4687;11;22033062;4687;416;5660;5664;4.97;0.31;287.53;5.04;973;11;1942.00;4
4689;11;22033075;4689;420;5660;5664;4.91;0.30;287.53;5.04;971;11;1943.00;4
4693;11;22033090;4693;426;5697;5734;5.04;0.31;287.49;5.00;1004;11;1944.00;37
4696;11;22033123;4696;427;5698;5735;4.98;0.31;287.54;5.00;1002;11;1945.00;37
4700;11;22033138;4700;428;5707;5735;5.04;0.31;287.44;5.00;1007;11;1946.00;28
4703;11;22033151;4703;435;5708;5735;5.05;0.31;287.55;5.00;1005;11;1947.00;27
4706;11;22033164;4706;437;5712;5735;5.03;0.31;287.58;5.00;1006;11;1948.00;23
4708;11;22033175;4708;441;5712;5735;5.05;0.31;287.59;5.00;1004;11;1949.00;23
4714;11;22033190;4714;451;5717;5737;5.05;0.31;287.83;5.00;1003;11;1950.00;20
4717;11;22033204;4717;449;5718;5737;5.10;0.31;287.84;5.00;1001;11;1951.00;19
4721;11;22033217;4721;444;5719;5738;5.13;0.32;287.84;5.00;998;11;1952.00;19
4724;11;22033231;4724;442;5721;5739;5.16;0.32;287.89;5.00;997;11;1953.00;18
4727;11;22033244;4727;436;5722;5739;5.15;0.32;287.89;5.00;995;11;1954.00;17
4731;11;22033257;4731;429;5729;5743;5.19;0.32;287.86;5.00;998;11;1955.00;14
4736;11;22033271;4736;434;5731;5743;5.26;0.32;287.76;5.00;995;11;1956.00;12
4738;11;22033286;4738;436;5733;5743;5.38;0.33;287.81;5.01;995;11;1957.00;10
4742;11;22033310;4742;438;5734;5743;5.45;0.33;287.79;5.01;992;11;1958.00;9
4746;11;22033324;4746;436;5739;5749;5.52;0.34;287.69;5.00;993;11;1959.00;10
4747;11;22033338;4747;434;5739;5749;5.56;0.34;287.71;5.00;992;11;1960.00;10
4752;11;22033353;4752;436;5739;5749;5.58;0.34;287.72;5.00;987;11;1961.00;10
4753;11;22033368;4753;440;5742;5752;5.65;0.35;287.74;5.00;989;11;1962.00;10
4755;11;22033384;4755;438;5742;5752;5.69;0.35;287.79;5.00;987;11;1963.00;10
4758;11;22033399;4758;436;5742;5752;5.69;0.35;287.78;5.00;984;11;1964.00;10
4759;11;22033422;4759;434;5742;5753;5.73;0.35;287.81;5.00;983;11;1965.00;11
4760;11;22033436;4760;425;5743;5754;5.73;0.35;287.76;5.00;983;11;1966.00;11
4763;11;22033451;4763;434;5743;5754;5.68;0.35;287.65;5.00;980;11;1967.00;11
4764;11;22033466;4764;435;5754;5767;5.74;0.35;287.64;4.99;990;11;1968.00;13
4764;11;22033480;4764;435;5754;5767;5.74;0.35;287.64;4.99;990;11;1969.00;13
4765;11;22033496;4765;441;5754;5767;5.71;0.35;287.63;4.99;989;11;1970.00;13
4766;11;22033510;4766;448;5755;5768;5.73;0.35;287.66;4.99;989;11;1971.00;13
4770;11;22033524;4770;439;5755;5768;5.73;0.35;287.56;4.99;985;11;1972.00;13
4772;11;22033539;4772;432;5759;5772;5.77;0.35;287.59;4.99;987;11;1973.00;13
4774;11;22033555;4774;431;5759;5772;5.75;0.35;287.62;4.99;985;11;1974.00;13
4775;11;22033570;4775;419;5762;5776;5.79;0.35;287.64;4.98;987;11;1975.00;14
4775;11;22033587;4775;413;5762;5776;5.81;0.35;287.64;4.98;987;11;1976.00;14
4779;11;22033606;4779;412;5762;5776;5.84;0.35;287.58;4.98;983;11;1977.00;14
4780;11;22033624;4780;411;5762;5776;5.89;0.36;287.68;4.98;982;11;1978.00;14
4783;11;22033639;4783;408;5762;5776;5.93;0.36;287.61;4.98;979;11;1979.00;14
4784;11;22033656;4784;409;5790;5810;6.10;0.37;287.71;4.96;1006;11;1980.00;20
4787;11;22033684;4787;395;5790;5810;6.15;0.38;287.89;4.96;1003;11;1981.00;20
4789;11;22033701;4789;388;5792;5810;6.24;0.38;287.96;4.96;1003;11;1982.00;18
4792;11;22033718;4792;378;5792;5810;6.28;0.38;288.06;4.96;1000;11;1983.00;18
4796;11;22033734;4796;376;5793;5810;6.37;0.39;288.13;4.96;997;11;1984.00;17
4797;11;22033751;4797;374;5793;5810;6.47;0.40;288.15;4.96;996;11;1985.00;17
4799;11;22033768;4799;374;5793;5811;6.50;0.40;288.18;4.96;994;11;1986.00;18
4803;11;22033785;4803;374;5793;5811;6.53;0.40;288.19;4.96;990;11;1987.00;18
4804;11;22033802;4804;375;5798;5817;6.57;0.40;288.20;4.96;994;11;1988.00;19
4807;11;22033819;4807;379;5799;5818;6.52;0.40;288.34;4.95;992;11;1989.00;19
4808;11;22033835;4808;383;5799;5818;6.56;0.40;288.42;4.95;991;11;1990.00;19
4809;11;22033851;4809;382;5799;5818;6.61;0.40;288.39;4.95;990;11;1991.00;19
4813;11;22033866;4813;377;5802;5822;6.55;0.40;288.60;4.95;989;11;1992.00;20
4816;11;22033881;4816;373;5802;5822;6.51;0.40;288.73;4.95;986;11;1993.00;20
4817;11;22033897;4817;362;5802;5822;6.46;0.39;288.73;4.95;985;11;1994.00;20
4819;11;22033911;4819;363;5803;5823;6.46;0.39;288.82;4.95;984;11;1995.00;20
4822;11;22033925;4822;364;5806;5827;6.43;0.39;288.88;4.95;984;11;1996.00;21
4825;11;22033940;4825;365;5806;5827;6.38;0.39;288.95;4.95;981;11;1997.00;21
4827;11;22033955;4827;371;5808;5830;6.41;0.39;289.02;4.95;981;11;1998.00;22
4829;11;22033969;4829;370;5808;5830;6.39;0.39;289.05;4.95;979;11;1999.00;22
4831;11;22033985;4831;371;5809;5830;6.41;0.39;289.04;4.95;978;11;2000.00;21
4831;11;22034004;4831;373;5809;5830;6.44;0.39;289.04;4.95;978;11;2001.00;21
4835;11;22034019;4835;364;5813;5834;6.52;0.40;289.15;4.94;978;11;2002.00;21
4838;11;22034035;4838;364;5813;5834;6.55;0.40;289.24;4.94;975;11;2003.00;21
4840;11;22034050;4840;368;5813;5834;6.60;0.40;289.32;4.94;973;11;2004.00;21
4841;11;22034066;4841;368;5813;5834;6.62;0.40;289.33;4.94;972;11;2005.00;21
4842;11;22034081;4842;364;5813;5835;6.68;0.41;289.39;4.94;971;11;2006.00;22
4847;11;22034097;4847;367;5814;5836;6.67;0.40;289.46;4.94;967;11;2007.00;22
4848;11;22034113;4848;370;5814;5836;6.68;0.41;289.49;4.94;966;11;2008.00;22
4850;11;22034128;4850;377;5815;5837;6.67;0.40;289.56;4.94;965;11;2009.00;22
4852;11;22034155;4852;377;5815;5837;6.66;0.40;289.70;4.94;963;11;2010.00;22
4855;11;22034171;4855;377;5815;5837;6.64;0.40;289.72;4.94;960;11;2011.00;22
4858;11;22034186;4858;375;5815;5837;6.70;0.41;289.73;4.94;957;11;2012.00;22
4863;11;22034202;4863;373;5815;5837;6.72;0.41;289.93;4.94;952;11;2013.00;22
4864;11;22034217;4864;368;5815;5837;6.75;0.41;289.96;4.94;951;11;2014.00;22
4865;11;22034234;4865;362;5815;5837;6.81;0.41;289.99;4.94;950;11;2015.00;22
4866;11;22034249;4866;390;5890;5964;6.85;0.42;290.07;4.88;1024;11;2016.00;74
4866;11;22034279;4866;368;5890;5965;6.91;0.43;290.07;4.88;1024;11;2017.00;75
4871;11;22034295;4871;346;5895;5965;6.97;0.43;290.28;4.88;1024;11;2018.00;70
4874;11;22034312;4874;337;5895;5965;7.02;0.43;290.28;4.88;1021;11;2019.00;70
4875;11;22034328;4875;335;5900;5965;7.13;0.44;290.31;4.88;1025;11;2020.00;65
4879;11;22034352;4879;334;5900;5965;7.13;0.44;290.50;4.88;1021;11;2021.00;65
4880;11;22034368;4880;325;5902;5965;7.18;0.44;290.55;4.88;1022;11;2022.00;63
4883;11;22034385;4883;328;5905;5965;7.23;0.44;290.72;4.88;1022;11;2023.00;60
4884;11;22034402;4884;328;5906;5966;7.25;0.44;290.75;4.88;1022;11;2024.00;60
4886;11;22034428;4886;327;5911;5968;7.26;0.44;290.78;4.88;1025;11;2025.00;57
4891;11;22034444;4891;329;5912;5968;7.19;0.44;290.70;4.88;1021;11;2026.00;56
4893;11;22034460;4893;320;5915;5969;7.15;0.44;290.82;4.89;1022;11;2027.00;54
4894;11;22034485;4894;325;5918;5969;7.05;0.43;290.85;4.89;1024;11;2028.00;51
4896;12;22034508;4896;311;5921;5969;6.97;0.43;290.93;4.89;1025;12;2029.00;48
4901;12;22034544;4901;307;5925;5969;6.87;0.42;291.10;4.92;1024;12;2030.00;44
4903;12;22034558;4903;301;5930;5973;6.80;0.42;291.16;4.93;1027;12;2031.00;43
4905;12;22034575;4905;297;5931;5973;6.75;0.41;291.26;4.94;1026;12;2032.00;42
4906;13;22034592;4906;290;5936;5973;6.73;0.41;291.28;4.94;1030;13;2033.00;37
4909;13;22034619;4909;287;5939;5976;6.75;0.41;291.41;4.94;1030;13;2034.00;37
4911;13;22034636;4911;287;5939;5976;6.73;0.41;291.45;4.94;1028;13;2035.00;37
4913;13;22034657;4913;289;5940;5976;6.80;0.41;291.47;4.95;1027;13;2036.00;36
4915;13;22034673;4915;284;5943;5980;6.81;0.42;291.58;4.94;1028;13;2037.00;37
4918;13;22034689;4918;293;5946;5981;6.85;0.42;291.58;4.95;1028;13;2038.00;35
4921;13;22034704;4921;291;5946;5981;6.94;0.42;291.65;4.95;1025;13;2039.00;35
4924;13;22034721;4924;291;5951;5986;7.02;0.43;291.68;4.95;1027;13;2040.00;35
4926;13;22034738;4926;284;5952;5986;7.04;0.43;291.71;4.95;1026;13;2041.00;34
4928;13;22034754;4928;279;5952;5986;7.10;0.43;291.68;4.95;1024;13;2042.00;34
4930;13;22034770;4930;279;5953;5987;7.18;0.44;291.70;4.95;1023;13;2043.00;34
4931;13;22034787;4931;277;5953;5987;7.28;0.44;291.67;4.95;1022;13;2044.00;34
4934;13;22034803;4934;273;5957;5993;7.34;0.45;291.69;4.94;1023;13;2045.00;36
4936;13;22034820;4936;269;5957;5993;7.30;0.44;291.70;4.94;1021;13;2046.00;36
4939;13;22034837;4939;270;5957;5994;7.20;0.44;291.68;4.94;1018;13;2047.00;37
4943;13;22034852;4943;268;5957;5994;7.11;0.43;291.69;4.94;1014;13;2048.00;37
4946;13;22034873;4946;268;5957;5994;7.04;0.43;291.60;4.94;1011;13;2049.00;37
4948;13;22034888;4948;277;5958;5994;6.96;0.42;291.82;4.96;1010;13;2050.00;36
4955;13;22034903;4955;277;5960;5994;6.90;0.42;291.79;4.97;1005;13;2051.00;34
4955;13;22034926;4955;278;5970;6006;7.04;0.43;291.79;4.97;1015;13;2052.00;36
4958;13;22034941;4958;282;5970;6006;7.06;0.43;291.84;4.97;1012;13;2053.00;36
4962;13;22034957;4962;287;5973;6006;7.05;0.43;291.86;4.99;1011;13;2054.00;33
4964;13;22034971;4964;293;5974;6006;7.03;0.43;291.94;5.01;1010;13;2055.00;32
4969;13;22034987;4969;296;5976;6006;7.03;0.43;292.02;5.02;1007;13;2056.00;30
4972;13;22035003;4972;299;5977;6006;7.04;0.43;292.07;5.04;1005;13;2057.00;29
4974;13;22035017;4974;304;5980;6010;7.02;0.42;291.99;5.04;1006;13;2058.00;30
4976;13;22035033;4976;313;5982;6010;6.97;0.42;292.13;5.07;1006;13;2059.00;28
4976;13;22035047;4976;318;5986;6014;6.99;0.42;292.13;5.07;1010;13;2060.00;28
4978;13;22035062;4978;321;5988;6015;6.89;0.42;292.15;5.08;1010;13;2061.00;27
4980;13;22035076;4980;332;5989;6015;6.82;0.41;292.19;5.10;1009;13;2062.00;26
4983;13;22035089;4983;335;5989;6015;6.73;0.41;292.17;5.10;1006;13;2063.00;26
4983;13;22035104;4983;350;6002;6028;6.72;0.41;292.17;5.12;1019;13;2064.00;26
4986;13;22035119;4986;354;6002;6028;6.74;0.41;292.36;5.12;1016;13;2065.00;26
4990;13;22035143;4990;357;6004;6028;6.76;0.41;292.51;5.15;1014;13;2066.00;24
4992;13;22035157;4992;363;6005;6029;6.78;0.41;292.50;5.15;1013;13;2067.00;24
4994;13;22035172;4994;366;6005;6030;6.74;0.41;292.62;5.15;1011;13;2068.00;25
4997;13;22035189;4997;366;6006;6030;6.67;0.41;292.77;5.16;1009;13;2069.00;24
4998;13;22035206;4998;370;6010;6036;6.70;0.41;292.76;5.16;1012;13;2070.00;26
5000;13;22035223;5000;368;6012;6036;6.65;0.41;292.82;5.19;1012;13;2071.00;24
5001;13;22035239;5001;375;6014;6036;6.61;0.41;292.80;5.19;1013;13;2072.00;22
5002;13;22035254;5002;379;6016;6036;6.54;0.40;292.90;5.22;1014;13;2073.00;20
5005;13;22035269;5005;380;6022;6042;6.55;0.40;293.00;5.22;1017;13;2074.00;20
5008;13;22035285;5008;379;6023;6042;6.49;0.40;293.03;5.23;1015;13;2075.00;19
5013;13;22035300;5013;377;6023;6042;6.39;0.39;292.92;5.23;1010;13;2076.00;19
5014;13;22035316;5014;378;6025;6042;6.35;0.39;292.90;5.25;1011;13;2077.00;17
5017;13;22035331;5017;381;6029;6046;6.35;0.39;292.83;5.26;1012;13;2078.00;17
5018;13;22035347;5018;385;6030;6047;6.35;0.39;292.81;5.26;1012;13;2079.00;17
5021;13;22035361;5021;388;6031;6047;6.30;0.39;292.71;5.27;1010;13;2080.00;16
5021;13;22035374;5021;385;6032;6048;6.33;0.39;292.71;5.27;1011;13;2081.00;16
5023;13;22035389;5023;388;6034;6048;6.35;0.39;292.65;5.29;1011;13;2082.00;14
5025;13;22035403;5025;392;6034;6048;6.40;0.39;292.56;5.29;1009;13;2083.00;14
5028;13;22035419;5028;391;6034;6048;6.44;0.39;292.57;5.29;1006;13;2084.00;14
5032;13;22035432;5032;391;6036;6048;6.46;0.40;292.44;5.31;1004;13;2085.00;12
5033;13;22035447;5033;390;6037;6048;6.53;0.40;292.42;5.32;1004;13;2086.00;11
5036;13;22035460;5036;384;6038;6048;6.53;0.40;292.35;5.33;1002;13;2087.00;10
5040;13;22035473;5040;401;6076;6118;6.69;0.41;292.37;5.29;1036;13;2088.00;42
5042;13;22035497;5042;396;6078;6119;6.59;0.40;292.33;5.31;1036;13;2089.00;41
5046;13;22035511;5046;396;6087;6119;6.56;0.40;292.21;5.31;1041;13;2090.00;32
5051;13;22035524;5051;403;6091;6119;6.42;0.39;292.09;5.31;1040;13;2091.00;28
5055;13;22035539;5055;406;6095;6119;6.30;0.38;292.10;5.31;1040;13;2092.00;24
5058;13;22035553;5058;413;6096;6119;6.17;0.38;292.01;5.31;1038;13;2093.00;23
5060;13;22035568;5060;416;6100;6119;6.07;0.37;292.02;5.32;1040;13;2094.00;19
5065;13;22035582;5065;423;6104;6119;5.93;0.36;291.94;5.33;1039;13;2095.00;15
5068;13;22035596;5068;423;6108;6120;5.76;0.35;291.86;5.33;1040;13;2096.00;12
5070;13;22035611;5070;428;6110;6121;5.62;0.34;291.83;5.33;1040;13;2097.00;11
5073;13;22035639;5073;442;6112;6121;5.44;0.33;291.78;5.34;1039;13;2098.00;9
5076;13;22035652;5076;457;6118;6125;5.32;0.32;291.69;5.34;1042;13;2099.00;7
5078;13;22035670;5078;459;6124;6140;5.18;0.32;291.72;5.34;1046;13;2100.00;16
5079;13;22035691;5079;449;6125;6140;5.07;0.31;291.72;5.34;1046;13;2101.00;15
5083;13;22035704;5083;451;6125;6140;4.96;0.30;291.66;5.34;1042;13;2102.00;15
5084;13;22035723;5084;453;6131;6146;4.94;0.30;291.72;5.34;1047;13;2103.00;15
5086;13;22035737;5086;447;6131;6146;4.86;0.30;291.73;5.34;1045;13;2104.00;15
5088;13;22035750;5088;449;6132;6146;4.81;0.29;291.70;5.34;1044;13;2105.00;14
5090;13;22035764;5090;460;6137;6149;4.81;0.29;291.74;5.34;1047;13;2106.00;12
5092;13;22035777;5092;451;6137;6149;4.77;0.29;291.81;5.34;1045;13;2107.00;12
5093;13;22035790;5093;432;6138;6149;4.78;0.29;291.82;5.34;1045;13;2108.00;11
5095;13;22035803;5095;422;6139;6150;4.85;0.30;291.88;5.34;1044;13;2109.00;11
5097;13;22035816;5097;416;6140;6151;4.90;0.30;291.89;5.34;1043;13;2110.00;11
5099;13;22035829;5099;408;6141;6151;4.95;0.30;291.87;5.34;1042;13;2111.00;10
5103;14;22035842;5103;405;6151;6164;5.05;0.31;291.84;5.33;1048;14;2112.00;13
5105;14;22035872;5105;404;6152;6164;5.14;0.31;291.77;5.33;1047;14;2113.00;12
5110;14;22035886;5110;404;6152;6164;5.21;0.32;291.73;5.33;1042;14;2114.00;12
5111;14;22035913;5111;405;6154;6166;5.30;0.32;291.75;5.33;1043;14;2115.00;12
5111;14;22035932;5111;405;6154;6166;5.40;0.33;291.75;5.33;1043;14;2116.00;12
5116;14;22035949;5116;402;6158;6170;5.44;0.33;291.70;5.33;1042;14;2117.00;12
5119;14;22035964;5119;401;6159;6170;5.47;0.33;291.68;5.33;1040;14;2118.00;11
5120;14;22035979;5120;405;6162;6174;5.52;0.34;291.72;5.33;1042;14;2119.00;12
5125;14;22036001;5125;405;6162;6174;5.52;0.34;291.80;5.33;1037;14;2120.00;12
5127;14;22036028;5127;411;6162;6174;5.47;0.33;291.73;5.33;1035;14;2121.00;12
5129;14;22036041;5129;413;6163;6174;5.41;0.33;291.78;5.33;1034;14;2122.00;11
5131;14;22036056;5131;420;6164;6174;5.38;0.33;291.78;5.33;1033;14;2123.00;10
5134;14;22036071;5134;422;6173;6186;5.46;0.33;291.78;5.33;1039;14;2124.00;13
5140;14;22036094;5140;424;6174;6186;5.45;0.33;291.74;5.33;1034;14;2125.00;12
5141;14;22036107;5141;424;6176;6186;5.52;0.34;291.76;5.33;1035;14;2126.00;10
5144;14;22036121;5144;426;6176;6186;5.58;0.34;291.80;5.33;1032;14;2127.00;10
5147;14;22036136;5147;428;6178;6186;5.61;0.34;291.83;5.33;1031;14;2128.00;8
5152;14;22036151;5152;428;6179;6186;5.61;0.34;291.75;5.33;1027;14;2129.00;7
5154;14;22036169;5154;426;6179;6187;5.60;0.34;291.73;5.33;1025;14;2130.00;8
5156;14;22036184;5156;430;6179;6187;5.54;0.34;291.76;5.33;1023;14;2131.00;8
5161;14;22036198;5161;430;6184;6193;5.45;0.33;291.78;5.33;1023;14;2132.00;9
5166;14;22036213;5166;434;6185;6194;5.44;0.33;291.91;5.33;1019;14;2133.00;9
5171;14;22036229;5171;441;6185;6194;5.41;0.33;291.87;5.33;1014;14;2134.00;9
5172;14;22036242;5172;445;6185;6194;5.45;0.33;291.85;5.33;1013;14;2135.00;9
5175;14;22036256;5175;444;6188;6198;5.49;0.33;291.94;5.33;1013;14;2136.00;10
5178;14;22036270;5178;441;6188;6198;5.49;0.33;291.93;5.33;1010;14;2137.00;10
5182;14;22036285;5182;438;6188;6198;5.49;0.33;291.88;5.33;1006;14;2138.00;10
5185;14;22036299;5185;434;6189;6199;5.52;0.34;291.97;5.33;1004;14;2139.00;10
5187;14;22036313;5187;429;6192;6203;5.56;0.34;291.98;5.32;1005;14;2140.00;11
5188;14;22036326;5188;432;6192;6203;5.56;0.34;291.97;5.32;1004;14;2141.00;11
5190;14;22036339;5190;425;6194;6206;5.56;0.34;292.05;5.32;1004;14;2142.00;12
5193;14;22036354;5193;428;6194;6206;5.49;0.33;292.26;5.32;1001;14;2143.00;12
5197;14;22036369;5197;434;6195;6206;5.45;0.33;292.30;5.32;998;14;2144.00;11
5200;14;22036383;5200;433;6195;6206;5.41;0.33;292.43;5.32;995;14;2145.00;11
5204;14;22036397;5204;441;6199;6210;5.45;0.33;292.50;5.32;995;14;2146.00;11
5205;14;22036413;5205;427;6199;6210;5.53;0.34;292.55;5.32;994;14;2147.00;11
5206;14;22036424;5206;414;6199;6210;5.61;0.34;292.57;5.32;993;14;2148.00;11
5207;14;22036439;5207;404;6199;6210;5.66;0.35;292.61;5.32;992;14;2149.00;11
5209;14;22036453;5209;403;6199;6211;5.68;0.35;292.66;5.32;990;14;2150.00;12
5212;14;22036467;5212;403;6200;6212;5.75;0.35;292.73;5.32;988;14;2151.00;12
5215;14;22036483;5215;397;6200;6212;5.74;0.35;292.81;5.32;985;14;2152.00;12
5217;14;22036514;5217;389;6201;6213;5.85;0.36;292.86;5.32;984;14;2153.00;12
5218;14;22036532;5218;386;6201;6213;5.95;0.36;292.84;5.32;983;14;2154.00;12
5222;14;22036546;5222;379;6201;6213;5.98;0.36;292.85;5.32;979;14;2155.00;12
5223;14;22036560;5223;366;6201;6213;6.09;0.37;292.87;5.32;978;14;2156.00;12
5226;14;22036573;5226;358;6201;6213;6.18;0.38;292.86;5.32;975;14;2157.00;12
5228;14;22036597;5228;352;6201;6213;6.25;0.38;292.90;5.32;973;14;2158.00;12
5232;14;22036611;5232;346;6201;6213;6.32;0.39;293.00;5.32;969;14;2159.00;12
5235;14;22036627;5235;401;6323;6443;6.49;0.41;293.13;5.22;1088;14;2160.00;120
5237;14;22036664;5237;390;6328;6444;6.53;0.41;293.29;5.21;1091;14;2161.00;116
5241;14;22036681;5241;371;6336;6444;6.58;0.41;293.37;5.21;1095;14;2162.00;108
5243;14;22036697;5243;364;6342;6444;6.55;0.41;293.50;5.21;1099;14;2163.00;102
5244;14;22036713;5244;360;6349;6444;6.56;0.41;293.52;5.20;1105;14;2164.00;95
5247;14;22036728;5247;361;6352;6444;6.50;0.41;293.65;5.20;1105;14;2165.00;92
5254;14;22036752;5254;368;6360;6444;6.51;0.41;293.81;5.21;1106;14;2166.00;84
5257;14;22036768;5257;371;6364;6444;6.48;0.40;293.86;5.21;1107;14;2167.00;80
5261;14;22036785;5261;369;6370;6445;6.48;0.40;294.03;5.21;1109;14;2168.00;75
5265;14;22036801;5265;376;6376;6446;6.38;0.40;294.20;5.21;1111;14;2169.00;70
5267;14;22036817;5267;376;6381;6446;6.38;0.40;294.23;5.22;1114;14;2170.00;65
5271;14;22036833;5271;383;6387;6447;6.35;0.39;294.47;5.22;1116;14;2171.00;60
5273;14;22036849;5273;396;6391;6447;6.30;0.39;294.63;5.23;1118;14;2172.00;56
5274;14;22036864;5274;398;6394;6447;6.30;0.39;294.63;5.23;1120;14;2173.00;53
5277;14;22036880;5277;401;6396;6447;6.23;0.39;294.65;5.23;1119;14;2174.00;51
5280;14;22036897;5280;405;6400;6451;6.16;0.38;294.68;5.23;1120;14;2175.00;51
5282;14;22036916;5282;405;6401;6451;6.12;0.38;294.70;5.24;1119;14;2176.00;50
5283;14;22036932;5283;413;6403;6451;6.11;0.38;294.76;5.24;1120;14;2177.00;48
5283;14;22036948;5283;416;6404;6454;6.09;0.38;294.76;5.24;1121;14;2178.00;50
5283;14;22036963;5283;417;6405;6454;6.09;0.38;294.76;5.24;1122;14;2179.00;49
5283;14;22036979;5283;420;6405;6454;6.11;0.38;294.76;5.24;1122;14;2180.00;49
5286;14;22036994;5286;422;6410;6458;6.04;0.37;294.74;5.24;1124;14;2181.00;48
5288;14;22037010;5288;420;6411;6459;6.09;0.37;294.68;5.24;1123;14;2182.00;48
5290;14;22037025;5290;420;6413;6459;6.08;0.37;294.70;5.24;1123;14;2183.00;46
5293;14;22037042;5293;423;6417;6463;6.12;0.38;294.61;5.24;1124;14;2184.00;46
5293;14;22037057;5293;418;6418;6463;6.19;0.38;294.61;5.25;1125;14;2185.00;45
5294;14;22037073;5294;415;6419;6463;6.19;0.38;294.61;5.25;1125;14;2186.00;44
5295;14;22037089;5295;421;6420;6464;6.21;0.38;294.64;5.25;1125;14;2187.00;44
5298;14;22037113;5298;425;6420;6464;6.24;0.38;294.73;5.25;1122;14;2188.00;44
5301;14;22037129;5301;421;6424;6470;6.29;0.38;294.74;5.25;1123;14;2189.00;46
5303;14;22037148;5303;415;6425;6470;6.33;0.39;294.75;5.26;1122;14;2190.00;45
5305;14;22037166;5305;413;6427;6471;6.35;0.39;294.76;5.26;1122;14;2191.00;44
5308;14;22037182;5308;408;6427;6471;6.35;0.39;294.85;5.26;1119;14;2192.00;44
5311;14;22037199;5311;395;6429;6471;6.42;0.39;294.87;5.26;1118;14;2193.00;42
5313;14;22037216;5313;397;6429;6471;6.48;0.39;294.92;5.26;1116;14;2194.00;42
5317;14;22037232;5317;388;6430;6471;6.57;0.40;294.92;5.27;1113;14;2195.00;41
5318;14;22037248;5318;382;6439;6483;6.68;0.41;294.99;5.26;1121;14;2196.00;44
5321;14;22037265;5321;376;6440;6483;6.70;0.41;295.06;5.26;1119;14;2197.00;43
5323;14;22037282;5323;366;6442;6483;6.76;0.41;295.10;5.26;1119;14;2198.00;41
5326;14;22037298;5326;362;6442;6483;6.80;0.41;295.20;5.26;1116;14;2199.00;41
5327;14;22037316;5327;359;6442;6483;6.83;0.42;295.28;5.26;1115;14;2200.00;41
5328;14;22037335;5328;356;6442;6483;6.82;0.41;295.29;5.26;1114;14;2201.00;41
5332;14;22037351;5332;358;6445;6487;6.72;0.41;295.47;5.26;1113;14;2202.00;42
5334;14;22037373;5334;349;6445;6487;6.57;0.40;295.50;5.26;1111;14;2203.00;42
5337;14;22037389;5337;346;6449;6491;6.48;0.39;295.53;5.25;1112;14;2204.00;42
5340;14;22037406;5340;347;6452;6493;6.32;0.38;295.59;5.26;1112;14;2205.00;41
5342;14;22037422;5342;344;6453;6493;6.20;0.38;295.63;5.28;1111;14;2206.00;40
5347;14;22037437;5347;353;6453;6493;6.14;0.37;295.78;5.28;1106;14;2207.00;40
5349;14;22037454;5349;349;6462;6506;6.13;0.37;295.87;5.27;1113;14;2208.00;44
5355;14;22037470;5355;340;6462;6506;6.05;0.37;295.98;5.27;1107;14;2209.00;44
5357;14;22037485;5357;335;6464;6508;6.09;0.37;296.11;5.27;1107;14;2210.00;44
5358;14;22037502;5358;326;6465;6509;6.13;0.37;296.12;5.27;1107;14;2211.00;44
5360;14;22037516;5360;329;6465;6510;6.10;0.37;296.30;5.27;1105;14;2212.00;45
5362;14;22037532;5362;324;6465;6510;6.11;0.37;296.35;5.27;1103;14;2213.00;45
5366;14;22037553;5366;326;6467;6513;6.16;0.38;296.51;5.27;1101;14;2214.00;46
5369;14;22037568;5369;323;6468;6513;6.24;0.38;296.60;5.27;1099;14;2215.00;45
5372;14;22037583;5372;321;6468;6513;6.27;0.38;296.65;5.27;1096;14;2216.00;45
5375;14;22037598;5375;319;6468;6513;6.30;0.38;296.74;5.27;1093;14;2217.00;45
5380;14;22037615;5380;315;6473;6519;6.40;0.39;296.81;5.27;1093;14;2218.00;46
5383;14;22037633;5383;315;6473;6519;6.43;0.39;296.87;5.27;1090;14;2219.00;46
5385;14;22037651;5385;314;6473;6519;6.38;0.39;296.94;5.27;1088;14;2220.00;46
5386;14;22037666;5386;312;6473;6519;6.39;0.39;296.93;5.27;1087;14;2221.00;46
5388;14;22037682;5388;305;6477;6523;6.39;0.39;296.95;5.27;1089;14;2222.00;46
5391;14;22037705;5391;307;6478;6524;6.40;0.39;296.94;5.27;1087;14;2223.00;46
5392;14;22037719;5392;311;6478;6524;6.36;0.39;296.89;5.27;1086;14;2224.00;46
5398;14;22037734;5398;314;6480;6525;6.28;0.38;296.98;5.28;1082;14;2225.00;45
5399;14;22037750;5399;311;6481;6525;6.26;0.38;296.94;5.29;1082;14;2226.00;44
5400;14;22037766;5400;319;6482;6525;6.23;0.38;296.91;5.30;1082;14;2227.00;43
5401;14;22037782;5401;320;6482;6525;6.20;0.38;296.87;5.30;1081;14;2228.00;43
5403;14;22037797;5403;323;6485;6525;6.20;0.38;296.93;5.34;1082;14;2229.00;40
5406;14;22037812;5406;325;6486;6525;6.19;0.38;296.81;5.35;1080;14;2230.00;39
5408;14;22037825;5408;332;6487;6525;6.20;0.38;296.82;5.36;1079;14;2231.00;38
5410;14;22037841;5410;344;6524;6595;6.36;0.39;296.74;5.37;1114;14;2232.00;71
5411;14;22037866;5411;348;6527;6596;6.38;0.39;296.70;5.39;1116;14;2233.00;69
5411;14;22037881;5411;354;6537;6596;6.41;0.39;296.70;5.39;1126;14;2234.00;59
5415;14;22037897;5415;360;6538;6596;6.31;0.39;296.60;5.39;1123;14;2235.00;58
5418;14;22037919;5418;359;6545;6596;6.22;0.38;296.49;5.42;1127;14;2236.00;51
5419;14;22037934;5419;363;6549;6596;6.18;0.38;296.48;5.46;1130;14;2237.00;47
5423;14;22037950;5423;362;6554;6596;6.07;0.37;296.41;5.48;1131;14;2238.00;42
5423;14;22037965;5423;371;6558;6596;6.01;0.37;296.41;5.49;1135;14;2239.00;38
5423;14;22037980;5423;380;6564;6597;5.92;0.36;296.41;5.52;1141;14;2240.00;33
5423;14;22037995;5423;386;6567;6598;5.87;0.36;296.41;5.52;1144;14;2241.00;31
5426;14;22038008;5426;396;6572;6598;5.81;0.36;296.32;5.55;1146;14;2242.00;26
5430;14;22038022;5430;399;6577;6602;5.75;0.35;296.17;5.55;1147;14;2243.00;25
5432;14;22038039;5432;401;6578;6602;5.70;0.35;296.13;5.56;1146;14;2244.00;24
5437;14;22038053;5437;412;6579;6602;5.60;0.34;296.00;5.58;1142;14;2245.00;23
5439;14;22038069;5439;410;6579;6602;5.52;0.34;295.92;5.58;1140;14;2246.00;23
5442;14;22038083;5442;417;6586;6608;5.43;0.33;295.92;5.60;1144;14;2247.00;22
5444;14;22038099;5444;420;6586;6608;5.30;0.33;295.83;5.60;1142;14;2248.00;22
5445;14;22038113;5445;425;6587;6608;5.21;0.32;295.82;5.61;1142;14;2249.00;21
5446;14;22038129;5446;426;6593;6614;5.14;0.32;295.80;5.62;1147;14;2250.00;21
5447;14;22038143;5447;429;6594;6614;5.07;0.31;295.77;5.63;1147;14;2251.00;20
5448;14;22038157;5448;442;6596;6614;4.99;0.31;295.78;5.64;1148;14;2252.00;18
5450;14;22038171;5450;441;6596;6615;4.94;0.30;295.73;5.64;1146;14;2253.00;19
5451;14;22038186;5451;444;6598;6616;4.95;0.30;295.75;5.65;1147;14;2254.00;18
5451;14;22038201;5451;440;6599;6616;4.98;0.31;295.75;5.67;1148;14;2255.00;17
5454;14;22038216;5454;445;6610;6629;4.98;0.30;295.76;5.67;1156;14;2256.00;19
5455;14;22038233;5455;451;6610;6629;5.04;0.31;295.77;5.67;1155;14;2257.00;19
5458;14;22038247;5458;443;6612;6629;5.06;0.31;295.68;5.68;1154;14;2258.00;17
5458;14;22038262;5458;449;6614;6630;5.08;0.31;295.68;5.69;1156;14;2259.00;16
5459;14;22038275;5459;453;6615;6630;5.09;0.31;295.66;5.69;1156;14;2260.00;15
5461;14;22038290;5461;454;6619;6634;5.11;0.31;295.69;5.69;1158;14;2261.00;15
5464;14;22038304;5464;459;6620;6634;5.08;0.31;295.61;5.70;1156;14;2262.00;14
5468;14;22038319;5468;462;6624;6638;5.04;0.31;295.53;5.70;1156;14;2263.00;14
5470;14;22038333;5470;468;6624;6638;4.98;0.31;295.53;5.70;1154;14;2264.00;14
5475;14;22038347;5475;456;6626;6638;4.88;0.30;295.43;5.71;1151;14;2265.00;12
5481;14;22038361;5481;449;6626;6638;4.78;0.29;295.32;5.71;1145;14;2266.00;12
5482;14;22038374;5482;441;6627;6638;4.75;0.29;295.28;5.72;1145;14;2267.00;11
5485;14;22038389;5485;447;6637;6650;4.78;0.29;295.18;5.71;1152;14;2268.00;13
5486;14;22038404;5486;444;6638;6650;4.77;0.29;295.18;5.72;1152;14;2269.00;12
5492;14;22038419;5492;448;6640;6650;4.76;0.29;295.13;5.73;1148;14;2270.00;10
5497;14;22038433;5497;454;6640;6650;4.70;0.29;295.10;5.73;1143;14;2271.00;10
5498;14;22038455;5498;460;6640;6650;4.69;0.29;295.10;5.73;1142;14;2272.00;10
5499;14;22038468;5499;461;6640;6650;4.67;0.28;295.12;5.73;1141;14;2273.00;10
5500;14;22038482;5500;466;6640;6651;4.63;0.28;295.09;5.73;1140;14;2274.00;11
5502;14;22038496;5502;451;6640;6651;4.62;0.28;295.13;5.73;1138;14;2275.00;11
5505;14;22038511;5505;450;6645;6657;4.62;0.28;295.17;5.72;1140;14;2276.00;12
5505;14;22038524;5505;440;6645;6658;4.64;0.28;295.17;5.72;1140;14;2277.00;13
5507;14;22038538;5507;439;6646;6658;4.68;0.29;295.24;5.72;1139;14;2278.00;12
5507;14;22038552;5507;438;6646;6658;4.75;0.29;295.24;5.72;1139;14;2279.00;12
5511;14;22038568;5511;429;6650;6663;4.77;0.29;295.22;5.72;1139;14;2280.00;13
5514;15;22038584;5514;432;6650;6663;4.79;0.29;295.23;5.72;1136;15;2281.00;13
5516;15;22038627;5516;416;6650;6663;4.87;0.30;295.21;5.72;1134;15;2282.00;13
5518;15;22038641;5518;404;6651;6664;4.92;0.30;295.21;5.72;1133;15;2283.00;13
5521;15;22038665;5521;395;6654;6668;5.01;0.31;295.22;5.71;1133;15;2284.00;14
5523;15;22038681;5523;388;6654;6668;5.12;0.31;295.29;5.71;1131;15;2285.00;14
5526;15;22038695;5526;382;6656;6671;5.14;0.31;295.45;5.71;1130;15;2286.00;15
5530;15;22038711;5530;380;6656;6671;5.19;0.32;295.42;5.71;1126;15;2287.00;15
5533;15;22038724;5533;372;6656;6671;5.25;0.32;295.50;5.71;1123;15;2288.00;15
5535;15;22038740;5535;370;6657;6671;5.27;0.32;295.48;5.71;1122;15;2289.00;14
5537;15;22038755;5537;367;6660;6675;5.36;0.33;295.50;5.71;1123;15;2290.00;15
5541;15;22038771;5541;371;6660;6675;5.38;0.33;295.59;5.71;1119;15;2291.00;15
5545;15;22038795;5545;360;6660;6675;5.38;0.33;295.61;5.71;1115;15;2292.00;15
5549;15;22038817;5549;360;6661;6675;5.38;0.33;295.55;5.71;1112;15;2293.00;14
5553;15;22038831;5553;353;6661;6676;5.40;0.33;295.54;5.71;1108;15;2294.00;15
5557;15;22038847;5557;348;6663;6678;5.41;0.33;295.48;5.71;1106;15;2295.00;15
5561;15;22038861;5561;344;6663;6678;5.40;0.33;295.45;5.71;1102;15;2296.00;15
5564;15;22038877;5564;336;6664;6679;5.44;0.33;295.64;5.71;1100;15;2297.00;15
5567;15;22038892;5567;344;6664;6679;5.43;0.33;295.79;5.71;1097;15;2298.00;15
5570;15;22038912;5570;343;6664;6679;5.47;0.33;295.81;5.71;1094;15;2299.00;15
5573;15;22038928;5573;339;6664;6679;5.54;0.34;295.84;5.71;1091;15;2300.00;15
5576;15;22038948;5576;341;6664;6679;5.54;0.34;295.97;5.71;1088;15;2301.00;15
5579;15;22038963;5579;344;6664;6679;5.57;0.34;295.96;5.71;1085;15;2302.00;15
5582;15;22038979;5582;346;6664;6679;5.57;0.34;295.98;5.71;1082;15;2303.00;15
5584;15;22038993;5584;363;6741;6806;5.83;0.36;296.06;5.64;1157;15;2304.00;65
5589;15;22039020;5589;352;6745;6807;5.84;0.36;296.21;5.64;1156;15;2305.00;62
5594;15;22039045;5594;357;6751;6807;5.88;0.36;296.29;5.64;1157;15;2306.00;56
5598;15;22039063;5598;356;6754;6807;5.90;0.36;296.24;5.64;1156;15;2307.00;53
5602;15;22039079;5602;354;6757;6807;5.95;0.37;296.26;5.64;1155;15;2308.00;50
5603;15;22039096;5603;355;6757;6807;5.99;0.37;296.28;5.64;1154;15;2309.00;50
5607;15;22039114;5607;352;6760;6807;5.94;0.36;296.41;5.64;1153;15;2310.00;47
5610;15;22039138;5610;355;6761;6807;5.98;0.37;296.52;5.64;1151;15;2311.00;46
5613;15;22039162;5613;356;6764;6808;6.00;0.37;296.57;5.64;1151;15;2312.00;44
5615;15;22039179;5615;363;6767;6809;6.01;0.37;296.63;5.64;1152;15;2313.00;42
5619;15;22039195;5619;364;6770;6809;6.03;0.37;296.90;5.64;1151;15;2314.00;39
5622;15;22039212;5622;375;6771;6810;6.01;0.37;297.02;5.64;1149;15;2315.00;39
5625;15;22039236;5625;376;6773;6810;5.98;0.37;297.20;5.64;1148;15;2316.00;37
5630;15;22039259;5630;382;6775;6810;5.91;0.36;297.45;5.65;1145;15;2317.00;35
5633;15;22039276;5633;388;6775;6810;5.93;0.36;297.50;5.65;1142;15;2318.00;35
5636;15;22039294;5636;398;6782;6814;5.94;0.37;297.85;5.65;1146;15;2319.00;32
5640;15;22039311;5640;402;6782;6814;5.94;0.36;297.88;5.65;1142;15;2320.00;32
5640;15;22039326;5640;403;6783;6814;5.98;0.37;297.88;5.65;1143;15;2321.00;31
5644;15;22039341;5644;394;6785;6817;5.95;0.36;298.13;5.65;1141;15;2322.00;32
5646;15;22039358;5646;394;6786;6817;5.94;0.37;298.28;5.65;1140;15;2323.00;31
5648;15;22039373;5648;391;6789;6817;5.96;0.37;298.40;5.66;1141;15;2324.00;28
5650;15;22039389;5650;388;6792;6821;5.98;0.37;298.51;5.66;1142;15;2325.00;29
5652;15;22039407;5652;394;6792;6822;6.05;0.37;298.71;5.66;1140;15;2326.00;30
5652;15;22039423;5652;399;6792;6822;6.10;0.37;298.71;5.66;1140;15;2327.00;30
5656;15;22039439;5656;403;6794;6826;6.13;0.38;298.90;5.66;1138;15;2328.00;32
5659;15;22039457;5659;407;6796;6826;6.15;0.38;298.97;5.66;1137;15;2329.00;30
5661;15;22039473;5661;411;6796;6826;6.18;0.38;299.04;5.66;1135;15;2330.00;30
5664;15;22039498;5664;413;6797;6827;6.13;0.37;299.10;5.66;1133;15;2331.00;30
5669;15;22039515;5669;407;6798;6827;6.09;0.37;299.12;5.66;1129;15;2332.00;29
5673;15;22039538;5673;403;6805;6833;6.09;0.37;299.15;5.66;1132;15;2333.00;28
5677;15;22039556;5677;403;6805;6833;6.00;0.37;299.16;5.66;1128;15;2334.00;28
5679;15;22039572;5679;405;6806;6834;5.93;0.36;299.23;5.65;1127;15;2335.00;28
5681;15;22039589;5681;406;6806;6834;5.88;0.36;299.32;5.65;1125;15;2336.00;28
5684;15;22039605;5684;409;6806;6834;5.88;0.36;299.34;5.65;1122;15;2337.00;28
5687;15;22039621;5687;407;6806;6834;5.82;0.35;299.42;5.65;1119;15;2338.00;28
5691;15;22039638;5691;410;6806;6834;5.83;0.35;299.48;5.65;1115;15;2339.00;28
5693;15;22039656;5693;418;6833;6870;5.83;0.36;299.52;5.63;1140;15;2340.00;37
5694;15;22039676;5694;423;6835;6870;5.82;0.35;299.55;5.63;1141;15;2341.00;35
5695;15;22039694;5695;425;6837;6870;5.86;0.36;299.55;5.63;1142;15;2342.00;33
5697;15;22039709;5697;424;6837;6870;5.89;0.36;299.60;5.63;1140;15;2343.00;33
5699;15;22039725;5699;428;6838;6870;5.88;0.36;299.74;5.63;1139;15;2344.00;32
5701;15;22039741;5701;427;6838;6870;5.92;0.36;299.79;5.63;1137;15;2345.00;32
5705;15;22039761;5705;425;6842;6874;5.91;0.36;299.89;5.63;1137;15;2346.00;32
5707;15;22039777;5707;428;6842;6874;5.94;0.36;299.88;5.63;1135;15;2347.00;32
5711;15;22039791;5711;431;6846;6878;6.00;0.36;299.92;5.63;1135;15;2348.00;32
5713;15;22039809;5713;435;6847;6879;6.05;0.37;299.85;5.62;1134;15;2349.00;32
5715;15;22039826;5715;433;6847;6879;6.13;0.37;299.95;5.62;1132;15;2350.00;32
5719;15;22039843;5719;436;6847;6879;6.18;0.38;300.09;5.62;1128;15;2351.00;32
5721;15;22039861;5721;445;6857;6892;6.21;0.38;300.21;5.62;1136;15;2352.00;35
5723;15;22039878;5723;438;6858;6892;6.20;0.38;300.19;5.62;1135;15;2353.00;34
5728;15;22039894;5728;438;6858;6892;6.13;0.37;300.14;5.62;1130;15;2354.00;34
5731;15;22039921;5731;439;6859;6893;6.05;0.37;300.19;5.61;1128;15;2355.00;34
5733;15;22039938;5733;437;6859;6894;5.97;0.36;300.26;5.61;1126;15;2356.00;35
5734;15;22039953;5734;439;6859;6894;5.95;0.36;300.27;5.61;1125;15;2357.00;35
5738;15;22039970;5738;442;6861;6897;5.89;0.36;300.29;5.61;1123;15;2358.00;36
5742;15;22039986;5742;441;6861;6897;5.84;0.35;300.34;5.61;1119;15;2359.00;36
5743;15;22040001;5743;447;6862;6897;5.80;0.35;300.35;5.61;1119;15;2360.00;35
5745;15;22040023;5745;455;6862;6897;5.73;0.35;300.48;5.61;1117;15;2361.00;35
5746;15;22040038;5746;457;6867;6903;5.66;0.34;300.53;5.61;1121;15;2362.00;36
5749;15;22040055;5749;456;6867;6903;5.56;0.34;300.58;5.61;1118;15;2363.00;36
5750;15;22040070;5750;459;6867;6903;5.53;0.34;300.61;5.61;1117;15;2364.00;36
5752;15;22040085;5752;452;6867;6903;5.45;0.33;300.61;5.61;1115;15;2365.00;36
5754;15;22040101;5754;443;6870;6907;5.39;0.33;300.61;5.61;1116;15;2366.00;37
5758;15;22040117;5758;441;6871;6908;5.29;0.32;300.75;5.61;1113;15;2367.00;37
5759;15;22040131;5759;442;6871;6908;5.26;0.32;300.79;5.61;1112;15;2368.00;37
5761;15;22040147;5761;438;6872;6909;5.29;0.32;300.86;5.61;1111;15;2369.00;37
5762;15;22040165;5762;442;6872;6909;5.32;0.32;300.89;5.61;1110;15;2370.00;37
5764;15;22040179;5764;434;6872;6909;5.32;0.32;300.92;5.61;1108;15;2371.00;37
5767;15;22040195;5767;435;6872;6909;5.31;0.32;300.98;5.61;1105;15;2372.00;37
5769;15;22040209;5769;432;6872;6909;5.29;0.32;300.98;5.61;1103;15;2373.00;37
5770;15;22040223;5770;435;6872;6909;5.31;0.32;300.98;5.61;1102;15;2374.00;37
5775;15;22040238;5775;432;6872;6909;5.24;0.32;301.09;5.61;1097;15;2375.00;37
5776;15;22040253;5776;450;6906;6979;5.25;0.32;301.08;5.58;1130;15;2376.00;73
5779;15;22040273;5779;444;6907;6980;5.20;0.32;301.17;5.58;1128;15;2377.00;73
5782;15;22040288;5782;437;6913;6980;5.21;0.32;301.29;5.57;1131;15;2378.00;67
5785;15;22040311;5785;426;6914;6980;5.20;0.32;301.46;5.57;1129;15;2379.00;66
5788;15;22040323;5788;429;6918;6980;5.22;0.32;301.47;5.60;1130;15;2380.00;62
5791;15;22040342;5791;435;6922;6980;5.27;0.32;301.45;5.62;1131;15;2381.00;58
5795;15;22040356;5795;423;6926;6980;5.31;0.32;301.50;5.62;1131;15;2382.00;54
5796;15;22040371;5796;412;6931;6980;5.35;0.33;301.49;5.62;1135;15;2383.00;49
5798;15;22040386;5798;413;6934;6981;5.37;0.33;301.51;5.62;1136;15;2384.00;47
5803;15;22040400;5803;422;6936;6983;5.36;0.33;301.59;5.62;1133;15;2385.00;47
5804;15;22040416;5804;413;6938;6983;5.34;0.32;301.56;5.62;1134;15;2386.00;45
5805;15;22040430;5805;423;6943;6987;5.33;0.32;301.57;5.62;1138;15;2387.00;44
5806;15;22040445;5806;418;6944;6987;5.37;0.33;301.55;5.62;1138;15;2388.00;43
5808;15;22040459;5808;421;6944;6987;5.34;0.33;301.48;5.62;1136;15;2389.00;43
5811;15;22040476;5811;418;6944;6987;5.31;0.32;301.51;5.62;1133;15;2390.00;43
5814;15;22040492;5814;409;6948;6993;5.34;0.32;301.54;5.61;1134;15;2391.00;45
5817;15;22040507;5817;411;6948;6993;5.31;0.32;301.44;5.61;1131;15;2392.00;45
5819;15;22040521;5819;405;6948;6993;5.33;0.32;301.44;5.61;1129;15;2393.00;45
5820;15;22040536;5820;409;6950;6996;5.36;0.33;301.40;5.61;1130;15;2394.00;46
5822;15;22040552;5822;402;6951;6996;5.33;0.32;301.32;5.61;1129;15;2395.00;45
5823;15;22040567;5823;399;6951;6996;5.30;0.32;301.28;5.61;1128;15;2396.00;45
5824;15;22040581;5824;401;6951;6997;5.26;0.32;301.26;5.61;1127;15;2397.00;46
5824;15;22040597;5824;401;6952;6998;5.26;0.32;301.26;5.61;1128;15;2398.00;46
5825;15;22040611;5825;400;6952;6998;5.29;0.32;301.25;5.61;1127;15;2399.00;46
5826;15;22040628;5826;413;6977;7057;5.28;0.32;301.31;5.59;1151;15;2400.00;80
5827;15;22040655;5827;408;6981;7057;5.32;0.33;301.33;5.60;1154;15;2401.00;76
5830;15;22040670;5830;409;6984;7057;5.35;0.33;301.34;5.61;1154;15;2402.00;73
5836;15;22040685;5836;410;6988;7058;5.32;0.32;301.27;5.62;1152;15;2403.00;70
5840;15;22040701;5840;420;6990;7058;5.28;0.32;301.23;5.61;1150;15;2404.00;68
5841;15;22040717;5841;422;6996;7062;5.30;0.32;301.28;5.65;1155;15;2405.00;66
5844;15;22040732;5844;424;6998;7062;5.26;0.32;301.22;5.65;1154;15;2406.00;64
5847;15;22040748;5847;425;7002;7066;5.23;0.32;301.18;5.67;1155;15;2407.00;64
5849;15;22040763;5849;429;7003;7066;5.24;0.32;301.15;5.69;1154;15;2408.00;63
5852;15;22040778;5852;435;7003;7066;5.26;0.32;301.09;5.69;1151;15;2409.00;63
5854;15;22040794;5854;441;7006;7066;5.23;0.32;301.02;5.72;1152;15;2410.00;60
5855;15;22040807;5855;443;7008;7066;5.15;0.31;301.01;5.73;1153;15;2411.00;58
5857;15;22040822;5857;448;7018;7078;5.18;0.31;300.95;5.75;1161;15;2412.00;60
5857;15;22040848;5857;456;7021;7078;5.16;0.31;300.95;5.78;1164;15;2413.00;57
5858;15;22040863;5858;455;7022;7078;5.14;0.31;300.90;5.78;1164;15;2414.00;56
5858;15;22040878;5858;466;7023;7078;5.11;0.31;300.90;5.79;1165;15;2415.00;55
5860;15;22040891;5860;469;7025;7078;5.00;0.31;300.88;5.81;1165;15;2416.00;53
5860;15;22040906;5860;472;7027;7078;4.92;0.30;300.88;5.82;1167;15;2417.00;51
5860;15;22040920;5860;480;7031;7079;4.89;0.30;300.88;5.86;1171;15;2418.00;48
5861;15;22040934;5861;482;7031;7079;4.84;0.30;300.92;5.86;1170;15;2419.00;48
5864;15;22040949;5864;482;7037;7085;4.79;0.29;300.86;5.88;1173;15;2420.00;48
5865;15;22040965;5865;489;7039;7086;4.76;0.29;300.81;5.90;1174;15;2421.00;47
5867;15;22040979;5867;477;7040;7086;4.72;0.29;300.78;5.90;1173;15;2422.00;46
5868;15;22040994;5868;478;7046;7086;4.66;0.28;300.76;5.95;1178;15;2423.00;40
5870;15;22041007;5870;469;7048;7090;4.66;0.28;300.70;5.95;1178;15;2424.00;42
5873;15;22041023;5873;456;7050;7090;4.63;0.28;300.76;5.98;1177;15;2425.00;40
5873;15;22041038;5873;449;7052;7090;4.67;0.29;300.76;5.98;1179;15;2426.00;38
5875;15;22041053;5875;451;7053;7091;4.71;0.29;300.84;5.98;1178;15;2427.00;38
5877;15;22041068;5877;451;7059;7095;4.78;0.29;300.78;6.01;1182;15;2428.00;36
5877;15;22041090;5877;443;7061;7095;4.86;0.30;300.78;6.02;1184;15;2429.00;34
5878;15;22041106;5878;441;7068;7101;4.93;0.30;300.75;6.05;1190;15;2430.00;33
5878;15;22041121;5878;440;7068;7101;4.94;0.30;300.75;6.05;1190;15;2431.00;33
5881;15;22041144;5881;440;7070;7101;4.97;0.30;300.69;6.06;1189;15;2432.00;31
5882;15;22041158;5882;437;7072;7101;4.98;0.30;300.69;6.08;1190;15;2433.00;29
5884;15;22041173;5884;441;7076;7105;5.04;0.31;300.64;6.08;1192;15;2434.00;29
5885;15;22041189;5885;440;7078;7105;5.08;0.31;300.63;6.11;1193;15;2435.00;27
5885;15;22041203;5885;440;7078;7105;5.13;0.31;300.63;6.11;1193;15;2436.00;27
5887;15;22041228;5887;446;7078;7105;5.19;0.32;300.60;6.11;1191;15;2437.00;27
5890;15;22041244;5890;451;7080;7106;5.21;0.32;300.54;6.13;1190;15;2438.00;26
5893;15;22041258;5893;450;7082;7107;5.23;0.32;300.47;6.13;1189;15;2439.00;25
5894;15;22041273;5894;452;7084;7107;5.24;0.32;300.47;6.16;1190;15;2440.00;23
5895;15;22041288;5895;455;7085;7108;5.23;0.32;300.45;6.16;1190;15;2441.00;23
5898;15;22041303;5898;462;7085;7108;5.22;0.32;300.43;6.16;1187;15;2442.00;23
5901;15;22041317;5901;469;7087;7108;5.20;0.32;300.43;6.18;1186;15;2443.00;21
5905;15;22041331;5905;475;7087;7108;5.16;0.31;300.44;6.18;1182;15;2444.00;21
5907;15;22041346;5907;481;7090;7108;5.12;0.31;300.58;6.20;1183;15;2445.00;18
5912;15;22041360;5912;473;7090;7108;5.06;0.31;300.60;6.20;1178;15;2446.00;18
5917;15;22041374;5917;479;7090;7108;5.01;0.31;300.58;6.20;1173;15;2447.00;18
5919;15;22041388;5919;503;7160;7235;5.17;0.32;300.57;6.16;1241;15;2448.00;75
5922;15;22041416;5922;489;7164;7236;5.17;0.32;300.64;6.16;1242;15;2449.00;72
5926;15;22041431;5926;474;7173;7236;5.12;0.32;300.89;6.17;1247;15;2450.00;63
5929;15;22041448;5929;464;7176;7236;5.11;0.32;300.91;6.17;1247;15;2451.00;60
5933;15;22041462;5933;457;7180;7236;5.09;0.32;301.04;6.17;1247;15;2452.00;56
5938;15;22041478;5938;451;7182;7236;5.09;0.31;301.13;6.17;1244;15;2453.00;54
5939;15;22041492;5939;439;7184;7236;5.06;0.31;301.13;6.17;1245;15;2454.00;52
5942;15;22041507;5942;446;7187;7236;5.04;0.31;301.33;6.17;1245;15;2455.00;49
5945;15;22041523;5945;451;7189;7237;5.03;0.31;301.57;6.18;1244;15;2456.00;48
5948;15;22041539;5948;442;7190;7238;5.08;0.31;301.55;6.18;1242;15;2457.00;48
5952;15;22041555;5952;441;7192;7238;5.10;0.31;301.70;6.18;1240;15;2458.00;46
5956;15;22041572;5956;432;7195;7239;5.11;0.32;301.80;6.18;1239;15;2459.00;44
5958;15;22041590;5958;434;7195;7239;5.13;0.32;301.86;6.18;1237;15;2460.00;44
5960;15;22041607;5960;430;7199;7239;5.11;0.32;301.99;6.19;1239;15;2461.00;40
5965;15;22041623;5965;424;7199;7239;5.11;0.32;302.34;6.19;1234;15;2462.00;40
5968;15;22041640;5968;422;7204;7243;5.14;0.32;302.45;6.19;1236;15;2463.00;39
5971;15;22041666;5971;424;7205;7243;5.14;0.32;302.57;6.19;1234;15;2464.00;38
5972;15;22041683;5972;420;7205;7243;5.17;0.32;302.69;6.19;1233;15;2465.00;38
5976;15;22041699;5976;421;7207;7246;5.21;0.32;302.83;6.19;1231;15;2466.00;39
5979;15;22041717;5979;417;7211;7246;5.24;0.33;302.96;6.21;1232;15;2467.00;35
5984;15;22041734;5984;417;7212;7246;5.24;0.33;303.13;6.21;1228;15;2468.00;34
5988;15;22041757;5988;417;7216;7250;5.27;0.33;303.13;6.21;1228;15;2469.00;34
5991;15;22041776;5991;409;7217;7251;5.31;0.33;303.28;6.22;1226;15;2470.00;34
5997;15;22041795;5997;412;7218;7251;5.35;0.33;303.46;6.22;1221;15;2471.00;33
6001;15;22041813;6001;408;7220;7255;5.41;0.33;303.48;6.22;1219;15;2472.00;35
6003;15;22041836;6003;411;7220;7255;5.45;0.34;303.43;6.22;1217;15;2473.00;35
6005;15;22041853;6005;411;7221;7255;5.58;0.34;303.41;6.22;1216;15;2474.00;34
6011;15;22041870;6011;411;7223;7257;5.65;0.35;303.51;6.22;1212;15;2475.00;34
6018;15;22041888;6018;408;7223;7257;5.73;0.35;303.48;6.22;1205;15;2476.00;34
6023;15;22041907;6023;408;7227;7263;5.80;0.36;303.63;6.22;1204;15;2477.00;36
6026;15;22041927;6026;404;7227;7263;5.86;0.36;303.69;6.22;1201;15;2478.00;36
6028;15;22041945;6028;399;7229;7264;5.96;0.37;303.82;6.23;1201;15;2479.00;35
6035;15;22041963;6035;398;7229;7264;6.02;0.37;303.83;6.23;1194;15;2480.00;35
6040;15;22041980;6040;395;7230;7264;6.13;0.38;304.13;6.23;1190;15;2481.00;34
6044;15;22041997;6044;400;7230;7264;6.18;0.38;304.32;6.23;1186;15;2482.00;34
6050;15;22042015;6050;400;7230;7264;6.19;0.38;304.40;6.23;1180;15;2483.00;34
6055;15;22042033;6055;404;7235;7276;6.24;0.38;304.53;6.22;1180;15;2484.00;41
6059;15;22042051;6059;404;7235;7276;6.25;0.38;304.62;6.22;1176;15;2485.00;41
6066;15;22042068;6066;403;7237;7276;6.22;0.38;304.78;6.22;1171;15;2486.00;39
6069;15;22042086;6069;400;7238;7276;6.21;0.38;304.94;6.23;1169;15;2487.00;38
6074;15;22042103;6074;403;7239;7276;6.19;0.38;305.09;6.23;1165;15;2488.00;37
6076;15;22042120;6076;413;7240;7276;6.21;0.38;305.11;6.23;1164;15;2489.00;36
6083;15;22042138;6083;418;7244;7280;6.15;0.38;305.27;6.24;1161;15;2490.00;36
6086;15;22042156;6086;419;7244;7280;6.14;0.38;305.24;6.24;1158;15;2491.00;36
6090;15;22042173;6090;427;7248;7284;6.07;0.37;305.40;6.23;1158;15;2492.00;36
6094;15;22042192;6094;435;7249;7285;6.01;0.37;305.50;6.23;1155;15;2493.00;36
6095;15;22042208;6095;444;7250;7285;5.91;0.36;305.52;6.24;1155;15;2494.00;35
6098;15;22042226;6098;455;7252;7285;5.84;0.36;305.58;6.25;1154;15;2495.00;33
6102;15;22042242;6102;466;7260;7298;5.77;0.35;305.71;6.24;1158;15;2496.00;38
6104;15;22042261;6104;463;7261;7298;5.70;0.35;305.79;6.24;1157;15;2497.00;37
6108;15;22042278;6108;460;7261;7298;5.59;0.34;305.86;6.24;1153;15;2498.00;37
6113;15;22042294;6113;456;7263;7299;5.50;0.34;305.87;6.25;1150;15;2499.00;36
6117;15;22042312;6117;451;7265;7300;5.47;0.33;306.00;6.25;1148;15;2500.00;35
6121;15;22042332;6121;455;7266;7300;5.45;0.33;306.13;6.26;1145;15;2501.00;34
6123;15;22042349;6123;451;7268;7303;5.48;0.33;306.15;6.26;1145;15;2502.00;35
6125;15;22042366;6125;458;7269;7303;5.46;0.33;306.24;6.26;1144;15;2503.00;34
6128;15;22042381;6128;465;7272;7303;5.42;0.33;306.20;6.26;1144;15;2504.00;31
6131;15;22042397;6131;467;7273;7303;5.40;0.33;306.27;6.26;1142;15;2505.00;30
6132;15;22042414;6132;465;7277;7309;5.40;0.33;306.30;6.26;1145;15;2506.00;32
6135;15;22042430;6135;462;7278;7309;5.41;0.33;306.37;6.26;1143;15;2507.00;31
6140;15;22042446;6140;460;7278;7309;5.46;0.33;306.41;6.26;1138;15;2508.00;31
6143;15;22042463;6143;467;7280;7309;5.48;0.33;306.48;6.26;1137;15;2509.00;29
6145;15;22042480;6145;469;7283;7313;5.48;0.33;306.50;6.26;1138;15;2510.00;30
6149;15;22042496;6149;468;7285;7314;5.48;0.33;306.50;6.26;1136;15;2511.00;29
6151;15;22042514;6151;466;7285;7314;5.48;0.33;306.52;6.26;1134;15;2512.00;29
6154;15;22042531;6154;465;7286;7315;5.49;0.33;306.54;6.26;1132;15;2513.00;29
6155;15;22042548;6155;462;7286;7315;5.52;0.34;306.55;6.26;1131;15;2514.00;29
6157;15;22042564;6157;465;7286;7315;5.50;0.33;306.64;6.26;1129;15;2515.00;29
6159;15;22042580;6159;459;7286;7315;5.49;0.33;306.69;6.26;1127;15;2516.00;29
6161;15;22042595;6161;462;7286;7315;5.47;0.33;306.70;6.26;1125;15;2517.00;29
6164;15;22042611;6164;467;7286;7315;5.45;0.33;306.77;6.26;1122;15;2518.00;29
6167;15;22042628;6167;465;7286;7315;5.43;0.33;306.81;6.26;1119;15;2519.00;29
6167;15;22042645;6167;503;7361;7440;5.45;0.33;306.81;6.19;1194;15;2520.00;79
6171;15;22042672;6171;494;7361;7441;5.44;0.33;307.04;6.19;1190;15;2521.00;80
6172;15;22042689;6172;493;7367;7441;5.47;0.33;307.07;6.19;1195;15;2522.00;74
6172;15;22042706;6172;485;7369;7441;5.46;0.33;307.07;6.19;1197;15;2523.00;72
6178;15;22042722;6178;480;7373;7441;5.42;0.33;307.22;6.19;1195;15;2524.00;68
6179;15;22042739;6179;484;7374;7441;5.38;0.33;307.29;6.19;1195;15;2525.00;67
6180;15;22042756;6180;481;7378;7441;5.39;0.33;307.25;6.19;1198;15;2526.00;63
6184;15;22042772;6184;482;7382;7441;5.35;0.33;307.32;6.19;1198;15;2527.00;59
6185;15;22042789;6185;494;7387;7442;5.29;0.32;307.39;6.19;1202;15;2528.00;55
6188;15;22042805;6188;508;7392;7443;5.19;0.32;307.57;6.19;1204;15;2529.00;51
6191;15;22042821;6191;514;7396;7443;5.15;0.31;307.51;6.19;1205;15;2530.00;47
6192;15;22042837;6192;513;7399;7447;5.08;0.31;307.57;6.19;1207;15;2531.00;48
6194;15;22042854;6194;518;7400;7447;5.04;0.31;307.69;6.19;1206;15;2532.00;47
6196;15;22042869;6196;529;7402;7447;4.99;0.31;307.71;6.19;1206;15;2533.00;45
6196;15;22042885;6196;539;7402;7447;4.96;0.30;307.71;6.19;1206;15;2534.00;45
6198;15;22042901;6198;547;7407;7453;4.91;0.30;307.75;6.19;1209;15;2535.00;46
6198;15;22042917;6198;553;7407;7453;4.84;0.30;307.75;6.19;1209;15;2536.00;46
6198;15;22042933;6198;551;7409;7455;4.81;0.29;307.75;6.19;1211;15;2537.00;46
6201;15;22042949;6201;554;7411;7458;4.77;0.29;307.81;6.19;1210;15;2538.00;47
6203;15;22042966;6203;554;7411;7458;4.73;0.29;307.80;6.19;1208;15;2539.00;47
6204;15;22042982;6204;550;7411;7458;4.72;0.29;307.81;6.19;1207;15;2540.00;47
6207;15;22042997;6207;545;7411;7459;4.74;0.29;307.81;6.19;1204;15;2541.00;48
6209;15;22043013;6209;538;7412;7460;4.77;0.29;307.87;6.19;1203;15;2542.00;48
6212;15;22043029;6212;532;7413;7460;4.80;0.29;307.90;6.19;1201;15;2543.00;47
6213;15;22043044;6213;525;7423;7473;4.83;0.29;307.87;6.18;1210;15;2544.00;50
6215;15;22043061;6215;525;7423;7473;4.89;0.30;308.00;6.18;1208;15;2545.00;50
6217;15;22043075;6217;523;7424;7473;4.94;0.30;307.96;6.18;1207;15;2546.00;49
6217;15;22043092;6217;517;7425;7474;5.02;0.31;307.96;6.18;1208;15;2547.00;49
6220;15;22043107;6220;516;7425;7474;5.06;0.31;307.96;6.18;1205;15;2548.00;49
6221;15;22043123;6221;515;7427;7478;5.13;0.31;307.97;6.18;1206;15;2549.00;51
6222;15;22043141;6222;516;7430;7481;5.16;0.32;307.94;6.18;1208;15;2550.00;51
6223;15;22043157;6223;520;7434;7485;5.11;0.31;307.91;6.18;1211;15;2551.00;51
6227;15;22043173;6227;519;7434;7485;5.07;0.31;307.99;6.18;1207;15;2552.00;51
6230;15;22043189;6230;524;7434;7485;5.02;0.31;308.00;6.18;1204;15;2553.00;51
6232;15;22043204;6232;518;7435;7485;4.99;0.31;308.02;6.17;1203;15;2554.00;50
6236;15;22043220;6236;515;7437;7485;4.92;0.30;307.99;6.21;1201;15;2555.00;48
6239;15;22043244;6239;514;7447;7497;4.88;0.30;307.98;6.21;1208;15;2556.00;50
6243;15;22043262;6243;511;7448;7497;4.83;0.30;307.96;6.21;1205;15;2557.00;49
6247;15;22043277;6247;508;7450;7497;4.80;0.29;307.89;6.21;1203;15;2558.00;47
6250;15;22043292;6250;505;7450;7497;4.78;0.29;307.87;6.21;1200;15;2559.00;47
6252;15;22043324;6252;510;7450;7497;4.79;0.29;307.85;6.21;1198;15;2560.00;47
6253;15;22043339;6253;505;7450;7497;4.80;0.29;307.83;6.21;1197;15;2561.00;47
6255;15;22043354;6255;501;7451;7498;4.84;0.30;307.81;6.22;1196;15;2562.00;47
6255;15;22043369;6255;500;7451;7498;4.90;0.30;307.81;6.22;1196;15;2563.00;47
6257;15;22043384;6257;498;7455;7504;4.96;0.30;307.77;6.21;1198;15;2564.00;49
6259;15;22043399;6259;500;7457;7506;5.00;0.31;307.72;6.21;1198;15;2565.00;49
6261;15;22043415;6261;500;7457;7506;5.00;0.31;307.64;6.21;1196;15;2566.00;49
6266;15;22043430;6266;498;7457;7506;4.97;0.30;307.60;6.21;1191;15;2567.00;49
6268;15;22043446;6268;494;7459;7510;4.96;0.30;307.51;6.21;1191;15;2568.00;51
6271;15;22043469;6271;491;7459;7510;4.94;0.30;307.62;6.21;1188;15;2569.00;51
6272;15;22043485;6272;495;7459;7510;4.95;0.30;307.61;6.21;1187;15;2570.00;51
6274;15;22043500;6274;495;7460;7511;4.94;0.30;307.58;6.21;1186;15;2571.00;51
6276;15;22043515;6276;498;7465;7515;4.97;0.30;307.53;6.21;1189;15;2572.00;50
6277;15;22043530;6277;499;7466;7515;4.97;0.30;307.52;6.22;1189;15;2573.00;49
6280;15;22043545;6280;499;7468;7518;4.97;0.30;307.52;6.22;1188;15;2574.00;50
6280;15;22043562;6280;497;7468;7518;4.96;0.30;307.52;6.22;1188;15;2575.00;50
6285;15;22043575;6285;498;7471;7518;4.90;0.30;307.52;6.22;1186;15;2576.00;47
6285;15;22043592;6285;506;7471;7518;4.86;0.30;307.52;6.22;1186;15;2577.00;47
6286;15;22043608;6286;515;7476;7522;4.87;0.30;307.53;6.22;1190;15;2578.00;46
6287;15;22043623;6287;506;7476;7522;4.88;0.30;307.55;6.22;1189;15;2579.00;46
6289;15;22043642;6289;499;7477;7522;4.85;0.30;307.55;6.24;1188;15;2580.00;45
6290;15;22043658;6290;494;7477;7522;4.83;0.30;307.53;6.24;1187;15;2581.00;45
6290;15;22043675;6290;493;7478;7523;4.83;0.29;307.53;6.27;1188;15;2582.00;45
6290;15;22043690;6290;495;7479;7524;4.82;0.29;307.53;6.27;1189;15;2583.00;45
6292;15;22043706;6292;495;7481;7524;4.78;0.29;307.50;6.31;1189;15;2584.00;43
6294;15;22043730;6294;494;7483;7525;4.75;0.29;307.48;6.33;1189;15;2585.00;42
6296;15;22043752;6296;495;7485;7525;4.72;0.29;307.49;6.36;1189;15;2586.00;40
6300;15;22043767;6300;490;7487;7525;4.71;0.29;307.44;6.40;1187;15;2587.00;38
6301;15;22043784;6301;493;7487;7525;4.72;0.29;307.45;6.40;1186;15;2588.00;38
6302;15;22043800;6302;487;7487;7525;4.72;0.29;307.44;6.40;1185;15;2589.00;38
6302;16;22043816;6302;483;7489;7525;4.76;0.29;307.44;6.43;1187;16;2590.00;36
6303;16;22043840;6303;484;7489;7525;4.82;0.29;307.42;6.43;1186;16;2591.00;36
6305;17;22043856;6305;497;7558;7652;5.15;0.32;307.36;6.40;1253;17;2592.00;94
6307;17;22043919;6307;489;7561;7653;5.21;0.32;307.32;6.40;1254;17;2593.00;92
6308;17;22043936;6308;479;7573;7653;5.32;0.33;307.27;6.42;1265;17;2594.00;80
6310;17;22043960;6310;480;7578;7653;5.32;0.33;307.25;6.42;1268;17;2595.00;75
6310;17;22043975;6310;473;7586;7653;5.36;0.33;307.25;6.44;1276;17;2596.00;67
6310;17;22043993;6310;479;7587;7653;5.34;0.33;307.25;6.44;1277;17;2597.00;66
6310;17;22044007;6310;481;7590;7653;5.33;0.33;307.25;6.45;1280;17;2598.00;63
6312;17;22044023;6312;483;7593;7653;5.29;0.33;307.22;6.47;1281;17;2599.00;60
6314;17;22044048;6314;481;7596;7654;5.30;0.33;307.16;6.48;1282;17;2600.00;58
6317;17;22044070;6317;484;7599;7655;5.32;0.33;307.10;6.50;1282;17;2601.00;56
6317;17;22044087;6317;466;7601;7655;5.37;0.33;307.10;6.51;1284;17;2602.00;54
6319;17;22044103;6319;468;7604;7656;5.41;0.33;307.08;6.53;1285;17;2603.00;52
6321;17;22044120;6321;468;7608;7656;5.44;0.34;307.09;6.53;1287;17;2604.00;48
6325;17;22044137;6325;472;7613;7656;5.41;0.33;307.15;6.56;1288;17;2605.00;43
6328;17;22044154;6328;468;7616;7656;5.39;0.33;307.19;6.56;1288;17;2606.00;40
6329;17;22044170;6329;460;7621;7660;5.41;0.33;307.18;6.58;1292;17;2607.00;39
6332;17;22044189;6332;453;7623;7660;5.40;0.33;307.23;6.58;1291;17;2608.00;37
6334;17;22044206;6334;458;7623;7660;5.46;0.34;307.28;6.58;1289;17;2609.00;37
6335;17;22044226;6335;462;7628;7666;5.47;0.34;307.32;6.60;1293;17;2610.00;38
6339;17;22044244;6339;464;7631;7666;5.47;0.34;307.44;6.60;1292;17;2611.00;35
6346;17;22044261;6346;475;7632;7666;5.42;0.33;307.61;6.60;1286;17;2612.00;34
6348;17;22044278;6348;475;7638;7670;5.39;0.33;307.63;6.62;1290;17;2613.00;32
6353;17;22044295;6353;484;7639;7671;5.33;0.33;307.66;6.62;1286;17;2614.00;32
6358;17;22044311;6358;483;7642;7671;5.25;0.32;307.70;6.64;1284;17;2615.00;29
6362;17;22044327;6362;492;7646;7675;5.23;0.32;307.79;6.67;1284;17;2616.00;29
6363;17;22044351;6363;496;7647;7675;5.14;0.31;307.84;6.68;1284;17;2617.00;28
6367;17;22044367;6367;508;7648;7675;5.05;0.31;307.84;6.68;1281;17;2618.00;27
6369;17;22044383;6369;504;7649;7676;4.98;0.30;307.84;6.69;1280;17;2619.00;27
6372;17;22044400;6372;500;7649;7676;4.85;0.30;307.90;6.69;1277;17;2620.00;27
6377;17;22044416;6377;514;7653;7682;4.79;0.29;307.95;6.69;1276;17;2621.00;29
6379;17;22044432;6379;513;7654;7682;4.78;0.29;308.05;6.69;1275;17;2622.00;28
6383;17;22044448;6383;511;7654;7683;4.75;0.29;308.04;6.69;1271;17;2623.00;29
6385;17;22044464;6385;512;7654;7683;4.71;0.29;308.09;6.69;1269;17;2624.00;29
6387;17;22044480;6387;499;7654;7683;4.72;0.29;308.13;6.69;1267;17;2625.00;29
6391;17;22044497;6391;496;7655;7683;4.70;0.29;308.31;6.69;1264;17;2626.00;28
6392;17;22044513;6392;492;7655;7683;4.73;0.29;308.33;6.69;1263;17;2627.00;28
6396;17;22044529;6396;490;7663;7695;4.77;0.29;308.39;6.69;1267;17;2628.00;32
6400;17;22044546;6400;486;7664;7695;4.74;0.29;308.59;6.69;1264;17;2629.00;31
6401;17;22044562;6401;484;7664;7695;4.76;0.29;308.61;6.69;1263;17;2630.00;31
6404;17;22044578;6404;481;7664;7695;4.79;0.29;308.77;6.69;1260;17;2631.00;31
6408;17;22044594;6408;466;7665;7695;4.79;0.29;308.86;6.69;1257;17;2632.00;30
6410;17;22044610;6410;459;7665;7695;4.83;0.29;308.89;6.69;1255;17;2633.00;30
6413;17;22044626;6413;446;7668;7699;4.89;0.30;309.04;6.69;1255;17;2634.00;31
6414;17;22044644;6414;427;7668;7699;4.95;0.30;309.04;6.69;1254;17;2635.00;31
6417;17;22044661;6417;423;7670;7703;5.01;0.31;309.04;6.68;1253;17;2636.00;33
6422;17;22044678;6422;425;7671;7704;5.01;0.31;309.13;6.68;1249;17;2637.00;33
6423;17;22044694;6423;430;7671;7704;5.04;0.31;309.12;6.68;1248;17;2638.00;33
6427;17;22044712;6427;435;7671;7704;5.09;0.31;309.18;6.68;1244;17;2639.00;33
6431;17;22044732;6431;436;7688;7733;5.18;0.32;309.13;6.67;1257;17;2640.00;45
6438;17;22044751;6438;427;7689;7733;5.21;0.32;309.11;6.67;1251;17;2641.00;44
6442;17;22044769;6442;431;7691;7733;5.23;0.32;309.16;6.67;1249;17;2642.00;42
6445;17;22044787;6445;423;7691;7734;5.26;0.32;309.24;6.67;1246;17;2643.00;43
6452;17;22044804;6452;432;7691;7735;5.27;0.32;309.32;6.67;1239;17;2644.00;44
6455;17;22044821;6455;429;7691;7735;5.31;0.32;309.35;6.67;1236;17;2645.00;44
6461;17;22044839;6461;417;7693;7738;5.36;0.33;309.39;6.67;1232;17;2646.00;45
6465;17;22044856;6465;417;7693;7738;5.39;0.33;309.53;6.67;1228;17;2647.00;45
6466;17;22044874;6466;408;7693;7738;5.48;0.33;309.63;6.67;1227;17;2648.00;45
6470;18;22044891;6470;412;7695;7738;5.52;0.34;309.68;6.67;1225;18;2649.00;43
6475;18;22044917;6475;407;7698;7744;5.57;0.34;309.76;6.67;1223;18;2650.00;46
6480;18;22044936;6480;402;7701;7744;5.56;0.34;309.79;6.67;1221;18;2651.00;43
6481;18;22044953;6481;406;7702;7744;5.62;0.34;309.81;6.67;1221;18;2652.00;42
6483;18;22044971;6483;409;7703;7744;5.68;0.35;309.78;6.67;1220;18;2653.00;41
6488;18;22044987;6488;406;7706;7748;5.71;0.35;310.10;6.67;1218;18;2654.00;42
6490;18;22045005;6490;406;7710;7750;5.75;0.35;310.16;6.67;1220;18;2655.00;40
6493;18;22045022;6493;411;7711;7750;5.76;0.35;310.31;6.67;1218;18;2656.00;39
6500;18;22045039;6500;416;7712;7751;5.74;0.35;310.40;6.67;1212;18;2657.00;39
6504;18;22045057;6504;415;7713;7751;5.77;0.35;310.51;6.67;1209;18;2658.00;38
6507;18;22045073;6507;418;7713;7751;5.78;0.35;310.62;6.67;1206;18;2659.00;38
6512;18;22045092;6512;425;7715;7751;5.75;0.35;310.80;6.68;1203;18;2660.00;36
6518;18;22045110;6518;425;7715;7751;5.71;0.35;310.94;6.68;1197;18;2661.00;36
6522;18;22045127;6522;434;7716;7751;5.70;0.35;310.94;6.68;1194;18;2662.00;35
6524;18;22045144;6524;439;7716;7751;5.67;0.35;311.07;6.68;1192;18;2663.00;35
6527;18;22045161;6527;453;7749;7821;5.65;0.35;311.04;6.65;1222;18;2664.00;72
6532;18;22045184;6532;455;7752;7822;5.65;0.34;311.20;6.65;1220;18;2665.00;70
6537;18;22045201;6537;465;7756;7822;5.63;0.34;311.36;6.65;1219;18;2666.00;66
6539;18;22045219;6539;470;7758;7822;5.58;0.34;311.54;6.65;1219;18;2667.00;64
6540;18;22045236;6540;472;7759;7822;5.57;0.34;311.57;6.65;1219;18;2668.00;63
6542;18;22045257;6542;468;7763;7822;5.58;0.34;311.70;6.65;1221;18;2669.00;59
6544;18;22045284;6544;477;7764;7822;5.58;0.34;311.76;6.65;1220;18;2670.00;58
6546;18;22045301;6546;478;7770;7822;5.58;0.34;311.79;6.65;1224;18;2671.00;52
6550;18;22045324;6550;468;7774;7823;5.57;0.34;311.99;6.65;1224;18;2672.00;49
6558;18;22045343;6558;462;7777;7824;5.50;0.34;312.06;6.65;1219;18;2673.00;47
6559;18;22045361;6559;454;7779;7824;5.45;0.33;312.16;6.65;1220;18;2674.00;45
6566;18;22045378;6566;446;7782;7828;5.35;0.33;312.27;6.65;1216;18;2675.00;46
6567;18;22045396;6567;450;7783;7828;5.32;0.33;312.31;6.65;1216;18;2676.00;45
6569;18;22045414;6569;466;7783;7828;5.32;0.32;312.45;6.65;1214;18;2677.00;45
6572;18;22045430;6572;469;7784;7828;5.32;0.33;312.52;6.65;1212;18;2678.00;44
6575;18;22045448;6575;474;7789;7834;5.34;0.33;312.64;6.65;1214;18;2679.00;45
6576;18;22045465;6576;485;7789;7834;5.32;0.32;312.72;6.65;1213;18;2680.00;45
6582;18;22045490;6582;479;7789;7834;5.35;0.33;312.77;6.65;1207;18;2681.00;45
6584;18;22045507;6584;474;7791;7837;5.42;0.33;312.79;6.65;1207;19;2682.00;46
6585;18;22045536;6585;470;7792;7837;5.42;0.33;312.90;6.65;1207;19;2683.00;45
6587;18;22045553;6587;472;7792;7837;5.43;0.33;312.95;6.65;1205;19;2684.00;45
6589;18;22045570;6589;472;7794;7838;5.40;0.33;312.99;6.65;1205;19;2685.00;44
6593;18;22045587;6593;477;7795;7839;5.39;0.33;313.05;6.65;1202;19;2686.00;44
6595;18;22045604;6595;480;7795;7839;5.39;0.33;313.17;6.65;1200;19;2687.00;44
6596;18;22045621;6596;489;7806;7852;5.39;0.33;313.13;6.65;1210;19;2688.00;46
6600;18;22045641;6600;491;7808;7852;5.39;0.33;313.33;6.65;1208;19;2689.00;44
6604;18;22045660;6604;498;7808;7852;5.38;0.33;313.53;6.65;1204;19;2690.00;44
6608;18;22045677;6608;502;7809;7853;5.34;0.33;313.62;6.65;1201;19;2691.00;44
6609;18;22045694;6609;503;7811;7853;5.33;0.32;313.72;6.65;1202;19;2692.00;42
6610;18;22045713;6610;501;7816;7857;5.36;0.33;313.73;6.65;1206;19;2693.00;41
6613;18;22045730;6613;500;7816;7857;5.34;0.33;313.89;6.65;1203;19;2694.00;41
6614;18;22045748;6614;502;7819;7861;5.33;0.33;313.87;6.65;1205;19;2695.00;42
6617;18;22045764;6617;502;7819;7861;5.31;0.32;314.12;6.65;1202;19;2696.00;42
6622;18;22045782;6622;499;7819;7861;5.28;0.32;314.22;6.65;1197;19;2697.00;42
6627;18;22045799;6627;496;7819;7861;5.26;0.32;314.50;6.65;1192;19;2698.00;42
6630;18;22045815;6630;493;7819;7861;5.25;0.32;314.55;6.65;1189;19;2699.00;42
6631;18;22045834;6631;496;7847;7910;5.28;0.32;314.57;6.62;1216;19;2700.00;63
6631;18;22045862;6631;494;7848;7910;5.25;0.32;314.57;6.62;1217;19;2701.00;62
6633;18;22045878;6633;496;7850;7910;5.30;0.33;314.57;6.62;1217;19;2702.00;60
6636;18;22045895;6636;504;7850;7910;5.28;0.32;314.56;6.62;1214;19;2703.00;60
6640;18;22045912;6640;506;7853;7910;5.27;0.32;314.63;6.62;1213;19;2704.00;57
6644;18;22045931;6644;510;7853;7910;5.28;0.32;314.63;6.62;1209;19;2705.00;57
6645;18;22045950;6645;515;7855;7911;5.21;0.32;314.65;6.62;1210;19;2706.00;56
6646;18;22045967;6646;520;7855;7911;5.19;0.32;314.69;6.62;1209;19;2707.00;56
6650;18;22045983;6650;525;7859;7917;5.13;0.31;314.72;6.62;1209;19;2708.00;58
6652;18;22046002;6652;525;7860;7918;5.08;0.31;314.73;6.62;1208;19;2709.00;58
6655;18;22046020;6655;527;7860;7918;5.00;0.31;314.69;6.62;1205;19;2710.00;58
6657;18;22046038;6657;530;7861;7918;4.96;0.30;314.71;6.62;1204;19;2711.00;57
6660;18;22046056;6660;533;7865;7922;4.88;0.30;314.75;6.62;1205;19;2712.00;57
6663;18;22046073;6663;534;7865;7922;4.81;0.29;314.77;6.62;1202;19;2713.00;57
6665;18;22046089;6665;543;7865;7922;4.78;0.29;314.85;6.62;1200;19;2714.00;57
6667;18;22046106;6667;537;7866;7923;4.73;0.29;314.94;6.62;1199;19;2715.00;57
6670;18;22046122;6670;542;7869;7927;4.71;0.29;314.93;6.61;1199;19;2716.00;58
6672;18;22046139;6672;541;7871;7927;4.67;0.29;314.93;6.62;1199;19;2717.00;56
6675;18;22046161;6675;536;7873;7930;4.68;0.29;314.93;6.61;1198;19;2718.00;57
6677;18;22046179;6677;538;7873;7930;4.63;0.28;314.92;6.61;1196;19;2719.00;57
6679;18;22046195;6679;525;7874;7930;4.70;0.29;314.92;6.61;1195;19;2720.00;56
6683;18;22046210;6683;526;7874;7930;4.73;0.29;314.92;6.61;1191;19;2721.00;56
6686;18;22046228;6686;532;7879;7934;4.75;0.29;314.89;6.62;1193;19;2722.00;55
6688;18;22046244;6688;532;7879;7934;4.78;0.29;314.88;6.62;1191;19;2723.00;55
6690;18;22046258;6690;535;7879;7934;4.83;0.30;314.83;6.62;1189;19;2724.00;55
6692;18;22046274;6692;536;7879;7934;4.80;0.29;314.80;6.62;1187;19;2725.00;55
6695;18;22046290;6695;529;7879;7935;4.77;0.29;314.74;6.62;1184;19;2726.00;56
6700;18;22046305;6700;529;7881;7936;4.69;0.29;314.75;6.62;1181;19;2727.00;55
6700;18;22046329;6700;531;7882;7936;4.60;0.28;314.75;6.62;1182;19;2728.00;54
6704;18;22046342;6704;528;7884;7937;4.55;0.28;314.80;6.65;1180;19;2729.00;53
6709;18;22046363;6709;523;7885;7937;4.49;0.27;314.71;6.67;1176;19;2730.00;52
6713;18;22046380;6713;523;7887;7937;4.42;0.27;314.75;6.67;1174;19;2731.00;50
6715;18;22046395;6715;519;7887;7937;4.39;0.27;314.75;6.67;1172;19;2732.00;50
6718;18;22046412;6718;519;7888;7937;4.46;0.27;314.73;6.68;1170;19;2733.00;49
6721;18;22046426;6721;513;7888;7937;4.50;0.27;314.75;6.68;1167;19;2734.00;49
6724;18;22046441;6724;512;7889;7937;4.54;0.28;314.67;6.70;1165;19;2735.00;48
6724;18;22046456;6724;512;7952;8064;4.87;0.30;314.67;6.65;1228;19;2736.00;112
6724;18;22046495;6724;498;7952;8065;5.02;0.31;314.67;6.65;1228;19;2737.00;113
6724;18;22046511;6724;482;7961;8065;5.19;0.32;314.67;6.65;1237;19;2738.00;104
6728;18;22046525;6728;470;7962;8065;5.28;0.33;314.61;6.65;1234;19;2739.00;103
6728;18;22046541;6728;470;7967;8065;5.42;0.33;314.61;6.64;1239;19;2740.00;98
6729;18;22046557;6729;456;7971;8065;5.51;0.34;314.63;6.64;1242;19;2741.00;94
6731;18;22046573;6731;453;7973;8065;5.57;0.34;314.62;6.64;1242;19;2742.00;92
6733;18;22046590;6733;449;7975;8065;5.63;0.34;314.58;6.64;1242;19;2743.00;90
6733;18;22046606;6733;443;7977;8066;5.68;0.35;314.58;6.64;1244;19;2744.00;89
6736;18;22046623;6736;442;7983;8068;5.72;0.35;314.55;6.64;1247;19;2745.00;85
6737;18;22046641;6737;446;7985;8068;5.76;0.35;314.62;6.65;1248;19;2746.00;83
6737;18;22046661;6737;449;7989;8069;5.80;0.35;314.62;6.65;1252;19;2747.00;80
6739;18;22046683;6739;451;7992;8069;5.83;0.36;314.63;6.65;1253;19;2748.00;77
6741;18;22046701;6741;455;7996;8069;5.84;0.36;314.60;6.66;1255;19;2749.00;73
6742;18;22046718;6742;462;8000;8069;5.84;0.36;314.56;6.66;1258;19;2750.00;69
6746;18;22046735;6746;453;8006;8073;5.84;0.36;314.48;6.66;1260;19;2751.00;67
6747;18;22046753;6747;460;8008;8073;5.84;0.36;314.50;6.68;1261;19;2752.00;65
6749;18;22046770;6749;464;8011;8073;5.83;0.36;314.49;6.68;1262;19;2753.00;62
6750;18;22046788;6750;469;8015;8076;5.78;0.35;314.48;6.71;1265;19;2754.00;61
6750;18;22046805;6750;480;8018;8076;5.76;0.35;314.48;6.72;1268;19;2755.00;58
6753;18;22046822;6753;476;8021;8076;5.72;0.35;314.60;6.73;1268;19;2756.00;55
6755;18;22046839;6755;482;8024;8080;5.68;0.35;314.56;6.73;1269;19;2757.00;56
6758;18;22046857;6758;483;8028;8081;5.63;0.34;314.66;6.76;1270;19;2758.00;53
6761;18;22046874;6761;493;8029;8081;5.59;0.34;314.69;6.76;1268;19;2759.00;52
6764;18;22046892;6764;497;8034;8086;5.58;0.34;314.68;6.80;1270;19;2760.00;52
6767;18;22046910;6767;497;8034;8086;5.52;0.34;314.84;6.80;1267;19;2761.00;52
6770;18;22046926;6770;500;8037;8086;5.47;0.33;314.88;6.85;1267;19;2762.00;49
6772;18;22046944;6772;509;8038;8087;5.48;0.33;314.83;6.85;1266;19;2763.00;49
6774;18;22046961;6774;505;8039;8087;5.47;0.33;314.86;6.87;1265;19;2764.00;48
6777;18;22046977;6777;502;8044;8093;5.53;0.34;314.97;6.87;1267;19;2765.00;49
6778;18;22046995;6778;504;8046;8093;5.56;0.34;315.05;6.92;1268;19;2766.00;47
6780;18;22047016;6780;496;8046;8094;5.61;0.34;315.04;6.92;1266;19;2767.00;48
6780;18;22047034;6780;504;8047;8094;5.68;0.35;315.04;6.94;1267;19;2768.00;47
6783;18;22047050;6783;502;8048;8094;5.68;0.35;315.07;6.97;1265;19;2769.00;46
6785;18;22047067;6785;500;8048;8094;5.68;0.35;315.09;6.97;1263;19;2770.00;46
6787;18;22047083;6787;504;8050;8094;5.67;0.34;315.06;7.01;1263;19;2771.00;44
6788;19;22047107;6788;506;8061;8106;5.71;0.35;315.03;7.00;1273;20;2772.00;45
6791;19;22047136;6791;513;8061;8106;5.66;0.34;315.16;7.00;1270;20;2773.00;45
6794;19;22047154;6794;506;8061;8106;5.59;0.34;315.18;7.00;1267;20;2774.00;45
6796;19;22047171;6796;508;8065;8106;5.58;0.34;315.26;7.09;1269;20;2775.00;41
6800;19;22047188;6800;496;8065;8106;5.53;0.34;315.28;7.09;1265;20;2776.00;41
6800;19;22047205;6800;503;8067;8106;5.48;0.33;315.28;7.13;1267;20;2777.00;39
6802;19;22047229;6802;495;8070;8110;5.42;0.33;315.33;7.13;1268;20;2778.00;40
6803;19;22047246;6803;490;8072;8110;5.35;0.33;315.35;7.17;1269;20;2779.00;38
6803;19;22047262;6803;481;8076;8114;5.36;0.33;315.35;7.17;1273;20;2780.00;38
6803;19;22047279;6803;486;8077;8115;5.35;0.33;315.35;7.17;1274;20;2781.00;38
6807;19;22047296;6807;488;8079;8115;5.31;0.32;315.40;7.20;1272;20;2782.00;36
6811;19;22047313;6811;489;8079;8115;5.25;0.32;315.51;7.20;1268;20;2783.00;36
6814;19;22047330;6814;489;8090;8128;5.20;0.32;315.58;7.19;1276;20;2784.00;38
6814;19;22047351;6814;489;8092;8128;5.22;0.32;315.58;7.23;1278;20;2785.00;36
6820;19;22047367;6820;480;8092;8128;5.19;0.31;315.60;7.23;1272;20;2786.00;36
6822;19;22047385;6822;488;8095;8129;5.23;0.32;315.60;7.26;1273;20;2787.00;34
6822;19;22047402;6822;485;8095;8130;5.28;0.32;315.60;7.26;1273;20;2788.00;35
6827;19;22047419;6827;492;8095;8130;5.30;0.32;315.77;7.26;1268;20;2789.00;35
6830;19;22047437;6830;489;8102;8136;5.29;0.32;315.72;7.29;1272;20;2790.00;34
6835;19;22047454;6835;488;8102;8136;5.29;0.32;315.69;7.29;1267;20;2791.00;34
6838;19;22047471;6838;497;8103;8136;5.31;0.32;315.67;7.29;1265;20;2792.00;33
6842;19;22047488;6842;494;8105;8136;5.26;0.32;315.72;7.32;1263;20;2793.00;31
6843;19;22047504;6843;496;8110;8142;5.32;0.32;315.73;7.31;1267;20;2794.00;32
6846;19;22047521;6846;492;8112;8142;5.28;0.32;315.72;7.34;1266;20;2795.00;30
6849;19;22047538;6849;498;8112;8142;5.24;0.32;315.70;7.34;1263;20;2796.00;30
6853;19;22047556;6853;504;8112;8142;5.17;0.32;315.80;7.34;1259;20;2797.00;30
6854;19;22047573;6854;505;8115;8146;5.11;0.31;315.77;7.34;1261;20;2798.00;31
6860;19;22047589;6860;514;8116;8147;5.04;0.31;315.82;7.34;1256;20;2799.00;31
6863;19;22047607;6863;507;8116;8147;4.99;0.31;315.89;7.34;1253;20;2800.00;31
6870;19;22047630;6870;498;8117;8148;4.96;0.30;315.95;7.34;1247;20;2801.00;31
6873;19;22047650;6873;489;8117;8148;4.98;0.30;315.98;7.34;1244;20;2802.00;31
6875;19;22047674;6875;487;8117;8148;5.01;0.31;316.02;7.34;1242;20;2803.00;31
6878;20;22047691;6878;476;8117;8148;5.03;0.31;316.05;7.34;1239;21;2804.00;31
6880;20;22047722;6880;479;8117;8148;5.03;0.31;316.08;7.34;1237;21;2805.00;31
6883;20;22047740;6883;476;8117;8148;5.06;0.31;316.12;7.34;1234;21;2806.00;31
6887;20;22047756;6887;466;8117;8148;5.11;0.31;316.26;7.34;1230;21;2807.00;31
6890;20;22047773;6890;465;8154;8218;5.29;0.32;316.32;7.30;1264;21;2808.00;64
6894;20;22047801;6894;456;8158;8219;5.30;0.32;316.38;7.30;1264;21;2809.00;61
6897;20;22047818;6897;453;8161;8219;5.29;0.32;316.43;7.30;1264;21;2810.00;58
6898;20;22047835;6898;453;8163;8219;5.29;0.32;316.47;7.30;1265;21;2811.00;56
6900;20;22047853;6900;450;8164;8219;5.29;0.32;316.50;7.30;1264;21;2812.00;55
6902;20;22047869;6902;459;8164;8219;5.29;0.32;316.58;7.30;1262;21;2813.00;55
6905;20;22047887;6905;462;8167;8219;5.33;0.33;316.58;7.30;1262;21;2814.00;52
6910;20;22047905;6910;468;8167;8219;5.29;0.32;316.63;7.30;1257;21;2815.00;52
6914;20;22047922;6914;469;8169;8220;5.29;0.32;316.78;7.30;1255;21;2816.00;51
6916;20;22047940;6916;474;8171;8221;5.30;0.33;316.89;7.30;1255;21;2817.00;50
6919;20;22047957;6919;479;8174;8221;5.30;0.32;316.96;7.30;1255;21;2818.00;47
6924;20;22047981;6924;477;8178;8225;5.26;0.32;317.12;7.30;1254;21;2819.00;47
6928;20;22048000;6928;484;8178;8225;5.22;0.32;317.29;7.30;1250;21;2820.00;47
6930;20;22048026;6930;481;8179;8225;5.24;0.32;317.29;7.30;1249;21;2821.00;46
6935;20;22048052;6935;480;8179;8225;5.20;0.32;317.41;7.30;1244;21;2822.00;46
6938;20;22048069;6938;482;8185;8231;5.21;0.32;317.54;7.30;1247;21;2823.00;46
6945;20;22048087;6945;487;8185;8231;5.17;0.32;317.61;7.30;1240;21;2824.00;46
6947;20;22048104;6947;488;8185;8231;5.18;0.32;317.59;7.30;1238;21;2825.00;46
6950;20;22048121;6950;489;8187;8234;5.23;0.32;317.60;7.30;1237;21;2826.00;47
6953;20;22048138;6953;485;8187;8234;5.29;0.32;317.69;7.30;1234;21;2827.00;47
6962;20;22048156;6962;489;8187;8234;5.27;0.32;317.68;7.30;1225;21;2828.00;47
6966;20;22048175;6966;491;8188;8235;5.27;0.32;317.71;7.30;1222;21;2829.00;47
6972;20;22048195;6972;499;8191;8236;5.22;0.32;317.73;7.30;1219;21;2830.00;45
6975;20;22048214;6975;497;8192;8236;5.18;0.31;317.65;7.30;1217;21;2831.00;44
6979;20;22048231;6979;508;8201;8249;5.15;0.31;317.79;7.29;1222;21;2832.00;48
6983;20;22048250;6983;507;8201;8249;5.08;0.31;317.86;7.29;1218;21;2833.00;48
6986;20;22048267;6986;510;8203;8249;5.01;0.30;317.94;7.30;1217;21;2834.00;46
6988;20;22048283;6988;512;8205;8251;4.95;0.30;318.04;7.30;1217;21;2835.00;46
6990;20;22048299;6990;517;8206;8251;4.93;0.30;318.15;7.30;1216;21;2836.00;45
6993;20;22048315;6993;522;8210;8255;4.92;0.30;318.23;7.29;1217;21;2837.00;45
6996;20;22048332;6996;532;8211;8255;4.86;0.29;318.25;7.29;1215;21;2838.00;44
7000;20;22048349;7000;544;8215;8259;4.81;0.29;318.28;7.29;1215;21;2839.00;44
7003;20;22048365;7003;550;8216;8259;4.79;0.29;318.24;7.29;1213;21;2840.00;43
7005;20;22048380;7005;551;8217;8259;4.79;0.29;318.26;7.30;1212;21;2841.00;42
7010;20;22048397;7010;553;8217;8259;4.77;0.29;318.37;7.30;1207;21;2842.00;42
7012;20;22048414;7012;561;8217;8259;4.74;0.29;318.50;7.30;1205;21;2843.00;42
7015;20;22048429;7015;560;8227;8271;4.74;0.29;318.62;7.29;1212;21;2844.00;44
7019;20;22048447;7019;560;8228;8271;4.70;0.29;318.69;7.29;1209;21;2845.00;43
7020;20;22048464;7020;566;8229;8271;4.68;0.28;318.75;7.29;1209;21;2846.00;42
7022;20;22048480;7022;555;8229;8271;4.66;0.28;318.82;7.29;1207;21;2847.00;42
7024;20;22048496;7024;553;8229;8271;4.67;0.28;318.89;7.29;1205;21;2848.00;42
7027;20;22048513;7027;549;8229;8271;4.73;0.29;318.89;7.29;1202;21;2849.00;42
7029;20;22048532;7029;550;8231;8274;4.70;0.29;318.94;7.28;1202;21;2850.00;43
7033;20;22048549;7033;539;8231;8274;4.71;0.29;319.09;7.28;1198;21;2851.00;43
7034;20;22048566;7034;539;8236;8280;4.80;0.29;319.12;7.28;1202;21;2852.00;44
7038;20;22048584;7038;546;8237;8281;4.81;0.29;319.14;7.28;1199;21;2853.00;44
7039;20;22048601;7039;549;8237;8281;4.86;0.30;319.15;7.28;1198;21;2854.00;44
7041;20;22048618;7041;554;8237;8281;4.92;0.30;319.09;7.28;1196;21;2855.00;44
7043;20;22048634;7043;544;8240;8285;4.97;0.30;319.12;7.28;1197;21;2856.00;45
7045;20;22048651;7045;534;8240;8285;4.99;0.30;319.17;7.28;1195;21;2857.00;45
7047;20;22048675;7047;526;8240;8285;5.05;0.31;319.20;7.28;1193;21;2858.00;45
7051;20;22048694;7051;527;8241;8286;5.05;0.31;319.42;7.28;1190;21;2859.00;45
7053;20;22048711;7053;531;8244;8290;5.06;0.31;319.42;7.27;1191;21;2860.00;46
7056;20;22048729;7056;533;8244;8290;5.06;0.31;319.45;7.27;1188;21;2861.00;46
7057;20;22048746;7057;531;8246;8293;5.05;0.31;319.50;7.27;1189;21;2862.00;47
7058;20;22048764;7058;534;8247;8293;5.05;0.31;319.51;7.27;1189;21;2863.00;46
7063;20;22048782;7063;538;8249;8295;5.02;0.31;319.66;7.27;1186;21;2864.00;46
7064;20;22048800;7064;529;8249;8295;5.07;0.31;319.63;7.27;1185;21;2865.00;46
7066;20;22048817;7066;527;8253;8299;5.13;0.31;319.71;7.27;1187;21;2866.00;46
7067;20;22048835;7067;521;8253;8299;5.17;0.31;319.74;7.27;1186;21;2867.00;46
7068;20;22048852;7068;517;8253;8299;5.20;0.32;319.74;7.27;1185;21;2868.00;46
7072;20;22048868;7072;514;8253;8299;5.22;0.32;319.81;7.27;1181;21;2869.00;46
7074;20;22048885;7074;510;8253;8300;5.24;0.32;319.82;7.27;1179;21;2870.00;47
7077;20;22048906;7077;508;8254;8301;5.22;0.32;319.74;7.27;1177;21;2871.00;47
7077;20;22048923;7077;511;8254;8301;5.24;0.32;319.74;7.27;1177;21;2872.00;47
7080;20;22048939;7080;513;8255;8302;5.19;0.31;319.75;7.27;1175;21;2873.00;47
7082;20;22048957;7082;519;8255;8302;5.15;0.31;319.76;7.27;1173;21;2874.00;47
7084;20;22048981;7084;517;8255;8302;5.10;0.31;319.74;7.27;1171;21;2875.00;47
7086;20;22049003;7086;517;8255;8302;5.07;0.31;319.80;7.27;1169;21;2876.00;47
7088;20;22049020;7088;519;8255;8302;5.06;0.31;319.75;7.27;1167;21;2877.00;47
7091;20;22049036;7091;530;8255;8302;5.00;0.30;319.77;7.27;1164;21;2878.00;47
7091;20;22049052;7091;527;8255;8302;4.96;0.30;319.77;7.27;1164;21;2879.00;47
7094;20;22049069;7094;586;8375;8532;5.11;0.32;319.70;7.16;1281;21;2880.00;157
7095;20;22049107;7095;581;8379;8533;5.16;0.33;319.72;7.16;1284;21;2881.00;154
7098;20;22049124;7098;565;8389;8533;5.27;0.33;319.65;7.15;1291;21;2882.00;144
7099;20;22049142;7099;567;8391;8533;5.31;0.33;319.62;7.15;1292;21;2883.00;142
7100;20;22049160;7100;566;8398;8533;5.35;0.34;319.61;7.15;1298;21;2884.00;135
7101;20;22049178;7101;556;8401;8533;5.31;0.33;319.59;7.15;1300;21;2885.00;132
7108;20;22049197;7108;551;8409;8533;5.28;0.33;319.62;7.15;1301;21;2886.00;124
7109;20;22049230;7109;558;8416;8533;5.23;0.33;319.65;7.15;1307;21;2887.00;117
7109;20;22049254;7109;564;8419;8534;5.22;0.33;319.65;7.15;1310;21;2888.00;115
7110;20;22049271;7110;559;8423;8535;5.16;0.32;319.61;7.15;1313;21;2889.00;112
7114;20;22049289;7114;559;8428;8535;5.08;0.32;319.62;7.15;1314;21;2890.00;107
7116;20;22049307;7116;561;8431;8536;5.02;0.31;319.61;7.15;1315;21;2891.00;105
7118;20;22049324;7118;562;8434;8536;4.92;0.31;319.65;7.15;1316;21;2892.00;102
7119;20;22049342;7119;547;8437;8536;4.87;0.30;319.67;7.15;1318;21;2893.00;99
7120;20;22049361;7120;543;8439;8536;4.82;0.30;319.70;7.16;1319;21;2894.00;97
7123;20;22049378;7123;544;8442;8540;4.79;0.30;319.71;7.16;1319;21;2895.00;98
7127;20;22049396;7127;549;8444;8540;4.79;0.29;319.63;7.16;1317;21;2896.00;96
7128;20;22049414;7128;541;8446;8540;4.86;0.30;319.63;7.16;1318;21;2897.00;94
7128;20;22049432;7128;543;8447;8543;4.94;0.30;319.63;7.16;1319;21;2898.00;96
7129;20;22049458;7129;540;8450;8543;4.98;0.31;319.64;7.16;1321;21;2899.00;93
7130;20;22049486;7130;534;8452;8543;5.07;0.31;319.65;7.17;1322;21;2900.00;91
7131;20;22049510;7131;535;8455;8547;5.13;0.31;319.63;7.16;1324;21;2901.00;92
7136;20;22049529;7136;533;8456;8548;5.16;0.32;319.60;7.16;1320;21;2902.00;92
7137;20;22049548;7137;536;8456;8548;5.19;0.32;319.58;7.16;1319;21;2903.00;92
7140;20;22049574;7140;528;8458;8552;5.18;0.32;319.51;7.16;1318;21;2904.00;94
7142;20;22049592;7142;522;8459;8552;5.19;0.32;319.52;7.16;1317;21;2905.00;93
7144;20;22049611;7144;514;8462;8552;5.22;0.32;319.50;7.21;1318;21;2906.00;90
7147;20;22049640;7147;504;8462;8553;5.25;0.32;319.43;7.21;1315;21;2907.00;91
7149;20;22049660;7149;499;8466;8553;5.30;0.32;319.42;7.22;1317;21;2908.00;87
7154;20;22049678;7154;490;8470;8559;5.33;0.33;319.46;7.22;1316;21;2909.00;89
7154;20;22049701;7154;484;8471;8559;5.34;0.33;319.46;7.23;1317;21;2910.00;88
7157;20;22049719;7157;477;8472;8560;5.36;0.33;319.62;7.23;1315;21;2911.00;88
7158;20;22049736;7158;478;8473;8560;5.43;0.33;319.61;7.23;1315;21;2912.00;87
7160;20;22049755;7160;474;8474;8560;5.48;0.33;319.55;7.23;1314;21;2913.00;86
7162;20;22049773;7162;467;8475;8560;5.55;0.34;319.53;7.23;1313;21;2914.00;85
7164;20;22049801;7164;464;8476;8560;5.63;0.34;319.51;7.24;1312;21;2915.00;84
7166;20;22049818;7166;466;8485;8572;5.71;0.35;319.47;7.23;1319;21;2916.00;87
7170;20;22049836;7170;466;8487;8572;5.72;0.35;319.43;7.23;1317;21;2917.00;85
7171;20;22049855;7171;474;8487;8572;5.73;0.35;319.40;7.23;1316;21;2918.00;85
7175;20;22049880;7175;473;8488;8572;5.70;0.35;319.31;7.23;1313;21;2919.00;84
7177;20;22049898;7177;477;8488;8572;5.73;0.35;319.44;7.23;1311;21;2920.00;84
7181;20;22049917;7181;480;8490;8572;5.72;0.35;319.47;7.23;1309;21;2921.00;82
7183;20;22049939;7183;479;8494;8576;5.75;0.35;319.54;7.23;1311;21;2922.00;82
7186;20;22049957;7186;487;8494;8576;5.73;0.35;319.60;7.23;1308;21;2923.00;82
7189;20;22049982;7189;492;8498;8580;5.70;0.35;319.74;7.24;1309;21;2924.00;82
7192;20;22050001;7192;499;8500;8582;5.71;0.35;319.81;7.23;1308;21;2925.00;82
7193;20;22050019;7193;501;8500;8582;5.74;0.35;319.84;7.23;1307;21;2926.00;82
7196;20;22050045;7196;507;8503;8582;5.67;0.34;319.95;7.25;1307;21;2927.00;79
7199;20;22050063;7199;508;8512;8595;5.63;0.34;320.11;7.24;1313;21;2928.00;83
7200;20;22050082;7200;514;8514;8595;5.65;0.34;320.14;7.25;1314;21;2929.00;81
7201;20;22050101;7201;525;8516;8595;5.63;0.34;320.15;7.28;1315;21;2930.00;79
7205;20;22050119;7205;526;8519;8596;5.60;0.34;320.13;7.28;1314;21;2931.00;77
7206;20;22050139;7206;527;8519;8597;5.61;0.34;320.14;7.28;1313;21;2932.00;78
7207;20;22050159;7207;522;8521;8597;5.57;0.34;320.16;7.31;1314;21;2933.00;76
7212;20;22050180;7212;529;8524;8600;5.55;0.34;320.21;7.31;1312;21;2934.00;76
7215;20;22050207;7215;538;8526;8600;5.53;0.34;320.36;7.34;1311;21;2935.00;74
7218;20;22050228;7218;534;8527;8600;5.51;0.34;320.42;7.35;1309;21;2936.00;73
7221;20;22050247;7221;541;8529;8600;5.47;0.33;320.51;7.38;1308;21;2937.00;71
7225;20;22050266;7225;535;8535;8606;5.50;0.34;320.49;7.38;1310;21;2938.00;71
7229;20;22050285;7229;538;8536;8606;5.47;0.33;320.61;7.41;1307;21;2939.00;70
7232;20;22050306;7232;547;8537;8606;5.48;0.33;320.71;7.42;1305;21;2940.00;69
7233;20;22050324;7233;554;8539;8606;5.52;0.34;320.73;7.47;1306;21;2941.00;67
7237;20;22050341;7237;567;8543;8610;5.50;0.34;320.87;7.47;1306;21;2942.00;67
7241;20;22050361;7241;565;8546;8611;5.49;0.33;320.94;7.48;1305;21;2943.00;65
7244;20;22050380;7244;569;8546;8611;5.47;0.33;320.98;7.48;1302;21;2944.00;65
7247;20;22050398;7247;562;8547;8612;5.46;0.33;320.99;7.48;1300;21;2945.00;65
7251;20;22050416;7251;566;8552;8612;5.43;0.33;320.95;7.58;1301;21;2946.00;60
7253;20;22050434;7253;567;8552;8612;5.43;0.33;320.92;7.58;1299;21;2947.00;60
7255;20;22050451;7255;577;8554;8612;5.41;0.33;320.98;7.62;1299;21;2948.00;58
7258;20;22050469;7258;571;8555;8612;5.43;0.33;321.08;7.65;1297;21;2949.00;57
7261;20;22050487;7261;564;8556;8612;5.38;0.33;321.22;7.67;1295;21;2950.00;56
7262;20;22050514;7262;560;8556;8612;5.34;0.32;321.21;7.67;1294;21;2951.00;56
7262;20;22050532;7262;576;8599;8682;5.38;0.33;321.21;7.63;1337;21;2952.00;83
7266;20;22050557;7266;568;8602;8683;5.36;0.33;321.40;7.68;1336;21;2953.00;81
7268;20;22050578;7268;570;8607;8683;5.41;0.33;321.39;7.68;1339;21;2954.00;76
7270;20;22050596;7270;572;8607;8683;5.44;0.33;321.53;7.68;1337;21;2955.00;76
7272;20;22050613;7272;561;8612;8683;5.47;0.33;321.48;7.72;1340;21;2956.00;71
7274;20;22050631;7274;556;8612;8683;5.48;0.33;321.57;7.72;1338;21;2957.00;71
7276;20;22050649;7276;560;8613;8683;5.53;0.34;321.58;7.72;1337;21;2958.00;70
7277;20;22050668;7277;552;8616;8683;5.59;0.34;321.58;7.77;1339;21;2959.00;67
7278;20;22050686;7278;556;8617;8684;5.64;0.34;321.59;7.77;1339;21;2960.00;67
7281;20;22050703;7281;559;8618;8685;5.63;0.34;321.64;7.77;1337;21;2961.00;67
7284;20;22050721;7284;560;8621;8685;5.60;0.34;321.71;7.81;1337;21;2962.00;64
7287;20;22050739;7287;562;8625;8689;5.56;0.34;321.70;7.81;1338;21;2963.00;64
7292;20;22050758;7292;563;8628;8689;5.54;0.34;321.74;7.85;1336;21;2964.00;61
7297;20;22050775;7297;564;8629;8689;5.53;0.34;321.74;7.85;1332;21;2965.00;60
7301;20;22050797;7301;570;8632;8689;5.51;0.34;321.79;7.89;1331;21;2966.00;57
7304;20;22050816;7304;577;8636;8695;5.48;0.33;321.81;7.89;1332;21;2967.00;59
7308;20;22050834;7308;584;8637;8695;5.44;0.33;321.90;7.89;1329;21;2968.00;58
7313;20;22050852;7313;585;8638;8695;5.39;0.33;321.87;7.89;1325;21;2969.00;57
7318;20;22050871;7318;584;8643;8701;5.41;0.33;321.96;7.92;1325;21;2970.00;58
7322;20;22050890;7322;583;8643;8701;5.36;0.33;322.05;7.92;1321;21;2971.00;58
7326;20;22050907;7326;584;8644;8701;5.30;0.32;322.06;7.92;1318;21;2972.00;57
7329;20;22050925;7329;595;8646;8702;5.18;0.32;322.24;7.96;1317;21;2973.00;56
7332;20;22050943;7332;595;8647;8703;5.08;0.31;322.21;7.96;1315;21;2974.00;56
7336;20;22050961;7336;586;8647;8703;5.04;0.31;322.31;7.96;1311;21;2975.00;56
7339;20;22050979;7339;573;8657;8716;5.01;0.30;322.35;7.95;1318;21;2976.00;59
7343;20;22050998;7343;569;8657;8716;4.98;0.30;322.40;7.95;1314;21;2977.00;59
7346;20;22051016;7346;571;8657;8716;4.96;0.30;322.40;7.95;1311;21;2978.00;59
7348;20;22051034;7348;564;8657;8717;5.01;0.30;322.45;7.95;1309;21;2979.00;60
7351;20;22051051;7351;569;8657;8717;5.05;0.31;322.58;7.95;1306;21;2980.00;60
7354;20;22051068;7354;557;8660;8721;5.11;0.31;322.70;7.95;1306;21;2981.00;61
7356;20;22051086;7356;547;8660;8721;5.14;0.31;322.81;7.95;1304;21;2982.00;61
7358;20;22051104;7358;544;8663;8725;5.19;0.32;322.89;7.95;1305;21;2983.00;62
7362;20;22051122;7362;533;8663;8725;5.24;0.32;322.91;7.95;1301;21;2984.00;62
7363;20;22051140;7363;534;8663;8725;5.26;0.32;322.96;7.95;1300;21;2985.00;62
7369;20;22051158;7369;526;8663;8725;5.25;0.32;323.12;7.95;1294;21;2986.00;62
7372;20;22051178;7372;530;8663;8725;5.26;0.32;323.20;7.95;1291;21;2987.00;62
7376;20;22051196;7376;520;8672;8737;5.28;0.32;323.25;7.94;1296;21;2988.00;65
7380;20;22051214;7380;519;8672;8737;5.22;0.32;323.36;7.94;1292;21;2989.00;65
7384;20;22051232;7384;519;8672;8737;5.18;0.31;323.51;7.94;1288;21;2990.00;65
7386;20;22051251;7386;522;8672;8737;5.18;0.31;323.57;7.94;1286;21;2991.00;65
7390;20;22051268;7390;520;8674;8737;5.13;0.31;323.66;7.94;1284;21;2992.00;63
7392;20;22051285;7392;514;8674;8737;5.10;0.31;323.72;7.94;1282;21;2993.00;63
7396;20;22051302;7396;514;8674;8738;5.07;0.31;323.78;7.94;1278;21;2994.00;64
7399;20;22051327;7399;515;8674;8738;5.02;0.30;323.76;7.94;1275;21;2995.00;64
7403;20;22051344;7403;517;8679;8744;5.02;0.30;323.87;7.95;1276;21;2996.00;65
7406;20;22051362;7406;527;8679;8745;4.96;0.30;323.96;7.95;1273;21;2997.00;66
7412;20;22051386;7412;519;8679;8745;4.86;0.29;323.98;7.95;1267;21;2998.00;66
7418;20;22051403;7418;522;8681;8745;4.81;0.29;324.27;7.95;1263;21;2999.00;64
7421;20;22051424;7421;529;8688;8765;4.76;0.29;324.33;7.95;1267;21;3000.00;77
7423;20;22051450;7423;537;8688;8765;4.74;0.29;324.43;7.95;1265;21;3001.00;77
7427;20;22051467;7427;536;8690;8765;4.67;0.28;324.64;7.95;1263;21;3002.00;75
7431;20;22051485;7431;542;8691;8766;4.64;0.28;324.68;7.95;1260;21;3003.00;75
7436;20;22051502;7436;548;8696;8770;4.57;0.28;324.85;7.95;1260;21;3004.00;74
7439;20;22051519;7439;546;8699;8770;4.51;0.28;324.80;7.96;1260;21;3005.00;71
7443;20;22051536;7443;555;8702;8773;4.43;0.27;324.88;7.96;1259;21;3006.00;71
7444;20;22051554;7444;554;8703;8773;4.40;0.27;324.91;7.96;1259;21;3007.00;70
7448;20;22051570;7448;551;8703;8773;4.35;0.27;324.96;7.96;1255;21;3008.00;70
7451;20;22051586;7451;552;8705;8773;4.34;0.27;324.94;7.96;1254;21;3009.00;68
7452;20;22051602;7452;559;8710;8777;4.35;0.27;324.99;7.96;1258;21;3010.00;67
7457;20;22051619;7457;560;8710;8777;4.36;0.27;325.20;7.96;1253;21;3011.00;67
7459;20;22051635;7459;565;8713;8777;4.30;0.26;325.18;7.96;1254;21;3012.00;64
7461;20;22051652;7461;566;8713;8777;4.32;0.27;325.32;7.96;1252;21;3013.00;64
7464;20;22051668;7464;575;8713;8778;4.30;0.26;325.46;7.96;1249;21;3014.00;65
7466;20;22051685;7466;579;8716;8780;4.34;0.27;325.47;7.96;1250;21;3015.00;64
7469;20;22051702;7469;578;8717;8780;4.33;0.27;325.42;7.96;1248;21;3016.00;63
7473;20;22051717;7473;580;8718;8781;4.27;0.26;325.46;7.96;1245;21;3017.00;63
7474;20;22051735;7474;583;8719;8781;4.23;0.26;325.43;7.96;1245;21;3018.00;62
7477;20;22051751;7477;592;8719;8781;4.16;0.26;325.43;7.96;1242;21;3019.00;62
7479;20;22051767;7479;600;8719;8781;4.09;0.25;325.39;7.96;1240;21;3020.00;62
7480;20;22051784;7480;609;8719;8781;4.02;0.25;325.47;7.96;1239;21;3021.00;62
7483;20;22051800;7483;593;8719;8781;3.98;0.24;325.39;7.96;1236;21;3022.00;62
7483;20;22051816;7483;592;8719;8781;3.95;0.24;325.39;7.96;1236;21;3023.00;62
7484;20;22051831;7484;600;8784;8908;4.33;0.27;325.35;7.90;1300;21;3024.00;124
7486;20;22051860;7486;590;8787;8909;4.32;0.27;325.33;7.90;1301;21;3025.00;122
7489;20;22051878;7489;589;8796;8909;4.38;0.27;325.27;7.89;1307;21;3026.00;113
7491;20;22051896;7491;583;8799;8909;4.42;0.27;325.26;7.89;1308;21;3027.00;110
7493;20;22051913;7493;584;8804;8909;4.49;0.28;325.25;7.89;1311;21;3028.00;105
7494;20;22051931;7494;589;8807;8909;4.50;0.28;325.25;7.89;1313;21;3029.00;102
7496;20;22051957;7496;589;8811;8909;4.51;0.28;325.23;7.89;1315;21;3030.00;98
7500;20;22051973;7500;579;8813;8909;4.53;0.28;325.20;7.89;1313;21;3031.00;96
7502;20;22051991;7502;569;8815;8910;4.58;0.28;325.29;7.89;1313;21;3032.00;95
7503;20;22052009;7503;567;8818;8911;4.61;0.28;325.26;7.89;1315;21;3033.00;93
7504;20;22052029;7504;568;8821;8911;4.64;0.29;325.25;7.89;1317;21;3034.00;90
7504;20;22052046;7504;569;8822;8912;4.67;0.29;325.25;7.89;1318;21;3035.00;90
7507;20;22052070;7507;567;8828;8912;4.71;0.29;325.16;7.90;1321;21;3036.00;84
7508;20;22052088;7508;567;8831;8912;4.74;0.29;325.19;7.90;1323;21;3037.00;81
7508;20;22052107;7508;562;8833;8912;4.80;0.30;325.19;7.90;1325;21;3038.00;79
7510;20;22052126;7510;573;8838;8916;4.84;0.30;325.30;7.90;1328;21;3039.00;78
7511;20;22052145;7511;575;8839;8916;4.84;0.30;325.26;7.90;1328;21;3040.00;77
7513;20;22052164;7513;571;8841;8916;4.85;0.30;325.23;7.90;1328;21;3041.00;75
7516;20;22052182;7516;570;8843;8919;4.82;0.30;325.31;7.90;1327;21;3042.00;76
7516;20;22052201;7516;566;8844;8919;4.83;0.30;325.31;7.90;1328;21;3043.00;75
7518;20;22052219;7518;566;8844;8919;4.84;0.30;325.31;7.90;1326;21;3044.00;75
7519;20;22052237;7519;566;8849;8923;4.83;0.30;325.39;7.90;1330;21;3045.00;74
7521;20;22052256;7521;565;8851;8924;4.81;0.30;325.37;7.92;1330;21;3046.00;73
7522;20;22052274;7522;573;8853;8924;4.78;0.30;325.38;7.92;1331;21;3047.00;71
7527;20;22052300;7527;568;8856;8928;4.73;0.29;325.27;7.92;1329;21;3048.00;72
7528;20;22052319;7528;565;8857;8928;4.73;0.29;325.28;7.92;1329;21;3049.00;71
7529;20;22052336;7529;559;8857;8928;4.76;0.29;325.26;7.92;1328;21;3050.00;71
7530;20;22052354;7530;563;8858;8929;4.77;0.29;325.22;7.92;1328;21;3051.00;71
7533;20;22052371;7533;551;8858;8929;4.78;0.29;325.18;7.92;1325;21;3052.00;71
7536;20;22052390;7536;544;8863;8935;4.80;0.29;325.12;7.91;1327;21;3053.00;72
7539;20;22052412;7539;547;8863;8935;4.87;0.30;325.04;7.91;1324;21;3054.00;72
7540;21;22052430;7540;543;8863;8936;4.92;0.30;325.01;7.91;1323;22;3055.00;73
7540;21;22052468;7540;548;8863;8936;4.94;0.30;325.01;7.91;1323;22;3056.00;73
7542;21;22052487;7542;538;8863;8936;4.93;0.30;324.98;7.91;1321;22;3057.00;73
7545;21;22052514;7545;537;8863;8936;4.94;0.30;325.03;7.91;1318;22;3058.00;73
7545;21;22052540;7545;538;8863;8936;4.98;0.30;325.03;7.91;1318;22;3059.00;73
7548;21;22052568;7548;547;8888;8972;5.01;0.31;324.96;7.89;1340;22;3060.00;84
7550;21;22052589;7550;549;8889;8972;5.05;0.31;325.00;7.89;1339;22;3061.00;83
7551;21;22052607;7551;539;8892;8972;5.10;0.31;324.97;7.89;1341;22;3062.00;80
7551;21;22052627;7551;542;8892;8972;5.13;0.31;324.97;7.89;1341;22;3063.00;80
7551;21;22052651;7551;544;8893;8972;5.18;0.32;324.97;7.89;1342;22;3064.00;79
7553;21;22052669;7553;540;8893;8972;5.18;0.32;325.09;7.89;1340;22;3065.00;79
7557;21;22052688;7557;539;8897;8976;5.18;0.32;325.01;7.89;1340;22;3066.00;79
7560;21;22052707;7560;540;8897;8976;5.24;0.32;325.05;7.89;1337;22;3067.00;79
7563;21;22052728;7563;538;8901;8980;5.26;0.32;325.07;7.88;1338;22;3068.00;79
7565;21;22052748;7565;536;8902;8981;5.28;0.32;325.10;7.88;1337;22;3069.00;79
7568;21;22052767;7568;531;8902;8981;5.32;0.32;325.13;7.88;1334;22;3070.00;79
7572;21;22052786;7572;526;8902;8981;5.32;0.32;325.20;7.88;1330;22;3071.00;79
7577;21;22052805;7577;517;8911;8994;5.35;0.32;325.18;7.87;1334;22;3072.00;83
7579;21;22052824;7579;504;8911;8994;5.41;0.33;325.26;7.87;1332;22;3073.00;83
7582;21;22052846;7582;498;8911;8994;5.44;0.33;325.24;7.87;1329;22;3074.00;83
7584;21;22052864;7584;498;8912;8995;5.46;0.33;325.27;7.87;1328;22;3075.00;83
7588;21;22052882;7588;497;8912;8996;5.44;0.33;325.39;7.87;1324;22;3076.00;84
7590;21;22052901;7590;485;8912;8996;5.42;0.33;325.38;7.87;1322;22;3077.00;84
7594;21;22052919;7594;482;8914;8999;5.43;0.33;325.43;7.87;1320;22;3078.00;85
7596;21;22052937;7596;473;8914;8999;5.43;0.33;325.43;7.87;1318;22;3079.00;85
7601;21;22052956;7601;475;8917;8999;5.40;0.33;325.56;7.93;1316;22;3080.00;82
7604;21;22052977;7604;473;8917;8999;5.40;0.33;325.63;7.93;1313;22;3081.00;82
7607;21;22052995;7607;462;8921;9005;5.44;0.33;325.68;7.93;1314;22;3082.00;84
7608;21;22053015;7608;468;8922;9005;5.46;0.33;325.70;7.93;1314;22;3083.00;83
7611;21;22053033;7611;465;8922;9005;5.47;0.33;325.74;7.93;1311;22;3084.00;83
7612;21;22053051;7612;472;8922;9005;5.49;0.33;325.83;7.93;1310;22;3085.00;83
7614;21;22053070;7614;481;8925;9009;5.49;0.33;325.78;7.92;1311;22;3086.00;84
7616;21;22053088;7616;478;8926;9010;5.52;0.33;325.92;7.92;1310;22;3087.00;84
7617;21;22053107;7617;487;8927;9010;5.52;0.33;326.01;7.92;1310;22;3088.00;83
7621;21;22053126;7621;487;8928;9011;5.49;0.33;326.12;7.92;1307;22;3089.00;83
7622;21;22053148;7622;491;8928;9011;5.50;0.33;326.21;7.92;1306;22;3090.00;83
7624;21;22053166;7624;493;8928;9011;5.48;0.33;326.17;7.92;1304;22;3091.00;83
7625;21;22053184;7625;494;8928;9011;5.49;0.33;326.13;7.92;1303;22;3092.00;83
7626;21;22053202;7626;497;8929;9011;5.49;0.33;326.24;7.92;1303;22;3093.00;82
7630;21;22053230;7630;500;8929;9011;5.42;0.33;326.22;7.92;1299;22;3094.00;82
7630;21;22053247;7630;503;8929;9011;5.39;0.33;326.22;7.92;1299;22;3095.00;82
7632;21;22053265;7632;511;8964;9081;5.47;0.33;326.27;7.89;1332;22;3096.00;117
7633;21;22053290;7633;504;8965;9082;5.44;0.33;326.28;7.89;1332;22;3097.00;117
7636;21;22053310;7636;498;8971;9082;5.44;0.33;326.31;7.89;1335;22;3098.00;111
7639;21;22053329;7639;499;8972;9082;5.41;0.33;326.39;7.89;1333;22;3099.00;110
7640;21;22053348;7640;508;8974;9082;5.39;0.33;326.36;7.89;1334;22;3100.00;108
7642;21;22053370;7642;509;8977;9082;5.32;0.33;326.42;7.89;1335;22;3101.00;105
7643;21;22053388;7643;506;8981;9082;5.35;0.33;326.45;7.89;1338;22;3102.00;101
7644;21;22053406;7644;509;8983;9082;5.33;0.33;326.49;7.89;1339;22;3103.00;99
7646;21;22053423;7646;510;8986;9083;5.35;0.33;326.44;7.89;1340;22;3104.00;97
7650;21;22053441;7650;515;8990;9085;5.35;0.33;326.59;7.88;1340;22;3105.00;95
7654;21;22053461;7654;513;8994;9085;5.37;0.33;326.61;7.92;1340;22;3106.00;91
7657;21;22053478;7657;524;9000;9089;5.39;0.33;326.71;7.92;1343;22;3107.00;89
7659;21;22053496;7659;530;9003;9089;5.36;0.33;326.71;7.95;1344;22;3108.00;86
7662;21;22053515;7662;530;9003;9089;5.33;0.33;326.79;7.95;1341;22;3109.00;86
7668;21;22053533;7668;537;9003;9089;5.30;0.32;326.87;7.95;1335;22;3110.00;86
7671;21;22053551;7671;532;9009;9095;5.36;0.33;326.93;7.97;1338;22;3111.00;86
7674;21;22053569;7674;538;9009;9095;5.36;0.33;326.89;7.97;1335;22;3112.00;86
7675;21;22053587;7675;541;9011;9095;5.40;0.33;326.92;8.03;1336;22;3113.00;84
7677;21;22053606;7677;537;9014;9098;5.44;0.33;327.02;8.03;1337;22;3114.00;84
7679;21;22053625;7679;546;9014;9098;5.46;0.33;327.02;8.03;1335;22;3115.00;84
7679;21;22053644;7679;546;9015;9098;5.48;0.33;327.02;8.06;1336;22;3116.00;83
7685;21;22053664;7685;548;9015;9099;5.45;0.33;327.05;8.06;1330;22;3117.00;84
7687;21;22053683;7687;554;9016;9100;5.43;0.33;327.01;8.06;1329;22;3118.00;84
7688;21;22053701;7688;551;9018;9100;5.40;0.33;326.98;8.12;1330;22;3119.00;82
7692;21;22053723;7692;559;9036;9126;5.37;0.33;327.05;8.10;1344;22;3120.00;90
7692;21;22053748;7692;555;9036;9126;5.34;0.32;327.05;8.10;1344;22;3121.00;90
7694;21;22053767;7694;552;9040;9126;5.29;0.32;327.18;8.16;1346;22;3122.00;86
7696;21;22053786;7696;548;9043;9127;5.28;0.32;327.18;8.16;1347;22;3123.00;84
7701;21;22053806;7701;535;9045;9127;5.24;0.32;327.33;8.21;1344;22;3124.00;82
7703;21;22053826;7703;540;9049;9131;5.27;0.32;327.52;8.21;1346;22;3125.00;82
7704;21;22053847;7704;531;9049;9131;5.27;0.32;327.56;8.21;1345;22;3126.00;82
7706;21;22053866;7706;519;9054;9135;5.25;0.32;327.59;8.26;1348;22;3127.00;81
7709;21;22053886;7709;521;9054;9135;5.25;0.32;327.67;8.26;1345;22;3128.00;81
7710;21;22053906;7710;513;9054;9135;5.30;0.32;327.67;8.26;1344;22;3129.00;81
7713;21;22053924;7713;517;9056;9135;5.30;0.32;327.76;8.31;1343;22;3130.00;79
7716;21;22053944;7716;507;9056;9135;5.34;0.33;327.88;8.31;1340;22;3131.00;79
7719;21;22053961;7719;502;9067;9147;5.41;0.33;327.81;8.36;1348;22;3132.00;80
7722;21;22053983;7722;506;9067;9147;5.40;0.33;327.87;8.36;1345;22;3133.00;80
7723;21;22054002;7723;512;9069;9147;5.43;0.33;327.96;8.36;1346;22;3134.00;78
7725;21;22054021;7725;511;9069;9147;5.45;0.33;328.16;8.36;1344;22;3135.00;78
7730;21;22054041;7730;515;9069;9147;5.47;0.33;328.26;8.36;1339;22;3136.00;78
7735;21;22054065;7735;515;9069;9147;5.44;0.33;328.35;8.36;1334;22;3137.00;78
7739;21;22054084;7739;522;9069;9148;5.44;0.33;328.47;8.36;1330;22;3138.00;79
7742;21;22054103;7742;530;9069;9148;5.42;0.33;328.58;8.36;1327;22;3139.00;79
7748;21;22054130;7748;531;9074;9154;5.41;0.33;328.75;8.35;1326;22;3140.00;80
7752;21;22054158;7752;536;9075;9155;5.37;0.33;328.89;8.35;1323;22;3141.00;80
7755;21;22054178;7755;540;9075;9155;5.34;0.33;328.97;8.35;1320;22;3142.00;80
7760;21;22054196;7760;550;9075;9155;5.25;0.32;329.11;8.35;1315;22;3143.00;80
7762;21;22054216;7762;539;9078;9159;5.24;0.32;329.11;8.35;1316;22;3144.00;81
7767;21;22054235;7767;540;9078;9159;5.15;0.32;329.17;8.35;1311;22;3145.00;81
7772;21;22054253;7772;544;9078;9159;5.03;0.31;329.35;8.35;1306;22;3146.00;81
7777;21;22054270;7777;543;9079;9160;4.90;0.30;329.33;8.35;1302;22;3147.00;81
7782;21;22054288;7782;551;9082;9164;4.73;0.29;329.44;8.34;1300;22;3148.00;82
7784;21;22054306;7784;551;9082;9164;4.63;0.28;329.50;8.34;1298;22;3149.00;82
7788;21;22054325;7788;540;9086;9170;4.57;0.28;329.45;8.34;1298;22;3150.00;84
7791;21;22054346;7791;532;9086;9170;4.54;0.28;329.49;8.34;1295;22;3151.00;84
7795;21;22054363;7795;530;9088;9170;4.54;0.28;329.54;8.34;1293;22;3152.00;82
7800;21;22054380;7800;522;9088;9170;4.55;0.28;329.52;8.34;1288;22;3153.00;82
7801;21;22054399;7801;512;9092;9174;4.61;0.28;329.50;8.34;1291;22;3154.00;82
7804;21;22054418;7804;510;9092;9174;4.63;0.28;329.65;8.34;1288;22;3155.00;82
7807;21;22054437;7807;501;9092;9174;4.67;0.28;329.66;8.34;1285;22;3156.00;82
7809;21;22054455;7809;489;9092;9174;4.71;0.29;329.72;8.34;1283;22;3157.00;82
7814;21;22054472;7814;490;9092;9175;4.73;0.29;329.69;8.34;1278;22;3158.00;83
7819;21;22054490;7819;482;9093;9176;4.76;0.29;329.83;8.34;1274;22;3159.00;83
7821;21;22054507;7821;479;9093;9176;4.79;0.29;329.87;8.34;1272;22;3160.00;83
7824;21;22054532;7824;472;9094;9177;4.75;0.29;329.97;8.33;1270;22;3161.00;83
7826;21;22054549;7826;477;9094;9177;4.74;0.29;330.04;8.33;1268;22;3162.00;83
7829;21;22054566;7829;474;9094;9177;4.74;0.29;330.12;8.33;1265;22;3163.00;83
7834;21;22054582;7834;473;9094;9177;4.71;0.29;330.07;8.33;1260;22;3164.00;83
7837;21;22054600;7837;478;9094;9177;4.71;0.29;330.16;8.33;1257;22;3165.00;83
7840;21;22054616;7840;475;9094;9177;4.72;0.29;330.18;8.33;1254;22;3166.00;83
7847;21;22054635;7847;480;9094;9177;4.64;0.28;330.37;8.33;1247;22;3167.00;83
7851;21;22054654;7851;480;9158;9304;5.09;0.32;330.45;8.28;1307;22;3168.00;146
7854;21;22054682;7854;475;9163;9305;5.05;0.31;330.55;8.27;1309;22;3169.00;142
7860;21;22054702;7860;488;9171;9305;5.09;0.32;330.58;8.27;1311;22;3170.00;134
7867;21;22054721;7867;488;9177;9305;5.05;0.31;330.75;8.26;1310;22;3171.00;128
7872;21;22054740;7872;489;9182;9305;5.00;0.31;330.72;8.26;1310;22;3172.00;123
7877;21;22054758;7877;496;9184;9305;4.90;0.30;330.73;8.26;1307;22;3173.00;121
7883;21;22054779;7883;507;9188;9305;4.77;0.29;330.86;8.26;1305;22;3174.00;117
7886;21;22054798;7886;512;9190;9305;4.67;0.29;330.83;8.26;1304;22;3175.00;115
7892;21;22054825;7892;519;9193;9306;4.60;0.28;330.77;8.26;1301;22;3176.00;113
7895;21;22054845;7895;527;9195;9307;4.52;0.28;330.76;8.26;1300;22;3177.00;112
7895;21;22054864;7895;538;9196;9307;4.47;0.28;330.76;8.26;1301;22;3178.00;111
7900;21;22054883;7900;548;9198;9308;4.36;0.27;330.71;8.26;1298;22;3179.00;110
7903;21;22054901;7903;549;9200;9308;4.30;0.27;330.75;8.26;1297;22;3180.00;108
7906;21;22054918;7906;556;9202;9308;4.28;0.27;330.76;8.26;1296;22;3181.00;106
7908;21;22054935;7908;563;9203;9308;4.28;0.27;330.78;8.26;1295;22;3182.00;105
7912;21;22054952;7912;568;9208;9312;4.29;0.27;330.73;8.26;1296;22;3183.00;104
7915;21;22054970;7915;568;9209;9312;4.25;0.26;330.80;8.26;1294;22;3184.00;103
7921;21;22054987;7921;567;9210;9312;4.16;0.26;330.72;8.26;1289;22;3185.00;102
7924;21;22055004;7924;576;9212;9315;4.10;0.25;330.73;8.26;1288;22;3186.00;103
7931;21;22055022;7931;579;9213;9315;4.00;0.25;330.64;8.26;1282;22;3187.00;102
7938;21;22055039;7938;579;9214;9315;3.93;0.24;330.72;8.26;1276;22;3188.00;101
7941;21;22055055;7941;588;9218;9319;3.89;0.24;330.83;8.26;1277;22;3189.00;101
7945;21;22055074;7945;600;9220;9320;3.84;0.24;330.74;8.26;1275;22;3190.00;100
7949;21;22055094;7949;594;9223;9322;3.81;0.23;330.67;8.26;1274;22;3191.00;99
7953;21;22055110;7953;601;9228;9326;3.82;0.23;330.75;8.29;1275;22;3192.00;98
7954;21;22055127;7954;603;9229;9326;3.87;0.24;330.71;8.30;1275;22;3193.00;97
7955;21;22055141;7955;591;9230;9326;3.88;0.24;330.75;8.30;1275;22;3194.00;96
7956;21;22055158;7956;598;9231;9328;3.84;0.24;330.71;8.30;1275;22;3195.00;97
7960;21;22055186;7960;600;9233;9328;3.81;0.23;330.70;8.30;1273;22;3196.00;95
7963;21;22055202;7963;586;9237;9334;3.81;0.23;330.71;8.29;1274;22;3197.00;97
7966;21;22055227;7966;585;9238;9334;3.81;0.23;330.66;8.29;1272;22;3198.00;96
7966;21;22055244;7966;574;9238;9335;3.83;0.24;330.66;8.29;1272;22;3199.00;97
7970;21;22055262;7970;569;9238;9335;3.87;0.24;330.72;8.29;1268;22;3200.00;97
7972;21;22055286;7972;569;9238;9335;3.91;0.24;330.70;8.29;1266;22;3201.00;97
7975;21;22055303;7975;574;9238;9335;3.94;0.24;330.64;8.29;1263;22;3202.00;97
7977;21;22055320;7977;566;9238;9335;3.98;0.24;330.67;8.29;1261;22;3203.00;97
7979;21;22055337;7979;573;9248;9347;4.07;0.25;330.77;8.28;1269;22;3204.00;99
7980;21;22055354;7980;571;9248;9347;4.10;0.25;330.80;8.28;1268;22;3205.00;99
7981;21;22055374;7981;562;9249;9347;4.18;0.25;330.81;8.28;1268;22;3206.00;98
7981;21;22055391;7981;542;9249;9347;4.24;0.26;330.81;8.28;1268;22;3207.00;98
7982;21;22055408;7982;528;9249;9347;4.29;0.26;330.82;8.28;1267;22;3208.00;98
7984;21;22055426;7984;526;9249;9347;4.38;0.27;330.82;8.28;1265;22;3209.00;98
7985;21;22055448;7985;504;9252;9351;4.51;0.27;330.80;8.28;1267;22;3210.00;99
7986;21;22055467;7986;491;9252;9351;4.66;0.28;330.81;8.28;1266;22;3211.00;99
7987;21;22055484;7987;487;9257;9355;4.81;0.29;330.78;8.30;1270;22;3212.00;98
7989;22;22055503;7989;482;9258;9356;4.94;0.30;330.75;8.30;1269;23;3213.00;98
7989;22;22055545;7989;486;9258;9356;5.07;0.31;330.75;8.30;1269;23;3214.00;98
7989;22;22055564;7989;482;9258;9356;5.20;0.32;330.75;8.30;1269;23;3215.00;98
7991;22;22055587;7991;485;9269;9369;5.28;0.32;330.77;8.29;1278;23;3216.00;100
7992;22;22055618;7992;476;9269;9369;5.33;0.32;330.76;8.29;1277;23;3217.00;100
7993;22;22055638;7993;479;9269;9369;5.41;0.33;330.76;8.29;1276;23;3218.00;100
7995;22;22055657;7995;464;9270;9370;5.43;0.33;330.84;8.29;1275;23;3219.00;100
7997;22;22055678;7997;459;9271;9371;5.43;0.33;330.89;8.31;1274;23;3220.00;100
7998;22;22055705;7998;463;9271;9371;5.45;0.33;330.89;8.31;1273;23;3221.00;100
7999;22;22055724;7999;460;9273;9374;5.47;0.33;330.92;8.31;1274;23;3222.00;101
8001;22;22055747;8001;452;9273;9374;5.47;0.33;330.91;8.31;1272;23;3223.00;101
8002;22;22055766;8002;441;9274;9374;5.53;0.34;330.94;8.31;1272;23;3224.00;100
8004;22;22055786;8004;439;9274;9374;5.56;0.34;330.98;8.31;1270;23;3225.00;100
8005;22;22055804;8005;438;9279;9380;5.63;0.34;331.01;8.31;1274;23;3226.00;101
8006;22;22055823;8006;438;9279;9380;5.64;0.34;331.01;8.31;1273;23;3227.00;101
8008;22;22055844;8008;438;9279;9380;5.72;0.35;331.01;8.31;1271;23;3228.00;101
8012;22;22055862;8012;438;9279;9380;5.71;0.35;331.08;8.31;1267;23;3229.00;101
8014;22;22055883;8014;437;9282;9384;5.73;0.35;331.12;8.30;1268;23;3230.00;102
8018;22;22055902;8018;433;9284;9385;5.76;0.35;331.06;8.32;1266;23;3231.00;101
8020;22;22055923;8020;437;9284;9385;5.80;0.35;331.10;8.32;1264;23;3232.00;101
8021;22;22055945;8021;440;9285;9386;5.86;0.36;331.10;8.32;1264;23;3233.00;101
8027;22;22055964;8027;439;9285;9386;5.88;0.36;331.09;8.32;1258;23;3234.00;101
8029;22;22055983;8029;440;9285;9386;5.91;0.36;331.05;8.32;1256;23;3235.00;101
8032;22;22056001;8032;441;9285;9386;5.95;0.36;331.18;8.32;1253;23;3236.00;101
8035;22;22056020;8035;439;9285;9386;5.98;0.36;331.24;8.32;1250;23;3237.00;101
8036;22;22056038;8036;447;9285;9386;6.01;0.37;331.33;8.32;1249;23;3238.00;101
8036;22;22056066;8036;447;9285;9386;6.08;0.37;331.33;8.32;1249;23;3239.00;101
8038;22;22056093;8038;461;9350;9511;6.22;0.38;331.31;8.27;1312;23;3240.00;161
8041;22;22056128;8041;447;9350;9512;6.28;0.38;331.37;8.27;1309;23;3241.00;162
8042;22;22056149;8042;431;9358;9512;6.40;0.39;331.40;8.26;1316;23;3242.00;154
8044;22;22056169;8044;425;9358;9512;6.45;0.39;331.51;8.26;1314;23;3243.00;154
8048;22;22056190;8048;419;9363;9512;6.47;0.40;331.58;8.28;1315;23;3244.00;149
8051;22;22056215;8051;414;9364;9512;6.48;0.40;331.57;8.28;1313;23;3245.00;148
8053;22;22056238;8053;405;9370;9512;6.52;0.40;331.67;8.28;1317;23;3246.00;142
8054;22;22056259;8054;403;9373;9512;6.58;0.40;331.73;8.27;1319;23;3247.00;139
8057;22;22056280;8057;402;9377;9513;6.65;0.40;331.78;8.27;1320;23;3248.00;136
8061;22;22056302;8061;407;9381;9514;6.64;0.40;331.79;8.27;1320;23;3249.00;133
8067;22;22056331;8067;399;9385;9514;6.59;0.40;332.00;8.27;1318;23;3250.00;129
8068;22;22056351;8068;402;9390;9518;6.58;0.40;332.05;8.27;1322;23;3251.00;128
8071;22;22056371;8071;408;9391;9518;6.51;0.40;332.08;8.27;1320;23;3252.00;127
8072;22;22056394;8072;400;9391;9518;6.41;0.39;332.08;8.27;1319;23;3253.00;127
8078;22;22056418;8078;401;9391;9518;6.33;0.38;332.21;8.27;1313;23;3254.00;127
8079;22;22056443;8079;403;9397;9524;6.28;0.38;332.21;8.35;1318;23;3255.00;127
8084;22;22056478;8084;403;9397;9524;6.23;0.38;332.28;8.35;1313;23;3256.00;127
8088;22;22056509;8088;400;9397;9524;6.17;0.38;332.33;8.35;1309;23;3257.00;127
8090;22;22056546;8090;403;9400;9527;6.20;0.38;332.40;8.35;1310;23;3258.00;127
8093;22;22056572;8093;400;9400;9527;6.16;0.38;332.57;8.35;1307;23;3259.00;127
8094;22;22056595;8094;393;9401;9527;6.16;0.38;332.57;8.35;1307;23;3260.00;126
8099;22;22056615;8099;393;9402;9528;6.15;0.37;332.60;8.37;1303;23;3261.00;126
8102;22;22056636;8102;386;9404;9529;6.14;0.37;332.62;8.37;1302;23;3262.00;125
8104;22;22056657;8104;378;9405;9529;6.12;0.37;332.61;8.41;1301;23;3263.00;124
8104;22;22056679;8104;374;9414;9542;6.12;0.37;332.61;8.40;1310;23;3264.00;128
8106;22;22056712;8106;379;9415;9542;6.09;0.37;332.57;8.40;1309;23;3265.00;127
8109;22;22056732;8109;370;9415;9542;6.12;0.37;332.66;8.40;1306;23;3266.00;127
8114;22;22056754;8114;376;9417;9543;6.11;0.37;332.61;8.40;1303;23;3267.00;126
8119;22;22056775;8119;372;9417;9543;6.06;0.37;332.65;8.40;1298;23;3268.00;126
8122;22;22056800;8122;363;9420;9547;6.08;0.37;332.67;8.40;1298;23;3269.00;127
8122;22;22056822;8122;370;9420;9547;6.11;0.37;332.67;8.40;1298;23;3270.00;127
8126;22;22056842;8126;368;9424;9551;6.03;0.37;332.74;8.39;1298;23;3271.00;127
8127;22;22056864;8127;367;9424;9551;6.06;0.37;332.74;8.39;1297;23;3272.00;127
8132;22;22056883;8132;365;9424;9551;6.00;0.37;332.78;8.39;1292;23;3273.00;127
8138;22;22056904;8138;371;9424;9551;5.94;0.36;332.91;8.39;1286;23;3274.00;127
8143;22;22056924;8143;373;9425;9551;5.91;0.36;332.90;8.40;1282;23;3275.00;126
8143;22;22056945;8143;374;9434;9563;5.92;0.36;332.90;8.39;1291;23;3276.00;129
8146;22;22056967;8146;383;9435;9563;5.91;0.36;332.99;8.39;1289;23;3277.00;128
8149;22;22056986;8149;384;9437;9563;5.94;0.36;333.08;8.39;1288;23;3278.00;126
8153;22;22057006;8153;385;9438;9563;5.96;0.36;333.16;8.39;1285;23;3279.00;125
8158;22;22057027;8158;387;9440;9563;5.97;0.37;333.25;8.43;1282;23;3280.00;123
8160;22;22057050;8160;398;9440;9563;5.96;0.37;333.31;8.43;1280;23;3281.00;123
8161;22;22057072;8161;405;9440;9564;5.96;0.37;333.28;8.43;1279;23;3282.00;124
8163;22;22057104;8163;409;9440;9564;6.02;0.37;333.34;8.43;1277;23;3283.00;124
8164;22;22057123;8164;416;9446;9570;6.06;0.37;333.32;8.47;1282;23;3284.00;124
8166;22;22057146;8166;424;9447;9572;5.99;0.37;333.49;8.47;1281;23;3285.00;125
8168;22;22057166;8168;424;9450;9572;5.96;0.36;333.44;8.55;1282;23;3286.00;122
8171;22;22057187;8171;435;9451;9572;5.91;0.36;333.50;8.59;1280;23;3287.00;121
8177;22;22057205;8177;438;9456;9576;5.88;0.36;333.58;8.67;1279;23;3288.00;120
8178;22;22057224;8178;435;9456;9576;5.90;0.36;333.67;8.67;1278;23;3289.00;120
8184;22;22057247;8184;436;9456;9576;5.86;0.36;333.95;8.67;1272;23;3290.00;120
8188;22;22057266;8188;440;9459;9577;5.76;0.35;333.98;8.75;1271;23;3291.00;118
8191;22;22057284;8191;446;9462;9581;5.71;0.35;334.11;8.75;1271;23;3292.00;119
8193;22;22057303;8193;447;9462;9581;5.69;0.35;334.11;8.75;1269;23;3293.00;119
8197;22;22057321;8197;450;9466;9584;5.63;0.34;334.20;8.82;1269;23;3294.00;118
8198;22;22057350;8198;455;9466;9584;5.63;0.34;334.21;8.82;1268;23;3295.00;118
8201;22;22057369;8201;461;9467;9584;5.59;0.34;334.41;8.82;1266;23;3296.00;117
8202;22;22057386;8202;464;9469;9584;5.54;0.34;334.51;8.89;1267;23;3297.00;115
8205;22;22057405;8205;470;9473;9588;5.56;0.34;334.63;8.89;1268;23;3298.00;115
8207;22;22057424;8207;469;9475;9588;5.51;0.34;334.73;8.97;1268;23;3299.00;113
8208;22;22057448;8208;465;9480;9607;5.44;0.33;334.70;8.96;1272;23;3300.00;127
8212;22;22057478;8212;464;9481;9607;5.39;0.33;334.93;9.00;1269;23;3301.00;126
8215;22;22057498;8215;464;9482;9608;5.29;0.32;334.94;9.03;1267;23;3302.00;126
8217;22;22057516;8217;462;9484;9609;5.24;0.32;334.96;9.07;1267;23;3303.00;125
8218;22;22057536;8218;457;9485;9609;5.20;0.32;335.01;9.10;1267;23;3304.00;124
8220;22;22057553;8220;453;9486;9610;5.19;0.32;335.07;9.10;1266;23;3305.00;124
8224;22;22057572;8224;461;9488;9610;5.14;0.31;335.04;9.10;1264;23;3306.00;122
8227;22;22057594;8227;461;9488;9610;5.10;0.31;335.21;9.10;1261;23;3307.00;122
8230;22;22057614;8230;461;9488;9610;5.09;0.31;335.28;9.10;1258;23;3308.00;122
8232;22;22057632;8232;461;9490;9610;5.13;0.31;335.31;9.17;1258;23;3309.00;120
8233;22;22057657;8233;462;9490;9610;5.18;0.32;335.39;9.17;1257;23;3310.00;120
8236;22;22057677;8236;467;9490;9610;5.18;0.32;335.55;9.17;1254;23;3311.00;120
8239;22;22057696;8239;483;9552;9737;5.43;0.34;335.53;9.12;1313;23;3312.00;185
8244;22;22057726;8244;474;9556;9738;5.42;0.33;335.72;9.11;1312;23;3313.00;182
8248;22;22057745;8248;474;9564;9738;5.44;0.34;335.94;9.11;1316;23;3314.00;174
8250;22;22057764;8250;483;9568;9738;5.43;0.33;335.90;9.10;1318;23;3315.00;170
8255;22;22057781;8255;484;9572;9738;5.40;0.33;336.14;9.10;1317;23;3316.00;166
8260;22;22057798;8260;489;9576;9738;5.32;0.33;336.31;9.10;1316;23;3317.00;162
8262;22;22057815;8262;493;9580;9738;5.25;0.32;336.28;9.10;1318;23;3318.00;158
8268;22;22057830;8268;493;9584;9738;5.22;0.32;336.45;9.10;1316;23;3319.00;154
8270;22;22057847;8270;502;9586;9739;5.20;0.32;336.54;9.10;1316;23;3320.00;153
8273;22;22057864;8273;504;9588;9740;5.14;0.32;336.53;9.10;1315;23;3321.00;152
8279;22;22057880;8279;504;9590;9740;5.05;0.31;336.63;9.10;1311;23;3322.00;150
8281;22;22057897;8281;515;9593;9741;5.00;0.31;336.68;9.10;1312;23;3323.00;148
8286;22;22057913;8286;523;9598;9741;4.90;0.30;336.77;9.11;1312;23;3324.00;143
8289;22;22057929;8289;519;9600;9741;4.83;0.30;336.82;9.11;1311;23;3325.00;141
8294;22;22057946;8294;507;9602;9741;4.74;0.29;336.80;9.11;1308;23;3326.00;139
8297;22;22057962;8297;509;9605;9745;4.65;0.29;336.89;9.11;1308;23;3327.00;140
8299;22;22057980;8299;515;9606;9745;4.57;0.28;336.90;9.11;1307;23;3328.00;139
8301;22;22057997;8301;517;9608;9745;4.49;0.28;336.90;9.11;1307;23;3329.00;137
8306;22;22058017;8306;524;9611;9751;4.42;0.27;336.82;9.11;1305;23;3330.00;140
8309;22;22058037;8309;528;9613;9751;4.39;0.27;336.81;9.11;1304;23;3331.00;138
8312;22;22058053;8312;532;9615;9751;4.32;0.27;336.82;9.11;1303;23;3332.00;136
8315;22;22058071;8315;533;9618;9755;4.26;0.26;336.76;9.11;1303;23;3333.00;137
8320;22;22058088;8320;537;9621;9756;4.23;0.26;336.68;9.11;1301;23;3334.00;135
8321;22;22058106;8321;534;9623;9756;4.22;0.26;336.66;9.12;1302;23;3335.00;133
8323;22;22058121;8323;535;9625;9760;4.25;0.26;336.64;9.12;1302;23;3336.00;135
8330;22;22058139;8330;531;9628;9760;4.22;0.26;336.67;9.12;1298;23;3337.00;132
8333;22;22058156;8333;530;9628;9760;4.19;0.26;336.69;9.12;1295;23;3338.00;132
8335;22;22058172;8335;534;9628;9761;4.23;0.26;336.79;9.12;1293;23;3339.00;133
8338;22;22058190;8338;527;9630;9761;4.19;0.26;336.76;9.12;1292;23;3340.00;131
8343;22;22058207;8343;531;9635;9767;4.22;0.26;336.81;9.12;1292;23;3341.00;132
8349;22;22058224;8349;543;9635;9767;4.17;0.26;336.84;9.12;1286;23;3342.00;132
8354;22;22058246;8354;544;9637;9768;4.14;0.26;336.91;9.12;1283;23;3343.00;131
8355;22;22058265;8355;543;9637;9768;4.09;0.25;336.90;9.12;1282;23;3344.00;131
8360;22;22058282;8360;549;9637;9768;3.99;0.25;336.96;9.12;1277;23;3345.00;131
8366;22;22058300;8366;546;9638;9768;3.95;0.24;336.91;9.12;1272;23;3346.00;130
8368;22;22058316;8368;546;9639;9768;3.94;0.24;336.91;9.12;1271;23;3347.00;129
8374;22;22058331;8374;552;9646;9780;3.97;0.24;336.92;9.12;1272;23;3348.00;134
8377;22;22058349;8377;554;9649;9780;3.92;0.24;336.84;9.12;1272;23;3349.00;131
8379;22;22058369;8379;547;9651;9780;3.94;0.24;336.87;9.12;1272;23;3350.00;129
8383;22;22058385;8383;547;9651;9780;3.91;0.24;336.92;9.12;1268;23;3351.00;129
8386;22;22058402;8386;546;9653;9780;3.91;0.24;336.95;9.12;1267;23;3352.00;127
8389;22;22058419;8389;549;9653;9780;3.87;0.24;336.88;9.12;1264;23;3353.00;127
8394;22;22058439;8394;552;9657;9784;3.81;0.23;336.78;9.11;1263;23;3354.00;127
8397;22;22058460;8397;559;9657;9784;3.72;0.23;336.73;9.11;1260;23;3355.00;127
8401;22;22058480;8401;561;9661;9788;3.68;0.22;336.68;9.11;1260;23;3356.00;127
8406;22;22058501;8406;562;9662;9789;3.61;0.22;336.73;9.11;1256;23;3357.00;127
8410;22;22058519;8410;561;9662;9789;3.58;0.22;336.72;9.11;1252;23;3358.00;127
8410;22;22058535;8410;555;9662;9789;3.58;0.22;336.72;9.11;1252;23;3359.00;127
8414;22;22058551;8414;558;9685;9818;3.66;0.22;336.76;9.09;1271;23;3360.00;133
8416;22;22058569;8416;553;9685;9818;3.65;0.22;336.78;9.09;1269;23;3361.00;133
8418;22;22058585;8418;555;9688;9818;3.67;0.22;336.84;9.11;1270;23;3362.00;130
8420;22;22058601;8420;560;9689;9819;3.73;0.23;336.85;9.11;1269;23;3363.00;130
8422;22;22058617;8422;543;9689;9820;3.76;0.23;336.88;9.11;1267;23;3364.00;131
8427;22;22058635;8427;536;9689;9820;3.77;0.23;336.92;9.11;1262;23;3365.00;131
8429;22;22058652;8429;532;9691;9823;3.85;0.24;336.91;9.11;1262;23;3366.00;132
8431;22;22058671;8431;526;9692;9823;3.93;0.24;336.92;9.11;1261;23;3367.00;131
8435;22;22058687;8435;526;9692;9823;3.95;0.24;336.92;9.11;1257;23;3368.00;131
8436;22;22058709;8436;525;9692;9823;4.02;0.25;336.90;9.11;1256;23;3369.00;131
8439;22;22058725;8439;523;9697;9829;4.07;0.25;336.96;9.11;1258;23;3370.00;132
8439;22;22058744;8439;519;9697;9829;4.10;0.25;336.96;9.11;1258;23;3371.00;132
8440;22;22058759;8440;510;9697;9829;4.18;0.26;336.99;9.11;1257;23;3372.00;132
8442;22;22058776;8442;495;9697;9829;4.23;0.26;337.03;9.11;1255;23;3373.00;132
8445;22;22058802;8445;484;9700;9833;4.30;0.26;337.09;9.10;1255;23;3374.00;133
8448;22;22058820;8448;478;9702;9835;4.38;0.27;337.15;9.10;1254;23;3375.00;133
8451;22;22058837;8451;469;9702;9835;4.42;0.27;337.11;9.10;1251;23;3376.00;133
8451;22;22058854;8451;468;9703;9836;4.47;0.27;337.11;9.10;1252;23;3377.00;133
8452;22;22058871;8452;466;9704;9836;4.49;0.27;337.11;9.13;1252;23;3378.00;132
8455;22;22058888;8455;469;9704;9836;4.50;0.27;337.03;9.13;1249;23;3379.00;132
8456;22;22058906;8456;465;9704;9836;4.54;0.28;337.01;9.13;1248;23;3380.00;132
8458;22;22058922;8458;456;9704;9836;4.56;0.28;337.03;9.13;1246;23;3381.00;132
8459;22;22058940;8459;450;9704;9836;4.61;0.28;337.01;9.13;1245;23;3382.00;132
8460;22;22058965;8460;437;9704;9836;4.63;0.28;336.98;9.13;1244;23;3383.00;132
8460;22;22058997;8460;446;9745;9906;4.81;0.29;336.98;9.09;1285;23;3384.00;161
8463;22;22059021;8463;430;9746;9907;4.85;0.29;337.09;9.09;1283;23;3385.00;161
8464;22;22059038;8464;419;9751;9907;4.98;0.30;337.12;9.08;1287;23;3386.00;156
8467;22;22059057;8467;415;9753;9907;5.05;0.31;337.16;9.08;1286;23;3387.00;154
8470;22;22059078;8470;416;9755;9907;5.14;0.31;337.18;9.08;1285;23;3388.00;152
8471;22;22059096;8471;415;9757;9907;5.21;0.32;337.22;9.08;1286;23;3389.00;150
8472;22;22059116;8472;422;9760;9907;5.32;0.32;337.21;9.08;1288;23;3390.00;147
8472;22;22059134;8472;425;9762;9907;5.40;0.33;337.21;9.08;1290;23;3391.00;145
8476;22;22059151;8476;424;9764;9908;5.39;0.33;337.32;9.08;1288;23;3392.00;144
8479;22;22059172;8479;419;9765;9909;5.39;0.33;337.39;9.08;1286;23;3393.00;144
8479;22;22059191;8479;421;9767;9909;5.40;0.33;337.39;9.08;1288;23;3394.00;142
8481;22;22059211;8481;424;9773;9913;5.42;0.33;337.47;9.08;1292;23;3395.00;140
8482;22;22059230;8482;416;9775;9913;5.45;0.33;337.51;9.08;1293;23;3396.00;138
8484;22;22059250;8484;423;9775;9913;5.45;0.33;337.46;9.08;1291;23;3397.00;138
8487;22;22059268;8487;428;9775;9913;5.43;0.33;337.66;9.08;1288;23;3398.00;138
8488;22;22059286;8488;429;9780;9919;5.42;0.33;337.66;9.07;1292;23;3399.00;139
8489;22;22059304;8489;429;9780;9919;5.38;0.33;337.67;9.07;1291;23;3400.00;139
8494;22;22059328;8494;438;9780;9919;5.35;0.32;337.83;9.07;1286;23;3401.00;139
8497;22;22059347;8497;437;9782;9922;5.37;0.32;337.87;9.07;1285;23;3402.00;140
8498;22;22059365;8498;434;9782;9922;5.37;0.32;337.85;9.07;1284;23;3403.00;140
8499;22;22059383;8499;439;9783;9922;5.37;0.32;337.85;9.07;1284;23;3404.00;139
8502;22;22059403;8502;445;9783;9923;5.37;0.32;337.94;9.07;1281;23;3405.00;140
8502;22;22059421;8502;443;9784;9924;5.41;0.33;337.94;9.07;1282;23;3406.00;140
8504;22;22059439;8504;448;9785;9924;5.38;0.33;337.94;9.10;1281;23;3407.00;139
8506;22;22059458;8506;451;9796;9937;5.38;0.33;337.97;9.09;1290;23;3408.00;141
8509;22;22059478;8509;449;9796;9937;5.36;0.32;337.91;9.09;1287;23;3409.00;141
8512;22;22059501;8512;453;9796;9937;5.34;0.32;337.96;9.09;1284;23;3410.00;141
8513;22;22059520;8513;454;9797;9938;5.32;0.32;337.95;9.09;1284;23;3411.00;141
8514;22;22059539;8514;462;9797;9938;5.35;0.32;338.01;9.09;1283;23;3412.00;141
8515;22;22059557;8515;450;9801;9942;5.42;0.33;338.01;9.08;1286;23;3413.00;141
8518;22;22059577;8518;460;9801;9942;5.40;0.33;338.13;9.08;1283;23;3414.00;141
8520;22;22059595;8520;449;9804;9946;5.39;0.33;338.19;9.08;1284;23;3415.00;142
8523;22;22059614;8523;437;9804;9946;5.40;0.33;338.22;9.08;1281;23;3416.00;142
8525;22;22059632;8525;433;9804;9946;5.40;0.33;338.24;9.08;1279;23;3417.00;142
8527;22;22059651;8527;429;9804;9946;5.42;0.33;338.24;9.08;1277;23;3418.00;142
8530;22;22059670;8530;418;9804;9946;5.46;0.33;338.34;9.08;1274;23;3419.00;142
8534;22;22059691;8534;421;9829;9980;5.52;0.34;338.50;9.06;1295;23;3420.00;151
8534;22;22059713;8534;413;9829;9980;5.55;0.34;338.50;9.06;1295;23;3421.00;151
8541;22;22059731;8541;410;9832;9980;5.58;0.34;338.68;9.05;1291;23;3422.00;148
8544;22;22059750;8544;410;9833;9980;5.64;0.34;338.84;9.08;1289;23;3423.00;147
8544;22;22059769;8544;403;9834;9980;5.69;0.35;338.84;9.08;1290;23;3424.00;146
8551;22;22059796;8551;402;9834;9980;5.63;0.34;338.95;9.08;1283;23;3425.00;146
8551;22;22059814;8551;390;9834;9981;5.65;0.34;338.95;9.08;1283;23;3426.00;147
8554;22;22059831;8554;390;9834;9981;5.60;0.34;338.96;9.08;1280;23;3427.00;147
8555;22;22059849;8555;384;9839;9987;5.63;0.34;338.97;9.08;1284;23;3428.00;148
8559;22;22059868;8559;381;9840;9988;5.59;0.34;339.05;9.07;1281;23;3429.00;148
8563;22;22059886;8563;392;9842;9988;5.54;0.34;339.11;9.17;1279;23;3430.00;146
8566;22;22059907;8566;385;9842;9988;5.50;0.34;339.09;9.17;1276;23;3431.00;146
8569;22;22059924;8569;387;9845;9992;5.47;0.33;339.15;9.16;1276;23;3432.00;147
8572;22;22059944;8572;384;9845;9992;5.46;0.33;339.26;9.16;1273;23;3433.00;147
8574;22;22059963;8574;386;9845;9992;5.46;0.33;339.30;9.16;1271;23;3434.00;147
8577;22;22059982;8577;375;9846;9993;5.53;0.34;339.34;9.16;1269;23;3435.00;147
8579;22;22060001;8579;372;9849;9997;5.52;0.34;339.39;9.16;1270;23;3436.00;148
8582;22;22060019;8582;370;9849;9997;5.53;0.34;339.41;9.16;1267;23;3437.00;148
8585;22;22060037;8585;372;9851;10000;5.56;0.34;339.53;9.16;1266;23;3438.00;149
8587;22;22060065;8587;362;9852;10000;5.64;0.34;339.52;9.16;1265;23;3439.00;148
8590;22;22060083;8590;357;9852;10000;5.66;0.35;339.61;9.16;1262;23;3440.00;148
8596;22;22060101;8596;357;9852;10000;5.66;0.35;339.79;9.16;1256;23;3441.00;148
8600;22;22060120;8600;356;9856;10004;5.73;0.35;339.87;9.15;1256;23;3442.00;148
8601;22;22060137;8601;347;9856;10004;5.73;0.35;339.87;9.15;1255;23;3443.00;148
8610;22;22060156;8610;345;9856;10004;5.68;0.35;339.95;9.15;1246;23;3444.00;148
8611;22;22060174;8611;347;9856;10004;5.68;0.35;340.00;9.15;1245;23;3445.00;148
8614;22;22060194;8614;347;9856;10005;5.67;0.35;340.06;9.15;1242;23;3446.00;149
8615;22;22060212;8615;348;9857;10006;5.62;0.34;340.09;9.15;1242;23;3447.00;149
8619;22;22060231;8619;344;9857;10006;5.58;0.34;340.14;9.15;1238;23;3448.00;149
8623;22;22060251;8623;349;9858;10007;5.57;0.34;340.24;9.15;1235;23;3449.00;149
8625;22;22060271;8625;345;9858;10007;5.56;0.34;340.36;9.15;1233;23;3450.00;149
8627;22;22060289;8627;355;9858;10007;5.56;0.34;340.40;9.15;1231;23;3451.00;149
8630;22;22060307;8630;364;9858;10007;5.60;0.34;340.51;9.15;1228;23;3452.00;149
8634;22;22060324;8634;362;9858;10007;5.63;0.34;340.57;9.15;1224;23;3453.00;149
8634;22;22060344;8634;365;9858;10007;5.65;0.34;340.57;9.15;1224;23;3454.00;149
8639;22;22060361;8639;367;9858;10007;5.62;0.34;340.66;9.15;1219;23;3455.00;149
8642;22;22060379;8642;388;9923;10134;5.77;0.36;340.82;9.14;1281;23;3456.00;211
8644;22;22060408;8644;383;9927;10135;5.75;0.35;340.88;9.14;1283;23;3457.00;208
8646;22;22060427;8646;385;9936;10135;5.79;0.36;341.05;9.18;1290;23;3458.00;199
8647;22;22060444;8647;388;9938;10135;5.80;0.36;341.15;9.18;1291;23;3459.00;197
8653;22;22060462;8653;397;9946;10135;5.81;0.36;341.39;9.22;1293;23;3460.00;189
8656;22;22060480;8656;396;9948;10135;5.83;0.36;341.50;9.22;1292;23;3461.00;187
8660;22;22060499;8660;401;9951;10135;5.83;0.36;341.57;9.22;1291;23;3462.00;184
8662;22;22060517;8662;398;9954;10135;5.88;0.36;341.58;9.26;1292;23;3463.00;181
8665;22;22060535;8665;397;9956;10136;5.89;0.36;341.70;9.26;1291;23;3464.00;180
8672;22;22060554;8672;405;9963;10138;5.90;0.36;341.74;9.31;1291;23;3465.00;175
8672;22;22060572;8672;406;9964;10138;5.92;0.36;341.74;9.31;1292;23;3466.00;174
8676;22;22060590;8676;399;9969;10139;5.88;0.36;341.75;9.40;1293;23;3467.00;170
8680;22;22060608;8680;399;9972;10139;5.81;0.36;341.92;9.40;1292;23;3468.00;167
8680;22;22060628;8680;405;9977;10139;5.81;0.36;341.92;9.54;1297;23;3469.00;162
8682;22;22060644;8682;415;9982;10139;5.74;0.35;341.97;9.62;1300;23;3470.00;157
8686;22;22060662;8686;419;9987;10143;5.66;0.35;342.12;9.67;1301;23;3471.00;156
8687;22;22060681;8687;420;9990;10143;5.63;0.34;342.22;9.71;1303;23;3472.00;153
8692;22;22060699;8692;427;9993;10143;5.56;0.34;342.23;9.76;1301;23;3473.00;150
8696;22;22060718;8696;433;9996;10146;5.50;0.34;342.22;9.76;1300;23;3474.00;150
8697;22;22060736;8697;435;9999;10146;5.43;0.33;342.25;9.85;1302;23;3475.00;147
8698;22;22060754;8698;443;10001;10146;5.34;0.33;342.34;9.89;1303;23;3476.00;145
8701;22;22060772;8701;441;10005;10150;5.25;0.32;342.47;9.89;1304;23;3477.00;145
8702;22;22060790;8702;450;10008;10151;5.19;0.32;342.45;9.97;1306;23;3478.00;143
8703;22;22060808;8703;455;10009;10151;5.16;0.31;342.42;9.97;1306;23;3479.00;142
8709;22;22060829;8709;457;10014;10156;5.13;0.31;342.54;10.05;1305;23;3480.00;142
8712;22;22060848;8712;462;10014;10156;5.14;0.31;342.64;10.05;1302;23;3481.00;142
8712;22;22060865;8712;471;10016;10156;5.17;0.32;342.64;10.05;1304;23;3482.00;140
8715;22;22060882;8715;474;10018;10157;5.16;0.32;342.70;10.09;1303;23;3483.00;139
8716;22;22060900;8716;472;10018;10157;5.17;0.32;342.76;10.09;1302;23;3484.00;139
8716;22;22060917;8716;480;10026;10163;5.21;0.32;342.76;10.21;1310;23;3485.00;137
8719;22;22060934;8719;483;10026;10163;5.14;0.31;342.91;10.21;1307;23;3486.00;137
8725;22;22060951;8725;490;10026;10164;5.08;0.31;342.99;10.21;1301;23;3487.00;138
8726;22;22060969;8726;492;10027;10164;5.06;0.31;343.05;10.25;1301;23;3488.00;137
8733;22;22060985;8733;497;10027;10164;4.96;0.30;343.15;10.25;1294;23;3489.00;137
8735;22;22061010;8735;508;10030;10164;4.89;0.30;343.26;10.37;1295;23;3490.00;134
8738;22;22061028;8738;523;10030;10164;4.79;0.29;343.22;10.37;1292;23;3491.00;134
8741;22;22061042;8741;524;10041;10176;4.74;0.29;343.17;10.36;1300;23;3492.00;135
8744;22;22061060;8744;536;10041;10176;4.67;0.29;343.13;10.36;1297;23;3493.00;135
8746;22;22061074;8746;536;10041;10176;4.63;0.28;343.09;10.36;1295;23;3494.00;135
8748;22;22061090;8748;536;10041;10176;4.60;0.28;343.08;10.36;1293;23;3495.00;135
8751;22;22061105;8751;550;10041;10176;4.54;0.28;343.08;10.36;1290;23;3496.00;135
8753;22;22061121;8753;552;10041;10176;4.51;0.28;343.02;10.36;1288;23;3497.00;135
8756;22;22061136;8756;562;10044;10180;4.46;0.27;343.09;10.36;1288;23;3498.00;136
8759;22;22061153;8759;564;10044;10180;4.42;0.27;343.01;10.36;1285;23;3499.00;136
8761;22;22061169;8761;550;10048;10184;4.43;0.27;342.99;10.35;1287;23;3500.00;136
8770;22;22061190;8770;542;10048;10185;4.33;0.27;342.86;10.35;1278;23;3501.00;137
8773;22;22061207;8773;538;10049;10185;4.26;0.26;342.88;10.35;1276;23;3502.00;136
8778;22;22061222;8778;533;10049;10185;4.17;0.26;342.80;10.35;1271;23;3503.00;136
8783;22;22061238;8783;535;10059;10198;4.17;0.25;342.71;10.34;1276;23;3504.00;139
8783;22;22061255;8783;542;10059;10198;4.17;0.26;342.71;10.34;1276;23;3505.00;139
8788;22;22061271;8788;545;10059;10198;4.11;0.25;342.59;10.34;1271;23;3506.00;139
8791;22;22061288;8791;534;10060;10199;4.14;0.25;342.66;10.34;1269;23;3507.00;139
8794;22;22061304;8794;533;10060;10200;4.12;0.25;342.71;10.34;1266;23;3508.00;140
8796;22;22061320;8796;518;10060;10200;4.15;0.25;342.66;10.34;1264;23;3509.00;140
8799;22;22061337;8799;515;10064;10206;4.15;0.25;342.61;10.34;1265;23;3510.00;142
8801;22;22061353;8801;509;10064;10206;4.18;0.26;342.62;10.34;1263;23;3511.00;142
8802;22;22061368;8802;503;10065;10206;4.21;0.26;342.63;10.34;1263;23;3512.00;141
8804;22;22061384;8804;513;10065;10206;4.23;0.26;342.64;10.34;1261;23;3513.00;141
8808;22;22061400;8808;514;10069;10212;4.30;0.26;342.69;10.33;1261;23;3514.00;143
8812;22;22061417;8812;505;10070;10212;4.34;0.26;342.67;10.36;1258;23;3515.00;142
8814;22;22061433;8814;505;10070;10212;4.34;0.27;342.72;10.36;1256;23;3516.00;142
8817;22;22061451;8817;508;10071;10212;4.33;0.26;342.70;10.37;1254;23;3517.00;141
8819;22;22061467;8819;509;10074;10216;4.37;0.27;342.69;10.36;1255;23;3518.00;142
8822;22;22061484;8822;515;10076;10219;4.29;0.26;342.70;10.36;1254;23;3519.00;143
8826;22;22061504;8826;509;10077;10219;4.25;0.26;342.64;10.36;1251;23;3520.00;142
8828;22;22061520;8828;503;10078;10220;4.24;0.26;342.62;10.36;1250;23;3521.00;142
8833;22;22061537;8833;501;10079;10220;4.19;0.26;342.58;10.36;1246;23;3522.00;141
8834;22;22061553;8834;508;10079;10220;4.18;0.25;342.59;10.36;1245;23;3523.00;141
8839;22;22061570;8839;504;10079;10220;4.11;0.25;342.52;10.36;1240;23;3524.00;141
8841;22;22061587;8841;504;10080;10220;4.10;0.25;342.52;10.36;1239;23;3525.00;140
8843;22;22061603;8843;507;10080;10220;4.09;0.25;342.51;10.36;1237;23;3526.00;140
8845;22;22061619;8845;506;10080;10220;4.12;0.25;342.52;10.36;1235;23;3527.00;140
8847;22;22061646;8847;509;10118;10290;4.27;0.26;342.51;10.32;1271;23;3528.00;172
8848;22;22061669;8848;509;10120;10291;4.35;0.27;342.52;10.32;1272;23;3529.00;171
8851;22;22061686;8851;503;10124;10291;4.42;0.27;342.49;10.31;1273;23;3530.00;167
8853;22;22061703;8853;512;10127;10291;4.47;0.27;342.59;10.31;1274;23;3531.00;164
8857;22;22061721;8857;510;10128;10291;4.53;0.28;342.55;10.31;1271;23;3532.00;163
8858;22;22061738;8858;512;10129;10291;4.58;0.28;342.55;10.31;1271;23;3533.00;162
8861;22;22061756;8861;507;10133;10291;4.64;0.28;342.50;10.31;1272;23;3534.00;158
8864;22;22061783;8864;504;10134;10291;4.62;0.28;342.53;10.34;1270;23;3535.00;157
8866;22;22061800;8866;500;10137;10292;4.62;0.28;342.51;10.34;1271;23;3536.00;155
8869;22;22061818;8869;496;10140;10293;4.63;0.28;342.59;10.34;1271;23;3537.00;153
8873;22;22061834;8873;508;10141;10293;4.59;0.28;342.62;10.34;1268;23;3538.00;152
8874;22;22061852;8874;507;10146;10297;4.60;0.28;342.63;10.33;1272;23;3539.00;151
8874;22;22061871;8874;503;10149;10297;4.61;0.28;342.63;10.33;1275;23;3540.00;148
8875;22;22061888;8875;510;10151;10297;4.58;0.28;342.65;10.33;1276;23;3541.00;146
8878;22;22061905;8878;514;10152;10297;4.55;0.28;342.61;10.33;1274;23;3542.00;145
8882;22;22061921;8882;514;10157;10303;4.52;0.27;342.74;10.33;1275;23;3543.00;146
8887;22;22061938;8887;516;10157;10303;4.45;0.27;342.79;10.33;1270;23;3544.00;146
8889;22;22061956;8889;519;10157;10303;4.40;0.27;342.76;10.33;1268;23;3545.00;146
8891;22;22061974;8891;530;10159;10306;4.39;0.27;342.74;10.33;1268;23;3546.00;147
8898;22;22061990;8898;517;10160;10306;4.31;0.26;342.74;10.33;1262;23;3547.00;146
8899;22;22062010;8899;509;10160;10306;4.32;0.26;342.74;10.33;1261;23;3548.00;146
8899;22;22062026;8899;508;10160;10307;4.34;0.26;342.74;10.33;1261;23;3549.00;147
8901;22;22062044;8901;505;10161;10308;4.38;0.27;342.75;10.33;1260;23;3550.00;147
8902;22;22062064;8902;513;10161;10308;4.42;0.27;342.80;10.33;1259;23;3551.00;147
8903;22;22062082;8903;508;10172;10321;4.55;0.28;342.79;10.31;1269;23;3552.00;149
8905;22;22062100;8905;512;10173;10321;4.57;0.28;342.86;10.34;1268;23;3553.00;148
8906;22;22062118;8906;508;10173;10321;4.59;0.28;342.82;10.34;1267;23;3554.00;148
8909;22;22062133;8909;502;10175;10323;4.58;0.28;342.91;10.34;1266;23;3555.00;148
8912;22;22062158;8912;492;10175;10323;4.61;0.28;342.85;10.34;1263;24;3556.00;148
8915;22;22062196;8915;479;10179;10327;4.65;0.28;342.98;10.34;1264;24;3557.00;148
8919;22;22062214;8919;480;10179;10327;4.66;0.28;343.07;10.34;1260;24;3558.00;148
8921;22;22062231;8921;472;10182;10331;4.70;0.29;343.13;10.34;1261;24;3559.00;149
8923;22;22062251;8923;466;10182;10331;4.77;0.29;343.25;10.34;1259;24;3560.00;149
8926;22;22062269;8926;464;10182;10331;4.81;0.29;343.28;10.34;1256;24;3561.00;149
8927;22;22062286;8927;461;10182;10331;4.90;0.30;343.27;10.34;1255;24;3562.00;149
8931;22;22062303;8931;456;10182;10331;4.90;0.30;343.28;10.34;1251;24;3563.00;149
8932;22;22062331;8932;454;10192;10343;4.99;0.30;343.26;10.33;1260;24;3564.00;151
8934;22;22062349;8934;466;10193;10343;5.02;0.31;343.31;10.32;1259;24;3565.00;150
8939;22;22062367;8939;472;10194;10343;5.02;0.30;343.43;10.36;1255;24;3566.00;149
8939;22;22062385;8939;472;10194;10343;5.07;0.31;343.43;10.36;1255;24;3567.00;149
8940;22;22062402;8940;468;10194;10343;5.11;0.31;343.52;10.36;1254;24;3568.00;149
8945;22;22062421;8945;475;10194;10343;5.10;0.31;343.61;10.36;1249;24;3569.00;149
8947;22;22062441;8947;480;10194;10344;5.12;0.31;343.66;10.36;1247;24;3570.00;150
8950;22;22062460;8950;481;10194;10344;5.09;0.31;343.70;10.36;1244;24;3571.00;150
8950;22;22062479;8950;482;10199;10350;5.12;0.31;343.70;10.35;1249;24;3572.00;151
8951;22;22062499;8951;480;10200;10351;5.11;0.31;343.68;10.35;1249;24;3573.00;151
8957;22;22062517;8957;481;10200;10351;5.06;0.31;343.75;10.35;1243;24;3574.00;151
8957;22;22062536;8957;473;10200;10351;5.05;0.31;343.75;10.35;1243;24;3575.00;151
8959;22;22062553;8959;464;10203;10355;5.06;0.31;343.77;10.35;1244;24;3576.00;152
8959;22;22062570;8959;467;10203;10355;5.03;0.30;343.77;10.35;1244;24;3577.00;152
8960;22;22062588;8960;471;10203;10355;5.02;0.30;343.81;10.35;1243;24;3578.00;152
8962;22;22062605;8962;473;10204;10356;5.01;0.30;343.94;10.35;1242;24;3579.00;152
8963;22;22062622;8963;482;10207;10360;5.05;0.31;344.00;10.34;1244;24;3580.00;153
8965;22;22062640;8965;485;10207;10360;5.06;0.31;344.03;10.34;1242;24;3581.00;153
8967;22;22062658;8967;480;10209;10363;5.13;0.31;344.09;10.34;1242;24;3582.00;154
8968;22;22062677;8968;488;10209;10363;5.15;0.31;344.13;10.34;1241;24;3583.00;154
8970;22;22062695;8970;489;10210;10363;5.20;0.31;344.16;10.34;1240;24;3584.00;153
8972;22;22062712;8972;494;10211;10363;5.21;0.32;344.20;10.37;1239;24;3585.00;152
8975;22;22062736;8975;493;10215;10367;5.27;0.32;344.19;10.37;1240;24;3586.00;152
8977;22;22062754;8977;493;10215;10367;5.29;0.32;344.26;10.37;1238;24;3587.00;152
8978;22;22062780;8978;486;10215;10367;5.31;0.32;344.31;10.37;1237;24;3588.00;152
8981;22;22062798;8981;491;10215;10367;5.32;0.32;344.40;10.37;1234;24;3589.00;152
8982;22;22062815;8982;488;10215;10368;5.36;0.33;344.38;10.37;1233;24;3590.00;153
8985;22;22062832;8985;481;10216;10369;5.34;0.32;344.44;10.37;1231;24;3591.00;153
8988;22;22062850;8988;472;10216;10369;5.32;0.32;344.49;10.37;1228;24;3592.00;153
8991;22;22062867;8991;456;10217;10370;5.38;0.32;344.49;10.37;1226;24;3593.00;153
8992;22;22062885;8992;451;10217;10370;5.42;0.33;344.48;10.37;1225;24;3594.00;153
8995;22;22062902;8995;445;10217;10370;5.41;0.33;344.53;10.37;1222;24;3595.00;153
8997;22;22062920;8997;446;10217;10370;5.48;0.33;344.66;10.37;1220;24;3596.00;153
8999;22;22062938;8999;439;10217;10370;5.52;0.33;344.67;10.37;1218;24;3597.00;153
9002;22;22062956;9002;427;10217;10370;5.55;0.34;344.83;10.37;1215;24;3598.00;153
9005;22;22062973;9005;419;10217;10370;5.59;0.34;344.97;10.37;1212;24;3599.00;153
9005;22;22062995;9005;477;10341;10623;5.61;0.35;344.97;10.24;1336;24;3600.00;282
9010;22;22063041;9010;455;10341;10624;5.62;0.35;345.05;10.24;1331;24;3601.00;283
9013;22;22063061;9013;437;10350;10624;5.72;0.36;345.14;10.27;1337;24;3602.00;274
9013;22;22063079;9013;421;10352;10624;5.77;0.36;345.14;10.27;1339;24;3603.00;272
9016;23;22063098;9016;413;10357;10624;5.79;0.36;345.20;10.27;1341;25;3604.00;267
9016;23;22063123;9016;415;10360;10624;5.78;0.36;345.20;10.27;1344;25;3605.00;264
9020;23;22063143;9020;403;10365;10624;5.76;0.36;345.18;10.26;1345;25;3606.00;259
9022;23;22063162;9022;405;10369;10624;5.74;0.36;345.26;10.26;1347;25;3607.00;255
9025;23;22063181;9025;402;10377;10625;5.71;0.35;345.34;10.26;1352;25;3608.00;248
9027;23;22063201;9027;406;10380;10626;5.75;0.36;345.38;10.26;1353;25;3609.00;246
9033;23;22063220;9033;415;10384;10626;5.71;0.35;345.48;10.26;1351;25;3610.00;242
9035;23;22063246;9035;415;10388;10627;5.69;0.35;345.64;10.29;1353;25;3611.00;239
9038;23;22063266;9038;413;10391;10627;5.67;0.35;345.79;10.30;1353;25;3612.00;236
9038;23;22063286;9038;411;10395;10627;5.63;0.35;345.79;10.35;1357;25;3613.00;232
9041;23;22063307;9041;416;10396;10627;5.58;0.34;345.77;10.35;1355;25;3614.00;231
9044;23;22063328;9044;415;10400;10631;5.54;0.34;345.89;10.35;1356;25;3615.00;231
9048;23;22063354;9048;411;10402;10631;5.51;0.34;345.92;10.35;1354;25;3616.00;229
9053;23;22063372;9053;417;10404;10631;5.47;0.34;346.04;10.35;1351;25;3617.00;227
9055;23;22063392;9055;419;10406;10634;5.39;0.33;346.07;10.35;1351;25;3618.00;228
9056;23;22063412;9056;428;10408;10634;5.39;0.33;346.08;10.35;1352;25;3619.00;226
9060;23;22063437;9060;430;10410;10634;5.38;0.33;346.15;10.35;1350;25;3620.00;224
9061;23;22063456;9061;434;10415;10638;5.42;0.33;346.14;10.40;1354;25;3621.00;223
9062;23;22063475;9062;432;10416;10639;5.48;0.34;346.19;10.40;1354;25;3622.00;223
9064;23;22063496;9064;436;10418;10639;5.50;0.34;346.21;10.40;1354;25;3623.00;221
9068;23;22063515;9068;441;10423;10643;5.51;0.34;346.29;10.40;1355;25;3624.00;220
9071;23;22063536;9071;444;10425;10643;5.51;0.34;346.30;10.40;1354;25;3625.00;218
9077;23;22063555;9077;445;10428;10643;5.48;0.34;346.40;10.41;1351;25;3626.00;215
9078;23;22063574;9078;451;10430;10644;5.48;0.34;346.49;10.41;1352;25;3627.00;214
9082;23;22063595;9082;461;10433;10644;5.42;0.33;346.56;10.41;1351;25;3628.00;211
9085;23;22063614;9085;468;10438;10650;5.42;0.33;346.58;10.42;1353;25;3629.00;212
9086;23;22063636;9086;477;10439;10650;5.39;0.33;346.59;10.42;1353;25;3630.00;211
9089;23;22063655;9089;484;10443;10651;5.33;0.33;346.71;10.45;1354;25;3631.00;208
9093;23;22063673;9093;488;10445;10651;5.24;0.32;346.81;10.46;1352;25;3632.00;206
9098;23;22063694;9098;497;10447;10651;5.15;0.31;346.84;10.46;1349;25;3633.00;204
9099;23;22063712;9099;496;10450;10651;5.10;0.31;346.94;10.47;1351;25;3634.00;201
9101;23;22063730;9101;503;10451;10651;5.03;0.31;346.93;10.47;1350;25;3635.00;200
9102;23;22063750;9102;514;10461;10663;4.96;0.30;346.91;10.47;1359;25;3636.00;202
9103;23;22063769;9103;517;10463;10663;4.90;0.30;346.91;10.47;1360;25;3637.00;200
9105;23;22063787;9105;525;10464;10663;4.84;0.30;346.96;10.47;1359;25;3638.00;199
9109;23;22063804;9109;525;10467;10663;4.80;0.29;346.97;10.47;1358;25;3639.00;196
9110;23;22063821;9110;543;10469;10663;4.82;0.29;346.97;10.48;1359;25;3640.00;194
9113;23;22063840;9113;543;10471;10663;4.81;0.29;346.96;10.48;1358;25;3641.00;192
9117;23;22063860;9117;555;10476;10667;4.79;0.29;346.98;10.48;1359;25;3642.00;191
9117;23;22063880;9117;560;10477;10667;4.80;0.29;346.98;10.48;1360;25;3643.00;190
9119;23;22063898;9119;565;10481;10671;4.81;0.29;347.04;10.49;1362;25;3644.00;190
9123;23;22063916;9123;578;10485;10673;4.75;0.29;346.94;10.54;1362;25;3645.00;188
9123;23;22063935;9123;584;10486;10673;4.71;0.29;346.94;10.54;1363;25;3646.00;187
9124;23;22063951;9124;584;10486;10673;4.70;0.29;346.90;10.54;1362;25;3647.00;187
9127;23;22063969;9127;594;10493;10686;4.66;0.29;346.92;10.53;1366;25;3648.00;193
9128;23;22063997;9128;596;10496;10686;4.64;0.28;347.00;10.54;1368;25;3649.00;190
9132;23;22064014;9132;602;10496;10686;4.62;0.28;346.99;10.54;1364;25;3650.00;190
9132;23;22064031;9132;601;10500;10687;4.63;0.28;346.99;10.54;1368;25;3651.00;187
9134;23;22064049;9134;598;10500;10688;4.62;0.28;347.00;10.54;1366;25;3652.00;188
9136;23;22064066;9136;602;10502;10688;4.62;0.28;346.96;10.54;1366;25;3653.00;186
9137;23;22064083;9137;600;10505;10691;4.62;0.28;347.00;10.54;1368;25;3654.00;186
9140;23;22064101;9140;599;10505;10691;4.60;0.28;346.92;10.54;1365;25;3655.00;186
9141;23;22064118;9141;604;10505;10691;4.56;0.28;346.93;10.54;1364;25;3656.00;186
9147;23;22064136;9147;602;10505;10691;4.53;0.28;346.95;10.54;1358;25;3657.00;186
9151;23;22064153;9151;597;10510;10697;4.57;0.28;346.85;10.53;1359;25;3658.00;187
9151;23;22064170;9151;594;10510;10697;4.58;0.28;346.85;10.53;1359;25;3659.00;187
9153;23;22064190;9153;592;10510;10697;4.57;0.28;346.86;10.53;1357;25;3660.00;187
9154;23;22064207;9154;606;10510;10697;4.55;0.28;346.86;10.53;1356;25;3661.00;187
9158;23;22064224;9158;610;10513;10701;4.48;0.28;346.77;10.53;1355;25;3662.00;188
9161;23;22064241;9161;607;10514;10702;4.42;0.27;346.75;10.53;1353;25;3663.00;188
9162;23;22064258;9162;614;10514;10702;4.37;0.27;346.76;10.53;1352;25;3664.00;188
9163;23;22064274;9163;614;10515;10703;4.30;0.27;346.73;10.53;1352;25;3665.00;188
9169;23;22064290;9169;624;10515;10703;4.21;0.26;346.62;10.53;1346;25;3666.00;188
9172;23;22064307;9172;628;10515;10703;4.14;0.26;346.61;10.53;1343;25;3667.00;188
9175;23;22064323;9175;630;10515;10703;4.06;0.25;346.52;10.53;1340;25;3668.00;188
9178;23;22064339;9178;632;10515;10703;4.03;0.25;346.51;10.53;1337;25;3669.00;188
9182;23;22064356;9182;635;10515;10703;3.97;0.24;346.43;10.53;1333;25;3670.00;188
9184;23;22064371;9184;630;10515;10703;3.94;0.24;346.38;10.53;1331;25;3671.00;188
9189;23;22064386;9189;643;10549;10773;4.07;0.25;346.39;10.49;1360;25;3672.00;224
9191;23;22064409;9191;645;10549;10774;4.00;0.25;346.46;10.49;1358;25;3673.00;225
9194;23;22064425;9194;640;10555;10774;3.97;0.24;346.52;10.49;1361;25;3674.00;219
9198;23;22064440;9198;636;10558;10774;3.93;0.24;346.49;10.49;1360;25;3675.00;216
9202;23;22064456;9202;638;10562;10774;3.88;0.24;346.40;10.48;1360;25;3676.00;212
9203;23;22064471;9203;631;10562;10774;3.80;0.23;346.40;10.48;1359;25;3677.00;212
9207;24;22064487;9207;615;10564;10774;3.78;0.23;346.45;10.48;1357;26;3678.00;210
9210;24;22064518;9210;607;10566;10774;3.81;0.23;346.50;10.48;1356;26;3679.00;208
9213;24;22064535;9213;596;10568;10775;3.82;0.24;346.42;10.48;1355;26;3680.00;207
9218;24;22064552;9218;579;10570;10776;3.83;0.24;346.41;10.48;1352;26;3681.00;206
9220;24;22064568;9220;576;10572;10776;3.87;0.24;346.39;10.48;1352;26;3682.00;204
9223;24;22064586;9223;567;10575;10780;3.94;0.24;346.39;10.48;1352;26;3683.00;205
9225;24;22064606;9225;551;10575;10780;3.99;0.24;346.36;10.48;1350;26;3684.00;205
9225;24;22064631;9225;543;10575;10780;4.09;0.25;346.36;10.48;1350;26;3685.00;205
9229;24;22064648;9229;533;10575;10780;4.12;0.25;346.29;10.48;1346;26;3686.00;205
9231;24;22064665;9231;533;10579;10786;4.18;0.26;346.27;10.47;1348;26;3687.00;207
9232;24;22064682;9232;512;10579;10786;4.23;0.26;346.27;10.47;1347;26;3688.00;207
9237;24;22064699;9237;507;10579;10786;4.28;0.26;346.20;10.47;1342;26;3689.00;207
9242;24;22064719;9242;498;10582;10792;4.38;0.27;346.25;10.47;1340;26;3690.00;210
9244;24;22064738;9244;503;10583;10792;4.40;0.27;346.23;10.47;1339;26;3691.00;209
9247;24;22064756;9247;502;10584;10792;4.45;0.27;346.19;10.47;1337;26;3692.00;208
9250;24;22064774;9250;503;10584;10793;4.46;0.27;346.24;10.47;1334;26;3693.00;209
9252;24;22064792;9252;501;10585;10794;4.50;0.27;346.27;10.47;1333;26;3694.00;209
9254;24;22064813;9254;506;10585;10794;4.52;0.28;346.26;10.47;1331;26;3695.00;209
9262;24;22064832;9262;508;10595;10807;4.61;0.28;346.24;10.46;1333;26;3696.00;212
9262;24;22064853;9262;512;10595;10807;4.63;0.28;346.24;10.46;1333;26;3697.00;212
9265;24;22064871;9265;501;10596;10807;4.64;0.28;346.25;10.46;1331;26;3698.00;211
9267;24;22064889;9267;502;10597;10808;4.66;0.28;346.31;10.46;1330;26;3699.00;211
9269;24;22064909;9269;498;10598;10808;4.69;0.28;346.33;10.47;1329;26;3700.00;210
9272;24;22064933;9272;504;10602;10812;4.70;0.29;346.30;10.46;1330;26;3701.00;210
9276;24;22064953;9276;502;10603;10812;4.67;0.28;346.29;10.47;1327;26;3702.00;209
9278;24;22064971;9278;498;10608;10816;4.67;0.28;346.26;10.51;1330;26;3703.00;208
9282;24;22064989;9282;501;10609;10816;4.64;0.28;346.31;10.51;1327;26;3704.00;207
9286;24;22065007;9286;503;10609;10816;4.62;0.28;346.28;10.51;1323;26;3705.00;207
9287;24;22065025;9287;505;10611;10816;4.66;0.28;346.28;10.51;1324;26;3706.00;205
9291;24;22065044;9291;503;10612;10816;4.66;0.28;346.28;10.52;1321;26;3707.00;204
9294;24;22065062;9294;498;10621;10828;4.69;0.29;346.34;10.51;1327;26;3708.00;207
9295;24;22065081;9295;502;10624;10828;4.70;0.29;346.37;10.51;1329;26;3709.00;204
9299;24;22065099;9299;507;10625;10828;4.70;0.29;346.57;10.51;1326;26;3710.00;203
9303;24;22065142;9303;498;10625;10828;4.67;0.28;346.64;10.51;1322;26;3711.00;203
9309;24;22065165;9309;496;10627;10828;4.63;0.28;346.74;10.51;1318;26;3712.00;201
9314;24;22065182;9314;488;10628;10828;4.64;0.28;346.86;10.51;1314;26;3713.00;200
9315;24;22065202;9315;483;10628;10829;4.63;0.28;346.82;10.51;1313;26;3714.00;201
9318;24;22065220;9318;483;10629;10829;4.59;0.28;346.90;10.51;1311;26;3715.00;200
9321;24;22065238;9321;480;10634;10835;4.59;0.28;347.02;10.51;1313;26;3716.00;201
9324;24;22065257;9324;467;10636;10836;4.57;0.28;347.07;10.55;1312;26;3717.00;200
9327;24;22065283;9327;465;10636;10836;4.55;0.28;347.21;10.55;1309;26;3718.00;200
9330;24;22065300;9330;464;10636;10836;4.51;0.28;347.29;10.55;1306;26;3719.00;200
9333;24;22065319;9333;470;10640;10841;4.53;0.28;347.26;10.54;1307;26;3720.00;201
9334;24;22065337;9334;474;10640;10841;4.51;0.28;347.36;10.54;1306;26;3721.00;201
9341;24;22065355;9341;469;10640;10841;4.47;0.27;347.48;10.54;1299;26;3722.00;201
9342;24;22065373;9342;464;10641;10842;4.53;0.28;347.49;10.54;1299;26;3723.00;201
9343;24;22065391;9343;462;10644;10846;4.55;0.28;347.59;10.54;1301;26;3724.00;202
9345;24;22065410;9345;457;10644;10846;4.57;0.28;347.65;10.54;1299;26;3725.00;202
9349;24;22065429;9349;453;10646;10849;4.62;0.28;347.75;10.54;1297;26;3726.00;203
9350;24;22065447;9350;450;10646;10849;4.62;0.28;347.80;10.54;1296;26;3727.00;203
9351;24;22065465;9351;449;10647;10849;4.60;0.28;347.86;10.54;1296;26;3728.00;202
9352;24;22065482;9352;449;10647;10849;4.62;0.28;347.85;10.54;1295;26;3729.00;202
9354;24;22065500;9354;448;10651;10853;4.64;0.28;347.93;10.53;1297;26;3730.00;202
9356;24;22065518;9356;439;10651;10853;4.62;0.28;347.97;10.53;1295;26;3731.00;202
9359;24;22065536;9359;436;10651;10853;4.64;0.28;348.07;10.53;1292;26;3732.00;202
9362;24;22065555;9362;429;10652;10853;4.67;0.28;348.03;10.58;1290;26;3733.00;201
9363;24;22065573;9363;420;10652;10854;4.68;0.29;348.13;10.58;1289;26;3734.00;202
9364;24;22065601;9364;421;10654;10856;4.74;0.29;348.12;10.58;1290;26;3735.00;202
9369;24;22065620;9369;422;10654;10856;4.75;0.29;348.25;10.58;1285;26;3736.00;202
9372;24;22065644;9372;415;10655;10857;4.78;0.29;348.33;10.58;1283;26;3737.00;202
9374;24;22065665;9374;419;10655;10857;4.81;0.29;348.37;10.58;1281;26;3738.00;202
9374;24;22065685;9374;422;10655;10857;4.86;0.30;348.37;10.58;1281;26;3739.00;202
9376;24;22065704;9376;435;10655;10857;4.89;0.30;348.45;10.58;1279;26;3740.00;202
9377;24;22065726;9377;425;10655;10857;4.95;0.30;348.54;10.58;1278;26;3741.00;202
9380;24;22065751;9380;425;10655;10857;4.96;0.30;348.57;10.58;1275;26;3742.00;202
9383;24;22065772;9383;430;10655;10857;5.00;0.30;348.62;10.58;1272;26;3743.00;202
9384;24;22065791;9384;453;10729;10984;5.10;0.32;348.69;10.50;1345;26;3744.00;255
9385;24;22065825;9385;451;10729;10985;5.12;0.32;348.74;10.50;1344;26;3745.00;256
9388;24;22065847;9388;441;10735;10985;5.15;0.32;348.77;10.50;1347;26;3746.00;250
9388;24;22065865;9388;444;10736;10985;5.17;0.32;348.77;10.50;1348;26;3747.00;249
9391;24;22065884;9391;444;10741;10985;5.23;0.32;348.80;10.50;1350;26;3748.00;244
9393;24;22065902;9393;444;10743;10985;5.29;0.33;348.87;10.49;1350;26;3749.00;242
9393;24;22065922;9393;442;10748;10990;5.32;0.33;348.87;10.49;1355;26;3750.00;242
9397;24;22065944;9397;445;10751;10990;5.30;0.32;348.94;10.49;1354;26;3751.00;239
9401;24;22065963;9401;454;10754;10991;5.28;0.32;348.91;10.49;1353;26;3752.00;237
9402;24;22065983;9402;459;10758;10992;5.29;0.32;348.92;10.49;1356;26;3753.00;234
9405;24;22066002;9405;464;10759;10992;5.24;0.32;349.01;10.49;1354;26;3754.00;233
9405;24;22066021;9405;467;10762;10993;5.20;0.32;349.01;10.49;1357;26;3755.00;231
9408;24;22066041;9408;469;10767;10993;5.16;0.32;349.05;10.49;1359;26;3756.00;226
9411;24;22066061;9411;473;10769;10993;5.13;0.31;349.03;10.49;1358;26;3757.00;224
9414;24;22066082;9414;480;10770;10993;5.14;0.31;349.04;10.49;1356;26;3758.00;223
9416;24;22066103;9416;487;10775;10997;5.15;0.32;349.01;10.49;1359;26;3759.00;222
9419;24;22066121;9419;487;10777;10997;5.16;0.32;349.12;10.49;1358;26;3760.00;220
9420;24;22066141;9420;491;10778;10997;5.15;0.31;349.22;10.49;1358;26;3761.00;219
9422;24;22066162;9422;492;10781;11000;5.18;0.32;349.37;10.49;1359;26;3762.00;219
9426;24;22066190;9426;487;10781;11000;5.17;0.32;349.35;10.49;1355;26;3763.00;219
9429;24;22066224;9429;484;10783;11000;5.19;0.32;349.46;10.54;1354;26;3764.00;217
9431;24;22066246;9431;476;10785;11004;5.21;0.32;349.56;10.53;1354;26;3765.00;219
9435;24;22066266;9435;466;10787;11005;5.24;0.32;349.63;10.53;1352;26;3766.00;218
9438;24;22066287;9438;463;10787;11005;5.26;0.32;349.63;10.53;1349;26;3767.00;218
9440;24;22066306;9440;458;10791;11009;5.32;0.32;349.71;10.53;1351;26;3768.00;218
9443;24;22066326;9443;445;10791;11009;5.36;0.33;349.72;10.53;1348;26;3769.00;218
9445;24;22066346;9445;439;10792;11009;5.40;0.33;349.77;10.53;1347;26;3770.00;217
9445;24;22066366;9445;432;10793;11010;5.46;0.33;349.77;10.53;1348;26;3771.00;217
9449;24;22066386;9449;434;10793;11010;5.46;0.33;349.83;10.53;1344;26;3772.00;217
9451;24;22066406;9451;426;10798;11016;5.47;0.33;349.88;10.53;1347;26;3773.00;218
9453;24;22066428;9453;428;10798;11016;5.44;0.33;349.99;10.53;1345;26;3774.00;218
9458;24;22066446;9458;433;10798;11017;5.35;0.32;350.19;10.53;1340;26;3775.00;219
9460;24;22066465;9460;427;10798;11017;5.26;0.32;350.33;10.53;1338;26;3776.00;219
9462;24;22066485;9462;430;10798;11017;5.17;0.31;350.45;10.53;1336;26;3777.00;219
9467;24;22066502;9467;439;10799;11017;5.06;0.31;350.49;10.53;1332;26;3778.00;218
9470;24;22066521;9470;425;10800;11017;4.96;0.30;350.56;10.53;1330;26;3779.00;217
9471;24;22066550;9471;430;10823;11053;4.93;0.30;350.60;10.51;1352;26;3780.00;230
9472;24;22066579;9472;430;10825;11053;4.81;0.29;350.64;10.57;1353;26;3781.00;228
9477;24;22066603;9477;425;10827;11053;4.73;0.29;350.71;10.57;1350;26;3782.00;226
9480;24;22066622;9480;426;10828;11053;4.73;0.29;350.66;10.56;1348;26;3783.00;225
9484;24;22066641;9484;421;10829;11053;4.72;0.29;350.83;10.61;1345;26;3784.00;224
9486;24;22066663;9486;420;10830;11053;4.77;0.29;350.83;10.61;1344;26;3785.00;223
9488;24;22066683;9488;413;10832;11057;4.80;0.29;350.94;10.61;1344;26;3786.00;225
9492;24;22066702;9492;408;10832;11057;4.80;0.29;351.01;10.61;1340;26;3787.00;225
9495;24;22066720;9495;408;10835;11061;4.86;0.30;351.10;10.61;1340;26;3788.00;226
9498;24;22066739;9498;409;10836;11062;4.90;0.30;351.09;10.61;1338;26;3789.00;226
9499;24;22066759;9499;408;10836;11062;4.89;0.30;351.08;10.61;1337;26;3790.00;226
9504;24;22066779;9504;412;10838;11062;4.84;0.30;351.11;10.67;1334;26;3791.00;224
9507;24;22066798;9507;420;10848;11075;4.78;0.29;351.26;10.66;1341;26;3792.00;227
9510;24;22066818;9510;416;10850;11075;4.71;0.29;351.23;10.66;1340;26;3793.00;225
9512;24;22066837;9512;423;10850;11075;4.68;0.29;351.32;10.66;1338;26;3794.00;225
9517;24;22066856;9517;430;10851;11076;4.67;0.29;351.49;10.66;1334;26;3795.00;225
9520;24;22066874;9520;438;10851;11077;4.69;0.29;351.51;10.66;1331;26;3796.00;226
9522;24;22066895;9522;440;10851;11077;4.68;0.29;351.52;10.66;1329;26;3797.00;226
9523;24;22066913;9523;437;10855;11080;4.70;0.29;351.52;10.66;1332;26;3798.00;225
9525;24;22066932;9525;453;10856;11080;4.68;0.29;351.62;10.66;1331;26;3799.00;224
9526;24;22066951;9526;457;10858;11080;4.67;0.29;351.60;10.66;1332;26;3800.00;222
9530;24;22066973;9530;474;10859;11080;4.61;0.28;351.55;10.72;1329;26;3801.00;221
9532;24;22066991;9532;476;10863;11086;4.59;0.28;351.61;10.72;1331;26;3802.00;223
9532;24;22067011;9532;493;10864;11086;4.54;0.28;351.61;10.72;1332;26;3803.00;222
9534;24;22067029;9534;490;10864;11086;4.48;0.27;351.58;10.72;1330;26;3804.00;222
9537;24;22067048;9537;501;10865;11086;4.39;0.27;351.52;10.78;1328;26;3805.00;221
9538;24;22067066;9538;509;10868;11090;4.38;0.27;351.50;10.78;1330;26;3806.00;222
9543;24;22067084;9543;513;10870;11091;4.36;0.27;351.40;10.84;1327;26;3807.00;221
9543;24;22067102;9543;523;10870;11091;4.34;0.27;351.40;10.84;1327;26;3808.00;221
9545;24;22067119;9545;529;10871;11092;4.34;0.27;351.38;10.84;1326;26;3809.00;221
9547;24;22067139;9547;532;10873;11092;4.33;0.26;351.34;10.97;1326;26;3810.00;219
9547;24;22067157;9547;538;10873;11092;4.33;0.26;351.34;10.97;1326;26;3811.00;219
9550;24;22067175;9550;541;10875;11092;4.31;0.26;351.38;11.09;1325;26;3812.00;217
9552;24;22067204;9552;551;10876;11092;4.31;0.26;351.35;11.15;1324;26;3813.00;216
9557;24;22067222;9557;559;10876;11092;4.27;0.26;351.32;11.15;1319;26;3814.00;216
9557;24;22067240;9557;562;10877;11092;4.28;0.26;351.32;11.21;1320;26;3815.00;215
9559;24;22067259;9559;572;10913;11162;4.50;0.28;351.36;11.17;1354;26;3816.00;249
9560;24;22067284;9560;582;10916;11163;4.46;0.27;351.34;11.23;1356;26;3817.00;247
9561;24;22067302;9561;575;10924;11163;4.47;0.27;351.37;11.23;1363;26;3818.00;239
9563;24;22067320;9563;580;10925;11163;4.40;0.27;351.42;11.23;1362;26;3819.00;238
9566;24;22067337;9566;583;10927;11163;4.36;0.27;351.43;11.22;1361;26;3820.00;236
9567;24;22067356;9567;581;10928;11163;4.32;0.26;351.41;11.22;1361;26;3821.00;235
9569;24;22067373;9569;583;10930;11163;4.25;0.26;351.37;11.22;1361;26;3822.00;233
9571;24;22067391;9571;587;10932;11163;4.19;0.26;351.33;11.22;1361;26;3823.00;231
9573;24;22067408;9573;595;10933;11164;4.13;0.25;351.28;11.22;1360;26;3824.00;231
9574;24;22067427;9574;593;10938;11166;4.07;0.25;351.28;11.22;1364;26;3825.00;228
9575;24;22067445;9575;593;10939;11166;4.03;0.25;351.30;11.22;1364;26;3826.00;227
9575;24;22067463;9575;594;10942;11170;3.97;0.24;351.30;11.22;1367;26;3827.00;228
9578;24;22067481;9578;591;10944;11170;3.93;0.24;351.26;11.22;1366;26;3828.00;226
9580;24;22067499;9580;596;10947;11170;3.93;0.24;351.26;11.22;1367;26;3829.00;223
9581;24;22067516;9581;598;10949;11170;3.90;0.24;351.29;11.22;1368;26;3830.00;221
9582;24;22067533;9582;599;10954;11176;3.95;0.24;351.29;11.21;1372;26;3831.00;222
9585;24;22067551;9585;598;10955;11176;3.94;0.24;351.22;11.21;1370;26;3832.00;221
9587;24;22067567;9587;599;10955;11176;3.94;0.24;351.30;11.21;1368;26;3833.00;221
9588;24;22067585;9588;598;10957;11179;3.95;0.24;351.27;11.21;1369;26;3834.00;222
9590;24;22067601;9590;592;10957;11179;3.93;0.24;351.25;11.21;1367;26;3835.00;222
9590;24;22067620;9590;585;10958;11179;3.93;0.24;351.25;11.21;1368;26;3836.00;221
9592;24;22067637;9592;575;10958;11180;3.92;0.24;351.23;11.21;1366;26;3837.00;222
9594;24;22067654;9594;573;10959;11181;3.89;0.24;351.20;11.21;1365;26;3838.00;222
9595;24;22067671;9595;566;10959;11181;3.88;0.24;351.18;11.21;1364;26;3839.00;222
9596;25;22067690;9596;575;10975;11207;3.94;0.24;351.19;11.19;1379;27;3840.00;232
9601;25;22067728;9601;575;10975;11207;3.88;0.24;351.14;11.19;1374;27;3841.00;232
9604;25;22067745;9604;571;10978;11207;3.88;0.24;351.18;11.19;1374;27;3842.00;229
9608;25;22067762;9608;572;10980;11208;3.87;0.24;351.16;11.19;1372;27;3843.00;228
9609;25;22067780;9609;578;10981;11208;3.85;0.23;351.16;11.19;1372;27;3844.00;227
9611;25;22067797;9611;579;10985;11212;3.86;0.24;351.13;11.18;1374;27;3845.00;227
9614;25;22067814;9614;577;10987;11214;3.81;0.23;351.07;11.18;1373;27;3846.00;227
9617;25;22067831;9617;573;10990;11218;3.76;0.23;351.04;11.18;1373;27;3847.00;228
9620;25;22067856;9620;571;10990;11218;3.75;0.23;351.03;11.18;1370;27;3848.00;228
9620;25;22067873;9620;570;10990;11218;3.73;0.23;351.03;11.18;1370;27;3849.00;228
9625;25;22067898;9625;553;10990;11218;3.66;0.22;351.05;11.18;1365;27;3850.00;228
9626;25;22067915;9626;556;10990;11218;3.66;0.22;351.05;11.18;1364;27;3851.00;228
9627;25;22067933;9627;547;10999;11230;3.75;0.23;351.03;11.17;1372;27;3852.00;231
9630;25;22067951;9630;539;10999;11230;3.82;0.23;351.03;11.17;1369;27;3853.00;231
9632;25;22067968;9632;537;10999;11230;3.89;0.24;351.00;11.17;1367;27;3854.00;231
9634;25;22067986;9634;532;10999;11230;3.97;0.24;351.13;11.17;1365;27;3855.00;231
9638;25;22068005;9638;529;10999;11230;4.03;0.25;351.24;11.17;1361;27;3856.00;231
9641;25;22068023;9641;515;10999;11230;4.09;0.25;351.27;11.17;1358;27;3857.00;231
9643;25;22068041;9643;501;10999;11231;4.15;0.25;351.29;11.17;1356;27;3858.00;232
9645;25;22068060;9645;493;10999;11231;4.18;0.26;351.37;11.17;1354;27;3859.00;232
9647;25;22068078;9647;473;11004;11237;4.26;0.26;351.39;11.17;1357;27;3860.00;233
9651;25;22068096;9651;471;11005;11238;4.25;0.26;351.40;11.16;1354;27;3861.00;233
9654;25;22068114;9654;465;11005;11238;4.24;0.26;351.49;11.16;1351;27;3862.00;233
9659;25;22068132;9659;456;11005;11238;4.25;0.26;351.52;11.16;1346;27;3863.00;233
9661;25;22068151;9661;456;11008;11242;4.29;0.26;351.52;11.16;1347;27;3864.00;234
9667;25;22068169;9667;456;11008;11242;4.32;0.26;351.61;11.16;1341;27;3865.00;234
9672;25;22068188;9672;449;11008;11242;4.34;0.26;351.70;11.16;1336;27;3866.00;234
9677;25;22068207;9677;444;11009;11243;4.34;0.26;351.85;11.16;1332;27;3867.00;234
9681;25;22068226;9681;437;11012;11247;4.33;0.26;351.97;11.16;1331;27;3868.00;235
9684;25;22068247;9684;442;11012;11247;4.37;0.27;351.95;11.16;1328;27;3869.00;235
9690;25;22068267;9690;436;11017;11253;4.37;0.27;352.02;11.15;1327;27;3870.00;236
9693;25;22068287;9693;438;11017;11253;4.39;0.27;352.13;11.15;1324;27;3871.00;236
9696;25;22068305;9696;431;11018;11253;4.44;0.27;352.19;11.15;1322;27;3872.00;235
9699;25;22068324;9699;425;11018;11253;4.46;0.27;352.28;11.15;1319;27;3873.00;235
9703;25;22068345;9703;424;11022;11257;4.47;0.27;352.29;11.15;1319;27;3874.00;235
9705;25;22068364;9705;424;11022;11257;4.48;0.27;352.31;11.15;1317;27;3875.00;235
9708;25;22068383;9708;411;11022;11257;4.47;0.27;352.33;11.15;1314;27;3876.00;235
9710;25;22068402;9710;408;11022;11257;4.47;0.27;352.32;11.15;1312;27;3877.00;235
9713;25;22068421;9713;411;11022;11258;4.52;0.27;352.37;11.15;1309;27;3878.00;236
9716;25;22068439;9716;411;11023;11259;4.55;0.28;352.33;11.15;1307;27;3879.00;236
9718;25;22068458;9718;410;11023;11259;4.53;0.28;352.30;11.15;1305;27;3880.00;236
9721;25;22068479;9721;406;11024;11260;4.56;0.28;352.28;11.15;1303;27;3881.00;236
9724;25;22068498;9724;402;11025;11260;4.56;0.28;352.37;11.15;1301;27;3882.00;235
9726;25;22068517;9726;398;11025;11260;4.62;0.28;352.51;11.15;1299;27;3883.00;235
9731;25;22068536;9731;397;11025;11260;4.63;0.28;352.57;11.15;1294;27;3884.00;235
9736;25;22068554;9736;396;11025;11260;4.61;0.28;352.64;11.15;1289;27;3885.00;235
9742;25;22068572;9742;402;11025;11260;4.65;0.28;352.61;11.15;1283;27;3886.00;235
9750;25;22068590;9750;401;11026;11260;4.66;0.28;352.78;11.15;1276;27;3887.00;234
9754;25;22068610;9754;413;11093;11387;5.00;0.31;352.73;11.08;1339;27;3888.00;294
9757;25;22068641;9757;408;11096;11388;5.05;0.31;352.80;11.08;1339;27;3889.00;292
9760;25;22068662;9760;407;11101;11388;5.09;0.31;352.86;11.08;1341;27;3890.00;287
9763;25;22068682;9763;406;11103;11388;5.09;0.31;352.90;11.08;1340;27;3891.00;285
9766;25;22068701;9766;402;11108;11388;5.10;0.31;352.96;11.07;1342;27;3892.00;280
9771;25;22068719;9771;395;11112;11388;5.07;0.31;353.08;11.07;1341;27;3893.00;276
9774;25;22068738;9774;394;11113;11388;5.03;0.31;353.13;11.07;1339;27;3894.00;275
9778;25;22068757;9778;397;11116;11388;5.01;0.31;353.38;11.07;1338;27;3895.00;272
9779;25;22068777;9779;396;11117;11389;4.97;0.31;353.44;11.07;1338;27;3896.00;272
9782;25;22068798;9782;394;11121;11390;4.93;0.30;353.49;11.07;1339;27;3897.00;269
9784;25;22068818;9784;389;11125;11390;4.90;0.30;353.58;11.07;1341;27;3898.00;265
9785;25;22068837;9785;395;11126;11391;4.91;0.30;353.59;11.07;1341;27;3899.00;265
9788;25;22068858;9788;391;11132;11406;4.87;0.30;353.66;11.07;1344;27;3900.00;274
9793;25;22068891;9793;390;11136;11406;4.84;0.30;353.64;11.07;1343;27;3901.00;270
9796;25;22068912;9796;387;11138;11406;4.87;0.30;353.79;11.07;1342;27;3902.00;268
9799;25;22068932;9799;386;11140;11410;4.90;0.30;353.82;11.07;1341;27;3903.00;270
9803;25;22068953;9803;392;11143;11410;4.91;0.30;353.87;11.07;1340;27;3904.00;267
9806;25;22068972;9806;391;11145;11410;4.96;0.30;353.92;11.07;1339;28;3905.00;265
9810;25;22069012;9810;386;11150;11413;4.98;0.30;353.89;11.07;1340;28;3906.00;263
9812;25;22069032;9812;378;11152;11413;5.05;0.31;353.98;11.07;1340;28;3907.00;261
9815;25;22069052;9815;378;11152;11413;5.12;0.31;354.10;11.07;1337;28;3908.00;261
9819;25;22069073;9819;386;11158;11417;5.15;0.31;354.16;11.07;1339;28;3909.00;259
9820;25;22069097;9820;390;11160;11418;5.21;0.32;354.25;11.07;1340;28;3910.00;258
9824;25;22069116;9824;399;11161;11418;5.24;0.32;354.26;11.07;1337;28;3911.00;257
9828;25;22069137;9828;398;11165;11422;5.26;0.32;354.40;11.06;1337;28;3912.00;257
9830;25;22069157;9830;403;11168;11422;5.32;0.32;354.45;11.06;1338;28;3913.00;254
9833;25;22069178;9833;406;11168;11422;5.31;0.32;354.57;11.06;1335;28;3914.00;254
9834;25;22069198;9834;415;11172;11424;5.31;0.32;354.54;11.14;1338;28;3915.00;252
9838;25;22069217;9838;424;11172;11424;5.31;0.32;354.69;11.14;1334;28;3916.00;252
9840;25;22069237;9840;422;11178;11430;5.28;0.32;354.83;11.20;1338;28;3917.00;252
9842;25;22069257;9842;421;11179;11430;5.23;0.32;354.87;11.20;1337;28;3918.00;251
9846;25;22069279;9846;425;11179;11431;5.16;0.32;355.09;11.20;1333;28;3919.00;252
9851;25;22069297;9851;418;11179;11431;5.12;0.31;355.34;11.20;1328;28;3920.00;252
9855;25;22069317;9855;418;11180;11431;5.05;0.31;355.44;11.25;1325;28;3921.00;251
9856;25;22069336;9856;424;11180;11431;5.03;0.31;355.45;11.25;1324;28;3922.00;251
9860;25;22069355;9860;419;11181;11431;4.97;0.30;355.48;11.26;1321;28;3923.00;250
9861;25;22069374;9861;426;11191;11443;4.94;0.30;355.52;11.25;1330;28;3924.00;252
9864;25;22069402;9864;430;11191;11443;4.94;0.30;355.66;11.25;1327;28;3925.00;252
9866;25;22069420;9866;431;11194;11443;4.88;0.30;355.64;11.25;1328;28;3926.00;249
9869;25;22069438;9869;434;11194;11443;4.83;0.30;355.62;11.25;1325;28;3927.00;249
9872;25;22069457;9872;432;11194;11443;4.80;0.29;355.60;11.25;1322;28;3928.00;249
9873;25;22069483;9873;439;11196;11443;4.81;0.29;355.60;11.25;1323;28;3929.00;247
9875;25;22069504;9875;439;11199;11447;4.81;0.29;355.72;11.25;1324;28;3930.00;248
9877;25;22069523;9877;444;11200;11447;4.80;0.29;355.72;11.30;1323;28;3931.00;247
9878;25;22069541;9878;451;11204;11451;4.79;0.29;355.70;11.30;1326;28;3932.00;247
9880;25;22069563;9880;451;11205;11452;4.80;0.29;355.75;11.30;1325;28;3933.00;247
9881;25;22069582;9881;451;11205;11452;4.81;0.29;355.73;11.30;1324;28;3934.00;247
9883;25;22069601;9883;459;11205;11452;4.75;0.29;355.73;11.30;1322;28;3935.00;247
9885;25;22069619;9885;458;11216;11465;4.76;0.29;355.77;11.28;1331;28;3936.00;249
9885;25;22069639;9885;463;11216;11465;4.78;0.29;355.77;11.28;1331;28;3937.00;249
9887;25;22069657;9887;472;11216;11465;4.79;0.29;355.77;11.28;1329;28;3938.00;249
9889;25;22069675;9889;480;11217;11466;4.82;0.29;355.85;11.28;1328;28;3939.00;249
9891;25;22069696;9891;466;11217;11467;4.86;0.30;355.85;11.28;1326;28;3940.00;250
9894;25;22069715;9894;454;11217;11467;4.84;0.29;355.87;11.28;1323;28;3941.00;250
9896;25;22069734;9896;458;11219;11470;4.80;0.29;355.88;11.28;1323;28;3942.00;251
9897;25;22069752;9897;447;11219;11470;4.84;0.29;355.88;11.28;1322;28;3943.00;251
9898;25;22069771;9898;452;11220;11470;4.86;0.30;355.90;11.28;1322;28;3944.00;250
9898;25;22069789;9898;446;11220;11470;4.87;0.30;355.90;11.28;1322;28;3945.00;250
9901;25;22069808;9901;447;11225;11476;4.90;0.30;355.92;11.28;1324;28;3946.00;251
9902;25;22069828;9902;446;11225;11476;4.93;0.30;355.95;11.28;1323;28;3947.00;251
9903;25;22069847;9903;447;11225;11476;4.97;0.30;355.96;11.28;1322;28;3948.00;251
9906;25;22069866;9906;447;11226;11476;4.97;0.30;356.01;11.33;1320;28;3949.00;250
9907;25;22069884;9907;447;11229;11480;4.98;0.30;356.02;11.33;1322;28;3950.00;251
9912;25;22069903;9912;455;11230;11481;4.91;0.30;356.07;11.32;1318;28;3951.00;251
9916;25;22069921;9916;458;11230;11481;4.88;0.30;356.09;11.32;1314;28;3952.00;251
9920;25;22069939;9920;453;11231;11482;4.84;0.30;356.13;11.32;1311;28;3953.00;251
9920;25;22069956;9920;458;11232;11482;4.82;0.30;356.13;11.39;1312;28;3954.00;250
9926;25;22069979;9926;458;11233;11482;4.75;0.29;356.24;11.46;1307;28;3955.00;249
9927;25;22069997;9927;464;11233;11482;4.69;0.29;356.27;11.46;1306;28;3956.00;249
9930;25;22070015;9930;469;11233;11482;4.63;0.28;356.22;11.46;1303;28;3957.00;249
9933;25;22070033;9933;479;11233;11482;4.54;0.28;356.21;11.46;1300;28;3958.00;249
9935;25;22070057;9935;476;11233;11482;4.52;0.28;356.25;11.46;1298;28;3959.00;249
9936;25;22070078;9936;495;11289;11607;4.75;0.29;356.23;11.41;1353;28;3960.00;318
9941;25;22070108;9941;490;11291;11608;4.70;0.29;356.20;11.41;1350;28;3961.00;317
9944;25;22070128;9944;483;11300;11608;4.72;0.29;356.17;11.40;1356;28;3962.00;308
9945;25;22070146;9945;492;11303;11608;4.71;0.29;356.15;11.40;1358;28;3963.00;305
9949;25;22070164;9949;499;11309;11608;4.67;0.29;356.12;11.44;1360;28;3964.00;299
9951;25;22070184;9951;499;11311;11608;4.66;0.29;356.12;11.44;1360;28;3965.00;297
9955;25;22070202;9955;500;11316;11608;4.61;0.28;356.13;11.44;1361;28;3966.00;292
9957;25;22070221;9957;500;11320;11608;4.57;0.28;356.10;11.44;1363;28;3967.00;288
9958;25;22070238;9958;502;11325;11609;4.56;0.28;356.08;11.44;1367;28;3968.00;284
9961;25;22070257;9961;512;11328;11610;4.51;0.28;356.02;11.44;1367;28;3969.00;282
9963;25;22070275;9963;520;11333;11610;4.51;0.28;355.96;11.44;1370;28;3970.00;277
9965;25;22070296;9965;520;11338;11614;4.52;0.28;355.94;11.43;1373;28;3971.00;276
9965;25;22070314;9965;523;11339;11614;4.51;0.28;355.94;11.43;1374;28;3972.00;275
9968;25;22070331;9968;533;11339;11614;4.45;0.27;355.90;11.43;1371;28;3973.00;275
9971;25;22070350;9971;524;11339;11614;4.41;0.27;355.87;11.43;1368;28;3974.00;275
9973;25;22070369;9973;540;11344;11620;4.40;0.27;355.94;11.43;1371;28;3975.00;276
9978;25;22070387;9978;543;11346;11620;4.35;0.26;355.94;11.50;1368;28;3976.00;274
9981;25;22070406;9981;558;11346;11620;4.33;0.26;355.99;11.50;1365;28;3977.00;274
9981;25;22070424;9981;571;11349;11623;4.31;0.26;355.99;11.50;1368;28;3978.00;274
9982;25;22070444;9982;581;11349;11623;4.21;0.26;356.04;11.50;1367;28;3979.00;274
9984;25;22070462;9984;596;11351;11623;4.14;0.25;356.04;11.57;1367;28;3980.00;272
9984;25;22070481;9984;617;11352;11624;4.10;0.25;356.04;11.57;1368;28;3981.00;272
9984;25;22070509;9984;623;11355;11625;4.05;0.25;356.04;11.64;1371;28;3982.00;270
9986;25;22070529;9986;628;11355;11625;4.00;0.25;355.99;11.64;1369;28;3983.00;270
9987;25;22070547;9987;642;11365;11638;3.95;0.24;355.98;11.63;1378;28;3984.00;273
9988;25;22070566;9988;648;11367;11638;3.91;0.24;355.94;11.70;1379;28;3985.00;271
9988;25;22070584;9988;647;11367;11638;3.88;0.24;355.94;11.70;1379;28;3986.00;271
9989;25;22070601;9989;647;11368;11639;3.87;0.24;355.91;11.70;1379;28;3987.00;271
9990;25;22070618;9990;654;11369;11639;3.87;0.24;355.91;11.77;1379;28;3988.00;270
9992;25;22070636;9992;651;11372;11643;3.89;0.24;355.98;11.77;1380;28;3989.00;271
9994;25;22070656;9994;664;11372;11643;3.85;0.24;355.96;11.77;1378;28;3990.00;271
9995;25;22070674;9995;664;11377;11647;3.82;0.23;355.95;11.84;1382;28;3991.00;270
9995;25;22070693;9995;649;11377;11647;3.78;0.23;355.95;11.84;1382;28;3992.00;270
9996;25;22070712;9996;650;11377;11647;3.78;0.23;355.92;11.84;1381;28;3993.00;270
9998;25;22070729;9998;641;11379;11647;3.82;0.23;355.93;11.91;1381;28;3994.00;268
9998;25;22070748;9998;636;11379;11647;3.82;0.23;355.93;11.91;1381;28;3995.00;268
9999;25;22070769;9999;630;11390;11659;3.87;0.24;355.92;12.04;1391;28;3996.00;269
10001;25;22070796;10001;637;11390;11659;3.86;0.24;355.93;12.04;1389;28;3997.00;269
10002;25;22070817;10002;635;11390;11659;3.90;0.24;355.90;12.04;1388;28;3998.00;269
10005;25;22070840;10005;636;11390;11659;3.92;0.24;356.05;12.04;1385;28;3999.00;269
10005;25;22070861;10005;635;11392;11659;3.99;0.25;356.05;12.18;1387;28;4000.00;267
10007;25;22070882;10007;629;11392;11659;4.00;0.25;356.05;12.18;1385;28;4001.00;267
10008;25;22070900;10008;623;11394;11660;3.99;0.25;356.03;12.32;1386;28;4002.00;266
10010;25;22070918;10010;616;11394;11660;4.00;0.25;356.05;12.32;1384;28;4003.00;266
10012;25;22070935;10012;621;11399;11666;4.08;0.25;356.06;12.31;1387;28;4004.00;267
10012;25;22070956;10012;611;11403;11668;4.09;0.25;356.06;12.45;1391;28;4005.00;265
10012;25;22070981;10012;614;11403;11668;4.11;0.25;356.06;12.45;1391;28;4006.00;265
10015;25;22071000;10015;613;11405;11668;4.10;0.25;356.06;12.59;1390;28;4007.00;263
10016;25;22071018;10016;613;11407;11672;4.12;0.25;356.03;12.58;1391;28;4008.00;265
10017;25;22071036;10017;616;11408;11672;4.11;0.25;356.00;12.58;1391;28;4009.00;264
10018;25;22071052;10018;611;11408;11672;4.12;0.25;356.01;12.58;1390;28;4010.00;264
10020;25;22071069;10020;617;11409;11673;4.13;0.25;355.99;12.58;1389;28;4011.00;264
10023;25;22071087;10023;625;11412;11677;4.11;0.25;356.03;12.58;1389;28;4012.00;265
10026;25;22071103;10026;622;11412;11677;4.12;0.25;356.08;12.58;1386;28;4013.00;265
10030;25;22071120;10030;627;11414;11680;4.10;0.25;356.06;12.58;1384;28;4014.00;266
10033;25;22071138;10033;619;11414;11680;4.04;0.25;356.03;12.58;1381;28;4015.00;266
10037;25;22071154;10037;623;11415;11680;3.99;0.24;355.95;12.58;1378;28;4016.00;265
10040;25;22071171;10040;622;11415;11680;3.94;0.24;356.02;12.58;1375;28;4017.00;265
10043;25;22071191;10043;633;11419;11684;3.94;0.24;356.18;12.57;1376;28;4018.00;265
10050;25;22071220;10050;630;11419;11684;3.87;0.24;356.23;12.57;1369;28;4019.00;265
10051;25;22071238;10051;626;11419;11684;3.87;0.24;356.20;12.57;1368;28;4020.00;265
10052;25;22071255;10052;629;11419;11684;3.86;0.24;356.18;12.57;1367;28;4021.00;265
10054;25;22071272;10054;624;11419;11685;3.79;0.23;356.20;12.57;1365;28;4022.00;266
10056;25;22071290;10056;620;11420;11686;3.76;0.23;356.25;12.57;1364;28;4023.00;266
10058;25;22071307;10058;627;11420;11686;3.73;0.23;356.25;12.57;1362;28;4024.00;266
10062;25;22071323;10062;615;11422;11687;3.74;0.23;356.29;12.57;1360;28;4025.00;265
10063;25;22071340;10063;613;11422;11687;3.76;0.23;356.28;12.57;1359;28;4026.00;265
10069;25;22071356;10069;609;11422;11687;3.75;0.23;356.34;12.57;1353;28;4027.00;265
10073;25;22071372;10073;600;11422;11687;3.79;0.23;356.36;12.57;1349;28;4028.00;265
10073;25;22071391;10073;598;11422;11687;3.87;0.24;356.36;12.57;1349;28;4029.00;265
10076;25;22071410;10076;604;11422;11687;3.87;0.24;356.41;12.57;1346;28;4030.00;265
10081;25;22071426;10081;596;11422;11687;3.90;0.24;356.40;12.57;1341;28;4031.00;265
10083;25;22071444;10083;601;11490;11814;4.24;0.26;356.44;12.50;1407;28;4032.00;324
10086;25;22071471;10086;578;11494;11815;4.28;0.27;356.42;12.49;1408;28;4033.00;321
10088;25;22071489;10088;571;11498;11815;4.31;0.27;356.48;12.49;1410;28;4034.00;317
10090;25;22071506;10090;564;11500;11815;4.37;0.27;356.69;12.49;1410;28;4035.00;315
10092;25;22071524;10092;555;11502;11815;4.40;0.27;356.73;12.49;1410;28;4036.00;313
10095;25;22071542;10095;547;11503;11815;4.39;0.27;356.93;12.49;1408;28;4037.00;312
10099;25;22071561;10099;536;11506;11815;4.41;0.27;357.03;12.48;1407;28;4038.00;309
10102;25;22071580;10102;541;11508;11815;4.40;0.27;357.05;12.48;1406;28;4039.00;307
10108;25;22071598;10108;546;11510;11816;4.39;0.27;357.24;12.48;1402;28;4040.00;306
10111;25;22071617;10111;547;11512;11817;4.42;0.27;357.47;12.48;1401;28;4041.00;305
10116;25;22071635;10116;553;11513;11817;4.43;0.27;357.58;12.48;1397;28;4042.00;304
10120;25;22071654;10120;549;11514;11818;4.39;0.27;357.67;12.48;1394;28;4043.00;304
10124;25;22071673;10124;551;11516;11818;4.41;0.27;357.75;12.48;1392;28;4044.00;302
10128;25;22071694;10128;556;11516;11818;4.46;0.27;357.86;12.48;1388;28;4045.00;302
10133;25;22071712;10133;554;11516;11818;4.47;0.27;358.07;12.48;1383;28;4046.00;302
10138;25;22071731;10138;551;11522;11822;4.48;0.27;358.14;12.48;1384;28;4047.00;300
10141;25;22071751;10141;550;11522;11822;4.49;0.27;358.19;12.48;1381;28;4048.00;300
10144;25;22071770;10144;551;11522;11822;4.49;0.27;358.35;12.48;1378;28;4049.00;300
10151;26;22071801;10151;550;11528;11828;4.47;0.27;358.41;12.48;1377;29;4050.00;300
10151;26;22071830;10151;541;11529;11828;4.51;0.28;358.41;12.48;1378;29;4051.00;299
10154;26;22071849;10154;536;11532;11828;4.55;0.28;358.53;12.48;1378;29;4052.00;296
10157;26;22071868;10157;534;11536;11832;4.58;0.28;358.62;12.48;1379;29;4053.00;296
10159;26;22071887;10159;539;11538;11833;4.60;0.28;358.70;12.48;1379;29;4054.00;295
10162;26;22071913;10162;538;11539;11833;4.62;0.28;358.71;12.48;1377;29;4055.00;294
10168;26;22071933;10168;540;11542;11837;4.60;0.28;358.78;12.48;1374;29;4056.00;295
10168;26;22071951;10168;537;11544;11837;4.67;0.29;358.78;12.48;1376;29;4057.00;293
10173;26;22071970;10173;535;11545;11837;4.67;0.29;358.93;12.48;1372;29;4058.00;292
10178;26;22071988;10178;534;11548;11838;4.65;0.28;358.95;12.48;1370;29;4059.00;290
10182;26;22072007;10182;533;11549;11838;4.62;0.28;359.06;12.48;1367;29;4060.00;289
10187;26;22072028;10187;526;11552;11844;4.63;0.28;359.06;12.48;1365;29;4061.00;292
10191;26;22072054;10191;524;11555;11844;4.65;0.28;359.15;12.48;1364;29;4062.00;289
10195;26;22072072;10195;521;11558;11845;4.68;0.29;359.18;12.54;1363;29;4063.00;287
10202;26;22072094;10202;516;11559;11845;4.65;0.28;359.42;12.54;1357;29;4064.00;286
10204;26;22072113;10204;518;11560;11845;4.66;0.28;359.47;12.54;1356;29;4065.00;285
10207;26;22072131;10207;522;11561;11845;4.62;0.28;359.55;12.54;1354;29;4066.00;284
10211;26;22072150;10211;519;11562;11845;4.57;0.28;359.68;12.54;1351;29;4067.00;283
10214;26;22072173;10214;517;11571;11857;4.59;0.28;359.71;12.53;1357;29;4068.00;286
10217;26;22072194;10217;513;11572;11857;4.57;0.28;359.84;12.53;1355;29;4069.00;285
10217;26;22072214;10217;513;11572;11857;4.55;0.28;359.84;12.53;1355;29;4070.00;285
10223;26;22072232;10223;515;11573;11857;4.50;0.28;360.14;12.54;1350;29;4071.00;284
10226;26;22072253;10226;500;11573;11857;4.48;0.27;360.12;12.54;1347;29;4072.00;284
10228;26;22072277;10228;501;11573;11857;4.48;0.27;360.13;12.54;1345;29;4073.00;284
10231;26;22072297;10231;499;11577;11861;4.50;0.27;360.14;12.54;1346;29;4074.00;284
10232;26;22072315;10232;500;11577;11861;4.50;0.28;360.18;12.54;1345;29;4075.00;284
10238;26;22072334;10238;509;11582;11865;4.52;0.28;360.32;12.53;1344;29;4076.00;283
10241;26;22072353;10241;502;11583;11866;4.58;0.28;360.48;12.53;1342;29;4077.00;283
10245;26;22072371;10245;511;11585;11866;4.57;0.28;360.46;12.59;1340;29;4078.00;281
10248;26;22072390;10248;517;11586;11866;4.56;0.28;360.58;12.65;1338;29;4079.00;280
10250;26;22072412;10250;529;11607;11895;4.56;0.28;360.65;12.63;1357;29;4080.00;288
10250;26;22072433;10250;522;11608;11895;4.59;0.28;360.65;12.68;1358;29;4081.00;287
10252;26;22072451;10252;523;11610;11895;4.62;0.28;360.72;12.68;1358;29;4082.00;285
10255;26;22072472;10255;526;11611;11896;4.64;0.28;360.78;12.68;1356;29;4083.00;285
10257;26;22072490;10257;528;11612;11897;4.68;0.29;360.75;12.73;1355;29;4084.00;285
10260;26;22072511;10260;532;11613;11897;4.67;0.29;360.76;12.73;1353;29;4085.00;284
10264;26;22072530;10264;534;11615;11900;4.69;0.29;360.98;12.73;1351;29;4086.00;285
10266;26;22072550;10266;540;11617;11900;4.69;0.29;360.94;12.77;1351;29;4087.00;283
10270;26;22072568;10270;543;11618;11900;4.68;0.29;361.15;12.77;1348;29;4088.00;282
10272;26;22072595;10272;552;11618;11900;4.68;0.28;361.18;12.77;1346;29;4089.00;282
10274;26;22072619;10274;550;11625;11906;4.71;0.29;361.23;12.81;1351;29;4090.00;281
10276;26;22072656;10276;551;11625;11906;4.65;0.28;361.33;12.81;1349;29;4091.00;281
10280;26;22072687;10280;548;11625;11906;4.63;0.28;361.42;12.81;1345;29;4092.00;281
10281;26;22072715;10281;546;11626;11906;4.61;0.28;361.53;12.85;1345;29;4093.00;280
10285;26;22072739;10285;546;11629;11910;4.55;0.28;361.67;12.85;1344;29;4094.00;281
10286;26;22072766;10286;549;11632;11912;4.53;0.28;361.68;12.89;1346;29;4095.00;280
10287;26;22072800;10287;546;11632;11912;4.46;0.27;361.77;12.89;1345;29;4096.00;280
10288;26;22072828;10288;545;11634;11913;4.46;0.27;361.75;12.88;1346;29;4097.00;279
10291;26;22072850;10291;550;11635;11913;4.43;0.27;361.86;12.93;1344;29;4098.00;278
10294;26;22072869;10294;546;11635;11913;4.39;0.27;361.87;12.93;1341;29;4099.00;278
10295;26;22072889;10295;547;11635;11913;4.40;0.27;362.00;12.93;1340;29;4100.00;278
10297;26;22072918;10297;554;11635;11913;4.41;0.27;362.08;12.93;1338;29;4101.00;278
10299;26;22072943;10299;547;11635;11913;4.36;0.27;362.27;12.93;1336;29;4102.00;278
10301;26;22072962;10301;549;11635;11913;4.37;0.27;362.23;12.93;1334;29;4103.00;278
10305;26;22072980;10305;568;11676;11983;4.43;0.27;362.23;12.92;1371;29;4104.00;307
10308;26;22073005;10308;564;11678;11984;4.45;0.27;362.26;12.92;1370;29;4105.00;306
10312;26;22073025;10312;568;11683;11984;4.50;0.27;362.35;12.92;1371;29;4106.00;301
10315;26;22073045;10315;564;11684;11984;4.47;0.27;362.41;12.92;1369;29;4107.00;300
10316;26;22073064;10316;566;11687;11984;4.47;0.27;362.45;12.96;1371;29;4108.00;297
10318;26;22073082;10318;570;11688;11984;4.43;0.27;362.45;12.96;1370;29;4109.00;296
10320;26;22073102;10320;575;11692;11984;4.46;0.27;362.50;12.95;1372;29;4110.00;292
10321;26;22073120;10321;579;11693;11984;4.50;0.28;362.49;12.95;1372;29;4111.00;291
10322;26;22073141;10322;591;11696;11985;4.53;0.28;362.51;12.95;1374;29;4112.00;289
10323;26;22073160;10323;587;11698;11986;4.52;0.28;362.55;12.95;1375;29;4113.00;288
10326;26;22073178;10326;595;11701;11986;4.50;0.28;362.52;12.95;1375;29;4114.00;285
10327;26;22073197;10327;592;11707;11990;4.51;0.28;362.49;12.95;1380;29;4115.00;283
10329;26;22073218;10329;591;11708;11990;4.51;0.28;362.49;12.95;1379;29;4116.00;282
10333;26;22073237;10333;586;11708;11990;4.47;0.27;362.44;12.95;1375;29;4117.00;282
10335;26;22073256;10335;580;11708;11990;4.48;0.27;362.43;12.95;1373;29;4118.00;282
10335;26;22073274;10335;587;11714;11996;4.49;0.27;362.43;12.98;1379;29;4119.00;282
10337;26;22073296;10337;581;11714;11996;4.49;0.27;362.50;12.98;1377;29;4120.00;282
10339;26;22073315;10339;577;11714;11996;4.47;0.27;362.50;12.98;1375;29;4121.00;282
10342;26;22073336;10342;573;11716;11999;4.49;0.27;362.51;12.98;1374;29;4122.00;283
10346;26;22073354;10346;583;11716;11999;4.50;0.27;362.48;12.98;1370;29;4123.00;283
10350;26;22073373;10350;581;11718;11999;4.47;0.27;362.42;13.02;1368;29;4124.00;281
10353;26;22073391;10353;576;11718;12000;4.43;0.27;362.42;13.02;1365;29;4125.00;282
10355;26;22073412;10355;580;11719;12001;4.40;0.27;362.39;13.02;1364;29;4126.00;282
10361;26;22073430;10361;579;11719;12001;4.35;0.26;362.34;13.02;1358;29;4127.00;282
10363;26;22073452;10363;586;11729;12014;4.34;0.26;362.34;13.01;1366;29;4128.00;285
10366;26;22073484;10366;585;11730;12014;4.29;0.26;362.31;13.06;1364;29;4129.00;284
10368;26;22073505;10368;589;11732;12014;4.27;0.26;362.32;13.21;1364;29;4130.00;282
10371;26;22073528;10371;587;11733;12015;4.26;0.26;362.28;13.21;1362;29;4131.00;282
10374;26;22073545;10374;582;11733;12015;4.25;0.26;362.24;13.21;1359;29;4132.00;282
10377;26;22073564;10377;578;11739;12019;4.28;0.26;362.22;13.25;1362;29;4133.00;280
10378;26;22073581;10378;586;11739;12019;4.27;0.26;362.21;13.25;1361;29;4134.00;280
10380;26;22073600;10380;579;11742;12023;4.27;0.26;362.21;13.24;1362;29;4135.00;281
10381;26;22073617;10381;585;11742;12023;4.26;0.26;362.20;13.24;1361;29;4136.00;281
10381;26;22073636;10381;578;11742;12023;4.23;0.26;362.20;13.24;1361;29;4137.00;281
10385;26;22073653;10385;581;11742;12023;4.15;0.25;362.12;13.24;1357;29;4138.00;281
10387;26;22073670;10387;579;11742;12023;4.14;0.25;362.07;13.24;1355;29;4139.00;281
10389;26;22073688;10389;584;11763;12057;4.24;0.26;362.07;13.22;1374;29;4140.00;294
10391;26;22073710;10391;589;11764;12057;4.25;0.26;362.07;13.22;1373;29;4141.00;293
10394;26;22073728;10394;587;11765;12057;4.25;0.26;362.01;13.22;1371;29;4142.00;292
10396;26;22073746;10396;590;11766;12057;4.26;0.26;362.01;13.22;1370;29;4143.00;291
10396;26;22073764;10396;593;11766;12057;4.24;0.26;362.01;13.22;1370;29;4144.00;291
10399;26;22073781;10399;591;11766;12057;4.24;0.26;362.06;13.22;1367;29;4145.00;291
10400;26;22073799;10400;594;11766;12058;4.22;0.26;362.04;13.22;1366;29;4146.00;292
10402;26;22073817;10402;599;11766;12058;4.13;0.25;362.08;13.22;1364;29;4147.00;292
10403;26;22073834;10403;601;11771;12064;4.15;0.25;362.05;13.21;1368;29;4148.00;293
10406;26;22073852;10406;591;11772;12065;4.13;0.25;362.00;13.21;1366;29;4149.00;293
10407;26;22073869;10407;584;11773;12065;4.12;0.25;362.03;13.21;1366;29;4150.00;292
10408;26;22073887;10408;578;11773;12065;4.14;0.25;362.00;13.21;1365;29;4151.00;292
10408;26;22073904;10408;577;11776;12069;4.18;0.26;362.00;13.21;1368;29;4152.00;293
10410;26;22073922;10410;579;11777;12069;4.18;0.26;361.96;13.21;1367;29;4153.00;292
10411;26;22073940;10411;584;11778;12069;4.20;0.26;361.95;13.21;1367;29;4154.00;291
10413;26;22073957;10413;580;11781;12070;4.21;0.26;361.94;13.21;1368;29;4155.00;289
10415;26;22073976;10415;584;11784;12074;4.20;0.26;361.91;13.20;1369;29;4156.00;290
10416;26;22073996;10416;586;11784;12074;4.20;0.26;361.93;13.20;1368;29;4157.00;290
10417;26;22074020;10417;593;11787;12077;4.19;0.26;361.89;13.28;1370;29;4158.00;290
10418;26;22074051;10418;602;11788;12077;4.20;0.26;361.89;13.28;1370;29;4159.00;289
10420;26;22074069;10420;607;11788;12077;4.20;0.26;361.89;13.28;1368;29;4160.00;289
10421;26;22074086;10421;607;11789;12077;4.18;0.25;361.89;13.36;1368;29;4161.00;288
10423;26;22074104;10423;611;11793;12081;4.20;0.26;361.96;13.35;1370;29;4162.00;288
10425;26;22074122;10425;617;11795;12081;4.18;0.25;361.96;13.51;1370;29;4163.00;286
10426;26;22074140;10426;618;11795;12081;4.19;0.26;361.95;13.51;1369;29;4164.00;286
10427;26;22074159;10427;622;11795;12081;4.21;0.26;361.94;13.51;1368;29;4165.00;286
10428;26;22074178;10428;620;11797;12082;4.21;0.26;361.96;13.66;1369;29;4166.00;285
10429;26;22074196;10429;617;11798;12083;4.22;0.26;361.95;13.66;1369;29;4167.00;285
10430;26;22074214;10430;619;11798;12083;4.24;0.26;361.94;13.66;1368;29;4168.00;285
10431;26;22074231;10431;622;11799;12084;4.23;0.26;361.92;13.66;1368;29;4169.00;285
10432;26;22074250;10432;633;11799;12084;4.20;0.26;361.94;13.66;1367;29;4170.00;285
10436;26;22074268;10436;630;11799;12084;4.16;0.25;361.87;13.66;1363;29;4171.00;285
10438;26;22074285;10438;630;11799;12084;4.15;0.25;361.81;13.66;1361;29;4172.00;285
10440;26;22074302;10440;632;11801;12086;4.09;0.25;361.79;13.66;1361;29;4173.00;285
10441;26;22074319;10441;634;11801;12086;4.05;0.25;361.89;13.66;1360;29;4174.00;285
10442;26;22074336;10442;629;11801;12086;4.04;0.25;361.91;13.66;1359;29;4175.00;285
10444;26;22074353;10444;642;11866;12213;4.32;0.27;361.88;13.58;1422;29;4176.00;347
10446;26;22074381;10446;635;11870;12214;4.30;0.27;361.91;13.58;1424;29;4177.00;344
10449;26;22074399;10449;624;11879;12214;4.33;0.27;362.00;13.57;1430;29;4178.00;335
10450;26;22074417;10450;618;11883;12214;4.36;0.27;362.02;13.56;1433;29;4179.00;331
10452;26;22074435;10452;616;11887;12214;4.39;0.27;362.12;13.56;1435;29;4180.00;327
10452;26;22074452;10452;612;11892;12214;4.44;0.27;362.12;13.56;1440;29;4181.00;322
10454;26;22074470;10454;611;11896;12214;4.45;0.27;362.20;13.56;1442;29;4182.00;318
10456;26;22074487;10456;611;11898;12214;4.47;0.28;362.25;13.55;1442;29;4183.00;316
10458;26;22074505;10458;609;11899;12215;4.53;0.28;362.24;13.55;1441;29;4184.00;316
10461;26;22074524;10461;609;11902;12217;4.57;0.28;362.27;13.55;1441;29;4185.00;315
10463;26;22074542;10463;610;11904;12217;4.59;0.28;362.32;13.55;1441;29;4186.00;313
10469;26;22074562;10469;617;11905;12218;4.56;0.28;362.26;13.55;1436;29;4187.00;313
10472;26;22074580;10472;621;11908;12218;4.55;0.28;362.24;13.55;1436;29;4188.00;310
10479;26;22074599;10479;622;11909;12218;4.47;0.27;362.45;13.55;1430;29;4189.00;309
10481;26;22074618;10481;621;11912;12218;4.43;0.27;362.53;13.55;1431;29;4190.00;306
10485;26;22074636;10485;622;11916;12222;4.37;0.27;362.63;13.55;1431;29;4191.00;306
10488;26;22074678;10488;625;11919;12222;4.33;0.26;362.63;13.55;1431;29;4192.00;303
10490;26;22074697;10490;634;11919;12222;4.27;0.26;362.71;13.55;1429;29;4193.00;303
10495;26;22074715;10495;628;11921;12225;4.22;0.26;362.81;13.55;1426;29;4194.00;304
10499;26;22074733;10499;630;11924;12225;4.19;0.26;362.75;13.55;1425;29;4195.00;301
10502;26;22074751;10502;632;11926;12225;4.15;0.25;362.86;13.55;1424;29;4196.00;299
10504;26;22074769;10504;632;11929;12229;4.14;0.25;362.87;13.54;1425;29;4197.00;300
10506;26;22074795;10506;635;11931;12230;4.11;0.25;362.97;13.54;1425;29;4198.00;299
10511;26;22074812;10511;632;11931;12230;4.06;0.25;363.09;13.54;1420;29;4199.00;299
10517;26;22074832;10517;625;11941;12264;4.08;0.25;363.21;13.53;1424;29;4200.00;323
10521;26;22074859;10521;618;11944;12264;4.08;0.25;363.30;13.53;1423;29;4201.00;320
10523;26;22074878;10523;613;11945;12264;4.08;0.25;363.37;13.53;1422;29;4202.00;319
10527;26;22074901;10527;609;11946;12265;4.09;0.25;363.52;13.53;1419;29;4203.00;319
10531;26;22074920;10531;601;11946;12265;4.13;0.25;363.67;13.53;1415;29;4204.00;319
10532;26;22074938;10532;593;11951;12271;4.19;0.26;363.67;13.52;1419;29;4205.00;320
10536;26;22074956;10536;592;11953;12271;4.20;0.26;363.88;13.52;1417;29;4206.00;318
10539;26;22074983;10539;580;11953;12272;4.28;0.26;363.93;13.52;1414;29;4207.00;319
10544;26;22075001;10544;569;11954;12272;4.28;0.26;363.97;13.52;1410;29;4208.00;318
10544;26;22075020;10544;561;11954;12272;4.33;0.26;363.97;13.52;1410;29;4209.00;318
10550;26;22075039;10550;555;11955;12272;4.36;0.26;364.11;13.52;1405;29;4210.00;317
10552;26;22075059;10552;554;11956;12272;4.42;0.27;364.10;13.52;1404;29;4211.00;316
10556;26;22075078;10556;543;11965;12284;4.52;0.28;364.27;13.51;1409;29;4212.00;319
10558;26;22075099;10558;535;11965;12284;4.60;0.28;364.37;13.51;1407;29;4213.00;319
10564;26;22075117;10564;530;11966;12284;4.63;0.28;364.42;13.51;1402;29;4214.00;318
10566;26;22075144;10566;523;11966;12284;4.68;0.28;364.54;13.51;1400;29;4215.00;318
10570;26;22075171;10570;520;11967;12284;4.69;0.28;364.67;13.51;1397;29;4216.00;317
10576;26;22075190;10576;523;11967;12284;4.64;0.28;364.62;13.51;1391;29;4217.00;317
10580;26;22075212;10580;528;11971;12288;4.57;0.28;364.75;13.51;1391;29;4218.00;317
10582;26;22075231;10582;522;11973;12288;4.55;0.28;364.81;13.51;1391;29;4219.00;315
10585;26;22075251;10585;527;11975;12292;4.52;0.27;364.93;13.51;1390;29;4220.00;317
10585;26;22075271;10585;534;11976;12293;4.53;0.27;364.93;13.50;1391;29;4221.00;317
10591;26;22075290;10591;538;11977;12293;4.48;0.27;364.97;13.51;1386;29;4222.00;316
10594;26;22075311;10594;537;11977;12293;4.49;0.27;365.00;13.51;1383;29;4223.00;316
10599;26;22075330;10599;540;11985;12306;4.53;0.28;365.18;13.50;1386;29;4224.00;321
10602;26;22075351;10602;544;11985;12306;4.53;0.28;365.26;13.50;1383;29;4225.00;321
10602;26;22075370;10602;545;11988;12306;4.56;0.28;365.26;13.50;1386;29;4226.00;318
10609;26;22075388;10609;544;11991;12307;4.53;0.28;365.32;13.55;1382;29;4227.00;316
10610;26;22075410;10610;554;11991;12308;4.52;0.28;365.30;13.55;1381;29;4228.00;317
10613;26;22075428;10613;550;11992;12308;4.46;0.27;365.28;13.55;1379;29;4229.00;316
10615;26;22075449;10615;552;11996;12314;4.42;0.27;365.24;13.55;1381;29;4230.00;318
10618;26;22075468;10618;561;11997;12314;4.36;0.27;365.24;13.55;1379;29;4231.00;317
10619;26;22075486;10619;561;11999;12314;4.32;0.26;365.24;13.55;1380;29;4232.00;315
10624;26;22075504;10624;569;12000;12314;4.29;0.26;365.33;13.55;1376;29;4233.00;314
10629;26;22075524;10629;565;12005;12320;4.28;0.26;365.27;13.54;1376;29;4234.00;315
10630;26;22075546;10630;572;12005;12320;4.31;0.26;365.29;13.54;1375;29;4235.00;315
10632;26;22075564;10632;564;12006;12320;4.29;0.26;365.29;13.54;1374;29;4236.00;314
10636;26;22075582;10636;567;12006;12320;4.29;0.26;365.38;13.54;1370;29;4237.00;314
10636;26;22075601;10636;554;12009;12324;4.34;0.26;365.38;13.54;1373;29;4238.00;315
10637;26;22075619;10637;556;12012;12325;4.35;0.26;365.41;13.54;1375;29;4239.00;313
10640;26;22075637;10640;552;12012;12325;4.34;0.26;365.41;13.54;1372;29;4240.00;313
10643;26;22075655;10643;550;12013;12326;4.29;0.26;365.44;13.54;1370;29;4241.00;313
10646;26;22075674;10646;541;12013;12326;4.24;0.26;365.52;13.54;1367;29;4242.00;313
10652;26;22075694;10652;550;12014;12326;4.13;0.25;365.48;13.59;1362;29;4243.00;312
10653;26;22075712;10653;552;12014;12326;4.05;0.25;365.59;13.59;1361;29;4244.00;312
10654;26;22075731;10654;568;12015;12326;3.94;0.24;365.64;13.59;1361;29;4245.00;311
10655;26;22075749;10655;566;12015;12326;3.87;0.23;365.65;13.59;1360;29;4246.00;311
10658;26;22075767;10658;574;12015;12326;3.79;0.23;365.80;13.59;1357;29;4247.00;311
10661;26;22075785;10661;573;12049;12396;3.86;0.23;365.81;13.56;1388;29;4248.00;347
10663;26;22075810;10663;563;12051;12397;3.86;0.23;365.79;13.55;1388;29;4249.00;346
10665;26;22075829;10665;563;12057;12397;3.90;0.24;365.78;13.55;1392;29;4250.00;340
10667;26;22075848;10667;565;12060;12397;3.90;0.24;365.88;13.55;1393;29;4251.00;337
10670;26;22075865;10670;567;12062;12397;3.92;0.24;365.91;13.55;1392;29;4252.00;335
10671;26;22075884;10671;565;12065;12397;3.95;0.24;365.97;13.55;1394;29;4253.00;332
10673;26;22075902;10673;566;12066;12397;3.98;0.24;366.07;13.55;1393;29;4254.00;331
10676;26;22075921;10676;564;12071;12397;4.04;0.25;366.10;13.55;1395;30;4255.00;326
10678;26;22075951;10678;562;12074;12398;4.10;0.25;366.12;13.55;1396;30;4256.00;324
10680;26;22075971;10680;550;12077;12399;4.10;0.25;366.11;13.55;1397;30;4257.00;322
10682;26;22075990;10682;542;12080;12399;4.12;0.25;366.18;13.54;1398;30;4258.00;319
10689;26;22076010;10689;547;12086;12403;4.08;0.25;366.25;13.54;1397;30;4259.00;317
10691;26;22076032;10691;544;12087;12403;4.10;0.25;366.31;13.54;1396;30;4260.00;316
10694;26;22076051;10694;540;12087;12403;4.09;0.25;366.36;13.54;1393;30;4261.00;316
10695;26;22076070;10695;538;12087;12403;4.12;0.25;366.38;13.54;1392;30;4262.00;316
10696;26;22076088;10696;538;12092;12409;4.20;0.26;366.43;13.53;1396;30;4263.00;317
10698;26;22076107;10698;539;12092;12409;4.24;0.26;366.51;13.53;1394;30;4264.00;317
10699;26;22076128;10699;533;12092;12409;4.30;0.26;366.51;13.53;1393;30;4265.00;317
10701;26;22076148;10701;532;12094;12412;4.36;0.27;366.61;13.53;1393;30;4266.00;318
10702;26;22076167;10702;541;12094;12412;4.41;0.27;366.71;13.53;1392;30;4267.00;318
10704;26;22076186;10704;531;12095;12412;4.42;0.27;366.74;13.53;1391;30;4268.00;317
10704;26;22076206;10704;534;12095;12413;4.43;0.27;366.74;13.53;1391;30;4269.00;318
10707;26;22076225;10707;534;12096;12414;4.44;0.27;366.77;13.53;1389;30;4270.00;318
10707;26;22076246;10707;535;12096;12414;4.45;0.27;366.77;13.53;1389;30;4271.00;318
10711;26;22076267;10711;534;12105;12427;4.48;0.27;366.83;13.52;1394;30;4272.00;322
10715;26;22076287;10715;526;12105;12427;4.47;0.27;366.90;13.52;1390;30;4273.00;322
10717;26;22076305;10717;518;12105;12427;4.48;0.27;366.86;13.52;1388;30;4274.00;322
10720;26;22076324;10720;512;12107;12429;4.43;0.27;367.07;13.52;1387;30;4275.00;322
10723;26;22076344;10723;511;12107;12429;4.43;0.27;367.10;13.52;1384;30;4276.00;322
10725;26;22076364;10725;507;12111;12433;4.49;0.27;367.11;13.51;1386;30;4277.00;322
10730;26;22076383;10730;507;12111;12433;4.45;0.27;367.32;13.51;1381;30;4278.00;322
10733;26;22076401;10733;515;12114;12437;4.46;0.27;367.44;13.51;1381;30;4279.00;323
10735;26;22076421;10735;513;12114;12437;4.44;0.27;367.54;13.51;1379;30;4280.00;323
10737;26;22076439;10737;513;12114;12437;4.42;0.27;367.64;13.51;1377;30;4281.00;323
10739;26;22076458;10739;514;12114;12437;4.39;0.27;367.66;13.51;1375;30;4282.00;323
10741;26;22076478;10741;520;12114;12437;4.40;0.27;367.63;13.51;1373;30;4283.00;323
10745;26;22076496;10745;528;12124;12449;4.41;0.27;367.56;13.50;1379;30;4284.00;325
10746;26;22076515;10746;537;12124;12449;4.40;0.27;367.52;13.50;1378;30;4285.00;325
10749;26;22076533;10749;540;12125;12449;4.42;0.27;367.46;13.50;1376;30;4286.00;324
10751;26;22076550;10751;545;12125;12449;4.45;0.27;367.47;13.50;1374;30;4287.00;324
10754;26;22076568;10754;551;12125;12449;4.43;0.27;367.43;13.50;1371;30;4288.00;324
10757;26;22076585;10757;555;12125;12449;4.43;0.27;367.36;13.50;1368;30;4289.00;324
10760;26;22076605;10760;551;12125;12450;4.41;0.27;367.37;13.50;1365;30;4290.00;325
10761;26;22076623;10761;547;12125;12450;4.40;0.27;367.34;13.50;1364;30;4291.00;325
10762;26;22076642;10762;540;12130;12456;4.40;0.27;367.36;13.49;1368;30;4292.00;326
10763;26;22076663;10763;535;12132;12457;4.37;0.27;367.33;13.55;1369;30;4293.00;325
10764;26;22076682;10764;523;12132;12457;4.35;0.26;367.34;13.55;1368;30;4294.00;325
10765;26;22076700;10765;516;12132;12457;4.37;0.27;367.42;13.55;1367;30;4295.00;325
10768;26;22076719;10768;519;12134;12461;4.41;0.27;367.40;13.55;1366;30;4296.00;327
10773;26;22076737;10773;516;12134;12461;4.40;0.27;367.36;13.55;1361;30;4297.00;327
10773;26;22076755;10773;512;12134;12461;4.43;0.27;367.36;13.55;1361;30;4298.00;327
10773;26;22076773;10773;512;12135;12462;4.49;0.27;367.36;13.54;1362;30;4299.00;327
10775;26;22076794;10775;509;12138;12466;4.52;0.27;367.39;13.54;1363;30;4300.00;328
10777;26;22076818;10777;507;12138;12466;4.52;0.27;367.45;13.54;1361;30;4301.00;328
10779;26;22076836;10779;497;12140;12469;4.52;0.27;367.47;13.54;1361;30;4302.00;329
10782;26;22076854;10782;499;12141;12469;4.46;0.27;367.43;13.54;1359;30;4303.00;328
10783;26;22076871;10783;497;12141;12469;4.42;0.27;367.42;13.54;1358;30;4304.00;328
10787;26;22076889;10787;491;12143;12469;4.34;0.26;367.46;13.71;1356;30;4305.00;326
10789;26;22076913;10789;476;12147;12473;4.32;0.26;367.46;13.71;1358;30;4306.00;326
10793;26;22076932;10793;463;12147;12473;4.30;0.26;367.54;13.71;1354;30;4307.00;326
10796;26;22076950;10796;448;12147;12473;4.29;0.26;367.53;13.71;1351;30;4308.00;326
10799;26;22076968;10799;444;12147;12473;4.36;0.26;367.51;13.71;1348;30;4309.00;326
10800;26;22076986;10800;436;12147;12474;4.43;0.27;367.51;13.71;1347;30;4310.00;327
10801;26;22077004;10801;432;12148;12475;4.51;0.27;367.49;13.71;1347;30;4311.00;327
10802;27;22077023;10802;428;12148;12475;4.58;0.28;367.52;13.71;1346;31;4312.00;327
10802;27;22077065;10802;433;12150;12476;4.64;0.28;367.52;13.71;1348;31;4313.00;326
10803;27;22077083;10803;436;12150;12476;4.69;0.28;367.55;13.71;1347;31;4314.00;326
10805;27;22077110;10805;435;12150;12476;4.71;0.28;367.55;13.71;1345;31;4315.00;326
10805;27;22077130;10805;440;12150;12476;4.70;0.29;367.55;13.71;1345;31;4316.00;326
10806;27;22077149;10806;448;12151;12476;4.70;0.29;367.53;13.71;1345;31;4317.00;325
10808;27;22077168;10808;437;12152;12476;4.70;0.28;367.54;13.72;1344;31;4318.00;324
10810;27;22077186;10810;437;12152;12476;4.71;0.29;367.51;13.72;1342;31;4319.00;324
10813;27;22077207;10813;470;12248;12706;5.06;0.32;367.52;13.62;1435;31;4320.00;458
10814;27;22077248;10814;469;12252;12707;5.06;0.32;367.49;13.61;1438;31;4321.00;455
10816;27;22077267;10816;450;12263;12707;5.14;0.32;367.56;13.61;1447;31;4322.00;444
10818;27;22077287;10818;443;12269;12707;5.18;0.32;367.53;13.60;1451;31;4323.00;438
10819;27;22077306;10819;439;12276;12707;5.25;0.33;367.50;13.59;1457;31;4324.00;431
10820;27;22077325;10820;434;12282;12707;5.29;0.33;367.55;13.59;1462;31;4325.00;425
10825;27;22077345;10825;435;12289;12707;5.22;0.32;367.53;13.59;1464;31;4326.00;418
10827;27;22077366;10827;437;12297;12707;5.22;0.32;367.52;13.58;1470;31;4327.00;410
10829;27;22077385;10829;436;12305;12708;5.26;0.33;367.51;13.58;1476;31;4328.00;403
10830;27;22077404;10830;443;12307;12709;5.26;0.33;367.49;13.58;1477;31;4329.00;402
10834;27;22077425;10834;451;12316;12709;5.25;0.32;367.58;13.58;1482;31;4330.00;393
10838;27;22077447;10838;458;12319;12710;5.16;0.32;367.57;13.66;1481;31;4331.00;391
10840;27;22077473;10840;466;12322;12710;5.10;0.32;367.70;13.66;1482;31;4332.00;388
10843;27;22077500;10843;476;12327;12710;5.02;0.31;367.66;13.75;1484;31;4333.00;383
10850;27;22077520;10850;470;12329;12710;4.95;0.30;367.87;13.75;1479;31;4334.00;381
10851;27;22077540;10851;476;12332;12714;4.90;0.30;367.90;13.75;1481;31;4335.00;382
10852;27;22077561;10852;490;12335;12714;4.89;0.30;367.90;13.84;1483;31;4336.00;379
10853;27;22077581;10853;508;12336;12714;4.86;0.30;367.93;13.84;1483;31;4337.00;378
10854;27;22077600;10854;512;12340;12717;4.81;0.29;367.96;13.84;1486;31;4338.00;377
10855;27;22077620;10855;515;12342;12717;4.80;0.29;367.96;13.92;1487;31;4339.00;375
10859;27;22077640;10859;517;12343;12717;4.75;0.29;368.08;13.92;1484;31;4340.00;374
10862;27;22077662;10862;521;12348;12721;4.75;0.29;368.11;14.01;1486;31;4341.00;373
10865;27;22077683;10865;532;12349;12722;4.76;0.29;368.08;14.00;1484;31;4342.00;373
10867;27;22077703;10867;538;12352;12722;4.77;0.29;368.14;14.09;1485;31;4343.00;370
10867;27;22077730;10867;543;12353;12726;4.82;0.29;368.14;14.09;1486;31;4344.00;373
10868;27;22077750;10868;544;12356;12726;4.81;0.29;368.24;14.18;1488;31;4345.00;370
10869;27;22077770;10869;554;12359;12726;4.81;0.29;368.26;14.18;1490;31;4346.00;367
10874;27;22077789;10874;553;12359;12727;4.77;0.29;368.37;14.18;1485;31;4347.00;368
10876;27;22077811;10876;552;12363;12727;4.69;0.29;368.39;14.52;1487;31;4348.00;364
10876;27;22077831;10876;555;12371;12733;4.73;0.29;368.39;14.60;1495;31;4349.00;362
10882;27;22077853;10882;552;12371;12733;4.70;0.28;368.43;14.60;1489;31;4350.00;362
10884;27;22077873;10884;554;12372;12734;4.72;0.29;368.41;14.60;1488;31;4351.00;362
10886;27;22077894;10886;548;12376;12734;4.70;0.29;368.49;14.85;1490;31;4352.00;358
10889;27;22077914;10889;552;12377;12734;4.68;0.28;368.49;14.85;1488;31;4353.00;357
10891;27;22077933;10891;552;12378;12734;4.67;0.28;368.54;14.85;1487;31;4354.00;356
10893;27;22077955;10893;552;12379;12734;4.64;0.28;368.61;14.86;1486;31;4355.00;355
10896;27;22077975;10896;553;12389;12746;4.67;0.28;368.59;14.85;1493;31;4356.00;357
10897;27;22077997;10897;552;12393;12746;4.67;0.28;368.58;15.10;1496;31;4357.00;353
10900;27;22078017;10900;566;12394;12746;4.65;0.28;368.70;15.10;1494;31;4358.00;352
10900;27;22078037;10900;567;12397;12746;4.66;0.28;368.70;15.18;1497;31;4359.00;349
10905;27;22078056;10905;574;12399;12746;4.61;0.28;368.86;15.27;1494;31;4360.00;347
10905;27;22078077;10905;580;12399;12746;4.59;0.28;368.86;15.27;1494;31;4361.00;347
10908;27;22078097;10908;582;12405;12750;4.55;0.28;368.89;15.35;1497;31;4362.00;345
10910;27;22078117;10910;589;12406;12750;4.57;0.28;368.93;15.43;1496;31;4363.00;344
10914;27;22078136;10914;595;12410;12754;4.56;0.28;368.87;15.43;1496;31;4364.00;344
10917;27;22078156;10917;605;12412;12756;4.51;0.28;368.91;15.43;1495;31;4365.00;344
10923;27;22078175;10923;612;12413;12756;4.46;0.27;368.98;15.42;1490;31;4366.00;343
10923;27;22078197;10923;617;12413;12756;4.43;0.27;368.98;15.42;1490;31;4367.00;343
10928;27;22078217;10928;627;12422;12769;4.42;0.27;368.92;15.41;1494;31;4368.00;347
10930;27;22078237;10930;627;12422;12769;4.41;0.27;369.00;15.41;1492;31;4369.00;347
10936;27;22078256;10936;625;12422;12769;4.38;0.27;369.15;15.41;1486;31;4370.00;347
10939;27;22078277;10939;621;12423;12770;4.36;0.27;369.21;15.41;1484;31;4371.00;347
10941;27;22078297;10941;625;12423;12771;4.34;0.27;369.24;15.41;1482;31;4372.00;348
10947;27;22078315;10947;624;12423;12771;4.28;0.26;369.40;15.41;1476;31;4373.00;348
10951;27;22078333;10951;622;12426;12774;4.24;0.26;369.36;15.41;1475;31;4374.00;348
10956;27;22078353;10956;611;12426;12774;4.19;0.26;369.47;15.41;1470;31;4375.00;348
10962;27;22078371;10962;601;12426;12774;4.16;0.25;369.58;15.41;1464;31;4376.00;348
10965;27;22078391;10965;594;12426;12774;4.19;0.26;369.70;15.41;1461;31;4377.00;348
10970;27;22078409;10970;585;12430;12780;4.20;0.26;369.89;15.40;1460;31;4378.00;350
10975;27;22078429;10975;581;12431;12780;4.21;0.26;369.87;15.40;1456;31;4379.00;349
10976;27;22078450;10976;582;12431;12780;4.20;0.26;369.89;15.40;1455;31;4380.00;349
10981;27;22078468;10981;577;12431;12780;4.19;0.26;369.90;15.40;1450;31;4381.00;349
10985;27;22078486;10985;576;12434;12784;4.23;0.26;369.99;15.40;1449;31;4382.00;350
10987;27;22078505;10987;564;12435;12785;4.24;0.26;370.14;15.40;1448;31;4383.00;350
10993;27;22078524;10993;560;12435;12785;4.20;0.26;370.24;15.40;1442;31;4384.00;350
10995;27;22078544;10995;552;12436;12786;4.25;0.26;370.31;15.40;1441;31;4385.00;350
10998;27;22078564;10998;554;12436;12786;4.27;0.26;370.50;15.40;1438;31;4386.00;350
11002;27;22078581;11002;550;12436;12786;4.26;0.26;370.68;15.40;1434;31;4387.00;350
11003;27;22078600;11003;547;12437;12786;4.29;0.26;370.66;15.40;1434;31;4388.00;349
11008;27;22078618;11008;538;12437;12786;4.29;0.26;370.88;15.40;1429;31;4389.00;349
11014;27;22078636;11014;537;12437;12786;4.29;0.26;370.95;15.40;1423;31;4390.00;349
11017;27;22078658;11017;533;12437;12786;4.31;0.26;370.94;15.40;1420;31;4391.00;349
11022;27;22078677;11022;542;12467;12856;4.41;0.27;371.11;15.36;1445;31;4392.00;389
11026;27;22078702;11026;540;12469;12857;4.41;0.27;371.16;15.36;1443;31;4393.00;388
11028;28;22078721;11028;541;12473;12857;4.42;0.27;371.15;15.35;1445;32;4394.00;384
11033;28;22078756;11033;542;12477;12857;4.39;0.27;371.17;15.35;1444;32;4395.00;380
11037;28;22078775;11037;538;12480;12857;4.36;0.27;371.27;15.35;1443;32;4396.00;377
11040;28;22078796;11040;543;12482;12857;4.36;0.27;371.33;15.35;1442;32;4397.00;375
11046;28;22078816;11046;547;12485;12857;4.34;0.27;371.38;15.34;1439;32;4398.00;372
11050;28;22078834;11050;551;12488;12857;4.31;0.27;371.53;15.34;1438;32;4399.00;369
11055;28;22078854;11055;562;12490;12858;4.30;0.26;371.62;15.34;1435;32;4400.00;368
11057;28;22078879;11057;559;12493;12859;4.33;0.27;371.63;15.34;1436;32;4401.00;366
11060;28;22078899;11060;557;12494;12859;4.34;0.27;371.65;15.34;1434;32;4402.00;365
11064;28;22078917;11064;562;12498;12863;4.32;0.27;371.67;15.33;1434;32;4403.00;365
11070;28;22078936;11070;562;12498;12863;4.29;0.26;371.79;15.33;1428;32;4404.00;365
11074;28;22078954;11074;569;12501;12863;4.25;0.26;371.87;15.33;1427;32;4405.00;362
11078;28;22078972;11078;572;12502;12863;4.22;0.26;371.93;15.33;1424;32;4406.00;361
11082;28;22078991;11082;581;12506;12869;4.24;0.26;371.94;15.33;1424;32;4407.00;363
11088;28;22079011;11088;580;12506;12869;4.18;0.26;371.88;15.33;1418;32;4408.00;363
11093;28;22079029;11093;584;12507;12869;4.13;0.25;371.97;15.33;1414;32;4409.00;362
11096;28;22079052;11096;579;12511;12875;4.15;0.25;372.04;15.32;1415;32;4410.00;364
11100;28;22079070;11100;567;12512;12875;4.10;0.25;372.01;15.32;1412;32;4411.00;363
11104;28;22079088;11104;570;12514;12875;4.02;0.25;372.05;15.38;1410;32;4412.00;361
11108;28;22079108;11108;579;12514;12876;3.97;0.24;372.11;15.38;1406;32;4413.00;362
11109;28;22079128;11109;584;12515;12877;3.95;0.24;372.13;15.38;1406;32;4414.00;362
11112;28;22079146;11112;576;12516;12877;3.91;0.24;372.17;15.38;1404;32;4415.00;361
11115;28;22079164;11115;578;12525;12890;3.98;0.24;372.20;15.38;1410;32;4416.00;365
11119;28;22079182;11119;574;12527;12890;3.94;0.24;372.28;15.37;1408;32;4417.00;363
11121;28;22079200;11121;580;12527;12890;3.88;0.24;372.28;15.37;1406;32;4418.00;363
11127;28;22079218;11127;576;12529;12891;3.83;0.23;372.33;15.37;1402;32;4419.00;362
11128;28;22079237;11128;579;12529;12891;3.83;0.23;372.37;15.37;1401;32;4420.00;362
11129;28;22079255;11129;578;12532;12895;3.82;0.23;372.35;15.37;1403;32;4421.00;363
11132;28;22079273;11132;565;12532;12895;3.79;0.23;372.42;15.37;1400;32;4422.00;363
11135;28;22079291;11135;561;12535;12899;3.80;0.23;372.41;15.37;1400;32;4423.00;364
11136;28;22079312;11136;564;12535;12899;3.79;0.23;372.47;15.37;1399;32;4424.00;364
11141;28;22079331;11141;558;12535;12899;3.78;0.23;372.53;15.37;1394;32;4425.00;364
11141;28;22079350;11141;557;12535;12899;3.83;0.23;372.53;15.37;1394;32;4426.00;364
11145;28;22079368;11145;558;12535;12899;3.80;0.23;372.64;15.37;1390;32;4427.00;364
11147;28;22079386;11147;554;12545;12911;3.88;0.24;372.68;15.35;1398;32;4428.00;366
11147;28;22079406;11147;562;12546;12911;3.94;0.24;372.68;15.42;1399;32;4429.00;365
11149;28;22079423;11149;569;12547;12911;3.91;0.24;372.64;15.42;1398;32;4430.00;364
11151;28;22079466;11151;556;12547;12911;3.90;0.24;372.65;15.42;1396;32;4431.00;364
11152;28;22079484;11152;538;12547;12911;3.94;0.24;372.64;15.42;1395;32;4432.00;364
11154;28;22079502;11154;527;12547;12911;3.98;0.24;372.69;15.42;1393;32;4433.00;364
11157;28;22079521;11157;526;12547;12912;3.97;0.24;372.74;15.42;1390;32;4434.00;365
11160;28;22079540;11160;529;12547;12912;3.99;0.24;372.73;15.42;1387;32;4435.00;365
11160;28;22079560;11160;519;12551;12918;4.06;0.25;372.73;15.41;1391;32;4436.00;367
11161;28;22079579;11161;517;12552;12919;4.11;0.25;372.70;15.41;1391;32;4437.00;367
11162;28;22079599;11162;522;12552;12919;4.12;0.25;372.68;15.41;1390;32;4438.00;367
11164;28;22079617;11164;513;12552;12919;4.15;0.25;372.71;15.41;1388;32;4439.00;367
11166;28;22079637;11166;521;12555;12924;4.22;0.26;372.72;15.41;1389;32;4440.00;369
11167;28;22079657;11167;521;12555;12924;4.21;0.26;372.77;15.41;1388;32;4441.00;369
11168;28;22079676;11168;522;12555;12924;4.28;0.26;372.75;15.41;1387;32;4442.00;369
11171;28;22079696;11171;531;12556;12925;4.28;0.26;372.73;15.41;1385;32;4443.00;369
11173;28;22079718;11173;520;12559;12929;4.28;0.26;372.78;15.40;1386;32;4444.00;370
11175;28;22079748;11175;526;12559;12929;4.27;0.26;372.82;15.40;1384;32;4445.00;370
11178;28;22079776;11178;517;12561;12932;4.29;0.26;372.79;15.40;1383;32;4446.00;371
11179;28;22079805;11179;517;12561;12932;4.24;0.26;372.76;15.40;1382;32;4447.00;371
11179;28;22079833;11179;519;12562;12932;4.25;0.26;372.76;15.40;1383;32;4448.00;370
11182;28;22079855;11182;522;12562;12932;4.23;0.26;372.75;15.40;1380;32;4449.00;370
11184;28;22079876;11184;513;12565;12936;4.26;0.26;372.73;15.40;1381;32;4450.00;371
11188;28;22079900;11188;522;12565;12936;4.20;0.26;372.76;15.40;1377;32;4451.00;371
11190;28;22079921;11190;527;12565;12936;4.18;0.25;372.81;15.40;1375;32;4452.00;371
11192;28;22079942;11192;532;12565;12936;4.15;0.25;372.80;15.40;1373;32;4453.00;371
11194;28;22079967;11194;535;12565;12937;4.13;0.25;372.82;15.40;1371;32;4454.00;372
11194;28;22079987;11194;540;12567;12939;4.13;0.25;372.82;15.39;1373;32;4455.00;372
11196;28;22080012;11196;535;12567;12939;4.08;0.25;372.81;15.39;1371;32;4456.00;372
11198;28;22080032;11198;534;12568;12940;4.06;0.25;372.84;15.39;1370;32;4457.00;372
11203;28;22080050;11203;539;12568;12940;3.97;0.24;372.91;15.39;1365;32;4458.00;372
11203;28;22080068;11203;540;12568;12940;3.98;0.24;372.91;15.39;1365;32;4459.00;372
11205;28;22080085;11205;544;12568;12940;3.97;0.24;372.88;15.39;1363;32;4460.00;372
11207;28;22080103;11207;551;12568;12940;3.96;0.24;372.86;15.39;1361;32;4461.00;372
11207;28;22080121;11207;545;12568;12940;3.95;0.24;372.86;15.39;1361;32;4462.00;372
11209;28;22080139;11209;530;12568;12940;3.93;0.24;372.85;15.39;1359;32;4463.00;372
11209;28;22080156;11209;546;12626;13067;4.15;0.26;372.85;15.32;1417;32;4464.00;441
11211;28;22080185;11211;529;12627;13068;4.18;0.26;372.91;15.39;1416;32;4465.00;441
11211;28;22080203;11211;511;12635;13068;4.28;0.26;372.91;15.38;1424;32;4466.00;433
11215;28;22080223;11215;498;12636;13068;4.30;0.26;372.85;15.38;1421;32;4467.00;432
11216;28;22080242;11216;492;12643;13068;4.39;0.27;372.85;15.37;1427;32;4468.00;425
11218;28;22080264;11218;489;12644;13068;4.44;0.27;372.85;15.37;1426;32;4469.00;424
11218;28;22080295;11218;481;12647;13068;4.52;0.28;372.85;15.37;1429;32;4470.00;421
11220;28;22080316;11220;467;12650;13068;4.65;0.28;372.91;15.37;1430;32;4471.00;418
11222;28;22080338;11222;476;12652;13069;4.71;0.29;372.96;15.37;1430;32;4472.00;417
11223;28;22080359;11223;478;12656;13070;4.78;0.29;372.94;15.37;1433;32;4473.00;414
11223;28;22080387;11223;468;12659;13070;4.83;0.29;372.94;15.37;1436;32;4474.00;411
11224;28;22080418;11224;459;12660;13071;4.83;0.30;372.95;15.36;1436;32;4475.00;411
11226;28;22080448;11226;460;12663;13071;4.83;0.30;372.94;15.36;1437;32;4476.00;408
11227;28;22080469;11227;462;12666;13071;4.83;0.30;372.97;15.36;1439;32;4477.00;405
11230;28;22080490;11230;463;12668;13071;4.79;0.29;372.96;15.36;1438;32;4478.00;403
11230;28;22080513;11230;458;12671;13075;4.74;0.29;372.96;15.36;1441;32;4479.00;404
11232;28;22080535;11232;470;12674;13075;4.64;0.28;373.03;15.45;1442;32;4480.00;401
11234;28;22080562;11234;459;12676;13075;4.61;0.28;373.09;15.54;1442;32;4481.00;399
11236;28;22080582;11236;455;12679;13078;4.65;0.28;373.09;15.54;1443;32;4482.00;399
11239;28;22080604;11239;460;12679;13078;4.65;0.28;373.07;15.54;1440;32;4483.00;399
11243;28;22080625;11243;442;12683;13078;4.68;0.28;373.16;15.61;1440;32;4484.00;395
11245;28;22080651;11245;444;12686;13082;4.72;0.29;373.16;15.61;1441;32;4485.00;396
11245;28;22080672;11245;440;12689;13083;4.81;0.29;373.16;15.61;1444;32;4486.00;394
11246;28;22080695;11246;431;12689;13083;4.91;0.30;373.15;15.61;1443;32;4487.00;394
11249;28;22080715;11249;435;12690;13087;4.98;0.30;373.13;15.61;1441;32;4488.00;397
11250;28;22080735;11250;435;12691;13087;5.02;0.31;373.14;15.61;1441;32;4489.00;396
11254;28;22080756;11254;435;12693;13087;5.04;0.31;373.26;15.60;1439;32;4490.00;394
11256;28;22080783;11256;439;12694;13088;5.06;0.31;373.32;15.60;1438;32;4491.00;394
11258;28;22080806;11258;440;12694;13088;5.09;0.31;373.28;15.60;1436;32;4492.00;394
11259;28;22080832;11259;448;12698;13094;5.16;0.31;373.25;15.60;1439;32;4493.00;396
11260;28;22080861;11260;451;12698;13094;5.17;0.31;373.22;15.60;1438;32;4494.00;396
11263;28;22080887;11263;450;12698;13095;5.15;0.31;373.17;15.60;1435;32;4495.00;397
11266;28;22080913;11266;466;12698;13095;5.13;0.31;373.20;15.60;1432;32;4496.00;397
11268;28;22080939;11268;465;12699;13095;5.09;0.31;373.28;15.61;1431;32;4497.00;396
11269;28;22080967;11269;463;12701;13095;5.08;0.31;373.28;15.62;1432;32;4498.00;394
11271;28;22080991;11271;467;12702;13095;5.06;0.31;373.35;15.71;1431;32;4499.00;393
11272;28;22081032;11272;472;12725;13145;5.09;0.31;373.34;15.70;1453;32;4500.00;420
11277;28;22081066;11277;475;12728;13147;5.03;0.31;373.55;15.78;1451;32;4501.00;419
11278;28;22081088;11278;479;12732;13147;5.02;0.31;373.64;15.79;1454;32;4502.00;415
11281;28;22081111;11281;483;12734;13147;5.00;0.31;373.66;15.80;1453;32;4503.00;413
11283;28;22081133;11283;484;12735;13147;5.01;0.31;373.77;15.80;1452;32;4504.00;412
11286;28;22081156;11286;490;12738;13147;4.99;0.30;373.86;15.97;1452;32;4505.00;409
11287;28;22081179;11287;491;12743;13151;4.99;0.30;373.85;16.00;1456;32;4506.00;408
11289;28;22081202;11289;488;12748;13151;4.98;0.30;373.84;16.09;1459;32;4507.00;403
11290;28;22081222;11290;479;12753;13155;5.02;0.31;373.89;16.19;1463;32;4508.00;402
11292;28;22081244;11292;481;12755;13156;5.00;0.30;373.89;16.19;1463;32;4509.00;401
11293;28;22081266;11293;481;12761;13156;4.96;0.30;373.89;16.38;1468;32;4510.00;395
11293;28;22081286;11293;479;12761;13156;4.95;0.30;373.89;16.38;1468;32;4511.00;395
11299;28;22081305;11299;486;12771;13169;4.91;0.30;373.96;16.38;1472;32;4512.00;398
11301;28;22081328;11301;487;12776;13169;4.82;0.29;374.05;16.57;1475;32;4513.00;393
11303;28;22081349;11303;485;12777;13169;4.78;0.29;374.15;16.57;1474;32;4514.00;392
11306;28;22081368;11306;491;12780;13170;4.77;0.29;374.15;16.66;1474;32;4515.00;390
11307;28;22081388;11307;502;12785;13171;4.75;0.29;374.20;16.75;1478;32;4516.00;386
11311;28;22081410;11311;501;12785;13171;4.72;0.29;374.31;16.75;1474;32;4517.00;386
11313;28;22081430;11313;503;12789;13174;4.75;0.29;374.34;16.85;1476;32;4518.00;385
11314;28;22081451;11314;501;12790;13174;4.78;0.29;374.39;16.85;1476;32;4519.00;384
11317;28;22081472;11317;496;12792;13174;4.76;0.29;374.45;16.85;1475;32;4520.00;382
11318;28;22081497;11318;503;12795;13174;4.74;0.29;374.50;17.04;1477;32;4521.00;379
11321;28;22081517;11321;508;12800;13180;4.72;0.29;374.57;17.04;1479;32;4522.00;380
11326;28;22081537;11326;504;12802;13180;4.64;0.28;374.65;17.21;1476;32;4523.00;378
11328;28;22081558;11328;506;12803;13180;4.62;0.28;374.68;17.22;1475;32;4524.00;377
11331;28;22081579;11331;503;12806;13180;4.56;0.28;374.89;17.39;1475;32;4525.00;374
11335;28;22081600;11335;506;12811;13184;4.56;0.28;375.00;17.40;1476;32;4526.00;373
11337;28;22081620;11337;507;12812;13185;4.57;0.28;374.96;17.39;1475;32;4527.00;373
11337;28;22081642;11337;502;12814;13185;4.58;0.28;374.96;17.40;1477;32;4528.00;371
11341;28;22081664;11341;499;12816;13186;4.62;0.28;375.07;17.40;1475;32;4529.00;370
11344;28;22081686;11344;500;12821;13186;4.65;0.28;375.11;17.75;1477;32;4530.00;365
11348;28;22081706;11348;494;12823;13186;4.66;0.29;375.15;17.75;1475;32;4531.00;363
11349;28;22081727;11349;495;12825;13186;4.72;0.29;375.18;17.92;1476;32;4532.00;361
11351;28;22081748;11351;496;12826;13186;4.76;0.29;375.35;18.01;1475;32;4533.00;360
11354;28;22081769;11354;499;12828;13186;4.77;0.29;375.50;18.09;1474;32;4534.00;358
11357;28;22081791;11357;497;12828;13186;4.77;0.29;375.61;18.09;1471;32;4535.00;358
11363;28;22081813;11363;511;12866;13256;4.86;0.30;375.68;18.04;1503;32;4536.00;390
11366;28;22081839;11366;508;12872;13257;4.84;0.30;375.70;18.21;1506;32;4537.00;385
11368;28;22081861;11368;508;12879;13257;4.85;0.30;375.72;18.21;1511;32;4538.00;378
11372;28;22081880;11372;510;12882;13257;4.79;0.29;375.87;18.37;1510;32;4539.00;375
11375;28;22081901;11375;521;12884;13257;4.72;0.29;375.84;18.37;1509;32;4540.00;373
11378;28;22081924;11378;531;12886;13257;4.66;0.29;375.87;18.37;1508;32;4541.00;371
11381;28;22081946;11381;534;12893;13257;4.62;0.28;375.99;18.53;1512;32;4542.00;364
11385;28;22081965;11385;546;12896;13257;4.59;0.28;375.93;18.53;1511;32;4543.00;361
11390;28;22081984;11390;551;12899;13258;4.56;0.28;375.95;18.53;1509;32;4544.00;359
11397;28;22082004;11397;556;12906;13260;4.50;0.27;375.91;18.69;1509;32;4545.00;354
11400;28;22082024;11400;552;12907;13260;4.42;0.27;375.87;18.69;1507;32;4546.00;353
11403;28;22082045;11403;562;12910;13264;4.34;0.27;375.85;18.68;1507;32;4547.00;354
11409;28;22082065;11409;575;12913;13264;4.22;0.26;375.90;18.85;1504;32;4548.00;351
11411;28;22082084;11411;584;12915;13264;4.18;0.26;376.04;18.85;1504;32;4549.00;349
11417;28;22082102;11417;579;12917;13264;4.07;0.25;376.07;19.01;1500;32;4550.00;347
11418;28;22082121;11418;578;12921;13270;4.07;0.25;376.15;19.01;1503;32;4551.00;349
11422;28;22082141;11422;585;12922;13270;4.04;0.25;376.20;19.01;1500;32;4552.00;348
11427;28;22082161;11427;585;12924;13270;3.97;0.24;376.35;19.17;1497;32;4553.00;346
11429;28;22082180;11429;586;12926;13273;3.94;0.24;376.44;19.17;1497;32;4554.00;347
11433;28;22082200;11433;597;12927;13273;3.90;0.24;376.55;19.16;1494;32;4555.00;346
11437;28;22082219;11437;606;12927;13273;3.85;0.24;376.59;19.16;1490;32;4556.00;346
11438;28;22082238;11438;606;12928;13274;3.84;0.24;376.64;19.16;1490;32;4557.00;346
11441;28;22082257;11441;609;12929;13275;3.80;0.23;376.67;19.16;1488;32;4558.00;346
11445;28;22082279;11445;610;12929;13275;3.74;0.23;376.70;19.16;1484;32;4559.00;346
11449;28;22082300;11449;613;12946;13301;3.75;0.23;376.69;19.14;1497;32;4560.00;355
11453;28;22082321;11453;623;12947;13301;3.71;0.23;376.73;19.14;1494;32;4561.00;354
11457;28;22082340;11457;620;12948;13301;3.72;0.23;376.86;19.13;1491;32;4562.00;353
11460;28;22082361;11460;626;12949;13302;3.73;0.23;376.90;19.13;1489;32;4563.00;353
11463;28;22082379;11463;624;12950;13302;3.74;0.23;376.95;19.13;1487;32;4564.00;352
11467;28;22082399;11467;633;12954;13306;3.74;0.23;377.04;19.13;1487;32;4565.00;352
11470;28;22082417;11470;635;12955;13306;3.74;0.23;377.11;19.13;1485;32;4566.00;351
11473;28;22082436;11473;648;12957;13310;3.67;0.23;377.24;19.12;1484;32;4567.00;353
11480;28;22082454;11480;656;12958;13310;3.60;0.22;377.35;19.12;1478;32;4568.00;352
11486;28;22082472;11486;660;12958;13310;3.59;0.22;377.40;19.12;1472;32;4569.00;352
11489;28;22082494;11489;661;12958;13310;3.54;0.22;377.42;19.12;1469;32;4570.00;352
11495;28;22082513;11495;660;12960;13310;3.49;0.21;377.34;19.12;1465;32;4571.00;350
11498;28;22082566;11498;667;12969;13322;3.55;0.22;377.30;19.11;1471;32;4572.00;353
11504;28;22082584;11504;670;12970;13322;3.48;0.21;377.26;19.11;1466;32;4573.00;352
11507;28;22082602;11507;673;12972;13322;3.44;0.21;377.23;19.11;1465;32;4574.00;350
11511;28;22082620;11511;677;12972;13322;3.38;0.21;377.20;19.11;1461;32;4575.00;350
11518;28;22082637;11518;681;12972;13322;3.27;0.20;377.27;19.11;1454;32;4576.00;350
11523;28;22082656;11523;676;12972;13322;3.18;0.19;377.28;19.11;1449;32;4577.00;350
11529;28;22082674;11529;677;12972;13323;3.13;0.19;377.35;19.11;1443;32;4578.00;351
11532;28;22082691;11532;680;12972;13323;3.11;0.19;377.34;19.11;1440;32;4579.00;351
11535;28;22082711;11535;677;12977;13329;3.11;0.19;377.46;19.10;1442;32;4580.00;352
11539;28;22082731;11539;681;12978;13330;3.08;0.19;377.56;19.10;1439;32;4581.00;352
11544;28;22082749;11544;686;12978;13330;3.01;0.18;377.57;19.10;1434;32;4582.00;352
11544;28;22082767;11544;688;12978;13330;3.05;0.18;377.57;19.10;1434;32;4583.00;352
11546;28;22082785;11546;683;12981;13334;3.06;0.19;377.58;19.09;1435;32;4584.00;353
11547;28;22082804;11547;692;12981;13334;3.05;0.19;377.56;19.09;1434;32;4585.00;353
11552;28;22082821;11552;695;12981;13334;3.01;0.18;377.67;19.09;1429;32;4586.00;353
11555;28;22082840;11555;693;12982;13335;2.97;0.18;377.72;19.09;1427;32;4587.00;353
11557;28;22082859;11557;707;12985;13339;2.97;0.18;377.77;19.09;1428;32;4588.00;354
11561;28;22082878;11561;713;12985;13339;2.90;0.18;377.81;19.09;1424;32;4589.00;354
11562;28;22082896;11562;722;12989;13345;2.90;0.18;377.87;19.08;1427;32;4590.00;356
11565;28;22082914;11565;722;12989;13345;2.86;0.17;377.94;19.08;1424;32;4591.00;356
11566;28;22082930;11566;730;12991;13345;2.89;0.18;377.95;19.08;1425;32;4592.00;354
11570;28;22082948;11570;731;12991;13345;2.86;0.17;377.98;19.08;1421;32;4593.00;354
11570;28;22082964;11570;739;12995;13349;2.91;0.18;377.98;19.07;1425;32;4594.00;354
11576;28;22082981;11576;742;12995;13349;2.89;0.18;378.01;19.07;1419;32;4595.00;354
11578;28;22082999;11578;737;12995;13349;2.91;0.18;377.95;19.07;1417;32;4596.00;354
11580;28;22083016;11580;732;12995;13349;2.93;0.18;377.93;19.07;1415;32;4597.00;354
11582;28;22083033;11582;725;12995;13350;2.96;0.18;378.00;19.07;1413;32;4598.00;355
11586;28;22083051;11586;724;12996;13351;2.97;0.18;378.06;19.07;1410;32;4599.00;355
11587;28;22083070;11587;722;12996;13351;2.99;0.18;378.03;19.07;1409;32;4600.00;355
11591;28;22083095;11591;718;12997;13352;2.98;0.18;377.98;19.07;1406;32;4601.00;355
11593;28;22083114;11593;727;12997;13352;2.97;0.18;377.94;19.07;1404;32;4602.00;355
11593;28;22083132;11593;721;12997;13352;2.95;0.18;377.94;19.07;1404;32;4603.00;355
11594;28;22083149;11594;729;12997;13352;2.91;0.18;377.92;19.07;1403;32;4604.00;355
11596;28;22083166;11596;727;12997;13352;2.87;0.18;377.88;19.07;1401;32;4605.00;355
11598;28;22083184;11598;715;12997;13352;2.86;0.17;377.83;19.07;1399;33;4606.00;355
11600;28;22083214;11600;696;12997;13352;2.85;0.17;377.77;19.07;1397;33;4607.00;355
11603;28;22083231;11603;708;13071;13479;3.14;0.20;377.74;18.96;1468;33;4608.00;408
11605;28;22083261;11605;692;13071;13480;3.16;0.20;377.75;18.96;1466;33;4609.00;409
11605;28;22083280;11605;677;13078;13480;3.29;0.20;377.75;18.95;1473;33;4610.00;402
11608;28;22083298;11608;679;13078;13480;3.35;0.21;377.78;18.95;1470;33;4611.00;402
11609;28;22083316;11609;674;13084;13480;3.45;0.21;377.77;18.95;1475;33;4612.00;396
11611;28;22083334;11611;665;13089;13480;3.54;0.22;377.82;18.94;1478;33;4613.00;391
11611;28;22083353;11611;668;13092;13480;3.61;0.22;377.82;18.94;1481;33;4614.00;388
11613;28;22083372;11613;668;13095;13480;3.65;0.23;377.84;18.94;1482;33;4615.00;385
11613;28;22083400;11613;670;13097;13481;3.69;0.23;377.84;18.93;1484;33;4616.00;384
11614;28;22083418;11614;678;13102;13482;3.72;0.23;377.87;18.93;1488;33;4617.00;380
11616;28;22083438;11616;667;13104;13482;3.76;0.23;377.91;18.93;1488;33;4618.00;378
11616;28;22083456;11616;670;13107;13483;3.81;0.23;377.91;18.93;1491;33;4619.00;376
11616;28;22083479;11616;654;13107;13483;3.85;0.24;377.91;18.93;1491;33;4620.00;376
11616;28;22083500;11616;640;13110;13483;3.91;0.24;377.91;18.93;1494;33;4621.00;373
11617;28;22083519;11617;633;13111;13483;3.95;0.24;377.88;18.93;1494;33;4622.00;372
11617;28;22083538;11617;623;13115;13487;4.02;0.25;377.88;18.92;1498;33;4623.00;372
11619;28;22083559;11619;620;13116;13487;4.03;0.25;377.87;18.92;1497;33;4624.00;371
11620;28;22083580;11620;617;13117;13487;4.07;0.25;377.94;18.92;1497;33;4625.00;370
11620;28;22083599;11620;603;13118;13490;4.11;0.25;377.94;18.92;1498;33;4626.00;372
11621;28;22083628;11621;602;13120;13490;4.15;0.25;377.93;18.92;1499;33;4627.00;370
11621;28;22083649;11621;599;13121;13490;4.22;0.26;377.93;18.92;1500;33;4628.00;369
11622;28;22083677;11622;599;13124;13494;4.29;0.26;377.90;18.91;1502;33;4629.00;370
11622;28;22083698;11622;600;13127;13495;4.35;0.27;377.90;18.91;1505;33;4630.00;368
11624;28;22083719;11624;602;13127;13495;4.41;0.27;377.90;18.91;1503;33;4631.00;368
11629;28;22083738;11629;617;13131;13499;4.42;0.27;377.76;18.91;1502;33;4632.00;368
11630;28;22083760;11630;608;13131;13499;4.45;0.27;377.75;18.91;1501;33;4633.00;368
11631;28;22083781;11631;610;13131;13499;4.46;0.27;377.82;18.91;1500;33;4634.00;368
11633;28;22083800;11633;608;13133;13501;4.47;0.27;377.79;18.90;1500;33;4635.00;368
11634;28;22083820;11634;613;13133;13501;4.48;0.27;377.82;18.90;1499;33;4636.00;368
11635;28;22083839;11635;606;13138;13507;4.49;0.27;377.79;18.90;1503;33;4637.00;369
11637;28;22083862;11637;615;13139;13507;4.50;0.27;377.76;18.96;1502;33;4638.00;368
11638;28;22083884;11638;613;13139;13508;4.49;0.27;377.75;18.96;1501;33;4639.00;369
11639;28;22083904;11639;612;13139;13508;4.47;0.27;377.75;18.96;1500;33;4640.00;369
11642;28;22083931;11642;602;13139;13508;4.45;0.27;377.83;18.96;1497;33;4641.00;369
11643;28;22083951;11643;598;13139;13508;4.46;0.27;377.82;18.96;1496;33;4642.00;369
11645;28;22083972;11645;588;13139;13508;4.46;0.27;377.79;18.96;1494;33;4643.00;369
11649;28;22083991;11649;572;13148;13520;4.47;0.27;377.82;18.95;1499;33;4644.00;372
11652;28;22084015;11652;570;13149;13520;4.51;0.27;377.79;18.95;1497;33;4645.00;371
11656;28;22084036;11656;562;13150;13520;4.48;0.27;377.77;18.95;1494;33;4646.00;370
11661;28;22084057;11661;549;13150;13520;4.46;0.27;377.76;18.95;1489;33;4647.00;370
11663;28;22084078;11663;551;13150;13520;4.53;0.28;377.78;18.95;1487;33;4648.00;370
11666;28;22084100;11666;550;13150;13520;4.56;0.28;377.77;18.95;1484;33;4649.00;370
11666;28;22084121;11666;552;13155;13526;4.58;0.28;377.77;18.94;1489;33;4650.00;371
11669;28;22084144;11669;545;13155;13526;4.62;0.28;377.90;18.94;1486;33;4651.00;371
11670;28;22084165;11670;546;13159;13530;4.69;0.28;377.89;18.93;1489;33;4652.00;371
11672;29;22084187;11672;546;13160;13531;4.72;0.29;377.93;18.93;1488;34;4653.00;371
11673;29;22084222;11673;542;13161;13531;4.75;0.29;377.92;19.00;1488;34;4654.00;370
11676;29;22084243;11676;542;13163;13531;4.73;0.29;377.96;19.18;1487;34;4655.00;368
11680;29;22084272;11680;537;13173;13544;4.75;0.29;378.03;19.16;1493;34;4656.00;371
11683;29;22084296;11683;541;13173;13544;4.74;0.29;378.05;19.16;1490;34;4657.00;371
11686;29;22084317;11686;543;13173;13544;4.75;0.29;378.03;19.16;1487;34;4658.00;371
11687;29;22084337;11687;547;13175;13545;4.79;0.29;378.02;19.16;1488;34;4659.00;370
11690;29;22084357;11690;544;13175;13546;4.78;0.29;378.02;19.16;1485;34;4660.00;371
11692;29;22084380;11692;542;13175;13546;4.78;0.29;378.07;19.16;1483;34;4661.00;371
11694;29;22084401;11694;540;13177;13549;4.77;0.29;378.13;19.16;1483;34;4662.00;372
11697;29;22084422;11697;540;13178;13549;4.76;0.29;378.10;19.15;1481;34;4663.00;371
11699;29;22084443;11699;531;13178;13549;4.77;0.29;378.11;19.15;1479;34;4664.00;371
11704;29;22084464;11704;528;13178;13549;4.72;0.29;378.25;19.15;1474;34;4665.00;371
11706;29;22084485;11706;521;13183;13555;4.73;0.29;378.23;19.15;1477;34;4666.00;372
11710;29;22084508;11710;521;13183;13555;4.71;0.29;378.24;19.15;1473;34;4667.00;372
11711;29;22084530;11711;528;13183;13555;4.65;0.28;378.28;19.15;1472;34;4668.00;372
11714;29;22084550;11714;533;13183;13555;4.60;0.28;378.28;19.15;1469;34;4669.00;372
11716;29;22084570;11716;539;13186;13559;4.57;0.28;378.34;19.14;1470;34;4670.00;373
11720;29;22084591;11720;540;13187;13560;4.54;0.28;378.41;19.14;1467;34;4671.00;373
11722;29;22084612;11722;548;13187;13560;4.54;0.28;378.46;19.14;1465;34;4672.00;373
11725;29;22084631;11725;555;13188;13561;4.56;0.28;378.49;19.14;1463;34;4673.00;373
11729;29;22084651;11729;556;13188;13561;4.55;0.28;378.50;19.14;1459;34;4674.00;373
11730;29;22084672;11730;560;13188;13561;4.55;0.28;378.54;19.14;1458;34;4675.00;373
11732;29;22084693;11732;569;13188;13561;4.55;0.28;378.56;19.14;1456;34;4676.00;373
11735;29;22084713;11735;575;13188;13561;4.55;0.28;378.64;19.14;1453;34;4677.00;373
11738;29;22084734;11738;581;13188;13561;4.54;0.28;378.65;19.14;1450;34;4678.00;373
11739;29;22084754;11739;589;13188;13561;4.52;0.28;378.68;19.14;1449;34;4679.00;373
11742;29;22084775;11742;611;13253;13686;4.71;0.29;378.76;19.14;1511;34;4680.00;433
11743;29;22084808;11743;609;13255;13687;4.70;0.29;378.79;19.13;1512;34;4681.00;432
11743;29;22084830;11743;610;13265;13687;4.71;0.29;378.79;19.12;1522;34;4682.00;422
11745;29;22084851;11745;618;13269;13687;4.69;0.29;378.85;19.20;1524;34;4683.00;418
11750;29;22084870;11750;625;13273;13687;4.67;0.29;378.91;19.20;1523;34;4684.00;414
11753;29;22084891;11753;631;13276;13687;4.62;0.28;378.91;19.20;1523;34;4685.00;411
11758;29;22084913;11758;634;13281;13687;4.58;0.28;379.00;19.19;1523;34;4686.00;406
11761;29;22084934;11761;644;13287;13687;4.53;0.28;379.26;19.27;1526;34;4687.00;400
11763;29;22084954;11763;649;13291;13688;4.51;0.28;379.31;19.27;1528;34;4688.00;397
11765;29;22084983;11765;651;13294;13689;4.50;0.28;379.39;19.36;1529;34;4689.00;395
11767;29;22085004;11767;650;13297;13689;4.47;0.27;379.41;19.35;1530;34;4690.00;392
11769;29;22085025;11769;654;13302;13693;4.41;0.27;379.50;19.35;1533;34;4691.00;391
11772;29;22085048;11772;654;13303;13693;4.36;0.27;379.50;19.43;1531;34;4692.00;390
11773;29;22085069;11773;646;13303;13693;4.35;0.27;379.58;19.43;1530;34;4693.00;390
11775;29;22085088;11775;654;13303;13693;4.32;0.27;379.64;19.43;1528;34;4694.00;390
11776;29;22085107;11776;650;13308;13699;4.33;0.27;379.72;19.43;1532;34;4695.00;391
11778;29;22085129;11778;649;13308;13699;4.32;0.26;379.68;19.43;1530;34;4696.00;391
11780;29;22085149;11780;658;13308;13699;4.29;0.26;379.81;19.43;1528;34;4697.00;391
11783;29;22085169;11783;658;13309;13702;4.26;0.26;379.74;19.43;1526;34;4698.00;393
11788;29;22085189;11788;655;13309;13702;4.20;0.26;379.75;19.43;1521;34;4699.00;393
11794;29;22085210;11794;657;13309;13702;4.10;0.25;379.95;19.43;1515;34;4700.00;393
11797;29;22085235;11797;658;13309;13703;4.06;0.25;379.95;19.43;1512;34;4701.00;394
11799;29;22085258;11799;657;13310;13704;4.03;0.25;380.06;19.42;1511;34;4702.00;394
11802;29;22085279;11802;658;13310;13704;3.98;0.24;380.25;19.42;1508;34;4703.00;394
11804;29;22085299;11804;659;13321;13717;4.03;0.25;380.27;19.41;1517;34;4704.00;396
11808;29;22085319;11808;658;13321;13717;4.05;0.25;380.37;19.41;1513;34;4705.00;396
11810;29;22085339;11810;663;13322;13717;4.04;0.25;380.36;19.41;1512;34;4706.00;395
11812;29;22085360;11812;655;13322;13718;4.05;0.25;380.50;19.41;1510;34;4707.00;396
11812;29;22085387;11812;657;13322;13718;4.07;0.25;380.50;19.41;1510;34;4708.00;396
11815;29;22085407;11815;659;13326;13722;4.09;0.25;380.57;19.40;1511;34;4709.00;396
11817;29;22085430;11817;656;13326;13722;4.08;0.25;380.70;19.40;1509;34;4710.00;396
11819;29;22085449;11819;648;13329;13726;4.09;0.25;380.72;19.40;1510;34;4711.00;397
11821;29;22085470;11821;652;13330;13726;4.09;0.25;380.84;19.40;1509;34;4712.00;396
11825;29;22085489;11825;659;13330;13726;4.07;0.25;381.05;19.40;1505;34;4713.00;396
11830;29;22085508;11830;661;13330;13726;4.00;0.24;381.13;19.40;1500;34;4714.00;396
11833;29;22085529;11833;663;13330;13726;3.96;0.24;381.23;19.40;1497;34;4715.00;396
11835;29;22085548;11835;670;13340;13738;3.98;0.24;381.33;19.38;1505;34;4716.00;398
11838;29;22085568;11838;674;13340;13738;3.92;0.24;381.39;19.38;1502;34;4717.00;398
11844;29;22085585;11844;686;13341;13738;3.84;0.24;381.48;19.38;1497;34;4718.00;397
11847;29;22085603;11847;673;13342;13738;3.78;0.23;381.60;19.38;1495;34;4719.00;396
11850;29;22085621;11850;685;13342;13738;3.74;0.23;381.63;19.38;1492;34;4720.00;396
11853;29;22085639;11853;689;13342;13738;3.72;0.23;381.68;19.38;1489;34;4721.00;396
11856;29;22085658;11856;692;13342;13739;3.68;0.23;381.84;19.38;1486;34;4722.00;397
11858;29;22085676;11858;693;13342;13739;3.63;0.22;381.83;19.38;1484;34;4723.00;397
11863;29;22085694;11863;702;13347;13745;3.58;0.22;381.83;19.37;1484;34;4724.00;398
11866;29;22085713;11866;685;13349;13747;3.54;0.22;381.85;19.37;1483;34;4725.00;398
11869;29;22085732;11869;683;13349;13747;3.51;0.22;381.81;19.37;1480;34;4726.00;398
11870;29;22085751;11870;668;13349;13747;3.50;0.22;381.82;19.37;1479;34;4727.00;398
11874;29;22085769;11874;672;13352;13751;3.50;0.22;381.93;19.37;1478;34;4728.00;399
11877;29;22085788;11877;666;13352;13751;3.50;0.22;381.89;19.37;1475;34;4729.00;399
11881;29;22085805;11881;666;13352;13751;3.51;0.22;381.86;19.37;1471;34;4730.00;399
11885;29;22085824;11885;660;13353;13752;3.53;0.22;381.89;19.37;1468;34;4731.00;399
11887;29;22085842;11887;654;13356;13756;3.60;0.22;381.87;19.36;1469;34;4732.00;400
11890;29;22085862;11890;649;13356;13756;3.63;0.23;381.89;19.36;1466;34;4733.00;400
11896;29;22085880;11896;654;13359;13759;3.62;0.22;381.82;19.36;1463;34;4734.00;400
11900;29;22085899;11900;656;13359;13759;3.62;0.22;381.81;19.36;1459;34;4735.00;400
11902;29;22085917;11902;642;13359;13759;3.64;0.22;381.80;19.36;1457;34;4736.00;400
11910;29;22085936;11910;641;13359;13759;3.60;0.22;381.93;19.36;1449;34;4737.00;400
11911;29;22085961;11911;648;13363;13763;3.65;0.22;382.01;19.35;1452;34;4738.00;400
11916;29;22085980;11916;641;13363;13763;3.63;0.22;382.12;19.35;1447;34;4739.00;400
11922;29;22086000;11922;639;13363;13763;3.57;0.22;382.18;19.35;1441;34;4740.00;400
11926;29;22086018;11926;638;13363;13763;3.53;0.22;382.34;19.35;1437;34;4741.00;400
11930;29;22086037;11930;644;13363;13764;3.49;0.22;382.34;19.35;1433;34;4742.00;401
11937;29;22086055;11937;643;13364;13765;3.40;0.21;382.32;19.35;1427;34;4743.00;401
11939;29;22086074;11939;646;13364;13765;3.38;0.21;382.33;19.35;1425;34;4744.00;401
11945;29;22086092;11945;643;13365;13766;3.35;0.21;382.41;19.35;1420;34;4745.00;401
11951;29;22086112;11951;637;13365;13766;3.32;0.20;382.46;19.35;1414;34;4746.00;401
11952;29;22086131;11952;629;13365;13766;3.30;0.20;382.48;19.35;1413;34;4747.00;401
11956;29;22086148;11956;632;13365;13766;3.30;0.20;382.52;19.35;1409;34;4748.00;401
11960;29;22086166;11960;624;13365;13766;3.26;0.20;382.48;19.35;1405;34;4749.00;401
11965;29;22086184;11965;625;13365;13766;3.25;0.20;382.43;19.35;1400;34;4750.00;401
11967;29;22086201;11967;622;13365;13766;3.28;0.20;382.45;19.35;1398;34;4751.00;401
11971;29;22086220;11971;631;13439;13893;3.55;0.22;382.50;19.32;1468;34;4752.00;454
11974;29;22086251;11974;631;13439;13894;3.55;0.22;382.58;19.32;1465;34;4753.00;455
11976;29;22086270;11976;621;13444;13894;3.62;0.23;382.60;19.31;1468;34;4754.00;450
11982;29;22086298;11982;630;13445;13894;3.61;0.23;382.66;19.31;1463;34;4755.00;449
11989;29;22086321;11989;626;13449;13894;3.64;0.23;382.64;19.30;1460;34;4756.00;445
11993;29;22086340;11993;623;13451;13894;3.67;0.23;382.69;19.30;1458;34;4757.00;443
11999;29;22086360;11999;621;13452;13894;3.67;0.23;382.71;19.30;1453;34;4758.00;442
12003;29;22086379;12003;624;13454;13894;3.63;0.23;382.69;19.30;1451;34;4759.00;440
12005;29;22086398;12005;627;13455;13895;3.63;0.22;382.67;19.30;1450;34;4760.00;440
12008;29;22086417;12008;625;13456;13896;3.58;0.22;382.63;19.30;1448;34;4761.00;440
12013;29;22086436;12013;624;13458;13896;3.50;0.22;382.71;19.29;1445;34;4762.00;438
12016;29;22086455;12016;633;13459;13897;3.45;0.21;382.68;19.29;1443;34;4763.00;438
12020;29;22086473;12020;638;13460;13897;3.38;0.21;382.76;19.29;1440;34;4764.00;437
12021;29;22086492;12021;645;13462;13897;3.36;0.21;382.74;19.29;1441;34;4765.00;435
12024;29;22086510;12024;650;13463;13897;3.32;0.21;382.71;19.29;1439;34;4766.00;434
12026;29;22086528;12026;652;13467;13901;3.30;0.20;382.73;19.29;1441;34;4767.00;434
12027;29;22086546;12027;654;13468;13901;3.31;0.20;382.73;19.29;1441;34;4768.00;433
12029;29;22086564;12029;658;13469;13901;3.32;0.20;382.71;19.29;1440;34;4769.00;432
12032;29;22086584;12032;665;13473;13907;3.32;0.20;382.74;19.29;1441;34;4770.00;434
12033;29;22086604;12033;671;13474;13907;3.33;0.20;382.75;19.29;1441;34;4771.00;433
12035;29;22086621;12035;664;13477;13907;3.38;0.21;382.76;19.28;1442;34;4772.00;430
12038;29;22086639;12038;663;13482;13911;3.41;0.21;382.77;19.35;1444;34;4773.00;429
12039;29;22086660;12039;670;13483;13912;3.45;0.21;382.78;19.35;1444;34;4774.00;429
12041;29;22086679;12041;667;13487;13912;3.48;0.21;382.78;19.35;1446;34;4775.00;425
12041;29;22086698;12041;674;13489;13916;3.52;0.22;382.78;19.35;1448;34;4776.00;427
12044;29;22086718;12044;663;13491;13916;3.53;0.22;382.71;19.35;1447;34;4777.00;425
12046;29;22086736;12046;659;13492;13916;3.58;0.22;382.65;19.35;1446;34;4778.00;424
12047;29;22086755;12047;653;13493;13917;3.66;0.23;382.64;19.35;1446;34;4779.00;424
12050;29;22086774;12050;638;13493;13917;3.70;0.23;382.57;19.35;1443;34;4780.00;424
12051;29;22086794;12051;621;13498;13923;3.79;0.23;382.54;19.34;1447;34;4781.00;425
12053;29;22086814;12053;602;13498;13923;3.89;0.24;382.56;19.34;1445;34;4782.00;425
12054;29;22086834;12054;582;13498;13924;3.97;0.24;382.60;19.34;1444;34;4783.00;426
12061;29;22086862;12061;567;13499;13924;3.98;0.24;382.53;19.34;1438;34;4784.00;425
12062;29;22086890;12062;558;13500;13924;4.03;0.25;382.62;19.34;1438;34;4785.00;424
12063;29;22086912;12063;555;13500;13924;4.09;0.25;382.59;19.34;1437;34;4786.00;424
12064;29;22086932;12064;545;13501;13924;4.17;0.25;382.59;19.34;1437;34;4787.00;423
12066;29;22086951;12066;538;13511;13936;4.29;0.26;382.54;19.33;1445;34;4788.00;425
12066;29;22086972;12066;543;13511;13936;4.36;0.27;382.54;19.33;1445;34;4789.00;425
12066;29;22086993;12066;548;13511;13936;4.40;0.27;382.54;19.33;1445;34;4790.00;425
12067;29;22087014;12067;543;13512;13936;4.44;0.27;382.53;19.33;1445;34;4791.00;424
12068;29;22087034;12068;538;13513;13936;4.47;0.27;382.51;19.33;1445;34;4792.00;423
12069;29;22087054;12069;537;13514;13936;4.52;0.28;382.53;19.34;1445;34;4793.00;422
12071;29;22087076;12071;535;13517;13940;4.54;0.28;382.49;19.33;1446;34;4794.00;423
12072;29;22087100;12072;528;13517;13940;4.52;0.27;382.47;19.33;1445;34;4795.00;423
12072;29;22087120;12072;530;13522;13944;4.51;0.27;382.47;19.33;1450;34;4796.00;422
12075;29;22087140;12075;528;13522;13945;4.47;0.27;382.51;19.33;1447;34;4797.00;423
12076;29;22087163;12076;529;13522;13945;4.45;0.27;382.48;19.33;1446;34;4798.00;423
12078;29;22087182;12078;526;13523;13945;4.46;0.27;382.52;19.33;1445;34;4799.00;422
12081;29;22087205;12081;525;13545;13986;4.59;0.28;382.59;19.30;1464;34;4800.00;441
12082;29;22087235;12082;522;13545;13986;4.64;0.28;382.62;19.30;1463;34;4801.00;441
12082;29;22087255;12082;520;13546;13986;4.70;0.29;382.62;19.30;1464;34;4802.00;440
12084;29;22087285;12084;519;13548;13987;4.77;0.29;382.72;19.30;1464;34;4803.00;439
12086;29;22087308;12086;515;13548;13988;4.82;0.29;382.79;19.30;1462;34;4804.00;440
12088;29;22087335;12088;507;13549;13988;4.84;0.30;382.76;19.30;1461;34;4805.00;439
12091;29;22087361;12091;499;13552;13991;4.87;0.30;382.84;19.37;1461;34;4806.00;439
12094;29;22087385;12094;492;13552;13991;4.86;0.30;382.89;19.37;1458;34;4807.00;439
12095;29;22087406;12095;496;13553;13991;4.87;0.30;382.93;19.37;1458;34;4808.00;438
12100;29;22087427;12100;499;13554;13991;4.86;0.30;383.11;19.37;1454;34;4809.00;437
12103;29;22087448;12103;504;13558;13997;4.89;0.30;383.13;19.36;1455;34;4810.00;439
12105;29;22087469;12105;498;13559;13997;4.89;0.30;383.31;19.36;1454;34;4811.00;438
12108;29;22087490;12108;503;13559;13997;4.92;0.30;383.33;19.36;1451;34;4812.00;438
12110;29;22087513;12110;510;13559;13997;4.92;0.30;383.52;19.36;1449;34;4813.00;438
12112;29;22087533;12112;514;13562;14001;4.95;0.30;383.57;19.36;1450;34;4814.00;439
12115;29;22087555;12115;503;13562;14003;4.99;0.30;383.70;19.36;1447;34;4815.00;441
12119;29;22087577;12119;500;13563;14003;5.00;0.30;383.79;19.36;1444;34;4816.00;440
12122;29;22087605;12122;499;13565;14004;5.05;0.31;383.92;19.36;1443;34;4817.00;439
12125;29;22087628;12125;500;13565;14004;5.10;0.31;383.96;19.36;1440;34;4818.00;439
12128;29;22087649;12128;494;13565;14004;5.11;0.31;383.91;19.36;1437;34;4819.00;439
12129;29;22087675;12129;491;13567;14004;5.11;0.31;383.89;19.36;1438;34;4820.00;437
12133;29;22087698;12133;495;13567;14004;5.16;0.31;384.04;19.36;1434;34;4821.00;437
12135;29;22087719;12135;495;13567;14004;5.20;0.31;384.10;19.36;1432;34;4822.00;437
12137;29;22087739;12137;500;13567;14004;5.23;0.32;384.14;19.36;1430;34;4823.00;437
12140;29;22087760;12140;505;13600;14074;5.19;0.31;384.18;19.31;1460;34;4824.00;474
12146;29;22087787;12146;505;13602;14075;5.15;0.31;384.17;19.31;1456;34;4825.00;473
12149;29;22087808;12149;500;13606;14075;5.15;0.31;384.22;19.30;1457;34;4826.00;469
12150;29;22087836;12150;494;13608;14075;5.14;0.31;384.23;19.30;1458;34;4827.00;467
12156;29;22087855;12156;492;13611;14077;5.11;0.31;384.43;19.30;1455;34;4828.00;466
12159;29;22087878;12159;499;13615;14077;5.08;0.31;384.47;19.37;1456;34;4829.00;462
12163;29;22087901;12163;494;13617;14077;5.06;0.31;384.52;19.37;1454;34;4830.00;460
12165;29;22087921;12165;499;13618;14077;4.97;0.30;384.50;19.36;1453;34;4831.00;459
12168;29;22087949;12168;499;13621;14078;4.92;0.30;384.56;19.36;1453;34;4832.00;457
12170;29;22087969;12170;499;13625;14079;4.83;0.29;384.58;19.36;1455;34;4833.00;454
12176;29;22087989;12176;488;13626;14079;4.75;0.29;384.81;19.36;1450;34;4834.00;453
12179;29;22088011;12179;497;13627;14083;4.72;0.29;384.87;19.36;1448;34;4835.00;456
12180;29;22088031;12180;499;13627;14083;4.72;0.29;384.87;19.36;1447;34;4836.00;456
12181;29;22088050;12181;501;13627;14083;4.70;0.29;384.88;19.36;1446;34;4837.00;456
12184;29;22088070;12184;511;13628;14083;4.68;0.28;384.91;19.36;1444;34;4838.00;455
12185;29;22088089;12185;510;13631;14089;4.70;0.29;384.89;19.35;1446;34;4839.00;458
12188;29;22088111;12188;522;13631;14089;4.73;0.29;384.94;19.35;1443;34;4840.00;458
12188;29;22088131;12188;526;13631;14089;4.73;0.29;384.94;19.35;1443;34;4841.00;458
12190;30;22088152;12190;534;13632;14092;4.76;0.29;384.91;19.35;1442;35;4842.00;460
12193;30;22088184;12193;535;13632;14092;4.76;0.29;385.00;19.35;1439;35;4843.00;460
12198;30;22088205;12198;537;13632;14092;4.74;0.29;385.03;19.35;1434;35;4844.00;460
12200;30;22088224;12200;539;13632;14093;4.75;0.29;385.04;19.35;1432;35;4845.00;461
12202;30;22088245;12202;549;13633;14094;4.75;0.29;385.06;19.35;1431;35;4846.00;461
12206;30;22088265;12206;555;13634;14094;4.75;0.29;385.17;19.35;1428;35;4847.00;460
12211;30;22088287;12211;553;13643;14107;4.78;0.29;385.22;19.53;1432;35;4848.00;464
12213;30;22088315;12213;549;13644;14107;4.81;0.29;385.25;19.53;1431;35;4849.00;463
12216;30;22088334;12216;557;13644;14107;4.83;0.29;385.29;19.53;1428;35;4850.00;463
12220;30;22088353;12220;555;13645;14108;4.79;0.29;385.31;19.53;1425;35;4851.00;463
12221;30;22088372;12221;551;13645;14108;4.81;0.29;385.31;19.53;1424;35;4852.00;463
12224;30;22088394;12224;550;13650;14112;4.85;0.30;385.47;19.53;1426;35;4853.00;462
12226;30;22088415;12226;544;13650;14112;4.83;0.30;385.57;19.53;1424;35;4854.00;462
12226;30;22088434;12226;543;13652;14116;4.85;0.30;385.57;19.53;1426;35;4855.00;464
12233;30;22088462;12233;549;13652;14116;4.85;0.30;385.76;19.53;1419;35;4856.00;464
12236;30;22088483;12236;543;13652;14116;4.90;0.30;386.02;19.53;1416;35;4857.00;464
12237;30;22088504;12237;539;13652;14116;4.94;0.30;386.05;19.53;1415;35;4858.00;464
12240;30;22088526;12240;536;13652;14116;4.92;0.30;386.11;19.53;1412;35;4859.00;464
12243;30;22088549;12243;532;13670;14150;5.03;0.31;386.20;19.50;1427;35;4860.00;480
12248;30;22088572;12248;538;13671;14150;5.00;0.31;386.37;19.50;1423;35;4861.00;479
12251;30;22088594;12251;538;13673;14150;5.00;0.31;386.42;19.50;1422;35;4862.00;477
12256;30;22088614;12256;539;13673;14150;4.96;0.30;386.74;19.50;1417;35;4863.00;477
12257;30;22088634;12257;543;13674;14150;4.97;0.31;386.80;19.50;1417;35;4864.00;476
12258;30;22088654;12258;550;13674;14150;4.97;0.31;386.86;19.50;1416;35;4865.00;476
12262;30;22088674;12262;545;13674;14151;4.93;0.30;387.02;19.50;1412;35;4866.00;477
12263;30;22088696;12263;549;13674;14151;4.92;0.30;387.08;19.50;1411;35;4867.00;477
12265;30;22088715;12265;550;13678;14157;4.96;0.30;387.14;19.49;1413;35;4868.00;479
12269;30;22088735;12269;551;13678;14158;4.93;0.30;387.32;19.49;1409;35;4869.00;480
12272;30;22088763;12272;551;13678;14158;4.91;0.30;387.39;19.49;1406;35;4870.00;480
12274;30;22088789;12274;551;13678;14158;4.91;0.30;387.45;19.49;1404;35;4871.00;480
12279;30;22088809;12279;555;13681;14162;4.87;0.30;387.43;19.49;1402;35;4872.00;481
12282;30;22088830;12282;565;13681;14162;4.80;0.29;387.44;19.49;1399;35;4873.00;481
12285;30;22088848;12285;553;13681;14162;4.79;0.29;387.46;19.49;1396;35;4874.00;481
12290;30;22088866;12290;554;13682;14163;4.76;0.29;387.64;19.49;1392;35;4875.00;481
12290;30;22088885;12290;550;13683;14167;4.73;0.29;387.64;19.48;1393;35;4876.00;484
12291;30;22088904;12291;556;13683;14167;4.72;0.29;387.62;19.48;1392;35;4877.00;484
12294;30;22088922;12294;542;13684;14170;4.68;0.29;387.66;19.48;1390;35;4878.00;486
12297;30;22088941;12297;542;13684;14170;4.63;0.28;387.71;19.48;1387;35;4879.00;486
12302;30;22088960;12302;538;13684;14170;4.58;0.28;387.80;19.48;1382;35;4880.00;486
12306;30;22088979;12306;538;13684;14170;4.57;0.28;387.91;19.48;1378;35;4881.00;486
12309;30;22088996;12309;540;13687;14174;4.58;0.28;387.91;19.48;1378;35;4882.00;487
12313;30;22089015;12313;539;13687;14174;4.57;0.28;388.02;19.48;1374;35;4883.00;487
12316;30;22089032;12316;536;13687;14174;4.56;0.28;388.16;19.48;1371;35;4884.00;487
12319;30;22089049;12319;542;13687;14174;4.56;0.28;388.16;19.48;1368;35;4885.00;487
12321;30;22089067;12321;541;13687;14175;4.52;0.28;388.28;19.48;1366;35;4886.00;488
12326;30;22089084;12326;545;13687;14176;4.44;0.27;388.38;19.48;1361;35;4887.00;489
12331;30;22089102;12331;549;13687;14176;4.42;0.27;388.40;19.48;1356;35;4888.00;489
12336;30;22089126;12336;554;13688;14177;4.37;0.27;388.60;19.48;1352;35;4889.00;489
12339;30;22089147;12339;561;13688;14177;4.32;0.26;388.63;19.48;1349;35;4890.00;489
12344;30;22089165;12344;558;13688;14177;4.27;0.26;388.58;19.48;1344;35;4891.00;489
12346;30;22089181;12346;567;13688;14177;4.26;0.26;388.61;19.48;1342;35;4892.00;489
12350;30;22089198;12350;576;13688;14177;4.22;0.26;388.59;19.48;1338;35;4893.00;489
12352;30;22089215;12352;579;13688;14177;4.22;0.26;388.61;19.48;1336;35;4894.00;489
12356;30;22089231;12356;572;13689;14177;4.19;0.26;388.60;19.48;1333;35;4895.00;488
12360;30;22089248;12360;591;13747;14304;4.43;0.27;388.68;19.40;1387;35;4896.00;557
12361;30;22089276;12361;597;13751;14305;4.38;0.27;388.67;19.39;1390;35;4897.00;554
12363;30;22089295;12363;594;13759;14305;4.34;0.27;388.66;19.38;1396;35;4898.00;546
12365;30;22089312;12365;597;13761;14305;4.29;0.27;388.64;19.38;1396;35;4899.00;544
12367;30;22089330;12367;584;13765;14305;4.25;0.26;388.60;19.38;1398;35;4900.00;540
12371;30;22089354;12371;575;13767;14305;4.19;0.26;388.64;19.38;1396;35;4901.00;538
12374;30;22089373;12374;567;13770;14305;4.16;0.26;388.63;19.37;1396;35;4902.00;535
12379;30;22089392;12379;563;13772;14305;4.12;0.25;388.55;19.37;1393;35;4903.00;533
12380;30;22089411;12380;567;13774;14306;4.13;0.26;388.52;19.37;1394;35;4904.00;532
12384;30;22089431;12384;570;13775;14308;4.12;0.25;388.44;19.37;1391;35;4905.00;533
12386;30;22089451;12386;576;13776;14308;4.14;0.26;388.43;19.37;1390;35;4906.00;532
12388;30;22089469;12388;572;13778;14309;4.12;0.25;388.45;19.37;1390;35;4907.00;531
12390;30;22089491;12390;568;13780;14309;4.11;0.25;388.49;19.37;1390;35;4908.00;529
12392;30;22089513;12392;567;13780;14309;4.11;0.25;388.48;19.37;1388;35;4909.00;529
12398;30;22089534;12398;564;13780;14309;4.03;0.25;388.47;19.37;1382;35;4910.00;529
12399;30;22089552;12399;566;13783;14313;3.98;0.25;388.48;19.36;1384;35;4911.00;530
12401;30;22089570;12401;562;13783;14313;3.92;0.24;388.49;19.36;1382;35;4912.00;530
12406;30;22089589;12406;566;13783;14313;3.86;0.24;388.40;19.36;1377;35;4913.00;530
12412;30;22089607;12412;566;13784;14316;3.81;0.23;388.38;19.36;1372;35;4914.00;532
12414;30;22089628;12414;576;13785;14316;3.76;0.23;388.33;19.36;1371;35;4915.00;531
12418;30;22089648;12418;577;13785;14316;3.71;0.23;388.37;19.36;1367;35;4916.00;531
12422;30;22089668;12422;577;13787;14320;3.69;0.23;388.33;19.44;1365;35;4917.00;533
12423;30;22089687;12423;576;13788;14321;3.68;0.23;388.31;19.44;1365;35;4918.00;533
12429;30;22089705;12429;577;13789;14321;3.62;0.22;388.28;19.45;1360;35;4919.00;532
12432;30;22089728;12432;579;13793;14326;3.64;0.22;388.23;19.44;1361;35;4920.00;533
12439;30;22089747;12439;582;13793;14326;3.60;0.22;388.18;19.44;1354;35;4921.00;533
12442;30;22089766;12442;586;13794;14326;3.61;0.22;388.17;19.45;1352;35;4922.00;532
12445;30;22089783;12445;589;13795;14327;3.59;0.22;388.25;19.45;1350;35;4923.00;532
12452;30;22089801;12452;597;13796;14327;3.53;0.22;388.28;19.46;1344;35;4924.00;531
12454;30;22089819;12454;598;13801;14333;3.51;0.21;388.28;19.46;1347;35;4925.00;532
12455;30;22089840;12455;603;13802;14333;3.56;0.22;388.32;19.47;1347;35;4926.00;531
12461;30;22089858;12461;602;13803;14334;3.53;0.22;388.24;19.47;1342;35;4927.00;531
12464;30;22089879;12464;602;13804;14334;3.51;0.21;388.22;19.48;1340;35;4928.00;530
12468;30;22089897;12468;605;13806;14334;3.49;0.21;388.20;19.49;1338;35;4929.00;528
12470;30;22089914;12470;604;13807;14334;3.47;0.21;388.18;19.50;1337;35;4930.00;527
12473;30;22089931;12473;609;13808;14334;3.43;0.21;388.16;19.51;1335;35;4931.00;526
12475;30;22089948;12475;612;13816;14346;3.48;0.21;388.22;19.49;1341;35;4932.00;530
12477;30;22089968;12477;619;13818;14346;3.47;0.21;388.22;19.58;1341;35;4933.00;528
12478;30;22089983;12478;615;13820;14346;3.49;0.21;388.19;19.59;1342;35;4934.00;526
12481;30;22090001;12481;607;13821;14346;3.54;0.22;388.13;19.60;1340;35;4935.00;525
12482;30;22090018;12482;600;13822;14346;3.60;0.22;388.13;19.60;1340;35;4936.00;524
12485;30;22090036;12485;599;13823;14346;3.59;0.22;388.23;19.61;1338;35;4937.00;523
12485;30;22090053;12485;597;13825;14350;3.66;0.22;388.23;19.61;1340;35;4938.00;525
12487;30;22090071;12487;594;13827;14350;3.70;0.23;388.32;19.62;1340;35;4939.00;523
12489;30;22090088;12489;594;13833;14354;3.76;0.23;388.29;19.64;1344;35;4940.00;521
12491;30;22090107;12491;600;13837;14355;3.79;0.23;388.30;19.66;1346;35;4941.00;518
12492;30;22090127;12492;600;13837;14355;3.84;0.23;388.32;19.66;1345;35;4942.00;518
12497;30;22090146;12497;594;13841;14355;3.81;0.23;388.32;19.68;1344;35;4943.00;514
12497;30;22090166;12497;598;13851;14368;3.95;0.24;388.32;19.67;1354;35;4944.00;517
12501;30;22090187;12501;602;13853;14368;3.97;0.24;388.30;19.68;1352;35;4945.00;515
12503;30;22090207;12503;607;13855;14368;3.99;0.24;388.34;19.69;1352;35;4946.00;513
12506;30;22090229;12506;594;13858;14369;4.03;0.25;388.32;19.69;1352;35;4947.00;511
12510;30;22090249;12510;588;13860;14370;4.03;0.25;388.45;19.77;1350;35;4948.00;510
12510;30;22090285;12510;577;13861;14370;4.04;0.25;388.45;19.78;1351;35;4949.00;509
12512;30;22090307;12512;573;13866;14379;4.10;0.25;388.45;19.78;1354;35;4950.00;513
12512;30;22090328;12512;575;13868;14379;4.15;0.25;388.45;19.78;1356;35;4951.00;511
12513;30;22090349;12513;580;13869;14379;4.19;0.26;388.44;19.78;1356;35;4952.00;510
12513;30;22090368;12513;565;13870;14379;4.24;0.26;388.44;19.79;1357;35;4953.00;509
12513;30;22090393;12513;560;13875;14385;4.29;0.26;388.44;19.78;1362;35;4954.00;510
12516;30;22090422;12516;561;13878;14385;4.35;0.27;388.46;19.79;1362;36;4955.00;507
12519;30;22090463;12519;555;13879;14385;4.37;0.27;388.57;19.80;1360;36;4956.00;506
12522;30;22090484;12522;541;13880;14385;4.40;0.27;388.64;19.87;1358;36;4957.00;505
12522;30;22090505;12522;534;13883;14389;4.42;0.27;388.64;19.87;1361;36;4958.00;506
12524;30;22090529;12524;534;13883;14390;4.44;0.27;388.65;19.87;1359;36;4959.00;507
12527;30;22090552;12527;526;13884;14390;4.47;0.27;388.67;19.88;1357;36;4960.00;506
12530;30;22090572;12530;526;13887;14391;4.54;0.28;388.68;19.88;1357;36;4961.00;504
12534;30;22090598;12534;526;13887;14391;4.58;0.28;388.64;19.88;1353;36;4962.00;504
12536;30;22090620;12536;537;13887;14391;4.63;0.28;388.67;19.88;1351;36;4963.00;504
12542;30;22090643;12542;536;13889;14391;4.63;0.28;388.72;19.96;1347;36;4964.00;502
12545;30;22090665;12545;536;13889;14391;4.65;0.28;388.81;19.96;1344;36;4965.00;502
12548;30;22090686;12548;535;13889;14391;4.66;0.28;388.81;19.96;1341;36;4966.00;502
12549;30;22090706;12549;530;13891;14391;4.73;0.29;388.89;19.96;1342;36;4967.00;500
12551;30;22090729;12551;542;13930;14461;4.79;0.29;388.92;19.91;1379;36;4968.00;531
12553;30;22090756;12553;536;13932;14462;4.82;0.29;388.99;19.91;1379;36;4969.00;530
12553;30;22090775;12553;528;13935;14462;4.95;0.30;388.99;19.91;1382;36;4970.00;527
12555;30;22090796;12555;522;13937;14462;5.01;0.30;389.05;20.11;1382;37;4971.00;525
12555;30;22090828;12555;524;13938;14462;5.08;0.31;389.05;20.11;1383;37;4972.00;524
12557;30;22090847;12557;517;13938;14462;5.08;0.31;389.16;20.11;1381;37;4973.00;524
12558;30;22090868;12558;528;13941;14462;5.13;0.31;389.18;20.12;1383;37;4974.00;521
12561;30;22090889;12561;532;13942;14462;5.15;0.31;389.21;20.12;1381;37;4975.00;520
12563;30;22090911;12563;536;13943;14463;5.14;0.31;389.28;20.12;1380;37;4976.00;520
12567;30;22090933;12567;542;13945;14464;5.16;0.31;389.41;20.12;1378;37;4977.00;519
12570;30;22090954;12570;554;13945;14464;5.17;0.31;389.54;20.12;1375;37;4978.00;519
12571;30;22090975;12571;563;13948;14468;5.21;0.32;389.54;20.12;1377;37;4979.00;520
12574;30;22090999;12574;567;13950;14468;5.23;0.32;389.57;20.12;1376;37;4980.00;518
12578;30;22091020;12578;576;13953;14468;5.21;0.32;389.63;20.12;1375;37;4981.00;515
12580;30;22091050;12580;573;13954;14468;5.20;0.32;389.71;20.12;1374;37;4982.00;514
12582;30;22091072;12582;574;13958;14474;5.25;0.32;389.75;20.12;1376;37;4983.00;516
12584;30;22091096;12584;581;13958;14474;5.24;0.32;389.82;20.12;1374;37;4984.00;516
12587;30;22091117;12587;590;13958;14474;5.23;0.32;389.86;20.12;1371;37;4985.00;516
12588;30;22091137;12588;588;13959;14477;5.24;0.32;389.90;20.11;1371;37;4986.00;518
12593;30;22091161;12593;584;13960;14477;5.19;0.32;390.01;20.12;1367;37;4987.00;517
12595;30;22091183;12595;591;13960;14477;5.20;0.32;389.99;20.12;1365;37;4988.00;517
12598;30;22091204;12598;589;13960;14478;5.18;0.31;390.14;20.12;1362;37;4989.00;518
12601;30;22091226;12601;575;13961;14479;5.23;0.32;390.14;20.12;1360;37;4990.00;518
12607;30;22091247;12607;572;13961;14479;5.21;0.32;390.27;20.12;1354;37;4991.00;518
12610;30;22091268;12610;566;13971;14492;5.23;0.32;390.35;20.10;1361;37;4992.00;521
12613;30;22091289;12613;562;13971;14492;5.27;0.32;390.31;20.10;1358;37;4993.00;521
12615;30;22091311;12615;553;13971;14492;5.29;0.32;390.35;20.10;1356;37;4994.00;521
12615;30;22091331;12615;547;13971;14494;5.30;0.32;390.35;20.10;1356;37;4995.00;523
12615;30;22091352;12615;537;13971;14494;5.34;0.32;390.35;20.10;1356;37;4996.00;523
12615;30;22091374;12615;533;13974;14498;5.39;0.33;390.35;20.10;1359;37;4997.00;524
12615;30;22091399;12615;528;13974;14498;5.45;0.33;390.35;20.10;1359;37;4998.00;524
12620;30;22091421;12620;526;13975;14502;5.40;0.33;390.45;20.10;1355;37;4999.00;527
12621;30;22091445;12621;518;13975;14502;5.41;0.33;390.45;20.10;1354;37;5000.00;527
12624;30;22091473;12624;516;13975;14502;5.43;0.33;390.51;20.10;1351;37;5001.00;527
12626;30;22091495;12626;501;13975;14502;5.44;0.33;390.56;20.10;1349;37;5002.00;527
12630;30;22091518;12630;494;13975;14502;5.35;0.32;390.57;20.10;1345;37;5003.00;527
12635;30;22091538;12635;484;13982;14514;5.36;0.33;390.73;20.09;1347;38;5004.00;532
12635;30;22091569;12635;481;13982;14514;5.33;0.32;390.73;20.09;1347;38;5005.00;532
12639;30;22091591;12639;470;13983;14514;5.30;0.32;390.74;20.09;1344;38;5006.00;531
12643;30;22091614;12643;464;13983;14514;5.30;0.32;390.83;20.09;1340;38;5007.00;531
12648;30;22091635;12648;459;13983;14514;5.28;0.32;390.89;20.09;1335;38;5008.00;531
12651;30;22091666;12651;457;13983;14514;5.30;0.32;390.90;20.09;1332;38;5009.00;531
12655;30;22091690;12655;461;13983;14515;5.30;0.32;390.92;20.09;1328;38;5010.00;532
12658;30;22091712;12658;452;13983;14515;5.32;0.32;390.99;20.09;1325;38;5011.00;532
12660;30;22091732;12660;454;13987;14521;5.35;0.32;391.01;20.08;1327;38;5012.00;534
12662;30;22091752;12662;449;13987;14522;5.35;0.32;391.04;20.08;1325;38;5013.00;535
12664;30;22091771;12664;448;13987;14522;5.32;0.32;391.04;20.08;1323;38;5014.00;535
12666;30;22091794;12666;456;13987;14522;5.29;0.32;391.10;20.08;1321;38;5015.00;535
12668;30;22091817;12668;454;13990;14526;5.30;0.32;391.17;20.08;1322;38;5016.00;536
12670;30;22091838;12670;456;13990;14526;5.29;0.32;391.15;20.08;1320;38;5017.00;536
12672;30;22091857;12672;454;13990;14526;5.26;0.32;391.15;20.08;1318;38;5018.00;536
12673;30;22091879;12673;451;13991;14527;5.22;0.32;391.18;20.08;1318;38;5019.00;536
12676;30;22091898;12676;451;13992;14531;5.23;0.32;391.22;20.07;1316;38;5020.00;539
12677;30;22091919;12677;455;13992;14531;5.22;0.32;391.24;20.07;1315;38;5021.00;539
12678;30;22091951;12678;461;13993;14534;5.24;0.32;391.26;20.07;1315;38;5022.00;541
12682;30;22091971;12682;461;13993;14534;5.22;0.32;391.25;20.07;1311;38;5023.00;541
12683;30;22091992;12683;468;13993;14534;5.25;0.32;391.29;20.07;1310;38;5024.00;541
12684;30;22092015;12684;467;13993;14534;5.25;0.32;391.38;20.07;1309;38;5025.00;541
12688;30;22092036;12688;471;13996;14538;5.31;0.32;391.41;20.07;1308;38;5026.00;542
12691;30;22092057;12691;481;13996;14538;5.30;0.32;391.49;20.07;1305;38;5027.00;542
12695;30;22092078;12695;480;13996;14538;5.28;0.32;391.55;20.07;1301;38;5028.00;542
12699;30;22092113;12699;482;13997;14538;5.21;0.32;391.65;20.17;1298;38;5029.00;541
12701;30;22092137;12701;483;13997;14539;5.19;0.32;391.64;20.17;1296;38;5030.00;542
12702;30;22092160;12702;489;13997;14540;5.18;0.32;391.68;20.17;1295;38;5031.00;543
12703;30;22092182;12703;496;13997;14540;5.16;0.32;391.69;20.17;1294;38;5032.00;543
12708;30;22092202;12708;498;13998;14541;5.11;0.31;391.79;20.17;1290;38;5033.00;543
12709;30;22092225;12709;506;13998;14541;5.12;0.31;391.77;20.17;1289;38;5034.00;543
12715;30;22092250;12715;505;13998;14541;5.10;0.31;391.87;20.17;1283;38;5035.00;543
12718;30;22092272;12718;510;13998;14541;5.05;0.31;391.91;20.17;1280;38;5036.00;543
12721;30;22092295;12721;515;13998;14541;5.04;0.31;391.92;20.17;1277;38;5037.00;543
12727;30;22092321;12727;518;13998;14541;4.97;0.30;392.13;20.17;1271;38;5038.00;543
12729;30;22092343;12729;515;13998;14541;4.99;0.30;392.20;20.17;1269;38;5039.00;543
12733;30;22092367;12733;539;14078;14771;5.31;0.33;392.32;20.06;1345;38;5040.00;693
12736;30;22092411;12736;527;14085;14772;5.32;0.33;392.51;20.05;1349;38;5041.00;687
12738;30;22092431;12738;524;14092;14772;5.36;0.34;392.50;20.04;1354;38;5042.00;680
12739;30;22092451;12739;515;14099;14772;5.35;0.33;392.53;20.03;1360;38;5043.00;673
12739;30;22092470;12739;519;14107;14772;5.40;0.34;392.53;20.02;1368;38;5044.00;665
12742;30;22092490;12742;523;14112;14772;5.42;0.34;392.56;20.02;1370;38;5045.00;660
12744;30;22092514;12744;527;14118;14772;5.42;0.34;392.57;20.01;1374;38;5046.00;654
12747;30;22092535;12747;531;14123;14772;5.40;0.34;392.69;20.01;1376;38;5047.00;649
12750;30;22092566;12750;534;14126;14773;5.39;0.34;392.77;20.00;1376;38;5048.00;647
12753;30;22092585;12753;536;14130;14774;5.40;0.34;392.85;20.00;1377;38;5049.00;644
12755;30;22092612;12755;532;14134;14774;5.41;0.34;392.94;20.00;1379;38;5050.00;640
12758;30;22092632;12758;530;14138;14775;5.37;0.33;392.98;20.00;1380;38;5051.00;637
12761;30;22092652;12761;538;14141;14775;5.31;0.33;393.02;19.99;1380;38;5052.00;634
12765;30;22092671;12765;540;14144;14775;5.28;0.33;393.07;19.99;1379;38;5053.00;631
12770;30;22092691;12770;542;14147;14775;5.24;0.33;393.13;19.99;1377;38;5054.00;628
12773;30;22092719;12773;544;14150;14779;5.24;0.32;393.12;19.99;1377;38;5055.00;629
12778;30;22092739;12778;546;14153;14779;5.17;0.32;393.17;19.99;1375;38;5056.00;626
12779;30;22092761;12779;549;14153;14779;5.18;0.32;393.18;19.99;1374;38;5057.00;626
12780;30;22092783;12780;555;14156;14782;5.18;0.32;393.18;19.98;1376;38;5058.00;626
12783;30;22092806;12783;540;14156;14782;5.20;0.32;393.19;19.98;1373;38;5059.00;626
12786;30;22092835;12786;546;14157;14782;5.18;0.32;393.26;19.98;1371;38;5060.00;625
12786;30;22092856;12786;545;14159;14786;5.19;0.32;393.26;19.98;1373;38;5061.00;627
12792;30;22092886;12792;543;14161;14787;5.13;0.32;393.33;19.98;1369;38;5062.00;626
12796;30;22092906;12796;540;14163;14787;5.11;0.31;393.33;19.98;1367;38;5063.00;624
12797;30;22092926;12797;544;14167;14791;5.09;0.31;393.32;19.98;1370;38;5064.00;624
12800;30;22092945;12800;549;14168;14791;5.02;0.31;393.29;19.98;1368;38;5065.00;623
12801;30;22092963;12801;555;14168;14791;5.01;0.31;393.30;19.98;1367;38;5066.00;623
12806;30;22092980;12806;561;14169;14792;4.88;0.30;393.29;19.98;1363;38;5067.00;623
12808;30;22092998;12808;567;14169;14792;4.79;0.29;393.28;19.98;1361;38;5068.00;623
12813;30;22093016;12813;577;14174;14798;4.75;0.29;393.22;19.98;1361;38;5069.00;624
12816;30;22093036;12816;581;14177;14798;4.66;0.29;393.23;19.99;1361;38;5070.00;621
12818;30;22093057;12818;592;14177;14799;4.55;0.28;393.22;19.99;1359;38;5071.00;622
12821;30;22093075;12821;594;14177;14799;4.43;0.27;393.17;19.99;1356;38;5072.00;622
12826;30;22093105;12826;603;14177;14799;4.28;0.26;393.22;19.99;1351;38;5073.00;622
12826;30;22093123;12826;608;14177;14799;4.20;0.26;393.22;19.99;1351;38;5074.00;622
12831;30;22093141;12831;594;14177;14799;4.12;0.25;393.21;19.99;1346;38;5075.00;622
12834;30;22093162;12834;590;14184;14811;4.12;0.25;393.23;19.98;1350;38;5076.00;627
12836;30;22093182;12836;592;14184;14811;4.13;0.25;393.20;19.98;1348;38;5077.00;627
12838;30;22093200;12838;597;14185;14811;4.14;0.26;393.16;19.98;1347;38;5078.00;626
12842;30;22093218;12842;602;14185;14811;4.13;0.26;393.20;19.98;1343;38;5079.00;626
12842;30;22093238;12842;601;14185;14811;4.12;0.25;393.20;19.98;1343;38;5080.00;626
12844;30;22093257;12844;600;14185;14811;4.10;0.25;393.17;19.98;1341;38;5081.00;626
12847;30;22093280;12847;588;14187;14815;4.10;0.25;393.14;19.99;1340;38;5082.00;628
12851;30;22093314;12851;578;14187;14815;4.05;0.25;393.10;19.99;1336;38;5083.00;628
12856;30;22093336;12856;572;14190;14819;4.02;0.25;393.03;19.98;1334;38;5084.00;629
12858;30;22093365;12858;569;14190;14821;3.97;0.24;393.05;19.98;1332;38;5085.00;631
12862;30;22093392;12862;564;14190;14821;3.90;0.24;393.00;19.98;1328;38;5086.00;631
12865;30;22093419;12865;550;14190;14821;3.90;0.24;392.97;19.98;1325;38;5087.00;631
12871;30;22093439;12871;553;14200;14834;3.89;0.24;392.87;19.97;1329;38;5088.00;634
12873;30;22093462;12873;545;14201;14834;3.91;0.24;392.86;19.98;1328;38;5089.00;633
12877;30;22093486;12877;545;14201;14834;3.91;0.24;392.80;19.98;1324;38;5090.00;633
12880;30;22093509;12880;534;14202;14835;3.99;0.24;392.78;19.98;1322;38;5091.00;633
12884;30;22093533;12884;516;14203;14836;4.04;0.25;392.73;19.98;1319;38;5092.00;633
12887;30;22093554;12887;517;14204;14836;4.09;0.25;392.71;20.06;1317;38;5093.00;632
12890;30;22093580;12890;505;14205;14839;4.19;0.26;392.66;20.06;1315;38;5094.00;634
12893;30;22093601;12893;485;14205;14839;4.29;0.26;392.68;20.06;1312;38;5095.00;634
12898;30;22093620;12898;493;14206;14839;4.33;0.26;392.68;20.07;1308;38;5096.00;633
12898;30;22093641;12898;488;14206;14839;4.38;0.27;392.68;20.07;1308;38;5097.00;633
12904;30;22093680;12904;491;14210;14845;4.41;0.27;392.71;20.07;1306;38;5098.00;635
12907;30;22093703;12907;487;14211;14845;4.47;0.27;392.72;20.08;1304;38;5099.00;634
12909;30;22093756;12909;491;14215;14864;4.46;0.27;392.72;20.08;1306;38;5100.00;649
12913;30;22093800;12913;489;14217;14864;4.46;0.27;392.75;20.10;1304;38;5101.00;647
12915;30;22093821;12915;494;14218;14868;4.49;0.27;392.73;20.10;1303;38;5102.00;650
12917;30;22093848;12917;498;14220;14869;4.56;0.28;392.77;20.13;1303;38;5103.00;649
12919;30;22093881;12919;498;14222;14869;4.59;0.28;392.78;20.15;1303;38;5104.00;647
12921;30;22093907;12921;492;14224;14870;4.62;0.28;392.76;20.16;1303;38;5105.00;646
12922;30;22093935;12922;502;14229;14870;4.66;0.28;392.76;20.18;1307;38;5106.00;641
12923;30;22093959;12923;495;14230;14870;4.67;0.29;392.76;20.19;1307;38;5107.00;640
12926;30;22093986;12926;496;14232;14870;4.69;0.29;392.75;20.27;1306;38;5108.00;638
12929;30;22094016;12929;500;14234;14870;4.67;0.29;392.75;20.30;1305;38;5109.00;636
12932;30;22094038;12932;499;14237;14870;4.65;0.28;392.73;20.33;1305;38;5110.00;633
12935;30;22094064;12935;497;14238;14870;4.67;0.28;392.71;20.34;1303;38;5111.00;632
12939;30;22094086;12939;513;14276;14940;4.75;0.29;392.68;20.31;1337;38;5112.00;664
12940;30;22094116;12940;503;14280;14941;4.80;0.29;392.68;20.35;1340;38;5113.00;661
12943;30;22094137;12943;501;14284;14941;4.81;0.29;392.71;20.35;1341;38;5114.00;657
12946;30;22094158;12946;503;14289;14941;4.82;0.30;392.71;20.37;1343;38;5115.00;652
12952;30;22094179;12952;506;14293;14941;4.84;0.30;392.71;20.39;1341;38;5116.00;648
12955;30;22094199;12955;506;14295;14941;4.83;0.29;392.76;20.41;1340;38;5117.00;646
12960;30;22094219;12960;513;14302;14941;4.78;0.29;392.88;20.43;1342;38;5118.00;639
12963;30;22094239;12963;515;14303;14941;4.74;0.29;392.97;20.44;1340;38;5119.00;638
12965;30;22094264;12965;521;14309;14942;4.76;0.29;392.95;20.46;1344;38;5120.00;633
12967;30;22094289;12967;527;14312;14943;4.76;0.29;393.00;20.47;1345;38;5121.00;631
12969;30;22094319;12969;522;14318;14943;4.74;0.29;392.99;20.50;1349;38;5122.00;625
12973;30;22094339;12973;516;14320;14947;4.73;0.29;393.07;20.50;1347;38;5123.00;627
12976;30;22094361;12976;511;14323;14947;4.74;0.29;393.06;20.50;1347;38;5124.00;624
12981;30;22094383;12981;511;14326;14947;4.78;0.29;393.15;20.53;1345;38;5125.00;621
12985;30;22094405;12985;510;14328;14947;4.79;0.29;393.15;20.55;1343;38;5126.00;619
12989;30;22094426;12989;510;14332;14953;4.87;0.30;393.24;20.55;1343;38;5127.00;621
12993;30;22094454;12993;516;14335;14953;4.85;0.30;393.25;20.57;1342;38;5128.00;618
12996;30;22094483;12996;517;14339;14953;4.86;0.30;393.23;20.68;1343;38;5129.00;614
12999;30;22094507;12999;523;14344;14959;4.84;0.29;393.31;20.69;1345;38;5130.00;615
13004;30;22094531;13004;508;14344;14959;4.78;0.29;393.38;20.69;1340;38;5131.00;615
13006;31;22094562;13006;508;14345;14959;4.75;0.29;393.47;20.70;1339;39;5132.00;614
13010;31;22094601;13010;498;14349;14960;4.75;0.29;393.44;20.72;1339;39;5133.00;611
13012;31;22094628;13012;501;14354;14961;4.74;0.29;393.49;20.75;1342;39;5134.00;607
13016;31;22094649;13016;492;14355;14961;4.71;0.29;393.59;20.75;1339;39;5135.00;606
13020;31;22094670;13020;493;14367;14974;4.74;0.29;393.67;20.75;1347;39;5136.00;607
13025;31;22094693;13025;491;14369;14974;4.73;0.29;393.72;20.75;1344;39;5137.00;605
13025;31;22094720;13025;500;14371;14974;4.79;0.29;393.72;20.76;1346;39;5138.00;603
13026;31;22094750;13026;499;14373;14975;4.80;0.29;393.74;20.77;1347;39;5139.00;602
13026;31;22094782;13026;514;14375;14975;4.83;0.29;393.74;20.78;1349;39;5140.00;600
13028;31;22094816;13028;523;14382;14979;4.87;0.30;393.69;20.79;1354;39;5141.00;597
13030;31;22094857;13030;518;14384;14979;4.89;0.30;393.74;20.80;1354;39;5142.00;595
13034;31;22094883;13034;515;14386;14983;4.89;0.30;393.77;20.80;1352;39;5143.00;597
13037;31;22094912;13037;519;14391;14983;4.90;0.30;393.75;20.82;1354;39;5144.00;592
13039;31;22094938;13039;524;14393;14983;4.94;0.30;393.87;20.83;1354;39;5145.00;590
13041;31;22094965;13041;530;14396;14983;4.91;0.30;393.91;20.84;1355;39;5146.00;587
13046;31;22094991;13046;530;14396;14983;4.88;0.30;393.92;20.84;1350;39;5147.00;587
13047;31;22095017;13047;534;14407;14995;4.91;0.30;393.95;20.84;1360;39;5148.00;588
13048;31;22095043;13048;527;14409;14995;4.92;0.30;393.93;20.85;1361;39;5149.00;586
13052;31;22095071;13052;529;14410;14995;4.93;0.30;394.07;20.86;1358;39;5150.00;585
13054;31;22095097;13054;534;14410;14995;4.98;0.30;394.09;20.86;1356;39;5151.00;585
13058;31;22095121;13058;539;14412;14995;5.01;0.30;394.22;20.87;1354;39;5152.00;583
13061;31;22095146;13061;542;14414;14995;5.05;0.31;394.22;20.87;1353;39;5153.00;581
13063;31;22095171;13063;540;14415;14996;5.05;0.31;394.22;20.87;1352;39;5154.00;581
13065;31;22095197;13065;542;14419;14998;5.03;0.31;394.28;20.88;1354;39;5155.00;579
13068;31;22095220;13068;545;14424;15004;5.03;0.30;394.32;20.88;1356;39;5156.00;580
13068;31;22095241;13068;552;14425;15005;5.03;0.31;394.32;20.89;1357;39;5157.00;580
13071;31;22095263;13071;549;14426;15005;5.00;0.30;394.33;20.90;1355;39;5158.00;579
13071;31;22095284;13071;555;14428;15005;4.98;0.30;394.33;20.91;1357;39;5159.00;577
13072;31;22095308;13072;561;14432;15010;4.92;0.30;394.37;20.90;1360;39;5160.00;578
13074;31;22095332;13074;565;14433;15010;4.92;0.30;394.33;20.91;1359;39;5161.00;577
13074;31;22095353;13074;575;14434;15010;4.92;0.30;394.33;20.99;1360;39;5162.00;576
13076;31;22095379;13076;578;14436;15011;4.89;0.30;394.33;21.00;1360;39;5163.00;575
13077;31;22095402;13077;583;14441;15015;4.88;0.30;394.32;21.01;1364;39;5164.00;574
13079;31;22095424;13079;582;14441;15015;4.90;0.30;394.38;21.01;1362;39;5165.00;574
13079;31;22095446;13079;570;14443;15018;4.89;0.30;394.38;21.01;1364;39;5166.00;575
13081;31;22095467;13081;562;14443;15018;4.91;0.30;394.41;21.01;1362;39;5167.00;575
13083;31;22095498;13083;552;14443;15018;4.93;0.30;394.42;21.01;1360;39;5168.00;575
13086;31;22095525;13086;546;14443;15018;4.93;0.30;394.46;21.01;1357;39;5169.00;575
13088;31;22095554;13088;536;14446;15022;4.94;0.30;394.48;21.01;1358;39;5170.00;576
13091;31;22095583;13091;537;14447;15022;4.95;0.30;394.52;21.02;1356;39;5171.00;575
13094;31;22095604;13094;528;14447;15022;4.97;0.30;394.60;21.02;1353;39;5172.00;575
13097;31;22095627;13097;523;14447;15022;5.02;0.31;394.60;21.02;1350;39;5173.00;575
13104;31;22095656;13104;521;14447;15023;5.03;0.31;394.67;21.02;1343;39;5174.00;576
13107;31;22095682;13107;514;14448;15025;5.06;0.31;394.65;21.02;1341;39;5175.00;577
13108;31;22095709;13108;512;14448;15025;5.06;0.31;394.68;21.02;1340;39;5176.00;577
13111;31;22095750;13111;504;14450;15026;5.07;0.31;394.67;21.10;1339;39;5177.00;576
13111;31;22095776;13111;502;14450;15026;5.08;0.31;394.67;21.10;1339;39;5178.00;576
13114;31;22095814;13114;493;14450;15026;5.08;0.31;394.72;21.10;1336;39;5179.00;576
13117;31;22095845;13117;493;14451;15026;5.02;0.31;394.68;21.11;1334;39;5180.00;575
13120;31;22095876;13120;493;14452;15026;4.99;0.30;394.68;21.19;1332;39;5181.00;574
13123;31;22095902;13123;483;14452;15026;4.95;0.30;394.72;21.19;1329;39;5182.00;574
13125;31;22095928;13125;474;14453;15026;4.95;0.30;394.69;21.27;1328;39;5183.00;573
13130;31;22095958;13130;498;14518;15153;4.99;0.31;394.73;21.18;1388;39;5184.00;635
13131;31;22096001;13131;480;14520;15154;5.05;0.31;394.79;21.17;1389;39;5185.00;634
13133;31;22096031;13133;478;14521;15154;5.06;0.31;394.83;21.17;1388;39;5186.00;633
13134;31;22096060;13134;478;14522;15154;5.06;0.31;394.84;21.17;1388;39;5187.00;632
13141;31;22096082;13141;481;14525;15154;5.03;0.31;394.99;21.17;1384;39;5188.00;629
13143;31;22096103;13143;481;14525;15154;5.04;0.31;395.01;21.17;1382;39;5189.00;629
13144;31;22096127;13144;482;14527;15154;5.08;0.31;395.01;21.17;1383;39;5190.00;627
13147;31;22096150;13147;487;14527;15154;5.06;0.31;395.13;21.17;1380;39;5191.00;627
13150;31;22096173;13150;493;14529;15155;5.04;0.31;395.23;21.16;1379;39;5192.00;626
13150;31;22096195;13150;499;14532;15156;5.10;0.31;395.23;21.16;1382;39;5193.00;624
13155;31;22096215;13155;501;14536;15156;5.07;0.31;395.34;21.16;1381;39;5194.00;620
13160;31;22096234;13160;505;14539;15157;5.04;0.31;395.42;21.16;1379;39;5195.00;618
13163;31;22096261;13163;506;14541;15157;4.99;0.31;395.41;21.15;1378;39;5196.00;616
13165;31;22096285;13165;508;14542;15157;4.98;0.30;395.41;21.15;1377;39;5197.00;615
13168;31;22096306;13168;518;14544;15157;4.96;0.30;395.39;21.15;1376;39;5198.00;613
13169;31;22096329;13169;515;14547;15161;4.98;0.30;395.39;21.15;1378;39;5199.00;614
13171;31;22096356;13171;527;14548;15161;4.96;0.30;395.37;21.15;1377;39;5200.00;613
13172;31;22096404;13172;522;14549;15161;4.94;0.30;395.37;21.15;1377;39;5201.00;612
13177;31;22096435;13177;540;14551;15164;4.91;0.30;395.44;21.15;1374;39;5202.00;613
13182;31;22096463;13182;543;14551;15164;4.87;0.30;395.44;21.15;1369;39;5203.00;613
13184;31;22096492;13184;550;14551;15164;4.87;0.30;395.46;21.15;1367;39;5204.00;613
13186;31;22096518;13186;543;14552;15168;4.87;0.30;395.50;21.14;1366;39;5205.00;616
13189;31;22096547;13189;552;14553;15169;4.86;0.30;395.50;21.14;1364;39;5206.00;616
13190;31;22096575;13190;555;14553;15169;4.86;0.30;395.52;21.14;1363;39;5207.00;616
13194;31;22096604;13194;561;14555;15173;4.85;0.30;395.62;21.14;1361;39;5208.00;618
13196;31;22096633;13196;563;14555;15173;4.83;0.29;395.68;21.14;1359;39;5209.00;618
13200;31;22096658;13200;565;14556;15173;4.80;0.29;395.78;21.14;1356;39;5210.00;617
13202;31;22096679;13202;573;14556;15174;4.78;0.29;395.80;21.14;1354;39;5211.00;618
13204;31;22096700;13204;577;14556;15174;4.74;0.29;395.92;21.14;1352;39;5212.00;618
13205;31;22096720;13205;585;14559;15180;4.75;0.29;395.92;21.14;1354;39;5213.00;621
13207;31;22096740;13207;592;14559;15180;4.67;0.28;395.96;21.14;1352;39;5214.00;621
13210;31;22096761;13210;602;14559;15180;4.61;0.28;396.04;21.14;1349;39;5215.00;621
13212;31;22096782;13212;612;14559;15181;4.55;0.28;396.01;21.14;1347;39;5216.00;622
13215;31;22096800;13215;612;14559;15181;4.50;0.27;396.04;21.14;1344;39;5217.00;622
13217;31;22096819;13217;620;14559;15181;4.46;0.27;396.12;21.14;1342;39;5218.00;622
13221;31;22096839;13221;618;14559;15181;4.39;0.27;396.13;21.14;1338;39;5219.00;622
13224;31;22096861;13224;618;14577;15217;4.43;0.27;396.10;21.11;1353;39;5220.00;640
13226;31;22096883;13226;624;14579;15217;4.38;0.27;396.06;21.11;1353;39;5221.00;638
13229;31;22096901;13229;624;14579;15217;4.34;0.27;396.05;21.11;1350;39;5222.00;638
13230;31;22096919;13230;618;14579;15217;4.30;0.26;396.12;21.11;1349;39;5223.00;638
13231;31;22096946;13231;615;14579;15217;4.25;0.26;396.11;21.11;1348;39;5224.00;638
13232;31;22096966;13232;605;14579;15217;4.20;0.26;396.13;21.11;1347;39;5225.00;638
13235;31;22096988;13235;604;14580;15221;4.16;0.26;396.20;21.10;1345;39;5226.00;641
13236;31;22097013;13236;603;14580;15221;4.15;0.26;396.18;21.10;1344;39;5227.00;641
13239;31;22097036;13239;593;14582;15225;4.16;0.26;396.13;21.10;1343;39;5228.00;643
13242;31;22097065;13242;596;14582;15226;4.13;0.25;396.07;21.10;1340;39;5229.00;644
13243;31;22097088;13243;598;14582;15226;4.11;0.25;396.06;21.10;1339;39;5230.00;644
13245;31;22097106;13245;603;14582;15226;4.10;0.25;396.01;21.10;1337;39;5231.00;644
13250;31;22097124;13250;603;14592;15239;4.10;0.25;395.96;21.09;1342;39;5232.00;647
13253;31;22097145;13253;606;14592;15239;4.08;0.25;396.01;21.09;1339;39;5233.00;647
13256;31;22097162;13256;612;14592;15239;4.07;0.25;395.99;21.09;1336;39;5234.00;647
13256;31;22097179;13256;610;14593;15240;4.10;0.25;395.99;21.09;1337;39;5235.00;647
13259;31;22097197;13259;607;14593;15241;4.07;0.25;395.95;21.09;1334;39;5236.00;648
13260;31;22097219;13260;608;14593;15241;4.07;0.25;395.94;21.09;1333;39;5237.00;648
13265;31;22097237;13265;614;14594;15244;4.04;0.25;395.91;21.08;1329;39;5238.00;650
13266;31;22097258;13266;618;14595;15244;4.02;0.25;395.88;21.09;1329;39;5239.00;649
13270;31;22097281;13270;622;14595;15244;3.96;0.24;395.87;21.09;1325;39;5240.00;649
13270;31;22097302;13270;625;14595;15244;3.91;0.24;395.87;21.09;1325;39;5241.00;649
13273;31;22097328;13273;633;14598;15250;3.87;0.24;395.89;21.08;1325;39;5242.00;652
13274;31;22097356;13274;646;14598;15250;3.82;0.23;395.88;21.08;1324;39;5243.00;652
13277;31;22097373;13277;640;14598;15250;3.72;0.23;395.88;21.08;1321;39;5244.00;652
13279;31;22097391;13279;639;14600;15250;3.62;0.22;395.85;21.08;1321;39;5245.00;650
13281;31;22097413;13281;639;14601;15254;3.52;0.21;395.82;21.08;1320;39;5246.00;653
13283;31;22097429;13283;646;14601;15255;3.41;0.21;395.78;21.08;1318;39;5247.00;654
13287;31;22097444;13287;638;14601;15255;3.29;0.20;395.70;21.08;1314;39;5248.00;654
13290;31;22097462;13290;637;14602;15256;3.20;0.20;395.66;21.08;1312;39;5249.00;654
13292;31;22097480;13292;613;14602;15256;3.18;0.19;395.73;21.08;1310;39;5250.00;654
13295;31;22097498;13295;602;14602;15256;3.21;0.20;395.77;21.08;1307;39;5251.00;654
13297;31;22097515;13297;596;14602;15256;3.25;0.20;395.78;21.08;1305;39;5252.00;654
13299;31;22097534;13299;592;14602;15256;3.28;0.20;395.75;21.08;1303;39;5253.00;654
13299;31;22097551;13299;575;14602;15256;3.37;0.21;395.75;21.08;1303;39;5254.00;654
13302;31;22097567;13302;575;14602;15256;3.46;0.21;395.78;21.08;1300;39;5255.00;654
13305;31;22097584;13305;579;14631;15326;3.72;0.23;395.77;21.04;1326;39;5256.00;695
13307;31;22097617;13307;568;14634;15327;3.83;0.24;395.77;21.04;1327;39;5257.00;693
13308;31;22097639;13308;551;14640;15327;3.96;0.24;395.78;21.03;1332;39;5258.00;687
13309;31;22097661;13309;539;14642;15327;4.04;0.25;395.78;21.03;1333;39;5259.00;685
13312;31;22097681;13312;532;14644;15327;4.09;0.25;395.80;21.02;1332;39;5260.00;683
13313;31;22097701;13313;527;14644;15327;4.12;0.25;395.80;21.02;1331;39;5261.00;683
13314;31;22097721;13314;525;14646;15327;4.14;0.25;395.78;21.02;1332;39;5262.00;681
13316;31;22097746;13316;505;14649;15327;4.16;0.25;395.79;21.02;1333;39;5263.00;678
13318;31;22097770;13318;505;14652;15328;4.22;0.26;395.80;21.03;1334;39;5264.00;676
13320;31;22097790;13320;496;14654;15330;4.28;0.26;395.78;21.03;1334;39;5265.00;676
13323;31;22097811;13323;500;14656;15330;4.32;0.26;395.79;21.03;1333;39;5266.00;674
13325;31;22097833;13325;495;14657;15334;4.33;0.26;395.79;21.03;1332;39;5267.00;677
13329;31;22097857;13329;498;14658;15334;4.34;0.26;395.72;21.04;1329;39;5268.00;676
13333;31;22097876;13333;496;14659;15334;4.33;0.26;395.72;21.04;1326;39;5269.00;675
13337;31;22097895;13337;501;14660;15334;4.30;0.26;395.66;21.06;1323;39;5270.00;674
13339;31;22097922;13339;499;14663;15340;4.33;0.26;395.67;21.05;1324;39;5271.00;677
13345;31;22097943;13345;493;14663;15340;4.34;0.26;395.66;21.05;1318;39;5272.00;677
13349;31;22097963;13349;492;14664;15340;4.38;0.27;395.65;21.07;1315;39;5273.00;676
13353;31;22097990;13353;481;14666;15343;4.43;0.27;395.69;21.15;1313;39;5274.00;677
13356;31;22098018;13356;474;14668;15343;4.45;0.27;395.70;21.18;1312;39;5275.00;675
13360;31;22098037;13360;465;14669;15343;4.44;0.27;395.78;21.20;1309;39;5276.00;674
13362;31;22098062;13362;466;14670;15344;4.49;0.27;395.79;21.21;1308;39;5277.00;674
13367;31;22098080;13367;462;14672;15345;4.53;0.28;395.83;21.21;1305;39;5278.00;673
13369;31;22098098;13369;467;14673;15345;4.54;0.28;395.80;21.23;1304;39;5279.00;672
13373;31;22098121;13373;476;14692;15371;4.60;0.28;395.88;21.21;1319;39;5280.00;679
13378;31;22098150;13378;467;14694;15371;4.57;0.28;395.91;21.21;1316;39;5281.00;677
13381;31;22098171;13381;461;14699;15371;4.61;0.28;395.96;21.24;1318;39;5282.00;672
13382;31;22098199;13382;456;14701;15372;4.63;0.28;395.94;21.25;1319;39;5283.00;671
13384;31;22098219;13384;455;14702;15372;4.65;0.28;395.97;21.26;1318;39;5284.00;670
13386;31;22098241;13386;453;14707;15376;4.66;0.28;395.96;21.28;1321;39;5285.00;669
13390;31;22098263;13390;448;14710;15376;4.62;0.28;396.06;21.30;1320;39;5286.00;666
13392;31;22098285;13392;440;14713;15379;4.62;0.28;396.07;21.31;1321;39;5287.00;666
13395;31;22098310;13395;439;14716;15380;4.62;0.28;396.12;21.41;1321;39;5288.00;664
13398;31;22098331;13398;445;14720;15380;4.61;0.28;396.11;21.44;1322;39;5289.00;660
13400;31;22098350;13400;448;14722;15380;4.62;0.28;396.16;21.46;1322;39;5290.00;658
13403;31;22098368;13403;448;14723;15380;4.61;0.28;396.22;21.46;1320;39;5291.00;657
13407;31;22098395;13407;450;14732;15392;4.65;0.28;396.36;21.45;1325;39;5292.00;660
13408;31;22098417;13408;451;14735;15392;4.66;0.28;396.48;21.46;1327;39;5293.00;657
13410;31;22098435;13410;456;14737;15392;4.66;0.28;396.49;21.48;1327;39;5294.00;655
13414;31;22098455;13414;456;14739;15392;4.64;0.28;396.63;21.49;1325;39;5295.00;653
13417;31;22098477;13417;470;14741;15392;4.64;0.28;396.76;21.50;1324;39;5296.00;651
13420;31;22098501;13420;469;14742;15392;4.60;0.28;396.85;21.52;1322;39;5297.00;650
13423;31;22098520;13423;460;14744;15393;4.56;0.28;396.88;21.53;1321;39;5298.00;649
13425;31;22098540;13425;462;14745;15393;4.54;0.28;396.95;21.54;1320;39;5299.00;648
13427;31;22098562;13427;469;14751;15399;4.53;0.28;397.00;21.54;1324;39;5300.00;648
13429;31;22098597;13429;465;14752;15400;4.57;0.28;397.08;21.55;1323;39;5301.00;648
13431;31;22098616;13431;471;14756;15400;4.60;0.28;397.21;21.65;1325;39;5302.00;644
13434;31;22098635;13434;474;14758;15400;4.65;0.28;397.37;21.67;1324;39;5303.00;642
13436;31;22098656;13436;470;14762;15404;4.71;0.29;397.35;21.67;1326;39;5304.00;642
13437;31;22098690;13437;466;14764;15404;4.76;0.29;397.37;21.69;1327;39;5305.00;640
13439;31;22098711;13439;460;14764;15404;4.82;0.30;397.41;21.69;1325;39;5306.00;640
13440;31;22098732;13440;462;14767;15405;4.87;0.30;397.45;21.71;1327;39;5307.00;638
13442;31;22098752;13442;455;14770;15409;4.96;0.30;397.57;21.71;1328;39;5308.00;639
13445;31;22098771;13445;457;14771;15409;4.98;0.30;397.65;21.80;1326;39;5309.00;638
13447;31;22098794;13447;459;14776;15415;4.99;0.31;397.76;21.82;1329;39;5310.00;639
13447;31;22098816;13447;458;14779;15415;5.00;0.31;397.76;22.17;1332;40;5311.00;636
13452;31;22098856;13452;461;14781;15415;5.00;0.31;397.86;22.25;1329;40;5312.00;634
13453;31;22098877;13453;468;14782;15415;5.03;0.31;397.95;22.26;1329;40;5313.00;633
13457;31;22098896;13457;476;14786;15419;5.02;0.31;398.02;22.27;1329;40;5314.00;633
13458;31;22098919;13458;478;14788;15419;5.04;0.31;398.06;22.37;1330;40;5315.00;631
13460;31;22098940;13460;482;14789;15419;5.00;0.31;398.07;22.38;1329;40;5316.00;630
13464;31;22098960;13464;479;14791;15419;4.99;0.31;398.09;22.47;1327;40;5317.00;628
13466;31;22098981;13466;477;14792;15420;4.94;0.30;398.21;22.48;1326;41;5318.00;628
13472;31;22099011;13472;480;14793;15421;4.89;0.30;398.27;22.49;1321;41;5319.00;628
13475;31;22099034;13475;474;14793;15421;4.87;0.30;398.25;22.49;1318;41;5320.00;628
13478;31;22099054;13478;472;14797;15422;4.85;0.30;398.35;22.59;1319;41;5321.00;625
13482;31;22099075;13482;468;14797;15422;4.82;0.29;398.32;22.59;1315;41;5322.00;625
13487;31;22099099;13487;479;14799;15422;4.82;0.29;398.49;22.61;1312;41;5323.00;623
13489;31;22099119;13489;470;14800;15422;4.86;0.30;398.52;22.69;1311;41;5324.00;622
13494;31;22099139;13494;470;14801;15422;4.89;0.30;398.61;22.70;1307;41;5325.00;621
13494;31;22099158;13494;472;14802;15422;4.91;0.30;398.61;22.71;1308;41;5326.00;620
13497;31;22099179;13497;464;14803;15422;4.94;0.30;398.71;22.72;1306;41;5327.00;619
13499;31;22099200;13499;502;14876;15549;5.05;0.31;398.79;22.61;1377;41;5328.00;673
13503;31;22099234;13503;490;14877;15550;5.06;0.31;398.82;22.62;1374;41;5329.00;673
13505;31;22099255;13505;480;14882;15550;5.13;0.32;398.82;22.70;1377;41;5330.00;668
13511;31;22099274;13511;474;14885;15550;5.16;0.32;398.85;22.70;1374;41;5331.00;665
13514;31;22099299;13514;474;14889;15550;5.17;0.32;398.87;22.72;1375;41;5332.00;661
13516;31;22099321;13516;480;14890;15550;5.16;0.32;398.89;22.72;1374;41;5333.00;660
13518;31;22099340;13518;493;14894;15550;5.15;0.32;398.90;22.81;1376;41;5334.00;656
13519;31;22099362;13519;504;14895;15550;5.14;0.32;398.90;22.81;1376;41;5335.00;655
13521;31;22099381;13521;499;14899;15551;5.15;0.32;398.91;22.89;1378;41;5336.00;652
13522;31;22099401;13522;502;14901;15552;5.08;0.31;398.90;22.90;1379;41;5337.00;651
13524;31;22099420;13524;505;14902;15552;5.04;0.31;398.88;22.90;1378;41;5338.00;650
13524;31;22099438;13524;511;14904;15553;5.02;0.31;398.88;22.91;1380;41;5339.00;649
13526;31;22099461;13526;510;14906;15553;5.01;0.31;398.92;22.92;1380;41;5340.00;647
13530;31;22099482;13530;504;14909;15553;4.99;0.31;398.95;22.99;1379;41;5341.00;644
13530;31;22099501;13530;509;14911;15553;5.02;0.31;398.95;23.00;1381;41;5342.00;642
13532;31;22099521;13532;500;14916;15557;5.02;0.31;398.94;23.02;1384;41;5343.00;641
13534;31;22099542;13534;491;14918;15557;5.00;0.31;398.90;23.02;1384;41;5344.00;639
13534;31;22099563;13534;484;14918;15557;5.02;0.31;398.90;23.02;1384;41;5345.00;639
13537;31;22099585;13537;480;14919;15560;5.05;0.31;398.92;23.02;1382;41;5346.00;641
13539;31;22099608;13539;476;14920;15560;5.03;0.31;398.95;23.03;1381;41;5347.00;640
13539;31;22099630;13539;471;14920;15560;5.05;0.31;398.95;23.03;1381;41;5348.00;640
13542;31;22099651;13542;470;14923;15564;5.09;0.31;399.00;23.04;1381;41;5349.00;641
13542;31;22099678;13542;461;14924;15565;5.12;0.31;399.00;23.04;1382;41;5350.00;641
13548;31;22099699;13548;459;14925;15565;5.10;0.31;399.14;23.05;1377;41;5351.00;640
13553;31;22099731;13553;459;14929;15569;5.08;0.31;399.11;23.05;1376;41;5352.00;640
13556;31;22099755;13556;464;14931;15569;5.06;0.31;399.10;23.06;1375;41;5353.00;638
13558;31;22099779;13558;462;14932;15569;5.05;0.31;399.14;23.06;1374;42;5354.00;637
13560;31;22099812;13560;463;14938;15571;5.04;0.31;399.16;23.31;1378;42;5355.00;633
13563;31;22099834;13563;472;14938;15571;5.03;0.31;399.30;23.31;1375;42;5356.00;633
13567;31;22099862;13567;466;14943;15577;4.99;0.31;399.33;23.31;1376;42;5357.00;634
13570;31;22099883;13570;473;14945;15577;4.94;0.30;399.43;23.39;1375;42;5358.00;632
13573;31;22099909;13573;478;14946;15577;4.90;0.30;399.43;23.40;1373;42;5359.00;631
13576;31;22099931;13576;492;14946;15578;4.85;0.30;399.52;23.40;1370;42;5360.00;632
13579;31;22099953;13579;491;14947;15578;4.78;0.29;399.65;23.47;1368;42;5361.00;631
13580;31;22099977;13580;497;14948;15578;4.73;0.29;399.72;23.48;1368;42;5362.00;630
13582;31;22099998;13582;501;14948;15578;4.64;0.29;399.69;23.48;1366;42;5363.00;630
13584;31;22100023;13584;501;14957;15590;4.61;0.28;399.67;23.54;1373;42;5364.00;633
13589;31;22100053;13589;502;14958;15590;4.54;0.28;399.71;23.54;1369;42;5365.00;632
13593;31;22100075;13593;508;14961;15590;4.53;0.28;399.86;23.56;1368;42;5366.00;629
13599;31;22100099;13599;510;14962;15590;4.49;0.27;399.85;23.57;1363;42;5367.00;628
13601;31;22100125;13601;516;14962;15590;4.50;0.27;399.87;23.57;1361;42;5368.00;628
13604;31;22100148;13604;513;14964;15590;4.46;0.27;399.93;23.59;1360;42;5369.00;626
13604;31;22100174;13604;506;14967;15594;4.50;0.27;399.93;23.58;1363;42;5370.00;627
13605;31;22100195;13605;508;14967;15594;4.49;0.27;399.91;23.58;1362;42;5371.00;627
13606;31;22100221;13606;513;14970;15598;4.52;0.28;399.91;23.59;1364;42;5372.00;628
13608;31;22100247;13608;509;14971;15599;4.49;0.27;399.92;23.60;1363;42;5373.00;628
13609;31;22100271;13609;521;14971;15599;4.51;0.28;399.99;23.60;1362;42;5374.00;628
13612;31;22100290;13612;519;14971;15599;4.47;0.27;400.00;23.60;1359;42;5375.00;628
13615;31;22100312;13615;529;14982;15612;4.45;0.27;400.02;23.58;1367;42;5376.00;630
13616;31;22100333;13616;536;14982;15612;4.47;0.27;400.00;23.58;1366;42;5377.00;630
13618;31;22100352;13618;540;14982;15612;4.47;0.28;399.96;23.58;1364;42;5378.00;630
13621;31;22100373;13621;549;14984;15613;4.45;0.27;399.92;23.70;1363;42;5379.00;629
13625;31;22100394;13625;561;14984;15614;4.45;0.27;399.90;23.70;1359;42;5380.00;630
13628;31;22100413;13628;560;14985;15614;4.42;0.27;399.92;23.82;1357;42;5381.00;629
13630;31;22100432;13630;564;14986;15617;4.37;0.27;399.89;23.81;1356;42;5382.00;631
13632;31;22100452;13632;575;14986;15617;4.36;0.27;399.90;23.81;1354;42;5383.00;631
13636;31;22100472;13636;581;14986;15617;4.33;0.27;399.87;23.81;1350;42;5384.00;631
13637;31;22100491;13637;587;14987;15617;4.30;0.26;399.87;23.93;1350;42;5385.00;630
13640;31;22100523;13640;587;14991;15623;4.28;0.26;399.83;23.93;1351;42;5386.00;632
13641;31;22100548;13641;594;14991;15623;4.24;0.26;399.82;23.93;1350;42;5387.00;632
13643;31;22100568;13643;600;14992;15623;4.19;0.26;399.88;24.05;1349;42;5388.00;631
13647;31;22100590;13647;598;14992;15623;4.15;0.25;399.86;24.05;1345;42;5389.00;631
13649;31;22100613;13649;609;14995;15627;4.11;0.25;399.82;24.04;1346;42;5390.00;632
13651;31;22100636;13651;608;14995;15628;4.05;0.25;399.77;24.04;1344;42;5391.00;633
13652;31;22100657;13652;616;14996;15628;4.02;0.25;399.74;24.16;1344;42;5392.00;632
13652;31;22100677;13652;621;14997;15629;3.99;0.24;399.74;24.16;1345;42;5393.00;632
13656;31;22100695;13656;624;14997;15629;3.94;0.24;399.71;24.16;1341;42;5394.00;632
13658;31;22100714;13658;628;14997;15629;3.88;0.24;399.73;24.16;1339;42;5395.00;632
13659;31;22100733;13659;631;14997;15629;3.83;0.23;399.72;24.16;1338;42;5396.00;632
13662;31;22100751;13662;639;14997;15629;3.78;0.23;399.71;24.16;1335;42;5397.00;632
13663;31;22100778;13663;640;14997;15629;3.72;0.23;399.69;24.16;1334;42;5398.00;632
13665;31;22100797;13665;640;14997;15629;3.69;0.23;399.69;24.16;1332;42;5399.00;632
