step_arrived;step_collisions;step_duration;step_ended;step_halting;step_inserted;step_loaded;step_meanSpeed;step_meanSpeedRelative;step_meanTravelTime;step_meanWaitingTime;step_running;step_teleports;step_time;step_waiting
0;0;21741182;0;1;88;245;16.12;1.13;-1.00;0.00;88;0;0.00;157
0;0;21741212;0;0;102;245;15.43;1.06;-1.00;0.14;102;0;1.00;143
0;0;21741214;0;1;124;245;14.61;0.99;-1.00;0.47;124;0;2.00;121
0;0;21741215;0;1;137;245;13.78;0.93;-1.00;0.71;137;0;3.00;108
0;0;21741216;0;3;152;245;12.61;0.84;-1.00;1.03;152;0;4.00;93
0;0;21741217;0;5;158;245;11.75;0.78;-1.00;1.18;158;0;5.00;87
0;0;21741219;0;8;172;245;10.71;0.71;-1.00;1.58;172;0;6.00;73
0;0;21741220;0;12;178;245;10.22;0.68;-1.00;1.76;178;0;7.00;67
0;0;21741222;0;19;187;246;9.69;0.64;-1.00;2.06;187;0;8.00;59
0;0;21741225;0;22;194;247;9.34;0.62;-1.00;2.31;194;0;9.00;53
0;0;21741228;0;25;203;247;9.02;0.59;-1.00;2.65;203;0;10.00;44
0;0;21741230;0;25;207;248;8.79;0.58;-1.00;2.76;207;0;11.00;41
2;0;21741233;2;30;211;248;8.51;0.56;12.00;2.94;209;0;12.00;37
2;0;21741235;2;33;215;248;8.35;0.54;12.00;3.13;213;0;13.00;33
2;0;21741237;2;39;216;248;8.37;0.55;12.00;3.18;214;0;14.00;32
2;0;21741239;2;43;221;252;8.23;0.53;12.00;3.32;219;0;15.00;31
2;0;21741244;2;47;226;252;8.13;0.52;12.00;3.50;224;0;16.00;26
2;0;21741247;2;49;227;252;8.05;0.51;12.00;3.56;225;0;17.00;25
2;0;21741249;2;58;235;255;7.89;0.50;12.00;3.92;233;0;18.00;20
2;0;21741252;2;62;235;255;7.85;0.50;12.00;3.92;233;0;19.00;20
3;0;21741255;3;66;235;255;7.94;0.51;14.67;3.92;232;0;20.00;20
4;0;21741258;4;72;241;259;8.04;0.51;16.25;4.01;237;0;21.00;18
5;0;21741263;5;75;243;260;8.04;0.51;17.40;4.07;238;0;22.00;17
6;0;21741266;6;78;247;260;7.99;0.50;18.17;4.38;241;0;23.00;13
6;0;21741269;6;82;250;264;8.04;0.51;18.17;4.33;244;0;24.00;14
6;0;21741281;6;85;252;264;8.14;0.51;18.17;4.49;246;0;25.00;12
6;0;21741284;6;87;253;264;8.27;0.52;18.17;4.48;247;0;26.00;11
6;0;21741287;6;88;255;265;8.42;0.53;18.17;4.59;249;0;27.00;10
6;0;21741290;6;90;255;265;8.52;0.53;18.17;4.59;249;0;28.00;10
6;0;21741296;6;93;260;271;8.57;0.53;18.17;4.52;254;0;29.00;11
6;0;21741301;6;93;262;271;8.57;0.53;18.17;4.71;256;0;30.00;9
7;0;21741304;7;93;263;272;8.44;0.53;19.57;4.70;256;0;31.00;9
7;0;21741309;7;94;263;272;8.55;0.53;19.57;4.70;256;0;32.00;9
8;0;21741313;8;99;265;272;8.54;0.53;21.25;4.81;257;0;33.00;7
9;0;21741316;9;103;267;272;8.57;0.53;22.67;4.99;258;0;34.00;5
10;0;21741319;10;104;267;272;8.49;0.52;23.30;4.99;257;0;35.00;5
10;0;21741322;10;107;277;284;8.70;0.54;23.30;4.88;267;0;36.00;7
10;0;21741329;10;110;277;284;8.68;0.54;23.30;4.88;267;0;37.00;7
11;0;21741332;11;111;280;284;8.73;0.54;24.64;4.88;269;0;38.00;4
13;0;21741335;13;113;280;284;8.62;0.53;26.15;4.88;267;0;39.00;4
15;0;21741338;15;114;281;284;8.54;0.53;27.67;4.88;266;0;40.00;3
15;0;21741343;15;117;281;284;8.40;0.52;27.67;4.88;266;0;41.00;3
15;0;21741347;15;120;285;288;8.31;0.52;27.67;4.82;270;0;42.00;3
15;0;21741351;15;125;285;288;8.08;0.50;27.67;4.82;270;0;43.00;3
15;0;21741353;15;130;289;292;8.05;0.50;27.67;4.77;274;0;44.00;3
16;0;21741357;16;136;291;294;7.92;0.49;28.75;4.74;275;0;45.00;3
18;0;21741362;18;137;291;294;7.68;0.48;29.00;4.74;273;0;46.00;3
18;0;21741365;18;137;291;294;7.60;0.48;29.00;4.74;273;0;47.00;3
19;0;21741368;19;142;302;307;7.92;0.49;29.63;4.56;283;0;48.00;5
19;0;21741372;19;145;302;307;7.84;0.49;29.63;4.56;283;0;49.00;5
19;0;21741376;19;147;302;307;7.70;0.48;29.63;4.56;283;0;50.00;5
19;0;21741380;19;146;303;308;7.64;0.48;29.63;4.55;284;0;51.00;5
19;0;21741383;19;147;304;309;7.55;0.47;29.63;4.54;285;0;52.00;5
20;0;21741387;20;150;304;309;7.46;0.47;30.75;4.54;284;0;53.00;5
20;0;21741390;20;152;306;312;7.46;0.47;30.75;4.51;286;0;54.00;6
22;0;21741395;22;154;306;312;7.23;0.45;31.23;4.51;284;0;55.00;6
27;0;21741398;27;144;307;312;7.12;0.44;34.04;4.50;280;0;56.00;5
27;0;21741402;27;140;307;312;7.09;0.44;34.04;4.50;280;0;57.00;5
27;0;21741405;27;144;313;318;7.16;0.44;34.04;4.43;286;0;58.00;5
28;0;21741411;28;146;313;318;7.10;0.43;34.93;4.43;285;0;59.00;5
28;0;21741416;28;146;313;318;7.11;0.44;34.93;4.43;285;0;60.00;5
28;0;21741419;28;148;313;318;7.09;0.43;34.93;4.43;285;0;61.00;5
28;0;21741421;28;151;317;322;7.14;0.44;34.93;4.39;289;0;62.00;5
29;0;21741425;29;154;318;323;7.27;0.45;35.90;4.38;289;0;63.00;5
32;0;21741430;32;154;318;323;7.30;0.45;36.94;4.38;286;0;64.00;5
32;0;21741433;32;155;319;324;7.49;0.46;36.94;4.37;287;0;65.00;5
33;0;21741436;33;157;319;324;7.57;0.46;37.82;4.37;286;0;66.00;5
33;0;21741439;33;149;319;324;7.67;0.47;37.82;4.37;286;0;67.00;5
33;0;21741443;33;144;319;324;7.79;0.47;37.82;4.37;286;0;68.00;5
34;0;21741447;34;138;319;324;7.87;0.48;38.74;4.37;285;0;69.00;5
34;0;21741450;34;134;319;324;8.03;0.49;38.74;4.37;285;0;70.00;5
35;0;21741452;35;130;319;324;8.16;0.49;39.43;4.37;284;0;71.00;5
35;0;21741455;35;133;353;394;8.35;0.51;39.43;3.95;318;0;72.00;41
35;0;21741466;35;127;354;395;8.48;0.52;39.43;3.94;319;0;73.00;41
35;0;21741469;35;122;361;395;8.81;0.54;39.43;3.90;326;0;74.00;34
36;0;21741473;36;121;365;395;9.05;0.55;40.42;3.89;329;0;75.00;30
36;0;21741478;36;118;367;395;9.26;0.57;40.42;3.89;331;0;76.00;28
37;0;21741489;37;118;369;395;9.40;0.57;40.84;3.90;332;0;77.00;26
38;0;21741494;38;118;371;395;9.41;0.57;41.82;3.91;333;0;78.00;24
39;0;21741498;39;120;373;395;9.40;0.57;42.31;3.92;334;0;79.00;22
39;0;21741509;39;121;376;396;9.41;0.57;42.31;3.96;337;0;80.00;20
39;0;21741514;39;119;377;397;9.33;0.57;42.31;3.97;338;0;81.00;20
39;0;21741518;39;121;379;397;9.33;0.57;42.31;4.00;340;0;82.00;18
39;0;21741521;39;127;385;401;9.34;0.57;42.31;3.99;346;0;83.00;16
41;0;21741527;41;134;386;401;9.25;0.56;44.34;3.99;345;0;84.00;15
41;0;21741532;41;133;386;401;9.14;0.56;44.34;3.99;345;0;85.00;15
42;0;21741536;42;132;386;401;8.95;0.54;45.31;3.99;344;0;86.00;15
42;0;21741540;42;134;391;407;8.79;0.54;45.31;3.95;349;0;87.00;16
43;0;21741546;43;135;391;407;8.63;0.53;46.30;3.95;348;0;88.00;16
46;0;21741550;46;138;391;407;8.42;0.51;49.09;3.95;345;0;89.00;16
47;0;21741556;47;136;395;413;8.32;0.51;49.96;3.91;348;0;90.00;18
48;0;21741563;48;137;395;413;8.29;0.51;50.81;3.91;347;0;91.00;18
48;0;21741567;48;135;397;413;8.41;0.51;50.81;3.90;349;0;92.00;16
49;0;21741570;49;134;398;414;8.35;0.51;51.67;3.89;349;0;93.00;16
49;0;21741574;49;134;399;415;8.38;0.51;51.67;3.88;350;0;94.00;16
50;0;21741580;50;131;399;415;8.36;0.51;52.46;3.88;349;0;95.00;16
50;0;21741584;50;136;409;428;8.33;0.51;52.46;3.79;359;0;96.00;19
52;0;21741589;52;133;409;428;8.31;0.51;52.67;3.79;357;0;97.00;19
56;0;21741595;56;132;410;428;8.29;0.50;55.91;3.79;354;0;98.00;18
57;0;21741599;57;134;411;429;8.38;0.51;56.67;3.78;354;0;99.00;18
59;0;21741603;59;135;411;429;8.36;0.51;57.78;3.78;352;0;100.00;18
60;0;21741614;60;138;414;433;8.55;0.52;58.33;3.76;354;0;101.00;19
62;0;21741618;62;139;414;433;8.52;0.52;59.71;3.76;352;0;102.00;19
63;0;21741622;63;138;418;437;8.45;0.52;60.40;3.73;355;0;103.00;19
65;0;21741628;65;135;418;437;8.48;0.52;61.65;3.73;353;0;104.00;19
65;0;21741632;65;132;418;437;8.62;0.53;61.65;3.73;353;0;105.00;19
66;0;21741636;66;125;418;437;8.76;0.54;62.32;3.73;352;0;106.00;19
68;0;21741640;68;119;418;437;8.80;0.54;63.54;3.73;350;0;107.00;19
68;0;21741647;68;109;429;449;9.01;0.55;63.54;3.63;361;0;108.00;20
68;0;21741653;68;103;430;449;9.20;0.56;63.54;3.63;362;0;109.00;19
68;0;21741657;68;99;432;449;9.33;0.57;63.54;3.79;364;0;110.00;17
69;0;21741665;69;96;432;449;9.50;0.58;64.19;3.79;363;0;111.00;17
69;0;21741669;69;98;432;449;9.64;0.59;64.19;3.79;363;0;112.00;17
69;0;21741675;69;92;432;449;9.83;0.60;64.19;3.79;363;0;113.00;17
71;0;21741682;71;88;433;450;9.93;0.61;65.59;3.78;362;0;114.00;17
71;0;21741687;71;83;433;450;10.01;0.61;65.59;3.78;362;0;115.00;17
72;0;21741693;72;76;438;456;10.20;0.62;66.29;3.75;366;0;116.00;18
74;0;21741703;74;72;438;457;10.26;0.62;67.61;3.75;364;0;117.00;19
75;0;21741712;75;68;439;457;10.24;0.62;68.25;3.74;364;0;118.00;18
75;0;21741720;75;69;439;457;10.31;0.63;68.25;3.74;364;0;119.00;18
76;0;21741730;76;69;443;462;10.49;0.64;68.86;3.71;367;0;120.00;19
76;0;21741737;76;69;443;462;10.62;0.65;68.86;3.71;367;0;121.00;19
76;0;21741748;76;68;443;462;10.64;0.65;68.86;3.71;367;0;122.00;19
76;0;21741754;76;71;445;463;10.70;0.65;68.86;3.97;369;0;123.00;18
76;0;21741762;76;71;449;467;10.80;0.66;68.86;3.94;373;0;124.00;18
80;0;21741772;80;72;451;467;10.83;0.66;71.61;4.32;371;0;125.00;16
81;0;21741781;81;75;453;470;11.06;0.67;72.23;4.30;372;0;126.00;17
81;0;21741788;81;77;455;470;11.24;0.68;72.23;4.56;374;0;127.00;15
81;0;21741798;81;81;457;470;11.27;0.69;72.23;4.79;376;0;128.00;13
82;0;21741805;82;82;457;470;11.35;0.69;72.49;4.79;375;0;129.00;13
83;0;21741815;83;85;462;474;11.49;0.70;73.14;5.00;379;0;130.00;12
87;0;21741821;87;88;464;474;11.57;0.70;75.21;5.33;377;0;131.00;10
89;0;21741829;89;91;466;474;11.52;0.70;76.07;5.54;377;0;132.00;8
90;0;21741835;90;91;467;474;11.56;0.70;76.69;5.66;377;0;133.00;7
90;0;21741842;90;90;470;475;11.48;0.70;76.69;5.73;380;0;134.00;5
92;0;21741849;92;93;473;477;11.36;0.69;77.95;5.83;381;0;135.00;4
93;0;21741855;93;92;473;477;11.39;0.69;78.38;5.83;380;0;136.00;4
95;0;21741862;95;93;475;478;11.36;0.69;78.85;5.89;380;0;137.00;3
98;0;21741868;98;97;476;478;11.34;0.69;79.93;5.90;378;0;138.00;2
98;0;21741875;98;99;477;478;11.33;0.69;79.93;5.98;379;0;139.00;1
99;0;21741885;99;101;477;478;11.33;0.69;80.54;5.98;378;0;140.00;1
102;0;21741893;102;102;477;478;11.27;0.69;81.80;5.98;375;0;141.00;1
102;0;21741901;102;101;478;478;11.27;0.69;81.80;6.01;376;0;142.00;0
103;0;21741910;103;100;478;478;11.33;0.69;82.08;6.01;375;0;143.00;0
104;0;21741917;104;121;552;605;10.97;0.69;82.67;5.21;448;0;144.00;53
104;0;21741936;104;115;559;606;10.82;0.68;82.67;5.16;455;0;145.00;47
104;0;21741944;104;112;566;606;10.85;0.68;82.67;5.12;462;0;146.00;40
106;0;21741951;106;115;566;606;10.75;0.67;83.41;5.12;460;0;147.00;40
107;0;21741958;107;120;571;606;10.66;0.67;83.87;5.11;464;0;148.00;35
108;0;21741967;108;116;571;606;10.47;0.66;84.46;5.11;463;0;149.00;35
110;0;21741975;110;114;576;611;10.30;0.64;84.54;5.10;466;0;150.00;35
113;0;21741986;113;110;578;611;10.23;0.64;85.36;5.10;465;0;151.00;33
116;0;21741994;116;110;578;612;10.27;0.64;86.45;5.10;462;0;152.00;34
118;0;21742001;118;111;581;613;10.34;0.64;86.29;5.12;463;0;153.00;32
118;0;21742011;118;114;582;613;10.48;0.65;86.29;5.13;464;0;154.00;31
120;0;21742018;120;117;586;614;10.53;0.65;87.38;5.16;466;0;155.00;28
123;0;21742027;123;122;593;614;10.54;0.65;87.80;5.22;470;0;156.00;21
124;0;21742035;124;123;596;614;10.54;0.65;88.32;5.26;472;0;157.00;18
125;0;21742042;125;127;600;614;10.46;0.64;88.88;5.31;475;0;158.00;14
125;0;21742050;125;131;605;618;10.38;0.64;88.88;5.32;480;0;159.00;13
127;0;21742058;127;139;608;618;10.40;0.64;90.00;5.38;481;0;160.00;10
128;0;21742067;128;143;609;618;10.42;0.64;90.55;5.38;481;0;161.00;9
129;0;21742074;129;147;612;621;10.36;0.64;90.26;5.39;483;0;162.00;9
130;0;21742083;130;154;613;621;10.36;0.64;90.82;5.39;483;0;163.00;8
132;0;21742089;132;157;614;621;10.22;0.63;90.83;5.41;482;0;164.00;7
135;0;21742098;135;162;618;625;10.08;0.62;92.44;5.41;483;0;165.00;7
138;0;21742105;138;164;620;626;10.00;0.62;92.28;5.43;482;0;166.00;6
140;0;21742113;140;162;621;626;9.88;0.61;92.99;5.45;481;0;167.00;5
140;0;21742119;140;162;624;630;9.78;0.60;92.99;5.42;484;0;168.00;6
141;0;21742127;141;163;625;630;9.68;0.60;93.02;5.42;484;0;169.00;5
144;0;21742134;144;162;627;630;9.64;0.60;93.76;5.45;483;0;170.00;3
145;0;21742140;145;158;628;631;9.61;0.59;93.78;5.44;483;0;171.00;3
147;0;21742148;147;159;629;631;9.63;0.60;94.70;5.48;482;0;172.00;2
149;0;21742153;149;161;635;637;9.65;0.60;95.56;5.44;486;0;173.00;2
150;0;21742162;150;164;635;637;9.57;0.59;95.59;5.44;485;0;174.00;2
153;0;21742168;153;153;636;638;9.45;0.58;96.95;5.43;483;0;175.00;2
154;0;21742177;154;146;636;638;9.39;0.58;96.97;5.43;482;0;176.00;2
157;0;21742183;157;142;636;638;9.32;0.58;98.42;5.43;479;0;177.00;2
158;0;21742189;158;134;636;638;9.18;0.57;98.76;5.43;478;0;178.00;2
158;0;21742197;158;128;636;638;9.11;0.56;98.76;5.43;478;0;179.00;2
159;0;21742205;159;136;664;672;9.16;0.57;99.25;5.20;505;0;180.00;8
159;0;21742216;159;133;666;672;9.16;0.57;99.25;5.19;507;0;181.00;6
159;0;21742221;159;123;668;672;9.19;0.57;99.25;5.18;509;0;182.00;4
160;0;21742230;160;122;672;672;9.23;0.57;99.08;5.23;512;0;183.00;0
161;0;21742236;161;118;672;672;9.34;0.58;99.05;5.23;511;0;184.00;0
161;0;21742244;161;120;672;672;9.44;0.59;99.05;5.23;511;0;185.00;0
162;0;21742251;162;119;676;676;9.50;0.59;99.57;5.21;514;0;186.00;0
163;0;21742258;163;120;676;676;9.50;0.59;99.58;5.21;513;0;187.00;0
165;0;21742266;165;116;680;680;9.53;0.59;100.58;5.18;515;0;188.00;0
166;0;21742273;166;125;681;681;9.51;0.59;100.73;5.18;515;0;189.00;0
173;0;21742283;173;137;681;681;9.35;0.57;102.49;5.18;508;0;190.00;0
175;0;21742289;175;143;681;681;9.24;0.57;102.30;5.18;506;0;191.00;0
175;0;21742298;175;147;694;694;9.22;0.57;102.30;5.08;519;0;192.00;0
178;0;21742305;178;157;694;694;9.14;0.56;103.01;5.08;516;0;193.00;0
182;0;21742314;182;159;694;694;9.08;0.56;103.68;5.08;512;0;194.00;0
183;0;21742320;183;162;695;695;9.10;0.56;103.77;5.07;512;0;195.00;0
185;0;21742328;185;168;696;696;9.03;0.55;103.05;5.07;511;0;196.00;0
188;0;21742334;188;169;696;696;8.89;0.55;103.23;5.07;508;0;197.00;0
189;0;21742341;189;177;698;699;8.85;0.54;103.16;5.05;509;0;198.00;1
191;0;21742351;191;183;698;699;8.77;0.54;103.82;5.05;507;0;199.00;1
192;0;21742358;192;184;699;699;8.63;0.53;103.93;5.05;507;0;200.00;0
193;0;21742370;193;187;699;699;8.49;0.52;103.68;5.05;506;0;201.00;0
195;0;21742378;195;192;705;705;8.42;0.52;103.43;5.01;510;0;202.00;0
201;0;21742385;201;193;705;705;8.27;0.51;103.80;5.01;504;0;203.00;0
204;0;21742393;204;203;705;705;8.11;0.50;103.89;5.01;501;0;204.00;0
204;0;21742400;204;209;705;705;7.97;0.49;103.89;5.01;501;0;205.00;0
206;0;21742415;206;215;709;709;7.91;0.48;103.29;4.99;503;0;206.00;0
207;0;21742421;207;221;710;710;7.85;0.48;103.10;4.98;503;0;207.00;0
207;0;21742430;207;225;710;710;7.72;0.47;103.10;4.98;503;0;208.00;0
210;0;21742436;210;228;711;711;7.53;0.46;102.80;4.98;501;0;209.00;0
211;0;21742445;211;231;711;711;7.33;0.45;102.96;4.98;500;0;210.00;0
214;0;21742451;214;236;711;711;7.15;0.44;102.34;4.98;497;0;211.00;0
216;0;21742457;216;241;711;711;6.96;0.43;102.25;4.98;495;0;212.00;0
218;0;21742466;218;248;711;711;6.82;0.42;102.28;4.98;493;0;213.00;0
218;0;21742472;218;249;711;711;6.79;0.42;102.28;4.98;493;0;214.00;0
218;0;21742479;218;252;711;711;6.77;0.42;102.28;4.98;493;0;215.00;0
220;0;21742486;220;265;754;781;7.03;0.43;102.66;4.69;534;0;216.00;27
221;0;21742499;221;268;756;782;6.96;0.43;103.00;4.69;535;0;217.00;26
222;0;21742505;222;270;762;782;7.00;0.43;102.86;4.66;540;0;218.00;20
223;0;21742514;223;273;763;782;6.98;0.43;103.13;4.66;540;0;219.00;19
224;0;21742520;224;269;767;782;7.01;0.43;103.23;4.66;543;0;220.00;15
225;0;21742528;225;271;768;782;7.00;0.43;103.56;4.66;543;0;221.00;14
225;0;21742536;225;260;771;782;7.03;0.43;103.56;4.66;546;0;222.00;11
226;0;21742543;226;258;774;782;7.05;0.43;104.09;4.67;548;0;223.00;8
227;0;21742551;227;245;777;783;7.04;0.43;104.59;4.69;550;0;224.00;6
228;0;21742567;228;235;779;785;7.07;0.43;104.85;4.69;551;0;225.00;6
231;0;21742574;231;236;781;785;7.21;0.44;106.37;4.70;550;0;226.00;4
232;0;21742584;232;231;787;789;7.38;0.45;106.87;4.70;555;0;227.00;2
232;0;21742593;232;234;789;789;7.60;0.47;106.87;4.69;557;0;228.00;0
234;0;21742601;234;228;789;789;7.80;0.48;107.41;4.69;555;0;229.00;0
234;0;21742610;234;226;789;789;7.91;0.49;107.41;4.69;555;0;230.00;0
236;1;21742631;236;212;795;795;8.15;0.50;107.72;4.67;559;1;231.00;0
237;1;21742653;237;205;795;795;8.28;0.51;108.22;4.67;558;1;232.00;0
238;1;21742664;238;198;795;795;8.36;0.51;108.31;4.67;557;1;233.00;0
241;1;21742671;241;189;797;798;8.55;0.52;109.63;4.65;556;1;234.00;1
243;1;21742682;243;185;797;798;8.59;0.53;109.80;4.65;554;1;235.00;1
245;1;21742691;245;176;798;798;8.67;0.53;110.30;4.65;553;1;236.00;0
245;1;21742701;245;175;799;799;8.74;0.53;110.30;4.65;554;1;237.00;0
247;1;21742710;247;171;800;800;8.78;0.54;110.76;4.64;553;1;238.00;0
250;1;21742718;250;169;800;800;8.81;0.54;111.66;4.64;550;1;239.00;0
252;1;21742729;252;173;825;826;8.90;0.54;111.81;4.50;573;1;240.00;1
255;1;21742740;255;167;825;826;8.98;0.55;111.89;4.50;570;1;241.00;1
255;1;21742749;255;155;826;826;9.08;0.56;111.89;4.50;571;1;242.00;0
257;1;21742756;257;151;827;827;9.25;0.57;112.16;4.49;570;1;243.00;0
259;1;21742766;259;145;827;827;9.32;0.57;112.07;4.49;568;1;244.00;0
262;1;21742774;262;138;831;831;9.38;0.58;113.37;4.48;569;1;245.00;0
265;1;21742785;265;136;831;831;9.41;0.58;113.43;4.48;566;1;246.00;0
267;1;21742794;267;139;835;835;9.38;0.57;114.41;4.46;568;1;247.00;0
269;1;21742802;269;137;835;835;9.44;0.58;115.33;4.46;566;1;248.00;0
270;1;21742813;270;134;835;835;9.52;0.58;115.14;4.46;565;1;249.00;0
271;1;21742820;271;135;835;835;9.62;0.59;115.61;4.46;564;1;250.00;0
274;1;21742828;274;132;835;835;9.67;0.59;115.84;4.46;561;1;251.00;0
277;1;21742836;277;131;846;847;9.72;0.59;116.05;4.40;569;1;252.00;1
280;1;21742846;280;129;846;847;9.73;0.59;117.21;4.40;566;1;253.00;1
286;1;21742854;286;129;847;847;9.74;0.59;118.72;4.40;561;1;254.00;0
287;1;21742864;287;132;847;847;9.76;0.59;118.94;4.40;560;1;255.00;0
287;1;21742872;287;131;847;847;9.89;0.60;118.94;4.40;560;1;256.00;0
289;1;21742881;289;135;847;847;9.97;0.61;118.90;4.40;558;1;257.00;0
291;1;21742891;291;140;848;848;9.95;0.60;119.82;4.40;557;1;258.00;0
292;1;21742900;292;141;848;848;9.93;0.60;120.30;4.40;556;1;259.00;0
292;1;21742916;292;142;854;854;9.91;0.60;120.30;4.37;562;1;260.00;0
295;1;21742926;295;144;855;855;9.89;0.60;120.74;4.37;560;1;261.00;0
295;1;21742934;295;146;855;855;9.84;0.60;120.74;4.37;560;1;262.00;0
296;1;21742942;296;153;855;855;9.75;0.59;120.80;4.37;559;1;263.00;0
297;1;21742950;297;154;859;859;9.72;0.59;121.24;4.35;562;1;264.00;0
297;1;21742960;297;151;859;859;9.68;0.59;121.24;4.35;562;1;265.00;0
300;1;21742967;300;151;859;859;9.62;0.59;121.69;4.35;559;1;266.00;0
300;1;21742975;300;151;860;860;9.66;0.59;121.69;4.34;560;1;267.00;0
302;1;21742984;302;148;864;864;9.62;0.58;122.38;4.33;562;1;268.00;0
304;1;21742994;304;142;864;864;9.68;0.59;122.49;4.33;560;1;269.00;0
307;1;21743004;307;138;868;870;9.79;0.59;123.22;4.31;561;1;270.00;2
310;1;21743015;310;135;868;870;9.93;0.60;123.22;4.31;558;1;271.00;2
311;1;21743023;311;132;870;870;10.03;0.61;123.35;4.30;559;1;272.00;0
312;1;21743032;312;130;870;870;10.18;0.62;123.36;4.30;558;1;273.00;0
315;1;21743039;315;128;874;874;10.36;0.63;123.97;4.29;559;1;274.00;0
318;1;21743049;318;128;874;874;10.42;0.63;124.04;4.29;556;1;275.00;0
320;1;21743056;320;125;874;874;10.51;0.64;124.24;4.29;554;1;276.00;0
321;1;21743066;321;121;874;874;10.56;0.64;124.15;4.29;553;1;277.00;0
324;1;21743073;324;121;875;875;10.59;0.64;124.54;4.28;551;1;278.00;0
326;1;21743083;326;117;876;876;10.63;0.64;124.46;4.28;550;1;279.00;0
328;1;21743090;328;114;876;876;10.57;0.64;124.97;4.28;548;1;280.00;0
329;1;21743100;329;109;877;877;10.44;0.63;125.40;4.27;548;1;281.00;0
332;1;21743107;332;101;877;877;10.43;0.63;125.45;4.27;545;1;282.00;0
336;1;21743116;336;97;877;877;10.40;0.63;126.17;4.27;541;1;283.00;0
339;1;21743123;339;96;877;877;10.45;0.63;126.16;4.27;538;1;284.00;0
340;1;21743133;340;94;877;877;10.52;0.64;126.37;4.27;537;1;285.00;0
340;1;21743140;340;91;877;877;10.58;0.64;126.37;4.27;537;1;286.00;0
340;1;21743149;340;88;877;877;10.65;0.65;126.37;4.27;537;1;287.00;0
341;1;21743156;341;102;945;1004;10.45;0.65;126.32;3.97;604;1;288.00;59
342;1;21743180;342;89;947;1005;10.61;0.65;126.30;3.96;605;1;289.00;58
343;1;21743189;343;80;955;1005;10.78;0.66;126.76;3.95;612;1;290.00;50
345;1;21743199;345;81;956;1005;10.86;0.67;127.06;3.95;611;1;291.00;49
347;1;21743209;347;80;962;1005;10.98;0.67;126.97;3.95;615;1;292.00;43
347;1;21743219;347;77;964;1005;11.03;0.68;126.97;3.95;617;1;293.00;41
348;1;21743229;348;77;967;1005;11.03;0.68;126.72;3.95;619;1;294.00;38
349;1;21743238;349;76;971;1005;11.13;0.68;126.79;3.97;622;1;295.00;34
350;1;21743249;350;74;974;1006;11.26;0.69;126.66;3.98;624;1;296.00;32
355;1;21743260;355;76;977;1007;11.37;0.69;126.96;3.99;622;1;297.00;30
355;1;21743270;355;77;980;1007;11.46;0.70;126.96;4.01;625;1;298.00;27
355;1;21743281;355;74;983;1008;11.56;0.71;126.96;4.03;628;1;299.00;25
359;1;21743295;359;77;988;1014;11.53;0.71;127.65;4.05;629;1;300.00;26
359;1;21743312;359;76;991;1014;11.45;0.70;127.65;4.08;632;1;301.00;23
362;1;21743321;362;82;992;1014;11.38;0.70;127.72;4.09;630;1;302.00;22
363;1;21743333;363;85;996;1018;11.32;0.70;127.61;4.12;633;1;303.00;22
365;1;21743347;365;91;997;1018;11.24;0.69;127.85;4.14;632;1;304.00;21
366;1;21743358;366;99;1002;1018;11.15;0.69;128.14;4.16;636;1;305.00;16
366;1;21743369;366;105;1006;1021;11.06;0.68;128.14;4.19;640;1;306.00;15
367;1;21743381;367;109;1006;1021;11.02;0.68;128.61;4.19;639;1;307.00;15
370;1;21743394;370;115;1010;1021;11.03;0.68;128.58;4.23;640;1;308.00;11
373;1;21743404;373;124;1012;1025;10.96;0.67;129.33;4.23;639;1;309.00;13
376;1;21743416;376;129;1015;1026;10.98;0.67;129.57;4.25;639;1;310.00;11
380;1;21743432;380;137;1019;1026;10.96;0.67;130.50;4.28;639;1;311.00;7
381;1;21743446;381;136;1023;1030;10.95;0.67;130.51;4.29;642;1;312.00;7
386;1;21743456;386;137;1025;1030;10.93;0.67;130.96;4.30;639;1;313.00;5
390;1;21743470;390;141;1027;1030;10.77;0.66;131.53;4.31;637;1;314.00;3
393;1;21743482;393;145;1028;1032;10.69;0.65;131.99;4.30;635;1;315.00;4
396;1;21743495;396;148;1029;1032;10.71;0.65;132.66;4.31;633;1;316.00;3
398;1;21743504;398;153;1036;1038;10.74;0.65;133.09;4.29;638;1;317.00;2
400;1;21743519;400;154;1036;1038;10.80;0.66;133.44;4.29;636;1;318.00;2
401;1;21743545;401;156;1037;1039;10.75;0.66;133.90;4.28;636;1;319.00;2
402;1;21743555;402;163;1037;1039;10.56;0.65;134.29;4.28;635;1;320.00;2
402;1;21743566;402;163;1037;1039;10.45;0.64;134.29;4.28;635;1;321.00;2
403;1;21743574;403;169;1037;1039;10.28;0.63;134.74;4.28;634;1;322.00;2
405;1;21743584;405;171;1037;1039;10.11;0.62;134.78;4.28;632;1;323.00;2
406;1;21743594;406;165;1048;1051;9.99;0.61;134.53;4.24;642;1;324.00;3
410;1;21743604;410;166;1048;1051;9.87;0.61;135.41;4.24;638;1;325.00;3
412;1;21743618;412;171;1049;1051;9.78;0.60;135.97;4.24;637;1;326.00;2
412;1;21743629;412;171;1049;1051;9.72;0.60;135.97;4.24;637;1;327.00;2
412;1;21743637;412;170;1049;1051;9.69;0.60;135.97;4.24;637;1;328.00;2
414;1;21743646;414;171;1049;1051;9.62;0.59;136.65;4.24;635;1;329.00;2
416;1;21743656;416;172;1052;1055;9.59;0.59;136.99;4.23;636;1;330.00;3
416;1;21743667;416;177;1053;1055;9.66;0.59;136.99;4.25;637;1;331.00;2
421;1;21743677;421;180;1058;1059;9.73;0.60;137.61;4.27;637;1;332.00;1
423;1;21743686;423;186;1058;1060;9.77;0.60;137.45;4.27;635;1;333.00;2
427;1;21743698;427;187;1060;1060;9.75;0.60;138.24;4.27;633;1;334.00;0
428;1;21743714;428;187;1060;1060;9.78;0.60;138.27;4.27;632;1;335.00;0
430;1;21743722;430;191;1072;1073;9.70;0.59;138.75;4.22;642;1;336.00;1
432;1;21743737;432;196;1072;1073;9.72;0.60;138.63;4.22;640;1;337.00;1
436;1;21743748;436;199;1073;1073;9.65;0.59;139.16;4.22;637;1;338.00;0
438;1;21743761;438;205;1074;1074;9.70;0.59;139.11;4.22;636;1;339.00;0
442;1;21743771;442;206;1075;1075;9.66;0.59;140.43;4.21;633;1;340.00;0
446;1;21743783;446;211;1075;1075;9.54;0.58;141.90;4.21;629;1;341.00;0
448;1;21743794;448;214;1078;1078;9.44;0.58;142.47;4.20;630;1;342.00;0
452;1;21743806;452;217;1078;1078;9.31;0.57;143.42;4.20;626;1;343.00;0
454;1;21743818;454;218;1078;1078;9.31;0.57;143.88;4.20;624;1;344.00;0
457;1;21743829;457;220;1078;1078;9.20;0.56;144.57;4.20;621;1;345.00;0
460;1;21743837;460;220;1084;1084;9.11;0.56;144.93;4.18;624;1;346.00;0
466;1;21743848;466;225;1084;1084;8.86;0.54;146.26;4.18;618;1;347.00;0
470;1;21743855;470;226;1084;1084;8.61;0.53;146.70;4.18;614;1;348.00;0
473;1;21743864;473;229;1084;1084;8.38;0.51;147.00;4.18;611;1;349.00;0
476;1;21743870;476;219;1088;1088;8.13;0.50;147.36;4.17;612;1;350.00;0
481;1;21743881;481;217;1089;1089;8.00;0.49;147.86;4.17;608;1;351.00;0
483;1;21743889;483;211;1089;1089;7.95;0.49;148.05;4.17;606;1;352.00;0
485;1;21743898;485;210;1090;1090;7.94;0.49;148.82;4.16;605;1;353.00;0
488;1;21743905;488;210;1090;1090;7.95;0.49;149.07;4.16;602;1;354.00;0
488;1;21743914;488;208;1090;1090;8.03;0.50;149.07;4.16;602;1;355.00;0
491;1;21743921;491;207;1090;1090;8.05;0.50;149.33;4.16;599;1;356.00;0
493;1;21743930;493;203;1090;1090;8.03;0.50;149.42;4.16;597;1;357.00;0
497;1;21743937;497;202;1090;1090;8.01;0.49;149.31;4.16;593;1;358.00;0
498;1;21743946;498;202;1090;1090;8.03;0.49;149.64;4.16;592;1;359.00;0
501;1;21743954;501;210;1158;1215;8.22;0.51;149.49;3.92;657;1;360.00;57
504;1;21743977;504;210;1164;1216;8.16;0.51;149.30;3.90;660;1;361.00;52
508;1;21743985;508;209;1176;1216;8.17;0.51;149.94;3.89;668;1;362.00;40
514;1;21744001;514;214;1178;1216;8.01;0.50;150.39;3.88;664;1;363.00;38
514;1;21744012;514;221;1186;1216;7.93;0.49;150.39;3.88;672;1;364.00;30
517;1;21744019;517;221;1189;1216;7.84;0.49;150.47;3.89;672;1;365.00;27
518;1;21744029;518;224;1195;1216;7.77;0.49;150.85;3.90;677;1;366.00;21
520;1;21744036;520;233;1200;1216;7.73;0.48;150.85;3.91;680;1;367.00;16
521;1;21744046;521;237;1207;1217;7.68;0.48;150.78;3.93;686;1;368.00;10
524;1;21744054;524;250;1208;1218;7.65;0.48;150.78;3.94;684;1;369.00;10
525;1;21744065;525;253;1213;1218;7.53;0.47;150.65;3.96;688;1;370.00;5
530;1;21744072;530;267;1218;1222;7.43;0.46;150.99;3.95;688;1;371.00;4
533;1;21744084;533;266;1218;1222;7.29;0.45;150.76;3.95;685;1;372.00;4
536;1;21744093;536;275;1218;1222;7.10;0.44;150.57;3.95;682;1;373.00;4
538;1;21744101;538;284;1220;1222;6.97;0.43;150.73;3.96;682;1;374.00;2
538;1;21744113;538;287;1225;1228;6.82;0.42;150.73;3.95;687;1;375.00;3
541;1;21744121;541;291;1227;1228;6.66;0.41;150.47;3.96;686;1;376.00;1
542;1;21744133;542;293;1227;1228;6.54;0.41;150.44;3.96;685;1;377.00;1
542;1;21744141;542;300;1228;1231;6.52;0.40;150.44;3.96;686;1;378.00;3
547;1;21744151;547;306;1229;1231;6.45;0.40;150.56;3.97;682;1;379.00;2
550;1;21744161;550;307;1230;1231;6.30;0.39;150.23;3.97;680;1;380.00;1
551;1;21744170;551;295;1231;1232;6.31;0.39;150.35;3.96;680;1;381.00;1
554;1;21744180;554;282;1232;1233;6.32;0.39;150.05;3.96;678;1;382.00;1
555;1;21744190;555;284;1233;1233;6.37;0.39;149.95;3.96;678;1;383.00;0
557;1;21744201;557;280;1245;1246;6.54;0.40;150.01;3.92;688;1;384.00;1
559;1;21744213;559;271;1245;1246;6.63;0.41;149.93;3.92;686;1;385.00;1
560;1;21744222;560;270;1245;1246;6.74;0.41;149.94;3.92;685;1;386.00;1
564;1;21744234;564;272;1246;1247;6.76;0.41;150.16;3.92;682;1;387.00;1
565;1;21744246;565;270;1247;1247;6.90;0.42;150.15;3.92;682;1;388.00;0
569;1;21744255;569;269;1250;1251;6.98;0.43;150.36;3.91;681;1;389.00;1
569;1;21744269;569;268;1250;1251;7.11;0.43;150.36;3.91;681;1;390.00;1
571;1;21744288;571;266;1254;1255;7.20;0.44;150.54;3.91;683;1;391.00;1
571;1;21744300;571;267;1255;1255;7.22;0.44;150.54;3.91;684;1;392.00;0
573;1;21744312;573;266;1255;1255;7.23;0.44;150.13;3.91;682;1;393.00;0
577;1;21744330;577;268;1255;1255;7.21;0.44;150.17;3.91;678;1;394.00;0
577;1;21744339;577;272;1255;1255;7.25;0.44;150.17;3.91;678;1;395.00;0
578;1;21744350;578;268;1266;1267;7.40;0.45;150.41;3.87;688;1;396.00;1
579;1;21744363;579;266;1266;1267;7.44;0.45;150.45;3.87;687;1;397.00;1
579;1;21744373;579;259;1267;1267;7.49;0.46;150.45;3.87;688;1;398.00;0
581;1;21744385;581;253;1267;1267;7.54;0.46;150.84;3.87;686;1;399.00;0
581;1;21744397;581;246;1267;1267;7.63;0.46;150.84;3.87;686;1;400.00;0
584;1;21744413;584;251;1267;1267;7.64;0.47;151.15;3.87;683;1;401.00;0
585;1;21744422;585;249;1268;1268;7.70;0.47;150.92;3.87;683;1;402.00;0
587;1;21744435;587;250;1268;1268;7.79;0.47;151.27;3.87;681;1;403.00;0
589;1;21744447;589;246;1274;1274;7.90;0.48;151.31;3.85;685;1;404.00;0
590;1;21744457;590;245;1276;1276;7.93;0.48;151.13;3.85;686;1;405.00;0
591;2;21744474;591;233;1276;1276;8.00;0.49;151.07;3.85;685;2;406.00;0
591;2;21744506;591;222;1276;1276;8.06;0.49;151.07;3.85;685;2;407.00;0
595;2;21744517;595;216;1280;1280;8.05;0.49;152.02;3.84;685;2;408.00;0
597;2;21744529;597;212;1280;1280;8.02;0.49;152.28;3.84;683;2;409.00;0
599;2;21744538;599;215;1280;1280;8.12;0.49;152.54;3.84;681;2;410.00;0
601;2;21744550;601;217;1281;1281;8.13;0.50;152.80;3.83;680;2;411.00;0
603;2;21744562;603;214;1285;1285;8.16;0.50;153.30;3.82;682;2;412.00;0
604;2;21744572;604;215;1285;1285;8.30;0.51;153.73;3.82;681;2;413.00;0
608;2;21744584;608;212;1287;1288;8.39;0.51;154.25;3.82;679;2;414.00;1
610;2;21744596;610;214;1287;1288;8.48;0.52;154.61;3.82;677;2;415.00;1
611;2;21744606;611;213;1288;1288;8.62;0.53;154.91;3.82;677;2;416.00;0
612;2;21744618;612;207;1288;1288;8.71;0.53;154.93;3.82;676;2;417.00;0
612;2;21744630;612;200;1292;1292;8.80;0.54;154.93;3.81;680;2;418.00;0
614;2;21744640;614;188;1292;1292;8.88;0.54;155.13;3.81;678;2;419.00;0
616;2;21744653;616;187;1292;1292;8.95;0.55;155.64;3.81;676;2;420.00;0
617;2;21744665;617;181;1292;1292;9.03;0.55;155.64;3.81;675;2;421.00;0
620;2;21744676;620;180;1293;1293;9.06;0.55;155.79;3.81;673;2;422.00;0
623;2;21744688;623;175;1294;1294;9.05;0.55;156.15;3.80;671;2;423.00;0
626;2;21744701;626;177;1294;1294;9.06;0.55;156.94;3.80;668;2;424.00;0
630;2;21744713;630;180;1295;1295;9.09;0.55;157.51;3.80;665;2;425.00;0
631;2;21744723;631;175;1295;1295;9.18;0.56;157.56;3.80;664;2;426.00;0
634;2;21744734;634;172;1295;1295;9.23;0.56;158.34;3.80;661;2;427.00;0
637;2;21744745;637;170;1295;1295;9.30;0.57;159.22;3.80;658;2;428.00;0
639;2;21744755;639;165;1295;1295;9.45;0.58;159.76;3.80;656;2;429.00;0
643;2;21744769;643;166;1295;1295;9.50;0.58;160.09;3.80;652;2;430.00;0
644;2;21744781;644;162;1295;1295;9.61;0.59;160.16;3.80;651;2;431.00;0
651;2;21744798;651;193;1376;1422;9.40;0.58;161.24;3.58;725;2;432.00;46
654;2;21744821;654;185;1377;1423;9.50;0.59;161.81;3.58;723;2;433.00;46
658;2;21744843;658;180;1382;1423;9.60;0.59;162.50;3.57;724;2;434.00;41
658;2;21744855;658;175;1384;1423;9.74;0.60;162.50;3.57;726;2;435.00;39
660;2;21744867;660;171;1389;1423;9.80;0.60;162.92;3.57;729;2;436.00;34
661;2;21744879;661;171;1392;1423;9.79;0.60;162.79;3.58;731;2;437.00;31
662;2;21744889;662;171;1394;1423;9.84;0.61;162.98;3.58;732;2;438.00;29
665;2;21744902;665;172;1397;1423;9.85;0.60;163.56;3.59;732;2;439.00;26
668;2;21744915;668;171;1399;1424;9.85;0.61;164.32;3.59;731;2;440.00;25
670;2;21744927;670;171;1401;1425;9.90;0.61;164.72;3.60;731;2;441.00;24
670;2;21744939;670;167;1405;1425;9.89;0.61;164.72;3.62;735;2;442.00;20
673;2;21744951;673;168;1406;1426;9.92;0.61;165.04;3.62;733;2;443.00;20
674;2;21744964;674;165;1409;1426;9.99;0.61;165.10;3.64;735;2;444.00;17
674;2;21744975;674;166;1412;1426;10.07;0.62;165.10;3.66;738;2;445.00;14
677;2;21744987;677;163;1414;1426;10.08;0.62;165.28;3.68;737;2;446.00;12
678;2;21745000;678;162;1418;1430;10.14;0.62;165.32;3.69;740;2;447.00;12
683;2;21745014;683;162;1420;1430;10.13;0.62;165.92;3.70;737;2;448.00;10
686;2;21745026;686;164;1420;1430;10.18;0.62;166.22;3.70;734;2;449.00;10
686;2;21745039;686;163;1424;1436;10.21;0.63;166.22;3.69;738;2;450.00;12
689;2;21745053;689;166;1425;1436;10.16;0.62;166.17;3.70;736;2;451.00;11
692;2;21745070;692;168;1428;1436;10.09;0.62;166.80;3.71;736;2;452.00;8
696;2;21745088;696;172;1431;1440;9.90;0.61;167.30;3.70;735;2;453.00;9
697;2;21745102;697;166;1433;1441;9.87;0.60;167.39;3.70;736;2;454.00;8
706;2;21745118;706;164;1435;1441;9.78;0.60;168.15;3.71;729;2;455.00;6
709;2;21745137;709;163;1436;1445;9.74;0.59;168.38;3.70;727;2;456.00;9
713;2;21745153;713;156;1436;1445;9.76;0.59;168.62;3.70;723;2;457.00;9
716;2;21745170;716;149;1439;1445;9.74;0.59;169.03;3.72;723;2;458.00;6
718;2;21745183;718;147;1440;1446;9.72;0.59;169.61;3.71;722;2;459.00;6
720;2;21745196;720;142;1440;1446;9.72;0.59;169.59;3.71;720;2;460.00;6
721;2;21745206;721;142;1444;1452;9.83;0.60;169.59;3.71;723;2;461.00;8
724;2;21745219;724;143;1444;1452;9.86;0.60;170.25;3.71;720;2;462.00;8
726;2;21745231;726;137;1444;1453;9.86;0.60;170.69;3.71;718;2;463.00;9
730;2;21745242;730;134;1444;1453;9.88;0.60;171.35;3.71;714;2;464.00;9
733;2;21745255;733;136;1444;1453;9.83;0.60;171.74;3.71;711;2;465.00;9
735;2;21745268;735;129;1444;1453;9.81;0.60;172.10;3.71;709;2;466.00;9
739;2;21745280;739;133;1444;1453;9.81;0.59;171.95;3.71;705;2;467.00;9
741;2;21745292;741;126;1453;1465;9.91;0.60;172.34;3.68;712;2;468.00;12
745;2;21745304;745;126;1454;1465;9.96;0.60;172.88;3.68;709;2;469.00;11
748;2;21745316;748;121;1456;1465;10.01;0.61;173.18;3.70;708;2;470.00;9
752;2;21745328;752;122;1456;1465;10.04;0.61;173.44;3.70;704;2;471.00;9
753;2;21745339;753;122;1457;1465;10.08;0.61;173.52;3.73;704;2;472.00;8
755;2;21745351;755;122;1457;1465;10.13;0.61;173.46;3.73;702;2;473.00;8
757;2;21745362;757;122;1460;1469;10.16;0.61;173.58;3.72;703;2;474.00;9
758;2;21745372;758;120;1461;1469;10.26;0.62;173.50;3.75;703;2;475.00;8
760;2;21745384;760;120;1465;1473;10.33;0.62;173.74;3.77;705;2;476.00;8
761;2;21745395;761;127;1466;1474;10.29;0.62;173.95;3.77;705;2;477.00;8
764;2;21745405;764;130;1468;1474;10.25;0.62;174.80;3.80;704;2;478.00;6
764;2;21745416;764;136;1469;1474;10.27;0.62;174.80;3.81;705;2;479.00;5
769;2;21745429;769;144;1491;1500;10.15;0.62;175.02;3.76;722;2;480.00;9
771;2;21745443;771;144;1493;1500;10.19;0.62;175.55;3.77;722;2;481.00;7
772;2;21745453;772;146;1494;1500;10.20;0.62;175.47;3.77;722;2;482.00;6
775;2;21745465;775;148;1497;1501;10.26;0.63;175.36;3.78;722;2;483.00;4
778;2;21745474;778;156;1497;1502;10.33;0.63;175.93;3.78;719;2;484.00;5
778;2;21745485;778;159;1498;1502;10.33;0.63;175.93;3.79;720;2;485.00;4
782;2;21745498;782;162;1501;1505;10.28;0.63;176.08;3.79;719;2;486.00;4
784;2;21745511;784;163;1502;1505;10.17;0.62;175.95;3.79;718;2;487.00;3
785;2;21745520;785;164;1504;1505;10.12;0.62;176.11;3.79;719;2;488.00;1
789;2;21745532;789;164;1505;1505;10.05;0.61;176.52;3.79;716;2;489.00;0
793;2;21745544;793;171;1511;1511;10.00;0.61;176.82;3.78;718;2;490.00;0
797;2;21745562;797;180;1511;1511;10.02;0.61;177.10;3.78;714;2;491.00;0
799;2;21745579;799;186;1511;1511;9.97;0.61;176.95;3.78;712;2;492.00;0
802;2;21745589;802;189;1511;1511;10.00;0.61;177.09;3.78;709;2;493.00;0
803;2;21745600;803;191;1515;1515;9.92;0.61;177.13;3.77;712;2;494.00;0
805;2;21745613;805;196;1517;1517;9.90;0.61;176.97;3.77;712;2;495.00;0
808;2;21745623;808;197;1517;1517;9.87;0.61;177.37;3.77;709;2;496.00;0
811;2;21745635;811;201;1518;1518;9.79;0.60;177.19;3.77;707;2;497.00;0
814;2;21745646;814;209;1518;1518;9.64;0.59;177.25;3.77;704;2;498.00;0
816;2;21745655;816;205;1518;1518;9.52;0.59;177.19;3.77;702;2;499.00;0
818;2;21745667;818;208;1518;1518;9.42;0.58;177.18;3.77;700;2;500.00;0
820;2;21745682;820;211;1518;1518;9.35;0.58;177.26;3.77;698;2;501.00;0
822;2;21745692;822;217;1518;1518;9.30;0.57;177.14;3.77;696;2;502.00;0
824;2;21745708;824;215;1518;1518;9.26;0.57;177.13;3.77;694;2;503.00;0
824;2;21745720;824;224;1558;1588;9.40;0.58;177.13;3.67;734;2;504.00;30
828;2;21745740;828;224;1561;1589;9.34;0.58;176.86;3.66;733;2;505.00;28
831;2;21745756;831;227;1570;1589;9.32;0.58;176.72;3.65;739;2;506.00;19
833;2;21745769;833;227;1571;1589;9.38;0.58;176.75;3.65;738;2;507.00;18
834;2;21745783;834;232;1574;1589;9.35;0.57;176.71;3.66;740;2;508.00;15
839;2;21745795;839;238;1574;1589;9.26;0.57;176.71;3.66;735;2;509.00;15
841;2;21745811;841;237;1579;1589;9.32;0.57;176.88;3.66;738;2;510.00;10
841;2;21745822;841;237;1581;1589;9.35;0.57;176.88;3.67;740;2;511.00;8
845;2;21745834;845;238;1584;1590;9.41;0.57;176.62;3.67;739;2;512.00;6
847;2;21745851;847;239;1587;1591;9.41;0.58;176.48;3.68;740;2;513.00;4
851;2;21745862;851;241;1589;1591;9.40;0.57;176.52;3.69;738;2;514.00;2
855;2;21745871;855;241;1595;1595;9.28;0.57;176.80;3.69;740;2;515.00;0
859;2;21745884;859;247;1595;1595;9.12;0.56;176.80;3.69;736;2;516.00;0
864;2;21745895;864;249;1595;1595;8.90;0.54;176.91;3.69;731;2;517.00;0
869;2;21745904;869;252;1595;1595;8.72;0.53;176.81;3.69;726;2;518.00;0
876;2;21745915;876;254;1601;1601;8.59;0.52;177.71;3.68;725;2;519.00;0
877;2;21745926;877;260;1601;1601;8.47;0.52;177.99;3.68;724;2;520.00;0
881;2;21745936;881;264;1601;1601;8.29;0.51;178.32;3.68;720;2;521.00;0
883;2;21745947;883;270;1604;1604;8.05;0.49;178.65;3.67;721;2;522.00;0
886;2;21745956;886;272;1604;1604;7.84;0.48;178.92;3.67;718;2;523.00;0
888;2;21745965;888;283;1604;1604;7.66;0.47;178.99;3.67;716;2;524.00;0
891;2;21745974;891;267;1605;1605;7.52;0.46;179.63;3.67;714;2;525.00;0
895;2;21745985;895;267;1606;1606;7.32;0.45;180.08;3.67;711;2;526.00;0
895;2;21745996;895;265;1606;1606;7.24;0.44;180.08;3.67;711;2;527.00;0
901;2;21746004;901;270;1619;1619;7.19;0.44;180.65;3.64;718;2;528.00;0
902;2;21746017;902;265;1619;1619;7.18;0.44;180.48;3.64;717;2;529.00;0
903;2;21746027;903;269;1619;1619;7.20;0.44;180.71;3.64;716;2;530.00;0
903;2;21746036;903;273;1620;1620;7.25;0.44;180.71;3.63;717;2;531.00;0
906;2;21746046;906;266;1620;1620;7.23;0.44;180.55;3.63;714;2;532.00;0
907;2;21746055;907;271;1624;1624;7.31;0.45;180.61;3.63;717;2;533.00;0
909;2;21746067;909;275;1624;1624;7.33;0.45;180.67;3.63;715;2;534.00;0
909;2;21746077;909;274;1628;1628;7.35;0.45;180.67;3.62;719;2;535.00;0
909;2;21746086;909;275;1628;1628;7.30;0.45;180.67;3.62;719;2;536.00;0
912;2;21746097;912;270;1628;1628;7.33;0.45;181.18;3.62;716;2;537.00;0
915;2;21746106;915;258;1628;1628;7.31;0.45;181.51;3.62;713;2;538.00;0
919;2;21746118;919;249;1628;1628;7.32;0.45;182.04;3.62;709;2;539.00;0
922;2;21746132;922;247;1658;1662;7.56;0.46;181.80;3.55;736;2;540.00;4
925;2;21746146;925;249;1658;1662;7.64;0.47;182.40;3.55;733;2;541.00;4
928;2;21746157;928;247;1661;1662;7.74;0.47;182.71;3.55;733;2;542.00;1
930;2;21746170;930;244;1661;1662;7.75;0.48;182.58;3.55;731;2;543.00;1
935;2;21746184;935;245;1662;1662;7.74;0.47;182.75;3.55;727;2;544.00;0
938;2;21746210;938;247;1662;1662;7.76;0.47;182.95;3.55;724;2;545.00;0
940;2;21746220;940;238;1663;1663;7.79;0.48;183.21;3.55;723;2;546.00;0
941;2;21746232;941;241;1663;1663;7.73;0.47;183.47;3.55;722;2;547.00;0
944;2;21746242;944;242;1669;1669;7.73;0.47;183.89;3.54;725;2;548.00;0
947;2;21746261;947;241;1670;1670;7.69;0.47;184.22;3.54;723;2;549.00;0
948;2;21746272;948;240;1670;1670;7.67;0.47;184.52;3.54;722;2;550.00;0
950;2;21746285;950;247;1670;1670;7.70;0.47;184.59;3.54;720;2;551.00;0
954;2;21746298;954;248;1674;1674;7.71;0.47;184.75;3.53;720;2;552.00;0
954;2;21746310;954;248;1674;1674;7.74;0.47;184.75;3.53;720;2;553.00;0
959;2;21746330;959;255;1674;1674;7.73;0.47;184.99;3.53;715;2;554.00;0
962;2;21746339;962;255;1675;1675;7.77;0.47;185.38;3.53;713;2;555.00;0
962;2;21746352;962;253;1679;1679;7.78;0.48;185.38;3.52;717;2;556.00;0
965;2;21746364;965;252;1679;1679;7.78;0.48;185.50;3.52;714;2;557.00;0
969;2;21746374;969;253;1681;1682;7.75;0.47;185.23;3.52;712;2;558.00;1
973;2;21746385;973;252;1681;1682;7.66;0.47;185.18;3.52;708;2;559.00;1
976;2;21746397;976;246;1682;1682;7.61;0.46;185.44;3.52;706;2;560.00;0
977;2;21746407;977;248;1682;1682;7.56;0.46;185.45;3.52;705;2;561.00;0
979;2;21746421;979;245;1686;1686;7.57;0.46;185.56;3.51;707;2;562.00;0
981;2;21746434;981;247;1686;1686;7.60;0.46;185.34;3.51;705;2;563.00;0
985;2;21746455;985;238;1686;1686;7.58;0.46;185.81;3.51;701;2;564.00;0
987;2;21746467;987;234;1686;1686;7.60;0.46;185.82;3.51;699;2;565.00;0
989;2;21746478;989;236;1687;1687;7.61;0.46;186.21;3.51;698;2;566.00;0
993;2;21746489;993;232;1688;1688;7.60;0.46;186.53;3.51;695;2;567.00;0
996;2;21746501;996;235;1688;1688;7.61;0.46;186.51;3.51;692;2;568.00;0
996;2;21746513;996;232;1689;1689;7.68;0.47;186.51;3.51;693;2;569.00;0
1000;2;21746524;1000;235;1689;1689;7.67;0.47;186.81;3.51;689;2;570.00;0
1003;2;21746535;1003;233;1689;1689;7.67;0.47;187.09;3.51;686;2;571.00;0
1004;2;21746547;1004;226;1689;1689;7.66;0.47;187.17;3.51;685;2;572.00;0
1006;2;21746557;1006;219;1689;1689;7.63;0.47;187.25;3.51;683;2;573.00;0
1008;2;21746568;1008;214;1689;1689;7.65;0.47;187.44;3.51;681;2;574.00;0
1012;2;21746579;1012;209;1689;1689;7.69;0.47;187.97;3.51;677;2;575.00;0
1015;2;21746588;1015;233;1770;1816;8.01;0.50;188.25;3.35;755;2;576.00;46
1017;2;21746613;1017;222;1774;1817;8.10;0.50;188.27;3.34;757;2;577.00;43
1023;2;21746623;1023;215;1782;1817;8.19;0.51;188.85;3.34;759;2;578.00;35
1025;2;21746636;1025;210;1785;1817;8.23;0.51;189.22;3.34;760;2;579.00;32
1030;2;21746647;1030;210;1789;1817;8.26;0.51;189.53;3.34;759;2;580.00;28
1032;2;21746657;1032;198;1791;1817;8.28;0.51;189.88;3.34;759;2;581.00;26
1034;2;21746670;1034;195;1792;1817;8.33;0.51;190.16;3.34;758;2;582.00;25
1034;2;21746683;1034;195;1794;1817;8.36;0.51;190.16;3.35;760;2;583.00;23
1035;2;21746696;1035;193;1797;1818;8.34;0.51;190.45;3.35;762;2;584.00;21
1037;2;21746709;1037;194;1801;1820;8.30;0.51;190.80;3.36;764;2;585.00;19
1038;2;21746722;1038;198;1805;1820;8.34;0.51;190.85;3.38;767;2;586.00;15
1039;2;21746738;1039;208;1808;1821;8.43;0.52;191.10;3.38;769;2;587.00;13
1042;2;21746754;1042;214;1809;1821;8.59;0.53;191.45;3.39;767;2;588.00;12
1044;2;21746769;1044;223;1814;1821;8.67;0.53;191.64;3.41;770;2;589.00;7
1046;2;21746786;1046;228;1815;1821;8.74;0.54;192.11;3.42;769;2;590.00;6
1047;2;21746801;1047;230;1819;1825;8.81;0.54;192.35;3.42;772;2;591.00;6
1050;2;21746816;1050;233;1821;1825;8.82;0.54;192.30;3.42;771;2;592.00;4
1053;2;21746829;1053;233;1821;1825;8.81;0.54;192.32;3.42;768;2;593.00;4
1057;2;21746840;1057;231;1823;1828;8.81;0.54;192.95;3.43;766;2;594.00;5
1060;2;21746854;1060;229;1824;1828;8.78;0.54;193.48;3.44;764;2;595.00;4
1063;2;21746867;1063;234;1824;1828;8.73;0.53;193.92;3.44;761;2;596.00;4
1066;2;21746879;1066;228;1829;1832;8.65;0.53;194.31;3.44;763;2;597.00;3
1069;2;21746898;1069;223;1832;1833;8.61;0.53;194.53;3.45;763;2;598.00;1
1072;2;21746911;1072;223;1832;1833;8.61;0.53;195.03;3.45;760;2;599.00;1
1076;2;21746925;1076;230;1845;1859;8.50;0.52;195.20;3.43;769;2;600.00;14
1076;2;21746948;1076;217;1846;1859;8.56;0.52;195.20;3.43;770;2;601.00;13
1080;2;21746960;1080;214;1846;1859;8.62;0.53;195.38;3.43;766;2;602.00;13
1082;2;21746971;1082;210;1847;1860;8.65;0.53;195.57;3.42;765;2;603.00;13
1083;2;21746985;1083;213;1848;1860;8.68;0.53;195.72;3.42;765;2;604.00;12
1086;2;21746998;1086;212;1854;1866;8.75;0.54;196.14;3.42;768;2;605.00;12
1089;2;21747012;1089;208;1856;1866;8.77;0.54;196.49;3.42;767;2;606.00;10
1090;2;21747023;1090;203;1857;1867;8.79;0.54;196.48;3.42;767;2;607.00;10
1092;2;21747036;1092;208;1858;1867;8.81;0.54;196.51;3.42;766;2;608.00;9
1094;2;21747051;1094;209;1858;1867;8.82;0.54;196.60;3.42;764;2;609.00;9
1094;2;21747064;1094;212;1858;1867;8.85;0.54;196.60;3.42;764;2;610.00;9
1096;2;21747073;1096;212;1859;1867;8.84;0.54;196.75;3.42;763;2;611.00;8
1099;2;21747086;1099;212;1871;1879;8.88;0.54;196.95;3.41;772;2;612.00;8
1104;2;21747099;1104;214;1871;1879;8.84;0.54;196.83;3.41;767;2;613.00;8
1105;2;21747112;1105;218;1871;1879;8.86;0.54;196.85;3.41;766;2;614.00;8
1105;2;21747131;1105;216;1871;1879;8.94;0.54;196.85;3.41;766;2;615.00;8
1107;2;21747141;1107;211;1871;1879;8.99;0.54;196.85;3.41;764;2;616.00;8
1109;2;21747154;1109;206;1872;1879;9.01;0.55;196.89;3.42;763;2;617.00;7
1110;2;21747166;1110;208;1876;1883;9.02;0.55;196.83;3.41;766;2;618.00;7
1112;2;21747179;1112;197;1876;1883;9.10;0.55;197.05;3.41;764;2;619.00;7
1114;2;21747192;1114;198;1880;1887;9.16;0.55;197.28;3.41;766;2;620.00;7
1117;2;21747204;1117;195;1881;1888;9.27;0.56;197.57;3.40;764;2;621.00;7
1122;2;21747217;1122;194;1882;1888;9.27;0.56;197.88;3.41;760;2;622.00;6
1125;2;21747230;1125;197;1882;1888;9.32;0.56;198.19;3.41;757;2;623.00;6
1128;2;21747240;1128;197;1892;1901;9.38;0.57;198.43;3.40;764;2;624.00;9
1131;2;21747260;1131;191;1892;1901;9.41;0.57;198.74;3.40;761;2;625.00;9
1133;2;21747271;1133;191;1892;1901;9.47;0.57;198.87;3.40;759;2;626.00;9
1135;2;21747283;1135;187;1893;1902;9.51;0.58;199.06;3.39;758;2;627.00;9
1139;2;21747294;1139;189;1895;1903;9.44;0.57;199.45;3.41;756;2;628.00;8
1141;2;21747304;1141;184;1895;1903;9.42;0.57;199.86;3.41;754;2;629.00;8
1144;2;21747318;1144;183;1902;1909;9.42;0.57;200.07;3.41;758;2;630.00;7
1147;2;21747331;1147;176;1903;1909;9.39;0.57;200.70;3.41;756;2;631.00;6
1151;2;21747341;1151;177;1904;1909;9.36;0.57;201.20;3.41;753;2;632.00;5
1154;2;21747354;1154;169;1904;1909;9.38;0.57;201.50;3.41;750;2;633.00;5
1159;2;21747369;1159;162;1909;1915;9.25;0.56;202.12;3.40;750;2;634.00;6
1160;2;21747383;1160;154;1909;1915;9.19;0.55;202.36;3.40;749;2;635.00;6
1162;2;21747394;1162;153;1909;1915;9.20;0.56;202.53;3.40;747;2;636.00;6
1164;2;21747404;1164;151;1909;1915;9.20;0.56;202.99;3.40;745;2;637.00;6
1166;2;21747416;1166;150;1912;1919;9.24;0.56;203.10;3.40;746;2;638.00;7
1166;2;21747428;1166;149;1913;1920;9.33;0.57;203.10;3.40;747;2;639.00;7
1169;2;21747438;1169;152;1913;1920;9.31;0.56;202.99;3.40;744;2;640.00;7
1170;2;21747449;1170;149;1914;1921;9.33;0.57;203.03;3.40;744;2;641.00;7
1172;2;21747461;1172;150;1914;1921;9.38;0.57;203.10;3.40;742;2;642.00;7
1175;2;21747470;1175;145;1914;1921;9.42;0.57;203.62;3.40;739;2;643.00;7
1177;2;21747482;1177;152;1914;1921;9.48;0.58;203.57;3.40;737;2;644.00;7
1181;2;21747493;1181;152;1914;1921;9.48;0.57;204.02;3.40;733;2;645.00;7
1183;2;21747503;1183;153;1914;1921;9.48;0.57;204.29;3.40;731;2;646.00;7
1186;2;21747515;1186;158;1914;1921;9.42;0.57;204.40;3.40;728;2;647.00;7
1190;2;21747525;1190;170;1951;1991;9.44;0.57;204.72;3.36;761;2;648.00;40
1193;2;21747546;1193;164;1952;1992;9.43;0.57;205.09;3.35;759;2;649.00;40
1195;2;21747556;1195;160;1958;1992;9.38;0.57;205.33;3.35;763;2;650.00;34
1196;2;21747577;1196;166;1959;1992;9.38;0.57;205.30;3.35;763;2;651.00;33
1199;2;21747587;1199;168;1963;1992;9.34;0.57;205.27;3.35;764;2;652.00;29
1200;2;21747599;1200;169;1964;1992;9.28;0.56;205.28;3.35;764;2;653.00;28
1202;2;21747611;1202;170;1967;1992;9.20;0.56;205.11;3.38;765;2;654.00;25
1204;2;21747621;1204;172;1971;1992;9.11;0.55;205.30;3.41;767;2;655.00;21
1205;2;21747634;1205;175;1972;1993;9.04;0.55;205.26;3.41;767;2;656.00;21
1206;2;21747647;1206;179;1974;1994;9.01;0.55;205.09;3.41;768;2;657.00;20
1208;2;21747657;1208;183;1978;1994;8.99;0.54;204.91;3.43;770;2;658.00;16
1208;2;21747670;1208;196;1982;1998;8.98;0.54;204.91;3.43;774;2;659.00;16
1208;2;21747683;1208;202;1987;1998;8.93;0.54;204.91;3.47;779;2;660.00;11
1209;2;21747695;1209;209;1987;1998;8.86;0.54;204.75;3.47;778;2;661.00;11
1211;2;21747710;1211;218;1990;1998;8.81;0.54;204.61;3.49;779;2;662.00;8
1212;2;21747722;1212;228;1997;2004;8.76;0.53;204.51;3.50;785;2;663.00;7
1213;2;21747738;1213;232;1999;2004;8.72;0.53;204.43;3.51;786;2;664.00;5
1215;2;21747753;1215;238;2001;2004;8.65;0.53;204.24;3.51;786;2;665.00;3
1216;2;21747768;1216;240;2005;2007;8.60;0.53;204.37;3.54;789;2;666.00;2
1218;2;21747782;1218;248;2005;2007;8.55;0.52;204.46;3.54;787;2;667.00;2
1220;2;21747797;1220;256;2007;2007;8.51;0.52;204.37;3.55;787;2;668.00;0
1221;2;21747812;1221;260;2008;2008;8.44;0.52;204.46;3.55;787;2;669.00;0
1221;2;21747822;1221;265;2009;2009;8.37;0.51;204.46;3.55;788;2;670.00;0
1225;2;21747835;1225;270;2009;2009;8.24;0.51;204.34;3.55;784;2;671.00;0
1226;2;21747846;1226;275;2022;2022;8.16;0.50;204.43;3.52;796;2;672.00;0
1228;2;21747857;1228;279;2022;2022;8.02;0.49;204.35;3.52;794;2;673.00;0
1229;2;21747869;1229;284;2022;2022;7.88;0.48;204.26;3.52;793;2;674.00;0
1232;2;21747881;1232;286;2024;2024;7.80;0.48;204.27;3.52;792;2;675.00;0
1235;2;21747893;1235;285;2024;2024;7.75;0.47;204.21;3.52;789;2;676.00;0
1237;2;21747903;1237;287;2028;2028;7.80;0.48;204.21;3.51;791;2;677.00;0
1238;2;21747916;1238;288;2028;2028;7.78;0.48;204.15;3.51;790;2;678.00;0
1239;2;21747927;1239;286;2032;2032;7.70;0.47;204.10;3.51;793;2;679.00;0
1242;2;21747937;1242;293;2032;2032;7.59;0.46;203.79;3.51;790;2;680.00;0
1242;2;21747949;1242;292;2032;2032;7.52;0.46;203.79;3.51;790;2;681.00;0
1245;2;21747958;1245;290;2032;2032;7.43;0.46;203.68;3.51;787;2;682.00;0
1247;2;21747969;1247;295;2032;2032;7.39;0.45;203.53;3.51;785;2;683.00;0
1253;2;21747981;1253;298;2043;2044;7.36;0.45;203.20;3.49;790;2;684.00;1
1254;2;21747999;1254;298;2043;2044;7.38;0.45;203.29;3.49;789;2;685.00;1
1257;2;21748012;1257;305;2044;2044;7.36;0.45;203.27;3.49;787;2;686.00;0
1259;2;21748021;1259;304;2044;2044;7.37;0.45;203.26;3.49;785;2;687.00;0
1260;2;21748032;1260;310;2044;2044;7.38;0.45;203.18;3.49;784;2;688.00;0
1264;2;21748041;1264;312;2044;2044;7.37;0.45;203.37;3.49;780;2;689.00;0
1266;2;21748054;1266;314;2045;2045;7.31;0.45;203.56;3.49;779;2;690.00;0
1268;2;21748066;1268;318;2045;2045;7.23;0.44;203.71;3.49;777;2;691.00;0
1269;2;21748074;1269;322;2051;2051;7.12;0.43;203.70;3.48;782;2;692.00;0
1273;2;21748085;1273;325;2052;2052;6.94;0.42;203.96;3.48;779;2;693.00;0
1276;2;21748095;1276;334;2052;2052;6.75;0.41;203.81;3.48;776;2;694.00;0
1281;2;21748103;1281;322;2052;2052;6.54;0.40;203.64;3.48;771;2;695.00;0
1285;2;21748114;1285;316;2056;2056;6.47;0.39;203.69;3.47;771;2;696.00;0
1288;2;21748123;1288;312;2056;2056;6.32;0.38;203.74;3.47;768;2;697.00;0
1291;2;21748133;1291;313;2056;2056;6.22;0.38;203.98;3.47;765;2;698.00;0
1293;2;21748143;1293;311;2057;2057;6.21;0.38;204.18;3.47;764;2;699.00;0
1294;2;21748152;1294;298;2061;2061;6.29;0.39;204.11;3.47;767;2;700.00;0
1297;2;21748167;1297;290;2061;2061;6.33;0.39;204.38;3.47;764;2;701.00;0
1301;2;21748178;1301;283;2063;2064;6.41;0.39;204.64;3.46;762;2;702.00;1
1302;2;21748187;1302;282;2064;2064;6.49;0.40;204.66;3.46;762;2;703.00;0
1304;2;21748199;1304;277;2064;2064;6.54;0.40;204.93;3.46;760;2;704.00;0
1306;2;21748211;1306;272;2064;2064;6.59;0.40;204.97;3.46;758;2;705.00;0
1310;2;21748221;1310;268;2068;2068;6.72;0.41;205.05;3.46;758;2;706.00;0
1311;2;21748233;1311;264;2068;2068;6.79;0.41;205.10;3.46;757;2;707.00;0
1312;2;21748252;1312;260;2068;2068;6.84;0.42;205.21;3.46;756;2;708.00;0
1315;2;21748270;1315;258;2068;2068;6.88;0.42;205.31;3.46;753;2;709.00;0
1318;2;21748283;1318;246;2069;2069;6.92;0.42;205.55;3.46;751;2;710.00;0
1318;2;21748295;1318;243;2070;2070;7.02;0.43;205.55;3.46;752;2;711.00;0
1320;2;21748306;1320;243;2070;2070;6.99;0.43;205.78;3.46;750;2;712.00;0
1322;2;21748317;1322;239;2071;2071;7.01;0.43;205.94;3.45;749;2;713.00;0
1322;2;21748328;1322;241;2071;2071;7.13;0.44;205.94;3.45;749;2;714.00;0
1327;2;21748337;1327;237;2071;2071;7.11;0.43;206.16;3.45;744;2;715.00;0
1330;2;21748349;1330;234;2071;2071;7.18;0.44;206.51;3.45;741;2;716.00;0
1332;2;21748360;1332;233;2071;2071;7.25;0.44;206.45;3.45;739;2;717.00;0
1338;2;21748371;1338;234;2071;2071;7.26;0.44;206.71;3.45;733;2;718.00;0
1340;2;21748387;1340;236;2071;2071;7.34;0.45;206.92;3.45;731;2;719.00;0
1344;2;21748401;1344;240;2170;2301;7.97;0.50;207.34;3.30;826;2;720.00;131
1347;2;21748433;1347;238;2182;2302;8.05;0.51;207.94;3.29;835;2;721.00;120
1349;2;21748445;1349;232;2198;2302;8.16;0.52;207.85;3.28;849;2;722.00;104
1357;2;21748457;1357;228;2210;2302;8.16;0.51;207.83;3.27;853;2;723.00;92
1361;2;21748477;1361;232;2222;2302;8.08;0.51;208.10;3.28;861;2;724.00;80
1365;2;21748489;1365;226;2230;2302;8.03;0.50;208.52;3.28;865;2;725.00;72
1371;2;21748502;1371;225;2238;2302;7.93;0.50;208.80;3.29;867;2;726.00;64
1375;2;21748515;1375;225;2244;2302;7.92;0.49;208.91;3.30;869;2;727.00;58
1381;2;21748527;1381;231;2255;2303;7.78;0.48;209.43;3.33;874;2;728.00;48
1385;2;21748538;1385;238;2258;2304;7.66;0.48;209.73;3.33;873;2;729.00;46
1390;2;21748551;1390;239;2267;2304;7.47;0.47;210.01;3.36;877;2;730.00;37
1395;2;21748564;1395;243;2270;2305;7.33;0.46;210.29;3.37;875;2;731.00;35
1401;2;21748576;1401;249;2276;2305;7.10;0.44;210.67;3.39;875;2;732.00;29
1404;2;21748590;1404;256;2279;2305;7.02;0.43;210.68;3.40;875;2;733.00;26
1409;2;21748604;1409;262;2280;2305;6.96;0.43;211.12;3.41;871;2;734.00;25
1414;2;21748617;1414;270;2285;2309;6.88;0.43;211.38;3.42;871;2;735.00;24
1417;2;21748632;1417;268;2285;2309;6.91;0.43;211.52;3.42;868;2;736.00;24
1420;2;21748646;1420;270;2289;2309;6.91;0.43;211.58;3.43;869;2;737.00;20
1422;2;21748656;1422;279;2291;2312;6.93;0.43;211.80;3.44;869;2;738.00;21
1427;2;21748673;1427;284;2292;2312;6.96;0.43;211.63;3.45;865;2;739.00;20
1429;2;21748687;1429;284;2293;2312;7.03;0.43;211.81;3.45;864;2;740.00;19
1430;2;21748707;1430;284;2296;2316;7.15;0.44;212.01;3.45;866;2;741.00;20
1432;2;21748721;1432;290;2300;2317;7.15;0.44;212.05;3.47;868;2;742.00;17
1435;2;21748735;1435;295;2302;2317;7.19;0.44;212.30;3.48;867;2;743.00;15
1436;2;21748749;1436;302;2306;2321;7.25;0.45;212.51;3.48;870;2;744.00;15
1444;2;21748763;1444;300;2308;2321;7.27;0.44;212.63;3.50;864;2;745.00;13
1447;2;21748778;1447;302;2309;2321;7.24;0.44;212.67;3.50;862;2;746.00;12
1447;2;21748790;1447;290;2310;2322;7.29;0.45;212.67;3.50;863;2;747.00;12
1451;2;21748805;1451;279;2311;2322;7.37;0.45;212.70;3.51;860;2;748.00;11
1453;2;21748820;1453;272;2316;2328;7.38;0.45;212.94;3.51;863;2;749.00;12
1455;2;21748837;1455;273;2316;2328;7.42;0.45;213.11;3.51;861;2;750.00;12
1458;2;21748851;1458;271;2319;2329;7.48;0.46;213.18;3.52;861;2;751.00;10
1461;2;21748865;1461;272;2319;2329;7.53;0.46;213.24;3.52;858;2;752.00;10
1463;2;21748880;1463;271;2320;2329;7.58;0.46;213.26;3.53;857;2;753.00;9
1465;2;21748894;1465;274;2321;2329;7.64;0.47;213.36;3.54;856;2;754.00;8
1466;2;21748906;1466;269;2322;2329;7.64;0.47;213.39;3.55;856;2;755.00;7
1467;2;21748920;1467;261;2333;2341;7.70;0.47;213.58;3.53;866;2;756.00;8
1471;2;21748935;1471;251;2334;2341;7.73;0.47;213.62;3.54;863;2;757.00;7
1472;2;21748958;1472;242;2335;2341;7.79;0.47;213.60;3.54;863;2;758.00;6
1474;2;21748973;1474;247;2336;2341;7.86;0.48;213.55;3.54;862;2;759.00;5
1475;2;21748988;1475;240;2336;2341;7.92;0.48;213.71;3.54;861;2;760.00;5
1480;2;21749002;1480;248;2336;2341;7.96;0.48;213.75;3.54;856;2;761.00;5
1483;2;21749016;1483;255;2340;2345;7.99;0.49;214.13;3.54;857;2;762.00;5
1485;2;21749032;1485;254;2340;2345;8.05;0.49;214.36;3.54;855;2;763.00;5
1485;2;21749047;1485;256;2344;2349;8.14;0.50;214.36;3.54;859;2;764.00;5
1488;2;21749061;1488;263;2346;2351;8.18;0.50;214.85;3.53;858;2;765.00;5
1488;2;21749074;1488;267;2346;2351;8.26;0.51;214.85;3.53;858;2;766.00;5
1489;2;21749088;1489;266;2346;2351;8.32;0.51;214.82;3.53;857;2;767.00;5
1491;2;21749103;1491;262;2357;2364;8.33;0.51;214.86;3.52;866;2;768.00;7
1493;2;21749118;1493;255;2357;2364;8.40;0.51;214.93;3.52;864;2;769.00;7
1493;2;21749132;1493;249;2357;2364;8.45;0.52;214.93;3.52;864;2;770.00;7
1495;2;21749147;1495;246;2358;2365;8.53;0.52;214.88;3.51;863;2;771.00;7
1498;2;21749160;1498;244;2359;2366;8.53;0.52;215.14;3.51;861;2;772.00;7
1504;2;21749173;1504;235;2359;2366;8.51;0.52;215.34;3.51;855;2;773.00;7
1507;2;21749187;1507;235;2361;2369;8.52;0.52;215.64;3.51;854;2;774.00;8
1509;2;21749201;1509;229;2361;2369;8.48;0.52;215.70;3.51;852;2;775.00;8
1511;2;21749215;1511;227;2362;2369;8.39;0.51;215.96;3.51;851;2;776.00;7
1513;2;21749228;1513;226;2362;2369;8.34;0.51;216.17;3.51;849;2;777.00;7
1514;2;21749240;1514;222;2367;2375;8.30;0.50;216.06;3.50;853;2;778.00;8
1517;2;21749255;1517;224;2367;2375;8.22;0.50;216.32;3.50;850;2;779.00;8
1517;2;21749271;1517;230;2367;2375;8.19;0.50;216.32;3.50;850;2;780.00;8
1519;2;21749285;1519;234;2367;2375;8.14;0.49;216.29;3.50;848;2;781.00;8
1519;2;21749299;1519;239;2371;2379;8.11;0.49;216.29;3.50;852;2;782.00;8
1522;2;21749314;1522;238;2372;2380;8.02;0.49;216.47;3.50;850;2;783.00;8
1524;2;21749327;1524;236;2372;2380;7.97;0.48;216.56;3.50;848;2;784.00;8
1526;2;21749338;1526;239;2373;2381;7.96;0.48;216.45;3.50;847;2;785.00;8
1526;2;21749352;1526;243;2373;2381;7.97;0.48;216.45;3.50;847;2;786.00;8
1526;2;21749365;1526;248;2373;2381;7.96;0.48;216.45;3.50;847;2;787.00;8
1526;2;21749378;1526;252;2373;2381;7.96;0.48;216.45;3.50;847;2;788.00;8
1528;2;21749388;1528;249;2373;2381;7.95;0.48;216.53;3.50;845;2;789.00;8
1531;2;21749401;1531;250;2373;2381;7.86;0.48;216.82;3.50;842;2;790.00;8
1532;2;21749414;1532;242;2373;2381;7.86;0.48;216.73;3.50;841;2;791.00;8
1532;2;21749427;1532;247;2403;2451;7.80;0.47;216.73;3.45;871;2;792.00;48
1533;2;21749445;1533;239;2403;2452;7.83;0.48;216.75;3.45;870;2;793.00;49
1535;2;21749456;1535;240;2408;2452;7.88;0.48;216.70;3.45;873;2;794.00;44
1536;2;21749469;1536;234;2409;2452;7.92;0.48;216.84;3.45;873;2;795.00;43
1539;2;21749482;1539;235;2413;2452;7.94;0.48;217.25;3.45;874;2;796.00;39
1542;2;21749495;1542;235;2414;2452;7.98;0.49;217.14;3.45;872;2;797.00;38
1543;2;21749506;1543;239;2417;2452;8.05;0.49;217.37;3.46;874;2;798.00;35
1545;2;21749518;1545;238;2420;2452;8.09;0.49;217.59;3.46;875;2;799.00;32
1549;2;21749531;1549;240;2423;2453;8.04;0.49;218.01;3.47;874;2;800.00;30
1551;2;21749548;1551;240;2426;2454;8.07;0.49;218.20;3.47;875;2;801.00;28
1555;2;21749561;1555;240;2428;2454;7.96;0.48;218.39;3.48;873;2;802.00;26
1558;2;21749572;1558;244;2431;2458;7.84;0.48;218.59;3.47;873;2;803.00;27
1561;2;21749586;1561;241;2431;2458;7.75;0.47;218.50;3.47;870;2;804.00;27
1565;2;21749599;1565;246;2435;2458;7.67;0.47;219.01;3.49;870;2;805.00;23
1567;2;21749611;1567;242;2435;2458;7.60;0.46;219.29;3.49;868;2;806.00;23
1572;2;21749622;1572;245;2441;2464;7.51;0.46;219.86;3.50;869;2;807.00;23
1573;2;21749637;1573;241;2441;2464;7.45;0.45;219.89;3.50;868;2;808.00;23
1577;2;21749649;1577;240;2441;2464;7.36;0.45;220.03;3.50;864;2;809.00;23
1577;2;21749664;1577;237;2447;2470;7.38;0.45;220.03;3.50;870;2;810.00;23
1581;2;21749677;1581;242;2447;2470;7.34;0.45;220.54;3.50;866;2;811.00;23
1581;2;21749689;1581;245;2449;2470;7.39;0.45;220.54;3.50;868;2;812.00;21
1583;2;21749702;1583;245;2449;2471;7.39;0.45;220.70;3.50;866;2;813.00;22
1585;2;21749720;1585;243;2450;2472;7.43;0.45;220.96;3.50;865;2;814.00;22
1588;2;21749737;1588;243;2450;2472;7.42;0.45;220.83;3.50;862;2;815.00;22
1589;2;21749752;1589;242;2459;2485;7.49;0.46;220.76;3.49;870;2;816.00;26
1590;2;21749770;1590;244;2459;2485;7.51;0.46;220.77;3.49;869;2;817.00;26
1591;2;21749786;1591;250;2459;2485;7.51;0.46;220.73;3.49;868;2;818.00;26
1592;2;21749803;1592;252;2460;2486;7.51;0.46;220.66;3.49;868;2;819.00;26
1594;2;21749821;1594;251;2460;2486;7.53;0.46;220.59;3.49;866;2;820.00;26
1596;2;21749835;1596;252;2463;2490;7.57;0.46;220.53;3.48;867;2;821.00;27
1598;2;21749849;1598;259;2464;2490;7.51;0.46;220.49;3.52;866;2;822.00;26
1599;2;21749862;1599;264;2467;2494;7.47;0.46;220.42;3.52;868;2;823.00;27
1599;2;21749875;1599;270;2467;2494;7.42;0.45;220.42;3.52;868;2;824.00;27
1601;2;21749888;1601;271;2467;2494;7.40;0.45;220.27;3.52;866;2;825.00;27
1603;2;21749901;1603;279;2470;2494;7.33;0.45;220.27;3.59;867;2;826.00;24
1605;2;21749913;1605;286;2470;2494;7.27;0.44;220.11;3.59;865;2;827.00;24
1607;2;21749925;1607;296;2481;2506;7.25;0.44;220.05;3.63;874;2;828.00;25
1608;2;21749939;1608;302;2482;2506;7.27;0.44;220.03;3.63;874;2;829.00;24
1611;2;21749951;1611;304;2485;2506;7.26;0.44;219.97;3.68;874;2;830.00;21
1612;2;21749968;1612;313;2488;2506;7.23;0.44;219.88;3.73;876;2;831.00;18
1614;2;21749984;1614;322;2490;2506;7.20;0.44;219.77;3.78;876;2;832.00;16
1617;2;21749997;1617;330;2493;2506;7.14;0.44;219.63;3.83;876;2;833.00;13
1619;2;21750010;1619;333;2494;2507;7.03;0.43;219.49;3.84;875;2;834.00;13
1622;2;21750021;1622;338;2496;2507;6.92;0.42;219.29;3.86;874;2;835.00;11
1626;2;21750034;1626;341;2503;2513;6.85;0.42;219.16;3.89;877;2;836.00;10
1627;2;21750047;1627;347;2506;2514;6.80;0.42;219.06;3.89;879;2;837.00;8
1630;2;21750058;1630;353;2508;2514;6.75;0.41;218.89;3.91;878;2;838.00;6
1634;2;21750070;1634;356;2508;2514;6.67;0.41;218.60;3.91;874;2;839.00;6
1638;2;21750084;1638;356;2512;2519;6.70;0.41;218.42;3.93;874;2;840.00;7
1640;2;21750097;1640;361;2514;2519;6.70;0.41;218.19;3.94;874;2;841.00;5
1641;2;21750109;1641;361;2515;2519;6.73;0.41;218.22;3.95;874;2;842.00;4
1642;2;21750120;1642;361;2517;2520;6.77;0.41;218.17;3.95;875;2;843.00;3
1643;2;21750131;1643;363;2522;2524;6.78;0.42;218.24;3.95;879;2;844.00;2
1644;2;21750144;1644;368;2524;2524;6.80;0.42;218.27;3.95;880;2;845.00;0
1645;2;21750154;1645;369;2526;2527;6.78;0.42;218.31;3.95;881;2;846.00;1
1649;2;21750167;1649;378;2526;2527;6.73;0.41;218.35;3.95;877;2;847.00;1
1649;2;21750179;1649;379;2527;2527;6.72;0.41;218.35;3.95;878;2;848.00;0
1651;2;21750189;1651;377;2527;2527;6.64;0.41;218.34;3.95;876;2;849.00;0
1651;2;21750202;1651;377;2531;2531;6.59;0.41;218.34;3.94;880;2;850.00;0
1653;2;21750214;1653;375;2531;2531;6.50;0.40;218.24;3.94;878;2;851.00;0
1655;2;21750225;1655;355;2531;2531;6.48;0.40;218.39;3.94;876;2;852.00;0
1658;2;21750238;1658;344;2531;2531;6.42;0.39;218.26;3.94;873;2;853.00;0
1660;2;21750251;1660;336;2532;2532;6.41;0.39;218.21;3.94;872;2;854.00;0
1662;2;21750264;1662;325;2534;2534;6.45;0.40;218.19;3.94;872;2;855.00;0
1663;2;21750276;1663;317;2534;2534;6.51;0.40;218.27;3.94;871;2;856.00;0
1665;3;21750288;1665;318;2535;2535;6.63;0.41;218.28;3.94;870;3;857.00;0
1665;3;21750315;1665;316;2535;2535;6.77;0.42;218.28;3.94;870;3;858.00;0
1668;3;21750333;1668;308;2535;2535;6.85;0.42;218.15;3.94;867;3;859.00;0
1669;3;21750346;1669;301;2535;2535;6.93;0.42;218.21;3.94;866;3;860.00;0
1674;3;21750356;1674;302;2535;2535;6.89;0.42;218.51;3.94;861;3;861.00;0
1675;3;21750369;1675;303;2535;2535;6.93;0.42;218.46;3.94;860;3;862.00;0
1677;3;21750381;1677;296;2535;2535;6.98;0.43;218.50;3.94;858;3;863.00;0
1678;3;21750392;1678;310;2609;2662;7.28;0.45;218.66;3.83;931;3;864.00;53
1679;3;21750416;1679;304;2614;2663;7.29;0.45;218.79;3.82;935;3;865.00;49
1681;3;21750428;1681;297;2624;2663;7.30;0.45;218.66;3.82;943;3;866.00;39
1684;3;21750447;1684;298;2628;2663;7.24;0.45;219.00;3.81;944;3;867.00;35
1686;3;21750458;1686;301;2634;2663;7.19;0.45;219.03;3.81;948;3;868.00;29
1688;3;21750471;1688;300;2636;2663;7.11;0.44;219.26;3.82;948;3;869.00;27
1691;3;21750485;1691;300;2639;2663;7.04;0.44;219.36;3.82;948;3;870.00;24
1692;3;21750497;1692;304;2642;2663;6.98;0.43;219.31;3.82;950;3;871.00;21
1695;3;21750508;1695;304;2644;2664;6.88;0.43;219.34;3.82;949;3;872.00;20
1700;3;21750521;1700;310;2647;2665;6.76;0.42;219.72;3.83;947;3;873.00;18
1706;3;21750536;1706;306;2650;2665;6.65;0.41;220.12;3.84;944;3;874.00;15
1710;3;21750550;1710;304;2652;2666;6.53;0.40;220.00;3.84;942;3;875.00;14
1714;3;21750569;1714;304;2656;2666;6.44;0.40;219.75;3.85;942;3;876.00;10
1717;3;21750586;1717;302;2658;2666;6.42;0.40;219.63;3.86;941;3;877.00;8
1724;3;21750598;1724;297;2659;2666;6.34;0.39;219.98;3.86;935;3;878.00;7
1727;3;21750616;1727;294;2664;2670;6.39;0.39;220.27;3.86;937;3;879.00;6
1729;3;21750634;1729;294;2664;2670;6.42;0.40;220.46;3.86;935;3;880.00;6
1734;3;21750655;1734;293;2665;2670;6.48;0.40;220.92;3.86;931;3;881.00;5
1737;3;21750679;1737;280;2668;2673;6.51;0.40;221.39;3.87;931;3;882.00;5
1740;3;21750695;1740;277;2668;2673;6.55;0.40;221.57;3.87;928;3;883.00;5
1742;3;21750712;1742;269;2669;2673;6.55;0.40;221.93;3.87;927;3;884.00;4
1748;3;21750724;1748;263;2673;2677;6.54;0.40;222.22;3.87;925;3;885.00;4
1750;3;21750738;1750;256;2674;2678;6.59;0.40;222.27;3.87;924;3;886.00;4
1751;3;21750759;1751;254;2675;2678;6.69;0.41;222.37;3.87;924;3;887.00;3
1755;3;21750772;1755;256;2682;2682;6.80;0.42;222.37;3.88;927;3;888.00;0
1758;3;21750787;1758;253;2682;2682;6.83;0.42;222.80;3.88;924;3;889.00;0
1764;3;21750803;1764;257;2682;2682;6.86;0.42;223.00;3.88;918;3;890.00;0
1768;3;21750818;1768;256;2683;2683;6.91;0.42;223.55;3.88;915;3;891.00;0
1770;3;21750840;1770;261;2683;2683;7.00;0.43;223.75;3.88;913;3;892.00;0
1773;3;21750854;1773;260;2689;2689;7.08;0.43;224.06;3.87;916;3;893.00;0
1776;3;21750869;1776;259;2689;2689;7.13;0.44;223.93;3.87;913;3;894.00;0
1782;3;21750883;1782;264;2690;2690;7.13;0.43;224.52;3.87;908;3;895.00;0
1785;3;21750898;1785;268;2690;2690;7.16;0.44;224.74;3.87;905;3;896.00;0
1788;3;21750912;1788;265;2690;2690;7.20;0.44;225.04;3.87;902;3;897.00;0
1792;3;21750924;1792;266;2690;2690;7.17;0.44;225.28;3.87;898;3;898.00;0
1795;3;21750938;1795;271;2690;2690;7.24;0.44;225.48;3.87;895;3;899.00;0
1799;3;21750955;1799;264;2716;2736;7.32;0.45;225.65;3.84;917;3;900.00;20
1803;3;21750980;1803;259;2718;2736;7.33;0.45;225.44;3.83;915;3;901.00;18
1809;3;21750995;1809;262;2725;2736;7.26;0.44;225.61;3.83;916;3;902.00;11
1812;3;21751012;1812;261;2725;2736;7.28;0.45;225.59;3.83;913;3;903.00;11
1817;3;21751037;1817;266;2727;2736;7.33;0.45;225.67;3.83;910;3;904.00;9
1821;3;21751053;1821;268;2728;2736;7.37;0.45;226.03;3.83;907;3;905.00;8
1826;3;21751069;1826;263;2732;2740;7.38;0.45;226.31;3.83;906;3;906.00;8
1827;3;21751086;1827;262;2733;2740;7.39;0.45;226.39;3.83;906;3;907.00;7
1830;3;21751101;1830;260;2735;2744;7.38;0.45;226.60;3.82;905;3;908.00;9
1831;3;21751117;1831;252;2736;2745;7.41;0.45;226.57;3.82;905;3;909.00;9
1834;3;21751132;1834;255;2737;2745;7.41;0.45;226.68;3.82;903;3;910.00;8
1839;3;21751147;1839;257;2737;2745;7.38;0.45;227.28;3.82;898;3;911.00;8
1843;3;21751161;1843;260;2748;2758;7.43;0.45;227.56;3.81;905;3;912.00;10
1846;3;21751176;1846;261;2749;2758;7.45;0.45;227.70;3.82;903;3;913.00;9
1851;3;21751189;1851;261;2749;2758;7.44;0.46;227.98;3.82;898;3;914.00;9
1854;3;21751203;1854;263;2750;2759;7.44;0.45;228.05;3.82;896;3;915.00;9
1855;3;21751217;1855;267;2752;2760;7.51;0.46;228.24;3.82;897;3;916.00;8
1861;3;21751230;1861;274;2752;2760;7.52;0.46;228.56;3.82;891;3;917.00;8
1868;3;21751244;1868;277;2754;2763;7.52;0.46;229.35;3.82;886;3;918.00;9
1871;3;21751257;1871;281;2755;2763;7.50;0.46;229.65;3.83;884;3;919.00;8
1875;3;21751270;1875;291;2757;2763;7.47;0.46;229.95;3.83;882;3;920.00;6
1881;3;21751283;1881;292;2758;2763;7.39;0.45;230.29;3.83;877;3;921.00;5
1884;3;21751297;1884;278;2762;2769;7.33;0.45;230.35;3.83;878;3;922.00;7
1890;3;21751312;1890;278;2763;2769;7.21;0.44;230.48;3.83;873;3;923.00;6
1894;3;21751327;1894;270;2769;2769;7.15;0.44;230.78;3.85;875;3;924.00;0
1898;3;21751339;1898;266;2769;2769;7.12;0.43;231.14;3.85;871;3;925.00;0
1900;3;21751354;1900;264;2773;2773;7.15;0.44;231.34;3.84;873;3;926.00;0
1905;3;21751368;1905;265;2774;2774;7.16;0.44;231.86;3.84;869;3;927.00;0
1907;3;21751382;1907;264;2774;2774;7.20;0.44;231.83;3.84;867;3;928.00;0
1909;3;21751396;1909;268;2775;2775;7.22;0.44;232.12;3.84;866;3;929.00;0
1913;3;21751411;1913;268;2775;2775;7.17;0.44;232.25;3.84;862;3;930.00;0
1916;3;21751423;1916;261;2775;2775;7.15;0.43;232.27;3.84;859;3;931.00;0
1918;3;21751437;1918;253;2775;2775;7.19;0.44;232.32;3.84;857;3;932.00;0
1921;3;21751450;1921;249;2775;2775;7.23;0.44;232.32;3.84;854;3;933.00;0
1922;3;21751464;1922;251;2775;2775;7.29;0.44;232.35;3.84;853;3;934.00;0
1926;3;21751478;1926;249;2775;2775;7.33;0.45;232.57;3.84;849;3;935.00;0
1930;3;21751490;1930;262;2820;2845;7.36;0.45;232.66;3.78;890;3;936.00;25
1932;3;21751512;1932;254;2822;2846;7.44;0.45;232.66;3.78;890;3;937.00;24
1934;3;21751527;1934;252;2827;2846;7.55;0.46;232.78;3.77;893;3;938.00;19
1934;3;21751540;1934;255;2829;2846;7.65;0.47;232.78;3.77;895;3;939.00;17
1936;3;21751554;1936;257;2831;2846;7.65;0.47;233.08;3.77;895;3;940.00;15
1939;3;21751570;1939;263;2833;2846;7.72;0.47;233.06;3.77;894;3;941.00;13
1942;3;21751587;1942;260;2836;2846;7.75;0.47;233.35;3.78;894;3;942.00;10
1944;3;21751603;1944;259;2838;2846;7.76;0.47;233.73;3.78;894;3;943.00;8
1948;3;21751619;1948;259;2840;2847;7.73;0.47;233.81;3.78;892;3;944.00;7
1950;3;21751635;1950;267;2842;2849;7.71;0.47;234.06;3.78;892;3;945.00;7
1951;3;21751650;1951;262;2844;2849;7.74;0.47;234.04;3.79;893;3;946.00;5
1955;3;21751667;1955;261;2849;2853;7.71;0.47;234.17;3.79;894;3;947.00;4
1958;3;21751684;1958;259;2851;2853;7.70;0.47;234.26;3.79;893;3;948.00;2
1962;3;21751698;1962;267;2851;2853;7.73;0.47;234.48;3.79;889;3;949.00;2
1964;3;21751716;1964;271;2851;2853;7.75;0.47;234.75;3.79;887;3;950.00;2
1967;3;21751732;1967;276;2857;2859;7.76;0.47;234.90;3.78;890;3;951.00;2
1970;3;21751750;1970;268;2857;2859;7.81;0.47;234.92;3.78;887;3;952.00;2
1973;3;21751768;1973;265;2857;2859;7.83;0.48;235.11;3.78;884;3;953.00;2
1975;3;21751786;1975;262;2859;2862;7.86;0.48;235.24;3.78;884;3;954.00;3
1977;3;21751801;1977;260;2859;2862;7.82;0.48;235.33;3.78;882;3;955.00;3
1979;3;21751817;1979;266;2861;2862;7.81;0.48;235.45;3.79;882;3;956.00;1
1981;3;21751831;1981;271;2862;2863;7.81;0.48;235.45;3.79;881;3;957.00;1
1982;3;21751844;1982;273;2863;2864;7.74;0.47;235.45;3.78;881;3;958.00;1
1984;3;21751856;1984;275;2864;2864;7.68;0.47;235.43;3.79;880;3;959.00;0
1984;3;21751871;1984;280;2886;2890;7.72;0.47;235.43;3.76;902;3;960.00;4
1987;3;21751886;1987;280;2886;2890;7.66;0.47;235.48;3.76;899;3;961.00;4
1989;3;21751899;1989;288;2888;2890;7.67;0.47;235.54;3.76;899;3;962.00;2
1991;3;21751912;1991;295;2889;2891;7.67;0.47;235.44;3.76;898;3;963.00;2
1992;3;21751923;1992;299;2889;2891;7.67;0.47;235.48;3.76;897;3;964.00;2
1994;3;21751936;1994;297;2893;2895;7.70;0.47;235.51;3.75;899;3;965.00;2
1997;3;21751950;1997;292;2893;2895;7.68;0.47;235.48;3.75;896;3;966.00;2
1999;3;21751964;1999;281;2896;2899;7.68;0.47;235.56;3.75;897;3;967.00;3
2000;3;21751977;2000;278;2896;2899;7.66;0.46;235.56;3.75;896;3;968.00;3
2002;3;21751989;2002;279;2896;2899;7.59;0.46;235.76;3.75;894;3;969.00;3
2005;3;21752002;2005;277;2896;2899;7.60;0.46;235.86;3.75;891;3;970.00;3
2005;3;21752016;2005;276;2896;2899;7.62;0.46;235.86;3.75;891;3;971.00;3
2008;3;21752028;2008;275;2906;2911;7.63;0.46;235.92;3.74;898;3;972.00;5
2009;3;21752040;2009;281;2906;2911;7.67;0.47;235.89;3.74;897;3;973.00;5
2009;3;21752054;2009;286;2907;2911;7.73;0.47;235.89;3.74;898;3;974.00;4
2013;3;21752067;2013;285;2907;2911;7.60;0.46;235.97;3.74;894;3;975.00;4
2017;3;21752080;2017;282;2907;2911;7.56;0.46;235.87;3.74;890;3;976.00;4
2020;3;21752095;2020;286;2907;2911;7.56;0.46;236.14;3.74;887;3;977.00;4
2021;3;21752109;2021;291;2907;2912;7.45;0.45;236.08;3.74;886;3;978.00;5
2023;3;21752122;2023;290;2907;2912;7.31;0.44;236.06;3.74;884;3;979.00;5
2029;3;21752135;2029;286;2914;2918;7.13;0.43;235.98;3.74;885;3;980.00;4
2029;3;21752150;2029;283;2915;2919;7.02;0.43;235.98;3.74;886;3;981.00;4
2031;3;21752164;2031;283;2915;2919;6.94;0.42;235.97;3.74;884;3;982.00;4
2032;3;21752188;2032;285;2915;2919;6.93;0.42;235.97;3.74;883;3;983.00;4
2033;3;21752201;2033;291;2917;2923;6.96;0.42;236.01;3.74;884;3;984.00;6
2033;3;21752214;2033;290;2917;2923;7.01;0.43;236.01;3.74;884;3;985.00;6
2037;3;21752226;2037;293;2917;2923;7.03;0.43;235.76;3.74;880;3;986.00;6
2037;3;21752237;2037;288;2918;2924;7.06;0.43;235.76;3.74;881;3;987.00;6
2038;3;21752250;2038;288;2921;2928;7.17;0.44;235.75;3.73;883;3;988.00;7
2042;3;21752263;2042;284;2921;2928;7.16;0.44;235.49;3.73;879;3;989.00;7
2046;3;21752276;2046;284;2925;2934;7.23;0.44;235.36;3.73;879;3;990.00;9
2048;3;21752289;2048;282;2926;2934;7.28;0.44;235.19;3.73;878;3;991.00;8
2051;3;21752302;2051;285;2927;2934;7.27;0.44;235.02;3.73;876;3;992.00;7
2052;3;21752315;2052;289;2928;2934;7.29;0.44;235.03;3.73;876;3;993.00;6
2057;3;21752326;2057;287;2932;2938;7.27;0.44;234.75;3.73;875;3;994.00;6
2060;3;21752338;2060;286;2932;2938;7.22;0.44;234.52;3.73;872;3;995.00;6
2061;3;21752350;2061;287;2932;2938;7.22;0.44;234.42;3.73;871;3;996.00;6
2061;3;21752362;2061;291;2932;2938;7.13;0.43;234.42;3.73;871;3;997.00;6
2061;3;21752371;2061;290;2932;2939;7.11;0.43;234.42;3.73;871;3;998.00;7
2061;3;21752384;2061;293;2933;2940;7.05;0.43;234.42;3.72;872;3;999.00;7
2064;3;21752397;2064;288;2933;2940;7.00;0.43;234.62;3.72;869;3;1000.00;7
2067;3;21752414;2067;292;2934;2941;6.95;0.42;234.59;3.72;867;3;1001.00;7
2068;3;21752427;2068;295;2934;2941;6.90;0.42;234.72;3.72;866;3;1002.00;7
2069;3;21752438;2069;300;2934;2941;6.90;0.42;234.67;3.72;865;3;1003.00;7
2069;3;21752450;2069;306;2934;2941;6.86;0.42;234.67;3.72;865;3;1004.00;7
2069;3;21752461;2069;310;2936;2941;6.82;0.42;234.67;3.75;867;3;1005.00;5
2071;3;21752472;2071;317;2936;2941;6.81;0.42;234.66;3.75;865;3;1006.00;5
2072;3;21752485;2072;316;2936;2941;6.82;0.42;234.68;3.75;864;3;1007.00;5
2074;3;21752497;2074;342;3003;3068;7.11;0.44;234.77;3.68;929;3;1008.00;65
2075;3;21752520;2075;333;3004;3069;7.10;0.44;234.68;3.68;929;3;1009.00;65
2077;3;21752534;2077;318;3014;3069;7.23;0.45;234.68;3.68;937;3;1010.00;55
2078;3;21752548;2078;316;3021;3069;7.27;0.45;234.70;3.68;943;3;1011.00;48
2078;3;21752561;2078;308;3028;3069;7.31;0.46;234.70;3.69;950;3;1012.00;41
2080;3;21752572;2080;304;3033;3069;7.28;0.45;234.84;3.69;953;3;1013.00;36
2082;3;21752586;2082;301;3037;3069;7.31;0.46;234.86;3.70;955;3;1014.00;32
2085;3;21752600;2085;295;3041;3069;7.39;0.46;234.93;3.70;956;3;1015.00;28
2087;3;21752620;2087;293;3044;3070;7.42;0.46;234.99;3.71;957;3;1016.00;26
2091;3;21752635;2091;299;3049;3071;7.42;0.46;235.01;3.72;958;3;1017.00;22
2094;3;21752649;2094;297;3053;3071;7.41;0.46;234.91;3.73;959;3;1018.00;18
2097;3;21752664;2097;295;3054;3072;7.45;0.46;235.03;3.73;957;3;1019.00;18
2097;3;21752680;2097;297;3061;3072;7.40;0.46;235.03;3.75;964;3;1020.00;11
2098;3;21752694;2098;297;3063;3072;7.32;0.45;235.01;3.75;965;3;1021.00;9
2099;3;21752707;2099;298;3066;3072;7.24;0.45;235.11;3.76;967;3;1022.00;6
2104;3;21752730;2104;304;3071;3076;7.14;0.44;234.86;3.76;967;3;1023.00;5
2105;3;21752744;2105;304;3071;3076;7.05;0.44;234.79;3.76;966;3;1024.00;5
2107;4;21752757;2107;303;3071;3076;6.98;0.43;234.77;3.76;964;4;1025.00;5
2108;4;21752781;2108;305;3074;3079;6.88;0.42;234.86;3.77;966;4;1026.00;5
2110;4;21752796;2110;307;3075;3079;6.79;0.42;234.92;3.77;965;4;1027.00;4
2112;4;21752811;2112;312;3076;3079;6.69;0.41;234.86;3.78;964;4;1028.00;3
2115;4;21752825;2115;317;3081;3083;6.58;0.40;234.80;3.77;966;4;1029.00;2
2120;4;21752851;2120;321;3082;3084;6.48;0.40;234.61;3.77;962;4;1030.00;2
2121;4;21752865;2121;321;3084;3084;6.46;0.40;234.55;3.77;963;4;1031.00;0
2123;4;21752879;2123;325;3088;3088;6.49;0.40;234.66;3.77;965;4;1032.00;0
2127;4;21752891;2127;324;3088;3088;6.52;0.40;234.86;3.77;961;4;1033.00;0
2128;4;21752905;2128;322;3088;3088;6.53;0.40;234.81;3.77;960;4;1034.00;0
2134;4;21752919;2134;322;3090;3090;6.52;0.40;234.84;3.77;956;4;1035.00;0
2135;4;21752933;2135;324;3090;3090;6.57;0.40;235.02;3.77;955;4;1036.00;0
2140;4;21752947;2140;318;3096;3096;6.59;0.40;235.00;3.76;956;4;1037.00;0
2142;4;21752963;2142;320;3096;3096;6.62;0.40;235.04;3.76;954;4;1038.00;0
2144;4;21752979;2144;327;3097;3097;6.61;0.40;235.26;3.76;953;4;1039.00;0
2147;4;21752994;2147;326;3097;3097;6.55;0.40;235.22;3.76;950;4;1040.00;0
2150;4;21753006;2150;328;3097;3097;6.48;0.40;235.27;3.76;947;4;1041.00;0
2151;4;21753020;2151;323;3097;3097;6.44;0.39;235.31;3.76;946;4;1042.00;0
2154;4;21753033;2154;326;3097;3097;6.40;0.39;235.42;3.76;943;4;1043.00;0
2159;4;21753045;2159;323;3109;3109;6.32;0.39;235.63;3.75;950;4;1044.00;0
2163;4;21753057;2163;321;3109;3109;6.30;0.38;235.48;3.75;946;4;1045.00;0
2164;4;21753070;2164;321;3109;3109;6.29;0.39;235.58;3.75;945;4;1046.00;0
2169;4;21753082;2169;320;3109;3109;6.26;0.38;235.67;3.75;940;4;1047.00;0
2171;4;21753095;2171;326;3109;3109;6.22;0.38;235.70;3.75;938;4;1048.00;0
2176;4;21753106;2176;331;3109;3109;6.19;0.38;236.11;3.75;933;4;1049.00;0
2178;4;21753120;2178;318;3115;3115;6.15;0.38;236.22;3.74;937;4;1050.00;0
2181;4;21753134;2181;311;3115;3115;6.14;0.38;236.52;3.74;934;4;1051.00;0
2184;4;21753147;2184;305;3119;3119;6.17;0.38;236.84;3.74;935;4;1052.00;0
2186;4;21753158;2186;295;3120;3120;6.20;0.38;237.02;3.74;934;4;1053.00;0
2190;4;21753171;2190;293;3120;3120;6.21;0.38;237.23;3.74;930;4;1054.00;0
2192;4;21753184;2192;284;3120;3120;6.29;0.39;237.26;3.74;928;4;1055.00;0
2197;4;21753199;2197;282;3133;3133;6.36;0.39;237.36;3.72;936;4;1056.00;0
2198;4;21753216;2198;271;3133;3133;6.48;0.40;237.47;3.72;935;4;1057.00;0
2204;4;21753231;2204;265;3133;3133;6.55;0.40;237.74;3.72;929;4;1058.00;0
2209;4;21753245;2209;264;3134;3134;6.65;0.41;238.06;3.72;925;4;1059.00;0
2213;4;21753258;2213;251;3135;3135;6.75;0.41;238.21;3.72;922;4;1060.00;0
2215;4;21753272;2215;244;3135;3135;6.87;0.42;238.49;3.72;920;4;1061.00;0
2218;4;21753285;2218;242;3137;3138;6.99;0.43;238.56;3.72;919;4;1062.00;1
2223;4;21753299;2223;244;3138;3138;7.08;0.43;238.97;3.72;915;4;1063.00;0
2228;4;21753314;2228;242;3138;3138;7.12;0.44;239.05;3.72;910;4;1064.00;0
2234;4;21753328;2234;244;3138;3138;7.15;0.44;239.09;3.72;904;4;1065.00;0
2237;4;21753340;2237;247;3144;3144;7.24;0.44;239.34;3.71;907;4;1066.00;0
2241;4;21753354;2241;245;3144;3144;7.29;0.44;239.46;3.71;903;4;1067.00;0
2247;4;21753368;2247;247;3144;3144;7.24;0.44;239.94;3.71;897;4;1068.00;0
2252;4;21753382;2252;255;3144;3144;7.23;0.44;239.98;3.71;892;4;1069.00;0
2257;4;21753396;2257;258;3148;3148;7.23;0.44;240.10;3.71;891;4;1070.00;0
2260;4;21753412;2260;266;3149;3149;7.26;0.44;240.26;3.71;889;4;1071.00;0
2265;4;21753424;2265;273;3149;3149;7.26;0.44;240.46;3.71;884;4;1072.00;0
2271;4;21753438;2271;271;3150;3150;7.22;0.44;240.82;3.70;879;4;1073.00;0
2274;4;21753452;2274;271;3150;3150;7.23;0.44;241.09;3.70;876;4;1074.00;0
2278;4;21753466;2278;272;3150;3150;7.24;0.44;241.21;3.70;872;4;1075.00;0
2282;4;21753480;2282;268;3150;3150;7.18;0.44;241.56;3.70;868;4;1076.00;0
2287;4;21753494;2287;268;3150;3150;7.12;0.43;241.88;3.70;863;4;1077.00;0
2288;4;21753505;2288;272;3150;3150;7.19;0.44;241.99;3.70;862;4;1078.00;0
2296;4;21753519;2296;271;3150;3150;7.17;0.44;242.22;3.70;854;4;1079.00;0
2299;4;21753535;2299;293;3226;3275;7.25;0.45;242.32;3.62;927;4;1080.00;49
2303;4;21753561;2303;288;3231;3276;7.30;0.45;242.53;3.61;928;4;1081.00;45
2308;4;21753581;2308;277;3239;3276;7.37;0.45;242.69;3.61;931;4;1082.00;37
2312;4;21753596;2312;269;3242;3276;7.44;0.46;243.02;3.61;930;4;1083.00;34
2315;4;21753610;2315;269;3248;3276;7.52;0.46;243.16;3.61;933;4;1084.00;28
2319;4;21753622;2319;267;3250;3276;7.53;0.46;243.34;3.61;931;4;1085.00;26
2323;4;21753637;2323;268;3255;3276;7.57;0.47;243.57;3.61;932;4;1086.00;21
2325;4;21753652;2325;269;3261;3276;7.59;0.47;243.81;3.62;936;4;1087.00;15
2328;4;21753667;2328;278;3266;3277;7.60;0.47;244.01;3.63;938;4;1088.00;11
2331;4;21753684;2331;281;3268;3278;7.53;0.46;244.37;3.63;937;4;1089.00;10
2334;4;21753702;2334;283;3270;3278;7.44;0.46;244.52;3.63;936;4;1090.00;8
2339;4;21753721;2339;283;3277;3282;7.31;0.45;244.95;3.64;938;4;1091.00;5
2345;4;21753740;2345;287;3277;3282;7.23;0.44;245.01;3.64;932;4;1092.00;5
2347;4;21753761;2347;293;3278;3282;7.09;0.43;245.27;3.64;931;4;1093.00;4
2350;4;21753788;2350;304;3278;3282;7.04;0.43;245.46;3.64;928;4;1094.00;4
2352;4;21753817;2352;313;3285;3288;6.95;0.42;245.42;3.64;933;4;1095.00;3
2356;4;21753833;2356;319;3285;3288;6.88;0.42;245.92;3.64;929;4;1096.00;3
2361;4;21753848;2361;308;3286;3288;6.78;0.41;246.06;3.64;925;4;1097.00;2
2364;4;21753864;2364;311;3287;3291;6.79;0.41;246.43;3.64;923;4;1098.00;4
2366;4;21753879;2366;309;3287;3291;6.88;0.42;246.48;3.64;921;4;1099.00;4
2366;4;21753894;2366;305;3287;3291;6.93;0.42;246.48;3.64;921;4;1100.00;4
2369;4;21753915;2369;304;3288;3292;6.98;0.43;246.77;3.64;919;4;1101.00;4
2369;4;21753932;2369;304;3290;3293;7.08;0.43;246.77;3.64;921;4;1102.00;3
2375;4;21753946;2375;305;3291;3293;7.08;0.43;247.00;3.64;916;4;1103.00;2
2380;4;21753961;2380;310;3302;3306;7.14;0.44;247.40;3.63;922;4;1104.00;4
2381;4;21753977;2381;310;3303;3306;7.13;0.44;247.31;3.63;922;4;1105.00;3
2384;4;21753990;2384;299;3304;3306;7.10;0.43;247.40;3.63;920;4;1106.00;2
2389;4;21754014;2389;296;3305;3307;7.11;0.43;247.79;3.62;916;4;1107.00;2
2391;4;21754033;2391;285;3305;3307;7.17;0.44;247.71;3.62;914;4;1108.00;2
2395;4;21754048;2395;289;3310;3311;7.21;0.44;248.03;3.63;915;4;1109.00;1
2397;4;21754067;2397;279;3310;3311;7.24;0.44;248.20;3.63;913;4;1110.00;1
2399;4;21754084;2399;285;3313;3315;7.25;0.44;248.31;3.63;914;4;1111.00;2
2406;4;21754099;2406;288;3314;3315;7.27;0.44;248.71;3.63;908;4;1112.00;1
2408;4;21754115;2408;287;3314;3315;7.29;0.44;248.89;3.63;906;4;1113.00;1
2411;4;21754137;2411;290;3314;3315;7.29;0.44;248.88;3.63;903;4;1114.00;1
2412;4;21754153;2412;291;3315;3315;7.32;0.45;248.98;3.63;903;4;1115.00;0
2414;4;21754167;2414;296;3325;3327;7.30;0.45;249.29;3.62;911;4;1116.00;2
2417;4;21754183;2417;293;3325;3327;7.28;0.45;249.47;3.62;908;4;1117.00;2
2419;4;21754197;2419;290;3326;3327;7.30;0.45;249.55;3.62;907;4;1118.00;1
2422;4;21754211;2422;285;3326;3327;7.31;0.45;249.68;3.62;904;4;1119.00;1
2426;4;21754224;2426;281;3326;3327;7.38;0.45;249.84;3.62;900;4;1120.00;1
2429;4;21754238;2429;277;3326;3327;7.41;0.45;250.12;3.62;897;4;1121.00;1
2430;4;21754251;2430;276;3326;3328;7.49;0.46;250.17;3.62;896;4;1122.00;2
2430;4;21754265;2430;273;3326;3328;7.57;0.46;250.17;3.62;896;4;1123.00;2
2433;4;21754278;2433;269;3331;3334;7.60;0.46;250.25;3.62;898;4;1124.00;3
2436;4;21754292;2436;269;3333;3336;7.60;0.46;250.35;3.62;897;4;1125.00;3
2436;4;21754305;2436;266;3333;3336;7.64;0.46;250.35;3.62;897;4;1126.00;3
2440;4;21754321;2440;271;3333;3336;7.65;0.46;250.24;3.62;893;4;1127.00;3
2443;4;21754335;2443;270;3336;3340;7.65;0.46;250.32;3.61;893;4;1128.00;4
2443;4;21754350;2443;270;3336;3340;7.62;0.46;250.32;3.61;893;4;1129.00;4
2446;4;21754363;2446;273;3336;3340;7.55;0.46;250.38;3.61;890;4;1130.00;4
2447;4;21754377;2447;276;3337;3341;7.54;0.46;250.32;3.61;890;4;1131.00;4
2447;4;21754389;2447;285;3340;3345;7.46;0.45;250.32;3.61;893;4;1132.00;5
2450;4;21754403;2450;289;3340;3345;7.37;0.45;250.28;3.61;890;4;1133.00;5
2451;4;21754417;2451;293;3342;3348;7.37;0.45;250.23;3.61;891;4;1134.00;6
2452;4;21754429;2452;295;3342;3348;7.36;0.45;250.24;3.61;890;4;1135.00;6
2453;4;21754440;2453;298;3343;3348;7.31;0.44;250.15;3.61;890;4;1136.00;5
2456;4;21754453;2456;298;3343;3348;7.28;0.44;250.30;3.61;887;4;1137.00;5
2457;4;21754466;2457;304;3347;3352;7.27;0.44;250.25;3.60;890;4;1138.00;5
2457;4;21754488;2457;307;3347;3352;7.22;0.44;250.25;3.60;890;4;1139.00;5
2458;4;21754502;2458;305;3347;3352;7.19;0.44;250.23;3.60;889;4;1140.00;5
2463;4;21754515;2463;300;3347;3352;7.12;0.43;249.97;3.60;884;4;1141.00;5
2465;4;21754528;2465;295;3347;3353;7.13;0.43;249.99;3.60;882;4;1142.00;6
2468;4;21754538;2468;297;3348;3354;7.13;0.43;249.85;3.60;880;4;1143.00;6
2469;4;21754551;2469;294;3348;3354;7.13;0.43;249.80;3.60;879;4;1144.00;6
2472;4;21754564;2472;290;3349;3355;7.12;0.43;249.88;3.60;877;4;1145.00;6
2473;4;21754577;2473;287;3349;3355;7.14;0.43;249.92;3.60;876;4;1146.00;6
2474;4;21754588;2474;287;3349;3355;7.20;0.44;249.86;3.60;875;4;1147.00;6
2475;4;21754601;2475;285;3349;3355;7.22;0.44;249.87;3.60;874;4;1148.00;6
2479;4;21754613;2479;283;3349;3355;7.22;0.44;249.64;3.60;870;4;1149.00;6
2479;4;21754624;2479;288;3349;3355;7.23;0.44;249.64;3.60;870;4;1150.00;6
2481;4;21754635;2481;286;3349;3355;7.18;0.44;249.62;3.60;868;4;1151.00;6
2482;4;21754647;2482;308;3416;3482;7.20;0.45;249.54;3.53;934;4;1152.00;66
2486;4;21754669;2486;300;3416;3483;7.14;0.44;249.46;3.53;930;4;1153.00;67
2487;4;21754682;2487;289;3423;3483;7.22;0.45;249.57;3.53;936;4;1154.00;60
2489;4;21754695;2489;280;3423;3483;7.20;0.45;249.51;3.53;934;4;1155.00;60
2490;4;21754706;2490;277;3430;3483;7.24;0.45;249.48;3.55;940;4;1156.00;53
2493;4;21754720;2493;269;3432;3483;7.24;0.45;249.50;3.55;939;4;1157.00;51
2495;4;21754733;2495;269;3435;3483;7.29;0.45;249.47;3.55;940;4;1158.00;48
2497;4;21754754;2497;268;3437;3483;7.30;0.45;249.50;3.55;940;4;1159.00;46
2500;5;21754773;2500;264;3441;3484;7.25;0.45;249.62;3.56;941;5;1160.00;43
2500;5;21754809;2500;260;3445;3485;7.28;0.45;249.62;3.57;945;5;1161.00;40
2501;5;21754822;2501;253;3447;3485;7.28;0.45;249.56;3.57;946;5;1162.00;38
2504;5;21754836;2504;250;3449;3486;7.24;0.44;249.43;3.57;945;5;1163.00;37
2507;5;21754849;2507;250;3451;3486;7.23;0.44;249.37;3.58;944;5;1164.00;35
2507;5;21754863;2507;254;3453;3486;7.21;0.44;249.37;3.58;946;5;1165.00;33
2509;5;21754873;2509;238;3454;3486;7.16;0.44;249.38;3.59;945;5;1166.00;32
2509;5;21754887;2509;230;3457;3490;7.17;0.44;249.38;3.59;948;5;1167.00;33
2513;5;21754900;2513;224;3460;3490;7.19;0.44;249.28;3.60;947;5;1168.00;30
2513;5;21754914;2513;221;3462;3490;7.24;0.44;249.28;3.61;949;5;1169.00;28
2516;5;21754929;2516;216;3465;3496;7.32;0.45;249.21;3.61;949;5;1170.00;31
2517;5;21754942;2517;220;3469;3496;7.31;0.45;249.17;3.63;952;5;1171.00;27
2519;5;21754955;2519;217;3472;3496;7.31;0.45;249.20;3.64;953;5;1172.00;24
2520;5;21754975;2520;215;3477;3500;7.32;0.45;249.14;3.64;957;5;1173.00;23
2521;5;21754989;2521;217;3478;3501;7.41;0.45;249.16;3.64;957;5;1174.00;23
2523;5;21755011;2523;219;3481;3501;7.49;0.46;249.05;3.64;958;5;1175.00;20
2524;6;21755023;2524;219;3486;3505;7.59;0.46;248.96;3.65;962;6;1176.00;19
2526;6;21755058;2526;226;3487;3505;7.61;0.46;248.79;3.65;961;6;1177.00;18
2526;6;21755072;2526;219;3487;3505;7.61;0.47;248.79;3.65;961;6;1178.00;18
2529;6;21755091;2529;223;3489;3506;7.61;0.46;248.80;3.66;960;6;1179.00;17
2529;6;21755105;2529;226;3491;3506;7.62;0.47;248.80;3.68;962;6;1180.00;15
2532;6;21755119;2532;235;3497;3512;7.63;0.47;248.63;3.69;965;6;1181.00;15
2536;6;21755134;2536;246;3498;3512;7.60;0.46;248.40;3.69;962;6;1182.00;14
2537;6;21755148;2537;251;3499;3513;7.57;0.46;248.40;3.71;962;6;1183.00;14
2538;6;21755162;2538;248;3500;3513;7.56;0.46;248.41;3.72;962;6;1184.00;13
2542;6;21755177;2542;249;3500;3513;7.52;0.46;248.29;3.72;958;6;1185.00;13
2542;6;21755193;2542;251;3502;3513;7.49;0.45;248.29;3.73;960;6;1186.00;11
2544;6;21755205;2544;256;3502;3513;7.47;0.45;248.38;3.73;958;6;1187.00;11
2546;6;21755218;2546;258;3514;3525;7.48;0.45;248.38;3.74;968;6;1188.00;11
2550;6;21755234;2550;265;3514;3525;7.38;0.45;248.41;3.74;964;6;1189.00;11
2552;6;21755248;2552;260;3517;3525;7.30;0.44;248.35;3.75;965;6;1190.00;8
2554;6;21755262;2554;270;3518;3525;7.23;0.44;248.46;3.76;964;6;1191.00;7
2557;6;21755274;2557;276;3518;3525;7.16;0.44;248.54;3.76;961;6;1192.00;7
2561;6;21755288;2561;271;3520;3525;7.13;0.43;248.64;3.78;959;6;1193.00;5
2561;6;21755302;2561;278;3523;3529;7.11;0.43;248.64;3.78;962;6;1194.00;6
2563;6;21755315;2563;278;3523;3529;7.09;0.43;248.65;3.78;960;6;1195.00;6
2565;6;21755328;2565;275;3528;3533;7.13;0.43;248.59;3.79;963;6;1196.00;5
2566;6;21755342;2566;272;3529;3534;7.13;0.44;248.64;3.79;963;6;1197.00;5
2568;6;21755355;2568;269;3532;3534;7.13;0.44;248.63;3.80;964;6;1198.00;2
2571;6;21755368;2571;262;3532;3534;7.12;0.44;248.50;3.80;961;6;1199.00;2
2573;6;21755385;2573;266;3558;3575;7.12;0.44;248.60;3.78;985;6;1200.00;17
2576;6;21755408;2576;254;3560;3575;7.09;0.43;248.73;3.78;984;6;1201.00;15
2576;6;21755421;2576;257;3563;3575;7.18;0.44;248.73;3.78;987;6;1202.00;12
2577;6;21755435;2577;260;3564;3576;7.26;0.45;248.75;3.77;987;6;1203.00;12
2580;6;21755449;2580;258;3568;3577;7.25;0.45;248.72;3.77;988;6;1204.00;9
2582;6;21755462;2582;259;3569;3577;7.30;0.45;248.69;3.77;987;6;1205.00;8
2585;6;21755474;2585;262;3572;3580;7.35;0.45;248.81;3.77;987;6;1206.00;8
2588;6;21755488;2588;255;3573;3580;7.37;0.45;248.82;3.77;985;6;1207.00;7
2592;6;21755501;2592;258;3573;3580;7.42;0.45;248.84;3.77;981;6;1208.00;7
2597;6;21755515;2597;258;3574;3580;7.41;0.45;249.06;3.77;977;6;1209.00;6
2600;6;21755529;2600;259;3582;3586;7.43;0.46;249.15;3.77;982;6;1210.00;4
2602;6;21755543;2602;263;3582;3586;7.44;0.46;249.31;3.77;980;6;1211.00;4
2606;6;21755556;2606;259;3582;3586;7.43;0.46;249.37;3.77;976;6;1212.00;4
2609;6;21755578;2609;260;3582;3586;7.43;0.46;249.42;3.77;973;6;1213.00;4
2613;6;21755590;2613;262;3586;3590;7.38;0.45;249.51;3.77;973;6;1214.00;4
2620;6;21755604;2620;264;3588;3592;7.29;0.45;249.56;3.77;968;6;1215.00;4
2623;6;21755618;2623;270;3589;3592;7.26;0.44;249.64;3.77;966;6;1216.00;3
2629;6;21755631;2629;265;3590;3593;7.19;0.44;249.72;3.77;961;6;1217.00;3
2633;6;21755644;2633;269;3590;3593;7.18;0.44;249.68;3.77;957;6;1218.00;3
2637;6;21755655;2637;273;3590;3593;7.15;0.44;249.81;3.77;953;6;1219.00;3
2643;6;21755669;2643;283;3590;3593;7.07;0.43;250.14;3.77;947;6;1220.00;3
2648;6;21755682;2648;278;3590;3593;7.02;0.43;250.13;3.77;942;6;1221.00;3
2651;6;21755694;2651;283;3591;3593;7.01;0.43;250.35;3.77;940;6;1222.00;2
2653;6;21755706;2653;285;3591;3593;6.95;0.43;250.57;3.77;938;6;1223.00;2
2656;6;21755722;2656;302;3630;3663;6.94;0.43;250.62;3.73;974;6;1224.00;33
2661;6;21755750;2661;283;3633;3664;6.88;0.42;250.76;3.73;972;6;1225.00;31
2666;6;21755768;2666;284;3641;3664;6.80;0.42;251.08;3.73;975;6;1226.00;23
2668;6;21755787;2668;281;3641;3664;6.79;0.42;251.13;3.73;973;6;1227.00;23
2673;6;21755802;2673;275;3646;3666;6.75;0.41;251.16;3.73;973;6;1228.00;20
2677;6;21755819;2677;276;3646;3666;6.72;0.41;251.45;3.73;969;6;1229.00;20
2680;6;21755836;2680;270;3648;3666;6.70;0.41;251.65;3.74;968;6;1230.00;18
2681;6;21755849;2681;264;3650;3666;6.77;0.42;251.69;3.74;969;6;1231.00;16
2683;6;21755864;2683;262;3651;3667;6.80;0.42;251.88;3.74;968;6;1232.00;16
2691;6;21755877;2691;262;3656;3668;6.76;0.41;252.37;3.75;965;6;1233.00;12
2692;6;21755892;2692;264;3656;3668;6.78;0.41;252.30;3.75;964;6;1234.00;12
2695;6;21755905;2695;263;3663;3672;6.74;0.41;252.47;3.76;968;6;1235.00;9
2698;6;21755919;2698;267;3666;3672;6.73;0.41;252.81;3.76;968;6;1236.00;6
2701;6;21755933;2701;267;3669;3672;6.74;0.41;253.00;3.77;968;6;1237.00;3
2705;6;21755947;2705;270;3671;3672;6.71;0.41;253.21;3.77;966;6;1238.00;1
2707;6;21755961;2707;278;3678;3678;6.71;0.41;253.28;3.77;971;6;1239.00;0
2711;6;21755973;2711;278;3678;3678;6.67;0.41;253.68;3.77;967;6;1240.00;0
2715;6;21755988;2715;275;3678;3678;6.59;0.40;253.88;3.77;963;6;1241.00;0
2717;6;21756001;2717;270;3680;3681;6.58;0.40;253.96;3.77;963;6;1242.00;1
2725;6;21756015;2725;273;3680;3681;6.59;0.40;254.10;3.77;955;6;1243.00;1
2729;6;21756029;2729;282;3681;3681;6.59;0.40;254.25;3.77;952;6;1244.00;0
2732;6;21756040;2732;279;3682;3682;6.61;0.41;254.51;3.77;950;6;1245.00;0
2738;6;21756054;2738;283;3683;3683;6.62;0.40;254.52;3.76;945;6;1246.00;0
2743;6;21756068;2743;288;3683;3683;6.56;0.40;254.93;3.76;940;6;1247.00;0
2746;6;21756082;2746;293;3696;3696;6.64;0.41;254.98;3.75;950;6;1248.00;0
2756;6;21756097;2756;293;3696;3696;6.61;0.41;255.25;3.75;940;6;1249.00;0
2758;6;21756113;2758;294;3696;3696;6.64;0.41;255.37;3.75;938;6;1250.00;0
2764;6;21756125;2764;297;3697;3697;6.59;0.40;255.58;3.75;933;6;1251.00;0
2769;6;21756138;2769;297;3697;3697;6.57;0.40;255.99;3.75;928;6;1252.00;0
2772;6;21756151;2772;298;3701;3701;6.64;0.41;256.15;3.75;929;6;1253.00;0
2775;6;21756165;2775;301;3701;3701;6.67;0.41;256.37;3.75;926;6;1254.00;0
2779;6;21756179;2779;301;3705;3705;6.70;0.41;256.64;3.74;926;6;1255.00;0
2785;6;21756191;2785;299;3705;3705;6.75;0.41;257.07;3.74;920;6;1256.00;0
2789;6;21756206;2789;305;3705;3705;6.77;0.41;257.39;3.74;916;6;1257.00;0
2795;6;21756219;2795;306;3705;3705;6.78;0.41;257.76;3.74;910;6;1258.00;0
2800;6;21756234;2800;302;3705;3705;6.78;0.41;258.13;3.74;905;6;1259.00;0
2805;6;21756249;2805;313;3736;3739;6.86;0.42;258.09;3.71;931;6;1260.00;3
2807;6;21756265;2807;311;3736;3739;6.79;0.42;258.26;3.71;929;6;1261.00;3
2812;6;21756279;2812;315;3738;3739;6.77;0.41;258.47;3.71;926;6;1262.00;1
2815;6;21756290;2815;316;3738;3739;6.73;0.41;258.58;3.71;923;6;1263.00;1
2818;6;21756303;2818;321;3739;3739;6.67;0.41;258.92;3.71;921;6;1264.00;0
2822;6;21756317;2822;324;3739;3739;6.61;0.40;258.97;3.71;917;6;1265.00;0
2828;6;21756331;2828;331;3740;3740;6.50;0.40;259.16;3.71;912;6;1266.00;0
2831;6;21756345;2831;341;3740;3740;6.41;0.39;259.44;3.71;909;6;1267.00;0
2833;6;21756355;2833;349;3745;3746;6.36;0.39;259.56;3.71;912;6;1268.00;1
2835;6;21756369;2835;347;3746;3747;6.32;0.39;259.76;3.71;911;6;1269.00;1
2836;6;21756383;2836;358;3746;3747;6.32;0.39;259.86;3.71;910;6;1270.00;1
2839;6;21756397;2839;367;3746;3747;6.29;0.38;260.08;3.71;907;6;1271.00;1
2841;6;21756410;2841;358;3750;3751;6.35;0.39;260.26;3.70;909;6;1272.00;1
2843;6;21756423;2843;358;3750;3751;6.37;0.39;260.26;3.70;907;6;1273.00;1
2847;6;21756436;2847;352;3750;3751;6.37;0.39;260.34;3.70;903;6;1274.00;1
2851;6;21756450;2851;347;3751;3752;6.39;0.39;260.56;3.70;900;6;1275.00;1
2859;6;21756463;2859;345;3754;3756;6.47;0.39;260.80;3.70;895;6;1276.00;2
2862;6;21756475;2862;340;3754;3756;6.49;0.40;260.74;3.70;892;6;1277.00;2
2866;6;21756487;2866;340;3756;3759;6.52;0.40;260.85;3.70;890;6;1278.00;3
2866;6;21756501;2866;345;3756;3759;6.62;0.40;260.85;3.70;890;6;1279.00;3
2868;6;21756513;2868;344;3757;3759;6.65;0.41;260.93;3.70;889;6;1280.00;2
2873;6;21756531;2873;331;3757;3759;6.63;0.40;261.18;3.70;884;6;1281.00;2
2875;6;21756545;2875;326;3761;3763;6.73;0.41;261.09;3.69;886;6;1282.00;2
2880;6;21756557;2880;318;3761;3763;6.72;0.41;261.11;3.69;881;6;1283.00;2
2880;6;21756571;2880;318;3761;3763;6.80;0.41;261.11;3.69;881;6;1284.00;2
2882;6;21756584;2882;315;3761;3763;6.75;0.41;261.24;3.69;879;6;1285.00;2
2883;6;21756598;2883;315;3761;3764;6.76;0.41;261.23;3.69;878;6;1286.00;3
2884;6;21756611;2884;308;3762;3765;6.80;0.41;261.20;3.69;878;6;1287.00;3
2886;6;21756622;2886;313;3762;3765;6.81;0.42;261.30;3.69;876;6;1288.00;3
2888;6;21756637;2888;312;3763;3766;6.89;0.42;261.32;3.69;875;6;1289.00;3
2889;6;21756652;2889;311;3763;3766;6.97;0.42;261.27;3.69;874;6;1290.00;3
2891;6;21756666;2891;308;3763;3766;7.02;0.43;261.16;3.69;872;6;1291.00;3
2893;6;21756678;2893;308;3763;3766;7.13;0.43;261.14;3.69;870;6;1292.00;3
2896;6;21756690;2896;299;3763;3766;7.20;0.44;261.20;3.69;867;6;1293.00;3
2897;6;21756703;2897;302;3763;3766;7.28;0.44;261.24;3.69;866;6;1294.00;3
2902;6;21756716;2902;301;3763;3766;7.32;0.44;261.10;3.69;861;6;1295.00;3
2903;6;21756729;2903;322;3832;3893;7.67;0.47;261.16;3.63;929;6;1296.00;61
2905;6;21756751;2905;306;3834;3894;7.68;0.47;261.15;3.63;929;6;1297.00;60
2909;6;21756765;2909;300;3842;3894;7.77;0.48;261.14;3.62;933;6;1298.00;52
2910;6;21756778;2910;299;3843;3894;7.72;0.47;261.16;3.62;933;6;1299.00;51
2913;6;21756791;2913;302;3850;3894;7.68;0.47;261.22;3.62;937;6;1300.00;44
2915;6;21756810;2915;299;3854;3894;7.65;0.47;261.16;3.62;939;6;1301.00;40
2916;6;21756822;2916;301;3857;3894;7.67;0.47;261.10;3.63;941;6;1302.00;37
2919;6;21756844;2919;303;3859;3894;7.63;0.47;260.99;3.63;940;6;1303.00;35
2921;6;21756856;2921;305;3863;3895;7.55;0.46;260.87;3.63;942;6;1304.00;32
2923;6;21756870;2923;308;3868;3897;7.50;0.46;260.74;3.64;945;6;1305.00;29
2924;6;21756884;2924;311;3870;3897;7.46;0.46;260.75;3.64;946;6;1306.00;27
2925;6;21756898;2925;317;3871;3898;7.42;0.45;260.75;3.64;946;6;1307.00;27
2925;6;21756911;2925;322;3873;3898;7.38;0.45;260.75;3.65;948;6;1308.00;25
2926;6;21756923;2926;330;3875;3898;7.31;0.45;260.78;3.65;949;6;1309.00;23
2930;6;21756937;2930;329;3878;3898;7.23;0.44;260.98;3.66;948;6;1310.00;20
2931;6;21756952;2931;336;3882;3902;7.19;0.44;260.98;3.66;951;6;1311.00;20
2931;6;21756967;2931;334;3884;3902;7.16;0.44;260.98;3.67;953;6;1312.00;18
2933;6;21756981;2933;337;3884;3902;7.03;0.43;260.92;3.67;951;6;1313.00;18
2935;6;21756994;2935;339;3887;3905;6.99;0.43;260.92;3.67;952;6;1314.00;18
2935;6;21757006;2935;339;3887;3905;6.95;0.42;260.92;3.67;952;6;1315.00;18
2936;6;21757020;2936;337;3888;3905;6.93;0.42;261.00;3.67;952;6;1316.00;17
2938;6;21757035;2938;342;3891;3909;6.92;0.42;261.10;3.67;953;6;1317.00;18
2939;6;21757049;2939;333;3893;3910;6.94;0.42;261.19;3.67;954;6;1318.00;17
2942;6;21757063;2942;330;3893;3910;6.92;0.42;261.26;3.67;951;6;1319.00;17
2944;6;21757078;2944;332;3898;3915;6.94;0.42;261.10;3.67;954;6;1320.00;17
2945;6;21757090;2945;325;3899;3915;6.98;0.43;261.14;3.67;954;6;1321.00;16
2946;6;21757104;2946;322;3899;3915;7.00;0.43;261.21;3.67;953;6;1322.00;16
2950;6;21757118;2950;303;3900;3916;7.07;0.43;261.22;3.67;950;6;1323.00;16
2952;6;21757133;2952;285;3900;3916;7.11;0.43;261.38;3.67;948;6;1324.00;16
2955;6;21757146;2955;276;3904;3922;7.21;0.44;261.39;3.67;949;6;1325.00;18
2958;6;21757160;2958;268;3904;3922;7.25;0.44;261.60;3.67;946;6;1326.00;18
2962;6;21757173;2962;266;3904;3923;7.23;0.44;261.79;3.67;942;6;1327.00;19
2967;6;21757187;2967;263;3904;3923;7.23;0.44;261.61;3.67;937;6;1328.00;19
2968;6;21757201;2968;256;3905;3923;7.18;0.43;261.58;3.68;937;6;1329.00;18
2969;6;21757229;2969;245;3906;3923;7.14;0.43;261.62;3.70;937;6;1330.00;17
2971;6;21757242;2971;245;3906;3923;7.08;0.43;261.58;3.70;935;6;1331.00;17
2973;6;21757255;2973;244;3916;3935;7.08;0.43;261.60;3.69;943;6;1332.00;19
2975;6;21757270;2975;239;3917;3935;7.06;0.43;261.53;3.69;942;6;1333.00;18
2976;6;21757284;2976;236;3917;3935;7.10;0.43;261.54;3.69;941;6;1334.00;18
2976;6;21757298;2976;230;3917;3935;7.18;0.43;261.54;3.69;941;6;1335.00;18
2977;6;21757312;2977;231;3917;3935;7.26;0.44;261.46;3.69;940;6;1336.00;18
2978;6;21757323;2978;227;3917;3935;7.35;0.45;261.43;3.69;939;6;1337.00;18
2979;6;21757338;2979;228;3920;3939;7.44;0.45;261.41;3.69;941;6;1338.00;19
2981;6;21757354;2981;230;3920;3939;7.45;0.45;261.36;3.69;939;6;1339.00;19
2983;6;21757370;2983;220;3923;3943;7.55;0.46;261.33;3.68;940;6;1340.00;20
2983;6;21757386;2983;211;3923;3944;7.60;0.46;261.33;3.68;940;6;1341.00;21
2984;6;21757400;2984;204;3924;3944;7.65;0.46;261.27;3.68;940;6;1342.00;20
2986;6;21757414;2986;203;3924;3944;7.67;0.46;261.16;3.68;938;6;1343.00;20
2990;6;21757427;2990;198;3934;3957;7.71;0.47;261.47;3.67;944;6;1344.00;23
2992;6;21757442;2992;185;3935;3957;7.74;0.47;261.51;3.67;943;6;1345.00;22
2994;6;21757455;2994;184;3936;3957;7.78;0.47;261.49;3.68;942;6;1346.00;21
2994;6;21757468;2994;187;3937;3958;7.82;0.47;261.49;3.68;943;6;1347.00;21
2998;6;21757482;2998;191;3938;3959;7.78;0.47;261.44;3.70;940;6;1348.00;21
3000;6;21757496;3000;187;3939;3959;7.80;0.47;261.39;3.70;939;6;1349.00;20
3004;6;21757511;3004;190;3946;3968;7.77;0.47;261.60;3.70;942;6;1350.00;22
3004;6;21757524;3004;183;3948;3968;7.80;0.47;261.60;3.71;944;6;1351.00;20
3007;6;21757537;3007;180;3950;3968;7.83;0.47;261.68;3.72;943;6;1352.00;18
3007;6;21757551;3007;190;3951;3968;7.88;0.48;261.68;3.72;944;6;1353.00;17
3008;6;21757565;3008;192;3956;3974;7.94;0.48;261.68;3.72;948;6;1354.00;18
3011;6;21757579;3011;196;3957;3974;7.93;0.48;261.69;3.72;946;6;1355.00;17
3014;6;21757591;3014;197;3958;3974;7.96;0.48;261.69;3.74;944;6;1356.00;16
3016;6;21757605;3016;201;3958;3974;7.96;0.48;261.71;3.74;942;6;1357.00;16
3016;6;21757618;3016;206;3962;3978;7.92;0.48;261.71;3.75;946;6;1358.00;16
3018;6;21757632;3018;206;3963;3979;7.94;0.48;261.69;3.75;945;6;1359.00;16
3019;6;21757646;3019;216;3963;3979;7.94;0.48;261.70;3.75;944;6;1360.00;16
3023;6;21757658;3023;217;3966;3980;7.94;0.48;261.56;3.78;943;6;1361.00;14
3027;6;21757673;3027;218;3967;3980;7.96;0.48;261.65;3.78;940;6;1362.00;13
3027;6;21757688;3027;226;3968;3980;8.01;0.49;261.65;3.80;941;6;1363.00;12
3027;6;21757701;3027;234;3968;3980;8.02;0.49;261.65;3.80;941;6;1364.00;12
3031;6;21757718;3031;232;3968;3980;8.06;0.49;261.64;3.80;937;6;1365.00;12
3034;6;21757736;3034;239;3970;3980;8.03;0.49;261.71;3.83;936;6;1366.00;10
3037;6;21757752;3037;239;3971;3980;7.99;0.49;261.82;3.85;934;6;1367.00;9
3039;6;21757770;3039;245;4013;4050;8.07;0.49;261.81;3.81;974;6;1368.00;37
3041;6;21757795;3041;240;4015;4051;8.02;0.49;261.82;3.80;974;6;1369.00;36
3042;6;21757813;3042;236;4024;4051;7.98;0.49;261.86;3.83;982;6;1370.00;27
3044;6;21757829;3044;236;4026;4051;7.92;0.48;261.83;3.84;982;6;1371.00;25
3048;6;21757843;3048;232;4031;4051;7.83;0.48;262.02;3.86;983;6;1372.00;20
3051;6;21757856;3051;243;4032;4051;7.70;0.47;261.95;3.86;981;6;1373.00;19
3054;6;21757870;3054;246;4037;4051;7.61;0.47;262.09;3.87;983;6;1374.00;14
3056;6;21757886;3056;241;4040;4051;7.57;0.46;262.20;3.87;984;6;1375.00;11
3058;6;21757901;3058;242;4044;4052;7.53;0.46;262.18;3.88;986;6;1376.00;8
3060;6;21757917;3060;245;4047;4053;7.57;0.46;262.10;3.89;987;6;1377.00;6
3060;6;21757934;3060;247;4049;4053;7.63;0.47;262.10;3.89;989;6;1378.00;4
3063;6;21757948;3063;247;4055;4057;7.56;0.46;262.11;3.89;992;6;1379.00;2
3067;6;21757970;3067;250;4056;4057;7.55;0.46;262.12;3.89;989;6;1380.00;1
3068;6;21757986;3068;247;4057;4057;7.52;0.46;262.09;3.89;989;6;1381.00;0
3069;6;21758000;3069;253;4057;4057;7.52;0.46;262.12;3.89;988;6;1382.00;0
3073;6;21758014;3073;262;4063;4063;7.52;0.46;262.33;3.88;990;6;1383.00;0
3074;6;21758029;3074;266;4063;4063;7.56;0.46;262.32;3.88;989;6;1384.00;0
3077;6;21758041;3077;263;4063;4063;7.54;0.46;262.53;3.88;986;6;1385.00;0
3081;6;21758055;3081;264;4065;4066;7.53;0.46;262.56;3.88;984;6;1386.00;1
3085;6;21758070;3085;269;4065;4066;7.48;0.46;262.51;3.88;980;6;1387.00;1
3089;6;21758085;3089;270;4066;4066;7.39;0.45;262.62;3.88;977;6;1388.00;0
3093;6;21758099;3093;269;4067;4067;7.27;0.44;262.70;3.88;974;6;1389.00;0
3099;6;21758114;3099;274;4068;4068;7.16;0.43;262.68;3.88;969;6;1390.00;0
3101;6;21758127;3101;281;4068;4068;7.07;0.43;262.82;3.88;967;6;1391.00;0
3103;6;21758139;3103;289;4081;4081;7.03;0.43;262.87;3.87;978;6;1392.00;0
3106;6;21758153;3106;290;4081;4081;6.99;0.43;262.81;3.87;975;6;1393.00;0
3109;6;21758167;3109;289;4081;4081;7.01;0.43;262.94;3.87;972;6;1394.00;0
3116;6;21758181;3116;291;4083;4083;7.05;0.43;262.98;3.87;967;6;1395.00;0
3119;6;21758195;3119;295;4083;4083;7.08;0.43;262.92;3.87;964;6;1396.00;0
3121;6;21758207;3121;293;4087;4087;7.15;0.44;263.02;3.86;966;6;1397.00;0
3126;6;21758220;3126;293;4087;4087;7.05;0.43;263.12;3.86;961;6;1398.00;0
3128;6;21758233;3128;297;4091;4091;6.96;0.42;263.15;3.86;963;6;1399.00;0
3132;6;21758247;3132;285;4091;4091;6.86;0.42;263.32;3.86;959;6;1400.00;0
3136;6;21758265;3136;286;4091;4091;6.79;0.41;263.43;3.86;955;6;1401.00;0
3139;6;21758278;3139;279;4091;4091;6.72;0.41;263.44;3.86;952;6;1402.00;0
3141;6;21758291;3141;272;4091;4091;6.71;0.41;263.67;3.86;950;6;1403.00;0
3147;6;21758305;3147;276;4101;4103;6.74;0.41;264.07;3.85;954;6;1404.00;2
3148;6;21758319;3148;272;4101;4103;6.72;0.41;264.04;3.85;953;6;1405.00;2
3151;6;21758333;3151;279;4103;4103;6.75;0.41;264.27;3.85;952;6;1406.00;0
3156;6;21758346;3156;273;4103;4103;6.74;0.41;264.40;3.85;947;6;1407.00;0
3158;6;21758357;3158;272;4103;4103;6.76;0.41;264.59;3.85;945;6;1408.00;0
3160;6;21758370;3160;269;4103;4103;6.79;0.41;264.72;3.85;943;6;1409.00;0
3164;6;21758385;3164;265;4104;4104;6.72;0.41;265.10;3.85;940;6;1410.00;0
3167;6;21758399;3167;259;4104;4104;6.71;0.41;265.18;3.85;937;6;1411.00;0
3171;6;21758411;3171;261;4110;4110;6.75;0.41;265.29;3.85;939;6;1412.00;0
3175;6;21758423;3175;269;4111;4111;6.72;0.41;265.42;3.85;936;6;1413.00;0
3178;6;21758438;3178;273;4111;4111;6.71;0.41;265.56;3.85;933;6;1414.00;0
3179;6;21758453;3179;271;4111;4111;6.69;0.41;265.56;3.85;932;6;1415.00;0
3183;6;21758469;3183;279;4115;4115;6.68;0.41;265.62;3.84;932;6;1416.00;0
3187;6;21758485;3187;280;4115;4115;6.63;0.41;265.68;3.84;928;6;1417.00;0
3190;6;21758498;3190;286;4115;4115;6.50;0.40;265.64;3.84;925;6;1418.00;0
3195;6;21758512;3195;292;4116;4116;6.40;0.39;265.69;3.84;921;6;1419.00;0
3200;6;21758523;3200;298;4120;4120;6.33;0.39;265.83;3.84;920;6;1420.00;0
3204;6;21758537;3204;305;4120;4120;6.30;0.39;265.92;3.84;916;6;1421.00;0
3210;6;21758550;3210;307;4122;4123;6.30;0.39;265.98;3.84;912;6;1422.00;1
3216;6;21758565;3216;304;4122;4123;6.27;0.38;265.94;3.84;906;6;1423.00;1
3221;6;21758577;3221;308;4123;4123;6.28;0.38;266.09;3.84;902;6;1424.00;0
3227;6;21758589;3227;308;4123;4123;6.25;0.38;266.21;3.84;896;6;1425.00;0
3229;6;21758603;3229;307;4127;4127;6.28;0.38;266.38;3.83;898;6;1426.00;0
3232;6;21758616;3232;311;4127;4127;6.25;0.38;266.43;3.83;895;6;1427.00;0
3234;6;21758629;3234;310;4127;4127;6.26;0.38;266.60;3.83;893;6;1428.00;0
3239;6;21758640;3239;308;4127;4127;6.26;0.38;266.92;3.83;888;6;1429.00;0
3241;6;21758653;3241;312;4128;4128;6.28;0.38;266.97;3.83;887;6;1430.00;0
3246;6;21758666;3246;313;4129;4129;6.29;0.39;267.18;3.83;883;6;1431.00;0
3250;6;21758679;3250;315;4129;4129;6.28;0.38;267.19;3.83;879;6;1432.00;0
3252;6;21758690;3252;314;4130;4130;6.32;0.39;267.19;3.83;878;6;1433.00;0
3256;6;21758702;3256;319;4130;4130;6.27;0.39;267.28;3.83;874;6;1434.00;0
3262;6;21758716;3262;321;4130;4130;6.26;0.38;267.37;3.83;868;6;1435.00;0
3264;6;21758728;3264;325;4130;4130;6.28;0.39;267.39;3.83;866;6;1436.00;0
3266;7;21758739;3266;326;4130;4130;6.26;0.39;267.37;3.83;864;7;1437.00;0
3268;7;21758763;3268;334;4130;4130;6.28;0.39;267.37;3.83;862;7;1438.00;0
3271;7;21758774;3271;336;4130;4130;6.25;0.38;267.34;3.83;859;7;1439.00;0
3275;7;21758787;3275;376;4239;4360;6.71;0.43;267.48;3.73;964;7;1440.00;121
3280;7;21758821;3280;375;4247;4361;6.71;0.43;267.67;3.73;967;7;1441.00;114
3285;7;21758836;3285;372;4262;4361;6.80;0.43;267.61;3.72;977;7;1442.00;99
3285;7;21758849;3285;375;4272;4361;6.78;0.43;267.61;3.72;987;7;1443.00;89
3289;7;21758862;3289;381;4281;4361;6.72;0.42;267.68;3.72;992;7;1444.00;80
3293;7;21758882;3293;383;4288;4361;6.62;0.42;267.78;3.72;995;7;1445.00;73
3299;7;21758895;3299;386;4296;4361;6.56;0.41;268.03;3.73;997;7;1446.00;65
3301;7;21758908;3301;385;4303;4361;6.53;0.41;268.30;3.73;1002;7;1447.00;58
3303;7;21758929;3303;382;4309;4362;6.51;0.41;268.46;3.74;1006;7;1448.00;53
3304;7;21758941;3304;380;4314;4363;6.56;0.41;268.43;3.74;1010;7;1449.00;49
3307;7;21758955;3307;383;4320;4363;6.56;0.41;268.61;3.75;1013;7;1450.00;43
3312;7;21758969;3312;382;4325;4364;6.52;0.41;268.72;3.76;1013;7;1451.00;39
3315;7;21758984;3315;383;4328;4364;6.47;0.41;268.71;3.77;1013;7;1452.00;36
3319;7;21758998;3319;390;4331;4364;6.39;0.40;268.67;3.77;1012;7;1453.00;33
3326;7;21759013;3326;398;4332;4364;6.32;0.39;269.03;3.78;1006;7;1454.00;32
3328;7;21759027;3328;404;4336;4368;6.28;0.39;269.13;3.78;1008;7;1455.00;32
3331;7;21759040;3331;393;4337;4368;6.31;0.39;269.30;3.78;1006;7;1456.00;31
3335;7;21759060;3335;387;4338;4368;6.37;0.40;269.44;3.78;1003;7;1457.00;30
3339;7;21759087;3339;386;4340;4371;6.42;0.40;269.32;3.78;1001;7;1458.00;31
3342;7;21759102;3342;384;4340;4371;6.45;0.40;269.29;3.78;998;7;1459.00;31
3346;7;21759116;3346;374;4341;4371;6.47;0.40;269.25;3.79;995;7;1460.00;30
3351;7;21759131;3351;377;4345;4375;6.55;0.40;269.05;3.79;994;7;1461.00;30
3353;7;21759153;3353;375;4347;4376;6.62;0.41;269.05;3.79;994;7;1462.00;29
3356;7;21759167;3356;378;4348;4376;6.70;0.41;268.95;3.79;992;7;1463.00;28
3358;7;21759182;3358;380;4350;4380;6.79;0.42;268.90;3.79;992;7;1464.00;30
3360;7;21759197;3360;379;4353;4380;6.87;0.42;268.88;3.80;993;7;1465.00;27
3362;7;21759211;3362;381;4354;4380;6.97;0.43;268.94;3.80;992;7;1466.00;26
3364;7;21759224;3364;374;4354;4381;6.99;0.43;268.90;3.80;990;7;1467.00;27
3368;7;21759238;3368;381;4354;4381;7.00;0.43;268.76;3.80;986;7;1468.00;27
3368;7;21759254;3368;381;4361;4387;7.09;0.43;268.76;3.81;993;7;1469.00;26
3371;7;21759271;3371;386;4361;4387;7.15;0.44;268.89;3.81;990;7;1470.00;26
3375;7;21759288;3375;387;4362;4388;7.18;0.44;268.81;3.82;987;7;1471.00;26
3376;7;21759304;3376;387;4364;4388;7.17;0.44;268.74;3.83;988;7;1472.00;24
3378;7;21759320;3378;387;4364;4388;7.17;0.44;268.72;3.83;986;7;1473.00;24
3378;7;21759335;3378;386;4364;4388;7.14;0.44;268.72;3.83;986;7;1474.00;24
3379;7;21759358;3379;394;4364;4388;7.07;0.43;268.65;3.83;985;7;1475.00;24
3381;7;21759372;3381;396;4377;4400;7.03;0.43;268.61;3.84;996;7;1476.00;23
3383;7;21759387;3383;402;4378;4400;6.97;0.42;268.60;3.84;995;7;1477.00;22
3385;7;21759401;3385;403;4379;4400;6.95;0.42;268.55;3.84;994;7;1478.00;21
3385;7;21759415;3385;403;4379;4400;6.91;0.42;268.55;3.84;994;7;1479.00;21
3387;7;21759429;3387;394;4379;4400;6.90;0.42;268.63;3.84;992;7;1480.00;21
3390;7;21759441;3390;388;4379;4400;6.89;0.42;268.64;3.84;989;7;1481.00;21
3392;7;21759456;3392;387;4382;4404;6.86;0.42;268.58;3.84;990;7;1482.00;22
3394;7;21759470;3394;386;4382;4404;6.87;0.42;268.53;3.84;988;7;1483.00;22
3394;7;21759484;3394;377;4386;4408;6.92;0.42;268.53;3.83;992;7;1484.00;22
3394;7;21759498;3394;377;4388;4410;6.98;0.42;268.53;3.83;994;7;1485.00;22
3395;7;21759512;3395;375;4388;4410;7.01;0.43;268.51;3.83;993;7;1486.00;22
3395;7;21759525;3395;378;4388;4410;7.05;0.43;268.51;3.83;993;7;1487.00;22
3396;7;21759538;3396;376;4397;4423;7.14;0.43;268.48;3.82;1001;7;1488.00;26
3397;7;21759553;3397;372;4397;4423;7.15;0.43;268.50;3.82;1000;7;1489.00;26
3399;7;21759581;3399;365;4397;4423;7.19;0.44;268.56;3.82;998;7;1490.00;26
3399;7;21759595;3399;355;4398;4424;7.27;0.44;268.56;3.82;999;7;1491.00;26
3399;7;21759607;3399;350;4398;4425;7.31;0.44;268.56;3.82;999;7;1492.00;27
3403;7;21759622;3403;339;4398;4425;7.27;0.44;268.67;3.82;995;7;1493.00;27
3405;7;21759637;3405;335;4400;4428;7.29;0.44;268.62;3.82;995;7;1494.00;28
3406;7;21759652;3406;329;4400;4428;7.27;0.44;268.64;3.82;994;7;1495.00;28
3407;7;21759666;3407;327;4401;4428;7.33;0.44;268.57;3.82;994;7;1496.00;27
3409;7;21759680;3409;328;4401;4428;7.31;0.44;268.68;3.82;992;7;1497.00;27
3411;7;21759695;3411;320;4406;4434;7.36;0.44;268.63;3.82;995;7;1498.00;28
3412;7;21759708;3412;318;4406;4434;7.39;0.45;268.57;3.82;994;7;1499.00;28
3415;7;21759733;3415;321;4410;4453;7.35;0.44;268.66;3.81;995;7;1500.00;43
3420;7;21759764;3420;310;4410;4453;7.32;0.44;268.70;3.81;990;7;1501.00;43
3421;7;21759789;3421;312;4413;4457;7.29;0.44;268.70;3.81;992;7;1502.00;44
3424;7;21759806;3424;306;4414;4458;7.30;0.44;268.76;3.81;990;7;1503.00;44
3427;7;21759824;3427;299;4414;4458;7.31;0.44;268.86;3.81;987;7;1504.00;44
3429;7;21759839;3429;294;4417;4459;7.30;0.44;268.81;3.84;988;7;1505.00;42
3432;7;21759854;3432;288;4419;4459;7.25;0.44;268.90;3.84;987;7;1506.00;40
3436;7;21759869;3436;283;4419;4459;7.24;0.44;268.92;3.84;983;7;1507.00;40
3438;7;21759883;3438;276;4419;4459;7.30;0.44;269.01;3.84;981;7;1508.00;40
3442;7;21759897;3442;269;4419;4459;7.34;0.44;269.02;3.84;977;7;1509.00;40
3442;7;21759912;3442;265;4419;4459;7.40;0.45;269.02;3.84;977;7;1510.00;40
3445;7;21759924;3445;260;4419;4459;7.42;0.45;269.12;3.84;974;7;1511.00;40
3447;7;21759947;3447;270;4454;4529;7.45;0.45;269.31;3.81;1007;7;1512.00;75
3447;7;21759967;3447;262;4455;4530;7.51;0.46;269.31;3.81;1008;7;1513.00;75
3452;7;21759989;3452;251;4459;4530;7.61;0.46;269.19;3.81;1007;7;1514.00;71
3454;7;21760004;3454;253;4460;4530;7.70;0.47;269.24;3.81;1006;7;1515.00;70
3457;7;21760019;3457;251;4463;4530;7.81;0.48;269.30;3.81;1006;7;1516.00;67
3460;7;21760034;3460;256;4467;4530;7.84;0.48;269.36;3.82;1007;7;1517.00;63
3462;8;21760049;3462;257;4469;4530;7.95;0.48;269.43;3.82;1007;8;1518.00;61
3466;8;21760078;3466;256;4471;4530;8.00;0.48;269.60;3.82;1005;8;1519.00;59
3468;8;21760093;3468;249;4472;4531;8.01;0.49;269.53;3.82;1004;8;1520.00;59
3470;8;21760106;3470;245;4474;4532;8.10;0.49;269.64;3.82;1004;8;1521.00;58
3473;8;21760121;3473;244;4478;4532;8.16;0.49;269.81;3.85;1005;8;1522.00;54
3476;8;21760137;3476;249;4487;4536;8.13;0.49;269.92;3.86;1011;8;1523.00;49
3478;8;21760152;3478;248;4490;4536;8.13;0.49;269.98;3.86;1012;8;1524.00;46
3480;8;21760166;3480;249;4491;4536;8.10;0.49;270.07;3.88;1011;8;1525.00;45
3483;8;21760182;3483;247;4491;4536;8.12;0.49;270.12;3.88;1008;8;1526.00;45
3485;8;21760197;3485;254;4497;4542;8.12;0.49;270.24;3.90;1012;8;1527.00;45
3487;8;21760212;3487;254;4498;4542;8.12;0.49;270.35;3.91;1011;8;1528.00;44
3490;8;21760226;3490;254;4500;4542;8.13;0.49;270.41;3.93;1010;8;1529.00;42
3492;8;21760242;3492;251;4503;4548;8.11;0.49;270.66;3.93;1011;8;1530.00;45
3494;8;21760257;3494;256;4506;4548;8.15;0.49;270.69;3.93;1012;8;1531.00;42
3496;8;21760272;3496;263;4509;4548;8.15;0.49;270.95;3.96;1013;8;1532.00;39
3504;8;21760287;3504;267;4511;4549;8.12;0.49;270.84;3.99;1007;8;1533.00;38
3506;8;21760303;3506;273;4515;4550;8.12;0.49;270.77;4.04;1009;8;1534.00;35
3509;8;21760318;3509;280;4519;4550;8.05;0.49;271.05;4.09;1010;8;1535.00;31
3514;8;21760334;3514;282;4527;4563;7.93;0.48;271.08;4.11;1013;8;1536.00;36
3515;8;21760351;3515;286;4531;4563;7.91;0.48;271.14;4.14;1016;8;1537.00;32
3519;8;21760368;3519;291;4534;4563;7.88;0.48;271.21;4.17;1015;8;1538.00;29
3520;8;21760384;3520;290;4539;4564;7.84;0.48;271.27;4.22;1019;8;1539.00;25
3524;8;21760399;3524;295;4541;4564;7.82;0.47;271.28;4.24;1017;8;1540.00;23
3526;8;21760419;3526;298;4547;4568;7.81;0.47;271.37;4.25;1021;8;1541.00;21
3527;8;21760434;3527;305;4549;4568;7.78;0.47;271.30;4.27;1022;8;1542.00;19
3529;8;21760450;3529;302;4553;4572;7.76;0.47;271.34;4.28;1024;8;1543.00;19
3530;8;21760465;3530;302;4554;4572;7.73;0.47;271.46;4.29;1024;8;1544.00;18
3534;8;21760480;3534;307;4555;4572;7.65;0.46;271.49;4.30;1021;8;1545.00;17
3537;8;21760495;3537;306;4557;4572;7.58;0.46;271.57;4.32;1020;8;1546.00;15
3538;8;21760509;3538;314;4557;4572;7.53;0.46;271.52;4.32;1019;8;1547.00;15
3540;8;21760522;3540;319;4570;4584;7.53;0.46;271.55;4.33;1030;8;1548.00;14
3541;8;21760538;3541;313;4571;4584;7.49;0.46;271.59;4.33;1030;8;1549.00;13
3546;8;21760553;3546;315;4572;4584;7.48;0.46;271.64;4.33;1026;8;1550.00;12
3549;8;21760568;3549;314;4574;4584;7.45;0.46;271.70;4.35;1025;8;1551.00;10
3550;8;21760583;3550;310;4575;4584;7.41;0.45;271.75;4.36;1025;8;1552.00;9
3553;8;21760597;3553;311;4576;4584;7.39;0.45;271.85;4.37;1023;8;1553.00;8
3555;8;21760612;3555;310;4578;4585;7.36;0.45;271.91;4.38;1023;8;1554.00;7
3556;8;21760626;3556;309;4580;4587;7.41;0.45;271.93;4.38;1024;8;1555.00;7
3559;8;21760640;3559;304;4587;4593;7.50;0.46;272.11;4.37;1028;8;1556.00;6
3559;8;21760659;3559;303;4589;4594;7.57;0.46;272.11;4.38;1030;8;1557.00;5
3564;8;21760673;3564;304;4589;4594;7.58;0.47;272.25;4.38;1025;8;1558.00;5
3568;8;21760689;3568;307;4590;4594;7.58;0.47;272.37;4.38;1022;8;1559.00;4
3572;8;21760706;3572;314;4595;4599;7.59;0.46;272.45;4.38;1023;8;1560.00;4
3573;8;21760725;3573;310;4596;4599;7.60;0.47;272.54;4.39;1023;8;1561.00;3
3577;8;21760741;3577;314;4597;4599;7.55;0.46;272.89;4.39;1020;8;1562.00;2
3578;8;21760755;3578;310;4598;4600;7.53;0.46;272.85;4.39;1020;8;1563.00;2
3583;8;21760770;3583;318;4602;4604;7.40;0.45;273.09;4.39;1019;8;1564.00;2
3586;8;21760785;3586;316;4603;4604;7.33;0.45;273.10;4.39;1017;8;1565.00;1
3593;8;21760800;3593;315;4605;4607;7.30;0.45;273.25;4.38;1012;8;1566.00;2
3597;8;21760814;3597;324;4605;4607;7.26;0.45;273.32;4.38;1008;8;1567.00;2
3602;8;21760829;3602;324;4607;4607;7.19;0.44;273.50;4.38;1005;8;1568.00;0
3606;8;21760844;3606;327;4607;4607;7.15;0.44;273.49;4.38;1001;8;1569.00;0
3610;8;21760856;3610;331;4611;4611;7.13;0.44;273.60;4.38;1001;8;1570.00;0
3616;8;21760870;3616;337;4611;4611;7.09;0.43;273.62;4.38;995;8;1571.00;0
3622;8;21760884;3622;336;4611;4611;6.95;0.42;273.61;4.38;989;8;1572.00;0
3625;8;21760898;3625;341;4611;4611;6.83;0.42;273.58;4.38;986;8;1573.00;0
3628;8;21760911;3628;345;4612;4612;6.65;0.41;273.66;4.38;984;8;1574.00;0
3629;8;21760922;3629;336;4614;4614;6.54;0.40;273.64;4.38;985;8;1575.00;0
3635;8;21760935;3635;333;4614;4614;6.38;0.39;273.69;4.38;979;8;1576.00;0
3637;8;21760948;3637;329;4615;4615;6.28;0.38;273.76;4.38;978;8;1577.00;0
3639;8;21760961;3639;332;4615;4615;6.22;0.38;273.82;4.38;976;8;1578.00;0
3647;8;21760971;3647;334;4615;4615;6.16;0.38;273.95;4.38;968;8;1579.00;0
3651;8;21760985;3651;333;4615;4615;6.17;0.38;274.11;4.38;964;8;1580.00;0
3654;8;21760997;3654;336;4615;4615;6.14;0.38;274.24;4.38;961;8;1581.00;0
3658;8;21761010;3658;326;4615;4615;6.10;0.37;274.50;4.38;957;8;1582.00;0
3660;8;21761021;3660;325;4615;4615;6.11;0.38;274.56;4.38;955;8;1583.00;0
3665;8;21761034;3665;330;4688;4742;6.36;0.40;274.62;4.31;1023;8;1584.00;54
3668;8;21761058;3668;324;4695;4743;6.34;0.40;274.73;4.31;1027;8;1585.00;48
3670;8;21761071;3670;322;4704;4743;6.41;0.40;274.72;4.30;1034;8;1586.00;39
3671;8;21761084;3671;325;4705;4743;6.35;0.40;274.78;4.30;1034;8;1587.00;38
3677;8;21761098;3677;327;4711;4743;6.33;0.39;274.90;4.30;1034;8;1588.00;32
3680;8;21761111;3680;329;4714;4743;6.27;0.39;274.91;4.30;1034;8;1589.00;29
3683;8;21761134;3683;330;4717;4743;6.20;0.39;274.95;4.30;1034;8;1590.00;26
3687;8;21761147;3687;335;4720;4743;6.14;0.38;274.94;4.30;1033;8;1591.00;23
3692;8;21761161;3692;347;4723;4744;6.10;0.38;275.03;4.31;1031;8;1592.00;21
3693;8;21761174;3693;355;4725;4745;6.10;0.38;275.06;4.31;1032;8;1593.00;20
3697;8;21761188;3697;365;4730;4745;6.08;0.38;275.33;4.31;1033;8;1594.00;15
3703;8;21761201;3703;367;4733;4746;6.01;0.37;275.50;4.32;1030;8;1595.00;13
3707;8;21761215;3707;372;4735;4746;5.97;0.37;275.62;4.32;1028;8;1596.00;11
3716;8;21761229;3716;381;4737;4746;5.95;0.37;275.90;4.32;1021;8;1597.00;9
3717;8;21761242;3717;385;4739;4746;5.99;0.37;275.94;4.33;1022;8;1598.00;7
3723;8;21761255;3723;386;4743;4750;5.89;0.37;276.14;4.32;1020;8;1599.00;7
3725;8;21761284;3725;394;4744;4750;5.80;0.36;276.14;4.32;1019;8;1600.00;6
3730;8;21761302;3730;392;4745;4750;5.72;0.35;276.32;4.33;1015;8;1601.00;5
3733;8;21761316;3733;402;4747;4753;5.70;0.35;276.31;4.33;1014;8;1602.00;6
3735;8;21761330;3735;411;4747;4753;5.67;0.35;276.31;4.33;1012;8;1603.00;6
3739;8;21761342;3739;407;4748;4753;5.60;0.35;276.33;4.33;1009;8;1604.00;5
3744;8;21761363;3744;413;4753;4757;5.55;0.34;276.28;4.33;1009;8;1605.00;4
3750;8;21761376;3750;420;4755;4758;5.50;0.34;276.10;4.34;1005;8;1606.00;3
3753;8;21761390;3753;423;4756;4758;5.45;0.34;276.10;4.34;1003;8;1607.00;2
3759;8;21761403;3759;433;4759;4762;5.40;0.33;275.96;4.34;1000;8;1608.00;3
3764;8;21761418;3764;430;4759;4762;5.41;0.33;276.06;4.34;995;8;1609.00;3
3767;8;21761432;3767;425;4759;4762;5.44;0.33;276.16;4.34;992;8;1610.00;3
3769;8;21761446;3769;433;4760;4763;5.42;0.33;276.18;4.34;991;8;1611.00;3
3770;8;21761458;3770;440;4761;4763;5.45;0.33;276.23;4.34;991;8;1612.00;2
3772;8;21761471;3772;440;4765;4769;5.45;0.33;276.21;4.33;993;8;1613.00;4
3779;8;21761485;3779;438;4766;4769;5.36;0.33;276.06;4.33;987;8;1614.00;3
3782;8;21761498;3782;442;4766;4770;5.33;0.33;276.18;4.33;984;8;1615.00;4
3789;8;21761509;3789;446;4766;4770;5.25;0.32;276.26;4.33;977;8;1616.00;4
3794;8;21761522;3794;454;4766;4770;5.19;0.32;276.17;4.33;972;8;1617.00;4
3798;8;21761534;3798;455;4766;4770;5.15;0.31;276.14;4.33;968;8;1618.00;4
3802;8;21761547;3802;456;4766;4770;5.14;0.31;276.26;4.33;964;8;1619.00;4
3803;8;21761560;3803;462;4795;4806;5.36;0.33;276.28;4.31;992;8;1620.00;11
3808;8;21761576;3808;459;4795;4806;5.35;0.33;276.29;4.31;987;8;1621.00;11
3813;8;21761588;3813;452;4797;4806;5.33;0.33;276.19;4.31;984;8;1622.00;9
3817;8;21761602;3817;437;4797;4806;5.26;0.32;276.27;4.31;980;8;1623.00;9
3817;8;21761615;3817;434;4798;4806;5.33;0.33;276.27;4.31;981;8;1624.00;8
3818;8;21761627;3818;432;4798;4806;5.39;0.33;276.30;4.31;980;8;1625.00;8
3819;8;21761639;3819;439;4802;4810;5.48;0.34;276.30;4.30;983;8;1626.00;8
3822;8;21761652;3822;441;4802;4810;5.46;0.34;276.23;4.30;980;8;1627.00;8
3824;8;21761666;3824;447;4806;4814;5.53;0.34;276.29;4.30;982;8;1628.00;8
3826;8;21761681;3826;443;4807;4815;5.55;0.34;276.29;4.30;981;8;1629.00;8
3829;8;21761694;3829;451;4807;4815;5.56;0.34;276.28;4.30;978;8;1630.00;8
3830;8;21761713;3830;434;4807;4815;5.58;0.34;276.26;4.30;977;8;1631.00;8
3833;8;21761732;3833;425;4818;4828;5.71;0.35;276.16;4.29;985;8;1632.00;10
3834;8;21761751;3834;413;4818;4828;5.78;0.35;276.16;4.29;984;8;1633.00;10
3834;8;21761769;3834;411;4818;4828;5.87;0.36;276.16;4.29;984;8;1634.00;10
3835;8;21761785;3835;406;4819;4829;5.94;0.36;276.18;4.29;984;8;1635.00;10
3835;8;21761802;3835;402;4819;4830;5.99;0.36;276.18;4.29;984;8;1636.00;11
3836;8;21761818;3836;390;4819;4830;6.08;0.37;276.23;4.29;983;8;1637.00;11
3837;8;21761834;3837;376;4821;4833;6.19;0.38;276.17;4.29;984;8;1638.00;12
3837;8;21761849;3837;368;4821;4833;6.28;0.38;276.17;4.29;984;8;1639.00;12
3837;8;21761872;3837;369;4822;4833;6.41;0.39;276.17;4.29;985;8;1640.00;11
3839;8;21761888;3839;360;4822;4833;6.49;0.39;276.20;4.29;983;8;1641.00;11
3841;8;21761904;3841;347;4827;4839;6.58;0.40;276.24;4.28;986;8;1642.00;12
3841;8;21761921;3841;339;4827;4839;6.63;0.40;276.24;4.28;986;8;1643.00;12
3842;8;21761937;3842;324;4827;4839;6.66;0.40;276.36;4.28;985;8;1644.00;12
3844;8;21761953;3844;321;4827;4839;6.69;0.41;276.32;4.28;983;8;1645.00;12
3845;8;21761968;3845;320;4830;4843;6.74;0.41;276.36;4.28;985;8;1646.00;13
3845;8;21761984;3845;318;4831;4844;6.84;0.41;276.36;4.28;986;8;1647.00;13
3847;8;21762000;3847;317;4831;4844;6.87;0.42;276.36;4.28;984;8;1648.00;13
3850;8;21762016;3850;316;4832;4845;6.92;0.42;276.31;4.28;982;8;1649.00;13
3851;8;21762034;3851;314;4832;4845;7.00;0.42;276.24;4.28;981;8;1650.00;13
3852;8;21762057;3852;311;4832;4845;7.09;0.43;276.26;4.28;980;8;1651.00;13
3855;8;21762074;3855;307;4832;4845;7.15;0.43;276.30;4.28;977;8;1652.00;13
3855;8;21762089;3855;304;4832;4845;7.15;0.43;276.30;4.28;977;8;1653.00;13
3855;8;21762108;3855;303;4832;4845;7.19;0.44;276.30;4.28;977;8;1654.00;13
3856;9;21762122;3856;302;4832;4845;7.21;0.44;276.29;4.28;976;9;1655.00;13
3857;9;21762153;3857;313;4867;4915;7.17;0.44;276.34;4.25;1010;9;1656.00;48
3859;9;21762177;3859;302;4868;4916;7.20;0.44;276.39;4.25;1009;9;1657.00;48
3862;9;21762192;3862;303;4875;4916;7.24;0.44;276.56;4.25;1013;9;1658.00;41
3866;9;21762208;3866;299;4879;4916;7.26;0.44;276.59;4.25;1013;9;1659.00;37
3867;9;21762223;3867;302;4882;4916;7.30;0.44;276.59;4.24;1015;9;1660.00;34
3870;9;21762239;3870;306;4887;4916;7.34;0.45;276.75;4.25;1017;9;1661.00;29
3871;9;21762255;3871;311;4890;4916;7.39;0.45;276.84;4.25;1019;9;1662.00;26
3875;9;21762272;3875;317;4892;4916;7.47;0.45;276.79;4.25;1017;9;1663.00;24
3876;9;21762289;3876;322;4894;4917;7.56;0.46;276.81;4.25;1018;9;1664.00;23
3879;9;21762306;3879;320;4897;4919;7.63;0.46;276.86;4.25;1018;9;1665.00;22
3880;9;21762324;3880;313;4899;4919;7.65;0.46;276.91;4.25;1019;9;1666.00;20
3882;9;21762346;3882;307;4903;4923;7.67;0.47;276.97;4.25;1021;9;1667.00;20
3885;9;21762365;3885;310;4904;4923;7.73;0.47;277.12;4.25;1019;9;1668.00;19
3888;9;21762384;3888;301;4904;4923;7.76;0.47;277.20;4.25;1016;9;1669.00;19
3890;9;21762403;3890;294;4904;4923;7.80;0.47;277.14;4.25;1014;9;1670.00;19
3894;9;21762421;3894;297;4908;4929;7.84;0.48;277.22;4.25;1014;9;1671.00;21
3895;9;21762439;3895;287;4908;4929;7.88;0.48;277.25;4.25;1013;9;1672.00;21
3897;9;21762456;3897;288;4908;4929;7.89;0.48;277.38;4.25;1011;9;1673.00;21
3898;9;21762473;3898;290;4910;4932;7.95;0.48;277.39;4.25;1012;9;1674.00;22
3899;9;21762493;3899;288;4910;4932;7.97;0.48;277.41;4.25;1011;9;1675.00;22
3902;9;21762510;3902;281;4911;4932;8.04;0.49;277.55;4.25;1009;9;1676.00;21
3906;9;21762527;3906;287;4911;4933;8.01;0.49;277.60;4.25;1005;9;1677.00;22
3908;9;21762542;3908;284;4912;4934;8.01;0.49;277.55;4.25;1004;9;1678.00;22
3911;9;21762558;3911;284;4913;4934;7.96;0.48;277.72;4.26;1002;9;1679.00;21
3917;9;21762578;3917;281;4933;4960;7.86;0.48;277.91;4.24;1016;9;1680.00;27
3920;9;21762597;3920;276;4934;4960;7.80;0.47;277.85;4.26;1014;9;1681.00;26
3923;9;21762614;3923;267;4935;4960;7.74;0.47;277.87;4.26;1012;9;1682.00;25
3926;9;21762631;3926;262;4937;4961;7.77;0.47;277.89;4.25;1011;9;1683.00;24
3928;9;21762648;3928;263;4937;4961;7.75;0.47;277.97;4.25;1009;9;1684.00;24
3931;9;21762665;3931;265;4940;4965;7.79;0.47;278.05;4.25;1009;9;1685.00;25
3934;9;21762682;3934;258;4940;4965;7.82;0.48;278.05;4.25;1006;9;1686.00;25
3935;9;21762699;3935;256;4943;4969;7.84;0.48;278.08;4.25;1008;9;1687.00;26
3938;9;21762717;3938;257;4943;4969;7.89;0.48;278.15;4.25;1005;9;1688.00;26
3939;9;21762740;3939;251;4943;4969;7.93;0.48;278.16;4.25;1004;9;1689.00;26
3943;9;21762757;3943;253;4943;4969;7.98;0.48;278.14;4.25;1000;9;1690.00;26
3945;9;21762773;3945;250;4943;4969;7.99;0.48;278.28;4.25;998;9;1691.00;26
3951;9;21762790;3951;252;4953;4981;8.06;0.49;278.36;4.26;1002;9;1692.00;28
3955;9;21762811;3955;249;4955;4981;8.10;0.49;278.43;4.26;1000;9;1693.00;26
3958;9;21762832;3958;253;4956;4981;8.16;0.50;278.35;4.26;998;9;1694.00;25
3961;9;21762848;3961;251;4956;4981;8.17;0.50;278.32;4.26;995;9;1695.00;25
3965;9;21762867;3965;260;4956;4981;8.13;0.49;278.28;4.26;991;9;1696.00;25
3968;9;21762884;3968;255;4957;4981;8.09;0.49;278.54;4.27;989;9;1697.00;24
3969;9;21762901;3969;252;4957;4982;8.11;0.49;278.65;4.27;988;9;1698.00;25
3972;9;21762929;3972;255;4957;4982;8.08;0.49;278.91;4.27;985;9;1699.00;25
3974;9;21762950;3974;255;4962;4988;8.16;0.50;278.91;4.27;988;9;1700.00;26
3977;9;21762973;3977;256;4966;4989;8.11;0.49;279.09;4.29;989;9;1701.00;23
3981;9;21762990;3981;258;4966;4989;8.10;0.49;279.19;4.29;985;9;1702.00;23
3983;9;21763007;3983;258;4966;4989;8.07;0.49;279.25;4.29;983;9;1703.00;23
3986;9;21763028;3986;252;4970;4993;8.06;0.49;279.30;4.29;984;9;1704.00;23
3989;9;21763054;3989;264;4972;4993;8.04;0.49;279.41;4.32;983;9;1705.00;21
3991;9;21763071;3991;267;4972;4993;8.05;0.49;279.52;4.32;981;9;1706.00;21
3994;9;21763090;3994;271;4974;4994;8.06;0.49;279.69;4.33;980;9;1707.00;20
4001;9;21763108;4001;267;4978;4998;8.01;0.49;279.97;4.35;977;9;1708.00;20
4003;9;21763124;4003;267;4979;4998;8.05;0.49;279.88;4.36;976;9;1709.00;19
4006;9;21763144;4006;266;4983;5004;8.09;0.49;280.14;4.35;977;9;1710.00;21
4007;9;21763162;4007;271;4985;5004;8.13;0.49;280.10;4.37;978;9;1711.00;19
4011;9;21763181;4011;270;4987;5004;8.14;0.49;280.24;4.38;976;9;1712.00;17
4013;9;21763205;4013;275;4987;5004;8.15;0.50;280.26;4.38;974;9;1713.00;17
4016;9;21763222;4016;274;4993;5008;8.21;0.50;280.37;4.39;977;9;1714.00;15
4020;9;21763240;4020;274;4994;5008;8.19;0.50;280.50;4.41;974;9;1715.00;14
4023;9;21763257;4023;275;4994;5008;8.15;0.50;280.46;4.41;971;9;1716.00;14
4025;9;21763273;4025;274;4995;5008;8.07;0.49;280.42;4.42;970;9;1717.00;13
4029;9;21763299;4029;279;4998;5009;7.99;0.49;280.36;4.46;969;9;1718.00;11
4031;9;21763316;4031;278;4999;5010;7.90;0.48;280.44;4.46;968;9;1719.00;11
4034;9;21763333;4034;279;5000;5010;7.84;0.48;280.39;4.47;966;9;1720.00;10
4037;9;21763350;4037;278;5001;5011;7.82;0.48;280.51;4.47;964;9;1721.00;10
4041;9;21763368;4041;282;5002;5011;7.73;0.47;280.58;4.48;961;9;1722.00;9
4046;9;21763386;4046;280;5005;5011;7.66;0.47;280.54;4.50;959;9;1723.00;6
4048;9;21763403;4048;277;5006;5011;7.67;0.47;280.52;4.51;958;9;1724.00;5
4050;9;21763419;4050;278;5006;5011;7.66;0.47;280.56;4.51;956;9;1725.00;5
4052;9;21763436;4052;272;5008;5011;7.62;0.47;280.51;4.52;956;9;1726.00;3
4054;9;21763452;4054;267;5008;5011;7.59;0.47;280.56;4.52;954;9;1727.00;3
4056;9;21763467;4056;284;5077;5138;7.67;0.48;280.63;4.47;1021;9;1728.00;61
4060;9;21763496;4060;273;5081;5139;7.64;0.47;280.91;4.47;1021;9;1729.00;58
4063;9;21763512;4063;274;5089;5139;7.77;0.48;281.06;4.46;1026;9;1730.00;50
4067;9;21763527;4067;274;5093;5139;7.73;0.48;280.93;4.46;1026;9;1731.00;46
4070;9;21763541;4070;274;5098;5139;7.81;0.48;280.96;4.46;1028;9;1732.00;41
4071;9;21763556;4071;277;5101;5139;7.79;0.48;280.91;4.46;1030;9;1733.00;38
4072;9;21763571;4072;277;5102;5139;7.75;0.48;280.86;4.46;1030;9;1734.00;37
4075;9;21763587;4075;283;5105;5139;7.78;0.48;280.81;4.47;1030;9;1735.00;34
4079;9;21763604;4079;283;5107;5140;7.75;0.48;280.95;4.47;1028;9;1736.00;33
4083;9;21763620;4083;287;5112;5141;7.71;0.47;281.16;4.47;1029;9;1737.00;29
4084;9;21763637;4084;286;5116;5141;7.69;0.47;281.20;4.48;1032;9;1738.00;25
4088;9;21763655;4088;291;5120;5142;7.62;0.47;281.38;4.48;1032;9;1739.00;22
4092;9;21763674;4092;294;5123;5142;7.52;0.46;281.56;4.48;1031;9;1740.00;19
4097;9;21763690;4097;297;5127;5142;7.41;0.45;281.55;4.49;1030;9;1741.00;15
4101;9;21763706;4101;313;5129;5142;7.28;0.45;281.55;4.49;1028;9;1742.00;13
4104;9;21763727;4104;318;5135;5146;7.17;0.44;281.47;4.50;1031;9;1743.00;11
4107;9;21763745;4107;317;5136;5146;7.06;0.43;281.44;4.50;1029;9;1744.00;10
4111;9;21763763;4111;335;5139;5146;6.96;0.43;281.42;4.50;1028;9;1745.00;7
4114;9;21763786;4114;343;5141;5149;6.87;0.42;281.39;4.50;1027;9;1746.00;8
4119;9;21763805;4119;359;5144;5149;6.70;0.41;281.45;4.51;1025;9;1747.00;5
4123;9;21763826;4123;366;5144;5149;6.48;0.40;281.51;4.51;1021;9;1748.00;5
4126;9;21763842;4126;374;5148;5153;6.32;0.39;281.52;4.51;1022;9;1749.00;5
4129;9;21763860;4129;364;5150;5154;6.22;0.38;281.50;4.51;1021;9;1750.00;4
4135;9;21763873;4135;364;5151;5154;6.09;0.37;281.42;4.51;1016;9;1751.00;3
4140;9;21763889;4140;359;5154;5158;6.04;0.37;281.42;4.51;1014;9;1752.00;4
4147;9;21763905;4147;352;5157;5158;5.97;0.37;281.50;4.52;1010;9;1753.00;1
4152;9;21763922;4152;352;5158;5158;5.94;0.36;281.53;4.52;1006;9;1754.00;0
4156;9;21763938;4156;355;5160;5160;5.92;0.36;281.63;4.51;1004;9;1755.00;0
4158;9;21763954;4158;357;5160;5160;5.94;0.36;281.62;4.51;1002;9;1756.00;0
4161;9;21763968;4161;356;5166;5166;5.95;0.36;281.63;4.51;1005;9;1757.00;0
4168;9;21763985;4168;354;5166;5166;5.94;0.36;281.83;4.51;998;9;1758.00;0
4170;9;21764000;4170;358;5167;5167;5.95;0.36;281.85;4.51;997;9;1759.00;0
4171;9;21764015;4171;361;5167;5167;5.93;0.36;281.86;4.51;996;9;1760.00;0
4176;9;21764031;4176;353;5167;5167;5.82;0.36;281.94;4.51;991;9;1761.00;0
4177;9;21764045;4177;359;5167;5167;5.70;0.35;281.97;4.51;990;9;1762.00;0
4180;9;21764059;4180;361;5167;5167;5.57;0.34;281.93;4.51;987;9;1763.00;0
4184;9;21764072;4184;369;5178;5179;5.62;0.35;281.90;4.50;994;9;1764.00;1
4188;9;21764088;4188;377;5178;5179;5.60;0.35;281.86;4.50;990;9;1765.00;1
4192;9;21764103;4192;379;5179;5179;5.54;0.34;281.81;4.50;987;9;1766.00;0
4195;9;21764118;4195;385;5179;5179;5.52;0.34;281.73;4.50;984;9;1767.00;0
4196;9;21764132;4196;391;5179;5179;5.52;0.34;281.71;4.50;983;9;1768.00;0
4199;9;21764147;4199;402;5179;5179;5.48;0.34;281.64;4.50;980;9;1769.00;0
4203;9;21764163;4203;401;5183;5183;5.48;0.34;281.60;4.50;980;9;1770.00;0
4205;9;21764178;4205;408;5183;5183;5.49;0.34;281.68;4.50;978;9;1771.00;0
4209;9;21764202;4209;416;5187;5187;5.53;0.34;281.58;4.49;978;9;1772.00;0
4212;9;21764218;4212;420;5188;5188;5.57;0.34;281.56;4.49;976;9;1773.00;0
4215;9;21764232;4215;424;5188;5188;5.51;0.34;281.57;4.49;973;9;1774.00;0
4218;9;21764247;4218;429;5188;5188;5.48;0.34;281.51;4.49;970;9;1775.00;0
4223;9;21764262;4223;435;5199;5201;5.52;0.34;281.64;4.48;976;9;1776.00;2
4229;9;21764277;4229;442;5201;5201;5.45;0.33;281.64;4.48;972;9;1777.00;0
4235;9;21764291;4235;438;5201;5201;5.39;0.33;281.57;4.48;966;9;1778.00;0
4237;9;21764306;4237;444;5202;5202;5.40;0.33;281.49;4.48;965;9;1779.00;0
4241;9;21764320;4241;441;5202;5203;5.38;0.33;281.57;4.48;961;9;1780.00;1
4247;9;21764335;4247;444;5202;5203;5.32;0.32;281.35;4.48;955;9;1781.00;1
4250;9;21764349;4250;450;5204;5206;5.34;0.33;281.33;4.48;954;9;1782.00;2
4252;9;21764364;4252;452;5204;5206;5.32;0.32;281.34;4.48;952;9;1783.00;2
4255;9;21764377;4255;460;5205;5206;5.28;0.32;281.40;4.48;950;9;1784.00;1
4258;9;21764390;4258;464;5205;5206;5.23;0.32;281.35;4.48;947;9;1785.00;1
4261;9;21764403;4261;470;5210;5212;5.26;0.32;281.38;4.48;949;9;1786.00;2
4266;9;21764418;4266;471;5210;5212;5.23;0.32;281.51;4.48;944;9;1787.00;2
4269;9;21764432;4269;472;5210;5212;5.21;0.32;281.48;4.48;941;9;1788.00;2
4271;9;21764447;4271;477;5210;5212;5.20;0.32;281.53;4.48;939;9;1789.00;2
4272;9;21764461;4272;479;5213;5216;5.20;0.32;281.57;4.47;941;9;1790.00;3
4273;9;21764474;4273;477;5214;5217;5.20;0.32;281.59;4.47;941;9;1791.00;3
4279;9;21764487;4279;480;5214;5217;5.12;0.31;281.59;4.47;935;9;1792.00;3
4281;9;21764501;4281;479;5215;5218;5.08;0.31;281.68;4.47;934;9;1793.00;3
4284;9;21764515;4284;472;5215;5218;5.05;0.31;281.71;4.47;931;9;1794.00;3
4286;9;21764529;4286;460;5215;5218;5.04;0.31;281.67;4.47;929;9;1795.00;3
4290;9;21764543;4290;462;5215;5218;5.03;0.31;281.63;4.47;925;9;1796.00;3
4291;9;21764557;4291;448;5215;5218;5.07;0.31;281.65;4.47;924;9;1797.00;3
4291;9;21764571;4291;446;5215;5218;5.15;0.31;281.65;4.47;924;9;1798.00;3
4293;9;21764586;4293;440;5215;5218;5.26;0.32;281.65;4.47;922;9;1799.00;3
4294;9;21764605;4294;460;5293;5356;5.62;0.35;281.63;4.41;999;9;1800.00;63
4295;9;21764649;4295;452;5296;5357;5.70;0.35;281.66;4.41;1001;9;1801.00;61
4296;9;21764665;4296;432;5306;5357;5.85;0.36;281.66;4.40;1010;9;1802.00;51
4296;9;21764681;4296;426;5310;5357;5.98;0.37;281.66;4.40;1014;9;1803.00;47
4300;9;21764706;4300;419;5315;5357;6.09;0.37;281.76;4.40;1015;9;1804.00;42
4301;9;21764725;4301;412;5316;5357;6.15;0.38;281.82;4.40;1015;9;1805.00;41
4301;9;21764748;4301;391;5321;5357;6.21;0.38;281.82;4.40;1020;9;1806.00;36
4302;9;21764762;4302;373;5324;5357;6.26;0.38;281.85;4.40;1022;9;1807.00;33
4303;9;21764778;4303;365;5330;5358;6.29;0.39;281.89;4.41;1027;9;1808.00;28
4304;9;21764794;4304;357;5332;5359;6.33;0.39;281.96;4.41;1028;9;1809.00;27
4305;9;21764810;4305;354;5336;5359;6.31;0.39;282.00;4.41;1031;9;1810.00;23
4307;9;21764826;4307;355;5340;5363;6.32;0.39;282.04;4.41;1033;9;1811.00;23
4311;9;21764846;4311;362;5342;5363;6.33;0.39;282.19;4.41;1031;9;1812.00;21
4312;9;21764863;4312;361;5342;5363;6.37;0.39;282.21;4.41;1030;9;1813.00;21
4313;9;21764882;4313;362;5343;5363;6.37;0.39;282.23;4.41;1030;9;1814.00;20
4315;9;21764899;4315;361;5348;5369;6.43;0.39;282.21;4.41;1033;9;1815.00;21
4317;9;21764916;4317;365;5349;5369;6.45;0.39;282.38;4.41;1032;9;1816.00;20
4318;9;21764933;4318;363;5349;5369;6.47;0.39;282.41;4.41;1031;9;1817.00;20
4321;9;21764950;4321;363;5351;5372;6.51;0.40;282.45;4.41;1030;9;1818.00;21
4322;9;21764968;4322;352;5351;5372;6.55;0.40;282.46;4.41;1029;9;1819.00;21
4323;9;21764986;4323;348;5352;5372;6.52;0.40;282.43;4.41;1029;9;1820.00;20
4327;9;21765003;4327;346;5352;5373;6.50;0.40;282.43;4.41;1025;9;1821.00;21
4330;9;21765020;4330;352;5354;5374;6.56;0.40;282.49;4.41;1024;9;1822.00;20
4332;9;21765037;4332;346;5355;5374;6.50;0.40;282.65;4.42;1023;9;1823.00;19
4332;9;21765054;4332;340;5362;5387;6.54;0.40;282.65;4.41;1030;9;1824.00;25
4335;9;21765072;4335;342;5364;5387;6.65;0.40;282.81;4.41;1029;9;1825.00;23
4337;9;21765089;4337;342;5364;5387;6.72;0.41;282.87;4.41;1027;9;1826.00;23
4337;9;21765105;4337;342;5366;5388;6.83;0.41;282.87;4.41;1029;9;1827.00;22
4338;9;21765130;4338;348;5366;5388;6.94;0.42;282.99;4.41;1028;9;1828.00;22
4342;9;21765147;4342;344;5369;5392;7.00;0.43;283.14;4.41;1027;9;1829.00;23
4345;9;21765167;4345;349;5369;5392;6.99;0.42;283.21;4.41;1024;9;1830.00;23
4346;9;21765184;4346;353;5376;5396;6.99;0.42;283.33;4.41;1030;9;1831.00;20
4348;9;21765202;4348;345;5376;5396;7.01;0.43;283.32;4.41;1028;9;1832.00;20
4350;9;21765218;4350;350;5376;5396;6.97;0.42;283.37;4.41;1026;9;1833.00;20
4350;9;21765235;4350;351;5376;5396;6.94;0.42;283.37;4.41;1026;9;1834.00;20
4352;9;21765253;4352;345;5376;5396;6.91;0.42;283.36;4.41;1024;9;1835.00;20
4356;9;21765270;4356;350;5388;5408;6.91;0.42;283.53;4.41;1032;9;1836.00;20
4357;9;21765287;4357;352;5388;5408;6.89;0.42;283.64;4.41;1031;9;1837.00;20
4361;9;21765305;4361;351;5388;5408;6.93;0.42;283.77;4.41;1027;9;1838.00;20
4363;9;21765322;4363;352;5388;5408;6.99;0.43;283.93;4.41;1025;9;1839.00;20
4367;9;21765339;4367;352;5388;5408;7.03;0.43;283.94;4.41;1021;9;1840.00;20
4368;9;21765356;4368;346;5388;5408;7.13;0.43;284.03;4.41;1020;9;1841.00;20
4371;9;21765372;4371;342;5388;5409;7.17;0.44;284.10;4.41;1017;9;1842.00;21
4373;9;21765390;4373;339;5388;5409;7.22;0.44;284.19;4.41;1015;9;1843.00;21
4375;9;21765407;4375;333;5393;5415;7.29;0.44;284.24;4.41;1018;9;1844.00;22
4378;9;21765425;4378;330;5395;5417;7.36;0.45;284.29;4.41;1017;9;1845.00;22
4378;9;21765442;4378;326;5395;5417;7.44;0.45;284.29;4.41;1017;9;1846.00;22
4381;9;21765460;4381;321;5395;5417;7.48;0.45;284.47;4.41;1014;9;1847.00;22
4383;9;21765477;4383;316;5398;5421;7.54;0.46;284.52;4.40;1015;9;1848.00;23
4386;9;21765495;4386;315;5398;5421;7.61;0.46;284.75;4.40;1012;9;1849.00;23
4388;9;21765513;4388;314;5398;5421;7.64;0.47;284.82;4.40;1010;9;1850.00;23
4389;9;21765532;4389;308;5399;5422;7.64;0.47;284.86;4.40;1010;9;1851.00;23
4394;9;21765550;4394;309;5402;5426;7.47;0.46;284.93;4.40;1008;9;1852.00;24
4397;9;21765568;4397;301;5402;5426;7.36;0.45;284.99;4.40;1005;9;1853.00;24
4400;9;21765584;4400;298;5404;5429;7.28;0.44;284.99;4.40;1004;9;1854.00;25
4403;9;21765601;4403;295;5405;5429;7.16;0.44;285.07;4.40;1002;9;1855.00;24
4408;9;21765626;4408;298;5407;5429;7.01;0.43;285.19;4.42;999;9;1856.00;22
4412;9;21765641;4412;290;5407;5429;6.92;0.42;285.21;4.42;995;9;1857.00;22
4414;9;21765657;4414;289;5411;5433;6.95;0.42;285.30;4.42;997;9;1858.00;22
4417;9;21765675;4417;284;5411;5433;6.91;0.42;285.56;4.42;994;9;1859.00;22
4421;9;21765694;4421;284;5411;5433;6.89;0.42;285.56;4.42;990;9;1860.00;22
4422;9;21765713;4422;279;5411;5433;6.96;0.43;285.59;4.42;989;9;1861.00;22
4422;9;21765733;4422;275;5411;5434;6.99;0.43;285.59;4.42;989;9;1862.00;23
4425;9;21765753;4425;269;5412;5435;7.09;0.43;285.77;4.42;987;9;1863.00;23
4429;9;21765775;4429;262;5412;5435;7.10;0.43;285.80;4.42;983;9;1864.00;23
4431;10;21765805;4431;260;5413;5436;7.12;0.44;285.89;4.42;982;10;1865.00;23
4435;10;21765840;4435;255;5413;5436;7.20;0.44;286.02;4.42;978;10;1866.00;23
4437;10;21765856;4437;259;5414;5436;7.27;0.44;286.17;4.43;977;10;1867.00;22
4437;10;21765871;4437;253;5414;5436;7.35;0.45;286.17;4.43;977;10;1868.00;22
4440;10;21765897;4440;252;5414;5436;7.44;0.45;286.16;4.43;974;10;1869.00;22
4442;10;21765915;4442;250;5414;5436;7.51;0.46;286.14;4.43;972;10;1870.00;22
4448;10;21765932;4448;250;5414;5436;7.53;0.46;286.34;4.43;966;10;1871.00;22
4450;10;21765948;4450;266;5481;5563;7.56;0.47;286.42;4.39;1031;10;1872.00;82
4453;10;21765978;4453;253;5482;5564;7.59;0.47;286.59;4.39;1029;10;1873.00;82
4455;10;21765995;4455;249;5491;5564;7.66;0.47;286.67;4.39;1036;10;1874.00;73
4460;10;21766014;4460;245;5492;5564;7.66;0.47;286.72;4.39;1032;10;1875.00;72
4462;10;21766031;4462;244;5498;5564;7.65;0.47;286.77;4.39;1036;10;1876.00;66
4467;10;21766049;4467;246;5499;5564;7.65;0.47;286.87;4.39;1032;10;1877.00;65
4470;10;21766066;4470;243;5505;5564;7.68;0.47;286.90;4.39;1035;10;1878.00;59
4475;10;21766083;4475;246;5507;5564;7.68;0.47;286.82;4.39;1032;10;1879.00;57
4477;10;21766102;4477;248;5510;5565;7.65;0.47;286.77;4.41;1033;10;1880.00;55
4479;10;21766121;4479;245;5515;5566;7.67;0.47;286.76;4.42;1036;10;1881.00;51
4480;10;21766141;4480;241;5519;5568;7.68;0.47;286.73;4.42;1039;10;1882.00;49
4484;10;21766162;4484;244;5523;5569;7.66;0.47;286.82;4.46;1039;10;1883.00;46
4488;10;21766180;4488;251;5525;5569;7.66;0.47;286.91;4.46;1037;10;1884.00;44
4491;10;21766197;4491;251;5527;5569;7.64;0.47;286.84;4.46;1036;10;1885.00;42
4494;10;21766214;4494;249;5531;5569;7.64;0.47;286.97;4.48;1037;10;1886.00;38
4496;10;21766232;4496;258;5537;5573;7.68;0.47;286.89;4.51;1041;10;1887.00;36
4501;10;21766250;4501;258;5540;5573;7.68;0.47;286.87;4.53;1039;10;1888.00;33
4504;10;21766268;4504;263;5543;5573;7.64;0.47;287.02;4.56;1039;10;1889.00;30
4508;10;21766287;4508;277;5548;5579;7.52;0.46;287.15;4.56;1040;10;1890.00;31
4511;10;21766304;4511;289;5550;5579;7.45;0.46;287.11;4.57;1039;10;1891.00;29
4515;10;21766321;4515;301;5555;5579;7.37;0.45;287.17;4.60;1040;10;1892.00;24
4519;10;21766337;4519;305;5558;5583;7.27;0.44;287.23;4.60;1039;10;1893.00;25
4520;10;21766355;4520;309;5561;5584;7.18;0.44;287.27;4.61;1041;10;1894.00;23
4523;10;21766373;4523;312;5564;5584;7.10;0.43;287.24;4.63;1041;10;1895.00;20
4525;10;21766389;4525;318;5568;5588;7.08;0.43;287.33;4.63;1043;10;1896.00;20
4527;10;21766407;4527;323;5572;5588;7.01;0.43;287.31;4.66;1045;10;1897.00;16
4531;10;21766424;4531;319;5573;5588;6.97;0.43;287.21;4.67;1042;10;1898.00;15
4536;10;21766441;4536;320;5576;5589;6.90;0.42;287.35;4.68;1040;10;1899.00;13
4539;10;21766461;4539;316;5577;5589;6.85;0.42;287.37;4.69;1038;10;1900.00;12
4541;10;21766482;4541;317;5583;5595;6.88;0.42;287.40;4.68;1042;10;1901.00;12
4544;10;21766500;4544;320;5585;5595;6.81;0.42;287.44;4.69;1041;10;1902.00;10
4545;10;21766517;4545;326;5585;5596;6.74;0.41;287.44;4.69;1040;10;1903.00;11
4547;10;21766533;4547;320;5586;5596;6.66;0.41;287.44;4.70;1039;10;1904.00;10
4548;10;21766550;4548;320;5587;5596;6.63;0.41;287.46;4.70;1039;10;1905.00;9
4549;10;21766565;4549;323;5587;5596;6.59;0.40;287.47;4.70;1038;10;1906.00;9
4551;10;21766581;4551;323;5589;5596;6.59;0.40;287.45;4.71;1038;10;1907.00;7
4553;10;21766598;4553;324;5600;5608;6.60;0.41;287.50;4.70;1047;10;1908.00;8
4555;10;21766615;4555;331;5601;5608;6.60;0.40;287.47;4.71;1046;10;1909.00;7
4557;10;21766631;4557;339;5602;5608;6.57;0.40;287.53;4.71;1045;10;1910.00;6
4559;10;21766649;4559;338;5602;5608;6.56;0.40;287.54;4.71;1043;10;1911.00;6
4563;10;21766666;4563;347;5603;5608;6.50;0.40;287.69;4.72;1040;10;1912.00;5
4567;10;21766683;4567;355;5603;5608;6.51;0.40;287.69;4.72;1036;10;1913.00;5
4575;10;21766699;4575;359;5607;5612;6.47;0.40;287.71;4.72;1032;10;1914.00;5
4580;10;21766715;4580;361;5609;5612;6.42;0.39;287.86;4.73;1029;10;1915.00;3
4584;10;21766731;4584;365;5615;5616;6.38;0.39;287.90;4.73;1031;10;1916.00;1
4585;10;21766748;4585;363;5616;5617;6.32;0.39;287.86;4.73;1031;10;1917.00;1
4590;10;21766763;4590;368;5617;5617;6.16;0.38;287.80;4.73;1027;10;1918.00;0
4594;10;21766778;4594;367;5617;5617;6.11;0.37;287.90;4.73;1023;10;1919.00;0
4598;10;21766796;4598;384;5638;5646;6.06;0.37;287.77;4.71;1040;10;1920.00;8
4602;10;21766813;4602;380;5638;5646;5.98;0.37;287.69;4.71;1036;10;1921.00;8
4603;10;21766827;4603;383;5641;5646;5.95;0.37;287.67;4.71;1038;10;1922.00;5
4605;10;21766840;4605;389;5644;5647;5.87;0.36;287.60;4.71;1039;10;1923.00;3
4608;10;21766855;4608;401;5644;5648;5.73;0.36;287.53;4.71;1036;10;1924.00;4
4612;10;21766869;4612;395;5645;5648;5.69;0.35;287.48;4.71;1033;10;1925.00;3
4615;10;21766884;4615;392;5648;5651;5.63;0.35;287.53;4.70;1033;10;1926.00;3
4620;10;21766899;4620;391;5648;5651;5.56;0.34;287.43;4.70;1028;10;1927.00;3
4624;10;21766913;4624;389;5648;5651;5.53;0.34;287.46;4.70;1024;10;1928.00;3
4630;10;21766933;4630;385;5648;5651;5.46;0.34;287.38;4.70;1018;10;1929.00;3
4633;10;21766955;4633;388;5653;5657;5.43;0.33;287.32;4.70;1020;10;1930.00;4
4636;10;21766969;4636;395;5653;5657;5.39;0.33;287.33;4.70;1017;10;1931.00;4
4642;10;21766983;4642;388;5653;5657;5.29;0.32;287.38;4.70;1011;10;1932.00;4
4643;10;21766998;4643;389;5653;5657;5.25;0.32;287.41;4.70;1010;10;1933.00;4
4646;10;21767012;4646;388;5656;5661;5.15;0.32;287.35;4.70;1010;10;1934.00;5
4649;10;21767026;4649;380;5658;5663;5.05;0.31;287.35;4.70;1009;10;1935.00;5
4649;10;21767038;4649;380;5658;5663;4.97;0.30;287.35;4.70;1009;10;1936.00;5
4653;10;21767052;4653;380;5659;5664;4.92;0.30;287.35;4.70;1006;10;1937.00;5
4657;10;21767065;4657;393;5659;5664;4.87;0.30;287.32;4.70;1002;10;1938.00;5
4659;10;21767079;4659;397;5659;5664;4.91;0.30;287.25;4.70;1000;10;1939.00;5
4661;10;21767090;4661;400;5659;5664;4.91;0.30;287.25;4.70;998;10;1940.00;5
4661;10;21767104;4661;404;5659;5664;4.96;0.31;287.25;4.70;998;10;1941.00;5
4663;10;21767117;4663;408;5659;5664;4.98;0.31;287.25;4.70;996;10;1942.00;5
4665;10;21767131;4665;410;5659;5664;5.02;0.31;287.24;4.70;994;10;1943.00;5
4670;10;21767145;4670;428;5698;5734;5.13;0.32;287.29;4.66;1028;10;1944.00;36
4671;10;21767164;4671;428;5698;5735;5.14;0.32;287.23;4.66;1027;10;1945.00;37
4673;10;21767179;4673;429;5705;5735;5.21;0.32;287.26;4.66;1032;10;1946.00;30
4676;10;21767191;4676;432;5706;5735;5.20;0.32;287.26;4.66;1030;10;1947.00;29
4681;10;21767206;4681;433;5709;5735;5.15;0.32;287.17;4.66;1028;10;1948.00;26
4685;10;21767220;4685;436;5709;5735;5.09;0.31;287.40;4.66;1024;10;1949.00;26
4689;10;21767237;4689;451;5716;5737;5.12;0.31;287.42;4.66;1027;10;1950.00;21
4692;10;21767251;4692;442;5717;5737;5.12;0.31;287.36;4.66;1025;10;1951.00;20
4694;10;21767266;4694;437;5720;5738;5.17;0.32;287.38;4.66;1026;10;1952.00;18
4698;10;21767280;4698;429;5723;5739;5.19;0.32;287.40;4.66;1025;10;1953.00;16
4700;10;21767296;4700;428;5726;5739;5.22;0.32;287.45;4.67;1026;10;1954.00;13
4702;10;21767310;4702;429;5732;5743;5.26;0.32;287.45;4.67;1030;10;1955.00;11
4704;11;21767324;4704;426;5733;5743;5.28;0.32;287.49;4.67;1029;11;1956.00;10
4710;11;21767352;4710;424;5733;5743;5.34;0.33;287.47;4.67;1023;11;1957.00;10
4714;11;21767367;4714;427;5733;5743;5.38;0.33;287.32;4.67;1019;11;1958.00;10
4719;11;21767382;4719;426;5738;5749;5.42;0.33;287.24;4.66;1019;11;1959.00;11
4723;11;21767399;4723;430;5738;5749;5.49;0.33;287.29;4.66;1015;11;1960.00;11
4724;12;21767414;4724;424;5738;5749;5.62;0.34;287.24;4.66;1014;12;1961.00;11
4727;12;21767446;4727;426;5741;5752;5.78;0.35;287.33;4.66;1014;12;1962.00;11
4731;12;21767462;4731;422;5741;5752;5.83;0.35;287.35;4.66;1010;12;1963.00;11
4732;12;21767478;4732;420;5741;5752;5.87;0.36;287.34;4.66;1009;12;1964.00;11
4735;12;21767495;4735;421;5741;5753;5.88;0.36;287.34;4.66;1006;12;1965.00;12
4739;12;21767520;4739;426;5742;5754;5.90;0.36;287.36;4.66;1003;12;1966.00;12
4741;12;21767539;4741;425;5742;5754;5.90;0.36;287.30;4.66;1001;12;1967.00;12
4747;12;21767562;4747;427;5753;5767;5.96;0.36;287.37;4.65;1006;12;1968.00;14
4747;12;21767580;4747;424;5753;5767;5.93;0.36;287.37;4.65;1006;12;1969.00;14
4748;12;21767595;4748;428;5753;5767;5.88;0.36;287.38;4.65;1005;12;1970.00;14
4749;12;21767610;4749;424;5754;5768;5.88;0.36;287.38;4.65;1005;12;1971.00;14
4753;12;21767624;4753;414;5754;5768;5.83;0.35;287.42;4.65;1001;12;1972.00;14
4754;12;21767640;4754;413;5758;5772;5.89;0.36;287.44;4.65;1004;12;1973.00;14
4755;12;21767656;4755;409;5758;5772;5.92;0.36;287.50;4.65;1003;12;1974.00;14
4757;12;21767672;4757;405;5761;5776;5.92;0.36;287.61;4.65;1004;12;1975.00;15
4760;12;21767690;4760;407;5761;5776;5.91;0.36;287.65;4.65;1001;12;1976.00;15
4762;12;21767706;4762;407;5761;5776;5.90;0.36;287.66;4.65;999;12;1977.00;15
4763;12;21767722;4763;416;5761;5776;5.88;0.36;287.67;4.65;998;12;1978.00;15
4763;12;21767742;4763;411;5761;5776;5.91;0.36;287.67;4.65;998;12;1979.00;15
4766;12;21767763;4766;409;5787;5810;6.05;0.37;287.67;4.63;1021;12;1980.00;23
4767;12;21767802;4767;401;5789;5810;6.05;0.37;287.70;4.62;1022;12;1981.00;21
4769;12;21767821;4769;396;5791;5810;6.10;0.37;287.78;4.62;1022;12;1982.00;19
4771;12;21767841;4771;396;5791;5810;6.12;0.37;287.93;4.62;1020;12;1983.00;19
4772;12;21767858;4772;392;5792;5810;6.15;0.37;287.96;4.62;1020;12;1984.00;18
4774;12;21767874;4774;387;5792;5810;6.19;0.38;288.09;4.62;1018;12;1985.00;18
4776;12;21767891;4776;384;5792;5811;6.21;0.38;288.14;4.62;1016;12;1986.00;19
4781;12;21767907;4781;386;5792;5811;6.15;0.37;288.33;4.62;1011;12;1987.00;19
4782;12;21767924;4782;391;5797;5817;6.20;0.38;288.42;4.62;1015;12;1988.00;20
4783;12;21767945;4783;387;5798;5818;6.23;0.38;288.46;4.62;1015;12;1989.00;20
4785;12;21767960;4785;388;5798;5818;6.21;0.38;288.56;4.62;1013;12;1990.00;20
4786;12;21767975;4786;385;5798;5818;6.23;0.38;288.58;4.62;1012;12;1991.00;20
4786;12;21767990;4786;389;5801;5822;6.24;0.38;288.58;4.62;1015;12;1992.00;21
4787;12;21768007;4787;381;5801;5822;6.22;0.38;288.66;4.62;1014;12;1993.00;21
4788;12;21768023;4788;381;5801;5822;6.23;0.38;288.67;4.62;1013;12;1994.00;21
4789;12;21768039;4789;385;5802;5823;6.32;0.38;288.68;4.62;1013;12;1995.00;21
4790;12;21768055;4790;384;5805;5827;6.35;0.39;288.73;4.61;1015;12;1996.00;22
4796;12;21768071;4796;386;5805;5827;6.32;0.38;288.73;4.61;1009;12;1997.00;22
4798;12;21768087;4798;382;5807;5830;6.38;0.39;288.68;4.61;1009;12;1998.00;23
4799;12;21768103;4799;383;5807;5830;6.37;0.39;288.72;4.61;1008;12;1999.00;23
4803;12;21768119;4803;386;5808;5830;6.44;0.39;288.99;4.61;1005;12;2000.00;22
4803;12;21768140;4803;384;5808;5830;6.45;0.39;288.99;4.61;1005;12;2001.00;22
4805;12;21768155;4805;378;5812;5834;6.48;0.40;289.23;4.61;1007;12;2002.00;22
4809;12;21768180;4809;379;5812;5834;6.49;0.40;289.43;4.61;1003;12;2003.00;22
4810;12;21768197;4810;376;5812;5834;6.58;0.40;289.44;4.61;1002;12;2004.00;22
4814;12;21768212;4814;376;5812;5834;6.61;0.40;289.53;4.61;998;12;2005.00;22
4820;12;21768234;4820;375;5812;5835;6.61;0.40;289.69;4.61;992;12;2006.00;23
4821;12;21768250;4821;374;5813;5836;6.65;0.41;289.70;4.61;992;12;2007.00;23
4823;12;21768265;4823;372;5813;5836;6.65;0.41;289.79;4.61;990;12;2008.00;23
4828;12;21768280;4828;371;5814;5837;6.63;0.40;289.77;4.61;986;12;2009.00;23
4831;12;21768298;4831;375;5814;5837;6.57;0.40;289.74;4.61;983;12;2010.00;23
4835;12;21768313;4835;372;5814;5837;6.54;0.40;289.68;4.61;979;12;2011.00;23
4836;12;21768329;4836;371;5814;5837;6.53;0.40;289.64;4.61;978;12;2012.00;23
4839;12;21768344;4839;378;5814;5837;6.48;0.39;289.77;4.61;975;12;2013.00;23
4842;12;21768358;4842;376;5814;5837;6.46;0.39;289.92;4.61;972;12;2014.00;23
4846;12;21768375;4846;369;5814;5837;6.45;0.39;289.96;4.61;968;12;2015.00;23
4847;12;21768389;4847;394;5888;5964;6.40;0.40;290.04;4.55;1041;12;2016.00;76
4849;12;21768417;4849;370;5888;5965;6.43;0.40;290.05;4.55;1039;12;2017.00;77
4851;12;21768433;4851;352;5893;5965;6.54;0.40;290.27;4.55;1042;12;2018.00;72
4853;12;21768449;4853;344;5894;5965;6.65;0.41;290.32;4.55;1041;12;2019.00;71
4855;12;21768464;4855;335;5898;5965;6.77;0.42;290.38;4.55;1043;12;2020.00;67
4855;12;21768481;4855;328;5899;5965;6.90;0.43;290.38;4.55;1044;12;2021.00;66
4860;12;21768497;4860;322;5901;5965;6.93;0.43;290.60;4.55;1041;12;2022.00;64
4863;12;21768513;4863;318;5903;5965;7.03;0.43;290.85;4.55;1040;12;2023.00;62
4866;12;21768530;4866;316;5905;5966;7.10;0.43;290.90;4.55;1039;12;2024.00;61
4867;12;21768546;4867;309;5909;5968;7.12;0.44;290.92;4.55;1042;12;2025.00;59
4868;12;21768560;4868;306;5911;5968;7.11;0.44;290.93;4.55;1043;12;2026.00;57
4871;12;21768584;4871;307;5913;5969;7.08;0.43;290.99;4.56;1042;12;2027.00;56
4876;12;21768601;4876;302;5916;5969;6.96;0.43;291.09;4.56;1040;12;2028.00;53
4882;12;21768617;4882;298;5919;5969;6.83;0.42;291.29;4.58;1037;12;2029.00;50
4885;12;21768634;4885;294;5922;5969;6.73;0.41;291.45;4.60;1037;12;2030.00;47
4890;12;21768649;4890;292;5925;5973;6.61;0.40;291.50;4.60;1035;12;2031.00;48
4893;12;21768665;4893;294;5927;5973;6.50;0.40;291.53;4.61;1034;12;2032.00;46
4895;12;21768681;4895;288;5931;5973;6.51;0.40;291.61;4.61;1036;12;2033.00;42
4897;12;21768696;4897;290;5934;5976;6.52;0.40;291.63;4.62;1037;12;2034.00;42
4900;12;21768712;4900;287;5936;5976;6.54;0.40;291.69;4.62;1036;12;2035.00;40
4901;12;21768728;4901;290;5937;5976;6.61;0.40;291.71;4.62;1036;12;2036.00;39
4904;12;21768744;4904;287;5942;5980;6.64;0.41;291.90;4.62;1038;12;2037.00;38
4907;12;21768760;4907;290;5944;5981;6.65;0.41;291.96;4.62;1037;12;2038.00;37
4908;12;21768775;4908;290;5945;5981;6.71;0.41;291.95;4.63;1037;12;2039.00;36
4913;12;21768794;4913;292;5949;5986;6.80;0.41;292.11;4.62;1036;12;2040.00;37
4917;12;21768812;4917;289;5949;5986;6.84;0.42;292.14;4.62;1032;12;2041.00;37
4919;12;21768829;4919;281;5950;5986;6.90;0.42;292.29;4.64;1031;12;2042.00;36
4921;12;21768846;4921;276;5951;5987;6.95;0.42;292.34;4.64;1030;12;2043.00;36
4926;12;21768862;4926;273;5951;5987;7.00;0.43;292.30;4.64;1025;12;2044.00;36
4928;12;21768878;4928;262;5955;5993;7.09;0.43;292.44;4.64;1027;12;2045.00;38
4933;12;21768901;4933;266;5955;5993;7.16;0.43;292.44;4.64;1022;12;2046.00;38
4936;12;21768917;4936;263;5956;5994;7.14;0.43;292.50;4.64;1020;12;2047.00;38
4939;12;21768933;4939;265;5956;5994;7.09;0.43;292.54;4.64;1017;12;2048.00;38
4940;12;21768949;4940;265;5956;5994;7.08;0.43;292.48;4.64;1016;12;2049.00;38
4946;12;21768964;4946;269;5957;5994;6.99;0.42;292.61;4.65;1011;12;2050.00;37
4949;12;21768982;4949;267;5958;5994;6.90;0.42;292.82;4.65;1009;12;2051.00;36
4952;12;21768998;4952;270;5969;6006;6.92;0.42;292.87;4.66;1017;12;2052.00;37
4955;12;21769014;4955;273;5971;6006;6.86;0.41;293.11;4.67;1016;12;2053.00;35
4958;12;21769030;4958;280;5972;6006;6.82;0.41;293.40;4.67;1014;12;2054.00;34
4960;12;21769047;4960;293;5973;6006;6.75;0.41;293.40;4.69;1013;12;2055.00;33
4962;12;21769061;4962;298;5975;6006;6.74;0.41;293.55;4.71;1013;12;2056.00;31
4962;12;21769073;4962;294;5976;6006;6.69;0.40;293.55;4.73;1014;12;2057.00;30
4963;12;21769087;4963;305;5980;6010;6.63;0.40;293.58;4.74;1017;12;2058.00;30
4965;12;21769103;4965;305;5981;6010;6.58;0.40;293.52;4.75;1016;12;2059.00;29
4968;12;21769117;4968;313;5985;6014;6.59;0.40;293.57;4.75;1017;12;2060.00;29
4969;12;21769132;4969;323;5988;6015;6.57;0.40;293.58;4.78;1019;12;2061.00;27
4973;12;21769147;4973;325;5988;6015;6.51;0.39;293.54;4.78;1015;12;2062.00;27
4975;12;21769160;4975;328;5990;6015;6.50;0.39;293.49;4.80;1015;12;2063.00;25
4978;12;21769173;4978;338;6002;6028;6.48;0.39;293.53;4.81;1024;12;2064.00;26
4979;12;21769189;4979;334;6004;6028;6.43;0.39;293.48;4.82;1025;12;2065.00;24
4980;12;21769202;4980;340;6004;6028;6.44;0.39;293.47;4.82;1024;12;2066.00;24
4982;12;21769216;4982;343;6006;6029;6.42;0.39;293.52;4.84;1024;12;2067.00;23
4982;12;21769230;4982;346;6006;6030;6.42;0.39;293.52;4.84;1024;12;2068.00;24
4986;12;21769243;4986;358;6006;6030;6.35;0.39;293.67;4.84;1020;12;2069.00;24
4987;12;21769259;4987;357;6011;6036;6.37;0.39;293.71;4.85;1024;12;2070.00;25
4988;12;21769272;4988;363;6012;6036;6.29;0.38;293.77;4.87;1024;12;2071.00;24
4988;12;21769286;4988;365;6015;6036;6.27;0.38;293.77;4.88;1027;12;2072.00;21
4989;12;21769300;4989;374;6016;6036;6.21;0.38;293.78;4.90;1027;12;2073.00;20
4989;12;21769315;4989;376;6022;6042;6.26;0.38;293.78;4.91;1033;12;2074.00;20
4991;12;21769329;4991;375;6023;6042;6.20;0.38;293.73;4.91;1032;12;2075.00;19
4991;12;21769341;4991;376;6024;6042;6.15;0.38;293.73;4.93;1033;12;2076.00;18
4997;12;21769355;4997;373;6026;6042;6.08;0.37;293.66;4.95;1029;12;2077.00;16
4999;12;21769368;4999;375;6029;6046;6.09;0.37;293.59;4.95;1030;12;2078.00;17
5003;12;21769382;5003;382;6033;6047;6.06;0.37;293.52;4.98;1030;12;2079.00;14
5003;12;21769396;5003;385;6033;6047;6.10;0.37;293.52;4.98;1030;12;2080.00;14
5005;12;21769408;5005;381;6035;6048;6.09;0.37;293.50;4.99;1030;12;2081.00;13
5007;12;21769420;5007;387;6035;6048;6.07;0.37;293.44;4.99;1028;12;2082.00;13
5009;12;21769433;5009;386;6038;6048;6.04;0.37;293.42;5.02;1029;12;2083.00;10
5010;12;21769446;5010;393;6038;6048;6.07;0.37;293.39;5.02;1028;12;2084.00;10
5014;12;21769458;5014;400;6040;6048;6.08;0.37;293.31;5.04;1026;12;2085.00;8
5017;12;21769471;5017;399;6040;6048;6.10;0.37;293.30;5.04;1023;12;2086.00;8
5017;12;21769484;5017;395;6041;6048;6.09;0.37;293.30;5.04;1024;12;2087.00;7
5019;12;21769497;5019;408;6082;6118;6.27;0.39;293.25;5.01;1063;12;2088.00;36
5022;12;21769516;5022;406;6085;6119;6.15;0.38;293.18;5.01;1063;12;2089.00;34
5026;12;21769529;5026;411;6093;6119;6.04;0.37;293.08;5.01;1067;12;2090.00;26
5029;12;21769541;5029;419;6094;6119;5.95;0.37;293.03;5.01;1065;12;2091.00;25
5031;12;21769553;5031;424;6098;6119;5.86;0.36;292.97;5.02;1067;12;2092.00;21
5034;12;21769566;5034;434;6099;6119;5.74;0.35;293.05;5.02;1065;12;2093.00;20
5037;12;21769578;5037;440;6100;6119;5.65;0.35;293.01;5.02;1063;12;2094.00;19
5043;12;21769589;5043;442;6103;6119;5.57;0.34;292.94;5.03;1060;12;2095.00;16
5045;12;21769602;5045;445;6106;6120;5.49;0.34;292.91;5.03;1061;12;2096.00;14
5050;12;21769621;5050;450;6108;6121;5.37;0.33;292.74;5.03;1058;12;2097.00;13
5055;12;21769634;5055;462;6112;6121;5.22;0.32;292.73;5.04;1057;12;2098.00;9
5058;12;21769646;5058;467;6118;6125;5.14;0.31;292.69;5.04;1060;12;2099.00;7
5062;12;21769660;5062;463;6124;6140;5.05;0.31;292.71;5.04;1062;12;2100.00;16
5064;12;21769680;5064;459;6126;6140;4.99;0.30;292.68;5.04;1062;12;2101.00;14
5070;12;21769693;5070;461;6127;6140;4.92;0.30;292.71;5.04;1057;12;2102.00;13
5071;12;21769705;5071;454;6130;6146;4.92;0.30;292.74;5.04;1059;12;2103.00;16
5072;12;21769719;5072;463;6131;6146;4.92;0.30;292.70;5.04;1059;12;2104.00;15
5074;12;21769735;5074;463;6131;6146;4.86;0.30;292.70;5.04;1057;12;2105.00;15
5076;12;21769760;5076;469;6136;6149;4.81;0.29;292.75;5.04;1060;12;2106.00;13
5078;12;21769785;5078;465;6136;6149;4.80;0.29;292.87;5.04;1058;12;2107.00;13
5079;12;21769801;5079;447;6136;6149;4.80;0.29;292.91;5.04;1057;12;2108.00;13
5079;12;21769815;5079;439;6136;6150;4.89;0.30;292.91;5.04;1057;12;2109.00;14
5082;12;21769831;5082;428;6137;6151;4.93;0.30;292.92;5.04;1055;12;2110.00;14
5086;12;21769848;5086;422;6137;6151;4.92;0.30;292.90;5.04;1051;12;2111.00;14
5089;12;21769861;5089;424;6148;6164;5.02;0.30;292.85;5.03;1059;12;2112.00;16
5092;12;21769876;5092;421;6149;6164;5.07;0.31;292.89;5.03;1057;12;2113.00;15
5094;12;21769888;5094;410;6149;6164;5.11;0.31;292.86;5.03;1055;12;2114.00;15
5096;12;21769902;5096;411;6151;6166;5.23;0.32;292.83;5.03;1055;12;2115.00;15
5098;12;21769916;5098;422;6151;6166;5.32;0.32;292.88;5.03;1053;12;2116.00;15
5101;12;21769930;5101;420;6155;6170;5.40;0.33;292.84;5.03;1054;12;2117.00;15
5102;12;21769946;5102;414;6156;6170;5.48;0.33;292.87;5.03;1054;12;2118.00;14
5107;12;21769961;5107;416;6159;6174;5.52;0.33;292.82;5.03;1052;12;2119.00;15
5109;12;21769973;5109;416;6159;6174;5.57;0.34;292.97;5.03;1050;12;2120.00;15
5112;12;21769988;5112;418;6159;6174;5.61;0.34;292.95;5.03;1047;12;2121.00;15
5113;12;21770003;5113;423;6160;6174;5.57;0.34;292.96;5.03;1047;12;2122.00;14
5118;12;21770023;5118;422;6161;6174;5.50;0.33;292.92;5.03;1043;12;2123.00;13
5120;12;21770038;5120;424;6169;6186;5.55;0.34;292.90;5.03;1049;12;2124.00;17
5121;12;21770054;5121;425;6172;6186;5.55;0.34;292.93;5.03;1051;12;2125.00;14
5123;12;21770069;5123;430;6173;6186;5.58;0.34;292.92;5.03;1050;12;2126.00;13
5125;12;21770084;5125;433;6173;6186;5.59;0.34;292.92;5.03;1048;12;2127.00;13
5127;12;21770101;5127;433;6173;6186;5.56;0.34;292.90;5.03;1046;12;2128.00;13
5129;12;21770117;5129;432;6175;6186;5.54;0.34;292.94;5.04;1046;12;2129.00;11
5131;12;21770133;5131;428;6176;6187;5.50;0.33;292.95;5.04;1045;12;2130.00;11
5135;12;21770154;5135;436;6176;6187;5.45;0.33;293.07;5.04;1041;12;2131.00;11
5138;12;21770169;5138;438;6181;6193;5.47;0.33;293.14;5.03;1043;12;2132.00;12
5141;12;21770185;5141;438;6182;6194;5.45;0.33;293.23;5.03;1041;12;2133.00;12
5149;12;21770200;5149;439;6182;6194;5.37;0.33;293.27;5.03;1033;12;2134.00;12
5151;12;21770215;5151;446;6182;6194;5.34;0.33;293.33;5.03;1031;12;2135.00;12
5151;12;21770229;5151;443;6185;6198;5.36;0.33;293.33;5.03;1034;12;2136.00;13
5153;12;21770243;5153;438;6185;6198;5.36;0.33;293.43;5.03;1032;12;2137.00;13
5155;13;21770255;5155;434;6185;6198;5.41;0.33;293.52;5.03;1030;13;2138.00;13
5157;13;21770282;5157;437;6186;6199;5.41;0.33;293.52;5.03;1029;13;2139.00;13
5159;13;21770296;5159;436;6189;6203;5.40;0.33;293.60;5.03;1030;13;2140.00;14
5165;13;21770310;5165;436;6189;6203;5.30;0.32;293.57;5.03;1024;13;2141.00;14
5166;13;21770322;5166;444;6191;6206;5.25;0.32;293.60;5.03;1025;13;2142.00;15
5168;13;21770336;5168;446;6191;6206;5.15;0.31;293.70;5.03;1023;13;2143.00;15
5171;13;21770350;5171;451;6192;6206;5.07;0.31;293.89;5.03;1021;13;2144.00;14
5174;13;21770364;5174;453;6192;6206;5.07;0.31;293.84;5.03;1018;13;2145.00;14
5177;13;21770378;5177;457;6196;6210;5.10;0.31;293.89;5.02;1019;13;2146.00;14
5180;13;21770391;5180;442;6196;6210;5.11;0.31;293.91;5.02;1016;13;2147.00;14
5183;13;21770405;5183;440;6196;6210;5.14;0.31;294.02;5.02;1013;13;2148.00;14
5187;13;21770420;5187;435;6196;6210;5.14;0.31;293.96;5.02;1009;13;2149.00;14
5189;13;21770434;5189;430;6196;6211;5.20;0.32;294.04;5.02;1007;13;2150.00;15
5192;13;21770448;5192;426;6197;6212;5.31;0.32;294.08;5.02;1005;13;2151.00;15
5195;13;21770464;5195;420;6197;6212;5.42;0.33;294.13;5.02;1002;13;2152.00;15
5199;13;21770479;5199;417;6198;6213;5.52;0.34;294.18;5.02;999;13;2153.00;15
5203;13;21770494;5203;418;6198;6213;5.55;0.34;294.21;5.02;995;13;2154.00;15
5204;13;21770506;5204;417;6198;6213;5.63;0.34;294.34;5.02;994;13;2155.00;15
5207;13;21770520;5207;405;6198;6213;5.68;0.35;294.44;5.02;991;13;2156.00;15
5212;13;21770534;5212;398;6198;6213;5.75;0.35;294.56;5.02;986;13;2157.00;15
5212;13;21770548;5212;397;6198;6213;5.86;0.36;294.56;5.02;986;13;2158.00;15
5214;13;21770562;5214;395;6198;6213;5.92;0.36;294.58;5.02;984;13;2159.00;15
5218;13;21770579;5218;445;6320;6443;6.11;0.38;294.76;4.92;1102;13;2160.00;123
5219;13;21770623;5219;432;6324;6444;6.17;0.39;294.81;4.92;1105;13;2161.00;120
5221;13;21770638;5221;416;6333;6444;6.30;0.39;294.85;4.92;1112;13;2162.00;111
5222;13;21770655;5222;408;6342;6444;6.32;0.40;294.88;4.92;1120;13;2163.00;102
5223;13;21770670;5223;414;6348;6444;6.36;0.40;294.91;4.91;1125;13;2164.00;96
5226;13;21770686;5226;416;6353;6444;6.33;0.39;295.00;4.91;1127;13;2165.00;91
5227;13;21770701;5227;414;6358;6444;6.32;0.39;295.04;4.92;1131;13;2166.00;86
5229;13;21770719;5229;412;6362;6444;6.34;0.39;295.12;4.92;1133;13;2167.00;82
5233;13;21770743;5233;418;6369;6445;6.30;0.39;295.26;4.92;1136;13;2168.00;76
5236;13;21770777;5236;425;6372;6446;6.22;0.39;295.36;4.92;1136;13;2169.00;74
5238;13;21770803;5238;434;6376;6446;6.20;0.38;295.44;4.93;1138;13;2170.00;70
5239;13;21770830;5239;434;6382;6447;6.16;0.38;295.41;4.93;1143;13;2171.00;65
5242;13;21770852;5242;445;6388;6447;6.07;0.38;295.49;4.94;1146;13;2172.00;59
5242;13;21770882;5242;452;6389;6447;6.07;0.38;295.49;4.94;1147;13;2173.00;58
5245;13;21770907;5245;457;6391;6447;6.06;0.37;295.50;4.94;1146;13;2174.00;56
5246;13;21770927;5246;457;6396;6451;6.05;0.37;295.54;4.94;1150;13;2175.00;55
5249;13;21770949;5249;464;6398;6451;6.05;0.37;295.70;4.95;1149;13;2176.00;53
5252;13;21770969;5252;471;6399;6451;6.02;0.37;295.73;4.95;1147;13;2177.00;52
5254;13;21770986;5254;469;6400;6454;5.99;0.37;295.76;4.95;1146;13;2178.00;54
5256;13;21771013;5256;468;6400;6454;5.99;0.37;295.77;4.95;1144;13;2179.00;54
5259;13;21771032;5259;468;6402;6454;5.97;0.37;295.79;4.95;1143;13;2180.00;52
5263;13;21771048;5263;470;6405;6458;5.97;0.37;295.76;4.95;1142;13;2181.00;53
5266;13;21771065;5266;473;6406;6459;5.96;0.37;295.79;4.95;1140;13;2182.00;53
5267;13;21771082;5267;472;6407;6459;5.98;0.37;295.77;4.95;1140;13;2183.00;52
5269;13;21771098;5269;468;6410;6463;6.04;0.37;295.78;4.95;1141;13;2184.00;53
5269;13;21771115;5269;475;6410;6463;6.10;0.37;295.78;4.95;1141;13;2185.00;53
5272;13;21771130;5272;467;6410;6463;6.15;0.38;295.96;4.95;1138;13;2186.00;53
5273;13;21771147;5273;469;6410;6464;6.16;0.38;295.90;4.95;1137;13;2187.00;54
5274;13;21771164;5274;464;6410;6464;6.23;0.38;295.93;4.95;1136;13;2188.00;54
5275;13;21771179;5275;460;6414;6470;6.26;0.38;295.95;4.95;1139;13;2189.00;56
5279;13;21771198;5279;454;6414;6470;6.29;0.39;295.93;4.95;1135;13;2190.00;56
5284;13;21771222;5284;448;6416;6471;6.30;0.39;296.07;4.95;1132;13;2191.00;55
5287;13;21771238;5287;437;6417;6471;6.31;0.39;296.11;4.96;1130;13;2192.00;54
5288;13;21771255;5288;429;6418;6471;6.38;0.39;296.13;4.96;1130;13;2193.00;53
5291;13;21771270;5291;433;6419;6471;6.39;0.39;296.20;4.97;1128;13;2194.00;52
5292;13;21771287;5292;433;6420;6471;6.43;0.39;296.20;4.97;1128;13;2195.00;51
5293;13;21771303;5293;427;6431;6483;6.50;0.40;296.26;4.97;1138;13;2196.00;52
5298;13;21771320;5298;424;6431;6483;6.48;0.40;296.52;4.97;1133;13;2197.00;52
5302;13;21771336;5302;416;6431;6483;6.48;0.40;296.65;4.97;1129;13;2198.00;52
5305;13;21771353;5305;410;6434;6483;6.49;0.40;296.69;4.98;1129;13;2199.00;49
5308;13;21771369;5308;412;6435;6483;6.51;0.40;296.84;4.99;1127;13;2200.00;48
5311;13;21771390;5311;403;6436;6483;6.45;0.39;296.90;4.99;1125;13;2201.00;47
5314;13;21771406;5314;401;6440;6487;6.41;0.39;297.00;4.99;1126;13;2202.00;47
5318;13;21771422;5318;398;6441;6487;6.33;0.39;297.03;4.99;1123;13;2203.00;46
5320;13;21771438;5320;393;6445;6491;6.22;0.38;297.02;4.99;1125;13;2204.00;46
5322;13;21771453;5322;386;6448;6493;6.08;0.37;297.02;5.02;1126;13;2205.00;45
5328;13;21771470;5328;388;6450;6493;5.94;0.36;297.16;5.02;1122;13;2206.00;43
5330;13;21771485;5330;386;6450;6493;5.85;0.36;297.18;5.02;1120;13;2207.00;43
5338;13;21771500;5338;388;6459;6506;5.76;0.35;297.33;5.01;1121;13;2208.00;47
5341;13;21771515;5341;372;6459;6506;5.74;0.35;297.44;5.01;1118;13;2209.00;47
5343;13;21771530;5343;373;6461;6508;5.77;0.35;297.49;5.01;1118;13;2210.00;47
5346;13;21771546;5346;362;6462;6509;5.84;0.36;297.66;5.01;1116;13;2211.00;47
5347;13;21771562;5347;360;6462;6510;5.94;0.36;297.62;5.01;1115;13;2212.00;48
5351;13;21771575;5351;353;6462;6510;6.02;0.37;297.80;5.01;1111;13;2213.00;48
5354;13;21771589;5354;348;6464;6513;6.12;0.37;297.87;5.01;1110;13;2214.00;49
5358;13;21771605;5358;347;6464;6513;6.16;0.38;297.99;5.01;1106;13;2215.00;49
5359;13;21771621;5359;352;6465;6513;6.22;0.38;298.08;5.01;1106;13;2216.00;48
5360;13;21771637;5360;356;6465;6513;6.27;0.38;298.05;5.01;1105;13;2217.00;48
5362;13;21771652;5362;354;6470;6519;6.33;0.39;298.11;5.00;1108;13;2218.00;49
5366;13;21771668;5366;354;6470;6519;6.25;0.38;298.16;5.00;1104;13;2219.00;49
5370;13;21771695;5370;353;6470;6519;6.25;0.38;298.12;5.00;1100;13;2220.00;49
5372;13;21771710;5372;358;6470;6519;6.22;0.38;298.24;5.00;1098;13;2221.00;49
5374;13;21771723;5374;367;6474;6523;6.22;0.38;298.22;5.01;1100;13;2222.00;49
5378;13;21771746;5378;374;6475;6524;6.17;0.38;298.38;5.01;1097;13;2223.00;49
5380;13;21771766;5380;377;6476;6524;6.12;0.37;298.30;5.02;1096;13;2224.00;48
5383;13;21771785;5383;376;6477;6525;6.05;0.37;298.39;5.02;1094;13;2225.00;48
5384;13;21771803;5384;380;6477;6525;6.00;0.37;298.43;5.02;1093;13;2226.00;48
5387;13;21771820;5387;388;6479;6525;5.95;0.36;298.42;5.04;1092;13;2227.00;46
5389;13;21771837;5389;387;6480;6525;5.91;0.36;298.48;5.05;1091;13;2228.00;45
5392;13;21771853;5392;391;6480;6525;5.88;0.36;298.45;5.05;1088;13;2229.00;45
5394;13;21771868;5394;402;6481;6525;5.87;0.36;298.41;5.07;1087;13;2230.00;44
5396;13;21771882;5396;413;6483;6525;5.88;0.36;298.39;5.09;1087;13;2231.00;42
5396;13;21771897;5396;427;6520;6595;5.99;0.37;298.39;5.11;1124;13;2232.00;75
5398;13;21771917;5398;421;6523;6596;5.95;0.37;298.30;5.12;1125;13;2233.00;73
5400;13;21771932;5400;415;6533;6596;5.98;0.37;298.23;5.13;1133;13;2234.00;63
5402;13;21771947;5402;414;6537;6596;5.95;0.37;298.18;5.14;1135;13;2235.00;59
5405;13;21771961;5405;419;6542;6596;5.93;0.36;298.13;5.14;1137;13;2236.00;54
5407;13;21771975;5407;419;6546;6596;5.86;0.36;298.05;5.17;1139;13;2237.00;50
5409;13;21771989;5409;422;6552;6596;5.80;0.36;298.04;5.22;1143;13;2238.00;44
5413;13;21772004;5413;422;6554;6596;5.73;0.35;297.92;5.23;1141;13;2239.00;42
5416;13;21772018;5416;420;6560;6597;5.63;0.34;297.84;5.27;1144;13;2240.00;37
5417;13;21772034;5417;429;6561;6598;5.52;0.34;297.80;5.27;1144;13;2241.00;37
5420;13;21772055;5420;437;6563;6598;5.44;0.33;297.74;5.27;1143;13;2242.00;35
5423;13;21772069;5423;443;6571;6602;5.42;0.33;297.65;5.29;1148;13;2243.00;31
5425;13;21772084;5425;445;6574;6602;5.38;0.33;297.57;5.32;1149;13;2244.00;28
5426;13;21772098;5426;451;6575;6602;5.39;0.33;297.52;5.33;1149;13;2245.00;27
5428;13;21772113;5428;458;6576;6602;5.34;0.33;297.50;5.35;1148;13;2246.00;26
5430;13;21772127;5430;467;6582;6608;5.32;0.33;297.43;5.36;1152;13;2247.00;26
5434;13;21772141;5434;475;6582;6608;5.19;0.32;297.41;5.36;1148;13;2248.00;26
5435;13;21772155;5435;479;6584;6608;5.06;0.31;297.38;5.38;1149;13;2249.00;24
5436;13;21772172;5436;475;6590;6614;5.02;0.31;297.37;5.39;1154;13;2250.00;24
5437;13;21772186;5437;477;6590;6614;5.00;0.31;297.34;5.39;1153;13;2251.00;24
5439;13;21772200;5439;470;6593;6614;4.96;0.31;297.34;5.41;1154;13;2252.00;21
5439;13;21772215;5439;478;6593;6615;4.95;0.31;297.34;5.41;1154;13;2253.00;22
5443;13;21772228;5443;485;6596;6616;4.92;0.30;297.26;5.43;1153;13;2254.00;20
5445;13;21772242;5445;478;6596;6616;4.89;0.30;297.23;5.43;1151;13;2255.00;20
5447;13;21772255;5447;480;6606;6629;4.90;0.30;297.14;5.42;1159;13;2256.00;23
5447;13;21772271;5447;481;6608;6629;4.89;0.30;297.14;5.44;1161;13;2257.00;21
5448;13;21772285;5448;483;6609;6629;4.87;0.30;297.09;5.44;1161;13;2258.00;20
5450;13;21772300;5450;485;6610;6630;4.88;0.30;297.08;5.44;1160;13;2259.00;20
5451;13;21772314;5451;490;6612;6630;4.82;0.30;297.07;5.45;1161;13;2260.00;18
5451;13;21772327;5451;488;6616;6634;4.87;0.30;297.07;5.45;1165;13;2261.00;18
5455;13;21772340;5455;491;6617;6634;4.83;0.30;297.01;5.46;1162;13;2262.00;17
5461;13;21772363;5461;495;6621;6638;4.74;0.29;296.88;5.48;1160;13;2263.00;17
5465;13;21772376;5465;496;6622;6638;4.73;0.29;296.89;5.49;1157;13;2264.00;16
5466;13;21772389;5466;489;6623;6638;4.70;0.29;296.86;5.50;1157;13;2265.00;15
5469;13;21772402;5469;496;6624;6638;4.63;0.28;296.78;5.51;1155;13;2266.00;14
5471;13;21772418;5471;493;6624;6638;4.61;0.28;296.76;5.51;1153;13;2267.00;14
5477;13;21772433;5477;488;6635;6650;4.63;0.28;296.70;5.51;1158;13;2268.00;15
5478;13;21772450;5478;485;6636;6650;4.64;0.28;296.69;5.52;1158;13;2269.00;14
5482;13;21772467;5482;479;6636;6650;4.65;0.28;296.63;5.52;1154;13;2270.00;14
5484;13;21772482;5484;479;6636;6650;4.67;0.28;296.62;5.52;1152;13;2271.00;14
5487;13;21772503;5487;477;6636;6650;4.65;0.28;296.61;5.52;1149;13;2272.00;14
5488;13;21772519;5488;471;6636;6650;4.60;0.28;296.60;5.52;1148;13;2273.00;14
5490;13;21772533;5490;475;6636;6651;4.58;0.28;296.58;5.52;1146;13;2274.00;15
5490;13;21772548;5490;469;6637;6651;4.62;0.28;296.58;5.52;1147;13;2275.00;14
5492;13;21772561;5492;464;6641;6657;4.70;0.29;296.56;5.52;1149;13;2276.00;16
5496;13;21772576;5496;447;6642;6658;4.77;0.29;296.59;5.52;1146;13;2277.00;16
5497;13;21772589;5497;443;6642;6658;4.86;0.30;296.58;5.52;1145;13;2278.00;16
5500;13;21772603;5500;434;6642;6658;4.94;0.30;296.59;5.52;1142;13;2279.00;16
5502;13;21772620;5502;433;6646;6663;5.05;0.31;296.65;5.51;1144;13;2280.00;17
5502;13;21772634;5502;426;6646;6663;5.14;0.31;296.65;5.51;1144;13;2281.00;17
5503;13;21772649;5503;412;6646;6663;5.21;0.32;296.68;5.51;1143;13;2282.00;17
5506;13;21772663;5506;406;6647;6664;5.31;0.32;296.75;5.51;1141;13;2283.00;17
5508;13;21772678;5508;404;6650;6668;5.38;0.33;296.75;5.51;1142;13;2284.00;18
5511;13;21772692;5511;392;6650;6668;5.44;0.33;296.77;5.51;1139;13;2285.00;18
5515;13;21772706;5515;393;6652;6671;5.47;0.33;296.81;5.51;1137;13;2286.00;19
5519;13;21772721;5519;393;6653;6671;5.48;0.33;296.82;5.51;1134;13;2287.00;18
5523;13;21772737;5523;384;6653;6671;5.48;0.33;296.84;5.51;1130;13;2288.00;18
5526;13;21772752;5526;385;6653;6671;5.49;0.33;296.90;5.51;1127;13;2289.00;18
5532;13;21772767;5532;387;6656;6675;5.51;0.34;296.95;5.51;1124;13;2290.00;19
5536;13;21772783;5536;390;6656;6675;5.52;0.34;296.88;5.51;1120;13;2291.00;19
5541;13;21772798;5541;393;6656;6675;5.47;0.33;297.04;5.51;1115;13;2292.00;19
5544;13;21772813;5544;395;6657;6675;5.48;0.34;297.18;5.51;1113;13;2293.00;18
5546;13;21772827;5546;393;6657;6676;5.50;0.34;297.24;5.51;1111;13;2294.00;19
5549;13;21772843;5549;384;6659;6678;5.52;0.34;297.22;5.51;1110;13;2295.00;19
5560;13;21772858;5560;391;6660;6678;5.46;0.33;297.65;5.51;1100;13;2296.00;18
5560;13;21772873;5560;383;6661;6679;5.51;0.34;297.65;5.51;1101;13;2297.00;18
5563;13;21772889;5563;381;6661;6679;5.54;0.34;297.67;5.51;1098;13;2298.00;18
5566;13;21772903;5566;388;6661;6679;5.57;0.34;297.73;5.51;1095;13;2299.00;18
5569;13;21772920;5569;386;6661;6679;5.61;0.34;297.83;5.51;1092;13;2300.00;18
5573;13;21772939;5573;385;6661;6679;5.62;0.34;297.92;5.51;1088;13;2301.00;18
5577;13;21772962;5577;386;6661;6679;5.66;0.34;298.05;5.51;1084;13;2302.00;18
5582;13;21772977;5582;385;6661;6679;5.65;0.34;298.06;5.51;1079;13;2303.00;18
5588;13;21772991;5588;401;6732;6806;5.91;0.36;298.24;5.45;1144;13;2304.00;74
5592;13;21773022;5592;394;6733;6807;5.89;0.36;298.34;5.45;1141;13;2305.00;74
5596;13;21773038;5596;389;6739;6807;5.91;0.36;298.46;5.45;1143;13;2306.00;68
5598;13;21773054;5598;388;6742;6807;5.93;0.37;298.58;5.44;1144;13;2307.00;65
5603;13;21773069;5603;379;6746;6807;5.97;0.37;298.70;5.44;1143;13;2308.00;61
5607;13;21773085;5607;388;6747;6807;5.95;0.37;298.64;5.44;1140;13;2309.00;60
5611;13;21773102;5611;393;6750;6807;5.92;0.36;298.88;5.44;1139;13;2310.00;57
5613;13;21773118;5613;398;6752;6807;5.92;0.36;298.92;5.44;1139;13;2311.00;55
5616;13;21773134;5616;401;6754;6808;5.83;0.36;299.03;5.45;1138;13;2312.00;54
5622;13;21773150;5622;400;6759;6809;5.76;0.35;299.16;5.45;1137;13;2313.00;50
5625;13;21773166;5625;405;6762;6809;5.73;0.35;299.30;5.45;1137;13;2314.00;47
5626;13;21773183;5626;413;6764;6810;5.67;0.35;299.30;5.45;1138;13;2315.00;46
5627;13;21773198;5627;406;6766;6810;5.71;0.35;299.29;5.45;1139;13;2316.00;44
5629;13;21773215;5629;412;6767;6810;5.71;0.35;299.31;5.45;1138;13;2317.00;43
5631;13;21773230;5631;414;6769;6810;5.75;0.35;299.38;5.46;1138;13;2318.00;41
5633;13;21773247;5633;420;6775;6814;5.77;0.36;299.50;5.46;1142;13;2319.00;39
5636;13;21773262;5636;431;6777;6814;5.75;0.35;299.58;5.46;1141;13;2320.00;37
5638;13;21773278;5638;429;6778;6814;5.75;0.35;299.58;5.47;1140;13;2321.00;36
5641;13;21773294;5641;427;6780;6817;5.72;0.35;299.59;5.47;1139;13;2322.00;37
5642;13;21773310;5642;423;6784;6817;5.75;0.35;299.62;5.47;1142;13;2323.00;33
5645;13;21773324;5645;418;6785;6817;5.74;0.35;299.63;5.47;1140;13;2324.00;32
5647;13;21773341;5647;413;6789;6821;5.75;0.35;299.78;5.47;1142;13;2325.00;32
5647;13;21773357;5647;416;6790;6822;5.83;0.36;299.78;5.47;1143;13;2326.00;32
5650;13;21773372;5650;412;6790;6822;5.84;0.36;299.86;5.47;1140;13;2327.00;32
5652;13;21773388;5652;413;6792;6826;5.89;0.36;299.98;5.46;1140;13;2328.00;34
5653;13;21773405;5653;415;6794;6826;5.91;0.36;299.98;5.47;1141;13;2329.00;32
5657;13;21773422;5657;411;6794;6826;5.92;0.36;300.15;5.47;1137;13;2330.00;32
5662;13;21773438;5662;399;6795;6827;5.95;0.36;300.19;5.47;1133;13;2331.00;32
5664;13;21773455;5664;390;6795;6827;6.00;0.37;300.18;5.47;1131;13;2332.00;32
5667;13;21773472;5667;387;6800;6833;6.06;0.37;300.29;5.46;1133;13;2333.00;33
5672;13;21773489;5672;384;6802;6833;6.09;0.37;300.32;5.47;1130;13;2334.00;31
5672;13;21773505;5672;386;6802;6834;6.12;0.37;300.32;5.47;1130;13;2335.00;32
5677;13;21773521;5677;392;6802;6834;6.09;0.37;300.37;5.47;1125;13;2336.00;32
5681;13;21773538;5681;393;6803;6834;6.03;0.37;300.55;5.47;1122;13;2337.00;31
5686;13;21773554;5686;395;6803;6834;6.02;0.37;300.73;5.47;1117;13;2338.00;31
5688;13;21773570;5688;396;6803;6834;5.97;0.36;300.76;5.47;1115;13;2339.00;31
5691;13;21773588;5691;410;6830;6870;5.86;0.36;300.81;5.45;1139;13;2340.00;40
5691;13;21773608;5691;412;6831;6870;5.78;0.35;300.81;5.45;1140;13;2341.00;39
5694;13;21773625;5694;409;6834;6870;5.77;0.35;300.84;5.45;1140;13;2342.00;36
5698;13;21773644;5698;410;6834;6870;5.75;0.35;301.00;5.45;1136;13;2343.00;36
5699;13;21773660;5699;404;6835;6870;5.81;0.35;301.04;5.45;1136;13;2344.00;35
5701;13;21773675;5701;402;6835;6870;5.86;0.36;301.13;5.45;1134;13;2345.00;35
5702;13;21773691;5702;399;6839;6874;5.88;0.36;301.19;5.45;1137;13;2346.00;35
5704;13;21773710;5704;400;6839;6874;5.90;0.36;301.19;5.45;1135;13;2347.00;35
5707;13;21773727;5707;401;6843;6878;5.93;0.36;301.44;5.44;1136;13;2348.00;35
5709;13;21773763;5709;402;6844;6879;5.91;0.36;301.53;5.44;1135;13;2349.00;35
5712;13;21773783;5712;411;6844;6879;5.94;0.36;301.47;5.44;1132;13;2350.00;35
5714;13;21773805;5714;413;6844;6879;5.92;0.36;301.47;5.44;1130;13;2351.00;35
5715;13;21773823;5715;415;6855;6892;5.95;0.36;301.48;5.44;1140;13;2352.00;37
5718;13;21773844;5718;417;6855;6892;5.89;0.36;301.45;5.44;1137;13;2353.00;37
5719;13;21773860;5719;417;6855;6892;5.84;0.35;301.41;5.44;1136;13;2354.00;37
5722;13;21773874;5722;418;6856;6893;5.80;0.35;301.50;5.43;1134;13;2355.00;37
5723;13;21773891;5723;424;6856;6894;5.79;0.35;301.51;5.43;1133;13;2356.00;38
5723;13;21773906;5723;421;6856;6894;5.75;0.35;301.51;5.43;1133;13;2357.00;38
5726;13;21773924;5726;426;6858;6897;5.71;0.35;301.59;5.43;1132;13;2358.00;39
5729;13;21773940;5729;425;6858;6897;5.65;0.34;301.56;5.43;1129;13;2359.00;39
5731;13;21773955;5731;438;6859;6897;5.60;0.34;301.58;5.43;1128;13;2360.00;38
5733;13;21773971;5733;443;6859;6897;5.53;0.34;301.63;5.43;1126;13;2361.00;38
5735;13;21773987;5735;441;6864;6903;5.50;0.33;301.71;5.43;1129;13;2362.00;39
5737;13;21774002;5737;444;6864;6903;5.41;0.33;301.67;5.43;1127;13;2363.00;39
5737;13;21774018;5737;445;6864;6903;5.34;0.32;301.67;5.43;1127;13;2364.00;39
5738;13;21774033;5738;442;6864;6903;5.30;0.32;301.70;5.43;1126;13;2365.00;39
5738;13;21774048;5738;440;6867;6907;5.26;0.32;301.70;5.43;1129;13;2366.00;40
5738;13;21774064;5738;431;6868;6908;5.28;0.32;301.70;5.43;1130;13;2367.00;40
5739;13;21774077;5739;427;6868;6908;5.28;0.32;301.72;5.43;1129;13;2368.00;40
5740;13;21774092;5740;422;6869;6909;5.34;0.32;301.71;5.43;1129;13;2369.00;40
5741;13;21774109;5741;425;6869;6909;5.34;0.32;301.75;5.43;1128;13;2370.00;40
5744;13;21774122;5744;411;6869;6909;5.35;0.32;301.88;5.43;1125;13;2371.00;40
5745;13;21774137;5745;406;6869;6909;5.34;0.33;301.91;5.43;1124;13;2372.00;40
5749;13;21774153;5749;411;6869;6909;5.29;0.32;302.02;5.43;1120;13;2373.00;40
5751;13;21774168;5751;404;6869;6909;5.31;0.32;302.03;5.43;1118;13;2374.00;40
5754;13;21774183;5754;409;6869;6909;5.25;0.32;302.15;5.43;1115;13;2375.00;40
5757;13;21774198;5757;413;6902;6979;5.26;0.32;302.32;5.40;1145;13;2376.00;77
5759;13;21774218;5759;408;6903;6980;5.24;0.32;302.43;5.40;1144;13;2377.00;77
5760;13;21774233;5760;409;6909;6980;5.28;0.32;302.45;5.40;1149;13;2378.00;71
5761;13;21774248;5761;410;6911;6980;5.31;0.32;302.49;5.40;1150;13;2379.00;69
5764;13;21774263;5764;417;6915;6980;5.28;0.32;302.54;5.42;1151;13;2380.00;65
5765;13;21774278;5765;410;6919;6980;5.29;0.32;302.51;5.44;1154;13;2381.00;61
5769;13;21774294;5769;411;6922;6980;5.26;0.32;302.51;5.44;1153;13;2382.00;58
5771;13;21774316;5771;413;6926;6980;5.26;0.32;302.51;5.44;1155;13;2383.00;54
5774;13;21774331;5774;411;6927;6981;5.25;0.32;302.51;5.44;1153;13;2384.00;54
5776;13;21774347;5776;406;6929;6983;5.24;0.32;302.51;5.44;1153;13;2385.00;54
5777;13;21774362;5777;407;6931;6983;5.28;0.32;302.54;5.45;1154;13;2386.00;52
5781;13;21774376;5781;402;6936;6987;5.24;0.32;302.60;5.44;1155;13;2387.00;51
5784;13;21774390;5784;409;6937;6987;5.21;0.32;302.53;5.44;1153;13;2388.00;50
5784;13;21774405;5784;403;6937;6987;5.20;0.32;302.53;5.44;1153;13;2389.00;50
5785;13;21774419;5785;408;6937;6987;5.23;0.32;302.49;5.44;1152;13;2390.00;50
5788;13;21774434;5788;405;6941;6993;5.25;0.32;302.41;5.44;1153;13;2391.00;52
5791;13;21774449;5791;402;6941;6993;5.23;0.32;302.36;5.44;1150;13;2392.00;52
5791;13;21774464;5791;401;6941;6993;5.23;0.32;302.36;5.44;1150;13;2393.00;52
5794;13;21774478;5794;396;6943;6996;5.27;0.32;302.49;5.44;1149;13;2394.00;53
5795;13;21774494;5795;401;6943;6996;5.30;0.32;302.47;5.44;1148;13;2395.00;53
5798;13;21774506;5798;398;6944;6996;5.30;0.32;302.40;5.44;1146;13;2396.00;52
5800;13;21774521;5800;402;6944;6997;5.28;0.32;302.33;5.44;1144;13;2397.00;53
5802;13;21774536;5802;397;6945;6998;5.26;0.32;302.28;5.44;1143;13;2398.00;53
5803;13;21774551;5803;407;6945;6998;5.24;0.32;302.23;5.44;1142;13;2399.00;53
5806;13;21774568;5806;421;6970;7057;5.23;0.32;302.13;5.42;1164;13;2400.00;87
5809;13;21774596;5809;416;6972;7057;5.24;0.32;302.08;5.42;1163;13;2401.00;85
5811;13;21774612;5811;422;6975;7057;5.22;0.32;302.09;5.44;1164;13;2402.00;82
5814;13;21774626;5814;429;6978;7058;5.21;0.32;301.97;5.44;1164;13;2403.00;80
5816;13;21774642;5816;432;6981;7058;5.19;0.32;301.91;5.44;1165;13;2404.00;77
5818;13;21774656;5818;427;6985;7062;5.19;0.32;301.89;5.48;1167;13;2405.00;77
5819;13;21774672;5819;441;6988;7062;5.17;0.32;301.86;5.48;1169;13;2406.00;74
5821;13;21774687;5821;438;6992;7066;5.19;0.32;301.88;5.49;1171;13;2407.00;74
5823;13;21774703;5823;438;6993;7066;5.18;0.32;301.81;5.52;1170;13;2408.00;73
5824;13;21774719;5824;437;6994;7066;5.20;0.32;301.77;5.53;1170;13;2409.00;72
5826;13;21774734;5826;446;6997;7066;5.17;0.32;301.73;5.56;1171;13;2410.00;69
5826;13;21774749;5826;445;6997;7066;5.19;0.32;301.73;5.56;1171;13;2411.00;69
5826;13;21774770;5826;449;7007;7078;5.21;0.32;301.73;5.59;1181;13;2412.00;71
5829;13;21774786;5829;452;7008;7078;5.15;0.32;301.63;5.59;1179;13;2413.00;70
5829;13;21774802;5829;453;7009;7078;5.14;0.31;301.63;5.61;1180;13;2414.00;69
5830;13;21774817;5830;463;7010;7078;5.11;0.31;301.62;5.62;1180;13;2415.00;68
5832;13;21774832;5832;466;7013;7078;5.07;0.31;301.69;5.65;1181;13;2416.00;65
5835;13;21774848;5835;468;7014;7078;5.02;0.31;301.64;5.67;1179;13;2417.00;64
5835;13;21774862;5835;475;7016;7079;4.98;0.31;301.64;5.68;1181;13;2418.00;63
5838;13;21774875;5838;479;7017;7079;4.92;0.30;301.64;5.70;1179;13;2419.00;62
5838;13;21774897;5838;481;7021;7085;4.88;0.30;301.64;5.70;1183;13;2420.00;64
5840;13;21774912;5840;491;7026;7086;4.79;0.29;301.68;5.74;1186;13;2421.00;60
5840;13;21774926;5840;476;7026;7086;4.76;0.29;301.68;5.74;1186;13;2422.00;60
5842;13;21774940;5842;464;7028;7086;4.75;0.29;301.64;5.79;1186;13;2423.00;58
5844;13;21774955;5844;452;7033;7090;4.79;0.29;301.56;5.79;1189;13;2424.00;57
5848;13;21774970;5848;443;7033;7090;4.80;0.29;301.54;5.79;1185;13;2425.00;57
5849;13;21774985;5849;434;7037;7090;4.80;0.29;301.51;5.83;1188;13;2426.00;53
5851;13;21775000;5851;431;7041;7091;4.81;0.29;301.43;5.84;1190;13;2427.00;50
5851;13;21775021;5851;422;7044;7095;4.86;0.30;301.43;5.83;1193;13;2428.00;51
5853;13;21775036;5853;419;7044;7095;4.87;0.30;301.42;5.83;1191;13;2429.00;51
5856;13;21775053;5856;421;7051;7101;4.89;0.30;301.37;5.87;1195;13;2430.00;50
5856;13;21775068;5856;417;7051;7101;4.89;0.30;301.37;5.87;1195;13;2431.00;50
5857;13;21775083;5857;418;7055;7101;4.87;0.30;301.36;5.90;1198;13;2432.00;46
5857;13;21775098;5857;418;7055;7101;4.91;0.30;301.36;5.90;1198;13;2433.00;46
5859;13;21775112;5859;425;7061;7105;5.00;0.31;301.42;5.94;1202;13;2434.00;44
5861;13;21775127;5861;422;7061;7105;5.01;0.31;301.42;5.94;1200;13;2435.00;44
5861;13;21775141;5861;420;7061;7105;5.05;0.31;301.42;5.94;1200;13;2436.00;44
5864;13;21775155;5864;412;7063;7105;5.05;0.31;301.44;5.97;1199;13;2437.00;42
5865;13;21775179;5865;419;7064;7106;5.07;0.31;301.45;5.98;1199;13;2438.00;42
5869;13;21775194;5869;424;7065;7107;5.08;0.31;301.48;5.97;1196;13;2439.00;42
5872;13;21775207;5872;425;7067;7107;5.09;0.31;301.48;6.01;1195;13;2440.00;40
5874;13;21775222;5874;427;7068;7108;5.06;0.31;301.46;6.00;1194;13;2441.00;40
5877;13;21775237;5877;427;7070;7108;5.02;0.31;301.41;6.03;1193;13;2442.00;38
5878;13;21775252;5878;436;7071;7108;5.04;0.31;301.44;6.04;1193;13;2443.00;37
5881;13;21775266;5881;432;7072;7108;5.04;0.31;301.43;6.05;1191;13;2444.00;36
5882;13;21775280;5882;436;7073;7108;5.06;0.31;301.43;6.06;1191;13;2445.00;35
5885;13;21775295;5885;438;7073;7108;5.08;0.31;301.49;6.06;1188;13;2446.00;35
5890;13;21775311;5890;441;7075;7108;5.06;0.31;301.42;6.09;1185;13;2447.00;33
5891;13;21775323;5891;451;7134;7235;5.31;0.33;301.42;6.04;1243;13;2448.00;101
5895;13;21775350;5895;456;7138;7236;5.27;0.33;301.38;6.04;1243;13;2449.00;98
5900;13;21775365;5900;435;7147;7236;5.29;0.33;301.57;6.06;1247;13;2450.00;89
5904;13;21775379;5904;437;7152;7236;5.26;0.33;301.71;6.06;1248;13;2451.00;84
5907;13;21775395;5907;426;7159;7236;5.22;0.32;301.78;6.08;1252;13;2452.00;77
5913;13;21775409;5913;425;7160;7236;5.18;0.32;301.95;6.08;1247;13;2453.00;76
5914;13;21775424;5914;418;7165;7236;5.19;0.32;302.06;6.08;1251;13;2454.00;71
5920;13;21775439;5920;420;7167;7236;5.17;0.32;302.14;6.08;1247;13;2455.00;69
5926;13;21775456;5926;427;7170;7237;5.12;0.32;302.35;6.08;1244;13;2456.00;67
5927;13;21775472;5927;423;7172;7238;5.09;0.31;302.38;6.09;1245;13;2457.00;66
5932;13;21775496;5932;428;7173;7238;5.06;0.31;302.50;6.09;1241;13;2458.00;65
5936;13;21775511;5936;426;7174;7239;5.04;0.31;302.57;6.09;1238;13;2459.00;65
5938;13;21775529;5938;434;7177;7239;5.09;0.31;302.59;6.10;1239;13;2460.00;62
5942;13;21775546;5942;423;7178;7239;5.08;0.31;302.81;6.10;1236;13;2461.00;61
5947;13;21775563;5947;425;7181;7239;5.10;0.31;303.06;6.10;1234;13;2462.00;58
5950;13;21775577;5950;424;7184;7243;5.18;0.32;303.08;6.10;1234;13;2463.00;59
5952;13;21775595;5952;425;7186;7243;5.18;0.32;303.17;6.10;1234;13;2464.00;57
5955;13;21775611;5955;426;7187;7243;5.23;0.32;303.15;6.10;1232;13;2465.00;56
5958;13;21775625;5958;432;7191;7246;5.28;0.32;303.11;6.12;1233;13;2466.00;55
5961;13;21775643;5961;436;7191;7246;5.30;0.33;303.21;6.12;1230;13;2467.00;55
5964;13;21775658;5964;433;7194;7246;5.31;0.33;303.25;6.12;1230;13;2468.00;52
5968;13;21775674;5968;436;7198;7250;5.30;0.33;303.36;6.12;1230;13;2469.00;52
5972;13;21775692;5972;434;7200;7251;5.30;0.32;303.48;6.12;1228;13;2470.00;51
5975;13;21775713;5975;440;7201;7251;5.32;0.33;303.40;6.12;1226;13;2471.00;50
5979;13;21775732;5979;435;7203;7255;5.30;0.32;303.55;6.13;1224;13;2472.00;52
5982;13;21775755;5982;439;7204;7255;5.32;0.33;303.76;6.13;1222;13;2473.00;51
5985;13;21775773;5985;435;7205;7255;5.37;0.33;303.89;6.13;1220;13;2474.00;50
5991;13;21775794;5991;427;7207;7257;5.40;0.33;303.96;6.13;1216;13;2475.00;50
5994;13;21775817;5994;426;7207;7257;5.44;0.33;304.07;6.13;1213;13;2476.00;50
5997;13;21775836;5997;419;7211;7263;5.49;0.34;304.16;6.13;1214;13;2477.00;52
6003;13;21775857;6003;416;7211;7263;5.48;0.33;304.13;6.13;1208;13;2478.00;52
6010;13;21775883;6010;416;7212;7264;5.49;0.33;304.33;6.13;1202;13;2479.00;52
6017;13;21775901;6017;409;7212;7264;5.53;0.34;304.52;6.13;1195;13;2480.00;52
6021;13;21775919;6021;413;7212;7264;5.59;0.34;304.62;6.13;1191;13;2481.00;52
6026;13;21775936;6026;413;7212;7264;5.58;0.34;304.70;6.13;1186;13;2482.00;52
6029;13;21775953;6029;413;7212;7264;5.62;0.34;304.82;6.13;1183;13;2483.00;52
6032;13;21775969;6032;409;7217;7276;5.66;0.35;304.92;6.12;1185;13;2484.00;59
6038;13;21775987;6038;412;7217;7276;5.65;0.35;305.15;6.12;1179;13;2485.00;59
6041;13;21776004;6041;421;7219;7276;5.67;0.35;305.33;6.14;1178;13;2486.00;57
6045;13;21776020;6045;419;7219;7276;5.63;0.34;305.45;6.14;1174;13;2487.00;57
6047;13;21776036;6047;424;7220;7276;5.63;0.34;305.48;6.14;1173;13;2488.00;56
6050;13;21776052;6050;422;7220;7276;5.62;0.34;305.57;6.14;1170;13;2489.00;56
6052;13;21776071;6052;421;7227;7280;5.59;0.34;305.55;6.16;1175;13;2490.00;53
6053;13;21776088;6053;427;7227;7280;5.58;0.34;305.59;6.16;1174;13;2491.00;53
6058;13;21776104;6058;427;7230;7284;5.54;0.34;305.68;6.15;1172;13;2492.00;54
6061;13;21776121;6061;429;7233;7285;5.45;0.33;305.73;6.18;1172;13;2493.00;52
6064;13;21776137;6064;437;7235;7285;5.41;0.33;305.72;6.20;1171;13;2494.00;50
6066;13;21776153;6066;440;7236;7285;5.32;0.32;305.81;6.21;1170;13;2495.00;49
6070;13;21776170;6070;449;7246;7298;5.26;0.32;305.92;6.20;1176;13;2496.00;52
6072;13;21776187;6072;439;7246;7298;5.27;0.32;305.89;6.20;1174;13;2497.00;52
6078;13;21776204;6078;436;7248;7298;5.22;0.32;306.05;6.22;1170;13;2498.00;50
6079;13;21776220;6079;430;7249;7299;5.27;0.32;306.07;6.22;1170;13;2499.00;50
6080;13;21776236;6080;432;7250;7300;5.31;0.32;306.13;6.23;1170;13;2500.00;50
6086;13;21776256;6086;434;7252;7300;5.31;0.32;306.28;6.24;1166;13;2501.00;48
6088;13;21776273;6088;441;7254;7303;5.36;0.33;306.37;6.24;1166;13;2502.00;49
6091;13;21776289;6091;443;7255;7303;5.41;0.33;306.52;6.24;1164;13;2503.00;48
6092;13;21776306;6092;448;7258;7303;5.42;0.33;306.59;6.26;1166;13;2504.00;45
6094;13;21776322;6094;453;7258;7303;5.44;0.33;306.63;6.26;1164;13;2505.00;45
6095;13;21776346;6095;441;7264;7309;5.46;0.33;306.74;6.26;1169;13;2506.00;45
6099;13;21776364;6099;439;7264;7309;5.47;0.33;306.98;6.26;1165;13;2507.00;45
6102;13;21776379;6102;439;7265;7309;5.51;0.34;307.13;6.27;1163;13;2508.00;44
6108;13;21776396;6108;434;7265;7309;5.53;0.34;307.08;6.27;1157;13;2509.00;44
6112;13;21776413;6112;433;7268;7313;5.57;0.34;307.25;6.26;1156;13;2510.00;45
6114;13;21776430;6114;435;7270;7314;5.60;0.34;307.33;6.27;1156;13;2511.00;44
6120;13;21776447;6120;431;7270;7314;5.60;0.34;307.53;6.27;1150;13;2512.00;44
6120;13;21776470;6120;438;7272;7315;5.67;0.34;307.53;6.28;1152;13;2513.00;43
6122;13;21776486;6122;443;7272;7315;5.70;0.35;307.72;6.28;1150;13;2514.00;43
6126;13;21776502;6126;440;7273;7315;5.70;0.35;307.87;6.29;1147;13;2515.00;42
6127;13;21776519;6127;442;7273;7315;5.70;0.35;307.83;6.29;1146;13;2516.00;42
6130;13;21776535;6130;446;7276;7315;5.70;0.35;308.02;6.31;1146;13;2517.00;39
6132;13;21776552;6132;442;7276;7315;5.66;0.34;308.15;6.31;1144;13;2518.00;39
6134;13;21776569;6134;444;7276;7315;5.64;0.34;308.28;6.31;1142;13;2519.00;39
6135;13;21776586;6135;467;7339;7440;5.69;0.35;308.37;6.26;1204;13;2520.00;101
6139;13;21776614;6139;460;7340;7441;5.70;0.35;308.56;6.26;1201;13;2521.00;101
6141;13;21776630;6141;450;7349;7441;5.76;0.35;308.66;6.26;1208;13;2522.00;92
6144;13;21776647;6144;454;7353;7441;5.71;0.35;308.81;6.26;1209;13;2523.00;88
6144;13;21776664;6144;452;7358;7441;5.79;0.36;308.81;6.26;1214;13;2524.00;83
6150;13;21776680;6150;452;7362;7441;5.76;0.35;309.00;6.26;1212;13;2525.00;79
6153;13;21776697;6153;453;7365;7441;5.76;0.35;309.03;6.26;1212;13;2526.00;76
6158;13;21776713;6158;467;7370;7441;5.71;0.35;309.19;6.26;1212;13;2527.00;71
6160;13;21776732;6160;473;7378;7442;5.69;0.35;309.31;6.27;1218;13;2528.00;64
6161;13;21776749;6161;489;7384;7443;5.66;0.35;309.28;6.27;1223;13;2529.00;59
6165;13;21776764;6165;495;7388;7443;5.56;0.34;309.23;6.27;1223;13;2530.00;55
6166;13;21776790;6166;509;7393;7447;5.45;0.33;309.22;6.27;1227;13;2531.00;54
6167;13;21776807;6167;513;7394;7447;5.33;0.33;309.20;6.27;1227;13;2532.00;53
6168;13;21776822;6168;520;7397;7447;5.24;0.32;309.21;6.27;1229;13;2533.00;50
6169;13;21776838;6169;526;7399;7447;5.18;0.32;309.23;6.27;1230;13;2534.00;48
6171;13;21776854;6171;535;7402;7453;5.19;0.32;309.27;6.27;1231;13;2535.00;51
6173;13;21776870;6173;542;7403;7453;5.14;0.31;309.30;6.27;1230;13;2536.00;50
6173;13;21776886;6173;551;7404;7455;5.12;0.31;309.30;6.27;1231;13;2537.00;51
6176;13;21776902;6176;549;7406;7458;5.12;0.31;309.29;6.27;1230;13;2538.00;52
6177;13;21776918;6177;556;7407;7458;5.06;0.31;309.31;6.27;1230;13;2539.00;51
6178;13;21776934;6178;547;7408;7458;5.00;0.30;309.29;6.27;1230;13;2540.00;50
6178;13;21776950;6178;545;7409;7459;5.06;0.31;309.29;6.27;1231;13;2541.00;50
6179;13;21776966;6179;542;7410;7460;5.10;0.31;309.26;6.27;1231;13;2542.00;50
6180;13;21776982;6180;537;7411;7460;5.10;0.31;309.28;6.27;1231;13;2543.00;49
6184;13;21776997;6184;543;7420;7473;5.09;0.31;309.45;6.26;1236;13;2544.00;53
6185;13;21777015;6185;533;7421;7473;5.14;0.31;309.42;6.26;1236;13;2545.00;52
6185;13;21777031;6185;538;7421;7473;5.18;0.32;309.42;6.26;1236;13;2546.00;52
6187;13;21777047;6187;535;7422;7474;5.16;0.32;309.38;6.26;1235;13;2547.00;52
6189;13;21777063;6189;535;7422;7474;5.16;0.32;309.37;6.26;1233;13;2548.00;52
6192;13;21777079;6192;538;7425;7478;5.14;0.31;309.41;6.26;1233;13;2549.00;53
6193;13;21777097;6193;535;7427;7481;5.09;0.31;309.39;6.26;1234;13;2550.00;54
6197;13;21777114;6197;537;7431;7485;5.02;0.31;309.45;6.26;1234;13;2551.00;54
6200;13;21777131;6200;544;7431;7485;5.03;0.31;309.50;6.26;1231;13;2552.00;54
6202;13;21777147;6202;534;7431;7485;5.00;0.31;309.54;6.26;1229;13;2553.00;54
6207;13;21777162;6207;532;7431;7485;4.90;0.30;309.52;6.26;1224;13;2554.00;54
6212;13;21777177;6212;528;7433;7485;4.81;0.29;309.43;6.30;1221;13;2555.00;52
6215;13;21777194;6215;529;7441;7497;4.80;0.29;309.45;6.30;1226;13;2556.00;56
6217;13;21777210;6217;537;7441;7497;4.75;0.29;309.42;6.30;1224;13;2557.00;56
6219;13;21777224;6219;528;7443;7497;4.75;0.29;309.42;6.30;1224;13;2558.00;54
6222;13;21777239;6222;523;7443;7497;4.69;0.29;309.43;6.30;1221;13;2559.00;54
6223;13;21777254;6223;527;7443;7497;4.66;0.29;309.39;6.30;1220;13;2560.00;54
6226;13;21777270;6226;517;7443;7497;4.63;0.28;309.36;6.30;1217;13;2561.00;54
6230;13;21777286;6230;518;7443;7498;4.65;0.29;309.42;6.30;1213;13;2562.00;55
6233;13;21777301;6233;519;7443;7498;4.70;0.29;309.37;6.30;1210;13;2563.00;55
6234;13;21777317;6234;520;7447;7504;4.79;0.29;309.34;6.29;1213;13;2564.00;57
6236;13;21777332;6236;520;7449;7506;4.77;0.29;309.27;6.29;1213;13;2565.00;57
6237;13;21777349;6237;518;7449;7506;4.79;0.29;309.25;6.29;1212;13;2566.00;57
6240;13;21777364;6240;509;7449;7506;4.78;0.29;309.24;6.29;1209;13;2567.00;57
6244;13;21777378;6244;507;7451;7510;4.85;0.30;309.21;6.29;1207;13;2568.00;59
6247;13;21777394;6247;501;7451;7510;4.83;0.29;309.14;6.29;1204;13;2569.00;59
6250;13;21777407;6250;512;7451;7510;4.82;0.29;309.13;6.29;1201;13;2570.00;59
6250;13;21777422;6250;509;7452;7511;4.82;0.29;309.13;6.29;1202;13;2571.00;59
6252;13;21777437;6252;511;7456;7515;4.83;0.29;309.18;6.29;1204;13;2572.00;59
6254;13;21777452;6254;521;7458;7515;4.86;0.30;309.11;6.30;1204;13;2573.00;57
6256;13;21777467;6256;527;7460;7518;4.83;0.29;309.17;6.30;1204;13;2574.00;58
6258;13;21777484;6258;533;7461;7518;4.85;0.30;309.29;6.30;1203;13;2575.00;57
6261;13;21777499;6261;534;7462;7518;4.78;0.29;309.17;6.30;1201;13;2576.00;56
6263;13;21777514;6263;544;7463;7518;4.75;0.29;309.14;6.30;1200;13;2577.00;55
6264;13;21777530;6264;540;7468;7522;4.77;0.29;309.12;6.30;1204;13;2578.00;54
6264;13;21777546;6264;529;7468;7522;4.79;0.29;309.12;6.30;1204;13;2579.00;54
6266;13;21777563;6266;523;7469;7522;4.79;0.29;309.06;6.33;1203;13;2580.00;53
6266;13;21777578;6266;518;7469;7522;4.81;0.29;309.06;6.33;1203;13;2581.00;53
6267;13;21777593;6267;513;7469;7523;4.80;0.29;309.08;6.33;1202;13;2582.00;54
6269;13;21777608;6269;508;7471;7524;4.82;0.30;309.05;6.35;1202;13;2583.00;53
6270;13;21777623;6270;503;7471;7524;4.80;0.29;309.08;6.35;1201;13;2584.00;53
6271;13;21777639;6271;495;7473;7525;4.81;0.29;309.05;6.38;1202;13;2585.00;52
6271;13;21777662;6271;491;7473;7525;4.86;0.30;309.05;6.38;1202;13;2586.00;52
6272;13;21777677;6272;490;7474;7525;4.92;0.30;309.03;6.40;1202;13;2587.00;51
6274;13;21777691;6274;485;7474;7525;4.96;0.30;308.99;6.40;1200;13;2588.00;51
6275;13;21777706;6275;480;7475;7525;5.02;0.31;309.01;6.42;1200;13;2589.00;50
6277;13;21777722;6277;474;7475;7525;5.08;0.31;309.00;6.42;1198;13;2590.00;50
6277;13;21777740;6277;477;7475;7525;5.09;0.31;309.00;6.42;1198;13;2591.00;50
6279;13;21777760;6279;487;7533;7652;5.42;0.34;309.04;6.45;1254;13;2592.00;119
6281;13;21777790;6281;473;7536;7653;5.42;0.34;309.07;6.45;1255;13;2593.00;117
6283;13;21777812;6283;470;7548;7653;5.47;0.34;309.06;6.49;1265;13;2594.00;105
6284;13;21777830;6284;469;7552;7653;5.45;0.34;309.01;6.48;1268;13;2595.00;101
6286;13;21777848;6286;466;7559;7653;5.45;0.34;309.03;6.48;1273;13;2596.00;94
6289;13;21777864;6289;476;7566;7653;5.40;0.34;309.01;6.55;1277;13;2597.00;87
6292;13;21777880;6292;474;7568;7653;5.36;0.33;309.05;6.54;1276;13;2598.00;85
6295;13;21777896;6295;471;7571;7653;5.31;0.33;309.08;6.56;1276;13;2599.00;82
6298;13;21777913;6298;478;7576;7654;5.30;0.33;309.02;6.62;1278;13;2600.00;78
6303;13;21777940;6303;474;7578;7655;5.26;0.32;308.93;6.62;1275;13;2601.00;77
6305;13;21777957;6305;473;7581;7655;5.22;0.32;308.90;6.64;1276;13;2602.00;74
6306;13;21777973;6306;474;7583;7656;5.21;0.32;308.93;6.66;1277;13;2603.00;73
6307;13;21777989;6307;472;7587;7656;5.19;0.32;308.98;6.67;1280;13;2604.00;69
6310;13;21778005;6310;472;7591;7656;5.10;0.31;308.96;6.71;1281;13;2605.00;65
6312;13;21778021;6312;470;7594;7656;5.11;0.31;308.99;6.71;1282;13;2606.00;62
6312;13;21778037;6312;467;7598;7660;5.17;0.32;308.99;6.73;1286;13;2607.00;62
6314;13;21778055;6314;475;7602;7660;5.16;0.32;308.93;6.76;1288;13;2608.00;58
6316;13;21778072;6316;473;7603;7660;5.18;0.32;308.96;6.76;1287;13;2609.00;57
6316;13;21778090;6316;477;7608;7666;5.24;0.32;308.96;6.78;1292;13;2610.00;58
6320;13;21778106;6320;478;7609;7666;5.23;0.32;308.93;6.78;1289;13;2611.00;57
6322;13;21778131;6322;480;7611;7666;5.19;0.32;308.96;6.80;1289;13;2612.00;55
6325;13;21778147;6325;490;7615;7670;5.15;0.32;308.98;6.81;1290;13;2613.00;55
6327;13;21778164;6327;489;7616;7671;5.10;0.31;309.01;6.81;1289;13;2614.00;55
6330;13;21778179;6330;497;7619;7671;5.05;0.31;309.04;6.84;1289;13;2615.00;52
6335;13;21778196;6335;506;7624;7675;5.00;0.31;309.05;6.84;1289;13;2616.00;51
6338;13;21778212;6338;511;7625;7675;5.00;0.31;309.03;6.84;1287;13;2617.00;50
6341;13;21778227;6341;523;7627;7675;4.95;0.30;309.05;6.87;1286;13;2618.00;48
6344;13;21778244;6344;515;7627;7676;4.93;0.30;309.16;6.87;1283;13;2619.00;49
6348;13;21778258;6348;510;7629;7676;4.93;0.30;309.19;6.89;1281;13;2620.00;47
6353;13;21778273;6353;507;7633;7682;4.92;0.30;309.19;6.88;1280;13;2621.00;49
6358;13;21778289;6358;505;7633;7682;4.85;0.30;309.14;6.88;1275;13;2622.00;49
6361;13;21778305;6361;502;7633;7683;4.81;0.29;309.24;6.88;1272;13;2623.00;50
6365;13;21778321;6365;499;7633;7683;4.77;0.29;309.34;6.88;1268;13;2624.00;50
6367;13;21778337;6367;491;7635;7683;4.73;0.29;309.34;6.90;1268;13;2625.00;48
6372;13;21778353;6372;483;7635;7683;4.70;0.29;309.39;6.90;1263;13;2626.00;48
6375;13;21778369;6375;470;7635;7683;4.66;0.28;309.47;6.90;1260;13;2627.00;48
6378;13;21778385;6378;465;7642;7695;4.73;0.29;309.50;6.89;1264;13;2628.00;53
6382;13;21778401;6382;463;7642;7695;4.80;0.29;309.53;6.89;1260;13;2629.00;53
6385;13;21778418;6385;460;7642;7695;4.88;0.30;309.56;6.89;1257;13;2630.00;53
6389;13;21778435;6389;454;7642;7695;4.96;0.30;309.57;6.89;1253;13;2631.00;53
6391;13;21778451;6391;443;7642;7695;5.05;0.31;309.63;6.89;1251;13;2632.00;53
6396;13;21778468;6396;433;7642;7695;5.14;0.31;309.76;6.89;1246;13;2633.00;53
6398;13;21778485;6398;418;7645;7699;5.21;0.32;309.86;6.89;1247;13;2634.00;54
6401;13;21778501;6401;406;7645;7699;5.27;0.32;309.89;6.89;1244;13;2635.00;54
6406;13;21778517;6406;397;7648;7703;5.31;0.32;310.00;6.89;1242;13;2636.00;55
6410;13;21778535;6410;394;7648;7704;5.35;0.33;310.09;6.89;1238;13;2637.00;56
6412;13;21778551;6412;395;7648;7704;5.40;0.33;310.12;6.89;1236;13;2638.00;56
6419;13;21778569;6419;394;7648;7704;5.43;0.33;310.35;6.89;1229;13;2639.00;56
6424;13;21778588;6424;398;7667;7733;5.50;0.34;310.39;6.87;1243;13;2640.00;66
6427;13;21778608;6427;391;7667;7733;5.53;0.34;310.52;6.87;1240;13;2641.00;66
6433;13;21778624;6433;395;7669;7733;5.56;0.34;310.76;6.87;1236;13;2642.00;64
6437;13;21778641;6437;395;7672;7734;5.63;0.34;310.83;6.87;1235;13;2643.00;62
6441;13;21778660;6441;387;7673;7735;5.71;0.35;311.03;6.87;1232;13;2644.00;62
6445;13;21778677;6445;389;7674;7735;5.72;0.35;311.08;6.87;1229;13;2645.00;61
6450;13;21778695;6450;384;7676;7738;5.73;0.35;311.25;6.88;1226;13;2646.00;62
6452;13;21778712;6452;390;7677;7738;5.73;0.35;311.29;6.88;1225;13;2647.00;61
6457;13;21778729;6457;384;7677;7738;5.64;0.34;311.42;6.88;1220;13;2648.00;61
6462;13;21778748;6462;379;7679;7738;5.62;0.34;311.58;6.88;1217;13;2649.00;59
6464;13;21778765;6464;387;7683;7744;5.65;0.34;311.57;6.88;1219;13;2650.00;61
6466;13;21778782;6466;391;7685;7744;5.69;0.35;311.70;6.88;1219;13;2651.00;59
6470;13;21778800;6470;395;7685;7744;5.67;0.34;311.81;6.88;1215;13;2652.00;59
6475;13;21778817;6475;391;7685;7744;5.62;0.34;311.87;6.88;1210;13;2653.00;59
6477;13;21778834;6477;389;7689;7748;5.69;0.35;311.86;6.88;1212;13;2654.00;59
6481;13;21778852;6481;395;7691;7750;5.70;0.35;311.94;6.87;1210;13;2655.00;59
6484;13;21778879;6484;395;7694;7750;5.73;0.35;312.07;6.89;1210;13;2656.00;56
6488;13;21778896;6488;397;7696;7751;5.77;0.35;312.08;6.90;1208;13;2657.00;55
6491;13;21778913;6491;399;7696;7751;5.79;0.35;312.09;6.90;1205;13;2658.00;55
6494;13;21778930;6494;404;7699;7751;5.76;0.35;312.09;6.91;1205;13;2659.00;52
6496;13;21778948;6496;402;7699;7751;5.80;0.35;312.09;6.91;1203;13;2660.00;52
6499;13;21778965;6499;407;7700;7751;5.81;0.35;312.02;6.92;1201;13;2661.00;51
6501;13;21778981;6501;407;7701;7751;5.82;0.35;312.15;6.93;1200;13;2662.00;50
6504;13;21778999;6504;403;7701;7751;5.80;0.35;312.16;6.93;1197;13;2663.00;50
6511;13;21779016;6511;416;7737;7821;5.80;0.35;312.38;6.91;1226;13;2664.00;84
6515;13;21779039;6515;412;7738;7822;5.77;0.35;312.46;6.91;1223;13;2665.00;84
6517;13;21779057;6517;415;7744;7822;5.73;0.35;312.54;6.91;1227;13;2666.00;78
6519;13;21779074;6519;416;7748;7822;5.75;0.35;312.57;6.92;1229;13;2667.00;74
6522;14;21779090;6522;421;7752;7822;5.73;0.35;312.73;6.92;1230;14;2668.00;70
6526;14;21779120;6526;426;7754;7822;5.72;0.35;312.76;6.92;1228;14;2669.00;68
6529;14;21779139;6529;428;7756;7822;5.69;0.35;312.95;6.92;1227;14;2670.00;66
6530;14;21779156;6530;439;7758;7822;5.65;0.34;313.01;6.92;1228;14;2671.00;64
6532;14;21779173;6532;436;7762;7823;5.64;0.34;313.18;6.93;1230;14;2672.00;61
6535;14;21779190;6535;431;7764;7824;5.56;0.34;313.20;6.93;1229;14;2673.00;60
6538;14;21779207;6538;433;7767;7824;5.49;0.34;313.43;6.93;1229;14;2674.00;57
6541;14;21779224;6541;440;7770;7828;5.44;0.33;313.66;6.93;1229;14;2675.00;58
6544;14;21779241;6544;443;7771;7828;5.36;0.33;313.66;6.94;1227;14;2676.00;57
6546;14;21779257;6546;449;7772;7828;5.30;0.32;313.77;6.94;1226;14;2677.00;56
6551;14;21779274;6551;461;7772;7828;5.21;0.32;313.88;6.94;1221;14;2678.00;56
6553;14;21779290;6553;464;7778;7834;5.21;0.32;313.92;6.94;1225;14;2679.00;56
6557;14;21779308;6557;468;7778;7834;5.16;0.32;314.10;6.94;1221;14;2680.00;56
6558;14;21779326;6558;469;7780;7834;5.18;0.32;314.10;6.94;1222;15;2681.00;54
6563;14;21779353;6563;456;7782;7837;5.20;0.32;314.25;6.94;1219;15;2682.00;55
6566;14;21779370;6566;452;7783;7837;5.21;0.32;314.36;6.94;1217;15;2683.00;54
6569;14;21779387;6569;452;7784;7837;5.25;0.32;314.46;6.94;1215;15;2684.00;53
6573;14;21779413;6573;453;7784;7838;5.26;0.32;314.50;6.94;1211;15;2685.00;54
6577;14;21779429;6577;458;7786;7839;5.25;0.32;314.54;6.94;1209;15;2686.00;53
6579;14;21779447;6579;463;7786;7839;5.20;0.32;314.53;6.94;1207;15;2687.00;53
6582;14;21779463;6582;468;7799;7852;5.21;0.32;314.74;6.94;1217;15;2688.00;53
6584;14;21779480;6584;470;7800;7852;5.22;0.32;314.82;6.94;1216;15;2689.00;52
6587;14;21779497;6587;478;7801;7852;5.19;0.32;314.85;6.94;1214;15;2690.00;51
6590;14;21779513;6590;487;7803;7853;5.16;0.31;315.12;6.94;1213;15;2691.00;50
6592;14;21779530;6592;484;7803;7853;5.11;0.31;315.19;6.94;1211;15;2692.00;50
6594;14;21779547;6594;495;7807;7857;5.14;0.31;315.25;6.94;1213;15;2693.00;50
6597;14;21779563;6597;501;7807;7857;5.08;0.31;315.42;6.94;1210;15;2694.00;50
6598;14;21779579;6598;499;7810;7861;5.05;0.31;315.43;6.94;1212;15;2695.00;51
6600;14;21779595;6600;499;7810;7861;5.07;0.31;315.37;6.94;1210;15;2696.00;51
6603;14;21779610;6603;499;7810;7861;5.06;0.31;315.54;6.94;1207;15;2697.00;51
6606;14;21779626;6606;502;7810;7861;5.05;0.31;315.56;6.94;1204;15;2698.00;51
6607;14;21779642;6607;500;7810;7861;5.09;0.31;315.60;6.94;1203;15;2699.00;51
6608;14;21779668;6608;504;7837;7910;5.16;0.32;315.67;6.91;1229;15;2700.00;73
6611;14;21779696;6611;508;7839;7910;5.17;0.32;315.63;6.91;1228;15;2701.00;71
6615;14;21779712;6615;510;7841;7910;5.22;0.32;315.74;6.91;1226;15;2702.00;69
6617;14;21779728;6617;509;7841;7910;5.23;0.32;315.78;6.91;1224;15;2703.00;69
6619;14;21779761;6619;513;7844;7910;5.22;0.32;315.74;6.91;1225;15;2704.00;66
6619;14;21779781;6619;514;7844;7910;5.17;0.32;315.74;6.91;1225;15;2705.00;66
6620;14;21779801;6620;512;7846;7911;5.11;0.31;315.71;6.91;1226;15;2706.00;65
6620;14;21779820;6620;520;7846;7911;5.07;0.31;315.71;6.91;1226;15;2707.00;65
6624;14;21779838;6624;530;7850;7917;5.00;0.31;315.75;6.91;1226;15;2708.00;67
6625;14;21779860;6625;532;7851;7918;4.93;0.30;315.71;6.91;1226;15;2709.00;67
6627;14;21779877;6627;517;7851;7918;4.87;0.30;315.68;6.91;1224;15;2710.00;67
6630;14;21779894;6630;528;7851;7918;4.81;0.29;315.65;6.91;1221;15;2711.00;67
6631;14;21779909;6631;532;7856;7922;4.80;0.29;315.63;6.91;1225;15;2712.00;66
6633;14;21779927;6633;527;7856;7922;4.73;0.29;315.63;6.91;1223;15;2713.00;66
6634;14;21779942;6634;530;7856;7922;4.73;0.29;315.64;6.91;1222;15;2714.00;66
6635;14;21779956;6635;531;7857;7923;4.72;0.29;315.65;6.90;1222;15;2715.00;66
6636;14;21779973;6636;531;7860;7927;4.71;0.29;315.61;6.90;1224;15;2716.00;67
6638;14;21779989;6638;533;7860;7927;4.69;0.29;315.69;6.90;1222;15;2717.00;67
6642;14;21780008;6642;535;7864;7930;4.69;0.29;315.63;6.90;1222;15;2718.00;66
6645;14;21780025;6645;524;7864;7930;4.69;0.29;315.62;6.90;1219;15;2719.00;66
6646;14;21780040;6646;528;7865;7930;4.76;0.29;315.59;6.90;1219;15;2720.00;65
6650;14;21780056;6650;527;7865;7930;4.77;0.29;315.55;6.90;1215;15;2721.00;65
6652;14;21780072;6652;523;7868;7934;4.83;0.30;315.52;6.90;1216;15;2722.00;66
6655;14;21780089;6655;522;7870;7934;4.88;0.30;315.61;6.90;1215;15;2723.00;64
6656;14;21780104;6656;519;7870;7934;4.86;0.30;315.58;6.90;1214;15;2724.00;64
6658;14;21780128;6658;521;7870;7934;4.85;0.30;315.50;6.90;1212;15;2725.00;64
6660;14;21780142;6660;522;7870;7935;4.83;0.30;315.51;6.90;1210;15;2726.00;65
6662;14;21780157;6662;522;7871;7936;4.76;0.29;315.56;6.90;1209;15;2727.00;65
6665;14;21780173;6665;529;7871;7936;4.71;0.29;315.66;6.90;1206;15;2728.00;65
6670;14;21780188;6670;527;7875;7937;4.65;0.28;315.79;6.94;1205;15;2729.00;62
6671;14;21780207;6671;518;7876;7937;4.63;0.28;315.78;6.96;1205;15;2730.00;61
6674;14;21780222;6674;526;7876;7937;4.59;0.28;315.80;6.96;1202;15;2731.00;61
6677;14;21780237;6677;515;7878;7937;4.56;0.28;315.79;6.97;1201;15;2732.00;59
6677;14;21780252;6677;514;7878;7937;4.56;0.28;315.79;6.97;1201;15;2733.00;59
6679;14;21780266;6679;517;7878;7937;4.57;0.28;315.75;6.97;1199;15;2734.00;59
6682;14;21780281;6682;517;7879;7937;4.59;0.28;315.72;6.97;1197;15;2735.00;58
6683;14;21780297;6683;513;7942;8064;4.89;0.30;315.73;6.92;1259;15;2736.00;122
6685;14;21780322;6685;497;7945;8065;4.93;0.30;315.77;6.91;1260;15;2737.00;120
6686;14;21780339;6686;478;7951;8065;5.03;0.31;315.76;6.91;1265;15;2738.00;114
6689;14;21780355;6689;467;7956;8065;5.09;0.31;315.77;6.91;1267;15;2739.00;109
6691;14;21780371;6691;459;7960;8065;5.16;0.32;315.73;6.91;1269;15;2740.00;105
6693;14;21780387;6693;457;7965;8065;5.22;0.32;315.73;6.93;1272;15;2741.00;100
6693;14;21780403;6693;441;7968;8065;5.26;0.32;315.73;6.93;1275;15;2742.00;97
6694;14;21780427;6694;438;7969;8065;5.30;0.32;315.77;6.93;1275;15;2743.00;96
6696;14;21780444;6696;430;7971;8066;5.37;0.33;315.72;6.93;1275;15;2744.00;95
6697;14;21780460;6697;428;7973;8068;5.42;0.33;315.69;6.93;1276;15;2745.00;95
6698;14;21780484;6698;433;7975;8068;5.42;0.33;315.65;6.93;1277;15;2746.00;93
6701;14;21780500;6701;426;7977;8069;5.40;0.33;315.64;6.93;1276;15;2747.00;92
6701;14;21780518;6701;433;7984;8069;5.45;0.33;315.64;6.94;1283;15;2748.00;85
6703;14;21780534;6703;427;7986;8069;5.46;0.33;315.58;6.94;1283;15;2749.00;83
6703;14;21780551;6703;429;7990;8069;5.49;0.34;315.58;6.95;1287;15;2750.00;79
6705;14;21780568;6705;441;7995;8073;5.49;0.34;315.54;6.97;1290;15;2751.00;78
6706;14;21780586;6706;440;7997;8073;5.48;0.33;315.55;6.98;1291;15;2752.00;76
6709;14;21780602;6709;452;7998;8073;5.45;0.33;315.57;6.98;1289;15;2753.00;75
6710;14;21780620;6710;457;8002;8076;5.51;0.34;315.56;6.98;1292;15;2754.00;74
6712;14;21780637;6712;455;8005;8076;5.54;0.34;315.55;7.04;1293;15;2755.00;71
6713;14;21780654;6713;460;8007;8076;5.53;0.34;315.52;7.04;1294;15;2756.00;69
6716;14;21780671;6716;463;8010;8080;5.47;0.33;315.47;7.04;1294;15;2757.00;70
6718;14;21780689;6718;463;8015;8081;5.44;0.33;315.42;7.10;1297;15;2758.00;66
6720;14;21780714;6720;459;8015;8081;5.42;0.33;315.40;7.10;1295;15;2759.00;66
6721;14;21780733;6721;457;8022;8086;5.46;0.33;315.50;7.16;1301;15;2760.00;64
6723;14;21780750;6723;460;8023;8086;5.47;0.33;315.50;7.18;1300;15;2761.00;63
6725;14;21780767;6725;464;8025;8086;5.46;0.33;315.59;7.18;1300;15;2762.00;61
6728;14;21780784;6728;471;8027;8087;5.47;0.33;315.57;7.21;1299;15;2763.00;60
6730;14;21780801;6730;472;8029;8087;5.46;0.33;315.66;7.24;1299;15;2764.00;58
6732;14;21780818;6732;476;8034;8093;5.45;0.33;315.80;7.23;1302;15;2765.00;59
6733;14;21780836;6733;481;8037;8093;5.42;0.33;315.78;7.28;1304;15;2766.00;56
6735;14;21780856;6735;483;8038;8094;5.36;0.33;315.94;7.31;1303;15;2767.00;56
6739;14;21780877;6739;484;8038;8094;5.31;0.32;316.00;7.31;1299;15;2768.00;56
6740;14;21780895;6740;485;8038;8094;5.27;0.32;316.01;7.31;1298;15;2769.00;56
6742;14;21780913;6742;488;8040;8094;5.24;0.32;316.03;7.36;1298;15;2770.00;54
6743;14;21780930;6743;490;8040;8094;5.24;0.32;316.02;7.36;1297;16;2771.00;54
6744;14;21780952;6744;488;8050;8106;5.28;0.32;316.07;7.35;1306;16;2772.00;56
6746;14;21780970;6746;487;8052;8106;5.26;0.32;316.07;7.40;1306;16;2773.00;54
6749;14;21780987;6749;486;8054;8106;5.26;0.32;316.13;7.42;1305;16;2774.00;52
6751;14;21781004;6751;491;8055;8106;5.27;0.32;316.14;7.45;1304;16;2775.00;51
6752;14;21781020;6752;480;8055;8106;5.30;0.32;316.13;7.45;1303;16;2776.00;51
6756;14;21781037;6756;475;8055;8106;5.30;0.32;316.13;7.45;1299;16;2777.00;51
6758;14;21781055;6758;470;8060;8110;5.26;0.32;316.16;7.49;1302;16;2778.00;50
6758;14;21781072;6758;465;8060;8110;5.27;0.32;316.16;7.49;1302;16;2779.00;50
6760;14;21781088;6760;456;8064;8114;5.37;0.33;316.31;7.48;1304;16;2780.00;50
6762;15;21781105;6762;455;8067;8115;5.37;0.33;316.35;7.53;1305;17;2781.00;48
6764;15;21781143;6764;452;8067;8115;5.39;0.33;316.40;7.53;1303;17;2782.00;48
6766;15;21781161;6766;453;8069;8115;5.42;0.33;316.36;7.57;1303;17;2783.00;46
6771;15;21781178;6771;447;8079;8128;5.40;0.33;316.46;7.56;1308;17;2784.00;49
6772;15;21781197;6772;446;8081;8128;5.45;0.33;316.46;7.59;1309;17;2785.00;47
6775;15;21781215;6775;446;8082;8128;5.46;0.33;316.46;7.61;1307;17;2786.00;46
6780;15;21781231;6780;446;8083;8129;5.44;0.33;316.45;7.61;1303;17;2787.00;46
6782;15;21781248;6782;456;8085;8130;5.45;0.33;316.41;7.65;1303;17;2788.00;45
6787;15;21781265;6787;460;8085;8130;5.39;0.33;316.39;7.65;1298;17;2789.00;45
6790;15;21781283;6790;469;8092;8136;5.37;0.33;316.38;7.68;1302;17;2790.00;44
6795;15;21781299;6795;474;8092;8136;5.33;0.32;316.50;7.68;1297;17;2791.00;44
6798;15;21781316;6798;475;8095;8136;5.30;0.32;316.57;7.72;1297;17;2792.00;41
6800;15;21781332;6800;474;8095;8136;5.30;0.32;316.65;7.72;1295;17;2793.00;41
6804;15;21781348;6804;477;8101;8142;5.31;0.32;316.67;7.73;1297;17;2794.00;41
6809;15;21781365;6809;469;8102;8142;5.27;0.32;316.78;7.75;1293;17;2795.00;40
6811;15;21781385;6811;468;8102;8142;5.20;0.32;316.87;7.75;1291;17;2796.00;40
6817;15;21781401;6817;475;8102;8142;5.10;0.31;317.04;7.75;1285;17;2797.00;40
6820;15;21781418;6820;476;8105;8146;5.03;0.31;317.09;7.75;1285;17;2798.00;41
6823;15;21781434;6823;480;8106;8147;4.99;0.31;317.13;7.75;1283;17;2799.00;41
6829;15;21781450;6829;477;8106;8147;4.92;0.30;317.16;7.75;1277;17;2800.00;41
6830;15;21781471;6830;469;8107;8148;4.94;0.30;317.18;7.75;1277;17;2801.00;41
6833;15;21781487;6833;459;8107;8148;4.92;0.30;317.20;7.75;1274;17;2802.00;41
6837;15;21781502;6837;456;8107;8148;4.95;0.30;317.18;7.75;1270;17;2803.00;41
6840;15;21781519;6840;455;8107;8148;5.01;0.31;317.17;7.75;1267;17;2804.00;41
6847;15;21781534;6847;449;8107;8148;5.04;0.31;317.42;7.75;1260;17;2805.00;41
6853;15;21781551;6853;431;8107;8148;5.06;0.31;317.52;7.75;1254;17;2806.00;41
6855;15;21781568;6855;421;8107;8148;5.13;0.31;317.53;7.75;1252;17;2807.00;41
6863;15;21781590;6863;420;8143;8218;5.31;0.33;317.67;7.71;1280;17;2808.00;75
6866;15;21781615;6866;407;8147;8219;5.37;0.33;317.81;7.71;1281;17;2809.00;72
6870;15;21781632;6870;400;8153;8219;5.41;0.33;317.98;7.71;1283;17;2810.00;66
6876;15;21781649;6876;396;8153;8219;5.37;0.33;318.41;7.71;1277;17;2811.00;66
6879;15;21781666;6879;390;8155;8219;5.38;0.33;318.44;7.70;1276;17;2812.00;64
6885;15;21781682;6885;383;8155;8219;5.35;0.33;318.53;7.70;1270;17;2813.00;64
6888;15;21781699;6888;382;8157;8219;5.40;0.33;318.55;7.70;1269;17;2814.00;62
6895;15;21781716;6895;383;8159;8219;5.42;0.33;318.69;7.70;1264;17;2815.00;60
6899;15;21781733;6899;389;8162;8220;5.46;0.33;318.87;7.70;1263;17;2816.00;58
6902;15;21781757;6902;389;8164;8221;5.47;0.33;319.01;7.70;1262;17;2817.00;57
6908;15;21781780;6908;386;8165;8221;5.43;0.33;319.17;7.70;1257;17;2818.00;56
6911;15;21781805;6911;387;8167;8225;5.43;0.33;319.22;7.70;1256;17;2819.00;58
6913;15;21781831;6913;383;8167;8225;5.44;0.33;319.38;7.70;1254;17;2820.00;58
6919;15;21781850;6919;387;8167;8225;5.43;0.33;319.47;7.70;1248;17;2821.00;58
6922;15;21781871;6922;393;8168;8225;5.40;0.33;319.53;7.70;1246;17;2822.00;57
6927;15;21781889;6927;398;8173;8231;5.40;0.33;319.62;7.70;1246;17;2823.00;58
6931;15;21781910;6931;397;8173;8231;5.47;0.33;319.65;7.70;1242;17;2824.00;58
6935;15;21781930;6935;395;8174;8231;5.47;0.33;319.70;7.70;1239;17;2825.00;57
6938;15;21781957;6938;395;8176;8234;5.51;0.34;319.78;7.70;1238;17;2826.00;58
6942;15;21781975;6942;401;8176;8234;5.50;0.34;319.95;7.70;1234;17;2827.00;58
6949;15;21781992;6949;396;8176;8234;5.49;0.33;320.06;7.70;1227;17;2828.00;58
6953;15;21782016;6953;399;8179;8235;5.50;0.34;320.07;7.71;1226;17;2829.00;56
6957;15;21782033;6957;398;8180;8236;5.51;0.34;320.14;7.71;1223;17;2830.00;56
6962;15;21782051;6962;404;8182;8236;5.49;0.33;320.27;7.70;1220;17;2831.00;54
6967;15;21782067;6967;402;8190;8249;5.50;0.33;320.35;7.70;1223;17;2832.00;59
6971;15;21782085;6971;399;8191;8249;5.44;0.33;320.46;7.70;1220;17;2833.00;58
6975;15;21782100;6975;408;8191;8249;5.39;0.33;320.54;7.70;1216;17;2834.00;58
6979;15;21782117;6979;410;8195;8251;5.29;0.32;320.69;7.70;1216;17;2835.00;56
6982;15;21782133;6982;409;8196;8251;5.30;0.32;320.78;7.70;1214;17;2836.00;55
6987;15;21782149;6987;409;8200;8255;5.24;0.32;320.77;7.70;1213;17;2837.00;55
6992;15;21782166;6992;416;8201;8255;5.19;0.32;320.93;7.70;1209;17;2838.00;54
6995;15;21782183;6995;417;8204;8259;5.19;0.32;320.98;7.70;1209;17;2839.00;55
6998;15;21782199;6998;424;8205;8259;5.17;0.32;321.04;7.70;1207;17;2840.00;54
7001;15;21782215;7001;426;8207;8259;5.13;0.31;321.04;7.70;1206;17;2841.00;52
7005;15;21782230;7005;430;8207;8259;5.07;0.31;320.95;7.70;1202;17;2842.00;52
7009;15;21782247;7009;438;8207;8259;4.98;0.30;321.07;7.70;1198;17;2843.00;52
7011;15;21782262;7011;439;8216;8271;4.99;0.30;321.17;7.69;1205;17;2844.00;55
7013;15;21782279;7013;447;8216;8271;4.93;0.30;321.36;7.69;1203;17;2845.00;55
7018;15;21782295;7018;447;8218;8271;4.82;0.29;321.52;7.69;1200;17;2846.00;53
7019;15;21782311;7019;446;8218;8271;4.77;0.29;321.58;7.69;1199;17;2847.00;53
7021;15;21782326;7021;451;8218;8271;4.79;0.29;321.63;7.69;1197;17;2848.00;53
7025;15;21782341;7025;438;8219;8271;4.76;0.29;321.69;7.69;1194;17;2849.00;52
7030;15;21782359;7030;440;8221;8274;4.73;0.29;321.75;7.69;1191;17;2850.00;53
7034;15;21782375;7034;444;8221;8274;4.73;0.29;321.77;7.69;1187;17;2851.00;53
7034;15;21782391;7034;442;8226;8280;4.82;0.29;321.77;7.69;1192;17;2852.00;54
7038;15;21782407;7038;444;8227;8281;4.84;0.30;321.87;7.69;1189;17;2853.00;54
7039;15;21782423;7039;448;8227;8281;4.87;0.30;321.87;7.69;1188;17;2854.00;54
7041;15;21782439;7041;456;8227;8281;4.88;0.30;321.85;7.69;1186;17;2855.00;54
7041;16;21782463;7041;439;8230;8285;4.96;0.30;321.85;7.68;1189;18;2856.00;55
7045;16;21782499;7045;429;8230;8285;4.96;0.30;321.81;7.68;1185;18;2857.00;55
7047;16;21782516;7047;423;8230;8285;4.99;0.31;321.82;7.68;1183;18;2858.00;55
7049;16;21782531;7049;416;8231;8286;5.06;0.31;321.82;7.68;1182;18;2859.00;55
7052;16;21782548;7052;411;8234;8290;5.13;0.31;321.84;7.68;1182;18;2860.00;56
7055;16;21782567;7055;412;8234;8290;5.14;0.31;321.90;7.68;1179;18;2861.00;56
7055;16;21782590;7055;420;8236;8293;5.15;0.32;321.90;7.68;1181;18;2862.00;57
7058;16;21782607;7058;421;8236;8293;5.15;0.32;321.82;7.68;1178;18;2863.00;57
7061;16;21782623;7061;422;8239;8295;5.14;0.31;321.80;7.68;1178;18;2864.00;56
7061;16;21782640;7061;432;8239;8295;5.16;0.32;321.80;7.68;1178;18;2865.00;56
7063;16;21782655;7063;431;8243;8299;5.21;0.32;321.78;7.67;1180;18;2866.00;56
7065;16;21782672;7065;427;8243;8299;5.23;0.32;321.77;7.67;1178;18;2867.00;56
7067;16;21782689;7067;428;8243;8299;5.20;0.32;321.90;7.67;1176;18;2868.00;56
7072;16;21782706;7072;433;8243;8299;5.17;0.32;322.08;7.67;1171;18;2869.00;56
7077;16;21782722;7077;432;8243;8300;5.15;0.31;321.99;7.67;1166;18;2870.00;57
7080;16;21782739;7080;425;8244;8301;5.14;0.31;322.02;7.67;1164;18;2871.00;57
7080;16;21782755;7080;424;8244;8301;5.15;0.31;322.02;7.67;1164;18;2872.00;57
7080;16;21782770;7080;430;8245;8302;5.18;0.32;322.02;7.67;1165;18;2873.00;57
7084;16;21782786;7084;426;8245;8302;5.13;0.31;322.01;7.67;1161;18;2874.00;57
7088;16;21782802;7088;428;8245;8302;5.08;0.31;321.91;7.67;1157;18;2875.00;57
7089;16;21782818;7089;432;8245;8302;5.07;0.31;321.88;7.67;1156;18;2876.00;57
7089;16;21782833;7089;427;8245;8302;5.03;0.31;321.88;7.67;1156;18;2877.00;57
7091;16;21782849;7091;427;8245;8302;4.95;0.30;321.86;7.67;1154;18;2878.00;57
7091;16;21782866;7091;421;8245;8302;4.95;0.30;321.86;7.67;1154;18;2879.00;57
7093;16;21782884;7093;479;8370;8532;5.18;0.33;321.78;7.56;1277;18;2880.00;162
7095;16;21782922;7095;470;8373;8533;5.15;0.32;321.79;7.55;1278;18;2881.00;160
7097;16;21782940;7097;458;8383;8533;5.20;0.33;321.76;7.55;1286;18;2882.00;150
7099;16;21782956;7099;452;8386;8533;5.26;0.33;321.71;7.55;1287;18;2883.00;147
7103;16;21782974;7103;451;8392;8533;5.23;0.33;321.75;7.54;1289;18;2884.00;141
7104;16;21782991;7104;459;8395;8533;5.21;0.32;321.73;7.54;1291;18;2885.00;138
7107;16;21783009;7107;457;8401;8533;5.19;0.32;321.69;7.54;1294;18;2886.00;132
7109;16;21783025;7109;474;8407;8533;5.18;0.32;321.67;7.54;1298;18;2887.00;126
7109;16;21783045;7109;466;8415;8534;5.18;0.32;321.67;7.54;1306;18;2888.00;119
7110;16;21783068;7110;470;8420;8535;5.18;0.32;321.66;7.54;1310;18;2889.00;115
7111;16;21783085;7111;465;8423;8535;5.12;0.32;321.64;7.54;1312;18;2890.00;112
7112;16;21783102;7112;466;8426;8536;5.11;0.32;321.73;7.54;1314;18;2891.00;110
7115;16;21783119;7115;469;8428;8536;5.08;0.31;321.73;7.55;1313;18;2892.00;108
7117;16;21783136;7117;461;8431;8536;5.09;0.31;321.72;7.55;1314;18;2893.00;105
7118;16;21783153;7118;453;8432;8536;5.05;0.31;321.70;7.55;1314;18;2894.00;104
7119;16;21783170;7119;447;8435;8540;5.08;0.31;321.68;7.55;1316;18;2895.00;105
7122;16;21783189;7122;444;8436;8540;5.08;0.31;321.67;7.55;1314;18;2896.00;104
7124;16;21783206;7124;443;8440;8540;5.06;0.31;321.71;7.55;1316;18;2897.00;100
7125;16;21783224;7125;446;8441;8543;5.10;0.31;321.70;7.55;1316;18;2898.00;102
7125;16;21783245;7125;436;8441;8543;5.18;0.32;321.70;7.55;1316;18;2899.00;102
7125;16;21783283;7125;436;8442;8543;5.17;0.32;321.70;7.55;1317;18;2900.00;101
7129;16;21783316;7129;436;8445;8547;5.19;0.32;321.67;7.55;1316;18;2901.00;102
7130;16;21783334;7130;443;8446;8548;5.23;0.32;321.66;7.55;1316;18;2902.00;102
7132;16;21783351;7132;441;8446;8548;5.24;0.32;321.62;7.55;1314;18;2903.00;102
7133;16;21783369;7133;431;8448;8552;5.27;0.32;321.60;7.55;1315;18;2904.00;104
7136;16;21783393;7136;426;8451;8552;5.24;0.32;321.57;7.61;1315;18;2905.00;101
7137;16;21783412;7137;423;8452;8552;5.29;0.32;321.59;7.61;1315;18;2906.00;100
7139;16;21783430;7139;408;8452;8553;5.34;0.32;321.55;7.61;1313;18;2907.00;101
7142;16;21783454;7142;408;8455;8553;5.35;0.33;321.52;7.62;1313;18;2908.00;98
7143;16;21783482;7143;408;8458;8559;5.41;0.33;321.51;7.62;1315;18;2909.00;101
7145;16;21783502;7145;407;8460;8559;5.47;0.33;321.53;7.62;1315;18;2910.00;99
7146;16;21783520;7146;396;8460;8560;5.50;0.33;321.55;7.62;1314;18;2911.00;100
7147;16;21783538;7147;390;8461;8560;5.52;0.34;321.61;7.62;1314;18;2912.00;99
7149;16;21783555;7149;400;8461;8560;5.56;0.34;321.53;7.62;1312;18;2913.00;99
7150;16;21783573;7150;399;8463;8560;5.61;0.34;321.63;7.63;1313;18;2914.00;97
7153;16;21783590;7153;399;8464;8560;5.58;0.34;321.69;7.63;1311;18;2915.00;96
7154;16;21783609;7154;396;8473;8572;5.65;0.34;321.65;7.62;1319;18;2916.00;99
7158;16;21783627;7158;393;8473;8572;5.67;0.34;321.62;7.62;1315;18;2917.00;99
7160;16;21783646;7160;398;8474;8572;5.66;0.34;321.59;7.62;1314;18;2918.00;98
7163;16;21783662;7163;392;8475;8572;5.73;0.35;321.66;7.63;1312;18;2919.00;97
7165;16;21783679;7165;393;8476;8572;5.73;0.35;321.62;7.63;1311;18;2920.00;96
7169;16;21783697;7169;395;8477;8572;5.74;0.35;321.78;7.63;1308;18;2921.00;95
7170;16;21783715;7170;400;8480;8576;5.71;0.35;321.75;7.63;1310;18;2922.00;96
7173;16;21783733;7173;410;8483;8576;5.67;0.34;321.77;7.63;1310;18;2923.00;93
7174;16;21783767;7174;409;8485;8580;5.66;0.34;321.85;7.63;1311;18;2924.00;95
7177;16;21783788;7177;413;8490;8582;5.66;0.34;321.91;7.64;1313;18;2925.00;92
7178;16;21783812;7178;417;8491;8582;5.69;0.35;321.89;7.64;1313;18;2926.00;91
7178;16;21783831;7178;418;8492;8582;5.68;0.35;321.89;7.64;1314;18;2927.00;90
7180;16;21783851;7180;427;8503;8595;5.63;0.34;321.83;7.64;1323;18;2928.00;92
7181;16;21783870;7181;422;8504;8595;5.65;0.34;321.82;7.65;1323;18;2929.00;91
7182;16;21783888;7182;430;8506;8595;5.69;0.35;321.80;7.71;1324;18;2930.00;89
7184;16;21783905;7184;433;8509;8596;5.71;0.35;321.87;7.72;1325;18;2931.00;87
7184;16;21783923;7184;437;8510;8597;5.77;0.35;321.87;7.72;1326;18;2932.00;87
7186;16;21783941;7186;437;8511;8597;5.77;0.35;322.00;7.75;1325;18;2933.00;86
7188;16;21783962;7188;437;8515;8600;5.78;0.35;322.00;7.75;1327;18;2934.00;85
7190;16;21783980;7190;436;8517;8600;5.76;0.35;322.00;7.81;1327;18;2935.00;83
7197;16;21783998;7197;439;8519;8600;5.66;0.35;322.22;7.85;1322;18;2936.00;81
7198;16;21784017;7198;453;8520;8600;5.63;0.34;322.23;7.88;1322;18;2937.00;80
7204;16;21784034;7204;452;8526;8606;5.59;0.34;322.26;7.88;1322;18;2938.00;80
7204;16;21784054;7204;457;8528;8606;5.53;0.34;322.26;7.94;1324;18;2939.00;78
7207;16;21784073;7207;458;8530;8606;5.49;0.34;322.33;7.97;1323;18;2940.00;76
7211;16;21784091;7211;464;8531;8606;5.48;0.34;322.38;8.00;1320;18;2941.00;75
7212;16;21784113;7212;463;8535;8610;5.46;0.33;322.37;8.00;1323;18;2942.00;75
7216;16;21784130;7216;471;8538;8611;5.46;0.33;322.39;8.04;1322;18;2943.00;73
7219;16;21784148;7219;468;8539;8611;5.46;0.33;322.39;8.06;1320;18;2944.00;72
7220;16;21784165;7220;470;8540;8612;5.46;0.33;322.43;8.06;1320;18;2945.00;72
7222;16;21784183;7222;465;8541;8612;5.48;0.33;322.50;8.09;1319;18;2946.00;71
7223;16;21784200;7223;462;8542;8612;5.49;0.34;322.60;8.10;1319;18;2947.00;70
7225;16;21784217;7225;460;8543;8612;5.52;0.34;322.70;8.10;1318;18;2948.00;69
7228;16;21784234;7228;458;8547;8612;5.50;0.34;322.79;8.16;1319;18;2949.00;65
7230;16;21784252;7230;453;8547;8612;5.53;0.34;322.82;8.16;1317;18;2950.00;65
7233;16;21784269;7233;452;8549;8612;5.55;0.34;322.88;8.21;1316;18;2951.00;63
7236;16;21784286;7236;460;8596;8682;5.62;0.34;323.06;8.20;1360;18;2952.00;86
7238;16;21784332;7238;455;8599;8683;5.65;0.35;323.03;8.22;1361;18;2953.00;84
7241;16;21784350;7241;456;8603;8683;5.70;0.35;323.08;8.22;1362;18;2954.00;80
7242;16;21784368;7242;460;8607;8683;5.75;0.35;323.16;8.26;1365;18;2955.00;76
7244;16;21784386;7244;470;8608;8683;5.75;0.35;323.12;8.26;1364;18;2956.00;75
7247;16;21784403;7247;473;8609;8683;5.80;0.35;323.22;8.26;1362;18;2957.00;74
7250;16;21784421;7250;476;8612;8683;5.80;0.35;323.23;8.31;1362;18;2958.00;71
7252;16;21784448;7252;476;8613;8683;5.77;0.35;323.26;8.31;1361;18;2959.00;70
7255;16;21784466;7255;472;8615;8684;5.75;0.35;323.37;8.31;1360;18;2960.00;69
7257;16;21784484;7257;476;8618;8685;5.74;0.35;323.41;8.36;1361;18;2961.00;67
7261;16;21784502;7261;477;8619;8685;5.74;0.35;323.55;8.36;1358;18;2962.00;66
7268;16;21784520;7268;478;8624;8689;5.74;0.35;323.60;8.41;1356;18;2963.00;65
7273;16;21784539;7273;480;8624;8689;5.76;0.35;323.69;8.41;1351;18;2964.00;65
7276;16;21784557;7276;483;8624;8689;5.69;0.35;323.69;8.41;1348;18;2965.00;65
7280;16;21784577;7280;479;8626;8689;5.63;0.34;323.78;8.45;1346;18;2966.00;63
7284;16;21784595;7284;480;8630;8695;5.58;0.34;323.79;8.45;1346;18;2967.00;65
7287;16;21784613;7287;482;8632;8695;5.51;0.33;323.73;8.50;1345;18;2968.00;63
7290;16;21784630;7290;483;8632;8695;5.42;0.33;323.83;8.50;1342;18;2969.00;63
7295;16;21784652;7295;486;8635;8701;5.40;0.33;323.88;8.49;1340;18;2970.00;66
7296;16;21784675;7296;491;8637;8701;5.36;0.32;323.90;8.54;1341;18;2971.00;64
7301;16;21784693;7301;496;8639;8701;5.27;0.32;324.07;8.54;1338;18;2972.00;62
7306;16;21784715;7306;497;8640;8702;5.16;0.31;324.19;8.56;1334;18;2973.00;62
7309;16;21784734;7309;502;8642;8703;5.08;0.31;324.20;8.58;1333;18;2974.00;61
7314;16;21784756;7314;493;8642;8703;4.99;0.30;324.33;8.58;1328;18;2975.00;61
7319;16;21784779;7319;492;8651;8716;4.95;0.30;324.44;8.57;1332;18;2976.00;65
7322;16;21784801;7322;495;8651;8716;4.90;0.30;324.51;8.57;1329;18;2977.00;65
7324;16;21784820;7324;483;8652;8716;4.86;0.29;324.53;8.57;1328;18;2978.00;64
7328;16;21784838;7328;485;8652;8717;4.85;0.29;324.68;8.57;1324;18;2979.00;65
7330;16;21784860;7330;493;8653;8717;4.91;0.30;324.73;8.57;1323;18;2980.00;64
7332;16;21784881;7332;491;8656;8721;4.98;0.30;324.86;8.57;1324;18;2981.00;65
7335;16;21784903;7335;488;8656;8721;5.04;0.31;324.95;8.57;1321;18;2982.00;65
7336;16;21784926;7336;481;8659;8725;5.04;0.31;324.99;8.56;1323;18;2983.00;66
7340;16;21784948;7340;474;8659;8725;5.05;0.31;325.10;8.56;1319;18;2984.00;66
7345;16;21784969;7345;468;8659;8725;5.04;0.31;325.26;8.56;1314;18;2985.00;66
7347;16;21784992;7347;472;8659;8725;5.04;0.31;325.27;8.56;1312;18;2986.00;66
7351;16;21785012;7351;469;8659;8725;5.01;0.30;325.35;8.56;1308;18;2987.00;66
7359;16;21785033;7359;471;8668;8737;5.01;0.30;325.52;8.56;1309;18;2988.00;69
7362;16;21785055;7362;465;8668;8737;4.94;0.30;325.54;8.56;1306;18;2989.00;69
7366;16;21785079;7366;455;8669;8737;4.87;0.29;325.63;8.56;1303;18;2990.00;68
7371;16;21785099;7371;457;8669;8737;4.80;0.29;325.76;8.56;1298;18;2991.00;68
7375;16;21785119;7375;456;8669;8737;4.75;0.29;325.79;8.56;1294;18;2992.00;68
7380;16;21785139;7380;460;8670;8737;4.72;0.29;325.91;8.56;1290;18;2993.00;67
7382;16;21785158;7382;457;8670;8738;4.72;0.29;325.97;8.56;1288;18;2994.00;68
7385;16;21785177;7385;462;8670;8738;4.72;0.29;326.02;8.56;1285;18;2995.00;68
7387;16;21785199;7387;462;8675;8744;4.71;0.29;326.06;8.56;1288;18;2996.00;69
7390;16;21785220;7390;462;8676;8745;4.71;0.28;326.14;8.57;1286;18;2997.00;69
7392;16;21785244;7392;464;8676;8745;4.73;0.29;326.25;8.57;1284;18;2998.00;69
7396;16;21785266;7396;469;8677;8745;4.69;0.28;326.36;8.57;1281;18;2999.00;68
7401;16;21785289;7401;476;8685;8765;4.66;0.28;326.35;8.56;1284;18;3000.00;80
7403;16;21785317;7403;476;8686;8765;4.64;0.28;326.42;8.57;1283;18;3001.00;79
7407;16;21785336;7407;481;8686;8765;4.63;0.28;326.44;8.57;1279;18;3002.00;79
7409;16;21785356;7409;489;8689;8766;4.67;0.28;326.48;8.57;1280;18;3003.00;77
7412;16;21785379;7412;496;8693;8770;4.68;0.28;326.53;8.57;1281;18;3004.00;77
7413;16;21785399;7413;500;8696;8770;4.68;0.28;326.57;8.57;1283;18;3005.00;74
7418;16;21785419;7418;496;8697;8773;4.64;0.28;326.75;8.57;1279;18;3006.00;76
7421;16;21785439;7421;501;8699;8773;4.59;0.28;326.79;8.57;1278;18;3007.00;74
7422;16;21785455;7422;504;8699;8773;4.60;0.28;326.85;8.57;1277;18;3008.00;74
7428;16;21785472;7428;509;8701;8773;4.60;0.28;326.79;8.57;1273;18;3009.00;72
7434;16;21785489;7434;510;8704;8777;4.59;0.28;326.80;8.57;1270;18;3010.00;73
7438;16;21785507;7438;509;8706;8777;4.55;0.28;327.01;8.57;1268;18;3011.00;71
7439;16;21785523;7439;509;8707;8777;4.54;0.28;326.98;8.57;1268;18;3012.00;70
7441;16;21785539;7441;512;8707;8777;4.49;0.27;326.99;8.57;1266;18;3013.00;70
7443;16;21785555;7443;511;8708;8778;4.46;0.27;327.04;8.57;1265;18;3014.00;70
7448;16;21785572;7448;514;8711;8780;4.41;0.27;327.13;8.57;1263;18;3015.00;69
7452;16;21785588;7452;524;8713;8780;4.36;0.27;327.12;8.57;1261;18;3016.00;67
7453;16;21785605;7453;520;8714;8781;4.29;0.26;327.23;8.57;1261;18;3017.00;67
7455;16;21785621;7455;524;8714;8781;4.23;0.26;327.27;8.57;1259;18;3018.00;67
7458;16;21785636;7458;534;8714;8781;4.19;0.26;327.40;8.57;1256;18;3019.00;67
7461;16;21785652;7461;542;8714;8781;4.13;0.25;327.46;8.57;1253;18;3020.00;67
7465;16;21785669;7465;552;8714;8781;4.07;0.25;327.48;8.57;1249;18;3021.00;67
7467;16;21785685;7467;538;8715;8781;4.07;0.25;327.64;8.57;1248;18;3022.00;66
7470;16;21785700;7470;538;8715;8781;4.04;0.25;327.71;8.57;1245;18;3023.00;66
7475;16;21785716;7475;546;8785;8908;4.37;0.27;327.69;8.50;1310;18;3024.00;123
7478;16;21785745;7478;545;8786;8909;4.36;0.27;327.70;8.50;1308;18;3025.00;123
7478;16;21785766;7478;547;8793;8909;4.48;0.28;327.70;8.49;1315;18;3026.00;116
7480;16;21785788;7480;541;8796;8909;4.52;0.28;327.66;8.50;1316;18;3027.00;113
7483;16;21785816;7483;540;8801;8909;4.56;0.28;327.67;8.49;1318;18;3028.00;108
7484;16;21785834;7484;534;8803;8909;4.55;0.28;327.66;8.49;1319;18;3029.00;106
7487;16;21785857;7487;536;8805;8909;4.54;0.28;327.66;8.49;1318;18;3030.00;104
7489;16;21785876;7489;522;8809;8909;4.61;0.29;327.65;8.49;1320;19;3031.00;100
7492;16;21785905;7492;514;8811;8910;4.64;0.29;327.67;8.49;1319;19;3032.00;99
7496;16;21785922;7496;507;8816;8911;4.66;0.29;327.66;8.49;1320;19;3033.00;95
7498;16;21785940;7498;502;8818;8911;4.69;0.29;327.63;8.49;1320;19;3034.00;93
7499;16;21785958;7499;502;8821;8912;4.70;0.29;327.65;8.49;1322;19;3035.00;91
7499;16;21785977;7499;499;8826;8912;4.72;0.29;327.65;8.50;1327;19;3036.00;86
7502;16;21785995;7502;503;8827;8912;4.70;0.29;327.62;8.50;1325;19;3037.00;85
7504;16;21786014;7504;502;8830;8912;4.72;0.29;327.67;8.50;1326;19;3038.00;82
7508;16;21786030;7508;513;8833;8916;4.72;0.29;327.68;8.50;1325;19;3039.00;83
7509;16;21786049;7509;523;8835;8916;4.70;0.29;327.65;8.50;1326;19;3040.00;81
7512;16;21786066;7512;528;8837;8916;4.68;0.29;327.72;8.50;1325;19;3041.00;79
7512;16;21786082;7512;531;8840;8919;4.70;0.29;327.72;8.50;1328;19;3042.00;79
7514;16;21786100;7514;538;8840;8919;4.67;0.29;327.82;8.50;1326;19;3043.00;79
7516;16;21786117;7516;533;8842;8919;4.68;0.29;327.83;8.50;1326;19;3044.00;77
7516;16;21786134;7516;531;8845;8923;4.73;0.29;327.83;8.50;1329;19;3045.00;78
7520;16;21786152;7520;527;8846;8924;4.75;0.29;327.81;8.50;1326;19;3046.00;78
7520;16;21786169;7520;534;8848;8924;4.81;0.29;327.81;8.50;1328;19;3047.00;76
7523;16;21786187;7523;530;8850;8928;4.86;0.30;327.73;8.49;1327;19;3048.00;78
7527;16;21786204;7527;530;8850;8928;4.88;0.30;327.84;8.49;1323;19;3049.00;78
7529;16;21786220;7529;520;8850;8928;4.90;0.30;327.85;8.49;1321;19;3050.00;78
7531;16;21786238;7531;511;8851;8929;4.90;0.30;327.89;8.49;1320;19;3051.00;78
7534;16;21786255;7534;505;8851;8929;4.91;0.30;327.89;8.49;1317;19;3052.00;78
7536;16;21786272;7536;497;8855;8935;4.96;0.30;327.85;8.49;1319;19;3053.00;80
7538;16;21786291;7538;495;8855;8935;4.99;0.30;327.83;8.49;1317;19;3054.00;80
7539;16;21786310;7539;493;8855;8936;5.06;0.31;327.85;8.49;1316;19;3055.00;81
7540;16;21786330;7540;496;8855;8936;5.05;0.31;327.81;8.49;1315;19;3056.00;81
7542;16;21786362;7542;491;8855;8936;5.07;0.31;327.73;8.49;1313;19;3057.00;81
7542;16;21786379;7542;488;8855;8936;5.12;0.31;327.73;8.49;1313;19;3058.00;81
7542;16;21786397;7542;480;8855;8936;5.14;0.31;327.73;8.49;1313;19;3059.00;81
7544;16;21786417;7544;480;8876;8972;5.24;0.32;327.68;8.47;1332;19;3060.00;96
7544;16;21786438;7544;480;8877;8972;5.27;0.32;327.68;8.47;1333;19;3061.00;95
7545;16;21786456;7545;483;8879;8972;5.30;0.32;327.66;8.47;1334;19;3062.00;93
7545;16;21786474;7545;475;8879;8972;5.29;0.32;327.66;8.47;1334;19;3063.00;93
7546;16;21786500;7546;478;8880;8972;5.29;0.32;327.65;8.47;1334;19;3064.00;92
7549;16;21786524;7549;470;8881;8972;5.32;0.32;327.66;8.47;1332;19;3065.00;91
7551;16;21786544;7551;468;8884;8976;5.35;0.33;327.61;8.46;1333;19;3066.00;92
7555;16;21786562;7555;464;8884;8976;5.38;0.33;327.73;8.46;1329;19;3067.00;92
7557;16;21786580;7557;457;8887;8980;5.49;0.33;327.79;8.46;1330;19;3068.00;93
7558;16;21786601;7558;447;8888;8981;5.53;0.34;327.81;8.46;1330;19;3069.00;93
7559;16;21786630;7559;446;8888;8981;5.64;0.34;327.78;8.46;1329;19;3070.00;93
7560;16;21786649;7560;449;8888;8981;5.69;0.35;327.82;8.46;1328;19;3071.00;93
7564;16;21786667;7564;446;8897;8994;5.72;0.35;328.00;8.45;1333;19;3072.00;97
7566;16;21786687;7566;439;8897;8994;5.75;0.35;328.04;8.45;1331;19;3073.00;97
7569;16;21786706;7569;438;8897;8994;5.74;0.35;328.15;8.45;1328;19;3074.00;97
7572;16;21786726;7572;437;8898;8995;5.76;0.35;328.12;8.45;1326;19;3075.00;97
7576;16;21786746;7576;432;8898;8996;5.76;0.35;328.08;8.45;1322;19;3076.00;98
7578;16;21786772;7578;437;8898;8996;5.79;0.35;328.05;8.45;1320;19;3077.00;98
7584;16;21786790;7584;435;8900;8999;5.80;0.35;328.34;8.45;1316;19;3078.00;99
7587;16;21786810;7587;436;8900;8999;5.79;0.35;328.46;8.45;1313;19;3079.00;99
7590;16;21786827;7590;428;8901;8999;5.79;0.35;328.46;8.45;1311;19;3080.00;98
7592;16;21786848;7592;427;8901;8999;5.76;0.35;328.51;8.45;1309;19;3081.00;98
7593;16;21786867;7593;426;8905;9005;5.79;0.35;328.49;8.45;1312;19;3082.00;100
7599;16;21786887;7599;425;8907;9005;5.73;0.35;328.60;8.51;1308;19;3083.00;98
7603;16;21786905;7603;419;8909;9005;5.69;0.34;328.68;8.51;1306;19;3084.00;96
7604;16;21786924;7604;426;8909;9005;5.67;0.34;328.74;8.51;1305;19;3085.00;96
7605;16;21786943;7605;433;8912;9009;5.67;0.34;328.72;8.51;1307;19;3086.00;97
7608;16;21786961;7608;428;8913;9010;5.69;0.35;328.87;8.51;1305;19;3087.00;97
7610;16;21786980;7610;428;8915;9010;5.74;0.35;329.04;8.55;1305;19;3088.00;95
7614;16;21786998;7614;420;8916;9011;5.77;0.35;329.08;8.55;1302;19;3089.00;95
7615;16;21787019;7615;424;8916;9011;5.81;0.35;329.05;8.55;1301;19;3090.00;95
7617;16;21787052;7617;425;8916;9011;5.80;0.35;329.06;8.55;1299;19;3091.00;95
7621;16;21787070;7621;425;8916;9011;5.82;0.35;329.07;8.55;1295;19;3092.00;95
7624;16;21787088;7624;420;8917;9011;5.82;0.35;329.06;8.55;1293;19;3093.00;94
7628;16;21787106;7628;416;8917;9011;5.81;0.35;329.10;8.55;1289;19;3094.00;94
7629;16;21787124;7629;417;8917;9011;5.79;0.35;329.08;8.55;1288;19;3095.00;94
7632;16;21787143;7632;428;8951;9081;5.90;0.36;329.25;8.52;1319;19;3096.00;130
7634;16;21787167;7634;428;8952;9082;5.90;0.36;329.27;8.52;1318;19;3097.00;130
7635;16;21787185;7635;427;8959;9082;5.91;0.36;329.33;8.52;1324;19;3098.00;123
7637;16;21787203;7637;427;8962;9082;5.89;0.36;329.39;8.52;1325;19;3099.00;120
7641;16;21787230;7641;429;8966;9082;5.90;0.36;329.43;8.53;1325;19;3100.00;116
7643;16;21787253;7643;429;8968;9082;5.94;0.36;329.47;8.53;1325;19;3101.00;114
7644;16;21787271;7644;432;8971;9082;5.96;0.36;329.54;8.53;1327;19;3102.00;111
7649;16;21787289;7649;432;8975;9082;5.97;0.36;329.52;8.53;1326;19;3103.00;107
7649;16;21787307;7649;433;8979;9083;6.03;0.37;329.52;8.53;1330;19;3104.00;104
7654;16;21787324;7654;433;8984;9085;5.98;0.36;329.57;8.56;1330;19;3105.00;101
7658;16;21787344;7658;441;8987;9085;5.94;0.36;329.60;8.56;1329;19;3106.00;98
7659;16;21787362;7659;444;8992;9089;5.93;0.36;329.62;8.59;1333;19;3107.00;97
7663;16;21787380;7663;450;8995;9089;5.87;0.36;329.65;8.59;1332;19;3108.00;94
7666;16;21787397;7666;459;8997;9089;5.82;0.36;329.87;8.65;1331;19;3109.00;92
7669;16;21787415;7669;469;8997;9089;5.79;0.35;329.96;8.65;1328;19;3110.00;92
7671;16;21787432;7671;478;9003;9095;5.78;0.35;330.03;8.65;1332;19;3111.00;92
7675;16;21787461;7675;489;9004;9095;5.73;0.35;330.07;8.68;1329;19;3112.00;91
7677;16;21787479;7677;497;9004;9095;5.73;0.35;330.11;8.68;1327;19;3113.00;91
7681;16;21787496;7681;500;9007;9098;5.73;0.35;330.17;8.71;1326;19;3114.00;91
7682;16;21787515;7682;501;9009;9098;5.75;0.35;330.23;8.71;1327;19;3115.00;89
7686;16;21787540;7686;508;9011;9098;5.73;0.35;330.26;8.74;1325;19;3116.00;87
7688;16;21787557;7688;510;9011;9099;5.71;0.35;330.36;8.74;1323;19;3117.00;88
7688;16;21787576;7688;512;9012;9100;5.70;0.35;330.36;8.74;1324;19;3118.00;88
7691;16;21787594;7691;511;9013;9100;5.63;0.34;330.33;8.77;1322;19;3119.00;87
7695;16;21787612;7695;523;9032;9126;5.60;0.34;330.41;8.75;1337;19;3120.00;94
7698;16;21787633;7698;524;9034;9126;5.55;0.34;330.37;8.75;1336;19;3121.00;92
7701;16;21787650;7701;523;9037;9126;5.54;0.34;330.37;8.81;1336;19;3122.00;89
7703;16;21787668;7703;530;9038;9127;5.53;0.34;330.46;8.81;1335;19;3123.00;89
7706;16;21787686;7706;527;9038;9127;5.52;0.34;330.48;8.81;1332;19;3124.00;89
7707;16;21787703;7707;528;9042;9131;5.56;0.34;330.58;8.81;1335;19;3125.00;89
7710;16;21787722;7710;527;9042;9131;5.56;0.34;330.64;8.81;1332;19;3126.00;89
7715;16;21787740;7715;525;9047;9135;5.50;0.33;330.70;8.87;1332;19;3127.00;88
7718;16;21787766;7718;530;9049;9135;5.48;0.33;330.73;8.92;1331;19;3128.00;86
7721;16;21787788;7721;535;9050;9135;5.52;0.34;330.70;8.95;1329;19;3129.00;85
7724;16;21787812;7724;535;9051;9135;5.50;0.33;330.75;8.98;1327;19;3130.00;84
7727;16;21787831;7727;532;9051;9135;5.47;0.33;330.85;8.98;1324;19;3131.00;84
7729;16;21787852;7729;537;9062;9147;5.50;0.33;330.86;9.03;1333;19;3132.00;85
7730;16;21787873;7730;548;9062;9147;5.48;0.33;330.84;9.03;1332;19;3133.00;85
7732;16;21787890;7732;554;9064;9147;5.48;0.33;330.95;9.02;1332;19;3134.00;83
7733;16;21787908;7733;553;9064;9147;5.48;0.33;331.04;9.02;1331;19;3135.00;83
7737;16;21787927;7737;553;9064;9147;5.45;0.33;331.07;9.02;1327;19;3136.00;83
7739;16;21787945;7739;557;9064;9147;5.42;0.33;331.20;9.02;1325;19;3137.00;83
7742;16;21787962;7742;555;9064;9148;5.41;0.33;331.27;9.02;1322;19;3138.00;84
7745;16;21787979;7745;558;9064;9148;5.41;0.33;331.39;9.02;1319;19;3139.00;84
7748;16;21787996;7748;557;9069;9154;5.43;0.33;331.38;9.02;1321;19;3140.00;85
7752;16;21788020;7752;558;9070;9155;5.39;0.33;331.50;9.02;1318;19;3141.00;85
7757;16;21788037;7757;558;9070;9155;5.30;0.32;331.56;9.02;1313;19;3142.00;85
7759;16;21788055;7759;561;9070;9155;5.23;0.32;331.68;9.02;1311;19;3143.00;85
7767;16;21788073;7767;562;9073;9159;5.15;0.31;331.79;9.02;1306;19;3144.00;86
7771;16;21788092;7771;568;9073;9159;5.08;0.31;331.78;9.02;1302;19;3145.00;86
7774;16;21788110;7774;571;9073;9159;5.01;0.31;331.92;9.02;1299;19;3146.00;86
7777;16;21788126;7777;574;9074;9160;4.93;0.30;332.13;9.02;1297;19;3147.00;86
7779;16;21788142;7779;570;9077;9164;4.87;0.30;332.19;9.01;1298;19;3148.00;87
7784;16;21788157;7784;568;9077;9164;4.79;0.29;332.28;9.01;1293;19;3149.00;87
7787;16;21788176;7787;570;9081;9170;4.73;0.29;332.39;9.01;1294;19;3150.00;89
7790;16;21788194;7790;576;9081;9170;4.70;0.29;332.41;9.01;1291;19;3151.00;89
7792;16;21788212;7792;567;9083;9170;4.70;0.29;332.45;9.01;1291;19;3152.00;87
7797;16;21788227;7797;567;9083;9170;4.62;0.28;332.70;9.01;1286;19;3153.00;87
7801;16;21788243;7801;558;9087;9174;4.66;0.29;332.62;9.00;1286;19;3154.00;87
7806;16;21788259;7806;557;9087;9174;4.67;0.29;332.73;9.00;1281;19;3155.00;87
7808;16;21788275;7808;561;9087;9174;4.69;0.29;332.71;9.00;1279;19;3156.00;87
7810;16;21788290;7810;550;9087;9174;4.69;0.29;332.73;9.00;1277;19;3157.00;87
7815;16;21788307;7815;545;9087;9175;4.68;0.29;332.84;9.00;1272;19;3158.00;88
7820;16;21788324;7820;547;9088;9176;4.65;0.28;332.84;9.00;1268;19;3159.00;88
7826;16;21788341;7826;541;9088;9176;4.60;0.28;333.01;9.00;1262;19;3160.00;88
7829;16;21788357;7829;536;9089;9177;4.59;0.28;333.01;9.00;1260;19;3161.00;88
7833;16;21788374;7833;538;9089;9177;4.55;0.28;333.10;9.00;1256;19;3162.00;88
7836;16;21788390;7836;535;9089;9177;4.49;0.27;333.29;9.00;1253;19;3163.00;88
7838;16;21788405;7838;534;9089;9177;4.49;0.27;333.28;9.00;1251;19;3164.00;88
7843;16;21788421;7843;531;9089;9177;4.46;0.27;333.41;9.00;1246;19;3165.00;88
7847;16;21788437;7847;524;9089;9177;4.44;0.27;333.48;9.00;1242;19;3166.00;88
7850;16;21788453;7850;518;9090;9177;4.45;0.27;333.60;9.03;1240;19;3167.00;87
7856;16;21788471;7856;528;9153;9304;4.88;0.30;333.58;8.97;1297;19;3168.00;151
7859;16;21788500;7859;529;9157;9305;4.91;0.31;333.54;8.97;1298;19;3169.00;148
7863;16;21788517;7863;529;9166;9305;4.92;0.31;333.67;8.96;1303;19;3170.00;139
7867;16;21788533;7867;532;9166;9305;4.86;0.30;333.80;8.96;1299;19;3171.00;139
7869;16;21788550;7869;531;9173;9305;4.83;0.30;333.75;8.96;1304;19;3172.00;132
7874;16;21788567;7874;543;9174;9305;4.78;0.30;333.71;8.96;1300;19;3173.00;131
7875;16;21788584;7875;549;9177;9305;4.73;0.29;333.69;8.95;1302;19;3174.00;128
7881;16;21788599;7881;547;9179;9305;4.63;0.29;333.70;8.95;1298;19;3175.00;126
7883;16;21788622;7883;558;9180;9306;4.62;0.29;333.68;8.95;1297;19;3176.00;126
7887;16;21788639;7887;552;9183;9307;4.60;0.28;333.75;8.95;1296;19;3177.00;124
7893;16;21788656;7893;548;9185;9307;4.56;0.28;333.67;8.95;1292;19;3178.00;122
7895;16;21788673;7895;551;9185;9308;4.52;0.28;333.66;8.95;1290;19;3179.00;123
7902;16;21788692;7902;555;9190;9308;4.45;0.27;333.70;8.96;1288;19;3180.00;118
7905;16;21788710;7905;563;9191;9308;4.43;0.27;333.66;8.96;1286;19;3181.00;117
7913;16;21788727;7913;563;9196;9308;4.38;0.27;333.77;8.99;1283;19;3182.00;112
7917;16;21788743;7917;578;9201;9312;4.37;0.27;333.80;8.99;1284;19;3183.00;111
7920;16;21788758;7920;574;9203;9312;4.36;0.27;333.75;8.99;1283;19;3184.00;109
7924;16;21788773;7924;569;9207;9312;4.34;0.27;333.72;8.99;1283;19;3185.00;105
7927;16;21788789;7927;571;9209;9315;4.31;0.27;333.75;9.00;1282;19;3186.00;106
7930;16;21788805;7930;566;9210;9315;4.31;0.26;333.76;9.00;1280;19;3187.00;105
7934;16;21788821;7934;575;9213;9315;4.28;0.26;333.76;9.00;1279;19;3188.00;102
7937;16;21788838;7937;582;9218;9319;4.30;0.26;333.70;9.00;1281;19;3189.00;101
7941;16;21788854;7941;585;9218;9320;4.28;0.26;333.73;9.00;1277;19;3190.00;102
7944;16;21788872;7944;588;9223;9322;4.29;0.26;333.67;8.99;1279;19;3191.00;99
7946;16;21788888;7946;588;9225;9326;4.26;0.26;333.68;8.99;1279;19;3192.00;101
7949;16;21788904;7949;587;9226;9326;4.24;0.26;333.72;8.99;1277;19;3193.00;100
7952;16;21788920;7952;592;9227;9326;4.18;0.26;333.63;8.99;1275;19;3194.00;99
7956;16;21788936;7956;604;9229;9328;4.09;0.25;333.61;8.99;1273;19;3195.00;99
7959;16;21788952;7959;599;9229;9328;4.03;0.25;333.65;8.99;1270;19;3196.00;99
7961;16;21788968;7961;590;9235;9334;4.02;0.25;333.66;9.01;1274;19;3197.00;99
7964;16;21788985;7964;581;9235;9334;4.02;0.25;333.62;9.01;1271;19;3198.00;99
7969;16;21789000;7969;575;9235;9335;3.98;0.24;333.57;9.01;1266;19;3199.00;100
7971;16;21789018;7971;573;9235;9335;3.95;0.24;333.55;9.01;1264;19;3200.00;100
7973;16;21789038;7973;577;9235;9335;3.96;0.24;333.54;9.01;1262;19;3201.00;100
7977;16;21789054;7977;586;9235;9335;3.94;0.24;333.56;9.01;1258;19;3202.00;100
7978;16;21789069;7978;584;9235;9335;3.94;0.24;333.52;9.01;1257;19;3203.00;100
7982;16;21789084;7982;589;9244;9347;4.04;0.25;333.58;9.00;1262;19;3204.00;103
7982;16;21789101;7982;585;9244;9347;4.01;0.24;333.58;9.00;1262;19;3205.00;103
7983;16;21789123;7983;582;9246;9347;4.07;0.25;333.61;9.00;1263;19;3206.00;101
7984;16;21789139;7984;556;9246;9347;4.12;0.25;333.58;9.00;1262;19;3207.00;101
7985;16;21789156;7985;536;9246;9347;4.19;0.25;333.56;9.00;1261;19;3208.00;101
7985;16;21789172;7985;522;9246;9347;4.28;0.26;333.56;9.00;1261;19;3209.00;101
7987;16;21789191;7987;516;9249;9351;4.36;0.27;333.49;9.00;1262;19;3210.00;102
7988;16;21789209;7988;510;9249;9351;4.48;0.27;333.51;9.00;1261;19;3211.00;102
7989;16;21789226;7989;506;9254;9355;4.60;0.28;333.49;9.01;1265;19;3212.00;101
7989;16;21789246;7989;493;9255;9356;4.71;0.29;333.49;9.01;1266;19;3213.00;101
7989;16;21789269;7989;491;9255;9356;4.80;0.29;333.49;9.01;1266;19;3214.00;101
7989;17;21789286;7989;483;9255;9356;4.85;0.30;333.49;9.01;1266;20;3215.00;101
7990;17;21789316;7990;485;9267;9369;4.97;0.30;333.49;9.02;1277;20;3216.00;102
7991;17;21789336;7991;486;9267;9369;4.97;0.30;333.49;9.02;1276;20;3217.00;102
7992;17;21789361;7992;477;9267;9369;5.01;0.30;333.50;9.02;1275;20;3218.00;102
7993;17;21789378;7993;472;9268;9370;5.07;0.31;333.52;9.02;1275;20;3219.00;102
7993;17;21789396;7993;471;9268;9371;5.13;0.31;333.52;9.02;1275;20;3220.00;103
7994;17;21789413;7994;477;9268;9371;5.16;0.31;333.49;9.02;1274;20;3221.00;103
7996;17;21789431;7996;469;9270;9374;5.21;0.32;333.47;9.02;1274;20;3222.00;104
7998;17;21789449;7998;466;9270;9374;5.24;0.32;333.46;9.02;1272;20;3223.00;104
8000;17;21789467;8000;453;9271;9374;5.28;0.32;333.44;9.02;1271;20;3224.00;103
8000;17;21789485;8000;446;9271;9374;5.29;0.32;333.44;9.02;1271;20;3225.00;103
8002;17;21789502;8002;441;9276;9380;5.30;0.32;333.48;9.01;1274;20;3226.00;104
8003;17;21789519;8003;437;9276;9380;5.30;0.32;333.47;9.01;1273;20;3227.00;104
8006;17;21789537;8006;431;9277;9380;5.26;0.32;333.43;9.03;1271;20;3228.00;103
8008;17;21789562;8008;441;9277;9380;5.28;0.32;333.48;9.03;1269;20;3229.00;103
8012;17;21789579;8012;435;9280;9384;5.26;0.32;333.66;9.03;1268;20;3230.00;104
8014;17;21789597;8014;434;9281;9385;5.28;0.32;333.69;9.03;1267;20;3231.00;104
8018;17;21789614;8018;439;9281;9385;5.29;0.32;333.69;9.03;1263;20;3232.00;104
8019;17;21789631;8019;443;9282;9386;5.34;0.32;333.67;9.03;1263;20;3233.00;104
8022;17;21789648;8022;442;9282;9386;5.40;0.33;333.76;9.03;1260;20;3234.00;104
8025;17;21789665;8025;427;9282;9386;5.44;0.33;333.71;9.03;1257;20;3235.00;104
8028;17;21789682;8028;420;9282;9386;5.51;0.33;333.78;9.03;1254;20;3236.00;104
8030;17;21789700;8030;418;9282;9386;5.56;0.34;333.81;9.03;1252;20;3237.00;104
8034;17;21789716;8034;414;9282;9386;5.64;0.34;333.93;9.03;1248;20;3238.00;104
8036;17;21789733;8036;415;9282;9386;5.71;0.35;334.07;9.03;1246;20;3239.00;104
8040;17;21789755;8040;430;9347;9511;5.82;0.36;334.23;8.96;1307;20;3240.00;164
8043;17;21789790;8043;419;9347;9512;5.83;0.36;334.43;8.96;1304;20;3241.00;165
8044;17;21789823;8044;409;9355;9512;5.91;0.36;334.47;8.96;1311;20;3242.00;157
8047;17;21789845;8047;402;9356;9512;5.97;0.37;334.53;8.98;1309;20;3243.00;156
8049;17;21789866;8049;394;9360;9512;6.03;0.37;334.58;8.97;1311;20;3244.00;152
8053;17;21789885;8053;394;9362;9512;6.06;0.37;334.64;8.97;1309;20;3245.00;150
8056;17;21789902;8056;393;9367;9512;6.09;0.37;334.70;8.97;1311;20;3246.00;145
8059;17;21789920;8059;398;9371;9512;6.16;0.38;334.70;8.97;1312;20;3247.00;141
8060;17;21789940;8060;397;9376;9513;6.23;0.38;334.70;8.97;1316;20;3248.00;137
8063;18;21789966;8063;402;9378;9514;6.23;0.38;334.75;8.97;1315;21;3249.00;136
8068;18;21790000;8068;402;9381;9514;6.20;0.38;334.74;8.97;1313;21;3250.00;133
8070;18;21790019;8070;402;9385;9518;6.17;0.38;334.84;8.97;1315;21;3251.00;133
8073;18;21790037;8073;408;9386;9518;6.10;0.37;334.85;8.97;1313;21;3252.00;132
8076;18;21790056;8076;410;9387;9518;6.03;0.37;334.90;8.97;1311;21;3253.00;131
8078;18;21790082;8078;410;9388;9518;5.96;0.36;334.90;8.97;1310;21;3254.00;130
8083;18;21790100;8083;396;9394;9524;5.86;0.36;335.01;9.04;1311;21;3255.00;130
8086;18;21790120;8086;407;9395;9524;5.80;0.35;335.08;9.04;1309;21;3256.00;129
8088;18;21790138;8088;399;9395;9524;5.77;0.35;335.15;9.04;1307;21;3257.00;129
8092;18;21790156;8092;393;9397;9527;5.77;0.35;335.27;9.06;1305;21;3258.00;130
8094;18;21790186;8094;399;9397;9527;5.75;0.35;335.25;9.06;1303;21;3259.00;130
8098;18;21790203;8098;398;9397;9527;5.71;0.35;335.31;9.06;1299;21;3260.00;130
8100;18;21790220;8100;397;9397;9528;5.75;0.35;335.34;9.06;1297;21;3261.00;131
8100;18;21790245;8100;389;9399;9529;5.80;0.35;335.34;9.06;1299;21;3262.00;130
8102;18;21790263;8102;385;9399;9529;5.79;0.35;335.45;9.06;1297;21;3263.00;130
8106;18;21790281;8106;382;9408;9542;5.80;0.35;335.53;9.05;1302;21;3264.00;134
8109;18;21790301;8109;378;9409;9542;5.83;0.36;335.47;9.05;1300;21;3265.00;133
8111;18;21790319;8111;374;9410;9542;5.80;0.35;335.52;9.05;1299;21;3266.00;132
8115;18;21790337;8115;372;9411;9543;5.78;0.35;335.58;9.05;1296;21;3267.00;132
8119;18;21790355;8119;367;9411;9543;5.79;0.35;335.57;9.05;1292;21;3268.00;132
8121;18;21790382;8121;366;9413;9547;5.85;0.36;335.61;9.05;1292;21;3269.00;134
8124;18;21790402;8124;362;9414;9547;5.87;0.36;335.71;9.04;1290;21;3270.00;133
8125;18;21790422;8125;360;9417;9551;5.89;0.36;335.68;9.04;1292;21;3271.00;134
8127;18;21790442;8127;363;9417;9551;5.90;0.36;335.78;9.04;1290;21;3272.00;134
8133;18;21790461;8133;361;9417;9551;5.88;0.36;335.88;9.04;1284;21;3273.00;134
8135;18;21790479;8135;359;9418;9551;5.92;0.36;335.95;9.04;1283;21;3274.00;133
8139;18;21790497;8139;349;9419;9551;5.89;0.36;336.01;9.04;1280;21;3275.00;132
8141;18;21790516;8141;355;9429;9563;5.92;0.36;336.04;9.04;1288;21;3276.00;134
8142;18;21790535;8142;360;9430;9563;5.98;0.37;336.02;9.04;1288;21;3277.00;133
8145;18;21790554;8145;361;9431;9563;5.99;0.37;336.19;9.04;1286;21;3278.00;132
8150;18;21790571;8150;364;9433;9563;6.00;0.37;336.34;9.08;1283;21;3279.00;130
8153;18;21790590;8153;374;9435;9563;6.02;0.37;336.36;9.13;1282;21;3280.00;128
8156;18;21790610;8156;378;9437;9563;6.03;0.37;336.46;9.13;1281;21;3281.00;126
8160;18;21790629;8160;374;9437;9564;5.98;0.37;336.46;9.13;1277;21;3282.00;127
8162;18;21790647;8162;377;9437;9564;5.97;0.36;336.62;9.13;1275;21;3283.00;127
8165;18;21790666;8165;381;9443;9570;5.98;0.37;336.68;9.17;1278;21;3284.00;127
8169;18;21790686;8169;387;9445;9572;5.95;0.36;336.72;9.16;1276;21;3285.00;127
8172;18;21790704;8172;389;9446;9572;5.93;0.36;336.84;9.21;1274;21;3286.00;126
8174;18;21790721;8174;385;9447;9572;5.90;0.36;336.87;9.25;1273;21;3287.00;125
8178;18;21790739;8178;386;9451;9576;5.85;0.36;336.94;9.29;1273;21;3288.00;125
8180;18;21790757;8180;383;9452;9576;5.81;0.35;337.01;9.33;1272;21;3289.00;124
8182;18;21790774;8182;387;9452;9576;5.82;0.36;337.14;9.33;1270;21;3290.00;124
8186;18;21790799;8186;392;9453;9577;5.84;0.36;337.23;9.33;1267;21;3291.00;124
8186;18;21790817;8186;395;9457;9581;5.84;0.36;337.23;9.37;1271;21;3292.00;124
8188;18;21790834;8188;401;9457;9581;5.86;0.36;337.21;9.37;1269;21;3293.00;124
8191;18;21790852;8191;397;9460;9584;5.88;0.36;337.29;9.41;1269;21;3294.00;124
8196;18;21790870;8196;402;9461;9584;5.85;0.36;337.42;9.41;1265;21;3295.00;123
8198;18;21790887;8198;405;9463;9584;5.83;0.36;337.50;9.49;1265;21;3296.00;121
8201;18;21790905;8201;414;9463;9584;5.80;0.35;337.63;9.49;1262;21;3297.00;121
8201;18;21790922;8201;415;9467;9588;5.82;0.36;337.63;9.49;1266;21;3298.00;121
8205;18;21790939;8205;417;9469;9588;5.75;0.35;337.69;9.57;1264;21;3299.00;119
8208;18;21790961;8208;416;9475;9607;5.70;0.35;337.73;9.60;1267;21;3300.00;132
8210;18;21790988;8210;405;9475;9607;5.71;0.35;337.82;9.60;1265;21;3301.00;132
8213;18;21791006;8213;402;9475;9608;5.65;0.35;337.97;9.60;1262;21;3302.00;133
8217;18;21791034;8217;396;9476;9609;5.61;0.34;338.00;9.60;1259;21;3303.00;133
8220;18;21791062;8220;403;9479;9609;5.55;0.34;338.07;9.72;1259;21;3304.00;130
8221;18;21791082;8221;405;9481;9610;5.54;0.34;338.16;9.75;1260;21;3305.00;129
8225;18;21791101;8225;407;9484;9610;5.52;0.34;338.26;9.79;1259;21;3306.00;126
8226;18;21791122;8226;409;9484;9610;5.51;0.34;338.32;9.79;1258;21;3307.00;126
8231;18;21791144;8231;413;9484;9610;5.46;0.33;338.48;9.79;1253;21;3308.00;126
8235;18;21791166;8235;408;9486;9610;5.47;0.33;338.59;9.87;1251;21;3309.00;124
8235;18;21791185;8235;409;9487;9610;5.47;0.33;338.59;9.90;1252;21;3310.00;123
8238;18;21791203;8238;409;9488;9610;5.46;0.33;338.77;9.94;1250;21;3311.00;122
8244;18;21791222;8244;425;9552;9737;5.69;0.35;338.83;9.88;1308;21;3312.00;185
8248;18;21791254;8248;420;9559;9738;5.68;0.35;338.94;9.94;1311;21;3313.00;179
8251;18;21791272;8251;420;9568;9738;5.71;0.35;339.00;9.94;1317;21;3314.00;170
8256;18;21791290;8256;421;9569;9738;5.65;0.35;339.05;9.93;1313;21;3315.00;169
8259;18;21791312;8259;426;9576;9738;5.60;0.35;339.11;10.00;1317;21;3316.00;162
8263;18;21791329;8263;425;9581;9738;5.58;0.34;339.16;10.00;1318;21;3317.00;157
8269;18;21791347;8269;441;9588;9738;5.49;0.34;339.24;10.07;1319;21;3318.00;150
8271;18;21791364;8271;437;9592;9738;5.45;0.33;339.29;10.07;1321;21;3319.00;146
8276;18;21791381;8276;441;9596;9739;5.42;0.33;339.22;10.10;1320;21;3320.00;143
8279;18;21791399;8279;454;9599;9740;5.35;0.33;339.30;10.13;1320;21;3321.00;141
8282;18;21791418;8282;451;9602;9740;5.31;0.33;339.30;10.13;1320;21;3322.00;138
8290;18;21791435;8290;467;9606;9741;5.14;0.32;339.33;10.14;1316;21;3323.00;135
8293;18;21791452;8293;472;9607;9741;5.03;0.31;339.34;10.14;1314;21;3324.00;134
8296;18;21791468;8296;470;9610;9741;4.99;0.31;339.38;10.14;1314;21;3325.00;131
8304;18;21791485;8304;476;9610;9741;4.86;0.30;339.54;10.14;1306;21;3326.00;131
8306;18;21791502;8306;480;9612;9745;4.79;0.29;339.56;10.14;1306;21;3327.00;133
8308;18;21791519;8308;481;9613;9745;4.74;0.29;339.61;10.14;1305;21;3328.00;132
8314;18;21791535;8314;485;9616;9745;4.66;0.29;339.63;10.14;1302;21;3329.00;129
8317;18;21791555;8317;490;9620;9751;4.60;0.28;339.75;10.14;1303;21;3330.00;131
8318;18;21791574;8318;486;9620;9751;4.58;0.28;339.77;10.14;1302;21;3331.00;131
8322;18;21791590;8322;470;9620;9751;4.55;0.28;339.81;10.14;1298;21;3332.00;131
8325;18;21791608;8325;466;9625;9755;4.55;0.28;339.83;10.14;1300;21;3333.00;130
8329;18;21791626;8329;468;9626;9756;4.51;0.28;339.92;10.14;1297;21;3334.00;130
8332;18;21791644;8332;464;9628;9756;4.47;0.27;339.86;10.14;1296;21;3335.00;128
8336;18;21791662;8336;460;9632;9760;4.46;0.27;339.86;10.14;1296;21;3336.00;128
8339;18;21791681;8339;461;9632;9760;4.44;0.27;339.83;10.14;1293;21;3337.00;128
8341;18;21791699;8341;457;9633;9760;4.43;0.27;339.86;10.14;1292;21;3338.00;127
8343;18;21791718;8343;463;9633;9761;4.42;0.27;339.85;10.14;1290;21;3339.00;128
8347;18;21791736;8347;459;9633;9761;4.44;0.27;339.77;10.14;1286;21;3340.00;128
8351;18;21791756;8351;461;9638;9767;4.49;0.28;339.74;10.14;1287;21;3341.00;129
8354;18;21791779;8354;466;9640;9767;4.48;0.27;339.70;10.15;1286;21;3342.00;127
8358;18;21791800;8358;470;9641;9768;4.41;0.27;339.70;10.15;1283;21;3343.00;127
8361;18;21791821;8361;473;9642;9768;4.33;0.27;339.77;10.15;1281;21;3344.00;126
8365;18;21791844;8365;480;9643;9768;4.26;0.26;339.71;10.15;1278;21;3345.00;125
8370;18;21791873;8370;478;9644;9768;4.17;0.26;339.63;10.15;1274;21;3346.00;124
8376;18;21791899;8376;490;9644;9768;4.10;0.25;339.65;10.15;1268;21;3347.00;124
8381;18;21791927;8381;488;9653;9780;4.09;0.25;339.82;10.14;1272;21;3348.00;127
8383;18;21791954;8383;493;9655;9780;4.07;0.25;339.80;10.14;1272;21;3349.00;125
8388;18;21791971;8388;497;9655;9780;4.01;0.25;339.70;10.14;1267;21;3350.00;125
8392;18;21791988;8392;496;9656;9780;3.96;0.24;339.66;10.14;1264;21;3351.00;124
8394;18;21792004;8394;505;9657;9780;3.95;0.24;339.68;10.14;1263;21;3352.00;123
8396;18;21792020;8396;509;9659;9780;3.92;0.24;339.65;10.14;1263;21;3353.00;121
8397;18;21792036;8397;508;9662;9784;3.94;0.24;339.64;10.14;1265;21;3354.00;122
8399;18;21792052;8399;512;9663;9784;3.92;0.24;339.67;10.14;1264;21;3355.00;121
8401;18;21792067;8401;512;9667;9788;3.93;0.24;339.66;10.14;1266;21;3356.00;121
8405;18;21792085;8405;512;9668;9789;3.90;0.24;339.56;10.14;1263;21;3357.00;121
8406;18;21792100;8406;519;9668;9789;3.91;0.24;339.56;10.14;1262;21;3358.00;121
8408;18;21792115;8408;527;9668;9789;3.86;0.24;339.58;10.14;1260;21;3359.00;121
8410;18;21792129;8410;542;9691;9818;3.99;0.25;339.52;10.11;1281;21;3360.00;127
8415;18;21792146;8415;530;9691;9818;3.94;0.24;339.54;10.11;1276;21;3361.00;127
8420;18;21792162;8420;529;9693;9818;3.93;0.24;339.54;10.11;1273;21;3362.00;125
8421;18;21792177;8421;538;9694;9819;3.91;0.24;339.51;10.11;1273;21;3363.00;125
8424;18;21792190;8424;517;9694;9820;3.87;0.24;339.50;10.11;1270;21;3364.00;126
8426;18;21792209;8426;518;9694;9820;3.89;0.24;339.51;10.11;1268;21;3365.00;126
8427;18;21792226;8427;515;9697;9823;3.95;0.24;339.47;10.11;1270;21;3366.00;126
8431;18;21792241;8431;515;9698;9823;3.96;0.24;339.47;10.13;1267;21;3367.00;125
8431;18;21792256;8431;509;9698;9823;4.02;0.25;339.47;10.13;1267;21;3368.00;125
8432;18;21792269;8432;511;9698;9823;4.04;0.25;339.50;10.13;1266;21;3369.00;125
8435;18;21792284;8435;504;9703;9829;4.04;0.25;339.57;10.13;1268;21;3370.00;126
8437;18;21792309;8437;504;9703;9829;4.01;0.25;339.72;10.13;1266;21;3371.00;126
8438;18;21792328;8438;491;9703;9829;4.05;0.25;339.72;10.13;1265;21;3372.00;126
8439;18;21792343;8439;484;9703;9829;4.10;0.25;339.70;10.13;1264;21;3373.00;126
8443;18;21792362;8443;485;9706;9833;4.13;0.25;339.67;10.12;1263;21;3374.00;127
8448;18;21792378;8448;474;9708;9835;4.18;0.26;339.64;10.12;1260;21;3375.00;127
8449;18;21792396;8449;468;9708;9835;4.28;0.26;339.66;10.12;1259;21;3376.00;127
8450;19;21792412;8450;464;9709;9836;4.38;0.27;339.65;10.12;1259;22;3377.00;127
8453;19;21792437;8453;465;9709;9836;4.45;0.27;339.65;10.12;1256;22;3378.00;127
8454;19;21792457;8454;461;9709;9836;4.49;0.27;339.62;10.12;1255;22;3379.00;127
8456;19;21792486;8456;462;9709;9836;4.55;0.28;339.65;10.12;1253;22;3380.00;127
8459;19;21792503;8459;442;9709;9836;4.62;0.28;339.70;10.12;1250;22;3381.00;127
8461;19;21792520;8461;434;9709;9836;4.66;0.28;339.68;10.12;1248;22;3382.00;127
8462;19;21792542;8462;432;9709;9836;4.75;0.29;339.69;10.12;1247;22;3383.00;127
8462;19;21792564;8462;439;9751;9906;4.97;0.30;339.69;10.08;1289;22;3384.00;155
8464;19;21792586;8464;428;9751;9907;5.00;0.30;339.75;10.08;1287;22;3385.00;156
8465;19;21792609;8465;423;9756;9907;5.11;0.31;339.80;10.07;1291;22;3386.00;151
8469;19;21792624;8469;416;9758;9907;5.18;0.31;339.94;10.07;1289;22;3387.00;149
8469;19;21792647;8469;417;9761;9907;5.27;0.32;339.94;10.07;1292;22;3388.00;146
8471;19;21792663;8471;420;9764;9907;5.37;0.33;340.09;10.07;1293;22;3389.00;143
8473;19;21792681;8473;421;9767;9907;5.42;0.33;340.07;10.07;1294;22;3390.00;140
8475;19;21792701;8475;429;9770;9907;5.39;0.33;340.08;10.06;1295;22;3391.00;137
8478;19;21792721;8478;422;9771;9908;5.36;0.32;340.04;10.06;1293;22;3392.00;137
8481;19;21792738;8481;423;9773;9909;5.30;0.32;340.16;10.06;1292;22;3393.00;136
8483;19;21792757;8483;419;9775;9909;5.26;0.32;340.16;10.06;1292;22;3394.00;134
8486;19;21792773;8486;420;9779;9913;5.23;0.32;340.38;10.06;1293;22;3395.00;134
8487;19;21792790;8487;423;9781;9913;5.26;0.32;340.37;10.09;1294;22;3396.00;132
8487;19;21792805;8487;431;9781;9913;5.30;0.32;340.37;10.09;1294;22;3397.00;132
8488;19;21792821;8488;426;9781;9913;5.34;0.32;340.42;10.09;1293;22;3398.00;132
8488;19;21792837;8488;422;9786;9919;5.41;0.33;340.42;10.08;1298;22;3399.00;133
8493;19;21792855;8493;427;9786;9919;5.38;0.33;340.64;10.08;1293;22;3400.00;133
8493;19;21792877;8493;430;9786;9919;5.38;0.33;340.64;10.08;1293;22;3401.00;133
8494;19;21792895;8494;424;9788;9922;5.43;0.33;340.68;10.08;1294;22;3402.00;134
8496;19;21792912;8496;428;9788;9922;5.48;0.33;340.65;10.08;1292;22;3403.00;134
8500;19;21792928;8500;430;9789;9922;5.52;0.33;340.85;10.08;1289;22;3404.00;133
8506;19;21792947;8506;429;9789;9923;5.51;0.33;341.01;10.08;1283;22;3405.00;134
8507;19;21792967;8507;428;9790;9924;5.60;0.34;341.07;10.08;1283;22;3406.00;134
8510;19;21792985;8510;425;9790;9924;5.66;0.34;341.12;10.08;1280;22;3407.00;134
8516;19;21793001;8516;433;9800;9937;5.66;0.34;341.13;10.07;1284;22;3408.00;137
8518;19;21793019;8518;431;9801;9937;5.64;0.34;341.24;10.07;1283;22;3409.00;136
8520;19;21793035;8520;435;9801;9937;5.64;0.34;341.34;10.07;1281;22;3410.00;136
8520;19;21793051;8520;430;9802;9938;5.66;0.34;341.34;10.07;1282;22;3411.00;136
8523;19;21793067;8523;440;9802;9938;5.67;0.34;341.41;10.07;1279;22;3412.00;136
8527;19;21793082;8527;442;9806;9942;5.70;0.34;341.43;10.06;1279;22;3413.00;136
8528;19;21793099;8528;438;9806;9942;5.71;0.35;341.43;10.06;1278;22;3414.00;136
8530;19;21793114;8530;435;9809;9946;5.71;0.35;341.51;10.06;1279;22;3415.00;137
8533;19;21793131;8533;431;9809;9946;5.72;0.35;341.70;10.06;1276;22;3416.00;137
8534;19;21793156;8534;422;9809;9946;5.74;0.35;341.71;10.06;1275;22;3417.00;137
8536;19;21793188;8536;416;9809;9946;5.75;0.35;341.72;10.06;1273;22;3418.00;137
8539;19;21793210;8539;413;9809;9946;5.75;0.35;341.72;10.06;1270;22;3419.00;137
8540;19;21793231;8540;411;9835;9980;5.87;0.36;341.71;10.03;1295;22;3420.00;145
8542;19;21793250;8542;411;9836;9980;5.86;0.36;341.79;10.08;1294;22;3421.00;144
8547;19;21793274;8547;406;9838;9980;5.90;0.36;341.82;10.07;1291;22;3422.00;142
8550;19;21793291;8550;400;9838;9980;5.95;0.36;341.92;10.07;1288;22;3423.00;142
8552;19;21793308;8552;393;9839;9980;6.02;0.37;341.93;10.07;1287;22;3424.00;141
8556;19;21793325;8556;395;9839;9980;6.04;0.37;342.03;10.07;1283;22;3425.00;141
8558;19;21793342;8558;385;9839;9981;6.03;0.37;342.04;10.07;1281;22;3426.00;142
8560;19;21793359;8560;388;9839;9981;5.99;0.36;342.07;10.07;1279;22;3427.00;142
8562;19;21793375;8562;387;9844;9987;5.94;0.36;342.07;10.07;1282;22;3428.00;143
8565;19;21793391;8565;374;9845;9988;5.95;0.36;342.15;10.07;1280;22;3429.00;143
8569;19;21793407;8569;373;9847;9988;5.89;0.36;342.28;10.15;1278;22;3430.00;141
8572;19;21793426;8572;369;9847;9988;5.82;0.35;342.32;10.15;1275;22;3431.00;141
8575;19;21793442;8575;373;9850;9992;5.81;0.35;342.39;10.15;1275;22;3432.00;142
8579;19;21793463;8579;375;9850;9992;5.76;0.35;342.50;10.15;1271;22;3433.00;142
8582;19;21793481;8582;380;9850;9992;5.75;0.35;342.62;10.15;1268;22;3434.00;142
8585;19;21793497;8585;374;9851;9993;5.74;0.35;342.79;10.15;1266;22;3435.00;142
8586;19;21793513;8586;376;9854;9997;5.75;0.35;342.79;10.15;1268;22;3436.00;143
8589;19;21793529;8589;385;9854;9997;5.75;0.35;342.93;10.15;1265;22;3437.00;143
8591;19;21793545;8591;384;9856;10000;5.77;0.35;342.91;10.14;1265;22;3438.00;144
8595;19;21793560;8595;389;9857;10000;5.75;0.35;342.91;10.14;1262;22;3439.00;143
8597;19;21793576;8597;388;9857;10000;5.75;0.35;343.04;10.14;1260;22;3440.00;143
8600;19;21793591;8600;401;9857;10000;5.72;0.35;343.11;10.14;1257;22;3441.00;143
8604;19;21793607;8604;403;9861;10004;5.72;0.35;343.30;10.14;1257;22;3442.00;143
8607;19;21793625;8607;403;9861;10004;5.67;0.35;343.36;10.14;1254;22;3443.00;143
8610;19;21793642;8610;407;9861;10004;5.68;0.35;343.28;10.14;1251;22;3444.00;143
8615;19;21793658;8615;404;9861;10004;5.62;0.34;343.35;10.14;1246;22;3445.00;143
8617;19;21793675;8617;404;9861;10005;5.64;0.34;343.46;10.14;1244;22;3446.00;144
8620;19;21793692;8620;404;9862;10006;5.62;0.34;343.44;10.14;1242;22;3447.00;144
8624;19;21793712;8624;396;9862;10006;5.60;0.34;343.46;10.14;1238;22;3448.00;144
8627;19;21793730;8627;396;9863;10007;5.60;0.34;343.58;10.14;1236;22;3449.00;144
8628;19;21793748;8628;403;9863;10007;5.62;0.34;343.56;10.14;1235;22;3450.00;144
8630;19;21793768;8630;401;9863;10007;5.56;0.34;343.56;10.14;1233;22;3451.00;144
8632;19;21793787;8632;411;9863;10007;5.56;0.34;343.76;10.14;1231;22;3452.00;144
8634;19;21793807;8634;419;9863;10007;5.57;0.34;343.85;10.14;1229;22;3453.00;144
8638;19;21793825;8638;414;9863;10007;5.55;0.34;343.97;10.14;1225;22;3454.00;144
8642;19;21793845;8642;408;9864;10007;5.56;0.34;344.17;10.18;1222;22;3455.00;143
8645;19;21793864;8645;430;9928;10134;5.78;0.36;344.20;10.12;1283;22;3456.00;206
8647;19;21793892;8647;427;9929;10135;5.82;0.36;344.25;10.12;1282;22;3457.00;206
8649;19;21793908;8649;430;9937;10135;5.92;0.37;344.32;10.11;1288;22;3458.00;198
8651;19;21793923;8651;433;9941;10135;5.91;0.37;344.37;10.15;1290;22;3459.00;194
8654;19;21793939;8654;432;9948;10135;5.90;0.36;344.37;10.15;1294;22;3460.00;187
8657;19;21793958;8657;431;9952;10135;5.89;0.36;344.36;10.24;1295;22;3461.00;183
8659;19;21793977;8659;437;9954;10135;5.89;0.36;344.34;10.28;1295;22;3462.00;181
8662;19;21793993;8662;437;9957;10135;5.95;0.37;344.35;10.28;1295;22;3463.00;178
8663;19;21794016;8663;441;9962;10136;6.02;0.37;344.38;10.32;1299;22;3464.00;174
8668;19;21794032;8668;448;9968;10138;5.98;0.37;344.39;10.36;1300;22;3465.00;170
8673;19;21794048;8673;445;9971;10138;6.00;0.37;344.61;10.36;1298;22;3466.00;167
8675;19;21794070;8675;446;9973;10139;6.00;0.37;344.69;10.41;1298;22;3467.00;166
8679;19;21794085;8679;448;9979;10139;5.94;0.36;344.82;10.41;1300;22;3468.00;160
8684;19;21794100;8684;447;9981;10139;5.88;0.36;345.03;10.41;1297;22;3469.00;158
8686;19;21794116;8686;452;9986;10139;5.85;0.36;345.06;10.45;1300;22;3470.00;153
8692;19;21794131;8692;453;9991;10143;5.73;0.35;345.06;10.45;1299;22;3471.00;152
8694;19;21794147;8694;462;9992;10143;5.69;0.35;345.15;10.49;1298;22;3472.00;151
8697;19;21794161;8697;469;9994;10143;5.63;0.35;345.16;10.49;1297;22;3473.00;149
8700;19;21794177;8700;472;9996;10146;5.57;0.34;345.12;10.49;1296;22;3474.00;150
8702;19;21794192;8702;480;9998;10146;5.46;0.33;345.20;10.54;1296;22;3475.00;148
8704;19;21794213;8704;481;10001;10146;5.37;0.33;345.25;10.63;1297;22;3476.00;145
8709;19;21794230;8709;480;10006;10150;5.28;0.32;345.38;10.67;1297;22;3477.00;144
8711;19;21794246;8711;486;10008;10151;5.27;0.32;345.41;10.66;1297;22;3478.00;143
8714;19;21794261;8714;490;10009;10151;5.20;0.32;345.52;10.66;1295;22;3479.00;142
8718;19;21794277;8718;491;10014;10156;5.25;0.32;345.62;10.70;1296;22;3480.00;142
8721;19;21794292;8721;501;10016;10156;5.19;0.32;345.71;10.78;1295;22;3481.00;140
8725;19;21794307;8725;499;10017;10156;5.11;0.31;345.80;10.83;1292;22;3482.00;139
8726;19;21794321;8726;499;10018;10157;5.10;0.31;345.79;10.83;1292;22;3483.00;139
8726;19;21794336;8726;496;10019;10157;5.09;0.31;345.79;10.87;1293;22;3484.00;138
8728;19;21794350;8728;501;10024;10163;5.12;0.31;345.74;10.86;1296;22;3485.00;139
8730;19;21794366;8730;512;10026;10163;5.12;0.31;345.69;10.94;1296;22;3486.00;137
8732;19;21794380;8732;512;10027;10164;5.07;0.31;345.70;10.98;1295;22;3487.00;137
8734;19;21794395;8734;511;10027;10164;5.02;0.31;345.76;10.98;1293;22;3488.00;137
8736;19;21794409;8736;522;10027;10164;4.97;0.30;345.76;10.98;1291;22;3489.00;137
8738;19;21794422;8738;523;10028;10164;4.91;0.30;345.76;11.02;1290;22;3490.00;136
8742;19;21794444;8742;529;10029;10164;4.82;0.29;345.74;11.07;1287;22;3491.00;135
8748;19;21794461;8748;549;10040;10176;4.77;0.29;345.83;11.05;1292;22;3492.00;136
8750;19;21794478;8750;557;10041;10176;4.73;0.29;345.91;11.09;1291;22;3493.00;135
8755;19;21794492;8755;562;10042;10176;4.63;0.28;345.82;11.13;1287;22;3494.00;134
8759;19;21794511;8759;573;10043;10176;4.54;0.28;345.78;11.17;1284;22;3495.00;133
8760;19;21794527;8760;578;10043;10176;4.49;0.27;345.76;11.17;1283;22;3496.00;133
8764;19;21794542;8764;580;10043;10176;4.42;0.27;345.69;11.17;1279;22;3497.00;133
8767;19;21794557;8767;583;10046;10180;4.32;0.26;345.71;11.17;1279;22;3498.00;134
8771;19;21794573;8771;586;10046;10180;4.24;0.26;345.68;11.17;1275;22;3499.00;134
8774;19;21794590;8774;584;10050;10184;4.22;0.26;345.62;11.16;1276;22;3500.00;134
8775;19;21794613;8775;570;10050;10185;4.20;0.26;345.59;11.16;1275;22;3501.00;135
8779;19;21794628;8779;569;10051;10185;4.14;0.25;345.50;11.16;1272;22;3502.00;134
8783;19;21794644;8783;568;10051;10185;4.10;0.25;345.49;11.16;1268;22;3503.00;134
8786;19;21794659;8786;565;10060;10198;4.13;0.25;345.43;11.15;1274;22;3504.00;138
8789;19;21794677;8789;574;10061;10198;4.14;0.26;345.44;11.15;1272;22;3505.00;137
8794;19;21794693;8794;569;10061;10198;4.07;0.25;345.40;11.15;1267;22;3506.00;137
8797;19;21794710;8797;558;10062;10199;4.11;0.25;345.36;11.15;1265;22;3507.00;137
8802;19;21794726;8802;548;10062;10200;4.10;0.25;345.27;11.15;1260;22;3508.00;138
8803;19;21794740;8803;546;10062;10200;4.10;0.25;345.28;11.15;1259;22;3509.00;138
8806;19;21794754;8806;540;10066;10206;4.13;0.25;345.24;11.15;1260;22;3510.00;140
8806;19;21794768;8806;530;10066;10206;4.19;0.26;345.24;11.15;1260;22;3511.00;140
8810;19;21794782;8810;524;10067;10206;4.17;0.26;345.27;11.15;1257;22;3512.00;139
8811;19;21794795;8811;518;10067;10206;4.22;0.26;345.30;11.15;1256;22;3513.00;139
8813;19;21794809;8813;527;10071;10212;4.28;0.26;345.32;11.14;1258;22;3514.00;141
8817;19;21794822;8817;534;10071;10212;4.23;0.26;345.31;11.14;1254;22;3515.00;141
8817;19;21794836;8817;537;10072;10212;4.22;0.26;345.31;11.14;1255;22;3516.00;140
8820;19;21794849;8820;536;10073;10212;4.18;0.26;345.30;11.18;1253;22;3517.00;139
8826;19;21794864;8826;531;10076;10216;4.17;0.26;345.25;11.17;1250;22;3518.00;140
8827;19;21794878;8827;530;10078;10219;4.15;0.25;345.25;11.17;1251;22;3519.00;141
8832;19;21794892;8832;528;10078;10219;4.09;0.25;345.33;11.17;1246;22;3520.00;141
8835;19;21794905;8835;516;10080;10220;4.06;0.25;345.30;11.17;1245;22;3521.00;140
8837;19;21794918;8837;510;10081;10220;4.05;0.25;345.31;11.17;1244;22;3522.00;139
8840;19;21794932;8840;508;10081;10220;4.03;0.25;345.30;11.17;1241;22;3523.00;139
8843;19;21794955;8843;493;10081;10220;4.04;0.25;345.28;11.17;1238;22;3524.00;139
8847;19;21794971;8847;495;10082;10220;4.07;0.25;345.24;11.17;1235;22;3525.00;138
8850;19;21794988;8850;490;10082;10220;4.12;0.25;345.26;11.17;1232;22;3526.00;138
8853;19;21795003;8853;490;10082;10220;4.12;0.25;345.27;11.17;1229;22;3527.00;138
8854;19;21795024;8854;491;10120;10290;4.29;0.26;345.25;11.13;1266;22;3528.00;170
8858;19;21795044;8858;488;10121;10291;4.35;0.27;345.25;11.13;1263;22;3529.00;170
8862;19;21795058;8862;482;10128;10291;4.42;0.27;345.20;11.12;1266;22;3530.00;163
8864;19;21795072;8864;483;10130;10291;4.47;0.27;345.19;11.12;1266;22;3531.00;161
8866;19;21795086;8866;477;10134;10291;4.60;0.28;345.19;11.11;1268;22;3532.00;157
8869;19;21795101;8869;474;10135;10291;4.65;0.28;345.15;11.11;1266;22;3533.00;156
8871;19;21795115;8871;471;10138;10291;4.68;0.29;345.18;11.11;1267;22;3534.00;153
8874;19;21795130;8874;463;10140;10291;4.75;0.29;345.16;11.11;1266;22;3535.00;151
8878;19;21795144;8878;461;10143;10292;4.77;0.29;345.19;11.11;1265;22;3536.00;149
8881;19;21795159;8881;470;10145;10293;4.75;0.29;345.21;11.11;1264;22;3537.00;148
8882;19;21795174;8882;470;10148;10293;4.73;0.29;345.21;11.11;1266;22;3538.00;145
8885;19;21795189;8885;464;10151;10297;4.76;0.29;345.17;11.11;1266;22;3539.00;146
8887;19;21795211;8887;470;10153;10297;4.76;0.29;345.22;11.11;1266;22;3540.00;144
8891;19;21795229;8891;468;10153;10297;4.73;0.29;345.19;11.11;1262;22;3541.00;144
8895;19;21795246;8895;474;10153;10297;4.69;0.28;345.34;11.11;1258;22;3542.00;144
8896;19;21795264;8896;471;10158;10303;4.69;0.28;345.38;11.10;1262;22;3543.00;145
8900;19;21795281;8900;475;10158;10303;4.63;0.28;345.45;11.10;1258;22;3544.00;145
8903;19;21795299;8903;473;10158;10303;4.60;0.28;345.47;11.10;1255;22;3545.00;145
8907;19;21795317;8907;477;10161;10306;4.60;0.28;345.52;11.10;1254;22;3546.00;145
8907;19;21795334;8907;470;10161;10306;4.62;0.28;345.52;11.10;1254;22;3547.00;145
8908;19;21795351;8908;469;10161;10306;4.58;0.28;345.62;11.10;1253;22;3548.00;145
8912;19;21795369;8912;463;10161;10307;4.54;0.28;345.57;11.10;1249;22;3549.00;146
8914;19;21795386;8914;465;10162;10308;4.57;0.28;345.58;11.10;1248;22;3550.00;146
8916;19;21795404;8916;460;10162;10308;4.62;0.28;345.64;11.10;1246;22;3551.00;146
8917;19;21795420;8917;457;10173;10321;4.76;0.29;345.68;11.08;1256;22;3552.00;148
8919;19;21795437;8919;458;10173;10321;4.79;0.29;345.63;11.08;1254;22;3553.00;148
8921;19;21795454;8921;455;10173;10321;4.80;0.29;345.72;11.08;1252;22;3554.00;148
8925;19;21795470;8925;456;10175;10323;4.82;0.29;345.67;11.08;1250;22;3555.00;148
8928;19;21795488;8928;444;10175;10323;4.84;0.29;345.73;11.08;1247;22;3556.00;148
8931;19;21795504;8931;435;10179;10327;4.92;0.30;345.82;11.08;1248;22;3557.00;148
8931;19;21795520;8931;428;10179;10327;4.97;0.30;345.82;11.08;1248;22;3558.00;148
8933;19;21795535;8933;425;10183;10331;5.04;0.31;345.95;11.11;1250;22;3559.00;148
8936;19;21795550;8936;423;10183;10331;5.05;0.31;345.94;11.11;1247;22;3560.00;148
8938;19;21795579;8938;421;10183;10331;5.08;0.31;346.02;11.11;1245;22;3561.00;148
8941;19;21795595;8941;417;10183;10331;5.10;0.31;346.06;11.11;1242;22;3562.00;148
8943;19;21795610;8943;418;10183;10331;5.08;0.31;346.09;11.11;1240;22;3563.00;148
8945;19;21795625;8945;425;10193;10343;5.16;0.31;346.16;11.10;1248;22;3564.00;150
8946;19;21795641;8946;431;10193;10343;5.16;0.31;346.24;11.10;1247;22;3565.00;150
8950;19;21795656;8950;432;10194;10343;5.16;0.31;346.39;11.10;1244;22;3566.00;149
8952;19;21795671;8952;437;10194;10343;5.14;0.31;346.42;11.10;1242;22;3567.00;149
8954;19;21795688;8954;430;10194;10343;5.14;0.31;346.40;11.10;1240;22;3568.00;149
8957;19;21795706;8957;433;10194;10343;5.06;0.31;346.50;11.10;1237;22;3569.00;149
8960;19;21795726;8960;431;10194;10344;5.06;0.31;346.56;11.10;1234;22;3570.00;150
8961;19;21795743;8961;422;10194;10344;5.03;0.31;346.61;11.10;1233;22;3571.00;150
8964;19;21795760;8964;415;10199;10350;5.08;0.31;346.58;11.10;1235;22;3572.00;151
8966;19;21795781;8966;412;10200;10351;5.12;0.31;346.71;11.10;1234;22;3573.00;151
8969;19;21795801;8969;417;10200;10351;5.12;0.31;346.70;11.10;1231;22;3574.00;151
8970;19;21795820;8970;421;10200;10351;5.12;0.31;346.77;11.10;1230;22;3575.00;151
8971;19;21795838;8971;422;10204;10355;5.15;0.31;346.76;11.12;1233;22;3576.00;151
8974;19;21795856;8974;420;10204;10355;5.15;0.31;346.84;11.12;1230;22;3577.00;151
8976;19;21795873;8976;414;10204;10355;5.14;0.31;346.87;11.12;1228;22;3578.00;151
8977;19;21795889;8977;422;10205;10356;5.19;0.31;346.89;11.12;1228;22;3579.00;151
8980;19;21795906;8980;416;10208;10360;5.16;0.31;346.87;11.12;1228;22;3580.00;152
8982;19;21795927;8982;423;10208;10360;5.15;0.31;346.95;11.12;1226;22;3581.00;152
8983;19;21795943;8983;426;10210;10363;5.21;0.32;346.93;11.12;1227;22;3582.00;153
8984;19;21795961;8984;430;10210;10363;5.22;0.32;346.91;11.12;1226;22;3583.00;153
8986;19;21795977;8986;437;10211;10363;5.28;0.32;346.94;11.12;1225;22;3584.00;152
8988;19;21795993;8988;439;10211;10363;5.29;0.32;347.02;11.12;1223;22;3585.00;152
8990;19;21796007;8990;437;10215;10367;5.37;0.33;347.04;11.11;1225;22;3586.00;152
8992;19;21796022;8992;445;10215;10367;5.37;0.33;347.10;11.11;1223;22;3587.00;152
8993;19;21796037;8993;447;10215;10367;5.38;0.33;347.15;11.11;1222;22;3588.00;152
8997;19;21796052;8997;446;10215;10367;5.38;0.33;347.25;11.11;1218;22;3589.00;152
9000;19;21796067;9000;441;10215;10368;5.36;0.33;347.36;11.11;1215;22;3590.00;153
9005;19;21796082;9005;433;10216;10369;5.32;0.32;347.53;11.11;1211;22;3591.00;153
9006;19;21796097;9006;423;10216;10369;5.30;0.32;347.57;11.11;1210;22;3592.00;153
9008;19;21796112;9008;430;10217;10370;5.37;0.33;347.54;11.11;1209;22;3593.00;153
9011;19;21796127;9011;428;10217;10370;5.38;0.33;347.57;11.11;1206;22;3594.00;153
9013;19;21796142;9013;414;10217;10370;5.41;0.33;347.61;11.11;1204;22;3595.00;153
9013;19;21796157;9013;401;10218;10370;5.42;0.33;347.61;11.14;1205;22;3596.00;152
9017;19;21796173;9017;391;10218;10370;5.41;0.33;347.66;11.14;1201;22;3597.00;152
9020;19;21796190;9020;383;10218;10370;5.43;0.33;347.74;11.14;1198;22;3598.00;152
9023;19;21796209;9023;380;10218;10370;5.41;0.33;347.82;11.14;1195;22;3599.00;152
9024;19;21796231;9024;433;10342;10623;5.44;0.34;347.88;11.01;1318;22;3600.00;281
9027;19;21796275;9027;417;10342;10624;5.47;0.34;347.91;11.01;1315;22;3601.00;282
9029;19;21796292;9029;402;10351;10624;5.56;0.35;348.04;11.00;1322;22;3602.00;273
9032;19;21796309;9032;392;10354;10624;5.67;0.35;348.02;11.00;1322;22;3603.00;270
9033;19;21796324;9033;379;10361;10624;5.74;0.36;348.06;11.09;1328;22;3604.00;263
9039;19;21796343;9039;373;10364;10624;5.77;0.36;348.21;11.08;1325;22;3605.00;260
9042;19;21796367;9042;368;10369;10624;5.80;0.36;348.28;11.08;1327;22;3606.00;255
9043;19;21796389;9043;369;10373;10624;5.88;0.37;348.28;11.08;1330;22;3607.00;251
9046;19;21796406;9046;368;10383;10625;5.93;0.37;348.31;11.08;1337;22;3608.00;242
9049;19;21796424;9049;363;10385;10626;5.95;0.37;348.31;11.08;1336;22;3609.00;241
9051;19;21796441;9051;361;10390;10626;5.98;0.37;348.39;11.08;1339;22;3610.00;236
9053;19;21796459;9053;358;10392;10627;6.04;0.38;348.49;11.08;1339;22;3611.00;235
9056;19;21796481;9056;360;10396;10627;6.08;0.38;348.56;11.08;1340;22;3612.00;231
9060;19;21796498;9060;355;10400;10627;6.06;0.37;348.77;11.08;1340;22;3613.00;227
9064;19;21796515;9064;356;10402;10627;6.09;0.38;348.74;11.08;1338;22;3614.00;225
9066;19;21796536;9066;368;10407;10631;6.08;0.38;348.76;11.08;1341;22;3615.00;224
9069;19;21796553;9069;367;10408;10631;6.02;0.37;348.74;11.08;1339;22;3616.00;223
9072;19;21796570;9072;372;10408;10631;5.97;0.37;348.74;11.08;1336;22;3617.00;223
9075;19;21796586;9075;381;10411;10634;5.93;0.36;348.84;11.08;1336;22;3618.00;223
9080;19;21796601;9080;381;10411;10634;5.79;0.36;348.82;11.08;1331;22;3619.00;223
9083;19;21796625;9083;384;10411;10634;5.75;0.35;348.87;11.08;1328;22;3620.00;223
9085;19;21796640;9085;384;10415;10638;5.72;0.35;348.93;11.08;1330;22;3621.00;223
9088;19;21796656;9088;396;10417;10639;5.68;0.35;348.96;11.08;1329;22;3622.00;222
9091;19;21796672;9091;400;10417;10639;5.66;0.35;349.03;11.08;1326;22;3623.00;222
9094;19;21796690;9094;405;10420;10643;5.66;0.35;349.19;11.08;1326;22;3624.00;223
9094;19;21796707;9094;400;10422;10643;5.68;0.35;349.19;11.08;1328;22;3625.00;221
9097;19;21796728;9097;411;10425;10643;5.72;0.35;349.23;11.08;1328;22;3626.00;218
9101;19;21796746;9101;409;10428;10644;5.66;0.35;349.34;11.09;1327;22;3627.00;216
9103;19;21796770;9103;413;10429;10644;5.66;0.35;349.41;11.09;1326;22;3628.00;215
9106;19;21796788;9106;418;10434;10650;5.66;0.35;349.49;11.09;1328;22;3629.00;216
9108;19;21796808;9108;433;10439;10650;5.65;0.35;349.58;11.15;1331;22;3630.00;211
9110;19;21796825;9110;443;10443;10651;5.66;0.35;349.59;11.15;1333;22;3631.00;208
9113;19;21796843;9113;444;10446;10651;5.62;0.34;349.61;11.21;1333;22;3632.00;205
9117;19;21796861;9117;455;10446;10651;5.56;0.34;349.55;11.21;1329;22;3633.00;205
9120;19;21796878;9120;462;10447;10651;5.53;0.34;349.66;11.21;1327;22;3634.00;204
9123;19;21796895;9123;476;10451;10651;5.46;0.33;349.66;11.26;1328;22;3635.00;200
9127;19;21796911;9127;480;10464;10663;5.43;0.33;349.61;11.31;1337;22;3636.00;199
9129;19;21796929;9129;485;10465;10663;5.35;0.33;349.65;11.31;1336;22;3637.00;198
9132;19;21796945;9132;491;10468;10663;5.27;0.32;349.74;11.36;1336;22;3638.00;195
9135;19;21796965;9135;498;10469;10663;5.20;0.32;349.85;11.36;1334;22;3639.00;194
9139;19;21796985;9139;511;10474;10663;5.14;0.31;350.12;11.46;1335;22;3640.00;189
9143;19;21797008;9143;515;10476;10663;5.05;0.31;350.09;11.46;1333;22;3641.00;187
9146;19;21797024;9146;522;10480;10667;5.02;0.31;350.03;11.46;1334;22;3642.00;187
9146;20;21797042;9146;534;10483;10667;5.01;0.31;350.03;11.52;1337;23;3643.00;184
9148;20;21797071;9148;547;10489;10671;5.00;0.31;350.05;11.52;1341;23;3644.00;182
9150;20;21797087;9150;550;10494;10673;4.96;0.30;350.06;11.61;1344;23;3645.00;179
9150;20;21797102;9150;557;10495;10673;4.94;0.30;350.06;11.66;1345;23;3646.00;178
9152;20;21797118;9152;560;10496;10673;4.91;0.30;350.04;11.66;1344;23;3647.00;177
9154;20;21797134;9154;567;10505;10686;4.91;0.30;350.02;11.65;1351;23;3648.00;181
9155;20;21797151;9155;569;10506;10686;4.88;0.30;350.07;11.70;1351;23;3649.00;180
9157;20;21797166;9157;578;10506;10686;4.87;0.30;350.02;11.70;1349;23;3650.00;180
9162;20;21797182;9162;586;10507;10687;4.83;0.30;350.00;11.70;1345;23;3651.00;180
9163;20;21797197;9163;579;10507;10688;4.83;0.29;349.97;11.70;1344;23;3652.00;181
9163;20;21797216;9163;583;10510;10688;4.80;0.29;349.97;11.70;1347;23;3653.00;178
9164;20;21797234;9164;581;10513;10691;4.81;0.30;349.95;11.70;1349;23;3654.00;178
9167;20;21797250;9167;580;10514;10691;4.79;0.29;349.95;11.70;1347;23;3655.00;177
9167;20;21797268;9167;585;10514;10691;4.79;0.29;349.95;11.70;1347;23;3656.00;177
9169;20;21797285;9169;589;10514;10691;4.76;0.29;349.89;11.70;1345;23;3657.00;177
9171;20;21797303;9171;594;10519;10697;4.80;0.30;349.88;11.70;1348;23;3658.00;178
9171;20;21797322;9171;593;10519;10697;4.81;0.30;349.88;11.70;1348;23;3659.00;178
9174;20;21797341;9174;594;10519;10697;4.75;0.29;349.79;11.70;1345;23;3660.00;178
9180;20;21797363;9180;593;10519;10697;4.66;0.29;349.72;11.70;1339;23;3661.00;178
9182;20;21797380;9182;597;10522;10701;4.62;0.28;349.74;11.69;1340;23;3662.00;179
9184;20;21797398;9184;600;10523;10702;4.60;0.28;349.71;11.69;1339;23;3663.00;179
9191;20;21797416;9191;602;10523;10702;4.52;0.28;349.85;11.69;1332;23;3664.00;179
9194;20;21797434;9194;603;10524;10703;4.50;0.28;349.84;11.69;1330;23;3665.00;179
9196;20;21797452;9196;606;10524;10703;4.45;0.27;349.81;11.69;1328;23;3666.00;179
9207;20;21797471;9207;609;10524;10703;4.35;0.26;349.63;11.69;1317;23;3667.00;179
9210;20;21797487;9210;615;10524;10703;4.29;0.26;349.57;11.69;1314;23;3668.00;179
9214;20;21797504;9214;617;10524;10703;4.23;0.26;349.48;11.69;1310;23;3669.00;179
9217;20;21797518;9217;618;10524;10703;4.18;0.26;349.42;11.69;1307;23;3670.00;179
9220;20;21797531;9220;620;10524;10703;4.11;0.25;349.39;11.69;1304;23;3671.00;179
9222;20;21797550;9222;638;10564;10773;4.21;0.26;349.36;11.65;1342;23;3672.00;209
9225;20;21797568;9225;631;10564;10774;4.09;0.25;349.29;11.65;1339;23;3673.00;210
9227;20;21797581;9227;627;10570;10774;4.01;0.25;349.26;11.64;1343;23;3674.00;204
9230;20;21797595;9230;617;10575;10774;3.94;0.24;349.20;11.64;1345;23;3675.00;199
9231;20;21797608;9231;619;10577;10774;3.88;0.24;349.19;11.64;1346;23;3676.00;197
9233;20;21797622;9233;618;10578;10774;3.81;0.23;349.22;11.63;1345;23;3677.00;196
9236;20;21797639;9236;605;10579;10774;3.78;0.23;349.21;11.63;1343;23;3678.00;195
9237;20;21797654;9237;600;10580;10774;3.79;0.23;349.18;11.63;1343;23;3679.00;194
9240;20;21797671;9240;599;10581;10775;3.78;0.23;349.19;11.63;1341;23;3680.00;194
9243;20;21797688;9243;592;10582;10776;3.79;0.23;349.17;11.63;1339;23;3681.00;194
9245;20;21797705;9245;584;10583;10776;3.82;0.24;349.15;11.63;1338;23;3682.00;193
9249;20;21797726;9249;573;10587;10780;3.87;0.24;349.08;11.63;1338;23;3683.00;193
9251;20;21797746;9251;555;10588;10780;3.92;0.24;349.10;11.63;1337;23;3684.00;192
9254;20;21797780;9254;554;10589;10780;4.02;0.25;349.06;11.63;1335;23;3685.00;191
9255;20;21797801;9255;545;10590;10780;4.13;0.25;349.07;11.63;1335;23;3686.00;190
9259;20;21797822;9259;544;10594;10786;4.21;0.26;349.03;11.63;1335;23;3687.00;192
9262;20;21797842;9262;541;10595;10786;4.28;0.26;349.08;11.63;1333;23;3688.00;191
9265;20;21797863;9265;531;10595;10786;4.34;0.27;349.07;11.63;1330;23;3689.00;191
9267;20;21797885;9267;525;10599;10792;4.45;0.27;349.05;11.62;1332;23;3690.00;193
9268;20;21797904;9268;525;10599;10792;4.48;0.27;349.08;11.62;1331;23;3691.00;193
9273;20;21797922;9273;523;10600;10792;4.49;0.27;349.03;11.62;1327;23;3692.00;192
9275;21;21797940;9275;522;10600;10793;4.55;0.28;349.06;11.62;1325;24;3693.00;193
9281;21;21797969;9281;524;10601;10794;4.58;0.28;349.10;11.62;1320;24;3694.00;193
9285;21;21797987;9285;527;10602;10794;4.63;0.28;349.06;11.62;1317;24;3695.00;192
9289;21;21798004;9289;529;10613;10807;4.74;0.29;349.07;11.61;1324;24;3696.00;194
9290;21;21798022;9290;528;10613;10807;4.82;0.29;349.10;11.61;1323;24;3697.00;194
9295;21;21798038;9295;530;10615;10807;4.79;0.29;349.04;11.61;1320;24;3698.00;192
9299;21;21798055;9299;524;10616;10808;4.78;0.29;349.06;11.61;1317;24;3699.00;192
9302;21;21798072;9302;523;10616;10808;4.76;0.29;349.08;11.61;1314;24;3700.00;192
9304;22;21798098;9304;522;10619;10812;4.74;0.29;349.11;11.61;1315;25;3701.00;193
9308;22;21798123;9308;525;10621;10812;4.68;0.28;349.11;11.61;1313;25;3702.00;191
9312;22;21798140;9312;526;10624;10816;4.66;0.28;349.16;11.61;1312;25;3703.00;192
9315;22;21798158;9315;530;10625;10816;4.64;0.28;349.13;11.61;1310;25;3704.00;191
9317;22;21798174;9317;523;10625;10816;4.61;0.28;349.07;11.61;1308;25;3705.00;191
9323;22;21798195;9323;524;10625;10816;4.60;0.28;349.10;11.61;1302;25;3706.00;191
9326;22;21798213;9326;520;10625;10816;4.61;0.28;349.21;11.61;1299;25;3707.00;191
9326;22;21798230;9326;525;10636;10828;4.74;0.29;349.21;11.59;1310;25;3708.00;192
9329;22;21798248;9329;523;10637;10828;4.77;0.29;349.21;11.59;1308;25;3709.00;191
9332;22;21798263;9332;522;10637;10828;4.77;0.29;349.24;11.59;1305;25;3710.00;191
9336;22;21798279;9336;518;10637;10828;4.79;0.29;349.20;11.59;1301;25;3711.00;191
9342;22;21798294;9342;509;10638;10828;4.78;0.29;349.34;11.64;1296;25;3712.00;190
9344;22;21798311;9344;507;10638;10828;4.81;0.29;349.40;11.64;1294;25;3713.00;190
9348;22;21798329;9348;500;10638;10829;4.83;0.29;349.45;11.64;1290;25;3714.00;191
9349;22;21798350;9349;493;10638;10829;4.85;0.29;349.45;11.64;1289;25;3715.00;191
9353;22;21798365;9353;499;10643;10835;4.84;0.29;349.41;11.63;1290;25;3716.00;192
9356;22;21798381;9356;497;10644;10836;4.82;0.29;349.41;11.63;1288;25;3717.00;192
9359;22;21798396;9359;495;10644;10836;4.75;0.29;349.45;11.63;1285;25;3718.00;192
9363;22;21798411;9363;496;10644;10836;4.70;0.29;349.50;11.63;1281;25;3719.00;192
9365;22;21798427;9365;502;10648;10841;4.63;0.28;349.56;11.63;1283;25;3720.00;193
9367;22;21798442;9367;506;10648;10841;4.56;0.28;349.51;11.63;1281;25;3721.00;193
9372;22;21798456;9372;511;10648;10841;4.52;0.27;349.54;11.63;1276;25;3722.00;193
9373;22;21798474;9373;499;10649;10842;4.53;0.28;349.57;11.63;1276;25;3723.00;193
9377;22;21798492;9377;492;10652;10846;4.57;0.28;349.60;11.62;1275;25;3724.00;194
9381;22;21798508;9381;484;10652;10846;4.58;0.28;349.77;11.62;1271;25;3725.00;194
9383;22;21798522;9383;473;10654;10849;4.61;0.28;349.83;11.62;1271;25;3726.00;195
9386;22;21798538;9386;470;10654;10849;4.63;0.28;350.00;11.62;1268;25;3727.00;195
9389;22;21798553;9389;475;10655;10849;4.65;0.28;349.99;11.62;1266;25;3728.00;194
9391;22;21798569;9391;480;10655;10849;4.64;0.28;350.06;11.62;1264;25;3729.00;194
9393;22;21798590;9393;482;10659;10853;4.65;0.28;350.17;11.62;1266;25;3730.00;194
9395;22;21798606;9395;466;10659;10853;4.64;0.28;350.16;11.62;1264;25;3731.00;194
9397;22;21798621;9397;459;10660;10853;4.63;0.28;350.26;11.66;1263;25;3732.00;193
9398;22;21798637;9398;456;10660;10853;4.66;0.28;350.23;11.66;1262;25;3733.00;193
9399;22;21798653;9399;459;10660;10854;4.66;0.28;350.23;11.66;1261;25;3734.00;194
9402;22;21798668;9402;451;10662;10856;4.67;0.28;350.27;11.66;1260;25;3735.00;194
9403;22;21798685;9403;441;10662;10856;4.66;0.28;350.33;11.66;1259;25;3736.00;194
9406;22;21798702;9406;438;10663;10857;4.70;0.29;350.52;11.66;1257;25;3737.00;194
9408;22;21798722;9408;444;10663;10857;4.74;0.29;350.58;11.66;1255;25;3738.00;194
9410;22;21798740;9410;443;10663;10857;4.77;0.29;350.58;11.66;1253;25;3739.00;194
9412;22;21798758;9412;445;10663;10857;4.83;0.29;350.61;11.66;1251;25;3740.00;194
9415;22;21798774;9415;444;10663;10857;4.80;0.29;350.69;11.66;1248;25;3741.00;194
9418;22;21798790;9418;439;10663;10857;4.81;0.29;350.71;11.66;1245;25;3742.00;194
9419;22;21798807;9419;433;10663;10857;4.84;0.30;350.73;11.66;1244;25;3743.00;194
9424;22;21798823;9424;467;10738;10984;4.95;0.31;350.82;11.58;1314;25;3744.00;246
9424;22;21798850;9424;457;10738;10985;4.98;0.31;350.82;11.58;1314;25;3745.00;247
9429;22;21798866;9429;437;10742;10985;5.02;0.31;350.96;11.57;1313;25;3746.00;243
9429;22;21798883;9429;428;10742;10985;5.06;0.31;350.96;11.57;1313;25;3747.00;243
9434;22;21798899;9434;425;10748;10985;5.09;0.31;351.06;11.62;1314;25;3748.00;237
9440;22;21798915;9440;425;10750;10985;5.11;0.31;351.17;11.61;1310;25;3749.00;235
9442;22;21798933;9442;436;10753;10990;5.15;0.32;351.31;11.61;1311;25;3750.00;237
9445;22;21798950;9445;437;10755;10990;5.21;0.32;351.25;11.61;1310;25;3751.00;235
9447;22;21798970;9447;449;10757;10991;5.27;0.32;351.32;11.61;1310;25;3752.00;234
9449;22;21798990;9449;443;10759;10992;5.25;0.32;351.46;11.61;1310;25;3753.00;233
9449;22;21799007;9449;447;10763;10992;5.27;0.32;351.46;11.61;1314;25;3754.00;229
9450;22;21799023;9450;464;10765;10993;5.26;0.32;351.48;11.61;1315;25;3755.00;228
9452;22;21799039;9452;467;10768;10993;5.25;0.32;351.59;11.61;1316;25;3756.00;225
9453;22;21799056;9453;464;10771;10993;5.22;0.32;351.66;11.61;1318;25;3757.00;222
9455;22;21799072;9455;474;10772;10993;5.21;0.32;351.66;11.61;1317;25;3758.00;221
9458;22;21799087;9458;484;10777;10997;5.22;0.32;351.80;11.61;1319;25;3759.00;220
9460;22;21799103;9460;488;10779;10997;5.19;0.32;351.84;11.61;1319;25;3760.00;218
9460;22;21799119;9460;492;10781;10997;5.20;0.32;351.84;11.61;1321;25;3761.00;216
9464;22;21799135;9464;494;10784;11000;5.21;0.32;351.96;11.61;1320;25;3762.00;216
9466;22;21799151;9466;498;10785;11000;5.24;0.32;352.03;11.61;1319;25;3763.00;215
9467;22;21799171;9467;496;10787;11000;5.26;0.32;352.01;11.61;1320;25;3764.00;213
9467;22;21799189;9467;485;10790;11004;5.31;0.33;352.01;11.61;1323;25;3765.00;214
9468;22;21799206;9468;486;10792;11005;5.35;0.33;352.03;11.61;1324;25;3766.00;213
9470;22;21799229;9470;474;10794;11005;5.35;0.33;352.12;11.61;1324;25;3767.00;211
9473;22;21799247;9473;472;10797;11009;5.37;0.33;352.12;11.61;1324;25;3768.00;212
9474;22;21799265;9474;463;10798;11009;5.38;0.33;352.08;11.61;1324;25;3769.00;211
9477;22;21799282;9477;452;10799;11009;5.38;0.33;352.12;11.61;1322;25;3770.00;210
9477;22;21799303;9477;442;10801;11010;5.46;0.33;352.12;11.60;1324;25;3771.00;209
9481;22;21799320;9481;443;10801;11010;5.41;0.33;352.20;11.60;1320;25;3772.00;209
9484;22;21799337;9484;446;10806;11016;5.42;0.33;352.14;11.60;1322;25;3773.00;210
9486;22;21799354;9486;443;10806;11016;5.41;0.33;352.15;11.60;1320;25;3774.00;210
9487;22;21799370;9487;448;10806;11017;5.32;0.32;352.17;11.60;1319;25;3775.00;211
9488;22;21799385;9488;452;10806;11017;5.27;0.32;352.24;11.60;1318;25;3776.00;211
9492;22;21799400;9492;444;10806;11017;5.17;0.31;352.34;11.60;1314;25;3777.00;211
9493;22;21799416;9493;447;10806;11017;5.06;0.31;352.34;11.60;1313;25;3778.00;211
9495;22;21799431;9495;443;10807;11017;5.02;0.31;352.42;11.60;1312;25;3779.00;210
9500;22;21799448;9500;446;10831;11053;5.04;0.31;352.38;11.63;1331;25;3780.00;222
9505;22;21799483;9505;439;10834;11053;4.99;0.30;352.55;11.63;1329;25;3781.00;219
9511;22;21799501;9511;429;10835;11053;4.97;0.30;352.71;11.63;1324;25;3782.00;218
9513;22;21799517;9513;429;10836;11053;4.96;0.30;352.68;11.63;1323;25;3783.00;217
9514;22;21799540;9514;436;10837;11053;4.99;0.30;352.66;11.63;1323;25;3784.00;216
9515;22;21799555;9515;443;10837;11053;5.00;0.31;352.69;11.63;1322;25;3785.00;216
9517;22;21799571;9517;455;10839;11057;4.99;0.30;352.72;11.63;1322;25;3786.00;218
9520;22;21799588;9520;456;10839;11057;4.95;0.30;352.70;11.63;1319;25;3787.00;218
9522;23;21799604;9522;463;10842;11061;4.94;0.30;352.70;11.63;1320;26;3788.00;219
9523;23;21799638;9523;458;10843;11062;4.93;0.30;352.72;11.63;1320;26;3789.00;219
9526;23;21799653;9526;459;10844;11062;4.83;0.30;352.71;11.63;1318;26;3790.00;218
9529;23;21799668;9529;454;10844;11062;4.76;0.29;352.68;11.63;1315;26;3791.00;218
9532;23;21799682;9532;457;10855;11075;4.74;0.29;352.68;11.62;1323;26;3792.00;220
9533;23;21799699;9533;456;10855;11075;4.71;0.29;352.72;11.62;1322;26;3793.00;220
9537;23;21799717;9537;464;10856;11075;4.70;0.29;352.90;11.62;1319;26;3794.00;219
9543;23;21799734;9543;464;10857;11076;4.71;0.29;352.90;11.61;1314;26;3795.00;219
9545;23;21799750;9545;469;10857;11077;4.74;0.29;353.01;11.61;1312;26;3796.00;220
9547;23;21799769;9547;471;10858;11077;4.75;0.29;353.03;11.62;1311;26;3797.00;219
9547;23;21799789;9547;469;10861;11080;4.78;0.29;353.03;11.61;1314;26;3798.00;219
9550;23;21799808;9550;470;10862;11080;4.78;0.29;353.04;11.61;1312;26;3799.00;218
9553;23;21799829;9553;471;10863;11080;4.77;0.29;353.04;11.61;1310;26;3800.00;217
9555;23;21799855;9555;479;10864;11080;4.76;0.29;353.12;11.61;1309;26;3801.00;216
9557;23;21799874;9557;482;10868;11086;4.77;0.29;353.14;11.61;1311;26;3802.00;218
9559;23;21799892;9559;489;10869;11086;4.76;0.29;353.14;11.61;1310;26;3803.00;217
9561;23;21799908;9561;499;10870;11086;4.71;0.29;353.27;11.67;1309;26;3804.00;216
9563;23;21799923;9563;501;10870;11086;4.65;0.28;353.27;11.67;1307;26;3805.00;216
9567;23;21799938;9567;515;10874;11090;4.58;0.28;353.31;11.72;1307;26;3806.00;216
9571;23;21799960;9571;527;10875;11091;4.53;0.28;353.34;11.72;1304;26;3807.00;216
9574;23;21799979;9574;532;10875;11091;4.49;0.27;353.37;11.72;1301;26;3808.00;216
9574;23;21799995;9574;544;10877;11092;4.47;0.27;353.37;11.78;1303;26;3809.00;215
9575;23;21800012;9575;553;10877;11092;4.42;0.27;353.34;11.78;1302;26;3810.00;215
9576;23;21800026;9576;562;10877;11092;4.42;0.27;353.37;11.78;1301;26;3811.00;215
9577;23;21800040;9577;567;10877;11092;4.38;0.27;353.35;11.78;1300;26;3812.00;215
9578;23;21800054;9578;571;10877;11092;4.36;0.27;353.38;11.78;1299;26;3813.00;215
9580;23;21800069;9580;570;10877;11092;4.39;0.27;353.35;11.78;1297;26;3814.00;215
9584;23;21800083;9584;572;10877;11092;4.38;0.27;353.27;11.78;1293;26;3815.00;215
9587;23;21800097;9587;586;10909;11162;4.59;0.28;353.23;11.74;1322;26;3816.00;253
9587;23;21800117;9587;585;10909;11163;4.56;0.28;353.23;11.74;1322;26;3817.00;254
9589;23;21800132;9589;586;10919;11163;4.64;0.28;353.31;11.73;1330;26;3818.00;244
9591;23;21800146;9591;593;10922;11163;4.59;0.28;353.28;11.73;1331;26;3819.00;241
9594;23;21800160;9594;588;10928;11163;4.55;0.28;353.26;11.73;1334;26;3820.00;235
9594;23;21800174;9594;593;10930;11163;4.51;0.28;353.26;11.73;1336;26;3821.00;233
9598;23;21800188;9598;601;10934;11163;4.43;0.27;353.23;11.72;1336;26;3822.00;229
9600;23;21800202;9600;595;10936;11163;4.34;0.27;353.17;11.72;1336;26;3823.00;227
9605;23;21800218;9605;601;10939;11164;4.27;0.26;353.20;11.72;1334;26;3824.00;225
9608;23;21800276;9608;599;10943;11166;4.18;0.25;353.13;11.72;1335;26;3825.00;223
9610;23;21800298;9610;603;10945;11166;4.13;0.25;353.29;11.72;1335;26;3826.00;221
9613;23;21800312;9613;601;10949;11170;4.09;0.25;353.20;11.72;1336;26;3827.00;221
9615;23;21800327;9615;603;10949;11170;4.02;0.24;353.16;11.72;1334;26;3828.00;221
9617;23;21800345;9617;616;10949;11170;3.98;0.24;353.15;11.72;1332;26;3829.00;221
9618;23;21800363;9618;623;10949;11170;3.92;0.24;353.14;11.72;1331;26;3830.00;221
9618;23;21800379;9618;626;10954;11176;3.91;0.24;353.14;11.71;1336;26;3831.00;222
9618;23;21800396;9618;627;10954;11176;3.91;0.24;353.14;11.71;1336;26;3832.00;222
9619;23;21800412;9619;627;10954;11176;3.87;0.24;353.11;11.71;1335;26;3833.00;222
9619;23;21800427;9619;639;10956;11179;3.84;0.23;353.11;11.71;1337;26;3834.00;223
9619;23;21800442;9619;630;10956;11179;3.84;0.23;353.11;11.71;1337;26;3835.00;223
9619;23;21800456;9619;628;10957;11179;3.84;0.23;353.11;11.71;1338;26;3836.00;222
9622;23;21800473;9622;620;10957;11180;3.86;0.24;353.08;11.71;1335;26;3837.00;223
9624;23;21800490;9624;615;10958;11181;3.88;0.24;353.07;11.71;1334;26;3838.00;223
9626;23;21800505;9626;613;10958;11181;3.86;0.24;353.05;11.71;1332;26;3839.00;223
9630;23;21800521;9630;610;10976;11207;3.88;0.24;352.95;11.69;1346;26;3840.00;231
9632;23;21800537;9632;616;10977;11207;3.88;0.24;352.92;11.69;1345;26;3841.00;230
9636;23;21800551;9636;611;10980;11207;3.90;0.24;352.83;11.68;1344;26;3842.00;227
9637;23;21800566;9637;609;10981;11208;3.90;0.24;352.81;11.68;1344;26;3843.00;227
9641;23;21800580;9641;613;10981;11208;3.88;0.24;352.77;11.68;1340;26;3844.00;227
9643;23;21800595;9643;609;10985;11212;3.93;0.24;352.73;11.68;1342;26;3845.00;227
9644;23;21800610;9644;614;10987;11214;3.95;0.24;352.71;11.68;1343;26;3846.00;227
9648;23;21800624;9648;619;10990;11218;3.92;0.24;352.64;11.67;1342;26;3847.00;228
9650;23;21800638;9650;617;10990;11218;3.89;0.24;352.61;11.67;1340;26;3848.00;228
9653;23;21800652;9653;609;10990;11218;3.86;0.24;352.57;11.67;1337;26;3849.00;228
9657;23;21800674;9657;593;10990;11218;3.85;0.24;352.52;11.67;1333;26;3850.00;228
9661;23;21800689;9661;587;10990;11218;3.86;0.24;352.50;11.67;1329;26;3851.00;228
9662;23;21800705;9662;579;11000;11230;3.93;0.24;352.51;11.66;1338;26;3852.00;230
9663;23;21800725;9663;570;11000;11230;3.97;0.24;352.53;11.66;1337;26;3853.00;230
9667;23;21800741;9667;559;11001;11230;4.02;0.24;352.49;11.66;1334;26;3854.00;229
9670;23;21800756;9670;557;11001;11230;4.04;0.25;352.50;11.66;1331;26;3855.00;229
9671;23;21800773;9671;547;11001;11230;4.11;0.25;352.51;11.66;1330;26;3856.00;229
9674;23;21800789;9674;534;11001;11230;4.16;0.25;352.53;11.66;1327;26;3857.00;229
9679;23;21800805;9679;527;11001;11231;4.20;0.26;352.53;11.66;1322;26;3858.00;230
9679;23;21800822;9679;518;11001;11231;4.27;0.26;352.53;11.66;1322;26;3859.00;230
9682;23;21800838;9682;505;11006;11237;4.38;0.27;352.48;11.66;1324;26;3860.00;231
9683;23;21800855;9683;493;11007;11238;4.45;0.27;352.48;11.66;1324;26;3861.00;231
9684;23;21800871;9684;485;11007;11238;4.48;0.27;352.49;11.66;1323;26;3862.00;231
9686;23;21800888;9686;481;11007;11238;4.49;0.27;352.60;11.66;1321;26;3863.00;231
9691;23;21800904;9691;478;11010;11242;4.53;0.28;352.58;11.65;1319;26;3864.00;232
9695;23;21800922;9695;475;11010;11242;4.50;0.27;352.56;11.65;1315;26;3865.00;232
9699;23;21800938;9699;476;11010;11242;4.50;0.27;352.61;11.65;1311;26;3866.00;232
9701;23;21800954;9701;465;11011;11243;4.54;0.28;352.66;11.65;1310;26;3867.00;232
9706;23;21800971;9706;466;11014;11247;4.58;0.28;352.62;11.65;1308;26;3868.00;233
9709;23;21800990;9709;464;11015;11247;4.63;0.28;352.67;11.71;1306;26;3869.00;232
9714;23;21801010;9714;452;11019;11253;4.66;0.28;352.71;11.70;1305;26;3870.00;234
9719;23;21801027;9719;449;11019;11253;4.64;0.28;352.68;11.70;1300;26;3871.00;234
9722;23;21801043;9722;445;11021;11253;4.66;0.28;352.70;11.70;1299;26;3872.00;232
9724;23;21801059;9724;437;11021;11253;4.65;0.28;352.77;11.70;1297;26;3873.00;232
9728;23;21801073;9728;436;11025;11257;4.65;0.28;352.85;11.70;1297;26;3874.00;232
9729;23;21801089;9729;431;11025;11257;4.59;0.28;352.84;11.70;1296;26;3875.00;232
9733;23;21801104;9733;420;11025;11257;4.57;0.28;352.83;11.70;1292;26;3876.00;232
9735;23;21801119;9735;424;11025;11257;4.58;0.28;352.83;11.70;1290;26;3877.00;232
9739;23;21801135;9739;420;11025;11258;4.57;0.28;352.87;11.70;1286;26;3878.00;233
9743;23;21801151;9743;414;11026;11259;4.50;0.27;352.85;11.69;1283;26;3879.00;233
9743;23;21801167;9743;417;11026;11259;4.50;0.27;352.85;11.69;1283;26;3880.00;233
9746;23;21801184;9746;419;11027;11260;4.52;0.28;352.92;11.69;1281;26;3881.00;233
9750;23;21801199;9750;417;11027;11260;4.57;0.28;352.97;11.69;1277;26;3882.00;233
9752;23;21801217;9752;417;11027;11260;4.61;0.28;352.93;11.69;1275;26;3883.00;233
9758;23;21801236;9758;416;11027;11260;4.64;0.28;353.03;11.69;1269;26;3884.00;233
9758;23;21801252;9758;416;11028;11260;4.68;0.29;353.03;11.75;1270;26;3885.00;232
9760;23;21801266;9760;423;11028;11260;4.71;0.29;353.10;11.75;1268;26;3886.00;232
9764;23;21801282;9764;419;11028;11260;4.74;0.29;353.18;11.75;1264;26;3887.00;232
9766;23;21801298;9766;443;11104;11387;5.04;0.31;353.16;11.67;1338;26;3888.00;283
9770;23;21801324;9770;437;11105;11388;5.03;0.31;353.22;11.67;1335;26;3889.00;283
9773;23;21801342;9773;436;11112;11388;5.08;0.31;353.35;11.66;1339;26;3890.00;276
9774;23;21801359;9774;439;11114;11388;5.07;0.31;353.39;11.66;1340;26;3891.00;274
9776;23;21801374;9776;441;11118;11388;5.07;0.31;353.47;11.66;1342;26;3892.00;270
9778;23;21801390;9778;442;11119;11388;5.03;0.31;353.52;11.66;1341;26;3893.00;269
9781;23;21801407;9781;444;11122;11388;4.98;0.31;353.63;11.66;1341;26;3894.00;266
9781;23;21801423;9781;453;11125;11388;4.95;0.30;353.63;11.66;1344;26;3895.00;263
9783;23;21801440;9783;461;11127;11389;4.90;0.30;353.63;11.66;1344;26;3896.00;262
9788;23;21801457;9788;449;11131;11390;4.82;0.30;353.85;11.65;1343;26;3897.00;259
9789;23;21801480;9789;449;11134;11390;4.80;0.29;353.83;11.65;1345;26;3898.00;256
9791;23;21801500;9791;447;11137;11391;4.81;0.30;353.90;11.71;1346;26;3899.00;254
9795;23;21801519;9795;463;11143;11406;4.82;0.30;353.89;11.71;1348;26;3900.00;263
9797;23;21801542;9797;457;11144;11406;4.82;0.30;353.93;11.71;1347;26;3901.00;262
9797;23;21801566;9797;460;11149;11406;4.88;0.30;353.93;11.71;1352;26;3902.00;257
9799;23;21801584;9799;471;11151;11410;4.88;0.30;354.06;11.71;1352;26;3903.00;259
9804;23;21801601;9804;471;11151;11410;4.89;0.30;354.15;11.71;1347;26;3904.00;259
9805;23;21801618;9805;477;11152;11410;4.95;0.30;354.12;11.71;1347;26;3905.00;258
9809;23;21801636;9809;472;11156;11413;4.97;0.30;354.30;11.70;1347;26;3906.00;257
9812;23;21801662;9812;470;11157;11413;5.01;0.31;354.29;11.71;1345;26;3907.00;256
9813;23;21801680;9813;467;11157;11413;5.08;0.31;354.30;11.71;1344;26;3908.00;256
9815;23;21801708;9815;473;11162;11417;5.08;0.31;354.43;11.70;1347;26;3909.00;255
9817;23;21801729;9817;480;11163;11418;5.14;0.31;354.59;11.70;1346;26;3910.00;255
9818;23;21801747;9818;477;11165;11418;5.19;0.32;354.63;11.70;1347;26;3911.00;253
9821;23;21801765;9821;476;11170;11422;5.19;0.32;354.72;11.70;1349;26;3912.00;252
9823;23;21801790;9823;482;11170;11422;5.18;0.32;354.79;11.70;1347;26;3913.00;252
9825;23;21801813;9825;485;11171;11422;5.18;0.32;354.78;11.70;1346;26;3914.00;251
9829;23;21801834;9829;487;11174;11424;5.17;0.31;354.91;11.76;1345;26;3915.00;250
9831;23;21801857;9831;502;11174;11424;5.10;0.31;355.04;11.76;1343;26;3916.00;250
9833;23;21801876;9833;496;11179;11430;5.07;0.31;355.07;11.75;1346;26;3917.00;251
9836;23;21801895;9836;494;11180;11430;5.05;0.31;355.06;11.75;1344;26;3918.00;250
9840;23;21801915;9840;498;11180;11431;5.01;0.30;355.21;11.75;1340;26;3919.00;251
9842;23;21801937;9842;490;11180;11431;5.03;0.31;355.23;11.75;1338;26;3920.00;251
9844;23;21801954;9844;485;11180;11431;5.01;0.30;355.24;11.75;1336;26;3921.00;251
9845;23;21801971;9845;480;11180;11431;4.98;0.30;355.23;11.75;1335;26;3922.00;251
9846;23;21801989;9846;481;11182;11431;4.92;0.30;355.22;11.75;1336;26;3923.00;249
9849;23;21802006;9849;477;11191;11443;4.94;0.30;355.24;11.75;1342;26;3924.00;252
9853;23;21802057;9853;476;11191;11443;4.92;0.30;355.45;11.75;1338;26;3925.00;252
9856;23;21802077;9856;467;11195;11443;4.87;0.30;355.61;11.81;1339;26;3926.00;248
9858;23;21802093;9858;465;11195;11443;4.88;0.30;355.56;11.81;1337;26;3927.00;248
9861;23;21802110;9861;464;11195;11443;4.90;0.30;355.72;11.81;1334;26;3928.00;248
9863;23;21802126;9863;461;11197;11443;4.92;0.30;355.76;11.81;1334;26;3929.00;246
9866;23;21802144;9866;458;11200;11447;4.92;0.30;355.91;11.80;1334;26;3930.00;247
9870;23;21802162;9870;461;11200;11447;4.95;0.30;356.09;11.80;1330;26;3931.00;247
9873;23;21802179;9873;467;11205;11451;5.02;0.31;356.20;11.86;1332;26;3932.00;246
9879;23;21802196;9879;465;11206;11452;4.96;0.30;356.15;11.86;1327;26;3933.00;246
9882;23;21802212;9882;469;11206;11452;4.91;0.30;356.18;11.86;1324;26;3934.00;246
9885;23;21802227;9885;470;11206;11452;4.90;0.30;356.23;11.86;1321;26;3935.00;246
9887;23;21802242;9887;474;11217;11465;4.98;0.30;356.20;11.85;1330;26;3936.00;248
9889;23;21802259;9889;483;11217;11465;4.95;0.30;356.30;11.85;1328;26;3937.00;248
9892;23;21802274;9892;484;11217;11465;4.91;0.30;356.30;11.85;1325;26;3938.00;248
9896;23;21802290;9896;491;11218;11466;4.88;0.30;356.43;11.85;1322;26;3939.00;248
9900;23;21802310;9900;491;11218;11467;4.86;0.30;356.44;11.85;1318;26;3940.00;249
9903;23;21802329;9903;492;11219;11467;4.84;0.29;356.44;11.91;1316;26;3941.00;248
9905;23;21802348;9905;489;11221;11470;4.87;0.30;356.53;11.91;1316;26;3942.00;249
9906;23;21802374;9906;494;11221;11470;4.86;0.30;356.55;11.91;1315;26;3943.00;249
9907;23;21802394;9907;492;11222;11470;4.89;0.30;356.55;11.91;1315;26;3944.00;248
9911;23;21802415;9911;493;11222;11470;4.85;0.30;356.69;11.91;1311;26;3945.00;248
9913;23;21802433;9913;497;11227;11476;4.89;0.30;356.70;11.90;1314;26;3946.00;249
9916;23;21802453;9916;495;11227;11476;4.90;0.30;356.66;11.90;1311;26;3947.00;249
9916;23;21802471;9916;495;11227;11476;4.95;0.30;356.66;11.90;1311;26;3948.00;249
9917;23;21802490;9917;499;11227;11476;4.99;0.30;356.69;11.90;1310;26;3949.00;249
9920;23;21802510;9920;500;11230;11480;4.96;0.30;356.74;11.90;1310;26;3950.00;250
9923;23;21802529;9923;495;11231;11481;4.99;0.30;356.71;11.90;1308;26;3951.00;250
9924;23;21802549;9924;487;11231;11481;4.97;0.30;356.71;11.90;1307;26;3952.00;250
9925;23;21802566;9925;487;11232;11482;4.93;0.30;356.69;11.90;1307;26;3953.00;250
9925;23;21802584;9925;484;11234;11482;4.88;0.30;356.69;12.03;1309;26;3954.00;248
9928;23;21802606;9928;477;11234;11482;4.85;0.30;356.70;12.03;1306;26;3955.00;248
9931;23;21802625;9931;476;11235;11482;4.79;0.29;356.76;12.09;1304;26;3956.00;247
9936;23;21802644;9936;469;11235;11482;4.74;0.29;356.87;12.09;1299;26;3957.00;247
9939;23;21802663;9939;476;11235;11482;4.71;0.29;356.84;12.09;1296;26;3958.00;247
9942;23;21802680;9942;477;11235;11482;4.67;0.29;356.85;12.09;1293;26;3959.00;247
9943;23;21802702;9943;491;11296;11607;4.88;0.30;356.84;12.08;1353;26;3960.00;311
9945;23;21802732;9945;481;11296;11608;4.90;0.30;356.83;12.08;1351;26;3961.00;312
9948;23;21802750;9948;482;11308;11608;4.94;0.31;356.84;12.07;1360;26;3962.00;300
9951;23;21802769;9951;483;11308;11608;4.90;0.30;356.83;12.07;1357;26;3963.00;300
9954;23;21802786;9954;483;11314;11608;4.87;0.30;356.87;12.07;1360;26;3964.00;294
9957;23;21802809;9957;496;11315;11608;4.84;0.30;356.82;12.07;1358;26;3965.00;293
9962;23;21802823;9962;498;11318;11608;4.78;0.29;356.82;12.06;1356;26;3966.00;290
9966;23;21802838;9966;506;11320;11608;4.74;0.29;356.80;12.06;1354;26;3967.00;288
9967;23;21802854;9967;510;11323;11609;4.73;0.29;356.83;12.06;1356;26;3968.00;286
9970;23;21802869;9970;509;11329;11610;4.70;0.29;356.75;12.06;1359;26;3969.00;281
9972;23;21802885;9972;509;11332;11610;4.69;0.29;356.74;12.06;1360;26;3970.00;278
9974;23;21802900;9974;517;11339;11614;4.64;0.28;356.69;12.11;1365;26;3971.00;275
9976;23;21802916;9976;514;11342;11614;4.59;0.28;356.69;12.11;1366;26;3972.00;272
9979;23;21802938;9979;514;11342;11614;4.54;0.28;356.64;12.11;1363;26;3973.00;272
9981;23;21802953;9981;526;11342;11614;4.52;0.28;356.70;12.11;1361;26;3974.00;272
9982;23;21802970;9982;527;11348;11620;4.52;0.28;356.70;12.11;1366;26;3975.00;272
9984;23;21802987;9984;535;11348;11620;4.52;0.28;356.70;12.11;1364;26;3976.00;272
9985;23;21803004;9985;541;11348;11620;4.50;0.28;356.78;12.11;1363;26;3977.00;272
9985;23;21803029;9985;545;11350;11623;4.49;0.28;356.78;12.11;1365;26;3978.00;273
9986;23;21803045;9986;554;11353;11623;4.47;0.28;356.79;12.11;1367;26;3979.00;270
9991;23;21803061;9991;559;11354;11623;4.41;0.27;356.79;12.18;1363;26;3980.00;269
9992;23;21803077;9992;558;11354;11624;4.37;0.27;356.79;12.18;1362;26;3981.00;270
9993;23;21803092;9993;568;11356;11625;4.35;0.27;356.83;12.18;1363;26;3982.00;269
9994;23;21803108;9994;575;11358;11625;4.30;0.26;356.79;12.25;1364;26;3983.00;267
9994;23;21803123;9994;582;11366;11638;4.26;0.26;356.79;12.24;1372;26;3984.00;272
9998;23;21803140;9998;591;11368;11638;4.20;0.26;356.75;12.31;1370;26;3985.00;270
9998;23;21803154;9998;603;11371;11638;4.23;0.26;356.75;12.38;1373;26;3986.00;267
10001;23;21803169;10001;611;11373;11639;4.18;0.26;356.82;12.45;1372;26;3987.00;266
10002;23;21803185;10002;612;11375;11639;4.12;0.25;356.85;12.59;1373;26;3988.00;264
10004;23;21803202;10004;620;11380;11643;4.11;0.25;356.96;12.65;1376;26;3989.00;263
10006;23;21803220;10006;631;11380;11643;4.04;0.25;356.97;12.65;1374;26;3990.00;263
10008;23;21803236;10008;633;11384;11647;3.96;0.24;356.96;12.72;1376;26;3991.00;263
10009;23;21803251;10009;623;11384;11647;3.91;0.24;356.95;12.72;1375;26;3992.00;263
10014;23;21803269;10014;623;11384;11647;3.83;0.23;356.86;12.72;1370;26;3993.00;263
10015;23;21803286;10015;605;11386;11647;3.79;0.23;356.89;12.85;1371;26;3994.00;261
10017;23;21803304;10017;611;11386;11647;3.79;0.23;356.84;12.85;1369;26;3995.00;261
10017;23;21803321;10017;612;11396;11659;3.85;0.24;356.84;12.84;1379;26;3996.00;263
10019;23;21803339;10019;606;11399;11659;3.88;0.24;356.80;12.97;1380;26;3997.00;260
10020;23;21803357;10020;608;11399;11659;3.87;0.24;356.80;12.97;1379;26;3998.00;260
10021;23;21803383;10021;608;11399;11659;3.89;0.24;356.78;12.97;1378;26;3999.00;260
10022;24;21803401;10022;598;11401;11659;3.88;0.24;356.78;13.11;1379;27;4000.00;258
10023;24;21803437;10023;596;11401;11659;3.89;0.24;356.78;13.11;1378;27;4001.00;258
10024;24;21803455;10024;590;11401;11660;3.89;0.24;356.77;13.11;1377;27;4002.00;259
10025;24;21803472;10025;583;11403;11660;3.92;0.24;356.77;13.24;1378;27;4003.00;257
10027;24;21803492;10027;586;11408;11666;4.05;0.25;356.76;13.24;1381;27;4004.00;258
10029;24;21803514;10029;587;11412;11668;4.11;0.25;356.74;13.36;1383;27;4005.00;256
10030;24;21803531;10030;584;11412;11668;4.15;0.25;356.72;13.36;1382;27;4006.00;256
10032;24;21803548;10032;589;11412;11668;4.20;0.26;356.69;13.36;1380;27;4007.00;256
10034;24;21803565;10034;591;11417;11672;4.27;0.26;356.68;13.49;1383;27;4008.00;255
10035;24;21803583;10035;588;11417;11672;4.30;0.26;356.69;13.49;1382;27;4009.00;255
10037;24;21803602;10037;593;11417;11672;4.29;0.26;356.68;13.49;1380;27;4010.00;255
10039;24;21803619;10039;590;11418;11673;4.28;0.26;356.65;13.49;1379;27;4011.00;255
10041;24;21803635;10041;594;11423;11677;4.25;0.26;356.65;13.62;1382;27;4012.00;254
10043;24;21803651;10043;593;11423;11677;4.27;0.26;356.74;13.62;1380;27;4013.00;254
10045;24;21803665;10045;592;11425;11680;4.28;0.26;356.88;13.62;1380;27;4014.00;255
10049;24;21803680;10049;593;11425;11680;4.25;0.26;357.01;13.62;1376;27;4015.00;255
10049;24;21803695;10049;597;11426;11680;4.26;0.26;357.01;13.62;1377;27;4016.00;254
10054;24;21803709;10054;593;11426;11680;4.20;0.26;357.03;13.62;1372;27;4017.00;254
10060;24;21803724;10060;593;11430;11684;4.17;0.26;356.99;13.61;1370;27;4018.00;254
10063;24;21803739;10063;592;11430;11684;4.16;0.25;356.94;13.61;1367;27;4019.00;254
10067;24;21803755;10067;590;11430;11684;4.08;0.25;357.03;13.61;1363;27;4020.00;254
10069;24;21803773;10069;593;11430;11684;4.07;0.25;357.02;13.61;1361;27;4021.00;254
10072;24;21803800;10072;603;11430;11685;4.05;0.25;357.15;13.61;1358;27;4022.00;255
10076;24;21803818;10076;604;11431;11686;4.00;0.25;357.10;13.61;1355;27;4023.00;255
10078;24;21803835;10078;609;11431;11686;3.97;0.24;357.08;13.61;1353;27;4024.00;255
10080;24;21803852;10080;606;11432;11687;4.01;0.25;357.05;13.61;1352;27;4025.00;255
10085;24;21803868;10085;599;11432;11687;3.98;0.24;356.98;13.61;1347;27;4026.00;255
10086;24;21803885;10086;589;11432;11687;4.02;0.25;357.10;13.61;1346;27;4027.00;255
10091;24;21803899;10091;584;11432;11687;4.07;0.25;357.17;13.61;1341;27;4028.00;255
10093;24;21803915;10093;578;11432;11687;4.10;0.25;357.13;13.61;1339;27;4029.00;255
10098;24;21803930;10098;574;11432;11687;4.10;0.25;357.22;13.61;1334;27;4030.00;255
10102;24;21803946;10102;570;11432;11687;4.12;0.25;357.35;13.61;1330;27;4031.00;255
10106;24;21803962;10106;573;11501;11814;4.44;0.28;357.44;13.53;1395;27;4032.00;313
10111;25;21803989;10111;562;11505;11815;4.44;0.28;357.48;13.52;1394;28;4033.00;310
10112;25;21804023;10112;550;11513;11815;4.49;0.28;357.51;13.52;1401;28;4034.00;302
10116;25;21804039;10116;543;11517;11815;4.55;0.28;357.62;13.51;1401;28;4035.00;298
10119;25;21804055;10119;529;11523;11815;4.58;0.28;357.70;13.56;1404;28;4036.00;292
10124;25;21804071;10124;526;11525;11815;4.59;0.28;357.92;13.56;1401;28;4037.00;290
10129;25;21804088;10129;522;11527;11815;4.58;0.28;357.94;13.56;1398;28;4038.00;288
10132;25;21804105;10132;514;11529;11815;4.63;0.29;358.09;13.56;1397;28;4039.00;286
10136;25;21804123;10136;521;11532;11816;4.61;0.28;358.17;13.56;1396;28;4040.00;284
10139;25;21804140;10139;518;11533;11817;4.65;0.29;358.15;13.56;1394;28;4041.00;284
10142;25;21804156;10142;523;11536;11817;4.70;0.29;358.34;13.56;1394;28;4042.00;281
10147;25;21804172;10147;525;11538;11818;4.73;0.29;358.47;13.56;1391;28;4043.00;280
10154;25;21804190;10154;527;11539;11818;4.71;0.29;358.55;13.56;1385;28;4044.00;279
10156;25;21804208;10156;521;11542;11818;4.77;0.29;358.62;13.56;1386;28;4045.00;276
10163;25;21804225;10163;513;11542;11818;4.73;0.29;358.75;13.56;1379;28;4046.00;276
10170;25;21804243;10170;510;11545;11822;4.72;0.29;358.77;13.55;1375;28;4047.00;277
10171;25;21804260;10171;509;11547;11822;4.76;0.29;358.87;13.55;1376;28;4048.00;275
10177;25;21804275;10177;505;11549;11822;4.76;0.29;359.04;13.56;1372;28;4049.00;273
10180;25;21804295;10180;507;11554;11828;4.78;0.29;359.12;13.55;1374;28;4050.00;274
10187;25;21804314;10187;508;11555;11828;4.76;0.29;359.27;13.55;1368;28;4051.00;273
10190;25;21804331;10190;512;11558;11828;4.78;0.29;359.24;13.55;1368;28;4052.00;270
10195;25;21804348;10195;516;11561;11832;4.75;0.29;359.41;13.55;1366;28;4053.00;271
10197;25;21804365;10197;517;11563;11833;4.75;0.29;359.50;13.55;1366;28;4054.00;270
10202;25;21804382;10202;522;11564;11833;4.75;0.29;359.56;13.55;1362;28;4055.00;269
10204;25;21804399;10204;518;11567;11837;4.73;0.29;359.71;13.55;1363;28;4056.00;270
10206;25;21804416;10206;519;11568;11837;4.78;0.29;359.72;13.54;1362;28;4057.00;269
10210;25;21804433;10210;527;11568;11837;4.77;0.29;359.77;13.54;1358;28;4058.00;269
10214;25;21804452;10214;516;11569;11838;4.78;0.29;359.82;13.54;1355;28;4059.00;269
10218;25;21804470;10218;513;11571;11838;4.81;0.29;359.84;13.54;1353;28;4060.00;267
10220;25;21804488;10220;517;11575;11844;4.81;0.29;359.89;13.54;1355;28;4061.00;269
10227;25;21804506;10227;515;11575;11844;4.81;0.29;360.14;13.54;1348;28;4062.00;269
10232;25;21804524;10232;514;11576;11845;4.80;0.29;360.18;13.54;1344;28;4063.00;269
10236;25;21804540;10236;515;11576;11845;4.78;0.29;360.30;13.54;1340;28;4064.00;269
10238;25;21804556;10238;514;11576;11845;4.76;0.29;360.36;13.54;1338;28;4065.00;269
10241;25;21804573;10241;521;11576;11845;4.64;0.28;360.44;13.54;1335;28;4066.00;269
10243;25;21804589;10243;518;11576;11845;4.63;0.28;360.47;13.54;1333;28;4067.00;269
10245;25;21804605;10245;522;11586;11857;4.66;0.28;360.50;13.53;1341;28;4068.00;271
10248;25;21804622;10248;522;11587;11857;4.64;0.28;360.56;13.53;1339;28;4069.00;270
10252;25;21804638;10252;522;11587;11857;4.59;0.28;360.65;13.53;1335;28;4070.00;270
10253;25;21804654;10253;522;11587;11857;4.56;0.28;360.66;13.53;1334;28;4071.00;270
10259;25;21804670;10259;517;11587;11857;4.49;0.27;360.73;13.53;1328;28;4072.00;270
10259;25;21804687;10259;511;11587;11857;4.50;0.27;360.73;13.53;1328;28;4073.00;270
10263;25;21804703;10263;505;11590;11861;4.51;0.27;360.71;13.52;1327;28;4074.00;271
10265;25;21804721;10265;507;11590;11861;4.49;0.27;360.77;13.52;1325;28;4075.00;271
10269;25;21804737;10269;500;11594;11865;4.49;0.27;360.77;13.52;1325;28;4076.00;271
10272;25;21804754;10272;497;11595;11866;4.50;0.27;360.74;13.52;1323;28;4077.00;271
10274;25;21804771;10274;505;11595;11866;4.50;0.27;360.78;13.52;1321;28;4078.00;271
10276;25;21804787;10276;509;11595;11866;4.51;0.27;360.89;13.52;1319;28;4079.00;271
10276;25;21804804;10276;512;11618;11895;4.56;0.28;360.89;13.49;1342;28;4080.00;277
10279;25;21804823;10279;498;11618;11895;4.56;0.28;360.92;13.49;1339;28;4081.00;277
10280;25;21804840;10280;488;11620;11895;4.59;0.28;360.96;13.55;1340;28;4082.00;275
10282;25;21804857;10282;491;11621;11896;4.65;0.28;360.98;13.55;1339;28;4083.00;275
10287;25;21804875;10287;490;11621;11897;4.67;0.28;361.19;13.55;1334;28;4084.00;276
10291;25;21804893;10291;491;11621;11897;4.70;0.29;361.19;13.55;1330;28;4085.00;276
10292;25;21804909;10292;492;11623;11900;4.77;0.29;361.20;13.55;1331;28;4086.00;277
10295;25;21804925;10295;492;11623;11900;4.77;0.29;361.42;13.55;1328;28;4087.00;277
10298;25;21804941;10298;494;11624;11900;4.75;0.29;361.46;13.55;1326;28;4088.00;276
10301;25;21804957;10301;494;11624;11900;4.73;0.29;361.49;13.55;1323;28;4089.00;276
10303;25;21804972;10303;493;11629;11906;4.72;0.29;361.48;13.54;1326;28;4090.00;277
10306;25;21804989;10306;492;11629;11906;4.67;0.28;361.52;13.54;1323;28;4091.00;277
10311;25;21805005;10311;486;11629;11906;4.60;0.28;361.61;13.54;1318;28;4092.00;277
10314;25;21805020;10314;477;11629;11906;4.58;0.28;361.83;13.54;1315;28;4093.00;277
10315;25;21805036;10315;477;11631;11910;4.56;0.28;361.81;13.54;1316;28;4094.00;279
10316;25;21805051;10316;486;11633;11912;4.58;0.28;361.82;13.54;1317;28;4095.00;279
10320;25;21805068;10320;485;11633;11912;4.57;0.28;361.98;13.54;1313;28;4096.00;279
10323;25;21805085;10323;490;11636;11913;4.56;0.28;362.05;13.59;1313;28;4097.00;277
10326;25;21805100;10326;492;11637;11913;4.55;0.28;362.12;13.59;1311;28;4098.00;276
10330;25;21805116;10330;501;11637;11913;4.53;0.28;362.21;13.59;1307;28;4099.00;276
10335;25;21805132;10335;500;11637;11913;4.54;0.28;362.39;13.59;1302;28;4100.00;276
10336;25;21805151;10336;507;11637;11913;4.58;0.28;362.50;13.59;1301;28;4101.00;276
10337;25;21805166;10337;496;11637;11913;4.59;0.28;362.52;13.59;1300;28;4102.00;276
10339;25;21805181;10339;494;11637;11913;4.61;0.28;362.60;13.59;1298;28;4103.00;276
10339;25;21805197;10339;512;11677;11983;4.73;0.29;362.60;13.55;1338;28;4104.00;306
10340;25;21805218;10340;502;11678;11984;4.78;0.29;362.60;13.55;1338;28;4105.00;306
10345;25;21805234;10345;504;11684;11984;4.82;0.29;362.60;13.54;1339;28;4106.00;300
10346;25;21805251;10346;504;11684;11984;4.84;0.30;362.60;13.54;1338;28;4107.00;300
10346;25;21805266;10346;512;11689;11984;4.87;0.30;362.60;13.54;1343;28;4108.00;295
10346;25;21805281;10346;513;11689;11984;4.87;0.30;362.60;13.54;1343;28;4109.00;295
10347;25;21805297;10347;520;11692;11984;4.89;0.30;362.67;13.53;1345;28;4110.00;292
10348;25;21805313;10348;519;11695;11984;4.89;0.30;362.65;13.59;1347;28;4111.00;289
10352;25;21805333;10352;521;11698;11985;4.90;0.30;362.64;13.59;1346;28;4112.00;287
10354;25;21805349;10354;529;11701;11986;4.96;0.30;362.64;13.59;1347;28;4113.00;285
10356;25;21805365;10356;519;11704;11986;4.97;0.30;362.66;13.59;1348;28;4114.00;282
10356;25;21805381;10356;518;11709;11990;4.96;0.30;362.66;13.58;1353;28;4115.00;281
10357;25;21805396;10357;513;11709;11990;4.95;0.30;362.66;13.58;1352;28;4116.00;281
10358;25;21805412;10358;512;11709;11990;4.97;0.30;362.64;13.58;1351;28;4117.00;281
10363;25;21805428;10363;513;11709;11990;4.93;0.30;362.65;13.58;1346;28;4118.00;281
10364;25;21805444;10364;511;11714;11996;4.97;0.30;362.63;13.58;1350;28;4119.00;282
10369;25;21805460;10369;510;11714;11996;4.96;0.30;362.62;13.58;1345;28;4120.00;282
10370;25;21805476;10370;511;11714;11996;4.99;0.31;362.63;13.58;1344;28;4121.00;282
10370;25;21805492;10370;510;11717;11999;5.07;0.31;362.63;13.57;1347;28;4122.00;282
10372;25;21805507;10372;516;11717;11999;5.06;0.31;362.61;13.57;1345;28;4123.00;282
10374;25;21805522;10374;512;11717;11999;5.05;0.31;362.71;13.57;1343;28;4124.00;282
10376;25;21805538;10376;513;11717;12000;5.00;0.31;362.69;13.57;1341;28;4125.00;283
10380;25;21805554;10380;518;11718;12001;4.94;0.30;362.69;13.57;1338;28;4126.00;283
10384;25;21805570;10384;523;11719;12001;4.83;0.29;362.66;13.63;1335;28;4127.00;282
10386;25;21805593;10386;534;11728;12014;4.74;0.29;362.61;13.62;1342;28;4128.00;286
10389;25;21805609;10389;533;11729;12014;4.66;0.28;362.68;13.62;1340;28;4129.00;285
10392;25;21805623;10392;527;11731;12014;4.63;0.28;362.67;13.76;1339;28;4130.00;283
10395;25;21805642;10395;530;11732;12015;4.58;0.28;362.64;13.76;1337;28;4131.00;283
10398;25;21805657;10398;525;11732;12015;4.58;0.28;362.60;13.76;1334;28;4132.00;283
10404;25;21805672;10404;527;11737;12019;4.54;0.28;362.56;13.76;1333;28;4133.00;282
10407;25;21805688;10407;529;11737;12019;4.51;0.28;362.53;13.76;1330;28;4134.00;282
10408;25;21805706;10408;528;11740;12023;4.52;0.28;362.57;13.75;1332;28;4135.00;283
10412;25;21805722;10412;531;11741;12023;4.50;0.27;362.54;13.81;1329;28;4136.00;282
10415;25;21805737;10415;533;11741;12023;4.50;0.27;362.55;13.81;1326;28;4137.00;282
10418;25;21805752;10418;528;11741;12023;4.46;0.27;362.54;13.81;1323;28;4138.00;282
10418;25;21805769;10418;526;11741;12023;4.47;0.27;362.54;13.81;1323;28;4139.00;282
10420;25;21805793;10420;525;11762;12057;4.54;0.28;362.51;13.78;1342;28;4140.00;295
10420;25;21805820;10420;531;11763;12057;4.61;0.28;362.51;13.78;1343;28;4141.00;294
10424;25;21805841;10424;533;11764;12057;4.59;0.28;362.45;13.78;1340;28;4142.00;293
10426;25;21805862;10426;537;11765;12057;4.56;0.28;362.40;13.78;1339;28;4143.00;292
10426;25;21805881;10426;544;11765;12057;4.54;0.28;362.40;13.78;1339;28;4144.00;292
10430;25;21805900;10430;544;11765;12057;4.52;0.28;362.52;13.78;1335;28;4145.00;292
10431;25;21805919;10431;547;11765;12058;4.49;0.27;362.59;13.78;1334;28;4146.00;293
10432;25;21805936;10432;549;11766;12058;4.43;0.27;362.61;13.78;1334;28;4147.00;292
10435;25;21805954;10435;550;11770;12064;4.39;0.27;362.58;13.78;1335;28;4148.00;294
10437;25;21805973;10437;536;11770;12065;4.37;0.27;362.54;13.78;1333;28;4149.00;295
10439;25;21805991;10439;534;11772;12065;4.36;0.27;362.49;13.78;1333;28;4150.00;293
10441;25;21806012;10441;528;11773;12065;4.40;0.27;362.48;13.77;1332;28;4151.00;292
10444;25;21806030;10444;526;11776;12069;4.44;0.27;362.44;13.77;1332;28;4152.00;293
10445;25;21806049;10445;530;11777;12069;4.46;0.27;362.49;13.77;1332;28;4153.00;292
10446;25;21806068;10446;530;11778;12069;4.47;0.27;362.49;13.77;1332;28;4154.00;291
10446;25;21806085;10446;530;11779;12070;4.51;0.27;362.49;13.77;1333;28;4155.00;291
10448;25;21806104;10448;546;11784;12074;4.48;0.27;362.43;13.84;1336;28;4156.00;290
10448;25;21806130;10448;545;11784;12074;4.48;0.27;362.43;13.84;1336;28;4157.00;290
10450;25;21806148;10450;549;11787;12077;4.47;0.27;362.39;13.92;1337;28;4158.00;290
10450;25;21806174;10450;554;11788;12077;4.48;0.27;362.39;13.92;1338;28;4159.00;289
10450;25;21806194;10450;547;11789;12077;4.48;0.27;362.39;13.99;1339;28;4160.00;288
10451;25;21806220;10451;553;11789;12077;4.46;0.27;362.40;13.99;1338;28;4161.00;288
10454;25;21806237;10454;553;11793;12081;4.49;0.27;362.40;13.99;1339;28;4162.00;288
10456;25;21806256;10456;556;11794;12081;4.51;0.27;362.40;14.06;1338;28;4163.00;287
10459;25;21806276;10459;552;11794;12081;4.53;0.28;362.37;14.06;1335;28;4164.00;287
10459;25;21806293;10459;549;11795;12081;4.59;0.28;362.37;14.14;1336;28;4165.00;286
10461;25;21806312;10461;544;11795;12082;4.58;0.28;362.34;14.14;1334;28;4166.00;287
10462;25;21806330;10462;552;11797;12083;4.60;0.28;362.37;14.21;1335;28;4167.00;286
10463;25;21806349;10463;548;11797;12083;4.64;0.28;362.43;14.21;1334;28;4168.00;286
10464;25;21806368;10464;551;11799;12084;4.66;0.28;362.46;14.28;1335;28;4169.00;285
10467;25;21806387;10467;555;11799;12084;4.67;0.29;362.39;14.28;1332;28;4170.00;285
10470;25;21806405;10470;554;11799;12084;4.69;0.29;362.32;14.28;1329;28;4171.00;285
10471;25;21806423;10471;555;11800;12084;4.68;0.28;362.30;14.36;1329;28;4172.00;284
10472;25;21806440;10472;551;11802;12086;4.66;0.28;362.34;14.36;1330;28;4173.00;284
10474;25;21806460;10474;544;11802;12086;4.66;0.28;362.39;14.36;1328;28;4174.00;284
10476;25;21806478;10476;529;11804;12086;4.67;0.29;362.62;14.50;1328;28;4175.00;282
10478;25;21806497;10478;537;11869;12213;4.94;0.31;362.70;14.50;1391;28;4176.00;344
10483;25;21806527;10483;524;11872;12214;4.92;0.30;362.77;14.49;1389;28;4177.00;342
10485;25;21806546;10485;515;11881;12214;4.96;0.31;362.86;14.48;1396;28;4178.00;333
10487;25;21806564;10487;520;11889;12214;4.96;0.31;362.95;14.77;1402;28;4179.00;325
10489;25;21806583;10489;510;11894;12214;4.98;0.31;363.03;14.76;1405;28;4180.00;320
10493;25;21806602;10493;506;11898;12214;5.00;0.31;363.21;14.76;1405;28;4181.00;316
10496;25;21806621;10496;508;11902;12214;5.00;0.31;363.25;14.76;1406;28;4182.00;312
10498;25;21806646;10498;514;11904;12214;5.01;0.31;363.26;14.76;1406;28;4183.00;310
10501;25;21806665;10501;517;11912;12215;5.02;0.31;363.33;15.11;1411;28;4184.00;303
10503;25;21806683;10503;518;11914;12217;5.02;0.31;363.46;15.11;1411;28;4185.00;303
10504;25;21806702;10504;515;11918;12217;5.02;0.31;363.45;15.18;1414;28;4186.00;299
10509;25;21806720;10509;521;11920;12218;4.91;0.30;363.55;15.25;1411;28;4187.00;298
10510;25;21806738;10510;530;11922;12218;4.85;0.30;363.59;15.25;1412;28;4188.00;296
10514;25;21806756;10514;527;11923;12218;4.76;0.29;363.54;15.31;1409;28;4189.00;295
10517;25;21806776;10517;537;11927;12218;4.71;0.29;363.60;15.39;1410;28;4190.00;291
10521;25;21806797;10521;540;11932;12222;4.64;0.28;363.58;15.38;1411;28;4191.00;290
10524;25;21806816;10524;550;11935;12222;4.57;0.28;363.70;15.45;1411;28;4192.00;287
10530;25;21806834;10530;562;11940;12222;4.53;0.28;363.71;15.52;1410;28;4193.00;282
10532;25;21806851;10532;566;11943;12225;4.52;0.28;363.67;15.58;1411;28;4194.00;282
10535;25;21806869;10535;574;11945;12225;4.49;0.27;363.76;15.65;1410;28;4195.00;280
10539;25;21806886;10539;580;11948;12225;4.47;0.27;363.77;15.65;1409;28;4196.00;277
10540;25;21806904;10540;585;11953;12229;4.44;0.27;363.82;15.78;1413;28;4197.00;276
10544;25;21806921;10544;591;11954;12230;4.36;0.27;363.93;15.78;1410;28;4198.00;276
10547;25;21806940;10547;592;11955;12230;4.35;0.27;363.88;15.78;1408;28;4199.00;275
10550;25;21806961;10550;592;11965;12264;4.35;0.27;363.97;15.76;1415;28;4200.00;299
10555;25;21806987;10555;586;11968;12264;4.36;0.27;364.07;15.76;1413;28;4201.00;296
10556;25;21807007;10556;587;11969;12264;4.39;0.27;364.12;15.76;1413;28;4202.00;295
10562;25;21807025;10562;585;11969;12265;4.36;0.27;364.19;15.76;1407;28;4203.00;296
10565;25;21807046;10565;583;11970;12265;4.38;0.27;364.27;15.76;1405;28;4204.00;295
10569;25;21807065;10569;579;11974;12271;4.43;0.27;364.36;15.75;1405;28;4205.00;297
10574;25;21807089;10574;579;11976;12271;4.44;0.27;364.39;15.75;1402;28;4206.00;295
10577;25;21807106;10577;573;11976;12272;4.49;0.27;364.46;15.75;1399;28;4207.00;296
10580;25;21807123;10580;562;11977;12272;4.52;0.27;364.54;15.75;1397;28;4208.00;295
10583;25;21807139;10583;553;11977;12272;4.53;0.28;364.57;15.75;1394;28;4209.00;295
10588;25;21807156;10588;547;11977;12272;4.55;0.28;364.81;15.75;1389;28;4210.00;295
10589;25;21807174;10589;553;11979;12272;4.57;0.28;364.82;15.75;1390;28;4211.00;293
10592;25;21807190;10592;550;11987;12284;4.60;0.28;364.99;15.74;1395;28;4212.00;297
10595;25;21807208;10595;541;11989;12284;4.58;0.28;365.02;15.74;1394;28;4213.00;295
10598;25;21807232;10598;544;11990;12284;4.59;0.28;365.13;15.74;1392;28;4214.00;294
10601;25;21807250;10601;544;11990;12284;4.62;0.28;365.20;15.74;1389;28;4215.00;294
10605;25;21807268;10605;549;11990;12284;4.58;0.28;365.16;15.74;1385;28;4216.00;294
10610;25;21807286;10610;553;11991;12284;4.55;0.28;365.32;15.74;1381;28;4217.00;293
10615;25;21807305;10615;550;11995;12288;4.50;0.27;365.42;15.73;1380;28;4218.00;293
10619;25;21807323;10619;551;11996;12288;4.48;0.27;365.43;15.73;1377;28;4219.00;292
10624;25;21807343;10624;556;11998;12292;4.43;0.27;365.47;15.73;1374;28;4220.00;294
10626;25;21807361;10626;556;11998;12293;4.40;0.27;365.59;15.73;1372;28;4221.00;295
10629;25;21807377;10629;560;11998;12293;4.38;0.27;365.63;15.73;1369;28;4222.00;295
10633;25;21807393;10633;560;11999;12293;4.34;0.26;365.59;15.73;1366;28;4223.00;294
10637;25;21807409;10637;568;12009;12306;4.34;0.26;365.57;15.72;1372;28;4224.00;297
10641;25;21807427;10641;572;12011;12306;4.33;0.26;365.67;15.72;1370;28;4225.00;295
10644;25;21807444;10644;572;12011;12306;4.34;0.26;365.63;15.72;1367;28;4226.00;295
10648;25;21807461;10648;570;12012;12307;4.38;0.27;365.63;15.72;1364;28;4227.00;295
10650;25;21807477;10650;572;12012;12308;4.41;0.27;365.67;15.72;1362;28;4228.00;296
10654;25;21807494;10654;577;12013;12308;4.41;0.27;365.65;15.72;1359;28;4229.00;295
10658;25;21807511;10658;582;12017;12314;4.45;0.27;365.83;15.72;1359;28;4230.00;297
10662;25;21807528;10662;583;12019;12314;4.43;0.27;366.06;15.72;1357;28;4231.00;295
10664;25;21807544;10664;581;12020;12314;4.43;0.27;366.04;15.72;1356;28;4232.00;294
10667;25;21807560;10667;585;12020;12314;4.43;0.27;366.09;15.72;1353;28;4233.00;294
10672;25;21807575;10672;592;12025;12320;4.42;0.27;366.08;15.71;1353;28;4234.00;295
10674;25;21807590;10674;584;12025;12320;4.43;0.27;366.08;15.71;1351;28;4235.00;295
10679;25;21807606;10679;588;12026;12320;4.45;0.27;366.14;15.71;1347;28;4236.00;294
10683;25;21807621;10683;590;12026;12320;4.43;0.27;366.13;15.71;1343;28;4237.00;294
10686;25;21807636;10686;591;12030;12324;4.47;0.27;366.12;15.71;1344;28;4238.00;294
10689;25;21807652;10689;594;12031;12325;4.47;0.27;366.16;15.71;1342;28;4239.00;294
10691;25;21807668;10691;593;12032;12325;4.51;0.27;366.28;15.71;1341;28;4240.00;293
10693;25;21807685;10693;602;12033;12326;4.51;0.27;366.29;15.71;1340;28;4241.00;293
10695;25;21807702;10695;596;12035;12326;4.46;0.27;366.29;15.71;1340;28;4242.00;291
10705;25;21807719;10705;600;12035;12326;4.30;0.26;366.26;15.71;1330;28;4243.00;291
10707;25;21807737;10707;604;12035;12326;4.23;0.26;366.24;15.71;1328;28;4244.00;291
10712;25;21807755;10712;608;12035;12326;4.10;0.25;366.40;15.71;1323;28;4245.00;291
10714;25;21807781;10714;622;12035;12326;3.99;0.24;366.48;15.71;1321;28;4246.00;291
10718;25;21807803;10718;617;12036;12326;3.92;0.24;366.59;15.71;1318;28;4247.00;290
10718;25;21807827;10718;623;12075;12396;3.99;0.24;366.59;15.66;1357;28;4248.00;321
10722;25;21807856;10722;618;12077;12397;4.02;0.24;366.65;15.66;1355;28;4249.00;320
10727;25;21807879;10727;617;12080;12397;4.04;0.25;366.83;15.65;1353;28;4250.00;317
10730;25;21807899;10730;611;12081;12397;4.12;0.25;366.86;15.65;1351;28;4251.00;316
10734;25;21807918;10734;608;12083;12397;4.16;0.25;366.91;15.65;1349;28;4252.00;314
10737;25;21807936;10737;605;12087;12397;4.19;0.26;367.02;15.65;1350;28;4253.00;310
10738;25;21807954;10738;605;12089;12397;4.24;0.26;367.06;15.65;1351;28;4254.00;308
10743;25;21807973;10743;604;12093;12397;4.22;0.26;367.18;15.65;1350;28;4255.00;304
10745;25;21807994;10745;601;12095;12398;4.24;0.26;367.28;15.65;1350;29;4256.00;303
10747;25;21808027;10747;603;12097;12399;4.22;0.26;367.31;15.65;1350;29;4257.00;302
10750;25;21808047;10750;603;12100;12399;4.23;0.26;367.39;15.65;1350;29;4258.00;299
10752;25;21808066;10752;609;12105;12403;4.23;0.26;367.51;15.64;1353;29;4259.00;298
10753;25;21808096;10753;601;12108;12403;4.26;0.26;367.53;15.64;1355;29;4260.00;295
10754;25;21808115;10754;607;12108;12403;4.26;0.26;367.58;15.64;1354;29;4261.00;295
10758;25;21808133;10758;610;12108;12403;4.21;0.26;367.67;15.64;1350;29;4262.00;295
10758;25;21808152;10758;624;12113;12409;4.23;0.26;367.67;15.64;1355;29;4263.00;296
10758;25;21808171;10758;621;12113;12409;4.24;0.26;367.67;15.64;1355;29;4264.00;296
10760;25;21808190;10760;620;12113;12409;4.23;0.26;367.73;15.64;1353;29;4265.00;296
10762;25;21808209;10762;624;12115;12412;4.22;0.26;367.74;15.63;1353;29;4266.00;297
10765;25;21808229;10765;618;12116;12412;4.22;0.26;367.81;15.63;1351;29;4267.00;296
10768;25;21808245;10768;611;12116;12412;4.20;0.26;367.84;15.63;1348;29;4268.00;296
10773;25;21808262;10773;604;12116;12413;4.16;0.25;368.06;15.63;1343;29;4269.00;297
10774;25;21808278;10774;602;12117;12414;4.15;0.25;368.14;15.63;1343;29;4270.00;297
10776;25;21808294;10776;590;12117;12414;4.15;0.25;368.18;15.63;1341;29;4271.00;297
10777;25;21808309;10777;589;12126;12427;4.22;0.26;368.24;15.62;1349;29;4272.00;301
10779;25;21808325;10779;580;12126;12427;4.24;0.26;368.24;15.62;1347;29;4273.00;301
10781;25;21808340;10781;573;12126;12427;4.24;0.26;368.22;15.62;1345;29;4274.00;301
10784;25;21808355;10784;569;12128;12429;4.26;0.26;368.25;15.62;1344;29;4275.00;301
10786;25;21808370;10786;570;12128;12429;4.25;0.26;368.25;15.62;1342;29;4276.00;301
10788;25;21808386;10788;565;12132;12433;4.26;0.26;368.30;15.61;1344;29;4277.00;301
10790;25;21808400;10790;562;12132;12433;4.22;0.26;368.32;15.61;1342;29;4278.00;301
10791;25;21808416;10791;563;12135;12437;4.23;0.26;368.31;15.61;1344;29;4279.00;302
10792;25;21808432;10792;570;12135;12437;4.23;0.26;368.34;15.61;1343;29;4280.00;302
10793;25;21808448;10793;563;12135;12437;4.22;0.26;368.31;15.61;1342;29;4281.00;302
10795;25;21808463;10795;569;12135;12437;4.13;0.25;368.31;15.61;1340;29;4282.00;302
10795;25;21808480;10795;564;12135;12437;4.12;0.25;368.31;15.61;1340;29;4283.00;302
10799;25;21808498;10799;563;12145;12449;4.17;0.25;368.33;15.59;1346;29;4284.00;304
10804;25;21808516;10804;560;12145;12449;4.15;0.25;368.31;15.59;1341;29;4285.00;304
10806;25;21808533;10806;566;12146;12449;4.13;0.25;368.36;15.59;1340;29;4286.00;303
10807;25;21808551;10807;578;12146;12449;4.16;0.25;368.33;15.59;1339;29;4287.00;303
10808;25;21808569;10808;569;12146;12449;4.14;0.25;368.37;15.59;1338;29;4288.00;303
10810;25;21808587;10810;568;12146;12449;4.12;0.25;368.35;15.59;1336;29;4289.00;303
10812;25;21808607;10812;566;12146;12450;4.14;0.25;368.30;15.59;1334;29;4290.00;304
10814;25;21808625;10814;569;12146;12450;4.12;0.25;368.25;15.59;1332;29;4291.00;304
10817;25;21808641;10817;561;12151;12456;4.14;0.25;368.31;15.59;1334;29;4292.00;305
10818;25;21808657;10818;555;12152;12457;4.15;0.25;368.29;15.59;1334;29;4293.00;305
10818;25;21808672;10818;544;12152;12457;4.16;0.25;368.29;15.59;1334;29;4294.00;305
10821;25;21808687;10821;543;12152;12457;4.14;0.25;368.27;15.59;1331;29;4295.00;305
10822;25;21808702;10822;537;12155;12461;4.21;0.26;368.27;15.65;1333;29;4296.00;306
10824;25;21808718;10824;534;12155;12461;4.23;0.26;368.29;15.65;1331;29;4297.00;306
10825;25;21808732;10825;524;12155;12461;4.29;0.26;368.26;15.65;1330;29;4298.00;306
10829;25;21808747;10829;520;12156;12462;4.33;0.26;368.21;15.65;1327;29;4299.00;306
10833;25;21808765;10833;521;12159;12466;4.34;0.26;368.25;15.65;1326;29;4300.00;307
10834;25;21808789;10834;518;12159;12466;4.36;0.26;368.24;15.65;1325;29;4301.00;307
10834;25;21808807;10834;525;12161;12469;4.39;0.27;368.24;15.64;1327;29;4302.00;308
10836;25;21808826;10836;521;12162;12469;4.37;0.27;368.19;15.64;1326;29;4303.00;307
10838;25;21808845;10838;510;12162;12469;4.34;0.26;368.19;15.64;1324;29;4304.00;307
10840;25;21808865;10840;511;12163;12469;4.32;0.26;368.16;15.72;1323;29;4305.00;306
10841;25;21808886;10841;499;12167;12473;4.36;0.26;368.16;15.72;1326;29;4306.00;306
10845;25;21808904;10845;483;12167;12473;4.39;0.27;368.09;15.72;1322;29;4307.00;306
10845;25;21808923;10845;468;12167;12473;4.43;0.27;368.09;15.72;1322;29;4308.00;306
10847;25;21808942;10847;457;12167;12473;4.46;0.27;368.11;15.72;1320;29;4309.00;306
10849;25;21808963;10849;448;12167;12474;4.55;0.28;368.08;15.72;1318;29;4310.00;307
10849;25;21808981;10849;447;12168;12475;4.63;0.28;368.08;15.71;1319;29;4311.00;307
10852;25;21809000;10852;444;12168;12475;4.64;0.28;368.05;15.71;1316;29;4312.00;307
10853;25;21809027;10853;448;12170;12476;4.71;0.28;368.07;15.72;1317;29;4313.00;306
10853;25;21809046;10853;442;12170;12476;4.79;0.29;368.07;15.72;1317;29;4314.00;306
10854;25;21809066;10854;443;12170;12476;4.82;0.29;368.05;15.72;1316;29;4315.00;306
10854;25;21809083;10854;439;12171;12476;4.89;0.30;368.05;15.72;1317;29;4316.00;305
10854;25;21809103;10854;441;12172;12476;4.91;0.30;368.05;15.73;1318;29;4317.00;304
10855;25;21809121;10855;440;12172;12476;4.93;0.30;368.05;15.73;1317;29;4318.00;304
10858;25;21809145;10858;447;12172;12476;4.98;0.30;368.00;15.73;1314;29;4319.00;304
10860;25;21809163;10860;480;12269;12706;5.29;0.33;367.97;15.61;1409;29;4320.00;437
10861;25;21809204;10861;464;12274;12707;5.23;0.33;367.95;15.67;1413;29;4321.00;433
10863;25;21809224;10863;450;12286;12707;5.25;0.33;367.95;15.67;1423;29;4322.00;421
10863;25;21809244;10863;453;12292;12707;5.21;0.32;367.95;15.66;1429;29;4323.00;415
10865;25;21809261;10865;444;12303;12707;5.19;0.32;367.94;15.65;1438;29;4324.00;404
10867;25;21809278;10867;440;12308;12707;5.17;0.32;367.89;15.65;1441;29;4325.00;399
10867;25;21809296;10867;441;12315;12707;5.15;0.32;367.89;15.80;1448;29;4326.00;392
10872;25;21809316;10872;447;12324;12707;5.12;0.32;367.92;15.79;1452;29;4327.00;383
10874;25;21809335;10874;453;12330;12708;5.17;0.32;367.95;15.79;1456;29;4328.00;378
10874;25;21809354;10874;456;12336;12709;5.22;0.32;367.95;15.86;1462;29;4329.00;373
10879;25;21809374;10879;473;12341;12709;5.20;0.32;368.02;15.85;1462;29;4330.00;368
10880;25;21809395;10880;472;12344;12710;5.18;0.32;368.10;15.85;1464;29;4331.00;366
10882;25;21809414;10882;492;12346;12710;5.12;0.32;368.08;15.93;1464;29;4332.00;364
10882;25;21809438;10882;493;12349;12710;5.06;0.31;368.08;15.93;1467;29;4333.00;361
10886;25;21809470;10886;501;12352;12710;4.97;0.31;368.11;16.01;1466;29;4334.00;358
10889;25;21809489;10889;507;12356;12714;4.92;0.30;368.13;16.00;1467;29;4335.00;358
10891;25;21809509;10891;513;12358;12714;4.86;0.30;368.20;16.00;1467;29;4336.00;356
10891;25;21809528;10891;525;12359;12714;4.83;0.30;368.20;16.08;1468;29;4337.00;355
10895;25;21809547;10895;533;12362;12717;4.77;0.29;368.31;16.08;1467;29;4338.00;355
10897;25;21809566;10897;541;12363;12717;4.72;0.29;368.31;16.08;1466;29;4339.00;354
10897;25;21809584;10897;558;12365;12717;4.69;0.29;368.31;16.15;1468;29;4340.00;352
10900;25;21809601;10900;558;12371;12721;4.67;0.29;368.27;16.15;1471;29;4341.00;350
10902;25;21809618;10902;565;12372;12722;4.72;0.29;368.24;16.15;1470;29;4342.00;350
10905;25;21809634;10905;577;12374;12722;4.74;0.29;368.24;16.23;1469;29;4343.00;348
10908;25;21809651;10908;586;12377;12726;4.77;0.29;368.30;16.22;1469;29;4344.00;349
10909;25;21809669;10909;585;12380;12726;4.80;0.29;368.28;16.22;1471;29;4345.00;346
10911;25;21809686;10911;588;12383;12726;4.81;0.29;368.25;16.30;1472;29;4346.00;343
10911;25;21809703;10911;594;12383;12727;4.83;0.29;368.25;16.30;1472;29;4347.00;344
10912;25;21809720;10912;589;12385;12727;4.83;0.30;368.30;16.30;1473;29;4348.00;342
10913;25;21809738;10913;587;12391;12733;4.86;0.30;368.28;16.37;1478;29;4349.00;342
10915;25;21809764;10915;574;12393;12733;4.86;0.30;368.28;16.38;1478;29;4350.00;340
10917;25;21809799;10917;569;12393;12734;4.86;0.30;368.36;16.38;1476;29;4351.00;341
10920;25;21809843;10920;571;12396;12734;4.84;0.30;368.42;16.53;1476;29;4352.00;338
10922;25;21809866;10922;569;12400;12734;4.82;0.29;368.47;16.68;1478;29;4353.00;334
10926;25;21809887;10926;564;12402;12734;4.78;0.29;368.50;16.68;1476;29;4354.00;332
10930;25;21809906;10930;567;12405;12734;4.71;0.29;368.49;16.83;1475;29;4355.00;329
10932;25;21809923;10932;568;12417;12746;4.74;0.29;368.48;16.90;1485;29;4356.00;329
10934;25;21809942;10934;567;12419;12746;4.74;0.29;368.51;16.97;1485;29;4357.00;327
10936;25;21809959;10936;566;12421;12746;4.74;0.29;368.50;16.97;1485;29;4358.00;325
10937;25;21809977;10937;564;12422;12746;4.76;0.29;368.53;16.97;1485;29;4359.00;324
10939;25;21809995;10939;570;12425;12746;4.76;0.29;368.55;17.12;1486;29;4360.00;321
10941;25;21810015;10941;575;12428;12746;4.75;0.29;368.57;17.19;1487;29;4361.00;318
10943;25;21810035;10943;581;12432;12750;4.72;0.29;368.55;17.26;1489;29;4362.00;318
10948;25;21810066;10948;585;12434;12750;4.71;0.29;368.68;17.33;1486;29;4363.00;316
10951;25;21810086;10951;585;12438;12754;4.71;0.29;368.62;17.40;1487;29;4364.00;316
10953;25;21810106;10953;591;12442;12756;4.69;0.29;368.64;17.47;1489;29;4365.00;314
10956;25;21810131;10956;601;12443;12756;4.63;0.28;368.61;17.47;1487;29;4366.00;313
10959;25;21810151;10959;601;12446;12756;4.57;0.28;368.58;17.54;1487;29;4367.00;310
10961;25;21810171;10961;605;12455;12769;4.54;0.28;368.58;17.59;1494;29;4368.00;314
10965;25;21810195;10965;608;12458;12769;4.53;0.28;368.56;17.67;1493;29;4369.00;311
10969;25;21810216;10969;613;12458;12769;4.50;0.28;368.58;17.67;1489;29;4370.00;311
10971;25;21810236;10971;609;12461;12770;4.45;0.27;368.66;17.73;1490;29;4371.00;309
10974;25;21810255;10974;602;12462;12771;4.40;0.27;368.70;17.80;1488;29;4372.00;309
10977;25;21810273;10977;615;12464;12771;4.35;0.27;368.74;17.87;1487;29;4373.00;307
10980;25;21810289;10980;617;12468;12774;4.30;0.26;368.84;17.93;1488;29;4374.00;306
10984;25;21810306;10984;614;12468;12774;4.24;0.26;368.83;17.93;1484;29;4375.00;306
10987;25;21810323;10987;615;12468;12774;4.24;0.26;368.80;17.93;1481;29;4376.00;306
10991;25;21810339;10991;607;12468;12774;4.21;0.26;368.96;17.93;1477;29;4377.00;306
10997;25;21810355;10997;608;12473;12780;4.20;0.26;369.01;17.92;1476;29;4378.00;307
11000;25;21810372;11000;606;12473;12780;4.18;0.26;369.02;17.92;1473;29;4379.00;307
11003;25;21810391;11003;604;12473;12780;4.17;0.26;369.16;17.92;1470;29;4380.00;307
11006;25;21810410;11006;607;12473;12780;4.20;0.26;369.26;17.92;1467;29;4381.00;307
11008;25;21810426;11008;602;12476;12784;4.18;0.26;369.26;17.92;1468;29;4382.00;308
11013;25;21810455;11013;603;12477;12785;4.15;0.25;369.45;17.92;1464;29;4383.00;308
11018;25;21810474;11018;597;12477;12785;4.16;0.25;369.44;17.92;1459;29;4384.00;308
11021;25;21810499;11021;585;12478;12786;4.16;0.25;369.46;17.92;1457;29;4385.00;308
11024;25;21810516;11024;587;12478;12786;4.18;0.26;369.49;17.92;1454;29;4386.00;308
11027;25;21810534;11027;582;12478;12786;4.17;0.26;369.55;17.92;1451;29;4387.00;308
11032;25;21810550;11032;580;12478;12786;4.16;0.25;369.70;17.92;1446;29;4388.00;308
11036;25;21810568;11036;586;12478;12786;4.12;0.25;369.79;17.92;1442;29;4389.00;308
11039;25;21810584;11039;583;12478;12786;4.11;0.25;369.80;17.92;1439;29;4390.00;308
11040;25;21810601;11040;592;12478;12786;4.13;0.25;369.81;17.92;1438;29;4391.00;308
11044;25;21810617;11044;604;12514;12856;4.23;0.26;369.84;17.87;1470;29;4392.00;342
11047;25;21810640;11047;602;12515;12857;4.26;0.26;369.96;17.86;1468;29;4393.00;342
11050;25;21810656;11050;590;12519;12857;4.31;0.26;369.91;17.86;1469;29;4394.00;338
11055;25;21810672;11055;594;12522;12857;4.29;0.26;369.88;17.86;1467;29;4395.00;335
11058;25;21810689;11058;588;12525;12857;4.30;0.26;369.86;17.85;1467;29;4396.00;332
11063;25;21810705;11063;600;12528;12857;4.27;0.26;369.96;17.85;1465;29;4397.00;329
11066;25;21810723;11066;605;12531;12857;4.26;0.26;370.05;17.85;1465;29;4398.00;326
11072;25;21810740;11072;606;12534;12857;4.21;0.26;370.20;17.84;1462;29;4399.00;323
11076;25;21810759;11076;606;12536;12858;4.19;0.26;370.32;17.84;1460;29;4400.00;322
11082;25;21810781;11082;609;12538;12859;4.12;0.25;370.39;17.84;1456;29;4401.00;321
11086;25;21810798;11086;615;12540;12859;4.06;0.25;370.48;17.84;1454;29;4402.00;319
11090;25;21810815;11090;623;12544;12863;4.03;0.25;370.62;17.84;1454;29;4403.00;319
11094;25;21810832;11094;639;12544;12863;4.00;0.25;370.72;17.84;1450;29;4404.00;319
11099;25;21810849;11099;643;12544;12863;3.97;0.24;370.79;17.84;1445;29;4405.00;319
11103;25;21810865;11103;646;12545;12863;3.94;0.24;370.78;17.83;1442;29;4406.00;318
11110;25;21810880;11110;645;12550;12869;3.92;0.24;370.87;17.83;1440;29;4407.00;319
11110;25;21810898;11110;638;12550;12869;3.95;0.24;370.87;17.83;1440;29;4408.00;319
11115;25;21810914;11115;639;12550;12869;3.93;0.24;370.90;17.83;1435;29;4409.00;319
11116;25;21810931;11116;638;12554;12875;3.98;0.24;370.94;17.82;1438;29;4410.00;321
11118;25;21810947;11118;634;12554;12875;3.95;0.24;370.92;17.82;1436;29;4411.00;321
11121;25;21810963;11121;633;12556;12875;3.93;0.24;371.08;17.82;1435;29;4412.00;319
11125;25;21810979;11125;632;12556;12876;3.87;0.24;371.09;17.82;1431;29;4413.00;320
11127;25;21811003;11127;631;12557;12877;3.84;0.23;371.05;17.82;1430;29;4414.00;320
11133;25;21811026;11133;627;12558;12877;3.77;0.23;371.05;17.82;1425;29;4415.00;319
11135;25;21811041;11135;635;12570;12890;3.82;0.23;371.19;17.80;1435;29;4416.00;320
11137;25;21811057;11137;635;12570;12890;3.79;0.23;371.15;17.80;1433;29;4417.00;320
11142;25;21811072;11142;643;12571;12890;3.70;0.23;371.27;17.80;1429;29;4418.00;319
11144;25;21811088;11144;644;12573;12891;3.63;0.22;371.24;17.80;1429;29;4419.00;318
11147;25;21811104;11147;645;12573;12891;3.56;0.22;371.19;17.80;1426;29;4420.00;318
11149;25;21811119;11149;647;12577;12895;3.51;0.21;371.35;17.80;1428;29;4421.00;318
11150;25;21811136;11150;645;12577;12895;3.48;0.21;371.39;17.80;1427;29;4422.00;318
11152;25;21811152;11152;636;12580;12899;3.50;0.21;371.38;17.79;1428;29;4423.00;319
11153;25;21811168;11153;640;12580;12899;3.50;0.21;371.48;17.79;1427;29;4424.00;319
11154;25;21811184;11154;633;12580;12899;3.50;0.21;371.52;17.79;1426;29;4425.00;319
11155;25;21811200;11155;626;12580;12899;3.48;0.21;371.59;17.79;1425;29;4426.00;319
11157;25;21811216;11157;637;12580;12899;3.49;0.21;371.67;17.79;1423;29;4427.00;319
11160;25;21811232;11160;625;12590;12911;3.59;0.22;371.81;17.78;1430;29;4428.00;321
11162;25;21811249;11162;631;12590;12911;3.61;0.22;371.82;17.78;1428;29;4429.00;321
11165;25;21811265;11165;631;12591;12911;3.64;0.22;371.88;17.78;1426;29;4430.00;320
11166;25;21811289;11166;612;12591;12911;3.69;0.22;371.87;17.78;1425;29;4431.00;320
11167;25;21811306;11167;605;12591;12911;3.76;0.23;371.92;17.78;1424;29;4432.00;320
11168;25;21811323;11168;598;12591;12911;3.83;0.23;371.97;17.78;1423;29;4433.00;320
11173;25;21811346;11173;594;12591;12912;3.86;0.23;371.94;17.78;1418;29;4434.00;321
11175;25;21811364;11175;586;12591;12912;3.92;0.24;371.92;17.78;1416;29;4435.00;321
11176;25;21811380;11176;585;12596;12918;4.04;0.25;371.90;17.77;1420;29;4436.00;322
11179;25;21811397;11179;577;12597;12919;4.09;0.25;371.97;17.77;1418;29;4437.00;322
11183;25;21811414;11183;577;12597;12919;4.13;0.25;371.95;17.77;1414;29;4438.00;322
11184;25;21811431;11184;575;12597;12919;4.20;0.26;371.96;17.77;1413;29;4439.00;322
11185;25;21811449;11185;585;12601;12924;4.22;0.26;371.94;17.76;1416;29;4440.00;323
11187;25;21811465;11187;587;12601;12924;4.26;0.26;371.97;17.76;1414;29;4441.00;323
11190;25;21811482;11190;578;12601;12924;4.28;0.26;371.92;17.76;1411;29;4442.00;323
11191;25;21811498;11191;578;12602;12925;4.33;0.26;371.90;17.76;1411;29;4443.00;323
11195;25;21811515;11195;573;12605;12929;4.32;0.26;371.91;17.76;1410;29;4444.00;324
11198;25;21811533;11198;565;12605;12929;4.35;0.27;371.85;17.76;1407;29;4445.00;324
11198;25;21811549;11198;575;12607;12932;4.37;0.27;371.85;17.76;1409;29;4446.00;325
11201;25;21811566;11201;564;12607;12932;4.33;0.26;371.79;17.76;1406;29;4447.00;325
11204;25;21811583;11204;564;12608;12932;4.32;0.26;371.74;17.76;1404;29;4448.00;324
11206;25;21811600;11206;566;12608;12932;4.30;0.26;371.79;17.76;1402;29;4449.00;324
11208;25;21811617;11208;569;12612;12936;4.27;0.26;371.83;17.75;1404;29;4450.00;324
11211;25;21811634;11211;571;12612;12936;4.22;0.26;371.78;17.75;1401;29;4451.00;324
11213;25;21811652;11213;574;12612;12936;4.19;0.25;371.72;17.75;1399;29;4452.00;324
11216;25;21811669;11216;569;12612;12936;4.16;0.25;371.66;17.75;1396;29;4453.00;324
11216;25;21811686;11216;571;12612;12937;4.10;0.25;371.66;17.75;1396;29;4454.00;325
11217;25;21811703;11217;572;12614;12939;4.09;0.25;371.69;17.75;1397;29;4455.00;325
11218;25;21811721;11218;581;12614;12939;4.07;0.25;371.68;17.75;1396;29;4456.00;325
11218;25;21811738;11218;580;12615;12940;4.06;0.25;371.68;17.75;1397;29;4457.00;325
11220;25;21811754;11220;582;12615;12940;4.06;0.25;371.65;17.75;1395;29;4458.00;325
11221;25;21811770;11221;593;12615;12940;4.05;0.25;371.63;17.75;1394;29;4459.00;325
11222;25;21811795;11222;592;12615;12940;4.00;0.24;371.62;17.75;1393;29;4460.00;325
11222;25;21811816;11222;593;12616;12940;4.01;0.24;371.62;17.82;1394;29;4461.00;324
11225;25;21811839;11225;594;12616;12940;4.00;0.24;371.71;17.82;1391;29;4462.00;324
11226;25;21811860;11226;582;12616;12940;4.02;0.24;371.69;17.82;1390;29;4463.00;324
11227;25;21811884;11227;584;12678;13067;4.29;0.26;371.67;17.73;1451;29;4464.00;389
11228;25;21811915;11228;572;12678;13068;4.31;0.26;371.65;17.73;1450;29;4465.00;390
11229;25;21811933;11229;557;12686;13068;4.43;0.27;371.62;17.72;1457;29;4466.00;382
11229;25;21811952;11229;549;12689;13068;4.51;0.28;371.62;17.72;1460;29;4467.00;379
11230;25;21811969;11230;537;12694;13068;4.57;0.28;371.62;17.71;1464;29;4468.00;374
11230;25;21811988;11230;532;12696;13068;4.62;0.28;371.62;17.71;1466;29;4469.00;372
11231;25;21812008;11231;526;12699;13068;4.69;0.29;371.62;17.71;1468;29;4470.00;369
11232;25;21812026;11232;522;12702;13068;4.78;0.29;371.65;17.71;1470;29;4471.00;366
11233;25;21812051;11233;518;12704;13069;4.81;0.29;371.64;17.70;1471;29;4472.00;365
11234;25;21812076;11234;518;12708;13070;4.87;0.30;371.70;17.70;1474;29;4473.00;362
11236;25;21812094;11236;518;12711;13070;4.90;0.30;371.70;17.70;1475;29;4474.00;359
11239;25;21812112;11239;513;12713;13071;4.91;0.30;371.70;17.70;1474;29;4475.00;358
11240;25;21812130;11240;520;12715;13071;4.93;0.30;371.70;17.70;1475;29;4476.00;356
11243;25;21812148;11243;518;12716;13071;4.90;0.30;371.79;17.76;1473;29;4477.00;355
11245;25;21812166;11245;522;12718;13071;4.87;0.30;371.80;17.76;1473;29;4478.00;353
11246;25;21812185;11246;520;12722;13075;4.90;0.30;371.80;17.76;1476;29;4479.00;353
11249;25;21812203;11249;506;12727;13075;4.88;0.30;371.85;17.91;1478;29;4480.00;348
11251;25;21812226;11251;499;12727;13075;4.84;0.29;371.85;17.91;1476;29;4481.00;348
11251;25;21812244;11251;498;12730;13078;4.86;0.30;371.85;17.91;1479;29;4482.00;348
11255;25;21812262;11255;486;12731;13078;4.84;0.29;371.94;17.91;1476;29;4483.00;347
11257;25;21812281;11257;483;12732;13078;4.86;0.30;371.93;17.91;1475;29;4484.00;346
11258;25;21812299;11258;487;12737;13082;4.85;0.30;371.91;17.91;1479;29;4485.00;345
11263;25;21812325;11263;482;12738;13083;4.82;0.29;372.07;17.91;1475;29;4486.00;345
11265;25;21812344;11265;480;12738;13083;4.78;0.29;372.08;17.91;1473;29;4487.00;345
11267;25;21812362;11267;466;12742;13087;4.79;0.29;372.25;17.97;1475;29;4488.00;345
11268;25;21812381;11268;467;12742;13087;4.79;0.29;372.29;17.97;1474;29;4489.00;345
11271;25;21812399;11271;468;12742;13087;4.82;0.29;372.30;17.97;1471;29;4490.00;345
11273;25;21812417;11273;460;12743;13088;4.84;0.29;372.27;17.97;1470;29;4491.00;345
11276;25;21812435;11276;464;12743;13088;4.84;0.29;372.22;17.97;1467;29;4492.00;345
11279;25;21812452;11279;473;12747;13094;4.90;0.30;372.18;17.96;1468;29;4493.00;347
11281;25;21812471;11281;478;12747;13094;4.88;0.30;372.13;17.96;1466;29;4494.00;347
11285;25;21812489;11285;478;12747;13095;4.85;0.29;372.15;17.96;1462;29;4495.00;348
11288;25;21812506;11288;486;12747;13095;4.82;0.29;372.17;17.96;1459;29;4496.00;348
11293;25;21812524;11293;484;12748;13095;4.76;0.29;372.14;17.96;1455;29;4497.00;347
11293;25;21812542;11293;472;12750;13095;4.72;0.29;372.14;17.97;1457;29;4498.00;345
11295;25;21812559;11295;479;12750;13095;4.68;0.28;372.18;17.97;1455;29;4499.00;345
11299;25;21812579;11299;490;12772;13145;4.70;0.29;372.26;17.94;1473;29;4500.00;373
11301;25;21812607;11301;488;12772;13147;4.67;0.28;372.24;17.94;1471;29;4501.00;375
11302;25;21812626;11302;489;12778;13147;4.71;0.29;372.23;17.93;1476;29;4502.00;369
11303;25;21812643;11303;497;12779;13147;4.75;0.29;372.26;17.93;1476;29;4503.00;368
11304;26;21812662;11304;497;12781;13147;4.74;0.29;372.29;17.93;1477;30;4504.00;366
11306;26;21812700;11306;506;12782;13147;4.78;0.29;372.31;17.94;1476;30;4505.00;365
11308;26;21812724;11308;508;12790;13151;4.77;0.29;372.34;18.09;1482;30;4506.00;361
11309;26;21812748;11309;509;12791;13151;4.77;0.29;372.36;18.09;1482;30;4507.00;360
11310;26;21812768;11310;503;12797;13155;4.80;0.29;372.47;18.24;1487;30;4508.00;358
11314;26;21812787;11314;506;12800;13156;4.83;0.29;372.48;18.24;1486;30;4509.00;356
11319;26;21812805;11319;516;12803;13156;4.80;0.29;372.52;18.31;1484;30;4510.00;353
11320;26;21812822;11320;521;12805;13156;4.76;0.29;372.54;18.39;1485;30;4511.00;351
11321;26;21812839;11321;530;12818;13169;4.78;0.29;372.60;18.44;1497;30;4512.00;351
11325;26;21812859;11325;528;12818;13169;4.74;0.29;372.64;18.44;1493;30;4513.00;351
11327;26;21812875;11327;541;12822;13169;4.70;0.29;372.61;18.52;1495;30;4514.00;347
11329;26;21812894;11329;538;12824;13170;4.67;0.28;372.67;18.59;1495;30;4515.00;346
11332;26;21812912;11332;536;12825;13171;4.67;0.28;372.75;18.66;1493;30;4516.00;346
11334;26;21812932;11334;541;12828;13171;4.67;0.28;372.81;18.80;1494;30;4517.00;343
11337;26;21812954;11337;540;12831;13174;4.67;0.28;372.92;18.87;1494;30;4518.00;343
11338;26;21812974;11338;548;12831;13174;4.72;0.29;372.93;18.87;1493;30;4519.00;343
11340;26;21812998;11340;557;12833;13174;4.73;0.29;372.95;18.87;1493;30;4520.00;341
11343;26;21813019;11343;554;12836;13174;4.68;0.29;373.11;19.09;1493;30;4521.00;338
11345;26;21813039;11345;567;12840;13180;4.68;0.29;373.07;19.08;1495;30;4522.00;340
11348;26;21813067;11348;574;12842;13180;4.62;0.28;373.08;19.16;1494;30;4523.00;338
11351;26;21813087;11351;572;12842;13180;4.59;0.28;373.11;19.16;1491;30;4524.00;338
11351;26;21813106;11351;566;12844;13180;4.59;0.28;373.11;19.23;1493;30;4525.00;336
11356;26;21813128;11356;569;12848;13184;4.54;0.28;373.18;19.30;1492;30;4526.00;336
11357;26;21813150;11357;564;12850;13185;4.53;0.28;373.23;19.37;1493;30;4527.00;335
11362;26;21813171;11362;563;12852;13185;4.50;0.27;373.15;19.51;1490;30;4528.00;333
11365;26;21813191;11365;567;12854;13186;4.46;0.27;373.16;19.51;1489;30;4529.00;332
11365;26;21813214;11365;561;12856;13186;4.44;0.27;373.16;19.64;1491;30;4530.00;330
11369;26;21813233;11369;569;12858;13186;4.41;0.27;373.29;19.71;1489;30;4531.00;328
11369;26;21813252;11369;568;12858;13186;4.40;0.27;373.29;19.71;1489;30;4532.00;328
11372;26;21813271;11372;568;12858;13186;4.40;0.27;373.38;19.71;1486;30;4533.00;328
11372;26;21813290;11372;570;12860;13186;4.41;0.27;373.38;19.78;1488;30;4534.00;326
11375;26;21813309;11375;565;12861;13186;4.43;0.27;373.47;19.85;1486;30;4535.00;325
11379;26;21813327;11379;567;12903;13256;4.50;0.28;373.65;19.91;1524;30;4536.00;353
11381;26;21813352;11381;560;12907;13257;4.50;0.28;373.61;19.98;1526;30;4537.00;350
11384;26;21813370;11384;550;12912;13257;4.53;0.28;373.67;19.98;1528;30;4538.00;345
11387;26;21813389;11387;559;12914;13257;4.53;0.28;373.70;20.03;1527;30;4539.00;343
11391;26;21813406;11391;571;12917;13257;4.48;0.27;373.78;20.10;1526;30;4540.00;340
11396;26;21813426;11396;578;12918;13257;4.46;0.27;373.81;20.16;1522;30;4541.00;339
11402;26;21813444;11402;582;12924;13257;4.40;0.27;373.89;20.23;1522;30;4542.00;333
11404;26;21813461;11404;589;12926;13257;4.35;0.27;373.90;20.23;1522;30;4543.00;331
11409;26;21813479;11409;592;12931;13258;4.35;0.26;373.97;20.29;1522;30;4544.00;327
11414;26;21813502;11414;590;12935;13260;4.28;0.26;374.07;20.36;1521;30;4545.00;325
11416;26;21813520;11416;600;12937;13260;4.23;0.26;374.07;20.41;1521;30;4546.00;323
11422;26;21813539;11422;601;12941;13264;4.15;0.25;374.19;20.48;1519;30;4547.00;323
11426;26;21813560;11426;608;12942;13264;4.07;0.25;374.17;20.48;1516;30;4548.00;322
11431;26;21813578;11431;610;12945;13264;4.01;0.24;374.22;20.55;1514;30;4549.00;319
11436;26;21813599;11436;612;12946;13264;3.97;0.24;374.23;20.55;1510;30;4550.00;318
11439;26;21813618;11439;614;12950;13270;3.96;0.24;374.27;20.54;1511;30;4551.00;320
11444;26;21813636;11444;616;12951;13270;3.95;0.24;374.38;20.54;1507;30;4552.00;319
11444;26;21813653;11444;612;12952;13270;3.93;0.24;374.38;20.54;1508;30;4553.00;318
11447;26;21813671;11447;621;12953;13273;3.91;0.24;374.47;20.54;1506;30;4554.00;320
11452;26;21813688;11452;619;12953;13273;3.89;0.24;374.51;20.54;1501;30;4555.00;320
11454;26;21813705;11454;620;12954;13273;3.88;0.24;374.61;20.54;1500;30;4556.00;319
11461;26;21813721;11461;614;12954;13274;3.86;0.23;374.84;20.54;1493;30;4557.00;320
11465;26;21813739;11465;616;12956;13275;3.81;0.23;374.94;20.53;1491;30;4558.00;319
11466;26;21813756;11466;614;12956;13275;3.77;0.23;374.92;20.53;1490;30;4559.00;319
11470;26;21813774;11470;619;12971;13301;3.82;0.23;375.11;20.51;1501;30;4560.00;330
11474;26;21813802;11474;614;12973;13301;3.78;0.23;375.22;20.51;1499;30;4561.00;328
11477;26;21813826;11477;606;12975;13301;3.75;0.23;375.21;20.51;1498;30;4562.00;326
11480;26;21813849;11480;602;12976;13302;3.73;0.23;375.31;20.51;1496;30;4563.00;326
11486;26;21813871;11486;611;12977;13302;3.67;0.22;375.43;20.50;1491;30;4564.00;325
11488;26;21813893;11488;611;12980;13306;3.67;0.22;375.42;20.50;1492;30;4565.00;326
11494;26;21813912;11494;618;12980;13306;3.61;0.22;375.49;20.50;1486;30;4566.00;326
11496;26;21813930;11496;615;12982;13310;3.59;0.22;375.49;20.50;1486;30;4567.00;328
11501;26;21813948;11501;627;12984;13310;3.51;0.21;375.58;20.50;1483;30;4568.00;326
11502;26;21813965;11502;633;12984;13310;3.48;0.21;375.59;20.50;1482;30;4569.00;326
11508;26;21813982;11508;642;12986;13310;3.39;0.21;375.66;20.49;1478;30;4570.00;324
11510;26;21814000;11510;649;12987;13310;3.36;0.21;375.66;20.49;1477;30;4571.00;323
11513;26;21814019;11513;657;12997;13322;3.40;0.21;375.71;20.48;1484;30;4572.00;325
11517;26;21814039;11517;668;12999;13322;3.37;0.21;375.82;20.55;1482;30;4573.00;323
11519;26;21814058;11519;672;13000;13322;3.36;0.21;375.84;20.55;1481;30;4574.00;322
11526;26;21814078;11526;673;13001;13322;3.29;0.20;375.89;20.55;1475;30;4575.00;321
11528;26;21814098;11528;679;13001;13322;3.28;0.20;375.86;20.55;1473;30;4576.00;321
11532;26;21814116;11532;675;13001;13322;3.22;0.20;375.81;20.55;1469;30;4577.00;321
11538;26;21814134;11538;674;13001;13323;3.17;0.19;375.96;20.55;1463;30;4578.00;322
11543;26;21814152;11543;666;13001;13323;3.12;0.19;376.13;20.55;1458;30;4579.00;322
11548;26;21814171;11548;656;13006;13329;3.14;0.19;376.20;20.54;1458;30;4580.00;323
11551;26;21814192;11551;655;13006;13330;3.14;0.19;376.21;20.54;1455;30;4581.00;324
11557;26;21814213;11557;645;13007;13330;3.13;0.19;376.39;20.54;1450;30;4582.00;323
11563;26;21814230;11563;641;13007;13330;3.12;0.19;376.50;20.54;1444;30;4583.00;323
11567;26;21814249;11567;643;13010;13334;3.14;0.19;376.57;20.53;1443;30;4584.00;324
11571;26;21814269;11571;652;13010;13334;3.13;0.19;376.73;20.53;1439;30;4585.00;324
11574;26;21814286;11574;657;13010;13334;3.13;0.19;376.76;20.53;1436;30;4586.00;324
11580;26;21814307;11580;658;13011;13335;3.09;0.19;376.86;20.53;1431;30;4587.00;324
11584;26;21814328;11584;662;13014;13339;3.04;0.19;376.83;20.53;1430;30;4588.00;325
11590;26;21814346;11590;660;13014;13339;2.97;0.18;376.88;20.53;1424;30;4589.00;325
11592;26;21814366;11592;668;13018;13345;2.99;0.18;376.93;20.52;1426;30;4590.00;327
11594;26;21814390;11594;665;13019;13345;2.98;0.18;376.88;20.52;1425;30;4591.00;326
11595;26;21814410;11595;665;13020;13345;2.98;0.18;376.87;20.52;1425;30;4592.00;325
11601;26;21814428;11601;662;13020;13345;2.95;0.18;376.90;20.52;1419;30;4593.00;325
11602;26;21814446;11602;669;13024;13349;2.97;0.18;376.90;20.51;1422;30;4594.00;325
11606;26;21814475;11606;677;13024;13349;2.93;0.18;376.92;20.51;1418;30;4595.00;325
11606;26;21814501;11606;675;13024;13349;2.96;0.18;376.92;20.51;1418;30;4596.00;325
11608;26;21814523;11608;665;13024;13349;2.94;0.18;376.96;20.51;1416;30;4597.00;325
11611;26;21814541;11611;663;13024;13350;2.96;0.18;376.93;20.51;1413;30;4598.00;326
11612;26;21814558;11612;667;13025;13351;2.98;0.18;376.94;20.51;1413;30;4599.00;326
11618;26;21814580;11618;654;13025;13351;2.94;0.18;377.00;20.51;1407;30;4600.00;326
11620;26;21814604;11620;655;13026;13352;2.96;0.18;377.01;20.51;1406;30;4601.00;326
11626;26;21814622;11626;651;13026;13352;2.95;0.18;376.95;20.51;1400;30;4602.00;326
11629;26;21814639;11629;647;13026;13352;2.95;0.18;376.93;20.51;1397;30;4603.00;326
11633;26;21814656;11633;644;13026;13352;2.92;0.18;376.86;20.51;1393;30;4604.00;326
11633;26;21814674;11633;637;13026;13352;2.94;0.18;376.86;20.51;1393;30;4605.00;326
11634;26;21814699;11634;625;13026;13352;2.96;0.18;376.88;20.51;1392;30;4606.00;326
11637;26;21814717;11637;600;13026;13352;2.93;0.18;376.80;20.51;1389;30;4607.00;326
11639;26;21814735;11639;612;13093;13479;3.27;0.20;376.77;20.41;1454;30;4608.00;386
11640;26;21814764;11640;600;13095;13480;3.31;0.21;376.76;20.40;1455;30;4609.00;385
11642;26;21814783;11642;593;13103;13480;3.41;0.21;376.75;20.39;1461;30;4610.00;377
11644;26;21814802;11644;582;13105;13480;3.51;0.22;376.77;20.39;1461;30;4611.00;375
11646;26;21814821;11646;587;13110;13480;3.59;0.22;376.75;20.38;1464;30;4612.00;370
11647;26;21814840;11647;584;13113;13480;3.68;0.23;376.77;20.38;1466;30;4613.00;367
11648;26;21814862;11648;586;13115;13480;3.75;0.23;376.76;20.38;1467;30;4614.00;365
11650;26;21814881;11650;595;13118;13480;3.82;0.24;376.86;20.37;1468;30;4615.00;362
11651;26;21814907;11651;597;13121;13481;3.83;0.24;376.86;20.37;1470;30;4616.00;360
11652;26;21814926;11652;603;13125;13482;3.84;0.24;376.90;20.37;1473;30;4617.00;357
11657;26;21814945;11657;609;13127;13482;3.78;0.23;376.95;20.37;1470;30;4618.00;355
11658;26;21814962;11658;618;13128;13483;3.77;0.23;376.94;20.37;1470;30;4619.00;355
11659;26;21814981;11659;603;13132;13483;3.79;0.23;376.98;20.36;1473;30;4620.00;351
11661;26;21814998;11661;593;13135;13483;3.84;0.24;377.04;20.36;1474;30;4621.00;348
11661;26;21815016;11661;584;13136;13483;3.88;0.24;377.04;20.36;1475;30;4622.00;347
11663;26;21815033;11663;584;13140;13487;3.97;0.24;377.12;20.36;1477;30;4623.00;347
11663;26;21815051;11663;576;13143;13487;4.02;0.25;377.12;20.35;1480;30;4624.00;344
11666;26;21815068;11666;577;13145;13487;4.07;0.25;377.17;20.35;1479;30;4625.00;342
11666;26;21815085;11666;568;13147;13490;4.14;0.25;377.17;20.35;1481;30;4626.00;343
11666;26;21815109;11666;574;13148;13490;4.17;0.25;377.17;20.35;1482;30;4627.00;342
11666;26;21815125;11666;567;13149;13490;4.22;0.26;377.17;20.35;1483;30;4628.00;341
11666;26;21815143;11666;574;13153;13494;4.26;0.26;377.17;20.34;1487;30;4629.00;341
11667;26;21815162;11667;575;13155;13495;4.28;0.26;377.15;20.34;1488;30;4630.00;340
11668;26;21815182;11668;568;13155;13495;4.31;0.26;377.12;20.34;1487;30;4631.00;340
11669;26;21815201;11669;569;13158;13499;4.36;0.27;377.11;20.34;1489;30;4632.00;341
11670;26;21815219;11670;571;13159;13499;4.40;0.27;377.08;20.34;1489;30;4633.00;340
11670;26;21815237;11670;566;13160;13499;4.46;0.27;377.08;20.34;1490;30;4634.00;339
11670;26;21815255;11670;566;13162;13501;4.47;0.27;377.08;20.33;1492;30;4635.00;339
11674;26;21815273;11674;571;13162;13501;4.46;0.27;377.06;20.33;1488;30;4636.00;339
11675;26;21815292;11675;582;13167;13507;4.48;0.27;377.05;20.33;1492;30;4637.00;340
11678;26;21815311;11678;576;13167;13507;4.46;0.27;377.07;20.33;1489;30;4638.00;340
11678;26;21815329;11678;580;13167;13508;4.46;0.27;377.07;20.33;1489;30;4639.00;341
11680;26;21815348;11680;576;13167;13508;4.44;0.27;377.04;20.33;1487;30;4640.00;341
11682;26;21815366;11682;573;13167;13508;4.43;0.27;377.00;20.33;1485;30;4641.00;341
11685;26;21815385;11685;563;13167;13508;4.45;0.27;377.17;20.33;1482;30;4642.00;341
11686;26;21815403;11686;555;13167;13508;4.45;0.27;377.17;20.33;1481;30;4643.00;341
11687;26;21815421;11687;554;13177;13520;4.47;0.27;377.15;20.31;1490;30;4644.00;343
11689;26;21815440;11689;550;13178;13520;4.47;0.27;377.14;20.31;1489;30;4645.00;342
11690;26;21815460;11690;547;13178;13520;4.51;0.27;377.14;20.31;1488;30;4646.00;342
11693;26;21815477;11693;545;13178;13520;4.55;0.28;377.21;20.31;1485;30;4647.00;342
11695;26;21815496;11695;543;13178;13520;4.59;0.28;377.19;20.31;1483;30;4648.00;342
11697;26;21815515;11697;538;13178;13520;4.63;0.28;377.21;20.31;1481;30;4649.00;342
11700;26;21815534;11700;541;13183;13526;4.62;0.28;377.19;20.30;1483;30;4650.00;343
11704;26;21815553;11704;543;13183;13526;4.58;0.28;377.24;20.30;1479;30;4651.00;343
11706;26;21815571;11706;539;13187;13530;4.57;0.28;377.25;20.30;1481;30;4652.00;343
11707;26;21815590;11707;542;13188;13531;4.55;0.28;377.30;20.30;1481;30;4653.00;343
11712;26;21815608;11712;541;13188;13531;4.52;0.27;377.28;20.30;1476;30;4654.00;343
11716;26;21815626;11716;548;13188;13531;4.45;0.27;377.27;20.30;1472;30;4655.00;343
11717;26;21815644;11717;559;13200;13544;4.46;0.27;377.26;20.36;1483;30;4656.00;344
11723;26;21815664;11723;557;13200;13544;4.40;0.27;377.31;20.36;1477;30;4657.00;344
11725;26;21815683;11725;556;13200;13544;4.40;0.27;377.29;20.36;1475;30;4658.00;344
11726;26;21815700;11726;560;13201;13545;4.36;0.26;377.30;20.36;1475;30;4659.00;344
11729;26;21815719;11729;558;13201;13546;4.35;0.26;377.45;20.36;1472;30;4660.00;345
11731;26;21815737;11731;557;13201;13546;4.38;0.27;377.50;20.36;1470;30;4661.00;345
11731;26;21815754;11731;565;13203;13549;4.41;0.27;377.50;20.35;1472;30;4662.00;346
11734;26;21815773;11734;559;13204;13549;4.42;0.27;377.59;20.35;1470;30;4663.00;345
11735;26;21815799;11735;564;13204;13549;4.44;0.27;377.67;20.35;1469;30;4664.00;345
11737;26;21815822;11737;568;13204;13549;4.44;0.27;377.68;20.35;1467;30;4665.00;345
11740;26;21815848;11740;571;13209;13555;4.47;0.27;377.74;20.34;1469;30;4666.00;346
11744;26;21815871;11744;567;13209;13555;4.45;0.27;377.81;20.34;1465;30;4667.00;346
11747;26;21815894;11747;576;13209;13555;4.42;0.27;377.81;20.34;1462;30;4668.00;346
11753;26;21815914;11753;583;13209;13555;4.38;0.26;377.90;20.34;1456;30;4669.00;346
11756;26;21815932;11756;588;13212;13559;4.34;0.26;377.86;20.34;1456;30;4670.00;347
11756;26;21815950;11756;596;13213;13560;4.39;0.27;377.86;20.34;1457;30;4671.00;347
11756;26;21815968;11756;607;13213;13560;4.41;0.27;377.86;20.34;1457;30;4672.00;347
11759;26;21815985;11759;609;13214;13561;4.41;0.27;377.86;20.34;1455;30;4673.00;347
11761;26;21816003;11761;611;13214;13561;4.40;0.27;377.94;20.34;1453;30;4674.00;347
11763;26;21816021;11763;608;13214;13561;4.38;0.27;378.00;20.34;1451;30;4675.00;347
11764;26;21816039;11764;614;13214;13561;4.38;0.27;377.99;20.34;1450;30;4676.00;347
11766;26;21816057;11766;608;13214;13561;4.38;0.27;377.99;20.34;1448;30;4677.00;347
11767;26;21816075;11767;611;13214;13561;4.41;0.27;378.03;20.34;1447;30;4678.00;347
11768;26;21816094;11768;615;13214;13561;4.41;0.27;378.06;20.34;1446;30;4679.00;347
11771;26;21816113;11771;640;13275;13686;4.58;0.28;378.15;20.24;1504;30;4680.00;411
11772;26;21816139;11772;623;13279;13687;4.61;0.28;378.13;20.24;1507;30;4681.00;408
11773;26;21816157;11773;610;13287;13687;4.66;0.29;378.24;20.23;1514;30;4682.00;400
11777;26;21816175;11777;610;13288;13687;4.63;0.29;378.32;20.22;1511;30;4683.00;399
11780;26;21816196;11780;606;13293;13687;4.63;0.28;378.45;20.22;1513;30;4684.00;394
11783;26;21816214;11783;604;13294;13687;4.63;0.28;378.57;20.22;1511;30;4685.00;393
11785;26;21816231;11785;604;13301;13687;4.66;0.29;378.59;20.21;1516;30;4686.00;386
11786;26;21816249;11786;605;13303;13687;4.63;0.28;378.61;20.21;1517;30;4687.00;384
11789;26;21816267;11789;606;13308;13688;4.63;0.28;378.62;20.20;1519;30;4688.00;380
11793;26;21816285;11793;614;13312;13689;4.60;0.28;378.70;20.20;1519;30;4689.00;377
11795;26;21816304;11795;618;13316;13689;4.55;0.28;378.73;20.20;1521;30;4690.00;373
11796;26;21816323;11796;623;13321;13693;4.50;0.28;378.71;20.19;1525;30;4691.00;372
11801;26;21816347;11801;623;13323;13693;4.46;0.27;378.67;20.19;1522;30;4692.00;370
11804;26;21816368;11804;622;13323;13693;4.40;0.27;378.74;20.19;1519;30;4693.00;370
11805;26;21816398;11805;621;13323;13693;4.38;0.27;378.74;20.19;1518;30;4694.00;370
11807;26;21816418;11807;628;13328;13699;4.40;0.27;378.77;20.18;1521;30;4695.00;371
11810;26;21816439;11810;629;13328;13699;4.36;0.27;378.93;20.18;1518;30;4696.00;371
11811;26;21816462;11811;636;13328;13699;4.36;0.27;378.99;20.18;1517;30;4697.00;371
11812;26;21816482;11812;630;13329;13702;4.36;0.27;378.98;20.18;1517;30;4698.00;373
11813;26;21816503;11813;629;13330;13702;4.36;0.27;379.00;20.18;1517;30;4699.00;372
11818;26;21816525;11818;632;13330;13702;4.33;0.27;379.06;20.18;1512;30;4700.00;372
11820;26;21816551;11820;630;13330;13703;4.28;0.26;379.14;20.18;1510;30;4701.00;373
11822;26;21816571;11822;626;13332;13704;4.26;0.26;379.25;20.18;1510;30;4702.00;372
11825;26;21816600;11825;640;13332;13704;4.24;0.26;379.35;20.18;1507;30;4703.00;372
11828;26;21816619;11828;634;13342;13717;4.26;0.26;379.39;20.16;1514;30;4704.00;375
11830;26;21816638;11830;628;13343;13717;4.25;0.26;379.48;20.16;1513;30;4705.00;374
11833;26;21816655;11833;627;13343;13717;4.22;0.26;379.49;20.16;1510;30;4706.00;374
11834;26;21816672;11834;634;13344;13718;4.23;0.26;379.59;20.16;1510;30;4707.00;374
11839;26;21816688;11839;630;13344;13718;4.23;0.26;379.63;20.16;1505;30;4708.00;374
11842;26;21816705;11842;629;13348;13722;4.23;0.26;379.64;20.15;1506;30;4709.00;374
11845;26;21816724;11845;632;13348;13722;4.23;0.26;379.75;20.15;1503;30;4710.00;374
11845;26;21816741;11845;634;13349;13726;4.22;0.26;379.75;20.15;1504;30;4711.00;377
11848;26;21816764;11848;627;13349;13726;4.21;0.26;379.81;20.15;1501;30;4712.00;377
11851;26;21816784;11851;640;13349;13726;4.16;0.25;379.90;20.15;1498;30;4713.00;377
11852;26;21816805;11852;638;13349;13726;4.15;0.25;379.89;20.15;1497;30;4714.00;377
11858;26;21816824;11858;650;13349;13726;4.05;0.25;380.09;20.15;1491;30;4715.00;377
11861;26;21816844;11861;658;13358;13738;4.03;0.25;380.14;20.14;1497;30;4716.00;380
11864;26;21816865;11864;665;13358;13738;3.98;0.24;380.26;20.14;1494;30;4717.00;380
11867;26;21816883;11867;672;13359;13738;3.92;0.24;380.30;20.14;1492;30;4718.00;379
11869;26;21816900;11869;669;13359;13738;3.88;0.24;380.31;20.14;1490;30;4719.00;379
11871;26;21816917;11871;668;13361;13738;3.82;0.23;380.42;20.14;1490;30;4720.00;377
11876;26;21816934;11876;678;13361;13738;3.78;0.23;380.51;20.14;1485;30;4721.00;377
11882;26;21816950;11882;672;13361;13739;3.74;0.23;380.56;20.14;1479;30;4722.00;378
11887;26;21816966;11887;675;13361;13739;3.65;0.22;380.63;20.14;1474;30;4723.00;378
11889;27;21816983;11889;673;13366;13745;3.64;0.22;380.74;20.13;1477;31;4724.00;379
11894;27;21817026;11894;663;13367;13747;3.58;0.22;380.97;20.13;1473;31;4725.00;380
11897;27;21817046;11897;654;13367;13747;3.52;0.22;381.04;20.13;1470;31;4726.00;380
11900;27;21817065;11900;649;13367;13747;3.50;0.21;381.08;20.13;1467;31;4727.00;380
11903;27;21817082;11903;650;13370;13751;3.51;0.22;381.02;20.12;1467;31;4728.00;381
11907;27;21817099;11907;640;13370;13751;3.48;0.21;381.10;20.12;1463;31;4729.00;381
11911;27;21817118;11911;638;13370;13751;3.45;0.21;381.19;20.12;1459;31;4730.00;381
11914;27;21817137;11914;635;13371;13752;3.46;0.21;381.20;20.12;1457;31;4731.00;381
11918;27;21817154;11918;629;13372;13756;3.43;0.21;381.30;20.12;1454;31;4732.00;384
11921;27;21817172;11921;627;13372;13756;3.41;0.21;381.31;20.12;1451;31;4733.00;384
11924;27;21817191;11924;617;13375;13759;3.38;0.21;381.39;20.12;1451;31;4734.00;384
11925;27;21817211;11925;614;13375;13759;3.40;0.21;381.39;20.12;1450;31;4735.00;384
11928;27;21817230;11928;618;13375;13759;3.39;0.21;381.37;20.12;1447;31;4736.00;384
11931;27;21817248;11931;612;13375;13759;3.41;0.21;381.44;20.12;1444;31;4737.00;384
11932;27;21817266;11932;605;13378;13763;3.51;0.22;381.42;20.11;1446;31;4738.00;385
11937;27;21817284;11937;611;13378;13763;3.52;0.22;381.52;20.11;1441;31;4739.00;385
11940;27;21817302;11940;606;13379;13763;3.53;0.22;381.52;20.11;1439;31;4740.00;384
11944;27;21817319;11944;609;13379;13763;3.53;0.22;381.52;20.11;1435;31;4741.00;384
11949;27;21817336;11949;609;13379;13764;3.50;0.22;381.47;20.11;1430;31;4742.00;385
11954;27;21817354;11954;619;13380;13765;3.47;0.21;381.44;20.11;1426;31;4743.00;385
11958;27;21817370;11958;617;13380;13765;3.47;0.21;381.40;20.11;1422;31;4744.00;385
11963;27;21817387;11963;625;13381;13766;3.46;0.21;381.36;20.11;1418;31;4745.00;385
11969;27;21817403;11969;625;13381;13766;3.43;0.21;381.61;20.11;1412;31;4746.00;385
11973;27;21817421;11973;621;13381;13766;3.44;0.21;381.58;20.11;1408;31;4747.00;385
11978;27;21817439;11978;630;13381;13766;3.40;0.21;381.49;20.11;1403;31;4748.00;385
11986;27;21817458;11986;623;13381;13766;3.35;0.21;381.41;20.11;1395;31;4749.00;385
11986;27;21817479;11986;629;13381;13766;3.35;0.21;381.41;20.11;1395;31;4750.00;385
11990;27;21817496;11990;630;13381;13766;3.29;0.20;381.39;20.11;1391;31;4751.00;385
11994;27;21817513;11994;637;13443;13893;3.61;0.23;381.32;20.01;1449;31;4752.00;450
11995;27;21817540;11995;626;13447;13894;3.62;0.23;381.31;20.01;1452;31;4753.00;447
12000;27;21817557;12000;617;13453;13894;3.64;0.23;381.26;20.00;1453;31;4754.00;441
12002;27;21817573;12002;628;13457;13894;3.67;0.23;381.21;20.00;1455;31;4755.00;437
12005;27;21817595;12005;634;13462;13894;3.66;0.23;381.25;19.99;1457;31;4756.00;432
12008;27;21817611;12008;638;13466;13894;3.62;0.23;381.26;19.99;1458;31;4757.00;428
12012;27;21817627;12012;639;13469;13894;3.66;0.23;381.31;19.99;1457;31;4758.00;425
12015;27;21817643;12015;643;13474;13894;3.63;0.22;381.31;19.99;1459;31;4759.00;420
12016;27;21817659;12016;645;13476;13895;3.59;0.22;381.28;19.98;1460;31;4760.00;419
12020;27;21817675;12020;648;13478;13896;3.56;0.22;381.32;19.98;1458;31;4761.00;418
12022;27;21817691;12022;660;13481;13896;3.49;0.22;381.29;19.98;1459;31;4762.00;415
12023;27;21817706;12023;664;13482;13897;3.49;0.22;381.30;19.98;1459;31;4763.00;415
12025;27;21817722;12025;673;13484;13897;3.45;0.21;381.29;19.98;1459;31;4764.00;413
12027;27;21817738;12027;678;13487;13897;3.47;0.21;381.38;19.98;1460;31;4765.00;410
12029;27;21817754;12029;678;13489;13897;3.46;0.21;381.36;19.98;1460;31;4766.00;408
12030;27;21817769;12030;680;13492;13901;3.46;0.21;381.37;19.97;1462;31;4767.00;409
12032;27;21817786;12032;684;13494;13901;3.44;0.21;381.35;20.06;1462;31;4768.00;407
12034;27;21817810;12034;683;13494;13901;3.41;0.21;381.34;20.06;1460;31;4769.00;407
12037;27;21817830;12037;699;13499;13907;3.36;0.21;381.32;20.05;1462;31;4770.00;408
12040;27;21817853;12040;707;13500;13907;3.30;0.20;381.24;20.05;1460;31;4771.00;407
12041;27;21817872;12041;704;13502;13907;3.25;0.20;381.21;20.05;1461;31;4772.00;405
12044;27;21817890;12044;703;13503;13911;3.23;0.20;381.23;20.05;1459;31;4773.00;408
12045;27;21817911;12045;707;13504;13912;3.25;0.20;381.25;20.05;1459;31;4774.00;408
12045;27;21817927;12045;709;13505;13912;3.25;0.20;381.25;20.05;1460;31;4775.00;407
12050;27;21817944;12050;710;13507;13916;3.26;0.20;381.18;20.05;1457;31;4776.00;409
12050;27;21817962;12050;699;13508;13916;3.32;0.20;381.18;20.05;1458;31;4777.00;408
12053;27;21817978;12053;696;13509;13916;3.34;0.20;381.15;20.05;1456;31;4778.00;407
12055;27;21817995;12055;685;13510;13917;3.35;0.21;381.09;20.05;1455;31;4779.00;407
12058;27;21818012;12058;677;13510;13917;3.40;0.21;381.08;20.05;1452;31;4780.00;407
12058;27;21818036;12058;665;13514;13923;3.48;0.21;381.08;20.04;1456;31;4781.00;409
12060;27;21818053;12060;649;13514;13923;3.56;0.22;381.08;20.04;1454;31;4782.00;409
12061;27;21818071;12061;637;13515;13924;3.65;0.22;381.05;20.04;1454;31;4783.00;409
12062;27;21818088;12062;621;13516;13924;3.77;0.23;381.02;20.13;1454;31;4784.00;408
12062;27;21818106;12062;607;13517;13924;3.89;0.24;381.02;20.13;1455;31;4785.00;407
12063;27;21818122;12063;605;13517;13924;3.99;0.24;381.02;20.13;1454;31;4786.00;407
12063;27;21818139;12063;595;13518;13924;4.11;0.25;381.02;20.13;1455;31;4787.00;406
12064;27;21818164;12064;598;13527;13936;4.22;0.26;381.02;20.11;1463;31;4788.00;409
12067;27;21818184;12067;597;13527;13936;4.24;0.26;381.06;20.11;1460;31;4789.00;409
12070;27;21818203;12070;593;13528;13936;4.25;0.26;381.11;20.11;1458;31;4790.00;408
12070;27;21818220;12070;590;13528;13936;4.30;0.26;381.11;20.11;1458;31;4791.00;408
12070;27;21818237;12070;579;13528;13936;4.35;0.26;381.11;20.11;1458;31;4792.00;408
12072;27;21818254;12072;576;13530;13936;4.38;0.27;381.08;20.11;1458;31;4793.00;406
12072;27;21818272;12072;576;13531;13940;4.41;0.27;381.08;20.11;1459;31;4794.00;409
12073;27;21818289;12073;577;13532;13940;4.40;0.27;381.08;20.11;1459;31;4795.00;408
12076;27;21818307;12076;573;13536;13944;4.43;0.27;381.17;20.19;1460;31;4796.00;408
12078;27;21818326;12078;568;13536;13945;4.42;0.27;381.20;20.19;1458;31;4797.00;409
12079;27;21818344;12079;571;13539;13945;4.42;0.27;381.24;20.19;1460;31;4798.00;406
12083;27;21818362;12083;573;13539;13945;4.41;0.27;381.32;20.19;1456;31;4799.00;406
12088;27;21818384;12088;581;13562;13986;4.46;0.27;381.33;20.16;1474;31;4800.00;424
12089;27;21818411;12089;571;13563;13986;4.53;0.27;381.44;20.16;1474;31;4801.00;423
12093;27;21818429;12093;576;13564;13986;4.58;0.28;381.43;20.16;1471;31;4802.00;422
12095;27;21818453;12095;579;13565;13987;4.63;0.28;381.56;20.16;1470;31;4803.00;422
12096;27;21818472;12096;582;13566;13988;4.68;0.28;381.57;20.16;1470;31;4804.00;422
12097;27;21818490;12097;584;13566;13988;4.70;0.29;381.66;20.16;1469;31;4805.00;422
12098;27;21818511;12098;585;13569;13991;4.72;0.29;381.64;20.15;1471;31;4806.00;422
12103;27;21818530;12103;592;13569;13991;4.74;0.29;381.62;20.15;1466;31;4807.00;422
12105;27;21818548;12105;590;13570;13991;4.78;0.29;381.71;20.15;1465;31;4808.00;421
12107;27;21818573;12107;602;13571;13991;4.81;0.29;381.74;20.15;1464;31;4809.00;420
12108;27;21818590;12108;602;13576;13997;4.82;0.29;381.85;20.14;1468;31;4810.00;421
12111;27;21818609;12111;610;13576;13997;4.82;0.29;381.93;20.14;1465;31;4811.00;421
12112;27;21818628;12112;605;13576;13997;4.82;0.29;382.01;20.14;1464;31;4812.00;421
12116;27;21818651;12116;605;13576;13997;4.84;0.29;382.19;20.14;1460;31;4813.00;421
12119;27;21818674;12119;605;13577;14001;4.85;0.29;382.19;20.14;1458;31;4814.00;424
12121;27;21818692;12121;601;13579;14003;4.86;0.30;382.32;20.14;1458;31;4815.00;424
12123;27;21818710;12123;600;13579;14003;4.86;0.29;382.42;20.14;1456;31;4816.00;424
12124;27;21818728;12124;588;13580;14004;4.94;0.30;382.46;20.14;1456;31;4817.00;424
12126;27;21818746;12126;583;13580;14004;4.97;0.30;382.60;20.14;1454;31;4818.00;424
12128;27;21818764;12128;582;13580;14004;5.00;0.30;382.55;20.14;1452;31;4819.00;424
12132;27;21818783;12132;574;13580;14004;5.02;0.31;382.83;20.14;1448;31;4820.00;424
12135;27;21818800;12135;578;13581;14004;5.00;0.30;382.99;20.14;1446;31;4821.00;423
12137;27;21818818;12137;568;13583;14004;5.01;0.31;383.01;20.32;1446;32;4822.00;421
12141;27;21818846;12141;562;13583;14004;5.02;0.31;383.06;20.32;1442;32;4823.00;421
12143;27;21818864;12143;579;13621;14074;4.98;0.30;383.18;20.26;1478;32;4824.00;453
12149;27;21818887;12149;567;13623;14075;5.01;0.31;383.17;20.26;1474;32;4825.00;452
12154;27;21818906;12154;565;13626;14075;5.00;0.30;383.30;20.25;1472;32;4826.00;449
12156;27;21818931;12156;562;13629;14075;5.00;0.31;383.29;20.25;1473;32;4827.00;446
12159;27;21818949;12159;564;13631;14077;4.99;0.30;383.33;20.25;1472;32;4828.00;446
12161;27;21818966;12161;562;13632;14077;4.95;0.30;383.37;20.25;1471;32;4829.00;445
12163;27;21818987;12163;573;13634;14077;4.92;0.30;383.37;20.24;1471;32;4830.00;443
12168;27;21819006;12168;568;13636;14077;4.89;0.30;383.41;20.24;1468;32;4831.00;441
12171;27;21819024;12171;566;13638;14078;4.87;0.30;383.48;20.24;1467;32;4832.00;440
12174;27;21819052;12174;567;13643;14079;4.84;0.29;383.57;20.24;1469;32;4833.00;436
12175;27;21819070;12175;570;13643;14079;4.82;0.29;383.58;20.24;1468;32;4834.00;436
12179;27;21819088;12179;570;13644;14083;4.76;0.29;383.68;20.24;1465;32;4835.00;439
12182;27;21819107;12182;564;13644;14083;4.72;0.29;383.76;20.24;1462;32;4836.00;439
12188;27;21819126;12188;574;13644;14083;4.68;0.29;383.93;20.24;1456;32;4837.00;439
12189;27;21819148;12189;571;13644;14083;4.66;0.28;383.93;20.24;1455;32;4838.00;439
12194;27;21819169;12194;567;13648;14089;4.65;0.28;384.02;20.23;1454;32;4839.00;441
12196;27;21819189;12196;567;13648;14089;4.66;0.28;384.05;20.23;1452;32;4840.00;441
12201;27;21819206;12201;572;13648;14089;4.63;0.28;384.18;20.23;1447;32;4841.00;441
12204;27;21819224;12204;575;13649;14092;4.61;0.28;384.24;20.23;1445;32;4842.00;443
12207;27;21819242;12207;575;13649;14092;4.60;0.28;384.33;20.23;1442;32;4843.00;443
12210;27;21819261;12210;578;13649;14092;4.60;0.28;384.46;20.23;1439;32;4844.00;443
12212;27;21819278;12212;574;13649;14093;4.62;0.28;384.43;20.23;1437;32;4845.00;444
12213;27;21819294;12213;583;13650;14094;4.63;0.28;384.41;20.23;1437;32;4846.00;444
12216;27;21819311;12216;584;13651;14094;4.61;0.28;384.48;20.23;1435;32;4847.00;443
12221;27;21819328;12221;588;13658;14107;4.59;0.28;384.54;20.22;1437;32;4848.00;449
12223;27;21819347;12223;579;13659;14107;4.62;0.28;384.65;20.22;1436;32;4849.00;448
12229;27;21819363;12229;583;13659;14107;4.63;0.28;384.68;20.22;1430;32;4850.00;448
12233;27;21819381;12233;580;13660;14108;4.66;0.28;384.78;20.22;1427;32;4851.00;448
12236;27;21819399;12236;579;13660;14108;4.68;0.28;384.83;20.22;1424;32;4852.00;448
12238;27;21819416;12238;580;13665;14112;4.72;0.29;384.88;20.22;1427;32;4853.00;447
12243;27;21819434;12243;582;13665;14112;4.70;0.28;384.98;20.22;1422;32;4854.00;447
12245;27;21819452;12245;587;13667;14116;4.71;0.29;384.99;20.21;1422;32;4855.00;449
12246;27;21819469;12246;585;13667;14116;4.76;0.29;385.02;20.21;1421;32;4856.00;449
12248;27;21819486;12248;585;13667;14116;4.77;0.29;385.11;20.21;1419;32;4857.00;449
12250;27;21819502;12250;585;13667;14116;4.81;0.29;385.20;20.21;1417;32;4858.00;449
12251;27;21819519;12251;590;13667;14116;4.82;0.29;385.22;20.21;1416;32;4859.00;449
12253;27;21819538;12253;589;13686;14150;4.93;0.30;385.33;20.19;1433;32;4860.00;464
12254;27;21819559;12254;586;13686;14150;4.95;0.30;385.37;20.19;1432;32;4861.00;464
12258;27;21819577;12258;583;13688;14150;4.95;0.30;385.51;20.18;1430;32;4862.00;462
12262;27;21819594;12262;585;13688;14150;4.97;0.30;385.51;20.18;1426;32;4863.00;462
12264;27;21819612;12264;585;13689;14150;5.00;0.31;385.58;20.18;1425;32;4864.00;461
12267;27;21819630;12267;582;13689;14150;4.97;0.30;385.60;20.18;1422;32;4865.00;461
12270;27;21819647;12270;591;13689;14151;4.95;0.30;385.85;20.18;1419;32;4866.00;462
12275;27;21819664;12275;587;13689;14151;4.94;0.30;386.03;20.18;1414;32;4867.00;462
12277;27;21819681;12277;591;13693;14157;4.94;0.30;386.16;20.18;1416;32;4868.00;464
12280;27;21819698;12280;590;13693;14158;4.90;0.30;386.16;20.18;1413;32;4869.00;465
12280;27;21819714;12280;586;13693;14158;4.88;0.30;386.16;20.18;1413;32;4870.00;465
12284;27;21819730;12284;599;13693;14158;4.82;0.29;386.24;20.18;1409;32;4871.00;465
12289;27;21819747;12289;596;13696;14162;4.79;0.29;386.17;20.17;1407;32;4872.00;466
12292;27;21819765;12292;593;13696;14162;4.72;0.29;386.31;20.17;1404;32;4873.00;466
12293;27;21819782;12293;594;13696;14162;4.66;0.29;386.34;20.17;1403;32;4874.00;466
12294;27;21819804;12294;593;13697;14163;4.65;0.28;386.38;20.17;1403;32;4875.00;466
12296;27;21819830;12296;582;13698;14167;4.64;0.28;386.45;20.17;1402;32;4876.00;469
12299;27;21819852;12299;582;13698;14167;4.60;0.28;386.56;20.17;1399;32;4877.00;469
12304;27;21819876;12304;577;13699;14170;4.54;0.28;386.55;20.17;1395;32;4878.00;471
12304;27;21819897;12304;571;13699;14170;4.55;0.28;386.55;20.17;1395;32;4879.00;471
12305;27;21819915;12305;575;13699;14170;4.55;0.28;386.53;20.17;1394;32;4880.00;471
12307;27;21819932;12307;570;13699;14170;4.55;0.28;386.56;20.17;1392;32;4881.00;471
12312;27;21819947;12312;568;13702;14174;4.58;0.28;386.65;20.16;1390;32;4882.00;472
12314;27;21819963;12314;569;13702;14174;4.55;0.28;386.65;20.16;1388;32;4883.00;472
12319;27;21819978;12319;571;13702;14174;4.52;0.28;386.74;20.16;1383;32;4884.00;472
12321;27;21819994;12321;574;13702;14174;4.52;0.28;386.84;20.16;1381;32;4885.00;472
12327;27;21820009;12327;572;13702;14175;4.47;0.27;386.95;20.16;1375;32;4886.00;473
12332;27;21820024;12332;574;13702;14176;4.41;0.27;387.01;20.16;1370;32;4887.00;474
12335;27;21820039;12335;586;13702;14176;4.40;0.27;387.01;20.16;1367;32;4888.00;474
12341;27;21820054;12341;591;13703;14177;4.39;0.27;387.10;20.16;1362;32;4889.00;474
12345;27;21820071;12345;592;13703;14177;4.33;0.26;387.09;20.16;1358;32;4890.00;474
12349;27;21820085;12349;598;13703;14177;4.27;0.26;387.10;20.16;1354;32;4891.00;474
12354;27;21820100;12354;606;13703;14177;4.20;0.25;387.39;20.16;1349;32;4892.00;474
12357;27;21820115;12357;616;13703;14177;4.15;0.25;387.46;20.16;1346;32;4893.00;474
12361;27;21820129;12361;617;13703;14177;4.10;0.25;387.47;20.16;1342;32;4894.00;474
12361;27;21820144;12361;616;13705;14177;4.10;0.25;387.47;20.18;1344;32;4895.00;472
12364;27;21820159;12364;623;13759;14304;4.33;0.27;387.49;20.10;1395;32;4896.00;545
12368;27;21820185;12368;620;13762;14305;4.22;0.26;387.46;20.10;1394;32;4897.00;543
12370;27;21820201;12370;626;13770;14305;4.20;0.26;387.50;20.09;1400;32;4898.00;535
12372;27;21820216;12372;623;13771;14305;4.12;0.25;387.58;20.08;1399;32;4899.00;534
12378;27;21820231;12378;619;13778;14305;4.07;0.25;387.65;20.08;1400;32;4900.00;527
12381;27;21820251;12381;616;13781;14305;4.04;0.25;387.64;20.07;1400;32;4901.00;524
12384;27;21820267;12384;616;13784;14305;4.03;0.25;387.59;20.07;1400;32;4902.00;521
12387;27;21820283;12387;603;13786;14305;3.99;0.25;387.52;20.07;1399;32;4903.00;519
12391;27;21820298;12391;602;13788;14306;3.95;0.24;387.49;20.07;1397;32;4904.00;518
12395;27;21820314;12395;607;13790;14308;3.91;0.24;387.53;20.07;1395;32;4905.00;518
12398;27;21820330;12398;606;13790;14308;3.88;0.24;387.54;20.07;1392;32;4906.00;518
12400;27;21820345;12400;609;13792;14309;3.85;0.24;387.55;20.06;1392;32;4907.00;517
12400;27;21820361;12400;605;13792;14309;3.86;0.24;387.55;20.06;1392;32;4908.00;517
12403;27;21820383;12403;602;13793;14309;3.81;0.23;387.51;20.06;1390;32;4909.00;516
12404;27;21820399;12404;597;13794;14309;3.77;0.23;387.48;20.06;1390;32;4910.00;515
12406;27;21820414;12406;593;13797;14313;3.72;0.23;387.54;20.06;1391;32;4911.00;516
12409;27;21820431;12409;589;13798;14313;3.67;0.23;387.50;20.06;1389;32;4912.00;515
12414;27;21820445;12414;587;13799;14313;3.63;0.22;387.47;20.06;1385;32;4913.00;514
12418;27;21820460;12418;595;13800;14316;3.61;0.22;387.46;20.06;1382;32;4914.00;516
12424;27;21820476;12424;595;13800;14316;3.58;0.22;387.46;20.06;1376;32;4915.00;516
12429;27;21820490;12429;597;13800;14316;3.56;0.22;387.41;20.06;1371;32;4916.00;516
12429;27;21820505;12429;600;13802;14320;3.58;0.22;387.41;20.06;1373;32;4917.00;518
12434;27;21820520;12434;606;13803;14321;3.54;0.22;387.36;20.06;1369;32;4918.00;518
12438;27;21820535;12438;609;13803;14321;3.50;0.21;387.29;20.06;1365;32;4919.00;518
12441;27;21820551;12441;614;13806;14326;3.51;0.21;387.25;20.05;1365;32;4920.00;520
12444;27;21820567;12444;610;13806;14326;3.51;0.22;387.24;20.05;1362;32;4921.00;520
12445;27;21820581;12445;615;13808;14326;3.52;0.22;387.27;20.06;1363;32;4922.00;518
12448;27;21820596;12448;612;13808;14327;3.50;0.21;387.24;20.06;1360;32;4923.00;519
12452;27;21820611;12452;614;13809;14327;3.49;0.21;387.25;20.06;1357;32;4924.00;518
12453;27;21820626;12453;615;13813;14333;3.46;0.21;387.23;20.06;1360;32;4925.00;520
12456;27;21820640;12456;613;13814;14333;3.44;0.21;387.21;20.06;1358;32;4926.00;519
12458;27;21820656;12458;615;13815;14334;3.41;0.21;387.18;20.07;1357;32;4927.00;519
12462;27;21820671;12462;617;13816;14334;3.33;0.20;387.14;20.08;1354;32;4928.00;518
12464;27;21820687;12464;622;13818;14334;3.30;0.20;387.15;20.18;1354;32;4929.00;516
12465;27;21820704;12465;629;13819;14334;3.30;0.20;387.18;20.19;1354;32;4930.00;515
12466;27;21820719;12466;629;13820;14334;3.30;0.20;387.18;20.19;1354;32;4931.00;514
12468;27;21820734;12468;628;13829;14346;3.37;0.21;387.23;20.19;1361;32;4932.00;517
12473;27;21820750;12473;631;13831;14346;3.35;0.21;387.17;20.21;1358;32;4933.00;515
12473;27;21820765;12473;612;13831;14346;3.38;0.21;387.17;20.21;1358;32;4934.00;515
12476;27;21820781;12476;602;13833;14346;3.39;0.21;387.14;20.22;1357;32;4935.00;513
12477;27;21820796;12477;602;13834;14346;3.47;0.21;387.19;20.23;1357;32;4936.00;512
12479;27;21820811;12479;602;13836;14346;3.53;0.22;387.20;20.24;1357;32;4937.00;510
12483;27;21820827;12483;598;13838;14350;3.56;0.22;387.10;20.25;1355;32;4938.00;512
12486;27;21820846;12486;602;13839;14350;3.58;0.22;387.11;20.26;1353;32;4939.00;511
12489;27;21820862;12489;604;13843;14354;3.59;0.22;387.07;20.26;1354;32;4940.00;511
12490;27;21820890;12490;609;13844;14355;3.63;0.22;387.07;20.26;1354;32;4941.00;511
12491;27;21820907;12491;605;13846;14355;3.66;0.22;387.06;20.28;1355;32;4942.00;509
12494;27;21820922;12494;611;13847;14355;3.67;0.22;387.03;20.28;1353;32;4943.00;508
12495;27;21820938;12495;622;13859;14368;3.79;0.23;387.03;20.37;1364;32;4944.00;509
12500;27;21820962;12500;627;13861;14368;3.77;0.23;387.01;20.38;1361;32;4945.00;507
12502;27;21820978;12502;632;13862;14368;3.78;0.23;387.10;20.38;1360;32;4946.00;506
12504;27;21820994;12504;618;13864;14369;3.81;0.23;387.13;20.39;1360;32;4947.00;505
12505;27;21821011;12505;611;13865;14370;3.86;0.24;387.14;20.40;1360;32;4948.00;505
12506;27;21821027;12506;603;13867;14370;3.88;0.24;387.13;20.40;1361;32;4949.00;503
12507;27;21821045;12507;606;13873;14379;3.92;0.24;387.12;20.41;1366;32;4950.00;506
12509;27;21821063;12509;596;13874;14379;3.94;0.24;387.10;20.41;1365;32;4951.00;505
12509;27;21821079;12509;597;13876;14379;3.96;0.24;387.10;20.42;1367;32;4952.00;503
12511;27;21821096;12511;603;13877;14379;3.94;0.24;387.06;20.42;1366;32;4953.00;502
12512;27;21821111;12512;592;13881;14385;3.94;0.24;387.06;20.42;1369;32;4954.00;504
12512;27;21821130;12512;594;13885;14385;3.94;0.24;387.06;20.52;1373;32;4955.00;500
12514;27;21821152;12514;589;13885;14385;3.95;0.24;387.08;20.52;1371;32;4956.00;500
12515;27;21821169;12515;583;13890;14385;3.97;0.24;387.13;20.55;1375;32;4957.00;495
12518;27;21821186;12518;571;13891;14389;4.00;0.24;387.26;20.55;1373;32;4958.00;498
12519;27;21821203;12519;562;13892;14390;4.03;0.25;387.23;20.56;1373;32;4959.00;498
12523;27;21821226;12523;552;13893;14390;4.07;0.25;387.20;20.56;1370;32;4960.00;497
12529;27;21821244;12529;543;13895;14391;4.09;0.25;387.39;20.56;1366;32;4961.00;496
12531;27;21821262;12531;537;13895;14391;4.15;0.25;387.52;20.56;1364;32;4962.00;496
12534;27;21821278;12534;542;13895;14391;4.14;0.25;387.66;20.56;1361;32;4963.00;496
12535;27;21821295;12535;542;13895;14391;4.16;0.25;387.76;20.56;1360;32;4964.00;496
12538;27;21821311;12538;539;13895;14391;4.16;0.25;387.77;20.56;1357;32;4965.00;496
12541;27;21821328;12541;546;13895;14391;4.19;0.25;387.87;20.56;1354;32;4966.00;496
12544;27;21821345;12544;540;13897;14391;4.26;0.26;388.00;20.76;1353;33;4967.00;494
12548;27;21821372;12548;555;13936;14461;4.38;0.27;388.11;20.70;1388;33;4968.00;525
12552;27;21821394;12552;547;13936;14462;4.44;0.27;388.22;20.70;1384;33;4969.00;526
12553;27;21821413;12553;541;13941;14462;4.55;0.28;388.32;20.71;1388;33;4970.00;521
12555;27;21821431;12555;531;13943;14462;4.63;0.28;388.38;20.70;1388;33;4971.00;519
12557;27;21821448;12557;518;13945;14462;4.74;0.29;388.41;20.70;1388;33;4972.00;517
12560;27;21821464;12560;517;13947;14462;4.80;0.29;388.41;20.80;1387;33;4973.00;515
12562;27;21821483;12562;510;13948;14462;4.86;0.29;388.47;20.80;1386;33;4974.00;514
12566;27;21821500;12566;521;13949;14462;4.89;0.30;388.54;20.80;1383;33;4975.00;513
12566;27;21821519;12566;524;13952;14463;4.93;0.30;388.54;20.80;1386;33;4976.00;511
12570;27;21821535;12570;538;13953;14464;4.91;0.30;388.63;20.80;1383;33;4977.00;511
12570;27;21821553;12570;540;13955;14464;4.95;0.30;388.63;20.80;1385;33;4978.00;509
12571;27;21821570;12571;539;13958;14468;4.95;0.30;388.67;20.80;1387;33;4979.00;510
12575;27;21821594;12575;542;13958;14468;4.98;0.30;388.70;20.80;1383;33;4980.00;510
12577;27;21821610;12577;553;13958;14468;5.04;0.31;388.77;20.80;1381;33;4981.00;510
12578;27;21821626;12578;552;13958;14468;5.07;0.31;388.78;20.80;1380;33;4982.00;510
12581;27;21821643;12581;548;13962;14474;5.08;0.31;388.81;20.80;1381;33;4983.00;512
12582;27;21821659;12582;558;13964;14474;5.05;0.31;388.80;20.81;1382;33;4984.00;510
12586;27;21821682;12586;551;13964;14474;5.02;0.31;388.76;20.81;1378;33;4985.00;510
12588;27;21821698;12588;557;13965;14477;5.02;0.31;388.85;20.80;1377;33;4986.00;512
12590;27;21821715;12590;552;13965;14477;5.03;0.31;388.92;20.80;1375;33;4987.00;512
12591;27;21821731;12591;554;13967;14477;5.02;0.31;388.96;20.91;1376;33;4988.00;510
12593;27;21821746;12593;552;13967;14478;5.01;0.31;388.98;20.91;1374;33;4989.00;511
12595;27;21821764;12595;545;13969;14479;4.97;0.30;388.99;20.91;1374;33;4990.00;510
12598;27;21821782;12598;533;13969;14479;4.94;0.30;389.00;20.91;1371;33;4991.00;510
12600;27;21821806;12600;539;13979;14492;4.98;0.30;389.07;20.90;1379;33;4992.00;513
12602;27;21821828;12602;537;13979;14492;5.00;0.30;389.06;20.90;1377;33;4993.00;513
12606;27;21821860;12606;526;13979;14492;5.07;0.31;389.11;20.90;1373;33;4994.00;513
12609;27;21821882;12609;520;13979;14494;5.10;0.31;389.06;20.90;1370;33;4995.00;515
12611;27;21821902;12611;515;13979;14494;5.18;0.32;389.10;20.90;1368;33;4996.00;515
12614;27;21821921;12614;513;13982;14498;5.27;0.32;389.21;20.89;1368;33;4997.00;516
12614;27;21821940;12614;506;13983;14498;5.34;0.32;389.21;20.90;1369;33;4998.00;515
12616;27;21821958;12616;505;13984;14502;5.38;0.33;389.25;20.90;1368;33;4999.00;518
12619;27;21821978;12619;496;13984;14502;5.45;0.33;389.23;20.90;1365;33;5000.00;518
12621;27;21821999;12621;500;13984;14502;5.49;0.33;389.27;20.90;1363;33;5001.00;518
12623;27;21822018;12623;504;13984;14502;5.49;0.33;389.32;20.90;1361;33;5002.00;518
12624;27;21822035;12624;499;13984;14502;5.47;0.33;389.31;20.90;1360;33;5003.00;518
12627;27;21822052;12627;495;13991;14514;5.48;0.33;389.41;20.89;1364;33;5004.00;523
12629;27;21822070;12629;489;13991;14514;5.44;0.33;389.40;20.89;1362;33;5005.00;523
12632;27;21822087;12632;486;13992;14514;5.45;0.33;389.40;20.88;1360;33;5006.00;522
12636;27;21822104;12636;480;13992;14514;5.43;0.33;389.57;20.88;1356;33;5007.00;522
12640;27;21822121;12640;473;13992;14514;5.40;0.33;389.54;20.88;1352;33;5008.00;522
12646;27;21822139;12646;467;13992;14514;5.39;0.33;389.62;20.88;1346;33;5009.00;522
12649;27;21822159;12649;465;13992;14515;5.41;0.33;389.64;20.88;1343;33;5010.00;523
12651;27;21822177;12651;466;13992;14515;5.38;0.33;389.67;20.88;1341;33;5011.00;523
12654;27;21822195;12654;466;13996;14521;5.39;0.33;389.73;20.88;1342;33;5012.00;525
12655;27;21822211;12655;472;13996;14522;5.39;0.33;389.77;20.88;1341;33;5013.00;526
12657;27;21822228;12657;470;13996;14522;5.37;0.33;389.87;20.88;1339;33;5014.00;526
12662;27;21822244;12662;470;13996;14522;5.32;0.32;389.99;20.88;1334;33;5015.00;526
12663;27;21822261;12663;480;13999;14526;5.31;0.32;389.97;20.87;1336;33;5016.00;527
12668;27;21822278;12668;480;13999;14526;5.30;0.32;390.03;20.87;1331;33;5017.00;527
12671;27;21822294;12671;481;13999;14526;5.27;0.32;390.18;20.87;1328;33;5018.00;527
12673;27;21822309;12673;485;14000;14527;5.24;0.32;390.14;20.87;1327;33;5019.00;527
12675;27;21822326;12675;488;14001;14531;5.20;0.32;390.17;20.87;1326;33;5020.00;530
12678;27;21822342;12678;486;14001;14531;5.19;0.32;390.25;20.87;1323;33;5021.00;530
12681;27;21822357;12681;493;14002;14534;5.18;0.31;390.31;20.87;1321;33;5022.00;532
12684;27;21822374;12684;505;14002;14534;5.13;0.31;390.35;20.87;1318;33;5023.00;532
12689;27;21822390;12689;500;14002;14534;5.14;0.31;390.42;20.87;1313;33;5024.00;532
12691;27;21822408;12691;500;14002;14534;5.15;0.31;390.49;20.87;1311;33;5025.00;532
12693;27;21822424;12693;502;14005;14538;5.21;0.32;390.49;20.87;1312;33;5026.00;533
12696;27;21822441;12696;500;14005;14538;5.23;0.32;390.54;20.87;1309;33;5027.00;533
12699;27;21822463;12699;497;14005;14538;5.26;0.32;390.63;20.87;1306;33;5028.00;533
12700;27;21822480;12700;501;14005;14538;5.24;0.32;390.66;20.87;1305;33;5029.00;533
12700;27;21822497;12700;504;14005;14539;5.20;0.32;390.66;20.87;1305;33;5030.00;534
12702;27;21822514;12702;516;14005;14540;5.16;0.31;390.70;20.87;1303;33;5031.00;535
12707;27;21822531;12707;509;14005;14540;5.11;0.31;390.71;20.87;1298;33;5032.00;535
12708;27;21822548;12708;516;14006;14541;5.08;0.31;390.70;20.86;1298;33;5033.00;535
12712;27;21822563;12712;519;14006;14541;5.04;0.31;390.78;20.86;1294;33;5034.00;535
12713;27;21822578;12713;523;14006;14541;5.03;0.31;390.80;20.86;1293;33;5035.00;535
12717;27;21822593;12717;519;14006;14541;4.99;0.30;390.84;20.86;1289;33;5036.00;535
12721;27;21822609;12721;520;14006;14541;5.01;0.31;390.92;20.86;1285;33;5037.00;535
12724;27;21822623;12724;529;14006;14541;5.01;0.31;390.92;20.86;1282;33;5038.00;535
12729;27;21822638;12729;530;14006;14541;4.94;0.30;390.99;20.86;1277;33;5039.00;535
12730;27;21822655;12730;550;14084;14771;5.29;0.33;391.05;20.75;1354;33;5040.00;687
12734;27;21822688;12734;548;14090;14772;5.25;0.33;391.15;20.74;1356;33;5041.00;682
12735;27;21822705;12735;543;14097;14772;5.26;0.33;391.13;20.73;1362;33;5042.00;675
12739;27;21822723;12739;544;14104;14772;5.25;0.33;391.23;20.72;1365;33;5043.00;668
12740;27;21822740;12740;537;14111;14772;5.26;0.33;391.27;20.71;1371;33;5044.00;661
12743;27;21822758;12743;537;14117;14772;5.23;0.33;391.29;20.71;1374;33;5045.00;655
12745;27;21822786;12745;545;14122;14772;5.19;0.32;391.40;20.70;1377;33;5046.00;650
12751;27;21822806;12751;545;14128;14772;5.15;0.32;391.64;20.70;1377;33;5047.00;644
12752;27;21822826;12752;553;14132;14773;5.17;0.32;391.68;20.69;1380;33;5048.00;641
12753;27;21822846;12753;550;14137;14774;5.23;0.33;391.66;20.69;1384;33;5049.00;637
12757;27;21822865;12757;551;14140;14774;5.26;0.33;391.69;20.69;1383;33;5050.00;634
12760;27;21822883;12760;554;14142;14775;5.30;0.33;391.72;20.69;1382;33;5051.00;633
12763;27;21822901;12763;557;14145;14775;5.27;0.33;391.77;20.68;1382;33;5052.00;630
12765;27;21822920;12765;552;14147;14775;5.23;0.32;391.77;20.68;1382;33;5053.00;628
12767;27;21822939;12767;555;14149;14775;5.19;0.32;391.74;20.68;1382;33;5054.00;626
12771;27;21822959;12771;552;14154;14779;5.16;0.32;391.85;20.68;1383;33;5055.00;625
12772;27;21822980;12772;558;14155;14779;5.08;0.31;391.84;20.68;1383;33;5056.00;624
12774;27;21822997;12774;559;14158;14779;5.02;0.31;391.88;20.68;1384;33;5057.00;621
12778;27;21823016;12778;569;14160;14782;4.98;0.31;391.86;20.68;1382;33;5058.00;622
12783;27;21823035;12783;568;14162;14782;4.94;0.30;391.93;20.68;1379;33;5059.00;620
12784;27;21823053;12784;560;14164;14782;4.95;0.30;391.91;20.67;1380;33;5060.00;618
12787;27;21823071;12787;564;14167;14786;4.95;0.30;391.90;20.67;1380;33;5061.00;619
12788;27;21823090;12788;566;14170;14787;4.97;0.30;391.93;20.67;1382;33;5062.00;617
12792;27;21823110;12792;563;14172;14787;4.96;0.30;391.96;20.67;1380;33;5063.00;615
12794;27;21823127;12794;563;14174;14791;4.96;0.30;391.93;20.67;1380;33;5064.00;617
12798;27;21823146;12798;563;14175;14791;4.91;0.30;391.99;20.67;1377;33;5065.00;616
12800;27;21823164;12800;567;14177;14791;4.85;0.30;391.95;20.67;1377;33;5066.00;614
12803;27;21823182;12803;569;14178;14792;4.79;0.29;391.99;20.67;1375;33;5067.00;614
12807;27;21823201;12807;573;14179;14792;4.74;0.29;392.03;20.67;1372;33;5068.00;613
12809;27;21823219;12809;575;14183;14798;4.74;0.29;391.98;20.66;1374;33;5069.00;615
12812;27;21823238;12812;584;14185;14798;4.64;0.29;391.95;20.69;1373;33;5070.00;613
12815;27;21823259;12815;593;14185;14799;4.56;0.28;391.96;20.69;1370;33;5071.00;614
12818;27;21823279;12818;589;14185;14799;4.47;0.28;392.01;20.69;1367;33;5072.00;614
12822;27;21823296;12822;593;14185;14799;4.36;0.27;392.01;20.69;1363;33;5073.00;614
12825;27;21823313;12825;596;14185;14799;4.26;0.26;392.06;20.69;1360;33;5074.00;614
12829;27;21823329;12829;591;14185;14799;4.16;0.26;392.04;20.69;1356;33;5075.00;614
12833;27;21823346;12833;596;14192;14811;4.16;0.26;391.99;20.68;1359;33;5076.00;619
12835;27;21823364;12835;590;14192;14811;4.12;0.25;391.95;20.68;1357;33;5077.00;619
12842;27;21823380;12842;598;14193;14811;4.10;0.25;391.87;20.68;1351;33;5078.00;618
12844;27;21823399;12844;601;14193;14811;4.09;0.25;391.90;20.68;1349;33;5079.00;618
12847;27;21823416;12847;599;14193;14811;4.06;0.25;391.94;20.68;1346;33;5080.00;618
12849;27;21823433;12849;597;14193;14811;4.06;0.25;391.90;20.68;1344;33;5081.00;618
12852;27;21823450;12852;586;14194;14815;4.03;0.25;391.83;20.68;1342;33;5082.00;621
12854;27;21823468;12854;583;14194;14815;3.97;0.24;391.81;20.68;1340;33;5083.00;621
12857;27;21823486;12857;582;14197;14819;3.97;0.24;391.78;20.68;1340;33;5084.00;622
12859;27;21823511;12859;578;14197;14821;3.96;0.24;391.76;20.68;1338;33;5085.00;624
12863;27;21823533;12863;579;14197;14821;3.90;0.24;391.83;20.68;1334;33;5086.00;624
12866;27;21823551;12866;569;14197;14821;3.85;0.24;391.79;20.68;1331;33;5087.00;624
12870;27;21823567;12870;570;14207;14834;3.86;0.24;391.75;20.66;1337;33;5088.00;627
12873;27;21823585;12873;572;14207;14834;3.79;0.23;391.74;20.66;1334;33;5089.00;627
12878;27;21823601;12878;571;14208;14834;3.77;0.23;391.67;20.67;1330;33;5090.00;626
12881;27;21823618;12881;557;14209;14835;3.80;0.23;391.64;20.67;1328;33;5091.00;626
12884;27;21823637;12884;544;14209;14836;3.81;0.23;391.60;20.67;1325;33;5092.00;627
12889;27;21823655;12889;539;14209;14836;3.84;0.23;391.59;20.67;1320;33;5093.00;627
12889;27;21823673;12889;547;14210;14839;3.94;0.24;391.59;20.67;1321;33;5094.00;629
12893;27;21823693;12893;545;14210;14839;4.02;0.24;391.63;20.67;1317;33;5095.00;629
12896;27;21823714;12896;556;14210;14839;4.04;0.25;391.65;20.67;1314;33;5096.00;629
12898;27;21823735;12898;549;14211;14839;4.10;0.25;391.62;20.68;1313;33;5097.00;628
12902;27;21823752;12902;547;14215;14845;4.15;0.25;391.58;20.68;1313;33;5098.00;630
12903;27;21823770;12903;546;14216;14845;4.18;0.25;391.60;20.69;1313;33;5099.00;629
12907;27;21823798;12907;553;14220;14864;4.19;0.25;391.56;20.69;1313;33;5100.00;644
12910;27;21823830;12910;545;14220;14864;4.25;0.26;391.56;20.69;1310;33;5101.00;644
12913;27;21823851;12913;547;14222;14868;4.24;0.26;391.50;20.79;1309;33;5102.00;646
12915;27;21823873;12915;542;14223;14869;4.25;0.26;391.50;20.80;1308;33;5103.00;646
12917;27;21823892;12917;543;14225;14869;4.26;0.26;391.50;20.83;1308;33;5104.00;644
12919;27;21823909;12919;539;14228;14870;4.28;0.26;391.48;20.84;1309;33;5105.00;642
12922;27;21823926;12922;531;14231;14870;4.30;0.26;391.45;20.85;1309;33;5106.00;639
12925;27;21823942;12925;526;14232;14870;4.31;0.26;391.49;20.87;1307;33;5107.00;638
12929;27;21823957;12929;526;14233;14870;4.34;0.26;391.48;20.89;1304;33;5108.00;637
12930;27;21823973;12930;515;14234;14870;4.41;0.27;391.45;20.91;1304;33;5109.00;636
12935;27;21823990;12935;510;14237;14870;4.47;0.27;391.47;20.95;1302;33;5110.00;633
12939;27;21824006;12939;501;14238;14870;4.50;0.27;391.59;20.96;1299;33;5111.00;632
12943;27;21824021;12943;510;14273;14940;4.61;0.28;391.60;20.94;1330;33;5112.00;667
12946;27;21824043;12946;499;14275;14941;4.62;0.28;391.58;20.96;1329;33;5113.00;666
12950;27;21824060;12950;495;14283;14941;4.65;0.28;391.57;20.99;1333;33;5114.00;658
12951;27;21824077;12951;503;14286;14941;4.66;0.28;391.60;21.00;1335;33;5115.00;655
12955;27;21824095;12955;508;14290;14941;4.69;0.29;391.58;21.04;1335;33;5116.00;651
12956;27;21824114;12956;501;14294;14941;4.71;0.29;391.59;21.07;1338;33;5117.00;647
12959;27;21824133;12959;502;14300;14941;4.68;0.29;391.59;21.18;1341;33;5118.00;641
12960;27;21824151;12960;510;14302;14941;4.67;0.28;391.68;21.20;1342;33;5119.00;639
12962;27;21824168;12962;512;14306;14942;4.67;0.28;391.66;21.22;1344;33;5120.00;636
12967;27;21824188;12967;515;14311;14943;4.59;0.28;391.69;21.34;1344;33;5121.00;632
12972;27;21824205;12972;503;14316;14943;4.55;0.28;391.72;21.37;1344;33;5122.00;627
12975;27;21824224;12975;508;14323;14947;4.51;0.27;391.81;21.39;1348;34;5123.00;624
12977;27;21824252;12977;507;14324;14947;4.48;0.27;391.79;21.39;1347;34;5124.00;623
12979;27;21824269;12979;509;14324;14947;4.50;0.27;391.77;21.39;1345;34;5125.00;623
12980;27;21824286;12980;503;14326;14947;4.51;0.27;391.78;21.41;1346;34;5126.00;621
12987;27;21824302;12987;506;14332;14953;4.52;0.27;391.81;21.53;1345;34;5127.00;621
12990;27;21824319;12990;508;14335;14953;4.53;0.28;391.76;21.56;1345;34;5128.00;618
12993;27;21824336;12993;518;14338;14953;4.56;0.28;391.90;21.57;1345;34;5129.00;615
12995;27;21824354;12995;521;14342;14959;4.59;0.28;391.96;21.60;1347;34;5130.00;617
12997;27;21824371;12997;512;14345;14959;4.64;0.28;391.99;21.64;1348;34;5131.00;614
13000;27;21824388;13000;502;14347;14959;4.64;0.28;392.06;21.63;1347;34;5132.00;612
13003;27;21824404;13003;486;14350;14960;4.68;0.28;392.12;21.67;1347;34;5133.00;610
13008;27;21824427;13008;481;14353;14961;4.70;0.29;392.15;21.68;1345;34;5134.00;608
13011;27;21824444;13011;487;14356;14961;4.73;0.29;392.17;21.70;1345;34;5135.00;605
13015;27;21824462;13015;474;14367;14974;4.77;0.29;392.24;21.70;1352;34;5136.00;607
13016;27;21824482;13016;474;14371;14974;4.73;0.29;392.22;21.81;1355;34;5137.00;603
13022;27;21824500;13022;476;14372;14974;4.64;0.28;392.33;21.83;1350;34;5138.00;602
13022;27;21824520;13022;478;14374;14975;4.64;0.28;392.33;21.85;1352;34;5139.00;601
13025;27;21824538;13025;484;14378;14975;4.60;0.28;392.57;21.85;1353;34;5140.00;597
13026;27;21824555;13026;497;14383;14979;4.57;0.28;392.60;21.87;1357;34;5141.00;596
13027;27;21824573;13027;486;14385;14979;4.55;0.28;392.61;21.89;1358;34;5142.00;594
13032;27;21824590;13032;488;14388;14983;4.55;0.28;392.71;21.89;1356;34;5143.00;595
13034;27;21824608;13034;494;14389;14983;4.55;0.28;392.69;21.90;1355;34;5144.00;594
13037;27;21824627;13037;488;14390;14983;4.57;0.28;392.79;21.91;1353;34;5145.00;593
13038;27;21824646;13038;495;14392;14983;4.59;0.28;392.78;21.93;1354;34;5146.00;591
13040;27;21824663;13040;492;14393;14983;4.60;0.28;392.83;21.94;1353;34;5147.00;590
13042;27;21824681;13042;500;14402;14995;4.63;0.28;392.81;21.93;1360;34;5148.00;593
13046;27;21824702;13046;502;14405;14995;4.64;0.28;392.80;21.95;1359;34;5149.00;590
13047;27;21824721;13047;514;14409;14995;4.68;0.29;392.81;21.98;1362;34;5150.00;586
13047;27;21824739;13047;517;14409;14995;4.77;0.29;392.81;21.98;1362;34;5151.00;586
13047;27;21824756;13047;522;14410;14995;4.81;0.29;392.81;21.99;1363;34;5152.00;585
13048;27;21824777;13048;531;14413;14995;4.82;0.29;392.85;22.10;1365;34;5153.00;582
13050;27;21824799;13050;533;14413;14996;4.83;0.29;392.92;22.10;1363;34;5154.00;583
13054;27;21824822;13054;534;14419;14998;4.82;0.29;392.99;22.12;1365;34;5155.00;579
13056;27;21824843;13056;537;14424;15004;4.81;0.29;392.98;22.12;1368;34;5156.00;580
13058;27;21824863;13058;540;14424;15005;4.85;0.29;393.01;22.12;1366;34;5157.00;581
13060;27;21824883;13060;544;14426;15005;4.89;0.30;393.07;22.13;1366;34;5158.00;579
13061;27;21824904;13061;541;14426;15005;4.91;0.30;393.10;22.13;1365;34;5159.00;579
13063;27;21824926;13063;542;14435;15010;4.91;0.30;393.17;22.16;1372;34;5160.00;575
13063;27;21824948;13063;538;14435;15010;4.91;0.30;393.17;22.16;1372;34;5161.00;575
13065;28;21824967;13065;548;14435;15010;4.90;0.30;393.21;22.16;1370;35;5162.00;575
13066;28;21825005;13066;546;14439;15011;4.90;0.30;393.28;22.18;1373;35;5163.00;572
13071;28;21825024;13071;545;14440;15015;4.87;0.30;393.42;22.18;1369;35;5164.00;575
13072;28;21825053;13072;538;14440;15015;4.86;0.30;393.40;22.18;1368;35;5165.00;575
13072;28;21825079;13072;537;14442;15018;4.88;0.30;393.40;22.19;1370;35;5166.00;576
13072;28;21825096;13072;529;14443;15018;4.89;0.30;393.40;22.19;1371;35;5167.00;575
13073;28;21825115;13073;528;14443;15018;4.92;0.30;393.39;22.19;1370;35;5168.00;575
13075;28;21825134;13075;516;14443;15018;4.96;0.30;393.36;22.19;1368;35;5169.00;575
13077;28;21825154;13077;512;14446;15022;4.97;0.30;393.45;22.19;1369;35;5170.00;576
13077;28;21825177;13077;508;14446;15022;5.01;0.31;393.45;22.19;1369;35;5171.00;576
13078;28;21825200;13078;502;14446;15022;5.03;0.31;393.46;22.19;1368;35;5172.00;576
13080;28;21825221;13080;494;14447;15022;5.05;0.31;393.44;22.29;1367;35;5173.00;575
13083;28;21825243;13083;496;14447;15023;5.08;0.31;393.55;22.29;1364;35;5174.00;576
13085;28;21825266;13085;483;14447;15025;5.07;0.31;393.65;22.29;1362;35;5175.00;578
13091;28;21825287;13091;484;14447;15025;5.08;0.31;393.74;22.29;1356;35;5176.00;578
13093;28;21825309;13093;475;14449;15026;5.12;0.31;393.75;22.29;1356;35;5177.00;577
13096;28;21825329;13096;476;14449;15026;5.14;0.31;393.81;22.29;1353;35;5178.00;577
13096;28;21825347;13096;459;14449;15026;5.15;0.31;393.81;22.29;1353;35;5179.00;577
13100;28;21825363;13100;455;14449;15026;5.11;0.31;393.85;22.29;1349;35;5180.00;577
13101;28;21825381;13101;462;14449;15026;5.07;0.31;393.85;22.29;1348;35;5181.00;577
13104;28;21825397;13104;458;14450;15026;5.04;0.31;393.90;22.30;1346;35;5182.00;576
13109;28;21825414;13109;449;14450;15026;5.02;0.31;394.02;22.30;1341;35;5183.00;576
13111;28;21825431;13111;476;14513;15153;5.06;0.31;394.09;22.20;1402;35;5184.00;640
13114;28;21825460;13114;455;14513;15154;5.06;0.31;394.20;22.20;1399;35;5185.00;641
13120;28;21825477;13120;452;14516;15154;5.01;0.31;394.25;22.20;1396;35;5186.00;638
13123;28;21825495;13123;444;14516;15154;4.98;0.31;394.26;22.20;1393;35;5187.00;638
13125;28;21825512;13125;443;14518;15154;4.94;0.30;394.28;22.20;1393;35;5188.00;636
13129;28;21825528;13129;454;14521;15154;4.91;0.30;394.31;22.19;1392;35;5189.00;633
13131;28;21825550;13131;454;14523;15154;4.92;0.30;394.32;22.19;1392;35;5190.00;631
13133;28;21825571;13133;464;14525;15154;4.93;0.30;394.30;22.19;1392;35;5191.00;629
13136;28;21825591;13136;467;14526;15155;4.92;0.30;394.45;22.19;1390;35;5192.00;629
13138;28;21825614;13138;474;14529;15156;4.96;0.30;394.46;22.19;1391;35;5193.00;627
13140;28;21825635;13140;485;14531;15156;4.97;0.31;394.50;22.18;1391;35;5194.00;625
13140;28;21825655;13140;485;14534;15157;5.00;0.31;394.50;22.18;1394;35;5195.00;623
13142;28;21825684;13142;495;14537;15157;5.00;0.31;394.57;22.18;1395;35;5196.00;620
13144;28;21825703;13144;503;14538;15157;4.97;0.31;394.65;22.18;1394;35;5197.00;619
13146;28;21825722;13146;509;14539;15157;4.97;0.31;394.66;22.18;1393;35;5198.00;618
13149;28;21825742;13149;523;14541;15161;4.94;0.30;394.66;22.18;1392;35;5199.00;620
13150;28;21825767;13150;536;14542;15161;4.89;0.30;394.65;22.18;1392;35;5200.00;619
13154;28;21825793;13154;541;14543;15161;4.82;0.30;394.71;22.17;1389;35;5201.00;618
13159;28;21825820;13159;548;14544;15164;4.80;0.29;394.77;22.17;1385;35;5202.00;620
13163;28;21825848;13163;548;14545;15164;4.77;0.29;394.91;22.17;1382;35;5203.00;619
13165;28;21825875;13165;554;14545;15164;4.75;0.29;394.90;22.17;1380;35;5204.00;619
13169;28;21825899;13169;563;14546;15168;4.70;0.29;394.89;22.17;1377;35;5205.00;622
13173;28;21825926;13173;572;14547;15169;4.64;0.28;394.93;22.17;1374;35;5206.00;622
13177;28;21825950;13177;583;14547;15169;4.55;0.28;395.03;22.17;1370;35;5207.00;622
13179;28;21825971;13179;587;14550;15173;4.54;0.28;395.03;22.16;1371;35;5208.00;623
13183;28;21825993;13183;588;14550;15173;4.47;0.27;395.14;22.16;1367;35;5209.00;623
13183;28;21826018;13183;588;14550;15173;4.47;0.27;395.14;22.16;1367;35;5210.00;623
13184;28;21826037;13184;594;14550;15174;4.43;0.27;395.17;22.16;1366;35;5211.00;624
13188;28;21826055;13188;586;14550;15174;4.42;0.27;395.12;22.16;1362;35;5212.00;624
13192;28;21826075;13192;596;14553;15180;4.42;0.27;395.12;22.16;1361;35;5213.00;627
13195;28;21826097;13195;596;14553;15180;4.44;0.27;395.14;22.16;1358;35;5214.00;627
13197;28;21826116;13197;599;14553;15180;4.40;0.27;395.15;22.16;1356;35;5215.00;627
13198;28;21826136;13198;598;14553;15181;4.36;0.27;395.17;22.16;1355;35;5216.00;628
13200;28;21826162;13200;608;14553;15181;4.36;0.27;395.14;22.16;1353;35;5217.00;628
13202;28;21826184;13202;610;14553;15181;4.33;0.26;395.10;22.16;1351;35;5218.00;628
13204;28;21826215;13204;617;14553;15181;4.28;0.26;395.11;22.16;1349;35;5219.00;628
13206;28;21826235;13206;613;14572;15217;4.38;0.27;395.06;22.13;1366;35;5220.00;645
13207;28;21826254;13207;615;14572;15217;4.35;0.27;395.08;22.13;1365;35;5221.00;645
13209;28;21826271;13209;621;14573;15217;4.31;0.26;395.15;22.13;1364;35;5222.00;644
13212;28;21826288;13212;627;14573;15217;4.28;0.26;395.21;22.13;1361;35;5223.00;644
13214;28;21826304;13214;625;14573;15217;4.22;0.26;395.19;22.13;1359;35;5224.00;644
13215;28;21826320;13215;628;14573;15217;4.22;0.26;395.19;22.13;1358;35;5225.00;644
13218;28;21826340;13218;629;14574;15221;4.23;0.26;395.15;22.13;1356;35;5226.00;647
13221;28;21826359;13221;629;14574;15221;4.19;0.26;395.14;22.13;1353;35;5227.00;647
13221;28;21826377;13221;627;14576;15225;4.21;0.26;395.14;22.13;1355;35;5228.00;649
13224;28;21826396;13224;634;14576;15226;4.18;0.26;395.08;22.13;1352;35;5229.00;650
13225;28;21826415;13225;639;14576;15226;4.15;0.25;395.11;22.13;1351;35;5230.00;650
13228;28;21826434;13228;646;14576;15226;4.08;0.25;395.14;22.13;1348;35;5231.00;650
13231;28;21826451;13231;649;14586;15239;4.07;0.25;395.08;22.11;1355;35;5232.00;653
13233;28;21826469;13233;652;14586;15239;4.07;0.25;395.03;22.11;1353;35;5233.00;653
13235;28;21826486;13235;647;14586;15239;4.01;0.24;395.00;22.11;1351;35;5234.00;653
13240;28;21826504;13240;647;14587;15240;4.00;0.24;394.91;22.11;1347;35;5235.00;653
13241;28;21826521;13241;642;14587;15241;4.02;0.24;394.91;22.11;1346;35;5236.00;654
13242;28;21826538;13242;641;14587;15241;4.03;0.25;394.89;22.11;1345;35;5237.00;654
13246;28;21826556;13246;637;14588;15244;4.05;0.25;394.85;22.11;1342;35;5238.00;656
13248;28;21826584;13248;643;14588;15244;4.04;0.25;394.90;22.11;1340;35;5239.00;656
13248;28;21826599;13248;650;14588;15244;4.00;0.24;394.90;22.11;1340;35;5240.00;656
13249;28;21826615;13249;655;14588;15244;3.95;0.24;394.89;22.11;1339;35;5241.00;656
13251;28;21826632;13251;663;14591;15250;3.92;0.24;394.87;22.10;1340;35;5242.00;659
13254;28;21826648;13254;661;14591;15250;3.83;0.23;394.84;22.10;1337;35;5243.00;659
13258;28;21826664;13258;663;14591;15250;3.74;0.23;394.81;22.10;1333;35;5244.00;659
13260;28;21826679;13260;676;14592;15250;3.68;0.22;394.79;22.12;1332;35;5245.00;658
13263;28;21826696;13263;675;14594;15254;3.58;0.22;394.74;22.13;1331;35;5246.00;660
13267;28;21826712;13267;686;14594;15255;3.43;0.21;394.78;22.13;1327;35;5247.00;661
13268;28;21826727;13268;673;14594;15255;3.35;0.20;394.77;22.13;1326;35;5248.00;661
13272;28;21826749;13272;671;14595;15256;3.28;0.20;394.74;22.12;1323;35;5249.00;661
13273;28;21826767;13273;646;14595;15256;3.28;0.20;394.75;22.12;1322;35;5250.00;661
13275;28;21826783;13275;642;14595;15256;3.29;0.20;394.73;22.12;1320;35;5251.00;661
13279;28;21826800;13279;629;14595;15256;3.31;0.20;394.67;22.12;1316;35;5252.00;661
13280;29;21826817;13280;615;14595;15256;3.35;0.20;394.66;22.12;1315;36;5253.00;661
13282;30;21826847;13282;605;14596;15256;3.43;0.21;394.70;22.14;1314;37;5254.00;660
13284;30;21826875;13284;603;14596;15256;3.50;0.21;394.67;22.14;1312;37;5255.00;660
13288;31;21826897;13288;601;14624;15326;3.76;0.23;394.62;22.09;1336;38;5256.00;702
13289;31;21826932;13289;595;14627;15327;3.86;0.24;394.62;22.09;1338;38;5257.00;700
13290;31;21826948;13290;573;14633;15327;3.94;0.24;394.63;22.08;1343;38;5258.00;694
13292;31;21826970;13292;552;14635;15327;3.96;0.24;394.64;22.08;1343;38;5259.00;692
13293;31;21826985;13293;541;14637;15327;4.03;0.25;394.63;22.08;1344;38;5260.00;690
13295;31;21827002;13295;529;14637;15327;4.07;0.25;394.64;22.08;1342;38;5261.00;690
13296;31;21827017;13296;515;14640;15327;4.15;0.25;394.65;22.08;1344;38;5262.00;687
13297;31;21827038;13297;523;14640;15327;4.17;0.25;394.65;22.08;1343;38;5263.00;687
13301;31;21827059;13301;517;14642;15328;4.20;0.26;394.67;22.07;1341;38;5264.00;686
13303;31;21827075;13303;506;14644;15330;4.25;0.26;394.66;22.07;1341;38;5265.00;686
13307;31;21827090;13307;510;14646;15330;4.29;0.26;394.63;22.07;1339;38;5266.00;684
13309;31;21827106;13309;514;14652;15334;4.35;0.26;394.61;22.10;1343;38;5267.00;682
13311;31;21827124;13311;506;14653;15334;4.38;0.27;394.59;22.10;1342;39;5268.00;681
13313;31;21827149;13313;505;14653;15334;4.46;0.27;394.63;22.10;1340;39;5269.00;681
13315;31;21827167;13315;498;14653;15334;4.51;0.27;394.61;22.10;1338;39;5270.00;681
13322;31;21827184;13322;492;14657;15340;4.51;0.27;394.63;22.09;1335;39;5271.00;683
13326;31;21827202;13326;495;14658;15340;4.55;0.28;394.63;22.11;1332;39;5272.00;682
13330;31;21827218;13330;491;14658;15340;4.57;0.28;394.61;22.11;1328;39;5273.00;682
13335;31;21827233;13335;486;14659;15343;4.58;0.28;394.75;22.11;1324;39;5274.00;684
13338;31;21827250;13338;483;14660;15343;4.57;0.28;394.71;22.12;1322;39;5275.00;683
13342;31;21827266;13342;480;14660;15343;4.60;0.28;394.75;22.12;1318;39;5276.00;683
13347;31;21827282;13347;482;14661;15344;4.60;0.28;394.78;22.14;1314;39;5277.00;683
13351;31;21827306;13351;482;14665;15345;4.63;0.28;394.86;22.16;1314;39;5278.00;680
13352;31;21827324;13352;471;14667;15345;4.71;0.29;394.86;22.19;1315;39;5279.00;678
13357;31;21827346;13357;469;14686;15371;4.82;0.29;394.91;22.18;1329;39;5280.00;685
13361;31;21827367;13361;468;14688;15371;4.84;0.29;394.93;22.29;1327;39;5281.00;683
13361;31;21827386;13361;457;14691;15371;4.90;0.30;394.93;22.30;1330;39;5282.00;680
13364;31;21827402;13364;452;14692;15372;4.93;0.30;394.98;22.31;1328;39;5283.00;680
13371;31;21827419;13371;451;14695;15372;4.91;0.30;395.16;22.35;1324;39;5284.00;677
13373;31;21827434;13373;452;14700;15376;4.93;0.30;395.14;22.39;1327;39;5285.00;676
13377;31;21827451;13377;455;14704;15376;4.93;0.30;395.22;22.43;1327;39;5286.00;672
13381;31;21827467;13381;449;14706;15379;4.91;0.30;395.27;22.44;1325;39;5287.00;673
13383;31;21827485;13383;455;14711;15380;4.89;0.30;395.28;22.47;1328;39;5288.00;669
13388;31;21827502;13388;460;14712;15380;4.91;0.30;395.44;22.49;1324;39;5289.00;668
13392;31;21827520;13392;464;14714;15380;4.89;0.30;395.47;22.50;1322;39;5290.00;666
13394;31;21827538;13394;464;14715;15380;4.87;0.30;395.56;22.51;1321;39;5291.00;665
13397;31;21827556;13397;468;14728;15392;4.91;0.30;395.65;22.54;1331;39;5292.00;664
13399;31;21827578;13399;479;14730;15392;4.86;0.30;395.63;22.57;1331;39;5293.00;662
13403;31;21827597;13403;483;14733;15392;4.82;0.30;395.72;22.58;1330;39;5294.00;659
13410;31;21827616;13410;493;14735;15392;4.71;0.29;395.76;22.60;1325;39;5295.00;657
13414;31;21827635;13414;489;14738;15392;4.65;0.28;395.76;22.62;1324;39;5296.00;654
13416;31;21827654;13416;480;14740;15392;4.63;0.28;395.73;22.64;1324;39;5297.00;652
13418;31;21827674;13418;466;14743;15393;4.65;0.28;395.68;22.75;1325;39;5298.00;650
13421;31;21827695;13421;463;14747;15393;4.64;0.28;395.79;22.78;1326;39;5299.00;646
13422;31;21827715;13422;460;14751;15399;4.67;0.29;395.77;22.79;1329;39;5300.00;648
13425;31;21827737;13425;466;14752;15400;4.69;0.29;395.90;22.79;1327;39;5301.00;648
13429;31;21827756;13429;470;14753;15400;4.73;0.29;396.05;22.80;1324;39;5302.00;647
13430;31;21827774;13430;467;14754;15400;4.77;0.29;396.08;22.81;1324;39;5303.00;646
13431;31;21827795;13431;479;14759;15404;4.80;0.29;396.16;22.81;1328;39;5304.00;645
13434;31;21827821;13434;487;14762;15404;4.84;0.29;396.33;22.84;1328;39;5305.00;642
13439;31;21827846;13439;475;14764;15404;4.83;0.29;396.39;22.86;1325;39;5306.00;640
13441;31;21827879;13441;461;14767;15405;4.85;0.29;396.48;22.87;1326;39;5307.00;638
13441;31;21827903;13441;455;14769;15409;4.94;0.30;396.48;22.88;1328;39;5308.00;640
13445;31;21827925;13445;451;14770;15409;4.93;0.30;396.66;22.90;1325;39;5309.00;639
13449;31;21827948;13449;450;14773;15415;4.92;0.30;396.70;22.91;1324;39;5310.00;642
13449;31;21827968;13449;454;14775;15415;4.96;0.30;396.70;22.92;1326;39;5311.00;640
13453;31;21827986;13453;453;14779;15415;4.96;0.30;396.77;22.95;1326;39;5312.00;636
13455;31;21828007;13455;462;14780;15415;4.97;0.30;396.77;23.05;1325;39;5313.00;635
13458;31;21828028;13458;459;14785;15419;4.95;0.30;396.91;23.06;1327;39;5314.00;634
13460;31;21828049;13460;461;14786;15419;4.95;0.30;396.90;23.06;1326;39;5315.00;633
13463;31;21828069;13463;459;14788;15419;4.95;0.30;396.90;23.08;1325;39;5316.00;631
13465;31;21828088;13465;457;14789;15419;4.93;0.30;396.96;23.09;1324;39;5317.00;630
13471;31;21828106;13471;463;14792;15420;4.89;0.30;397.04;23.11;1321;39;5318.00;628
13472;31;21828124;13472;453;14795;15421;4.92;0.30;397.02;23.12;1323;39;5319.00;626
13475;31;21828142;13475;449;14796;15421;4.94;0.30;397.15;23.13;1321;39;5320.00;625
13478;31;21828159;13478;447;14798;15422;4.93;0.30;397.22;23.14;1320;39;5321.00;624
13480;31;21828175;13480;454;14800;15422;4.90;0.30;397.28;23.15;1320;39;5322.00;622
13481;31;21828193;13481;455;14802;15422;4.90;0.30;397.28;23.16;1321;39;5323.00;620
13485;31;21828209;13485;454;14805;15422;4.91;0.30;397.35;23.18;1320;39;5324.00;617
13486;31;21828225;13486;460;14805;15422;4.94;0.30;397.36;23.18;1319;39;5325.00;617
13490;31;21828241;13490;455;14806;15422;4.94;0.30;397.42;23.18;1316;39;5326.00;616
13493;31;21828257;13493;456;14809;15422;4.98;0.30;397.43;23.20;1316;39;5327.00;613
13494;31;21828273;13494;470;14872;15549;5.11;0.32;397.46;23.11;1378;39;5328.00;677
13494;31;21828299;13494;461;14878;15550;5.14;0.32;397.46;23.11;1384;39;5329.00;672
13498;31;21828316;13498;464;14881;15550;5.17;0.32;397.42;23.11;1383;39;5330.00;669
13500;31;21828333;13500;458;14884;15550;5.20;0.32;397.46;23.12;1384;39;5331.00;666
13504;31;21828350;13504;466;14888;15550;5.22;0.32;397.64;23.12;1384;39;5332.00;662
13505;31;21828366;13505;470;14891;15550;5.22;0.32;397.67;23.14;1386;39;5333.00;659
13508;31;21828383;13508;474;14893;15550;5.25;0.32;397.70;23.13;1385;39;5334.00;657
13508;31;21828400;13508;486;14898;15550;5.31;0.33;397.70;23.15;1390;39;5335.00;652
13510;31;21828419;13510;496;14900;15551;5.33;0.33;397.78;23.15;1390;39;5336.00;651
13513;31;21828438;13513;497;14902;15552;5.34;0.33;397.81;23.15;1389;39;5337.00;650
13514;31;21828464;13514;497;14907;15552;5.33;0.33;397.86;23.16;1393;39;5338.00;645
13516;31;21828482;13516;499;14910;15553;5.28;0.33;397.91;23.17;1394;39;5339.00;643
13517;31;21828503;13517;508;14912;15553;5.27;0.33;397.94;23.18;1395;39;5340.00;641
13523;31;21828522;13523;501;14914;15553;5.22;0.32;398.11;23.17;1391;39;5341.00;639
13525;31;21828542;13525;498;14915;15553;5.22;0.32;398.16;23.18;1390;39;5342.00;638
13527;31;21828564;13527;497;14919;15557;5.22;0.32;398.19;23.28;1392;39;5343.00;638
13531;31;21828584;13531;497;14922;15557;5.15;0.32;398.26;23.30;1391;39;5344.00;635
13536;31;21828604;13536;498;14924;15557;5.07;0.31;398.33;23.30;1388;39;5345.00;633
13538;31;21828623;13538;501;14926;15560;5.00;0.31;398.42;23.31;1388;39;5346.00;634
13538;31;21828644;13538;494;14926;15560;4.98;0.30;398.42;23.31;1388;39;5347.00;634
13540;31;21828662;13540;501;14928;15560;5.00;0.30;398.41;23.33;1388;39;5348.00;632
13541;31;21828681;13541;499;14929;15564;5.03;0.31;398.44;23.34;1388;39;5349.00;635
13543;31;21828700;13543;492;14931;15565;5.06;0.31;398.47;23.35;1388;39;5350.00;634
13545;31;21828720;13545;488;14931;15565;5.07;0.31;398.54;23.35;1386;39;5351.00;634
13548;31;21828739;13548;491;14934;15569;5.05;0.31;398.54;23.34;1386;39;5352.00;635
13552;31;21828760;13552;484;14935;15569;4.98;0.30;398.59;23.35;1383;39;5353.00;634
13556;31;21828791;13556;488;14938;15569;4.93;0.30;398.75;23.47;1382;39;5354.00;631
13557;31;21828819;13557;484;14941;15571;4.92;0.30;398.78;23.59;1384;39;5355.00;630
13561;31;21828835;13561;483;14941;15571;4.91;0.30;398.86;23.59;1380;39;5356.00;630
13564;31;21828852;13564;477;14945;15577;4.94;0.30;398.87;23.59;1381;39;5357.00;632
13571;31;21828869;13571;474;14950;15577;4.89;0.30;398.93;23.72;1379;39;5358.00;627
13572;31;21828888;13572;482;14951;15577;4.86;0.30;398.91;23.73;1379;39;5359.00;626
13575;31;21828904;13575;483;14951;15578;4.84;0.30;398.92;23.73;1376;39;5360.00;627
13580;31;21828921;13580;484;14952;15578;4.81;0.29;398.95;23.72;1372;39;5361.00;626
13581;31;21828939;13581;480;14954;15578;4.79;0.29;398.98;23.83;1373;39;5362.00;624
13584;31;21828955;13584;475;14954;15578;4.80;0.29;399.02;23.83;1370;39;5363.00;624
13587;31;21828972;13587;483;14962;15590;4.82;0.30;399.05;23.82;1375;39;5364.00;628
13589;31;21828993;13589;492;14965;15590;4.78;0.29;399.13;23.93;1376;39;5365.00;625
13592;31;21829015;13592;489;14965;15590;4.76;0.29;399.19;23.93;1373;39;5366.00;625
13595;31;21829035;13595;498;14965;15590;4.75;0.29;399.14;23.93;1370;39;5367.00;625
13598;31;21829054;13598;503;14967;15590;4.76;0.29;399.13;24.03;1369;39;5368.00;623
13602;31;21829071;13602;501;14968;15590;4.71;0.29;399.17;24.15;1366;39;5369.00;622
13603;31;21829090;13603;503;14970;15594;4.73;0.29;399.15;24.24;1367;39;5370.00;624
13607;31;21829107;13607;501;14972;15594;4.71;0.29;399.21;24.25;1365;39;5371.00;622
13609;31;21829125;13609;510;14974;15598;4.73;0.29;399.21;24.25;1365;39;5372.00;624
13609;31;21829143;13609;512;14974;15599;4.72;0.29;399.21;24.25;1365;39;5373.00;625
13611;31;21829160;13611;512;14974;15599;4.68;0.29;399.21;24.25;1363;39;5374.00;625
13615;31;21829179;13615;516;14976;15599;4.63;0.28;399.32;24.26;1361;39;5375.00;623
13617;31;21829205;13617;519;14985;15612;4.59;0.28;399.30;24.24;1368;39;5376.00;627
13619;31;21829226;13619;521;14987;15612;4.57;0.28;399.25;24.36;1368;39;5377.00;625
13621;31;21829246;13621;528;14988;15612;4.55;0.28;399.25;24.36;1367;39;5378.00;624
13624;31;21829264;13624;545;14989;15613;4.50;0.27;399.19;24.36;1365;39;5379.00;624
13626;31;21829283;13626;551;14990;15614;4.49;0.27;399.23;24.48;1364;39;5380.00;624
13627;31;21829301;13627;561;14990;15614;4.52;0.28;399.20;24.48;1363;39;5381.00;624
13627;31;21829319;13627;571;14991;15617;4.53;0.28;399.20;24.48;1364;39;5382.00;626
13629;31;21829337;13629;585;14992;15617;4.48;0.27;399.18;24.59;1363;39;5383.00;625
13631;31;21829366;13631;582;14992;15617;4.46;0.27;399.15;24.59;1361;39;5384.00;625
13633;31;21829385;13633;581;14992;15617;4.43;0.27;399.22;24.59;1359;39;5385.00;625
13636;31;21829404;13636;589;14997;15623;4.40;0.27;399.31;24.70;1361;39;5386.00;626
13638;31;21829422;13638;599;14997;15623;4.34;0.27;399.26;24.70;1359;39;5387.00;626
13644;31;21829440;13644;612;14998;15623;4.26;0.26;399.34;24.81;1354;39;5388.00;625
13647;31;21829461;13647;610;14998;15623;4.19;0.26;399.34;24.81;1351;39;5389.00;625
13648;31;21829478;13648;610;14999;15627;4.15;0.25;399.34;24.81;1351;39;5390.00;628
13649;31;21829498;13649;616;15000;15628;4.13;0.25;399.32;24.93;1351;39;5391.00;628
13652;31;21829516;13652;623;15000;15628;4.06;0.25;399.30;24.93;1348;39;5392.00;628
13654;31;21829533;13654;625;15002;15629;4.05;0.25;399.32;25.04;1348;39;5393.00;627
13655;31;21829552;13655;621;15002;15629;4.04;0.25;399.29;25.04;1347;39;5394.00;627
13655;31;21829569;13655;628;15002;15629;3.98;0.24;399.29;25.04;1347;39;5395.00;627
13657;31;21829584;13657;633;15002;15629;3.92;0.24;399.32;25.04;1345;39;5396.00;627
13659;31;21829599;13659;632;15002;15629;3.87;0.24;399.33;25.04;1343;39;5397.00;627
13660;31;21829613;13660;633;15002;15629;3.82;0.23;399.32;25.04;1342;39;5398.00;627
13662;31;21829626;13662;626;15002;15629;3.76;0.23;399.29;25.04;1340;39;5399.00;627
