step_arrived;step_collisions;step_duration;step_ended;step_halting;step_inserted;step_loaded;step_meanSpeed;step_meanSpeedRelative;step_meanTravelTime;step_meanWaitingTime;step_running;step_teleports;step_time;step_waiting
0;0;622889617;0;1;89;245;16.20;1.14;-1.00;0.00;89;0;0.00;156
0;0;622889645;0;0;100;245;15.35;1.07;-1.00;0.11;100;0;1.00;145
0;0;622889646;0;1;122;245;14.48;0.99;-1.00;0.45;122;0;2.00;123
0;0;622889647;0;3;136;245;13.47;0.91;-1.00;0.71;136;0;3.00;109
0;0;622889649;0;2;148;245;12.70;0.85;-1.00;0.98;148;0;4.00;97
0;0;622889650;0;5;159;245;11.70;0.78;-1.00;1.26;159;0;5.00;86
0;0;622889652;0;8;170;245;10.83;0.72;-1.00;1.56;170;0;6.00;75
0;0;622889653;0;13;177;245;10.28;0.68;-1.00;1.78;177;0;7.00;68
0;0;622889655;0;18;186;246;9.71;0.64;-1.00;2.08;186;0;8.00;60
0;0;622889657;0;18;191;247;9.37;0.62;-1.00;2.26;191;0;9.00;56
0;0;622889659;0;26;197;247;9.14;0.60;-1.00;2.50;197;0;10.00;50
0;0;622889661;0;31;202;248;8.83;0.58;-1.00;2.66;202;0;11.00;46
1;0;622889664;1;36;205;248;8.55;0.56;12.00;2.80;204;0;12.00;43
1;0;622889666;1;37;209;248;8.40;0.55;12.00;2.99;208;0;13.00;39
2;0;622889668;2;42;211;248;8.29;0.54;13.00;3.09;209;0;14.00;37
2;0;622889671;2;43;218;252;8.15;0.53;13.00;3.35;216;0;15.00;34
2;0;622889674;2;48;221;252;8.05;0.52;13.00;3.52;219;0;16.00;31
3;0;622889676;3;52;224;252;7.97;0.51;14.33;3.70;221;0;17.00;28
4;0;622889678;4;57;228;255;7.90;0.50;15.25;3.95;224;0;18.00;27
4;0;622889681;4;64;230;255;7.94;0.50;15.25;4.08;226;0;19.00;25
4;0;622889684;4;69;233;255;8.06;0.51;15.25;4.29;229;0;20.00;22
5;0;622889687;5;79;240;259;8.16;0.52;16.40;4.41;235;0;21.00;19
5;0;622889690;5;77;241;260;8.29;0.52;16.40;4.43;236;0;22.00;19
6;0;622889693;6;82;244;260;8.31;0.53;17.33;4.58;238;0;23.00;16
6;0;622889696;6;84;248;264;8.27;0.52;17.33;4.62;242;0;24.00;16
6;0;622889699;6;89;250;264;8.43;0.53;17.33;4.59;244;0;25.00;14
6;0;622889701;6;90;250;264;8.52;0.53;17.33;4.59;244;0;26.00;14
6;0;622889704;6;92;250;265;8.47;0.53;17.33;4.59;244;0;27.00;15
7;0;622889708;7;92;250;265;8.37;0.52;18.86;4.59;243;0;28.00;15
7;0;622889711;7;93;257;271;8.28;0.51;18.86;4.65;250;0;29.00;14
7;0;622889716;7;94;257;271;8.19;0.51;18.86;4.65;250;0;30.00;14
8;0;622889719;8;99;258;272;8.09;0.50;20.00;4.64;250;0;31.00;14
9;0;622889722;9;100;258;272;7.98;0.49;21.33;4.64;249;0;32.00;14
10;0;622889726;10;106;259;272;7.87;0.49;22.50;4.75;249;0;33.00;13
10;0;622889729;10;110;260;272;7.89;0.49;22.50;4.79;250;0;34.00;12
11;0;622889733;11;113;261;272;7.85;0.49;23.09;4.91;250;0;35.00;11
11;0;622889737;11;114;271;284;8.18;0.51;23.09;4.73;260;0;36.00;13
12;0;622889741;12;115;271;284;8.15;0.50;23.92;4.73;259;0;37.00;13
12;0;622889745;12;117;272;284;8.03;0.50;23.92;4.85;260;0;38.00;12
13;0;622889748;13;120;273;284;7.87;0.49;24.69;4.97;260;0;39.00;11
13;0;622889751;13;121;274;284;7.75;0.48;24.69;5.10;261;0;40.00;10
15;0;622889755;15;124;275;284;7.65;0.48;26.53;5.13;260;0;41.00;9
15;0;622889758;15;128;280;288;7.71;0.48;26.53;5.20;265;0;42.00;8
17;0;622889761;17;131;280;288;7.56;0.47;26.82;5.20;263;0;43.00;8
17;0;622889765;17;133;283;292;7.54;0.47;26.82;5.16;266;0;44.00;9
18;0;622889768;18;135;285;294;7.37;0.46;27.50;5.25;267;0;45.00;9
18;0;622889772;18;138;286;294;7.20;0.45;27.50;5.33;268;0;46.00;8
18;0;622889775;18;143;287;294;7.09;0.44;27.50;5.38;269;0;47.00;7
18;0;622889778;18;144;298;307;7.36;0.46;27.50;5.22;280;0;48.00;9
18;0;622889782;18;144;300;307;7.16;0.45;27.50;5.24;282;0;49.00;7
19;0;622889784;19;143;301;307;7.11;0.44;28.68;5.25;282;0;50.00;6
20;0;622889787;20;146;302;308;7.10;0.44;29.75;5.24;282;0;51.00;6
21;0;622889790;21;147;303;309;7.12;0.44;30.67;5.22;282;0;52.00;6
21;0;622889793;21;150;303;309;7.15;0.44;30.67;5.22;282;0;53.00;6
21;0;622889796;21;150;307;312;7.27;0.45;30.67;5.17;286;0;54.00;5
23;0;622889799;23;152;307;312;7.07;0.43;31.78;5.17;284;0;55.00;5
23;0;622889802;23;144;307;312;7.08;0.44;31.78;5.17;284;0;56.00;5
26;0;622889805;26;140;307;312;6.95;0.43;33.69;5.17;281;0;57.00;5
27;0;622889808;27;140;313;318;7.02;0.43;33.26;5.09;286;0;58.00;5
27;0;622889812;27;139;313;318;7.09;0.44;33.26;5.09;286;0;59.00;5
28;0;622889817;28;143;313;318;7.12;0.44;34.21;5.09;285;0;60.00;5
28;0;622889820;28;145;313;318;7.28;0.45;34.21;5.09;285;0;61.00;5
28;0;622889823;28;147;317;322;7.40;0.46;34.21;5.04;289;0;62.00;5
29;0;622889826;29;150;318;323;7.53;0.46;33.76;5.03;289;0;63.00;5
29;0;622889829;29;150;318;323;7.65;0.47;33.76;5.03;289;0;64.00;5
32;0;622889832;32;152;319;324;7.77;0.48;36.31;5.01;287;0;65.00;5
32;0;622889835;32;152;319;324;7.81;0.48;36.31;5.01;287;0;66.00;5
33;0;622889838;33;143;319;324;7.94;0.49;37.18;5.01;286;0;67.00;5
33;0;622889842;33;138;319;324;8.02;0.49;37.18;5.01;286;0;68.00;5
35;0;622889845;35;136;319;324;8.01;0.49;38.40;5.01;284;0;69.00;5
35;0;622889849;35;133;319;324;8.14;0.50;38.40;5.01;284;0;70.00;5
35;0;622889855;35;130;319;324;8.33;0.51;38.40;5.01;284;0;71.00;5
35;0;622889858;35;134;353;394;8.50;0.52;38.40;4.53;318;0;72.00;41
36;0;622889868;36;126;354;395;8.57;0.53;39.36;4.52;318;0;73.00;41
36;0;622889873;36;118;362;395;8.85;0.54;39.36;4.46;326;0;74.00;33
36;0;622889876;36;118;366;395;9.10;0.56;39.36;4.45;330;0;75.00;29
37;0;622889880;37;116;368;395;9.31;0.57;40.35;4.45;331;0;76.00;27
37;0;622889884;37;114;370;395;9.49;0.58;40.35;4.45;333;0;77.00;25
37;0;622889888;37;113;372;395;9.60;0.59;40.35;4.46;335;0;78.00;23
37;0;622889891;37;117;375;395;9.68;0.59;40.35;4.48;338;0;79.00;20
38;0;622889896;38;119;376;396;9.70;0.59;41.39;4.49;338;0;80.00;20
40;0;622889900;40;116;378;397;9.62;0.59;42.92;4.51;338;0;81.00;19
41;0;622889904;41;120;380;397;9.62;0.59;43.88;4.52;339;0;82.00;17
41;0;622889908;41;122;385;401;9.52;0.58;43.88;4.50;344;0;83.00;16
42;0;622889913;42;124;386;401;9.51;0.58;44.81;4.50;344;0;84.00;15
42;0;622889917;42;128;386;401;9.40;0.57;44.81;4.50;344;0;85.00;15
42;0;622889920;42;129;386;401;9.26;0.57;44.81;4.50;344;0;86.00;15
44;0;622889925;44;128;391;407;9.15;0.56;46.64;4.45;347;0;87.00;16
45;0;622889929;45;128;391;407;9.04;0.55;47.49;4.45;346;0;88.00;16
47;0;622889933;47;131;391;407;8.96;0.54;49.26;4.45;344;0;89.00;16
48;0;622889939;48;134;395;413;9.03;0.55;50.10;4.41;347;0;90.00;18
51;0;622889943;51;138;395;413;8.86;0.54;52.51;4.41;344;0;91.00;18
55;0;622889947;55;141;397;413;8.76;0.53;55.24;4.40;342;0;92.00;16
55;0;622889951;55;135;398;414;8.75;0.53;55.24;4.39;343;0;93.00;16
56;0;622889955;56;136;399;415;8.73;0.53;55.93;4.38;343;0;94.00;16
57;0;622889961;57;137;399;415;8.66;0.53;56.58;4.38;342;0;95.00;16
59;0;622889969;59;138;410;428;8.50;0.52;56.63;4.26;351;0;96.00;18
61;0;622889975;61;136;410;428;8.42;0.51;57.95;4.26;349;0;97.00;18
63;0;622889983;63;131;410;428;8.39;0.51;59.22;4.26;347;0;98.00;18
64;0;622889991;64;131;411;429;8.51;0.52;59.78;4.25;347;0;99.00;18
65;0;622890001;65;128;411;429;8.57;0.52;60.32;4.25;346;0;100.00;18
65;0;622890015;65;125;414;433;8.78;0.54;60.32;4.23;349;0;101.00;19
66;0;622890025;66;120;414;433;8.88;0.54;60.95;4.23;348;0;102.00;19
66;0;622890033;66;117;418;437;8.85;0.54;60.95;4.20;352;0;103.00;19
66;0;622890039;66;110;418;437;9.04;0.55;60.95;4.20;352;0;104.00;19
66;0;622890045;66;106;420;437;9.20;0.56;60.95;4.33;354;0;105.00;17
69;0;622890053;69;98;420;437;9.37;0.57;62.75;4.33;351;0;106.00;17
69;0;622890059;69;94;420;437;9.58;0.58;62.75;4.33;351;0;107.00;17
70;0;622890066;70;88;430;449;9.81;0.60;63.10;4.23;360;0;108.00;19
70;0;622890075;70;82;431;449;9.99;0.61;63.10;4.23;361;0;109.00;18
71;0;622890082;71;76;432;449;10.15;0.62;63.76;4.22;361;0;110.00;17
72;0;622890088;72;74;432;449;10.29;0.63;64.42;4.22;360;0;111.00;17
72;0;622890093;72;73;432;449;10.53;0.65;64.42;4.22;360;0;112.00;17
73;0;622890099;73;71;432;449;10.67;0.65;64.59;4.22;359;0;113.00;17
73;0;622890104;73;73;433;450;10.77;0.66;64.59;4.21;360;0;114.00;17
74;0;622890109;74;70;433;450;10.89;0.67;65.27;4.21;359;0;115.00;17
74;0;622890114;74;68;439;456;11.04;0.67;65.27;4.43;365;0;116.00;17
75;0;622890119;75;69;439;457;11.07;0.68;65.96;4.43;364;0;117.00;18
75;0;622890124;75;70;440;457;11.06;0.68;65.96;4.42;365;0;118.00;17
76;0;622890130;76;71;441;457;11.07;0.68;66.66;4.68;365;0;119.00;16
77;0;622890136;77;74;445;462;11.22;0.69;67.30;4.64;368;0;120.00;17
77;0;622890143;77;74;447;462;11.21;0.69;67.30;4.84;370;0;121.00;15
77;0;622890156;77;76;447;462;11.23;0.69;67.30;4.84;370;0;122.00;15
77;0;622890161;77;79;449;463;11.29;0.69;67.30;5.09;372;0;123.00;14
79;0;622890167;79;82;454;467;11.18;0.68;68.70;5.16;375;0;124.00;13
80;0;622890173;80;84;456;467;11.22;0.69;69.40;5.42;376;0;125.00;11
84;0;622890178;84;87;459;470;11.19;0.68;71.86;5.51;375;0;126.00;11
85;0;622890185;85;91;463;470;11.21;0.68;72.51;5.84;378;0;127.00;7
87;0;622890190;87;93;463;470;11.27;0.69;73.37;5.84;376;0;128.00;7
88;0;622890196;88;91;466;470;11.31;0.69;73.99;6.02;378;0;129.00;4
88;0;622890201;88;89;469;474;11.49;0.70;73.99;5.98;381;0;130.00;5
89;0;622890207;89;93;470;474;11.52;0.71;74.54;6.10;381;0;131.00;4
90;0;622890220;90;92;471;474;11.54;0.71;75.16;6.09;381;0;132.00;3
91;0;622890226;91;92;472;474;11.58;0.71;75.00;6.15;381;0;133.00;2
91;0;622890232;91;93;473;475;11.63;0.71;75.00;6.14;382;0;134.00;2
93;0;622890238;93;94;476;477;11.46;0.70;75.10;6.19;383;0;135.00;1
94;0;622890244;94;95;477;477;11.39;0.70;75.48;6.21;383;0;136.00;0
95;0;622890252;95;96;478;478;11.33;0.70;76.13;6.20;383;0;137.00;0
95;0;622890257;95;98;478;478;11.36;0.70;76.13;6.20;383;0;138.00;0
96;0;622890264;96;101;478;478;11.42;0.70;76.03;6.20;382;0;139.00;0
97;0;622890269;97;101;478;478;11.53;0.71;75.95;6.20;381;0;140.00;0
98;0;622890275;98;101;478;478;11.68;0.72;76.55;6.20;380;0;141.00;0
100;0;622890281;100;102;478;478;11.83;0.73;77.39;6.20;378;0;142.00;0
104;0;622890287;104;103;478;478;11.92;0.74;79.43;6.20;374;0;143.00;0
105;0;622890293;105;125;554;605;11.59;0.73;80.05;5.35;449;0;144.00;51
108;0;622890310;108;117;558;606;11.60;0.73;81.41;5.32;450;0;145.00;48
110;0;622890317;110;111;565;606;11.66;0.73;82.39;5.28;455;0;146.00;41
114;0;622890324;114;111;568;606;11.53;0.72;84.01;5.27;454;0;147.00;38
118;0;622890330;118;112;574;606;11.48;0.72;85.00;5.25;456;0;148.00;32
121;0;622890336;121;108;575;606;11.28;0.70;86.34;5.25;454;0;149.00;31
122;0;622890346;122;110;580;611;11.16;0.69;86.86;5.24;458;0;150.00;31
122;0;622890357;122;110;583;611;11.22;0.70;86.86;5.25;461;0;151.00;28
122;0;622890367;122;110;586;612;11.23;0.70;86.86;5.26;464;0;152.00;26
124;0;622890376;124;110;591;613;11.30;0.70;87.77;5.29;467;0;153.00;22
124;0;622890387;124;112;593;613;11.31;0.70;87.77;5.31;469;0;154.00;20
127;0;622890396;127;114;596;614;11.24;0.69;88.88;5.32;469;0;155.00;18
128;0;622890405;128;122;601;614;11.11;0.69;88.28;5.36;473;0;156.00;13
130;0;622890413;130;120;604;614;11.02;0.68;88.77;5.38;474;0;157.00;10
130;0;622890420;130;124;604;614;10.97;0.68;88.77;5.38;474;0;158.00;10
131;0;622890427;131;129;608;618;10.88;0.67;89.28;5.36;477;0;159.00;10
134;0;622890434;134;135;609;618;10.76;0.66;89.33;5.37;475;0;160.00;9
135;0;622890442;135;137;610;618;10.66;0.66;89.84;5.39;475;0;161.00;8
137;0;622890448;137;139;613;621;10.48;0.65;90.62;5.39;476;0;162.00;8
140;0;622890455;140;138;613;621;10.34;0.64;92.13;5.39;473;0;163.00;8
140;0;622890462;140;136;614;621;10.26;0.63;92.13;5.42;474;0;164.00;7
143;0;622890471;143;140;619;625;9.96;0.61;92.26;5.45;476;0;165.00;6
146;0;622890480;146;139;621;626;9.82;0.60;93.62;5.43;475;0;166.00;5
147;0;622890487;147;140;621;626;9.66;0.60;94.05;5.43;474;0;167.00;5
149;0;622890494;149;142;628;630;9.49;0.59;94.24;5.47;479;0;168.00;2
151;0;622890502;151;147;628;630;9.31;0.57;94.59;5.47;477;0;169.00;2
151;0;622890510;151;144;629;630;9.15;0.56;94.59;5.48;478;0;170.00;1
151;0;622890517;151;142;630;631;9.06;0.56;94.59;5.47;479;0;171.00;1
153;0;622890524;153;141;630;631;9.02;0.56;94.58;5.47;477;0;172.00;1
154;0;622890531;154;141;636;637;9.15;0.56;94.97;5.43;482;0;173.00;1
155;0;622890539;155;138;636;637;9.12;0.56;95.46;5.43;481;0;174.00;1
155;0;622890545;155;141;637;638;9.05;0.56;95.46;5.42;482;0;175.00;1
156;0;622890551;156;137;638;638;9.01;0.56;95.96;5.45;482;0;176.00;0
157;0;622890556;157;132;638;638;8.99;0.56;95.68;5.45;481;0;177.00;0
158;0;622890563;158;131;638;638;9.06;0.56;95.63;5.45;480;0;178.00;0
159;0;622890568;159;131;638;638;8.98;0.56;96.15;5.45;479;0;179.00;0
160;0;622890575;160;127;669;672;9.09;0.57;96.02;5.20;509;0;180.00;3
163;0;622890583;163;128;670;672;9.15;0.57;96.26;5.19;507;0;181.00;2
164;0;622890589;164;127;671;672;9.21;0.57;96.79;5.19;507;0;182.00;1
167;0;622890595;167;131;672;672;9.25;0.57;97.76;5.19;505;0;183.00;0
169;0;622890601;169;132;672;672;9.28;0.58;98.50;5.19;503;0;184.00;0
171;0;622890607;171;140;672;672;9.29;0.57;99.18;5.19;501;0;185.00;0
171;0;622890613;171;144;676;676;9.32;0.58;99.18;5.16;505;0;186.00;0
173;0;622890619;173;151;676;676;9.22;0.57;99.75;5.16;503;0;187.00;0
174;0;622890624;174;158;680;680;9.05;0.56;99.71;5.14;506;0;188.00;0
175;0;622890630;175;161;681;681;8.99;0.56;99.91;5.13;506;0;189.00;0
180;0;622890637;180;164;681;681;8.84;0.55;99.22;5.13;501;0;190.00;0
184;0;622890643;184;168;681;681;8.78;0.54;100.02;5.13;497;0;191.00;0
185;0;622890650;185;178;694;694;8.84;0.54;100.11;5.03;509;0;192.00;0
187;0;622890658;187;179;694;694;8.74;0.54;100.70;5.03;507;0;193.00;0
190;0;622890664;190;182;694;694;8.61;0.53;100.72;5.03;504;0;194.00;0
192;0;622890670;192;184;695;695;8.52;0.52;100.70;5.03;503;0;195.00;0
194;0;622890675;194;185;696;696;8.32;0.51;100.40;5.02;502;0;196.00;0
196;0;622890681;196;192;696;696;8.31;0.51;100.15;5.02;500;0;197.00;0
196;0;622890687;196;201;698;699;8.34;0.51;100.15;5.01;502;0;198.00;1
197;0;622890693;197;206;698;699;8.25;0.51;100.17;5.01;501;0;199.00;1
201;0;622890700;201;205;699;699;8.15;0.50;99.49;5.00;498;0;200.00;0
203;0;622890710;203;208;699;699;8.08;0.50;99.76;5.00;496;0;201.00;0
206;0;622890717;206;211;705;705;8.00;0.49;99.73;4.97;499;0;202.00;0
207;0;622890724;207;217;705;705;7.90;0.48;99.57;4.97;498;0;203.00;0
210;0;622890729;210;222;705;705;7.76;0.48;98.84;4.97;495;0;204.00;0
211;0;622890736;211;228;705;705;7.71;0.47;98.91;4.97;494;0;205.00;0
212;0;622890742;212;233;709;709;7.70;0.47;99.06;4.95;497;0;206.00;0
213;0;622890748;213;238;710;710;7.63;0.47;98.89;4.94;497;0;207.00;0
216;0;622890754;216;244;710;710;7.47;0.46;99.52;4.94;494;0;208.00;0
216;0;622890759;216;250;711;711;7.42;0.45;99.52;4.93;495;0;209.00;0
219;0;622890767;219;251;711;711;7.31;0.45;99.38;4.93;492;0;210.00;0
219;0;622890773;219;255;711;711;7.22;0.44;99.38;4.93;492;0;211.00;0
219;0;622890778;219;258;711;711;7.03;0.43;99.38;4.93;492;0;212.00;0
221;0;622890784;221;264;711;711;6.89;0.42;99.58;4.93;490;0;213.00;0
221;0;622890789;221;266;711;711;6.72;0.41;99.58;4.93;490;0;214.00;0
223;0;622890798;223;270;711;711;6.52;0.40;100.39;4.93;488;0;215.00;0
223;0;622890804;223;283;753;781;6.67;0.41;100.39;4.66;530;0;216.00;28
224;0;622890815;224;267;755;782;6.58;0.41;100.63;4.65;531;0;217.00;27
224;0;622890821;224;259;762;782;6.65;0.41;100.63;4.62;538;0;218.00;20
224;0;622890827;224;247;763;782;6.70;0.41;100.63;4.62;539;0;219.00;19
228;0;622890833;228;236;765;782;6.79;0.42;102.30;4.62;537;0;220.00;17
228;0;622890839;228;230;767;782;6.96;0.43;102.30;4.62;539;0;221.00;15
229;0;622890846;229;227;769;782;7.12;0.44;102.82;4.63;540;0;222.00;13
229;0;622890852;229;222;771;782;7.28;0.45;102.82;4.63;542;0;223.00;11
231;0;622890859;231;220;772;783;7.40;0.45;103.83;4.64;541;0;224.00;11
232;0;622890866;232;219;775;785;7.52;0.46;104.20;4.64;543;0;225.00;10
233;0;622890873;233;208;777;785;7.71;0.47;104.71;4.66;544;0;226.00;8
233;0;622890880;233;200;783;789;7.86;0.48;104.71;4.65;550;0;227.00;6
234;0;622890888;234;197;785;789;8.05;0.49;104.80;4.66;551;0;228.00;4
235;1;622890904;235;190;786;789;8.27;0.51;104.92;4.67;551;1;229.00;3
236;1;622890920;236;185;787;789;8.54;0.52;104.58;4.68;551;1;230.00;2
236;1;622890928;236;179;793;795;8.83;0.54;104.58;4.67;557;1;231.00;2
237;1;622890945;237;172;794;795;9.08;0.56;104.51;4.68;557;1;232.00;1
238;1;622890958;238;167;795;795;9.30;0.57;104.31;4.68;557;1;233.00;0
238;1;622890967;238;159;797;798;9.61;0.59;104.31;4.66;559;1;234.00;1
239;1;622890976;239;154;797;798;9.90;0.61;104.25;4.66;558;1;235.00;1
243;1;622890984;243;150;798;798;10.08;0.62;106.30;4.66;555;1;236.00;0
245;1;622890993;245;153;799;799;10.21;0.62;107.01;4.66;554;1;237.00;0
245;1;622891002;245;147;800;800;10.35;0.63;107.01;4.65;555;1;238.00;0
247;1;622891010;247;139;800;800;10.54;0.64;107.56;4.65;553;1;239.00;0
248;1;622891020;248;139;825;826;10.61;0.65;107.90;4.51;577;1;240.00;1
252;1;622891030;252;130;825;826;10.74;0.66;108.14;4.51;573;1;241.00;1
257;1;622891045;257;124;826;826;10.83;0.66;109.67;4.51;569;1;242.00;0
260;1;622891053;260;122;827;827;11.02;0.67;110.07;4.50;567;1;243.00;0
263;1;622891061;263;117;827;827;11.13;0.68;110.63;4.50;564;1;244.00;0
265;1;622891068;265;113;831;831;11.24;0.68;111.28;4.48;566;1;245.00;0
266;1;622891076;266;109;831;831;11.40;0.69;111.24;4.48;565;1;246.00;0
269;1;622891083;269;110;835;835;11.37;0.69;111.66;4.47;566;1;247.00;0
270;1;622891091;270;109;835;835;11.44;0.70;112.11;4.47;565;1;248.00;0
272;1;622891099;272;107;835;835;11.51;0.70;112.32;4.47;563;1;249.00;0
273;1;622891112;273;103;835;835;11.60;0.71;112.30;4.47;562;1;250.00;0
274;1;622891120;274;104;835;835;11.66;0.71;112.76;4.47;561;1;251.00;0
280;1;622891127;280;102;846;847;11.69;0.71;114.11;4.41;566;1;252.00;1
282;1;622891135;282;104;846;847;11.77;0.72;114.33;4.41;564;1;253.00;1
287;1;622891148;287;104;847;847;11.89;0.72;114.86;4.41;560;1;254.00;0
287;1;622891156;287;102;847;847;11.98;0.73;114.86;4.41;560;1;255.00;0
288;1;622891163;288;104;847;847;12.10;0.74;115.31;4.41;559;1;256.00;0
288;1;622891170;288;106;847;847;12.20;0.74;115.31;4.41;559;1;257.00;0
292;1;622891177;292;107;848;848;12.24;0.74;116.59;4.40;556;1;258.00;0
295;1;622891185;295;109;848;848;12.38;0.75;117.38;4.40;553;1;259.00;0
297;1;622891197;297;109;854;854;12.43;0.75;118.05;4.38;557;1;260.00;0
297;1;622891205;297;109;855;855;12.50;0.76;118.05;4.37;558;1;261.00;0
300;1;622891212;300;112;855;855;12.52;0.76;118.45;4.37;555;1;262.00;0
302;1;622891220;302;111;855;855;12.52;0.76;118.53;4.37;553;1;263.00;0
304;1;622891227;304;112;859;859;12.46;0.75;118.62;4.35;555;1;264.00;0
309;1;622891235;309;112;859;859;12.47;0.75;119.62;4.35;550;1;265.00;0
310;1;622891243;310;111;859;859;12.38;0.75;119.63;4.35;549;1;266.00;0
312;1;622891257;312;115;860;860;12.31;0.74;120.39;4.35;548;1;267.00;0
313;1;622891264;313;114;864;864;12.14;0.73;120.27;4.33;551;1;268.00;0
316;1;622891271;316;114;864;864;12.07;0.73;120.64;4.33;548;1;269.00;0
318;1;622891280;318;112;868;870;12.04;0.73;121.04;4.31;550;1;270.00;2
319;1;622891287;319;110;868;870;11.99;0.72;121.18;4.31;549;1;271.00;2
320;1;622891293;320;103;870;870;11.96;0.72;121.21;4.31;550;1;272.00;0
325;1;622891300;325;100;870;870;11.87;0.72;121.22;4.31;545;1;273.00;0
329;1;622891307;329;99;874;874;11.94;0.72;121.95;4.29;545;1;274.00;0
331;1;622891314;331;92;874;874;11.97;0.72;122.22;4.29;543;1;275.00;0
334;1;622891321;334;89;874;874;12.04;0.73;122.63;4.29;540;1;276.00;0
335;1;622891328;335;86;874;874;12.11;0.73;122.75;4.29;539;1;277.00;0
338;1;622891335;338;84;875;875;12.12;0.73;123.41;4.29;537;1;278.00;0
341;1;622891342;341;80;876;876;12.13;0.73;123.74;4.29;535;1;279.00;0
342;1;622891349;342;75;876;876;12.06;0.73;123.56;4.29;534;1;280.00;0
343;1;622891356;343;73;877;877;12.06;0.73;123.50;4.28;534;1;281.00;0
344;1;622891363;344;71;877;877;12.04;0.73;123.75;4.28;533;1;282.00;0
346;1;622891370;346;72;877;877;12.11;0.74;123.49;4.28;531;1;283.00;0
349;1;622891377;349;76;877;877;12.24;0.74;123.77;4.28;528;1;284.00;0
350;1;622891384;350;78;877;877;12.30;0.75;123.51;4.28;527;1;285.00;0
350;1;622891391;350;77;877;877;12.39;0.75;123.51;4.28;527;1;286.00;0
353;1;622891398;353;79;877;877;12.50;0.76;123.57;4.28;524;1;287.00;0
354;1;622891406;354;96;949;1004;12.09;0.75;124.01;3.96;595;1;288.00;55
355;1;622891423;355;91;953;1005;12.08;0.74;124.46;3.95;598;1;289.00;52
356;1;622891431;356;88;960;1005;12.09;0.74;124.31;3.93;604;1;290.00;45
357;1;622891439;357;87;960;1005;12.07;0.74;124.57;3.93;603;1;291.00;45
357;1;622891446;357;90;967;1005;12.05;0.74;124.57;3.93;610;1;292.00;38
358;1;622891454;358;96;967;1005;11.95;0.74;125.02;3.93;609;1;293.00;38
359;1;622891462;359;94;971;1005;11.94;0.74;125.16;3.94;612;1;294.00;34
361;1;622891478;361;95;974;1005;11.99;0.74;125.42;3.95;613;1;295.00;31
362;1;622891487;362;96;977;1006;11.99;0.74;125.62;3.96;615;1;296.00;29
364;1;622891495;364;99;981;1007;11.93;0.74;126.44;3.98;617;1;297.00;26
365;1;622891503;365;100;984;1007;11.90;0.73;126.25;4.00;619;1;298.00;23
367;1;622891511;367;107;985;1008;11.81;0.73;126.39;4.01;618;1;299.00;23
371;1;622891522;371;113;993;1014;11.59;0.71;127.08;4.05;622;1;300.00;21
373;1;622891536;373;116;995;1014;11.51;0.71;127.58;4.07;622;1;301.00;19
374;1;622891544;374;119;996;1014;11.42;0.70;127.40;4.08;622;1;302.00;18
376;1;622891552;376;121;1000;1018;11.21;0.69;127.36;4.09;624;1;303.00;18
379;1;622891561;379;128;1003;1018;11.06;0.68;128.69;4.11;624;1;304.00;15
380;1;622891569;380;134;1004;1018;11.02;0.68;129.12;4.12;624;1;305.00;14
382;1;622891578;382;144;1010;1021;10.91;0.67;129.35;4.13;628;1;306.00;11
386;1;622891587;386;150;1011;1021;10.83;0.67;130.28;4.15;625;1;307.00;10
389;1;622891595;389;155;1012;1021;10.71;0.66;130.49;4.17;623;1;308.00;9
389;1;622891603;389;161;1016;1025;10.58;0.65;130.49;4.17;627;1;309.00;9
389;1;622891611;389;168;1017;1026;10.48;0.64;130.49;4.17;628;1;310.00;9
390;1;622891620;390;172;1020;1026;10.28;0.63;130.22;4.19;630;1;311.00;6
391;1;622891628;391;173;1024;1030;10.17;0.63;130.50;4.18;633;1;312.00;6
392;1;622891635;392;179;1024;1030;10.03;0.62;130.58;4.18;632;1;313.00;6
398;1;622891643;398;187;1026;1030;9.86;0.61;131.62;4.19;628;1;314.00;4
400;1;622891657;400;192;1028;1032;9.77;0.60;131.62;4.18;628;1;315.00;4
401;1;622891664;401;192;1029;1032;9.73;0.60;132.05;4.20;628;1;316.00;3
405;1;622891671;405;195;1036;1038;9.68;0.59;132.58;4.21;631;1;317.00;2
407;1;622891680;407;195;1036;1038;9.52;0.58;132.99;4.21;629;1;318.00;2
408;1;622891687;408;197;1037;1039;9.34;0.57;132.98;4.20;629;1;319.00;2
413;1;622891694;413;197;1037;1039;9.11;0.56;133.67;4.20;624;1;320.00;2
415;1;622891708;415;198;1038;1039;9.03;0.56;133.52;4.23;623;1;321.00;1
417;1;622891715;417;201;1038;1039;8.98;0.55;133.81;4.23;621;1;322.00;1
422;1;622891723;422;206;1039;1039;8.85;0.54;134.59;4.24;617;1;323.00;0
422;1;622891730;422;206;1050;1051;8.88;0.54;134.59;4.20;628;1;324.00;1
422;1;622891739;422;209;1050;1051;8.92;0.55;134.59;4.20;628;1;325.00;1
422;1;622891745;422;213;1051;1051;8.98;0.55;134.59;4.20;629;1;326.00;0
424;1;622891752;424;211;1051;1051;9.01;0.55;134.65;4.20;627;1;327.00;0
426;1;622891759;426;215;1051;1051;8.97;0.55;135.13;4.20;625;1;328.00;0
428;1;622891767;428;221;1051;1051;8.89;0.55;135.45;4.20;623;1;329.00;0
431;1;622891776;431;229;1055;1055;8.83;0.54;135.49;4.18;624;1;330.00;0
433;1;622891783;433;233;1055;1055;8.73;0.54;135.52;4.18;622;1;331.00;0
437;1;622891789;437;240;1059;1059;8.66;0.53;136.11;4.17;622;1;332.00;0
441;1;622891796;441;251;1060;1060;8.50;0.52;136.98;4.17;619;1;333.00;0
444;1;622891803;444;250;1060;1060;8.27;0.51;137.82;4.17;616;1;334.00;0
448;1;622891810;448;249;1060;1060;8.01;0.49;138.66;4.17;612;1;335.00;0
450;1;622891816;450;253;1073;1073;7.81;0.48;138.39;4.12;623;1;336.00;0
455;1;622891823;455;251;1073;1073;7.60;0.47;139.41;4.12;618;1;337.00;0
459;1;622891830;459;253;1073;1073;7.43;0.46;140.66;4.12;614;1;338.00;0
460;1;622891836;460;258;1074;1074;7.33;0.45;140.41;4.11;614;1;339.00;0
464;1;622891842;464;248;1075;1075;7.23;0.45;141.60;4.11;611;1;340.00;0
468;1;622891849;468;247;1075;1075;7.21;0.44;141.53;4.11;607;1;341.00;0
472;1;622891855;472;243;1077;1078;7.18;0.44;142.75;4.10;605;1;342.00;1
475;1;622891862;475;241;1077;1078;7.19;0.44;142.74;4.10;602;1;343.00;1
477;1;622891868;477;237;1078;1078;7.29;0.45;143.57;4.10;601;1;344.00;0
481;1;622891874;481;230;1078;1078;7.30;0.45;144.23;4.10;597;1;345.00;0
485;1;622891881;485;229;1084;1084;7.32;0.45;144.42;4.08;599;1;346.00;0
487;1;622891887;487;219;1084;1084;7.33;0.45;144.18;4.08;597;1;347.00;0
490;1;622891894;490;215;1084;1084;7.32;0.45;144.85;4.08;594;1;348.00;0
491;1;622891900;491;213;1084;1084;7.36;0.45;144.98;4.08;593;1;349.00;0
494;1;622891906;494;218;1088;1088;7.23;0.45;145.15;4.07;594;1;350.00;0
497;1;622891912;497;221;1089;1089;7.23;0.45;145.52;4.07;592;1;351.00;0
498;1;622891919;498;223;1089;1089;7.21;0.44;145.63;4.07;591;1;352.00;0
500;1;622891926;500;230;1090;1090;7.23;0.45;145.83;4.07;590;1;353.00;0
503;1;622891932;503;233;1090;1090;7.23;0.45;145.95;4.07;587;1;354.00;0
509;1;622891938;509;242;1090;1090;7.18;0.44;145.70;4.07;581;1;355.00;0
513;1;622891945;513;242;1090;1090;7.09;0.44;145.42;4.07;577;1;356.00;0
516;1;622891951;516;240;1090;1090;7.02;0.43;145.16;4.07;574;1;357.00;0
519;1;622891958;519;245;1090;1090;6.91;0.42;145.35;4.07;571;1;358.00;0
523;1;622891965;523;249;1090;1090;6.84;0.42;145.09;4.07;567;1;359.00;0
525;1;622891977;525;259;1154;1215;7.38;0.46;144.96;3.84;629;1;360.00;61
527;1;622892011;527;263;1161;1216;7.34;0.46;144.76;3.82;634;1;361.00;55
527;1;622892023;527;263;1173;1216;7.38;0.46;144.76;3.81;646;1;362.00;43
529;1;622892033;529;261;1178;1216;7.29;0.46;144.45;3.80;649;1;363.00;38
531;1;622892044;531;259;1184;1216;7.35;0.46;144.73;3.80;653;1;364.00;32
533;1;622892056;533;261;1188;1216;7.25;0.45;144.56;3.81;655;1;365.00;28
533;2;622892079;533;263;1193;1216;7.22;0.45;144.56;3.82;660;2;366.00;23
536;2;622892112;536;272;1199;1216;7.11;0.44;145.13;3.83;663;2;367.00;17
538;2;622892120;538;277;1204;1217;7.05;0.44;145.54;3.85;666;2;368.00;13
538;2;622892129;538;283;1207;1218;6.95;0.43;145.54;3.86;669;2;369.00;11
540;2;622892137;540;283;1212;1218;6.79;0.42;145.74;3.88;672;2;370.00;6
543;2;622892146;543;279;1217;1222;6.70;0.41;145.44;3.87;674;2;371.00;5
544;2;622892155;544;280;1218;1222;6.68;0.41;145.26;3.88;674;2;372.00;4
544;2;622892165;544;276;1218;1222;6.72;0.42;145.26;3.88;674;2;373.00;4
547;2;622892173;547;277;1218;1222;6.75;0.42;145.40;3.88;671;2;374.00;4
547;2;622892182;547;277;1225;1228;6.76;0.42;145.40;3.87;678;2;375.00;3
548;3;622892191;548;272;1225;1228;6.85;0.42;145.30;3.87;677;3;376.00;3
549;3;622892212;549;274;1226;1228;6.89;0.42;145.31;3.88;677;3;377.00;2
549;3;622892227;549;274;1227;1231;6.99;0.43;145.31;3.88;678;3;378.00;4
550;3;622892236;550;274;1227;1231;7.06;0.43;145.13;3.88;677;3;379.00;4
553;3;622892246;553;274;1229;1231;7.17;0.44;145.11;3.89;676;3;380.00;2
554;3;622892257;554;276;1230;1232;7.23;0.44;145.40;3.89;676;3;381.00;2
555;3;622892265;555;274;1231;1233;7.35;0.45;145.17;3.89;676;3;382.00;2
556;3;622892274;556;276;1232;1233;7.45;0.45;145.31;3.89;676;3;383.00;1
557;3;622892287;557;274;1244;1246;7.64;0.46;145.09;3.85;687;3;384.00;2
557;3;622892298;557;274;1245;1246;7.71;0.47;145.09;3.87;688;3;385.00;1
560;3;622892309;560;272;1246;1246;7.74;0.47;145.27;3.87;686;3;386.00;0
561;3;622892320;561;258;1247;1247;7.77;0.47;145.05;3.86;686;3;387.00;0
564;3;622892330;564;252;1247;1247;7.87;0.48;145.23;3.86;683;3;388.00;0
564;3;622892341;564;243;1251;1251;7.98;0.49;145.23;3.85;687;3;389.00;0
565;3;622892355;565;237;1251;1251;8.16;0.50;145.34;3.85;686;3;390.00;0
566;3;622892364;566;234;1255;1255;8.29;0.50;145.33;3.84;689;3;391.00;0
568;3;622892374;568;231;1255;1255;8.37;0.51;145.46;3.84;687;3;392.00;0
569;3;622892383;569;229;1255;1255;8.51;0.52;145.88;3.84;686;3;393.00;0
571;3;622892393;571;231;1255;1255;8.64;0.53;146.26;3.84;684;3;394.00;0
574;3;622892403;574;232;1255;1255;8.74;0.53;146.95;3.84;681;3;395.00;0
579;3;622892421;579;215;1266;1267;8.98;0.55;147.49;3.81;687;3;396.00;1
579;3;622892433;579;200;1266;1267;9.16;0.56;147.49;3.81;687;3;397.00;1
580;3;622892443;580;186;1267;1267;9.39;0.57;147.58;3.81;687;3;398.00;0
584;3;622892453;584;173;1267;1267;9.55;0.58;147.45;3.81;683;3;399.00;0
587;3;622892465;587;161;1267;1267;9.68;0.59;147.43;3.81;680;3;400.00;0
590;3;622892483;590;152;1267;1267;9.88;0.60;147.61;3.81;677;3;401.00;0
591;3;622892495;591;139;1268;1268;10.06;0.61;148.04;3.81;677;3;402.00;0
592;3;622892506;592;131;1268;1268;10.30;0.63;148.22;3.81;676;3;403.00;0
595;3;622892518;595;131;1274;1274;10.51;0.64;148.45;3.79;679;3;404.00;0
597;3;622892529;597;125;1276;1276;10.67;0.65;149.10;3.79;679;3;405.00;0
600;3;622892540;600;121;1276;1276;10.81;0.66;149.35;3.79;676;3;406.00;0
604;3;622892550;604;113;1276;1276;10.88;0.66;150.46;3.79;672;3;407.00;0
608;3;622892562;608;108;1280;1280;11.02;0.67;150.83;3.78;672;3;408.00;0
612;3;622892573;612;107;1280;1280;11.12;0.68;151.72;3.78;668;3;409.00;0
613;3;622892584;613;109;1280;1280;11.27;0.69;152.14;3.78;667;3;410.00;0
614;3;622892595;614;110;1281;1281;11.40;0.70;152.44;3.77;667;3;411.00;0
617;3;622892605;617;106;1285;1285;11.45;0.70;152.88;3.77;668;3;412.00;0
618;3;622892616;618;107;1285;1285;11.54;0.70;153.29;3.77;667;3;413.00;0
620;3;622892625;620;106;1287;1288;11.65;0.71;153.80;3.76;667;3;414.00;1
620;3;622892635;620;102;1287;1288;11.70;0.71;153.80;3.76;667;3;415.00;1
622;3;622892644;622;105;1288;1288;11.81;0.72;154.32;3.76;666;3;416.00;0
624;3;622892654;624;102;1288;1288;11.91;0.73;154.84;3.76;664;3;417.00;0
627;3;622892663;627;100;1292;1292;12.02;0.73;155.27;3.75;665;3;418.00;0
629;3;622892673;629;97;1292;1292;12.10;0.74;155.67;3.75;663;3;419.00;0
631;3;622892684;631;96;1292;1292;12.14;0.74;155.99;3.75;661;3;420.00;0
632;3;622892694;632;91;1292;1292;12.23;0.75;156.21;3.75;660;3;421.00;0
635;3;622892704;635;95;1293;1293;12.23;0.75;156.90;3.75;658;3;422.00;0
641;3;622892713;641;91;1294;1294;12.24;0.75;157.53;3.74;653;3;423.00;0
643;3;622892723;643;92;1294;1294;12.39;0.76;157.91;3.74;651;3;424.00;0
648;3;622892732;648;89;1295;1295;12.44;0.76;158.81;3.74;647;3;425.00;0
651;4;622892742;651;90;1295;1295;12.49;0.76;158.80;3.74;644;4;426.00;0
656;4;622892759;656;89;1295;1295;12.52;0.76;160.20;3.74;639;4;427.00;0
659;4;622892768;659;91;1295;1295;12.60;0.77;160.66;3.74;636;4;428.00;0
664;4;622892781;664;91;1295;1295;12.66;0.77;161.25;3.74;631;4;429.00;0
667;4;622892791;667;91;1295;1295;12.74;0.77;161.50;3.74;628;4;430.00;0
671;4;622892800;671;90;1295;1295;12.70;0.77;162.57;3.74;624;4;431.00;0
676;4;622892809;676;124;1377;1422;11.95;0.74;163.20;3.52;701;4;432.00;45
677;4;622892829;677;109;1378;1423;12.07;0.74;163.37;3.52;701;4;433.00;45
681;4;622892838;681;100;1383;1423;12.19;0.75;163.96;3.51;702;4;434.00;40
684;4;622892849;684;100;1383;1423;12.29;0.76;164.11;3.51;699;4;435.00;40
687;4;622892858;687;98;1389;1423;12.41;0.76;164.09;3.52;702;4;436.00;34
691;4;622892867;691;100;1391;1423;12.47;0.77;164.72;3.52;700;4;437.00;32
694;5;622892877;694;102;1393;1423;12.55;0.77;165.16;3.52;699;5;438.00;30
695;5;622892893;695;110;1395;1423;12.64;0.78;165.14;3.53;700;5;439.00;28
700;5;622892902;700;108;1397;1424;12.67;0.78;165.76;3.53;697;5;440.00;27
703;5;622892919;703;109;1400;1425;12.74;0.78;165.72;3.55;697;5;441.00;25
705;5;622892933;705;101;1403;1425;12.72;0.78;165.89;3.56;698;5;442.00;22
711;5;622892943;711;102;1407;1426;12.60;0.77;166.89;3.58;696;5;443.00;19
714;5;622892952;714;103;1410;1426;12.58;0.77;166.59;3.60;696;5;444.00;16
717;5;622892962;717;101;1414;1426;12.52;0.77;167.14;3.62;697;5;445.00;12
719;5;622892974;719;104;1416;1426;12.43;0.76;167.39;3.63;697;5;446.00;10
723;5;622892983;723;101;1420;1430;12.34;0.76;167.75;3.63;697;5;447.00;10
729;5;622892993;729;101;1421;1430;12.22;0.75;168.86;3.64;692;5;448.00;9
731;5;622893004;731;101;1422;1430;12.18;0.74;169.02;3.65;691;5;449.00;8
736;5;622893017;736;101;1426;1436;12.14;0.74;169.05;3.65;690;5;450.00;10
739;5;622893027;739;102;1426;1436;12.10;0.74;169.19;3.65;687;5;451.00;10
742;5;622893037;742;107;1429;1436;12.08;0.74;169.54;3.67;687;5;452.00;7
746;5;622893047;746;106;1433;1440;12.02;0.73;169.92;3.66;687;5;453.00;7
750;5;622893056;750;106;1435;1441;12.01;0.73;169.63;3.66;685;5;454.00;6
752;5;622893066;752;107;1435;1441;11.99;0.73;169.98;3.66;683;5;455.00;6
757;5;622893075;757;106;1437;1445;11.94;0.73;169.95;3.65;680;5;456.00;8
759;5;622893086;759;111;1438;1445;11.91;0.73;169.94;3.65;679;5;457.00;7
761;5;622893095;761;117;1438;1445;11.89;0.73;170.08;3.65;677;5;458.00;7
764;5;622893104;764;120;1439;1446;11.89;0.73;170.20;3.65;675;5;459.00;7
769;5;622893114;769;125;1439;1446;11.86;0.72;170.01;3.65;670;5;460.00;7
772;5;622893123;772;127;1445;1452;11.82;0.72;170.14;3.68;673;5;461.00;7
772;5;622893132;772;129;1445;1452;11.61;0.71;170.14;3.68;673;5;462.00;7
774;5;622893141;774;133;1445;1453;11.44;0.70;170.10;3.68;671;5;463.00;8
775;5;622893150;775;135;1447;1453;11.29;0.69;170.02;3.71;672;5;464.00;6
777;5;622893159;777;135;1447;1453;11.21;0.68;169.97;3.71;670;5;465.00;6
777;5;622893167;777;136;1448;1453;11.17;0.68;169.97;3.71;671;5;466.00;5
780;5;622893175;780;140;1448;1453;11.05;0.68;170.00;3.71;668;5;467.00;5
783;5;622893184;783;142;1458;1465;11.02;0.67;170.01;3.68;675;5;468.00;7
785;5;622893194;785;144;1458;1465;10.97;0.67;169.79;3.68;673;5;469.00;7
786;5;622893202;786;149;1461;1465;10.92;0.67;169.80;3.71;675;5;470.00;4
789;5;622893210;789;154;1461;1465;10.95;0.67;169.61;3.71;672;5;471.00;4
789;5;622893219;789;162;1462;1465;10.89;0.67;169.61;3.72;673;5;472.00;3
793;5;622893227;793;167;1463;1465;10.81;0.66;169.37;3.73;670;5;473.00;2
797;5;622893236;797;174;1466;1469;10.75;0.66;169.89;3.72;669;5;474.00;3
799;5;622893245;799;179;1466;1469;10.75;0.66;169.75;3.72;667;5;475.00;3
803;5;622893254;803;186;1471;1473;10.85;0.66;169.98;3.72;668;5;476.00;2
806;5;622893263;806;193;1472;1474;10.86;0.66;169.94;3.72;666;5;477.00;2
809;5;622893271;809;196;1474;1474;10.77;0.66;169.68;3.73;665;5;478.00;0
812;5;622893280;812;201;1474;1474;10.65;0.65;169.94;3.73;662;5;479.00;0
814;5;622893289;814;207;1494;1500;10.49;0.64;170.05;3.68;680;5;480.00;6
815;5;622893299;815;212;1495;1500;10.34;0.63;170.41;3.67;680;5;481.00;5
817;5;622893307;817;218;1498;1500;10.19;0.62;170.37;3.67;681;5;482.00;2
817;5;622893315;817;224;1501;1501;10.12;0.62;170.37;3.67;684;5;483.00;0
818;5;622893323;818;230;1502;1502;10.01;0.61;170.31;3.67;684;5;484.00;0
822;5;622893331;822;234;1502;1502;9.84;0.60;170.24;3.67;680;5;485.00;0
823;5;622893340;823;237;1504;1505;9.69;0.59;170.27;3.66;681;5;486.00;1
823;5;622893348;823;242;1504;1505;9.55;0.59;170.27;3.66;681;5;487.00;1
824;5;622893357;824;244;1505;1505;9.39;0.58;170.30;3.66;681;5;488.00;0
828;5;622893365;828;246;1505;1505;9.21;0.57;170.49;3.66;677;5;489.00;0
830;5;622893373;830;248;1511;1511;9.12;0.56;170.38;3.65;681;5;490.00;0
830;5;622893383;830;241;1511;1511;8.96;0.55;170.38;3.65;681;5;491.00;0
833;5;622893392;833;244;1511;1511;8.81;0.54;170.41;3.65;678;5;492.00;0
835;5;622893401;835;242;1511;1511;8.71;0.54;170.32;3.65;676;5;493.00;0
835;5;622893410;835;241;1515;1515;8.63;0.53;170.32;3.64;680;5;494.00;0
839;5;622893418;839;242;1517;1517;8.54;0.53;170.14;3.64;678;5;495.00;0
840;5;622893426;840;244;1517;1517;8.53;0.53;170.18;3.64;677;5;496.00;0
842;5;622893434;842;248;1518;1518;8.51;0.52;170.24;3.64;676;5;497.00;0
845;5;622893442;845;251;1518;1518;8.54;0.52;170.31;3.64;673;5;498.00;0
849;5;622893450;849;251;1518;1518;8.51;0.52;170.15;3.64;669;5;499.00;0
852;5;622893459;852;250;1518;1518;8.44;0.52;169.83;3.64;666;5;500.00;0
854;5;622893471;854;254;1518;1518;8.40;0.51;169.59;3.64;664;5;501.00;0
855;5;622893479;855;259;1518;1518;8.35;0.51;169.94;3.64;663;5;502.00;0
859;5;622893486;859;259;1518;1518;8.22;0.50;169.83;3.64;659;5;503.00;0
863;5;622893493;863;272;1562;1588;8.19;0.50;169.79;3.53;699;5;504.00;26
868;5;622893505;868;268;1563;1589;8.07;0.49;169.52;3.53;695;5;505.00;26
873;5;622893513;873;265;1570;1589;7.95;0.49;169.92;3.53;697;5;506.00;19
876;5;622893521;876;262;1573;1589;7.79;0.48;170.12;3.52;697;5;507.00;16
879;5;622893528;879;267;1576;1589;7.63;0.47;170.64;3.53;697;5;508.00;13
883;5;622893534;883;269;1576;1589;7.43;0.46;171.04;3.53;693;5;509.00;13
887;5;622893544;887;263;1579;1589;7.37;0.45;171.71;3.53;692;5;510.00;10
889;5;622893551;889;264;1579;1589;7.29;0.45;171.93;3.53;690;5;511.00;10
891;5;622893558;891;262;1581;1590;7.24;0.44;172.21;3.54;690;5;512.00;9
893;5;622893566;893;257;1584;1591;7.21;0.44;172.51;3.55;691;5;513.00;7
896;5;622893574;896;249;1586;1591;7.20;0.44;172.83;3.55;690;5;514.00;5
899;5;622893581;899;248;1592;1595;7.19;0.44;172.78;3.56;693;5;515.00;3
901;5;622893589;901;260;1593;1595;7.18;0.44;173.43;3.56;692;5;516.00;2
903;5;622893597;903;254;1593;1595;7.17;0.44;173.69;3.56;690;5;517.00;2
904;5;622893604;904;256;1595;1595;7.18;0.44;174.03;3.57;691;5;518.00;0
906;5;622893611;906;256;1600;1601;7.27;0.44;174.23;3.56;694;5;519.00;1
908;5;622893619;908;257;1600;1601;7.34;0.45;174.83;3.56;692;5;520.00;1
909;5;622893627;909;258;1601;1601;7.38;0.45;175.13;3.56;692;5;521.00;0
912;5;622893634;912;261;1603;1604;7.41;0.45;175.41;3.55;691;5;522.00;1
917;5;622893642;917;250;1603;1604;7.36;0.45;175.78;3.55;686;5;523.00;1
920;5;622893651;920;240;1604;1604;7.38;0.45;175.83;3.55;684;5;524.00;0
924;5;622893658;924;232;1605;1605;7.39;0.45;176.17;3.55;681;5;525.00;0
925;5;622893666;925;235;1606;1606;7.49;0.46;176.41;3.55;681;5;526.00;0
930;5;622893673;930;232;1606;1606;7.43;0.45;176.52;3.55;676;5;527.00;0
933;5;622893681;933;230;1618;1619;7.54;0.46;176.90;3.52;685;5;528.00;1
938;5;622893690;938;230;1619;1619;7.53;0.46;176.78;3.52;681;5;529.00;0
942;5;622893699;942;231;1619;1619;7.57;0.46;176.63;3.52;677;5;530.00;0
946;5;622893706;946;230;1620;1620;7.66;0.47;177.12;3.52;674;5;531.00;0
949;5;622893715;949;233;1620;1620;7.75;0.47;176.99;3.52;671;5;532.00;0
951;5;622893723;951;235;1624;1624;7.80;0.48;177.27;3.51;673;5;533.00;0
953;5;622893732;953;231;1624;1624;7.81;0.48;177.55;3.51;671;5;534.00;0
956;5;622893740;956;237;1628;1628;7.88;0.48;177.90;3.51;672;5;535.00;0
961;5;622893749;961;235;1628;1628;7.87;0.48;177.90;3.51;667;5;536.00;0
964;5;622893758;964;237;1628;1628;7.89;0.48;178.38;3.51;664;5;537.00;0
968;5;622893766;968;232;1628;1628;7.89;0.48;178.43;3.51;660;5;538.00;0
970;5;622893774;970;231;1628;1628;7.92;0.48;178.12;3.51;658;5;539.00;0
974;5;622893785;974;230;1659;1662;8.07;0.49;178.48;3.44;685;5;540.00;3
976;5;622893796;976;222;1659;1662;8.08;0.49;178.85;3.44;683;5;541.00;3
976;5;622893804;976;220;1661;1662;8.20;0.50;178.85;3.44;685;5;542.00;1
979;5;622893813;979;220;1661;1662;8.27;0.50;179.23;3.44;682;5;543.00;1
982;5;622893820;982;218;1662;1662;8.34;0.51;179.64;3.44;680;5;544.00;0
984;5;622893829;984;219;1662;1662;8.40;0.51;179.65;3.44;678;5;545.00;0
988;5;622893838;988;215;1663;1663;8.39;0.51;179.29;3.44;675;5;546.00;0
990;5;622893847;990;216;1663;1663;8.45;0.52;179.40;3.44;673;5;547.00;0
995;5;622893856;995;213;1669;1669;8.46;0.52;179.88;3.43;674;5;548.00;0
997;5;622893865;997;215;1670;1670;8.50;0.52;179.90;3.43;673;5;549.00;0
1002;5;622893874;1002;218;1670;1670;8.47;0.52;179.77;3.43;668;5;550.00;0
1006;5;622893883;1006;220;1670;1670;8.47;0.52;180.19;3.43;664;5;551.00;0
1010;5;622893891;1010;222;1674;1674;8.51;0.52;180.55;3.42;664;5;552.00;0
1013;5;622893900;1013;217;1674;1674;8.56;0.52;180.63;3.42;661;5;553.00;0
1016;5;622893909;1016;221;1674;1674;8.58;0.52;180.83;3.42;658;5;554.00;0
1021;5;622893917;1021;224;1675;1675;8.54;0.52;181.53;3.42;654;5;555.00;0
1022;5;622893926;1022;226;1679;1679;8.58;0.52;181.59;3.41;657;5;556.00;0
1024;5;622893935;1024;218;1679;1679;8.59;0.52;181.89;3.41;655;5;557.00;0
1025;5;622893943;1025;208;1681;1682;8.68;0.53;182.02;3.41;656;5;558.00;1
1029;5;622893953;1029;205;1681;1682;8.70;0.53;182.01;3.41;652;5;559.00;1
1032;5;622893961;1032;196;1682;1682;8.79;0.53;182.18;3.41;650;5;560.00;0
1034;5;622893975;1034;195;1682;1682;8.91;0.54;182.14;3.41;648;5;561.00;0
1037;5;622893988;1037;190;1686;1686;9.14;0.56;182.02;3.40;649;5;562.00;0
1041;5;622894008;1041;191;1686;1686;9.31;0.57;182.42;3.40;645;5;563.00;0
1043;5;622894025;1043;188;1686;1686;9.46;0.58;182.47;3.40;643;5;564.00;0
1045;5;622894049;1045;186;1686;1686;9.66;0.59;182.53;3.40;641;5;565.00;0
1046;5;622894062;1046;171;1687;1687;9.76;0.59;182.76;3.40;641;5;566.00;0
1048;5;622894087;1048;159;1688;1688;9.89;0.60;182.86;3.40;640;5;567.00;0
1051;5;622894107;1051;155;1688;1688;9.94;0.60;183.10;3.40;637;5;568.00;0
1053;5;622894118;1053;146;1689;1689;10.05;0.61;183.28;3.40;636;5;569.00;0
1055;5;622894131;1055;143;1689;1689;10.13;0.62;183.22;3.40;634;5;570.00;0
1056;5;622894142;1056;139;1689;1689;10.26;0.62;183.53;3.40;633;5;571.00;0
1059;5;622894152;1059;136;1689;1689;10.37;0.63;183.81;3.40;630;5;572.00;0
1061;5;622894164;1061;135;1689;1689;10.49;0.64;183.95;3.40;628;5;573.00;0
1063;5;622894174;1063;130;1689;1689;10.67;0.65;184.41;3.40;626;5;574.00;0
1067;5;622894184;1067;131;1689;1689;10.80;0.66;184.86;3.40;622;5;575.00;0
1069;5;622894194;1069;150;1771;1816;10.70;0.66;184.69;3.24;702;5;576.00;45
1071;5;622894214;1071;143;1775;1817;10.91;0.67;185.10;3.24;704;5;577.00;42
1074;5;622894225;1074;129;1782;1817;11.04;0.68;185.43;3.23;708;5;578.00;35
1078;5;622894236;1078;119;1785;1817;11.18;0.69;185.91;3.23;707;5;579.00;32
1081;5;622894246;1081;117;1789;1817;11.29;0.69;186.47;3.23;708;5;580.00;28
1084;5;622894257;1084;114;1790;1817;11.36;0.70;186.79;3.23;706;5;581.00;27
1087;5;622894267;1087;119;1792;1817;11.39;0.70;187.49;3.24;705;5;582.00;25
1090;5;622894277;1090;124;1794;1817;11.45;0.70;187.80;3.24;704;5;583.00;23
1094;5;622894288;1094;119;1798;1818;11.39;0.70;188.46;3.25;704;5;584.00;20
1097;5;622894298;1097;126;1803;1820;11.32;0.69;188.89;3.26;706;5;585.00;17
1099;5;622894309;1099;124;1805;1820;11.36;0.69;189.20;3.27;706;5;586.00;15
1102;5;622894319;1102;127;1807;1821;11.35;0.69;189.68;3.27;705;5;587.00;14
1105;5;622894329;1105;130;1810;1821;11.39;0.70;190.13;3.29;705;5;588.00;11
1106;5;622894339;1106;134;1813;1821;11.46;0.70;190.31;3.30;707;5;589.00;8
1108;5;622894349;1108;139;1815;1821;11.56;0.71;190.77;3.31;707;5;590.00;6
1111;5;622894360;1111;137;1819;1825;11.65;0.71;190.76;3.31;708;5;591.00;6
1115;5;622894370;1115;142;1821;1825;11.72;0.72;190.96;3.32;706;5;592.00;4
1118;5;622894381;1118;141;1821;1825;11.89;0.73;190.98;3.32;703;5;593.00;4
1121;5;622894391;1121;139;1824;1828;11.99;0.73;191.41;3.32;703;5;594.00;4
1124;5;622894402;1124;139;1824;1828;12.04;0.74;191.64;3.32;700;5;595.00;4
1126;5;622894414;1126;136;1826;1828;12.14;0.74;191.57;3.34;700;5;596.00;2
1129;5;622894425;1129;136;1830;1832;12.16;0.74;191.62;3.34;701;5;597.00;2
1133;5;622894435;1133;132;1832;1833;12.24;0.75;192.09;3.34;699;5;598.00;1
1136;5;622894446;1136;133;1833;1833;12.35;0.75;192.06;3.34;697;5;599.00;0
1138;5;622894458;1138;141;1845;1859;12.28;0.75;192.50;3.32;707;5;600.00;14
1142;5;622894477;1142;133;1846;1859;12.35;0.75;192.73;3.32;704;5;601.00;13
1145;5;622894488;1145;132;1846;1859;12.44;0.76;192.88;3.32;701;5;602.00;13
1147;5;622894499;1147;132;1847;1860;12.53;0.76;192.94;3.32;700;5;603.00;13
1150;5;622894517;1150;135;1848;1860;12.53;0.76;192.92;3.32;698;5;604.00;12
1153;5;622894528;1153;134;1852;1866;12.53;0.76;193.02;3.31;699;5;605.00;14
1155;5;622894538;1155;136;1853;1866;12.41;0.75;193.27;3.32;698;5;606.00;13
1160;5;622894548;1160;138;1855;1867;12.35;0.75;193.74;3.32;695;5;607.00;12
1163;5;622894558;1163;134;1856;1867;12.28;0.74;194.15;3.32;693;5;608.00;11
1166;5;622894568;1166;130;1856;1867;12.19;0.74;194.39;3.32;690;5;609.00;11
1168;5;622894577;1168;129;1856;1867;12.20;0.74;194.34;3.32;688;5;610.00;11
1169;5;622894587;1169;128;1856;1867;12.20;0.74;194.39;3.32;687;5;611.00;11
1171;5;622894597;1171;122;1868;1879;12.23;0.74;194.32;3.31;697;5;612.00;11
1175;5;622894607;1175;118;1868;1879;12.15;0.74;194.66;3.31;693;5;613.00;11
1181;5;622894617;1181;111;1868;1879;12.05;0.73;194.93;3.31;687;5;614.00;11
1185;5;622894626;1185;109;1870;1879;11.93;0.73;195.24;3.31;685;5;615.00;9
1191;5;622894636;1191;111;1870;1879;11.93;0.72;195.42;3.31;679;5;616.00;9
1194;5;622894645;1194;107;1870;1879;12.00;0.73;195.50;3.31;676;5;617.00;9
1198;5;622894655;1198;111;1874;1883;11.99;0.73;195.42;3.32;676;5;618.00;9
1200;5;622894665;1200;107;1874;1883;12.10;0.73;195.51;3.32;674;5;619.00;9
1205;6;622894674;1205;108;1878;1887;12.16;0.74;195.41;3.32;673;6;620.00;9
1207;6;622894698;1207;106;1878;1888;12.25;0.74;195.58;3.32;671;6;621.00;10
1213;6;622894712;1213;106;1879;1888;12.22;0.74;195.38;3.32;666;6;622.00;9
1215;6;622894721;1215;105;1879;1888;12.17;0.74;195.32;3.32;664;6;623.00;9
1218;6;622894730;1218;111;1888;1901;12.01;0.73;195.49;3.32;670;6;624.00;13
1222;6;622894740;1222;112;1888;1901;12.05;0.73;195.42;3.32;666;6;625.00;13
1223;6;622894749;1223;116;1888;1901;12.09;0.73;195.30;3.32;665;6;626.00;13
1225;6;622894758;1225;121;1890;1902;12.10;0.73;195.74;3.33;665;6;627.00;12
1227;6;622894767;1227;122;1892;1903;12.09;0.73;195.91;3.34;665;6;628.00;11
1230;6;622894776;1230;123;1892;1903;12.07;0.73;196.15;3.34;662;6;629.00;11
1233;6;622894787;1233;130;1898;1909;12.03;0.73;196.37;3.36;665;6;630.00;11
1234;6;622894796;1234;131;1899;1909;12.05;0.73;196.43;3.36;665;6;631.00;10
1238;6;622894805;1238;133;1902;1909;11.99;0.73;196.27;3.37;664;6;632.00;7
1242;6;622894814;1242;137;1902;1909;11.95;0.73;196.07;3.37;660;6;633.00;7
1242;6;622894823;1242;137;1907;1915;11.99;0.73;196.07;3.37;665;6;634.00;8
1243;6;622894832;1243;140;1907;1915;12.00;0.73;196.14;3.37;664;6;635.00;8
1246;6;622894841;1246;142;1907;1915;11.98;0.73;196.09;3.37;661;6;636.00;8
1246;6;622894850;1246;144;1907;1915;11.91;0.72;196.09;3.37;661;6;637.00;8
1247;6;622894858;1247;150;1912;1919;11.80;0.72;196.09;3.39;665;6;638.00;7
1248;6;622894867;1248;156;1913;1920;11.73;0.71;196.16;3.39;665;6;639.00;7
1252;6;622894876;1252;163;1916;1920;11.59;0.70;195.97;3.40;664;6;640.00;4
1253;6;622894886;1253;174;1917;1921;11.52;0.70;196.08;3.40;664;6;641.00;4
1256;6;622894895;1256;179;1918;1921;11.44;0.69;196.06;3.41;662;6;642.00;3
1258;6;622894904;1258;185;1919;1921;11.30;0.69;195.97;3.42;661;6;643.00;2
1261;6;622894912;1261;190;1920;1921;11.12;0.68;195.89;3.43;659;6;644.00;1
1262;6;622894921;1262;192;1921;1921;10.89;0.66;195.89;3.43;659;6;645.00;0
1262;6;622894929;1262;194;1921;1921;10.72;0.65;195.89;3.43;659;6;646.00;0
1262;6;622894937;1262;198;1921;1921;10.53;0.64;195.89;3.43;659;6;647.00;0
1263;6;622894945;1263;211;1961;1991;10.42;0.64;195.79;3.36;698;6;648.00;30
1263;6;622894961;1263;211;1963;1992;10.28;0.63;195.79;3.36;700;6;649.00;29
1266;6;622894970;1266;217;1973;1992;10.16;0.62;195.70;3.35;707;6;650.00;19
1268;6;622894978;1268;211;1975;1992;9.96;0.61;195.64;3.35;707;6;651.00;17
1270;6;622894987;1270;218;1979;1992;9.84;0.60;195.41;3.35;709;6;652.00;13
1272;6;622894996;1272;223;1979;1992;9.71;0.59;195.37;3.35;707;6;653.00;13
1275;6;622895005;1275;225;1981;1992;9.56;0.58;195.18;3.35;706;6;654.00;11
1278;6;622895014;1278;229;1983;1992;9.41;0.58;195.07;3.36;705;6;655.00;9
1280;6;622895022;1280;231;1985;1993;9.32;0.57;194.98;3.36;705;6;656.00;8
1281;6;622895030;1281;233;1987;1994;9.12;0.56;194.84;3.37;706;6;657.00;7
1282;6;622895038;1282;241;1988;1994;9.01;0.55;194.84;3.37;706;6;658.00;6
1283;6;622895046;1283;238;1994;1998;8.93;0.55;194.80;3.37;711;6;659.00;4
1286;6;622895056;1286;240;1996;1998;8.80;0.54;194.50;3.38;710;6;660.00;2
1286;6;622895064;1286;244;1997;1998;8.71;0.53;194.50;3.38;711;6;661.00;1
1287;6;622895072;1287;246;1998;1998;8.61;0.53;194.44;3.38;711;6;662.00;0
1287;6;622895080;1287;248;2004;2004;8.59;0.53;194.44;3.38;717;6;663.00;0
1288;6;622895088;1288;252;2004;2004;8.53;0.52;194.43;3.38;716;6;664.00;0
1291;6;622895097;1291;256;2004;2004;8.51;0.52;194.33;3.38;713;6;665.00;0
1294;6;622895105;1294;260;2006;2007;8.48;0.52;194.35;3.37;712;6;666.00;1
1296;6;622895113;1296;261;2006;2007;8.47;0.52;194.32;3.37;710;6;667.00;1
1297;6;622895121;1297;263;2007;2007;8.45;0.52;194.27;3.37;710;6;668.00;0
1299;6;622895129;1299;270;2008;2008;8.44;0.52;194.26;3.37;709;6;669.00;0
1302;6;622895137;1302;270;2009;2009;8.41;0.51;193.95;3.37;707;6;670.00;0
1305;6;622895145;1305;276;2009;2009;8.36;0.51;193.73;3.37;704;6;671.00;0
1308;6;622895153;1308;278;2021;2022;8.19;0.50;193.70;3.35;713;6;672.00;1
1311;6;622895162;1311;281;2022;2022;8.12;0.49;193.80;3.35;711;6;673.00;0
1313;6;622895170;1313;279;2022;2022;8.01;0.49;193.92;3.35;709;6;674.00;0
1318;6;622895178;1318;264;2024;2024;7.88;0.48;194.18;3.35;706;6;675.00;0
1321;6;622895186;1321;252;2024;2024;7.82;0.48;194.17;3.35;703;6;676.00;0
1324;6;622895194;1324;248;2028;2028;7.85;0.48;194.36;3.34;704;6;677.00;0
1326;6;622895201;1326;242;2028;2028;7.85;0.48;194.51;3.34;702;6;678.00;0
1328;6;622895209;1328;244;2032;2032;7.76;0.47;194.83;3.34;704;6;679.00;0
1331;6;622895217;1331;228;2032;2032;7.73;0.47;194.82;3.34;701;6;680.00;0
1335;6;622895225;1335;220;2032;2032;7.69;0.47;195.02;3.34;697;6;681.00;0
1339;6;622895239;1339;209;2032;2032;7.65;0.47;195.26;3.34;693;6;682.00;0
1340;6;622895247;1340;208;2032;2032;7.65;0.47;195.41;3.34;692;6;683.00;0
1343;6;622895255;1343;205;2042;2044;7.75;0.47;195.38;3.32;699;6;684.00;2
1346;6;622895263;1346;208;2042;2044;7.77;0.48;195.72;3.32;696;6;685.00;2
1349;6;622895271;1349;209;2044;2044;7.87;0.48;195.82;3.32;695;6;686.00;0
1351;6;622895279;1351;201;2044;2044;7.96;0.49;195.92;3.32;693;6;687.00;0
1355;6;622895288;1355;192;2044;2044;7.98;0.49;196.10;3.32;689;6;688.00;0
1356;6;622895296;1356;186;2044;2044;8.08;0.49;196.25;3.32;688;6;689.00;0
1358;6;622895311;1358;181;2045;2045;8.09;0.50;196.47;3.32;687;6;690.00;0
1360;6;622895319;1360;179;2045;2045;8.14;0.50;196.81;3.32;685;6;691.00;0
1361;6;622895328;1361;176;2051;2051;8.33;0.51;196.98;3.31;690;6;692.00;0
1363;6;622895336;1363;178;2052;2052;8.36;0.51;197.09;3.31;689;6;693.00;0
1365;6;622895345;1365;176;2052;2052;8.40;0.51;197.24;3.31;687;6;694.00;0
1365;6;622895353;1365;170;2052;2052;8.43;0.52;197.24;3.31;687;6;695.00;0
1368;6;622895362;1368;172;2056;2056;8.42;0.52;197.03;3.30;688;6;696.00;0
1375;6;622895370;1375;175;2056;2056;8.38;0.51;197.16;3.30;681;6;697.00;0
1382;6;622895379;1382;181;2056;2056;8.38;0.51;197.27;3.30;674;6;698.00;0
1385;6;622895394;1385;182;2057;2057;8.43;0.51;197.42;3.30;672;6;699.00;0
1388;6;622895403;1388;183;2061;2061;8.45;0.52;197.16;3.30;673;6;700.00;0
1392;6;622895416;1392;175;2061;2061;8.46;0.52;197.34;3.30;669;6;701.00;0
1394;6;622895424;1394;178;2063;2064;8.56;0.52;197.28;3.29;669;6;702.00;1
1399;6;622895433;1399;173;2063;2064;8.54;0.52;197.47;3.29;664;6;703.00;1
1402;6;622895442;1402;177;2064;2064;8.62;0.53;197.50;3.29;662;6;704.00;0
1406;6;622895450;1406;180;2064;2064;8.63;0.53;197.63;3.29;658;6;705.00;0
1409;6;622895458;1409;186;2068;2068;8.66;0.53;197.73;3.29;659;6;706.00;0
1411;6;622895467;1411;185;2068;2068;8.67;0.53;197.89;3.29;657;6;707.00;0
1417;6;622895476;1417;180;2068;2068;8.57;0.52;198.22;3.29;651;6;708.00;0
1421;6;622895485;1421;178;2068;2068;8.57;0.52;198.15;3.29;647;6;709.00;0
1422;6;622895493;1422;174;2069;2069;8.54;0.52;198.25;3.29;647;6;710.00;0
1425;6;622895501;1425;174;2070;2070;8.54;0.52;198.36;3.29;645;6;711.00;0
1428;6;622895510;1428;177;2070;2070;8.59;0.52;198.57;3.29;642;6;712.00;0
1432;6;622895518;1432;175;2071;2071;8.66;0.53;198.61;3.28;639;6;713.00;0
1439;6;622895527;1439;175;2071;2071;8.70;0.53;198.78;3.28;632;6;714.00;0
1440;6;622895536;1440;172;2071;2071;8.76;0.53;198.79;3.28;631;6;715.00;0
1443;6;622895544;1443;172;2071;2071;8.83;0.54;198.99;3.28;628;6;716.00;0
1448;6;622895553;1448;169;2071;2071;8.83;0.54;199.05;3.28;623;6;717.00;0
1450;6;622895561;1450;171;2071;2071;8.94;0.54;199.17;3.28;621;6;718.00;0
1453;6;622895569;1453;172;2071;2071;8.93;0.54;199.31;3.28;618;6;719.00;0
1455;6;622895580;1455;206;2190;2301;9.06;0.57;199.45;3.11;735;6;720.00;111
1460;6;622895609;1460;200;2199;2302;9.11;0.57;199.37;3.10;739;6;721.00;103
1463;6;622895619;1463;186;2214;2302;9.19;0.58;199.42;3.09;751;6;722.00;88
1466;6;622895629;1466;185;2222;2302;9.09;0.57;199.54;3.09;756;6;723.00;80
1469;6;622895638;1469;188;2232;2302;9.07;0.57;199.66;3.10;763;6;724.00;70
1471;6;622895648;1471;185;2235;2302;9.02;0.56;199.84;3.10;764;6;725.00;67
1474;6;622895658;1474;188;2244;2302;8.98;0.56;199.86;3.11;770;6;726.00;58
1478;6;622895668;1478;178;2250;2302;8.90;0.55;200.00;3.12;772;6;727.00;52
1479;6;622895678;1479;176;2255;2303;8.84;0.55;200.02;3.13;776;6;728.00;48
1482;6;622895694;1482;178;2261;2304;8.76;0.55;200.14;3.15;779;6;729.00;43
1484;6;622895704;1484;173;2267;2304;8.73;0.54;200.04;3.16;783;6;730.00;37
1488;6;622895719;1488;178;2272;2305;8.59;0.53;200.40;3.18;784;6;731.00;33
1493;6;622895729;1493;178;2276;2305;8.56;0.53;200.62;3.19;783;6;732.00;29
1494;6;622895745;1494;181;2279;2305;8.55;0.53;200.64;3.21;785;6;733.00;26
1497;6;622895755;1497;187;2282;2305;8.59;0.53;200.85;3.22;785;6;734.00;23
1499;6;622895765;1499;192;2285;2309;8.62;0.53;200.92;3.21;786;6;735.00;24
1503;6;622895782;1503;186;2285;2309;8.73;0.54;201.26;3.21;782;6;736.00;24
1506;6;622895793;1506;182;2287;2309;8.75;0.54;201.48;3.23;781;6;737.00;22
1507;6;622895809;1507;182;2289;2312;8.87;0.55;201.42;3.23;782;6;738.00;23
1512;6;622895819;1512;178;2289;2312;8.88;0.54;201.63;3.23;777;6;739.00;23
1515;6;622895836;1515;177;2290;2312;8.94;0.55;201.88;3.24;775;6;740.00;22
1519;6;622895852;1519;173;2294;2316;9.03;0.55;202.06;3.23;775;6;741.00;22
1521;6;622895864;1521;174;2295;2317;9.28;0.57;202.30;3.23;774;6;742.00;22
1525;6;622895875;1525;172;2296;2317;9.48;0.58;202.59;3.24;771;6;743.00;21
1527;6;622895886;1527;176;2300;2321;9.65;0.59;202.76;3.24;773;6;744.00;21
1533;6;622895897;1533;169;2301;2321;9.81;0.60;202.99;3.24;768;6;745.00;20
1535;6;622895909;1535;166;2301;2321;9.97;0.61;202.94;3.24;766;6;746.00;20
1541;6;622895919;1541;165;2302;2322;10.04;0.61;203.26;3.25;761;6;747.00;20
1543;6;622895930;1543;162;2303;2322;10.15;0.62;203.48;3.26;760;6;748.00;19
1547;6;622895941;1547;161;2308;2328;10.25;0.63;203.77;3.26;761;6;749.00;20
1548;6;622895955;1548;159;2308;2328;10.45;0.64;203.97;3.26;760;6;750.00;20
1551;6;622895965;1551;156;2311;2329;10.53;0.64;204.32;3.27;760;6;751.00;18
1552;6;622895987;1552;151;2311;2329;10.70;0.65;204.37;3.27;759;6;752.00;18
1557;6;622896005;1557;146;2313;2329;10.75;0.66;204.76;3.30;756;6;753.00;16
1559;6;622896023;1559;144;2313;2329;10.89;0.67;205.00;3.30;754;6;754.00;16
1562;6;622896039;1562;143;2314;2329;10.98;0.67;205.28;3.31;752;6;755.00;15
1566;6;622896056;1566;144;2325;2341;11.01;0.67;205.57;3.31;759;6;756.00;16
1569;6;622896081;1569;142;2326;2341;11.15;0.68;205.61;3.32;757;6;757.00;15
1573;6;622896102;1573;144;2328;2341;11.22;0.69;205.69;3.32;755;6;758.00;13
1576;6;622896114;1576;145;2329;2341;11.23;0.68;205.75;3.32;753;6;759.00;12
1583;6;622896126;1583;144;2331;2341;11.23;0.68;206.05;3.34;748;6;760.00;10
1586;6;622896138;1586;148;2331;2341;11.26;0.69;205.94;3.34;745;6;761.00;10
1587;6;622896151;1587;149;2335;2345;11.27;0.69;205.91;3.33;748;6;762.00;10
1590;6;622896163;1590;149;2336;2345;11.26;0.69;205.93;3.35;746;6;763.00;9
1592;6;622896174;1592;149;2340;2349;11.34;0.69;205.99;3.34;748;6;764.00;9
1593;6;622896186;1593;150;2342;2351;11.28;0.69;206.10;3.34;749;6;765.00;9
1597;6;622896197;1597;152;2342;2351;11.35;0.69;206.36;3.34;745;6;766.00;9
1599;6;622896208;1599;156;2342;2351;11.39;0.69;206.31;3.34;743;6;767.00;9
1601;6;622896218;1601;158;2353;2364;11.46;0.70;206.49;3.33;752;6;768.00;11
1603;6;622896229;1603;160;2353;2364;11.47;0.70;206.60;3.33;750;6;769.00;11
1605;6;622896240;1605;160;2353;2364;11.50;0.70;206.77;3.33;748;6;770.00;11
1607;6;622896259;1607;161;2354;2365;11.59;0.71;206.89;3.32;747;6;771.00;11
1610;6;622896270;1610;165;2355;2366;11.62;0.71;207.09;3.32;745;6;772.00;11
1614;6;622896281;1614;163;2355;2366;11.59;0.71;207.34;3.32;741;6;773.00;11
1616;6;622896291;1616;160;2357;2369;11.60;0.71;207.38;3.32;741;6;774.00;12
1621;6;622896302;1621;161;2357;2369;11.54;0.70;207.36;3.32;736;6;775.00;12
1624;6;622896312;1624;161;2358;2369;11.53;0.70;207.34;3.32;734;6;776.00;11
1629;6;622896322;1629;164;2358;2369;11.47;0.70;207.41;3.32;729;6;777.00;11
1632;6;622896332;1632;171;2363;2375;11.45;0.70;207.30;3.32;731;6;778.00;12
1633;6;622896343;1633;166;2363;2375;11.45;0.70;207.29;3.32;730;6;779.00;12
1637;6;622896356;1637;162;2363;2375;11.50;0.70;207.45;3.32;726;6;780.00;12
1639;6;622896367;1639;163;2363;2375;11.43;0.70;207.56;3.32;724;6;781.00;12
1642;6;622896376;1642;157;2366;2379;11.33;0.69;207.45;3.31;724;6;782.00;13
1649;6;622896387;1649;155;2367;2380;11.27;0.69;207.86;3.31;718;6;783.00;13
1651;6;622896398;1651;149;2367;2380;11.29;0.69;207.86;3.31;716;6;784.00;13
1653;6;622896409;1653;151;2370;2381;11.22;0.69;207.87;3.31;717;6;785.00;11
1655;6;622896419;1655;150;2370;2381;11.12;0.68;207.91;3.31;715;6;786.00;11
1660;6;622896429;1660;150;2370;2381;11.16;0.68;208.06;3.31;710;6;787.00;11
1663;6;622896439;1663;147;2370;2381;11.28;0.69;208.36;3.31;707;6;788.00;11
1667;6;622896448;1667;149;2370;2381;11.26;0.69;208.27;3.31;703;6;789.00;11
1669;6;622896458;1669;152;2370;2381;11.30;0.69;208.49;3.31;701;6;790.00;11
1674;6;622896469;1674;153;2370;2381;11.33;0.69;208.86;3.31;696;6;791.00;11
1677;6;622896480;1677;155;2403;2451;11.35;0.69;209.08;3.27;726;6;792.00;48
1678;7;622896496;1678;151;2404;2452;11.27;0.69;209.08;3.27;726;7;793.00;48
1680;7;622896525;1680;153;2412;2452;11.24;0.69;209.36;3.26;732;7;794.00;40
1686;7;622896536;1686;156;2415;2452;11.17;0.68;209.63;3.26;729;7;795.00;37
1688;7;622896546;1688;156;2418;2452;11.09;0.68;209.55;3.29;730;7;796.00;34
1691;7;622896556;1691;158;2420;2452;11.10;0.68;209.63;3.29;729;7;797.00;32
1694;7;622896566;1694;161;2424;2452;11.00;0.67;209.51;3.30;730;7;798.00;28
1698;7;622896576;1698;164;2427;2452;10.97;0.67;209.62;3.33;729;7;799.00;25
1701;8;622896586;1701;163;2432;2453;10.97;0.67;209.43;3.34;731;8;800.00;21
1707;9;622896620;1707;170;2435;2454;10.85;0.66;209.29;3.38;728;9;801.00;19
1707;9;622896650;1707;175;2437;2454;10.74;0.65;209.29;3.38;730;9;802.00;17
1708;9;622896660;1708;181;2444;2458;10.56;0.64;209.22;3.42;736;9;803.00;14
1715;9;622896669;1715;186;2444;2458;10.35;0.63;208.88;3.42;729;9;804.00;14
1718;9;622896679;1718;193;2445;2458;10.13;0.62;208.76;3.45;727;9;805.00;13
1719;9;622896688;1719;199;2445;2458;9.94;0.61;208.85;3.45;726;9;806.00;13
1720;9;622896697;1720;205;2450;2464;9.85;0.60;208.77;3.44;730;9;807.00;14
1723;9;622896706;1723;214;2451;2464;9.74;0.59;208.54;3.48;728;9;808.00;13
1725;9;622896717;1725;223;2451;2464;9.65;0.59;208.47;3.48;726;9;809.00;13
1726;9;622896728;1726;229;2457;2470;9.66;0.59;208.40;3.49;731;9;810.00;13
1727;9;622896738;1727;237;2459;2470;9.59;0.58;208.31;3.52;732;9;811.00;11
1728;9;622896748;1728;240;2461;2470;9.53;0.58;208.24;3.56;733;9;812.00;9
1729;9;622896757;1729;245;2464;2471;9.37;0.57;208.23;3.60;735;9;813.00;7
1729;9;622896767;1729;253;2465;2472;9.29;0.56;208.23;3.60;736;9;814.00;7
1730;9;622896775;1730;255;2467;2472;9.13;0.56;208.12;3.62;737;9;815.00;5
1733;9;622896785;1733;266;2475;2485;8.92;0.54;207.94;3.61;742;9;816.00;10
1737;9;622896795;1737;267;2478;2485;8.75;0.53;207.69;3.63;741;9;817.00;7
1741;9;622896804;1741;274;2480;2485;8.60;0.53;207.52;3.64;739;9;818.00;5
1744;9;622896813;1744;277;2482;2486;8.51;0.52;207.50;3.64;738;9;819.00;4
1746;9;622896821;1746;283;2483;2486;8.49;0.52;207.42;3.64;737;9;820.00;3
1748;9;622896830;1748;288;2488;2490;8.45;0.52;207.36;3.65;740;9;821.00;2
1752;9;622896838;1752;301;2488;2490;8.35;0.51;207.25;3.65;736;9;822.00;2
1752;9;622896848;1752;306;2492;2494;8.30;0.51;207.25;3.64;740;9;823.00;2
1753;9;622896856;1753;311;2493;2494;8.17;0.50;207.20;3.65;740;9;824.00;1
1754;9;622896865;1754;317;2493;2494;8.04;0.49;207.17;3.65;739;9;825.00;1
1755;9;622896873;1755;321;2494;2494;7.91;0.49;207.07;3.65;739;9;826.00;0
1756;9;622896882;1756;313;2494;2494;7.78;0.48;207.03;3.65;738;9;827.00;0
1759;9;622896890;1759;306;2504;2506;7.74;0.48;206.92;3.63;745;9;828.00;2
1760;9;622896900;1760;304;2505;2506;7.69;0.47;206.94;3.63;745;9;829.00;1
1762;9;622896909;1762;291;2506;2506;7.68;0.47;206.92;3.63;744;9;830.00;0
1762;9;622896918;1762;287;2506;2506;7.70;0.47;206.92;3.63;744;9;831.00;0
1764;9;622896927;1764;277;2506;2506;7.76;0.48;206.91;3.63;742;9;832.00;0
1766;9;622896937;1766;273;2506;2506;7.74;0.48;206.75;3.63;740;9;833.00;0
1767;9;622896960;1767;269;2507;2507;7.77;0.48;206.80;3.63;740;9;834.00;0
1767;9;622896974;1767;264;2507;2507;7.74;0.48;206.80;3.63;740;9;835.00;0
1768;9;622896985;1768;268;2513;2513;7.87;0.48;206.79;3.63;745;9;836.00;0
1770;9;622896994;1770;267;2514;2514;7.93;0.49;206.81;3.62;744;9;837.00;0
1770;9;622897004;1770;266;2514;2514;8.00;0.49;206.81;3.62;744;9;838.00;0
1772;9;622897014;1772;261;2514;2514;8.03;0.49;206.75;3.62;742;9;839.00;0
1774;9;622897025;1774;260;2519;2519;8.10;0.49;206.65;3.62;745;9;840.00;0
1777;9;622897034;1777;257;2519;2519;8.09;0.49;206.63;3.62;742;9;841.00;0
1780;9;622897042;1780;260;2519;2519;8.07;0.49;206.60;3.62;739;9;842.00;0
1782;9;622897051;1782;262;2520;2520;8.01;0.49;206.52;3.62;738;9;843.00;0
1787;9;622897059;1787;254;2524;2524;7.99;0.49;206.53;3.61;737;9;844.00;0
1789;9;622897068;1789;252;2524;2524;7.97;0.49;206.43;3.61;735;9;845.00;0
1793;9;622897076;1793;249;2526;2527;7.96;0.48;206.61;3.61;733;9;846.00;1
1795;9;622897084;1795;246;2527;2527;7.97;0.49;206.64;3.61;732;9;847.00;0
1798;9;622897092;1798;254;2527;2527;7.93;0.48;206.85;3.61;729;9;848.00;0
1801;9;622897100;1801;257;2527;2527;7.83;0.48;207.11;3.61;726;9;849.00;0
1805;9;622897108;1805;248;2531;2531;7.89;0.48;207.27;3.60;726;9;850.00;0
1807;9;622897117;1807;242;2531;2531;7.82;0.48;207.35;3.60;724;9;851.00;0
1812;9;622897125;1812;238;2531;2531;7.68;0.47;207.46;3.60;719;9;852.00;0
1812;9;622897133;1812;230;2531;2531;7.66;0.47;207.46;3.60;719;9;853.00;0
1815;9;622897141;1815;221;2532;2532;7.61;0.47;207.59;3.60;717;9;854.00;0
1819;9;622897150;1819;219;2534;2534;7.61;0.47;207.64;3.60;715;9;855.00;0
1821;9;622897159;1821;223;2534;2534;7.57;0.46;207.79;3.60;713;9;856.00;0
1821;9;622897167;1821;218;2535;2535;7.69;0.47;207.79;3.60;714;9;857.00;0
1822;9;622897175;1822;210;2535;2535;7.83;0.48;207.75;3.60;713;9;858.00;0
1827;9;622897183;1827;202;2535;2535;7.92;0.48;208.00;3.60;708;9;859.00;0
1829;9;622897191;1829;198;2535;2535;8.05;0.49;207.92;3.60;706;9;860.00;0
1831;9;622897200;1831;189;2535;2535;8.17;0.50;208.09;3.60;704;9;861.00;0
1835;9;622897208;1835;184;2535;2535;8.24;0.50;208.26;3.60;700;9;862.00;0
1837;9;622897216;1837;183;2535;2535;8.36;0.51;208.40;3.60;698;9;863.00;0
1840;9;622897225;1840;186;2610;2662;8.77;0.55;208.79;3.50;770;9;864.00;52
1844;9;622897242;1844;184;2614;2663;8.87;0.55;208.80;3.49;770;9;865.00;49
1849;9;622897252;1849;188;2621;2663;8.99;0.56;209.09;3.49;772;9;866.00;42
1855;9;622897261;1855;183;2624;2663;9.03;0.56;209.17;3.49;769;9;867.00;39
1859;9;622897276;1859;183;2630;2663;9.03;0.56;209.12;3.49;771;9;868.00;33
1865;9;622897286;1865;189;2634;2663;8.91;0.55;209.09;3.49;769;9;869.00;29
1869;9;622897296;1869;187;2637;2663;8.83;0.55;209.41;3.49;768;9;870.00;26
1873;9;622897306;1873;190;2640;2663;8.71;0.54;209.30;3.50;767;9;871.00;23
1876;9;622897320;1876;193;2642;2664;8.66;0.53;209.31;3.50;766;9;872.00;22
1881;9;622897329;1881;200;2646;2665;8.51;0.52;209.49;3.51;765;9;873.00;19
1891;9;622897339;1891;201;2649;2665;8.34;0.51;210.00;3.52;758;9;874.00;16
1894;9;622897349;1894;203;2653;2666;8.26;0.51;210.13;3.53;759;9;875.00;13
1898;9;622897359;1898;217;2654;2666;8.17;0.50;210.17;3.53;756;9;876.00;12
1904;9;622897368;1904;215;2657;2666;8.13;0.50;210.26;3.54;753;9;877.00;9
1906;9;622897377;1906;216;2658;2666;8.09;0.50;210.37;3.54;752;9;878.00;8
1909;9;622897387;1909;222;2663;2670;8.09;0.50;210.46;3.55;754;9;879.00;7
1913;9;622897397;1913;220;2664;2670;8.08;0.50;210.52;3.55;751;9;880.00;6
1916;9;622897412;1916;233;2666;2670;8.09;0.50;210.44;3.56;750;9;881.00;4
1920;9;622897421;1920;229;2667;2673;8.09;0.50;210.64;3.56;747;9;882.00;6
1922;9;622897431;1922;223;2669;2673;8.10;0.50;210.78;3.57;747;9;883.00;4
1924;9;622897440;1924;223;2669;2673;8.16;0.50;210.88;3.57;745;9;884.00;4
1930;9;622897449;1930;217;2673;2677;8.15;0.50;210.97;3.57;743;9;885.00;4
1932;9;622897460;1932;219;2675;2678;8.18;0.50;211.10;3.57;743;9;886.00;3
1936;9;622897469;1936;231;2677;2678;8.28;0.51;211.06;3.57;741;9;887.00;1
1939;9;622897479;1939;222;2680;2682;8.26;0.50;211.04;3.57;741;9;888.00;2
1943;9;622897490;1943;220;2682;2682;8.32;0.51;210.98;3.57;739;9;889.00;0
1947;9;622897502;1947;219;2682;2682;8.35;0.51;211.10;3.57;735;9;890.00;0
1949;9;622897513;1949;215;2683;2683;8.39;0.51;211.01;3.57;734;9;891.00;0
1953;9;622897523;1953;215;2683;2683;8.50;0.52;211.26;3.57;730;9;892.00;0
1954;9;622897533;1954;217;2689;2689;8.56;0.52;211.20;3.56;735;9;893.00;0
1958;9;622897544;1958;220;2689;2689;8.58;0.52;211.20;3.56;731;9;894.00;0
1961;9;622897560;1961;217;2690;2690;8.68;0.53;211.42;3.56;729;9;895.00;0
1963;9;622897570;1963;210;2690;2690;8.72;0.53;211.50;3.56;727;9;896.00;0
1968;9;622897580;1968;198;2690;2690;8.79;0.54;212.19;3.56;722;9;897.00;0
1973;9;622897590;1973;197;2690;2690;8.86;0.54;212.18;3.56;717;9;898.00;0
1974;9;622897600;1974;193;2690;2690;8.99;0.55;212.27;3.56;716;9;899.00;0
1976;9;622897612;1976;186;2720;2736;9.04;0.55;212.40;3.52;744;9;900.00;16
1978;9;622897632;1978;179;2720;2736;9.08;0.56;212.51;3.52;742;9;901.00;16
1981;9;622897643;1981;184;2725;2736;9.17;0.56;212.72;3.52;744;9;902.00;11
1985;9;622897656;1985;178;2725;2736;9.28;0.57;212.99;3.52;740;9;903.00;11
1990;9;622897667;1990;183;2727;2736;9.30;0.57;213.19;3.52;737;9;904.00;9
1993;9;622897678;1993;181;2727;2736;9.32;0.57;213.27;3.52;734;9;905.00;9
1995;9;622897695;1995;170;2732;2740;9.32;0.57;213.35;3.52;737;9;906.00;8
1997;9;622897707;1997;160;2733;2740;9.35;0.57;213.39;3.52;736;9;907.00;7
2002;9;622897717;2002;152;2737;2744;9.34;0.57;213.71;3.52;735;9;908.00;7
2006;9;622897730;2006;147;2738;2745;9.40;0.58;213.73;3.51;732;9;909.00;7
2008;9;622897741;2008;140;2738;2745;9.43;0.58;213.67;3.51;730;9;910.00;7
2011;9;622897752;2011;140;2738;2745;9.52;0.58;213.75;3.51;727;9;911.00;7
2013;9;622897764;2013;136;2750;2758;9.56;0.58;213.70;3.50;737;9;912.00;8
2015;9;622897776;2015;134;2751;2758;9.58;0.59;213.77;3.50;736;9;913.00;7
2019;9;622897787;2019;137;2752;2758;9.68;0.59;214.02;3.51;733;9;914.00;6
2021;9;622897800;2021;129;2753;2759;9.82;0.60;213.97;3.51;732;9;915.00;6
2023;9;622897812;2023;132;2754;2760;9.86;0.60;214.13;3.51;731;9;916.00;6
2026;9;622897823;2026;132;2755;2760;9.83;0.60;214.33;3.51;729;9;917.00;5
2031;9;622897834;2031;131;2757;2763;9.86;0.60;214.49;3.51;726;9;918.00;6
2034;9;622897847;2034;123;2757;2763;9.88;0.60;214.52;3.51;723;9;919.00;6
2038;9;622897858;2038;125;2759;2763;9.92;0.60;214.79;3.51;721;9;920.00;4
2038;9;622897870;2038;125;2759;2763;9.99;0.61;214.79;3.51;721;9;921.00;4
2042;9;622897881;2042;133;2765;2769;10.02;0.61;215.00;3.52;723;9;922.00;4
2045;9;622897893;2045;133;2765;2769;10.09;0.61;215.11;3.52;720;9;923.00;4
2047;9;622897904;2047;133;2765;2769;10.14;0.62;215.14;3.52;718;9;924.00;4
2052;9;622897914;2052;136;2769;2769;10.14;0.62;215.38;3.53;717;9;925.00;0
2054;9;622897925;2054;136;2773;2773;10.11;0.61;215.40;3.53;719;9;926.00;0
2056;9;622897943;2056;136;2774;2774;10.20;0.62;215.31;3.53;718;9;927.00;0
2058;9;622897953;2058;139;2774;2774;10.25;0.62;215.51;3.53;716;9;928.00;0
2060;9;622897963;2060;144;2775;2775;10.30;0.63;215.39;3.53;715;9;929.00;0
2064;9;622897979;2064;146;2775;2775;10.34;0.63;215.37;3.53;711;9;930.00;0
2066;9;622897994;2066;146;2775;2775;10.40;0.63;215.51;3.53;709;9;931.00;0
2067;9;622898013;2067;150;2775;2775;10.47;0.64;215.49;3.53;708;9;932.00;0
2071;9;622898031;2071;150;2775;2775;10.54;0.64;215.65;3.53;704;9;933.00;0
2074;9;622898050;2074;154;2775;2775;10.60;0.64;215.64;3.53;701;9;934.00;0
2075;9;622898066;2075;156;2775;2775;10.68;0.65;215.81;3.53;700;9;935.00;0
2078;9;622898082;2078;166;2814;2845;10.58;0.64;215.85;3.48;736;9;936.00;31
2080;9;622898102;2080;162;2815;2846;10.68;0.65;216.03;3.48;735;9;937.00;31
2084;9;622898113;2084;164;2821;2846;10.78;0.65;215.96;3.47;737;9;938.00;25
2085;9;622898123;2085;163;2826;2846;10.86;0.66;216.09;3.47;741;9;939.00;20
2087;9;622898134;2087;163;2829;2846;10.85;0.66;216.30;3.47;742;9;940.00;17
2092;9;622898144;2092;165;2832;2846;10.91;0.66;216.28;3.47;740;9;941.00;14
2095;9;622898156;2095;170;2835;2846;10.95;0.66;216.33;3.48;740;9;942.00;11
2098;9;622898168;2098;171;2837;2846;10.98;0.66;216.23;3.48;739;9;943.00;9
2100;9;622898178;2100;175;2839;2847;11.09;0.67;216.26;3.48;739;9;944.00;8
2102;9;622898189;2102;174;2841;2849;11.14;0.67;216.33;3.48;739;9;945.00;8
2106;9;622898200;2106;177;2842;2849;11.18;0.68;216.29;3.48;736;9;946.00;7
2107;9;622898209;2107;178;2847;2853;11.17;0.68;216.30;3.48;740;9;947.00;6
2110;9;622898220;2110;185;2848;2853;11.12;0.68;216.27;3.48;738;9;948.00;5
2112;9;622898230;2112;184;2848;2853;11.03;0.67;216.21;3.48;736;9;949.00;5
2116;9;622898240;2116;183;2848;2853;10.78;0.66;216.08;3.48;732;9;950.00;5
2117;9;622898252;2117;184;2852;2859;10.69;0.65;216.05;3.48;735;9;951.00;7
2119;9;622898261;2119;180;2852;2859;10.57;0.65;216.02;3.48;733;9;952.00;7
2120;9;622898272;2120;184;2852;2859;10.51;0.64;216.11;3.48;732;9;953.00;7
2125;9;622898281;2125;180;2854;2862;10.54;0.64;216.06;3.48;729;9;954.00;8
2127;9;622898291;2127;183;2857;2862;10.42;0.64;215.94;3.49;730;9;955.00;5
2132;9;622898300;2132;186;2858;2862;10.36;0.63;215.83;3.49;726;9;956.00;4
2135;9;622898309;2135;187;2859;2863;10.33;0.63;215.70;3.49;724;9;957.00;4
2138;9;622898319;2138;188;2860;2864;10.29;0.63;215.58;3.49;722;9;958.00;4
2143;9;622898328;2143;195;2860;2864;10.22;0.62;215.30;3.49;717;9;959.00;4
2148;9;622898339;2148;201;2877;2890;10.21;0.62;215.36;3.46;729;9;960.00;13
2149;9;622898350;2149;199;2877;2890;10.18;0.62;215.35;3.46;728;9;961.00;13
2153;9;622898358;2153;206;2879;2890;10.17;0.62;215.11;3.46;726;9;962.00;11
2157;9;622898368;2157;203;2881;2891;10.17;0.62;214.89;3.47;724;9;963.00;10
2161;9;622898377;2161;206;2883;2891;10.19;0.62;214.74;3.47;722;9;964.00;8
2164;9;622898386;2164;204;2886;2895;10.26;0.63;214.63;3.47;722;9;965.00;9
2165;9;622898397;2165;207;2886;2895;10.31;0.63;214.65;3.47;721;9;966.00;9
2166;9;622898406;2166;213;2890;2899;10.29;0.63;214.56;3.47;724;9;967.00;9
2167;9;622898416;2167;210;2890;2899;10.29;0.63;214.52;3.47;723;9;968.00;9
2167;9;622898425;2167;213;2890;2899;10.26;0.63;214.52;3.47;723;9;969.00;9
2168;9;622898434;2168;215;2891;2899;10.21;0.62;214.53;3.47;723;9;970.00;8
2168;9;622898443;2168;220;2893;2899;10.10;0.62;214.53;3.49;725;9;971.00;6
2174;9;622898451;2174;224;2904;2911;9.98;0.61;214.45;3.48;730;9;972.00;7
2176;9;622898462;2176;227;2905;2911;9.91;0.60;214.47;3.48;729;9;973.00;6
2177;9;622898473;2177;233;2905;2911;9.74;0.59;214.42;3.48;728;9;974.00;6
2178;9;622898482;2178;238;2907;2911;9.59;0.58;214.44;3.49;729;9;975.00;4
2178;9;622898490;2178;242;2907;2911;9.48;0.58;214.44;3.49;729;9;976.00;4
2180;9;622898499;2180;249;2907;2911;9.39;0.57;214.40;3.49;727;9;977.00;4
2182;9;622898508;2182;253;2907;2912;9.31;0.57;214.46;3.49;725;9;978.00;5
2183;9;622898517;2183;245;2907;2912;9.25;0.56;214.40;3.49;724;9;979.00;5
2184;9;622898526;2184;241;2914;2918;9.25;0.56;214.39;3.49;730;9;980.00;4
2185;9;622898536;2185;241;2915;2919;9.18;0.56;214.41;3.49;730;9;981.00;4
2190;9;622898545;2190;242;2915;2919;9.15;0.56;214.49;3.49;725;9;982.00;4
2192;9;622898554;2192;241;2916;2919;9.12;0.55;214.46;3.50;724;9;983.00;3
2193;9;622898563;2193;246;2919;2923;9.13;0.55;214.37;3.49;726;9;984.00;4
2194;9;622898573;2194;240;2921;2923;9.07;0.55;214.42;3.50;727;9;985.00;2
2199;9;622898582;2199;240;2921;2923;9.01;0.55;214.28;3.50;722;9;986.00;2
2200;9;622898592;2200;240;2923;2924;9.03;0.55;214.30;3.50;723;9;987.00;1
2201;9;622898608;2201;241;2927;2928;8.97;0.55;214.21;3.50;726;9;988.00;1
2203;9;622898617;2203;242;2927;2928;8.94;0.54;214.11;3.50;724;9;989.00;1
2203;9;622898629;2203;244;2932;2934;8.95;0.55;214.11;3.50;729;9;990.00;2
2204;9;622898638;2204;243;2933;2934;8.96;0.55;214.10;3.50;729;9;991.00;1
2204;9;622898647;2204;243;2934;2934;8.99;0.55;214.10;3.49;730;9;992.00;0
2205;10;622898656;2205;243;2934;2934;8.94;0.55;214.08;3.49;729;10;993.00;0
2207;10;622898683;2207;246;2938;2938;8.95;0.55;214.10;3.49;731;10;994.00;0
2210;11;622898693;2210;247;2938;2938;8.89;0.54;214.05;3.49;728;11;995.00;0
2210;11;622898714;2210;250;2938;2938;8.83;0.54;214.05;3.49;728;11;996.00;0
2212;11;622898723;2212;250;2938;2938;8.73;0.53;214.02;3.49;726;11;997.00;0
2214;11;622898738;2214;251;2939;2939;8.56;0.52;214.08;3.49;725;11;998.00;0
2214;11;622898747;2214;244;2940;2940;8.46;0.52;214.08;3.49;726;11;999.00;0
2216;11;622898756;2216;249;2940;2940;8.28;0.51;214.21;3.49;724;11;1000.00;0
2219;11;622898769;2219;238;2941;2941;8.22;0.50;214.27;3.49;722;11;1001.00;0
2222;11;622898778;2222;235;2941;2941;8.15;0.50;214.39;3.49;719;11;1002.00;0
2224;11;622898787;2224;234;2941;2941;8.07;0.50;214.39;3.49;717;11;1003.00;0
2226;11;622898796;2226;236;2941;2941;8.06;0.50;214.41;3.49;715;11;1004.00;0
2227;11;622898804;2227;237;2941;2941;7.99;0.49;214.53;3.49;714;11;1005.00;0
2229;11;622898813;2229;233;2941;2941;8.01;0.49;214.52;3.49;712;11;1006.00;0
2231;11;622898821;2231;233;2941;2941;7.99;0.49;214.58;3.49;710;11;1007.00;0
2233;11;622898830;2233;252;3013;3068;8.14;0.51;214.55;3.41;780;11;1008.00;55
2237;11;622898850;2237;246;3018;3069;8.10;0.51;214.76;3.40;781;11;1009.00;51
2239;11;622898859;2239;236;3027;3069;8.15;0.51;214.89;3.40;788;11;1010.00;42
2242;11;622898868;2242;234;3031;3069;8.13;0.51;214.95;3.40;789;11;1011.00;38
2248;11;622898876;2248;236;3037;3069;8.10;0.50;214.98;3.40;789;11;1012.00;32
2255;11;622898886;2255;239;3040;3069;8.01;0.50;215.01;3.40;785;11;1013.00;29
2259;11;622898902;2259;239;3043;3069;7.96;0.49;215.00;3.40;784;11;1014.00;26
2265;11;622898917;2265;242;3046;3069;7.86;0.49;215.04;3.41;781;11;1015.00;23
2269;11;622898926;2269;245;3048;3070;7.83;0.48;215.09;3.41;779;11;1016.00;22
2271;11;622898947;2271;246;3050;3071;7.80;0.48;215.15;3.41;779;11;1017.00;21
2275;11;622898956;2275;253;3053;3071;7.67;0.47;215.22;3.42;778;11;1018.00;18
2278;11;622898966;2278;253;3056;3072;7.50;0.46;215.18;3.42;778;11;1019.00;16
2282;11;622898980;2282;245;3058;3072;7.45;0.46;215.61;3.43;776;11;1020.00;14
2286;11;622898991;2286;243;3061;3072;7.37;0.46;215.67;3.44;775;11;1021.00;11
2291;11;622899000;2291;241;3064;3072;7.27;0.45;215.73;3.45;773;11;1022.00;8
2295;11;622899010;2295;238;3068;3076;7.32;0.45;216.02;3.45;773;11;1023.00;8
2297;11;622899021;2297;243;3069;3076;7.37;0.45;216.04;3.45;772;11;1024.00;7
2301;11;622899030;2301;245;3071;3076;7.42;0.46;216.23;3.46;770;11;1025.00;5
2302;11;622899045;2302;243;3072;3079;7.46;0.46;216.34;3.46;770;11;1026.00;7
2306;11;622899054;2306;238;3073;3079;7.50;0.46;216.59;3.46;767;11;1027.00;6
2310;11;622899063;2310;233;3074;3079;7.50;0.46;216.81;3.47;764;11;1028.00;5
2310;11;622899072;2310;233;3079;3083;7.59;0.47;216.81;3.47;769;11;1029.00;4
2313;11;622899082;2313;229;3081;3084;7.68;0.47;216.96;3.47;768;11;1030.00;3
2316;11;622899091;2316;228;3082;3084;7.82;0.48;217.02;3.48;766;11;1031.00;2
2321;11;622899101;2321;218;3085;3088;7.96;0.49;217.14;3.47;764;11;1032.00;3
2327;11;622899110;2327;214;3088;3088;8.02;0.49;217.50;3.48;761;11;1033.00;0
2331;11;622899120;2331;217;3088;3088;8.13;0.50;217.69;3.48;757;11;1034.00;0
2334;11;622899130;2334;220;3090;3090;8.20;0.50;217.82;3.47;756;11;1035.00;0
2336;11;622899140;2336;215;3090;3090;8.23;0.50;217.89;3.47;754;11;1036.00;0
2342;11;622899149;2342;208;3096;3096;8.35;0.51;218.24;3.47;754;11;1037.00;0
2345;11;622899165;2345;208;3096;3096;8.40;0.51;218.28;3.47;751;11;1038.00;0
2346;11;622899175;2346;211;3097;3097;8.44;0.51;218.36;3.47;751;11;1039.00;0
2351;11;622899184;2351;216;3097;3097;8.43;0.51;218.31;3.47;746;11;1040.00;0
2355;11;622899193;2355;211;3097;3097;8.43;0.51;218.34;3.47;742;11;1041.00;0
2357;11;622899203;2357;215;3097;3097;8.47;0.51;218.47;3.47;740;11;1042.00;0
2359;11;622899212;2359;219;3097;3097;8.45;0.51;218.53;3.47;738;11;1043.00;0
2363;11;622899222;2363;212;3108;3109;8.50;0.52;218.53;3.45;745;11;1044.00;1
2367;11;622899233;2367;214;3108;3109;8.54;0.52;218.80;3.45;741;11;1045.00;1
2373;11;622899243;2373;214;3109;3109;8.59;0.52;218.99;3.45;736;11;1046.00;0
2376;11;622899253;2376;208;3109;3109;8.66;0.53;218.94;3.45;733;11;1047.00;0
2380;11;622899262;2380;206;3109;3109;8.69;0.53;218.93;3.45;729;11;1048.00;0
2383;11;622899272;2383;205;3109;3109;8.70;0.53;219.20;3.45;726;11;1049.00;0
2386;11;622899283;2386;202;3115;3115;8.72;0.53;219.14;3.45;729;11;1050.00;0
2388;11;622899293;2388;195;3115;3115;8.78;0.54;219.19;3.45;727;11;1051.00;0
2396;11;622899303;2396;196;3119;3119;8.80;0.54;219.28;3.45;723;11;1052.00;0
2396;11;622899313;2396;192;3120;3120;8.84;0.54;219.28;3.44;724;11;1053.00;0
2400;11;622899322;2400;190;3120;3120;8.83;0.54;219.36;3.44;720;11;1054.00;0
2405;11;622899331;2405;192;3120;3120;8.83;0.54;219.32;3.44;715;11;1055.00;0
2405;11;622899341;2405;196;3133;3133;9.00;0.55;219.32;3.43;728;11;1056.00;0
2410;11;622899351;2410;191;3133;3133;8.99;0.55;219.34;3.43;723;11;1057.00;0
2413;11;622899361;2413;195;3133;3133;9.02;0.55;219.34;3.43;720;11;1058.00;0
2416;11;622899369;2416;196;3134;3134;9.02;0.55;219.40;3.43;718;11;1059.00;0
2418;11;622899379;2418;195;3135;3135;9.15;0.56;219.40;3.43;717;11;1060.00;0
2420;11;622899389;2420;190;3135;3135;9.26;0.57;219.46;3.43;715;11;1061.00;0
2424;11;622899398;2424;191;3137;3138;9.28;0.57;219.59;3.43;713;11;1062.00;1
2431;11;622899408;2431;193;3137;3138;9.23;0.56;219.73;3.43;706;11;1063.00;1
2434;11;622899418;2434;195;3138;3138;9.22;0.56;219.87;3.43;704;11;1064.00;0
2436;11;622899427;2436;193;3138;3138;9.15;0.56;219.77;3.43;702;11;1065.00;0
2442;11;622899436;2442;196;3144;3144;9.11;0.56;219.83;3.42;702;11;1066.00;0
2445;11;622899446;2445;193;3144;3144;9.10;0.56;220.10;3.42;699;11;1067.00;0
2450;11;622899456;2450;183;3144;3144;9.10;0.56;220.22;3.42;694;11;1068.00;0
2452;11;622899467;2452;181;3144;3144;9.15;0.56;220.30;3.42;692;11;1069.00;0
2454;11;622899477;2454;180;3148;3148;9.15;0.56;220.40;3.42;694;11;1070.00;0
2458;11;622899487;2458;176;3149;3149;9.06;0.55;220.51;3.42;691;11;1071.00;0
2464;11;622899497;2464;176;3149;3149;9.05;0.55;220.56;3.42;685;11;1072.00;0
2469;11;622899506;2469;175;3150;3150;8.96;0.55;220.63;3.42;681;11;1073.00;0
2471;11;622899516;2471;175;3150;3150;8.87;0.54;220.65;3.42;679;11;1074.00;0
2474;11;622899525;2474;170;3150;3150;8.84;0.54;220.75;3.42;676;11;1075.00;0
2478;11;622899534;2478;165;3150;3150;8.75;0.53;220.77;3.42;672;11;1076.00;0
2481;11;622899544;2481;160;3150;3150;8.77;0.53;220.68;3.42;669;11;1077.00;0
2483;11;622899553;2483;155;3150;3150;8.81;0.53;220.73;3.42;667;11;1078.00;0
2485;11;622899563;2485;148;3150;3150;8.94;0.54;221.00;3.42;665;11;1079.00;0
2488;11;622899573;2488;180;3238;3275;8.84;0.54;221.31;3.32;750;11;1080.00;37
2492;11;622899592;2492;172;3242;3276;8.86;0.54;221.53;3.32;750;11;1081.00;34
2494;11;622899609;2494;161;3247;3276;9.00;0.55;221.58;3.32;753;11;1082.00;29
2496;11;622899619;2496;161;3250;3276;9.06;0.56;221.77;3.32;754;11;1083.00;26
2497;11;622899629;2497;162;3256;3276;9.13;0.56;221.73;3.32;759;11;1084.00;20
2499;11;622899639;2499;159;3257;3276;9.26;0.57;221.77;3.32;758;11;1085.00;19
2502;11;622899649;2502;161;3262;3276;9.33;0.57;221.90;3.32;760;11;1086.00;14
2506;11;622899665;2506;157;3266;3276;9.40;0.58;221.94;3.33;760;11;1087.00;10
2509;11;622899674;2509;163;3270;3277;9.35;0.57;222.13;3.33;761;11;1088.00;7
2510;11;622899684;2510;167;3272;3278;9.35;0.57;222.07;3.34;762;11;1089.00;6
2513;11;622899695;2513;167;3275;3278;9.30;0.57;222.41;3.34;762;11;1090.00;3
2515;11;622899705;2515;167;3279;3282;9.28;0.57;222.38;3.34;764;11;1091.00;3
2517;11;622899715;2517;177;3279;3282;9.24;0.57;222.43;3.34;762;11;1092.00;3
2518;11;622899725;2518;185;3279;3282;9.22;0.57;222.41;3.34;761;11;1093.00;3
2523;11;622899734;2523;185;3279;3282;9.17;0.56;222.51;3.34;756;11;1094.00;3
2527;11;622899744;2527;185;3285;3288;9.11;0.56;222.44;3.33;758;11;1095.00;3
2530;11;622899755;2530;193;3286;3288;9.12;0.56;222.59;3.34;756;11;1096.00;2
2532;11;622899765;2532;206;3286;3288;9.15;0.56;222.72;3.34;754;11;1097.00;2
2532;11;622899774;2532;203;3288;3291;9.20;0.56;222.72;3.33;756;11;1098.00;3
2533;11;622899784;2533;199;3288;3291;9.21;0.56;222.75;3.33;755;11;1099.00;3
2534;11;622899795;2534;201;3289;3291;9.26;0.57;222.70;3.33;755;11;1100.00;2
2535;11;622899814;2535;203;3290;3292;9.32;0.57;222.72;3.33;755;11;1101.00;2
2538;11;622899824;2538;202;3291;3293;9.48;0.58;222.81;3.33;753;11;1102.00;2
2542;11;622899834;2542;203;3291;3293;9.54;0.58;222.68;3.33;749;11;1103.00;2
2543;11;622899844;2543;207;3302;3306;9.59;0.59;222.63;3.32;759;11;1104.00;4
2545;11;622899854;2545;211;3302;3306;9.64;0.59;222.53;3.32;757;11;1105.00;4
2546;11;622899863;2546;210;3302;3306;9.72;0.60;222.59;3.32;756;11;1106.00;4
2551;11;622899872;2551;209;3305;3307;9.69;0.59;222.42;3.33;754;11;1107.00;2
2554;11;622899882;2554;210;3305;3307;9.67;0.59;222.42;3.33;751;11;1108.00;2
2557;11;622899891;2557;214;3308;3311;9.66;0.59;222.31;3.33;751;11;1109.00;3
2559;11;622899903;2559;218;3309;3311;9.72;0.60;222.31;3.33;750;11;1110.00;2
2565;11;622899912;2565;214;3313;3315;9.69;0.59;222.09;3.33;748;11;1111.00;2
2567;11;622899921;2567;216;3313;3315;9.68;0.59;222.00;3.33;746;11;1112.00;2
2568;11;622899931;2568;219;3313;3315;9.71;0.59;222.00;3.33;745;11;1113.00;2
2572;11;622899940;2572;220;3313;3315;9.69;0.59;221.93;3.33;741;11;1114.00;2
2574;11;622899950;2574;223;3313;3315;9.69;0.59;221.89;3.33;739;11;1115.00;2
2574;11;622899959;2574;224;3323;3327;9.74;0.60;221.89;3.32;749;11;1116.00;4
2578;11;622899969;2578;230;3323;3327;9.78;0.60;221.78;3.32;745;11;1117.00;4
2580;11;622899983;2580;233;3324;3327;9.76;0.60;221.69;3.32;744;11;1118.00;3
2582;11;622899996;2582;233;3324;3327;9.78;0.60;221.63;3.32;742;11;1119.00;3
2583;11;622900011;2583;235;3324;3327;9.80;0.60;221.62;3.32;741;11;1120.00;3
2586;11;622900024;2586;239;3324;3327;9.74;0.59;221.54;3.32;738;11;1121.00;3
2586;11;622900038;2586;232;3324;3328;9.74;0.59;221.54;3.32;738;11;1122.00;4
2588;11;622900049;2588;237;3324;3328;9.71;0.59;221.46;3.32;736;11;1123.00;4
2590;11;622900062;2590;238;3329;3334;9.70;0.59;221.41;3.32;739;11;1124.00;5
2593;11;622900075;2593;239;3332;3336;9.71;0.59;221.45;3.33;739;11;1125.00;4
2597;11;622900088;2597;239;3333;3336;9.67;0.59;221.31;3.32;736;11;1126.00;3
2601;11;622900099;2601;243;3333;3336;9.68;0.59;221.32;3.32;732;11;1127.00;3
2603;11;622900108;2603;240;3336;3340;9.65;0.59;221.25;3.32;733;11;1128.00;4
2608;11;622900118;2608;242;3336;3340;9.56;0.58;221.15;3.32;728;11;1129.00;4
2610;11;622900128;2610;242;3336;3340;9.58;0.58;221.10;3.32;726;11;1130.00;4
2610;11;622900137;2610;237;3337;3341;9.67;0.59;221.10;3.32;727;11;1131.00;4
2612;11;622900147;2612;229;3340;3345;9.67;0.59;221.03;3.32;728;11;1132.00;5
2613;11;622900158;2613;227;3340;3345;9.70;0.59;220.99;3.32;727;11;1133.00;5
2615;11;622900168;2615;224;3342;3348;9.81;0.60;220.93;3.32;727;11;1134.00;6
2616;11;622900178;2616;222;3343;3348;9.88;0.60;220.93;3.32;727;11;1135.00;5
2619;12;622900188;2619;219;3343;3348;9.89;0.60;220.85;3.32;724;12;1136.00;5
2619;12;622900217;2619;216;3343;3348;9.91;0.60;220.85;3.32;724;12;1137.00;5
2620;12;622900227;2620;213;3347;3352;10.05;0.61;220.78;3.31;727;12;1138.00;5
2620;12;622900237;2620;212;3347;3352;10.15;0.62;220.78;3.31;727;12;1139.00;5
2621;12;622900249;2621;210;3347;3352;10.21;0.62;220.79;3.31;726;12;1140.00;5
2621;12;622900266;2621;210;3347;3352;10.24;0.62;220.79;3.31;726;12;1141.00;5
2624;12;622900275;2624;210;3347;3353;10.21;0.62;220.74;3.31;723;12;1142.00;6
2624;12;622900292;2624;210;3348;3354;10.20;0.62;220.74;3.31;724;12;1143.00;6
2626;12;622900307;2626;209;3348;3354;10.18;0.62;220.79;3.31;722;12;1144.00;6
2631;12;622900324;2631;206;3349;3355;10.18;0.62;220.78;3.31;718;12;1145.00;6
2633;12;622900344;2633;206;3349;3355;10.14;0.62;220.77;3.31;716;12;1146.00;6
2634;12;622900353;2634;210;3349;3355;10.07;0.61;220.75;3.31;715;12;1147.00;6
2635;12;622900362;2635;213;3349;3355;10.01;0.61;220.74;3.31;714;12;1148.00;6
2636;12;622900371;2636;214;3349;3355;9.93;0.60;220.68;3.31;713;12;1149.00;6
2637;12;622900380;2637;214;3351;3355;9.88;0.60;220.70;3.33;714;12;1150.00;4
2637;12;622900389;2637;215;3351;3355;9.85;0.60;220.70;3.33;714;12;1151.00;4
2637;12;622900397;2637;238;3414;3482;9.91;0.61;220.70;3.27;777;12;1152.00;68
2637;12;622900416;2637;233;3418;3483;9.85;0.61;220.70;3.28;781;12;1153.00;65
2644;12;622900426;2644;229;3428;3483;9.84;0.61;220.85;3.28;784;12;1154.00;55
2645;12;622900436;2645;228;3432;3483;9.76;0.60;220.90;3.28;787;12;1155.00;51
2648;12;622900446;2648;226;3442;3483;9.73;0.60;221.00;3.29;794;12;1156.00;41
2650;12;622900455;2650;227;3447;3483;9.63;0.59;220.92;3.29;797;12;1157.00;36
2652;12;622900465;2652;230;3451;3483;9.54;0.59;220.94;3.29;799;12;1158.00;32
2655;12;622900476;2655;231;3455;3483;9.43;0.58;221.11;3.30;800;12;1159.00;28
2655;12;622900485;2655;238;3459;3484;9.38;0.58;221.11;3.30;804;12;1160.00;25
2656;12;622900495;2656;244;3461;3485;9.36;0.57;221.06;3.31;805;12;1161.00;24
2658;12;622900505;2658;244;3465;3485;9.31;0.57;221.17;3.31;807;12;1162.00;20
2659;12;622900517;2659;251;3468;3486;9.25;0.57;221.17;3.32;809;12;1163.00;18
2664;12;622900528;2664;254;3471;3486;9.07;0.56;221.27;3.33;807;12;1164.00;15
2667;12;622900539;2667;260;3472;3486;8.94;0.55;221.43;3.33;805;12;1165.00;14
2667;12;622900549;2667;269;3475;3486;8.79;0.54;221.43;3.34;808;12;1166.00;11
2671;12;622900559;2671;277;3481;3490;8.65;0.53;221.44;3.35;810;12;1167.00;9
2675;12;622900570;2675;283;3483;3490;8.52;0.52;221.51;3.35;808;12;1168.00;7
2676;12;622900579;2676;287;3485;3490;8.45;0.52;221.56;3.36;809;12;1169.00;5
2679;12;622900591;2679;289;3489;3496;8.36;0.51;221.76;3.36;810;12;1170.00;7
2682;12;622900609;2682;294;3489;3496;8.26;0.51;221.69;3.36;807;12;1171.00;7
2683;12;622900619;2683;293;3490;3496;8.16;0.50;221.81;3.36;807;12;1172.00;6
2684;12;622900635;2684;294;3496;3500;8.04;0.49;221.83;3.36;812;12;1173.00;4
2687;12;622900645;2687;294;3499;3501;7.98;0.49;221.89;3.37;812;12;1174.00;2
2691;12;622900656;2691;297;3499;3501;7.95;0.49;221.87;3.37;808;12;1175.00;2
2692;12;622900667;2692;295;3503;3505;7.95;0.49;222.02;3.37;811;12;1176.00;2
2695;12;622900677;2695;295;3504;3505;7.92;0.49;222.10;3.37;809;12;1177.00;1
2698;12;622900687;2698;292;3504;3505;7.85;0.48;222.33;3.37;806;12;1178.00;1
2701;12;622900703;2701;294;3506;3506;7.79;0.48;222.31;3.37;805;12;1179.00;0
2702;12;622900726;2702;295;3506;3506;7.72;0.47;222.42;3.37;804;12;1180.00;0
2708;12;622900736;2708;293;3512;3512;7.68;0.47;222.53;3.36;804;12;1181.00;0
2712;12;622900747;2712;294;3512;3512;7.58;0.46;222.58;3.36;800;12;1182.00;0
2713;12;622900757;2713;291;3513;3513;7.49;0.46;222.58;3.36;800;12;1183.00;0
2719;12;622900766;2719;287;3513;3513;7.42;0.45;222.60;3.36;794;12;1184.00;0
2722;12;622900776;2722;288;3513;3513;7.41;0.45;222.58;3.36;791;12;1185.00;0
2725;12;622900786;2725;293;3513;3513;7.33;0.45;222.70;3.36;788;12;1186.00;0
2728;12;622900795;2728;291;3513;3513;7.31;0.45;222.68;3.36;785;12;1187.00;0
2733;12;622900804;2733;288;3525;3525;7.37;0.45;222.98;3.35;792;12;1188.00;0
2736;12;622900814;2736;290;3525;3525;7.40;0.45;223.13;3.35;789;12;1189.00;0
2741;12;622900823;2741;279;3525;3525;7.47;0.46;223.52;3.35;784;12;1190.00;0
2747;12;622900832;2747;272;3525;3525;7.48;0.46;223.69;3.35;778;12;1191.00;0
2752;12;622900842;2752;264;3525;3525;7.48;0.46;223.70;3.35;773;12;1192.00;0
2760;12;622900851;2760;256;3525;3525;7.55;0.46;223.87;3.35;765;12;1193.00;0
2764;12;622900860;2764;254;3529;3529;7.57;0.46;223.95;3.35;765;12;1194.00;0
2769;12;622900870;2769;250;3529;3529;7.62;0.47;224.23;3.35;760;12;1195.00;0
2773;12;622900880;2773;244;3533;3533;7.73;0.47;224.30;3.35;760;12;1196.00;0
2777;12;622900890;2777;235;3534;3534;7.78;0.48;224.56;3.35;757;12;1197.00;0
2782;12;622900900;2782;228;3534;3534;7.84;0.48;224.64;3.35;752;12;1198.00;0
2786;12;622900910;2786;226;3534;3534;7.80;0.48;224.78;3.35;748;12;1199.00;0
2786;12;622900921;2786;226;3560;3575;7.80;0.48;224.78;3.32;774;12;1200.00;15
2791;12;622900941;2791;216;3561;3575;7.79;0.48;224.93;3.32;770;12;1201.00;14
2794;12;622900951;2794;218;3564;3575;7.87;0.48;225.20;3.32;770;12;1202.00;11
2797;12;622900961;2797;213;3567;3576;7.99;0.49;225.16;3.32;770;12;1203.00;9
2800;12;622900971;2800;215;3568;3577;8.03;0.49;225.26;3.32;768;12;1204.00;9
2806;12;622900982;2806;214;3571;3577;8.02;0.49;225.44;3.32;765;12;1205.00;6
2810;12;622900993;2810;208;3573;3580;8.10;0.49;225.46;3.32;763;12;1206.00;7
2816;12;622901003;2816;216;3573;3580;8.14;0.50;225.56;3.32;757;12;1207.00;7
2818;12;622901014;2818;211;3575;3580;8.24;0.50;225.58;3.32;757;12;1208.00;5
2822;12;622901024;2822;206;3575;3580;8.36;0.51;225.72;3.32;753;12;1209.00;5
2825;12;622901033;2825;206;3582;3586;8.42;0.52;225.75;3.32;757;12;1210.00;4
2828;12;622901043;2828;204;3582;3586;8.45;0.52;225.76;3.32;754;12;1211.00;4
2830;12;622901052;2830;203;3582;3586;8.44;0.52;225.80;3.32;752;12;1212.00;4
2834;12;622901061;2834;200;3582;3586;8.40;0.52;225.86;3.32;748;12;1213.00;4
2837;12;622901071;2837;202;3586;3590;8.33;0.51;225.80;3.31;749;12;1214.00;4
2841;12;622901080;2841;202;3588;3592;8.24;0.51;225.85;3.31;747;12;1215.00;4
2842;12;622901091;2842;202;3589;3592;8.24;0.51;225.86;3.32;747;12;1216.00;3
2848;12;622901100;2848;204;3590;3593;8.12;0.50;226.02;3.32;742;12;1217.00;3
2852;12;622901111;2852;206;3590;3593;8.06;0.49;226.13;3.32;738;12;1218.00;3
2858;12;622901120;2858;204;3590;3593;8.01;0.49;226.16;3.32;732;12;1219.00;3
2863;12;622901131;2863;208;3590;3593;7.89;0.48;226.12;3.32;727;12;1220.00;3
2867;12;622901144;2867;213;3590;3593;7.77;0.48;226.23;3.32;723;12;1221.00;3
2871;12;622901153;2871;217;3591;3593;7.67;0.47;226.21;3.32;720;12;1222.00;2
2873;12;622901162;2873;220;3591;3593;7.59;0.46;226.14;3.32;718;12;1223.00;2
2878;12;622901171;2878;236;3632;3663;7.52;0.46;226.07;3.28;754;12;1224.00;31
2884;12;622901186;2884;233;3634;3664;7.48;0.46;226.04;3.28;750;12;1225.00;30
2886;12;622901196;2886;238;3640;3664;7.50;0.46;225.95;3.28;754;12;1226.00;24
2889;12;622901205;2889;241;3640;3664;7.45;0.46;225.94;3.28;751;12;1227.00;24
2891;12;622901214;2891;245;3644;3666;7.42;0.45;225.99;3.29;753;12;1228.00;22
2891;12;622901225;2891;245;3645;3666;7.43;0.45;225.99;3.29;754;12;1229.00;21
2892;12;622901236;2892;251;3647;3666;7.44;0.46;226.08;3.29;755;12;1230.00;19
2897;12;622901245;2897;253;3649;3666;7.41;0.45;226.34;3.29;752;12;1231.00;17
2897;12;622901255;2897;263;3650;3667;7.46;0.46;226.34;3.29;753;12;1232.00;17
2902;12;622901264;2902;267;3654;3668;7.43;0.45;226.32;3.30;752;12;1233.00;14
2904;12;622901273;2904;266;3655;3668;7.40;0.45;226.31;3.31;751;12;1234.00;13
2907;12;622901283;2907;266;3662;3672;7.49;0.46;226.32;3.31;755;12;1235.00;10
2911;12;622901292;2911;271;3666;3672;7.46;0.45;226.36;3.32;755;12;1236.00;6
2912;12;622901302;2912;263;3669;3672;7.50;0.46;226.37;3.33;757;12;1237.00;3
2915;12;622901312;2915;258;3670;3672;7.50;0.46;226.61;3.33;755;12;1238.00;2
2917;12;622901324;2917;257;3678;3678;7.51;0.46;226.54;3.33;761;12;1239.00;0
2918;12;622901335;2918;253;3678;3678;7.55;0.46;226.68;3.33;760;12;1240.00;0
2921;12;622901345;2921;252;3678;3678;7.56;0.46;226.75;3.33;757;12;1241.00;0
2924;12;622901354;2924;258;3680;3681;7.62;0.46;226.88;3.33;756;12;1242.00;1
2925;12;622901364;2925;264;3680;3681;7.65;0.47;227.01;3.33;755;12;1243.00;1
2927;12;622901374;2927;265;3681;3681;7.65;0.47;226.99;3.33;754;12;1244.00;0
2931;12;622901383;2931;265;3682;3682;7.56;0.46;226.97;3.32;751;12;1245.00;0
2933;12;622901393;2933;256;3683;3683;7.59;0.46;227.06;3.32;750;12;1246.00;0
2935;12;622901404;2935;247;3683;3683;7.59;0.46;227.08;3.32;748;12;1247.00;0
2937;12;622901414;2937;248;3696;3696;7.80;0.47;227.07;3.31;759;12;1248.00;0
2938;12;622901424;2938;238;3696;3696;7.88;0.48;227.11;3.31;758;12;1249.00;0
2940;12;622901434;2940;238;3696;3696;7.91;0.48;227.00;3.31;756;12;1250.00;0
2942;12;622901445;2942;236;3697;3697;7.95;0.48;226.94;3.31;755;12;1251.00;0
2945;12;622901455;2945;231;3697;3697;7.96;0.48;226.98;3.31;752;12;1252.00;0
2947;12;622901471;2947;232;3701;3701;8.04;0.49;226.89;3.31;754;12;1253.00;0
2947;12;622901481;2947;230;3701;3701;8.11;0.49;226.89;3.31;754;12;1254.00;0
2950;12;622901499;2950;235;3705;3705;8.08;0.49;226.87;3.31;755;12;1255.00;0
2954;12;622901512;2954;242;3705;3705;8.08;0.49;226.95;3.31;751;12;1256.00;0
2955;12;622901522;2955;242;3705;3705;8.05;0.49;226.91;3.31;750;12;1257.00;0
2956;12;622901532;2956;241;3705;3705;8.03;0.49;226.94;3.31;749;12;1258.00;0
2960;12;622901541;2960;240;3705;3705;8.03;0.49;226.80;3.31;745;12;1259.00;0
2960;12;622901553;2960;244;3736;3739;8.05;0.49;226.80;3.28;776;12;1260.00;3
2963;12;622901565;2963;244;3736;3739;8.08;0.49;226.68;3.28;773;12;1261.00;3
2965;12;622901575;2965;247;3738;3739;8.22;0.50;226.67;3.28;773;12;1262.00;1
2967;12;622901586;2967;249;3738;3739;8.23;0.50;226.57;3.28;771;12;1263.00;1
2970;12;622901600;2970;256;3739;3739;8.28;0.50;226.55;3.28;769;12;1264.00;0
2971;12;622901611;2971;257;3739;3739;8.31;0.50;226.49;3.28;768;12;1265.00;0
2971;12;622901628;2971;265;3739;3740;8.33;0.51;226.49;3.28;768;12;1266.00;1
2972;13;622901638;2972;264;3739;3740;8.26;0.50;226.43;3.28;767;13;1267.00;1
2974;13;622901660;2974;267;3744;3746;8.29;0.50;226.33;3.28;770;13;1268.00;2
2977;13;622901671;2977;272;3745;3747;8.27;0.50;226.29;3.27;768;13;1269.00;2
2978;13;622901681;2978;274;3745;3747;8.20;0.50;226.23;3.27;767;13;1270.00;2
2979;13;622901690;2979;274;3745;3747;8.17;0.50;226.18;3.27;766;13;1271.00;2
2980;13;622901702;2980;270;3748;3751;8.21;0.50;226.17;3.27;768;13;1272.00;3
2981;13;622901711;2981;271;3748;3751;8.24;0.50;226.11;3.27;767;13;1273.00;3
2982;13;622901721;2982;270;3748;3751;8.30;0.51;226.05;3.27;766;13;1274.00;3
2984;13;622901731;2984;275;3749;3752;8.32;0.51;226.01;3.27;765;13;1275.00;3
2985;13;622901741;2985;279;3752;3756;8.38;0.51;226.02;3.27;767;13;1276.00;4
2986;13;622901752;2986;275;3752;3756;8.43;0.51;225.95;3.27;766;13;1277.00;4
2987;13;622901763;2987;271;3754;3759;8.52;0.52;225.94;3.27;767;13;1278.00;5
2992;13;622901773;2992;268;3754;3759;8.55;0.52;225.98;3.27;762;13;1279.00;5
2993;13;622901782;2993;264;3755;3759;8.65;0.52;226.01;3.27;762;13;1280.00;4
2994;13;622901791;2994;267;3755;3759;8.72;0.53;226.15;3.27;761;13;1281.00;4
2994;13;622901800;2994;266;3759;3763;8.85;0.54;226.15;3.26;765;13;1282.00;4
2994;13;622901810;2994;254;3759;3763;8.95;0.54;226.15;3.26;765;13;1283.00;4
2997;13;622901819;2997;244;3759;3763;9.08;0.55;226.12;3.26;762;13;1284.00;4
2998;13;622901829;2998;238;3759;3763;9.18;0.56;226.12;3.26;761;13;1285.00;4
2999;13;622901838;2999;236;3759;3764;9.28;0.56;226.13;3.26;760;13;1286.00;5
3000;13;622901851;3000;229;3760;3765;9.42;0.57;226.10;3.26;760;13;1287.00;5
3002;13;622901868;3002;229;3760;3765;9.48;0.58;226.11;3.26;758;13;1288.00;5
3003;13;622901879;3003;223;3761;3766;9.58;0.58;226.10;3.26;758;13;1289.00;5
3005;13;622901896;3005;218;3761;3766;9.63;0.58;226.07;3.26;756;13;1290.00;5
3007;13;622901906;3007;217;3761;3766;9.71;0.59;226.06;3.26;754;13;1291.00;5
3011;13;622901916;3011;210;3761;3766;9.72;0.59;226.00;3.26;750;13;1292.00;5
3012;13;622901931;3012;209;3761;3766;9.75;0.59;225.97;3.26;749;13;1293.00;5
3012;13;622901941;3012;205;3762;3766;9.80;0.59;225.97;3.27;750;13;1294.00;4
3014;13;622901957;3014;200;3763;3766;9.79;0.59;225.92;3.28;749;13;1295.00;3
3019;13;622901967;3019;219;3827;3893;9.59;0.59;225.90;3.22;808;13;1296.00;66
3021;13;622901999;3021;212;3827;3894;9.62;0.59;225.88;3.22;806;13;1297.00;67
3022;13;622902018;3022;201;3834;3894;9.76;0.60;225.84;3.22;812;13;1298.00;60
3022;13;622902039;3022;197;3836;3894;9.83;0.60;225.84;3.22;814;13;1299.00;58
3023;13;622902056;3023;189;3842;3894;9.94;0.61;225.82;3.22;819;13;1300.00;52
3023;13;622902076;3023;186;3843;3894;10.01;0.61;225.82;3.22;820;13;1301.00;51
3025;13;622902093;3025;181;3846;3894;10.05;0.62;225.84;3.22;821;13;1302.00;48
3027;13;622902107;3027;176;3850;3894;10.14;0.62;225.82;3.23;823;13;1303.00;44
3029;13;622902120;3029;178;3854;3895;10.23;0.62;225.76;3.23;825;13;1304.00;41
3034;13;622902133;3034;176;3860;3897;10.17;0.62;225.74;3.24;826;13;1305.00;37
3037;13;622902155;3037;176;3863;3897;10.22;0.62;225.73;3.24;826;13;1306.00;34
3039;13;622902184;3039;176;3867;3898;10.14;0.62;225.86;3.25;828;13;1307.00;31
3042;13;622902211;3042;176;3869;3898;10.05;0.61;225.81;3.26;827;13;1308.00;29
3043;13;622902234;3043;183;3871;3898;9.98;0.61;225.90;3.26;828;13;1309.00;27
3046;13;622902248;3046;185;3875;3898;9.95;0.61;225.84;3.27;829;13;1310.00;23
3048;14;622902262;3048;191;3878;3902;9.86;0.60;226.08;3.27;830;14;1311.00;24
3051;14;622902293;3051;193;3882;3902;9.76;0.60;226.19;3.28;831;14;1312.00;20
3053;14;622902306;3053;198;3883;3902;9.70;0.59;226.14;3.29;830;14;1313.00;19
3055;14;622902321;3055;207;3884;3905;9.65;0.59;226.09;3.28;829;14;1314.00;21
3059;14;622902335;3059;209;3887;3905;9.64;0.59;226.13;3.29;828;14;1315.00;18
3062;14;622902358;3062;220;3888;3905;9.56;0.58;226.28;3.30;826;14;1316.00;17
3063;14;622902373;3063;228;3893;3909;9.50;0.58;226.24;3.31;830;14;1317.00;16
3065;14;622902387;3065;231;3894;3910;9.42;0.57;226.34;3.31;829;14;1318.00;16
3068;14;622902412;3068;237;3895;3910;9.35;0.57;226.46;3.32;827;14;1319.00;15
3072;14;622902443;3072;241;3900;3915;9.30;0.57;226.54;3.32;828;14;1320.00;15
3075;14;622902466;3075;245;3902;3915;9.17;0.56;226.58;3.33;827;14;1321.00;13
3077;14;622902481;3077;248;3903;3915;9.13;0.56;226.63;3.33;826;14;1322.00;12
3081;14;622902496;3081;256;3906;3916;9.03;0.55;226.74;3.35;825;14;1323.00;10
3084;14;622902511;3084;258;3907;3916;8.98;0.55;226.90;3.35;823;14;1324.00;9
3086;14;622902525;3086;264;3914;3922;8.92;0.54;226.89;3.35;828;14;1325.00;8
3088;14;622902541;3088;266;3914;3922;8.84;0.54;227.00;3.35;826;14;1326.00;8
3090;14;622902554;3090;273;3915;3923;8.77;0.53;227.12;3.36;825;14;1327.00;8
3093;14;622902568;3093;273;3916;3923;8.69;0.53;227.19;3.37;823;14;1328.00;7
3095;14;622902581;3095;273;3916;3923;8.63;0.53;227.46;3.37;821;14;1329.00;7
3097;14;622902594;3097;274;3917;3923;8.52;0.52;227.48;3.38;820;14;1330.00;6
3100;14;622902609;3100;276;3917;3923;8.43;0.51;227.54;3.38;817;14;1331.00;6
3102;14;622902626;3102;281;3927;3935;8.45;0.51;227.70;3.37;825;14;1332.00;8
3105;14;622902641;3105;283;3930;3935;8.39;0.51;227.76;3.39;825;14;1333.00;5
3106;14;622902654;3106;286;3931;3935;8.35;0.51;227.91;3.39;825;14;1334.00;4
3110;14;622902666;3110;292;3932;3935;8.27;0.50;228.10;3.39;822;14;1335.00;3
3112;14;622902678;3112;296;3932;3935;8.18;0.50;228.20;3.39;820;14;1336.00;3
3115;14;622902692;3115;307;3933;3935;8.05;0.49;228.41;3.40;818;14;1337.00;2
3115;14;622902708;3115;312;3936;3939;7.93;0.49;228.41;3.39;821;14;1338.00;3
3119;14;622902721;3119;307;3939;3939;7.83;0.48;228.49;3.40;820;14;1339.00;0
3121;14;622902734;3121;303;3943;3943;7.88;0.48;228.54;3.40;822;14;1340.00;0
3124;14;622902746;3124;300;3944;3944;7.87;0.48;228.58;3.39;820;14;1341.00;0
3127;14;622902759;3127;295;3944;3944;7.84;0.48;228.75;3.39;817;14;1342.00;0
3130;14;622902772;3130;291;3944;3944;7.83;0.48;228.81;3.39;814;14;1343.00;0
3134;14;622902784;3134;292;3957;3957;7.83;0.48;228.96;3.38;823;14;1344.00;0
3137;14;622902798;3137;290;3957;3957;7.86;0.48;229.00;3.38;820;14;1345.00;0
3140;14;622902811;3140;292;3957;3957;7.84;0.48;229.23;3.38;817;14;1346.00;0
3142;14;622902823;3142;292;3958;3958;7.88;0.48;229.29;3.38;816;14;1347.00;0
3143;14;622902844;3143;290;3959;3959;7.85;0.48;229.28;3.38;816;14;1348.00;0
3144;14;622902857;3144;291;3959;3959;7.84;0.48;229.34;3.38;815;14;1349.00;0
3148;14;622902872;3148;294;3966;3968;7.78;0.48;229.48;3.38;818;14;1350.00;2
3151;14;622902886;3151;294;3966;3968;7.72;0.47;229.53;3.38;815;14;1351.00;2
3158;14;622902898;3158;295;3967;3968;7.63;0.47;229.53;3.38;809;14;1352.00;1
3162;14;622902916;3162;293;3967;3968;7.57;0.46;229.59;3.38;805;14;1353.00;1
3166;14;622902929;3166;291;3973;3974;7.46;0.46;229.78;3.37;807;14;1354.00;1
3170;14;622902941;3170;287;3974;3974;7.38;0.45;229.91;3.37;804;14;1355.00;0
3174;14;622902954;3174;286;3974;3974;7.34;0.45;230.01;3.37;800;14;1356.00;0
3176;14;622902965;3176;287;3974;3974;7.36;0.45;230.06;3.37;798;14;1357.00;0
3181;14;622902977;3181;290;3978;3978;7.23;0.44;230.52;3.37;797;14;1358.00;0
3183;14;622902989;3183;293;3979;3979;7.19;0.44;230.49;3.37;796;14;1359.00;0
3190;14;622903000;3190;284;3979;3979;7.15;0.44;230.46;3.37;789;14;1360.00;0
3197;14;622903012;3197;283;3980;3980;7.10;0.43;230.69;3.37;783;14;1361.00;0
3201;14;622903024;3201;279;3980;3980;7.09;0.43;230.59;3.37;779;14;1362.00;0
3206;14;622903035;3206;275;3980;3980;7.13;0.43;230.89;3.37;774;14;1363.00;0
3211;14;622903046;3211;270;3980;3980;7.19;0.44;231.03;3.37;769;14;1364.00;0
3211;14;622903056;3211;272;3980;3980;7.27;0.44;231.03;3.37;769;14;1365.00;0
3215;14;622903069;3215;273;3980;3980;7.21;0.44;231.34;3.37;765;14;1366.00;0
3217;14;622903080;3217;265;3980;3980;7.24;0.44;231.43;3.37;763;14;1367.00;0
3220;14;622903089;3220;263;4015;4050;7.42;0.45;231.46;3.34;795;14;1368.00;35
3222;14;622903106;3222;259;4017;4051;7.47;0.46;231.44;3.34;795;14;1369.00;34
3225;14;622903117;3225;252;4022;4051;7.54;0.46;231.58;3.34;797;14;1370.00;29
3226;14;622903128;3226;245;4025;4051;7.61;0.46;231.66;3.34;799;14;1371.00;26
3230;14;622903138;3230;239;4028;4051;7.65;0.47;231.72;3.34;798;14;1372.00;23
3235;14;622903149;3235;241;4029;4051;7.68;0.47;231.72;3.34;794;14;1373.00;22
3236;14;622903162;3236;239;4031;4051;7.71;0.47;231.71;3.34;795;14;1374.00;20
3240;14;622903172;3240;242;4033;4051;7.64;0.47;231.68;3.34;793;14;1375.00;18
3244;14;622903183;3244;244;4034;4052;7.59;0.46;231.89;3.34;790;14;1376.00;18
3247;14;622903196;3247;248;4036;4053;7.55;0.46;231.82;3.34;789;14;1377.00;17
3255;14;622903206;3255;248;4038;4053;7.48;0.46;231.97;3.35;783;14;1378.00;15
3258;14;622903219;3258;251;4043;4057;7.47;0.46;232.04;3.35;785;14;1379.00;14
3259;14;622903232;3259;253;4046;4057;7.55;0.46;232.10;3.35;787;14;1380.00;11
3263;14;622903243;3263;260;4047;4057;7.51;0.46;232.19;3.36;784;14;1381.00;10
3267;14;622903255;3267;255;4048;4057;7.50;0.46;232.20;3.36;781;14;1382.00;9
3270;14;622903266;3270;254;4054;4063;7.51;0.46;232.37;3.36;784;14;1383.00;9
3274;14;622903280;3274;252;4055;4063;7.47;0.46;232.42;3.36;781;14;1384.00;8
3278;14;622903292;3278;258;4056;4063;7.43;0.45;232.38;3.37;778;14;1385.00;7
3284;14;622903302;3284;255;4060;4066;7.45;0.45;232.73;3.37;776;14;1386.00;6
3289;14;622903314;3289;260;4062;4066;7.44;0.45;232.78;3.38;773;14;1387.00;4
3291;14;622903324;3291;261;4064;4066;7.50;0.46;232.77;3.38;773;14;1388.00;2
3296;14;622903334;3296;268;4066;4067;7.47;0.46;232.61;3.38;770;14;1389.00;1
3302;14;622903347;3302;268;4068;4068;7.41;0.45;232.67;3.38;766;14;1390.00;0
3303;14;622903358;3303;269;4068;4068;7.36;0.45;232.72;3.38;765;14;1391.00;0
3310;14;622903369;3310;269;4080;4081;7.39;0.45;232.64;3.37;770;14;1392.00;1
3314;14;622903382;3314;270;4080;4081;7.28;0.44;232.73;3.37;766;14;1393.00;1
3318;14;622903394;3318;275;4081;4081;7.23;0.44;232.84;3.37;763;14;1394.00;0
3322;14;622903405;3322;278;4083;4083;7.16;0.43;232.92;3.37;761;14;1395.00;0
3327;14;622903416;3327;282;4083;4083;7.03;0.43;232.90;3.37;756;14;1396.00;0
3332;14;622903425;3332;277;4087;4087;6.99;0.42;232.97;3.37;755;14;1397.00;0
3335;14;622903436;3335;282;4087;4087;6.87;0.42;233.18;3.37;752;14;1398.00;0
3336;14;622903447;3336;285;4091;4091;6.81;0.41;233.17;3.37;755;14;1399.00;0
3339;14;622903459;3339;289;4091;4091;6.62;0.40;233.07;3.37;752;14;1400.00;0
3343;14;622903474;3343;292;4091;4091;6.48;0.39;233.00;3.37;748;14;1401.00;0
3345;14;622903488;3345;300;4091;4091;6.38;0.39;233.05;3.37;746;14;1402.00;0
3346;14;622903498;3346;306;4091;4091;6.40;0.39;233.20;3.37;745;14;1403.00;0
3348;14;622903511;3348;308;4102;4103;6.54;0.40;233.20;3.36;754;14;1404.00;1
3351;14;622903521;3351;312;4102;4103;6.48;0.40;233.19;3.36;751;14;1405.00;1
3355;14;622903532;3355;312;4103;4103;6.40;0.39;233.17;3.36;748;14;1406.00;0
3357;14;622903541;3357;301;4103;4103;6.34;0.39;233.19;3.36;746;14;1407.00;0
3359;14;622903550;3359;305;4103;4103;6.29;0.39;233.38;3.36;744;14;1408.00;0
3362;14;622903559;3362;298;4103;4103;6.26;0.38;233.53;3.36;741;14;1409.00;0
3364;14;622903570;3364;297;4104;4104;6.22;0.38;233.45;3.36;740;14;1410.00;0
3368;14;622903580;3368;296;4104;4104;6.17;0.38;233.36;3.36;736;14;1411.00;0
3369;14;622903590;3369;299;4110;4110;6.17;0.38;233.32;3.35;741;14;1412.00;0
3372;14;622903600;3372;303;4111;4111;6.18;0.38;233.27;3.35;739;14;1413.00;0
3373;14;622903610;3373;310;4111;4111;6.20;0.38;233.36;3.35;738;14;1414.00;0
3376;14;622903620;3376;310;4111;4111;6.17;0.38;233.24;3.35;735;14;1415.00;0
3376;14;622903629;3376;302;4115;4115;6.23;0.38;233.24;3.35;739;14;1416.00;0
3377;14;622903641;3377;296;4115;4115;6.35;0.39;233.21;3.35;738;14;1417.00;0
3380;14;622903652;3380;282;4115;4115;6.40;0.39;233.16;3.35;735;14;1418.00;0
3382;14;622903664;3382;273;4116;4116;6.55;0.40;233.07;3.35;734;14;1419.00;0
3383;14;622903682;3383;276;4120;4120;6.69;0.41;233.07;3.35;737;14;1420.00;0
3386;14;622903694;3386;275;4120;4120;6.77;0.42;233.05;3.35;734;14;1421.00;0
3389;14;622903706;3389;280;4122;4123;6.87;0.42;233.07;3.34;733;14;1422.00;1
3391;14;622903716;3391;272;4122;4123;6.94;0.42;233.00;3.34;731;14;1423.00;1
3393;14;622903727;3393;275;4123;4123;7.06;0.43;233.05;3.34;730;14;1424.00;0
3394;14;622903737;3394;275;4123;4123;7.17;0.44;233.08;3.34;729;14;1425.00;0
3396;14;622903746;3396;277;4127;4127;7.35;0.45;232.99;3.34;731;14;1426.00;0
3400;14;622903759;3400;270;4127;4127;7.42;0.45;233.09;3.34;727;14;1427.00;0
3402;14;622903769;3402;273;4127;4127;7.51;0.46;233.13;3.34;725;14;1428.00;0
3403;14;622903779;3403;266;4127;4127;7.58;0.46;233.09;3.34;724;14;1429.00;0
3406;14;622903788;3406;260;4128;4128;7.61;0.46;233.20;3.34;722;14;1430.00;0
3407;14;622903797;3407;260;4129;4129;7.66;0.46;233.16;3.34;722;14;1431.00;0
3407;14;622903807;3407;261;4129;4129;7.66;0.47;233.16;3.34;722;14;1432.00;0
3408;14;622903816;3408;264;4130;4130;7.70;0.47;233.12;3.34;722;14;1433.00;0
3409;14;622903826;3409;262;4130;4130;7.76;0.47;233.11;3.34;721;14;1434.00;0
3413;14;622903836;3413;253;4130;4130;7.83;0.47;233.11;3.34;717;14;1435.00;0
3413;14;622903847;3413;246;4130;4130;7.93;0.48;233.11;3.34;717;14;1436.00;0
3414;14;622903859;3414;240;4130;4130;8.04;0.49;233.05;3.34;716;14;1437.00;0
3416;14;622903877;3416;233;4130;4130;8.16;0.49;233.02;3.34;714;14;1438.00;0
3420;15;622903888;3420;225;4130;4130;8.24;0.50;233.17;3.34;710;15;1439.00;0
3420;15;622903915;3420;282;4263;4360;8.15;0.51;233.17;3.24;843;15;1440.00;97
3422;15;622903948;3422;260;4266;4361;8.33;0.52;233.09;3.23;844;15;1441.00;95
3423;15;622903960;3423;234;4276;4361;8.62;0.53;233.09;3.23;853;15;1442.00;85
3424;15;622903972;3424;219;4279;4361;8.78;0.54;233.10;3.23;855;15;1443.00;82
3424;16;622903985;3424;216;4285;4361;8.91;0.55;233.10;3.23;861;16;1444.00;76
3424;16;622904030;3424;209;4289;4361;9.05;0.56;233.10;3.23;865;16;1445.00;72
3426;17;622904058;3426;201;4295;4361;9.14;0.56;233.09;3.24;869;17;1446.00;66
3427;17;622904111;3427;200;4300;4361;9.27;0.57;233.08;3.24;873;17;1447.00;61
3428;17;622904125;3428;202;4306;4362;9.31;0.57;233.12;3.25;878;17;1448.00;56
3429;17;622904139;3429;205;4310;4363;9.36;0.58;233.09;3.25;881;17;1449.00;53
3429;17;622904168;3429;210;4313;4363;9.38;0.58;233.09;3.26;884;17;1450.00;50
3429;17;622904183;3429;214;4314;4364;9.39;0.58;233.09;3.26;885;17;1451.00;50
3430;17;622904197;3430;218;4316;4364;9.38;0.58;233.08;3.26;886;17;1452.00;48
3432;17;622904209;3432;224;4317;4364;9.33;0.57;233.08;3.27;885;17;1453.00;47
3433;17;622904231;3433;229;4318;4364;9.31;0.57;233.08;3.27;885;17;1454.00;46
3434;17;622904247;3434;232;4320;4368;9.25;0.57;233.07;3.27;886;17;1455.00;48
3436;17;622904263;3436;236;4322;4368;9.16;0.56;233.14;3.28;886;17;1456.00;46
3438;17;622904279;3438;230;4324;4368;9.09;0.56;233.12;3.28;886;17;1457.00;44
3439;17;622904295;3439;239;4325;4371;9.05;0.55;233.16;3.29;886;17;1458.00;46
3442;17;622904310;3442;241;4326;4371;9.03;0.55;233.09;3.29;884;17;1459.00;45
3444;17;622904325;3444;238;4327;4371;9.04;0.55;233.19;3.29;883;17;1460.00;44
3446;17;622904341;3446;247;4331;4375;9.03;0.55;233.18;3.29;885;17;1461.00;44
3451;17;622904355;3451;238;4332;4376;9.09;0.56;233.14;3.29;881;17;1462.00;44
3454;17;622904370;3454;241;4336;4376;9.15;0.56;233.11;3.31;882;17;1463.00;40
3457;17;622904387;3457;243;4339;4380;9.21;0.56;233.20;3.31;882;17;1464.00;41
3459;17;622904402;3459;240;4342;4380;9.24;0.56;233.24;3.32;883;17;1465.00;38
3462;17;622904418;3462;234;4342;4380;9.27;0.57;233.26;3.32;880;17;1466.00;38
3464;17;622904448;3464;228;4342;4381;9.42;0.57;233.23;3.32;878;17;1467.00;39
3466;17;622904462;3466;222;4344;4381;9.44;0.58;233.23;3.33;878;17;1468.00;37
3466;17;622904478;3466;224;4347;4387;9.62;0.59;233.23;3.33;881;17;1469.00;40
3468;17;622904493;3468;222;4347;4387;9.66;0.59;233.34;3.33;879;17;1470.00;40
3472;17;622904509;3472;216;4349;4388;9.72;0.59;233.38;3.34;877;17;1471.00;39
3475;17;622904533;3475;220;4351;4388;9.76;0.59;233.31;3.35;876;17;1472.00;37
3478;17;622904548;3478;213;4351;4388;9.75;0.59;233.33;3.35;873;17;1473.00;37
3486;17;622904562;3486;215;4352;4388;9.67;0.59;233.27;3.35;866;17;1474.00;36
3489;18;622904578;3489;219;4353;4388;9.65;0.59;233.36;3.36;864;18;1475.00;35
3493;18;622904607;3493;225;4363;4400;9.59;0.58;233.46;3.35;870;18;1476.00;37
3495;18;622904621;3495;229;4365;4400;9.51;0.58;233.49;3.37;870;18;1477.00;35
3498;18;622904635;3498;227;4365;4400;9.51;0.58;233.60;3.37;867;18;1478.00;35
3500;18;622904664;3500;231;4366;4400;9.47;0.58;233.77;3.37;866;18;1479.00;34
3501;18;622904681;3501;231;4369;4400;9.47;0.57;233.85;3.39;868;18;1480.00;31
3505;18;622904696;3505;230;4372;4400;9.42;0.57;233.97;3.41;867;18;1481.00;28
3510;18;622904710;3510;239;4375;4404;9.33;0.57;234.06;3.41;865;18;1482.00;29
3511;18;622904734;3511;241;4376;4404;9.33;0.57;234.13;3.41;865;18;1483.00;28
3512;19;622904748;3512;243;4380;4408;9.28;0.56;234.18;3.42;868;19;1484.00;28
3515;19;622904782;3515;248;4384;4410;9.22;0.56;234.32;3.43;869;19;1485.00;26
3518;19;622904800;3518;251;4386;4410;9.16;0.56;234.33;3.44;868;19;1486.00;24
3519;19;622904817;3519;258;4386;4410;9.07;0.55;234.38;3.44;867;19;1487.00;24
3523;19;622904829;3523;263;4396;4423;8.98;0.55;234.48;3.44;873;19;1488.00;27
3525;19;622904843;3525;261;4396;4423;8.89;0.54;234.53;3.44;871;19;1489.00;27
3525;19;622904865;3525;266;4399;4423;8.85;0.54;234.53;3.47;874;19;1490.00;24
3527;19;622904879;3527;271;4401;4424;8.76;0.53;234.69;3.48;874;19;1491.00;23
3530;19;622904893;3530;280;4401;4425;8.74;0.53;234.81;3.48;871;19;1492.00;24
3533;19;622904907;3533;287;4404;4425;8.66;0.53;234.85;3.52;871;19;1493.00;21
3535;19;622904922;3535;293;4406;4428;8.63;0.53;234.78;3.51;871;19;1494.00;22
3537;19;622904937;3537;300;4408;4428;8.57;0.52;234.84;3.54;871;19;1495.00;20
3542;19;622904951;3542;305;4410;4428;8.50;0.52;234.76;3.54;868;19;1496.00;18
3545;19;622904967;3545;306;4410;4428;8.42;0.51;234.81;3.54;865;19;1497.00;18
3545;19;622904980;3545;306;4419;4434;8.43;0.51;234.81;3.59;874;19;1498.00;15
3546;19;622904995;3546;314;4419;4434;8.39;0.51;234.84;3.59;873;19;1499.00;15
3549;19;622905011;3549;318;4425;4453;8.32;0.51;234.92;3.60;876;19;1500.00;28
3551;19;622905038;3551;318;4427;4453;8.26;0.50;234.86;3.61;876;19;1501.00;26
3555;19;622905054;3555;324;4432;4457;8.15;0.50;235.00;3.61;877;19;1502.00;25
3555;19;622905070;3555;321;4434;4458;8.17;0.50;235.00;3.61;879;19;1503.00;24
3555;19;622905082;3555;327;4435;4458;8.12;0.50;235.00;3.61;880;19;1504.00;23
3557;19;622905097;3557;326;4438;4459;8.07;0.49;235.05;3.61;881;19;1505.00;21
3559;19;622905112;3559;331;4440;4459;8.00;0.49;235.07;3.62;881;19;1506.00;19
3562;19;622905125;3562;333;4440;4459;7.98;0.49;235.20;3.62;878;19;1507.00;19
3563;19;622905138;3563;337;4443;4459;7.90;0.48;235.19;3.63;880;19;1508.00;16
3567;19;622905150;3567;335;4443;4459;7.81;0.48;235.22;3.63;876;19;1509.00;16
3569;19;622905163;3569;337;4445;4459;7.72;0.47;235.32;3.63;876;19;1510.00;14
3571;19;622905176;3571;333;4445;4459;7.68;0.47;235.38;3.63;874;19;1511.00;14
3574;19;622905191;3574;337;4485;4529;7.61;0.47;235.47;3.60;911;19;1512.00;44
3575;19;622905216;3575;334;4488;4530;7.54;0.46;235.57;3.60;913;19;1513.00;42
3578;19;622905229;3578;331;4494;4530;7.45;0.46;235.47;3.60;916;19;1514.00;36
3582;19;622905242;3582;331;4500;4530;7.41;0.45;235.50;3.60;918;19;1515.00;30
3583;19;622905254;3583;336;4502;4530;7.43;0.45;235.51;3.60;919;19;1516.00;28
3584;19;622905273;3584;341;4504;4530;7.50;0.46;235.59;3.60;920;19;1517.00;26
3589;19;622905287;3589;339;4507;4530;7.52;0.46;235.57;3.60;918;19;1518.00;23
3589;19;622905304;3589;342;4508;4530;7.58;0.46;235.57;3.60;919;19;1519.00;22
3594;19;622905319;3594;339;4510;4531;7.58;0.46;235.44;3.61;916;19;1520.00;21
3596;19;622905332;3596;330;4512;4532;7.59;0.46;235.46;3.61;916;19;1521.00;20
3598;19;622905346;3598;332;4513;4532;7.58;0.46;235.49;3.61;915;19;1522.00;19
3602;19;622905359;3602;338;4518;4536;7.49;0.46;235.40;3.62;916;19;1523.00;18
3604;19;622905375;3604;341;4518;4536;7.39;0.45;235.42;3.62;914;19;1524.00;18
3609;19;622905388;3609;334;4518;4536;7.30;0.45;235.50;3.62;909;19;1525.00;18
3613;19;622905402;3613;335;4518;4536;7.23;0.44;235.67;3.62;905;19;1526.00;18
3618;19;622905416;3618;346;4523;4542;7.14;0.44;235.65;3.62;905;19;1527.00;19
3620;19;622905431;3620;351;4523;4542;7.07;0.43;235.72;3.62;903;19;1528.00;19
3622;19;622905442;3622;352;4524;4542;6.96;0.42;235.84;3.62;902;19;1529.00;18
3627;19;622905466;3627;335;4528;4548;6.83;0.42;235.91;3.63;901;19;1530.00;20
3630;19;622905481;3630;331;4528;4548;6.75;0.41;235.92;3.63;898;19;1531.00;20
3633;19;622905493;3633;326;4530;4548;6.63;0.41;236.11;3.63;897;19;1532.00;18
3637;19;622905505;3637;323;4532;4549;6.61;0.41;236.24;3.64;895;19;1533.00;17
3641;19;622905517;3641;324;4534;4550;6.66;0.41;236.38;3.64;893;19;1534.00;16
3644;19;622905529;3644;330;4537;4550;6.66;0.41;236.46;3.65;893;19;1535.00;13
3648;19;622905541;3648;325;4547;4563;6.71;0.41;236.56;3.64;899;19;1536.00;16
3652;19;622905554;3652;320;4549;4563;6.74;0.41;236.61;3.65;897;19;1537.00;14
3656;19;622905568;3656;316;4550;4563;6.78;0.42;236.69;3.65;894;19;1538.00;13
3658;19;622905580;3658;308;4551;4564;6.81;0.42;236.77;3.65;893;19;1539.00;13
3661;19;622905592;3661;307;4553;4564;6.83;0.42;236.84;3.65;892;19;1540.00;11
3666;19;622905606;3666;306;4559;4568;6.82;0.42;236.92;3.66;893;19;1541.00;9
3668;19;622905628;3668;304;4560;4568;6.85;0.42;236.87;3.67;892;19;1542.00;8
3676;19;622905641;3676;305;4565;4572;6.85;0.42;236.89;3.67;889;19;1543.00;7
3683;19;622905656;3683;308;4566;4572;6.83;0.42;236.95;3.67;883;19;1544.00;6
3688;19;622905669;3688;318;4567;4572;6.84;0.42;237.15;3.67;879;19;1545.00;5
3690;19;622905682;3690;322;4567;4572;6.91;0.42;237.20;3.67;877;19;1546.00;5
3695;19;622905694;3695;324;4567;4572;6.90;0.42;237.27;3.67;872;19;1547.00;5
3699;19;622905708;3699;318;4577;4584;6.90;0.42;237.47;3.66;878;19;1548.00;7
3699;19;622905724;3699;316;4578;4584;6.94;0.42;237.47;3.66;879;19;1549.00;6
3703;19;622905742;3703;320;4579;4584;6.94;0.42;237.66;3.66;876;19;1550.00;5
3706;19;622905753;3706;320;4579;4584;6.94;0.42;237.68;3.66;873;19;1551.00;5
3709;19;622905765;3709;323;4579;4584;6.94;0.42;237.80;3.66;870;19;1552.00;5
3715;19;622905775;3715;320;4579;4584;6.82;0.42;238.00;3.66;864;19;1553.00;5
3716;19;622905786;3716;317;4580;4585;6.84;0.42;237.96;3.66;864;19;1554.00;5
3721;19;622905797;3721;319;4583;4587;6.77;0.41;238.10;3.68;862;19;1555.00;4
3728;19;622905808;3728;319;4589;4593;6.63;0.40;238.42;3.68;861;19;1556.00;4
3735;19;622905818;3735;322;4590;4594;6.51;0.40;238.64;3.68;855;19;1557.00;4
3738;19;622905829;3738;321;4590;4594;6.42;0.39;238.71;3.68;852;19;1558.00;4
3741;19;622905845;3741;326;4590;4594;6.33;0.39;238.79;3.68;849;19;1559.00;4
3746;19;622905857;3746;329;4595;4599;6.19;0.38;238.97;3.67;849;19;1560.00;4
3750;19;622905866;3750;339;4595;4599;6.06;0.37;238.89;3.67;845;19;1561.00;4
3753;19;622905876;3753;337;4595;4599;6.01;0.37;238.93;3.67;842;19;1562.00;4
3754;19;622905885;3754;342;4596;4600;5.98;0.36;238.90;3.67;842;19;1563.00;4
3757;19;622905895;3757;347;4600;4604;5.97;0.36;238.85;3.67;843;19;1564.00;4
3760;19;622905904;3760;351;4600;4604;5.92;0.36;238.89;3.67;840;19;1565.00;4
3765;19;622905913;3765;352;4602;4607;5.90;0.36;238.81;3.67;837;19;1566.00;5
3767;19;622905922;3767;359;4602;4607;5.87;0.36;238.79;3.67;835;19;1567.00;5
3770;19;622905931;3770;358;4603;4607;5.85;0.36;238.70;3.67;833;19;1568.00;4
3773;19;622905940;3773;364;4603;4607;5.80;0.35;238.67;3.67;830;19;1569.00;4
3776;19;622905948;3776;368;4607;4611;5.76;0.35;238.61;3.66;831;19;1570.00;4
3779;19;622905957;3779;368;4607;4611;5.66;0.34;238.53;3.66;828;19;1571.00;4
3782;19;622905966;3782;371;4607;4611;5.59;0.34;238.55;3.66;825;19;1572.00;4
3784;19;622905975;3784;376;4607;4611;5.50;0.33;238.50;3.66;823;19;1573.00;4
3788;19;622905989;3788;380;4608;4612;5.37;0.33;238.37;3.66;820;19;1574.00;4
3789;19;622906002;3789;390;4610;4614;5.34;0.32;238.34;3.66;821;19;1575.00;4
3791;19;622906017;3791;390;4610;4614;5.31;0.32;238.27;3.66;819;19;1576.00;4
3792;19;622906033;3792;380;4611;4615;5.27;0.32;238.24;3.66;819;19;1577.00;4
3793;19;622906047;3793;374;4611;4615;5.26;0.32;238.19;3.66;818;19;1578.00;4
3795;19;622906063;3795;365;4611;4615;5.32;0.32;238.18;3.66;816;19;1579.00;4
3795;19;622906075;3795;371;4611;4615;5.38;0.33;238.18;3.66;816;19;1580.00;4
3795;19;622906093;3795;370;4611;4615;5.47;0.33;238.18;3.66;816;19;1581.00;4
3796;19;622906106;3796;364;4611;4615;5.58;0.34;238.15;3.66;815;19;1582.00;4
3796;19;622906126;3796;365;4611;4615;5.61;0.34;238.15;3.66;815;19;1583.00;4
3797;19;622906136;3797;389;4684;4742;6.05;0.38;238.13;3.64;887;19;1584.00;58
3798;19;622906157;3798;379;4687;4743;6.12;0.38;238.16;3.63;889;19;1585.00;56
3801;19;622906168;3801;362;4696;4743;6.22;0.38;238.10;3.63;895;19;1586.00;47
3802;19;622906188;3802;336;4698;4743;6.27;0.39;238.13;3.63;896;19;1587.00;45
3804;19;622906201;3804;308;4704;4743;6.35;0.39;238.20;3.63;900;19;1588.00;39
3805;19;622906212;3805;302;4707;4743;6.44;0.40;238.23;3.63;902;19;1589.00;36
3805;19;622906225;3805;291;4710;4743;6.56;0.40;238.23;3.63;905;19;1590.00;33
3806;19;622906236;3806;289;4713;4743;6.62;0.41;238.28;3.64;907;19;1591.00;30
3807;19;622906248;3807;281;4716;4744;6.68;0.41;238.33;3.64;909;19;1592.00;28
3808;20;622906260;3808;274;4720;4745;6.80;0.42;238.31;3.64;912;20;1593.00;25
3809;20;622906286;3809;264;4722;4745;6.86;0.42;238.29;3.65;913;20;1594.00;23
3810;20;622906298;3810;264;4725;4746;7.00;0.43;238.28;3.65;915;20;1595.00;21
3810;20;622906311;3810;265;4726;4746;7.14;0.44;238.28;3.65;916;20;1596.00;20
3810;20;622906323;3810;267;4730;4746;7.33;0.45;238.28;3.66;920;20;1597.00;16
3811;21;622906336;3811;266;4732;4746;7.48;0.46;238.32;3.66;921;21;1598.00;14
3812;21;622906356;3812;263;4736;4750;7.69;0.47;238.31;3.66;924;21;1599.00;14
3814;22;622906372;3814;265;4737;4750;7.82;0.48;238.26;3.66;923;22;1600.00;13
3814;22;622906405;3814;256;4738;4750;8.00;0.49;238.26;3.67;924;22;1601.00;12
3814;22;622906418;3814;258;4740;4753;8.13;0.50;238.26;3.66;926;22;1602.00;13
3814;22;622906444;3814;250;4741;4753;8.18;0.50;238.26;3.67;927;22;1603.00;12
3816;22;622906461;3816;247;4741;4753;8.29;0.51;238.25;3.67;925;22;1604.00;12
3818;22;622906478;3818;242;4746;4757;8.41;0.51;238.22;3.67;928;22;1605.00;11
3820;22;622906491;3820;237;4748;4758;8.50;0.52;238.14;3.68;928;22;1606.00;10
3820;22;622906505;3820;232;4749;4758;8.62;0.53;238.14;3.68;929;22;1607.00;9
3824;22;622906520;3824;234;4752;4762;8.74;0.53;238.23;3.67;928;22;1608.00;10
3825;22;622906535;3825;228;4752;4762;8.86;0.54;238.20;3.67;927;22;1609.00;10
3829;22;622906548;3829;223;4752;4762;8.92;0.54;238.30;3.67;923;22;1610.00;10
3834;22;622906562;3834;224;4754;4763;9.01;0.55;238.37;3.71;920;22;1611.00;9
3836;22;622906575;3836;215;4754;4763;9.07;0.55;238.41;3.71;918;22;1612.00;9
3840;22;622906588;3840;216;4759;4769;9.12;0.56;238.44;3.70;919;22;1613.00;10
3842;22;622906602;3842;214;4759;4769;9.19;0.56;238.41;3.70;917;22;1614.00;10
3843;22;622906614;3843;213;4759;4770;9.28;0.56;238.42;3.70;916;22;1615.00;11
3844;23;622906628;3844;207;4759;4770;9.37;0.57;238.42;3.70;915;23;1616.00;11
3848;23;622906650;3848;204;4759;4770;9.43;0.57;238.45;3.70;911;23;1617.00;11
3851;23;622906663;3851;203;4759;4770;9.47;0.57;238.44;3.70;908;23;1618.00;11
3852;23;622906675;3852;200;4759;4770;9.60;0.58;238.43;3.70;907;23;1619.00;11
3856;23;622906689;3856;200;4785;4806;9.65;0.59;238.48;3.68;929;23;1620.00;21
3858;23;622906706;3858;194;4786;4806;9.77;0.60;238.54;3.68;928;23;1621.00;20
3858;23;622906718;3858;192;4788;4806;9.90;0.60;238.54;3.68;930;23;1622.00;18
3861;23;622906731;3861;187;4788;4806;10.04;0.61;238.53;3.68;927;23;1623.00;18
3862;23;622906744;3862;190;4789;4806;10.09;0.61;238.54;3.68;927;23;1624.00;17
3865;23;622906762;3865;196;4791;4806;10.06;0.61;238.54;3.72;926;23;1625.00;15
3865;23;622906776;3865;200;4794;4810;10.04;0.61;238.54;3.72;929;23;1626.00;16
3871;23;622906790;3871;203;4794;4810;10.02;0.61;238.63;3.72;923;23;1627.00;16
3877;23;622906804;3877;205;4798;4814;10.05;0.61;238.67;3.72;921;23;1628.00;16
3881;23;622906825;3881;207;4800;4815;9.99;0.61;238.79;3.74;919;23;1629.00;15
3887;23;622906837;3887;208;4800;4815;9.88;0.60;238.82;3.74;913;23;1630.00;15
3890;23;622906851;3890;210;4800;4815;9.86;0.60;238.86;3.74;910;23;1631.00;15
3894;23;622906863;3894;210;4811;4828;9.78;0.60;238.90;3.73;917;23;1632.00;17
3896;23;622906877;3896;205;4811;4828;9.70;0.59;238.89;3.73;915;23;1633.00;17
3899;23;622906889;3899;197;4811;4828;9.72;0.59;238.91;3.73;912;23;1634.00;17
3901;23;622906901;3901;196;4813;4829;9.77;0.60;238.90;3.74;912;23;1635.00;16
3906;23;622906914;3906;199;4813;4830;9.81;0.60;238.97;3.74;907;23;1636.00;17
3908;23;622906926;3908;194;4813;4830;9.88;0.60;239.02;3.74;905;23;1637.00;17
3911;23;622906939;3911;197;4815;4833;9.96;0.61;238.95;3.74;904;23;1638.00;18
3917;23;622906951;3917;199;4816;4833;10.02;0.61;238.94;3.74;899;23;1639.00;17
3924;23;622906963;3924;196;4817;4833;10.01;0.61;239.12;3.75;893;23;1640.00;16
3926;23;622906976;3926;197;4817;4833;10.04;0.61;239.24;3.75;891;23;1641.00;16
3931;23;622906989;3931;196;4822;4839;10.11;0.62;239.41;3.75;891;23;1642.00;17
3935;23;622907002;3935;196;4822;4839;10.12;0.62;239.52;3.75;887;23;1643.00;17
3939;23;622907014;3939;197;4822;4839;10.07;0.61;239.58;3.75;883;23;1644.00;17
3941;23;622907027;3941;205;4822;4839;10.03;0.61;239.66;3.75;881;23;1645.00;17
3944;23;622907037;3944;210;4826;4843;9.96;0.61;239.78;3.76;882;23;1646.00;17
3946;23;622907049;3946;212;4828;4844;9.93;0.61;239.75;3.77;882;23;1647.00;16
3949;23;622907060;3949;215;4828;4844;9.88;0.60;239.79;3.77;879;23;1648.00;16
3954;23;622907076;3954;216;4829;4845;9.85;0.60;239.79;3.77;875;23;1649.00;16
3957;23;622907090;3957;221;4829;4845;9.84;0.60;239.83;3.77;872;23;1650.00;16
3961;23;622907101;3961;221;4830;4845;9.77;0.60;240.07;3.77;869;23;1651.00;15
3962;23;622907111;3962;228;4830;4845;9.76;0.60;240.04;3.77;868;23;1652.00;15
3965;23;622907122;3965;230;4830;4845;9.67;0.59;240.15;3.77;865;23;1653.00;15
3968;23;622907132;3968;231;4830;4845;9.60;0.59;240.22;3.77;862;23;1654.00;15
3969;23;622907143;3969;234;4830;4845;9.54;0.58;240.23;3.77;861;23;1655.00;15
3974;23;622907153;3974;245;4869;4915;9.55;0.58;240.38;3.75;895;23;1656.00;46
3977;23;622907169;3977;245;4871;4916;9.49;0.58;240.56;3.75;894;23;1657.00;45
3980;23;622907180;3980;244;4877;4916;9.45;0.58;240.62;3.75;897;23;1658.00;39
3984;23;622907191;3984;244;4877;4916;9.38;0.57;240.74;3.75;893;23;1659.00;39
3987;23;622907202;3987;249;4882;4916;9.38;0.57;240.78;3.76;895;23;1660.00;34
3989;23;622907213;3989;255;4886;4916;9.42;0.58;240.72;3.77;897;23;1661.00;30
3992;23;622907224;3992;254;4890;4916;9.35;0.57;240.82;3.78;898;23;1662.00;26
3997;23;622907234;3997;258;4894;4916;9.29;0.57;240.95;3.79;897;23;1663.00;22
4000;23;622907245;4000;252;4897;4917;9.19;0.56;240.93;3.80;897;23;1664.00;20
4004;23;622907256;4004;256;4902;4919;9.09;0.56;241.08;3.81;898;23;1665.00;17
4008;23;622907267;4008;261;4903;4919;9.06;0.55;241.04;3.81;895;23;1666.00;16
4014;23;622907278;4014;264;4907;4923;8.94;0.55;241.05;3.81;893;23;1667.00;16
4015;23;622907289;4015;271;4909;4923;8.84;0.54;241.12;3.82;894;23;1668.00;14
4018;23;622907300;4018;274;4909;4923;8.80;0.54;241.26;3.82;891;23;1669.00;14
4019;23;622907311;4019;271;4912;4923;8.84;0.54;241.33;3.85;893;23;1670.00;11
4025;23;622907321;4025;274;4918;4929;8.86;0.54;241.46;3.84;893;23;1671.00;11
4025;23;622907333;4025;283;4919;4929;8.83;0.54;241.46;3.85;894;23;1672.00;10
4028;23;622907343;4028;291;4919;4929;8.78;0.54;241.47;3.85;891;23;1673.00;10
4032;23;622907354;4032;303;4921;4932;8.72;0.53;241.53;3.85;889;23;1674.00;11
4034;23;622907365;4034;308;4922;4932;8.57;0.52;241.63;3.86;888;23;1675.00;10
4035;23;622907376;4035;311;4923;4932;8.40;0.51;241.62;3.86;888;23;1676.00;9
4035;23;622907386;4035;311;4923;4933;8.29;0.51;241.62;3.86;888;23;1677.00;10
4036;23;622907396;4036;317;4925;4934;8.13;0.50;241.70;3.86;889;23;1678.00;9
4041;23;622907406;4041;310;4928;4934;7.96;0.49;241.74;3.87;887;23;1679.00;6
4044;23;622907418;4044;320;4944;4960;7.88;0.48;241.80;3.86;900;23;1680.00;16
4046;23;622907429;4046;321;4945;4960;7.82;0.48;241.90;3.86;899;23;1681.00;15
4050;23;622907439;4050;318;4947;4960;7.76;0.48;241.84;3.86;897;23;1682.00;13
4052;23;622907449;4052;317;4950;4961;7.76;0.48;241.89;3.86;898;23;1683.00;11
4056;23;622907459;4056;315;4952;4961;7.74;0.47;241.99;3.86;896;23;1684.00;9
4059;23;622907470;4059;315;4956;4965;7.72;0.47;242.00;3.86;897;23;1685.00;9
4061;23;622907480;4061;310;4957;4965;7.66;0.47;242.00;3.86;896;23;1686.00;8
4064;23;622907490;4064;315;4960;4969;7.53;0.46;242.12;3.86;896;23;1687.00;9
4065;23;622907500;4065;310;4960;4969;7.46;0.46;242.09;3.86;895;23;1688.00;9
4069;23;622907510;4069;313;4962;4969;7.39;0.45;242.07;3.87;893;23;1689.00;7
4072;23;622907520;4072;316;4962;4969;7.24;0.44;242.17;3.87;890;23;1690.00;7
4074;23;622907529;4074;321;4962;4969;7.09;0.43;242.23;3.87;888;23;1691.00;7
4076;23;622907537;4076;323;4974;4981;7.05;0.43;242.33;3.86;898;23;1692.00;7
4078;23;622907547;4078;329;4975;4981;6.90;0.42;242.42;3.86;897;23;1693.00;6
4087;23;622907556;4087;332;4976;4981;6.76;0.41;242.57;3.86;889;23;1694.00;5
4094;23;622907566;4094;339;4977;4981;6.64;0.41;242.53;3.86;883;23;1695.00;4
4097;23;622907575;4097;348;4977;4981;6.54;0.40;242.50;3.86;880;23;1696.00;4
4103;23;622907583;4103;355;4977;4981;6.42;0.39;242.61;3.86;874;23;1697.00;4
4106;23;622907593;4106;361;4978;4982;6.31;0.39;242.67;3.86;872;23;1698.00;4
4108;23;622907601;4108;359;4978;4982;6.16;0.38;242.80;3.86;870;23;1699.00;4
4111;23;622907610;4111;355;4984;4988;6.12;0.38;242.79;3.86;873;23;1700.00;4
4116;23;622907623;4116;358;4985;4989;6.01;0.37;242.96;3.86;869;23;1701.00;4
4117;23;622907632;4117;355;4985;4989;5.91;0.36;243.01;3.86;868;23;1702.00;4
4119;23;622907642;4119;350;4985;4989;5.87;0.36;243.04;3.86;866;23;1703.00;4
4124;23;622907651;4124;350;4989;4993;5.90;0.36;243.03;3.86;865;23;1704.00;4
4129;23;622907661;4129;347;4989;4993;5.84;0.36;243.25;3.86;860;23;1705.00;4
4129;23;622907671;4129;355;4989;4993;5.89;0.36;243.25;3.86;860;23;1706.00;4
4132;23;622907680;4132;353;4990;4994;5.85;0.36;243.42;3.86;858;23;1707.00;4
4135;23;622907690;4135;355;4994;4998;5.89;0.36;243.43;3.85;859;23;1708.00;4
4136;23;622907700;4136;354;4994;4998;5.92;0.36;243.40;3.85;858;23;1709.00;4
4140;23;622907711;4140;351;4998;5004;5.95;0.37;243.48;3.85;858;23;1710.00;6
4142;23;622907722;4142;348;4999;5004;5.97;0.37;243.49;3.85;857;23;1711.00;5
4143;23;622907731;4143;339;5000;5004;6.00;0.37;243.48;3.85;857;23;1712.00;4
4150;23;622907741;4150;344;5000;5004;5.93;0.36;243.50;3.85;850;23;1713.00;4
4152;23;622907751;4152;340;5004;5008;6.04;0.37;243.47;3.85;852;23;1714.00;4
4154;23;622907761;4154;341;5004;5008;6.06;0.37;243.51;3.85;850;23;1715.00;4
4158;23;622907771;4158;344;5004;5008;6.06;0.37;243.56;3.85;846;23;1716.00;4
4161;23;622907780;4161;346;5004;5008;6.04;0.37;243.64;3.85;843;23;1717.00;4
4167;23;622907789;4167;353;5005;5009;5.96;0.37;243.63;3.85;838;23;1718.00;4
4172;23;622907800;4172;353;5006;5010;5.88;0.36;243.56;3.85;834;23;1719.00;4
4174;23;622907809;4174;362;5006;5010;5.85;0.36;243.56;3.85;832;23;1720.00;4
4179;23;622907819;4179;366;5007;5011;5.81;0.36;243.38;3.85;828;23;1721.00;4
4183;23;622907828;4183;362;5007;5011;5.78;0.35;243.41;3.85;824;23;1722.00;4
4187;23;622907838;4187;366;5007;5011;5.68;0.35;243.37;3.85;820;23;1723.00;4
4191;23;622907847;4191;364;5007;5011;5.64;0.34;243.36;3.85;816;23;1724.00;4
4193;23;622907856;4193;361;5007;5011;5.66;0.35;243.42;3.85;814;23;1725.00;4
4199;23;622907866;4199;364;5007;5011;5.63;0.34;243.40;3.85;808;23;1726.00;4
4204;23;622907875;4204;362;5007;5011;5.64;0.34;243.33;3.85;803;23;1727.00;4
4206;23;622907885;4206;383;5083;5138;6.09;0.38;243.33;3.79;877;23;1728.00;55
4211;23;622907907;4211;374;5086;5139;6.08;0.38;243.37;3.79;875;23;1729.00;53
4215;23;622907918;4215;367;5094;5139;6.22;0.38;243.37;3.78;879;23;1730.00;45
4218;23;622907928;4218;367;5094;5139;6.25;0.39;243.30;3.78;876;23;1731.00;45
4220;23;622907938;4220;362;5099;5139;6.32;0.39;243.29;3.78;879;23;1732.00;40
4222;23;622907948;4222;362;5101;5139;6.32;0.39;243.27;3.81;879;23;1733.00;38
4226;23;622907958;4226;363;5106;5139;6.27;0.39;243.23;3.81;880;23;1734.00;33
4227;23;622907970;4227;362;5107;5139;6.18;0.38;243.26;3.81;880;23;1735.00;32
4229;23;622907980;4229;363;5110;5140;6.10;0.37;243.28;3.81;881;23;1736.00;30
4231;23;622907997;4231;373;5112;5141;6.01;0.37;243.29;3.81;881;23;1737.00;29
4232;23;622908015;4232;382;5115;5141;5.93;0.36;243.34;3.82;883;23;1738.00;26
4234;23;622908032;4234;368;5119;5142;5.91;0.36;243.36;3.82;885;23;1739.00;23
4236;23;622908057;4236;364;5122;5142;5.95;0.37;243.42;3.83;886;23;1740.00;20
4238;23;622908072;4238;364;5127;5142;6.03;0.37;243.61;3.83;889;23;1741.00;15
4238;23;622908087;4238;359;5129;5142;6.16;0.38;243.61;3.84;891;23;1742.00;13
4241;23;622908102;4241;364;5135;5146;6.19;0.38;243.67;3.84;894;23;1743.00;11
4243;23;622908114;4243;367;5136;5146;6.23;0.38;243.69;3.84;893;23;1744.00;10
4244;23;622908127;4244;368;5137;5146;6.31;0.39;243.65;3.84;893;23;1745.00;9
4247;23;622908138;4247;365;5140;5149;6.40;0.39;243.66;3.85;893;23;1746.00;9
4250;23;622908149;4250;350;5140;5149;6.45;0.39;243.82;3.85;890;23;1747.00;9
4253;23;622908162;4253;340;5141;5149;6.48;0.40;243.86;3.85;888;23;1748.00;8
4254;23;622908173;4254;334;5145;5153;6.63;0.41;243.81;3.85;891;23;1749.00;8
4257;23;622908192;4257;330;5148;5154;6.72;0.41;243.82;3.85;891;23;1750.00;6
4260;23;622908205;4260;326;5148;5154;6.83;0.42;243.87;3.85;888;23;1751.00;6
4264;23;622908223;4264;322;5153;5158;6.94;0.42;243.70;3.85;889;23;1752.00;5
4264;23;622908235;4264;323;5153;5158;7.05;0.43;243.70;3.85;889;23;1753.00;5
4265;23;622908246;4265;321;5153;5158;7.17;0.44;243.64;3.85;888;23;1754.00;5
4268;23;622908259;4268;323;5155;5160;7.28;0.44;243.69;3.85;887;23;1755.00;5
4270;23;622908271;4270;306;5155;5160;7.37;0.45;243.62;3.85;885;23;1756.00;5
4271;23;622908283;4271;290;5161;5166;7.50;0.46;243.68;3.86;890;23;1757.00;5
4275;23;622908295;4275;279;5161;5166;7.57;0.46;243.70;3.86;886;23;1758.00;5
4277;23;622908306;4277;264;5162;5167;7.64;0.46;243.76;3.86;885;23;1759.00;5
4278;23;622908319;4278;252;5162;5167;7.69;0.47;243.81;3.86;884;23;1760.00;5
4281;23;622908331;4281;248;5162;5167;7.74;0.47;243.92;3.86;881;23;1761.00;5
4285;23;622908343;4285;241;5162;5167;7.80;0.47;243.89;3.86;877;23;1762.00;5
4286;23;622908362;4286;244;5162;5167;7.90;0.48;243.87;3.86;876;23;1763.00;5
4286;23;622908373;4286;228;5172;5179;8.12;0.49;243.87;3.86;886;23;1764.00;7
4288;23;622908387;4288;228;5172;5179;8.25;0.50;243.93;3.86;884;23;1765.00;7
4290;23;622908407;4290;225;5173;5179;8.36;0.51;244.00;3.86;883;23;1766.00;6
4294;23;622908419;4294;212;5173;5179;8.51;0.51;244.06;3.86;879;23;1767.00;6
4297;23;622908431;4297;205;5173;5179;8.64;0.52;244.03;3.86;876;23;1768.00;6
4299;23;622908443;4299;199;5173;5179;8.76;0.53;244.07;3.86;874;23;1769.00;6
4301;23;622908457;4301;190;5176;5183;8.83;0.53;244.23;3.85;875;23;1770.00;7
4302;23;622908470;4302;191;5176;5183;8.92;0.54;244.21;3.85;874;23;1771.00;7
4303;23;622908483;4303;190;5180;5187;9.02;0.55;244.22;3.85;877;23;1772.00;7
4308;23;622908496;4308;186;5182;5188;9.10;0.55;244.25;3.87;874;23;1773.00;6
4308;23;622908508;4308;178;5182;5188;9.17;0.56;244.25;3.87;874;23;1774.00;6
4310;23;622908520;4310;177;5182;5188;9.22;0.56;244.21;3.87;872;23;1775.00;6
4313;23;622908533;4313;176;5193;5201;9.29;0.56;244.37;3.86;880;23;1776.00;8
4318;23;622908546;4318;178;5193;5201;9.29;0.56;244.41;3.86;875;23;1777.00;8
4318;23;622908559;4318;175;5194;5201;9.29;0.56;244.41;3.88;876;23;1778.00;7
4321;23;622908577;4321;176;5195;5202;9.29;0.56;244.57;3.88;874;23;1779.00;7
4322;23;622908590;4322;178;5195;5203;9.32;0.56;244.56;3.88;873;23;1780.00;8
4324;23;622908601;4324;167;5195;5203;9.30;0.56;244.60;3.88;871;23;1781.00;8
4325;23;622908613;4325;167;5197;5206;9.39;0.57;244.62;3.88;872;23;1782.00;9
4326;23;622908625;4326;165;5197;5206;9.48;0.57;244.60;3.88;871;23;1783.00;9
4328;23;622908638;4328;162;5199;5206;9.53;0.58;244.61;3.89;871;23;1784.00;7
4331;23;622908650;4331;162;5199;5206;9.61;0.58;244.58;3.89;868;23;1785.00;7
4332;23;622908663;4332;161;5204;5212;9.71;0.59;244.57;3.88;872;23;1786.00;8
4334;23;622908675;4334;165;5204;5212;9.76;0.59;244.57;3.88;870;23;1787.00;8
4334;23;622908688;4334;163;5204;5212;9.88;0.60;244.57;3.88;870;23;1788.00;8
4336;23;622908700;4336;161;5204;5212;9.93;0.60;244.54;3.88;868;23;1789.00;8
4339;23;622908712;4339;159;5207;5216;9.93;0.60;244.55;3.88;868;23;1790.00;9
4346;23;622908724;4346;166;5208;5217;10.01;0.61;244.83;3.88;862;23;1791.00;9
4348;23;622908737;4348;165;5208;5217;10.03;0.61;244.91;3.88;860;23;1792.00;9
4349;23;622908749;4349;168;5209;5218;10.11;0.61;244.94;3.88;860;23;1793.00;9
4355;23;622908761;4355;168;5210;5218;10.12;0.61;244.97;3.89;855;23;1794.00;8
4357;23;622908774;4357;168;5210;5218;10.12;0.61;245.03;3.89;853;23;1795.00;8
4359;23;622908786;4359;168;5210;5218;10.07;0.61;245.16;3.89;851;23;1796.00;8
4361;23;622908798;4361;169;5210;5218;10.07;0.61;245.18;3.89;849;23;1797.00;8
4364;23;622908810;4364;175;5210;5218;10.10;0.61;245.25;3.89;846;23;1798.00;8
4366;23;622908822;4366;176;5210;5218;10.14;0.62;245.36;3.89;844;23;1799.00;8
4368;23;622908837;4368;197;5273;5356;9.86;0.60;245.40;3.84;905;23;1800.00;83
4373;23;622908867;4373;184;5273;5357;9.84;0.60;245.59;3.84;900;23;1801.00;84
4379;23;622908880;4379;173;5285;5357;9.84;0.60;245.62;3.84;906;23;1802.00;72
4384;23;622908893;4384;169;5285;5357;9.84;0.60;245.72;3.84;901;23;1803.00;72
4389;23;622908905;4389;173;5292;5357;9.87;0.60;245.79;3.84;903;23;1804.00;65
4392;23;622908918;4392;178;5295;5357;9.88;0.60;245.81;3.85;903;23;1805.00;62
4398;23;622908930;4398;175;5302;5357;9.85;0.60;245.82;3.85;904;23;1806.00;55
4405;23;622908943;4405;177;5308;5357;9.79;0.60;245.84;3.85;903;23;1807.00;49
4406;23;622908955;4406;180;5315;5358;9.82;0.60;245.95;3.86;909;23;1808.00;43
4413;23;622908968;4413;187;5317;5359;9.80;0.60;245.97;3.86;904;23;1809.00;42
4417;23;622908980;4417;189;5322;5359;9.77;0.60;246.13;3.87;905;23;1810.00;37
4421;23;622908995;4421;187;5326;5363;9.83;0.60;246.23;3.86;905;23;1811.00;37
4423;23;622909007;4423;184;5327;5363;9.86;0.60;246.25;3.87;904;23;1812.00;36
4431;23;622909019;4431;183;5328;5363;9.74;0.59;246.47;3.87;897;23;1813.00;35
4435;23;622909032;4435;185;5328;5363;9.65;0.59;246.53;3.87;893;23;1814.00;35
4440;23;622909050;4440;186;5332;5369;9.59;0.58;246.66;3.87;892;23;1815.00;37
4444;23;622909063;4444;188;5332;5369;9.55;0.58;246.75;3.87;888;23;1816.00;37
4447;23;622909075;4447;197;5332;5369;9.54;0.58;246.85;3.87;885;23;1817.00;37
4450;23;622909086;4450;200;5334;5372;9.49;0.58;246.95;3.86;884;23;1818.00;38
4453;23;622909098;4453;205;5336;5372;9.46;0.58;247.00;3.87;883;23;1819.00;36
4456;23;622909110;4456;206;5336;5372;9.45;0.58;247.05;3.87;880;23;1820.00;36
4459;23;622909122;4459;204;5338;5373;9.41;0.57;247.03;3.88;879;23;1821.00;35
4462;23;622909134;4462;209;5340;5374;9.42;0.57;247.07;3.88;878;23;1822.00;34
4464;23;622909145;4464;210;5341;5374;9.41;0.57;247.20;3.88;877;23;1823.00;33
4466;23;622909158;4466;214;5351;5387;9.38;0.57;247.29;3.88;885;23;1824.00;36
4468;23;622909172;4468;212;5353;5387;9.44;0.58;247.31;3.88;885;23;1825.00;34
4470;23;622909183;4470;216;5355;5387;9.49;0.58;247.31;3.89;885;23;1826.00;32
4476;23;622909194;4476;221;5356;5388;9.42;0.57;247.38;3.89;880;23;1827.00;32
4476;23;622909206;4476;225;5356;5388;9.44;0.58;247.38;3.89;880;23;1828.00;32
4481;23;622909218;4481;225;5360;5392;9.33;0.57;247.40;3.88;879;23;1829.00;32
4482;23;622909231;4482;233;5362;5392;9.27;0.56;247.44;3.89;880;23;1830.00;30
4482;23;622909242;4482;237;5366;5396;9.14;0.56;247.44;3.91;884;23;1831.00;30
4484;23;622909253;4484;242;5366;5396;9.07;0.55;247.50;3.91;882;23;1832.00;30
4488;23;622909264;4488;242;5368;5396;8.98;0.55;247.61;3.92;880;23;1833.00;28
4490;23;622909274;4490;250;5368;5396;8.87;0.54;247.66;3.92;878;23;1834.00;28
4492;23;622909286;4492;259;5369;5396;8.74;0.53;247.63;3.93;877;23;1835.00;27
4495;23;622909297;4495;266;5379;5408;8.66;0.53;247.76;3.93;884;23;1836.00;29
4498;23;622909308;4498;274;5380;5408;8.57;0.52;247.83;3.94;882;23;1837.00;28
4500;23;622909319;4500;285;5383;5408;8.48;0.52;247.87;3.95;883;23;1838.00;25
4506;23;622909330;4506;287;5383;5408;8.34;0.51;248.02;3.95;877;23;1839.00;25
4508;23;622909340;4508;287;5384;5408;8.22;0.50;248.03;3.96;876;23;1840.00;24
4512;23;622909351;4512;299;5385;5408;8.04;0.49;248.04;3.96;873;23;1841.00;23
4514;23;622909361;4514;305;5386;5409;7.93;0.49;248.06;3.97;872;23;1842.00;23
4515;23;622909371;4515;308;5387;5409;7.82;0.48;248.12;3.98;872;23;1843.00;22
4516;23;622909381;4516;313;5393;5415;7.75;0.48;248.10;3.98;877;23;1844.00;22
4518;23;622909391;4518;330;5395;5417;7.64;0.47;248.21;3.98;877;23;1845.00;22
4519;23;622909401;4519;336;5397;5417;7.51;0.46;248.18;4.00;878;23;1846.00;20
4526;23;622909411;4526;337;5397;5417;7.36;0.45;248.36;4.00;871;23;1847.00;20
4531;23;622909421;4531;343;5400;5421;7.20;0.44;248.43;3.99;869;23;1848.00;21
4536;23;622909432;4536;341;5402;5421;7.10;0.44;248.51;4.01;866;23;1849.00;19
4537;23;622909441;4537;341;5403;5421;7.08;0.44;248.63;4.01;866;23;1850.00;18
4539;23;622909450;4539;333;5406;5422;7.06;0.44;248.66;4.02;867;23;1851.00;16
4543;23;622909459;4543;339;5409;5426;7.04;0.43;248.61;4.02;866;23;1852.00;17
4544;23;622909470;4544;339;5409;5426;7.03;0.43;248.61;4.02;865;23;1853.00;17
4546;23;622909478;4546;330;5412;5429;7.06;0.43;248.68;4.02;866;23;1854.00;17
4548;23;622909488;4548;331;5412;5429;7.01;0.43;248.61;4.02;864;23;1855.00;17
4550;23;622909497;4550;334;5413;5429;7.05;0.43;248.61;4.02;863;23;1856.00;16
4551;23;622909507;4551;334;5414;5429;7.07;0.44;248.64;4.02;863;23;1857.00;15
4554;23;622909516;4554;334;5418;5433;7.16;0.44;248.56;4.02;864;23;1858.00;15
4557;23;622909526;4557;333;5419;5433;7.13;0.44;248.61;4.02;862;23;1859.00;14
4560;23;622909538;4560;337;5419;5433;7.08;0.44;248.67;4.02;859;23;1860.00;14
4565;23;622909546;4565;343;5419;5433;6.97;0.43;248.51;4.02;854;23;1861.00;14
4568;23;622909555;4568;346;5420;5434;6.83;0.42;248.52;4.03;852;23;1862.00;14
4571;23;622909564;4571;353;5423;5435;6.68;0.41;248.46;4.03;852;23;1863.00;12
4573;23;622909573;4573;351;5424;5435;6.55;0.40;248.47;4.03;851;23;1864.00;11
4578;23;622909581;4578;354;5425;5436;6.38;0.39;248.37;4.03;847;23;1865.00;11
4582;23;622909590;4582;358;5425;5436;6.20;0.38;248.25;4.03;843;23;1866.00;11
4584;23;622909598;4584;360;5425;5436;6.03;0.37;248.24;4.03;841;23;1867.00;11
4586;23;622909606;4586;371;5425;5436;5.77;0.36;248.33;4.03;839;23;1868.00;11
4587;23;622909614;4587;370;5425;5436;5.63;0.35;248.29;4.03;838;23;1869.00;11
4593;23;622909621;4593;365;5425;5436;5.46;0.34;248.25;4.03;832;23;1870.00;11
4599;23;622909629;4599;366;5425;5436;5.30;0.33;248.19;4.03;826;23;1871.00;11
4600;23;622909637;4600;375;5497;5563;5.64;0.36;248.24;3.98;897;23;1872.00;66
4603;23;622909654;4603;375;5500;5564;5.56;0.35;248.24;3.97;897;23;1873.00;64
4607;23;622909668;4607;372;5507;5564;5.60;0.35;248.26;3.97;900;23;1874.00;57
4607;23;622909677;4607;378;5511;5564;5.60;0.35;248.26;3.97;904;23;1875.00;53
4610;23;622909686;4610;368;5518;5564;5.66;0.36;248.29;3.97;908;23;1876.00;46
4614;23;622909694;4614;360;5521;5564;5.66;0.36;248.36;3.97;907;23;1877.00;43
4615;23;622909704;4615;351;5523;5564;5.70;0.36;248.32;3.97;908;23;1878.00;41
4618;23;622909713;4618;347;5527;5564;5.73;0.36;248.45;3.98;909;23;1879.00;37
4620;23;622909724;4620;345;5530;5565;5.75;0.36;248.48;3.98;910;23;1880.00;35
4624;23;622909734;4624;343;5533;5566;5.72;0.36;248.46;3.98;909;23;1881.00;33
4628;23;622909743;4628;349;5539;5568;5.74;0.36;248.37;3.98;911;23;1882.00;29
4631;23;622909753;4631;355;5542;5569;5.75;0.36;248.36;3.99;911;23;1883.00;27
4635;23;622909763;4635;359;5544;5569;5.75;0.35;248.32;3.99;909;23;1884.00;25
4637;23;622909772;4637;358;5548;5569;5.83;0.36;248.28;3.99;911;23;1885.00;21
4639;23;622909782;4639;361;5551;5569;5.86;0.36;248.30;4.00;912;23;1886.00;18
4641;23;622909792;4641;365;5554;5573;5.87;0.36;248.33;4.00;913;23;1887.00;19
4642;23;622909804;4642;371;5556;5573;5.88;0.36;248.39;4.01;914;23;1888.00;17
4644;23;622909814;4644;371;5557;5573;5.86;0.36;248.47;4.01;913;23;1889.00;16
4646;23;622909826;4646;371;5562;5579;5.85;0.36;248.39;4.02;916;23;1890.00;17
4652;23;622909836;4652;360;5564;5579;5.81;0.35;248.36;4.02;912;23;1891.00;15
4653;23;622909847;4653;355;5565;5579;5.84;0.36;248.39;4.02;912;23;1892.00;14
4658;23;622909859;4658;343;5569;5583;5.85;0.36;248.37;4.02;911;23;1893.00;14
4659;23;622909869;4659;341;5571;5584;5.87;0.36;248.40;4.02;912;23;1894.00;13
4664;23;622909900;4664;335;5572;5584;5.85;0.36;248.44;4.02;908;23;1895.00;12
4668;23;622909911;4668;335;5576;5588;5.89;0.36;248.41;4.02;908;23;1896.00;12
4671;23;622909921;4671;334;5576;5588;5.93;0.36;248.45;4.02;905;23;1897.00;12
4675;23;622909937;4675;335;5576;5588;5.96;0.36;248.48;4.02;901;23;1898.00;12
4677;23;622909947;4677;334;5577;5589;6.02;0.37;248.53;4.01;900;23;1899.00;12
4681;23;622909959;4681;335;5577;5589;6.03;0.37;248.54;4.01;896;23;1900.00;12
4682;23;622909973;4682;333;5583;5595;6.07;0.37;248.58;4.01;901;23;1901.00;12
4686;23;622909985;4686;330;5583;5595;6.04;0.37;248.59;4.01;897;23;1902.00;12
4687;23;622910003;4687;334;5584;5596;6.13;0.37;248.56;4.01;897;23;1903.00;12
4689;23;622910023;4689;331;5584;5596;6.18;0.38;248.62;4.01;895;23;1904.00;12
4693;23;622910040;4693;337;5584;5596;6.26;0.38;248.56;4.01;891;23;1905.00;12
4696;23;622910057;4696;338;5584;5596;6.33;0.39;248.59;4.01;888;23;1906.00;12
4701;23;622910072;4701;329;5584;5596;6.30;0.38;248.54;4.01;883;23;1907.00;12
4704;23;622910087;4704;334;5594;5608;6.41;0.39;248.57;4.00;890;23;1908.00;14
4708;23;622910104;4708;333;5594;5608;6.32;0.38;248.49;4.00;886;23;1909.00;14
4710;23;622910116;4710;327;5595;5608;6.30;0.38;248.51;4.00;885;23;1910.00;13
4713;23;622910128;4713;328;5595;5608;6.28;0.38;248.45;4.00;882;23;1911.00;13
4718;23;622910139;4718;327;5595;5608;6.21;0.38;248.41;4.00;877;23;1912.00;13
4721;23;622910150;4721;329;5595;5608;6.18;0.37;248.39;4.00;874;23;1913.00;13
4724;23;622910165;4724;325;5598;5612;6.26;0.38;248.52;4.00;874;23;1914.00;14
4727;23;622910177;4727;316;5598;5612;6.29;0.38;248.62;4.00;871;23;1915.00;14
4729;23;622910189;4729;316;5602;5616;6.38;0.39;248.62;4.00;873;23;1916.00;14
4731;23;622910202;4731;302;5603;5617;6.47;0.39;248.67;4.00;872;23;1917.00;14
4731;23;622910214;4731;289;5603;5617;6.61;0.40;248.67;4.00;872;23;1918.00;14
4734;23;622910232;4734;284;5603;5617;6.72;0.41;248.76;4.00;869;23;1919.00;14
4737;23;622910248;4737;287;5626;5646;6.91;0.42;248.80;3.98;889;23;1920.00;20
4737;23;622910262;4737;283;5626;5646;7.05;0.43;248.80;3.98;889;23;1921.00;20
4738;23;622910274;4738;281;5627;5646;7.16;0.44;248.78;3.98;889;23;1922.00;19
4740;23;622910287;4740;277;5629;5647;7.31;0.45;248.88;3.98;889;23;1923.00;18
4743;23;622910299;4743;278;5629;5648;7.39;0.45;249.04;3.98;886;23;1924.00;19
4744;23;622910311;4744;278;5629;5648;7.47;0.46;249.03;3.98;885;23;1925.00;19
4749;23;622910337;4749;264;5631;5651;7.53;0.46;249.18;3.98;882;23;1926.00;20
4752;23;622910352;4752;254;5631;5651;7.61;0.46;249.21;3.98;879;23;1927.00;20
4754;23;622910374;4754;242;5632;5651;7.64;0.46;249.33;3.98;878;23;1928.00;19
4756;23;622910386;4756;231;5632;5651;7.71;0.47;249.48;3.98;876;23;1929.00;19
4759;23;622910400;4759;229;5637;5657;7.78;0.47;249.59;3.98;878;23;1930.00;20
4762;23;622910415;4762;224;5637;5657;7.79;0.47;249.62;3.98;875;23;1931.00;20
4766;23;622910437;4766;225;5637;5657;7.87;0.48;249.90;3.98;871;23;1932.00;20
4768;23;622910453;4768;214;5637;5657;7.95;0.48;249.97;3.98;869;23;1933.00;20
4769;23;622910470;4769;209;5640;5661;7.96;0.48;250.09;3.98;871;23;1934.00;21
4772;23;622910484;4772;214;5642;5663;8.06;0.49;250.21;3.97;870;23;1935.00;21
4774;23;622910498;4774;206;5642;5663;8.20;0.50;250.21;3.97;868;23;1936.00;21
4777;23;622910512;4777;201;5643;5664;8.33;0.50;250.30;3.97;866;23;1937.00;21
4780;23;622910529;4780;200;5643;5664;8.45;0.51;250.30;3.97;863;23;1938.00;21
4781;23;622910544;4781;198;5643;5664;8.60;0.52;250.37;3.97;862;23;1939.00;21
4783;23;622910559;4783;198;5643;5664;8.70;0.53;250.39;3.97;860;23;1940.00;21
4786;23;622910574;4786;193;5643;5664;8.79;0.53;250.58;3.97;857;23;1941.00;21
4790;23;622910588;4790;191;5643;5664;8.88;0.54;250.59;3.97;853;23;1942.00;21
4791;23;622910604;4791;186;5643;5664;9.01;0.55;250.62;3.97;852;23;1943.00;21
4792;23;622910619;4792;201;5685;5734;8.93;0.54;250.62;3.94;893;23;1944.00;49
4797;23;622910643;4797;185;5685;5735;9.05;0.55;250.65;3.94;888;23;1945.00;50
4801;23;622910659;4801;191;5689;5735;9.23;0.56;250.60;3.94;888;23;1946.00;46
4805;23;622910675;4805;185;5690;5735;9.30;0.56;250.66;3.97;885;23;1947.00;45
4807;23;622910691;4807;183;5694;5735;9.44;0.57;250.72;3.97;887;23;1948.00;41
4811;23;622910706;4811;182;5695;5735;9.48;0.57;250.80;3.97;884;23;1949.00;40
4818;23;622910722;4818;189;5700;5737;9.52;0.58;250.89;3.97;882;23;1950.00;37
4821;23;622910738;4821;190;5703;5737;9.58;0.58;251.00;3.97;882;23;1951.00;34
4823;23;622910754;4823;185;5704;5738;9.65;0.58;251.05;3.97;881;23;1952.00;34
4828;23;622910769;4828;183;5706;5739;9.65;0.58;251.06;3.97;878;23;1953.00;33
4829;23;622910785;4829;176;5708;5739;9.72;0.59;251.07;3.97;879;23;1954.00;31
4830;23;622910800;4830;178;5713;5743;9.74;0.59;251.08;3.97;883;23;1955.00;30
4833;23;622910815;4833;180;5716;5743;9.79;0.59;251.17;3.98;883;23;1956.00;27
4834;23;622910830;4834;176;5717;5743;9.79;0.59;251.19;3.98;883;23;1957.00;26
4836;23;622910845;4836;176;5717;5743;9.81;0.60;251.30;3.98;881;23;1958.00;26
4839;23;622910861;4839;172;5722;5749;9.86;0.60;251.38;3.98;883;23;1959.00;27
4841;23;622910876;4841;174;5722;5749;9.87;0.60;251.40;3.98;881;23;1960.00;27
4842;23;622910893;4842;174;5722;5749;9.87;0.60;251.42;3.98;880;23;1961.00;27
4844;23;622910909;4844;177;5725;5752;9.93;0.60;251.44;4.00;881;23;1962.00;27
4844;23;622910926;4844;176;5725;5752;9.95;0.60;251.44;4.00;881;23;1963.00;27
4846;23;622910941;4846;171;5726;5752;10.03;0.61;251.46;4.00;880;23;1964.00;26
4847;23;622910956;4847;169;5726;5753;10.04;0.61;251.49;4.00;879;23;1965.00;27
4852;23;622910972;4852;167;5727;5754;10.07;0.61;251.57;4.00;875;23;1966.00;27
4854;23;622910998;4854;170;5728;5754;10.05;0.61;251.62;4.03;874;23;1967.00;26
4859;23;622911027;4859;172;5738;5767;10.01;0.61;251.61;4.02;879;23;1968.00;29
4861;23;622911043;4861;172;5738;5767;9.98;0.61;251.59;4.02;877;23;1969.00;29
4866;23;622911055;4866;172;5738;5767;9.99;0.61;251.67;4.02;872;23;1970.00;29
4869;23;622911068;4869;169;5739;5768;9.94;0.60;251.74;4.02;870;23;1971.00;29
4871;23;622911080;4871;167;5739;5768;9.94;0.60;251.76;4.02;868;23;1972.00;29
4874;23;622911093;4874;161;5744;5772;9.94;0.60;251.82;4.02;870;23;1973.00;28
4876;23;622911106;4876;170;5745;5772;9.94;0.60;251.88;4.03;869;23;1974.00;27
4878;23;622911125;4878;168;5749;5776;9.90;0.60;251.84;4.04;871;23;1975.00;27
4883;23;622911138;4883;162;5749;5776;9.94;0.60;251.84;4.04;866;23;1976.00;27
4885;23;622911150;4885;168;5749;5776;9.98;0.61;251.91;4.04;864;23;1977.00;27
4890;23;622911163;4890;166;5749;5776;10.06;0.61;251.97;4.04;859;23;1978.00;27
4893;23;622911176;4893;165;5750;5776;10.04;0.61;252.01;4.07;857;23;1979.00;26
4896;23;622911191;4896;166;5771;5810;10.04;0.61;252.02;4.05;875;23;1980.00;39
4899;23;622911204;4899;163;5772;5810;9.99;0.61;252.08;4.05;873;23;1981.00;38
4904;23;622911216;4904;163;5773;5810;9.96;0.61;252.12;4.05;869;23;1982.00;37
4907;23;622911227;4907;161;5774;5810;9.93;0.61;252.14;4.05;867;23;1983.00;36
4912;23;622911239;4912;165;5775;5810;9.90;0.60;252.15;4.08;863;23;1984.00;35
4914;23;622911250;4914;168;5775;5810;9.91;0.60;252.19;4.08;861;23;1985.00;35
4918;23;622911263;4918;177;5775;5811;9.89;0.60;252.19;4.08;857;23;1986.00;36
4922;23;622911275;4922;175;5777;5811;9.78;0.59;252.22;4.10;855;23;1987.00;34
4925;23;622911299;4925;172;5781;5817;9.73;0.59;252.44;4.09;856;23;1988.00;36
4930;23;622911312;4930;176;5782;5818;9.65;0.58;252.49;4.10;852;23;1989.00;36
4931;23;622911324;4931;180;5783;5818;9.59;0.58;252.57;4.10;852;23;1990.00;35
4935;23;622911335;4935;185;5785;5818;9.52;0.58;252.62;4.11;850;23;1991.00;33
4938;23;622911348;4938;189;5789;5822;9.38;0.57;252.71;4.11;851;23;1992.00;33
4941;23;622911360;4941;196;5789;5822;9.29;0.56;252.72;4.11;848;23;1993.00;33
4943;23;622911371;4943;211;5791;5822;9.20;0.56;252.78;4.11;848;23;1994.00;31
4945;23;622911382;4945;212;5792;5823;9.17;0.56;252.80;4.11;847;23;1995.00;31
4950;23;622911394;4950;219;5795;5827;9.00;0.54;252.97;4.11;845;23;1996.00;32
4953;23;622911404;4953;223;5797;5827;8.86;0.54;253.04;4.12;844;23;1997.00;30
4955;23;622911415;4955;228;5799;5830;8.80;0.53;253.05;4.12;844;23;1998.00;31
4956;23;622911426;4956;235;5800;5830;8.76;0.53;253.06;4.12;844;23;1999.00;30
4956;23;622911437;4956;242;5801;5830;8.65;0.53;253.06;4.13;845;23;2000.00;29
4957;23;622911453;4957;251;5802;5830;8.58;0.52;253.08;4.13;845;23;2001.00;28
4961;23;622911463;4961;255;5806;5834;8.51;0.52;253.04;4.13;845;23;2002.00;28
4965;23;622911475;4965;262;5808;5834;8.44;0.51;253.16;4.15;843;23;2003.00;26
4967;23;622911486;4967;273;5808;5834;8.39;0.51;253.14;4.15;841;23;2004.00;26
4968;23;622911496;4968;280;5809;5834;8.32;0.51;253.16;4.16;841;23;2005.00;25
4969;23;622911506;4969;282;5809;5835;8.26;0.50;253.22;4.16;840;23;2006.00;26
4969;23;622911516;4969;292;5812;5836;8.16;0.50;253.22;4.17;843;23;2007.00;24
4972;23;622911526;4972;294;5812;5836;8.01;0.49;253.31;4.17;840;23;2008.00;24
4979;23;622911536;4979;294;5813;5837;7.93;0.48;253.49;4.17;834;23;2009.00;24
4981;23;622911548;4981;303;5814;5837;7.76;0.47;253.52;4.18;833;23;2010.00;23
4983;23;622911560;4983;302;5816;5837;7.65;0.47;253.52;4.20;833;23;2011.00;21
4985;23;622911570;4985;307;5816;5837;7.59;0.46;253.55;4.20;831;23;2012.00;21
4988;23;622911579;4988;315;5817;5837;7.46;0.46;253.65;4.21;829;23;2013.00;20
4990;23;622911588;4990;318;5817;5837;7.33;0.45;253.71;4.21;827;23;2014.00;20
4991;23;622911598;4991;321;5817;5837;7.23;0.44;253.74;4.21;826;23;2015.00;20
4991;23;622911606;4991;341;5886;5964;7.39;0.46;253.74;4.19;895;23;2016.00;78
4995;23;622911625;4995;338;5888;5965;7.31;0.45;253.65;4.19;893;23;2017.00;77
4997;23;622911635;4997;342;5897;5965;7.29;0.45;253.68;4.19;900;23;2018.00;68
4998;23;622911644;4998;336;5900;5965;7.24;0.45;253.65;4.19;902;23;2019.00;65
5001;23;622911654;5001;334;5910;5965;7.20;0.45;253.63;4.19;909;23;2020.00;55
5002;23;622911664;5002;332;5914;5965;7.15;0.45;253.61;4.20;912;23;2021.00;51
5004;23;622911673;5004;332;5917;5965;7.15;0.45;253.56;4.20;913;23;2022.00;48
5005;23;622911683;5005;334;5920;5965;7.14;0.44;253.55;4.20;915;23;2023.00;45
5008;23;622911692;5008;334;5923;5966;7.15;0.44;253.45;4.20;915;23;2024.00;43
5011;23;622911701;5011;337;5926;5968;7.12;0.44;253.39;4.20;915;23;2025.00;42
5012;23;622911712;5012;334;5934;5968;7.14;0.44;253.38;4.21;922;23;2026.00;34
5018;23;622911722;5018;342;5936;5969;7.02;0.44;253.34;4.21;918;23;2027.00;33
5019;23;622911732;5019;344;5938;5969;6.96;0.43;253.40;4.22;919;23;2028.00;31
5022;23;622911741;5022;351;5942;5969;6.86;0.43;253.31;4.22;920;23;2029.00;27
5024;23;622911751;5024;358;5944;5969;6.76;0.42;253.28;4.23;920;23;2030.00;25
5027;23;622911761;5027;362;5951;5973;6.67;0.41;253.28;4.23;924;23;2031.00;22
5033;23;622911771;5033;369;5953;5973;6.56;0.41;253.10;4.24;920;23;2032.00;20
5034;23;622911780;5034;376;5956;5973;6.52;0.40;253.07;4.24;922;23;2033.00;17
5038;23;622911790;5038;385;5957;5976;6.44;0.40;253.03;4.24;919;23;2034.00;19
5040;23;622911800;5040;389;5957;5976;6.32;0.39;253.08;4.24;917;23;2035.00;19
5043;23;622911815;5043;392;5958;5976;6.20;0.38;253.18;4.24;915;23;2036.00;18
5045;23;622911826;5045;394;5962;5980;6.10;0.38;253.20;4.24;917;23;2037.00;18
5048;23;622911837;5048;408;5963;5981;5.94;0.37;253.26;4.24;915;23;2038.00;18
5053;23;622911846;5053;412;5966;5981;5.80;0.36;253.38;4.24;913;23;2039.00;15
5055;23;622911857;5055;406;5972;5986;5.73;0.36;253.30;4.24;917;23;2040.00;14
5058;23;622911867;5058;401;5972;5986;5.65;0.35;253.35;4.24;914;23;2041.00;14
5060;23;622911876;5060;404;5972;5986;5.58;0.35;253.38;4.24;912;23;2042.00;14
5061;23;622911886;5061;387;5973;5987;5.62;0.35;253.41;4.24;912;23;2043.00;14
5066;23;622911895;5066;376;5973;5987;5.57;0.35;253.36;4.24;907;23;2044.00;14
5072;23;622911905;5072;370;5979;5993;5.57;0.34;253.29;4.23;907;23;2045.00;14
5073;23;622911916;5073;366;5979;5993;5.62;0.35;253.30;4.23;906;23;2046.00;14
5076;23;622911925;5076;359;5980;5994;5.70;0.35;253.29;4.23;904;23;2047.00;14
5081;23;622911936;5081;356;5980;5994;5.78;0.35;253.20;4.23;899;23;2048.00;14
5083;23;622911947;5083;355;5980;5994;5.87;0.36;253.19;4.23;897;23;2049.00;14
5084;23;622911969;5084;344;5980;5994;5.92;0.36;253.16;4.23;896;23;2050.00;14
5086;23;622911979;5086;336;5980;5994;5.98;0.37;253.15;4.23;894;23;2051.00;14
5086;23;622911990;5086;332;5991;6006;6.17;0.38;253.15;4.23;905;23;2052.00;15
5090;23;622912006;5090;334;5991;6006;6.19;0.38;253.16;4.23;901;23;2053.00;15
5092;23;622912030;5092;328;5992;6006;6.27;0.38;253.16;4.23;900;23;2054.00;14
5098;23;622912046;5098;328;5992;6006;6.27;0.38;253.10;4.23;894;23;2055.00;14
5101;23;622912062;5101;325;5992;6006;6.30;0.38;253.09;4.23;891;23;2056.00;14
5104;23;622912078;5104;324;5992;6006;6.35;0.39;253.08;4.23;888;23;2057.00;14
5107;23;622912094;5107;320;5996;6010;6.40;0.39;253.05;4.22;889;23;2058.00;14
5109;23;622912108;5109;324;5996;6010;6.45;0.39;253.07;4.22;887;23;2059.00;14
5112;23;622912121;5112;327;6000;6014;6.54;0.40;253.12;4.22;888;23;2060.00;14
5115;23;622912134;5115;328;6001;6015;6.59;0.40;253.06;4.22;886;23;2061.00;14
5118;23;622912147;5118;334;6001;6015;6.63;0.40;253.01;4.22;883;23;2062.00;14
5122;23;622912160;5122;338;6001;6015;6.67;0.41;253.14;4.22;879;23;2063.00;14
5127;23;622912174;5127;331;6014;6028;6.80;0.41;253.30;4.21;887;23;2064.00;14
5133;23;622912188;5133;324;6014;6028;6.79;0.41;253.31;4.21;881;23;2065.00;14
5136;23;622912203;5136;316;6014;6028;6.81;0.41;253.36;4.21;878;23;2066.00;14
5139;23;622912216;5139;314;6015;6029;6.87;0.42;253.28;4.21;876;23;2067.00;14
5141;23;622912229;5141;314;6016;6030;6.85;0.42;253.29;4.21;875;23;2068.00;14
5144;23;622912241;5144;311;6016;6030;6.83;0.42;253.40;4.21;872;23;2069.00;14
5145;23;622912256;5145;314;6020;6036;6.91;0.42;253.46;4.21;875;23;2070.00;16
5151;23;622912269;5151;313;6020;6036;6.88;0.42;253.56;4.21;869;23;2071.00;16
5155;23;622912283;5155;317;6022;6036;6.91;0.42;253.61;4.21;867;23;2072.00;14
5157;23;622912296;5157;319;6022;6036;6.95;0.42;253.57;4.21;865;23;2073.00;14
5160;23;622912308;5160;322;6028;6042;6.99;0.43;253.63;4.20;868;23;2074.00;14
5166;23;622912321;5166;324;6028;6042;6.97;0.42;253.85;4.20;862;23;2075.00;14
5167;23;622912334;5167;320;6028;6042;6.97;0.42;253.85;4.20;861;23;2076.00;14
5169;23;622912347;5169;319;6028;6042;7.01;0.43;253.88;4.20;859;23;2077.00;14
5174;23;622912360;5174;322;6032;6046;7.03;0.43;253.99;4.20;858;23;2078.00;14
5178;23;622912373;5178;322;6033;6047;7.08;0.43;254.01;4.20;855;23;2079.00;14
5182;23;622912388;5182;319;6033;6047;7.09;0.43;253.99;4.20;851;23;2080.00;14
5184;23;622912400;5184;324;6034;6048;7.11;0.43;254.07;4.20;850;23;2081.00;14
5188;23;622912413;5188;323;6034;6048;7.14;0.43;254.06;4.20;846;23;2082.00;14
5191;23;622912426;5191;324;6034;6048;7.17;0.44;254.11;4.20;843;23;2083.00;14
5195;23;622912439;5195;323;6034;6048;7.13;0.43;254.25;4.20;839;23;2084.00;14
5196;23;622912451;5196;325;6034;6048;7.18;0.44;254.23;4.20;838;23;2085.00;14
5198;23;622912463;5198;328;6034;6048;7.16;0.44;254.30;4.20;836;23;2086.00;14
5201;23;622912477;5201;314;6034;6048;7.19;0.44;254.40;4.20;833;23;2087.00;14
5204;23;622912490;5204;321;6075;6118;7.30;0.45;254.59;4.17;871;23;2088.00;43
5208;23;622912510;5208;314;6076;6119;7.33;0.45;254.71;4.17;868;23;2089.00;43
5211;23;622912524;5211;303;6080;6119;7.42;0.45;254.79;4.17;869;23;2090.00;39
5215;23;622912539;5215;297;6081;6119;7.46;0.45;254.88;4.17;866;23;2091.00;38
5218;23;622912560;5218;291;6083;6119;7.54;0.46;254.91;4.17;865;23;2092.00;36
5220;23;622912573;5220;291;6084;6119;7.58;0.46;254.95;4.17;864;23;2093.00;35
5222;23;622912586;5222;293;6086;6119;7.67;0.47;254.93;4.17;864;23;2094.00;33
5224;23;622912602;5224;295;6088;6119;7.73;0.47;254.95;4.17;864;23;2095.00;31
5224;23;622912615;5224;278;6090;6120;7.80;0.48;254.95;4.17;866;23;2096.00;30
5228;23;622912629;5228;269;6092;6121;7.87;0.48;255.01;4.17;864;23;2097.00;29
5230;23;622912644;5230;275;6094;6121;7.89;0.48;255.17;4.18;864;23;2098.00;27
5230;23;622912662;5230;266;6099;6125;7.93;0.48;255.17;4.18;869;23;2099.00;26
5233;23;622912681;5233;274;6104;6140;7.97;0.49;255.16;4.17;871;23;2100.00;36
5235;23;622912704;5235;268;6105;6140;8.10;0.49;255.21;4.18;870;23;2101.00;35
5235;23;622912720;5235;270;6106;6140;8.29;0.51;255.21;4.18;871;23;2102.00;34
5237;23;622912734;5237;266;6110;6146;8.46;0.52;255.23;4.18;873;23;2103.00;36
5238;23;622912750;5238;266;6111;6146;8.59;0.52;255.24;4.18;873;23;2104.00;35
5242;23;622912766;5242;261;6113;6146;8.66;0.53;255.33;4.18;871;23;2105.00;33
5242;23;622912782;5242;254;6116;6149;8.75;0.53;255.33;4.18;874;23;2106.00;33
5246;23;622912798;5246;247;6117;6149;8.88;0.54;255.48;4.18;871;23;2107.00;32
5247;23;622912814;5247;242;6118;6149;9.03;0.55;255.45;4.18;871;23;2108.00;31
5251;23;622912830;5251;238;6118;6150;9.11;0.55;255.46;4.18;867;23;2109.00;32
5253;23;622912847;5253;235;6119;6151;9.23;0.56;255.46;4.18;866;23;2110.00;32
5256;23;622912863;5256;232;6121;6151;9.29;0.57;255.49;4.18;865;23;2111.00;30
5258;23;622912878;5258;226;6130;6164;9.35;0.57;255.54;4.17;872;23;2112.00;34
5264;23;622912895;5264;223;6130;6164;9.36;0.57;255.62;4.17;866;23;2113.00;34
5266;23;622912912;5266;215;6131;6164;9.49;0.58;255.76;4.17;865;23;2114.00;33
5268;23;622912926;5268;209;6133;6166;9.50;0.58;255.77;4.17;865;23;2115.00;33
5275;23;622912941;5275;205;6134;6166;9.55;0.58;255.90;4.17;859;23;2116.00;32
5278;23;622912955;5278;199;6138;6170;9.59;0.58;255.89;4.17;860;23;2117.00;32
5285;23;622912971;5285;191;6138;6170;9.63;0.58;255.88;4.17;853;23;2118.00;32
5288;23;622912987;5288;194;6141;6174;9.65;0.59;255.86;4.17;853;23;2119.00;33
5293;23;622913006;5293;187;6141;6174;9.69;0.59;256.11;4.17;848;23;2120.00;33
5293;23;622913020;5293;185;6142;6174;9.76;0.59;256.11;4.18;849;23;2121.00;32
5296;23;622913036;5296;180;6143;6174;9.84;0.60;256.19;4.18;847;23;2122.00;31
5300;24;622913054;5300;176;6143;6174;9.87;0.60;256.26;4.18;843;24;2123.00;31
5302;24;622913074;5302;172;6152;6186;9.90;0.60;256.34;4.18;850;24;2124.00;34
5303;24;622913092;5303;168;6153;6186;10.00;0.61;256.36;4.18;850;24;2125.00;33
5307;24;622913105;5307;166;6155;6186;10.08;0.61;256.37;4.18;848;24;2126.00;31
5311;24;622913117;5311;163;6155;6186;10.15;0.62;256.45;4.18;844;24;2127.00;31
5312;24;622913130;5312;165;6158;6186;10.30;0.62;256.47;4.23;846;24;2128.00;28
5315;24;622913143;5315;166;6158;6186;10.39;0.63;256.51;4.23;843;24;2129.00;28
5319;24;622913158;5319;165;6159;6187;10.41;0.63;256.51;4.24;840;24;2130.00;28
5319;24;622913170;5319;164;6159;6187;10.49;0.64;256.51;4.24;840;24;2131.00;28
5324;24;622913189;5324;166;6164;6193;10.49;0.64;256.63;4.23;840;24;2132.00;29
5326;24;622913203;5326;170;6165;6194;10.54;0.64;256.68;4.23;839;24;2133.00;29
5330;24;622913216;5330;165;6165;6194;10.45;0.63;256.77;4.23;835;24;2134.00;29
5335;24;622913228;5335;166;6165;6194;10.39;0.63;256.76;4.23;830;24;2135.00;29
5336;24;622913240;5336;173;6168;6198;10.39;0.63;256.76;4.23;832;24;2136.00;30
5342;24;622913253;5342;171;6168;6198;10.34;0.63;256.84;4.23;826;24;2137.00;30
5344;24;622913265;5344;174;6168;6198;10.32;0.62;256.86;4.23;824;24;2138.00;30
5348;24;622913277;5348;173;6169;6199;10.31;0.62;256.83;4.23;821;24;2139.00;30
5353;24;622913289;5353;170;6172;6203;10.18;0.62;256.79;4.23;819;24;2140.00;31
5357;24;622913300;5357;172;6172;6203;10.02;0.61;256.88;4.23;815;24;2141.00;31
5358;24;622913312;5358;177;6174;6206;9.93;0.60;256.96;4.23;816;24;2142.00;32
5360;24;622913323;5360;175;6176;6206;9.81;0.59;257.06;4.28;816;24;2143.00;30
5362;24;622913334;5362;178;6176;6206;9.70;0.59;257.06;4.28;814;24;2144.00;30
5365;24;622913345;5365;180;6178;6206;9.62;0.58;257.15;4.30;813;24;2145.00;28
5367;24;622913356;5367;183;6182;6210;9.57;0.58;257.19;4.30;815;24;2146.00;28
5371;24;622913368;5371;181;6182;6210;9.52;0.58;257.29;4.30;811;24;2147.00;28
5375;24;622913379;5375;180;6183;6210;9.41;0.57;257.23;4.35;808;24;2148.00;27
5378;24;622913391;5378;182;6183;6210;9.34;0.57;257.32;4.35;805;24;2149.00;27
5381;24;622913402;5381;187;6183;6211;9.28;0.57;257.28;4.35;802;24;2150.00;28
5381;24;622913413;5381;192;6184;6212;9.28;0.57;257.28;4.35;803;24;2151.00;28
5385;24;622913424;5385;196;6184;6212;9.20;0.56;257.31;4.35;799;24;2152.00;28
5388;24;622913434;5388;197;6185;6213;9.11;0.56;257.44;4.35;797;24;2153.00;28
5390;24;622913444;5390;197;6185;6213;9.16;0.56;257.40;4.35;795;24;2154.00;28
5391;24;622913454;5391;203;6185;6213;9.21;0.56;257.41;4.35;794;24;2155.00;28
5394;24;622913464;5394;201;6185;6213;9.24;0.56;257.37;4.35;791;24;2156.00;28
5395;24;622913475;5395;205;6185;6213;9.29;0.57;257.39;4.35;790;24;2157.00;28
5400;24;622913485;5400;204;6185;6213;9.29;0.57;257.40;4.35;785;24;2158.00;28
5401;24;622913494;5401;205;6185;6213;9.35;0.57;257.36;4.35;784;24;2159.00;28
5404;24;622913511;5404;239;6284;6443;9.41;0.59;257.40;4.28;880;24;2160.00;159
5407;24;622913541;5407;235;6288;6444;9.35;0.58;257.40;4.28;881;24;2161.00;156
5410;24;622913551;5410;229;6300;6444;9.36;0.58;257.42;4.28;890;24;2162.00;144
5410;24;622913562;5410;233;6305;6444;9.30;0.58;257.42;4.27;895;24;2163.00;139
5414;24;622913573;5414;227;6313;6444;9.26;0.58;257.49;4.27;899;24;2164.00;131
5415;24;622913584;5415;233;6319;6444;9.15;0.57;257.47;4.27;904;24;2165.00;125
5416;24;622913595;5416;233;6327;6444;9.07;0.56;257.46;4.28;911;24;2166.00;117
5421;24;622913606;5421;234;6336;6444;8.97;0.56;257.44;4.28;915;24;2167.00;108
5425;24;622913618;5425;239;6341;6445;8.93;0.55;257.51;4.28;916;24;2168.00;104
5428;24;622913630;5428;246;6349;6446;8.85;0.55;257.49;4.29;921;24;2169.00;97
5430;24;622913642;5430;255;6354;6446;8.73;0.54;257.49;4.31;924;24;2170.00;92
5433;24;622913659;5433;268;6358;6447;8.54;0.53;257.39;4.31;925;24;2171.00;89
5438;24;622913670;5438;274;6364;6447;8.32;0.51;257.33;4.33;926;24;2172.00;83
5442;24;622913681;5442;284;6368;6447;8.14;0.50;257.25;4.34;926;24;2173.00;79
5442;24;622913692;5442;290;6368;6447;7.97;0.49;257.25;4.34;926;24;2174.00;79
5445;24;622913703;5445;291;6374;6451;7.80;0.48;257.27;4.36;929;24;2175.00;77
5445;24;622913714;5445;308;6376;6451;7.64;0.47;257.27;4.36;931;24;2176.00;75
5446;24;622913725;5446;310;6377;6451;7.50;0.46;257.24;4.36;931;24;2177.00;74
5448;24;622913736;5448;324;6381;6454;7.30;0.45;257.19;4.39;933;24;2178.00;73
5450;24;622913759;5450;326;6383;6454;7.17;0.44;257.15;4.40;933;24;2179.00;71
5453;24;622913770;5453;327;6386;6454;7.03;0.43;257.12;4.41;933;24;2180.00;68
5454;24;622913781;5454;338;6391;6458;6.91;0.43;257.10;4.42;937;24;2181.00;67
5454;24;622913792;5454;349;6395;6459;6.84;0.42;257.10;4.43;941;24;2182.00;64
5455;24;622913803;5455;360;6399;6459;6.77;0.42;257.11;4.45;944;24;2183.00;60
5458;24;622913814;5458;368;6402;6463;6.75;0.42;257.03;4.45;944;24;2184.00;61
5458;24;622913825;5458;372;6405;6463;6.74;0.42;257.03;4.47;947;24;2185.00;58
5460;24;622913836;5460;381;6408;6463;6.66;0.41;257.03;4.47;948;24;2186.00;55
5461;24;622913847;5461;385;6410;6464;6.61;0.41;257.09;4.49;949;24;2187.00;54
5463;24;622913857;5463;392;6413;6464;6.57;0.41;257.04;4.49;950;24;2188.00;51
5464;24;622913868;5464;394;6419;6470;6.52;0.40;257.05;4.50;955;24;2189.00;51
5467;24;622913882;5467;395;6421;6470;6.41;0.39;256.94;4.51;954;24;2190.00;49
5471;24;622913892;5471;395;6423;6471;6.26;0.38;256.90;4.52;952;24;2191.00;48
5476;24;622913913;5476;401;6424;6471;6.14;0.38;256.76;4.52;948;24;2192.00;47
5478;24;622913924;5478;412;6425;6471;5.99;0.37;256.71;4.52;947;24;2193.00;46
5478;24;622913935;5478;413;6428;6471;5.92;0.36;256.71;4.54;950;24;2194.00;43
5479;24;622913945;5479;408;6430;6471;5.85;0.36;256.69;4.55;951;24;2195.00;41
5479;24;622913955;5479;401;6440;6483;5.89;0.36;256.69;4.55;961;24;2196.00;43
5481;24;622913969;5481;400;6442;6483;5.88;0.36;256.61;4.56;961;24;2197.00;41
5482;24;622913980;5482;401;6443;6483;5.90;0.36;256.59;4.56;961;24;2198.00;40
5484;24;622913992;5484;403;6444;6483;5.89;0.36;256.59;4.56;960;24;2199.00;39
5485;24;622914010;5485;402;6445;6483;5.91;0.36;256.57;4.57;960;24;2200.00;38
5489;24;622914035;5489;405;6448;6483;5.91;0.36;256.48;4.58;959;24;2201.00;35
5493;24;622914052;5493;410;6453;6487;5.87;0.36;256.52;4.58;960;24;2202.00;34
5494;25;622914069;5494;413;6453;6487;5.87;0.36;256.51;4.58;959;25;2203.00;34
5496;25;622914111;5496;411;6457;6491;5.87;0.36;256.46;4.58;961;25;2204.00;34
5498;25;622914127;5498;409;6461;6493;5.80;0.36;256.42;4.59;963;25;2205.00;32
5500;25;622914140;5500;405;6463;6493;5.74;0.35;256.44;4.59;963;25;2206.00;30
5503;25;622914160;5503;403;6464;6493;5.67;0.35;256.41;4.59;961;25;2207.00;29
5508;25;622914172;5508;407;6474;6506;5.65;0.35;256.40;4.58;966;25;2208.00;32
5512;25;622914187;5512;412;6475;6506;5.61;0.34;256.43;4.58;963;25;2209.00;31
5512;25;622914200;5512;404;6479;6508;5.61;0.34;256.43;4.58;967;25;2210.00;29
5514;25;622914212;5514;396;6481;6509;5.65;0.35;256.50;4.58;967;25;2211.00;28
5515;25;622914225;5515;389;6481;6510;5.73;0.35;256.53;4.58;966;25;2212.00;29
5518;25;622914237;5518;388;6482;6510;5.78;0.36;256.49;4.58;964;25;2213.00;28
5522;25;622914250;5522;386;6484;6513;5.87;0.36;256.47;4.58;962;25;2214.00;29
5523;25;622914270;5523;383;6484;6513;5.98;0.37;256.50;4.58;961;25;2215.00;29
5527;25;622914282;5527;383;6484;6513;6.03;0.37;256.45;4.58;957;25;2216.00;29
5531;25;622914294;5531;379;6485;6513;6.08;0.37;256.58;4.58;954;25;2217.00;28
5534;25;622914307;5534;374;6489;6519;6.17;0.38;256.61;4.58;955;25;2218.00;30
5538;25;622914320;5538;368;6489;6519;6.20;0.38;256.56;4.58;951;25;2219.00;30
5541;25;622914334;5541;363;6490;6519;6.26;0.39;256.52;4.58;949;25;2220.00;29
5545;25;622914347;5545;357;6490;6519;6.27;0.39;256.68;4.58;945;25;2221.00;29
5548;25;622914359;5548;349;6494;6523;6.36;0.39;256.65;4.57;946;25;2222.00;29
5550;25;622914373;5550;343;6495;6524;6.44;0.40;256.71;4.57;945;25;2223.00;29
5555;25;622914385;5555;338;6495;6524;6.51;0.40;256.77;4.57;940;25;2224.00;29
5556;25;622914398;5556;341;6496;6525;6.63;0.41;256.74;4.57;940;25;2225.00;29
5561;25;622914410;5561;334;6496;6525;6.66;0.41;256.98;4.57;935;25;2226.00;29
5564;25;622914424;5564;339;6496;6525;6.73;0.41;257.01;4.57;932;25;2227.00;29
5566;25;622914435;5566;328;6496;6525;6.79;0.42;256.97;4.57;930;25;2228.00;29
5570;25;622914446;5570;327;6496;6525;6.84;0.42;257.06;4.57;926;25;2229.00;29
5576;25;622914458;5576;326;6497;6525;6.84;0.42;257.24;4.64;921;25;2230.00;28
5580;25;622914471;5580;327;6497;6525;6.90;0.42;257.18;4.64;917;25;2231.00;28
5583;25;622914482;5583;322;6531;6595;7.09;0.44;257.31;4.61;948;25;2232.00;64
5586;25;622914500;5586;315;6533;6596;7.14;0.44;257.39;4.61;947;25;2233.00;63
5594;25;622914512;5594;315;6539;6596;7.19;0.44;257.37;4.61;945;25;2234.00;57
5602;25;622914525;5602;316;6544;6596;7.19;0.44;257.59;4.61;942;25;2235.00;52
5605;25;622914540;5605;313;6549;6596;7.22;0.44;257.79;4.61;944;25;2236.00;47
5609;25;622914555;5609;307;6552;6596;7.19;0.44;257.76;4.61;943;25;2237.00;44
5614;25;622914570;5614;307;6555;6596;7.18;0.44;257.88;4.61;941;25;2238.00;41
5620;25;622914585;5620;309;6557;6596;7.16;0.44;258.15;4.61;937;25;2239.00;39
5623;25;622914600;5623;306;6559;6597;7.16;0.44;258.26;4.61;936;25;2240.00;38
5626;25;622914614;5626;307;6562;6598;7.13;0.43;258.39;4.61;936;25;2241.00;36
5630;25;622914627;5630;305;6563;6598;7.10;0.43;258.47;4.61;933;25;2242.00;35
5635;25;622914642;5635;308;6567;6602;7.13;0.43;258.55;4.61;932;25;2243.00;35
5641;25;622914663;5641;310;6568;6602;7.14;0.43;258.63;4.61;927;25;2244.00;34
5646;25;622914678;5646;313;6568;6602;7.11;0.43;258.72;4.61;922;25;2245.00;34
5649;25;622914691;5649;309;6568;6602;7.08;0.43;258.76;4.61;919;25;2246.00;34
5653;25;622914705;5653;306;6573;6608;7.11;0.43;258.81;4.61;920;25;2247.00;35
5655;25;622914720;5655;307;6573;6608;7.08;0.43;258.86;4.61;918;25;2248.00;35
5658;25;622914737;5658;306;6573;6608;7.10;0.43;258.89;4.61;915;25;2249.00;35
5661;25;622914751;5661;306;6577;6614;7.21;0.44;258.94;4.61;916;25;2250.00;37
5665;25;622914764;5665;307;6577;6614;7.22;0.44;258.89;4.61;912;25;2251.00;37
5667;25;622914775;5667;308;6579;6614;7.26;0.44;258.95;4.61;912;25;2252.00;35
5668;25;622914788;5668;303;6579;6615;7.26;0.44;258.95;4.61;911;25;2253.00;36
5672;25;622914807;5672;302;6580;6616;7.20;0.44;259.01;4.61;908;25;2254.00;36
5676;25;622914820;5676;297;6580;6616;7.18;0.44;259.04;4.61;904;25;2255.00;36
5680;25;622914832;5680;298;6592;6629;7.27;0.44;259.08;4.66;912;25;2256.00;37
5684;25;622914858;5684;286;6592;6629;7.23;0.44;259.08;4.66;908;25;2257.00;37
5687;25;622914872;5687;281;6592;6629;7.21;0.44;259.15;4.66;905;25;2258.00;37
5692;25;622914886;5692;271;6593;6630;7.24;0.44;259.29;4.66;901;25;2259.00;37
5694;25;622914901;5694;260;6593;6630;7.25;0.44;259.41;4.66;899;25;2260.00;37
5697;25;622914916;5697;255;6597;6634;7.28;0.44;259.44;4.65;900;25;2261.00;37
5698;25;622914930;5698;255;6597;6634;7.31;0.44;259.48;4.65;899;25;2262.00;37
5702;25;622914943;5702;249;6600;6638;7.33;0.44;259.57;4.65;898;25;2263.00;38
5703;25;622914965;5703;257;6600;6638;7.34;0.44;259.58;4.65;897;25;2264.00;38
5705;25;622914979;5705;254;6600;6638;7.32;0.44;259.61;4.65;895;25;2265.00;38
5707;25;622914996;5707;243;6600;6638;7.41;0.45;259.62;4.65;893;25;2266.00;38
5710;25;622915010;5710;236;6600;6638;7.43;0.45;259.63;4.65;890;25;2267.00;38
5712;25;622915023;5712;226;6610;6650;7.62;0.46;259.65;4.64;898;25;2268.00;40
5713;25;622915038;5713;219;6610;6650;7.80;0.47;259.66;4.64;897;25;2269.00;40
5714;25;622915051;5714;212;6611;6650;7.96;0.48;259.62;4.64;897;25;2270.00;39
5716;25;622915065;5716;203;6611;6650;8.12;0.49;259.68;4.64;895;25;2271.00;39
5717;25;622915078;5717;198;6611;6650;8.30;0.51;259.75;4.64;894;25;2272.00;39
5720;25;622915092;5720;194;6612;6650;8.40;0.51;259.77;4.70;892;25;2273.00;38
5722;25;622915107;5722;186;6612;6651;8.55;0.52;259.77;4.70;890;25;2274.00;39
5727;25;622915121;5727;182;6612;6651;8.65;0.53;259.73;4.70;885;25;2275.00;39
5728;25;622915136;5728;176;6617;6657;8.77;0.53;259.73;4.70;889;25;2276.00;40
5734;25;622915150;5734;177;6618;6658;8.79;0.53;259.83;4.70;884;25;2277.00;40
5738;25;622915163;5738;176;6618;6658;8.83;0.54;259.93;4.70;880;25;2278.00;40
5739;25;622915177;5739;174;6618;6658;8.87;0.54;259.95;4.70;879;25;2279.00;40
5744;25;622915192;5744;175;6622;6663;8.83;0.53;260.07;4.70;878;25;2280.00;41
5747;25;622915206;5747;173;6622;6663;8.80;0.53;260.11;4.70;875;25;2281.00;41
5749;25;622915218;5749;168;6622;6663;8.83;0.53;260.20;4.70;873;25;2282.00;41
5754;25;622915231;5754;168;6623;6664;8.87;0.54;260.32;4.70;869;25;2283.00;41
5755;25;622915243;5755;164;6626;6668;8.90;0.54;260.40;4.70;871;25;2284.00;42
5755;25;622915257;5755;168;6626;6668;8.94;0.54;260.40;4.70;871;25;2285.00;42
5758;25;622915269;5758;168;6628;6671;8.95;0.54;260.36;4.69;870;25;2286.00;43
5761;25;622915282;5761;168;6628;6671;8.94;0.54;260.43;4.69;867;25;2287.00;43
5765;26;622915295;5765;169;6629;6671;8.89;0.54;260.43;4.69;864;26;2288.00;42
5768;26;622915320;5768;166;6629;6671;8.93;0.54;260.51;4.69;861;26;2289.00;42
5770;26;622915333;5770;170;6633;6675;9.03;0.55;260.51;4.69;863;26;2290.00;42
5775;26;622915352;5775;169;6633;6675;9.11;0.56;260.42;4.69;858;26;2291.00;42
5779;26;622915365;5779;167;6633;6675;9.18;0.56;260.40;4.69;854;26;2292.00;42
5779;26;622915378;5779;169;6633;6675;9.32;0.57;260.40;4.69;854;26;2293.00;42
5783;26;622915390;5783;167;6633;6676;9.34;0.57;260.50;4.69;850;26;2294.00;43
5783;26;622915402;5783;170;6636;6678;9.40;0.57;260.50;4.76;853;26;2295.00;42
5788;26;622915414;5788;171;6636;6678;9.42;0.57;260.49;4.76;848;26;2296.00;42
5789;26;622915426;5789;178;6638;6679;9.50;0.58;260.50;4.82;849;26;2297.00;41
5791;26;622915442;5791;167;6638;6679;9.54;0.58;260.49;4.82;847;26;2298.00;41
5791;26;622915455;5791;162;6638;6679;9.54;0.58;260.49;4.82;847;26;2299.00;41
5793;26;622915469;5793;164;6638;6679;9.53;0.58;260.55;4.82;845;26;2300.00;41
5796;26;622915484;5796;164;6638;6679;9.56;0.58;260.69;4.82;842;26;2301.00;41
5800;26;622915496;5800;166;6638;6679;9.59;0.58;260.64;4.82;838;26;2302.00;41
5804;26;622915509;5804;168;6638;6679;9.61;0.59;260.61;4.82;834;26;2303.00;41
5808;26;622915520;5808;200;6709;6806;9.45;0.58;260.62;4.77;901;26;2304.00;97
5813;26;622915541;5813;186;6710;6807;9.47;0.58;260.57;4.77;897;26;2305.00;97
5819;26;622915553;5819;178;6715;6807;9.53;0.59;260.56;4.77;896;26;2306.00;92
5827;26;622915566;5827;178;6717;6807;9.50;0.58;260.69;4.82;890;26;2307.00;90
5829;26;622915578;5829;179;6724;6807;9.57;0.59;260.80;4.82;895;26;2308.00;83
5831;26;622915591;5831;180;6725;6807;9.63;0.59;260.79;4.82;894;26;2309.00;82
5834;26;622915604;5834;180;6729;6807;9.62;0.59;260.82;4.82;895;26;2310.00;78
5838;26;622915615;5838;185;6732;6807;9.63;0.59;260.82;4.82;894;26;2311.00;75
5839;26;622915627;5839;183;6735;6808;9.65;0.59;260.80;4.82;896;26;2312.00;73
5843;26;622915639;5843;187;6740;6809;9.50;0.58;260.75;4.83;897;26;2313.00;69
5845;26;622915651;5845;186;6744;6809;9.41;0.58;260.77;4.84;899;26;2314.00;65
5845;26;622915670;5845;192;6748;6810;9.35;0.58;260.77;4.86;903;26;2315.00;62
5852;26;622915681;5852;194;6749;6810;9.25;0.57;260.95;4.86;897;26;2316.00;61
5856;26;622915693;5856;200;6753;6810;9.11;0.56;261.01;4.86;897;26;2317.00;57
5859;26;622915704;5859;204;6755;6810;8.98;0.55;260.97;4.87;896;26;2318.00;55
5861;26;622915720;5861;206;6758;6814;8.89;0.55;261.02;4.87;897;26;2319.00;56
5865;26;622915732;5865;214;6760;6814;8.82;0.54;261.02;4.87;895;26;2320.00;54
5869;26;622915743;5869;220;6761;6814;8.72;0.54;260.93;4.87;892;26;2321.00;53
5875;26;622915754;5875;221;6763;6817;8.66;0.53;260.88;4.92;888;26;2322.00;54
5877;26;622915765;5877;226;6765;6817;8.64;0.53;260.84;4.93;888;26;2323.00;52
5881;26;622915775;5881;229;6765;6817;8.55;0.52;260.86;4.93;884;26;2324.00;52
5885;26;622915787;5885;236;6770;6821;8.48;0.52;260.87;4.93;885;26;2325.00;51
5891;26;622915798;5891;237;6772;6822;8.38;0.51;260.72;4.93;881;26;2326.00;50
5891;26;622915808;5891;239;6773;6822;8.41;0.52;260.72;4.93;882;26;2327.00;49
5894;26;622915819;5894;251;6776;6826;8.39;0.52;260.70;4.92;882;26;2328.00;50
5899;26;622915834;5899;259;6776;6826;8.36;0.51;260.63;4.92;877;26;2329.00;50
5905;26;622915845;5905;265;6776;6826;8.24;0.50;260.46;4.92;871;26;2330.00;50
5908;26;622915856;5908;270;6777;6827;8.20;0.50;260.53;4.92;869;26;2331.00;50
5909;26;622915868;5909;271;6777;6827;8.13;0.50;260.52;4.92;868;26;2332.00;50
5910;26;622915878;5910;281;6782;6833;8.11;0.50;260.51;4.92;872;26;2333.00;51
5916;26;622915890;5916;282;6782;6833;7.98;0.49;260.44;4.92;866;26;2334.00;51
5917;26;622915901;5917;289;6782;6834;7.85;0.48;260.40;4.92;865;26;2335.00;52
5919;26;622915911;5919;298;6783;6834;7.74;0.47;260.35;4.94;864;26;2336.00;51
5920;26;622915922;5920;304;6783;6834;7.60;0.46;260.37;4.94;863;26;2337.00;51
5920;26;622915932;5920;308;6783;6834;7.49;0.46;260.37;4.94;863;26;2338.00;51
5923;26;622915942;5923;313;6784;6834;7.33;0.45;260.37;4.95;861;26;2339.00;50
5925;26;622915954;5925;322;6808;6870;7.31;0.45;260.34;4.93;883;26;2340.00;62
5926;26;622915968;5926;327;6811;6870;7.18;0.44;260.32;4.95;885;26;2341.00;59
5929;26;622915978;5929;335;6815;6870;7.12;0.44;260.30;4.95;886;26;2342.00;55
5930;26;622915988;5930;342;6815;6870;7.06;0.43;260.31;4.95;885;26;2343.00;55
5931;26;622916002;5931;354;6817;6870;6.99;0.43;260.30;4.97;886;26;2344.00;53
5932;26;622916016;5932;361;6818;6870;6.96;0.42;260.33;4.97;886;26;2345.00;52
5933;26;622916031;5933;370;6823;6874;6.84;0.42;260.35;4.99;890;26;2346.00;51
5937;26;622916048;5937;365;6824;6874;6.79;0.41;260.39;4.99;887;26;2347.00;50
5938;26;622916063;5938;359;6830;6878;6.75;0.41;260.40;5.00;892;26;2348.00;48
5941;26;622916077;5941;363;6831;6879;6.68;0.41;260.37;5.00;890;26;2349.00;48
5941;26;622916103;5941;365;6833;6879;6.59;0.40;260.37;5.02;892;26;2350.00;46
5942;26;622916116;5942;367;6834;6879;6.53;0.40;260.34;5.03;892;26;2351.00;45
5942;26;622916129;5942;368;6844;6892;6.54;0.40;260.34;5.02;902;26;2352.00;48
5943;26;622916142;5943;362;6847;6892;6.51;0.40;260.30;5.04;904;26;2353.00;45
5945;26;622916153;5945;362;6847;6892;6.50;0.40;260.37;5.04;902;26;2354.00;45
5945;26;622916164;5945;361;6848;6893;6.55;0.40;260.37;5.04;903;26;2355.00;45
5946;26;622916174;5946;366;6849;6894;6.54;0.40;260.36;5.05;903;26;2356.00;45
5947;26;622916186;5947;373;6850;6894;6.54;0.40;260.35;5.06;903;26;2357.00;44
5949;26;622916198;5949;371;6852;6897;6.54;0.40;260.32;5.06;903;26;2358.00;45
5951;26;622916218;5951;365;6855;6897;6.52;0.40;260.29;5.09;904;26;2359.00;42
5951;26;622916229;5951;359;6856;6897;6.51;0.40;260.29;5.09;905;26;2360.00;41
5952;26;622916239;5952;353;6857;6897;6.52;0.40;260.25;5.10;905;26;2361.00;40
5952;26;622916250;5952;352;6863;6903;6.55;0.40;260.25;5.09;911;26;2362.00;40
5954;26;622916261;5954;349;6864;6903;6.52;0.40;260.23;5.10;910;26;2363.00;39
5954;26;622916271;5954;346;6864;6903;6.52;0.40;260.23;5.10;910;26;2364.00;39
5955;26;622916282;5955;346;6866;6903;6.44;0.39;260.20;5.12;911;26;2365.00;37
5956;26;622916292;5956;345;6869;6907;6.47;0.39;260.17;5.11;913;26;2366.00;38
5957;26;622916303;5957;344;6871;6908;6.47;0.39;260.14;5.12;914;26;2367.00;37
5959;26;622916314;5959;340;6872;6908;6.44;0.39;260.12;5.13;913;26;2368.00;36
5961;26;622916324;5961;345;6873;6909;6.48;0.39;260.15;5.13;912;26;2369.00;36
5965;26;622916337;5965;350;6875;6909;6.48;0.39;260.16;5.14;910;26;2370.00;34
5967;26;622916347;5967;357;6875;6909;6.44;0.39;260.10;5.14;908;26;2371.00;34
5970;26;622916358;5970;357;6875;6909;6.37;0.39;260.18;5.14;905;26;2372.00;34
5974;26;622916368;5974;356;6877;6909;6.27;0.38;260.25;5.15;903;26;2373.00;32
5976;26;622916378;5976;355;6877;6909;6.21;0.38;260.24;5.15;901;26;2374.00;32
5979;26;622916388;5979;354;6880;6909;6.12;0.37;260.28;5.16;901;26;2375.00;29
5980;26;622916398;5980;372;6925;6979;6.14;0.38;260.31;5.13;945;26;2376.00;54
5984;26;622916414;5984;368;6929;6980;6.10;0.37;260.34;5.13;945;26;2377.00;51
5985;26;622916425;5985;369;6933;6980;6.13;0.38;260.39;5.13;948;26;2378.00;47
5987;26;622916435;5987;363;6934;6980;6.13;0.38;260.39;5.13;947;26;2379.00;46
5990;26;622916446;5990;358;6937;6980;6.24;0.38;260.45;5.13;947;26;2380.00;43
5993;26;622916457;5993;351;6937;6980;6.25;0.38;260.52;5.13;944;26;2381.00;43
5995;26;622916469;5995;350;6941;6980;6.33;0.39;260.50;5.13;946;26;2382.00;39
5999;26;622916480;5999;345;6943;6980;6.36;0.39;260.72;5.14;944;26;2383.00;37
6003;26;622916492;6003;348;6947;6981;6.38;0.39;260.77;5.14;944;26;2384.00;34
6006;26;622916504;6006;346;6950;6983;6.46;0.39;260.78;5.14;944;26;2385.00;33
6011;26;622916516;6011;352;6952;6983;6.44;0.39;260.88;5.14;941;26;2386.00;31
6015;26;622916528;6015;350;6958;6987;6.40;0.39;261.11;5.14;943;26;2387.00;29
6017;26;622916541;6017;353;6959;6987;6.46;0.39;261.15;5.14;942;26;2388.00;28
6021;26;622916552;6021;353;6959;6987;6.48;0.39;261.30;5.14;938;26;2389.00;28
6025;26;622916564;6025;350;6960;6987;6.50;0.40;261.44;5.14;935;26;2390.00;27
6026;26;622916575;6026;349;6964;6993;6.58;0.40;261.50;5.14;938;26;2391.00;29
6031;26;622916587;6031;348;6965;6993;6.56;0.40;261.64;5.14;934;26;2392.00;28
6032;26;622916600;6032;347;6966;6993;6.56;0.40;261.61;5.19;934;26;2393.00;27
6036;26;622916613;6036;353;6969;6996;6.57;0.40;261.71;5.19;933;26;2394.00;27
6041;26;622916625;6041;341;6969;6996;6.53;0.40;261.73;5.19;928;26;2395.00;27
6043;26;622916637;6043;338;6969;6996;6.52;0.40;261.79;5.19;926;26;2396.00;27
6048;26;622916648;6048;332;6970;6997;6.55;0.40;261.74;5.19;922;26;2397.00;27
6052;26;622916660;6052;324;6971;6998;6.57;0.40;261.75;5.19;919;26;2398.00;27
6054;26;622916671;6054;322;6971;6998;6.61;0.41;261.78;5.19;917;26;2399.00;27
6059;26;622916686;6059;324;6995;7057;6.79;0.42;261.73;5.17;936;26;2400.00;62
6062;26;622916729;6062;320;6997;7057;6.83;0.42;261.74;5.17;935;26;2401.00;60
6069;26;622916742;6069;314;6999;7057;6.88;0.42;261.95;5.17;930;26;2402.00;58
6073;26;622916755;6073;316;7000;7058;6.97;0.43;261.94;5.17;927;26;2403.00;58
6074;26;622916767;6074;326;7002;7058;7.02;0.43;262.02;5.17;928;26;2404.00;56
6082;26;622916779;6082;322;7007;7062;6.95;0.43;262.44;5.17;925;26;2405.00;55
6085;26;622916792;6085;324;7009;7062;6.96;0.43;262.38;5.17;924;26;2406.00;53
6089;26;622916804;6089;318;7012;7066;7.02;0.43;262.42;5.17;923;26;2407.00;54
6092;26;622916817;6092;325;7013;7066;7.07;0.43;262.53;5.23;921;26;2408.00;53
6095;26;622916829;6095;322;7014;7066;7.11;0.43;262.62;5.23;919;26;2409.00;52
6099;26;622916841;6099;323;7015;7066;7.09;0.43;262.68;5.23;916;26;2410.00;51
6104;26;622916854;6104;317;7016;7066;7.11;0.43;262.83;5.23;912;26;2411.00;50
6106;26;622916867;6106;315;7025;7078;7.18;0.44;262.81;5.22;919;26;2412.00;53
6110;27;622916880;6110;313;7025;7078;7.19;0.44;262.92;5.22;915;27;2413.00;53
6115;27;622916912;6115;308;7026;7078;7.20;0.44;262.94;5.22;911;27;2414.00;52
6118;27;622916925;6118;306;7027;7078;7.23;0.44;262.87;5.22;909;27;2415.00;51
6122;27;622916939;6122;305;7028;7078;7.20;0.44;262.87;5.23;906;27;2416.00;50
6125;27;622916951;6125;306;7029;7078;7.19;0.44;263.00;5.23;904;27;2417.00;49
6129;27;622916963;6129;305;7031;7079;7.20;0.44;263.01;5.23;902;27;2418.00;48
6133;27;622916978;6133;307;7031;7079;7.21;0.44;263.12;5.23;898;27;2419.00;48
6138;27;622916990;6138;303;7035;7085;7.23;0.44;263.19;5.23;897;27;2420.00;50
6143;27;622917004;6143;301;7038;7086;7.22;0.44;263.21;5.23;895;27;2421.00;48
6147;27;622917017;6147;307;7038;7086;7.21;0.44;263.23;5.23;891;27;2422.00;48
6150;27;622917030;6150;305;7038;7086;7.22;0.44;263.20;5.23;888;27;2423.00;48
6151;27;622917042;6151;312;7041;7090;7.22;0.44;263.28;5.23;890;27;2424.00;49
6156;27;622917054;6156;311;7042;7090;7.17;0.44;263.48;5.23;886;27;2425.00;48
6158;27;622917066;6158;313;7043;7090;7.12;0.43;263.48;5.23;885;27;2426.00;47
6162;27;622917077;6162;298;7044;7091;7.11;0.43;263.55;5.23;882;27;2427.00;47
6165;27;622917088;6165;295;7048;7095;7.10;0.43;263.66;5.29;883;27;2428.00;47
6169;27;622917101;6169;292;7048;7095;7.09;0.43;263.88;5.29;879;27;2429.00;47
6173;27;622917115;6173;289;7052;7101;7.17;0.44;263.95;5.29;879;27;2430.00;49
6176;27;622917127;6176;281;7052;7101;7.27;0.44;264.08;5.29;876;27;2431.00;49
6179;27;622917139;6179;283;7055;7101;7.39;0.45;264.18;5.29;876;27;2432.00;46
6180;27;622917151;6180;282;7055;7101;7.54;0.46;264.18;5.29;875;27;2433.00;46
6185;27;622917163;6185;282;7059;7105;7.61;0.46;264.26;5.29;874;27;2434.00;46
6190;27;622917175;6190;282;7059;7105;7.63;0.46;264.34;5.29;869;27;2435.00;46
6190;27;622917193;6190;266;7059;7105;7.64;0.46;264.34;5.29;869;27;2436.00;46
6194;27;622917205;6194;255;7059;7105;7.64;0.46;264.43;5.29;865;27;2437.00;46
6199;27;622917217;6199;247;7060;7106;7.63;0.46;264.57;5.29;861;27;2438.00;46
6201;27;622917229;6201;238;7061;7107;7.67;0.47;264.57;5.29;860;27;2439.00;46
6203;27;622917241;6203;236;7061;7107;7.65;0.47;264.66;5.29;858;27;2440.00;46
6206;27;622917253;6206;233;7062;7108;7.70;0.47;264.70;5.29;856;27;2441.00;46
6209;27;622917265;6209;231;7062;7108;7.77;0.47;264.71;5.29;853;27;2442.00;46
6214;27;622917277;6214;230;7063;7108;7.77;0.47;264.68;5.35;849;27;2443.00;45
6217;27;622917294;6217;229;7064;7108;7.79;0.48;264.70;5.36;847;27;2444.00;44
6217;27;622917306;6217;231;7064;7108;7.83;0.48;264.70;5.36;847;27;2445.00;44
6222;27;622917317;6222;232;7064;7108;7.86;0.48;264.71;5.36;842;27;2446.00;44
6225;27;622917329;6225;228;7064;7108;7.91;0.48;264.67;5.36;839;27;2447.00;44
6228;27;622917340;6228;250;7126;7235;7.99;0.49;264.68;5.31;898;27;2448.00;109
6228;27;622917361;6228;236;7130;7236;8.04;0.50;264.68;5.31;902;27;2449.00;106
6233;27;622917374;6233;226;7137;7236;8.08;0.50;264.77;5.31;904;27;2450.00;99
6237;27;622917386;6237;227;7139;7236;8.10;0.50;264.96;5.31;902;27;2451.00;97
6238;27;622917397;6238;225;7144;7236;8.18;0.50;264.93;5.31;906;27;2452.00;92
6239;27;622917409;6239;229;7145;7236;8.24;0.51;264.96;5.31;906;27;2453.00;91
6240;27;622917421;6240;224;7151;7236;8.27;0.51;265.02;5.36;911;27;2454.00;85
6241;27;622917433;6241;226;7152;7236;8.35;0.51;265.06;5.36;911;27;2455.00;84
6244;27;622917444;6244;227;7157;7237;8.37;0.51;265.10;5.37;913;27;2456.00;80
6246;27;622917457;6246;227;7163;7238;8.40;0.52;265.07;5.42;917;27;2457.00;75
6246;27;622917469;6246;227;7166;7238;8.43;0.52;265.07;5.42;920;27;2458.00;72
6247;27;622917481;6247;224;7169;7239;8.38;0.52;265.06;5.42;922;27;2459.00;70
6247;27;622917495;6247;220;7172;7239;8.33;0.51;265.06;5.46;925;27;2460.00;67
6251;27;622917513;6251;221;7174;7239;8.28;0.51;265.09;5.46;923;27;2461.00;65
6253;27;622917526;6253;224;7179;7239;8.26;0.51;265.11;5.48;926;27;2462.00;60
6259;27;622917545;6259;233;7182;7243;8.24;0.50;265.03;5.48;923;27;2463.00;61
6262;27;622917558;6262;233;7185;7243;8.26;0.51;265.02;5.52;923;27;2464.00;58
6264;27;622917570;6264;239;7186;7243;8.29;0.51;265.00;5.52;922;27;2465.00;57
6265;27;622917583;6265;244;7187;7246;8.40;0.52;265.00;5.52;922;27;2466.00;59
6269;27;622917595;6269;242;7188;7246;8.40;0.51;265.06;5.52;919;27;2467.00;58
6271;27;622917608;6271;251;7192;7246;8.44;0.52;265.05;5.54;921;27;2468.00;54
6275;27;622917620;6275;255;7195;7250;8.51;0.52;265.17;5.54;920;27;2469.00;55
6276;27;622917634;6276;249;7200;7251;8.56;0.52;265.18;5.58;924;27;2470.00;51
6280;27;622917646;6280;251;7201;7251;8.56;0.52;265.15;5.58;921;27;2471.00;50
6283;27;622917659;6283;253;7204;7255;8.53;0.52;265.12;5.58;921;27;2472.00;51
6284;27;622917672;6284;256;7204;7255;8.58;0.52;265.09;5.58;920;27;2473.00;51
6288;27;622917684;6288;258;7204;7255;8.61;0.52;265.06;5.58;916;27;2474.00;51
6289;27;622917696;6289;258;7206;7257;8.64;0.52;265.16;5.58;917;27;2475.00;51
6293;27;622917708;6293;262;7206;7257;8.63;0.52;265.13;5.58;913;27;2476.00;51
6298;27;622917721;6298;269;7211;7263;8.59;0.52;265.10;5.58;913;27;2477.00;52
6299;27;622917733;6299;267;7211;7263;8.56;0.52;265.11;5.58;912;27;2478.00;52
6301;27;622917745;6301;267;7211;7264;8.49;0.52;265.08;5.58;910;27;2479.00;53
6303;27;622917756;6303;262;7212;7264;8.43;0.51;265.07;5.62;909;27;2480.00;52
6308;27;622917768;6308;259;7212;7264;8.37;0.51;265.04;5.62;904;27;2481.00;52
6309;27;622917778;6309;257;7212;7264;8.29;0.50;265.03;5.62;903;27;2482.00;52
6311;27;622917789;6311;254;7212;7264;8.16;0.50;265.02;5.62;901;27;2483.00;52
6314;27;622917805;6314;253;7222;7276;8.14;0.50;264.98;5.61;908;27;2484.00;54
6314;27;622917817;6314;256;7225;7276;8.06;0.49;264.98;5.64;911;27;2485.00;51
6317;27;622917828;6317;258;7225;7276;8.01;0.49;264.97;5.64;908;27;2486.00;51
6320;27;622917841;6320;263;7225;7276;7.99;0.49;264.93;5.64;905;27;2487.00;51
6322;27;622917852;6322;264;7225;7276;8.00;0.49;264.89;5.64;903;27;2488.00;51
6325;27;622917862;6325;269;7225;7276;8.01;0.49;264.82;5.64;900;27;2489.00;51
6329;27;622917874;6329;271;7228;7280;7.97;0.48;264.77;5.63;899;27;2490.00;52
6330;27;622917885;6330;265;7228;7280;7.97;0.48;264.74;5.63;898;27;2491.00;52
6335;27;622917895;6335;262;7232;7284;7.95;0.48;264.74;5.63;897;27;2492.00;52
6338;27;622917907;6338;266;7233;7285;7.90;0.48;264.66;5.63;895;27;2493.00;52
6338;27;622917918;6338;265;7234;7285;7.85;0.48;264.66;5.68;896;27;2494.00;51
6339;27;622917927;6339;272;7234;7285;7.84;0.48;264.67;5.68;895;27;2495.00;51
6342;27;622917944;6342;274;7244;7298;7.83;0.48;264.62;5.68;902;27;2496.00;54
6345;27;622917956;6345;274;7244;7298;7.81;0.47;264.66;5.68;899;27;2497.00;54
6346;27;622917968;6346;276;7244;7298;7.77;0.47;264.65;5.68;898;27;2498.00;54
6349;27;622917978;6349;267;7245;7299;7.77;0.47;264.58;5.68;896;27;2499.00;54
6353;27;622917990;6353;259;7245;7300;7.75;0.47;264.55;5.68;892;27;2500.00;55
6355;27;622918018;6355;250;7245;7300;7.76;0.47;264.56;5.68;890;27;2501.00;55
6359;27;622918036;6359;246;7249;7303;7.82;0.48;264.55;5.70;890;27;2502.00;54
6364;27;622918054;6364;250;7251;7303;7.82;0.48;264.46;5.71;887;27;2503.00;52
6365;27;622918071;6365;247;7251;7303;7.89;0.48;264.45;5.71;886;27;2504.00;52
6366;27;622918087;6366;249;7251;7303;7.94;0.48;264.44;5.71;885;27;2505.00;52
6366;27;622918112;6366;254;7257;7309;8.03;0.49;264.44;5.71;891;27;2506.00;52
6368;27;622918130;6368;254;7258;7309;8.04;0.49;264.41;5.72;890;27;2507.00;51
6368;27;622918143;6368;256;7258;7309;8.07;0.49;264.41;5.72;890;27;2508.00;51
6369;27;622918157;6369;260;7259;7309;8.06;0.49;264.42;5.72;890;27;2509.00;50
6372;27;622918169;6372;262;7264;7313;8.04;0.49;264.45;5.74;892;27;2510.00;49
6375;27;622918182;6375;265;7266;7314;8.07;0.49;264.46;5.75;891;27;2511.00;48
6376;27;622918195;6376;260;7267;7314;8.02;0.49;264.50;5.75;891;27;2512.00;47
6377;27;622918207;6377;266;7268;7315;8.01;0.49;264.47;5.75;891;27;2513.00;47
6378;27;622918221;6378;270;7269;7315;7.95;0.48;264.43;5.76;891;27;2514.00;46
6378;27;622918233;6378;274;7271;7315;7.93;0.48;264.43;5.79;893;27;2515.00;44
6381;27;622918244;6381;267;7271;7315;7.89;0.48;264.54;5.79;890;27;2516.00;44
6382;27;622918257;6382;270;7274;7315;7.90;0.48;264.56;5.82;892;27;2517.00;41
6384;27;622918269;6384;272;7274;7315;7.83;0.47;264.56;5.82;890;27;2518.00;41
6385;27;622918281;6385;273;7274;7315;7.81;0.47;264.54;5.82;889;27;2519.00;41
6387;27;622918294;6387;278;7331;7440;7.97;0.49;264.60;5.81;944;27;2520.00;109
6389;27;622918316;6389;272;7334;7441;7.93;0.49;264.58;5.80;945;27;2521.00;107
6390;27;622918328;6390;271;7350;7441;7.91;0.49;264.67;5.81;960;27;2522.00;91
6392;27;622918340;6392;273;7355;7441;7.79;0.48;264.69;5.81;963;27;2523.00;86
6395;27;622918352;6395;273;7360;7441;7.70;0.47;264.80;5.81;965;27;2524.00;81
6396;27;622918365;6396;278;7365;7441;7.61;0.47;264.79;5.82;969;27;2525.00;76
6398;27;622918377;6398;279;7370;7441;7.48;0.46;264.83;5.82;972;27;2526.00;71
6401;27;622918397;6401;286;7374;7441;7.34;0.45;264.86;5.82;973;27;2527.00;67
6403;27;622918416;6403;296;7381;7442;7.22;0.44;264.85;5.83;978;27;2528.00;61
6404;27;622918435;6404;296;7384;7443;7.12;0.44;264.93;5.83;980;27;2529.00;59
6408;27;622918449;6408;305;7388;7443;6.99;0.43;264.92;5.84;980;27;2530.00;55
6411;27;622918461;6411;307;7393;7447;6.88;0.42;264.92;5.84;982;27;2531.00;54
6412;27;622918474;6412;309;7394;7447;6.84;0.42;264.94;5.84;982;27;2532.00;53
6416;27;622918485;6416;311;7395;7447;6.80;0.42;264.92;5.84;979;27;2533.00;52
6420;27;622918497;6420;320;7398;7447;6.71;0.41;265.00;5.86;978;27;2534.00;49
6420;27;622918512;6420;324;7405;7453;6.72;0.41;265.00;5.88;985;27;2535.00;48
6422;27;622918526;6422;323;7407;7453;6.71;0.41;264.99;5.89;985;27;2536.00;46
6423;27;622918540;6423;328;7409;7455;6.67;0.41;265.00;5.89;986;27;2537.00;46
6426;27;622918553;6426;332;7413;7458;6.61;0.41;265.03;5.90;987;27;2538.00;45
6426;27;622918566;6426;338;7413;7458;6.60;0.41;265.03;5.90;987;27;2539.00;45
6429;27;622918579;6429;341;7413;7458;6.53;0.40;265.07;5.90;984;27;2540.00;45
6433;27;622918595;6433;341;7414;7459;6.48;0.40;265.08;5.90;981;27;2541.00;45
6435;27;622918608;6435;339;7417;7460;6.49;0.40;265.07;5.91;982;27;2542.00;43
6440;27;622918621;6440;339;7417;7460;6.43;0.40;265.07;5.91;977;27;2543.00;43
6445;27;622918633;6445;348;7428;7473;6.33;0.39;265.15;5.91;983;27;2544.00;45
6451;27;622918647;6451;343;7430;7473;6.22;0.38;265.11;5.92;979;27;2545.00;43
6452;27;622918660;6452;339;7431;7473;6.15;0.38;265.19;5.92;979;27;2546.00;42
6457;27;622918673;6457;340;7431;7474;6.08;0.37;265.19;5.92;974;27;2547.00;43
6461;27;622918685;6461;351;7433;7474;5.98;0.37;265.20;5.92;972;27;2548.00;41
6464;27;622918698;6464;354;7437;7478;5.97;0.37;265.29;5.93;973;27;2549.00;41
6467;27;622918712;6467;347;7441;7481;5.93;0.37;265.44;5.93;974;27;2550.00;40
6469;27;622918726;6469;345;7447;7485;5.92;0.37;265.54;5.93;978;27;2551.00;38
6474;27;622918741;6474;335;7447;7485;5.98;0.37;265.71;5.93;973;27;2552.00;38
6480;27;622918754;6480;331;7448;7485;5.98;0.37;265.77;5.93;968;27;2553.00;37
6481;27;622918767;6481;326;7449;7485;6.02;0.37;265.82;5.94;968;27;2554.00;36
6483;27;622918780;6483;329;7449;7485;6.08;0.38;265.83;5.94;966;27;2555.00;36
6485;27;622918793;6485;327;7460;7497;6.22;0.39;265.89;5.93;975;27;2556.00;37
6492;27;622918807;6492;317;7461;7497;6.23;0.39;266.00;5.93;969;27;2557.00;36
6496;27;622918821;6496;318;7461;7497;6.31;0.39;266.02;5.93;965;27;2558.00;36
6500;27;622918835;6500;317;7462;7497;6.39;0.40;266.23;5.93;962;27;2559.00;35
6504;27;622918848;6504;309;7462;7497;6.43;0.40;266.34;5.93;958;27;2560.00;35
6507;27;622918861;6507;310;7463;7497;6.47;0.40;266.37;5.98;956;27;2561.00;34
6509;27;622918874;6509;306;7463;7498;6.53;0.41;266.41;5.98;954;27;2562.00;35
6511;27;622918888;6511;301;7463;7498;6.62;0.41;266.42;5.98;952;27;2563.00;35
6517;27;622918901;6517;299;7468;7504;6.72;0.42;266.52;5.98;951;27;2564.00;36
6523;27;622918925;6523;295;7470;7506;6.80;0.42;266.63;5.98;947;27;2565.00;36
6527;27;622918940;6527;294;7470;7506;6.86;0.42;266.57;5.98;943;27;2566.00;36
6532;27;622918956;6532;298;7470;7506;6.94;0.43;266.56;5.98;938;27;2567.00;36
6538;27;622918970;6538;298;7473;7510;7.04;0.43;266.68;5.97;935;27;2568.00;37
6542;27;622918984;6542;299;7473;7510;7.12;0.44;266.68;5.97;931;27;2569.00;37
6545;27;622918998;6545;298;7473;7510;7.17;0.44;266.72;5.97;928;27;2570.00;37
6548;27;622919013;6548;293;7474;7511;7.19;0.44;266.85;5.97;926;27;2571.00;37
6552;27;622919027;6552;297;7477;7515;7.25;0.45;266.80;5.97;925;27;2572.00;38
6556;27;622919042;6556;303;7477;7515;7.29;0.45;266.88;5.97;921;27;2573.00;38
6564;27;622919057;6564;299;7479;7518;7.30;0.45;266.92;5.97;915;27;2574.00;39
6567;27;622919071;6567;297;7479;7518;7.31;0.45;267.00;5.97;912;27;2575.00;39
6573;27;622919086;6573;290;7480;7518;7.30;0.45;266.97;5.97;907;27;2576.00;38
6580;27;622919100;6580;290;7481;7518;7.27;0.45;266.95;6.02;901;27;2577.00;37
6580;27;622919112;6580;290;7485;7522;7.30;0.45;266.95;6.02;905;27;2578.00;37
6586;27;622919124;6586;291;7485;7522;7.27;0.44;267.10;6.02;899;27;2579.00;37
6591;27;622919137;6591;295;7485;7522;7.24;0.44;267.11;6.02;894;27;2580.00;37
6593;27;622919149;6593;294;7485;7522;7.24;0.44;267.21;6.02;892;27;2581.00;37
6600;27;622919161;6600;293;7485;7523;7.16;0.44;267.29;6.02;885;27;2582.00;38
6604;27;622919173;6604;290;7486;7524;7.20;0.44;267.24;6.02;882;27;2583.00;38
6609;27;622919185;6609;294;7486;7524;7.17;0.44;267.30;6.02;877;27;2584.00;38
6612;27;622919196;6612;292;7487;7525;7.14;0.43;267.33;6.02;875;27;2585.00;38
6615;27;622919209;6615;294;7487;7525;7.10;0.43;267.40;6.02;872;27;2586.00;38
6621;27;622919221;6621;298;7487;7525;7.12;0.43;267.49;6.02;866;27;2587.00;38
6626;27;622919232;6626;303;7487;7525;7.10;0.43;267.51;6.02;861;27;2588.00;38
6629;27;622919244;6629;306;7487;7525;7.11;0.43;267.56;6.02;858;27;2589.00;38
6632;27;622919255;6632;305;7487;7525;7.10;0.43;267.63;6.02;855;27;2590.00;38
6634;27;622919267;6634;304;7487;7525;7.01;0.43;267.61;6.02;853;27;2591.00;38
6639;27;622919278;6639;326;7556;7652;7.14;0.44;267.56;6.02;917;27;2592.00;96
6644;27;622919299;6644;319;7560;7653;7.06;0.44;267.64;6.02;916;27;2593.00;93
6645;27;622919310;6645;322;7566;7653;7.14;0.44;267.64;6.02;921;27;2594.00;87
6647;27;622919323;6647;319;7566;7653;7.09;0.44;267.66;6.02;919;27;2595.00;87
6651;27;622919334;6651;321;7572;7653;7.10;0.44;267.65;6.02;921;27;2596.00;81
6654;27;622919346;6654;304;7573;7653;7.09;0.44;267.82;6.02;919;27;2597.00;80
6656;27;622919359;6656;303;7576;7653;7.09;0.44;267.89;6.02;920;27;2598.00;77
6659;27;622919370;6659;304;7580;7653;7.09;0.44;267.92;6.02;921;27;2599.00;73
6660;27;622919384;6660;296;7584;7654;7.18;0.44;267.95;6.02;924;27;2600.00;70
6664;27;622919401;6664;298;7589;7655;7.24;0.44;268.03;6.02;925;27;2601.00;66
6666;27;622919416;6666;293;7592;7655;7.20;0.44;268.05;6.08;926;27;2602.00;63
6668;27;622919429;6668;296;7595;7656;7.16;0.44;268.04;6.08;927;27;2603.00;61
6671;27;622919443;6671;295;7598;7656;7.10;0.44;268.07;6.08;927;27;2604.00;58
6674;27;622919457;6674;303;7600;7656;7.04;0.43;268.03;6.08;926;27;2605.00;56
6674;27;622919477;6674;303;7602;7656;7.02;0.43;268.03;6.08;928;27;2606.00;54
6679;27;622919492;6679;294;7607;7660;6.99;0.43;268.17;6.08;928;27;2607.00;53
6683;27;622919506;6683;296;7608;7660;6.94;0.42;268.28;6.08;925;27;2608.00;52
6687;27;622919519;6687;293;7609;7660;6.94;0.42;268.30;6.09;922;27;2609.00;51
6690;27;622919534;6690;296;7613;7666;7.02;0.43;268.27;6.08;923;27;2610.00;53
6691;27;622919547;6691;298;7613;7666;7.05;0.43;268.26;6.08;922;27;2611.00;53
6694;27;622919566;6694;294;7616;7666;7.06;0.43;268.33;6.09;922;27;2612.00;50
6697;27;622919579;6697;289;7619;7670;7.18;0.44;268.35;6.08;922;27;2613.00;51
6700;27;622919593;6700;289;7622;7671;7.29;0.45;268.38;6.09;922;27;2614.00;49
6703;27;622919606;6703;286;7622;7671;7.34;0.45;268.37;6.09;919;27;2615.00;49
6706;27;622919619;6706;287;7625;7675;7.34;0.45;268.40;6.08;919;27;2616.00;50
6710;27;622919632;6710;293;7625;7675;7.29;0.44;268.31;6.08;915;27;2617.00;50
6712;27;622919646;6712;289;7626;7675;7.31;0.44;268.25;6.08;914;27;2618.00;49
6713;27;622919658;6713;290;7628;7676;7.27;0.44;268.30;6.14;915;27;2619.00;48
6713;27;622919670;6713;287;7628;7676;7.26;0.44;268.30;6.14;915;27;2620.00;48
6714;27;622919682;6714;288;7633;7682;7.28;0.44;268.34;6.14;919;27;2621.00;49
6715;27;622919695;6715;297;7633;7682;7.31;0.45;268.35;6.14;918;27;2622.00;49
6718;27;622919706;6718;299;7633;7683;7.28;0.44;268.33;6.14;915;27;2623.00;50
6721;27;622919718;6721;296;7633;7683;7.28;0.44;268.27;6.14;912;27;2624.00;50
6724;27;622919730;6724;301;7633;7683;7.26;0.44;268.33;6.14;909;27;2625.00;50
6730;27;622919741;6730;299;7633;7683;7.24;0.44;268.21;6.14;903;27;2626.00;50
6732;27;622919753;6732;298;7633;7683;7.22;0.44;268.25;6.14;901;27;2627.00;50
6734;27;622919764;6734;300;7643;7695;7.28;0.44;268.23;6.13;909;27;2628.00;52
6738;27;622919776;6738;299;7643;7695;7.27;0.44;268.18;6.13;905;27;2629.00;52
6739;27;622919794;6739;298;7644;7695;7.28;0.44;268.25;6.13;905;27;2630.00;51
6741;27;622919805;6741;300;7644;7695;7.33;0.44;268.23;6.13;903;27;2631.00;51
6742;27;622919817;6742;301;7644;7695;7.32;0.45;268.20;6.13;902;27;2632.00;51
6743;27;622919828;6743;296;7644;7695;7.36;0.45;268.17;6.13;901;27;2633.00;51
6745;27;622919839;6745;304;7648;7699;7.36;0.45;268.13;6.19;903;27;2634.00;51
6749;27;622919856;6749;303;7648;7699;7.30;0.44;268.16;6.19;899;27;2635.00;51
6750;27;622919867;6750;306;7652;7703;7.32;0.45;268.17;6.19;902;27;2636.00;51
6751;27;622919878;6751;305;7653;7704;7.36;0.45;268.14;6.19;902;27;2637.00;51
6752;27;622919889;6752;307;7654;7704;7.35;0.45;268.10;6.25;902;27;2638.00;50
6755;27;622919901;6755;309;7654;7704;7.38;0.45;268.04;6.25;899;27;2639.00;50
6757;27;622919914;6757;316;7677;7733;7.42;0.45;268.02;6.23;920;27;2640.00;56
6761;27;622919927;6761;313;7677;7733;7.48;0.46;268.04;6.23;916;27;2641.00;56
6762;27;622919939;6762;317;7679;7733;7.60;0.46;268.03;6.23;917;27;2642.00;54
6763;27;622919950;6763;318;7680;7734;7.74;0.47;267.99;6.23;917;27;2643.00;54
6766;27;622919961;6766;317;7680;7735;7.78;0.47;267.99;6.23;914;27;2644.00;55
6766;27;622919972;6766;323;7680;7735;7.82;0.48;267.99;6.23;914;27;2645.00;55
6770;27;622919984;6770;322;7682;7738;7.83;0.48;268.08;6.23;912;27;2646.00;56
6770;27;622919995;6770;323;7682;7738;7.87;0.48;268.08;6.23;912;27;2647.00;56
6772;27;622920016;6772;324;7683;7738;7.89;0.48;268.10;6.23;911;27;2648.00;55
6776;27;622920034;6776;323;7683;7738;7.86;0.48;268.10;6.23;907;27;2649.00;55
6778;27;622920052;6778;322;7688;7744;7.82;0.47;268.09;6.22;910;27;2650.00;56
6780;27;622920071;6780;313;7688;7744;7.83;0.48;268.08;6.22;908;27;2651.00;56
6783;27;622920088;6783;299;7688;7744;7.77;0.47;268.05;6.22;905;27;2652.00;56
6783;27;622920104;6783;292;7688;7744;7.71;0.47;268.05;6.22;905;27;2653.00;56
6784;27;622920120;6784;281;7692;7748;7.67;0.47;268.03;6.28;908;27;2654.00;56
6785;27;622920134;6785;281;7695;7750;7.70;0.47;268.00;6.29;910;27;2655.00;55
6788;27;622920157;6788;281;7695;7750;7.74;0.47;267.97;6.29;907;27;2656.00;55
6790;27;622920170;6790;281;7696;7751;7.82;0.48;267.96;6.29;906;27;2657.00;55
6791;27;622920204;6791;286;7696;7751;7.89;0.48;267.94;6.29;905;27;2658.00;55
6794;27;622920218;6794;277;7696;7751;7.96;0.49;267.90;6.29;902;27;2659.00;55
6795;27;622920231;6795;273;7697;7751;8.06;0.49;267.89;6.31;902;27;2660.00;54
6797;27;622920244;6797;272;7697;7751;8.07;0.49;267.87;6.31;900;27;2661.00;54
6801;27;622920265;6801;269;7697;7751;8.03;0.49;267.85;6.31;896;27;2662.00;54
6802;27;622920278;6802;265;7697;7751;8.07;0.49;267.86;6.31;895;27;2663.00;54
6806;27;622920290;6806;272;7732;7821;8.16;0.50;267.78;6.28;926;27;2664.00;89
6809;27;622920308;6809;270;7734;7822;8.16;0.50;267.71;6.28;925;27;2665.00;88
6809;27;622920321;6809;265;7741;7822;8.21;0.50;267.71;6.27;932;27;2666.00;81
6812;27;622920334;6812;270;7747;7822;8.15;0.50;267.75;6.27;935;27;2667.00;75
6815;27;622920349;6815;273;7751;7822;8.15;0.49;267.72;6.27;936;27;2668.00;71
6818;27;622920363;6818;269;7754;7822;8.17;0.50;267.76;6.27;936;27;2669.00;68
6820;27;622920379;6820;271;7757;7822;8.24;0.50;267.72;6.27;937;27;2670.00;65
6822;27;622920395;6822;269;7759;7822;8.25;0.50;267.70;6.27;937;27;2671.00;63
6825;27;622920410;6825;268;7761;7823;8.24;0.50;267.73;6.27;936;27;2672.00;62
6829;27;622920427;6829;268;7763;7824;8.23;0.50;267.72;6.27;934;27;2673.00;61
6831;27;622920443;6831;263;7764;7824;8.23;0.50;267.67;6.27;933;27;2674.00;60
6833;27;622920458;6833;268;7768;7828;8.25;0.50;267.63;6.27;935;27;2675.00;60
6835;27;622920475;6835;265;7769;7828;8.26;0.50;267.59;6.28;934;27;2676.00;59
6839;27;622920491;6839;265;7769;7828;8.22;0.50;267.62;6.28;930;27;2677.00;59
6840;27;622920510;6840;271;7769;7828;8.15;0.49;267.61;6.28;929;27;2678.00;59
6840;27;622920526;6840;277;7775;7834;8.20;0.50;267.61;6.28;935;27;2679.00;59
6842;27;622920544;6842;279;7776;7834;8.16;0.50;267.59;6.30;934;27;2680.00;58
6847;27;622920561;6847;280;7776;7834;8.09;0.49;267.62;6.30;929;27;2681.00;58
6847;27;622920578;6847;288;7779;7837;8.12;0.49;267.62;6.30;932;27;2682.00;58
6849;27;622920602;6849;287;7780;7837;8.11;0.49;267.66;6.30;931;27;2683.00;57
6851;27;622920620;6851;295;7782;7837;8.08;0.49;267.73;6.32;931;27;2684.00;55
6853;27;622920636;6853;296;7782;7838;8.05;0.49;267.69;6.32;929;27;2685.00;56
6856;27;622920651;6856;303;7784;7839;8.01;0.49;267.73;6.33;928;27;2686.00;55
6857;27;622920664;6857;304;7785;7839;7.91;0.48;267.69;6.34;928;27;2687.00;54
6858;27;622920688;6858;312;7796;7852;7.88;0.48;267.74;6.34;938;27;2688.00;56
6861;27;622920703;6861;314;7796;7852;7.79;0.47;267.69;6.34;935;27;2689.00;56
6862;27;622920717;6862;315;7799;7852;7.74;0.47;267.72;6.36;937;27;2690.00;53
6865;27;622920731;6865;325;7801;7853;7.66;0.47;267.77;6.37;936;27;2691.00;52
6868;27;622920745;6868;329;7801;7853;7.57;0.46;267.75;6.37;933;27;2692.00;52
6869;27;622920759;6869;332;7806;7857;7.53;0.46;267.81;6.38;937;27;2693.00;51
6871;27;622920773;6871;335;7807;7857;7.50;0.46;267.78;6.39;936;27;2694.00;50
6872;27;622920805;6872;334;7811;7861;7.44;0.45;267.78;6.40;939;27;2695.00;50
6873;27;622920819;6873;337;7811;7861;7.36;0.45;267.84;6.40;938;27;2696.00;50
6877;27;622920830;6877;341;7811;7861;7.23;0.44;267.89;6.40;934;27;2697.00;50
6878;27;622920844;6878;340;7814;7861;7.11;0.43;267.91;6.44;936;27;2698.00;47
6880;27;622920855;6880;337;7814;7861;7.01;0.43;267.93;6.44;934;27;2699.00;47
6882;27;622920872;6882;333;7841;7910;7.09;0.43;267.93;6.41;959;27;2700.00;69
6884;27;622920894;6884;326;7842;7910;7.08;0.43;267.97;6.42;958;27;2701.00;68
6884;27;622920906;6884;330;7847;7910;7.04;0.43;267.97;6.42;963;27;2702.00;63
6886;27;622920919;6886;330;7848;7910;7.05;0.43;267.92;6.43;962;27;2703.00;62
6888;27;622920932;6888;333;7850;7910;6.97;0.43;268.03;6.43;962;27;2704.00;60
6891;27;622920945;6891;328;7851;7910;6.95;0.43;268.05;6.44;960;27;2705.00;59
6893;27;622920957;6893;325;7852;7911;6.99;0.43;268.18;6.44;959;27;2706.00;59
6894;27;622920970;6894;326;7855;7911;7.02;0.43;268.20;6.47;961;27;2707.00;56
6899;27;622920982;6899;330;7861;7917;7.06;0.43;268.30;6.46;962;27;2708.00;56
6900;27;622920995;6900;333;7863;7918;7.11;0.44;268.32;6.46;963;27;2709.00;55
6904;27;622921008;6904;335;7864;7918;7.07;0.43;268.30;6.47;960;27;2710.00;54
6907;27;622921022;6907;337;7864;7918;7.06;0.43;268.39;6.47;957;27;2711.00;54
6912;27;622921036;6912;340;7869;7922;6.98;0.43;268.41;6.48;957;27;2712.00;53
6913;27;622921048;6913;346;7869;7922;6.99;0.43;268.47;6.48;956;27;2713.00;53
6918;27;622921059;6918;347;7873;7922;6.90;0.42;268.46;6.50;955;27;2714.00;49
6923;27;622921070;6923;355;7874;7923;6.83;0.42;268.45;6.50;951;27;2715.00;49
6926;27;622921081;6926;352;7877;7927;6.75;0.41;268.49;6.49;951;27;2716.00;50
6928;27;622921093;6928;358;7879;7927;6.68;0.41;268.55;6.50;951;27;2717.00;48
6932;27;622921104;6932;366;7884;7930;6.63;0.41;268.56;6.51;952;27;2718.00;46
6935;27;622921116;6935;365;7885;7930;6.57;0.40;268.59;6.51;950;27;2719.00;45
6939;27;622921127;6939;362;7886;7930;6.54;0.40;268.58;6.51;947;27;2720.00;44
6945;27;622921139;6945;353;7887;7930;6.42;0.39;268.69;6.51;942;27;2721.00;43
6948;27;622921151;6948;356;7890;7934;6.40;0.39;268.77;6.51;942;27;2722.00;44
6950;27;622921168;6950;354;7894;7934;6.30;0.39;268.84;6.52;944;27;2723.00;40
6953;27;622921180;6953;349;7894;7934;6.31;0.39;268.96;6.52;941;27;2724.00;40
6957;27;622921191;6957;356;7896;7934;6.23;0.38;269.02;6.52;939;27;2725.00;38
6960;27;622921202;6960;359;7896;7935;6.16;0.38;269.02;6.52;936;27;2726.00;39
6965;27;622921213;6965;358;7897;7936;6.14;0.38;269.16;6.52;932;27;2727.00;39
6969;27;622921225;6969;356;7899;7936;6.12;0.38;269.12;6.52;930;27;2728.00;37
6974;27;622921236;6974;348;7901;7937;6.09;0.37;269.33;6.53;927;27;2729.00;36
6977;27;622921250;6977;345;7901;7937;6.05;0.37;269.34;6.53;924;27;2730.00;36
6978;27;622921260;6978;349;7902;7937;6.03;0.37;269.35;6.53;924;27;2731.00;35
6982;27;622921271;6982;346;7904;7937;6.03;0.37;269.38;6.53;922;27;2732.00;33
6988;27;622921281;6988;350;7904;7937;6.00;0.37;269.62;6.53;916;27;2733.00;33
6991;27;622921292;6991;352;7904;7937;6.08;0.37;269.62;6.53;913;27;2734.00;33
6996;27;622921303;6996;358;7904;7937;6.11;0.37;269.74;6.53;908;27;2735.00;33
7001;27;622921313;7001;372;7970;8064;6.33;0.39;269.77;6.48;969;27;2736.00;94
7006;27;622921332;7006;366;7976;8065;6.30;0.39;269.84;6.48;970;27;2737.00;89
7010;27;622921343;7010;362;7982;8065;6.30;0.39;269.85;6.55;972;27;2738.00;83
7015;27;622921354;7015;363;7987;8065;6.28;0.39;270.00;6.55;972;27;2739.00;78
7020;27;622921365;7020;364;7992;8065;6.36;0.39;270.06;6.54;972;27;2740.00;73
7023;27;622921375;7023;373;7992;8065;6.37;0.40;270.13;6.54;969;27;2741.00;73
7028;27;622921386;7028;367;7995;8065;6.34;0.39;270.13;6.54;967;27;2742.00;70
7034;27;622921397;7034;367;7998;8065;6.29;0.39;270.12;6.54;964;27;2743.00;67
7037;27;622921408;7037;370;8000;8066;6.23;0.39;270.23;6.54;963;27;2744.00;66
7040;27;622921418;7040;370;8002;8068;6.22;0.38;270.30;6.54;962;27;2745.00;66
7047;27;622921429;7047;370;8005;8068;6.14;0.38;270.37;6.54;958;27;2746.00;63
7050;27;622921440;7050;376;8007;8069;6.14;0.38;270.50;6.55;957;27;2747.00;62
7056;27;622921451;7056;378;8011;8069;6.15;0.38;270.59;6.55;955;27;2748.00;58
7061;27;622921462;7061;381;8013;8069;6.10;0.38;270.59;6.55;952;27;2749.00;56
7065;27;622921473;7065;381;8016;8069;6.11;0.38;270.64;6.55;951;27;2750.00;53
7073;27;622921484;7073;386;8019;8073;6.11;0.38;270.69;6.55;946;27;2751.00;54
7077;27;622921495;7077;390;8021;8073;6.19;0.38;270.73;6.55;944;27;2752.00;52
7083;27;622921508;7083;393;8023;8073;6.18;0.38;270.86;6.56;940;27;2753.00;50
7088;27;622921519;7088;394;8025;8076;6.18;0.38;270.95;6.56;937;27;2754.00;51
7093;27;622921530;7093;399;8028;8076;6.13;0.38;270.90;6.56;935;27;2755.00;48
7096;27;622921542;7096;405;8029;8076;6.12;0.38;270.90;6.56;933;27;2756.00;47
7101;27;622921553;7101;415;8033;8080;6.11;0.37;270.96;6.56;932;27;2757.00;47
7101;27;622921564;7101;419;8035;8081;6.11;0.37;270.96;6.56;934;27;2758.00;46
7106;27;622921575;7106;423;8036;8081;6.13;0.38;271.03;6.56;930;27;2759.00;45
7109;27;622921588;7109;422;8040;8086;6.13;0.38;271.12;6.56;931;27;2760.00;46
7111;27;622921600;7111;422;8042;8086;6.13;0.38;271.13;6.56;931;27;2761.00;44
7113;27;622921610;7113;433;8042;8086;6.01;0.37;271.21;6.56;929;27;2762.00;44
7119;27;622921621;7119;433;8043;8087;5.90;0.36;271.18;6.56;924;27;2763.00;44
7121;27;622921632;7121;441;8043;8087;5.85;0.36;271.14;6.56;922;27;2764.00;44
7122;27;622921642;7122;442;8048;8093;5.84;0.36;271.18;6.55;926;27;2765.00;45
7123;27;622921655;7123;437;8048;8093;5.77;0.35;271.19;6.55;925;27;2766.00;45
7125;27;622921666;7125;425;8048;8094;5.74;0.35;271.20;6.55;923;27;2767.00;46
7128;27;622921677;7128;424;8048;8094;5.73;0.35;271.19;6.55;920;27;2768.00;46
7132;27;622921687;7132;421;8048;8094;5.69;0.35;271.20;6.55;916;27;2769.00;46
7133;27;622921698;7133;421;8048;8094;5.71;0.35;271.24;6.55;915;27;2770.00;46
7138;27;622921708;7138;419;8048;8094;5.66;0.35;271.26;6.55;910;27;2771.00;46
7140;27;622921719;7140;419;8057;8106;5.76;0.35;271.24;6.55;917;27;2772.00;49
7141;27;622921730;7141;417;8058;8106;5.79;0.35;271.24;6.55;917;27;2773.00;48
7144;27;622921741;7144;424;8059;8106;5.83;0.35;271.31;6.55;915;27;2774.00;47
7145;27;622921752;7145;426;8059;8106;5.83;0.35;271.31;6.55;914;27;2775.00;47
7145;27;622921768;7145;409;8059;8106;5.92;0.36;271.31;6.55;914;27;2776.00;47
7149;27;622921779;7149;397;8059;8106;5.95;0.36;271.30;6.55;910;27;2777.00;47
7149;27;622921790;7149;389;8062;8110;6.05;0.37;271.30;6.54;913;27;2778.00;48
7149;27;622921802;7149;376;8062;8110;6.13;0.37;271.30;6.54;913;27;2779.00;48
7153;27;622921813;7153;373;8066;8114;6.17;0.38;271.21;6.54;913;27;2780.00;48
7153;27;622921825;7153;368;8067;8115;6.27;0.38;271.21;6.54;914;27;2781.00;48
7153;27;622921836;7153;360;8067;8115;6.32;0.39;271.21;6.54;914;27;2782.00;48
7155;27;622921848;7155;351;8068;8115;6.37;0.39;271.19;6.62;913;27;2783.00;47
7157;27;622921859;7157;352;8079;8128;6.49;0.40;271.17;6.61;922;27;2784.00;49
7160;27;622921871;7160;351;8079;8128;6.53;0.40;271.11;6.61;919;27;2785.00;49
7161;27;622921882;7161;349;8079;8128;6.64;0.40;271.07;6.61;918;27;2786.00;49
7164;27;622921894;7164;348;8080;8129;6.74;0.41;271.06;6.61;916;27;2787.00;49
7167;27;622921905;7167;347;8080;8130;6.80;0.41;270.98;6.61;913;27;2788.00;50
7169;27;622921916;7169;344;8080;8130;6.88;0.42;270.96;6.61;911;27;2789.00;50
7172;27;622921929;7172;344;8084;8136;6.96;0.42;271.02;6.60;912;27;2790.00;52
7174;27;622921942;7174;334;8084;8136;7.02;0.43;270.96;6.60;910;27;2791.00;52
7175;27;622921953;7175;331;8086;8136;7.13;0.43;270.94;6.60;911;27;2792.00;50
7175;27;622921964;7175;326;8086;8136;7.21;0.44;270.94;6.60;911;27;2793.00;50
7176;27;622921976;7176;325;8091;8142;7.28;0.44;270.98;6.60;915;27;2794.00;51
7177;27;622921987;7177;319;8091;8142;7.30;0.44;270.95;6.60;914;27;2795.00;51
7178;27;622921999;7178;321;8091;8142;7.29;0.44;270.96;6.60;913;27;2796.00;51
7180;27;622922018;7180;314;8091;8142;7.31;0.44;270.97;6.60;911;27;2797.00;51
7182;27;622922037;7182;314;8094;8146;7.36;0.44;270.97;6.60;912;27;2798.00;52
7185;27;622922065;7185;315;8095;8147;7.39;0.45;270.92;6.60;910;27;2799.00;52
7187;27;622922084;7187;306;8095;8147;7.41;0.45;270.89;6.60;908;27;2800.00;52
7187;27;622922108;7187;307;8096;8148;7.47;0.45;270.89;6.60;909;27;2801.00;52
7189;27;622922125;7189;306;8096;8148;7.47;0.45;270.88;6.60;907;27;2802.00;52
7191;27;622922141;7191;289;8096;8148;7.45;0.45;270.87;6.60;905;27;2803.00;52
7191;27;622922155;7191;281;8096;8148;7.49;0.45;270.87;6.60;905;27;2804.00;52
7191;27;622922174;7191;269;8096;8148;7.55;0.46;270.87;6.60;905;27;2805.00;52
7191;27;622922186;7191;264;8097;8148;7.62;0.46;270.87;6.67;906;27;2806.00;51
7194;27;622922201;7194;264;8097;8148;7.66;0.46;270.86;6.67;903;27;2807.00;51
7194;27;622922214;7194;270;8135;8218;7.69;0.47;270.86;6.63;941;27;2808.00;83
7195;27;622922234;7195;253;8135;8219;7.78;0.47;270.86;6.63;940;27;2809.00;84
7197;27;622922246;7197;244;8142;8219;7.97;0.48;270.86;6.63;945;27;2810.00;77
7199;27;622922258;7199;238;8144;8219;8.05;0.49;270.86;6.63;945;27;2811.00;75
7200;27;622922271;7200;228;8146;8219;8.13;0.49;270.85;6.63;946;27;2812.00;73
7200;27;622922284;7200;223;8147;8219;8.15;0.50;270.85;6.63;947;27;2813.00;72
7201;27;622922310;7201;222;8149;8219;8.21;0.50;270.86;6.63;948;27;2814.00;70
7203;27;622922322;7203;218;8151;8219;8.27;0.50;270.85;6.63;948;27;2815.00;68
7203;27;622922335;7203;218;8155;8220;8.32;0.50;270.85;6.69;952;27;2816.00;65
7204;27;622922348;7204;213;8156;8221;8.33;0.51;270.84;6.69;952;27;2817.00;65
7207;27;622922361;7207;211;8158;8221;8.32;0.50;270.85;6.69;951;27;2818.00;63
7211;27;622922374;7211;214;8163;8225;8.31;0.50;270.85;6.75;952;27;2819.00;62
7212;27;622922389;7212;211;8166;8225;8.34;0.51;270.83;6.75;954;27;2820.00;59
7213;27;622922401;7213;211;8167;8225;8.35;0.51;270.82;6.81;954;27;2821.00;58
7215;27;622922420;7215;207;8169;8225;8.40;0.51;270.79;6.81;954;27;2822.00;56
7215;27;622922432;7215;206;8175;8231;8.42;0.51;270.79;6.81;960;27;2823.00;56
7216;27;622922445;7216;209;8177;8231;8.40;0.51;270.79;6.87;961;27;2824.00;54
7216;27;622922457;7216;207;8177;8231;8.39;0.51;270.79;6.87;961;27;2825.00;54
7219;27;622922470;7219;214;8181;8234;8.39;0.51;270.76;6.89;962;27;2826.00;53
7221;27;622922484;7221;213;8182;8234;8.43;0.51;270.75;6.94;961;27;2827.00;52
7224;27;622922496;7224;216;8183;8234;8.45;0.51;270.76;6.94;959;27;2828.00;51
7227;27;622922509;7227;216;8184;8235;8.40;0.51;270.80;6.99;957;27;2829.00;51
7229;27;622922522;7229;216;8185;8236;8.36;0.51;270.78;6.99;956;27;2830.00;51
7232;27;622922535;7232;217;8185;8236;8.32;0.50;270.83;6.99;953;27;2831.00;51
7236;27;622922548;7236;221;8195;8249;8.31;0.50;270.92;6.98;959;27;2832.00;54
7239;27;622922561;7239;222;8196;8249;8.33;0.51;270.94;6.98;957;27;2833.00;53
7245;27;622922573;7245;219;8196;8249;8.31;0.50;270.81;6.98;951;27;2834.00;53
7248;27;622922586;7248;226;8198;8251;8.31;0.50;270.81;6.98;950;27;2835.00;53
7250;27;622922599;7250;227;8198;8251;8.39;0.51;270.82;6.98;948;27;2836.00;53
7252;27;622922617;7252;229;8202;8255;8.49;0.51;270.88;6.98;950;27;2837.00;53
7254;27;622922630;7254;234;8202;8255;8.55;0.52;270.89;6.98;948;27;2838.00;53
7256;27;622922642;7256;237;8205;8259;8.54;0.52;270.90;6.98;949;27;2839.00;54
7256;27;622922656;7256;241;8205;8259;8.54;0.52;270.90;6.98;949;27;2840.00;54
7260;27;622922668;7260;248;8205;8259;8.54;0.52;271.01;6.98;945;27;2841.00;54
7261;27;622922680;7261;247;8205;8259;8.50;0.52;271.02;6.98;944;27;2842.00;54
7264;27;622922692;7264;247;8205;8259;8.46;0.51;271.04;6.98;941;27;2843.00;54
7266;27;622922704;7266;248;8215;8271;8.50;0.52;271.11;6.97;949;27;2844.00;56
7269;27;622922717;7269;254;8216;8271;8.45;0.51;271.12;6.97;947;27;2845.00;55
7272;27;622922729;7272;253;8216;8271;8.48;0.51;271.13;6.97;944;27;2846.00;55
7275;27;622922742;7275;256;8216;8271;8.40;0.51;271.19;6.97;941;27;2847.00;55
7278;27;622922754;7278;263;8216;8271;8.36;0.51;271.27;6.97;938;27;2848.00;55
7280;27;622922766;7280;262;8217;8271;8.33;0.51;271.28;6.98;937;27;2849.00;54
7282;27;622922780;7282;271;8220;8274;8.31;0.51;271.28;6.99;938;27;2850.00;54
7283;27;622922792;7283;276;8220;8274;8.30;0.51;271.29;6.99;937;27;2851.00;54
7285;27;622922812;7285;281;8226;8280;8.33;0.51;271.26;7.00;941;27;2852.00;54
7287;27;622922825;7287;282;8228;8281;8.29;0.51;271.31;7.01;941;27;2853.00;53
7291;27;622922837;7291;278;8228;8281;8.17;0.50;271.41;7.01;937;27;2854.00;53
7294;27;622922849;7294;283;8229;8281;8.07;0.49;271.34;7.03;935;27;2855.00;52
7298;27;622922861;7298;289;8234;8285;8.04;0.49;271.46;7.05;936;27;2856.00;51
7300;27;622922873;7300;292;8234;8285;8.01;0.49;271.49;7.05;934;27;2857.00;51
7303;27;622922885;7303;298;8235;8285;7.96;0.48;271.53;7.06;932;27;2858.00;50
7308;27;622922896;7308;300;8237;8286;7.91;0.48;271.61;7.07;929;27;2859.00;49
7309;27;622922908;7309;307;8242;8290;7.93;0.48;271.69;7.09;933;27;2860.00;48
7311;27;622922920;7311;307;8242;8290;7.93;0.48;271.68;7.09;931;27;2861.00;48
7313;27;622922932;7313;312;8246;8293;7.94;0.49;271.80;7.11;933;27;2862.00;47
7317;27;622922946;7317;318;8248;8293;7.91;0.48;271.83;7.13;931;27;2863.00;45
7319;27;622922958;7319;316;8251;8295;7.82;0.48;271.86;7.12;932;27;2864.00;44
7320;27;622922971;7320;322;8253;8295;7.77;0.48;271.91;7.14;933;27;2865.00;42
7322;27;622922982;7322;321;8257;8299;7.71;0.47;271.95;7.14;935;27;2866.00;42
7324;27;622922994;7324;325;8258;8299;7.63;0.47;272.03;7.15;934;27;2867.00;41
7328;27;622923008;7328;327;8260;8299;7.53;0.46;272.11;7.16;932;27;2868.00;39
7330;27;622923020;7330;318;8260;8299;7.47;0.46;272.22;7.16;930;27;2869.00;39
7334;27;622923032;7334;312;8261;8300;7.31;0.45;272.27;7.17;927;27;2870.00;39
7337;27;622923043;7337;311;8263;8301;7.21;0.44;272.38;7.17;926;27;2871.00;38
7340;27;622923056;7340;301;8263;8301;7.08;0.43;272.36;7.17;923;27;2872.00;38
7345;27;622923066;7345;303;8266;8302;6.96;0.42;272.42;7.18;921;27;2873.00;36
7350;27;622923077;7350;308;8266;8302;6.89;0.42;272.49;7.18;916;27;2874.00;36
7353;27;622923087;7353;305;8266;8302;6.86;0.42;272.55;7.18;913;27;2875.00;36
7356;27;622923098;7356;307;8269;8302;6.80;0.41;272.66;7.20;913;27;2876.00;33
7358;27;622923109;7358;304;8269;8302;6.83;0.42;272.63;7.20;911;27;2877.00;33
7361;27;622923119;7361;303;8270;8302;6.85;0.42;272.72;7.20;909;27;2878.00;32
7364;27;622923129;7364;301;8271;8302;6.86;0.42;272.77;7.20;907;27;2879.00;31
7366;27;622923141;7366;339;8371;8532;6.94;0.44;272.76;7.12;1005;27;2880.00;161
7366;27;622923168;7366;335;8377;8533;6.94;0.43;272.76;7.12;1011;27;2881.00;156
7370;27;622923179;7370;326;8387;8533;6.95;0.43;272.80;7.11;1017;27;2882.00;146
7370;27;622923189;7370;331;8394;8533;6.92;0.43;272.80;7.11;1024;27;2883.00;139
7376;27;622923199;7376;337;8404;8533;6.88;0.43;272.81;7.11;1028;27;2884.00;129
7379;27;622923210;7379;339;8409;8533;6.80;0.42;272.79;7.11;1030;27;2885.00;124
7385;27;622923221;7385;331;8419;8533;6.71;0.42;272.96;7.11;1034;27;2886.00;114
7389;27;622923232;7389;335;8427;8533;6.60;0.41;272.93;7.11;1038;27;2887.00;106
7392;27;622923248;7392;339;8431;8534;6.53;0.41;272.99;7.11;1039;27;2888.00;103
7395;27;622923259;7395;346;8437;8535;6.43;0.40;272.98;7.11;1042;27;2889.00;98
7397;27;622923269;7397;339;8441;8535;6.29;0.39;273.01;7.11;1044;27;2890.00;94
7401;27;622923279;7401;341;8446;8536;6.16;0.39;273.05;7.12;1045;27;2891.00;90
7405;27;622923290;7405;330;8450;8536;5.99;0.37;273.14;7.12;1045;27;2892.00;86
7406;27;622923301;7406;337;8453;8536;5.86;0.37;273.17;7.12;1047;27;2893.00;83
7409;27;622923312;7409;350;8456;8536;5.72;0.36;273.20;7.12;1047;27;2894.00;80
7414;27;622923323;7414;369;8461;8540;5.56;0.35;273.29;7.12;1047;27;2895.00;79
7417;27;622923333;7417;375;8465;8540;5.50;0.34;273.32;7.13;1048;27;2896.00;75
7422;27;622923345;7422;369;8468;8540;5.48;0.34;273.53;7.13;1046;27;2897.00;72
7427;27;622923356;7427;364;8469;8543;5.45;0.34;273.60;7.13;1042;27;2898.00;74
7430;27;622923373;7430;362;8470;8543;5.49;0.34;273.63;7.13;1040;27;2899.00;73
7437;27;622923385;7437;371;8473;8543;5.44;0.33;273.74;7.13;1036;27;2900.00;70
7437;27;622923405;7437;373;8478;8547;5.52;0.34;273.74;7.14;1041;27;2901.00;69
7443;27;622923417;7443;371;8483;8548;5.54;0.34;273.90;7.14;1040;27;2902.00;65
7446;27;622923428;7446;368;8484;8548;5.62;0.35;273.93;7.15;1038;27;2903.00;64
7449;27;622923439;7449;374;8490;8552;5.71;0.35;274.00;7.15;1041;27;2904.00;62
7452;27;622923451;7452;365;8492;8552;5.79;0.36;274.02;7.15;1040;27;2905.00;60
7455;27;622923462;7455;366;8494;8552;5.93;0.36;274.08;7.15;1039;27;2906.00;58
7457;27;622923475;7457;370;8497;8553;6.03;0.37;274.15;7.16;1040;27;2907.00;56
7464;27;622923486;7464;378;8497;8553;6.08;0.37;274.24;7.16;1033;27;2908.00;56
7467;27;622923497;7467;377;8503;8559;6.18;0.38;274.26;7.16;1036;27;2909.00;56
7469;27;622923512;7469;378;8503;8559;6.16;0.38;274.27;7.16;1034;27;2910.00;56
7474;27;622923523;7474;387;8504;8560;6.09;0.37;274.33;7.16;1030;27;2911.00;56
7476;27;622923536;7476;393;8505;8560;6.06;0.37;274.41;7.17;1029;27;2912.00;55
7478;27;622923546;7478;401;8506;8560;6.01;0.37;274.38;7.17;1028;27;2913.00;54
7483;27;622923557;7483;406;8507;8560;5.95;0.37;274.38;7.17;1024;27;2914.00;53
7486;27;622923569;7486;411;8508;8560;5.88;0.36;274.44;7.23;1022;27;2915.00;52
7490;27;622923582;7490;412;8519;8572;5.88;0.36;274.40;7.23;1029;27;2916.00;53
7492;27;622923595;7492;415;8520;8572;5.80;0.36;274.40;7.23;1028;27;2917.00;52
7497;27;622923613;7497;427;8521;8572;5.67;0.35;274.35;7.23;1024;27;2918.00;51
7502;27;622923626;7502;422;8522;8572;5.58;0.34;274.38;7.23;1020;27;2919.00;50
7505;27;622923638;7505;431;8523;8572;5.49;0.34;274.44;7.23;1018;27;2920.00;49
7507;27;622923650;7507;437;8523;8572;5.44;0.34;274.47;7.23;1016;27;2921.00;49
7516;27;622923661;7516;438;8526;8576;5.37;0.33;274.55;7.23;1010;27;2922.00;50
7517;27;622923673;7517;444;8526;8576;5.35;0.33;274.57;7.23;1009;27;2923.00;50
7522;27;622923683;7522;449;8530;8580;5.33;0.33;274.54;7.22;1008;27;2924.00;50
7526;27;622923695;7526;457;8532;8582;5.27;0.33;274.55;7.22;1006;27;2925.00;50
7528;27;622923706;7528;457;8532;8582;5.24;0.33;274.54;7.22;1004;27;2926.00;50
7532;27;622923716;7532;465;8532;8582;5.20;0.32;274.58;7.22;1000;27;2927.00;50
7538;27;622923727;7538;470;8543;8595;5.23;0.32;274.54;7.21;1005;27;2928.00;52
7542;27;622923739;7542;469;8543;8595;5.22;0.32;274.50;7.21;1001;27;2929.00;52
7545;27;622923750;7545;474;8543;8595;5.19;0.32;274.45;7.21;998;27;2930.00;52
7549;27;622923760;7549;472;8545;8596;5.21;0.32;274.39;7.27;996;27;2931.00;51
7554;27;622923771;7554;471;8545;8597;5.14;0.32;274.38;7.27;991;27;2932.00;52
7556;27;622923782;7556;474;8545;8597;5.14;0.32;274.38;7.27;989;27;2933.00;52
7561;27;622923792;7561;477;8547;8600;5.15;0.32;274.34;7.27;986;27;2934.00;53
7563;27;622923804;7563;486;8547;8600;5.15;0.32;274.35;7.27;984;27;2935.00;53
7567;27;622923814;7567;486;8548;8600;5.12;0.32;274.32;7.26;981;27;2936.00;52
7571;27;622923824;7571;483;8548;8600;5.08;0.31;274.28;7.26;977;27;2937.00;52
7575;27;622923836;7575;474;8553;8606;5.09;0.31;274.22;7.26;978;27;2938.00;53
7579;27;622923847;7579;468;8553;8606;5.11;0.31;274.26;7.26;974;27;2939.00;53
7582;27;622923860;7582;467;8553;8606;5.16;0.32;274.18;7.26;971;27;2940.00;53
7587;27;622923871;7587;461;8553;8606;5.16;0.32;274.13;7.26;966;27;2941.00;53
7591;27;622923882;7591;451;8556;8610;5.22;0.32;274.16;7.26;965;27;2942.00;54
7595;28;622923892;7595;448;8557;8611;5.26;0.32;274.15;7.26;962;28;2943.00;54
7598;28;622923914;7598;453;8557;8611;5.29;0.32;274.07;7.26;959;28;2944.00;54
7601;28;622923929;7601;458;8558;8612;5.25;0.32;274.06;7.26;957;28;2945.00;54
7602;28;622923940;7602;442;8558;8612;5.28;0.32;274.03;7.26;956;28;2946.00;54
7604;28;622923950;7604;439;8558;8612;5.38;0.33;274.09;7.26;954;28;2947.00;54
7605;28;622923961;7605;430;8558;8612;5.47;0.33;274.10;7.26;953;28;2948.00;54
7607;28;622923973;7607;422;8558;8612;5.55;0.34;274.08;7.26;951;28;2949.00;54
7609;28;622923984;7609;415;8558;8612;5.62;0.34;274.04;7.26;949;28;2950.00;54
7609;28;622923995;7609;408;8558;8612;5.73;0.35;274.04;7.26;949;28;2951.00;54
7610;28;622924012;7610;405;8590;8682;6.04;0.37;274.04;7.23;980;28;2952.00;92
7611;28;622924037;7611;398;8591;8683;6.14;0.37;274.04;7.23;980;28;2953.00;92
7612;28;622924054;7612;394;8598;8683;6.22;0.38;274.02;7.23;986;28;2954.00;85
7613;28;622924072;7613;379;8600;8683;6.21;0.38;274.00;7.28;987;28;2955.00;83
7614;28;622924090;7614;372;8602;8683;6.27;0.38;273.98;7.28;988;28;2956.00;81
7615;28;622924109;7615;362;8603;8683;6.32;0.38;273.96;7.28;988;28;2957.00;80
7615;28;622924125;7615;360;8607;8683;6.39;0.39;273.96;7.28;992;28;2958.00;76
7615;28;622924145;7615;346;8608;8683;6.47;0.39;273.96;7.28;993;28;2959.00;75
7616;28;622924158;7616;332;8610;8684;6.59;0.40;273.96;7.28;994;28;2960.00;74
7618;28;622924178;7618;327;8613;8685;6.71;0.41;273.97;7.28;995;28;2961.00;72
7619;28;622924199;7619;316;8616;8685;6.82;0.41;273.93;7.28;997;28;2962.00;69
7620;28;622924213;7620;314;8622;8689;6.88;0.42;273.90;7.28;1002;28;2963.00;67
7621;28;622924227;7621;312;8623;8689;6.97;0.42;273.91;7.28;1002;28;2964.00;66
7622;28;622924241;7622;307;8623;8689;7.03;0.43;273.95;7.28;1001;28;2965.00;66
7624;28;622924261;7624;306;8623;8689;7.08;0.43;274.03;7.28;999;28;2966.00;66
7624;28;622924274;7624;305;8627;8695;7.18;0.43;274.03;7.28;1003;28;2967.00;68
7624;28;622924294;7624;299;8627;8695;7.25;0.44;274.03;7.28;1003;28;2968.00;68
7624;28;622924308;7624;294;8628;8695;7.31;0.44;274.03;7.33;1004;28;2969.00;67
7625;28;622924321;7625;297;8632;8701;7.39;0.45;274.04;7.33;1007;28;2970.00;69
7630;28;622924335;7630;289;8632;8701;7.40;0.45;274.11;7.33;1002;28;2971.00;69
7630;28;622924348;7630;283;8634;8701;7.51;0.45;274.11;7.32;1004;28;2972.00;67
7631;28;622924360;7631;287;8634;8702;7.58;0.46;274.12;7.32;1003;28;2973.00;68
7632;28;622924372;7632;283;8635;8703;7.66;0.46;274.16;7.32;1003;28;2974.00;68
7634;28;622924385;7634;270;8635;8703;7.71;0.47;274.14;7.32;1001;28;2975.00;68
7635;28;622924398;7635;266;8644;8716;7.86;0.48;274.17;7.32;1009;28;2976.00;72
7637;28;622924412;7637;258;8644;8716;7.96;0.48;274.14;7.32;1007;28;2977.00;72
7642;28;622924425;7642;258;8644;8716;8.00;0.48;274.23;7.32;1002;28;2978.00;72
7642;28;622924438;7642;261;8645;8717;8.03;0.49;274.23;7.32;1003;28;2979.00;72
7645;28;622924451;7645;259;8645;8717;8.05;0.49;274.19;7.32;1000;28;2980.00;72
7647;28;622924464;7647;252;8648;8721;8.10;0.49;274.16;7.31;1001;28;2981.00;73
7649;28;622924478;7649;242;8648;8721;8.10;0.49;274.26;7.31;999;28;2982.00;73
7652;28;622924491;7652;239;8651;8725;8.09;0.49;274.36;7.31;999;28;2983.00;74
7655;28;622924503;7655;239;8651;8725;8.04;0.49;274.32;7.31;996;28;2984.00;74
7657;28;622924517;7657;240;8652;8725;8.04;0.49;274.42;7.36;995;28;2985.00;73
7662;28;622924529;7662;240;8652;8725;8.05;0.49;274.48;7.36;990;28;2986.00;73
7666;28;622924543;7666;240;8652;8725;8.05;0.49;274.49;7.36;986;28;2987.00;73
7667;28;622924556;7667;233;8662;8737;8.10;0.49;274.50;7.36;995;28;2988.00;75
7668;28;622924569;7668;231;8663;8737;8.17;0.49;274.50;7.36;995;28;2989.00;74
7671;28;622924582;7671;232;8664;8737;8.17;0.50;274.60;7.36;993;28;2990.00;73
7672;28;622924595;7672;232;8664;8737;8.16;0.50;274.59;7.36;992;28;2991.00;73
7676;28;622924608;7676;233;8664;8737;8.13;0.49;274.60;7.36;988;28;2992.00;73
7676;28;622924620;7676;226;8667;8737;8.10;0.49;274.60;7.37;991;28;2993.00;70
7680;28;622924633;7680;222;8668;8738;8.08;0.49;274.59;7.42;988;28;2994.00;70
7684;28;622924652;7684;227;8670;8738;8.05;0.49;274.56;7.45;986;28;2995.00;68
7686;28;622924665;7686;223;8674;8744;8.10;0.49;274.52;7.44;988;28;2996.00;70
7690;28;622924679;7690;222;8675;8745;8.17;0.50;274.52;7.44;985;28;2997.00;70
7692;28;622924692;7692;222;8675;8745;8.23;0.50;274.53;7.44;983;28;2998.00;70
7695;28;622924704;7695;216;8675;8745;8.29;0.50;274.49;7.44;980;28;2999.00;70
7696;28;622924719;7696;219;8680;8765;8.34;0.51;274.48;7.44;984;28;3000.00;85
7703;28;622924738;7703;214;8680;8765;8.41;0.51;274.49;7.44;977;28;3001.00;85
7707;28;622924751;7707;207;8680;8765;8.50;0.52;274.49;7.44;973;28;3002.00;85
7712;28;622924763;7712;201;8681;8766;8.58;0.52;274.54;7.44;969;28;3003.00;85
7715;29;622924776;7715;195;8684;8770;8.54;0.52;274.49;7.43;969;29;3004.00;86
7718;29;622924801;7718;199;8684;8770;8.54;0.52;274.55;7.43;966;29;3005.00;86
7719;29;622924814;7719;197;8688;8773;8.54;0.52;274.52;7.43;969;29;3006.00;85
7720;29;622924826;7720;201;8689;8773;8.56;0.52;274.52;7.43;969;29;3007.00;84
7722;29;622924839;7722;211;8691;8773;8.59;0.52;274.56;7.44;969;29;3008.00;82
7724;29;622924851;7724;211;8693;8773;8.55;0.52;274.60;7.45;969;29;3009.00;80
7727;29;622924864;7727;213;8696;8777;8.60;0.52;274.65;7.45;969;29;3010.00;81
7729;29;622924878;7729;215;8699;8777;8.60;0.52;274.70;7.46;970;29;3011.00;78
7731;29;622924892;7731;217;8702;8777;8.60;0.52;274.68;7.46;971;29;3012.00;75
7734;29;622924905;7734;222;8703;8777;8.56;0.52;274.74;7.46;969;29;3013.00;74
7738;29;622924922;7738;220;8704;8778;8.53;0.52;274.85;7.46;966;29;3014.00;74
7741;29;622924942;7741;227;8707;8780;8.54;0.52;274.89;7.46;966;29;3015.00;73
7744;29;622924959;7744;228;8707;8780;8.51;0.51;274.86;7.46;963;29;3016.00;73
7746;29;622924973;7746;233;8708;8781;8.48;0.51;274.84;7.46;962;29;3017.00;73
7746;29;622924986;7746;237;8710;8781;8.46;0.51;274.84;7.46;964;29;3018.00;71
7747;29;622924998;7747;237;8710;8781;8.52;0.52;274.84;7.46;963;29;3019.00;71
7751;29;622925014;7751;239;8711;8781;8.50;0.51;274.82;7.48;960;29;3020.00;70
7754;29;622925026;7754;244;8712;8781;8.47;0.51;274.86;7.49;958;29;3021.00;69
7757;29;622925039;7757;247;8713;8781;8.43;0.51;274.99;7.50;956;29;3022.00;68
7758;29;622925051;7758;246;8714;8781;8.34;0.51;275.06;7.50;956;29;3023.00;67
7759;29;622925063;7759;269;8780;8908;8.27;0.51;275.10;7.47;1021;29;3024.00;128
7761;29;622925085;7761;264;8785;8909;8.19;0.50;275.23;7.48;1024;29;3025.00;124
7764;29;622925098;7764;260;8792;8909;8.17;0.50;275.24;7.49;1028;29;3026.00;117
7766;29;622925111;7766;265;8797;8909;8.11;0.50;275.25;7.48;1031;29;3027.00;112
7770;29;622925123;7770;270;8802;8909;8.07;0.50;275.26;7.48;1032;29;3028.00;107
7774;29;622925136;7774;280;8805;8909;8.01;0.49;275.29;7.52;1031;29;3029.00;104
7775;29;622925150;7775;284;8807;8909;7.97;0.49;275.34;7.52;1032;29;3030.00;102
7776;29;622925162;7776;286;8810;8909;7.96;0.49;275.39;7.53;1034;29;3031.00;99
7778;29;622925175;7778;297;8812;8910;7.99;0.49;275.36;7.54;1034;29;3032.00;98
7779;29;622925187;7779;303;8817;8911;7.97;0.49;275.41;7.55;1038;29;3033.00;94
7780;29;622925199;7780;311;8822;8911;7.95;0.49;275.45;7.57;1042;29;3034.00;89
7783;29;622925212;7783;312;8824;8912;7.86;0.48;275.40;7.57;1041;29;3035.00;88
7787;29;622925224;7787;310;8832;8912;7.71;0.47;275.59;7.59;1045;29;3036.00;80
7789;29;622925237;7789;312;8835;8912;7.59;0.47;275.63;7.59;1046;29;3037.00;77
7793;29;622925249;7793;317;8838;8912;7.51;0.46;275.60;7.59;1045;29;3038.00;74
7798;29;622925261;7798;314;8844;8916;7.38;0.45;275.74;7.61;1046;29;3039.00;72
7801;29;622925274;7801;319;8846;8916;7.27;0.45;275.84;7.61;1045;29;3040.00;70
7804;29;622925292;7804;325;8847;8916;7.20;0.44;275.91;7.61;1043;29;3041.00;69
7807;29;622925304;7807;325;8852;8919;7.16;0.44;276.01;7.62;1045;29;3042.00;67
7811;29;622925317;7811;332;8855;8919;7.13;0.44;276.00;7.62;1044;29;3043.00;64
7815;29;622925330;7815;327;8857;8919;7.11;0.44;276.10;7.64;1042;29;3044.00;62
7817;29;622925342;7817;325;8860;8923;7.08;0.43;276.14;7.64;1043;29;3045.00;63
7818;29;622925355;7818;327;8862;8924;7.05;0.43;276.18;7.64;1044;29;3046.00;62
7825;29;622925367;7825;330;8865;8924;6.93;0.43;276.32;7.65;1040;29;3047.00;59
7830;29;622925379;7830;341;8868;8928;6.86;0.42;276.54;7.65;1038;29;3048.00;60
7831;29;622925392;7831;337;8872;8928;6.83;0.42;276.56;7.66;1041;29;3049.00;56
7835;29;622925404;7835;340;8872;8928;6.78;0.42;276.59;7.66;1037;29;3050.00;56
7839;29;622925416;7839;338;8874;8929;6.73;0.41;276.69;7.66;1035;29;3051.00;55
7842;29;622925427;7842;340;8874;8929;6.60;0.40;276.68;7.66;1032;29;3052.00;55
7845;29;622925444;7845;341;8880;8935;6.56;0.40;276.63;7.66;1035;29;3053.00;55
7851;29;622925456;7851;349;8883;8935;6.49;0.40;276.72;7.67;1032;29;3054.00;52
7856;29;622925469;7856;345;8883;8936;6.41;0.39;276.71;7.67;1027;29;3055.00;53
7859;29;622925480;7859;347;8886;8936;6.29;0.38;276.78;7.68;1027;29;3056.00;50
7861;29;622925491;7861;349;8886;8936;6.14;0.38;276.88;7.68;1025;29;3057.00;50
7863;29;622925502;7863;359;8886;8936;6.00;0.37;276.90;7.68;1023;29;3058.00;50
7865;29;622925513;7865;370;8888;8936;5.90;0.36;276.97;7.68;1023;29;3059.00;48
7869;29;622925524;7869;372;8914;8972;5.99;0.37;277.06;7.66;1045;29;3060.00;58
7872;29;622925537;7872;373;8916;8972;5.85;0.36;277.05;7.66;1044;29;3061.00;56
7877;29;622925548;7877;371;8919;8972;5.72;0.35;277.15;7.66;1042;29;3062.00;53
7880;29;622925558;7880;373;8919;8972;5.61;0.35;277.26;7.66;1039;29;3063.00;53
7884;29;622925569;7884;381;8922;8972;5.54;0.34;277.28;7.66;1038;29;3064.00;50
7888;29;622925579;7888;382;8922;8972;5.52;0.34;277.42;7.66;1034;29;3065.00;50
7890;29;622925589;7890;386;8927;8976;5.47;0.34;277.48;7.66;1037;29;3066.00;49
7895;29;622925600;7895;383;8927;8976;5.40;0.33;277.58;7.66;1032;29;3067.00;49
7901;29;622925611;7901;384;8931;8980;5.32;0.33;277.61;7.66;1030;29;3068.00;49
7902;29;622925622;7902;379;8933;8981;5.27;0.32;277.63;7.66;1031;29;3069.00;48
7907;29;622925632;7907;389;8933;8981;5.20;0.32;277.67;7.66;1026;29;3070.00;48
7911;29;622925644;7911;392;8933;8981;5.13;0.32;277.67;7.66;1022;29;3071.00;48
7914;29;622925654;7914;398;8944;8994;5.15;0.32;277.71;7.65;1030;29;3072.00;50
7916;29;622925666;7916;399;8944;8994;5.15;0.32;277.77;7.65;1028;29;3073.00;50
7918;29;622925676;7918;399;8944;8994;5.16;0.32;277.77;7.65;1026;29;3074.00;50
7923;29;622925687;7923;401;8945;8995;5.17;0.32;277.75;7.65;1022;29;3075.00;50
7925;29;622925697;7925;399;8945;8996;5.19;0.32;277.73;7.65;1020;29;3076.00;51
7932;29;622925708;7932;401;8945;8996;5.14;0.32;277.73;7.65;1013;29;3077.00;51
7934;29;622925724;7934;412;8947;8999;5.10;0.31;277.73;7.65;1013;29;3078.00;52
7937;29;622925735;7937;410;8947;8999;5.05;0.31;277.66;7.65;1010;29;3079.00;52
7941;29;622925745;7941;414;8948;8999;5.01;0.31;277.58;7.65;1007;29;3080.00;51
7945;29;622925755;7945;422;8949;8999;4.95;0.30;277.59;7.71;1004;29;3081.00;50
7948;29;622925767;7948;424;8954;9005;4.97;0.30;277.60;7.71;1006;29;3082.00;51
7950;29;622925777;7950;427;8954;9005;5.00;0.31;277.59;7.71;1004;29;3083.00;51
7954;29;622925788;7954;424;8954;9005;4.99;0.31;277.63;7.71;1000;29;3084.00;51
7958;29;622925799;7958;436;8954;9005;4.97;0.30;277.62;7.71;996;29;3085.00;51
7958;29;622925809;7958;436;8957;9009;5.05;0.31;277.62;7.71;999;29;3086.00;52
7961;29;622925819;7961;435;8958;9010;5.00;0.31;277.65;7.71;997;29;3087.00;52
7965;29;622925830;7965;432;8958;9010;4.93;0.30;277.62;7.71;993;29;3088.00;52
7967;29;622925840;7967;434;8959;9011;4.89;0.30;277.62;7.71;992;29;3089.00;52
7971;29;622925852;7971;436;8959;9011;4.83;0.30;277.67;7.71;988;29;3090.00;52
7975;29;622925869;7975;446;8959;9011;4.78;0.29;277.60;7.71;984;29;3091.00;52
7980;29;622925879;7980;446;8959;9011;4.70;0.29;277.53;7.71;979;29;3092.00;52
7982;29;622925889;7982;451;8959;9011;4.67;0.29;277.52;7.71;977;29;3093.00;52
7986;29;622925899;7986;458;8959;9011;4.62;0.28;277.51;7.71;973;29;3094.00;52
7990;29;622925909;7990;462;8959;9011;4.57;0.28;277.47;7.71;969;29;3095.00;52
7991;29;622925919;7991;482;8999;9081;4.84;0.30;277.49;7.67;1008;29;3096.00;82
7998;29;622925934;7998;486;9000;9082;4.77;0.29;277.51;7.67;1002;29;3097.00;82
7999;29;622925946;7999;499;9007;9082;4.84;0.30;277.50;7.67;1008;29;3098.00;75
8004;29;622925955;8004;500;9010;9082;4.81;0.29;277.47;7.66;1006;29;3099.00;72
8006;29;622925966;8006;510;9013;9082;4.80;0.29;277.47;7.66;1007;29;3100.00;69
8011;29;622925981;8011;509;9014;9082;4.72;0.29;277.51;7.66;1003;29;3101.00;68
8015;29;622925991;8015;512;9016;9082;4.63;0.28;277.47;7.66;1001;29;3102.00;66
8017;29;622926001;8017;508;9018;9082;4.57;0.28;277.49;7.66;1001;29;3103.00;64
8018;29;622926018;8018;512;9021;9083;4.57;0.28;277.46;7.66;1003;29;3104.00;62
8019;29;622926036;8019;522;9025;9085;4.57;0.28;277.49;7.66;1006;29;3105.00;60
8020;29;622926053;8020;520;9027;9085;4.56;0.28;277.51;7.66;1007;29;3106.00;58
8021;29;622926069;8021;505;9031;9089;4.64;0.28;277.57;7.66;1010;29;3107.00;58
8023;29;622926085;8023;491;9031;9089;4.67;0.29;277.56;7.66;1008;29;3108.00;58
8027;29;622926102;8027;482;9031;9089;4.69;0.29;277.51;7.66;1004;29;3109.00;58
8028;29;622926118;8028;471;9031;9089;4.76;0.29;277.53;7.66;1003;29;3110.00;58
8029;29;622926131;8029;463;9036;9095;4.91;0.30;277.51;7.66;1007;29;3111.00;59
8030;29;622926145;8030;457;9036;9095;5.02;0.31;277.51;7.66;1006;29;3112.00;59
8030;29;622926157;8030;448;9036;9095;5.16;0.32;277.51;7.66;1006;29;3113.00;59
8031;29;622926176;8031;447;9039;9098;5.31;0.32;277.49;7.72;1008;29;3114.00;59
8032;29;622926189;8032;440;9039;9098;5.41;0.33;277.48;7.72;1007;29;3115.00;59
8034;29;622926225;8034;420;9040;9098;5.51;0.34;277.43;7.72;1006;29;3116.00;58
8036;29;622926241;8036;404;9040;9099;5.60;0.34;277.42;7.72;1004;29;3117.00;59
8037;29;622926256;8037;401;9041;9100;5.71;0.35;277.39;7.72;1004;29;3118.00;59
8037;29;622926271;8037;387;9041;9100;5.82;0.35;277.39;7.72;1004;29;3119.00;59
8037;29;622926286;8037;388;9062;9126;6.05;0.37;277.39;7.70;1025;29;3120.00;64
8038;29;622926304;8038;380;9062;9126;6.15;0.38;277.36;7.70;1024;29;3121.00;64
8040;29;622926318;8040;365;9063;9126;6.30;0.38;277.31;7.70;1023;29;3122.00;63
8042;29;622926331;8042;355;9064;9127;6.42;0.39;277.29;7.70;1022;29;3123.00;63
8042;29;622926344;8042;351;9064;9127;6.57;0.40;277.29;7.70;1022;29;3124.00;63
8043;29;622926358;8043;343;9068;9131;6.69;0.41;277.27;7.69;1025;29;3125.00;63
8043;29;622926372;8043;338;9068;9131;6.77;0.41;277.27;7.69;1025;29;3126.00;63
8044;29;622926386;8044;333;9071;9135;6.81;0.42;277.30;7.69;1027;29;3127.00;64
8047;29;622926399;8047;330;9071;9135;6.85;0.42;277.28;7.69;1024;29;3128.00;64
8049;29;622926413;8049;331;9071;9135;6.87;0.42;277.27;7.69;1022;29;3129.00;64
8052;29;622926427;8052;322;9071;9135;6.95;0.42;277.30;7.69;1019;29;3130.00;64
8056;29;622926442;8056;313;9071;9135;7.02;0.43;277.38;7.69;1015;29;3131.00;64
8057;29;622926456;8057;318;9081;9147;7.14;0.44;277.37;7.68;1024;29;3132.00;66
8061;29;622926472;8061;307;9081;9147;7.20;0.44;277.37;7.68;1020;29;3133.00;66
8066;29;622926486;8066;296;9082;9147;7.29;0.44;277.37;7.68;1016;29;3134.00;65
8068;29;622926500;8068;285;9082;9147;7.35;0.45;277.40;7.68;1014;29;3135.00;65
8071;29;622926514;8071;280;9082;9147;7.40;0.45;277.43;7.68;1011;29;3136.00;65
8074;29;622926528;8074;266;9082;9147;7.46;0.45;277.47;7.68;1008;29;3137.00;65
8078;29;622926542;8078;261;9082;9148;7.55;0.46;277.51;7.68;1004;29;3138.00;66
8079;29;622926556;8079;252;9082;9148;7.64;0.46;277.51;7.68;1003;29;3139.00;66
8081;29;622926569;8081;245;9087;9154;7.75;0.47;277.55;7.68;1006;29;3140.00;67
8082;29;622926591;8082;231;9088;9155;7.87;0.48;277.53;7.68;1006;29;3141.00;67
8083;29;622926605;8083;232;9088;9155;7.92;0.48;277.57;7.68;1005;29;3142.00;67
8086;29;622926619;8086;234;9088;9155;7.97;0.48;277.68;7.68;1002;29;3143.00;67
8089;29;622926633;8089;232;9091;9159;8.00;0.48;277.63;7.68;1002;29;3144.00;68
8091;29;622926647;8091;234;9091;9159;8.01;0.49;277.71;7.68;1000;29;3145.00;68
8093;29;622926661;8093;232;9091;9159;8.04;0.49;277.78;7.68;998;29;3146.00;68
8095;29;622926675;8095;235;9092;9160;8.12;0.49;277.83;7.68;997;29;3147.00;68
8096;29;622926688;8096;234;9095;9164;8.14;0.49;277.86;7.67;999;29;3148.00;69
8096;29;622926702;8096;232;9095;9164;8.21;0.50;277.86;7.67;999;29;3149.00;69
8098;29;622926718;8098;228;9099;9170;8.29;0.50;277.87;7.67;1001;29;3150.00;71
8101;29;622926732;8101;228;9100;9170;8.41;0.51;277.94;7.74;999;29;3151.00;70
8105;29;622926746;8105;223;9102;9170;8.52;0.52;277.98;7.74;997;29;3152.00;68
8108;29;622926760;8108;224;9102;9170;8.62;0.52;278.00;7.74;994;29;3153.00;68
8110;29;622926774;8110;219;9106;9174;8.68;0.53;278.08;7.73;996;29;3154.00;68
8114;29;622926789;8114;213;9106;9174;8.72;0.53;278.15;7.73;992;29;3155.00;68
8114;29;622926803;8114;209;9106;9174;8.78;0.53;278.15;7.73;992;29;3156.00;68
8118;29;622926818;8118;205;9106;9174;8.80;0.53;278.19;7.73;988;29;3157.00;68
8122;29;622926831;8122;199;9106;9175;8.80;0.53;278.22;7.73;984;29;3158.00;69
8126;29;622926845;8126;196;9107;9176;8.79;0.53;278.27;7.73;981;29;3159.00;69
8129;29;622926860;8129;198;9107;9176;8.74;0.53;278.33;7.73;978;29;3160.00;69
8131;29;622926873;8131;197;9108;9177;8.72;0.53;278.40;7.73;977;29;3161.00;69
8135;29;622926887;8135;192;9108;9177;8.70;0.53;278.43;7.73;973;29;3162.00;69
8138;29;622926901;8138;189;9108;9177;8.69;0.53;278.44;7.73;970;29;3163.00;69
8141;29;622926915;8141;189;9109;9177;8.69;0.53;278.46;7.75;968;29;3164.00;68
8143;29;622926930;8143;190;9109;9177;8.70;0.53;278.48;7.75;966;29;3165.00;68
8145;29;622926943;8145;191;9111;9177;8.63;0.53;278.48;7.83;966;29;3166.00;66
8148;29;622926962;8148;193;9111;9177;8.62;0.52;278.45;7.83;963;29;3167.00;66
8154;29;622926977;8154;214;9177;9304;8.49;0.52;278.45;7.77;1023;29;3168.00;127
8156;29;622927002;8156;204;9178;9305;8.53;0.52;278.45;7.77;1022;29;3169.00;127
8157;29;622927018;8157;196;9185;9305;8.57;0.53;278.47;7.77;1028;29;3170.00;120
8161;29;622927033;8161;203;9187;9305;8.51;0.52;278.44;7.77;1026;29;3171.00;118
8170;29;622927055;8170;196;9191;9305;8.51;0.52;278.53;7.76;1021;29;3172.00;114
8173;29;622927069;8173;193;9192;9305;8.50;0.52;278.50;7.76;1019;29;3173.00;113
8177;29;622927081;8177;194;9193;9305;8.45;0.52;278.47;7.76;1016;29;3174.00;112
8180;29;622927094;8180;189;9196;9305;8.49;0.52;278.60;7.76;1016;29;3175.00;109
8180;29;622927112;8180;189;9197;9306;8.51;0.52;278.60;7.76;1017;29;3176.00;109
8185;29;622927125;8185;195;9204;9307;8.51;0.52;278.63;7.77;1019;29;3177.00;103
8187;29;622927137;8187;197;9208;9307;8.55;0.52;278.64;7.77;1021;29;3178.00;99
8190;29;622927150;8190;201;9211;9308;8.50;0.52;278.69;7.77;1021;29;3179.00;97
8191;29;622927165;8191;195;9215;9308;8.46;0.52;278.66;7.77;1024;29;3180.00;93
8192;29;622927178;8192;194;9218;9308;8.42;0.51;278.72;7.77;1026;29;3181.00;90
8196;29;622927191;8196;187;9220;9308;8.41;0.51;278.78;7.77;1024;29;3182.00;88
8201;29;622927203;8201;180;9226;9312;8.38;0.51;278.90;7.77;1025;29;3183.00;86
8203;29;622927217;8203;187;9229;9312;8.37;0.51;279.01;7.77;1026;29;3184.00;83
8206;29;622927230;8206;194;9229;9312;8.36;0.51;279.02;7.77;1023;29;3185.00;83
8214;29;622927243;8214;208;9233;9315;8.35;0.51;279.03;7.78;1019;29;3186.00;82
8217;29;622927257;8217;215;9233;9315;8.32;0.51;279.02;7.78;1016;29;3187.00;82
8220;29;622927270;8220;223;9236;9315;8.27;0.51;279.06;7.79;1016;29;3188.00;79
8222;29;622927283;8222;235;9241;9319;8.26;0.50;279.11;7.80;1019;29;3189.00;78
8223;29;622927296;8223;241;9244;9320;8.24;0.50;279.14;7.82;1021;29;3190.00;76
8225;29;622927309;8225;245;9247;9322;8.20;0.50;279.18;7.82;1022;29;3191.00;75
8229;29;622927321;8229;250;9250;9326;8.24;0.50;279.17;7.81;1021;29;3192.00;76
8231;29;622927334;8231;253;9253;9326;8.22;0.50;279.25;7.83;1022;29;3193.00;73
8233;29;622927348;8233;257;9253;9326;8.21;0.50;279.28;7.83;1020;29;3194.00;73
8236;29;622927360;8236;258;9256;9328;8.20;0.50;279.32;7.84;1020;29;3195.00;72
8237;29;622927374;8237;266;9257;9328;8.15;0.50;279.32;7.85;1020;29;3196.00;71
8239;29;622927387;8239;262;9263;9334;8.08;0.49;279.37;7.86;1024;29;3197.00;71
8241;29;622927400;8241;269;9264;9334;7.94;0.49;279.39;7.86;1023;29;3198.00;70
8245;29;622927413;8245;276;9266;9335;7.83;0.48;279.35;7.87;1021;29;3199.00;69
8248;29;622927426;8248;283;9266;9335;7.68;0.47;279.44;7.87;1018;29;3200.00;69
8250;29;622927443;8250;292;9267;9335;7.50;0.46;279.49;7.88;1017;29;3201.00;68
8251;29;622927455;8251;295;9267;9335;7.42;0.45;279.51;7.88;1016;29;3202.00;68
8256;29;622927467;8256;298;9268;9335;7.30;0.45;279.59;7.90;1012;29;3203.00;67
8260;29;622927480;8260;302;9278;9347;7.29;0.44;279.58;7.89;1018;29;3204.00;69
8264;29;622927493;8264;302;9279;9347;7.15;0.44;279.61;7.90;1015;29;3205.00;68
8268;29;622927505;8268;307;9281;9347;7.04;0.43;279.59;7.91;1013;29;3206.00;66
8269;29;622927517;8269;311;9282;9347;6.95;0.42;279.57;7.92;1013;29;3207.00;65
8270;29;622927529;8270;312;9283;9347;6.86;0.42;279.62;7.93;1013;29;3208.00;64
8271;29;622927541;8271;321;9284;9347;6.77;0.41;279.69;7.94;1013;29;3209.00;63
8275;29;622927554;8275;323;9287;9351;6.69;0.41;279.71;7.94;1012;29;3210.00;64
8276;29;622927566;8276;330;9290;9351;6.65;0.41;279.77;7.97;1014;29;3211.00;61
8280;29;622927583;8280;333;9294;9355;6.66;0.41;279.76;7.97;1014;29;3212.00;61
8282;29;622927596;8282;335;9296;9356;6.58;0.40;279.88;7.97;1014;29;3213.00;60
8284;29;622927607;8284;333;9296;9356;6.52;0.40;279.84;7.97;1012;29;3214.00;60
8290;29;622927619;8290;327;9296;9356;6.45;0.39;279.94;7.97;1006;29;3215.00;60
8291;29;622927630;8291;336;9309;9369;6.36;0.39;279.93;7.99;1018;29;3216.00;60
8295;29;622927642;8295;337;9309;9369;6.31;0.38;279.98;7.99;1014;29;3217.00;60
8298;29;622927654;8298;351;9310;9369;6.30;0.38;279.95;7.99;1012;29;3218.00;59
8299;29;622927665;8299;358;9312;9370;6.27;0.38;279.92;7.99;1013;29;3219.00;58
8301;29;622927676;8301;358;9312;9371;6.23;0.38;280.00;7.99;1011;29;3220.00;59
8306;29;622927686;8306;362;9316;9371;6.14;0.37;280.04;8.01;1010;29;3221.00;55
8309;29;622927697;8309;367;9319;9374;6.08;0.37;279.98;8.01;1010;29;3222.00;55
8313;29;622927708;8313;374;9319;9374;5.96;0.36;279.95;8.01;1006;29;3223.00;55
8315;29;622927719;8315;376;9320;9374;5.88;0.36;280.01;8.02;1005;29;3224.00;54
8317;29;622927729;8317;379;9322;9374;5.79;0.35;280.01;8.03;1005;29;3225.00;52
8321;29;622927739;8321;375;9328;9380;5.74;0.35;280.04;8.03;1007;29;3226.00;52
8323;29;622927749;8323;382;9328;9380;5.63;0.34;280.07;8.03;1005;29;3227.00;52
8331;29;622927760;8331;382;9330;9380;5.47;0.33;280.15;8.03;999;29;3228.00;50
8336;29;622927770;8336;391;9330;9380;5.31;0.32;280.21;8.03;994;29;3229.00;50
8338;29;622927780;8338;389;9333;9384;5.18;0.32;280.25;8.03;995;29;3230.00;51
8339;29;622927790;8339;383;9336;9385;5.09;0.31;280.26;8.03;997;29;3231.00;49
8343;29;622927800;8343;388;9336;9385;5.03;0.31;280.21;8.03;993;29;3232.00;49
8346;29;622927809;8346;392;9339;9386;5.00;0.31;280.20;8.04;993;29;3233.00;47
8349;29;622927819;8349;395;9339;9386;4.99;0.31;280.17;8.04;990;29;3234.00;47
8351;29;622927828;8351;398;9339;9386;4.96;0.31;280.17;8.04;988;29;3235.00;47
8355;29;622927837;8355;403;9341;9386;4.92;0.30;280.16;8.04;986;29;3236.00;45
8357;29;622927847;8357;399;9341;9386;4.97;0.31;280.18;8.04;984;29;3237.00;45
8361;29;622927856;8361;404;9341;9386;4.99;0.31;280.27;8.04;980;29;3238.00;45
8363;29;622927866;8363;396;9341;9386;5.03;0.31;280.29;8.04;978;29;3239.00;45
8366;29;622927877;8366;399;9398;9511;5.40;0.34;280.30;7.99;1032;29;3240.00;113
8370;29;622927896;8370;403;9404;9512;5.41;0.34;280.29;8.06;1034;29;3241.00;108
8373;29;622927908;8373;408;9415;9512;5.48;0.34;280.23;8.06;1042;29;3242.00;97
8377;29;622927918;8377;408;9421;9512;5.48;0.34;280.21;8.05;1044;29;3243.00;91
8382;29;622927928;8382;410;9424;9512;5.47;0.34;280.17;8.05;1042;29;3244.00;88
8386;29;622927939;8386;413;9427;9512;5.46;0.34;280.18;8.05;1041;29;3245.00;85
8390;29;622927949;8390;420;9429;9512;5.39;0.33;280.16;8.05;1039;29;3246.00;83
8393;29;622927959;8393;424;9436;9512;5.36;0.33;280.13;8.05;1043;29;3247.00;76
8395;29;622927970;8395;432;9440;9513;5.32;0.33;280.09;8.05;1045;29;3248.00;73
8395;29;622927980;8395;436;9443;9514;5.31;0.33;280.09;8.05;1048;29;3249.00;71
8400;29;622927990;8400;442;9446;9514;5.26;0.33;280.03;8.05;1046;29;3250.00;68
8402;29;622928001;8402;447;9452;9518;5.22;0.32;280.02;8.05;1050;29;3251.00;66
8406;29;622928026;8406;457;9452;9518;5.14;0.32;279.98;8.05;1046;29;3252.00;66
8409;29;622928054;8409;462;9452;9518;5.09;0.31;279.97;8.05;1043;29;3253.00;66
8412;29;622928075;8412;466;9452;9518;5.07;0.31;279.99;8.05;1040;29;3254.00;66
8415;29;622928093;8415;471;9456;9524;5.04;0.31;279.93;8.04;1041;29;3255.00;68
8418;29;622928109;8418;480;9457;9524;5.00;0.31;279.96;8.04;1039;29;3256.00;67
8420;29;622928126;8420;490;9457;9524;4.96;0.30;279.94;8.04;1037;29;3257.00;67
8424;29;622928140;8424;486;9459;9527;4.93;0.30;279.97;8.04;1035;29;3258.00;68
8427;29;622928152;8427;485;9459;9527;4.90;0.30;279.96;8.04;1032;29;3259.00;68
8430;29;622928164;8430;473;9460;9527;4.84;0.29;279.99;8.04;1030;29;3260.00;67
8435;29;622928176;8435;479;9460;9528;4.74;0.29;280.03;8.04;1025;29;3261.00;68
8438;29;622928189;8438;472;9462;9529;4.74;0.29;280.08;8.12;1024;29;3262.00;67
8440;29;622928201;8440;475;9462;9529;4.76;0.29;280.13;8.12;1022;29;3263.00;67
8444;29;622928213;8444;467;9472;9542;4.83;0.29;280.18;8.11;1028;29;3264.00;70
8445;29;622928227;8445;465;9473;9542;4.87;0.30;280.19;8.11;1028;29;3265.00;69
8448;29;622928246;8448;459;9473;9542;4.91;0.30;280.18;8.11;1025;29;3266.00;69
8451;29;622928259;8451;447;9474;9543;4.96;0.30;280.20;8.11;1023;29;3267.00;69
8453;29;622928271;8453;447;9474;9543;4.96;0.30;280.17;8.11;1021;29;3268.00;69
8456;29;622928283;8456;445;9478;9547;5.00;0.31;280.10;8.10;1022;29;3269.00;69
8458;29;622928296;8458;437;9478;9547;5.04;0.31;280.13;8.10;1020;29;3270.00;69
8460;29;622928308;8460;440;9481;9551;5.12;0.31;280.16;8.10;1021;29;3271.00;70
8461;30;622928320;8461;438;9481;9551;5.09;0.31;280.19;8.10;1020;30;3272.00;70
8463;30;622928340;8463;434;9481;9551;5.07;0.31;280.13;8.10;1018;30;3273.00;70
8464;31;622928353;8464;440;9481;9551;5.09;0.31;280.15;8.10;1017;31;3274.00;70
8466;31;622928373;8466;438;9481;9551;5.18;0.32;280.14;8.10;1015;31;3275.00;70
8466;31;622928384;8466;440;9491;9563;5.37;0.33;280.14;8.09;1025;31;3276.00;72
8467;31;622928405;8467;432;9492;9563;5.42;0.33;280.12;8.17;1025;31;3277.00;71
8468;31;622928417;8468;426;9493;9563;5.57;0.34;280.09;8.17;1025;31;3278.00;70
8470;31;622928440;8470;415;9493;9563;5.66;0.35;280.15;8.17;1023;31;3279.00;70
8473;31;622928454;8473;407;9493;9563;5.78;0.35;280.24;8.17;1020;31;3280.00;70
8476;31;622928471;8476;404;9493;9563;5.87;0.36;280.25;8.17;1017;31;3281.00;70
8479;31;622928484;8479;404;9494;9564;5.97;0.36;280.26;8.25;1015;31;3282.00;70
8480;31;622928503;8480;399;9494;9564;6.05;0.37;280.26;8.25;1014;31;3283.00;70
8485;31;622928514;8485;399;9499;9570;6.05;0.37;280.32;8.25;1014;31;3284.00;71
8488;31;622928528;8488;402;9501;9572;6.15;0.37;280.37;8.25;1013;31;3285.00;71
8489;31;622928549;8489;383;9501;9572;6.25;0.38;280.43;8.25;1012;31;3286.00;71
8491;31;622928563;8491;365;9501;9572;6.36;0.39;280.48;8.25;1010;31;3287.00;71
8494;31;622928581;8494;355;9504;9576;6.51;0.40;280.51;8.24;1010;31;3288.00;72
8495;31;622928596;8495;342;9504;9576;6.68;0.41;280.55;8.24;1009;31;3289.00;72
8498;31;622928609;8498;328;9505;9576;6.82;0.42;280.58;8.32;1007;31;3290.00;71
8500;31;622928629;8500;320;9506;9577;6.98;0.43;280.62;8.32;1006;31;3291.00;71
8502;31;622928644;8502;316;9509;9581;7.10;0.43;280.70;8.32;1007;31;3292.00;72
8505;31;622928659;8505;308;9509;9581;7.16;0.44;280.70;8.32;1004;31;3293.00;72
8505;31;622928672;8505;295;9511;9584;7.29;0.44;280.70;8.32;1006;31;3294.00;73
8510;31;622928688;8510;285;9511;9584;7.36;0.45;280.81;8.32;1001;31;3295.00;73
8512;31;622928707;8512;280;9512;9584;7.47;0.45;280.86;8.32;1000;31;3296.00;72
8512;31;622928723;8512;280;9512;9584;7.55;0.46;280.86;8.32;1000;31;3297.00;72
8516;31;622928737;8516;279;9516;9588;7.64;0.46;280.92;8.31;1000;31;3298.00;72
8518;31;622928752;8518;277;9516;9588;7.70;0.47;280.96;8.31;998;31;3299.00;72
8519;31;622928770;8519;279;9521;9607;7.73;0.47;280.98;8.31;1002;31;3300.00;86
8521;31;622928791;8521;267;9521;9607;7.86;0.48;281.06;8.31;1000;31;3301.00;86
8522;31;622928806;8522;265;9521;9608;7.96;0.48;281.09;8.31;999;31;3302.00;87
8524;31;622928820;8524;265;9522;9609;8.00;0.49;281.05;8.31;998;31;3303.00;87
8527;31;622928835;8527;265;9523;9609;8.01;0.48;281.10;8.39;996;31;3304.00;86
8530;31;622928850;8530;260;9524;9610;8.09;0.49;281.17;8.39;994;31;3305.00;86
8532;31;622928864;8532;266;9526;9610;8.10;0.49;281.23;8.39;994;31;3306.00;84
8535;31;622928878;8535;259;9526;9610;8.17;0.49;281.30;8.39;991;31;3307.00;84
8538;31;622928893;8538;253;9526;9610;8.25;0.50;281.37;8.39;988;31;3308.00;84
8539;31;622928907;8539;250;9526;9610;8.33;0.50;281.36;8.39;987;31;3309.00;84
8541;31;622928921;8541;249;9526;9610;8.38;0.51;281.32;8.39;985;31;3310.00;84
8543;31;622928936;8543;241;9526;9610;8.51;0.52;281.37;8.39;983;31;3311.00;84
8548;31;622928949;8548;258;9596;9737;8.47;0.52;281.45;8.33;1048;31;3312.00;141
8550;31;622928977;8550;241;9596;9738;8.56;0.52;281.40;8.33;1046;31;3313.00;142
8552;31;622928993;8552;235;9600;9738;8.69;0.53;281.47;8.33;1048;31;3314.00;138
8555;31;622929011;8555;231;9600;9738;8.75;0.53;281.48;8.33;1045;31;3315.00;138
8557;31;622929030;8557;230;9604;9738;8.85;0.54;281.60;8.33;1047;31;3316.00;134
8560;31;622929044;8560;224;9606;9738;8.87;0.54;281.69;8.33;1046;31;3317.00;132
8564;31;622929059;8564;220;9609;9738;8.91;0.54;281.74;8.33;1045;31;3318.00;129
8567;31;622929073;8567;224;9613;9738;9.00;0.55;281.80;8.33;1046;31;3319.00;125
8570;31;622929087;8570;220;9615;9739;9.01;0.55;281.88;8.40;1045;31;3320.00;124
8574;31;622929107;8574;221;9617;9740;8.95;0.54;282.00;8.40;1043;31;3321.00;123
8575;31;622929121;8575;227;9621;9740;8.95;0.54;282.06;8.40;1046;31;3322.00;119
8579;31;622929135;8579;226;9624;9741;8.95;0.55;282.14;8.41;1045;31;3323.00;117
8582;31;622929149;8582;231;9626;9741;8.91;0.54;282.26;8.41;1044;31;3324.00;115
8586;31;622929163;8586;235;9629;9741;8.82;0.54;282.31;8.41;1043;31;3325.00;112
8590;31;622929177;8590;238;9631;9741;8.72;0.53;282.35;8.41;1041;31;3326.00;110
8593;31;622929190;8593;244;9634;9745;8.66;0.53;282.46;8.49;1041;31;3327.00;111
8596;31;622929205;8596;251;9638;9745;8.54;0.52;282.44;8.49;1042;31;3328.00;107
8600;31;622929219;8600;259;9640;9745;8.41;0.51;282.43;8.49;1040;31;3329.00;105
8603;31;622929234;8603;259;9643;9751;8.37;0.51;282.43;8.49;1040;31;3330.00;108
8608;31;622929248;8608;265;9645;9751;8.21;0.50;282.37;8.49;1037;31;3331.00;106
8612;31;622929261;8612;263;9647;9751;8.12;0.49;282.39;8.49;1035;31;3332.00;104
8615;31;622929274;8615;266;9652;9755;8.02;0.49;282.39;8.50;1037;31;3333.00;103
8619;31;622929287;8619;259;9657;9756;8.00;0.49;282.42;8.50;1038;31;3334.00;99
8623;31;622929301;8623;258;9659;9756;7.94;0.48;282.42;8.52;1036;31;3335.00;97
8626;31;622929320;8626;250;9662;9760;7.98;0.49;282.43;8.52;1036;31;3336.00;98
8629;31;622929333;8629;253;9663;9760;8.00;0.49;282.50;8.52;1034;31;3337.00;97
8632;31;622929346;8632;254;9665;9760;7.97;0.49;282.53;8.52;1033;31;3338.00;95
8633;31;622929360;8633;251;9669;9761;7.96;0.49;282.54;8.52;1036;31;3339.00;92
8636;31;622929373;8636;248;9670;9761;7.92;0.48;282.65;8.52;1034;31;3340.00;91
8641;31;622929386;8641;236;9674;9767;7.88;0.48;282.67;8.52;1033;31;3341.00;93
8642;31;622929399;8642;235;9674;9767;7.90;0.48;282.68;8.52;1032;31;3342.00;93
8647;31;622929412;8647;238;9675;9768;7.92;0.48;282.65;8.52;1028;31;3343.00;93
8649;31;622929425;8649;240;9675;9768;7.92;0.48;282.68;8.52;1026;31;3344.00;93
8652;31;622929438;8652;239;9675;9768;7.96;0.48;282.69;8.52;1023;31;3345.00;93
8656;31;622929451;8656;249;9676;9768;7.98;0.49;282.75;8.53;1020;31;3346.00;92
8660;31;622929464;8660;245;9677;9768;7.96;0.48;282.81;8.53;1017;31;3347.00;91
8663;31;622929477;8663;251;9690;9780;7.98;0.48;282.83;8.52;1027;31;3348.00;90
8667;31;622929491;8667;250;9690;9780;7.86;0.48;282.86;8.52;1023;31;3349.00;90
8670;31;622929503;8670;257;9691;9780;7.83;0.48;282.88;8.53;1021;31;3350.00;89
8675;31;622929516;8675;258;9692;9780;7.78;0.47;282.89;8.53;1017;31;3351.00;88
8676;31;622929528;8676;267;9692;9780;7.73;0.47;282.95;8.53;1016;31;3352.00;88
8677;31;622929540;8677;268;9694;9780;7.71;0.47;283.00;8.53;1017;31;3353.00;86
8678;31;622929552;8678;268;9697;9784;7.65;0.47;283.00;8.53;1019;31;3354.00;87
8681;31;622929565;8681;265;9697;9784;7.64;0.46;283.08;8.53;1016;31;3355.00;87
8683;31;622929576;8683;266;9701;9788;7.69;0.47;283.13;8.53;1018;31;3356.00;87
8684;31;622929589;8684;269;9702;9789;7.74;0.47;283.11;8.52;1018;31;3357.00;87
8685;31;622929601;8685;271;9702;9789;7.72;0.47;283.18;8.52;1017;31;3358.00;87
8689;31;622929613;8689;273;9702;9789;7.63;0.46;283.20;8.52;1013;31;3359.00;87
8694;31;622929627;8694;287;9726;9818;7.58;0.46;283.23;8.53;1032;31;3360.00;92
8697;31;622929641;8697;286;9726;9818;7.53;0.46;283.24;8.53;1029;31;3361.00;92
8698;31;622929654;8698;291;9728;9818;7.50;0.46;283.25;8.53;1030;31;3362.00;90
8701;31;622929666;8701;302;9732;9819;7.44;0.45;283.24;8.55;1031;31;3363.00;87
8702;31;622929678;8702;306;9732;9820;7.36;0.45;283.29;8.55;1030;31;3364.00;88
8704;31;622929690;8704;317;9732;9820;7.32;0.45;283.40;8.55;1028;31;3365.00;88
8706;31;622929701;8706;319;9736;9823;7.31;0.45;283.41;8.57;1030;31;3366.00;87
8709;31;622929713;8709;323;9736;9823;7.27;0.45;283.46;8.57;1027;31;3367.00;87
8711;31;622929726;8711;324;9738;9823;7.25;0.44;283.45;8.58;1027;31;3368.00;85
8713;31;622929737;8713;334;9739;9823;7.21;0.44;283.48;8.59;1026;31;3369.00;84
8716;31;622929749;8716;340;9745;9829;7.17;0.44;283.55;8.60;1029;31;3370.00;84
8718;31;622929761;8718;345;9746;9829;7.08;0.43;283.57;8.61;1028;31;3371.00;83
8722;31;622929773;8722;354;9747;9829;6.92;0.42;283.67;8.62;1025;31;3372.00;82
8724;31;622929785;8724;359;9749;9829;6.79;0.42;283.67;8.65;1025;31;3373.00;80
8725;31;622929796;8725;372;9752;9833;6.71;0.41;283.65;8.64;1027;31;3374.00;81
8728;31;622929808;8728;383;9756;9835;6.56;0.40;283.67;8.66;1028;31;3375.00;79
8728;31;622929819;8728;391;9756;9835;6.47;0.40;283.67;8.66;1028;31;3376.00;79
8728;31;622929830;8728;393;9757;9836;6.41;0.39;283.67;8.66;1029;31;3377.00;79
8730;31;622929841;8730;399;9757;9836;6.29;0.39;283.65;8.66;1027;31;3378.00;79
8732;31;622929852;8732;403;9759;9836;6.17;0.38;283.76;8.68;1027;31;3379.00;77
8735;31;622929863;8735;395;9760;9836;6.10;0.37;283.78;8.69;1025;31;3380.00;76
8740;31;622929874;8740;390;9761;9836;5.97;0.37;283.77;8.69;1021;31;3381.00;75
8741;31;622929884;8741;387;9761;9836;5.94;0.36;283.75;8.69;1020;31;3382.00;75
8746;31;622929894;8746;384;9761;9836;5.87;0.36;283.65;8.69;1015;31;3383.00;75
8748;31;622929905;8748;391;9794;9906;6.05;0.37;283.61;8.66;1046;31;3384.00;112
8751;31;622929921;8751;389;9798;9907;5.96;0.37;283.56;8.69;1047;31;3385.00;109
8754;31;622929932;8754;393;9805;9907;5.96;0.37;283.51;8.68;1051;31;3386.00;102
8755;31;622929943;8755;393;9814;9907;5.94;0.36;283.50;8.68;1059;31;3387.00;93
8758;31;622929954;8758;397;9819;9907;5.93;0.36;283.55;8.68;1061;31;3388.00;88
8758;31;622929965;8758;399;9822;9907;5.92;0.36;283.55;8.68;1064;31;3389.00;85
8763;31;622929977;8763;404;9825;9907;5.81;0.36;283.50;8.68;1062;31;3390.00;82
8765;31;622929988;8765;412;9833;9907;5.69;0.35;283.48;8.71;1068;31;3391.00;74
8769;31;622929998;8769;418;9835;9908;5.61;0.34;283.41;8.72;1066;31;3392.00;73
8773;31;622930009;8773;419;9839;9909;5.53;0.34;283.33;8.73;1066;31;3393.00;70
8778;31;622930024;8778;419;9841;9909;5.39;0.33;283.30;8.73;1063;31;3394.00;68
8784;31;622930043;8784;430;9844;9913;5.23;0.32;283.27;8.73;1060;31;3395.00;69
8786;31;622930062;8786;428;9845;9913;5.11;0.31;283.25;8.73;1059;31;3396.00;68
8790;31;622930076;8790;441;9845;9913;4.97;0.30;283.27;8.73;1055;31;3397.00;68
8795;31;622930090;8795;448;9845;9913;4.87;0.30;283.33;8.73;1050;31;3398.00;68
8798;31;622930105;8798;456;9851;9919;4.85;0.30;283.29;8.74;1053;31;3399.00;68
8801;31;622930122;8801;448;9851;9919;4.77;0.29;283.36;8.74;1050;31;3400.00;68
8803;31;622930142;8803;451;9852;9919;4.75;0.29;283.38;8.74;1049;31;3401.00;67
8804;31;622930153;8804;452;9854;9922;4.76;0.29;283.40;8.74;1050;31;3402.00;68
8805;31;622930165;8805;444;9856;9922;4.73;0.29;283.41;8.75;1051;31;3403.00;66
8808;31;622930176;8808;435;9856;9922;4.66;0.28;283.40;8.75;1048;31;3404.00;66
8811;31;622930187;8811;441;9857;9923;4.61;0.28;283.39;8.76;1046;31;3405.00;66
8814;31;622930198;8814;436;9858;9924;4.58;0.28;283.37;8.76;1044;31;3406.00;66
8816;31;622930210;8816;440;9859;9924;4.53;0.28;283.39;8.76;1043;31;3407.00;65
8818;31;622930222;8818;444;9870;9937;4.61;0.28;283.35;8.75;1052;31;3408.00;67
8820;31;622930234;8820;446;9870;9937;4.63;0.28;283.37;8.75;1050;31;3409.00;67
8823;31;622930245;8823;440;9870;9937;4.64;0.28;283.33;8.75;1047;31;3410.00;67
8826;31;622930257;8826;422;9871;9938;4.67;0.29;283.30;8.75;1045;31;3411.00;67
8828;31;622930269;8828;414;9871;9938;4.77;0.29;283.40;8.75;1043;31;3412.00;67
8831;31;622930280;8831;410;9876;9942;4.89;0.30;283.38;8.75;1045;31;3413.00;66
8833;31;622930292;8833;411;9877;9942;4.98;0.30;283.38;8.75;1044;31;3414.00;65
8835;31;622930304;8835;408;9880;9946;5.12;0.31;283.34;8.75;1045;31;3415.00;66
8839;31;622930317;8839;407;9880;9946;5.13;0.31;283.33;8.75;1041;31;3416.00;66
8842;31;622930346;8842;404;9880;9946;5.17;0.31;283.31;8.75;1038;31;3417.00;66
8844;31;622930359;8844;405;9881;9946;5.20;0.32;283.31;8.75;1037;31;3418.00;65
8848;31;622930372;8848;404;9881;9946;5.22;0.32;283.25;8.75;1033;31;3419.00;65
8851;31;622930385;8851;413;9907;9980;5.40;0.33;283.28;8.72;1056;31;3420.00;73
8853;31;622930403;8853;412;9908;9980;5.45;0.33;283.27;8.72;1055;31;3421.00;72
8854;31;622930416;8854;412;9909;9980;5.51;0.34;283.28;8.72;1055;31;3422.00;71
8857;31;622930429;8857;413;9909;9980;5.54;0.34;283.28;8.72;1052;31;3423.00;71
8859;31;622930442;8859;413;9910;9980;5.57;0.34;283.29;8.72;1051;31;3424.00;70
8864;31;622930464;8864;413;9910;9980;5.57;0.34;283.27;8.72;1046;31;3425.00;70
8867;31;622930477;8867;407;9910;9981;5.58;0.34;283.31;8.72;1043;31;3426.00;71
8871;31;622930490;8871;408;9910;9981;5.56;0.34;283.31;8.72;1039;31;3427.00;71
8873;31;622930502;8873;409;9915;9987;5.56;0.34;283.36;8.72;1042;31;3428.00;72
8875;31;622930514;8875;407;9916;9988;5.52;0.34;283.37;8.72;1041;31;3429.00;72
8877;31;622930527;8877;410;9916;9988;5.52;0.34;283.34;8.72;1039;31;3430.00;72
8881;31;622930541;8881;404;9916;9988;5.52;0.34;283.37;8.72;1035;31;3431.00;72
8885;31;622930554;8885;404;9919;9992;5.55;0.34;283.30;8.72;1034;31;3432.00;73
8887;31;622930567;8887;406;9919;9992;5.51;0.34;283.31;8.72;1032;31;3433.00;73
8892;31;622930579;8892;406;9919;9992;5.50;0.33;283.32;8.72;1027;31;3434.00;73
8899;31;622930593;8899;409;9920;9993;5.46;0.33;283.46;8.71;1021;31;3435.00;73
8903;31;622930606;8903;407;9924;9997;5.51;0.33;283.45;8.79;1021;31;3436.00;73
8905;31;622930619;8905;397;9924;9997;5.51;0.33;283.45;8.79;1019;31;3437.00;73
8908;31;622930631;8908;397;9926;10000;5.53;0.33;283.50;8.79;1018;31;3438.00;74
8912;31;622930643;8912;401;9926;10000;5.52;0.33;283.57;8.79;1014;31;3439.00;74
8914;31;622930657;8914;395;9927;10000;5.57;0.34;283.57;8.79;1013;31;3440.00;73
8917;31;622930669;8917;399;9927;10000;5.55;0.34;283.61;8.79;1010;31;3441.00;73
8919;31;622930681;8919;398;9931;10004;5.55;0.34;283.59;8.79;1012;31;3442.00;73
8922;31;622930694;8922;402;9931;10004;5.58;0.34;283.65;8.79;1009;31;3443.00;73
8924;31;622930706;8924;399;9931;10004;5.63;0.34;283.67;8.79;1007;31;3444.00;73
8926;31;622930718;8926;393;9931;10004;5.63;0.34;283.68;8.79;1005;31;3445.00;73
8930;31;622930730;8930;399;9931;10005;5.60;0.34;283.72;8.79;1001;31;3446.00;74
8931;31;622930742;8931;387;9932;10006;5.67;0.35;283.74;8.79;1001;31;3447.00;74
8934;31;622930755;8934;383;9932;10006;5.68;0.35;283.80;8.79;998;31;3448.00;74
8937;31;622930768;8937;373;9933;10007;5.70;0.35;283.82;8.78;996;31;3449.00;74
8939;31;622930782;8939;366;9933;10007;5.78;0.35;283.80;8.78;994;31;3450.00;74
8940;31;622930794;8940;364;9933;10007;5.87;0.36;283.81;8.78;993;31;3451.00;74
8942;31;622930807;8942;367;9933;10007;5.90;0.36;283.84;8.78;991;31;3452.00;74
8947;31;622930819;8947;368;9933;10007;5.91;0.36;283.97;8.78;986;31;3453.00;74
8949;31;622930831;8949;366;9933;10007;6.00;0.36;283.97;8.78;984;31;3454.00;74
8952;31;622930844;8952;362;9933;10007;6.02;0.37;284.00;8.78;981;31;3455.00;74
8957;31;622930857;8957;381;10012;10134;6.21;0.38;284.04;8.72;1055;31;3456.00;122
8957;31;622930880;8957;360;10013;10135;6.30;0.39;284.04;8.80;1056;31;3457.00;122
8959;31;622930901;8959;338;10018;10135;6.47;0.40;284.09;8.79;1059;31;3458.00;117
8960;31;622930915;8960;325;10018;10135;6.56;0.41;284.15;8.79;1058;31;3459.00;117
8962;31;622930929;8962;307;10023;10135;6.69;0.41;284.15;8.79;1061;31;3460.00;112
8967;31;622930942;8967;301;10023;10135;6.78;0.42;284.28;8.79;1056;31;3461.00;112
8967;31;622930956;8967;295;10026;10135;6.90;0.43;284.28;8.79;1059;31;3462.00;109
8970;31;622930971;8970;298;10029;10135;7.01;0.43;284.37;8.79;1059;31;3463.00;106
8971;31;622930985;8971;299;10032;10136;7.13;0.44;284.38;8.79;1061;31;3464.00;104
8973;31;622931006;8973;297;10038;10138;7.19;0.44;284.46;8.79;1065;31;3465.00;100
8975;31;622931022;8975;295;10040;10138;7.27;0.45;284.51;8.79;1065;31;3466.00;98
8978;31;622931036;8978;291;10043;10139;7.33;0.45;284.56;8.79;1065;31;3467.00;96
8980;31;622931062;8980;291;10045;10139;7.46;0.46;284.61;8.79;1065;31;3468.00;94
8983;31;622931076;8983;287;10049;10139;7.54;0.46;284.61;8.87;1066;31;3469.00;90
8985;31;622931090;8985;293;10049;10139;7.62;0.47;284.73;8.87;1064;31;3470.00;90
8987;31;622931104;8987;297;10054;10143;7.66;0.47;284.73;8.87;1067;31;3471.00;89
8991;31;622931118;8991;298;10055;10143;7.62;0.47;284.81;8.87;1064;31;3472.00;88
8994;31;622931131;8994;295;10056;10143;7.62;0.47;284.91;8.87;1062;31;3473.00;87
8998;31;622931145;8998;287;10058;10146;7.61;0.47;284.93;8.87;1060;31;3474.00;88
9002;31;622931159;9002;288;10058;10146;7.62;0.47;285.11;8.87;1056;31;3475.00;88
9004;31;622931172;9004;286;10059;10146;7.70;0.47;285.19;8.87;1055;31;3476.00;87
9007;31;622931186;9007;291;10063;10150;7.69;0.47;285.23;8.87;1056;31;3477.00;87
9010;31;622931202;9010;290;10064;10151;7.73;0.47;285.27;8.87;1054;31;3478.00;87
9015;31;622931216;9015;294;10065;10151;7.80;0.48;285.31;8.87;1050;31;3479.00;86
9016;31;622931233;9016;289;10071;10156;7.88;0.48;285.31;8.86;1055;31;3480.00;85
9020;31;622931247;9020;283;10072;10156;7.93;0.48;285.37;8.94;1052;31;3481.00;84
9021;31;622931262;9021;282;10072;10156;7.98;0.49;285.39;8.94;1051;31;3482.00;84
9023;31;622931277;9023;273;10073;10157;8.01;0.49;285.42;8.94;1050;31;3483.00;84
9024;31;622931291;9024;274;10074;10157;8.01;0.49;285.43;9.02;1050;31;3484.00;83
9027;31;622931305;9027;276;10079;10163;8.00;0.49;285.52;9.01;1052;31;3485.00;84
9030;31;622931320;9030;274;10079;10163;8.05;0.49;285.52;9.01;1049;31;3486.00;84
9032;31;622931335;9032;267;10079;10164;8.10;0.49;285.51;9.01;1047;31;3487.00;85
9035;31;622931349;9035;260;10079;10164;8.13;0.49;285.53;9.01;1044;31;3488.00;85
9037;31;622931363;9037;255;10079;10164;8.20;0.50;285.60;9.01;1042;31;3489.00;85
9041;31;622931377;9041;255;10079;10164;8.21;0.50;285.62;9.01;1038;31;3490.00;85
9043;31;622931391;9043;249;10079;10164;8.25;0.50;285.61;9.01;1036;31;3491.00;85
9047;31;622931405;9047;242;10090;10176;8.23;0.50;285.63;9.08;1043;31;3492.00;86
9049;31;622931421;9049;229;10090;10176;8.26;0.50;285.73;9.08;1041;31;3493.00;86
9053;31;622931436;9053;225;10091;10176;8.25;0.50;285.80;9.08;1038;31;3494.00;85
9057;31;622931451;9057;225;10091;10176;8.22;0.50;285.98;9.08;1034;31;3495.00;85
9058;31;622931466;9058;220;10091;10176;8.24;0.50;285.96;9.08;1033;31;3496.00;85
9063;31;622931480;9063;221;10091;10176;8.21;0.50;285.98;9.08;1028;31;3497.00;85
9068;31;622931495;9068;223;10094;10180;8.15;0.49;286.00;9.07;1026;31;3498.00;86
9071;31;622931508;9071;222;10094;10180;8.17;0.50;286.06;9.07;1023;31;3499.00;86
9076;31;622931528;9076;225;10098;10184;8.13;0.49;286.15;9.07;1022;31;3500.00;86
9078;31;622931547;9078;225;10098;10185;8.10;0.49;286.27;9.07;1020;31;3501.00;87
9078;31;622931561;9078;216;10099;10185;8.09;0.49;286.27;9.07;1021;31;3502.00;86
9081;31;622931574;9081;211;10099;10185;8.10;0.49;286.32;9.07;1018;31;3503.00;86
9087;31;622931587;9087;207;10111;10198;8.01;0.49;286.35;9.07;1024;31;3504.00;87
9091;31;622931604;9091;199;10112;10198;7.97;0.48;286.34;9.09;1021;31;3505.00;86
9096;31;622931617;9096;199;10112;10198;7.93;0.48;286.48;9.09;1016;31;3506.00;86
9098;31;622931633;9098;202;10114;10199;7.91;0.48;286.45;9.16;1016;31;3507.00;85
9102;31;622931646;9102;202;10114;10200;7.90;0.48;286.48;9.16;1012;31;3508.00;86
9109;31;622931659;9109;209;10114;10200;7.84;0.48;286.59;9.16;1005;31;3509.00;86
9110;31;622931674;9110;213;10118;10206;7.89;0.48;286.56;9.16;1008;31;3510.00;88
9113;31;622931687;9113;210;10119;10206;7.83;0.48;286.60;9.16;1006;31;3511.00;87
9117;31;622931699;9117;209;10120;10206;7.85;0.48;286.66;9.16;1003;31;3512.00;86
9120;31;622931711;9120;218;10120;10206;7.88;0.48;286.62;9.16;1000;31;3513.00;86
9124;31;622931724;9124;226;10125;10212;7.95;0.48;286.69;9.15;1001;31;3514.00;87
9126;31;622931737;9126;228;10125;10212;7.93;0.48;286.74;9.15;999;31;3515.00;87
9128;31;622931749;9128;229;10125;10212;7.91;0.48;286.79;9.15;997;31;3516.00;87
9132;31;622931761;9132;232;10125;10212;7.87;0.48;286.84;9.15;993;31;3517.00;87
9134;31;622931773;9134;239;10128;10216;7.76;0.47;286.87;9.15;994;31;3518.00;88
9136;31;622931785;9136;242;10131;10219;7.67;0.47;286.92;9.15;995;31;3519.00;88
9139;31;622931797;9139;241;10131;10219;7.56;0.46;286.92;9.15;992;31;3520.00;88
9140;31;622931808;9140;252;10132;10220;7.52;0.46;286.90;9.15;992;31;3521.00;88
9144;31;622931820;9144;250;10132;10220;7.43;0.45;287.06;9.15;988;31;3522.00;88
9145;31;622931831;9145;257;10132;10220;7.39;0.45;287.07;9.15;987;31;3523.00;88
9150;31;622931843;9150;262;10132;10220;7.37;0.45;287.17;9.15;982;31;3524.00;88
9152;31;622931855;9152;271;10134;10220;7.33;0.45;287.24;9.17;982;31;3525.00;86
9153;31;622931866;9153;271;10134;10220;7.34;0.45;287.25;9.17;981;31;3526.00;86
9154;31;622931877;9154;278;10134;10220;7.33;0.45;287.28;9.17;980;31;3527.00;86
9155;31;622931888;9155;287;10169;10290;7.54;0.46;287.32;9.14;1014;31;3528.00;121
9158;31;622931905;9158;291;10169;10291;7.48;0.46;287.31;9.14;1011;31;3529.00;122
9162;31;622931917;9162;296;10178;10291;7.45;0.46;287.31;9.15;1016;31;3530.00;113
9163;31;622931929;9163;302;10184;10291;7.42;0.45;287.29;9.16;1021;31;3531.00;107
9164;31;622931941;9164;310;10186;10291;7.35;0.45;287.26;9.16;1022;31;3532.00;105
9168;31;622931952;9168;316;10189;10291;7.24;0.44;287.19;9.16;1021;31;3533.00;102
9170;31;622931963;9170;326;10192;10291;7.21;0.44;287.18;9.18;1022;31;3534.00;99
9174;31;622931975;9174;329;10194;10291;7.16;0.44;287.15;9.18;1020;31;3535.00;97
9177;31;622931988;9177;334;10199;10292;7.05;0.43;287.07;9.22;1022;31;3536.00;93
9178;31;622932000;9178;342;10202;10293;6.96;0.43;287.07;9.22;1024;31;3537.00;91
9180;31;622932011;9180;352;10205;10293;6.85;0.42;287.02;9.23;1025;31;3538.00;88
9181;31;622932029;9181;359;10210;10297;6.75;0.41;287.03;9.23;1029;31;3539.00;87
9182;31;622932052;9182;367;10211;10297;6.65;0.41;287.03;9.23;1029;31;3540.00;86
9185;31;622932070;9185;373;10214;10297;6.53;0.40;287.15;9.25;1029;31;3541.00;83
9187;31;622932087;9187;380;10216;10297;6.45;0.40;287.19;9.25;1029;31;3542.00;81
9190;31;622932103;9190;387;10222;10303;6.42;0.39;287.15;9.25;1032;31;3543.00;81
9193;31;622932121;9193;389;10224;10303;6.35;0.39;287.10;9.26;1031;31;3544.00;79
9195;31;622932136;9195;398;10225;10303;6.28;0.39;287.12;9.26;1030;31;3545.00;78
9198;31;622932150;9198;403;10228;10306;6.19;0.38;287.10;9.27;1030;31;3546.00;78
9201;31;622932162;9201;406;10229;10306;6.05;0.37;287.04;9.28;1028;31;3547.00;77
9203;31;622932173;9203;411;10230;10306;5.91;0.36;287.09;9.28;1027;31;3548.00;76
9205;31;622932186;9205;415;10230;10307;5.77;0.35;287.08;9.28;1025;31;3549.00;77
9206;31;622932198;9206;416;10234;10308;5.73;0.35;287.06;9.31;1028;31;3550.00;74
9207;31;622932210;9207;415;10234;10308;5.67;0.35;287.09;9.31;1027;31;3551.00;74
9208;31;622932221;9208;417;10246;10321;5.65;0.35;287.08;9.31;1038;31;3552.00;75
9210;31;622932234;9210;417;10246;10321;5.59;0.34;287.09;9.31;1036;31;3553.00;75
9214;31;622932245;9214;421;10246;10321;5.56;0.34;287.03;9.31;1032;31;3554.00;75
9219;31;622932257;9219;425;10251;10323;5.48;0.33;286.92;9.34;1032;31;3555.00;72
9220;31;622932269;9220;427;10252;10323;5.45;0.33;286.93;9.35;1032;31;3556.00;71
9222;31;622932279;9222;428;10256;10327;5.40;0.33;286.90;9.34;1034;31;3557.00;71
9222;31;622932292;9222;431;10259;10327;5.33;0.32;286.90;9.37;1037;31;3558.00;68
9222;31;622932302;9222;435;10262;10331;5.25;0.32;286.90;9.37;1040;31;3559.00;69
9222;31;622932314;9222;441;10262;10331;5.14;0.31;286.90;9.37;1040;31;3560.00;69
9222;31;622932324;9222;443;10263;10331;5.02;0.31;286.90;9.38;1041;31;3561.00;68
9223;31;622932334;9223;445;10263;10331;4.89;0.30;286.90;9.38;1040;31;3562.00;68
9226;31;622932344;9226;437;10266;10331;4.74;0.29;286.84;9.40;1040;31;3563.00;65
9229;31;622932355;9229;436;10276;10343;4.73;0.29;286.81;9.39;1047;31;3564.00;67
9231;31;622932367;9231;442;10276;10343;4.67;0.28;286.77;9.39;1045;31;3565.00;67
9232;31;622932377;9232;448;10278;10343;4.58;0.28;286.77;9.39;1046;31;3566.00;65
9233;31;622932388;9233;451;10281;10343;4.51;0.28;286.75;9.41;1048;31;3567.00;62
9235;31;622932398;9235;453;10281;10343;4.47;0.27;286.77;9.41;1046;31;3568.00;62
9237;31;622932409;9237;457;10282;10343;4.41;0.27;286.78;9.42;1045;31;3569.00;61
9239;31;622932421;9239;452;10282;10344;4.34;0.27;286.77;9.42;1043;31;3570.00;62
9242;31;622932438;9242;447;10282;10344;4.35;0.27;286.74;9.42;1040;31;3571.00;62
9244;31;622932456;9244;449;10289;10350;4.46;0.27;286.79;9.42;1045;31;3572.00;61
9245;31;622932474;9245;446;10291;10351;4.48;0.27;286.78;9.42;1046;31;3573.00;60
9248;31;622932486;9248;442;10291;10351;4.53;0.28;286.79;9.42;1043;31;3574.00;60
9254;31;622932497;9254;442;10292;10351;4.56;0.28;286.85;9.42;1038;31;3575.00;59
9255;31;622932508;9255;439;10295;10355;4.69;0.29;286.88;9.42;1040;31;3576.00;60
9256;31;622932519;9256;425;10297;10355;4.79;0.29;286.90;9.43;1041;31;3577.00;58
9257;31;622932531;9257;424;10297;10355;4.86;0.30;286.92;9.43;1040;31;3578.00;58
9260;31;622932543;9260;419;10298;10356;4.94;0.30;286.94;9.42;1038;31;3579.00;58
9262;31;622932554;9262;416;10301;10360;5.01;0.31;286.95;9.42;1039;31;3580.00;59
9263;31;622932566;9263;410;10301;10360;5.06;0.31;286.95;9.42;1038;31;3581.00;59
9266;31;622932578;9266;405;10303;10363;5.13;0.31;286.96;9.42;1037;31;3582.00;60
9267;31;622932589;9267;405;10304;10363;5.20;0.32;286.99;9.42;1037;31;3583.00;59
9272;31;622932600;9272;399;10304;10363;5.20;0.32;287.03;9.42;1032;31;3584.00;59
9276;31;622932612;9276;398;10304;10363;5.26;0.32;287.04;9.42;1028;31;3585.00;59
9279;31;622932623;9279;395;10308;10367;5.36;0.33;287.09;9.42;1029;31;3586.00;59
9283;31;622932636;9283;393;10308;10367;5.43;0.33;287.15;9.42;1025;31;3587.00;59
9289;31;622932648;9289;393;10308;10367;5.47;0.33;287.20;9.42;1019;31;3588.00;59
9293;31;622932660;9293;391;10308;10367;5.50;0.34;287.18;9.42;1015;31;3589.00;59
9298;31;622932671;9298;387;10308;10368;5.50;0.33;287.27;9.42;1010;31;3590.00;60
9301;31;622932683;9301;385;10309;10369;5.54;0.34;287.31;9.42;1008;31;3591.00;60
9304;31;622932695;9304;385;10309;10369;5.55;0.34;287.31;9.42;1005;31;3592.00;60
9308;32;622932706;9308;392;10310;10370;5.55;0.34;287.31;9.41;1002;32;3593.00;60
9311;32;622932726;9311;396;10310;10370;5.53;0.34;287.31;9.41;999;32;3594.00;60
9313;32;622932743;9313;394;10310;10370;5.56;0.34;287.31;9.41;997;32;3595.00;60
9317;32;622932754;9317;398;10310;10370;5.53;0.34;287.35;9.41;993;32;3596.00;60
9320;32;622932766;9320;400;10310;10370;5.53;0.34;287.42;9.41;990;32;3597.00;60
9322;32;622932777;9322;405;10310;10370;5.57;0.34;287.42;9.41;988;32;3598.00;60
9326;32;622932789;9326;407;10310;10370;5.53;0.34;287.44;9.41;984;32;3599.00;60
9331;32;622932804;9331;433;10424;10623;5.84;0.37;287.40;9.31;1093;32;3600.00;199
9333;32;622932842;9333;421;10430;10624;5.87;0.37;287.45;9.31;1097;32;3601.00;194
9335;32;622932856;9335;409;10444;10624;5.94;0.37;287.49;9.30;1109;32;3602.00;180
9340;32;622932868;9340;412;10449;10624;5.93;0.37;287.49;9.29;1109;32;3603.00;175
9342;32;622932881;9342;411;10458;10624;5.92;0.37;287.48;9.29;1116;32;3604.00;166
9345;32;622932894;9345;407;10463;10624;5.88;0.37;287.48;9.29;1118;32;3605.00;161
9347;32;622932907;9347;402;10470;10624;5.92;0.37;287.50;9.36;1123;32;3606.00;154
9350;32;622932921;9350;402;10475;10624;5.94;0.37;287.52;9.36;1125;32;3607.00;149
9352;32;622932935;9352;404;10482;10625;6.00;0.37;287.50;9.36;1130;32;3608.00;143
9357;32;622932948;9357;406;10486;10626;5.98;0.37;287.59;9.36;1129;32;3609.00;140
9359;32;622932962;9359;408;10493;10626;5.97;0.37;287.57;9.36;1134;32;3610.00;133
9362;32;622932976;9362;407;10496;10627;5.92;0.37;287.61;9.36;1134;32;3611.00;131
9367;32;622932989;9367;407;10501;10627;5.83;0.36;287.63;9.36;1134;32;3612.00;126
9368;32;622933003;9368;411;10503;10627;5.78;0.36;287.64;9.36;1135;32;3613.00;124
9370;32;622933018;9370;424;10506;10627;5.77;0.36;287.67;9.36;1136;32;3614.00;121
9375;32;622933033;9375;428;10510;10631;5.76;0.36;287.66;9.36;1135;32;3615.00;121
9378;32;622933048;9378;429;10511;10631;5.79;0.36;287.73;9.36;1133;32;3616.00;120
9381;32;622933065;9381;422;10513;10631;5.85;0.36;287.75;9.36;1132;32;3617.00;118
9383;32;622933079;9383;420;10514;10634;5.91;0.37;287.83;9.36;1131;32;3618.00;120
9386;32;622933092;9386;414;10517;10634;5.92;0.37;287.88;9.37;1131;32;3619.00;117
9389;32;622933106;9389;417;10518;10634;5.96;0.37;287.92;9.37;1129;32;3620.00;116
9392;32;622933120;9392;419;10522;10638;5.99;0.37;287.92;9.36;1130;32;3621.00;116
9395;32;622933135;9395;407;10523;10639;6.07;0.37;288.02;9.36;1128;32;3622.00;116
9399;32;622933149;9399;402;10524;10639;6.11;0.38;288.09;9.43;1125;32;3623.00;115
9402;32;622933169;9402;404;10526;10643;6.19;0.38;288.07;9.43;1124;32;3624.00;117
9405;32;622933182;9405;407;10526;10643;6.22;0.38;288.16;9.43;1121;32;3625.00;117
9408;32;622933196;9408;390;10527;10643;6.30;0.39;288.18;9.43;1119;32;3626.00;116
9411;32;622933209;9411;373;10527;10644;6.35;0.39;288.29;9.43;1116;32;3627.00;117
9414;32;622933224;9414;362;10528;10644;6.42;0.40;288.34;9.43;1114;32;3628.00;116
9418;32;622933238;9418;357;10533;10650;6.49;0.40;288.39;9.43;1115;32;3629.00;117
9421;32;622933255;9421;352;10533;10650;6.57;0.40;288.39;9.43;1112;32;3630.00;117
9425;32;622933269;9425;352;10535;10651;6.64;0.41;288.46;9.43;1110;32;3631.00;116
9430;32;622933283;9430;360;10536;10651;6.68;0.41;288.51;9.44;1106;32;3632.00;115
9430;32;622933298;9430;356;10537;10651;6.78;0.41;288.51;9.44;1107;32;3633.00;114
9435;32;622933317;9435;355;10538;10651;6.84;0.42;288.62;9.44;1103;32;3634.00;113
9437;32;622933331;9437;354;10540;10651;6.95;0.42;288.70;9.51;1103;32;3635.00;111
9439;32;622933344;9439;347;10547;10663;7.08;0.43;288.77;9.51;1108;32;3636.00;116
9440;32;622933359;9440;343;10550;10663;7.20;0.44;288.76;9.51;1110;32;3637.00;113
9446;32;622933373;9446;336;10552;10663;7.31;0.44;288.80;9.58;1106;32;3638.00;111
9448;32;622933388;9448;339;10555;10663;7.42;0.45;288.87;9.59;1107;32;3639.00;108
9451;32;622933402;9451;337;10556;10663;7.54;0.46;288.88;9.59;1105;32;3640.00;107
9454;32;622933422;9454;334;10558;10663;7.56;0.46;289.00;9.59;1104;32;3641.00;105
9457;32;622933436;9457;336;10562;10667;7.61;0.46;289.10;9.66;1105;32;3642.00;105
9458;32;622933451;9458;335;10562;10667;7.68;0.47;289.14;9.66;1104;32;3643.00;105
9463;32;622933465;9463;335;10566;10671;7.72;0.47;289.31;9.65;1103;32;3644.00;105
9465;32;622933480;9465;326;10568;10673;7.74;0.47;289.44;9.65;1103;32;3645.00;105
9467;32;622933494;9467;324;10568;10673;7.81;0.48;289.47;9.65;1101;32;3646.00;105
9470;32;622933508;9470;327;10569;10673;7.88;0.48;289.57;9.65;1099;32;3647.00;104
9476;32;622933522;9476;322;10577;10686;7.96;0.48;289.69;9.64;1101;32;3648.00;109
9477;32;622933537;9477;317;10578;10686;8.05;0.49;289.73;9.64;1101;32;3649.00;108
9480;32;622933551;9480;311;10578;10686;8.07;0.49;289.84;9.64;1098;32;3650.00;108
9486;32;622933565;9486;312;10580;10687;8.05;0.49;289.98;9.71;1094;32;3651.00;107
9487;32;622933579;9487;320;10580;10688;8.09;0.49;289.99;9.71;1093;32;3652.00;108
9491;32;622933593;9491;322;10580;10688;8.04;0.49;290.11;9.71;1089;32;3653.00;108
9493;32;622933607;9493;318;10582;10691;7.97;0.48;290.15;9.71;1089;32;3654.00;109
9496;32;622933620;9496;323;10582;10691;7.92;0.48;290.17;9.71;1086;32;3655.00;109
9499;32;622933634;9499;321;10583;10691;7.84;0.48;290.33;9.71;1084;32;3656.00;108
9502;32;622933647;9502;323;10584;10691;7.78;0.47;290.37;9.78;1082;32;3657.00;107
9504;32;622933660;9504;332;10589;10697;7.70;0.47;290.43;9.78;1085;32;3658.00;108
9507;32;622933674;9507;330;10589;10697;7.67;0.47;290.49;9.78;1082;32;3659.00;108
9508;32;622933689;9508;329;10589;10697;7.65;0.46;290.48;9.78;1081;32;3660.00;108
9512;32;622933702;9512;326;10589;10697;7.59;0.46;290.54;9.78;1077;32;3661.00;108
9514;32;622933715;9514;322;10591;10701;7.52;0.46;290.57;9.78;1077;32;3662.00;110
9515;32;622933729;9515;322;10592;10702;7.50;0.46;290.55;9.78;1077;32;3663.00;110
9517;32;622933742;9517;319;10592;10702;7.51;0.46;290.51;9.78;1075;32;3664.00;110
9518;32;622933755;9518;312;10593;10703;7.53;0.46;290.56;9.78;1075;32;3665.00;110
9521;32;622933768;9521;308;10593;10703;7.50;0.46;290.67;9.78;1072;32;3666.00;110
9523;32;622933782;9523;307;10594;10703;7.49;0.46;290.67;9.78;1071;32;3667.00;109
9525;32;622933795;9525;309;10594;10703;7.45;0.45;290.64;9.78;1069;32;3668.00;109
9527;32;622933808;9527;301;10594;10703;7.42;0.45;290.65;9.78;1067;32;3669.00;109
9532;32;622933821;9532;297;10594;10703;7.36;0.45;290.75;9.78;1062;32;3670.00;109
9538;32;622933834;9538;299;10595;10703;7.27;0.44;290.78;9.78;1057;32;3671.00;108
9540;32;622933848;9540;305;10627;10773;7.23;0.44;290.77;9.83;1087;32;3672.00;146
9542;32;622933866;9542;302;10630;10774;7.20;0.44;290.86;9.83;1088;32;3673.00;144
9547;32;622933880;9547;300;10636;10774;7.20;0.44;290.91;9.83;1089;32;3674.00;138
9552;32;622933893;9552;301;10641;10774;7.13;0.43;290.96;9.85;1089;32;3675.00;133
9554;32;622933907;9554;296;10644;10774;7.15;0.44;291.08;9.84;1090;32;3676.00;130
9557;32;622933919;9557;296;10646;10774;7.11;0.43;291.11;9.84;1089;32;3677.00;128
9561;32;622933932;9561;302;10649;10774;7.06;0.43;291.10;9.84;1088;32;3678.00;125
9569;32;622933946;9569;303;10652;10774;7.00;0.43;291.13;9.84;1083;32;3679.00;122
9571;32;622933959;9571;302;10655;10775;6.92;0.42;291.28;9.84;1084;32;3680.00;120
9571;32;622933972;9571;299;10658;10776;6.84;0.42;291.28;9.84;1087;32;3681.00;118
9572;32;622933984;9572;304;10660;10776;6.82;0.42;291.32;9.84;1088;32;3682.00;116
9575;32;622933997;9575;303;10665;10780;6.78;0.41;291.27;9.91;1090;32;3683.00;115
9579;32;622934010;9579;304;10665;10780;6.72;0.41;291.24;9.91;1086;32;3684.00;115
9581;32;622934027;9581;304;10665;10780;6.67;0.41;291.24;9.91;1084;32;3685.00;115
9584;32;622934049;9584;315;10665;10780;6.64;0.40;291.22;9.91;1081;32;3686.00;115
9586;32;622934069;9586;317;10671;10786;6.65;0.41;291.21;9.99;1085;32;3687.00;115
9587;32;622934088;9587;329;10671;10786;6.63;0.40;291.23;9.99;1084;32;3688.00;115
9590;32;622934106;9590;331;10671;10786;6.62;0.40;291.22;9.99;1081;32;3689.00;115
9594;32;622934126;9594;339;10677;10792;6.63;0.40;291.16;9.99;1083;32;3690.00;115
9597;32;622934141;9597;348;10678;10792;6.60;0.40;291.13;9.99;1081;32;3691.00;114
9598;32;622934155;9598;359;10680;10792;6.58;0.40;291.14;10.00;1082;32;3692.00;112
9602;32;622934168;9602;356;10682;10793;6.51;0.40;291.13;10.00;1080;32;3693.00;111
9606;32;622934181;9606;363;10684;10794;6.44;0.39;291.16;10.01;1078;32;3694.00;110
9607;32;622934194;9607;366;10686;10794;6.39;0.39;291.15;10.01;1079;32;3695.00;108
9609;32;622934210;9609;370;10696;10807;6.41;0.39;291.16;10.01;1087;32;3696.00;111
9612;32;622934225;9612;375;10696;10807;6.42;0.39;291.19;10.01;1084;32;3697.00;111
9614;32;622934238;9614;385;10697;10807;6.39;0.39;291.19;10.02;1083;32;3698.00;110
9617;32;622934251;9617;388;10698;10808;6.35;0.39;291.12;10.02;1081;32;3699.00;110
9618;32;622934265;9618;386;10700;10808;6.34;0.39;291.10;10.04;1082;32;3700.00;108
9626;32;622934281;9626;395;10706;10812;6.32;0.38;290.94;10.05;1080;32;3701.00;106
9626;32;622934295;9626;394;10706;10812;6.30;0.38;290.94;10.05;1080;32;3702.00;106
9627;32;622934306;9627;401;10711;10816;6.29;0.39;290.91;10.07;1084;32;3703.00;105
9628;32;622934319;9628;404;10712;10816;6.26;0.38;290.89;10.08;1084;32;3704.00;104
9630;32;622934331;9630;413;10712;10816;6.14;0.38;290.88;10.08;1082;32;3705.00;104
9634;32;622934343;9634;418;10715;10816;6.00;0.37;290.83;10.11;1081;32;3706.00;101
9637;32;622934355;9637;430;10715;10816;5.91;0.36;290.77;10.11;1078;32;3707.00;101
9638;32;622934367;9638;434;10726;10828;5.88;0.36;290.75;10.11;1088;32;3708.00;102
9640;32;622934380;9640;437;10728;10828;5.81;0.36;290.76;10.12;1088;32;3709.00;100
9642;32;622934393;9642;446;10728;10828;5.76;0.35;290.75;10.12;1086;32;3710.00;100
9644;32;622934404;9644;458;10732;10828;5.67;0.35;290.74;10.16;1088;32;3711.00;96
9644;32;622934417;9644;465;10732;10828;5.65;0.35;290.74;10.16;1088;32;3712.00;96
9648;32;622934430;9648;468;10735;10828;5.54;0.34;290.68;10.18;1087;32;3713.00;93
9651;32;622934444;9651;469;10736;10829;5.39;0.33;290.70;10.19;1085;32;3714.00;93
9652;32;622934457;9652;475;10739;10829;5.31;0.33;290.68;10.21;1087;32;3715.00;90
9655;32;622934471;9655;465;10744;10835;5.29;0.32;290.77;10.20;1089;32;3716.00;91
9656;32;622934483;9656;458;10748;10836;5.23;0.32;290.78;10.22;1092;32;3717.00;88
9657;32;622934498;9657;465;10748;10836;5.25;0.32;290.83;10.22;1091;32;3718.00;88
9658;32;622934509;9658;461;10749;10836;5.28;0.32;290.84;10.23;1091;32;3719.00;87
9659;32;622934523;9659;453;10754;10841;5.38;0.33;290.83;10.24;1095;32;3720.00;87
9663;32;622934537;9663;455;10755;10841;5.40;0.33;290.82;10.24;1092;32;3721.00;86
9663;32;622934556;9663;450;10755;10841;5.48;0.34;290.82;10.24;1092;32;3722.00;86
9663;32;622934568;9663;442;10756;10842;5.55;0.34;290.82;10.24;1093;32;3723.00;86
9670;32;622934580;9670;441;10759;10846;5.53;0.34;290.83;10.24;1089;32;3724.00;87
9670;32;622934594;9670;438;10759;10846;5.59;0.34;290.83;10.24;1089;32;3725.00;87
9674;32;622934606;9674;434;10765;10849;5.66;0.35;290.76;10.28;1091;32;3726.00;84
9676;32;622934619;9676;437;10766;10849;5.68;0.35;290.73;10.28;1090;32;3727.00;83
9678;32;622934631;9678;434;10769;10849;5.66;0.35;290.70;10.29;1091;32;3728.00;80
9681;32;622934655;9681;434;10770;10849;5.66;0.34;290.67;10.30;1089;32;3729.00;79
9682;32;622934667;9682;435;10775;10853;5.67;0.34;290.66;10.30;1093;32;3730.00;78
9682;32;622934686;9682;431;10777;10853;5.61;0.34;290.66;10.31;1095;32;3731.00;76
9687;32;622934697;9687;428;10777;10853;5.49;0.33;290.65;10.31;1090;32;3732.00;76
9688;32;622934709;9688;435;10778;10853;5.42;0.33;290.63;10.32;1090;32;3733.00;75
9690;32;622934721;9690;426;10778;10854;5.33;0.32;290.64;10.32;1088;32;3734.00;76
9691;32;622934732;9691;435;10781;10856;5.25;0.32;290.62;10.33;1090;32;3735.00;75
9695;32;622934744;9695;434;10781;10856;5.12;0.31;290.68;10.33;1086;32;3736.00;75
9697;32;622934755;9697;436;10782;10857;5.07;0.31;290.66;10.33;1085;32;3737.00;75
9702;32;622934767;9702;450;10783;10857;4.99;0.30;290.73;10.33;1081;32;3738.00;74
9704;32;622934777;9704;449;10785;10857;4.97;0.30;290.69;10.35;1081;32;3739.00;72
9708;32;622934788;9708;437;10786;10857;4.93;0.30;290.82;10.35;1078;32;3740.00;71
9712;32;622934799;9712;428;10786;10857;4.93;0.30;290.81;10.35;1074;32;3741.00;71
9715;32;622934810;9715;425;10786;10857;4.95;0.30;290.89;10.35;1071;32;3742.00;71
9718;32;622934821;9718;414;10787;10857;4.97;0.30;290.89;10.36;1069;32;3743.00;70
9720;32;622934832;9720;421;10845;10984;5.36;0.33;290.89;10.31;1125;32;3744.00;139
9723;32;622934853;9723;427;10850;10985;5.41;0.34;290.93;10.31;1127;32;3745.00;135
9726;32;622934864;9726;419;10860;10985;5.50;0.34;290.96;10.31;1134;32;3746.00;125
9726;32;622934876;9726;415;10867;10985;5.55;0.34;290.96;10.31;1141;32;3747.00;118
9730;32;622934887;9730;410;10876;10985;5.58;0.35;291.04;10.31;1146;32;3748.00;109
9731;32;622934900;9731;414;10879;10985;5.55;0.34;291.07;10.30;1148;32;3749.00;106
9734;32;622934914;9734;413;10884;10990;5.52;0.34;291.10;10.30;1150;32;3750.00;106
9738;32;622934926;9738;414;10887;10990;5.51;0.34;291.10;10.38;1149;32;3751.00;103
9743;32;622934940;9743;413;10889;10991;5.50;0.34;291.28;10.38;1146;32;3752.00;102
9746;32;622934952;9746;412;10893;10992;5.47;0.34;291.24;10.38;1147;32;3753.00;99
9751;32;622934964;9751;412;10895;10992;5.47;0.34;291.25;10.38;1144;32;3754.00;97
9756;32;622934979;9756;419;10898;10993;5.47;0.34;291.31;10.38;1142;32;3755.00;95
9760;32;622934992;9760;423;10905;10993;5.47;0.34;291.38;10.38;1145;32;3756.00;88
9765;32;622935005;9765;421;10906;10993;5.43;0.33;291.43;10.38;1141;32;3757.00;87
9768;32;622935020;9768;418;10906;10993;5.46;0.34;291.47;10.38;1138;32;3758.00;87
9771;32;622935033;9771;415;10912;10997;5.46;0.33;291.45;10.38;1141;32;3759.00;85
9775;32;622935047;9775;415;10913;10997;5.47;0.34;291.57;10.38;1138;32;3760.00;84
9778;32;622935059;9778;413;10914;10997;5.52;0.34;291.57;10.38;1136;32;3761.00;83
9780;32;622935074;9780;411;10916;11000;5.56;0.34;291.54;10.37;1136;32;3762.00;84
9784;32;622935086;9784;403;10917;11000;5.56;0.34;291.62;10.38;1133;32;3763.00;83
9787;32;622935099;9787;393;10917;11000;5.61;0.34;291.61;10.38;1130;32;3764.00;83
9788;32;622935112;9788;380;10922;11004;5.74;0.35;291.59;10.38;1134;32;3765.00;82
9794;32;622935124;9794;384;10923;11005;5.81;0.36;291.66;10.37;1129;32;3766.00;82
9797;32;622935137;9797;385;10924;11005;5.93;0.36;291.65;10.37;1127;32;3767.00;81
9800;32;622935150;9800;390;10928;11009;6.02;0.37;291.67;10.37;1128;32;3768.00;81
9803;32;622935163;9803;397;10929;11009;6.03;0.37;291.73;10.45;1126;32;3769.00;80
9804;32;622935176;9804;388;10929;11009;6.07;0.37;291.74;10.45;1125;32;3770.00;80
9811;32;622935190;9811;391;10931;11010;6.05;0.37;291.91;10.45;1120;32;3771.00;79
9814;32;622935203;9814;386;10931;11010;6.08;0.37;291.94;10.45;1117;32;3772.00;79
9817;32;622935215;9817;390;10936;11016;6.10;0.37;291.98;10.45;1119;32;3773.00;80
9822;32;622935228;9822;396;10937;11016;6.09;0.37;292.02;10.45;1115;32;3774.00;79
9826;32;622935241;9826;399;10938;11017;6.09;0.37;292.01;10.45;1112;32;3775.00;79
9832;32;622935254;9832;399;10938;11017;6.05;0.37;292.05;10.45;1106;32;3776.00;79
9838;32;622935272;9838;394;10938;11017;6.02;0.37;292.13;10.45;1100;32;3777.00;79
9842;32;622935285;9842;403;10938;11017;6.02;0.37;292.19;10.45;1096;32;3778.00;79
9849;32;622935298;9849;401;10938;11017;5.99;0.36;292.27;10.45;1089;32;3779.00;79
9851;32;622935312;9851;412;10963;11053;6.11;0.37;292.33;10.43;1112;32;3780.00;90
9855;32;622935327;9855;417;10964;11053;6.08;0.37;292.37;10.43;1109;32;3781.00;89
9858;32;622935340;9858;417;10966;11053;6.09;0.37;292.33;10.43;1108;32;3782.00;87
9861;32;622935353;9861;413;10966;11053;6.06;0.37;292.35;10.43;1105;32;3783.00;87
9865;32;622935366;9865;412;10967;11053;6.05;0.37;292.34;10.43;1102;32;3784.00;86
9871;32;622935379;9871;415;10968;11053;6.01;0.36;292.42;10.43;1097;32;3785.00;85
9877;32;622935391;9877;411;10971;11057;5.96;0.36;292.56;10.42;1094;32;3786.00;86
9879;32;622935404;9879;410;10971;11057;5.96;0.36;292.54;10.42;1092;32;3787.00;86
9883;32;622935417;9883;397;10975;11061;5.92;0.36;292.61;10.42;1092;32;3788.00;86
9890;32;622935431;9890;391;10977;11062;5.92;0.36;292.73;10.42;1087;32;3789.00;85
9892;32;622935444;9892;392;10977;11062;5.95;0.36;292.73;10.42;1085;32;3790.00;85
9893;32;622935457;9893;392;10977;11062;5.96;0.36;292.80;10.42;1084;32;3791.00;85
9896;32;622935471;9896;392;10986;11075;6.05;0.37;292.83;10.41;1090;32;3792.00;89
9897;32;622935490;9897;394;10986;11075;6.09;0.37;292.83;10.41;1089;32;3793.00;89
9900;32;622935503;9900;396;10986;11075;6.12;0.37;292.81;10.41;1086;32;3794.00;89
9903;32;622935516;9903;399;10987;11076;6.16;0.37;292.84;10.41;1084;32;3795.00;89
9905;32;622935534;9905;388;10988;11077;6.23;0.38;292.88;10.41;1083;32;3796.00;89
9907;32;622935548;9907;381;10988;11077;6.28;0.38;292.92;10.41;1081;32;3797.00;89
9910;32;622935560;9910;372;10990;11080;6.34;0.39;292.97;10.41;1080;32;3798.00;90
9911;32;622935574;9911;368;10992;11080;6.39;0.39;293.04;10.41;1081;32;3799.00;88
9915;32;622935593;9915;353;10993;11080;6.46;0.39;293.05;10.41;1078;32;3800.00;87
9916;32;622935610;9916;346;10994;11080;6.52;0.40;293.10;10.49;1078;32;3801.00;86
9917;32;622935624;9917;341;10999;11086;6.61;0.40;293.14;10.49;1082;32;3802.00;87
9917;32;622935638;9917;340;10999;11086;6.64;0.40;293.14;10.49;1082;32;3803.00;87
9919;32;622935651;9919;342;10999;11086;6.63;0.40;293.22;10.49;1080;32;3804.00;87
9920;32;622935664;9920;340;10999;11086;6.65;0.40;293.22;10.49;1079;32;3805.00;87
9924;32;622935677;9924;353;11002;11090;6.63;0.40;293.21;10.48;1078;32;3806.00;88
9925;32;622935691;9925;346;11003;11091;6.61;0.40;293.24;10.48;1078;32;3807.00;88
9927;32;622935704;9927;342;11003;11091;6.60;0.40;293.27;10.48;1076;32;3808.00;88
9932;32;622935717;9932;342;11004;11092;6.58;0.40;293.35;10.48;1072;32;3809.00;88
9932;32;622935732;9932;339;11004;11092;6.59;0.40;293.35;10.48;1072;32;3810.00;88
9934;32;622935745;9934;338;11004;11092;6.63;0.40;293.37;10.48;1070;32;3811.00;88
9937;32;622935758;9937;334;11004;11092;6.62;0.40;293.47;10.48;1067;32;3812.00;88
9942;32;622935771;9942;337;11004;11092;6.60;0.40;293.57;10.48;1062;32;3813.00;88
9945;32;622935801;9945;336;11004;11092;6.61;0.40;293.58;10.48;1059;32;3814.00;88
9947;32;622935813;9947;338;11004;11092;6.64;0.40;293.59;10.48;1057;32;3815.00;88
9952;32;622935826;9952;345;11040;11162;6.63;0.40;293.73;10.45;1088;32;3816.00;122
9953;32;622935845;9953;345;11041;11163;6.68;0.41;293.72;10.53;1088;32;3817.00;122
9956;32;622935858;9956;352;11047;11163;6.79;0.41;293.75;10.53;1091;32;3818.00;116
9960;32;622935870;9960;349;11048;11163;6.82;0.41;293.84;10.53;1088;32;3819.00;115
9965;32;622935883;9965;351;11053;11163;6.85;0.42;293.91;10.52;1088;32;3820.00;110
9967;32;622935897;9967;357;11055;11163;6.90;0.42;293.99;10.52;1088;32;3821.00;108
9969;32;622935910;9969;355;11059;11163;6.94;0.42;293.99;10.52;1090;32;3822.00;104
9971;32;622935924;9971;353;11062;11163;7.00;0.42;294.02;10.52;1091;32;3823.00;101
9971;32;622935937;9971;359;11063;11164;7.04;0.43;294.02;10.52;1092;32;3824.00;101
9973;32;622935948;9973;359;11066;11166;7.02;0.43;294.03;10.52;1093;32;3825.00;100
9975;32;622935962;9975;370;11069;11166;7.03;0.43;294.05;10.52;1094;32;3826.00;97
9979;32;622935974;9979;370;11074;11170;6.96;0.42;294.07;10.52;1095;32;3827.00;96
9981;32;622935988;9981;376;11076;11170;6.90;0.42;294.09;10.51;1095;32;3828.00;94
9984;32;622936001;9984;375;11076;11170;6.85;0.42;294.12;10.51;1092;32;3829.00;94
9986;32;622936014;9986;374;11077;11170;6.83;0.42;294.21;10.60;1091;32;3830.00;93
9986;32;622936043;9986;375;11081;11176;6.84;0.42;294.21;10.60;1095;32;3831.00;95
9988;32;622936065;9988;376;11081;11176;6.85;0.42;294.22;10.60;1093;32;3832.00;95
9989;32;622936087;9989;374;11081;11176;6.80;0.42;294.20;10.60;1092;32;3833.00;95
9992;32;622936105;9992;373;11083;11179;6.80;0.42;294.22;10.59;1091;32;3834.00;96
9993;32;622936127;9993;370;11083;11179;6.79;0.41;294.22;10.59;1090;32;3835.00;96
9995;32;622936144;9995;376;11084;11179;6.76;0.41;294.23;10.59;1089;32;3836.00;95
9998;32;622936158;9998;375;11084;11180;6.68;0.41;294.21;10.59;1086;32;3837.00;96
10002;32;622936171;10002;376;11085;11181;6.64;0.41;294.15;10.59;1083;32;3838.00;96
10006;32;622936185;10006;375;11085;11181;6.59;0.40;294.10;10.59;1079;32;3839.00;96
10008;32;622936200;10008;370;11100;11207;6.54;0.40;294.09;10.58;1092;32;3840.00;107
10011;32;622936217;10011;369;11101;11207;6.46;0.40;294.04;10.58;1090;32;3841.00;106
10018;32;622936231;10018;365;11103;11207;6.41;0.39;294.02;10.58;1085;32;3842.00;104
10021;32;622936245;10021;361;11106;11208;6.41;0.39;294.01;10.57;1085;32;3843.00;102
10024;32;622936259;10024;360;11106;11208;6.40;0.39;293.99;10.57;1082;32;3844.00;102
10027;32;622936272;10027;365;11110;11212;6.41;0.39;293.97;10.58;1083;32;3845.00;102
10033;32;622936287;10033;364;11113;11214;6.36;0.39;293.95;10.67;1080;32;3846.00;101
10037;32;622936301;10037;365;11116;11218;6.33;0.39;293.91;10.67;1079;32;3847.00;102
10038;32;622936314;10038;363;11116;11218;6.34;0.39;293.91;10.67;1078;32;3848.00;102
10040;32;622936326;10040;365;11116;11218;6.32;0.39;293.89;10.67;1076;32;3849.00;102
10043;32;622936346;10043;366;11116;11218;6.28;0.38;293.84;10.67;1073;32;3850.00;102
10047;32;622936358;10047;362;11116;11218;6.23;0.38;293.79;10.67;1069;32;3851.00;102
10053;32;622936370;10053;366;11125;11230;6.19;0.38;293.75;10.66;1072;32;3852.00;105
10055;32;622936383;10055;367;11125;11230;6.15;0.37;293.73;10.66;1070;32;3853.00;105
10059;32;622936395;10059;366;11127;11230;6.11;0.37;293.72;10.66;1068;32;3854.00;103
10061;32;622936408;10061;356;11127;11230;6.08;0.37;293.70;10.66;1066;32;3855.00;103
10062;32;622936419;10062;359;11127;11230;6.04;0.37;293.68;10.66;1065;32;3856.00;103
10064;32;622936431;10064;363;11129;11230;6.02;0.37;293.66;10.74;1065;32;3857.00;101
10065;32;622936444;10065;364;11129;11231;5.98;0.36;293.67;10.74;1064;32;3858.00;102
10066;32;622936456;10066;365;11129;11231;5.98;0.36;293.68;10.74;1063;32;3859.00;102
10066;32;622936468;10066;367;11134;11237;5.97;0.36;293.68;10.74;1068;32;3860.00;103
10068;32;622936481;10068;363;11134;11238;5.94;0.36;293.67;10.74;1066;32;3861.00;104
10069;32;622936493;10069;370;11136;11238;5.89;0.36;293.68;10.74;1067;32;3862.00;102
10072;32;622936504;10072;372;11137;11238;5.86;0.36;293.64;10.74;1065;32;3863.00;101
10075;32;622936517;10075;379;11141;11242;5.86;0.36;293.62;10.74;1066;32;3864.00;101
10076;32;622936529;10076;384;11143;11242;5.81;0.35;293.62;10.75;1067;32;3865.00;99
10077;32;622936542;10077;380;11144;11242;5.77;0.35;293.67;10.76;1067;32;3866.00;98
10080;32;622936553;10080;378;11145;11243;5.79;0.35;293.65;10.76;1065;32;3867.00;98
10082;32;622936567;10082;378;11148;11247;5.77;0.35;293.65;10.76;1066;32;3868.00;99
10083;32;622936579;10083;376;11148;11247;5.79;0.35;293.64;10.76;1065;32;3869.00;99
10083;32;622936593;10083;376;11154;11253;5.84;0.35;293.64;10.77;1071;32;3870.00;99
10085;32;622936606;10085;380;11155;11253;5.88;0.36;293.64;10.77;1070;32;3871.00;98
10088;32;622936619;10088;377;11158;11253;5.93;0.36;293.67;10.79;1070;32;3872.00;95
10089;32;622936631;10089;381;11158;11253;5.96;0.36;293.68;10.79;1069;32;3873.00;95
10090;32;622936644;10090;385;11162;11257;6.05;0.37;293.68;10.79;1072;32;3874.00;95
10090;32;622936658;10090;392;11163;11257;6.08;0.37;293.68;10.80;1073;32;3875.00;94
10090;32;622936672;10090;398;11164;11257;6.10;0.37;293.68;10.81;1074;32;3876.00;93
10090;32;622936694;10090;396;11166;11257;6.07;0.37;293.68;10.83;1076;32;3877.00;91
10090;32;622936715;10090;398;11167;11258;6.05;0.37;293.68;10.84;1077;32;3878.00;91
10091;32;622936731;10091;397;11168;11259;6.05;0.37;293.67;10.84;1077;32;3879.00;91
10092;32;622936747;10092;403;11170;11259;5.97;0.36;293.66;10.87;1078;32;3880.00;89
10094;32;622936766;10094;404;11172;11260;5.93;0.36;293.64;10.88;1078;32;3881.00;88
10095;32;622936796;10095;401;11173;11260;5.87;0.36;293.62;10.89;1078;32;3882.00;87
10095;32;622936816;10095;407;11173;11260;5.81;0.35;293.62;10.89;1078;32;3883.00;87
10095;32;622936837;10095;409;11175;11260;5.74;0.35;293.62;10.91;1080;32;3884.00;85
10096;32;622936856;10096;413;11176;11260;5.63;0.34;293.62;10.92;1080;32;3885.00;84
10096;32;622936869;10096;421;11177;11260;5.58;0.34;293.62;10.93;1081;32;3886.00;83
10097;32;622936881;10097;422;11177;11260;5.45;0.33;293.62;10.93;1080;32;3887.00;83
10098;32;622936893;10098;449;11241;11387;5.63;0.35;293.62;10.89;1143;32;3888.00;146
10103;32;622936915;10103;442;11244;11388;5.59;0.35;293.79;10.89;1141;32;3889.00;144
10105;32;622936928;10105;441;11256;11388;5.63;0.35;293.87;10.90;1151;32;3890.00;132
10108;32;622936941;10108;445;11260;11388;5.56;0.35;293.87;10.90;1152;32;3891.00;128
10111;32;622936954;10111;444;11265;11388;5.53;0.34;293.85;10.90;1154;32;3892.00;123
10113;32;622936967;10113;437;11269;11388;5.49;0.34;293.84;10.91;1156;32;3893.00;119
10115;32;622936980;10115;436;11271;11388;5.46;0.34;293.82;10.91;1156;32;3894.00;117
10117;32;622936993;10117;433;11275;11388;5.45;0.34;293.82;10.93;1158;32;3895.00;113
10119;32;622937006;10119;446;11278;11389;5.49;0.34;293.79;10.94;1159;32;3896.00;111
10121;32;622937020;10121;452;11283;11390;5.49;0.34;293.77;10.94;1162;32;3897.00;107
10124;32;622937034;10124;453;11285;11390;5.44;0.33;293.75;10.94;1161;32;3898.00;105
10125;32;622937047;10125;456;11288;11391;5.41;0.33;293.73;10.94;1163;32;3899.00;103
10127;32;622937062;10127;471;11296;11406;5.30;0.33;293.77;10.95;1169;32;3900.00;110
10131;32;622937085;10131;475;11300;11406;5.24;0.32;293.74;10.96;1169;32;3901.00;106
10132;32;622937099;10132;479;11302;11406;5.21;0.32;293.72;10.96;1170;32;3902.00;104
10135;32;622937114;10135;489;11308;11410;5.10;0.32;293.75;10.97;1173;32;3903.00;102
10141;32;622937143;10141;487;11309;11410;5.00;0.31;293.80;10.97;1168;32;3904.00;101
10146;32;622937157;10146;487;11312;11410;4.95;0.30;293.83;10.97;1166;32;3905.00;98
10149;32;622937173;10149;495;11317;11413;4.89;0.30;293.83;10.98;1168;32;3906.00;96
10152;32;622937190;10152;491;11318;11413;4.87;0.30;293.84;10.99;1166;32;3907.00;95
10159;32;622937203;10159;500;11323;11413;4.78;0.29;293.83;11.00;1164;32;3908.00;90
10163;32;622937215;10163;503;11328;11417;4.74;0.29;293.82;10.99;1165;32;3909.00;89
10164;32;622937228;10164;496;11329;11418;4.79;0.29;293.83;10.99;1165;32;3910.00;89
10166;32;622937241;10166;494;11334;11418;4.83;0.30;293.90;11.00;1168;32;3911.00;84
10169;32;622937254;10169;493;11337;11422;4.86;0.30;293.91;11.00;1168;32;3912.00;85
10173;33;622937266;10173;484;11338;11422;4.89;0.30;294.00;11.00;1165;33;3913.00;84
10176;33;622937291;10176;488;11342;11422;4.92;0.30;294.00;11.01;1166;33;3914.00;80
10180;33;622937309;10180;479;11345;11424;4.88;0.30;294.01;11.00;1165;33;3915.00;79
10184;33;622937322;10184;486;11345;11424;4.85;0.30;294.03;11.00;1161;33;3916.00;79
10186;33;622937334;10186;476;11351;11430;4.87;0.30;294.04;11.00;1165;33;3917.00;79
10188;33;622937347;10188;469;11351;11430;4.88;0.30;294.12;11.00;1163;33;3918.00;79
10190;33;622937360;10190;465;11351;11431;4.90;0.30;294.13;11.00;1161;33;3919.00;80
10191;33;622937378;10191;466;11351;11431;4.96;0.30;294.13;11.00;1160;33;3920.00;80
10193;33;622937390;10193;461;11352;11431;5.05;0.31;294.15;11.08;1159;33;3921.00;79
10196;33;622937403;10196;451;11353;11431;5.12;0.31;294.14;11.09;1157;33;3922.00;78
10199;33;622937416;10199;440;11354;11431;5.16;0.32;294.19;11.09;1155;33;3923.00;77
10203;33;622937428;10203;436;11362;11443;5.30;0.32;294.21;11.08;1159;33;3924.00;81
10206;33;622937443;10206;432;11363;11443;5.36;0.33;294.17;11.08;1157;33;3925.00;80
10212;33;622937456;10212;429;11364;11443;5.41;0.33;294.20;11.08;1152;33;3926.00;79
10213;33;622937471;10213;421;11364;11443;5.51;0.34;294.20;11.08;1151;33;3927.00;79
10216;33;622937484;10216;414;11364;11443;5.53;0.34;294.28;11.08;1148;33;3928.00;79
10219;33;622937503;10219;415;11365;11443;5.54;0.34;294.40;11.08;1146;33;3929.00;78
10221;33;622937518;10221;416;11368;11447;5.54;0.34;294.42;11.08;1147;33;3930.00;79
10226;33;622937533;10226;411;11369;11447;5.46;0.33;294.55;11.08;1143;33;3931.00;78
10230;33;622937548;10230;416;11373;11451;5.42;0.33;294.62;11.07;1143;33;3932.00;78
10235;33;622937562;10235;411;11374;11452;5.39;0.33;294.64;11.07;1139;33;3933.00;78
10237;33;622937575;10237;413;11374;11452;5.42;0.33;294.68;11.07;1137;33;3934.00;78
10240;33;622937595;10240;407;11374;11452;5.47;0.33;294.72;11.07;1134;33;3935.00;78
10246;33;622937608;10246;410;11383;11465;5.43;0.33;294.82;11.06;1137;33;3936.00;82
10249;33;622937623;10249;404;11383;11465;5.40;0.33;294.81;11.06;1134;33;3937.00;82
10251;33;622937636;10251;395;11383;11465;5.39;0.33;294.80;11.06;1132;33;3938.00;82
10254;33;622937650;10254;392;11384;11466;5.44;0.33;294.80;11.06;1130;33;3939.00;82
10258;33;622937664;10258;393;11384;11467;5.44;0.33;294.87;11.06;1126;33;3940.00;83
10265;33;622937677;10265;391;11385;11467;5.42;0.33;294.87;11.14;1120;33;3941.00;82
10270;33;622937691;10270;388;11387;11470;5.49;0.33;294.90;11.14;1117;33;3942.00;83
10277;33;622937705;10277;384;11389;11470;5.50;0.33;294.94;11.14;1112;33;3943.00;81
10281;33;622937719;10281;380;11389;11470;5.53;0.34;294.94;11.14;1108;33;3944.00;81
10285;33;622937732;10285;383;11389;11470;5.54;0.34;294.98;11.14;1104;33;3945.00;81
10290;33;622937746;10290;384;11395;11476;5.52;0.33;295.07;11.14;1105;33;3946.00;81
10291;33;622937760;10291;383;11395;11476;5.53;0.34;295.06;11.14;1104;33;3947.00;81
10295;33;622937773;10295;389;11395;11476;5.51;0.33;295.13;11.14;1100;33;3948.00;81
10297;33;622937786;10297;391;11396;11476;5.45;0.33;295.20;11.14;1099;33;3949.00;80
10300;33;622937799;10300;390;11399;11480;5.43;0.33;295.21;11.14;1099;33;3950.00;81
10302;33;622937812;10302;388;11401;11481;5.48;0.33;295.27;11.13;1099;33;3951.00;80
10305;33;622937825;10305;392;11401;11481;5.50;0.33;295.25;11.13;1096;33;3952.00;80
10309;33;622937838;10309;394;11402;11482;5.48;0.33;295.32;11.13;1093;33;3953.00;80
10311;33;622937851;10311;384;11402;11482;5.48;0.33;295.36;11.13;1091;33;3954.00;80
10312;33;622937864;10312;383;11402;11482;5.50;0.34;295.37;11.13;1090;33;3955.00;80
10314;33;622937876;10314;390;11402;11482;5.48;0.34;295.46;11.13;1088;33;3956.00;80
10316;33;622937889;10316;376;11403;11482;5.45;0.33;295.47;11.21;1087;33;3957.00;79
10323;33;622937904;10323;367;11403;11482;5.43;0.33;295.61;11.21;1080;33;3958.00;79
10328;33;622937920;10328;361;11403;11482;5.40;0.33;295.79;11.21;1075;33;3959.00;79
10330;33;622937940;10330;377;11470;11607;5.50;0.34;295.79;11.15;1140;33;3960.00;137
10333;33;622937970;10333;373;11473;11608;5.51;0.34;295.88;11.15;1140;33;3961.00;135
10336;33;622937984;10336;367;11481;11608;5.61;0.35;295.97;11.14;1145;33;3962.00;127
10339;33;622937997;10339;361;11482;11608;5.67;0.35;296.01;11.14;1143;33;3963.00;126
10341;33;622938011;10341;361;11486;11608;5.69;0.35;295.97;11.14;1145;33;3964.00;122
10345;33;622938028;10345;366;11487;11608;5.66;0.35;296.04;11.14;1142;33;3965.00;121
10349;33;622938049;10349;356;11491;11608;5.64;0.35;296.07;11.13;1142;33;3966.00;117
10351;33;622938072;10351;346;11494;11608;5.65;0.35;296.21;11.13;1143;33;3967.00;114
10352;33;622938093;10352;348;11498;11609;5.63;0.35;296.27;11.13;1146;33;3968.00;111
10354;33;622938114;10354;352;11501;11610;5.56;0.34;296.40;11.13;1147;33;3969.00;109
10355;33;622938135;10355;353;11504;11610;5.49;0.34;296.46;11.13;1149;33;3970.00;106
10358;33;622938151;10358;362;11509;11614;5.38;0.33;296.53;11.21;1151;33;3971.00;105
10363;33;622938167;10363;364;11510;11614;5.27;0.32;296.51;11.21;1147;33;3972.00;104
10366;33;622938196;10366;373;11511;11614;5.21;0.32;296.49;11.21;1145;33;3973.00;103
10368;33;622938214;10368;379;11512;11614;5.17;0.32;296.50;11.21;1144;33;3974.00;102
10370;33;622938230;10370;385;11517;11620;5.16;0.32;296.57;11.20;1147;34;3975.00;103
10371;33;622938258;10371;393;11518;11620;5.27;0.32;296.58;11.20;1147;34;3976.00;102
10373;33;622938273;10373;397;11519;11620;5.32;0.33;296.67;11.20;1146;34;3977.00;101
10376;33;622938287;10376;396;11522;11623;5.37;0.33;296.69;11.20;1146;34;3978.00;101
10379;33;622938301;10379;395;11522;11623;5.43;0.33;296.70;11.20;1143;34;3979.00;101
10382;33;622938315;10382;398;11522;11623;5.48;0.34;296.73;11.20;1140;34;3980.00;101
10384;33;622938329;10384;404;11522;11624;5.54;0.34;296.82;11.20;1138;34;3981.00;102
10386;33;622938344;10386;403;11524;11625;5.58;0.34;296.80;11.28;1138;34;3982.00;101
10388;33;622938358;10388;400;11524;11625;5.62;0.34;296.79;11.28;1136;34;3983.00;101
10394;33;622938373;10394;404;11534;11638;5.68;0.35;296.89;11.27;1140;34;3984.00;104
10398;33;622938393;10398;396;11535;11638;5.75;0.35;296.94;11.27;1137;34;3985.00;103
10402;33;622938409;10402;399;11535;11638;5.77;0.35;297.00;11.27;1133;34;3986.00;103
10406;33;622938423;10406;399;11536;11639;5.79;0.35;297.03;11.27;1130;34;3987.00;103
10407;33;622938439;10407;396;11536;11639;5.85;0.36;297.01;11.27;1129;34;3988.00;103
10409;33;622938453;10409;393;11540;11643;5.92;0.36;297.04;11.26;1131;34;3989.00;103
10412;33;622938471;10412;391;11540;11643;5.97;0.36;297.05;11.26;1128;34;3990.00;103
10414;33;622938487;10414;395;11543;11647;6.03;0.37;297.08;11.26;1129;34;3991.00;104
10418;33;622938504;10418;396;11543;11647;6.10;0.37;297.14;11.26;1125;34;3992.00;104
10419;33;622938521;10419;393;11544;11647;6.14;0.37;297.12;11.34;1125;34;3993.00;103
10419;33;622938542;10419;397;11544;11647;6.20;0.38;297.12;11.34;1125;34;3994.00;103
10421;33;622938558;10421;391;11544;11647;6.21;0.38;297.12;11.34;1123;34;3995.00;103
10424;33;622938574;10424;393;11554;11659;6.23;0.38;297.09;11.33;1130;34;3996.00;105
10429;33;622938590;10429;389;11555;11659;6.24;0.38;297.07;11.33;1126;34;3997.00;104
10432;33;622938608;10432;396;11555;11659;6.24;0.38;297.08;11.33;1123;34;3998.00;104
10433;33;622938622;10433;392;11555;11659;6.26;0.38;297.08;11.33;1122;34;3999.00;104
10435;33;622938638;10435;393;11555;11659;6.26;0.38;297.09;11.33;1120;34;4000.00;104
10437;33;622938659;10437;398;11555;11659;6.26;0.38;297.07;11.33;1118;34;4001.00;104
10439;33;622938674;10439;406;11555;11660;6.23;0.38;297.09;11.33;1116;34;4002.00;105
10441;33;622938689;10441;404;11555;11660;6.24;0.38;297.09;11.33;1114;34;4003.00;105
10443;33;622938709;10443;410;11561;11666;6.23;0.38;297.13;11.40;1118;34;4004.00;105
10444;33;622938725;10444;406;11563;11668;6.20;0.38;297.11;11.40;1119;34;4005.00;105
10445;33;622938739;10445;411;11563;11668;6.16;0.37;297.09;11.40;1118;34;4006.00;105
10447;33;622938754;10447;415;11563;11668;6.07;0.37;297.15;11.40;1116;34;4007.00;105
10447;33;622938769;10447;411;11566;11672;6.03;0.37;297.15;11.39;1119;34;4008.00;106
10452;33;622938786;10452;412;11566;11672;5.98;0.36;297.12;11.39;1114;34;4009.00;106
10454;33;622938803;10454;414;11566;11672;5.92;0.36;297.15;11.39;1112;34;4010.00;106
10457;33;622938817;10457;415;11567;11673;5.88;0.36;297.15;11.39;1110;34;4011.00;106
10459;33;622938833;10459;413;11570;11677;5.83;0.35;297.17;11.39;1111;34;4012.00;107
10462;33;622938849;10462;416;11570;11677;5.76;0.35;297.13;11.39;1108;34;4013.00;107
10464;33;622938867;10464;415;11572;11680;5.73;0.35;297.10;11.39;1108;34;4014.00;108
10465;33;622938886;10465;412;11575;11680;5.74;0.35;297.09;11.41;1110;34;4015.00;105
10466;33;622938902;10466;408;11575;11680;5.71;0.35;297.07;11.41;1109;34;4016.00;105
10468;33;622938918;10468;407;11575;11680;5.66;0.34;297.07;11.41;1107;34;4017.00;105
10473;33;622938932;10473;410;11579;11684;5.67;0.34;297.08;11.40;1106;34;4018.00;105
10474;33;622938947;10474;404;11579;11684;5.70;0.35;297.09;11.40;1105;34;4019.00;105
10475;33;622938963;10475;394;11579;11684;5.68;0.34;297.11;11.40;1104;34;4020.00;105
10476;33;622938978;10476;384;11579;11684;5.69;0.35;297.11;11.40;1103;34;4021.00;105
10476;33;622938993;10476;379;11579;11685;5.70;0.35;297.11;11.40;1103;34;4022.00;106
10478;33;622939006;10478;376;11580;11686;5.73;0.35;297.11;11.40;1102;34;4023.00;106
10478;33;622939021;10478;369;11580;11686;5.73;0.35;297.11;11.40;1102;34;4024.00;106
10479;33;622939043;10479;367;11581;11687;5.74;0.35;297.09;11.40;1102;34;4025.00;106
10482;33;622939057;10482;360;11581;11687;5.73;0.35;297.04;11.40;1099;34;4026.00;106
10486;33;622939072;10486;355;11581;11687;5.76;0.35;297.01;11.40;1095;34;4027.00;106
10486;33;622939085;10486;356;11581;11687;5.81;0.35;297.01;11.40;1095;34;4028.00;106
10489;33;622939099;10489;355;11581;11687;5.80;0.35;296.97;11.40;1092;34;4029.00;106
10489;33;622939112;10489;352;11581;11687;5.90;0.36;296.97;11.40;1092;34;4030.00;106
10490;33;622939128;10490;344;11581;11687;5.95;0.36;296.98;11.40;1091;34;4031.00;106
10491;33;622939148;10491;356;11649;11814;6.16;0.38;296.99;11.33;1158;34;4032.00;165
10492;33;622939184;10492;349;11651;11815;6.24;0.38;297.00;11.33;1159;34;4033.00;164
10493;33;622939212;10493;347;11660;11815;6.34;0.39;297.01;11.33;1167;34;4034.00;155
10496;33;622939229;10496;341;11663;11815;6.33;0.39;296.99;11.32;1167;34;4035.00;152
10497;33;622939249;10497;335;11669;11815;6.37;0.39;296.98;11.32;1172;34;4036.00;146
10500;33;622939264;10500;338;11672;11815;6.35;0.39;296.94;11.32;1172;34;4037.00;143
10502;33;622939278;10502;340;11675;11815;6.35;0.39;296.94;11.32;1173;34;4038.00;140
10502;33;622939292;10502;344;11677;11815;6.42;0.39;296.94;11.32;1175;34;4039.00;138
10503;33;622939305;10503;352;11680;11816;6.41;0.39;296.98;11.33;1177;34;4040.00;136
10505;33;622939319;10505;357;11686;11817;6.37;0.39;297.04;11.34;1181;34;4041.00;131
10508;33;622939336;10508;362;11689;11817;6.31;0.39;297.07;11.35;1181;34;4042.00;128
10510;33;622939351;10510;361;11692;11818;6.21;0.38;297.04;11.35;1182;34;4043.00;126
10512;33;622939366;10512;371;11694;11818;6.15;0.38;297.05;11.38;1182;34;4044.00;124
10516;33;622939381;10516;382;11699;11818;6.04;0.37;297.18;11.39;1183;34;4045.00;119
10516;33;622939395;10516;392;11701;11818;5.98;0.37;297.18;11.40;1185;34;4046.00;117
10521;33;622939408;10521;397;11707;11822;5.93;0.36;297.20;11.41;1186;34;4047.00;115
10522;33;622939421;10522;416;11707;11822;5.84;0.36;297.28;11.41;1185;34;4048.00;115
10524;33;622939434;10524;416;11707;11822;5.82;0.36;297.29;11.41;1183;34;4049.00;115
10526;33;622939448;10526;418;11712;11828;5.80;0.36;297.39;11.41;1186;34;4050.00;116
10529;33;622939461;10529;422;11715;11828;5.78;0.36;297.42;11.43;1186;34;4051.00;113
10532;33;622939474;10532;430;11718;11828;5.72;0.35;297.44;11.44;1186;34;4052.00;110
10536;33;622939487;10536;430;11725;11832;5.67;0.35;297.49;11.47;1189;34;4053.00;107
10537;33;622939501;10537;431;11727;11833;5.65;0.35;297.50;11.48;1190;34;4054.00;106
10541;33;622939514;10541;427;11729;11833;5.63;0.35;297.56;11.49;1188;34;4055.00;104
10542;33;622939526;10542;432;11734;11837;5.65;0.35;297.57;11.50;1192;34;4056.00;103
10543;33;622939540;10543;435;11736;11837;5.62;0.35;297.59;11.51;1193;34;4057.00;101
10545;33;622939552;10545;441;11738;11837;5.63;0.35;297.65;11.52;1193;34;4058.00;99
10545;33;622939565;10545;434;11740;11838;5.61;0.34;297.65;11.52;1195;34;4059.00;98
10551;33;622939578;10551;436;11741;11838;5.49;0.34;297.69;11.53;1190;34;4060.00;97
10552;33;622939598;10552;434;11748;11844;5.49;0.34;297.70;11.55;1196;34;4061.00;96
10553;33;622939613;10553;435;11748;11844;5.46;0.34;297.68;11.55;1195;34;4062.00;96
10555;33;622939626;10555;438;11749;11845;5.47;0.33;297.71;11.55;1194;34;4063.00;96
10555;33;622939639;10555;437;11750;11845;5.49;0.34;297.71;11.56;1195;34;4064.00;95
10558;33;622939652;10558;435;11750;11845;5.45;0.33;297.74;11.56;1192;34;4065.00;95
10558;33;622939665;10558;430;11752;11845;5.48;0.34;297.74;11.57;1194;34;4066.00;93
10560;33;622939684;10560;425;11753;11845;5.46;0.33;297.77;11.57;1193;34;4067.00;92
10562;33;622939699;10562;431;11763;11857;5.50;0.34;297.83;11.57;1201;34;4068.00;94
10563;33;622939713;10563;438;11764;11857;5.49;0.34;297.84;11.58;1201;34;4069.00;93
10564;33;622939727;10564;442;11767;11857;5.46;0.34;297.89;11.58;1203;34;4070.00;90
10567;33;622939741;10567;442;11768;11857;5.44;0.33;297.89;11.58;1201;34;4071.00;89
10572;33;622939754;10572;443;11769;11857;5.41;0.33;297.93;11.59;1197;34;4072.00;88
10575;33;622939768;10575;444;11769;11857;5.36;0.33;297.94;11.59;1194;34;4073.00;88
10581;33;622939782;10581;443;11772;11861;5.31;0.33;297.93;11.59;1191;34;4074.00;89
10584;33;622939795;10584;444;11773;11861;5.28;0.32;297.98;11.60;1189;34;4075.00;88
10588;33;622939809;10588;454;11777;11865;5.27;0.32;297.99;11.59;1189;34;4076.00;88
10591;33;622939823;10591;450;11779;11866;5.28;0.32;298.06;11.60;1188;34;4077.00;87
10594;33;622939836;10594;456;11780;11866;5.24;0.32;298.07;11.60;1186;34;4078.00;86
10598;33;622939850;10598;451;11780;11866;5.21;0.32;298.14;11.60;1182;34;4079.00;86
10604;33;622939865;10604;457;11802;11895;5.16;0.32;298.24;11.59;1198;34;4080.00;93
10608;33;622939881;10608;453;11805;11895;5.18;0.32;298.26;11.59;1197;34;4081.00;90
10614;33;622939895;10614;452;11807;11895;5.20;0.32;298.28;11.59;1193;34;4082.00;88
10617;33;622939908;10617;448;11809;11896;5.22;0.32;298.39;11.60;1192;34;4083.00;87
10622;33;622939921;10622;459;11810;11897;5.20;0.32;298.43;11.60;1188;34;4084.00;87
10625;33;622939940;10625;454;11811;11897;5.15;0.32;298.55;11.61;1186;34;4085.00;86
10631;33;622939953;10631;448;11814;11900;5.13;0.32;298.59;11.61;1183;34;4086.00;86
10632;33;622939965;10632;448;11814;11900;5.15;0.32;298.59;11.61;1182;34;4087.00;86
10641;33;622939978;10641;439;11814;11900;5.11;0.31;298.71;11.61;1173;34;4088.00;86
10646;33;622939991;10646;433;11814;11900;5.15;0.32;298.74;11.61;1168;34;4089.00;86
10651;33;622940003;10651;430;11819;11906;5.26;0.32;298.81;11.60;1168;34;4090.00;87
10655;33;622940016;10655;420;11819;11906;5.28;0.32;298.92;11.60;1164;34;4091.00;87
10660;33;622940032;10660;414;11819;11906;5.34;0.33;298.96;11.60;1159;34;4092.00;87
10663;33;622940052;10663;414;11819;11906;5.39;0.33;299.04;11.60;1156;34;4093.00;87
10670;33;622940070;10670;411;11822;11910;5.41;0.33;299.12;11.60;1152;34;4094.00;88
10676;33;622940090;10676;413;11824;11912;5.47;0.33;299.23;11.60;1148;34;4095.00;88
10681;33;622940108;10681;404;11824;11912;5.50;0.33;299.27;11.60;1143;34;4096.00;88
10685;33;622940128;10685;401;11825;11913;5.51;0.34;299.30;11.60;1140;34;4097.00;88
10688;33;622940145;10688;400;11825;11913;5.49;0.33;299.36;11.60;1137;34;4098.00;88
10689;33;622940160;10689;401;11825;11913;5.51;0.34;299.35;11.60;1136;34;4099.00;88
10694;33;622940174;10694;398;11825;11913;5.52;0.34;299.39;11.60;1131;34;4100.00;88
10697;33;622940194;10697;399;11825;11913;5.53;0.34;299.38;11.60;1128;34;4101.00;88
10702;33;622940209;10702;402;11825;11913;5.51;0.34;299.37;11.60;1123;34;4102.00;88
10710;33;622940223;10710;399;11825;11913;5.49;0.34;299.34;11.60;1115;34;4103.00;88
10711;33;622940237;10711;410;11860;11983;5.58;0.34;299.35;11.56;1149;34;4104.00;123
10716;33;622940258;10716;399;11860;11984;5.56;0.34;299.47;11.56;1144;34;4105.00;124
10719;33;622940272;10719;406;11865;11984;5.62;0.34;299.48;11.56;1146;34;4106.00;119
10724;33;622940286;10724;405;11867;11984;5.60;0.34;299.47;11.56;1143;34;4107.00;117
10730;33;622940299;10730;405;11869;11984;5.60;0.34;299.54;11.56;1139;34;4108.00;115
10732;33;622940313;10732;407;11871;11984;5.65;0.34;299.55;11.55;1139;34;4109.00;113
10737;33;622940328;10737;408;11874;11984;5.62;0.34;299.51;11.55;1137;34;4110.00;110
10741;33;622940342;10741;413;11878;11984;5.63;0.34;299.53;11.55;1137;34;4111.00;106
10745;33;622940355;10745;408;11880;11985;5.63;0.34;299.63;11.55;1135;34;4112.00;105
10751;33;622940369;10751;408;11884;11986;5.58;0.34;299.63;11.63;1133;34;4113.00;102
10754;33;622940384;10754;407;11885;11986;5.56;0.34;299.64;11.63;1131;34;4114.00;101
10757;33;622940397;10757;402;11888;11990;5.54;0.34;299.67;11.63;1131;34;4115.00;102
10762;33;622940411;10762;404;11890;11990;5.54;0.34;299.70;11.63;1128;34;4116.00;100
10764;33;622940424;10764;406;11890;11990;5.58;0.34;299.71;11.63;1126;34;4117.00;100
10765;33;622940438;10765;410;11890;11990;5.59;0.34;299.71;11.63;1125;34;4118.00;100
10767;33;622940450;10767;407;11896;11996;5.59;0.34;299.75;11.62;1129;34;4119.00;100
10769;33;622940464;10769;414;11897;11996;5.60;0.34;299.74;11.63;1128;34;4120.00;99
10773;33;622940478;10773;410;11897;11996;5.56;0.34;299.79;11.63;1124;34;4121.00;99
10776;33;622940492;10776;415;11900;11999;5.61;0.34;299.76;11.62;1124;34;4122.00;99
10779;33;622940505;10779;414;11902;11999;5.58;0.34;299.91;11.63;1123;34;4123.00;97
10781;33;622940519;10781;413;11903;11999;5.55;0.34;299.88;11.62;1122;34;4124.00;96
10784;33;622940532;10784;422;11905;12000;5.46;0.33;299.88;11.63;1121;34;4125.00;95
10786;33;622940546;10786;426;11906;12001;5.44;0.33;299.97;11.62;1120;34;4126.00;95
10789;33;622940560;10789;412;11906;12001;5.42;0.33;299.98;11.62;1117;34;4127.00;95
10791;33;622940573;10791;416;11917;12014;5.41;0.33;300.05;11.61;1126;34;4128.00;97
10796;33;622940587;10796;417;11918;12014;5.38;0.33;300.16;11.69;1122;34;4129.00;96
10797;33;622940604;10797;413;11918;12014;5.36;0.32;300.22;11.69;1121;34;4130.00;96
10801;33;622940619;10801;414;11919;12015;5.37;0.33;300.25;11.69;1118;34;4131.00;96
10803;33;622940633;10803;419;11919;12015;5.41;0.33;300.27;11.69;1116;34;4132.00;96
10807;33;622940647;10807;425;11923;12019;5.39;0.33;300.43;11.69;1116;34;4133.00;96
10808;33;622940661;10808;428;11923;12019;5.36;0.33;300.41;11.69;1115;34;4134.00;96
10810;33;622940674;10810;439;11926;12023;5.34;0.32;300.50;11.69;1116;34;4135.00;97
10813;33;622940688;10813;432;11926;12023;5.32;0.32;300.58;11.69;1113;34;4136.00;97
10816;33;622940702;10816;427;11926;12023;5.32;0.32;300.60;11.69;1110;34;4137.00;97
10818;33;622940716;10818;421;11926;12023;5.30;0.32;300.65;11.69;1108;34;4138.00;97
10820;33;622940730;10820;426;11926;12023;5.25;0.32;300.68;11.69;1106;34;4139.00;97
10820;33;622940751;10820;428;11953;12057;5.33;0.33;300.68;11.74;1133;34;4140.00;104
10824;33;622940773;10824;419;11953;12057;5.31;0.33;300.75;11.74;1129;34;4141.00;104
10827;33;622940790;10827;426;11955;12057;5.35;0.33;300.71;11.74;1128;34;4142.00;102
10831;33;622940807;10831;425;11955;12057;5.30;0.32;300.69;11.74;1124;34;4143.00;102
10833;33;622940828;10833;426;11956;12057;5.34;0.33;300.70;11.74;1123;34;4144.00;101
10835;33;622940842;10835;422;11956;12057;5.35;0.33;300.75;11.74;1121;34;4145.00;101
10837;33;622940855;10837;418;11956;12058;5.40;0.33;300.74;11.74;1119;34;4146.00;102
10840;33;622940868;10840;415;11956;12058;5.44;0.33;300.74;11.74;1116;34;4147.00;102
10842;33;622940882;10842;420;11961;12064;5.53;0.34;300.74;11.73;1119;34;4148.00;103
10844;33;622940896;10844;424;11962;12065;5.55;0.34;300.71;11.73;1118;34;4149.00;103
10845;33;622940910;10845;418;11963;12065;5.53;0.34;300.73;11.81;1118;34;4150.00;102
10845;33;622940923;10845;421;11963;12065;5.54;0.34;300.73;11.81;1118;34;4151.00;102
10848;33;622940940;10848;419;11966;12069;5.54;0.34;300.72;11.81;1118;34;4152.00;103
10851;33;622940954;10851;428;11966;12069;5.54;0.34;300.73;11.81;1115;34;4153.00;103
10851;33;622940968;10851;420;11966;12069;5.61;0.34;300.73;11.81;1115;34;4154.00;103
10853;33;622940980;10853;423;11967;12070;5.66;0.34;300.73;11.80;1114;34;4155.00;103
10855;33;622940993;10855;424;11970;12074;5.73;0.35;300.68;11.80;1115;34;4156.00;104
10859;33;622941006;10859;425;11970;12074;5.74;0.35;300.64;11.80;1111;34;4157.00;104
10860;33;622941020;10860;426;11972;12077;5.74;0.35;300.61;11.80;1112;34;4158.00;105
10861;33;622941034;10861;427;11972;12077;5.77;0.35;300.66;11.80;1111;34;4159.00;105
10862;33;622941048;10862;433;11973;12077;5.77;0.35;300.63;11.80;1111;34;4160.00;104
10862;33;622941061;10862;433;11973;12077;5.75;0.35;300.63;11.80;1111;34;4161.00;104
10864;33;622941074;10864;427;11977;12081;5.79;0.35;300.65;11.80;1113;34;4162.00;104
10865;33;622941087;10865;420;11977;12081;5.80;0.35;300.67;11.80;1112;34;4163.00;104
10869;33;622941100;10869;417;11977;12081;5.84;0.35;300.75;11.80;1108;34;4164.00;104
10871;33;622941114;10871;414;11977;12081;5.86;0.36;300.76;11.80;1106;34;4165.00;104
10871;33;622941126;10871;420;11977;12082;5.86;0.36;300.76;11.80;1106;34;4166.00;105
10872;33;622941139;10872;417;11978;12083;5.90;0.36;300.78;11.79;1106;34;4167.00;105
10875;33;622941152;10875;415;11978;12083;5.95;0.36;300.90;11.79;1103;34;4168.00;105
10875;33;622941164;10875;417;11979;12084;5.91;0.36;300.90;11.79;1104;34;4169.00;105
10876;33;622941178;10876;411;11979;12084;5.88;0.36;300.90;11.79;1103;34;4170.00;105
10877;33;622941191;10877;404;11979;12084;5.89;0.36;300.93;11.79;1102;34;4171.00;105
10879;33;622941203;10879;390;11979;12084;5.88;0.36;300.96;11.79;1100;34;4172.00;105
10879;33;622941216;10879;387;11981;12086;5.90;0.36;300.96;11.79;1102;34;4173.00;105
10881;33;622941235;10881;379;11981;12086;5.91;0.36;300.98;11.79;1100;34;4174.00;105
10882;33;622941253;10882;372;11981;12086;5.93;0.36;301.03;11.79;1099;34;4175.00;105
10884;33;622941267;10884;387;12047;12213;5.96;0.37;301.06;11.73;1163;34;4176.00;166
10885;33;622941289;10885;369;12048;12214;6.00;0.37;301.05;11.73;1163;34;4177.00;166
10887;33;622941302;10887;357;12052;12214;6.08;0.37;301.07;11.72;1165;34;4178.00;162
10888;33;622941316;10888;346;12057;12214;6.15;0.38;301.08;11.72;1169;34;4179.00;157
10891;33;622941328;10891;347;12063;12214;6.25;0.38;301.10;11.79;1172;34;4180.00;151
10891;33;622941343;10891;339;12067;12214;6.32;0.39;301.10;11.79;1176;34;4181.00;147
10892;33;622941356;10892;329;12070;12214;6.40;0.39;301.11;11.79;1178;34;4182.00;144
10892;33;622941369;10892;327;12074;12214;6.46;0.40;301.11;11.79;1182;34;4183.00;140
10892;33;622941382;10892;318;12077;12215;6.48;0.40;301.11;11.80;1185;34;4184.00;138
10896;33;622941401;10896;317;12079;12217;6.48;0.40;301.13;11.80;1183;34;4185.00;138
10897;33;622941416;10897;312;12082;12217;6.51;0.40;301.13;11.81;1185;34;4186.00;135
10900;33;622941429;10900;312;12086;12218;6.49;0.40;301.14;11.81;1186;34;4187.00;132
10903;33;622941442;10903;306;12087;12218;6.43;0.39;301.14;11.81;1184;34;4188.00;131
10903;33;622941455;10903;311;12089;12218;6.39;0.39;301.14;11.81;1186;34;4189.00;129
10903;33;622941469;10903;318;12093;12218;6.36;0.39;301.14;11.81;1190;34;4190.00;125
10907;33;622941482;10907;317;12095;12222;6.31;0.39;301.15;11.81;1188;34;4191.00;127
10911;33;622941496;10911;324;12097;12222;6.27;0.38;301.15;11.81;1186;34;4192.00;125
10912;33;622941509;10912;331;12099;12222;6.30;0.38;301.19;11.81;1187;34;4193.00;123
10915;33;622941523;10915;338;12101;12225;6.31;0.38;301.18;11.81;1186;34;4194.00;124
10918;33;622941536;10918;343;12102;12225;6.30;0.38;301.25;11.81;1184;34;4195.00;123
10921;33;622941550;10921;351;12104;12225;6.29;0.38;301.27;11.82;1183;34;4196.00;121
10922;33;622941568;10922;354;12108;12229;6.32;0.38;301.25;11.82;1186;34;4197.00;121
10925;33;622941583;10925;355;12110;12230;6.30;0.38;301.36;11.82;1185;34;4198.00;120
10930;33;622941597;10930;359;12111;12230;6.32;0.38;301.37;11.82;1181;34;4199.00;119
10932;33;622941612;10932;369;12121;12264;6.34;0.39;301.39;11.81;1189;34;4200.00;143
10933;33;622941633;10933;364;12125;12264;6.35;0.39;301.43;11.89;1192;34;4201.00;139
10937;33;622941648;10937;365;12126;12264;6.29;0.38;301.49;11.89;1189;34;4202.00;138
10940;33;622941663;10940;362;12130;12265;6.24;0.38;301.48;11.89;1190;34;4203.00;135
10943;33;622941677;10943;365;12130;12265;6.19;0.38;301.48;11.89;1187;34;4204.00;135
10947;33;622941692;10947;369;12135;12271;6.15;0.37;301.60;11.89;1188;34;4205.00;136
10950;33;622941707;10950;370;12137;12271;6.11;0.37;301.64;11.89;1187;34;4206.00;134
10951;33;622941722;10951;375;12138;12272;6.09;0.37;301.70;11.89;1187;34;4207.00;134
10952;33;622941736;10952;375;12140;12272;6.12;0.37;301.71;11.89;1188;34;4208.00;132
10955;33;622941751;10955;376;12142;12272;6.11;0.37;301.77;11.90;1187;34;4209.00;130
10956;33;622941766;10956;370;12143;12272;6.15;0.37;301.76;11.91;1187;34;4210.00;129
10956;33;622941786;10956;373;12144;12272;6.15;0.37;301.76;11.91;1188;34;4211.00;128
10957;33;622941806;10957;381;12154;12284;6.17;0.38;301.82;11.91;1197;34;4212.00;130
10959;33;622941820;10959;381;12155;12284;6.13;0.37;301.88;11.93;1196;34;4213.00;129
10962;33;622941832;10962;387;12159;12284;6.10;0.37;301.87;11.93;1197;34;4214.00;125
10966;33;622941846;10966;390;12160;12284;6.05;0.37;301.89;11.93;1194;34;4215.00;124
10966;33;622941859;10966;398;12161;12284;6.05;0.37;301.89;11.94;1195;34;4216.00;123
10970;33;622941872;10970;398;12162;12284;6.02;0.37;301.92;11.95;1192;34;4217.00;122
10971;33;622941885;10971;404;12167;12288;6.01;0.37;301.98;11.95;1196;34;4218.00;121
10975;33;622941898;10975;410;12168;12288;5.96;0.36;302.05;11.96;1193;34;4219.00;120
10977;33;622941911;10977;414;12172;12292;5.97;0.36;302.01;11.96;1195;34;4220.00;120
10981;33;622941924;10981;423;12174;12293;5.94;0.36;302.15;11.96;1193;34;4221.00;119
10984;33;622941937;10984;429;12176;12293;5.91;0.36;302.13;11.98;1192;34;4222.00;117
10985;33;622941950;10985;435;12177;12293;5.89;0.36;302.17;11.98;1192;34;4223.00;116
10989;33;622941963;10989;440;12190;12306;5.87;0.36;302.12;12.00;1201;34;4224.00;116
10993;33;622941977;10993;448;12190;12306;5.84;0.36;302.14;12.00;1197;34;4225.00;116
10995;33;622941990;10995;455;12194;12306;5.79;0.35;302.13;12.02;1199;34;4226.00;112
10997;33;622942002;10997;457;12196;12307;5.74;0.35;302.14;12.03;1199;34;4227.00;111
10999;33;622942015;10999;466;12196;12308;5.66;0.34;302.15;12.03;1197;34;4228.00;112
11001;33;622942031;11001;466;12196;12308;5.60;0.34;302.15;12.03;1195;34;4229.00;112
11002;33;622942058;11002;466;12205;12314;5.56;0.34;302.19;12.06;1203;34;4230.00;109
11006;33;622942080;11006;465;12205;12314;5.50;0.34;302.25;12.06;1199;34;4231.00;109
11008;33;622942100;11008;459;12207;12314;5.41;0.33;302.30;12.07;1199;34;4232.00;107
11010;33;622942118;11010;462;12207;12314;5.34;0.33;302.28;12.07;1197;34;4233.00;107
11011;33;622942140;11011;455;12213;12320;5.33;0.33;302.31;12.07;1202;34;4234.00;107
11011;33;622942156;11011;456;12215;12320;5.28;0.32;302.31;12.09;1204;34;4235.00;105
11015;33;622942170;11015;454;12215;12320;5.20;0.32;302.26;12.09;1200;34;4236.00;105
11017;33;622942184;11017;452;12218;12320;5.15;0.31;302.30;12.11;1201;34;4237.00;102
11019;33;622942198;11019;450;12221;12324;5.14;0.31;302.30;12.11;1202;34;4238.00;103
11020;33;622942212;11020;447;12223;12325;5.12;0.31;302.27;12.12;1203;34;4239.00;102
11024;33;622942227;11024;445;12224;12325;5.10;0.31;302.43;12.12;1200;34;4240.00;101
11025;33;622942240;11025;438;12226;12326;5.13;0.31;302.43;12.13;1201;34;4241.00;100
11029;33;622942254;11029;430;12227;12326;5.06;0.31;302.45;12.14;1198;34;4242.00;99
11034;33;622942267;11034;432;12227;12326;5.02;0.31;302.53;12.14;1193;34;4243.00;99
11035;33;622942281;11035;425;12230;12326;5.06;0.31;302.51;12.16;1195;34;4244.00;96
11039;33;622942295;11039;425;12230;12326;5.07;0.31;302.58;12.16;1191;34;4245.00;96
11043;33;622942308;11043;424;12231;12326;4.97;0.30;302.64;12.16;1188;34;4246.00;95
11046;33;622942322;11046;430;12232;12326;4.95;0.30;302.59;12.17;1186;34;4247.00;94
11050;33;622942335;11050;451;12273;12396;4.99;0.31;302.66;12.13;1223;34;4248.00;123
11052;33;622942354;11052;441;12278;12397;4.95;0.30;302.63;12.14;1226;34;4249.00;119
11055;33;622942367;11055;430;12282;12397;4.98;0.31;302.70;12.14;1227;34;4250.00;115
11060;33;622942380;11060;429;12282;12397;4.89;0.30;302.71;12.14;1222;34;4251.00;115
11063;33;622942394;11063;421;12287;12397;4.88;0.30;302.74;12.15;1224;34;4252.00;110
11066;33;622942407;11066;419;12291;12397;4.89;0.30;302.77;12.15;1225;34;4253.00;106
11071;33;622942420;11071;416;12296;12397;4.85;0.30;302.78;12.16;1225;34;4254.00;101
11074;33;622942433;11074;416;12299;12397;4.83;0.30;302.78;12.16;1225;34;4255.00;98
11079;33;622942446;11079;417;12301;12398;4.82;0.30;302.83;12.16;1222;34;4256.00;97
11082;33;622942459;11082;415;12303;12399;4.83;0.30;302.85;12.16;1221;34;4257.00;96
11086;33;622942474;11086;412;12304;12399;4.86;0.30;302.90;12.16;1218;34;4258.00;95
11091;33;622942487;11091;416;12309;12403;4.87;0.30;303.01;12.16;1218;34;4259.00;94
11095;33;622942503;11095;417;12311;12403;4.93;0.30;303.01;12.16;1216;34;4260.00;92
11099;33;622942516;11099;416;12311;12403;4.96;0.30;303.08;12.16;1212;34;4261.00;92
11104;33;622942531;11104;415;12311;12403;4.96;0.30;303.13;12.16;1207;34;4262.00;92
11107;33;622942544;11107;411;12317;12409;4.99;0.31;303.14;12.16;1210;34;4263.00;92
11110;33;622942558;11110;418;12317;12409;5.03;0.31;303.17;12.16;1207;34;4264.00;92
11113;33;622942573;11113;414;12317;12409;5.04;0.31;303.28;12.16;1204;34;4265.00;92
11118;33;622942586;11118;417;12319;12412;5.03;0.31;303.26;12.16;1201;34;4266.00;93
11124;33;622942603;11124;414;12321;12412;5.06;0.31;303.38;12.16;1197;34;4267.00;91
11129;33;622942619;11129;413;12322;12412;5.05;0.31;303.42;12.16;1193;34;4268.00;90
11135;33;622942635;11135;410;12322;12413;5.04;0.31;303.43;12.16;1187;34;4269.00;91
11138;33;622942650;11138;418;12324;12414;5.07;0.31;303.49;12.16;1186;34;4270.00;90
11143;33;622942666;11143;419;12324;12414;5.04;0.31;303.63;12.16;1181;34;4271.00;90
11147;33;622942683;11147;419;12335;12427;5.14;0.31;303.71;12.15;1188;34;4272.00;92
11151;33;622942701;11151;420;12335;12427;5.10;0.31;303.77;12.15;1184;34;4273.00;92
11154;33;622942716;11154;427;12335;12427;5.11;0.31;303.77;12.15;1181;34;4274.00;92
11157;33;622942730;11157;425;12337;12429;5.10;0.31;303.79;12.14;1180;34;4275.00;92
11162;33;622942745;11162;433;12337;12429;5.05;0.31;303.82;12.14;1175;34;4276.00;92
11169;33;622942759;11169;433;12341;12433;4.99;0.30;303.85;12.14;1172;34;4277.00;92
11173;33;622942775;11173;435;12341;12433;4.97;0.30;303.86;12.14;1168;34;4278.00;92
11178;33;622942790;11178;442;12344;12437;4.89;0.30;303.88;12.14;1166;34;4279.00;93
11184;33;622942805;11184;446;12344;12437;4.82;0.29;303.97;12.14;1160;34;4280.00;93
11184;33;622942820;11184;447;12344;12437;4.83;0.29;303.97;12.14;1160;34;4281.00;93
11188;33;622942833;11188;450;12344;12437;4.83;0.29;303.97;12.14;1156;34;4282.00;93
11193;33;622942848;11193;444;12344;12437;4.75;0.29;303.99;12.14;1151;34;4283.00;93
11194;33;622942861;11194;446;12353;12449;4.81;0.29;304.01;12.13;1159;34;4284.00;96
11196;33;622942876;11196;445;12353;12449;4.77;0.29;304.02;12.13;1157;34;4285.00;96
11199;33;622942889;11199;447;12355;12449;4.76;0.29;304.05;12.13;1156;34;4286.00;94
11203;33;622942902;11203;444;12356;12449;4.70;0.29;303.99;12.21;1153;34;4287.00;93
11205;33;622942916;11205;441;12356;12449;4.67;0.28;303.97;12.21;1151;34;4288.00;93
11209;33;622942927;11209;455;12356;12449;4.59;0.28;304.04;12.21;1147;34;4289.00;93
11214;33;622942942;11214;463;12356;12450;4.53;0.28;303.98;12.21;1142;34;4290.00;94
11217;34;622942954;11217;473;12356;12450;4.47;0.27;303.97;12.21;1139;35;4291.00;94
11219;34;622942984;11219;475;12361;12456;4.46;0.27;303.95;12.21;1142;35;4292.00;95
11223;34;622942998;11223;482;12362;12457;4.43;0.27;303.91;12.20;1139;35;4293.00;95
11224;34;622943011;11224;487;12362;12457;4.40;0.27;303.91;12.20;1138;35;4294.00;95
11230;34;622943024;11230;491;12362;12457;4.36;0.27;303.91;12.20;1132;35;4295.00;95
11235;34;622943039;11235;492;12365;12461;4.36;0.27;303.86;12.20;1130;35;4296.00;96
11237;34;622943051;11237;484;12365;12461;4.36;0.27;303.83;12.20;1128;35;4297.00;96
11240;34;622943064;11240;475;12365;12461;4.39;0.27;303.87;12.20;1125;35;4298.00;96
11242;34;622943077;11242;479;12366;12462;4.45;0.27;303.85;12.20;1124;35;4299.00;96
11245;34;622943090;11245;475;12369;12466;4.54;0.28;303.86;12.20;1124;35;4300.00;97
11247;34;622943106;11247;472;12369;12466;4.55;0.28;303.83;12.20;1122;35;4301.00;97
11251;34;622943118;11251;472;12371;12469;4.55;0.28;303.82;12.20;1120;35;4302.00;98
11251;34;622943130;11251;475;12372;12469;4.56;0.28;303.82;12.28;1121;35;4303.00;97
11251;34;622943142;11251;476;12373;12469;4.58;0.28;303.82;12.28;1122;35;4304.00;96
11253;34;622943153;11253;477;12373;12469;4.55;0.28;303.79;12.28;1120;35;4305.00;96
11253;34;622943170;11253;466;12377;12473;4.67;0.29;303.79;12.28;1124;35;4306.00;96
11259;34;622943182;11259;456;12377;12473;4.64;0.28;303.73;12.28;1118;35;4307.00;96
11260;34;622943194;11260;449;12377;12473;4.70;0.29;303.76;12.28;1117;35;4308.00;96
11263;34;622943206;11263;437;12377;12473;4.70;0.29;303.70;12.28;1114;35;4309.00;96
11264;34;622943218;11264;424;12377;12474;4.72;0.29;303.70;12.28;1113;35;4310.00;97
11266;34;622943230;11266;421;12378;12475;4.82;0.29;303.75;12.28;1112;35;4311.00;97
11268;34;622943243;11268;419;12378;12475;4.89;0.30;303.73;12.28;1110;35;4312.00;97
11269;34;622943255;11269;413;12379;12476;4.95;0.30;303.73;12.27;1110;35;4313.00;97
11270;34;622943268;11270;410;12379;12476;5.03;0.31;303.75;12.27;1109;35;4314.00;97
11270;34;622943280;11270;414;12379;12476;5.12;0.31;303.75;12.27;1109;35;4315.00;97
11272;34;622943293;11272;409;12380;12476;5.19;0.32;303.76;12.36;1108;35;4316.00;96
11274;34;622943305;11274;411;12380;12476;5.28;0.32;303.75;12.36;1106;35;4317.00;96
11274;34;622943317;11274;413;12380;12476;5.36;0.33;303.75;12.36;1106;35;4318.00;96
11276;34;622943329;11276;408;12380;12476;5.41;0.33;303.81;12.36;1104;35;4319.00;96
11278;34;622943343;11278;466;12503;12706;5.57;0.35;303.84;12.24;1225;35;4320.00;203
11279;34;622943373;11279;456;12505;12707;5.61;0.35;303.91;12.24;1226;35;4321.00;202
11280;34;622943387;11280;440;12514;12707;5.69;0.36;303.92;12.23;1234;35;4322.00;193
11283;34;622943401;11283;419;12519;12707;5.76;0.36;303.91;12.23;1236;35;4323.00;188
11284;34;622943414;11284;405;12526;12707;5.79;0.36;303.91;12.22;1242;35;4324.00;181
11286;34;622943428;11286;391;12531;12707;5.86;0.36;303.93;12.31;1245;35;4325.00;176
11287;34;622943442;11287;380;12538;12707;5.92;0.37;303.93;12.30;1251;35;4326.00;169
11289;34;622943456;11289;369;12543;12707;5.97;0.37;303.91;12.30;1254;35;4327.00;164
11291;34;622943470;11291;366;12546;12708;6.04;0.37;303.92;12.30;1255;35;4328.00;162
11291;34;622943484;11291;370;12550;12709;6.07;0.37;303.92;12.30;1259;35;4329.00;159
11291;34;622943498;11291;378;12554;12709;6.05;0.37;303.92;12.30;1263;35;4330.00;155
11292;34;622943512;11292;376;12556;12710;6.05;0.37;303.93;12.30;1264;35;4331.00;154
11292;34;622943526;11292;377;12559;12710;6.02;0.37;303.93;12.30;1267;35;4332.00;151
11294;34;622943546;11294;376;12560;12710;5.98;0.37;303.96;12.30;1266;35;4333.00;150
11294;34;622943560;11294;370;12562;12710;5.95;0.36;303.96;12.30;1268;35;4334.00;148
11296;34;622943579;11296;369;12564;12714;5.94;0.36;303.95;12.29;1268;35;4335.00;150
11298;34;622943600;11298;368;12564;12714;5.96;0.37;303.99;12.29;1266;35;4336.00;150
11298;34;622943614;11298;370;12564;12714;5.98;0.37;303.99;12.29;1266;35;4337.00;150
11301;34;622943628;11301;365;12565;12717;6.01;0.37;303.99;12.29;1264;35;4338.00;152
11302;34;622943642;11302;360;12566;12717;6.10;0.37;304.00;12.29;1264;35;4339.00;151
11303;34;622943657;11303;362;12567;12717;6.11;0.37;304.00;12.29;1264;35;4340.00;150
11305;34;622943671;11305;370;12571;12721;6.15;0.37;304.03;12.38;1266;35;4341.00;150
11306;34;622943686;11306;374;12572;12722;6.21;0.38;304.02;12.38;1266;35;4342.00;150
11308;34;622943700;11308;374;12572;12722;6.28;0.38;304.06;12.38;1264;35;4343.00;150
11309;34;622943714;11309;368;12573;12726;6.28;0.38;304.08;12.38;1264;35;4344.00;153
11310;34;622943729;11310;377;12575;12726;6.29;0.38;304.08;12.38;1265;35;4345.00;151
11313;34;622943744;11313;372;12576;12726;6.25;0.38;304.06;12.38;1263;35;4346.00;150
11315;34;622943764;11315;379;12576;12727;6.22;0.38;304.13;12.38;1261;35;4347.00;151
11317;34;622943779;11317;376;12576;12727;6.18;0.38;304.19;12.38;1259;35;4348.00;151
11322;34;622943793;11322;376;12580;12733;6.13;0.37;304.33;12.38;1258;35;4349.00;153
11324;34;622943811;11324;373;12582;12733;6.11;0.37;304.32;12.38;1258;35;4350.00;151
11328;34;622943826;11328;373;12583;12734;6.05;0.37;304.38;12.38;1255;35;4351.00;151
11332;34;622943843;11332;380;12583;12734;6.00;0.36;304.36;12.38;1251;35;4352.00;151
11336;34;622943857;11336;374;12588;12734;5.97;0.36;304.40;12.39;1252;35;4353.00;146
11338;34;622943871;11338;372;12588;12734;5.95;0.36;304.45;12.39;1250;35;4354.00;146
11341;34;622943886;11341;382;12591;12734;5.92;0.36;304.50;12.40;1250;35;4355.00;143
11348;34;622943901;11348;384;12602;12746;5.91;0.36;304.55;12.39;1254;35;4356.00;144
11349;34;622943931;11349;382;12603;12746;5.91;0.36;304.54;12.39;1254;35;4357.00;143
11351;34;622943945;11351;377;12603;12746;5.91;0.36;304.58;12.39;1252;35;4358.00;143
11353;34;622943959;11353;369;12603;12746;5.94;0.36;304.58;12.39;1250;35;4359.00;143
11357;34;622943974;11357;369;12604;12746;5.93;0.36;304.62;12.39;1247;35;4360.00;142
11359;34;622943989;11359;362;12604;12746;5.97;0.36;304.62;12.39;1245;35;4361.00;142
11364;34;622944002;11364;364;12607;12750;5.96;0.36;304.63;12.39;1243;35;4362.00;143
11367;34;622944017;11367;358;12607;12750;6.02;0.37;304.65;12.39;1240;35;4363.00;143
11371;34;622944035;11371;366;12610;12754;6.01;0.37;304.71;12.38;1239;35;4364.00;144
11374;34;622944058;11374;362;12612;12756;6.02;0.37;304.76;12.38;1238;35;4365.00;144
11375;34;622944084;11375;360;12613;12756;6.06;0.37;304.77;12.39;1238;35;4366.00;143
11376;34;622944104;11376;367;12613;12756;6.06;0.37;304.78;12.39;1237;35;4367.00;143
11377;34;622944123;11377;367;12623;12769;6.07;0.37;304.81;12.38;1246;35;4368.00;146
11380;34;622944152;11380;358;12625;12769;6.02;0.37;304.82;12.38;1245;35;4369.00;144
11383;34;622944169;11383;365;12626;12769;6.00;0.36;304.90;12.39;1243;35;4370.00;143
11387;34;622944185;11387;372;12628;12770;5.99;0.36;304.99;12.39;1241;35;4371.00;142
11388;34;622944201;11388;377;12629;12771;5.96;0.36;305.00;12.39;1241;35;4372.00;142
11391;34;622944217;11391;381;12630;12771;5.95;0.36;305.02;12.39;1239;35;4373.00;141
11392;34;622944233;11392;387;12632;12774;5.97;0.36;305.04;12.39;1240;35;4374.00;142
11393;34;622944250;11393;391;12633;12774;5.96;0.36;305.05;12.39;1240;35;4375.00;141
11395;34;622944265;11395;402;12635;12774;5.97;0.36;305.09;12.40;1240;35;4376.00;139
11396;34;622944280;11396;406;12636;12774;5.97;0.36;305.08;12.41;1240;35;4377.00;138
11397;34;622944295;11397;404;12641;12780;5.97;0.36;305.09;12.40;1244;35;4378.00;139
11399;34;622944311;11399;410;12642;12780;5.95;0.36;305.11;12.41;1243;35;4379.00;138
11402;34;622944327;11402;416;12644;12780;5.86;0.36;305.14;12.43;1242;35;4380.00;136
11403;34;622944343;11403;426;12645;12780;5.82;0.35;305.15;12.43;1242;35;4381.00;135
11406;34;622944358;11406;426;12649;12784;5.74;0.35;305.17;12.44;1243;35;4382.00;135
11410;34;622944372;11410;425;12651;12785;5.76;0.35;305.23;12.45;1241;35;4383.00;134
11412;34;622944388;11412;428;12652;12785;5.74;0.35;305.24;12.46;1240;35;4384.00;133
11413;34;622944405;11413;426;12655;12786;5.75;0.35;305.28;12.47;1242;35;4385.00;131
11415;34;622944419;11415;430;12658;12786;5.77;0.35;305.32;12.49;1243;35;4386.00;128
11417;34;622944433;11417;439;12660;12786;5.77;0.35;305.31;12.50;1243;35;4387.00;126
11420;34;622944448;11420;441;12662;12786;5.79;0.35;305.34;12.51;1242;35;4388.00;124
11422;34;622944464;11422;449;12664;12786;5.79;0.36;305.37;12.51;1242;35;4389.00;122
11424;34;622944479;11424;448;12665;12786;5.79;0.36;305.40;12.53;1241;35;4390.00;121
11427;34;622944493;11427;452;12666;12786;5.77;0.35;305.41;12.54;1239;35;4391.00;120
11430;34;622944508;11430;451;12704;12856;5.87;0.36;305.45;12.52;1274;35;4392.00;152
11431;34;622944528;11431;450;12709;12857;5.84;0.36;305.44;12.53;1278;35;4393.00;148
11432;34;622944544;11432;451;12714;12857;5.83;0.36;305.45;12.53;1282;35;4394.00;143
11436;34;622944558;11436;454;12716;12857;5.77;0.35;305.52;12.53;1280;35;4395.00;141
11439;34;622944573;11439;456;12722;12857;5.72;0.35;305.51;12.54;1283;35;4396.00;135
11443;34;622944588;11443;456;12723;12857;5.64;0.35;305.58;12.54;1280;35;4397.00;134
11446;34;622944603;11446;450;12728;12857;5.55;0.34;305.66;12.55;1282;35;4398.00;129
11449;34;622944618;11449;446;12731;12857;5.49;0.34;305.74;12.55;1282;35;4399.00;126
11452;34;622944634;11452;436;12736;12858;5.46;0.33;305.68;12.57;1284;35;4400.00;122
11456;34;622944653;11456;433;12738;12859;5.43;0.33;305.74;12.57;1282;35;4401.00;121
11460;34;622944669;11460;427;12740;12859;5.42;0.33;305.81;12.58;1280;35;4402.00;119
11460;34;622944684;11460;425;12743;12863;5.41;0.33;305.81;12.58;1283;35;4403.00;120
11468;34;622944699;11468;423;12746;12863;5.38;0.33;305.85;12.59;1278;35;4404.00;117
11471;34;622944714;11471;433;12746;12863;5.34;0.33;305.99;12.59;1275;35;4405.00;117
11474;34;622944729;11474;432;12746;12863;5.36;0.33;305.97;12.59;1272;35;4406.00;117
11478;34;622944743;11478;432;12752;12869;5.43;0.33;306.09;12.59;1274;35;4407.00;117
11481;34;622944758;11481;434;12752;12869;5.44;0.33;306.12;12.59;1271;35;4408.00;117
11482;34;622944774;11482;430;12753;12869;5.45;0.33;306.14;12.60;1271;35;4409.00;116
11485;34;622944790;11485;434;12757;12875;5.44;0.33;306.15;12.60;1272;35;4410.00;118
11489;34;622944805;11489;432;12760;12875;5.44;0.33;306.16;12.63;1271;35;4411.00;115
11493;34;622944820;11493;428;12761;12875;5.40;0.33;306.18;12.63;1268;35;4412.00;114
11497;34;622944840;11497;431;12761;12876;5.31;0.32;306.18;12.63;1264;35;4413.00;115
11500;34;622944856;11500;432;12763;12877;5.26;0.32;306.20;12.63;1263;35;4414.00;114
11506;34;622944870;11506;438;12763;12877;5.20;0.32;306.23;12.63;1257;35;4415.00;114
11509;34;622944884;11509;442;12775;12890;5.17;0.32;306.29;12.65;1266;35;4416.00;115
11510;34;622944900;11510;447;12776;12890;5.14;0.31;306.33;12.65;1266;35;4417.00;114
11514;34;622944914;11514;437;12776;12890;5.08;0.31;306.46;12.65;1262;35;4418.00;114
11518;34;622944927;11518;440;12777;12891;5.04;0.31;306.54;12.66;1259;35;4419.00;114
11522;34;622944940;11522;429;12777;12891;4.99;0.30;306.62;12.66;1255;35;4420.00;114
11528;34;622944954;11528;422;12784;12895;4.99;0.30;306.66;12.68;1256;35;4421.00;111
11529;34;622944969;11529;416;12784;12895;5.00;0.31;306.69;12.68;1255;35;4422.00;111
11533;34;622944983;11533;411;12786;12899;5.00;0.31;306.72;12.68;1253;35;4423.00;113
11536;34;622944997;11536;410;12787;12899;5.06;0.31;306.75;12.68;1251;35;4424.00;112
11540;34;622945011;11540;406;12787;12899;5.10;0.31;306.80;12.68;1247;35;4425.00;112
11543;34;622945026;11543;413;12790;12899;5.15;0.31;306.85;12.68;1247;35;4426.00;109
11547;34;622945049;11547;406;12792;12899;5.15;0.31;306.87;12.70;1245;35;4427.00;107
11550;34;622945063;11550;406;12802;12911;5.30;0.32;306.91;12.69;1252;35;4428.00;109
11554;34;622945079;11554;401;12805;12911;5.34;0.33;306.97;12.69;1251;35;4429.00;106
11557;34;622945093;11557;403;12805;12911;5.38;0.33;306.97;12.69;1248;35;4430.00;106
11559;34;622945107;11559;391;12806;12911;5.45;0.33;306.99;12.69;1247;35;4431.00;105
11563;34;622945120;11563;389;12806;12911;5.45;0.33;307.10;12.69;1243;35;4432.00;105
11571;34;622945134;11571;391;12807;12911;5.45;0.33;307.20;12.69;1236;35;4433.00;104
11574;34;622945148;11574;391;12807;12912;5.48;0.33;307.25;12.69;1233;35;4434.00;105
11578;34;622945162;11578;396;12808;12912;5.50;0.33;307.25;12.69;1230;35;4435.00;104
11581;34;622945176;11581;392;12812;12918;5.55;0.34;307.27;12.69;1231;35;4436.00;106
11586;34;622945191;11586;398;12814;12919;5.56;0.34;307.33;12.69;1228;35;4437.00;105
11588;34;622945205;11588;403;12814;12919;5.56;0.34;307.33;12.69;1226;35;4438.00;105
11590;34;622945219;11590;400;12815;12919;5.57;0.34;307.36;12.69;1225;35;4439.00;104
11595;34;622945234;11595;407;12819;12924;5.52;0.34;307.41;12.68;1224;35;4440.00;105
11597;34;622945249;11597;419;12819;12924;5.46;0.33;307.47;12.68;1222;35;4441.00;105
11602;34;622945263;11602;428;12819;12924;5.34;0.33;307.54;12.68;1217;35;4442.00;105
11605;34;622945277;11605;427;12820;12925;5.28;0.32;307.60;12.68;1215;35;4443.00;105
11608;34;622945291;11608;433;12823;12929;5.25;0.32;307.58;12.68;1215;35;4444.00;106
11615;34;622945305;11615;431;12823;12929;5.17;0.32;307.55;12.68;1208;35;4445.00;106
11620;34;622945320;11620;435;12825;12932;5.10;0.31;307.58;12.68;1205;35;4446.00;107
11622;34;622945334;11622;440;12825;12932;4.99;0.30;307.54;12.68;1203;35;4447.00;107
11625;34;622945347;11625;442;12826;12932;4.94;0.30;307.52;12.68;1201;35;4448.00;106
11629;34;622945362;11629;437;12826;12932;4.81;0.29;307.58;12.68;1197;35;4449.00;106
11630;34;622945375;11630;441;12830;12936;4.82;0.29;307.58;12.67;1200;35;4450.00;106
11635;34;622945388;11635;444;12830;12936;4.74;0.29;307.57;12.67;1195;35;4451.00;106
11637;34;622945401;11637;449;12830;12936;4.69;0.29;307.57;12.67;1193;35;4452.00;106
11640;34;622945414;11640;452;12830;12936;4.60;0.28;307.56;12.67;1190;35;4453.00;106
11644;34;622945427;11644;454;12830;12937;4.51;0.28;307.57;12.67;1186;35;4454.00;107
11649;34;622945440;11649;459;12832;12939;4.43;0.27;307.53;12.67;1183;35;4455.00;107
11653;34;622945452;11653;462;12833;12939;4.36;0.27;307.54;12.76;1180;35;4456.00;106
11655;34;622945466;11655;467;12834;12940;4.34;0.27;307.51;12.76;1179;35;4457.00;106
11662;34;622945480;11662;469;12834;12940;4.27;0.26;307.40;12.76;1172;35;4458.00;106
11668;34;622945492;11668;476;12834;12940;4.22;0.26;307.37;12.76;1166;35;4459.00;106
11668;34;622945504;11668;481;12834;12940;4.23;0.26;307.37;12.76;1166;35;4460.00;106
11670;34;622945516;11670;485;12834;12940;4.24;0.26;307.37;12.76;1164;35;4461.00;106
11673;34;622945528;11673;487;12834;12940;4.21;0.26;307.37;12.76;1161;35;4462.00;106
11676;34;622945540;11676;491;12834;12940;4.16;0.26;307.37;12.76;1158;35;4463.00;106
11678;34;622945552;11678;503;12901;13067;4.60;0.29;307.38;12.70;1223;35;4464.00;166
11682;34;622945574;11682;509;12905;13068;4.58;0.29;307.37;12.69;1223;35;4465.00;163
11686;34;622945586;11686;501;12915;13068;4.58;0.29;307.42;12.69;1229;35;4466.00;153
11689;34;622945599;11689;487;12917;13068;4.53;0.28;307.36;12.68;1228;35;4467.00;151
11692;34;622945613;11692;489;12922;13068;4.51;0.28;307.35;12.68;1230;35;4468.00;146
11694;34;622945626;11694;487;12925;13068;4.54;0.28;307.39;12.68;1231;35;4469.00;143
11694;34;622945640;11694;485;12927;13068;4.52;0.28;307.39;12.68;1233;35;4470.00;141
11697;34;622945653;11697;490;12929;13068;4.50;0.28;307.39;12.68;1232;35;4471.00;139
11700;34;622945666;11700;494;12932;13069;4.50;0.28;307.41;12.68;1232;35;4472.00;137
11703;34;622945679;11703;489;12934;13070;4.46;0.28;307.43;12.68;1231;35;4473.00;136
11706;34;622945692;11706;493;12936;13070;4.42;0.27;307.47;12.68;1230;35;4474.00;134
11708;34;622945705;11708;489;12940;13071;4.37;0.27;307.45;12.67;1232;35;4475.00;131
11708;34;622945718;11708;469;12943;13071;4.41;0.27;307.45;12.67;1235;35;4476.00;128
11712;34;622945732;11712;459;12945;13071;4.45;0.27;307.39;12.67;1233;35;4477.00;126
11714;35;622945746;11714;454;12947;13071;4.50;0.28;307.41;12.67;1233;36;4478.00;124
11716;35;622945777;11716;439;12951;13075;4.63;0.29;307.41;12.67;1235;36;4479.00;124
11717;35;622945797;11717;432;12954;13075;4.72;0.29;307.40;12.78;1237;36;4480.00;121
11717;35;622945811;11717;414;12955;13075;4.84;0.30;307.40;12.78;1238;36;4481.00;120
11718;35;622945825;11718;405;12958;13078;4.97;0.31;307.40;12.88;1240;36;4482.00;120
11720;35;622945839;11720;397;12959;13078;5.11;0.31;307.40;12.88;1239;36;4483.00;119
11720;35;622945854;11720;397;12960;13078;5.21;0.32;307.40;12.88;1240;36;4484.00;118
11723;35;622945874;11723;392;12964;13082;5.28;0.32;307.44;12.88;1241;36;4485.00;118
11726;35;622945890;11726;386;12966;13083;5.36;0.33;307.42;12.88;1240;36;4486.00;117
11729;35;622945915;11729;383;12967;13083;5.45;0.33;307.42;12.88;1238;36;4487.00;116
11732;35;622945930;11732;379;12970;13087;5.53;0.34;307.44;12.87;1238;36;4488.00;117
11733;35;622945944;11733;368;12971;13087;5.63;0.34;307.44;12.97;1238;36;4489.00;116
11736;35;622945959;11736;360;12971;13087;5.71;0.35;307.44;12.97;1235;36;4490.00;116
11737;35;622945974;11737;362;12972;13088;5.79;0.35;307.51;12.97;1235;36;4491.00;116
11738;35;622945988;11738;357;12972;13088;5.91;0.36;307.50;12.97;1234;36;4492.00;116
11738;35;622946003;11738;354;12977;13094;5.98;0.37;307.50;12.96;1239;36;4493.00;117
11740;35;622946018;11740;348;12977;13094;6.03;0.37;307.49;12.96;1237;36;4494.00;117
11741;35;622946045;11741;345;12978;13095;6.08;0.37;307.50;13.06;1237;36;4495.00;117
11744;35;622946073;11744;337;12978;13095;6.10;0.37;307.51;13.06;1234;36;4496.00;117
11747;35;622946097;11747;328;12978;13095;6.15;0.38;307.49;13.06;1231;36;4497.00;117
11749;35;622946118;11749;322;12978;13095;6.21;0.38;307.48;13.06;1229;36;4498.00;117
11753;35;622946140;11753;314;12978;13095;6.23;0.38;307.58;13.06;1225;36;4499.00;117
11756;35;622946161;11756;319;13003;13145;6.32;0.39;307.58;13.03;1247;36;4500.00;142
11759;35;622946186;11759;313;13004;13147;6.34;0.39;307.60;13.03;1245;36;4501.00;143
11762;35;622946203;11762;305;13008;13147;6.39;0.39;307.61;13.03;1246;36;4502.00;139
11766;35;622946220;11766;301;13008;13147;6.41;0.39;307.60;13.03;1242;36;4503.00;139
11767;35;622946236;11767;290;13010;13147;6.53;0.40;307.59;13.03;1243;36;4504.00;137
11770;35;622946253;11770;290;13012;13147;6.56;0.40;307.69;13.03;1242;36;4505.00;135
11772;35;622946269;11772;285;13015;13151;6.59;0.40;307.80;13.02;1243;36;4506.00;136
11775;35;622946286;11775;283;13016;13151;6.62;0.40;307.81;13.02;1241;36;4507.00;135
11777;35;622946302;11777;289;13019;13155;6.65;0.40;307.87;13.02;1242;36;4508.00;136
11779;35;622946319;11779;287;13020;13156;6.67;0.40;307.84;13.02;1241;36;4509.00;136
11780;35;622946336;11780;286;13020;13156;6.73;0.41;307.88;13.02;1240;36;4510.00;136
11782;36;622946352;11782;287;13021;13156;6.78;0.41;307.93;13.02;1239;37;4511.00;135
11784;36;622946377;11784;283;13031;13169;6.79;0.41;307.97;13.01;1247;37;4512.00;138
11786;36;622946401;11786;286;13032;13169;6.84;0.41;308.04;13.01;1246;37;4513.00;137
11787;36;622946418;11787;284;13032;13169;6.88;0.42;308.06;13.01;1245;37;4514.00;137
11789;36;622946433;11789;285;13033;13170;6.93;0.42;308.20;13.01;1244;37;4515.00;137
11794;37;622946450;11794;281;13034;13171;6.91;0.42;308.34;13.01;1240;38;4516.00;137
11797;37;622946486;11797;282;13034;13171;6.97;0.42;308.42;13.01;1237;38;4517.00;137
11801;37;622946505;11801;288;13036;13174;6.94;0.42;308.59;13.01;1235;38;4518.00;138
11804;37;622946522;11804;283;13037;13174;6.89;0.42;308.68;13.01;1233;38;4519.00;137
11807;37;622946538;11807;282;13038;13174;6.90;0.42;308.74;13.01;1231;38;4520.00;136
11811;37;622946554;11811;282;13038;13174;6.88;0.42;308.80;13.01;1227;38;4521.00;136
11818;37;622946570;11818;284;13043;13180;6.81;0.41;308.89;13.00;1225;38;4522.00;137
11821;37;622946588;11821;278;13043;13180;6.78;0.41;308.97;13.00;1222;38;4523.00;137
11824;37;622946604;11824;282;13043;13180;6.75;0.41;309.06;13.00;1219;38;4524.00;137
11827;37;622946620;11827;279;13046;13180;6.71;0.41;309.14;13.03;1219;38;4525.00;134
11831;37;622946642;11831;280;13049;13184;6.60;0.40;309.23;13.03;1218;38;4526.00;135
11835;37;622946665;11835;281;13050;13185;6.60;0.40;309.28;13.03;1215;38;4527.00;135
11840;37;622946682;11840;282;13051;13185;6.59;0.40;309.35;13.03;1211;38;4528.00;134
11844;37;622946707;11844;285;13052;13186;6.63;0.40;309.35;13.03;1208;38;4529.00;134
11846;37;622946726;11846;283;13053;13186;6.59;0.40;309.40;13.03;1207;38;4530.00;133
11849;37;622946744;11849;284;13053;13186;6.59;0.40;309.37;13.03;1204;38;4531.00;133
11850;37;622946759;11850;280;13053;13186;6.59;0.40;309.36;13.03;1203;38;4532.00;133
11851;37;622946779;11851;285;13053;13186;6.57;0.40;309.34;13.03;1202;38;4533.00;133
11854;37;622946797;11854;294;13054;13186;6.54;0.40;309.35;13.03;1200;38;4534.00;132
11857;37;622946813;11857;299;13054;13186;6.51;0.39;309.38;13.03;1197;38;4535.00;132
11858;37;622946828;11858;309;13089;13256;6.59;0.40;309.38;12.99;1231;38;4536.00;167
11861;37;622946849;11861;316;13094;13257;6.56;0.40;309.35;13.00;1233;38;4537.00;163
11863;37;622946864;11863;313;13097;13257;6.62;0.40;309.39;12.99;1234;38;4538.00;160
11866;37;622946880;11866;311;13100;13257;6.59;0.40;309.46;12.99;1234;38;4539.00;157
11868;37;622946895;11868;314;13106;13257;6.62;0.40;309.47;12.99;1238;38;4540.00;151
11869;37;622946911;11869;324;13109;13257;6.62;0.40;309.55;12.99;1240;38;4541.00;148
11870;37;622946926;11870;336;13112;13257;6.62;0.40;309.56;12.98;1242;38;4542.00;145
11874;37;622946942;11874;335;13116;13257;6.58;0.40;309.58;12.99;1242;38;4543.00;141
11876;37;622946957;11876;330;13120;13258;6.56;0.40;309.68;12.99;1244;38;4544.00;138
11877;37;622946974;11877;333;13124;13260;6.54;0.40;309.69;12.98;1247;38;4545.00;136
11880;37;622946989;11880;333;13127;13260;6.47;0.39;309.70;12.98;1247;38;4546.00;133
11881;37;622947005;11881;331;13131;13264;6.42;0.39;309.71;12.98;1250;38;4547.00;133
11882;37;622947021;11882;331;13131;13264;6.36;0.39;309.72;12.98;1249;38;4548.00;133
11887;37;622947038;11887;340;13131;13264;6.26;0.38;309.80;12.98;1244;38;4549.00;133
11890;37;622947054;11890;342;13133;13264;6.23;0.38;309.79;13.01;1243;38;4550.00;131
11892;37;622947069;11892;349;13138;13270;6.25;0.38;309.79;13.00;1246;38;4551.00;132
11896;37;622947086;11896;350;13138;13270;6.24;0.38;309.80;13.00;1242;38;4552.00;132
11899;37;622947100;11899;351;13140;13270;6.23;0.38;309.83;13.03;1241;38;4553.00;130
11901;37;622947115;11901;356;13142;13273;6.23;0.38;309.87;13.03;1241;38;4554.00;131
11901;37;622947130;11901;365;13145;13273;6.23;0.38;309.87;13.05;1244;38;4555.00;128
11906;37;622947144;11906;370;13145;13273;6.23;0.38;309.98;13.05;1239;38;4556.00;128
11908;37;622947159;11908;379;13147;13274;6.22;0.38;310.00;13.08;1239;38;4557.00;127
11911;37;622947173;11911;378;13148;13275;6.15;0.37;310.12;13.07;1237;38;4558.00;127
11911;37;622947188;11911;385;13148;13275;6.13;0.37;310.12;13.07;1237;38;4559.00;127
11915;37;622947203;11915;394;13166;13301;6.09;0.37;310.22;13.06;1251;38;4560.00;135
11918;37;622947219;11918;397;13168;13301;6.02;0.37;310.25;13.08;1250;38;4561.00;133
11919;37;622947234;11919;407;13171;13301;6.02;0.37;310.26;13.09;1252;38;4562.00;130
11923;37;622947247;11923;408;13174;13302;5.98;0.36;310.27;13.10;1251;38;4563.00;128
11924;37;622947262;11924;410;13175;13302;5.95;0.36;310.29;13.11;1251;38;4564.00;127
11925;37;622947276;11925;410;13180;13306;5.90;0.36;310.27;13.12;1255;38;4565.00;126
11930;37;622947291;11930;415;13180;13306;5.75;0.35;310.31;13.12;1250;38;4566.00;126
11932;37;622947305;11932;420;13185;13310;5.63;0.34;310.31;13.14;1253;38;4567.00;125
11937;37;622947319;11937;427;13185;13310;5.48;0.33;310.30;13.14;1248;38;4568.00;125
11939;37;622947332;11939;420;13187;13310;5.40;0.33;310.35;13.16;1248;38;4569.00;123
11941;37;622947346;11941;416;13187;13310;5.32;0.32;310.46;13.16;1246;38;4570.00;123
11941;37;622947359;11941;417;13187;13310;5.29;0.32;310.46;13.16;1246;38;4571.00;123
11943;37;622947372;11943;418;13197;13322;5.35;0.33;310.46;13.15;1254;38;4572.00;125
11947;37;622947386;11947;423;13199;13322;5.29;0.32;310.49;13.17;1252;38;4573.00;123
11951;37;622947400;11951;426;13202;13322;5.27;0.32;310.51;13.17;1251;38;4574.00;120
11954;37;622947413;11954;423;13203;13322;5.25;0.32;310.54;13.18;1249;38;4575.00;119
11956;37;622947426;11956;422;13203;13322;5.19;0.32;310.56;13.18;1247;38;4576.00;119
11956;37;622947439;11956;428;13203;13322;5.17;0.31;310.56;13.18;1247;38;4577.00;119
11960;37;622947452;11960;426;13205;13323;5.10;0.31;310.60;13.20;1245;38;4578.00;118
11962;38;622947465;11962;433;13205;13323;5.08;0.31;310.59;13.20;1243;39;4579.00;118
11964;38;622947485;11964;443;13210;13329;5.10;0.31;310.65;13.19;1246;39;4580.00;119
11965;38;622947499;11965;452;13213;13330;5.05;0.31;310.64;13.21;1248;39;4581.00;117
11965;38;622947511;11965;452;13214;13330;4.98;0.30;310.64;13.22;1249;39;4582.00;116
11969;38;622947524;11969;456;13215;13330;4.91;0.30;310.63;13.22;1246;39;4583.00;115
11971;38;622947537;11971;459;13218;13334;4.92;0.30;310.67;13.22;1247;39;4584.00;116
11977;38;622947554;11977;474;13220;13334;4.85;0.30;310.74;13.24;1243;39;4585.00;114
11980;38;622947566;11980;481;13220;13334;4.78;0.29;310.74;13.24;1240;39;4586.00;114
11982;38;622947578;11982;483;13221;13335;4.68;0.29;310.77;13.24;1239;39;4587.00;114
11985;38;622947590;11985;486;13226;13339;4.58;0.28;310.79;13.25;1241;39;4588.00;113
11990;38;622947603;11990;493;13227;13339;4.46;0.27;310.87;13.26;1237;39;4589.00;112
11993;38;622947617;11993;486;13232;13345;4.43;0.27;310.92;13.26;1239;39;4590.00;113
11998;38;622947630;11998;484;13235;13345;4.37;0.27;311.00;13.27;1237;39;4591.00;110
12002;38;622947643;12002;494;13236;13345;4.36;0.27;311.04;13.27;1234;39;4592.00;109
12003;38;622947655;12003;491;13236;13345;4.35;0.27;311.06;13.27;1233;39;4593.00;109
12008;38;622947667;12008;485;13242;13349;4.35;0.27;311.10;13.28;1234;39;4594.00;107
12013;38;622947680;12013;486;13242;13349;4.31;0.26;311.14;13.28;1229;39;4595.00;107
12015;38;622947693;12015;481;13244;13349;4.31;0.26;311.15;13.29;1229;39;4596.00;105
12021;38;622947705;12021;486;13244;13349;4.25;0.26;311.09;13.29;1223;39;4597.00;105
12021;38;622947718;12021;489;13244;13350;4.26;0.26;311.09;13.29;1223;39;4598.00;106
12025;38;622947730;12025;487;13247;13351;4.25;0.26;311.09;13.30;1222;39;4599.00;104
12029;38;622947743;12029;486;13247;13351;4.23;0.26;311.04;13.30;1218;39;4600.00;104
12030;38;622947759;12030;485;13248;13352;4.21;0.26;311.05;13.30;1218;39;4601.00;104
12034;38;622947772;12034;484;13250;13352;4.16;0.26;311.01;13.31;1216;39;4602.00;102
12037;38;622947784;12037;479;13250;13352;4.15;0.25;311.03;13.31;1213;39;4603.00;102
12042;38;622947797;12042;484;13250;13352;4.14;0.25;311.01;13.31;1208;39;4604.00;102
12045;38;622947810;12045;489;13250;13352;4.12;0.25;311.02;13.31;1205;39;4605.00;102
12049;38;622947822;12049;488;13250;13352;4.11;0.25;310.98;13.31;1201;39;4606.00;102
12051;38;622947835;12051;485;13250;13352;4.13;0.25;310.97;13.31;1199;39;4607.00;102
12055;38;622947847;12055;495;13313;13479;4.58;0.29;310.92;13.24;1258;39;4608.00;166
12055;38;622947869;12055;493;13318;13480;4.60;0.29;310.92;13.24;1263;39;4609.00;162
12059;38;622947882;12059;498;13328;13480;4.64;0.29;310.89;13.23;1269;39;4610.00;152
12063;38;622947895;12063;502;13328;13480;4.59;0.29;310.86;13.23;1265;39;4611.00;152
12067;38;622947908;12067;497;13337;13480;4.59;0.29;310.90;13.22;1270;39;4612.00;143
12071;38;622947921;12071;503;13338;13480;4.54;0.28;310.95;13.22;1267;39;4613.00;142
12073;38;622947934;12073;496;13341;13480;4.50;0.28;310.95;13.22;1268;39;4614.00;139
12077;38;622947948;12077;504;13345;13480;4.45;0.28;310.90;13.22;1268;39;4615.00;135
12083;38;622947961;12083;507;13348;13481;4.38;0.27;310.87;13.22;1265;39;4616.00;133
12087;38;622947975;12087;511;13353;13482;4.32;0.27;310.82;13.22;1266;39;4617.00;129
12090;38;622947989;12090;514;13355;13482;4.28;0.26;310.80;13.22;1265;39;4618.00;127
12094;38;622948003;12094;511;13357;13483;4.21;0.26;310.88;13.22;1263;39;4619.00;126
12097;38;622948019;12097;522;13360;13483;4.14;0.26;310.86;13.22;1263;39;4620.00;123
12101;38;622948036;12101;524;13363;13483;4.11;0.25;310.85;13.22;1262;39;4621.00;120
12105;38;622948056;12105;528;13364;13483;4.06;0.25;310.83;13.22;1259;39;4622.00;119
12109;38;622948086;12109;526;13369;13487;4.02;0.25;310.83;13.21;1260;39;4623.00;118
12110;38;622948108;12110;527;13369;13487;4.01;0.25;310.83;13.21;1259;39;4624.00;118
12113;38;622948126;12113;534;13370;13487;3.98;0.24;310.82;13.21;1257;39;4625.00;117
12114;38;622948146;12114;538;13374;13490;3.98;0.24;310.82;13.32;1260;39;4626.00;116
12116;38;622948164;12116;537;13374;13490;3.92;0.24;310.82;13.32;1258;39;4627.00;116
12116;38;622948180;12116;537;13376;13490;3.93;0.24;310.82;13.32;1260;39;4628.00;114
12119;38;622948195;12119;527;13379;13494;3.95;0.24;310.81;13.31;1260;39;4629.00;115
12122;38;622948211;12122;528;13381;13495;3.99;0.25;310.77;13.31;1259;39;4630.00;114
12125;38;622948226;12125;523;13382;13495;4.02;0.25;310.75;13.31;1257;39;4631.00;113
12128;38;622948240;12128;517;13385;13499;4.04;0.25;310.74;13.31;1257;39;4632.00;114
12129;38;622948261;12129;514;13385;13499;4.07;0.25;310.74;13.31;1256;39;4633.00;114
12133;38;622948283;12133;503;13385;13499;4.10;0.25;310.71;13.31;1252;39;4634.00;114
12136;38;622948297;12136;510;13387;13501;4.14;0.25;310.72;13.31;1251;39;4635.00;114
12139;38;622948311;12139;506;13387;13501;4.16;0.25;310.69;13.31;1248;39;4636.00;114
12142;38;622948332;12142;488;13392;13507;4.22;0.26;310.71;13.30;1250;39;4637.00;115
12143;38;622948354;12143;474;13392;13507;4.28;0.26;310.71;13.30;1249;39;4638.00;115
12147;38;622948368;12147;463;13392;13508;4.29;0.26;310.72;13.30;1245;39;4639.00;116
12149;38;622948382;12149;452;13392;13508;4.35;0.27;310.69;13.30;1243;39;4640.00;116
12150;38;622948404;12150;453;13392;13508;4.43;0.27;310.69;13.30;1242;39;4641.00;116
12151;38;622948425;12151;452;13392;13508;4.53;0.28;310.67;13.30;1241;39;4642.00;116
12153;38;622948439;12153;451;13392;13508;4.62;0.28;310.68;13.30;1239;39;4643.00;116
12156;38;622948454;12156;441;13402;13520;4.77;0.29;310.67;13.29;1246;39;4644.00;118
12158;38;622948471;12158;440;13404;13520;4.83;0.29;310.67;13.39;1246;39;4645.00;116
12161;38;622948487;12161;422;13404;13520;4.90;0.30;310.73;13.39;1243;39;4646.00;116
12162;38;622948502;12162;405;13404;13520;5.00;0.31;310.72;13.39;1242;39;4647.00;116
12164;38;622948516;12164;399;13404;13520;5.09;0.31;310.71;13.39;1240;39;4648.00;116
12167;38;622948532;12167;378;13404;13520;5.20;0.32;310.75;13.39;1237;39;4649.00;116
12169;38;622948549;12169;371;13409;13526;5.30;0.32;310.72;13.38;1240;39;4650.00;117
12170;38;622948566;12170;361;13409;13526;5.41;0.33;310.71;13.38;1239;39;4651.00;117
12172;38;622948583;12172;358;13413;13530;5.49;0.34;310.73;13.38;1241;39;4652.00;117
12175;38;622948599;12175;349;13414;13531;5.52;0.34;310.73;13.38;1239;39;4653.00;117
12179;38;622948615;12179;343;13414;13531;5.55;0.34;310.73;13.38;1235;39;4654.00;117
12183;38;622948631;12183;343;13414;13531;5.61;0.34;310.84;13.38;1231;39;4655.00;117
12185;38;622948647;12185;344;13425;13544;5.74;0.35;310.85;13.37;1240;39;4656.00;119
12188;38;622948664;12188;346;13425;13544;5.80;0.35;310.88;13.37;1237;39;4657.00;119
12190;38;622948679;12190;341;13426;13544;5.86;0.36;310.94;13.47;1236;39;4658.00;118
12191;38;622948695;12191;340;13427;13545;5.98;0.36;310.97;13.47;1236;39;4659.00;118
12195;39;622948710;12195;333;13427;13546;6.03;0.37;311.05;13.47;1232;40;4660.00;119
12200;39;622948740;12200;334;13428;13546;6.06;0.37;311.19;13.56;1228;40;4661.00;118
12201;39;622948761;12201;323;13430;13549;6.10;0.37;311.20;13.56;1229;40;4662.00;119
12202;39;622948777;12202;330;13430;13549;6.08;0.37;311.27;13.56;1228;40;4663.00;119
12205;39;622948793;12205;326;13431;13549;6.03;0.37;311.35;13.56;1226;40;4664.00;118
12206;39;622948809;12206;326;13431;13549;5.99;0.36;311.37;13.56;1225;40;4665.00;118
12207;39;622948824;12207;331;13436;13555;5.96;0.36;311.44;13.55;1229;40;4666.00;119
12211;39;622948841;12211;331;13437;13555;5.98;0.36;311.48;13.65;1226;40;4667.00;118
12213;39;622948857;12213;337;13437;13555;6.03;0.37;311.55;13.65;1224;40;4668.00;118
12216;39;622948872;12216;339;13437;13555;6.04;0.37;311.61;13.65;1221;40;4669.00;118
12217;39;622948888;12217;336;13440;13559;6.11;0.37;311.61;13.65;1223;40;4670.00;119
12219;39;622948909;12219;336;13441;13560;6.18;0.38;311.62;13.65;1222;40;4671.00;119
12221;39;622948925;12221;333;13441;13560;6.21;0.38;311.68;13.65;1220;40;4672.00;119
12225;39;622948940;12225;332;13442;13561;6.28;0.38;311.75;13.65;1217;40;4673.00;119
12229;39;622948956;12229;326;13442;13561;6.25;0.38;311.88;13.65;1213;40;4674.00;119
12231;39;622948972;12231;322;13442;13561;6.27;0.38;311.90;13.65;1211;40;4675.00;119
12234;39;622948987;12234;320;13443;13561;6.31;0.38;311.97;13.74;1209;40;4676.00;118
12239;39;622949003;12239;320;13443;13561;6.34;0.39;312.06;13.74;1204;40;4677.00;118
12240;39;622949019;12240;320;13443;13561;6.40;0.39;312.09;13.74;1203;40;4678.00;118
12245;39;622949036;12245;323;13443;13561;6.41;0.39;312.19;13.74;1198;40;4679.00;118
12249;39;622949056;12249;343;13507;13686;6.43;0.39;312.31;13.68;1258;40;4680.00;179
12251;39;622949080;12251;333;13507;13687;6.48;0.40;312.38;13.68;1256;40;4681.00;180
12255;39;622949097;12255;323;13515;13687;6.51;0.40;312.54;13.67;1260;40;4682.00;172
12258;39;622949115;12258;325;13515;13687;6.55;0.40;312.57;13.67;1257;40;4683.00;172
12259;39;622949131;12259;319;13520;13687;6.62;0.40;312.58;13.67;1261;40;4684.00;167
12261;39;622949147;12261;326;13524;13687;6.59;0.40;312.67;13.66;1263;40;4685.00;163
12264;39;622949163;12264;332;13529;13687;6.61;0.40;312.69;13.66;1265;40;4686.00;158
12269;39;622949178;12269;332;13533;13687;6.62;0.40;312.67;13.66;1264;40;4687.00;154
12272;39;622949193;12272;335;13538;13688;6.57;0.40;312.74;13.66;1266;40;4688.00;150
12275;39;622949208;12275;337;13541;13689;6.54;0.40;312.77;13.66;1266;40;4689.00;148
12282;39;622949223;12282;332;13543;13689;6.44;0.39;312.86;13.65;1261;40;4690.00;146
12283;39;622949239;12283;333;13548;13693;6.40;0.39;312.91;13.65;1265;40;4691.00;145
12286;39;622949254;12286;328;13548;13693;6.35;0.39;312.97;13.65;1262;40;4692.00;145
12288;39;622949269;12288;319;13551;13693;6.31;0.39;313.05;13.74;1263;40;4693.00;142
12293;39;622949285;12293;320;13551;13693;6.25;0.38;313.12;13.74;1258;40;4694.00;142
12295;39;622949300;12295;318;13557;13699;6.22;0.38;313.18;13.76;1262;40;4695.00;142
12298;39;622949317;12298;321;13557;13699;6.23;0.38;313.21;13.76;1259;40;4696.00;142
12300;39;622949332;12300;321;13557;13699;6.27;0.38;313.25;13.76;1257;40;4697.00;142
12303;39;622949347;12303;317;13559;13702;6.31;0.39;313.31;13.76;1256;40;4698.00;143
12305;39;622949363;12305;321;13559;13702;6.35;0.39;313.31;13.76;1254;40;4699.00;143
12311;39;622949378;12311;317;13560;13702;6.33;0.39;313.32;13.76;1249;40;4700.00;142
12313;39;622949397;12313;315;13560;13703;6.34;0.39;313.37;13.76;1247;40;4701.00;143
12317;39;622949412;12317;317;13561;13704;6.35;0.39;313.38;13.76;1244;40;4702.00;143
12322;39;622949427;12322;319;13561;13704;6.34;0.39;313.42;13.76;1239;40;4703.00;143
12329;39;622949442;12329;322;13569;13717;6.31;0.38;313.56;13.75;1240;40;4704.00;148
12329;39;622949458;12329;319;13570;13717;6.36;0.39;313.56;13.75;1241;40;4705.00;147
12331;39;622949473;12331;319;13571;13717;6.41;0.39;313.56;13.75;1240;40;4706.00;146
12336;39;622949488;12336;312;13572;13718;6.42;0.39;313.59;13.75;1236;40;4707.00;146
12340;39;622949503;12340;314;13573;13718;6.46;0.39;313.65;13.75;1233;40;4708.00;145
12343;39;622949518;12343;311;13575;13722;6.52;0.40;313.69;13.74;1232;40;4709.00;147
12347;39;622949541;12347;320;13576;13722;6.47;0.39;313.80;13.74;1229;40;4710.00;146
12351;39;622949556;12351;319;13580;13726;6.41;0.39;313.80;13.74;1229;40;4711.00;146
12352;39;622949571;12352;319;13580;13726;6.46;0.39;313.80;13.74;1228;40;4712.00;146
12353;39;622949585;12353;316;13580;13726;6.45;0.39;313.85;13.74;1227;40;4713.00;146
12356;39;622949600;12356;317;13582;13726;6.40;0.39;313.89;13.74;1226;40;4714.00;144
12359;39;622949614;12359;309;13582;13726;6.36;0.39;313.88;13.74;1223;40;4715.00;144
12359;39;622949628;12359;314;13594;13738;6.41;0.39;313.88;13.73;1235;40;4716.00;144
12363;39;622949643;12363;314;13594;13738;6.38;0.39;313.95;13.73;1231;40;4717.00;144
12367;39;622949658;12367;314;13595;13738;6.37;0.39;314.03;13.73;1228;40;4718.00;143
12374;39;622949672;12374;325;13595;13738;6.30;0.38;314.12;13.73;1221;40;4719.00;143
12376;39;622949687;12376;334;13596;13738;6.25;0.38;314.22;13.75;1220;40;4720.00;142
12379;39;622949700;12379;340;13596;13738;6.15;0.38;314.37;13.75;1217;40;4721.00;142
12383;39;622949714;12383;346;13596;13739;6.10;0.37;314.45;13.75;1213;40;4722.00;143
12385;39;622949728;12385;341;13598;13739;6.07;0.37;314.46;13.77;1213;40;4723.00;141
12388;39;622949741;12388;344;13603;13745;6.08;0.37;314.48;13.77;1215;40;4724.00;142
12390;39;622949756;12390;344;13607;13747;6.05;0.37;314.50;13.79;1217;40;4725.00;140
12393;39;622949770;12393;352;13608;13747;6.02;0.37;314.61;13.80;1215;40;4726.00;139
12397;39;622949785;12397;358;13609;13747;5.99;0.37;314.65;13.81;1212;40;4727.00;138
12402;39;622949798;12402;367;13613;13751;5.94;0.36;314.70;13.82;1211;40;4728.00;138
12405;39;622949813;12405;373;13615;13751;5.94;0.36;314.77;13.84;1210;40;4729.00;136
12407;39;622949827;12407;378;13615;13751;5.85;0.36;314.77;13.84;1208;40;4730.00;136
12409;39;622949840;12409;380;13617;13752;5.77;0.35;314.83;13.84;1208;40;4731.00;135
12413;39;622949854;12413;383;13620;13756;5.71;0.35;314.88;13.84;1207;40;4732.00;136
12415;39;622949868;12415;391;13623;13756;5.65;0.35;314.96;13.87;1208;40;4733.00;133
12417;39;622949881;12417;389;13626;13759;5.54;0.34;315.04;13.87;1209;40;4734.00;133
12420;39;622949895;12420;392;13627;13759;5.46;0.34;315.11;13.88;1207;40;4735.00;132
12420;39;622949908;12420;391;13629;13759;5.43;0.33;315.11;13.88;1209;40;4736.00;130
12423;39;622949921;12423;398;13630;13759;5.38;0.33;315.12;13.89;1207;40;4737.00;129
12426;39;622949934;12426;404;13634;13763;5.40;0.33;315.16;13.89;1208;40;4738.00;129
12428;39;622949947;12428;402;13636;13763;5.30;0.33;315.13;13.90;1208;40;4739.00;127
12428;39;622949962;12428;399;13636;13763;5.25;0.32;315.13;13.90;1208;40;4740.00;127
12430;39;622949975;12430;398;13638;13763;5.19;0.32;315.09;13.91;1208;40;4741.00;125
12432;39;622949988;12432;402;13639;13764;5.14;0.32;315.12;13.92;1207;40;4742.00;125
12434;39;622950001;12434;401;13641;13765;5.14;0.32;315.12;13.93;1207;40;4743.00;124
12436;39;622950015;12436;404;13642;13765;5.11;0.31;315.17;13.94;1206;40;4744.00;123
12440;39;622950029;12440;412;13643;13766;5.05;0.31;315.16;13.93;1203;40;4745.00;123
12441;39;622950048;12441;419;13644;13766;5.06;0.31;315.15;13.94;1203;40;4746.00;122
12444;39;622950069;12444;425;13646;13766;5.05;0.31;315.12;13.96;1202;40;4747.00;120
12447;39;622950090;12447;425;13646;13766;5.03;0.31;315.17;13.96;1199;40;4748.00;120
12447;39;622950107;12447;432;13647;13766;5.00;0.31;315.17;13.96;1200;40;4749.00;119
12451;39;622950126;12451;440;13648;13766;4.91;0.30;315.16;13.97;1197;40;4750.00;118
12455;39;622950144;12455;440;13648;13766;4.84;0.29;315.16;13.97;1193;40;4751.00;118
12458;39;622950160;12458;459;13714;13893;4.98;0.31;315.11;13.91;1256;40;4752.00;179
12459;39;622950184;12459;458;13716;13894;4.92;0.30;315.11;13.91;1257;40;4753.00;178
12459;39;622950198;12459;462;13727;13894;5.02;0.31;315.11;13.91;1268;40;4754.00;167
12460;39;622950212;12460;460;13733;13894;5.02;0.31;315.10;13.90;1273;40;4755.00;161
12465;39;622950227;12465;460;13738;13894;4.95;0.31;315.08;13.90;1273;40;4756.00;156
12470;39;622950241;12470;460;13742;13894;4.86;0.30;315.03;13.91;1272;40;4757.00;152
12471;39;622950255;12471;467;13746;13894;4.81;0.30;315.01;13.90;1275;40;4758.00;148
12472;39;622950269;12472;476;13750;13894;4.73;0.29;315.02;13.90;1278;40;4759.00;144
12474;39;622950282;12474;470;13753;13895;4.70;0.29;315.01;13.91;1279;40;4760.00;142
12477;39;622950295;12477;473;13758;13896;4.63;0.29;315.01;13.93;1281;40;4761.00;138
12481;39;622950309;12481;479;13761;13896;4.54;0.28;314.99;13.93;1280;40;4762.00;135
12485;39;622950322;12485;475;13763;13897;4.45;0.27;315.01;13.93;1278;40;4763.00;134
12487;39;622950336;12487;481;13765;13897;4.41;0.27;314.97;13.93;1278;40;4764.00;132
12489;39;622950350;12489;481;13769;13897;4.35;0.27;314.96;13.94;1280;40;4765.00;128
12493;39;622950363;12493;493;13770;13897;4.31;0.27;314.94;13.94;1277;40;4766.00;127
12495;39;622950376;12495;490;13775;13901;4.32;0.27;314.94;13.94;1280;40;4767.00;126
12497;39;622950390;12497;491;13776;13901;4.34;0.27;314.94;13.94;1279;40;4768.00;125
12499;39;622950404;12499;496;13777;13901;4.35;0.27;314.95;13.94;1278;40;4769.00;124
12500;39;622950420;12500;496;13781;13907;4.38;0.27;314.96;13.93;1281;40;4770.00;126
12502;39;622950434;12502;499;13781;13907;4.38;0.27;314.98;13.93;1279;40;4771.00;126
12505;39;622950447;12505;494;13782;13907;4.40;0.27;314.99;13.93;1277;40;4772.00;125
12509;39;622950461;12509;501;13786;13911;4.39;0.27;314.97;13.93;1277;40;4773.00;125
12511;39;622950476;12511;504;13787;13912;4.37;0.27;314.98;13.93;1276;40;4774.00;125
12516;39;622950491;12516;504;13789;13912;4.37;0.27;315.03;14.03;1273;40;4775.00;123
12519;39;622950506;12519;509;13792;13916;4.39;0.27;315.00;14.02;1273;40;4776.00;124
12520;39;622950521;12520;512;13793;13916;4.41;0.27;315.02;14.02;1273;40;4777.00;123
12523;39;622950534;12523;516;13793;13916;4.36;0.27;315.00;14.02;1270;40;4778.00;123
12525;39;622950548;12525;505;13794;13917;4.35;0.27;315.00;14.02;1269;40;4779.00;123
12529;39;622950562;12529;498;13795;13917;4.27;0.26;314.96;14.02;1266;40;4780.00;122
12530;39;622950577;12530;496;13800;13923;4.30;0.26;314.95;14.02;1270;40;4781.00;123
12537;39;622950592;12537;495;13802;13923;4.23;0.26;314.84;14.02;1265;40;4782.00;121
12539;39;622950615;12539;496;13802;13924;4.24;0.26;314.86;14.02;1263;40;4783.00;122
12541;39;622950629;12541;498;13802;13924;4.25;0.26;314.84;14.02;1261;40;4784.00;122
12544;39;622950644;12544;497;13802;13924;4.27;0.26;314.83;14.02;1258;40;4785.00;122
12547;39;622950673;12547;495;13802;13924;4.29;0.26;314.83;14.02;1255;40;4786.00;122
12552;39;622950687;12552;492;13802;13924;4.29;0.26;314.90;14.02;1250;40;4787.00;122
12556;39;622950701;12556;495;13813;13936;4.38;0.27;314.90;14.01;1257;40;4788.00;123
12557;39;622950716;12557;493;13814;13936;4.40;0.27;314.92;14.10;1257;40;4789.00;122
12559;39;622950731;12559;494;13814;13936;4.42;0.27;314.93;14.10;1255;40;4790.00;122
12565;39;622950745;12565;492;13814;13936;4.43;0.27;314.94;14.10;1249;40;4791.00;122
12566;39;622950758;12566;493;13814;13936;4.46;0.27;314.93;14.10;1248;40;4792.00;122
12568;39;622950774;12568;494;13814;13936;4.50;0.27;314.92;14.10;1246;40;4793.00;122
12571;39;622950789;12571;492;13817;13940;4.51;0.27;314.95;14.10;1246;40;4794.00;123
12574;39;622950805;12574;495;13817;13940;4.52;0.27;314.97;14.10;1243;40;4795.00;123
12576;39;622950820;12576;495;13821;13944;4.57;0.28;314.97;14.10;1245;40;4796.00;123
12578;39;622950838;12578;490;13822;13945;4.59;0.28;314.96;14.10;1244;40;4797.00;123
12580;39;622950853;12580;493;13822;13945;4.55;0.28;315.04;14.10;1242;40;4798.00;123
12585;39;622950868;12585;493;13822;13945;4.47;0.27;315.04;14.10;1237;40;4799.00;123
12587;39;622950886;12587;492;13846;13986;4.56;0.28;315.04;14.07;1259;40;4800.00;140
12590;39;622950911;12590;493;13846;13986;4.55;0.28;315.05;14.07;1256;40;4801.00;140
12593;39;622950925;12593;481;13847;13986;4.60;0.28;315.04;14.07;1254;40;4802.00;139
12597;39;622950940;12597;479;13850;13987;4.63;0.28;315.05;14.07;1253;40;4803.00;137
12597;39;622950954;12597;476;13850;13988;4.68;0.29;315.05;14.07;1253;40;4804.00;138
12601;39;622950969;12601;485;13850;13988;4.71;0.29;315.04;14.07;1249;40;4805.00;138
12602;39;622950983;12602;486;13855;13991;4.76;0.29;315.04;14.16;1253;40;4806.00;136
12604;39;622950998;12604;466;13855;13991;4.81;0.29;315.05;14.16;1251;40;4807.00;136
12605;39;622951013;12605;456;13858;13991;4.85;0.30;315.09;14.16;1253;40;4808.00;133
12608;39;622951028;12608;449;13858;13991;4.92;0.30;315.08;14.16;1250;40;4809.00;133
12610;39;622951045;12610;443;13863;13997;5.01;0.31;315.10;14.15;1253;40;4810.00;134
12613;39;622951061;12613;442;13863;13997;5.05;0.31;315.20;14.15;1250;40;4811.00;134
12615;39;622951076;12615;442;13864;13997;5.06;0.31;315.21;14.15;1249;40;4812.00;133
12617;39;622951091;12617;437;13864;13997;5.03;0.31;315.22;14.15;1247;40;4813.00;133
12622;39;622951111;12622;436;13867;14001;5.01;0.31;315.24;14.15;1245;40;4814.00;134
12624;39;622951126;12624;444;13870;14003;5.03;0.31;315.24;14.15;1246;40;4815.00;133
12630;39;622951141;12630;428;13870;14003;5.03;0.31;315.31;14.15;1240;40;4816.00;133
12635;39;622951156;12635;421;13871;14004;5.04;0.31;315.38;14.15;1236;40;4817.00;133
12636;39;622951170;12636;414;13871;14004;5.16;0.31;315.37;14.15;1235;40;4818.00;133
12638;39;622951185;12638;408;13871;14004;5.20;0.32;315.44;14.15;1233;40;4819.00;133
12641;39;622951199;12641;401;13871;14004;5.25;0.32;315.48;14.15;1230;40;4820.00;133
12642;39;622951214;12642;394;13872;14004;5.35;0.33;315.48;14.15;1230;40;4821.00;132
12647;39;622951228;12647;390;13872;14004;5.37;0.33;315.55;14.15;1225;40;4822.00;132
12650;39;622951244;12650;388;13872;14004;5.41;0.33;315.59;14.15;1222;40;4823.00;132
12651;39;622951259;12651;409;13915;14074;5.45;0.33;315.59;14.10;1264;40;4824.00;159
12654;39;622951279;12654;396;13915;14075;5.48;0.34;315.64;14.10;1261;40;4825.00;160
12655;39;622951294;12655;388;13922;14075;5.59;0.34;315.68;14.19;1267;41;4826.00;153
12657;39;622951319;12657;387;13922;14075;5.67;0.35;315.69;14.19;1265;41;4827.00;153
12662;39;622951334;12662;384;13928;14077;5.78;0.35;315.74;14.19;1266;41;4828.00;149
12662;39;622951350;12662;385;13930;14077;5.85;0.36;315.74;14.19;1268;41;4829.00;147
12662;39;622951366;12662;381;13932;14077;5.90;0.36;315.74;14.19;1270;41;4830.00;145
12664;39;622951381;12664;381;13934;14077;5.99;0.36;315.79;14.19;1270;41;4831.00;143
12670;39;622951397;12670;379;13938;14078;6.05;0.37;315.86;14.19;1268;41;4832.00;140
12672;39;622951413;12672;377;13941;14079;6.10;0.37;315.87;14.18;1269;41;4833.00;138
12675;39;622951428;12675;378;13942;14079;6.14;0.37;315.89;14.18;1267;41;4834.00;137
12678;39;622951443;12678;374;13946;14083;6.16;0.37;316.05;14.18;1268;41;4835.00;137
12679;39;622951460;12679;376;13947;14083;6.20;0.38;316.10;14.18;1268;41;4836.00;136
12681;39;622951476;12681;374;13948;14083;6.25;0.38;316.16;14.18;1267;41;4837.00;135
12686;39;622951492;12686;377;13948;14083;6.23;0.38;316.24;14.18;1262;41;4838.00;135
12688;39;622951508;12688;375;13953;14089;6.29;0.38;316.21;14.17;1265;41;4839.00;136
12691;39;622951524;12691;372;13953;14089;6.33;0.38;316.22;14.17;1262;41;4840.00;136
12691;39;622951540;12691;375;13953;14089;6.36;0.39;316.22;14.17;1262;41;4841.00;136
12694;39;622951555;12694;375;13955;14092;6.37;0.38;316.22;14.17;1261;41;4842.00;137
12698;39;622951571;12698;376;13955;14092;6.27;0.38;316.33;14.17;1257;41;4843.00;137
12698;39;622951586;12698;382;13956;14092;6.25;0.38;316.33;14.17;1258;41;4844.00;136
12700;39;622951601;12700;374;13956;14093;6.25;0.38;316.43;14.17;1256;41;4845.00;137
12703;39;622951616;12703;381;13957;14094;6.28;0.38;316.46;14.17;1254;41;4846.00;137
12706;39;622951632;12706;382;13957;14094;6.28;0.38;316.56;14.17;1251;41;4847.00;137
12711;39;622951647;12711;384;13967;14107;6.31;0.38;316.65;14.16;1256;41;4848.00;140
12713;39;622951663;12713;379;13968;14107;6.32;0.38;316.68;14.16;1255;41;4849.00;139
12715;39;622951678;12715;370;13968;14107;6.36;0.38;316.74;14.16;1253;41;4850.00;139
12718;39;622951693;12718;366;13969;14108;6.38;0.38;316.83;14.16;1251;41;4851.00;139
12720;39;622951708;12720;362;13969;14108;6.39;0.39;316.86;14.16;1249;41;4852.00;139
12722;39;622951724;12722;354;13972;14112;6.48;0.39;316.89;14.16;1250;41;4853.00;140
12723;39;622951739;12723;349;13972;14112;6.50;0.39;316.91;14.16;1249;41;4854.00;140
12725;39;622951754;12725;339;13975;14116;6.48;0.39;316.93;14.15;1250;41;4855.00;141
12727;39;622951770;12727;339;13975;14116;6.44;0.39;316.94;14.15;1248;41;4856.00;141
12729;39;622951786;12729;340;13975;14116;6.43;0.39;316.95;14.15;1246;41;4857.00;141
12732;39;622951800;12732;339;13975;14116;6.38;0.39;317.01;14.15;1243;41;4858.00;141
12734;39;622951816;12734;329;13975;14116;6.28;0.38;317.07;14.15;1241;41;4859.00;141
12737;39;622951832;12737;326;13996;14150;6.28;0.38;317.14;14.13;1259;41;4860.00;154
12737;39;622951849;12737;327;13997;14150;6.23;0.38;317.14;14.13;1260;41;4861.00;153
12741;39;622951864;12741;324;14000;14150;6.20;0.38;317.20;14.13;1259;41;4862.00;150
12744;39;622951880;12744;324;14001;14150;6.18;0.38;317.24;14.13;1257;41;4863.00;149
12749;39;622951894;12749;322;14003;14150;6.20;0.38;317.33;14.14;1254;41;4864.00;147
12752;39;622951911;12752;318;14003;14150;6.20;0.38;317.41;14.14;1251;41;4865.00;147
12753;39;622951926;12753;322;14004;14151;6.20;0.38;317.45;14.16;1251;41;4866.00;147
12757;39;622951941;12757;316;14004;14151;6.18;0.38;317.53;14.16;1247;41;4867.00;147
12761;39;622951955;12761;321;14008;14157;6.18;0.38;317.60;14.15;1247;41;4868.00;149
12765;39;622951972;12765;325;14009;14158;6.18;0.38;317.66;14.15;1244;41;4869.00;149
12770;39;622951993;12770;329;14009;14158;6.07;0.37;317.63;14.15;1239;41;4870.00;149
12774;39;622952008;12774;338;14009;14158;6.02;0.37;317.67;14.15;1235;41;4871.00;149
12778;39;622952022;12778;330;14012;14162;5.99;0.36;317.75;14.15;1234;41;4872.00;150
12780;39;622952037;12780;334;14013;14162;5.95;0.36;317.77;14.15;1233;41;4873.00;149
12781;39;622952059;12781;337;14014;14162;5.88;0.36;317.83;14.15;1233;41;4874.00;148
12783;39;622952085;12783;334;14015;14163;5.87;0.36;317.86;14.15;1232;41;4875.00;148
12786;39;622952107;12786;340;14018;14167;5.80;0.35;317.86;14.14;1232;41;4876.00;149
12790;39;622952129;12790;337;14020;14167;5.76;0.35;317.91;14.14;1230;41;4877.00;147
12794;39;622952161;12794;344;14022;14170;5.72;0.35;317.96;14.14;1228;41;4878.00;148
12797;39;622952178;12797;342;14023;14170;5.72;0.35;317.98;14.14;1226;41;4879.00;147
12800;39;622952193;12800;342;14023;14170;5.77;0.35;318.04;14.14;1223;41;4880.00;147
12803;39;622952208;12803;331;14023;14170;5.80;0.35;318.06;14.14;1220;41;4881.00;147
12805;39;622952224;12805;334;14027;14174;5.87;0.36;318.10;14.14;1222;41;4882.00;147
12807;39;622952241;12807;342;14027;14174;5.91;0.36;318.08;14.14;1220;41;4883.00;147
12810;39;622952257;12810;340;14027;14174;5.91;0.36;318.18;14.14;1217;41;4884.00;147
12811;39;622952271;12811;333;14027;14174;5.87;0.36;318.23;14.14;1216;41;4885.00;147
12812;39;622952285;12812;339;14028;14175;5.86;0.36;318.24;14.14;1216;41;4886.00;147
12818;39;622952299;12818;345;14029;14176;5.83;0.36;318.26;14.14;1211;41;4887.00;147
12821;39;622952315;12821;345;14029;14176;5.79;0.35;318.32;14.14;1208;41;4888.00;147
12823;39;622952329;12823;354;14030;14177;5.77;0.35;318.28;14.14;1207;41;4889.00;147
12828;39;622952345;12828;363;14031;14177;5.71;0.35;318.32;14.16;1203;41;4890.00;146
12833;39;622952359;12833;368;14031;14177;5.68;0.35;318.48;14.16;1198;41;4891.00;146
12836;39;622952373;12836;381;14032;14177;5.62;0.34;318.51;14.17;1196;41;4892.00;145
12839;39;622952388;12839;393;14033;14177;5.51;0.34;318.53;14.19;1194;41;4893.00;144
12840;39;622952401;12840;397;14033;14177;5.42;0.33;318.60;14.19;1193;41;4894.00;144
12842;39;622952415;12842;408;14035;14177;5.34;0.33;318.62;14.21;1193;41;4895.00;142
12844;39;622952429;12844;427;14099;14304;5.55;0.34;318.71;14.15;1255;41;4896.00;205
12849;39;622952453;12849;424;14103;14305;5.45;0.34;318.63;14.16;1254;41;4897.00;202
12849;39;622952469;12849;415;14115;14305;5.54;0.34;318.63;14.17;1266;41;4898.00;190
12851;39;622952483;12851;418;14119;14305;5.51;0.34;318.62;14.17;1268;41;4899.00;186
12853;39;622952498;12853;427;14126;14305;5.47;0.34;318.70;14.16;1273;41;4900.00;179
12855;39;622952516;12855;435;14131;14305;5.40;0.33;318.67;14.18;1276;41;4901.00;174
12857;39;622952544;12857;441;14134;14305;5.37;0.33;318.70;14.17;1277;41;4902.00;171
12859;39;622952559;12859;444;14139;14305;5.32;0.33;318.71;14.19;1280;41;4903.00;166
12859;39;622952573;12859;445;14141;14306;5.29;0.33;318.71;14.19;1282;41;4904.00;165
12864;39;622952594;12864;448;14146;14308;5.20;0.32;318.65;14.20;1282;41;4905.00;162
12866;39;622952608;12866;457;14150;14308;5.15;0.32;318.62;14.21;1284;41;4906.00;158
12870;39;622952623;12870;460;14152;14309;5.05;0.31;318.57;14.21;1282;41;4907.00;157
12874;39;622952637;12874;468;14157;14309;4.93;0.30;318.58;14.21;1283;41;4908.00;152
12875;39;622952651;12875;469;14160;14309;4.89;0.30;318.56;14.23;1285;41;4909.00;149
12876;39;622952665;12876;473;14162;14309;4.88;0.30;318.54;14.22;1286;41;4910.00;147
12879;39;622952680;12879;477;14169;14313;4.86;0.30;318.50;14.23;1290;41;4911.00;144
12880;39;622952694;12880;476;14169;14313;4.78;0.29;318.49;14.23;1289;41;4912.00;144
12882;39;622952708;12882;479;14171;14313;4.73;0.29;318.44;14.23;1289;41;4913.00;142
12884;39;622952722;12884;483;14175;14316;4.66;0.29;318.48;14.25;1291;41;4914.00;141
12884;39;622952738;12884;488;14175;14316;4.59;0.28;318.48;14.25;1291;41;4915.00;141
12886;39;622952750;12886;494;14176;14316;4.55;0.28;318.47;14.26;1290;41;4916.00;140
12888;39;622952765;12888;508;14181;14320;4.52;0.28;318.46;14.26;1293;41;4917.00;139
12890;39;622952779;12890;513;14182;14321;4.48;0.27;318.44;14.25;1292;41;4918.00;139
12891;39;622952793;12891;519;14184;14321;4.44;0.27;318.42;14.27;1293;41;4919.00;137
12893;39;622952808;12893;527;14188;14326;4.41;0.27;318.37;14.26;1295;41;4920.00;138
12894;39;622952822;12894;538;14189;14326;4.36;0.27;318.35;14.26;1295;41;4921.00;137
12895;39;622952835;12895;537;14191;14326;4.32;0.26;318.35;14.27;1296;41;4922.00;135
12896;39;622952848;12896;544;14193;14327;4.28;0.26;318.35;14.28;1297;41;4923.00;134
12900;39;622952867;12900;536;14193;14327;4.24;0.26;318.33;14.28;1293;41;4924.00;134
12902;39;622952881;12902;547;14199;14333;4.27;0.26;318.33;14.29;1297;41;4925.00;134
12908;39;622952895;12908;545;14200;14333;4.16;0.25;318.33;14.29;1292;41;4926.00;133
12910;39;622952909;12910;564;14201;14334;4.05;0.25;318.33;14.30;1291;41;4927.00;133
12912;39;622952921;12912;562;14202;14334;3.94;0.24;318.36;14.31;1290;41;4928.00;132
12919;39;622952934;12919;578;14202;14334;3.80;0.23;318.34;14.31;1283;41;4929.00;132
12919;39;622952946;12919;567;14203;14334;3.74;0.23;318.34;14.32;1284;41;4930.00;131
12924;39;622952958;12924;552;14204;14334;3.65;0.22;318.28;14.33;1280;41;4931.00;130
12929;39;622952972;12929;535;14216;14346;3.72;0.23;318.32;14.33;1287;41;4932.00;130
12931;39;622952986;12931;522;14218;14346;3.77;0.23;318.37;14.35;1287;41;4933.00;128
12933;39;622952999;12933;516;14218;14346;3.80;0.23;318.39;14.35;1285;41;4934.00;128
12935;39;622953012;12935;523;14219;14346;3.85;0.24;318.40;14.36;1284;41;4935.00;127
12939;39;622953025;12939;517;14219;14346;3.92;0.24;318.38;14.36;1280;41;4936.00;127
12942;39;622953039;12942;510;14220;14346;3.95;0.24;318.37;14.37;1278;41;4937.00;126
12943;39;622953062;12943;502;14224;14350;4.02;0.25;318.37;14.38;1281;41;4938.00;126
12946;39;622953076;12946;495;14225;14350;4.10;0.25;318.35;14.38;1279;41;4939.00;125
12947;39;622953090;12947;488;14229;14354;4.23;0.26;318.34;14.38;1282;41;4940.00;125
12949;39;622953103;12949;483;14230;14355;4.30;0.26;318.35;14.38;1281;41;4941.00;125
12951;39;622953117;12951;473;14230;14355;4.33;0.26;318.35;14.38;1279;41;4942.00;125
12954;39;622953130;12954;471;14230;14355;4.37;0.27;318.36;14.38;1276;41;4943.00;125
12956;39;622953143;12956;463;14241;14368;4.52;0.28;318.35;14.37;1285;41;4944.00;127
12958;39;622953158;12958;465;14241;14368;4.56;0.28;318.35;14.37;1283;41;4945.00;127
12962;39;622953179;12962;468;14241;14368;4.60;0.28;318.36;14.37;1279;41;4946.00;127
12966;39;622953199;12966;466;14242;14369;4.63;0.28;318.37;14.37;1276;41;4947.00;127
12968;39;622953213;12968;470;14242;14370;4.64;0.28;318.36;14.37;1274;41;4948.00;128
12970;39;622953226;12970;469;14242;14370;4.67;0.28;318.36;14.37;1272;41;4949.00;128
12974;39;622953242;12974;462;14250;14379;4.71;0.29;318.36;14.45;1276;41;4950.00;129
12975;39;622953257;12975;466;14250;14379;4.74;0.29;318.37;14.45;1275;41;4951.00;129
12977;39;622953271;12977;460;14251;14379;4.74;0.29;318.36;14.45;1274;41;4952.00;128
12979;39;622953284;12979;450;14251;14379;4.77;0.29;318.36;14.45;1272;41;4953.00;128
12980;39;622953297;12980;447;14256;14385;4.78;0.29;318.37;14.45;1276;41;4954.00;129
12982;39;622953312;12982;445;14257;14385;4.80;0.29;318.41;14.45;1275;41;4955.00;128
12985;39;622953325;12985;442;14257;14385;4.82;0.29;318.49;14.45;1272;41;4956.00;128
12988;39;622953340;12988;454;14257;14385;4.84;0.30;318.48;14.45;1269;41;4957.00;128
12990;39;622953353;12990;449;14260;14389;4.85;0.30;318.57;14.45;1270;41;4958.00;129
12997;39;622953366;12997;447;14261;14390;4.83;0.29;318.60;14.44;1264;41;4959.00;129
13004;39;622953380;13004;440;14261;14390;4.78;0.29;318.69;14.44;1257;41;4960.00;129
13009;39;622953395;13009;445;14262;14391;4.78;0.29;318.71;14.44;1253;41;4961.00;129
13014;39;622953409;13014;442;14262;14391;4.80;0.29;318.75;14.44;1248;41;4962.00;129
13017;39;622953422;13017;440;14262;14391;4.81;0.29;318.78;14.44;1245;41;4963.00;129
13023;39;622953435;13023;445;14262;14391;4.80;0.29;318.85;14.44;1239;41;4964.00;129
13027;39;622953448;13027;453;14262;14391;4.76;0.29;318.91;14.44;1235;41;4965.00;129
13032;39;622953462;13032;446;14262;14391;4.73;0.29;318.95;14.44;1230;41;4966.00;129
13037;39;622953476;13037;443;14262;14391;4.71;0.29;319.08;14.44;1225;41;4967.00;129
13042;39;622953489;13042;453;14305;14461;4.78;0.29;319.11;14.40;1263;41;4968.00;156
13044;39;622953508;13044;445;14307;14462;4.84;0.30;319.15;14.40;1263;41;4969.00;155
13048;39;622953521;13048;447;14313;14462;4.89;0.30;319.14;14.39;1265;41;4970.00;149
13050;39;622953535;13050;439;14315;14462;4.94;0.30;319.24;14.39;1265;41;4971.00;147
13051;39;622953548;13051;433;14317;14462;4.98;0.30;319.24;14.39;1266;41;4972.00;145
13054;39;622953562;13054;435;14320;14462;5.00;0.31;319.29;14.48;1266;41;4973.00;142
13056;39;622953575;13056;436;14321;14462;5.04;0.31;319.30;14.48;1265;41;4974.00;141
13057;39;622953590;13057;441;14324;14462;5.07;0.31;319.29;14.48;1267;41;4975.00;138
13059;39;622953603;13059;437;14327;14463;5.09;0.31;319.31;14.48;1268;41;4976.00;136
13062;39;622953618;13062;422;14328;14464;5.10;0.31;319.37;14.48;1266;41;4977.00;136
13065;39;622953633;13065;417;14329;14464;5.13;0.31;319.42;14.48;1264;41;4978.00;135
13069;39;622953648;13069;403;14333;14468;5.13;0.31;319.48;14.48;1264;41;4979.00;135
13073;39;622953664;13073;397;14334;14468;5.15;0.31;319.50;14.48;1261;41;4980.00;134
13078;39;622953679;13078;395;14334;14468;5.15;0.31;319.56;14.48;1256;41;4981.00;134
13078;39;622953694;13078;390;14334;14468;5.23;0.32;319.56;14.48;1256;41;4982.00;134
13082;39;622953708;13082;393;14339;14474;5.29;0.32;319.58;14.47;1257;41;4983.00;135
13084;39;622953724;13084;395;14339;14474;5.32;0.32;319.57;14.47;1255;41;4984.00;135
13086;39;622953738;13086;393;14339;14474;5.37;0.33;319.59;14.47;1253;41;4985.00;135
13091;39;622953761;13091;382;14341;14477;5.47;0.33;319.63;14.47;1250;41;4986.00;136
13093;39;622953777;13093;373;14341;14477;5.57;0.34;319.67;14.47;1248;41;4987.00;136
13098;39;622953797;13098;360;14343;14477;5.66;0.34;319.76;14.56;1245;41;4988.00;134
13102;39;622953813;13102;359;14343;14478;5.69;0.35;319.82;14.56;1241;41;4989.00;135
13108;39;622953828;13108;361;14344;14479;5.78;0.35;319.89;14.56;1236;41;4990.00;135
13110;39;622953845;13110;359;14344;14479;5.85;0.36;319.90;14.56;1234;41;4991.00;135
13112;39;622953860;13112;367;14354;14492;5.96;0.36;319.92;14.55;1242;41;4992.00;138
13115;39;622953881;13115;362;14355;14492;6.03;0.37;319.99;14.55;1240;41;4993.00;137
13120;39;622953897;13120;365;14355;14492;6.08;0.37;320.07;14.55;1235;41;4994.00;137
13122;39;622953912;13122;352;14357;14494;6.15;0.37;320.14;14.55;1235;41;4995.00;137
13123;39;622953927;13123;349;14357;14494;6.21;0.38;320.20;14.55;1234;41;4996.00;137
13124;39;622953942;13124;349;14361;14498;6.26;0.38;320.26;14.55;1237;41;4997.00;137
13127;39;622953958;13127;339;14361;14498;6.25;0.38;320.33;14.55;1234;41;4998.00;137
13131;39;622953974;13131;333;14365;14502;6.20;0.38;320.43;14.64;1234;41;4999.00;137
13132;39;622953990;13132;333;14365;14502;6.26;0.38;320.44;14.64;1233;41;5000.00;137
13134;39;622954011;13134;331;14365;14502;6.32;0.38;320.51;14.64;1231;41;5001.00;137
13134;39;622954026;13134;331;14365;14502;6.37;0.39;320.51;14.64;1231;41;5002.00;137
13137;39;622954043;13137;330;14365;14502;6.37;0.39;320.60;14.64;1228;41;5003.00;137
13141;39;622954068;13141;326;14374;14514;6.35;0.39;320.65;14.63;1233;41;5004.00;140
13141;39;622954094;13141;324;14374;14514;6.34;0.39;320.65;14.63;1233;41;5005.00;140
13144;39;622954116;13144;325;14376;14514;6.37;0.39;320.73;14.63;1232;41;5006.00;138
13145;39;622954139;13145;325;14376;14514;6.37;0.39;320.75;14.63;1231;41;5007.00;138
13148;39;622954159;13148;323;14376;14514;6.37;0.39;320.71;14.63;1228;41;5008.00;138
13150;39;622954176;13150;320;14376;14514;6.39;0.39;320.77;14.63;1226;41;5009.00;138
13153;39;622954202;13153;319;14376;14515;6.39;0.39;320.79;14.63;1223;41;5010.00;139
13156;39;622954219;13156;322;14376;14515;6.38;0.39;320.83;14.63;1220;41;5011.00;139
13158;39;622954242;13158;321;14381;14521;6.35;0.39;320.81;14.62;1223;41;5012.00;140
13159;39;622954260;13159;324;14382;14522;6.34;0.39;320.87;14.62;1223;41;5013.00;140
13161;39;622954277;13161;315;14382;14522;6.36;0.39;320.92;14.62;1221;41;5014.00;140
13165;39;622954294;13165;310;14382;14522;6.35;0.39;320.93;14.62;1217;41;5015.00;140
13168;39;622954310;13168;319;14385;14526;6.35;0.39;320.97;14.62;1217;41;5016.00;141
13169;39;622954327;13169;314;14385;14526;6.35;0.39;320.98;14.62;1216;41;5017.00;141
13172;39;622954343;13172;313;14386;14526;6.36;0.39;320.97;14.72;1214;41;5018.00;140
13177;39;622954360;13177;309;14387;14527;6.36;0.38;321.00;14.72;1210;41;5019.00;140
13180;39;622954376;13180;307;14390;14531;6.34;0.38;321.04;14.71;1210;41;5020.00;141
13181;39;622954393;13181;306;14390;14531;6.36;0.39;321.10;14.71;1209;41;5021.00;141
13183;39;622954409;13183;301;14392;14534;6.38;0.39;321.12;14.71;1209;41;5022.00;142
13190;39;622954425;13190;302;14392;14534;6.37;0.39;321.14;14.71;1202;41;5023.00;142
13193;39;622954440;13193;308;14393;14534;6.39;0.39;321.17;14.71;1200;41;5024.00;141
13196;39;622954462;13196;309;14393;14534;6.38;0.39;321.28;14.71;1197;41;5025.00;141
13201;39;622954479;13201;305;14397;14538;6.42;0.39;321.37;14.71;1196;41;5026.00;141
13203;39;622954496;13203;306;14397;14538;6.43;0.39;321.40;14.71;1194;41;5027.00;141
13205;39;622954511;13205;301;14397;14538;6.43;0.39;321.42;14.71;1192;41;5028.00;141
13207;39;622954526;13207;294;14397;14538;6.43;0.39;321.45;14.71;1190;41;5029.00;141
13210;39;622954541;13210;297;14397;14539;6.37;0.39;321.50;14.71;1187;41;5030.00;142
13214;39;622954558;13214;301;14398;14540;6.33;0.39;321.53;14.71;1184;41;5031.00;142
13217;39;622954573;13217;300;14398;14540;6.29;0.38;321.61;14.71;1181;41;5032.00;142
13220;39;622954589;13220;298;14399;14541;6.23;0.38;321.62;14.70;1179;41;5033.00;142
13226;39;622954605;13226;299;14401;14541;6.16;0.37;321.63;14.82;1175;41;5034.00;140
13233;39;622954622;13233;301;14401;14541;6.10;0.37;321.70;14.82;1168;41;5035.00;140
13238;39;622954637;13238;302;14402;14541;6.05;0.37;321.73;14.83;1164;41;5036.00;139
13243;39;622954652;13243;295;14402;14541;6.00;0.36;321.76;14.83;1159;41;5037.00;139
13245;39;622954667;13245;298;14402;14541;6.02;0.37;321.80;14.83;1157;41;5038.00;139
13250;39;622954681;13250;293;14402;14541;6.00;0.36;321.82;14.83;1152;41;5039.00;139
13255;39;622954698;13255;322;14503;14771;6.17;0.38;321.90;14.74;1248;41;5040.00;268
13261;39;622954732;13261;322;14506;14772;6.12;0.38;321.91;14.73;1245;41;5041.00;266
13263;39;622954748;13263;320;14516;14772;6.17;0.38;321.91;14.72;1253;41;5042.00;256
13263;39;622954763;13263;310;14519;14772;6.15;0.38;321.91;14.72;1256;41;5043.00;253
13268;39;622954778;13268;314;14526;14772;6.11;0.38;321.99;14.72;1258;41;5044.00;246
13268;39;622954799;13268;323;14534;14772;6.13;0.38;321.99;14.81;1266;41;5045.00;238
13270;39;622954815;13270;314;14540;14772;6.14;0.38;322.04;14.81;1270;41;5046.00;232
13272;39;622954830;13272;314;14547;14772;6.12;0.38;322.07;14.80;1275;41;5047.00;225
13272;39;622954847;13272;318;14552;14773;6.11;0.38;322.07;14.80;1280;41;5048.00;221
13274;39;622954870;13274;322;14559;14774;6.11;0.38;322.06;14.80;1285;41;5049.00;215
13277;39;622954886;13277;325;14564;14774;6.10;0.38;322.09;14.80;1287;41;5050.00;210
13279;39;622954902;13279;333;14569;14775;6.09;0.38;322.10;14.79;1290;41;5051.00;206
13281;39;622954920;13281;339;14573;14775;6.06;0.37;322.15;14.79;1292;41;5052.00;202
13283;39;622954944;13283;344;14576;14775;5.98;0.37;322.13;14.79;1293;41;5053.00;199
13283;39;622954962;13283;357;14577;14775;5.95;0.37;322.13;14.79;1294;41;5054.00;198
13287;39;622954977;13287;368;14582;14779;5.85;0.36;322.08;14.79;1295;41;5055.00;197
13292;39;622954993;13292;376;14584;14779;5.75;0.35;322.09;14.80;1292;41;5056.00;195
13292;39;622955011;13292;382;14587;14779;5.69;0.35;322.09;14.80;1295;41;5057.00;192
13293;39;622955026;13293;399;14589;14782;5.59;0.34;322.10;14.80;1296;41;5058.00;193
13297;39;622955042;13297;413;14591;14782;5.51;0.34;322.10;14.80;1294;41;5059.00;191
13300;39;622955057;13300;424;14596;14782;5.44;0.33;322.19;14.82;1296;41;5060.00;186
13302;39;622955072;13302;435;14601;14786;5.37;0.33;322.22;14.82;1299;41;5061.00;185
13304;39;622955086;13304;440;14604;14787;5.33;0.33;322.20;14.82;1300;41;5062.00;183
13308;39;622955103;13308;444;14608;14787;5.28;0.32;322.20;14.83;1300;41;5063.00;179
13310;39;622955118;13310;455;14611;14791;5.21;0.32;322.21;14.83;1301;41;5064.00;180
13314;39;622955134;13314;460;14614;14791;5.14;0.31;322.16;14.85;1300;41;5065.00;177
13316;39;622955150;13316;467;14616;14791;5.07;0.31;322.20;14.85;1300;41;5066.00;175
13317;39;622955164;13317;475;14620;14792;5.04;0.31;322.25;14.87;1303;41;5067.00;172
13318;39;622955181;13318;489;14620;14792;5.00;0.31;322.23;14.87;1302;41;5068.00;172
13319;39;622955197;13319;493;14628;14798;5.00;0.31;322.21;14.88;1309;41;5069.00;170
13320;39;622955217;13320;502;14628;14798;4.98;0.30;322.19;14.88;1308;41;5070.00;170
13320;39;622955235;13320;505;14631;14799;4.95;0.30;322.19;14.90;1311;41;5071.00;168
13322;39;622955253;13322;513;14632;14799;4.90;0.30;322.16;14.90;1310;41;5072.00;167
13323;39;622955271;13323;517;14634;14799;4.84;0.30;322.16;14.90;1311;41;5073.00;165
13324;39;622955288;13324;527;14637;14799;4.80;0.29;322.14;14.92;1313;41;5074.00;162
13325;39;622955303;13325;536;14639;14799;4.70;0.29;322.18;14.92;1314;41;5075.00;160
13327;39;622955318;13327;539;14649;14811;4.66;0.29;322.25;14.92;1322;41;5076.00;162
13330;39;622955333;13330;550;14652;14811;4.56;0.28;322.28;14.94;1322;41;5077.00;159
13331;39;622955348;13331;559;14654;14811;4.51;0.28;322.28;14.94;1323;41;5078.00;157
13334;39;622955362;13334;560;14656;14811;4.42;0.27;322.30;14.94;1322;41;5079.00;155
13336;39;622955376;13336;560;14657;14811;4.37;0.27;322.28;14.95;1321;41;5080.00;154
13339;39;622955390;13339;562;14658;14811;4.32;0.27;322.32;14.95;1319;41;5081.00;153
13342;39;622955403;13342;565;14665;14815;4.29;0.26;322.32;15.00;1323;41;5082.00;150
13343;39;622955418;13343;548;14667;14815;4.30;0.26;322.30;15.00;1324;41;5083.00;148
13345;39;622955432;13345;547;14672;14819;4.36;0.27;322.32;15.01;1327;41;5084.00;147
13346;39;622955447;13346;539;14674;14821;4.37;0.27;322.33;15.01;1328;41;5085.00;147
13347;39;622955461;13347;533;14675;14821;4.36;0.27;322.32;15.02;1328;41;5086.00;146
13350;39;622955476;13350;542;14676;14821;4.37;0.27;322.33;15.03;1326;41;5087.00;145
13352;39;622955491;13352;539;14687;14834;4.41;0.27;322.33;15.02;1335;41;5088.00;147
13353;39;622955506;13353;536;14690;14834;4.41;0.27;322.31;15.05;1337;41;5089.00;144
13354;39;622955529;13354;534;14690;14834;4.45;0.27;322.31;15.05;1336;41;5090.00;144
13357;39;622955542;13357;526;14692;14835;4.48;0.28;322.26;15.06;1335;41;5091.00;143
13361;39;622955555;13361;531;14692;14836;4.46;0.27;322.25;15.06;1331;41;5092.00;144
13363;39;622955569;13363;538;14693;14836;4.46;0.27;322.23;15.07;1330;41;5093.00;143
13368;39;622955583;13368;532;14697;14839;4.44;0.27;322.23;15.08;1329;41;5094.00;142
13374;39;622955599;13374;528;14697;14839;4.41;0.27;322.23;15.08;1323;41;5095.00;142
13378;39;622955613;13378;527;14700;14839;4.37;0.27;322.26;15.11;1322;41;5096.00;139
13380;39;622955627;13380;537;14700;14839;4.38;0.27;322.27;15.11;1320;41;5097.00;139
13380;39;622955640;13380;538;14707;14845;4.45;0.27;322.27;15.11;1327;41;5098.00;138
13383;39;622955653;13383;544;14707;14845;4.43;0.27;322.26;15.11;1324;41;5099.00;138
13390;39;622955668;13390;537;14712;14864;4.36;0.27;322.23;15.11;1322;41;5100.00;152
13390;39;622955688;13390;524;14713;14864;4.35;0.26;322.23;15.12;1323;41;5101.00;151
13392;39;622955702;13392;526;14716;14868;4.35;0.26;322.23;15.12;1324;41;5102.00;152
13398;39;622955716;13398;525;14720;14869;4.29;0.26;322.19;15.14;1322;41;5103.00;149
13399;39;622955729;13399;528;14720;14869;4.30;0.26;322.18;15.14;1321;41;5104.00;149
13402;39;622955742;13402;531;14723;14870;4.27;0.26;322.20;15.14;1321;41;5105.00;147
13404;39;622955755;13404;534;14725;14870;4.28;0.26;322.21;15.15;1321;41;5106.00;145
13407;39;622955768;13407;533;14725;14870;4.24;0.26;322.28;15.15;1318;41;5107.00;145
13410;39;622955781;13410;522;14725;14870;4.24;0.26;322.31;15.15;1315;41;5108.00;145
13413;39;622955796;13413;525;14725;14870;4.27;0.26;322.31;15.15;1312;41;5109.00;145
13418;39;622955809;13418;520;14726;14870;4.29;0.26;322.36;15.15;1308;41;5110.00;144
13419;39;622955823;13419;526;14727;14870;4.35;0.26;322.35;15.14;1308;41;5111.00;143
13420;39;622955836;13420;526;14761;14940;4.46;0.27;322.35;15.11;1341;41;5112.00;179
13422;39;622955855;13422;512;14764;14941;4.54;0.28;322.35;15.11;1342;41;5113.00;177
13423;39;622955870;13423;507;14770;14941;4.64;0.28;322.36;15.10;1347;41;5114.00;171
13428;39;622955883;13428;509;14773;14941;4.71;0.29;322.39;15.10;1345;41;5115.00;168
13432;39;622955898;13432;507;14778;14941;4.75;0.29;322.37;15.10;1346;41;5116.00;163
13436;39;622955913;13436;506;14780;14941;4.74;0.29;322.38;15.10;1344;41;5117.00;161
13438;39;622955926;13438;506;14783;14941;4.76;0.29;322.42;15.09;1345;41;5118.00;158
13440;39;622955941;13440;504;14784;14941;4.78;0.29;322.41;15.09;1344;41;5119.00;157
13447;39;622955955;13447;506;14787;14942;4.79;0.29;322.38;15.09;1340;41;5120.00;155
13452;39;622955971;13452;519;14792;14943;4.79;0.29;322.42;15.19;1340;41;5121.00;151
13455;39;622955987;13455;516;14795;14943;4.80;0.29;322.43;15.19;1340;41;5122.00;148
13461;39;622956001;13461;523;14800;14947;4.80;0.29;322.53;15.19;1339;41;5123.00;147
13465;39;622956016;13465;530;14800;14947;4.80;0.29;322.60;15.19;1335;41;5124.00;147
13471;39;622956031;13471;539;14800;14947;4.80;0.29;322.58;15.19;1329;41;5125.00;147
13474;39;622956049;13474;543;14800;14947;4.84;0.29;322.63;15.19;1326;41;5126.00;147
13479;39;622956078;13479;544;14805;14953;4.87;0.30;322.71;15.19;1326;41;5127.00;148
13482;39;622956102;13482;547;14805;14953;4.89;0.30;322.76;15.19;1323;41;5128.00;148
13487;39;622956125;13487;540;14806;14953;4.87;0.30;322.81;15.19;1319;41;5129.00;147
13490;39;622956162;13490;538;14811;14959;4.89;0.30;322.90;15.18;1321;41;5130.00;148
13493;39;622956179;13493;535;14812;14959;4.86;0.30;322.96;15.18;1319;41;5131.00;147
13498;39;622956196;13498;527;14812;14959;4.82;0.29;323.10;15.18;1314;41;5132.00;147
13502;39;622956213;13502;531;14814;14960;4.79;0.29;323.19;15.18;1312;41;5133.00;146
13505;39;622956232;13505;523;14815;14961;4.75;0.29;323.18;15.18;1310;41;5134.00;146
13508;39;622956248;13508;528;14817;14961;4.72;0.29;323.22;15.18;1309;41;5135.00;144
13512;39;622956265;13512;527;14827;14974;4.74;0.29;323.28;15.17;1315;41;5136.00;147
13513;39;622956282;13513;527;14827;14974;4.71;0.29;323.33;15.17;1314;41;5137.00;147
13516;39;622956300;13516;524;14827;14974;4.72;0.29;323.34;15.17;1311;41;5138.00;147
13522;39;622956315;13522;519;14829;14975;4.69;0.28;323.40;15.27;1307;41;5139.00;146
13524;39;622956330;13524;513;14829;14975;4.75;0.29;323.44;15.27;1305;41;5140.00;146
13525;39;622956346;13525;517;14835;14979;4.86;0.30;323.44;15.27;1310;41;5141.00;144
13528;39;622956362;13528;514;14835;14979;4.85;0.30;323.47;15.27;1307;41;5142.00;144
13531;39;622956377;13531;512;14839;14983;4.83;0.29;323.52;15.27;1308;41;5143.00;144
13536;39;622956393;13536;508;14839;14983;4.81;0.29;323.62;15.27;1303;41;5144.00;144
13537;39;622956409;13537;511;14839;14983;4.81;0.29;323.62;15.27;1302;41;5145.00;144
13540;39;622956424;13540;511;14839;14983;4.79;0.29;323.66;15.27;1299;41;5146.00;144
13542;39;622956439;13542;513;14839;14983;4.79;0.29;323.74;15.27;1297;41;5147.00;144
13543;39;622956454;13543;509;14849;14995;4.83;0.29;323.79;15.26;1306;41;5148.00;146
13548;39;622956473;13548;503;14849;14995;4.80;0.29;323.77;15.26;1301;41;5149.00;146
13551;39;622956489;13551;498;14850;14995;4.86;0.30;323.89;15.26;1299;41;5150.00;145
13552;39;622956505;13552;490;14850;14995;4.93;0.30;323.94;15.26;1298;41;5151.00;145
13554;39;622956521;13554;494;14850;14995;4.99;0.30;324.01;15.26;1296;41;5152.00;145
13557;39;622956537;13557;496;14850;14995;4.99;0.30;324.02;15.26;1293;41;5153.00;145
13560;39;622956553;13560;494;14850;14996;4.98;0.30;324.10;15.26;1290;41;5154.00;146
13563;39;622956569;13563;497;14852;14998;4.94;0.30;324.21;15.25;1289;41;5155.00;146
13563;39;622956593;13563;481;14857;15004;4.98;0.30;324.21;15.25;1294;41;5156.00;147
13566;39;622956609;13566;468;14858;15005;5.07;0.31;324.18;15.25;1292;41;5157.00;147
13568;39;622956626;13568;459;14858;15005;5.14;0.31;324.17;15.25;1290;41;5158.00;147
13570;39;622956642;13570;448;14858;15005;5.25;0.32;324.32;15.25;1288;41;5159.00;147
13571;39;622956660;13571;444;14862;15010;5.34;0.32;324.31;15.24;1291;41;5160.00;148
13575;39;622956677;13575;441;14862;15010;5.44;0.33;324.42;15.24;1287;41;5161.00;148
13577;39;622956694;13577;439;14862;15010;5.51;0.33;324.47;15.24;1285;41;5162.00;148
13581;39;622956710;13581;431;14863;15011;5.60;0.34;324.47;15.24;1282;41;5163.00;148
13585;39;622956727;13585;433;14866;15015;5.60;0.34;324.53;15.24;1281;41;5164.00;149
13587;39;622956750;13587;433;14866;15015;5.65;0.34;324.57;15.24;1279;41;5165.00;149
13588;39;622956767;13588;444;14868;15018;5.72;0.35;324.56;15.24;1280;41;5166.00;150
13591;39;622956784;13591;432;14868;15018;5.72;0.35;324.65;15.24;1277;41;5167.00;150
13595;39;622956800;13595;432;14869;15018;5.73;0.35;324.74;15.24;1274;41;5168.00;149
13597;39;622956818;13597;439;14869;15018;5.76;0.35;324.73;15.24;1272;41;5169.00;149
13599;39;622956834;13599;439;14873;15022;5.78;0.35;324.78;15.23;1274;41;5170.00;149
13600;39;622956852;13600;438;14873;15022;5.76;0.35;324.78;15.23;1273;41;5171.00;149
13605;39;622956868;13605;440;14873;15022;5.76;0.35;324.77;15.23;1268;41;5172.00;149
13610;39;622956884;13610;437;14873;15022;5.73;0.35;324.82;15.23;1263;41;5173.00;149
13612;39;622956902;13612;432;14873;15023;5.69;0.35;324.89;15.23;1261;41;5174.00;150
13615;39;622956919;13615;427;14875;15025;5.68;0.35;324.89;15.23;1260;41;5175.00;150
13618;39;622956935;13618;428;14875;15025;5.68;0.34;324.89;15.23;1257;41;5176.00;150
13622;39;622956951;13622;430;14876;15026;5.67;0.34;324.91;15.23;1254;41;5177.00;150
13623;39;622956967;13623;435;14876;15026;5.65;0.34;324.94;15.23;1253;41;5178.00;150
13623;39;622956983;13623;422;14876;15026;5.65;0.34;324.94;15.23;1253;41;5179.00;150
13627;39;622956998;13627;419;14876;15026;5.67;0.34;325.00;15.23;1249;41;5180.00;150
13628;39;622957014;13628;412;14876;15026;5.69;0.35;325.03;15.23;1248;41;5181.00;150
13631;39;622957029;13631;409;14876;15026;5.69;0.35;325.08;15.23;1245;41;5182.00;150
13634;39;622957048;13634;408;14876;15026;5.71;0.35;325.08;15.23;1242;41;5183.00;150
13635;39;622957064;13635;425;14946;15153;5.87;0.36;325.11;15.16;1311;41;5184.00;207
13639;39;622957090;13639;426;14946;15154;5.85;0.36;325.17;15.16;1307;41;5185.00;208
13642;39;622957106;13642;410;14953;15154;5.93;0.36;325.26;15.15;1311;41;5186.00;201
13643;39;622957122;13643;403;14955;15154;5.93;0.36;325.24;15.26;1312;41;5187.00;199
13647;39;622957138;13647;402;14960;15154;5.95;0.36;325.35;15.25;1313;41;5188.00;194
13649;39;622957154;13649;405;14963;15154;5.94;0.36;325.36;15.25;1314;41;5189.00;191
13649;39;622957170;13649;396;14965;15154;5.95;0.36;325.36;15.25;1316;41;5190.00;189
13652;39;622957190;13652;398;14968;15154;5.95;0.36;325.36;15.25;1316;41;5191.00;186
13654;39;622957205;13654;392;14970;15155;5.93;0.36;325.42;15.25;1316;41;5192.00;185
13658;39;622957221;13658;399;14974;15156;5.88;0.36;325.45;15.25;1316;41;5193.00;182
13659;39;622957236;13659;398;14976;15156;5.86;0.36;325.44;15.25;1317;41;5194.00;180
13664;39;622957252;13664;395;14978;15157;5.82;0.36;325.58;15.25;1314;41;5195.00;179
13664;39;622957267;13664;398;14980;15157;5.85;0.36;325.58;15.25;1316;41;5196.00;177
13670;39;622957282;13670;407;14981;15157;5.80;0.35;325.59;15.24;1311;41;5197.00;176
13672;39;622957298;13672;413;14985;15157;5.78;0.35;325.65;15.24;1313;41;5198.00;172
13673;39;622957312;13673;419;14987;15161;5.72;0.35;325.65;15.24;1314;41;5199.00;174
13677;39;622957328;13677;421;14990;15161;5.64;0.35;325.68;15.24;1313;41;5200.00;171
13680;39;622957347;13680;419;14991;15161;5.58;0.34;325.72;15.24;1311;41;5201.00;170
13682;39;622957362;13682;415;14995;15164;5.55;0.34;325.76;15.35;1313;41;5202.00;169
13686;39;622957377;13686;408;14996;15164;5.49;0.34;325.71;15.35;1310;41;5203.00;168
13689;39;622957391;13689;403;14998;15164;5.49;0.34;325.69;15.35;1309;41;5204.00;166
13693;39;622957406;13693;410;15007;15168;5.43;0.33;325.68;15.37;1314;41;5205.00;161
13694;39;622957422;13694;405;15009;15169;5.44;0.33;325.67;15.37;1315;41;5206.00;160
13700;39;622957437;13700;406;15009;15169;5.42;0.33;325.66;15.37;1309;41;5207.00;160
13703;39;622957452;13703;417;15011;15173;5.44;0.33;325.64;15.37;1308;41;5208.00;162
13706;39;622957466;13706;425;15012;15173;5.43;0.33;325.61;15.37;1306;41;5209.00;161
13710;39;622957481;13710;430;15012;15173;5.39;0.33;325.57;15.37;1302;41;5210.00;161
13712;39;622957495;13712;428;15013;15174;5.37;0.33;325.60;15.37;1301;41;5211.00;161
13716;39;622957510;13716;432;15013;15174;5.34;0.33;325.58;15.37;1297;41;5212.00;161
13717;39;622957523;13717;439;15018;15180;5.39;0.33;325.56;15.36;1301;41;5213.00;162
13719;39;622957538;13719;437;15018;15180;5.40;0.33;325.56;15.36;1299;41;5214.00;162
13721;39;622957552;13721;437;15018;15180;5.37;0.33;325.52;15.36;1297;41;5215.00;162
13721;39;622957565;13721;440;15018;15181;5.42;0.33;325.52;15.36;1297;41;5216.00;163
13724;39;622957579;13724;439;15019;15181;5.40;0.33;325.51;15.36;1295;41;5217.00;162
13726;39;622957593;13726;441;15019;15181;5.37;0.33;325.51;15.36;1293;41;5218.00;162
13732;39;622957606;13732;444;15019;15181;5.31;0.32;325.50;15.36;1287;41;5219.00;162
13733;39;622957627;13733;454;15042;15217;5.39;0.33;325.52;15.34;1309;41;5220.00;175
13739;39;622957644;13739;454;15043;15217;5.35;0.33;325.44;15.34;1304;41;5221.00;174
13740;39;622957657;13740;451;15046;15217;5.30;0.32;325.42;15.34;1306;41;5222.00;171
13741;39;622957671;13741;457;15046;15217;5.26;0.32;325.43;15.34;1305;41;5223.00;171
13742;40;622957684;13742;462;15049;15217;5.24;0.32;325.42;15.33;1307;42;5224.00;168
13745;40;622957704;13745;468;15049;15217;5.14;0.31;325.47;15.33;1304;42;5225.00;168
13747;40;622957724;13747;471;15053;15221;5.07;0.31;325.45;15.33;1306;42;5226.00;168
13747;40;622957742;13747;479;15053;15221;5.02;0.31;325.45;15.33;1306;42;5227.00;168
13749;40;622957755;13749;486;15057;15225;4.99;0.30;325.45;15.33;1308;42;5228.00;168
13752;40;622957769;13752;500;15058;15226;4.88;0.30;325.40;15.33;1306;42;5229.00;168
13753;40;622957783;13753;506;15059;15226;4.82;0.29;325.38;15.34;1306;42;5230.00;167
13755;40;622957796;13755;518;15059;15226;4.74;0.29;325.43;15.34;1304;42;5231.00;167
13755;40;622957810;13755;525;15071;15239;4.69;0.29;325.43;15.35;1316;42;5232.00;168
13758;40;622957824;13758;534;15072;15239;4.66;0.28;325.45;15.36;1314;42;5233.00;167
13759;40;622957838;13759;537;15073;15239;4.63;0.28;325.42;15.37;1314;42;5234.00;166
13761;40;622957851;13761;529;15076;15240;4.60;0.28;325.45;15.40;1315;42;5235.00;164
13764;40;622957864;13764;513;15076;15241;4.56;0.28;325.46;15.40;1312;42;5236.00;165
13765;40;622957878;13765;517;15078;15241;4.54;0.28;325.47;15.43;1313;42;5237.00;163
13768;40;622957892;13768;515;15080;15244;4.54;0.28;325.50;15.42;1312;42;5238.00;164
13768;40;622957906;13768;511;15081;15244;4.55;0.28;325.50;15.44;1313;42;5239.00;163
13768;40;622957924;13768;511;15083;15244;4.55;0.28;325.50;15.45;1315;42;5240.00;161
13768;40;622957937;13768;506;15085;15244;4.56;0.28;325.50;15.47;1317;42;5241.00;159
13768;40;622957956;13768;506;15090;15250;4.58;0.28;325.50;15.47;1322;42;5242.00;160
13769;40;622957971;13769;507;15091;15250;4.55;0.28;325.49;15.48;1322;42;5243.00;159
13770;40;622957984;13770;505;15092;15250;4.52;0.28;325.47;15.49;1322;42;5244.00;158
13772;40;622957997;13772;510;15093;15250;4.43;0.27;325.45;15.50;1321;42;5245.00;157
13772;40;622958010;13772;502;15095;15254;4.38;0.27;325.45;15.51;1323;42;5246.00;159
13772;40;622958024;13772;506;15098;15255;4.35;0.27;325.45;15.53;1326;42;5247.00;157
13774;40;622958038;13774;514;15099;15255;4.27;0.26;325.44;15.54;1325;42;5248.00;156
13776;40;622958056;13776;513;15101;15256;4.19;0.26;325.45;15.54;1325;42;5249.00;155
13777;40;622958090;13777;514;15102;15256;4.11;0.25;325.46;15.55;1325;42;5250.00;154
13777;40;622958110;13777;508;15103;15256;4.09;0.25;325.46;15.56;1326;42;5251.00;153
13778;40;622958130;13778;508;15105;15256;4.08;0.25;325.47;15.57;1327;42;5252.00;151
13779;40;622958149;13779;504;15106;15256;4.12;0.25;325.54;15.57;1327;42;5253.00;150
13780;40;622958166;13780;503;15107;15256;4.13;0.25;325.55;15.58;1327;42;5254.00;149
13782;40;622958180;13782;509;15107;15256;4.18;0.25;325.57;15.58;1325;42;5255.00;149
13787;40;622958195;13787;504;15139;15326;4.39;0.27;325.60;15.55;1352;42;5256.00;187
13790;40;622958215;13790;505;15143;15327;4.43;0.27;325.60;15.56;1353;42;5257.00;184
13791;40;622958231;13791;502;15151;15327;4.48;0.27;325.59;15.55;1360;42;5258.00;176
13792;40;622958245;13792;497;15157;15327;4.49;0.27;325.60;15.56;1365;42;5259.00;170
13795;40;622958260;13795;502;15161;15327;4.53;0.28;325.59;15.56;1366;42;5260.00;166
13796;40;622958273;13796;499;15165;15327;4.52;0.28;325.57;15.56;1369;42;5261.00;162
13797;40;622958288;13797;497;15169;15327;4.53;0.28;325.56;15.57;1372;42;5262.00;158
13802;40;622958301;13802;506;15173;15327;4.49;0.27;325.57;15.56;1371;42;5263.00;154
13805;40;622958316;13805;514;15176;15328;4.49;0.27;325.63;15.57;1371;42;5264.00;152
13811;40;622958330;13811;509;15180;15330;4.42;0.27;325.64;15.57;1369;42;5265.00;150
13812;40;622958345;13812;511;15181;15330;4.41;0.27;325.65;15.57;1369;42;5266.00;149
13816;40;622958360;13816;517;15184;15334;4.36;0.27;325.69;15.58;1368;42;5267.00;150
13820;40;622958375;13820;525;15184;15334;4.36;0.27;325.67;15.58;1364;42;5268.00;150
13823;40;622958389;13823;534;15185;15334;4.31;0.26;325.70;15.59;1362;42;5269.00;149
13829;40;622958403;13829;535;15187;15334;4.28;0.26;325.68;15.61;1358;42;5270.00;147
13834;40;622958418;13834;529;15193;15340;4.31;0.26;325.69;15.61;1359;42;5271.00;147
13836;40;622958434;13836;531;15193;15340;4.33;0.27;325.78;15.61;1357;42;5272.00;147
13839;40;622958448;13839;525;15194;15340;4.34;0.27;325.80;15.61;1355;42;5273.00;146
13842;40;622958463;13842;519;15196;15343;4.31;0.26;325.82;15.62;1354;42;5274.00;147
13849;40;622958478;13849;507;15196;15343;4.28;0.26;325.90;15.62;1347;42;5275.00;147
13850;40;622958493;13850;512;15196;15343;4.31;0.26;325.91;15.62;1346;42;5276.00;147
13855;40;622958506;13855;505;15197;15344;4.34;0.26;325.92;15.63;1342;42;5277.00;147
13861;40;622958521;13861;500;15199;15345;4.35;0.27;326.00;15.63;1338;42;5278.00;146
13863;40;622958536;13863;494;15199;15345;4.39;0.27;326.07;15.63;1336;42;5279.00;146
13867;40;622958552;13867;499;15215;15371;4.52;0.28;326.14;15.61;1348;42;5280.00;156
13870;40;622958568;13870;491;15217;15371;4.57;0.28;326.20;15.61;1347;42;5281.00;154
13873;40;622958583;13873;481;15219;15371;4.65;0.28;326.26;15.61;1346;42;5282.00;152
13875;40;622958598;13875;481;15219;15372;4.68;0.29;326.34;15.61;1344;42;5283.00;153
13881;40;622958613;13881;477;15221;15372;4.75;0.29;326.44;15.61;1340;42;5284.00;151
13886;40;622958628;13886;475;15225;15376;4.80;0.29;326.41;15.60;1339;42;5285.00;151
13888;40;622958643;13888;474;15225;15376;4.86;0.30;326.46;15.60;1337;42;5286.00;151
13891;40;622958658;13891;482;15226;15379;4.90;0.30;326.55;15.60;1335;42;5287.00;153
13894;40;622958673;13894;476;15227;15380;4.92;0.30;326.55;15.60;1333;42;5288.00;153
13898;40;622958688;13898;474;15228;15380;4.94;0.30;326.58;15.60;1330;42;5289.00;152
13902;40;622958703;13902;462;15228;15380;4.94;0.30;326.63;15.60;1326;42;5290.00;152
13903;40;622958718;13903;454;15228;15380;4.96;0.30;326.61;15.60;1325;42;5291.00;152
13909;40;622958732;13909;452;15238;15392;5.04;0.31;326.66;15.59;1329;42;5292.00;154
13911;40;622958749;13911;451;15238;15392;5.09;0.31;326.75;15.59;1327;42;5293.00;154
13916;40;622958764;13916;449;15238;15392;5.07;0.31;326.80;15.59;1322;42;5294.00;154
13918;40;622958779;13918;450;15238;15392;5.12;0.31;326.84;15.59;1320;42;5295.00;154
13922;40;622958794;13922;451;15238;15392;5.09;0.31;326.88;15.59;1316;42;5296.00;154
13925;40;622958809;13925;445;15238;15392;5.10;0.31;326.85;15.59;1313;42;5297.00;154
13930;40;622958824;13930;449;15238;15393;5.07;0.31;326.88;15.59;1308;42;5298.00;155
13936;40;622958840;13936;446;15241;15393;5.04;0.31;326.95;15.71;1305;42;5299.00;152
13939;40;622958866;13939;448;15246;15399;5.05;0.31;327.06;15.70;1307;42;5300.00;153
13942;40;622958887;13942;452;15247;15400;5.07;0.31;327.10;15.70;1305;42;5301.00;153
13947;40;622958903;13947;448;15248;15400;5.07;0.31;327.15;15.70;1301;42;5302.00;152
13950;40;622958919;13950;453;15248;15400;5.08;0.31;327.25;15.70;1298;42;5303.00;152
13954;40;622958934;13954;454;15251;15404;5.08;0.31;327.27;15.70;1297;42;5304.00;153
13956;40;622958949;13956;449;15252;15404;5.09;0.31;327.27;15.70;1296;42;5305.00;152
13959;40;622958973;13959;452;15252;15404;5.12;0.31;327.30;15.70;1293;42;5306.00;152
13964;40;622958987;13964;454;15255;15405;5.13;0.31;327.39;15.70;1291;42;5307.00;150
13968;40;622959003;13968;452;15257;15409;5.11;0.31;327.43;15.70;1289;42;5308.00;152
13972;40;622959018;13972;454;15257;15409;5.06;0.31;327.47;15.70;1285;42;5309.00;152
13976;40;622959038;13976;452;15261;15415;5.09;0.31;327.52;15.70;1285;42;5310.00;154
13981;40;622959065;13981;450;15263;15415;5.09;0.31;327.62;15.70;1282;42;5311.00;152
13985;40;622959080;13985;447;15264;15415;5.08;0.31;327.67;15.70;1279;42;5312.00;151
13987;40;622959107;13987;452;15264;15415;5.06;0.31;327.72;15.70;1277;42;5313.00;151
13991;40;622959123;13991;458;15269;15419;5.04;0.31;327.74;15.69;1278;42;5314.00;150
13996;40;622959138;13996;456;15270;15419;4.99;0.30;327.73;15.81;1274;42;5315.00;149
13999;40;622959153;13999;462;15272;15419;4.94;0.30;327.81;15.81;1273;42;5316.00;147
14001;40;622959167;14001;449;15272;15419;4.96;0.30;327.83;15.81;1271;42;5317.00;147
14003;40;622959181;14003;440;15273;15420;4.96;0.30;327.84;15.80;1270;42;5318.00;147
14006;40;622959196;14006;434;15274;15421;4.98;0.30;327.86;15.80;1268;42;5319.00;147
14010;40;622959211;14010;433;15274;15421;5.00;0.30;327.95;15.80;1264;42;5320.00;147
14014;40;622959226;14014;429;15275;15422;5.03;0.31;327.95;15.80;1261;42;5321.00;147
14016;40;622959241;14016;441;15276;15422;5.03;0.31;328.04;15.91;1260;42;5322.00;146
14018;40;622959256;14018;440;15276;15422;5.02;0.31;328.08;15.91;1258;42;5323.00;146
14021;40;622959270;14021;445;15276;15422;5.03;0.31;328.14;15.91;1255;42;5324.00;146
14026;40;622959285;14026;445;15276;15422;4.99;0.30;328.24;15.91;1250;42;5325.00;146
14030;40;622959300;14030;440;15276;15422;4.95;0.30;328.28;15.91;1246;42;5326.00;146
14033;40;622959314;14033;435;15276;15422;4.90;0.30;328.27;15.91;1243;42;5327.00;146
14037;40;622959328;14037;458;15348;15549;5.02;0.31;328.32;15.84;1311;42;5328.00;201
14042;40;622959353;14042;439;15348;15550;4.96;0.31;328.40;15.84;1306;42;5329.00;202
14045;40;622959368;14045;428;15355;15550;4.99;0.31;328.47;15.95;1310;42;5330.00;195
14047;40;622959383;14047;427;15357;15550;4.99;0.31;328.47;15.94;1310;42;5331.00;193
14050;40;622959398;14050;427;15362;15550;5.05;0.31;328.57;15.94;1312;42;5332.00;188
14053;40;622959413;14053;426;15364;15550;5.08;0.31;328.64;15.94;1311;42;5333.00;186
14055;40;622959428;14055;419;15366;15550;5.15;0.32;328.64;15.94;1311;42;5334.00;184
14057;40;622959444;14057;426;15371;15550;5.17;0.32;328.70;15.93;1314;42;5335.00;179
14061;40;622959458;14061;422;15375;15551;5.22;0.32;328.80;16.05;1314;42;5336.00;176
14064;40;622959476;14064;427;15377;15552;5.29;0.32;328.83;16.04;1313;42;5337.00;175
14065;40;622959491;14065;426;15382;15552;5.32;0.33;328.90;16.04;1317;42;5338.00;170
14066;40;622959507;14066;429;15385;15553;5.34;0.33;328.97;16.04;1319;42;5339.00;168
14068;40;622959530;14068;437;15387;15553;5.32;0.33;328.95;16.15;1319;42;5340.00;166
14069;40;622959546;14069;437;15392;15553;5.30;0.33;328.99;16.15;1323;42;5341.00;161
14071;40;622959562;14071;442;15393;15553;5.31;0.33;329.00;16.15;1322;42;5342.00;160
14072;40;622959577;14072;454;15395;15557;5.31;0.33;329.03;16.14;1323;42;5343.00;162
14076;40;622959593;14076;463;15398;15557;5.30;0.33;329.08;16.14;1322;42;5344.00;159
14079;40;622959608;14079;461;15399;15557;5.30;0.33;329.16;16.25;1320;42;5345.00;158
14084;40;622959624;14084;469;15401;15560;5.29;0.32;329.36;16.25;1317;42;5346.00;159
14089;40;622959640;14089;467;15402;15560;5.26;0.32;329.33;16.25;1313;42;5347.00;158
14092;40;622959655;14092;473;15402;15560;5.24;0.32;329.39;16.25;1310;42;5348.00;158
14094;40;622959670;14094;477;15407;15564;5.22;0.32;329.44;16.24;1313;42;5349.00;157
14095;40;622959685;14095;469;15408;15565;5.25;0.32;329.43;16.24;1313;42;5350.00;157
14097;40;622959701;14097;468;15410;15565;5.23;0.32;329.42;16.34;1313;42;5351.00;155
14100;40;622959716;14100;466;15414;15569;5.23;0.32;329.44;16.34;1314;43;5352.00;155
14102;40;622959740;14102;459;15415;15569;5.24;0.32;329.46;16.34;1313;43;5353.00;154
14105;40;622959755;14105;462;15415;15569;5.22;0.32;329.43;16.34;1310;43;5354.00;154
14107;40;622959771;14107;467;15417;15571;5.23;0.32;329.44;16.34;1310;43;5355.00;154
14110;40;622959785;14110;468;15417;15571;5.21;0.32;329.42;16.34;1307;43;5356.00;154
14112;40;622959800;14112;469;15422;15577;5.26;0.32;329.45;16.33;1310;43;5357.00;155
14114;40;622959817;14114;472;15422;15577;5.24;0.32;329.51;16.33;1308;43;5358.00;155
14115;40;622959837;14115;469;15422;15577;5.22;0.32;329.54;16.33;1307;43;5359.00;155
14117;40;622959852;14117;476;15422;15578;5.18;0.32;329.56;16.33;1305;43;5360.00;156
14120;40;622959867;14120;469;15422;15578;5.14;0.31;329.58;16.33;1302;43;5361.00;156
14123;40;622959882;14123;470;15422;15578;5.12;0.31;329.63;16.33;1299;43;5362.00;156
14125;40;622959897;14125;470;15422;15578;5.09;0.31;329.64;16.33;1297;43;5363.00;156
14128;40;622959912;14128;476;15432;15590;5.13;0.31;329.61;16.32;1304;43;5364.00;158
14129;40;622959927;14129;473;15433;15590;5.14;0.31;329.61;16.42;1304;43;5365.00;157
14135;40;622959941;14135;473;15434;15590;5.09;0.31;329.59;16.42;1299;43;5366.00;156
14141;40;622959956;14141;472;15434;15590;5.02;0.31;329.59;16.42;1293;43;5367.00;156
14144;40;622959970;14144;472;15434;15590;5.00;0.31;329.61;16.42;1290;43;5368.00;156
14148;40;622959985;14148;477;15434;15590;4.95;0.30;329.65;16.42;1286;43;5369.00;156
14151;40;622960000;14151;469;15437;15594;4.93;0.30;329.63;16.42;1286;43;5370.00;157
14152;40;622960014;14152;463;15437;15594;4.93;0.30;329.62;16.42;1285;43;5371.00;157
14158;40;622960027;14158;458;15441;15598;4.92;0.30;329.65;16.42;1283;43;5372.00;157
14159;40;622960042;14159;450;15441;15599;4.90;0.30;329.64;16.42;1282;43;5373.00;158
14161;40;622960065;14161;452;15443;15599;4.91;0.30;329.62;16.43;1282;43;5374.00;156
14164;40;622960089;14164;452;15444;15599;4.84;0.30;329.58;16.44;1280;43;5375.00;155
14165;40;622960111;14165;455;15455;15612;4.82;0.30;329.57;16.43;1290;43;5376.00;157
14166;40;622960139;14166;464;15455;15612;4.84;0.30;329.55;16.43;1289;43;5377.00;157
14166;40;622960162;14166;463;15455;15612;4.82;0.30;329.55;16.43;1289;43;5378.00;157
14169;40;622960178;14169;460;15456;15613;4.81;0.29;329.55;16.43;1287;43;5379.00;157
14175;40;622960193;14175;462;15456;15614;4.79;0.29;329.56;16.43;1281;43;5380.00;158
14177;40;622960208;14177;462;15456;15614;4.79;0.29;329.56;16.43;1279;43;5381.00;158
14179;40;622960224;14179;467;15458;15617;4.81;0.29;329.55;16.43;1279;43;5382.00;159
14179;40;622960240;14179;465;15459;15617;4.88;0.30;329.55;16.43;1280;43;5383.00;158
14184;40;622960255;14184;465;15459;15617;4.87;0.30;329.54;16.43;1275;43;5384.00;158
14187;40;622960269;14187;472;15459;15617;4.86;0.30;329.53;16.43;1272;43;5385.00;158
14188;40;622960284;14188;477;15464;15623;4.87;0.30;329.53;16.42;1276;43;5386.00;159
14192;40;622960299;14192;470;15464;15623;4.82;0.29;329.51;16.42;1272;43;5387.00;159
14196;40;622960315;14196;462;15464;15623;4.77;0.29;329.58;16.42;1268;43;5388.00;159
14198;40;622960330;14198;459;15464;15623;4.75;0.29;329.59;16.42;1266;43;5389.00;159
14200;40;622960345;14200;452;15467;15627;4.78;0.29;329.63;16.42;1267;43;5390.00;160
14201;40;622960360;14201;446;15468;15628;4.83;0.29;329.65;16.42;1267;43;5391.00;160
14202;40;622960373;14202;448;15468;15628;4.85;0.29;329.69;16.42;1266;43;5392.00;160
14203;40;622960388;14203;445;15469;15629;4.85;0.29;329.71;16.42;1266;43;5393.00;160
14204;40;622960409;14204;447;15469;15629;4.87;0.30;329.69;16.42;1265;43;5394.00;160
14206;40;622960423;14206;447;15469;15629;4.88;0.30;329.72;16.42;1263;43;5395.00;160
14207;40;622960437;14207;444;15470;15629;4.92;0.30;329.72;16.42;1263;43;5396.00;159
14208;40;622960452;14208;435;15470;15629;4.96;0.30;329.74;16.42;1262;43;5397.00;159
14209;40;622960473;14209;432;15470;15629;4.97;0.30;329.76;16.42;1261;43;5398.00;159
14209;40;622960500;14209;431;15470;15629;4.99;0.30;329.76;16.42;1261;43;5399.00;159
