step_arrived;step_collisions;step_duration;step_ended;step_halting;step_inserted;step_loaded;step_meanSpeed;step_meanSpeedRelative;step_meanTravelTime;step_meanWaitingTime;step_running;step_teleports;step_time;step_waiting
0;0;622961333;0;1;90;245;16.26;1.14;-1.00;0.00;90;0;0.00;155
0;0;622961363;0;0;100;245;15.40;1.07;-1.00;0.10;100;0;1.00;145
0;0;622961364;0;1;120;245;14.69;1.00;-1.00;0.42;120;0;2.00;125
0;0;622961365;0;3;136;245;13.51;0.91;-1.00;0.72;136;0;3.00;109
0;0;622961367;0;3;149;245;12.77;0.85;-1.00;1.01;149;0;4.00;96
0;0;622961368;0;5;161;245;11.69;0.78;-1.00;1.30;161;0;5.00;84
0;0;622961370;0;7;168;245;10.86;0.72;-1.00;1.50;168;0;6.00;77
0;0;622961371;0;13;179;245;10.14;0.67;-1.00;1.84;179;0;7.00;66
0;0;622961373;0;17;185;246;9.68;0.64;-1.00;2.04;185;0;8.00;61
0;0;622961375;0;22;189;247;9.43;0.62;-1.00;2.19;189;0;9.00;58
0;0;622961378;0;25;198;247;9.01;0.60;-1.00;2.54;198;0;10.00;49
0;0;622961379;0;29;203;248;8.71;0.57;-1.00;2.70;203;0;11.00;45
1;0;622961382;1;32;207;248;8.59;0.56;12.00;2.88;206;0;12.00;41
2;0;622961384;2;30;211;248;8.41;0.55;12.50;3.07;209;0;13.00;37
2;0;622961386;2;38;213;248;8.42;0.55;12.50;3.17;211;0;14.00;35
2;0;622961389;2;42;220;252;8.31;0.54;12.50;3.42;218;0;15.00;32
2;0;622961392;2;45;222;252;8.28;0.53;12.50;3.50;220;0;16.00;30
2;0;622961394;2;47;226;252;8.29;0.53;12.50;3.68;224;0;17.00;26
2;0;622961397;2;51;229;255;8.44;0.54;12.50;3.79;227;0;18.00;26
2;0;622961399;2;58;230;255;8.58;0.54;12.50;3.86;228;0;19.00;25
3;0;622961402;3;66;234;255;8.53;0.54;15.00;4.07;231;0;20.00;21
4;0;622961405;4;69;240;259;8.77;0.55;16.50;4.16;236;0;21.00;19
4;0;622961409;4;73;244;260;8.83;0.56;16.50;4.37;240;0;22.00;16
5;0;622961411;5;75;245;260;8.85;0.56;17.80;4.44;240;0;23.00;15
5;0;622961414;5;82;250;264;8.89;0.56;17.80;4.55;245;0;24.00;14
5;0;622961418;5;83;253;264;8.98;0.56;17.80;4.62;248;0;25.00;11
6;0;622961420;6;86;254;264;8.97;0.56;19.17;4.71;248;0;26.00;10
6;0;622961424;6;87;254;265;9.05;0.56;19.17;4.71;248;0;27.00;11
6;0;622961426;6;88;254;265;9.02;0.56;19.17;4.71;248;0;28.00;11
6;0;622961430;6;91;260;271;8.91;0.55;19.17;4.73;254;0;29.00;11
6;0;622961435;6;94;261;271;8.78;0.54;19.17;4.83;255;0;30.00;10
8;0;622961438;8;97;264;272;8.58;0.53;21.75;4.91;256;0;31.00;8
8;0;622961441;8;99;265;272;8.55;0.53;21.75;5.01;257;0;32.00;7
8;0;622961444;8;103;266;272;8.47;0.53;21.75;5.08;258;0;33.00;6
8;0;622961447;8;104;266;272;8.50;0.53;21.75;5.08;258;0;34.00;6
8;0;622961450;8;108;267;272;8.56;0.53;21.75;5.12;259;0;35.00;5
9;0;622961453;9;111;278;284;8.84;0.55;23.33;4.95;269;0;36.00;6
10;0;622961457;10;115;279;284;8.81;0.55;24.00;4.94;269;0;37.00;5
10;0;622961460;10;117;280;284;8.75;0.54;24.00;4.93;270;0;38.00;4
11;0;622961463;11;117;280;284;8.65;0.54;25.18;4.93;269;0;39.00;4
13;0;622961467;13;120;280;284;8.46;0.52;26.85;4.93;267;0;40.00;4
14;0;622961470;14;125;280;284;8.32;0.52;27.57;4.93;266;0;41.00;4
15;0;622961473;15;127;284;288;8.21;0.51;28.07;4.87;269;0;42.00;4
16;0;622961477;16;129;284;288;8.02;0.50;28.63;4.87;268;0;43.00;4
16;0;622961480;16;133;288;292;7.99;0.50;28.63;4.82;272;0;44.00;4
17;0;622961483;17;135;290;294;7.82;0.49;28.35;4.79;273;0;45.00;4
18;0;622961486;18;140;290;294;7.58;0.47;29.33;4.79;272;0;46.00;4
18;0;622961489;18;135;290;294;7.47;0.46;29.33;4.79;272;0;47.00;4
18;0;622961492;18;140;301;307;7.73;0.48;29.33;4.61;283;0;48.00;6
18;0;622961496;18;144;301;307;7.59;0.47;29.33;4.61;283;0;49.00;6
18;0;622961499;18;146;301;307;7.50;0.47;29.33;4.61;283;0;50.00;6
18;0;622961502;18;146;302;308;7.45;0.46;29.33;4.60;284;0;51.00;6
20;0;622961505;20;146;303;309;7.28;0.45;29.70;4.59;283;0;52.00;6
22;0;622961508;22;150;303;309;7.05;0.44;31.77;4.59;281;0;53.00;6
22;0;622961511;22;155;305;312;7.07;0.44;31.77;4.56;283;0;54.00;7
24;0;622961514;24;155;305;312;6.96;0.43;31.79;4.56;281;0;55.00;7
25;0;622961518;25;146;306;312;6.90;0.43;32.76;4.55;281;0;56.00;6
27;0;622961521;27;142;306;312;6.83;0.42;34.44;4.55;279;0;57.00;6
27;0;622961524;27;140;312;318;6.92;0.43;34.44;4.48;285;0;58.00;6
28;0;622961527;28;143;312;318;6.96;0.43;35.32;4.48;284;0;59.00;6
29;0;622961532;29;145;312;318;7.09;0.43;36.07;4.48;283;0;60.00;6
29;0;622961535;29;145;312;318;7.19;0.44;36.07;4.48;283;0;61.00;6
29;0;622961538;29;146;316;322;7.30;0.45;36.07;4.44;287;0;62.00;6
29;0;622961541;29;149;317;323;7.50;0.46;36.07;4.42;288;0;63.00;6
29;0;622961544;29;150;317;323;7.63;0.47;36.07;4.42;288;0;64.00;6
29;0;622961547;29;151;318;324;7.70;0.47;36.07;4.41;289;0;65.00;6
30;0;622961550;30;151;318;324;7.75;0.47;36.90;4.41;288;0;66.00;6
31;0;622961553;31;143;318;324;7.74;0.47;37.65;4.41;287;0;67.00;6
32;0;622961556;32;141;318;324;7.81;0.48;38.59;4.41;286;0;68.00;6
34;0;622961560;34;138;318;324;7.89;0.48;39.15;4.41;284;0;69.00;6
34;0;622961564;34;134;318;324;8.01;0.49;39.15;4.41;284;0;70.00;6
35;0;622961568;35;130;318;324;8.16;0.50;39.46;4.41;283;0;71.00;6
35;0;622961572;35;133;351;394;8.34;0.51;39.46;4.00;316;0;72.00;43
35;0;622961581;35;127;352;395;8.50;0.52;39.46;3.99;317;0;73.00;43
35;0;622961585;35;121;358;395;8.84;0.55;39.46;3.96;323;0;74.00;37
37;0;622961589;37;121;360;395;9.02;0.56;41.38;3.95;323;0;75.00;35
37;0;622961593;37;118;362;395;9.24;0.57;41.38;3.95;325;0;76.00;33
38;0;622961596;38;117;363;395;9.33;0.57;42.32;3.95;325;0;77.00;32
39;0;622961599;39;119;367;395;9.51;0.58;43.21;3.98;328;0;78.00;28
41;0;622961608;41;119;368;395;9.55;0.58;44.85;3.98;327;0;79.00;27
41;0;622961618;41;118;371;396;9.54;0.58;44.85;4.02;330;0;80.00;25
43;0;622961622;43;119;374;397;9.59;0.58;46.16;4.06;331;0;81.00;23
43;0;622961627;43;117;377;397;9.63;0.58;46.16;4.10;334;0;82.00;20
43;0;622961636;43;121;384;401;9.53;0.58;46.16;4.10;341;0;83.00;17
43;0;622961640;43;124;385;401;9.45;0.57;46.16;4.10;342;0;84.00;16
43;0;622961644;43;129;385;401;9.44;0.57;46.16;4.10;342;0;85.00;16
43;0;622961647;43;127;385;401;9.42;0.57;46.16;4.10;342;0;86.00;16
44;0;622961651;44;125;390;407;9.37;0.57;47.00;4.06;346;0;87.00;17
44;0;622961655;44;126;390;407;9.26;0.56;47.00;4.06;346;0;88.00;17
46;0;622961659;46;128;390;407;9.17;0.56;48.83;4.06;344;0;89.00;17
47;0;622961664;47;127;394;413;9.11;0.55;49.70;4.02;347;0;90.00;19
47;0;622961668;47;126;394;413;9.02;0.55;49.70;4.02;347;0;91.00;19
47;0;622961673;47;133;396;413;9.06;0.55;49.70;4.01;349;0;92.00;17
50;0;622961677;50;135;397;414;8.92;0.54;52.30;4.01;347;0;93.00;17
52;0;622961681;52;133;398;415;8.85;0.54;53.90;4.00;346;0;94.00;17
53;0;622961684;53;132;398;415;8.72;0.53;54.68;4.00;345;0;95.00;17
56;0;622961688;56;133;409;428;8.51;0.52;56.36;3.89;353;0;96.00;19
58;0;622961693;58;132;409;428;8.51;0.52;57.69;3.89;351;0;97.00;19
60;0;622961697;60;133;409;428;8.51;0.52;59.03;3.89;349;0;98.00;19
61;0;622961700;61;131;410;429;8.57;0.52;59.69;3.88;349;0;99.00;19
64;0;622961705;64;128;410;429;8.63;0.52;60.36;3.88;346;0;100.00;19
65;0;622961713;65;128;413;433;8.79;0.54;60.98;3.86;348;0;101.00;20
67;0;622961718;67;121;413;433;8.87;0.54;62.04;3.86;346;0;102.00;20
67;0;622961727;67;117;417;437;8.85;0.54;62.04;3.83;350;0;103.00;20
67;0;622961732;67;111;417;437;9.05;0.55;62.04;3.83;350;0;104.00;20
67;0;622961736;67;106;419;437;9.22;0.56;62.04;3.97;352;0;105.00;18
69;0;622961741;69;100;419;437;9.48;0.58;63.29;3.97;350;0;106.00;18
69;0;622961746;69;93;419;437;9.65;0.59;63.29;3.97;350;0;107.00;18
69;0;622961750;69;88;430;449;9.95;0.61;63.29;3.87;361;0;108.00;19
69;0;622961755;69;81;431;449;10.11;0.62;63.29;3.86;362;0;109.00;18
69;0;622961760;69;78;431;449;10.27;0.63;63.29;3.86;362;0;110.00;18
71;0;622961764;71;73;431;449;10.31;0.63;64.59;3.86;360;0;111.00;18
71;0;622961769;71;70;431;449;10.51;0.64;64.59;3.86;360;0;112.00;18
71;0;622961774;71;71;431;449;10.64;0.65;64.59;3.86;360;0;113.00;18
71;0;622961778;71;70;432;450;10.73;0.66;64.59;3.86;361;0;114.00;18
71;0;622961783;71;68;432;450;10.86;0.66;64.59;3.86;361;0;115.00;18
71;0;622961788;71;67;437;456;10.92;0.67;64.59;3.82;366;0;116.00;19
72;0;622961793;72;68;439;457;10.94;0.67;65.32;4.07;367;0;117.00;18
72;0;622961798;72;68;439;457;10.84;0.66;65.32;4.07;367;0;118.00;18
74;0;622961803;74;69;439;457;10.78;0.66;66.26;4.07;365;0;119.00;18
76;0;622961810;76;75;445;462;10.73;0.65;67.64;4.40;369;0;120.00;17
78;0;622961816;78;77;445;462;10.70;0.65;68.99;4.40;367;0;121.00;17
78;0;622961821;78;78;445;462;10.74;0.65;68.99;4.40;367;0;122.00;17
81;0;622961827;81;78;449;463;10.77;0.65;70.90;4.86;368;0;123.00;14
81;0;622961832;81;81;453;467;10.77;0.66;70.90;4.83;372;0;124.00;14
81;0;622961838;81;82;454;467;10.87;0.66;70.90;5.09;373;0;125.00;13
82;0;622961843;82;87;457;470;10.93;0.67;71.55;5.18;375;0;126.00;13
83;0;622961849;83;88;460;470;11.02;0.68;72.06;5.43;377;0;127.00;10
86;0;622961855;86;89;461;470;11.16;0.68;73.35;5.54;375;0;128.00;9
86;0;622961861;86;90;463;470;11.32;0.69;73.35;5.79;377;0;129.00;7
86;0;622961866;86;91;467;474;11.45;0.70;73.35;5.81;381;0;130.00;7
87;0;622961873;87;91;469;474;11.52;0.71;74.01;5.94;382;0;131.00;5
90;0;622961878;90;92;470;474;11.56;0.71;75.10;5.94;380;0;132.00;4
92;0;622961890;92;94;470;474;11.51;0.71;76.02;5.94;378;0;133.00;4
92;0;622961896;92;94;472;475;11.54;0.71;76.02;6.05;380;0;134.00;3
93;0;622961902;93;94;474;477;11.58;0.71;76.52;6.02;381;0;135.00;3
93;0;622961908;93;95;475;477;11.53;0.71;76.52;6.09;382;0;136.00;2
94;0;622961914;94;99;476;478;11.60;0.71;76.39;6.08;382;0;137.00;2
96;0;622961920;96;100;477;478;11.54;0.71;77.17;6.16;381;0;138.00;1
96;0;622961926;96;102;478;478;11.55;0.71;77.17;6.18;382;0;139.00;0
97;0;622961931;97;101;478;478;11.55;0.71;77.73;6.18;381;0;140.00;0
98;0;622961938;98;101;478;478;11.53;0.71;78.36;6.18;380;0;141.00;0
100;0;622961944;100;102;478;478;11.56;0.71;78.91;6.18;378;0;142.00;0
103;0;622961950;103;104;478;478;11.59;0.72;80.75;6.18;375;0;143.00;0
104;0;622961955;104;125;552;605;11.30;0.71;81.21;5.36;448;0;144.00;53
105;0;622961974;105;119;558;606;11.29;0.71;81.82;5.31;453;0;145.00;48
110;0;622961980;110;117;567;606;11.29;0.71;82.45;5.26;457;0;146.00;39
112;0;622961987;112;117;570;606;11.15;0.70;83.54;5.25;458;0;147.00;36
114;0;622961993;114;118;575;606;11.08;0.69;84.25;5.24;461;0;148.00;31
116;0;622961999;116;116;575;606;10.94;0.68;85.28;5.24;459;0;149.00;31
120;0;622962007;120;117;580;611;10.70;0.67;86.43;5.22;460;0;150.00;31
121;0;622962015;121;116;583;611;10.57;0.66;86.97;5.23;462;0;151.00;28
122;0;622962022;122;118;586;612;10.59;0.66;87.50;5.25;464;0;152.00;26
123;0;622962028;123;119;591;613;10.64;0.66;88.01;5.28;468;0;153.00;22
128;0;622962035;128;118;594;613;10.68;0.66;89.95;5.30;466;0;154.00;19
129;0;622962041;129;120;599;614;10.70;0.66;90.43;5.32;470;0;155.00;15
129;0;622962048;129;125;602;614;10.66;0.66;90.43;5.35;473;0;156.00;12
130;0;622962060;130;130;604;614;10.58;0.66;89.84;5.36;474;0;157.00;10
131;0;622962071;131;129;604;614;10.59;0.66;90.36;5.36;473;0;158.00;10
132;0;622962081;132;137;608;618;10.62;0.66;90.86;5.33;476;0;159.00;10
135;0;622962092;135;139;610;618;10.43;0.64;90.73;5.37;475;0;160.00;8
136;0;622962102;136;142;611;618;10.35;0.64;91.09;5.39;475;0;161.00;7
140;0;622962115;140;144;614;621;10.29;0.63;91.59;5.42;474;0;162.00;7
142;0;622962127;142;143;614;621;10.18;0.63;92.59;5.42;472;0;163.00;7
142;0;622962136;142;144;616;621;10.19;0.63;92.59;5.45;474;0;164.00;5
144;0;622962143;144;143;620;625;10.11;0.62;93.42;5.45;476;0;165.00;5
145;0;622962150;145;143;622;626;10.01;0.62;93.91;5.45;477;0;166.00;4
146;0;622962156;146;142;623;626;9.94;0.62;93.42;5.47;477;0;167.00;3
148;0;622962165;148;144;628;630;9.78;0.61;94.35;5.44;480;0;168.00;2
151;0;622962178;151;147;628;630;9.66;0.60;94.91;5.44;477;0;169.00;2
152;0;622962185;152;136;628;630;9.57;0.59;95.34;5.44;476;0;170.00;2
154;0;622962193;154;137;629;631;9.53;0.59;96.11;5.43;475;0;171.00;2
155;0;622962199;155;133;629;631;9.51;0.59;96.44;5.43;474;0;172.00;2
158;0;622962206;158;132;635;637;9.58;0.59;97.39;5.39;477;0;173.00;2
159;0;622962214;159;131;635;637;9.55;0.59;97.84;5.39;476;0;174.00;2
159;0;622962222;159;133;638;638;9.53;0.59;97.84;5.42;479;0;175.00;0
160;0;622962231;160;131;638;638;9.55;0.59;97.67;5.42;478;0;176.00;0
161;0;622962238;161;130;638;638;9.50;0.58;97.57;5.42;477;0;177.00;0
161;0;622962245;161;128;638;638;9.53;0.59;97.57;5.42;477;0;178.00;0
161;0;622962253;161;124;638;638;9.52;0.59;97.57;5.42;477;0;179.00;0
162;0;622962261;162;124;665;672;9.66;0.60;97.30;5.20;503;0;180.00;7
162;0;622962271;162;121;666;672;9.62;0.60;97.30;5.20;504;0;181.00;6
162;0;622962278;162;123;670;672;9.74;0.60;97.30;5.18;508;0;182.00;2
164;0;622962286;164;124;671;672;9.64;0.60;97.87;5.17;507;0;183.00;1
167;0;622962294;167;123;672;672;9.57;0.59;98.47;5.17;505;0;184.00;0
169;0;622962305;169;126;672;672;9.53;0.59;99.21;5.17;503;0;185.00;0
170;0;622962313;170;134;676;676;9.46;0.59;99.28;5.15;506;0;186.00;0
172;0;622962319;172;139;676;676;9.38;0.58;99.34;5.15;504;0;187.00;0
172;0;622962326;172;146;680;680;9.43;0.58;99.34;5.12;508;0;188.00;0
175;0;622962332;175;146;681;681;9.40;0.58;99.56;5.11;506;0;189.00;0
178;0;622962338;178;152;681;681;9.34;0.58;99.56;5.11;503;0;190.00;0
180;0;622962346;180;160;681;681;9.26;0.57;99.22;5.11;501;0;191.00;0
181;0;622962354;181;169;694;694;9.23;0.57;99.72;5.02;513;0;192.00;0
187;0;622962363;187;167;694;694;9.08;0.56;99.33;5.02;507;0;193.00;0
189;0;622962370;189;166;694;694;9.04;0.56;99.35;5.02;505;0;194.00;0
191;1;622962382;191;172;695;695;8.97;0.55;100.34;5.01;504;1;195.00;0
192;1;622962423;192;174;696;696;8.84;0.54;100.08;5.01;504;1;196.00;0
197;1;622962432;197;177;696;696;8.72;0.54;100.79;5.01;499;1;197.00;0
199;1;622962441;199;181;698;699;8.63;0.53;101.27;4.99;499;1;198.00;1
201;1;622962448;201;189;698;699;8.46;0.52;101.10;4.99;497;1;199.00;1
203;1;622962455;203;197;699;699;8.28;0.51;100.86;4.99;496;1;200.00;0
203;1;622962467;203;201;699;699;8.18;0.50;100.86;4.99;496;1;201.00;0
205;1;622962473;205;211;705;705;8.03;0.49;101.46;4.95;500;1;202.00;0
208;1;622962479;208;215;705;705;7.90;0.48;100.70;4.95;497;1;203.00;0
209;1;622962485;209;224;705;705;7.77;0.48;100.51;4.95;496;1;204.00;0
210;1;622962491;210;230;705;705;7.63;0.47;100.15;4.95;495;1;205.00;0
210;1;622962497;210;232;709;709;7.53;0.46;100.15;4.93;499;1;206.00;0
211;1;622962503;211;238;710;710;7.51;0.46;99.97;4.93;499;1;207.00;0
211;1;622962509;211;241;710;710;7.41;0.45;99.97;4.93;499;1;208.00;0
211;1;622962515;211;245;711;711;7.32;0.45;99.97;4.92;500;1;209.00;0
214;1;622962522;214;252;711;711;7.13;0.44;99.94;4.92;497;1;210.00;0
215;1;622962528;215;252;711;711;7.02;0.43;99.56;4.92;496;1;211.00;0
218;1;622962533;218;253;711;711;6.85;0.42;99.97;4.92;493;1;212.00;0
220;1;622962539;220;259;711;711;6.69;0.41;100.31;4.92;491;1;213.00;0
224;1;622962544;224;265;711;711;6.47;0.40;101.16;4.92;487;1;214.00;0
224;1;622962550;224;270;711;711;6.32;0.39;101.16;4.92;487;1;215.00;0
225;1;622962555;225;285;755;781;6.60;0.41;101.48;4.63;530;1;216.00;26
226;1;622962568;226;273;757;782;6.66;0.41;101.59;4.62;531;1;217.00;25
227;1;622962575;227;258;764;782;6.80;0.42;101.83;4.60;537;1;218.00;18
228;1;622962581;228;241;766;782;6.90;0.43;102.34;4.60;538;1;219.00;16
228;1;622962587;228;231;768;782;7.02;0.43;102.34;4.59;540;1;220.00;14
232;1;622962594;232;224;769;782;7.18;0.44;104.33;4.59;537;1;221.00;13
232;1;622962602;232;222;771;782;7.41;0.45;104.33;4.60;539;1;222.00;11
232;1;622962608;232;218;773;782;7.56;0.46;104.33;4.60;541;1;223.00;9
233;1;622962616;233;215;775;783;7.68;0.47;104.49;4.61;542;1;224.00;8
233;1;622962623;233;216;778;785;7.77;0.48;104.49;4.62;545;1;225.00;7
235;1;622962636;235;199;779;785;7.88;0.48;105.06;4.63;544;1;226.00;6
235;1;622962644;235;194;785;789;7.96;0.49;105.06;4.62;550;1;227.00;4
238;1;622962652;238;193;787;789;8.16;0.50;105.22;4.63;549;1;228.00;2
239;1;622962659;239;187;788;789;8.44;0.52;105.72;4.64;549;1;229.00;1
240;1;622962667;240;179;789;789;8.68;0.53;105.64;4.64;549;1;230.00;0
242;1;622962674;242;179;795;795;8.88;0.54;105.93;4.62;553;1;231.00;0
243;1;622962683;243;175;795;795;9.11;0.56;105.85;4.62;552;1;232.00;0
245;1;622962691;245;172;795;795;9.37;0.57;106.52;4.62;550;1;233.00;0
245;1;622962699;245;169;797;798;9.60;0.59;106.52;4.60;552;1;234.00;1
246;1;622962707;246;162;797;798;9.84;0.60;106.37;4.60;551;1;235.00;1
246;1;622962716;246;158;798;798;10.09;0.62;106.37;4.60;552;1;236.00;0
247;1;622962724;247;149;799;799;10.17;0.62;106.71;4.60;552;1;237.00;0
249;1;622962732;249;141;800;800;10.38;0.63;107.69;4.59;551;1;238.00;0
250;1;622962739;250;136;800;800;10.47;0.64;107.83;4.59;550;1;239.00;0
251;1;622962749;251;140;825;826;10.46;0.64;108.34;4.45;574;1;240.00;1
253;1;622962758;253;132;825;826;10.59;0.65;108.53;4.45;572;1;241.00;1
258;1;622962765;258;124;826;826;10.65;0.65;109.43;4.45;568;1;242.00;0
260;1;622962773;260;118;827;827;10.78;0.66;109.72;4.44;567;1;243.00;0
265;1;622962781;265;113;827;827;10.84;0.66;110.79;4.44;562;1;244.00;0
268;1;622962788;268;112;831;831;10.92;0.66;111.72;4.43;563;1;245.00;0
271;1;622962796;271;111;831;831;10.90;0.66;112.55;4.43;560;1;246.00;0
272;1;622962804;272;110;835;835;10.86;0.66;112.52;4.41;563;1;247.00;0
275;1;622962812;275;110;835;835;10.91;0.66;113.37;4.41;560;1;248.00;0
279;1;622962825;279;108;835;835;10.94;0.66;115.20;4.41;556;1;249.00;0
281;1;622962832;281;107;835;835;11.02;0.67;115.39;4.41;554;1;250.00;0
282;1;622962839;282;104;835;835;11.10;0.67;115.84;4.41;553;1;251.00;0
284;1;622962853;284;104;846;847;11.24;0.68;116.30;4.35;562;1;252.00;1
287;1;622962861;287;105;846;847;11.30;0.69;116.94;4.35;559;1;253.00;1
288;1;622962869;288;104;847;847;11.46;0.70;117.16;4.35;559;1;254.00;0
291;1;622962877;291;104;847;847;11.60;0.71;117.98;4.35;556;1;255.00;0
293;1;622962884;293;107;847;847;11.68;0.71;118.06;4.35;554;1;256.00;0
294;1;622962891;294;107;847;847;11.78;0.72;118.08;4.35;553;1;257.00;0
296;2;622962898;296;107;848;848;11.81;0.72;118.19;4.35;552;2;258.00;0
297;2;622962913;297;112;848;848;11.89;0.73;118.42;4.35;551;2;259.00;0
300;2;622962920;300;112;854;854;11.89;0.72;119.13;4.32;554;2;260.00;0
301;2;622962927;301;112;855;855;11.91;0.72;119.19;4.32;554;2;261.00;0
302;2;622962935;302;113;855;855;11.98;0.73;119.65;4.32;553;2;262.00;0
304;2;622962942;304;113;855;855;12.06;0.73;119.64;4.32;551;2;263.00;0
306;2;622962949;306;115;859;859;12.11;0.73;119.73;4.30;553;2;264.00;0
309;2;622962957;309;114;859;859;12.11;0.73;120.39;4.30;550;2;265.00;0
312;2;622962969;312;116;859;859;12.07;0.73;120.49;4.30;547;2;266.00;0
315;2;622962983;315;117;860;860;12.01;0.72;121.20;4.30;545;2;267.00;0
317;2;622962990;317;118;864;864;11.87;0.72;121.60;4.28;547;2;268.00;0
318;2;622962998;318;114;864;864;11.88;0.72;121.49;4.28;546;2;269.00;0
320;2;622963007;320;113;868;870;11.93;0.72;121.60;4.26;548;2;270.00;2
321;2;622963015;321;115;868;870;11.90;0.72;122.06;4.26;547;2;271.00;2
322;2;622963022;322;109;870;870;11.92;0.72;122.35;4.26;548;2;272.00;0
324;2;622963029;324;106;870;870;11.88;0.72;122.39;4.26;546;2;273.00;0
327;2;622963037;327;106;874;874;11.93;0.72;122.75;4.24;547;2;274.00;0
329;2;622963048;329;101;874;874;11.92;0.72;123.38;4.24;545;2;275.00;0
331;2;622963058;331;95;874;874;11.96;0.72;123.82;4.24;543;2;276.00;0
333;2;622963067;333;89;874;874;12.03;0.73;123.86;4.24;541;2;277.00;0
337;2;622963074;337;84;875;875;12.02;0.73;123.95;4.24;538;2;278.00;0
340;2;622963082;340;79;876;876;12.09;0.73;124.00;4.23;536;2;279.00;0
343;2;622963090;343;76;876;876;12.14;0.74;124.10;4.23;533;2;280.00;0
345;2;622963097;345;73;877;877;12.15;0.74;124.56;4.23;532;2;281.00;0
349;2;622963105;349;74;877;877;12.16;0.74;125.16;4.23;528;2;282.00;0
349;2;622963113;349;73;877;877;12.28;0.75;125.16;4.23;528;2;283.00;0
350;2;622963121;350;73;877;877;12.34;0.75;124.89;4.23;527;2;284.00;0
350;2;622963129;350;77;877;877;12.47;0.76;124.89;4.23;527;2;285.00;0
351;2;622963136;351;76;877;877;12.44;0.76;124.84;4.23;526;2;286.00;0
355;2;622963146;355;76;877;877;12.39;0.75;125.83;4.23;522;2;287.00;0
356;2;622963155;356;91;949;1004;11.88;0.73;126.28;3.91;593;2;288.00;55
357;2;622963174;357;85;951;1005;11.79;0.73;126.53;3.90;594;2;289.00;54
357;2;622963183;357;87;960;1005;11.75;0.73;126.53;3.89;603;2;290.00;45
357;2;622963191;357;87;961;1005;11.71;0.73;126.53;3.89;604;2;291.00;44
359;2;622963198;359;89;969;1005;11.64;0.72;126.52;3.89;610;2;292.00;36
361;2;622963216;361;93;972;1005;11.64;0.72;127.24;3.89;611;2;293.00;33
362;2;622963225;362;91;975;1005;11.60;0.71;127.20;3.90;613;2;294.00;30
362;2;622963233;362;93;978;1005;11.56;0.71;127.20;3.91;616;2;295.00;27
365;2;622963242;365;95;980;1006;11.55;0.71;127.68;3.91;615;2;296.00;26
366;2;622963251;366;101;982;1007;11.53;0.71;127.48;3.92;616;2;297.00;25
367;2;622963260;367;103;987;1007;11.49;0.71;127.16;3.96;620;2;298.00;20
370;2;622963268;370;107;991;1008;11.41;0.70;127.64;3.98;621;2;299.00;17
372;2;622963281;372;112;997;1014;11.23;0.69;128.29;4.00;625;2;300.00;17
372;2;622963294;372;116;997;1014;11.20;0.69;128.29;4.00;625;2;301.00;17
374;2;622963304;374;123;1000;1014;11.11;0.68;129.17;4.03;626;2;302.00;14
378;2;622963312;378;127;1003;1018;11.01;0.68;129.62;4.04;625;2;303.00;15
381;2;622963321;381;134;1005;1018;10.85;0.67;130.18;4.06;624;2;304.00;13
384;2;622963330;384;139;1008;1018;10.76;0.66;130.20;4.08;624;2;305.00;10
384;2;622963339;384;150;1012;1021;10.68;0.66;130.20;4.09;628;2;306.00;9
387;2;622963348;387;157;1012;1021;10.62;0.65;130.55;4.09;625;2;307.00;9
389;2;622963357;389;166;1014;1021;10.55;0.65;131.24;4.09;625;2;308.00;7
390;2;622963365;390;168;1017;1025;10.45;0.64;131.38;4.08;627;2;309.00;8
391;2;622963374;391;172;1018;1026;10.40;0.64;131.35;4.08;627;2;310.00;8
391;2;622963382;391;178;1021;1026;10.27;0.63;131.35;4.10;630;2;311.00;5
393;2;622963392;393;178;1025;1030;10.22;0.63;131.76;4.08;632;2;312.00;5
396;2;622963401;396;184;1025;1030;10.11;0.62;131.89;4.08;629;2;313.00;5
398;2;622963409;398;183;1027;1030;9.98;0.61;132.07;4.11;629;2;314.00;3
403;2;622963416;403;187;1029;1032;9.77;0.60;133.93;4.10;626;2;315.00;3
404;2;622963437;404;193;1030;1032;9.58;0.59;133.90;4.12;626;2;316.00;2
405;2;622963450;405;199;1036;1038;9.52;0.59;133.81;4.11;631;2;317.00;2
407;2;622963465;407;204;1036;1038;9.41;0.58;134.40;4.11;629;2;318.00;2
411;2;622963472;411;205;1037;1039;9.20;0.57;134.75;4.10;626;2;319.00;2
413;2;622963481;413;204;1038;1039;9.02;0.56;135.07;4.13;625;2;320.00;1
416;2;622963488;416;209;1038;1039;8.89;0.55;134.88;4.13;622;2;321.00;1
418;2;622963496;418;207;1039;1039;8.76;0.54;135.20;4.14;621;2;322.00;0
420;2;622963503;420;206;1039;1039;8.70;0.54;135.78;4.14;619;2;323.00;0
421;2;622963510;421;206;1050;1051;8.67;0.53;135.92;4.10;629;2;324.00;1
422;2;622963519;422;206;1050;1051;8.69;0.53;136.20;4.10;628;2;325.00;1
425;2;622963527;425;207;1051;1051;8.71;0.54;136.29;4.09;626;2;326.00;0
427;2;622963535;427;211;1051;1051;8.81;0.54;136.39;4.09;624;2;327.00;0
428;2;622963542;428;210;1051;1051;8.89;0.55;136.54;4.09;623;2;328.00;0
431;2;622963549;431;213;1051;1051;8.99;0.55;136.74;4.09;620;2;329.00;0
435;2;622963558;435;218;1055;1055;8.96;0.55;137.07;4.08;620;2;330.00;0
438;2;622963567;438;220;1055;1055;8.85;0.54;137.38;4.08;617;2;331.00;0
439;2;622963574;439;224;1059;1059;8.80;0.54;137.27;4.07;620;2;332.00;0
441;2;622963582;441;230;1060;1060;8.69;0.53;137.40;4.07;619;2;333.00;0
443;2;622963590;443;231;1060;1060;8.54;0.52;137.79;4.07;617;2;334.00;0
448;2;622963596;448;232;1060;1060;8.34;0.51;137.69;4.07;612;2;335.00;0
451;2;622963603;451;232;1073;1073;8.15;0.50;138.37;4.02;622;2;336.00;0
454;2;622963611;454;228;1073;1073;7.99;0.49;139.20;4.02;619;2;337.00;0
459;2;622963618;459;237;1073;1073;7.86;0.48;140.83;4.02;614;2;338.00;0
462;2;622963625;462;232;1074;1074;7.78;0.48;141.55;4.01;612;2;339.00;0
465;2;622963632;465;233;1075;1075;7.71;0.48;142.14;4.01;610;2;340.00;0
469;2;622963639;469;227;1075;1075;7.66;0.47;143.11;4.01;606;2;341.00;0
472;2;622963645;472;227;1077;1078;7.71;0.48;144.07;4.00;605;2;342.00;1
475;2;622963652;475;222;1077;1078;7.77;0.48;144.67;4.00;602;2;343.00;1
477;2;622963658;477;218;1078;1078;7.81;0.48;144.90;4.00;601;2;344.00;0
479;2;622963664;479;227;1078;1078;7.78;0.48;145.22;4.00;599;2;345.00;0
484;2;622963671;484;219;1084;1084;7.85;0.49;146.03;3.99;600;2;346.00;0
487;2;622963677;487;214;1084;1084;7.78;0.48;146.03;3.99;597;2;347.00;0
492;2;622963684;492;207;1084;1084;7.70;0.48;146.47;3.99;592;2;348.00;0
498;2;622963690;498;203;1084;1084;7.75;0.48;146.58;3.99;586;2;349.00;0
499;2;622963697;499;210;1088;1088;7.77;0.48;146.89;3.97;589;2;350.00;0
503;2;622963703;503;209;1089;1089;7.81;0.48;146.41;3.97;586;2;351.00;0
508;2;622963710;508;213;1089;1089;7.76;0.48;146.82;3.97;581;2;352.00;0
510;2;622963717;510;214;1090;1090;7.70;0.48;146.64;3.97;580;2;353.00;0
512;2;622963723;512;217;1090;1090;7.63;0.47;146.88;3.97;578;2;354.00;0
515;2;622963729;515;222;1090;1090;7.58;0.47;146.70;3.97;575;2;355.00;0
518;2;622963735;518;231;1090;1090;7.52;0.46;146.68;3.97;572;2;356.00;0
520;2;622963741;520;233;1090;1090;7.44;0.46;146.30;3.97;570;2;357.00;0
523;2;622963747;523;241;1090;1090;7.40;0.46;146.24;3.97;567;2;358.00;0
526;2;622963754;526;247;1090;1090;7.35;0.45;146.04;3.97;564;2;359.00;0
528;2;622963762;528;254;1152;1215;7.78;0.49;146.07;3.75;624;2;360.00;63
531;2;622963778;531;254;1161;1216;7.67;0.48;145.99;3.73;630;2;361.00;55
532;2;622963790;532;251;1174;1216;7.73;0.48;145.99;3.71;642;2;362.00;42
535;2;622963797;535;253;1178;1216;7.60;0.47;145.96;3.71;643;2;363.00;38
539;2;622963804;539;250;1185;1216;7.56;0.47;146.10;3.71;646;2;364.00;31
539;2;622963811;539;263;1188;1216;7.45;0.46;146.10;3.72;649;2;365.00;28
542;2;622963819;542;263;1194;1216;7.40;0.46;146.11;3.73;652;2;366.00;22
543;2;622963826;543;268;1199;1216;7.30;0.45;145.98;3.74;656;2;367.00;17
545;2;622963834;545;275;1203;1217;7.16;0.44;146.11;3.76;658;2;368.00;14
546;2;622963842;546;283;1207;1218;7.01;0.43;146.38;3.77;661;2;369.00;11
546;2;622963850;546;286;1210;1218;6.82;0.42;146.38;3.79;664;2;370.00;8
546;2;622963857;546;287;1216;1222;6.75;0.42;146.38;3.78;670;2;371.00;6
548;2;622963865;548;279;1218;1222;6.73;0.42;146.17;3.79;670;2;372.00;4
549;2;622963872;549;280;1218;1222;6.75;0.42;145.95;3.79;669;2;373.00;4
551;2;622963880;551;283;1219;1222;6.82;0.42;145.91;3.80;668;2;374.00;3
551;2;622963888;551;283;1224;1228;6.92;0.42;145.91;3.79;673;2;375.00;4
553;2;622963896;553;284;1224;1228;6.99;0.43;146.34;3.79;671;2;376.00;4
556;2;622963904;556;279;1225;1228;7.04;0.43;146.21;3.80;669;2;377.00;3
556;2;622963917;556;279;1227;1231;7.19;0.44;146.21;3.79;671;2;378.00;4
558;2;622963925;558;276;1228;1231;7.28;0.44;145.93;3.81;670;2;379.00;3
559;2;622963933;559;279;1228;1231;7.37;0.45;146.08;3.81;669;2;380.00;3
559;2;622963941;559;283;1230;1232;7.45;0.45;146.08;3.81;671;2;381.00;2
559;2;622963949;559;281;1231;1233;7.55;0.46;146.08;3.80;672;2;382.00;2
561;2;622963962;561;277;1233;1233;7.62;0.46;145.64;3.82;672;2;383.00;0
563;2;622963971;563;277;1245;1246;7.78;0.47;145.48;3.78;682;2;384.00;1
564;2;622963980;564;277;1245;1246;7.85;0.48;145.76;3.78;681;2;385.00;1
566;2;622963989;566;281;1246;1246;7.88;0.48;145.46;3.78;680;2;386.00;0
568;2;622963997;568;269;1247;1247;7.91;0.48;145.99;3.78;679;2;387.00;0
570;2;622964006;570;263;1247;1247;7.99;0.48;146.13;3.78;677;2;388.00;0
570;2;622964014;570;253;1250;1251;8.10;0.49;146.13;3.77;680;2;389.00;1
571;2;622964024;571;251;1251;1251;8.20;0.50;146.12;3.77;680;2;390.00;0
571;2;622964033;571;249;1255;1255;8.34;0.51;146.12;3.76;684;2;391.00;0
574;2;622964042;574;242;1255;1255;8.37;0.51;146.04;3.76;681;2;392.00;0
576;2;622964051;576;240;1255;1255;8.47;0.52;146.05;3.76;679;2;393.00;0
576;2;622964067;576;235;1255;1255;8.60;0.52;146.05;3.76;679;2;394.00;0
578;2;622964082;578;232;1255;1255;8.64;0.53;146.11;3.76;677;2;395.00;0
580;2;622964112;580;214;1266;1267;8.81;0.54;146.28;3.73;686;2;396.00;1
582;2;622964134;582;198;1266;1267;8.95;0.55;146.18;3.73;684;2;397.00;1
583;2;622964151;583;185;1267;1267;9.16;0.56;146.12;3.73;684;2;398.00;0
585;2;622964166;585;174;1267;1267;9.33;0.57;146.72;3.73;682;2;399.00;0
586;2;622964182;586;166;1267;1267;9.55;0.58;146.88;3.73;681;2;400.00;0
589;2;622964198;589;156;1267;1267;9.71;0.59;147.04;3.73;678;2;401.00;0
591;2;622964209;591;150;1268;1268;9.93;0.61;147.69;3.73;677;2;402.00;0
595;2;622964220;595;143;1268;1268;10.12;0.62;147.83;3.73;673;2;403.00;0
595;2;622964237;595;133;1274;1274;10.24;0.62;147.83;3.71;679;2;404.00;0
599;2;622964249;599;128;1276;1276;10.32;0.63;148.91;3.71;677;2;405.00;0
600;2;622964267;600;129;1276;1276;10.41;0.63;149.10;3.71;676;2;406.00;0
603;2;622964277;603;123;1276;1276;10.54;0.64;149.41;3.71;673;2;407.00;0
606;2;622964288;606;118;1279;1280;10.64;0.65;149.71;3.70;673;2;408.00;1
607;2;622964298;607;111;1280;1280;10.78;0.66;149.90;3.70;673;2;409.00;0
610;2;622964307;610;107;1280;1280;10.90;0.66;150.18;3.70;670;2;410.00;0
612;2;622964317;612;107;1281;1281;11.05;0.67;150.40;3.69;669;2;411.00;0
615;2;622964327;615;103;1285;1285;11.11;0.67;151.07;3.69;670;2;412.00;0
617;2;622964338;617;103;1285;1285;11.28;0.68;151.30;3.69;668;2;413.00;0
618;2;622964348;618;99;1287;1288;11.40;0.69;151.61;3.68;669;2;414.00;1
621;2;622964358;621;95;1287;1288;11.46;0.70;152.42;3.68;666;2;415.00;1
625;2;622964368;625;96;1288;1288;11.58;0.70;153.19;3.68;663;2;416.00;0
628;2;622964380;628;96;1288;1288;11.63;0.71;153.75;3.68;660;2;417.00;0
629;3;622964398;629;100;1292;1292;11.76;0.72;153.94;3.67;663;3;418.00;0
630;3;622964430;630;100;1292;1292;11.81;0.72;154.00;3.67;662;3;419.00;0
632;3;622964444;632;100;1292;1292;11.84;0.72;154.76;3.67;660;3;420.00;0
634;3;622964453;634;95;1292;1292;11.83;0.72;154.82;3.67;658;3;421.00;0
635;3;622964463;635;96;1293;1293;11.82;0.72;155.10;3.67;658;3;422.00;0
637;3;622964475;637;97;1294;1294;11.78;0.72;155.08;3.67;657;3;423.00;0
640;3;622964486;640;97;1294;1294;11.80;0.72;155.31;3.67;654;3;424.00;0
643;3;622964496;643;101;1295;1295;11.82;0.72;156.07;3.66;652;3;425.00;0
645;3;622964524;645;100;1295;1295;11.83;0.72;156.27;3.66;650;3;426.00;0
648;3;622964553;648;96;1295;1295;11.88;0.73;156.86;3.66;647;3;427.00;0
651;3;622964577;651;94;1295;1295;11.98;0.73;157.14;3.66;644;3;428.00;0
652;3;622964600;652;93;1295;1295;12.18;0.75;157.33;3.66;643;3;429.00;0
655;3;622964619;655;92;1295;1295;12.28;0.75;158.28;3.66;640;3;430.00;0
660;3;622964640;660;91;1295;1295;12.42;0.76;158.67;3.66;635;3;431.00;0
662;3;622964666;662;123;1375;1422;11.85;0.74;158.44;3.45;713;3;432.00;47
666;3;622964697;666;110;1375;1423;11.88;0.74;158.84;3.45;709;3;433.00;48
671;3;622964710;671;100;1379;1423;11.97;0.74;159.51;3.45;708;3;434.00;44
673;3;622964722;673;96;1379;1423;12.05;0.74;159.53;3.45;706;3;435.00;44
676;3;622964741;676;98;1383;1423;12.15;0.75;159.45;3.45;707;3;436.00;40
680;3;622964753;680;101;1383;1423;12.15;0.75;160.08;3.45;703;3;437.00;40
685;3;622964766;685;104;1387;1423;12.12;0.74;160.89;3.46;702;3;438.00;36
688;3;622964777;688;105;1390;1423;12.12;0.74;161.49;3.46;702;3;439.00;33
691;3;622964789;691;107;1393;1424;12.00;0.74;162.05;3.47;702;3;440.00;31
695;3;622964801;695;109;1397;1425;11.92;0.73;162.42;3.49;702;3;441.00;28
703;3;622964814;703;99;1399;1425;11.88;0.73;163.40;3.50;696;3;442.00;26
708;3;622964827;708;104;1402;1426;11.85;0.72;164.21;3.52;694;3;443.00;24
713;3;622964838;713;104;1407;1426;11.75;0.72;165.69;3.55;694;3;444.00;19
715;3;622964851;715;109;1411;1426;11.65;0.71;165.66;3.57;696;3;445.00;15
720;3;622964868;720;110;1414;1426;11.54;0.71;166.63;3.59;694;3;446.00;12
722;3;622964881;722;107;1416;1430;11.52;0.70;166.69;3.60;694;3;447.00;14
726;3;622964895;726;108;1418;1430;11.48;0.70;166.70;3.61;692;3;448.00;12
731;3;622964907;731;111;1419;1430;11.54;0.70;166.64;3.61;688;3;449.00;11
733;3;622964920;733;108;1421;1436;11.58;0.70;166.55;3.61;688;3;450.00;15
739;3;622964933;739;103;1426;1436;11.61;0.70;167.03;3.64;687;3;451.00;10
739;3;622964946;739;103;1427;1436;11.72;0.71;167.03;3.64;688;3;452.00;9
742;3;622964960;742;110;1431;1440;11.72;0.71;167.02;3.63;689;3;453.00;9
744;3;622964972;744;108;1433;1441;11.82;0.72;167.31;3.64;689;3;454.00;8
750;3;622964984;750;107;1433;1441;11.92;0.72;167.63;3.64;683;3;455.00;8
752;3;622964998;752;109;1437;1445;12.04;0.73;167.82;3.64;685;3;456.00;8
754;3;622965012;754;107;1438;1445;12.15;0.74;168.35;3.65;684;3;457.00;7
757;3;622965023;757;108;1438;1445;12.18;0.74;168.88;3.65;681;3;458.00;7
763;3;622965035;763;112;1439;1446;12.24;0.74;169.17;3.64;676;3;459.00;7
764;3;622965049;764;112;1439;1446;12.25;0.74;169.27;3.64;675;3;460.00;7
767;3;622965062;767;113;1445;1452;12.24;0.74;169.17;3.67;678;3;461.00;7
769;3;622965075;769;116;1445;1452;12.18;0.74;169.24;3.67;676;3;462.00;7
773;3;622965086;773;115;1445;1453;12.05;0.73;169.29;3.67;672;3;463.00;8
777;3;622965099;777;118;1447;1453;11.88;0.72;169.23;3.70;670;3;464.00;6
778;3;622965110;778;125;1447;1453;11.77;0.71;169.24;3.70;669;3;465.00;6
780;3;622965120;780;126;1448;1453;11.53;0.70;169.48;3.70;668;3;466.00;5
783;3;622965130;783;128;1448;1453;11.35;0.69;169.66;3.70;665;3;467.00;5
784;3;622965139;784;131;1458;1465;11.25;0.69;169.77;3.68;674;3;468.00;7
785;3;622965150;785;137;1458;1465;11.18;0.68;169.69;3.68;673;3;469.00;7
789;3;622965160;789;140;1461;1465;11.16;0.68;169.52;3.70;672;3;470.00;4
790;3;622965170;790;146;1461;1465;11.18;0.68;169.53;3.70;671;3;471.00;4
793;3;622965179;793;154;1462;1465;11.10;0.68;169.40;3.71;669;3;472.00;3
794;3;622965188;794;161;1462;1465;11.06;0.68;169.33;3.71;668;3;473.00;3
796;3;622965197;796;169;1465;1469;10.95;0.67;169.30;3.70;669;3;474.00;4
798;3;622965208;798;180;1467;1469;10.93;0.67;169.50;3.72;669;3;475.00;2
800;3;622965218;800;184;1471;1473;10.92;0.67;169.36;3.71;671;3;476.00;2
801;3;622965228;801;187;1474;1474;10.91;0.67;169.38;3.71;673;3;477.00;0
804;3;622965238;804;197;1474;1474;10.75;0.66;169.43;3.71;670;3;478.00;0
806;3;622965249;806;204;1474;1474;10.53;0.64;169.16;3.71;668;3;479.00;0
808;3;622965260;808;218;1495;1500;10.33;0.63;169.10;3.66;687;3;480.00;5
810;3;622965274;810;217;1497;1500;10.13;0.62;169.16;3.66;687;3;481.00;3
811;3;622965284;811;225;1500;1500;9.95;0.61;169.10;3.65;689;3;482.00;0
814;3;622965294;814;234;1501;1501;9.81;0.60;169.37;3.65;687;3;483.00;0
816;3;622965304;816;237;1502;1502;9.70;0.59;169.28;3.65;686;3;484.00;0
817;3;622965314;817;240;1502;1502;9.58;0.59;169.33;3.65;685;3;485.00;0
817;3;622965325;817;242;1504;1505;9.47;0.58;169.33;3.65;687;3;486.00;1
818;3;622965341;818;249;1504;1505;9.33;0.57;169.41;3.65;686;3;487.00;1
820;3;622965350;820;255;1505;1505;9.21;0.57;169.30;3.64;685;3;488.00;0
824;3;622965360;824;255;1505;1505;9.11;0.56;169.48;3.64;681;3;489.00;0
826;3;622965369;826;253;1511;1511;9.01;0.55;169.57;3.63;685;3;490.00;0
828;3;622965379;828;256;1511;1511;8.86;0.54;169.48;3.63;683;3;491.00;0
831;3;622965388;831;253;1511;1511;8.66;0.53;169.34;3.63;680;3;492.00;0
833;3;622965396;833;257;1511;1511;8.47;0.52;169.41;3.63;678;3;493.00;0
834;3;622965404;834;264;1515;1515;8.33;0.51;169.37;3.63;681;3;494.00;0
836;3;622965412;836;263;1517;1517;8.24;0.50;169.20;3.62;681;3;495.00;0
837;3;622965420;837;273;1517;1517;8.17;0.50;169.21;3.62;680;3;496.00;0
838;3;622965427;838;274;1518;1518;8.17;0.50;169.09;3.62;680;3;497.00;0
843;3;622965436;843;280;1518;1518;8.14;0.50;168.78;3.62;675;3;498.00;0
845;3;622965444;845;282;1518;1518;8.11;0.50;168.51;3.62;673;3;499.00;0
849;3;622965452;849;284;1518;1518;8.08;0.50;168.43;3.62;669;3;500.00;0
851;3;622965464;851;287;1518;1518;8.05;0.49;168.48;3.62;667;3;501.00;0
853;3;622965473;853;285;1518;1518;7.93;0.49;168.67;3.62;665;3;502.00;0
858;3;622965481;858;282;1518;1518;7.76;0.47;168.51;3.62;660;3;503.00;0
862;3;622965488;862;291;1561;1588;7.77;0.48;169.03;3.52;699;3;504.00;27
864;3;622965502;864;286;1562;1589;7.71;0.47;169.51;3.52;698;3;505.00;27
867;3;622965511;867;277;1569;1589;7.64;0.47;169.66;3.51;702;3;506.00;20
870;3;622965520;870;279;1573;1589;7.51;0.46;169.99;3.51;703;3;507.00;16
873;3;622965528;873;279;1576;1589;7.38;0.46;170.51;3.51;703;3;508.00;13
877;3;622965537;877;274;1577;1589;7.21;0.44;171.01;3.51;700;3;509.00;12
879;3;622965545;879;272;1580;1589;7.16;0.44;171.10;3.52;701;3;510.00;9
883;3;622965557;883;269;1583;1589;7.11;0.44;171.67;3.52;700;3;511.00;6
884;3;622965565;884;264;1585;1590;7.09;0.44;171.94;3.53;701;3;512.00;5
886;3;622965574;886;263;1588;1591;7.05;0.43;172.40;3.54;702;3;513.00;3
887;3;622965581;887;262;1590;1591;7.06;0.43;172.37;3.54;703;3;514.00;1
890;3;622965589;890;263;1594;1595;7.09;0.44;172.55;3.54;704;3;515.00;1
892;3;622965599;892;271;1594;1595;7.10;0.44;172.82;3.54;702;3;516.00;1
896;3;622965607;896;271;1595;1595;7.13;0.44;172.81;3.54;699;3;517.00;0
896;3;622965615;896;267;1595;1595;7.28;0.45;172.81;3.54;699;3;518.00;0
899;3;622965624;899;268;1600;1601;7.40;0.45;173.54;3.53;701;3;519.00;1
902;3;622965633;902;267;1601;1601;7.47;0.46;174.02;3.53;699;3;520.00;0
903;3;622965642;903;266;1601;1601;7.50;0.46;173.92;3.53;698;3;521.00;0
908;3;622965651;908;266;1604;1604;7.48;0.46;174.64;3.52;696;3;522.00;0
912;3;622965659;912;254;1604;1604;7.43;0.46;175.23;3.52;692;3;523.00;0
915;3;622965668;915;240;1604;1604;7.47;0.46;175.41;3.52;689;3;524.00;0
918;3;622965678;918;238;1605;1605;7.44;0.46;175.78;3.52;687;3;525.00;0
921;3;622965687;921;237;1606;1606;7.54;0.46;175.53;3.52;685;3;526.00;0
925;3;622965702;925;235;1606;1606;7.58;0.46;175.63;3.52;681;3;527.00;0
930;3;622965711;930;237;1619;1619;7.75;0.47;176.06;3.49;689;3;528.00;0
934;3;622965723;934;239;1619;1619;7.77;0.47;175.78;3.49;685;3;529.00;0
938;3;622965740;938;237;1619;1619;7.83;0.48;175.98;3.49;681;3;530.00;0
942;3;622965749;942;237;1620;1620;7.93;0.48;175.98;3.49;678;3;531.00;0
944;4;622965758;944;237;1620;1620;7.97;0.48;176.12;3.49;676;4;532.00;0
945;4;622965776;945;238;1624;1624;8.11;0.49;176.39;3.48;679;4;533.00;0
947;4;622965789;947;234;1624;1624;8.16;0.50;176.92;3.48;677;4;534.00;0
951;4;622965799;951;233;1628;1628;8.21;0.50;177.33;3.48;677;4;535.00;0
953;4;622965809;953;228;1628;1628;8.19;0.50;177.55;3.48;675;4;536.00;0
958;4;622965824;958;228;1628;1628;8.14;0.49;177.91;3.48;670;4;537.00;0
960;4;622965833;960;226;1628;1628;8.11;0.49;177.98;3.48;668;4;538.00;0
963;4;622965843;963;222;1628;1628;8.13;0.49;177.88;3.48;665;4;539.00;0
966;4;622965854;966;224;1659;1662;8.28;0.50;178.26;3.41;693;4;540.00;3
968;4;622965868;968;226;1659;1662;8.33;0.51;178.54;3.41;691;4;541.00;3
969;4;622965878;969;216;1661;1662;8.41;0.51;178.84;3.41;692;4;542.00;1
972;4;622965888;972;210;1661;1662;8.44;0.52;179.17;3.41;689;4;543.00;1
975;4;622965898;975;206;1662;1662;8.42;0.51;179.15;3.41;687;4;544.00;0
978;4;622965909;978;210;1662;1662;8.44;0.52;179.16;3.41;684;4;545.00;0
981;4;622965919;981;208;1663;1663;8.41;0.51;179.23;3.41;682;4;546.00;0
987;4;622965931;987;205;1663;1663;8.40;0.51;179.02;3.41;676;4;547.00;0
990;4;622965943;990;206;1669;1669;8.37;0.51;178.78;3.40;679;4;548.00;0
995;4;622965955;995;209;1670;1670;8.25;0.50;179.04;3.40;675;4;549.00;0
998;4;622965967;998;211;1670;1670;8.19;0.50;179.47;3.40;672;4;550.00;0
1002;4;622965978;1002;213;1670;1670;8.18;0.50;179.43;3.40;668;4;551.00;0
1002;4;622965987;1002;212;1674;1674;8.25;0.50;179.43;3.39;672;4;552.00;0
1004;4;622965997;1004;207;1674;1674;8.34;0.51;179.60;3.39;670;4;553.00;0
1006;4;622966007;1006;205;1674;1674;8.40;0.51;179.70;3.39;668;4;554.00;0
1009;4;622966019;1009;204;1675;1675;8.43;0.51;179.70;3.39;666;4;555.00;0
1009;4;622966031;1009;209;1679;1679;8.53;0.52;179.70;3.38;670;4;556.00;0
1011;4;622966041;1011;196;1679;1679;8.62;0.53;179.81;3.38;668;4;557.00;0
1012;4;622966056;1012;188;1681;1682;8.72;0.53;179.86;3.38;669;4;558.00;1
1016;4;622966078;1016;184;1681;1682;8.77;0.53;179.97;3.38;665;4;559.00;1
1019;4;622966093;1019;181;1682;1682;8.82;0.54;180.10;3.38;663;4;560.00;0
1020;4;622966108;1020;181;1682;1682;8.95;0.55;180.14;3.38;662;4;561.00;0
1021;4;622966127;1021;177;1686;1686;9.11;0.55;180.10;3.37;665;4;562.00;0
1021;4;622966144;1021;175;1686;1686;9.30;0.57;180.10;3.37;665;4;563.00;0
1026;4;622966162;1026;174;1686;1686;9.38;0.57;180.23;3.37;660;4;564.00;0
1029;4;622966176;1029;168;1686;1686;9.50;0.58;180.46;3.37;657;4;565.00;0
1030;4;622966190;1030;153;1687;1687;9.56;0.58;180.55;3.37;657;4;566.00;0
1032;4;622966202;1032;148;1688;1688;9.69;0.59;181.25;3.37;656;4;567.00;0
1037;4;622966220;1037;140;1688;1688;9.74;0.59;181.69;3.37;651;4;568.00;0
1039;4;622966234;1039;135;1689;1689;9.85;0.60;181.78;3.37;650;4;569.00;0
1041;4;622966251;1041;130;1689;1689;9.88;0.60;182.29;3.37;648;4;570.00;0
1043;4;622966264;1043;123;1689;1689;10.00;0.61;182.67;3.37;646;4;571.00;0
1043;4;622966278;1043;123;1689;1689;10.19;0.62;182.67;3.37;646;4;572.00;0
1047;4;622966290;1047;122;1689;1689;10.38;0.63;183.43;3.37;642;4;573.00;0
1048;4;622966303;1048;111;1689;1689;10.52;0.64;183.47;3.37;641;4;574.00;0
1052;4;622966315;1052;110;1689;1689;10.72;0.65;183.84;3.37;637;4;575.00;0
1054;4;622966328;1054;128;1771;1816;10.64;0.65;184.41;3.21;717;4;576.00;45
1055;4;622966360;1055;119;1774;1817;10.78;0.66;184.66;3.21;719;4;577.00;43
1055;4;622966373;1055;108;1781;1817;10.99;0.68;184.66;3.20;726;4;578.00;36
1058;4;622966387;1058;103;1782;1817;11.04;0.68;184.85;3.20;724;4;579.00;35
1060;4;622966400;1060;100;1788;1817;11.17;0.69;185.27;3.21;728;4;580.00;29
1062;4;622966413;1062;102;1788;1817;11.21;0.69;185.19;3.21;726;4;581.00;29
1065;4;622966425;1065;105;1791;1817;11.25;0.69;185.40;3.21;726;4;582.00;26
1069;4;622966438;1069;109;1794;1817;11.29;0.69;185.47;3.22;725;4;583.00;23
1070;4;622966451;1070;113;1797;1818;11.26;0.69;185.65;3.23;727;4;584.00;21
1072;4;622966465;1072;113;1803;1820;11.21;0.69;185.78;3.24;731;4;585.00;17
1076;4;622966483;1076;116;1806;1820;11.16;0.68;186.06;3.25;730;4;586.00;14
1077;4;622966498;1077;123;1810;1821;11.08;0.68;186.21;3.26;733;4;587.00;11
1080;4;622966512;1080;132;1811;1821;11.09;0.68;186.46;3.27;731;4;588.00;10
1082;4;622966528;1082;132;1815;1821;11.16;0.68;186.80;3.29;733;4;589.00;6
1083;4;622966541;1083;133;1815;1821;11.25;0.69;187.06;3.29;732;4;590.00;6
1091;4;622966554;1091;131;1820;1825;11.27;0.69;187.18;3.29;729;4;591.00;5
1091;4;622966569;1091;133;1820;1825;11.39;0.70;187.18;3.29;729;4;592.00;5
1095;4;622966584;1095;132;1821;1825;11.46;0.70;187.84;3.29;726;4;593.00;4
1099;4;622966598;1099;132;1823;1828;11.53;0.70;188.10;3.30;724;4;594.00;5
1102;4;622966611;1102;134;1824;1828;11.65;0.71;188.37;3.31;722;4;595.00;4
1104;4;622966630;1104;134;1824;1828;11.78;0.72;188.52;3.31;720;4;596.00;4
1109;4;622966643;1109;136;1830;1832;11.77;0.72;189.04;3.32;721;4;597.00;2
1113;4;622966656;1113;133;1831;1833;11.86;0.72;189.22;3.32;718;4;598.00;2
1116;4;622966669;1116;135;1832;1833;11.93;0.72;189.69;3.32;716;4;599.00;1
1121;4;622966685;1121;140;1843;1859;11.86;0.72;190.37;3.30;722;4;600.00;16
1122;4;622966708;1122;135;1845;1859;11.97;0.73;190.71;3.30;723;4;601.00;14
1125;4;622966721;1125;139;1846;1859;12.02;0.73;191.28;3.30;721;4;602.00;13
1130;4;622966735;1130;139;1847;1860;12.10;0.74;191.36;3.30;717;4;603.00;13
1133;4;622966748;1133;142;1848;1860;12.21;0.74;191.78;3.30;715;4;604.00;12
1136;4;622966762;1136;143;1853;1866;12.22;0.74;192.06;3.29;717;4;605.00;13
1137;4;622966775;1137;149;1855;1866;12.26;0.75;192.22;3.29;718;4;606.00;11
1140;4;622966789;1140;147;1857;1867;12.28;0.75;192.67;3.30;717;4;607.00;10
1146;4;622966801;1146;148;1858;1867;12.19;0.74;193.36;3.30;712;4;608.00;9
1146;4;622966815;1146;140;1858;1867;12.18;0.74;193.36;3.30;712;4;609.00;9
1154;4;622966831;1154;138;1858;1867;12.18;0.74;193.83;3.30;704;4;610.00;9
1157;4;622966845;1157;134;1859;1867;12.16;0.74;194.21;3.30;702;4;611.00;8
1161;4;622966856;1161;126;1867;1879;12.15;0.74;194.37;3.29;706;4;612.00;12
1169;4;622966869;1169;121;1870;1879;12.12;0.74;195.10;3.29;701;4;613.00;9
1175;4;622966881;1175;115;1870;1879;12.08;0.73;195.01;3.29;695;4;614.00;9
1175;4;622966895;1175;111;1871;1879;12.16;0.74;195.01;3.29;696;4;615.00;8
1179;4;622966908;1179;110;1871;1879;12.19;0.74;195.33;3.29;692;4;616.00;8
1182;4;622966923;1182;109;1872;1879;12.18;0.74;195.44;3.30;690;4;617.00;7
1188;4;622966934;1188;103;1876;1883;12.19;0.74;195.40;3.29;688;4;618.00;7
1190;4;622966949;1190;99;1876;1883;12.23;0.74;195.44;3.29;686;4;619.00;7
1193;4;622966961;1193;100;1880;1887;12.24;0.74;195.36;3.30;687;4;620.00;7
1196;4;622966983;1196;101;1881;1888;12.34;0.75;195.49;3.29;685;4;621.00;7
1201;4;622966996;1201;96;1881;1888;12.27;0.74;195.59;3.29;680;4;622.00;7
1203;4;622967008;1203;102;1882;1888;12.32;0.75;195.47;3.30;679;4;623.00;6
1205;4;622967021;1205;103;1890;1901;12.33;0.75;195.68;3.29;685;4;624.00;11
1207;4;622967034;1207;104;1890;1901;12.39;0.75;195.78;3.29;683;4;625.00;11
1210;4;622967047;1210;106;1890;1901;12.48;0.76;195.59;3.29;680;4;626.00;11
1214;4;622967059;1214;111;1892;1902;12.46;0.76;195.93;3.29;678;4;627.00;10
1218;4;622967071;1218;113;1893;1903;12.41;0.75;195.91;3.30;675;4;628.00;10
1219;4;622967083;1219;113;1895;1903;12.35;0.75;196.02;3.33;676;4;629.00;8
1221;4;622967096;1221;117;1899;1909;12.31;0.75;196.11;3.32;678;4;630.00;10
1225;4;622967110;1225;118;1900;1909;12.19;0.74;196.20;3.32;675;4;631.00;9
1227;4;622967121;1227;125;1902;1909;12.19;0.74;196.28;3.32;675;4;632.00;7
1232;4;622967133;1232;127;1902;1909;12.15;0.74;196.35;3.32;670;4;633.00;7
1233;4;622967146;1233;130;1908;1915;12.11;0.74;196.35;3.33;675;4;634.00;7
1235;4;622967159;1235;131;1908;1915;12.13;0.74;196.27;3.33;673;4;635.00;7
1235;4;622967169;1235;131;1908;1915;12.10;0.74;196.27;3.33;673;4;636.00;7
1236;4;622967179;1236;134;1908;1915;12.00;0.73;196.22;3.33;672;4;637.00;7
1239;4;622967189;1239;139;1911;1919;11.93;0.73;196.17;3.33;672;4;638.00;8
1239;4;622967200;1239;148;1912;1920;11.84;0.72;196.17;3.32;673;4;639.00;8
1243;4;622967209;1243;156;1915;1920;11.65;0.71;196.06;3.36;672;4;640.00;5
1245;4;622967220;1245;160;1917;1921;11.54;0.70;196.02;3.36;672;4;641.00;4
1246;4;622967231;1246;164;1918;1921;11.37;0.69;195.95;3.37;672;4;642.00;3
1247;4;622967241;1247;175;1920;1921;11.23;0.68;195.96;3.38;673;4;643.00;1
1249;4;622967254;1249;183;1920;1921;11.10;0.67;195.84;3.38;671;4;644.00;1
1251;4;622967264;1251;189;1920;1921;11.01;0.67;195.64;3.38;669;4;645.00;1
1253;4;622967273;1253;195;1921;1921;10.86;0.66;195.55;3.38;668;4;646.00;0
1254;4;622967283;1254;200;1921;1921;10.73;0.65;195.54;3.38;667;4;647.00;0
1256;4;622967293;1256;209;1957;1991;10.60;0.65;195.56;3.32;701;4;648.00;34
1257;4;622967310;1257;209;1960;1992;10.42;0.64;195.68;3.32;703;4;649.00;32
1257;4;622967319;1257;212;1968;1992;10.32;0.63;195.68;3.31;711;4;650.00;24
1260;4;622967328;1260;215;1971;1992;10.11;0.62;195.62;3.31;711;4;651.00;21
1261;4;622967337;1261;219;1975;1992;9.94;0.61;195.51;3.31;714;4;652.00;17
1261;4;622967351;1261;221;1977;1992;9.89;0.61;195.51;3.31;716;4;653.00;15
1263;4;622967361;1263;226;1981;1992;9.81;0.60;195.46;3.32;718;4;654.00;11
1265;4;622967370;1265;231;1982;1992;9.67;0.59;195.29;3.32;717;4;655.00;10
1267;4;622967379;1267;229;1984;1993;9.57;0.59;195.06;3.33;717;4;656.00;9
1269;4;622967388;1269;235;1987;1994;9.47;0.58;195.09;3.33;718;4;657.00;7
1270;4;622967397;1270;238;1990;1994;9.27;0.57;195.04;3.34;720;4;658.00;4
1273;4;622967406;1273;243;1996;1998;9.03;0.55;194.73;3.34;723;4;659.00;2
1274;4;622967417;1274;246;1997;1998;8.85;0.54;194.64;3.35;723;4;660.00;1
1277;4;622967425;1277;247;1998;1998;8.70;0.53;194.62;3.35;721;4;661.00;0
1277;4;622967433;1277;248;1998;1998;8.58;0.53;194.62;3.35;721;4;662.00;0
1279;4;622967442;1279;251;2004;2004;8.54;0.52;194.64;3.34;725;4;663.00;0
1284;4;622967453;1284;254;2004;2004;8.48;0.52;194.37;3.34;720;4;664.00;0
1287;4;622967465;1287;256;2004;2004;8.43;0.51;194.15;3.34;717;4;665.00;0
1287;4;622967479;1287;261;2006;2007;8.44;0.52;194.15;3.34;719;4;666.00;1
1288;4;622967491;1288;264;2006;2007;8.37;0.51;194.15;3.34;718;4;667.00;1
1289;4;622967502;1289;271;2007;2007;8.23;0.50;194.10;3.34;718;4;668.00;0
1290;4;622967517;1290;275;2008;2008;8.08;0.49;194.05;3.34;718;4;669.00;0
1291;4;622967550;1291;281;2009;2009;7.95;0.49;194.02;3.34;718;4;670.00;0
1293;4;622967564;1293;279;2009;2009;7.81;0.48;193.92;3.34;716;4;671.00;0
1296;4;622967578;1296;285;2021;2022;7.68;0.47;194.08;3.32;725;4;672.00;1
1299;4;622967593;1299;285;2022;2022;7.59;0.47;193.72;3.31;723;4;673.00;0
1305;4;622967605;1305;289;2022;2022;7.46;0.46;194.04;3.31;717;4;674.00;0
1308;4;622967618;1308;277;2024;2024;7.40;0.45;193.79;3.31;716;4;675.00;0
1311;4;622967627;1311;265;2024;2024;7.32;0.45;194.13;3.31;713;4;676.00;0
1314;4;622967635;1314;265;2028;2028;7.32;0.45;194.27;3.31;714;4;677.00;0
1316;4;622967645;1316;260;2028;2028;7.29;0.45;194.51;3.31;712;4;678.00;0
1317;4;622967656;1317;257;2032;2032;7.24;0.44;194.60;3.30;715;4;679.00;0
1320;4;622967664;1320;239;2032;2032;7.16;0.44;194.51;3.30;712;4;680.00;0
1323;4;622967673;1323;232;2032;2032;7.13;0.44;194.80;3.30;709;4;681.00;0
1326;4;622967696;1326;223;2032;2032;7.19;0.44;194.88;3.30;706;4;682.00;0
1330;4;622967707;1330;223;2032;2032;7.20;0.44;195.03;3.30;702;4;683.00;0
1333;4;622967718;1333;220;2042;2044;7.36;0.45;195.31;3.29;709;4;684.00;2
1334;4;622967731;1334;221;2042;2044;7.52;0.46;195.46;3.29;708;4;685.00;2
1338;4;622967741;1338;218;2044;2044;7.66;0.47;195.83;3.28;706;4;686.00;0
1343;4;622967750;1343;214;2044;2044;7.77;0.48;196.02;3.28;701;4;687.00;0
1345;5;622967761;1345;202;2044;2044;7.87;0.48;196.30;3.28;699;5;688.00;0
1347;5;622967777;1347;196;2044;2044;7.99;0.49;196.44;3.28;697;5;689.00;0
1350;5;622967788;1350;191;2045;2045;8.09;0.50;196.74;3.28;695;5;690.00;0
1353;5;622967798;1353;190;2045;2045;8.17;0.50;197.18;3.28;692;5;691.00;0
1356;5;622967813;1356;188;2051;2051;8.23;0.50;197.31;3.28;695;5;692.00;0
1358;5;622967824;1358;188;2052;2052;8.28;0.51;197.70;3.28;694;5;693.00;0
1361;5;622967834;1361;190;2052;2052;8.30;0.51;197.87;3.28;691;5;694.00;0
1365;5;622967844;1365;185;2052;2052;8.28;0.51;197.84;3.28;687;5;695.00;0
1367;5;622967855;1367;189;2056;2056;8.31;0.51;198.27;3.27;689;5;696.00;0
1372;5;622967869;1372;186;2056;2056;8.24;0.50;198.48;3.27;684;5;697.00;0
1376;5;622967879;1376;187;2056;2056;8.20;0.50;198.58;3.27;680;5;698.00;0
1382;5;622967888;1382;185;2057;2057;8.24;0.50;198.61;3.27;675;5;699.00;0
1387;5;622967899;1387;188;2061;2061;8.27;0.50;198.92;3.26;674;5;700.00;0
1394;5;622967914;1394;181;2061;2061;8.24;0.50;198.80;3.26;667;5;701.00;0
1397;5;622967925;1397;183;2063;2064;8.37;0.51;198.64;3.26;666;5;702.00;1
1402;5;622967941;1402;184;2063;2064;8.44;0.51;198.67;3.26;661;5;703.00;1
1407;5;622967951;1407;179;2064;2064;8.53;0.52;198.82;3.26;657;5;704.00;0
1410;5;622967961;1410;182;2064;2064;8.57;0.52;198.72;3.26;654;5;705.00;0
1413;5;622967972;1413;177;2068;2068;8.64;0.52;199.03;3.26;655;5;706.00;0
1417;5;622967985;1417;178;2068;2068;8.63;0.52;199.41;3.26;651;5;707.00;0
1419;5;622967998;1419;176;2068;2068;8.66;0.53;199.43;3.26;649;5;708.00;0
1423;5;622968013;1423;174;2068;2068;8.63;0.52;199.66;3.26;645;5;709.00;0
1424;5;622968026;1424;175;2069;2069;8.60;0.52;199.71;3.25;645;5;710.00;0
1428;5;622968039;1428;180;2070;2070;8.59;0.52;199.95;3.25;642;5;711.00;0
1430;5;622968049;1430;179;2070;2070;8.68;0.53;200.10;3.25;640;5;712.00;0
1433;5;622968063;1433;185;2071;2071;8.71;0.53;200.20;3.25;638;5;713.00;0
1439;5;622968078;1439;187;2071;2071;8.68;0.53;200.33;3.25;632;5;714.00;0
1444;5;622968096;1444;188;2071;2071;8.68;0.53;200.50;3.25;627;5;715.00;0
1446;5;622968112;1446;192;2071;2071;8.64;0.53;200.70;3.25;625;5;716.00;0
1450;5;622968128;1450;192;2071;2071;8.54;0.52;200.80;3.25;621;5;717.00;0
1452;5;622968148;1452;194;2071;2071;8.50;0.52;201.01;3.25;619;5;718.00;0
1455;5;622968162;1455;190;2071;2071;8.48;0.51;201.17;3.25;616;5;719.00;0
1458;5;622968180;1458;225;2192;2301;8.64;0.54;201.19;3.07;734;5;720.00;109
1462;5;622968228;1462;220;2202;2302;8.61;0.54;201.35;3.06;740;5;721.00;100
1464;5;622968244;1464;200;2215;2302;8.77;0.55;201.52;3.06;751;5;722.00;87
1466;5;622968255;1466;196;2222;2302;8.80;0.55;201.71;3.06;756;5;723.00;80
1470;5;622968266;1470;200;2233;2302;8.78;0.55;201.88;3.06;763;5;724.00;69
1471;5;622968276;1471;194;2236;2302;8.81;0.55;201.90;3.06;765;5;725.00;66
1475;5;622968287;1475;198;2243;2302;8.79;0.55;202.08;3.07;768;5;726.00;59
1479;5;622968297;1479;189;2249;2302;8.77;0.55;202.53;3.08;770;5;727.00;53
1481;5;622968307;1481;182;2256;2303;8.74;0.54;202.60;3.10;775;5;728.00;47
1487;5;622968318;1487;183;2259;2304;8.71;0.54;202.70;3.11;772;5;729.00;45
1489;5;622968333;1489;183;2265;2304;8.70;0.54;202.63;3.13;776;5;730.00;39
1492;5;622968344;1492;188;2268;2305;8.65;0.54;202.80;3.13;776;5;731.00;37
1494;5;622968355;1494;200;2270;2305;8.66;0.54;203.22;3.14;776;5;732.00;35
1499;5;622968366;1499;208;2272;2305;8.60;0.53;203.24;3.15;773;5;733.00;33
1500;5;622968382;1500;211;2274;2305;8.61;0.53;203.47;3.16;774;5;734.00;31
1502;5;622968393;1502;220;2278;2309;8.58;0.53;203.70;3.17;776;5;735.00;31
1502;5;622968411;1502;220;2279;2309;8.65;0.53;203.70;3.17;777;5;736.00;30
1504;5;622968422;1504;212;2281;2309;8.75;0.54;203.84;3.18;777;5;737.00;28
1506;5;622968433;1506;206;2282;2312;8.85;0.55;204.06;3.19;776;5;738.00;30
1508;5;622968446;1508;204;2283;2312;8.91;0.55;204.24;3.20;775;5;739.00;29
1510;5;622968463;1510;197;2284;2312;9.00;0.55;204.28;3.20;774;5;740.00;28
1516;5;622968475;1516;193;2289;2316;9.12;0.56;204.37;3.21;773;5;741.00;27
1519;5;622968490;1519;194;2290;2317;9.38;0.58;204.46;3.21;771;5;742.00;27
1522;5;622968503;1522;190;2291;2317;9.59;0.59;204.61;3.21;769;5;743.00;26
1525;5;622968515;1525;190;2295;2321;9.76;0.60;204.70;3.21;770;5;744.00;26
1527;5;622968527;1527;183;2296;2321;9.95;0.61;204.70;3.21;769;5;745.00;25
1530;5;622968539;1530;182;2297;2321;10.12;0.62;204.87;3.21;767;5;746.00;24
1532;5;622968551;1532;179;2298;2322;10.23;0.62;204.86;3.22;766;5;747.00;24
1535;5;622968563;1535;174;2299;2322;10.42;0.64;204.98;3.23;764;5;748.00;23
1535;5;622968574;1535;167;2305;2328;10.55;0.64;204.98;3.23;770;5;749.00;23
1540;5;622968587;1540;167;2305;2328;10.69;0.65;205.05;3.23;765;5;750.00;23
1543;5;622968600;1543;162;2307;2329;10.81;0.66;205.18;3.25;764;5;751.00;22
1544;5;622968612;1544;162;2308;2329;10.88;0.66;205.24;3.25;764;5;752.00;21
1547;5;622968623;1547;155;2308;2329;10.96;0.67;205.55;3.25;761;5;753.00;21
1551;5;622968635;1551;155;2309;2329;11.08;0.68;205.64;3.26;758;5;754.00;20
1557;5;622968646;1557;157;2310;2329;11.17;0.68;206.17;3.28;753;5;755.00;19
1557;5;622968664;1557;156;2320;2341;11.20;0.68;206.17;3.28;763;5;756.00;21
1560;5;622968676;1560;152;2320;2341;11.22;0.68;206.35;3.28;760;5;757.00;21
1563;5;622968689;1563;150;2323;2341;11.29;0.69;206.36;3.31;760;5;758.00;18
1567;5;622968702;1567;148;2324;2341;11.38;0.69;206.73;3.32;757;5;759.00;17
1568;5;622968714;1568;148;2325;2341;11.50;0.70;206.83;3.33;757;5;760.00;16
1570;5;622968726;1570;146;2326;2341;11.67;0.71;206.72;3.33;756;5;761.00;15
1574;5;622968739;1574;148;2332;2345;11.69;0.71;206.83;3.35;758;5;762.00;13
1577;5;622968751;1577;149;2333;2345;11.80;0.72;207.00;3.35;756;5;763.00;12
1581;6;622968762;1581;149;2337;2349;11.87;0.72;207.09;3.37;756;6;764.00;12
1583;6;622968781;1583;150;2339;2351;11.87;0.72;207.22;3.36;756;6;765.00;12
1585;6;622968792;1585;151;2341;2351;11.85;0.72;207.37;3.37;756;6;766.00;10
1590;6;622968803;1590;155;2342;2351;11.83;0.72;207.45;3.38;752;6;767.00;9
1593;6;622968814;1593;158;2352;2364;11.74;0.72;207.74;3.37;759;6;768.00;12
1596;6;622968826;1596;162;2352;2364;11.80;0.72;207.74;3.37;756;6;769.00;12
1603;6;622968837;1603;160;2352;2364;11.78;0.72;208.00;3.37;749;6;770.00;12
1605;6;622968849;1605;161;2353;2365;11.80;0.72;208.08;3.37;748;6;771.00;12
1610;6;622968859;1610;163;2353;2366;11.85;0.72;208.11;3.37;743;6;772.00;13
1613;6;622968870;1613;162;2353;2366;11.82;0.72;208.24;3.37;740;6;773.00;13
1615;6;622968881;1615;162;2355;2369;11.82;0.72;208.49;3.37;740;6;774.00;14
1617;6;622968892;1617;163;2355;2369;11.82;0.72;208.51;3.37;738;6;775.00;14
1619;6;622968903;1619;163;2356;2369;11.75;0.72;208.72;3.37;737;6;776.00;13
1622;6;622968914;1622;166;2356;2369;11.69;0.71;208.93;3.37;734;6;777.00;13
1624;6;622968924;1624;172;2361;2375;11.69;0.71;208.89;3.36;737;6;778.00;14
1627;6;622968935;1627;171;2361;2375;11.59;0.71;209.02;3.36;734;6;779.00;14
1633;6;622968948;1633;174;2361;2375;11.48;0.70;209.14;3.36;728;6;780.00;14
1637;6;622968959;1637;178;2361;2375;11.40;0.69;208.93;3.36;724;6;781.00;14
1641;6;622968970;1641;174;2364;2379;11.36;0.69;209.15;3.36;723;6;782.00;15
1644;6;622968983;1644;170;2365;2380;11.28;0.69;209.14;3.36;721;6;783.00;15
1646;6;622968997;1646;166;2365;2380;11.18;0.68;209.29;3.36;719;6;784.00;15
1650;6;622969008;1650;164;2368;2381;11.08;0.68;209.31;3.36;718;6;785.00;13
1654;6;622969018;1654;162;2368;2381;11.03;0.67;209.28;3.36;714;6;786.00;13
1658;6;622969027;1658;167;2368;2381;11.02;0.67;209.53;3.36;710;6;787.00;13
1662;6;622969038;1662;164;2368;2381;11.04;0.67;209.41;3.36;706;6;788.00;13
1666;6;622969048;1666;161;2368;2381;11.01;0.67;209.75;3.36;702;6;789.00;13
1666;6;622969064;1666;159;2368;2381;11.02;0.67;209.75;3.36;702;6;790.00;13
1668;6;622969074;1668;156;2368;2381;11.11;0.68;209.69;3.36;700;6;791.00;13
1670;6;622969084;1670;165;2400;2451;11.17;0.68;209.68;3.32;730;6;792.00;51
1673;6;622969100;1673;164;2401;2452;11.13;0.68;209.51;3.32;728;6;793.00;51
1674;6;622969110;1674;162;2409;2452;11.13;0.68;209.58;3.31;735;6;794.00;43
1676;7;622969120;1676;161;2412;2452;11.10;0.68;209.60;3.31;736;7;795.00;40
1679;7;622969141;1679;161;2414;2452;11.12;0.68;209.81;3.31;735;7;796.00;38
1687;7;622969156;1687;165;2419;2452;10.98;0.67;210.18;3.35;732;7;797.00;33
1688;7;622969166;1688;168;2422;2452;10.88;0.67;210.11;3.35;734;7;798.00;30
1691;7;622969175;1691;168;2424;2452;10.81;0.66;209.99;3.35;733;7;799.00;28
1694;7;622969185;1694;172;2429;2453;10.67;0.65;210.09;3.39;735;7;800.00;24
1699;7;622969198;1699;172;2431;2454;10.59;0.65;209.82;3.40;732;7;801.00;23
1701;7;622969208;1701;178;2434;2454;10.46;0.64;209.78;3.44;733;7;802.00;20
1702;7;622969217;1702;184;2441;2458;10.26;0.63;209.70;3.44;739;7;803.00;17
1704;7;622969227;1704;186;2442;2458;10.12;0.62;209.61;3.47;738;7;804.00;16
1707;7;622969236;1707;193;2442;2458;9.98;0.61;209.59;3.47;735;7;805.00;16
1710;7;622969245;1710;194;2443;2458;9.84;0.60;209.53;3.51;733;7;806.00;15
1714;7;622969254;1714;199;2448;2464;9.79;0.60;209.28;3.50;734;7;807.00;16
1715;7;622969264;1715;210;2448;2464;9.68;0.59;209.21;3.50;733;7;808.00;16
1718;7;622969272;1718;219;2449;2464;9.54;0.58;209.02;3.54;731;7;809.00;15
1721;7;622969283;1721;227;2455;2470;9.48;0.58;208.81;3.55;734;7;810.00;15
1722;7;622969293;1722;239;2456;2470;9.38;0.57;208.70;3.59;734;7;811.00;14
1725;7;622969301;1725;245;2459;2470;9.23;0.56;208.60;3.62;734;7;812.00;11
1726;7;622969310;1726;248;2461;2471;9.10;0.55;208.62;3.64;735;7;813.00;10
1727;7;622969319;1727;251;2462;2472;9.05;0.55;208.65;3.64;735;7;814.00;10
1729;7;622969327;1729;260;2464;2472;8.94;0.54;208.64;3.67;735;7;815.00;8
1733;7;622969341;1733;267;2474;2485;8.79;0.54;208.33;3.67;741;7;816.00;11
1734;7;622969351;1734;270;2475;2485;8.72;0.53;208.23;3.69;741;7;817.00;10
1735;7;622969359;1735;277;2475;2485;8.65;0.53;208.25;3.69;740;7;818.00;10
1738;7;622969367;1738;286;2478;2486;8.60;0.53;208.13;3.70;740;7;819.00;8
1740;7;622969375;1740;291;2479;2486;8.58;0.53;208.00;3.72;739;7;820.00;7
1744;7;622969383;1744;295;2484;2490;8.54;0.52;207.87;3.72;740;7;821.00;6
1746;7;622969392;1746;299;2486;2490;8.52;0.52;207.77;3.73;740;7;822.00;4
1751;7;622969400;1751;304;2490;2494;8.49;0.52;207.66;3.73;739;7;823.00;4
1752;7;622969409;1752;310;2492;2494;8.43;0.51;207.61;3.74;740;7;824.00;2
1753;7;622969417;1753;313;2493;2494;8.33;0.51;207.60;3.74;740;7;825.00;1
1755;7;622969425;1755;320;2494;2494;8.20;0.50;207.63;3.74;739;7;826.00;0
1756;7;622969432;1756;308;2494;2494;8.08;0.50;207.53;3.74;738;7;827.00;0
1758;7;622969440;1758;302;2505;2506;8.02;0.49;207.49;3.73;747;7;828.00;1
1759;7;622969449;1759;297;2505;2506;7.94;0.49;207.39;3.73;746;7;829.00;1
1760;7;622969457;1760;294;2506;2506;7.96;0.49;207.35;3.73;746;7;830.00;0
1760;7;622969466;1760;293;2506;2506;7.96;0.49;207.35;3.73;746;7;831.00;0
1761;7;622969475;1761;293;2506;2506;7.95;0.49;207.34;3.73;745;7;832.00;0
1763;8;622969483;1763;287;2506;2506;7.98;0.49;207.31;3.73;743;8;833.00;0
1763;8;622969502;1763;288;2507;2507;8.02;0.49;207.31;3.72;744;8;834.00;0
1765;8;622969511;1765;290;2507;2507;7.97;0.49;207.26;3.72;742;8;835.00;0
1765;8;622969525;1765;286;2513;2513;8.02;0.49;207.26;3.72;748;8;836.00;0
1766;8;622969535;1766;286;2514;2514;8.03;0.49;207.21;3.72;748;8;837.00;0
1768;8;622969543;1768;281;2514;2514;8.01;0.49;207.15;3.72;746;8;838.00;0
1768;8;622969552;1768;284;2514;2514;8.01;0.49;207.15;3.72;746;8;839.00;0
1770;8;622969562;1770;282;2519;2519;8.09;0.50;207.11;3.71;749;8;840.00;0
1771;8;622969571;1771;280;2519;2519;8.05;0.49;207.00;3.71;748;8;841.00;0
1775;8;622969579;1775;284;2519;2519;7.98;0.49;206.94;3.71;744;8;842.00;0
1775;8;622969587;1775;284;2520;2520;7.92;0.49;206.94;3.71;745;8;843.00;0
1780;8;622969596;1780;279;2524;2524;7.81;0.48;207.01;3.70;744;8;844.00;0
1784;8;622969605;1784;279;2524;2524;7.73;0.47;207.06;3.70;740;8;845.00;0
1786;8;622969613;1786;280;2526;2527;7.66;0.47;207.14;3.70;740;8;846.00;1
1787;8;622969621;1787;283;2527;2527;7.64;0.47;207.21;3.70;740;8;847.00;0
1792;8;622969629;1792;285;2527;2527;7.53;0.46;207.31;3.70;735;8;848.00;0
1794;8;622969637;1794;280;2527;2527;7.48;0.46;207.39;3.70;733;8;849.00;0
1799;8;622969645;1799;263;2531;2531;7.42;0.45;207.74;3.70;732;8;850.00;0
1802;8;622969654;1802;251;2531;2531;7.42;0.45;208.01;3.70;729;8;851.00;0
1805;8;622969662;1805;243;2531;2531;7.38;0.45;208.18;3.70;726;8;852.00;0
1810;8;622969669;1810;233;2531;2531;7.36;0.45;208.72;3.70;721;8;853.00;0
1813;8;622969678;1813;229;2532;2532;7.42;0.46;208.99;3.69;719;8;854.00;0
1816;8;622969686;1816;224;2534;2534;7.55;0.46;209.02;3.69;718;8;855.00;0
1820;8;622969695;1820;225;2534;2534;7.68;0.47;209.24;3.69;714;8;856.00;0
1826;8;622969703;1826;214;2535;2535;7.79;0.48;209.25;3.69;709;8;857.00;0
1828;8;622969711;1828;212;2535;2535;7.92;0.49;209.34;3.69;707;8;858.00;0
1832;8;622969720;1832;203;2535;2535;8.04;0.49;209.53;3.69;703;8;859.00;0
1836;8;622969728;1836;194;2535;2535;8.06;0.49;209.95;3.69;699;8;860.00;0
1840;8;622969737;1840;188;2535;2535;8.16;0.50;210.01;3.69;695;8;861.00;0
1843;8;622969746;1843;181;2535;2535;8.23;0.50;210.07;3.69;692;8;862.00;0
1846;8;622969754;1846;174;2535;2535;8.33;0.51;210.40;3.69;689;8;863.00;0
1849;8;622969763;1849;182;2613;2662;8.56;0.53;210.59;3.58;764;8;864.00;49
1854;8;622969781;1854;179;2617;2663;8.60;0.53;210.56;3.58;763;8;865.00;46
1860;8;622969790;1860;179;2624;2663;8.62;0.53;210.68;3.57;764;8;866.00;39
1862;8;622969800;1862;177;2624;2663;8.71;0.54;210.70;3.57;762;8;867.00;39
1868;8;622969809;1868;175;2629;2663;8.71;0.54;210.77;3.57;761;8;868.00;34
1872;8;622969819;1872;180;2630;2663;8.60;0.53;210.87;3.57;758;8;869.00;33
1875;8;622969830;1875;180;2634;2663;8.58;0.53;210.88;3.58;759;8;870.00;29
1880;8;622969840;1880;185;2635;2663;8.58;0.53;210.92;3.58;755;8;871.00;28
1883;8;622969849;1883;187;2638;2664;8.55;0.53;211.12;3.58;755;8;872.00;26
1886;8;622969859;1886;195;2642;2665;8.53;0.53;211.07;3.59;756;8;873.00;23
1889;8;622969869;1889;195;2645;2665;8.54;0.53;211.13;3.60;756;8;874.00;20
1893;8;622969878;1893;199;2648;2666;8.50;0.52;211.66;3.60;755;8;875.00;18
1897;8;622969888;1897;211;2654;2666;8.45;0.52;211.64;3.62;757;8;876.00;12
1903;8;622969897;1903;213;2656;2666;8.46;0.52;211.75;3.63;753;8;877.00;10
1907;8;622969907;1907;216;2657;2666;8.43;0.52;211.67;3.63;750;8;878.00;9
1912;8;622969917;1912;217;2663;2670;8.39;0.51;211.84;3.64;751;8;879.00;7
1914;8;622969928;1914;216;2664;2670;8.44;0.52;211.80;3.65;750;8;880.00;6
1919;8;622969938;1919;208;2666;2670;8.44;0.52;212.14;3.65;747;8;881.00;4
1924;8;622969948;1924;203;2668;2673;8.41;0.52;212.29;3.65;744;8;882.00;5
1925;8;622969958;1925;201;2669;2673;8.43;0.52;212.37;3.65;744;8;883.00;4
1927;8;622969967;1927;205;2670;2673;8.43;0.52;212.49;3.66;743;8;884.00;3
1931;8;622969983;1931;208;2675;2677;8.44;0.52;212.64;3.66;744;8;885.00;2
1936;8;622969994;1936;209;2677;2678;8.45;0.52;212.69;3.67;741;8;886.00;1
1938;8;622970004;1938;211;2677;2678;8.44;0.52;212.74;3.67;739;8;887.00;1
1941;8;622970013;1941;215;2681;2682;8.45;0.52;212.69;3.66;740;8;888.00;1
1944;8;622970023;1944;212;2681;2682;8.46;0.52;212.69;3.66;737;8;889.00;1
1948;8;622970033;1948;210;2682;2682;8.48;0.52;212.47;3.66;734;8;890.00;0
1952;8;622970042;1952;208;2683;2683;8.50;0.52;212.42;3.66;731;8;891.00;0
1955;8;622970052;1955;206;2683;2683;8.59;0.52;212.68;3.66;728;8;892.00;0
1956;8;622970066;1956;205;2689;2689;8.73;0.53;212.87;3.65;733;8;893.00;0
1957;8;622970079;1957;203;2689;2689;8.82;0.54;213.00;3.65;732;8;894.00;0
1958;8;622970097;1958;204;2690;2690;8.90;0.54;213.07;3.65;732;8;895.00;0
1962;8;622970112;1962;207;2690;2690;8.92;0.54;213.29;3.65;728;8;896.00;0
1965;8;622970128;1965;194;2690;2690;8.92;0.54;213.68;3.65;725;8;897.00;0
1966;8;622970144;1966;183;2690;2690;9.03;0.55;213.70;3.65;724;8;898.00;0
1970;8;622970160;1970;183;2690;2690;9.05;0.55;213.83;3.65;720;8;899.00;0
1974;8;622970178;1974;185;2720;2736;9.06;0.55;213.80;3.61;746;8;900.00;16
1976;8;622970201;1976;175;2720;2736;9.19;0.56;214.05;3.61;744;8;901.00;16
1981;8;622970213;1981;176;2725;2736;9.24;0.56;214.14;3.61;744;8;902.00;11
1985;8;622970224;1985;173;2725;2736;9.33;0.57;214.10;3.61;740;8;903.00;11
1987;8;622970236;1987;172;2727;2736;9.43;0.58;214.15;3.61;740;8;904.00;9
1990;8;622970247;1990;171;2727;2736;9.50;0.58;214.31;3.61;737;8;905.00;9
1991;8;622970259;1991;162;2732;2740;9.52;0.58;214.47;3.61;741;8;906.00;8
1992;8;622970270;1992;150;2734;2740;9.58;0.59;214.46;3.61;742;8;907.00;6
1996;8;622970281;1996;139;2737;2744;9.65;0.59;214.53;3.61;741;8;908.00;7
2000;8;622970292;2000;141;2738;2745;9.67;0.59;214.80;3.61;738;8;909.00;7
2003;8;622970304;2003;135;2738;2745;9.74;0.59;214.92;3.61;735;8;910.00;7
2004;8;622970316;2004;131;2738;2745;9.76;0.60;215.06;3.61;734;8;911.00;7
2007;8;622970327;2007;132;2751;2758;9.79;0.60;215.14;3.59;744;8;912.00;7
2009;8;622970339;2009;132;2752;2758;9.82;0.60;215.19;3.60;743;8;913.00;6
2012;8;622970351;2012;129;2752;2758;9.90;0.60;215.17;3.60;740;8;914.00;6
2014;8;622970362;2014;124;2753;2759;10.02;0.61;215.31;3.60;739;8;915.00;6
2016;8;622970372;2016;123;2754;2760;10.09;0.61;215.22;3.59;738;8;916.00;6
2019;8;622970384;2019;123;2754;2760;10.08;0.61;215.27;3.59;735;8;917.00;6
2022;8;622970395;2022;124;2758;2763;10.12;0.61;215.42;3.60;736;8;918.00;5
2023;8;622970406;2023;126;2758;2763;10.09;0.61;215.52;3.60;735;8;919.00;5
2028;8;622970417;2028;132;2759;2763;10.04;0.61;215.79;3.60;731;8;920.00;4
2030;8;622970428;2030;126;2759;2763;10.03;0.61;215.85;3.60;729;8;921.00;4
2033;8;622970438;2033;128;2764;2769;9.98;0.61;216.07;3.60;731;8;922.00;5
2036;8;622970449;2036;129;2766;2769;9.95;0.60;216.03;3.61;730;8;923.00;3
2038;8;622970459;2038;128;2767;2769;9.96;0.61;216.14;3.61;729;8;924.00;2
2041;8;622970471;2041;135;2767;2769;10.03;0.61;216.40;3.61;726;8;925.00;2
2041;8;622970482;2041;137;2771;2773;10.08;0.61;216.40;3.61;730;8;926.00;2
2045;8;622970493;2045;132;2774;2774;10.18;0.62;216.50;3.62;729;8;927.00;0
2047;9;622970505;2047;140;2774;2774;10.26;0.62;216.44;3.62;727;9;928.00;0
2049;9;622970527;2049;142;2775;2775;10.41;0.63;216.63;3.62;726;9;929.00;0
2051;9;622970540;2051;150;2775;2775;10.49;0.64;216.70;3.62;724;9;930.00;0
2055;9;622970550;2055;154;2775;2775;10.53;0.64;216.83;3.62;720;9;931.00;0
2059;9;622970561;2059;153;2775;2775;10.54;0.64;216.64;3.62;716;9;932.00;0
2061;9;622970572;2061;156;2775;2775;10.64;0.65;216.69;3.62;714;9;933.00;0
2065;9;622970582;2065;154;2775;2775;10.63;0.65;216.55;3.62;710;9;934.00;0
2067;9;622970592;2067;160;2775;2775;10.73;0.65;216.68;3.62;708;9;935.00;0
2071;9;622970603;2071;170;2811;2845;10.54;0.64;216.56;3.57;740;9;936.00;34
2072;9;622970626;2072;164;2811;2846;10.59;0.65;216.56;3.57;739;9;937.00;35
2074;9;622970637;2074;164;2817;2846;10.64;0.65;216.68;3.57;743;9;938.00;29
2078;9;622970648;2078;166;2820;2846;10.67;0.65;216.76;3.56;742;9;939.00;26
2081;9;622970658;2081;166;2823;2846;10.67;0.65;216.98;3.57;742;9;940.00;23
2083;9;622970669;2083;163;2826;2846;10.74;0.65;216.97;3.57;743;9;941.00;20
2086;9;622970679;2086;169;2828;2846;10.82;0.66;216.89;3.57;742;9;942.00;18
2089;9;622970690;2089;175;2830;2846;10.87;0.66;217.04;3.57;741;9;943.00;16
2090;9;622970700;2090;174;2832;2847;10.93;0.66;217.02;3.57;742;9;944.00;15
2095;9;622970710;2095;174;2835;2849;10.90;0.66;217.18;3.58;740;9;945.00;14
2098;9;622970720;2098;178;2838;2849;10.90;0.66;217.23;3.58;740;9;946.00;11
2100;9;622970731;2100;185;2844;2853;10.91;0.67;217.25;3.59;744;9;947.00;9
2104;9;622970741;2104;185;2845;2853;10.88;0.66;217.09;3.59;741;9;948.00;8
2107;9;622970751;2107;187;2845;2853;10.81;0.66;217.00;3.59;738;9;949.00;8
2112;9;622970770;2112;189;2845;2853;10.74;0.65;216.95;3.59;733;9;950.00;8
2117;9;622970779;2117;191;2849;2859;10.67;0.65;216.89;3.58;732;9;951.00;10
2120;9;622970789;2120;188;2849;2859;10.61;0.65;216.96;3.58;729;9;952.00;10
2125;9;622970805;2125;189;2849;2859;10.58;0.64;216.84;3.58;724;9;953.00;10
2128;9;622970815;2128;187;2851;2862;10.57;0.64;216.74;3.58;723;9;954.00;11
2128;9;622970825;2128;190;2855;2862;10.54;0.64;216.74;3.60;727;9;955.00;7
2134;9;622970834;2134;188;2856;2862;10.45;0.64;216.70;3.60;722;9;956.00;6
2136;9;622970844;2136;195;2856;2863;10.40;0.63;216.58;3.60;720;9;957.00;7
2139;9;622970859;2139;193;2857;2864;10.34;0.63;216.51;3.60;718;9;958.00;7
2144;9;622970868;2144;196;2857;2864;10.28;0.62;216.26;3.60;713;9;959.00;7
2145;9;622970879;2145;202;2875;2890;10.19;0.62;216.21;3.58;730;9;960.00;15
2147;9;622970891;2147;201;2875;2890;10.10;0.62;216.13;3.58;728;9;961.00;15
2151;9;622970900;2151;207;2878;2890;10.07;0.61;215.95;3.58;727;9;962.00;12
2153;9;622970910;2153;211;2880;2891;10.07;0.61;215.90;3.57;727;9;963.00;11
2157;9;622970919;2157;211;2880;2891;10.01;0.61;215.80;3.57;723;9;964.00;11
2160;9;622970928;2160;215;2883;2895;9.99;0.61;215.68;3.57;723;9;965.00;12
2165;9;622970939;2165;217;2883;2895;9.98;0.61;215.52;3.57;718;9;966.00;12
2167;9;622970948;2167;225;2887;2899;9.93;0.60;215.43;3.57;720;9;967.00;12
2168;9;622970959;2168;224;2887;2899;9.85;0.60;215.34;3.57;719;9;968.00;12
2171;9;622970967;2171;228;2887;2899;9.78;0.59;215.33;3.57;716;9;969.00;12
2172;9;622970977;2172;233;2888;2899;9.67;0.59;215.35;3.57;716;9;970.00;11
2174;9;622970986;2174;235;2890;2899;9.51;0.58;215.34;3.59;716;9;971.00;9
2174;9;622970994;2174;243;2900;2911;9.44;0.57;215.34;3.58;726;9;972.00;11
2174;9;622971003;2174;249;2901;2911;9.33;0.57;215.34;3.58;727;9;973.00;10
2175;9;622971012;2175;252;2902;2911;9.24;0.56;215.38;3.59;727;9;974.00;9
2176;9;622971020;2176;257;2903;2911;9.13;0.56;215.37;3.60;727;9;975.00;8
2180;9;622971029;2180;263;2904;2911;9.01;0.55;215.31;3.60;724;9;976.00;7
2180;9;622971037;2180;268;2904;2911;8.93;0.54;215.31;3.60;724;9;977.00;7
2181;9;622971045;2181;276;2904;2912;8.83;0.54;215.29;3.60;723;9;978.00;8
2182;9;622971053;2182;271;2905;2912;8.73;0.53;215.50;3.61;723;9;979.00;7
2183;9;622971063;2183;265;2911;2918;8.74;0.53;215.45;3.62;728;9;980.00;7
2183;9;622971072;2183;257;2912;2919;8.80;0.54;215.45;3.62;729;9;981.00;7
2184;9;622971081;2184;258;2913;2919;8.85;0.54;215.47;3.62;729;9;982.00;6
2184;9;622971089;2184;255;2914;2919;8.90;0.55;215.47;3.62;730;9;983.00;5
2188;9;622971098;2188;257;2917;2923;8.91;0.55;215.38;3.62;729;9;984.00;6
2189;9;622971108;2189;256;2918;2923;8.89;0.54;215.37;3.63;729;9;985.00;5
2192;9;622971118;2192;260;2918;2923;8.79;0.54;215.28;3.63;726;9;986.00;5
2195;9;622971127;2195;267;2921;2924;8.82;0.54;215.31;3.64;726;9;987.00;3
2196;10;622971135;2196;268;2925;2928;8.77;0.54;215.23;3.64;729;10;988.00;3
2199;10;622971155;2199;268;2926;2928;8.74;0.53;215.15;3.65;727;10;989.00;2
2203;10;622971165;2203;267;2931;2934;8.73;0.53;215.10;3.64;728;10;990.00;3
2204;10;622971174;2204;269;2931;2934;8.70;0.53;215.11;3.64;727;10;991.00;3
2208;10;622971182;2208;270;2933;2934;8.69;0.53;215.15;3.64;725;10;992.00;1
2208;10;622971191;2208;270;2934;2934;8.60;0.53;215.15;3.64;726;10;993.00;0
2208;10;622971210;2208;271;2938;2938;8.59;0.53;215.15;3.64;730;10;994.00;0
2210;10;622971225;2210;277;2938;2938;8.47;0.52;215.11;3.64;728;10;995.00;0
2210;10;622971233;2210;278;2938;2938;8.33;0.51;215.11;3.64;728;10;996.00;0
2212;10;622971241;2212;286;2938;2938;8.15;0.50;215.09;3.64;726;10;997.00;0
2212;10;622971250;2212;286;2939;2939;8.08;0.50;215.09;3.64;727;10;998.00;0
2214;10;622971258;2214;276;2940;2940;7.98;0.49;215.05;3.64;726;10;999.00;0
2218;10;622971268;2218;274;2940;2940;7.88;0.48;214.89;3.64;722;10;1000.00;0
2219;10;622971279;2219;269;2941;2941;7.87;0.48;214.85;3.63;722;10;1001.00;0
2223;10;622971288;2223;266;2941;2941;7.80;0.48;215.06;3.63;718;10;1002.00;0
2227;10;622971296;2227;264;2941;2941;7.78;0.48;215.11;3.63;714;10;1003.00;0
2229;10;622971305;2229;262;2941;2941;7.80;0.48;215.23;3.63;712;10;1004.00;0
2231;10;622971313;2231;258;2941;2941;7.87;0.48;215.16;3.63;710;10;1005.00;0
2234;10;622971321;2234;256;2941;2941;7.89;0.48;215.36;3.63;707;10;1006.00;0
2234;10;622971331;2234;253;2941;2941;7.89;0.48;215.36;3.63;707;10;1007.00;0
2235;10;622971338;2235;269;3011;3068;8.14;0.51;215.50;3.55;776;10;1008.00;57
2238;10;622971358;2238;262;3014;3069;8.14;0.51;215.45;3.55;776;10;1009.00;55
2240;10;622971368;2240;253;3024;3069;8.20;0.51;215.39;3.54;784;10;1010.00;45
2241;10;622971377;2241;256;3028;3069;8.17;0.51;215.51;3.54;787;10;1011.00;41
2244;10;622971386;2244;254;3036;3069;8.20;0.51;215.70;3.54;792;10;1012.00;33
2249;10;622971395;2249;254;3040;3069;8.09;0.50;215.67;3.55;791;10;1013.00;29
2253;10;622971405;2253;253;3043;3069;8.07;0.50;215.72;3.55;790;10;1014.00;26
2257;10;622971415;2257;259;3045;3069;8.06;0.50;215.65;3.55;788;10;1015.00;24
2259;10;622971423;2259;266;3048;3070;8.14;0.50;215.78;3.55;789;10;1016.00;22
2265;10;622971432;2265;266;3050;3071;8.05;0.49;215.79;3.56;785;10;1017.00;21
2270;10;622971442;2270;271;3052;3071;7.99;0.49;216.00;3.56;782;10;1018.00;19
2275;10;622971450;2275;274;3055;3072;7.96;0.49;216.15;3.57;780;10;1019.00;17
2277;10;622971461;2277;275;3057;3072;7.91;0.49;216.35;3.57;780;10;1020.00;15
2281;10;622971471;2281;269;3059;3072;7.76;0.48;216.64;3.58;778;10;1021.00;13
2282;10;622971480;2282;267;3063;3072;7.77;0.48;216.82;3.59;781;10;1022.00;9
2288;10;622971489;2288;264;3068;3076;7.68;0.47;217.09;3.59;780;10;1023.00;8
2293;10;622971499;2293;262;3069;3076;7.66;0.47;217.51;3.60;776;10;1024.00;7
2296;10;622971509;2296;265;3070;3076;7.70;0.47;217.64;3.60;774;10;1025.00;6
2300;10;622971519;2300;266;3073;3079;7.69;0.47;217.78;3.61;773;10;1026.00;6
2302;10;622971528;2302;263;3073;3079;7.68;0.47;217.86;3.61;771;10;1027.00;6
2307;10;622971538;2307;262;3074;3079;7.71;0.47;217.91;3.61;767;10;1028.00;5
2310;10;622971548;2310;261;3079;3083;7.70;0.47;218.22;3.61;769;10;1029.00;4
2312;10;622971558;2312;258;3080;3084;7.73;0.47;218.21;3.61;768;10;1030.00;4
2315;10;622971567;2315;249;3080;3084;7.75;0.47;218.22;3.61;765;10;1031.00;4
2319;10;622971582;2319;244;3084;3088;7.77;0.47;218.41;3.61;765;10;1032.00;4
2321;10;622971592;2321;235;3087;3088;7.82;0.48;218.47;3.62;766;10;1033.00;1
2324;10;622971601;2324;233;3088;3088;7.91;0.48;218.47;3.62;764;10;1034.00;0
2330;10;622971611;2330;228;3090;3090;7.92;0.48;218.49;3.62;760;10;1035.00;0
2333;10;622971620;2333;227;3090;3090;7.99;0.48;218.64;3.62;757;10;1036.00;0
2334;10;622971630;2334;225;3096;3096;8.02;0.49;218.69;3.61;762;10;1037.00;0
2336;10;622971641;2336;223;3096;3096;8.12;0.49;218.74;3.61;760;10;1038.00;0
2340;10;622971650;2340;224;3097;3097;8.14;0.50;219.05;3.61;757;10;1039.00;0
2343;10;622971660;2343;224;3097;3097;8.22;0.50;219.08;3.61;754;10;1040.00;0
2346;10;622971669;2346;228;3097;3097;8.28;0.50;219.34;3.61;751;10;1041.00;0
2349;10;622971679;2349;226;3097;3097;8.29;0.51;219.26;3.61;748;10;1042.00;0
2351;10;622971689;2351;221;3097;3097;8.36;0.51;219.25;3.61;746;10;1043.00;0
2353;10;622971698;2353;227;3107;3109;8.42;0.51;219.29;3.60;754;10;1044.00;2
2355;10;622971708;2355;228;3107;3109;8.43;0.51;219.19;3.60;752;10;1045.00;2
2359;10;622971718;2359;226;3109;3109;8.47;0.52;219.55;3.60;750;10;1046.00;0
2363;10;622971727;2363;231;3109;3109;8.49;0.52;219.80;3.60;746;10;1047.00;0
2368;10;622971736;2368;228;3109;3109;8.47;0.52;220.00;3.60;741;10;1048.00;0
2370;10;622971746;2370;225;3109;3109;8.48;0.52;219.97;3.60;739;10;1049.00;0
2376;10;622971756;2376;229;3115;3115;8.40;0.51;219.99;3.60;739;10;1050.00;0
2380;10;622971767;2380;224;3115;3115;8.42;0.52;220.11;3.60;735;10;1051.00;0
2385;10;622971777;2385;223;3119;3119;8.43;0.52;220.23;3.59;734;10;1052.00;0
2387;10;622971792;2387;219;3120;3120;8.49;0.52;220.23;3.59;733;10;1053.00;0
2393;10;622971802;2393;223;3120;3120;8.48;0.52;220.24;3.59;727;10;1054.00;0
2394;10;622971811;2394;217;3120;3120;8.53;0.52;220.26;3.59;726;10;1055.00;0
2398;10;622971821;2398;221;3133;3133;8.60;0.53;220.27;3.58;735;10;1056.00;0
2403;10;622971831;2403;218;3133;3133;8.54;0.52;220.23;3.58;730;10;1057.00;0
2405;10;622971840;2405;221;3133;3133;8.52;0.52;220.25;3.58;728;10;1058.00;0
2410;10;622971850;2410;220;3134;3134;8.55;0.52;220.30;3.57;724;10;1059.00;0
2416;10;622971859;2416;217;3135;3135;8.47;0.52;220.57;3.57;719;10;1060.00;0
2419;10;622971869;2419;219;3135;3135;8.48;0.52;220.53;3.57;716;10;1061.00;0
2425;10;622971878;2425;217;3137;3138;8.48;0.52;220.74;3.57;712;10;1062.00;1
2428;10;622971888;2428;220;3137;3138;8.49;0.52;220.79;3.57;709;10;1063.00;1
2432;10;622971897;2432;215;3138;3138;8.45;0.51;220.72;3.57;706;10;1064.00;0
2434;10;622971906;2434;212;3138;3138;8.40;0.51;220.89;3.57;704;10;1065.00;0
2435;10;622971915;2435;209;3144;3144;8.43;0.51;220.94;3.57;709;10;1066.00;0
2439;10;622971925;2439;198;3144;3144;8.48;0.52;220.96;3.57;705;10;1067.00;0
2445;10;622971935;2445;192;3144;3144;8.48;0.52;221.05;3.57;699;10;1068.00;0
2446;10;622971944;2446;187;3144;3144;8.55;0.52;221.02;3.57;698;10;1069.00;0
2450;10;622971954;2450;183;3148;3148;8.55;0.52;221.24;3.56;698;10;1070.00;0
2452;10;622971964;2452;179;3149;3149;8.61;0.52;221.27;3.56;697;10;1071.00;0
2454;10;622971974;2454;178;3149;3149;8.64;0.53;221.42;3.56;695;10;1072.00;0
2455;10;622971983;2455;180;3150;3150;8.68;0.53;221.38;3.56;695;10;1073.00;0
2457;10;622971993;2457;179;3150;3150;8.70;0.53;221.58;3.56;693;10;1074.00;0
2460;10;622972003;2460;179;3150;3150;8.80;0.54;221.85;3.56;690;10;1075.00;0
2464;10;622972012;2464;168;3150;3150;8.87;0.54;221.71;3.56;686;10;1076.00;0
2466;10;622972022;2466;159;3150;3150;8.94;0.54;221.72;3.56;684;10;1077.00;0
2469;10;622972031;2469;152;3150;3150;9.03;0.55;221.71;3.56;681;10;1078.00;0
2473;10;622972040;2473;147;3150;3150;9.07;0.55;221.71;3.56;677;10;1079.00;0
2474;10;622972057;2474;181;3236;3275;8.95;0.55;221.78;3.47;762;10;1080.00;39
2477;10;622972086;2477;173;3240;3276;8.96;0.55;221.84;3.46;763;10;1081.00;36
2479;10;622972104;2479;160;3245;3276;9.13;0.56;222.05;3.46;766;10;1082.00;31
2482;10;622972121;2482;157;3246;3276;9.19;0.56;222.19;3.46;764;10;1083.00;30
2483;10;622972137;2483;158;3252;3276;9.26;0.57;222.17;3.46;769;10;1084.00;24
2485;10;622972152;2485;158;3254;3276;9.31;0.57;222.15;3.46;769;10;1085.00;22
2487;10;622972177;2487;156;3259;3276;9.40;0.58;222.33;3.47;772;10;1086.00;17
2489;10;622972189;2489;157;3263;3276;9.40;0.58;222.43;3.47;774;10;1087.00;13
2493;10;622972200;2493;157;3267;3277;9.40;0.58;222.72;3.48;774;10;1088.00;10
2496;10;622972211;2496;165;3271;3278;9.39;0.57;222.82;3.48;775;10;1089.00;7
2500;10;622972224;2500;160;3274;3278;9.37;0.57;223.25;3.48;774;10;1090.00;4
2502;10;622972235;2502;160;3278;3282;9.28;0.57;223.30;3.48;776;10;1091.00;4
2507;10;622972247;2507;170;3278;3282;9.26;0.57;223.65;3.48;771;10;1092.00;4
2508;10;622972258;2508;174;3278;3282;9.28;0.57;223.72;3.48;770;10;1093.00;4
2511;10;622972270;2511;181;3278;3282;9.21;0.56;223.69;3.48;767;10;1094.00;4
2517;10;622972282;2517;182;3284;3288;9.12;0.56;223.78;3.48;767;10;1095.00;4
2519;10;622972294;2519;184;3284;3288;9.12;0.56;223.89;3.48;765;10;1096.00;4
2522;10;622972304;2522;188;3284;3288;9.09;0.56;223.85;3.48;762;10;1097.00;4
2524;10;622972322;2524;186;3287;3291;9.16;0.56;223.89;3.48;763;10;1098.00;4
2527;10;622972333;2527;188;3287;3291;9.20;0.56;223.98;3.48;760;10;1099.00;4
2528;10;622972354;2528;188;3287;3291;9.24;0.57;223.99;3.48;759;10;1100.00;4
2531;10;622972368;2531;188;3288;3292;9.28;0.57;224.03;3.48;757;10;1101.00;4
2534;10;622972379;2534;188;3289;3293;9.37;0.57;223.99;3.48;755;10;1102.00;4
2535;10;622972389;2535;192;3289;3293;9.43;0.58;224.08;3.48;754;10;1103.00;4
2538;10;622972399;2538;196;3300;3306;9.45;0.58;224.10;3.47;762;10;1104.00;6
2541;10;622972410;2541;193;3300;3306;9.50;0.58;224.06;3.47;759;10;1105.00;6
2544;10;622972420;2544;196;3300;3306;9.57;0.58;224.21;3.47;756;10;1106.00;6
2547;10;622972430;2547;196;3301;3307;9.65;0.59;224.09;3.46;754;10;1107.00;6
2553;10;622972441;2553;198;3301;3307;9.65;0.59;223.96;3.46;748;10;1108.00;6
2553;10;622972451;2553;200;3305;3311;9.77;0.60;223.96;3.46;752;10;1109.00;6
2554;10;622972462;2554;206;3305;3311;9.79;0.60;223.88;3.46;751;10;1110.00;6
2555;10;622972473;2555;210;3308;3315;9.86;0.60;223.83;3.46;753;10;1111.00;7
2558;10;622972483;2558;213;3309;3315;9.88;0.60;223.81;3.47;751;10;1112.00;6
2559;10;622972493;2559;214;3309;3315;9.96;0.61;223.75;3.47;750;10;1113.00;6
2560;10;622972503;2560;217;3309;3315;9.98;0.61;223.67;3.47;749;10;1114.00;6
2565;10;622972513;2565;223;3310;3315;9.97;0.61;223.51;3.48;745;10;1115.00;5
2567;10;622972522;2567;224;3320;3327;10.05;0.61;223.59;3.47;753;10;1116.00;7
2570;10;622972533;2570;227;3321;3327;9.99;0.61;223.54;3.48;751;10;1117.00;6
2572;10;622972543;2572;233;3322;3327;9.96;0.61;223.51;3.48;750;10;1118.00;5
2574;10;622972552;2574;231;3322;3327;9.87;0.60;223.49;3.48;748;10;1119.00;5
2578;10;622972561;2578;233;3322;3327;9.81;0.60;223.50;3.48;744;10;1120.00;5
2582;10;622972571;2582;234;3322;3327;9.82;0.60;223.39;3.48;740;10;1121.00;5
2584;10;622972581;2584;232;3322;3328;9.84;0.60;223.35;3.48;738;10;1122.00;6
2587;10;622972590;2587;235;3322;3328;9.83;0.60;223.25;3.48;735;10;1123.00;6
2590;10;622972606;2590;236;3327;3334;9.87;0.60;223.20;3.47;737;10;1124.00;7
2594;10;622972622;2594;236;3329;3336;9.82;0.60;223.09;3.48;735;10;1125.00;7
2596;10;622972632;2596;235;3331;3336;9.74;0.59;223.02;3.48;735;10;1126.00;5
2599;10;622972644;2599;236;3331;3336;9.67;0.59;222.91;3.48;732;10;1127.00;5
2599;10;622972652;2599;238;3334;3340;9.70;0.59;222.91;3.48;735;10;1128.00;6
2602;10;622972662;2602;241;3334;3340;9.69;0.59;222.78;3.48;732;10;1129.00;6
2603;10;622972671;2603;238;3334;3340;9.76;0.59;222.78;3.48;731;10;1130.00;6
2605;10;622972680;2605;229;3335;3341;9.87;0.60;222.71;3.48;730;10;1131.00;6
2606;10;622972690;2606;220;3338;3345;9.91;0.60;222.69;3.48;732;10;1132.00;7
2606;10;622972699;2606;215;3338;3345;9.94;0.60;222.69;3.48;732;10;1133.00;7
2611;10;622972708;2611;212;3340;3348;10.02;0.61;222.62;3.48;729;10;1134.00;8
2613;10;622972719;2613;216;3341;3348;10.09;0.61;222.55;3.48;728;10;1135.00;7
2615;10;622972728;2615;212;3341;3348;10.14;0.61;222.40;3.48;726;10;1136.00;7
2615;11;622972746;2615;208;3341;3348;10.24;0.62;222.40;3.48;726;11;1137.00;7
2618;11;622972768;2618;202;3345;3352;10.35;0.63;222.30;3.47;727;11;1138.00;7
2619;11;622972778;2619;205;3345;3352;10.46;0.63;222.32;3.47;726;11;1139.00;7
2621;11;622972790;2621;207;3345;3352;10.52;0.64;222.28;3.47;724;11;1140.00;7
2623;11;622972800;2623;204;3345;3352;10.53;0.64;222.19;3.47;722;11;1141.00;7
2623;11;622972810;2623;202;3345;3353;10.44;0.63;222.19;3.47;722;11;1142.00;8
2625;11;622972825;2625;201;3346;3354;10.37;0.63;222.23;3.47;721;11;1143.00;8
2625;11;622972834;2625;194;3346;3354;10.33;0.63;222.23;3.47;721;11;1144.00;8
2626;11;622972844;2626;188;3347;3355;10.32;0.63;222.22;3.47;721;11;1145.00;8
2629;11;622972854;2629;184;3347;3355;10.29;0.63;222.17;3.47;718;11;1146.00;8
2631;11;622972864;2631;189;3347;3355;10.27;0.62;222.18;3.47;716;11;1147.00;8
2634;11;622972873;2634;192;3347;3355;10.18;0.62;222.19;3.47;713;11;1148.00;8
2635;11;622972882;2635;195;3347;3355;10.08;0.61;222.18;3.47;712;11;1149.00;8
2635;11;622972892;2635;199;3348;3355;10.02;0.61;222.18;3.48;713;11;1150.00;7
2635;11;622972901;2635;199;3349;3355;9.95;0.60;222.18;3.49;714;11;1151.00;6
2637;11;622972910;2637;217;3413;3482;9.84;0.61;222.19;3.43;776;11;1152.00;69
2640;11;622972929;2640;209;3418;3483;9.75;0.60;222.30;3.44;778;11;1153.00;65
2643;11;622972940;2643;208;3428;3483;9.76;0.60;222.48;3.43;785;11;1154.00;55
2643;11;622972955;2643;204;3432;3483;9.66;0.59;222.48;3.43;789;11;1155.00;51
2644;11;622972964;2644;206;3439;3483;9.67;0.60;222.55;3.44;795;11;1156.00;44
2646;11;622972976;2646;210;3440;3483;9.62;0.59;222.59;3.44;794;11;1157.00;43
2649;11;622972992;2649;211;3445;3483;9.54;0.59;222.53;3.46;796;11;1158.00;38
2650;11;622973002;2650;218;3448;3483;9.49;0.58;222.51;3.47;798;11;1159.00;35
2653;11;622973019;2653;219;3453;3484;9.48;0.58;222.79;3.48;800;11;1160.00;31
2654;11;622973028;2654;225;3457;3485;9.45;0.58;222.79;3.49;803;11;1161.00;28
2655;11;622973038;2655;227;3461;3485;9.41;0.58;222.92;3.49;806;11;1162.00;24
2657;11;622973047;2657;232;3464;3486;9.29;0.57;222.92;3.50;807;11;1163.00;22
2662;11;622973056;2662;234;3470;3486;9.17;0.57;223.08;3.52;808;11;1164.00;16
2662;11;622973074;2662;241;3473;3486;9.04;0.56;223.08;3.52;811;11;1165.00;13
2665;11;622973083;2665;248;3476;3486;8.96;0.55;223.10;3.53;811;11;1166.00;10
2669;11;622973094;2669;263;3481;3490;8.86;0.55;223.11;3.54;812;11;1167.00;9
2674;11;622973111;2674;272;3483;3490;8.70;0.53;223.16;3.54;809;11;1168.00;7
2678;11;622973121;2678;275;3484;3490;8.58;0.53;223.11;3.54;806;11;1169.00;6
2680;11;622973132;2680;272;3489;3496;8.52;0.52;223.16;3.55;809;11;1170.00;7
2682;11;622973143;2682;276;3490;3496;8.45;0.52;223.34;3.55;808;11;1171.00;6
2685;11;622973157;2685;281;3492;3496;8.39;0.52;223.41;3.55;807;11;1172.00;4
2688;11;622973167;2688;277;3497;3500;8.27;0.51;223.33;3.56;809;11;1173.00;3
2688;11;622973176;2688;274;3500;3501;8.25;0.51;223.33;3.56;812;11;1174.00;1
2690;11;622973186;2690;276;3500;3501;8.17;0.50;223.38;3.56;810;11;1175.00;1
2691;11;622973195;2691;275;3505;3505;8.18;0.50;223.46;3.55;814;11;1176.00;0
2693;11;622973204;2693;275;3505;3505;8.16;0.50;223.53;3.55;812;11;1177.00;0
2695;11;622973214;2695;276;3505;3505;8.11;0.50;223.70;3.55;810;11;1178.00;0
2698;11;622973229;2698;282;3506;3506;8.09;0.49;223.67;3.55;808;11;1179.00;0
2700;11;622973238;2700;284;3506;3506;8.09;0.49;223.73;3.55;806;11;1180.00;0
2703;11;622973248;2703;287;3512;3512;8.10;0.49;223.76;3.55;809;11;1181.00;0
2705;11;622973257;2705;285;3512;3512;8.00;0.49;223.71;3.55;807;11;1182.00;0
2708;11;622973266;2708;284;3513;3513;7.93;0.48;223.62;3.55;805;11;1183.00;0
2714;11;622973275;2714;283;3513;3513;7.82;0.48;223.77;3.55;799;11;1184.00;0
2716;11;622973285;2716;285;3513;3513;7.77;0.47;223.85;3.55;797;11;1185.00;0
2721;11;622973294;2721;285;3513;3513;7.68;0.47;223.91;3.55;792;11;1186.00;0
2725;11;622973303;2725;288;3513;3513;7.61;0.46;224.03;3.55;788;11;1187.00;0
2729;11;622973312;2729;287;3524;3525;7.60;0.46;224.07;3.54;795;11;1188.00;1
2735;11;622973321;2735;284;3524;3525;7.51;0.46;224.39;3.54;789;11;1189.00;1
2737;11;622973330;2737;283;3525;3525;7.56;0.46;224.45;3.54;788;11;1190.00;0
2742;11;622973338;2742;276;3525;3525;7.51;0.46;224.73;3.54;783;11;1191.00;0
2748;11;622973347;2748;268;3525;3525;7.43;0.46;225.11;3.54;777;11;1192.00;0
2752;11;622973356;2752;265;3525;3525;7.44;0.46;225.19;3.54;773;11;1193.00;0
2756;11;622973364;2756;259;3529;3529;7.43;0.46;225.57;3.53;773;11;1194.00;0
2761;11;622973373;2761;254;3529;3529;7.44;0.46;225.87;3.53;768;11;1195.00;0
2765;11;622973382;2765;254;3533;3533;7.51;0.46;225.92;3.53;768;11;1196.00;0
2771;11;622973391;2771;249;3534;3534;7.55;0.46;226.05;3.53;763;11;1197.00;0
2774;11;622973401;2774;243;3534;3534;7.67;0.47;226.01;3.53;760;11;1198.00;0
2776;11;622973410;2776;237;3534;3534;7.74;0.47;226.09;3.53;758;11;1199.00;0
2780;11;622973421;2780;232;3560;3575;7.66;0.47;226.24;3.50;780;11;1200.00;15
2785;11;622973438;2785;220;3561;3575;7.67;0.47;226.30;3.50;776;11;1201.00;14
2787;11;622973448;2787;219;3564;3575;7.77;0.48;226.37;3.50;777;11;1202.00;11
2794;11;622973457;2794;215;3566;3576;7.86;0.48;226.56;3.50;772;11;1203.00;10
2798;11;622973466;2798;217;3567;3577;7.91;0.48;226.61;3.50;769;11;1204.00;10
2802;11;622973476;2802;219;3570;3577;7.93;0.48;226.71;3.50;768;11;1205.00;7
2806;11;622973485;2806;215;3572;3580;8.06;0.49;226.67;3.50;766;11;1206.00;8
2810;11;622973494;2810;215;3573;3580;8.11;0.50;226.94;3.50;763;11;1207.00;7
2815;11;622973503;2815;210;3575;3580;8.14;0.50;227.06;3.50;760;11;1208.00;5
2815;11;622973512;2815;206;3575;3580;8.20;0.50;227.06;3.50;760;11;1209.00;5
2818;11;622973521;2818;209;3581;3586;8.25;0.50;227.06;3.50;763;11;1210.00;5
2819;11;622973531;2819;216;3582;3586;8.25;0.50;227.07;3.50;763;11;1211.00;4
2823;11;622973541;2823;214;3582;3586;8.21;0.50;227.12;3.50;759;11;1212.00;4
2826;11;622973550;2826;212;3582;3586;8.10;0.50;227.26;3.50;756;11;1213.00;4
2829;11;622973560;2829;211;3586;3590;8.04;0.49;227.31;3.50;757;11;1214.00;4
2832;11;622973570;2832;214;3588;3592;8.04;0.49;227.61;3.50;756;11;1215.00;4
2834;11;622973579;2834;214;3588;3592;7.98;0.49;227.57;3.50;754;11;1216.00;4
2840;11;622973587;2840;219;3590;3593;7.92;0.48;227.66;3.50;750;11;1217.00;3
2843;11;622973600;2843;215;3590;3593;7.90;0.48;227.65;3.50;747;11;1218.00;3
2846;11;622973612;2846;222;3590;3593;7.91;0.48;227.69;3.50;744;11;1219.00;3
2848;11;622973621;2848;223;3590;3593;7.94;0.49;227.71;3.50;742;11;1220.00;3
2851;11;622973631;2851;221;3590;3593;7.94;0.49;227.71;3.50;739;11;1221.00;3
2859;11;622973640;2859;225;3591;3593;7.79;0.48;227.56;3.50;732;11;1222.00;2
2862;11;622973650;2862;226;3591;3593;7.72;0.47;227.64;3.50;729;11;1223.00;2
2868;11;622973659;2868;242;3633;3663;7.62;0.47;227.68;3.46;765;11;1224.00;30
2871;11;622973674;2871;235;3634;3664;7.63;0.47;227.73;3.46;763;11;1225.00;30
2876;11;622973683;2876;238;3640;3664;7.64;0.47;227.74;3.46;764;11;1226.00;24
2882;11;622973693;2882;243;3642;3664;7.65;0.47;227.79;3.46;760;11;1227.00;22
2886;11;622973702;2886;246;3646;3666;7.68;0.47;227.82;3.47;760;11;1228.00;20
2892;11;622973711;2892;243;3649;3666;7.64;0.47;227.83;3.47;757;11;1229.00;17
2892;11;622973722;2892;247;3651;3666;7.70;0.47;227.83;3.47;759;11;1230.00;15
2893;11;622973731;2893;249;3653;3666;7.67;0.47;227.83;3.47;760;11;1231.00;13
2894;11;622973741;2894;249;3654;3667;7.64;0.47;227.83;3.47;760;11;1232.00;13
2896;11;622973751;2896;261;3657;3668;7.55;0.46;227.84;3.48;761;11;1233.00;11
2897;11;622973760;2897;268;3662;3668;7.46;0.46;227.83;3.49;765;11;1234.00;6
2900;11;622973770;2900;273;3668;3672;7.30;0.45;228.04;3.49;768;11;1235.00;4
2902;11;622973780;2902;280;3669;3672;7.25;0.44;228.02;3.49;767;11;1236.00;3
2906;11;622973789;2906;267;3670;3672;7.28;0.45;228.04;3.50;764;11;1237.00;2
2908;11;622973799;2908;273;3671;3672;7.31;0.45;228.03;3.50;763;11;1238.00;1
2911;11;622973809;2911;264;3677;3678;7.33;0.45;228.16;3.49;766;11;1239.00;1
2913;11;622973820;2913;262;3678;3678;7.29;0.45;228.11;3.50;765;11;1240.00;0
2915;11;622973830;2915;258;3678;3678;7.32;0.45;228.19;3.50;763;11;1241.00;0
2917;11;622973841;2917;261;3680;3681;7.43;0.46;228.32;3.49;763;11;1242.00;1
2921;11;622973850;2921;263;3680;3681;7.39;0.45;228.44;3.49;759;11;1243.00;1
2922;11;622973860;2922;268;3681;3681;7.37;0.45;228.46;3.49;759;11;1244.00;0
2926;11;622973869;2926;272;3682;3682;7.37;0.45;228.63;3.49;756;11;1245.00;0
2931;11;622973879;2931;258;3683;3683;7.36;0.45;228.75;3.49;752;11;1246.00;0
2935;11;622973889;2935;255;3683;3683;7.34;0.45;228.80;3.49;748;11;1247.00;0
2937;11;622973899;2937;253;3695;3696;7.44;0.46;228.75;3.48;758;11;1248.00;1
2941;11;622973909;2941;246;3696;3696;7.45;0.46;228.70;3.48;755;11;1249.00;0
2943;11;622973919;2943;246;3696;3696;7.53;0.46;228.68;3.48;753;11;1250.00;0
2945;11;622973929;2945;244;3697;3697;7.62;0.46;228.61;3.48;752;11;1251.00;0
2949;11;622973939;2949;243;3697;3697;7.66;0.46;228.47;3.48;748;11;1252.00;0
2949;11;622973968;2949;242;3701;3701;7.76;0.47;228.47;3.48;752;11;1253.00;0
2952;11;622973978;2952;244;3701;3701;7.83;0.47;228.43;3.48;749;11;1254.00;0
2952;11;622973988;2952;239;3705;3705;7.91;0.48;228.43;3.47;753;11;1255.00;0
2953;11;622973998;2953;238;3705;3705;7.97;0.48;228.38;3.47;752;11;1256.00;0
2956;11;622974007;2956;245;3705;3705;7.98;0.48;228.51;3.47;749;11;1257.00;0
2958;11;622974017;2958;247;3705;3705;8.03;0.49;228.52;3.47;747;11;1258.00;0
2963;11;622974026;2963;244;3705;3705;8.06;0.49;228.38;3.47;742;11;1259.00;0
2963;11;622974037;2963;253;3731;3739;8.15;0.50;228.38;3.45;768;11;1260.00;8
2966;11;622974049;2966;251;3731;3739;8.16;0.50;228.24;3.45;765;11;1261.00;8
2966;11;622974058;2966;251;3734;3739;8.28;0.50;228.24;3.45;768;11;1262.00;5
2966;11;622974071;2966;256;3734;3739;8.35;0.51;228.24;3.45;768;11;1263.00;5
2968;11;622974083;2968;260;3735;3739;8.35;0.51;228.23;3.45;767;11;1264.00;4
2970;11;622974100;2970;259;3735;3739;8.37;0.51;228.22;3.45;765;11;1265.00;4
2974;11;622974114;2974;258;3735;3740;8.34;0.51;228.14;3.45;761;11;1266.00;5
2975;11;622974141;2975;254;3735;3740;8.40;0.51;228.07;3.45;760;11;1267.00;5
2975;11;622974154;2975;260;3740;3746;8.50;0.52;228.07;3.44;765;11;1268.00;6
2977;11;622974169;2977;262;3741;3747;8.58;0.52;227.99;3.44;764;11;1269.00;6
2978;11;622974192;2978;260;3741;3747;8.60;0.52;227.93;3.44;763;11;1270.00;6
2982;11;622974202;2982;262;3741;3747;8.57;0.52;227.86;3.44;759;11;1271.00;6
2985;11;622974212;2985;263;3744;3751;8.59;0.52;227.88;3.44;759;11;1272.00;7
2987;11;622974223;2987;256;3744;3751;8.52;0.52;227.96;3.44;757;11;1273.00;7
2989;11;622974233;2989;256;3744;3751;8.46;0.51;227.95;3.44;755;11;1274.00;7
2989;11;622974243;2989;255;3746;3752;8.51;0.52;227.95;3.44;757;11;1275.00;6
2992;11;622974256;2992;256;3749;3756;8.54;0.52;227.98;3.44;757;11;1276.00;7
2993;11;622974266;2993;258;3749;3756;8.61;0.52;227.95;3.44;756;11;1277.00;7
2994;11;622974276;2994;251;3751;3759;8.67;0.53;227.97;3.44;757;11;1278.00;8
2994;11;622974286;2994;253;3751;3759;8.74;0.53;227.97;3.44;757;11;1279.00;8
2995;11;622974296;2995;251;3752;3759;8.80;0.53;227.90;3.44;757;11;1280.00;7
2996;11;622974305;2996;252;3752;3759;8.86;0.54;227.90;3.44;756;11;1281.00;7
2996;11;622974315;2996;250;3756;3763;8.96;0.54;227.90;3.44;760;11;1282.00;7
2997;11;622974325;2997;234;3756;3763;8.98;0.55;227.87;3.44;759;11;1283.00;7
2997;11;622974335;2997;225;3756;3763;9.08;0.55;227.87;3.44;759;11;1284.00;7
2999;11;622974345;2999;219;3756;3763;9.13;0.55;227.88;3.44;757;11;1285.00;7
3002;11;622974354;3002;218;3756;3764;9.21;0.56;227.85;3.44;754;11;1286.00;8
3003;11;622974364;3003;216;3757;3765;9.33;0.57;227.84;3.44;754;11;1287.00;8
3007;11;622974374;3007;215;3757;3765;9.33;0.57;227.81;3.44;750;11;1288.00;8
3008;11;622974384;3008;212;3758;3766;9.30;0.56;227.78;3.44;750;11;1289.00;8
3008;11;622974403;3008;210;3758;3766;9.32;0.57;227.78;3.44;750;11;1290.00;8
3012;11;622974419;3012;206;3758;3766;9.31;0.56;227.68;3.44;746;11;1291.00;8
3013;11;622974429;3013;204;3759;3766;9.32;0.57;227.70;3.44;746;11;1292.00;7
3014;11;622974444;3014;200;3759;3766;9.39;0.57;227.67;3.44;745;11;1293.00;7
3015;11;622974453;3015;197;3760;3766;9.49;0.58;227.69;3.45;745;11;1294.00;6
3017;11;622974463;3017;199;3761;3766;9.49;0.58;227.68;3.46;744;11;1295.00;5
3020;11;622974476;3020;212;3823;3893;9.57;0.59;227.64;3.40;803;11;1296.00;70
3022;11;622974496;3022;207;3823;3894;9.60;0.59;227.62;3.40;801;11;1297.00;71
3023;11;622974508;3023;200;3832;3894;9.69;0.60;227.59;3.40;809;11;1298.00;62
3025;11;622974519;3025;197;3835;3894;9.74;0.60;227.55;3.40;810;11;1299.00;59
3027;11;622974530;3027;188;3840;3894;9.82;0.60;227.44;3.40;813;11;1300.00;54
3030;11;622974546;3030;183;3842;3894;9.87;0.61;227.49;3.40;812;11;1301.00;52
3030;11;622974557;3030;185;3844;3894;9.99;0.61;227.49;3.40;814;11;1302.00;50
3031;11;622974567;3031;187;3847;3894;10.11;0.62;227.48;3.40;816;11;1303.00;47
3034;11;622974577;3034;186;3850;3895;10.16;0.62;227.46;3.41;816;11;1304.00;45
3036;11;622974588;3036;188;3854;3897;10.20;0.62;227.48;3.41;818;11;1305.00;43
3040;11;622974601;3040;185;3857;3897;10.29;0.63;227.46;3.42;817;11;1306.00;40
3044;11;622974612;3044;188;3860;3898;10.36;0.63;227.46;3.42;816;11;1307.00;38
3048;11;622974623;3048;190;3867;3898;10.32;0.63;227.50;3.44;819;11;1308.00;31
3049;11;622974634;3049;190;3868;3898;10.36;0.63;227.46;3.44;819;11;1309.00;30
3054;11;622974645;3054;188;3870;3898;10.32;0.63;227.45;3.45;816;11;1310.00;28
3058;11;622974657;3058;190;3875;3902;10.26;0.63;227.35;3.46;817;11;1311.00;27
3062;11;622974668;3062;197;3877;3902;10.21;0.62;227.53;3.46;815;11;1312.00;25
3066;11;622974679;3066;199;3879;3902;10.10;0.62;227.56;3.47;813;11;1313.00;23
3069;11;622974690;3069;209;3883;3905;10.00;0.61;227.68;3.48;814;11;1314.00;22
3072;11;622974701;3072;215;3884;3905;9.83;0.60;227.87;3.49;812;11;1315.00;21
3074;11;622974718;3074;219;3886;3905;9.70;0.59;228.08;3.50;812;11;1316.00;19
3078;11;622974729;3078;226;3890;3909;9.52;0.58;228.24;3.50;812;11;1317.00;19
3083;11;622974740;3083;232;3895;3910;9.39;0.57;228.34;3.51;812;11;1318.00;15
3086;11;622974751;3086;239;3896;3910;9.27;0.56;228.42;3.51;810;11;1319.00;14
3088;11;622974764;3088;245;3901;3915;9.21;0.56;228.34;3.51;813;11;1320.00;14
3092;11;622974775;3092;250;3902;3915;9.02;0.55;228.45;3.53;810;11;1321.00;13
3095;11;622974785;3095;255;3902;3915;8.91;0.54;228.54;3.53;807;11;1322.00;13
3096;11;622974795;3096;258;3904;3916;8.78;0.53;228.57;3.54;808;11;1323.00;12
3096;11;622974806;3096;260;3904;3916;8.68;0.53;228.57;3.54;808;11;1324.00;12
3097;11;622974816;3097;270;3910;3922;8.64;0.53;228.64;3.53;813;11;1325.00;12
3099;11;622974827;3099;270;3911;3922;8.56;0.52;228.71;3.54;812;11;1326.00;11
3102;11;622974837;3102;267;3911;3923;8.44;0.51;228.82;3.54;809;11;1327.00;12
3104;11;622974848;3104;274;3911;3923;8.41;0.51;228.78;3.54;807;11;1328.00;12
3105;11;622974858;3105;279;3913;3923;8.40;0.51;228.87;3.56;808;11;1329.00;10
3107;11;622974869;3107;282;3913;3923;8.35;0.51;228.94;3.56;806;11;1330.00;10
3109;11;622974879;3109;283;3914;3923;8.30;0.51;229.02;3.56;805;11;1331.00;9
3111;11;622974890;3111;289;3926;3935;8.33;0.51;229.13;3.57;815;11;1332.00;9
3112;11;622974901;3112;295;3926;3935;8.35;0.51;229.24;3.57;814;11;1333.00;9
3112;11;622974912;3112;297;3928;3935;8.39;0.51;229.24;3.58;816;11;1334.00;7
3116;11;622974922;3116;299;3928;3935;8.37;0.51;229.30;3.58;812;11;1335.00;7
3118;11;622974932;3118;301;3929;3935;8.36;0.51;229.44;3.59;811;11;1336.00;6
3123;11;622974943;3123;301;3932;3935;8.30;0.51;229.58;3.60;809;11;1337.00;3
3126;11;622974953;3126;308;3936;3939;8.18;0.50;229.83;3.60;810;11;1338.00;3
3129;11;622974963;3129;302;3936;3939;8.15;0.50;229.83;3.60;807;11;1339.00;3
3132;11;622974974;3132;301;3941;3943;8.20;0.50;229.87;3.59;809;11;1340.00;2
3135;11;622974984;3135;303;3942;3944;8.18;0.50;230.12;3.59;807;11;1341.00;2
3136;11;622974994;3136;297;3942;3944;8.15;0.50;230.16;3.59;806;11;1342.00;2
3139;11;622975004;3139;297;3942;3944;8.10;0.50;230.17;3.59;803;11;1343.00;2
3143;11;622975013;3143;296;3955;3957;8.03;0.49;230.37;3.58;812;11;1344.00;2
3145;11;622975032;3145;290;3955;3957;7.97;0.49;230.45;3.58;810;11;1345.00;2
3148;11;622975041;3148;301;3955;3957;7.93;0.49;230.53;3.58;807;11;1346.00;2
3151;11;622975052;3151;299;3956;3958;7.90;0.48;230.69;3.58;805;11;1347.00;2
3152;11;622975063;3152;295;3957;3959;7.88;0.48;230.70;3.58;805;11;1348.00;2
3157;11;622975074;3157;297;3957;3959;7.84;0.48;230.77;3.58;800;11;1349.00;2
3159;11;622975086;3159;299;3964;3968;7.82;0.48;230.89;3.57;805;11;1350.00;4
3161;11;622975096;3161;298;3964;3968;7.88;0.48;230.95;3.57;803;11;1351.00;4
3166;11;622975106;3166;305;3965;3968;7.84;0.48;230.97;3.57;799;11;1352.00;3
3170;11;622975116;3170;305;3965;3968;7.80;0.48;231.18;3.57;795;11;1353.00;3
3173;11;622975126;3173;303;3971;3974;7.82;0.48;231.13;3.57;798;11;1354.00;3
3179;11;622975135;3179;303;3972;3974;7.79;0.48;231.25;3.57;793;11;1355.00;2
3181;11;622975145;3181;298;3972;3974;7.71;0.47;231.39;3.57;791;11;1356.00;2
3185;11;622975154;3185;294;3972;3974;7.59;0.46;231.61;3.57;787;11;1357.00;2
3190;11;622975163;3190;298;3976;3978;7.40;0.45;231.78;3.57;786;11;1358.00;2
3193;11;622975172;3193;305;3977;3979;7.24;0.44;231.86;3.57;784;11;1359.00;2
3197;11;622975180;3197;299;3977;3979;7.21;0.44;231.94;3.57;780;11;1360.00;2
3202;11;622975189;3202;291;3978;3980;7.20;0.44;232.22;3.56;776;11;1361.00;2
3206;11;622975198;3206;284;3978;3980;7.21;0.44;232.23;3.56;772;11;1362.00;2
3210;11;622975207;3210;278;3978;3980;7.23;0.44;232.33;3.56;768;11;1363.00;2
3217;11;622975215;3217;272;3978;3980;7.21;0.44;232.42;3.56;761;11;1364.00;2
3219;11;622975224;3219;271;3978;3980;7.21;0.44;232.44;3.56;759;11;1365.00;2
3223;11;622975232;3223;263;3978;3980;7.19;0.44;232.74;3.56;755;11;1366.00;2
3226;11;622975241;3226;259;3978;3980;7.27;0.45;232.70;3.56;752;11;1367.00;2
3229;11;622975250;3229;255;4013;4050;7.52;0.46;232.80;3.53;784;11;1368.00;37
3231;11;622975264;3231;254;4017;4051;7.67;0.47;232.75;3.53;786;11;1369.00;34
3238;11;622975273;3238;249;4024;4051;7.80;0.48;233.02;3.53;786;11;1370.00;27
3242;11;622975282;3242;248;4026;4051;7.88;0.48;233.35;3.53;784;11;1371.00;25
3245;11;622975291;3245;247;4029;4051;7.90;0.48;233.36;3.53;784;11;1372.00;22
3250;11;622975299;3250;247;4032;4051;7.88;0.48;233.52;3.53;782;11;1373.00;19
3253;11;622975311;3253;243;4035;4051;7.90;0.48;233.52;3.53;782;11;1374.00;16
3257;11;622975319;3257;252;4038;4051;7.89;0.48;233.56;3.53;781;11;1375.00;13
3260;11;622975329;3260;252;4040;4052;7.81;0.48;233.62;3.54;780;11;1376.00;12
3267;11;622975338;3267;251;4041;4053;7.75;0.47;233.58;3.54;774;11;1377.00;12
3270;11;622975348;3270;250;4043;4053;7.73;0.47;233.71;3.54;773;11;1378.00;10
3276;11;622975356;3276;252;4047;4057;7.71;0.47;233.70;3.54;771;11;1379.00;10
3280;11;622975368;3280;257;4050;4057;7.71;0.47;233.80;3.54;770;11;1380.00;7
3284;11;622975377;3284;256;4050;4057;7.75;0.48;233.96;3.54;766;11;1381.00;7
3288;11;622975387;3288;255;4050;4057;7.73;0.47;233.92;3.54;762;11;1382.00;7
3294;11;622975396;3294;252;4056;4063;7.69;0.47;234.02;3.54;762;11;1383.00;7
3296;11;622975407;3296;252;4056;4063;7.70;0.47;234.05;3.54;760;11;1384.00;7
3300;11;622975417;3300;252;4056;4063;7.65;0.47;234.18;3.54;756;11;1385.00;7
3305;11;622975427;3305;255;4059;4066;7.63;0.47;234.29;3.54;754;11;1386.00;7
3310;11;622975436;3310;257;4059;4066;7.60;0.47;234.53;3.54;749;11;1387.00;7
3316;11;622975448;3316;256;4062;4066;7.56;0.46;234.34;3.57;746;11;1388.00;4
3323;11;622975457;3323;252;4063;4067;7.53;0.46;234.48;3.57;740;11;1389.00;4
3325;11;622975468;3325;257;4065;4068;7.52;0.46;234.51;3.57;740;11;1390.00;3
3330;11;622975478;3330;260;4066;4068;7.44;0.45;234.45;3.57;736;11;1391.00;2
3334;11;622975488;3334;258;4079;4081;7.46;0.45;234.45;3.56;745;11;1392.00;2
3337;11;622975499;3337;261;4079;4081;7.42;0.45;234.42;3.56;742;11;1393.00;2
3339;11;622975508;3339;264;4079;4081;7.39;0.45;234.50;3.56;740;11;1394.00;2
3340;11;622975518;3340;265;4081;4083;7.36;0.45;234.45;3.56;741;11;1395.00;2
3346;11;622975526;3346;263;4081;4083;7.23;0.44;234.56;3.56;735;11;1396.00;2
3348;11;622975535;3348;270;4085;4087;7.19;0.44;234.52;3.56;737;11;1397.00;2
3351;11;622975545;3351;270;4085;4087;7.09;0.43;234.38;3.56;734;11;1398.00;2
3353;11;622975553;3353;271;4089;4091;7.04;0.43;234.33;3.55;736;11;1399.00;2
3355;11;622975563;3355;273;4089;4091;6.98;0.42;234.30;3.55;734;11;1400.00;2
3355;11;622975576;3355;272;4089;4091;6.95;0.42;234.30;3.55;734;11;1401.00;2
3357;11;622975585;3357;282;4089;4091;6.87;0.42;234.28;3.55;732;11;1402.00;2
3357;11;622975594;3357;285;4090;4091;6.79;0.41;234.28;3.58;733;11;1403.00;1
3357;11;622975603;3357;289;4101;4103;6.88;0.42;234.28;3.57;744;11;1404.00;2
3358;11;622975612;3358;293;4101;4103;6.74;0.41;234.24;3.57;743;11;1405.00;2
3358;11;622975620;3358;291;4102;4103;6.70;0.41;234.24;3.57;744;11;1406.00;1
3360;11;622975629;3360;282;4102;4103;6.69;0.41;234.26;3.57;742;11;1407.00;1
3361;11;622975638;3361;277;4102;4103;6.57;0.40;234.22;3.57;741;11;1408.00;1
3363;11;622975646;3363;273;4102;4103;6.56;0.40;234.29;3.57;739;11;1409.00;1
3364;11;622975657;3364;278;4103;4104;6.58;0.40;234.23;3.57;739;11;1410.00;1
3366;11;622975665;3366;276;4103;4104;6.60;0.40;234.19;3.57;737;11;1411.00;1
3370;11;622975674;3370;280;4109;4110;6.59;0.40;234.13;3.56;739;11;1412.00;1
3373;11;622975684;3373;278;4110;4111;6.59;0.40;234.08;3.56;737;11;1413.00;1
3376;11;622975693;3376;275;4111;4111;6.60;0.40;233.95;3.57;735;11;1414.00;0
3376;11;622975701;3376;284;4111;4111;6.67;0.41;233.95;3.57;735;11;1415.00;0
3377;11;622975710;3377;267;4115;4115;6.77;0.41;233.95;3.57;738;11;1416.00;0
3378;11;622975726;3378;263;4115;4115;6.90;0.42;233.92;3.57;737;11;1417.00;0
3382;11;622975734;3382;261;4115;4115;6.98;0.43;233.88;3.57;733;11;1418.00;0
3384;11;622975744;3384;260;4116;4116;7.08;0.43;233.99;3.57;732;11;1419.00;0
3386;11;622975759;3386;259;4120;4120;7.11;0.43;233.96;3.57;734;11;1420.00;0
3387;11;622975769;3387;261;4120;4120;7.18;0.44;233.97;3.57;733;11;1421.00;0
3390;11;622975778;3390;266;4122;4123;7.28;0.44;233.83;3.57;732;11;1422.00;1
3391;11;622975788;3391;262;4122;4123;7.36;0.45;233.88;3.57;731;11;1423.00;1
3393;11;622975797;3393;264;4123;4123;7.42;0.45;233.76;3.57;730;11;1424.00;0
3394;11;622975806;3394;268;4123;4123;7.49;0.46;233.74;3.57;729;11;1425.00;0
3395;11;622975815;3395;271;4127;4127;7.56;0.46;233.69;3.56;732;11;1426.00;0
3398;11;622975825;3398;267;4127;4127;7.57;0.46;233.72;3.56;729;11;1427.00;0
3399;11;622975833;3399;263;4127;4127;7.65;0.47;233.68;3.56;728;11;1428.00;0
3399;11;622975842;3399;265;4127;4127;7.70;0.47;233.68;3.56;728;11;1429.00;0
3401;11;622975851;3401;266;4128;4128;7.72;0.47;233.68;3.56;727;11;1430.00;0
3402;11;622975860;3402;266;4129;4129;7.78;0.47;233.62;3.56;727;11;1431.00;0
3405;11;622975868;3405;264;4129;4129;7.79;0.47;233.59;3.56;724;11;1432.00;0
3405;11;622975877;3405;259;4130;4130;7.84;0.48;233.59;3.56;725;11;1433.00;0
3409;11;622975886;3409;253;4130;4130;7.84;0.48;233.59;3.56;721;11;1434.00;0
3410;11;622975895;3410;244;4130;4130;7.91;0.48;233.57;3.56;720;11;1435.00;0
3410;11;622975903;3410;230;4130;4130;8.00;0.49;233.57;3.56;720;11;1436.00;0
3412;11;622975912;3412;219;4130;4130;8.12;0.49;233.62;3.56;718;11;1437.00;0
3413;11;622975921;3413;212;4130;4130;8.24;0.50;233.63;3.56;717;11;1438.00;0
3415;11;622975930;3415;204;4130;4130;8.38;0.51;233.62;3.56;715;11;1439.00;0
3417;11;622975941;3417;250;4254;4360;8.36;0.52;233.55;3.46;837;11;1440.00;106
3417;11;622975969;3417;235;4257;4361;8.49;0.53;233.55;3.46;840;11;1441.00;104
3419;11;622975979;3419;215;4265;4361;8.69;0.54;233.58;3.45;846;11;1442.00;96
3420;11;622975988;3420;207;4268;4361;8.83;0.55;233.58;3.45;848;11;1443.00;93
3421;11;622975998;3421;202;4274;4361;8.97;0.56;233.62;3.45;853;11;1444.00;87
3424;11;622976014;3424;192;4277;4361;9.13;0.57;233.55;3.45;853;11;1445.00;84
3425;11;622976030;3425;183;4282;4361;9.31;0.58;233.59;3.46;857;11;1446.00;79
3425;11;622976045;3425;181;4287;4361;9.44;0.58;233.59;3.46;862;11;1447.00;74
3428;11;622976061;3428;184;4291;4362;9.56;0.59;233.68;3.47;863;11;1448.00;71
3430;11;622976085;3430;189;4296;4363;9.66;0.59;233.70;3.47;866;11;1449.00;67
3430;12;622976104;3430;185;4301;4363;9.70;0.60;233.70;3.48;871;12;1450.00;62
3431;12;622976134;3431;189;4302;4364;9.76;0.60;233.68;3.48;871;12;1451.00;62
3432;12;622976151;3432;196;4303;4364;9.77;0.60;233.66;3.48;871;12;1452.00;61
3433;12;622976181;3433;201;4305;4364;9.81;0.60;233.66;3.49;872;12;1453.00;59
3433;12;622976196;3433;205;4307;4364;9.75;0.60;233.66;3.49;874;12;1454.00;57
3433;12;622976209;3433;211;4309;4368;9.73;0.60;233.66;3.50;876;12;1455.00;59
3435;12;622976222;3435;223;4310;4368;9.64;0.59;233.68;3.50;875;12;1456.00;58
3441;12;622976234;3441;233;4312;4368;9.53;0.58;233.64;3.50;871;12;1457.00;56
3444;12;622976246;3444;237;4314;4371;9.42;0.58;233.63;3.51;870;12;1458.00;57
3446;12;622976260;3446;235;4315;4371;9.41;0.58;233.61;3.51;869;12;1459.00;56
3446;12;622976272;3446;234;4316;4371;9.41;0.58;233.61;3.52;870;12;1460.00;55
3447;12;622976291;3447;225;4320;4375;9.43;0.58;233.63;3.52;873;12;1461.00;55
3451;12;622976305;3451;230;4321;4376;9.44;0.58;233.74;3.52;870;12;1462.00;55
3453;12;622976318;3453;228;4325;4376;9.44;0.58;233.76;3.53;872;12;1463.00;51
3458;12;622976347;3458;229;4326;4380;9.51;0.58;233.92;3.53;868;12;1464.00;54
3462;12;622976366;3462;228;4329;4380;9.57;0.59;233.91;3.54;867;12;1465.00;51
3467;12;622976378;3467;227;4330;4380;9.59;0.59;233.87;3.54;863;12;1466.00;50
3469;12;622976390;3469;226;4331;4381;9.66;0.59;233.83;3.55;862;12;1467.00;50
3472;12;622976401;3472;221;4331;4381;9.71;0.59;233.86;3.55;859;12;1468.00;50
3474;12;622976419;3474;219;4335;4387;9.80;0.60;233.82;3.55;861;12;1469.00;52
3476;12;622976434;3476;207;4336;4387;9.91;0.60;233.83;3.56;860;12;1470.00;51
3479;12;622976448;3479;207;4336;4388;10.06;0.61;233.84;3.56;857;12;1471.00;52
3482;12;622976461;3482;198;4337;4388;10.13;0.62;233.93;3.56;855;12;1472.00;51
3486;12;622976476;3486;197;4338;4388;10.19;0.62;233.93;3.57;852;12;1473.00;50
3491;12;622976489;3491;192;4339;4388;10.23;0.62;233.89;3.58;848;12;1474.00;49
3492;12;622976501;3492;195;4340;4388;10.22;0.62;234.01;3.58;848;12;1475.00;48
3495;12;622976513;3495;195;4350;4400;10.24;0.62;234.05;3.59;855;12;1476.00;50
3498;12;622976527;3498;200;4351;4400;10.19;0.62;234.22;3.59;853;12;1477.00;49
3500;12;622976539;3500;201;4352;4400;10.14;0.62;234.33;3.59;852;12;1478.00;48
3502;12;622976551;3502;203;4355;4400;10.11;0.62;234.32;3.60;853;12;1479.00;45
3505;12;622976562;3505;208;4357;4400;10.04;0.61;234.35;3.61;852;12;1480.00;43
3507;12;622976573;3507;204;4359;4400;10.03;0.61;234.28;3.63;852;12;1481.00;41
3509;12;622976585;3509;207;4363;4404;9.99;0.61;234.36;3.62;854;12;1482.00;41
3513;12;622976598;3513;200;4365;4404;9.94;0.61;234.49;3.64;852;12;1483.00;39
3515;12;622976610;3515;200;4370;4408;9.92;0.60;234.60;3.65;855;12;1484.00;38
3520;12;622976622;3520;204;4372;4410;9.86;0.60;234.71;3.65;852;12;1485.00;38
3522;12;622976635;3522;211;4373;4410;9.87;0.60;234.77;3.65;851;12;1486.00;37
3523;12;622976647;3523;213;4375;4410;9.89;0.60;234.74;3.67;852;12;1487.00;35
3525;12;622976658;3525;224;4384;4423;9.85;0.60;234.82;3.66;859;12;1488.00;39
3528;12;622976671;3528;228;4385;4423;9.78;0.60;234.92;3.67;857;12;1489.00;38
3529;12;622976682;3529;236;4387;4423;9.69;0.59;235.02;3.69;858;12;1490.00;36
3534;12;622976694;3534;239;4389;4424;9.59;0.59;235.18;3.70;855;12;1491.00;35
3536;12;622976705;3536;248;4391;4425;9.47;0.58;235.27;3.72;855;12;1492.00;34
3539;12;622976717;3539;255;4392;4425;9.38;0.57;235.24;3.73;853;12;1493.00;33
3542;12;622976728;3542;257;4394;4428;9.31;0.57;235.26;3.73;852;12;1494.00;34
3548;12;622976740;3548;265;4397;4428;9.22;0.56;235.50;3.77;849;12;1495.00;31
3549;12;622976752;3549;268;4399;4428;9.25;0.56;235.57;3.78;850;12;1496.00;29
3553;12;622976763;3553;270;4401;4428;9.20;0.56;235.62;3.80;848;12;1497.00;27
3558;12;622976775;3558;274;4408;4434;9.24;0.56;235.69;3.82;850;12;1498.00;26
3561;12;622976787;3561;280;4411;4434;9.23;0.56;235.75;3.84;850;12;1499.00;23
3563;12;622976801;3563;284;4417;4453;9.16;0.56;235.75;3.85;854;12;1500.00;36
3566;12;622976821;3566;282;4417;4453;9.10;0.56;235.89;3.85;851;12;1501.00;36
3568;12;622976832;3568;283;4421;4457;9.05;0.55;236.06;3.86;853;12;1502.00;36
3570;12;622976844;3570;292;4423;4458;8.94;0.55;236.03;3.86;853;12;1503.00;35
3574;12;622976856;3574;292;4424;4458;8.90;0.54;236.11;3.87;850;12;1504.00;34
3575;12;622976867;3575;297;4428;4459;8.74;0.53;236.17;3.87;853;12;1505.00;31
3576;12;622976878;3576;299;4430;4459;8.63;0.53;236.26;3.88;854;12;1506.00;29
3581;12;622976889;3581;303;4430;4459;8.45;0.52;236.58;3.88;849;12;1507.00;29
3582;12;622976907;3582;306;4432;4459;8.37;0.51;236.56;3.89;850;12;1508.00;27
3587;12;622976918;3587;306;4432;4459;8.29;0.51;236.56;3.89;845;12;1509.00;27
3588;12;622976928;3588;300;4434;4459;8.18;0.50;236.63;3.89;846;12;1510.00;25
3592;12;622976944;3592;299;4437;4459;8.09;0.49;236.93;3.90;845;12;1511.00;22
3596;12;622976955;3596;300;4469;4529;8.12;0.50;237.08;3.87;873;12;1512.00;60
3600;12;622976972;3600;298;4473;4530;8.07;0.49;237.08;3.87;873;12;1513.00;57
3605;12;622976983;3605;292;4478;4530;8.05;0.49;237.06;3.87;873;12;1514.00;52
3608;12;622976993;3608;293;4481;4530;8.07;0.49;237.05;3.87;873;12;1515.00;49
3609;12;622977004;3609;296;4486;4530;8.13;0.50;237.04;3.87;877;12;1516.00;44
3613;12;622977015;3613;300;4492;4530;8.06;0.49;237.15;3.88;879;12;1517.00;38
3614;12;622977026;3614;295;4494;4530;8.05;0.49;237.13;3.88;880;12;1518.00;36
3617;12;622977036;3617;299;4496;4530;8.00;0.49;237.12;3.88;879;12;1519.00;34
3621;12;622977047;3621;303;4499;4531;7.95;0.49;237.20;3.88;878;12;1520.00;32
3626;12;622977059;3626;301;4501;4532;7.90;0.48;237.36;3.88;875;12;1521.00;31
3627;12;622977073;3627;298;4504;4532;7.85;0.48;237.41;3.89;877;12;1522.00;28
3628;12;622977087;3628;309;4510;4536;7.75;0.47;237.47;3.89;882;12;1523.00;26
3632;12;622977099;3632;306;4510;4536;7.65;0.47;237.56;3.89;878;12;1524.00;26
3635;12;622977110;3635;309;4510;4536;7.58;0.46;237.58;3.89;875;12;1525.00;26
3640;12;622977121;3640;311;4510;4536;7.46;0.46;237.55;3.89;870;12;1526.00;26
3644;12;622977131;3644;315;4514;4542;7.35;0.45;237.56;3.89;870;12;1527.00;28
3646;12;622977143;3646;314;4514;4542;7.22;0.44;237.65;3.89;868;12;1528.00;28
3648;12;622977152;3648;313;4516;4542;7.10;0.44;237.70;3.90;868;12;1529.00;26
3652;12;622977163;3652;301;4518;4548;7.00;0.43;237.73;3.90;866;12;1530.00;30
3655;12;622977174;3655;306;4518;4548;6.88;0.42;237.86;3.90;863;12;1531.00;30
3662;12;622977184;3662;306;4521;4548;6.76;0.41;237.87;3.91;859;12;1532.00;27
3664;12;622977194;3664;305;4523;4549;6.71;0.41;237.99;3.92;859;12;1533.00;26
3668;12;622977203;3668;308;4526;4550;6.73;0.41;237.98;3.92;858;12;1534.00;24
3672;12;622977213;3672;310;4528;4550;6.72;0.41;238.05;3.93;856;12;1535.00;22
3673;12;622977223;3673;312;4538;4563;6.80;0.42;238.16;3.92;865;12;1536.00;25
3677;12;622977234;3677;304;4539;4563;6.84;0.42;238.27;3.92;862;12;1537.00;24
3678;12;622977244;3678;298;4541;4563;6.95;0.43;238.34;3.93;863;12;1538.00;22
3682;12;622977255;3682;295;4545;4564;6.99;0.43;238.30;3.94;863;12;1539.00;19
3686;12;622977265;3686;296;4547;4564;6.98;0.43;238.48;3.94;861;12;1540.00;17
3687;12;622977274;3687;293;4550;4568;7.08;0.44;238.54;3.94;863;12;1541.00;18
3690;12;622977284;3690;289;4551;4568;7.12;0.44;238.50;3.95;861;12;1542.00;17
3698;12;622977294;3698;298;4557;4572;7.04;0.43;238.59;3.94;859;12;1543.00;15
3705;12;622977311;3705;295;4557;4572;7.09;0.43;238.85;3.94;852;12;1544.00;15
3710;12;622977321;3710;308;4558;4572;7.13;0.43;238.73;3.94;848;12;1545.00;14
3712;12;622977331;3712;312;4558;4572;7.21;0.44;238.85;3.94;846;12;1546.00;14
3716;12;622977341;3716;312;4558;4572;7.19;0.44;238.82;3.94;842;12;1547.00;14
3721;12;622977351;3721;306;4570;4584;7.24;0.44;239.00;3.94;849;12;1548.00;14
3725;12;622977362;3725;302;4570;4584;7.17;0.44;239.11;3.94;845;12;1549.00;14
3725;12;622977372;3725;296;4571;4584;7.19;0.44;239.11;3.94;846;12;1550.00;13
3727;12;622977381;3727;299;4571;4584;7.17;0.44;239.18;3.94;844;12;1551.00;13
3732;12;622977391;3732;294;4571;4584;7.15;0.44;239.17;3.94;839;12;1552.00;13
3733;12;622977401;3733;300;4571;4584;7.15;0.44;239.14;3.94;838;12;1553.00;13
3736;12;622977410;3736;303;4572;4585;7.06;0.43;239.17;3.94;836;12;1554.00;13
3738;12;622977420;3738;310;4574;4587;6.98;0.43;239.19;3.93;836;12;1555.00;13
3743;12;622977430;3743;306;4580;4593;6.85;0.42;239.07;3.93;837;12;1556.00;13
3748;12;622977440;3748;304;4581;4594;6.74;0.41;239.06;3.93;833;12;1557.00;13
3749;12;622977450;3749;308;4581;4594;6.68;0.41;239.05;3.93;832;12;1558.00;13
3753;12;622977459;3753;312;4581;4594;6.58;0.40;239.14;3.93;828;12;1559.00;13
3757;12;622977471;3757;319;4586;4599;6.49;0.40;239.10;3.92;829;12;1560.00;13
3762;12;622977481;3762;317;4586;4599;6.44;0.39;239.08;3.92;824;12;1561.00;13
3767;12;622977491;3767;327;4586;4599;6.44;0.39;239.16;3.92;819;12;1562.00;13
3773;12;622977500;3773;333;4587;4600;6.40;0.39;239.12;3.92;814;12;1563.00;13
3776;12;622977509;3776;341;4591;4604;6.39;0.39;239.07;3.92;815;12;1564.00;13
3780;12;622977519;3780;339;4591;4604;6.31;0.38;239.18;3.92;811;12;1565.00;13
3784;12;622977528;3784;340;4593;4607;6.28;0.38;239.12;3.92;809;12;1566.00;14
3787;12;622977537;3787;348;4593;4607;6.20;0.38;239.14;3.92;806;12;1567.00;14
3794;12;622977546;3794;347;4594;4607;6.06;0.37;239.08;3.92;800;12;1568.00;13
3795;12;622977555;3795;349;4594;4607;5.99;0.36;239.04;3.92;799;12;1569.00;13
3799;12;622977564;3799;348;4598;4611;5.93;0.36;238.96;3.92;799;12;1570.00;13
3804;12;622977572;3804;354;4598;4611;5.85;0.35;238.95;3.92;794;12;1571.00;13
3807;12;622977582;3807;356;4598;4611;5.73;0.35;238.86;3.92;791;12;1572.00;13
3809;12;622977592;3809;357;4598;4611;5.63;0.34;238.94;3.92;789;12;1573.00;13
3809;12;622977600;3809;363;4599;4612;5.54;0.34;238.94;3.92;790;12;1574.00;13
3811;12;622977608;3811;357;4601;4614;5.52;0.34;238.92;3.91;790;12;1575.00;13
3812;12;622977617;3812;363;4601;4614;5.51;0.34;238.92;3.91;789;12;1576.00;13
3814;12;622977625;3814;355;4602;4615;5.48;0.33;238.94;3.91;788;12;1577.00;13
3816;12;622977633;3816;348;4602;4615;5.49;0.33;238.96;3.91;786;12;1578.00;13
3816;12;622977642;3816;339;4602;4615;5.52;0.34;238.96;3.91;786;12;1579.00;13
3817;12;622977650;3817;342;4602;4615;5.54;0.34;238.93;3.91;785;12;1580.00;13
3817;12;622977659;3817;342;4602;4615;5.62;0.34;238.93;3.91;785;12;1581.00;13
3818;12;622977667;3818;342;4602;4615;5.69;0.35;238.94;3.91;784;12;1582.00;13
3820;12;622977676;3820;339;4602;4615;5.75;0.35;238.98;3.91;782;12;1583.00;13
3820;12;622977685;3820;358;4673;4742;6.25;0.39;238.98;3.86;853;12;1584.00;69
3821;12;622977703;3821;354;4677;4743;6.34;0.39;238.96;3.85;856;12;1585.00;66
3823;12;622977718;3823;336;4684;4743;6.48;0.40;238.99;3.85;861;12;1586.00;59
3825;12;622977728;3825;308;4689;4743;6.66;0.41;238.92;3.88;864;12;1587.00;54
3826;12;622977738;3826;294;4693;4743;6.80;0.42;238.97;3.88;867;12;1588.00;50
3827;12;622977749;3827;280;4696;4743;6.90;0.43;238.96;3.88;869;12;1589.00;47
3828;12;622977761;3828;274;4699;4743;6.99;0.43;238.96;3.88;871;12;1590.00;44
3829;12;622977772;3829;267;4700;4743;7.06;0.43;238.94;3.88;871;12;1591.00;43
3829;12;622977783;3829;259;4702;4744;7.15;0.44;238.94;3.88;873;12;1592.00;42
3829;12;622977793;3829;257;4706;4745;7.24;0.44;238.94;3.89;877;12;1593.00;39
3830;12;622977804;3830;256;4708;4745;7.40;0.45;238.93;3.89;878;12;1594.00;37
3831;12;622977815;3831;255;4710;4746;7.49;0.46;238.92;3.89;879;12;1595.00;36
3832;12;622977826;3832;257;4711;4746;7.62;0.47;238.91;3.90;879;13;1596.00;35
3833;12;622977854;3833;255;4713;4746;7.78;0.48;238.89;3.90;880;13;1597.00;33
3834;12;622977866;3834;259;4717;4746;7.82;0.48;238.87;3.91;883;13;1598.00;29
3835;12;622977881;3835;260;4721;4750;7.96;0.49;238.87;3.91;886;13;1599.00;29
3835;12;622977894;3835;258;4723;4750;8.07;0.49;238.87;3.91;888;13;1600.00;27
3839;12;622977908;3839;259;4725;4750;8.16;0.50;238.99;3.92;886;13;1601.00;25
3840;12;622977920;3840;251;4726;4753;8.25;0.50;238.97;3.92;886;13;1602.00;27
3841;12;622977931;3841;254;4728;4753;8.37;0.51;238.95;3.93;887;13;1603.00;25
3842;12;622977943;3842;253;4730;4753;8.45;0.51;238.91;3.93;888;13;1604.00;23
3845;12;622977954;3845;253;4735;4757;8.49;0.52;238.95;3.93;890;13;1605.00;22
3847;12;622977966;3847;248;4737;4758;8.58;0.52;238.90;3.93;890;13;1606.00;21
3849;12;622977978;3849;248;4738;4758;8.70;0.53;238.86;3.93;889;13;1607.00;20
3850;12;622977989;3850;241;4740;4762;8.84;0.54;238.90;3.93;890;13;1608.00;22
3854;12;622978001;3854;236;4742;4762;8.93;0.54;238.93;3.93;888;13;1609.00;20
3855;12;622978017;3855;235;4742;4762;9.01;0.55;238.89;3.93;887;13;1610.00;20
3857;12;622978028;3857;230;4743;4763;9.05;0.55;238.85;3.93;886;13;1611.00;20
3859;12;622978043;3859;222;4743;4763;9.13;0.55;238.82;3.93;884;13;1612.00;20
3861;12;622978054;3861;219;4749;4769;9.23;0.56;238.82;3.96;888;13;1613.00;20
3861;12;622978067;3861;215;4749;4769;9.29;0.56;238.82;3.96;888;13;1614.00;20
3862;12;622978099;3862;211;4749;4770;9.36;0.57;238.81;3.96;887;13;1615.00;21
3862;12;622978115;3862;211;4749;4770;9.45;0.57;238.81;3.96;887;13;1616.00;21
3867;12;622978132;3867;208;4749;4770;9.49;0.58;238.83;3.96;882;13;1617.00;21
3870;12;622978150;3870;201;4749;4770;9.54;0.58;238.84;3.96;879;13;1618.00;21
3873;12;622978168;3873;203;4749;4770;9.65;0.58;238.87;3.96;876;13;1619.00;21
3877;12;622978184;3877;201;4775;4806;9.68;0.59;238.95;3.94;898;13;1620.00;31
3878;12;622978201;3878;198;4775;4806;9.85;0.60;238.97;3.94;897;13;1621.00;31
3883;12;622978214;3883;199;4778;4806;9.95;0.60;239.07;3.94;895;13;1622.00;28
3886;12;622978228;3886;202;4778;4806;10.06;0.61;239.19;3.94;892;13;1623.00;28
3887;12;622978240;3887;206;4779;4806;10.15;0.62;239.22;3.94;892;13;1624.00;27
3889;12;622978260;3889;202;4779;4806;10.23;0.62;239.33;3.94;890;13;1625.00;27
3895;12;622978273;3895;200;4783;4810;10.20;0.62;239.35;3.94;888;13;1626.00;27
3899;12;622978294;3899;209;4783;4810;10.19;0.62;239.50;3.94;884;13;1627.00;27
3900;12;622978307;3900;212;4787;4814;10.24;0.62;239.54;3.94;887;13;1628.00;27
3904;12;622978319;3904;213;4788;4815;10.29;0.62;239.56;3.94;884;13;1629.00;27
3905;12;622978331;3905;205;4788;4815;10.31;0.63;239.52;3.94;883;13;1630.00;27
3910;12;622978344;3910;207;4788;4815;10.26;0.62;239.56;3.94;878;13;1631.00;27
3914;12;622978357;3914;203;4799;4828;10.16;0.62;239.53;3.93;885;13;1632.00;29
3917;12;622978370;3917;190;4799;4828;10.13;0.62;239.54;3.93;882;13;1633.00;29
3920;12;622978382;3920;187;4799;4828;10.14;0.62;239.66;3.93;879;13;1634.00;29
3923;12;622978395;3923;183;4801;4829;10.21;0.62;239.65;3.94;878;13;1635.00;28
3924;12;622978407;3924;180;4801;4830;10.21;0.62;239.62;3.94;877;13;1636.00;29
3930;12;622978419;3930;176;4801;4830;10.18;0.62;239.65;3.94;871;13;1637.00;29
3936;12;622978431;3936;179;4803;4833;10.21;0.62;239.59;3.94;867;13;1638.00;30
3937;12;622978443;3937;179;4804;4833;10.28;0.62;239.58;3.93;867;13;1639.00;29
3941;12;622978455;3941;180;4804;4833;10.29;0.62;239.62;3.93;863;13;1640.00;29
3945;12;622978467;3945;180;4804;4833;10.32;0.63;239.65;3.93;859;13;1641.00;29
3947;12;622978479;3947;174;4809;4839;10.31;0.63;239.65;3.93;862;13;1642.00;30
3952;12;622978490;3952;174;4809;4839;10.20;0.62;239.67;3.93;857;13;1643.00;30
3956;12;622978502;3956;185;4809;4839;10.13;0.62;239.72;3.93;853;13;1644.00;30
3961;12;622978513;3961;188;4809;4839;10.10;0.61;239.81;3.93;848;13;1645.00;30
3966;12;622978525;3966;195;4812;4843;10.03;0.61;239.83;3.93;846;13;1646.00;31
3970;12;622978537;3970;196;4814;4844;10.07;0.61;239.98;3.94;844;13;1647.00;30
3973;12;622978549;3973;200;4814;4844;10.05;0.61;240.13;3.94;841;13;1648.00;30
3976;12;622978561;3976;205;4815;4845;10.03;0.61;240.18;3.94;839;13;1649.00;30
3980;12;622978583;3980;207;4815;4845;10.03;0.61;240.30;3.94;835;13;1650.00;30
3985;12;622978599;3985;205;4815;4845;9.97;0.61;240.49;3.94;830;13;1651.00;30
3986;12;622978612;3986;206;4816;4845;9.96;0.61;240.53;3.95;830;13;1652.00;29
3989;12;622978623;3989;209;4816;4845;9.97;0.61;240.64;3.95;827;13;1653.00;29
3992;12;622978635;3992;206;4816;4845;9.92;0.61;240.77;3.95;824;13;1654.00;29
3994;12;622978647;3994;206;4816;4845;9.96;0.61;240.78;3.95;822;13;1655.00;29
3999;12;622978659;3999;210;4855;4915;9.96;0.61;240.81;3.92;856;13;1656.00;60
4001;12;622978678;4001;207;4858;4916;9.90;0.60;240.93;3.92;857;13;1657.00;58
4003;12;622978692;4003;202;4863;4916;9.92;0.60;240.91;3.92;860;13;1658.00;53
4004;12;622978704;4004;209;4867;4916;9.89;0.60;240.96;3.92;863;13;1659.00;49
4006;12;622978715;4006;211;4871;4916;9.93;0.61;241.05;3.94;865;13;1660.00;45
4009;12;622978727;4009;209;4873;4916;9.97;0.61;241.02;3.94;864;13;1661.00;43
4012;12;622978739;4012;205;4876;4916;10.01;0.61;241.18;3.95;864;13;1662.00;40
4016;12;622978752;4016;207;4879;4916;10.00;0.61;241.32;3.96;863;13;1663.00;37
4019;12;622978765;4019;205;4880;4917;9.99;0.61;241.29;3.96;861;13;1664.00;37
4022;12;622978778;4022;212;4886;4919;9.90;0.60;241.46;3.98;864;13;1665.00;33
4024;12;622978791;4024;216;4889;4919;9.86;0.60;241.54;3.98;865;13;1666.00;30
4026;12;622978804;4026;218;4892;4923;9.74;0.59;241.62;3.99;866;13;1667.00;31
4028;12;622978817;4028;221;4893;4923;9.62;0.59;241.54;3.99;865;13;1668.00;30
4031;12;622978829;4031;226;4895;4923;9.51;0.58;241.74;4.00;864;13;1669.00;28
4033;12;622978844;4033;233;4895;4923;9.42;0.58;241.85;4.00;862;13;1670.00;28
4037;12;622978856;4037;235;4902;4929;9.40;0.57;241.83;4.01;865;13;1671.00;27
4043;12;622978870;4043;246;4902;4929;9.32;0.57;241.86;4.01;859;13;1672.00;27
4046;12;622978889;4046;258;4903;4929;9.24;0.56;241.98;4.02;857;13;1673.00;26
4048;12;622978900;4048;262;4906;4932;9.20;0.56;242.06;4.02;858;13;1674.00;26
4050;12;622978913;4050;272;4906;4932;9.09;0.55;242.08;4.02;856;13;1675.00;26
4050;12;622978923;4050;278;4910;4932;8.98;0.55;242.08;4.04;860;13;1676.00;22
4054;12;622978934;4054;282;4910;4933;8.75;0.53;242.17;4.04;856;13;1677.00;23
4058;12;622978945;4058;288;4912;4934;8.52;0.52;242.23;4.05;854;13;1678.00;22
4058;12;622978955;4058;289;4912;4934;8.37;0.51;242.23;4.05;854;13;1679.00;22
4063;12;622978968;4063;296;4931;4960;8.15;0.50;242.35;4.04;868;13;1680.00;29
4064;12;622978980;4064;286;4932;4960;8.00;0.49;242.32;4.04;868;13;1681.00;28
4067;12;622978990;4067;286;4935;4960;7.87;0.48;242.43;4.04;868;13;1682.00;25
4069;12;622979000;4069;284;4937;4961;7.86;0.48;242.43;4.04;868;13;1683.00;24
4072;12;622979010;4072;283;4938;4961;7.74;0.47;242.48;4.04;866;13;1684.00;23
4074;12;622979020;4074;282;4943;4965;7.75;0.47;242.58;4.04;869;13;1685.00;22
4079;12;622979030;4079;279;4944;4965;7.68;0.47;242.53;4.04;865;13;1686.00;21
4084;12;622979041;4084;284;4947;4969;7.62;0.47;242.52;4.04;863;13;1687.00;22
4085;12;622979050;4085;280;4948;4969;7.61;0.47;242.61;4.05;863;13;1688.00;21
4088;12;622979061;4088;288;4948;4969;7.56;0.46;242.77;4.05;860;13;1689.00;21
4092;12;622979072;4092;290;4948;4969;7.43;0.45;243.03;4.05;856;13;1690.00;21
4095;12;622979083;4095;296;4950;4969;7.38;0.45;243.18;4.05;855;13;1691.00;19
4099;12;622979093;4099;293;4960;4981;7.32;0.45;243.16;4.04;861;13;1692.00;21
4103;12;622979105;4103;305;4960;4981;7.24;0.44;243.14;4.04;857;13;1693.00;21
4109;12;622979114;4109;309;4962;4981;7.15;0.44;243.33;4.04;853;13;1694.00;19
4111;12;622979124;4111;309;4963;4981;7.07;0.43;243.39;4.04;852;13;1695.00;18
4113;12;622979133;4113;306;4963;4981;6.96;0.43;243.36;4.04;850;13;1696.00;18
4118;12;622979142;4118;316;4963;4981;6.74;0.41;243.41;4.04;845;13;1697.00;18
4119;12;622979151;4119;327;4964;4982;6.59;0.40;243.36;4.04;845;13;1698.00;18
4123;12;622979159;4123;338;4964;4982;6.45;0.40;243.50;4.04;841;13;1699.00;18
4127;12;622979169;4127;328;4970;4988;6.38;0.39;243.62;4.04;843;13;1700.00;18
4127;12;622979182;4127;330;4971;4989;6.30;0.39;243.62;4.04;844;13;1701.00;18
4130;12;622979190;4130;329;4971;4989;6.27;0.39;243.67;4.04;841;13;1702.00;18
4132;12;622979198;4132;327;4971;4989;6.23;0.38;243.78;4.04;839;13;1703.00;18
4135;12;622979207;4135;321;4975;4993;6.27;0.39;243.71;4.03;840;13;1704.00;18
4138;12;622979216;4138;319;4975;4993;6.24;0.38;243.77;4.03;837;13;1705.00;18
4141;12;622979224;4141;321;4975;4993;6.18;0.38;243.75;4.03;834;13;1706.00;18
4145;12;622979233;4145;315;4976;4994;6.18;0.38;243.74;4.03;831;13;1707.00;18
4147;12;622979242;4147;311;4980;4998;6.24;0.38;243.84;4.03;833;13;1708.00;18
4150;12;622979252;4150;310;4980;4998;6.22;0.38;243.78;4.03;830;13;1709.00;18
4153;12;622979262;4153;311;4984;5004;6.27;0.38;243.86;4.03;831;13;1710.00;20
4157;12;622979271;4157;303;4985;5004;6.29;0.39;243.90;4.03;828;13;1711.00;19
4159;12;622979281;4159;301;4986;5004;6.31;0.39;243.86;4.02;827;13;1712.00;18
4164;12;622979291;4164;302;4986;5004;6.25;0.38;243.88;4.02;822;13;1713.00;18
4168;12;622979301;4168;303;4990;5008;6.29;0.39;243.89;4.02;822;13;1714.00;18
4170;12;622979311;4170;301;4990;5008;6.34;0.39;243.89;4.02;820;13;1715.00;18
4173;12;622979320;4173;303;4990;5008;6.38;0.39;243.88;4.02;817;13;1716.00;18
4177;12;622979329;4177;308;4990;5008;6.36;0.39;243.80;4.02;813;13;1717.00;18
4184;12;622979338;4184;314;4991;5009;6.34;0.39;243.75;4.02;807;13;1718.00;18
4185;12;622979348;4185;317;4992;5010;6.32;0.39;243.72;4.02;807;13;1719.00;18
4192;12;622979358;4192;314;4992;5010;6.18;0.38;243.66;4.02;800;13;1720.00;18
4194;12;622979367;4194;314;4993;5011;6.08;0.37;243.58;4.02;799;13;1721.00;18
4198;12;622979376;4198;321;4993;5011;5.98;0.36;243.52;4.02;795;13;1722.00;18
4201;12;622979384;4201;325;4993;5011;5.89;0.36;243.54;4.02;792;13;1723.00;18
4203;12;622979392;4203;330;4993;5011;5.86;0.36;243.50;4.02;790;13;1724.00;18
4206;12;622979402;4206;326;4993;5011;5.83;0.36;243.65;4.02;787;13;1725.00;18
4210;12;622979410;4210;328;4993;5011;5.78;0.35;243.66;4.02;783;13;1726.00;18
4213;12;622979418;4213;326;4993;5011;5.77;0.35;243.62;4.02;780;13;1727.00;18
4216;12;622979427;4216;339;5071;5138;6.19;0.38;243.53;3.96;855;13;1728.00;67
4219;12;622979445;4219;333;5074;5139;6.16;0.38;243.56;3.96;855;13;1729.00;65
4219;12;622979454;4219;331;5082;5139;6.31;0.39;243.56;3.95;863;13;1730.00;57
4224;12;622979463;4224;329;5082;5139;6.33;0.39;243.60;3.95;858;13;1731.00;57
4226;12;622979473;4226;325;5089;5139;6.42;0.40;243.57;3.95;863;13;1732.00;50
4229;12;622979482;4229;324;5092;5139;6.40;0.40;243.62;3.96;863;13;1733.00;47
4231;12;622979492;4231;322;5094;5139;6.33;0.39;243.66;3.96;863;13;1734.00;45
4234;12;622979502;4234;327;5097;5139;6.32;0.39;243.61;3.96;863;13;1735.00;42
4238;12;622979511;4238;333;5100;5140;6.24;0.38;243.61;3.96;862;13;1736.00;40
4242;12;622979521;4242;334;5104;5141;6.16;0.38;243.70;3.96;862;13;1737.00;37
4243;12;622979531;4243;342;5107;5141;6.17;0.38;243.73;3.97;864;13;1738.00;34
4245;12;622979542;4245;335;5110;5142;6.13;0.38;243.80;3.97;865;13;1739.00;32
4247;12;622979555;4247;326;5112;5142;6.17;0.38;243.82;4.03;865;13;1740.00;30
4249;12;622979566;4249;328;5115;5142;6.24;0.38;243.81;4.03;866;13;1741.00;27
4253;12;622979576;4253;336;5115;5142;6.22;0.38;243.81;4.03;862;13;1742.00;27
4254;12;622979586;4254;338;5120;5146;6.23;0.38;243.79;4.03;866;13;1743.00;26
4256;12;622979598;4256;332;5120;5146;6.29;0.39;243.83;4.03;864;13;1744.00;26
4257;13;622979608;4257;333;5121;5146;6.33;0.39;243.84;4.04;864;14;1745.00;25
4260;13;622979629;4260;336;5123;5149;6.34;0.39;243.80;4.03;863;14;1746.00;26
4263;13;622979640;4263;321;5124;5149;6.38;0.39;243.94;4.04;861;14;1747.00;25
4263;13;622979651;4263;310;5124;5149;6.43;0.39;243.94;4.04;861;14;1748.00;25
4265;13;622979661;4265;309;5129;5153;6.50;0.40;243.98;4.04;864;14;1749.00;24
4266;13;622979672;4266;300;5130;5154;6.58;0.40;244.00;4.04;864;14;1750.00;24
4268;13;622979682;4268;295;5131;5154;6.66;0.41;243.96;4.04;863;14;1751.00;23
4271;13;622979692;4271;285;5135;5158;6.72;0.41;243.83;4.04;864;14;1752.00;23
4275;13;622979708;4275;278;5136;5158;6.83;0.41;243.82;4.04;861;14;1753.00;22
4277;13;622979719;4277;276;5137;5158;6.94;0.42;243.74;4.05;860;14;1754.00;21
4279;13;622979729;4279;275;5138;5160;7.06;0.43;243.76;4.05;859;14;1755.00;22
4279;13;622979741;4279;256;5140;5160;7.13;0.43;243.76;4.11;861;14;1756.00;20
4281;13;622979752;4281;240;5145;5166;7.25;0.44;243.73;4.11;864;14;1757.00;21
4284;13;622979764;4284;228;5145;5166;7.33;0.44;243.74;4.11;861;14;1758.00;21
4286;13;622979775;4286;223;5147;5167;7.42;0.45;243.82;4.11;861;14;1759.00;20
4287;13;622979786;4287;210;5147;5167;7.56;0.46;243.90;4.11;860;14;1760.00;20
4290;13;622979797;4290;208;5147;5167;7.67;0.46;243.90;4.11;857;14;1761.00;20
4295;13;622979808;4295;203;5147;5167;7.82;0.47;243.96;4.11;852;14;1762.00;20
4296;13;622979820;4296;197;5147;5167;7.96;0.48;244.00;4.11;851;14;1763.00;20
4297;13;622979832;4297;199;5156;5179;8.14;0.49;244.01;4.10;859;14;1764.00;23
4301;13;622979845;4301;191;5156;5179;8.26;0.50;244.06;4.10;855;14;1765.00;23
4302;13;622979856;4302;194;5158;5179;8.37;0.51;244.07;4.10;856;14;1766.00;21
4305;13;622979868;4305;183;5158;5179;8.48;0.51;244.08;4.10;853;14;1767.00;21
4307;13;622979879;4307;180;5158;5179;8.58;0.52;244.15;4.10;851;14;1768.00;21
4309;13;622979891;4309;176;5159;5179;8.65;0.53;244.30;4.16;850;14;1769.00;20
4310;13;622979904;4310;168;5162;5183;8.75;0.53;244.28;4.16;852;14;1770.00;21
4313;14;622979915;4313;161;5162;5183;8.86;0.54;244.38;4.16;849;15;1771.00;21
4314;14;622979939;4314;153;5166;5187;8.92;0.54;244.40;4.16;852;15;1772.00;21
4319;14;622979950;4319;149;5167;5188;8.98;0.55;244.42;4.16;848;15;1773.00;21
4321;14;622979963;4321;145;5167;5188;9.08;0.55;244.49;4.16;846;15;1774.00;21
4325;14;622979975;4325;140;5167;5188;9.17;0.56;244.55;4.16;842;15;1775.00;21
4328;14;622979986;4328;146;5177;5201;9.34;0.57;244.52;4.15;849;15;1776.00;24
4329;14;622980005;4329;149;5178;5201;9.51;0.58;244.49;4.15;849;15;1777.00;23
4333;14;622980023;4333;147;5178;5201;9.59;0.58;244.53;4.15;845;15;1778.00;23
4338;14;622980040;4338;147;5179;5202;9.65;0.58;244.64;4.15;841;15;1779.00;23
4340;14;622980054;4340;147;5180;5203;9.68;0.59;244.65;4.21;840;15;1780.00;23
4341;14;622980067;4341;146;5180;5203;9.68;0.59;244.74;4.21;839;15;1781.00;23
4342;14;622980084;4342;150;5182;5206;9.70;0.59;244.70;4.21;840;15;1782.00;24
4343;14;622980107;4343;146;5183;5206;9.67;0.59;244.71;4.28;840;15;1783.00;23
4346;14;622980126;4346;148;5184;5206;9.71;0.59;244.80;4.28;838;15;1784.00;22
4347;14;622980145;4347;149;5184;5206;9.72;0.59;244.81;4.28;837;15;1785.00;22
4353;14;622980165;4353;152;5189;5212;9.65;0.58;244.84;4.27;836;15;1786.00;23
4356;14;622980184;4356;151;5189;5212;9.67;0.58;244.83;4.27;833;15;1787.00;23
4358;14;622980199;4358;163;5189;5212;9.66;0.58;244.80;4.27;831;15;1788.00;23
4359;14;622980212;4359;155;5189;5212;9.71;0.59;244.78;4.27;830;15;1789.00;23
4362;14;622980225;4362;158;5192;5216;9.80;0.59;244.73;4.27;830;15;1790.00;24
4364;14;622980236;4364;158;5193;5217;9.81;0.59;244.74;4.27;829;15;1791.00;24
4366;14;622980249;4366;149;5194;5217;9.92;0.60;244.76;4.34;828;15;1792.00;23
4368;14;622980263;4368;148;5195;5218;10.07;0.61;244.75;4.34;827;15;1793.00;23
4371;14;622980275;4371;146;5195;5218;10.11;0.61;244.83;4.34;824;15;1794.00;23
4372;14;622980294;4372;141;5195;5218;10.18;0.62;244.83;4.34;823;15;1795.00;23
4375;14;622980307;4375;138;5195;5218;10.25;0.62;244.86;4.34;820;15;1796.00;23
4376;14;622980320;4376;137;5195;5218;10.27;0.62;244.87;4.34;819;15;1797.00;23
4377;14;622980338;4377;134;5195;5218;10.32;0.62;244.86;4.34;818;15;1798.00;23
4381;14;622980350;4381;131;5195;5218;10.23;0.62;245.01;4.34;814;15;1799.00;23
4383;14;622980365;4383;154;5257;5356;9.95;0.61;245.08;4.29;874;15;1800.00;99
4389;14;622980391;4389;147;5257;5357;9.95;0.61;245.14;4.29;868;15;1801.00;100
4392;14;622980404;4392;136;5268;5357;10.02;0.61;245.32;4.28;876;15;1802.00;89
4394;14;622980417;4394;131;5268;5357;10.06;0.62;245.34;4.28;874;15;1803.00;89
4399;14;622980428;4399;131;5273;5357;10.11;0.62;245.41;4.28;874;15;1804.00;84
4403;14;622980441;4403;128;5278;5357;10.13;0.62;245.43;4.30;875;15;1805.00;79
4406;14;622980454;4406;135;5284;5357;10.14;0.62;245.45;4.30;878;15;1806.00;73
4408;14;622980466;4408;136;5290;5357;10.17;0.62;245.55;4.31;882;15;1807.00;67
4411;14;622980479;4411;143;5296;5358;10.13;0.62;245.71;4.31;885;15;1808.00;62
4415;14;622980498;4415;146;5301;5359;10.09;0.62;245.70;4.32;886;15;1809.00;58
4418;14;622980511;4418;150;5303;5359;10.03;0.61;245.81;4.32;885;15;1810.00;56
4421;14;622980523;4421;155;5310;5363;9.94;0.61;245.83;4.32;889;15;1811.00;53
4424;14;622980536;4424;152;5311;5363;9.87;0.60;246.00;4.32;887;15;1812.00;52
4428;14;622980548;4428;148;5311;5363;9.78;0.60;246.03;4.32;883;15;1813.00;52
4433;14;622980560;4433;145;5312;5363;9.69;0.59;246.11;4.32;879;15;1814.00;51
4436;14;622980575;4436;147;5316;5369;9.61;0.59;246.18;4.32;880;15;1815.00;53
4440;14;622980588;4440;155;5316;5369;9.55;0.58;246.16;4.32;876;15;1816.00;53
4445;14;622980601;4445;156;5316;5369;9.53;0.58;246.18;4.32;871;15;1817.00;53
4445;14;622980623;4445;160;5318;5372;9.53;0.58;246.18;4.32;873;15;1818.00;54
4449;14;622980635;4449;171;5319;5372;9.45;0.58;246.18;4.32;870;15;1819.00;53
4452;14;622980647;4452;174;5320;5372;9.44;0.58;246.36;4.33;868;15;1820.00;52
4458;14;622980659;4458;180;5321;5373;9.42;0.58;246.55;4.33;863;15;1821.00;52
4461;14;622980670;4461;182;5323;5374;9.42;0.58;246.65;4.33;862;15;1822.00;51
4464;14;622980681;4464;186;5326;5374;9.41;0.58;246.72;4.34;862;15;1823.00;48
4465;14;622980693;4465;185;5333;5387;9.39;0.57;246.72;4.33;868;15;1824.00;54
4471;14;622980706;4471;184;5335;5387;9.36;0.57;246.89;4.34;864;15;1825.00;52
4476;14;622980718;4476;190;5337;5387;9.40;0.57;247.01;4.34;861;15;1826.00;50
4478;14;622980729;4478;195;5339;5388;9.41;0.57;247.00;4.34;861;15;1827.00;49
4482;14;622980741;4482;200;5339;5388;9.40;0.57;247.04;4.34;857;15;1828.00;49
4483;14;622980753;4483;203;5342;5392;9.40;0.57;247.01;4.33;859;15;1829.00;50
4485;14;622980767;4485;206;5344;5392;9.32;0.57;247.08;4.34;859;15;1830.00;48
4488;14;622980779;4488;210;5348;5396;9.22;0.56;247.25;4.35;860;15;1831.00;48
4491;14;622980791;4491;213;5348;5396;9.12;0.56;247.30;4.35;857;15;1832.00;48
4493;14;622980801;4493;216;5350;5396;9.02;0.55;247.37;4.36;857;15;1833.00;46
4498;14;622980812;4498;215;5350;5396;8.93;0.54;247.45;4.36;852;15;1834.00;46
4501;14;622980823;4501;226;5351;5396;8.87;0.54;247.43;4.37;850;15;1835.00;45
4503;14;622980834;4503;233;5362;5408;8.85;0.54;247.48;4.37;859;15;1836.00;46
4505;14;622980847;4505;231;5363;5408;8.76;0.53;247.47;4.37;858;15;1837.00;45
4509;14;622980857;4509;236;5364;5408;8.66;0.53;247.55;4.37;855;15;1838.00;44
4511;14;622980869;4511;242;5366;5408;8.60;0.52;247.67;4.39;855;15;1839.00;42
4516;14;622980880;4516;251;5366;5408;8.50;0.52;247.81;4.39;850;15;1840.00;42
4516;14;622980890;4516;258;5367;5408;8.37;0.51;247.81;4.40;851;15;1841.00;41
4518;14;622980900;4518;266;5369;5409;8.28;0.51;247.88;4.41;851;15;1842.00;40
4518;14;622980911;4518;272;5369;5409;8.19;0.50;247.88;4.41;851;15;1843.00;40
4521;14;622980922;4521;279;5376;5415;8.21;0.50;248.00;4.43;855;15;1844.00;39
4523;14;622980933;4523;285;5377;5417;8.09;0.50;248.03;4.42;854;15;1845.00;40
4525;14;622980944;4525;292;5378;5417;7.98;0.49;248.02;4.42;853;15;1846.00;39
4528;14;622980955;4528;299;5379;5417;7.86;0.48;248.06;4.43;851;15;1847.00;38
4531;14;622980964;4531;303;5383;5421;7.73;0.48;248.06;4.44;852;15;1848.00;38
4534;14;622980976;4534;305;5384;5421;7.59;0.47;247.98;4.44;850;15;1849.00;37
4535;14;622980986;4535;303;5385;5421;7.51;0.46;247.94;4.45;850;15;1850.00;36
4538;14;622980996;4538;304;5388;5422;7.39;0.45;247.98;4.45;850;15;1851.00;34
4540;14;622981006;4540;308;5391;5426;7.28;0.45;247.94;4.45;851;15;1852.00;35
4544;14;622981016;4544;307;5392;5426;7.21;0.44;248.07;4.46;848;15;1853.00;34
4546;14;622981026;4546;309;5394;5429;7.24;0.45;248.26;4.46;848;15;1854.00;35
4549;14;622981036;4549;310;5395;5429;7.22;0.45;248.30;4.46;846;15;1855.00;34
4551;14;622981044;4551;307;5396;5429;7.20;0.44;248.27;4.46;845;15;1856.00;33
4552;14;622981054;4552;309;5396;5429;7.17;0.44;248.23;4.46;844;15;1857.00;33
4557;14;622981063;4557;315;5401;5433;7.17;0.44;248.21;4.46;844;15;1858.00;32
4559;14;622981075;4559;310;5404;5433;7.09;0.44;248.13;4.47;845;15;1859.00;29
4561;14;622981085;4561;317;5404;5433;6.99;0.43;248.12;4.47;843;15;1860.00;29
4563;14;622981095;4563;319;5405;5433;6.88;0.42;248.12;4.47;842;15;1861.00;28
4564;14;622981104;4564;322;5406;5434;6.73;0.42;248.12;4.47;842;15;1862.00;28
4568;14;622981112;4568;326;5407;5435;6.53;0.40;248.12;4.47;839;15;1863.00;28
4569;14;622981121;4569;328;5407;5435;6.41;0.40;248.11;4.47;838;15;1864.00;28
4573;14;622981130;4573;339;5408;5436;6.26;0.39;248.10;4.47;835;15;1865.00;28
4578;14;622981139;4578;342;5408;5436;6.12;0.38;248.11;4.47;830;15;1866.00;28
4583;14;622981147;4583;350;5408;5436;5.96;0.37;248.18;4.47;825;15;1867.00;28
4587;14;622981155;4587;353;5408;5436;5.76;0.36;248.32;4.47;821;15;1868.00;28
4589;14;622981162;4589;358;5408;5436;5.66;0.35;248.26;4.47;819;15;1869.00;28
4593;14;622981170;4593;356;5408;5436;5.55;0.34;248.31;4.47;815;15;1870.00;28
4598;14;622981178;4598;353;5408;5436;5.45;0.34;248.18;4.47;810;15;1871.00;28
4601;14;622981186;4601;383;5481;5563;5.86;0.37;248.24;4.41;880;15;1872.00;82
4601;14;622981203;4601;368;5486;5564;5.90;0.37;248.24;4.41;885;15;1873.00;78
4605;14;622981211;4605;366;5494;5564;5.89;0.37;248.24;4.40;889;15;1874.00;70
4609;14;622981219;4609;371;5494;5564;5.89;0.37;248.27;4.40;885;15;1875.00;70
4611;14;622981228;4611;370;5501;5564;5.90;0.37;248.20;4.40;890;15;1876.00;63
4615;14;622981235;4615;362;5502;5564;5.87;0.37;248.31;4.40;887;15;1877.00;62
4619;14;622981244;4619;367;5507;5564;5.90;0.37;248.23;4.40;888;15;1878.00;57
4622;14;622981253;4622;362;5508;5564;5.94;0.37;248.21;4.40;886;15;1879.00;56
4625;14;622981262;4625;368;5511;5565;5.96;0.37;248.18;4.41;886;15;1880.00;54
4629;14;622981270;4629;369;5515;5566;5.97;0.37;248.27;4.41;886;15;1881.00;51
4631;14;622981279;4631;370;5520;5568;6.02;0.37;248.27;4.41;889;15;1882.00;48
4635;14;622981288;4635;371;5523;5569;6.00;0.37;248.21;4.41;888;15;1883.00;46
4640;14;622981297;4640;377;5528;5569;5.95;0.37;248.18;4.42;888;15;1884.00;41
4641;14;622981306;4641;380;5531;5569;5.97;0.37;248.16;4.42;890;15;1885.00;38
4645;14;622981315;4645;383;5531;5569;5.94;0.37;248.21;4.42;886;15;1886.00;38
4648;14;622981324;4648;387;5535;5573;5.94;0.37;248.23;4.42;887;15;1887.00;38
4649;14;622981333;4649;390;5536;5573;6.00;0.37;248.21;4.42;887;15;1888.00;37
4651;14;622981342;4651;392;5536;5573;6.02;0.37;248.29;4.42;885;15;1889.00;37
4653;14;622981352;4653;393;5541;5579;6.01;0.37;248.31;4.43;888;15;1890.00;38
4656;14;622981362;4656;380;5543;5579;6.02;0.37;248.28;4.43;887;15;1891.00;36
4659;14;622981371;4659;374;5544;5579;6.03;0.37;248.26;4.43;885;15;1892.00;35
4663;14;622981381;4663;365;5549;5583;6.04;0.37;248.20;4.43;886;15;1893.00;34
4665;14;622981392;4665;362;5551;5584;6.04;0.37;248.19;4.43;886;15;1894.00;33
4668;14;622981401;4668;355;5552;5584;6.06;0.37;248.13;4.43;884;15;1895.00;32
4671;14;622981412;4671;363;5557;5588;6.10;0.37;248.14;4.43;886;15;1896.00;31
4674;14;622981422;4674;363;5557;5588;6.12;0.37;248.21;4.43;883;15;1897.00;31
4680;14;622981432;4680;367;5558;5588;6.10;0.37;248.11;4.43;878;15;1898.00;30
4685;14;622981442;4685;359;5559;5589;6.09;0.37;248.14;4.43;874;15;1899.00;30
4686;14;622981452;4686;359;5559;5589;6.11;0.37;248.17;4.43;873;15;1900.00;30
4690;14;622981466;4690;357;5564;5595;6.10;0.37;248.30;4.43;874;15;1901.00;31
4692;14;622981477;4692;359;5564;5595;6.07;0.37;248.37;4.43;872;15;1902.00;31
4696;14;622981487;4696;359;5564;5596;6.06;0.37;248.34;4.43;868;15;1903.00;32
4699;14;622981497;4699;357;5564;5596;6.11;0.37;248.27;4.43;865;15;1904.00;32
4701;14;622981507;4701;365;5564;5596;6.17;0.38;248.33;4.43;863;15;1905.00;32
4704;14;622981517;4704;359;5564;5596;6.21;0.38;248.33;4.43;860;15;1906.00;32
4705;14;622981527;4705;364;5564;5596;6.26;0.38;248.32;4.43;859;15;1907.00;32
4709;14;622981542;4709;367;5573;5608;6.40;0.39;248.30;4.42;864;15;1908.00;35
4712;14;622981553;4712;363;5573;5608;6.43;0.39;248.32;4.42;861;15;1909.00;35
4714;14;622981563;4714;360;5575;5608;6.48;0.40;248.23;4.42;861;15;1910.00;33
4718;14;622981573;4718;354;5575;5608;6.50;0.40;248.21;4.42;857;15;1911.00;33
4721;14;622981583;4721;352;5575;5608;6.52;0.40;248.23;4.42;854;15;1912.00;33
4722;14;622981593;4722;353;5575;5608;6.53;0.40;248.27;4.42;853;15;1913.00;33
4725;14;622981604;4725;348;5578;5612;6.61;0.40;248.33;4.42;853;15;1914.00;34
4727;14;622981615;4727;344;5578;5612;6.64;0.40;248.30;4.42;851;15;1915.00;34
4728;14;622981625;4728;340;5582;5616;6.65;0.40;248.32;4.42;854;15;1916.00;34
4730;14;622981635;4730;318;5583;5617;6.66;0.41;248.28;4.42;853;15;1917.00;34
4732;14;622981651;4732;307;5583;5617;6.65;0.41;248.23;4.42;851;15;1918.00;34
4736;14;622981662;4736;300;5584;5617;6.63;0.40;248.25;4.50;848;15;1919.00;33
4737;14;622981677;4737;300;5608;5646;6.85;0.42;248.29;4.48;871;15;1920.00;38
4740;14;622981691;4740;289;5608;5646;6.91;0.42;248.34;4.48;868;15;1921.00;38
4743;14;622981703;4743;293;5609;5646;6.99;0.43;248.46;4.48;866;15;1922.00;37
4746;14;622981714;4746;284;5610;5647;7.12;0.43;248.53;4.48;864;15;1923.00;37
4748;14;622981727;4748;278;5610;5648;7.15;0.44;248.64;4.48;862;15;1924.00;38
4749;14;622981738;4749;275;5610;5648;7.18;0.44;248.71;4.48;861;15;1925.00;38
4751;14;622981761;4751;260;5612;5651;7.24;0.44;248.81;4.48;861;15;1926.00;39
4753;14;622981774;4753;248;5612;5651;7.32;0.45;248.83;4.48;859;15;1927.00;39
4755;14;622981787;4755;243;5613;5651;7.42;0.45;248.79;4.48;858;15;1928.00;38
4756;14;622981799;4756;240;5613;5651;7.55;0.46;248.80;4.48;857;15;1929.00;38
4758;14;622981811;4758;235;5618;5657;7.63;0.46;248.83;4.47;860;15;1930.00;39
4761;14;622981824;4761;227;5618;5657;7.73;0.47;248.99;4.47;857;15;1931.00;39
4763;14;622981838;4763;219;5618;5657;7.80;0.47;249.01;4.47;855;15;1932.00;39
4765;14;622981850;4765;218;5618;5657;7.91;0.48;249.08;4.47;853;15;1933.00;39
4767;14;622981863;4767;215;5621;5661;7.97;0.48;249.16;4.47;854;15;1934.00;40
4768;14;622981876;4768;214;5623;5663;8.10;0.49;249.22;4.47;855;15;1935.00;40
4771;14;622981889;4771;213;5623;5663;8.19;0.49;249.23;4.47;852;15;1936.00;40
4773;14;622981902;4773;210;5624;5664;8.28;0.50;249.35;4.47;851;15;1937.00;40
4775;14;622981915;4775;211;5624;5664;8.37;0.51;249.27;4.47;849;15;1938.00;40
4778;14;622981927;4778;209;5624;5664;8.44;0.51;249.39;4.47;846;15;1939.00;40
4778;14;622981940;4778;208;5624;5664;8.52;0.52;249.39;4.47;846;15;1940.00;40
4780;14;622981953;4780;208;5625;5664;8.63;0.52;249.34;4.56;845;15;1941.00;39
4780;14;622981965;4780;212;5625;5664;8.73;0.53;249.34;4.56;845;15;1942.00;39
4783;14;622981977;4783;209;5625;5664;8.76;0.53;249.40;4.56;842;15;1943.00;39
4785;14;622981996;4785;230;5667;5734;8.64;0.53;249.41;4.53;882;15;1944.00;67
4790;14;622982020;4790;221;5667;5735;8.71;0.53;249.55;4.53;877;15;1945.00;68
4791;14;622982033;4791;219;5672;5735;8.86;0.54;249.56;4.52;881;15;1946.00;63
4792;14;622982047;4792;209;5672;5735;8.99;0.55;249.55;4.52;880;15;1947.00;63
4794;14;622982060;4794;206;5675;5735;9.16;0.56;249.58;4.52;881;15;1948.00;60
4797;14;622982072;4797;203;5678;5735;9.25;0.56;249.70;4.52;881;15;1949.00;57
4798;14;622982092;4798;207;5683;5737;9.39;0.57;249.71;4.52;885;15;1950.00;54
4800;14;622982115;4800;206;5686;5737;9.48;0.58;249.71;4.52;886;15;1951.00;51
4803;14;622982139;4803;201;5687;5738;9.53;0.58;249.75;4.52;884;15;1952.00;51
4805;14;622982159;4805;202;5689;5739;9.62;0.58;249.78;4.53;884;15;1953.00;50
4807;14;622982189;4807;205;5692;5739;9.77;0.59;249.74;4.53;885;15;1954.00;47
4808;14;622982206;4808;208;5697;5743;9.78;0.59;249.80;4.53;889;15;1955.00;46
4810;14;622982220;4810;210;5698;5743;9.91;0.60;249.81;4.53;888;15;1956.00;45
4811;14;622982232;4811;210;5698;5743;9.94;0.60;249.82;4.53;887;15;1957.00;45
4813;14;622982245;4813;211;5699;5743;9.96;0.61;249.84;4.62;886;15;1958.00;44
4817;14;622982259;4817;211;5704;5749;9.94;0.60;249.77;4.61;887;15;1959.00;45
4818;14;622982273;4818;210;5704;5749;9.95;0.60;249.80;4.61;886;15;1960.00;45
4821;14;622982287;4821;210;5704;5749;9.93;0.60;249.82;4.61;883;15;1961.00;45
4824;14;622982299;4824;212;5706;5752;10.02;0.61;249.85;4.61;882;15;1962.00;46
4828;14;622982319;4828;215;5706;5752;10.07;0.61;249.86;4.61;878;15;1963.00;46
4831;14;622982332;4831;210;5707;5752;10.06;0.61;249.91;4.61;876;15;1964.00;45
4833;14;622982344;4833;209;5707;5753;10.09;0.61;249.92;4.61;874;15;1965.00;46
4836;14;622982356;4836;205;5709;5754;10.13;0.61;249.88;4.70;873;15;1966.00;45
4840;14;622982369;4840;205;5709;5754;10.08;0.61;249.94;4.70;869;15;1967.00;45
4846;14;622982382;4846;211;5718;5767;9.99;0.61;250.15;4.70;872;15;1968.00;49
4851;14;622982395;4851;204;5719;5767;9.97;0.60;250.30;4.70;868;15;1969.00;48
4852;14;622982408;4852;206;5719;5767;9.94;0.60;250.33;4.70;867;15;1970.00;48
4855;14;622982421;4855;206;5720;5768;9.86;0.60;250.50;4.69;865;15;1971.00;48
4858;14;622982435;4858;200;5720;5768;9.84;0.60;250.54;4.69;862;15;1972.00;48
4860;14;622982456;4860;199;5725;5772;9.83;0.60;250.58;4.69;865;15;1973.00;47
4865;14;622982470;4865;199;5726;5772;9.80;0.60;250.66;4.70;861;15;1974.00;46
4867;14;622982484;4867;201;5729;5776;9.79;0.60;250.67;4.70;862;15;1975.00;47
4874;14;622982497;4874;203;5730;5776;9.75;0.59;250.76;4.71;856;15;1976.00;46
4878;14;622982510;4878;197;5730;5776;9.72;0.59;250.85;4.71;852;15;1977.00;46
4880;14;622982522;4880;194;5730;5776;9.71;0.59;250.85;4.71;850;15;1978.00;46
4882;14;622982533;4882;190;5730;5776;9.67;0.59;250.80;4.71;848;15;1979.00;46
4886;14;622982553;4886;190;5750;5810;9.64;0.59;250.81;4.70;864;15;1980.00;60
4890;14;622982567;4890;188;5750;5810;9.62;0.59;250.91;4.70;860;15;1981.00;60
4895;14;622982578;4895;191;5753;5810;9.63;0.59;250.90;4.70;858;15;1982.00;57
4896;14;622982591;4896;189;5753;5810;9.65;0.59;250.96;4.70;857;15;1983.00;57
4901;14;622982603;4901;195;5755;5810;9.69;0.59;251.13;4.78;854;15;1984.00;55
4904;14;622982616;4904;199;5755;5810;9.74;0.59;251.06;4.78;851;15;1985.00;55
4908;14;622982628;4908;205;5755;5811;9.79;0.60;251.09;4.78;847;15;1986.00;56
4909;14;622982640;4909;210;5756;5811;9.84;0.60;251.09;4.78;847;15;1987.00;55
4915;14;622982651;4915;207;5761;5817;9.85;0.60;251.08;4.78;846;15;1988.00;56
4920;14;622982662;4920;205;5761;5818;9.82;0.60;251.03;4.78;841;15;1989.00;57
4921;14;622982674;4921;206;5763;5818;9.79;0.60;250.98;4.85;842;15;1990.00;55
4928;14;622982685;4928;207;5765;5818;9.68;0.59;251.13;4.86;837;15;1991.00;53
4929;14;622982696;4929;214;5768;5822;9.67;0.59;251.21;4.85;839;15;1992.00;54
4933;14;622982707;4933;217;5768;5822;9.55;0.58;251.25;4.85;835;15;1993.00;54
4937;14;622982720;4937;225;5769;5822;9.48;0.57;251.29;4.85;832;15;1994.00;53
4940;14;622982730;4940;227;5770;5823;9.41;0.57;251.41;4.85;830;15;1995.00;53
4943;14;622982742;4943;231;5776;5827;9.33;0.57;251.53;4.86;833;15;1996.00;51
4944;14;622982753;4944;233;5776;5827;9.29;0.56;251.52;4.86;832;15;1997.00;51
4947;14;622982764;4947;237;5778;5830;9.25;0.56;251.64;4.86;831;15;1998.00;52
4947;14;622982776;4947;241;5779;5830;9.19;0.56;251.64;4.86;832;15;1999.00;51
4949;14;622982788;4949;250;5781;5830;9.09;0.55;251.81;4.88;832;15;2000.00;49
4953;14;622982807;4953;252;5781;5830;9.02;0.55;251.86;4.88;828;15;2001.00;49
4954;14;622982820;4954;261;5787;5834;8.96;0.54;251.85;4.90;833;15;2002.00;47
4956;14;622982831;4956;268;5787;5834;8.91;0.54;251.91;4.90;831;15;2003.00;47
4959;14;622982842;4959;269;5787;5834;8.89;0.54;251.99;4.90;828;15;2004.00;47
4960;14;622982853;4960;273;5789;5834;8.81;0.53;251.99;4.91;829;15;2005.00;45
4962;14;622982864;4962;280;5789;5835;8.72;0.53;252.09;4.91;827;15;2006.00;46
4963;14;622982875;4963;285;5792;5836;8.59;0.52;252.11;4.93;829;15;2007.00;44
4964;14;622982885;4964;293;5792;5836;8.45;0.51;252.07;4.93;828;15;2008.00;44
4965;14;622982894;4965;300;5793;5837;8.26;0.50;252.11;4.93;828;15;2009.00;44
4967;14;622982906;4967;304;5794;5837;8.10;0.49;252.08;4.94;827;15;2010.00;43
4968;14;622982916;4968;314;5795;5837;7.98;0.49;252.08;4.96;827;15;2011.00;42
4972;14;622982926;4972;319;5795;5837;7.85;0.48;252.10;4.96;823;15;2012.00;42
4974;14;622982936;4974;323;5796;5837;7.73;0.47;252.13;4.97;822;15;2013.00;41
4976;14;622982946;4976;326;5796;5837;7.61;0.47;252.28;4.97;820;15;2014.00;41
4979;14;622982955;4979;326;5798;5837;7.46;0.46;252.36;4.99;819;15;2015.00;39
4981;14;622982964;4981;348;5865;5964;7.61;0.47;252.40;4.94;884;15;2016.00;99
4982;14;622982984;4982;346;5870;5965;7.50;0.47;252.38;4.94;888;15;2017.00;95
4986;14;622982994;4986;349;5878;5965;7.47;0.47;252.39;4.94;892;15;2018.00;87
4990;14;622983003;4990;355;5884;5965;7.36;0.46;252.41;4.94;894;15;2019.00;81
4996;14;622983014;4996;347;5889;5965;7.32;0.46;252.26;4.94;893;15;2020.00;76
4999;14;622983024;4999;347;5892;5965;7.24;0.45;252.18;4.95;893;15;2021.00;73
5002;14;622983035;5002;342;5895;5965;7.18;0.45;252.16;4.95;893;15;2022.00;70
5005;14;622983045;5005;345;5898;5965;7.15;0.44;252.09;4.96;893;15;2023.00;67
5006;14;622983061;5006;350;5901;5966;7.14;0.44;252.04;4.97;895;15;2024.00;65
5007;14;622983078;5007;356;5906;5968;7.13;0.44;252.02;4.97;899;15;2025.00;62
5011;14;622983089;5011;349;5911;5968;7.07;0.44;252.03;4.99;900;15;2026.00;57
5013;14;622983100;5013;350;5913;5969;7.04;0.44;251.96;4.99;900;15;2027.00;56
5014;14;622983110;5014;355;5916;5969;6.99;0.43;251.97;5.00;902;15;2028.00;53
5017;14;622983119;5017;357;5918;5969;6.96;0.43;251.90;5.00;901;15;2029.00;51
5021;14;622983130;5021;367;5920;5969;6.88;0.43;251.88;5.01;899;15;2030.00;49
5027;14;622983139;5027;375;5926;5973;6.78;0.42;251.72;5.01;899;15;2031.00;47
5027;14;622983149;5027;383;5928;5973;6.69;0.41;251.72;5.01;901;15;2032.00;45
5028;14;622983158;5028;393;5930;5973;6.56;0.40;251.77;5.02;902;15;2033.00;43
5031;14;622983167;5031;399;5935;5976;6.45;0.40;251.85;5.03;904;15;2034.00;41
5032;14;622983176;5032;406;5936;5976;6.35;0.39;251.83;5.03;904;15;2035.00;40
5033;14;622983185;5033;410;5939;5976;6.29;0.39;251.84;5.03;906;15;2036.00;37
5037;14;622983194;5037;418;5943;5980;6.19;0.38;251.83;5.03;906;15;2037.00;37
5038;14;622983203;5038;426;5945;5981;6.11;0.38;251.83;5.03;907;15;2038.00;36
5040;14;622983212;5040;433;5949;5981;5.97;0.37;251.82;5.04;909;15;2039.00;32
5043;14;622983222;5043;422;5954;5986;5.89;0.37;251.82;5.03;911;15;2040.00;32
5045;14;622983232;5045;420;5955;5986;5.80;0.36;251.82;5.03;910;15;2041.00;31
5046;14;622983241;5046;415;5955;5986;5.73;0.36;251.86;5.03;909;15;2042.00;31
5049;14;622983250;5049;403;5956;5987;5.70;0.35;251.83;5.03;907;15;2043.00;31
5052;14;622983259;5052;389;5956;5987;5.71;0.35;251.75;5.03;904;15;2044.00;31
5054;14;622983268;5054;384;5962;5993;5.80;0.36;251.88;5.03;908;15;2045.00;31
5059;14;622983278;5059;380;5962;5993;5.79;0.36;251.81;5.03;903;15;2046.00;31
5063;14;622983287;5063;376;5963;5994;5.81;0.36;251.78;5.03;900;15;2047.00;31
5066;14;622983303;5066;370;5963;5994;5.85;0.36;251.77;5.03;897;15;2048.00;31
5069;14;622983312;5069;358;5963;5994;5.86;0.36;251.79;5.03;894;15;2049.00;31
5071;14;622983327;5071;350;5963;5994;5.94;0.36;251.84;5.03;892;15;2050.00;31
5072;14;622983336;5072;345;5963;5994;5.97;0.37;251.87;5.03;891;15;2051.00;31
5074;14;622983346;5074;340;5973;6006;6.09;0.37;251.90;5.02;899;15;2052.00;33
5080;14;622983362;5080;337;5974;6006;6.18;0.38;251.86;5.02;894;15;2053.00;32
5082;14;622983372;5082;339;5975;6006;6.27;0.38;251.88;5.02;893;15;2054.00;31
5085;14;622983382;5085;338;5975;6006;6.30;0.38;251.88;5.02;890;15;2055.00;31
5086;14;622983400;5086;339;5975;6006;6.37;0.39;251.92;5.02;889;15;2056.00;31
5091;14;622983411;5091;341;5975;6006;6.46;0.39;251.89;5.02;884;15;2057.00;31
5092;14;622983421;5092;335;5979;6010;6.63;0.40;251.92;5.02;887;15;2058.00;31
5095;14;622983432;5095;340;5979;6010;6.70;0.41;251.87;5.02;884;15;2059.00;31
5098;14;622983442;5098;340;5983;6014;6.83;0.41;251.89;5.01;885;15;2060.00;31
5100;14;622983453;5100;330;5984;6015;6.90;0.42;251.92;5.01;884;15;2061.00;31
5104;14;622983463;5104;327;5984;6015;6.91;0.42;251.93;5.01;880;15;2062.00;31
5107;14;622983474;5107;329;5984;6015;6.86;0.42;251.96;5.01;877;15;2063.00;31
5110;14;622983484;5110;330;5997;6028;6.89;0.42;252.11;5.00;887;15;2064.00;31
5114;14;622983496;5114;324;5997;6028;6.83;0.41;252.26;5.00;883;15;2065.00;31
5118;14;622983507;5118;311;5997;6028;6.81;0.41;252.35;5.00;879;15;2066.00;31
5123;14;622983517;5123;308;5998;6029;6.82;0.41;252.46;5.00;875;15;2067.00;31
5128;14;622983528;5128;312;5999;6030;6.78;0.41;252.55;5.00;871;15;2068.00;31
5130;14;622983538;5130;318;5999;6030;6.75;0.41;252.56;5.00;869;15;2069.00;31
5138;14;622983550;5138;321;6004;6036;6.71;0.41;252.65;5.08;866;15;2070.00;32
5145;14;622983561;5145;316;6004;6036;6.66;0.40;252.82;5.08;859;15;2071.00;32
5149;14;622983570;5149;311;6006;6036;6.70;0.41;252.83;5.08;857;15;2072.00;30
5153;14;622983580;5153;314;6006;6036;6.68;0.41;252.87;5.08;853;15;2073.00;30
5155;14;622983590;5155;315;6011;6042;6.72;0.41;252.89;5.07;856;15;2074.00;31
5158;14;622983601;5158;316;6011;6042;6.74;0.41;253.01;5.07;853;15;2075.00;31
5166;14;622983611;5166;326;6011;6042;6.67;0.41;253.03;5.07;845;15;2076.00;31
5168;14;622983622;5168;322;6011;6042;6.69;0.41;253.02;5.07;843;15;2077.00;31
5171;14;622983632;5171;323;6015;6046;6.65;0.40;253.09;5.07;844;15;2078.00;31
5172;14;622983644;5172;323;6016;6047;6.67;0.41;253.09;5.07;844;15;2079.00;31
5174;14;622983653;5174;324;6016;6047;6.65;0.41;253.18;5.07;842;15;2080.00;31
5175;14;622983664;5175;318;6017;6048;6.69;0.41;253.17;5.07;842;15;2081.00;31
5178;14;622983674;5178;317;6017;6048;6.67;0.41;253.31;5.07;839;15;2082.00;31
5181;14;622983683;5181;315;6017;6048;6.60;0.40;253.32;5.07;836;15;2083.00;31
5185;14;622983695;5185;317;6017;6048;6.53;0.40;253.32;5.07;832;15;2084.00;31
5188;14;622983705;5188;318;6017;6048;6.49;0.40;253.44;5.07;829;15;2085.00;31
5193;14;622983715;5193;317;6018;6048;6.41;0.39;253.60;5.15;825;15;2086.00;30
5195;14;622983725;5195;295;6018;6048;6.45;0.39;253.64;5.15;823;15;2087.00;30
5198;14;622983735;5198;307;6059;6118;6.62;0.41;253.83;5.11;861;15;2088.00;59
5199;14;622983751;5199;294;6060;6119;6.69;0.41;253.88;5.11;861;15;2089.00;59
5199;14;622983762;5199;279;6065;6119;6.87;0.42;253.88;5.11;866;15;2090.00;54
5204;14;622983772;5204;268;6066;6119;6.96;0.43;254.05;5.18;862;15;2091.00;53
5206;14;622983782;5206;263;6069;6119;7.14;0.44;254.11;5.18;863;15;2092.00;50
5211;14;622983793;5211;260;6070;6119;7.20;0.44;254.21;5.18;859;15;2093.00;49
5213;14;622983804;5213;262;6073;6119;7.24;0.44;254.25;5.18;860;15;2094.00;46
5216;14;622983815;5216;260;6076;6119;7.31;0.45;254.25;5.18;860;15;2095.00;43
5217;14;622983825;5217;246;6078;6120;7.40;0.45;254.30;5.19;861;15;2096.00;42
5221;14;622983837;5221;234;6080;6121;7.42;0.45;254.37;5.19;859;15;2097.00;41
5226;14;622983848;5226;230;6082;6121;7.41;0.45;254.62;5.19;856;15;2098.00;39
5227;14;622983859;5227;230;6087;6125;7.44;0.45;254.65;5.19;860;15;2099.00;38
5230;14;622983873;5230;228;6093;6140;7.51;0.46;254.70;5.19;863;15;2100.00;47
5233;14;622983891;5233;224;6094;6140;7.55;0.46;254.80;5.19;861;15;2101.00;46
5236;14;622983902;5236;223;6094;6140;7.67;0.47;254.87;5.19;858;15;2102.00;46
5240;14;622983920;5240;223;6098;6146;7.84;0.48;254.87;5.18;858;15;2103.00;48
5243;14;622983932;5243;221;6098;6146;8.01;0.49;254.98;5.18;855;15;2104.00;48
5246;14;622983944;5246;222;6101;6146;8.13;0.50;255.01;5.26;855;15;2105.00;45
5250;14;622983955;5250;214;6103;6149;8.23;0.50;255.03;5.25;853;15;2106.00;46
5255;14;622983967;5255;207;6103;6149;8.31;0.51;255.09;5.25;848;15;2107.00;46
5258;14;622983978;5258;210;6104;6149;8.46;0.51;255.05;5.25;846;15;2108.00;45
5261;14;622983990;5261;204;6104;6150;8.57;0.52;255.14;5.25;843;15;2109.00;46
5263;14;622984001;5263;208;6105;6151;8.66;0.53;255.17;5.25;842;15;2110.00;46
5266;14;622984013;5266;206;6107;6151;8.68;0.53;255.19;5.25;841;15;2111.00;44
5269;14;622984024;5269;207;6117;6164;8.81;0.53;255.15;5.25;848;15;2112.00;47
5269;14;622984036;5269;201;6117;6164;8.87;0.54;255.15;5.25;848;15;2113.00;47
5270;14;622984047;5270;200;6117;6164;8.96;0.54;255.12;5.25;847;15;2114.00;47
5273;14;622984059;5273;193;6119;6166;9.03;0.55;255.18;5.24;846;15;2115.00;47
5276;14;622984070;5276;194;6119;6166;9.12;0.55;255.09;5.24;843;15;2116.00;47
5277;14;622984086;5277;195;6124;6170;9.16;0.56;255.13;5.25;847;15;2117.00;46
5278;14;622984103;5278;192;6124;6170;9.27;0.56;255.13;5.25;846;15;2118.00;46
5281;14;622984119;5281;192;6127;6174;9.32;0.57;255.13;5.24;846;15;2119.00;47
5283;14;622984147;5283;196;6127;6174;9.39;0.57;255.14;5.24;844;15;2120.00;47
5283;14;622984166;5283;187;6127;6174;9.45;0.58;255.14;5.24;844;15;2121.00;47
5284;14;622984182;5284;189;6127;6174;9.51;0.58;255.15;5.24;843;15;2122.00;47
5287;14;622984198;5287;190;6130;6174;9.49;0.58;255.22;5.32;843;15;2123.00;44
5292;14;622984211;5292;190;6139;6186;9.54;0.58;255.26;5.31;847;15;2124.00;47
5295;14;622984230;5295;193;6141;6186;9.56;0.58;255.34;5.32;846;15;2125.00;45
5297;14;622984243;5297;193;6142;6186;9.59;0.58;255.32;5.32;845;15;2126.00;44
5298;14;622984256;5298;193;6142;6186;9.63;0.59;255.32;5.32;844;15;2127.00;44
5299;14;622984268;5299;192;6142;6186;9.67;0.59;255.42;5.32;843;15;2128.00;44
5301;14;622984281;5301;193;6144;6186;9.71;0.59;255.41;5.32;843;15;2129.00;42
5306;14;622984294;5306;192;6144;6187;9.69;0.59;255.52;5.32;838;15;2130.00;43
5307;14;622984307;5307;187;6145;6187;9.71;0.59;255.53;5.32;838;15;2131.00;42
5307;14;622984318;5307;187;6150;6193;9.79;0.59;255.53;5.32;843;15;2132.00;43
5310;14;622984330;5310;187;6151;6194;9.80;0.60;255.54;5.32;841;15;2133.00;43
5314;14;622984343;5314;184;6151;6194;9.78;0.59;255.49;5.32;837;15;2134.00;43
5317;14;622984355;5317;187;6151;6194;9.74;0.59;255.51;5.32;834;15;2135.00;43
5320;14;622984367;5320;194;6154;6198;9.71;0.59;255.54;5.32;834;15;2136.00;44
5322;14;622984379;5322;195;6154;6198;9.72;0.59;255.51;5.32;832;15;2137.00;44
5325;14;622984391;5325;198;6154;6198;9.71;0.59;255.62;5.32;829;15;2138.00;44
5329;14;622984405;5329;191;6155;6199;9.70;0.59;255.74;5.31;826;15;2139.00;44
5333;14;622984417;5333;190;6158;6203;9.65;0.59;255.76;5.31;825;15;2140.00;45
5336;14;622984429;5336;193;6158;6203;9.59;0.58;255.72;5.31;822;15;2141.00;45
5342;14;622984441;5342;194;6160;6206;9.51;0.58;255.71;5.31;818;15;2142.00;46
5346;14;622984452;5346;198;6161;6206;9.48;0.58;255.71;5.31;815;15;2143.00;45
5348;14;622984464;5348;203;6161;6206;9.46;0.57;255.78;5.31;813;15;2144.00;45
5351;14;622984476;5351;203;6163;6206;9.45;0.57;255.79;5.33;812;15;2145.00;43
5353;14;622984487;5353;213;6167;6210;9.49;0.58;255.81;5.33;814;15;2146.00;43
5355;14;622984499;5355;211;6167;6210;9.47;0.58;255.84;5.33;812;15;2147.00;43
5358;14;622984510;5358;208;6167;6210;9.53;0.58;255.85;5.33;809;15;2148.00;43
5361;14;622984521;5361;207;6167;6210;9.52;0.58;255.94;5.33;806;15;2149.00;43
5366;14;622984533;5366;210;6167;6211;9.51;0.58;255.90;5.33;801;15;2150.00;44
5369;14;622984544;5369;210;6168;6212;9.48;0.58;256.04;5.33;799;15;2151.00;44
5374;14;622984555;5374;212;6168;6212;9.41;0.57;256.05;5.33;794;15;2152.00;44
5375;14;622984566;5375;214;6169;6213;9.42;0.57;256.06;5.32;794;15;2153.00;44
5379;14;622984576;5379;222;6169;6213;9.37;0.57;256.03;5.32;790;15;2154.00;44
5382;14;622984587;5382;225;6169;6213;9.34;0.57;256.07;5.32;787;15;2155.00;44
5383;14;622984598;5383;223;6169;6213;9.36;0.57;256.03;5.32;786;15;2156.00;44
5384;14;622984609;5384;230;6169;6213;9.29;0.56;256.03;5.32;785;15;2157.00;44
5385;14;622984620;5385;229;6169;6213;9.17;0.56;256.03;5.32;784;15;2158.00;44
5387;14;622984631;5387;226;6169;6213;9.08;0.55;255.97;5.32;782;15;2159.00;44
5387;14;622984643;5387;261;6268;6443;9.04;0.57;255.97;5.24;881;15;2160.00;175
5391;14;622984672;5391;255;6273;6444;8.91;0.56;255.96;5.24;882;15;2161.00;171
5395;14;622984683;5395;255;6285;6444;8.89;0.56;255.95;5.23;890;15;2162.00;159
5396;14;622984693;5396;254;6290;6444;8.82;0.55;255.92;5.23;894;15;2163.00;154
5399;14;622984704;5399;262;6298;6444;8.72;0.54;255.90;5.23;899;15;2164.00;146
5403;14;622984721;5403;259;6304;6444;8.55;0.53;255.95;5.23;901;15;2165.00;140
5406;14;622984732;5406;262;6310;6444;8.44;0.52;255.87;5.23;904;15;2166.00;134
5406;14;622984749;5406;272;6316;6444;8.40;0.52;255.87;5.23;910;15;2167.00;128
5411;14;622984760;5411;277;6324;6445;8.37;0.52;255.77;5.23;913;15;2168.00;121
5412;14;622984771;5412;287;6330;6446;8.35;0.52;255.76;5.24;918;15;2169.00;116
5414;14;622984783;5414;292;6339;6446;8.24;0.51;255.75;5.27;925;15;2170.00;107
5416;14;622984794;5416;303;6342;6447;8.17;0.50;255.69;5.27;926;15;2171.00;105
5418;14;622984804;5418;311;6346;6447;8.05;0.50;255.67;5.27;928;15;2172.00;101
5419;14;622984815;5419;315;6348;6447;7.92;0.49;255.63;5.28;929;15;2173.00;99
5423;14;622984826;5423;316;6353;6447;7.74;0.48;255.52;5.29;930;15;2174.00;94
5424;14;622984837;5424;326;6358;6451;7.57;0.47;255.49;5.31;934;15;2175.00;93
5426;14;622984850;5426;329;6361;6451;7.40;0.46;255.43;5.32;935;15;2176.00;90
5426;14;622984862;5426;339;6365;6451;7.19;0.44;255.43;5.33;939;15;2177.00;86
5426;14;622984872;5426;344;6368;6454;7.06;0.43;255.43;5.34;942;15;2178.00;86
5427;14;622984883;5427;354;6372;6454;6.88;0.42;255.46;5.35;945;15;2179.00;82
5429;14;622984894;5429;360;6372;6454;6.72;0.41;255.39;5.35;943;15;2180.00;82
5429;14;622984904;5429;367;6377;6458;6.59;0.41;255.39;5.36;948;15;2181.00;81
5431;14;622984915;5431;375;6382;6459;6.45;0.40;255.32;5.39;951;15;2182.00;77
5433;14;622984926;5433;385;6384;6459;6.35;0.39;255.26;5.40;951;15;2183.00;75
5435;14;622984938;5435;396;6387;6463;6.30;0.39;255.33;5.41;952;15;2184.00;76
5438;14;622984949;5438;401;6391;6463;6.27;0.39;255.37;5.43;953;15;2185.00;72
5441;14;622984960;5441;410;6393;6463;6.21;0.38;255.38;5.43;952;15;2186.00;70
5442;14;622984971;5442;421;6394;6464;6.16;0.38;255.35;5.43;952;15;2187.00;70
5443;14;622984982;5443;427;6395;6464;6.12;0.38;255.37;5.44;952;15;2188.00;69
5445;14;622984992;5445;436;6401;6470;6.07;0.37;255.38;5.44;956;15;2189.00;69
5446;14;622985006;5446;435;6404;6470;5.98;0.37;255.36;5.46;958;15;2190.00;66
5448;14;622985017;5448;441;6406;6471;5.93;0.37;255.30;5.47;958;15;2191.00;65
5451;14;622985028;5451;444;6408;6471;5.83;0.36;255.19;5.48;957;15;2192.00;63
5453;14;622985040;5453;446;6409;6471;5.73;0.35;255.14;5.49;956;15;2193.00;62
5454;14;622985051;5454;451;6409;6471;5.61;0.35;255.13;5.49;955;15;2194.00;62
5455;14;622985062;5455;444;6413;6471;5.55;0.34;255.14;5.50;958;15;2195.00;58
5457;14;622985073;5457;436;6421;6483;5.54;0.34;255.07;5.49;964;15;2196.00;62
5458;14;622985085;5458;436;6423;6483;5.54;0.34;255.08;5.49;965;15;2197.00;60
5461;14;622985097;5461;438;6426;6483;5.55;0.34;255.04;5.50;965;15;2198.00;57
5462;14;622985108;5462;434;6426;6483;5.57;0.34;255.02;5.50;964;15;2199.00;57
5464;14;622985120;5464;431;6427;6483;5.57;0.34;254.96;5.51;963;15;2200.00;56
5465;14;622985135;5465;425;6429;6483;5.60;0.35;254.94;5.52;964;15;2201.00;54
5468;14;622985151;5468;418;6434;6487;5.60;0.35;254.88;5.53;966;15;2202.00;53
5470;14;622985162;5470;420;6435;6487;5.60;0.34;254.81;5.53;965;15;2203.00;52
5474;14;622985172;5474;417;6438;6491;5.60;0.35;254.74;5.53;964;15;2204.00;53
5476;14;622985182;5476;414;6444;6493;5.53;0.34;254.71;5.54;968;15;2205.00;49
5479;14;622985198;5479;413;6445;6493;5.48;0.34;254.71;5.54;966;15;2206.00;48
5479;14;622985208;5479;413;6446;6493;5.41;0.33;254.71;5.54;967;15;2207.00;47
5483;14;622985218;5483;417;6456;6506;5.35;0.33;254.70;5.53;973;15;2208.00;50
5487;15;622985229;5487;419;6459;6506;5.27;0.33;254.71;5.54;972;16;2209.00;47
5488;15;622985251;5488;416;6462;6508;5.26;0.32;254.73;5.54;974;16;2210.00;46
5492;15;622985261;5492;410;6463;6509;5.25;0.32;254.70;5.54;971;16;2211.00;46
5493;15;622985271;5493;408;6465;6510;5.29;0.33;254.73;5.53;972;16;2212.00;45
5497;15;622985281;5497;399;6465;6510;5.33;0.33;254.66;5.53;968;16;2213.00;45
5498;15;622985297;5498;396;6468;6513;5.45;0.33;254.63;5.53;970;16;2214.00;45
5501;15;622985307;5501;395;6469;6513;5.55;0.34;254.74;5.53;968;16;2215.00;44
5503;15;622985317;5503;390;6469;6513;5.67;0.35;254.77;5.53;966;16;2216.00;44
5506;15;622985327;5506;385;6470;6513;5.79;0.36;254.76;5.53;964;16;2217.00;43
5510;15;622985338;5510;378;6474;6519;5.89;0.36;254.88;5.53;964;16;2218.00;45
5515;15;622985349;5515;373;6475;6519;5.87;0.36;254.95;5.53;960;16;2219.00;44
5515;15;622985362;5515;367;6475;6519;5.93;0.36;254.95;5.53;960;16;2220.00;44
5518;15;622985372;5518;364;6475;6519;5.97;0.37;254.97;5.53;957;16;2221.00;44
5522;15;622985383;5522;356;6479;6523;6.00;0.37;254.95;5.53;957;16;2222.00;44
5523;15;622985394;5523;356;6480;6524;6.14;0.38;254.96;5.53;957;16;2223.00;44
5526;15;622985404;5526;353;6480;6524;6.20;0.38;255.08;5.53;954;16;2224.00;44
5533;15;622985415;5533;357;6481;6525;6.20;0.38;255.19;5.52;948;16;2225.00;44
5537;15;622985425;5537;349;6481;6525;6.22;0.38;255.11;5.52;944;16;2226.00;44
5541;15;622985436;5541;347;6481;6525;6.25;0.38;255.20;5.52;940;16;2227.00;44
5545;15;622985446;5545;348;6481;6525;6.31;0.39;255.20;5.52;936;16;2228.00;44
5549;15;622985457;5549;352;6481;6525;6.35;0.39;255.25;5.52;932;16;2229.00;44
5553;15;622985468;5553;353;6481;6525;6.38;0.39;255.39;5.52;928;16;2230.00;44
5558;15;622985480;5558;349;6481;6525;6.46;0.40;255.34;5.52;923;16;2231.00;44
5566;15;622985490;5566;351;6520;6595;6.63;0.41;255.36;5.49;954;16;2232.00;75
5570;15;622985507;5570;352;6522;6596;6.63;0.41;255.40;5.49;952;16;2233.00;74
5574;15;622985519;5574;354;6529;6596;6.61;0.40;255.33;5.49;955;16;2234.00;67
5577;15;622985530;5577;358;6533;6596;6.61;0.41;255.41;5.57;956;16;2235.00;63
5580;15;622985542;5580;355;6535;6596;6.59;0.40;255.44;5.57;955;16;2236.00;61
5585;15;622985553;5585;361;6537;6596;6.60;0.40;255.59;5.57;952;16;2237.00;59
5588;15;622985565;5588;360;6540;6596;6.60;0.40;255.72;5.57;952;16;2238.00;56
5594;15;622985576;5594;365;6543;6596;6.63;0.40;255.85;5.57;949;16;2239.00;53
5599;15;622985587;5599;357;6545;6597;6.70;0.41;255.92;5.57;946;16;2240.00;52
5600;15;622985599;5600;347;6546;6598;6.76;0.41;255.92;5.57;946;16;2241.00;52
5604;15;622985610;5604;350;6548;6598;6.84;0.42;255.93;5.57;944;16;2242.00;50
5610;15;622985621;5610;347;6552;6602;6.88;0.42;255.94;5.57;942;16;2243.00;50
5613;15;622985633;5613;352;6553;6602;6.92;0.42;256.13;5.57;940;16;2244.00;49
5616;15;622985650;5616;356;6553;6602;6.90;0.42;256.15;5.57;937;16;2245.00;49
5620;15;622985661;5620;347;6553;6602;6.86;0.42;256.27;5.57;933;16;2246.00;49
5622;15;622985673;5622;352;6558;6608;6.89;0.42;256.32;5.57;936;16;2247.00;50
5626;15;622985685;5626;344;6558;6608;6.86;0.42;256.47;5.57;932;16;2248.00;50
5630;15;622985696;5630;339;6558;6608;6.82;0.42;256.60;5.57;928;16;2249.00;50
5636;15;622985708;5636;341;6562;6614;6.81;0.41;256.87;5.56;926;16;2250.00;52
5641;15;622985720;5641;336;6563;6614;6.74;0.41;256.98;5.64;922;16;2251.00;51
5647;15;622985731;5647;339;6565;6614;6.74;0.41;257.14;5.64;918;16;2252.00;49
5652;15;622985743;5652;335;6565;6615;6.75;0.41;257.23;5.64;913;16;2253.00;50
5653;15;622985754;5653;338;6566;6616;6.82;0.41;257.28;5.64;913;16;2254.00;50
5657;15;622985765;5657;337;6566;6616;6.78;0.41;257.38;5.64;909;16;2255.00;50
5658;15;622985776;5658;342;6577;6629;6.92;0.42;257.42;5.63;919;16;2256.00;52
5663;15;622985788;5663;331;6577;6629;6.89;0.42;257.38;5.63;914;16;2257.00;52
5665;15;622985799;5665;324;6577;6629;6.88;0.42;257.46;5.63;912;16;2258.00;52
5670;15;622985817;5670;314;6579;6630;6.84;0.41;257.61;5.71;909;16;2259.00;51
5673;15;622985828;5673;306;6579;6630;6.79;0.41;257.55;5.71;906;16;2260.00;51
5676;15;622985839;5676;301;6583;6634;6.80;0.41;257.73;5.71;907;16;2261.00;51
5679;15;622985852;5679;298;6583;6634;6.80;0.41;257.78;5.71;904;16;2262.00;51
5682;15;622985863;5682;298;6586;6638;6.86;0.42;257.78;5.70;904;16;2263.00;52
5684;15;622985875;5684;296;6586;6638;6.91;0.42;257.90;5.70;902;16;2264.00;52
5685;15;622985886;5685;294;6587;6638;6.97;0.42;257.95;5.77;902;16;2265.00;51
5685;15;622985898;5685;276;6587;6638;7.13;0.43;257.95;5.77;902;16;2266.00;51
5686;15;622985909;5686;264;6587;6638;7.27;0.44;258.00;5.77;901;16;2267.00;51
5687;15;622985920;5687;253;6597;6650;7.45;0.46;258.05;5.77;910;16;2268.00;53
5689;15;622985933;5689;241;6597;6650;7.61;0.46;258.03;5.77;908;16;2269.00;53
5692;15;622985945;5692;228;6599;6650;7.76;0.47;258.11;5.83;907;16;2270.00;51
5696;15;622985963;5696;221;6599;6650;7.88;0.48;258.17;5.83;903;16;2271.00;51
5700;15;622985981;5700;219;6599;6650;8.05;0.49;258.10;5.83;899;16;2272.00;51
5701;15;622985994;5701;211;6599;6650;8.20;0.50;258.15;5.83;898;16;2273.00;51
5705;15;622986005;5705;206;6599;6651;8.36;0.51;258.23;5.83;894;16;2274.00;52
5706;15;622986018;5706;204;6599;6651;8.53;0.52;258.25;5.83;893;16;2275.00;52
5710;15;622986030;5710;204;6604;6657;8.67;0.53;258.38;5.83;894;17;2276.00;53
5714;15;622986052;5714;201;6605;6658;8.79;0.53;258.50;5.83;891;17;2277.00;53
5718;15;622986065;5718;202;6605;6658;8.90;0.54;258.56;5.83;887;17;2278.00;53
5721;15;622986076;5721;199;6605;6658;9.00;0.54;258.63;5.83;884;17;2279.00;53
5724;15;622986095;5724;197;6609;6663;9.06;0.55;258.64;5.83;885;17;2280.00;54
5726;15;622986117;5726;191;6609;6663;9.16;0.55;258.72;5.83;883;17;2281.00;54
5728;15;622986136;5728;195;6609;6663;9.16;0.55;258.78;5.83;881;17;2282.00;54
5731;15;622986154;5731;196;6610;6664;9.11;0.55;258.83;5.83;879;17;2283.00;54
5733;15;622986172;5733;199;6613;6668;9.01;0.55;258.93;5.82;880;17;2284.00;55
5741;15;622986192;5741;201;6613;6668;8.79;0.53;259.11;5.82;872;17;2285.00;55
5744;15;622986205;5744;206;6615;6671;8.74;0.53;259.15;5.82;871;17;2286.00;56
5746;15;622986220;5746;207;6615;6671;8.60;0.52;259.17;5.82;869;17;2287.00;56
5752;15;622986232;5752;198;6616;6671;8.53;0.51;259.21;5.82;864;17;2288.00;55
5753;15;622986245;5753;197;6616;6671;8.51;0.51;259.29;5.82;863;17;2289.00;55
5754;15;622986258;5754;200;6620;6675;8.53;0.51;259.34;5.82;866;17;2290.00;55
5754;15;622986271;5754;199;6621;6675;8.55;0.52;259.34;5.89;867;17;2291.00;54
5755;15;622986283;5755;192;6621;6675;8.63;0.52;259.30;5.89;866;17;2292.00;54
5758;15;622986294;5758;186;6621;6675;8.64;0.52;259.30;5.89;863;17;2293.00;54
5758;15;622986305;5758;184;6621;6676;8.72;0.53;259.30;5.89;863;17;2294.00;55
5758;15;622986317;5758;185;6623;6678;8.80;0.54;259.30;5.89;865;17;2295.00;55
5759;15;622986329;5759;190;6623;6678;8.88;0.54;259.31;5.89;864;17;2296.00;55
5761;15;622986340;5761;189;6624;6679;8.98;0.55;259.25;5.89;863;17;2297.00;55
5763;15;622986352;5763;188;6624;6679;9.02;0.55;259.25;5.89;861;17;2298.00;55
5767;15;622986364;5767;183;6624;6679;9.00;0.55;259.30;5.89;857;17;2299.00;55
5768;15;622986378;5768;188;6624;6679;9.11;0.55;259.27;5.89;856;17;2300.00;55
5771;15;622986395;5771;193;6624;6679;9.15;0.56;259.24;5.89;853;17;2301.00;55
5773;15;622986408;5773;200;6624;6679;9.16;0.56;259.22;5.89;851;17;2302.00;55
5776;15;622986419;5776;194;6624;6679;9.21;0.56;259.28;5.89;848;17;2303.00;55
5778;15;622986431;5778;223;6696;6806;9.06;0.56;259.29;5.83;918;17;2304.00;110
5785;15;622986453;5785;208;6697;6807;9.00;0.55;259.27;5.83;912;17;2305.00;110
5790;15;622986466;5790;195;6703;6807;9.10;0.56;259.26;5.82;913;17;2306.00;104
5796;15;622986481;5796;201;6705;6807;9.08;0.56;259.33;5.90;909;17;2307.00;102
5801;15;622986494;5801;208;6711;6807;9.11;0.56;259.34;5.90;910;17;2308.00;96
5804;15;622986506;5804;207;6714;6807;9.08;0.56;259.41;5.89;910;17;2309.00;93
5806;15;622986520;5806;201;6718;6807;9.07;0.55;259.55;5.89;912;17;2310.00;89
5806;15;622986532;5806;207;6722;6807;9.03;0.55;259.55;5.90;916;17;2311.00;85
5810;15;622986544;5810;209;6724;6808;8.99;0.55;259.72;5.90;914;17;2312.00;84
5814;15;622986556;5814;214;6727;6809;8.95;0.55;259.91;5.90;913;17;2313.00;82
5816;15;622986569;5816;219;6730;6809;8.86;0.54;259.89;5.99;914;17;2314.00;79
5820;15;622986582;5820;228;6733;6810;8.76;0.54;259.97;6.00;913;17;2315.00;77
5821;15;622986595;5821;228;6733;6810;8.69;0.53;259.95;6.00;912;17;2316.00;77
5825;15;622986607;5825;231;6735;6810;8.66;0.53;259.90;6.00;910;17;2317.00;75
5827;15;622986619;5827;235;6737;6810;8.53;0.52;259.87;6.00;910;17;2318.00;73
5828;15;622986631;5828;236;6743;6814;8.43;0.52;259.84;6.01;915;17;2319.00;71
5831;15;622986643;5831;241;6746;6814;8.39;0.51;259.81;6.09;915;17;2320.00;68
5832;15;622986655;5832;247;6748;6814;8.31;0.51;259.77;6.10;916;17;2321.00;66
5837;15;622986666;5837;253;6750;6817;8.22;0.50;259.66;6.10;913;17;2322.00;67
5838;15;622986678;5838;258;6751;6817;8.22;0.50;259.62;6.10;913;17;2323.00;66
5841;15;622986690;5841;266;6752;6817;8.19;0.50;259.57;6.10;911;17;2324.00;65
5842;15;622986701;5842;270;6755;6821;8.19;0.50;259.54;6.10;913;17;2325.00;66
5848;15;622986712;5848;276;6758;6822;8.12;0.50;259.38;6.10;910;17;2326.00;64
5849;15;622986723;5849;287;6758;6822;8.04;0.49;259.36;6.10;909;17;2327.00;64
5851;15;622986734;5851;289;6763;6826;7.96;0.49;259.31;6.10;912;17;2328.00;63
5855;15;622986745;5855;295;6763;6826;7.85;0.48;259.27;6.10;908;17;2329.00;63
5859;15;622986757;5859;302;6764;6826;7.80;0.48;259.15;6.10;905;17;2330.00;62
5860;15;622986769;5860;306;6765;6827;7.71;0.47;259.16;6.10;905;17;2331.00;62
5861;15;622986779;5861;314;6765;6827;7.64;0.47;259.18;6.10;904;17;2332.00;62
5862;15;622986799;5862;316;6770;6833;7.62;0.47;259.17;6.10;908;17;2333.00;63
5863;15;622986811;5863;319;6770;6833;7.61;0.46;259.15;6.10;907;17;2334.00;63
5865;15;622986822;5865;322;6770;6834;7.53;0.46;259.13;6.10;905;17;2335.00;64
5868;15;622986833;5868;328;6770;6834;7.43;0.45;259.20;6.10;902;17;2336.00;64
5870;15;622986844;5870;334;6771;6834;7.33;0.45;259.15;6.11;901;17;2337.00;63
5872;15;622986855;5872;342;6771;6834;7.19;0.44;259.16;6.11;899;17;2338.00;63
5876;15;622986866;5876;349;6772;6834;7.07;0.43;259.15;6.12;896;17;2339.00;62
5878;15;622986879;5878;355;6799;6870;7.05;0.43;259.15;6.11;921;17;2340.00;71
5879;15;622986892;5879;358;6800;6870;6.94;0.42;259.16;6.11;921;17;2341.00;70
5880;15;622986903;5880;365;6804;6870;6.83;0.42;259.19;6.13;924;17;2342.00;66
5881;15;622986914;5881;378;6804;6870;6.72;0.41;259.16;6.13;923;17;2343.00;66
5882;15;622986924;5882;381;6805;6870;6.66;0.41;259.14;6.13;923;17;2344.00;65
5885;15;622986934;5885;393;6807;6870;6.53;0.40;259.12;6.15;922;17;2345.00;63
5885;15;622986945;5885;399;6811;6874;6.43;0.40;259.12;6.14;926;17;2346.00;63
5885;15;622986956;5885;389;6811;6874;6.39;0.39;259.12;6.14;926;17;2347.00;63
5887;15;622986968;5887;385;6817;6878;6.41;0.39;259.13;6.16;930;17;2348.00;61
5889;15;622986979;5889;383;6818;6879;6.44;0.40;259.07;6.16;929;17;2349.00;61
5891;15;622986990;5891;381;6819;6879;6.43;0.40;259.08;6.16;928;17;2350.00;60
5892;15;622987000;5892;379;6820;6879;6.41;0.39;259.07;6.17;928;17;2351.00;59
5895;15;622987019;5895;380;6832;6892;6.41;0.39;259.02;6.16;937;17;2352.00;60
5897;15;622987032;5897;382;6832;6892;6.37;0.39;258.97;6.16;935;17;2353.00;60
5897;15;622987051;5897;384;6834;6892;6.34;0.39;258.97;6.19;937;17;2354.00;58
5899;15;622987061;5899;391;6835;6893;6.32;0.39;259.00;6.18;936;17;2355.00;58
5903;15;622987071;5903;394;6836;6894;6.25;0.38;258.96;6.20;933;17;2356.00;58
5904;15;622987083;5904;401;6836;6894;6.24;0.38;258.96;6.20;932;17;2357.00;58
5904;15;622987094;5904;395;6840;6897;6.27;0.38;258.96;6.22;936;17;2358.00;57
5905;15;622987104;5905;394;6840;6897;6.25;0.38;258.93;6.22;935;17;2359.00;57
5906;15;622987114;5906;388;6843;6897;6.25;0.38;258.90;6.24;937;17;2360.00;54
5909;15;622987124;5909;380;6845;6897;6.26;0.38;258.96;6.25;936;17;2361.00;52
5910;15;622987135;5910;381;6852;6903;6.29;0.38;258.94;6.26;942;17;2362.00;51
5910;16;622987146;5910;380;6852;6903;6.25;0.38;258.94;6.26;942;18;2363.00;51
5910;16;622987163;5910;374;6852;6903;6.23;0.38;258.94;6.26;942;18;2364.00;51
5911;16;622987177;5911;375;6852;6903;6.19;0.38;258.91;6.26;941;18;2365.00;51
5911;16;622987186;5911;374;6858;6907;6.15;0.37;258.91;6.28;947;18;2366.00;49
5912;16;622987197;5912;370;6859;6908;6.18;0.38;258.90;6.28;947;18;2367.00;49
5913;16;622987207;5913;371;6861;6908;6.18;0.38;258.87;6.29;948;18;2368.00;47
5915;16;622987222;5915;371;6862;6909;6.21;0.38;258.92;6.29;947;18;2369.00;47
5917;16;622987233;5917;369;6863;6909;6.19;0.38;259.00;6.29;946;18;2370.00;46
5919;16;622987242;5919;367;6863;6909;6.21;0.38;259.07;6.29;944;18;2371.00;46
5924;16;622987252;5924;369;6864;6909;6.19;0.38;259.10;6.30;940;18;2372.00;45
5929;16;622987262;5929;367;6865;6909;6.13;0.37;259.17;6.30;936;18;2373.00;44
5931;16;622987271;5931;368;6865;6909;6.18;0.38;259.18;6.30;934;18;2374.00;44
5933;16;622987281;5933;361;6868;6909;6.15;0.37;259.21;6.31;935;18;2375.00;41
5934;16;622987290;5934;380;6914;6979;6.19;0.38;259.23;6.27;980;18;2376.00;65
5935;16;622987305;5935;370;6917;6980;6.17;0.38;259.26;6.26;982;18;2377.00;63
5938;16;622987315;5938;367;6923;6980;6.11;0.37;259.32;6.26;985;18;2378.00;57
5940;17;622987330;5940;369;6923;6980;6.06;0.37;259.40;6.26;983;19;2379.00;57
5942;17;622987351;5942;365;6925;6980;6.05;0.37;259.46;6.26;983;19;2380.00;55
5944;17;622987361;5944;361;6925;6980;6.03;0.37;259.49;6.26;981;19;2381.00;55
5947;17;622987370;5947;355;6929;6980;5.99;0.37;259.51;6.26;982;19;2382.00;51
5948;17;622987384;5948;348;6930;6980;6.06;0.37;259.49;6.26;982;19;2383.00;50
5951;17;622987394;5951;344;6931;6981;6.09;0.37;259.52;6.26;980;19;2384.00;50
5955;17;622987404;5955;350;6933;6983;6.06;0.37;259.63;6.26;978;19;2385.00;50
5958;17;622987415;5958;359;6934;6983;6.08;0.37;259.66;6.26;976;19;2386.00;49
5963;17;622987425;5963;351;6938;6987;6.11;0.37;259.69;6.26;975;19;2387.00;49
5965;17;622987437;5965;358;6940;6987;6.15;0.38;259.78;6.26;975;19;2388.00;47
5970;17;622987447;5970;358;6942;6987;6.19;0.38;259.89;6.26;972;19;2389.00;45
5972;17;622987458;5972;360;6942;6987;6.23;0.38;259.93;6.26;970;19;2390.00;45
5975;17;622987469;5975;358;6949;6993;6.27;0.38;260.13;6.26;974;19;2391.00;44
5981;17;622987480;5981;350;6949;6993;6.26;0.38;260.21;6.26;968;19;2392.00;44
5986;17;622987491;5986;349;6951;6993;6.31;0.39;260.12;6.27;965;19;2393.00;42
5990;17;622987502;5990;352;6954;6996;6.33;0.39;260.17;6.26;964;19;2394.00;42
5995;17;622987513;5995;347;6955;6996;6.34;0.39;260.20;6.26;960;19;2395.00;41
5996;17;622987524;5996;338;6956;6996;6.41;0.39;260.25;6.26;960;19;2396.00;40
6004;17;622987536;6004;332;6957;6997;6.36;0.39;260.31;6.26;953;19;2397.00;40
6009;17;622987547;6009;327;6958;6998;6.38;0.39;260.30;6.26;949;19;2398.00;40
6011;17;622987559;6011;325;6958;6998;6.39;0.39;260.28;6.26;947;19;2399.00;40
6017;17;622987572;6017;328;6982;7057;6.53;0.40;260.41;6.24;965;19;2400.00;75
6020;17;622987607;6020;323;6983;7057;6.61;0.40;260.52;6.24;963;19;2401.00;74
6023;17;622987619;6023;324;6986;7057;6.72;0.41;260.61;6.24;963;19;2402.00;71
6025;17;622987630;6025;315;6988;7058;6.82;0.42;260.65;6.24;963;19;2403.00;70
6027;17;622987642;6027;317;6989;7058;6.90;0.42;260.70;6.24;962;19;2404.00;69
6030;17;622987653;6030;319;6993;7062;6.92;0.42;260.80;6.23;963;19;2405.00;69
6032;17;622987665;6032;317;6994;7062;6.96;0.42;260.90;6.23;962;19;2406.00;68
6038;17;622987676;6038;318;6999;7066;7.01;0.43;261.19;6.23;961;19;2407.00;67
6039;17;622987688;6039;315;6999;7066;7.07;0.43;261.20;6.23;960;19;2408.00;67
6045;17;622987699;6045;319;7000;7066;7.06;0.43;261.16;6.23;955;19;2409.00;66
6050;17;622987711;6050;315;7000;7066;7.08;0.43;261.22;6.23;950;19;2410.00;66
6055;17;622987724;6055;310;7000;7066;7.10;0.43;261.27;6.23;945;19;2411.00;66
6058;17;622987737;6058;314;7009;7078;7.10;0.43;261.31;6.23;951;19;2412.00;69
6061;17;622987751;6061;321;7012;7078;7.03;0.43;261.35;6.31;951;19;2413.00;66
6066;17;622987762;6066;324;7013;7078;6.98;0.43;261.49;6.31;947;19;2414.00;65
6073;17;622987774;6073;329;7014;7078;6.88;0.42;261.35;6.32;941;19;2415.00;64
6077;17;622987786;6077;329;7014;7078;6.80;0.41;261.40;6.32;937;19;2416.00;64
6083;17;622987797;6083;330;7014;7078;6.72;0.41;261.47;6.32;931;19;2417.00;64
6085;17;622987810;6085;329;7017;7079;6.65;0.41;261.52;6.32;932;19;2418.00;62
6089;17;622987821;6089;332;7018;7079;6.59;0.40;261.50;6.32;929;19;2419.00;61
6091;17;622987832;6091;331;7022;7085;6.59;0.40;261.51;6.32;931;19;2420.00;63
6094;17;622987844;6094;328;7024;7086;6.58;0.40;261.68;6.32;930;19;2421.00;62
6100;17;622987856;6100;325;7024;7086;6.58;0.40;261.66;6.32;924;19;2422.00;62
6103;17;622987867;6103;320;7024;7086;6.59;0.40;261.73;6.32;921;19;2423.00;62
6106;17;622987878;6106;328;7026;7090;6.56;0.40;261.76;6.32;920;19;2424.00;64
6111;17;622987896;6111;324;7027;7090;6.55;0.40;261.78;6.32;916;19;2425.00;63
6114;17;622987907;6114;324;7028;7090;6.54;0.40;261.78;6.41;914;19;2426.00;62
6116;17;622987918;6116;312;7032;7091;6.58;0.40;261.91;6.41;916;19;2427.00;59
6117;17;622987929;6117;299;7035;7095;6.59;0.40;261.96;6.41;918;19;2428.00;60
6120;17;622987941;6120;296;7035;7095;6.62;0.40;261.91;6.41;915;19;2429.00;60
6125;17;622987954;6125;299;7040;7101;6.63;0.40;262.15;6.41;915;19;2430.00;61
6128;17;622987966;6128;300;7040;7101;6.68;0.41;262.19;6.41;912;19;2431.00;61
6128;17;622987979;6128;301;7041;7101;6.74;0.41;262.19;6.40;913;19;2432.00;60
6133;17;622987990;6133;306;7042;7101;6.78;0.41;262.21;6.41;909;19;2433.00;59
6136;17;622988002;6136;300;7046;7105;6.87;0.42;262.30;6.41;910;19;2434.00;59
6140;17;622988014;6140;306;7046;7105;6.92;0.42;262.45;6.41;906;19;2435.00;59
6142;17;622988031;6142;294;7046;7105;7.03;0.43;262.50;6.41;904;19;2436.00;59
6145;17;622988043;6145;286;7046;7105;7.09;0.43;262.60;6.41;901;19;2437.00;59
6146;17;622988055;6146;282;7046;7106;7.14;0.44;262.66;6.41;900;19;2438.00;60
6150;17;622988067;6150;273;7048;7107;7.13;0.43;262.66;6.41;898;19;2439.00;59
6152;17;622988079;6152;266;7048;7107;7.15;0.44;262.72;6.41;896;19;2440.00;59
6156;17;622988097;6156;266;7049;7108;7.20;0.44;262.85;6.41;893;19;2441.00;59
6157;17;622988116;6157;265;7049;7108;7.21;0.44;262.93;6.41;892;19;2442.00;59
6158;17;622988133;6158;269;7049;7108;7.28;0.44;262.98;6.41;891;19;2443.00;59
6159;17;622988152;6159;266;7049;7108;7.38;0.45;262.95;6.41;890;19;2444.00;59
6163;17;622988170;6163;264;7050;7108;7.39;0.45;263.03;6.41;887;19;2445.00;58
6169;17;622988190;6169;269;7050;7108;7.38;0.45;263.10;6.41;881;19;2446.00;58
6170;17;622988206;6170;269;7050;7108;7.41;0.45;263.11;6.41;880;19;2447.00;58
6172;17;622988219;6172;281;7111;7235;7.59;0.47;263.11;6.36;939;19;2448.00;124
6173;17;622988243;6173;266;7112;7236;7.65;0.47;263.18;6.36;939;19;2449.00;124
6177;17;622988258;6177;253;7119;7236;7.75;0.48;263.27;6.35;942;19;2450.00;117
6179;17;622988271;6179;258;7124;7236;7.81;0.48;263.26;6.36;945;19;2451.00;112
6182;17;622988284;6182;251;7129;7236;7.88;0.49;263.32;6.36;947;19;2452.00;107
6186;17;622988297;6186;247;7131;7236;7.93;0.49;263.32;6.45;945;19;2453.00;105
6190;17;622988310;6190;244;7136;7236;7.95;0.49;263.36;6.45;946;19;2454.00;100
6193;17;622988323;6193;245;7139;7236;8.02;0.49;263.45;6.45;946;19;2455.00;97
6194;17;622988336;6194;241;7142;7237;8.05;0.49;263.45;6.45;948;19;2456.00;95
6196;17;622988361;6196;247;7147;7238;8.09;0.49;263.52;6.46;951;19;2457.00;91
6197;17;622988374;6197;249;7150;7238;8.07;0.49;263.54;6.46;953;19;2458.00;88
6199;17;622988395;6199;247;7151;7239;8.03;0.49;263.57;6.46;952;19;2459.00;88
6202;17;622988410;6202;239;7156;7239;8.04;0.49;263.67;6.47;954;19;2460.00;83
6209;17;622988423;6209;236;7159;7239;8.01;0.49;263.72;6.47;950;19;2461.00;80
6209;17;622988436;6209;240;7159;7239;8.05;0.49;263.72;6.47;950;19;2462.00;80
6213;17;622988451;6213;237;7166;7243;8.07;0.49;263.88;6.48;953;19;2463.00;77
6218;17;622988464;6218;243;7167;7243;8.11;0.50;263.98;6.48;949;19;2464.00;76
6219;17;622988478;6219;245;7168;7243;8.17;0.50;264.00;6.48;949;19;2465.00;75
6221;17;622988491;6221;254;7170;7246;8.21;0.50;264.03;6.48;949;19;2466.00;76
6221;17;622988504;6221;250;7172;7246;8.28;0.51;264.03;6.48;951;19;2467.00;74
6223;17;622988516;6223;260;7173;7246;8.29;0.51;264.01;6.48;950;19;2468.00;73
6225;17;622988529;6225;265;7180;7250;8.26;0.50;263.99;6.50;955;19;2469.00;70
6226;17;622988542;6226;265;7182;7251;8.29;0.51;263.99;6.59;956;19;2470.00;69
6228;17;622988555;6228;263;7184;7251;8.28;0.50;263.98;6.59;956;19;2471.00;67
6230;17;622988567;6230;267;7186;7255;8.31;0.51;263.98;6.59;956;19;2472.00;69
6236;17;622988580;6236;272;7187;7255;8.22;0.50;263.93;6.59;951;19;2473.00;68
6236;17;622988593;6236;272;7187;7255;8.22;0.50;263.93;6.59;951;19;2474.00;68
6239;17;622988605;6239;277;7189;7257;8.19;0.50;263.94;6.59;950;19;2475.00;68
6241;17;622988618;6241;286;7189;7257;8.18;0.50;263.93;6.59;948;19;2476.00;68
6247;17;622988631;6247;285;7194;7263;8.15;0.50;263.94;6.59;947;19;2477.00;69
6249;17;622988644;6249;282;7194;7263;8.13;0.50;263.93;6.59;945;19;2478.00;69
6250;17;622988656;6250;283;7195;7264;8.08;0.49;263.93;6.68;945;19;2479.00;69
6252;17;622988668;6252;282;7195;7264;8.03;0.49;263.91;6.68;943;19;2480.00;69
6256;17;622988680;6256;282;7195;7264;7.99;0.49;263.85;6.68;939;19;2481.00;69
6258;17;622988695;6258;279;7195;7264;7.95;0.48;263.83;6.68;937;19;2482.00;69
6259;17;622988712;6259;278;7195;7264;7.86;0.48;263.86;6.68;936;19;2483.00;69
6261;17;622988725;6261;270;7205;7276;7.83;0.48;263.84;6.67;944;19;2484.00;71
6264;17;622988737;6264;274;7208;7276;7.73;0.47;263.77;6.68;944;19;2485.00;68
6268;17;622988751;6268;276;7208;7276;7.69;0.47;263.73;6.68;940;19;2486.00;68
6272;17;622988764;6272;276;7208;7276;7.69;0.47;263.69;6.68;936;19;2487.00;68
6276;17;622988776;6276;280;7208;7276;7.64;0.47;263.67;6.68;932;19;2488.00;68
6281;17;622988788;6281;282;7208;7276;7.62;0.47;263.72;6.68;927;19;2489.00;68
6284;17;622988801;6284;285;7212;7280;7.59;0.46;263.76;6.78;928;19;2490.00;68
6287;17;622988813;6287;288;7212;7280;7.60;0.46;263.70;6.78;925;19;2491.00;68
6288;17;622988824;6288;286;7216;7284;7.58;0.46;263.70;6.77;928;19;2492.00;68
6290;17;622988845;6290;290;7217;7285;7.62;0.47;263.69;6.77;927;19;2493.00;68
6293;17;622988857;6293;295;7217;7285;7.64;0.47;263.66;6.77;924;19;2494.00;68
6295;17;622988868;6295;296;7218;7285;7.67;0.47;263.68;6.78;923;19;2495.00;67
6297;17;622988879;6297;300;7227;7298;7.67;0.47;263.63;6.78;930;19;2496.00;71
6302;17;622988891;6302;301;7227;7298;7.62;0.46;263.66;6.78;925;19;2497.00;71
6306;17;622988902;6306;305;7227;7298;7.60;0.46;263.62;6.78;921;19;2498.00;71
6308;17;622988913;6308;292;7228;7299;7.66;0.47;263.60;6.78;920;19;2499.00;71
6312;17;622988926;6312;283;7228;7300;7.64;0.46;263.65;6.78;916;19;2500.00;72
6313;17;622988942;6313;288;7231;7300;7.71;0.47;263.61;6.80;918;19;2501.00;69
6315;17;622988961;6315;284;7233;7303;7.80;0.47;263.58;6.80;918;19;2502.00;70
6316;17;622988974;6316;280;7235;7303;7.86;0.48;263.59;6.81;919;19;2503.00;68
6318;17;622988985;6318;280;7237;7303;7.91;0.48;263.60;6.82;919;19;2504.00;66
6318;17;622988997;6318;277;7238;7303;7.95;0.48;263.60;6.82;920;19;2505.00;65
6321;17;622989014;6321;278;7243;7309;7.99;0.49;263.56;6.81;922;19;2506.00;66
6322;17;622989026;6322;283;7244;7309;7.99;0.49;263.55;6.81;922;19;2507.00;65
6322;17;622989039;6322;280;7244;7309;8.02;0.49;263.55;6.81;922;19;2508.00;65
6325;17;622989051;6325;283;7244;7309;7.99;0.49;263.56;6.81;919;19;2509.00;65
6326;17;622989062;6326;284;7249;7313;7.95;0.48;263.55;6.84;923;19;2510.00;64
6327;17;622989073;6327;290;7250;7314;7.94;0.48;263.54;6.84;923;19;2511.00;64
6329;17;622989091;6329;295;7250;7314;7.93;0.48;263.56;6.84;921;19;2512.00;64
6330;17;622989102;6330;298;7251;7315;7.91;0.48;263.57;6.84;921;19;2513.00;64
6331;17;622989113;6331;301;7252;7315;7.87;0.48;263.68;6.85;921;19;2514.00;63
6332;17;622989125;6332;297;7254;7315;7.84;0.48;263.70;6.88;922;19;2515.00;61
6334;17;622989136;6334;297;7255;7315;7.80;0.47;263.70;6.89;921;19;2516.00;60
6335;17;622989152;6335;299;7257;7315;7.74;0.47;263.72;6.91;922;19;2517.00;58
6336;17;622989163;6336;294;7257;7315;7.70;0.47;263.71;6.91;921;19;2518.00;58
6339;17;622989173;6339;294;7259;7315;7.68;0.47;263.67;6.93;920;19;2519.00;56
6340;17;622989186;6340;306;7312;7440;7.82;0.48;263.66;6.88;972;19;2520.00;128
6342;17;622989206;6342;302;7317;7441;7.75;0.48;263.74;6.89;975;19;2521.00;124
6345;17;622989217;6345;300;7331;7441;7.72;0.47;263.81;6.88;986;19;2522.00;110
6348;17;622989228;6348;302;7337;7441;7.66;0.47;263.80;6.88;989;19;2523.00;104
6349;17;622989238;6349;309;7343;7441;7.60;0.47;263.79;6.88;994;19;2524.00;98
6349;17;622989255;6349;316;7346;7441;7.51;0.46;263.79;6.89;997;19;2525.00;95
6351;17;622989265;6351;326;7353;7441;7.39;0.45;263.83;6.90;1002;19;2526.00;88
6354;17;622989276;6354;332;7357;7441;7.27;0.45;263.84;6.90;1003;19;2527.00;84
6357;17;622989287;6357;342;7362;7442;7.15;0.44;263.76;6.90;1005;19;2528.00;80
6360;17;622989298;6360;338;7368;7443;7.01;0.43;263.82;6.91;1008;19;2529.00;75
6363;17;622989309;6363;337;7370;7443;6.90;0.42;263.76;6.91;1007;19;2530.00;73
6365;17;622989320;6365;342;7378;7447;6.80;0.42;263.75;6.93;1013;19;2531.00;69
6366;17;622989331;6366;344;7379;7447;6.70;0.41;263.76;6.93;1013;19;2532.00;68
6369;18;622989342;6369;337;7381;7447;6.65;0.41;263.75;6.93;1012;20;2533.00;66
6370;18;622989373;6370;337;7383;7447;6.63;0.41;263.77;6.94;1013;20;2534.00;64
6371;18;622989384;6371;344;7387;7453;6.64;0.41;263.76;6.94;1016;20;2535.00;66
6375;18;622989395;6375;349;7388;7453;6.64;0.41;263.85;6.95;1013;20;2536.00;65
6377;18;622989407;6377;342;7390;7455;6.66;0.41;263.92;6.95;1013;20;2537.00;65
6378;18;622989418;6378;343;7394;7458;6.66;0.41;263.90;6.95;1016;20;2538.00;64
6380;18;622989430;6380;346;7394;7458;6.68;0.41;263.95;6.95;1014;20;2539.00;64
6381;18;622989441;6381;348;7394;7458;6.67;0.41;263.96;6.95;1013;20;2540.00;64
6385;18;622989452;6385;344;7396;7459;6.56;0.40;263.99;6.96;1011;20;2541.00;63
6389;18;622989463;6389;350;7397;7460;6.50;0.40;264.02;6.96;1008;20;2542.00;63
6390;18;622989474;6390;354;7397;7460;6.42;0.39;264.04;6.96;1007;20;2543.00;63
6392;18;622989485;6392;354;7407;7473;6.31;0.39;264.08;6.96;1015;20;2544.00;66
6395;18;622989497;6395;355;7410;7473;6.21;0.38;264.01;6.97;1015;20;2545.00;63
6397;18;622989508;6397;357;7413;7473;6.17;0.38;264.01;6.97;1016;20;2546.00;60
6402;18;622989519;6402;358;7414;7474;6.12;0.38;264.12;6.97;1012;20;2547.00;60
6405;18;622989530;6405;370;7414;7474;6.08;0.38;264.12;6.97;1009;20;2548.00;60
6410;18;622989541;6410;373;7419;7478;6.05;0.37;264.18;6.97;1009;20;2549.00;59
6416;18;622989554;6416;360;7422;7481;5.96;0.37;264.26;6.98;1006;20;2550.00;59
6417;18;622989565;6417;360;7427;7485;5.92;0.37;264.28;6.98;1010;20;2551.00;58
6421;18;622989576;6421;354;7428;7485;5.93;0.37;264.42;6.98;1007;20;2552.00;57
6428;18;622989587;6428;352;7428;7485;5.94;0.37;264.54;6.98;1000;20;2553.00;57
6430;18;622989598;6430;355;7429;7485;5.93;0.37;264.55;6.98;999;20;2554.00;56
6433;18;622989609;6433;360;7430;7485;5.89;0.36;264.64;6.99;997;20;2555.00;55
6437;18;622989620;6437;357;7440;7497;5.94;0.37;264.77;6.98;1003;20;2556.00;57
6441;18;622989632;6441;351;7442;7497;5.99;0.37;264.81;6.98;1001;20;2557.00;55
6445;18;622989643;6445;351;7442;7497;6.04;0.37;264.93;6.98;997;20;2558.00;55
6450;18;622989654;6450;348;7442;7497;6.10;0.38;264.96;6.98;992;20;2559.00;55
6452;18;622989665;6452;345;7442;7497;6.19;0.38;265.02;6.98;990;20;2560.00;55
6453;18;622989676;6453;342;7442;7497;6.33;0.39;265.03;6.98;989;20;2561.00;55
6455;18;622989686;6455;331;7442;7498;6.39;0.39;265.06;6.98;987;20;2562.00;56
6458;18;622989697;6458;328;7442;7498;6.42;0.40;265.12;6.98;984;20;2563.00;56
6463;18;622989708;6463;321;7447;7504;6.54;0.40;265.15;6.97;984;20;2564.00;57
6469;18;622989720;6469;318;7449;7506;6.56;0.40;265.20;6.97;980;20;2565.00;57
6474;18;622989731;6474;320;7449;7506;6.60;0.41;265.19;6.97;975;20;2566.00;57
6480;18;622989743;6480;320;7449;7506;6.59;0.40;265.17;6.97;969;20;2567.00;57
6486;18;622989753;6486;324;7452;7510;6.63;0.41;265.28;6.97;966;20;2568.00;58
6490;18;622989765;6490;327;7452;7510;6.66;0.41;265.31;6.97;962;20;2569.00;58
6496;18;622989776;6496;324;7452;7510;6.66;0.41;265.34;6.97;956;20;2570.00;58
6499;18;622989787;6499;324;7453;7511;6.73;0.41;265.30;6.97;954;20;2571.00;58
6503;18;622989798;6503;330;7456;7515;6.73;0.41;265.44;6.97;953;20;2572.00;59
6504;18;622989809;6504;333;7456;7515;6.80;0.42;265.42;6.97;952;20;2573.00;59
6510;18;622989820;6510;337;7458;7518;6.82;0.42;265.31;6.96;948;20;2574.00;60
6516;18;622989832;6516;334;7459;7518;6.79;0.42;265.37;6.96;943;20;2575.00;59
6521;18;622989843;6521;334;7459;7518;6.79;0.42;265.41;6.96;938;20;2576.00;59
6523;18;622989855;6523;331;7460;7518;6.90;0.42;265.41;7.07;937;20;2577.00;58
6528;18;622989867;6528;329;7464;7522;6.86;0.42;265.58;7.06;936;20;2578.00;58
6535;18;622989878;6535;330;7464;7522;6.81;0.42;265.69;7.06;929;20;2579.00;58
6538;18;622989891;6538;324;7464;7522;6.80;0.42;265.69;7.06;926;20;2580.00;58
6543;18;622989902;6543;323;7464;7522;6.79;0.42;265.75;7.06;921;20;2581.00;58
6545;18;622989913;6545;324;7464;7523;6.80;0.42;265.71;7.06;919;20;2582.00;59
6551;18;622989924;6551;321;7465;7524;6.75;0.41;265.75;7.06;914;20;2583.00;59
6554;18;622989936;6554;325;7465;7524;6.80;0.42;265.75;7.06;911;20;2584.00;59
6561;18;622989947;6561;328;7466;7525;6.78;0.41;265.80;7.06;905;20;2585.00;59
6566;18;622989958;6566;329;7466;7525;6.80;0.41;265.88;7.06;900;20;2586.00;59
6570;18;622989969;6570;327;7466;7525;6.77;0.41;265.88;7.06;896;20;2587.00;59
6574;18;622989980;6574;327;7466;7525;6.73;0.41;265.84;7.06;892;20;2588.00;59
6580;18;622989991;6580;329;7466;7525;6.62;0.40;265.90;7.06;886;20;2589.00;59
6581;18;622990002;6581;327;7466;7525;6.53;0.40;265.91;7.06;885;20;2590.00;59
6586;18;622990012;6586;324;7466;7525;6.45;0.39;266.01;7.06;880;20;2591.00;59
6590;18;622990022;6590;339;7533;7652;6.62;0.41;266.06;7.10;943;20;2592.00;119
6593;18;622990043;6593;333;7537;7653;6.65;0.41;266.14;7.09;944;20;2593.00;116
6595;18;622990053;6595;328;7545;7653;6.77;0.42;266.25;7.09;950;20;2594.00;108
6598;18;622990065;6598;331;7545;7653;6.73;0.42;266.32;7.09;947;20;2595.00;108
6602;18;622990076;6602;334;7550;7653;6.77;0.42;266.29;7.08;948;20;2596.00;103
6604;18;622990087;6604;323;7552;7653;6.77;0.42;266.38;7.08;948;20;2597.00;101
6607;18;622990106;6607;320;7554;7653;6.78;0.42;266.45;7.08;947;20;2598.00;99
6609;18;622990137;6609;315;7558;7653;6.81;0.42;266.40;7.08;949;20;2599.00;95
6617;18;622990163;6617;312;7560;7654;6.79;0.42;266.47;7.08;943;20;2600.00;94
6621;18;622990189;6621;318;7563;7655;6.80;0.42;266.53;7.08;942;20;2601.00;92
6621;18;622990207;6621;329;7567;7655;6.81;0.42;266.53;7.09;946;20;2602.00;88
6624;18;622990220;6624;328;7569;7656;6.76;0.42;266.73;7.09;945;20;2603.00;87
6628;18;622990240;6628;343;7571;7656;6.69;0.41;266.79;7.09;943;20;2604.00;85
6629;18;622990253;6629;349;7575;7656;6.65;0.41;266.81;7.09;946;20;2605.00;81
6633;18;622990266;6633;342;7577;7656;6.61;0.41;267.04;7.09;944;20;2606.00;79
6637;18;622990280;6637;351;7582;7660;6.63;0.41;267.15;7.09;945;20;2607.00;78
6640;18;622990294;6640;345;7584;7660;6.64;0.41;267.16;7.19;944;20;2608.00;76
6642;18;622990308;6642;342;7588;7660;6.68;0.41;267.27;7.20;946;20;2609.00;72
6644;18;622990324;6644;343;7591;7666;6.75;0.41;267.33;7.19;947;20;2610.00;75
6645;18;622990337;6645;338;7593;7666;6.84;0.42;267.33;7.19;948;20;2611.00;73
6645;18;622990350;6645;333;7595;7666;6.95;0.42;267.33;7.19;950;20;2612.00;71
6646;18;622990363;6646;328;7598;7670;7.04;0.43;267.33;7.19;952;20;2613.00;72
6649;18;622990376;6649;324;7600;7671;7.12;0.43;267.33;7.19;951;20;2614.00;71
6651;18;622990389;6651;333;7601;7671;7.20;0.44;267.35;7.19;950;20;2615.00;70
6655;18;622990401;6655;331;7605;7675;7.25;0.44;267.29;7.19;950;20;2616.00;70
6658;18;622990414;6658;333;7605;7675;7.29;0.44;267.38;7.19;947;20;2617.00;70
6660;18;622990427;6660;326;7605;7675;7.30;0.44;267.35;7.19;945;20;2618.00;70
6664;18;622990440;6664;324;7606;7676;7.28;0.44;267.25;7.19;942;20;2619.00;70
6666;18;622990453;6666;322;7606;7676;7.26;0.44;267.29;7.19;940;20;2620.00;70
6667;18;622990465;6667;313;7611;7682;7.24;0.44;267.30;7.18;944;20;2621.00;71
6670;18;622990479;6670;310;7611;7682;7.18;0.44;267.36;7.18;941;20;2622.00;71
6671;18;622990491;6671;307;7611;7683;7.13;0.43;267.35;7.18;940;20;2623.00;72
6673;18;622990503;6673;306;7611;7683;7.12;0.43;267.39;7.18;938;20;2624.00;72
6673;18;622990516;6673;306;7611;7683;7.12;0.43;267.39;7.18;938;20;2625.00;72
6677;18;622990527;6677;305;7611;7683;7.08;0.43;267.39;7.18;934;20;2626.00;72
6678;18;622990540;6678;306;7611;7683;7.03;0.43;267.40;7.18;933;20;2627.00;72
6681;18;622990551;6681;300;7621;7695;7.05;0.43;267.39;7.17;940;20;2628.00;74
6682;18;622990564;6682;304;7622;7695;7.05;0.43;267.38;7.17;940;20;2629.00;73
6684;18;622990575;6684;303;7622;7695;7.06;0.43;267.49;7.17;938;20;2630.00;73
6687;18;622990587;6687;304;7622;7695;7.06;0.43;267.38;7.17;935;20;2631.00;73
6690;18;622990600;6690;305;7622;7695;7.10;0.43;267.34;7.17;932;20;2632.00;73
6691;18;622990612;6691;304;7622;7695;7.16;0.44;267.33;7.17;931;20;2633.00;73
6694;18;622990624;6694;305;7625;7699;7.19;0.44;267.27;7.17;931;20;2634.00;74
6695;18;622990636;6695;305;7625;7699;7.28;0.44;267.24;7.17;930;20;2635.00;74
6696;18;622990649;6696;308;7629;7703;7.45;0.45;267.21;7.17;933;20;2636.00;74
6697;18;622990662;6697;313;7630;7704;7.53;0.46;267.18;7.17;933;20;2637.00;74
6700;18;622990674;6700;313;7630;7704;7.62;0.46;267.09;7.17;930;20;2638.00;74
6703;18;622990686;6703;309;7630;7704;7.61;0.46;267.07;7.17;927;20;2639.00;74
6705;18;622990700;6705;322;7653;7733;7.52;0.46;267.06;7.14;948;20;2640.00;80
6706;18;622990715;6706;314;7653;7733;7.49;0.45;267.05;7.14;947;20;2641.00;80
6707;18;622990728;6707;316;7655;7733;7.54;0.46;267.08;7.14;948;20;2642.00;78
6709;18;622990739;6709;317;7656;7734;7.56;0.46;267.08;7.14;947;20;2643.00;78
6710;18;622990751;6710;317;7656;7735;7.59;0.46;267.07;7.14;946;20;2644.00;79
6711;18;622990763;6711;321;7656;7735;7.59;0.46;267.10;7.14;945;20;2645.00;79
6714;18;622990774;6714;325;7658;7738;7.60;0.46;267.08;7.14;944;20;2646.00;80
6714;18;622990787;6714;326;7658;7738;7.63;0.46;267.08;7.14;944;20;2647.00;80
6716;18;622990799;6716;324;7659;7738;7.62;0.46;267.07;7.14;943;20;2648.00;79
6718;18;622990810;6718;327;7659;7738;7.58;0.46;267.06;7.14;941;20;2649.00;79
6721;18;622990822;6721;330;7664;7744;7.57;0.46;267.09;7.14;943;20;2650.00;80
6721;18;622990833;6721;312;7664;7744;7.64;0.46;267.09;7.14;943;20;2651.00;80
6723;18;622990845;6723;299;7664;7744;7.61;0.46;267.06;7.14;941;20;2652.00;80
6725;18;622990856;6725;286;7664;7744;7.59;0.46;267.12;7.14;939;20;2653.00;80
6727;18;622990869;6727;279;7668;7748;7.59;0.46;267.10;7.15;941;20;2654.00;80
6730;18;622990888;6730;278;7670;7750;7.64;0.47;267.09;7.15;940;20;2655.00;80
6733;19;622990900;6733;272;7671;7750;7.65;0.47;267.04;7.16;938;21;2656.00;79
6735;19;622990925;6735;277;7672;7751;7.69;0.47;267.05;7.16;937;21;2657.00;79
6736;19;622990945;6736;269;7672;7751;7.73;0.47;267.05;7.16;936;21;2658.00;79
6737;19;622990957;6737;270;7672;7751;7.81;0.48;267.02;7.16;935;21;2659.00;79
6741;19;622990969;6741;268;7672;7751;7.85;0.48;267.01;7.16;931;21;2660.00;79
6741;19;622990980;6741;269;7672;7751;7.93;0.48;267.01;7.16;931;21;2661.00;79
6744;19;622990991;6744;266;7672;7751;7.92;0.48;267.04;7.16;928;21;2662.00;79
6745;19;622991003;6745;266;7672;7751;8.00;0.49;267.01;7.16;927;21;2663.00;79
6747;19;622991015;6747;268;7705;7821;8.15;0.50;266.99;7.13;958;21;2664.00;116
6752;19;622991033;6752;265;7706;7822;8.11;0.49;266.93;7.13;954;21;2665.00;116
6753;19;622991045;6753;259;7714;7822;8.08;0.49;266.90;7.12;961;21;2666.00;108
6756;19;622991056;6756;265;7716;7822;8.03;0.49;266.90;7.12;960;21;2667.00;106
6757;19;622991069;6757;257;7721;7822;8.01;0.49;266.93;7.12;964;21;2668.00;101
6761;19;622991082;6761;256;7722;7822;8.00;0.49;266.91;7.12;961;21;2669.00;100
6761;19;622991098;6761;254;7724;7822;8.04;0.49;266.91;7.12;963;21;2670.00;98
6762;19;622991110;6762;257;7726;7822;8.11;0.49;266.99;7.12;964;21;2671.00;96
6763;19;622991122;6763;255;7728;7823;8.11;0.49;267.04;7.12;965;21;2672.00;95
6766;19;622991141;6766;250;7730;7824;8.06;0.49;267.16;7.12;964;21;2673.00;94
6767;19;622991153;6767;254;7731;7824;8.09;0.49;267.13;7.12;964;21;2674.00;93
6771;19;622991165;6771;258;7736;7828;7.99;0.49;267.14;7.12;965;21;2675.00;92
6772;19;622991177;6772;265;7739;7828;7.90;0.48;267.10;7.13;967;21;2676.00;89
6777;19;622991194;6777;274;7740;7828;7.75;0.47;267.13;7.13;963;21;2677.00;88
6778;19;622991205;6778;282;7741;7828;7.64;0.46;267.13;7.13;963;21;2678.00;87
6781;19;622991216;6781;289;7748;7834;7.62;0.46;267.15;7.16;967;21;2679.00;86
6783;19;622991228;6783;292;7749;7834;7.60;0.46;267.16;7.16;966;21;2680.00;85
6785;19;622991240;6785;295;7750;7834;7.63;0.46;267.20;7.16;965;21;2681.00;84
6787;19;622991251;6787;305;7754;7837;7.63;0.46;267.26;7.18;967;21;2682.00;83
6789;19;622991263;6789;300;7755;7837;7.62;0.46;267.34;7.18;966;21;2683.00;82
6791;19;622991274;6791;311;7757;7837;7.57;0.46;267.49;7.19;966;21;2684.00;80
6792;19;622991286;6792;308;7757;7838;7.49;0.46;267.48;7.19;965;21;2685.00;81
6796;19;622991297;6796;314;7760;7839;7.42;0.45;267.60;7.21;964;21;2686.00;79
6798;19;622991308;6798;315;7760;7839;7.32;0.44;267.66;7.21;962;21;2687.00;79
6800;19;622991319;6800;324;7771;7852;7.30;0.44;267.64;7.21;971;21;2688.00;81
6803;19;622991330;6803;324;7772;7852;7.21;0.44;267.62;7.21;969;21;2689.00;80
6808;19;622991342;6808;327;7774;7852;7.11;0.43;267.61;7.23;966;21;2690.00;78
6808;19;622991353;6808;334;7776;7853;7.09;0.43;267.61;7.23;968;21;2691.00;77
6810;19;622991363;6810;339;7777;7853;7.08;0.43;267.65;7.24;967;21;2692.00;76
6813;19;622991374;6813;338;7782;7857;7.09;0.43;267.63;7.25;969;21;2693.00;75
6814;19;622991385;6814;338;7782;7857;7.06;0.43;267.66;7.25;968;21;2694.00;75
6816;19;622991396;6816;336;7788;7861;6.97;0.42;267.62;7.28;972;21;2695.00;73
6820;19;622991407;6820;340;7788;7861;6.92;0.42;267.64;7.28;968;21;2696.00;73
6821;19;622991418;6821;342;7788;7861;6.85;0.42;267.62;7.28;967;21;2697.00;73
6823;19;622991428;6823;345;7789;7861;6.83;0.42;267.61;7.30;966;21;2698.00;72
6824;19;622991439;6824;343;7789;7861;6.77;0.41;267.59;7.30;965;21;2699.00;72
6828;19;622991452;6828;341;7815;7910;6.82;0.42;267.62;7.27;987;21;2700.00;95
6830;19;622991472;6830;347;7818;7910;6.73;0.41;267.62;7.28;988;21;2701.00;92
6830;19;622991488;6830;346;7823;7910;6.74;0.41;267.62;7.29;993;21;2702.00;87
6831;19;622991498;6831;351;7824;7910;6.67;0.41;267.64;7.30;993;21;2703.00;86
6833;19;622991515;6833;356;7827;7910;6.63;0.41;267.68;7.31;994;21;2704.00;83
6837;19;622991526;6837;349;7827;7910;6.59;0.40;267.75;7.31;990;21;2705.00;83
6838;19;622991543;6838;349;7832;7911;6.55;0.40;267.84;7.33;994;21;2706.00;79
6841;19;622991553;6841;347;7833;7911;6.53;0.40;267.89;7.34;992;21;2707.00;78
6843;19;622991565;6843;345;7839;7917;6.54;0.40;267.89;7.34;996;21;2708.00;78
6846;19;622991576;6846;354;7840;7918;6.49;0.40;267.93;7.34;994;21;2709.00;78
6849;19;622991587;6849;358;7840;7918;6.40;0.39;267.96;7.34;991;21;2710.00;78
6852;19;622991598;6852;362;7841;7918;6.26;0.38;268.06;7.35;989;21;2711.00;77
6856;19;622991615;6856;364;7846;7922;6.16;0.38;267.97;7.35;990;21;2712.00;76
6858;19;622991626;6858;366;7846;7922;6.09;0.37;267.95;7.35;988;21;2713.00;76
6861;19;622991637;6861;370;7849;7922;6.03;0.37;267.93;7.37;988;21;2714.00;73
6864;19;622991648;6864;374;7850;7923;5.98;0.36;267.97;7.37;986;21;2715.00;73
6866;19;622991659;6866;377;7853;7927;5.88;0.36;268.01;7.37;987;21;2716.00;74
6870;19;622991688;6870;383;7854;7927;5.76;0.35;267.96;7.37;984;21;2717.00;73
6873;19;622991698;6873;391;7858;7930;5.72;0.35;268.01;7.37;985;21;2718.00;72
6878;19;622991708;6878;394;7862;7930;5.68;0.35;268.15;7.39;984;21;2719.00;68
6881;19;622991719;6881;389;7862;7930;5.65;0.35;268.18;7.39;981;21;2720.00;68
6882;19;622991729;6882;384;7863;7930;5.62;0.34;268.20;7.39;981;21;2721.00;67
6885;19;622991744;6885;388;7866;7934;5.64;0.35;268.23;7.39;981;21;2722.00;68
6888;19;622991755;6888;385;7866;7934;5.65;0.35;268.24;7.39;978;21;2723.00;68
6891;19;622991766;6891;386;7871;7934;5.55;0.34;268.36;7.40;980;21;2724.00;63
6896;19;622991776;6896;385;7871;7934;5.53;0.34;268.40;7.40;975;21;2725.00;63
6899;19;622991787;6899;384;7871;7935;5.54;0.34;268.51;7.40;972;21;2726.00;64
6900;19;622991797;6900;384;7873;7936;5.62;0.34;268.54;7.40;973;21;2727.00;63
6905;19;622991808;6905;380;7873;7936;5.69;0.35;268.63;7.40;968;21;2728.00;63
6908;19;622991819;6908;376;7877;7937;5.76;0.35;268.65;7.41;969;21;2729.00;60
6912;19;622991832;6912;374;7878;7937;5.78;0.35;268.71;7.41;966;21;2730.00;59
6915;19;622991844;6915;370;7878;7937;5.82;0.36;268.77;7.41;963;21;2731.00;59
6918;19;622991856;6918;366;7878;7937;5.88;0.36;268.86;7.41;960;21;2732.00;59
6923;19;622991866;6923;364;7880;7937;5.90;0.36;268.90;7.41;957;21;2733.00;57
6926;19;622991877;6926;365;7880;7937;5.92;0.36;268.92;7.41;954;21;2734.00;57
6929;19;622991889;6929;367;7881;7937;5.96;0.36;268.99;7.42;952;21;2735.00;56
6934;19;622991900;6934;377;7950;8064;6.24;0.39;269.02;7.35;1016;21;2736.00;114
6938;19;622991921;6938;373;7954;8065;6.22;0.39;269.11;7.35;1016;21;2737.00;111
6941;19;622991933;6941;376;7961;8065;6.22;0.39;269.14;7.34;1020;21;2738.00;104
6947;19;622991944;6947;382;7965;8065;6.24;0.39;269.11;7.34;1018;21;2739.00;100
6952;19;622991955;6952;380;7970;8065;6.21;0.38;269.26;7.34;1018;21;2740.00;95
6955;19;622991966;6955;384;7972;8065;6.22;0.38;269.39;7.34;1017;21;2741.00;93
6958;19;622991978;6958;389;7975;8065;6.20;0.38;269.45;7.34;1017;21;2742.00;90
6962;19;622991989;6962;390;7977;8065;6.13;0.38;269.54;7.34;1015;21;2743.00;88
6964;19;622992000;6964;389;7981;8066;6.11;0.38;269.57;7.34;1017;21;2744.00;85
6968;19;622992012;6968;390;7984;8068;6.15;0.38;269.72;7.34;1016;21;2745.00;84
6975;19;622992023;6975;392;7985;8068;6.10;0.38;269.75;7.34;1010;21;2746.00;83
6979;19;622992035;6979;396;7988;8069;6.07;0.38;269.77;7.34;1009;21;2747.00;81
6984;19;622992046;6984;407;7989;8069;6.04;0.37;269.89;7.34;1005;21;2748.00;80
6991;19;622992057;6991;408;7993;8069;5.98;0.37;269.84;7.34;1002;21;2749.00;76
6998;19;622992068;6998;407;7995;8069;5.90;0.36;269.84;7.34;997;21;2750.00;74
7004;19;622992080;7004;408;8000;8073;5.89;0.36;269.90;7.34;996;21;2751.00;73
7007;19;622992097;7007;409;8001;8073;5.91;0.36;269.90;7.34;994;21;2752.00;72
7011;19;622992114;7011;410;8002;8073;5.94;0.36;269.95;7.34;991;21;2753.00;71
7015;19;622992132;7015;411;8004;8076;5.92;0.36;270.00;7.34;989;21;2754.00;72
7019;19;622992152;7019;416;8005;8076;5.87;0.36;270.03;7.35;986;21;2755.00;71
7025;19;622992169;7025;427;8008;8076;5.80;0.36;270.31;7.45;983;21;2756.00;68
7027;19;622992186;7027;436;8011;8080;5.77;0.35;270.36;7.45;984;21;2757.00;69
7030;19;622992203;7030;442;8014;8081;5.74;0.35;270.45;7.45;984;21;2758.00;67
7033;19;622992217;7033;444;8014;8081;5.71;0.35;270.44;7.45;981;21;2759.00;67
7037;19;622992232;7037;453;8018;8086;5.67;0.35;270.45;7.44;981;21;2760.00;68
7042;19;622992245;7042;453;8018;8086;5.70;0.35;270.40;7.44;976;21;2761.00;68
7044;19;622992259;7044;451;8018;8086;5.77;0.35;270.34;7.44;974;21;2762.00;68
7048;19;622992270;7048;453;8019;8087;5.80;0.35;270.43;7.44;971;21;2763.00;68
7052;19;622992283;7052;455;8019;8087;5.79;0.35;270.62;7.44;967;21;2764.00;68
7054;19;622992296;7054;458;8024;8093;5.80;0.35;270.68;7.44;970;21;2765.00;69
7056;19;622992308;7056;457;8024;8093;5.78;0.35;270.72;7.44;968;21;2766.00;69
7060;19;622992320;7060;445;8024;8094;5.74;0.35;270.78;7.44;964;21;2767.00;70
7063;19;622992332;7063;439;8024;8094;5.73;0.35;270.75;7.44;961;21;2768.00;70
7067;19;622992344;7067;437;8024;8094;5.74;0.35;270.74;7.44;957;21;2769.00;70
7068;19;622992356;7068;431;8024;8094;5.74;0.35;270.76;7.44;956;21;2770.00;70
7071;19;622992368;7071;422;8024;8094;5.68;0.35;270.85;7.44;953;21;2771.00;70
7074;19;622992380;7074;423;8034;8106;5.69;0.35;270.85;7.43;960;21;2772.00;72
7077;19;622992393;7077;420;8034;8106;5.65;0.34;270.85;7.43;957;21;2773.00;72
7082;19;622992405;7082;425;8035;8106;5.58;0.34;270.95;7.43;953;21;2774.00;71
7083;19;622992416;7083;424;8035;8106;5.53;0.34;270.94;7.43;952;21;2775.00;71
7083;19;622992427;7083;417;8035;8106;5.57;0.34;270.94;7.43;952;21;2776.00;71
7085;19;622992438;7085;403;8035;8106;5.63;0.34;270.92;7.43;950;21;2777.00;71
7086;19;622992450;7086;394;8038;8110;5.74;0.35;270.89;7.43;952;21;2778.00;72
7087;19;622992462;7087;378;8038;8110;5.84;0.35;270.90;7.43;951;21;2779.00;72
7087;19;622992475;7087;379;8042;8114;6.00;0.36;270.90;7.42;955;21;2780.00;72
7089;19;622992488;7089;381;8043;8115;6.04;0.37;270.91;7.42;954;21;2781.00;72
7091;19;622992501;7091;376;8043;8115;6.05;0.37;270.87;7.42;952;21;2782.00;72
7093;19;622992513;7093;371;8043;8115;6.15;0.37;270.86;7.42;950;21;2783.00;72
7097;19;622992527;7097;364;8053;8128;6.27;0.38;270.92;7.41;956;21;2784.00;75
7100;19;622992541;7100;357;8054;8128;6.32;0.38;270.86;7.41;954;21;2785.00;74
7101;19;622992553;7101;355;8054;8128;6.36;0.39;270.87;7.41;953;21;2786.00;74
7101;19;622992565;7101;355;8055;8129;6.49;0.40;270.87;7.41;954;21;2787.00;74
7102;19;622992577;7102;355;8055;8130;6.52;0.40;270.93;7.41;953;21;2788.00;75
7103;19;622992589;7103;358;8055;8130;6.63;0.40;270.91;7.41;952;21;2789.00;75
7106;19;622992603;7106;351;8059;8136;6.71;0.41;270.85;7.41;953;21;2790.00;77
7109;19;622992616;7109;343;8059;8136;6.75;0.41;270.85;7.41;950;21;2791.00;77
7113;19;622992628;7113;340;8061;8136;6.78;0.41;270.77;7.41;948;21;2792.00;75
7114;19;622992641;7114;343;8061;8136;6.84;0.42;270.77;7.41;947;21;2793.00;75
7117;19;622992652;7117;341;8066;8142;6.87;0.42;270.72;7.40;949;21;2794.00;76
7119;19;622992665;7119;341;8066;8142;6.86;0.42;270.67;7.40;947;21;2795.00;76
7120;19;622992677;7120;343;8066;8142;6.84;0.41;270.67;7.40;946;21;2796.00;76
7121;19;622992689;7121;336;8066;8142;6.86;0.42;270.64;7.40;945;21;2797.00;76
7124;19;622992700;7124;336;8069;8146;6.89;0.42;270.67;7.40;945;21;2798.00;77
7127;19;622992712;7127;337;8071;8147;6.94;0.42;270.70;7.51;944;21;2799.00;76
7127;19;622992724;7127;336;8071;8147;6.99;0.42;270.70;7.51;944;21;2800.00;76
7131;19;622992740;7131;336;8072;8148;6.99;0.42;270.69;7.51;941;21;2801.00;76
7131;19;622992752;7131;328;8072;8148;7.02;0.42;270.69;7.51;941;21;2802.00;76
7132;19;622992764;7132;317;8072;8148;6.98;0.42;270.70;7.51;940;21;2803.00;76
7134;19;622992776;7134;305;8072;8148;6.97;0.42;270.65;7.51;938;21;2804.00;76
7134;19;622992788;7134;297;8072;8148;7.00;0.42;270.65;7.51;938;21;2805.00;76
7136;19;622992800;7136;294;8072;8148;7.03;0.43;270.66;7.51;936;21;2806.00;76
7139;19;622992811;7139;285;8072;8148;7.07;0.43;270.67;7.51;933;21;2807.00;76
7139;19;622992823;7139;285;8111;8218;7.13;0.43;270.67;7.47;972;21;2808.00;107
7140;19;622992841;7140;275;8111;8219;7.27;0.44;270.67;7.47;971;21;2809.00;108
7140;19;622992862;7140;272;8118;8219;7.43;0.45;270.67;7.47;978;21;2810.00;101
7141;19;622992874;7141;262;8120;8219;7.58;0.46;270.67;7.46;979;21;2811.00;99
7141;19;622992886;7141;257;8123;8219;7.72;0.47;270.67;7.46;982;21;2812.00;96
7141;19;622992903;7141;250;8124;8219;7.83;0.47;270.67;7.46;983;21;2813.00;95
7142;19;622992917;7142;250;8127;8219;7.96;0.48;270.68;7.46;985;21;2814.00;92
7144;19;622992929;7144;257;8130;8219;8.03;0.49;270.66;7.46;986;21;2815.00;89
7145;19;622992948;7145;259;8132;8220;8.09;0.49;270.66;7.46;987;21;2816.00;88
7146;19;622992962;7146;258;8135;8221;8.13;0.49;270.66;7.46;989;21;2817.00;86
7148;19;622992975;7148;264;8138;8221;8.10;0.49;270.66;7.46;990;21;2818.00;83
7149;19;622992989;7149;261;8142;8225;8.09;0.49;270.65;7.46;993;21;2819.00;83
7151;19;622993003;7151;266;8143;8225;8.10;0.49;270.61;7.46;992;21;2820.00;82
7151;19;622993022;7151;264;8143;8225;8.09;0.49;270.61;7.46;992;21;2821.00;82
7152;19;622993035;7152;254;8143;8225;8.11;0.49;270.61;7.46;991;21;2822.00;82
7157;19;622993048;7157;260;8148;8231;8.10;0.49;270.66;7.46;991;21;2823.00;83
7161;19;622993061;7161;247;8148;8231;8.09;0.49;270.70;7.46;987;21;2824.00;83
7163;19;622993082;7163;247;8150;8231;8.09;0.49;270.68;7.48;987;21;2825.00;81
7165;19;622993101;7165;242;8152;8234;8.09;0.49;270.70;7.48;987;21;2826.00;82
7171;19;622993114;7171;240;8152;8234;8.03;0.49;270.70;7.48;981;21;2827.00;82
7173;19;622993130;7173;234;8153;8234;8.05;0.49;270.68;7.47;980;21;2828.00;81
7177;19;622993145;7177;244;8153;8235;7.99;0.49;270.65;7.47;976;21;2829.00;82
7181;19;622993158;7181;242;8154;8236;7.94;0.48;270.61;7.47;973;21;2830.00;82
7183;19;622993171;7183;236;8154;8236;7.92;0.48;270.62;7.47;971;21;2831.00;82
7186;19;622993184;7186;240;8164;8249;7.94;0.48;270.62;7.46;978;21;2832.00;85
7187;19;622993197;7187;232;8165;8249;7.92;0.48;270.62;7.46;978;21;2833.00;84
7191;19;622993209;7191;243;8165;8249;8.00;0.49;270.73;7.46;974;21;2834.00;84
7195;19;622993221;7195;242;8167;8251;8.00;0.49;270.79;7.46;972;21;2835.00;84
7196;19;622993233;7196;247;8167;8251;8.03;0.49;270.75;7.46;971;21;2836.00;84
7199;19;622993244;7199;246;8171;8255;8.08;0.49;270.90;7.46;972;21;2837.00;84
7204;19;622993257;7204;250;8171;8255;8.05;0.49;270.86;7.46;967;21;2838.00;84
7207;19;622993269;7207;257;8174;8259;8.01;0.49;270.88;7.46;967;21;2839.00;85
7210;19;622993281;7210;256;8174;8259;8.00;0.49;270.99;7.46;964;21;2840.00;85
7211;19;622993293;7211;259;8174;8259;8.02;0.49;270.97;7.46;963;21;2841.00;85
7213;19;622993310;7213;263;8174;8259;8.02;0.49;271.05;7.46;961;21;2842.00;85
7218;19;622993322;7218;260;8174;8259;7.96;0.48;271.13;7.46;956;21;2843.00;85
7219;19;622993333;7219;264;8183;8271;8.01;0.49;271.12;7.45;964;21;2844.00;88
7221;19;622993346;7221;268;8184;8271;7.96;0.48;271.17;7.45;963;21;2845.00;87
7224;19;622993357;7224;268;8185;8271;7.99;0.49;271.24;7.45;961;21;2846.00;86
7225;19;622993369;7225;275;8185;8271;8.05;0.49;271.27;7.45;960;21;2847.00;86
7227;19;622993380;7227;274;8185;8271;8.10;0.49;271.40;7.45;958;21;2848.00;86
7229;19;622993393;7229;279;8186;8271;8.08;0.49;271.46;7.46;957;21;2849.00;85
7230;19;622993406;7230;282;8188;8274;8.01;0.49;271.45;7.46;958;21;2850.00;86
7233;19;622993418;7233;281;8189;8274;7.91;0.48;271.45;7.47;956;21;2851.00;85
7237;19;622993429;7237;281;8195;8280;7.92;0.48;271.41;7.48;958;21;2852.00;85
7241;19;622993442;7241;291;8196;8281;7.85;0.48;271.45;7.48;955;21;2853.00;85
7243;19;622993454;7243;296;8197;8281;7.74;0.47;271.47;7.49;954;21;2854.00;84
7245;19;622993465;7245;301;8198;8281;7.64;0.46;271.54;7.51;953;21;2855.00;83
7246;19;622993478;7246;302;8201;8285;7.65;0.47;271.54;7.50;955;21;2856.00;84
7248;19;622993489;7248;305;8203;8285;7.60;0.46;271.49;7.53;955;21;2857.00;82
7251;19;622993500;7251;304;8203;8285;7.57;0.46;271.58;7.53;952;21;2858.00;82
7253;19;622993511;7253;306;8206;8286;7.48;0.46;271.63;7.56;953;21;2859.00;80
7254;19;622993523;7254;309;8210;8290;7.47;0.45;271.71;7.56;956;21;2860.00;80
7256;19;622993534;7256;316;8210;8290;7.45;0.45;271.76;7.56;954;21;2861.00;80
7258;19;622993545;7258;318;8214;8293;7.44;0.45;271.81;7.58;956;21;2862.00;79
7260;19;622993557;7260;319;8215;8293;7.44;0.45;271.81;7.58;955;21;2863.00;78
7262;19;622993567;7262;321;8218;8295;7.37;0.45;271.79;7.59;956;21;2864.00;77
7265;19;622993578;7265;322;8219;8295;7.33;0.45;271.92;7.60;954;21;2865.00;76
7265;19;622993589;7265;323;8225;8299;7.35;0.45;271.92;7.61;960;21;2866.00;74
7268;19;622993601;7268;329;8225;8299;7.28;0.45;272.02;7.61;957;21;2867.00;74
7269;19;622993612;7269;332;8227;8299;7.19;0.44;272.00;7.62;958;21;2868.00;72
7271;19;622993623;7271;324;8227;8299;7.11;0.44;272.06;7.62;956;21;2869.00;72
7275;19;622993633;7275;315;8228;8300;6.97;0.43;272.21;7.63;953;21;2870.00;72
7280;19;622993644;7280;313;8229;8301;6.85;0.42;272.30;7.63;949;21;2871.00;72
7283;19;622993655;7283;314;8230;8301;6.76;0.41;272.33;7.64;947;21;2872.00;71
7286;19;622993665;7286;313;8232;8302;6.76;0.41;272.34;7.65;946;21;2873.00;70
7289;19;622993676;7289;311;8232;8302;6.68;0.41;272.39;7.65;943;21;2874.00;70
7293;19;622993687;7293;309;8234;8302;6.64;0.40;272.37;7.66;941;21;2875.00;68
7296;19;622993698;7296;305;8234;8302;6.63;0.40;272.40;7.66;938;21;2876.00;68
7298;19;622993708;7298;304;8235;8302;6.63;0.40;272.39;7.67;937;21;2877.00;67
7301;19;622993719;7301;310;8236;8302;6.66;0.40;272.50;7.68;935;21;2878.00;66
7305;19;622993729;7305;313;8237;8302;6.66;0.40;272.42;7.68;932;21;2879.00;65
7310;19;622993741;7310;345;8340;8532;6.84;0.43;272.47;7.59;1030;21;2880.00;192
7313;19;622993770;7313;343;8344;8533;6.82;0.43;272.48;7.59;1031;21;2881.00;189
7317;19;622993781;7317;329;8355;8533;6.85;0.43;272.48;7.59;1038;21;2882.00;178
7320;19;622993793;7320;323;8358;8533;6.77;0.42;272.59;7.59;1038;21;2883.00;175
7323;19;622993804;7323;323;8369;8533;6.76;0.42;272.65;7.59;1046;21;2884.00;164
7325;19;622993815;7325;322;8373;8533;6.72;0.42;272.63;7.59;1048;21;2885.00;160
7328;19;622993826;7328;326;8382;8533;6.66;0.41;272.67;7.59;1054;21;2886.00;151
7330;19;622993838;7330;331;8389;8533;6.59;0.41;272.73;7.59;1059;21;2887.00;144
7333;19;622993850;7333;331;8398;8534;6.53;0.41;272.79;7.60;1065;21;2888.00;136
7336;19;622993862;7336;346;8403;8535;6.47;0.40;272.82;7.60;1067;21;2889.00;132
7341;19;622993873;7341;345;8410;8535;6.38;0.40;272.95;7.60;1069;21;2890.00;125
7342;19;622993884;7342;347;8412;8536;6.31;0.39;272.97;7.60;1070;21;2891.00;124
7347;19;622993903;7347;351;8415;8536;6.18;0.38;272.99;7.61;1068;21;2892.00;121
7353;19;622993915;7353;354;8420;8536;6.00;0.37;273.21;7.61;1067;21;2893.00;116
7356;19;622993927;7356;360;8425;8536;5.86;0.36;273.21;7.62;1069;21;2894.00;111
7358;19;622993939;7358;362;8430;8540;5.72;0.35;273.25;7.62;1072;21;2895.00;110
7359;19;622993951;7359;369;8432;8540;5.65;0.35;273.32;7.62;1073;21;2896.00;108
7362;19;622993962;7362;370;8437;8540;5.55;0.34;273.39;7.62;1075;21;2897.00;103
7363;19;622993974;7363;370;8438;8543;5.51;0.34;273.40;7.62;1075;21;2898.00;105
7367;19;622993986;7367;371;8441;8543;5.53;0.34;273.45;7.63;1074;21;2899.00;102
7370;19;622993999;7370;364;8441;8543;5.58;0.35;273.48;7.63;1071;21;2900.00;102
7372;19;622994014;7372;363;8447;8547;5.67;0.35;273.42;7.63;1075;21;2901.00;100
7374;19;622994026;7374;361;8450;8548;5.73;0.35;273.47;7.63;1076;21;2902.00;98
7381;19;622994038;7381;362;8454;8548;5.77;0.35;273.55;7.64;1073;21;2903.00;94
7385;19;622994050;7385;358;8457;8552;5.80;0.36;273.61;7.64;1072;21;2904.00;95
7392;19;622994063;7392;361;8461;8552;5.76;0.35;273.67;7.65;1069;21;2905.00;91
7392;19;622994075;7392;369;8462;8552;5.82;0.36;273.67;7.65;1070;21;2906.00;90
7399;19;622994087;7399;370;8465;8553;5.77;0.35;273.76;7.65;1066;21;2907.00;88
7402;19;622994104;7402;379;8466;8553;5.76;0.35;273.80;7.65;1064;21;2908.00;87
7406;19;622994126;7406;387;8471;8559;5.76;0.35;273.85;7.65;1065;21;2909.00;88
7412;19;622994148;7412;396;8472;8559;5.64;0.35;273.91;7.77;1060;21;2910.00;87
7414;19;622994167;7414;395;8472;8560;5.58;0.34;273.91;7.77;1058;21;2911.00;88
7418;19;622994185;7418;407;8473;8560;5.51;0.34;274.02;7.77;1055;21;2912.00;87
7422;19;622994203;7422;417;8474;8560;5.40;0.33;274.11;7.77;1052;21;2913.00;86
7427;19;622994219;7427;426;8474;8560;5.30;0.32;274.11;7.77;1047;21;2914.00;86
7432;19;622994232;7432;432;8475;8560;5.21;0.32;274.26;7.77;1043;21;2915.00;85
7434;19;622994245;7434;435;8485;8572;5.23;0.32;274.25;7.77;1051;21;2916.00;87
7441;19;622994259;7441;445;8487;8572;5.17;0.32;274.36;7.77;1046;21;2917.00;85
7445;19;622994271;7445;444;8487;8572;5.13;0.31;274.29;7.77;1042;21;2918.00;85
7449;19;622994284;7449;455;8489;8572;5.10;0.31;274.40;7.77;1040;21;2919.00;83
7451;19;622994296;7451;460;8489;8572;5.04;0.31;274.44;7.77;1038;21;2920.00;83
7454;19;622994308;7454;468;8490;8572;4.98;0.31;274.43;7.77;1036;21;2921.00;82
7457;19;622994319;7457;476;8493;8576;4.95;0.30;274.50;7.77;1036;21;2922.00;83
7459;19;622994330;7459;483;8493;8576;4.89;0.30;274.47;7.77;1034;21;2923.00;83
7462;19;622994341;7462;483;8497;8580;4.82;0.30;274.46;7.77;1035;21;2924.00;83
7466;19;622994353;7466;489;8498;8582;4.76;0.29;274.43;7.77;1032;21;2925.00;84
7470;19;622994363;7470;495;8500;8582;4.68;0.29;274.37;7.77;1030;21;2926.00;82
7473;19;622994374;7473;500;8500;8582;4.60;0.28;274.37;7.77;1027;21;2927.00;82
7476;19;622994384;7476;498;8510;8595;4.66;0.29;274.33;7.76;1034;21;2928.00;85
7476;19;622994397;7476;503;8510;8595;4.68;0.29;274.33;7.76;1034;21;2929.00;85
7479;19;622994408;7479;502;8510;8595;4.71;0.29;274.31;7.76;1031;21;2930.00;85
7480;19;622994420;7480;507;8512;8596;4.75;0.29;274.28;7.87;1032;21;2931.00;84
7486;19;622994430;7486;502;8512;8597;4.68;0.29;274.23;7.87;1026;21;2932.00;85
7487;19;622994442;7487;503;8512;8597;4.69;0.29;274.25;7.87;1025;21;2933.00;85
7488;19;622994454;7488;504;8514;8600;4.72;0.29;274.23;7.87;1026;21;2934.00;86
7492;19;622994468;7492;509;8514;8600;4.66;0.29;274.13;7.87;1022;21;2935.00;86
7493;19;622994479;7493;512;8515;8600;4.66;0.29;274.09;7.86;1022;21;2936.00;85
7499;19;622994490;7499;498;8515;8600;4.64;0.29;274.05;7.86;1016;21;2937.00;85
7500;19;622994502;7500;491;8520;8606;4.69;0.29;274.01;7.86;1020;21;2938.00;86
7504;19;622994514;7504;488;8520;8606;4.74;0.29;274.01;7.86;1016;21;2939.00;86
7507;19;622994527;7507;486;8520;8606;4.79;0.29;274.05;7.86;1013;21;2940.00;86
7511;19;622994539;7511;485;8520;8606;4.82;0.30;274.04;7.86;1009;21;2941.00;86
7513;19;622994550;7513;481;8523;8610;4.91;0.30;274.01;7.86;1010;21;2942.00;87
7513;19;622994562;7513;488;8524;8611;5.00;0.31;274.01;7.86;1011;21;2943.00;87
7514;19;622994573;7514;483;8524;8611;5.08;0.31;273.98;7.86;1010;21;2944.00;87
7517;19;622994584;7517;488;8525;8612;5.14;0.31;273.92;7.86;1008;21;2945.00;87
7519;19;622994596;7519;475;8525;8612;5.18;0.32;273.94;7.86;1006;21;2946.00;87
7524;19;622994615;7524;460;8525;8612;5.21;0.32;273.86;7.86;1001;21;2947.00;87
7525;19;622994629;7525;448;8525;8612;5.31;0.32;273.84;7.86;1000;21;2948.00;87
7525;19;622994647;7525;439;8526;8612;5.39;0.33;273.84;7.97;1001;21;2949.00;86
7526;19;622994665;7526;428;8526;8612;5.47;0.33;273.85;7.97;1000;21;2950.00;86
7528;19;622994676;7528;426;8526;8612;5.50;0.34;273.84;7.97;998;21;2951.00;86
7530;19;622994689;7530;425;8558;8682;5.75;0.35;273.89;7.94;1028;21;2952.00;124
7531;19;622994707;7531;425;8559;8683;5.85;0.36;273.89;7.94;1028;21;2953.00;124
7534;19;622994719;7534;424;8565;8683;5.89;0.36;273.94;7.93;1031;21;2954.00;118
7535;19;622994732;7535;412;8566;8683;5.97;0.36;273.95;7.93;1031;21;2955.00;117
7536;19;622994745;7536;394;8569;8683;6.05;0.37;273.93;7.93;1033;21;2956.00;114
7538;19;622994757;7538;385;8570;8683;6.13;0.37;273.91;7.93;1032;21;2957.00;113
7539;19;622994770;7539;376;8572;8683;6.24;0.38;273.88;7.93;1033;21;2958.00;111
7540;19;622994784;7540;371;8574;8683;6.35;0.39;273.88;7.93;1034;21;2959.00;109
7544;20;622994797;7544;362;8576;8684;6.44;0.39;273.87;7.93;1032;22;2960.00;108
7545;20;622994823;7545;364;8578;8685;6.54;0.40;273.92;7.93;1033;22;2961.00;107
7546;20;622994837;7546;355;8580;8685;6.62;0.40;273.96;7.93;1034;22;2962.00;105
7546;20;622994850;7546;350;8585;8689;6.76;0.41;273.96;7.93;1039;22;2963.00;104
7548;20;622994864;7548;347;8586;8689;6.86;0.42;274.03;7.93;1038;22;2964.00;103
7550;20;622994878;7550;354;8587;8689;6.99;0.42;273.97;7.93;1037;22;2965.00;102
7550;20;622994892;7550;352;8588;8689;7.09;0.43;273.97;7.93;1038;22;2966.00;101
7553;20;622994905;7553;346;8592;8695;7.12;0.43;274.01;7.93;1039;22;2967.00;103
7553;20;622994919;7553;342;8593;8695;7.13;0.43;274.01;7.93;1040;22;2968.00;102
7553;21;622994932;7553;340;8594;8695;7.20;0.44;274.01;7.93;1041;23;2969.00;101
7553;21;622994961;7553;335;8598;8701;7.31;0.44;274.01;7.93;1045;23;2970.00;103
7554;22;622994976;7554;334;8598;8701;7.35;0.45;274.00;7.93;1044;24;2971.00;103
7557;22;622994996;7557;326;8600;8701;7.35;0.45;274.02;7.92;1043;24;2972.00;101
7557;22;622995009;7557;314;8600;8702;7.35;0.45;274.02;7.92;1043;24;2973.00;102
7558;22;622995034;7558;317;8601;8703;7.36;0.45;273.99;7.92;1043;24;2974.00;102
7559;22;622995047;7559;312;8601;8703;7.34;0.45;273.98;7.92;1042;24;2975.00;102
7560;22;622995066;7560;313;8610;8716;7.39;0.45;273.98;7.92;1050;24;2976.00;106
7562;22;622995079;7562;315;8610;8716;7.38;0.45;274.04;7.92;1048;24;2977.00;106
7562;22;622995094;7562;314;8611;8716;7.40;0.45;274.04;8.03;1049;24;2978.00;105
7564;22;622995109;7564;317;8612;8717;7.50;0.46;274.10;8.03;1048;24;2979.00;105
7566;22;622995126;7566;315;8612;8717;7.49;0.45;274.09;8.03;1046;24;2980.00;105
7571;22;622995144;7571;311;8615;8721;7.51;0.45;274.20;8.02;1044;24;2981.00;106
7572;22;622995163;7572;307;8615;8721;7.54;0.46;274.22;8.02;1043;24;2982.00;106
7574;22;622995176;7574;310;8618;8725;7.56;0.46;274.32;8.02;1044;24;2983.00;107
7576;22;622995196;7576;306;8618;8725;7.60;0.46;274.32;8.02;1042;24;2984.00;107
7578;22;622995211;7578;306;8618;8725;7.57;0.46;274.38;8.02;1040;24;2985.00;107
7581;22;622995225;7581;308;8618;8725;7.58;0.46;274.40;8.02;1037;24;2986.00;107
7582;22;622995242;7582;301;8618;8725;7.59;0.46;274.42;8.02;1036;24;2987.00;107
7585;22;622995263;7585;312;8628;8737;7.62;0.46;274.48;8.01;1043;24;2988.00;109
7588;22;622995280;7588;306;8628;8737;7.58;0.46;274.48;8.01;1040;24;2989.00;109
7593;22;622995299;7593;305;8630;8737;7.54;0.46;274.50;8.01;1037;24;2990.00;107
7594;22;622995312;7594;303;8630;8737;7.52;0.46;274.49;8.01;1036;24;2991.00;107
7599;22;622995325;7599;295;8630;8737;7.48;0.45;274.50;8.01;1031;24;2992.00;107
7602;22;622995338;7602;294;8630;8737;7.51;0.46;274.64;8.01;1028;24;2993.00;107
7604;22;622995351;7604;280;8632;8738;7.51;0.46;274.68;8.02;1028;24;2994.00;106
7606;22;622995364;7606;281;8634;8738;7.54;0.46;274.72;8.05;1028;24;2995.00;104
7611;22;622995378;7611;274;8638;8744;7.61;0.46;274.72;8.04;1027;24;2996.00;106
7613;22;622995398;7613;271;8638;8745;7.61;0.46;274.76;8.04;1025;24;2997.00;107
7617;22;622995410;7617;271;8639;8745;7.61;0.46;274.91;8.04;1022;24;2998.00;106
7622;22;622995423;7622;270;8639;8745;7.62;0.46;274.95;8.04;1017;24;2999.00;106
7625;22;622995438;7625;271;8644;8765;7.69;0.47;275.01;8.04;1019;24;3000.00;121
7630;22;622995456;7630;264;8644;8765;7.73;0.47;275.15;8.04;1014;24;3001.00;121
7633;22;622995470;7633;264;8644;8765;7.81;0.47;275.10;8.04;1011;24;3002.00;121
7637;22;622995482;7637;269;8645;8766;7.84;0.47;275.13;8.04;1008;24;3003.00;121
7639;22;622995495;7639;270;8648;8770;7.83;0.47;275.16;8.03;1009;24;3004.00;122
7641;22;622995508;7641;267;8648;8770;7.90;0.48;275.11;8.03;1007;24;3005.00;122
7643;22;622995520;7643;274;8652;8773;7.97;0.48;275.21;8.03;1009;24;3006.00;121
7646;22;622995533;7646;275;8655;8773;8.03;0.49;275.27;8.04;1009;24;3007.00;118
7648;22;622995546;7648;278;8656;8773;8.06;0.49;275.36;8.05;1008;24;3008.00;117
7649;22;622995558;7649;275;8656;8773;8.10;0.49;275.45;8.05;1007;24;3009.00;117
7656;22;622995571;7656;279;8662;8777;8.11;0.49;275.62;8.07;1006;24;3010.00;115
7659;22;622995584;7659;288;8664;8777;8.19;0.50;275.76;8.07;1005;24;3011.00;113
7662;22;622995597;7662;284;8667;8777;8.20;0.50;275.84;8.07;1005;24;3012.00;110
7664;22;622995610;7664;278;8668;8777;8.20;0.50;275.87;8.07;1004;24;3013.00;109
7669;22;622995623;7669;277;8670;8778;8.16;0.50;275.85;8.07;1001;24;3014.00;108
7670;22;622995637;7670;274;8672;8780;8.15;0.50;275.87;8.07;1002;24;3015.00;108
7673;22;622995651;7673;274;8672;8780;8.09;0.49;276.03;8.07;999;24;3016.00;108
7679;22;622995666;7679;277;8675;8781;7.99;0.49;276.06;8.07;996;24;3017.00;106
7680;22;622995686;7680;278;8675;8781;7.99;0.49;276.11;8.07;995;24;3018.00;106
7685;22;622995701;7685;279;8675;8781;7.99;0.48;276.17;8.07;990;24;3019.00;106
7688;22;622995714;7688;284;8675;8781;8.00;0.49;276.20;8.07;987;24;3020.00;106
7689;22;622995729;7689;286;8677;8781;8.02;0.49;276.19;8.10;988;24;3021.00;104
7692;22;622995747;7692;294;8679;8781;8.04;0.49;276.25;8.11;987;24;3022.00;102
7693;22;622995765;7693;296;8681;8781;8.05;0.49;276.25;8.13;988;24;3023.00;100
7696;22;622995777;7696;324;8746;8908;8.01;0.49;276.33;8.07;1050;24;3024.00;162
7699;22;622995800;7699;321;8751;8909;7.95;0.49;276.38;8.09;1052;24;3025.00;158
7700;22;622995814;7700;309;8759;8909;7.93;0.49;276.36;8.09;1059;24;3026.00;150
7704;22;622995827;7704;310;8765;8909;7.89;0.49;276.42;8.10;1061;24;3027.00;144
7707;22;622995840;7707;312;8771;8909;7.88;0.49;276.57;8.11;1064;24;3028.00;138
7708;22;622995854;7708;314;8775;8909;7.85;0.48;276.57;8.12;1067;24;3029.00;134
7713;22;622995869;7713;316;8780;8909;7.82;0.48;276.70;8.13;1067;24;3030.00;129
7714;22;622995888;7714;309;8783;8909;7.90;0.49;276.70;8.13;1069;24;3031.00;126
7717;22;622995901;7717;316;8787;8910;7.88;0.48;276.79;8.15;1070;24;3032.00;123
7719;22;622995915;7719;319;8793;8911;7.90;0.49;276.80;8.15;1074;24;3033.00;118
7720;22;622995929;7720;318;8798;8911;7.88;0.48;276.80;8.16;1078;24;3034.00;113
7724;22;622995949;7724;317;8801;8912;7.82;0.48;276.79;8.17;1077;24;3035.00;111
7729;22;622995962;7729;318;8806;8912;7.68;0.47;276.75;8.18;1077;24;3036.00;106
7734;22;622995976;7734;319;8809;8912;7.50;0.46;276.77;8.19;1075;24;3037.00;103
7735;22;622995990;7735;330;8811;8912;7.42;0.45;276.75;8.19;1076;24;3038.00;101
7740;22;622996004;7740;331;8816;8916;7.30;0.45;276.86;8.19;1076;24;3039.00;100
7742;22;622996018;7742;337;8817;8916;7.19;0.44;276.96;8.20;1075;24;3040.00;99
7744;22;622996031;7744;333;8818;8916;7.07;0.43;277.03;8.20;1074;24;3041.00;98
7748;22;622996045;7748;338;8820;8919;6.95;0.43;277.13;8.20;1072;24;3042.00;99
7751;22;622996058;7751;347;8822;8919;6.88;0.42;277.13;8.21;1071;24;3043.00;97
7754;22;622996072;7754;350;8825;8919;6.81;0.42;277.21;8.23;1071;24;3044.00;94
7758;22;622996085;7758;352;8829;8923;6.71;0.41;277.26;8.24;1071;24;3045.00;94
7759;22;622996110;7759;352;8831;8924;6.73;0.41;277.31;8.24;1072;24;3046.00;93
7762;22;622996133;7762;355;8832;8924;6.69;0.41;277.34;8.24;1070;24;3047.00;92
7765;22;622996153;7765;359;8834;8928;6.69;0.41;277.43;8.24;1069;24;3048.00;94
7768;22;622996174;7768;362;8838;8928;6.66;0.41;277.50;8.27;1070;24;3049.00;90
7771;22;622996200;7771;361;8840;8928;6.61;0.40;277.53;8.27;1069;24;3050.00;88
7772;22;622996220;7772;365;8843;8929;6.57;0.40;277.60;8.27;1071;24;3051.00;86
7775;22;622996248;7775;364;8844;8929;6.45;0.40;277.54;8.28;1069;24;3052.00;85
7779;22;622996273;7779;367;8849;8935;6.39;0.39;277.56;8.28;1070;24;3053.00;86
7781;22;622996289;7781;365;8851;8935;6.30;0.39;277.59;8.28;1070;24;3054.00;84
7788;22;622996304;7788;371;8851;8936;6.18;0.38;277.62;8.28;1063;24;3055.00;85
7790;22;622996318;7790;375;8852;8936;6.04;0.37;277.65;8.29;1062;24;3056.00;84
7792;22;622996331;7792;375;8853;8936;5.93;0.36;277.65;8.29;1061;24;3057.00;83
7799;22;622996344;7799;383;8853;8936;5.75;0.35;277.71;8.29;1054;24;3058.00;83
7805;22;622996357;7805;396;8854;8936;5.60;0.34;277.76;8.30;1049;24;3059.00;82
7808;22;622996371;7808;393;8882;8972;5.66;0.35;277.78;8.27;1074;24;3060.00;90
7810;22;622996387;7810;384;8883;8972;5.61;0.35;277.85;8.28;1073;24;3061.00;89
7814;22;622996399;7814;393;8886;8972;5.52;0.34;277.98;8.28;1072;24;3062.00;86
7820;22;622996412;7820;402;8886;8972;5.45;0.34;278.14;8.28;1066;24;3063.00;86
7822;22;622996426;7822;406;8888;8972;5.47;0.34;278.16;8.28;1066;24;3064.00;84
7825;22;622996438;7825;410;8889;8972;5.45;0.34;278.27;8.29;1064;24;3065.00;83
7826;22;622996451;7826;418;8893;8976;5.47;0.34;278.34;8.28;1067;24;3066.00;83
7832;22;622996464;7832;422;8894;8976;5.42;0.34;278.35;8.29;1062;24;3067.00;82
7835;22;622996485;7835;424;8898;8980;5.42;0.34;278.42;8.28;1063;24;3068.00;82
7837;22;622996499;7837;430;8899;8981;5.39;0.33;278.41;8.28;1062;24;3069.00;82
7841;22;622996512;7841;433;8899;8981;5.34;0.33;278.50;8.28;1058;24;3070.00;82
7844;22;622996525;7844;431;8899;8981;5.33;0.33;278.48;8.28;1055;24;3071.00;82
7848;22;622996538;7848;439;8910;8994;5.37;0.33;278.52;8.27;1062;24;3072.00;84
7851;22;622996553;7851;441;8910;8994;5.37;0.33;278.53;8.27;1059;24;3073.00;84
7855;22;622996566;7855;441;8910;8994;5.36;0.33;278.58;8.27;1055;24;3074.00;84
7862;22;622996579;7862;442;8911;8995;5.36;0.33;278.59;8.27;1049;24;3075.00;84
7863;22;622996595;7863;435;8911;8996;5.39;0.33;278.57;8.27;1048;24;3076.00;85
7868;22;622996609;7868;428;8911;8996;5.41;0.33;278.51;8.27;1043;24;3077.00;85
7874;22;622996625;7874;424;8913;8999;5.44;0.34;278.47;8.27;1039;24;3078.00;86
7876;22;622996642;7876;433;8913;8999;5.49;0.34;278.45;8.27;1037;24;3079.00;86
7881;22;622996658;7881;432;8914;8999;5.46;0.34;278.44;8.27;1033;24;3080.00;85
7885;22;622996673;7885;426;8914;8999;5.39;0.33;278.41;8.27;1029;24;3081.00;85
7886;22;622996686;7886;429;8919;9005;5.39;0.33;278.39;8.27;1033;24;3082.00;86
7891;22;622996699;7891;432;8919;9005;5.36;0.33;278.44;8.27;1028;24;3083.00;86
7896;22;622996712;7896;434;8919;9005;5.30;0.33;278.45;8.27;1023;24;3084.00;86
7898;22;622996726;7898;434;8919;9005;5.22;0.32;278.40;8.27;1021;24;3085.00;86
7901;22;622996737;7901;442;8922;9009;5.20;0.32;278.39;8.26;1021;24;3086.00;87
7904;22;622996749;7904;447;8923;9010;5.13;0.32;278.54;8.26;1019;24;3087.00;87
7909;22;622996761;7909;460;8923;9010;5.04;0.31;278.50;8.26;1014;24;3088.00;87
7912;22;622996773;7912;466;8924;9011;5.02;0.31;278.55;8.26;1012;24;3089.00;87
7915;22;622996788;7915;472;8924;9011;4.88;0.30;278.50;8.26;1009;24;3090.00;87
7919;22;622996800;7919;483;8924;9011;4.72;0.29;278.45;8.26;1005;24;3091.00;87
7923;22;622996811;7923;487;8924;9011;4.58;0.28;278.40;8.26;1001;24;3092.00;87
7927;22;622996822;7927;488;8924;9011;4.49;0.27;278.32;8.26;997;24;3093.00;87
7932;22;622996833;7932;489;8924;9011;4.44;0.27;278.27;8.26;992;24;3094.00;87
7934;22;622996845;7934;492;8924;9011;4.43;0.27;278.26;8.26;990;24;3095.00;87
7936;22;622996860;7936;503;8964;9081;4.69;0.29;278.25;8.22;1028;24;3096.00;117
7938;22;622996883;7938;499;8965;9082;4.69;0.29;278.27;8.22;1027;24;3097.00;117
7940;22;622996896;7940;498;8972;9082;4.76;0.29;278.31;8.22;1032;24;3098.00;110
7944;22;622996909;7944;495;8975;9082;4.77;0.29;278.28;8.22;1031;24;3099.00;107
7948;22;622996921;7948;498;8978;9082;4.73;0.29;278.23;8.22;1030;24;3100.00;104
7948;22;622996939;7948;504;8980;9082;4.76;0.29;278.23;8.21;1032;24;3101.00;102
7952;22;622996950;7952;512;8983;9082;4.76;0.29;278.28;8.21;1031;24;3102.00;99
7953;22;622996962;7953;510;8985;9082;4.74;0.29;278.34;8.21;1032;24;3103.00;97
7953;22;622996975;7953;507;8988;9083;4.75;0.29;278.34;8.21;1035;24;3104.00;95
7957;22;622996987;7957;518;8990;9085;4.72;0.29;278.40;8.21;1033;24;3105.00;95
7961;22;622997000;7961;529;8991;9085;4.62;0.28;278.39;8.21;1030;24;3106.00;94
7962;22;622997012;7962;506;8995;9089;4.61;0.28;278.37;8.21;1033;24;3107.00;94
7963;22;622997025;7963;491;8996;9089;4.64;0.28;278.38;8.21;1033;24;3108.00;93
7965;22;622997038;7965;483;8996;9089;4.64;0.29;278.45;8.21;1031;24;3109.00;93
7968;22;622997051;7968;479;8996;9089;4.67;0.29;278.44;8.21;1028;24;3110.00;93
7968;22;622997066;7968;474;9001;9095;4.78;0.29;278.44;8.21;1033;24;3111.00;94
7972;22;622997081;7972;472;9002;9095;4.81;0.30;278.50;8.33;1030;24;3112.00;93
7977;22;622997096;7977;474;9002;9095;4.89;0.30;278.50;8.33;1025;24;3113.00;93
7977;22;622997116;7977;470;9004;9098;5.06;0.31;278.50;8.32;1027;24;3114.00;94
7980;22;622997130;7980;473;9004;9098;5.15;0.31;278.45;8.32;1024;24;3115.00;94
7981;22;622997151;7981;450;9005;9098;5.28;0.32;278.47;8.32;1024;24;3116.00;93
7982;22;622997163;7982;437;9005;9099;5.35;0.33;278.44;8.32;1023;24;3117.00;94
7983;22;622997175;7983;419;9006;9100;5.44;0.33;278.45;8.32;1023;24;3118.00;94
7984;22;622997188;7984;411;9006;9100;5.51;0.34;278.43;8.32;1022;24;3119.00;94
7986;22;622997201;7986;401;9025;9126;5.76;0.35;278.38;8.31;1039;24;3120.00;101
7987;22;622997223;7987;383;9026;9126;5.89;0.36;278.35;8.30;1039;24;3121.00;100
7989;22;622997236;7989;368;9028;9126;6.03;0.37;278.29;8.30;1039;24;3122.00;98
7990;22;622997251;7990;358;9029;9127;6.19;0.38;278.26;8.30;1039;24;3123.00;98
7991;22;622997267;7991;345;9029;9127;6.31;0.39;278.24;8.30;1038;24;3124.00;98
7993;22;622997280;7993;347;9033;9131;6.42;0.39;278.25;8.30;1040;24;3125.00;98
7993;22;622997295;7993;332;9033;9131;6.53;0.40;278.25;8.30;1040;24;3126.00;98
7996;22;622997310;7996;332;9036;9135;6.55;0.40;278.23;8.30;1040;24;3127.00;99
7998;22;622997325;7998;327;9037;9135;6.60;0.40;278.22;8.41;1039;24;3128.00;98
8000;22;622997339;8000;322;9037;9135;6.74;0.41;278.27;8.41;1037;24;3129.00;98
8002;22;622997352;8002;320;9037;9135;6.87;0.42;278.29;8.41;1035;24;3130.00;98
8004;22;622997365;8004;316;9037;9135;6.95;0.42;278.29;8.41;1033;24;3131.00;98
8009;22;622997379;8009;313;9047;9147;7.11;0.43;278.38;8.40;1038;24;3132.00;100
8011;22;622997394;8011;302;9047;9147;7.20;0.44;278.46;8.40;1036;24;3133.00;100
8012;22;622997410;8012;302;9048;9147;7.32;0.44;278.46;8.40;1036;24;3134.00;99
8015;22;622997434;8015;296;9048;9147;7.41;0.45;278.43;8.40;1033;24;3135.00;99
8018;22;622997451;8018;292;9048;9147;7.54;0.46;278.46;8.40;1030;24;3136.00;99
8018;22;622997468;8018;289;9048;9147;7.67;0.47;278.46;8.40;1030;24;3137.00;99
8023;22;622997494;8023;283;9048;9148;7.71;0.47;278.44;8.40;1025;24;3138.00;100
8025;22;622997509;8025;277;9049;9148;7.80;0.47;278.48;8.51;1024;24;3139.00;99
8025;22;622997524;8025;281;9054;9154;7.91;0.48;278.48;8.50;1029;24;3140.00;100
8025;22;622997539;8025;270;9055;9155;8.00;0.48;278.48;8.50;1030;24;3141.00;100
8027;22;622997553;8027;267;9055;9155;8.09;0.49;278.50;8.50;1028;24;3142.00;100
8027;22;622997568;8027;261;9055;9155;8.19;0.50;278.50;8.50;1028;24;3143.00;100
8029;22;622997582;8029;261;9058;9159;8.20;0.50;278.53;8.50;1029;24;3144.00;101
8034;22;622997597;8034;258;9058;9159;8.25;0.50;278.55;8.50;1024;24;3145.00;101
8039;22;622997612;8039;263;9058;9159;8.27;0.50;278.63;8.50;1019;24;3146.00;101
8041;22;622997627;8041;268;9059;9160;8.31;0.50;278.72;8.50;1018;24;3147.00;101
8041;22;622997642;8041;268;9062;9164;8.33;0.50;278.72;8.50;1021;24;3148.00;102
8044;22;622997657;8044;263;9062;9164;8.33;0.50;278.77;8.50;1018;24;3149.00;102
8044;22;622997672;8044;266;9067;9170;8.37;0.51;278.77;8.60;1023;24;3150.00;103
8046;22;622997687;8046;266;9067;9170;8.40;0.51;278.87;8.60;1021;24;3151.00;103
8051;22;622997701;8051;272;9069;9170;8.39;0.51;278.93;8.60;1018;24;3152.00;101
8053;22;622997716;8053;264;9069;9170;8.37;0.51;278.94;8.60;1016;24;3153.00;101
8057;22;622997729;8057;264;9073;9174;8.39;0.51;279.06;8.60;1016;24;3154.00;101
8061;22;622997744;8061;263;9073;9174;8.38;0.51;279.08;8.60;1012;24;3155.00;101
8063;22;622997760;8063;257;9073;9174;8.39;0.51;279.21;8.60;1010;24;3156.00;101
8066;22;622997775;8066;256;9073;9174;8.31;0.50;279.23;8.60;1007;24;3157.00;101
8069;22;622997792;8069;259;9073;9175;8.23;0.50;279.25;8.60;1004;24;3158.00;102
8072;22;622997808;8072;265;9074;9176;8.16;0.50;279.26;8.60;1002;24;3159.00;102
8076;22;622997823;8076;257;9074;9176;8.09;0.49;279.39;8.60;998;24;3160.00;102
8080;22;622997837;8080;255;9075;9177;8.04;0.49;279.41;8.59;995;24;3161.00;102
8084;22;622997851;8084;244;9075;9177;8.01;0.49;279.50;8.59;991;24;3162.00;102
8088;22;622997865;8088;245;9075;9177;7.97;0.48;279.48;8.59;987;24;3163.00;102
8090;22;622997881;8090;236;9076;9177;7.95;0.48;279.57;8.61;986;24;3164.00;101
8093;22;622997897;8093;241;9077;9177;8.00;0.48;279.55;8.62;984;24;3165.00;100
8095;22;622997911;8095;240;9077;9177;7.98;0.48;279.55;8.62;982;24;3166.00;100
8098;22;622997924;8098;241;9078;9177;7.98;0.48;279.61;8.73;980;24;3167.00;99
8101;22;622997936;8101;266;9145;9304;7.90;0.49;279.63;8.67;1044;24;3168.00;159
8103;22;622997960;8103;247;9147;9305;7.89;0.48;279.63;8.67;1044;24;3169.00;158
8105;22;622997974;8105;245;9154;9305;7.92;0.49;279.63;8.66;1049;24;3170.00;151
8109;22;622997986;8109;243;9154;9305;7.87;0.48;279.61;8.66;1045;24;3171.00;151
8112;22;622997999;8112;246;9159;9305;7.92;0.49;279.67;8.66;1047;24;3172.00;146
8115;22;622998013;8115;239;9160;9305;8.00;0.49;279.69;8.66;1045;24;3173.00;145
8117;22;622998025;8117;244;9162;9305;8.04;0.49;279.71;8.66;1045;24;3174.00;143
8119;22;622998038;8119;242;9165;9305;8.09;0.50;279.77;8.77;1046;24;3175.00;140
8122;22;622998051;8122;245;9167;9306;8.11;0.50;279.89;8.77;1045;24;3176.00;139
8127;22;622998069;8127;253;9172;9307;8.17;0.50;279.97;8.78;1045;24;3177.00;135
8130;22;622998082;8130;253;9176;9307;8.23;0.50;280.03;8.78;1046;24;3178.00;131
8134;22;622998095;8134;255;9177;9308;8.23;0.50;280.16;8.78;1043;24;3179.00;131
8137;22;622998118;8137;256;9184;9308;8.18;0.50;280.18;8.78;1047;24;3180.00;124
8141;22;622998153;8141;253;9185;9308;8.08;0.50;280.26;8.78;1044;24;3181.00;123
8143;22;622998180;8143;250;9186;9308;8.02;0.49;280.26;8.78;1043;24;3182.00;122
8147;22;622998201;8147;245;9191;9312;7.95;0.49;280.39;8.78;1044;24;3183.00;121
8153;22;622998233;8153;247;9193;9312;7.93;0.49;280.48;8.78;1040;24;3184.00;119
8158;22;622998249;8158;251;9195;9312;7.85;0.48;280.49;8.78;1037;24;3185.00;117
8160;22;622998264;8160;257;9196;9315;7.79;0.48;280.55;8.79;1036;24;3186.00;119
8165;22;622998286;8165;266;9199;9315;7.71;0.47;280.68;8.80;1034;24;3187.00;116
8166;22;622998299;8166;274;9201;9315;7.67;0.47;280.77;8.80;1035;24;3188.00;114
8169;22;622998313;8169;282;9207;9319;7.59;0.46;280.83;8.80;1038;24;3189.00;112
8172;22;622998327;8172;275;9210;9320;7.56;0.46;280.81;8.83;1038;24;3190.00;110
8176;22;622998341;8176;279;9214;9322;7.55;0.46;280.83;8.83;1038;24;3191.00;108
8179;22;622998355;8179;285;9217;9326;7.57;0.46;280.90;8.82;1038;24;3192.00;109
8183;22;622998368;8183;290;9220;9326;7.59;0.46;280.94;8.85;1037;24;3193.00;106
8186;22;622998382;8186;295;9221;9326;7.55;0.46;280.95;8.85;1035;24;3194.00;105
8193;22;622998397;8193;303;9224;9328;7.53;0.46;281.12;8.85;1031;24;3195.00;104
8196;22;622998411;8196;308;9225;9328;7.52;0.46;281.26;8.87;1029;24;3196.00;103
8197;22;622998431;8197;322;9230;9334;7.51;0.46;281.24;8.86;1033;24;3197.00;104
8198;22;622998444;8198;327;9232;9334;7.42;0.45;281.31;8.89;1034;24;3198.00;102
8199;22;622998458;8199;328;9232;9335;7.32;0.45;281.31;8.89;1033;24;3199.00;103
8203;22;622998473;8203;335;9234;9335;7.20;0.44;281.34;8.91;1031;24;3200.00;101
8206;22;622998492;8206;340;9234;9335;7.08;0.43;281.43;8.91;1028;24;3201.00;101
8207;22;622998507;8207;346;9235;9335;7.00;0.43;281.51;8.92;1028;24;3202.00;100
8211;22;622998520;8211;346;9236;9335;6.88;0.42;281.59;8.93;1025;24;3203.00;99
8213;22;622998533;8213;358;9247;9347;6.83;0.42;281.56;8.93;1034;24;3204.00;100
8215;22;622998546;8215;360;9249;9347;6.69;0.41;281.59;8.95;1034;24;3205.00;98
8217;22;622998558;8217;369;9250;9347;6.55;0.40;281.61;8.95;1033;24;3206.00;97
8220;22;622998570;8220;375;9252;9347;6.37;0.39;281.63;8.97;1032;24;3207.00;95
8224;22;622998581;8224;380;9252;9347;6.21;0.38;281.64;8.97;1028;24;3208.00;95
8230;22;622998594;8230;379;9254;9347;6.09;0.37;281.83;8.99;1024;24;3209.00;93
8232;22;622998607;8232;384;9257;9351;6.04;0.37;281.93;8.99;1025;24;3210.00;94
8234;22;622998620;8234;380;9259;9351;6.04;0.37;281.91;9.00;1025;24;3211.00;92
8236;22;622998631;8236;383;9263;9355;6.04;0.37;281.93;9.00;1027;24;3212.00;92
8238;22;622998644;8238;380;9264;9356;5.99;0.36;281.99;9.00;1026;24;3213.00;92
8239;22;622998656;8239;376;9266;9356;5.88;0.36;282.04;9.01;1027;24;3214.00;90
8243;22;622998667;8243;372;9266;9356;5.85;0.36;282.09;9.01;1023;24;3215.00;90
8246;22;622998679;8246;379;9278;9369;5.82;0.35;282.04;9.01;1032;24;3216.00;91
8250;22;622998692;8250;385;9278;9369;5.77;0.35;282.15;9.01;1028;24;3217.00;91
8251;22;622998704;8251;386;9281;9369;5.78;0.35;282.14;9.02;1030;24;3218.00;88
8253;22;622998715;8253;393;9282;9370;5.79;0.35;282.15;9.02;1029;24;3219.00;88
8253;22;622998726;8253;397;9282;9371;5.83;0.36;282.15;9.02;1029;24;3220.00;89
8253;22;622998737;8253;400;9284;9371;5.85;0.36;282.15;9.03;1031;24;3221.00;87
8256;22;622998747;8256;401;9287;9374;5.86;0.36;282.20;9.03;1031;24;3222.00;87
8260;22;622998759;8260;404;9287;9374;5.82;0.36;282.32;9.03;1027;24;3223.00;87
8263;22;622998770;8263;406;9289;9374;5.81;0.36;282.32;9.04;1026;24;3224.00;85
8268;22;622998781;8268;404;9289;9374;5.77;0.35;282.36;9.04;1021;24;3225.00;85
8274;22;622998793;8274;400;9296;9380;5.74;0.35;282.36;9.04;1022;24;3226.00;84
8279;22;622998805;8279;409;9297;9380;5.64;0.34;282.41;9.05;1018;24;3227.00;83
8282;22;622998816;8282;412;9298;9380;5.52;0.34;282.42;9.05;1016;24;3228.00;82
8285;22;622998826;8285;415;9298;9380;5.44;0.33;282.41;9.05;1013;24;3229.00;82
8290;22;622998838;8290;407;9301;9384;5.37;0.33;282.44;9.05;1011;24;3230.00;83
8295;22;622998850;8295;400;9304;9385;5.29;0.32;282.44;9.05;1009;24;3231.00;81
8300;22;622998861;8300;406;9305;9385;5.27;0.32;282.46;9.06;1005;24;3232.00;80
8305;22;622998871;8305;408;9307;9386;5.24;0.32;282.45;9.06;1002;24;3233.00;79
8306;22;622998882;8306;399;9307;9386;5.26;0.32;282.46;9.06;1001;24;3234.00;79
8310;22;622998893;8310;401;9309;9386;5.22;0.32;282.46;9.06;999;24;3235.00;77
8313;22;622998903;8313;407;9309;9386;5.17;0.32;282.49;9.06;996;24;3236.00;77
8315;22;622998914;8315;400;9309;9386;5.14;0.31;282.53;9.06;994;24;3237.00;77
8319;22;622998924;8319;399;9311;9386;5.13;0.31;282.56;9.06;992;24;3238.00;75
8324;22;622998935;8324;395;9311;9386;5.12;0.31;282.50;9.06;987;24;3239.00;75
8326;22;622998947;8326;397;9364;9511;5.45;0.34;282.49;9.01;1038;24;3240.00;147
8328;22;622998968;8328;401;9369;9512;5.45;0.34;282.50;9.01;1041;24;3241.00;143
8331;22;622998980;8331;409;9382;9512;5.52;0.34;282.48;9.00;1051;24;3242.00;130
8334;22;622998991;8334;406;9384;9512;5.45;0.34;282.49;9.00;1050;24;3243.00;128
8339;22;622999002;8339;417;9393;9512;5.42;0.33;282.47;8.99;1054;24;3244.00;119
8342;22;622999014;8342;422;9393;9512;5.37;0.33;282.45;8.99;1051;24;3245.00;119
8346;22;622999025;8346;428;9399;9512;5.34;0.33;282.45;8.99;1053;24;3246.00;113
8349;22;622999036;8349;434;9404;9512;5.32;0.33;282.42;8.99;1055;24;3247.00;108
8350;22;622999047;8350;437;9411;9513;5.30;0.33;282.44;8.99;1061;24;3248.00;102
8355;22;622999059;8355;444;9413;9514;5.20;0.32;282.37;8.99;1058;24;3249.00;101
8356;22;622999071;8356;447;9417;9514;5.12;0.32;282.35;8.99;1061;24;3250.00;97
8359;22;622999082;8359;454;9421;9518;5.08;0.31;282.36;8.98;1062;24;3251.00;97
8360;22;622999094;8360;454;9421;9518;5.07;0.31;282.33;8.98;1061;24;3252.00;97
8362;22;622999107;8362;458;9421;9518;5.03;0.31;282.36;8.98;1059;24;3253.00;97
8364;22;622999121;8364;453;9421;9518;4.99;0.31;282.35;8.98;1057;24;3254.00;97
8367;22;622999133;8367;457;9426;9524;4.94;0.30;282.32;8.98;1059;24;3255.00;98
8370;22;622999146;8370;459;9427;9524;4.88;0.30;282.30;9.10;1057;24;3256.00;97
8374;22;622999160;8374;467;9427;9524;4.86;0.30;282.28;9.10;1053;24;3257.00;97
8376;22;622999173;8376;463;9429;9527;4.85;0.30;282.28;9.09;1053;24;3258.00;98
8377;22;622999185;8377;455;9430;9527;4.81;0.29;282.30;9.09;1053;24;3259.00;97
8379;22;622999199;8379;447;9430;9527;4.79;0.29;282.29;9.09;1051;24;3260.00;97
8382;22;622999214;8382;444;9430;9528;4.78;0.29;282.37;9.09;1048;24;3261.00;98
8386;22;622999228;8386;446;9431;9529;4.80;0.29;282.32;9.09;1045;24;3262.00;98
8387;22;622999241;8387;449;9431;9529;4.83;0.30;282.31;9.09;1044;24;3263.00;98
8391;22;622999254;8391;452;9441;9542;4.92;0.30;282.25;9.08;1050;24;3264.00;101
8392;22;622999267;8392;450;9441;9542;4.93;0.30;282.24;9.08;1049;24;3265.00;101
8396;22;622999285;8396;455;9442;9542;4.94;0.30;282.24;9.08;1046;24;3266.00;100
8401;22;622999297;8401;464;9443;9543;4.91;0.30;282.17;9.08;1042;24;3267.00;100
8402;22;622999309;8402;460;9443;9543;4.97;0.31;282.15;9.08;1041;24;3268.00;100
8405;22;622999320;8405;462;9448;9547;5.01;0.31;282.12;9.19;1043;24;3269.00;99
8407;22;622999335;8407;459;9448;9547;4.98;0.31;282.11;9.19;1041;24;3270.00;99
8409;22;622999347;8409;464;9451;9551;4.99;0.31;282.11;9.19;1042;24;3271.00;100
8410;22;622999360;8410;464;9451;9551;4.95;0.30;282.14;9.19;1041;24;3272.00;100
8413;22;622999371;8413;470;9451;9551;4.93;0.30;282.09;9.19;1038;24;3273.00;100
8413;22;622999384;8413;469;9451;9551;4.97;0.30;282.09;9.19;1038;24;3274.00;100
8415;22;622999395;8415;467;9451;9551;4.98;0.31;282.11;9.19;1036;24;3275.00;100
8418;22;622999407;8418;467;9461;9563;5.15;0.32;282.11;9.18;1043;24;3276.00;102
8418;22;622999420;8418;454;9461;9563;5.25;0.32;282.11;9.18;1043;24;3277.00;102
8419;22;622999432;8419;450;9462;9563;5.36;0.33;282.12;9.18;1043;24;3278.00;101
8421;22;622999444;8421;431;9462;9563;5.46;0.33;282.10;9.18;1041;24;3279.00;101
8421;22;622999456;8421;423;9462;9563;5.56;0.34;282.10;9.18;1041;24;3280.00;101
8425;22;622999469;8425;416;9463;9563;5.65;0.34;282.15;9.30;1038;24;3281.00;100
8428;22;622999483;8428;413;9463;9564;5.71;0.35;282.27;9.30;1035;24;3282.00;101
8431;22;622999496;8431;412;9463;9564;5.73;0.35;282.23;9.30;1032;24;3283.00;101
8433;22;622999507;8433;406;9468;9570;5.83;0.36;282.20;9.29;1035;24;3284.00;102
8434;22;622999520;8434;398;9470;9572;5.92;0.36;282.19;9.29;1036;24;3285.00;102
8435;23;622999538;8435;378;9470;9572;6.04;0.37;282.17;9.29;1035;25;3286.00;102
8436;23;622999561;8436;368;9470;9572;6.15;0.37;282.23;9.29;1034;25;3287.00;102
8438;23;622999574;8438;358;9473;9576;6.32;0.39;282.20;9.29;1035;25;3288.00;103
8439;23;622999587;8439;352;9473;9576;6.45;0.39;282.26;9.29;1034;25;3289.00;103
8441;23;622999599;8441;347;9473;9576;6.57;0.40;282.25;9.29;1032;25;3290.00;103
8445;23;622999612;8445;339;9474;9577;6.69;0.41;282.34;9.29;1029;25;3291.00;103
8447;23;622999624;8447;333;9477;9581;6.80;0.41;282.44;9.29;1030;25;3292.00;104
8450;24;622999645;8450;330;9477;9581;6.90;0.42;282.48;9.29;1027;26;3293.00;104
8452;24;622999665;8452;323;9479;9584;7.02;0.43;282.59;9.28;1027;26;3294.00;105
8456;24;622999678;8456;317;9479;9584;7.05;0.43;282.68;9.28;1023;26;3295.00;105
8457;24;622999691;8457;320;9480;9584;7.08;0.43;282.75;9.28;1023;26;3296.00;104
8460;24;622999704;8460;317;9480;9584;7.08;0.43;282.79;9.28;1020;26;3297.00;104
8465;24;622999717;8465;314;9484;9588;7.17;0.43;282.87;9.28;1019;26;3298.00;104
8465;24;622999730;8465;313;9484;9588;7.24;0.44;282.87;9.28;1019;26;3299.00;104
8467;24;622999744;8467;322;9489;9607;7.25;0.44;282.85;9.27;1022;26;3300.00;118
8469;24;622999763;8469;310;9489;9607;7.34;0.45;282.87;9.27;1020;26;3301.00;118
8472;24;622999778;8472;307;9489;9608;7.35;0.45;282.91;9.27;1017;26;3302.00;119
8474;24;622999792;8474;307;9490;9609;7.37;0.45;282.97;9.27;1016;26;3303.00;119
8477;24;622999807;8477;305;9490;9609;7.38;0.45;283.07;9.27;1013;26;3304.00;119
8478;24;622999825;8478;302;9491;9610;7.46;0.45;283.07;9.27;1013;26;3305.00;119
8482;24;622999841;8482;294;9493;9610;7.47;0.45;283.11;9.27;1011;26;3306.00;117
8483;24;622999855;8483;288;9493;9610;7.56;0.46;283.12;9.27;1010;26;3307.00;117
8487;24;622999870;8487;281;9493;9610;7.63;0.46;283.08;9.27;1006;26;3308.00;117
8491;24;622999884;8491;275;9494;9610;7.69;0.47;283.12;9.39;1003;26;3309.00;116
8494;24;622999899;8494;274;9494;9610;7.76;0.47;283.21;9.39;1000;26;3310.00;116
8497;24;622999913;8497;271;9494;9610;7.82;0.47;283.25;9.39;997;26;3311.00;116
8498;24;622999928;8498;298;9564;9737;7.82;0.48;283.26;9.33;1066;26;3312.00;173
8500;24;622999954;8500;285;9564;9738;7.87;0.48;283.32;9.33;1064;26;3313.00;174
8502;24;622999970;8502;279;9568;9738;7.93;0.49;283.32;9.32;1066;26;3314.00;170
8503;24;622999985;8503;278;9568;9738;7.99;0.49;283.33;9.32;1065;26;3315.00;170
8506;24;622999999;8506;270;9573;9738;8.04;0.49;283.39;9.32;1067;26;3316.00;165
8508;24;623000014;8508;265;9573;9738;8.08;0.49;283.37;9.32;1065;26;3317.00;165
8511;24;623000028;8511;264;9578;9738;8.09;0.49;283.39;9.32;1067;26;3318.00;160
8514;24;623000045;8514;262;9581;9738;8.10;0.49;283.42;9.32;1067;26;3319.00;157
8515;24;623000061;8515;265;9584;9739;8.11;0.49;283.40;9.32;1069;26;3320.00;155
8520;24;623000076;8520;264;9587;9740;8.16;0.50;283.52;9.32;1067;26;3321.00;153
8523;24;623000092;8523;261;9590;9740;8.18;0.50;283.61;9.32;1067;26;3322.00;150
8525;24;623000113;8525;263;9593;9741;8.24;0.50;283.62;9.32;1068;26;3323.00;148
8526;24;623000139;8526;268;9596;9741;8.25;0.50;283.62;9.32;1070;26;3324.00;145
8527;24;623000166;8527;272;9599;9741;8.25;0.50;283.63;9.32;1072;26;3325.00;142
8531;24;623000188;8531;269;9601;9741;8.21;0.50;283.61;9.32;1070;26;3326.00;140
8533;24;623000211;8533;279;9603;9745;8.19;0.50;283.60;9.32;1070;26;3327.00;142
8534;24;623000230;8534;276;9605;9745;8.12;0.49;283.67;9.45;1071;26;3328.00;140
8537;24;623000246;8537;275;9607;9745;8.08;0.49;283.70;9.45;1070;26;3329.00;138
8538;24;623000264;8538;273;9611;9751;8.02;0.49;283.68;9.45;1073;26;3330.00;140
8540;24;623000279;8540;274;9612;9751;7.98;0.48;283.67;9.45;1072;26;3331.00;139
8546;24;623000294;8546;272;9614;9751;7.92;0.48;283.66;9.45;1068;26;3332.00;137
8547;24;623000309;8547;271;9619;9755;7.92;0.48;283.68;9.45;1072;26;3333.00;136
8550;24;623000330;8550;266;9621;9756;7.91;0.48;283.76;9.45;1071;26;3334.00;135
8552;24;623000345;8552;261;9626;9756;7.89;0.48;283.75;9.48;1074;26;3335.00;130
8555;24;623000360;8555;264;9631;9760;7.88;0.48;283.84;9.47;1076;26;3336.00;129
8556;24;623000375;8556;262;9631;9760;7.90;0.48;283.86;9.47;1075;26;3337.00;129
8559;24;623000388;8559;262;9631;9760;7.89;0.48;283.91;9.47;1072;26;3338.00;129
8560;24;623000402;8560;265;9633;9761;7.91;0.48;283.90;9.47;1073;26;3339.00;128
8566;24;623000416;8566;263;9635;9761;7.91;0.48;284.02;9.48;1069;26;3340.00;126
8569;24;623000430;8569;267;9640;9767;7.93;0.48;284.05;9.47;1071;26;3341.00;127
8572;24;623000444;8572;261;9641;9767;7.89;0.48;284.06;9.48;1069;26;3342.00;126
8577;24;623000458;8577;258;9642;9768;7.80;0.47;284.17;9.48;1065;26;3343.00;126
8578;24;623000472;8578;261;9643;9768;7.77;0.47;284.18;9.60;1065;26;3344.00;125
8584;24;623000485;8584;271;9643;9768;7.73;0.47;284.26;9.60;1059;26;3345.00;125
8588;24;623000499;8588;271;9644;9768;7.68;0.47;284.25;9.60;1056;26;3346.00;124
8592;24;623000512;8592;279;9644;9768;7.67;0.47;284.32;9.60;1052;26;3347.00;124
8595;24;623000525;8595;292;9656;9780;7.72;0.47;284.43;9.60;1061;26;3348.00;124
8597;24;623000540;8597;293;9658;9780;7.69;0.47;284.45;9.60;1061;26;3349.00;122
8599;24;623000552;8599;307;9658;9780;7.58;0.46;284.51;9.60;1059;26;3350.00;122
8601;24;623000565;8601;306;9660;9780;7.47;0.45;284.55;9.60;1059;26;3351.00;120
8603;24;623000578;8603;308;9660;9780;7.37;0.45;284.55;9.60;1057;26;3352.00;120
8606;24;623000590;8606;314;9660;9780;7.27;0.44;284.58;9.60;1054;26;3353.00;120
8607;24;623000603;8607;319;9664;9784;7.21;0.44;284.62;9.60;1057;26;3354.00;120
8609;24;623000616;8609;323;9665;9784;7.18;0.44;284.61;9.60;1056;26;3355.00;119
8611;24;623000634;8611;322;9669;9788;7.24;0.44;284.70;9.60;1058;26;3356.00;119
8614;24;623000652;8614;322;9670;9789;7.25;0.44;284.74;9.60;1056;26;3357.00;119
8617;24;623000667;8617;320;9670;9789;7.23;0.44;284.77;9.60;1053;26;3358.00;119
8621;24;623000687;8621;335;9670;9789;7.21;0.44;284.78;9.60;1049;26;3359.00;119
8623;24;623000702;8623;351;9694;9818;7.25;0.44;284.79;9.60;1071;26;3360.00;124
8627;24;623000717;8627;348;9695;9818;7.23;0.44;284.86;9.60;1068;26;3361.00;123
8634;24;623000730;8634;355;9698;9818;7.12;0.43;285.03;9.61;1064;26;3362.00;120
8635;24;623000743;8635;370;9700;9819;7.10;0.43;285.02;9.62;1065;26;3363.00;119
8637;24;623000756;8637;376;9700;9820;7.01;0.43;285.15;9.62;1063;26;3364.00;120
8638;24;623000768;8638;377;9702;9820;6.95;0.42;285.19;9.64;1064;26;3365.00;118
8642;24;623000780;8642;379;9704;9823;6.91;0.42;285.20;9.64;1062;26;3366.00;119
8646;24;623000793;8646;384;9706;9823;6.83;0.42;285.28;9.67;1060;26;3367.00;117
8647;24;623000806;8647;396;9707;9823;6.74;0.41;285.30;9.66;1060;26;3368.00;116
8653;24;623000819;8653;396;9709;9823;6.66;0.41;285.46;9.69;1056;26;3369.00;114
8653;24;623000833;8653;408;9714;9829;6.66;0.41;285.46;9.68;1061;26;3370.00;115
8656;24;623000845;8656;414;9716;9829;6.57;0.40;285.43;9.70;1060;26;3371.00;113
8658;24;623000857;8658;422;9716;9829;6.52;0.40;285.45;9.70;1058;26;3372.00;113
8659;24;623000869;8659;425;9717;9829;6.42;0.39;285.53;9.71;1058;26;3373.00;112
8660;24;623000880;8660;438;9720;9833;6.34;0.39;285.57;9.71;1060;26;3374.00;113
8661;24;623000893;8661;439;9724;9835;6.26;0.38;285.56;9.73;1063;26;3375.00;111
8665;24;623000905;8665;441;9724;9835;6.12;0.38;285.62;9.73;1059;26;3376.00;111
8668;24;623000917;8668;454;9727;9836;6.00;0.37;285.70;9.74;1059;26;3377.00;109
8670;24;623000929;8670;459;9728;9836;5.87;0.36;285.72;9.75;1058;26;3378.00;108
8672;24;623000941;8672;460;9730;9836;5.77;0.35;285.78;9.77;1058;26;3379.00;106
8674;24;623000953;8674;452;9730;9836;5.70;0.35;285.89;9.77;1056;26;3380.00;106
8679;24;623000964;8679;446;9730;9836;5.62;0.34;285.88;9.77;1051;26;3381.00;106
8680;24;623000977;8680;449;9732;9836;5.54;0.34;285.86;9.78;1052;26;3382.00;104
8682;24;623000988;8682;451;9732;9836;5.50;0.34;285.81;9.78;1050;26;3383.00;104
8686;24;623000999;8686;455;9767;9906;5.62;0.35;285.71;9.75;1081;26;3384.00;139
8687;24;623001016;8687;443;9770;9907;5.56;0.34;285.70;9.75;1083;26;3385.00;137
8689;24;623001027;8689;442;9777;9907;5.57;0.34;285.67;9.75;1088;26;3386.00;130
8690;24;623001039;8690;448;9782;9907;5.53;0.34;285.66;9.76;1092;26;3387.00;125
8692;24;623001050;8692;446;9787;9907;5.52;0.34;285.61;9.76;1095;26;3388.00;120
8695;24;623001061;8695;455;9789;9907;5.42;0.33;285.58;9.77;1094;26;3389.00;118
8698;24;623001074;8698;455;9793;9907;5.37;0.33;285.51;9.78;1095;26;3390.00;114
8700;24;623001085;8700;461;9797;9907;5.32;0.33;285.47;9.78;1097;26;3391.00;110
8702;24;623001096;8702;468;9800;9908;5.27;0.32;285.55;9.79;1098;26;3392.00;108
8707;24;623001108;8707;467;9804;9909;5.15;0.32;285.47;9.79;1097;26;3393.00;105
8709;24;623001120;8709;468;9807;9909;5.08;0.31;285.42;9.80;1098;26;3394.00;102
8711;24;623001131;8711;471;9812;9913;4.99;0.31;285.40;9.80;1101;26;3395.00;101
8715;24;623001142;8715;471;9813;9913;4.84;0.30;285.37;9.80;1098;26;3396.00;100
8718;24;623001154;8718;487;9814;9913;4.72;0.29;285.36;9.80;1096;26;3397.00;99
8719;24;623001165;8719;487;9814;9913;4.63;0.28;285.38;9.80;1095;26;3398.00;99
8724;24;623001175;8724;498;9819;9919;4.57;0.28;285.31;9.80;1095;26;3399.00;100
8728;24;623001188;8728;495;9820;9919;4.48;0.27;285.33;9.81;1092;26;3400.00;99
8729;24;623001203;8729;502;9821;9919;4.41;0.27;285.31;9.81;1092;26;3401.00;98
8732;24;623001213;8732;504;9824;9922;4.39;0.27;285.33;9.81;1092;26;3402.00;98
8733;24;623001225;8733;502;9824;9922;4.37;0.27;285.35;9.81;1091;26;3403.00;98
8734;24;623001235;8734;495;9825;9922;4.34;0.27;285.37;9.81;1091;26;3404.00;97
8739;24;623001246;8739;499;9825;9923;4.27;0.26;285.36;9.81;1086;26;3405.00;98
8740;24;623001258;8740;504;9826;9924;4.27;0.26;285.37;9.81;1086;26;3406.00;98
8741;24;623001269;8741;497;9827;9924;4.27;0.26;285.36;9.82;1086;26;3407.00;97
8743;24;623001279;8743;495;9837;9937;4.35;0.27;285.31;9.81;1094;26;3408.00;100
8743;24;623001291;8743;490;9838;9937;4.41;0.27;285.31;9.81;1095;26;3409.00;99
8745;24;623001302;8745;490;9838;9937;4.42;0.27;285.30;9.81;1093;26;3410.00;99
8745;24;623001312;8745;475;9839;9938;4.45;0.27;285.30;9.81;1094;26;3411.00;99
8750;24;623001323;8750;471;9840;9938;4.48;0.27;285.24;9.93;1090;26;3412.00;98
8751;24;623001336;8751;467;9843;9942;4.60;0.28;285.25;9.93;1092;26;3413.00;99
8753;24;623001348;8753;463;9845;9942;4.70;0.29;285.26;9.93;1092;26;3414.00;97
8760;24;623001359;8760;464;9848;9946;4.76;0.29;285.21;9.93;1088;26;3415.00;98
8761;24;623001371;8761;461;9849;9946;4.84;0.30;285.23;9.93;1088;26;3416.00;97
8765;24;623001383;8765;460;9850;9946;4.95;0.30;285.19;9.93;1085;26;3417.00;96
8768;24;623001394;8768;468;9850;9946;4.95;0.30;285.20;9.93;1082;26;3418.00;96
8771;24;623001406;8771;463;9850;9946;5.00;0.31;285.16;9.93;1079;26;3419.00;96
8775;24;623001419;8775;465;9876;9980;5.24;0.32;285.09;9.90;1101;26;3420.00;104
8778;24;623001433;8778;460;9877;9980;5.27;0.32;285.05;9.90;1099;26;3421.00;103
8780;24;623001450;8780;467;9878;9980;5.27;0.32;285.08;9.90;1098;26;3422.00;102
8784;24;623001462;8784;469;9878;9980;5.23;0.32;285.05;9.90;1094;26;3423.00;102
8788;24;623001475;8788;472;9879;9980;5.21;0.32;285.03;9.90;1091;26;3424.00;101
8792;24;623001487;8792;476;9879;9980;5.12;0.31;285.12;9.90;1087;26;3425.00;101
8794;24;623001504;8794;478;9879;9981;5.11;0.31;285.11;9.90;1085;26;3426.00;102
8795;24;623001516;8795;476;9879;9981;5.11;0.31;285.12;9.90;1084;26;3427.00;102
8801;24;623001529;8801;474;9884;9987;5.03;0.31;285.11;9.89;1083;26;3428.00;103
8802;24;623001541;8802;473;9885;9988;5.03;0.31;285.08;9.89;1083;26;3429.00;103
8807;24;623001553;8807;462;9885;9988;5.00;0.30;285.07;9.89;1078;26;3430.00;103
8810;24;623001572;8810;459;9885;9988;5.02;0.30;285.09;9.89;1075;26;3431.00;103
8812;24;623001584;8812;458;9888;9992;5.08;0.31;285.14;9.89;1076;26;3432.00;104
8816;24;623001596;8816;454;9888;9992;5.10;0.31;285.19;9.89;1072;26;3433.00;104
8819;24;623001609;8819;444;9888;9992;5.13;0.31;285.20;9.89;1069;26;3434.00;104
8822;24;623001628;8822;445;9889;9993;5.24;0.32;285.21;9.89;1067;26;3435.00;104
8826;24;623001640;8826;449;9892;9997;5.35;0.33;285.23;9.89;1066;26;3436.00;105
8829;24;623001653;8829;439;9893;9997;5.38;0.33;285.25;10.01;1064;26;3437.00;104
8833;24;623001666;8833;435;9895;10000;5.40;0.33;285.28;10.01;1062;26;3438.00;105
8836;24;623001678;8836;428;9895;10000;5.43;0.33;285.31;10.01;1059;26;3439.00;105
8843;24;623001689;8843;433;9896;10000;5.41;0.33;285.40;10.01;1053;26;3440.00;104
8845;24;623001702;8845;430;9896;10000;5.36;0.33;285.43;10.01;1051;26;3441.00;104
8849;24;623001714;8849;426;9900;10004;5.40;0.33;285.53;10.01;1051;26;3442.00;104
8852;24;623001726;8852;426;9900;10004;5.42;0.33;285.60;10.01;1048;26;3443.00;104
8857;24;623001738;8857;435;9900;10004;5.39;0.33;285.65;10.01;1043;26;3444.00;104
8859;24;623001750;8859;437;9900;10004;5.38;0.33;285.65;10.01;1041;26;3445.00;104
8860;24;623001762;8860;436;9900;10005;5.36;0.33;285.72;10.01;1040;26;3446.00;105
8864;24;623001774;8864;424;9901;10006;5.36;0.33;285.78;10.01;1037;26;3447.00;105
8867;24;623001792;8867;408;9901;10006;5.38;0.33;285.85;10.01;1034;26;3448.00;105
8871;24;623001803;8871;400;9902;10007;5.42;0.33;285.91;10.01;1031;26;3449.00;105
8873;24;623001817;8873;394;9902;10007;5.49;0.33;285.99;10.01;1029;26;3450.00;105
8875;24;623001829;8875;382;9902;10007;5.57;0.34;286.04;10.01;1027;26;3451.00;105
8875;24;623001841;8875;381;9902;10007;5.66;0.34;286.04;10.01;1027;26;3452.00;105
8878;24;623001853;8878;381;9902;10007;5.71;0.35;286.17;10.01;1024;26;3453.00;105
8882;24;623001865;8882;379;9902;10007;5.75;0.35;286.21;10.01;1020;26;3454.00;105
8883;24;623001877;8883;375;9903;10007;5.84;0.35;286.21;10.14;1020;26;3455.00;104
8885;24;623001889;8885;389;9981;10134;5.98;0.37;286.27;10.06;1096;26;3456.00;153
8886;24;623001912;8886;354;9981;10135;6.08;0.38;286.26;10.06;1095;26;3457.00;154
8889;24;623001930;8889;336;9986;10135;6.27;0.39;286.31;10.05;1097;26;3458.00;149
8889;24;623001944;8889;320;9986;10135;6.42;0.40;286.31;10.05;1097;26;3459.00;149
8893;24;623001957;8893;312;9992;10135;6.58;0.41;286.39;10.05;1099;26;3460.00;143
8894;24;623001978;8894;298;9992;10135;6.69;0.41;286.39;10.05;1098;26;3461.00;143
8896;24;623001991;8896;294;9995;10135;6.80;0.42;286.37;10.05;1099;26;3462.00;140
8899;24;623002004;8899;299;9998;10135;6.92;0.42;286.39;10.05;1099;26;3463.00;137
8902;24;623002018;8902;293;10001;10136;7.03;0.43;286.48;10.05;1099;26;3464.00;135
8906;24;623002032;8906;291;10007;10138;7.07;0.43;286.48;10.04;1101;26;3465.00;131
8908;24;623002046;8908;289;10010;10138;7.14;0.43;286.49;10.04;1102;26;3466.00;128
8909;24;623002059;8909;292;10012;10139;7.18;0.44;286.52;10.04;1103;26;3467.00;127
8911;24;623002073;8911;299;10014;10139;7.14;0.44;286.56;10.05;1103;26;3468.00;125
8914;24;623002087;8914;297;10017;10139;7.17;0.44;286.68;10.05;1103;26;3469.00;122
8916;24;623002101;8916;304;10017;10139;7.17;0.44;286.71;10.05;1101;26;3470.00;122
8919;24;623002121;8919;309;10022;10143;7.18;0.44;286.83;10.04;1103;26;3471.00;121
8919;24;623002145;8919;311;10024;10143;7.20;0.44;286.83;10.04;1105;26;3472.00;119
8921;24;623002168;8921;316;10024;10143;7.24;0.44;286.86;10.04;1103;26;3473.00;119
8921;24;623002189;8921;314;10028;10146;7.30;0.44;286.86;10.21;1107;26;3474.00;118
8922;24;623002209;8922;322;10028;10146;7.35;0.45;286.89;10.21;1106;26;3475.00;118
8924;25;623002228;8924;325;10029;10146;7.40;0.45;286.98;10.21;1105;27;3476.00;117
8927;25;623002252;8927;328;10032;10150;7.45;0.45;287.04;10.21;1105;27;3477.00;118
8927;25;623002268;8927;330;10036;10151;7.52;0.46;287.04;10.34;1109;27;3478.00;115
8931;25;623002283;8931;324;10037;10151;7.61;0.46;287.10;10.34;1106;27;3479.00;114
8934;25;623002313;8934;323;10040;10156;7.64;0.47;287.19;10.33;1106;27;3480.00;116
8935;25;623002330;8935;322;10041;10156;7.69;0.47;287.21;10.33;1106;27;3481.00;115
8936;25;623002353;8936;320;10041;10156;7.77;0.47;287.25;10.33;1105;27;3482.00;115
8940;25;623002368;8940;314;10042;10157;7.83;0.48;287.34;10.33;1102;27;3483.00;115
8943;26;623002383;8943;311;10042;10157;7.84;0.48;287.40;10.33;1099;28;3484.00;115
8944;26;623002414;8944;303;10047;10163;7.94;0.48;287.37;10.33;1103;28;3485.00;116
8947;26;623002429;8947;294;10047;10163;7.94;0.48;287.40;10.33;1100;28;3486.00;116
8950;26;623002444;8950;296;10047;10164;8.00;0.49;287.47;10.33;1097;28;3487.00;117
8953;26;623002458;8953;291;10047;10164;7.99;0.48;287.54;10.33;1094;28;3488.00;117
8958;26;623002480;8958;288;10047;10164;7.98;0.48;287.62;10.33;1089;28;3489.00;117
8958;26;623002495;8958;280;10047;10164;8.02;0.49;287.62;10.33;1089;28;3490.00;117
8962;26;623002510;8962;278;10047;10164;7.99;0.48;287.62;10.33;1085;28;3491.00;117
8965;26;623002525;8965;280;10057;10176;7.97;0.48;287.64;10.32;1092;28;3492.00;119
8971;26;623002541;8971;274;10058;10176;8.01;0.48;287.59;10.32;1087;28;3493.00;118
8975;26;623002557;8975;268;10059;10176;7.93;0.48;287.67;10.45;1084;28;3494.00;117
8976;26;623002573;8976;270;10059;10176;7.90;0.48;287.71;10.45;1083;28;3495.00;117
8979;26;623002587;8979;266;10059;10176;7.89;0.48;287.71;10.45;1080;28;3496.00;117
8984;26;623002602;8984;263;10059;10176;7.84;0.47;287.80;10.45;1075;28;3497.00;117
8984;26;623002618;8984;271;10062;10180;7.77;0.47;287.80;10.44;1078;28;3498.00;118
8989;26;623002632;8989;267;10062;10180;7.75;0.47;287.89;10.44;1073;28;3499.00;118
8991;26;623002648;8991;269;10066;10184;7.76;0.47;287.96;10.44;1075;28;3500.00;118
8994;26;623002668;8994;265;10067;10185;7.72;0.47;288.00;10.44;1073;28;3501.00;118
8994;26;623002682;8994;272;10067;10185;7.68;0.47;288.00;10.44;1073;28;3502.00;118
8997;26;623002696;8997;264;10067;10185;7.63;0.46;288.01;10.44;1070;28;3503.00;118
9001;26;623002709;9001;268;10080;10198;7.55;0.46;287.99;10.57;1079;28;3504.00;118
9004;26;623002732;9004;268;10081;10198;7.55;0.46;288.02;10.59;1077;28;3505.00;117
9005;26;623002746;9005;265;10081;10198;7.52;0.46;288.08;10.59;1076;28;3506.00;117
9008;26;623002759;9008;262;10082;10199;7.52;0.46;288.15;10.59;1074;28;3507.00;117
9009;26;623002772;9009;265;10082;10200;7.55;0.46;288.15;10.59;1073;28;3508.00;118
9013;26;623002786;9013;267;10082;10200;7.51;0.46;288.12;10.59;1069;28;3509.00;118
9019;26;623002801;9019;261;10086;10206;7.41;0.45;288.23;10.58;1067;28;3510.00;120
9021;26;623002816;9021;266;10087;10206;7.40;0.45;288.25;10.58;1066;28;3511.00;119
9025;26;623002829;9025;268;10088;10206;7.33;0.45;288.31;10.58;1063;28;3512.00;118
9028;26;623002843;9028;273;10088;10206;7.31;0.44;288.25;10.58;1060;28;3513.00;118
9030;26;623002856;9030;280;10093;10212;7.34;0.45;288.24;10.58;1063;28;3514.00;119
9034;26;623002872;9034;279;10093;10212;7.29;0.44;288.33;10.58;1059;28;3515.00;119
9035;26;623002887;9035;280;10093;10212;7.25;0.44;288.31;10.58;1058;28;3516.00;119
9037;26;623002901;9037;284;10093;10212;7.22;0.44;288.31;10.58;1056;28;3517.00;119
9039;26;623002916;9039;298;10096;10216;7.15;0.43;288.30;10.57;1057;28;3518.00;120
9039;26;623002930;9039;304;10099;10219;7.12;0.43;288.30;10.57;1060;28;3519.00;120
9043;26;623002945;9043;300;10100;10219;7.11;0.43;288.30;10.58;1057;28;3520.00;119
9045;26;623002959;9045;302;10101;10220;7.10;0.43;288.34;10.58;1056;28;3521.00;119
9048;26;623002973;9048;306;10102;10220;7.05;0.43;288.37;10.59;1054;28;3522.00;118
9051;26;623002986;9051;306;10102;10220;6.99;0.43;288.44;10.59;1051;28;3523.00;118
9053;26;623003000;9053;308;10102;10220;6.92;0.42;288.51;10.59;1049;28;3524.00;118
9055;26;623003014;9055;319;10102;10220;6.89;0.42;288.56;10.59;1047;28;3525.00;118
9059;26;623003027;9059;324;10103;10220;6.84;0.42;288.59;10.60;1044;28;3526.00;117
9063;26;623003048;9063;332;10103;10220;6.78;0.41;288.57;10.60;1040;28;3527.00;117
9065;26;623003066;9065;346;10138;10290;6.90;0.42;288.61;10.56;1073;28;3528.00;152
9068;26;623003085;9068;345;10141;10291;6.86;0.42;288.67;10.56;1073;28;3529.00;150
9070;26;623003098;9070;344;10151;10291;6.91;0.42;288.68;10.57;1081;28;3530.00;140
9071;26;623003113;9071;345;10152;10291;6.88;0.42;288.65;10.57;1081;28;3531.00;139
9076;26;623003126;9076;347;10158;10291;6.82;0.42;288.64;10.59;1082;28;3532.00;133
9077;26;623003139;9077;356;10159;10291;6.81;0.42;288.66;10.59;1082;28;3533.00;132
9079;26;623003152;9079;356;10163;10291;6.75;0.41;288.62;10.59;1084;28;3534.00;128
9082;26;623003165;9082;365;10167;10291;6.71;0.41;288.58;10.60;1085;28;3535.00;124
9085;26;623003177;9085;374;10170;10292;6.64;0.41;288.51;10.60;1085;28;3536.00;122
9088;26;623003189;9088;374;10175;10293;6.56;0.40;288.47;10.62;1087;28;3537.00;118
9090;26;623003201;9090;379;10178;10293;6.48;0.40;288.48;10.62;1088;28;3538.00;115
9091;26;623003212;9091;390;10182;10297;6.39;0.39;288.45;10.61;1091;28;3539.00;115
9092;26;623003226;9092;388;10184;10297;6.23;0.38;288.48;10.63;1092;28;3540.00;113
9093;26;623003238;9093;397;10184;10297;6.10;0.38;288.47;10.63;1091;28;3541.00;113
9096;26;623003249;9096;407;10185;10297;5.99;0.37;288.44;10.64;1089;28;3542.00;112
9097;26;623003260;9097;415;10192;10303;5.94;0.37;288.48;10.66;1095;28;3543.00;111
9100;26;623003272;9100;422;10194;10303;5.88;0.36;288.63;10.67;1094;28;3544.00;109
9103;26;623003284;9103;430;10194;10303;5.76;0.36;288.59;10.67;1091;28;3545.00;109
9107;26;623003295;9107;443;10197;10306;5.67;0.35;288.60;10.68;1090;28;3546.00;109
9112;26;623003306;9112;452;10197;10306;5.58;0.34;288.57;10.68;1085;28;3547.00;109
9117;26;623003318;9117;458;10199;10306;5.44;0.33;288.58;10.69;1082;28;3548.00;107
9119;26;623003328;9119;462;10199;10307;5.31;0.32;288.61;10.69;1080;28;3549.00;108
9120;26;623003339;9120;459;10203;10308;5.21;0.32;288.60;10.72;1083;28;3550.00;105
9122;26;623003350;9122;466;10203;10308;5.11;0.31;288.57;10.72;1081;28;3551.00;105
9125;26;623003368;9125;465;10215;10321;5.06;0.31;288.51;10.72;1090;28;3552.00;106
9126;26;623003380;9126;461;10215;10321;5.05;0.31;288.49;10.72;1089;28;3553.00;106
9127;26;623003392;9127;462;10218;10321;5.02;0.31;288.50;10.75;1091;28;3554.00;103
9128;26;623003403;9128;462;10220;10323;5.04;0.31;288.48;10.75;1092;28;3555.00;103
9129;26;623003415;9129;461;10221;10323;5.04;0.31;288.46;10.75;1092;28;3556.00;102
9131;26;623003425;9131;466;10225;10327;5.03;0.31;288.42;10.75;1094;28;3557.00;102
9132;26;623003436;9132;470;10225;10327;4.97;0.30;288.39;10.75;1093;28;3558.00;102
9132;26;623003447;9132;472;10232;10331;4.98;0.30;288.39;10.78;1100;28;3559.00;99
9133;26;623003458;9133;474;10232;10331;4.93;0.30;288.37;10.78;1099;28;3560.00;99
9134;26;623003470;9134;477;10232;10331;4.87;0.30;288.35;10.78;1098;28;3561.00;99
9137;26;623003480;9137;479;10234;10331;4.72;0.29;288.29;10.79;1097;28;3562.00;97
9139;26;623003490;9139;469;10234;10331;4.69;0.29;288.25;10.79;1095;28;3563.00;97
9141;26;623003500;9141;466;10243;10343;4.73;0.29;288.26;10.78;1102;28;3564.00;100
9143;26;623003511;9143;470;10245;10343;4.71;0.29;288.24;10.80;1102;28;3565.00;98
9146;26;623003522;9146;466;10247;10343;4.74;0.29;288.27;10.79;1101;28;3566.00;96
9149;26;623003533;9149;461;10249;10343;4.71;0.29;288.23;10.80;1100;28;3567.00;94
9151;26;623003543;9151;459;10249;10343;4.68;0.29;288.23;10.80;1098;28;3568.00;94
9154;26;623003554;9154;461;10249;10343;4.66;0.28;288.24;10.80;1095;28;3569.00;94
9156;26;623003573;9156;458;10251;10344;4.65;0.28;288.27;10.81;1095;28;3570.00;93
9159;26;623003585;9159;457;10251;10344;4.67;0.28;288.21;10.81;1092;28;3571.00;93
9161;26;623003597;9161;457;10258;10350;4.75;0.29;288.22;10.82;1097;28;3572.00;92
9163;26;623003619;9163;456;10259;10351;4.78;0.29;288.29;10.81;1096;28;3573.00;92
9166;26;623003630;9166;458;10259;10351;4.77;0.29;288.31;10.81;1093;28;3574.00;92
9167;26;623003641;9167;460;10261;10351;4.80;0.29;288.31;10.82;1094;28;3575.00;90
9170;26;623003652;9170;460;10264;10355;4.88;0.30;288.33;10.82;1094;28;3576.00;91
9170;26;623003664;9170;450;10264;10355;5.01;0.31;288.33;10.82;1094;28;3577.00;91
9173;26;623003675;9173;446;10264;10355;5.09;0.31;288.36;10.82;1091;28;3578.00;91
9174;26;623003686;9174;438;10265;10356;5.13;0.31;288.40;10.82;1091;28;3579.00;91
9176;26;623003697;9176;445;10268;10360;5.18;0.32;288.45;10.81;1092;28;3580.00;92
9178;26;623003710;9178;440;10268;10360;5.20;0.32;288.44;10.81;1090;28;3581.00;92
9179;26;623003728;9179;432;10271;10363;5.26;0.32;288.44;10.94;1092;28;3582.00;92
9182;26;623003740;9182;432;10272;10363;5.32;0.32;288.49;10.94;1090;28;3583.00;91
9185;26;623003751;9185;439;10272;10363;5.39;0.33;288.53;10.94;1087;28;3584.00;91
9190;26;623003762;9190;440;10272;10363;5.41;0.33;288.53;10.94;1082;28;3585.00;91
9191;26;623003774;9191;444;10276;10367;5.52;0.34;288.62;10.94;1085;28;3586.00;91
9196;26;623003785;9196;437;10276;10367;5.58;0.34;288.68;10.94;1080;28;3587.00;91
9200;26;623003797;9200;436;10276;10367;5.61;0.34;288.77;10.94;1076;28;3588.00;91
9205;26;623003808;9205;431;10276;10367;5.63;0.34;288.82;10.94;1071;28;3589.00;91
9209;26;623003819;9209;431;10276;10368;5.64;0.34;288.96;10.94;1067;28;3590.00;92
9211;26;623003832;9211;432;10277;10369;5.60;0.34;289.00;10.94;1066;28;3591.00;92
9215;26;623003844;9215;431;10277;10369;5.52;0.34;288.99;10.94;1062;28;3592.00;92
9219;26;623003855;9219;437;10278;10370;5.50;0.33;289.07;10.93;1059;28;3593.00;92
9223;26;623003867;9223;437;10278;10370;5.49;0.33;289.19;10.93;1055;28;3594.00;92
9226;26;623003878;9226;439;10278;10370;5.45;0.33;289.21;10.93;1052;28;3595.00;92
9230;26;623003890;9230;441;10278;10370;5.39;0.33;289.38;10.93;1048;28;3596.00;92
9232;26;623003901;9232;433;10278;10370;5.39;0.33;289.47;10.93;1046;28;3597.00;92
9234;26;623003912;9234;436;10278;10370;5.35;0.33;289.54;10.93;1044;28;3598.00;92
9240;26;623003923;9240;428;10278;10370;5.27;0.32;289.58;10.93;1038;28;3599.00;92
9241;26;623003938;9241;473;10390;10623;5.57;0.35;289.58;10.82;1149;28;3600.00;233
9245;26;623003973;9245;459;10397;10624;5.61;0.35;289.70;10.81;1152;28;3601.00;227
9247;26;623003986;9247;467;10409;10624;5.73;0.36;289.69;10.80;1162;28;3602.00;215
9252;26;623003999;9252;456;10417;10624;5.76;0.36;289.66;10.79;1165;28;3603.00;207
9256;26;623004011;9256;447;10428;10624;5.79;0.36;289.78;10.79;1172;28;3604.00;196
9257;26;623004024;9257;443;10431;10624;5.78;0.36;289.80;10.79;1174;28;3605.00;193
9261;26;623004037;9261;438;10436;10624;5.80;0.36;289.85;10.78;1175;28;3606.00;188
9266;26;623004056;9266;428;10445;10624;5.85;0.36;290.03;10.78;1179;28;3607.00;179
9268;26;623004069;9268;425;10450;10625;5.92;0.37;290.05;10.78;1182;28;3608.00;175
9272;26;623004083;9272;430;10454;10626;5.90;0.37;290.17;10.78;1182;28;3609.00;172
9274;26;623004096;9274;431;10461;10626;5.85;0.36;290.21;10.90;1187;28;3610.00;165
9279;26;623004114;9279;435;10463;10627;5.76;0.36;290.26;10.90;1184;28;3611.00;164
9284;26;623004136;9284;442;10466;10627;5.65;0.35;290.38;10.90;1182;28;3612.00;161
9286;26;623004158;9286;452;10469;10627;5.60;0.35;290.43;10.90;1183;28;3613.00;158
9290;26;623004182;9290;462;10472;10627;5.55;0.35;290.53;10.90;1182;28;3614.00;155
9293;26;623004204;9293;466;10477;10631;5.55;0.35;290.54;10.90;1184;28;3615.00;154
9298;26;623004228;9298;473;10478;10631;5.52;0.34;290.60;10.90;1180;28;3616.00;153
9301;26;623004247;9301;462;10478;10631;5.52;0.34;290.67;10.90;1177;28;3617.00;153
9308;26;623004264;9308;465;10484;10634;5.50;0.34;290.63;10.91;1176;28;3618.00;150
9311;26;623004288;9311;465;10485;10634;5.54;0.34;290.75;10.90;1174;28;3619.00;149
9314;26;623004302;9314;461;10485;10634;5.58;0.34;290.80;10.90;1171;28;3620.00;149
9319;26;623004317;9319;457;10488;10638;5.63;0.35;290.87;10.90;1169;28;3621.00;150
9321;26;623004332;9321;454;10490;10639;5.72;0.35;290.93;10.90;1169;28;3622.00;149
9325;26;623004347;9325;455;10491;10639;5.77;0.35;291.08;10.90;1166;28;3623.00;148
9329;26;623004361;9329;456;10492;10643;5.82;0.36;291.22;10.90;1163;28;3624.00;151
9333;26;623004376;9333;460;10494;10643;5.88;0.36;291.23;10.90;1161;28;3625.00;149
9337;26;623004390;9337;449;10494;10643;5.95;0.36;291.30;10.90;1157;28;3626.00;149
9342;26;623004406;9342;442;10495;10644;5.98;0.37;291.43;11.03;1153;28;3627.00;149
9344;26;623004421;9344;435;10495;10644;6.06;0.37;291.49;11.03;1151;28;3628.00;149
9348;26;623004443;9348;438;10500;10650;6.12;0.37;291.52;11.02;1152;28;3629.00;150
9354;26;623004459;9354;429;10501;10650;6.16;0.38;291.58;11.03;1147;28;3630.00;149
9355;26;623004476;9355;422;10502;10651;6.26;0.38;291.65;11.03;1147;28;3631.00;149
9360;26;623004492;9360;418;10503;10651;6.30;0.39;291.76;11.03;1143;28;3632.00;148
9363;26;623004507;9363;420;10504;10651;6.32;0.39;291.81;11.03;1141;28;3633.00;147
9368;26;623004522;9368;412;10504;10651;6.36;0.39;291.85;11.03;1136;28;3634.00;147
9370;26;623004537;9370;418;10506;10651;6.36;0.39;291.84;11.03;1136;28;3635.00;145
9372;26;623004553;9372;420;10514;10663;6.44;0.39;291.89;11.02;1142;28;3636.00;149
9372;26;623004569;9372;409;10515;10663;6.53;0.40;291.89;11.03;1143;28;3637.00;148
9374;26;623004584;9374;409;10517;10663;6.56;0.40;291.94;11.03;1143;28;3638.00;146
9378;26;623004599;9378;417;10519;10663;6.68;0.41;291.99;11.03;1141;28;3639.00;144
9380;26;623004614;9380;412;10519;10663;6.81;0.42;292.06;11.03;1139;28;3640.00;144
9383;26;623004629;9383;409;10523;10663;6.85;0.42;292.07;11.04;1140;28;3641.00;140
9386;26;623004645;9386;407;10527;10667;6.88;0.42;292.22;11.03;1141;28;3642.00;140
9388;26;623004661;9388;405;10527;10667;6.94;0.42;292.23;11.03;1139;28;3643.00;140
9390;26;623004678;9390;397;10530;10671;6.99;0.43;292.23;11.03;1140;28;3644.00;141
9391;26;623004693;9391;395;10533;10673;7.03;0.43;292.25;11.15;1142;28;3645.00;140
9395;26;623004710;9395;404;10534;10673;7.07;0.43;292.37;11.15;1139;28;3646.00;139
9397;26;623004725;9397;403;10535;10673;7.14;0.44;292.40;11.15;1138;28;3647.00;138
9402;26;623004739;9402;403;10543;10686;7.19;0.44;292.55;11.14;1141;28;3648.00;143
9406;26;623004755;9406;404;10544;10686;7.24;0.44;292.60;11.14;1138;28;3649.00;142
9408;26;623004770;9408;399;10544;10686;7.25;0.44;292.70;11.14;1136;28;3650.00;142
9412;26;623004786;9412;394;10545;10687;7.31;0.45;292.74;11.14;1133;28;3651.00;142
9418;26;623004801;9418;382;10545;10688;7.32;0.45;292.89;11.14;1127;28;3652.00;143
9419;26;623004824;9419;386;10545;10688;7.29;0.45;292.90;11.14;1126;28;3653.00;143
9422;26;623004839;9422;387;10547;10691;7.28;0.45;292.89;11.14;1125;28;3654.00;144
9424;26;623004854;9424;385;10547;10691;7.31;0.45;292.97;11.14;1123;28;3655.00;144
9427;26;623004870;9427;387;10548;10691;7.30;0.45;293.04;11.14;1121;28;3656.00;143
9428;26;623004884;9428;391;10548;10691;7.32;0.45;293.09;11.14;1120;28;3657.00;143
9430;26;623004898;9430;392;10553;10697;7.35;0.45;293.14;11.13;1123;28;3658.00;144
9432;26;623004915;9432;392;10553;10697;7.33;0.45;293.20;11.13;1121;28;3659.00;144
9435;26;623004932;9435;391;10553;10697;7.26;0.44;293.25;11.13;1118;28;3660.00;144
9437;26;623004947;9437;390;10553;10697;7.22;0.44;293.21;11.13;1116;29;3661.00;144
9442;26;623004973;9442;386;10556;10701;7.16;0.44;293.22;11.25;1114;29;3662.00;145
9447;26;623004988;9447;390;10558;10702;7.17;0.44;293.24;11.25;1111;29;3663.00;144
9453;26;623005003;9453;382;10558;10702;7.15;0.43;293.41;11.25;1105;29;3664.00;144
9459;26;623005021;9459;376;10559;10703;7.19;0.44;293.51;11.25;1100;29;3665.00;144
9460;26;623005036;9460;377;10559;10703;7.17;0.44;293.54;11.25;1099;29;3666.00;144
9461;26;623005050;9461;374;10559;10703;7.16;0.44;293.57;11.25;1098;29;3667.00;144
9464;26;623005065;9464;386;10559;10703;7.14;0.43;293.60;11.25;1095;29;3668.00;144
9468;26;623005078;9468;383;10559;10703;7.06;0.43;293.68;11.25;1091;29;3669.00;144
9470;26;623005093;9470;382;10559;10703;7.02;0.43;293.67;11.25;1089;29;3670.00;144
9473;26;623005106;9473;388;10560;10703;6.99;0.43;293.65;11.26;1087;29;3671.00;143
9475;26;623005123;9475;389;10590;10773;6.92;0.42;293.64;11.35;1115;29;3672.00;183
9481;26;623005144;9481;386;10590;10774;6.89;0.42;293.67;11.35;1109;29;3673.00;184
9486;26;623005159;9486;384;10596;10774;6.88;0.42;293.64;11.34;1110;29;3674.00;178
9490;26;623005173;9490;382;10598;10774;6.85;0.42;293.63;11.36;1108;29;3675.00;176
9492;26;623005187;9492;382;10603;10774;6.81;0.42;293.63;11.36;1111;29;3676.00;171
9495;26;623005201;9495;388;10608;10774;6.74;0.41;293.78;11.36;1113;29;3677.00;166
9497;26;623005214;9497;390;10609;10774;6.75;0.41;293.76;11.36;1112;29;3678.00;165
9499;26;623005227;9499;394;10613;10774;6.78;0.41;293.75;11.36;1114;29;3679.00;161
9501;26;623005241;9501;402;10613;10775;6.72;0.41;293.84;11.36;1112;29;3680.00;162
9503;26;623005254;9503;403;10616;10776;6.76;0.41;293.95;11.36;1113;29;3681.00;160
9511;26;623005267;9511;404;10619;10776;6.74;0.41;293.96;11.36;1108;29;3682.00;157
9511;26;623005280;9511;399;10624;10780;6.75;0.41;293.96;11.48;1113;29;3683.00;156
9514;26;623005293;9514;399;10626;10780;6.77;0.41;293.92;11.48;1112;29;3684.00;154
9515;26;623005307;9515;396;10627;10780;6.80;0.42;293.90;11.48;1112;29;3685.00;153
9517;26;623005319;9517;393;10628;10780;6.81;0.42;293.86;11.48;1111;29;3686.00;152
9520;26;623005332;9520;393;10633;10786;6.80;0.41;293.82;11.48;1113;29;3687.00;153
9522;26;623005345;9522;395;10634;10786;6.74;0.41;293.82;11.48;1112;29;3688.00;152
9525;26;623005357;9525;401;10635;10786;6.67;0.41;293.78;11.48;1110;29;3689.00;151
9526;26;623005371;9526;403;10639;10792;6.64;0.40;293.76;11.48;1113;29;3690.00;153
9529;26;623005385;9529;403;10641;10792;6.64;0.40;293.73;11.48;1112;29;3691.00;151
9533;26;623005398;9533;411;10644;10792;6.57;0.40;293.77;11.48;1111;29;3692.00;148
9535;26;623005410;9535;411;10645;10793;6.48;0.39;293.76;11.49;1110;29;3693.00;148
9537;26;623005422;9537;418;10647;10794;6.41;0.39;293.77;11.50;1110;29;3694.00;147
9540;26;623005435;9540;427;10648;10794;6.28;0.38;293.71;11.50;1108;29;3695.00;146
9543;26;623005446;9543;433;10657;10807;6.23;0.38;293.67;11.49;1114;29;3696.00;150
9544;26;623005460;9544;434;10659;10807;6.21;0.38;293.70;11.50;1115;29;3697.00;148
9546;26;623005473;9546;440;10660;10807;6.14;0.37;293.65;11.50;1114;29;3698.00;147
9547;26;623005485;9547;447;10662;10808;6.13;0.37;293.65;11.51;1115;29;3699.00;146
9549;26;623005498;9549;455;10664;10808;6.01;0.37;293.60;11.53;1115;29;3700.00;144
9552;26;623005514;9552;461;10669;10812;5.96;0.36;293.58;11.53;1117;29;3701.00;143
9554;26;623005527;9554;464;10671;10812;5.89;0.36;293.57;11.56;1117;29;3702.00;141
9556;26;623005540;9556;477;10675;10816;5.83;0.35;293.59;11.56;1119;29;3703.00;141
9557;26;623005552;9557;480;10676;10816;5.77;0.35;293.56;11.57;1119;29;3704.00;140
9560;26;623005564;9560;489;10678;10816;5.67;0.35;293.51;11.59;1118;29;3705.00;138
9561;26;623005576;9561;491;10678;10816;5.61;0.34;293.49;11.59;1117;29;3706.00;138
9562;26;623005587;9562;495;10681;10816;5.52;0.34;293.50;11.62;1119;29;3707.00;135
9565;26;623005599;9565;499;10690;10828;5.48;0.33;293.49;11.61;1125;29;3708.00;138
9566;26;623005611;9566;500;10693;10828;5.42;0.33;293.49;11.63;1127;29;3709.00;135
9569;26;623005623;9569;507;10696;10828;5.35;0.33;293.50;11.64;1127;29;3710.00;132
9570;26;623005635;9570;509;10698;10828;5.30;0.32;293.47;11.66;1128;29;3711.00;130
9571;26;623005646;9571;517;10701;10828;5.27;0.32;293.44;11.68;1130;29;3712.00;127
9574;26;623005657;9574;531;10702;10828;5.19;0.32;293.42;11.69;1128;29;3713.00;126
9574;26;623005669;9574;534;10703;10829;5.11;0.31;293.42;11.70;1129;29;3714.00;126
9575;26;623005680;9575;530;10705;10829;5.10;0.31;293.41;11.70;1130;29;3715.00;124
9576;26;623005692;9576;529;10712;10835;5.12;0.31;293.49;11.71;1136;29;3716.00;123
9577;26;623005705;9577;530;10713;10836;5.09;0.31;293.47;11.72;1136;29;3717.00;123
9579;26;623005722;9579;529;10716;10836;5.07;0.31;293.44;11.73;1137;29;3718.00;120
9581;26;623005735;9581;517;10717;10836;5.03;0.31;293.42;11.74;1136;29;3719.00;119
9583;26;623005748;9583;510;10721;10841;5.06;0.31;293.37;11.74;1138;29;3720.00;120
9583;26;623005761;9583;504;10723;10841;5.06;0.31;293.37;11.74;1140;29;3721.00;118
9583;26;623005772;9583;503;10724;10841;5.06;0.31;293.37;11.75;1141;29;3722.00;117
9584;26;623005784;9584;505;10725;10842;5.12;0.31;293.36;11.75;1141;29;3723.00;117
9585;26;623005796;9585;498;10730;10846;5.16;0.32;293.35;11.76;1145;29;3724.00;116
9585;26;623005814;9585;492;10730;10846;5.22;0.32;293.35;11.76;1145;29;3725.00;116
9586;26;623005826;9586;489;10733;10849;5.30;0.32;293.35;11.77;1147;29;3726.00;116
9589;26;623005838;9589;493;10733;10849;5.31;0.32;293.28;11.77;1144;29;3727.00;116
9589;26;623005850;9589;493;10734;10849;5.36;0.33;293.28;11.77;1145;29;3728.00;115
9591;27;623005862;9591;489;10735;10849;5.38;0.33;293.25;11.78;1144;30;3729.00;114
9596;27;623005884;9596;492;10741;10853;5.44;0.33;293.21;11.79;1145;30;3730.00;112
9596;27;623005896;9596;487;10741;10853;5.43;0.33;293.21;11.79;1145;30;3731.00;112
9598;27;623005910;9598;482;10742;10853;5.39;0.33;293.19;11.80;1144;30;3732.00;111
9600;27;623005927;9600;483;10742;10853;5.35;0.33;293.16;11.80;1142;30;3733.00;111
9603;27;623005941;9603;476;10743;10854;5.28;0.32;293.14;11.81;1140;30;3734.00;111
9606;27;623005953;9606;479;10746;10856;5.21;0.32;293.13;11.81;1140;30;3735.00;110
9610;27;623005965;9610;479;10746;10856;5.18;0.32;293.15;11.81;1136;30;3736.00;110
9611;27;623005977;9611;483;10748;10857;5.18;0.32;293.14;11.82;1137;30;3737.00;109
9614;27;623005988;9614;483;10750;10857;5.12;0.31;293.14;11.83;1136;30;3738.00;107
9617;27;623005999;9617;488;10751;10857;5.10;0.31;293.18;11.84;1134;30;3739.00;106
9622;27;623006011;9622;478;10751;10857;5.07;0.31;293.15;11.84;1129;30;3740.00;106
9625;27;623006023;9625;474;10751;10857;5.06;0.31;293.24;11.84;1126;30;3741.00;106
9629;27;623006035;9629;475;10752;10857;5.07;0.31;293.25;11.84;1123;30;3742.00;105
9632;27;623006046;9632;462;10754;10857;5.09;0.31;293.33;11.85;1122;30;3743.00;103
9634;27;623006057;9634;479;10812;10984;5.44;0.34;293.36;11.80;1178;30;3744.00;172
9638;27;623006078;9638;467;10814;10985;5.53;0.34;293.39;11.79;1176;30;3745.00;171
9642;27;623006090;9642;457;10826;10985;5.63;0.35;293.40;11.78;1184;30;3746.00;159
9644;27;623006103;9644;455;10832;10985;5.68;0.35;293.40;11.78;1188;30;3747.00;153
9646;27;623006121;9646;447;10841;10985;5.79;0.36;293.42;11.78;1195;30;3748.00;144
9651;27;623006140;9651;447;10844;10985;5.81;0.36;293.46;11.78;1193;30;3749.00;141
9653;27;623006163;9653;451;10848;10990;5.83;0.36;293.48;11.77;1195;30;3750.00;142
9655;27;623006185;9655;450;10851;10990;5.88;0.36;293.49;11.77;1196;30;3751.00;139
9660;27;623006210;9660;454;10853;10991;5.85;0.36;293.51;11.77;1193;30;3752.00;138
9660;27;623006238;9660;452;10857;10992;5.91;0.36;293.51;11.77;1197;30;3753.00;135
9666;27;623006257;9666;444;10860;10992;5.90;0.36;293.60;11.77;1194;30;3754.00;132
9672;27;623006275;9672;445;10865;10993;5.89;0.36;293.72;11.77;1193;30;3755.00;128
9674;27;623006292;9674;448;10867;10993;5.91;0.36;293.75;11.77;1193;30;3756.00;126
9677;27;623006310;9677;454;10869;10993;5.94;0.36;293.72;11.77;1192;30;3757.00;124
9680;27;623006326;9680;452;10872;10993;5.94;0.37;293.78;11.77;1192;30;3758.00;121
9685;27;623006341;9685;454;10877;10997;5.90;0.36;293.75;11.76;1192;30;3759.00;120
9688;27;623006358;9688;450;10877;10997;5.87;0.36;293.77;11.76;1189;30;3760.00;120
9691;27;623006373;9691;452;10877;10997;5.85;0.36;293.84;11.76;1186;30;3761.00;120
9694;27;623006389;9694;451;10880;11000;5.81;0.36;293.92;11.76;1186;30;3762.00;120
9698;27;623006405;9698;453;10880;11000;5.79;0.36;294.05;11.76;1182;30;3763.00;120
9700;27;623006421;9700;452;10882;11000;5.83;0.36;294.11;11.76;1182;30;3764.00;118
9704;27;623006437;9704;453;10885;11004;5.86;0.36;294.16;11.76;1181;30;3765.00;119
9708;27;623006452;9708;449;10887;11005;5.89;0.36;294.17;11.76;1179;30;3766.00;118
9712;27;623006469;9712;451;10887;11005;5.85;0.36;294.22;11.76;1175;30;3767.00;118
9720;27;623006485;9720;450;10891;11009;5.86;0.36;294.30;11.76;1171;30;3768.00;118
9722;27;623006508;9722;449;10891;11009;5.89;0.36;294.30;11.76;1169;30;3769.00;118
9728;27;623006530;9728;446;10891;11009;5.84;0.36;294.44;11.76;1163;30;3770.00;118
9728;27;623006547;9728;445;10892;11010;5.87;0.36;294.44;11.75;1164;30;3771.00;118
9735;27;623006562;9735;451;10892;11010;5.77;0.35;294.61;11.75;1157;30;3772.00;118
9740;27;623006577;9740;447;10898;11016;5.73;0.35;294.74;11.75;1158;30;3773.00;118
9744;27;623006593;9744;456;10898;11016;5.72;0.35;294.82;11.75;1154;30;3774.00;118
9750;27;623006609;9750;463;10898;11017;5.64;0.34;294.92;11.75;1148;30;3775.00;119
9755;27;623006625;9755;462;10898;11017;5.59;0.34;294.95;11.75;1143;30;3776.00;119
9760;27;623006640;9760;466;10898;11017;5.54;0.33;295.00;11.75;1138;30;3777.00;119
9764;27;623006657;9764;463;10898;11017;5.55;0.34;295.09;11.75;1134;30;3778.00;119
9766;27;623006673;9766;471;10898;11017;5.55;0.34;295.14;11.75;1132;30;3779.00;119
9769;27;623006690;9769;473;10922;11053;5.73;0.35;295.20;11.73;1153;30;3780.00;131
9775;27;623006707;9775;469;10923;11053;5.70;0.35;295.20;11.72;1148;30;3781.00;130
9776;27;623006723;9776;463;10925;11053;5.74;0.35;295.21;11.72;1149;30;3782.00;128
9778;27;623006737;9778;466;10925;11053;5.72;0.35;295.21;11.72;1147;30;3783.00;128
9779;27;623006752;9779;463;10926;11053;5.73;0.35;295.19;11.72;1147;30;3784.00;127
9780;27;623006767;9780;460;10927;11053;5.71;0.35;295.18;11.85;1147;30;3785.00;126
9783;27;623006784;9783;457;10931;11057;5.69;0.35;295.17;11.84;1148;30;3786.00;126
9786;27;623006800;9786;445;10931;11057;5.69;0.35;295.25;11.84;1145;30;3787.00;126
9789;27;623006816;9789;436;10935;11061;5.73;0.35;295.30;11.84;1146;30;3788.00;126
9794;27;623006835;9794;428;10936;11062;5.73;0.35;295.40;11.84;1142;30;3789.00;126
9797;27;623006850;9797;424;10937;11062;5.77;0.35;295.40;11.84;1140;30;3790.00;125
9798;27;623006866;9798;424;10937;11062;5.81;0.35;295.43;11.84;1139;30;3791.00;125
9799;27;623006882;9799;430;10946;11075;5.90;0.36;295.44;11.83;1147;30;3792.00;129
9801;27;623006899;9801;426;10946;11075;5.92;0.36;295.46;11.83;1145;30;3793.00;129
9808;27;623006914;9808;428;10946;11075;5.90;0.36;295.61;11.83;1138;30;3794.00;129
9808;27;623006931;9808;421;10948;11076;5.92;0.36;295.61;11.83;1140;30;3795.00;128
9811;27;623006946;9811;411;10948;11077;5.89;0.36;295.63;11.83;1137;30;3796.00;129
9816;27;623006961;9816;409;10948;11077;5.87;0.36;295.77;11.83;1132;30;3797.00;129
9818;27;623006981;9818;408;10950;11080;5.91;0.36;295.76;11.83;1132;30;3798.00;130
9819;27;623007008;9819;403;10952;11080;5.92;0.36;295.78;11.96;1133;30;3799.00;128
9822;27;623007030;9822;398;10953;11080;5.93;0.36;295.85;11.96;1131;30;3800.00;127
9825;27;623007051;9825;399;10954;11080;5.92;0.36;295.86;11.96;1129;30;3801.00;126
9826;27;623007067;9826;392;10959;11086;5.97;0.36;295.87;11.96;1133;30;3802.00;127
9827;27;623007084;9827;387;10959;11086;6.01;0.36;295.88;11.96;1132;30;3803.00;127
9828;27;623007101;9828;387;10961;11086;6.07;0.37;295.92;12.08;1133;30;3804.00;125
9831;27;623007118;9831;379;10961;11086;6.10;0.37;296.11;12.08;1130;30;3805.00;125
9834;27;623007139;9834;370;10964;11090;6.07;0.37;296.15;12.08;1130;30;3806.00;126
9837;27;623007158;9837;373;10968;11091;6.06;0.37;296.19;12.08;1131;30;3807.00;123
9840;27;623007173;9840;373;10968;11091;6.05;0.37;296.35;12.08;1128;30;3808.00;123
9841;27;623007188;9841;369;10969;11092;6.08;0.37;296.38;12.08;1128;30;3809.00;123
9845;27;623007203;9845;371;10969;11092;6.13;0.37;296.42;12.08;1124;30;3810.00;123
9848;27;623007217;9848;369;10969;11092;6.13;0.37;296.45;12.08;1121;30;3811.00;123
9849;27;623007230;9849;365;10969;11092;6.19;0.38;296.45;12.08;1120;30;3812.00;123
9853;27;623007243;9853;367;10969;11092;6.23;0.38;296.45;12.08;1116;30;3813.00;123
9854;27;623007257;9854;362;10969;11092;6.22;0.38;296.45;12.08;1115;30;3814.00;123
9858;27;623007270;9858;370;10969;11092;6.18;0.38;296.52;12.08;1111;30;3815.00;123
9862;27;623007284;9862;374;11006;11162;6.22;0.38;296.58;12.04;1144;30;3816.00;156
9864;27;623007302;9864;377;11006;11163;6.23;0.38;296.63;12.04;1142;30;3817.00;157
9867;27;623007317;9867;370;11012;11163;6.32;0.38;296.65;12.03;1145;30;3818.00;151
9869;27;623007330;9869;367;11013;11163;6.34;0.39;296.69;12.15;1144;30;3819.00;150
9872;27;623007343;9872;365;11018;11163;6.38;0.39;296.73;12.14;1146;30;3820.00;145
9872;27;623007357;9872;366;11020;11163;6.45;0.39;296.73;12.14;1148;30;3821.00;143
9875;27;623007370;9875;373;11024;11163;6.47;0.39;296.70;12.14;1149;30;3822.00;139
9878;27;623007384;9878;373;11027;11163;6.50;0.39;296.80;12.14;1149;30;3823.00;136
9879;27;623007402;9879;377;11029;11164;6.55;0.40;296.80;12.14;1150;30;3824.00;135
9881;27;623007418;9881;367;11033;11166;6.60;0.40;296.85;12.14;1152;30;3825.00;133
9884;27;623007435;9884;368;11036;11166;6.60;0.40;296.90;12.14;1152;30;3826.00;130
9888;27;623007451;9888;366;11040;11170;6.58;0.40;296.95;12.13;1152;30;3827.00;130
9890;27;623007466;9890;367;11041;11170;6.61;0.40;296.97;12.13;1151;30;3828.00;129
9893;27;623007481;9893;367;11041;11170;6.63;0.40;296.98;12.13;1148;30;3829.00;129
9896;27;623007496;9896;372;11041;11170;6.60;0.40;297.03;12.13;1145;30;3830.00;129
9899;27;623007511;9899;375;11045;11176;6.63;0.40;297.04;12.13;1146;30;3831.00;131
9903;27;623007527;9903;378;11045;11176;6.62;0.40;297.12;12.13;1142;30;3832.00;131
9906;27;623007542;9906;383;11045;11176;6.60;0.40;297.15;12.13;1139;30;3833.00;131
9909;27;623007556;9909;382;11047;11179;6.61;0.40;297.15;12.13;1138;30;3834.00;132
9913;27;623007572;9913;382;11047;11179;6.61;0.40;297.22;12.13;1134;30;3835.00;132
9916;27;623007586;9916;380;11048;11179;6.61;0.40;297.25;12.12;1132;30;3836.00;131
9918;27;623007602;9918;384;11049;11180;6.56;0.40;297.25;12.24;1131;30;3837.00;131
9921;27;623007617;9921;384;11050;11181;6.51;0.40;297.24;12.24;1129;30;3838.00;131
9923;27;623007631;9923;384;11050;11181;6.45;0.39;297.21;12.24;1127;30;3839.00;131
9927;27;623007647;9927;388;11067;11207;6.33;0.39;297.21;12.22;1140;30;3840.00;140
9931;27;623007663;9931;388;11067;11207;6.28;0.38;297.18;12.22;1136;30;3841.00;140
9932;27;623007678;9932;388;11069;11207;6.30;0.38;297.16;12.22;1137;30;3842.00;138
9935;27;623007692;9935;382;11071;11208;6.27;0.38;297.18;12.22;1136;30;3843.00;137
9937;27;623007705;9937;374;11071;11208;6.27;0.38;297.23;12.22;1134;30;3844.00;137
9939;27;623007719;9939;380;11075;11212;6.32;0.39;297.25;12.23;1136;30;3845.00;137
9941;27;623007734;9941;382;11076;11214;6.32;0.39;297.20;12.23;1135;30;3846.00;138
9947;27;623007748;9947;387;11080;11218;6.27;0.38;297.15;12.22;1133;30;3847.00;138
9952;27;623007763;9952;386;11080;11218;6.25;0.38;297.10;12.22;1128;30;3848.00;138
9955;27;623007777;9955;381;11080;11218;6.24;0.38;297.04;12.22;1125;30;3849.00;138
9956;27;623007790;9956;381;11080;11218;6.18;0.38;297.02;12.22;1124;30;3850.00;138
9958;27;623007803;9958;380;11080;11218;6.15;0.37;297.01;12.22;1122;30;3851.00;138
9960;27;623007817;9960;378;11090;11230;6.16;0.38;296.97;12.21;1130;30;3852.00;140
9963;27;623007830;9963;390;11091;11230;6.14;0.37;296.94;12.21;1128;30;3853.00;139
9965;27;623007844;9965;400;11091;11230;6.09;0.37;296.98;12.21;1126;30;3854.00;139
9966;27;623007856;9966;407;11091;11230;6.09;0.37;296.96;12.21;1125;30;3855.00;139
9971;27;623007869;9971;404;11091;11230;6.03;0.37;296.89;12.21;1120;30;3856.00;139
9973;27;623007882;9973;400;11092;11230;5.97;0.36;296.86;12.21;1119;30;3857.00;138
9973;27;623007895;9973;405;11093;11231;5.91;0.36;296.86;12.22;1120;30;3858.00;138
9976;27;623007907;9976;407;11093;11231;5.86;0.36;296.86;12.22;1117;30;3859.00;138
9977;27;623007925;9977;409;11099;11237;5.86;0.36;296.85;12.22;1122;30;3860.00;138
9979;27;623007944;9979;409;11101;11238;5.83;0.36;296.84;12.22;1122;30;3861.00;137
9979;27;623007957;9979;417;11101;11238;5.81;0.35;296.84;12.22;1122;30;3862.00;137
9984;27;623007969;9984;413;11101;11238;5.74;0.35;296.90;12.22;1117;30;3863.00;137
9985;27;623007982;9985;418;11105;11242;5.68;0.35;296.88;12.22;1120;30;3864.00;137
9987;27;623007995;9987;418;11106;11242;5.60;0.34;296.86;12.22;1119;30;3865.00;136
9987;27;623008007;9987;424;11107;11242;5.50;0.34;296.86;12.23;1120;30;3866.00;135
9988;27;623008019;9988;414;11108;11243;5.44;0.33;296.88;12.22;1120;30;3867.00;135
9993;27;623008046;9993;410;11111;11247;5.36;0.33;296.88;12.22;1118;30;3868.00;136
9995;27;623008059;9995;400;11112;11247;5.28;0.32;296.85;12.23;1117;30;3869.00;135
9995;27;623008074;9995;399;11116;11253;5.28;0.32;296.85;12.22;1121;30;3870.00;137
9997;27;623008092;9997;403;11117;11253;5.28;0.32;296.84;12.24;1120;30;3871.00;136
9998;27;623008108;9998;399;11120;11253;5.31;0.32;296.82;12.24;1122;30;3872.00;133
10002;27;623008125;10002;404;11121;11253;5.36;0.33;296.87;12.26;1119;30;3873.00;132
10004;27;623008144;10004;404;11125;11257;5.43;0.33;296.89;12.25;1121;30;3874.00;132
10005;27;623008172;10005;405;11127;11257;5.48;0.33;296.90;12.27;1122;30;3875.00;130
10010;27;623008192;10010;403;11127;11257;5.46;0.33;296.90;12.27;1117;30;3876.00;130
10010;27;623008224;10010;407;11128;11257;5.47;0.33;296.90;12.29;1118;30;3877.00;129
10010;27;623008255;10010;411;11130;11258;5.43;0.33;296.90;12.30;1120;30;3878.00;128
10013;27;623008279;10013;413;11131;11259;5.38;0.33;296.88;12.30;1118;30;3879.00;128
10013;27;623008301;10013;413;11132;11259;5.37;0.33;296.88;12.32;1119;30;3880.00;127
10015;27;623008322;10015;411;11134;11260;5.36;0.33;296.86;12.32;1119;30;3881.00;126
10015;28;623008342;10015;413;11135;11260;5.31;0.32;296.86;12.33;1120;31;3882.00;125
10015;28;623008381;10015;421;11136;11260;5.27;0.32;296.86;12.33;1121;31;3883.00;124
10016;28;623008398;10016;425;11137;11260;5.24;0.32;296.86;12.34;1121;31;3884.00;123
10018;28;623008423;10018;431;11137;11260;5.21;0.32;296.87;12.34;1119;31;3885.00;123
10019;28;623008439;10019;435;11137;11260;5.21;0.32;296.85;12.34;1118;31;3886.00;123
10020;28;623008455;10020;440;11138;11260;5.19;0.32;296.85;12.36;1118;31;3887.00;122
10021;28;623008471;10021;455;11194;11387;5.46;0.34;296.86;12.31;1173;31;3888.00;193
10025;28;623008506;10025;443;11199;11388;5.40;0.34;296.93;12.31;1174;31;3889.00;189
10027;28;623008527;10027;436;11209;11388;5.43;0.34;296.98;12.31;1182;31;3890.00;179
10030;28;623008542;10030;438;11216;11388;5.40;0.34;296.98;12.31;1186;31;3891.00;172
10031;28;623008556;10031;436;11221;11388;5.46;0.34;296.97;12.31;1190;31;3892.00;167
10036;28;623008570;10036;435;11224;11388;5.39;0.33;297.10;12.32;1188;31;3893.00;164
10036;28;623008584;10036;438;11227;11388;5.40;0.33;297.10;12.32;1191;31;3894.00;161
10039;28;623008598;10039;433;11231;11388;5.39;0.33;297.12;12.33;1192;31;3895.00;157
10041;28;623008612;10041;439;11235;11389;5.42;0.34;297.10;12.34;1194;31;3896.00;154
10044;28;623008626;10044;444;11239;11390;5.42;0.34;297.19;12.34;1195;31;3897.00;151
10046;28;623008641;10046;446;11244;11390;5.42;0.34;297.21;12.37;1198;31;3898.00;146
10047;28;623008656;10047;451;11246;11391;5.39;0.33;297.20;12.37;1199;31;3899.00;145
10049;28;623008673;10049;461;11252;11406;5.31;0.33;297.26;12.37;1203;31;3900.00;154
10052;28;623008701;10052;461;11255;11406;5.27;0.33;297.29;12.37;1203;31;3901.00;151
10055;28;623008718;10055;464;11260;11406;5.18;0.32;297.24;12.39;1205;31;3902.00;146
10058;28;623008734;10058;467;11264;11410;5.11;0.32;297.33;12.39;1206;31;3903.00;146
10061;28;623008759;10061;473;11265;11410;5.06;0.31;297.30;12.40;1204;31;3904.00;145
10063;28;623008777;10063;482;11266;11410;5.04;0.31;297.31;12.40;1203;31;3905.00;144
10066;28;623008795;10066;484;11272;11413;4.98;0.31;297.30;12.40;1206;31;3906.00;141
10072;28;623008814;10072;477;11273;11413;4.88;0.30;297.37;12.40;1201;31;3907.00;140
10076;28;623008832;10076;481;11274;11413;4.84;0.30;297.41;12.40;1198;31;3908.00;139
10076;28;623008850;10076;484;11279;11417;4.79;0.30;297.41;12.41;1203;32;3909.00;138
10082;28;623008884;10082;479;11280;11418;4.81;0.30;297.45;12.41;1198;32;3910.00;138
10085;28;623008908;10085;469;11281;11418;4.83;0.30;297.51;12.42;1196;32;3911.00;137
10088;28;623008924;10088;468;11290;11422;4.88;0.30;297.51;12.43;1202;32;3912.00;132
10091;28;623008940;10091;460;11291;11422;4.92;0.30;297.60;12.42;1200;32;3913.00;131
10097;28;623008957;10097;454;11292;11422;4.95;0.30;297.67;12.43;1195;32;3914.00;130
10101;28;623008973;10101;453;11294;11424;5.01;0.31;297.70;12.43;1193;32;3915.00;130
10106;28;623008991;10106;451;11295;11424;5.01;0.31;297.89;12.43;1189;32;3916.00;129
10108;28;623009008;10108;446;11299;11430;5.13;0.31;297.99;12.43;1191;32;3917.00;131
10110;28;623009026;10110;447;11301;11430;5.17;0.32;298.01;12.43;1191;32;3918.00;129
10115;28;623009043;10115;437;11301;11431;5.21;0.32;298.06;12.43;1186;32;3919.00;130
10118;28;623009068;10118;433;11301;11431;5.25;0.32;298.19;12.43;1183;32;3920.00;130
10120;28;623009085;10120;429;11301;11431;5.31;0.32;298.21;12.43;1181;32;3921.00;130
10124;28;623009102;10124;418;11301;11431;5.33;0.33;298.26;12.43;1177;32;3922.00;130
10130;28;623009122;10130;416;11301;11431;5.33;0.32;298.34;12.43;1171;32;3923.00;130
10132;28;623009144;10132;416;11310;11443;5.45;0.33;298.42;12.43;1178;32;3924.00;133
10137;28;623009166;10137;411;11311;11443;5.46;0.33;298.48;12.42;1174;32;3925.00;132
10140;28;623009181;10140;409;11314;11443;5.45;0.33;298.57;12.43;1174;32;3926.00;129
10144;28;623009197;10144;408;11314;11443;5.46;0.33;298.57;12.43;1170;32;3927.00;129
10149;28;623009212;10149;409;11314;11443;5.45;0.33;298.74;12.43;1165;32;3928.00;129
10151;28;623009228;10151;401;11314;11443;5.43;0.33;298.78;12.43;1163;32;3929.00;129
10156;28;623009245;10156;405;11319;11447;5.44;0.33;298.80;12.43;1163;32;3930.00;128
10157;28;623009261;10157;405;11319;11447;5.47;0.33;298.83;12.43;1162;32;3931.00;128
10160;28;623009276;10160;398;11323;11451;5.54;0.34;298.90;12.42;1163;32;3932.00;128
10164;28;623009293;10164;395;11324;11452;5.57;0.34;298.97;12.42;1160;32;3933.00;128
10167;28;623009310;10167;399;11324;11452;5.58;0.34;298.99;12.42;1157;32;3934.00;128
10172;28;623009326;10172;397;11324;11452;5.57;0.34;299.08;12.42;1152;32;3935.00;128
10177;28;623009342;10177;396;11333;11465;5.57;0.34;299.21;12.41;1156;32;3936.00;132
10180;28;623009359;10180;393;11334;11465;5.56;0.34;299.29;12.41;1154;32;3937.00;131
10183;28;623009375;10183;385;11335;11465;5.59;0.34;299.37;12.54;1152;32;3938.00;130
10186;28;623009395;10186;380;11336;11466;5.62;0.34;299.40;12.54;1150;32;3939.00;130
10192;28;623009410;10192;380;11336;11467;5.60;0.34;299.54;12.54;1144;32;3940.00;131
10193;28;623009425;10193;381;11337;11467;5.60;0.34;299.54;12.54;1144;32;3941.00;130
10200;28;623009440;10200;387;11339;11470;5.58;0.34;299.54;12.54;1139;32;3942.00;131
10202;28;623009460;10202;389;11339;11470;5.55;0.34;299.67;12.54;1137;32;3943.00;131
10208;28;623009475;10208;396;11341;11470;5.50;0.34;299.82;12.54;1133;32;3944.00;129
10214;28;623009489;10214;396;11341;11470;5.40;0.33;299.88;12.54;1127;32;3945.00;129
10216;28;623009504;10216;391;11346;11476;5.39;0.33;299.94;12.54;1130;32;3946.00;130
10223;28;623009518;10223;398;11347;11476;5.30;0.32;300.10;12.54;1124;32;3947.00;129
10226;28;623009532;10226;396;11347;11476;5.25;0.32;300.17;12.54;1121;32;3948.00;129
10229;28;623009549;10229;396;11347;11476;5.22;0.32;300.17;12.54;1118;32;3949.00;129
10234;28;623009564;10234;397;11351;11480;5.20;0.32;300.24;12.54;1117;32;3950.00;129
10236;28;623009579;10236;401;11352;11481;5.23;0.32;300.22;12.54;1116;32;3951.00;129
10241;28;623009595;10241;403;11353;11481;5.20;0.32;300.24;12.54;1112;32;3952.00;128
10243;28;623009611;10243;398;11354;11482;5.20;0.32;300.27;12.54;1111;32;3953.00;128
10245;28;623009626;10245;401;11355;11482;5.25;0.32;300.26;12.67;1110;32;3954.00;127
10248;28;623009642;10248;400;11356;11482;5.24;0.32;300.28;12.67;1108;32;3955.00;126
10251;28;623009656;10251;405;11356;11482;5.23;0.32;300.35;12.67;1105;32;3956.00;126
10255;28;623009670;10255;397;11357;11482;5.20;0.32;300.32;12.68;1102;32;3957.00;125
10259;28;623009684;10259;392;11358;11482;5.16;0.31;300.36;12.68;1099;32;3958.00;124
10261;28;623009698;10261;389;11358;11482;5.16;0.31;300.35;12.68;1097;32;3959.00;124
10263;28;623009715;10263;403;11424;11607;5.21;0.32;300.43;12.62;1161;32;3960.00;183
10268;28;623009740;10268;396;11427;11608;5.19;0.32;300.48;12.61;1159;32;3961.00;181
10269;28;623009754;10269;390;11434;11608;5.30;0.33;300.52;12.61;1165;32;3962.00;174
10271;28;623009768;10271;382;11437;11608;5.37;0.33;300.58;12.61;1166;32;3963.00;171
10274;28;623009782;10274;378;11441;11608;5.42;0.33;300.58;12.60;1167;32;3964.00;167
10275;28;623009796;10275;376;11443;11608;5.48;0.34;300.63;12.61;1168;32;3965.00;165
10277;28;623009811;10277;361;11448;11608;5.53;0.34;300.71;12.60;1171;32;3966.00;160
10279;28;623009826;10279;365;11454;11608;5.60;0.35;300.74;12.73;1175;32;3967.00;154
10282;28;623009841;10282;359;11458;11609;5.66;0.35;300.84;12.73;1176;32;3968.00;151
10287;28;623009856;10287;362;11462;11610;5.64;0.35;300.91;12.73;1175;32;3969.00;148
10290;28;623009871;10290;367;11468;11610;5.65;0.35;300.98;12.72;1178;32;3970.00;142
10294;28;623009894;10294;368;11471;11614;5.62;0.35;301.08;12.72;1177;32;3971.00;143
10297;28;623009909;10297;367;11472;11614;5.56;0.34;301.18;12.72;1175;32;3972.00;142
10301;28;623009924;10301;370;11472;11614;5.55;0.34;301.27;12.72;1171;32;3973.00;142
10303;28;623009939;10303;378;11473;11614;5.57;0.34;301.32;12.72;1170;32;3974.00;141
10305;28;623009954;10305;383;11478;11620;5.59;0.34;301.36;12.72;1173;32;3975.00;142
10309;28;623009969;10309;387;11478;11620;5.59;0.34;301.35;12.72;1169;32;3976.00;142
10312;28;623009984;10312;384;11478;11620;5.58;0.34;301.41;12.72;1166;32;3977.00;142
10314;28;623009999;10314;376;11480;11623;5.60;0.34;301.44;12.71;1166;32;3978.00;143
10318;28;623010016;10318;375;11481;11623;5.68;0.35;301.42;12.71;1163;32;3979.00;142
10320;28;623010037;10320;385;11482;11623;5.67;0.35;301.43;12.71;1162;32;3980.00;141
10322;28;623010056;10322;387;11483;11624;5.69;0.35;301.46;12.84;1161;32;3981.00;141
10324;28;623010075;10324;388;11484;11625;5.77;0.35;301.48;12.84;1160;32;3982.00;141
10327;28;623010095;10327;394;11484;11625;5.77;0.35;301.48;12.84;1157;32;3983.00;141
10331;28;623010114;10331;396;11493;11638;5.74;0.35;301.52;12.83;1162;32;3984.00;145
10334;28;623010146;10334;393;11494;11638;5.77;0.35;301.48;12.83;1160;32;3985.00;144
10335;28;623010168;10335;400;11495;11638;5.80;0.36;301.46;12.83;1160;32;3986.00;143
10336;28;623010190;10336;397;11496;11639;5.83;0.36;301.48;12.83;1160;32;3987.00;143
10339;28;623010217;10339;404;11496;11639;5.88;0.36;301.45;12.83;1157;32;3988.00;143
10340;28;623010243;10340;401;11500;11643;5.90;0.36;301.46;12.82;1160;32;3989.00;143
10343;28;623010272;10343;398;11500;11643;5.88;0.36;301.44;12.82;1157;32;3990.00;143
10344;28;623010301;10344;407;11503;11647;5.87;0.36;301.42;12.82;1159;32;3991.00;144
10347;28;623010322;10347;403;11503;11647;5.84;0.36;301.43;12.82;1156;32;3992.00;144
10350;28;623010344;10350;407;11503;11647;5.84;0.36;301.44;12.82;1153;32;3993.00;144
10352;28;623010367;10352;411;11503;11647;5.84;0.36;301.43;12.82;1151;32;3994.00;144
10353;28;623010389;10353;411;11503;11647;5.87;0.36;301.43;12.82;1150;32;3995.00;144
10354;28;623010408;10354;418;11514;11659;5.93;0.36;301.41;12.81;1160;32;3996.00;145
10355;28;623010427;10355;416;11514;11659;5.92;0.36;301.39;12.81;1159;32;3997.00;145
10358;28;623010445;10358;417;11515;11659;5.90;0.36;301.32;12.93;1157;32;3998.00;144
10360;28;623010467;10360;419;11515;11659;5.89;0.36;301.29;12.93;1155;32;3999.00;144
10362;28;623010489;10362;423;11515;11659;5.89;0.36;301.26;12.93;1153;32;4000.00;144
10363;28;623010515;10363;423;11515;11659;5.92;0.36;301.25;12.93;1152;32;4001.00;144
10366;28;623010537;10366;425;11515;11660;5.88;0.36;301.32;12.93;1149;32;4002.00;145
10367;28;623010557;10367;423;11515;11660;5.84;0.36;301.37;12.93;1148;32;4003.00;145
10368;28;623010577;10368;422;11520;11666;5.84;0.36;301.36;12.93;1152;32;4004.00;146
10370;28;623010596;10370;427;11521;11668;5.78;0.35;301.37;12.93;1151;32;4005.00;147
10375;28;623010615;10375;433;11522;11668;5.74;0.35;301.37;12.93;1147;32;4006.00;146
10378;28;623010634;10378;432;11522;11668;5.69;0.35;301.35;12.93;1144;32;4007.00;146
10378;28;623010651;10378;435;11525;11672;5.71;0.35;301.35;12.92;1147;32;4008.00;147
10381;28;623010669;10381;434;11525;11672;5.66;0.35;301.32;12.92;1144;32;4009.00;147
10383;28;623010685;10383;445;11525;11672;5.58;0.34;301.32;12.92;1142;32;4010.00;147
10386;28;623010700;10386;440;11526;11673;5.55;0.34;301.39;12.92;1140;32;4011.00;147
10387;28;623010715;10387;444;11529;11677;5.51;0.34;301.37;12.92;1142;32;4012.00;148
10388;28;623010731;10388;442;11529;11677;5.47;0.33;301.35;12.92;1141;32;4013.00;148
10389;28;623010748;10389;436;11533;11680;5.45;0.33;301.33;13.06;1144;32;4014.00;147
10393;28;623010766;10393;439;11534;11680;5.39;0.33;301.29;13.06;1141;32;4015.00;146
10395;28;623010782;10395;434;11535;11680;5.35;0.33;301.29;13.07;1140;32;4016.00;145
10398;28;623010796;10398;432;11535;11680;5.32;0.32;301.28;13.07;1137;32;4017.00;145
10401;28;623010811;10401;433;11539;11684;5.33;0.32;301.27;13.07;1138;32;4018.00;145
10403;28;623010826;10403;425;11539;11684;5.35;0.33;301.26;13.07;1136;32;4019.00;145
10403;28;623010844;10403;417;11539;11684;5.38;0.33;301.26;13.07;1136;32;4020.00;145
10405;28;623010860;10405;415;11539;11684;5.39;0.33;301.26;13.07;1134;32;4021.00;145
10405;28;623010876;10405;405;11539;11685;5.40;0.33;301.26;13.07;1134;32;4022.00;146
10406;28;623010893;10406;400;11540;11686;5.45;0.33;301.25;13.06;1134;32;4023.00;146
10408;28;623010911;10408;396;11540;11686;5.45;0.33;301.31;13.06;1132;32;4024.00;146
10410;28;623010927;10410;397;11541;11687;5.49;0.34;301.30;13.06;1131;32;4025.00;146
10413;28;623010952;10413;400;11541;11687;5.52;0.34;301.32;13.06;1128;32;4026.00;146
10419;28;623010969;10419;400;11541;11687;5.54;0.34;301.42;13.06;1122;32;4027.00;146
10421;28;623010985;10421;401;11541;11687;5.55;0.34;301.41;13.06;1120;32;4028.00;146
10422;28;623011002;10422;403;11541;11687;5.58;0.34;301.40;13.06;1119;32;4029.00;146
10424;28;623011017;10424;400;11541;11687;5.63;0.34;301.42;13.06;1117;32;4030.00;146
10424;28;623011032;10424;401;11541;11687;5.73;0.35;301.42;13.06;1117;32;4031.00;146
10424;28;623011047;10424;417;11598;11814;5.98;0.37;301.42;13.00;1174;32;4032.00;216
10428;28;623011073;10428;405;11600;11815;6.00;0.37;301.39;13.00;1172;32;4033.00;215
10430;28;623011088;10430;403;11610;11815;6.04;0.37;301.41;12.99;1180;32;4034.00;205
10430;28;623011103;10430;402;11615;11815;6.05;0.37;301.41;12.98;1185;32;4035.00;200
10432;28;623011118;10432;399;11624;11815;6.03;0.37;301.41;12.98;1192;32;4036.00;191
10433;28;623011133;10433;400;11629;11815;5.97;0.37;301.40;12.98;1196;32;4037.00;186
10433;28;623011160;10433;407;11633;11815;5.97;0.37;301.40;12.98;1200;32;4038.00;182
10435;28;623011174;10435;414;11635;11815;5.90;0.36;301.39;12.98;1200;32;4039.00;180
10436;28;623011188;10436;416;11638;11816;5.90;0.36;301.37;13.00;1202;32;4040.00;178
10439;28;623011201;10439;420;11642;11817;5.89;0.36;301.43;13.01;1203;32;4041.00;175
10441;28;623011215;10441;419;11644;11817;5.84;0.36;301.42;13.02;1203;32;4042.00;173
10443;28;623011229;10443;429;11647;11818;5.78;0.36;301.47;13.03;1204;32;4043.00;171
10446;28;623011243;10446;427;11650;11818;5.66;0.35;301.51;13.04;1204;32;4044.00;168
10446;28;623011257;10446;436;11652;11818;5.62;0.35;301.51;13.05;1206;32;4045.00;166
10450;28;623011271;10450;441;11652;11818;5.53;0.34;301.60;13.05;1202;32;4046.00;166
10453;28;623011291;10453;452;11662;11822;5.51;0.34;301.62;13.06;1209;32;4047.00;160
10455;28;623011306;10455;453;11663;11822;5.46;0.34;301.58;13.06;1208;32;4048.00;159
10457;28;623011322;10457;458;11667;11822;5.39;0.33;301.62;13.08;1210;32;4049.00;155
10459;28;623011338;10459;460;11671;11828;5.36;0.33;301.75;13.08;1212;32;4050.00;157
10461;28;623011353;10461;465;11674;11828;5.32;0.33;301.79;13.08;1213;32;4051.00;154
10462;28;623011368;10462;469;11676;11828;5.26;0.32;301.78;13.10;1214;32;4052.00;152
10465;28;623011382;10465;472;11680;11832;5.16;0.32;301.84;13.11;1215;32;4053.00;152
10467;28;623011397;10467;477;11684;11833;5.11;0.31;301.79;13.11;1217;32;4054.00;149
10468;28;623011412;10468;480;11685;11833;5.12;0.31;301.78;13.12;1217;32;4055.00;148
10472;28;623011426;10472;486;11690;11837;5.09;0.31;301.80;13.14;1218;32;4056.00;147
10473;28;623011441;10473;484;11692;11837;5.10;0.31;301.82;13.13;1219;32;4057.00;145
10474;28;623011456;10474;487;11692;11837;5.11;0.31;301.82;13.13;1218;32;4058.00;145
10477;28;623011471;10477;481;11695;11838;5.08;0.31;301.86;13.15;1218;32;4059.00;143
10477;28;623011487;10477;479;11696;11838;5.05;0.31;301.86;13.15;1219;32;4060.00;142
10481;28;623011501;10481;478;11702;11844;5.05;0.31;301.93;13.16;1221;32;4061.00;142
10485;28;623011523;10485;480;11703;11844;4.99;0.30;301.93;13.15;1218;32;4062.00;141
10486;28;623011537;10486;479;11704;11845;4.96;0.30;301.96;13.17;1218;32;4063.00;141
10491;28;623011551;10491;483;11704;11845;4.90;0.30;301.99;13.17;1213;32;4064.00;141
10492;28;623011566;10492;481;11707;11845;4.91;0.30;302.05;13.20;1215;32;4065.00;138
10495;28;623011579;10495;481;11707;11845;4.93;0.30;302.05;13.20;1212;32;4066.00;138
10497;28;623011592;10497;481;11707;11845;4.97;0.30;302.05;13.20;1210;32;4067.00;138
10500;28;623011606;10500;480;11716;11857;5.04;0.31;302.12;13.20;1216;32;4068.00;141
10502;28;623011621;10502;481;11716;11857;5.06;0.31;302.19;13.20;1214;32;4069.00;141
10504;28;623011634;10504;474;11717;11857;5.08;0.31;302.24;13.20;1213;32;4070.00;140
10508;28;623011648;10508;474;11720;11857;5.10;0.31;302.38;13.23;1212;32;4071.00;137
10511;28;623011660;10511;472;11720;11857;5.14;0.31;302.35;13.23;1209;32;4072.00;137
10515;28;623011674;10515;474;11720;11857;5.15;0.31;302.38;13.23;1205;32;4073.00;137
10519;28;623011687;10519;473;11724;11861;5.13;0.31;302.45;13.24;1205;32;4074.00;137
10521;28;623011700;10521;476;11724;11861;5.14;0.31;302.44;13.24;1203;32;4075.00;137
10525;28;623011714;10525;468;11728;11865;5.12;0.31;302.53;13.23;1203;32;4076.00;137
10529;28;623011728;10529;473;11732;11866;5.08;0.31;302.66;13.26;1203;32;4077.00;134
10533;28;623011742;10533;475;11732;11866;5.03;0.31;302.78;13.26;1199;32;4078.00;134
10538;28;623011758;10538;480;11733;11866;4.96;0.30;302.79;13.27;1195;32;4079.00;133
10540;28;623011777;10540;474;11752;11895;5.03;0.31;302.90;13.25;1212;32;4080.00;143
10541;28;623011797;10541;470;11754;11895;5.05;0.31;302.92;13.26;1213;32;4081.00;141
10547;28;623011811;10547;462;11757;11895;5.13;0.31;302.99;13.27;1210;32;4082.00;138
10550;28;623011824;10550;456;11760;11896;5.16;0.32;303.13;13.27;1210;32;4083.00;136
10556;28;623011837;10556;453;11760;11897;5.19;0.32;303.18;13.27;1204;32;4084.00;137
10560;28;623011852;10560;445;11762;11897;5.19;0.32;303.29;13.28;1202;32;4085.00;135
10564;28;623011867;10564;443;11765;11900;5.19;0.32;303.45;13.28;1201;32;4086.00;135
10566;28;623011881;10566;437;11767;11900;5.25;0.32;303.45;13.29;1201;32;4087.00;133
10572;28;623011895;10572;440;11767;11900;5.23;0.32;303.55;13.29;1195;32;4088.00;133
10574;28;623011910;10574;426;11767;11900;5.31;0.32;303.61;13.29;1193;32;4089.00;133
10577;28;623011924;10577;421;11772;11906;5.37;0.33;303.70;13.29;1195;32;4090.00;134
10583;28;623011939;10583;421;11772;11906;5.40;0.33;303.83;13.29;1189;32;4091.00;134
10585;28;623011954;10585;414;11772;11906;5.48;0.34;303.83;13.29;1187;32;4092.00;134
10588;28;623011970;10588;409;11772;11906;5.60;0.34;303.95;13.29;1184;32;4093.00;134
10596;28;623011985;10596;404;11775;11910;5.67;0.35;304.01;13.28;1179;32;4094.00;135
10600;28;623012001;10600;405;11777;11912;5.77;0.35;304.10;13.28;1177;32;4095.00;135
10606;28;623012017;10606;403;11777;11912;5.83;0.36;304.20;13.28;1171;32;4096.00;135
10609;28;623012032;10609;407;11778;11913;5.89;0.36;304.18;13.28;1169;32;4097.00;135
10610;28;623012046;10610;402;11778;11913;5.91;0.36;304.18;13.28;1168;32;4098.00;135
10614;28;623012062;10614;411;11778;11913;5.93;0.36;304.25;13.28;1164;32;4099.00;135
10620;28;623012076;10620;409;11778;11913;5.92;0.36;304.23;13.28;1158;32;4100.00;135
10623;28;623012095;10623;402;11778;11913;5.95;0.36;304.28;13.28;1155;32;4101.00;135
10626;28;623012109;10626;399;11778;11913;5.96;0.36;304.31;13.28;1152;32;4102.00;135
10628;28;623012139;10628;390;11778;11913;5.97;0.36;304.38;13.28;1150;32;4103.00;135
10633;28;623012161;10633;410;11810;11983;5.97;0.37;304.47;13.24;1177;32;4104.00;173
10636;28;623012190;10636;400;11810;11984;6.01;0.37;304.45;13.24;1174;32;4105.00;174
10641;28;623012210;10641;400;11815;11984;6.04;0.37;304.50;13.24;1174;32;4106.00;169
10648;28;623012231;10648;395;11815;11984;6.01;0.37;304.62;13.24;1167;32;4107.00;169
10651;28;623012248;10651;401;11818;11984;6.07;0.37;304.63;13.24;1167;32;4108.00;166
10656;28;623012265;10656;401;11821;11984;6.09;0.37;304.69;13.24;1165;32;4109.00;163
10661;28;623012282;10661;403;11825;11984;6.07;0.37;304.74;13.24;1164;32;4110.00;159
10666;28;623012300;10666;411;11829;11984;6.04;0.37;304.85;13.24;1163;32;4111.00;155
10667;28;623012324;10667;416;11831;11985;6.03;0.37;304.85;13.24;1164;32;4112.00;154
10674;28;623012344;10674;426;11834;11986;5.89;0.36;304.92;13.25;1160;32;4113.00;152
10678;28;623012361;10678;428;11836;11986;5.83;0.35;304.96;13.25;1158;32;4114.00;150
10681;28;623012377;10681;419;11841;11990;5.84;0.36;305.04;13.25;1160;32;4115.00;149
10684;28;623012396;10684;425;11842;11990;5.81;0.35;305.08;13.25;1158;32;4116.00;148
10689;28;623012411;10689;429;11845;11990;5.78;0.35;305.16;13.38;1156;32;4117.00;145
10695;28;623012427;10695;434;11845;11990;5.76;0.35;305.30;13.38;1150;32;4118.00;145
10698;28;623012442;10698;436;11852;11996;5.76;0.35;305.28;13.38;1154;32;4119.00;144
10699;28;623012460;10699;439;11853;11996;5.75;0.35;305.33;13.38;1154;32;4120.00;143
10704;28;623012476;10704;442;11853;11996;5.63;0.34;305.44;13.38;1149;32;4121.00;143
10706;28;623012491;10706;443;11856;11999;5.57;0.34;305.44;13.38;1150;32;4122.00;143
10713;28;623012507;10713;455;11857;11999;5.43;0.33;305.44;13.38;1144;32;4123.00;142
10719;28;623012522;10719;457;11858;11999;5.35;0.32;305.43;13.38;1139;32;4124.00;141
10720;28;623012537;10720;460;11859;12000;5.28;0.32;305.47;13.38;1139;32;4125.00;141
10724;28;623012552;10724;464;11862;12001;5.18;0.31;305.48;13.39;1138;32;4126.00;139
10727;28;623012567;10727;454;11862;12001;5.14;0.31;305.49;13.39;1135;32;4127.00;139
10728;28;623012582;10728;455;11870;12014;5.17;0.31;305.51;13.38;1142;32;4128.00;144
10732;28;623012599;10732;456;11872;12014;5.16;0.31;305.61;13.38;1140;32;4129.00;142
10734;28;623012615;10734;464;11872;12014;5.19;0.32;305.70;13.38;1138;32;4130.00;142
10738;28;623012630;10738;468;11875;12015;5.22;0.32;305.71;13.38;1137;32;4131.00;140
10742;28;623012645;10742;474;11876;12015;5.18;0.31;305.83;13.38;1134;32;4132.00;139
10743;28;623012661;10743;474;11880;12019;5.21;0.32;305.81;13.37;1137;32;4133.00;139
10746;28;623012677;10746;482;11881;12019;5.24;0.32;305.86;13.38;1135;32;4134.00;138
10746;28;623012692;10746;477;11884;12023;5.28;0.32;305.86;13.37;1138;32;4135.00;139
10750;28;623012708;10750;477;11885;12023;5.29;0.32;305.86;13.37;1135;32;4136.00;138
10752;28;623012724;10752;467;11885;12023;5.32;0.32;305.93;13.37;1133;32;4137.00;138
10756;28;623012739;10756;462;11886;12023;5.29;0.32;305.91;13.38;1130;32;4138.00;137
10756;28;623012755;10756;462;11886;12023;5.38;0.33;305.91;13.38;1130;32;4139.00;137
10759;28;623012772;10759;460;11913;12057;5.48;0.33;305.90;13.35;1154;32;4140.00;144
10761;28;623012791;10761;460;11913;12057;5.55;0.34;305.91;13.35;1152;32;4141.00;144
10762;28;623012808;10762;459;11915;12057;5.65;0.35;305.89;13.34;1153;32;4142.00;142
10765;28;623012824;10765;459;11915;12057;5.68;0.35;305.91;13.34;1150;32;4143.00;142
10765;28;623012841;10765;460;11916;12057;5.76;0.35;305.91;13.34;1151;32;4144.00;141
10767;28;623012857;10767;462;11916;12057;5.86;0.36;305.91;13.34;1149;32;4145.00;141
10770;28;623012872;10770;458;11916;12058;5.89;0.36;305.94;13.34;1146;32;4146.00;142
10774;28;623012889;10774;459;11916;12058;5.92;0.36;305.94;13.34;1142;32;4147.00;142
10777;28;623012904;10777;461;11921;12064;5.91;0.36;305.90;13.34;1144;32;4148.00;143
10778;28;623012920;10778;466;11922;12065;5.95;0.36;305.91;13.34;1144;32;4149.00;143
10782;28;623012937;10782;469;11922;12065;5.91;0.36;305.89;13.34;1140;32;4150.00;143
10783;28;623012968;10783;463;11922;12065;5.86;0.36;305.89;13.34;1139;32;4151.00;143
10785;28;623012987;10785;468;11925;12069;5.78;0.35;305.86;13.33;1140;32;4152.00;144
10789;28;623013004;10789;478;11925;12069;5.75;0.35;305.97;13.33;1136;32;4153.00;144
10791;28;623013020;10791;481;11925;12069;5.63;0.34;306.00;13.33;1134;32;4154.00;144
10792;28;623013035;10792;484;11926;12070;5.60;0.34;305.98;13.33;1134;32;4155.00;144
10794;28;623013050;10794;481;11929;12074;5.53;0.34;305.97;13.33;1135;32;4156.00;145
10795;28;623013067;10795;482;11929;12074;5.53;0.34;305.95;13.33;1134;32;4157.00;145
10796;28;623013085;10796;486;11931;12077;5.54;0.34;305.96;13.33;1135;32;4158.00;146
10798;28;623013102;10798;485;11931;12077;5.57;0.34;305.92;13.33;1133;32;4159.00;146
10799;28;623013120;10799;482;11932;12077;5.60;0.34;305.94;13.33;1133;32;4160.00;145
10804;28;623013136;10804;485;11932;12077;5.59;0.34;305.88;13.33;1128;32;4161.00;145
10805;28;623013156;10805;480;11936;12081;5.62;0.34;305.86;13.32;1131;32;4162.00;145
10807;28;623013177;10807;476;11936;12081;5.64;0.34;305.87;13.32;1129;32;4163.00;145
10807;28;623013195;10807;473;11937;12081;5.70;0.35;305.87;13.46;1130;32;4164.00;144
10807;28;623013211;10807;465;11937;12081;5.73;0.35;305.87;13.46;1130;32;4165.00;144
10808;28;623013225;10808;462;11937;12082;5.74;0.35;305.87;13.46;1129;32;4166.00;145
10808;28;623013239;10808;456;11938;12083;5.71;0.35;305.87;13.46;1130;32;4167.00;145
10813;28;623013253;10813;455;11938;12083;5.66;0.34;305.94;13.46;1125;32;4168.00;145
10814;28;623013267;10814;446;11939;12084;5.70;0.34;305.96;13.46;1125;32;4169.00;145
10814;28;623013282;10814;445;11939;12084;5.73;0.35;305.96;13.46;1125;32;4170.00;145
10815;28;623013295;10815;429;11939;12084;5.78;0.35;305.95;13.46;1124;32;4171.00;145
10818;28;623013308;10818;418;11939;12084;5.84;0.35;305.99;13.46;1121;32;4172.00;145
10819;28;623013325;10819;418;11941;12086;5.88;0.35;305.99;13.46;1122;32;4173.00;145
10820;28;623013341;10820;402;11941;12086;5.95;0.36;305.98;13.46;1121;32;4174.00;145
10822;28;623013354;10822;401;11941;12086;5.98;0.36;305.99;13.46;1119;32;4175.00;145
10824;28;623013368;10824;420;12008;12213;6.04;0.37;305.98;13.38;1184;32;4176.00;205
10824;28;623013393;10824;400;12009;12214;6.16;0.38;305.98;13.38;1185;32;4177.00;205
10827;28;623013407;10827;392;12014;12214;6.23;0.38;306.03;13.37;1187;32;4178.00;200
10828;28;623013421;10828;385;12016;12214;6.34;0.39;306.02;13.37;1188;32;4179.00;198
10829;28;623013435;10829;382;12020;12214;6.45;0.40;305.99;13.51;1191;32;4180.00;194
10830;28;623013448;10830;381;12025;12214;6.50;0.40;305.98;13.50;1195;32;4181.00;189
10833;28;623013462;10833;382;12029;12214;6.56;0.40;306.03;13.50;1196;32;4182.00;185
10834;28;623013483;10834;380;12032;12214;6.57;0.40;306.03;13.50;1198;32;4183.00;182
10834;28;623013497;10834;379;12033;12215;6.58;0.40;306.03;13.50;1199;32;4184.00;182
10837;28;623013511;10837;371;12039;12217;6.53;0.40;306.04;13.52;1202;32;4185.00;178
10838;28;623013527;10838;370;12040;12217;6.51;0.40;306.02;13.52;1202;32;4186.00;177
10839;28;623013540;10839;370;12043;12218;6.50;0.40;306.02;13.52;1204;32;4187.00;175
10842;28;623013558;10842;373;12046;12218;6.43;0.39;306.03;13.52;1204;32;4188.00;172
10845;28;623013582;10845;370;12048;12218;6.34;0.39;306.04;13.52;1203;32;4189.00;170
10845;28;623013599;10845;376;12050;12218;6.28;0.38;306.04;13.66;1205;32;4190.00;168
10845;28;623013619;10845;372;12054;12222;6.26;0.38;306.04;13.66;1209;32;4191.00;168
10848;28;623013634;10848;369;12055;12222;6.26;0.38;306.00;13.66;1207;32;4192.00;167
10850;28;623013648;10850;375;12058;12222;6.21;0.38;306.01;13.79;1208;32;4193.00;164
10853;28;623013662;10853;372;12060;12225;6.25;0.38;306.01;13.80;1207;32;4194.00;165
10854;28;623013682;10854;379;12061;12225;6.30;0.38;306.01;13.80;1207;32;4195.00;164
10857;28;623013700;10857;381;12063;12225;6.32;0.38;305.97;13.80;1206;32;4196.00;162
10859;28;623013718;10859;385;12068;12229;6.35;0.39;305.99;13.79;1209;32;4197.00;161
10864;29;623013735;10864;380;12072;12230;6.35;0.38;305.97;13.79;1208;33;4198.00;158
10867;29;623013758;10867;389;12073;12230;6.38;0.39;305.93;13.79;1206;33;4199.00;157
10869;29;623013776;10869;400;12082;12264;6.40;0.39;306.00;13.78;1213;33;4200.00;182
10872;29;623013803;10872;404;12087;12264;6.42;0.39;306.01;13.78;1215;33;4201.00;177
10875;29;623013820;10875;408;12089;12264;6.38;0.39;306.06;13.78;1214;33;4202.00;175
10878;29;623013840;10878;404;12092;12265;6.35;0.38;306.12;13.78;1214;33;4203.00;173
10880;29;623013857;10880;411;12092;12265;6.36;0.38;306.11;13.78;1212;33;4204.00;173
10882;29;623013874;10882;416;12097;12271;6.34;0.38;306.19;13.77;1215;33;4205.00;174
10882;29;623013890;10882;420;12099;12271;6.29;0.38;306.19;13.77;1217;33;4206.00;172
10884;29;623013906;10884;422;12099;12272;6.23;0.38;306.25;13.77;1215;33;4207.00;173
10885;29;623013923;10885;429;12100;12272;6.18;0.38;306.30;13.77;1215;33;4208.00;172
10888;29;623013939;10888;429;12100;12272;6.14;0.37;306.33;13.77;1212;33;4209.00;172
10891;29;623013955;10891;431;12102;12272;6.10;0.37;306.38;13.79;1211;33;4210.00;170
10892;29;623013970;10892;433;12103;12272;6.07;0.37;306.38;13.79;1211;33;4211.00;169
10894;29;623013983;10894;443;12114;12284;6.12;0.37;306.42;13.78;1220;33;4212.00;170
10895;29;623014004;10895;439;12116;12284;6.12;0.37;306.43;13.80;1221;33;4213.00;168
10898;29;623014019;10898;439;12118;12284;6.13;0.37;306.45;13.80;1220;33;4214.00;166
10899;29;623014034;10899;439;12119;12284;6.13;0.37;306.45;13.82;1220;33;4215.00;165
10900;29;623014047;10900;436;12120;12284;6.12;0.37;306.43;13.83;1220;33;4216.00;164
10902;29;623014061;10902;441;12122;12284;6.10;0.37;306.44;13.85;1220;33;4217.00;162
10905;29;623014074;10905;447;12127;12288;6.05;0.37;306.48;13.86;1222;33;4218.00;161
10907;29;623014087;10907;449;12128;12288;6.06;0.37;306.49;13.87;1221;33;4219.00;160
10909;29;623014101;10909;445;12134;12292;6.12;0.37;306.51;13.89;1225;33;4220.00;158
10915;29;623014115;10915;451;12135;12293;6.08;0.37;306.57;13.89;1220;33;4221.00;158
10917;29;623014135;10917;445;12137;12293;6.05;0.37;306.59;13.91;1220;33;4222.00;156
10921;29;623014156;10921;448;12139;12293;6.02;0.37;306.59;13.91;1218;33;4223.00;154
10923;29;623014186;10923;446;12151;12306;5.96;0.37;306.65;13.92;1228;33;4224.00;155
10926;29;623014208;10926;448;12154;12306;5.90;0.36;306.62;13.93;1228;33;4225.00;152
10930;29;623014228;10930;447;12155;12306;5.80;0.36;306.62;13.94;1225;33;4226.00;151
10933;29;623014247;10933;451;12156;12307;5.76;0.35;306.66;13.94;1223;33;4227.00;151
10936;29;623014264;10936;452;12158;12308;5.65;0.35;306.76;13.96;1222;33;4228.00;150
10937;29;623014280;10937;453;12159;12308;5.62;0.34;306.83;13.96;1222;33;4229.00;149
10941;29;623014296;10941;452;12166;12314;5.56;0.34;306.83;13.97;1225;33;4230.00;148
10942;29;623014312;10942;452;12166;12314;5.51;0.34;306.81;13.97;1224;33;4231.00;148
10945;29;623014327;10945;456;12169;12314;5.48;0.34;306.90;13.99;1224;33;4232.00;145
10946;29;623014342;10946;450;12169;12314;5.47;0.33;306.98;13.99;1223;33;4233.00;145
10950;29;623014357;10950;450;12177;12320;5.49;0.34;307.08;14.00;1227;33;4234.00;143
10951;29;623014373;10951;450;12177;12320;5.46;0.33;307.13;14.00;1226;33;4235.00;143
10954;29;623014388;10954;453;12177;12320;5.47;0.33;307.14;14.00;1223;33;4236.00;143
10959;29;623014402;10959;455;12179;12320;5.46;0.33;307.29;14.01;1220;33;4237.00;141
10959;29;623014417;10959;457;12182;12324;5.49;0.33;307.29;14.01;1223;33;4238.00;142
10960;29;623014432;10960;459;12183;12325;5.46;0.33;307.31;14.01;1223;33;4239.00;142
10962;29;623014447;10962;463;12186;12325;5.44;0.33;307.36;14.03;1224;33;4240.00;139
10966;29;623014462;10966;458;12187;12326;5.44;0.33;307.41;14.02;1221;33;4241.00;139
10971;29;623014477;10971;455;12187;12326;5.40;0.33;307.45;14.02;1216;33;4242.00;139
10974;29;623014492;10974;463;12190;12326;5.38;0.33;307.52;14.04;1216;33;4243.00;136
10978;29;623014506;10978;459;12190;12326;5.33;0.33;307.56;14.04;1212;33;4244.00;136
10982;29;623014520;10982;450;12192;12326;5.28;0.32;307.61;14.06;1210;33;4245.00;134
10986;29;623014537;10986;445;12193;12326;5.21;0.32;307.65;14.06;1207;33;4246.00;133
10989;29;623014552;10989;451;12193;12326;5.15;0.31;307.72;14.06;1204;33;4247.00;133
10996;29;623014567;10996;467;12236;12396;5.12;0.31;307.72;14.02;1240;33;4248.00;160
11001;29;623014589;11001;460;12239;12397;5.04;0.31;307.76;14.02;1238;33;4249.00;158
11004;29;623014604;11004;438;12241;12397;5.01;0.31;307.75;14.02;1237;33;4250.00;156
11007;29;623014619;11007;446;12244;12397;4.95;0.30;307.80;14.02;1237;33;4251.00;153
11010;29;623014634;11010;440;12247;12397;4.97;0.31;307.86;14.02;1237;33;4252.00;150
11013;29;623014650;11013;438;12248;12397;4.96;0.31;307.90;14.03;1235;33;4253.00;149
11015;29;623014666;11015;437;12255;12397;5.03;0.31;307.96;14.03;1240;33;4254.00;142
11022;29;623014681;11022;436;12255;12397;4.99;0.31;308.14;14.03;1233;33;4255.00;142
11026;29;623014697;11026;433;12258;12398;4.98;0.31;308.17;14.04;1232;33;4256.00;140
11030;29;623014713;11030;424;12262;12399;5.06;0.31;308.24;14.04;1232;33;4257.00;137
11034;29;623014729;11034;424;12266;12399;5.09;0.31;308.30;14.05;1232;33;4258.00;133
11037;29;623014745;11037;417;12270;12403;5.16;0.32;308.36;14.05;1233;33;4259.00;133
11039;29;623014763;11039;410;12272;12403;5.23;0.32;308.42;14.05;1233;33;4260.00;131
11046;29;623014777;11046;417;12274;12403;5.20;0.32;308.50;14.05;1228;33;4261.00;129
11049;29;623014793;11049;410;12274;12403;5.24;0.32;308.57;14.05;1225;33;4262.00;129
11052;29;623014808;11052;399;12279;12409;5.26;0.32;308.61;14.05;1227;33;4263.00;130
11056;29;623014825;11056;402;12280;12409;5.30;0.32;308.67;14.05;1224;33;4264.00;129
11060;29;623014841;11060;399;12280;12409;5.31;0.33;308.72;14.05;1220;33;4265.00;129
11066;29;623014858;11066;399;12283;12412;5.35;0.33;308.73;14.05;1217;33;4266.00;129
11069;29;623014874;11069;398;12284;12412;5.41;0.33;308.81;14.05;1215;33;4267.00;128
11076;29;623014890;11076;394;12285;12412;5.43;0.33;308.88;14.05;1209;33;4268.00;127
11078;29;623014907;11078;387;12287;12413;5.46;0.33;308.88;14.18;1209;33;4269.00;126
11080;29;623014923;11080;389;12288;12414;5.49;0.34;308.95;14.18;1208;33;4270.00;126
11085;29;623014941;11085;392;12288;12414;5.49;0.34;309.02;14.18;1203;33;4271.00;126
11089;29;623014958;11089;395;12298;12427;5.48;0.33;309.08;14.17;1209;33;4272.00;129
11091;29;623014976;11091;396;12299;12427;5.49;0.33;309.10;14.17;1208;33;4273.00;128
11098;29;623014992;11098;393;12299;12427;5.38;0.33;309.23;14.17;1201;33;4274.00;128
11103;29;623015009;11103;402;12301;12429;5.31;0.32;309.23;14.17;1198;33;4275.00;128
11106;29;623015025;11106;404;12301;12429;5.24;0.32;309.28;14.17;1195;33;4276.00;128
11112;29;623015040;11112;405;12305;12433;5.18;0.32;309.25;14.16;1193;33;4277.00;128
11117;29;623015055;11117;408;12305;12433;5.08;0.31;309.26;14.16;1188;33;4278.00;128
11119;29;623015070;11119;412;12308;12437;5.01;0.30;309.27;14.16;1189;33;4279.00;129
11124;29;623015086;11124;419;12308;12437;4.95;0.30;309.34;14.16;1184;33;4280.00;129
11125;29;623015103;11125;419;12308;12437;4.94;0.30;309.32;14.16;1183;33;4281.00;129
11131;29;623015121;11131;424;12308;12437;4.87;0.30;309.41;14.16;1177;33;4282.00;129
11134;29;623015142;11134;423;12308;12437;4.82;0.29;309.36;14.16;1174;33;4283.00;129
11137;29;623015162;11137;430;12316;12449;4.87;0.30;309.33;14.15;1179;33;4284.00;133
11142;29;623015181;11142;429;12317;12449;4.81;0.29;309.38;14.15;1175;33;4285.00;132
11145;29;623015198;11145;447;12320;12449;4.85;0.30;309.42;14.28;1175;33;4286.00;129
11147;29;623015214;11147;445;12320;12449;4.84;0.30;309.43;14.28;1173;33;4287.00;129
11153;29;623015227;11153;450;12320;12449;4.76;0.29;309.48;14.28;1167;33;4288.00;129
11156;29;623015239;11156;448;12320;12449;4.72;0.29;309.45;14.28;1164;33;4289.00;129
11158;29;623015254;11158;449;12320;12450;4.68;0.29;309.42;14.28;1162;33;4290.00;130
11161;29;623015266;11161;451;12320;12450;4.66;0.29;309.40;14.28;1159;33;4291.00;130
11165;29;623015279;11165;459;12325;12456;4.72;0.29;309.46;14.28;1160;33;4292.00;131
11167;29;623015292;11167;469;12326;12457;4.72;0.29;309.44;14.28;1159;33;4293.00;131
11170;29;623015304;11170;476;12326;12457;4.72;0.29;309.42;14.28;1156;33;4294.00;131
11172;29;623015317;11172;475;12326;12457;4.68;0.29;309.40;14.28;1154;33;4295.00;131
11176;29;623015331;11176;482;12329;12461;4.66;0.29;309.46;14.27;1153;33;4296.00;132
11178;29;623015343;11178;477;12329;12461;4.65;0.28;309.43;14.27;1151;33;4297.00;132
11182;29;623015356;11182;471;12329;12461;4.59;0.28;309.42;14.27;1147;33;4298.00;132
11184;29;623015368;11184;468;12330;12462;4.65;0.29;309.48;14.27;1146;33;4299.00;132
11187;29;623015382;11187;470;12333;12466;4.69;0.29;309.44;14.27;1146;33;4300.00;133
11191;29;623015399;11191;472;12333;12466;4.68;0.29;309.47;14.27;1142;33;4301.00;133
11193;29;623015412;11193;478;12335;12469;4.71;0.29;309.48;14.27;1142;33;4302.00;134
11195;29;623015425;11195;476;12336;12469;4.67;0.29;309.48;14.40;1141;33;4303.00;133
11197;29;623015437;11197;478;12337;12469;4.66;0.28;309.48;14.40;1140;33;4304.00;132
11199;29;623015449;11199;487;12337;12469;4.66;0.28;309.51;14.40;1138;33;4305.00;132
11201;29;623015467;11201;472;12341;12473;4.70;0.29;309.47;14.39;1140;33;4306.00;132
11203;29;623015482;11203;463;12341;12473;4.73;0.29;309.48;14.39;1138;33;4307.00;132
11205;29;623015494;11205;455;12341;12473;4.77;0.29;309.44;14.39;1136;33;4308.00;132
11206;29;623015508;11206;445;12341;12473;4.84;0.30;309.42;14.39;1135;33;4309.00;132
11209;29;623015521;11209;438;12341;12474;4.88;0.30;309.45;14.39;1132;33;4310.00;133
11209;29;623015534;11209;425;12342;12475;4.98;0.30;309.45;14.39;1133;33;4311.00;133
11211;29;623015547;11211;423;12342;12475;5.03;0.31;309.43;14.39;1131;33;4312.00;133
11211;29;623015563;11211;420;12343;12476;5.10;0.31;309.43;14.39;1132;33;4313.00;133
11212;29;623015579;11212;422;12343;12476;5.19;0.32;309.44;14.39;1131;33;4314.00;133
11214;29;623015597;11214;422;12344;12476;5.24;0.32;309.45;14.53;1130;33;4315.00;132
11217;29;623015612;11217;416;12344;12476;5.30;0.32;309.50;14.53;1127;33;4316.00;132
11217;29;623015625;11217;417;12344;12476;5.40;0.33;309.50;14.53;1127;33;4317.00;132
11219;29;623015639;11219;415;12344;12476;5.48;0.33;309.48;14.53;1125;33;4318.00;132
11220;29;623015651;11220;416;12344;12476;5.57;0.34;309.47;14.53;1124;33;4319.00;132
11222;29;623015666;11222;472;12464;12706;5.70;0.36;309.46;14.39;1242;33;4320.00;242
11225;29;623015697;11225;453;12466;12707;5.71;0.36;309.43;14.38;1241;33;4321.00;241
11226;29;623015711;11226;428;12475;12707;5.84;0.36;309.47;14.38;1249;33;4322.00;232
11228;29;623015725;11228;406;12478;12707;5.88;0.37;309.48;14.37;1250;33;4323.00;229
11229;29;623015739;11229;397;12485;12707;5.91;0.37;309.52;14.37;1256;33;4324.00;222
11230;29;623015753;11230;383;12489;12707;5.93;0.37;309.52;14.36;1259;33;4325.00;218
11230;29;623015767;11230;372;12496;12707;5.97;0.37;309.52;14.36;1266;33;4326.00;211
11230;29;623015782;11230;357;12502;12707;5.99;0.37;309.52;14.36;1272;33;4327.00;205
11233;29;623015796;11233;360;12507;12708;6.04;0.37;309.56;14.35;1274;33;4328.00;201
11235;29;623015810;11235;362;12510;12709;6.04;0.37;309.55;14.35;1275;33;4329.00;199
11236;29;623015825;11236;355;12514;12709;6.05;0.37;309.54;14.35;1278;33;4330.00;195
11237;30;623015846;11237;347;12518;12710;6.09;0.38;309.55;14.48;1281;34;4331.00;192
11237;30;623015874;11237;352;12520;12710;6.08;0.37;309.55;14.48;1283;34;4332.00;190
11237;30;623015889;11237;345;12521;12710;6.09;0.37;309.55;14.48;1284;34;4333.00;189
11238;30;623015909;11238;349;12523;12710;6.10;0.38;309.55;14.48;1285;34;4334.00;187
11238;30;623015923;11238;344;12524;12714;6.10;0.37;309.55;14.48;1286;34;4335.00;190
11238;30;623015939;11238;350;12525;12714;6.14;0.38;309.55;14.48;1287;34;4336.00;189
11238;31;623015961;11238;349;12527;12714;6.19;0.38;309.55;14.48;1289;35;4337.00;187
11240;31;623015989;11240;353;12528;12717;6.21;0.38;309.57;14.48;1288;35;4338.00;189
11245;31;623016010;11245;355;12529;12717;6.26;0.38;309.68;14.48;1284;35;4339.00;188
11248;31;623016026;11248;354;12529;12717;6.29;0.38;309.67;14.48;1281;35;4340.00;188
11248;31;623016043;11248;356;12532;12721;6.33;0.39;309.67;14.47;1284;35;4341.00;189
11248;31;623016062;11248;365;12533;12722;6.34;0.39;309.67;14.47;1285;35;4342.00;189
11249;31;623016077;11249;366;12533;12722;6.34;0.39;309.66;14.47;1284;35;4343.00;189
11254;31;623016099;11254;368;12535;12726;6.29;0.38;309.71;14.47;1281;35;4344.00;191
11254;31;623016115;11254;369;12536;12726;6.30;0.38;309.71;14.47;1282;35;4345.00;190
11258;31;623016137;11258;361;12537;12726;6.23;0.38;309.70;14.47;1279;35;4346.00;189
11261;31;623016161;11261;360;12537;12727;6.18;0.38;309.71;14.47;1276;35;4347.00;190
11263;31;623016187;11263;365;12538;12727;6.14;0.37;309.69;14.47;1275;35;4348.00;189
11266;31;623016212;11266;366;12541;12733;6.12;0.37;309.67;14.47;1275;35;4349.00;192
11269;31;623016255;11269;364;12542;12733;6.10;0.37;309.62;14.47;1273;35;4350.00;191
11273;31;623016271;11273;363;12543;12734;6.07;0.37;309.70;14.47;1270;35;4351.00;191
11275;31;623016288;11275;363;12543;12734;6.06;0.37;309.72;14.47;1268;35;4352.00;191
11277;31;623016304;11277;358;12543;12734;6.03;0.37;309.71;14.47;1266;35;4353.00;191
11282;31;623016321;11282;353;12547;12734;5.99;0.36;309.74;14.48;1265;35;4354.00;187
11285;31;623016337;11285;354;12551;12734;5.97;0.36;309.72;14.50;1266;35;4355.00;183
11288;31;623016354;11288;346;12560;12746;6.02;0.37;309.72;14.49;1272;35;4356.00;186
11291;31;623016370;11291;342;12561;12746;6.04;0.37;309.77;14.49;1270;35;4357.00;185
11294;31;623016386;11294;335;12562;12746;6.07;0.37;309.77;14.49;1268;35;4358.00;184
11297;31;623016402;11297;340;12562;12746;6.09;0.37;309.77;14.49;1265;35;4359.00;184
11298;31;623016419;11298;331;12562;12746;6.13;0.37;309.76;14.49;1264;35;4360.00;184
11301;31;623016433;11301;328;12564;12746;6.12;0.37;309.87;14.49;1263;35;4361.00;182
11305;31;623016450;11305;330;12567;12750;6.11;0.37;309.88;14.49;1262;35;4362.00;183
11307;31;623016469;11307;332;12567;12750;6.11;0.37;309.96;14.49;1260;35;4363.00;183
11313;31;623016486;11313;334;12569;12754;6.12;0.37;310.05;14.49;1256;35;4364.00;185
11314;31;623016506;11314;336;12573;12756;6.11;0.37;310.12;14.49;1259;35;4365.00;183
11317;31;623016524;11317;341;12575;12756;6.10;0.37;310.16;14.49;1258;35;4366.00;181
11318;31;623016540;11318;346;12577;12756;6.09;0.37;310.17;14.49;1259;35;4367.00;179
11320;31;623016558;11320;348;12587;12769;6.04;0.37;310.22;14.48;1267;35;4368.00;182
11321;31;623016575;11321;342;12588;12769;6.04;0.37;310.29;14.49;1267;35;4369.00;181
11323;31;623016591;11323;348;12590;12769;6.00;0.37;310.30;14.49;1267;35;4370.00;179
11324;31;623016607;11324;349;12591;12770;5.99;0.37;310.31;14.49;1267;35;4371.00;179
11326;31;623016623;11326;354;12592;12771;6.00;0.37;310.30;14.49;1266;35;4372.00;179
11327;31;623016645;11327;354;12593;12771;5.96;0.36;310.31;14.49;1266;35;4373.00;178
11330;31;623016660;11330;358;12597;12774;5.97;0.36;310.34;14.49;1267;35;4374.00;177
11331;31;623016676;11331;356;12597;12774;6.00;0.37;310.35;14.49;1266;35;4375.00;177
11335;31;623016691;11335;365;12598;12774;5.98;0.36;310.37;14.49;1263;35;4376.00;176
11338;31;623016705;11338;368;12598;12774;5.95;0.36;310.37;14.49;1260;35;4377.00;176
11338;31;623016720;11338;380;12604;12780;5.99;0.36;310.37;14.49;1266;35;4378.00;176
11342;31;623016736;11342;377;12604;12780;5.96;0.36;310.41;14.49;1262;35;4379.00;176
11342;31;623016753;11342;375;12605;12780;5.92;0.36;310.41;14.49;1263;35;4380.00;175
11344;31;623016768;11344;380;12607;12780;5.94;0.36;310.53;14.51;1263;35;4381.00;173
11346;31;623016783;11346;389;12610;12784;5.92;0.36;310.51;14.51;1264;35;4382.00;174
11349;31;623016799;11349;392;12613;12785;5.87;0.36;310.51;14.53;1264;35;4383.00;172
11352;31;623016814;11352;399;12615;12785;5.85;0.36;310.48;14.55;1263;35;4384.00;170
11356;31;623016829;11356;405;12618;12786;5.83;0.36;310.56;14.57;1262;35;4385.00;168
11358;31;623016845;11358;403;12621;12786;5.80;0.35;310.58;14.59;1263;35;4386.00;165
11360;31;623016861;11360;410;12621;12786;5.77;0.35;310.64;14.59;1261;35;4387.00;165
11363;31;623016876;11363;411;12623;12786;5.72;0.35;310.71;14.61;1260;35;4388.00;163
11365;31;623016891;11365;414;12625;12786;5.70;0.35;310.73;14.62;1260;35;4389.00;161
11371;31;623016906;11371;420;12625;12786;5.65;0.34;310.79;14.62;1254;35;4390.00;161
11374;31;623016920;11374;419;12627;12786;5.62;0.34;310.85;14.63;1253;35;4391.00;159
11377;31;623016935;11377;433;12665;12856;5.66;0.35;310.91;14.60;1288;35;4392.00;191
11379;31;623016955;11379;431;12668;12857;5.65;0.35;310.88;14.59;1289;35;4393.00;189
11382;31;623016971;11382;431;12677;12857;5.69;0.35;310.91;14.60;1295;35;4394.00;180
11384;31;623016985;11384;433;12677;12857;5.67;0.35;310.94;14.60;1293;35;4395.00;180
11385;31;623017002;11385;438;12681;12857;5.61;0.34;310.96;14.62;1296;35;4396.00;176
11387;31;623017017;11387;435;12683;12857;5.59;0.34;311.03;14.63;1296;35;4397.00;174
11391;31;623017032;11391;435;12687;12857;5.57;0.34;311.05;14.63;1296;35;4398.00;170
11392;31;623017047;11392;433;12691;12857;5.51;0.34;311.09;14.64;1299;35;4399.00;166
11395;31;623017062;11395;427;12694;12858;5.49;0.34;311.11;14.64;1299;35;4400.00;164
11399;31;623017082;11399;427;12696;12859;5.46;0.33;311.24;14.64;1297;35;4401.00;163
11401;31;623017098;11401;437;12700;12859;5.43;0.33;311.21;14.65;1299;35;4402.00;159
11402;31;623017113;11402;443;12704;12863;5.42;0.33;311.28;14.65;1302;35;4403.00;159
11406;31;623017130;11406;444;12706;12863;5.41;0.33;311.28;14.66;1300;35;4404.00;157
11408;31;623017147;11408;439;12707;12863;5.41;0.33;311.28;14.66;1299;35;4405.00;156
11410;31;623017163;11410;443;12708;12863;5.44;0.33;311.37;14.67;1298;35;4406.00;155
11413;31;623017178;11413;444;12712;12869;5.54;0.34;311.38;14.66;1299;35;4407.00;157
11415;31;623017194;11415;440;12713;12869;5.61;0.34;311.45;14.66;1298;35;4408.00;156
11418;31;623017209;11418;449;12714;12869;5.65;0.35;311.47;14.67;1296;35;4409.00;155
11422;31;623017225;11422;448;12718;12875;5.66;0.35;311.53;14.67;1296;35;4410.00;157
11425;31;623017240;11425;451;12718;12875;5.64;0.34;311.55;14.67;1293;35;4411.00;157
11427;31;623017254;11427;444;12720;12875;5.62;0.34;311.57;14.68;1293;35;4412.00;155
11430;31;623017269;11430;446;12720;12876;5.54;0.34;311.66;14.68;1290;35;4413.00;156
11435;31;623017283;11435;436;12722;12877;5.47;0.33;311.69;14.68;1287;35;4414.00;155
11436;31;623017297;11436;438;12722;12877;5.42;0.33;311.72;14.68;1286;35;4415.00;155
11438;31;623017312;11438;448;12732;12890;5.36;0.33;311.73;14.68;1294;35;4416.00;158
11443;31;623017326;11443;446;12734;12890;5.26;0.32;311.79;14.69;1291;35;4417.00;156
11448;31;623017340;11448;446;12735;12890;5.20;0.32;311.92;14.70;1287;35;4418.00;155
11454;31;623017354;11454;454;12736;12891;5.10;0.31;312.03;14.70;1282;35;4419.00;155
11459;31;623017368;11459;450;12736;12891;5.04;0.31;312.16;14.70;1277;35;4420.00;155
11461;31;623017382;11461;437;12741;12895;5.09;0.31;312.19;14.71;1280;35;4421.00;154
11463;31;623017396;11463;431;12742;12895;5.06;0.31;312.27;14.71;1279;35;4422.00;153
11470;31;623017410;11470;425;12744;12899;5.00;0.30;312.38;14.71;1274;35;4423.00;155
11471;31;623017424;11471;426;12746;12899;5.02;0.31;312.40;14.72;1275;35;4424.00;153
11476;31;623017437;11476;423;12748;12899;5.04;0.31;312.42;14.73;1272;35;4425.00;151
11477;31;623017451;11477;409;12750;12899;5.09;0.31;312.45;14.74;1273;35;4426.00;149
11480;31;623017464;11480;417;12753;12899;5.12;0.31;312.51;14.74;1273;35;4427.00;146
11485;31;623017479;11485;406;12761;12911;5.22;0.32;312.60;14.73;1276;35;4428.00;150
11490;31;623017494;11490;402;12762;12911;5.25;0.32;312.62;14.73;1272;35;4429.00;149
11494;31;623017508;11494;400;12764;12911;5.26;0.32;312.67;14.73;1270;35;4430.00;147
11499;31;623017522;11499;393;12765;12911;5.25;0.32;312.78;14.73;1266;35;4431.00;146
11502;31;623017536;11502;391;12766;12911;5.23;0.32;312.83;14.73;1264;35;4432.00;145
11507;31;623017550;11507;398;12766;12911;5.17;0.32;312.81;14.73;1259;35;4433.00;145
11514;31;623017565;11514;397;12767;12912;5.13;0.31;312.84;14.73;1253;35;4434.00;145
11517;31;623017580;11517;399;12767;12912;5.15;0.31;312.86;14.73;1250;35;4435.00;145
11521;31;623017593;11521;407;12772;12918;5.20;0.32;312.89;14.73;1251;35;4436.00;146
11524;31;623017608;11524;413;12774;12919;5.18;0.32;312.93;14.72;1250;35;4437.00;145
11527;31;623017622;11527;409;12774;12919;5.20;0.32;312.94;14.72;1247;35;4438.00;145
11531;31;623017636;11531;415;12775;12919;5.19;0.32;312.98;14.72;1244;35;4439.00;144
11537;31;623017651;11537;419;12780;12924;5.22;0.32;313.10;14.72;1243;35;4440.00;144
11540;31;623017666;11540;415;12780;12924;5.22;0.32;313.16;14.72;1240;35;4441.00;144
11544;31;623017679;11544;416;12780;12924;5.16;0.31;313.16;14.72;1236;35;4442.00;144
11549;31;623017693;11549;421;12781;12925;5.09;0.31;313.25;14.72;1232;35;4443.00;144
11553;31;623017707;11553;421;12784;12929;5.06;0.31;313.21;14.71;1231;35;4444.00;145
11556;31;623017721;11556;427;12784;12929;5.01;0.31;313.21;14.71;1228;35;4445.00;145
11560;31;623017735;11560;425;12787;12932;4.96;0.30;313.26;14.71;1227;35;4446.00;145
11566;31;623017749;11566;436;12787;12932;4.88;0.30;313.18;14.71;1221;35;4447.00;145
11569;31;623017762;11569;440;12787;12932;4.85;0.30;313.18;14.71;1218;35;4448.00;145
11577;31;623017775;11577;435;12787;12932;4.68;0.29;313.14;14.71;1210;35;4449.00;145
11580;31;623017789;11580;437;12791;12936;4.63;0.28;313.13;14.71;1211;35;4450.00;145
11586;31;623017802;11586;443;12791;12936;4.55;0.28;313.08;14.71;1205;35;4451.00;145
11592;31;623017815;11592;444;12791;12936;4.45;0.27;313.03;14.71;1199;35;4452.00;145
11596;31;623017828;11596;449;12791;12936;4.42;0.27;313.00;14.71;1195;35;4453.00;145
11599;31;623017841;11599;455;12791;12937;4.37;0.27;312.99;14.71;1192;35;4454.00;146
11601;31;623017854;11601;450;12793;12939;4.37;0.27;312.99;14.70;1192;35;4455.00;146
11603;31;623017867;11603;460;12793;12939;4.39;0.27;312.99;14.70;1190;35;4456.00;146
11605;31;623017879;11605;462;12794;12940;4.42;0.27;312.97;14.70;1189;35;4457.00;146
11609;31;623017891;11609;463;12794;12940;4.35;0.27;313.00;14.70;1185;35;4458.00;146
11611;31;623017903;11611;473;12794;12940;4.31;0.26;312.97;14.70;1183;35;4459.00;146
11613;31;623017915;11613;472;12794;12940;4.33;0.27;313.00;14.70;1181;35;4460.00;146
11616;31;623017927;11616;471;12795;12940;4.31;0.27;312.94;14.84;1179;35;4461.00;145
11621;31;623017941;11621;475;12795;12940;4.25;0.26;312.92;14.84;1174;35;4462.00;145
11626;31;623017953;11626;479;12795;12940;4.21;0.26;312.88;14.84;1169;35;4463.00;145
11631;31;623017966;11631;499;12861;13067;4.53;0.28;312.82;14.76;1230;35;4464.00;206
11635;31;623017988;11635;503;12864;13068;4.50;0.28;312.79;14.76;1229;35;4465.00;204
11640;31;623018000;11640;499;12872;13068;4.50;0.28;312.75;14.75;1232;35;4466.00;196
11644;31;623018013;11644;489;12876;13068;4.51;0.28;312.73;14.75;1232;35;4467.00;192
11647;31;623018026;11647;491;12882;13068;4.53;0.28;312.72;14.74;1235;35;4468.00;186
11650;31;623018039;11650;485;12885;13068;4.55;0.28;312.69;14.74;1235;35;4469.00;183
11650;31;623018054;11650;485;12888;13068;4.57;0.28;312.69;14.74;1238;35;4470.00;180
11651;31;623018066;11651;486;12892;13068;4.58;0.28;312.70;14.74;1241;35;4471.00;176
11652;31;623018079;11652;480;12894;13069;4.56;0.28;312.69;14.74;1242;35;4472.00;175
11653;31;623018092;11653;490;12898;13070;4.51;0.28;312.69;14.73;1245;35;4473.00;172
11654;31;623018111;11654;490;12899;13070;4.48;0.28;312.74;14.73;1245;35;4474.00;171
11654;31;623018124;11654;486;12900;13071;4.51;0.28;312.74;14.73;1246;35;4475.00;171
11656;31;623018146;11656;470;12901;13071;4.51;0.28;312.79;14.73;1245;35;4476.00;170
11660;31;623018170;11660;462;12903;13071;4.56;0.28;312.83;14.73;1243;35;4477.00;168
11660;31;623018192;11660;465;12908;13071;4.69;0.29;312.83;14.73;1248;35;4478.00;163
11661;31;623018214;11661;451;12912;13075;4.83;0.30;312.82;14.73;1251;35;4479.00;163
11662;31;623018237;11662;441;12913;13075;4.94;0.30;312.84;14.73;1251;35;4480.00;162
11663;31;623018267;11663;427;12915;13075;5.07;0.31;312.82;14.73;1252;35;4481.00;160
11663;31;623018285;11663;420;12917;13078;5.19;0.32;312.82;14.73;1254;35;4482.00;161
11664;32;623018305;11664;411;12918;13078;5.27;0.32;312.82;14.73;1254;36;4483.00;160
11667;32;623018339;11667;402;12918;13078;5.36;0.33;312.86;14.73;1251;36;4484.00;160
11667;32;623018358;11667;392;12921;13082;5.45;0.33;312.86;14.72;1254;36;4485.00;161
11669;32;623018376;11669;386;12925;13083;5.52;0.34;312.84;14.86;1256;36;4486.00;158
11672;32;623018403;11672;380;12927;13083;5.58;0.34;312.86;14.86;1255;36;4487.00;156
11675;32;623018422;11675;381;12930;13087;5.63;0.34;312.86;14.86;1255;36;4488.00;157
11677;32;623018441;11677;373;12930;13087;5.67;0.35;312.84;14.86;1253;36;4489.00;157
11678;32;623018459;11678;372;12930;13087;5.70;0.35;312.83;14.86;1252;36;4490.00;157
11680;32;623018478;11680;366;12931;13088;5.76;0.35;312.81;14.86;1251;36;4491.00;157
11682;32;623018496;11682;366;12931;13088;5.78;0.35;312.80;14.86;1249;36;4492.00;157
11685;32;623018513;11685;366;12936;13094;5.85;0.35;312.84;14.85;1251;36;4493.00;158
11686;32;623018530;11686;355;12936;13094;5.89;0.36;312.81;14.85;1250;36;4494.00;158
11690;32;623018545;11690;350;12936;13095;5.91;0.36;312.90;14.85;1246;36;4495.00;159
11691;32;623018561;11691;339;12936;13095;5.97;0.36;312.89;14.85;1245;36;4496.00;159
11693;32;623018584;11693;334;12936;13095;6.02;0.36;312.96;14.85;1243;36;4497.00;159
11694;32;623018600;11694;322;12936;13095;6.05;0.37;312.95;14.85;1242;36;4498.00;159
11697;32;623018615;11697;313;12936;13095;6.07;0.37;312.94;14.85;1239;36;4499.00;159
11699;32;623018634;11699;321;12962;13145;6.21;0.38;312.99;14.82;1263;36;4500.00;183
11702;32;623018662;11702;310;12962;13147;6.24;0.38;313.04;14.82;1260;36;4501.00;185
11702;32;623018679;11702;310;12966;13147;6.32;0.38;313.04;14.82;1264;36;4502.00;181
11705;32;623018697;11705;307;12966;13147;6.37;0.39;313.04;14.82;1261;36;4503.00;181
11706;32;623018714;11706;300;12969;13147;6.40;0.39;313.09;14.81;1263;36;4504.00;178
11707;32;623018732;11707;302;12969;13147;6.47;0.39;313.09;14.81;1262;36;4505.00;178
11709;32;623018748;11709;296;12973;13151;6.46;0.39;313.13;14.81;1264;36;4506.00;178
11711;32;623018764;11711;289;12974;13151;6.46;0.39;313.21;14.95;1263;36;4507.00;177
11714;32;623018781;11714;285;12978;13155;6.51;0.39;313.29;14.94;1264;36;4508.00;177
11719;32;623018800;11719;287;12979;13156;6.54;0.40;313.44;14.94;1260;36;4509.00;177
11721;32;623018817;11721;287;12979;13156;6.60;0.40;313.44;14.94;1258;36;4510.00;177
11723;32;623018835;11723;281;12979;13156;6.60;0.40;313.48;14.94;1256;36;4511.00;177
11724;32;623018853;11724;280;12990;13169;6.62;0.40;313.51;14.93;1266;36;4512.00;179
11725;32;623018871;11725;276;12990;13169;6.61;0.40;313.54;14.93;1265;36;4513.00;179
11728;32;623018889;11728;277;12991;13169;6.57;0.40;313.60;14.93;1263;36;4514.00;178
11731;32;623018906;11731;273;12992;13170;6.56;0.40;313.60;14.93;1261;36;4515.00;178
11732;32;623018923;11732;277;12992;13171;6.57;0.40;313.60;14.93;1260;36;4516.00;179
11737;32;623018943;11737;278;12993;13171;6.54;0.40;313.66;14.93;1256;36;4517.00;178
11741;32;623018961;11741;279;12995;13174;6.54;0.40;313.69;14.93;1254;36;4518.00;179
11743;32;623018979;11743;273;12995;13174;6.54;0.40;313.72;14.93;1252;36;4519.00;179
11744;32;623019000;11744;268;12997;13174;6.54;0.40;313.78;14.92;1253;36;4520.00;177
11749;32;623019020;11749;266;12997;13174;6.52;0.40;313.78;14.92;1248;36;4521.00;177
11752;32;623019039;11752;263;13002;13180;6.52;0.40;313.84;14.92;1250;36;4522.00;178
11754;32;623019057;11754;268;13002;13180;6.52;0.40;313.81;14.92;1248;36;4523.00;178
11757;32;623019076;11757;268;13003;13180;6.48;0.39;313.84;14.93;1246;36;4524.00;177
11760;32;623019096;11760;268;13003;13180;6.49;0.39;313.83;14.93;1243;36;4525.00;177
11763;32;623019114;11763;276;13008;13184;6.50;0.40;313.84;14.95;1245;36;4526.00;176
11766;32;623019135;11766;272;13009;13185;6.51;0.40;313.84;14.94;1243;36;4527.00;176
11767;32;623019154;11767;279;13010;13185;6.52;0.40;313.88;14.95;1243;36;4528.00;175
11772;32;623019172;11772;276;13011;13186;6.48;0.40;313.95;14.94;1239;36;4529.00;175
11776;32;623019191;11776;274;13011;13186;6.46;0.39;313.91;14.94;1235;36;4530.00;175
11782;32;623019207;11782;280;13011;13186;6.40;0.39;314.06;14.94;1229;36;4531.00;175
11786;32;623019223;11786;289;13012;13186;6.37;0.39;314.07;14.95;1226;36;4532.00;174
11788;32;623019239;11788;290;13012;13186;6.33;0.39;314.17;14.95;1224;36;4533.00;174
11792;32;623019255;11792;295;13013;13186;6.27;0.38;314.18;14.95;1221;36;4534.00;173
11797;32;623019271;11797;304;13013;13186;6.22;0.38;314.15;14.95;1216;36;4535.00;173
11798;32;623019287;11798;315;13048;13256;6.27;0.38;314.14;14.91;1250;36;4536.00;208
11800;32;623019308;11800;311;13053;13257;6.25;0.38;314.14;14.90;1253;36;4537.00;204
11802;32;623019324;11802;308;13060;13257;6.30;0.38;314.16;14.90;1258;36;4538.00;197
11803;32;623019339;11803;302;13063;13257;6.32;0.39;314.22;14.90;1260;36;4539.00;194
11805;32;623019355;11805;296;13070;13257;6.32;0.39;314.23;14.89;1265;36;4540.00;187
11807;32;623019369;11807;288;13071;13257;6.31;0.39;314.22;14.89;1264;36;4541.00;186
11810;32;623019385;11810;278;13074;13257;6.34;0.39;314.22;14.89;1264;36;4542.00;183
11811;32;623019402;11811;279;13079;13257;6.43;0.39;314.25;14.89;1268;36;4543.00;178
11813;32;623019419;11813;278;13082;13258;6.45;0.39;314.27;14.89;1269;36;4544.00;176
11817;32;623019436;11817;274;13086;13260;6.41;0.39;314.26;14.89;1269;36;4545.00;174
11818;32;623019453;11818;281;13088;13260;6.36;0.39;314.33;14.89;1270;36;4546.00;172
11821;32;623019471;11821;282;13091;13264;6.23;0.38;314.37;14.89;1270;36;4547.00;173
11824;32;623019488;11824;277;13091;13264;6.17;0.38;314.36;14.89;1267;36;4548.00;173
11825;32;623019505;11825;287;13091;13264;6.09;0.37;314.36;14.89;1266;36;4549.00;173
11827;32;623019521;11827;292;13093;13264;6.02;0.37;314.35;14.91;1266;36;4550.00;171
11829;32;623019539;11829;295;13098;13270;5.98;0.36;314.41;14.90;1269;36;4551.00;172
11831;32;623019555;11831;307;13100;13270;5.88;0.36;314.47;14.92;1269;36;4552.00;170
11833;32;623019573;11833;316;13100;13270;5.85;0.36;314.49;14.92;1267;36;4553.00;170
11836;32;623019589;11836;326;13103;13273;5.83;0.36;314.55;14.93;1267;36;4554.00;170
11839;32;623019606;11839;333;13105;13273;5.84;0.36;314.53;14.94;1266;36;4555.00;168
11842;32;623019623;11842;341;13105;13273;5.85;0.36;314.57;14.94;1263;36;4556.00;168
11843;32;623019639;11843;340;13106;13274;5.85;0.36;314.59;14.94;1263;36;4557.00;168
11847;32;623019656;11847;344;13108;13275;5.84;0.36;314.61;14.95;1261;36;4558.00;167
11850;32;623019673;11850;346;13108;13275;5.85;0.36;314.68;14.95;1258;36;4559.00;167
11853;32;623019691;11853;350;13125;13301;5.89;0.36;314.68;14.94;1272;36;4560.00;176
11856;32;623019709;11856;353;13127;13301;5.92;0.36;314.67;14.95;1271;36;4561.00;174
11858;32;623019726;11858;360;13129;13301;5.94;0.36;314.73;14.95;1271;36;4562.00;172
11861;32;623019742;11861;360;13131;13302;5.94;0.36;314.72;14.95;1270;36;4563.00;171
11865;32;623019758;11865;366;13135;13302;5.90;0.36;314.85;14.99;1270;36;4564.00;167
11868;32;623019773;11868;367;13139;13306;5.88;0.36;314.91;14.98;1271;36;4565.00;167
11869;32;623019788;11869;372;13140;13306;5.81;0.35;314.93;15.00;1271;36;4566.00;166
11875;32;623019803;11875;379;13144;13310;5.65;0.34;314.97;15.00;1269;36;4567.00;166
11878;32;623019818;11878;384;13144;13310;5.57;0.34;314.92;15.00;1266;36;4568.00;166
11880;32;623019832;11880;380;13146;13310;5.47;0.33;315.01;15.03;1266;36;4569.00;164
11883;32;623019849;11883;374;13146;13310;5.38;0.33;315.08;15.03;1263;36;4570.00;164
11884;32;623019863;11884;369;13149;13310;5.32;0.32;315.15;15.06;1265;36;4571.00;161
11886;32;623019877;11886;371;13158;13322;5.30;0.32;315.25;15.05;1272;36;4572.00;164
11888;32;623019892;11888;378;13158;13322;5.26;0.32;315.24;15.05;1270;36;4573.00;164
11889;32;623019907;11889;380;13161;13322;5.21;0.32;315.30;15.06;1272;36;4574.00;161
11893;32;623019920;11893;384;13161;13322;5.14;0.31;315.33;15.06;1268;36;4575.00;161
11895;32;623019934;11895;389;13165;13322;5.10;0.31;315.35;15.09;1270;36;4576.00;157
11896;32;623019948;11896;388;13165;13322;5.07;0.31;315.42;15.09;1269;36;4577.00;157
11900;32;623019962;11900;394;13165;13323;5.00;0.30;315.40;15.09;1265;36;4578.00;158
11901;32;623019976;11901;398;13166;13323;5.01;0.30;315.40;15.10;1265;36;4579.00;157
11904;32;623019998;11904;411;13173;13329;5.08;0.31;315.44;15.10;1269;36;4580.00;156
11905;32;623020012;11905;415;13176;13330;5.10;0.31;315.44;15.11;1271;36;4581.00;154
11909;32;623020026;11909;418;13177;13330;5.03;0.31;315.44;15.11;1268;36;4582.00;153
11913;32;623020040;11913;432;13178;13330;4.99;0.30;315.43;15.11;1265;36;4583.00;152
11916;32;623020053;11916;426;13182;13334;5.01;0.30;315.50;15.11;1266;36;4584.00;152
11920;32;623020067;11920;426;13182;13334;4.90;0.30;315.51;15.11;1262;36;4585.00;152
11924;32;623020080;11924;430;13183;13334;4.76;0.29;315.55;15.12;1259;36;4586.00;151
11926;32;623020093;11926;440;13184;13335;4.68;0.29;315.53;15.12;1258;36;4587.00;151
11929;32;623020106;11929;445;13188;13339;4.53;0.28;315.56;15.13;1259;36;4588.00;151
11931;32;623020119;11931;445;13188;13339;4.44;0.27;315.52;15.13;1257;36;4589.00;151
11936;32;623020137;11936;446;13192;13345;4.39;0.27;315.64;15.12;1256;36;4590.00;153
11943;32;623020159;11943;437;13194;13345;4.33;0.26;315.84;15.13;1251;36;4591.00;151
11945;32;623020178;11945;444;13197;13345;4.33;0.27;315.86;15.15;1252;36;4592.00;148
11950;32;623020196;11950;439;13198;13345;4.29;0.26;315.95;15.15;1248;36;4593.00;147
11951;32;623020214;11951;438;13202;13349;4.35;0.27;315.99;15.15;1251;36;4594.00;147
11956;32;623020233;11956;431;13203;13349;4.29;0.26;316.07;15.16;1247;36;4595.00;146
11960;32;623020251;11960;436;13203;13349;4.25;0.26;316.05;15.16;1243;36;4596.00;146
11961;32;623020266;11961;422;13203;13349;4.28;0.26;316.04;15.16;1242;36;4597.00;146
11962;32;623020281;11962;426;13203;13350;4.29;0.26;316.04;15.16;1241;36;4598.00;147
11967;32;623020296;11967;421;13204;13351;4.30;0.26;316.17;15.15;1237;36;4599.00;147
11967;32;623020312;11967;432;13204;13351;4.35;0.27;316.17;15.15;1237;36;4600.00;147
11974;32;623020333;11974;423;13205;13352;4.35;0.27;316.17;15.15;1231;36;4601.00;147
11977;32;623020350;11977;428;13205;13352;4.36;0.27;316.19;15.15;1228;36;4602.00;147
11980;32;623020365;11980;436;13205;13352;4.40;0.27;316.21;15.15;1225;36;4603.00;147
11983;32;623020380;11983;438;13205;13352;4.44;0.27;316.23;15.15;1222;36;4604.00;147
11988;32;623020394;11988;435;13205;13352;4.47;0.27;316.20;15.15;1217;36;4605.00;147
11992;32;623020410;11992;439;13205;13352;4.47;0.27;316.16;15.15;1213;36;4606.00;147
11995;32;623020429;11995;439;13205;13352;4.46;0.27;316.18;15.15;1210;36;4607.00;147
11997;32;623020446;11997;445;13266;13479;4.90;0.31;316.14;15.08;1269;36;4608.00;213
12004;32;623020474;12004;442;13270;13480;4.82;0.30;316.20;15.22;1266;36;4609.00;210
12010;32;623020492;12010;448;13279;13480;4.84;0.30;316.19;15.21;1269;36;4610.00;201
12014;32;623020508;12014;455;13282;13480;4.76;0.30;316.25;15.21;1268;36;4611.00;198
12017;32;623020523;12017;461;13290;13480;4.68;0.29;316.24;15.20;1273;36;4612.00;190
12018;32;623020539;12018;463;13294;13480;4.64;0.29;316.24;15.20;1276;36;4613.00;186
12024;32;623020554;12024;472;13298;13480;4.50;0.28;316.30;15.20;1274;36;4614.00;182
12025;32;623020570;12025;483;13300;13480;4.48;0.28;316.31;15.20;1275;36;4615.00;180
12030;32;623020587;12030;490;13304;13481;4.46;0.28;316.22;15.19;1274;36;4616.00;177
12034;32;623020608;12034;498;13307;13482;4.43;0.28;316.28;15.19;1273;36;4617.00;175
12036;32;623020626;12036;496;13309;13482;4.39;0.27;316.28;15.19;1273;36;4618.00;173
12040;32;623020643;12040;498;13312;13483;4.33;0.27;316.27;15.19;1272;36;4619.00;171
12043;32;623020661;12043;496;13313;13483;4.27;0.27;316.25;15.19;1270;36;4620.00;170
12048;32;623020677;12048;499;13314;13483;4.21;0.26;316.21;15.19;1266;36;4621.00;169
12054;32;623020694;12054;505;13316;13483;4.16;0.26;316.20;15.19;1262;36;4622.00;167
12059;32;623020710;12059;512;13319;13487;4.09;0.26;316.26;15.19;1260;36;4623.00;168
12062;32;623020726;12062;528;13322;13487;4.09;0.25;316.36;15.19;1260;36;4624.00;165
12065;32;623020741;12065;537;13324;13487;4.06;0.25;316.35;15.32;1259;36;4625.00;163
12068;32;623020755;12068;536;13327;13490;4.04;0.25;316.34;15.32;1259;36;4626.00;163
12069;32;623020772;12069;525;13327;13490;4.06;0.25;316.34;15.32;1258;36;4627.00;163
12071;32;623020787;12071;519;13329;13490;4.06;0.25;316.35;15.32;1258;36;4628.00;161
12076;32;623020802;12076;517;13332;13494;4.06;0.25;316.27;15.32;1256;36;4629.00;162
12080;32;623020818;12080;511;13335;13495;4.04;0.25;316.25;15.32;1255;36;4630.00;160
12084;32;623020834;12084;505;13336;13495;4.04;0.25;316.32;15.45;1252;36;4631.00;159
12088;32;623020850;12088;499;13339;13499;4.02;0.25;316.30;15.45;1251;36;4632.00;160
12090;32;623020867;12090;504;13341;13499;4.05;0.25;316.32;15.44;1251;36;4633.00;158
12096;32;623020891;12096;503;13342;13499;4.07;0.25;316.27;15.44;1246;36;4634.00;157
12098;32;623020908;12098;503;13344;13501;4.11;0.25;316.29;15.44;1246;36;4635.00;157
12100;32;623020924;12100;506;13344;13501;4.08;0.25;316.28;15.44;1244;36;4636.00;157
12103;32;623020940;12103;489;13349;13507;4.14;0.25;316.27;15.44;1246;36;4637.00;158
12104;32;623020957;12104;468;13349;13507;4.20;0.26;316.28;15.44;1245;36;4638.00;158
12107;32;623020973;12107;460;13349;13508;4.26;0.26;316.31;15.44;1242;36;4639.00;159
12109;32;623020990;12109;452;13349;13508;4.33;0.26;316.29;15.44;1240;36;4640.00;159
12111;32;623021005;12111;447;13349;13508;4.39;0.27;316.31;15.44;1238;36;4641.00;159
12113;32;623021028;12113;448;13349;13508;4.44;0.27;316.28;15.44;1236;36;4642.00;159
12117;32;623021047;12117;444;13349;13508;4.45;0.27;316.28;15.44;1232;36;4643.00;159
12118;32;623021067;12118;442;13358;13520;4.59;0.28;316.28;15.42;1240;36;4644.00;162
12120;32;623021084;12120;443;13358;13520;4.63;0.28;316.36;15.42;1238;36;4645.00;162
12122;32;623021103;12122;427;13360;13520;4.76;0.29;316.34;15.42;1238;36;4646.00;160
12124;32;623021122;12124;414;13361;13520;4.85;0.30;316.33;15.55;1237;36;4647.00;159
12129;32;623021142;12129;405;13361;13520;4.96;0.30;316.33;15.55;1232;36;4648.00;159
12133;32;623021161;12133;388;13361;13520;5.08;0.31;316.36;15.55;1228;36;4649.00;159
12135;32;623021183;12135;379;13366;13526;5.20;0.32;316.43;15.55;1231;36;4650.00;160
12136;32;623021201;12136;369;13366;13526;5.37;0.33;316.48;15.55;1230;36;4651.00;160
12137;32;623021218;12137;364;13370;13530;5.54;0.34;316.54;15.54;1233;36;4652.00;160
12140;32;623021234;12140;355;13371;13531;5.61;0.34;316.65;15.54;1231;36;4653.00;160
12142;32;623021250;12142;346;13371;13531;5.65;0.34;316.69;15.54;1229;36;4654.00;160
12143;32;623021265;12143;341;13371;13531;5.67;0.35;316.70;15.54;1228;36;4655.00;160
12143;32;623021280;12143;337;13382;13544;5.80;0.35;316.70;15.53;1239;36;4656.00;162
12145;32;623021297;12145;328;13382;13544;5.84;0.36;316.74;15.53;1237;36;4657.00;162
12147;32;623021312;12147;318;13383;13544;5.86;0.36;316.78;15.66;1236;36;4658.00;161
12148;32;623021327;12148;310;13384;13545;5.98;0.36;316.76;15.66;1236;36;4659.00;161
12151;32;623021341;12151;312;13384;13546;6.03;0.37;316.90;15.66;1233;36;4660.00;162
12152;32;623021357;12152;302;13384;13546;6.11;0.37;316.90;15.66;1232;36;4661.00;162
12156;32;623021371;12156;296;13386;13549;6.14;0.37;317.05;15.66;1230;36;4662.00;163
12158;32;623021386;12158;295;13386;13549;6.19;0.38;317.10;15.66;1228;36;4663.00;163
12160;32;623021407;12160;297;13387;13549;6.21;0.38;317.16;15.66;1227;36;4664.00;162
12162;32;623021422;12162;296;13387;13549;6.21;0.38;317.20;15.66;1225;36;4665.00;162
12165;32;623021437;12165;299;13392;13555;6.23;0.38;317.28;15.65;1227;36;4666.00;163
12169;32;623021452;12169;299;13392;13555;6.24;0.38;317.34;15.65;1223;36;4667.00;163
12173;32;623021468;12173;298;13392;13555;6.22;0.38;317.40;15.65;1219;36;4668.00;163
12179;32;623021484;12179;298;13392;13555;6.23;0.38;317.55;15.65;1213;36;4669.00;163
12181;32;623021500;12181;305;13395;13559;6.25;0.38;317.51;15.65;1214;36;4670.00;164
12186;32;623021515;12186;302;13396;13560;6.26;0.38;317.64;15.65;1210;36;4671.00;164
12188;32;623021531;12188;310;13396;13560;6.27;0.38;317.71;15.65;1208;36;4672.00;164
12190;32;623021545;12190;310;13398;13561;6.30;0.38;317.73;15.78;1208;36;4673.00;163
12194;32;623021560;12194;313;13398;13561;6.34;0.38;317.76;15.78;1204;36;4674.00;163
12199;32;623021575;12199;309;13398;13561;6.33;0.38;317.84;15.78;1199;36;4675.00;163
12202;32;623021591;12202;310;13398;13561;6.34;0.38;317.93;15.78;1196;36;4676.00;163
12205;32;623021606;12205;309;13398;13561;6.36;0.38;317.95;15.78;1193;36;4677.00;163
12208;32;623021621;12208;306;13398;13561;6.40;0.39;318.03;15.78;1190;36;4678.00;163
12210;32;623021635;12210;307;13398;13561;6.43;0.39;318.07;15.78;1188;36;4679.00;163
12212;32;623021652;12212;329;13462;13686;6.46;0.39;318.08;15.70;1250;36;4680.00;224
12214;32;623021676;12214;321;13462;13687;6.48;0.39;318.13;15.70;1248;36;4681.00;225
12217;32;623021692;12217;317;13468;13687;6.53;0.40;318.24;15.70;1251;36;4682.00;219
12219;32;623021707;12219;314;13470;13687;6.58;0.40;318.31;15.70;1251;36;4683.00;217
12221;32;623021722;12221;316;13475;13687;6.60;0.40;318.41;15.69;1254;36;4684.00;212
12225;32;623021738;12225;315;13476;13687;6.56;0.40;318.43;15.69;1251;36;4685.00;211
12227;32;623021753;12227;318;13481;13687;6.58;0.40;318.48;15.69;1254;36;4686.00;206
12230;32;623021769;12230;328;13484;13687;6.54;0.40;318.51;15.69;1254;36;4687.00;203
12232;32;623021784;12232;324;13488;13688;6.52;0.40;318.55;15.68;1256;36;4688.00;200
12235;33;623021799;12235;330;13491;13689;6.50;0.40;318.59;15.68;1256;37;4689.00;198
12236;33;623021826;12236;321;13493;13689;6.50;0.40;318.60;15.68;1257;37;4690.00;196
12240;33;623021841;12240;321;13498;13693;6.48;0.39;318.65;15.68;1258;37;4691.00;195
12242;33;623021856;12242;321;13499;13693;6.48;0.40;318.65;15.68;1257;37;4692.00;194
12245;33;623021875;12245;320;13500;13693;6.44;0.39;318.69;15.68;1255;37;4693.00;193
12248;33;623021889;12248;322;13502;13693;6.36;0.39;318.69;15.69;1254;37;4694.00;191
12251;33;623021911;12251;315;13506;13699;6.34;0.39;318.67;15.70;1255;37;4695.00;193
12255;33;623021926;12255;317;13507;13699;6.31;0.38;318.73;15.70;1252;37;4696.00;192
12259;33;623021942;12259;323;13508;13699;6.29;0.38;318.81;15.70;1249;37;4697.00;191
12263;33;623021957;12263;321;13511;13702;6.26;0.38;318.85;15.70;1248;37;4698.00;191
12264;33;623021973;12264;325;13512;13702;6.32;0.39;318.89;15.70;1248;37;4699.00;190
12268;33;623021988;12268;322;13512;13702;6.34;0.39;318.97;15.70;1244;37;4700.00;190
12272;33;623022008;12272;319;13512;13703;6.38;0.39;318.96;15.70;1240;37;4701.00;191
12277;33;623022023;12277;324;13514;13704;6.42;0.39;318.93;15.69;1237;37;4702.00;190
12284;33;623022039;12284;320;13514;13704;6.42;0.39;318.96;15.69;1230;37;4703.00;190
12289;33;623022054;12289;317;13524;13717;6.42;0.39;318.97;15.68;1235;37;4704.00;193
12291;33;623022071;12291;315;13525;13717;6.42;0.39;318.95;15.68;1234;37;4705.00;192
12293;33;623022086;12293;312;13525;13717;6.44;0.39;318.97;15.68;1232;37;4706.00;192
12297;33;623022101;12297;310;13526;13718;6.43;0.39;319.05;15.68;1229;37;4707.00;192
12301;33;623022116;12301;308;13526;13718;6.42;0.39;319.12;15.68;1225;37;4708.00;192
12302;33;623022132;12302;314;13529;13722;6.46;0.39;319.11;15.68;1227;37;4709.00;193
12302;33;623022165;12302;319;13529;13722;6.44;0.39;319.11;15.68;1227;37;4710.00;193
12305;33;623022187;12305;326;13534;13726;6.43;0.39;319.13;15.68;1229;37;4711.00;192
12307;33;623022208;12307;326;13534;13726;6.45;0.39;319.14;15.68;1227;37;4712.00;192
12311;33;623022229;12311;320;13536;13726;6.42;0.39;319.16;15.68;1225;37;4713.00;190
12312;33;623022251;12312;317;13536;13726;6.42;0.39;319.15;15.68;1224;37;4714.00;190
12315;33;623022269;12315;321;13537;13726;6.40;0.39;319.12;15.68;1222;37;4715.00;189
12319;33;623022285;12319;319;13550;13738;6.40;0.39;319.18;15.69;1231;37;4716.00;188
12323;33;623022302;12323;326;13551;13738;6.39;0.39;319.28;15.69;1228;37;4717.00;187
12325;33;623022318;12325;327;13551;13738;6.34;0.39;319.35;15.69;1226;37;4718.00;187
12327;33;623022332;12327;335;13551;13738;6.28;0.38;319.34;15.69;1224;37;4719.00;187
12330;33;623022348;12330;341;13553;13738;6.20;0.38;319.39;15.71;1223;37;4720.00;185
12333;33;623022362;12333;342;13553;13738;6.08;0.37;319.45;15.71;1220;37;4721.00;185
12334;33;623022376;12334;346;13554;13739;6.03;0.37;319.45;15.72;1220;37;4722.00;185
12336;33;623022391;12336;342;13555;13739;5.97;0.36;319.44;15.73;1219;37;4723.00;184
12342;33;623022404;12342;352;13560;13745;5.96;0.36;319.52;15.72;1218;37;4724.00;185
12343;33;623022420;12343;354;13563;13747;5.89;0.36;319.50;15.74;1220;37;4725.00;184
12347;33;623022434;12347;354;13564;13747;5.78;0.35;319.57;15.74;1217;37;4726.00;183
12349;33;623022448;12349;363;13565;13747;5.68;0.35;319.60;15.75;1216;37;4727.00;182
12351;33;623022461;12351;376;13569;13751;5.68;0.35;319.60;15.75;1218;37;4728.00;182
12352;33;623022476;12352;380;13570;13751;5.61;0.34;319.60;15.77;1218;37;4729.00;181
12354;33;623022488;12354;388;13571;13751;5.54;0.34;319.63;15.77;1217;37;4730.00;180
12355;33;623022503;12355;397;13574;13752;5.54;0.34;319.63;15.78;1219;37;4731.00;178
12356;33;623022517;12356;404;13577;13756;5.52;0.34;319.63;15.78;1221;37;4732.00;179
12356;33;623022531;12356;407;13579;13756;5.50;0.34;319.63;15.80;1223;37;4733.00;177
12357;33;623022544;12357;412;13582;13759;5.51;0.34;319.70;15.81;1225;37;4734.00;177
12362;33;623022557;12362;417;13582;13759;5.47;0.33;319.72;15.81;1220;37;4735.00;177
12366;33;623022570;12366;422;13585;13759;5.40;0.33;319.77;15.82;1219;37;4736.00;174
12369;33;623022585;12369;429;13585;13759;5.31;0.33;319.87;15.82;1216;37;4737.00;174
12371;33;623022598;12371;444;13590;13763;5.26;0.32;319.83;15.82;1219;37;4738.00;173
12373;33;623022611;12373;440;13591;13763;5.18;0.32;319.84;15.83;1218;37;4739.00;172
12377;33;623022626;12377;440;13591;13763;5.10;0.31;319.93;15.83;1214;37;4740.00;172
12381;33;623022640;12381;436;13593;13763;5.02;0.31;320.05;15.84;1212;37;4741.00;170
12383;33;623022653;12383;437;13593;13764;4.94;0.30;320.03;15.84;1210;37;4742.00;171
12386;33;623022668;12386;438;13594;13765;4.90;0.30;319.99;15.84;1208;37;4743.00;171
12389;33;623022681;12389;438;13595;13765;4.87;0.30;320.05;15.86;1206;37;4744.00;170
12391;33;623022694;12391;440;13596;13766;4.88;0.30;320.01;15.85;1205;37;4745.00;170
12393;33;623022707;12393;441;13599;13766;4.93;0.30;319.98;15.89;1206;37;4746.00;167
12396;33;623022719;12396;446;13599;13766;4.96;0.30;319.95;15.89;1203;37;4747.00;167
12398;33;623022732;12398;456;13599;13766;4.95;0.30;319.93;15.89;1201;37;4748.00;167
12403;33;623022745;12403;460;13600;13766;4.90;0.30;319.88;15.90;1197;37;4749.00;166
12405;33;623022758;12405;462;13600;13766;4.88;0.30;319.87;15.90;1195;37;4750.00;166
12408;33;623022770;12408;464;13603;13766;4.80;0.29;319.82;15.93;1195;37;4751.00;163
12410;33;623022783;12410;480;13671;13893;5.02;0.31;319.85;15.86;1261;37;4752.00;222
12414;33;623022804;12414;480;13675;13894;4.94;0.31;319.80;15.86;1261;37;4753.00;219
12416;33;623022817;12416;473;13687;13894;4.97;0.31;319.80;15.86;1271;37;4754.00;207
12422;33;623022831;12422;473;13690;13894;4.87;0.30;319.76;15.86;1268;37;4755.00;204
12423;33;623022845;12423;468;13696;13894;4.85;0.30;319.74;15.86;1273;37;4756.00;198
12426;33;623022858;12426;469;13700;13894;4.75;0.29;319.75;15.88;1274;37;4757.00;194
12429;33;623022871;12429;470;13704;13894;4.72;0.29;319.76;15.87;1275;37;4758.00;190
12431;33;623022884;12431;478;13708;13894;4.67;0.29;319.72;15.87;1277;37;4759.00;186
12433;33;623022896;12433;468;13713;13895;4.65;0.29;319.73;15.89;1280;37;4760.00;182
12434;33;623022910;12434;477;13715;13896;4.66;0.29;319.74;15.89;1281;37;4761.00;181
12437;33;623022923;12437;478;13717;13896;4.60;0.28;319.75;15.89;1280;37;4762.00;179
12441;33;623022937;12441;481;13724;13897;4.55;0.28;319.74;15.90;1283;37;4763.00;173
12443;33;623022950;12443;487;13724;13897;4.54;0.28;319.80;15.90;1281;37;4764.00;173
12445;33;623022964;12445;492;13727;13897;4.43;0.27;319.81;15.91;1282;37;4765.00;170
12446;33;623022979;12446;495;13729;13897;4.35;0.27;319.82;15.91;1283;37;4766.00;168
12447;33;623022992;12447;492;13732;13901;4.36;0.27;319.83;15.91;1285;37;4767.00;169
12450;33;623023005;12450;486;13734;13901;4.33;0.27;319.87;15.91;1284;37;4768.00;167
12454;33;623023019;12454;489;13735;13901;4.27;0.26;319.86;15.91;1281;37;4769.00;166
12455;33;623023036;12455;493;13740;13907;4.33;0.27;319.86;15.91;1285;37;4770.00;167
12458;33;623023049;12458;497;13740;13907;4.33;0.27;319.84;15.91;1282;37;4771.00;167
12461;33;623023064;12461;490;13743;13907;4.33;0.27;319.84;15.91;1282;37;4772.00;164
12462;33;623023079;12462;489;13746;13911;4.43;0.27;319.84;15.90;1284;37;4773.00;165
12464;33;623023093;12464;485;13747;13912;4.46;0.27;319.86;15.90;1283;37;4774.00;165
12468;33;623023107;12468;489;13748;13912;4.48;0.28;319.88;15.90;1280;37;4775.00;164
12472;33;623023122;12472;483;13753;13916;4.53;0.28;319.86;16.03;1281;37;4776.00;163
12476;33;623023140;12476;481;13754;13916;4.53;0.28;319.85;16.03;1278;37;4777.00;162
12478;33;623023155;12478;484;13754;13916;4.51;0.28;319.86;16.03;1276;37;4778.00;162
12482;33;623023169;12482;474;13755;13917;4.47;0.27;319.82;16.03;1273;37;4779.00;162
12484;33;623023186;12484;462;13755;13917;4.44;0.27;319.83;16.03;1271;37;4780.00;162
12485;33;623023199;12485;468;13760;13923;4.44;0.27;319.83;16.03;1275;37;4781.00;163
12489;33;623023213;12489;462;13760;13923;4.39;0.27;319.78;16.03;1271;37;4782.00;163
12492;33;623023228;12492;460;13760;13924;4.38;0.27;319.77;16.03;1268;37;4783.00;164
12492;33;623023242;12492;452;13760;13924;4.43;0.27;319.77;16.03;1268;37;4784.00;164
12496;33;623023262;12496;455;13760;13924;4.37;0.27;319.75;16.03;1264;37;4785.00;164
12497;33;623023276;12497;450;13760;13924;4.38;0.27;319.75;16.03;1263;37;4786.00;164
12502;33;623023290;12502;446;13760;13924;4.32;0.26;319.73;16.03;1258;37;4787.00;164
12505;33;623023304;12505;445;13770;13936;4.33;0.26;319.78;16.02;1265;37;4788.00;166
12506;33;623023323;12506;446;13770;13936;4.31;0.26;319.78;16.02;1264;37;4789.00;166
12509;33;623023338;12509;444;13771;13936;4.33;0.26;319.76;16.01;1262;37;4790.00;165
12511;33;623023351;12511;438;13771;13936;4.34;0.27;319.75;16.01;1260;37;4791.00;165
12515;33;623023365;12515;435;13771;13936;4.35;0.27;319.71;16.01;1256;37;4792.00;165
12518;33;623023378;12518;437;13771;13936;4.37;0.27;319.72;16.01;1253;37;4793.00;165
12519;33;623023393;12519;441;13774;13940;4.40;0.27;319.75;16.01;1255;37;4794.00;166
12523;33;623023407;12523;438;13774;13940;4.35;0.27;319.74;16.01;1251;37;4795.00;166
12523;33;623023421;12523;433;13778;13944;4.42;0.27;319.74;16.01;1255;37;4796.00;166
12525;33;623023435;12525;432;13779;13945;4.47;0.27;319.75;16.01;1254;37;4797.00;166
12529;33;623023449;12529;428;13779;13945;4.47;0.27;319.73;16.01;1250;37;4798.00;166
12530;33;623023463;12530;427;13779;13945;4.53;0.28;319.71;16.01;1249;37;4799.00;166
12533;33;623023480;12533;438;13803;13986;4.70;0.29;319.71;15.98;1270;37;4800.00;183
12537;33;623023500;12537;435;13804;13986;4.72;0.29;319.73;15.98;1267;37;4801.00;182
12538;33;623023514;12538;437;13805;13986;4.74;0.29;319.81;15.98;1267;37;4802.00;181
12539;33;623023527;12539;438;13806;13987;4.79;0.29;319.81;15.97;1267;37;4803.00;181
12541;33;623023541;12541;437;13807;13988;4.76;0.29;319.84;15.97;1266;37;4804.00;181
12541;33;623023557;12541;427;13807;13988;4.79;0.29;319.84;15.97;1266;37;4805.00;181
12544;33;623023571;12544;434;13812;13991;4.76;0.29;319.89;15.97;1268;37;4806.00;179
12546;33;623023591;12546;415;13812;13991;4.78;0.29;319.95;15.97;1266;37;4807.00;179
12547;33;623023606;12547;410;13814;13991;4.77;0.29;319.98;16.11;1267;37;4808.00;177
12549;33;623023620;12549;402;13814;13991;4.79;0.29;319.98;16.11;1265;37;4809.00;177
12553;33;623023634;12553;405;13820;13997;4.78;0.29;320.00;16.10;1267;37;4810.00;177
12555;33;623023649;12555;401;13820;13997;4.81;0.29;320.00;16.10;1265;37;4811.00;177
12558;33;623023663;12558;408;13821;13997;4.82;0.29;320.08;16.10;1263;37;4812.00;176
12559;33;623023677;12559;406;13821;13997;4.85;0.30;320.06;16.10;1262;37;4813.00;176
12561;33;623023691;12561;415;13824;14001;4.91;0.30;320.12;16.10;1263;37;4814.00;177
12564;33;623023706;12564;411;13826;14003;4.94;0.30;320.20;16.09;1262;37;4815.00;177
12564;33;623023721;12564;395;13827;14003;5.01;0.30;320.20;16.09;1263;37;4816.00;176
12567;33;623023735;12567;394;13828;14004;5.08;0.31;320.22;16.09;1261;37;4817.00;176
12569;33;623023750;12569;381;13828;14004;5.11;0.31;320.22;16.09;1259;37;4818.00;176
12571;33;623023765;12571;369;13828;14004;5.19;0.32;320.21;16.09;1257;37;4819.00;176
12573;33;623023780;12573;367;13828;14004;5.29;0.32;320.33;16.09;1255;37;4820.00;176
12575;33;623023795;12575;366;13829;14004;5.34;0.32;320.34;16.09;1254;37;4821.00;175
12577;33;623023816;12577;362;13829;14004;5.40;0.33;320.40;16.09;1252;37;4822.00;175
12579;33;623023832;12579;360;13830;14004;5.46;0.33;320.41;16.23;1251;37;4823.00;174
12582;33;623023848;12582;365;13872;14074;5.58;0.34;320.44;16.18;1290;37;4824.00;202
12584;33;623023870;12584;342;13873;14075;5.63;0.34;320.56;16.18;1289;37;4825.00;202
12584;33;623023886;12584;341;13878;14075;5.74;0.35;320.56;16.18;1294;37;4826.00;197
12588;33;623023902;12588;335;13879;14075;5.77;0.35;320.59;16.18;1291;37;4827.00;196
12592;33;623023918;12592;336;13882;14077;5.75;0.35;320.72;16.18;1290;37;4828.00;195
12593;33;623023934;12593;336;13884;14077;5.77;0.35;320.78;16.17;1291;37;4829.00;193
12596;33;623023952;12596;338;13886;14077;5.83;0.35;320.85;16.17;1290;37;4830.00;191
12598;33;623023968;12598;338;13888;14077;5.85;0.35;320.88;16.17;1290;37;4831.00;189
12600;33;623023984;12600;341;13889;14078;5.86;0.36;320.93;16.17;1289;37;4832.00;189
12603;33;623024000;12603;335;13893;14079;5.88;0.36;320.96;16.17;1290;37;4833.00;186
12603;33;623024017;12603;336;13895;14079;5.92;0.36;320.96;16.17;1292;37;4834.00;184
12606;33;623024032;12606;335;13900;14083;5.92;0.36;321.10;16.17;1294;37;4835.00;183
12608;33;623024049;12608;334;13902;14083;5.94;0.36;321.11;16.16;1294;37;4836.00;181
12609;33;623024066;12609;339;13904;14083;5.97;0.36;321.17;16.30;1295;37;4837.00;179
12610;33;623024082;12610;334;13905;14083;6.03;0.37;321.23;16.30;1295;37;4838.00;178
12612;33;623024098;12612;342;13911;14089;6.05;0.37;321.29;16.30;1299;37;4839.00;178
12613;33;623024115;12613;346;13911;14089;6.06;0.37;321.35;16.30;1298;37;4840.00;178
12617;33;623024131;12617;335;13911;14089;6.07;0.37;321.42;16.30;1294;37;4841.00;178
12621;33;623024154;12621;332;13913;14092;6.10;0.37;321.53;16.30;1292;37;4842.00;179
12623;33;623024184;12623;330;13913;14092;6.15;0.37;321.53;16.30;1290;37;4843.00;179
12627;33;623024210;12627;326;13914;14092;6.14;0.37;321.62;16.29;1287;37;4844.00;178
12629;33;623024233;12629;332;13914;14093;6.13;0.37;321.64;16.29;1285;37;4845.00;179
12634;33;623024256;12634;328;13915;14094;6.14;0.37;321.70;16.29;1281;37;4846.00;179
12636;33;623024276;12636;325;13915;14094;6.14;0.37;321.77;16.29;1279;37;4847.00;179
12640;33;623024296;12640;324;13926;14107;6.17;0.37;321.81;16.28;1286;37;4848.00;181
12641;33;623024316;12641;319;13927;14107;6.22;0.38;321.86;16.42;1286;37;4849.00;180
12642;33;623024334;12642;324;13927;14107;6.26;0.38;321.87;16.42;1285;37;4850.00;180
12643;33;623024352;12643;321;13928;14108;6.30;0.38;321.92;16.42;1285;37;4851.00;180
12647;33;623024371;12647;311;13928;14108;6.31;0.38;321.88;16.42;1281;37;4852.00;180
12650;33;623024391;12650;307;13931;14112;6.34;0.39;321.98;16.42;1281;37;4853.00;181
12654;33;623024409;12654;307;13931;14112;6.32;0.38;322.08;16.42;1277;37;4854.00;181
12659;33;623024426;12659;311;13934;14116;6.26;0.38;322.16;16.41;1275;37;4855.00;182
12663;33;623024444;12663;310;13934;14116;6.27;0.38;322.21;16.41;1271;37;4856.00;182
12666;33;623024462;12666;307;13934;14116;6.29;0.38;322.28;16.41;1268;37;4857.00;182
12668;33;623024484;12668;312;13934;14116;6.31;0.38;322.31;16.41;1266;37;4858.00;182
12671;33;623024503;12671;308;13934;14116;6.32;0.38;322.39;16.41;1263;37;4859.00;182
12672;33;623024524;12672;307;13955;14150;6.37;0.39;322.39;16.39;1283;37;4860.00;195
12676;33;623024547;12676;304;13955;14150;6.33;0.39;322.40;16.39;1279;37;4861.00;195
12679;33;623024567;12679;295;13959;14150;6.32;0.39;322.41;16.38;1280;37;4862.00;191
12681;33;623024587;12681;303;13960;14150;6.27;0.38;322.46;16.38;1279;37;4863.00;190
12682;33;623024606;12682;292;13961;14150;6.23;0.38;322.47;16.38;1279;37;4864.00;189
12686;33;623024634;12686;293;13963;14150;6.18;0.38;322.52;16.41;1277;37;4865.00;187
12691;33;623024662;12691;298;13963;14151;6.17;0.38;322.54;16.41;1272;37;4866.00;188
12694;33;623024679;12694;299;13963;14151;6.16;0.38;322.55;16.41;1269;37;4867.00;188
12694;33;623024697;12694;310;13967;14157;6.16;0.38;322.55;16.41;1273;37;4868.00;190
12701;33;623024715;12701;303;13967;14158;6.09;0.37;322.58;16.41;1266;37;4869.00;191
12704;33;623024737;12704;315;13968;14158;6.02;0.37;322.55;16.40;1264;37;4870.00;190
12707;33;623024755;12707;313;13968;14158;6.00;0.37;322.53;16.40;1261;37;4871.00;190
12711;33;623024772;12711;317;13970;14162;6.03;0.37;322.63;16.40;1259;37;4872.00;192
12714;33;623024792;12714;320;13972;14162;6.00;0.37;322.65;16.40;1258;37;4873.00;190
12718;33;623024810;12718;324;13972;14162;6.01;0.37;322.68;16.40;1254;37;4874.00;190
12720;33;623024828;12720;322;13973;14163;6.03;0.37;322.79;16.40;1253;37;4875.00;190
12720;33;623024846;12720;322;13976;14167;6.02;0.37;322.79;16.40;1256;37;4876.00;191
12724;33;623024864;12724;320;13977;14167;5.98;0.36;322.77;16.40;1253;37;4877.00;190
12728;33;623024880;12728;322;13979;14170;5.98;0.36;322.78;16.39;1251;37;4878.00;191
12730;33;623024897;12730;325;13981;14170;5.95;0.36;322.81;16.39;1251;37;4879.00;189
12736;33;623024913;12736;332;13982;14170;5.90;0.36;322.80;16.39;1246;37;4880.00;188
12738;33;623024932;12738;337;13982;14170;5.90;0.36;322.82;16.39;1244;37;4881.00;188
12740;33;623024949;12740;345;13986;14174;5.88;0.36;322.80;16.39;1246;37;4882.00;188
12743;33;623024967;12743;349;13986;14174;5.85;0.36;322.86;16.39;1243;37;4883.00;188
12745;33;623024984;12745;355;13986;14174;5.86;0.36;322.91;16.39;1241;37;4884.00;188
12748;33;623025001;12748;361;13986;14174;5.86;0.36;322.96;16.39;1238;37;4885.00;188
12751;33;623025018;12751;356;13986;14175;5.82;0.35;322.96;16.39;1235;37;4886.00;189
12756;33;623025035;12756;355;13987;14176;5.76;0.35;323.00;16.39;1231;37;4887.00;189
12757;33;623025052;12757;363;13987;14176;5.77;0.35;323.01;16.39;1230;37;4888.00;189
12760;33;623025073;12760;372;13989;14177;5.72;0.35;323.09;16.40;1229;37;4889.00;188
12762;33;623025094;12762;372;13990;14177;5.67;0.34;323.17;16.41;1228;37;4890.00;187
12763;33;623025111;12763;384;13990;14177;5.64;0.34;323.22;16.41;1227;37;4891.00;187
12766;33;623025130;12766;392;13991;14177;5.59;0.34;323.39;16.42;1225;37;4892.00;186
12767;33;623025156;12767;398;13991;14177;5.57;0.34;323.39;16.42;1224;37;4893.00;186
12768;33;623025176;12768;397;13993;14177;5.51;0.34;323.37;16.45;1225;37;4894.00;184
12772;33;623025193;12772;405;13993;14177;5.46;0.33;323.44;16.45;1221;37;4895.00;184
12772;33;623025209;12772;426;14061;14304;5.67;0.35;323.44;16.40;1289;37;4896.00;243
12776;33;623025236;12776;426;14064;14305;5.64;0.35;323.45;16.40;1288;37;4897.00;241
12778;33;623025250;12778;423;14076;14305;5.66;0.35;323.47;16.41;1298;37;4898.00;229
12780;33;623025265;12780;423;14078;14305;5.67;0.35;323.54;16.41;1298;37;4899.00;227
12781;33;623025279;12781;428;14086;14305;5.70;0.35;323.57;16.41;1305;37;4900.00;219
12783;33;623025297;12783;432;14087;14305;5.65;0.35;323.61;16.41;1304;37;4901.00;218
12788;33;623025312;12788;432;14091;14305;5.61;0.34;323.59;16.43;1303;37;4902.00;214
12791;33;623025331;12791;439;14096;14305;5.60;0.34;323.64;16.44;1305;37;4903.00;209
12791;33;623025348;12791;442;14099;14306;5.62;0.35;323.64;16.45;1308;37;4904.00;207
12793;33;623025367;12793;441;14103;14308;5.59;0.34;323.61;16.44;1310;37;4905.00;205
12796;33;623025384;12796;449;14106;14308;5.52;0.34;323.59;16.46;1310;37;4906.00;202
12799;33;623025398;12799;451;14109;14309;5.48;0.34;323.56;16.46;1310;37;4907.00;200
12803;33;623025412;12803;453;14114;14309;5.36;0.33;323.60;16.47;1311;37;4908.00;195
12806;33;623025426;12806;457;14117;14309;5.28;0.32;323.63;16.47;1311;37;4909.00;192
12809;33;623025440;12809;466;14118;14309;5.20;0.32;323.62;16.47;1309;37;4910.00;191
12813;33;623025454;12813;464;14125;14313;5.14;0.31;323.58;16.48;1312;37;4911.00;188
12814;33;623025468;12814;473;14126;14313;5.06;0.31;323.56;16.48;1312;37;4912.00;187
12817;33;623025482;12817;473;14129;14313;4.98;0.31;323.59;16.49;1312;37;4913.00;184
12819;33;623025496;12819;485;14131;14316;4.89;0.30;323.58;16.49;1312;37;4914.00;185
12821;33;623025509;12821;495;14133;14316;4.82;0.30;323.60;16.50;1312;37;4915.00;183
12823;33;623025523;12823;500;14135;14316;4.73;0.29;323.67;16.50;1312;37;4916.00;181
12827;33;623025536;12827;508;14144;14320;4.65;0.29;323.69;16.54;1317;37;4917.00;176
12828;33;623025550;12828;512;14146;14321;4.61;0.28;323.70;16.54;1318;37;4918.00;175
12832;33;623025563;12832;526;14147;14321;4.50;0.28;323.64;16.54;1315;37;4919.00;174
12835;33;623025577;12835;529;14153;14326;4.47;0.27;323.61;16.54;1318;37;4920.00;173
12838;33;623025590;12838;536;14154;14326;4.41;0.27;323.66;16.55;1316;37;4921.00;172
12840;33;623025604;12840;543;14155;14326;4.33;0.27;323.64;16.55;1315;37;4922.00;171
12842;33;623025616;12842;551;14157;14327;4.26;0.26;323.61;16.56;1315;37;4923.00;170
12844;33;623025629;12844;560;14158;14327;4.17;0.26;323.60;16.57;1314;37;4924.00;169
12849;33;623025642;12849;558;14163;14333;4.09;0.25;323.59;16.57;1314;37;4925.00;170
12850;33;623025655;12850;565;14165;14333;3.99;0.24;323.59;16.57;1315;37;4926.00;168
12858;33;623025667;12858;574;14165;14334;3.86;0.24;323.53;16.57;1307;37;4927.00;169
12861;33;623025680;12861;571;14166;14334;3.80;0.23;323.58;16.58;1305;37;4928.00;168
12864;33;623025692;12864;581;14167;14334;3.73;0.23;323.53;16.59;1303;37;4929.00;167
12867;33;623025703;12867;565;14167;14334;3.63;0.22;323.57;16.59;1300;37;4930.00;167
12872;33;623025715;12872;558;14168;14334;3.59;0.22;323.52;16.60;1296;37;4931.00;166
12876;33;623025727;12876;558;14180;14346;3.64;0.22;323.48;16.60;1304;37;4932.00;166
12879;33;623025741;12879;548;14180;14346;3.65;0.22;323.46;16.60;1301;37;4933.00;166
12882;33;623025761;12882;546;14181;14346;3.69;0.23;323.46;16.60;1299;37;4934.00;165
12885;33;623025774;12885;547;14182;14346;3.71;0.23;323.48;16.61;1297;37;4935.00;164
12887;33;623025787;12887;544;14183;14346;3.77;0.23;323.50;16.62;1296;37;4936.00;163
12892;33;623025801;12892;538;14183;14346;3.81;0.23;323.48;16.62;1291;37;4937.00;163
12895;33;623025814;12895;530;14186;14350;3.89;0.24;323.51;16.62;1291;37;4938.00;164
12895;33;623025828;12895;525;14186;14350;3.98;0.24;323.51;16.62;1291;37;4939.00;164
12899;34;623025840;12899;515;14190;14354;4.08;0.25;323.55;16.61;1291;38;4940.00;164
12899;34;623025868;12899;509;14191;14355;4.18;0.26;323.55;16.61;1292;38;4941.00;164
12902;34;623025882;12902;511;14191;14355;4.24;0.26;323.55;16.61;1289;38;4942.00;164
12903;34;623025901;12903;519;14191;14355;4.32;0.26;323.56;16.61;1288;38;4943.00;164
12905;34;623025916;12905;512;14202;14368;4.49;0.27;323.58;16.60;1297;38;4944.00;166
12908;34;623025932;12908;512;14202;14368;4.51;0.28;323.57;16.60;1294;38;4945.00;166
12910;34;623025947;12910;505;14202;14368;4.53;0.28;323.54;16.60;1292;38;4946.00;166
12912;34;623025970;12912;511;14203;14369;4.56;0.28;323.56;16.60;1291;38;4947.00;166
12916;34;623025984;12916;513;14203;14370;4.57;0.28;323.56;16.60;1287;38;4948.00;167
12917;34;623025997;12917;516;14203;14370;4.57;0.28;323.57;16.60;1286;38;4949.00;167
12920;34;623026012;12920;515;14209;14379;4.63;0.28;323.55;16.59;1289;38;4950.00;170
12923;34;623026027;12923;503;14210;14379;4.65;0.28;323.58;16.59;1287;38;4951.00;169
12926;34;623026040;12926;504;14211;14379;4.63;0.28;323.58;16.59;1285;38;4952.00;168
12930;34;623026054;12930;502;14212;14379;4.58;0.28;323.63;16.59;1282;38;4953.00;167
12931;34;623026068;12931;505;14217;14385;4.65;0.28;323.64;16.58;1286;38;4954.00;168
12934;34;623026082;12934;502;14217;14385;4.66;0.28;323.64;16.58;1283;38;4955.00;168
12936;34;623026095;12936;497;14217;14385;4.69;0.29;323.65;16.58;1281;38;4956.00;168
12940;34;623026109;12940;500;14217;14385;4.74;0.29;323.62;16.58;1277;38;4957.00;168
12943;34;623026126;12943;503;14220;14389;4.78;0.29;323.61;16.58;1277;38;4958.00;169
12946;34;623026150;12946;503;14221;14390;4.81;0.30;323.61;16.58;1275;38;4959.00;169
12949;34;623026176;12949;492;14221;14390;4.85;0.30;323.62;16.58;1272;38;4960.00;169
12952;34;623026198;12952;496;14222;14391;4.86;0.30;323.62;16.58;1270;38;4961.00;169
12956;34;623026220;12956;497;14222;14391;4.78;0.29;323.72;16.58;1266;38;4962.00;169
12958;34;623026241;12958;502;14222;14391;4.77;0.29;323.78;16.58;1264;38;4963.00;169
12962;34;623026260;12962;491;14222;14391;4.74;0.29;323.76;16.58;1260;38;4964.00;169
12967;34;623026275;12967;500;14222;14391;4.69;0.29;323.74;16.58;1255;38;4965.00;169
12974;34;623026291;12974;504;14222;14391;4.63;0.28;323.81;16.58;1248;38;4966.00;169
12980;34;623026306;12980;505;14222;14391;4.60;0.28;323.87;16.58;1242;38;4967.00;169
12982;34;623026321;12982;517;14264;14461;4.65;0.28;323.85;16.53;1282;38;4968.00;197
12986;34;623026343;12986;510;14265;14462;4.63;0.28;323.92;16.53;1279;38;4969.00;197
12989;34;623026358;12989;506;14270;14462;4.67;0.28;323.88;16.52;1281;38;4970.00;192
12996;34;623026374;12996;502;14270;14462;4.65;0.28;323.92;16.52;1274;38;4971.00;192
12999;34;623026389;12999;501;14273;14462;4.67;0.28;323.96;16.52;1274;38;4972.00;189
13001;34;623026404;13001;495;14273;14462;4.66;0.28;323.99;16.52;1272;38;4973.00;189
13005;34;623026418;13005;501;14277;14462;4.70;0.28;324.05;16.52;1272;38;4974.00;185
13007;34;623026434;13007;495;14278;14462;4.72;0.29;324.03;16.51;1271;38;4975.00;184
13009;34;623026448;13009;488;14280;14463;4.77;0.29;324.06;16.51;1271;38;4976.00;183
13011;34;623026462;13011;477;14283;14464;4.81;0.29;324.08;16.51;1272;38;4977.00;181
13015;34;623026478;13015;474;14286;14464;4.77;0.29;324.10;16.51;1271;38;4978.00;178
13016;34;623026494;13016;470;14292;14468;4.76;0.29;324.11;16.51;1276;38;4979.00;176
13018;34;623026511;13018;461;14293;14468;4.80;0.29;324.11;16.50;1275;38;4980.00;175
13018;34;623026526;13018;455;14293;14468;4.86;0.29;324.11;16.50;1275;38;4981.00;175
13020;34;623026541;13020;461;14293;14468;4.92;0.30;324.15;16.50;1273;38;4982.00;175
13021;34;623026556;13021;453;14298;14474;5.03;0.31;324.14;16.50;1277;38;4983.00;176
13023;34;623026573;13023;454;14298;14474;5.06;0.31;324.21;16.50;1275;38;4984.00;176
13024;34;623026588;13024;452;14298;14474;5.09;0.31;324.19;16.50;1274;38;4985.00;176
13025;34;623026605;13025;439;14300;14477;5.16;0.31;324.23;16.50;1275;38;4986.00;177
13025;34;623026620;13025;433;14300;14477;5.20;0.32;324.23;16.50;1275;38;4987.00;177
13026;34;623026636;13026;427;14301;14477;5.25;0.32;324.25;16.50;1275;38;4988.00;176
13029;34;623026651;13029;421;14301;14478;5.23;0.32;324.33;16.50;1272;38;4989.00;177
13029;34;623026668;13029;421;14303;14479;5.28;0.32;324.33;16.64;1274;38;4990.00;176
13030;34;623026686;13030;423;14303;14479;5.34;0.32;324.30;16.64;1273;38;4991.00;176
13032;34;623026702;13032;418;14314;14492;5.42;0.33;324.33;16.63;1282;38;4992.00;178
13034;34;623026720;13034;413;14314;14492;5.44;0.33;324.37;16.63;1280;38;4993.00;178
13038;34;623026737;13038;407;14314;14492;5.52;0.33;324.42;16.63;1276;38;4994.00;178
13040;34;623026753;13040;403;14316;14494;5.57;0.34;324.50;16.63;1276;38;4995.00;178
13041;34;623026770;13041;396;14316;14494;5.64;0.34;324.55;16.63;1275;38;4996.00;178
13043;34;623026786;13043;389;14320;14498;5.74;0.35;324.60;16.62;1277;38;4997.00;178
13044;34;623026803;13044;386;14320;14498;5.81;0.35;324.58;16.62;1276;38;4998.00;178
13047;34;623026818;13047;379;14323;14502;5.85;0.35;324.70;16.62;1276;38;4999.00;179
13049;34;623026836;13049;377;14323;14502;5.89;0.36;324.76;16.62;1274;38;5000.00;179
13050;34;623026859;13050;378;14323;14502;5.95;0.36;324.82;16.62;1273;38;5001.00;179
13052;34;623026888;13052;379;14323;14502;5.98;0.36;324.95;16.62;1271;38;5002.00;179
13057;34;623026929;13057;382;14323;14502;6.00;0.36;325.04;16.62;1266;38;5003.00;179
13061;34;623026962;13061;376;14332;14514;6.08;0.37;325.06;16.61;1271;38;5004.00;182
13062;34;623026985;13062;363;14332;14514;6.11;0.37;325.08;16.61;1270;38;5005.00;182
13067;34;623027005;13067;359;14334;14514;6.16;0.37;325.18;16.61;1267;38;5006.00;180
13070;34;623027026;13070;355;14334;14514;6.15;0.37;325.21;16.61;1264;38;5007.00;180
13073;34;623027047;13073;354;14334;14514;6.12;0.37;325.26;16.61;1261;38;5008.00;180
13074;34;623027067;13074;349;14334;14514;6.10;0.37;325.26;16.61;1260;38;5009.00;180
13079;34;623027094;13079;352;14334;14515;6.11;0.37;325.38;16.61;1255;38;5010.00;181
13083;34;623027116;13083;358;14334;14515;6.09;0.37;325.41;16.61;1251;38;5011.00;181
13085;34;623027139;13085;362;14339;14521;6.05;0.37;325.40;16.60;1254;38;5012.00;182
13091;34;623027160;13091;362;14340;14522;6.01;0.36;325.44;16.60;1249;38;5013.00;182
13095;34;623027179;13095;357;14340;14522;5.99;0.36;325.44;16.60;1245;38;5014.00;182
13097;34;623027201;13097;354;14340;14522;5.98;0.36;325.41;16.60;1243;38;5015.00;182
13099;34;623027218;13099;357;14344;14526;5.96;0.36;325.50;16.74;1245;38;5016.00;182
13104;34;623027236;13104;351;14344;14526;5.93;0.36;325.57;16.74;1240;38;5017.00;182
13104;34;623027253;13104;351;14344;14526;5.94;0.36;325.57;16.74;1240;38;5018.00;182
13105;34;623027270;13105;350;14345;14527;5.97;0.36;325.63;16.74;1240;38;5019.00;182
13107;34;623027286;13107;354;14348;14531;5.97;0.36;325.75;16.74;1241;38;5020.00;183
13107;34;623027303;13107;348;14348;14531;5.94;0.36;325.75;16.74;1241;38;5021.00;183
13110;34;623027319;13110;344;14350;14534;5.91;0.36;325.82;16.74;1240;38;5022.00;184
13112;34;623027336;13112;342;14350;14534;5.85;0.35;325.87;16.74;1238;38;5023.00;184
13113;34;623027352;13113;342;14351;14534;5.81;0.35;325.93;16.74;1238;38;5024.00;183
13115;34;623027370;13115;342;14351;14534;5.79;0.35;325.98;16.74;1236;38;5025.00;183
13117;34;623027388;13117;343;14355;14538;5.84;0.35;325.98;16.73;1238;38;5026.00;183
13120;34;623027406;13120;341;14355;14538;5.83;0.35;325.97;16.73;1235;38;5027.00;183
13122;34;623027425;13122;339;14355;14538;5.83;0.35;326.00;16.73;1233;38;5028.00;183
13126;34;623027441;13126;331;14355;14538;5.80;0.35;326.07;16.73;1229;38;5029.00;183
13128;34;623027457;13128;321;14355;14539;5.82;0.35;326.09;16.73;1227;38;5030.00;184
13130;34;623027475;13130;315;14356;14540;5.80;0.35;326.15;16.73;1226;38;5031.00;184
13133;34;623027491;13133;303;14357;14540;5.75;0.35;326.18;16.88;1224;38;5032.00;183
13141;34;623027507;13141;304;14358;14541;5.70;0.35;326.24;16.88;1217;38;5033.00;183
13145;34;623027524;13145;301;14359;14541;5.71;0.35;326.22;16.89;1214;38;5034.00;182
13150;34;623027541;13150;299;14359;14541;5.73;0.35;326.34;16.89;1209;38;5035.00;182
13153;34;623027557;13153;292;14360;14541;5.75;0.35;326.33;16.91;1207;38;5036.00;181
13158;34;623027573;13158;288;14360;14541;5.76;0.35;326.35;16.91;1202;38;5037.00;181
13160;34;623027590;13160;285;14360;14541;5.78;0.35;326.41;16.91;1200;38;5038.00;181
13167;34;623027607;13167;289;14360;14541;5.75;0.35;326.59;16.91;1193;38;5039.00;181
13170;34;623027625;13170;321;14461;14771;5.96;0.37;326.66;16.79;1291;38;5040.00;310
13176;34;623027661;13176;321;14464;14772;5.94;0.37;326.79;16.78;1288;38;5041.00;308
13178;34;623027678;13178;312;14474;14772;6.01;0.37;326.81;16.77;1296;38;5042.00;298
13181;34;623027695;13181;312;14480;14772;6.02;0.38;326.84;16.77;1299;38;5043.00;292
13185;34;623027710;13185;316;14488;14772;6.02;0.37;326.89;16.76;1303;38;5044.00;284
13190;34;623027727;13190;322;14495;14772;5.99;0.37;326.93;16.76;1305;38;5045.00;277
13192;34;623027742;13192;320;14500;14772;6.03;0.37;327.00;16.75;1308;38;5046.00;272
13196;34;623027759;13196;325;14507;14772;6.04;0.37;327.06;16.75;1311;38;5047.00;265
13203;34;623027782;13203;333;14516;14773;6.01;0.37;327.30;16.74;1313;38;5048.00;257
13204;34;623027807;13204;332;14520;14774;5.99;0.37;327.35;16.74;1316;38;5049.00;254
13208;34;623027823;13208;336;14524;14774;5.93;0.37;327.37;16.74;1316;38;5050.00;250
13210;34;623027840;13210;339;14526;14775;5.87;0.36;327.41;16.74;1316;38;5051.00;249
13210;34;623027857;13210;346;14530;14775;5.82;0.36;327.41;16.74;1320;38;5052.00;245
13215;34;623027873;13215;361;14536;14775;5.76;0.36;327.40;16.73;1321;38;5053.00;239
13217;34;623027896;13217;364;14538;14775;5.63;0.35;327.40;16.73;1321;38;5054.00;237
13224;34;623027914;13224;378;14544;14779;5.52;0.34;327.45;16.73;1320;38;5055.00;235
13225;34;623027930;13225;374;14546;14779;5.47;0.34;327.49;16.73;1321;38;5056.00;233
13227;34;623027947;13227;395;14548;14779;5.39;0.33;327.47;16.73;1321;38;5057.00;231
13230;34;623027965;13230;395;14550;14782;5.33;0.33;327.51;16.73;1320;38;5058.00;232
13231;34;623027981;13231;404;14551;14782;5.30;0.33;327.50;16.73;1320;38;5059.00;231
13234;34;623027997;13234;410;14555;14782;5.26;0.32;327.46;16.75;1321;38;5060.00;227
13237;34;623028013;13237;418;14559;14786;5.27;0.32;327.49;16.75;1322;38;5061.00;227
13238;34;623028030;13238;417;14561;14787;5.28;0.32;327.50;16.75;1323;38;5062.00;226
13241;34;623028047;13241;425;14567;14787;5.26;0.32;327.49;16.77;1326;38;5063.00;220
13242;34;623028062;13242;429;14570;14791;5.22;0.32;327.53;16.77;1328;38;5064.00;221
13246;34;623028078;13246;433;14573;14791;5.18;0.32;327.46;16.77;1327;38;5065.00;218
13249;34;623028095;13249;446;14575;14791;5.14;0.32;327.56;16.79;1326;38;5066.00;216
13251;34;623028111;13251;448;14578;14792;5.09;0.31;327.52;16.81;1327;38;5067.00;214
13255;34;623028128;13255;456;14582;14792;4.99;0.31;327.47;16.83;1327;38;5068.00;210
13257;34;623028147;13257;463;14588;14798;4.97;0.31;327.49;16.83;1331;38;5069.00;210
13261;34;623028176;13261;474;14590;14798;4.90;0.30;327.49;16.84;1329;38;5070.00;208
13264;34;623028200;13264;487;14594;14799;4.79;0.29;327.47;16.84;1330;38;5071.00;205
13266;34;623028223;13266;489;14595;14799;4.71;0.29;327.47;16.84;1329;38;5072.00;204
13269;34;623028245;13269;506;14598;14799;4.63;0.28;327.52;16.86;1329;38;5073.00;201
13270;34;623028266;13270;512;14598;14799;4.54;0.28;327.53;16.86;1328;38;5074.00;201
13272;34;623028291;13272;522;14601;14799;4.48;0.28;327.57;16.86;1329;38;5075.00;198
13275;34;623028309;13275;539;14612;14811;4.41;0.27;327.58;16.86;1337;38;5076.00;199
13276;34;623028329;13276;542;14613;14811;4.34;0.27;327.56;16.86;1337;38;5077.00;198
13277;34;623028347;13277;551;14616;14811;4.28;0.26;327.60;16.87;1339;38;5078.00;195
13279;34;623028363;13279;549;14617;14811;4.20;0.26;327.58;16.87;1338;38;5079.00;194
13280;34;623028380;13280;559;14617;14811;4.15;0.25;327.62;16.87;1337;38;5080.00;194
13282;34;623028405;13282;562;14618;14811;4.12;0.25;327.60;16.89;1336;38;5081.00;193
13283;34;623028420;13283;567;14621;14815;4.09;0.25;327.58;16.88;1338;38;5082.00;194
13283;34;623028438;13283;560;14621;14815;4.11;0.25;327.58;16.88;1338;38;5083.00;194
13285;34;623028454;13285;552;14626;14819;4.14;0.25;327.57;16.89;1341;38;5084.00;193
13286;34;623028483;13286;543;14627;14821;4.12;0.25;327.55;16.89;1341;38;5085.00;194
13288;34;623028501;13288;535;14627;14821;4.09;0.25;327.52;16.89;1339;38;5086.00;194
13290;34;623028517;13290;531;14632;14821;4.07;0.25;327.48;16.95;1342;38;5087.00;189
13290;34;623028537;13290;532;14643;14834;4.15;0.25;327.48;16.94;1353;38;5088.00;191
13291;34;623028554;13291;529;14644;14834;4.12;0.25;327.47;16.95;1353;38;5089.00;190
13293;34;623028581;13293;531;14644;14834;4.14;0.25;327.44;16.95;1351;38;5090.00;190
13293;34;623028600;13293;544;14647;14835;4.17;0.25;327.44;16.97;1354;38;5091.00;188
13296;35;623028617;13296;541;14647;14836;4.18;0.26;327.42;16.97;1351;39;5092.00;189
13297;35;623028646;13297;546;14649;14836;4.19;0.26;327.43;16.99;1352;39;5093.00;187
13299;35;623028663;13299;535;14652;14839;4.22;0.26;327.43;16.98;1353;39;5094.00;187
13303;35;623028687;13303;538;14653;14839;4.22;0.26;327.42;16.98;1350;39;5095.00;186
13303;35;623028706;13303;535;14655;14839;4.26;0.26;327.42;17.00;1352;39;5096.00;184
13305;35;623028723;13305;540;14655;14839;4.25;0.26;327.41;17.00;1350;39;5097.00;184
13308;35;623028740;13308;541;14660;14845;4.26;0.26;327.44;17.00;1352;39;5098.00;185
13309;35;623028759;13309;544;14662;14845;4.25;0.26;327.50;17.02;1353;39;5099.00;183
13311;35;623028778;13311;537;14666;14864;4.22;0.26;327.52;17.01;1355;39;5100.00;198
13312;35;623028804;13312;542;14668;14864;4.25;0.26;327.52;17.03;1356;39;5101.00;196
13314;35;623028822;13314;543;14669;14868;4.21;0.26;327.53;17.03;1355;39;5102.00;199
13316;35;623028843;13316;537;14670;14869;4.23;0.26;327.54;17.03;1354;39;5103.00;199
13319;35;623028861;13319;533;14672;14869;4.21;0.26;327.54;17.04;1353;39;5104.00;197
13322;35;623028879;13322;538;14675;14870;4.20;0.26;327.62;17.04;1353;39;5105.00;195
13325;35;623028897;13325;536;14676;14870;4.22;0.26;327.66;17.04;1351;39;5106.00;194
13329;35;623028915;13329;525;14678;14870;4.25;0.26;327.73;17.05;1349;39;5107.00;192
13330;35;623028934;13330;523;14678;14870;4.30;0.26;327.76;17.05;1348;39;5108.00;192
13336;35;623028950;13336;518;14678;14870;4.30;0.26;327.82;17.05;1342;39;5109.00;192
13337;35;623028969;13337;524;14679;14870;4.34;0.27;327.82;17.05;1342;39;5110.00;191
13341;35;623028986;13341;516;14680;14870;4.33;0.27;327.87;17.05;1339;39;5111.00;190
13344;35;623029003;13344;522;14712;14940;4.44;0.27;327.85;17.02;1368;39;5112.00;228
13348;35;623029026;13348;504;14715;14941;4.48;0.28;327.91;17.01;1367;39;5113.00;226
13350;35;623029044;13350;505;14721;14941;4.52;0.28;327.91;17.01;1371;39;5114.00;220
13355;35;623029062;13355;488;14721;14941;4.53;0.28;327.92;17.01;1366;39;5115.00;220
13357;35;623029090;13357;478;14728;14941;4.61;0.28;327.94;17.00;1371;39;5116.00;213
13362;35;623029117;13362;475;14730;14941;4.69;0.29;327.94;17.00;1368;39;5117.00;211
13364;35;623029138;13364;482;14734;14941;4.80;0.29;327.93;17.00;1370;39;5118.00;207
13368;35;623029160;13368;480;14736;14941;4.85;0.30;327.94;17.00;1368;39;5119.00;205
13372;35;623029182;13372;480;14740;14942;4.92;0.30;327.99;16.99;1368;39;5120.00;202
13376;35;623029204;13376;477;14743;14943;4.93;0.30;328.03;16.99;1367;39;5121.00;200
13381;35;623029222;13381;487;14747;14943;4.94;0.30;328.03;16.99;1366;39;5122.00;196
13387;35;623029240;13387;483;14748;14947;4.90;0.30;328.02;16.99;1361;39;5123.00;199
13393;35;623029259;13393;487;14748;14947;4.88;0.30;328.09;16.99;1355;39;5124.00;199
13397;35;623029285;13397;489;14748;14947;4.85;0.29;328.20;16.99;1351;39;5125.00;199
13401;35;623029301;13401;489;14748;14947;4.83;0.29;328.26;16.99;1347;39;5126.00;199
13404;35;623029320;13404;501;14753;14953;4.82;0.29;328.34;16.98;1349;39;5127.00;200
13409;35;623029338;13409;501;14754;14953;4.82;0.29;328.36;16.99;1345;39;5128.00;199
13412;35;623029355;13412;498;14754;14953;4.82;0.29;328.41;16.99;1342;39;5129.00;199
13415;35;623029374;13415;497;14758;14959;4.79;0.29;328.45;17.14;1343;39;5130.00;201
13417;35;623029403;13417;498;14760;14959;4.78;0.29;328.46;17.14;1343;39;5131.00;199
13419;35;623029420;13419;500;14764;14959;4.79;0.29;328.50;17.14;1345;39;5132.00;195
13423;35;623029436;13423;502;14765;14960;4.77;0.29;328.54;17.14;1342;39;5133.00;195
13425;35;623029453;13425;503;14767;14961;4.76;0.29;328.52;17.14;1342;39;5134.00;194
13426;35;623029472;13426;503;14769;14961;4.72;0.29;328.52;17.14;1343;39;5135.00;192
13430;35;623029490;13430;508;14781;14974;4.69;0.29;328.57;17.12;1351;39;5136.00;193
13432;35;623029509;13432;502;14781;14974;4.68;0.28;328.55;17.12;1349;39;5137.00;193
13435;35;623029532;13435;503;14784;14974;4.66;0.28;328.66;17.13;1349;39;5138.00;190
13439;35;623029549;13439;502;14785;14975;4.64;0.28;328.68;17.12;1346;39;5139.00;190
13441;35;623029567;13441;503;14786;14975;4.64;0.28;328.67;17.12;1345;39;5140.00;189
13443;35;623029588;13443;504;14791;14979;4.68;0.28;328.73;17.12;1348;39;5141.00;188
13447;35;623029605;13447;511;14791;14979;4.67;0.28;328.74;17.12;1344;39;5142.00;188
13449;35;623029622;13449;503;14792;14983;4.66;0.28;328.79;17.12;1343;39;5143.00;191
13453;35;623029640;13453;506;14793;14983;4.62;0.28;328.81;17.12;1340;39;5144.00;190
13455;35;623029665;13455;515;14793;14983;4.63;0.28;328.85;17.12;1338;39;5145.00;190
13456;35;623029690;13456;524;14794;14983;4.65;0.28;328.85;17.12;1338;39;5146.00;189
13460;35;623029707;13460;525;14794;14983;4.65;0.28;328.95;17.12;1334;39;5147.00;189
13463;35;623029724;13463;516;14801;14995;4.69;0.28;328.96;17.11;1338;39;5148.00;194
13466;35;623029743;13466;523;14803;14995;4.75;0.29;329.04;17.11;1337;39;5149.00;192
13468;35;623029761;13468;522;14804;14995;4.81;0.29;329.08;17.10;1336;39;5150.00;191
13470;35;623029778;13470;520;14805;14995;4.83;0.29;329.21;17.10;1335;39;5151.00;190
13472;35;623029797;13472;513;14805;14995;4.90;0.30;329.24;17.10;1333;39;5152.00;190
13475;35;623029815;13475;507;14805;14995;4.88;0.30;329.38;17.10;1330;39;5153.00;190
13477;35;623029834;13477;512;14805;14996;4.90;0.30;329.42;17.10;1328;39;5154.00;191
13481;35;623029856;13481;510;14807;14998;4.89;0.30;329.50;17.10;1326;39;5155.00;191
13483;35;623029883;13483;495;14812;15004;4.93;0.30;329.51;17.10;1329;39;5156.00;192
13485;35;623029901;13485;487;14813;15005;4.93;0.30;329.57;17.09;1328;39;5157.00;192
13486;35;623029926;13486;480;14813;15005;4.95;0.30;329.61;17.09;1327;39;5158.00;192
13491;35;623029944;13491;485;14813;15005;4.97;0.30;329.63;17.09;1322;39;5159.00;192
13492;35;623029965;13492;486;14817;15010;4.99;0.30;329.63;17.09;1325;39;5160.00;193
13493;35;623029985;13493;482;14817;15010;5.01;0.30;329.69;17.09;1324;39;5161.00;193
13496;35;623030011;13496;480;14817;15010;5.05;0.31;329.66;17.09;1321;39;5162.00;193
13498;35;623030029;13498;475;14818;15011;5.10;0.31;329.75;17.09;1320;39;5163.00;193
13498;35;623030045;13498;473;14821;15015;5.10;0.31;329.75;17.09;1323;39;5164.00;194
13500;35;623030062;13500;473;14821;15015;5.10;0.31;329.80;17.09;1321;39;5165.00;194
13503;35;623030080;13503;475;14823;15018;5.13;0.31;329.85;17.08;1320;39;5166.00;195
13504;35;623030100;13504;479;14823;15018;5.14;0.31;329.86;17.08;1319;39;5167.00;195
13506;35;623030118;13506;481;14824;15018;5.17;0.32;329.97;17.08;1318;39;5168.00;194
13506;35;623030135;13506;486;14824;15018;5.20;0.32;329.97;17.08;1318;39;5169.00;194
13509;35;623030163;13509;485;14828;15022;5.26;0.32;330.04;17.08;1319;39;5170.00;194
13510;35;623030200;13510;478;14828;15022;5.34;0.33;330.02;17.08;1318;39;5171.00;194
13513;35;623030226;13513;475;14828;15022;5.35;0.33;330.04;17.08;1315;39;5172.00;194
13514;35;623030251;13514;479;14828;15022;5.34;0.33;330.05;17.08;1314;39;5173.00;194
13520;35;623030274;13520;483;14828;15023;5.34;0.32;330.08;17.08;1308;39;5174.00;195
13522;35;623030295;13522;482;14830;15025;5.36;0.33;330.16;17.08;1308;39;5175.00;195
13528;35;623030316;13528;479;14830;15025;5.32;0.32;330.25;17.08;1302;39;5176.00;195
13533;35;623030337;13533;473;14831;15026;5.34;0.32;330.32;17.07;1298;39;5177.00;195
13535;35;623030357;13535;468;14831;15026;5.37;0.33;330.30;17.07;1296;39;5178.00;195
13538;35;623030378;13538;465;14831;15026;5.40;0.33;330.38;17.07;1293;39;5179.00;195
13540;35;623030397;13540;462;14831;15026;5.42;0.33;330.37;17.07;1291;39;5180.00;195
13543;35;623030417;13543;458;14831;15026;5.44;0.33;330.45;17.07;1288;39;5181.00;195
13544;35;623030435;13544;449;14831;15026;5.48;0.33;330.51;17.07;1287;39;5182.00;195
13545;35;623030454;13545;444;14831;15026;5.51;0.33;330.52;17.07;1286;39;5183.00;195
13549;35;623030474;13549;471;14906;15153;5.55;0.34;330.58;16.99;1357;39;5184.00;247
13553;35;623030505;13553;456;14907;15154;5.53;0.34;330.56;16.99;1354;39;5185.00;247
13557;35;623030526;13557;451;14911;15154;5.54;0.34;330.61;16.98;1354;39;5186.00;243
13559;35;623030547;13559;454;14911;15154;5.50;0.34;330.64;16.98;1352;39;5187.00;243
13560;35;623030567;13560;458;14917;15154;5.52;0.34;330.68;16.98;1357;39;5188.00;237
13562;35;623030588;13562;463;14917;15154;5.51;0.34;330.68;16.98;1355;39;5189.00;237
13566;35;623030612;13566;462;14920;15154;5.54;0.34;330.79;16.98;1354;39;5190.00;234
13569;35;623030632;13569;465;14923;15154;5.57;0.34;330.91;16.97;1354;39;5191.00;231
13572;35;623030652;13572;466;14926;15155;5.55;0.34;330.91;16.97;1354;39;5192.00;229
13573;35;623030672;13573;466;14930;15156;5.54;0.34;330.97;16.97;1357;39;5193.00;226
13575;35;623030692;13575;464;14933;15156;5.56;0.34;331.04;16.97;1358;39;5194.00;223
13577;35;623030710;13577;469;14935;15157;5.53;0.34;331.02;16.97;1358;39;5195.00;222
13580;35;623030731;13580;464;14939;15157;5.45;0.33;331.05;16.97;1359;39;5196.00;218
13584;35;623030750;13584;475;14941;15157;5.41;0.33;331.12;16.97;1357;39;5197.00;216
13585;35;623030770;13585;469;14943;15157;5.39;0.33;331.16;16.97;1358;39;5198.00;214
13588;35;623030789;13588;462;14946;15161;5.32;0.33;331.17;16.96;1358;39;5199.00;215
13590;35;623030809;13590;471;14946;15161;5.27;0.32;331.21;16.96;1356;39;5200.00;215
13593;35;623030835;13593;475;14948;15161;5.23;0.32;331.19;16.96;1355;39;5201.00;213
13595;35;623030857;13595;466;14949;15164;5.22;0.32;331.24;16.96;1354;39;5202.00;215
13598;35;623030878;13598;461;14951;15164;5.18;0.32;331.28;16.96;1353;39;5203.00;213
13600;35;623030900;13600;464;14951;15164;5.19;0.32;331.25;16.96;1351;39;5204.00;213
13603;35;623030923;13603;460;14959;15168;5.16;0.32;331.24;16.98;1356;39;5205.00;209
13605;35;623030946;13605;449;14961;15169;5.18;0.32;331.22;16.98;1356;39;5206.00;208
13607;35;623030967;13607;438;14962;15169;5.18;0.32;331.22;16.98;1355;39;5207.00;207
13610;35;623030987;13610;437;14964;15173;5.17;0.32;331.23;16.98;1354;39;5208.00;209
13615;35;623031008;13615;440;14965;15173;5.10;0.31;331.23;16.98;1350;39;5209.00;208
13617;35;623031048;13617;437;14965;15173;5.09;0.31;331.23;16.98;1348;39;5210.00;208
13620;35;623031067;13620;447;14966;15174;5.05;0.31;331.23;16.98;1346;39;5211.00;208
13625;35;623031085;13625;448;14967;15174;5.01;0.31;331.23;17.13;1342;39;5212.00;207
13627;35;623031109;13627;451;14972;15180;5.04;0.31;331.21;17.13;1345;39;5213.00;208
13630;35;623031129;13630;454;14972;15180;4.99;0.31;331.22;17.13;1342;39;5214.00;208
13636;35;623031148;13636;468;14972;15180;4.95;0.30;331.27;17.13;1336;39;5215.00;208
13638;35;623031168;13638;472;14973;15181;4.91;0.30;331.28;17.13;1335;39;5216.00;208
13642;35;623031187;13642;482;14973;15181;4.87;0.30;331.27;17.13;1331;39;5217.00;208
13644;35;623031207;13644;486;14973;15181;4.80;0.29;331.33;17.13;1329;39;5218.00;208
13647;35;623031225;13647;486;14973;15181;4.74;0.29;331.32;17.13;1326;39;5219.00;208
13649;35;623031243;13649;491;14994;15217;4.78;0.29;331.28;17.10;1345;39;5220.00;223
13653;35;623031264;13653;490;14998;15217;4.73;0.29;331.23;17.10;1345;39;5221.00;219
13654;35;623031281;13654;495;15000;15217;4.74;0.29;331.22;17.10;1346;39;5222.00;217
13658;35;623031297;13658;499;15002;15217;4.69;0.29;331.22;17.10;1344;39;5223.00;215
13660;35;623031313;13660;504;15003;15217;4.65;0.28;331.21;17.10;1343;39;5224.00;214
13663;35;623031329;13663;516;15004;15217;4.58;0.28;331.29;17.10;1341;39;5225.00;213
13664;35;623031345;13664;521;15006;15221;4.59;0.28;331.34;17.09;1342;39;5226.00;215
13666;35;623031361;13666;527;15008;15221;4.59;0.28;331.30;17.09;1342;39;5227.00;213
13670;35;623031378;13670;536;15012;15225;4.58;0.28;331.39;17.09;1342;39;5228.00;213
13670;35;623031395;13670;546;15013;15226;4.58;0.28;331.39;17.09;1343;39;5229.00;213
13674;35;623031410;13674;554;15015;15226;4.51;0.28;331.40;17.11;1341;39;5230.00;211
13677;35;623031425;13677;556;15015;15226;4.46;0.27;331.40;17.11;1338;39;5231.00;211
13679;35;623031442;13679;562;15026;15239;4.39;0.27;331.36;17.10;1347;39;5232.00;213
13681;35;623031460;13681;569;15028;15239;4.33;0.26;331.35;17.12;1347;39;5233.00;211
13683;35;623031475;13683;576;15028;15239;4.25;0.26;331.36;17.12;1345;39;5234.00;211
13685;35;623031490;13685;576;15029;15240;4.24;0.26;331.35;17.12;1344;39;5235.00;211
13687;35;623031506;13687;571;15031;15241;4.20;0.26;331.32;17.15;1344;39;5236.00;210
13688;35;623031523;13688;560;15032;15241;4.19;0.26;331.32;17.16;1344;39;5237.00;209
13689;35;623031539;13689;564;15034;15244;4.20;0.26;331.35;17.16;1345;39;5238.00;210
13691;35;623031555;13691;564;15035;15244;4.19;0.26;331.35;17.17;1344;39;5239.00;209
13692;35;623031571;13692;558;15037;15244;4.21;0.26;331.36;17.18;1345;39;5240.00;207
13695;35;623031588;13695;554;15038;15244;4.17;0.25;331.34;17.19;1343;39;5241.00;206
13695;35;623031615;13695;551;15043;15250;4.20;0.26;331.34;17.19;1348;39;5242.00;207
13696;35;623031631;13696;556;15045;15250;4.17;0.26;331.32;17.21;1349;39;5243.00;205
13697;35;623031647;13697;560;15046;15250;4.11;0.25;331.34;17.23;1349;39;5244.00;204
13697;35;623031663;13697;571;15048;15250;4.10;0.25;331.34;17.25;1351;39;5245.00;202
13697;35;623031680;13697;563;15051;15254;4.05;0.25;331.34;17.27;1354;39;5246.00;203
13700;35;623031695;13700;570;15052;15255;4.00;0.24;331.34;17.27;1352;39;5247.00;203
13702;35;623031712;13702;566;15054;15255;3.95;0.24;331.38;17.29;1352;39;5248.00;201
13703;35;623031727;13703;564;15055;15256;3.92;0.24;331.37;17.29;1352;39;5249.00;201
13706;35;623031747;13706;569;15056;15256;3.86;0.24;331.41;17.30;1350;39;5250.00;200
13708;35;623031764;13708;564;15057;15256;3.80;0.23;331.38;17.31;1349;39;5251.00;199
13710;35;623031781;13710;559;15057;15256;3.79;0.23;331.37;17.31;1347;39;5252.00;199
13711;35;623031797;13711;555;15059;15256;3.81;0.23;331.38;17.33;1348;39;5253.00;197
13712;35;623031812;13712;550;15059;15256;3.82;0.23;331.39;17.33;1347;39;5254.00;197
13712;35;623031828;13712;545;15059;15256;3.86;0.23;331.39;17.33;1347;39;5255.00;197
13713;35;623031851;13713;549;15091;15326;4.09;0.25;331.43;17.29;1378;39;5256.00;235
13714;35;623031872;13714;547;15096;15327;4.09;0.25;331.43;17.30;1382;39;5257.00;231
13716;35;623031889;13716;541;15104;15327;4.08;0.25;331.44;17.30;1388;39;5258.00;223
13717;35;623031905;13717;544;15112;15327;4.07;0.25;331.43;17.33;1395;39;5259.00;215
13721;35;623031920;13721;553;15115;15327;4.05;0.25;331.50;17.32;1394;39;5260.00;212
13722;35;623031938;13722;557;15116;15327;4.01;0.24;331.48;17.32;1394;39;5261.00;211
13726;35;623031954;13726;562;15123;15327;4.03;0.25;331.59;17.34;1397;39;5262.00;204
13727;35;623031972;13727;565;15124;15327;4.01;0.24;331.59;17.34;1397;39;5263.00;203
13732;35;623031988;13732;567;15127;15328;3.96;0.24;331.65;17.34;1395;39;5264.00;201
13737;35;623032005;13737;564;15133;15330;3.91;0.24;331.67;17.35;1396;39;5265.00;197
13739;35;623032023;13739;569;15136;15330;3.88;0.24;331.68;17.35;1397;39;5266.00;194
13742;35;623032042;13742;582;15139;15334;3.87;0.24;331.67;17.35;1397;39;5267.00;195
13746;35;623032059;13746;591;15141;15334;3.85;0.24;331.64;17.36;1395;39;5268.00;193
13748;35;623032075;13748;603;15141;15334;3.88;0.24;331.66;17.36;1393;39;5269.00;193
13751;35;623032092;13751;594;15142;15334;3.87;0.24;331.65;17.36;1391;39;5270.00;192
13754;35;623032109;13754;590;15147;15340;3.91;0.24;331.63;17.36;1393;39;5271.00;193
13757;35;623032130;13757;589;15147;15340;3.91;0.24;331.65;17.36;1390;39;5272.00;193
13761;35;623032152;13761;591;15148;15340;3.90;0.24;331.63;17.36;1387;39;5273.00;192
13763;35;623032177;13763;578;15151;15343;3.96;0.24;331.64;17.37;1388;39;5274.00;192
13769;35;623032202;13769;565;15151;15343;4.01;0.24;331.67;17.37;1382;39;5275.00;192
13772;35;623032226;13772;563;15152;15343;4.04;0.25;331.74;17.38;1380;39;5276.00;191
13773;35;623032250;13773;553;15152;15344;4.08;0.25;331.78;17.38;1379;39;5277.00;192
13777;35;623032276;13777;546;15153;15345;4.14;0.25;331.81;17.38;1376;39;5278.00;192
13781;35;623032296;13781;548;15154;15345;4.20;0.26;331.88;17.38;1373;39;5279.00;191
13787;35;623032320;13787;545;15171;15371;4.28;0.26;331.90;17.36;1384;39;5280.00;200
13790;35;623032345;13790;546;15172;15371;4.29;0.26;331.89;17.35;1382;39;5281.00;199
13792;35;623032368;13792;534;15174;15371;4.35;0.26;331.92;17.35;1382;39;5282.00;197
13795;35;623032387;13795;526;15176;15372;4.41;0.27;331.95;17.35;1381;39;5283.00;196
13798;35;623032407;13798;523;15177;15372;4.45;0.27;332.01;17.51;1379;39;5284.00;195
13800;35;623032428;13800;523;15180;15376;4.54;0.28;332.06;17.51;1380;39;5285.00;196
13803;35;623032448;13803;518;15181;15376;4.60;0.28;332.06;17.50;1378;39;5286.00;195
13807;35;623032469;13807;518;15182;15379;4.62;0.28;332.14;17.50;1375;39;5287.00;197
13811;35;623032489;13811;522;15183;15380;4.63;0.28;332.19;17.50;1372;39;5288.00;197
13816;35;623032508;13816;514;15183;15380;4.62;0.28;332.20;17.50;1367;39;5289.00;197
13818;35;623032528;13818;512;15184;15380;4.62;0.28;332.23;17.50;1366;39;5290.00;196
13824;35;623032548;13824;510;15184;15380;4.62;0.28;332.28;17.50;1360;39;5291.00;196
13827;35;623032572;13827;512;15194;15392;4.68;0.28;332.26;17.49;1367;39;5292.00;198
13829;35;623032593;13829;518;15194;15392;4.64;0.28;332.23;17.49;1365;39;5293.00;198
13833;35;623032614;13833;516;15194;15392;4.60;0.28;332.36;17.49;1361;39;5294.00;198
13836;35;623032633;13836;519;15194;15392;4.61;0.28;332.41;17.49;1358;39;5295.00;198
13840;35;623032652;13840;521;15194;15392;4.60;0.28;332.42;17.49;1354;39;5296.00;198
13848;35;623032680;13848;514;15194;15392;4.58;0.28;332.55;17.49;1346;39;5297.00;198
13851;35;623032702;13851;519;15194;15393;4.58;0.28;332.55;17.49;1343;39;5298.00;199
13854;35;623032723;13854;520;15194;15393;4.61;0.28;332.59;17.49;1340;39;5299.00;199
13857;35;623032748;13857;511;15201;15399;4.70;0.29;332.65;17.49;1344;39;5300.00;198
13858;35;623032774;13858;508;15201;15400;4.74;0.29;332.65;17.49;1343;39;5301.00;199
13863;35;623032797;13863;511;15202;15400;4.74;0.29;332.72;17.49;1339;39;5302.00;198
13866;35;623032818;13866;504;15204;15400;4.75;0.29;332.72;17.49;1338;39;5303.00;196
13869;35;623032837;13869;503;15207;15404;4.79;0.29;332.73;17.49;1338;39;5304.00;197
13873;35;623032862;13873;503;15208;15404;4.73;0.29;332.72;17.64;1335;39;5305.00;196
13877;35;623032883;13877;502;15208;15404;4.72;0.29;332.75;17.64;1331;39;5306.00;196
13879;35;623032903;13879;508;15211;15405;4.73;0.29;332.82;17.64;1332;39;5307.00;194
13882;35;623032927;13882;500;15212;15409;4.75;0.29;332.84;17.64;1330;39;5308.00;197
13885;35;623032950;13885;498;15213;15409;4.80;0.29;332.95;17.65;1328;39;5309.00;196
13889;35;623032974;13889;486;15216;15415;4.84;0.29;332.93;17.64;1327;39;5310.00;199
13889;35;623032997;13889;488;15216;15415;4.89;0.30;332.93;17.64;1327;39;5311.00;199
13895;35;623033018;13895;482;15218;15415;4.87;0.30;333.01;17.64;1323;39;5312.00;197
13898;35;623033037;13898;487;15219;15415;4.83;0.30;333.02;17.64;1321;39;5313.00;196
13899;35;623033058;13899;489;15223;15419;4.83;0.30;333.01;17.64;1324;39;5314.00;196
13902;35;623033080;13902;485;15223;15419;4.83;0.30;333.07;17.64;1321;39;5315.00;196
13909;35;623033100;13909;490;15224;15419;4.80;0.29;333.18;17.64;1315;39;5316.00;195
13911;35;623033128;13911;474;15224;15419;4.79;0.29;333.16;17.64;1313;39;5317.00;195
13918;35;623033148;13918;472;15224;15420;4.74;0.29;333.22;17.64;1306;39;5318.00;196
13921;35;623033169;13921;466;15226;15421;4.76;0.29;333.21;17.64;1305;39;5319.00;195
13925;35;623033199;13925;473;15227;15421;4.72;0.29;333.34;17.63;1302;39;5320.00;194
13930;35;623033218;13930;473;15228;15422;4.71;0.29;333.41;17.63;1298;39;5321.00;194
13933;35;623033236;13933;481;15229;15422;4.69;0.29;333.50;17.79;1296;39;5322.00;193
13935;35;623033257;13935;487;15229;15422;4.65;0.28;333.53;17.79;1294;39;5323.00;193
13939;35;623033281;13939;489;15229;15422;4.62;0.28;333.63;17.79;1290;39;5324.00;193
13942;35;623033298;13942;497;15229;15422;4.60;0.28;333.74;17.79;1287;39;5325.00;193
13946;35;623033325;13946;485;15229;15422;4.63;0.28;333.79;17.79;1283;39;5326.00;193
13952;35;623033342;13952;480;15230;15422;4.60;0.28;333.85;17.79;1278;39;5327.00;192
13955;35;623033357;13955;498;15298;15549;4.72;0.29;333.93;17.71;1343;39;5328.00;251
13958;35;623033380;13958;482;15299;15550;4.70;0.29;333.97;17.86;1341;39;5329.00;251
13959;35;623033402;13959;467;15304;15550;4.76;0.29;334.00;17.85;1345;39;5330.00;246
13963;35;623033417;13963;468;15304;15550;4.78;0.30;334.04;17.85;1341;39;5331.00;246
13964;35;623033432;13964;454;15308;15550;4.87;0.30;334.03;17.85;1344;39;5332.00;242
13967;35;623033447;13967;461;15308;15550;4.82;0.30;334.17;17.85;1341;39;5333.00;242
13969;35;623033469;13969;460;15313;15550;4.87;0.30;334.23;17.85;1344;39;5334.00;237
13971;35;623033485;13971;464;15317;15550;4.92;0.30;334.25;17.84;1346;39;5335.00;233
13975;35;623033500;13975;461;15320;15551;4.97;0.31;334.27;17.99;1345;39;5336.00;231
13977;35;623033516;13977;458;15324;15552;5.02;0.31;334.32;17.99;1347;39;5337.00;228
13981;35;623033532;13981;449;15327;15552;5.06;0.31;334.33;17.99;1346;39;5338.00;225
13983;35;623033547;13983;452;15330;15553;5.04;0.31;334.41;17.99;1347;39;5339.00;223
13987;35;623033564;13987;448;15333;15553;5.00;0.31;334.45;17.99;1346;39;5340.00;220
13989;35;623033579;13989;450;15337;15553;5.07;0.31;334.46;17.98;1348;39;5341.00;216
13991;35;623033595;13991;448;15339;15553;5.14;0.32;334.45;17.98;1348;39;5342.00;214
13992;35;623033610;13992;447;15345;15557;5.19;0.32;334.46;17.98;1353;39;5343.00;212
13995;35;623033626;13995;445;15348;15557;5.22;0.32;334.57;17.98;1353;39;5344.00;209
14001;35;623033647;14001;441;15348;15557;5.22;0.32;334.61;17.98;1347;39;5345.00;209
14006;35;623033663;14006;443;15349;15560;5.17;0.32;334.76;17.98;1343;39;5346.00;211
14008;35;623033679;14008;450;15351;15560;5.17;0.32;334.79;17.98;1343;39;5347.00;209
14012;35;623033700;14012;446;15353;15560;5.21;0.32;334.80;17.98;1341;39;5348.00;207
14014;35;623033715;14014;455;15356;15564;5.27;0.32;334.83;17.97;1342;39;5349.00;208
14016;35;623033731;14016;461;15357;15565;5.31;0.33;334.93;17.97;1341;39;5350.00;208
14018;35;623033747;14018;457;15359;15565;5.30;0.32;334.94;17.97;1341;39;5351.00;206
14019;35;623033762;14019;458;15363;15569;5.33;0.33;334.92;18.12;1344;39;5352.00;206
14022;35;623033779;14022;456;15363;15569;5.32;0.33;334.98;18.12;1341;39;5353.00;206
14025;35;623033794;14025;460;15363;15569;5.35;0.33;334.99;18.12;1338;39;5354.00;206
14026;35;623033809;14026;455;15364;15571;5.37;0.33;335.02;18.11;1338;39;5355.00;207
14033;35;623033824;14033;453;15364;15571;5.35;0.33;335.10;18.11;1331;39;5356.00;207
14038;35;623033841;14038;459;15369;15577;5.33;0.33;335.19;18.11;1331;39;5357.00;208
14039;35;623033856;14039;458;15369;15577;5.30;0.32;335.19;18.11;1330;39;5358.00;208
14041;35;623033871;14041;466;15369;15577;5.24;0.32;335.21;18.11;1328;39;5359.00;208
14045;35;623033886;14045;468;15369;15578;5.17;0.32;335.23;18.11;1324;39;5360.00;209
14046;35;623033902;14046;472;15369;15578;5.15;0.31;335.21;18.11;1323;39;5361.00;209
14047;35;623033916;14047;473;15369;15578;5.13;0.31;335.19;18.11;1322;39;5362.00;209
14049;35;623033933;14049;472;15369;15578;5.14;0.31;335.23;18.11;1320;39;5363.00;209
14050;35;623033948;14050;471;15378;15590;5.19;0.32;335.24;18.10;1328;39;5364.00;212
14054;35;623033964;14054;479;15378;15590;5.18;0.32;335.28;18.10;1324;39;5365.00;212
14057;35;623033979;14057;481;15379;15590;5.16;0.32;335.32;18.10;1322;39;5366.00;211
14060;35;623033993;14060;490;15380;15590;5.11;0.31;335.36;18.25;1320;39;5367.00;210
14064;35;623034008;14064;490;15380;15590;5.06;0.31;335.40;18.25;1316;39;5368.00;210
14064;35;623034022;14064;490;15380;15590;5.06;0.31;335.40;18.25;1316;39;5369.00;210
14065;35;623034038;14065;492;15381;15594;5.06;0.31;335.42;18.25;1316;39;5370.00;213
14065;35;623034053;14065;485;15381;15594;5.03;0.31;335.42;18.25;1316;39;5371.00;213
14069;35;623034067;14069;483;15386;15598;4.99;0.30;335.36;18.39;1317;39;5372.00;212
14075;35;623034081;14075;485;15387;15599;4.91;0.30;335.36;18.39;1312;39;5373.00;212
14078;35;623034096;14078;481;15387;15599;4.82;0.29;335.35;18.39;1309;39;5374.00;212
14080;35;623034110;14080;475;15388;15599;4.77;0.29;335.41;18.40;1308;39;5375.00;211
14082;35;623034125;14082;469;15399;15612;4.74;0.29;335.38;18.39;1317;39;5376.00;213
14083;35;623034140;14083;476;15399;15612;4.72;0.29;335.37;18.39;1316;39;5377.00;213
14084;35;623034162;14084;473;15399;15612;4.71;0.29;335.34;18.39;1315;39;5378.00;213
14088;35;623034183;14088;475;15400;15613;4.72;0.29;335.30;18.39;1312;39;5379.00;213
14091;35;623034206;14091;483;15400;15614;4.73;0.29;335.28;18.39;1309;39;5380.00;214
14092;35;623034227;14092;483;15400;15614;4.78;0.29;335.29;18.39;1308;39;5381.00;214
14094;35;623034247;14094;481;15402;15617;4.85;0.29;335.31;18.38;1308;39;5382.00;215
14094;35;623034266;14094;483;15403;15617;4.91;0.30;335.31;18.38;1309;39;5383.00;214
14097;35;623034281;14097;492;15403;15617;4.90;0.30;335.30;18.38;1306;39;5384.00;214
14098;35;623034296;14098;491;15403;15617;4.89;0.30;335.28;18.38;1305;39;5385.00;214
14099;35;623034311;14099;487;15408;15623;4.91;0.30;335.28;18.38;1309;39;5386.00;215
14099;35;623034326;14099;484;15408;15623;4.90;0.30;335.28;18.38;1309;39;5387.00;215
14100;35;623034342;14100;476;15408;15623;4.91;0.30;335.30;18.38;1308;39;5388.00;215
14105;35;623034364;14105;478;15408;15623;4.86;0.29;335.32;18.38;1303;39;5389.00;215
14106;35;623034379;14106;483;15409;15627;4.89;0.30;335.33;18.37;1303;39;5390.00;218
14108;35;623034395;14108;474;15410;15628;4.91;0.30;335.30;18.37;1302;39;5391.00;218
14110;35;623034410;14110;469;15410;15628;4.93;0.30;335.35;18.37;1300;39;5392.00;218
14112;35;623034424;14112;470;15411;15629;4.93;0.30;335.32;18.37;1299;39;5393.00;218
14113;35;623034440;14113;472;15411;15629;4.92;0.30;335.33;18.37;1298;39;5394.00;218
14114;35;623034454;14114;467;15411;15629;4.91;0.30;335.33;18.37;1297;39;5395.00;218
14115;35;623034470;14115;465;15412;15629;4.86;0.29;335.34;18.38;1297;39;5396.00;217
14116;35;623034490;14116;471;15412;15629;4.81;0.29;335.33;18.38;1296;39;5397.00;217
14117;35;623034505;14117;469;15412;15629;4.78;0.29;335.34;18.38;1295;39;5398.00;217
14118;35;623034520;14118;474;15412;15629;4.72;0.29;335.36;18.38;1294;39;5399.00;217
