step_arrived;step_collisions;step_duration;step_ended;step_halting;step_inserted;step_loaded;step_meanSpeed;step_meanSpeedRelative;step_meanTravelTime;step_meanWaitingTime;step_running;step_teleports;step_time;step_waiting
0;0;624014686;0;1;86;245;16.29;1.15;-1.00;0.00;86;0;0.00;159
0;0;624014714;0;0;96;245;15.61;1.09;-1.00;0.10;96;0;1.00;149
0;0;624014715;0;1;116;245;14.77;1.01;-1.00;0.43;116;0;2.00;129
0;0;624014717;0;2;129;245;14.04;0.95;-1.00;0.69;129;0;3.00;116
0;0;624014718;0;3;147;245;12.94;0.87;-1.00;1.10;147;0;4.00;98
0;0;624014719;0;5;154;245;11.99;0.80;-1.00;1.27;154;0;5.00;91
0;0;624014721;0;7;169;245;10.89;0.73;-1.00;1.69;169;0;6.00;76
0;0;624014722;0;14;175;245;10.52;0.70;-1.00;1.87;175;0;7.00;70
0;0;624014724;0;18;186;246;9.82;0.65;-1.00;2.24;186;0;8.00;60
0;0;624014726;0;21;189;247;9.44;0.62;-1.00;2.34;189;0;9.00;58
0;0;624014728;0;24;197;247;9.14;0.61;-1.00;2.65;197;0;10.00;50
0;0;624014730;0;29;200;248;8.95;0.59;-1.00;2.73;200;0;11.00;48
1;0;624014733;1;35;205;248;8.80;0.58;12.00;2.96;204;0;12.00;43
1;0;624014735;1;38;209;248;8.65;0.56;12.00;3.15;208;0;13.00;39
2;0;624014737;2;42;213;248;8.42;0.55;13.00;3.35;211;0;14.00;35
2;0;624014739;2;43;219;252;8.18;0.53;13.00;3.54;217;0;15.00;33
2;0;624014743;2;46;223;252;8.07;0.52;13.00;3.77;221;0;16.00;29
2;0;624014745;2;51;225;252;8.04;0.51;13.00;3.88;223;0;17.00;27
2;0;624014748;2;59;229;255;7.97;0.51;13.00;4.10;227;0;18.00;26
3;0;624014751;3;62;231;255;8.03;0.51;15.00;4.17;228;0;19.00;24
4;0;624014753;4;67;235;255;8.13;0.51;16.25;4.36;231;0;20.00;20
4;0;624014756;4;70;241;259;8.37;0.53;16.25;4.44;237;0;21.00;18
5;0;624014759;5;77;244;260;8.36;0.53;17.40;4.57;239;0;22.00;16
6;0;624014762;6;76;245;260;8.40;0.53;18.17;4.65;239;0;23.00;15
6;0;624014766;6;78;247;264;8.50;0.53;18.17;4.61;241;0;24.00;17
6;0;624014769;6;82;251;264;8.48;0.53;18.17;4.75;245;0;25.00;13
6;0;624014772;6;86;251;264;8.55;0.53;18.17;4.75;245;0;26.00;13
6;0;624014774;6;88;251;265;8.71;0.54;18.17;4.75;245;0;27.00;14
6;0;624014777;6;91;252;265;8.73;0.54;18.17;4.84;246;0;28.00;13
7;0;624014780;7;93;258;271;8.63;0.54;19.71;4.80;251;0;29.00;13
7;0;624014786;7;94;258;271;8.61;0.54;19.71;4.80;251;0;30.00;13
7;0;624014789;7;96;260;272;8.52;0.53;19.71;4.89;253;0;31.00;12
9;0;624014792;9;97;261;272;8.43;0.52;22.11;4.99;252;0;32.00;11
10;0;624014795;10;99;262;272;8.46;0.52;23.20;5.10;252;0;33.00;10
10;0;624014798;10;101;263;272;8.49;0.53;23.20;5.21;253;0;34.00;9
11;0;624014801;11;106;264;272;8.46;0.52;23.73;5.32;253;0;35.00;8
12;0;624014804;12;109;275;284;8.74;0.54;24.42;5.21;263;0;36.00;9
12;0;624014808;12;111;275;284;8.69;0.54;24.42;5.21;263;0;37.00;9
12;0;624014812;12;116;278;284;8.63;0.53;24.42;5.33;266;0;38.00;6
12;0;624014815;12;117;278;284;8.58;0.53;24.42;5.33;266;0;39.00;6
13;0;624014818;13;121;279;284;8.49;0.53;25.46;5.36;266;0;40.00;5
15;0;624014821;15;125;281;284;8.34;0.52;27.00;5.36;266;0;41.00;3
15;0;624014824;15;127;285;288;8.35;0.52;27.00;5.29;270;0;42.00;3
18;0;624014828;18;129;285;288;8.10;0.50;27.78;5.29;267;0;43.00;3
19;0;624014831;19;132;289;292;7.98;0.49;28.63;5.24;270;0;44.00;3
19;0;624014834;19;137;291;294;7.88;0.49;28.63;5.20;272;0;45.00;3
19;0;624014837;19;139;291;294;7.64;0.47;28.63;5.20;272;0;46.00;3
19;0;624014840;19;137;291;294;7.53;0.47;28.63;5.20;272;0;47.00;3
19;0;624014843;19;142;302;307;7.77;0.48;28.63;5.01;283;0;48.00;5
19;0;624014846;19;142;302;307;7.73;0.48;28.63;5.01;283;0;49.00;5
20;0;624014849;20;146;302;307;7.62;0.48;29.70;5.01;282;0;50.00;5
20;0;624014852;20;145;303;308;7.61;0.48;29.70;5.00;283;0;51.00;5
20;0;624014855;20;147;304;309;7.59;0.47;29.70;4.98;284;0;52.00;5
22;0;624014858;22;148;304;309;7.60;0.47;31.59;4.98;282;0;53.00;5
23;0;624014861;23;151;306;312;7.64;0.47;31.00;4.95;283;0;54.00;6
23;0;624014864;23;153;306;312;7.61;0.47;31.00;4.95;283;0;55.00;6
23;0;624014867;23;143;307;312;7.61;0.47;31.00;4.94;284;0;56.00;5
24;0;624014870;24;136;307;312;7.61;0.47;32.00;4.94;283;0;57.00;5
25;0;624014873;25;135;313;318;7.64;0.47;33.04;4.87;288;0;58.00;5
28;0;624014877;28;138;313;318;7.50;0.46;34.11;4.87;285;0;59.00;5
30;0;624014882;30;140;313;318;7.46;0.46;35.83;4.87;283;0;60.00;5
30;0;624014885;30;143;313;318;7.45;0.46;35.83;4.87;283;0;61.00;5
30;0;624014889;30;146;317;322;7.46;0.46;35.83;4.82;287;0;62.00;5
32;0;624014892;32;148;318;323;7.53;0.46;37.25;4.80;286;0;63.00;5
33;0;624014895;33;150;318;323;7.64;0.47;37.82;4.80;285;0;64.00;5
33;0;624014898;33;151;319;324;7.74;0.47;37.82;4.79;286;0;65.00;5
34;0;624014901;34;153;319;324;7.76;0.47;37.41;4.79;285;0;66.00;5
34;0;624014904;34;144;319;324;7.85;0.48;37.41;4.79;285;0;67.00;5
36;0;624014907;36;140;319;324;7.91;0.48;38.53;4.79;283;0;68.00;5
36;0;624014911;36;136;319;324;8.01;0.49;38.53;4.79;283;0;69.00;5
36;0;624014913;36;133;319;324;8.11;0.50;38.53;4.79;283;0;70.00;5
36;0;624014916;36;131;319;324;8.21;0.50;38.53;4.79;283;0;71.00;5
36;0;624014919;36;134;352;394;8.38;0.52;38.53;4.34;316;0;72.00;42
36;0;624014928;36;127;353;395;8.56;0.53;38.53;4.33;317;0;73.00;42
36;0;624014931;36;119;360;395;8.91;0.55;38.53;4.29;324;0;74.00;35
36;1;624014937;36;119;362;395;9.17;0.56;38.53;4.28;326;1;75.00;33
37;1;624014954;37;115;364;395;9.44;0.58;39.54;4.28;327;1;76.00;31
38;1;624014958;38;113;365;395;9.67;0.59;40.50;4.28;327;1;77.00;30
39;1;624014962;39;114;369;395;9.82;0.60;41.46;4.30;330;1;78.00;26
40;1;624014965;40;117;370;395;9.78;0.59;42.27;4.31;330;1;79.00;25
42;1;624014970;42;115;372;396;9.80;0.59;43.62;4.33;330;1;80.00;24
43;1;624014975;43;118;375;397;9.88;0.60;44.49;4.36;332;1;81.00;22
43;1;624014979;43;117;378;397;9.92;0.60;44.49;4.41;335;1;82.00;19
43;1;624014983;43;120;385;401;9.85;0.60;44.49;4.41;342;1;83.00;16
43;1;624014987;43;122;386;401;9.87;0.60;44.49;4.40;343;1;84.00;15
43;1;624014991;43;125;386;401;9.79;0.59;44.49;4.40;343;1;85.00;15
43;1;624014995;43;124;386;401;9.62;0.58;44.49;4.40;343;1;86.00;15
43;1;624014999;43;126;391;407;9.49;0.58;44.49;4.36;348;1;87.00;16
44;1;624015003;44;125;391;407;9.42;0.57;45.48;4.36;347;1;88.00;16
45;1;624015007;45;127;391;407;9.36;0.57;46.22;4.36;346;1;89.00;16
47;1;624015012;47;131;395;413;9.31;0.56;47.96;4.31;348;1;90.00;18
47;1;624015017;47;133;395;413;9.28;0.56;47.96;4.31;348;1;91.00;18
47;1;624015021;47;133;397;413;9.26;0.56;47.96;4.30;350;1;92.00;16
51;1;624015024;51;134;398;414;9.07;0.55;50.08;4.29;347;1;93.00;16
53;1;624015029;53;138;399;415;9.01;0.55;51.74;4.29;346;1;94.00;16
57;1;624015034;57;135;399;415;8.81;0.54;54.75;4.29;342;1;95.00;16
60;1;624015038;60;137;410;428;8.70;0.53;56.70;4.17;350;1;96.00;18
62;1;624015043;62;136;410;428;8.71;0.53;57.94;4.17;348;1;97.00;18
64;1;624015047;64;135;410;428;8.69;0.53;59.13;4.17;346;1;98.00;18
65;1;624015051;65;132;411;429;8.79;0.54;59.74;4.16;346;1;99.00;18
65;1;624015057;65;128;411;429;8.93;0.55;59.74;4.16;346;1;100.00;18
67;1;624015066;67;126;414;433;9.12;0.56;60.91;4.14;347;1;101.00;19
68;1;624015071;68;121;414;433;9.25;0.57;61.21;4.14;346;1;102.00;19
68;1;624015075;68;115;418;437;9.35;0.57;61.21;4.11;350;1;103.00;19
69;1;624015080;69;109;418;437;9.53;0.58;61.77;4.11;349;1;104.00;19
69;1;624015084;69;102;420;437;9.62;0.59;61.77;4.25;351;1;105.00;17
71;1;624015089;71;96;420;437;9.73;0.59;62.90;4.25;349;1;106.00;17
71;1;624015095;71;93;420;437;9.85;0.60;62.90;4.25;349;1;107.00;17
71;1;624015099;71;87;430;449;10.00;0.61;62.90;4.15;359;1;108.00;19
71;1;624015105;71;82;431;449;10.08;0.62;62.90;4.14;360;1;109.00;18
73;1;624015110;73;79;432;449;10.20;0.62;64.15;4.13;359;1;110.00;17
73;1;624015115;73;75;432;449;10.34;0.63;64.15;4.13;359;1;111.00;17
73;1;624015120;73;73;432;449;10.50;0.64;64.15;4.13;359;1;112.00;17
74;1;624015125;74;77;432;449;10.66;0.65;64.81;4.13;358;1;113.00;17
74;1;624015130;74;72;433;450;10.84;0.66;64.81;4.13;359;1;114.00;17
75;1;624015135;75;72;433;450;10.95;0.67;65.47;4.13;358;1;115.00;17
75;1;624015140;75;70;438;456;11.15;0.68;65.47;4.09;363;1;116.00;18
76;1;624015146;76;67;440;457;11.14;0.68;66.14;4.34;364;1;117.00;17
76;1;624015151;76;69;440;457;11.11;0.68;66.14;4.34;364;1;118.00;17
77;1;624015157;77;72;441;457;11.10;0.68;66.83;4.60;364;1;119.00;16
78;1;624015164;78;72;445;462;11.17;0.68;67.47;4.56;367;1;120.00;17
78;1;624015169;78;76;447;462;11.20;0.69;67.47;4.76;369;1;121.00;15
81;1;624015175;81;75;448;462;11.17;0.68;69.41;5.02;367;1;122.00;14
81;1;624015180;81;77;449;463;11.22;0.69;69.41;5.01;368;1;123.00;14
83;1;624015186;83;79;454;467;11.12;0.68;70.39;5.08;371;1;124.00;13
84;1;624015192;84;82;456;467;11.10;0.68;70.92;5.34;372;1;125.00;11
85;1;624015198;85;82;459;470;11.15;0.68;71.22;5.42;374;1;126.00;11
86;1;624015204;86;83;462;470;11.25;0.69;71.87;5.68;376;1;127.00;8
88;1;624015210;88;87;463;470;11.29;0.69;72.93;5.76;375;1;128.00;7
89;1;624015216;89;89;464;470;11.36;0.69;73.16;5.87;375;1;129.00;6
93;1;624015222;93;90;468;474;11.49;0.70;74.22;5.89;375;1;130.00;6
94;1;624015229;94;93;470;474;11.49;0.70;74.82;6.02;376;1;131.00;4
95;1;624015235;95;92;472;474;11.49;0.70;75.40;6.08;377;1;132.00;2
96;1;624015241;96;92;472;474;11.50;0.70;75.99;6.08;376;1;133.00;2
97;1;624015247;97;94;474;475;11.43;0.70;75.85;6.14;377;1;134.00;1
98;1;624015254;98;96;476;477;11.22;0.69;76.45;6.11;378;1;135.00;1
98;1;624015260;98;95;476;477;11.14;0.68;76.45;6.11;378;1;136.00;1
99;1;624015266;99;94;477;478;11.09;0.68;76.98;6.10;378;1;137.00;1
103;1;624015272;103;97;478;478;10.97;0.67;78.51;6.13;375;1;138.00;0
103;1;624015278;103;97;478;478;10.93;0.67;78.51;6.13;375;1;139.00;0
106;1;624015284;106;98;478;478;10.90;0.67;79.18;6.13;372;1;140.00;0
106;1;624015289;106;100;478;478;10.95;0.67;79.18;6.13;372;1;141.00;0
108;1;624015295;108;103;478;478;11.04;0.68;80.34;6.13;370;1;142.00;0
110;1;624015300;110;103;478;478;11.07;0.69;81.45;6.13;368;1;143.00;0
111;1;624015306;111;124;553;605;10.92;0.69;81.58;5.30;442;1;144.00;52
112;1;624015322;112;117;561;606;10.91;0.69;81.79;5.24;449;1;145.00;45
115;1;624015335;115;113;569;606;10.95;0.69;82.69;5.19;454;1;146.00;37
116;1;624015342;116;115;569;606;10.91;0.69;82.86;5.19;453;1;147.00;37
117;1;624015348;117;117;573;606;10.85;0.68;83.42;5.18;456;1;148.00;33
120;1;624015353;120;114;573;606;10.68;0.67;83.58;5.18;453;1;149.00;33
121;1;624015361;121;117;579;611;10.60;0.66;84.05;5.17;458;1;150.00;32
122;1;624015369;122;113;580;611;10.64;0.67;83.81;5.18;458;1;151.00;31
123;1;624015376;123;113;583;612;10.77;0.67;84.07;5.19;460;1;152.00;29
125;1;624015382;125;117;587;613;10.95;0.68;85.13;5.22;462;1;153.00;26
127;1;624015389;127;118;590;613;11.14;0.69;86.18;5.24;463;1;154.00;23
128;1;624015396;128;122;595;614;11.07;0.69;85.59;5.25;467;1;155.00;19
131;1;624015404;131;120;600;614;10.97;0.68;87.14;5.31;469;1;156.00;14
133;1;624015411;133;124;603;614;10.88;0.67;87.63;5.35;470;1;157.00;11
135;1;624015418;135;129;604;614;10.81;0.67;88.59;5.35;469;1;158.00;10
137;1;624015426;137;131;609;618;10.68;0.66;88.40;5.34;472;1;159.00;9
139;1;624015437;139;136;609;618;10.59;0.65;88.88;5.34;470;1;160.00;9
141;1;624015445;141;139;610;618;10.49;0.65;89.89;5.36;469;1;161.00;8
142;1;624015452;142;139;612;621;10.40;0.64;90.25;5.37;470;1;162.00;9
143;1;624015462;143;140;613;621;10.32;0.64;90.76;5.39;470;1;163.00;8
144;1;624015473;144;142;613;621;10.27;0.63;91.23;5.39;469;1;164.00;8
144;1;624015482;144;144;619;625;10.08;0.62;91.23;5.44;475;1;165.00;6
146;1;624015490;146;144;620;626;9.98;0.61;92.17;5.44;474;1;166.00;6
148;1;624015496;148;142;622;626;9.82;0.61;91.72;5.48;474;1;167.00;4
149;1;624015502;149;143;626;630;9.66;0.60;92.07;5.44;477;1;168.00;4
150;1;624015509;150;146;628;630;9.48;0.58;92.33;5.45;478;1;169.00;2
152;1;624015515;152;138;628;630;9.35;0.58;92.75;5.45;476;1;170.00;2
156;1;624015521;156;138;629;631;9.22;0.57;94.17;5.44;473;1;171.00;2
156;1;624015528;156;140;629;631;9.16;0.57;94.17;5.44;473;1;172.00;2
157;1;624015534;157;137;635;637;9.28;0.57;94.66;5.40;478;1;173.00;2
157;1;624015540;157;137;635;637;9.25;0.57;94.66;5.40;478;1;174.00;2
159;1;624015547;159;137;638;638;9.20;0.57;94.81;5.43;479;1;175.00;0
159;1;624015553;159;136;638;638;9.18;0.57;94.81;5.43;479;1;176.00;0
160;1;624015559;160;134;638;638;9.15;0.56;95.28;5.43;478;1;177.00;0
161;1;624015565;161;134;638;638;9.17;0.56;95.44;5.43;477;1;178.00;0
162;1;624015570;162;131;638;638;9.23;0.57;95.22;5.43;476;1;179.00;0
163;1;624015577;163;131;669;672;9.37;0.58;95.18;5.18;506;1;180.00;3
163;1;624015585;163;129;669;672;9.41;0.58;95.18;5.18;506;1;181.00;3
165;1;624015592;165;123;671;672;9.47;0.59;95.70;5.17;506;1;182.00;1
166;1;624015598;166;124;671;672;9.47;0.59;95.85;5.17;505;1;183.00;1
166;1;624015604;166;129;672;672;9.46;0.59;95.85;5.17;506;1;184.00;0
168;1;624015610;168;134;672;672;9.44;0.58;96.29;5.17;504;1;185.00;0
169;1;624015617;169;139;676;676;9.45;0.58;96.82;5.14;507;1;186.00;0
172;1;624015623;172;143;676;676;9.39;0.58;97.40;5.14;504;1;187.00;0
173;1;624015630;173;146;680;680;9.47;0.58;97.16;5.12;507;1;188.00;0
175;1;624015636;175;153;680;681;9.36;0.58;97.42;5.12;505;1;189.00;1
178;1;624015643;178;156;681;681;9.24;0.57;97.60;5.11;503;1;190.00;0
178;1;624015649;178;160;681;681;9.15;0.57;97.60;5.11;503;1;191.00;0
178;1;624015655;178;171;694;694;9.14;0.56;97.60;5.02;516;1;192.00;0
182;1;624015662;182;171;694;694;9.02;0.56;98.96;5.02;512;1;193.00;0
188;1;624015669;188;174;694;694;8.79;0.54;98.70;5.02;506;1;194.00;0
188;1;624015675;188;175;695;695;8.68;0.53;98.70;5.01;507;1;195.00;0
190;1;624015681;190;180;696;696;8.59;0.53;98.59;5.01;506;1;196.00;0
194;1;624015688;194;186;696;696;8.56;0.53;98.01;5.01;502;1;197.00;0
196;1;624015694;196;195;698;699;8.43;0.52;98.11;4.99;502;1;198.00;1
199;1;624015700;199;202;698;699;8.28;0.51;98.12;4.99;499;1;199.00;1
201;1;624015707;201;208;699;699;8.16;0.50;98.40;4.99;498;1;200.00;0
203;1;624015717;203;211;699;699;7.92;0.48;97.87;4.99;496;1;201.00;0
204;1;624015723;204;218;705;705;7.72;0.47;97.88;4.95;501;1;202.00;0
205;1;624015730;205;226;705;705;7.51;0.46;97.54;4.95;500;1;203.00;0
207;1;624015735;207;230;705;705;7.34;0.45;97.17;4.95;498;1;204.00;0
209;1;624015741;209;231;705;705;7.20;0.44;97.50;4.95;496;1;205.00;0
210;1;624015746;210;230;709;709;7.15;0.44;97.33;4.93;499;1;206.00;0
212;1;624015752;212;235;710;710;7.03;0.43;97.14;4.92;498;1;207.00;0
212;1;624015757;212;239;710;710;6.96;0.43;97.14;4.92;498;1;208.00;0
214;1;624015762;214;244;711;711;6.86;0.42;97.30;4.92;497;1;209.00;0
215;1;624015770;215;252;711;711;6.71;0.41;97.47;4.92;496;1;210.00;0
215;1;624015775;215;259;711;711;6.61;0.41;97.47;4.92;496;1;211.00;0
216;1;624015780;216;261;711;711;6.54;0.40;97.91;4.92;495;1;212.00;0
217;1;624015785;217;266;711;711;6.45;0.40;97.55;4.92;494;1;213.00;0
219;1;624015790;219;269;711;711;6.35;0.39;97.95;4.92;492;1;214.00;0
221;1;624015796;221;273;711;711;6.28;0.38;98.82;4.92;490;1;215.00;0
221;1;624015801;221;285;755;781;6.56;0.41;98.82;4.63;534;1;216.00;26
222;1;624015812;222;269;757;782;6.57;0.41;99.08;4.62;535;1;217.00;25
223;1;624015817;223;259;763;782;6.63;0.41;99.20;4.60;540;1;218.00;19
225;1;624015823;225;244;764;782;6.64;0.41;99.83;4.60;539;1;219.00;18
225;1;624015829;225;234;768;782;6.79;0.42;99.83;4.60;543;1;220.00;14
226;1;624015834;226;233;768;782;6.99;0.43;100.34;4.60;542;1;221.00;14
226;1;624015841;226;228;771;782;7.19;0.44;100.34;4.60;545;1;222.00;11
227;1;624015848;227;225;772;782;7.38;0.45;100.85;4.60;545;1;223.00;10
227;1;624015854;227;223;775;783;7.56;0.46;100.85;4.62;548;1;224.00;8
228;1;624015861;228;220;779;785;7.65;0.47;101.36;4.63;551;1;225.00;6
230;1;624015874;230;207;781;785;7.75;0.47;102.40;4.64;551;1;226.00;4
230;1;624015881;230;193;788;789;7.82;0.48;102.40;4.64;558;1;227.00;1
232;1;624015889;232;193;789;789;8.03;0.49;103.13;4.64;557;1;228.00;0
234;1;624015896;234;185;789;789;8.26;0.51;104.04;4.64;555;1;229.00;0
235;1;624015903;235;183;789;789;8.53;0.52;103.70;4.64;554;1;230.00;0
236;1;624015911;236;175;795;795;8.80;0.54;104.22;4.61;559;1;231.00;0
239;1;624015919;239;166;795;795;9.06;0.55;104.48;4.61;556;1;232.00;0
239;1;624015928;239;164;795;795;9.25;0.57;104.48;4.61;556;1;233.00;0
242;1;624015935;242;153;797;798;9.49;0.58;105.20;4.60;555;1;234.00;1
242;1;624015943;242;152;797;798;9.71;0.59;105.20;4.60;555;1;235.00;1
244;1;624015951;244;148;798;798;9.92;0.61;105.69;4.60;554;1;236.00;0
245;1;624015958;245;140;799;799;10.01;0.61;105.81;4.59;554;1;237.00;0
247;1;624015966;247;136;800;800;10.18;0.62;106.58;4.59;553;1;238.00;0
248;1;624015975;248;130;800;800;10.34;0.63;106.54;4.59;552;1;239.00;0
250;1;624015985;250;129;824;826;10.40;0.64;107.01;4.45;574;1;240.00;2
251;1;624015996;251;121;824;826;10.58;0.65;107.26;4.45;573;1;241.00;2
251;1;624016004;251;117;826;826;10.82;0.66;107.26;4.45;575;1;242.00;0
254;1;624016011;254;112;827;827;11.00;0.67;107.33;4.44;573;1;243.00;0
255;1;624016019;255;109;827;827;11.17;0.68;107.31;4.44;572;1;244.00;0
260;1;624016026;260;108;831;831;11.32;0.69;108.09;4.42;571;1;245.00;0
265;1;624016035;265;102;831;831;11.43;0.70;109.88;4.42;566;1;246.00;0
268;1;624016043;268;102;835;835;11.45;0.70;110.68;4.41;567;1;247.00;0
270;1;624016055;270;102;835;835;11.62;0.71;110.86;4.41;565;1;248.00;0
275;1;624016068;275;100;835;835;11.70;0.71;111.96;4.41;560;1;249.00;0
276;1;624016081;276;98;835;835;11.72;0.71;112.45;4.41;559;1;250.00;0
278;1;624016091;278;100;835;835;11.83;0.72;112.93;4.41;557;1;251.00;0
281;1;624016108;281;102;846;847;11.85;0.72;113.85;4.35;565;1;252.00;1
283;1;624016120;283;101;846;847;11.85;0.72;114.58;4.35;563;1;253.00;1
284;1;624016131;284;103;847;847;11.93;0.73;114.56;4.35;563;1;254.00;0
286;1;624016142;286;106;847;847;12.02;0.73;115.17;4.35;561;1;255.00;0
287;1;624016152;287;108;847;847;12.13;0.74;115.29;4.35;560;1;256.00;0
287;1;624016163;287;108;847;847;12.13;0.74;115.29;4.35;560;1;257.00;0
288;1;624016171;288;108;848;848;12.12;0.74;115.76;4.34;560;1;258.00;0
291;1;624016179;291;110;848;848;12.14;0.74;116.74;4.34;557;1;259.00;0
293;1;624016193;293;111;854;854;12.08;0.73;116.67;4.32;561;1;260.00;0
294;1;624016208;294;111;855;855;12.06;0.73;116.70;4.32;561;1;261.00;0
295;1;624016216;295;112;855;855;12.18;0.74;116.54;4.32;560;1;262.00;0
295;1;624016224;295;113;855;855;12.20;0.74;116.54;4.32;560;1;263.00;0
299;1;624016237;299;112;859;859;12.14;0.73;117.17;4.30;560;1;264.00;0
301;1;624016246;301;113;859;859;12.19;0.74;117.43;4.30;558;1;265.00;0
301;1;624016253;301;112;859;859;12.23;0.74;117.43;4.30;558;1;266.00;0
303;1;624016260;303;115;860;860;12.31;0.75;118.06;4.29;557;1;267.00;0
305;1;624016268;305;117;864;864;12.24;0.74;118.05;4.28;559;1;268.00;0
308;1;624016276;308;113;864;864;12.22;0.74;118.92;4.28;556;1;269.00;0
316;1;624016285;316;111;868;870;12.16;0.74;120.75;4.26;552;1;270.00;2
318;1;624016293;318;108;869;870;12.09;0.73;120.86;4.25;551;1;271.00;1
320;1;624016300;320;103;870;870;12.11;0.73;121.35;4.25;550;1;272.00;0
322;1;624016307;322;101;870;870;12.16;0.74;121.80;4.25;548;1;273.00;0
322;1;624016315;322;96;874;874;12.25;0.74;121.80;4.24;552;1;274.00;0
328;1;624016322;328;92;874;874;12.30;0.75;122.30;4.24;546;1;275.00;0
331;1;624016330;331;87;874;874;12.34;0.75;122.79;4.24;543;1;276.00;0
332;1;624016338;332;82;874;874;12.38;0.75;122.70;4.24;542;1;277.00;0
339;1;624016346;339;81;875;875;12.38;0.75;123.29;4.23;536;1;278.00;0
340;1;624016354;340;75;876;876;12.37;0.75;123.75;4.23;536;1;279.00;0
342;1;624016362;342;69;876;876;12.35;0.75;123.50;4.23;534;1;280.00;0
343;1;624016370;343;65;877;877;12.32;0.75;123.95;4.22;534;1;281.00;0
348;1;624016377;348;68;877;877;12.24;0.74;124.82;4.22;529;1;282.00;0
350;1;624016385;350;68;877;877;12.25;0.74;124.52;4.22;527;1;283.00;0
353;1;624016392;353;68;877;877;12.28;0.74;125.16;4.22;524;1;284.00;0
354;1;624016400;354;72;877;877;12.31;0.75;125.41;4.22;523;1;285.00;0
355;1;624016407;355;74;877;877;12.41;0.75;125.46;4.22;522;1;286.00;0
358;1;624016414;358;74;877;877;12.47;0.76;125.57;4.22;519;1;287.00;0
358;1;624016422;358;91;947;1004;11.98;0.74;125.57;3.91;589;1;288.00;57
361;1;624016440;361;86;951;1005;11.95;0.74;125.66;3.90;590;1;289.00;54
361;1;624016449;361;84;959;1005;12.01;0.74;125.66;3.89;598;1;290.00;46
361;1;624016457;361;85;962;1005;12.02;0.74;125.66;3.88;601;1;291.00;43
365;1;624016465;365;85;969;1005;12.06;0.74;127.09;3.88;604;1;292.00;36
365;1;624016474;365;89;972;1005;12.10;0.74;127.09;3.89;607;1;293.00;33
366;1;624016482;366;87;974;1005;12.13;0.75;127.35;3.89;608;1;294.00;31
366;1;624016490;366;87;976;1005;12.20;0.75;127.35;3.90;610;1;295.00;29
366;1;624016498;366;86;979;1006;12.22;0.75;127.35;3.91;613;1;296.00;27
369;1;624016507;369;90;983;1007;12.14;0.75;127.08;3.93;614;1;297.00;24
370;1;624016517;370;95;985;1007;12.06;0.74;127.27;3.94;615;1;298.00;22
373;1;624016525;373;97;986;1008;11.94;0.73;126.66;3.95;613;1;299.00;22
374;1;624016537;374;100;994;1014;11.65;0.72;126.72;3.99;620;1;300.00;20
375;1;624016551;375;103;995;1014;11.43;0.70;126.61;4.00;620;1;301.00;19
377;1;624016560;377;106;996;1014;11.27;0.69;127.33;4.01;619;1;302.00;18
377;1;624016569;377;115;1001;1018;11.13;0.68;127.33;4.02;624;1;303.00;17
384;1;624016582;384;122;1002;1018;10.99;0.68;128.28;4.03;618;1;304.00;16
384;1;624016592;384;133;1004;1018;10.89;0.67;128.28;4.04;620;1;305.00;14
387;1;624016601;387;143;1010;1021;10.78;0.66;129.23;4.09;623;1;306.00;11
390;1;624016610;390;152;1010;1021;10.76;0.66;129.76;4.09;620;1;307.00;11
390;1;624016618;390;159;1012;1021;10.72;0.66;129.76;4.12;622;1;308.00;9
394;1;624016627;394;160;1015;1025;10.60;0.65;129.84;4.11;621;1;309.00;10
395;1;624016636;395;162;1017;1026;10.58;0.65;130.27;4.11;622;1;310.00;9
395;1;624016646;395;170;1020;1026;10.44;0.64;130.27;4.13;625;1;311.00;6
398;1;624016653;398;172;1025;1030;10.41;0.64;130.91;4.11;627;1;312.00;5
401;1;624016662;401;175;1025;1030;10.28;0.63;131.76;4.11;624;1;313.00;5
403;1;624016670;403;178;1026;1030;10.15;0.62;131.92;4.12;623;1;314.00;4
406;1;624016678;406;176;1028;1032;10.00;0.62;132.12;4.11;622;1;315.00;4
408;1;624016687;408;181;1028;1032;9.84;0.61;132.28;4.11;620;1;316.00;4
409;1;624016694;409;184;1034;1038;9.76;0.60;132.68;4.10;625;1;317.00;4
412;1;624016702;412;195;1034;1038;9.50;0.59;133.42;4.10;622;1;318.00;4
414;1;624016710;414;198;1035;1039;9.31;0.58;133.43;4.09;621;1;319.00;4
417;1;624016718;417;201;1036;1039;9.15;0.57;133.69;4.12;619;1;320.00;3
419;1;624016726;419;200;1036;1039;9.04;0.56;134.23;4.12;617;1;321.00;3
420;1;624016734;420;204;1037;1039;8.99;0.56;134.25;4.15;617;1;322.00;2
426;1;624016741;426;201;1037;1039;8.85;0.55;134.46;4.15;611;1;323.00;2
430;1;624016749;430;211;1049;1051;8.85;0.54;135.63;4.10;619;1;324.00;2
430;1;624016758;430;209;1050;1051;8.80;0.54;135.63;4.13;620;1;325.00;1
434;1;624016766;434;210;1051;1051;8.74;0.54;135.31;4.15;617;1;326.00;0
436;1;624016773;436;218;1051;1051;8.78;0.54;135.50;4.15;615;1;327.00;0
439;1;624016781;439;217;1051;1051;8.78;0.54;135.83;4.15;612;1;328.00;0
440;1;624016789;440;217;1051;1051;8.80;0.54;136.00;4.15;611;1;329.00;0
441;1;624016798;441;218;1055;1055;8.80;0.54;136.38;4.13;614;1;330.00;0
442;1;624016805;442;219;1055;1055;8.77;0.54;136.80;4.13;613;1;331.00;0
445;1;624016821;445;219;1059;1059;8.73;0.53;137.62;4.12;614;1;332.00;0
447;1;624016828;447;227;1060;1060;8.60;0.53;138.07;4.12;613;1;333.00;0
449;1;624016835;449;223;1060;1060;8.48;0.52;138.15;4.12;611;1;334.00;0
453;1;624016843;453;220;1060;1060;8.36;0.51;139.04;4.12;607;1;335.00;0
455;1;624016850;455;222;1073;1073;8.21;0.51;139.19;4.07;618;1;336.00;0
461;1;624016857;461;223;1073;1073;8.00;0.49;140.55;4.07;612;1;337.00;0
462;1;624016865;462;226;1073;1073;7.89;0.49;140.40;4.07;611;1;338.00;0
467;1;624016871;467;232;1074;1074;7.71;0.47;142.20;4.07;607;1;339.00;0
469;1;624016878;469;230;1075;1075;7.60;0.47;142.43;4.06;606;1;340.00;0
471;1;624016885;471;229;1075;1075;7.56;0.47;143.17;4.06;604;1;341.00;0
476;1;624016891;476;227;1078;1078;7.45;0.46;144.89;4.05;602;1;342.00;0
480;1;624016898;480;230;1078;1078;7.46;0.46;144.68;4.05;598;1;343.00;0
483;1;624016904;483;225;1078;1078;7.45;0.46;145.01;4.05;595;1;344.00;0
484;1;624016911;484;228;1078;1078;7.53;0.47;145.19;4.05;594;1;345.00;0
488;1;624016917;488;230;1084;1084;7.60;0.47;145.47;4.03;596;1;346.00;0
489;1;624016924;489;223;1084;1084;7.61;0.47;145.54;4.03;595;1;347.00;0
492;2;624016930;492;218;1084;1084;7.53;0.46;146.04;4.03;592;2;348.00;0
493;2;624016950;493;216;1084;1084;7.51;0.46;146.09;4.03;591;2;349.00;0
497;2;624016958;497;219;1088;1088;7.45;0.46;146.54;4.02;591;2;350.00;0
504;2;624016966;504;214;1089;1089;7.38;0.45;146.01;4.02;585;2;351.00;0
506;2;624016975;506;223;1089;1089;7.29;0.45;145.81;4.02;583;2;352.00;0
509;2;624016983;509;227;1090;1090;7.18;0.44;145.63;4.02;581;2;353.00;0
511;2;624016991;511;229;1090;1090;7.18;0.44;145.66;4.02;579;2;354.00;0
516;2;624016998;516;233;1090;1090;7.04;0.43;145.33;4.02;574;2;355.00;0
518;2;624017006;518;238;1090;1090;7.00;0.43;145.62;4.02;572;2;356.00;0
522;2;624017012;522;242;1090;1090;6.89;0.42;145.80;4.02;568;2;357.00;0
523;2;624017019;523;241;1090;1090;6.85;0.42;145.58;4.02;567;2;358.00;0
526;2;624017025;526;246;1090;1090;6.83;0.42;145.46;4.02;564;2;359.00;0
528;2;624017034;528;252;1154;1215;7.42;0.46;145.38;3.79;626;2;360.00;61
528;2;624017057;528;258;1162;1216;7.45;0.47;145.38;3.77;634;2;361.00;54
529;2;624017067;529;255;1176;1216;7.53;0.47;145.37;3.75;647;2;362.00;40
530;2;624017074;530;259;1180;1216;7.59;0.47;145.24;3.75;650;2;363.00;36
533;2;624017081;533;263;1188;1216;7.50;0.47;145.21;3.75;655;2;364.00;28
533;2;624017089;533;266;1189;1216;7.46;0.46;145.21;3.75;656;2;365.00;27
534;2;624017097;534;264;1197;1216;7.34;0.45;145.36;3.77;663;2;366.00;19
536;2;624017104;536;266;1200;1216;7.27;0.45;145.29;3.78;664;2;367.00;16
536;2;624017112;536;277;1205;1217;7.16;0.44;145.29;3.79;669;2;368.00;12
539;2;624017121;539;283;1209;1218;7.02;0.43;145.58;3.81;670;2;369.00;9
539;2;624017129;539;284;1212;1218;6.92;0.43;145.58;3.82;673;2;370.00;6
544;2;624017137;544;276;1218;1222;6.80;0.42;145.83;3.82;674;2;371.00;4
545;2;624017145;545;276;1218;1222;6.74;0.41;145.72;3.82;673;2;372.00;4
546;2;624017153;546;276;1218;1222;6.75;0.41;145.73;3.82;672;2;373.00;4
548;2;624017161;548;266;1219;1222;6.72;0.41;145.52;3.82;671;2;374.00;3
548;2;624017168;548;273;1225;1228;6.78;0.42;145.52;3.81;677;2;375.00;3
550;2;624017177;550;277;1225;1228;6.85;0.42;145.67;3.81;675;2;376.00;3
551;3;624017185;551;278;1226;1228;6.96;0.43;145.82;3.82;675;3;377.00;2
551;3;624017206;551;275;1228;1231;7.08;0.43;145.82;3.82;677;3;378.00;3
552;3;624017214;552;278;1229;1231;7.16;0.44;145.98;3.83;677;3;379.00;2
552;3;624017222;552;271;1229;1231;7.27;0.44;145.98;3.83;677;3;380.00;2
553;3;624017235;553;273;1231;1232;7.31;0.45;146.10;3.82;678;3;381.00;1
555;3;624017249;555;269;1232;1233;7.43;0.45;145.83;3.82;677;3;382.00;1
555;3;624017257;555;267;1233;1233;7.50;0.46;145.83;3.84;678;3;383.00;0
556;3;624017265;556;270;1244;1246;7.66;0.47;145.88;3.80;688;3;384.00;2
559;3;624017274;559;264;1245;1246;7.73;0.47;146.50;3.80;686;3;385.00;1
560;3;624017283;560;266;1245;1246;7.77;0.47;146.29;3.80;685;3;386.00;1
562;3;624017291;562;251;1246;1247;7.86;0.48;146.18;3.80;684;3;387.00;1
564;3;624017300;564;249;1247;1247;7.91;0.48;145.76;3.80;683;3;388.00;0
565;3;624017308;565;241;1250;1251;8.03;0.49;145.68;3.79;685;3;389.00;1
566;3;624017319;566;238;1250;1251;8.13;0.49;145.69;3.79;684;3;390.00;1
567;3;624017327;567;233;1255;1255;8.20;0.50;145.72;3.78;688;3;391.00;0
567;3;624017336;567;234;1255;1255;8.32;0.51;145.72;3.78;688;3;392.00;0
571;3;624017345;571;229;1255;1255;8.44;0.51;145.95;3.78;684;3;393.00;0
574;3;624017354;574;226;1255;1255;8.58;0.52;145.61;3.78;681;3;394.00;0
575;3;624017363;575;228;1255;1255;8.69;0.53;145.91;3.78;680;3;395.00;0
579;3;624017378;579;212;1267;1267;8.89;0.54;146.01;3.75;688;3;396.00;0
580;3;624017390;580;199;1267;1267;9.14;0.56;146.22;3.75;687;3;397.00;0
584;3;624017400;584;185;1267;1267;9.31;0.57;147.01;3.75;683;3;398.00;0
585;3;624017410;585;174;1267;1267;9.49;0.58;147.19;3.75;682;3;399.00;0
587;3;624017421;587;166;1267;1267;9.68;0.59;147.26;3.75;680;3;400.00;0
589;3;624017437;589;158;1267;1267;9.82;0.60;147.65;3.75;678;3;401.00;0
594;3;624017446;594;147;1268;1268;9.86;0.60;148.21;3.74;674;3;402.00;0
594;3;624017461;594;143;1268;1268;10.01;0.61;148.21;3.74;674;3;403.00;0
596;3;624017470;596;136;1274;1274;10.13;0.62;148.44;3.73;678;3;404.00;0
600;3;624017480;600;131;1276;1276;10.25;0.63;148.94;3.73;676;3;405.00;0
600;3;624017490;600;130;1276;1276;10.42;0.64;148.94;3.73;676;3;406.00;0
605;3;624017499;605;125;1276;1276;10.57;0.65;149.95;3.73;671;3;407.00;0
608;3;624017508;608;121;1280;1280;10.73;0.65;150.46;3.71;672;3;408.00;0
610;3;624017518;610;117;1280;1280;10.89;0.66;150.80;3.71;670;3;409.00;0
612;3;624017528;612;115;1280;1280;11.04;0.67;150.96;3.71;668;3;410.00;0
613;3;624017537;613;113;1281;1281;11.16;0.68;150.97;3.71;668;3;411.00;0
617;3;624017546;617;110;1285;1285;11.18;0.68;151.74;3.70;668;3;412.00;0
620;3;624017556;620;111;1285;1285;11.25;0.69;152.34;3.70;665;3;413.00;0
621;3;624017565;621;113;1287;1288;11.38;0.69;152.76;3.70;666;3;414.00;1
621;3;624017574;621;110;1287;1288;11.49;0.70;152.76;3.70;666;3;415.00;1
622;3;624017583;622;106;1288;1288;11.51;0.70;152.80;3.70;666;3;416.00;0
622;3;624017593;622;106;1288;1288;11.57;0.71;152.80;3.70;666;3;417.00;0
625;4;624017602;625;103;1292;1292;11.67;0.71;153.43;3.69;667;4;418.00;0
627;4;624017622;627;102;1292;1292;11.70;0.71;153.72;3.69;665;4;419.00;0
632;4;624017639;632;102;1292;1292;11.75;0.72;154.02;3.69;660;4;420.00;0
633;4;624017648;633;97;1292;1292;11.86;0.72;154.21;3.69;659;4;421.00;0
634;4;624017657;634;95;1293;1293;11.89;0.73;154.62;3.69;659;4;422.00;0
638;4;624017666;638;96;1294;1294;11.97;0.73;155.41;3.68;656;4;423.00;0
639;4;624017676;639;94;1294;1294;12.11;0.74;155.27;3.68;655;4;424.00;0
644;4;624017685;644;97;1295;1295;12.18;0.74;155.72;3.68;651;4;425.00;0
644;4;624017694;644;94;1295;1295;12.33;0.75;155.72;3.68;651;4;426.00;0
650;4;624017702;650;96;1295;1295;12.43;0.76;156.91;3.68;645;4;427.00;0
652;4;624017712;652;96;1295;1295;12.55;0.77;157.32;3.68;643;4;428.00;0
657;4;624017723;657;96;1295;1295;12.69;0.77;158.17;3.68;638;4;429.00;0
660;4;624017733;660;93;1295;1295;12.83;0.78;158.60;3.68;635;4;430.00;0
664;4;624017742;664;93;1295;1295;12.89;0.79;158.92;3.68;631;4;431.00;0
666;4;624017756;666;122;1374;1422;12.15;0.75;159.07;3.47;708;4;432.00;48
669;4;624017776;669;111;1374;1423;12.21;0.76;159.71;3.47;705;4;433.00;49
678;4;624017787;678;103;1379;1423;12.35;0.76;160.98;3.47;701;4;434.00;44
682;4;624017797;682;98;1379;1423;12.41;0.77;161.19;3.47;697;4;435.00;44
685;4;624017806;685;103;1383;1423;12.46;0.77;161.81;3.47;698;4;436.00;40
691;4;624017815;691;105;1384;1423;12.44;0.77;161.52;3.47;693;4;437.00;39
693;4;624017824;693;108;1385;1423;12.50;0.77;161.53;3.47;692;4;438.00;38
698;4;624017833;698;111;1387;1423;12.52;0.77;162.52;3.48;689;4;439.00;36
703;4;624017847;703;113;1389;1424;12.51;0.77;163.27;3.48;686;4;440.00;35
707;4;624017857;707;114;1391;1425;12.57;0.77;164.05;3.49;684;4;441.00;34
709;4;624017866;709;108;1394;1425;12.49;0.77;164.74;3.50;685;4;442.00;31
713;4;624017874;713;107;1398;1426;12.45;0.76;165.49;3.53;685;4;443.00;28
717;4;624017884;717;103;1400;1426;12.42;0.76;165.87;3.54;683;4;444.00;26
722;4;624017893;722;105;1404;1426;12.32;0.75;166.67;3.56;682;4;445.00;22
727;4;624017902;727;103;1408;1426;12.13;0.74;167.61;3.59;681;4;446.00;18
729;4;624017916;729;102;1410;1430;12.16;0.74;167.98;3.60;681;4;447.00;20
733;4;624017926;733;101;1412;1430;12.17;0.74;168.52;3.62;679;4;448.00;18
737;4;624017935;737;103;1415;1430;12.20;0.74;169.22;3.65;678;4;449.00;15
741;4;624017952;741;108;1418;1436;12.17;0.74;169.10;3.65;677;4;450.00;18
746;4;624017962;746;107;1420;1436;12.21;0.74;169.40;3.67;674;4;451.00;16
752;4;624017971;752;105;1423;1436;12.23;0.74;169.34;3.69;671;4;452.00;13
755;4;624017981;755;106;1427;1440;12.22;0.74;169.49;3.69;672;4;453.00;13
756;4;624017990;756;110;1429;1441;12.23;0.74;169.53;3.70;673;4;454.00;12
757;4;624017998;757;107;1432;1441;12.24;0.75;169.59;3.72;675;4;455.00;9
761;4;624018007;761;108;1434;1445;12.17;0.74;169.01;3.72;673;4;456.00;11
764;4;624018016;764;113;1435;1445;12.10;0.74;168.83;3.73;671;4;457.00;10
768;4;624018026;768;116;1436;1445;12.07;0.73;169.11;3.73;668;4;458.00;9
769;4;624018034;769;115;1438;1446;12.06;0.73;169.20;3.72;669;4;459.00;8
772;4;624018043;772;120;1439;1446;11.96;0.73;169.29;3.72;667;4;460.00;7
778;4;624018056;778;126;1445;1452;11.90;0.72;169.81;3.75;667;4;461.00;7
778;4;624018070;778;126;1445;1452;11.94;0.73;169.81;3.75;667;4;462.00;7
780;4;624018093;780;127;1445;1453;11.84;0.72;170.10;3.75;665;4;463.00;8
784;4;624018111;784;130;1447;1453;11.72;0.71;170.25;3.78;663;4;464.00;6
787;4;624018127;787;130;1447;1453;11.70;0.71;170.34;3.78;660;4;465.00;6
792;4;624018140;792;131;1447;1453;11.60;0.70;170.29;3.78;655;4;466.00;6
793;4;624018155;793;131;1448;1453;11.58;0.70;170.39;3.78;655;4;467.00;5
794;4;624018168;794;139;1457;1465;11.54;0.70;170.42;3.76;663;4;468.00;8
798;4;624018179;798;142;1457;1465;11.53;0.70;170.65;3.76;659;4;469.00;8
800;4;624018189;800;148;1461;1465;11.42;0.69;170.71;3.78;661;4;470.00;4
802;4;624018198;802;149;1461;1465;11.39;0.69;170.64;3.78;659;4;471.00;4
803;4;624018207;803;159;1461;1465;11.32;0.69;170.74;3.78;658;4;472.00;4
804;4;624018216;804;167;1462;1465;11.28;0.69;170.67;3.79;658;4;473.00;3
806;4;624018225;806;171;1465;1469;11.15;0.68;170.48;3.78;659;4;474.00;4
809;4;624018234;809;175;1467;1469;11.09;0.68;170.53;3.80;658;4;475.00;2
812;4;624018243;812;175;1472;1473;11.05;0.68;170.95;3.80;660;4;476.00;1
813;4;624018254;813;184;1474;1474;10.99;0.67;170.89;3.79;661;4;477.00;0
817;4;624018263;817;190;1474;1474;10.81;0.66;170.76;3.79;657;4;478.00;0
820;4;624018273;820;197;1474;1474;10.65;0.65;170.52;3.79;654;4;479.00;0
823;4;624018283;823;205;1494;1500;10.47;0.64;170.44;3.74;671;4;480.00;6
825;4;624018294;825;210;1496;1500;10.34;0.63;170.49;3.74;671;4;481.00;4
826;4;624018303;826;217;1499;1500;10.20;0.63;170.43;3.74;673;4;482.00;1
828;4;624018311;828;220;1501;1501;10.09;0.62;170.80;3.73;673;4;483.00;0
830;4;624018320;830;227;1502;1502;9.92;0.61;170.86;3.73;672;4;484.00;0
831;4;624018328;831;233;1502;1502;9.79;0.60;170.89;3.73;671;4;485.00;0
831;4;624018337;831;236;1504;1505;9.68;0.59;170.89;3.73;673;4;486.00;1
832;4;624018345;832;236;1504;1505;9.50;0.58;170.91;3.73;672;4;487.00;1
834;4;624018353;834;244;1505;1505;9.29;0.57;170.88;3.72;671;4;488.00;0
836;4;624018361;836;244;1505;1505;9.15;0.56;170.69;3.72;669;4;489.00;0
836;4;624018369;836;243;1511;1511;9.08;0.56;170.69;3.71;675;4;490.00;0
839;4;624018377;839;246;1511;1511;8.91;0.55;170.51;3.71;672;4;491.00;0
841;4;624018386;841;248;1511;1511;8.77;0.54;170.63;3.71;670;4;492.00;0
843;4;624018395;843;249;1511;1511;8.65;0.53;170.63;3.71;668;4;493.00;0
843;4;624018403;843;252;1515;1515;8.59;0.53;170.63;3.71;672;4;494.00;0
844;4;624018412;844;251;1517;1517;8.59;0.53;170.57;3.70;673;4;495.00;0
847;4;624018419;847;250;1517;1517;8.51;0.52;170.42;3.70;670;4;496.00;0
850;4;624018427;850;253;1518;1518;8.46;0.52;170.18;3.70;668;4;497.00;0
853;4;624018435;853;259;1518;1518;8.40;0.52;170.00;3.70;665;4;498.00;0
853;4;624018442;853;259;1518;1518;8.33;0.51;170.00;3.70;665;4;499.00;0
855;4;624018450;855;258;1518;1518;8.25;0.51;169.79;3.70;663;4;500.00;0
858;4;624018464;858;260;1518;1518;8.16;0.50;169.71;3.70;660;4;501.00;0
861;4;624018473;861;259;1518;1518;8.10;0.50;169.53;3.70;657;4;502.00;0
867;4;624018480;867;263;1518;1518;8.04;0.49;169.71;3.70;651;4;503.00;0
871;4;624018487;871;270;1562;1588;8.11;0.50;169.92;3.60;691;4;504.00;26
876;4;624018501;876;266;1565;1589;7.95;0.49;170.00;3.59;689;4;505.00;24
880;4;624018508;880;257;1573;1589;7.86;0.48;169.91;3.58;693;4;506.00;16
882;4;624018516;882;252;1575;1589;7.75;0.48;170.48;3.58;693;4;507.00;14
886;4;624018523;886;255;1576;1589;7.58;0.46;170.71;3.58;690;4;508.00;13
891;4;624018530;891;261;1578;1589;7.38;0.45;171.30;3.58;687;4;509.00;11
895;4;624018539;895;256;1579;1589;7.31;0.45;171.91;3.59;684;4;510.00;10
896;4;624018547;896;254;1580;1589;7.23;0.44;172.26;3.59;684;4;511.00;9
899;4;624018554;899;253;1582;1590;7.19;0.44;172.85;3.59;683;4;512.00;8
901;4;624018561;901;247;1584;1591;7.22;0.44;172.97;3.60;683;4;513.00;7
905;4;624018568;905;250;1585;1591;7.25;0.44;173.32;3.60;680;4;514.00;6
906;4;624018575;906;253;1590;1595;7.36;0.45;173.61;3.60;684;4;515.00;5
908;4;624018583;908;259;1591;1595;7.47;0.46;174.06;3.61;683;4;516.00;4
911;4;624018593;911;261;1594;1595;7.49;0.46;174.15;3.62;683;4;517.00;1
915;4;624018601;915;259;1595;1595;7.50;0.46;174.48;3.62;680;4;518.00;0
918;4;624018609;918;257;1600;1601;7.53;0.46;174.92;3.61;682;4;519.00;1
919;4;624018617;919;258;1601;1601;7.58;0.46;174.90;3.61;682;4;520.00;0
923;4;624018625;923;259;1601;1601;7.53;0.46;175.44;3.61;678;4;521.00;0
924;4;624018633;924;256;1603;1604;7.55;0.46;175.42;3.61;679;4;522.00;1
928;4;624018641;928;245;1604;1604;7.52;0.46;175.85;3.61;676;4;523.00;0
928;4;624018649;928;239;1604;1604;7.57;0.46;175.85;3.61;676;4;524.00;0
930;4;624018657;930;234;1605;1605;7.54;0.46;176.08;3.60;675;4;525.00;0
934;4;624018665;934;231;1606;1606;7.60;0.47;176.31;3.60;672;4;526.00;0
936;4;624018673;936;234;1606;1606;7.64;0.47;176.19;3.60;670;4;527.00;0
939;4;624018681;939;235;1619;1619;7.75;0.47;176.46;3.57;680;4;528.00;0
946;4;624018692;946;232;1619;1619;7.73;0.47;176.65;3.57;673;4;529.00;0
950;4;624018714;950;230;1619;1619;7.79;0.47;176.58;3.57;669;4;530.00;0
955;4;624018723;955;233;1620;1620;7.84;0.48;176.53;3.57;665;4;531.00;0
957;4;624018732;957;233;1620;1620;7.85;0.48;176.60;3.57;663;4;532.00;0
959;4;624018741;959;233;1624;1624;7.88;0.48;177.04;3.57;665;4;533.00;0
960;4;624018756;960;233;1624;1624;7.89;0.48;177.26;3.57;664;4;534.00;0
962;4;624018771;962;233;1628;1628;7.91;0.48;177.30;3.56;666;4;535.00;0
965;4;624018780;965;231;1628;1628;7.94;0.48;177.46;3.56;663;4;536.00;0
969;4;624018789;969;231;1628;1628;7.94;0.48;177.72;3.56;659;4;537.00;0
972;4;624018798;972;230;1628;1628;7.93;0.48;177.67;3.56;656;4;538.00;0
976;4;624018806;976;227;1628;1628;7.93;0.48;177.98;3.56;652;4;539.00;0
976;4;624018817;976;230;1659;1662;8.09;0.50;177.98;3.49;683;4;540.00;3
979;4;624018829;979;222;1659;1662;8.10;0.50;177.86;3.49;680;4;541.00;3
982;4;624018838;982;223;1661;1662;8.21;0.50;178.32;3.49;679;4;542.00;1
984;4;624018847;984;217;1661;1662;8.20;0.50;178.46;3.49;677;4;543.00;1
989;4;624018856;989;217;1662;1662;8.24;0.50;178.38;3.49;673;4;544.00;0
990;4;624018865;990;216;1662;1662;8.36;0.51;178.42;3.49;672;4;545.00;0
993;4;624018873;993;217;1663;1663;8.36;0.51;178.29;3.49;670;4;546.00;0
995;4;624018882;995;214;1663;1663;8.33;0.51;178.64;3.49;668;4;547.00;0
999;4;624018890;999;210;1669;1669;8.28;0.51;178.22;3.48;670;4;548.00;0
1007;4;624018900;1007;206;1670;1670;8.22;0.50;178.79;3.48;663;4;549.00;0
1010;4;624018909;1010;209;1670;1670;8.22;0.50;178.99;3.48;660;4;550.00;0
1013;4;624018917;1013;214;1670;1670;8.28;0.51;179.23;3.48;657;4;551.00;0
1016;4;624018926;1016;217;1674;1674;8.34;0.51;179.56;3.47;658;4;552.00;0
1019;4;624018936;1019;219;1674;1674;8.39;0.51;179.67;3.47;655;4;553.00;0
1021;4;624018944;1021;216;1674;1674;8.42;0.51;180.02;3.47;653;4;554.00;0
1023;4;624018953;1023;216;1675;1675;8.46;0.52;180.19;3.47;652;4;555.00;0
1023;4;624018961;1023;219;1679;1679;8.56;0.52;180.19;3.46;656;4;556.00;0
1024;4;624018972;1024;204;1679;1679;8.64;0.53;180.29;3.46;655;4;557.00;0
1027;4;624018988;1027;193;1681;1682;8.66;0.53;180.51;3.46;654;4;558.00;1
1029;4;624018998;1029;187;1681;1682;8.77;0.54;180.64;3.46;652;4;559.00;1
1031;4;624019007;1031;184;1682;1682;8.84;0.54;180.75;3.46;651;4;560.00;0
1037;4;624019016;1037;184;1682;1682;8.89;0.54;180.69;3.46;645;4;561.00;0
1040;4;624019025;1040;180;1686;1686;9.03;0.55;180.89;3.45;646;4;562.00;0
1042;4;624019036;1042;179;1686;1686;9.12;0.56;181.29;3.45;644;4;563.00;0
1047;4;624019045;1047;176;1686;1686;9.22;0.56;181.69;3.45;639;4;564.00;0
1052;4;624019063;1052;182;1686;1686;9.28;0.56;182.17;3.45;634;4;565.00;0
1053;4;624019074;1053;167;1687;1687;9.41;0.57;182.41;3.45;634;4;566.00;0
1056;4;624019083;1056;149;1688;1688;9.56;0.58;182.57;3.45;632;4;567.00;0
1058;4;624019094;1058;143;1688;1688;9.70;0.59;182.59;3.45;630;4;568.00;0
1060;4;624019104;1060;136;1689;1689;9.94;0.60;182.69;3.45;629;4;569.00;0
1061;4;624019115;1061;132;1689;1689;10.13;0.62;182.85;3.45;628;4;570.00;0
1064;4;624019124;1064;132;1689;1689;10.27;0.62;183.31;3.45;625;4;571.00;0
1064;4;624019134;1064;131;1689;1689;10.48;0.64;183.31;3.45;625;4;572.00;0
1065;4;624019143;1065;128;1689;1689;10.68;0.65;183.60;3.45;624;4;573.00;0
1067;4;624019152;1067;126;1689;1689;10.86;0.66;183.82;3.45;622;4;574.00;0
1068;4;624019162;1068;121;1689;1689;11.03;0.67;183.83;3.45;621;4;575.00;0
1071;4;624019171;1071;147;1770;1816;10.92;0.67;184.28;3.29;699;4;576.00;46
1073;4;624019196;1073;140;1773;1817;11.02;0.68;184.56;3.29;700;4;577.00;44
1075;4;624019211;1075;126;1779;1817;11.19;0.69;184.46;3.28;704;4;578.00;38
1078;4;624019222;1078;119;1780;1817;11.33;0.70;184.76;3.28;702;4;579.00;37
1080;4;624019232;1080;113;1784;1817;11.43;0.70;185.12;3.28;704;4;580.00;33
1081;4;624019242;1081;113;1785;1817;11.49;0.70;185.16;3.29;704;4;581.00;32
1085;4;624019252;1085;115;1787;1817;11.50;0.70;185.70;3.29;702;4;582.00;30
1089;4;624019262;1089;113;1789;1817;11.54;0.70;186.44;3.29;700;4;583.00;28
1091;4;624019272;1091;114;1790;1818;11.48;0.70;187.00;3.30;699;4;584.00;28
1095;4;624019282;1095;113;1793;1820;11.47;0.70;187.20;3.30;698;4;585.00;27
1099;4;624019292;1099;113;1795;1820;11.48;0.70;187.74;3.31;696;4;586.00;25
1100;4;624019302;1100;123;1798;1821;11.55;0.70;187.87;3.31;698;4;587.00;23
1104;4;624019311;1104;128;1800;1821;11.59;0.71;188.33;3.32;696;4;588.00;21
1106;4;624019321;1106;132;1801;1821;11.74;0.71;188.46;3.33;695;4;589.00;20
1108;4;624019331;1108;131;1803;1821;11.81;0.72;188.52;3.34;695;4;590.00;18
1111;4;624019340;1111;134;1807;1825;11.88;0.72;188.75;3.35;696;4;591.00;18
1112;4;624019350;1112;133;1809;1825;11.93;0.73;188.96;3.37;697;4;592.00;16
1116;4;624019360;1116;130;1811;1825;12.03;0.73;189.59;3.38;695;4;593.00;14
1120;4;624019369;1120;133;1812;1828;12.12;0.74;189.98;3.39;692;4;594.00;16
1123;4;624019380;1123;134;1815;1828;12.23;0.74;190.32;3.41;692;4;595.00;13
1125;4;624019390;1125;132;1816;1828;12.32;0.75;190.55;3.42;691;4;596.00;12
1129;4;624019400;1129;133;1823;1832;12.34;0.75;190.91;3.43;694;4;597.00;9
1131;4;624019410;1131;132;1824;1833;12.44;0.76;190.90;3.44;693;4;598.00;9
1134;4;624019420;1134;131;1826;1833;12.58;0.76;191.16;3.45;692;4;599.00;7
1138;4;624019435;1138;136;1837;1859;12.52;0.76;191.54;3.45;699;4;600.00;22
1139;4;624019453;1139;130;1839;1859;12.65;0.77;191.39;3.46;700;4;601.00;20
1141;4;624019463;1141;134;1842;1859;12.67;0.77;191.42;3.47;701;4;602.00;17
1144;4;624019474;1144;134;1844;1860;12.75;0.77;191.57;3.48;700;4;603.00;16
1147;4;624019484;1147;135;1847;1860;12.69;0.77;191.88;3.48;700;4;604.00;13
1152;4;624019494;1152;135;1851;1866;12.68;0.77;192.38;3.48;699;4;605.00;15
1156;4;624019510;1156;138;1854;1866;12.61;0.77;192.76;3.48;698;4;606.00;12
1156;4;624019520;1156;134;1855;1867;12.70;0.77;192.76;3.48;699;4;607.00;12
1160;4;624019530;1160;136;1856;1867;12.70;0.77;192.93;3.48;696;4;608.00;11
1161;4;624019539;1161;131;1857;1867;12.71;0.77;193.10;3.48;696;4;609.00;10
1164;4;624019548;1164;127;1857;1867;12.65;0.77;193.07;3.48;693;4;610.00;10
1168;4;624019558;1168;125;1857;1867;12.62;0.77;193.19;3.48;689;4;611.00;10
1171;4;624019567;1171;121;1866;1879;12.60;0.77;193.42;3.47;695;4;612.00;13
1175;4;624019577;1175;116;1866;1879;12.56;0.76;193.63;3.47;691;4;613.00;13
1178;4;624019592;1178;110;1869;1879;12.50;0.76;193.88;3.47;691;4;614.00;10
1186;4;624019602;1186;108;1871;1879;12.42;0.75;194.34;3.48;685;4;615.00;8
1187;4;624019611;1187;104;1871;1879;12.40;0.75;194.46;3.48;684;4;616.00;8
1192;4;624019620;1192;107;1871;1879;12.37;0.75;194.82;3.48;679;4;617.00;8
1193;4;624019630;1193;110;1875;1883;12.40;0.75;195.02;3.48;682;4;618.00;8
1198;4;624019639;1198;105;1875;1883;12.37;0.75;195.04;3.48;677;4;619.00;8
1203;4;624019648;1203;103;1880;1887;12.36;0.75;194.92;3.48;677;4;620.00;7
1205;4;624019658;1205;100;1881;1888;12.38;0.75;194.87;3.48;676;4;621.00;7
1211;4;624019667;1211;101;1881;1888;12.43;0.75;194.88;3.48;670;4;622.00;7
1214;4;624019676;1214;103;1881;1888;12.43;0.75;194.96;3.48;667;4;623.00;7
1217;4;624019685;1217;115;1890;1901;12.36;0.75;194.72;3.48;673;4;624.00;11
1221;4;624019695;1221;113;1890;1901;12.31;0.75;194.70;3.48;669;4;625.00;11
1224;4;624019704;1224;117;1891;1901;12.29;0.74;194.87;3.49;667;4;626.00;10
1227;4;624019713;1227;119;1892;1902;12.19;0.74;194.93;3.49;665;4;627.00;10
1228;4;624019724;1228;120;1892;1903;12.20;0.74;194.98;3.49;664;4;628.00;11
1233;4;624019734;1233;124;1892;1903;12.15;0.73;194.94;3.49;659;4;629.00;11
1233;4;624019745;1233;130;1898;1909;12.09;0.73;194.94;3.50;665;4;630.00;11
1235;4;624019756;1235;134;1899;1909;12.12;0.73;194.74;3.50;664;4;631.00;10
1236;4;624019766;1236;141;1902;1909;12.08;0.73;194.68;3.52;666;4;632.00;7
1238;4;624019776;1238;140;1902;1909;11.98;0.73;194.66;3.52;664;4;633.00;7
1238;4;624019787;1238;142;1907;1915;11.95;0.72;194.66;3.51;669;4;634.00;8
1239;4;624019796;1239;147;1907;1915;11.86;0.72;194.85;3.51;668;4;635.00;8
1239;4;624019806;1239;147;1907;1915;11.77;0.72;194.85;3.51;668;4;636.00;8
1243;4;624019814;1243;151;1907;1915;11.71;0.71;194.57;3.51;664;4;637.00;8
1246;4;624019822;1246;156;1912;1919;11.63;0.71;194.46;3.53;666;4;638.00;7
1247;4;624019831;1247;156;1913;1920;11.55;0.70;194.57;3.53;666;4;639.00;7
1249;4;624019841;1249;163;1916;1920;11.40;0.69;194.44;3.55;667;4;640.00;4
1251;4;624019851;1251;167;1917;1921;11.24;0.69;194.41;3.55;666;4;641.00;4
1251;4;624019862;1251;172;1917;1921;11.15;0.68;194.41;3.55;666;4;642.00;4
1254;4;624019871;1254;178;1918;1921;11.06;0.68;194.10;3.55;664;4;643.00;3
1256;4;624019880;1256;187;1918;1921;10.95;0.67;194.02;3.55;662;4;644.00;3
1256;4;624019888;1256;191;1920;1921;10.88;0.67;194.02;3.57;664;4;645.00;1
1257;4;624019897;1257;197;1921;1921;10.73;0.66;193.90;3.57;664;4;646.00;0
1259;4;624019906;1259;199;1921;1921;10.58;0.65;193.93;3.57;662;4;647.00;0
1259;4;624019915;1259;209;1961;1991;10.53;0.65;193.93;3.50;702;4;648.00;30
1263;4;624019928;1263;220;1963;1992;10.34;0.63;193.92;3.50;700;4;649.00;29
1265;4;624019937;1265;224;1972;1992;10.17;0.62;193.93;3.49;707;4;650.00;20
1266;4;624019945;1266;230;1973;1992;9.97;0.61;194.06;3.49;707;4;651.00;19
1268;4;624019953;1268;233;1976;1992;9.74;0.60;194.03;3.49;708;4;652.00;16
1271;4;624019961;1271;237;1977;1992;9.53;0.59;193.91;3.49;706;4;653.00;15
1274;4;624019969;1274;236;1979;1992;9.38;0.58;193.89;3.50;705;4;654.00;13
1277;4;624019977;1277;244;1981;1992;9.25;0.57;193.65;3.50;704;4;655.00;11
1279;4;624019984;1279;243;1982;1993;9.19;0.56;193.42;3.50;703;4;656.00;11
1279;4;624019992;1279;244;1983;1994;9.11;0.56;193.42;3.50;704;4;657.00;11
1279;4;624020000;1279;248;1985;1994;9.03;0.55;193.42;3.51;706;4;658.00;9
1282;4;624020008;1282;247;1990;1998;8.94;0.55;193.28;3.51;708;4;659.00;8
1285;4;624020018;1285;249;1993;1998;8.83;0.54;193.28;3.52;708;4;660.00;5
1286;4;624020026;1286;247;1993;1998;8.70;0.53;193.22;3.52;707;4;661.00;5
1287;4;624020034;1287;254;1995;1998;8.61;0.53;193.17;3.53;708;4;662.00;3
1289;4;624020041;1289;254;2002;2004;8.54;0.52;193.23;3.53;713;4;663.00;2
1290;4;624020049;1290;257;2003;2004;8.38;0.51;193.20;3.54;713;4;664.00;1
1292;4;624020061;1292;262;2004;2004;8.25;0.51;193.06;3.54;712;4;665.00;0
1294;4;624020072;1294;266;2006;2007;8.19;0.50;193.00;3.53;712;4;666.00;1
1296;4;624020085;1296;274;2006;2007;8.09;0.49;192.97;3.53;710;4;667.00;1
1297;4;624020098;1297;281;2007;2007;7.99;0.49;192.89;3.53;710;4;668.00;0
1300;4;624020110;1300;286;2008;2008;7.85;0.48;192.83;3.53;708;4;669.00;0
1302;4;624020123;1302;293;2009;2009;7.74;0.47;192.75;3.53;707;4;670.00;0
1304;4;624020134;1304;288;2009;2009;7.59;0.46;192.66;3.53;705;4;671.00;0
1304;4;624020146;1304;292;2022;2022;7.54;0.46;192.66;3.51;718;4;672.00;0
1306;4;624020158;1306;296;2022;2022;7.40;0.45;192.51;3.51;716;4;673.00;0
1310;4;624020168;1310;293;2022;2022;7.27;0.44;192.29;3.51;712;4;674.00;0
1314;4;624020177;1314;283;2024;2024;7.21;0.44;192.42;3.50;710;4;675.00;0
1318;4;624020186;1318;272;2024;2024;7.13;0.44;192.90;3.50;706;4;676.00;0
1320;4;624020195;1320;264;2028;2028;7.18;0.44;192.95;3.50;708;4;677.00;0
1323;4;624020203;1323;260;2028;2028;7.17;0.44;192.94;3.50;705;4;678.00;0
1328;4;624020211;1328;259;2032;2032;7.15;0.44;193.21;3.49;704;4;679.00;0
1332;4;624020220;1332;241;2032;2032;7.21;0.44;193.17;3.49;700;4;680.00;0
1335;4;624020229;1335;236;2032;2032;7.20;0.44;193.57;3.49;697;4;681.00;0
1338;4;624020244;1338;224;2032;2032;7.18;0.44;194.07;3.49;694;4;682.00;0
1338;4;624020253;1338;210;2032;2032;7.23;0.44;194.07;3.49;694;4;683.00;0
1340;4;624020260;1340;207;2042;2044;7.40;0.45;194.30;3.48;702;4;684.00;2
1342;4;624020269;1342;201;2042;2044;7.48;0.46;194.35;3.48;700;4;685.00;2
1346;4;624020277;1346;197;2044;2044;7.55;0.46;194.58;3.47;698;4;686.00;0
1348;4;624020285;1348;194;2044;2044;7.69;0.47;194.85;3.47;696;4;687.00;0
1354;4;624020293;1354;186;2044;2044;7.74;0.47;194.92;3.47;690;4;688.00;0
1356;4;624020302;1356;181;2044;2044;7.85;0.48;195.09;3.47;688;4;689.00;0
1357;4;624020312;1357;179;2045;2045;7.97;0.49;195.18;3.47;688;4;690.00;0
1359;4;624020320;1359;179;2045;2045;7.99;0.49;195.33;3.47;686;4;691.00;0
1360;4;624020329;1360;174;2051;2051;8.16;0.50;195.30;3.47;691;4;692.00;0
1364;4;624020338;1364;173;2052;2052;8.22;0.51;195.76;3.46;688;4;693.00;0
1368;4;624020347;1368;166;2052;2052;8.28;0.51;195.99;3.46;684;4;694.00;0
1372;4;624020356;1372;163;2052;2052;8.39;0.51;195.79;3.46;680;4;695.00;0
1376;4;624020364;1376;165;2056;2056;8.52;0.52;196.19;3.46;680;4;696.00;0
1379;4;624020374;1379;161;2056;2056;8.58;0.52;196.21;3.46;677;4;697.00;0
1383;4;624020383;1383;161;2056;2056;8.66;0.53;196.33;3.46;673;4;698.00;0
1390;4;624020393;1390;157;2057;2057;8.67;0.53;196.18;3.46;667;4;699.00;0
1392;4;624020403;1392;153;2061;2061;8.73;0.53;196.35;3.45;669;4;700.00;0
1394;4;624020415;1394;154;2061;2061;8.73;0.53;196.70;3.45;667;4;701.00;0
1397;4;624020425;1397;151;2063;2064;8.76;0.53;196.80;3.45;666;4;702.00;1
1402;4;624020436;1402;153;2063;2064;8.78;0.53;196.47;3.45;661;4;703.00;1
1406;4;624020446;1406;159;2064;2064;8.75;0.53;196.71;3.45;658;4;704.00;0
1408;4;624020455;1408;160;2064;2064;8.75;0.53;196.79;3.45;656;4;705.00;0
1411;4;624020464;1411;159;2068;2068;8.86;0.54;197.01;3.44;657;4;706.00;0
1415;4;624020474;1415;155;2068;2068;8.88;0.54;197.08;3.44;653;4;707.00;0
1417;4;624020484;1417;160;2068;2068;8.86;0.54;197.27;3.44;651;4;708.00;0
1418;4;624020493;1418;157;2068;2068;8.85;0.54;197.33;3.44;650;4;709.00;0
1422;4;624020502;1422;161;2069;2069;8.84;0.54;197.37;3.44;647;4;710.00;0
1425;4;624020510;1425;159;2070;2070;8.85;0.54;197.52;3.44;645;4;711.00;0
1429;4;624020520;1429;160;2070;2070;8.83;0.54;197.61;3.44;641;4;712.00;0
1435;4;624020529;1435;160;2071;2071;8.82;0.54;197.71;3.44;636;4;713.00;0
1439;4;624020538;1439;158;2071;2071;8.82;0.54;197.96;3.44;632;4;714.00;0
1442;4;624020546;1442;162;2071;2071;8.84;0.54;197.96;3.44;629;4;715.00;0
1446;4;624020560;1446;170;2071;2071;8.89;0.54;198.12;3.44;625;4;716.00;0
1450;4;624020569;1450;165;2071;2071;8.88;0.54;198.21;3.44;621;4;717.00;0
1455;4;624020578;1455;167;2071;2071;8.86;0.54;198.38;3.44;616;4;718.00;0
1459;4;624020586;1459;163;2071;2071;8.78;0.53;198.47;3.44;612;4;719.00;0
1463;4;624020598;1463;202;2191;2301;8.90;0.56;198.60;3.25;728;4;720.00;110
1464;4;624020625;1464;192;2201;2302;8.92;0.56;198.69;3.24;737;4;721.00;101
1467;4;624020635;1467;181;2213;2302;8.95;0.56;198.90;3.23;746;4;722.00;89
1472;4;624020646;1472;179;2224;2302;8.95;0.56;199.16;3.23;752;4;723.00;78
1475;4;624020655;1475;168;2234;2302;8.94;0.56;199.38;3.24;759;4;724.00;68
1477;4;624020666;1477;168;2238;2302;8.92;0.56;199.44;3.24;761;4;725.00;64
1482;4;624020682;1482;166;2244;2302;8.89;0.55;199.40;3.25;762;4;726.00;58
1483;4;624020691;1483;159;2249;2302;8.92;0.55;199.37;3.26;766;4;727.00;53
1486;4;624020701;1486;156;2257;2303;8.95;0.55;199.42;3.27;771;4;728.00;46
1490;4;624020712;1490;154;2261;2304;8.95;0.55;199.50;3.28;771;4;729.00;43
1492;4;624020722;1492;153;2265;2304;8.98;0.56;199.80;3.29;773;4;730.00;39
1498;4;624020733;1498;155;2271;2305;8.91;0.55;199.98;3.31;773;4;731.00;34
1498;4;624020744;1498;161;2274;2305;8.91;0.55;199.98;3.32;776;4;732.00;31
1499;4;624020766;1499;164;2276;2305;8.90;0.55;200.01;3.33;777;4;733.00;29
1502;4;624020776;1502;165;2279;2305;8.92;0.55;200.32;3.34;777;4;734.00;26
1503;4;624020787;1503;176;2283;2309;8.89;0.55;200.31;3.35;780;4;735.00;26
1505;4;624020804;1505;176;2286;2309;8.80;0.54;200.43;3.36;781;4;736.00;23
1506;4;624020815;1506;172;2286;2309;8.82;0.54;200.61;3.36;780;4;737.00;23
1509;4;624020831;1509;171;2288;2312;8.85;0.54;200.62;3.37;779;4;738.00;24
1512;4;624020843;1512;165;2288;2312;8.83;0.54;200.61;3.37;776;4;739.00;24
1513;4;624020854;1513;169;2288;2312;8.95;0.55;200.71;3.37;775;4;740.00;24
1516;4;624020865;1516;169;2294;2316;9.03;0.55;201.11;3.38;778;4;741.00;22
1520;4;624020877;1520;170;2295;2317;9.16;0.56;201.32;3.38;775;4;742.00;22
1522;4;624020889;1522;172;2295;2317;9.31;0.57;201.64;3.38;773;4;743.00;22
1524;4;624020900;1524;176;2299;2321;9.43;0.58;201.87;3.37;775;4;744.00;22
1525;4;624020912;1525;169;2300;2321;9.55;0.58;201.79;3.38;775;4;745.00;21
1526;4;624020923;1526;168;2301;2321;9.72;0.59;201.96;3.38;775;4;746.00;20
1529;4;624020936;1529;164;2301;2322;9.91;0.60;202.17;3.38;772;4;747.00;21
1534;4;624020947;1534;162;2301;2322;10.11;0.62;202.00;3.38;767;4;748.00;21
1540;4;624020959;1540;161;2307;2328;10.25;0.62;202.52;3.39;767;4;749.00;21
1542;4;624020975;1542;155;2307;2328;10.45;0.63;202.53;3.39;765;4;750.00;21
1544;4;624020987;1544;156;2309;2329;10.55;0.64;202.70;3.40;765;4;751.00;20
1547;4;624020997;1547;151;2310;2329;10.61;0.65;202.97;3.41;763;4;752.00;19
1548;4;624021009;1548;147;2310;2329;10.71;0.65;202.95;3.41;762;4;753.00;19
1549;4;624021020;1549;148;2311;2329;10.77;0.66;203.03;3.42;762;4;754.00;18
1552;4;624021032;1552;147;2311;2329;10.87;0.66;203.34;3.42;759;4;755.00;18
1556;4;624021043;1556;145;2323;2341;10.95;0.67;203.60;3.43;767;4;756.00;18
1559;4;624021056;1559;143;2323;2341;10.98;0.67;203.98;3.43;764;4;757.00;18
1562;4;624021073;1562;145;2325;2341;11.04;0.68;203.90;3.46;763;4;758.00;16
1570;4;624021084;1570;144;2325;2341;11.08;0.68;204.41;3.46;755;4;759.00;16
1573;4;624021097;1573;146;2327;2341;11.17;0.68;204.72;3.47;754;4;760.00;14
1575;4;624021108;1575;145;2327;2341;11.22;0.68;204.91;3.47;752;4;761.00;14
1581;4;624021119;1581;151;2333;2345;11.17;0.68;205.21;3.47;752;4;762.00;12
1583;4;624021135;1583;153;2333;2345;11.31;0.69;205.39;3.47;750;4;763.00;12
1586;4;624021145;1586;154;2337;2349;11.37;0.69;205.45;3.47;751;4;764.00;12
1589;4;624021156;1589;158;2339;2351;11.36;0.69;205.57;3.47;750;4;765.00;12
1591;4;624021167;1591;157;2341;2351;11.40;0.70;205.64;3.48;750;4;766.00;10
1593;4;624021177;1593;158;2341;2351;11.41;0.70;205.67;3.48;748;4;767.00;10
1594;4;624021188;1594;160;2352;2364;11.43;0.70;205.77;3.47;758;4;768.00;12
1595;4;624021199;1595;162;2352;2364;11.45;0.70;205.76;3.47;757;4;769.00;12
1597;4;624021208;1597;158;2352;2364;11.46;0.70;205.86;3.47;755;4;770.00;12
1601;4;624021218;1601;159;2353;2365;11.47;0.70;205.95;3.47;752;4;771.00;12
1604;4;624021229;1604;160;2354;2366;11.46;0.70;205.96;3.49;750;4;772.00;12
1610;4;624021239;1610;160;2354;2366;11.44;0.70;206.15;3.49;744;4;773.00;12
1614;4;624021249;1614;160;2356;2369;11.45;0.70;206.25;3.48;742;4;774.00;13
1615;4;624021260;1615;160;2356;2369;11.44;0.70;206.20;3.48;741;4;775.00;13
1617;4;624021269;1617;164;2357;2369;11.48;0.70;206.41;3.48;740;4;776.00;12
1622;4;624021280;1622;168;2357;2369;11.51;0.70;206.44;3.48;735;4;777.00;12
1624;4;624021289;1624;169;2362;2375;11.49;0.70;206.60;3.48;738;4;778.00;13
1628;4;624021299;1628;169;2362;2375;11.50;0.70;206.92;3.48;734;4;779.00;13
1631;4;624021311;1631;169;2362;2375;11.47;0.70;207.13;3.48;731;4;780.00;13
1632;4;624021320;1632;170;2362;2375;11.49;0.70;207.09;3.48;730;4;781.00;13
1636;4;624021329;1636;163;2365;2379;11.43;0.70;207.15;3.48;729;4;782.00;14
1641;4;624021340;1641;159;2366;2380;11.39;0.70;207.09;3.47;725;4;783.00;14
1642;4;624021350;1642;159;2366;2380;11.39;0.70;207.11;3.47;724;4;784.00;14
1645;4;624021359;1645;157;2369;2381;11.29;0.69;207.15;3.48;724;4;785.00;12
1649;4;624021369;1649;152;2369;2381;11.31;0.69;207.25;3.48;720;4;786.00;12
1657;4;624021379;1657;156;2369;2381;11.38;0.69;207.14;3.48;712;4;787.00;12
1659;4;624021389;1659;154;2369;2381;11.41;0.70;207.13;3.48;710;4;788.00;12
1667;4;624021399;1667;154;2369;2381;11.47;0.70;206.85;3.48;702;4;789.00;12
1669;4;624021408;1669;152;2369;2381;11.53;0.70;206.94;3.48;700;4;790.00;12
1670;4;624021418;1670;150;2369;2381;11.56;0.70;206.86;3.48;699;4;791.00;12
1672;4;624021427;1672;152;2403;2451;11.52;0.70;207.17;3.43;731;4;792.00;48
1674;4;624021442;1674;149;2403;2452;11.49;0.70;207.27;3.43;729;4;793.00;49
1678;4;624021452;1678;150;2410;2452;11.48;0.70;207.26;3.43;732;4;794.00;42
1680;4;624021462;1680;152;2413;2452;11.40;0.70;207.18;3.43;733;4;795.00;39
1681;4;624021473;1681;156;2415;2452;11.33;0.69;207.36;3.43;734;4;796.00;37
1686;4;624021488;1686;158;2418;2452;11.31;0.69;207.82;3.46;732;4;797.00;34
1689;4;624021498;1689;157;2423;2452;11.25;0.69;207.68;3.46;734;4;798.00;29
1692;4;624021508;1692;158;2426;2452;11.13;0.68;207.56;3.50;734;4;799.00;26
1695;4;624021523;1695;164;2430;2453;11.04;0.67;207.53;3.50;735;4;800.00;23
1696;4;624021537;1696;169;2431;2454;10.95;0.67;207.46;3.51;735;4;801.00;23
1697;4;624021546;1697;169;2434;2454;10.86;0.66;207.38;3.54;737;4;802.00;20
1700;4;624021556;1700;178;2441;2458;10.78;0.66;207.30;3.55;741;4;803.00;17
1702;4;624021566;1702;183;2443;2458;10.69;0.65;207.32;3.58;741;4;804.00;15
1704;4;624021575;1704;187;2443;2458;10.60;0.65;207.32;3.58;739;4;805.00;15
1708;4;624021584;1708;192;2444;2458;10.43;0.64;207.19;3.62;736;4;806.00;14
1712;4;624021594;1712;204;2449;2464;10.34;0.63;206.96;3.61;737;4;807.00;15
1713;4;624021603;1713;212;2450;2464;10.24;0.63;206.88;3.65;737;4;808.00;14
1718;4;624021612;1718;218;2451;2464;10.10;0.62;207.04;3.68;733;4;809.00;13
1720;4;624021623;1720;224;2457;2470;10.01;0.61;206.82;3.69;737;4;810.00;13
1720;4;624021633;1720;233;2457;2470;9.89;0.61;206.82;3.69;737;4;811.00;13
1724;4;624021642;1724;244;2461;2470;9.77;0.60;206.69;3.76;737;4;812.00;9
1726;4;624021651;1726;253;2463;2471;9.59;0.58;206.64;3.78;737;4;813.00;8
1726;4;624021660;1726;259;2465;2472;9.44;0.58;206.64;3.79;739;4;814.00;7
1727;4;624021669;1727;262;2466;2472;9.28;0.57;206.66;3.80;739;4;815.00;6
1733;4;624021677;1733;270;2476;2485;9.07;0.55;206.38;3.81;743;4;816.00;9
1734;4;624021687;1734;275;2479;2485;8.98;0.55;206.28;3.82;745;4;817.00;6
1738;4;624021696;1738;277;2480;2485;8.90;0.54;206.33;3.82;742;4;818.00;5
1740;4;624021704;1740;281;2483;2486;8.74;0.53;206.20;3.83;743;4;819.00;3
1742;4;624021713;1742;289;2483;2486;8.69;0.53;206.19;3.83;741;4;820.00;3
1742;4;624021721;1742;298;2490;2490;8.77;0.54;206.19;3.82;748;4;821.00;0
1744;4;624021730;1744;304;2490;2490;8.74;0.53;206.12;3.82;746;4;822.00;0
1747;4;624021738;1747;309;2494;2494;8.67;0.53;205.95;3.82;747;4;823.00;0
1749;4;624021747;1749;314;2494;2494;8.57;0.52;205.79;3.82;745;4;824.00;0
1752;4;624021755;1752;319;2494;2494;8.34;0.51;205.57;3.82;742;4;825.00;0
1757;4;624021763;1757;324;2494;2494;8.11;0.49;205.33;3.82;737;4;826.00;0
1758;4;624021772;1758;317;2494;2494;7.97;0.49;205.31;3.82;736;4;827.00;0
1758;4;624021780;1758;313;2505;2506;7.88;0.48;205.31;3.80;747;4;828.00;1
1759;4;624021789;1759;312;2506;2506;7.82;0.48;205.32;3.80;747;4;829.00;0
1759;4;624021797;1759;308;2506;2506;7.80;0.48;205.32;3.80;747;4;830.00;0
1759;4;624021806;1759;302;2506;2506;7.83;0.48;205.32;3.80;747;4;831.00;0
1760;4;624021814;1760;300;2506;2506;7.80;0.48;205.26;3.80;746;4;832.00;0
1760;4;624021824;1760;292;2506;2506;7.80;0.48;205.26;3.80;746;4;833.00;0
1761;4;624021839;1761;293;2507;2507;7.80;0.48;205.21;3.80;746;4;834.00;0
1761;4;624021849;1761;288;2507;2507;7.87;0.48;205.21;3.80;746;4;835.00;0
1761;4;624021857;1761;288;2513;2513;7.99;0.49;205.21;3.79;752;4;836.00;0
1763;4;624021867;1763;289;2514;2514;8.04;0.49;205.16;3.79;751;4;837.00;0
1765;4;624021876;1765;286;2514;2514;8.05;0.49;205.19;3.79;749;4;838.00;0
1769;4;624021886;1769;281;2514;2514;8.04;0.49;205.01;3.79;745;4;839.00;0
1769;4;624021897;1769;283;2519;2519;8.08;0.49;205.01;3.78;750;4;840.00;0
1772;4;624021911;1772;281;2519;2519;7.93;0.49;204.88;3.78;747;4;841.00;0
1772;4;624021925;1772;279;2519;2519;7.86;0.48;204.88;3.78;747;4;842.00;0
1777;4;624021933;1777;282;2520;2520;7.77;0.48;204.91;3.78;743;4;843.00;0
1778;4;624021942;1778;278;2524;2524;7.75;0.48;204.95;3.78;746;4;844.00;0
1780;4;624021950;1780;273;2524;2524;7.68;0.47;205.06;3.78;744;4;845.00;0
1784;4;624021959;1784;270;2526;2527;7.67;0.47;205.21;3.78;742;4;846.00;1
1789;4;624021968;1789;265;2527;2527;7.61;0.47;205.16;3.78;738;4;847.00;0
1792;4;624021976;1792;269;2527;2527;7.55;0.46;205.14;3.78;735;4;848.00;0
1796;4;624021984;1796;273;2527;2527;7.50;0.46;205.59;3.78;731;4;849.00;0
1800;4;624021992;1800;260;2531;2531;7.55;0.46;205.90;3.77;731;4;850.00;0
1806;4;624022000;1806;254;2531;2531;7.50;0.46;206.02;3.77;725;4;851.00;0
1809;4;624022008;1809;251;2531;2531;7.45;0.46;206.46;3.77;722;4;852.00;0
1811;4;624022016;1811;245;2531;2531;7.47;0.46;206.40;3.77;720;4;853.00;0
1813;4;624022024;1813;236;2532;2532;7.45;0.46;206.61;3.77;719;4;854.00;0
1817;4;624022033;1817;232;2534;2534;7.47;0.46;206.72;3.77;717;4;855.00;0
1821;4;624022041;1821;229;2534;2534;7.50;0.46;206.93;3.77;713;4;856.00;0
1823;4;624022049;1823;221;2535;2535;7.56;0.46;206.97;3.77;712;4;857.00;0
1829;4;624022062;1829;215;2535;2535;7.58;0.46;207.27;3.77;706;4;858.00;0
1832;4;624022075;1832;210;2535;2535;7.59;0.46;207.45;3.77;703;4;859.00;0
1834;4;624022089;1834;204;2535;2535;7.66;0.47;207.52;3.77;701;4;860.00;0
1838;4;624022101;1838;200;2535;2535;7.68;0.47;207.82;3.77;697;4;861.00;0
1842;4;624022115;1842;194;2535;2535;7.74;0.47;208.05;3.77;693;4;862.00;0
1845;4;624022127;1845;196;2535;2535;7.80;0.48;208.12;3.77;690;4;863.00;0
1848;4;624022139;1848;200;2613;2662;8.05;0.50;208.36;3.65;765;4;864.00;49
1852;4;624022165;1852;194;2617;2663;8.13;0.51;208.38;3.65;765;4;865.00;46
1858;4;624022177;1858;195;2625;2663;8.16;0.51;208.76;3.65;767;4;866.00;38
1861;4;624022188;1861;190;2627;2663;8.27;0.51;208.79;3.64;766;4;867.00;36
1865;4;624022197;1865;186;2634;2663;8.36;0.52;208.72;3.65;769;4;868.00;29
1867;4;624022208;1867;184;2637;2663;8.41;0.52;208.92;3.65;770;4;869.00;26
1869;4;624022221;1869;183;2640;2663;8.41;0.52;208.96;3.65;771;4;870.00;23
1872;4;624022232;1872;189;2641;2663;8.45;0.52;208.94;3.65;769;4;871.00;22
1875;4;624022241;1875;197;2644;2664;8.46;0.52;209.01;3.66;769;4;872.00;20
1880;4;624022252;1880;198;2646;2665;8.41;0.52;208.85;3.66;766;4;873.00;19
1884;4;624022264;1884;205;2647;2665;8.41;0.52;208.92;3.66;763;4;874.00;18
1888;4;624022277;1888;205;2652;2666;8.39;0.52;208.92;3.67;764;4;875.00;14
1892;4;624022291;1892;208;2654;2666;8.39;0.52;209.02;3.68;762;4;876.00;12
1897;4;624022305;1897;216;2659;2666;8.35;0.51;209.04;3.70;762;4;877.00;7
1903;4;624022322;1903;220;2660;2666;8.30;0.51;209.35;3.70;757;4;878.00;6
1907;5;624022332;1907;225;2665;2670;8.28;0.51;209.35;3.70;758;5;879.00;5
1909;5;624022358;1909;226;2666;2670;8.26;0.51;209.46;3.70;757;5;880.00;4
1911;5;624022378;1911;229;2667;2670;8.23;0.51;209.43;3.71;756;5;881.00;3
1917;5;624022390;1917;223;2670;2673;8.23;0.50;209.60;3.71;753;5;882.00;3
1919;5;624022405;1919;226;2670;2673;8.29;0.51;209.69;3.71;751;5;883.00;3
1921;5;624022423;1921;223;2670;2673;8.29;0.51;209.78;3.71;749;5;884.00;3
1923;5;624022442;1923;224;2674;2677;8.40;0.51;209.90;3.71;751;5;885.00;3
1927;5;624022457;1927;222;2677;2678;8.45;0.52;209.79;3.72;750;5;886.00;1
1929;5;624022469;1929;224;2678;2678;8.48;0.52;209.81;3.72;749;5;887.00;0
1933;5;624022479;1933;225;2682;2682;8.47;0.52;209.91;3.71;749;5;888.00;0
1937;5;624022490;1937;224;2682;2682;8.53;0.52;210.12;3.71;745;5;889.00;0
1941;5;624022500;1941;219;2682;2682;8.61;0.52;210.14;3.71;741;5;890.00;0
1945;5;624022510;1945;218;2683;2683;8.64;0.53;210.20;3.71;738;5;891.00;0
1948;5;624022520;1948;218;2683;2683;8.69;0.53;210.26;3.71;735;5;892.00;0
1948;5;624022531;1948;213;2689;2689;8.70;0.53;210.26;3.70;741;5;893.00;0
1948;5;624022542;1948;221;2689;2689;8.75;0.53;210.26;3.70;741;5;894.00;0
1949;5;624022552;1949;224;2690;2690;8.76;0.53;210.32;3.70;741;5;895.00;0
1954;5;624022562;1954;225;2690;2690;8.68;0.53;210.34;3.70;736;5;896.00;0
1961;5;624022573;1961;210;2690;2690;8.65;0.53;210.67;3.70;729;5;897.00;0
1964;5;624022583;1964;206;2690;2690;8.75;0.53;210.72;3.70;726;5;898.00;0
1965;5;624022595;1965;200;2690;2690;8.83;0.54;210.76;3.70;725;5;899.00;0
1969;5;624022609;1969;194;2721;2736;8.94;0.55;210.80;3.66;752;5;900.00;15
1970;5;624022628;1970;183;2721;2736;9.08;0.56;211.07;3.66;751;5;901.00;15
1972;5;624022639;1972;177;2725;2736;9.23;0.57;211.07;3.66;753;5;902.00;11
1979;5;624022650;1979;176;2725;2736;9.30;0.57;211.44;3.66;746;5;903.00;11
1981;5;624022663;1981;173;2727;2736;9.41;0.58;211.52;3.66;746;5;904.00;9
1984;5;624022675;1984;176;2727;2736;9.48;0.58;211.56;3.66;743;5;905.00;9
1989;5;624022693;1989;165;2732;2740;9.49;0.58;211.63;3.65;743;5;906.00;8
1990;5;624022704;1990;155;2733;2740;9.62;0.59;211.60;3.66;743;5;907.00;7
1993;5;624022714;1993;148;2737;2744;9.70;0.59;211.56;3.65;744;5;908.00;7
1995;5;624022726;1995;147;2738;2745;9.80;0.60;211.53;3.65;743;5;909.00;7
1999;5;624022738;1999;139;2738;2745;9.89;0.60;211.84;3.65;739;5;910.00;7
2002;5;624022749;2002;138;2739;2745;9.91;0.60;212.07;3.66;737;5;911.00;6
2004;5;624022761;2004;135;2751;2758;10.08;0.61;212.04;3.64;747;5;912.00;7
2006;5;624022773;2006;134;2752;2758;10.14;0.62;212.02;3.64;746;5;913.00;6
2006;5;624022785;2006;129;2752;2758;10.23;0.62;212.02;3.64;746;5;914.00;6
2009;5;624022799;2009;127;2753;2759;10.40;0.63;211.91;3.64;744;5;915.00;6
2013;5;624022813;2013;124;2754;2760;10.43;0.63;211.96;3.64;741;5;916.00;6
2015;5;624022827;2015;124;2755;2760;10.48;0.64;211.98;3.65;740;5;917.00;5
2018;5;624022846;2018;123;2757;2763;10.51;0.64;212.34;3.64;739;5;918.00;6
2022;5;624022861;2022;126;2758;2763;10.49;0.64;212.47;3.65;736;5;919.00;5
2023;5;624022873;2023;127;2759;2763;10.44;0.63;212.48;3.65;736;5;920.00;4
2025;5;624022888;2025;126;2759;2763;10.31;0.63;212.68;3.65;734;5;921.00;4
2030;5;624022905;2030;128;2764;2769;10.22;0.62;212.85;3.64;734;5;922.00;5
2030;5;624022922;2030;134;2765;2769;10.16;0.62;212.85;3.65;735;5;923.00;4
2031;5;624022933;2031;129;2765;2769;10.21;0.62;212.97;3.65;734;5;924.00;4
2032;5;624022945;2032;125;2767;2769;10.27;0.62;212.90;3.66;735;5;925.00;2
2033;5;624022956;2033;130;2773;2773;10.28;0.63;213.01;3.66;740;5;926.00;0
2036;5;624022970;2036;125;2774;2774;10.38;0.63;213.11;3.66;738;5;927.00;0
2038;5;624022982;2038;128;2774;2774;10.47;0.64;213.31;3.66;736;5;928.00;0
2040;6;624022993;2040;133;2775;2775;10.62;0.65;213.48;3.66;735;6;929.00;0
2043;6;624023030;2043;143;2775;2775;10.68;0.65;213.41;3.66;732;6;930.00;0
2047;6;624023042;2047;149;2775;2775;10.70;0.65;213.45;3.66;728;6;931.00;0
2053;6;624023054;2053;148;2775;2775;10.70;0.65;213.34;3.66;722;6;932.00;0
2054;6;624023065;2054;155;2775;2775;10.75;0.65;213.46;3.66;721;6;933.00;0
2057;6;624023075;2057;158;2775;2775;10.71;0.65;213.59;3.66;718;6;934.00;0
2060;6;624023086;2060;156;2775;2775;10.70;0.65;213.80;3.66;715;6;935.00;0
2061;6;624023097;2061;170;2814;2845;10.48;0.64;213.78;3.61;753;6;936.00;31
2068;6;624023113;2068;165;2814;2846;10.43;0.63;214.30;3.61;746;6;937.00;32
2070;6;624023123;2070;162;2819;2846;10.54;0.64;214.45;3.61;749;6;938.00;27
2070;6;624023132;2070;171;2821;2846;10.54;0.64;214.45;3.61;751;6;939.00;25
2074;6;624023142;2074;177;2824;2846;10.53;0.64;214.50;3.61;750;6;940.00;22
2074;6;624023151;2074;178;2826;2846;10.54;0.64;214.50;3.61;752;6;941.00;20
2079;6;624023161;2079;185;2828;2846;10.47;0.64;214.66;3.61;749;6;942.00;18
2080;6;624023171;2080;189;2830;2846;10.42;0.63;214.70;3.61;750;6;943.00;16
2080;6;624023184;2080;186;2831;2847;10.38;0.63;214.70;3.61;751;6;944.00;16
2085;6;624023208;2085;184;2834;2849;10.36;0.63;214.65;3.62;749;6;945.00;15
2086;6;624023219;2086;189;2836;2849;10.30;0.63;214.59;3.62;750;6;946.00;13
2088;6;624023228;2088;187;2841;2853;10.31;0.63;214.54;3.62;753;6;947.00;12
2091;6;624023239;2091;187;2843;2853;10.30;0.63;214.58;3.63;752;6;948.00;10
2094;6;624023249;2094;188;2844;2853;10.27;0.63;214.39;3.63;750;6;949.00;9
2096;6;624023258;2096;190;2845;2853;10.26;0.63;214.41;3.63;749;6;950.00;8
2098;6;624023268;2098;190;2849;2859;10.25;0.63;214.42;3.63;751;6;951.00;10
2100;6;624023277;2100;186;2850;2859;10.23;0.62;214.30;3.63;750;6;952.00;9
2103;6;624023290;2103;182;2850;2859;10.20;0.62;214.32;3.63;747;6;953.00;9
2106;6;624023305;2106;183;2852;2862;10.21;0.62;214.24;3.63;746;6;954.00;10
2109;6;624023321;2109;185;2856;2862;10.16;0.62;214.28;3.65;747;6;955.00;6
2111;6;624023334;2111;189;2857;2862;10.22;0.62;214.23;3.65;746;6;956.00;5
2114;6;624023351;2114;194;2857;2863;10.21;0.62;214.07;3.65;743;6;957.00;6
2118;6;624023361;2118;194;2858;2864;10.23;0.62;213.88;3.65;740;6;958.00;6
2123;6;624023371;2123;198;2858;2864;10.18;0.62;213.92;3.65;735;6;959.00;6
2127;6;624023382;2127;201;2876;2890;10.09;0.62;213.72;3.62;749;6;960.00;14
2132;6;624023395;2132;205;2876;2890;10.04;0.61;213.67;3.62;744;6;961.00;14
2136;6;624023405;2136;205;2878;2890;10.02;0.61;213.49;3.62;742;6;962.00;12
2137;6;624023415;2137;205;2879;2891;10.00;0.61;213.42;3.62;742;6;963.00;12
2142;6;624023424;2142;203;2881;2891;9.95;0.61;213.18;3.63;739;6;964.00;10
2142;6;624023434;2142;203;2884;2895;9.96;0.61;213.18;3.63;742;6;965.00;11
2145;6;624023445;2145;211;2884;2895;9.91;0.61;212.96;3.63;739;6;966.00;11
2147;6;624023454;2147;213;2888;2899;9.85;0.60;212.94;3.63;741;6;967.00;11
2150;6;624023463;2150;219;2888;2899;9.80;0.60;212.99;3.63;738;6;968.00;11
2155;6;624023474;2155;222;2889;2899;9.70;0.59;213.04;3.63;734;6;969.00;10
2156;6;624023484;2156;228;2889;2899;9.61;0.58;213.05;3.63;733;6;970.00;10
2156;6;624023494;2156;230;2890;2899;9.52;0.58;213.05;3.64;734;6;971.00;9
2157;6;624023503;2157;238;2901;2911;9.54;0.58;212.97;3.63;744;6;972.00;10
2159;6;624023513;2159;243;2902;2911;9.47;0.58;213.03;3.64;743;6;973.00;9
2163;6;624023523;2163;242;2904;2911;9.39;0.57;213.08;3.65;741;6;974.00;7
2164;6;624023533;2164;242;2905;2911;9.26;0.56;213.10;3.65;741;6;975.00;6
2166;6;624023541;2166;248;2905;2911;9.15;0.56;213.03;3.65;739;6;976.00;6
2167;6;624023550;2167;253;2905;2911;9.07;0.55;213.04;3.65;738;6;977.00;6
2169;6;624023558;2169;259;2905;2912;8.89;0.54;212.95;3.65;736;6;978.00;7
2169;6;624023568;2169;253;2906;2912;8.82;0.54;212.95;3.66;737;6;979.00;6
2169;6;624023577;2169;256;2912;2918;8.82;0.54;212.95;3.66;743;6;980.00;6
2171;6;624023586;2171;249;2913;2919;8.85;0.54;212.97;3.66;742;6;981.00;6
2173;6;624023595;2173;242;2914;2919;8.84;0.54;212.90;3.66;741;6;982.00;5
2174;6;624023604;2174;242;2915;2919;8.87;0.54;212.92;3.66;741;6;983.00;4
2175;6;624023614;2175;243;2918;2923;8.92;0.55;212.83;3.66;743;6;984.00;5
2177;6;624023624;2177;242;2919;2923;8.83;0.54;212.78;3.67;742;6;985.00;4
2178;6;624023640;2178;244;2919;2923;8.88;0.54;212.76;3.67;741;6;986.00;4
2181;6;624023650;2181;242;2921;2924;8.88;0.54;212.76;3.67;740;6;987.00;3
2184;6;624023665;2184;248;2925;2928;8.86;0.54;212.61;3.67;741;6;988.00;3
2188;6;624023679;2188;248;2925;2928;8.79;0.54;212.52;3.67;737;6;989.00;3
2189;6;624023705;2189;251;2931;2934;8.76;0.53;212.54;3.67;742;6;990.00;3
2191;6;624023728;2191;253;2932;2934;8.74;0.53;212.59;3.67;741;6;991.00;2
2193;6;624023742;2193;255;2934;2934;8.71;0.53;212.55;3.67;741;6;992.00;0
2193;6;624023756;2193;256;2934;2934;8.69;0.53;212.55;3.67;741;6;993.00;0
2194;6;624023769;2194;257;2938;2938;8.60;0.53;212.57;3.67;744;6;994.00;0
2195;6;624023780;2195;263;2938;2938;8.47;0.52;212.54;3.67;743;6;995.00;0
2197;7;624023793;2197;264;2938;2938;8.33;0.51;212.56;3.67;741;7;996.00;0
2198;7;624023826;2198;269;2938;2938;8.12;0.50;212.58;3.67;740;7;997.00;0
2200;7;624023836;2200;275;2939;2939;7.95;0.49;212.63;3.67;739;7;998.00;0
2204;7;624023847;2204;279;2940;2940;7.82;0.48;212.71;3.67;736;7;999.00;0
2206;7;624023858;2206;276;2940;2940;7.76;0.48;212.65;3.67;734;7;1000.00;0
2209;7;624023872;2209;273;2941;2941;7.75;0.48;212.61;3.67;732;7;1001.00;0
2212;7;624023882;2212;269;2941;2941;7.76;0.48;212.59;3.67;729;7;1002.00;0
2216;7;624023891;2216;271;2941;2941;7.75;0.47;212.72;3.67;725;7;1003.00;0
2217;7;624023900;2217;267;2941;2941;7.76;0.47;212.69;3.67;724;7;1004.00;0
2218;7;624023910;2218;264;2941;2941;7.75;0.47;212.82;3.67;723;7;1005.00;0
2219;7;624023920;2219;257;2941;2941;7.75;0.47;212.80;3.67;722;7;1006.00;0
2220;7;624023929;2220;255;2941;2941;7.79;0.48;212.94;3.67;721;7;1007.00;0
2220;7;624023938;2220;272;3014;3068;8.02;0.50;212.94;3.58;794;7;1008.00;54
2223;7;624023957;2223;270;3017;3069;8.05;0.50;213.00;3.58;794;7;1009.00;52
2224;7;624023967;2224;258;3026;3069;8.14;0.51;213.03;3.57;802;7;1010.00;43
2227;7;624023977;2227;257;3033;3069;8.17;0.51;213.28;3.57;806;7;1011.00;36
2230;7;624023986;2230;256;3039;3069;8.16;0.51;213.30;3.57;809;7;1012.00;30
2234;7;624023996;2234;258;3042;3069;8.08;0.50;213.49;3.57;808;7;1013.00;27
2236;7;624024010;2236;262;3045;3069;8.09;0.50;213.62;3.57;809;7;1014.00;24
2244;7;624024023;2244;265;3047;3069;8.03;0.50;213.50;3.58;803;7;1015.00;22
2247;7;624024036;2247;265;3051;3070;8.02;0.49;213.50;3.58;804;7;1016.00;19
2251;7;624024055;2251;273;3053;3071;7.98;0.49;213.84;3.59;802;7;1017.00;18
2253;7;624024073;2253;272;3055;3071;7.87;0.49;213.77;3.59;802;7;1018.00;16
2258;7;624024089;2258;276;3059;3072;7.72;0.48;214.08;3.60;801;7;1019.00;13
2263;7;624024108;2263;273;3061;3072;7.62;0.47;214.35;3.60;798;7;1020.00;11
2267;7;624024123;2267;268;3062;3072;7.51;0.46;214.47;3.61;795;7;1021.00;10
2271;7;624024137;2271;269;3066;3072;7.45;0.46;214.82;3.62;795;7;1022.00;6
2275;7;624024151;2275;265;3069;3076;7.42;0.46;215.03;3.61;794;7;1023.00;7
2279;7;624024165;2279;266;3071;3076;7.39;0.46;215.23;3.62;792;7;1024.00;5
2283;7;624024178;2283;271;3071;3076;7.40;0.46;215.49;3.62;788;7;1025.00;5
2286;7;624024190;2286;265;3073;3079;7.45;0.46;215.70;3.62;787;7;1026.00;6
2291;7;624024201;2291;263;3074;3079;7.50;0.46;215.93;3.62;783;7;1027.00;5
2294;7;624024212;2294;256;3074;3079;7.60;0.47;216.17;3.62;780;7;1028.00;5
2296;7;624024223;2296;247;3078;3083;7.65;0.47;216.21;3.62;782;7;1029.00;5
2301;7;624024236;2301;240;3080;3084;7.73;0.48;216.52;3.62;779;7;1030.00;4
2305;7;624024248;2305;234;3083;3084;7.75;0.48;216.58;3.64;778;7;1031.00;1
2311;7;624024267;2311;232;3087;3088;7.80;0.48;216.91;3.63;776;7;1032.00;1
2317;7;624024277;2317;225;3088;3088;7.82;0.48;217.22;3.63;771;7;1033.00;0
2319;7;624024299;2319;223;3088;3088;7.88;0.48;217.28;3.63;769;7;1034.00;0
2328;7;624024310;2328;227;3090;3090;7.89;0.48;217.58;3.63;762;7;1035.00;0
2332;7;624024322;2332;228;3090;3090;7.94;0.48;217.58;3.63;758;7;1036.00;0
2334;7;624024333;2334;229;3096;3096;8.05;0.49;217.67;3.63;762;7;1037.00;0
2337;7;624024345;2337;226;3096;3096;8.09;0.49;217.82;3.63;759;7;1038.00;0
2340;7;624024357;2340;227;3097;3097;8.07;0.49;217.82;3.63;757;7;1039.00;0
2342;7;624024368;2342;232;3097;3097;8.11;0.49;217.93;3.63;755;7;1040.00;0
2344;7;624024387;2344;233;3097;3097;8.14;0.50;218.14;3.63;753;7;1041.00;0
2349;7;624024398;2349;228;3097;3097;8.08;0.49;218.15;3.63;748;7;1042.00;0
2353;7;624024409;2353;230;3097;3097;8.11;0.49;218.21;3.63;744;7;1043.00;0
2357;7;624024420;2357;230;3108;3109;8.21;0.50;218.43;3.61;751;7;1044.00;1
2361;7;624024432;2361;231;3109;3109;8.18;0.50;218.62;3.61;748;7;1045.00;0
2363;7;624024446;2363;231;3109;3109;8.26;0.51;218.72;3.61;746;7;1046.00;0
2370;7;624024457;2370;236;3109;3109;8.27;0.51;218.85;3.61;739;7;1047.00;0
2378;7;624024467;2378;238;3109;3109;8.24;0.50;218.82;3.61;731;7;1048.00;0
2379;7;624024479;2379;238;3109;3109;8.23;0.50;218.87;3.61;730;7;1049.00;0
2381;7;624024492;2381;233;3115;3115;8.24;0.50;218.98;3.61;734;7;1050.00;0
2383;7;624024504;2383;227;3115;3115;8.23;0.50;218.98;3.61;732;7;1051.00;0
2387;7;624024517;2387;221;3119;3119;8.33;0.51;219.21;3.60;732;7;1052.00;0
2391;7;624024529;2391;216;3120;3120;8.38;0.51;219.44;3.60;729;7;1053.00;0
2393;7;624024541;2393;215;3120;3120;8.40;0.51;219.44;3.60;727;7;1054.00;0
2400;7;624024553;2400;214;3120;3120;8.38;0.51;219.42;3.60;720;7;1055.00;0
2402;7;624024563;2402;215;3133;3133;8.42;0.51;219.37;3.59;731;7;1056.00;0
2407;7;624024574;2407;211;3133;3133;8.41;0.51;219.50;3.59;726;7;1057.00;0
2412;7;624024586;2412;211;3133;3133;8.42;0.51;219.75;3.59;721;7;1058.00;0
2415;7;624024597;2415;217;3134;3134;8.47;0.51;219.71;3.59;719;7;1059.00;0
2419;7;624024610;2419;221;3135;3135;8.45;0.51;219.77;3.59;716;7;1060.00;0
2423;7;624024623;2423;228;3135;3135;8.46;0.51;219.77;3.59;712;7;1061.00;0
2425;7;624024646;2425;226;3137;3138;8.48;0.51;219.78;3.58;712;7;1062.00;1
2426;7;624024661;2426;230;3137;3138;8.50;0.52;219.79;3.58;711;7;1063.00;1
2427;7;624024674;2427;229;3138;3138;8.49;0.52;219.71;3.58;711;7;1064.00;0
2429;7;624024687;2429;233;3138;3138;8.48;0.52;219.87;3.58;709;7;1065.00;0
2430;7;624024705;2430;232;3144;3144;8.42;0.51;219.87;3.58;714;7;1066.00;0
2434;7;624024735;2434;229;3144;3144;8.35;0.51;219.96;3.58;710;7;1067.00;0
2437;7;624024759;2437;221;3144;3144;8.30;0.51;219.98;3.58;707;7;1068.00;0
2440;7;624024784;2440;220;3144;3144;8.26;0.50;220.12;3.58;704;7;1069.00;0
2441;7;624024800;2441;217;3148;3148;8.27;0.50;220.11;3.57;707;7;1070.00;0
2442;7;624024816;2442;216;3149;3149;8.32;0.51;220.34;3.57;707;7;1071.00;0
2446;7;624024829;2446;219;3149;3149;8.28;0.50;220.43;3.57;703;7;1072.00;0
2448;7;624024851;2448;221;3150;3150;8.31;0.51;220.53;3.57;702;7;1073.00;0
2452;7;624024865;2452;228;3150;3150;8.30;0.51;220.58;3.57;698;7;1074.00;0
2456;7;624024877;2456;226;3150;3150;8.26;0.50;220.64;3.57;694;7;1075.00;0
2460;7;624024890;2460;217;3150;3150;8.31;0.50;220.70;3.57;690;7;1076.00;0
2461;7;624024903;2461;206;3150;3150;8.40;0.51;220.76;3.57;689;7;1077.00;0
2464;7;624024916;2464;204;3150;3150;8.48;0.51;220.79;3.57;686;7;1078.00;0
2465;7;624024930;2465;197;3150;3150;8.53;0.52;220.86;3.57;685;7;1079.00;0
2466;7;624024949;2466;228;3236;3275;8.42;0.52;220.90;3.48;770;7;1080.00;39
2468;7;624024993;2468;215;3239;3276;8.44;0.52;220.98;3.48;771;7;1081.00;37
2471;7;624025016;2471;198;3244;3276;8.55;0.52;221.10;3.47;773;7;1082.00;32
2472;7;624025035;2472;192;3245;3276;8.60;0.53;221.12;3.47;773;7;1083.00;31
2474;7;624025049;2474;194;3249;3276;8.66;0.53;221.09;3.47;775;7;1084.00;27
2477;7;624025065;2477;185;3251;3276;8.73;0.53;221.10;3.47;774;7;1085.00;25
2480;7;624025078;2480;189;3255;3276;8.74;0.53;221.27;3.48;775;7;1086.00;21
2482;7;624025092;2482;191;3256;3276;8.78;0.54;221.34;3.48;774;7;1087.00;20
2486;7;624025106;2486;193;3259;3277;8.78;0.54;221.46;3.48;773;7;1088.00;18
2486;7;624025120;2486;196;3264;3278;8.82;0.54;221.46;3.49;778;7;1089.00;14
2488;7;624025134;2488;200;3266;3278;8.74;0.53;221.36;3.50;778;7;1090.00;12
2489;7;624025148;2489;207;3272;3282;8.60;0.52;221.41;3.49;783;7;1091.00;10
2494;7;624025163;2494;214;3273;3282;8.50;0.52;221.56;3.50;779;7;1092.00;9
2496;7;624025177;2496;218;3274;3282;8.43;0.51;221.72;3.50;778;7;1093.00;8
2498;7;624025192;2498;223;3275;3282;8.49;0.52;221.92;3.50;777;7;1094.00;7
2501;7;624025206;2501;231;3281;3288;8.52;0.52;222.18;3.50;780;7;1095.00;7
2503;7;624025222;2503;220;3282;3288;8.61;0.52;222.12;3.51;779;7;1096.00;6
2506;7;624025234;2506;226;3283;3288;8.66;0.53;222.24;3.51;777;7;1097.00;5
2508;7;624025247;2508;218;3285;3291;8.68;0.53;222.17;3.51;777;7;1098.00;6
2509;7;624025260;2509;217;3286;3291;8.70;0.53;222.13;3.51;777;7;1099.00;5
2511;7;624025273;2511;216;3286;3291;8.76;0.53;222.05;3.51;775;7;1100.00;5
2511;7;624025289;2511;216;3288;3292;8.81;0.54;222.05;3.51;777;7;1101.00;4
2512;7;624025306;2512;219;3289;3293;8.91;0.55;221.99;3.50;777;7;1102.00;4
2516;7;624025319;2516;222;3289;3293;8.95;0.55;221.96;3.50;773;7;1103.00;4
2518;7;624025331;2518;222;3299;3306;8.97;0.55;221.84;3.49;781;7;1104.00;7
2520;7;624025344;2520;216;3299;3306;9.07;0.55;221.73;3.49;779;7;1105.00;7
2524;7;624025356;2524;221;3299;3306;9.13;0.56;221.78;3.49;775;7;1106.00;7
2524;7;624025376;2524;219;3301;3307;9.18;0.56;221.78;3.49;777;7;1107.00;6
2528;7;624025388;2528;223;3301;3307;9.20;0.56;221.65;3.49;773;7;1108.00;6
2528;7;624025399;2528;217;3304;3311;9.24;0.56;221.65;3.49;776;7;1109.00;7
2531;7;624025416;2531;220;3305;3311;9.23;0.56;221.55;3.50;774;7;1110.00;6
2532;7;624025429;2532;220;3309;3315;9.17;0.56;221.48;3.50;777;7;1111.00;6
2533;7;624025442;2533;221;3309;3315;9.23;0.56;221.41;3.50;776;7;1112.00;6
2535;7;624025452;2535;228;3310;3315;9.23;0.56;221.26;3.51;775;7;1113.00;5
2536;7;624025463;2536;228;3310;3315;9.24;0.56;221.23;3.51;774;7;1114.00;5
2538;7;624025476;2538;233;3311;3315;9.25;0.56;221.19;3.51;773;7;1115.00;4
2543;7;624025488;2543;235;3322;3327;9.24;0.56;221.02;3.50;779;7;1116.00;5
2544;7;624025501;2544;238;3322;3327;9.23;0.56;220.96;3.50;778;7;1117.00;5
2547;7;624025512;2547;239;3322;3327;9.17;0.56;220.92;3.50;775;7;1118.00;5
2551;7;624025522;2551;237;3323;3327;9.07;0.55;220.91;3.51;772;7;1119.00;4
2555;7;624025533;2555;240;3323;3327;9.04;0.55;220.91;3.51;768;7;1120.00;4
2558;7;624025543;2558;244;3323;3327;9.03;0.55;220.80;3.51;765;7;1121.00;4
2558;7;624025554;2558;238;3323;3328;9.08;0.55;220.80;3.51;765;7;1122.00;5
2560;7;624025564;2560;237;3323;3328;9.05;0.55;220.71;3.51;763;7;1123.00;5
2562;7;624025574;2562;240;3328;3334;9.10;0.55;220.68;3.51;766;7;1124.00;6
2566;7;624025585;2566;239;3332;3336;9.07;0.55;220.57;3.52;766;7;1125.00;4
2570;7;624025597;2570;239;3332;3336;9.07;0.55;220.48;3.52;762;7;1126.00;4
2570;7;624025608;2570;239;3332;3336;9.12;0.55;220.48;3.52;762;7;1127.00;4
2573;7;624025619;2573;243;3335;3340;9.17;0.56;220.42;3.52;762;7;1128.00;5
2575;7;624025629;2575;244;3335;3340;9.22;0.56;220.33;3.52;760;7;1129.00;5
2576;7;624025642;2576;245;3335;3340;9.21;0.56;220.26;3.52;759;7;1130.00;5
2577;7;624025656;2577;236;3336;3341;9.30;0.56;220.23;3.51;759;7;1131.00;5
2577;7;624025671;2577;227;3339;3345;9.36;0.57;220.23;3.51;762;7;1132.00;6
2578;7;624025682;2578;220;3339;3345;9.43;0.57;220.16;3.51;761;7;1133.00;6
2579;7;624025694;2579;216;3341;3348;9.50;0.58;220.09;3.51;762;7;1134.00;7
2580;7;624025706;2580;212;3342;3348;9.55;0.58;220.11;3.51;762;7;1135.00;6
2585;7;624025720;2585;207;3342;3348;9.57;0.58;220.00;3.51;757;7;1136.00;6
2585;8;624025732;2585;208;3342;3348;9.57;0.58;220.00;3.51;757;8;1137.00;6
2587;8;624025775;2587;210;3346;3352;9.67;0.59;220.00;3.51;759;8;1138.00;6
2589;8;624025787;2589;213;3346;3352;9.73;0.59;220.02;3.51;757;8;1139.00;6
2591;8;624025799;2591;208;3346;3352;9.76;0.59;219.98;3.51;755;8;1140.00;6
2592;8;624025809;2592;207;3346;3352;9.77;0.59;219.99;3.51;754;8;1141.00;6
2592;8;624025821;2592;203;3346;3353;9.78;0.59;219.99;3.51;754;8;1142.00;7
2592;8;624025831;2592;202;3347;3354;9.75;0.59;219.99;3.51;755;8;1143.00;7
2593;8;624025847;2593;206;3347;3354;9.69;0.59;219.97;3.51;754;8;1144.00;7
2593;8;624025857;2593;205;3348;3355;9.67;0.59;219.97;3.50;755;8;1145.00;7
2593;8;624025874;2593;208;3348;3355;9.68;0.59;219.97;3.50;755;8;1146.00;7
2594;8;624025885;2594;210;3348;3355;9.61;0.58;219.94;3.50;754;8;1147.00;7
2595;8;624025896;2595;212;3348;3355;9.53;0.58;219.88;3.50;753;8;1148.00;7
2597;8;624025906;2597;213;3349;3355;9.40;0.57;219.90;3.52;752;8;1149.00;6
2597;8;624025918;2597;213;3350;3355;9.30;0.57;219.90;3.52;753;8;1150.00;5
2597;8;624025930;2597;212;3350;3355;9.31;0.57;219.90;3.52;753;8;1151.00;5
2599;8;624025946;2599;234;3415;3482;9.33;0.58;219.92;3.46;816;8;1152.00;67
2600;8;624025986;2600;227;3421;3483;9.34;0.58;220.01;3.46;821;8;1153.00;62
2604;8;624025998;2604;221;3431;3483;9.33;0.58;219.99;3.46;827;8;1154.00;52
2608;8;624026013;2608;220;3436;3483;9.28;0.57;220.29;3.47;828;8;1155.00;47
2609;8;624026024;2609;224;3443;3483;9.30;0.57;220.28;3.47;834;8;1156.00;40
2611;8;624026035;2611;223;3445;3483;9.23;0.57;220.26;3.48;834;8;1157.00;38
2612;8;624026045;2612;229;3448;3483;9.16;0.57;220.22;3.48;836;8;1158.00;35
2613;8;624026057;2613;231;3453;3483;9.16;0.56;220.19;3.49;840;8;1159.00;30
2617;8;624026073;2617;241;3457;3484;9.15;0.56;220.49;3.50;840;8;1160.00;27
2620;8;624026101;2620;249;3463;3485;9.06;0.56;220.65;3.51;843;8;1161.00;22
2622;8;624026116;2622;247;3467;3485;8.97;0.55;220.69;3.51;845;8;1162.00;18
2623;8;624026136;2623;252;3469;3486;8.89;0.55;220.79;3.52;846;8;1163.00;17
2626;8;624026154;2626;253;3474;3486;8.83;0.55;220.82;3.53;848;8;1164.00;12
2631;8;624026177;2631;252;3477;3486;8.70;0.54;221.18;3.54;846;8;1165.00;9
2634;8;624026197;2634;259;3477;3486;8.61;0.53;221.27;3.54;843;8;1166.00;9
2637;8;624026211;2637;270;3484;3490;8.45;0.52;221.36;3.54;847;8;1167.00;6
2638;8;624026224;2638;282;3485;3490;8.35;0.52;221.28;3.54;847;8;1168.00;5
2640;8;624026235;2640;283;3486;3490;8.24;0.51;221.38;3.55;846;8;1169.00;4
2642;8;624026253;2642;288;3490;3496;8.17;0.50;221.31;3.55;848;8;1170.00;6
2644;8;624026268;2644;292;3491;3496;8.09;0.50;221.41;3.55;847;8;1171.00;5
2646;8;624026281;2646;292;3493;3496;8.08;0.50;221.44;3.56;847;8;1172.00;3
2649;8;624026294;2649;293;3497;3500;7.98;0.49;221.67;3.56;848;8;1173.00;3
2653;9;624026313;2653;295;3500;3501;7.90;0.49;221.81;3.56;847;9;1174.00;1
2655;9;624026349;2655;293;3500;3501;7.86;0.48;221.73;3.56;845;9;1175.00;1
2662;9;624026362;2662;296;3504;3505;7.80;0.48;221.94;3.55;842;9;1176.00;1
2664;9;624026375;2664;299;3505;3505;7.80;0.48;222.13;3.55;841;9;1177.00;0
2665;9;624026388;2665;304;3505;3505;7.77;0.48;222.08;3.55;840;9;1178.00;0
2668;9;624026401;2668;302;3506;3506;7.74;0.47;222.09;3.55;838;9;1179.00;0
2671;9;624026415;2671;300;3506;3506;7.70;0.47;222.14;3.55;835;9;1180.00;0
2671;9;624026426;2671;296;3512;3512;7.69;0.47;222.14;3.55;841;9;1181.00;0
2672;9;624026438;2672;295;3512;3512;7.64;0.47;222.12;3.55;840;9;1182.00;0
2680;9;624026449;2680;292;3513;3513;7.54;0.46;222.12;3.55;833;9;1183.00;0
2683;9;624026461;2683;289;3513;3513;7.51;0.46;222.40;3.55;830;9;1184.00;0
2685;9;624026472;2685;288;3513;3513;7.46;0.46;222.43;3.55;828;9;1185.00;0
2691;9;624026484;2691;287;3513;3513;7.40;0.45;222.46;3.55;822;9;1186.00;0
2694;9;624026496;2694;283;3513;3513;7.32;0.45;222.58;3.55;819;9;1187.00;0
2698;9;624026508;2698;284;3525;3525;7.23;0.44;222.57;3.54;827;9;1188.00;0
2704;9;624026523;2704;284;3525;3525;7.07;0.43;222.79;3.54;821;9;1189.00;0
2707;9;624026534;2707;275;3525;3525;7.00;0.43;222.92;3.54;818;9;1190.00;0
2710;9;624026545;2710;269;3525;3525;6.97;0.43;223.04;3.54;815;9;1191.00;0
2716;9;624026557;2716;264;3525;3525;6.91;0.42;223.14;3.54;809;9;1192.00;0
2722;9;624026569;2722;263;3525;3525;6.88;0.42;223.64;3.54;803;9;1193.00;0
2725;9;624026582;2725;259;3529;3529;6.99;0.43;223.79;3.53;804;9;1194.00;0
2729;9;624026594;2729;253;3529;3529;7.04;0.43;224.17;3.53;800;9;1195.00;0
2736;9;624026608;2736;259;3533;3533;7.07;0.43;224.44;3.53;797;9;1196.00;0
2738;9;624026621;2738;251;3534;3534;7.18;0.44;224.59;3.53;796;9;1197.00;0
2741;9;624026633;2741;247;3534;3534;7.27;0.44;224.60;3.53;793;9;1198.00;0
2746;9;624026644;2746;241;3534;3534;7.28;0.44;224.95;3.53;788;9;1199.00;0
2747;9;624026660;2747;240;3560;3575;7.35;0.45;224.88;3.50;813;9;1200.00;15
2752;9;624026685;2752;233;3561;3575;7.40;0.45;225.12;3.50;809;9;1201.00;14
2758;9;624026705;2758;231;3564;3575;7.43;0.45;225.17;3.50;806;9;1202.00;11
2759;9;624026719;2759;230;3566;3576;7.52;0.46;225.22;3.50;807;9;1203.00;10
2765;9;624026734;2765;231;3568;3577;7.50;0.46;225.50;3.50;803;9;1204.00;9
2768;9;624026749;2768;233;3570;3577;7.52;0.46;225.71;3.50;802;9;1205.00;7
2770;9;624026762;2770;233;3572;3580;7.67;0.47;225.67;3.50;802;9;1206.00;8
2776;9;624026776;2776;221;3573;3580;7.68;0.47;225.77;3.50;797;9;1207.00;7
2778;9;624026788;2778;217;3574;3580;7.72;0.47;225.90;3.50;796;9;1208.00;6
2783;9;624026800;2783;218;3576;3580;7.73;0.47;226.04;3.50;793;9;1209.00;4
2786;9;624026813;2786;218;3582;3586;7.79;0.48;226.12;3.50;796;9;1210.00;4
2791;9;624026826;2791;212;3582;3586;7.82;0.48;226.30;3.50;791;9;1211.00;4
2796;9;624026838;2796;214;3582;3586;7.86;0.48;226.28;3.50;786;9;1212.00;4
2798;9;624026850;2798;215;3582;3586;7.95;0.48;226.43;3.50;784;9;1213.00;4
2801;9;624026866;2801;220;3586;3590;8.05;0.49;226.50;3.50;785;9;1214.00;4
2804;9;624026880;2804;222;3589;3592;8.05;0.49;226.69;3.50;785;9;1215.00;3
2806;9;624026893;2806;223;3589;3592;8.06;0.49;226.76;3.50;783;9;1216.00;3
2812;9;624026906;2812;231;3590;3593;8.02;0.49;226.83;3.50;778;9;1217.00;3
2816;9;624026919;2816;236;3590;3593;7.96;0.49;226.96;3.50;774;9;1218.00;3
2819;9;624026932;2819;239;3590;3593;7.91;0.48;227.13;3.50;771;9;1219.00;3
2824;9;624026945;2824;246;3590;3593;7.85;0.48;227.18;3.50;766;9;1220.00;3
2826;9;624026960;2826;247;3591;3593;7.83;0.48;227.09;3.50;765;9;1221.00;2
2834;9;624026984;2834;247;3591;3593;7.75;0.47;227.19;3.50;757;9;1222.00;2
2842;9;624027002;2842;252;3591;3593;7.62;0.47;227.04;3.50;749;9;1223.00;2
2844;9;624027020;2844;266;3632;3663;7.52;0.46;227.19;3.46;788;9;1224.00;31
2848;9;624027041;2848;261;3633;3664;7.48;0.46;227.26;3.46;785;9;1225.00;31
2853;9;624027053;2853;257;3639;3664;7.49;0.46;227.28;3.46;786;9;1226.00;25
2857;9;624027070;2857;254;3640;3664;7.46;0.46;227.40;3.46;783;9;1227.00;24
2860;9;624027090;2860;250;3644;3666;7.58;0.46;227.56;3.46;784;9;1228.00;22
2863;9;624027102;2863;254;3647;3666;7.66;0.47;227.51;3.47;784;9;1229.00;19
2865;9;624027117;2865;254;3649;3666;7.67;0.47;227.58;3.47;784;9;1230.00;17
2869;9;624027128;2869;257;3652;3666;7.63;0.47;227.67;3.47;783;9;1231.00;14
2872;9;624027138;2872;262;3655;3667;7.61;0.46;227.89;3.47;783;9;1232.00;12
2873;9;624027149;2873;275;3659;3668;7.61;0.46;227.99;3.49;786;9;1233.00;9
2876;9;624027160;2876;273;3662;3668;7.50;0.46;227.94;3.49;786;9;1234.00;6
2880;9;624027171;2880;281;3668;3672;7.40;0.45;228.11;3.49;788;9;1235.00;4
2880;9;624027182;2880;285;3670;3672;7.38;0.45;228.11;3.50;790;9;1236.00;2
2882;9;624027194;2882;277;3670;3672;7.36;0.45;228.10;3.50;788;9;1237.00;2
2887;9;624027207;2887;274;3671;3672;7.29;0.45;228.29;3.50;784;9;1238.00;1
2888;9;624027218;2888;279;3678;3678;7.32;0.45;228.24;3.49;790;9;1239.00;0
2890;9;624027230;2890;278;3678;3678;7.37;0.45;228.33;3.49;788;9;1240.00;0
2892;9;624027241;2892;275;3678;3678;7.45;0.45;228.33;3.49;786;9;1241.00;0
2893;9;624027251;2893;273;3680;3681;7.55;0.46;228.31;3.49;787;9;1242.00;1
2896;9;624027273;2896;278;3680;3681;7.51;0.46;228.44;3.49;784;9;1243.00;1
2896;9;624027284;2896;276;3681;3681;7.48;0.46;228.44;3.49;785;9;1244.00;0
2898;9;624027295;2898;278;3682;3682;7.40;0.45;228.49;3.49;784;9;1245.00;0
2898;9;624027309;2898;267;3683;3683;7.41;0.45;228.49;3.49;785;9;1246.00;0
2901;9;624027320;2901;262;3683;3683;7.42;0.45;228.56;3.49;782;9;1247.00;0
2904;9;624027331;2904;261;3696;3696;7.44;0.46;228.59;3.48;792;9;1248.00;0
2906;9;624027343;2906;255;3696;3696;7.41;0.45;228.58;3.48;790;9;1249.00;0
2909;9;624027355;2909;255;3696;3696;7.39;0.45;228.60;3.48;787;9;1250.00;0
2915;9;624027368;2915;251;3697;3697;7.39;0.45;228.43;3.48;782;9;1251.00;0
2917;9;624027381;2917;245;3697;3697;7.40;0.45;228.39;3.48;780;9;1252.00;0
2918;9;624027393;2918;241;3701;3701;7.52;0.46;228.54;3.48;783;9;1253.00;0
2921;9;624027406;2921;238;3701;3701;7.59;0.46;228.50;3.48;780;9;1254.00;0
2924;9;624027419;2924;239;3705;3705;7.59;0.46;228.48;3.47;781;9;1255.00;0
2924;9;624027430;2924;239;3705;3705;7.71;0.47;228.48;3.47;781;9;1256.00;0
2926;9;624027441;2926;234;3705;3705;7.76;0.47;228.46;3.47;779;9;1257.00;0
2929;9;624027452;2929;237;3705;3705;7.75;0.47;228.38;3.47;776;9;1258.00;0
2930;9;624027468;2930;235;3705;3705;7.78;0.47;228.37;3.47;775;9;1259.00;0
2934;9;624027480;2934;243;3734;3739;7.81;0.48;228.25;3.45;800;9;1260.00;5
2937;9;624027496;2937;231;3734;3739;7.88;0.48;228.24;3.45;797;9;1261.00;5
2940;9;624027507;2940;234;3737;3739;8.00;0.49;228.16;3.44;797;9;1262.00;2
2941;9;624027518;2941;239;3737;3739;8.12;0.49;228.13;3.44;796;9;1263.00;2
2944;9;624027530;2944;239;3738;3739;8.13;0.50;228.06;3.44;794;9;1264.00;1
2944;9;624027541;2944;239;3738;3739;8.16;0.50;228.06;3.44;794;9;1265.00;1
2944;9;624027552;2944;248;3738;3740;8.21;0.50;228.06;3.44;794;9;1266.00;2
2947;9;624027563;2947;246;3738;3740;8.21;0.50;228.01;3.44;791;9;1267.00;2
2949;9;624027575;2949;247;3743;3746;8.21;0.50;227.90;3.44;794;9;1268.00;3
2951;9;624027598;2951;248;3744;3747;8.26;0.50;227.79;3.44;793;9;1269.00;3
2954;9;624027612;2954;247;3744;3747;8.30;0.51;227.66;3.44;790;9;1270.00;3
2959;9;624027627;2959;248;3744;3747;8.28;0.50;227.52;3.44;785;9;1271.00;3
2959;9;624027640;2959;246;3747;3751;8.29;0.51;227.52;3.44;788;9;1272.00;4
2960;9;624027652;2960;245;3747;3751;8.19;0.50;227.63;3.44;787;9;1273.00;4
2961;9;624027664;2961;254;3747;3751;8.08;0.49;227.61;3.44;786;9;1274.00;4
2961;9;624027677;2961;250;3748;3752;8.03;0.49;227.61;3.44;787;9;1275.00;4
2964;9;624027689;2964;254;3751;3756;8.02;0.49;227.71;3.43;787;9;1276.00;5
2964;9;624027704;2964;252;3751;3756;8.04;0.49;227.71;3.43;787;9;1277.00;5
2966;9;624027716;2966;251;3753;3759;8.07;0.49;227.65;3.43;787;9;1278.00;6
2967;9;624027735;2967;255;3753;3759;8.05;0.49;227.62;3.43;786;9;1279.00;6
2968;9;624027746;2968;257;3754;3759;8.12;0.49;227.63;3.43;786;9;1280.00;5
2969;9;624027758;2969;249;3754;3759;8.17;0.50;227.61;3.43;785;9;1281.00;5
2971;9;624027769;2971;249;3758;3763;8.25;0.50;227.57;3.43;787;9;1282.00;5
2972;9;624027781;2972;236;3758;3763;8.36;0.51;227.58;3.43;786;9;1283.00;5
2974;9;624027792;2974;232;3758;3763;8.44;0.51;227.60;3.43;784;9;1284.00;5
2975;9;624027803;2975;228;3758;3763;8.56;0.52;227.60;3.43;783;9;1285.00;5
2976;9;624027814;2976;224;3758;3764;8.69;0.53;227.61;3.43;782;9;1286.00;6
2977;9;624027825;2977;226;3759;3765;8.73;0.53;227.58;3.43;782;9;1287.00;6
2981;9;624027840;2981;224;3759;3765;8.74;0.53;227.56;3.43;778;9;1288.00;6
2982;9;624027854;2982;216;3760;3766;8.85;0.54;227.57;3.43;778;9;1289.00;6
2986;9;624027874;2986;213;3760;3766;8.86;0.54;227.50;3.43;774;9;1290.00;6
2989;9;624027886;2989;207;3760;3766;8.82;0.54;227.44;3.43;771;9;1291.00;6
2990;9;624027898;2990;201;3760;3766;8.84;0.54;227.41;3.43;770;9;1292.00;6
2990;9;624027911;2990;197;3760;3766;8.90;0.54;227.41;3.43;770;9;1293.00;6
2991;10;624027922;2991;188;3761;3766;8.98;0.55;227.39;3.44;770;10;1294.00;5
2993;10;624027943;2993;182;3761;3766;9.08;0.55;227.47;3.44;768;10;1295.00;5
2995;10;624027965;2995;195;3824;3893;9.06;0.56;227.47;3.39;829;10;1296.00;69
2997;10;624027988;2997;185;3825;3894;9.14;0.56;227.58;3.39;828;10;1297.00;69
3001;10;624027999;3001;176;3833;3894;9.30;0.57;227.43;3.39;832;10;1298.00;61
3003;10;624028014;3003;169;3834;3894;9.37;0.57;227.36;3.39;831;10;1299.00;60
3008;10;624028027;3008;163;3839;3894;9.47;0.58;227.32;3.39;831;10;1300.00;55
3008;10;624028043;3008;162;3841;3894;9.53;0.58;227.32;3.39;833;10;1301.00;53
3008;10;624028055;3008;154;3843;3894;9.60;0.59;227.32;3.39;835;10;1302.00;51
3009;10;624028070;3009;152;3846;3894;9.69;0.59;227.28;3.39;837;10;1303.00;48
3012;10;624028086;3012;151;3848;3895;9.71;0.59;227.32;3.39;836;10;1304.00;47
3015;10;624028107;3015;155;3853;3897;9.77;0.60;227.32;3.40;838;10;1305.00;44
3017;10;624028126;3017;152;3855;3897;9.81;0.60;227.27;3.40;838;10;1306.00;42
3021;10;624028141;3021;148;3858;3898;9.76;0.60;227.37;3.41;837;10;1307.00;40
3023;10;624028159;3023;161;3863;3898;9.66;0.59;227.45;3.42;840;10;1308.00;35
3027;10;624028176;3027;160;3865;3898;9.58;0.58;227.70;3.42;838;10;1309.00;33
3031;10;624028192;3031;167;3868;3898;9.49;0.58;227.67;3.43;837;10;1310.00;30
3034;10;624028207;3034;167;3871;3902;9.48;0.58;227.92;3.43;837;10;1311.00;31
3038;10;624028227;3038;174;3875;3902;9.41;0.57;227.86;3.45;837;10;1312.00;27
3040;10;624028248;3040;179;3877;3902;9.29;0.57;227.87;3.45;837;10;1313.00;25
3041;10;624028262;3041;183;3880;3905;9.28;0.57;227.92;3.47;839;10;1314.00;25
3042;10;624028276;3042;192;3883;3905;9.20;0.56;227.91;3.48;841;10;1315.00;22
3043;10;624028291;3043;201;3886;3905;9.15;0.56;227.94;3.49;843;10;1316.00;19
3045;10;624028309;3045;200;3890;3909;9.12;0.56;227.98;3.49;845;10;1317.00;19
3045;10;624028324;3045;208;3895;3910;9.18;0.56;227.98;3.51;850;10;1318.00;15
3046;10;624028343;3046;213;3898;3910;9.10;0.56;228.01;3.51;852;10;1319.00;12
3051;10;624028365;3051;212;3902;3915;9.01;0.55;228.07;3.52;851;10;1320.00;13
3052;10;624028391;3052;220;3903;3915;8.91;0.54;228.04;3.52;851;10;1321.00;12
3054;10;624028406;3054;220;3905;3915;8.83;0.54;228.07;3.53;851;10;1322.00;10
3055;10;624028420;3055;225;3906;3916;8.71;0.53;228.19;3.53;851;10;1323.00;10
3058;10;624028436;3058;231;3906;3916;8.60;0.52;228.22;3.53;848;10;1324.00;10
3061;10;624028447;3061;235;3913;3922;8.53;0.52;228.29;3.54;852;10;1325.00;9
3065;10;624028458;3065;237;3914;3922;8.41;0.51;228.41;3.54;849;10;1326.00;8
3069;10;624028469;3069;241;3915;3923;8.39;0.51;228.42;3.55;846;10;1327.00;8
3072;10;624028480;3072;248;3915;3923;8.34;0.51;228.48;3.55;843;10;1328.00;8
3075;10;624028490;3075;249;3915;3923;8.35;0.51;228.66;3.55;840;10;1329.00;8
3077;10;624028502;3077;254;3915;3923;8.33;0.51;228.71;3.55;838;10;1330.00;8
3078;10;624028513;3078;259;3916;3923;8.35;0.51;228.71;3.56;838;10;1331.00;7
3081;10;624028523;3081;269;3927;3935;8.40;0.51;228.78;3.56;846;10;1332.00;8
3084;10;624028535;3084;268;3928;3935;8.36;0.51;229.05;3.57;844;10;1333.00;7
3085;10;624028545;3085;270;3931;3935;8.31;0.51;229.15;3.58;846;10;1334.00;4
3087;10;624028556;3087;269;3933;3935;8.22;0.50;229.26;3.59;846;10;1335.00;2
3090;10;624028566;3090;277;3935;3935;8.11;0.50;229.36;3.59;845;10;1336.00;0
3093;10;624028575;3093;280;3935;3935;8.07;0.49;229.60;3.59;842;10;1337.00;0
3093;10;624028585;3093;287;3939;3939;8.00;0.49;229.60;3.59;846;10;1338.00;0
3095;10;624028597;3095;288;3939;3939;7.92;0.49;229.77;3.59;844;10;1339.00;0
3098;10;624028607;3098;290;3943;3943;7.91;0.49;229.86;3.58;845;10;1340.00;0
3099;10;624028617;3099;290;3944;3944;7.87;0.48;229.84;3.58;845;10;1341.00;0
3101;10;624028626;3101;284;3944;3944;7.82;0.48;230.03;3.58;843;10;1342.00;0
3105;11;624028636;3105;284;3944;3944;7.77;0.48;230.11;3.58;839;11;1343.00;0
3108;11;624028658;3108;283;3957;3957;7.77;0.48;230.13;3.57;849;11;1344.00;0
3112;11;624028669;3112;278;3957;3957;7.82;0.48;230.21;3.57;845;11;1345.00;0
3112;11;624028679;3112;278;3957;3957;7.90;0.48;230.21;3.57;845;11;1346.00;0
3115;11;624028688;3115;280;3958;3958;7.94;0.49;230.37;3.57;843;11;1347.00;0
3119;11;624028698;3119;279;3959;3959;7.89;0.48;230.45;3.57;840;11;1348.00;0
3121;11;624028709;3121;281;3959;3959;7.86;0.48;230.67;3.57;838;11;1349.00;0
3121;11;624028721;3121;284;3966;3968;7.89;0.48;230.67;3.56;845;11;1350.00;2
3122;11;624028731;3122;283;3966;3968;7.86;0.48;230.82;3.56;844;11;1351.00;2
3126;11;624028741;3126;280;3967;3968;7.76;0.48;230.80;3.56;841;11;1352.00;1
3128;11;624028751;3128;281;3967;3968;7.72;0.47;230.77;3.56;839;11;1353.00;1
3134;11;624028760;3134;278;3973;3974;7.69;0.47;230.93;3.56;839;11;1354.00;1
3137;11;624028771;3137;281;3974;3974;7.62;0.47;231.02;3.56;837;11;1355.00;0
3141;11;624028781;3141;279;3974;3974;7.52;0.46;231.20;3.56;833;11;1356.00;0
3142;11;624028790;3142;276;3974;3974;7.48;0.46;231.27;3.56;832;11;1357.00;0
3150;11;624028799;3150;283;3978;3978;7.32;0.45;231.28;3.56;828;11;1358.00;0
3155;11;624028809;3155;282;3979;3979;7.26;0.44;231.45;3.56;824;11;1359.00;0
3161;11;624028826;3161;273;3979;3979;7.23;0.44;231.45;3.56;818;11;1360.00;0
3170;11;624028836;3170;268;3980;3980;7.15;0.44;231.59;3.56;810;11;1361.00;0
3171;11;624028848;3171;269;3980;3980;7.15;0.44;231.67;3.56;809;11;1362.00;0
3178;11;624028857;3178;267;3980;3980;7.04;0.43;231.69;3.56;802;11;1363.00;0
3182;11;624028868;3182;266;3980;3980;7.01;0.43;231.98;3.56;798;11;1364.00;0
3185;11;624028879;3185;265;3980;3980;7.03;0.43;231.93;3.56;795;11;1365.00;0
3188;11;624028890;3188;266;3980;3980;7.07;0.43;232.06;3.56;792;11;1366.00;0
3192;11;624028901;3192;263;3980;3980;7.11;0.43;232.13;3.56;788;11;1367.00;0
3196;11;624028911;3196;261;4017;4050;7.34;0.45;232.28;3.52;821;11;1368.00;33
3197;11;624028927;3197;250;4021;4051;7.41;0.45;232.35;3.52;824;11;1369.00;30
3201;11;624028939;3201;250;4028;4051;7.51;0.46;232.61;3.52;827;11;1370.00;23
3205;11;624028949;3205;248;4029;4051;7.52;0.46;232.67;3.52;824;11;1371.00;22
3211;11;624028959;3211;243;4032;4051;7.49;0.46;233.00;3.52;821;11;1372.00;19
3214;11;624028971;3214;245;4034;4051;7.47;0.46;233.14;3.52;820;11;1373.00;17
3214;11;624028981;3214;249;4036;4051;7.45;0.45;233.14;3.52;822;11;1374.00;15
3220;11;624028992;3220;251;4038;4051;7.40;0.45;233.38;3.52;818;11;1375.00;13
3223;11;624029008;3223;252;4039;4052;7.40;0.45;233.40;3.52;816;11;1376.00;13
3227;11;624029020;3227;256;4042;4053;7.44;0.45;233.49;3.53;815;11;1377.00;11
3233;11;624029043;3233;257;4044;4053;7.41;0.45;233.53;3.53;811;11;1378.00;9
3235;11;624029054;3235;254;4050;4057;7.50;0.46;233.70;3.53;815;11;1379.00;7
3239;11;624029067;3239;261;4052;4057;7.51;0.46;233.79;3.53;813;11;1380.00;5
3242;11;624029077;3242;257;4052;4057;7.54;0.46;233.79;3.53;810;11;1381.00;5
3245;11;624029088;3245;257;4052;4057;7.56;0.46;233.88;3.53;807;11;1382.00;5
3249;11;624029099;3249;256;4058;4063;7.55;0.46;233.88;3.53;809;11;1383.00;5
3253;11;624029111;3253;261;4059;4063;7.54;0.46;233.96;3.53;806;11;1384.00;4
3256;11;624029121;3256;259;4059;4063;7.56;0.46;234.09;3.53;803;11;1385.00;4
3264;11;624029131;3264;261;4062;4066;7.48;0.46;234.23;3.54;798;11;1386.00;4
3268;11;624029141;3268;261;4062;4066;7.45;0.46;234.24;3.54;794;11;1387.00;4
3277;11;624029151;3277;270;4064;4066;7.36;0.45;234.40;3.54;787;11;1388.00;2
3280;11;624029161;3280;273;4065;4067;7.32;0.45;234.53;3.54;785;11;1389.00;2
3287;11;624029171;3287;272;4067;4068;7.24;0.44;234.70;3.54;780;11;1390.00;1
3294;11;624029181;3294;280;4067;4068;7.14;0.43;234.79;3.54;773;11;1391.00;1
3296;11;624029190;3296;282;4079;4081;7.19;0.44;234.82;3.53;783;11;1392.00;2
3302;11;624029200;3302;291;4080;4081;7.11;0.43;234.92;3.53;778;11;1393.00;1
3306;11;624029209;3306;296;4080;4081;7.00;0.43;235.14;3.53;774;11;1394.00;1
3310;11;624029218;3310;298;4082;4083;6.97;0.42;235.31;3.53;772;11;1395.00;1
3316;11;624029228;3316;307;4082;4083;6.90;0.42;235.40;3.53;766;11;1396.00;1
3317;11;624029238;3317;310;4086;4087;6.87;0.42;235.45;3.53;769;11;1397.00;1
3321;11;624029248;3321;312;4086;4087;6.81;0.41;235.50;3.53;765;11;1398.00;1
3324;11;624029257;3324;315;4091;4091;6.68;0.41;235.35;3.53;767;11;1399.00;0
3327;11;624029267;3327;319;4091;4091;6.57;0.40;235.29;3.53;764;11;1400.00;0
3327;11;624029286;3327;323;4091;4091;6.45;0.39;235.29;3.53;764;11;1401.00;0
3330;11;624029295;3330;326;4091;4091;6.32;0.38;235.34;3.53;761;11;1402.00;0
3332;11;624029304;3332;329;4091;4091;6.24;0.38;235.33;3.53;759;11;1403.00;0
3332;11;624029313;3332;335;4101;4103;6.29;0.38;235.33;3.52;769;11;1404.00;2
3333;11;624029322;3333;339;4101;4103;6.24;0.38;235.38;3.52;768;11;1405.00;2
3333;11;624029331;3333;350;4103;4103;6.31;0.38;235.38;3.52;770;11;1406.00;0
3334;11;624029340;3334;337;4103;4103;6.34;0.39;235.36;3.52;769;11;1407.00;0
3335;11;624029349;3335;331;4103;4103;6.34;0.39;235.32;3.52;768;11;1408.00;0
3338;11;624029357;3338;327;4103;4103;6.38;0.39;235.22;3.52;765;11;1409.00;0
3339;11;624029368;3339;329;4104;4104;6.45;0.39;235.18;3.52;765;11;1410.00;0
3344;11;624029377;3344;332;4104;4104;6.50;0.40;235.02;3.52;760;11;1411.00;0
3347;11;624029386;3347;333;4110;4110;6.53;0.40;234.89;3.52;763;11;1412.00;0
3347;11;624029396;3347;339;4111;4111;6.59;0.40;234.89;3.51;764;11;1413.00;0
3347;11;624029405;3347;344;4111;4111;6.58;0.40;234.89;3.51;764;11;1414.00;0
3348;11;624029414;3348;343;4111;4111;6.62;0.40;234.89;3.51;763;11;1415.00;0
3349;11;624029423;3349;331;4115;4115;6.70;0.41;234.90;3.51;766;11;1416.00;0
3350;11;624029433;3350;329;4115;4115;6.71;0.41;234.89;3.51;765;11;1417.00;0
3353;11;624029442;3353;328;4115;4115;6.75;0.41;234.82;3.51;762;11;1418.00;0
3354;11;624029452;3354;326;4116;4116;6.76;0.41;234.80;3.51;762;11;1419.00;0
3357;11;624029467;3357;323;4120;4120;6.73;0.41;234.76;3.51;763;11;1420.00;0
3358;11;624029477;3358;321;4120;4120;6.79;0.41;234.74;3.51;762;11;1421.00;0
3362;11;624029487;3362;318;4122;4123;6.83;0.42;234.55;3.51;760;11;1422.00;1
3365;11;624029496;3365;319;4122;4123;6.84;0.42;234.46;3.51;757;11;1423.00;1
3367;11;624029505;3367;318;4123;4123;6.94;0.42;234.45;3.51;756;11;1424.00;0
3368;11;624029514;3368;309;4123;4123;7.00;0.43;234.41;3.51;755;11;1425.00;0
3369;11;624029523;3369;307;4127;4127;7.11;0.43;234.39;3.50;758;11;1426.00;0
3370;11;624029533;3370;305;4127;4127;7.12;0.43;234.33;3.50;757;11;1427.00;0
3372;11;624029542;3372;308;4127;4127;7.21;0.44;234.40;3.50;755;11;1428.00;0
3374;11;624029551;3374;303;4127;4127;7.27;0.44;234.39;3.50;753;11;1429.00;0
3374;11;624029560;3374;301;4128;4128;7.36;0.45;234.39;3.50;754;11;1430.00;0
3375;11;624029568;3375;296;4129;4129;7.43;0.45;234.37;3.50;754;11;1431.00;0
3375;11;624029578;3375;293;4129;4129;7.44;0.45;234.37;3.50;754;11;1432.00;0
3377;11;624029591;3377;289;4130;4130;7.45;0.45;234.39;3.50;753;11;1433.00;0
3379;11;624029601;3379;284;4130;4130;7.53;0.46;234.36;3.50;751;11;1434.00;0
3379;11;624029610;3379;272;4130;4130;7.67;0.47;234.36;3.50;751;11;1435.00;0
3379;11;624029619;3379;258;4130;4130;7.78;0.47;234.36;3.50;751;11;1436.00;0
3380;11;624029627;3380;253;4130;4130;7.88;0.48;234.32;3.50;750;11;1437.00;0
3382;11;624029636;3382;249;4130;4130;8.00;0.49;234.30;3.50;748;11;1438.00;0
3384;11;624029645;3384;236;4130;4130;8.08;0.49;234.22;3.50;746;11;1439.00;0
3386;11;624029656;3386;281;4248;4360;8.05;0.50;234.31;3.41;862;11;1440.00;112
3387;11;624029683;3387;261;4253;4361;8.15;0.51;234.27;3.40;866;11;1441.00;108
3388;11;624029700;3388;240;4262;4361;8.40;0.52;234.28;3.40;874;11;1442.00;99
3390;11;624029710;3390;230;4268;4361;8.52;0.53;234.28;3.40;878;11;1443.00;93
3390;11;624029720;3390;215;4277;4361;8.59;0.53;234.28;3.40;887;11;1444.00;84
3394;11;624029736;3394;214;4281;4361;8.67;0.54;234.31;3.40;887;11;1445.00;80
3396;11;624029747;3396;209;4287;4361;8.80;0.54;234.24;3.41;891;11;1446.00;74
3396;11;624029758;3396;206;4292;4361;8.89;0.55;234.24;3.41;896;11;1447.00;69
3396;11;624029779;3396;203;4298;4362;8.97;0.55;234.24;3.42;902;11;1448.00;64
3397;11;624029789;3397;207;4300;4363;9.00;0.55;234.22;3.42;903;11;1449.00;63
3397;11;624029800;3397;208;4305;4363;9.00;0.55;234.22;3.43;908;11;1450.00;58
3397;11;624029810;3397;210;4306;4364;9.01;0.55;234.22;3.43;909;11;1451.00;58
3400;11;624029821;3400;215;4307;4364;8.92;0.55;234.19;3.43;907;11;1452.00;57
3401;11;624029836;3401;217;4311;4364;8.85;0.54;234.36;3.44;910;11;1453.00;53
3402;11;624029847;3402;224;4312;4364;8.84;0.54;234.40;3.44;910;11;1454.00;52
3406;11;624029858;3406;231;4314;4368;8.76;0.54;234.53;3.44;908;11;1455.00;54
3408;11;624029870;3408;233;4315;4368;8.73;0.53;234.52;3.44;907;11;1456.00;53
3409;11;624029880;3409;237;4316;4368;8.77;0.53;234.50;3.44;907;11;1457.00;52
3411;11;624029891;3411;239;4317;4371;8.78;0.54;234.57;3.44;906;11;1458.00;54
3411;11;624029909;3411;243;4317;4371;8.81;0.54;234.57;3.44;906;11;1459.00;54
3414;11;624029920;3414;244;4318;4371;8.79;0.54;234.54;3.45;904;11;1460.00;53
3419;11;624029931;3419;241;4322;4375;8.78;0.53;234.50;3.45;903;11;1461.00;53
3422;11;624029944;3422;237;4323;4376;8.75;0.53;234.45;3.45;901;11;1462.00;53
3427;11;624029955;3427;233;4327;4376;8.78;0.53;234.50;3.47;900;11;1463.00;49
3428;11;624029973;3428;229;4329;4380;8.84;0.54;234.48;3.47;901;11;1464.00;51
3430;11;624029985;3430;226;4331;4380;8.90;0.54;234.46;3.48;901;11;1465.00;49
3432;11;624029996;3432;227;4334;4380;8.93;0.54;234.53;3.49;902;11;1466.00;46
3433;11;624030009;3433;224;4334;4381;9.00;0.55;234.54;3.49;901;11;1467.00;47
3435;11;624030025;3435;212;4334;4381;9.13;0.55;234.57;3.49;899;11;1468.00;47
3436;11;624030037;3436;206;4338;4387;9.27;0.56;234.58;3.49;902;11;1469.00;49
3439;11;624030053;3439;205;4339;4387;9.38;0.57;234.76;3.50;900;11;1470.00;48
3441;11;624030066;3441;198;4341;4388;9.49;0.58;234.69;3.51;900;11;1471.00;47
3444;11;624030083;3444;197;4342;4388;9.59;0.58;234.60;3.52;898;11;1472.00;46
3445;11;624030102;3445;197;4344;4388;9.67;0.59;234.62;3.53;899;11;1473.00;44
3448;12;624030131;3448;194;4344;4388;9.76;0.59;234.58;3.53;896;12;1474.00;44
3450;12;624030171;3450;192;4346;4388;9.78;0.59;234.78;3.54;896;12;1475.00;42
3454;12;624030189;3454;195;4355;4400;9.85;0.60;235.02;3.54;901;12;1476.00;45
3455;13;624030211;3455;193;4358;4400;9.85;0.60;235.02;3.56;903;13;1477.00;42
3458;13;624030232;3458;192;4360;4400;9.86;0.60;235.13;3.56;902;13;1478.00;40
3460;13;624030245;3460;197;4361;4400;9.81;0.60;235.21;3.56;901;13;1479.00;39
3461;13;624030258;3461;204;4364;4400;9.82;0.60;235.22;3.58;903;13;1480.00;36
3463;13;624030270;3463;209;4365;4400;9.72;0.59;235.28;3.58;902;13;1481.00;35
3467;13;624030283;3467;214;4369;4404;9.59;0.58;235.46;3.59;902;13;1482.00;35
3470;13;624030296;3470;219;4371;4404;9.51;0.58;235.68;3.60;901;13;1483.00;33
3473;13;624030308;3473;225;4375;4408;9.43;0.57;235.88;3.60;902;13;1484.00;33
3475;13;624030327;3475;227;4379;4410;9.36;0.57;236.02;3.61;904;13;1485.00;31
3476;13;624030339;3476;233;4380;4410;9.31;0.57;236.18;3.62;904;13;1486.00;30
3481;13;624030351;3481;241;4380;4410;9.22;0.56;236.37;3.62;899;13;1487.00;30
3484;13;624030363;3484;248;4390;4423;9.13;0.56;236.52;3.62;906;13;1488.00;33
3486;13;624030377;3486;251;4391;4423;9.06;0.55;236.57;3.63;905;13;1489.00;32
3487;13;624030391;3487;254;4392;4423;9.07;0.55;236.59;3.64;905;13;1490.00;31
3490;13;624030404;3490;258;4394;4424;9.03;0.55;236.77;3.65;904;13;1491.00;30
3493;13;624030418;3493;262;4396;4425;8.99;0.55;236.73;3.67;903;13;1492.00;29
3495;13;624030434;3495;269;4396;4425;8.90;0.54;236.76;3.67;901;13;1493.00;29
3498;13;624030447;3498;274;4399;4428;8.88;0.54;236.72;3.68;901;13;1494.00;29
3501;13;624030458;3501;277;4400;4428;8.82;0.54;236.78;3.69;899;13;1495.00;28
3503;13;624030471;3503;285;4402;4428;8.78;0.54;236.86;3.70;899;13;1496.00;26
3507;13;624030487;3507;288;4404;4428;8.78;0.54;236.88;3.72;897;13;1497.00;24
3512;13;624030501;3512;291;4410;4434;8.76;0.54;237.03;3.73;898;13;1498.00;24
3515;13;624030515;3515;289;4411;4434;8.74;0.53;237.15;3.74;896;13;1499.00;23
3517;13;624030529;3517;297;4419;4453;8.66;0.53;237.19;3.78;902;13;1500.00;34
3519;13;624030549;3519;295;4420;4453;8.65;0.53;237.34;3.79;901;13;1501.00;33
3526;13;624030562;3526;300;4425;4457;8.48;0.52;237.50;3.79;899;13;1502.00;32
3526;13;624030574;3526;303;4427;4458;8.41;0.51;237.50;3.80;901;13;1503.00;31
3530;13;624030585;3530;305;4428;4458;8.25;0.50;237.74;3.80;898;13;1504.00;30
3536;13;624030597;3536;310;4431;4459;8.07;0.49;237.79;3.81;895;13;1505.00;28
3537;13;624030609;3537;323;4435;4459;7.91;0.48;237.86;3.82;898;13;1506.00;24
3540;13;624030621;3540;323;4436;4459;7.79;0.48;237.88;3.82;896;13;1507.00;23
3542;13;624030632;3542;329;4437;4459;7.64;0.47;238.05;3.82;895;13;1508.00;22
3543;13;624030644;3543;327;4437;4459;7.56;0.46;238.00;3.82;894;13;1509.00;22
3548;13;624030655;3548;320;4438;4459;7.45;0.46;238.20;3.82;890;13;1510.00;21
3550;13;624030667;3550;320;4439;4459;7.42;0.45;238.14;3.82;889;13;1511.00;20
3553;13;624030677;3553;323;4474;4529;7.40;0.45;238.16;3.80;921;13;1512.00;55
3556;13;624030701;3556;319;4480;4530;7.36;0.45;238.31;3.80;924;13;1513.00;50
3558;13;624030712;3558;317;4485;4530;7.36;0.45;238.35;3.79;927;13;1514.00;45
3562;13;624030723;3562;315;4489;4530;7.41;0.45;238.36;3.79;927;13;1515.00;41
3564;13;624030736;3564;317;4494;4530;7.45;0.45;238.33;3.80;930;13;1516.00;36
3568;13;624030746;3568;320;4495;4530;7.50;0.46;238.40;3.80;927;13;1517.00;35
3571;13;624030759;3571;321;4499;4530;7.51;0.46;238.64;3.80;928;13;1518.00;31
3574;13;624030771;3574;325;4500;4530;7.55;0.46;238.79;3.80;926;13;1519.00;30
3576;14;624030782;3576;325;4503;4531;7.60;0.46;238.93;3.81;927;14;1520.00;28
3579;14;624030810;3579;325;4505;4532;7.57;0.46;238.97;3.81;926;14;1521.00;27
3582;14;624030821;3582;324;4506;4532;7.47;0.46;239.07;3.81;924;14;1522.00;26
3586;14;624030832;3586;329;4512;4536;7.34;0.45;239.14;3.81;926;14;1523.00;24
3590;14;624030844;3590;326;4513;4536;7.24;0.44;239.15;3.82;923;14;1524.00;23
3596;14;624030855;3596;333;4513;4536;7.10;0.43;239.10;3.82;917;14;1525.00;23
3601;14;624030867;3601;336;4513;4536;6.93;0.42;239.19;3.82;912;14;1526.00;23
3603;14;624030878;3603;340;4517;4542;6.78;0.41;239.29;3.82;914;14;1527.00;25
3607;14;624030889;3607;349;4517;4542;6.56;0.40;239.47;3.82;910;14;1528.00;25
3610;14;624030899;3610;350;4518;4542;6.39;0.39;239.61;3.82;908;14;1529.00;24
3613;14;624030911;3613;341;4522;4548;6.26;0.38;239.75;3.83;909;14;1530.00;26
3615;14;624030922;3615;337;4522;4548;6.15;0.38;239.78;3.83;907;14;1531.00;26
3617;14;624030934;3617;334;4524;4548;6.13;0.38;239.81;3.84;907;14;1532.00;24
3621;14;624030944;3621;330;4526;4549;6.07;0.37;239.98;3.84;905;14;1533.00;23
3624;14;624030954;3624;332;4528;4550;6.11;0.38;239.96;3.84;904;14;1534.00;22
3629;14;624030966;3629;339;4528;4550;6.11;0.38;240.22;3.84;899;14;1535.00;22
3632;14;624030977;3632;334;4539;4563;6.18;0.38;240.16;3.83;907;14;1536.00;24
3636;14;624030988;3636;327;4542;4563;6.27;0.38;240.28;3.84;906;14;1537.00;21
3638;14;624030999;3638;323;4543;4563;6.34;0.39;240.34;3.84;905;14;1538.00;20
3643;14;624031010;3643;319;4545;4564;6.36;0.39;240.48;3.85;902;14;1539.00;19
3645;14;624031021;3645;317;4546;4564;6.40;0.39;240.60;3.85;901;14;1540.00;18
3650;14;624031031;3650;309;4549;4568;6.49;0.40;240.63;3.85;899;14;1541.00;19
3655;14;624031043;3655;307;4554;4568;6.44;0.39;240.82;3.87;899;14;1542.00;14
3659;14;624031055;3659;310;4559;4572;6.42;0.39;240.83;3.87;900;14;1543.00;13
3663;14;624031068;3663;309;4562;4572;6.36;0.39;240.87;3.87;899;14;1544.00;10
3667;14;624031078;3667;309;4562;4572;6.25;0.38;240.96;3.87;895;14;1545.00;10
3676;14;624031089;3676;313;4562;4572;6.14;0.38;240.86;3.87;886;14;1546.00;10
3680;14;624031100;3680;315;4562;4572;6.09;0.37;240.94;3.87;882;14;1547.00;10
3681;14;624031110;3681;325;4574;4584;6.14;0.38;240.96;3.86;893;14;1548.00;10
3684;14;624031121;3684;326;4574;4584;6.13;0.38;241.02;3.86;890;14;1549.00;10
3685;14;624031131;3685;332;4574;4584;6.16;0.38;241.02;3.86;889;14;1550.00;10
3686;14;624031140;3686;334;4574;4584;6.23;0.39;240.99;3.86;888;14;1551.00;10
3687;14;624031150;3687;336;4574;4584;6.32;0.39;241.03;3.86;887;14;1552.00;10
3693;14;624031160;3693;346;4574;4584;6.34;0.39;241.00;3.86;881;14;1553.00;10
3695;14;624031169;3695;340;4575;4585;6.36;0.39;241.03;3.86;880;14;1554.00;10
3703;14;624031179;3703;340;4577;4587;6.32;0.39;240.83;3.86;874;14;1555.00;10
3706;14;624031190;3706;342;4583;4593;6.29;0.39;240.82;3.86;877;14;1556.00;10
3708;14;624031205;3708;340;4584;4594;6.30;0.39;240.84;3.86;876;14;1557.00;10
3712;14;624031215;3712;347;4585;4594;6.28;0.38;241.04;3.88;873;14;1558.00;9
3714;14;624031225;3714;347;4585;4594;6.25;0.38;241.05;3.88;871;14;1559.00;9
3718;14;624031237;3718;356;4590;4599;6.18;0.38;241.01;3.88;872;14;1560.00;9
3723;14;624031247;3723;355;4590;4599;6.10;0.37;240.92;3.88;867;14;1561.00;9
3725;14;624031256;3725;360;4590;4599;6.07;0.37;240.88;3.88;865;14;1562.00;9
3728;14;624031266;3728;364;4591;4600;6.03;0.37;240.88;3.88;863;14;1563.00;9
3734;14;624031275;3734;366;4595;4604;6.04;0.37;240.83;3.87;861;14;1564.00;9
3737;14;624031285;3737;373;4595;4604;5.98;0.37;240.84;3.87;858;14;1565.00;9
3739;14;624031294;3739;378;4597;4607;5.98;0.37;240.83;3.87;858;14;1566.00;10
3742;14;624031303;3742;383;4597;4607;5.89;0.36;240.82;3.87;855;14;1567.00;10
3744;14;624031313;3744;392;4598;4607;5.85;0.36;240.85;3.87;854;14;1568.00;9
3748;14;624031322;3748;388;4598;4607;5.77;0.35;240.95;3.87;850;14;1569.00;9
3752;14;624031331;3752;393;4602;4611;5.74;0.35;240.89;3.87;850;14;1570.00;9
3758;14;624031340;3758;389;4602;4611;5.71;0.35;240.76;3.87;844;14;1571.00;9
3761;14;624031349;3761;390;4602;4611;5.67;0.35;240.79;3.87;841;14;1572.00;9
3764;14;624031358;3764;389;4602;4611;5.64;0.35;240.91;3.87;838;14;1573.00;9
3767;14;624031367;3767;396;4603;4612;5.56;0.34;240.81;3.87;836;14;1574.00;9
3772;14;624031376;3772;400;4605;4614;5.54;0.34;240.84;3.87;833;14;1575.00;9
3776;14;624031386;3776;408;4605;4614;5.50;0.34;240.84;3.87;829;14;1576.00;9
3779;14;624031395;3779;395;4606;4615;5.51;0.34;240.84;3.87;827;14;1577.00;9
3780;14;624031404;3780;387;4606;4615;5.52;0.34;240.81;3.87;826;14;1578.00;9
3782;14;624031414;3782;377;4606;4615;5.57;0.34;240.84;3.87;824;14;1579.00;9
3783;14;624031423;3783;372;4606;4615;5.67;0.35;240.82;3.87;823;14;1580.00;9
3785;14;624031432;3785;372;4606;4615;5.71;0.35;240.76;3.87;821;14;1581.00;9
3785;14;624031441;3785;379;4606;4615;5.80;0.35;240.76;3.87;821;14;1582.00;9
3785;14;624031450;3785;386;4606;4615;5.87;0.36;240.76;3.87;821;14;1583.00;9
3786;14;624031460;3786;406;4679;4742;6.32;0.39;240.75;3.81;893;14;1584.00;63
3787;14;624031479;3787;407;4681;4743;6.40;0.40;240.73;3.81;894;14;1585.00;62
3788;14;624031489;3788;382;4690;4743;6.50;0.40;240.75;3.80;902;14;1586.00;53
3790;14;624031504;3790;358;4693;4743;6.55;0.41;240.73;3.80;903;14;1587.00;50
3790;14;624031515;3790;339;4698;4743;6.64;0.41;240.73;3.80;908;14;1588.00;45
3793;14;624031525;3793;329;4699;4743;6.69;0.41;240.69;3.80;906;14;1589.00;44
3795;14;624031545;3795;317;4701;4743;6.74;0.42;240.69;3.80;906;14;1590.00;42
3796;14;624031556;3796;311;4703;4743;6.89;0.42;240.71;3.80;907;14;1591.00;40
3796;14;624031567;3796;310;4704;4744;7.00;0.43;240.71;3.81;908;14;1592.00;40
3797;14;624031584;3797;304;4709;4745;7.11;0.44;240.68;3.81;912;14;1593.00;36
3797;14;624031602;3797;298;4710;4745;7.21;0.44;240.68;3.81;913;14;1594.00;35
3799;14;624031619;3799;294;4713;4746;7.33;0.45;240.64;3.82;914;14;1595.00;33
3801;14;624031630;3801;295;4715;4746;7.41;0.45;240.61;3.82;914;14;1596.00;31
3802;14;624031642;3802;296;4720;4746;7.48;0.46;240.58;3.83;918;14;1597.00;26
3804;14;624031653;3804;294;4723;4746;7.53;0.46;240.58;3.84;919;14;1598.00;23
3808;14;624031665;3808;295;4728;4750;7.62;0.47;240.60;3.84;920;14;1599.00;22
3810;14;624031678;3810;287;4730;4750;7.70;0.47;240.59;3.84;920;14;1600.00;20
3812;14;624031696;3812;288;4733;4750;7.78;0.47;240.53;3.85;921;14;1601.00;17
3813;14;624031708;3813;288;4734;4753;7.91;0.48;240.65;3.85;921;14;1602.00;19
3816;14;624031720;3816;282;4736;4753;7.98;0.49;240.67;3.85;920;14;1603.00;17
3816;14;624031732;3816;272;4738;4753;8.06;0.49;240.67;3.89;922;14;1604.00;15
3817;14;624031744;3817;268;4741;4757;8.15;0.50;240.62;3.89;924;14;1605.00;16
3820;14;624031756;3820;252;4743;4758;8.27;0.50;240.61;3.89;923;14;1606.00;15
3822;14;624031768;3822;249;4744;4758;8.32;0.51;240.58;3.89;922;14;1607.00;14
3823;14;624031780;3823;243;4747;4762;8.43;0.51;240.59;3.88;924;14;1608.00;15
3826;14;624031794;3826;235;4747;4762;8.52;0.52;240.64;3.88;921;14;1609.00;15
3827;14;624031805;3827;233;4747;4762;8.59;0.52;240.62;3.88;920;14;1610.00;15
3829;14;624031817;3829;231;4748;4763;8.66;0.52;240.66;3.88;919;14;1611.00;15
3830;14;624031829;3830;230;4748;4763;8.76;0.53;240.75;3.88;918;14;1612.00;15
3834;14;624031841;3834;223;4753;4769;8.82;0.53;240.78;3.88;919;14;1613.00;16
3836;14;624031853;3836;222;4753;4769;8.90;0.54;240.83;3.88;917;14;1614.00;16
3838;14;624031865;3838;217;4753;4770;8.95;0.54;240.80;3.88;915;14;1615.00;17
3839;14;624031876;3839;219;4753;4770;9.07;0.55;240.89;3.88;914;14;1616.00;17
3841;14;624031891;3841;212;4753;4770;9.18;0.55;240.90;3.88;912;14;1617.00;17
3843;14;624031905;3843;211;4754;4770;9.23;0.56;240.97;3.92;911;14;1618.00;16
3845;14;624031917;3845;203;4754;4770;9.27;0.56;241.01;3.92;909;14;1619.00;16
3848;14;624031938;3848;205;4780;4806;9.22;0.56;241.16;3.90;932;14;1620.00;26
3850;14;624031952;3850;199;4780;4806;9.26;0.56;241.19;3.90;930;14;1621.00;26
3854;14;624031964;3854;199;4784;4806;9.29;0.57;241.27;3.93;930;14;1622.00;22
3858;14;624031977;3858;202;4784;4806;9.32;0.57;241.39;3.93;926;14;1623.00;22
3860;14;624031989;3860;200;4785;4806;9.36;0.57;241.46;3.93;925;14;1624.00;21
3864;14;624032010;3864;205;4786;4806;9.32;0.57;241.48;3.93;922;14;1625.00;20
3869;14;624032024;3869;204;4789;4810;9.31;0.57;241.56;3.93;920;14;1626.00;21
3869;14;624032039;3869;205;4790;4810;9.37;0.57;241.56;3.97;921;14;1627.00;20
3871;14;624032050;3871;208;4794;4814;9.41;0.57;241.56;3.97;923;14;1628.00;20
3876;14;624032064;3876;211;4795;4815;9.47;0.58;241.65;3.97;919;14;1629.00;20
3878;14;624032084;3878;214;4795;4815;9.49;0.58;241.59;3.97;917;14;1630.00;20
3884;14;624032109;3884;208;4796;4815;9.44;0.58;241.76;4.00;912;14;1631.00;19
3887;14;624032133;3887;206;4807;4828;9.42;0.57;241.93;4.00;920;14;1632.00;21
3890;14;624032155;3890;202;4807;4828;9.50;0.58;241.91;4.00;917;14;1633.00;21
3897;14;624032175;3897;201;4808;4828;9.49;0.58;241.88;4.03;911;14;1634.00;20
3902;14;624032202;3902;204;4810;4829;9.46;0.58;241.88;4.04;908;14;1635.00;19
3907;14;624032216;3907;199;4810;4830;9.48;0.58;241.82;4.04;903;14;1636.00;20
3909;14;624032229;3909;198;4811;4830;9.55;0.58;241.89;4.08;902;14;1637.00;19
3916;14;624032243;3916;192;4813;4833;9.61;0.58;242.26;4.08;897;14;1638.00;20
3920;14;624032257;3920;192;4814;4833;9.73;0.59;242.30;4.08;894;14;1639.00;19
3926;14;624032270;3926;190;4814;4833;9.76;0.59;242.20;4.08;888;14;1640.00;19
3927;14;624032283;3927;187;4814;4833;9.79;0.59;242.20;4.08;887;14;1641.00;19
3930;14;624032296;3930;182;4820;4839;9.82;0.59;242.30;4.12;890;14;1642.00;19
3931;14;624032309;3931;178;4820;4839;9.80;0.59;242.41;4.12;889;14;1643.00;19
3934;14;624032321;3934;182;4820;4839;9.85;0.59;242.52;4.12;886;14;1644.00;19
3936;14;624032333;3936;179;4820;4839;9.90;0.60;242.67;4.12;884;14;1645.00;19
3938;14;624032345;3938;185;4824;4843;9.80;0.59;242.78;4.14;886;14;1646.00;19
3940;14;624032365;3940;185;4825;4844;9.77;0.59;242.97;4.14;885;14;1647.00;19
3944;14;624032376;3944;185;4825;4844;9.71;0.59;243.12;4.14;881;14;1648.00;19
3947;14;624032388;3947;190;4827;4845;9.65;0.59;243.14;4.16;880;14;1649.00;18
3948;14;624032402;3948;194;4828;4845;9.59;0.58;243.20;4.17;880;14;1650.00;17
3949;14;624032414;3949;202;4828;4845;9.50;0.58;243.32;4.17;879;14;1651.00;17
3956;14;624032425;3956;206;4828;4845;9.43;0.57;243.48;4.17;872;14;1652.00;17
3959;14;624032436;3959;212;4828;4845;9.41;0.57;243.47;4.17;869;14;1653.00;17
3961;14;624032447;3961;215;4828;4845;9.35;0.57;243.55;4.17;867;14;1654.00;17
3965;14;624032458;3965;218;4828;4845;9.27;0.56;243.59;4.17;863;14;1655.00;17
3967;14;624032469;3967;233;4865;4915;9.22;0.56;243.58;4.14;898;14;1656.00;50
3968;14;624032485;3968;230;4868;4916;9.12;0.56;243.59;4.14;900;14;1657.00;48
3970;14;624032497;3970;234;4874;4916;9.10;0.55;243.58;4.14;904;14;1658.00;42
3972;14;624032508;3972;235;4874;4916;9.05;0.55;243.53;4.14;902;14;1659.00;42
3973;14;624032520;3973;242;4878;4916;9.03;0.55;243.60;4.16;905;14;1660.00;38
3975;14;624032531;3975;249;4879;4916;9.01;0.55;243.77;4.16;904;14;1661.00;37
3977;14;624032548;3977;243;4881;4916;9.00;0.55;243.85;4.16;904;14;1662.00;35
3980;14;624032560;3980;246;4885;4916;9.03;0.55;243.81;4.18;905;14;1663.00;31
3986;14;624032572;3986;249;4885;4917;9.00;0.55;243.96;4.18;899;14;1664.00;32
3986;14;624032584;3986;259;4891;4919;8.98;0.55;243.96;4.20;905;14;1665.00;28
3989;14;624032595;3989;259;4892;4919;8.92;0.55;243.98;4.20;903;14;1666.00;27
3996;14;624032608;3996;262;4897;4923;8.85;0.54;243.97;4.21;901;14;1667.00;26
3998;14;624032621;3998;261;4901;4923;8.83;0.54;244.01;4.22;903;14;1668.00;22
4001;14;624032633;4001;263;4905;4923;8.79;0.54;244.01;4.23;904;14;1669.00;18
4003;14;624032644;4003;269;4907;4923;8.77;0.54;244.17;4.23;904;14;1670.00;16
4005;14;624032655;4005;272;4913;4929;8.83;0.54;244.23;4.24;908;14;1671.00;16
4007;14;624032668;4007;278;4915;4929;8.82;0.54;244.35;4.25;908;14;1672.00;14
4011;14;624032679;4011;281;4916;4929;8.77;0.53;244.39;4.26;905;14;1673.00;13
4014;14;624032690;4014;281;4919;4932;8.73;0.53;244.55;4.26;905;14;1674.00;13
4016;14;624032702;4016;286;4921;4932;8.62;0.53;244.69;4.27;905;14;1675.00;11
4017;14;624032714;4017;292;4922;4932;8.48;0.52;244.69;4.27;905;14;1676.00;10
4020;14;624032725;4020;299;4924;4933;8.32;0.51;244.84;4.28;904;14;1677.00;9
4023;14;624032736;4023;305;4925;4934;8.17;0.50;244.86;4.27;902;14;1678.00;9
4024;14;624032747;4024;308;4927;4934;7.96;0.49;244.96;4.28;903;14;1679.00;7
4030;14;624032759;4030;319;4943;4960;7.83;0.48;245.05;4.26;913;14;1680.00;17
4033;14;624032772;4033;312;4944;4960;7.73;0.47;245.12;4.26;911;14;1681.00;16
4036;14;624032783;4036;309;4950;4960;7.65;0.47;245.26;4.27;914;14;1682.00;10
4040;14;624032793;4040;307;4952;4961;7.55;0.46;245.37;4.26;912;14;1683.00;9
4041;14;624032804;4041;304;4952;4961;7.51;0.46;245.43;4.26;911;14;1684.00;9
4042;14;624032815;4042;314;4956;4965;7.51;0.46;245.51;4.26;914;14;1685.00;9
4043;14;624032826;4043;312;4957;4965;7.49;0.46;245.58;4.27;914;14;1686.00;8
4045;14;624032836;4045;323;4960;4969;7.41;0.45;245.54;4.26;915;14;1687.00;9
4048;14;624032847;4048;324;4961;4969;7.37;0.45;245.56;4.26;913;14;1688.00;8
4050;14;624032857;4050;329;4961;4969;7.30;0.45;245.59;4.26;911;14;1689.00;8
4053;14;624032868;4053;334;4962;4969;7.20;0.44;245.59;4.27;909;14;1690.00;7
4055;14;624032878;4055;339;4963;4969;7.10;0.43;245.69;4.27;908;14;1691.00;6
4058;14;624032888;4058;342;4974;4981;7.01;0.43;245.85;4.26;916;14;1692.00;7
4059;14;624032900;4059;350;4974;4981;6.94;0.42;245.87;4.26;915;14;1693.00;7
4067;14;624032910;4067;355;4975;4981;6.75;0.41;245.88;4.26;908;14;1694.00;6
4074;14;624032920;4074;358;4975;4981;6.55;0.40;246.09;4.26;901;14;1695.00;6
4075;14;624032930;4075;358;4975;4981;6.45;0.40;246.06;4.26;900;14;1696.00;6
4080;14;624032940;4080;353;4975;4981;6.27;0.38;246.12;4.26;895;14;1697.00;6
4082;14;624032949;4082;365;4976;4982;6.15;0.38;246.12;4.26;894;14;1698.00;6
4086;14;624032959;4086;368;4976;4982;6.08;0.37;246.04;4.26;890;14;1699.00;6
4089;14;624032969;4089;361;4982;4988;6.07;0.37;246.03;4.25;893;14;1700.00;6
4093;14;624032985;4093;364;4983;4989;5.99;0.37;246.07;4.25;890;14;1701.00;6
4096;14;624032995;4096;361;4983;4989;5.92;0.36;246.14;4.25;887;14;1702.00;6
4098;14;624033004;4098;351;4983;4989;5.90;0.36;246.24;4.25;885;14;1703.00;6
4101;14;624033013;4101;353;4987;4993;5.95;0.36;246.26;4.25;886;14;1704.00;6
4106;14;624033024;4106;359;4987;4993;5.94;0.36;246.30;4.25;881;14;1705.00;6
4108;14;624033034;4108;354;4987;4993;5.99;0.37;246.32;4.25;879;14;1706.00;6
4111;14;624033044;4111;349;4988;4994;6.08;0.37;246.38;4.25;877;14;1707.00;6
4112;14;624033053;4112;346;4992;4998;6.17;0.38;246.43;4.24;880;14;1708.00;6
4114;14;624033065;4114;342;4992;4998;6.16;0.38;246.52;4.24;878;14;1709.00;6
4116;14;624033079;4116;345;4996;5004;6.22;0.38;246.46;4.24;880;14;1710.00;8
4119;14;624033093;4119;351;4997;5004;6.22;0.38;246.44;4.24;878;14;1711.00;7
4121;14;624033103;4121;345;4998;5004;6.23;0.38;246.37;4.24;877;14;1712.00;6
4123;14;624033113;4123;347;4998;5004;6.22;0.38;246.34;4.24;875;14;1713.00;6
4125;14;624033123;4125;351;5002;5008;6.28;0.38;246.33;4.24;877;14;1714.00;6
4128;14;624033134;4128;351;5002;5008;6.27;0.38;246.34;4.24;874;14;1715.00;6
4132;14;624033144;4132;351;5002;5008;6.23;0.38;246.31;4.24;870;14;1716.00;6
4134;14;624033153;4134;351;5002;5008;6.15;0.38;246.33;4.24;868;14;1717.00;6
4137;14;624033162;4137;351;5003;5009;6.04;0.37;246.24;4.24;866;14;1718.00;6
4141;14;624033171;4141;353;5004;5010;5.94;0.36;246.15;4.24;863;14;1719.00;6
4145;14;624033180;4145;353;5004;5010;5.86;0.36;246.11;4.24;859;14;1720.00;6
4151;14;624033189;4151;354;5005;5011;5.80;0.35;245.98;4.23;854;14;1721.00;6
4154;14;624033198;4154;361;5005;5011;5.80;0.36;246.07;4.23;851;14;1722.00;6
4159;14;624033207;4159;367;5005;5011;5.73;0.35;245.95;4.23;846;14;1723.00;6
4161;14;624033215;4161;361;5005;5011;5.68;0.35;245.99;4.23;844;14;1724.00;6
4164;14;624033224;4164;365;5005;5011;5.63;0.35;245.97;4.23;841;14;1725.00;6
4171;14;624033233;4171;358;5006;5011;5.55;0.34;245.94;4.26;835;14;1726.00;5
4175;14;624033241;4175;359;5006;5011;5.53;0.34;246.12;4.26;831;14;1727.00;5
4180;14;624033251;4180;379;5084;5138;5.95;0.37;246.10;4.20;904;14;1728.00;54
4182;14;624033269;4182;379;5088;5139;5.94;0.37;246.10;4.19;906;14;1729.00;51
4188;14;624033279;4188;385;5094;5139;5.99;0.37;245.99;4.19;906;14;1730.00;45
4190;14;624033288;4190;379;5096;5139;6.03;0.37;245.93;4.19;906;14;1731.00;43
4193;14;624033297;4193;379;5102;5139;6.02;0.37;246.02;4.19;909;14;1732.00;37
4196;14;624033307;4196;383;5102;5139;6.00;0.37;246.02;4.19;906;14;1733.00;37
4196;14;624033316;4196;391;5107;5139;6.01;0.37;246.02;4.21;911;14;1734.00;32
4198;14;624033325;4198;391;5110;5139;5.98;0.37;246.09;4.22;912;14;1735.00;29
4200;14;624033334;4200;402;5113;5140;5.92;0.37;246.04;4.22;913;14;1736.00;27
4203;14;624033350;4203;407;5118;5141;5.83;0.36;246.06;4.22;915;14;1737.00;23
4205;14;624033360;4205;419;5121;5141;5.73;0.36;246.07;4.23;916;14;1738.00;20
4206;14;624033369;4206;413;5124;5142;5.70;0.35;246.07;4.23;918;14;1739.00;18
4208;14;624033381;4208;403;5126;5142;5.65;0.35;246.10;4.23;918;14;1740.00;16
4210;14;624033393;4210;402;5130;5142;5.68;0.35;246.07;4.24;920;14;1741.00;12
4212;14;624033403;4212;400;5130;5142;5.72;0.36;246.10;4.24;918;14;1742.00;12
4213;14;624033413;4213;403;5134;5146;5.78;0.36;246.09;4.24;921;14;1743.00;12
4214;14;624033423;4214;397;5135;5146;5.84;0.36;246.11;4.24;921;14;1744.00;11
4216;14;624033434;4216;391;5136;5146;5.84;0.36;246.05;4.24;920;14;1745.00;10
4217;14;624033454;4217;388;5139;5149;5.94;0.37;246.05;4.24;922;14;1746.00;10
4220;14;624033470;4220;370;5139;5149;6.01;0.37;246.05;4.24;919;14;1747.00;10
4224;14;624033480;4224;361;5140;5149;6.12;0.38;246.05;4.24;916;14;1748.00;9
4229;14;624033491;4229;357;5144;5153;6.27;0.39;246.16;4.24;915;14;1749.00;9
4231;14;624033504;4231;351;5147;5154;6.47;0.40;246.16;4.24;916;14;1750.00;7
4233;14;624033515;4233;341;5148;5154;6.59;0.41;246.14;4.25;915;14;1751.00;6
4234;14;624033526;4234;338;5152;5158;6.70;0.41;246.16;4.24;918;14;1752.00;6
4237;14;624033537;4237;335;5152;5158;6.85;0.42;246.12;4.24;915;14;1753.00;6
4238;14;624033548;4238;336;5152;5158;6.96;0.43;246.14;4.24;914;14;1754.00;6
4241;14;624033564;4241;335;5154;5160;7.07;0.43;246.06;4.24;913;14;1755.00;6
4242;14;624033576;4242;324;5154;5160;7.14;0.44;246.08;4.24;912;14;1756.00;6
4245;14;624033588;4245;308;5159;5166;7.20;0.44;246.06;4.24;914;14;1757.00;7
4249;14;624033607;4249;293;5159;5166;7.28;0.44;246.05;4.24;910;14;1758.00;7
4252;14;624033619;4252;283;5160;5167;7.34;0.45;245.99;4.24;908;14;1759.00;7
4255;14;624033630;4255;273;5160;5167;7.40;0.45;246.04;4.24;905;14;1760.00;7
4258;14;624033641;4258;268;5160;5167;7.50;0.46;246.01;4.24;902;14;1761.00;7
4260;14;624033653;4260;254;5160;5167;7.58;0.46;246.06;4.24;900;14;1762.00;7
4262;14;624033664;4262;251;5160;5167;7.68;0.47;246.05;4.24;898;14;1763.00;7
4263;14;624033676;4263;244;5171;5179;7.86;0.48;246.13;4.26;908;14;1764.00;8
4264;14;624033695;4264;241;5171;5179;8.00;0.49;246.09;4.26;907;14;1765.00;8
4268;14;624033707;4268;239;5172;5179;8.14;0.49;246.12;4.25;904;14;1766.00;7
4270;14;624033721;4270;230;5172;5179;8.23;0.50;246.14;4.25;902;14;1767.00;7
4271;14;624033737;4271;229;5172;5179;8.29;0.50;246.16;4.25;901;14;1768.00;7
4272;14;624033751;4272;216;5172;5179;8.32;0.51;246.11;4.25;900;14;1769.00;7
4275;14;624033767;4275;211;5175;5183;8.33;0.51;246.16;4.25;900;14;1770.00;8
4278;14;624033783;4278;200;5175;5183;8.39;0.51;246.18;4.25;897;14;1771.00;8
4282;14;624033796;4282;197;5179;5187;8.45;0.51;246.41;4.25;897;14;1772.00;8
4283;14;624033815;4283;197;5180;5188;8.48;0.51;246.43;4.25;897;14;1773.00;8
4285;14;624033828;4285;196;5180;5188;8.53;0.52;246.50;4.25;895;14;1774.00;8
4286;14;624033842;4286;201;5180;5188;8.61;0.52;246.52;4.25;894;14;1775.00;8
4289;14;624033854;4289;195;5191;5201;8.72;0.53;246.62;4.24;902;14;1776.00;10
4293;14;624033868;4293;194;5191;5201;8.79;0.53;246.72;4.24;898;14;1777.00;10
4295;14;624033881;4295;193;5191;5201;8.85;0.54;246.80;4.24;896;14;1778.00;10
4297;14;624033893;4297;190;5192;5202;8.90;0.54;246.96;4.24;895;14;1779.00;10
4300;14;624033906;4300;191;5193;5203;8.95;0.54;247.05;4.26;893;14;1780.00;10
4302;14;624033918;4302;188;5193;5203;9.00;0.55;247.02;4.26;891;14;1781.00;10
4304;14;624033931;4304;194;5195;5206;9.03;0.55;247.10;4.26;891;14;1782.00;11
4306;14;624033944;4306;192;5195;5206;8.99;0.55;247.12;4.26;889;14;1783.00;11
4308;14;624033955;4308;191;5196;5206;9.06;0.55;247.11;4.26;888;14;1784.00;10
4310;14;624033967;4310;192;5197;5206;9.10;0.55;247.14;4.28;887;14;1785.00;9
4312;14;624033978;4312;194;5202;5212;9.18;0.56;247.22;4.28;890;14;1786.00;10
4316;14;624033990;4316;189;5202;5212;9.18;0.56;247.36;4.28;886;14;1787.00;10
4318;14;624034002;4318;192;5202;5212;9.21;0.56;247.38;4.28;884;14;1788.00;10
4320;14;624034019;4320;192;5202;5212;9.28;0.56;247.43;4.28;882;14;1789.00;10
4321;14;624034031;4321;192;5205;5216;9.31;0.56;247.49;4.28;884;14;1790.00;11
4325;14;624034042;4325;194;5206;5217;9.37;0.57;247.56;4.27;881;14;1791.00;11
4327;14;624034054;4327;193;5206;5217;9.42;0.57;247.59;4.27;879;14;1792.00;11
4330;14;624034065;4330;193;5207;5218;9.44;0.57;247.70;4.27;877;14;1793.00;11
4332;14;624034081;4332;194;5207;5218;9.44;0.57;247.88;4.27;875;14;1794.00;11
4337;14;624034100;4337;201;5207;5218;9.41;0.57;247.94;4.27;870;14;1795.00;11
4340;14;624034117;4340;204;5207;5218;9.40;0.57;248.10;4.27;867;14;1796.00;11
4342;14;624034136;4342;205;5207;5218;9.34;0.57;248.17;4.27;865;14;1797.00;11
4345;14;624034152;4345;205;5207;5218;9.30;0.57;248.29;4.27;862;14;1798.00;11
4348;14;624034169;4348;204;5207;5218;9.29;0.57;248.40;4.27;859;14;1799.00;11
4351;14;624034195;4351;225;5272;5356;9.05;0.56;248.50;4.24;921;14;1800.00;84
4353;14;624034233;4353;210;5272;5357;9.02;0.56;248.60;4.24;919;14;1801.00;85
4357;14;624034246;4357;197;5282;5357;9.08;0.56;248.67;4.24;925;14;1802.00;75
4361;14;624034259;4361;187;5284;5357;9.06;0.56;248.65;4.24;923;14;1803.00;73
4364;14;624034277;4364;187;5288;5357;9.09;0.56;248.67;4.24;924;14;1804.00;69
4371;14;624034291;4371;188;5294;5357;9.03;0.55;248.74;4.27;923;14;1805.00;63
4374;14;624034304;4374;194;5301;5357;9.04;0.56;248.64;4.27;927;14;1806.00;56
4378;14;624034317;4378;193;5305;5357;9.06;0.56;248.74;4.27;927;14;1807.00;52
4385;14;624034329;4385;199;5310;5358;9.04;0.55;248.71;4.28;925;14;1808.00;48
4387;14;624034341;4387;193;5312;5359;9.08;0.56;248.80;4.28;925;14;1809.00;47
4389;14;624034354;4389;191;5314;5359;9.09;0.56;248.83;4.28;925;14;1810.00;45
4393;14;624034367;4393;193;5320;5363;9.10;0.56;248.87;4.28;927;14;1811.00;43
4396;14;624034379;4396;190;5322;5363;9.14;0.56;248.93;4.28;926;14;1812.00;41
4397;14;624034391;4397;183;5324;5363;9.20;0.56;248.93;4.30;927;14;1813.00;39
4402;14;624034403;4402;180;5325;5363;9.19;0.56;249.13;4.30;923;14;1814.00;38
4407;14;624034415;4407;183;5329;5369;9.24;0.57;249.20;4.30;922;14;1815.00;40
4412;14;624034428;4412;186;5329;5369;9.31;0.57;249.22;4.30;917;14;1816.00;40
4419;14;624034440;4419;192;5330;5369;9.26;0.57;249.17;4.31;911;14;1817.00;39
4425;14;624034452;4425;195;5332;5372;9.18;0.56;249.30;4.30;907;14;1818.00;40
4430;14;624034464;4430;190;5332;5372;9.16;0.56;249.33;4.30;902;14;1819.00;40
4432;14;624034477;4432;196;5336;5372;9.10;0.56;249.42;4.32;904;14;1820.00;36
4437;14;624034488;4437;191;5336;5373;9.12;0.56;249.57;4.32;899;14;1821.00;37
4442;14;624034500;4442;189;5337;5374;9.13;0.56;249.71;4.32;895;14;1822.00;37
4444;14;624034513;4444;194;5342;5374;9.08;0.55;249.71;4.33;898;14;1823.00;32
4448;14;624034526;4448;188;5349;5387;9.01;0.55;249.85;4.32;901;14;1824.00;38
4451;14;624034538;4451;190;5349;5387;8.97;0.55;249.96;4.32;898;14;1825.00;38
4453;14;624034549;4453;196;5353;5387;8.88;0.54;250.00;4.33;900;14;1826.00;34
4457;14;624034566;4457;194;5354;5388;8.80;0.54;250.06;4.33;897;14;1827.00;34
4458;14;624034577;4458;204;5355;5388;8.76;0.54;250.07;4.33;897;14;1828.00;33
4459;14;624034588;4459;212;5358;5392;8.73;0.53;250.06;4.33;899;14;1829.00;34
4465;14;624034601;4465;217;5360;5392;8.66;0.53;250.24;4.34;895;14;1830.00;32
4468;14;624034613;4468;219;5364;5396;8.64;0.53;250.30;4.34;896;14;1831.00;32
4470;14;624034625;4470;218;5364;5396;8.57;0.52;250.32;4.34;894;14;1832.00;32
4474;14;624034636;4474;213;5364;5396;8.54;0.52;250.32;4.34;890;14;1833.00;32
4476;14;624034648;4476;222;5366;5396;8.50;0.52;250.32;4.36;890;14;1834.00;30
4477;14;624034659;4477;221;5367;5396;8.46;0.52;250.37;4.36;890;14;1835.00;29
4481;14;624034670;4481;225;5380;5408;8.40;0.51;250.43;4.36;899;14;1836.00;28
4483;14;624034682;4483;224;5380;5408;8.34;0.51;250.47;4.36;897;14;1837.00;28
4485;14;624034692;4485;236;5383;5408;8.34;0.51;250.58;4.39;898;14;1838.00;25
4488;14;624034703;4488;240;5383;5408;8.32;0.51;250.68;4.39;895;14;1839.00;25
4490;14;624034713;4490;253;5385;5408;8.25;0.50;250.64;4.40;895;14;1840.00;23
4492;14;624034724;4492;256;5385;5408;8.13;0.50;250.66;4.40;893;14;1841.00;23
4493;14;624034734;4493;260;5387;5409;8.02;0.49;250.64;4.41;894;14;1842.00;22
4496;14;624034745;4496;264;5388;5409;7.94;0.49;250.71;4.42;892;14;1843.00;21
4498;14;624034755;4498;271;5395;5415;7.98;0.49;250.67;4.43;897;14;1844.00;20
4501;14;624034766;4501;277;5398;5417;7.85;0.48;250.70;4.43;897;14;1845.00;19
4504;14;624034783;4504;287;5398;5417;7.76;0.48;250.77;4.43;894;14;1846.00;19
4510;14;624034793;4510;298;5400;5417;7.63;0.47;250.82;4.44;890;14;1847.00;17
4512;14;624034803;4512;301;5403;5421;7.60;0.47;250.85;4.44;891;14;1848.00;18
4513;14;624034815;4513;298;5405;5421;7.54;0.46;250.95;4.44;892;14;1849.00;16
4515;14;624034824;4515;297;5406;5421;7.43;0.46;251.04;4.44;891;14;1850.00;15
4521;14;624034834;4521;293;5408;5422;7.36;0.45;251.27;4.45;887;14;1851.00;14
4521;14;624034844;4521;295;5411;5426;7.27;0.45;251.27;4.44;890;14;1852.00;15
4525;14;624034854;4525;290;5412;5426;7.23;0.44;251.24;4.45;887;14;1853.00;14
4527;14;624034865;4527;291;5414;5429;7.19;0.44;251.32;4.44;887;14;1854.00;15
4531;14;624034875;4531;289;5414;5429;7.13;0.44;251.39;4.44;883;14;1855.00;15
4533;14;624034886;4533;287;5416;5429;7.12;0.44;251.42;4.44;883;14;1856.00;13
4533;14;624034896;4533;293;5416;5429;7.15;0.44;251.42;4.44;883;14;1857.00;13
4537;14;624034906;4537;302;5421;5433;7.15;0.44;251.37;4.44;884;14;1858.00;12
4538;14;624034916;4538;309;5421;5433;7.11;0.44;251.34;4.44;883;14;1859.00;12
4540;14;624034926;4540;308;5421;5433;7.04;0.43;251.30;4.44;881;14;1860.00;12
4541;14;624034936;4541;314;5421;5433;6.98;0.43;251.26;4.44;880;14;1861.00;12
4541;14;624034945;4541;319;5422;5434;6.86;0.42;251.26;4.44;881;14;1862.00;12
4544;14;624034954;4544;327;5423;5435;6.71;0.41;251.19;4.44;879;14;1863.00;12
4548;14;624034962;4548;328;5423;5435;6.56;0.41;251.24;4.44;875;14;1864.00;12
4549;14;624034972;4549;331;5424;5436;6.50;0.40;251.21;4.44;875;14;1865.00;12
4555;14;624034980;4555;336;5424;5436;6.30;0.39;251.11;4.44;869;14;1866.00;12
4556;14;624034989;4556;339;5424;5436;6.21;0.39;251.08;4.44;868;14;1867.00;12
4561;14;624034998;4561;343;5424;5436;6.04;0.37;251.16;4.44;863;14;1868.00;12
4565;14;624035007;4565;356;5424;5436;5.87;0.36;251.12;4.44;859;14;1869.00;12
4570;14;624035016;4570;341;5424;5436;5.73;0.35;251.05;4.44;854;14;1870.00;12
4572;14;624035024;4572;351;5424;5436;5.69;0.35;251.06;4.44;852;14;1871.00;12
4574;14;624035032;4574;364;5495;5563;6.03;0.38;251.15;4.38;921;14;1872.00;68
4578;14;624035050;4578;354;5498;5564;5.97;0.38;251.31;4.38;920;14;1873.00;66
4585;14;624035059;4585;348;5507;5564;5.98;0.37;251.19;4.38;922;14;1874.00;57
4589;14;624035068;4589;349;5509;5564;5.97;0.37;251.19;4.38;920;14;1875.00;55
4591;14;624035079;4591;351;5517;5564;6.05;0.38;251.18;4.38;926;14;1876.00;47
4593;14;624035087;4593;348;5519;5564;6.01;0.38;251.23;4.38;926;14;1877.00;45
4596;14;624035097;4596;344;5524;5564;6.04;0.38;251.29;4.38;928;14;1878.00;40
4599;14;624035106;4599;346;5525;5564;6.04;0.38;251.21;4.38;926;14;1879.00;39
4602;14;624035121;4602;346;5528;5565;5.98;0.37;251.26;4.38;926;14;1880.00;37
4604;14;624035131;4604;358;5532;5566;5.98;0.37;251.18;4.38;928;14;1881.00;34
4607;14;624035140;4607;358;5537;5568;5.89;0.37;251.19;4.39;930;14;1882.00;31
4611;14;624035149;4611;352;5541;5569;5.85;0.36;251.19;4.39;930;14;1883.00;28
4614;14;624035159;4614;362;5545;5569;5.85;0.36;251.20;4.39;931;14;1884.00;24
4618;14;624035169;4618;366;5547;5569;5.79;0.36;251.14;4.40;929;14;1885.00;22
4620;14;624035178;4620;367;5547;5569;5.79;0.36;251.19;4.40;927;14;1886.00;22
4623;14;624035187;4623;370;5552;5573;5.76;0.36;251.18;4.40;929;14;1887.00;21
4624;14;624035197;4624;370;5552;5573;5.79;0.36;251.21;4.40;928;14;1888.00;21
4628;14;624035206;4628;374;5553;5573;5.72;0.35;251.24;4.40;925;14;1889.00;20
4629;14;624035218;4629;376;5557;5579;5.67;0.35;251.19;4.39;928;14;1890.00;22
4632;14;624035228;4632;358;5561;5579;5.67;0.35;251.27;4.40;929;14;1891.00;18
4634;14;624035238;4634;350;5562;5579;5.72;0.35;251.25;4.40;928;14;1892.00;17
4635;14;624035248;4635;348;5567;5583;5.82;0.36;251.28;4.41;932;14;1893.00;16
4639;14;624035258;4639;346;5569;5584;5.88;0.36;251.32;4.41;930;14;1894.00;15
4644;14;624035269;4644;347;5570;5584;5.89;0.36;251.18;4.41;926;14;1895.00;14
4647;14;624035285;4647;345;5574;5588;5.93;0.36;251.12;4.40;927;14;1896.00;14
4651;14;624035295;4651;345;5574;5588;5.99;0.37;251.35;4.40;923;14;1897.00;14
4652;14;624035312;4652;345;5574;5588;6.04;0.37;251.35;4.40;922;14;1898.00;14
4657;14;624035322;4657;342;5575;5589;6.08;0.37;251.35;4.40;918;14;1899.00;14
4660;15;624035333;4660;344;5575;5589;6.14;0.37;251.38;4.40;915;15;1900.00;14
4663;15;624035354;4663;348;5581;5595;6.23;0.38;251.38;4.40;918;15;1901.00;14
4668;16;624035369;4668;357;5581;5595;6.24;0.38;251.26;4.40;913;16;1902.00;14
4672;16;624035386;4672;360;5582;5596;6.24;0.38;251.29;4.40;910;16;1903.00;14
4676;16;624035397;4676;361;5582;5596;6.25;0.38;251.21;4.40;906;16;1904.00;14
4681;16;624035417;4681;357;5582;5596;6.22;0.38;251.15;4.40;901;16;1905.00;14
4685;16;624035428;4685;356;5582;5596;6.23;0.38;251.23;4.40;897;16;1906.00;14
4686;16;624035439;4686;357;5582;5596;6.25;0.38;251.26;4.40;896;16;1907.00;14
4690;16;624035455;4690;353;5593;5608;6.38;0.39;251.32;4.39;903;16;1908.00;15
4691;16;624035467;4691;356;5593;5608;6.44;0.39;251.29;4.39;902;16;1909.00;15
4692;16;624035477;4692;360;5594;5608;6.49;0.40;251.27;4.39;902;16;1910.00;14
4695;16;624035487;4695;355;5594;5608;6.50;0.40;251.35;4.39;899;16;1911.00;14
4697;16;624035498;4697;350;5594;5608;6.49;0.40;251.30;4.39;897;16;1912.00;14
4698;16;624035508;4698;347;5594;5608;6.55;0.40;251.30;4.39;896;16;1913.00;14
4701;16;624035519;4701;346;5598;5612;6.59;0.40;251.30;4.39;897;16;1914.00;14
4702;16;624035530;4702;345;5598;5612;6.60;0.40;251.33;4.39;896;16;1915.00;14
4704;16;624035541;4704;345;5602;5616;6.63;0.40;251.36;4.38;898;16;1916.00;14
4705;17;624035551;4705;329;5603;5617;6.68;0.41;251.33;4.38;898;17;1917.00;14
4705;17;624035572;4705;322;5603;5617;6.76;0.41;251.33;4.38;898;17;1918.00;14
4706;17;624035583;4706;312;5604;5617;6.84;0.42;251.38;4.40;898;17;1919.00;13
4709;17;624035596;4709;312;5627;5646;6.99;0.43;251.49;4.39;918;17;1920.00;19
4712;17;624035609;4712;300;5627;5646;7.03;0.43;251.57;4.39;915;17;1921.00;19
4716;17;624035621;4716;293;5628;5646;7.13;0.43;251.71;4.39;912;17;1922.00;18
4719;17;624035633;4719;290;5629;5647;7.28;0.44;251.85;4.38;910;17;1923.00;18
4719;17;624035644;4719;287;5630;5648;7.47;0.46;251.85;4.38;911;17;1924.00;18
4724;17;624035655;4724;282;5630;5648;7.54;0.46;251.99;4.38;906;17;1925.00;18
4727;17;624035667;4727;275;5632;5651;7.67;0.47;252.07;4.38;905;17;1926.00;19
4728;17;624035682;4728;264;5632;5651;7.72;0.47;252.18;4.38;904;17;1927.00;19
4732;17;624035701;4732;256;5633;5651;7.73;0.47;252.41;4.38;901;17;1928.00;18
4733;17;624035713;4733;248;5633;5651;7.80;0.47;252.51;4.38;900;17;1929.00;18
4736;17;624035725;4736;251;5638;5657;7.83;0.48;252.48;4.38;902;17;1930.00;19
4741;17;624035737;4741;246;5638;5657;7.88;0.48;252.64;4.38;897;17;1931.00;19
4742;17;624035750;4742;241;5638;5657;8.03;0.49;252.73;4.38;896;17;1932.00;19
4743;17;624035761;4743;239;5638;5657;8.14;0.49;252.71;4.38;895;17;1933.00;19
4748;17;624035773;4748;236;5641;5661;8.18;0.50;252.86;4.38;893;17;1934.00;20
4750;17;624035786;4750;245;5643;5663;8.25;0.50;252.89;4.38;893;17;1935.00;20
4750;17;624035798;4750;242;5643;5663;8.36;0.51;252.89;4.38;893;17;1936.00;20
4753;17;624035810;4753;239;5644;5664;8.44;0.51;253.01;4.38;891;17;1937.00;20
4756;17;624035822;4756;237;5645;5664;8.51;0.51;253.08;4.40;889;17;1938.00;19
4760;17;624035834;4760;237;5645;5664;8.49;0.51;253.21;4.40;885;17;1939.00;19
4762;17;624035861;4762;232;5645;5664;8.57;0.52;253.28;4.40;883;17;1940.00;19
4765;17;624035873;4765;225;5645;5664;8.65;0.52;253.41;4.40;880;17;1941.00;19
4768;17;624035885;4768;219;5645;5664;8.76;0.53;253.39;4.40;877;17;1942.00;19
4771;17;624035897;4771;221;5645;5664;8.83;0.53;253.51;4.40;874;17;1943.00;19
4773;17;624035909;4773;239;5687;5734;8.66;0.52;253.58;4.37;914;17;1944.00;47
4777;17;624035926;4777;224;5687;5735;8.76;0.53;253.67;4.37;910;17;1945.00;48
4779;17;624035938;4779;219;5692;5735;8.84;0.54;253.70;4.36;913;17;1946.00;43
4782;17;624035956;4782;217;5692;5735;8.84;0.54;253.78;4.36;910;17;1947.00;43
4786;17;624035968;4786;208;5694;5735;8.89;0.54;253.87;4.36;908;17;1948.00;41
4788;17;624035979;4788;210;5695;5735;8.93;0.54;253.99;4.36;907;17;1949.00;40
4791;17;624035993;4791;213;5699;5737;8.95;0.54;254.04;4.36;908;17;1950.00;38
4795;18;624036005;4795;211;5701;5737;8.96;0.54;254.27;4.36;906;18;1951.00;36
4799;18;624036025;4799;214;5702;5738;8.95;0.54;254.42;4.37;903;18;1952.00;36
4800;18;624036037;4800;214;5704;5739;9.01;0.55;254.47;4.37;904;18;1953.00;35
4801;18;624036048;4801;216;5706;5739;9.07;0.55;254.51;4.39;905;18;1954.00;33
4803;18;624036060;4803;213;5712;5743;9.08;0.55;254.68;4.40;909;18;1955.00;31
4804;18;624036071;4804;211;5715;5743;9.12;0.55;254.66;4.40;911;18;1956.00;28
4805;18;624036087;4805;212;5717;5743;9.16;0.56;254.72;4.40;912;18;1957.00;26
4810;18;624036112;4810;212;5719;5743;9.15;0.56;254.85;4.40;909;18;1958.00;24
4811;18;624036133;4811;215;5724;5749;9.14;0.56;254.84;4.40;913;18;1959.00;25
4816;18;624036151;4816;219;5724;5749;9.15;0.56;254.92;4.40;908;18;1960.00;25
4821;18;624036169;4821;217;5724;5749;9.18;0.56;254.93;4.40;903;18;1961.00;25
4822;18;624036187;4822;221;5726;5752;9.24;0.56;254.94;4.40;904;18;1962.00;26
4825;18;624036210;4825;216;5726;5752;9.29;0.56;254.96;4.40;901;18;1963.00;26
4828;18;624036224;4828;206;5727;5752;9.29;0.56;254.95;4.40;899;18;1964.00;25
4831;18;624036238;4831;205;5727;5753;9.33;0.57;254.93;4.40;896;18;1965.00;26
4832;18;624036253;4832;205;5728;5754;9.32;0.56;254.95;4.40;896;18;1966.00;26
4834;18;624036266;4834;203;5728;5754;9.31;0.56;254.97;4.40;894;18;1967.00;26
4835;18;624036279;4835;202;5737;5767;9.31;0.56;254.97;4.39;902;18;1968.00;30
4838;18;624036293;4838;196;5738;5767;9.24;0.56;255.06;4.39;900;18;1969.00;29
4840;18;624036306;4840;190;5738;5767;9.29;0.56;255.03;4.39;898;18;1970.00;29
4841;18;624036318;4841;190;5739;5768;9.37;0.57;255.06;4.39;898;18;1971.00;29
4847;18;624036330;4847;181;5739;5768;9.35;0.57;255.16;4.39;892;18;1972.00;29
4849;18;624036342;4849;176;5745;5772;9.41;0.57;255.09;4.42;896;18;1973.00;27
4852;18;624036355;4852;175;5746;5772;9.45;0.57;255.22;4.43;894;18;1974.00;26
4855;18;624036367;4855;178;5749;5776;9.48;0.58;255.28;4.42;894;18;1975.00;27
4861;18;624036381;4861;166;5750;5776;9.49;0.58;255.36;4.43;889;18;1976.00;26
4865;18;624036393;4865;163;5750;5776;9.58;0.58;255.37;4.43;885;18;1977.00;26
4871;18;624036406;4871;163;5750;5776;9.59;0.58;255.34;4.43;879;18;1978.00;26
4873;18;624036417;4873;162;5750;5776;9.61;0.58;255.29;4.43;877;18;1979.00;26
4877;18;624036431;4877;159;5771;5810;9.66;0.59;255.45;4.42;894;18;1980.00;39
4879;18;624036446;4879;154;5772;5810;9.70;0.59;255.54;4.42;893;18;1981.00;38
4883;18;624036458;4883;149;5773;5810;9.69;0.59;255.45;4.42;890;18;1982.00;37
4885;18;624036471;4885;153;5774;5810;9.68;0.59;255.41;4.42;889;18;1983.00;36
4890;18;624036483;4890;151;5774;5810;9.64;0.59;255.44;4.42;884;18;1984.00;36
4893;18;624036495;4893;150;5774;5810;9.63;0.59;255.49;4.42;881;18;1985.00;36
4894;18;624036507;4894;146;5774;5811;9.62;0.58;255.49;4.42;880;18;1986.00;37
4897;18;624036519;4897;150;5775;5811;9.59;0.58;255.63;4.42;878;18;1987.00;36
4901;18;624036532;4901;148;5780;5817;9.64;0.59;255.61;4.42;879;18;1988.00;37
4904;18;624036545;4904;151;5780;5818;9.61;0.58;255.66;4.42;876;18;1989.00;38
4907;18;624036557;4907;159;5781;5818;9.56;0.58;255.63;4.42;874;18;1990.00;37
4908;18;624036569;4908;161;5782;5818;9.49;0.58;255.72;4.42;874;18;1991.00;36
4910;18;624036580;4910;161;5786;5822;9.45;0.57;255.92;4.42;876;18;1992.00;36
4915;18;624036593;4915;163;5786;5822;9.37;0.57;256.01;4.42;871;18;1993.00;36
4918;18;624036605;4918;168;5788;5822;9.29;0.57;255.96;4.43;870;18;1994.00;34
4922;18;624036617;4922;175;5790;5823;9.24;0.56;256.03;4.43;868;18;1995.00;33
4924;18;624036629;4924;177;5793;5827;9.20;0.56;256.18;4.42;869;18;1996.00;34
4928;18;624036642;4928;178;5794;5827;9.13;0.56;256.39;4.43;866;18;1997.00;33
4930;18;624036653;4930;184;5796;5830;9.15;0.56;256.48;4.43;866;18;1998.00;34
4935;18;624036672;4935;195;5797;5830;9.08;0.55;256.54;4.43;862;18;1999.00;33
4937;18;624036685;4937;198;5799;5830;9.09;0.55;256.67;4.45;862;18;2000.00;31
4944;18;624036700;4944;202;5799;5830;9.12;0.56;256.73;4.45;855;18;2001.00;31
4949;18;624036712;4949;203;5803;5834;9.18;0.56;256.76;4.45;854;18;2002.00;31
4951;18;624036725;4951;209;5805;5834;9.12;0.56;256.81;4.46;854;18;2003.00;29
4955;18;624036736;4955;216;5805;5834;9.10;0.55;256.87;4.46;850;18;2004.00;29
4959;18;624036748;4959;223;5806;5834;9.00;0.55;256.90;4.46;847;18;2005.00;28
4965;18;624036759;4965;226;5807;5835;8.84;0.54;257.01;4.47;842;18;2006.00;28
4968;18;624036770;4968;235;5809;5836;8.75;0.53;257.06;4.48;841;18;2007.00;27
4969;18;624036781;4969;238;5809;5836;8.60;0.52;257.08;4.48;840;18;2008.00;27
4972;18;624036791;4972;245;5811;5837;8.46;0.51;257.14;4.49;839;18;2009.00;26
4972;18;624036803;4972;249;5811;5837;8.37;0.51;257.14;4.49;839;18;2010.00;26
4974;18;624036813;4974;255;5813;5837;8.26;0.50;257.09;4.51;839;18;2011.00;24
4976;18;624036824;4976;265;5813;5837;8.16;0.50;257.05;4.51;837;18;2012.00;24
4978;18;624036833;4978;273;5813;5837;8.02;0.49;256.99;4.51;835;18;2013.00;24
4979;18;624036843;4979;277;5814;5837;7.92;0.48;256.96;4.51;835;18;2014.00;23
4979;18;624036853;4979;282;5814;5837;7.77;0.48;256.96;4.51;835;18;2015.00;23
4980;18;624036862;4980;306;5881;5964;7.88;0.49;256.99;4.49;901;18;2016.00;83
4983;18;624036882;4983;310;5882;5965;7.74;0.48;256.91;4.49;899;18;2017.00;83
4985;18;624036894;4985;311;5894;5965;7.73;0.48;256.87;4.49;909;18;2018.00;71
4986;18;624036904;4986;310;5900;5965;7.66;0.47;256.86;4.49;914;18;2019.00;65
4991;18;624036914;4991;312;5908;5965;7.59;0.47;256.94;4.49;917;18;2020.00;57
4992;18;624036924;4992;308;5911;5965;7.51;0.46;256.90;4.49;919;18;2021.00;54
4994;18;624036934;4994;306;5915;5965;7.42;0.46;256.93;4.50;921;18;2022.00;50
4997;18;624036945;4997;302;5917;5965;7.33;0.45;256.86;4.50;920;18;2023.00;48
5000;18;624036963;5000;298;5921;5966;7.31;0.45;256.81;4.50;921;18;2024.00;45
5001;18;624036975;5001;298;5927;5968;7.27;0.45;256.77;4.51;926;18;2025.00;41
5003;18;624036992;5003;306;5929;5968;7.19;0.44;256.77;4.51;926;18;2026.00;39
5004;18;624037004;5004;305;5934;5969;7.12;0.44;256.75;4.51;930;18;2027.00;35
5006;18;624037014;5006;301;5936;5969;7.06;0.43;256.68;4.52;930;18;2028.00;33
5007;18;624037025;5007;308;5940;5969;6.98;0.43;256.65;4.52;933;18;2029.00;29
5010;18;624037036;5010;309;5941;5969;6.88;0.42;256.65;4.52;931;18;2030.00;28
5013;18;624037046;5013;317;5946;5973;6.77;0.42;256.64;4.52;933;18;2031.00;27
5017;18;624037056;5017;330;5950;5973;6.62;0.41;256.52;4.53;933;18;2032.00;23
5017;18;624037067;5017;332;5950;5973;6.46;0.40;256.52;4.53;933;18;2033.00;23
5020;18;624037078;5020;336;5953;5976;6.30;0.39;256.51;4.53;933;18;2034.00;23
5023;18;624037096;5023;345;5953;5976;6.13;0.38;256.49;4.53;930;18;2035.00;23
5025;18;624037106;5025;354;5954;5976;5.97;0.37;256.56;4.53;929;18;2036.00;22
5027;18;624037117;5027;365;5958;5980;5.83;0.36;256.55;4.53;931;18;2037.00;22
5029;18;624037127;5029;372;5961;5981;5.72;0.35;256.59;4.53;932;18;2038.00;20
5033;18;624037136;5033;380;5961;5981;5.55;0.34;256.57;4.53;928;18;2039.00;20
5035;18;624037147;5035;380;5966;5986;5.54;0.34;256.58;4.53;931;18;2040.00;20
5038;18;624037156;5038;383;5967;5986;5.47;0.34;256.54;4.53;929;18;2041.00;19
5041;18;624037165;5041;381;5969;5986;5.45;0.34;256.48;4.54;928;18;2042.00;17
5043;18;624037174;5043;367;5970;5987;5.49;0.34;256.47;4.54;927;18;2043.00;17
5046;18;624037183;5046;358;5970;5987;5.52;0.34;256.45;4.54;924;18;2044.00;17
5050;18;624037193;5050;353;5976;5993;5.64;0.35;256.36;4.53;926;18;2045.00;17
5053;18;624037203;5053;346;5976;5993;5.71;0.35;256.32;4.53;923;18;2046.00;17
5055;18;624037212;5055;333;5977;5994;5.79;0.36;256.34;4.53;922;18;2047.00;17
5057;18;624037227;5057;328;5977;5994;5.90;0.36;256.40;4.53;920;18;2048.00;17
5059;18;624037237;5059;316;5977;5994;5.94;0.36;256.42;4.53;918;18;2049.00;17
5065;18;624037254;5065;309;5977;5994;5.95;0.36;256.27;4.53;912;18;2050.00;17
5068;18;624037264;5068;302;5978;5994;6.00;0.37;256.29;4.57;910;18;2051.00;16
5071;18;624037274;5071;293;5988;6006;6.16;0.38;256.29;4.57;917;18;2052.00;18
5072;18;624037285;5072;295;5988;6006;6.28;0.38;256.33;4.57;916;18;2053.00;18
5075;18;624037295;5075;296;5990;6006;6.37;0.39;256.31;4.56;915;18;2054.00;16
5079;18;624037305;5079;292;5990;6006;6.47;0.39;256.28;4.56;911;18;2055.00;16
5083;18;624037315;5083;300;5990;6006;6.52;0.40;256.32;4.56;907;18;2056.00;16
5085;18;624037325;5085;298;5990;6006;6.56;0.40;256.29;4.56;905;18;2057.00;16
5088;18;624037342;5088;297;5994;6010;6.58;0.40;256.31;4.56;906;18;2058.00;16
5091;18;624037353;5091;292;5994;6010;6.61;0.40;256.35;4.56;903;18;2059.00;16
5093;18;624037364;5093;290;5998;6014;6.68;0.41;256.41;4.56;905;18;2060.00;16
5093;18;624037375;5093;288;5999;6015;6.71;0.41;256.41;4.56;906;18;2061.00;16
5095;18;624037385;5095;287;5999;6015;6.75;0.41;256.44;4.56;904;18;2062.00;16
5099;18;624037395;5099;291;5999;6015;6.75;0.41;256.41;4.56;900;18;2063.00;16
5104;18;624037406;5104;290;6012;6028;6.74;0.41;256.60;4.55;908;18;2064.00;16
5106;18;624037418;5106;292;6012;6028;6.73;0.41;256.66;4.55;906;18;2065.00;16
5112;18;624037428;5112;293;6012;6028;6.69;0.41;256.67;4.55;900;18;2066.00;16
5115;18;624037438;5115;291;6014;6029;6.71;0.41;256.62;4.59;899;18;2067.00;15
5118;18;624037448;5118;291;6015;6030;6.70;0.41;256.68;4.59;897;18;2068.00;15
5119;18;624037459;5119;297;6015;6030;6.71;0.41;256.70;4.59;896;18;2069.00;15
5122;18;624037471;5122;291;6019;6036;6.76;0.41;256.70;4.59;897;18;2070.00;17
5124;18;624037482;5124;288;6019;6036;6.78;0.41;256.74;4.59;895;18;2071.00;17
5125;18;624037492;5125;288;6021;6036;6.83;0.42;256.70;4.59;896;18;2072.00;15
5132;18;624037503;5132;289;6021;6036;6.79;0.41;256.70;4.59;889;18;2073.00;15
5134;18;624037514;5134;279;6027;6042;6.83;0.42;256.64;4.58;893;18;2074.00;15
5138;18;624037526;5138;282;6027;6042;6.78;0.41;256.74;4.58;889;18;2075.00;15
5142;18;624037537;5142;282;6027;6042;6.79;0.41;256.75;4.58;885;18;2076.00;15
5142;18;624037547;5142;280;6027;6042;6.81;0.42;256.75;4.58;885;18;2077.00;15
5146;18;624037558;5146;279;6031;6046;6.80;0.42;256.81;4.58;885;18;2078.00;15
5150;18;624037574;5150;283;6032;6047;6.84;0.42;256.90;4.58;882;18;2079.00;15
5151;18;624037585;5151;282;6033;6047;6.92;0.42;256.92;4.63;882;18;2080.00;14
5157;18;624037595;5157;285;6034;6048;6.97;0.43;257.21;4.63;877;18;2081.00;14
5161;18;624037606;5161;285;6034;6048;7.01;0.43;257.26;4.63;873;18;2082.00;14
5163;18;624037617;5163;286;6034;6048;7.02;0.43;257.37;4.63;871;18;2083.00;14
5166;18;624037627;5166;289;6034;6048;7.02;0.43;257.43;4.63;868;18;2084.00;14
5167;18;624037638;5167;293;6034;6048;7.03;0.43;257.51;4.63;867;18;2085.00;14
5172;18;624037649;5172;295;6034;6048;6.99;0.43;257.65;4.63;862;18;2086.00;14
5176;18;624037660;5176;280;6034;6048;7.02;0.43;257.76;4.63;858;18;2087.00;14
5178;18;624037670;5178;293;6080;6118;7.08;0.43;257.77;4.59;902;18;2088.00;38
5185;18;624037686;5185;279;6083;6119;7.15;0.44;258.06;4.59;898;18;2089.00;36
5186;18;624037698;5186;269;6088;6119;7.30;0.45;258.14;4.59;902;18;2090.00;31
5191;18;624037709;5191;258;6090;6119;7.38;0.45;258.27;4.59;899;18;2091.00;29
5194;18;624037721;5194;253;6091;6119;7.50;0.46;258.39;4.59;897;18;2092.00;28
5197;18;624037732;5197;253;6095;6119;7.63;0.47;258.47;4.63;898;18;2093.00;24
5200;18;624037744;5200;252;6098;6119;7.74;0.47;258.61;4.64;898;18;2094.00;21
5203;18;624037755;5203;257;6100;6119;7.80;0.48;258.60;4.64;897;18;2095.00;19
5204;18;624037767;5204;242;6102;6120;7.93;0.49;258.67;4.64;898;18;2096.00;18
5209;18;624037778;5209;229;6103;6121;8.01;0.49;258.73;4.64;894;18;2097.00;18
5213;18;624037790;5213;220;6104;6121;8.08;0.49;258.79;4.64;891;18;2098.00;17
5215;18;624037802;5215;217;6108;6125;8.20;0.50;258.74;4.64;893;18;2099.00;17
5218;18;624037816;5218;219;6112;6140;8.33;0.51;258.75;4.63;894;18;2100.00;28
5221;18;624037835;5221;217;6112;6140;8.43;0.51;258.81;4.63;891;18;2101.00;28
5224;18;624037848;5224;214;6112;6140;8.56;0.52;258.87;4.63;888;18;2102.00;28
5229;18;624037859;5229;219;6116;6146;8.58;0.52;258.92;4.63;887;18;2103.00;30
5231;18;624037879;5231;211;6116;6146;8.69;0.53;259.02;4.63;885;18;2104.00;30
5235;18;624037891;5235;209;6117;6146;8.75;0.53;259.14;4.68;882;18;2105.00;29
5238;18;624037904;5238;208;6121;6149;8.83;0.54;259.06;4.68;883;18;2106.00;28
5240;18;624037916;5240;210;6121;6149;8.89;0.54;259.17;4.68;881;18;2107.00;28
5242;18;624037928;5242;207;6122;6149;8.95;0.54;259.19;4.68;880;18;2108.00;27
5243;18;624037940;5243;212;6122;6150;9.03;0.55;259.25;4.68;879;18;2109.00;28
5247;18;624037952;5247;205;6123;6151;9.09;0.55;259.25;4.68;876;18;2110.00;28
5250;18;624037964;5250;207;6124;6151;9.14;0.56;259.39;4.68;874;18;2111.00;27
5256;18;624037977;5256;206;6135;6164;9.16;0.56;259.41;4.67;879;18;2112.00;29
5257;18;624037990;5257;205;6135;6164;9.24;0.56;259.39;4.67;878;18;2113.00;29
5261;18;624038001;5261;198;6135;6164;9.23;0.56;259.46;4.67;874;18;2114.00;29
5267;18;624038013;5267;199;6137;6166;9.26;0.56;259.56;4.67;870;18;2115.00;29
5268;18;624038026;5268;192;6137;6166;9.32;0.56;259.57;4.67;869;18;2116.00;29
5272;18;624038037;5272;191;6141;6170;9.28;0.56;259.72;4.67;869;18;2117.00;29
5274;18;624038061;5274;194;6142;6170;9.29;0.56;259.72;4.67;868;18;2118.00;28
5276;18;624038072;5276;197;6145;6174;9.28;0.56;259.79;4.67;869;18;2119.00;29
5277;18;624038090;5277;199;6145;6174;9.31;0.56;259.86;4.67;868;18;2120.00;29
5280;18;624038109;5280;199;6146;6174;9.32;0.56;259.99;4.72;866;18;2121.00;28
5283;18;624038125;5283;199;6147;6174;9.29;0.56;260.07;4.72;864;18;2122.00;27
5286;18;624038143;5286;196;6148;6174;9.28;0.56;260.03;4.73;862;18;2123.00;26
5288;18;624038160;5288;204;6156;6186;9.23;0.56;260.07;4.72;868;18;2124.00;30
5289;18;624038184;5289;202;6157;6186;9.28;0.56;260.11;4.72;868;18;2125.00;29
5290;18;624038198;5290;203;6160;6186;9.29;0.56;260.10;4.72;870;18;2126.00;26
5292;18;624038211;5292;201;6160;6186;9.28;0.56;260.15;4.72;868;18;2127.00;26
5296;18;624038223;5296;198;6160;6186;9.39;0.57;260.15;4.72;864;18;2128.00;26
5299;18;624038237;5299;199;6162;6186;9.43;0.57;260.19;4.73;863;18;2129.00;24
5300;18;624038255;5300;198;6163;6187;9.49;0.58;260.21;4.73;863;18;2130.00;24
5303;18;624038268;5303;194;6163;6187;9.49;0.58;260.26;4.73;860;18;2131.00;24
5304;18;624038281;5304;198;6168;6193;9.54;0.58;260.24;4.73;864;18;2132.00;25
5307;18;624038295;5307;201;6169;6194;9.51;0.58;260.27;4.73;862;18;2133.00;25
5310;18;624038312;5310;194;6169;6194;9.51;0.58;260.35;4.73;859;18;2134.00;25
5312;18;624038325;5312;194;6169;6194;9.54;0.58;260.44;4.73;857;18;2135.00;25
5315;18;624038336;5315;194;6172;6198;9.54;0.58;260.50;4.72;857;18;2136.00;26
5320;18;624038349;5320;202;6172;6198;9.51;0.58;260.51;4.72;852;18;2137.00;26
5324;18;624038360;5324;202;6172;6198;9.52;0.58;260.58;4.72;848;18;2138.00;26
5326;18;624038372;5326;196;6173;6199;9.52;0.58;260.63;4.72;847;18;2139.00;26
5334;18;624038383;5334;195;6176;6203;9.41;0.57;260.59;4.72;842;18;2140.00;27
5337;18;624038397;5337;188;6177;6203;9.38;0.57;260.57;4.78;840;18;2141.00;26
5340;18;624038408;5340;187;6179;6206;9.34;0.57;260.63;4.78;839;18;2142.00;27
5344;18;624038420;5344;185;6180;6206;9.31;0.57;260.65;4.77;836;18;2143.00;26
5347;18;624038431;5347;186;6180;6206;9.24;0.56;260.68;4.77;833;18;2144.00;26
5352;18;624038443;5352;190;6182;6206;9.18;0.56;260.83;4.79;830;18;2145.00;24
5357;18;624038455;5357;191;6186;6210;9.18;0.56;260.81;4.79;829;18;2146.00;24
5362;18;624038467;5362;188;6186;6210;9.14;0.55;260.84;4.79;824;18;2147.00;24
5367;18;624038478;5367;185;6186;6210;9.08;0.55;260.90;4.79;819;18;2148.00;24
5371;18;624038490;5371;188;6186;6210;9.00;0.54;260.84;4.79;815;18;2149.00;24
5374;18;624038501;5374;179;6186;6211;9.01;0.55;260.76;4.79;812;18;2150.00;25
5380;18;624038512;5380;179;6187;6212;8.99;0.54;260.91;4.79;807;18;2151.00;25
5382;18;624038523;5382;183;6187;6212;8.94;0.54;260.92;4.79;805;18;2152.00;25
5386;18;624038534;5386;185;6188;6213;8.94;0.54;260.92;4.79;802;18;2153.00;25
5388;18;624038544;5388;185;6188;6213;8.93;0.54;260.95;4.79;800;18;2154.00;25
5392;18;624038554;5392;193;6188;6213;8.92;0.54;260.87;4.79;796;18;2155.00;25
5394;18;624038565;5394;193;6188;6213;8.87;0.54;260.88;4.79;794;18;2156.00;25
5396;18;624038582;5396;201;6188;6213;8.83;0.53;260.83;4.79;792;18;2157.00;25
5399;18;624038593;5399;201;6188;6213;8.73;0.53;260.83;4.79;789;18;2158.00;25
5401;18;624038603;5401;203;6188;6213;8.69;0.53;260.86;4.79;787;18;2159.00;25
5402;18;624038616;5402;238;6285;6443;8.74;0.54;260.91;4.71;883;18;2160.00;158
5405;18;624038651;5405;234;6290;6444;8.65;0.54;260.96;4.71;885;18;2161.00;154
5406;18;624038663;5406;224;6302;6444;8.73;0.54;260.96;4.71;896;18;2162.00;142
5410;18;624038673;5410;223;6309;6444;8.65;0.54;260.96;4.70;899;18;2163.00;135
5411;18;624038684;5411;225;6318;6444;8.68;0.54;260.97;4.70;907;18;2164.00;126
5412;18;624038695;5412;224;6326;6444;8.57;0.53;261.04;4.70;914;18;2165.00;118
5414;18;624038706;5414;225;6332;6444;8.50;0.53;261.02;4.70;918;18;2166.00;112
5415;18;624038718;5415;225;6342;6444;8.42;0.52;261.07;4.71;927;18;2167.00;102
5417;18;624038728;5417;234;6346;6445;8.38;0.52;261.02;4.71;929;18;2168.00;99
5418;18;624038739;5418;242;6352;6446;8.33;0.52;261.00;4.71;934;18;2169.00;94
5420;18;624038750;5420;256;6359;6446;8.24;0.51;260.95;4.73;939;18;2170.00;87
5421;18;624038761;5421;261;6362;6447;8.17;0.51;260.97;4.73;941;18;2171.00;85
5424;18;624038773;5424;269;6364;6447;8.04;0.50;261.00;4.74;940;18;2172.00;83
5428;18;624038784;5428;271;6366;6447;7.82;0.48;260.91;4.75;938;18;2173.00;81
5429;18;624038795;5429;277;6368;6447;7.68;0.48;260.90;4.75;939;18;2174.00;79
5433;18;624038806;5433;294;6375;6451;7.56;0.47;260.98;4.77;942;18;2175.00;76
5433;18;624038818;5433;297;6380;6451;7.45;0.46;260.98;4.79;947;18;2176.00;71
5438;18;624038829;5438;311;6380;6451;7.30;0.45;260.99;4.79;942;18;2177.00;71
5440;18;624038840;5440;311;6385;6454;7.21;0.45;260.95;4.81;945;18;2178.00;69
5441;18;624038851;5441;314;6388;6454;7.05;0.44;260.91;4.82;947;18;2179.00;66
5444;18;624038861;5444;322;6389;6454;6.93;0.43;260.82;4.82;945;18;2180.00;65
5446;18;624038872;5446;321;6397;6458;6.82;0.42;260.78;4.85;951;18;2181.00;61
5448;18;624038882;5448;326;6400;6459;6.75;0.42;260.83;4.86;952;18;2182.00;59
5450;18;624038893;5450;334;6400;6459;6.70;0.41;260.85;4.86;950;18;2183.00;59
5452;18;624038903;5452;348;6406;6463;6.72;0.42;260.78;4.88;954;18;2184.00;57
5453;18;624038914;5453;354;6409;6463;6.72;0.42;260.83;4.89;956;18;2185.00;54
5456;18;624038924;5456;357;6411;6463;6.66;0.41;260.87;4.89;955;18;2186.00;52
5459;18;624038935;5459;363;6414;6464;6.57;0.41;260.78;4.90;955;18;2187.00;50
5463;18;624038946;5463;366;6414;6464;6.52;0.40;260.65;4.90;951;18;2188.00;50
5466;18;624038957;5466;370;6422;6470;6.49;0.40;260.67;4.91;956;18;2189.00;48
5466;18;624038970;5466;370;6423;6470;6.44;0.40;260.67;4.91;957;18;2190.00;47
5466;18;624038987;5466;382;6426;6471;6.35;0.39;260.67;4.93;960;18;2191.00;45
5469;18;624038998;5469;382;6427;6471;6.25;0.38;260.55;4.93;958;18;2192.00;44
5470;18;624039008;5470;387;6429;6471;6.19;0.38;260.56;4.94;959;18;2193.00;42
5470;18;624039018;5470;390;6430;6471;6.14;0.38;260.56;4.94;960;18;2194.00;41
5472;18;624039028;5472;380;6431;6471;6.09;0.37;260.52;4.94;959;18;2195.00;40
5472;18;624039038;5472;373;6443;6483;6.13;0.38;260.52;4.94;971;18;2196.00;40
5478;18;624039049;5478;365;6443;6483;6.10;0.37;260.51;4.94;965;18;2197.00;40
5479;18;624039060;5479;369;6444;6483;6.12;0.38;260.47;4.94;965;18;2198.00;39
5481;18;624039070;5481;361;6446;6483;6.15;0.38;260.50;4.95;965;18;2199.00;37
5481;18;624039089;5481;361;6446;6483;6.13;0.38;260.50;4.95;965;18;2200.00;37
5486;18;624039104;5486;365;6447;6483;6.10;0.37;260.36;4.96;961;18;2201.00;36
5488;18;624039121;5488;364;6450;6487;6.08;0.37;260.32;4.96;962;18;2202.00;37
5489;18;624039133;5489;360;6452;6487;6.09;0.37;260.29;4.96;963;18;2203.00;35
5492;18;624039148;5492;357;6458;6491;6.16;0.38;260.28;4.97;966;18;2204.00;33
5493;18;624039159;5493;356;6460;6493;6.15;0.38;260.28;4.97;967;18;2205.00;33
5497;18;624039170;5497;355;6461;6493;6.12;0.38;260.34;4.97;964;18;2206.00;32
5497;18;624039180;5497;366;6463;6493;6.08;0.37;260.34;4.98;966;18;2207.00;30
5500;18;624039190;5500;363;6475;6506;6.02;0.37;260.35;4.97;975;18;2208.00;31
5504;18;624039201;5504;368;6477;6506;5.92;0.36;260.38;4.97;973;18;2209.00;29
5508;18;624039211;5508;368;6480;6508;5.84;0.36;260.43;4.97;972;18;2210.00;28
5510;19;624039221;5510;365;6481;6509;5.83;0.36;260.47;4.97;971;19;2211.00;28
5513;19;624039245;5513;366;6483;6510;5.85;0.36;260.44;4.97;970;19;2212.00;27
5514;19;624039255;5514;362;6483;6510;5.91;0.36;260.47;4.97;969;19;2213.00;27
5516;19;624039271;5516;369;6485;6513;5.97;0.37;260.39;4.97;969;19;2214.00;28
5520;19;624039285;5520;367;6485;6513;5.95;0.37;260.41;4.97;965;19;2215.00;28
5523;19;624039295;5523;360;6485;6513;5.97;0.37;260.44;4.97;962;19;2216.00;28
5526;19;624039305;5526;362;6486;6513;6.03;0.37;260.49;4.97;960;19;2217.00;27
5530;19;624039315;5530;357;6491;6519;6.16;0.38;260.57;4.96;961;19;2218.00;28
5532;19;624039326;5532;348;6491;6519;6.21;0.38;260.62;4.96;959;19;2219.00;28
5534;19;624039337;5534;341;6492;6519;6.23;0.38;260.62;4.96;958;19;2220.00;27
5536;19;624039348;5536;341;6492;6519;6.25;0.39;260.62;4.96;956;19;2221.00;27
5537;19;624039358;5537;333;6496;6523;6.30;0.39;260.64;4.96;959;19;2222.00;27
5542;19;624039368;5542;330;6497;6524;6.32;0.39;260.73;4.96;955;19;2223.00;27
5549;19;624039378;5549;329;6497;6524;6.36;0.39;260.67;4.96;948;19;2224.00;27
5554;19;624039389;5554;330;6498;6525;6.39;0.39;260.62;4.96;944;19;2225.00;27
5555;19;624039399;5555;329;6498;6525;6.46;0.40;260.65;4.96;943;19;2226.00;27
5561;19;624039409;5561;335;6498;6525;6.48;0.40;260.60;4.96;937;19;2227.00;27
5566;19;624039420;5566;336;6498;6525;6.50;0.40;260.62;4.96;932;19;2228.00;27
5568;19;624039430;5568;332;6498;6525;6.52;0.40;260.62;4.96;930;19;2229.00;27
5573;19;624039440;5573;335;6498;6525;6.53;0.40;260.72;4.96;925;19;2230.00;27
5577;19;624039450;5577;336;6498;6525;6.50;0.40;260.71;4.96;921;19;2231.00;27
5583;19;624039461;5583;335;6537;6595;6.58;0.40;260.73;4.93;954;19;2232.00;58
5588;19;624039476;5588;337;6539;6596;6.55;0.40;260.82;4.93;951;19;2233.00;57
5590;19;624039487;5590;342;6545;6596;6.53;0.40;260.89;4.92;955;19;2234.00;51
5594;19;624039498;5594;336;6550;6596;6.50;0.40;261.08;4.92;956;19;2235.00;46
5597;19;624039508;5597;339;6553;6596;6.49;0.40;261.13;4.92;956;19;2236.00;43
5603;19;624039520;5603;336;6556;6596;6.47;0.40;261.32;4.92;953;19;2237.00;40
5607;19;624039532;5607;347;6559;6596;6.49;0.40;261.26;4.92;952;19;2238.00;37
5612;19;624039543;5612;340;6562;6596;6.54;0.40;261.32;4.92;950;19;2239.00;34
5615;19;624039554;5615;337;6564;6597;6.61;0.40;261.28;4.93;949;19;2240.00;33
5619;19;624039565;5619;334;6565;6598;6.65;0.41;261.28;4.93;946;19;2241.00;33
5623;19;624039577;5623;338;6567;6598;6.69;0.41;261.40;4.93;944;19;2242.00;31
5623;19;624039595;5623;332;6571;6602;6.77;0.41;261.40;4.93;948;19;2243.00;31
5626;19;624039606;5626;336;6572;6602;6.75;0.41;261.48;4.93;946;19;2244.00;30
5628;19;624039617;5628;333;6572;6602;6.78;0.41;261.55;4.93;944;19;2245.00;30
5631;19;624039629;5631;334;6573;6602;6.81;0.42;261.63;4.98;942;19;2246.00;29
5635;19;624039641;5635;335;6578;6608;6.87;0.42;261.65;4.98;943;19;2247.00;30
5641;19;624039653;5641;330;6578;6608;6.87;0.42;261.68;4.98;937;19;2248.00;30
5642;19;624039665;5642;335;6578;6608;6.94;0.42;261.75;4.98;936;19;2249.00;30
5646;19;624039677;5646;329;6582;6614;7.01;0.43;261.80;4.98;936;19;2250.00;32
5647;19;624039689;5647;331;6582;6614;7.01;0.43;261.86;4.98;935;19;2251.00;32
5651;19;624039701;5651;332;6584;6614;7.00;0.43;261.91;4.97;933;19;2252.00;30
5653;19;624039712;5653;333;6584;6615;7.02;0.43;261.98;4.97;931;19;2253.00;31
5656;19;624039724;5656;332;6585;6616;7.09;0.43;262.06;4.97;929;19;2254.00;31
5661;19;624039736;5661;332;6585;6616;7.11;0.43;262.19;4.97;924;19;2255.00;31
5664;19;624039747;5664;335;6595;6629;7.15;0.43;262.33;4.97;931;19;2256.00;34
5667;19;624039760;5667;321;6595;6629;7.11;0.43;262.44;4.97;928;19;2257.00;34
5670;19;624039771;5670;314;6596;6629;7.12;0.43;262.48;4.97;926;19;2258.00;33
5672;19;624039783;5672;309;6597;6630;7.12;0.43;262.43;4.97;925;19;2259.00;33
5676;19;624039795;5676;304;6597;6630;7.14;0.43;262.61;4.97;921;19;2260.00;33
5678;19;624039806;5678;300;6601;6634;7.20;0.44;262.64;4.96;923;19;2261.00;33
5680;19;624039818;5680;295;6601;6634;7.23;0.44;262.63;4.96;921;19;2262.00;33
5682;19;624039830;5682;300;6604;6638;7.28;0.44;262.69;4.96;922;19;2263.00;34
5686;19;624039841;5686;298;6604;6638;7.32;0.45;262.75;4.96;918;19;2264.00;34
5689;19;624039853;5689;300;6604;6638;7.39;0.45;262.71;4.96;915;19;2265.00;34
5694;19;624039865;5694;291;6604;6638;7.44;0.45;262.83;4.96;910;19;2266.00;34
5695;19;624039877;5695;287;6604;6638;7.52;0.46;262.80;4.96;909;19;2267.00;34
5698;19;624039889;5698;274;6613;6650;7.62;0.46;262.94;4.95;915;19;2268.00;37
5699;19;624039901;5699;273;6613;6650;7.65;0.47;262.99;4.95;914;19;2269.00;37
5701;19;624039913;5701;266;6615;6650;7.72;0.47;263.07;4.95;914;19;2270.00;35
5706;19;624039926;5706;257;6615;6650;7.72;0.47;263.09;4.95;909;19;2271.00;35
5709;19;624039944;5709;250;6615;6650;7.83;0.48;263.32;4.95;906;19;2272.00;35
5712;19;624039957;5712;253;6615;6650;7.90;0.48;263.34;4.95;903;19;2273.00;35
5716;19;624039969;5716;248;6616;6651;7.99;0.49;263.41;5.02;900;19;2274.00;35
5718;19;624039981;5718;245;6616;6651;8.07;0.49;263.48;5.02;898;19;2275.00;35
5721;19;624039994;5721;242;6622;6657;8.12;0.49;263.59;5.08;901;19;2276.00;35
5724;19;624040006;5724;240;6623;6658;8.15;0.50;263.62;5.08;899;19;2277.00;35
5729;19;624040019;5729;244;6623;6658;8.16;0.50;263.64;5.08;894;19;2278.00;35
5730;19;624040031;5730;242;6623;6658;8.24;0.50;263.64;5.08;893;19;2279.00;35
5732;19;624040044;5732;244;6627;6663;8.31;0.51;263.59;5.08;895;19;2280.00;36
5735;19;624040056;5735;238;6628;6663;8.40;0.51;263.58;5.13;893;19;2281.00;35
5736;19;624040068;5736;235;6628;6663;8.44;0.51;263.65;5.13;892;19;2282.00;35
5737;19;624040079;5737;237;6629;6664;8.51;0.52;263.74;5.13;892;19;2283.00;35
5739;19;624040101;5739;233;6632;6668;8.57;0.52;263.78;5.13;893;19;2284.00;36
5743;19;624040119;5743;236;6632;6668;8.53;0.52;263.84;5.13;889;19;2285.00;36
5747;19;624040137;5747;237;6634;6671;8.56;0.52;263.85;5.13;887;19;2286.00;37
5750;19;624040155;5750;232;6634;6671;8.56;0.52;263.83;5.13;884;19;2287.00;37
5752;19;624040171;5752;234;6635;6671;8.64;0.53;263.81;5.13;883;19;2288.00;36
5757;19;624040190;5757;232;6635;6671;8.60;0.52;263.92;5.13;878;19;2289.00;36
5759;19;624040204;5759;242;6639;6675;8.61;0.52;264.01;5.12;880;19;2290.00;36
5760;19;624040217;5760;244;6639;6675;8.59;0.52;263.97;5.12;879;19;2291.00;36
5765;19;624040230;5765;237;6639;6675;8.57;0.52;264.02;5.12;874;19;2292.00;36
5767;19;624040251;5767;233;6639;6675;8.58;0.52;263.98;5.12;872;19;2293.00;36
5770;19;624040263;5770;230;6639;6676;8.66;0.53;264.02;5.12;869;19;2294.00;37
5774;19;624040275;5774;230;6641;6678;8.72;0.53;264.04;5.12;867;19;2295.00;37
5776;19;624040288;5776;227;6641;6678;8.69;0.53;264.02;5.12;865;19;2296.00;37
5780;19;624040301;5780;224;6642;6679;8.73;0.53;264.03;5.12;862;19;2297.00;37
5783;19;624040313;5783;225;6642;6679;8.75;0.53;264.07;5.12;859;19;2298.00;37
5786;19;624040325;5786;221;6642;6679;8.79;0.53;264.06;5.12;856;19;2299.00;37
5790;19;624040339;5790;221;6642;6679;8.76;0.53;264.09;5.12;852;19;2300.00;37
5791;19;624040356;5791;223;6642;6679;8.82;0.54;264.05;5.12;851;19;2301.00;37
5795;19;624040368;5795;221;6642;6679;8.78;0.53;264.10;5.12;847;19;2302.00;37
5798;19;624040381;5798;224;6642;6679;8.88;0.54;264.15;5.12;844;19;2303.00;37
5803;19;624040392;5803;251;6715;6806;8.78;0.54;264.20;5.07;912;19;2304.00;91
5806;19;624040414;5806;247;6716;6807;8.79;0.54;264.26;5.07;910;19;2305.00;91
5807;19;624040426;5807;239;6722;6807;8.86;0.55;264.25;5.06;915;19;2306.00;85
5808;19;624040439;5808;237;6723;6807;8.86;0.55;264.30;5.06;915;19;2307.00;84
5809;19;624040451;5809;234;6729;6807;8.83;0.54;264.28;5.06;920;19;2308.00;78
5811;19;624040462;5811;231;6730;6807;8.80;0.54;264.35;5.06;919;19;2309.00;77
5812;19;624040477;5812;227;6734;6807;8.77;0.54;264.44;5.06;922;19;2310.00;73
5814;19;624040488;5814;231;6735;6807;8.74;0.54;264.43;5.06;921;19;2311.00;72
5818;19;624040500;5818;237;6738;6808;8.69;0.53;264.46;5.06;920;19;2312.00;70
5822;19;624040519;5822;241;6743;6809;8.59;0.53;264.41;5.07;921;19;2313.00;66
5825;19;624040531;5825;229;6746;6809;8.53;0.52;264.38;5.07;921;19;2314.00;63
5828;19;624040543;5828;238;6751;6810;8.44;0.52;264.29;5.08;923;19;2315.00;59
5832;19;624040556;5832;235;6753;6810;8.39;0.51;264.25;5.09;921;19;2316.00;57
5834;19;624040568;5834;228;6756;6810;8.35;0.51;264.23;5.09;922;19;2317.00;54
5837;19;624040580;5837;227;6758;6810;8.27;0.51;264.16;5.09;921;19;2318.00;52
5840;19;624040591;5840;227;6761;6814;8.21;0.50;264.10;5.09;921;19;2319.00;53
5841;19;624040603;5841;227;6764;6814;8.17;0.50;264.07;5.10;923;19;2320.00;50
5844;19;624040615;5844;231;6764;6814;8.06;0.49;264.00;5.10;920;19;2321.00;50
5845;19;624040626;5845;232;6767;6817;7.98;0.49;263.97;5.11;922;19;2322.00;50
5848;19;624040637;5848;231;6767;6817;7.93;0.49;263.91;5.11;919;19;2323.00;50
5854;19;624040649;5854;235;6768;6817;7.86;0.48;263.84;5.11;914;19;2324.00;49
5857;20;624040666;5857;239;6772;6821;7.85;0.48;263.80;5.11;915;20;2325.00;49
5860;20;624040692;5860;242;6774;6822;7.83;0.48;263.74;5.11;914;20;2326.00;48
5862;20;624040703;5862;252;6774;6822;7.77;0.47;263.75;5.11;912;20;2327.00;48
5863;20;624040715;5863;263;6777;6826;7.74;0.47;263.72;5.10;914;20;2328.00;49
5865;20;624040727;5865;271;6777;6826;7.67;0.47;263.67;5.10;912;20;2329.00;49
5865;20;624040738;5865;272;6778;6826;7.59;0.46;263.67;5.10;913;20;2330.00;48
5866;20;624040750;5866;275;6779;6827;7.50;0.46;263.63;5.10;913;20;2331.00;48
5868;20;624040761;5868;285;6779;6827;7.38;0.45;263.60;5.10;911;20;2332.00;48
5873;20;624040772;5873;283;6784;6833;7.32;0.45;263.56;5.10;911;20;2333.00;49
5874;20;624040783;5874;285;6784;6833;7.29;0.44;263.57;5.10;910;20;2334.00;49
5874;20;624040794;5874;295;6784;6834;7.28;0.44;263.57;5.10;910;20;2335.00;50
5876;20;624040804;5876;301;6784;6834;7.26;0.44;263.51;5.10;908;20;2336.00;50
5880;20;624040815;5880;301;6785;6834;7.23;0.44;263.50;5.11;905;20;2337.00;49
5883;20;624040826;5883;307;6785;6834;7.12;0.43;263.41;5.11;902;20;2338.00;49
5885;20;624040836;5885;320;6785;6834;7.00;0.42;263.37;5.11;900;20;2339.00;49
5886;20;624040848;5886;326;6812;6870;7.02;0.43;263.35;5.11;926;20;2340.00;58
5887;20;624040861;5887;337;6813;6870;6.93;0.42;263.38;5.11;926;20;2341.00;57
5888;20;624040872;5888;337;6817;6870;6.89;0.42;263.40;5.12;929;20;2342.00;53
5890;20;624040883;5890;342;6818;6870;6.82;0.41;263.36;5.12;928;20;2343.00;52
5890;20;624040893;5890;345;6819;6870;6.80;0.41;263.36;5.12;929;20;2344.00;51
5890;20;624040904;5890;349;6821;6870;6.70;0.41;263.36;5.14;931;20;2345.00;49
5890;20;624040914;5890;354;6825;6874;6.66;0.41;263.36;5.13;935;20;2346.00;49
5891;20;624040925;5891;342;6826;6874;6.64;0.40;263.32;5.15;935;20;2347.00;48
5891;20;624040936;5891;341;6831;6878;6.65;0.41;263.32;5.16;940;20;2348.00;47
5893;20;624040947;5893;345;6833;6879;6.61;0.40;263.31;5.17;940;20;2349.00;46
5893;20;624040958;5893;341;6835;6879;6.56;0.40;263.31;5.18;942;20;2350.00;44
5894;20;624040969;5894;339;6835;6879;6.47;0.39;263.29;5.18;941;20;2351.00;44
5896;20;624040979;5896;341;6846;6892;6.47;0.39;263.30;5.17;950;20;2352.00;46
5896;21;624040991;5896;343;6848;6892;6.44;0.39;263.30;5.18;952;21;2353.00;44
5898;21;624041024;5898;339;6849;6892;6.47;0.39;263.29;5.19;951;21;2354.00;43
5900;21;624041035;5900;349;6851;6893;6.50;0.40;263.24;5.20;951;21;2355.00;42
5901;21;624041046;5901;354;6851;6894;6.53;0.40;263.23;5.20;950;21;2356.00;43
5901;21;624041058;5901;355;6852;6894;6.53;0.40;263.23;5.20;951;21;2357.00;42
5903;21;624041086;5903;357;6854;6897;6.54;0.40;263.20;5.20;951;21;2358.00;43
5904;21;624041100;5904;354;6854;6897;6.49;0.40;263.16;5.20;950;21;2359.00;43
5905;21;624041112;5905;352;6858;6897;6.45;0.39;263.15;5.23;953;21;2360.00;39
5906;21;624041133;5906;349;6858;6897;6.37;0.39;263.12;5.23;952;21;2361.00;39
5911;21;624041144;5911;347;6865;6903;6.38;0.39;263.03;5.23;954;21;2362.00;38
5911;21;624041156;5911;345;6865;6903;6.34;0.39;263.03;5.23;954;21;2363.00;38
5911;21;624041167;5911;345;6866;6903;6.33;0.39;263.03;5.24;955;21;2364.00;37
5912;21;624041177;5912;345;6866;6903;6.30;0.38;263.02;5.24;954;21;2365.00;37
5914;21;624041188;5914;345;6871;6907;6.24;0.38;262.99;5.25;957;21;2366.00;36
5916;21;624041198;5916;344;6872;6908;6.23;0.38;262.97;5.25;956;21;2367.00;36
5920;21;624041208;5920;348;6872;6908;6.21;0.38;262.95;5.25;952;21;2368.00;36
5922;21;624041218;5922;350;6874;6909;6.25;0.38;263.00;5.25;952;21;2369.00;35
5927;21;624041229;5927;354;6875;6909;6.19;0.38;263.08;5.26;948;21;2370.00;34
5928;21;624041239;5928;352;6875;6909;6.24;0.38;263.08;5.26;947;21;2371.00;34
5928;21;624041250;5928;355;6877;6909;6.25;0.38;263.08;5.26;949;21;2372.00;32
5928;21;624041259;5928;362;6877;6909;6.28;0.38;263.08;5.26;949;21;2373.00;32
5933;21;624041268;5933;356;6879;6909;6.29;0.38;263.17;5.27;946;21;2374.00;30
5938;21;624041278;5938;358;6879;6909;6.24;0.38;263.16;5.27;941;21;2375.00;30
5940;21;624041288;5940;372;6927;6979;6.34;0.39;263.19;5.23;987;21;2376.00;52
5947;21;624041303;5947;365;6930;6980;6.28;0.39;263.34;5.23;983;21;2377.00;50
5950;21;624041314;5950;368;6935;6980;6.27;0.38;263.39;5.23;985;21;2378.00;45
5952;21;624041330;5952;362;6936;6980;6.27;0.38;263.50;5.23;984;21;2379.00;44
5956;21;624041340;5956;361;6939;6980;6.27;0.39;263.64;5.23;983;21;2380.00;41
5960;21;624041351;5960;356;6939;6980;6.22;0.38;263.70;5.23;979;21;2381.00;41
5962;21;624041362;5962;354;6942;6980;6.24;0.38;263.86;5.23;980;21;2382.00;38
5967;21;624041372;5967;353;6943;6980;6.19;0.38;263.92;5.23;976;21;2383.00;37
5971;21;624041382;5971;356;6945;6981;6.16;0.38;264.06;5.23;974;21;2384.00;36
5974;21;624041393;5974;358;6947;6983;6.10;0.37;264.17;5.23;973;21;2385.00;36
5977;21;624041403;5977;363;6949;6983;6.11;0.37;264.29;5.23;972;21;2386.00;34
5980;21;624041414;5980;365;6954;6987;6.11;0.37;264.30;5.23;974;21;2387.00;33
5982;21;624041430;5982;364;6956;6987;6.19;0.38;264.30;5.23;974;21;2388.00;31
5984;21;624041442;5984;365;6958;6987;6.26;0.38;264.28;5.23;974;21;2389.00;29
5987;21;624041452;5987;367;6958;6987;6.27;0.38;264.37;5.23;971;21;2390.00;29
5991;21;624041463;5991;358;6964;6993;6.34;0.39;264.35;5.23;973;21;2391.00;29
5995;21;624041476;5995;349;6964;6993;6.37;0.39;264.41;5.23;969;21;2392.00;29
6001;21;624041487;6001;349;6964;6993;6.36;0.39;264.41;5.23;963;21;2393.00;29
6005;21;624041498;6005;343;6967;6996;6.42;0.39;264.44;5.23;962;21;2394.00;29
6011;21;624041509;6011;338;6967;6996;6.40;0.39;264.53;5.23;956;21;2395.00;29
6015;21;624041520;6015;330;6967;6996;6.43;0.39;264.59;5.23;952;21;2396.00;29
6017;21;624041532;6017;325;6968;6997;6.49;0.40;264.59;5.23;951;21;2397.00;29
6022;21;624041543;6022;321;6969;6998;6.51;0.40;264.56;5.23;947;21;2398.00;29
6025;21;624041554;6025;322;6969;6998;6.54;0.40;264.66;5.23;944;21;2399.00;29
6031;21;624041567;6031;330;6993;7057;6.52;0.40;264.79;5.21;962;21;2400.00;64
6032;21;624041589;6032;320;6994;7057;6.62;0.40;264.77;5.21;962;21;2401.00;63
6034;21;624041601;6034;326;6997;7057;6.69;0.41;264.88;5.21;963;21;2402.00;60
6038;21;624041613;6038;319;6999;7058;6.76;0.41;264.90;5.21;961;21;2403.00;59
6043;21;624041624;6043;323;7002;7058;6.81;0.42;264.84;5.20;959;21;2404.00;56
6045;21;624041636;6045;325;7007;7062;6.86;0.42;264.88;5.20;962;21;2405.00;55
6046;21;624041648;6046;324;7008;7062;6.90;0.42;264.91;5.20;962;21;2406.00;54
6052;21;624041659;6052;330;7013;7066;6.98;0.43;265.06;5.20;961;21;2407.00;53
6055;21;624041671;6055;325;7013;7066;7.05;0.43;265.13;5.20;958;21;2408.00;53
6060;21;624041683;6060;328;7013;7066;7.02;0.43;265.19;5.20;953;21;2409.00;53
6063;21;624041694;6063;337;7014;7066;7.00;0.43;265.24;5.20;951;21;2410.00;52
6066;21;624041706;6066;338;7015;7066;6.99;0.43;265.36;5.20;949;21;2411.00;51
6068;21;624041717;6068;337;7024;7078;7.01;0.43;265.39;5.20;956;21;2412.00;54
6073;21;624041729;6073;340;7025;7078;6.92;0.42;265.58;5.20;952;21;2413.00;53
6075;21;624041741;6075;343;7026;7078;6.88;0.42;265.62;5.20;951;21;2414.00;52
6079;21;624041752;6079;352;7027;7078;6.87;0.42;265.66;5.20;948;21;2415.00;51
6081;21;624041764;6081;359;7028;7078;6.86;0.42;265.71;5.20;947;21;2416.00;50
6085;21;624041774;6085;352;7028;7078;6.89;0.42;265.71;5.20;943;21;2417.00;50
6089;21;624041786;6089;356;7029;7079;6.88;0.42;265.70;5.20;940;21;2418.00;50
6091;21;624041802;6091;357;7031;7079;6.87;0.42;265.70;5.21;940;21;2419.00;48
6097;21;624041814;6097;360;7035;7085;6.88;0.42;265.81;5.20;938;21;2420.00;50
6100;21;624041826;6100;366;7037;7086;6.90;0.42;265.84;5.20;937;21;2421.00;49
6102;21;624041837;6102;364;7038;7086;6.83;0.42;265.86;5.21;936;21;2422.00;48
6105;21;624041849;6105;368;7039;7086;6.83;0.42;265.98;5.28;934;21;2423.00;47
6110;21;624041861;6110;367;7041;7090;6.83;0.42;265.93;5.28;931;21;2424.00;49
6116;21;624041873;6116;368;7043;7090;6.75;0.41;266.01;5.28;927;21;2425.00;47
6119;21;624041884;6119;367;7043;7090;6.70;0.41;266.07;5.28;924;21;2426.00;47
6122;21;624041895;6122;362;7045;7091;6.70;0.41;266.02;5.28;923;21;2427.00;46
6125;21;624041907;6125;354;7048;7095;6.75;0.41;266.07;5.28;923;21;2428.00;47
6129;21;624041918;6129;351;7048;7095;6.74;0.41;266.20;5.28;919;21;2429.00;47
6132;21;624041931;6132;347;7053;7101;6.78;0.41;266.37;5.28;921;21;2430.00;48
6139;21;624041944;6139;343;7053;7101;6.77;0.41;266.42;5.28;914;21;2431.00;48
6141;21;624041955;6141;349;7055;7101;6.82;0.41;266.49;5.28;914;21;2432.00;46
6146;21;624041967;6146;347;7055;7101;6.81;0.41;266.59;5.28;909;21;2433.00;46
6150;21;624041979;6150;349;7059;7105;6.84;0.41;266.83;5.28;909;21;2434.00;46
6152;21;624041991;6152;349;7059;7105;6.85;0.42;266.91;5.28;907;21;2435.00;46
6154;21;624042002;6154;342;7059;7105;6.90;0.42;267.08;5.28;905;21;2436.00;46
6157;21;624042014;6157;338;7059;7105;6.89;0.42;267.15;5.28;902;21;2437.00;46
6158;21;624042025;6158;339;7060;7106;6.85;0.42;267.21;5.28;902;21;2438.00;46
6163;21;624042042;6163;331;7061;7107;6.75;0.41;267.24;5.28;898;21;2439.00;46
6167;21;624042055;6167;323;7061;7107;6.70;0.41;267.32;5.28;894;21;2440.00;46
6169;21;624042067;6169;324;7062;7108;6.68;0.41;267.39;5.28;893;21;2441.00;46
6172;21;624042079;6172;323;7062;7108;6.68;0.41;267.37;5.28;890;21;2442.00;46
6177;21;624042095;6177;323;7063;7108;6.66;0.40;267.40;5.28;886;21;2443.00;45
6180;21;624042114;6180;324;7063;7108;6.73;0.41;267.40;5.28;883;21;2444.00;45
6181;21;624042132;6181;326;7063;7108;6.81;0.41;267.49;5.28;882;21;2445.00;45
6183;21;624042149;6183;325;7063;7108;6.88;0.42;267.57;5.28;880;21;2446.00;45
6188;21;624042165;6188;320;7063;7108;6.92;0.42;267.66;5.28;875;21;2447.00;45
6190;21;624042180;6190;341;7131;7235;6.94;0.43;267.67;5.24;941;21;2448.00;104
6191;21;624042209;6191;330;7131;7236;7.01;0.43;267.67;5.24;940;21;2449.00;105
6194;21;624042222;6194;322;7137;7236;7.11;0.44;267.78;5.24;943;21;2450.00;99
6195;21;624042235;6195;316;7138;7236;7.21;0.45;267.79;5.24;943;21;2451.00;98
6196;21;624042248;6196;314;7143;7236;7.38;0.46;267.78;5.24;947;21;2452.00;93
6198;21;624042260;6198;307;7146;7236;7.47;0.46;267.88;5.31;948;21;2453.00;90
6202;21;624042274;6202;311;7152;7236;7.58;0.47;268.05;5.32;950;21;2454.00;84
6205;21;624042287;6205;308;7155;7236;7.71;0.47;268.10;5.32;950;21;2455.00;81
6206;21;624042299;6206;317;7158;7237;7.80;0.48;268.09;5.32;952;21;2456.00;79
6210;21;624042313;6210;318;7162;7238;7.81;0.48;268.19;5.32;952;21;2457.00;76
6212;21;624042326;6212;316;7165;7238;7.85;0.48;268.34;5.32;953;21;2458.00;73
6214;21;624042340;6214;318;7167;7239;7.77;0.48;268.39;5.33;953;21;2459.00;72
6216;21;624042357;6216;321;7173;7239;7.74;0.48;268.37;5.34;957;21;2460.00;66
6219;21;624042370;6219;321;7175;7239;7.70;0.47;268.41;5.34;956;21;2461.00;64
6222;21;624042384;6222;316;7177;7239;7.65;0.47;268.46;5.34;955;21;2462.00;62
6225;21;624042397;6225;323;7180;7243;7.66;0.47;268.45;5.34;955;21;2463.00;63
6230;21;624042421;6230;327;7181;7243;7.62;0.47;268.44;5.34;951;21;2464.00;62
6233;21;624042434;6233;330;7182;7243;7.61;0.47;268.54;5.34;949;21;2465.00;61
6236;21;624042447;6236;332;7185;7246;7.60;0.46;268.58;5.36;949;21;2466.00;61
6237;21;624042459;6237;333;7187;7246;7.62;0.47;268.59;5.42;950;21;2467.00;59
6240;21;624042472;6240;335;7190;7246;7.63;0.47;268.56;5.43;950;21;2468.00;56
6240;21;624042484;6240;339;7194;7250;7.68;0.47;268.56;5.43;954;21;2469.00;56
6242;21;624042495;6242;334;7195;7251;7.72;0.47;268.53;5.43;953;21;2470.00;56
6242;21;624042507;6242;339;7197;7251;7.77;0.48;268.53;5.50;955;21;2471.00;54
6244;21;624042518;6244;338;7201;7255;7.83;0.48;268.56;5.50;957;21;2472.00;54
6245;21;624042530;6245;339;7201;7255;7.85;0.48;268.53;5.50;956;21;2473.00;54
6250;21;624042542;6250;343;7201;7255;7.80;0.48;268.49;5.50;951;21;2474.00;54
6251;21;624042554;6251;347;7204;7257;7.79;0.48;268.49;5.56;953;21;2475.00;53
6257;21;624042566;6257;347;7204;7257;7.70;0.47;268.43;5.56;947;21;2476.00;53
6260;21;624042577;6260;353;7209;7263;7.66;0.47;268.41;5.56;949;21;2477.00;54
6264;21;624042588;6264;350;7209;7263;7.64;0.46;268.34;5.56;945;21;2478.00;54
6264;21;624042600;6264;354;7210;7264;7.66;0.47;268.34;5.62;946;21;2479.00;54
6269;21;624042611;6269;343;7210;7264;7.60;0.46;268.32;5.62;941;21;2480.00;54
6272;21;624042623;6272;346;7210;7264;7.58;0.46;268.24;5.62;938;21;2481.00;54
6274;21;624042636;6274;335;7210;7264;7.55;0.46;268.33;5.62;936;21;2482.00;54
6277;21;624042648;6277;332;7210;7264;7.51;0.46;268.28;5.62;933;21;2483.00;54
6280;21;624042662;6280;325;7219;7276;7.57;0.46;268.29;5.61;939;21;2484.00;57
6284;21;624042673;6284;323;7222;7276;7.54;0.46;268.26;5.63;938;21;2485.00;54
6288;21;624042686;6288;315;7223;7276;7.58;0.46;268.35;5.63;935;21;2486.00;53
6295;21;624042697;6295;311;7223;7276;7.59;0.46;268.19;5.63;928;21;2487.00;53
6296;21;624042708;6296;312;7223;7276;7.64;0.46;268.16;5.63;927;21;2488.00;53
6299;21;624042720;6299;308;7223;7276;7.66;0.47;268.11;5.63;924;21;2489.00;53
6303;21;624042732;6303;310;7226;7280;7.63;0.46;268.05;5.63;923;21;2490.00;54
6305;21;624042744;6305;310;7226;7280;7.61;0.46;268.02;5.63;921;21;2491.00;54
6306;21;624042756;6306;309;7230;7284;7.59;0.46;267.99;5.62;924;21;2492.00;54
6309;21;624042767;6309;314;7232;7285;7.52;0.46;267.99;5.68;923;21;2493.00;53
6310;21;624042785;6310;315;7232;7285;7.43;0.45;267.95;5.68;922;21;2494.00;53
6311;21;624042796;6311;314;7232;7285;7.39;0.45;267.96;5.68;921;21;2495.00;53
6312;21;624042812;6312;319;7243;7298;7.39;0.45;267.93;5.73;931;21;2496.00;55
6316;21;624042823;6316;323;7243;7298;7.34;0.45;267.97;5.73;927;21;2497.00;55
6319;21;624042834;6319;322;7243;7298;7.26;0.44;267.95;5.73;924;21;2498.00;55
6320;21;624042845;6320;319;7244;7299;7.23;0.44;267.91;5.73;924;21;2499.00;55
6322;21;624042856;6322;311;7245;7300;7.16;0.44;267.94;5.78;923;21;2500.00;55
6325;21;624042876;6325;307;7247;7300;7.12;0.43;267.90;5.80;922;21;2501.00;53
6326;21;624042886;6326;295;7249;7303;7.12;0.43;267.86;5.79;923;21;2502.00;54
6326;21;624042897;6326;295;7252;7303;7.16;0.43;267.86;5.85;926;21;2503.00;51
6328;21;624042908;6328;294;7252;7303;7.17;0.43;267.81;5.85;924;21;2504.00;51
6330;21;624042919;6330;290;7253;7303;7.21;0.44;267.92;5.85;923;21;2505.00;50
6330;21;624042929;6330;291;7259;7309;7.35;0.45;267.92;5.86;929;21;2506.00;50
6332;21;624042946;6332;292;7260;7309;7.40;0.45;268.02;5.86;928;21;2507.00;49
6333;21;624042957;6333;290;7260;7309;7.47;0.45;268.09;5.86;927;21;2508.00;49
6334;21;624042979;6334;291;7261;7309;7.48;0.45;268.10;5.86;927;21;2509.00;48
6334;21;624042990;6334;295;7264;7313;7.47;0.45;268.10;5.86;930;21;2510.00;49
6338;21;624043002;6338;295;7267;7314;7.49;0.45;268.08;5.87;929;21;2511.00;47
6340;21;624043014;6340;294;7268;7314;7.48;0.45;268.10;5.89;928;21;2512.00;46
6341;21;624043025;6341;297;7271;7315;7.47;0.45;268.09;5.91;930;21;2513.00;44
6343;21;624043045;6343;301;7271;7315;7.43;0.45;268.03;5.91;928;21;2514.00;44
6344;21;624043056;6344;296;7272;7315;7.39;0.45;268.05;5.92;928;21;2515.00;43
6344;21;624043067;6344;303;7273;7315;7.38;0.45;268.05;5.93;929;21;2516.00;42
6344;21;624043078;6344;300;7274;7315;7.38;0.45;268.05;5.94;930;21;2517.00;41
6345;21;624043092;6345;300;7274;7315;7.34;0.45;268.04;5.94;929;21;2518.00;41
6348;21;624043104;6348;301;7276;7315;7.32;0.44;268.07;5.95;928;21;2519.00;39
6349;21;624043117;6349;314;7330;7440;7.52;0.46;268.16;5.91;981;21;2520.00;110
6351;21;624043142;6351;312;7335;7441;7.51;0.46;268.11;5.92;984;21;2521.00;106
6354;21;624043154;6354;312;7349;7441;7.54;0.46;268.12;5.92;995;21;2522.00;92
6355;21;624043166;6355;314;7355;7441;7.51;0.46;268.20;5.91;1000;21;2523.00;86
6356;21;624043177;6356;316;7361;7441;7.49;0.46;268.21;5.91;1005;21;2524.00;80
6360;21;624043188;6360;327;7366;7441;7.35;0.45;268.23;5.93;1006;21;2525.00;75
6362;21;624043200;6362;328;7372;7441;7.25;0.44;268.27;5.93;1010;21;2526.00;69
6364;21;624043212;6364;336;7377;7441;7.14;0.44;268.35;5.94;1013;21;2527.00;64
6366;21;624043222;6366;345;7384;7442;7.05;0.43;268.35;5.94;1018;21;2528.00;58
6370;21;624043245;6370;346;7388;7443;6.93;0.42;268.32;5.95;1018;21;2529.00;55
6371;21;624043257;6371;347;7391;7443;6.79;0.42;268.30;5.96;1020;21;2530.00;52
6374;21;624043268;6374;351;7398;7447;6.64;0.41;268.30;5.95;1024;21;2531.00;49
6375;21;624043284;6375;346;7399;7447;6.59;0.40;268.26;5.96;1024;21;2532.00;48
6379;21;624043295;6379;347;7399;7447;6.57;0.40;268.23;5.96;1020;21;2533.00;48
6381;21;624043306;6381;345;7400;7447;6.51;0.40;268.32;5.97;1019;21;2534.00;47
6382;21;624043317;6382;341;7406;7453;6.49;0.40;268.30;5.97;1024;21;2535.00;47
6384;21;624043328;6384;340;7406;7453;6.47;0.40;268.38;5.97;1022;21;2536.00;47
6385;21;624043340;6385;348;7408;7455;6.45;0.40;268.43;5.98;1023;21;2537.00;47
6386;21;624043351;6386;347;7411;7458;6.47;0.40;268.40;5.98;1025;21;2538.00;47
6388;21;624043362;6388;352;7412;7458;6.51;0.40;268.39;5.98;1024;21;2539.00;46
6389;21;624043373;6389;349;7413;7458;6.50;0.40;268.40;5.99;1024;21;2540.00;45
6393;21;624043384;6393;340;7414;7459;6.45;0.40;268.42;5.99;1021;21;2541.00;45
6397;21;624043395;6397;346;7416;7460;6.42;0.39;268.52;6.00;1019;21;2542.00;44
6399;21;624043407;6399;356;7417;7460;6.36;0.39;268.51;6.00;1018;21;2543.00;43
6403;21;624043418;6403;361;7428;7473;6.26;0.38;268.58;5.99;1025;21;2544.00;45
6407;21;624043431;6407;361;7431;7473;6.17;0.38;268.71;6.00;1024;21;2545.00;42
6411;21;624043442;6411;364;7432;7473;6.14;0.38;268.68;6.00;1021;22;2546.00;41
6413;21;624043458;6413;360;7433;7474;6.12;0.38;268.71;6.00;1020;22;2547.00;41
6417;21;624043470;6417;358;7435;7474;6.06;0.37;268.77;6.00;1018;22;2548.00;39
6419;21;624043481;6419;361;7438;7478;6.07;0.37;268.78;6.00;1019;22;2549.00;40
6422;21;624043493;6422;355;7442;7481;6.00;0.37;268.84;6.00;1020;22;2550.00;39
6425;21;624043505;6425;354;7447;7485;5.96;0.37;268.86;6.00;1022;22;2551.00;38
6428;21;624043517;6428;345;7448;7485;5.97;0.37;268.84;6.00;1020;22;2552.00;37
6431;21;624043528;6431;345;7448;7485;5.96;0.37;268.88;6.00;1017;22;2553.00;37
6436;21;624043539;6436;341;7449;7485;5.93;0.37;269.06;6.00;1013;22;2554.00;36
6439;21;624043554;6439;343;7449;7485;5.96;0.37;269.08;6.00;1010;22;2555.00;36
6441;21;624043565;6441;347;7460;7497;6.06;0.37;269.12;5.99;1019;22;2556.00;37
6444;21;624043578;6444;341;7460;7497;6.14;0.38;269.13;5.99;1016;22;2557.00;37
6449;21;624043589;6449;333;7461;7497;6.18;0.38;269.33;5.99;1012;22;2558.00;36
6451;21;624043600;6451;324;7461;7497;6.24;0.39;269.38;5.99;1010;22;2559.00;36
6454;21;624043612;6454;316;7461;7497;6.27;0.39;269.41;5.99;1007;22;2560.00;36
6456;21;624043622;6456;315;7461;7497;6.33;0.39;269.45;5.99;1005;22;2561.00;36
6462;21;624043634;6462;313;7463;7498;6.34;0.39;269.56;6.04;1001;22;2562.00;35
6465;21;624043646;6465;311;7463;7498;6.42;0.40;269.52;6.04;998;22;2563.00;35
6470;21;624043658;6470;311;7468;7504;6.59;0.41;269.60;6.04;998;22;2564.00;36
6475;21;624043670;6475;311;7470;7506;6.69;0.41;269.62;6.03;995;22;2565.00;36
6478;21;624043688;6478;310;7470;7506;6.82;0.42;269.69;6.03;992;22;2566.00;36
6480;21;624043699;6480;312;7470;7506;6.94;0.43;269.71;6.03;990;22;2567.00;36
6486;21;624043711;6486;308;7473;7510;7.00;0.43;269.69;6.03;987;22;2568.00;37
6494;21;624043723;6494;308;7473;7510;7.00;0.43;269.65;6.03;979;22;2569.00;37
6497;21;624043735;6497;304;7473;7510;7.02;0.43;269.74;6.03;976;22;2570.00;37
6504;21;624043747;6504;308;7474;7511;6.97;0.43;269.76;6.03;970;22;2571.00;37
6506;21;624043759;6506;306;7477;7515;6.96;0.43;269.75;6.03;971;22;2572.00;38
6511;21;624043771;6511;307;7477;7515;6.92;0.42;269.76;6.03;966;22;2573.00;38
6513;21;624043782;6513;306;7479;7518;6.93;0.42;269.84;6.03;966;22;2574.00;39
6518;21;624043794;6518;308;7479;7518;6.91;0.42;269.89;6.03;961;22;2575.00;39
6523;21;624043805;6523;310;7480;7518;6.85;0.42;269.86;6.03;957;22;2576.00;38
6527;21;624043817;6527;310;7480;7518;6.81;0.42;269.96;6.03;953;22;2577.00;38
6530;21;624043828;6530;310;7484;7522;6.84;0.42;269.93;6.02;954;22;2578.00;38
6534;21;624043841;6534;311;7484;7522;6.81;0.42;269.93;6.02;950;22;2579.00;38
6539;21;624043854;6539;318;7484;7522;6.78;0.41;270.06;6.02;945;22;2580.00;38
6545;21;624043866;6545;326;7484;7522;6.74;0.41;270.01;6.02;939;22;2581.00;38
6546;21;624043877;6546;328;7484;7523;6.73;0.41;270.09;6.02;938;22;2582.00;39
6552;21;624043889;6552;334;7485;7524;6.71;0.41;270.06;6.02;933;22;2583.00;39
6557;21;624043900;6557;327;7485;7524;6.74;0.41;270.17;6.02;928;22;2584.00;39
6559;21;624043911;6559;329;7486;7525;6.76;0.41;270.19;6.02;927;22;2585.00;39
6563;21;624043923;6563;329;7486;7525;6.79;0.42;270.39;6.02;923;22;2586.00;39
6564;21;624043934;6564;330;7486;7525;6.87;0.42;270.44;6.02;922;22;2587.00;39
6570;21;624043944;6570;333;7486;7525;6.85;0.42;270.52;6.02;916;22;2588.00;39
6580;21;624043955;6580;329;7486;7525;6.77;0.41;270.54;6.02;906;22;2589.00;39
6586;21;624043966;6586;331;7487;7525;6.66;0.40;270.60;6.08;901;22;2590.00;38
6588;21;624043978;6588;331;7487;7525;6.60;0.40;270.66;6.08;899;22;2591.00;38
6591;21;624043989;6591;353;7559;7652;6.70;0.41;270.71;6.02;968;22;2592.00;93
6594;21;624044009;6594;342;7561;7653;6.64;0.41;270.78;6.02;967;22;2593.00;92
6598;21;624044021;6598;343;7567;7653;6.70;0.41;270.89;6.02;969;22;2594.00;86
6603;21;624044033;6603;349;7567;7653;6.68;0.41;270.94;6.02;964;22;2595.00;86
6607;21;624044044;6607;350;7572;7653;6.70;0.41;271.02;6.02;965;22;2596.00;81
6611;21;624044055;6611;334;7574;7653;6.74;0.42;271.12;6.02;963;22;2597.00;79
6616;21;624044066;6616;341;7577;7653;6.73;0.41;271.29;6.02;961;22;2598.00;76
6620;21;624044078;6620;337;7580;7653;6.73;0.41;271.46;6.02;960;22;2599.00;73
6623;21;624044094;6623;339;7583;7654;6.78;0.42;271.54;6.02;960;22;2600.00;71
6625;21;624044120;6625;339;7587;7655;6.82;0.42;271.55;6.02;962;22;2601.00;68
6628;21;624044141;6628;347;7592;7655;6.77;0.41;271.64;6.02;964;22;2602.00;63
6628;21;624044157;6628;353;7596;7656;6.74;0.41;271.64;6.02;968;22;2603.00;60
6630;21;624044175;6630;361;7597;7656;6.71;0.41;271.80;6.02;967;22;2604.00;59
6632;21;624044193;6632;363;7600;7656;6.70;0.41;271.79;6.03;968;22;2605.00;56
6634;21;624044209;6634;361;7601;7656;6.75;0.41;271.87;6.03;967;22;2606.00;55
6638;21;624044222;6638;369;7605;7660;6.73;0.41;271.86;6.03;967;22;2607.00;55
6640;21;624044235;6640;371;7607;7660;6.66;0.41;271.98;6.03;967;22;2608.00;53
6641;21;624044249;6641;372;7608;7660;6.59;0.40;272.03;6.03;967;22;2609.00;52
6644;21;624044264;6644;373;7613;7666;6.60;0.40;272.07;6.09;969;22;2610.00;53
6648;21;624044277;6648;378;7614;7666;6.59;0.40;272.04;6.09;966;22;2611.00;52
6649;21;624044290;6649;378;7616;7666;6.63;0.41;272.05;6.09;967;22;2612.00;50
6651;21;624044303;6651;382;7621;7670;6.69;0.41;272.06;6.09;970;22;2613.00;49
6653;21;624044316;6653;376;7622;7671;6.73;0.41;272.12;6.09;969;22;2614.00;49
6657;21;624044327;6657;375;7622;7671;6.77;0.41;272.06;6.09;965;22;2615.00;49
6659;21;624044341;6659;381;7624;7675;6.84;0.42;272.14;6.08;965;22;2616.00;51
6661;21;624044353;6661;375;7625;7675;6.93;0.42;272.12;6.08;964;22;2617.00;50
6663;21;624044365;6663;371;7625;7675;7.02;0.43;272.15;6.08;962;22;2618.00;50
6665;21;624044376;6665;373;7626;7676;7.07;0.43;272.14;6.08;961;22;2619.00;50
6668;21;624044394;6668;367;7626;7676;7.05;0.43;272.20;6.08;958;22;2620.00;50
6671;21;624044405;6671;366;7631;7682;7.00;0.43;272.24;6.08;960;22;2621.00;51
6674;21;624044418;6674;367;7631;7682;7.00;0.43;272.24;6.08;957;22;2622.00;51
6676;21;624044430;6676;365;7631;7683;7.00;0.43;272.35;6.08;955;22;2623.00;52
6679;21;624044442;6679;362;7631;7683;6.99;0.43;272.36;6.08;952;22;2624.00;52
6682;21;624044454;6682;365;7631;7683;6.98;0.43;272.31;6.08;949;22;2625.00;52
6686;21;624044472;6686;362;7631;7683;6.99;0.43;272.43;6.08;945;22;2626.00;52
6689;21;624044484;6689;355;7631;7683;6.96;0.43;272.54;6.08;942;22;2627.00;52
6690;21;624044496;6690;356;7640;7695;6.99;0.43;272.53;6.07;950;22;2628.00;55
6694;21;624044507;6694;360;7641;7695;6.97;0.43;272.43;6.07;947;22;2629.00;54
6696;21;624044519;6696;357;7642;7695;7.00;0.43;272.47;6.07;946;22;2630.00;53
6700;21;624044530;6700;357;7642;7695;7.03;0.43;272.52;6.07;942;22;2631.00;53
6701;21;624044542;6701;359;7642;7695;7.07;0.43;272.48;6.07;941;22;2632.00;53
6703;21;624044553;6703;360;7642;7695;7.07;0.43;272.53;6.07;939;22;2633.00;53
6706;21;624044564;6706;361;7645;7699;7.05;0.43;272.43;6.07;939;22;2634.00;54
6706;21;624044575;6706;361;7645;7699;7.07;0.43;272.43;6.07;939;22;2635.00;54
6708;21;624044585;6708;360;7649;7703;7.18;0.44;272.38;6.07;941;22;2636.00;54
6709;21;624044597;6709;354;7650;7704;7.26;0.44;272.37;6.06;941;22;2637.00;54
6710;21;624044607;6710;355;7650;7704;7.32;0.45;272.37;6.06;940;22;2638.00;54
6714;21;624044618;6714;353;7650;7704;7.35;0.45;272.26;6.06;936;22;2639.00;54
6716;21;624044632;6716;356;7673;7733;7.33;0.45;272.20;6.11;957;22;2640.00;60
6719;21;624044646;6719;353;7673;7733;7.41;0.45;272.18;6.11;954;22;2641.00;60
6720;21;624044657;6720;355;7675;7733;7.44;0.46;272.17;6.11;955;22;2642.00;58
6721;21;624044668;6721;351;7677;7734;7.50;0.46;272.15;6.11;956;22;2643.00;57
6724;21;624044679;6724;356;7677;7735;7.46;0.46;272.14;6.11;953;22;2644.00;58
6726;21;624044690;6726;360;7677;7735;7.45;0.46;272.13;6.11;951;22;2645.00;58
6727;21;624044701;6727;359;7679;7738;7.51;0.46;272.11;6.11;952;22;2646.00;59
6728;21;624044712;6728;360;7679;7738;7.56;0.46;272.10;6.11;951;22;2647.00;59
6731;21;624044722;6731;358;7680;7738;7.52;0.46;272.09;6.10;949;22;2648.00;58
6735;21;624044733;6735;362;7680;7738;7.53;0.46;272.19;6.10;945;22;2649.00;58
6735;21;624044744;6735;360;7685;7744;7.51;0.46;272.19;6.10;950;22;2650.00;59
6735;21;624044755;6735;346;7685;7744;7.48;0.46;272.19;6.10;950;22;2651.00;59
6738;21;624044765;6738;336;7685;7744;7.40;0.45;272.16;6.10;947;22;2652.00;59
6739;21;624044776;6739;324;7685;7744;7.39;0.45;272.16;6.10;946;22;2653.00;59
6741;21;624044786;6741;319;7689;7748;7.32;0.45;272.16;6.11;948;22;2654.00;59
6743;21;624044798;6743;314;7692;7750;7.32;0.45;272.16;6.12;949;22;2655.00;58
6744;21;624044809;6744;311;7693;7750;7.33;0.45;272.15;6.18;949;22;2656.00;57
6748;21;624044820;6748;308;7694;7751;7.37;0.45;272.10;6.18;946;22;2657.00;57
6750;21;624044846;6750;311;7694;7751;7.39;0.45;272.06;6.18;944;22;2658.00;57
6756;21;624044858;6756;305;7694;7751;7.42;0.45;271.95;6.18;938;22;2659.00;57
6758;21;624044869;6758;303;7694;7751;7.49;0.45;271.93;6.18;936;22;2660.00;57
6761;21;624044881;6761;299;7694;7751;7.58;0.46;271.87;6.18;933;22;2661.00;57
6762;21;624044893;6762;298;7694;7751;7.66;0.46;271.84;6.18;932;22;2662.00;57
6762;21;624044905;6762;294;7694;7751;7.73;0.47;271.84;6.18;932;22;2663.00;57
6764;21;624044918;6764;293;7730;7821;7.86;0.48;271.78;6.15;966;22;2664.00;91
6769;21;624044937;6769;292;7731;7822;7.78;0.47;271.74;6.15;962;22;2665.00;91
6769;21;624044957;6769;285;7738;7822;7.82;0.47;271.74;6.15;969;22;2666.00;84
6769;21;624044971;6769;293;7741;7822;7.72;0.47;271.74;6.15;972;22;2667.00;81
6771;21;624044983;6771;283;7745;7822;7.66;0.46;271.78;6.15;974;22;2668.00;77
6773;21;624045001;6773;284;7746;7822;7.65;0.46;271.78;6.15;973;22;2669.00;76
6775;21;624045016;6775;287;7750;7822;7.63;0.46;271.78;6.15;975;22;2670.00;72
6778;21;624045028;6778;290;7753;7822;7.65;0.46;271.73;6.15;975;22;2671.00;69
6779;21;624045041;6779;283;7756;7823;7.73;0.47;271.81;6.15;977;22;2672.00;67
6779;21;624045053;6779;285;7759;7824;7.76;0.47;271.81;6.15;980;22;2673.00;65
6779;21;624045066;6779;284;7761;7824;7.75;0.47;271.81;6.15;982;22;2674.00;63
6782;21;624045078;6782;284;7765;7828;7.68;0.47;271.88;6.15;983;22;2675.00;63
6784;21;624045093;6784;287;7765;7828;7.66;0.47;271.83;6.15;981;22;2676.00;63
6786;21;624045105;6786;293;7766;7828;7.66;0.47;271.89;6.16;980;22;2677.00;62
6789;21;624045117;6789;300;7766;7828;7.67;0.47;271.91;6.16;977;22;2678.00;62
6793;21;624045130;6793;307;7771;7834;7.71;0.47;271.92;6.15;978;22;2679.00;63
6794;21;624045143;6794;305;7771;7834;7.69;0.47;271.92;6.15;977;22;2680.00;63
6796;21;624045160;6796;312;7773;7834;7.67;0.47;271.91;6.18;977;22;2681.00;61
6797;22;624045172;6797;311;7775;7837;7.65;0.46;271.94;6.18;978;23;2682.00;62
6797;22;624045204;6797;318;7776;7837;7.61;0.46;271.94;6.19;979;23;2683.00;61
6800;22;624045215;6800;318;7778;7837;7.54;0.46;272.05;6.20;978;23;2684.00;59
6804;22;624045226;6804;324;7778;7838;7.48;0.45;272.17;6.20;974;23;2685.00;60
6805;22;624045237;6805;324;7780;7839;7.38;0.45;272.26;6.20;975;23;2686.00;59
6807;22;624045248;6807;323;7781;7839;7.28;0.44;272.33;6.21;974;23;2687.00;58
6809;22;624045259;6809;328;7792;7852;7.22;0.44;272.28;6.20;983;23;2688.00;60
6812;22;624045271;6812;332;7794;7852;7.14;0.43;272.28;6.22;982;23;2689.00;58
6813;22;624045283;6813;334;7795;7852;7.11;0.43;272.36;6.22;982;23;2690.00;57
6813;22;624045293;6813;338;7797;7853;7.02;0.43;272.36;6.23;984;23;2691.00;56
6814;22;624045304;6814;343;7798;7853;6.96;0.42;272.43;6.24;984;23;2692.00;55
6816;22;624045315;6816;350;7803;7857;6.94;0.42;272.49;6.25;987;23;2693.00;54
6819;22;624045326;6819;348;7803;7857;6.87;0.42;272.51;6.25;984;23;2694.00;54
6821;22;624045344;6821;351;7808;7861;6.79;0.42;272.57;6.27;987;23;2695.00;53
6825;22;624045355;6825;347;7808;7861;6.74;0.41;272.59;6.27;983;23;2696.00;53
6827;22;624045366;6827;351;7808;7861;6.68;0.41;272.59;6.27;981;23;2697.00;53
6830;22;624045378;6830;349;7812;7861;6.64;0.41;272.68;6.31;982;23;2698.00;49
6833;22;624045389;6833;348;7812;7861;6.60;0.40;272.73;6.31;979;23;2699.00;49
6835;22;624045403;6835;348;7840;7910;6.71;0.41;272.78;6.30;1005;23;2700.00;70
6839;22;624045422;6839;349;7841;7910;6.67;0.41;272.89;6.30;1002;23;2701.00;69
6840;22;624045434;6840;351;7844;7910;6.69;0.41;272.90;6.30;1004;23;2702.00;66
6844;22;624045445;6844;348;7846;7910;6.64;0.41;272.92;6.31;1002;23;2703.00;64
6848;22;624045455;6848;345;7848;7910;6.61;0.40;272.99;6.31;1000;23;2704.00;62
6848;22;624045466;6848;337;7850;7910;6.56;0.40;272.99;6.32;1002;23;2705.00;60
6849;22;624045477;6849;345;7851;7911;6.58;0.40;273.07;6.32;1002;23;2706.00;60
6852;22;624045489;6852;346;7852;7911;6.52;0.40;273.19;6.32;1000;23;2707.00;59
6856;22;624045507;6856;342;7859;7917;6.50;0.40;273.25;6.33;1003;23;2708.00;58
6857;22;624045523;6857;347;7860;7918;6.57;0.40;273.33;6.33;1003;23;2709.00;58
6860;22;624045539;6860;347;7862;7918;6.55;0.40;273.37;6.33;1002;23;2710.00;56
6863;22;624045564;6863;346;7863;7918;6.45;0.40;273.55;6.34;1000;23;2711.00;55
6867;22;624045575;6867;344;7867;7922;6.46;0.40;273.47;6.33;1000;23;2712.00;55
6871;22;624045586;6871;351;7870;7922;6.41;0.39;273.44;6.34;999;23;2713.00;52
6876;22;624045598;6876;351;7870;7922;6.40;0.39;273.50;6.34;994;23;2714.00;52
6881;22;624045609;6881;350;7873;7923;6.32;0.39;273.58;6.34;992;23;2715.00;50
6882;22;624045620;6882;353;7876;7927;6.24;0.38;273.60;6.34;994;23;2716.00;51
6884;22;624045631;6884;353;7877;7927;6.21;0.38;273.68;6.34;993;23;2717.00;50
6893;22;624045641;6893;351;7881;7930;6.12;0.37;273.71;6.34;988;23;2718.00;49
6894;22;624045652;6894;356;7882;7930;6.12;0.37;273.74;6.34;988;23;2719.00;48
6897;22;624045663;6897;340;7885;7930;6.11;0.37;273.86;6.34;988;23;2720.00;45
6903;22;624045674;6903;333;7885;7930;6.11;0.37;273.95;6.34;982;23;2721.00;45
6907;22;624045685;6907;334;7888;7934;6.20;0.38;274.06;6.34;981;23;2722.00;46
6910;22;624045695;6910;332;7890;7934;6.29;0.38;274.16;6.34;980;23;2723.00;44
6915;22;624045706;6915;328;7891;7934;6.33;0.39;274.35;6.35;976;23;2724.00;43
6920;22;624045717;6920;329;7891;7934;6.35;0.39;274.42;6.35;971;23;2725.00;43
6924;22;624045728;6924;325;7892;7935;6.36;0.39;274.50;6.35;968;23;2726.00;43
6930;22;624045740;6930;319;7893;7936;6.43;0.39;274.50;6.34;963;23;2727.00;43
6933;22;624045751;6933;313;7894;7936;6.49;0.40;274.53;6.35;961;23;2728.00;42
6937;22;624045762;6937;302;7896;7937;6.60;0.40;274.66;6.35;959;23;2729.00;41
6940;22;624045774;6940;296;7896;7937;6.64;0.41;274.74;6.35;956;23;2730.00;41
6943;22;624045785;6943;290;7898;7937;6.72;0.41;274.83;6.35;955;23;2731.00;39
6945;22;624045796;6945;286;7898;7937;6.80;0.42;274.90;6.35;953;23;2732.00;39
6951;22;624045807;6951;281;7898;7937;6.81;0.42;275.01;6.35;947;23;2733.00;39
6955;22;624045818;6955;281;7898;7937;6.89;0.42;275.00;6.35;943;23;2734.00;39
6958;22;624045829;6958;278;7899;7937;6.92;0.42;275.09;6.36;941;23;2735.00;38
6962;22;624045841;6962;295;7965;8064;7.09;0.44;275.20;6.30;1003;23;2736.00;99
6964;22;624045861;6964;287;7970;8065;7.15;0.44;275.16;6.30;1006;23;2737.00;95
6967;22;624045873;6967;282;7979;8065;7.22;0.45;275.24;6.30;1012;23;2738.00;86
6970;22;624045884;6970;285;7981;8065;7.26;0.45;275.21;6.29;1011;23;2739.00;84
6974;22;624045896;6974;288;7986;8065;7.26;0.45;275.31;6.29;1012;23;2740.00;79
6978;22;624045908;6978;285;7989;8065;7.28;0.45;275.38;6.36;1011;23;2741.00;76
6982;22;624045921;6982;285;7992;8065;7.22;0.44;275.41;6.36;1010;23;2742.00;73
6984;22;624045933;6984;286;7996;8065;7.19;0.44;275.43;6.36;1012;23;2743.00;69
6989;22;624045945;6989;291;7999;8066;7.11;0.44;275.39;6.37;1010;23;2744.00;67
6993;22;624045957;6993;290;8005;8068;7.07;0.43;275.59;6.37;1012;23;2745.00;63
6998;22;624045970;6998;298;8007;8068;7.00;0.43;275.55;6.37;1009;23;2746.00;61
7002;22;624045982;7002;303;8010;8069;6.95;0.43;275.60;6.37;1008;23;2747.00;59
7006;22;624045995;7006;299;8012;8069;6.88;0.42;275.57;6.37;1006;23;2748.00;57
7011;22;624046008;7011;302;8013;8069;6.78;0.42;275.63;6.37;1002;23;2749.00;56
7016;22;624046020;7016;306;8017;8069;6.72;0.41;275.58;6.37;1001;23;2750.00;52
7021;22;624046033;7021;307;8021;8073;6.69;0.41;275.48;6.38;1000;23;2751.00;52
7024;22;624046051;7024;305;8024;8073;6.71;0.41;275.60;6.38;1000;23;2752.00;49
7028;22;624046064;7028;312;8026;8073;6.64;0.41;275.58;6.38;998;23;2753.00;47
7031;22;624046076;7031;324;8028;8076;6.59;0.40;275.57;6.38;997;23;2754.00;48
7035;22;624046088;7035;329;8028;8076;6.53;0.40;275.60;6.38;993;23;2755.00;48
7037;22;624046108;7037;338;8030;8076;6.52;0.40;275.57;6.45;993;23;2756.00;46
7041;22;624046128;7041;349;8034;8080;6.54;0.40;275.58;6.45;993;23;2757.00;46
7045;22;624046148;7045;362;8036;8081;6.56;0.40;275.56;6.45;991;23;2758.00;45
7051;22;624046166;7051;366;8036;8081;6.51;0.40;275.49;6.45;985;23;2759.00;45
7055;22;624046185;7055;374;8040;8086;6.45;0.39;275.60;6.45;985;23;2760.00;46
7058;22;624046201;7058;376;8040;8086;6.33;0.39;275.67;6.45;982;23;2761.00;46
7062;22;624046215;7062;384;8040;8086;6.22;0.38;275.71;6.45;978;23;2762.00;46
7064;22;624046228;7064;393;8042;8087;6.11;0.37;275.69;6.52;978;23;2763.00;45
7065;22;624046241;7065;397;8042;8087;6.06;0.37;275.74;6.52;977;23;2764.00;45
7067;22;624046253;7067;401;8047;8093;5.97;0.37;275.74;6.52;980;23;2765.00;46
7071;22;624046267;7071;401;8047;8093;5.86;0.36;275.85;6.52;976;23;2766.00;46
7074;22;624046280;7074;398;8047;8094;5.79;0.35;275.92;6.52;973;23;2767.00;47
7076;22;624046292;7076;399;8047;8094;5.73;0.35;276.03;6.52;971;23;2768.00;47
7079;22;624046304;7079;400;8047;8094;5.69;0.35;276.02;6.52;968;23;2769.00;47
7082;22;624046317;7082;394;8047;8094;5.70;0.35;276.03;6.52;965;23;2770.00;47
7086;22;624046329;7086;397;8047;8094;5.71;0.35;276.03;6.52;961;23;2771.00;47
7087;22;624046342;7087;403;8056;8106;5.80;0.35;276.01;6.51;969;23;2772.00;50
7089;22;624046355;7089;404;8056;8106;5.85;0.36;275.97;6.51;967;23;2773.00;50
7093;22;624046367;7093;405;8058;8106;5.89;0.36;276.05;6.51;965;23;2774.00;48
7097;22;624046378;7097;413;8058;8106;5.83;0.35;276.08;6.51;961;23;2775.00;48
7100;22;624046391;7100;404;8058;8106;5.82;0.35;276.04;6.51;958;23;2776.00;48
7101;22;624046403;7101;395;8058;8106;5.81;0.35;276.04;6.51;957;23;2777.00;48
7104;22;624046416;7104;397;8061;8110;5.82;0.35;276.04;6.51;957;23;2778.00;49
7104;22;624046430;7104;388;8061;8110;5.85;0.36;276.04;6.51;957;23;2779.00;49
7104;22;624046443;7104;383;8065;8114;5.92;0.36;276.04;6.50;961;23;2780.00;49
7108;22;624046464;7108;385;8066;8115;5.95;0.36;276.03;6.50;958;23;2781.00;49
7110;22;624046478;7110;380;8066;8115;6.03;0.37;275.99;6.50;956;23;2782.00;49
7113;22;624046492;7113;374;8066;8115;6.05;0.37;275.95;6.50;953;23;2783.00;49
7113;22;624046507;7113;378;8077;8128;6.17;0.38;275.95;6.49;964;23;2784.00;51
7118;22;624046521;7118;374;8077;8128;6.17;0.38;275.96;6.49;959;23;2785.00;51
7121;22;624046535;7121;375;8077;8128;6.22;0.38;275.97;6.49;956;23;2786.00;51
7123;22;624046547;7123;374;8078;8129;6.30;0.38;275.98;6.49;955;23;2787.00;51
7125;22;624046559;7125;374;8078;8130;6.30;0.38;275.93;6.49;953;23;2788.00;52
7128;22;624046570;7128;369;8078;8130;6.31;0.38;275.94;6.49;950;23;2789.00;52
7128;22;624046584;7128;368;8082;8136;6.41;0.39;275.94;6.49;954;23;2790.00;54
7134;22;624046597;7134;373;8082;8136;6.46;0.39;276.00;6.49;948;23;2791.00;54
7136;22;624046609;7136;376;8084;8136;6.53;0.40;275.94;6.49;948;23;2792.00;52
7138;22;624046620;7138;371;8084;8136;6.53;0.40;275.93;6.49;946;23;2793.00;52
7140;22;624046632;7140;371;8089;8142;6.62;0.40;275.97;6.48;949;23;2794.00;53
7141;22;624046646;7141;376;8090;8142;6.64;0.40;275.96;6.56;949;23;2795.00;52
7141;22;624046658;7141;376;8090;8142;6.63;0.40;275.96;6.56;949;23;2796.00;52
7144;22;624046670;7144;375;8090;8142;6.55;0.40;275.91;6.56;946;23;2797.00;52
7144;22;624046681;7144;375;8093;8146;6.60;0.40;275.91;6.56;949;23;2798.00;53
7146;22;624046693;7146;372;8094;8147;6.57;0.40;275.89;6.56;948;23;2799.00;53
7148;22;624046706;7148;372;8094;8147;6.54;0.40;275.86;6.56;946;23;2800.00;53
7150;22;624046721;7150;374;8095;8148;6.55;0.40;275.92;6.56;945;23;2801.00;53
7152;22;624046736;7152;371;8095;8148;6.51;0.40;275.88;6.56;943;23;2802.00;53
7154;22;624046751;7154;360;8095;8148;6.48;0.39;275.84;6.56;941;23;2803.00;53
7154;22;624046764;7154;356;8095;8148;6.48;0.39;275.84;6.56;941;23;2804.00;53
7155;22;624046775;7155;342;8095;8148;6.53;0.40;275.81;6.56;940;23;2805.00;53
7157;22;624046786;7157;332;8095;8148;6.59;0.40;275.80;6.56;938;23;2806.00;53
7159;22;624046797;7159;320;8095;8148;6.63;0.40;275.75;6.56;936;23;2807.00;53
7160;22;624046808;7160;329;8133;8218;6.70;0.41;275.74;6.53;973;23;2808.00;85
7162;22;624046826;7162;318;8133;8219;6.77;0.41;275.70;6.53;971;23;2809.00;86
7163;22;624046838;7163;311;8140;8219;7.01;0.43;275.69;6.52;977;23;2810.00;79
7163;22;624046850;7163;301;8143;8219;7.14;0.43;275.69;6.60;980;23;2811.00;76
7166;22;624046863;7166;295;8147;8219;7.28;0.44;275.68;6.60;981;23;2812.00;72
7167;22;624046875;7167;284;8149;8219;7.42;0.45;275.67;6.60;982;23;2813.00;70
7168;22;624046887;7168;283;8152;8219;7.55;0.46;275.67;6.60;984;23;2814.00;67
7173;22;624046899;7173;289;8155;8219;7.62;0.46;275.71;6.60;982;23;2815.00;64
7174;22;624046912;7174;294;8157;8220;7.73;0.47;275.71;6.60;983;23;2816.00;63
7175;22;624046924;7175;289;8159;8221;7.77;0.47;275.70;6.60;984;23;2817.00;62
7177;22;624046936;7177;284;8161;8221;7.79;0.47;275.68;6.60;984;23;2818.00;60
7181;22;624046954;7181;279;8166;8225;7.78;0.47;275.63;6.60;985;23;2819.00;59
7181;22;624046970;7181;282;8167;8225;7.80;0.47;275.63;6.60;986;23;2820.00;58
7184;22;624046982;7184;283;8167;8225;7.78;0.47;275.61;6.60;983;23;2821.00;58
7185;22;624046994;7185;279;8167;8225;7.76;0.47;275.58;6.60;982;23;2822.00;58
7186;22;624047006;7186;283;8172;8231;7.77;0.47;275.62;6.60;986;23;2823.00;59
7189;22;624047018;7189;278;8172;8231;7.72;0.47;275.58;6.60;983;23;2824.00;59
7192;22;624047031;7192;276;8174;8231;7.73;0.47;275.58;6.62;982;23;2825.00;57
7195;22;624047044;7195;275;8176;8234;7.76;0.47;275.52;6.62;981;23;2826.00;58
7199;22;624047056;7199;276;8177;8234;7.79;0.47;275.54;6.61;978;23;2827.00;57
7201;22;624047068;7201;271;8177;8234;7.86;0.48;275.56;6.61;976;23;2828.00;57
7204;22;624047081;7204;265;8177;8235;7.93;0.48;275.52;6.61;973;23;2829.00;58
7204;22;624047094;7204;263;8178;8236;7.96;0.48;275.52;6.61;974;23;2830.00;58
7208;22;624047106;7208;261;8178;8236;7.96;0.48;275.47;6.61;970;23;2831.00;58
7211;22;624047118;7211;262;8187;8249;8.02;0.49;275.42;6.61;976;23;2832.00;62
7213;22;624047132;7213;256;8188;8249;8.10;0.49;275.46;6.61;975;23;2833.00;61
7215;22;624047145;7215;253;8189;8249;8.17;0.50;275.52;6.61;974;23;2834.00;60
7217;22;624047157;7217;254;8191;8251;8.22;0.50;275.49;6.60;974;23;2835.00;60
7221;22;624047172;7221;254;8191;8251;8.19;0.50;275.59;6.60;970;23;2836.00;60
7225;22;624047187;7225;260;8194;8255;8.23;0.50;275.54;6.60;969;23;2837.00;61
7228;22;624047204;7228;260;8195;8255;8.24;0.50;275.62;6.60;967;23;2838.00;60
7230;22;624047222;7230;258;8198;8259;8.22;0.50;275.60;6.60;968;23;2839.00;61
7232;22;624047243;7232;255;8198;8259;8.17;0.50;275.59;6.60;966;23;2840.00;61
7234;22;624047258;7234;261;8198;8259;8.15;0.49;275.63;6.60;964;23;2841.00;61
7238;22;624047273;7238;271;8198;8259;8.08;0.49;275.67;6.60;960;23;2842.00;61
7239;22;624047291;7239;277;8198;8259;8.06;0.49;275.66;6.60;959;23;2843.00;61
7241;22;624047303;7241;277;8208;8271;8.09;0.49;275.70;6.59;967;23;2844.00;63
7245;22;624047318;7245;276;8209;8271;8.08;0.49;275.77;6.59;964;23;2845.00;62
7246;22;624047330;7246;272;8209;8271;8.10;0.49;275.82;6.59;963;23;2846.00;62
7250;22;624047342;7250;275;8209;8271;8.06;0.49;275.92;6.59;959;23;2847.00;62
7251;22;624047354;7251;277;8209;8271;8.06;0.49;276.02;6.59;958;23;2848.00;62
7253;22;624047366;7253;281;8209;8271;8.03;0.49;276.06;6.59;956;23;2849.00;62
7254;22;624047380;7254;289;8211;8274;8.04;0.49;276.06;6.59;957;23;2850.00;63
7256;22;624047392;7256;289;8213;8274;7.96;0.48;276.14;6.62;957;23;2851.00;61
7260;22;624047404;7260;293;8218;8280;7.90;0.48;276.24;6.61;958;23;2852.00;62
7260;22;624047417;7260;288;8221;8281;7.84;0.48;276.24;6.64;961;23;2853.00;60
7266;22;624047428;7266;289;8221;8281;7.70;0.47;276.29;6.64;955;23;2854.00;60
7268;22;624047440;7268;289;8223;8281;7.63;0.46;276.43;6.66;955;23;2855.00;58
7269;22;624047451;7269;293;8226;8285;7.61;0.46;276.43;6.66;957;23;2856.00;59
7273;22;624047462;7273;289;8228;8285;7.57;0.46;276.46;6.68;955;23;2857.00;57
7274;22;624047474;7274;296;8228;8285;7.49;0.46;276.51;6.68;954;23;2858.00;57
7276;22;624047485;7276;299;8231;8286;7.47;0.45;276.57;6.69;955;23;2859.00;55
7278;22;624047495;7278;299;8235;8290;7.47;0.46;276.63;6.70;957;23;2860.00;55
7279;22;624047507;7279;305;8237;8290;7.44;0.45;276.69;6.72;958;23;2861.00;53
7281;22;624047518;7281;304;8240;8293;7.51;0.46;276.68;6.72;959;23;2862.00;53
7283;22;624047529;7283;304;8241;8293;7.54;0.46;276.79;6.73;958;23;2863.00;52
7286;22;624047540;7286;308;8245;8295;7.58;0.46;276.78;6.74;959;23;2864.00;50
7289;22;624047552;7289;308;8246;8295;7.51;0.46;276.91;6.74;957;23;2865.00;49
7291;22;624047563;7291;310;8251;8299;7.50;0.46;276.92;6.74;960;23;2866.00;48
7295;22;624047574;7295;305;8251;8299;7.49;0.46;277.03;6.74;956;23;2867.00;48
7298;22;624047585;7298;313;8253;8299;7.42;0.45;277.20;6.76;955;23;2868.00;46
7304;22;624047596;7304;312;8253;8299;7.38;0.45;277.32;6.76;949;23;2869.00;46
7307;22;624047607;7307;303;8255;8300;7.30;0.45;277.40;6.77;948;23;2870.00;45
7314;22;624047618;7314;309;8256;8301;7.26;0.44;277.57;6.76;942;23;2871.00;45
7316;22;624047629;7316;302;8256;8301;7.24;0.44;277.62;6.76;940;23;2872.00;45
7321;22;624047640;7321;301;8259;8302;7.25;0.44;277.66;6.77;938;23;2873.00;43
7323;22;624047651;7323;295;8259;8302;7.18;0.44;277.78;6.77;936;23;2874.00;43
7327;22;624047661;7327;299;8261;8302;7.13;0.43;277.86;6.78;934;23;2875.00;41
7332;22;624047672;7332;294;8261;8302;7.09;0.43;277.95;6.78;929;23;2876.00;41
7334;22;624047682;7334;294;8261;8302;7.15;0.43;277.98;6.78;927;23;2877.00;41
7335;22;624047693;7335;289;8263;8302;7.21;0.44;278.02;6.78;928;23;2878.00;39
7337;22;624047703;7337;287;8264;8302;7.26;0.44;278.04;6.79;927;23;2879.00;38
7340;22;624047715;7340;321;8365;8532;7.35;0.46;278.08;6.71;1025;23;2880.00;167
7343;22;624047745;7343;310;8371;8533;7.38;0.46;278.14;6.70;1028;23;2881.00;162
7347;22;624047757;7347;301;8381;8533;7.38;0.46;278.13;6.70;1034;23;2882.00;152
7348;22;624047768;7348;302;8387;8533;7.32;0.45;278.13;6.70;1039;23;2883.00;146
7349;22;624047779;7349;291;8395;8533;7.31;0.45;278.11;6.69;1046;23;2884.00;138
7354;22;624047791;7354;293;8400;8533;7.24;0.45;278.23;6.69;1046;23;2885.00;133
7360;22;624047803;7360;286;8406;8533;7.14;0.44;278.24;6.69;1046;23;2886.00;127
7362;22;624047814;7362;288;8412;8533;7.05;0.44;278.32;6.69;1050;23;2887.00;121
7365;22;624047825;7365;295;8419;8534;6.93;0.43;278.41;6.69;1054;23;2888.00;115
7369;22;624047837;7369;301;8423;8535;6.75;0.42;278.52;6.69;1054;23;2889.00;112
7372;22;624047848;7372;294;8431;8535;6.68;0.41;278.53;6.70;1059;23;2890.00;104
7377;22;624047860;7377;298;8435;8536;6.56;0.41;278.58;6.70;1058;23;2891.00;101
7380;22;624047871;7380;305;8442;8536;6.40;0.40;278.56;6.70;1062;23;2892.00;94
7383;22;624047888;7383;319;8445;8536;6.26;0.39;278.61;6.71;1062;23;2893.00;91
7385;22;624047899;7385;325;8450;8536;6.14;0.38;278.63;6.71;1065;23;2894.00;86
7388;22;624047911;7388;337;8454;8540;6.02;0.37;278.66;6.71;1066;23;2895.00;86
7392;22;624047923;7392;352;8457;8540;5.95;0.37;278.71;6.71;1065;23;2896.00;83
7397;22;624047935;7397;346;8460;8540;5.94;0.37;278.77;6.72;1063;23;2897.00;80
7401;22;624047946;7401;342;8465;8543;5.98;0.37;278.92;6.72;1064;23;2898.00;78
7405;22;624047958;7405;336;8468;8543;5.99;0.37;278.99;6.72;1063;23;2899.00;75
7407;22;624047972;7407;325;8469;8543;6.11;0.37;279.05;6.72;1062;23;2900.00;74
7408;22;624047986;7408;326;8472;8547;6.26;0.38;279.08;6.73;1064;23;2901.00;75
7409;22;624047998;7409;328;8477;8548;6.30;0.39;279.05;6.73;1068;23;2902.00;71
7412;22;624048010;7412;335;8479;8548;6.39;0.39;279.12;6.73;1067;23;2903.00;69
7419;22;624048022;7419;340;8485;8552;6.41;0.39;279.22;6.82;1066;23;2904.00;67
7421;22;624048036;7421;339;8487;8552;6.47;0.40;279.18;6.83;1066;23;2905.00;65
7426;22;624048047;7426;342;8489;8552;6.45;0.40;279.22;6.83;1063;23;2906.00;63
7430;22;624048060;7430;348;8490;8553;6.45;0.40;279.33;6.83;1060;23;2907.00;63
7432;22;624048071;7432;360;8490;8553;6.47;0.40;279.33;6.83;1058;23;2908.00;63
7437;22;624048083;7437;361;8495;8559;6.43;0.39;279.42;6.83;1058;23;2909.00;64
7441;22;624048101;7441;366;8498;8559;6.34;0.39;279.45;6.84;1057;23;2910.00;61
7442;22;624048133;7442;368;8499;8560;6.24;0.38;279.42;6.84;1057;23;2911.00;61
7447;22;624048154;7447;378;8499;8560;6.15;0.38;279.49;6.84;1052;23;2912.00;61
7452;22;624048172;7452;384;8501;8560;6.07;0.37;279.51;6.84;1049;23;2913.00;59
7456;22;624048189;7456;394;8501;8560;5.95;0.37;279.55;6.84;1045;23;2914.00;59
7459;22;624048206;7459;413;8503;8560;5.88;0.36;279.61;6.84;1044;23;2915.00;57
7463;22;624048221;7463;413;8513;8572;5.89;0.36;279.69;6.84;1050;23;2916.00;59
7467;22;624048236;7467;418;8514;8572;5.82;0.36;279.76;6.83;1047;23;2917.00;58
7472;22;624048250;7472;428;8514;8572;5.73;0.35;279.78;6.83;1042;23;2918.00;58
7474;22;624048263;7474;429;8514;8572;5.64;0.35;279.88;6.83;1040;23;2919.00;58
7475;22;624048279;7475;435;8514;8572;5.59;0.35;279.89;6.83;1039;23;2920.00;58
7481;22;624048292;7481;426;8514;8572;5.53;0.34;279.86;6.83;1033;23;2921.00;58
7484;22;624048305;7484;429;8517;8576;5.55;0.34;279.82;6.83;1033;23;2922.00;59
7487;22;624048318;7487;429;8517;8576;5.50;0.34;279.85;6.83;1030;23;2923.00;59
7493;22;624048329;7493;430;8521;8580;5.51;0.34;279.84;6.83;1028;23;2924.00;59
7496;22;624048342;7496;439;8524;8582;5.51;0.34;279.82;6.92;1028;23;2925.00;58
7500;22;624048354;7500;439;8524;8582;5.42;0.33;279.78;6.92;1024;23;2926.00;58
7507;22;624048366;7507;438;8524;8582;5.33;0.33;279.82;6.92;1017;23;2927.00;58
7512;22;624048378;7512;444;8535;8595;5.34;0.33;279.84;6.91;1023;23;2928.00;60
7514;22;624048393;7514;452;8536;8595;5.30;0.33;279.81;7.00;1022;23;2929.00;59
7518;22;624048404;7518;453;8536;8595;5.23;0.32;279.75;7.00;1018;23;2930.00;59
7522;22;624048419;7522;455;8537;8596;5.25;0.32;279.66;7.00;1015;23;2931.00;59
7524;22;624048433;7524;458;8537;8597;5.25;0.32;279.61;7.00;1013;23;2932.00;60
7528;22;624048446;7528;459;8537;8597;5.24;0.32;279.61;7.00;1009;23;2933.00;60
7530;22;624048457;7530;467;8539;8600;5.25;0.32;279.60;6.99;1009;23;2934.00;61
7534;22;624048469;7534;467;8539;8600;5.25;0.32;279.53;6.99;1005;23;2935.00;61
7535;22;624048482;7535;472;8540;8600;5.25;0.32;279.55;6.99;1005;23;2936.00;60
7539;22;624048495;7539;463;8540;8600;5.20;0.32;279.54;6.99;1001;23;2937.00;60
7542;22;624048508;7542;469;8545;8606;5.22;0.32;279.54;6.99;1003;23;2938.00;61
7544;22;624048521;7544;465;8545;8606;5.21;0.32;279.50;6.99;1001;23;2939.00;61
7546;22;624048536;7546;464;8545;8606;5.22;0.32;279.46;6.99;999;23;2940.00;61
7548;22;624048548;7548;462;8545;8606;5.25;0.32;279.56;6.99;997;23;2941.00;61
7548;22;624048561;7548;465;8548;8610;5.34;0.33;279.56;6.99;1000;23;2942.00;62
7552;22;624048573;7552;469;8549;8611;5.34;0.33;279.44;6.99;997;23;2943.00;62
7555;22;624048585;7555;469;8549;8611;5.32;0.33;279.37;6.99;994;23;2944.00;62
7560;22;624048605;7560;471;8551;8612;5.26;0.32;279.37;7.07;991;23;2945.00;61
7561;22;624048617;7561;457;8551;8612;5.25;0.32;279.36;7.07;990;23;2946.00;61
7563;22;624048629;7563;447;8551;8612;5.24;0.32;279.31;7.07;988;23;2947.00;61
7565;22;624048641;7565;437;8551;8612;5.24;0.32;279.39;7.07;986;23;2948.00;61
7568;22;624048652;7568;426;8551;8612;5.27;0.32;279.34;7.07;983;23;2949.00;61
7570;22;624048665;7570;426;8551;8612;5.33;0.32;279.27;7.07;981;23;2950.00;61
7570;22;624048682;7570;420;8551;8612;5.44;0.33;279.27;7.07;981;23;2951.00;61
7570;22;624048694;7570;417;8584;8682;5.73;0.35;279.27;7.04;1014;23;2952.00;98
7574;22;624048712;7574;413;8584;8683;5.76;0.35;279.32;7.04;1010;23;2953.00;99
7576;22;624048726;7576;403;8591;8683;5.90;0.36;279.32;7.04;1015;23;2954.00;92
7578;22;624048739;7578;391;8592;8683;5.99;0.36;279.31;7.04;1014;23;2955.00;91
7578;22;624048752;7578;384;8595;8683;6.07;0.37;279.31;7.04;1017;23;2956.00;88
7578;22;624048764;7578;377;8596;8683;6.14;0.37;279.31;7.04;1018;23;2957.00;87
7578;22;624048776;7578;373;8599;8683;6.31;0.38;279.31;7.04;1021;23;2958.00;84
7579;22;624048789;7579;366;8602;8683;6.46;0.39;279.34;7.04;1023;23;2959.00;81
7579;22;624048802;7579;359;8604;8684;6.59;0.40;279.34;7.04;1025;23;2960.00;80
7581;22;624048815;7581;356;8607;8685;6.75;0.41;279.32;7.04;1026;23;2961.00;78
7584;22;624048828;7584;351;8609;8685;6.81;0.41;279.40;7.04;1025;23;2962.00;76
7587;22;624048842;7587;342;8613;8689;6.89;0.42;279.35;7.04;1026;23;2963.00;76
7588;22;624048855;7588;340;8614;8689;6.96;0.42;279.34;7.04;1026;23;2964.00;75
7591;22;624048868;7591;335;8615;8689;6.97;0.42;279.34;7.11;1024;23;2965.00;74
7592;22;624048882;7592;334;8615;8689;6.98;0.42;279.34;7.11;1023;23;2966.00;74
7594;22;624048912;7594;334;8619;8695;7.04;0.43;279.31;7.11;1025;23;2967.00;76
7594;22;624048926;7594;329;8619;8695;7.10;0.43;279.31;7.11;1025;23;2968.00;76
7594;22;624048947;7594;331;8619;8695;7.12;0.43;279.31;7.11;1025;23;2969.00;76
7594;22;624048961;7594;330;8623;8701;7.19;0.44;279.31;7.10;1029;23;2970.00;78
7595;22;624048975;7595;328;8623;8701;7.16;0.43;279.30;7.10;1028;23;2971.00;78
7597;22;624048988;7597;319;8625;8701;7.18;0.44;279.27;7.10;1028;23;2972.00;76
7598;22;624049001;7598;317;8625;8702;7.20;0.44;279.24;7.10;1027;23;2973.00;77
7599;22;624049014;7599;312;8626;8703;7.24;0.44;279.24;7.10;1027;23;2974.00;77
7599;22;624049026;7599;310;8626;8703;7.31;0.44;279.24;7.10;1027;23;2975.00;77
7602;22;624049039;7602;305;8635;8716;7.42;0.45;279.32;7.10;1033;23;2976.00;81
7603;22;624049052;7603;300;8635;8716;7.47;0.45;279.41;7.10;1032;23;2977.00;81
7606;22;624049065;7606;300;8635;8716;7.52;0.46;279.43;7.10;1029;23;2978.00;81
7608;22;624049078;7608;305;8636;8717;7.55;0.46;279.53;7.09;1028;23;2979.00;81
7612;22;624049097;7612;303;8636;8717;7.59;0.46;279.44;7.09;1024;23;2980.00;81
7615;22;624049112;7615;297;8639;8721;7.66;0.47;279.50;7.09;1024;23;2981.00;82
7617;22;624049127;7617;299;8639;8721;7.65;0.46;279.52;7.09;1022;23;2982.00;82
7619;22;624049140;7619;298;8642;8725;7.68;0.47;279.50;7.09;1023;23;2983.00;83
7620;22;624049154;7620;300;8642;8725;7.67;0.47;279.49;7.09;1022;23;2984.00;83
7623;22;624049166;7623;299;8642;8725;7.65;0.46;279.50;7.09;1019;23;2985.00;83
7624;22;624049178;7624;300;8642;8725;7.66;0.46;279.47;7.09;1018;23;2986.00;83
7628;22;624049190;7628;302;8642;8725;7.62;0.46;279.49;7.09;1014;23;2987.00;83
7632;22;624049201;7632;303;8652;8737;7.56;0.46;279.46;7.16;1020;23;2988.00;85
7633;22;624049214;7633;292;8653;8737;7.51;0.46;279.44;7.16;1020;23;2989.00;84
7636;22;624049227;7636;286;8655;8737;7.51;0.46;279.54;7.16;1019;23;2990.00;82
7640;22;624049239;7640;288;8655;8737;7.59;0.46;279.74;7.16;1015;23;2991.00;82
7642;22;624049252;7642;287;8655;8737;7.67;0.47;279.71;7.16;1013;23;2992.00;82
7646;22;624049264;7646;285;8658;8737;7.66;0.47;279.69;7.18;1012;23;2993.00;79
7649;22;624049276;7649;276;8658;8738;7.68;0.47;279.71;7.18;1009;23;2994.00;80
7652;22;624049289;7652;282;8660;8738;7.68;0.47;279.69;7.20;1008;23;2995.00;78
7654;22;624049302;7654;281;8664;8744;7.74;0.47;279.70;7.20;1010;23;2996.00;80
7658;22;624049315;7658;277;8665;8745;7.76;0.47;279.73;7.19;1007;23;2997.00;80
7660;22;624049327;7660;270;8665;8745;7.76;0.47;279.75;7.19;1005;23;2998.00;80
7664;22;624049346;7664;268;8665;8745;7.76;0.47;279.80;7.19;1001;23;2999.00;80
7668;22;624049362;7668;271;8670;8765;7.81;0.48;279.82;7.19;1002;23;3000.00;95
7670;22;624049381;7670;262;8670;8765;7.91;0.48;279.82;7.19;1000;23;3001.00;95
7673;22;624049394;7673;252;8671;8765;7.94;0.48;279.75;7.20;998;23;3002.00;94
7674;22;624049407;7674;244;8672;8766;8.05;0.49;279.73;7.19;998;23;3003.00;94
7676;22;624049419;7676;239;8676;8770;8.03;0.49;279.78;7.27;1000;23;3004.00;94
7680;22;624049432;7680;240;8676;8770;8.04;0.49;279.72;7.27;996;23;3005.00;94
7681;22;624049445;7681;238;8680;8773;8.04;0.49;279.73;7.27;999;23;3006.00;93
7688;22;624049460;7688;238;8682;8773;7.97;0.48;279.87;7.27;994;23;3007.00;91
7692;22;624049474;7692;233;8684;8773;7.95;0.48;279.90;7.28;992;23;3008.00;89
7696;22;624049487;7696;241;8686;8773;7.99;0.48;280.02;7.29;990;23;3009.00;87
7699;22;624049500;7699;247;8688;8777;8.01;0.48;280.02;7.29;989;23;3010.00;89
7703;22;624049513;7703;244;8690;8777;8.04;0.48;280.09;7.29;987;23;3011.00;87
7707;22;624049526;7707;242;8694;8777;8.11;0.49;280.17;7.30;987;23;3012.00;83
7709;22;624049540;7709;235;8695;8777;8.17;0.49;280.15;7.30;986;23;3013.00;82
7713;22;624049553;7713;239;8697;8778;8.21;0.50;280.22;7.30;984;23;3014.00;81
7714;22;624049565;7714;237;8699;8780;8.24;0.50;280.22;7.29;985;23;3015.00;81
7714;22;624049578;7714;244;8700;8780;8.25;0.50;280.22;7.30;986;23;3016.00;80
7716;22;624049591;7716;244;8701;8781;8.20;0.50;280.25;7.29;985;23;3017.00;80
7718;22;624049604;7718;244;8703;8781;8.13;0.49;280.34;7.37;985;23;3018.00;78
7720;22;624049617;7720;248;8703;8781;8.07;0.49;280.34;7.37;983;23;3019.00;78
7721;22;624049629;7721;257;8705;8781;8.01;0.49;280.35;7.40;984;23;3020.00;76
7725;22;624049642;7725;264;8705;8781;7.94;0.48;280.35;7.40;980;23;3021.00;76
7726;22;624049654;7726;264;8707;8781;7.89;0.48;280.33;7.41;981;23;3022.00;74
7728;22;624049667;7728;264;8708;8781;7.82;0.47;280.43;7.43;980;23;3023.00;73
7730;22;624049679;7730;295;8775;8908;7.70;0.47;280.44;7.37;1045;23;3024.00;133
7733;22;624049701;7733;289;8780;8909;7.66;0.47;280.50;7.38;1047;23;3025.00;129
7737;22;624049715;7737;285;8788;8909;7.68;0.47;280.55;7.39;1051;23;3026.00;121
7739;22;624049728;7739;288;8794;8909;7.66;0.47;280.58;7.38;1055;23;3027.00;115
7742;22;624049740;7742;295;8800;8909;7.67;0.47;280.63;7.40;1058;23;3028.00;109
7744;22;624049753;7744;300;8801;8909;7.66;0.47;280.64;7.40;1057;23;3029.00;108
7745;22;624049768;7745;303;8807;8909;7.63;0.47;280.68;7.42;1062;23;3030.00;102
7749;22;624049780;7749;298;8810;8909;7.61;0.47;280.78;7.42;1061;23;3031.00;99
7752;22;624049793;7752;295;8814;8910;7.67;0.47;280.82;7.43;1062;23;3032.00;96
7754;22;624049805;7754;298;8819;8911;7.68;0.47;280.89;7.44;1065;23;3033.00;92
7759;22;624049818;7759;305;8822;8911;7.68;0.47;281.10;7.45;1063;23;3034.00;89
7760;22;624049831;7760;306;8826;8912;7.63;0.47;281.08;7.47;1066;23;3035.00;86
7763;22;624049844;7763;317;8831;8912;7.55;0.46;281.16;7.47;1068;23;3036.00;81
7766;22;624049856;7766;316;8833;8912;7.42;0.46;281.21;7.47;1067;23;3037.00;79
7769;22;624049875;7769;323;8837;8912;7.34;0.45;281.24;7.49;1068;23;3038.00;75
7776;22;624049888;7776;320;8842;8916;7.25;0.44;281.37;7.49;1066;23;3039.00;74
7780;22;624049902;7780;322;8845;8916;7.11;0.44;281.44;7.51;1065;23;3040.00;71
7783;22;624049915;7783;329;8845;8916;6.95;0.43;281.48;7.51;1062;23;3041.00;71
7784;22;624049927;7784;322;8847;8919;6.89;0.42;281.52;7.50;1063;23;3042.00;72
7786;22;624049940;7786;323;8850;8919;6.80;0.42;281.54;7.52;1064;23;3043.00;69
7787;22;624049952;7787;328;8852;8919;6.73;0.41;281.61;7.52;1065;23;3044.00;67
7789;22;624049964;7789;340;8858;8923;6.67;0.41;281.63;7.54;1069;23;3045.00;65
7791;22;624049978;7791;341;8859;8924;6.67;0.41;281.60;7.54;1068;23;3046.00;65
7792;22;624049990;7792;351;8859;8924;6.63;0.41;281.60;7.54;1067;23;3047.00;65
7794;22;624050002;7794;358;8863;8928;6.60;0.41;281.61;7.54;1069;23;3048.00;65
7797;22;624050014;7797;359;8863;8928;6.59;0.40;281.58;7.54;1066;23;3049.00;65
7800;22;624050027;7800;360;8867;8928;6.60;0.40;281.59;7.55;1067;23;3050.00;61
7803;22;624050039;7803;356;8870;8929;6.58;0.40;281.62;7.55;1067;23;3051.00;59
7808;22;624050057;7808;358;8871;8929;6.52;0.40;281.73;7.55;1063;23;3052.00;58
7812;22;624050076;7812;366;8877;8935;6.46;0.40;281.72;7.55;1065;23;3053.00;58
7816;22;624050089;7816;370;8878;8935;6.29;0.39;281.84;7.55;1062;23;3054.00;57
7819;22;624050109;7819;368;8879;8936;6.16;0.38;281.91;7.56;1060;23;3055.00;57
7823;22;624050130;7823;369;8879;8936;6.01;0.37;282.06;7.56;1056;23;3056.00;57
7828;22;624050147;7828;375;8879;8936;5.91;0.36;282.19;7.56;1051;23;3057.00;57
7833;22;624050163;7833;370;8880;8936;5.84;0.36;282.28;7.56;1047;23;3058.00;56
7838;22;624050179;7838;374;8880;8936;5.72;0.35;282.37;7.56;1042;23;3059.00;56
7841;22;624050198;7841;369;8908;8972;5.77;0.36;282.40;7.54;1067;23;3060.00;64
7844;22;624050217;7844;373;8908;8972;5.71;0.35;282.45;7.54;1064;23;3061.00;64
7846;22;624050229;7846;376;8912;8972;5.73;0.35;282.46;7.54;1066;23;3062.00;60
7850;22;624050242;7850;370;8913;8972;5.71;0.35;282.56;7.54;1063;23;3063.00;59
7853;22;624050256;7853;372;8914;8972;5.65;0.35;282.63;7.54;1061;23;3064.00;58
7857;22;624050269;7857;376;8915;8972;5.62;0.35;282.74;7.54;1058;23;3065.00;57
7860;22;624050282;7860;378;8919;8976;5.60;0.35;282.76;7.54;1059;23;3066.00;57
7865;22;624050294;7865;380;8919;8976;5.60;0.35;282.84;7.54;1054;23;3067.00;57
7873;22;624050307;7873;379;8924;8980;5.62;0.35;282.95;7.54;1051;23;3068.00;56
7875;22;624050320;7875;385;8925;8981;5.67;0.35;282.92;7.54;1050;23;3069.00;56
7877;22;624050332;7877;386;8925;8981;5.69;0.35;282.98;7.54;1048;23;3070.00;56
7878;22;624050344;7878;386;8925;8981;5.66;0.35;283.02;7.54;1047;23;3071.00;56
7880;22;624050362;7880;380;8936;8994;5.67;0.35;283.04;7.53;1056;23;3072.00;58
7884;22;624050381;7884;386;8936;8994;5.63;0.35;283.04;7.53;1052;23;3073.00;58
7885;22;624050393;7885;383;8936;8994;5.63;0.35;283.03;7.53;1051;23;3074.00;58
7888;22;624050405;7888;387;8937;8995;5.64;0.35;283.02;7.53;1049;23;3075.00;58
7893;22;624050417;7893;387;8937;8996;5.63;0.35;282.98;7.53;1044;23;3076.00;59
7896;22;624050430;7896;393;8937;8996;5.61;0.35;283.02;7.53;1041;23;3077.00;59
7903;22;624050442;7903;395;8939;8999;5.57;0.34;282.98;7.53;1036;23;3078.00;60
7904;22;624050458;7904;387;8940;8999;5.56;0.34;282.98;7.53;1036;23;3079.00;59
7910;22;624050470;7910;389;8940;8999;5.48;0.34;283.04;7.53;1030;23;3080.00;59
7912;22;624050482;7912;391;8940;8999;5.43;0.33;283.03;7.53;1028;23;3081.00;59
7916;22;624050494;7916;385;8945;9005;5.42;0.33;283.04;7.52;1029;23;3082.00;60
7922;22;624050507;7922;387;8945;9005;5.35;0.33;283.09;7.52;1023;23;3083.00;60
7926;22;624050520;7926;394;8945;9005;5.30;0.33;283.14;7.52;1019;23;3084.00;60
7929;22;624050532;7929;395;8945;9005;5.24;0.32;283.19;7.52;1016;23;3085.00;60
7933;22;624050548;7933;407;8948;9009;5.18;0.32;283.20;7.52;1015;23;3086.00;61
7935;22;624050567;7935;403;8949;9010;5.12;0.31;283.21;7.52;1014;23;3087.00;61
7938;22;624050580;7938;404;8949;9010;5.04;0.31;283.26;7.52;1011;23;3088.00;61
7942;22;624050591;7942;408;8950;9011;4.96;0.31;283.30;7.52;1008;23;3089.00;61
7944;22;624050607;7944;414;8950;9011;4.93;0.30;283.27;7.52;1006;23;3090.00;61
7950;22;624050619;7950;416;8950;9011;4.89;0.30;283.25;7.52;1000;23;3091.00;61
7955;22;624050631;7955;420;8950;9011;4.85;0.30;283.18;7.52;995;23;3092.00;61
7958;22;624050643;7958;422;8950;9011;4.80;0.30;283.22;7.52;992;23;3093.00;61
7963;22;624050655;7963;421;8950;9011;4.74;0.29;283.16;7.52;987;23;3094.00;61
7966;22;624050666;7966;431;8950;9011;4.69;0.29;283.16;7.52;984;23;3095.00;61
7968;22;624050676;7968;442;8990;9081;4.96;0.31;283.14;7.49;1022;23;3096.00;91
7974;22;624050693;7974;450;8991;9082;4.93;0.30;283.18;7.49;1017;23;3097.00;91
7979;22;624050704;7979;446;8998;9082;5.00;0.31;283.10;7.48;1019;23;3098.00;84
7985;22;624050715;7985;452;9001;9082;5.01;0.31;283.11;7.48;1016;23;3099.00;81
7991;22;624050727;7991;448;9003;9082;4.99;0.31;283.05;7.48;1012;23;3100.00;79
7994;22;624050742;7994;450;9005;9082;4.99;0.31;283.04;7.48;1011;23;3101.00;77
7997;22;624050754;7997;454;9007;9082;4.97;0.30;283.08;7.48;1010;23;3102.00;75
8002;22;624050765;8002;456;9009;9082;4.97;0.30;283.02;7.48;1007;23;3103.00;73
8004;22;624050777;8004;459;9012;9083;4.96;0.30;283.04;7.48;1008;23;3104.00;71
8005;22;624050788;8005;461;9015;9085;4.91;0.30;283.02;7.48;1010;23;3105.00;70
8007;22;624050800;8007;469;9017;9085;4.82;0.29;283.02;7.48;1010;23;3106.00;68
8009;22;624050811;8009;451;9022;9089;4.86;0.30;283.04;7.48;1013;23;3107.00;67
8010;22;624050824;8010;439;9022;9089;4.86;0.30;283.03;7.48;1012;23;3108.00;67
8011;22;624050837;8011;435;9022;9089;4.88;0.30;283.02;7.48;1011;23;3109.00;67
8013;22;624050849;8013;423;9022;9089;4.94;0.30;283.03;7.48;1009;23;3110.00;67
8014;22;624050862;8014;422;9027;9095;5.03;0.31;283.03;7.47;1013;23;3111.00;68
8018;22;624050875;8018;424;9027;9095;5.07;0.31;282.99;7.47;1009;23;3112.00;68
8019;22;624050887;8019;422;9027;9095;5.17;0.32;282.99;7.47;1008;23;3113.00;68
8022;22;624050905;8022;427;9029;9098;5.31;0.32;283.03;7.47;1007;23;3114.00;69
8022;22;624050918;8022;424;9029;9098;5.43;0.33;283.03;7.47;1007;23;3115.00;69
8025;22;624050937;8025;405;9030;9098;5.50;0.33;282.97;7.47;1005;23;3116.00;68
8025;22;624050956;8025;397;9030;9099;5.62;0.34;282.97;7.47;1005;23;3117.00;69
8025;22;624050976;8025;390;9031;9100;5.78;0.35;282.97;7.47;1006;23;3118.00;69
8027;22;624050988;8027;381;9031;9100;5.96;0.36;282.94;7.47;1004;23;3119.00;69
8029;22;624051002;8029;371;9051;9126;6.17;0.38;282.88;7.45;1022;23;3120.00;75
8030;23;624051018;8030;365;9052;9126;6.27;0.38;282.85;7.45;1022;24;3121.00;74
8031;23;624051038;8031;351;9053;9126;6.44;0.39;282.82;7.45;1022;24;3122.00;73
8031;23;624051051;8031;344;9054;9127;6.61;0.40;282.82;7.45;1023;24;3123.00;73
8032;23;624051065;8032;334;9054;9127;6.77;0.41;282.82;7.45;1022;24;3124.00;73
8033;23;624051078;8033;322;9058;9131;6.93;0.42;282.80;7.45;1025;24;3125.00;73
8034;23;624051093;8034;319;9058;9131;7.00;0.43;282.80;7.45;1024;24;3126.00;73
8036;23;624051107;8036;310;9061;9135;7.07;0.43;282.86;7.45;1025;24;3127.00;74
8039;23;624051125;8039;312;9061;9135;7.09;0.43;282.79;7.45;1022;24;3128.00;74
8040;23;624051139;8040;305;9061;9135;7.15;0.43;282.77;7.45;1021;24;3129.00;74
8041;23;624051153;8041;296;9061;9135;7.24;0.44;282.82;7.45;1020;24;3130.00;74
8043;23;624051166;8043;300;9061;9135;7.27;0.44;282.79;7.45;1018;24;3131.00;74
8047;23;624051178;8047;294;9071;9147;7.31;0.44;282.86;7.44;1024;24;3132.00;76
8049;23;624051192;8049;296;9071;9147;7.35;0.45;282.94;7.44;1022;24;3133.00;76
8051;23;624051205;8051;285;9072;9147;7.43;0.45;282.92;7.44;1021;24;3134.00;75
8055;23;624051218;8055;275;9072;9147;7.49;0.46;282.90;7.44;1017;24;3135.00;75
8059;23;624051231;8059;273;9072;9147;7.54;0.46;282.94;7.44;1013;24;3136.00;75
8062;23;624051244;8062;269;9072;9147;7.62;0.46;283.07;7.44;1010;24;3137.00;75
8063;23;624051258;8063;263;9072;9148;7.67;0.47;283.06;7.44;1009;24;3138.00;76
8064;23;624051277;8064;262;9072;9148;7.75;0.47;283.05;7.44;1008;24;3139.00;76
8066;23;624051289;8066;260;9077;9154;7.80;0.47;283.13;7.43;1011;24;3140.00;77
8068;23;624051302;8068;255;9078;9155;7.89;0.48;283.19;7.43;1010;24;3141.00;77
8068;23;624051316;8068;251;9078;9155;7.91;0.48;283.19;7.43;1010;24;3142.00;77
8069;23;624051328;8069;248;9078;9155;7.94;0.48;283.26;7.43;1009;24;3143.00;77
8075;23;624051340;8075;246;9082;9159;7.97;0.48;283.36;7.51;1007;24;3144.00;77
8077;23;624051354;8077;249;9082;9159;7.97;0.48;283.42;7.51;1005;24;3145.00;77
8079;23;624051367;8079;249;9082;9159;8.03;0.49;283.50;7.51;1003;24;3146.00;77
8080;23;624051379;8080;242;9083;9160;8.06;0.49;283.50;7.51;1003;24;3147.00;77
8086;23;624051391;8086;248;9086;9164;8.06;0.49;283.58;7.51;1000;24;3148.00;78
8087;23;624051405;8087;248;9086;9164;8.11;0.49;283.64;7.51;999;24;3149.00;78
8089;23;624051418;8089;251;9090;9170;8.20;0.50;283.62;7.51;1001;24;3150.00;80
8093;23;624051432;8093;247;9090;9170;8.18;0.50;283.70;7.51;997;24;3151.00;80
8096;23;624051445;8096;254;9092;9170;8.23;0.50;283.75;7.51;996;24;3152.00;78
8097;23;624051458;8097;256;9092;9170;8.26;0.50;283.80;7.51;995;24;3153.00;78
8100;23;624051471;8100;261;9096;9174;8.31;0.50;283.78;7.50;996;24;3154.00;78
8105;23;624051483;8105;262;9096;9174;8.33;0.51;283.87;7.50;991;24;3155.00;78
8108;23;624051496;8108;257;9096;9174;8.38;0.51;283.89;7.50;988;24;3156.00;78
8110;23;624051509;8110;253;9096;9174;8.41;0.51;283.90;7.50;986;24;3157.00;78
8115;23;624051521;8115;253;9096;9175;8.39;0.51;283.87;7.50;981;24;3158.00;79
8120;24;624051534;8120;248;9097;9176;8.34;0.51;284.01;7.50;977;25;3159.00;79
8126;24;624051564;8126;241;9097;9176;8.32;0.50;284.04;7.50;971;25;3160.00;79
8131;24;624051576;8131;235;9098;9177;8.30;0.50;284.02;7.50;967;25;3161.00;79
8134;24;624051589;8134;227;9098;9177;8.27;0.50;284.07;7.50;964;25;3162.00;79
8140;24;624051607;8140;227;9098;9177;8.27;0.50;284.19;7.50;958;25;3163.00;79
8142;24;624051624;8142;228;9099;9177;8.29;0.50;284.26;7.52;957;25;3164.00;78
8144;24;624051637;8144;227;9100;9177;8.29;0.50;284.33;7.53;956;25;3165.00;77
8148;24;624051649;8148;229;9100;9177;8.32;0.50;284.42;7.53;952;25;3166.00;77
8149;24;624051661;8149;222;9100;9177;8.38;0.51;284.43;7.53;951;25;3167.00;77
8157;24;624051672;8157;245;9166;9304;8.40;0.51;284.44;7.47;1009;25;3168.00;138
8161;24;624051694;8161;230;9168;9305;8.38;0.51;284.43;7.47;1007;25;3169.00;137
8163;24;624051707;8163;229;9174;9305;8.43;0.52;284.39;7.47;1011;25;3170.00;131
8165;24;624051719;8165;226;9177;9305;8.42;0.51;284.45;7.47;1012;25;3171.00;128
8169;24;624051732;8169;222;9182;9305;8.42;0.51;284.44;7.47;1013;25;3172.00;123
8171;24;624051744;8171;226;9184;9305;8.41;0.51;284.44;7.47;1013;25;3173.00;121
8175;24;624051756;8175;221;9187;9305;8.40;0.51;284.46;7.47;1012;25;3174.00;118
8175;24;624051768;8175;224;9190;9305;8.48;0.52;284.46;7.46;1015;25;3175.00;115
8177;24;624051780;8177;230;9193;9306;8.51;0.52;284.46;7.47;1016;25;3176.00;113
8181;24;624051798;8181;237;9197;9307;8.48;0.52;284.46;7.47;1016;25;3177.00;110
8184;24;624051811;8184;235;9201;9307;8.49;0.52;284.44;7.47;1017;25;3178.00;106
8189;24;624051824;8189;237;9202;9308;8.45;0.52;284.43;7.47;1013;25;3179.00;106
8190;24;624051838;8190;236;9206;9308;8.43;0.52;284.44;7.47;1016;25;3180.00;102
8195;24;624051850;8195;236;9210;9308;8.39;0.51;284.45;7.47;1015;25;3181.00;98
8196;24;624051863;8196;235;9211;9308;8.35;0.51;284.48;7.47;1015;25;3182.00;97
8200;24;624051876;8200;230;9216;9312;8.31;0.51;284.53;7.47;1016;25;3183.00;96
8201;24;624051889;8201;232;9217;9312;8.30;0.51;284.57;7.47;1016;25;3184.00;95
8204;24;624051901;8204;237;9219;9312;8.25;0.50;284.57;7.47;1015;25;3185.00;93
8205;24;624051914;8205;240;9222;9315;8.21;0.50;284.59;7.49;1017;25;3186.00;93
8209;24;624051927;8209;240;9224;9315;8.18;0.50;284.60;7.49;1015;25;3187.00;91
8209;24;624051939;8209;248;9227;9315;8.10;0.49;284.60;7.51;1018;25;3188.00;88
8210;24;624051952;8210;255;9233;9319;7.97;0.49;284.62;7.54;1023;25;3189.00;86
8214;24;624051964;8214;253;9234;9320;7.91;0.48;284.71;7.53;1020;25;3190.00;86
8217;24;624051978;8217;259;9236;9322;7.86;0.48;284.73;7.53;1019;25;3191.00;86
8221;24;624051990;8221;259;9242;9326;7.83;0.48;284.72;7.55;1021;25;3192.00;84
8226;24;624052004;8226;261;9243;9326;7.75;0.47;284.81;7.55;1017;25;3193.00;83
8228;24;624052017;8228;265;9243;9326;7.70;0.47;284.83;7.55;1015;25;3194.00;83
8230;24;624052030;8230;271;9245;9328;7.70;0.47;284.93;7.55;1015;25;3195.00;83
8232;24;624052042;8232;275;9247;9328;7.65;0.47;284.97;7.57;1015;25;3196.00;81
8234;24;624052055;8234;281;9252;9334;7.67;0.47;285.04;7.57;1018;25;3197.00;82
8238;24;624052068;8238;285;9254;9334;7.62;0.47;285.09;7.58;1016;25;3198.00;80
8241;24;624052081;8241;287;9254;9335;7.54;0.46;285.19;7.58;1013;25;3199.00;81
8243;24;624052094;8243;293;9256;9335;7.41;0.45;285.26;7.60;1013;25;3200.00;79
8244;24;624052119;8244;299;9257;9335;7.35;0.45;285.23;7.61;1013;25;3201.00;78
8250;24;624052140;8250;299;9258;9335;7.30;0.44;285.33;7.61;1008;25;3202.00;77
8251;24;624052162;8251;310;9259;9335;7.21;0.44;285.31;7.62;1008;25;3203.00;76
8253;24;624052178;8253;318;9269;9347;7.21;0.44;285.40;7.61;1016;25;3204.00;78
8257;24;624052198;8257;321;9269;9347;7.10;0.43;285.43;7.61;1012;25;3205.00;78
8259;24;624052213;8259;323;9271;9347;7.05;0.43;285.50;7.62;1012;25;3206.00;76
8262;24;624052228;8262;332;9271;9347;7.01;0.43;285.58;7.62;1009;25;3207.00;76
8263;24;624052241;8263;340;9274;9347;6.95;0.42;285.56;7.65;1011;25;3208.00;73
8265;24;624052255;8265;343;9274;9347;6.89;0.42;285.58;7.65;1009;25;3209.00;73
8270;24;624052276;8270;345;9277;9351;6.80;0.41;285.57;7.66;1007;25;3210.00;74
8271;24;624052290;8271;350;9280;9351;6.82;0.42;285.56;7.67;1009;25;3211.00;71
8274;24;624052304;8274;355;9284;9355;6.85;0.42;285.63;7.67;1010;25;3212.00;71
8281;24;624052317;8281;349;9287;9356;6.75;0.41;285.81;7.69;1006;25;3213.00;69
8283;24;624052330;8283;349;9287;9356;6.72;0.41;285.90;7.69;1004;25;3214.00;69
8286;24;624052343;8286;355;9288;9356;6.65;0.41;285.89;7.69;1002;25;3215.00;68
8289;24;624052355;8289;363;9300;9369;6.61;0.40;285.93;7.69;1011;25;3216.00;69
8294;24;624052369;8294;358;9300;9369;6.62;0.40;285.96;7.69;1006;25;3217.00;69
8297;24;624052381;8297;360;9302;9369;6.61;0.40;286.09;7.70;1005;25;3218.00;67
8299;24;624052393;8299;368;9303;9370;6.57;0.40;286.20;7.70;1004;25;3219.00;67
8301;24;624052405;8301;375;9305;9371;6.50;0.40;286.27;7.71;1004;25;3220.00;66
8304;24;624052416;8304;378;9305;9371;6.38;0.39;286.30;7.71;1001;25;3221.00;66
8307;24;624052427;8307;386;9308;9374;6.23;0.38;286.36;7.71;1001;25;3222.00;66
8313;24;624052439;8313;388;9310;9374;6.06;0.37;286.44;7.72;997;25;3223.00;64
8316;24;624052450;8316;388;9310;9374;5.99;0.37;286.42;7.72;994;25;3224.00;64
8323;24;624052460;8323;389;9312;9374;5.93;0.36;286.49;7.73;989;25;3225.00;62
8327;24;624052473;8327;392;9317;9380;5.89;0.36;286.50;7.72;990;25;3226.00;63
8332;24;624052484;8332;397;9318;9380;5.79;0.35;286.57;7.73;986;25;3227.00;62
8338;24;624052495;8338;389;9319;9380;5.64;0.34;286.60;7.73;981;25;3228.00;61
8340;24;624052506;8340;391;9319;9380;5.58;0.34;286.56;7.73;979;25;3229.00;61
8343;24;624052517;8343;388;9324;9384;5.52;0.34;286.59;7.73;981;25;3230.00;60
8347;24;624052528;8347;381;9326;9385;5.46;0.33;286.60;7.73;979;25;3231.00;59
8348;24;624052539;8348;387;9327;9385;5.45;0.33;286.58;7.73;979;25;3232.00;58
8354;24;624052549;8354;379;9328;9386;5.39;0.33;286.51;7.73;974;25;3233.00;58
8357;24;624052560;8357;384;9328;9386;5.37;0.33;286.56;7.73;971;25;3234.00;58
8360;24;624052571;8360;396;9330;9386;5.38;0.33;286.54;7.73;970;25;3235.00;56
8364;24;624052581;8364;392;9330;9386;5.33;0.33;286.56;7.73;966;25;3236.00;56
8366;24;624052592;8366;391;9330;9386;5.36;0.33;286.52;7.73;964;25;3237.00;56
8370;24;624052602;8370;383;9332;9386;5.35;0.33;286.48;7.74;962;25;3238.00;54
8374;24;624052613;8374;386;9332;9386;5.35;0.33;286.46;7.74;958;25;3239.00;54
8376;24;624052625;8376;376;9383;9511;5.74;0.36;286.47;7.69;1007;25;3240.00;128
8380;24;624052646;8380;376;9388;9512;5.78;0.36;286.43;7.69;1008;25;3241.00;124
8384;24;624052658;8384;377;9400;9512;5.87;0.36;286.40;7.68;1016;25;3242.00;112
8387;24;624052670;8387;369;9402;9512;5.84;0.36;286.44;7.68;1015;25;3243.00;110
8389;24;624052681;8389;370;9408;9512;5.88;0.36;286.43;7.68;1019;25;3244.00;104
8393;24;624052693;8393;377;9412;9512;5.87;0.36;286.38;7.68;1019;25;3245.00;100
8396;24;624052704;8396;389;9419;9512;5.82;0.36;286.38;7.68;1023;25;3246.00;93
8398;24;624052715;8398;392;9423;9512;5.79;0.36;286.37;7.68;1025;25;3247.00;89
8401;24;624052726;8401;380;9430;9513;5.70;0.35;286.35;7.68;1029;25;3248.00;83
8406;24;624052739;8406;380;9434;9514;5.61;0.35;286.29;7.77;1028;25;3249.00;80
8410;24;624052752;8410;388;9439;9514;5.48;0.34;286.29;7.77;1029;25;3250.00;75
8412;24;624052764;8412;398;9443;9518;5.44;0.34;286.27;7.76;1031;25;3251.00;75
8416;24;624052775;8416;401;9443;9518;5.32;0.33;286.23;7.76;1027;25;3252.00;75
8418;24;624052787;8418;395;9443;9518;5.23;0.32;286.26;7.76;1025;25;3253.00;75
8420;24;624052798;8420;399;9443;9518;5.17;0.32;286.25;7.76;1023;25;3254.00;75
8424;24;624052817;8424;393;9448;9524;5.06;0.31;286.28;7.76;1024;25;3255.00;76
8427;24;624052829;8427;401;9448;9524;4.96;0.31;286.28;7.76;1021;25;3256.00;76
8430;24;624052840;8430;399;9448;9524;4.91;0.30;286.26;7.76;1018;25;3257.00;76
8434;24;624052852;8434;408;9450;9527;4.86;0.30;286.26;7.76;1016;25;3258.00;77
8436;24;624052864;8436;395;9450;9527;4.88;0.30;286.29;7.76;1014;25;3259.00;77
8437;24;624052875;8437;399;9450;9527;4.90;0.30;286.27;7.76;1013;25;3260.00;77
8441;24;624052887;8441;393;9450;9528;4.93;0.30;286.29;7.76;1009;25;3261.00;78
8443;24;624052899;8443;392;9451;9529;5.00;0.31;286.32;7.76;1008;25;3262.00;78
8444;24;624052911;8444;385;9451;9529;5.03;0.31;286.29;7.76;1007;25;3263.00;78
8448;24;624052923;8448;391;9462;9542;5.16;0.32;286.24;7.75;1014;25;3264.00;80
8449;24;624052936;8449;384;9462;9542;5.22;0.32;286.25;7.75;1013;25;3265.00;80
8456;24;624052948;8456;389;9462;9542;5.24;0.32;286.17;7.75;1006;25;3266.00;80
8459;24;624052960;8459;395;9463;9543;5.26;0.32;286.15;7.75;1004;25;3267.00;80
8465;24;624052973;8465;392;9463;9543;5.26;0.32;286.15;7.75;998;25;3268.00;80
8468;24;624052985;8468;396;9467;9547;5.33;0.32;286.09;7.75;999;25;3269.00;80
8469;24;624052999;8469;390;9468;9547;5.35;0.33;286.10;7.75;999;25;3270.00;79
8470;24;624053010;8470;390;9472;9551;5.40;0.33;286.08;7.84;1002;25;3271.00;79
8471;24;624053022;8471;389;9472;9551;5.41;0.33;286.09;7.84;1001;25;3272.00;79
8472;24;624053034;8472;389;9472;9551;5.39;0.33;286.06;7.84;1000;25;3273.00;79
8474;24;624053046;8474;391;9472;9551;5.38;0.33;286.00;7.84;998;25;3274.00;79
8475;24;624053058;8475;383;9472;9551;5.41;0.33;285.98;7.84;997;25;3275.00;79
8477;24;624053070;8477;385;9483;9563;5.52;0.34;285.97;7.83;1006;25;3276.00;80
8477;24;624053083;8477;371;9483;9563;5.55;0.34;285.97;7.83;1006;25;3277.00;80
8479;24;624053095;8479;359;9483;9563;5.66;0.35;285.93;7.83;1004;25;3278.00;80
8481;24;624053110;8481;349;9484;9563;5.75;0.35;285.91;7.91;1003;25;3279.00;79
8483;24;624053123;8483;339;9484;9563;5.83;0.35;285.91;7.91;1001;25;3280.00;79
8485;24;624053135;8485;335;9484;9563;5.90;0.36;285.90;7.91;999;25;3281.00;79
8489;24;624053149;8489;341;9484;9564;5.95;0.36;285.94;7.91;995;25;3282.00;80
8491;24;624053161;8491;335;9484;9564;6.06;0.37;285.98;7.91;993;25;3283.00;80
8493;24;624053173;8493;332;9489;9570;6.20;0.38;285.98;7.91;996;25;3284.00;81
8493;24;624053185;8493;332;9491;9572;6.27;0.38;285.98;7.91;998;25;3285.00;81
8497;24;624053203;8497;312;9491;9572;6.30;0.38;285.94;7.91;994;25;3286.00;81
8498;24;624053215;8498;299;9491;9572;6.42;0.39;285.95;7.91;993;25;3287.00;81
8500;24;624053227;8500;289;9494;9576;6.55;0.40;285.99;7.91;994;25;3288.00;82
8503;24;624053240;8503;287;9494;9576;6.67;0.41;285.96;7.91;991;25;3289.00;82
8504;24;624053253;8504;283;9494;9576;6.85;0.42;286.01;7.91;990;25;3290.00;82
8505;24;624053267;8505;277;9495;9577;6.99;0.43;286.01;7.90;990;25;3291.00;82
8508;24;624053280;8508;280;9498;9581;7.17;0.44;286.03;7.90;990;25;3292.00;83
8510;24;624053293;8510;276;9499;9581;7.30;0.44;286.04;7.99;989;25;3293.00;82
8511;24;624053307;8511;268;9501;9584;7.49;0.46;286.11;7.99;990;25;3294.00;83
8513;24;624053324;8513;269;9501;9584;7.62;0.46;286.15;7.99;988;25;3295.00;83
8517;24;624053339;8517;266;9502;9584;7.68;0.47;286.27;7.99;985;25;3296.00;82
8519;24;624053352;8519;261;9502;9584;7.72;0.47;286.38;7.99;983;25;3297.00;82
8520;24;624053365;8520;259;9506;9588;7.79;0.47;286.37;7.99;986;25;3298.00;82
8527;24;624053378;8527;257;9506;9588;7.79;0.47;286.49;7.99;979;25;3299.00;82
8530;24;624053404;8530;268;9511;9607;7.77;0.47;286.58;7.98;981;25;3300.00;96
8533;24;624053424;8533;262;9511;9607;7.78;0.47;286.62;7.98;978;25;3301.00;96
8535;24;624053436;8535;265;9511;9608;7.79;0.47;286.61;7.98;976;25;3302.00;97
8537;24;624053449;8537;259;9513;9609;7.82;0.47;286.73;8.06;976;25;3303.00;96
8538;24;624053462;8538;261;9513;9609;7.83;0.47;286.77;8.06;975;25;3304.00;96
8540;24;624053475;8540;264;9514;9610;7.87;0.48;286.82;8.06;974;25;3305.00;96
8543;24;624053488;8543;259;9516;9610;7.87;0.48;286.89;8.06;973;25;3306.00;94
8544;24;624053500;8544;259;9516;9610;7.97;0.48;286.93;8.06;972;25;3307.00;94
8548;24;624053512;8548;254;9516;9610;7.97;0.48;287.01;8.06;968;25;3308.00;94
8548;24;624053525;8548;251;9516;9610;8.04;0.49;287.01;8.06;968;25;3309.00;94
8551;24;624053537;8551;250;9516;9610;8.05;0.49;287.05;8.06;965;25;3310.00;94
8552;24;624053549;8552;248;9516;9610;8.10;0.49;287.04;8.06;964;25;3311.00;94
8556;24;624053564;8556;275;9586;9737;8.09;0.50;287.07;8.00;1030;25;3312.00;151
8562;24;624053585;8562;263;9586;9738;8.09;0.50;287.14;8.00;1024;25;3313.00;152
8565;24;624053598;8565;253;9590;9738;8.16;0.50;287.18;8.00;1025;25;3314.00;148
8567;24;624053611;8567;253;9590;9738;8.19;0.50;287.28;8.00;1023;25;3315.00;148
8569;24;624053624;8569;259;9595;9738;8.27;0.51;287.38;8.00;1026;25;3316.00;143
8571;24;624053636;8571;257;9596;9738;8.27;0.51;287.47;8.00;1025;25;3317.00;142
8573;24;624053648;8573;261;9600;9738;8.31;0.51;287.51;8.00;1027;25;3318.00;138
8574;24;624053661;8574;262;9603;9738;8.43;0.52;287.57;8.00;1029;25;3319.00;135
8577;24;624053673;8577;259;9606;9739;8.45;0.51;287.60;8.00;1029;25;3320.00;133
8579;24;624053686;8579;263;9609;9740;8.44;0.51;287.66;8.00;1030;25;3321.00;131
8582;24;624053699;8582;271;9612;9740;8.34;0.51;287.78;8.00;1030;25;3322.00;128
8584;24;624053712;8584;269;9616;9741;8.29;0.51;287.85;8.09;1032;25;3323.00;125
8588;24;624053724;8588;268;9618;9741;8.30;0.51;287.87;8.09;1030;25;3324.00;123
8590;24;624053738;8590;281;9621;9741;8.31;0.51;287.96;8.09;1031;25;3325.00;120
8592;24;624053750;8592;286;9621;9741;8.29;0.51;288.03;8.09;1029;25;3326.00;120
8595;24;624053763;8595;288;9624;9745;8.30;0.51;288.10;8.09;1029;25;3327.00;121
8597;24;624053776;8597;291;9625;9745;8.25;0.50;288.07;8.09;1028;25;3328.00;120
8599;24;624053789;8599;293;9627;9745;8.23;0.50;288.11;8.09;1028;25;3329.00;118
8602;24;624053803;8602;290;9630;9751;8.19;0.50;288.10;8.09;1028;25;3330.00;121
8603;24;624053816;8603;292;9631;9751;8.18;0.50;288.09;8.09;1028;25;3331.00;120
8608;24;624053828;8608;291;9634;9751;8.17;0.50;288.08;8.10;1026;25;3332.00;117
8611;24;624053841;8611;280;9637;9755;8.07;0.49;288.02;8.10;1026;25;3333.00;118
8614;24;624053854;8614;277;9641;9756;8.08;0.49;288.07;8.10;1027;25;3334.00;115
8618;24;624053867;8618;275;9648;9756;8.01;0.49;288.06;8.12;1030;25;3335.00;108
8624;24;624053881;8624;274;9651;9760;8.01;0.49;288.01;8.12;1027;25;3336.00;109
8628;24;624053902;8628;275;9651;9760;8.05;0.49;287.98;8.12;1023;25;3337.00;109
8630;24;624053914;8630;274;9653;9760;8.11;0.49;287.94;8.12;1023;25;3338.00;107
8633;24;624053927;8633;276;9654;9761;8.23;0.50;287.90;8.13;1021;25;3339.00;107
8635;24;624053940;8635;280;9658;9761;8.29;0.50;287.89;8.13;1023;25;3340.00;103
8640;24;624053952;8640;277;9662;9767;8.32;0.51;287.96;8.13;1022;25;3341.00;105
8641;24;624053965;8641;272;9664;9767;8.31;0.50;287.96;8.13;1023;25;3342.00;103
8643;24;624053979;8643;270;9665;9768;8.30;0.50;288.00;8.13;1022;25;3343.00;103
8648;24;624053991;8648;265;9665;9768;8.29;0.50;288.06;8.13;1017;25;3344.00;103
8651;24;624054004;8651;267;9665;9768;8.24;0.50;288.13;8.13;1014;25;3345.00;103
8655;24;624054017;8655;266;9667;9768;8.22;0.50;288.17;8.14;1012;25;3346.00;101
8656;24;624054030;8656;266;9667;9768;8.19;0.50;288.20;8.14;1011;25;3347.00;101
8659;24;624054042;8659;271;9677;9780;8.20;0.50;288.26;8.13;1018;25;3348.00;103
8664;24;624054056;8664;270;9678;9780;8.14;0.49;288.24;8.13;1014;25;3349.00;102
8668;24;624054068;8668;271;9680;9780;8.05;0.49;288.26;8.13;1012;25;3350.00;100
8672;24;624054080;8672;272;9680;9780;8.00;0.49;288.43;8.13;1008;25;3351.00;100
8675;24;624054092;8675;273;9680;9780;7.97;0.49;288.55;8.13;1005;25;3352.00;100
8680;24;624054108;8680;276;9680;9780;7.90;0.48;288.55;8.13;1000;25;3353.00;100
8685;24;624054129;8685;282;9685;9784;7.78;0.47;288.53;8.14;1000;25;3354.00;99
8685;24;624054151;8685;278;9685;9784;7.73;0.47;288.53;8.14;1000;25;3355.00;99
8687;24;624054168;8687;278;9689;9788;7.72;0.47;288.50;8.13;1002;25;3356.00;99
8689;24;624054187;8689;282;9691;9789;7.64;0.46;288.48;8.13;1002;25;3357.00;98
8690;24;624054204;8690;289;9691;9789;7.55;0.46;288.51;8.13;1001;25;3358.00;98
8692;24;624054219;8692;291;9691;9789;7.48;0.46;288.50;8.13;999;25;3359.00;98
8696;24;624054233;8696;309;9714;9818;7.38;0.45;288.54;8.14;1018;25;3360.00;104
8697;24;624054250;8697;303;9715;9818;7.31;0.45;288.57;8.14;1018;25;3361.00;103
8700;24;624054264;8700;310;9718;9818;7.32;0.45;288.55;8.15;1018;25;3362.00;100
8703;24;624054278;8703;316;9721;9819;7.30;0.45;288.56;8.16;1018;25;3363.00;98
8704;24;624054292;8704;331;9721;9820;7.24;0.44;288.59;8.16;1017;25;3364.00;99
8708;24;624054306;8708;338;9723;9820;7.13;0.44;288.63;8.18;1015;25;3365.00;97
8709;24;624054319;8709;348;9725;9823;7.06;0.43;288.63;8.18;1016;25;3366.00;98
8710;24;624054332;8710;351;9727;9823;6.96;0.43;288.69;8.20;1017;25;3367.00;96
8713;24;624054345;8713;361;9730;9823;6.89;0.42;288.72;8.22;1017;25;3368.00;93
8713;24;624054358;8713;356;9730;9823;6.87;0.42;288.72;8.22;1017;25;3369.00;93
8718;24;624054369;8718;366;9737;9829;6.82;0.42;288.69;8.24;1019;25;3370.00;92
8719;24;624054381;8719;374;9737;9829;6.75;0.41;288.67;8.24;1018;25;3371.00;92
8722;24;624054395;8722;374;9738;9829;6.65;0.41;288.72;8.25;1016;25;3372.00;91
8724;24;624054407;8724;379;9738;9829;6.54;0.40;288.71;8.25;1014;25;3373.00;91
8725;24;624054419;8725;374;9744;9833;6.40;0.39;288.78;8.27;1019;25;3374.00;89
8727;24;624054431;8727;385;9747;9835;6.25;0.38;288.75;8.28;1020;25;3375.00;88
8728;24;624054443;8728;390;9747;9835;6.18;0.38;288.76;8.28;1019;25;3376.00;88
8731;24;624054454;8731;400;9750;9836;6.05;0.37;288.72;8.29;1019;25;3377.00;86
8732;24;624054468;8732;407;9750;9836;6.02;0.37;288.76;8.29;1018;25;3378.00;86
8736;24;624054479;8736;401;9751;9836;5.95;0.36;288.67;8.30;1015;25;3379.00;85
8739;24;624054491;8739;404;9751;9836;5.87;0.36;288.65;8.30;1012;25;3380.00;85
8741;24;624054502;8741;403;9752;9836;5.81;0.36;288.59;8.30;1011;25;3381.00;84
8742;24;624054513;8742;405;9755;9836;5.78;0.35;288.59;8.32;1013;25;3382.00;81
8743;24;624054525;8743;405;9756;9836;5.75;0.35;288.56;8.33;1013;25;3383.00;80
8744;24;624054536;8744;408;9792;9906;5.91;0.36;288.54;8.30;1048;25;3384.00;114
8747;24;624054553;8747;411;9795;9907;5.85;0.36;288.49;8.30;1048;25;3385.00;112
8748;24;624054566;8748;415;9805;9907;5.79;0.36;288.48;8.30;1057;25;3386.00;102
8748;24;624054578;8748;421;9809;9907;5.75;0.35;288.48;8.30;1061;25;3387.00;98
8748;24;624054589;8748;417;9814;9907;5.74;0.35;288.48;8.31;1066;25;3388.00;93
8748;24;624054601;8748;421;9817;9907;5.77;0.35;288.48;8.30;1069;25;3389.00;90
8751;24;624054615;8751;427;9821;9907;5.74;0.35;288.45;8.31;1070;25;3390.00;86
8757;24;624054628;8757;430;9824;9907;5.66;0.35;288.35;8.31;1067;25;3391.00;83
8763;24;624054643;8763;434;9827;9908;5.57;0.34;288.22;8.32;1064;25;3392.00;81
8765;24;624054656;8765;437;9828;9909;5.52;0.34;288.17;8.32;1063;25;3393.00;81
8768;24;624054677;8768;441;9830;9909;5.47;0.33;288.16;8.32;1062;25;3394.00;79
8773;24;624054691;8773;447;9834;9913;5.40;0.33;288.11;8.32;1061;25;3395.00;79
8775;24;624054706;8775;439;9834;9913;5.32;0.33;288.14;8.32;1059;25;3396.00;79
8778;24;624054718;8778;440;9835;9913;5.21;0.32;288.15;8.33;1057;25;3397.00;78
8783;24;624054731;8783;450;9835;9913;5.09;0.31;288.10;8.33;1052;25;3398.00;78
8784;24;624054743;8784;461;9842;9919;5.00;0.31;288.08;8.33;1058;25;3399.00;77
8785;24;624054758;8785;451;9842;9919;4.90;0.30;288.09;8.33;1057;25;3400.00;77
8787;24;624054775;8787;448;9842;9919;4.84;0.30;288.06;8.33;1055;25;3401.00;77
8789;24;624054787;8789;449;9843;9922;4.78;0.29;288.08;8.33;1054;25;3402.00;79
8792;24;624054798;8792;447;9845;9922;4.72;0.29;288.05;8.33;1053;25;3403.00;77
8793;24;624054809;8793;440;9846;9922;4.66;0.28;288.05;8.34;1053;25;3404.00;76
8796;24;624054820;8796;446;9847;9923;4.63;0.28;288.10;8.34;1051;25;3405.00;76
8799;24;624054831;8799;451;9848;9924;4.59;0.28;288.05;8.34;1049;25;3406.00;76
8800;24;624054842;8800;453;9848;9924;4.57;0.28;288.08;8.34;1048;25;3407.00;76
8804;24;624054853;8804;450;9858;9937;4.61;0.28;288.07;8.33;1054;25;3408.00;79
8806;24;624054865;8806;453;9858;9937;4.59;0.28;288.06;8.33;1052;25;3409.00;79
8809;24;624054876;8809;453;9860;9937;4.61;0.28;288.05;8.33;1051;25;3410.00;77
8811;24;624054886;8811;437;9860;9938;4.66;0.28;288.08;8.33;1049;25;3411.00;78
8818;24;624054898;8818;424;9860;9938;4.66;0.28;288.05;8.33;1042;25;3412.00;78
8819;24;624054911;8819;417;9863;9942;4.79;0.29;288.07;8.33;1044;25;3413.00;79
8821;24;624054924;8821;417;9865;9942;4.90;0.30;288.07;8.33;1044;25;3414.00;77
8825;24;624054937;8825;412;9868;9946;5.01;0.30;288.04;8.33;1043;25;3415.00;78
8829;24;624054950;8829;406;9868;9946;5.10;0.31;288.05;8.33;1039;25;3416.00;78
8831;24;624054962;8831;401;9869;9946;5.15;0.31;288.06;8.33;1038;25;3417.00;77
8834;24;624054983;8834;401;9869;9946;5.18;0.31;288.03;8.33;1035;25;3418.00;77
8841;24;624054996;8841;396;9869;9946;5.19;0.31;287.95;8.33;1028;25;3419.00;77
8843;24;624055012;8843;396;9896;9980;5.46;0.33;287.94;8.31;1053;25;3420.00;84
8844;24;624055027;8844;399;9896;9980;5.50;0.34;287.96;8.31;1052;25;3421.00;84
8845;24;624055040;8845;392;9897;9980;5.60;0.34;287.96;8.31;1052;25;3422.00;83
8848;24;624055052;8848;386;9898;9980;5.58;0.34;287.97;8.31;1050;25;3423.00;82
8851;24;624055064;8851;381;9899;9980;5.64;0.34;287.96;8.30;1048;25;3424.00;81
8852;24;624055077;8852;378;9899;9980;5.68;0.35;287.94;8.30;1047;25;3425.00;81
8854;24;624055090;8854;381;9899;9981;5.72;0.35;287.97;8.30;1045;25;3426.00;82
8858;24;624055114;8858;370;9899;9981;5.73;0.35;287.93;8.30;1041;25;3427.00;82
8860;24;624055127;8860;361;9904;9987;5.75;0.35;288.03;8.30;1044;25;3428.00;83
8861;24;624055141;8861;359;9904;9988;5.79;0.35;288.03;8.30;1043;25;3429.00;84
8865;24;624055154;8865;361;9905;9988;5.78;0.35;288.03;8.30;1040;25;3430.00;83
8866;24;624055172;8866;363;9905;9988;5.78;0.35;288.05;8.30;1039;25;3431.00;83
8869;24;624055183;8869;365;9908;9992;5.80;0.35;288.03;8.30;1039;25;3432.00;84
8873;24;624055195;8873;362;9908;9992;5.83;0.36;288.10;8.30;1035;25;3433.00;84
8879;24;624055207;8879;362;9908;9992;5.81;0.35;288.14;8.30;1029;25;3434.00;84
8882;24;624055219;8882;363;9909;9993;5.84;0.36;288.10;8.30;1027;25;3435.00;84
8886;24;624055230;8886;358;9912;9997;5.82;0.36;288.07;8.29;1026;25;3436.00;85
8889;24;624055242;8889;363;9912;9997;5.80;0.35;288.09;8.29;1023;25;3437.00;85
8892;24;624055255;8892;359;9914;10000;5.83;0.36;288.16;8.29;1022;25;3438.00;86
8895;24;624055267;8895;361;9914;10000;5.78;0.35;288.24;8.29;1019;25;3439.00;86
8897;24;624055279;8897;351;9915;10000;5.79;0.35;288.24;8.29;1018;25;3440.00;85
8902;24;624055292;8902;358;9915;10000;5.78;0.35;288.29;8.29;1013;25;3441.00;85
8907;24;624055303;8907;356;9919;10004;5.85;0.36;288.30;8.29;1012;25;3442.00;85
8910;24;624055316;8910;347;9919;10004;5.89;0.36;288.35;8.29;1009;25;3443.00;85
8913;24;624055328;8913;352;9919;10004;5.92;0.36;288.40;8.29;1006;25;3444.00;85
8917;24;624055346;8917;346;9919;10004;5.90;0.36;288.49;8.29;1002;25;3445.00;85
8917;24;624055357;8917;345;9919;10005;5.92;0.36;288.49;8.29;1002;25;3446.00;86
8920;24;624055370;8920;328;9920;10006;5.93;0.36;288.52;8.29;1000;25;3447.00;86
8922;24;624055382;8922;316;9920;10006;5.95;0.36;288.52;8.29;998;25;3448.00;86
8924;24;624055394;8924;312;9921;10007;6.04;0.37;288.59;8.29;997;25;3449.00;86
8928;24;624055408;8928;310;9921;10007;6.06;0.37;288.66;8.29;993;25;3450.00;86
8931;24;624055420;8931;305;9921;10007;6.16;0.38;288.77;8.29;990;25;3451.00;86
8937;24;624055433;8937;307;9921;10007;6.25;0.38;288.91;8.29;984;25;3452.00;86
8942;24;624055451;8942;303;9922;10007;6.28;0.38;289.04;8.38;980;25;3453.00;85
8944;24;624055464;8944;304;9922;10007;6.37;0.39;289.06;8.38;978;25;3454.00;85
8948;24;624055476;8948;301;9922;10007;6.38;0.39;289.11;8.38;974;25;3455.00;85
8950;24;624055494;8950;326;9999;10134;6.53;0.40;289.14;8.32;1049;25;3456.00;135
8953;24;624055516;8953;301;9999;10135;6.60;0.41;289.26;8.32;1046;25;3457.00;136
8955;24;624055529;8955;283;10004;10135;6.79;0.42;289.32;8.31;1049;25;3458.00;131
8957;24;624055550;8957;270;10004;10135;6.91;0.42;289.33;8.31;1047;25;3459.00;131
8960;24;624055564;8960;259;10009;10135;7.04;0.43;289.43;8.31;1049;25;3460.00;126
8962;24;624055578;8962;250;10011;10135;7.16;0.44;289.45;8.31;1049;25;3461.00;124
8966;24;624055592;8966;241;10015;10135;7.25;0.44;289.57;8.31;1049;25;3462.00;120
8968;24;624055607;8968;239;10018;10135;7.33;0.45;289.68;8.31;1050;25;3463.00;117
8969;24;624055621;8969;235;10022;10136;7.42;0.45;289.73;8.31;1053;25;3464.00;114
8973;24;624055635;8973;234;10025;10138;7.50;0.46;289.81;8.31;1052;25;3465.00;113
8975;24;624055651;8975;232;10026;10138;7.62;0.47;289.89;8.31;1051;25;3466.00;112
8976;24;624055665;8976;230;10029;10139;7.68;0.47;289.87;8.31;1053;25;3467.00;110
8979;24;624055680;8979;241;10030;10139;7.76;0.48;289.91;8.31;1051;25;3468.00;109
8983;24;624055695;8983;250;10033;10139;7.78;0.48;289.98;8.31;1050;25;3469.00;106
8985;24;624055709;8985;247;10034;10139;7.82;0.48;290.05;8.31;1049;25;3470.00;105
8989;24;624055723;8989;249;10039;10143;7.83;0.48;290.07;8.31;1050;25;3471.00;104
8993;24;624055739;8993;256;10040;10143;7.82;0.48;290.22;8.31;1047;25;3472.00;103
8996;24;624055754;8996;256;10041;10143;7.80;0.48;290.31;8.31;1045;25;3473.00;102
9000;24;624055769;9000;255;10043;10146;7.81;0.48;290.45;8.31;1043;25;3474.00;103
9002;24;624055784;9002;249;10044;10146;7.83;0.48;290.48;8.31;1042;25;3475.00;102
9006;24;624055799;9006;251;10046;10146;7.83;0.48;290.54;8.31;1040;25;3476.00;100
9007;24;624055815;9007;245;10049;10150;7.83;0.48;290.54;8.31;1042;25;3477.00;101
9010;24;624055830;9010;257;10050;10151;7.87;0.48;290.55;8.31;1040;25;3478.00;101
9013;24;624055844;9013;250;10052;10151;7.93;0.48;290.55;8.31;1039;25;3479.00;99
9014;24;624055860;9014;247;10056;10156;7.97;0.48;290.54;8.31;1042;25;3480.00;100
9017;24;624055874;9017;248;10058;10156;8.03;0.49;290.60;8.31;1041;25;3481.00;98
9020;24;624055887;9020;251;10058;10156;8.03;0.49;290.62;8.31;1038;25;3482.00;98
9021;24;624055900;9021;247;10059;10157;8.06;0.49;290.67;8.31;1038;25;3483.00;98
9022;24;624055919;9022;244;10059;10157;8.09;0.49;290.71;8.31;1037;25;3484.00;98
9024;24;624055932;9024;240;10064;10163;8.16;0.50;290.71;8.31;1040;25;3485.00;99
9027;24;624055946;9027;236;10064;10163;8.22;0.50;290.78;8.31;1037;25;3486.00;99
9030;24;624055959;9030;239;10064;10164;8.25;0.50;290.83;8.31;1034;25;3487.00;100
9033;24;624055972;9033;235;10064;10164;8.29;0.50;290.89;8.31;1031;25;3488.00;100
9035;24;624055985;9035;233;10065;10164;8.33;0.50;290.93;8.40;1030;25;3489.00;99
9038;24;624055997;9038;233;10065;10164;8.27;0.50;290.96;8.40;1027;25;3490.00;99
9041;24;624056010;9041;238;10065;10164;8.23;0.50;290.98;8.40;1024;25;3491.00;99
9044;24;624056023;9044;235;10074;10176;8.23;0.50;291.06;8.39;1030;25;3492.00;102
9049;24;624056037;9049;237;10074;10176;8.20;0.50;291.19;8.39;1025;25;3493.00;102
9050;24;624056050;9050;238;10076;10176;8.26;0.50;291.23;8.39;1026;25;3494.00;100
9051;24;624056062;9051;237;10076;10176;8.27;0.50;291.22;8.39;1025;25;3495.00;100
9057;24;624056075;9057;237;10076;10176;8.32;0.50;291.37;8.39;1019;25;3496.00;100
9061;24;624056089;9061;240;10076;10176;8.28;0.50;291.42;8.39;1015;25;3497.00;100
9063;24;624056108;9063;243;10079;10180;8.29;0.50;291.45;8.39;1016;25;3498.00;101
9065;24;624056127;9065;243;10079;10180;8.36;0.51;291.53;8.39;1014;25;3499.00;101
9070;24;624056150;9070;239;10083;10184;8.40;0.51;291.59;8.39;1013;25;3500.00;101
9072;24;624056177;9072;242;10083;10185;8.33;0.51;291.57;8.39;1011;25;3501.00;102
9075;24;624056197;9075;234;10084;10185;8.25;0.50;291.59;8.39;1009;25;3502.00;101
9078;24;624056216;9078;239;10084;10185;8.20;0.50;291.59;8.39;1006;25;3503.00;101
9081;24;624056234;9081;247;10095;10198;8.19;0.50;291.60;8.38;1014;25;3504.00;103
9088;24;624056250;9088;244;10096;10198;8.13;0.49;291.71;8.39;1008;25;3505.00;102
9092;24;624056266;9092;242;10097;10198;8.10;0.49;291.72;8.40;1005;25;3506.00;101
9095;24;624056280;9095;239;10098;10199;8.16;0.50;291.81;8.40;1003;25;3507.00;101
9101;24;624056293;9101;239;10098;10200;8.18;0.50;291.87;8.40;997;25;3508.00;102
9104;24;624056308;9104;233;10098;10200;8.24;0.50;291.93;8.40;994;25;3509.00;102
9109;24;624056323;9109;226;10102;10206;8.28;0.50;291.93;8.40;993;25;3510.00;104
9112;24;624056337;9112;226;10103;10206;8.30;0.50;291.99;8.40;991;25;3511.00;103
9117;24;624056351;9117;221;10104;10206;8.32;0.50;291.92;8.40;987;25;3512.00;102
9119;24;624056364;9119;224;10104;10206;8.33;0.50;291.94;8.40;985;25;3513.00;102
9124;24;624056380;9124;223;10109;10212;8.40;0.51;291.93;8.39;985;25;3514.00;103
9124;24;624056395;9124;224;10109;10212;8.41;0.51;291.93;8.39;985;25;3515.00;103
9125;24;624056408;9125;228;10109;10212;8.39;0.51;291.96;8.39;984;25;3516.00;103
9125;24;624056420;9125;225;10109;10212;8.35;0.51;291.96;8.39;984;25;3517.00;103
9126;24;624056432;9126;234;10112;10216;8.32;0.51;292.00;8.39;986;25;3518.00;104
9132;24;624056446;9132;238;10115;10219;8.21;0.50;292.04;8.39;983;25;3519.00;104
9135;24;624056459;9135;242;10116;10219;8.17;0.50;292.12;8.40;981;25;3520.00;103
9139;24;624056473;9139;244;10117;10220;8.08;0.49;292.07;8.40;978;25;3521.00;103
9142;24;624056486;9142;251;10117;10220;7.97;0.49;292.17;8.40;975;25;3522.00;103
9143;24;624056498;9143;255;10117;10220;7.92;0.48;292.24;8.40;974;25;3523.00;103
9144;24;624056510;9144;259;10117;10220;7.89;0.48;292.30;8.40;973;25;3524.00;103
9146;24;624056523;9146;269;10117;10220;7.86;0.48;292.31;8.40;971;25;3525.00;103
9151;24;624056536;9151;269;10117;10220;7.78;0.48;292.31;8.40;966;25;3526.00;103
9152;24;624056548;9152;273;10118;10220;7.73;0.47;292.30;8.41;966;25;3527.00;102
9153;24;624056560;9153;289;10153;10290;7.85;0.48;292.30;8.39;1000;25;3528.00;137
9153;24;624056577;9153;288;10153;10291;7.87;0.48;292.30;8.39;1000;25;3529.00;138
9156;24;624056589;9156;292;10162;10291;7.86;0.48;292.30;8.40;1006;25;3530.00;129
9159;24;624056602;9159;292;10166;10291;7.78;0.48;292.32;8.40;1007;25;3531.00;125
9162;24;624056615;9162;294;10170;10291;7.74;0.47;292.25;8.40;1008;25;3532.00;121
9166;24;624056627;9166;300;10173;10291;7.61;0.47;292.34;8.42;1007;25;3533.00;118
9170;24;624056640;9170;296;10176;10291;7.51;0.46;292.30;8.42;1006;25;3534.00;115
9174;24;624056652;9174;301;10180;10291;7.42;0.45;292.34;8.43;1006;25;3535.00;111
9177;24;624056665;9177;306;10183;10292;7.34;0.45;292.32;8.44;1006;25;3536.00;109
9182;24;624056677;9182;311;10187;10293;7.25;0.44;292.35;8.45;1005;25;3537.00;106
9184;24;624056690;9184;312;10190;10293;7.22;0.44;292.33;8.45;1006;25;3538.00;103
9185;24;624056702;9185;316;10196;10297;7.14;0.44;292.36;8.46;1011;25;3539.00;101
9188;24;624056715;9188;326;10200;10297;7.05;0.43;292.35;8.46;1012;25;3540.00;97
9189;24;624056728;9189;334;10200;10297;6.94;0.42;292.35;8.46;1011;25;3541.00;97
9190;24;624056739;9190;344;10201;10297;6.84;0.42;292.39;8.48;1011;25;3542.00;96
9191;24;624056751;9191;352;10207;10303;6.80;0.42;292.36;8.48;1016;25;3543.00;96
9193;24;624056763;9193;358;10209;10303;6.69;0.41;292.31;8.50;1016;25;3544.00;94
9198;24;624056775;9198;365;10209;10303;6.61;0.40;292.25;8.50;1011;25;3545.00;94
9198;24;624056787;9198;371;10211;10306;6.57;0.40;292.25;8.49;1013;25;3546.00;95
9200;24;624056798;9200;375;10212;10306;6.43;0.39;292.32;8.51;1012;25;3547.00;94
9202;24;624056809;9202;381;10213;10306;6.27;0.38;292.35;8.50;1011;25;3548.00;93
9202;24;624056821;9202;380;10213;10307;6.18;0.38;292.35;8.50;1011;25;3549.00;94
9203;24;624056833;9203;380;10219;10308;6.10;0.37;292.33;8.55;1016;25;3550.00;89
9204;24;624056844;9204;376;10219;10308;6.02;0.37;292.31;8.55;1015;25;3551.00;89
9208;24;624056855;9208;380;10231;10321;5.96;0.37;292.21;8.55;1023;25;3552.00;90
9209;24;624056867;9209;382;10231;10321;5.90;0.36;292.22;8.55;1022;25;3553.00;90
9211;24;624056878;9211;384;10231;10321;5.85;0.36;292.18;8.55;1020;25;3554.00;90
9215;24;624056889;9215;383;10236;10323;5.79;0.35;292.21;8.58;1021;25;3555.00;87
9217;24;624056901;9217;387;10236;10323;5.73;0.35;292.18;8.58;1019;25;3556.00;87
9219;24;624056911;9219;388;10240;10327;5.72;0.35;292.15;8.58;1021;25;3557.00;87
9220;24;624056922;9220;385;10243;10327;5.71;0.35;292.14;8.60;1023;25;3558.00;84
9220;24;624056933;9220;388;10246;10331;5.72;0.35;292.14;8.60;1026;25;3559.00;85
9222;24;624056944;9222;392;10246;10331;5.68;0.35;292.17;8.60;1024;25;3560.00;85
9226;24;624056956;9226;393;10248;10331;5.54;0.34;292.10;8.61;1022;25;3561.00;83
9228;24;624056967;9228;398;10248;10331;5.43;0.33;292.08;8.61;1020;25;3562.00;83
9230;24;624056978;9230;386;10249;10331;5.36;0.33;292.04;8.62;1019;25;3563.00;82
9233;24;624056989;9233;376;10259;10343;5.30;0.32;292.04;8.62;1026;25;3564.00;84
9235;24;624057001;9235;377;10259;10343;5.24;0.32;292.00;8.62;1024;25;3565.00;84
9236;24;624057012;9236;376;10263;10343;5.16;0.31;292.00;8.62;1027;25;3566.00;80
9239;24;624057023;9239;375;10264;10343;5.09;0.31;291.98;8.63;1025;25;3567.00;79
9241;24;624057035;9241;377;10264;10343;5.08;0.31;291.95;8.63;1023;25;3568.00;79
9242;24;624057046;9242;379;10265;10343;5.01;0.31;291.95;8.63;1023;25;3569.00;78
9244;24;624057065;9244;373;10265;10344;5.02;0.31;291.96;8.63;1021;25;3570.00;79
9246;24;624057076;9246;370;10267;10344;5.02;0.31;291.98;8.64;1021;25;3571.00;77
9249;24;624057086;9249;370;10273;10350;5.08;0.31;292.00;8.64;1024;25;3572.00;77
9251;24;624057099;9251;370;10275;10351;5.13;0.31;291.96;8.64;1024;25;3573.00;76
9253;24;624057111;9253;370;10275;10351;5.13;0.31;291.97;8.64;1022;25;3574.00;76
9254;24;624057122;9254;363;10275;10351;5.18;0.31;291.98;8.64;1021;25;3575.00;76
9255;24;624057133;9255;361;10279;10355;5.31;0.32;292.00;8.64;1024;25;3576.00;76
9257;24;624057144;9257;356;10280;10355;5.39;0.33;292.03;8.64;1023;25;3577.00;75
9257;24;624057155;9257;350;10280;10355;5.47;0.33;292.03;8.64;1023;25;3578.00;75
9259;24;624057166;9259;341;10281;10356;5.57;0.34;292.07;8.64;1022;25;3579.00;75
9261;24;624057177;9261;330;10284;10360;5.65;0.35;292.09;8.64;1023;25;3580.00;76
9263;24;624057188;9263;328;10284;10360;5.70;0.35;292.09;8.64;1021;25;3581.00;76
9265;24;624057199;9265;327;10286;10363;5.82;0.36;292.11;8.64;1021;25;3582.00;77
9268;24;624057211;9268;319;10287;10363;5.92;0.36;292.17;8.64;1019;25;3583.00;76
9271;24;624057222;9271;318;10287;10363;5.99;0.37;292.13;8.64;1016;25;3584.00;76
9273;24;624057233;9273;313;10287;10363;6.05;0.37;292.18;8.64;1014;25;3585.00;76
9276;24;624057244;9276;312;10291;10367;6.16;0.38;292.26;8.63;1015;25;3586.00;76
9279;24;624057257;9279;310;10291;10367;6.25;0.38;292.29;8.63;1012;25;3587.00;76
9281;24;624057270;9281;313;10291;10367;6.25;0.38;292.27;8.63;1010;25;3588.00;76
9289;24;624057283;9289;313;10291;10367;6.23;0.38;292.26;8.63;1002;25;3589.00;76
9293;24;624057294;9293;305;10291;10368;6.22;0.38;292.23;8.63;998;25;3590.00;77
9297;24;624057306;9297;298;10292;10369;6.27;0.38;292.25;8.63;995;25;3591.00;77
9300;24;624057318;9300;297;10292;10369;6.30;0.38;292.25;8.63;992;25;3592.00;77
9304;24;624057329;9304;297;10293;10370;6.38;0.39;292.25;8.63;989;25;3593.00;77
9308;24;624057341;9308;296;10293;10370;6.38;0.39;292.29;8.63;985;25;3594.00;77
9309;24;624057353;9309;300;10293;10370;6.42;0.39;292.29;8.63;984;25;3595.00;77
9317;24;624057364;9317;301;10293;10370;6.33;0.38;292.39;8.63;976;25;3596.00;77
9319;24;624057376;9319;301;10293;10370;6.33;0.38;292.40;8.63;974;25;3597.00;77
9325;24;624057388;9325;304;10293;10370;6.22;0.38;292.51;8.63;968;25;3598.00;77
9326;24;624057400;9326;304;10293;10370;6.19;0.38;292.51;8.63;967;25;3599.00;77
9328;24;624057413;9328;340;10407;10623;6.48;0.41;292.50;8.54;1079;25;3600.00;216
9334;24;624057447;9334;331;10412;10624;6.45;0.40;292.59;8.53;1078;25;3601.00;212
9337;24;624057460;9337;331;10425;10624;6.49;0.41;292.66;8.53;1088;25;3602.00;199
9341;24;624057474;9341;323;10433;10624;6.47;0.40;292.69;8.52;1092;25;3603.00;191
9345;24;624057486;9345;317;10440;10624;6.49;0.40;292.73;8.52;1095;25;3604.00;184
9347;24;624057504;9347;321;10445;10624;6.48;0.40;292.77;8.52;1098;25;3605.00;179
9351;24;624057517;9351;321;10453;10624;6.55;0.41;292.77;8.51;1102;25;3606.00;171
9354;24;624057530;9354;326;10456;10624;6.53;0.41;292.82;8.51;1102;25;3607.00;168
9356;24;624057543;9356;324;10462;10625;6.56;0.41;292.86;8.51;1106;25;3608.00;163
9360;24;624057555;9360;318;10464;10626;6.59;0.41;292.90;8.51;1104;25;3609.00;162
9364;24;624057568;9364;326;10470;10626;6.58;0.41;292.97;8.62;1106;25;3610.00;156
9366;24;624057582;9366;328;10477;10627;6.57;0.41;292.92;8.62;1111;25;3611.00;150
9371;24;624057595;9371;327;10478;10627;6.51;0.40;293.01;8.62;1107;25;3612.00;149
9375;24;624057612;9375;329;10481;10627;6.48;0.40;293.02;8.62;1106;25;3613.00;146
9378;24;624057626;9378;333;10483;10627;6.46;0.40;292.99;8.62;1105;25;3614.00;144
9381;24;624057641;9381;343;10490;10631;6.40;0.40;293.09;8.62;1109;25;3615.00;141
9383;24;624057655;9383;342;10492;10631;6.39;0.40;293.07;8.62;1109;25;3616.00;139
9385;24;624057670;9385;343;10494;10631;6.35;0.39;293.05;8.63;1109;25;3617.00;137
9390;24;624057690;9390;333;10495;10634;6.29;0.39;293.06;8.63;1105;25;3618.00;139
9394;24;624057710;9394;335;10498;10634;6.29;0.39;293.21;8.63;1104;25;3619.00;136
9399;24;624057724;9399;335;10499;10634;6.30;0.39;293.31;8.63;1100;25;3620.00;135
9403;24;624057737;9403;333;10503;10638;6.33;0.39;293.42;8.63;1100;25;3621.00;135
9407;24;624057751;9407;337;10505;10639;6.35;0.39;293.45;8.63;1098;25;3622.00;134
9411;24;624057765;9411;336;10505;10639;6.39;0.39;293.58;8.63;1094;25;3623.00;134
9413;24;624057778;9413;340;10507;10643;6.43;0.39;293.63;8.63;1094;25;3624.00;136
9416;24;624057792;9416;338;10507;10643;6.47;0.40;293.68;8.63;1091;25;3625.00;136
9420;24;624057806;9420;334;10507;10643;6.53;0.40;293.71;8.63;1087;25;3626.00;136
9424;24;624057820;9424;324;10508;10644;6.61;0.40;293.76;8.63;1084;25;3627.00;136
9427;24;624057833;9427;323;10509;10644;6.66;0.40;293.77;8.63;1082;25;3628.00;135
9432;24;624057847;9432;318;10514;10650;6.73;0.41;293.90;8.63;1082;25;3629.00;136
9436;24;624057865;9436;311;10514;10650;6.85;0.42;293.96;8.63;1078;25;3630.00;136
9438;24;624057879;9438;313;10516;10651;6.90;0.42;293.95;8.63;1078;25;3631.00;135
9440;24;624057898;9440;310;10517;10651;6.96;0.42;294.02;8.63;1077;25;3632.00;134
9443;24;624057912;9443;308;10518;10651;7.04;0.43;294.06;8.63;1075;25;3633.00;133
9444;24;624057925;9444;303;10519;10651;7.11;0.43;294.07;8.63;1075;25;3634.00;132
9448;24;624057939;9448;302;10519;10651;7.19;0.44;294.02;8.63;1071;25;3635.00;132
9450;24;624057953;9450;301;10529;10663;7.19;0.44;294.10;8.74;1079;25;3636.00;134
9452;24;624057968;9452;299;10529;10663;7.27;0.44;294.09;8.74;1077;25;3637.00;134
9456;24;624057982;9456;295;10531;10663;7.32;0.44;294.14;8.74;1075;25;3638.00;132
9460;24;624057995;9460;294;10533;10663;7.35;0.45;294.23;8.74;1073;25;3639.00;130
9463;24;624058015;9463;290;10535;10663;7.42;0.45;294.34;8.75;1072;25;3640.00;128
9467;24;624058029;9467;295;10536;10663;7.44;0.45;294.37;8.75;1069;25;3641.00;127
9472;24;624058042;9472;293;10540;10667;7.41;0.45;294.49;8.75;1068;25;3642.00;127
9472;24;624058056;9472;290;10540;10667;7.47;0.45;294.49;8.75;1068;25;3643.00;127
9475;24;624058074;9475;289;10546;10671;7.50;0.45;294.54;8.75;1071;25;3644.00;125
9477;24;624058088;9477;282;10549;10673;7.56;0.46;294.53;8.74;1072;25;3645.00;124
9481;24;624058102;9481;278;10549;10673;7.55;0.46;294.55;8.74;1068;25;3646.00;124
9482;24;624058124;9482;275;10549;10673;7.56;0.46;294.60;8.74;1067;25;3647.00;124
9484;24;624058147;9484;280;10558;10686;7.70;0.47;294.66;8.74;1074;25;3648.00;128
9488;24;624058171;9488;281;10558;10686;7.69;0.47;294.71;8.74;1070;25;3649.00;128
9490;24;624058192;9490;286;10558;10686;7.72;0.47;294.75;8.74;1068;25;3650.00;128
9490;24;624058212;9490;283;10559;10687;7.83;0.48;294.75;8.74;1069;25;3651.00;128
9492;24;624058228;9492;284;10559;10688;7.93;0.48;294.80;8.74;1067;25;3652.00;129
9496;24;624058243;9496;286;10559;10688;7.93;0.48;294.81;8.74;1063;25;3653.00;129
9497;24;624058259;9497;290;10562;10691;7.94;0.48;294.79;8.84;1065;25;3654.00;129
9498;24;624058276;9498;291;10562;10691;7.97;0.49;294.86;8.84;1064;25;3655.00;129
9499;24;624058291;9499;292;10563;10691;7.98;0.49;294.85;8.84;1064;25;3656.00;128
9500;24;624058306;9500;290;10563;10691;7.95;0.48;294.86;8.84;1063;25;3657.00;128
9504;24;624058320;9504;291;10569;10697;7.92;0.48;294.92;8.94;1065;25;3658.00;128
9507;24;624058336;9507;293;10569;10697;7.92;0.48;294.95;8.94;1062;25;3659.00;128
9513;24;624058353;9513;295;10569;10697;7.90;0.48;295.00;8.94;1056;25;3660.00;128
9517;24;624058367;9517;295;10569;10697;7.86;0.48;295.06;8.94;1052;25;3661.00;128
9522;24;624058381;9522;301;10573;10701;7.82;0.47;295.10;9.05;1051;25;3662.00;128
9525;24;624058397;9525;299;10574;10702;7.79;0.47;295.17;9.05;1049;25;3663.00;128
9532;24;624058419;9532;303;10574;10702;7.76;0.47;295.24;9.05;1042;25;3664.00;128
9532;24;624058433;9532;307;10575;10703;7.80;0.47;295.24;9.05;1043;25;3665.00;128
9536;24;624058446;9536;306;10575;10703;7.75;0.47;295.26;9.05;1039;25;3666.00;128
9539;24;624058460;9539;317;10575;10703;7.72;0.47;295.24;9.05;1036;25;3667.00;128
9541;24;624058475;9541;314;10575;10703;7.68;0.47;295.24;9.05;1034;25;3668.00;128
9545;24;624058487;9545;315;10575;10703;7.66;0.46;295.34;9.05;1030;25;3669.00;128
9546;24;624058501;9546;322;10576;10703;7.61;0.46;295.36;9.05;1030;25;3670.00;127
9551;24;624058514;9551;323;10576;10703;7.56;0.46;295.45;9.05;1025;25;3671.00;127
9554;24;624058528;9554;319;10606;10773;7.52;0.46;295.44;9.03;1052;25;3672.00;167
9556;24;624058547;9556;316;10607;10774;7.47;0.46;295.41;9.03;1051;25;3673.00;167
9560;24;624058560;9560;312;10612;10774;7.43;0.45;295.50;9.02;1052;25;3674.00;162
9565;24;624058573;9565;310;10619;10774;7.30;0.45;295.59;9.04;1054;25;3675.00;155
9566;24;624058588;9566;309;10624;10774;7.33;0.45;295.57;9.05;1058;25;3676.00;150
9572;24;624058601;9572;313;10627;10774;7.35;0.45;295.56;9.04;1055;25;3677.00;147
9576;24;624058615;9576;317;10631;10774;7.35;0.45;295.68;9.04;1055;25;3678.00;143
9580;24;624058628;9580;318;10635;10774;7.33;0.45;295.63;9.05;1055;25;3679.00;139
9584;24;624058642;9584;318;10636;10775;7.29;0.44;295.57;9.05;1052;25;3680.00;139
9586;24;624058656;9586;318;10637;10776;7.25;0.44;295.62;9.05;1051;25;3681.00;139
9591;24;624058670;9591;320;10639;10776;7.23;0.44;295.57;9.05;1048;25;3682.00;137
9592;24;624058684;9592;321;10645;10780;7.23;0.44;295.61;9.16;1053;25;3683.00;135
9595;24;624058698;9595;316;10646;10780;7.18;0.44;295.66;9.16;1051;25;3684.00;134
9598;24;624058712;9598;320;10646;10780;7.15;0.44;295.66;9.16;1048;25;3685.00;134
9602;24;624058733;9602;324;10646;10780;7.12;0.43;295.64;9.16;1044;25;3686.00;134
9604;24;624058752;9604;333;10650;10786;7.17;0.44;295.61;9.16;1046;25;3687.00;136
9605;24;624058768;9605;340;10651;10786;7.08;0.43;295.59;9.16;1046;25;3688.00;135
9609;24;624058785;9609;334;10651;10786;7.02;0.43;295.53;9.16;1042;25;3689.00;135
9610;24;624058802;9610;341;10657;10792;6.97;0.43;295.51;9.17;1047;25;3690.00;135
9613;24;624058816;9613;346;10659;10792;6.94;0.42;295.51;9.17;1046;25;3691.00;133
9614;24;624058829;9614;343;10660;10792;6.89;0.42;295.49;9.17;1046;25;3692.00;132
9617;24;624058843;9617;349;10661;10793;6.85;0.42;295.46;9.18;1044;25;3693.00;132
9622;24;624058855;9622;355;10664;10794;6.79;0.41;295.35;9.18;1042;25;3694.00;130
9624;24;624058869;9624;360;10665;10794;6.75;0.41;295.31;9.18;1041;25;3695.00;129
9628;24;624058882;9628;367;10675;10807;6.72;0.41;295.33;9.18;1047;25;3696.00;132
9631;24;624058895;9631;368;10675;10807;6.70;0.41;295.29;9.18;1044;25;3697.00;132
9636;24;624058907;9636;372;10676;10807;6.65;0.41;295.24;9.19;1040;25;3698.00;131
9640;24;624058919;9640;377;10677;10808;6.65;0.40;295.18;9.18;1037;25;3699.00;131
9640;24;624058931;9640;385;10680;10808;6.62;0.40;295.18;9.21;1040;25;3700.00;128
9643;24;624058947;9643;386;10684;10812;6.58;0.40;295.22;9.21;1041;25;3701.00;128
9646;24;624058959;9646;396;10684;10812;6.54;0.40;295.20;9.21;1038;25;3702.00;128
9649;24;624058972;9649;403;10690;10816;6.45;0.39;295.17;9.24;1041;25;3703.00;126
9649;24;624058983;9649;402;10690;10816;6.39;0.39;295.17;9.24;1041;25;3704.00;126
9652;24;624058995;9652;409;10690;10816;6.32;0.39;295.12;9.24;1038;25;3705.00;126
9654;24;624059005;9654;421;10693;10816;6.24;0.38;295.08;9.27;1039;25;3706.00;123
9656;24;624059032;9656;426;10693;10816;6.21;0.38;295.07;9.27;1037;25;3707.00;123
9659;24;624059043;9659;429;10705;10828;6.24;0.38;295.07;9.28;1046;25;3708.00;123
9662;24;624059055;9662;435;10707;10828;6.17;0.38;295.02;9.29;1045;25;3709.00;121
9665;24;624059067;9665;442;10707;10828;6.11;0.37;295.06;9.29;1042;25;3710.00;121
9666;24;624059078;9666;454;10709;10828;6.05;0.37;295.04;9.31;1043;25;3711.00;119
9667;24;624059089;9667;463;10711;10828;5.97;0.37;295.04;9.33;1044;25;3712.00;117
9667;24;624059100;9667;467;10711;10828;5.88;0.36;295.04;9.33;1044;25;3713.00;117
9668;24;624059111;9668;470;10712;10829;5.79;0.35;295.02;9.34;1044;25;3714.00;117
9671;24;624059123;9671;463;10713;10829;5.65;0.35;295.04;9.35;1042;25;3715.00;116
9671;24;624059134;9671;454;10718;10835;5.66;0.35;295.04;9.34;1047;25;3716.00;117
9673;24;624059146;9673;456;10723;10836;5.59;0.34;295.06;9.38;1050;25;3717.00;113
9676;24;624059158;9676;461;10723;10836;5.49;0.34;295.00;9.38;1047;25;3718.00;113
9678;24;624059170;9678;458;10727;10836;5.39;0.33;294.97;9.40;1049;25;3719.00;109
9678;24;624059183;9678;449;10730;10841;5.35;0.33;294.97;9.40;1052;25;3720.00;111
9678;24;624059194;9678;451;10732;10841;5.27;0.32;294.97;9.42;1054;25;3721.00;109
9680;24;624059215;9680;445;10734;10841;5.23;0.32;294.98;9.43;1054;25;3722.00;107
9681;24;624059226;9681;446;10737;10842;5.24;0.32;294.97;9.43;1056;25;3723.00;105
9683;24;624059238;9683;438;10743;10846;5.29;0.32;294.94;9.44;1060;25;3724.00;103
9688;24;624059250;9688;433;10743;10846;5.28;0.32;294.83;9.44;1055;25;3725.00;103
9692;24;624059262;9692;428;10747;10849;5.39;0.33;294.77;9.45;1055;25;3726.00;102
9693;24;624059273;9693;427;10748;10849;5.44;0.33;294.78;9.45;1055;25;3727.00;101
9694;24;624059284;9694;423;10749;10849;5.53;0.34;294.77;9.45;1055;25;3728.00;100
9697;24;624059295;9697;424;10750;10849;5.56;0.34;294.72;9.46;1053;25;3729.00;99
9698;24;624059306;9698;426;10754;10853;5.61;0.34;294.70;9.46;1056;25;3730.00;99
9699;24;624059318;9699;425;10755;10853;5.59;0.34;294.70;9.47;1056;25;3731.00;98
9703;24;624059328;9703;428;10755;10853;5.51;0.34;294.65;9.47;1052;25;3732.00;98
9705;24;624059339;9705;428;10756;10853;5.43;0.33;294.71;9.48;1051;25;3733.00;97
9707;24;624059350;9707;431;10756;10854;5.38;0.33;294.67;9.48;1049;25;3734.00;98
9709;24;624059360;9709;438;10758;10856;5.39;0.33;294.67;9.47;1049;25;3735.00;98
9712;24;624059372;9712;436;10759;10856;5.40;0.33;294.62;9.48;1047;25;3736.00;97
9714;24;624059382;9714;440;10760;10857;5.46;0.33;294.62;9.48;1046;25;3737.00;97
9718;24;624059394;9718;443;10761;10857;5.42;0.33;294.64;9.49;1043;25;3738.00;96
9719;24;624059405;9719;451;10763;10857;5.44;0.33;294.65;9.50;1044;25;3739.00;94
9724;24;624059415;9724;436;10763;10857;5.47;0.33;294.67;9.50;1039;25;3740.00;94
9726;24;624059426;9726;430;10764;10857;5.51;0.34;294.65;9.51;1038;25;3741.00;93
9728;24;624059436;9728;422;10764;10857;5.54;0.34;294.73;9.51;1036;25;3742.00;93
9730;24;624059447;9730;413;10765;10857;5.60;0.34;294.77;9.52;1035;25;3743.00;92
9732;24;624059458;9732;416;10827;10984;5.97;0.37;294.80;9.47;1095;25;3744.00;157
9733;24;624059479;9733;414;10831;10985;5.99;0.37;294.81;9.47;1098;25;3745.00;154
9735;24;624059490;9735;411;10843;10985;6.08;0.38;294.80;9.46;1108;25;3746.00;142
9737;24;624059502;9737;410;10847;10985;6.09;0.38;294.84;9.46;1110;25;3747.00;138
9740;24;624059514;9740;406;10855;10985;6.14;0.38;294.94;9.46;1115;25;3748.00;130
9743;24;624059526;9743;400;10856;10985;6.07;0.38;295.01;9.46;1113;25;3749.00;129
9744;24;624059540;9744;397;10863;10990;6.07;0.38;295.01;9.46;1119;25;3750.00;127
9747;24;624059552;9747;393;10865;10990;6.04;0.37;295.05;9.46;1118;25;3751.00;125
9751;24;624059565;9751;389;10868;10991;6.08;0.37;295.13;9.46;1117;25;3752.00;123
9755;24;624059578;9755;385;10872;10992;6.12;0.38;295.13;9.46;1117;25;3753.00;120
9757;24;624059590;9757;385;10876;10992;6.22;0.38;295.25;9.46;1119;25;3754.00;116
9762;24;624059603;9762;391;10880;10993;6.28;0.39;295.27;9.46;1118;25;3755.00;113
9765;24;624059616;9765;391;10884;10993;6.28;0.39;295.33;9.46;1119;25;3756.00;109
9768;25;624059635;9768;398;10889;10993;6.35;0.39;295.43;9.47;1121;26;3757.00;104
9775;25;624059659;9775;397;10890;10993;6.35;0.39;295.49;9.46;1115;26;3758.00;103
9777;25;624059672;9777;399;10894;10997;6.40;0.39;295.47;9.46;1117;26;3759.00;103
9785;25;624059685;9785;401;10896;10997;6.38;0.39;295.61;9.46;1111;26;3760.00;101
9789;25;624059699;9789;396;10897;10997;6.33;0.39;295.72;9.46;1108;26;3761.00;100
9791;25;624059712;9791;399;10898;11000;6.33;0.39;295.73;9.46;1107;26;3762.00;102
9795;25;624059725;9795;393;10899;11000;6.33;0.39;295.89;9.46;1104;26;3763.00;101
9796;25;624059738;9796;391;10900;11000;6.36;0.39;295.97;9.46;1104;26;3764.00;100
9800;25;624059752;9800;391;10903;11004;6.40;0.39;296.03;9.46;1103;26;3765.00;101
9805;25;624059765;9805;388;10907;11005;6.38;0.39;296.19;9.57;1102;26;3766.00;98
9808;25;624059779;9808;387;10907;11005;6.39;0.39;296.25;9.57;1099;26;3767.00;98
9813;25;624059793;9813;383;10910;11009;6.39;0.39;296.31;9.57;1097;26;3768.00;99
9819;25;624059805;9819;381;10911;11009;6.41;0.39;296.37;9.57;1092;26;3769.00;98
9823;25;624059819;9823;373;10911;11009;6.42;0.39;296.43;9.57;1088;26;3770.00;98
9824;25;624059832;9824;377;10912;11010;6.42;0.39;296.44;9.57;1088;26;3771.00;98
9830;25;624059851;9830;368;10912;11010;6.34;0.39;296.44;9.57;1082;26;3772.00;98
9832;25;624059863;9832;366;10917;11016;6.33;0.39;296.45;9.57;1085;26;3773.00;99
9835;25;624059877;9835;366;10917;11016;6.29;0.38;296.49;9.57;1082;26;3774.00;99
9839;25;624059889;9839;374;10917;11017;6.17;0.38;296.54;9.57;1078;26;3775.00;100
9845;25;624059902;9845;372;10917;11017;6.09;0.37;296.55;9.57;1072;26;3776.00;100
9849;25;624059916;9849;371;10917;11017;6.10;0.37;296.56;9.57;1068;26;3777.00;100
9854;25;624059928;9854;379;10917;11017;6.09;0.37;296.60;9.57;1063;26;3778.00;100
9856;25;624059941;9856;372;10917;11017;6.10;0.37;296.66;9.57;1061;26;3779.00;100
9859;25;624059954;9859;382;10942;11053;6.25;0.38;296.73;9.55;1083;26;3780.00;111
9864;25;624059970;9864;388;10943;11053;6.24;0.38;296.78;9.54;1079;26;3781.00;110
9869;25;624059983;9869;385;10946;11053;6.29;0.38;296.79;9.54;1077;26;3782.00;107
9873;25;624059996;9873;380;10946;11053;6.30;0.39;296.77;9.54;1073;26;3783.00;107
9880;25;624060014;9880;383;10947;11053;6.31;0.38;296.93;9.54;1067;26;3784.00;106
9885;25;624060034;9885;383;10947;11053;6.27;0.38;296.96;9.54;1062;26;3785.00;106
9888;25;624060052;9888;387;10951;11057;6.29;0.38;296.96;9.54;1063;26;3786.00;106
9892;25;624060067;9892;377;10951;11057;6.25;0.38;297.04;9.54;1059;26;3787.00;106
9894;25;624060081;9894;368;10955;11061;6.22;0.38;297.06;9.54;1061;26;3788.00;106
9897;25;624060097;9897;373;10956;11062;6.24;0.38;297.13;9.54;1059;26;3789.00;106
9898;25;624060116;9898;370;10956;11062;6.27;0.38;297.17;9.54;1058;26;3790.00;106
9901;25;624060139;9901;373;10956;11062;6.26;0.38;297.18;9.54;1055;26;3791.00;106
9903;25;624060159;9903;373;10967;11075;6.37;0.39;297.19;9.53;1064;26;3792.00;108
9907;25;624060179;9907;377;10967;11075;6.38;0.39;297.23;9.53;1060;26;3793.00;108
9911;25;624060199;9911;381;10967;11075;6.40;0.39;297.25;9.53;1056;26;3794.00;108
9913;25;624060217;9913;390;10968;11076;6.42;0.39;297.25;9.52;1055;26;3795.00;108
9914;25;624060233;9914;383;10968;11077;6.47;0.39;297.29;9.52;1054;26;3796.00;109
9917;25;624060248;9917;374;10968;11077;6.46;0.39;297.39;9.52;1051;26;3797.00;109
9920;25;624060270;9920;374;10970;11080;6.50;0.40;297.34;9.52;1050;26;3798.00;110
9923;25;624060286;9923;367;10970;11080;6.49;0.39;297.41;9.52;1047;26;3799.00;110
9927;25;624060302;9927;369;10971;11080;6.50;0.40;297.43;9.52;1044;26;3800.00;109
9927;25;624060321;9927;371;10971;11080;6.51;0.40;297.43;9.52;1044;26;3801.00;109
9930;25;624060335;9930;369;10976;11086;6.57;0.40;297.50;9.52;1046;26;3802.00;110
9934;25;624060350;9934;372;10976;11086;6.60;0.40;297.54;9.52;1042;26;3803.00;110
9938;25;624060363;9938;374;10976;11086;6.64;0.41;297.52;9.52;1038;26;3804.00;110
9943;25;624060379;9943;366;10976;11086;6.63;0.40;297.57;9.52;1033;26;3805.00;110
9945;25;624060400;9945;372;10979;11090;6.61;0.40;297.62;9.52;1034;26;3806.00;111
9947;25;624060414;9947;370;10980;11091;6.62;0.40;297.63;9.52;1033;26;3807.00;111
9949;25;624060428;9949;368;10980;11091;6.63;0.40;297.71;9.52;1031;26;3808.00;111
9952;25;624060442;9952;363;10981;11092;6.71;0.41;297.72;9.51;1029;26;3809.00;111
9955;25;624060458;9955;362;10981;11092;6.76;0.41;297.74;9.51;1026;26;3810.00;111
9959;25;624060472;9959;364;10981;11092;6.80;0.41;297.87;9.51;1022;26;3811.00;111
9962;25;624060486;9962;360;10982;11092;6.85;0.42;297.93;9.63;1020;26;3812.00;110
9965;25;624060500;9965;359;10982;11092;6.88;0.42;298.01;9.63;1017;26;3813.00;110
9967;25;624060514;9967;365;10982;11092;6.90;0.42;298.02;9.63;1015;26;3814.00;110
9969;25;624060527;9969;364;10982;11092;6.93;0.42;298.05;9.63;1013;26;3815.00;110
9972;25;624060542;9972;376;11017;11162;6.90;0.42;298.10;9.60;1045;26;3816.00;145
9976;25;624060561;9976;370;11017;11163;6.85;0.42;298.07;9.60;1041;26;3817.00;146
9977;25;624060575;9977;369;11024;11163;6.91;0.42;298.07;9.60;1047;26;3818.00;139
9980;25;624060588;9980;360;11027;11163;6.91;0.42;298.16;9.59;1047;26;3819.00;136
9981;25;624060609;9981;365;11031;11163;6.92;0.42;298.14;9.59;1050;26;3820.00;132
9983;25;624060623;9983;362;11034;11163;6.98;0.42;298.16;9.59;1051;26;3821.00;129
9986;25;624060637;9986;367;11039;11163;6.98;0.42;298.16;9.59;1053;26;3822.00;124
9988;25;624060652;9988;375;11042;11163;7.06;0.43;298.14;9.59;1054;26;3823.00;121
9989;25;624060665;9989;375;11043;11164;7.12;0.43;298.19;9.59;1054;26;3824.00;121
9990;25;624060679;9990;378;11046;11166;7.16;0.44;298.24;9.59;1056;26;3825.00;120
9993;25;624060692;9993;379;11048;11166;7.19;0.44;298.36;9.59;1055;26;3826.00;118
9996;25;624060706;9996;383;11052;11170;7.20;0.44;298.43;9.58;1056;26;3827.00;118
9998;25;624060720;9998;381;11053;11170;7.23;0.44;298.46;9.58;1055;26;3828.00;117
10000;25;624060736;10000;388;11054;11170;7.25;0.44;298.51;9.70;1054;26;3829.00;116
10003;25;624060750;10003;380;11054;11170;7.25;0.44;298.60;9.70;1051;26;3830.00;116
10006;25;624060764;10006;380;11058;11176;7.33;0.45;298.64;9.70;1052;26;3831.00;118
10008;25;624060780;10008;384;11058;11176;7.33;0.45;298.76;9.70;1050;26;3832.00;118
10012;25;624060793;10012;381;11058;11176;7.33;0.45;298.76;9.70;1046;26;3833.00;118
10016;25;624060806;10016;390;11060;11179;7.32;0.45;298.83;9.70;1044;26;3834.00;119
10019;25;624060820;10019;386;11060;11179;7.27;0.44;298.86;9.70;1041;26;3835.00;119
10024;25;624060834;10024;385;11061;11179;7.20;0.44;298.85;9.70;1037;26;3836.00;118
10027;25;624060847;10027;392;11061;11180;7.13;0.43;298.93;9.70;1034;26;3837.00;119
10029;25;624060859;10029;393;11062;11181;7.05;0.43;298.90;9.70;1033;26;3838.00;119
10032;25;624060873;10032;390;11063;11181;6.96;0.42;298.90;9.81;1031;26;3839.00;118
10040;25;624060887;10040;397;11080;11207;6.89;0.42;298.85;9.79;1040;26;3840.00;127
10042;25;624060902;10042;395;11080;11207;6.85;0.42;298.83;9.79;1038;26;3841.00;127
10050;25;624060914;10050;387;11082;11207;6.80;0.41;298.82;9.79;1032;26;3842.00;125
10053;25;624060928;10053;392;11084;11208;6.76;0.41;298.83;9.79;1031;26;3843.00;124
10058;25;624060941;10058;394;11085;11208;6.76;0.41;298.79;9.80;1027;26;3844.00;123
10059;25;624060955;10059;393;11089;11212;6.80;0.41;298.77;9.81;1030;26;3845.00;123
10062;25;624060969;10062;387;11090;11214;6.79;0.41;298.75;9.81;1028;26;3846.00;124
10065;25;624060982;10065;392;11094;11218;6.79;0.41;298.75;9.81;1029;26;3847.00;124
10068;25;624060995;10068;385;11095;11218;6.81;0.41;298.71;9.81;1027;26;3848.00;123
10071;25;624061007;10071;389;11095;11218;6.81;0.41;298.70;9.81;1024;26;3849.00;123
10073;25;624061019;10073;394;11095;11218;6.81;0.41;298.66;9.81;1022;26;3850.00;123
10075;25;624061032;10075;399;11095;11218;6.84;0.41;298.62;9.81;1020;26;3851.00;123
10078;25;624061044;10078;396;11104;11230;6.86;0.42;298.58;9.80;1026;26;3852.00;126
10079;25;624061057;10079;401;11105;11230;6.81;0.41;298.57;9.80;1026;26;3853.00;125
10082;25;624061069;10082;395;11106;11230;6.77;0.41;298.49;9.80;1024;26;3854.00;124
10084;25;624061081;10084;395;11106;11230;6.74;0.41;298.52;9.80;1022;26;3855.00;124
10087;25;624061093;10087;397;11106;11230;6.70;0.41;298.47;9.80;1019;26;3856.00;124
10089;25;624061106;10089;407;11106;11230;6.68;0.40;298.45;9.80;1017;26;3857.00;124
10090;25;624061121;10090;403;11107;11231;6.68;0.40;298.45;9.80;1017;26;3858.00;124
10090;25;624061133;10090;406;11107;11231;6.62;0.40;298.45;9.80;1017;26;3859.00;124
10093;25;624061144;10093;413;11111;11237;6.60;0.40;298.49;9.80;1018;26;3860.00;126
10095;25;624061157;10095;417;11114;11238;6.56;0.40;298.46;9.80;1019;26;3861.00;124
10096;25;624061168;10096;420;11114;11238;6.52;0.39;298.45;9.80;1018;26;3862.00;124
10098;25;624061179;10098;421;11115;11238;6.47;0.39;298.42;9.91;1017;26;3863.00;123
10098;25;624061190;10098;422;11121;11242;6.46;0.39;298.42;9.92;1023;26;3864.00;121
10099;25;624061202;10099;422;11121;11242;6.37;0.39;298.40;9.92;1022;26;3865.00;121
10100;25;624061213;10100;429;11122;11242;6.32;0.38;298.37;9.93;1022;26;3866.00;120
10103;25;624061223;10103;424;11123;11243;6.25;0.38;298.37;9.92;1020;26;3867.00;120
10104;25;624061235;10104;420;11126;11247;6.23;0.38;298.34;9.92;1022;26;3868.00;121
10105;25;624061246;10105;416;11127;11247;6.21;0.38;298.34;9.93;1022;26;3869.00;120
10111;25;624061259;10111;419;11132;11253;6.20;0.38;298.28;9.94;1021;26;3870.00;121
10112;25;624061271;10112;419;11133;11253;6.21;0.38;298.26;9.94;1021;26;3871.00;120
10114;25;624061282;10114;416;11136;11253;6.19;0.38;298.28;9.96;1022;26;3872.00;117
10115;25;624061294;10115;418;11136;11253;6.20;0.38;298.27;9.96;1021;26;3873.00;117
10116;25;624061311;10116;414;11141;11257;6.22;0.38;298.26;9.97;1025;26;3874.00;116
10116;25;624061322;10116;418;11141;11257;6.23;0.38;298.26;9.97;1025;26;3875.00;116
10118;25;624061338;10118;416;11143;11257;6.16;0.38;298.24;9.99;1025;26;3876.00;114
10121;25;624061349;10121;425;11143;11257;6.09;0.37;298.20;9.99;1022;26;3877.00;114
10123;25;624061360;10123;426;11145;11258;6.03;0.37;298.18;10.00;1022;26;3878.00;113
10123;25;624061371;10123;426;11147;11259;6.02;0.37;298.18;10.01;1024;26;3879.00;112
10126;25;624061382;10126;433;11148;11259;5.98;0.37;298.15;10.01;1022;26;3880.00;111
10128;25;624061392;10128;437;11150;11260;5.95;0.36;298.14;10.03;1022;26;3881.00;110
10130;25;624061403;10130;435;11150;11260;5.91;0.36;298.13;10.03;1020;26;3882.00;110
10130;25;624061414;10130;438;11150;11260;5.87;0.36;298.13;10.03;1020;26;3883.00;110
10132;25;624061424;10132;442;11151;11260;5.85;0.36;298.20;10.04;1019;26;3884.00;109
10135;25;624061435;10135;448;11151;11260;5.81;0.36;298.18;10.04;1016;26;3885.00;109
10136;25;624061445;10136;452;11151;11260;5.80;0.36;298.17;10.04;1015;26;3886.00;109
10137;25;624061456;10137;453;11157;11260;5.75;0.35;298.17;10.11;1020;26;3887.00;103
10139;25;624061466;10139;473;11222;11387;5.98;0.37;298.13;10.05;1083;26;3888.00;165
10141;25;624061487;10141;464;11227;11388;5.96;0.37;298.24;10.04;1086;26;3889.00;161
10144;25;624061498;10144;453;11238;11388;5.99;0.37;298.20;10.05;1094;26;3890.00;150
10146;25;624061509;10146;452;11244;11388;5.95;0.37;298.20;10.04;1098;26;3891.00;144
10148;25;624061520;10148;448;11250;11388;5.91;0.37;298.18;10.05;1102;26;3892.00;138
10150;25;624061531;10150;449;11252;11388;5.85;0.36;298.14;10.05;1102;26;3893.00;136
10153;25;624061542;10153;440;11255;11388;5.83;0.36;298.12;10.06;1102;26;3894.00;133
10157;25;624061553;10157;440;11258;11388;5.82;0.36;298.17;10.07;1101;26;3895.00;130
10160;25;624061565;10160;441;11261;11389;5.81;0.36;298.27;10.06;1101;26;3896.00;128
10163;25;624061576;10163;446;11267;11390;5.82;0.36;298.22;10.08;1104;26;3897.00;123
10164;25;624061588;10164;457;11269;11390;5.82;0.36;298.21;10.08;1105;26;3898.00;121
10166;25;624061599;10166;452;11273;11391;5.80;0.36;298.19;10.10;1107;26;3899.00;118
10169;25;624061613;10169;460;11280;11406;5.74;0.35;298.17;10.09;1111;26;3900.00;126
10171;25;624061630;10171;460;11285;11406;5.69;0.35;298.19;10.11;1114;26;3901.00;121
10174;25;624061643;10174;457;11286;11406;5.66;0.35;298.20;10.11;1112;26;3902.00;120
10177;25;624061654;10177;463;11290;11410;5.60;0.35;298.22;10.11;1113;26;3903.00;120
10182;25;624061666;10182;469;11294;11410;5.54;0.34;298.16;10.12;1112;26;3904.00;116
10186;25;624061678;10186;474;11296;11410;5.50;0.34;298.16;10.12;1110;26;3905.00;114
10193;25;624061690;10193;475;11300;11413;5.43;0.33;298.23;10.13;1107;26;3906.00;113
10195;25;624061702;10195;473;11301;11413;5.42;0.34;298.30;10.13;1106;26;3907.00;112
10198;25;624061714;10198;478;11302;11413;5.35;0.33;298.31;10.13;1104;26;3908.00;111
10203;25;624061726;10203;477;11307;11417;5.30;0.33;298.39;10.13;1104;26;3909.00;110
10205;25;624061760;10205;466;11310;11418;5.29;0.33;298.38;10.14;1105;26;3910.00;108
10209;25;624061772;10209;463;11311;11418;5.28;0.33;298.39;10.14;1102;26;3911.00;107
10213;25;624061789;10213;464;11318;11422;5.31;0.33;298.45;10.14;1105;26;3912.00;104
10217;25;624061802;10217;461;11319;11422;5.32;0.33;298.41;10.14;1102;26;3913.00;103
10223;25;624061814;10223;455;11321;11422;5.32;0.33;298.51;10.15;1098;26;3914.00;101
10224;25;624061826;10224;459;11323;11424;5.35;0.33;298.49;10.15;1099;26;3915.00;101
10228;25;624061837;10228;460;11323;11424;5.37;0.33;298.59;10.15;1095;26;3916.00;101
10231;25;624061849;10231;448;11329;11430;5.45;0.33;298.57;10.15;1098;26;3917.00;101
10232;25;624061862;10232;448;11329;11430;5.52;0.34;298.63;10.15;1097;26;3918.00;101
10236;25;624061874;10236;446;11329;11431;5.58;0.34;298.76;10.15;1093;26;3919.00;102
10237;25;624061886;10237;443;11329;11431;5.63;0.35;298.77;10.15;1092;26;3920.00;102
10242;25;624061898;10242;440;11329;11431;5.65;0.35;298.81;10.15;1087;26;3921.00;102
10245;25;624061910;10245;438;11330;11431;5.67;0.35;298.87;10.15;1085;26;3922.00;101
10248;25;624061922;10248;427;11331;11431;5.72;0.35;298.94;10.15;1083;26;3923.00;100
10250;25;624061935;10250;419;11340;11443;5.85;0.36;299.01;10.14;1090;26;3924.00;103
10254;25;624061948;10254;419;11342;11443;5.93;0.36;299.00;10.14;1088;26;3925.00;101
10258;25;624061961;10258;411;11342;11443;6.04;0.37;299.10;10.14;1084;26;3926.00;101
10261;25;624061974;10261;398;11343;11443;6.17;0.38;299.11;10.14;1082;26;3927.00;100
10265;25;624061986;10265;394;11343;11443;6.24;0.38;299.10;10.14;1078;26;3928.00;100
10271;25;624061999;10271;396;11345;11443;6.28;0.38;299.20;10.14;1074;26;3929.00;98
10276;25;624062014;10276;390;11348;11447;6.30;0.38;299.32;10.14;1072;26;3930.00;99
10278;25;624062027;10278;386;11348;11447;6.32;0.38;299.31;10.14;1070;26;3931.00;99
10282;25;624062040;10282;381;11352;11451;6.41;0.39;299.36;10.14;1070;26;3932.00;99
10288;25;624062053;10288;382;11353;11452;6.43;0.39;299.44;10.13;1065;26;3933.00;99
10292;25;624062066;10292;380;11353;11452;6.42;0.39;299.45;10.13;1061;26;3934.00;99
10296;25;624062079;10296;374;11353;11452;6.41;0.39;299.52;10.13;1057;26;3935.00;99
10301;25;624062092;10301;378;11363;11465;6.37;0.39;299.61;10.13;1062;26;3936.00;102
10304;25;624062106;10304;371;11364;11465;6.39;0.39;299.61;10.13;1060;26;3937.00;101
10306;25;624062130;10306;366;11364;11465;6.41;0.39;299.67;10.13;1058;26;3938.00;101
10311;25;624062150;10311;370;11366;11466;6.36;0.39;299.74;10.24;1055;26;3939.00;100
10314;25;624062172;10314;366;11366;11467;6.34;0.39;299.77;10.24;1052;26;3940.00;101
10318;25;624062193;10318;372;11366;11467;6.29;0.38;299.90;10.24;1048;26;3941.00;101
10320;25;624062211;10320;367;11368;11470;6.28;0.38;299.99;10.24;1048;26;3942.00;102
10326;25;624062227;10326;373;11368;11470;6.19;0.38;300.09;10.24;1042;26;3943.00;102
10328;25;624062242;10328;375;11369;11470;6.18;0.38;300.12;10.24;1041;26;3944.00;101
10334;25;624062256;10334;376;11369;11470;6.13;0.37;300.17;10.24;1035;26;3945.00;101
10336;25;624062270;10336;374;11374;11476;6.17;0.38;300.18;10.23;1038;26;3946.00;102
10340;25;624062283;10340;375;11374;11476;6.10;0.37;300.18;10.23;1034;26;3947.00;102
10341;25;624062297;10341;374;11374;11476;6.07;0.37;300.19;10.23;1033;26;3948.00;102
10345;25;624062310;10345;378;11374;11476;6.00;0.37;300.30;10.23;1029;26;3949.00;102
10352;25;624062323;10352;377;11377;11480;5.97;0.37;300.29;10.23;1025;26;3950.00;103
10355;25;624062336;10355;376;11378;11481;5.95;0.36;300.26;10.23;1023;26;3951.00;103
10360;25;624062349;10360;369;11379;11481;5.90;0.36;300.28;10.34;1019;26;3952.00;102
10363;25;624062361;10363;371;11380;11482;5.92;0.36;300.26;10.34;1017;26;3953.00;102
10367;25;624062374;10367;379;11380;11482;5.89;0.36;300.36;10.34;1013;26;3954.00;102
10370;25;624062386;10370;381;11380;11482;5.86;0.36;300.43;10.34;1010;26;3955.00;102
10372;25;624062399;10372;387;11380;11482;5.81;0.35;300.49;10.34;1008;26;3956.00;102
10375;25;624062412;10375;373;11380;11482;5.74;0.35;300.46;10.34;1005;26;3957.00;102
10380;25;624062424;10380;366;11380;11482;5.68;0.35;300.52;10.34;1000;26;3958.00;102
10382;25;624062437;10382;370;11381;11482;5.63;0.34;300.54;10.45;999;26;3959.00;101
10388;25;624062451;10388;391;11452;11607;5.61;0.35;300.60;10.39;1064;26;3960.00;155
10388;25;624062475;10388;379;11453;11608;5.68;0.35;300.60;10.39;1065;26;3961.00;155
10390;25;624062488;10390;377;11458;11608;5.75;0.35;300.69;10.38;1068;26;3962.00;150
10393;25;624062500;10393;373;11458;11608;5.78;0.36;300.74;10.38;1065;26;3963.00;150
10396;25;624062513;10396;378;11463;11608;5.85;0.36;300.84;10.38;1067;26;3964.00;145
10397;25;624062526;10397;381;11465;11608;5.88;0.36;300.88;10.38;1068;26;3965.00;143
10397;25;624062539;10397;374;11470;11608;5.94;0.37;300.88;10.38;1073;26;3966.00;138
10402;25;624062552;10402;373;11474;11608;5.93;0.36;300.87;10.38;1072;26;3967.00;134
10404;26;624062566;10404;370;11479;11609;5.92;0.36;300.84;10.49;1075;27;3968.00;130
10406;26;624062604;10406;373;11483;11610;5.90;0.36;300.84;10.49;1077;27;3969.00;127
10407;26;624062624;10407;376;11486;11610;5.81;0.36;300.87;10.49;1079;27;3970.00;124
10409;26;624062645;10409;377;11491;11614;5.75;0.35;300.86;10.48;1082;27;3971.00;123
10413;26;624062659;10413;373;11492;11614;5.71;0.35;300.97;10.48;1079;27;3972.00;122
10414;26;624062673;10414;372;11492;11614;5.75;0.36;301.01;10.48;1078;27;3973.00;122
10419;26;624062686;10419;371;11493;11614;5.81;0.36;301.04;10.59;1074;27;3974.00;121
10421;26;624062700;10421;379;11497;11620;5.88;0.36;301.03;10.59;1076;27;3975.00;123
10424;26;624062713;10424;381;11497;11620;5.97;0.37;301.08;10.59;1073;27;3976.00;123
10427;26;624062727;10427;380;11497;11620;6.02;0.37;301.12;10.59;1070;27;3977.00;123
10430;26;624062741;10430;369;11499;11623;6.11;0.37;301.12;10.59;1069;27;3978.00;124
10435;26;624062755;10435;374;11500;11623;6.14;0.38;301.23;10.59;1065;27;3979.00;123
10438;26;624062768;10438;370;11501;11623;6.20;0.38;301.20;10.59;1063;27;3980.00;122
10442;26;624062783;10442;373;11501;11624;6.18;0.38;301.26;10.59;1059;27;3981.00;123
10443;26;624062796;10443;374;11502;11625;6.19;0.38;301.24;10.59;1059;27;3982.00;123
10444;26;624062810;10444;375;11502;11625;6.20;0.38;301.22;10.59;1058;27;3983.00;123
10447;26;624062824;10447;379;11512;11638;6.15;0.38;301.22;10.58;1065;27;3984.00;126
10450;26;624062839;10450;378;11513;11638;6.14;0.38;301.20;10.58;1063;27;3985.00;125
10451;26;624062855;10451;386;11513;11638;6.18;0.38;301.20;10.58;1062;27;3986.00;125
10454;26;624062869;10454;390;11514;11639;6.20;0.38;301.14;10.57;1060;27;3987.00;125
10457;26;624062884;10457;390;11514;11639;6.24;0.38;301.14;10.57;1057;27;3988.00;125
10461;26;624062898;10461;388;11518;11643;6.30;0.38;301.10;10.57;1057;27;3989.00;125
10461;26;624062916;10461;393;11518;11643;6.36;0.39;301.10;10.57;1057;27;3990.00;125
10463;26;624062929;10463;400;11521;11647;6.38;0.39;301.11;10.57;1058;27;3991.00;126
10465;26;624062943;10465;400;11521;11647;6.40;0.39;301.09;10.57;1056;27;3992.00;126
10465;26;624062956;10465;403;11521;11647;6.42;0.39;301.09;10.57;1056;27;3993.00;126
10466;26;624062969;10466;407;11521;11647;6.41;0.39;301.08;10.57;1055;27;3994.00;126
10468;26;624062981;10468;409;11521;11647;6.36;0.39;301.07;10.57;1053;27;3995.00;126
10469;26;624062994;10469;412;11531;11659;6.38;0.39;301.05;10.56;1062;27;3996.00;128
10469;26;624063008;10469;416;11531;11659;6.36;0.39;301.05;10.56;1062;27;3997.00;128
10471;26;624063021;10471;413;11532;11659;6.39;0.39;301.00;10.56;1061;27;3998.00;127
10475;26;624063034;10475;421;11532;11659;6.35;0.39;301.02;10.56;1057;27;3999.00;127
10479;26;624063048;10479;422;11532;11659;6.33;0.39;300.95;10.56;1053;27;4000.00;127
10479;26;624063066;10479;420;11532;11659;6.33;0.39;300.95;10.56;1053;27;4001.00;127
10479;26;624063078;10479;424;11532;11660;6.31;0.38;300.95;10.56;1053;27;4002.00;128
10480;26;624063091;10480;422;11532;11660;6.30;0.38;300.95;10.56;1052;27;4003.00;128
10483;26;624063106;10483;424;11537;11666;6.29;0.38;301.00;10.55;1054;27;4004.00;129
10486;26;624063120;10486;429;11539;11668;6.31;0.38;300.97;10.55;1053;27;4005.00;129
10487;26;624063133;10487;434;11539;11668;6.27;0.38;300.96;10.55;1052;27;4006.00;129
10489;26;624063147;10489;439;11539;11668;6.25;0.38;300.94;10.55;1050;27;4007.00;129
10490;26;624063160;10490;439;11542;11672;6.27;0.38;300.93;10.55;1052;27;4008.00;130
10490;26;624063172;10490;438;11542;11672;6.23;0.38;300.93;10.55;1052;27;4009.00;130
10491;27;624063183;10491;445;11542;11672;6.20;0.38;300.92;10.55;1051;28;4010.00;130
10492;27;624063210;10492;446;11543;11673;6.14;0.38;300.92;10.55;1051;28;4011.00;130
10497;27;624063221;10497;454;11546;11677;6.06;0.37;300.88;10.55;1049;28;4012.00;131
10500;27;624063233;10500;457;11547;11677;5.94;0.36;300.92;10.66;1047;28;4013.00;130
10501;27;624063245;10501;455;11549;11680;5.92;0.36;300.90;10.65;1048;28;4014.00;131
10504;27;624063257;10504;460;11552;11680;5.84;0.36;300.88;10.67;1048;28;4015.00;128
10505;27;624063269;10505;460;11552;11680;5.79;0.35;300.85;10.67;1047;28;4016.00;128
10507;27;624063280;10507;455;11552;11680;5.73;0.35;300.82;10.67;1045;28;4017.00;128
10508;27;624063291;10508;453;11556;11684;5.72;0.35;300.80;10.67;1048;28;4018.00;128
10511;27;624063303;10511;444;11556;11684;5.68;0.35;300.78;10.67;1045;28;4019.00;128
10512;27;624063316;10512;430;11556;11684;5.75;0.35;300.79;10.67;1044;28;4020.00;128
10515;27;624063327;10515;421;11556;11684;5.72;0.35;300.81;10.67;1041;28;4021.00;128
10518;27;624063339;10518;414;11556;11685;5.72;0.35;300.77;10.67;1038;28;4022.00;129
10519;27;624063351;10519;414;11557;11686;5.76;0.35;300.77;10.67;1038;28;4023.00;129
10524;27;624063362;10524;413;11557;11686;5.74;0.35;300.72;10.67;1033;28;4024.00;129
10526;27;624063374;10526;415;11558;11687;5.79;0.35;300.69;10.67;1032;28;4025.00;129
10527;27;624063385;10527;414;11558;11687;5.85;0.36;300.69;10.67;1031;28;4026.00;129
10527;27;624063397;10527;415;11558;11687;5.89;0.36;300.69;10.67;1031;28;4027.00;129
10528;28;624063409;10528;420;11558;11687;5.96;0.36;300.70;10.67;1030;29;4028.00;129
10529;28;624063431;10529;408;11558;11687;6.07;0.37;300.70;10.67;1029;29;4029.00;129
10530;28;624063443;10530;403;11558;11687;6.10;0.37;300.71;10.67;1028;29;4030.00;129
10531;28;624063454;10531;398;11558;11687;6.18;0.38;300.71;10.67;1027;29;4031.00;129
10533;28;624063465;10533;411;11627;11814;6.49;0.40;300.70;10.61;1094;29;4032.00;187
10535;28;624063492;10535;400;11633;11815;6.50;0.40;300.69;10.60;1098;29;4033.00;182
10535;28;624063504;10535;393;11642;11815;6.59;0.41;300.69;10.59;1107;29;4034.00;173
10535;28;624063516;10535;391;11646;11815;6.62;0.41;300.69;10.59;1111;29;4035.00;169
10536;29;624063528;10536;390;11651;11815;6.65;0.41;300.66;10.59;1115;30;4036.00;164
10539;29;624063547;10539;390;11654;11815;6.67;0.41;300.65;10.59;1115;30;4037.00;161
10544;29;624063564;10544;390;11655;11815;6.64;0.41;300.58;10.59;1111;30;4038.00;160
10545;29;624063576;10545;390;11657;11815;6.72;0.41;300.56;10.59;1112;30;4039.00;158
10547;29;624063588;10547;386;11661;11816;6.74;0.42;300.55;10.61;1114;30;4040.00;155
10550;29;624063600;10550;393;11663;11817;6.75;0.42;300.60;10.61;1113;30;4041.00;154
10553;29;624063613;10553;391;11666;11817;6.75;0.41;300.56;10.61;1113;30;4042.00;151
10554;29;624063627;10554;395;11669;11818;6.75;0.41;300.59;10.61;1115;30;4043.00;149
10560;29;624063640;10560;401;11672;11818;6.71;0.41;300.61;10.63;1112;30;4044.00;146
10562;29;624063652;10562;398;11673;11818;6.69;0.41;300.63;10.63;1111;31;4045.00;145
10565;29;624063669;10565;405;11675;11818;6.62;0.41;300.67;10.66;1110;31;4046.00;143
10569;29;624063681;10569;409;11681;11822;6.60;0.40;300.66;10.66;1112;31;4047.00;141
10569;29;624063694;10569;413;11682;11822;6.57;0.40;300.66;10.67;1113;31;4048.00;140
10572;29;624063714;10572;422;11686;11822;6.43;0.39;300.75;10.69;1114;31;4049.00;136
10574;29;624063729;10574;434;11689;11828;6.32;0.39;300.76;10.69;1115;31;4050.00;139
10576;29;624063743;10576;441;11692;11828;6.25;0.38;300.84;10.70;1116;31;4051.00;136
10579;29;624063756;10579;448;11695;11828;6.13;0.37;300.84;10.72;1116;31;4052.00;133
10579;29;624063769;10579;453;11700;11832;6.10;0.37;300.84;10.72;1121;31;4053.00;132
10581;29;624063782;10581;458;11703;11833;6.09;0.37;300.88;10.73;1122;31;4054.00;130
10583;29;624063799;10583;468;11705;11833;6.01;0.37;300.87;10.74;1122;31;4055.00;128
10583;29;624063816;10583;468;11709;11837;6.01;0.37;300.87;10.75;1126;31;4056.00;128
10586;29;624063834;10586;470;11713;11837;5.94;0.36;300.86;10.76;1127;31;4057.00;124
10588;29;624063846;10588;471;11714;11837;5.91;0.36;300.90;10.77;1126;31;4058.00;123
10591;29;624063858;10591;470;11715;11838;5.88;0.36;300.91;10.77;1124;31;4059.00;123
10592;29;624063870;10592;466;11717;11838;5.88;0.36;300.94;10.78;1125;31;4060.00;121
10593;29;624063883;10593;465;11723;11844;5.92;0.36;300.91;10.79;1130;31;4061.00;121
10597;29;624063895;10597;465;11725;11844;5.87;0.36;300.90;10.80;1128;31;4062.00;119
10599;29;624063908;10599;467;11725;11845;5.90;0.36;300.96;10.80;1126;31;4063.00;120
10600;29;624063920;10600;461;11726;11845;5.95;0.36;300.94;10.81;1126;31;4064.00;119
10601;29;624063931;10601;459;11727;11845;5.98;0.37;300.98;10.81;1126;31;4065.00;118
10603;29;624063943;10603;457;11727;11845;6.00;0.37;300.98;10.81;1124;31;4066.00;118
10606;29;624063955;10606;457;11729;11845;6.00;0.37;300.97;10.82;1123;31;4067.00;116
10608;29;624063968;10608;460;11740;11857;6.06;0.37;301.01;10.81;1132;31;4068.00;117
10608;29;624063981;10608;445;11741;11857;6.09;0.37;301.01;10.82;1133;31;4069.00;116
10611;29;624063993;10611;440;11741;11857;6.13;0.37;301.06;10.82;1130;31;4070.00;116
10619;29;624064005;10619;442;11742;11857;6.09;0.37;301.07;10.82;1123;31;4071.00;115
10622;29;624064018;10622;438;11742;11857;6.12;0.37;301.07;10.82;1120;31;4072.00;115
10627;29;624064029;10627;435;11743;11857;6.11;0.37;301.13;10.83;1116;31;4073.00;114
10630;29;624064042;10630;433;11746;11861;6.13;0.37;301.24;10.83;1116;31;4074.00;115
10637;29;624064054;10637;433;11747;11861;6.06;0.37;301.17;10.84;1110;31;4075.00;114
10640;29;624064066;10640;429;11753;11865;6.05;0.37;301.36;10.85;1113;31;4076.00;112
10644;29;624064079;10644;422;11755;11866;5.99;0.37;301.49;10.86;1111;31;4077.00;111
10648;29;624064091;10648;432;11755;11866;5.90;0.36;301.51;10.86;1107;31;4078.00;111
10651;29;624064103;10651;434;11755;11866;5.81;0.36;301.56;10.86;1104;31;4079.00;111
10655;29;624064122;10655;443;11778;11895;5.74;0.35;301.62;10.84;1123;31;4080.00;117
10658;29;624064145;10658;443;11780;11895;5.67;0.35;301.66;10.85;1122;31;4081.00;115
10666;29;624064166;10666;438;11783;11895;5.59;0.34;301.89;10.86;1117;31;4082.00;112
10667;29;624064186;10667;435;11785;11896;5.63;0.35;301.93;10.86;1118;31;4083.00;111
10671;29;624064203;10671;426;11786;11897;5.62;0.35;302.04;10.86;1115;31;4084.00;111
10675;29;624064224;10675;419;11787;11897;5.65;0.35;302.08;10.87;1112;31;4085.00;110
10681;29;624064239;10681;421;11790;11900;5.69;0.35;302.20;10.86;1109;31;4086.00;110
10684;29;624064255;10684;416;11791;11900;5.74;0.35;302.20;10.87;1107;31;4087.00;109
10688;29;624064269;10688;410;11791;11900;5.77;0.35;302.18;10.87;1103;31;4088.00;109
10693;29;624064284;10693;398;11791;11900;5.75;0.35;302.24;10.87;1098;31;4089.00;109
10696;30;624064297;10696;390;11796;11906;5.81;0.36;302.28;10.86;1100;32;4090.00;110
10698;30;624064328;10698;385;11796;11906;5.89;0.36;302.25;10.86;1098;32;4091.00;110
10701;30;624064343;10701;393;11796;11906;5.98;0.37;302.29;10.86;1095;32;4092.00;110
10705;30;624064356;10705;389;11796;11906;6.04;0.37;302.35;10.86;1091;32;4093.00;110
10707;30;624064370;10707;388;11799;11910;6.13;0.38;302.39;10.86;1092;32;4094.00;111
10709;30;624064383;10709;378;11801;11912;6.22;0.38;302.46;10.86;1092;32;4095.00;111
10715;30;624064397;10715;375;11801;11912;6.25;0.38;302.55;10.86;1086;32;4096.00;111
10720;30;624064412;10720;368;11802;11913;6.27;0.38;302.58;10.86;1082;32;4097.00;111
10725;30;624064425;10725;369;11802;11913;6.27;0.38;302.64;10.86;1077;32;4098.00;111
10731;30;624064438;10731;375;11802;11913;6.25;0.38;302.70;10.86;1071;32;4099.00;111
10738;30;624064453;10738;375;11802;11913;6.23;0.38;302.70;10.86;1064;32;4100.00;111
10744;30;624064471;10744;376;11802;11913;6.14;0.37;302.85;10.86;1058;32;4101.00;111
10747;30;624064486;10747;387;11802;11913;6.11;0.37;302.85;10.86;1055;32;4102.00;111
10750;30;624064499;10750;394;11802;11913;6.08;0.37;302.93;10.86;1052;32;4103.00;111
10756;30;624064512;10756;406;11843;11983;6.08;0.37;302.96;10.94;1087;32;4104.00;140
10761;30;624064534;10761;399;11845;11984;6.09;0.37;303.04;10.93;1084;32;4105.00;139
10763;30;624064547;10763;399;11850;11984;6.12;0.37;303.14;10.93;1087;32;4106.00;134
10768;30;624064561;10768;401;11851;11984;6.06;0.37;303.19;10.93;1083;32;4107.00;133
10769;30;624064574;10769;393;11853;11984;6.08;0.37;303.24;10.93;1084;32;4108.00;131
10773;30;624064586;10773;396;11854;11984;6.07;0.37;303.29;10.93;1081;32;4109.00;130
10777;30;624064600;10777;398;11856;11984;6.01;0.37;303.37;10.93;1079;32;4110.00;128
10783;30;624064613;10783;397;11858;11984;5.96;0.36;303.35;10.93;1075;32;4111.00;126
10786;30;624064626;10786;392;11860;11985;6.00;0.37;303.40;10.93;1074;32;4112.00;125
10790;30;624064639;10790;392;11862;11986;5.94;0.36;303.46;10.93;1072;32;4113.00;124
10796;30;624064652;10796;391;11864;11986;5.87;0.36;303.57;10.93;1068;32;4114.00;122
10800;30;624064665;10800;397;11868;11990;5.85;0.36;303.63;10.92;1068;32;4115.00;122
10802;30;624064686;10802;399;11870;11990;5.82;0.35;303.63;10.92;1068;32;4116.00;120
10805;30;624064699;10805;398;11871;11990;5.75;0.35;303.67;10.92;1066;32;4117.00;119
10810;30;624064712;10810;395;11871;11990;5.73;0.35;303.74;10.92;1061;32;4118.00;119
10815;30;624064725;10815;396;11876;11996;5.73;0.35;303.82;10.92;1061;32;4119.00;120
10819;30;624064740;10819;408;11876;11996;5.71;0.35;303.87;10.92;1057;32;4120.00;120
10821;30;624064753;10821;406;11877;11996;5.73;0.35;303.92;10.92;1056;32;4121.00;119
10824;30;624064765;10824;403;11879;11999;5.78;0.35;303.95;10.92;1055;32;4122.00;120
10830;30;624064778;10830;413;11880;11999;5.73;0.35;304.00;10.92;1050;32;4123.00;119
10834;30;624064792;10834;418;11881;11999;5.71;0.35;304.04;10.92;1047;32;4124.00;118
10836;30;624064805;10836;426;11883;12000;5.65;0.34;304.10;11.03;1047;32;4125.00;117
10840;30;624064817;10840;445;11884;12001;5.57;0.34;304.11;11.03;1044;32;4126.00;117
10843;30;624064830;10843;444;11884;12001;5.49;0.33;304.13;11.03;1041;32;4127.00;117
10847;30;624064843;10847;440;11895;12014;5.47;0.33;304.21;11.02;1048;32;4128.00;119
10851;30;624064858;10851;448;11895;12014;5.40;0.33;304.26;11.02;1044;32;4129.00;119
10854;30;624064870;10854;447;11895;12014;5.34;0.32;304.30;11.02;1041;32;4130.00;119
10856;30;624064882;10856;448;11896;12015;5.27;0.32;304.34;11.02;1040;32;4131.00;119
10856;30;624064895;10856;457;11896;12015;5.26;0.32;304.34;11.02;1040;32;4132.00;119
10860;30;624064907;10860;456;11900;12019;5.24;0.32;304.35;11.01;1040;32;4133.00;119
10862;30;624064921;10862;450;11900;12019;5.24;0.32;304.36;11.01;1038;32;4134.00;119
10863;30;624064934;10863;460;11903;12023;5.28;0.32;304.36;11.01;1040;32;4135.00;120
10866;30;624064947;10866;444;11903;12023;5.25;0.32;304.36;11.01;1037;32;4136.00;120
10867;30;624064960;10867;437;11903;12023;5.27;0.32;304.39;11.01;1036;32;4137.00;120
10869;30;624064974;10869;426;11903;12023;5.30;0.32;304.34;11.01;1034;32;4138.00;120
10874;30;624064987;10874;423;11903;12023;5.28;0.32;304.31;11.01;1029;32;4139.00;120
10876;30;624065002;10876;422;11930;12057;5.37;0.33;304.30;11.09;1054;32;4140.00;127
10877;30;624065018;10877;426;11930;12057;5.43;0.33;304.29;11.09;1053;32;4141.00;127
10879;30;624065031;10879;423;11932;12057;5.52;0.34;304.32;11.09;1053;32;4142.00;125
10883;30;624065044;10883;423;11932;12057;5.55;0.34;304.32;11.09;1049;32;4143.00;125
10884;30;624065057;10884;415;11933;12057;5.57;0.34;304.35;11.09;1049;32;4144.00;124
10886;30;624065070;10886;416;11933;12057;5.60;0.34;304.34;11.09;1047;32;4145.00;124
10891;30;624065083;10891;423;11933;12058;5.61;0.34;304.26;11.09;1042;32;4146.00;125
10892;30;624065097;10892;425;11933;12058;5.66;0.35;304.29;11.09;1041;32;4147.00;125
10894;30;624065114;10894;417;11938;12064;5.81;0.35;304.27;11.08;1044;32;4148.00;126
10896;30;624065132;10896;410;11939;12065;5.93;0.36;304.29;11.08;1043;32;4149.00;126
10899;30;624065146;10899;405;11939;12065;5.96;0.36;304.27;11.08;1040;32;4150.00;126
10902;30;624065159;10902;399;11939;12065;5.98;0.36;304.29;11.08;1037;32;4151.00;126
10906;30;624065172;10906;397;11942;12069;5.99;0.36;304.27;11.08;1036;32;4152.00;127
10909;30;624065184;10909;395;11942;12069;5.92;0.36;304.30;11.08;1033;32;4153.00;127
10911;30;624065197;10911;396;11942;12069;5.87;0.36;304.29;11.08;1031;32;4154.00;127
10912;30;624065209;10912;395;11943;12070;5.85;0.36;304.27;11.08;1031;32;4155.00;127
10914;30;624065221;10914;396;11946;12074;5.83;0.35;304.23;11.08;1032;32;4156.00;128
10915;30;624065234;10915;392;11946;12074;5.86;0.36;304.21;11.08;1031;32;4157.00;128
10916;30;624065246;10916;388;11948;12077;5.91;0.36;304.19;11.07;1032;32;4158.00;129
10917;30;624065259;10917;387;11948;12077;5.94;0.36;304.17;11.07;1031;32;4159.00;129
10918;30;624065271;10918;392;11949;12077;6.01;0.36;304.14;11.07;1031;32;4160.00;128
10918;30;624065283;10918;386;11949;12077;6.05;0.37;304.14;11.07;1031;32;4161.00;128
10922;30;624065295;10922;384;11953;12081;6.09;0.37;304.10;11.07;1031;32;4162.00;128
10923;30;624065308;10923;379;11953;12081;6.13;0.37;304.18;11.07;1030;32;4163.00;128
10924;30;624065320;10924;376;11953;12081;6.19;0.37;304.16;11.07;1029;32;4164.00;128
10927;30;624065332;10927;384;11953;12081;6.21;0.38;304.14;11.07;1026;32;4165.00;128
10927;30;624065344;10927;380;11953;12082;6.20;0.37;304.14;11.07;1026;32;4166.00;129
10927;30;624065357;10927;373;11954;12083;6.28;0.38;304.14;11.07;1027;32;4167.00;129
10927;30;624065368;10927;366;11954;12083;6.34;0.38;304.14;11.07;1027;32;4168.00;129
10927;30;624065380;10927;366;11955;12084;6.41;0.39;304.14;11.07;1028;32;4169.00;129
10928;30;624065393;10928;363;11956;12084;6.47;0.39;304.14;11.18;1028;32;4170.00;128
10930;30;624065407;10930;347;11956;12084;6.53;0.39;304.13;11.18;1026;32;4171.00;128
10932;30;624065419;10932;334;11956;12084;6.58;0.40;304.15;11.18;1024;32;4172.00;128
10934;30;624065431;10934;335;11958;12086;6.62;0.40;304.17;11.17;1024;32;4173.00;128
10934;30;624065444;10934;327;11958;12086;6.71;0.41;304.17;11.17;1024;32;4174.00;128
10935;30;624065456;10935;320;11958;12086;6.84;0.41;304.16;11.17;1023;32;4175.00;128
10936;30;624065468;10936;339;12025;12213;7.00;0.43;304.15;11.11;1089;32;4176.00;188
10937;30;624065490;10937;323;12026;12214;7.05;0.43;304.15;11.11;1089;32;4177.00;188
10938;30;624065503;10938;319;12031;12214;7.21;0.44;304.14;11.11;1093;32;4178.00;183
10941;30;624065517;10941;314;12032;12214;7.28;0.45;304.15;11.11;1091;32;4179.00;182
10943;30;624065529;10943;311;12036;12214;7.35;0.45;304.13;11.10;1093;32;4180.00;178
10945;30;624065549;10945;313;12039;12214;7.43;0.45;304.12;11.10;1094;32;4181.00;175
10948;30;624065567;10948;310;12041;12214;7.52;0.46;304.14;11.10;1093;32;4182.00;173
10950;30;624065581;10950;309;12046;12214;7.49;0.46;304.11;11.10;1096;32;4183.00;168
10952;30;624065600;10952;312;12049;12215;7.57;0.46;304.12;11.11;1097;32;4184.00;166
10954;30;624065614;10954;316;12052;12217;7.60;0.46;304.12;11.11;1098;32;4185.00;165
10954;30;624065633;10954;323;12057;12217;7.60;0.46;304.12;11.12;1103;32;4186.00;160
10955;30;624065646;10955;318;12058;12218;7.61;0.46;304.11;11.12;1103;32;4187.00;160
10957;30;624065660;10957;318;12060;12218;7.57;0.46;304.10;11.12;1103;32;4188.00;158
10958;30;624065673;10958;323;12062;12218;7.49;0.46;304.09;11.12;1104;32;4189.00;156
10958;30;624065686;10958;319;12065;12218;7.44;0.45;304.09;11.12;1107;32;4190.00;153
10961;30;624065699;10961;323;12068;12222;7.37;0.45;304.12;11.12;1107;32;4191.00;154
10964;30;624065712;10964;328;12071;12222;7.32;0.45;304.08;11.12;1107;32;4192.00;151
10965;30;624065725;10965;325;12073;12222;7.23;0.44;304.06;11.12;1108;32;4193.00;149
10968;30;624065744;10968;331;12074;12225;7.17;0.44;304.11;11.12;1106;32;4194.00;151
10971;30;624065757;10971;340;12077;12225;7.13;0.43;304.13;11.12;1106;32;4195.00;148
10976;30;624065770;10976;337;12077;12225;7.07;0.43;304.15;11.12;1101;32;4196.00;148
10980;30;624065783;10980;354;12082;12229;7.02;0.43;304.19;11.12;1102;32;4197.00;147
10983;30;624065796;10983;360;12084;12230;7.04;0.43;304.14;11.12;1101;32;4198.00;146
10987;30;624065810;10987;361;12085;12230;7.05;0.43;304.12;11.12;1098;32;4199.00;145
10990;30;624065825;10990;376;12096;12264;7.04;0.43;304.11;11.11;1106;32;4200.00;168
10991;30;624065845;10991;379;12100;12264;7.08;0.43;304.11;11.12;1109;32;4201.00;164
10992;30;624065858;10992;384;12101;12264;7.10;0.43;304.10;11.11;1109;32;4202.00;163
10995;30;624065871;10995;389;12103;12265;7.09;0.43;304.08;11.11;1108;32;4203.00;162
10997;30;624065884;10997;396;12106;12265;7.03;0.43;304.15;11.11;1109;32;4204.00;159
11001;30;624065897;11001;398;12108;12271;7.00;0.42;304.25;11.11;1107;32;4205.00;163
11003;30;624065911;11003;400;12112;12271;6.92;0.42;304.26;11.11;1109;32;4206.00;159
11006;30;624065924;11006;403;12114;12272;6.86;0.42;304.28;11.12;1108;32;4207.00;158
11008;30;624065937;11008;409;12115;12272;6.80;0.41;304.27;11.12;1107;32;4208.00;157
11009;30;624065950;11009;404;12115;12272;6.77;0.41;304.25;11.12;1106;32;4209.00;157
11011;30;624065962;11011;408;12117;12272;6.75;0.41;304.24;11.14;1106;32;4210.00;155
11017;30;624065975;11017;407;12117;12272;6.66;0.41;304.30;11.14;1100;32;4211.00;155
11018;30;624065988;11018;408;12127;12284;6.64;0.40;304.35;11.13;1109;32;4212.00;157
11021;30;624066009;11021;410;12129;12284;6.55;0.40;304.40;11.13;1108;32;4213.00;155
11024;30;624066023;11024;412;12133;12284;6.49;0.40;304.43;11.15;1109;32;4214.00;151
11025;30;624066037;11025;416;12133;12284;6.47;0.39;304.41;11.15;1108;32;4215.00;151
11028;30;624066050;11028;414;12135;12284;6.44;0.39;304.42;11.17;1107;32;4216.00;149
11030;30;624066063;11030;418;12136;12284;6.41;0.39;304.40;11.17;1106;32;4217.00;148
11035;30;624066077;11035;420;12142;12288;6.36;0.39;304.48;11.19;1107;32;4218.00;146
11036;30;624066090;11036;421;12142;12288;6.35;0.39;304.53;11.19;1106;32;4219.00;146
11037;30;624066103;11037;423;12148;12292;6.36;0.39;304.52;11.21;1111;32;4220.00;144
11038;30;624066120;11038;429;12149;12293;6.33;0.39;304.51;11.21;1111;32;4221.00;144
11041;30;624066139;11041;430;12151;12293;6.26;0.38;304.55;11.22;1110;32;4222.00;142
11043;30;624066161;11043;438;12153;12293;6.19;0.38;304.52;11.23;1110;32;4223.00;140
11045;30;624066185;11045;453;12165;12306;6.09;0.37;304.55;11.23;1120;32;4224.00;141
11047;30;624066207;11047;451;12166;12306;6.01;0.37;304.53;11.24;1119;32;4225.00;140
11050;30;624066225;11050;450;12166;12306;5.94;0.36;304.58;11.24;1116;32;4226.00;140
11052;30;624066238;11052;454;12171;12307;5.87;0.36;304.62;11.26;1119;32;4227.00;136
11054;30;624066251;11054;458;12171;12308;5.79;0.36;304.60;11.26;1117;32;4228.00;137
11054;30;624066265;11054;458;12174;12308;5.80;0.36;304.60;11.29;1120;32;4229.00;134
11057;30;624066279;11057;459;12179;12314;5.79;0.36;304.62;11.28;1122;32;4230.00;135
11059;30;624066294;11059;454;12181;12314;5.78;0.36;304.61;11.30;1122;32;4231.00;133
11063;30;624066307;11063;454;12182;12314;5.83;0.36;304.66;11.30;1119;32;4232.00;132
11065;30;624066321;11065;451;12184;12314;5.82;0.36;304.66;11.32;1119;32;4233.00;130
11069;30;624066335;11069;452;12190;12320;5.85;0.36;304.76;11.32;1121;32;4234.00;130
11073;30;624066349;11073;445;12192;12320;5.82;0.36;304.78;11.34;1119;32;4235.00;128
11077;30;624066362;11077;446;12192;12320;5.82;0.36;304.84;11.34;1115;32;4236.00;128
11078;30;624066375;11078;446;12192;12320;5.80;0.35;304.88;11.34;1114;32;4237.00;128
11081;30;624066388;11081;450;12197;12324;5.77;0.35;304.87;11.35;1116;32;4238.00;127
11084;30;624066402;11084;448;12198;12325;5.71;0.35;304.93;11.35;1114;32;4239.00;127
11086;30;624066416;11086;445;12199;12325;5.69;0.35;304.92;11.35;1113;32;4240.00;126
11090;30;624066429;11090;438;12202;12326;5.68;0.35;304.94;11.37;1112;32;4241.00;124
11095;30;624066442;11095;441;12202;12326;5.64;0.34;305.00;11.37;1107;32;4242.00;124
11096;30;624066455;11096;440;12202;12326;5.60;0.34;305.03;11.37;1106;32;4243.00;124
11101;30;624066468;11101;432;12205;12326;5.51;0.34;305.15;11.39;1104;32;4244.00;121
11104;30;624066482;11104;435;12206;12326;5.41;0.33;305.21;11.39;1102;32;4245.00;120
11109;30;624066494;11109;438;12206;12326;5.31;0.32;305.25;11.39;1097;32;4246.00;120
11114;30;624066507;11114;442;12207;12326;5.18;0.32;305.26;11.39;1093;32;4247.00;119
11116;30;624066519;11116;456;12248;12396;5.19;0.32;305.29;11.36;1132;32;4248.00;148
11119;30;624066538;11119;452;12251;12397;5.09;0.31;305.32;11.36;1132;32;4249.00;146
11121;30;624066551;11121;446;12258;12397;5.07;0.31;305.39;11.37;1137;32;4250.00;139
11126;30;624066563;11126;444;12260;12397;5.00;0.31;305.47;11.37;1134;32;4251.00;137
11131;30;624066575;11131;437;12262;12397;5.00;0.31;305.58;11.37;1131;32;4252.00;135
11136;30;624066587;11136;435;12263;12397;4.97;0.30;305.55;11.38;1127;32;4253.00;134
11137;30;624066600;11137;429;12266;12397;4.99;0.31;305.58;11.37;1129;32;4254.00;131
11141;30;624066612;11141;435;12268;12397;5.01;0.31;305.63;11.38;1127;32;4255.00;129
11144;30;624066625;11144;432;12270;12398;5.05;0.31;305.71;11.38;1126;32;4256.00;128
11146;30;624066638;11146;434;12273;12399;5.15;0.32;305.70;11.38;1127;32;4257.00;126
11151;30;624066652;11151;427;12275;12399;5.18;0.32;305.86;11.38;1124;32;4258.00;124
11155;30;624066666;11155;424;12278;12403;5.19;0.32;305.94;11.38;1123;32;4259.00;125
11157;30;624066681;11157;422;12280;12403;5.28;0.32;305.94;11.39;1123;32;4260.00;123
11159;30;624066695;11159;424;12284;12403;5.34;0.33;305.95;11.39;1125;32;4261.00;119
11162;30;624066709;11162;419;12285;12403;5.39;0.33;305.99;11.39;1123;32;4262.00;118
11165;30;624066723;11165;419;12290;12409;5.42;0.33;306.06;11.38;1125;32;4263.00;119
11168;30;624066737;11168;420;12291;12409;5.48;0.34;306.09;11.38;1123;32;4264.00;118
11172;30;624066751;11172;428;12291;12409;5.52;0.34;306.12;11.38;1119;32;4265.00;118
11174;30;624066765;11174;423;12293;12412;5.56;0.34;306.13;11.38;1119;32;4266.00;119
11180;30;624066778;11180;420;12294;12412;5.53;0.34;306.17;11.38;1114;32;4267.00;118
11182;30;624066792;11182;423;12295;12412;5.50;0.34;306.17;11.38;1113;32;4268.00;117
11188;30;624066805;11188;415;12295;12413;5.46;0.33;306.13;11.38;1107;32;4269.00;118
11194;30;624066818;11194;415;12297;12414;5.43;0.33;306.18;11.38;1103;32;4270.00;117
11196;30;624066832;11196;419;12298;12414;5.43;0.33;306.17;11.38;1102;32;4271.00;116
11200;30;624066845;11200;419;12309;12427;5.49;0.34;306.27;11.37;1109;32;4272.00;118
11207;30;624066859;11207;418;12309;12427;5.46;0.33;306.29;11.37;1102;32;4273.00;118
11211;30;624066873;11211;422;12310;12427;5.43;0.33;306.29;11.37;1099;32;4274.00;117
11215;30;624066886;11215;434;12312;12429;5.43;0.33;306.35;11.37;1097;32;4275.00;117
11222;30;624066900;11222;430;12312;12429;5.36;0.33;306.32;11.37;1090;32;4276.00;117
11224;30;624066914;11224;433;12316;12433;5.39;0.33;306.28;11.37;1092;32;4277.00;117
11228;30;624066929;11228;433;12316;12433;5.38;0.33;306.31;11.37;1088;32;4278.00;117
11230;30;624066944;11230;437;12319;12437;5.41;0.33;306.29;11.36;1089;32;4279.00;118
11234;30;624066960;11234;444;12319;12437;5.31;0.32;306.29;11.36;1085;32;4280.00;118
11236;30;624066974;11236;446;12319;12437;5.22;0.32;306.31;11.36;1083;32;4281.00;118
11238;30;624066988;11238;444;12319;12437;5.18;0.31;306.29;11.36;1081;32;4282.00;118
11241;30;624067001;11241;450;12319;12437;5.12;0.31;306.30;11.36;1078;32;4283.00;118
11244;30;624067015;11244;451;12329;12449;5.12;0.31;306.30;11.36;1085;32;4284.00;120
11248;30;624067039;11248;456;12330;12449;5.08;0.31;306.29;11.35;1082;32;4285.00;119
11251;30;624067051;11251;461;12330;12449;5.02;0.30;306.27;11.35;1079;32;4286.00;119
11253;30;624067063;11253;467;12330;12449;4.96;0.30;306.26;11.35;1077;32;4287.00;119
11256;30;624067075;11256;468;12330;12449;4.88;0.30;306.22;11.35;1074;32;4288.00;119
11257;30;624067087;11257;468;12330;12449;4.81;0.29;306.21;11.35;1073;32;4289.00;119
11259;30;624067101;11259;477;12330;12450;4.69;0.28;306.24;11.35;1071;32;4290.00;120
11262;30;624067113;11262;480;12330;12450;4.62;0.28;306.22;11.35;1068;32;4291.00;120
11263;30;624067125;11263;487;12335;12456;4.62;0.28;306.20;11.35;1072;32;4292.00;121
11269;30;624067139;11269;491;12336;12457;4.53;0.28;306.14;11.35;1067;32;4293.00;121
11272;30;624067151;11272;485;12337;12457;4.44;0.27;306.13;11.46;1065;32;4294.00;120
11274;30;624067165;11274;485;12337;12457;4.42;0.27;306.13;11.46;1063;32;4295.00;120
11277;30;624067176;11277;493;12340;12461;4.37;0.27;306.08;11.46;1063;32;4296.00;121
11280;30;624067188;11280;484;12340;12461;4.30;0.26;306.09;11.46;1060;32;4297.00;121
11282;30;624067200;11282;480;12340;12461;4.28;0.26;306.12;11.46;1058;32;4298.00;121
11285;30;624067211;11285;475;12341;12462;4.28;0.26;306.11;11.46;1056;32;4299.00;121
11289;30;624067223;11289;473;12344;12466;4.33;0.27;306.09;11.46;1055;32;4300.00;122
11290;30;624067239;11290;482;12344;12466;4.35;0.27;306.07;11.46;1054;32;4301.00;122
11291;30;624067251;11291;489;12346;12469;4.46;0.27;306.05;11.46;1055;32;4302.00;123
11293;30;624067263;11293;476;12346;12469;4.51;0.28;306.01;11.46;1053;32;4303.00;123
11297;30;624067274;11297;481;12347;12469;4.52;0.28;305.99;11.45;1050;32;4304.00;122
11299;30;624067286;11299;481;12347;12469;4.55;0.28;305.99;11.45;1048;32;4305.00;122
11300;30;624067298;11300;467;12351;12473;4.64;0.28;305.99;11.45;1051;32;4306.00;122
11303;30;624067310;11303;456;12351;12473;4.68;0.29;305.96;11.45;1048;32;4307.00;122
11304;30;624067322;11304;437;12351;12473;4.77;0.29;305.94;11.45;1047;32;4308.00;122
11306;30;624067334;11306;422;12351;12473;4.79;0.29;305.92;11.45;1045;32;4309.00;122
11308;30;624067346;11308;418;12351;12474;4.84;0.30;305.90;11.45;1043;32;4310.00;123
11309;30;624067364;11309;410;12352;12475;4.91;0.30;305.88;11.45;1043;32;4311.00;123
11310;30;624067377;11310;405;12353;12475;5.00;0.31;305.87;11.57;1043;32;4312.00;122
11311;30;624067389;11311;399;12354;12476;5.09;0.31;305.85;11.56;1043;32;4313.00;122
11313;30;624067401;11313;405;12354;12476;5.17;0.32;305.86;11.56;1041;32;4314.00;122
11316;30;624067413;11316;401;12354;12476;5.28;0.32;305.89;11.56;1038;32;4315.00;122
11318;30;624067426;11318;396;12354;12476;5.38;0.33;305.89;11.56;1036;32;4316.00;122
11318;30;624067438;11318;390;12354;12476;5.44;0.33;305.89;11.56;1036;32;4317.00;122
11320;30;624067450;11320;387;12354;12476;5.49;0.33;305.88;11.56;1034;32;4318.00;122
11323;30;624067462;11323;383;12354;12476;5.49;0.33;305.85;11.56;1031;32;4319.00;122
11323;30;624067475;11323;428;12470;12706;5.85;0.37;305.85;11.46;1147;32;4320.00;236
11324;30;624067505;11324;414;12475;12707;5.91;0.37;305.85;11.45;1151;32;4321.00;232
11326;30;624067519;11326;400;12485;12707;6.00;0.37;305.87;11.45;1159;32;4322.00;222
11328;30;624067532;11328;370;12490;12707;6.05;0.38;305.91;11.44;1162;32;4323.00;217
11329;30;624067545;11329;367;12497;12707;6.15;0.38;305.91;11.44;1168;32;4324.00;210
11330;30;624067558;11330;356;12499;12707;6.23;0.39;305.89;11.44;1169;32;4325.00;208
11331;30;624067571;11331;354;12504;12707;6.31;0.39;305.89;11.43;1173;32;4326.00;203
11333;30;624067591;11333;344;12506;12707;6.37;0.39;305.90;11.43;1173;32;4327.00;201
11335;30;624067604;11335;344;12513;12708;6.44;0.40;305.90;11.55;1178;32;4328.00;195
11336;30;624067618;11336;340;12518;12709;6.52;0.40;305.89;11.55;1182;32;4329.00;191
11336;30;624067637;11336;336;12522;12709;6.56;0.41;305.89;11.55;1186;32;4330.00;187
11338;30;624067650;11338;334;12525;12710;6.57;0.41;305.89;11.55;1187;32;4331.00;185
11338;30;624067664;11338;331;12528;12710;6.56;0.40;305.89;11.55;1190;32;4332.00;182
11339;30;624067677;11339;329;12531;12710;6.56;0.40;305.90;11.55;1192;32;4333.00;179
11339;30;624067690;11339;327;12532;12710;6.55;0.40;305.90;11.55;1193;32;4334.00;178
11340;30;624067704;11340;328;12535;12714;6.54;0.40;305.90;11.55;1195;32;4335.00;179
11341;30;624067718;11341;329;12535;12714;6.54;0.40;305.90;11.55;1194;32;4336.00;179
11341;30;624067732;11341;328;12537;12714;6.57;0.40;305.90;11.55;1196;32;4337.00;177
11343;30;624067746;11343;326;12540;12717;6.60;0.40;305.88;11.66;1197;32;4338.00;177
11343;30;624067760;11343;334;12541;12717;6.63;0.40;305.88;11.66;1198;32;4339.00;176
11346;30;624067774;11346;343;12541;12717;6.66;0.41;305.89;11.66;1195;32;4340.00;176
11347;30;624067788;11347;334;12544;12721;6.68;0.41;305.88;11.66;1197;32;4341.00;177
11348;30;624067802;11348;325;12545;12722;6.71;0.41;305.88;11.66;1197;32;4342.00;177
11350;30;624067816;11350;332;12545;12722;6.72;0.41;305.84;11.66;1195;32;4343.00;177
11350;30;624067830;11350;331;12546;12726;6.75;0.41;305.84;11.66;1196;32;4344.00;180
11353;30;624067845;11353;333;12547;12726;6.74;0.41;305.84;11.66;1194;32;4345.00;179
11354;30;624067859;11354;336;12548;12726;6.71;0.41;305.87;11.66;1194;32;4346.00;178
11357;30;624067878;11357;345;12549;12727;6.65;0.40;305.97;11.77;1192;32;4347.00;178
11359;30;624067893;11359;341;12549;12727;6.66;0.40;306.02;11.77;1190;32;4348.00;178
11361;30;624067907;11361;342;12554;12733;6.65;0.40;306.01;11.77;1193;32;4349.00;179
11362;30;624067923;11362;341;12554;12733;6.63;0.40;306.00;11.77;1192;32;4350.00;179
11370;30;624067943;11370;343;12554;12734;6.59;0.40;305.98;11.77;1184;32;4351.00;180
11372;30;624067958;11372;340;12555;12734;6.58;0.40;306.00;11.77;1183;32;4352.00;179
11374;30;624067971;11374;341;12559;12734;6.56;0.40;305.99;11.78;1185;32;4353.00;175
11378;30;624067985;11378;336;12560;12734;6.60;0.40;306.09;11.78;1182;32;4354.00;174
11379;30;624067999;11379;334;12562;12734;6.63;0.40;306.09;11.80;1183;32;4355.00;172
11383;30;624068014;11383;336;12570;12746;6.67;0.40;306.16;11.79;1187;32;4356.00;176
11385;30;624068029;11385;333;12571;12746;6.71;0.41;306.22;11.79;1186;32;4357.00;175
11388;30;624068043;11388;331;12573;12746;6.72;0.41;306.24;11.79;1185;32;4358.00;173
11390;30;624068057;11390;324;12573;12746;6.75;0.41;306.30;11.79;1183;32;4359.00;173
11391;30;624068071;11391;331;12573;12746;6.75;0.41;306.29;11.79;1182;32;4360.00;173
11395;30;624068084;11395;327;12575;12746;6.73;0.41;306.29;11.79;1180;32;4361.00;171
11397;30;624068098;11397;337;12578;12750;6.71;0.41;306.31;11.79;1181;32;4362.00;172
11398;30;624068112;11398;333;12578;12750;6.71;0.41;306.35;11.79;1180;32;4363.00;172
11403;30;624068130;11403;330;12582;12754;6.73;0.41;306.36;11.79;1179;32;4364.00;172
11405;30;624068154;11405;336;12583;12756;6.72;0.41;306.38;11.78;1178;32;4365.00;173
11407;30;624068179;11407;343;12584;12756;6.70;0.40;306.40;11.79;1177;32;4366.00;172
11411;30;624068201;11411;346;12588;12756;6.68;0.40;306.43;11.79;1177;32;4367.00;168
11411;30;624068221;11411;343;12597;12769;6.66;0.40;306.43;11.79;1186;32;4368.00;172
11414;30;624068242;11414;346;12598;12769;6.65;0.40;306.46;11.78;1184;32;4369.00;171
11415;30;624068257;11415;351;12599;12769;6.61;0.40;306.52;11.79;1184;32;4370.00;170
11420;30;624068273;11420;355;12601;12770;6.61;0.40;306.63;11.79;1181;32;4371.00;169
11422;30;624068289;11422;358;12602;12771;6.59;0.40;306.63;11.79;1180;32;4372.00;169
11424;30;624068305;11424;363;12604;12771;6.58;0.40;306.71;11.79;1180;32;4373.00;167
11428;30;624068320;11428;359;12607;12774;6.57;0.40;306.73;11.79;1179;32;4374.00;167
11431;30;624068335;11431;371;12607;12774;6.59;0.40;306.79;11.79;1176;32;4375.00;167
11433;30;624068350;11433;381;12609;12774;6.62;0.40;306.85;11.80;1176;32;4376.00;165
11437;30;624068365;11437;387;12609;12774;6.62;0.40;306.95;11.80;1172;32;4377.00;165
11441;30;624068380;11441;390;12615;12780;6.61;0.40;307.00;11.80;1174;32;4378.00;165
11444;30;624068396;11444;398;12615;12780;6.60;0.40;307.10;11.80;1171;32;4379.00;165
11446;30;624068412;11446;396;12618;12780;6.53;0.40;307.07;11.83;1172;32;4380.00;162
11446;30;624068426;11446;412;12619;12780;6.48;0.39;307.07;11.83;1173;32;4381.00;161
11449;30;624068446;11449;419;12624;12784;6.38;0.39;307.13;11.84;1175;32;4382.00;160
11452;30;624068461;11452;425;12627;12785;6.30;0.38;307.15;11.85;1175;32;4383.00;158
11455;30;624068478;11455;426;12628;12785;6.24;0.38;307.21;11.86;1173;32;4384.00;157
11459;30;624068499;11459;427;12631;12786;6.20;0.38;307.33;11.87;1172;32;4385.00;155
11460;30;624068514;11460;427;12631;12786;6.17;0.38;307.35;11.87;1171;32;4386.00;155
11463;30;624068529;11463;424;12635;12786;6.14;0.37;307.40;11.89;1172;32;4387.00;151
11467;30;624068543;11467;421;12636;12786;6.08;0.37;307.39;11.90;1169;32;4388.00;150
11470;30;624068559;11470;422;12637;12786;6.03;0.37;307.47;11.90;1167;32;4389.00;149
11472;30;624068573;11472;427;12639;12786;5.98;0.37;307.52;11.91;1167;32;4390.00;147
11473;30;624068587;11473;429;12639;12786;5.89;0.36;307.51;11.91;1166;32;4391.00;147
11475;30;624068601;11475;444;12684;12856;5.93;0.36;307.53;11.89;1209;32;4392.00;172
11480;30;624068622;11480;441;12685;12857;5.86;0.36;307.59;11.88;1205;32;4393.00;172
11482;30;624068637;11482;447;12693;12857;5.82;0.36;307.62;11.91;1211;32;4394.00;164
11483;30;624068652;11483;452;12695;12857;5.79;0.35;307.65;11.91;1212;32;4395.00;162
11485;30;624068667;11485;456;12699;12857;5.79;0.35;307.66;11.92;1214;32;4396.00;158
11485;30;624068682;11485;467;12701;12857;5.81;0.36;307.66;11.92;1216;32;4397.00;156
11491;30;624068696;11491;474;12704;12857;5.77;0.35;307.75;11.93;1213;32;4398.00;153
11493;30;624068714;11493;468;12706;12857;5.76;0.35;307.75;11.94;1213;32;4399.00;151
11497;30;624068735;11497;471;12707;12858;5.73;0.35;307.79;11.94;1210;32;4400.00;151
11501;30;624068755;11501;464;12709;12859;5.69;0.35;307.85;11.94;1208;32;4401.00;150
11504;30;624068770;11504;461;12711;12859;5.66;0.35;307.97;11.95;1207;32;4402.00;148
11505;30;624068784;11505;470;12714;12863;5.62;0.34;308.01;11.95;1209;32;4403.00;149
11509;30;624068799;11509;465;12717;12863;5.60;0.34;308.07;11.98;1208;32;4404.00;146
11511;30;624068814;11511;470;12717;12863;5.62;0.34;308.11;11.98;1206;32;4405.00;146
11516;30;624068828;11516;468;12717;12863;5.63;0.34;308.11;11.98;1201;32;4406.00;146
11518;30;624068851;11518;469;12723;12869;5.72;0.35;308.16;11.99;1205;32;4407.00;146
11518;30;624068866;11518;470;12723;12869;5.79;0.35;308.16;11.99;1205;32;4408.00;146
11519;30;624068881;11519;462;12724;12869;5.86;0.36;308.14;12.00;1205;32;4409.00;145
11523;30;624068896;11523;465;12727;12875;5.90;0.36;308.18;12.00;1204;32;4410.00;148
11526;30;624068911;11526;461;12730;12875;5.94;0.36;308.23;12.02;1204;32;4411.00;145
11531;30;624068925;11531;463;12731;12875;5.87;0.36;308.26;12.02;1200;32;4412.00;144
11536;30;624068939;11536;459;12731;12876;5.79;0.35;308.31;12.02;1195;32;4413.00;145
11539;30;624068953;11539;457;12733;12877;5.71;0.35;308.30;12.03;1194;32;4414.00;144
11542;30;624068969;11542;460;12733;12877;5.63;0.34;308.34;12.03;1191;32;4415.00;144
11545;30;624068982;11545;465;12746;12890;5.58;0.34;308.37;12.05;1201;32;4416.00;144
11550;30;624068997;11550;467;12746;12890;5.51;0.33;308.45;12.05;1196;32;4417.00;144
11555;30;624069011;11555;464;12747;12890;5.39;0.33;308.50;12.05;1192;32;4418.00;143
11558;30;624069025;11558;468;12748;12891;5.29;0.32;308.49;12.05;1190;32;4419.00;143
11562;30;624069044;11562;459;12752;12891;5.21;0.32;308.57;12.08;1190;32;4420.00;139
11566;30;624069064;11566;459;12755;12895;5.20;0.32;308.66;12.07;1189;32;4421.00;140
11568;30;624069078;11568;459;12756;12895;5.20;0.32;308.67;12.07;1188;32;4422.00;139
11572;30;624069091;11572;456;12759;12899;5.21;0.32;308.72;12.08;1187;32;4423.00;140
11576;30;624069105;11576;455;12759;12899;5.23;0.32;308.78;12.08;1183;32;4424.00;140
11579;30;624069119;11579;454;12759;12899;5.25;0.32;308.79;12.08;1180;32;4425.00;140
11581;30;624069135;11581;455;12762;12899;5.28;0.32;308.87;12.10;1181;32;4426.00;137
11583;30;624069150;11583;453;12764;12899;5.29;0.32;308.93;12.10;1181;32;4427.00;135
11586;30;624069165;11586;457;12773;12911;5.35;0.33;308.92;12.09;1187;32;4428.00;138
11590;30;624069180;11590;454;12775;12911;5.37;0.33;308.97;12.10;1185;32;4429.00;136
11593;30;624069193;11593;452;12777;12911;5.42;0.33;309.05;12.10;1184;32;4430.00;134
11596;30;624069205;11596;456;12780;12911;5.43;0.33;309.04;12.10;1184;32;4431.00;131
11599;30;624069218;11599;456;12780;12911;5.48;0.34;309.05;12.10;1181;32;4432.00;131
11601;30;624069231;11601;449;12782;12911;5.56;0.34;309.10;12.10;1181;32;4433.00;129
11604;30;624069245;11604;448;12782;12912;5.59;0.34;309.12;12.10;1178;32;4434.00;130
11606;30;624069259;11606;453;12783;12912;5.58;0.34;309.12;12.10;1177;32;4435.00;129
11608;30;624069272;11608;451;12787;12918;5.59;0.34;309.11;12.10;1179;32;4436.00;131
11613;30;624069286;11613;451;12789;12919;5.56;0.34;309.06;12.10;1176;32;4437.00;130
11619;30;624069299;11619;449;12789;12919;5.47;0.34;309.09;12.10;1170;32;4438.00;130
11622;30;624069312;11622;447;12790;12919;5.44;0.33;309.04;12.10;1168;32;4439.00;129
11627;30;624069327;11627;451;12794;12924;5.35;0.33;309.03;12.10;1167;32;4440.00;130
11631;30;624069340;11631;460;12795;12924;5.29;0.32;309.11;12.10;1164;32;4441.00;129
11635;30;624069353;11635;463;12795;12924;5.24;0.32;309.05;12.10;1160;32;4442.00;129
11639;30;624069366;11639;461;12796;12925;5.23;0.32;309.06;12.10;1157;32;4443.00;129
11642;30;624069379;11642;463;12799;12929;5.23;0.32;309.11;12.09;1157;32;4444.00;130
11646;30;624069392;11646;461;12799;12929;5.17;0.32;309.10;12.09;1153;32;4445.00;130
11647;30;624069405;11647;469;12802;12932;5.17;0.32;309.09;12.09;1155;32;4446.00;130
11651;30;624069418;11651;474;12802;12932;5.09;0.31;309.11;12.09;1151;32;4447.00;130
11654;30;624069430;11654;474;12802;12932;5.06;0.31;309.12;12.09;1148;32;4448.00;130
11659;30;624069442;11659;471;12802;12932;5.02;0.31;309.10;12.09;1143;32;4449.00;130
11663;30;624069454;11663;472;12806;12936;5.02;0.31;309.13;12.09;1143;32;4450.00;130
11669;30;624069468;11669;474;12806;12936;4.99;0.31;309.16;12.09;1137;32;4451.00;130
11672;30;624069480;11672;476;12806;12936;4.94;0.30;309.20;12.09;1134;32;4452.00;130
11677;30;624069492;11677;472;12806;12936;4.88;0.30;309.16;12.09;1129;32;4453.00;130
11683;30;624069504;11683;474;12806;12937;4.81;0.30;309.15;12.09;1123;32;4454.00;131
11688;30;624069516;11688;475;12808;12939;4.79;0.30;309.13;12.08;1120;32;4455.00;131
11691;30;624069528;11691;484;12808;12939;4.70;0.29;309.11;12.08;1117;32;4456.00;131
11695;30;624069541;11695;482;12809;12940;4.66;0.29;309.07;12.08;1114;32;4457.00;131
11697;30;624069552;11697;486;12809;12940;4.54;0.28;309.03;12.08;1112;32;4458.00;131
11700;30;624069564;11700;492;12809;12940;4.46;0.27;309.02;12.08;1109;32;4459.00;131
11705;30;624069575;11705;486;12809;12940;4.39;0.27;309.00;12.08;1104;32;4460.00;131
11706;30;624069586;11706;499;12809;12940;4.30;0.26;309.01;12.08;1103;32;4461.00;131
11711;30;624069597;11711;499;12809;12940;4.16;0.26;308.99;12.08;1098;32;4462.00;131
11715;30;624069609;11715;501;12809;12940;4.04;0.25;308.97;12.08;1094;32;4463.00;131
11716;30;624069620;11716;514;12874;13067;4.48;0.28;308.94;12.02;1158;32;4464.00;193
11720;30;624069640;11720;514;12878;13068;4.39;0.27;308.99;12.02;1158;32;4465.00;190
11723;30;624069652;11723;515;12887;13068;4.38;0.27;308.94;12.01;1164;32;4466.00;181
11725;30;624069663;11725;504;12889;13068;4.31;0.27;308.91;12.01;1164;32;4467.00;179
11729;30;624069674;11729;497;12894;13068;4.24;0.27;308.91;12.01;1165;32;4468.00;174
11731;30;624069686;11731;499;12898;13068;4.24;0.27;308.91;12.01;1167;32;4469.00;170
11733;30;624069700;11733;494;12900;13068;4.21;0.26;308.88;12.01;1167;32;4470.00;168
11735;30;624069717;11735;498;12904;13068;4.20;0.26;308.93;12.00;1169;32;4471.00;164
11735;30;624069729;11735;498;12907;13069;4.20;0.26;308.93;12.00;1172;32;4472.00;162
11735;30;624069741;11735;504;12910;13070;4.18;0.26;308.93;12.00;1175;32;4473.00;160
11736;30;624069759;11736;509;12914;13070;4.19;0.26;308.93;12.00;1178;32;4474.00;156
11736;30;624069771;11736;502;12916;13071;4.21;0.26;308.93;12.00;1180;32;4475.00;155
11737;30;624069784;11737;483;12919;13071;4.26;0.26;308.93;12.00;1182;32;4476.00;152
11738;30;624069796;11738;467;12920;13071;4.32;0.27;308.94;12.00;1182;32;4477.00;151
11741;30;624069810;11741;456;12922;13071;4.45;0.28;308.95;12.00;1181;32;4478.00;149
11742;30;624069823;11742;448;12925;13075;4.58;0.28;308.95;12.00;1183;32;4479.00;150
11743;30;624069843;11743;436;12926;13075;4.72;0.29;308.96;12.00;1183;32;4480.00;149
11745;30;624069856;11745;420;12928;13075;4.84;0.30;308.95;12.00;1183;32;4481.00;147
11747;30;624069876;11747;422;12930;13078;4.97;0.31;308.96;12.00;1183;32;4482.00;148
11748;30;624069890;11748;413;12931;13078;5.10;0.31;308.94;12.00;1183;32;4483.00;147
11749;30;624069905;11749;408;12932;13078;5.24;0.32;308.93;12.00;1183;32;4484.00;146
11750;30;624069919;11750;401;12936;13082;5.36;0.33;308.99;12.00;1186;32;4485.00;146
11754;30;624069933;11754;395;12938;13083;5.49;0.34;308.95;12.00;1184;32;4486.00;145
11756;30;624069948;11756;381;12939;13083;5.60;0.34;308.95;12.12;1183;32;4487.00;144
11759;30;624069964;11759;386;12943;13087;5.69;0.35;308.98;12.12;1184;32;4488.00;144
11760;30;624069979;11760;380;12943;13087;5.79;0.35;308.97;12.12;1183;32;4489.00;144
11761;30;624069999;11761;372;12944;13087;5.91;0.36;308.97;12.12;1183;32;4490.00;143
11762;30;624070013;11762;367;12945;13088;6.00;0.36;308.95;12.12;1183;32;4491.00;143
11764;30;624070028;11764;357;12945;13088;6.07;0.37;308.93;12.12;1181;32;4492.00;143
11766;30;624070042;11766;356;12949;13094;6.17;0.37;308.95;12.11;1183;32;4493.00;145
11768;30;624070056;11768;347;12950;13094;6.19;0.37;308.94;12.11;1182;32;4494.00;144
11770;30;624070070;11770;350;12950;13095;6.23;0.38;308.96;12.11;1180;32;4495.00;145
11775;30;624070084;11775;337;12950;13095;6.24;0.38;308.98;12.11;1175;32;4496.00;145
11778;30;624070098;11778;327;12950;13095;6.29;0.38;309.01;12.11;1172;32;4497.00;145
11779;30;624070113;11779;330;12950;13095;6.31;0.38;309.08;12.11;1171;32;4498.00;145
11779;30;624070132;11779;321;12950;13095;6.31;0.38;309.08;12.11;1171;32;4499.00;145
11782;30;624070156;11782;319;12977;13145;6.41;0.39;309.10;12.09;1195;32;4500.00;168
11785;30;624070195;11785;323;12977;13147;6.44;0.39;309.15;12.09;1192;32;4501.00;170
11788;30;624070216;11788;316;12980;13147;6.47;0.39;309.21;12.08;1192;32;4502.00;167
11788;30;624070234;11788;318;12980;13147;6.51;0.40;309.21;12.08;1192;32;4503.00;167
11790;30;624070253;11790;324;12983;13147;6.52;0.40;309.28;12.08;1193;32;4504.00;164
11791;30;624070278;11791;312;12983;13147;6.58;0.40;309.33;12.08;1192;32;4505.00;164
11792;30;624070293;11792;314;12987;13151;6.60;0.40;309.39;12.08;1195;32;4506.00;164
11793;30;624070310;11793;315;12987;13151;6.66;0.41;309.45;12.08;1194;32;4507.00;164
11793;30;624070326;11793;308;12991;13155;6.70;0.41;309.45;12.08;1198;32;4508.00;164
11794;30;624070342;11794;311;12992;13156;6.73;0.41;309.46;12.07;1198;32;4509.00;164
11796;30;624070358;11796;312;12992;13156;6.73;0.41;309.48;12.07;1196;32;4510.00;164
11797;30;624070374;11797;307;12992;13156;6.77;0.41;309.56;12.07;1195;32;4511.00;164
11799;30;624070389;11799;301;13003;13169;6.79;0.41;309.61;12.07;1204;32;4512.00;166
11802;30;624070406;11802;302;13003;13169;6.75;0.41;309.67;12.07;1201;32;4513.00;166
11806;30;624070421;11806;293;13004;13169;6.76;0.41;309.71;12.07;1198;32;4514.00;165
11809;30;624070437;11809;294;13005;13170;6.81;0.41;309.73;12.06;1196;32;4515.00;165
11810;30;624070453;11810;290;13006;13171;6.82;0.42;309.78;12.19;1196;32;4516.00;165
11814;30;624070470;11814;298;13006;13171;6.79;0.41;309.82;12.19;1192;32;4517.00;165
11816;30;624070485;11816;293;13009;13174;6.81;0.41;309.89;12.19;1193;32;4518.00;165
11816;30;624070501;11816;296;13009;13174;6.78;0.41;309.89;12.19;1193;32;4519.00;165
11818;30;624070516;11818;291;13011;13174;6.77;0.41;309.90;12.19;1193;32;4520.00;163
11821;30;624070533;11821;290;13011;13174;6.74;0.41;309.96;12.19;1190;32;4521.00;163
11824;30;624070549;11824;280;13015;13180;6.82;0.42;309.99;12.18;1191;32;4522.00;165
11830;30;624070568;11830;278;13015;13180;6.86;0.42;310.00;12.18;1185;32;4523.00;165
11833;30;624070586;11833;280;13016;13180;6.89;0.42;310.00;12.19;1183;32;4524.00;164
11839;30;624070603;11839;277;13018;13180;6.85;0.42;310.03;12.21;1179;32;4525.00;162
11844;30;624070621;11844;278;13022;13184;6.81;0.41;309.99;12.21;1178;32;4526.00;162
11846;30;624070648;11846;279;13023;13185;6.84;0.42;309.98;12.21;1177;32;4527.00;162
11852;30;624070666;11852;285;13023;13185;6.84;0.42;309.97;12.21;1171;32;4528.00;162
11855;30;624070682;11855;281;13024;13186;6.88;0.42;309.96;12.21;1169;32;4529.00;162
11859;30;624070701;11859;283;13025;13186;6.94;0.42;309.96;12.21;1166;32;4530.00;161
11863;30;624070715;11863;287;13026;13186;7.00;0.43;310.00;12.21;1163;32;4531.00;160
11867;30;624070732;11867;290;13026;13186;7.04;0.43;310.02;12.21;1159;32;4532.00;160
11869;30;624070747;11869;298;13026;13186;7.07;0.43;310.07;12.21;1157;32;4533.00;160
11877;30;624070763;11877;301;13026;13186;7.05;0.43;310.18;12.21;1149;32;4534.00;160
11880;30;624070778;11880;302;13026;13186;7.11;0.43;310.23;12.21;1146;32;4535.00;160
11885;30;624070793;11885;311;13063;13256;7.17;0.44;310.31;12.18;1178;32;4536.00;193
11891;30;624070815;11891;305;13064;13257;7.16;0.43;310.33;12.18;1173;32;4537.00;193
11895;30;624070830;11895;300;13072;13257;7.17;0.43;310.44;12.18;1177;32;4538.00;185
11896;30;624070845;11896;297;13072;13257;7.18;0.44;310.47;12.18;1176;32;4539.00;185
11898;30;624070859;11898;300;13077;13257;7.18;0.44;310.56;12.17;1179;32;4540.00;180
11900;30;624070874;11900;298;13078;13257;7.14;0.43;310.62;12.17;1178;32;4541.00;179
11903;30;624070889;11903;306;13084;13257;7.13;0.43;310.67;12.18;1181;32;4542.00;173
11906;30;624070904;11906;301;13085;13257;7.10;0.43;310.67;12.17;1179;32;4543.00;172
11913;30;624070918;11913;301;13088;13258;7.03;0.43;310.62;12.17;1175;32;4544.00;170
11914;30;624070933;11914;294;13090;13260;6.95;0.42;310.62;12.17;1176;32;4545.00;170
11916;30;624070962;11916;299;13092;13260;6.92;0.42;310.71;12.17;1176;32;4546.00;168
11920;30;624070977;11920;302;13098;13264;6.85;0.42;310.79;12.17;1178;32;4547.00;166
11920;30;624070993;11920;301;13100;13264;6.83;0.42;310.79;12.17;1180;32;4548.00;164
11923;30;624071008;11923;302;13101;13264;6.80;0.41;310.91;12.17;1178;32;4549.00;163
11927;30;624071023;11927;313;13103;13264;6.74;0.41;310.97;12.18;1176;32;4550.00;161
11929;30;624071039;11929;310;13110;13270;6.69;0.41;311.02;12.19;1181;32;4551.00;160
11933;30;624071060;11933;316;13111;13270;6.66;0.40;311.12;12.19;1178;32;4552.00;159
11935;30;624071078;11935;320;13113;13270;6.63;0.40;311.20;12.22;1178;32;4553.00;157
11936;30;624071093;11936;329;13115;13273;6.62;0.40;311.26;12.22;1179;32;4554.00;158
11938;30;624071108;11938;332;13117;13273;6.58;0.40;311.28;12.24;1179;32;4555.00;156
11941;30;624071124;11941;339;13118;13273;6.57;0.40;311.30;12.24;1177;32;4556.00;155
11942;30;624071141;11942;345;13120;13274;6.51;0.40;311.33;12.26;1178;32;4557.00;154
11943;30;624071156;11943;352;13121;13275;6.48;0.39;311.32;12.26;1178;32;4558.00;154
11945;30;624071171;11945;357;13121;13275;6.43;0.39;311.29;12.26;1176;32;4559.00;154
11947;30;624071187;11947;363;13139;13301;6.46;0.39;311.26;12.25;1192;32;4560.00;162
11951;30;624071203;11951;362;13141;13301;6.41;0.39;311.27;12.27;1190;32;4561.00;160
11952;30;624071216;11952;368;13143;13301;6.39;0.39;311.31;12.27;1191;32;4562.00;158
11954;30;624071230;11954;371;13146;13302;6.37;0.39;311.39;12.28;1192;32;4563.00;156
11957;30;624071244;11957;378;13147;13302;6.29;0.38;311.41;12.28;1190;32;4564.00;155
11961;30;624071264;11961;386;13151;13306;6.17;0.38;311.42;12.27;1190;32;4565.00;155
11964;30;624071278;11964;393;13153;13306;6.07;0.37;311.47;12.30;1189;32;4566.00;153
11965;30;624071292;11965;402;13158;13310;5.93;0.36;311.49;12.31;1193;32;4567.00;152
11969;30;624071305;11969;402;13158;13310;5.85;0.36;311.53;12.31;1189;32;4568.00;152
11969;30;624071318;11969;397;13160;13310;5.80;0.35;311.53;12.33;1191;32;4569.00;150
11973;30;624071331;11973;394;13160;13310;5.70;0.35;311.54;12.33;1187;32;4570.00;150
11975;30;624071344;11975;394;13160;13310;5.65;0.34;311.57;12.33;1185;32;4571.00;150
11976;30;624071357;11976;396;13171;13322;5.67;0.35;311.58;12.34;1195;32;4572.00;151
11977;30;624071370;11977;398;13172;13322;5.65;0.35;311.61;12.34;1195;32;4573.00;150
11980;30;624071383;11980;395;13176;13322;5.65;0.35;311.61;12.35;1196;32;4574.00;146
11982;30;624071396;11982;404;13176;13322;5.67;0.35;311.60;12.35;1194;32;4575.00;146
11985;30;624071408;11985;407;13176;13322;5.67;0.35;311.69;12.35;1191;32;4576.00;146
11988;30;624071421;11988;416;13178;13322;5.63;0.35;311.79;12.37;1190;32;4577.00;144
11989;30;624071433;11989;417;13178;13323;5.62;0.35;311.84;12.37;1189;32;4578.00;145
11993;30;624071446;11993;418;13180;13323;5.59;0.34;311.86;12.38;1187;32;4579.00;143
11995;31;624071459;11995;416;13186;13329;5.58;0.34;311.89;12.39;1191;33;4580.00;143
11998;31;624071490;11998;427;13187;13330;5.51;0.34;311.90;12.39;1189;33;4581.00;143
12002;31;624071502;12002;430;13188;13330;5.37;0.33;311.98;12.39;1186;33;4582.00;142
12007;31;624071515;12007;429;13188;13330;5.27;0.32;311.93;12.39;1181;33;4583.00;142
12013;31;624071527;12013;432;13193;13334;5.18;0.32;312.04;12.40;1180;33;4584.00;141
12017;31;624071540;12017;442;13193;13334;5.12;0.31;312.08;12.40;1176;33;4585.00;141
12021;31;624071552;12021;441;13193;13334;5.05;0.31;312.15;12.40;1172;33;4586.00;141
12024;31;624071564;12024;452;13196;13335;4.96;0.30;312.16;12.41;1172;33;4587.00;139
12029;31;624071575;12029;459;13199;13339;4.85;0.30;312.21;12.41;1170;33;4588.00;140
12033;31;624071588;12033;469;13199;13339;4.76;0.29;312.17;12.41;1166;33;4589.00;140
12037;31;624071601;12037;459;13205;13345;4.71;0.29;312.20;12.42;1168;33;4590.00;140
12041;31;624071613;12041;460;13206;13345;4.63;0.28;312.22;12.42;1165;33;4591.00;139
12042;31;624071624;12042;457;13209;13345;4.61;0.28;312.20;12.43;1167;33;4592.00;136
12048;31;624071636;12048;458;13210;13345;4.52;0.28;312.24;12.43;1162;33;4593.00;135
12049;31;624071647;12049;459;13214;13349;4.59;0.28;312.23;12.43;1165;33;4594.00;135
12052;31;624071659;12052;468;13215;13349;4.56;0.28;312.25;12.44;1163;33;4595.00;134
12053;31;624071670;12053;466;13215;13349;4.59;0.28;312.24;12.44;1162;33;4596.00;134
12056;31;624071682;12056;459;13215;13349;4.58;0.28;312.27;12.44;1159;33;4597.00;134
12059;31;624071693;12059;458;13215;13350;4.54;0.28;312.32;12.44;1156;33;4598.00;135
12063;31;624071705;12063;454;13220;13351;4.52;0.28;312.39;12.46;1157;33;4599.00;131
12064;31;624071717;12064;452;13220;13351;4.52;0.28;312.39;12.46;1156;33;4600.00;131
12068;31;624071732;12068;453;13221;13352;4.51;0.28;312.39;12.46;1153;33;4601.00;131
12071;31;624071744;12071;460;13221;13352;4.51;0.28;312.41;12.46;1150;33;4602.00;131
12074;31;624071755;12074;459;13221;13352;4.49;0.27;312.43;12.46;1147;33;4603.00;131
12076;31;624071767;12076;459;13221;13352;4.50;0.27;312.43;12.46;1145;33;4604.00;131
12080;31;624071779;12080;458;13221;13352;4.54;0.28;312.39;12.46;1141;33;4605.00;131
12082;31;624071790;12082;454;13221;13352;4.55;0.28;312.38;12.46;1139;33;4606.00;131
12089;31;624071801;12089;452;13221;13352;4.46;0.27;312.34;12.46;1132;33;4607.00;131
12091;31;624071813;12091;453;13284;13479;4.94;0.31;312.30;12.40;1193;33;4608.00;195
12094;31;624071834;12094;456;13289;13480;4.94;0.31;312.30;12.39;1195;33;4609.00;191
12100;31;624071846;12100;456;13299;13480;4.99;0.31;312.23;12.39;1199;33;4610.00;181
12101;31;624071858;12101;468;13301;13480;4.96;0.31;312.21;12.38;1200;33;4611.00;179
12103;31;624071869;12103;470;13307;13480;5.00;0.31;312.22;12.38;1204;33;4612.00;173
12107;31;624071882;12107;473;13308;13480;4.95;0.31;312.20;12.38;1201;33;4613.00;172
12110;31;624071894;12110;482;13311;13480;4.91;0.30;312.17;12.38;1201;33;4614.00;169
12115;31;624071907;12115;481;13313;13480;4.82;0.30;312.18;12.38;1198;33;4615.00;167
12119;31;624071919;12119;491;13314;13481;4.72;0.29;312.12;12.38;1195;33;4616.00;167
12122;31;624071932;12122;489;13320;13482;4.68;0.29;312.10;12.51;1198;33;4617.00;162
12125;31;624071945;12125;493;13321;13482;4.60;0.29;312.10;12.50;1196;33;4618.00;161
12128;31;624071960;12128;501;13324;13483;4.48;0.28;312.14;12.50;1196;33;4619.00;159
12131;31;624071976;12131;502;13326;13483;4.42;0.27;312.16;12.50;1195;33;4620.00;157
12137;31;624071988;12137;510;13331;13483;4.33;0.27;312.14;12.50;1194;33;4621.00;152
12137;31;624072001;12137;516;13333;13483;4.31;0.27;312.14;12.50;1196;33;4622.00;150
12139;31;624072013;12139;526;13338;13487;4.30;0.27;312.13;12.50;1199;33;4623.00;149
12142;31;624072025;12142;531;13341;13487;4.22;0.26;312.11;12.50;1199;33;4624.00;146
12144;31;624072038;12144;536;13342;13487;4.12;0.26;312.11;12.50;1198;33;4625.00;145
12147;31;624072049;12147;548;13343;13490;4.08;0.25;312.12;12.50;1196;33;4626.00;147
12150;31;624072062;12150;536;13344;13490;4.07;0.25;312.11;12.50;1194;33;4627.00;146
12152;31;624072074;12152;525;13346;13490;4.05;0.25;312.07;12.50;1194;33;4628.00;144
12155;31;624072086;12155;516;13349;13494;4.08;0.25;312.06;12.50;1194;33;4629.00;145
12157;31;624072099;12157;510;13352;13495;4.13;0.25;312.08;12.50;1195;33;4630.00;143
12160;31;624072112;12160;511;13353;13495;4.20;0.26;312.05;12.50;1193;33;4631.00;142
12164;31;624072127;12164;511;13356;13499;4.23;0.26;312.03;12.50;1192;33;4632.00;143
12167;31;624072145;12167;507;13356;13499;4.26;0.26;312.03;12.50;1189;33;4633.00;143
12169;31;624072188;12169;511;13356;13499;4.23;0.26;312.01;12.50;1187;33;4634.00;143
12170;31;624072209;12170;512;13358;13501;4.23;0.26;312.02;12.49;1188;33;4635.00;143
12172;31;624072231;12172;504;13358;13501;4.21;0.26;311.99;12.49;1186;33;4636.00;143
12173;31;624072251;12173;492;13363;13507;4.31;0.26;311.99;12.49;1190;33;4637.00;144
12176;31;624072267;12176;473;13363;13507;4.36;0.27;311.95;12.49;1187;33;4638.00;144
12178;31;624072282;12178;467;13363;13508;4.43;0.27;311.92;12.49;1185;33;4639.00;145
12179;31;624072296;12179;463;13363;13508;4.50;0.28;311.94;12.49;1184;33;4640.00;145
12183;31;624072311;12183;458;13363;13508;4.54;0.28;311.89;12.49;1180;33;4641.00;145
12183;31;624072326;12183;451;13364;13508;4.62;0.28;311.89;12.62;1181;33;4642.00;144
12185;31;624072341;12185;454;13364;13508;4.67;0.28;311.91;12.62;1179;33;4643.00;144
12185;31;624072355;12185;458;13374;13520;4.84;0.29;311.91;12.61;1189;33;4644.00;146
12188;31;624072370;12188;456;13375;13520;4.95;0.30;311.98;12.61;1187;33;4645.00;145
12189;31;624072384;12189;449;13375;13520;5.05;0.31;311.99;12.61;1186;33;4646.00;145
12192;31;624072399;12192;435;13375;13520;5.17;0.31;312.00;12.61;1183;33;4647.00;145
12192;31;624072415;12192;415;13375;13520;5.31;0.32;312.00;12.61;1183;33;4648.00;145
12193;31;624072430;12193;397;13375;13520;5.47;0.33;312.05;12.61;1182;33;4649.00;145
12194;31;624072447;12194;385;13380;13526;5.61;0.34;312.05;12.61;1186;33;4650.00;146
12196;31;624072462;12196;378;13380;13526;5.73;0.35;312.07;12.61;1184;33;4651.00;146
12198;31;624072478;12198;363;13384;13530;5.90;0.36;312.11;12.60;1186;33;4652.00;146
12200;31;624072495;12200;353;13385;13531;5.99;0.36;312.10;12.60;1185;33;4653.00;146
12202;31;624072510;12202;341;13385;13531;6.06;0.37;312.14;12.60;1183;33;4654.00;146
12203;31;624072526;12203;344;13385;13531;6.15;0.37;312.13;12.60;1182;33;4655.00;146
12206;31;624072541;12206;335;13396;13544;6.30;0.38;312.17;12.59;1190;33;4656.00;148
12207;31;624072558;12207;322;13397;13544;6.41;0.39;312.18;12.72;1190;33;4657.00;147
12210;31;624072573;12210;324;13397;13544;6.47;0.39;312.22;12.72;1187;33;4658.00;147
12212;31;624072588;12212;315;13398;13545;6.51;0.40;312.30;12.72;1186;33;4659.00;147
12214;31;624072604;12214;322;13398;13546;6.58;0.40;312.36;12.72;1184;33;4660.00;148
12217;31;624072619;12217;320;13398;13546;6.56;0.40;312.44;12.72;1181;33;4661.00;148
12219;31;624072647;12219;315;13400;13549;6.61;0.40;312.52;12.72;1181;33;4662.00;149
12223;31;624072665;12223;315;13400;13549;6.64;0.40;312.59;12.72;1177;33;4663.00;149
12225;31;624072682;12225;314;13401;13549;6.63;0.40;312.66;12.72;1176;33;4664.00;148
12227;31;624072697;12227;318;13401;13549;6.65;0.40;312.69;12.72;1174;33;4665.00;148
12229;31;624072713;12229;326;13406;13555;6.73;0.41;312.74;12.71;1177;33;4666.00;149
12230;31;624072730;12230;327;13406;13555;6.79;0.41;312.79;12.71;1176;33;4667.00;149
12230;31;624072746;12230;322;13406;13555;6.84;0.42;312.79;12.71;1176;33;4668.00;149
12234;31;624072761;12234;321;13406;13555;6.88;0.42;312.89;12.71;1172;33;4669.00;149
12237;31;624072785;12237;315;13410;13559;6.90;0.42;312.85;12.84;1173;33;4670.00;149
12239;31;624072801;12239;317;13411;13560;6.90;0.42;312.86;12.84;1172;33;4671.00;149
12242;31;624072818;12242;309;13411;13560;6.89;0.42;312.95;12.84;1169;33;4672.00;149
12243;31;624072833;12243;311;13412;13561;6.91;0.42;312.96;12.84;1169;33;4673.00;149
12246;31;624072850;12246;315;13412;13561;6.98;0.42;313.03;12.84;1166;33;4674.00;149
12250;31;624072866;12250;306;13412;13561;6.97;0.42;313.04;12.84;1162;33;4675.00;149
12254;31;624072881;12254;303;13412;13561;6.97;0.42;313.11;12.84;1158;33;4676.00;149
12258;31;624072898;12258;294;13412;13561;6.98;0.42;313.21;12.84;1154;33;4677.00;149
12261;31;624072913;12261;293;13412;13561;7.05;0.43;313.31;12.84;1151;33;4678.00;149
12262;31;624072931;12262;287;13412;13561;7.18;0.43;313.35;12.84;1150;33;4679.00;149
12266;31;624072948;12266;307;13478;13686;7.27;0.44;313.41;12.78;1212;33;4680.00;208
12270;31;624072978;12270;292;13478;13687;7.33;0.45;313.50;12.78;1208;33;4681.00;209
12272;31;624072995;12272;286;13486;13687;7.41;0.45;313.54;12.77;1214;33;4682.00;201
12276;31;624073011;12276;275;13488;13687;7.50;0.46;313.69;12.77;1212;33;4683.00;199
12278;31;624073029;12278;274;13492;13687;7.52;0.46;313.71;12.77;1214;33;4684.00;195
12281;31;624073045;12281;276;13495;13687;7.54;0.46;313.72;12.90;1214;33;4685.00;192
12285;31;624073067;12285;282;13499;13687;7.50;0.46;313.77;12.90;1214;33;4686.00;188
12293;31;624073090;12293;293;13503;13687;7.44;0.45;313.96;12.90;1210;33;4687.00;184
12295;31;624073107;12295;298;13508;13688;7.43;0.45;313.97;12.90;1213;33;4688.00;180
12301;31;624073124;12301;304;13511;13689;7.31;0.44;314.05;12.89;1210;33;4689.00;178
12304;31;624073145;12304;311;13515;13689;7.19;0.44;314.08;12.89;1211;33;4690.00;174
12305;31;624073167;12305;316;13518;13693;7.09;0.43;314.07;12.89;1213;33;4691.00;175
12308;31;624073184;12308;317;13518;13693;6.99;0.43;314.17;12.89;1210;33;4692.00;175
12310;31;624073204;12310;322;13520;13693;6.90;0.42;314.18;12.89;1210;33;4693.00;173
12312;31;624073224;12312;317;13521;13693;6.88;0.42;314.22;12.90;1209;33;4694.00;172
12317;31;624073240;12317;324;13526;13699;6.78;0.41;314.28;12.91;1209;33;4695.00;173
12318;31;624073256;12318;330;13526;13699;6.75;0.41;314.32;12.91;1208;33;4696.00;173
12322;31;624073271;12322;336;13526;13699;6.69;0.41;314.43;12.91;1204;33;4697.00;173
12329;31;624073285;12329;338;13527;13702;6.64;0.40;314.48;12.91;1198;33;4698.00;175
12330;31;624073300;12330;339;13527;13702;6.64;0.41;314.49;12.91;1197;33;4699.00;175
12335;31;624073315;12335;340;13528;13702;6.62;0.40;314.56;12.91;1193;33;4700.00;174
12339;31;624073333;12339;334;13528;13703;6.64;0.41;314.60;12.91;1189;33;4701.00;175
12343;31;624073347;12343;333;13529;13704;6.65;0.41;314.67;12.91;1186;33;4702.00;175
12349;31;624073362;12349;332;13529;13704;6.66;0.41;314.73;12.91;1180;33;4703.00;175
12353;31;624073376;12353;337;13538;13717;6.66;0.41;314.72;12.90;1185;33;4704.00;179
12356;31;624073398;12356;329;13538;13717;6.64;0.41;314.82;12.90;1182;33;4705.00;179
12359;31;624073418;12359;332;13539;13717;6.64;0.41;314.78;12.90;1180;33;4706.00;178
12364;31;624073432;12364;327;13540;13718;6.64;0.40;314.81;12.90;1176;33;4707.00;178
12367;31;624073447;12367;323;13541;13718;6.65;0.40;314.81;12.90;1174;33;4708.00;177
12369;31;624073461;12369;330;13543;13722;6.72;0.41;314.81;12.89;1174;33;4709.00;179
12375;31;624073477;12375;331;13543;13722;6.74;0.41;314.78;12.89;1168;33;4710.00;179
12378;31;624073492;12378;332;13548;13726;6.68;0.40;314.80;12.89;1170;33;4711.00;178
12380;31;624073507;12380;334;13548;13726;6.71;0.41;314.84;12.89;1168;33;4712.00;178
12381;31;624073521;12381;331;13550;13726;6.76;0.41;314.85;12.90;1169;33;4713.00;176
12383;31;624073535;12383;333;13551;13726;6.74;0.41;314.89;12.90;1168;33;4714.00;175
12388;31;624073549;12388;340;13552;13726;6.71;0.41;314.93;12.90;1164;33;4715.00;174
12394;31;624073564;12394;340;13564;13738;6.71;0.41;314.97;12.90;1170;33;4716.00;174
12396;31;624073578;12396;345;13564;13738;6.64;0.40;314.97;12.90;1168;33;4717.00;174
12398;31;624073592;12398;350;13565;13738;6.56;0.40;314.99;12.90;1167;33;4718.00;173
12401;31;624073605;12401;361;13566;13738;6.44;0.39;315.05;12.91;1165;33;4719.00;172
12401;31;624073619;12401;367;13566;13738;6.35;0.39;315.05;12.91;1165;33;4720.00;172
12403;31;624073632;12403;373;13568;13738;6.28;0.38;315.08;12.93;1165;33;4721.00;170
12405;31;624073645;12405;379;13568;13739;6.19;0.38;315.11;12.93;1163;33;4722.00;171
12406;31;624073659;12406;380;13570;13739;6.14;0.38;315.15;12.95;1164;33;4723.00;169
12411;31;624073671;12411;390;13576;13745;6.09;0.37;315.26;12.96;1165;33;4724.00;169
12413;31;624073685;12413;393;13579;13747;6.08;0.37;315.34;12.96;1166;33;4725.00;168
12416;31;624073698;12416;404;13581;13747;6.08;0.37;315.34;12.98;1165;33;4726.00;166
12422;31;624073711;12422;407;13582;13747;6.04;0.37;315.45;12.98;1160;33;4727.00;165
12424;31;624073724;12424;409;13585;13751;6.02;0.37;315.51;12.98;1161;33;4728.00;166
12427;31;624073737;12427;415;13586;13751;5.93;0.36;315.56;12.99;1159;33;4729.00;165
12431;31;624073750;12431;418;13588;13751;5.88;0.36;315.59;13.01;1157;33;4730.00;163
12433;31;624073763;12433;420;13589;13752;5.85;0.36;315.63;13.01;1156;33;4731.00;163
12434;31;624073775;12434;423;13593;13756;5.81;0.36;315.62;13.01;1159;33;4732.00;163
12440;31;624073789;12440;423;13594;13756;5.69;0.35;315.66;13.02;1154;33;4733.00;162
12442;31;624073801;12442;430;13597;13759;5.66;0.35;315.64;13.02;1155;33;4734.00;162
12444;31;624073815;12444;436;13599;13759;5.55;0.34;315.68;13.03;1155;33;4735.00;160
12447;31;624073827;12447;434;13600;13759;5.47;0.33;315.74;13.03;1153;33;4736.00;159
12449;31;624073840;12449;438;13602;13759;5.40;0.33;315.75;13.04;1153;33;4737.00;157
12452;31;624073852;12452;440;13606;13763;5.38;0.33;315.78;13.04;1154;33;4738.00;157
12454;31;624073864;12454;447;13608;13763;5.32;0.33;315.81;13.05;1154;33;4739.00;155
12456;31;624073878;12456;442;13608;13763;5.28;0.32;315.82;13.05;1152;33;4740.00;155
12460;31;624073890;12460;442;13609;13763;5.23;0.32;315.90;13.05;1149;33;4741.00;154
12463;31;624073902;12463;442;13610;13764;5.17;0.32;315.89;13.06;1147;33;4742.00;154
12464;31;624073914;12464;446;13611;13765;5.15;0.32;315.91;13.06;1147;33;4743.00;154
12469;31;624073926;12469;452;13612;13765;5.08;0.31;315.95;13.07;1143;33;4744.00;153
12472;31;624073938;12472;450;13613;13766;5.08;0.31;315.99;13.07;1141;33;4745.00;153
12474;31;624073950;12474;448;13613;13766;5.11;0.31;315.97;13.07;1139;33;4746.00;153
12478;31;624073961;12478;449;13614;13766;5.06;0.31;315.99;13.08;1136;33;4747.00;152
12482;31;624073974;12482;460;13614;13766;5.02;0.31;316.04;13.08;1132;33;4748.00;152
12484;31;624073985;12484;460;13615;13766;5.01;0.30;316.00;13.09;1131;33;4749.00;151
12484;31;624073996;12484;464;13621;13766;5.00;0.30;316.00;13.14;1137;33;4750.00;145
12485;31;624074008;12485;466;13622;13766;4.97;0.30;315.98;13.15;1137;33;4751.00;144
12490;31;624074020;12490;482;13684;13893;5.21;0.32;315.93;13.09;1194;33;4752.00;209
12493;31;624074041;12493;475;13689;13894;5.18;0.32;315.90;13.10;1196;33;4753.00;205
12498;31;624074053;12498;476;13700;13894;5.18;0.32;315.87;13.09;1202;33;4754.00;194
12499;31;624074065;12499;473;13701;13894;5.15;0.32;315.88;13.09;1202;33;4755.00;193
12502;31;624074077;12502;472;13711;13894;5.07;0.31;315.87;13.10;1209;33;4756.00;183
12503;31;624074091;12503;478;13714;13894;5.00;0.31;315.86;13.10;1211;33;4757.00;180
12507;31;624074105;12507;481;13718;13894;4.88;0.30;315.79;13.09;1211;33;4758.00;176
12510;31;624074126;12510;487;13725;13894;4.78;0.30;315.76;13.10;1215;33;4759.00;169
12513;31;624074148;12513;477;13728;13895;4.72;0.29;315.82;13.10;1215;33;4760.00;167
12515;31;624074169;12515;476;13732;13896;4.64;0.29;315.79;13.11;1217;33;4761.00;164
12521;31;624074189;12521;474;13734;13896;4.59;0.28;315.73;13.11;1213;33;4762.00;162
12523;31;624074206;12523;478;13738;13897;4.52;0.28;315.76;13.12;1215;33;4763.00;159
12525;31;624074225;12525;487;13740;13897;4.44;0.27;315.75;13.12;1215;33;4764.00;157
12528;31;624074244;12528;491;13743;13897;4.40;0.27;315.83;13.12;1215;33;4765.00;154
12530;31;624074260;12530;496;13743;13897;4.39;0.27;315.83;13.12;1213;33;4766.00;154
12532;31;624074274;12532;499;13747;13901;4.40;0.27;315.88;13.12;1215;33;4767.00;154
12533;31;624074288;12533;496;13749;13901;4.41;0.27;315.89;13.12;1216;33;4768.00;152
12536;31;624074301;12536;491;13750;13901;4.45;0.27;315.86;13.12;1214;33;4769.00;151
12539;31;624074316;12539;488;13754;13907;4.48;0.28;315.88;13.11;1215;33;4770.00;153
12541;31;624074330;12541;492;13755;13907;4.48;0.28;315.89;13.12;1214;33;4771.00;152
12542;31;624074344;12542;492;13758;13907;4.54;0.28;315.90;13.12;1216;33;4772.00;149
12546;31;624074357;12546;500;13761;13911;4.58;0.28;315.89;13.11;1215;33;4773.00;150
12549;31;624074371;12549;491;13764;13912;4.64;0.29;315.87;13.11;1215;33;4774.00;148
12552;31;624074385;12552;494;13764;13912;4.70;0.29;315.88;13.11;1212;33;4775.00;148
12557;31;624074398;12557;496;13769;13916;4.78;0.29;315.82;13.11;1212;33;4776.00;147
12559;31;624074411;12559;497;13769;13916;4.78;0.29;315.84;13.11;1210;33;4777.00;147
12562;31;624074423;12562;504;13769;13916;4.79;0.29;315.86;13.11;1207;33;4778.00;147
12566;31;624074436;12566;494;13770;13917;4.79;0.29;315.84;13.11;1204;33;4779.00;147
12570;31;624074450;12570;494;13770;13917;4.80;0.29;315.82;13.11;1200;33;4780.00;147
12573;31;624074463;12573;497;13775;13923;4.84;0.30;315.80;13.10;1202;33;4781.00;148
12578;31;624074477;12578;496;13776;13923;4.80;0.29;315.74;13.24;1198;33;4782.00;147
12582;31;624074492;12582;489;13776;13924;4.77;0.29;315.70;13.24;1194;33;4783.00;148
12585;31;624074505;12585;490;13776;13924;4.76;0.29;315.65;13.24;1191;33;4784.00;148
12590;32;624074519;12590;487;13776;13924;4.73;0.29;315.68;13.24;1186;34;4785.00;148
12593;32;624074544;12593;486;13776;13924;4.77;0.29;315.64;13.24;1183;34;4786.00;148
12595;32;624074557;12595;488;13776;13924;4.78;0.29;315.65;13.24;1181;34;4787.00;148
12597;32;624074570;12597;483;13785;13936;4.85;0.30;315.66;13.23;1188;34;4788.00;151
12600;32;624074583;12600;481;13785;13936;4.84;0.29;315.63;13.23;1185;34;4789.00;151
12603;32;624074597;12603;482;13787;13936;4.88;0.30;315.65;13.23;1184;34;4790.00;149
12607;32;624074610;12607;478;13787;13936;4.89;0.30;315.68;13.23;1180;34;4791.00;149
12607;32;624074623;12607;483;13787;13936;4.93;0.30;315.68;13.23;1180;34;4792.00;149
12611;32;624074637;12611;477;13787;13936;4.90;0.30;315.67;13.23;1176;34;4793.00;149
12612;32;624074652;12612;476;13790;13940;4.91;0.30;315.67;13.23;1178;34;4794.00;150
12614;32;624074668;12614;473;13790;13940;4.90;0.30;315.71;13.23;1176;34;4795.00;150
12617;32;624074689;12617;464;13794;13944;4.91;0.30;315.71;13.22;1177;34;4796.00;150
12619;32;624074709;12619;461;13795;13945;4.93;0.30;315.72;13.22;1176;34;4797.00;150
12620;32;624074724;12620;463;13795;13945;4.96;0.30;315.72;13.22;1175;34;4798.00;150
12622;32;624074737;12622;468;13795;13945;4.98;0.30;315.71;13.22;1173;34;4799.00;150
12625;32;624074752;12625;479;13819;13986;5.14;0.31;315.69;13.20;1194;34;4800.00;167
12628;32;624074778;12628;470;13819;13986;5.13;0.31;315.67;13.20;1191;34;4801.00;167
12631;32;624074792;12631;465;13820;13986;5.21;0.32;315.68;13.20;1189;34;4802.00;166
12633;32;624074805;12633;459;13821;13987;5.30;0.32;315.70;13.20;1188;34;4803.00;166
12634;32;624074818;12634;459;13823;13988;5.36;0.33;315.70;13.20;1189;34;4804.00;165
12639;32;624074831;12639;447;13823;13988;5.43;0.33;315.72;13.20;1184;34;4805.00;165
12643;32;624074845;12643;448;13826;13991;5.51;0.34;315.77;13.19;1183;34;4806.00;165
12645;32;624074858;12645;435;13827;13991;5.57;0.34;315.81;13.19;1182;34;4807.00;164
12649;32;624074872;12649;423;13828;13991;5.61;0.34;315.87;13.19;1179;34;4808.00;163
12652;32;624074886;12652;427;13829;13991;5.67;0.35;315.95;13.19;1177;34;4809.00;162
12656;32;624074900;12656;421;13836;13997;5.70;0.35;315.95;13.19;1180;34;4810.00;161
12656;32;624074914;12656;418;13836;13997;5.78;0.35;315.95;13.19;1180;34;4811.00;161
12658;32;624074928;12658;417;13836;13997;5.85;0.36;316.00;13.19;1178;34;4812.00;161
12660;32;624074942;12660;417;13836;13997;5.91;0.36;316.04;13.19;1176;34;4813.00;161
12665;32;624074956;12665;414;13839;14001;5.91;0.36;316.03;13.19;1174;34;4814.00;162
12667;32;624074972;12667;418;13841;14003;5.97;0.36;316.05;13.18;1174;34;4815.00;162
12672;32;624074986;12672;407;13842;14003;6.06;0.37;316.08;13.18;1170;34;4816.00;161
12675;32;624075000;12675;388;13843;14004;6.13;0.37;316.15;13.18;1168;34;4817.00;161
12676;32;624075016;12676;378;13843;14004;6.21;0.38;316.17;13.18;1167;34;4818.00;161
12677;33;624075032;12677;366;13843;14004;6.29;0.38;316.20;13.18;1166;35;4819.00;161
12681;33;624075065;12681;360;13844;14004;6.32;0.39;316.18;13.32;1163;35;4820.00;160
12685;33;624075080;12685;359;13844;14004;6.40;0.39;316.18;13.32;1159;35;4821.00;160
12689;33;624075102;12689;353;13845;14004;6.47;0.39;316.22;13.32;1156;35;4822.00;159
12691;33;624075116;12691;355;13845;14004;6.49;0.39;316.26;13.32;1154;35;4823.00;159
12694;33;624075132;12694;360;13887;14074;6.63;0.40;316.28;13.28;1193;35;4824.00;187
12695;33;624075154;12695;358;13888;14075;6.68;0.41;316.33;13.28;1193;35;4825.00;187
12698;33;624075170;12698;353;13893;14075;6.69;0.41;316.43;13.28;1195;35;4826.00;182
12702;33;624075188;12702;354;13895;14075;6.72;0.41;316.42;13.28;1193;35;4827.00;180
12704;33;624075203;12704;348;13899;14077;6.73;0.41;316.51;13.27;1195;35;4828.00;178
12706;33;624075219;12706;349;13901;14077;6.74;0.41;316.57;13.27;1195;35;4829.00;176
12708;33;624075236;12708;353;13904;14077;6.71;0.41;316.57;13.27;1196;35;4830.00;173
12710;33;624075251;12710;356;13906;14077;6.73;0.41;316.62;13.27;1196;35;4831.00;171
12713;33;624075268;12713;360;13907;14078;6.73;0.41;316.72;13.27;1194;35;4832.00;171
12714;33;624075283;12714;359;13909;14079;6.76;0.41;316.79;13.27;1195;35;4833.00;170
12714;33;624075298;12714;362;13914;14079;6.76;0.41;316.79;13.27;1200;35;4834.00;165
12716;33;624075312;12716;366;13918;14083;6.76;0.41;316.80;13.27;1202;35;4835.00;165
12720;33;624075327;12720;369;13920;14083;6.72;0.41;316.82;13.40;1200;35;4836.00;163
12722;33;624075341;12722;367;13920;14083;6.71;0.41;316.82;13.40;1198;35;4837.00;163
12724;33;624075356;12724;368;13920;14083;6.71;0.41;316.94;13.40;1196;35;4838.00;163
12727;33;624075370;12727;360;13925;14089;6.71;0.41;316.99;13.40;1198;35;4839.00;164
12728;33;624075385;12728;360;13926;14089;6.73;0.41;317.02;13.40;1198;35;4840.00;163
12730;33;624075400;12730;360;13926;14089;6.77;0.41;317.09;13.40;1196;35;4841.00;163
12734;33;624075415;12734;361;13928;14092;6.80;0.41;317.11;13.39;1194;35;4842.00;164
12737;33;624075431;12737;357;13928;14092;6.82;0.41;317.17;13.39;1191;35;4843.00;164
12741;33;624075446;12741;364;13929;14092;6.86;0.42;317.24;13.39;1188;35;4844.00;163
12746;33;624075461;12746;365;13929;14093;6.87;0.42;317.28;13.39;1183;35;4845.00;164
12747;33;624075477;12747;360;13930;14094;6.95;0.42;317.32;13.39;1183;35;4846.00;164
12750;33;624075492;12750;351;13930;14094;6.98;0.42;317.31;13.39;1180;35;4847.00;164
12754;33;624075509;12754;353;13941;14107;7.04;0.43;317.42;13.38;1187;35;4848.00;166
12757;33;624075526;12757;342;13941;14107;7.11;0.43;317.37;13.38;1184;35;4849.00;166
12759;33;624075543;12759;344;13941;14107;7.16;0.43;317.42;13.38;1182;35;4850.00;166
12763;33;624075559;12763;345;13943;14108;7.16;0.43;317.42;13.51;1180;35;4851.00;165
12765;33;624075573;12765;337;13943;14108;7.11;0.43;317.44;13.51;1178;35;4852.00;165
12767;33;624075588;12767;336;13947;14112;7.11;0.43;317.50;13.51;1180;35;4853.00;165
12768;33;624075603;12768;331;13948;14112;7.03;0.43;317.51;13.64;1180;35;4854.00;164
12771;33;624075616;12771;331;13951;14116;7.00;0.43;317.51;13.64;1180;35;4855.00;165
12777;33;624075631;12777;334;13951;14116;6.98;0.42;317.55;13.64;1174;35;4856.00;165
12779;33;624075645;12779;339;13951;14116;7.00;0.43;317.56;13.64;1172;35;4857.00;165
12784;33;624075659;12784;349;13951;14116;6.99;0.43;317.71;13.64;1167;35;4858.00;165
12784;33;624075673;12784;350;13951;14116;6.98;0.42;317.71;13.64;1167;35;4859.00;165
12790;33;624075688;12790;352;13971;14150;6.98;0.43;317.82;13.62;1181;35;4860.00;179
12793;33;624075705;12793;347;13972;14150;6.94;0.42;317.83;13.62;1179;35;4861.00;178
12797;33;624075721;12797;336;13974;14150;6.92;0.42;317.85;13.61;1177;35;4862.00;176
12801;33;624075736;12801;339;13977;14150;6.88;0.42;317.86;13.61;1176;35;4863.00;173
12804;33;624075751;12804;330;13978;14150;6.85;0.42;317.94;13.61;1174;35;4864.00;172
12808;33;624075765;12808;338;13980;14150;6.78;0.41;317.89;13.63;1172;35;4865.00;170
12809;33;624075782;12809;341;13980;14151;6.76;0.41;317.93;13.63;1171;35;4866.00;171
12815;33;624075795;12815;340;13980;14151;6.67;0.41;317.96;13.63;1165;35;4867.00;171
12819;33;624075815;12819;331;13984;14157;6.66;0.41;318.02;13.63;1165;35;4868.00;173
12823;33;624075829;12823;327;13984;14158;6.62;0.40;318.08;13.63;1161;35;4869.00;174
12827;33;624075843;12827;330;13986;14158;6.60;0.40;318.03;13.63;1159;35;4870.00;172
12831;33;624075857;12831;335;13986;14158;6.60;0.40;318.07;13.63;1155;35;4871.00;172
12834;33;624075870;12834;335;13989;14162;6.63;0.40;318.09;13.75;1155;35;4872.00;173
12839;33;624075883;12839;332;13990;14162;6.59;0.40;318.16;13.75;1151;35;4873.00;172
12843;33;624075897;12843;339;13990;14162;6.56;0.40;318.18;13.75;1147;35;4874.00;172
12844;33;624075910;12844;346;13992;14163;6.56;0.40;318.21;13.75;1148;35;4875.00;171
12850;33;624075928;12850;356;13995;14167;6.47;0.39;318.24;13.75;1145;35;4876.00;172
12854;33;624075942;12854;359;13996;14167;6.47;0.39;318.30;13.75;1142;35;4877.00;171
12858;33;624075955;12858;361;13998;14170;6.45;0.39;318.39;13.75;1140;35;4878.00;172
12862;33;624075969;12862;364;13999;14170;6.40;0.39;318.37;13.75;1137;35;4879.00;171
12864;33;624075981;12864;376;13999;14170;6.40;0.39;318.34;13.75;1135;35;4880.00;171
12866;33;624075994;12866;377;13999;14170;6.43;0.39;318.37;13.75;1133;35;4881.00;171
12871;33;624076007;12871;375;14003;14174;6.44;0.39;318.42;13.74;1132;35;4882.00;171
12875;33;624076020;12875;374;14003;14174;6.39;0.39;318.40;13.74;1128;35;4883.00;171
12878;33;624076033;12878;373;14003;14174;6.36;0.39;318.47;13.74;1125;35;4884.00;171
12881;33;624076046;12881;380;14003;14174;6.30;0.38;318.56;13.74;1122;35;4885.00;171
12885;33;624076058;12885;382;14003;14175;6.24;0.38;318.64;13.74;1118;35;4886.00;172
12887;33;624076071;12887;386;14004;14176;6.19;0.38;318.68;13.74;1117;35;4887.00;172
12889;33;624076083;12889;386;14004;14176;6.07;0.37;318.76;13.74;1115;35;4888.00;172
12891;33;624076096;12891;384;14005;14177;5.99;0.36;318.78;13.74;1114;35;4889.00;172
12895;33;624076110;12895;396;14006;14177;5.89;0.36;318.82;13.75;1111;35;4890.00;171
12896;33;624076122;12896;402;14007;14177;5.84;0.35;318.82;13.76;1111;35;4891.00;170
12898;33;624076138;12898;412;14007;14177;5.78;0.35;318.88;13.76;1109;35;4892.00;170
12901;33;624076155;12901;410;14008;14177;5.69;0.34;318.88;13.77;1107;35;4893.00;169
12901;33;624076175;12901;417;14009;14177;5.64;0.34;318.88;13.79;1108;35;4894.00;168
12903;33;624076196;12903;417;14010;14177;5.55;0.34;318.89;13.79;1107;35;4895.00;167
12905;33;624076213;12905;433;14070;14304;5.78;0.36;318.86;13.76;1165;35;4896.00;234
12906;33;624076244;12906;427;14074;14305;5.67;0.35;318.85;13.75;1168;35;4897.00;231
12908;33;624076259;12908;428;14085;14305;5.70;0.35;318.87;13.76;1177;35;4898.00;220
12909;33;624076272;12909;429;14088;14305;5.64;0.35;318.84;13.77;1179;35;4899.00;217
12911;33;624076286;12911;431;14096;14305;5.60;0.35;318.81;13.77;1185;35;4900.00;209
12912;33;624076304;12912;434;14102;14305;5.54;0.34;318.86;13.79;1190;35;4901.00;203
12914;33;624076318;12914;437;14105;14305;5.44;0.34;318.87;13.79;1191;35;4902.00;200
12916;33;624076330;12916;443;14109;14305;5.39;0.33;318.84;13.79;1193;35;4903.00;196
12917;34;624076344;12917;448;14110;14306;5.33;0.33;318.82;13.80;1193;36;4904.00;196
12917;34;624076376;12917;458;14115;14308;5.32;0.33;318.82;13.82;1198;36;4905.00;193
12919;34;624076389;12919;462;14116;14308;5.25;0.32;318.85;13.82;1197;36;4906.00;192
12923;34;624076401;12923;464;14120;14309;5.19;0.32;318.85;13.83;1197;36;4907.00;189
12925;34;624076414;12925;474;14123;14309;5.13;0.32;318.82;13.84;1198;36;4908.00;186
12927;34;624076427;12927;471;14125;14309;5.06;0.31;318.79;13.84;1198;36;4909.00;184
12927;34;624076440;12927;469;14129;14309;5.03;0.31;318.79;13.86;1202;36;4910.00;180
12929;34;624076452;12929;473;14133;14313;4.98;0.31;318.77;13.86;1204;36;4911.00;180
12934;34;624076465;12934;476;14137;14313;4.90;0.30;318.74;13.87;1203;36;4912.00;176
12938;34;624076478;12938;481;14139;14313;4.84;0.30;318.68;13.87;1201;36;4913.00;174
12939;34;624076491;12939;476;14144;14316;4.77;0.29;318.66;13.88;1205;36;4914.00;172
12942;34;624076504;12942;486;14145;14316;4.65;0.29;318.64;13.88;1203;36;4915.00;171
12945;34;624076517;12945;499;14146;14316;4.59;0.28;318.63;13.88;1201;36;4916.00;170
12946;34;624076529;12946;498;14148;14320;4.55;0.28;318.64;13.88;1202;36;4917.00;172
12950;34;624076542;12950;503;14153;14321;4.45;0.27;318.57;13.90;1203;36;4918.00;168
12954;34;624076555;12954;506;14154;14321;4.37;0.27;318.52;13.91;1200;36;4919.00;167
12955;34;624076569;12955;500;14160;14326;4.37;0.27;318.50;13.92;1205;36;4920.00;166
12955;34;624076582;12955;506;14161;14326;4.33;0.27;318.50;13.91;1206;36;4921.00;165
12957;34;624076594;12957;512;14164;14326;4.25;0.26;318.51;13.92;1207;36;4922.00;162
12959;34;624076606;12959;521;14165;14327;4.15;0.26;318.49;13.92;1206;36;4923.00;162
12964;34;624076625;12964;525;14167;14327;4.05;0.25;318.46;13.93;1203;36;4924.00;160
12969;34;624076638;12969;524;14173;14333;4.00;0.25;318.49;13.93;1204;36;4925.00;160
12971;34;624076651;12971;529;14173;14333;3.89;0.24;318.49;13.93;1202;36;4926.00;160
12972;34;624076663;12972;534;14175;14334;3.82;0.24;318.47;13.94;1203;36;4927.00;159
12975;34;624076676;12975;536;14175;14334;3.74;0.23;318.45;13.94;1200;36;4928.00;159
12978;34;624076687;12978;542;14176;14334;3.65;0.22;318.46;13.94;1198;36;4929.00;158
12979;34;624076699;12979;533;14177;14334;3.59;0.22;318.45;13.95;1198;36;4930.00;157
12983;34;624076710;12983;517;14178;14334;3.53;0.22;318.46;13.95;1195;36;4931.00;156
12985;34;624076723;12985;500;14188;14346;3.64;0.22;318.48;13.94;1203;36;4932.00;158
12989;34;624076736;12989;484;14188;14346;3.70;0.23;318.46;13.94;1199;36;4933.00;158
12989;34;624076748;12989;474;14189;14346;3.84;0.24;318.46;13.95;1200;36;4934.00;157
12992;34;624076760;12992;471;14189;14346;3.94;0.24;318.48;13.95;1197;36;4935.00;157
12995;34;624076772;12995;466;14189;14346;4.01;0.25;318.50;13.95;1194;36;4936.00;157
12995;34;624076785;12995;451;14190;14346;4.17;0.26;318.50;13.95;1195;36;4937.00;156
12997;34;624076798;12997;439;14192;14350;4.30;0.26;318.51;13.95;1195;36;4938.00;158
12998;34;624076811;12998;434;14192;14350;4.41;0.27;318.52;13.95;1194;36;4939.00;158
12999;35;624076830;12999;420;14196;14354;4.59;0.28;318.51;13.95;1197;37;4940.00;158
13003;35;624076851;13003;418;14197;14355;4.69;0.29;318.49;13.95;1194;37;4941.00;158
13004;35;624076870;13004;410;14197;14355;4.82;0.30;318.50;13.95;1193;37;4942.00;158
13006;35;624076882;13006;400;14197;14355;4.96;0.30;318.50;13.95;1191;37;4943.00;158
13010;35;624076896;13010;399;14208;14368;5.16;0.32;318.49;13.94;1198;37;4944.00;160
13014;36;624076910;13014;386;14208;14368;5.23;0.32;318.45;13.94;1194;38;4945.00;160
13017;36;624076937;13017;386;14208;14368;5.31;0.32;318.44;13.94;1191;38;4946.00;160
13019;36;624076950;13019;378;14209;14369;5.36;0.33;318.45;13.94;1190;38;4947.00;160
13023;36;624076963;13023;377;14209;14370;5.38;0.33;318.40;13.94;1186;38;4948.00;161
13028;36;624076977;13028;366;14209;14370;5.36;0.33;318.38;13.94;1181;38;4949.00;161
13032;36;624076993;13032;361;14214;14379;5.37;0.33;318.38;13.93;1182;38;4950.00;165
13036;36;624077008;13036;354;14214;14379;5.37;0.33;318.37;13.93;1178;38;4951.00;165
13039;36;624077022;13039;360;14216;14379;5.34;0.33;318.42;13.93;1177;38;4952.00;163
13042;36;624077036;13042;358;14216;14379;5.34;0.33;318.47;13.93;1174;38;4953.00;163
13048;36;624077049;13048;360;14221;14385;5.34;0.32;318.47;13.92;1173;38;4954.00;164
13054;36;624077063;13054;350;14223;14385;5.34;0.32;318.47;13.93;1169;38;4955.00;162
13057;36;624077077;13057;345;14223;14385;5.33;0.32;318.50;13.93;1166;38;4956.00;162
13060;36;624077090;13060;351;14223;14385;5.34;0.33;318.50;13.93;1163;38;4957.00;162
13063;36;624077104;13063;348;14225;14389;5.34;0.33;318.55;13.93;1162;38;4958.00;164
13066;36;624077118;13066;351;14226;14390;5.42;0.33;318.56;13.93;1160;38;4959.00;164
13071;36;624077132;13071;353;14227;14390;5.41;0.33;318.61;13.93;1156;38;4960.00;163
13076;36;624077146;13076;354;14229;14391;5.40;0.33;318.63;13.93;1153;38;4961.00;162
13080;36;624077166;13080;351;14229;14391;5.42;0.33;318.62;13.93;1149;38;4962.00;162
13083;36;624077181;13083;359;14229;14391;5.38;0.33;318.70;13.93;1146;38;4963.00;162
13085;37;624077195;13085;362;14230;14391;5.37;0.33;318.69;13.94;1145;39;4964.00;161
13087;37;624077220;13087;365;14230;14391;5.37;0.33;318.71;13.94;1143;39;4965.00;161
13090;37;624077232;13090;364;14233;14391;5.32;0.32;318.69;14.08;1143;39;4966.00;158
13095;37;624077247;13095;372;14233;14391;5.32;0.32;318.77;14.08;1138;39;4967.00;158
13095;37;624077260;13095;385;14275;14461;5.43;0.33;318.77;14.04;1180;39;4968.00;186
13098;37;624077278;13098;378;14278;14462;5.42;0.33;318.83;14.04;1180;39;4969.00;184
13101;37;624077290;13101;373;14283;14462;5.44;0.33;318.88;14.04;1182;39;4970.00;179
13102;37;624077304;13102;362;14284;14462;5.48;0.33;318.86;14.04;1182;39;4971.00;178
13106;37;624077317;13106;360;14286;14462;5.52;0.34;318.93;14.04;1180;39;4972.00;176
13109;37;624077329;13109;362;14289;14462;5.51;0.34;318.98;14.04;1180;39;4973.00;173
13110;37;624077343;13110;352;14293;14462;5.55;0.34;319.01;14.04;1183;39;4974.00;169
13114;37;624077356;13114;348;14296;14462;5.61;0.34;319.03;14.03;1182;39;4975.00;166
13115;37;624077370;13115;339;14297;14463;5.67;0.35;319.04;14.03;1182;39;4976.00;166
13116;37;624077383;13116;331;14300;14464;5.76;0.35;319.03;14.03;1184;39;4977.00;164
13119;37;624077397;13119;324;14302;14464;5.83;0.36;319.08;14.03;1183;39;4978.00;162
13121;37;624077412;13121;325;14307;14468;5.89;0.36;319.09;14.03;1186;39;4979.00;161
13123;37;624077427;13123;327;14309;14468;5.89;0.36;319.15;14.03;1186;39;4980.00;159
13125;37;624077445;13125;334;14310;14468;5.96;0.36;319.14;14.03;1185;39;4981.00;158
13129;37;624077459;13129;335;14311;14468;5.97;0.36;319.20;14.03;1182;39;4982.00;157
13130;37;624077473;13130;342;14317;14474;6.00;0.37;319.20;14.15;1187;39;4983.00;157
13132;37;624077488;13132;346;14317;14474;5.98;0.36;319.22;14.15;1185;39;4984.00;157
13135;37;624077501;13135;351;14317;14474;5.92;0.36;319.30;14.15;1182;39;4985.00;157
13139;37;624077516;13139;344;14319;14477;5.88;0.36;319.43;14.15;1180;39;4986.00;158
13140;37;624077531;13140;340;14319;14477;5.81;0.35;319.43;14.15;1179;39;4987.00;158
13143;37;624077545;13143;341;14320;14477;5.80;0.35;319.50;14.15;1177;39;4988.00;157
13145;37;624077559;13145;344;14320;14478;5.82;0.35;319.55;14.15;1175;39;4989.00;158
13147;37;624077574;13147;345;14321;14479;5.88;0.36;319.53;14.15;1174;39;4990.00;158
13150;37;624077588;13150;347;14321;14479;5.89;0.36;319.55;14.15;1171;39;4991.00;158
13151;37;624077602;13151;348;14332;14492;6.04;0.37;319.59;14.14;1181;39;4992.00;160
13155;37;624077618;13155;345;14333;14492;6.07;0.37;319.61;14.27;1178;39;4993.00;159
13157;37;624077637;13157;341;14333;14492;6.15;0.37;319.67;14.27;1176;39;4994.00;159
13160;37;624077651;13160;334;14335;14494;6.19;0.38;319.75;14.27;1175;39;4995.00;159
13161;37;624077666;13161;324;14335;14494;6.32;0.38;319.76;14.27;1174;39;4996.00;159
13165;37;624077680;13165;319;14339;14498;6.44;0.39;319.75;14.26;1174;39;4997.00;159
13167;37;624077695;13167;313;14339;14498;6.54;0.40;319.76;14.26;1172;39;4998.00;159
13170;37;624077709;13170;308;14342;14502;6.61;0.40;319.78;14.26;1172;39;4999.00;160
13172;37;624077725;13172;304;14342;14502;6.69;0.41;319.85;14.26;1170;39;5000.00;160
13178;38;624077743;13178;301;14342;14502;6.71;0.41;319.83;14.26;1164;40;5001.00;160
13179;38;624077770;13179;297;14342;14502;6.78;0.41;319.86;14.26;1163;40;5002.00;160
13184;38;624077785;13184;289;14342;14502;6.81;0.41;319.85;14.26;1158;40;5003.00;160
13187;38;624077799;13187;298;14351;14514;6.86;0.42;319.95;14.25;1164;40;5004.00;163
13189;38;624077815;13189;294;14351;14514;6.88;0.42;319.99;14.25;1162;40;5005.00;163
13191;38;624077829;13191;288;14353;14514;6.94;0.42;320.01;14.25;1162;40;5006.00;161
13193;38;624077849;13193;289;14353;14514;6.96;0.42;320.12;14.25;1160;40;5007.00;161
13194;38;624077863;13194;288;14353;14514;6.95;0.42;320.18;14.25;1159;40;5008.00;161
13198;38;624077877;13198;290;14353;14514;6.97;0.42;320.23;14.25;1155;40;5009.00;161
13200;38;624077893;13200;288;14353;14515;7.00;0.43;320.24;14.25;1153;40;5010.00;162
13203;38;624077907;13203;290;14353;14515;6.99;0.42;320.27;14.25;1150;40;5011.00;162
13208;38;624077921;13208;287;14359;14521;7.00;0.42;320.30;14.38;1151;40;5012.00;162
13211;38;624077936;13211;282;14360;14522;6.99;0.42;320.32;14.38;1149;40;5013.00;162
13214;38;624077950;13214;285;14361;14522;6.98;0.42;320.37;14.51;1147;40;5014.00;161
13216;38;624077964;13216;285;14361;14522;6.98;0.42;320.37;14.51;1145;40;5015.00;161
13216;39;624077979;13216;288;14364;14526;7.04;0.43;320.37;14.51;1148;41;5016.00;162
13219;39;624078003;13219;283;14364;14526;7.05;0.43;320.43;14.51;1145;41;5017.00;162
13220;39;624078021;13220;278;14364;14526;7.07;0.43;320.42;14.51;1144;41;5018.00;162
13224;39;624078035;13224;281;14365;14527;7.06;0.43;320.45;14.51;1141;41;5019.00;162
13226;39;624078049;13226;287;14368;14531;7.01;0.43;320.51;14.51;1142;41;5020.00;163
13228;39;624078064;13228;284;14368;14531;6.98;0.42;320.55;14.51;1140;41;5021.00;163
13232;39;624078077;13232;280;14370;14534;6.93;0.42;320.56;14.51;1138;41;5022.00;164
13233;39;624078091;13233;286;14370;14534;6.92;0.42;320.56;14.51;1137;41;5023.00;164
13234;39;624078117;13234;292;14371;14534;6.91;0.42;320.55;14.51;1137;41;5024.00;163
13237;39;624078131;13237;293;14371;14534;6.87;0.42;320.55;14.51;1134;41;5025.00;163
13241;39;624078152;13241;290;14375;14538;6.86;0.42;320.61;14.50;1134;41;5026.00;163
13244;39;624078174;13244;291;14375;14538;6.78;0.41;320.62;14.50;1131;41;5027.00;163
13245;39;624078195;13245;292;14376;14538;6.75;0.41;320.61;14.63;1131;41;5028.00;162
13247;39;624078224;13247;292;14376;14538;6.66;0.40;320.68;14.63;1129;41;5029.00;162
13252;39;624078242;13252;288;14376;14539;6.58;0.40;320.75;14.63;1124;41;5030.00;163
13254;39;624078258;13254;289;14377;14540;6.57;0.40;320.85;14.63;1123;41;5031.00;163
13256;39;624078273;13256;289;14377;14540;6.54;0.40;320.89;14.63;1121;41;5032.00;163
13258;39;624078287;13258;292;14379;14541;6.54;0.40;320.90;14.76;1121;41;5033.00;162
13262;39;624078302;13262;285;14380;14541;6.47;0.39;320.97;14.77;1118;41;5034.00;161
13265;39;624078318;13265;285;14381;14541;6.41;0.39;321.09;14.78;1116;41;5035.00;160
13265;39;624078333;13265;281;14381;14541;6.35;0.39;321.09;14.78;1116;41;5036.00;160
13269;39;624078347;13269;291;14381;14541;6.28;0.38;321.12;14.78;1112;41;5037.00;160
13272;39;624078361;13272;297;14381;14541;6.21;0.38;321.17;14.78;1109;41;5038.00;160
13274;39;624078375;13274;294;14382;14541;6.18;0.38;321.21;14.90;1108;41;5039.00;159
13278;39;624078390;13278;331;14478;14771;6.35;0.40;321.33;14.80;1200;41;5040.00;293
13279;39;624078429;13279;331;14483;14772;6.32;0.39;321.31;14.80;1204;41;5041.00;289
13283;39;624078443;13283;325;14492;14772;6.33;0.40;321.42;14.79;1209;41;5042.00;280
13286;39;624078457;13286;330;14496;14772;6.30;0.39;321.42;14.79;1210;41;5043.00;276
13288;39;624078473;13288;334;14505;14772;6.32;0.39;321.46;14.78;1217;41;5044.00;267
13290;39;624078494;13290;335;14510;14772;6.33;0.39;321.50;14.78;1220;41;5045.00;262
13290;39;624078507;13290;342;14518;14772;6.38;0.40;321.50;14.77;1228;41;5046.00;254
13293;39;624078522;13293;354;14526;14772;6.34;0.39;321.58;14.77;1233;41;5047.00;246
13294;39;624078536;13294;346;14533;14773;6.36;0.40;321.57;14.77;1239;41;5048.00;240
13298;39;624078551;13298;357;14537;14774;6.34;0.39;321.58;14.76;1239;41;5049.00;237
13302;39;624078566;13302;354;14545;14774;6.31;0.39;321.62;14.76;1243;41;5050.00;229
13306;39;624078580;13306;362;14547;14775;6.29;0.39;321.68;14.76;1241;41;5051.00;228
13309;39;624078594;13309;362;14550;14775;6.23;0.39;321.70;14.76;1241;41;5052.00;225
13311;39;624078608;13311;368;14553;14775;6.18;0.38;321.69;14.76;1242;41;5053.00;222
13316;39;624078623;13316;372;14556;14775;6.10;0.38;321.67;14.77;1240;41;5054.00;219
13319;39;624078637;13319;379;14561;14779;6.00;0.37;321.74;14.77;1242;41;5055.00;218
13322;39;624078658;13322;384;14564;14779;5.92;0.36;321.75;14.78;1242;41;5056.00;215
13324;39;624078673;13324;385;14567;14779;5.84;0.36;321.80;14.78;1243;41;5057.00;212
13325;39;624078693;13325;387;14570;14782;5.82;0.36;321.81;14.78;1245;41;5058.00;212
13326;39;624078707;13326;395;14570;14782;5.82;0.36;321.81;14.78;1244;41;5059.00;212
13332;39;624078720;13332;399;14572;14782;5.73;0.35;321.76;14.78;1240;41;5060.00;210
13334;39;624078735;13334;406;14577;14786;5.78;0.35;321.76;14.79;1243;41;5061.00;209
13336;39;624078750;13336;417;14579;14787;5.79;0.36;321.81;14.79;1243;41;5062.00;208
13338;39;624078765;13338;421;14583;14787;5.76;0.35;321.77;14.81;1245;41;5063.00;204
13340;39;624078778;13340;428;14587;14791;5.76;0.35;321.85;14.81;1247;41;5064.00;204
13345;39;624078793;13345;440;14590;14791;5.70;0.35;321.81;14.82;1245;41;5065.00;201
13345;39;624078807;13345;440;14592;14791;5.64;0.34;321.81;14.83;1247;41;5066.00;199
13349;39;624078820;13349;442;14594;14792;5.60;0.34;321.74;14.83;1245;41;5067.00;198
13351;39;624078835;13351;451;14598;14792;5.53;0.34;321.72;14.85;1247;41;5068.00;194
13354;39;624078849;13354;459;14605;14798;5.43;0.33;321.68;14.84;1251;41;5069.00;193
13354;39;624078865;13354;470;14607;14798;5.35;0.32;321.68;14.86;1253;41;5070.00;191
13354;39;624078879;13354;480;14609;14799;5.29;0.32;321.68;14.86;1255;41;5071.00;190
13356;39;624078892;13356;490;14611;14799;5.14;0.31;321.72;14.86;1255;41;5072.00;188
13358;39;624078912;13358;502;14613;14799;5.01;0.31;321.73;14.87;1255;41;5073.00;186
13359;39;624078925;13359;503;14616;14799;4.86;0.30;321.71;14.88;1257;41;5074.00;183
13359;39;624078938;13359;519;14618;14799;4.71;0.29;321.71;14.89;1259;41;5075.00;181
13360;39;624078951;13360;528;14628;14811;4.64;0.28;321.69;14.89;1268;41;5076.00;183
13363;39;624078964;13363;540;14629;14811;4.51;0.28;321.65;14.90;1266;41;5077.00;182
13365;39;624078979;13365;547;14632;14811;4.39;0.27;321.62;14.90;1267;41;5078.00;179
13365;39;624078992;13365;555;14632;14811;4.29;0.26;321.62;14.90;1267;41;5079.00;179
13365;39;624079005;13365;562;14633;14811;4.20;0.26;321.62;14.91;1268;41;5080.00;178
13366;39;624079024;13366;568;14634;14811;4.16;0.25;321.63;14.91;1268;41;5081.00;177
13368;39;624079036;13368;565;14635;14815;4.10;0.25;321.61;14.91;1267;41;5082.00;180
13368;39;624079049;13368;556;14637;14815;4.13;0.25;321.61;14.92;1269;41;5083.00;178
13369;39;624079062;13369;542;14642;14819;4.15;0.25;321.60;14.93;1273;41;5084.00;177
13370;39;624079076;13370;539;14643;14821;4.13;0.25;321.58;14.93;1273;41;5085.00;178
13372;40;624079089;13372;536;14644;14821;4.12;0.25;321.53;14.94;1272;42;5086.00;177
13374;40;624079121;13374;536;14644;14821;4.17;0.26;321.57;14.94;1270;42;5087.00;177
13377;40;624079137;13377;532;14656;14834;4.25;0.26;321.54;14.93;1279;42;5088.00;178
13379;40;624079152;13379;534;14656;14834;4.27;0.26;321.50;14.93;1277;42;5089.00;178
13379;40;624079173;13379;538;14659;14834;4.30;0.26;321.50;14.96;1280;42;5090.00;175
13379;40;624079186;13379;545;14660;14835;4.33;0.26;321.50;14.96;1281;42;5091.00;175
13381;40;624079198;13381;545;14660;14836;4.34;0.27;321.48;14.96;1279;42;5092.00;176
13383;40;624079218;13383;553;14660;14836;4.36;0.27;321.48;14.96;1277;42;5093.00;176
13386;40;624079231;13386;544;14667;14839;4.38;0.27;321.45;14.99;1281;42;5094.00;172
13389;40;624079244;13389;544;14667;14839;4.39;0.27;321.43;14.99;1278;42;5095.00;172
13392;40;624079258;13392;544;14668;14839;4.39;0.27;321.44;15.00;1276;42;5096.00;171
13394;40;624079271;13394;544;14668;14839;4.37;0.27;321.44;15.00;1274;42;5097.00;171
13395;40;624079285;13395;545;14674;14845;4.38;0.27;321.44;14.99;1279;42;5098.00;171
13397;40;624079299;13397;540;14675;14845;4.34;0.27;321.41;15.00;1278;42;5099.00;170
13400;40;624079314;13400;536;14679;14864;4.27;0.26;321.40;14.99;1279;42;5100.00;185
13401;40;624079334;13401;539;14680;14864;4.28;0.26;321.39;15.00;1279;42;5101.00;184
13402;40;624079347;13402;533;14682;14868;4.29;0.26;321.38;15.01;1280;42;5102.00;186
13407;40;624079360;13407;534;14683;14869;4.26;0.26;321.39;15.01;1276;42;5103.00;186
13410;40;624079373;13410;542;14685;14869;4.27;0.26;321.36;15.02;1275;42;5104.00;184
13415;40;624079385;13415;536;14687;14870;4.32;0.26;321.38;15.02;1272;42;5105.00;183
13421;40;624079398;13421;535;14690;14870;4.35;0.26;321.51;15.02;1269;42;5106.00;180
13422;40;624079410;13422;523;14691;14870;4.49;0.27;321.52;15.03;1269;42;5107.00;179
13423;40;624079423;13423;517;14691;14870;4.58;0.28;321.52;15.03;1268;42;5108.00;179
13425;40;624079436;13425;515;14691;14870;4.63;0.28;321.52;15.03;1266;42;5109.00;179
13428;40;624079448;13428;507;14691;14870;4.66;0.28;321.58;15.03;1263;42;5110.00;179
13431;40;624079462;13431;495;14693;14870;4.68;0.29;321.66;15.03;1262;42;5111.00;177
13436;40;624079475;13436;504;14725;14940;4.77;0.29;321.64;14.99;1289;42;5112.00;215
13441;41;624079502;13441;500;14728;14941;4.81;0.29;321.68;14.99;1287;43;5113.00;213
13444;41;624079526;13444;487;14734;14941;4.88;0.30;321.70;14.99;1290;43;5114.00;207
13449;41;624079540;13449;486;14734;14941;4.87;0.30;321.70;14.99;1285;43;5115.00;207
13457;41;624079553;13457;472;14740;14941;4.82;0.29;321.75;14.98;1283;43;5116.00;201
13459;41;624079567;13459;468;14743;14941;4.87;0.30;321.74;14.98;1284;43;5117.00;198
13463;41;624079581;13463;469;14746;14941;4.89;0.30;321.76;14.98;1283;43;5118.00;195
13467;41;624079595;13467;462;14747;14941;4.94;0.30;321.87;14.98;1280;43;5119.00;194
13468;41;624079609;13468;460;14749;14942;5.04;0.31;321.85;14.98;1281;43;5120.00;193
13472;41;624079622;13472;457;14752;14943;5.08;0.31;321.93;14.98;1280;43;5121.00;191
13473;41;624079642;13473;461;14757;14943;5.11;0.31;321.97;15.11;1284;43;5122.00;186
13475;41;624079659;13475;467;14761;14947;5.20;0.32;321.95;15.11;1286;43;5123.00;186
13477;41;624079673;13477;475;14763;14947;5.25;0.32;322.02;15.11;1286;43;5124.00;184
13480;41;624079687;13480;472;14763;14947;5.28;0.32;322.08;15.11;1283;43;5125.00;184
13482;41;624079701;13482;477;14763;14947;5.32;0.32;322.09;15.11;1281;43;5126.00;184
13485;41;624079715;13485;477;14767;14953;5.33;0.32;322.15;15.10;1282;43;5127.00;186
13489;41;624079731;13489;486;14768;14953;5.39;0.33;322.14;15.10;1279;43;5128.00;185
13493;41;624079745;13493;476;14770;14953;5.43;0.33;322.18;15.11;1277;43;5129.00;183
13496;41;624079761;13496;466;14772;14959;5.53;0.34;322.21;15.11;1276;43;5130.00;187
13500;41;624079775;13500;470;14773;14959;5.55;0.34;322.32;15.11;1273;43;5131.00;186
13503;41;624079790;13503;464;14776;14959;5.57;0.34;322.42;15.11;1273;43;5132.00;183
13507;41;624079805;13507;465;14777;14960;5.58;0.34;322.52;15.12;1270;43;5133.00;183
13512;41;624079819;13512;462;14780;14961;5.60;0.34;322.61;15.12;1268;43;5134.00;181
13518;41;624079836;13518;463;14782;14961;5.59;0.34;322.59;15.12;1264;43;5135.00;179
13523;41;624079853;13523;462;14791;14974;5.58;0.34;322.62;15.11;1268;43;5136.00;183
13527;41;624079869;13527;455;14793;14974;5.57;0.34;322.69;15.11;1266;43;5137.00;181
13531;41;624079887;13531;455;14795;14974;5.56;0.34;322.73;15.11;1264;43;5138.00;179
13534;41;624079901;13534;455;14796;14975;5.52;0.34;322.71;15.11;1262;43;5139.00;179
13536;41;624079917;13536;457;14798;14975;5.55;0.34;322.77;15.12;1262;43;5140.00;177
13542;41;624079931;13542;453;14803;14979;5.51;0.34;322.80;15.12;1261;43;5141.00;176
13548;41;624079946;13548;458;14804;14979;5.46;0.33;322.88;15.11;1256;43;5142.00;175
13551;41;624079961;13551;452;14807;14983;5.42;0.33;322.90;15.24;1256;43;5143.00;176
13556;41;624079975;13556;454;14807;14983;5.43;0.33;323.00;15.24;1251;43;5144.00;176
13564;41;624079990;13564;453;14807;14983;5.40;0.33;323.08;15.24;1243;43;5145.00;176
13566;41;624080004;13566;453;14807;14983;5.37;0.33;323.10;15.24;1241;43;5146.00;176
13571;41;624080018;13571;446;14811;14983;5.33;0.33;323.13;15.25;1240;43;5147.00;172
13577;41;624080032;13577;444;14818;14995;5.35;0.33;323.19;15.24;1241;43;5148.00;177
13579;41;624080048;13579;443;14822;14995;5.39;0.33;323.22;15.25;1243;43;5149.00;173
13583;41;624080062;13583;438;14824;14995;5.43;0.33;323.26;15.25;1241;43;5150.00;171
13587;41;624080080;13587;441;14826;14995;5.44;0.33;323.30;15.24;1239;43;5151.00;169
13590;41;624080095;13590;442;14827;14995;5.44;0.33;323.43;15.24;1237;43;5152.00;168
13594;42;624080115;13594;442;14828;14995;5.39;0.33;323.40;15.24;1234;44;5153.00;167
13597;42;624080138;13597;439;14828;14996;5.36;0.33;323.39;15.24;1231;44;5154.00;168
13603;42;624080159;13603;443;14830;14998;5.32;0.33;323.37;15.24;1227;44;5155.00;168
13606;42;624080183;13606;432;14835;15004;5.39;0.33;323.36;15.24;1229;44;5156.00;169
13610;42;624080208;13610;424;14836;15005;5.44;0.33;323.44;15.24;1226;44;5157.00;169
13610;42;624080231;13610;421;14836;15005;5.51;0.34;323.44;15.24;1226;44;5158.00;169
13616;42;624080252;13616;413;14836;15005;5.52;0.34;323.51;15.24;1220;44;5159.00;169
13619;42;624080271;13619;410;14841;15010;5.57;0.34;323.54;15.36;1222;44;5160.00;169
13620;42;624080288;13620;408;14841;15010;5.61;0.34;323.53;15.36;1221;44;5161.00;169
13623;42;624080305;13623;404;14841;15010;5.66;0.35;323.60;15.36;1218;44;5162.00;169
13626;42;624080321;13626;403;14842;15011;5.69;0.35;323.60;15.36;1216;44;5163.00;169
13631;42;624080337;13631;397;14845;15015;5.68;0.35;323.60;15.36;1214;44;5164.00;170
13631;42;624080354;13631;401;14845;15015;5.72;0.35;323.60;15.36;1214;44;5165.00;170
13634;42;624080378;13634;401;14847;15018;5.77;0.35;323.58;15.35;1213;44;5166.00;171
13636;42;624080400;13636;397;14847;15018;5.83;0.35;323.55;15.35;1211;44;5167.00;171
13637;42;624080416;13637;399;14848;15018;5.90;0.36;323.57;15.35;1211;44;5168.00;170
13641;42;624080432;13641;395;14848;15018;5.95;0.36;323.59;15.35;1207;44;5169.00;170
13642;42;624080447;13642;391;14853;15022;6.03;0.37;323.60;15.48;1211;44;5170.00;169
13646;42;624080464;13646;385;14853;15022;6.03;0.37;323.56;15.48;1207;44;5171.00;169
13653;42;624080480;13653;379;14853;15022;5.93;0.36;323.64;15.48;1200;44;5172.00;169
13655;42;624080496;13655;378;14853;15022;5.86;0.36;323.64;15.48;1198;44;5173.00;169
13657;42;624080513;13657;373;14853;15023;5.82;0.35;323.69;15.48;1196;44;5174.00;170
13658;42;624080529;13658;371;14855;15025;5.81;0.35;323.70;15.48;1197;44;5175.00;170
13660;42;624080544;13660;363;14855;15025;5.76;0.35;323.71;15.48;1195;44;5176.00;170
13661;42;624080559;13661;361;14856;15026;5.79;0.35;323.71;15.48;1195;44;5177.00;170
13663;42;624080574;13663;364;14857;15026;5.76;0.35;323.79;15.60;1194;44;5178.00;169
13664;42;624080588;13664;359;14857;15026;5.73;0.35;323.77;15.60;1193;44;5179.00;169
13667;42;624080603;13667;360;14857;15026;5.73;0.35;323.84;15.60;1190;44;5180.00;169
13671;42;624080618;13671;356;14857;15026;5.77;0.35;323.95;15.60;1186;44;5181.00;169
13677;42;624080633;13677;351;14857;15026;5.74;0.35;323.99;15.60;1180;44;5182.00;169
13678;42;624080648;13678;350;14857;15026;5.73;0.35;324.00;15.60;1179;44;5183.00;169
13681;42;624080663;13681;377;14932;15153;5.85;0.36;324.05;15.53;1251;44;5184.00;221
13683;42;624080689;13683;364;14933;15154;5.82;0.36;324.10;15.53;1250;44;5185.00;221
13685;42;624080703;13685;364;14938;15154;5.87;0.36;324.13;15.52;1253;44;5186.00;216
13686;42;624080718;13686;365;14940;15154;5.92;0.36;324.13;15.52;1254;44;5187.00;214
13690;42;624080733;13690;369;14945;15154;5.94;0.36;324.16;15.52;1255;44;5188.00;209
13691;42;624080749;13691;360;14946;15154;5.93;0.36;324.16;15.52;1255;44;5189.00;208
13692;42;624080766;13692;361;14949;15154;5.96;0.37;324.17;15.51;1257;44;5190.00;205
13695;42;624080782;13695;364;14952;15154;5.96;0.36;324.18;15.51;1257;44;5191.00;202
13696;42;624080803;13696;365;14954;15155;5.97;0.36;324.20;15.51;1258;44;5192.00;201
13700;42;624080820;13700;358;14958;15156;5.97;0.36;324.23;15.51;1258;44;5193.00;198
13705;42;624080835;13705;363;14961;15156;5.94;0.36;324.23;15.51;1256;44;5194.00;195
13706;42;624080851;13706;359;14962;15157;5.92;0.36;324.26;15.51;1256;44;5195.00;195
13706;42;624080872;13706;361;14965;15157;5.90;0.36;324.26;15.51;1259;44;5196.00;192
13706;42;624080887;13706;368;14966;15157;5.90;0.36;324.26;15.51;1260;44;5197.00;191
13708;42;624080903;13708;371;14968;15157;5.86;0.36;324.24;15.51;1260;44;5198.00;189
13708;42;624080918;13708;365;14973;15161;5.86;0.36;324.24;15.63;1265;44;5199.00;188
13709;42;624080936;13709;360;14973;15161;5.84;0.36;324.24;15.63;1264;44;5200.00;188
13711;42;624080955;13711;370;14975;15161;5.81;0.36;324.21;15.63;1264;44;5201.00;186
13714;42;624080971;13714;374;14977;15164;5.77;0.35;324.25;15.63;1263;44;5202.00;187
13717;42;624080985;13717;375;14978;15164;5.74;0.35;324.22;15.63;1261;44;5203.00;186
13719;42;624081000;13719;376;14978;15164;5.68;0.35;324.28;15.63;1259;44;5204.00;186
13721;42;624081015;13721;376;14985;15168;5.66;0.34;324.29;15.64;1264;44;5205.00;183
13722;42;624081031;13722;371;14988;15169;5.62;0.34;324.28;15.65;1266;44;5206.00;181
13723;42;624081047;13723;380;14990;15169;5.60;0.34;324.28;15.65;1267;44;5207.00;179
13726;42;624081061;13726;379;14992;15173;5.61;0.34;324.36;15.65;1266;44;5208.00;181
13727;42;624081076;13727;386;14992;15173;5.57;0.34;324.34;15.65;1265;44;5209.00;181
13729;42;624081090;13729;387;14992;15173;5.52;0.34;324.34;15.65;1263;44;5210.00;181
13734;42;624081104;13734;382;14993;15174;5.46;0.33;324.28;15.65;1259;44;5211.00;181
13737;42;624081119;13737;402;14993;15174;5.42;0.33;324.24;15.65;1256;44;5212.00;181
13739;42;624081136;13739;399;14998;15180;5.42;0.33;324.23;15.64;1259;44;5213.00;182
13741;42;624081155;13741;401;14999;15180;5.37;0.33;324.19;15.77;1258;44;5214.00;181
13743;42;624081171;13743;405;14999;15180;5.36;0.33;324.20;15.77;1256;44;5215.00;181
13746;42;624081185;13746;408;15000;15181;5.30;0.32;324.21;15.77;1254;44;5216.00;181
13749;42;624081199;13749;402;15000;15181;5.29;0.32;324.21;15.77;1251;44;5217.00;181
13751;42;624081213;13751;408;15000;15181;5.29;0.32;324.18;15.77;1249;44;5218.00;181
13753;42;624081226;13753;408;15000;15181;5.27;0.32;324.14;15.77;1247;44;5219.00;181
13757;42;624081241;13757;424;15022;15217;5.33;0.33;324.07;15.75;1265;44;5220.00;195
13760;42;624081257;13760;423;15024;15217;5.26;0.32;324.06;15.75;1264;44;5221.00;193
13764;42;624081277;13764;430;15026;15217;5.21;0.32;324.07;15.75;1262;44;5222.00;191
13767;42;624081290;13767;435;15028;15217;5.14;0.31;324.11;15.75;1261;44;5223.00;189
13770;42;624081303;13770;439;15029;15217;5.13;0.31;324.13;15.74;1259;44;5224.00;188
13771;42;624081316;13771;439;15029;15217;5.11;0.31;324.12;15.74;1258;44;5225.00;188
13773;42;624081329;13773;447;15035;15221;5.07;0.31;324.13;15.74;1262;44;5226.00;186
13777;42;624081342;13777;454;15035;15221;4.99;0.30;324.13;15.74;1258;44;5227.00;186
13779;42;624081361;13779;465;15039;15225;4.97;0.30;324.16;15.74;1260;44;5228.00;186
13779;42;624081374;13779;477;15040;15226;4.98;0.30;324.16;15.73;1261;44;5229.00;186
13781;42;624081387;13781;486;15042;15226;4.90;0.30;324.21;15.76;1261;44;5230.00;184
13783;42;624081402;13783;487;15042;15226;4.81;0.29;324.18;15.76;1259;44;5231.00;184
13786;42;624081421;13786;499;15053;15239;4.79;0.29;324.20;15.75;1267;44;5232.00;186
13787;42;624081438;13787;504;15053;15239;4.73;0.29;324.18;15.75;1266;44;5233.00;186
13787;42;624081451;13787;514;15055;15239;4.69;0.29;324.18;15.77;1268;44;5234.00;184
13788;42;624081463;13788;506;15056;15240;4.66;0.28;324.17;15.77;1268;44;5235.00;184
13788;42;624081477;13788;502;15059;15241;4.63;0.28;324.17;15.79;1271;44;5236.00;182
13788;42;624081490;13788;500;15059;15241;4.58;0.28;324.17;15.79;1271;44;5237.00;182
13788;42;624081503;13788;490;15062;15244;4.59;0.28;324.17;15.80;1274;44;5238.00;182
13788;42;624081516;13788;495;15064;15244;4.58;0.28;324.17;15.81;1276;44;5239.00;180
13788;42;624081528;13788;485;15066;15244;4.57;0.28;324.17;15.82;1278;44;5240.00;178
13790;42;624081541;13790;478;15066;15244;4.51;0.28;324.24;15.82;1276;44;5241.00;178
13793;42;624081560;13793;486;15073;15250;4.53;0.28;324.29;15.83;1280;44;5242.00;177
13793;42;624081573;13793;486;15075;15250;4.54;0.28;324.29;15.84;1282;44;5243.00;175
13795;42;624081585;13795;485;15075;15250;4.52;0.28;324.26;15.84;1280;44;5244.00;175
13797;42;624081599;13797;492;15077;15250;4.50;0.28;324.26;15.85;1280;44;5245.00;173
13798;42;624081611;13798;501;15080;15254;4.48;0.27;324.27;15.85;1282;44;5246.00;174
13799;42;624081624;13799;491;15082;15255;4.47;0.27;324.26;15.85;1283;44;5247.00;173
13801;42;624081642;13801;509;15083;15255;4.42;0.27;324.26;15.86;1282;44;5248.00;172
13804;42;624081661;13804;505;15084;15256;4.39;0.27;324.25;15.86;1280;44;5249.00;172
13806;42;624081680;13806;497;15086;15256;4.35;0.27;324.22;15.87;1280;44;5250.00;170
13806;42;624081693;13806;504;15086;15256;4.35;0.27;324.22;15.87;1280;44;5251.00;170
13806;42;624081705;13806;505;15087;15256;4.33;0.26;324.22;15.88;1281;44;5252.00;169
13806;42;624081718;13806;498;15087;15256;4.32;0.26;324.22;15.88;1281;44;5253.00;169
13808;42;624081730;13808;494;15087;15256;4.30;0.26;324.26;15.88;1279;44;5254.00;169
13808;42;624081742;13808;492;15087;15256;4.32;0.26;324.26;15.88;1279;44;5255.00;169
13810;42;624081755;13810;492;15124;15326;4.54;0.28;324.31;15.88;1314;44;5256.00;202
13813;42;624081773;13813;491;15127;15327;4.53;0.28;324.30;15.89;1314;44;5257.00;200
13816;42;624081786;13816;487;15137;15327;4.54;0.28;324.33;15.89;1321;44;5258.00;190
13817;42;624081799;13817;486;15143;15327;4.51;0.28;324.35;15.90;1326;44;5259.00;184
13820;42;624081812;13820;487;15149;15327;4.49;0.27;324.40;15.90;1329;44;5260.00;178
13824;42;624081825;13824;493;15151;15327;4.43;0.27;324.43;15.91;1327;44;5261.00;176
13828;42;624081838;13828;492;15154;15327;4.39;0.27;324.44;15.91;1326;44;5262.00;173
13832;42;624081851;13832;511;15158;15327;4.36;0.27;324.42;15.92;1326;44;5263.00;169
13836;42;624081863;13836;499;15160;15328;4.35;0.26;324.44;15.92;1324;44;5264.00;168
13839;42;624081876;13839;501;15164;15330;4.32;0.26;324.41;15.92;1325;44;5265.00;166
13844;42;624081889;13844;499;15168;15330;4.27;0.26;324.40;15.93;1324;44;5266.00;162
13846;42;624081903;13846;504;15171;15334;4.24;0.26;324.40;15.93;1325;44;5267.00;163
13849;42;624081916;13849;509;15173;15334;4.24;0.26;324.35;15.94;1324;44;5268.00;161
13852;42;624081929;13852;512;15173;15334;4.19;0.26;324.39;15.94;1321;44;5269.00;161
13857;42;624081942;13857;506;15174;15334;4.12;0.25;324.46;15.94;1317;44;5270.00;160
13858;42;624081955;13858;507;15179;15340;4.14;0.25;324.47;15.95;1321;44;5271.00;161
13861;42;624081969;13861;506;15180;15340;4.14;0.25;324.54;15.95;1319;44;5272.00;160
13866;42;624081982;13866;508;15182;15340;4.11;0.25;324.61;15.96;1316;44;5273.00;158
13871;42;624081996;13871;513;15183;15343;4.13;0.25;324.59;15.96;1312;44;5274.00;160
13874;42;624082009;13874;506;15184;15343;4.15;0.25;324.58;15.96;1310;44;5275.00;159
13878;42;624082023;13878;507;15184;15343;4.20;0.26;324.63;15.96;1306;44;5276.00;159
13879;42;624082037;13879;496;15184;15344;4.27;0.26;324.68;15.96;1305;44;5277.00;160
13880;42;624082050;13880;493;15186;15345;4.41;0.27;324.67;15.96;1306;44;5278.00;159
13884;42;624082064;13884;481;15187;15345;4.45;0.27;324.69;15.96;1303;44;5279.00;158
13886;42;624082080;13886;479;15204;15371;4.56;0.28;324.70;15.94;1318;44;5280.00;167
13888;42;624082095;13888;477;15205;15371;4.60;0.28;324.68;15.94;1317;44;5281.00;166
13891;42;624082109;13891;469;15208;15371;4.63;0.28;324.69;15.94;1317;44;5282.00;163
13894;42;624082123;13894;472;15209;15372;4.67;0.29;324.77;16.07;1315;44;5283.00;163
13897;42;624082141;13897;465;15210;15372;4.71;0.29;324.81;16.07;1313;44;5284.00;162
13901;42;624082164;13901;458;15214;15376;4.76;0.29;324.79;16.07;1313;44;5285.00;162
13903;42;624082190;13903;457;15214;15376;4.81;0.29;324.83;16.07;1311;44;5286.00;162
13911;42;624082212;13911;448;15215;15379;4.82;0.29;324.81;16.07;1304;44;5287.00;164
13919;42;624082233;13919;447;15216;15380;4.86;0.30;324.88;16.07;1297;44;5288.00;164
13922;42;624082255;13922;438;15216;15380;4.90;0.30;324.94;16.07;1294;44;5289.00;164
13925;42;624082272;13925;432;15216;15380;4.96;0.30;325.00;16.07;1291;44;5290.00;164
13929;42;624082288;13929;429;15216;15380;4.97;0.30;325.07;16.07;1287;44;5291.00;164
13931;42;624082304;13931;421;15224;15392;5.03;0.31;325.04;16.06;1293;44;5292.00;168
13934;42;624082321;13934;421;15224;15392;5.05;0.31;325.09;16.06;1290;44;5293.00;168
13939;42;624082338;13939;422;15226;15392;5.10;0.31;325.09;16.06;1287;44;5294.00;166
13940;42;624082354;13940;414;15226;15392;5.15;0.31;325.09;16.06;1286;44;5295.00;166
13943;42;624082370;13943;414;15226;15392;5.18;0.31;325.12;16.06;1283;44;5296.00;166
13946;42;624082386;13946;417;15226;15392;5.20;0.32;325.20;16.06;1280;44;5297.00;166
13952;42;624082402;13952;410;15226;15393;5.17;0.31;325.31;16.06;1274;44;5298.00;167
13957;42;624082417;13957;420;15228;15393;5.15;0.31;325.38;16.06;1271;44;5299.00;165
13958;42;624082433;13958;419;15233;15399;5.18;0.31;325.44;16.05;1275;44;5300.00;166
13960;42;624082454;13960;426;15234;15400;5.23;0.32;325.43;16.05;1274;44;5301.00;166
13965;42;624082470;13965;432;15235;15400;5.22;0.32;325.47;16.05;1270;44;5302.00;165
13968;42;624082485;13968;433;15236;15400;5.25;0.32;325.57;16.05;1268;44;5303.00;164
13972;42;624082500;13972;428;15239;15404;5.25;0.32;325.63;16.05;1267;44;5304.00;165
13975;42;624082515;13975;425;15239;15404;5.22;0.32;325.63;16.05;1264;44;5305.00;165
13979;42;624082530;13979;430;15239;15404;5.20;0.32;325.70;16.05;1260;44;5306.00;165
13983;42;624082545;13983;429;15241;15405;5.22;0.32;325.75;16.18;1258;44;5307.00;164
13989;42;624082559;13989;428;15244;15409;5.15;0.31;325.87;16.18;1255;44;5308.00;165
13992;42;624082574;13992;421;15244;15409;5.11;0.31;325.90;16.18;1252;44;5309.00;165
13996;42;624082590;13996;421;15247;15415;5.10;0.31;326.00;16.17;1251;44;5310.00;168
14001;42;624082606;14001;423;15248;15415;5.06;0.31;326.07;16.17;1247;44;5311.00;167
14004;42;624082622;14004;428;15250;15415;5.07;0.31;326.14;16.17;1246;44;5312.00;165
14008;42;624082636;14008;431;15250;15415;5.06;0.31;326.23;16.17;1242;44;5313.00;165
14012;42;624082650;14012;428;15254;15419;5.09;0.31;326.26;16.17;1242;44;5314.00;165
14015;42;624082666;14015;428;15254;15419;5.08;0.31;326.28;16.17;1239;44;5315.00;165
14019;42;624082683;14019;431;15254;15419;5.06;0.31;326.36;16.17;1235;44;5316.00;165
14021;42;624082703;14021;423;15254;15419;5.09;0.31;326.38;16.17;1233;44;5317.00;165
14025;42;624082716;14025;415;15254;15420;5.08;0.31;326.40;16.17;1229;44;5318.00;166
14031;42;624082731;14031;412;15255;15421;5.11;0.31;326.51;16.17;1224;44;5319.00;166
14032;42;624082747;14032;399;15255;15421;5.17;0.32;326.50;16.17;1223;44;5320.00;166
14034;42;624082761;14034;396;15256;15422;5.26;0.32;326.50;16.16;1222;44;5321.00;166
14036;42;624082775;14036;406;15257;15422;5.26;0.32;326.52;16.30;1221;44;5322.00;165
14040;42;624082790;14040;409;15257;15422;5.27;0.32;326.59;16.30;1217;44;5323.00;165
14041;42;624082804;14041;415;15257;15422;5.25;0.32;326.60;16.30;1216;44;5324.00;165
14044;42;624082819;14044;424;15258;15422;5.17;0.32;326.64;16.44;1214;44;5325.00;164
14048;42;624082833;14048;419;15258;15422;5.06;0.31;326.66;16.44;1210;44;5326.00;164
14051;42;624082849;14051;418;15258;15422;4.97;0.30;326.66;16.44;1207;44;5327.00;164
14054;42;624082863;14054;448;15331;15549;4.87;0.30;326.67;16.36;1277;44;5328.00;218
14057;42;624082887;14057;432;15332;15550;4.82;0.30;326.66;16.49;1275;44;5329.00;218
14059;42;624082902;14059;418;15337;15550;4.89;0.30;326.73;16.49;1278;44;5330.00;213
14063;42;624082918;14063;416;15337;15550;4.85;0.30;326.73;16.49;1274;44;5331.00;213
14066;42;624082932;14066;408;15342;15550;4.96;0.31;326.77;16.48;1276;44;5332.00;208
14067;42;624082947;14067;400;15342;15550;5.05;0.31;326.80;16.48;1275;44;5333.00;208
14069;42;624082962;14069;403;15345;15550;5.17;0.32;326.85;16.48;1276;44;5334.00;205
14074;42;624082979;14074;401;15349;15550;5.26;0.32;326.82;16.48;1275;44;5335.00;201
14077;42;624082994;14077;404;15353;15551;5.36;0.33;326.86;16.48;1276;44;5336.00;198
14079;42;624083009;14079;402;15358;15552;5.47;0.34;326.84;16.47;1279;44;5337.00;194
14081;42;624083025;14081;393;15361;15552;5.52;0.34;326.88;16.47;1280;44;5338.00;191
14082;42;624083041;14082;394;15363;15553;5.57;0.34;326.88;16.47;1281;44;5339.00;190
14085;42;624083058;14085;388;15367;15553;5.58;0.34;326.90;16.47;1282;44;5340.00;186
14087;42;624083073;14087;394;15370;15553;5.65;0.35;326.94;16.47;1283;44;5341.00;183
14088;42;624083088;14088;388;15371;15553;5.69;0.35;326.93;16.47;1283;44;5342.00;182
14091;42;624083104;14091;390;15376;15557;5.70;0.35;326.97;16.47;1285;44;5343.00;181
14093;42;624083120;14093;387;15378;15557;5.71;0.35;326.97;16.60;1285;44;5344.00;179
14098;42;624083137;14098;390;15379;15557;5.68;0.35;327.04;16.60;1281;44;5345.00;178
14100;42;624083153;14100;386;15381;15560;5.69;0.35;327.10;16.59;1281;44;5346.00;179
14104;42;624083168;14104;390;15382;15560;5.73;0.35;327.16;16.59;1278;44;5347.00;178
14105;42;624083184;14105;391;15383;15560;5.73;0.35;327.15;16.60;1278;44;5348.00;177
14108;42;624083199;14108;397;15386;15564;5.67;0.35;327.21;16.59;1278;44;5349.00;178
14112;42;624083214;14112;401;15389;15565;5.67;0.35;327.28;16.59;1277;44;5350.00;176
14118;42;624083229;14118;412;15390;15565;5.66;0.35;327.37;16.59;1272;44;5351.00;175
14122;42;624083243;14122;418;15393;15569;5.63;0.34;327.36;16.59;1271;44;5352.00;176
14124;42;624083258;14124;418;15393;15569;5.67;0.35;327.40;16.59;1269;44;5353.00;176
14128;42;624083273;14128;422;15394;15569;5.70;0.35;327.41;16.59;1266;44;5354.00;175
14130;42;624083288;14130;420;15395;15571;5.70;0.35;327.38;16.59;1265;44;5355.00;176
14130;42;624083308;14130;422;15395;15571;5.69;0.35;327.38;16.59;1265;44;5356.00;176
14133;42;624083329;14133;415;15400;15577;5.65;0.34;327.40;16.58;1267;44;5357.00;177
14136;42;624083345;14136;412;15400;15577;5.56;0.34;327.38;16.58;1264;44;5358.00;177
14140;42;624083361;14140;416;15400;15577;5.49;0.33;327.43;16.58;1260;44;5359.00;177
14145;42;624083377;14145;420;15401;15578;5.44;0.33;327.48;16.71;1256;44;5360.00;177
14145;42;624083393;14145;427;15401;15578;5.42;0.33;327.48;16.71;1256;44;5361.00;177
14146;42;624083408;14146;436;15401;15578;5.41;0.33;327.51;16.71;1255;44;5362.00;177
14147;42;624083423;14147;439;15401;15578;5.38;0.33;327.54;16.71;1254;44;5363.00;177
14151;42;624083438;14151;445;15410;15590;5.37;0.33;327.55;16.70;1259;44;5364.00;180
14151;42;624083453;14151;434;15410;15590;5.33;0.32;327.55;16.70;1259;44;5365.00;180
14153;42;624083467;14153;435;15411;15590;5.32;0.32;327.53;16.70;1258;44;5366.00;179
14154;42;624083481;14154;437;15411;15590;5.33;0.32;327.55;16.70;1257;44;5367.00;179
14156;42;624083495;14156;436;15411;15590;5.26;0.32;327.51;16.70;1255;44;5368.00;179
14156;42;624083509;14156;431;15411;15590;5.25;0.32;327.51;16.70;1255;44;5369.00;179
14157;42;624083523;14157;429;15412;15594;5.19;0.32;327.55;16.70;1255;44;5370.00;182
14160;42;624083537;14160;427;15412;15594;5.18;0.32;327.53;16.70;1252;44;5371.00;182
14163;42;624083550;14163;422;15416;15598;5.17;0.32;327.50;16.70;1253;44;5372.00;182
14168;42;624083564;14168;425;15417;15599;5.11;0.31;327.44;16.70;1249;44;5373.00;182
14174;42;624083577;14174;430;15418;15599;5.01;0.31;327.40;16.71;1244;44;5374.00;181
14177;42;624083593;14177;431;15420;15599;4.97;0.30;327.36;16.85;1243;44;5375.00;179
14179;42;624083606;14179;436;15431;15612;4.99;0.30;327.34;16.84;1252;44;5376.00;181
14182;42;624083620;14182;427;15431;15612;4.96;0.30;327.33;16.84;1249;44;5377.00;181
14188;42;624083633;14188;431;15431;15612;4.93;0.30;327.32;16.84;1243;44;5378.00;181
14190;42;624083646;14190;435;15432;15613;4.94;0.30;327.31;16.84;1242;44;5379.00;181
14192;42;624083659;14192;438;15432;15614;4.93;0.30;327.31;16.84;1240;44;5380.00;182
14192;42;624083673;14192;443;15432;15614;4.95;0.30;327.31;16.84;1240;44;5381.00;182
14194;42;624083685;14194;448;15434;15617;4.95;0.30;327.27;16.83;1240;44;5382.00;183
14195;42;624083705;14195;454;15435;15617;4.95;0.30;327.27;16.83;1240;44;5383.00;182
14197;42;624083717;14197;462;15435;15617;4.92;0.30;327.24;16.83;1238;44;5384.00;182
14198;42;624083730;14198;474;15435;15617;4.92;0.30;327.23;16.83;1237;44;5385.00;182
14198;42;624083742;14198;477;15440;15623;4.97;0.30;327.23;16.83;1242;44;5386.00;183
14199;42;624083755;14199;469;15440;15623;4.97;0.30;327.24;16.83;1241;44;5387.00;183
14200;42;624083768;14200;467;15440;15623;5.00;0.30;327.22;16.83;1240;44;5388.00;183
14203;42;624083781;14203;465;15440;15623;5.02;0.31;327.32;16.83;1237;44;5389.00;183
14203;42;624083794;14203;462;15441;15627;5.07;0.31;327.32;16.83;1238;44;5390.00;186
14206;42;624083807;14206;461;15442;15628;5.12;0.31;327.37;16.83;1236;44;5391.00;186
14207;42;624083820;14207;461;15442;15628;5.16;0.31;327.37;16.83;1235;44;5392.00;186
14208;42;624083834;14208;462;15443;15629;5.20;0.32;327.38;16.82;1235;44;5393.00;186
14211;42;624083854;14211;456;15443;15629;5.17;0.32;327.36;16.82;1232;44;5394.00;186
14211;42;624083867;14211;461;15443;15629;5.18;0.32;327.36;16.82;1232;44;5395.00;186
14212;42;624083879;14212;460;15444;15629;5.14;0.31;327.36;16.83;1232;44;5396.00;185
14213;42;624083892;14213;459;15444;15629;5.11;0.31;327.34;16.83;1231;44;5397.00;185
14213;42;624083905;14213;462;15444;15629;5.11;0.31;327.34;16.83;1231;44;5398.00;185
14216;42;624083917;14216;470;15445;15629;5.08;0.31;327.34;16.84;1229;44;5399.00;184
