step_arrived;step_collisions;step_duration;step_ended;step_halting;step_inserted;step_loaded;step_meanSpeed;step_meanSpeedRelative;step_meanTravelTime;step_meanWaitingTime;step_running;step_teleports;step_time;step_waiting
0;0;623455520;0;1;88;245;16.24;1.14;-1.00;0.00;88;0;0.00;157
0;0;623455549;0;1;101;245;15.23;1.06;-1.00;0.13;101;0;1.00;144
0;0;623455550;0;1;119;245;14.52;0.99;-1.00;0.41;119;0;2.00;126
0;0;623455551;0;3;133;245;13.43;0.91;-1.00;0.68;133;0;3.00;112
0;0;623455552;0;3;145;245;12.66;0.85;-1.00;0.96;145;0;4.00;100
0;0;623455554;0;6;156;245;11.94;0.80;-1.00;1.24;156;0;5.00;89
0;0;623455555;0;7;168;245;11.14;0.74;-1.00;1.58;168;0;6.00;77
0;0;623455557;0;15;178;245;10.51;0.69;-1.00;1.89;178;0;7.00;67
0;0;623455558;0;19;188;246;9.88;0.65;-1.00;2.21;188;0;8.00;58
0;0;623455560;0;17;194;247;9.37;0.62;-1.00;2.42;194;0;9.00;53
0;0;623455562;0;21;200;247;9.09;0.60;-1.00;2.65;200;0;10.00;47
1;0;623455564;1;23;205;248;8.84;0.58;11.00;2.80;204;0;11.00;43
2;0;623455566;2;32;210;248;8.71;0.57;11.50;3.02;208;0;12.00;38
2;0;623455569;2;32;213;248;8.59;0.56;11.50;3.16;211;0;13.00;35
2;0;623455571;2;36;215;248;8.58;0.55;11.50;3.27;213;0;14.00;33
2;0;623455573;2;41;221;252;8.42;0.54;11.50;3.43;219;0;15.00;31
2;0;623455576;2;42;223;252;8.37;0.54;11.50;3.48;221;0;16.00;29
2;0;623455578;2;45;227;252;8.15;0.52;11.50;3.71;225;0;17.00;25
3;0;623455581;3;51;230;255;8.01;0.51;13.67;3.82;227;0;18.00;25
3;0;623455584;3;59;232;255;8.13;0.52;13.67;3.95;229;0;19.00;23
3;0;623455587;3;63;235;255;8.17;0.52;13.67;4.16;232;0;20.00;20
4;0;623455589;4;67;239;259;8.40;0.53;15.50;4.10;235;0;21.00;20
4;0;623455593;4;70;243;260;8.44;0.53;15.50;4.31;239;0;22.00;17
4;0;623455596;4;73;245;260;8.48;0.53;15.50;4.47;241;0;23.00;15
5;0;623455599;5;79;250;264;8.58;0.54;17.20;4.57;245;0;24.00;14
5;0;623455602;5;80;251;264;8.76;0.55;17.20;4.65;246;0;25.00;13
5;0;623455605;5;84;253;264;8.92;0.56;17.20;4.72;248;0;26.00;11
5;0;623455607;5;85;255;265;9.00;0.56;17.20;4.90;250;0;27.00;10
5;0;623455610;5;88;256;265;9.05;0.57;17.20;4.99;251;0;28.00;9
5;0;623455613;5;89;262;271;9.10;0.57;17.20;5.00;257;0;29.00;9
6;0;623455618;6;91;262;271;9.21;0.57;19.33;5.00;256;0;30.00;9
6;0;623455621;6;91;264;272;9.12;0.57;19.33;5.05;258;0;31.00;8
7;0;623455624;7;94;264;272;9.10;0.57;20.71;5.05;257;0;32.00;8
8;0;623455627;8;97;267;272;9.02;0.56;22.25;5.15;259;0;33.00;5
8;0;623455630;8;98;267;272;9.03;0.56;22.25;5.15;259;0;34.00;5
10;0;623455634;10;103;268;272;9.03;0.56;24.30;5.19;258;0;35.00;4
10;0;623455637;10;108;280;284;9.28;0.57;24.30;5.00;270;0;36.00;4
11;0;623455642;11;110;281;284;9.19;0.57;25.09;4.98;270;0;37.00;3
13;0;623455645;13;110;281;284;9.07;0.56;26.46;4.98;268;0;38.00;3
13;0;623455648;13;114;281;284;8.96;0.55;26.46;4.98;268;0;39.00;3
13;0;623455651;13;117;281;284;8.79;0.54;26.46;4.98;268;0;40.00;3
14;0;623455653;14;121;281;284;8.52;0.53;27.36;4.98;267;0;41.00;3
14;0;623455657;14;124;285;288;8.54;0.53;27.36;4.93;271;0;42.00;3
14;0;623455660;14;128;285;288;8.28;0.51;27.36;4.93;271;0;43.00;3
15;0;623455662;15;130;289;292;8.12;0.50;27.87;4.87;274;0;44.00;3
16;0;623455666;16;133;291;294;7.99;0.50;27.63;4.84;275;0;45.00;3
16;0;623455669;16;136;291;294;7.76;0.49;27.63;4.84;275;0;46.00;3
17;0;623455672;17;136;291;294;7.63;0.48;28.35;4.84;274;0;47.00;3
17;0;623455674;17;140;302;307;7.95;0.50;28.35;4.66;285;0;48.00;5
18;0;623455678;18;142;302;307;7.89;0.49;29.50;4.66;284;0;49.00;5
18;0;623455681;18;143;302;307;7.79;0.49;29.50;4.66;284;0;50.00;5
20;0;623455683;20;145;303;308;7.77;0.48;31.60;4.65;283;0;51.00;5
20;0;623455686;20;146;304;309;7.63;0.47;31.60;4.64;284;0;52.00;5
21;0;623455689;21;151;304;309;7.55;0.47;32.62;4.64;283;0;53.00;5
21;0;623455692;21;153;306;312;7.56;0.47;32.62;4.61;285;0;54.00;6
22;0;623455695;22;156;306;312;7.39;0.46;32.64;4.61;284;0;55.00;6
24;0;623455698;24;144;307;312;7.30;0.45;32.13;4.60;283;0;56.00;5
26;0;623455701;26;138;307;312;7.19;0.45;33.85;4.60;281;0;57.00;5
28;0;623455703;28;137;312;318;7.16;0.44;35.57;4.54;284;0;58.00;6
29;0;623455707;29;140;312;318;7.10;0.44;36.24;4.54;283;0;59.00;6
29;0;623455711;29;141;312;318;7.16;0.44;36.24;4.54;283;0;60.00;6
29;0;623455715;29;146;312;318;7.20;0.44;36.24;4.54;283;0;61.00;6
29;0;623455720;29;149;316;322;7.24;0.45;36.24;4.50;287;0;62.00;6
29;0;623455724;29;151;317;323;7.39;0.46;36.24;4.48;288;0;63.00;6
31;0;623455727;31;152;317;323;7.43;0.46;36.68;4.48;286;0;64.00;6
31;0;623455730;31;152;318;324;7.57;0.46;36.68;4.47;287;0;65.00;6
32;0;623455733;32;154;318;324;7.56;0.46;37.44;4.47;286;0;66.00;6
33;0;623455736;33;145;318;324;7.63;0.46;38.33;4.47;285;0;67.00;6
33;0;623455739;33;140;318;324;7.66;0.47;38.33;4.47;285;0;68.00;6
34;0;623455743;34;137;318;324;7.78;0.47;39.00;4.47;284;0;69.00;6
34;0;623455745;34;134;318;324;7.90;0.48;39.00;4.47;284;0;70.00;6
34;0;623455748;34;130;318;324;8.07;0.49;39.00;4.47;284;0;71.00;6
35;0;623455751;35;135;352;394;8.30;0.51;39.94;4.04;317;0;72.00;42
36;0;623455759;36;128;353;395;8.53;0.52;40.83;4.03;317;0;73.00;42
38;0;623455764;38;120;360;395;8.92;0.54;42.03;3.99;322;0;74.00;35
38;0;623455770;38;118;364;395;9.15;0.56;42.03;3.98;326;0;75.00;31
39;0;623455776;39;115;366;395;9.36;0.57;42.90;3.98;327;0;76.00;29
39;0;623455789;39;113;368;395;9.50;0.58;42.90;3.99;329;0;77.00;27
39;0;623455795;39;115;370;395;9.61;0.58;42.90;4.00;331;0;78.00;25
39;1;623455800;39;115;372;395;9.61;0.58;42.90;4.01;333;1;79.00;23
39;1;623455832;39;116;374;396;9.69;0.59;42.90;4.03;335;1;80.00;22
40;1;623455838;40;116;376;397;9.72;0.59;43.85;4.06;336;1;81.00;21
40;1;623455845;40;117;378;397;9.79;0.59;43.85;4.09;338;1;82.00;19
41;1;623455849;41;121;384;401;9.71;0.59;44.39;4.08;343;1;83.00;17
41;1;623455854;41;122;385;401;9.71;0.59;44.39;4.08;344;1;84.00;16
41;1;623455859;41;122;385;401;9.65;0.59;44.39;4.08;344;1;85.00;16
42;1;623455865;42;121;385;401;9.55;0.58;45.26;4.08;343;1;86.00;16
43;1;623455870;43;121;390;407;9.52;0.58;46.23;4.04;347;1;87.00;17
44;1;623455876;44;125;390;407;9.41;0.57;47.18;4.04;346;1;88.00;17
45;1;623455881;45;125;390;407;9.45;0.57;48.11;4.04;345;1;89.00;17
47;1;623455887;47;125;394;413;9.43;0.57;49.77;3.99;347;1;90.00;19
47;1;623455892;47;128;394;413;9.44;0.57;49.77;3.99;347;1;91.00;19
48;1;623455896;48;128;396;413;9.47;0.58;50.44;3.98;348;1;92.00;17
49;1;623455900;49;130;397;414;9.39;0.57;51.31;3.98;348;1;93.00;17
50;1;623455904;50;129;398;415;9.36;0.57;52.16;3.97;348;1;94.00;17
51;1;623455908;51;131;398;415;9.33;0.57;53.00;3.97;347;1;95.00;17
52;1;623455912;52;135;409;428;9.24;0.57;53.83;3.86;357;1;96.00;19
54;1;623455917;54;133;409;428;9.24;0.57;55.43;3.86;355;1;97.00;19
58;1;623455921;58;135;409;428;9.08;0.56;58.29;3.86;351;1;98.00;19
61;1;623455924;61;133;410;429;9.09;0.56;58.98;3.85;349;1;99.00;19
62;1;623455929;62;133;410;429;9.07;0.55;59.61;3.85;348;1;100.00;19
63;1;623455938;63;131;413;433;9.16;0.56;60.24;3.83;350;1;101.00;20
64;1;623455943;64;127;413;433;9.17;0.56;60.89;3.83;349;1;102.00;20
64;1;623455947;64;118;420;437;9.04;0.55;60.89;4.21;356;1;103.00;17
67;1;623455953;67;113;420;437;9.14;0.56;62.45;4.21;353;1;104.00;17
68;1;623455957;68;112;420;437;9.26;0.57;63.07;4.21;352;1;105.00;17
69;1;623455961;69;105;420;437;9.43;0.58;63.61;4.21;351;1;106.00;17
69;1;623455967;69;98;420;437;9.50;0.58;63.61;4.21;351;1;107.00;17
69;1;623455972;69;92;430;449;9.70;0.59;63.61;4.11;361;1;108.00;19
70;1;623455977;70;86;431;449;9.92;0.61;64.20;4.10;361;1;109.00;18
71;1;623455982;71;79;432;449;10.13;0.62;64.85;4.10;361;1;110.00;17
71;1;623455986;71;77;432;449;10.32;0.63;64.85;4.10;361;1;111.00;17
72;1;623455991;72;74;432;449;10.55;0.65;65.46;4.10;360;1;112.00;17
72;1;623455996;72;71;432;449;10.76;0.66;65.46;4.10;360;1;113.00;17
73;1;623456000;73;68;433;450;10.82;0.66;66.12;4.09;360;1;114.00;17
73;1;623456005;73;68;433;450;11.00;0.67;66.12;4.09;360;1;115.00;17
73;1;623456010;73;66;438;456;11.19;0.69;66.12;4.05;365;1;116.00;18
74;1;623456016;74;65;439;457;11.31;0.69;66.78;4.31;365;1;117.00;18
76;1;623456021;76;64;440;457;11.43;0.70;68.12;4.30;364;1;118.00;17
77;1;623456026;77;66;440;457;11.54;0.70;68.75;4.30;363;1;119.00;17
79;1;623456034;79;69;445;462;11.67;0.71;70.03;4.53;366;1;120.00;17
80;1;623456039;80;73;447;462;11.64;0.71;70.64;4.72;367;1;121.00;15
80;1;623456044;80;73;448;462;11.58;0.70;70.64;4.88;368;1;122.00;14
81;1;623456050;81;71;451;463;11.52;0.70;71.26;5.08;370;1;123.00;12
81;1;623456055;81;75;456;467;11.36;0.69;71.26;5.20;375;1;124.00;11
81;1;623456061;81;78;456;467;11.48;0.70;71.26;5.20;375;1;125.00;11
82;1;623456066;82;79;460;470;11.57;0.71;71.79;5.38;378;1;126.00;10
85;1;623456072;85;81;462;470;11.69;0.71;73.68;5.48;377;1;127.00;8
85;1;623456079;85;83;463;470;11.81;0.72;73.68;5.59;378;1;128.00;7
87;1;623456084;87;85;465;470;11.76;0.72;74.74;5.78;378;1;129.00;5
88;1;623456090;88;90;470;474;11.82;0.72;74.95;5.86;382;1;130.00;4
90;1;623456097;90;89;471;474;11.82;0.72;75.00;5.89;381;1;131.00;3
92;1;623456103;92;91;473;474;11.77;0.72;76.23;5.94;381;1;132.00;1
94;1;623456109;94;91;473;474;11.76;0.72;76.63;5.94;379;1;133.00;1
96;1;623456115;96;91;475;475;11.73;0.72;77.66;5.95;379;1;134.00;0
97;1;623456127;97;94;477;477;11.69;0.72;78.25;5.92;380;1;135.00;0
98;1;623456133;98;94;477;477;11.68;0.71;78.84;5.92;379;1;136.00;0
98;1;623456139;98;96;478;478;11.71;0.72;78.84;5.91;380;1;137.00;0
101;1;623456152;101;100;478;478;11.65;0.71;79.81;5.91;377;1;138.00;0
103;1;623456158;103;101;478;478;11.60;0.71;79.56;5.91;375;1;139.00;0
106;1;623456164;106;103;478;478;11.68;0.72;80.93;5.91;372;1;140.00;0
106;1;623456169;106;105;478;478;11.75;0.72;80.93;5.91;372;1;141.00;0
107;1;623456175;107;107;478;478;11.77;0.72;81.20;5.91;371;1;142.00;0
108;1;623456180;108;108;478;478;11.66;0.72;81.77;5.91;370;1;143.00;0
109;1;623456186;109;123;555;605;11.31;0.71;82.01;5.10;446;1;144.00;50
111;1;623456202;111;117;562;606;11.24;0.71;82.99;5.05;451;1;145.00;44
114;1;623456208;114;117;568;606;11.10;0.70;84.18;5.02;454;1;146.00;38
116;1;623456214;116;117;572;606;11.04;0.69;85.27;5.00;456;1;147.00;34
117;1;623456223;117;121;576;606;11.05;0.69;84.78;4.99;459;1;148.00;30
119;1;623456230;119;121;577;606;10.95;0.69;85.35;4.99;458;1;149.00;29
121;1;623456240;121;120;581;611;10.80;0.68;86.36;4.98;460;1;150.00;30
122;1;623456250;122;119;583;611;10.81;0.67;86.86;4.99;461;1;151.00;28
124;1;623456260;124;116;586;612;10.88;0.68;87.87;5.00;462;1;152.00;26
125;1;623456269;125;118;590;613;10.90;0.68;88.35;5.03;465;1;153.00;23
127;1;623456278;127;116;592;613;10.96;0.68;87.69;5.05;465;1;154.00;21
128;1;623456284;128;118;595;614;11.01;0.68;88.21;5.06;467;1;155.00;19
129;1;623456291;129;124;600;614;10.98;0.68;88.57;5.10;471;1;156.00;14
129;1;623456298;129;124;603;614;11.03;0.68;88.57;5.14;474;1;157.00;11
132;1;623456304;132;128;604;614;11.02;0.68;90.09;5.15;472;1;158.00;10
133;1;623456312;133;131;609;618;11.04;0.68;90.07;5.15;476;1;159.00;9
134;1;623456319;134;135;610;618;10.97;0.68;89.51;5.15;476;1;160.00;8
134;1;623456325;134;142;611;618;10.78;0.67;89.51;5.17;477;1;161.00;7
134;1;623456336;134;141;613;621;10.66;0.66;89.51;5.18;479;1;162.00;8
138;1;623456343;138;144;614;621;10.53;0.65;91.20;5.20;476;1;163.00;7
140;1;623456349;140;145;614;621;10.41;0.64;92.24;5.20;474;1;164.00;7
143;1;623456354;143;147;620;625;10.25;0.63;93.70;5.24;477;1;165.00;5
146;1;623456361;146;147;621;626;10.08;0.62;95.08;5.24;475;1;166.00;5
148;1;623456367;148;142;622;626;9.87;0.61;95.85;5.24;474;1;167.00;4
149;1;623456373;149;145;627;630;9.70;0.60;96.16;5.20;478;1;168.00;3
151;1;623456384;151;144;628;630;9.48;0.59;96.42;5.20;477;1;169.00;2
154;1;623456389;154;140;628;630;9.37;0.58;97.58;5.20;474;1;170.00;2
157;1;623456396;157;136;630;631;9.28;0.58;97.68;5.23;473;1;171.00;1
157;1;623456402;157;140;630;631;9.27;0.58;97.68;5.23;473;1;172.00;1
160;1;623456408;160;138;636;637;9.31;0.58;97.56;5.19;476;1;173.00;1
160;1;623456415;160;138;636;637;9.28;0.57;97.56;5.19;476;1;174.00;1
163;1;623456420;163;139;637;638;9.26;0.57;97.74;5.18;474;1;175.00;1
165;1;623456426;165;142;637;638;9.28;0.57;97.92;5.18;472;1;176.00;1
166;1;623456431;166;140;637;638;9.33;0.57;98.30;5.18;471;1;177.00;1
166;1;623456437;166;136;637;638;9.48;0.58;98.30;5.18;471;1;178.00;1
166;1;623456442;166;136;637;638;9.64;0.59;98.30;5.18;471;1;179.00;1
167;1;623456449;167;132;668;672;9.86;0.61;98.02;4.94;501;1;180.00;4
167;1;623456458;167;128;668;672;9.92;0.62;98.02;4.94;501;1;181.00;4
169;1;623456463;169;127;671;672;9.94;0.62;98.21;4.97;502;1;182.00;1
172;1;623456470;172;128;671;672;9.89;0.61;98.45;4.97;499;1;183.00;1
172;1;623456476;172;130;672;672;9.90;0.61;98.45;4.97;500;1;184.00;0
176;1;623456482;176;133;672;672;9.80;0.60;99.70;4.97;496;1;185.00;0
178;1;623456488;178;139;676;676;9.76;0.60;99.91;4.95;498;1;186.00;0
178;1;623456494;178;148;676;676;9.64;0.59;99.91;4.95;498;1;187.00;0
179;1;623456501;179;149;680;680;9.62;0.59;99.65;4.93;501;1;188.00;0
182;1;623456507;182;156;681;681;9.40;0.58;100.20;4.92;499;1;189.00;0
184;1;623456514;184;166;681;681;9.27;0.57;100.77;4.92;497;1;190.00;0
185;1;623456521;185;174;681;681;9.11;0.56;101.25;4.92;496;1;191.00;0
188;1;623456528;188;184;694;694;9.02;0.55;100.78;4.83;506;1;192.00;0
189;1;623456536;189;187;694;694;8.88;0.55;100.88;4.83;505;1;193.00;0
194;1;623456543;194;193;694;694;8.72;0.54;101.40;4.83;500;1;194.00;0
195;1;623456549;195;195;695;695;8.69;0.54;101.14;4.82;500;1;195.00;0
196;1;623456555;196;194;696;696;8.59;0.53;101.24;4.82;500;1;196.00;0
197;1;623456560;197;199;696;696;8.48;0.52;101.31;4.82;499;1;197.00;0
200;1;623456566;200;202;698;699;8.48;0.52;100.83;4.80;498;1;198.00;1
202;1;623456572;202;205;698;699;8.32;0.51;100.58;4.80;496;1;199.00;1
203;1;623456578;203;208;699;699;8.18;0.51;100.36;4.80;496;1;200.00;0
206;1;623456588;206;213;699;699;7.97;0.49;100.93;4.80;493;1;201.00;0
208;1;623456594;208;218;705;705;7.76;0.48;101.00;4.77;497;1;202.00;0
210;1;623456600;210;225;705;705;7.59;0.47;100.60;4.77;495;1;203.00;0
210;1;623456606;210;225;705;705;7.47;0.46;100.60;4.77;495;1;204.00;0
214;1;623456612;214;227;705;705;7.38;0.45;100.67;4.77;491;1;205.00;0
216;1;623456618;216;230;709;709;7.34;0.45;100.07;4.74;493;1;206.00;0
218;1;623456624;218;236;710;710;7.26;0.44;100.35;4.74;492;1;207.00;0
218;1;623456630;218;241;710;710;7.21;0.44;100.35;4.74;492;1;208.00;0
218;1;623456635;218;242;711;711;7.14;0.44;100.35;4.73;493;1;209.00;0
219;1;623456643;219;248;711;711;7.07;0.43;100.82;4.73;492;1;210.00;0
224;1;623456649;224;249;711;711;6.91;0.42;101.21;4.73;487;1;211.00;0
224;1;623456655;224;253;711;711;6.81;0.42;101.21;4.73;487;1;212.00;0
226;1;623456660;226;255;711;711;6.70;0.41;101.33;4.73;485;1;213.00;0
226;1;623456666;226;261;711;711;6.64;0.41;101.33;4.73;485;1;214.00;0
228;1;623456671;228;267;711;711;6.52;0.40;101.42;4.73;483;1;215.00;0
230;1;623456676;230;281;753;781;6.73;0.41;101.69;4.47;523;1;216.00;28
230;1;623456687;230;266;755;782;6.70;0.41;101.69;4.46;525;1;217.00;27
230;1;623456693;230;257;762;782;6.83;0.42;101.69;4.44;532;1;218.00;20
231;1;623456698;231;240;763;782;6.92;0.43;102.17;4.44;532;1;219.00;19
232;1;623456705;232;227;767;782;7.09;0.44;102.32;4.43;535;1;220.00;15
234;1;623456711;234;221;769;782;7.23;0.44;103.32;4.43;535;1;221.00;13
234;1;623456718;234;221;772;782;7.41;0.46;103.32;4.44;538;1;222.00;10
237;1;623456724;237;219;775;782;7.52;0.46;104.76;4.45;538;1;223.00;7
238;1;623456731;238;216;778;783;7.66;0.47;104.83;4.46;540;1;224.00;5
238;1;623456739;238;214;781;785;7.76;0.47;104.83;4.47;543;1;225.00;4
240;1;623456752;240;200;782;785;7.85;0.48;105.65;4.48;542;1;226.00;3
242;1;623456762;242;199;788;789;7.93;0.48;105.94;4.47;546;1;227.00;1
242;1;623456773;242;191;789;789;8.14;0.50;105.94;4.47;547;1;228.00;0
242;1;623456782;242;186;789;789;8.38;0.51;105.94;4.47;547;1;229.00;0
244;1;623456789;244;174;789;789;8.59;0.52;105.77;4.47;545;1;230.00;0
245;1;623456796;245;175;795;795;8.85;0.54;105.44;4.44;550;1;231.00;0
248;1;623456804;248;163;795;795;9.09;0.56;106.37;4.44;547;1;232.00;0
248;1;623456813;248;157;795;795;9.30;0.57;106.37;4.44;547;1;233.00;0
248;1;623456820;248;148;797;798;9.55;0.58;106.37;4.43;549;1;234.00;1
250;1;623456828;250;144;797;798;9.74;0.60;106.56;4.43;547;1;235.00;1
251;1;623456836;251;137;798;798;9.93;0.61;107.05;4.42;547;1;236.00;0
252;1;623456845;252;133;799;799;10.07;0.62;106.85;4.42;547;1;237.00;0
253;1;623456853;253;128;800;800;10.32;0.63;107.33;4.42;547;1;238.00;0
255;1;623456861;255;125;800;800;10.47;0.64;107.33;4.42;545;1;239.00;0
257;1;623456874;257;132;825;826;10.46;0.64;107.77;4.28;568;1;240.00;1
258;1;623456883;258;125;825;826;10.53;0.65;108.26;4.28;567;1;241.00;1
262;1;623456890;262;114;826;826;10.72;0.66;109.81;4.28;564;1;242.00;0
264;1;623456899;264;114;827;827;10.86;0.67;110.26;4.27;563;1;243.00;0
271;1;623456906;271;108;827;827;10.92;0.67;112.25;4.27;556;1;244.00;0
273;1;623456914;273;104;831;831;11.05;0.67;112.52;4.26;558;1;245.00;0
277;1;623456922;277;101;831;831;11.16;0.68;113.43;4.26;554;1;246.00;0
280;1;623456929;280;99;835;835;11.23;0.68;113.82;4.24;555;1;247.00;0
282;1;623456937;282;99;835;835;11.33;0.69;113.75;4.24;553;1;248.00;0
283;1;623456944;283;97;835;835;11.49;0.70;114.23;4.24;552;1;249.00;0
288;1;623456950;288;98;835;835;11.52;0.70;115.37;4.24;547;1;250.00;0
289;1;623456958;289;97;835;835;11.65;0.71;115.48;4.24;546;1;251.00;0
291;1;623456964;291;96;846;847;11.73;0.71;115.46;4.19;555;1;252.00;1
293;1;623456973;293;96;846;847;11.79;0.72;115.67;4.19;553;1;253.00;1
294;1;623456980;294;100;847;847;11.89;0.72;116.11;4.19;553;1;254.00;0
298;1;623456987;298;99;847;847;11.93;0.72;116.35;4.19;549;1;255.00;0
300;1;623456994;300;101;847;847;12.01;0.73;117.01;4.19;547;1;256.00;0
304;2;623457001;304;102;847;847;12.12;0.74;117.64;4.19;543;2;257.00;0
304;2;623457021;304;105;848;848;12.13;0.74;117.64;4.18;544;2;258.00;0
304;2;623457033;304;108;848;848;12.13;0.74;117.64;4.18;544;2;259.00;0
305;3;623457045;305;107;854;854;12.13;0.74;118.07;4.16;549;3;260.00;0
307;3;623457069;307;108;855;855;12.19;0.74;118.14;4.15;548;3;261.00;0
308;3;623457077;308;108;855;855;12.23;0.74;118.00;4.15;547;3;262.00;0
308;3;623457083;308;111;855;855;12.25;0.74;118.00;4.15;547;3;263.00;0
309;3;623457090;309;113;859;859;12.26;0.74;118.01;4.14;550;3;264.00;0
310;3;623457098;310;111;859;859;12.33;0.75;117.90;4.14;549;3;265.00;0
314;3;623457105;314;113;859;859;12.26;0.74;118.54;4.14;545;3;266.00;0
318;3;623457112;318;113;860;860;12.23;0.74;119.81;4.13;542;3;267.00;0
323;3;623457119;323;115;864;864;12.17;0.73;120.65;4.12;541;3;268.00;0
325;3;623457127;325;111;864;864;12.17;0.74;120.90;4.12;539;3;269.00;0
327;3;623457135;327;108;868;870;12.19;0.74;121.56;4.10;541;3;270.00;2
330;3;623457142;330;105;868;870;12.22;0.74;121.75;4.10;538;3;271.00;2
333;3;623457149;333;99;870;870;12.25;0.74;122.41;4.09;537;3;272.00;0
335;3;623457156;335;96;870;870;12.18;0.74;122.59;4.09;535;3;273.00;0
336;3;623457163;336;93;874;874;12.31;0.74;122.61;4.08;538;3;274.00;0
339;3;623457170;339;91;874;874;12.35;0.75;122.98;4.08;535;3;275.00;0
341;3;623457178;341;86;874;874;12.38;0.75;123.25;4.08;533;3;276.00;0
344;3;623457191;344;82;874;874;12.49;0.76;123.76;4.08;530;3;277.00;0
346;3;623457198;346;78;875;875;12.54;0.76;124.19;4.08;529;3;278.00;0
349;3;623457205;349;76;876;876;12.59;0.76;124.47;4.07;527;3;279.00;0
352;3;623457212;352;71;876;876;12.57;0.76;124.50;4.07;524;3;280.00;0
352;3;623457220;352;70;877;877;12.56;0.76;124.50;4.07;525;3;281.00;0
353;3;623457228;353;71;877;877;12.61;0.77;124.33;4.07;524;3;282.00;0
355;3;623457234;355;73;877;877;12.66;0.77;124.51;4.07;522;3;283.00;0
357;3;623457241;357;74;877;877;12.69;0.77;124.96;4.07;520;3;284.00;0
359;3;623457255;359;76;877;877;12.73;0.77;125.37;4.07;518;3;285.00;0
360;3;623457262;360;75;877;877;12.75;0.77;125.80;4.07;517;3;286.00;0
361;3;623457269;361;75;877;877;12.72;0.77;125.84;4.07;516;3;287.00;0
365;3;623457276;365;93;949;1004;12.17;0.75;126.40;3.76;584;3;288.00;55
366;3;623457294;366;83;952;1005;12.06;0.74;126.35;3.75;586;3;289.00;53
367;3;623457302;367;81;958;1005;12.00;0.74;126.52;3.74;591;3;290.00;47
368;3;623457309;368;86;961;1005;11.88;0.73;126.92;3.74;593;3;291.00;44
369;3;623457317;369;83;965;1005;11.86;0.73;127.05;3.74;596;3;292.00;40
370;3;623457324;370;84;967;1005;11.84;0.73;127.47;3.74;597;3;293.00;38
372;3;623457332;372;87;969;1005;11.85;0.73;127.64;3.75;597;3;294.00;36
374;3;623457344;374;90;971;1005;11.85;0.73;128.15;3.75;597;3;295.00;34
374;3;623457352;374;89;972;1006;11.90;0.73;128.15;3.76;598;3;296.00;34
374;3;623457359;374;90;977;1007;11.86;0.73;128.15;3.79;603;3;297.00;30
377;3;623457367;377;93;978;1007;11.83;0.73;128.05;3.79;601;3;298.00;29
379;3;623457375;379;101;981;1008;11.74;0.72;128.13;3.81;602;3;299.00;27
380;3;623457385;380;104;987;1014;11.58;0.71;128.02;3.84;607;3;300.00;27
382;3;623457399;382;108;989;1014;11.52;0.71;128.16;3.86;607;3;301.00;25
383;3;623457407;383;114;995;1014;11.38;0.70;128.33;3.92;612;3;302.00;19
385;3;623457415;385;121;999;1018;11.33;0.70;128.23;3.95;614;3;303.00;19
388;3;623457424;388;124;1000;1018;11.32;0.70;128.51;3.96;612;3;304.00;18
389;3;623457432;389;130;1003;1018;11.28;0.69;128.58;3.99;614;3;305.00;15
391;3;623457440;391;142;1008;1021;11.20;0.69;128.91;4.02;617;3;306.00;13
393;3;623457448;393;142;1010;1021;11.18;0.69;129.52;4.03;617;3;307.00;11
396;3;623457456;396;149;1010;1021;11.14;0.69;130.14;4.03;614;3;308.00;11
397;3;623457464;397;153;1014;1025;10.99;0.68;130.05;4.04;617;3;309.00;11
401;3;623457473;401;160;1017;1026;10.89;0.67;131.40;4.05;616;3;310.00;9
402;3;623457481;402;165;1020;1026;10.71;0.66;131.45;4.05;618;3;311.00;6
405;3;623457489;405;172;1024;1030;10.61;0.65;131.83;4.05;619;3;312.00;6
406;3;623457497;406;172;1024;1030;10.46;0.64;131.83;4.05;618;3;313.00;6
410;3;623457505;410;174;1026;1030;10.24;0.63;132.77;4.06;616;3;314.00;4
412;3;623457513;412;179;1028;1032;10.02;0.61;132.86;4.05;616;3;315.00;4
412;3;623457520;412;187;1029;1032;9.73;0.60;132.86;4.07;617;3;316.00;3
415;3;623457527;415;188;1035;1038;9.51;0.59;133.24;4.05;620;3;317.00;3
416;3;623457536;416;198;1035;1038;9.32;0.57;133.67;4.05;619;3;318.00;3
418;3;623457543;418;199;1036;1039;9.14;0.56;133.83;4.05;618;3;319.00;3
419;3;623457550;419;199;1036;1039;9.05;0.56;133.86;4.05;617;3;320.00;3
421;3;623457558;421;203;1036;1039;8.94;0.55;133.92;4.05;615;3;321.00;3
424;3;623457565;424;207;1037;1039;8.91;0.55;133.96;4.08;613;3;322.00;2
424;3;623457573;424;210;1038;1039;8.92;0.55;133.96;4.11;614;3;323.00;1
427;3;623457579;427;211;1049;1051;8.98;0.55;133.79;4.07;622;3;324.00;2
427;3;623457588;427;209;1049;1051;8.99;0.55;133.79;4.07;622;3;325.00;2
430;3;623457595;430;212;1051;1051;9.02;0.55;134.17;4.08;621;3;326.00;0
431;3;623457602;431;212;1051;1051;9.05;0.56;134.12;4.08;620;3;327.00;0
435;3;623457610;435;211;1051;1051;9.09;0.56;134.90;4.08;616;3;328.00;0
439;3;623457618;439;210;1051;1051;9.12;0.56;135.31;4.08;612;3;329.00;0
444;3;623457626;444;217;1055;1055;9.04;0.55;135.43;4.07;611;3;330.00;0
445;3;623457633;445;216;1055;1055;8.96;0.55;135.53;4.07;610;3;331.00;0
446;3;623457640;446;222;1059;1059;8.96;0.55;135.43;4.05;613;3;332.00;0
451;3;623457647;451;223;1060;1060;8.78;0.54;136.27;4.05;609;3;333.00;0
451;3;623457654;451;225;1060;1060;8.62;0.53;136.27;4.05;609;3;334.00;0
455;3;623457661;455;226;1060;1060;8.41;0.52;137.43;4.05;605;3;335.00;0
458;3;623457667;458;227;1073;1073;8.17;0.50;137.78;4.00;615;3;336.00;0
463;3;623457675;463;229;1073;1073;7.91;0.49;138.79;4.00;610;3;337.00;0
466;3;623457682;466;231;1073;1073;7.67;0.47;138.93;4.00;607;3;338.00;0
468;3;623457688;468;238;1074;1074;7.56;0.47;139.79;4.00;606;3;339.00;0
469;3;623457694;469;233;1075;1075;7.48;0.46;140.21;4.00;606;3;340.00;0
477;3;623457700;477;231;1075;1075;7.41;0.46;141.55;4.00;598;3;341.00;0
478;3;623457707;478;233;1077;1078;7.48;0.46;141.96;3.99;599;3;342.00;1
483;3;623457713;483;226;1077;1078;7.46;0.46;142.63;3.99;594;3;343.00;1
487;3;623457720;487;228;1078;1078;7.45;0.46;142.64;3.99;591;3;344.00;0
488;3;623457727;488;229;1078;1078;7.47;0.46;143.06;3.99;590;3;345.00;0
488;3;623457733;488;233;1084;1084;7.65;0.47;143.06;3.97;596;3;346.00;0
493;3;623457739;493;227;1084;1084;7.63;0.47;143.87;3.97;591;3;347.00;0
496;3;623457745;496;228;1084;1084;7.65;0.47;143.90;3.97;588;3;348.00;0
502;3;623457752;502;229;1084;1084;7.66;0.47;143.74;3.97;582;3;349.00;0
506;3;623457758;506;231;1088;1088;7.60;0.47;143.80;3.96;582;3;350.00;0
509;3;623457765;509;231;1089;1089;7.51;0.46;144.40;3.96;580;3;351.00;0
512;3;623457776;512;229;1089;1089;7.39;0.45;144.63;3.96;577;3;352.00;0
516;3;623457785;516;229;1090;1090;7.29;0.45;144.56;3.95;574;3;353.00;0
519;3;623457798;519;228;1090;1090;7.19;0.44;144.52;3.95;571;3;354.00;0
521;3;623457808;521;233;1090;1090;7.10;0.44;144.24;3.95;569;3;355.00;0
525;3;623457820;525;238;1090;1090;7.05;0.43;144.20;3.95;565;3;356.00;0
526;3;623457832;526;244;1090;1090;7.01;0.43;143.98;3.95;564;3;357.00;0
527;3;623457840;527;248;1090;1090;6.98;0.43;143.83;3.95;563;3;358.00;0
530;3;623457851;530;253;1090;1090;6.91;0.42;143.63;3.95;560;3;359.00;0
531;3;623457862;531;265;1155;1215;7.43;0.46;143.58;3.73;624;3;360.00;60
533;3;623457886;533;266;1163;1216;7.45;0.46;143.84;3.71;630;3;361.00;53
535;3;623457895;535;266;1176;1216;7.45;0.46;143.85;3.69;641;3;362.00;40
536;3;623457903;536;267;1178;1216;7.44;0.46;143.92;3.69;642;3;363.00;38
537;3;623457911;537;274;1186;1216;7.36;0.46;143.98;3.69;649;3;364.00;30
539;3;623457918;539;272;1187;1216;7.24;0.45;144.50;3.69;648;3;365.00;29
540;3;623457926;540;280;1193;1216;7.12;0.44;144.64;3.71;653;3;366.00;23
540;3;623457934;540;283;1196;1216;6.99;0.43;144.64;3.71;656;3;367.00;20
540;3;623457942;540;294;1201;1217;6.90;0.43;144.64;3.73;661;3;368.00;16
542;3;623457949;542;293;1205;1218;6.72;0.41;144.41;3.75;663;3;369.00;13
545;3;623457957;545;301;1208;1218;6.58;0.41;144.15;3.76;663;3;370.00;10
547;3;623457965;547;294;1214;1222;6.51;0.40;144.02;3.76;667;3;371.00;8
548;3;623457974;548;284;1215;1222;6.49;0.40;144.18;3.77;667;3;372.00;7
548;3;623457982;548;288;1217;1222;6.55;0.40;144.18;3.78;669;3;373.00;5
549;3;623457991;549;288;1218;1222;6.66;0.41;144.29;3.79;669;3;374.00;4
549;3;623457999;549;285;1224;1228;6.75;0.42;144.29;3.78;675;3;375.00;4
550;3;623458007;550;285;1226;1228;6.83;0.42;144.29;3.79;676;3;376.00;2
551;3;623458016;551;283;1226;1228;6.83;0.42;144.33;3.79;675;3;377.00;2
551;3;623458024;551;280;1229;1231;6.95;0.43;144.33;3.80;678;3;378.00;2
551;3;623458032;551;280;1229;1231;7.06;0.43;144.33;3.80;678;3;379.00;2
553;4;623458041;553;283;1229;1231;7.12;0.43;144.36;3.80;676;4;380.00;2
553;4;623458056;553;282;1231;1232;7.17;0.44;144.36;3.81;678;4;381.00;1
554;4;623458069;554;283;1232;1233;7.31;0.45;144.27;3.81;678;4;382.00;1
556;4;623458078;556;283;1232;1233;7.35;0.45;143.88;3.81;676;4;383.00;1
558;4;623458086;558;283;1243;1246;7.47;0.46;144.28;3.77;685;4;384.00;3
560;4;623458101;560;278;1244;1246;7.47;0.46;144.17;3.77;684;4;385.00;2
562;4;623458110;562;279;1245;1246;7.47;0.46;144.13;3.77;683;4;386.00;1
562;4;623458119;562;266;1246;1247;7.49;0.46;144.13;3.77;684;4;387.00;1
563;4;623458128;563;261;1246;1247;7.51;0.46;144.05;3.77;683;4;388.00;1
565;4;623458136;565;254;1249;1251;7.56;0.46;144.26;3.76;684;4;389.00;2
566;4;623458148;566;247;1249;1251;7.67;0.47;144.30;3.76;683;4;390.00;2
568;4;623458156;568;246;1253;1255;7.74;0.47;144.43;3.75;685;4;391.00;2
571;4;623458165;571;236;1253;1255;7.75;0.47;144.42;3.75;682;4;392.00;2
573;4;623458174;573;232;1253;1255;7.83;0.48;144.43;3.75;680;4;393.00;2
576;4;623458183;576;231;1255;1255;7.90;0.48;144.72;3.76;679;4;394.00;0
577;4;623458192;577;231;1255;1255;7.98;0.48;144.65;3.76;678;4;395.00;0
578;4;623458200;578;213;1267;1267;8.21;0.50;144.78;3.73;689;4;396.00;0
580;4;623458211;580;194;1267;1267;8.40;0.51;145.31;3.73;687;4;397.00;0
581;4;623458220;581;187;1267;1267;8.64;0.53;145.61;3.73;686;4;398.00;0
582;4;623458230;582;179;1267;1267;8.86;0.54;145.79;3.73;685;4;399.00;0
583;4;623458242;583;166;1267;1267;9.13;0.56;145.98;3.73;684;4;400.00;0
585;4;623458257;585;160;1267;1267;9.40;0.57;146.15;3.73;682;4;401.00;0
587;4;623458276;587;151;1268;1268;9.67;0.59;146.62;3.72;681;4;402.00;0
588;5;623458286;588;148;1268;1268;9.91;0.61;146.57;3.72;680;5;403.00;0
590;5;623458309;590;142;1274;1274;10.08;0.62;146.74;3.71;684;5;404.00;0
592;5;623458320;592;138;1276;1276;10.28;0.63;146.92;3.71;684;5;405.00;0
594;5;623458329;594;131;1276;1276;10.47;0.64;147.39;3.71;682;5;406.00;0
596;5;623458344;596;124;1276;1276;10.65;0.65;147.48;3.71;680;5;407.00;0
600;5;623458353;600;119;1280;1280;10.85;0.66;148.10;3.69;680;5;408.00;0
603;5;623458363;603;116;1280;1280;11.06;0.67;148.37;3.69;677;5;409.00;0
607;5;623458373;607;110;1280;1280;11.19;0.68;149.14;3.69;673;5;410.00;0
610;5;623458384;610;110;1281;1281;11.40;0.69;149.59;3.69;671;5;411.00;0
613;5;623458396;613;104;1285;1285;11.48;0.70;150.02;3.68;672;5;412.00;0
616;5;623458407;616;102;1285;1285;11.65;0.71;150.77;3.68;669;5;413.00;0
616;5;623458416;616;102;1287;1288;11.86;0.72;150.77;3.68;671;5;414.00;1
618;5;623458426;618;98;1287;1288;11.97;0.73;151.38;3.68;669;5;415.00;1
621;5;623458436;621;95;1288;1288;12.10;0.74;152.32;3.68;667;5;416.00;0
627;5;623458446;627;93;1288;1288;12.18;0.74;153.56;3.68;661;5;417.00;0
629;5;623458456;629;89;1292;1292;12.26;0.75;154.08;3.67;663;5;418.00;0
633;5;623458467;633;90;1292;1292;12.27;0.75;154.78;3.67;659;5;419.00;0
635;5;623458479;635;91;1292;1292;12.33;0.75;155.03;3.67;657;5;420.00;0
637;5;623458489;637;92;1292;1292;12.36;0.76;155.46;3.67;655;5;421.00;0
640;5;623458499;640;92;1293;1293;12.46;0.76;155.84;3.67;653;5;422.00;0
642;5;623458509;642;90;1294;1294;12.56;0.77;156.20;3.66;652;5;423.00;0
645;5;623458519;645;91;1294;1294;12.63;0.77;156.20;3.66;649;5;424.00;0
649;5;623458528;649;93;1295;1295;12.66;0.77;156.58;3.66;646;5;425.00;0
651;5;623458539;651;95;1295;1295;12.72;0.77;156.77;3.66;644;5;426.00;0
653;5;623458548;653;95;1295;1295;12.77;0.78;156.85;3.66;642;5;427.00;0
659;5;623458557;659;96;1295;1295;12.79;0.78;157.68;3.66;636;5;428.00;0
661;5;623458566;661;98;1295;1295;12.92;0.79;158.02;3.66;634;5;429.00;0
663;5;623458575;663;99;1295;1295;13.03;0.79;158.14;3.66;632;5;430.00;0
667;5;623458584;667;98;1295;1295;13.13;0.80;158.96;3.66;628;5;431.00;0
669;5;623458593;669;128;1376;1422;12.34;0.76;159.59;3.45;707;5;432.00;46
672;5;623458612;672;115;1377;1423;12.34;0.76;160.23;3.45;705;5;433.00;46
677;5;623458622;677;102;1381;1423;12.46;0.77;160.71;3.44;704;5;434.00;42
682;5;623458632;682;98;1381;1423;12.54;0.77;161.45;3.44;699;5;435.00;42
686;5;623458642;686;100;1385;1423;12.53;0.77;162.44;3.44;699;5;436.00;38
689;5;623458652;689;104;1386;1423;12.56;0.77;162.78;3.44;697;5;437.00;37
692;5;623458662;692;111;1390;1423;12.58;0.77;163.19;3.45;698;5;438.00;33
696;5;623458672;696;113;1390;1423;12.68;0.78;163.69;3.45;694;5;439.00;33
697;5;623458687;697;113;1393;1424;12.68;0.78;163.87;3.46;696;5;440.00;31
702;5;623458696;702;115;1396;1425;12.63;0.77;164.74;3.47;694;5;441.00;29
706;5;623458707;706;109;1399;1425;12.54;0.77;165.02;3.49;693;5;442.00;26
710;5;623458717;710;110;1404;1426;12.35;0.75;165.58;3.51;694;5;443.00;22
716;5;623458727;716;110;1405;1426;12.19;0.75;165.87;3.52;689;5;444.00;21
718;5;623458737;718;107;1409;1426;12.06;0.74;166.13;3.54;691;5;445.00;17
725;5;623458747;725;108;1412;1426;11.96;0.73;166.43;3.56;687;5;446.00;14
732;5;623458764;732;113;1416;1430;11.87;0.72;166.57;3.58;684;5;447.00;14
734;5;623458776;734;109;1417;1430;11.86;0.72;166.62;3.58;683;5;448.00;13
736;5;623458786;736;107;1419;1430;11.97;0.73;166.91;3.59;683;5;449.00;11
737;5;623458797;737;108;1422;1436;12.04;0.73;167.20;3.58;685;5;450.00;14
741;5;623458807;741;108;1424;1436;12.11;0.74;167.65;3.59;683;5;451.00;12
742;5;623458818;742;109;1425;1436;12.12;0.74;167.95;3.59;683;5;452.00;11
744;5;623458828;744;105;1429;1440;12.10;0.74;167.94;3.59;685;5;453.00;11
749;5;623458838;749;106;1431;1441;12.20;0.74;168.62;3.61;682;5;454.00;10
754;5;623458848;754;101;1432;1441;12.25;0.75;168.68;3.62;678;5;455.00;9
756;5;623458858;756;104;1436;1445;12.26;0.75;168.64;3.63;680;5;456.00;9
760;5;623458867;760;105;1437;1445;12.18;0.74;168.73;3.64;677;5;457.00;8
765;5;623458876;765;108;1438;1445;12.17;0.74;168.77;3.65;673;5;458.00;7
768;5;623458891;768;110;1438;1446;12.10;0.74;168.54;3.65;670;5;459.00;8
770;5;623458900;770;113;1439;1446;12.06;0.73;168.55;3.65;669;5;460.00;7
772;5;623458909;772;112;1444;1452;12.03;0.73;168.71;3.67;672;5;461.00;8
774;5;623458918;774;116;1444;1452;11.91;0.73;168.62;3.67;670;5;462.00;8
776;5;623458927;776;116;1447;1453;11.72;0.71;168.89;3.70;671;5;463.00;6
781;5;623458937;781;125;1448;1453;11.47;0.70;169.39;3.71;667;5;464.00;5
784;5;623458945;784;123;1448;1453;11.41;0.69;169.22;3.71;664;5;465.00;5
786;5;623458953;786;132;1449;1453;11.25;0.68;169.05;3.71;663;5;466.00;4
788;5;623458962;788;139;1449;1453;11.18;0.68;168.98;3.71;661;5;467.00;4
789;5;623458971;789;142;1459;1465;11.14;0.68;169.06;3.69;670;5;468.00;6
790;5;623458980;790;143;1461;1465;11.06;0.67;169.11;3.70;671;5;469.00;4
791;5;623458988;791;150;1462;1465;10.99;0.67;169.21;3.70;671;5;470.00;3
792;5;623458997;792;153;1462;1465;10.90;0.67;169.14;3.70;670;5;471.00;3
793;5;623459005;793;158;1463;1465;10.85;0.66;169.07;3.71;670;5;472.00;2
796;5;623459013;796;166;1464;1465;10.81;0.66;169.17;3.71;668;5;473.00;1
800;5;623459021;800;172;1467;1469;10.69;0.65;169.07;3.71;667;5;474.00;2
800;5;623459030;800;177;1468;1469;10.65;0.65;169.07;3.71;668;5;475.00;1
801;5;623459039;801;182;1473;1473;10.68;0.65;168.91;3.70;672;5;476.00;0
803;5;623459047;803;185;1474;1474;10.65;0.65;168.96;3.70;671;5;477.00;0
809;5;623459056;809;188;1474;1474;10.60;0.65;169.22;3.70;665;5;478.00;0
809;5;623459065;809;191;1474;1474;10.55;0.65;169.22;3.70;665;5;479.00;0
812;5;623459074;812;200;1494;1500;10.39;0.64;169.21;3.65;682;5;480.00;6
814;5;623459085;814;204;1495;1500;10.30;0.63;169.08;3.65;681;5;481.00;5
815;5;623459093;815;212;1498;1500;10.22;0.63;169.11;3.65;683;5;482.00;2
820;5;623459101;820;216;1501;1501;10.08;0.62;169.28;3.64;681;5;483.00;0
820;5;623459109;820;223;1502;1502;10.00;0.61;169.28;3.64;682;5;484.00;0
822;5;623459117;822;231;1502;1502;9.83;0.60;169.60;3.64;680;5;485.00;0
825;5;623459125;825;235;1504;1505;9.68;0.59;169.55;3.64;679;5;486.00;1
827;5;623459133;827;238;1504;1505;9.54;0.58;169.62;3.64;677;5;487.00;1
828;5;623459141;828;243;1505;1505;9.38;0.58;169.64;3.64;677;5;488.00;0
830;5;623459149;830;241;1505;1505;9.18;0.56;169.70;3.64;675;5;489.00;0
833;5;623459157;833;243;1511;1511;9.07;0.56;169.71;3.62;678;5;490.00;0
834;5;623459165;834;242;1511;1511;8.90;0.55;169.67;3.62;677;5;491.00;0
840;5;623459172;840;245;1511;1511;8.75;0.54;169.31;3.62;671;5;492.00;0
841;5;623459180;841;244;1511;1511;8.67;0.53;169.24;3.62;670;5;493.00;0
841;5;623459187;841;247;1515;1515;8.61;0.53;169.24;3.62;674;5;494.00;0
846;5;623459195;846;250;1517;1517;8.54;0.52;168.91;3.61;671;5;495.00;0
847;5;623459203;847;252;1517;1517;8.52;0.52;168.86;3.61;670;5;496.00;0
847;5;623459210;847;253;1518;1518;8.50;0.52;168.86;3.61;671;5;497.00;0
849;5;623459217;849;259;1518;1518;8.45;0.52;168.79;3.61;669;5;498.00;0
852;5;623459225;852;258;1518;1518;8.44;0.52;168.54;3.61;666;5;499.00;0
852;5;623459232;852;262;1518;1518;8.42;0.52;168.54;3.61;666;5;500.00;0
854;5;623459243;854;261;1518;1518;8.36;0.51;168.36;3.61;664;5;501.00;0
859;5;623459250;859;263;1518;1518;8.23;0.50;168.72;3.61;659;5;502.00;0
864;5;623459257;864;264;1518;1518;8.08;0.49;168.42;3.61;654;5;503.00;0
869;5;623459264;869;272;1560;1588;8.08;0.49;168.76;3.51;691;5;504.00;28
874;5;623459277;874;267;1563;1589;7.93;0.48;168.88;3.51;689;5;505.00;26
877;5;623459285;877;264;1572;1589;7.87;0.48;169.56;3.50;695;5;506.00;17
880;5;623459292;880;267;1573;1589;7.73;0.47;169.99;3.50;693;5;507.00;16
881;5;623459298;881;265;1574;1589;7.62;0.47;170.21;3.50;693;5;508.00;15
884;5;623459305;884;270;1577;1589;7.44;0.46;170.57;3.50;693;5;509.00;12
887;5;623459313;887;263;1578;1589;7.30;0.45;171.03;3.51;691;5;510.00;11
888;5;623459320;888;258;1581;1589;7.23;0.45;171.29;3.51;693;5;511.00;8
892;5;623459327;892;254;1582;1590;7.11;0.44;172.17;3.51;690;5;512.00;8
895;5;623459339;895;251;1583;1591;7.05;0.43;172.67;3.52;688;5;513.00;8
897;5;623459346;897;245;1586;1591;7.00;0.43;172.68;3.53;689;5;514.00;5
900;5;623459354;900;244;1591;1595;6.99;0.43;173.13;3.53;691;5;515.00;4
904;5;623459361;904;253;1592;1595;6.98;0.43;173.72;3.53;688;5;516.00;3
905;5;623459368;905;260;1594;1595;7.07;0.44;173.77;3.54;689;5;517.00;1
906;5;623459376;906;261;1595;1595;7.21;0.44;174.15;3.54;689;5;518.00;0
909;5;623459384;909;259;1601;1601;7.26;0.45;174.35;3.53;692;5;519.00;0
911;5;623459392;911;257;1601;1601;7.34;0.45;174.25;3.53;690;5;520.00;0
914;5;623459399;914;256;1601;1601;7.38;0.45;174.13;3.53;687;5;521.00;0
917;5;623459407;917;257;1604;1604;7.40;0.46;174.29;3.53;687;5;522.00;0
919;5;623459415;919;243;1604;1604;7.38;0.45;174.60;3.53;685;5;523.00;0
923;5;623459423;923;236;1604;1604;7.36;0.45;174.82;3.53;681;5;524.00;0
927;5;623459430;927;230;1605;1605;7.38;0.45;175.27;3.52;678;5;525.00;0
928;5;623459438;928;233;1606;1606;7.47;0.46;175.22;3.52;678;5;526.00;0
934;5;623459446;934;225;1606;1606;7.50;0.46;175.34;3.52;672;5;527.00;0
939;5;623459454;939;228;1619;1619;7.67;0.47;175.52;3.49;680;5;528.00;0
940;6;623459463;940;223;1619;1619;7.77;0.47;175.59;3.49;679;6;529.00;0
943;6;623459480;943;226;1619;1619;7.85;0.48;176.10;3.49;676;6;530.00;0
948;6;623459489;948;221;1620;1620;8.01;0.49;176.03;3.49;672;6;531.00;0
951;7;623459498;951;222;1620;1620;8.07;0.49;176.30;3.49;669;7;532.00;0
954;7;623459513;954;221;1624;1624;8.17;0.50;176.67;3.49;670;7;533.00;0
955;7;623459527;955;218;1624;1624;8.23;0.50;176.89;3.49;669;7;534.00;0
956;7;623459541;956;216;1628;1628;8.38;0.51;177.12;3.48;672;7;535.00;0
958;7;623459550;958;215;1628;1628;8.41;0.51;177.59;3.48;670;7;536.00;0
963;7;623459573;963;216;1628;1628;8.34;0.51;177.59;3.48;665;7;537.00;0
966;7;623459582;966;215;1628;1628;8.40;0.51;177.33;3.48;662;7;538.00;0
971;7;623459591;971;213;1628;1628;8.41;0.51;177.27;3.48;657;7;539.00;0
972;7;623459602;972;217;1659;1662;8.54;0.52;177.48;3.42;687;7;540.00;3
975;7;623459613;975;212;1659;1662;8.56;0.52;177.80;3.42;684;7;541.00;3
977;7;623459622;977;214;1661;1662;8.60;0.53;177.86;3.41;684;7;542.00;1
981;7;623459632;981;212;1661;1662;8.67;0.53;178.19;3.41;680;7;543.00;1
984;7;623459641;984;210;1662;1662;8.71;0.53;178.31;3.41;678;7;544.00;0
989;7;623459650;989;210;1662;1662;8.66;0.53;178.56;3.41;673;7;545.00;0
992;7;623459659;992;209;1663;1663;8.68;0.53;178.71;3.41;671;7;546.00;0
995;7;623459667;995;205;1663;1663;8.69;0.53;179.01;3.41;668;7;547.00;0
998;7;623459676;998;209;1669;1669;8.69;0.53;179.08;3.40;671;7;548.00;0
1000;7;623459685;1000;206;1670;1670;8.69;0.53;179.09;3.40;670;7;549.00;0
1005;7;623459693;1005;205;1670;1670;8.61;0.53;179.32;3.40;665;7;550.00;0
1010;8;623459702;1010;205;1670;1670;8.57;0.52;179.42;3.40;660;8;551.00;0
1011;8;623459723;1011;212;1674;1674;8.67;0.53;179.45;3.39;663;8;552.00;0
1014;8;623459732;1014;214;1674;1674;8.65;0.53;179.53;3.39;660;8;553.00;0
1016;8;623459741;1016;213;1674;1674;8.75;0.54;179.37;3.39;658;8;554.00;0
1018;8;623459749;1018;214;1675;1675;8.77;0.54;179.60;3.39;657;8;555.00;0
1019;8;623459758;1019;211;1679;1679;8.85;0.54;179.69;3.39;660;8;556.00;0
1021;8;623459767;1021;201;1679;1679;8.89;0.54;180.07;3.39;658;8;557.00;0
1023;8;623459780;1023;191;1681;1682;8.96;0.55;180.25;3.38;658;8;558.00;1
1025;8;623459795;1025;188;1681;1682;9.05;0.55;180.41;3.38;656;8;559.00;1
1028;8;623459810;1028;185;1682;1682;9.13;0.56;180.58;3.38;654;8;560.00;0
1031;8;623459825;1031;183;1682;1682;9.21;0.56;180.53;3.38;651;8;561.00;0
1034;8;623459838;1034;179;1686;1686;9.39;0.57;180.60;3.38;652;8;562.00;0
1038;8;623459853;1038;180;1686;1686;9.53;0.58;180.68;3.38;648;8;563.00;0
1039;8;623459867;1039;176;1686;1686;9.73;0.59;180.94;3.38;647;8;564.00;0
1045;8;623459890;1045;181;1686;1686;9.85;0.60;181.37;3.38;641;8;565.00;0
1047;8;623459903;1047;166;1687;1687;9.95;0.60;181.47;3.37;640;8;566.00;0
1050;8;623459914;1050;151;1688;1688;10.12;0.61;181.79;3.37;638;8;567.00;0
1052;8;623459925;1052;141;1688;1688;10.26;0.62;182.32;3.37;636;8;568.00;0
1057;8;623459935;1057;134;1689;1689;10.40;0.63;182.58;3.37;632;8;569.00;0
1058;8;623459948;1058;130;1689;1689;10.55;0.64;182.85;3.37;631;8;570.00;0
1060;8;623459958;1060;120;1689;1689;10.71;0.65;182.90;3.37;629;8;571.00;0
1063;8;623459969;1063;114;1689;1689;10.88;0.66;183.32;3.37;626;8;572.00;0
1065;8;623459980;1065;110;1689;1689;11.01;0.67;183.41;3.37;624;8;573.00;0
1069;8;623459991;1069;109;1689;1689;11.12;0.67;183.84;3.37;620;8;574.00;0
1072;8;623460002;1072;110;1689;1689;11.24;0.68;184.41;3.37;617;8;575.00;0
1074;8;623460020;1074;138;1769;1816;11.06;0.68;184.41;3.22;695;8;576.00;47
1078;8;623460047;1078;122;1772;1817;11.08;0.68;184.66;3.22;694;8;577.00;45
1082;8;623460059;1082;108;1780;1817;11.23;0.69;185.33;3.21;698;8;578.00;37
1083;8;623460071;1083;105;1783;1817;11.30;0.69;185.32;3.21;700;8;579.00;34
1085;8;623460081;1085;99;1788;1817;11.39;0.70;185.41;3.21;703;8;580.00;29
1087;8;623460092;1087;97;1790;1817;11.46;0.70;185.48;3.22;703;8;581.00;27
1087;8;623460102;1087;96;1792;1817;11.55;0.71;185.48;3.22;705;8;582.00;25
1090;8;623460112;1090;100;1794;1817;11.56;0.71;185.58;3.22;704;8;583.00;23
1092;8;623460123;1092;101;1797;1818;11.57;0.71;185.74;3.23;705;8;584.00;21
1094;8;623460134;1094;109;1802;1820;11.53;0.70;186.19;3.24;708;8;585.00;18
1097;8;623460145;1097;112;1804;1820;11.50;0.70;186.44;3.25;707;8;586.00;16
1099;8;623460156;1099;120;1808;1821;11.49;0.70;186.42;3.26;709;8;587.00;13
1100;8;623460172;1100;126;1809;1821;11.53;0.71;186.62;3.27;709;8;588.00;12
1101;8;623460181;1101;127;1811;1821;11.58;0.71;186.86;3.28;710;8;589.00;10
1103;8;623460192;1103;130;1814;1821;11.61;0.71;187.20;3.29;711;8;590.00;7
1107;8;623460202;1107;131;1818;1825;11.61;0.71;187.31;3.30;711;8;591.00;7
1109;8;623460213;1109;130;1819;1825;11.66;0.71;187.51;3.31;710;8;592.00;6
1113;8;623460225;1113;132;1821;1825;11.70;0.71;187.78;3.31;708;8;593.00;4
1115;8;623460235;1115;128;1823;1828;11.83;0.72;187.92;3.31;708;8;594.00;5
1117;8;623460252;1117;131;1824;1828;11.93;0.73;188.25;3.32;707;8;595.00;4
1123;9;623460262;1123;130;1825;1828;11.99;0.73;188.54;3.32;702;9;596.00;3
1126;9;623460285;1126;133;1830;1832;12.00;0.73;188.81;3.33;704;9;597.00;2
1130;9;623460296;1130;133;1832;1833;12.06;0.73;189.20;3.33;702;9;598.00;1
1134;9;623460308;1134;131;1832;1833;12.15;0.74;189.50;3.33;698;9;599.00;1
1136;9;623460320;1136;136;1845;1859;12.08;0.73;189.41;3.31;709;9;600.00;14
1140;9;623460337;1140;130;1845;1859;12.15;0.74;190.08;3.31;705;9;601.00;14
1144;9;623460348;1144;131;1846;1859;12.18;0.74;190.42;3.31;702;9;602.00;13
1147;9;623460358;1147;131;1847;1860;12.23;0.74;190.55;3.31;700;9;603.00;13
1152;9;623460369;1152;131;1848;1860;12.25;0.74;190.88;3.31;696;9;604.00;12
1156;9;623460379;1156;131;1854;1866;12.20;0.74;191.34;3.30;698;9;605.00;12
1160;9;623460390;1160;129;1855;1866;12.24;0.74;191.27;3.30;695;9;606.00;11
1163;9;623460400;1163;131;1857;1867;12.20;0.74;191.47;3.30;694;9;607.00;10
1165;9;623460410;1165;131;1857;1867;12.27;0.75;191.63;3.30;692;9;608.00;10
1169;9;623460420;1169;129;1858;1867;12.30;0.75;192.07;3.31;689;9;609.00;9
1174;9;623460430;1174;128;1858;1867;12.29;0.75;192.62;3.31;684;9;610.00;9
1178;9;623460440;1178;128;1859;1867;12.29;0.75;192.60;3.31;681;9;611.00;8
1181;9;623460449;1181;126;1869;1879;12.24;0.74;192.72;3.29;688;9;612.00;10
1185;9;623460460;1185;123;1871;1879;12.17;0.74;192.80;3.30;686;9;613.00;8
1187;9;623460471;1187;118;1871;1879;12.12;0.73;192.89;3.30;684;9;614.00;8
1191;9;623460486;1191;118;1871;1879;12.08;0.73;193.09;3.30;680;9;615.00;8
1193;9;623460495;1193;117;1871;1879;12.09;0.73;193.29;3.30;678;9;616.00;8
1196;9;623460503;1196;121;1872;1879;12.14;0.74;193.69;3.30;676;9;617.00;7
1198;9;623460512;1198;120;1876;1883;12.11;0.73;193.52;3.30;678;9;618.00;7
1200;9;623460522;1200;114;1876;1883;12.12;0.73;193.69;3.30;676;9;619.00;7
1203;9;623460537;1203;111;1881;1887;12.17;0.74;194.19;3.30;678;9;620.00;6
1206;9;623460546;1206;108;1882;1888;12.19;0.74;194.09;3.30;676;9;621.00;6
1209;10;623460555;1209;107;1882;1888;12.15;0.74;194.15;3.30;673;10;622.00;6
1213;10;623460578;1213;113;1883;1888;12.08;0.73;194.30;3.31;670;10;623.00;5
1217;10;623460591;1217;120;1892;1901;12.03;0.73;194.46;3.29;675;10;624.00;9
1220;10;623460602;1220;121;1892;1901;12.06;0.73;194.30;3.29;672;10;625.00;9
1224;10;623460611;1224;129;1892;1901;12.01;0.73;194.21;3.29;668;10;626.00;9
1226;10;623460620;1226;130;1894;1902;11.96;0.73;194.14;3.31;668;10;627.00;8
1227;10;623460629;1227;133;1894;1903;11.92;0.72;194.16;3.31;667;10;628.00;9
1230;10;623460639;1230;133;1896;1903;11.82;0.72;194.38;3.33;666;10;629.00;7
1231;10;623460651;1231;131;1900;1909;11.83;0.72;194.45;3.32;669;10;630.00;9
1237;10;623460661;1237;133;1902;1909;11.79;0.72;194.49;3.32;665;10;631.00;7
1242;10;623460670;1242;135;1904;1909;11.75;0.71;194.56;3.34;662;10;632.00;5
1245;10;623460680;1245;139;1904;1909;11.72;0.71;194.40;3.34;659;10;633.00;5
1246;10;623460689;1246;145;1909;1915;11.78;0.71;194.34;3.33;663;10;634.00;6
1246;10;623460698;1246;148;1909;1915;11.66;0.71;194.34;3.33;663;10;635.00;6
1248;10;623460706;1248;150;1909;1915;11.57;0.70;194.35;3.33;661;10;636.00;6
1250;10;623460715;1250;156;1911;1915;11.47;0.70;194.44;3.35;661;10;637.00;4
1252;10;623460724;1252;162;1914;1919;11.36;0.69;194.32;3.35;662;10;638.00;5
1252;10;623460734;1252;168;1916;1920;11.30;0.69;194.32;3.35;664;10;639.00;4
1253;10;623460742;1253;173;1918;1920;11.20;0.68;194.23;3.36;665;10;640.00;2
1256;10;623460750;1256;176;1919;1921;11.06;0.67;194.35;3.36;663;10;641.00;2
1257;10;623460758;1257;177;1919;1921;10.85;0.66;194.28;3.36;662;10;642.00;2
1261;10;623460766;1261;185;1920;1921;10.69;0.65;194.08;3.37;659;10;643.00;1
1262;10;623460776;1262;191;1920;1921;10.55;0.64;194.08;3.37;658;10;644.00;1
1263;10;623460784;1263;194;1920;1921;10.42;0.64;194.10;3.37;657;10;645.00;1
1264;10;623460792;1264;200;1921;1921;10.34;0.63;194.00;3.37;657;10;646.00;0
1267;10;623460801;1267;208;1921;1921;10.14;0.62;193.90;3.37;654;10;647.00;0
1268;10;623460809;1268;216;1960;1991;10.12;0.62;193.89;3.30;692;10;648.00;31
1270;10;623460823;1270;217;1962;1992;9.96;0.61;193.79;3.30;692;10;649.00;30
1271;10;623460831;1271;220;1973;1992;9.88;0.61;193.69;3.29;702;10;650.00;19
1271;10;623460839;1271;223;1977;1992;9.78;0.60;193.69;3.29;706;10;651.00;15
1274;10;623460847;1274;222;1979;1992;9.62;0.59;193.49;3.29;705;10;652.00;13
1274;10;623460855;1274;223;1981;1992;9.50;0.58;193.49;3.29;707;10;653.00;11
1275;10;623460862;1275;228;1984;1992;9.35;0.57;193.40;3.30;709;10;654.00;8
1279;10;623460870;1279;229;1987;1992;9.11;0.56;193.16;3.30;708;10;655.00;5
1279;10;623460879;1279;238;1989;1993;8.93;0.55;193.16;3.31;710;10;656.00;4
1281;10;623460886;1281;243;1990;1994;8.78;0.54;192.96;3.31;709;10;657.00;4
1281;10;623460894;1281;254;1992;1994;8.62;0.53;192.96;3.31;711;10;658.00;2
1284;10;623460901;1284;258;1997;1998;8.45;0.52;192.95;3.31;713;10;659.00;1
1286;10;623460911;1286;261;1998;1998;8.27;0.51;192.78;3.31;712;10;660.00;0
1290;10;623460919;1290;263;1998;1998;8.04;0.49;192.74;3.31;708;10;661.00;0
1291;10;623460927;1291;266;1998;1998;7.93;0.49;192.72;3.31;707;10;662.00;0
1292;10;623460935;1292;272;2004;2004;7.89;0.48;192.64;3.31;712;10;663.00;0
1294;10;623460944;1294;274;2004;2004;7.79;0.48;192.51;3.31;710;10;664.00;0
1296;10;623460951;1296;274;2004;2004;7.67;0.47;192.54;3.31;708;10;665.00;0
1296;10;623460959;1296;277;2006;2007;7.67;0.47;192.54;3.30;710;10;666.00;1
1297;10;623460968;1297;286;2006;2007;7.65;0.47;192.49;3.30;709;10;667.00;1
1297;10;623460975;1297;291;2007;2007;7.60;0.47;192.49;3.30;710;10;668.00;0
1299;10;623460982;1299;295;2008;2008;7.48;0.46;192.41;3.30;709;10;669.00;0
1299;10;623460990;1299;295;2009;2009;7.39;0.45;192.41;3.30;710;10;670.00;0
1300;10;623460997;1300;291;2009;2009;7.27;0.45;192.34;3.30;709;10;671.00;0
1301;10;623461010;1301;294;2021;2022;7.22;0.44;192.26;3.28;720;10;672.00;1
1307;10;623461018;1307;296;2022;2022;7.11;0.43;191.87;3.28;715;10;673.00;0
1311;10;623461026;1311;296;2022;2022;7.00;0.43;191.65;3.28;711;10;674.00;0
1316;10;623461033;1316;277;2024;2024;6.96;0.43;191.59;3.28;708;10;675.00;0
1318;10;623461041;1318;269;2024;2024;6.89;0.42;191.69;3.28;706;10;676.00;0
1322;10;623461048;1322;262;2028;2028;6.91;0.42;191.97;3.27;706;10;677.00;0
1324;10;623461056;1324;260;2028;2028;6.88;0.42;192.32;3.27;704;10;678.00;0
1325;10;623461063;1325;261;2032;2032;6.86;0.42;192.50;3.27;707;10;679.00;0
1330;10;623461071;1330;254;2032;2032;6.81;0.42;192.97;3.27;702;10;680.00;0
1332;10;623461079;1332;247;2032;2032;6.81;0.42;193.26;3.27;700;10;681.00;0
1335;10;623461086;1335;239;2032;2032;6.86;0.42;193.61;3.27;697;10;682.00;0
1337;10;623461095;1337;234;2032;2032;6.88;0.42;193.66;3.27;695;10;683.00;0
1343;10;623461108;1343;234;2042;2044;7.02;0.43;194.11;3.25;699;10;684.00;2
1345;10;623461117;1345;235;2042;2044;7.07;0.43;194.11;3.25;697;10;685.00;2
1346;10;623461125;1346;231;2044;2044;7.18;0.44;194.32;3.25;698;10;686.00;0
1350;10;623461132;1350;225;2044;2044;7.28;0.45;194.53;3.25;694;10;687.00;0
1350;10;623461140;1350;218;2044;2044;7.45;0.46;194.53;3.25;694;10;688.00;0
1354;10;623461148;1354;211;2044;2044;7.51;0.46;195.02;3.25;690;10;689.00;0
1356;10;623461158;1356;201;2045;2045;7.63;0.47;195.19;3.25;689;10;690.00;0
1358;10;623461166;1358;195;2045;2045;7.70;0.47;195.36;3.25;687;10;691.00;0
1359;10;623461175;1359;189;2051;2051;7.95;0.49;195.51;3.24;692;10;692.00;0
1361;10;623461183;1361;183;2052;2052;8.12;0.50;195.66;3.24;691;10;693.00;0
1363;10;623461192;1363;180;2052;2052;8.27;0.51;195.85;3.24;689;10;694.00;0
1367;10;623461200;1367;180;2052;2052;8.34;0.51;195.94;3.24;685;10;695.00;0
1370;10;623461208;1370;169;2056;2056;8.49;0.52;196.04;3.23;686;10;696.00;0
1373;10;623461217;1373;166;2056;2056;8.61;0.53;196.04;3.23;683;10;697.00;0
1376;10;623461225;1376;164;2056;2056;8.75;0.54;195.79;3.23;680;10;698.00;0
1382;10;623461234;1382;163;2057;2057;8.82;0.54;196.00;3.23;675;10;699.00;0
1385;10;623461243;1385;162;2061;2061;8.94;0.55;196.13;3.23;676;10;700.00;0
1391;10;623461257;1391;162;2061;2061;9.04;0.55;196.11;3.23;670;10;701.00;0
1397;10;623461266;1397;163;2063;2064;9.08;0.55;196.17;3.23;666;10;702.00;1
1404;10;623461276;1404;159;2063;2064;9.08;0.55;196.07;3.23;659;10;703.00;1
1409;10;623461285;1409;163;2064;2064;9.16;0.56;196.12;3.23;655;10;704.00;0
1413;10;623461294;1413;169;2064;2064;9.10;0.55;196.28;3.23;651;10;705.00;0
1418;10;623461303;1418;166;2068;2068;9.13;0.55;196.30;3.22;650;10;706.00;0
1420;10;623461312;1420;164;2068;2068;9.17;0.56;196.25;3.22;648;10;707.00;0
1423;10;623461320;1423;157;2068;2068;9.24;0.56;196.48;3.22;645;10;708.00;0
1427;10;623461329;1427;157;2068;2068;9.22;0.56;196.71;3.22;641;10;709.00;0
1430;10;623461338;1430;155;2069;2069;9.21;0.56;196.91;3.22;639;10;710.00;0
1432;10;623461346;1432;151;2070;2070;9.26;0.56;197.06;3.22;638;10;711.00;0
1437;10;623461355;1437;153;2070;2070;9.26;0.56;197.25;3.22;633;10;712.00;0
1439;10;623461364;1439;152;2071;2071;9.31;0.57;197.49;3.22;632;10;713.00;0
1440;10;623461372;1440;152;2071;2071;9.35;0.57;197.64;3.22;631;10;714.00;0
1448;10;623461384;1448;154;2071;2071;9.27;0.56;197.71;3.22;623;10;715.00;0
1451;10;623461393;1451;155;2071;2071;9.30;0.56;197.91;3.22;620;10;716.00;0
1456;10;623461402;1456;154;2071;2071;9.31;0.56;197.94;3.22;615;10;717.00;0
1460;10;623461410;1460;154;2071;2071;9.25;0.56;198.29;3.22;611;10;718.00;0
1462;10;623461418;1462;152;2071;2071;9.22;0.56;198.54;3.22;609;10;719.00;0
1465;10;623461428;1465;192;2197;2301;9.15;0.57;198.74;3.03;732;10;720.00;104
1468;10;623461455;1468;186;2206;2302;9.11;0.57;198.89;3.03;738;10;721.00;96
1470;10;623461465;1470;176;2221;2302;9.19;0.58;198.94;3.02;751;10;722.00;81
1473;10;623461474;1473;168;2228;2302;9.15;0.57;199.09;3.02;755;10;723.00;74
1476;10;623461484;1476;170;2237;2302;9.17;0.57;199.22;3.02;761;10;724.00;65
1481;10;623461493;1481;163;2242;2302;9.15;0.57;199.33;3.03;761;10;725.00;60
1483;10;623461503;1483;174;2248;2302;9.09;0.57;199.41;3.04;765;10;726.00;54
1486;10;623461513;1486;161;2253;2302;9.07;0.56;199.52;3.04;767;10;727.00;49
1492;10;623461523;1492;154;2259;2303;8.99;0.56;199.76;3.06;767;10;728.00;44
1494;10;623461533;1494;151;2263;2304;8.96;0.56;199.84;3.07;769;10;729.00;41
1496;10;623461549;1496;158;2265;2304;9.01;0.56;199.92;3.07;769;10;730.00;39
1499;10;623461559;1499;168;2272;2305;8.95;0.55;200.24;3.09;773;10;731.00;33
1500;10;623461575;1500;171;2275;2305;8.87;0.55;200.30;3.11;775;10;732.00;30
1504;10;623461585;1504;177;2276;2305;8.83;0.54;200.45;3.11;772;10;733.00;29
1507;10;623461596;1507;193;2280;2305;8.81;0.54;200.64;3.13;773;10;734.00;25
1511;10;623461607;1511;200;2284;2309;8.77;0.54;201.08;3.14;773;10;735.00;25
1512;10;623461618;1512;194;2284;2309;8.79;0.54;201.08;3.14;772;10;736.00;25
1514;10;623461628;1514;183;2286;2309;8.86;0.54;201.42;3.14;772;10;737.00;23
1516;10;623461650;1516;186;2287;2312;8.93;0.55;201.55;3.14;771;10;738.00;25
1517;10;623461661;1517;195;2288;2312;9.00;0.55;201.73;3.15;771;10;739.00;24
1520;10;623461672;1520;193;2288;2312;9.08;0.56;201.76;3.15;768;10;740.00;24
1521;10;623461683;1521;189;2292;2316;9.14;0.56;201.93;3.14;771;10;741.00;24
1525;10;623461693;1525;187;2293;2317;9.25;0.57;201.81;3.14;768;10;742.00;24
1527;10;623461704;1527;190;2294;2317;9.34;0.57;201.98;3.15;767;10;743.00;23
1528;10;623461714;1528;186;2298;2321;9.44;0.58;202.16;3.14;770;10;744.00;23
1531;10;623461725;1531;183;2298;2321;9.57;0.59;202.13;3.14;767;10;745.00;23
1535;10;623461736;1535;187;2299;2321;9.68;0.59;202.52;3.15;764;10;746.00;22
1540;10;623461746;1540;177;2300;2322;9.86;0.60;202.76;3.16;760;10;747.00;22
1544;10;623461757;1544;176;2300;2322;10.02;0.61;202.87;3.16;756;10;748.00;22
1546;10;623461768;1546;169;2305;2328;10.19;0.62;202.69;3.15;759;10;749.00;23
1550;10;623461786;1550;165;2307;2328;10.37;0.63;202.78;3.17;757;10;750.00;21
1551;10;623461807;1551;163;2309;2329;10.53;0.64;202.77;3.18;758;10;751.00;20
1553;10;623461830;1553;157;2310;2329;10.65;0.65;202.97;3.19;757;10;752.00;19
1555;10;623461855;1555;152;2310;2329;10.78;0.66;203.19;3.19;755;10;753.00;19
1559;10;623461872;1559;150;2310;2329;10.89;0.66;203.50;3.19;751;10;754.00;19
1563;10;623461890;1563;150;2312;2329;10.94;0.67;203.69;3.22;749;10;755.00;17
1568;10;623461903;1568;152;2322;2341;10.99;0.67;204.05;3.22;754;10;756.00;19
1569;10;623461915;1569;155;2322;2341;11.11;0.68;204.05;3.22;753;10;757.00;19
1570;10;623461927;1570;152;2325;2341;11.23;0.68;204.15;3.25;755;10;758.00;16
1572;10;623461938;1572;148;2325;2341;11.33;0.69;204.19;3.25;753;10;759.00;16
1575;10;623461951;1575;146;2327;2341;11.44;0.70;204.37;3.26;752;10;760.00;14
1576;10;623461962;1576;147;2328;2341;11.53;0.70;204.53;3.26;752;10;761.00;13
1580;10;623461975;1580;147;2333;2345;11.50;0.70;204.64;3.26;753;10;762.00;12
1586;10;623461993;1586;149;2334;2345;11.52;0.70;204.96;3.28;748;10;763.00;11
1587;10;623462004;1587;149;2338;2349;11.60;0.71;205.06;3.28;751;10;764.00;11
1589;10;623462015;1589;146;2341;2351;11.69;0.71;205.18;3.27;752;10;765.00;10
1594;10;623462026;1594;150;2341;2351;11.67;0.71;205.18;3.27;747;10;766.00;10
1596;10;623462038;1596;155;2341;2351;11.75;0.72;205.34;3.27;745;10;767.00;10
1597;10;623462048;1597;157;2352;2364;11.73;0.72;205.30;3.26;755;10;768.00;12
1601;10;623462059;1601;157;2352;2364;11.69;0.72;205.43;3.26;751;10;769.00;12
1603;10;623462070;1603;161;2352;2364;11.76;0.72;205.37;3.26;749;10;770.00;12
1606;10;623462080;1606;162;2353;2365;11.77;0.72;205.80;3.26;747;10;771.00;12
1609;10;623462090;1609;161;2354;2366;11.78;0.72;205.91;3.26;745;10;772.00;12
1609;10;623462102;1609;170;2354;2366;11.83;0.72;205.91;3.26;745;10;773.00;12
1613;10;623462113;1613;168;2357;2369;11.80;0.72;205.97;3.28;744;10;774.00;12
1619;10;623462123;1619;172;2357;2369;11.70;0.71;206.06;3.28;738;10;775.00;12
1625;10;623462134;1625;173;2358;2369;11.70;0.71;206.10;3.28;733;10;776.00;11
1630;10;623462145;1630;172;2358;2369;11.66;0.71;206.39;3.28;728;10;777.00;11
1635;10;623462155;1635;174;2363;2375;11.57;0.71;206.62;3.27;728;10;778.00;12
1636;10;623462166;1636;173;2363;2375;11.54;0.71;206.75;3.27;727;10;779.00;12
1638;10;623462178;1638;172;2363;2375;11.49;0.70;206.99;3.27;725;10;780.00;12
1641;10;623462188;1641;176;2363;2375;11.39;0.70;207.08;3.27;722;10;781.00;12
1648;10;623462197;1648;168;2366;2379;11.23;0.68;207.33;3.27;718;10;782.00;13
1652;10;623462208;1652;165;2367;2380;11.21;0.68;207.44;3.27;715;10;783.00;13
1655;10;623462224;1655;167;2367;2380;11.13;0.68;207.69;3.27;712;10;784.00;13
1658;10;623462234;1658;158;2369;2381;11.13;0.68;207.48;3.27;711;10;785.00;12
1660;10;623462243;1660;154;2370;2381;11.12;0.68;207.48;3.27;710;10;786.00;11
1664;10;623462255;1664;154;2370;2381;11.17;0.68;207.55;3.27;706;10;787.00;11
1666;10;623462266;1666;153;2370;2381;11.19;0.68;207.75;3.27;704;10;788.00;11
1669;10;623462275;1669;151;2370;2381;11.20;0.68;207.77;3.27;701;10;789.00;11
1671;10;623462285;1671;150;2370;2381;11.22;0.68;207.71;3.27;699;10;790.00;11
1673;10;623462294;1673;148;2370;2381;11.22;0.68;207.80;3.27;697;10;791.00;11
1678;10;623462310;1678;155;2403;2451;11.23;0.68;207.90;3.22;725;10;792.00;48
1680;10;623462326;1680;152;2403;2452;11.21;0.68;207.90;3.22;723;10;793.00;49
1686;10;623462335;1686;155;2411;2452;11.21;0.68;207.86;3.22;725;10;794.00;41
1687;10;623462346;1687;160;2414;2452;11.21;0.68;207.80;3.22;727;10;795.00;38
1688;10;623462355;1688;157;2416;2452;11.14;0.68;207.76;3.22;728;10;796.00;36
1692;10;623462364;1692;164;2420;2452;11.03;0.67;207.75;3.25;728;10;797.00;32
1695;10;623462374;1695;169;2424;2452;11.00;0.67;207.75;3.26;729;10;798.00;28
1695;10;623462384;1695;175;2426;2452;11.00;0.67;207.75;3.26;731;10;799.00;26
1696;11;623462394;1696;175;2430;2453;10.90;0.66;207.68;3.30;734;11;800.00;23
1696;11;623462426;1696;180;2433;2454;10.82;0.66;207.68;3.30;737;11;801.00;21
1697;11;623462436;1697;185;2438;2454;10.69;0.65;207.67;3.34;741;11;802.00;16
1698;11;623462445;1698;188;2442;2458;10.60;0.65;207.60;3.35;744;11;803.00;16
1701;11;623462455;1701;188;2444;2458;10.47;0.64;207.55;3.38;743;11;804.00;14
1704;11;623462464;1704;191;2444;2458;10.33;0.63;207.46;3.38;740;11;805.00;14
1707;11;623462475;1707;199;2445;2458;10.11;0.62;207.48;3.41;738;11;806.00;13
1707;11;623462484;1707;208;2450;2464;10.07;0.61;207.48;3.41;743;11;807.00;14
1712;11;623462494;1712;214;2451;2464;9.92;0.60;207.39;3.44;739;11;808.00;13
1715;11;623462504;1715;217;2452;2464;9.84;0.60;207.16;3.45;737;11;809.00;12
1715;11;623462515;1715;226;2458;2470;9.80;0.60;207.16;3.48;743;11;810.00;12
1719;11;623462525;1719;229;2460;2470;9.69;0.59;206.95;3.52;741;11;811.00;10
1721;11;623462534;1721;235;2465;2470;9.51;0.58;206.78;3.58;744;11;812.00;5
1723;11;623462543;1723;244;2465;2471;9.33;0.57;206.68;3.58;742;11;813.00;6
1724;11;623462553;1724;249;2467;2472;9.23;0.56;206.57;3.59;743;11;814.00;5
1725;11;623462561;1725;256;2469;2472;9.09;0.56;206.46;3.61;744;11;815.00;3
1728;11;623462570;1728;265;2479;2485;8.96;0.55;206.41;3.60;751;11;816.00;6
1730;11;623462579;1730;273;2481;2485;8.80;0.54;206.47;3.61;751;11;817.00;4
1732;11;623462587;1732;282;2482;2485;8.69;0.53;206.48;3.61;750;11;818.00;3
1732;11;623462596;1732;288;2486;2486;8.59;0.53;206.48;3.61;754;11;819.00;0
1735;11;623462604;1735;291;2486;2486;8.50;0.52;206.32;3.61;751;11;820.00;0
1735;11;623462613;1735;296;2490;2490;8.49;0.52;206.32;3.60;755;11;821.00;0
1736;11;623462621;1736;300;2490;2490;8.44;0.52;206.31;3.60;754;11;822.00;0
1737;11;623462630;1737;307;2494;2494;8.36;0.51;206.33;3.60;757;11;823.00;0
1742;11;623462639;1742;315;2494;2494;8.22;0.50;206.03;3.60;752;11;824.00;0
1747;11;623462647;1747;323;2494;2494;8.08;0.50;205.83;3.60;747;11;825.00;0
1749;11;623462656;1749;330;2494;2494;7.92;0.49;205.75;3.60;745;11;826.00;0
1752;11;623462663;1752;323;2494;2494;7.80;0.48;205.69;3.60;742;11;827.00;0
1753;11;623462672;1753;319;2504;2506;7.77;0.48;205.67;3.58;751;11;828.00;2
1753;11;623462680;1753;309;2505;2506;7.75;0.48;205.67;3.58;752;11;829.00;1
1754;11;623462690;1754;300;2506;2506;7.82;0.48;205.77;3.58;752;11;830.00;0
1756;11;623462698;1756;295;2506;2506;7.85;0.48;205.80;3.58;750;11;831.00;0
1758;11;623462712;1758;289;2506;2506;7.87;0.48;205.73;3.58;748;11;832.00;0
1759;11;623462727;1759;284;2506;2506;7.94;0.49;205.62;3.58;747;11;833.00;0
1761;11;623462736;1761;278;2507;2507;8.03;0.49;205.61;3.58;746;11;834.00;0
1761;11;623462745;1761;274;2507;2507;8.10;0.50;205.61;3.58;746;11;835.00;0
1763;11;623462754;1763;276;2513;2513;8.21;0.50;205.51;3.57;750;11;836.00;0
1764;11;623462770;1764;274;2514;2514;8.27;0.51;205.46;3.57;750;11;837.00;0
1765;12;623462781;1765;270;2514;2514;8.29;0.51;205.40;3.57;749;12;838.00;0
1768;12;623462796;1768;273;2514;2514;8.25;0.51;205.31;3.57;746;12;839.00;0
1772;12;623462812;1772;271;2519;2519;8.24;0.50;205.19;3.57;747;12;840.00;0
1772;12;623462821;1772;270;2519;2519;8.02;0.49;205.19;3.57;747;12;841.00;0
1774;12;623462835;1774;272;2519;2519;7.96;0.49;205.13;3.57;745;12;842.00;0
1774;12;623462844;1774;271;2520;2520;7.87;0.48;205.13;3.56;746;12;843.00;0
1782;12;623462851;1782;265;2524;2524;7.72;0.47;205.24;3.56;742;12;844.00;0
1783;12;623462861;1783;261;2524;2524;7.66;0.47;205.36;3.56;741;12;845.00;0
1784;12;623462869;1784;262;2526;2527;7.64;0.47;205.43;3.56;742;12;846.00;1
1789;12;623462877;1789;263;2527;2527;7.60;0.47;205.82;3.56;738;12;847.00;0
1792;12;623462886;1792;260;2527;2527;7.58;0.47;206.02;3.56;735;12;848.00;0
1796;12;623462893;1796;262;2527;2527;7.55;0.46;206.02;3.56;731;12;849.00;0
1801;12;623462901;1801;250;2531;2531;7.68;0.47;206.00;3.55;730;12;850.00;0
1803;12;623462910;1803;247;2531;2531;7.75;0.48;206.08;3.55;728;12;851.00;0
1808;12;623462919;1808;234;2531;2531;7.78;0.48;206.39;3.55;723;12;852.00;0
1812;12;623462927;1812;228;2531;2531;7.83;0.48;206.73;3.55;719;12;853.00;0
1815;12;623462935;1815;221;2532;2532;7.86;0.48;206.87;3.55;717;12;854.00;0
1817;12;623462943;1817;217;2534;2534;7.83;0.48;207.09;3.55;717;12;855.00;0
1822;12;623462952;1822;214;2534;2534;7.88;0.48;207.03;3.55;712;12;856.00;0
1825;12;623462960;1825;211;2535;2535;8.04;0.49;207.31;3.55;710;12;857.00;0
1830;12;623462969;1830;200;2535;2535;8.15;0.50;207.44;3.55;705;12;858.00;0
1832;12;623462978;1832;196;2535;2535;8.28;0.51;207.69;3.55;703;12;859.00;0
1836;12;623462986;1836;189;2535;2535;8.38;0.51;207.80;3.55;699;12;860.00;0
1838;12;623462995;1838;187;2535;2535;8.46;0.52;207.69;3.55;697;12;861.00;0
1841;12;623463004;1841;183;2535;2535;8.56;0.52;207.82;3.55;694;12;862.00;0
1846;12;623463012;1846;176;2535;2535;8.67;0.53;208.16;3.55;689;12;863.00;0
1851;12;623463021;1851;183;2615;2662;8.99;0.56;208.29;3.44;764;12;864.00;47
1855;12;623463040;1855;183;2619;2663;8.98;0.55;208.38;3.44;764;12;865.00;44
1860;12;623463049;1860;182;2627;2663;8.99;0.55;208.75;3.43;767;12;866.00;36
1864;12;623463058;1864;178;2630;2663;8.98;0.55;208.52;3.43;766;12;867.00;33
1866;12;623463067;1866;180;2635;2663;8.86;0.55;208.77;3.43;769;12;868.00;28
1870;12;623463076;1870;182;2636;2663;8.72;0.54;208.80;3.43;766;12;869.00;27
1875;12;623463087;1875;189;2638;2663;8.54;0.53;208.65;3.44;763;12;870.00;25
1876;12;623463097;1876;194;2640;2663;8.43;0.52;208.62;3.44;764;12;871.00;23
1882;12;623463106;1882;198;2643;2664;8.34;0.51;208.47;3.44;761;12;872.00;21
1885;12;623463116;1885;197;2646;2665;8.26;0.51;208.56;3.45;761;12;873.00;19
1888;12;623463126;1888;191;2648;2665;8.29;0.51;208.63;3.45;760;12;874.00;17
1891;12;623463136;1891;202;2650;2666;8.33;0.51;208.70;3.46;759;12;875.00;16
1895;12;623463146;1895;207;2655;2666;8.32;0.51;208.92;3.47;760;12;876.00;11
1896;12;623463156;1896;209;2658;2666;8.42;0.52;208.92;3.48;762;12;877.00;8
1900;13;623463165;1900;213;2659;2666;8.51;0.52;209.21;3.49;759;13;878.00;7
1904;13;623463186;1904;220;2664;2670;8.54;0.52;209.23;3.49;760;13;879.00;6
1906;13;623463196;1906;221;2665;2670;8.59;0.53;209.40;3.49;759;13;880.00;5
1910;13;623463206;1910;217;2666;2670;8.57;0.53;209.48;3.50;756;13;881.00;4
1916;13;623463221;1916;223;2668;2673;8.62;0.53;209.41;3.49;752;13;882.00;5
1920;13;623463232;1920;223;2669;2673;8.64;0.53;209.40;3.50;749;13;883.00;4
1923;13;623463242;1923;219;2671;2673;8.70;0.53;209.34;3.51;748;13;884.00;2
1927;13;623463252;1927;215;2676;2677;8.70;0.53;209.43;3.51;749;13;885.00;1
1929;13;623463262;1929;222;2677;2678;8.77;0.53;209.57;3.51;748;13;886.00;1
1933;13;623463272;1933;218;2678;2678;8.82;0.54;209.63;3.51;745;13;887.00;0
1936;13;623463282;1936;221;2682;2682;8.85;0.54;209.92;3.50;746;13;888.00;0
1939;13;623463292;1939;222;2682;2682;8.84;0.54;210.21;3.50;743;13;889.00;0
1942;13;623463302;1942;222;2682;2682;8.86;0.54;210.31;3.50;740;13;890.00;0
1950;13;623463312;1950;225;2683;2683;8.87;0.54;210.46;3.50;733;13;891.00;0
1953;13;623463322;1953;219;2683;2683;8.86;0.54;210.47;3.50;730;13;892.00;0
1955;13;623463332;1955;226;2689;2689;8.92;0.55;210.48;3.50;734;13;893.00;0
1959;13;623463343;1959;223;2689;2689;8.94;0.55;210.64;3.50;730;13;894.00;0
1964;13;623463353;1964;220;2690;2690;8.95;0.55;210.77;3.50;726;13;895.00;0
1965;13;623463362;1965;223;2690;2690;8.99;0.55;210.83;3.50;725;13;896.00;0
1967;13;623463372;1967;211;2690;2690;9.06;0.55;210.87;3.50;723;13;897.00;0
1970;13;623463382;1970;203;2690;2690;9.15;0.56;210.95;3.50;720;13;898.00;0
1974;14;623463393;1974;201;2690;2690;9.19;0.56;211.28;3.50;716;14;899.00;0
1978;14;623463417;1978;199;2721;2736;9.18;0.56;211.34;3.46;743;14;900.00;15
1981;14;623463461;1981;191;2721;2736;9.24;0.57;211.46;3.46;740;14;901.00;15
1984;14;623463487;1984;187;2725;2736;9.31;0.57;211.45;3.45;741;14;902.00;11
1985;14;623463508;1985;176;2725;2736;9.42;0.58;211.54;3.45;740;14;903.00;11
1989;14;623463520;1989;182;2727;2736;9.47;0.58;211.57;3.46;738;14;904.00;9
1990;14;623463532;1990;177;2727;2736;9.52;0.59;211.73;3.46;737;14;905.00;9
1993;14;623463549;1993;166;2732;2740;9.54;0.59;211.80;3.45;739;14;906.00;8
1995;14;623463562;1995;150;2733;2740;9.56;0.59;212.00;3.45;738;14;907.00;7
1999;14;623463575;1999;138;2737;2744;9.62;0.59;212.12;3.45;738;14;908.00;7
2002;14;623463588;2002;135;2738;2745;9.70;0.60;212.18;3.45;736;14;909.00;7
2008;14;623463600;2008;130;2738;2745;9.77;0.60;212.28;3.45;730;14;910.00;7
2010;14;623463612;2010;128;2738;2745;9.92;0.61;212.29;3.45;728;14;911.00;7
2016;14;623463626;2016;129;2751;2758;10.06;0.62;212.53;3.44;735;14;912.00;7
2018;14;623463643;2018;128;2752;2758;10.18;0.62;212.65;3.44;734;14;913.00;6
2024;14;623463655;2024;126;2752;2758;10.19;0.62;212.64;3.44;728;14;914.00;6
2026;14;623463669;2026;127;2753;2759;10.33;0.63;212.78;3.44;727;14;915.00;6
2029;14;623463683;2029;121;2754;2760;10.42;0.63;212.84;3.44;725;14;916.00;6
2030;14;623463697;2030;122;2754;2760;10.38;0.63;212.90;3.44;724;14;917.00;6
2035;14;623463708;2035;124;2757;2763;10.27;0.62;213.12;3.44;722;14;918.00;6
2039;14;623463722;2039;125;2758;2763;10.21;0.62;213.14;3.45;719;14;919.00;5
2039;14;623463736;2039;125;2759;2763;10.19;0.62;213.14;3.45;720;14;920.00;4
2042;14;623463747;2042;125;2759;2763;10.25;0.62;213.26;3.45;717;14;921.00;4
2043;14;623463758;2043;125;2764;2769;10.30;0.63;213.36;3.44;721;14;922.00;5
2045;14;623463770;2045;124;2765;2769;10.42;0.63;213.42;3.45;720;14;923.00;4
2047;14;623463791;2047;121;2765;2769;10.46;0.64;213.70;3.45;718;14;924.00;4
2049;14;623463810;2049;125;2767;2769;10.49;0.64;213.72;3.46;718;14;925.00;2
2052;14;623463828;2052;124;2773;2773;10.49;0.64;213.91;3.47;721;14;926.00;0
2056;14;623463847;2056;122;2774;2774;10.56;0.64;213.72;3.46;718;14;927.00;0
2060;14;623463867;2060;124;2774;2774;10.58;0.64;213.88;3.46;714;14;928.00;0
2063;14;623463887;2063;127;2775;2775;10.70;0.65;213.95;3.46;712;14;929.00;0
2063;14;623463903;2063;133;2775;2775;10.71;0.65;213.95;3.46;712;14;930.00;0
2064;14;623463916;2064;134;2775;2775;10.73;0.65;213.94;3.46;711;14;931.00;0
2067;14;623463926;2067;136;2775;2775;10.67;0.65;213.95;3.46;708;14;932.00;0
2067;14;623463938;2067;139;2775;2775;10.72;0.65;213.95;3.46;708;14;933.00;0
2068;14;623463950;2068;148;2775;2775;10.76;0.65;213.90;3.46;707;14;934.00;0
2074;14;623463961;2074;153;2775;2775;10.81;0.65;214.00;3.46;701;14;935.00;0
2076;14;623463975;2076;160;2814;2845;10.63;0.64;213.99;3.42;738;14;936.00;31
2078;14;623463996;2078;160;2815;2846;10.67;0.65;214.06;3.41;737;14;937.00;31
2082;14;623464018;2082;156;2820;2846;10.75;0.65;214.13;3.41;738;14;938.00;26
2082;14;623464033;2082;157;2822;2846;10.76;0.65;214.13;3.41;740;14;939.00;24
2085;14;623464044;2085;161;2827;2846;10.73;0.65;214.24;3.41;742;14;940.00;19
2087;14;623464055;2087;164;2830;2846;10.74;0.65;214.41;3.41;743;14;941.00;16
2090;14;623464067;2090;169;2832;2846;10.80;0.66;214.36;3.42;742;14;942.00;14
2095;14;623464079;2095;176;2834;2846;10.85;0.66;214.83;3.42;739;14;943.00;12
2099;14;623464094;2099;173;2835;2847;10.89;0.66;214.80;3.42;736;14;944.00;12
2100;14;623464105;2100;172;2839;2849;10.91;0.66;214.93;3.43;739;14;945.00;10
2108;14;623464118;2108;176;2841;2849;10.80;0.66;215.14;3.43;733;14;946.00;8
2111;14;623464132;2111;182;2847;2853;10.66;0.65;215.09;3.43;736;14;947.00;6
2112;14;623464144;2112;186;2848;2853;10.62;0.65;215.04;3.43;736;14;948.00;5
2114;14;623464164;2114;186;2848;2853;10.54;0.64;215.00;3.43;734;14;949.00;5
2118;14;623464177;2118;185;2848;2853;10.45;0.64;215.01;3.43;730;14;950.00;5
2123;14;623464188;2123;186;2852;2859;10.47;0.64;214.97;3.43;729;14;951.00;7
2125;14;623464202;2125;182;2852;2859;10.40;0.64;215.08;3.43;727;14;952.00;7
2128;14;623464214;2128;183;2852;2859;10.27;0.63;214.99;3.43;724;14;953.00;7
2130;14;623464225;2130;185;2854;2862;10.20;0.62;214.95;3.42;724;14;954.00;8
2133;14;623464239;2133;187;2857;2862;10.06;0.62;214.83;3.43;724;14;955.00;5
2135;14;623464251;2135;189;2858;2862;10.05;0.61;214.72;3.43;723;14;956.00;4
2141;14;623464263;2141;186;2859;2863;9.94;0.61;214.61;3.43;718;14;957.00;4
2143;14;623464274;2143;194;2860;2864;9.88;0.60;214.47;3.43;717;14;958.00;4
2148;14;623464285;2148;196;2860;2864;9.80;0.60;214.32;3.43;712;14;959.00;4
2150;14;623464299;2150;208;2876;2890;9.70;0.59;214.21;3.41;726;14;960.00;14
2155;14;623464314;2155;206;2877;2890;9.62;0.59;214.05;3.41;722;14;961.00;13
2160;14;623464324;2160;207;2879;2890;9.61;0.59;213.84;3.41;719;14;962.00;11
2162;14;623464339;2162;209;2883;2891;9.60;0.59;213.70;3.42;721;14;963.00;8
2165;14;623464354;2165;216;2883;2891;9.61;0.59;213.58;3.42;718;14;964.00;8
2166;14;623464369;2166;211;2886;2895;9.66;0.59;213.49;3.42;720;14;965.00;9
2167;14;623464381;2167;215;2887;2895;9.65;0.59;213.41;3.42;720;14;966.00;8
2169;14;623464394;2169;224;2890;2899;9.63;0.59;213.43;3.41;721;14;967.00;9
2170;14;623464405;2170;219;2890;2899;9.64;0.59;213.45;3.41;720;14;968.00;9
2172;14;623464415;2172;222;2891;2899;9.60;0.58;213.37;3.42;719;14;969.00;8
2174;14;623464426;2174;229;2891;2899;9.56;0.58;213.37;3.42;717;14;970.00;8
2177;14;623464436;2177;235;2893;2899;9.47;0.57;213.45;3.44;716;14;971.00;6
2180;14;623464447;2180;235;2903;2911;9.40;0.57;213.50;3.43;723;14;972.00;8
2183;14;623464459;2183;242;2907;2911;9.23;0.56;213.29;3.44;724;14;973.00;4
2183;14;623464472;2183;247;2907;2911;9.17;0.56;213.29;3.44;724;14;974.00;4
2184;14;623464483;2184;247;2907;2911;9.07;0.55;213.27;3.44;723;14;975.00;4
2185;14;623464494;2185;253;2907;2911;9.04;0.55;213.29;3.44;722;14;976.00;4
2186;14;623464506;2186;258;2907;2911;9.03;0.55;213.22;3.44;721;14;977.00;4
2188;14;623464517;2188;259;2907;2912;8.94;0.55;213.22;3.44;719;14;978.00;5
2188;14;623464528;2188;252;2908;2912;8.89;0.54;213.22;3.44;720;14;979.00;4
2189;14;623464540;2189;245;2914;2918;8.91;0.54;213.20;3.44;725;14;980.00;4
2189;14;623464552;2189;242;2915;2919;8.90;0.54;213.20;3.44;726;14;981.00;4
2191;14;623464564;2191;242;2916;2919;8.87;0.54;213.18;3.44;725;14;982.00;3
2193;14;623464575;2193;242;2916;2919;8.88;0.54;213.19;3.44;723;14;983.00;3
2196;14;623464585;2196;242;2919;2923;8.86;0.54;212.96;3.44;723;14;984.00;4
2197;14;623464599;2197;240;2921;2923;8.83;0.54;212.98;3.45;724;14;985.00;2
2198;14;623464620;2198;242;2921;2923;8.74;0.53;212.90;3.45;723;14;986.00;2
2201;14;623464632;2201;249;2924;2924;8.69;0.53;212.88;3.45;723;14;987.00;0
2203;14;623464644;2203;254;2927;2928;8.61;0.53;212.82;3.45;724;14;988.00;1
2204;14;623464666;2204;256;2928;2928;8.55;0.52;212.84;3.45;724;14;989.00;0
2205;15;623464678;2205;265;2932;2934;8.61;0.53;212.84;3.44;727;15;990.00;2
2206;15;623464707;2206;260;2933;2934;8.61;0.53;212.91;3.44;727;15;991.00;1
2206;15;623464720;2206;262;2934;2934;8.67;0.53;212.91;3.44;728;15;992.00;0
2208;15;623464732;2208;260;2934;2934;8.65;0.53;212.90;3.44;726;15;993.00;0
2209;15;623464743;2209;261;2938;2938;8.67;0.53;212.93;3.44;729;15;994.00;0
2211;15;623464755;2211;257;2938;2938;8.63;0.53;212.95;3.44;727;15;995.00;0
2212;15;623464767;2212;255;2938;2938;8.61;0.53;212.95;3.44;726;15;996.00;0
2213;15;623464778;2213;258;2938;2938;8.53;0.53;212.94;3.44;725;15;997.00;0
2218;15;623464788;2218;262;2939;2939;8.42;0.52;212.81;3.44;721;15;998.00;0
2220;15;623464806;2220;262;2940;2940;8.34;0.51;212.80;3.43;720;15;999.00;0
2222;15;623464825;2222;260;2940;2940;8.24;0.50;212.92;3.43;718;15;1000.00;0
2224;15;623464844;2224;259;2941;2941;8.20;0.50;212.88;3.43;717;15;1001.00;0
2225;15;623464854;2225;257;2941;2941;8.20;0.50;212.85;3.43;716;15;1002.00;0
2229;15;623464867;2229;252;2941;2941;8.15;0.50;213.00;3.43;712;15;1003.00;0
2233;15;623464877;2233;248;2941;2941;8.07;0.49;212.94;3.43;708;15;1004.00;0
2233;15;623464887;2233;244;2941;2941;8.09;0.49;212.94;3.43;708;15;1005.00;0
2236;15;623464896;2236;244;2941;2941;8.12;0.50;213.25;3.43;705;15;1006.00;0
2238;15;623464906;2238;245;2941;2941;8.09;0.49;213.37;3.43;703;15;1007.00;0
2240;15;623464916;2240;262;3011;3068;8.16;0.51;213.37;3.36;771;15;1008.00;57
2241;15;623464936;2241;258;3014;3069;8.14;0.50;213.47;3.35;773;15;1009.00;55
2246;15;623464946;2246;252;3024;3069;8.20;0.51;213.52;3.35;778;15;1010.00;45
2247;15;623464956;2247;249;3031;3069;8.19;0.51;213.68;3.35;784;15;1011.00;38
2251;15;623464966;2251;245;3038;3069;8.14;0.50;213.68;3.35;787;15;1012.00;31
2252;15;623464977;2252;249;3042;3069;8.02;0.50;213.68;3.35;790;15;1013.00;27
2256;15;623464986;2256;247;3045;3069;7.93;0.49;213.51;3.35;789;15;1014.00;24
2260;15;623464997;2260;250;3047;3069;7.88;0.48;213.70;3.36;787;15;1015.00;22
2262;15;623465006;2262;247;3050;3070;7.92;0.49;213.91;3.36;788;15;1016.00;20
2265;15;623465020;2265;256;3051;3071;7.97;0.49;214.05;3.36;786;15;1017.00;20
2270;15;623465030;2270;259;3052;3071;7.96;0.49;214.36;3.36;782;15;1018.00;19
2275;15;623465047;2275;259;3056;3072;7.90;0.49;214.41;3.37;781;15;1019.00;16
2279;15;623465059;2279;257;3056;3072;7.77;0.48;214.45;3.37;777;15;1020.00;16
2281;15;623465068;2281;253;3060;3072;7.70;0.47;214.56;3.38;779;15;1021.00;12
2284;15;623465079;2284;250;3064;3072;7.59;0.47;214.70;3.40;780;15;1022.00;8
2286;15;623465089;2286;239;3069;3076;7.66;0.47;214.89;3.40;783;15;1023.00;7
2290;15;623465101;2290;235;3070;3076;7.63;0.47;215.12;3.40;780;15;1024.00;6
2293;15;623465112;2293;235;3070;3076;7.60;0.47;215.36;3.40;777;15;1025.00;6
2296;15;623465122;2296;240;3072;3079;7.65;0.47;215.47;3.40;776;15;1026.00;7
2300;15;623465133;2300;233;3073;3079;7.76;0.48;215.59;3.40;773;15;1027.00;6
2302;15;623465143;2302;228;3073;3079;7.87;0.48;215.78;3.40;771;15;1028.00;6
2306;15;623465153;2306;224;3077;3083;7.95;0.49;216.01;3.40;771;15;1029.00;6
2308;15;623465165;2308;223;3080;3084;8.11;0.50;216.09;3.41;772;15;1030.00;4
2314;15;623465176;2314;220;3081;3084;8.24;0.51;216.54;3.42;767;15;1031.00;3
2317;15;623465197;2317;215;3087;3088;8.37;0.51;216.40;3.42;770;15;1032.00;1
2321;15;623465209;2321;218;3087;3088;8.44;0.52;216.44;3.42;766;15;1033.00;1
2329;15;623465225;2329;203;3088;3088;8.42;0.52;216.94;3.43;759;15;1034.00;0
2332;15;623465240;2332;205;3090;3090;8.46;0.52;216.98;3.42;758;15;1035.00;0
2338;15;623465252;2338;198;3090;3090;8.51;0.52;217.40;3.42;752;15;1036.00;0
2341;15;623465263;2341;198;3096;3096;8.62;0.53;217.53;3.42;755;15;1037.00;0
2345;15;623465276;2345;201;3096;3096;8.62;0.53;217.69;3.42;751;15;1038.00;0
2352;15;623465288;2352;198;3097;3097;8.65;0.53;218.06;3.42;745;15;1039.00;0
2356;15;623465299;2356;204;3097;3097;8.69;0.53;218.28;3.42;741;15;1040.00;0
2357;15;623465310;2357;206;3097;3097;8.73;0.53;218.34;3.42;740;15;1041.00;0
2361;15;623465321;2361;202;3097;3097;8.68;0.53;218.32;3.42;736;15;1042.00;0
2363;15;623465331;2363;202;3097;3097;8.65;0.53;218.35;3.42;734;15;1043.00;0
2366;15;623465343;2366;205;3108;3109;8.69;0.53;218.54;3.41;742;15;1044.00;1
2371;15;623465356;2371;201;3108;3109;8.58;0.52;218.70;3.41;737;15;1045.00;1
2375;15;623465369;2375;193;3109;3109;8.63;0.53;219.03;3.40;734;15;1046.00;0
2381;15;623465380;2381;197;3109;3109;8.57;0.52;218.90;3.40;728;15;1047.00;0
2385;15;623465392;2385;192;3109;3109;8.56;0.52;218.97;3.40;724;15;1048.00;0
2390;15;623465403;2390;196;3109;3109;8.54;0.52;219.01;3.40;719;15;1049.00;0
2391;15;623465416;2391;201;3115;3115;8.54;0.52;219.10;3.40;724;15;1050.00;0
2393;15;623465428;2393;200;3115;3115;8.59;0.52;219.17;3.40;722;15;1051.00;0
2398;15;623465441;2398;203;3119;3119;8.60;0.52;219.31;3.40;721;15;1052.00;0
2402;15;623465454;2402;196;3120;3120;8.55;0.52;219.43;3.40;718;15;1053.00;0
2408;15;623465465;2408;199;3120;3120;8.57;0.52;219.31;3.40;712;15;1054.00;0
2414;15;623465475;2414;197;3120;3120;8.55;0.52;219.34;3.40;706;15;1055.00;0
2416;15;623465486;2416;199;3133;3133;8.59;0.52;219.34;3.38;717;15;1056.00;0
2418;15;623465499;2418;200;3133;3133;8.59;0.52;219.33;3.38;715;15;1057.00;0
2420;15;623465510;2420;194;3133;3133;8.64;0.53;219.32;3.38;713;15;1058.00;0
2423;15;623465520;2423;193;3134;3134;8.73;0.53;219.27;3.38;711;15;1059.00;0
2427;15;623465534;2427;188;3135;3135;8.73;0.53;219.22;3.38;708;15;1060.00;0
2430;15;623465545;2430;184;3135;3135;8.76;0.54;219.26;3.38;705;15;1061.00;0
2433;15;623465555;2433;182;3137;3138;8.82;0.54;219.28;3.38;704;15;1062.00;1
2437;15;623465566;2437;192;3137;3138;8.77;0.54;219.40;3.38;700;15;1063.00;1
2438;15;623465578;2438;187;3138;3138;8.78;0.54;219.46;3.38;700;15;1064.00;0
2441;15;623465589;2441;187;3138;3138;8.70;0.53;219.61;3.38;697;15;1065.00;0
2443;15;623465600;2443;187;3144;3144;8.68;0.53;219.64;3.37;701;15;1066.00;0
2446;15;623465611;2446;175;3144;3144;8.63;0.53;219.74;3.37;698;15;1067.00;0
2450;15;623465622;2450;170;3144;3144;8.64;0.53;219.93;3.37;694;15;1068.00;0
2451;15;623465634;2451;173;3144;3144;8.69;0.53;220.06;3.37;693;15;1069.00;0
2455;15;623465644;2455;171;3148;3148;8.63;0.53;220.13;3.37;693;15;1070.00;0
2456;15;623465654;2456;173;3149;3149;8.69;0.53;220.10;3.37;693;15;1071.00;0
2459;15;623465666;2459;176;3149;3149;8.72;0.53;220.19;3.37;690;15;1072.00;0
2461;15;623465676;2461;176;3150;3150;8.77;0.54;220.29;3.37;689;15;1073.00;0
2464;15;623465694;2464;179;3150;3150;8.78;0.54;220.26;3.37;686;15;1074.00;0
2467;15;623465705;2467;176;3150;3150;8.83;0.54;220.32;3.37;683;15;1075.00;0
2468;15;623465716;2468;166;3150;3150;8.95;0.55;220.39;3.37;682;15;1076.00;0
2471;15;623465726;2471;160;3150;3150;9.09;0.55;220.34;3.37;679;15;1077.00;0
2474;15;623465737;2474;151;3150;3150;9.15;0.56;220.45;3.37;676;15;1078.00;0
2478;15;623465747;2478;149;3150;3150;9.23;0.56;220.52;3.37;672;15;1079.00;0
2481;15;623465759;2481;174;3231;3275;9.15;0.56;220.60;3.28;750;15;1080.00;44
2484;15;623465792;2484;163;3235;3276;9.22;0.57;220.62;3.28;751;15;1081.00;41
2486;15;623465814;2486;151;3240;3276;9.42;0.58;220.64;3.28;754;15;1082.00;36
2488;15;623465832;2488;148;3243;3276;9.54;0.59;220.75;3.28;755;15;1083.00;33
2489;15;623465847;2489;149;3248;3276;9.67;0.59;220.84;3.28;759;15;1084.00;28
2494;15;623465862;2494;143;3250;3276;9.66;0.59;221.11;3.28;756;15;1085.00;26
2494;15;623465880;2494;145;3255;3276;9.74;0.60;221.11;3.28;761;15;1086.00;21
2497;15;623465895;2497;148;3257;3276;9.84;0.60;221.21;3.29;760;15;1087.00;19
2501;15;623465910;2501;152;3260;3277;9.88;0.60;221.43;3.29;759;15;1088.00;17
2501;15;623465928;2501;159;3263;3278;9.90;0.60;221.43;3.30;762;15;1089.00;15
2505;15;623465941;2505;154;3266;3278;9.84;0.60;221.53;3.30;761;15;1090.00;12
2508;15;623465953;2508;155;3273;3282;9.76;0.59;221.79;3.30;765;15;1091.00;9
2510;15;623465968;2510;164;3273;3282;9.66;0.59;221.83;3.30;763;15;1092.00;9
2513;15;623465982;2513;171;3276;3282;9.63;0.59;221.88;3.31;763;15;1093.00;6
2516;15;623465997;2516;174;3276;3282;9.67;0.59;221.94;3.31;760;15;1094.00;6
2518;15;623466009;2518;180;3282;3288;9.62;0.59;221.90;3.31;764;15;1095.00;6
2521;15;623466031;2521;184;3282;3288;9.59;0.58;221.96;3.31;761;15;1096.00;6
2524;15;623466046;2524;190;3282;3288;9.55;0.58;221.90;3.31;758;15;1097.00;6
2525;15;623466061;2525;188;3284;3291;9.50;0.58;221.93;3.30;759;15;1098.00;7
2528;15;623466081;2528;197;3284;3291;9.49;0.58;221.94;3.30;756;15;1099.00;7
2530;15;623466097;2530;201;3285;3291;9.46;0.58;221.93;3.30;755;15;1100.00;6
2533;15;623466118;2533;201;3286;3292;9.45;0.58;222.03;3.30;753;15;1101.00;6
2535;15;623466131;2535;196;3287;3293;9.44;0.57;221.99;3.30;752;15;1102.00;6
2537;15;623466144;2537;193;3287;3293;9.50;0.58;221.90;3.30;750;15;1103.00;6
2539;15;623466157;2539;198;3298;3306;9.48;0.58;222.13;3.29;759;15;1104.00;8
2541;15;623466175;2541;192;3299;3306;9.52;0.58;222.10;3.29;758;15;1105.00;7
2544;15;623466189;2544;196;3299;3306;9.58;0.59;222.12;3.29;755;15;1106.00;7
2545;15;623466202;2545;195;3300;3307;9.73;0.60;222.13;3.29;755;15;1107.00;7
2546;15;623466216;2546;197;3301;3307;9.81;0.60;222.12;3.29;755;15;1108.00;6
2549;15;623466229;2549;200;3304;3311;9.91;0.61;222.02;3.29;755;15;1109.00;7
2551;15;623466246;2551;204;3304;3311;9.96;0.61;222.03;3.29;753;15;1110.00;7
2551;15;623466260;2551;205;3308;3315;10.00;0.61;222.03;3.29;757;15;1111.00;7
2554;15;623466272;2554;200;3309;3315;10.03;0.61;222.09;3.29;755;15;1112.00;6
2559;15;623466286;2559;202;3310;3315;10.05;0.62;222.02;3.29;751;15;1113.00;5
2563;15;623466300;2563;202;3310;3315;10.08;0.62;221.99;3.29;747;15;1114.00;5
2569;15;623466315;2569;203;3310;3315;10.05;0.61;222.10;3.29;741;15;1115.00;5
2572;15;623466330;2572;210;3320;3327;10.14;0.62;222.00;3.28;748;15;1116.00;7
2575;15;623466344;2575;212;3320;3327;10.23;0.62;221.93;3.28;745;15;1117.00;7
2578;15;623466356;2578;217;3321;3327;10.23;0.62;221.83;3.28;743;15;1118.00;6
2580;15;623466368;2580;215;3321;3327;10.22;0.62;222.01;3.28;741;15;1119.00;6
2587;15;623466381;2587;218;3321;3327;10.17;0.62;222.05;3.28;734;15;1120.00;6
2589;15;623466394;2589;222;3321;3327;10.19;0.62;222.02;3.28;732;15;1121.00;6
2591;15;623466406;2591;220;3322;3328;10.16;0.62;221.87;3.30;731;15;1122.00;6
2597;15;623466418;2597;222;3322;3328;10.03;0.61;221.65;3.30;725;15;1123.00;6
2598;15;623466430;2598;220;3328;3334;10.00;0.61;221.61;3.30;730;15;1124.00;6
2599;15;623466451;2599;222;3332;3336;9.93;0.60;221.62;3.30;733;15;1125.00;4
2603;15;623466463;2603;223;3332;3336;9.86;0.60;221.52;3.30;729;15;1126.00;4
2604;15;623466477;2604;227;3332;3336;9.82;0.60;221.47;3.30;728;15;1127.00;4
2608;15;623466487;2608;232;3336;3340;9.83;0.60;221.43;3.32;728;15;1128.00;4
2610;15;623466500;2610;232;3336;3340;9.90;0.60;221.34;3.32;726;15;1129.00;4
2613;15;623466512;2613;233;3337;3340;9.90;0.60;221.27;3.33;724;15;1130.00;3
2616;15;623466524;2616;219;3338;3341;9.99;0.61;221.15;3.33;722;15;1131.00;3
2617;15;623466537;2617;210;3341;3345;10.06;0.61;221.15;3.33;724;15;1132.00;4
2618;15;623466548;2618;201;3342;3345;10.10;0.61;221.07;3.34;724;15;1133.00;3
2618;15;623466559;2618;194;3344;3348;10.19;0.62;221.07;3.34;726;15;1134.00;4
2620;15;623466571;2620;193;3345;3348;10.21;0.62;220.99;3.34;725;15;1135.00;3
2624;15;623466582;2624;190;3345;3348;10.14;0.61;221.01;3.34;721;15;1136.00;3
2625;15;623466605;2625;184;3345;3348;10.22;0.62;220.96;3.34;720;15;1137.00;3
2629;15;623466620;2629;189;3349;3352;10.30;0.62;220.92;3.34;720;15;1138.00;3
2629;15;623466632;2629;187;3349;3352;10.35;0.63;220.92;3.34;720;15;1139.00;3
2630;15;623466649;2630;182;3349;3352;10.42;0.63;220.90;3.34;719;15;1140.00;3
2632;16;623466669;2632;181;3349;3352;10.43;0.63;220.79;3.34;717;16;1141.00;3
2633;16;623466697;2633;181;3349;3353;10.50;0.64;220.81;3.34;716;16;1142.00;4
2635;17;623466710;2635;181;3350;3354;10.55;0.64;220.95;3.33;715;17;1143.00;4
2636;17;623466756;2636;179;3350;3354;10.60;0.64;220.92;3.33;714;17;1144.00;4
2636;17;623466779;2636;180;3351;3355;10.67;0.65;220.92;3.33;715;17;1145.00;4
2637;17;623466791;2637;177;3351;3355;10.68;0.65;220.86;3.33;714;17;1146.00;4
2639;17;623466803;2639;177;3351;3355;10.64;0.65;220.83;3.33;712;17;1147.00;4
2639;17;623466816;2639;181;3351;3355;10.56;0.64;220.83;3.33;712;17;1148.00;4
2640;17;623466838;2640;181;3352;3355;10.48;0.64;220.84;3.34;712;17;1149.00;3
2643;17;623466849;2643;188;3352;3355;10.38;0.63;220.74;3.34;709;17;1150.00;3
2643;17;623466859;2643;193;3353;3355;10.29;0.62;220.74;3.35;710;17;1151.00;2
2643;17;623466869;2643;210;3420;3482;10.23;0.63;220.74;3.29;777;17;1152.00;62
2644;17;623466891;2644;206;3422;3483;10.12;0.62;220.71;3.29;778;17;1153.00;61
2647;17;623466901;2647;200;3432;3483;10.06;0.62;220.91;3.29;785;17;1154.00;51
2650;17;623466913;2650;201;3440;3483;9.96;0.61;221.03;3.29;790;17;1155.00;43
2653;17;623466925;2653;200;3447;3483;9.87;0.61;221.01;3.29;794;17;1156.00;36
2654;17;623466935;2654;205;3451;3483;9.75;0.60;221.08;3.29;797;17;1157.00;32
2659;17;623466947;2659;204;3454;3483;9.66;0.59;221.18;3.29;795;17;1158.00;29
2662;17;623466958;2662;208;3458;3483;9.56;0.59;221.27;3.30;796;17;1159.00;25
2663;17;623466969;2663;211;3461;3484;9.53;0.59;221.36;3.30;798;17;1160.00;23
2666;17;623466986;2666;216;3467;3485;9.42;0.58;221.58;3.31;801;17;1161.00;18
2666;17;623466997;2666;217;3470;3485;9.38;0.58;221.58;3.32;804;17;1162.00;15
2668;17;623467007;2668;224;3473;3486;9.37;0.58;221.63;3.32;805;17;1163.00;13
2672;17;623467018;2672;234;3476;3486;9.32;0.57;221.63;3.33;804;17;1164.00;10
2675;17;623467029;2675;237;3477;3486;9.29;0.57;221.53;3.33;802;17;1165.00;9
2678;17;623467053;2678;241;3480;3486;9.17;0.56;221.60;3.34;802;17;1166.00;6
2679;17;623467064;2679;240;3484;3490;9.12;0.56;221.70;3.34;805;17;1167.00;6
2682;17;623467076;2682;250;3485;3490;9.04;0.55;221.65;3.34;803;17;1168.00;5
2685;17;623467087;2685;252;3486;3490;8.91;0.55;221.75;3.34;801;17;1169.00;4
2688;17;623467103;2688;250;3490;3496;8.79;0.54;221.90;3.34;802;17;1170.00;6
2689;17;623467115;2689;254;3491;3496;8.69;0.53;221.98;3.35;802;17;1171.00;5
2691;17;623467124;2691;247;3493;3496;8.56;0.53;222.07;3.35;802;17;1172.00;3
2693;17;623467139;2693;252;3498;3500;8.44;0.52;222.12;3.35;805;17;1173.00;2
2696;17;623467149;2696;251;3499;3501;8.35;0.51;222.18;3.35;803;17;1174.00;2
2700;17;623467159;2700;253;3501;3501;8.25;0.51;222.34;3.35;801;17;1175.00;0
2701;17;623467169;2701;249;3504;3505;8.30;0.51;222.26;3.35;803;17;1176.00;1
2705;17;623467179;2705;248;3505;3505;8.29;0.51;222.47;3.35;800;17;1177.00;0
2707;17;623467189;2707;247;3505;3505;8.33;0.51;222.54;3.35;798;17;1178.00;0
2713;17;623467198;2713;253;3506;3506;8.34;0.51;222.59;3.35;793;17;1179.00;0
2715;17;623467208;2715;251;3506;3506;8.32;0.51;222.71;3.35;791;17;1180.00;0
2716;17;623467222;2716;253;3512;3512;8.38;0.51;222.72;3.34;796;17;1181.00;0
2720;17;623467233;2720;255;3512;3512;8.30;0.51;222.86;3.34;792;17;1182.00;0
2723;17;623467242;2723;254;3513;3513;8.25;0.50;222.94;3.34;790;17;1183.00;0
2727;17;623467252;2727;252;3513;3513;8.19;0.50;222.93;3.34;786;17;1184.00;0
2731;17;623467261;2731;254;3513;3513;8.18;0.50;222.95;3.34;782;17;1185.00;0
2737;17;623467270;2737;257;3513;3513;8.11;0.50;223.02;3.34;776;17;1186.00;0
2739;17;623467279;2739;257;3513;3513;8.10;0.49;223.14;3.34;774;17;1187.00;0
2746;17;623467288;2746;265;3524;3525;8.00;0.49;223.17;3.33;778;17;1188.00;1
2749;17;623467299;2749;260;3524;3525;7.94;0.48;223.47;3.33;775;17;1189.00;1
2752;17;623467308;2752;253;3525;3525;7.90;0.48;223.58;3.33;773;17;1190.00;0
2757;17;623467322;2757;250;3525;3525;7.85;0.48;223.96;3.33;768;17;1191.00;0
2759;17;623467330;2759;244;3525;3525;7.82;0.48;224.09;3.33;766;17;1192.00;0
2763;17;623467339;2763;244;3525;3525;7.77;0.48;224.23;3.33;762;17;1193.00;0
2766;17;623467348;2766;242;3529;3529;7.74;0.47;224.25;3.33;763;17;1194.00;0
2770;17;623467357;2770;238;3529;3529;7.72;0.47;224.41;3.33;759;17;1195.00;0
2773;17;623467366;2773;240;3533;3533;7.77;0.48;224.43;3.33;760;17;1196.00;0
2779;17;623467375;2779;234;3534;3534;7.74;0.47;224.68;3.33;755;17;1197.00;0
2783;17;623467385;2783;233;3534;3534;7.73;0.47;224.70;3.33;751;17;1198.00;0
2790;17;623467394;2790;230;3534;3534;7.70;0.47;224.72;3.33;744;17;1199.00;0
2791;17;623467406;2791;232;3559;3575;7.74;0.47;224.79;3.30;768;17;1200.00;16
2794;17;623467424;2794;214;3560;3575;7.80;0.48;224.88;3.30;766;17;1201.00;15
2797;17;623467434;2797;208;3563;3575;7.87;0.48;224.85;3.30;766;17;1202.00;12
2799;17;623467444;2799;205;3564;3576;8.02;0.49;224.87;3.30;765;17;1203.00;12
2801;17;623467453;2801;204;3566;3577;8.10;0.50;225.03;3.30;765;17;1204.00;11
2804;17;623467462;2804;205;3567;3577;8.15;0.50;225.09;3.30;763;17;1205.00;10
2810;17;623467473;2810;201;3569;3580;8.23;0.50;225.11;3.30;759;17;1206.00;11
2813;17;623467483;2813;203;3570;3580;8.31;0.51;225.28;3.30;757;17;1207.00;10
2819;17;623467492;2819;203;3572;3580;8.41;0.51;225.23;3.30;753;17;1208.00;8
2823;17;623467502;2823;205;3572;3580;8.47;0.52;225.28;3.30;749;17;1209.00;8
2827;17;623467511;2827;204;3580;3586;8.51;0.52;225.31;3.30;753;17;1210.00;6
2830;17;623467522;2830;202;3580;3586;8.58;0.52;225.49;3.30;750;17;1211.00;6
2837;17;623467532;2837;204;3580;3586;8.57;0.52;225.48;3.30;743;17;1212.00;6
2839;17;623467541;2839;203;3580;3586;8.58;0.52;225.47;3.30;741;17;1213.00;6
2844;17;623467550;2844;197;3584;3590;8.62;0.53;225.57;3.30;740;17;1214.00;6
2848;17;623467561;2848;199;3586;3592;8.71;0.53;225.69;3.30;738;17;1215.00;6
2850;17;623467571;2850;199;3587;3592;8.71;0.53;225.80;3.30;737;17;1216.00;5
2854;17;623467580;2854;197;3589;3593;8.69;0.53;225.88;3.30;735;17;1217.00;4
2861;17;623467590;2861;195;3589;3593;8.57;0.52;225.88;3.30;728;17;1218.00;4
2864;17;623467599;2864;191;3589;3593;8.59;0.52;225.86;3.30;725;17;1219.00;4
2870;17;623467608;2870;187;3589;3593;8.51;0.52;226.08;3.30;719;17;1220.00;4
2874;17;623467620;2874;196;3589;3593;8.40;0.51;226.01;3.30;715;17;1221.00;4
2875;17;623467630;2875;200;3590;3593;8.36;0.51;226.06;3.31;715;17;1222.00;3
2881;17;623467639;2881;202;3590;3593;8.23;0.50;225.93;3.31;709;17;1223.00;3
2887;17;623467648;2887;216;3629;3663;8.04;0.49;225.90;3.27;742;17;1224.00;34
2892;17;623467662;2892;211;3631;3664;7.92;0.49;225.96;3.27;739;17;1225.00;33
2896;17;623467672;2896;207;3636;3664;7.90;0.49;226.01;3.27;740;17;1226.00;28
2899;17;623467681;2899;208;3636;3664;7.82;0.48;226.04;3.27;737;17;1227.00;28
2901;17;623467691;2901;210;3640;3666;7.77;0.48;226.16;3.28;739;17;1228.00;26
2904;17;623467700;2904;209;3643;3666;7.86;0.48;226.24;3.28;739;17;1229.00;23
2906;17;623467710;2906;209;3645;3666;7.87;0.48;226.31;3.28;739;17;1230.00;21
2910;17;623467719;2910;215;3648;3666;7.77;0.48;226.31;3.29;738;17;1231.00;18
2914;17;623467728;2914;221;3649;3667;7.69;0.47;226.33;3.29;735;17;1232.00;18
2917;17;623467738;2917;230;3651;3668;7.68;0.47;226.23;3.29;734;17;1233.00;17
2919;17;623467747;2919;234;3655;3668;7.65;0.47;226.33;3.31;736;17;1234.00;13
2921;17;623467757;2921;253;3662;3672;7.62;0.47;226.36;3.31;741;17;1235.00;10
2923;17;623467767;2923;257;3666;3672;7.61;0.47;226.45;3.32;743;17;1236.00;6
2924;17;623467778;2924;251;3668;3672;7.72;0.48;226.49;3.32;744;17;1237.00;4
2925;17;623467792;2925;250;3669;3672;7.78;0.48;226.54;3.33;744;17;1238.00;3
2927;17;623467810;2927;246;3675;3678;7.89;0.48;226.59;3.33;748;17;1239.00;3
2930;17;623467829;2930;246;3677;3678;7.95;0.49;226.64;3.33;747;17;1240.00;1
2935;17;623467850;2935;245;3678;3678;7.97;0.49;226.62;3.33;743;17;1241.00;0
2938;17;623467865;2938;245;3680;3681;7.98;0.49;226.51;3.33;742;17;1242.00;1
2942;17;623467879;2942;252;3680;3681;7.96;0.48;226.69;3.33;738;17;1243.00;1
2945;17;623467896;2945;255;3681;3681;7.92;0.48;226.72;3.33;736;17;1244.00;0
2946;17;623467909;2946;262;3682;3682;7.89;0.48;226.74;3.33;736;17;1245.00;0
2949;17;623467920;2949;251;3683;3683;7.95;0.49;226.86;3.33;734;17;1246.00;0
2952;17;623467932;2952;248;3683;3683;8.02;0.49;226.82;3.33;731;17;1247.00;0
2952;17;623467943;2952;241;3695;3696;8.15;0.50;226.82;3.32;743;17;1248.00;1
2954;17;623467955;2954;240;3696;3696;8.21;0.50;226.75;3.31;742;17;1249.00;0
2958;17;623467966;2958;233;3696;3696;8.33;0.51;226.78;3.31;738;17;1250.00;0
2959;17;623467977;2959;229;3697;3697;8.40;0.51;226.72;3.31;738;17;1251.00;0
2963;17;623467989;2963;231;3697;3697;8.37;0.51;226.67;3.31;734;17;1252.00;0
2964;17;623467999;2964;236;3701;3701;8.51;0.52;226.62;3.31;737;17;1253.00;0
2966;17;623468010;2966;237;3701;3701;8.48;0.52;226.56;3.31;735;17;1254.00;0
2968;17;623468020;2968;236;3705;3705;8.47;0.52;226.52;3.31;737;17;1255.00;0
2969;17;623468030;2969;238;3705;3705;8.44;0.51;226.48;3.31;736;17;1256.00;0
2972;17;623468040;2972;238;3705;3705;8.40;0.51;226.47;3.31;733;17;1257.00;0
2974;17;623468049;2974;236;3705;3705;8.33;0.51;226.57;3.31;731;17;1258.00;0
2976;17;623468059;2976;233;3705;3705;8.32;0.51;226.48;3.31;729;17;1259.00;0
2978;17;623468070;2978;244;3735;3739;8.32;0.51;226.40;3.28;757;17;1260.00;4
2981;17;623468082;2981;236;3735;3739;8.34;0.51;226.38;3.28;754;17;1261.00;4
2983;17;623468092;2983;236;3737;3739;8.40;0.52;226.41;3.28;754;17;1262.00;2
2986;17;623468101;2986;238;3737;3739;8.44;0.52;226.35;3.28;751;17;1263.00;2
2987;17;623468111;2987;237;3738;3739;8.51;0.52;226.29;3.28;751;17;1264.00;1
2988;17;623468120;2988;244;3738;3739;8.57;0.53;226.24;3.28;750;17;1265.00;1
2988;17;623468130;2988;239;3739;3740;8.69;0.53;226.24;3.28;751;17;1266.00;1
2991;17;623468139;2991;244;3739;3740;8.75;0.53;226.24;3.28;748;17;1267.00;1
2993;17;623468149;2993;241;3744;3746;8.78;0.54;226.17;3.28;751;17;1268.00;2
2995;17;623468159;2995;247;3745;3747;8.83;0.54;226.14;3.28;750;17;1269.00;2
2997;17;623468169;2997;247;3745;3747;8.85;0.54;226.23;3.28;748;17;1270.00;2
3000;17;623468178;3000;251;3745;3747;8.82;0.54;226.23;3.28;745;17;1271.00;2
3001;17;623468193;3001;249;3749;3751;8.86;0.54;226.23;3.27;748;17;1272.00;2
3002;17;623468203;3002;253;3749;3751;8.81;0.54;226.22;3.27;747;17;1273.00;2
3004;17;623468212;3004;252;3749;3751;8.78;0.53;226.14;3.27;745;17;1274.00;2
3006;17;623468222;3006;254;3750;3752;8.81;0.54;226.09;3.27;744;17;1275.00;2
3009;17;623468231;3009;257;3753;3756;8.80;0.53;226.01;3.27;744;17;1276.00;3
3009;17;623468240;3009;264;3753;3756;8.82;0.54;226.01;3.27;744;17;1277.00;3
3011;17;623468250;3011;266;3755;3759;8.91;0.54;226.16;3.27;744;17;1278.00;4
3012;17;623468260;3012;266;3755;3759;8.97;0.55;226.17;3.27;743;17;1279.00;4
3013;17;623468269;3013;262;3756;3759;9.05;0.55;226.17;3.27;743;17;1280.00;3
3013;17;623468284;3013;262;3756;3759;9.05;0.55;226.17;3.27;743;17;1281.00;3
3015;17;623468293;3015;261;3760;3763;9.12;0.55;226.15;3.27;745;17;1282.00;3
3017;17;623468303;3017;248;3760;3763;9.23;0.56;226.08;3.27;743;17;1283.00;3
3019;17;623468312;3019;240;3760;3763;9.28;0.56;226.09;3.27;741;17;1284.00;3
3020;17;623468329;3020;231;3760;3763;9.31;0.57;226.06;3.27;740;17;1285.00;3
3020;17;623468345;3020;227;3760;3764;9.40;0.57;226.06;3.27;740;17;1286.00;4
3023;17;623468354;3023;224;3761;3765;9.44;0.57;226.04;3.27;738;17;1287.00;4
3025;17;623468363;3025;222;3761;3765;9.45;0.57;226.06;3.27;736;17;1288.00;4
3029;18;623468372;3029;215;3762;3766;9.51;0.58;225.96;3.27;733;18;1289.00;4
3031;18;623468396;3031;208;3762;3766;9.58;0.58;225.99;3.27;731;18;1290.00;4
3031;18;623468407;3031;201;3763;3766;9.72;0.59;225.99;3.27;732;18;1291.00;3
3032;18;623468417;3032;191;3763;3766;9.84;0.60;225.96;3.27;731;18;1292.00;3
3034;18;623468426;3034;190;3763;3766;9.91;0.60;225.92;3.27;729;18;1293.00;3
3034;18;623468435;3034;184;3764;3766;10.02;0.61;225.92;3.28;730;18;1294.00;2
3037;18;623468444;3037;181;3765;3766;10.14;0.62;225.85;3.28;728;18;1295.00;1
3040;18;623468455;3040;192;3827;3893;10.19;0.63;225.77;3.23;787;18;1296.00;66
3043;18;623468487;3043;175;3827;3894;10.27;0.63;225.79;3.23;784;18;1297.00;67
3047;18;623468497;3047;168;3836;3894;10.41;0.64;225.64;3.23;789;18;1298.00;58
3047;18;623468507;3047;163;3839;3894;10.54;0.65;225.64;3.23;792;18;1299.00;55
3049;18;623468518;3049;158;3844;3894;10.60;0.65;225.57;3.23;795;18;1300.00;50
3049;18;623468539;3049;149;3846;3894;10.67;0.65;225.57;3.23;797;18;1301.00;48
3049;18;623468550;3049;147;3849;3894;10.68;0.65;225.57;3.23;800;18;1302.00;45
3051;18;623468560;3051;139;3852;3894;10.70;0.66;225.52;3.23;801;18;1303.00;42
3055;18;623468571;3055;142;3854;3895;10.78;0.66;225.37;3.24;799;18;1304.00;41
3057;18;623468581;3057;146;3858;3897;10.74;0.66;225.48;3.24;801;18;1305.00;39
3062;18;623468592;3062;143;3860;3897;10.74;0.66;225.41;3.24;798;18;1306.00;37
3063;18;623468602;3063;141;3865;3898;10.71;0.65;225.55;3.25;802;18;1307.00;33
3067;18;623468613;3067;137;3870;3898;10.57;0.65;225.50;3.27;803;18;1308.00;28
3071;18;623468629;3071;135;3872;3898;10.39;0.63;225.64;3.27;801;18;1309.00;26
3072;18;623468640;3072;143;3874;3898;10.31;0.63;225.57;3.28;802;18;1310.00;24
3073;18;623468650;3073;146;3881;3902;10.29;0.63;225.62;3.29;808;18;1311.00;21
3075;18;623468661;3075;150;3882;3902;10.26;0.63;225.53;3.29;807;18;1312.00;20
3077;18;623468671;3077;154;3883;3902;10.23;0.62;225.55;3.29;806;18;1313.00;19
3080;18;623468681;3080;152;3886;3905;10.27;0.63;225.68;3.30;806;18;1314.00;19
3085;18;623468694;3085;154;3888;3905;10.26;0.62;225.99;3.31;803;18;1315.00;17
3087;18;623468710;3087;164;3890;3905;10.20;0.62;225.94;3.31;803;18;1316.00;15
3089;18;623468726;3089;172;3896;3909;10.06;0.61;226.04;3.32;807;18;1317.00;13
3090;18;623468739;3090;175;3899;3910;9.94;0.60;226.13;3.33;809;18;1318.00;11
3092;18;623468751;3092;181;3900;3910;9.83;0.60;226.22;3.33;808;18;1319.00;10
3099;18;623468764;3099;184;3905;3915;9.77;0.59;226.42;3.33;806;18;1320.00;10
3100;18;623468780;3100;189;3906;3915;9.69;0.59;226.39;3.34;806;18;1321.00;9
3101;18;623468790;3101;191;3906;3915;9.61;0.58;226.51;3.34;805;18;1322.00;9
3105;18;623468801;3105;197;3909;3916;9.43;0.57;226.64;3.35;804;18;1323.00;7
3106;18;623468812;3106;208;3909;3916;9.31;0.57;226.75;3.35;803;18;1324.00;7
3108;18;623468822;3108;208;3915;3922;9.25;0.56;226.86;3.35;807;18;1325.00;7
3108;18;623468834;3108;212;3916;3922;9.18;0.56;226.86;3.35;808;18;1326.00;6
3111;18;623468844;3111;215;3917;3923;9.08;0.55;226.94;3.36;806;18;1327.00;6
3113;18;623468855;3113;220;3917;3923;9.08;0.55;226.96;3.36;804;18;1328.00;6
3113;18;623468865;3113;223;3917;3923;9.01;0.55;226.96;3.36;804;18;1329.00;6
3117;18;623468875;3117;226;3918;3923;8.90;0.54;227.10;3.37;801;18;1330.00;5
3120;18;623468885;3120;234;3919;3923;8.84;0.54;227.19;3.37;799;18;1331.00;4
3124;18;623468896;3124;231;3931;3935;8.78;0.54;227.23;3.37;807;18;1332.00;4
3125;18;623468907;3125;232;3932;3935;8.71;0.53;227.35;3.37;807;18;1333.00;3
3129;18;623468917;3129;234;3934;3935;8.64;0.53;227.37;3.37;805;18;1334.00;1
3131;18;623468926;3131;242;3934;3935;8.49;0.52;227.34;3.37;803;18;1335.00;1
3134;18;623468936;3134;246;3934;3935;8.40;0.51;227.42;3.37;800;18;1336.00;1
3136;18;623468950;3136;250;3934;3935;8.28;0.50;227.48;3.37;798;18;1337.00;1
3138;18;623468959;3138;256;3938;3939;8.11;0.50;227.61;3.37;800;18;1338.00;1
3140;18;623468969;3140;254;3938;3939;8.06;0.49;227.70;3.37;798;18;1339.00;1
3142;18;623468978;3142;251;3942;3943;8.07;0.49;227.80;3.36;800;18;1340.00;1
3146;18;623468988;3146;253;3943;3944;7.99;0.49;228.01;3.36;797;18;1341.00;1
3148;18;623468998;3148;252;3943;3944;7.93;0.49;228.08;3.36;795;18;1342.00;1
3150;18;623469007;3150;247;3943;3944;7.92;0.49;228.29;3.36;793;18;1343.00;1
3151;18;623469016;3151;247;3955;3957;7.94;0.49;228.28;3.35;804;18;1344.00;2
3155;18;623469026;3155;241;3956;3957;7.94;0.49;228.24;3.35;801;18;1345.00;1
3156;18;623469036;3156;242;3956;3957;8.02;0.49;228.23;3.35;800;18;1346.00;1
3157;18;623469045;3157;244;3957;3958;8.12;0.50;228.32;3.35;800;18;1347.00;1
3159;18;623469054;3159;244;3958;3959;8.17;0.50;228.36;3.35;799;18;1348.00;1
3162;18;623469064;3162;241;3958;3959;8.18;0.50;228.73;3.35;796;18;1349.00;1
3164;18;623469074;3164;241;3965;3968;8.27;0.51;228.82;3.34;801;18;1350.00;3
3167;18;623469084;3167;238;3965;3968;8.24;0.51;228.86;3.34;798;18;1351.00;3
3174;18;623469094;3174;238;3966;3968;8.11;0.50;228.93;3.34;792;18;1352.00;2
3175;18;623469104;3175;237;3966;3968;8.13;0.50;229.02;3.34;791;18;1353.00;2
3182;18;623469112;3182;239;3972;3974;8.10;0.50;229.31;3.34;790;18;1354.00;2
3182;18;623469122;3182;236;3973;3974;8.08;0.50;229.31;3.34;791;18;1355.00;1
3190;18;623469131;3190;240;3973;3974;7.99;0.49;229.59;3.34;783;18;1356.00;1
3195;18;623469140;3195;243;3973;3974;7.89;0.48;229.73;3.34;778;18;1357.00;1
3199;18;623469149;3199;252;3977;3978;7.78;0.48;229.87;3.34;778;18;1358.00;1
3202;18;623469160;3202;256;3978;3979;7.75;0.47;230.10;3.34;776;18;1359.00;1
3209;18;623469169;3209;248;3978;3979;7.64;0.47;230.19;3.34;769;18;1360.00;1
3213;18;623469178;3213;243;3979;3980;7.58;0.46;230.27;3.34;766;18;1361.00;1
3217;18;623469186;3217;240;3979;3980;7.56;0.46;230.53;3.34;762;18;1362.00;1
3222;18;623469195;3222;234;3979;3980;7.53;0.46;230.60;3.34;757;18;1363.00;1
3225;18;623469203;3225;231;3979;3980;7.51;0.46;230.60;3.34;754;18;1364.00;1
3231;18;623469212;3231;230;3979;3980;7.50;0.46;230.77;3.34;748;18;1365.00;1
3232;18;623469220;3232;223;3979;3980;7.55;0.46;230.84;3.34;747;18;1366.00;1
3236;18;623469229;3236;213;3979;3980;7.66;0.47;230.84;3.34;743;18;1367.00;1
3243;18;623469238;3243;214;4015;4050;7.86;0.48;231.03;3.31;772;18;1368.00;35
3246;18;623469253;3246;204;4019;4051;7.95;0.49;231.14;3.31;773;18;1369.00;32
3250;18;623469262;3250;203;4026;4051;8.05;0.49;231.20;3.30;776;18;1370.00;25
3252;18;623469271;3252;200;4028;4051;8.12;0.50;231.22;3.30;776;18;1371.00;23
3258;18;623469280;3258;204;4031;4051;8.15;0.50;231.42;3.30;773;18;1372.00;20
3260;18;623469289;3260;201;4034;4051;8.11;0.50;231.42;3.30;774;18;1373.00;17
3262;18;623469298;3262;198;4037;4051;8.07;0.50;231.48;3.31;775;18;1374.00;14
3267;18;623469307;3267;206;4039;4051;8.00;0.49;231.57;3.31;772;18;1375.00;12
3272;18;623469316;3272;208;4041;4052;7.97;0.49;231.67;3.31;769;18;1376.00;11
3275;18;623469326;3275;209;4044;4053;7.96;0.49;231.67;3.31;769;18;1377.00;9
3285;18;623469335;3285;212;4046;4053;7.90;0.48;231.67;3.32;761;18;1378.00;7
3288;18;623469345;3288;218;4050;4057;7.92;0.49;231.80;3.32;762;18;1379.00;7
3292;18;623469356;3292;226;4052;4057;7.98;0.49;231.99;3.32;760;18;1380.00;5
3294;18;623469365;3294;231;4053;4057;8.01;0.49;232.01;3.32;759;18;1381.00;4
3298;18;623469374;3298;230;4053;4057;8.02;0.49;231.96;3.32;755;18;1382.00;4
3302;18;623469384;3302;229;4060;4063;8.02;0.49;231.98;3.34;758;18;1383.00;3
3308;18;623469394;3308;226;4060;4063;8.00;0.49;232.32;3.34;752;18;1384.00;3
3311;18;623469403;3311;224;4060;4063;7.94;0.49;232.24;3.34;749;18;1385.00;3
3315;18;623469413;3315;228;4062;4066;7.93;0.49;232.33;3.34;747;18;1386.00;4
3323;18;623469423;3323;232;4064;4066;7.79;0.48;232.43;3.34;741;18;1387.00;2
3326;18;623469433;3326;238;4065;4066;7.77;0.47;232.43;3.34;739;18;1388.00;1
3330;18;623469443;3330;243;4066;4067;7.69;0.47;232.49;3.34;736;18;1389.00;1
3333;18;623469452;3333;245;4067;4068;7.71;0.47;232.54;3.34;734;18;1390.00;1
3337;18;623469461;3337;249;4067;4068;7.61;0.46;232.48;3.34;730;18;1391.00;1
3342;18;623469470;3342;250;4080;4081;7.64;0.46;232.55;3.33;738;18;1392.00;1
3345;18;623469480;3345;251;4080;4081;7.57;0.46;232.49;3.33;735;18;1393.00;1
3348;18;623469489;3348;255;4080;4081;7.50;0.46;232.47;3.33;732;18;1394.00;1
3351;18;623469498;3351;256;4082;4083;7.41;0.45;232.45;3.33;731;18;1395.00;1
3357;18;623469507;3357;258;4082;4083;7.30;0.44;232.51;3.33;725;18;1396.00;1
3359;18;623469516;3359;264;4086;4087;7.31;0.44;232.47;3.33;727;18;1397.00;1
3363;18;623469525;3363;263;4086;4087;7.15;0.43;232.42;3.33;723;18;1398.00;1
3365;18;623469534;3365;267;4091;4091;7.09;0.43;232.45;3.33;726;18;1399.00;0
3367;18;623469544;3367;267;4091;4091;6.98;0.43;232.42;3.33;724;18;1400.00;0
3370;18;623469556;3370;272;4091;4091;6.87;0.42;232.56;3.33;721;18;1401.00;0
3374;18;623469565;3374;276;4091;4091;6.82;0.41;232.63;3.33;717;18;1402.00;0
3379;18;623469573;3379;277;4091;4091;6.77;0.41;232.70;3.33;712;18;1403.00;0
3381;18;623469581;3381;286;4101;4103;6.81;0.41;232.77;3.32;720;18;1404.00;2
3382;18;623469591;3382;291;4101;4103;6.72;0.41;232.74;3.32;719;18;1405.00;2
3383;18;623469599;3383;293;4103;4103;6.72;0.41;232.69;3.32;720;18;1406.00;0
3385;18;623469608;3385;288;4103;4103;6.69;0.41;232.84;3.32;718;18;1407.00;0
3387;18;623469616;3387;287;4103;4103;6.72;0.41;232.84;3.32;716;18;1408.00;0
3388;18;623469625;3388;279;4103;4103;6.76;0.41;232.83;3.32;715;18;1409.00;0
3390;18;623469635;3390;278;4104;4104;6.76;0.41;232.78;3.32;714;18;1410.00;0
3391;18;623469644;3391;287;4104;4104;6.78;0.41;232.75;3.32;713;18;1411.00;0
3392;18;623469652;3392;284;4110;4110;6.85;0.42;232.74;3.32;718;18;1412.00;0
3393;18;623469661;3393;291;4111;4111;6.85;0.42;232.73;3.32;718;18;1413.00;0
3395;18;623469669;3395;289;4111;4111;6.85;0.42;232.71;3.32;716;18;1414.00;0
3397;18;623469678;3397;297;4111;4111;6.81;0.41;232.61;3.32;714;18;1415.00;0
3397;18;623469687;3397;286;4115;4115;6.84;0.42;232.61;3.31;718;18;1416.00;0
3399;18;623469696;3399;279;4115;4115;6.83;0.41;232.53;3.31;716;18;1417.00;0
3399;18;623469705;3399;277;4115;4115;6.90;0.42;232.53;3.31;716;18;1418.00;0
3400;18;623469713;3400;276;4116;4116;6.99;0.42;232.50;3.31;716;18;1419.00;0
3400;18;623469727;3400;273;4120;4120;7.06;0.43;232.50;3.31;720;18;1420.00;0
3401;18;623469736;3401;269;4120;4120;7.14;0.43;232.44;3.31;719;18;1421.00;0
3402;18;623469745;3402;269;4122;4123;7.29;0.44;232.38;3.31;720;18;1422.00;1
3403;18;623469755;3403;270;4122;4123;7.39;0.45;232.38;3.31;719;18;1423.00;1
3404;18;623469763;3404;275;4123;4123;7.49;0.46;232.41;3.31;719;18;1424.00;0
3407;18;623469772;3407;273;4123;4123;7.55;0.46;232.40;3.31;716;18;1425.00;0
3409;18;623469783;3409;270;4127;4127;7.62;0.46;232.41;3.31;718;18;1426.00;0
3409;18;623469797;3409;266;4127;4127;7.66;0.47;232.41;3.31;718;18;1427.00;0
3412;18;623469832;3412;263;4127;4127;7.72;0.47;232.32;3.31;715;18;1428.00;0
3415;18;623469847;3415;263;4127;4127;7.79;0.47;232.23;3.31;712;18;1429.00;0
3417;18;623469860;3417;262;4128;4128;7.83;0.48;232.14;3.31;711;18;1430.00;0
3417;18;623469874;3417;261;4129;4129;7.92;0.48;232.14;3.31;712;18;1431.00;0
3419;18;623469886;3419;263;4129;4129;7.95;0.48;232.11;3.31;710;18;1432.00;0
3421;18;623469899;3421;261;4130;4130;7.98;0.48;232.12;3.30;709;18;1433.00;0
3423;18;623469910;3423;257;4130;4130;8.01;0.49;232.03;3.30;707;18;1434.00;0
3425;18;623469919;3425;243;4130;4130;8.08;0.49;232.01;3.30;705;18;1435.00;0
3426;18;623469930;3426;235;4130;4130;8.17;0.50;231.98;3.30;704;18;1436.00;0
3426;18;623469939;3426;231;4130;4130;8.32;0.51;231.98;3.30;704;18;1437.00;0
3428;18;623469949;3428;222;4130;4130;8.42;0.51;231.94;3.30;702;18;1438.00;0
3430;18;623469958;3430;214;4130;4130;8.62;0.52;231.94;3.30;700;18;1439.00;0
3431;18;623469972;3431;258;4254;4360;8.67;0.54;231.91;3.21;823;18;1440.00;106
3432;18;623470001;3432;243;4259;4361;8.81;0.55;231.94;3.21;827;18;1441.00;102
3432;18;623470012;3432;220;4269;4361;9.07;0.57;231.94;3.20;837;18;1442.00;92
3434;18;623470022;3434;206;4273;4361;9.24;0.58;231.93;3.20;839;18;1443.00;88
3435;18;623470032;3435;201;4281;4361;9.32;0.58;231.87;3.20;846;18;1444.00;80
3436;18;623470056;3436;197;4284;4361;9.35;0.58;231.89;3.21;848;18;1445.00;77
3441;19;623470072;3441;194;4290;4361;9.45;0.59;231.87;3.21;849;19;1446.00;71
3444;19;623470090;3444;194;4295;4361;9.55;0.59;231.91;3.21;851;19;1447.00;66
3445;19;623470101;3445;196;4299;4362;9.55;0.59;231.93;3.22;854;19;1448.00;63
3446;19;623470118;3446;207;4303;4363;9.57;0.59;231.93;3.22;857;19;1449.00;60
3448;19;623470128;3448;206;4307;4363;9.62;0.59;231.87;3.23;859;19;1450.00;56
3448;19;623470144;3448;207;4308;4364;9.61;0.59;231.87;3.23;860;19;1451.00;56
3449;19;623470155;3449;215;4310;4364;9.59;0.59;231.83;3.24;861;19;1452.00;54
3450;19;623470167;3450;217;4312;4364;9.61;0.59;231.81;3.24;862;19;1453.00;52
3450;19;623470179;3450;223;4313;4364;9.62;0.59;231.81;3.24;863;19;1454.00;51
3451;19;623470191;3451;227;4315;4368;9.60;0.59;231.81;3.25;864;19;1455.00;53
3456;19;623470208;3456;233;4316;4368;9.55;0.59;231.79;3.25;860;19;1456.00;52
3458;19;623470220;3458;234;4318;4368;9.52;0.58;231.76;3.25;860;19;1457.00;50
3462;19;623470232;3462;238;4320;4371;9.54;0.58;231.68;3.26;858;19;1458.00;51
3465;19;623470245;3465;243;4321;4371;9.61;0.59;231.74;3.27;856;19;1459.00;50
3466;19;623470257;3466;242;4323;4371;9.66;0.59;231.76;3.27;857;19;1460.00;48
3468;19;623470276;3468;241;4327;4375;9.69;0.59;231.74;3.27;859;19;1461.00;48
3470;19;623470287;3470;232;4329;4376;9.70;0.59;231.78;3.27;859;19;1462.00;47
3472;19;623470299;3472;227;4334;4376;9.67;0.59;231.74;3.29;862;19;1463.00;42
3476;19;623470310;3476;222;4336;4380;9.73;0.60;231.70;3.29;860;19;1464.00;44
3478;19;623470322;3478;219;4339;4380;9.79;0.60;231.67;3.30;861;19;1465.00;41
3482;19;623470335;3482;217;4340;4380;9.83;0.60;231.75;3.31;858;19;1466.00;40
3486;19;623470346;3486;210;4340;4381;9.82;0.60;231.75;3.31;854;19;1467.00;41
3488;19;623470357;3488;202;4340;4381;9.88;0.60;231.75;3.31;852;19;1468.00;41
3491;19;623470369;3491;198;4345;4387;9.94;0.61;231.87;3.31;854;19;1469.00;42
3495;19;623470382;3495;194;4346;4387;9.91;0.60;232.01;3.32;851;19;1470.00;41
3496;19;623470394;3496;190;4347;4388;9.95;0.61;232.01;3.33;851;19;1471.00;41
3502;19;623470405;3502;187;4347;4388;9.94;0.60;232.16;3.33;845;19;1472.00;41
3505;19;623470417;3505;186;4348;4388;9.92;0.60;232.09;3.33;843;19;1473.00;40
3509;19;623470428;3509;187;4348;4388;9.90;0.60;232.10;3.33;839;19;1474.00;40
3513;19;623470445;3513;185;4351;4388;9.94;0.60;232.14;3.34;838;19;1475.00;37
3517;19;623470456;3517;189;4361;4400;9.93;0.60;232.15;3.34;844;19;1476.00;39
3518;19;623470470;3518;187;4362;4400;9.96;0.60;232.16;3.34;844;19;1477.00;38
3519;19;623470481;3519;194;4364;4400;9.99;0.61;232.19;3.34;845;19;1478.00;36
3520;19;623470492;3520;196;4365;4400;9.99;0.61;232.27;3.35;845;19;1479.00;35
3521;19;623470504;3521;196;4366;4400;9.99;0.61;232.28;3.36;845;19;1480.00;34
3526;19;623470515;3526;198;4368;4400;9.91;0.60;232.44;3.38;842;19;1481.00;32
3526;19;623470526;3526;197;4372;4404;9.85;0.60;232.44;3.38;846;19;1482.00;32
3528;19;623470538;3528;198;4373;4404;9.85;0.60;232.47;3.39;845;19;1483.00;31
3529;19;623470549;3529;202;4378;4408;9.78;0.60;232.55;3.41;849;19;1484.00;30
3534;19;623470561;3534;207;4381;4410;9.70;0.59;232.73;3.41;847;19;1485.00;29
3539;19;623470572;3539;214;4382;4410;9.59;0.58;232.88;3.42;843;19;1486.00;28
3541;19;623470584;3541;218;4383;4410;9.57;0.58;232.94;3.42;842;19;1487.00;27
3542;19;623470595;3542;227;4393;4423;9.55;0.58;233.06;3.42;851;19;1488.00;30
3544;19;623470607;3544;234;4393;4423;9.53;0.58;233.16;3.42;849;19;1489.00;30
3546;19;623470618;3546;235;4394;4423;9.58;0.59;233.26;3.43;848;19;1490.00;29
3549;19;623470629;3549;240;4398;4424;9.59;0.59;233.35;3.46;849;19;1491.00;26
3555;19;623470640;3555;243;4399;4425;9.59;0.59;233.45;3.47;844;19;1492.00;26
3557;19;623470652;3557;246;4400;4425;9.59;0.59;233.46;3.48;843;19;1493.00;25
3563;19;623470663;3563;258;4404;4428;9.58;0.58;233.50;3.50;841;19;1494.00;24
3568;19;623470674;3568;259;4406;4428;9.58;0.58;233.57;3.51;838;19;1495.00;22
3571;19;623470685;3571;266;4408;4428;9.54;0.58;233.75;3.53;837;19;1496.00;20
3575;19;623470696;3575;271;4410;4428;9.44;0.58;233.81;3.54;835;19;1497.00;18
3577;19;623470707;3577;272;4417;4434;9.42;0.57;233.91;3.56;840;19;1498.00;17
3580;19;623470718;3580;274;4418;4434;9.27;0.56;234.02;3.56;838;19;1499.00;16
3583;19;623470731;3583;285;4424;4453;9.11;0.55;234.15;3.56;841;19;1500.00;29
3585;19;623470750;3585;281;4425;4453;9.01;0.55;234.31;3.57;840;19;1501.00;28
3587;19;623470761;3587;284;4429;4457;8.84;0.54;234.38;3.57;842;19;1502.00;28
3591;19;623470773;3591;287;4432;4458;8.73;0.53;234.52;3.57;841;19;1503.00;26
3593;19;623470785;3593;287;4432;4458;8.61;0.52;234.60;3.57;839;19;1504.00;26
3596;19;623470796;3596;293;4435;4459;8.50;0.52;234.67;3.57;839;19;1505.00;24
3598;19;623470806;3598;299;4437;4459;8.38;0.51;234.77;3.57;839;19;1506.00;22
3600;19;623470816;3600;297;4438;4459;8.34;0.51;234.73;3.58;838;19;1507.00;21
3602;19;623470827;3602;304;4440;4459;8.27;0.51;234.75;3.58;838;19;1508.00;19
3603;19;623470837;3603;299;4440;4459;8.22;0.50;234.72;3.58;837;19;1509.00;19
3607;19;623470848;3607;297;4440;4459;8.15;0.50;234.97;3.58;833;19;1510.00;19
3612;19;623470858;3612;300;4441;4459;8.05;0.49;235.04;3.58;829;19;1511.00;18
3614;19;623470868;3614;307;4474;4529;7.97;0.49;235.03;3.55;860;19;1512.00;55
3616;19;623470883;3616;305;4476;4530;7.92;0.49;235.14;3.55;860;19;1513.00;54
3617;19;623470894;3617;306;4482;4530;7.90;0.48;235.24;3.55;865;19;1514.00;48
3619;19;623470903;3619;306;4487;4530;7.91;0.48;235.32;3.55;868;19;1515.00;43
3621;19;623470913;3621;302;4493;4530;7.91;0.48;235.36;3.55;872;19;1516.00;37
3624;19;623470923;3624;305;4496;4530;7.94;0.49;235.47;3.56;872;19;1517.00;34
3626;19;623470933;3626;301;4500;4530;7.94;0.49;235.41;3.56;874;19;1518.00;30
3630;19;623470943;3630;300;4503;4530;7.96;0.49;235.49;3.56;873;19;1519.00;27
3632;19;623470953;3632;300;4505;4531;7.99;0.49;235.64;3.56;873;19;1520.00;26
3634;19;623470963;3634;304;4507;4532;7.98;0.49;235.65;3.57;873;19;1521.00;25
3639;19;623470973;3639;308;4509;4532;7.93;0.48;235.78;3.57;870;19;1522.00;23
3644;19;623470983;3644;304;4512;4536;7.86;0.48;235.89;3.57;868;19;1523.00;24
3648;19;623470993;3648;303;4514;4536;7.80;0.48;235.98;3.58;866;19;1524.00;22
3650;19;623471004;3650;300;4514;4536;7.76;0.47;236.03;3.58;864;19;1525.00;22
3654;19;623471014;3654;295;4514;4536;7.72;0.47;236.07;3.58;860;19;1526.00;22
3657;19;623471024;3657;298;4518;4542;7.68;0.47;236.18;3.57;861;19;1527.00;24
3662;19;623471035;3662;302;4519;4542;7.61;0.47;236.34;3.58;857;19;1528.00;23
3665;19;623471046;3665;312;4520;4542;7.48;0.46;236.39;3.58;855;19;1529.00;22
3668;19;623471058;3668;300;4525;4548;7.36;0.45;236.54;3.59;857;19;1530.00;23
3675;19;623471069;3675;300;4525;4548;7.18;0.44;236.76;3.59;850;19;1531.00;23
3679;19;623471079;3679;294;4526;4548;7.00;0.43;236.75;3.59;847;19;1532.00;22
3684;19;623471088;3684;296;4527;4549;6.85;0.42;236.84;3.59;843;19;1533.00;22
3687;19;623471098;3687;295;4530;4550;6.81;0.42;236.73;3.60;843;19;1534.00;20
3694;19;623471108;3694;297;4530;4550;6.76;0.41;236.77;3.60;836;19;1535.00;20
3698;19;623471118;3698;295;4542;4563;6.74;0.41;236.93;3.60;844;19;1536.00;21
3701;19;623471128;3701;289;4543;4563;6.77;0.41;236.92;3.60;842;19;1537.00;20
3707;19;623471138;3707;288;4546;4563;6.81;0.42;237.05;3.61;839;19;1538.00;17
3708;19;623471148;3708;287;4546;4564;6.89;0.42;237.04;3.61;838;19;1539.00;18
3712;19;623471158;3712;282;4547;4564;6.96;0.43;237.05;3.61;835;19;1540.00;17
3715;19;623471167;3715;281;4554;4568;7.02;0.43;237.07;3.62;839;19;1541.00;14
3719;19;623471178;3719;275;4554;4568;7.04;0.43;237.14;3.62;835;19;1542.00;14
3724;19;623471187;3724;275;4561;4572;7.06;0.43;237.20;3.62;837;19;1543.00;11
3727;19;623471197;3727;278;4561;4572;7.13;0.44;237.07;3.62;834;19;1544.00;11
3730;19;623471207;3730;277;4562;4572;7.13;0.44;237.10;3.62;832;19;1545.00;10
3732;19;623471216;3732;279;4562;4572;7.17;0.44;237.03;3.62;830;19;1546.00;10
3735;19;623471226;3735;280;4562;4572;7.14;0.44;237.10;3.62;827;19;1547.00;10
3740;19;623471235;3740;277;4574;4584;7.22;0.44;237.12;3.61;834;19;1548.00;10
3741;19;623471246;3741;270;4574;4584;7.21;0.44;237.18;3.61;833;19;1549.00;10
3742;19;623471256;3742;273;4574;4584;7.25;0.44;237.20;3.61;832;19;1550.00;10
3745;19;623471267;3745;272;4574;4584;7.23;0.44;237.27;3.61;829;19;1551.00;10
3747;19;623471277;3747;276;4574;4584;7.27;0.45;237.22;3.61;827;19;1552.00;10
3749;19;623471287;3749;272;4574;4584;7.28;0.45;237.30;3.61;825;19;1553.00;10
3752;19;623471298;3752;277;4575;4585;7.24;0.44;237.27;3.61;823;19;1554.00;10
3754;19;623471308;3754;277;4577;4587;7.24;0.44;237.21;3.61;823;19;1555.00;10
3761;19;623471318;3761;280;4583;4593;7.09;0.43;237.16;3.61;822;19;1556.00;10
3763;19;623471328;3763;285;4584;4594;6.99;0.43;237.22;3.61;821;19;1557.00;10
3766;19;623471338;3766;284;4584;4594;6.92;0.42;237.19;3.61;818;19;1558.00;10
3769;19;623471347;3769;285;4584;4594;6.87;0.42;237.22;3.61;815;19;1559.00;10
3773;19;623471358;3773;297;4589;4599;6.81;0.41;237.17;3.60;816;19;1560.00;10
3776;19;623471368;3776;306;4589;4599;6.77;0.41;237.17;3.60;813;19;1561.00;10
3779;19;623471377;3779;311;4589;4599;6.70;0.41;237.13;3.60;810;19;1562.00;10
3787;19;623471387;3787;315;4590;4600;6.57;0.40;236.91;3.60;803;19;1563.00;10
3790;19;623471396;3790;309;4594;4604;6.57;0.40;236.90;3.60;804;19;1564.00;10
3793;19;623471405;3793;314;4594;4604;6.54;0.40;236.86;3.60;801;19;1565.00;10
3798;19;623471414;3798;318;4596;4607;6.51;0.40;236.88;3.60;798;19;1566.00;11
3803;19;623471423;3803;314;4597;4607;6.47;0.39;236.83;3.60;794;19;1567.00;10
3807;19;623471432;3807;322;4597;4607;6.41;0.39;236.79;3.60;790;19;1568.00;10
3809;19;623471441;3809;322;4598;4607;6.37;0.39;236.79;3.63;789;19;1569.00;9
3815;19;623471450;3815;328;4602;4611;6.34;0.38;236.76;3.62;787;19;1570.00;9
3816;19;623471459;3816;331;4602;4611;6.32;0.38;236.77;3.62;786;19;1571.00;9
3817;19;623471468;3817;339;4602;4611;6.33;0.39;236.78;3.62;785;19;1572.00;9
3821;19;623471477;3821;345;4602;4611;6.21;0.38;236.80;3.62;781;19;1573.00;9
3822;19;623471486;3822;348;4603;4612;6.21;0.38;236.83;3.62;781;19;1574.00;9
3824;19;623471495;3824;349;4605;4614;6.22;0.38;236.85;3.62;781;19;1575.00;9
3828;19;623471503;3828;358;4605;4614;6.12;0.37;236.78;3.62;777;19;1576.00;9
3829;19;623471513;3829;347;4606;4615;6.10;0.37;236.78;3.62;777;19;1577.00;9
3831;19;623471522;3831;338;4606;4615;6.10;0.37;236.87;3.62;775;19;1578.00;9
3833;19;623471531;3833;331;4606;4615;6.13;0.37;236.85;3.62;773;19;1579.00;9
3836;19;623471539;3836;332;4606;4615;6.15;0.37;236.93;3.62;770;19;1580.00;9
3839;19;623471548;3839;336;4606;4615;6.15;0.37;236.97;3.62;767;19;1581.00;9
3841;19;623471556;3841;335;4606;4615;6.16;0.37;236.97;3.62;765;19;1582.00;9
3843;19;623471565;3843;333;4606;4615;6.16;0.37;236.99;3.62;763;19;1583.00;9
3843;19;623471574;3843;355;4680;4742;6.58;0.41;236.99;3.59;837;19;1584.00;62
3843;19;623471592;3843;346;4682;4743;6.62;0.41;236.99;3.59;839;19;1585.00;61
3844;19;623471607;3844;327;4691;4743;6.77;0.42;236.94;3.59;847;19;1586.00;52
3845;19;623471617;3845;304;4694;4743;6.86;0.42;236.93;3.59;849;19;1587.00;49
3846;19;623471627;3846;286;4699;4743;7.01;0.43;236.90;3.59;853;19;1588.00;44
3847;19;623471637;3847;273;4702;4743;7.08;0.44;236.94;3.59;855;19;1589.00;41
3848;19;623471649;3848;270;4704;4743;7.16;0.44;236.97;3.59;856;19;1590.00;39
3848;19;623471659;3848;266;4706;4743;7.26;0.45;236.97;3.59;858;19;1591.00;37
3850;19;623471670;3850;261;4708;4744;7.28;0.45;236.95;3.60;858;19;1592.00;36
3852;19;623471680;3852;268;4711;4745;7.36;0.45;236.94;3.60;859;19;1593.00;34
3852;19;623471691;3852;260;4713;4745;7.44;0.46;236.94;3.60;861;19;1594.00;32
3852;19;623471702;3852;260;4715;4746;7.58;0.47;236.94;3.61;863;19;1595.00;31
3852;20;623471712;3852;257;4718;4746;7.74;0.48;236.94;3.61;866;20;1596.00;28
3852;20;623471738;3852;262;4720;4746;7.90;0.49;236.94;3.61;868;20;1597.00;26
3854;20;623471748;3854;256;4721;4746;7.98;0.49;236.89;3.62;867;20;1598.00;25
3856;20;623471765;3856;249;4727;4750;8.03;0.49;236.85;3.66;871;20;1599.00;23
3859;20;623471777;3859;247;4729;4750;8.12;0.50;236.84;3.66;870;20;1600.00;21
3862;21;623471796;3862;242;4731;4750;8.19;0.50;236.80;3.66;869;21;1601.00;19
3863;21;623471836;3863;235;4733;4753;8.34;0.51;236.84;3.67;870;21;1602.00;20
3863;21;623471855;3863;230;4735;4753;8.45;0.52;236.84;3.67;872;21;1603.00;18
3866;21;623471873;3866;226;4736;4753;8.56;0.52;236.89;3.68;870;21;1604.00;17
3868;21;623471891;3868;221;4742;4757;8.63;0.52;236.91;3.68;874;21;1605.00;15
3870;21;623471909;3870;220;4743;4758;8.75;0.53;236.87;3.68;873;21;1606.00;15
3873;21;623471924;3873;213;4745;4758;8.85;0.54;236.85;3.69;872;21;1607.00;13
3877;21;623471938;3877;211;4748;4762;8.93;0.54;236.85;3.69;871;21;1608.00;14
3878;21;623471951;3878;205;4749;4762;9.07;0.55;236.85;3.69;871;21;1609.00;13
3881;21;623471964;3881;196;4750;4762;9.20;0.56;236.96;3.69;869;21;1610.00;12
3884;21;623471979;3884;196;4752;4763;9.29;0.56;236.96;3.72;868;21;1611.00;11
3886;21;623471992;3886;196;4752;4763;9.34;0.57;236.92;3.72;866;21;1612.00;11
3887;21;623472003;3887;195;4757;4769;9.44;0.57;237.01;3.72;870;21;1613.00;12
3889;21;623472016;3889;199;4757;4769;9.48;0.58;236.99;3.72;868;21;1614.00;12
3892;21;623472028;3892;197;4757;4770;9.56;0.58;236.98;3.72;865;21;1615.00;13
3894;21;623472043;3894;201;4757;4770;9.61;0.58;237.00;3.72;863;21;1616.00;13
3895;21;623472054;3895;199;4757;4770;9.57;0.58;236.99;3.72;862;21;1617.00;13
3898;21;623472072;3898;201;4757;4770;9.60;0.58;237.03;3.72;859;21;1618.00;13
3899;21;623472084;3899;199;4757;4770;9.61;0.58;237.01;3.72;858;21;1619.00;13
3901;21;623472097;3901;204;4782;4806;9.56;0.58;237.05;3.70;881;21;1620.00;24
3906;21;623472112;3906;199;4784;4806;9.66;0.59;237.18;3.70;878;21;1621.00;22
3908;21;623472124;3908;195;4786;4806;9.74;0.59;237.19;3.70;878;21;1622.00;20
3910;21;623472136;3910;193;4787;4806;9.84;0.60;237.17;3.70;877;21;1623.00;19
3913;21;623472147;3913;191;4787;4806;9.89;0.60;237.20;3.70;874;21;1624.00;19
3916;21;623472160;3916;193;4788;4806;9.93;0.60;237.26;3.70;872;21;1625.00;18
3918;21;623472177;3918;190;4791;4810;9.95;0.61;237.37;3.69;873;21;1626.00;19
3921;21;623472189;3921;193;4791;4810;9.99;0.61;237.42;3.69;870;21;1627.00;19
3924;21;623472206;3924;192;4795;4814;10.00;0.61;237.51;3.69;871;21;1628.00;19
3925;21;623472219;3925;187;4796;4815;10.03;0.61;237.56;3.69;871;21;1629.00;19
3931;21;623472236;3931;182;4796;4815;10.10;0.61;237.70;3.69;865;21;1630.00;19
3935;21;623472249;3935;180;4796;4815;10.10;0.61;237.69;3.69;861;21;1631.00;19
3937;21;623472261;3937;178;4807;4828;10.10;0.61;237.69;3.68;870;21;1632.00;21
3939;21;623472275;3939;165;4807;4828;10.20;0.62;237.76;3.68;868;21;1633.00;21
3946;21;623472286;3946;157;4808;4828;10.25;0.62;237.88;3.69;862;21;1634.00;20
3950;21;623472298;3950;153;4809;4829;10.31;0.63;237.84;3.69;859;21;1635.00;20
3953;21;623472310;3953;158;4810;4830;10.32;0.63;237.90;3.70;857;21;1636.00;20
3960;21;623472323;3960;152;4810;4830;10.35;0.63;238.14;3.70;850;21;1637.00;20
3962;21;623472334;3962;157;4812;4833;10.49;0.64;238.11;3.69;850;21;1638.00;21
3969;21;623472346;3969;157;4813;4833;10.58;0.65;238.19;3.69;844;21;1639.00;20
3972;21;623472357;3972;156;4813;4833;10.67;0.65;238.28;3.69;841;21;1640.00;20
3977;21;623472368;3977;158;4814;4833;10.70;0.65;238.23;3.73;837;21;1641.00;19
3981;21;623472380;3981;150;4819;4839;10.84;0.66;238.30;3.73;838;21;1642.00;20
3983;21;623472392;3983;154;4820;4839;10.88;0.66;238.38;3.74;837;21;1643.00;19
3989;21;623472403;3989;151;4820;4839;10.84;0.66;238.40;3.74;831;21;1644.00;19
3995;21;623472414;3995;152;4821;4839;10.73;0.65;238.53;3.74;826;21;1645.00;18
3996;21;623472425;3996;158;4824;4843;10.64;0.65;238.48;3.74;828;21;1646.00;19
3999;21;623472442;3999;156;4825;4844;10.53;0.64;238.43;3.74;826;21;1647.00;19
4005;21;623472453;4005;168;4825;4844;10.42;0.63;238.52;3.74;820;21;1648.00;19
4005;21;623472464;4005;174;4826;4845;10.44;0.63;238.52;3.74;821;21;1649.00;19
4008;21;623472477;4008;172;4826;4845;10.46;0.63;238.55;3.74;818;21;1650.00;19
4010;21;623472488;4010;171;4826;4845;10.45;0.63;238.62;3.74;816;21;1651.00;19
4012;21;623472499;4012;172;4826;4845;10.45;0.63;238.66;3.74;814;21;1652.00;19
4015;21;623472509;4015;171;4826;4845;10.39;0.63;238.77;3.74;811;21;1653.00;19
4018;21;623472521;4018;171;4826;4845;10.39;0.63;238.83;3.74;808;21;1654.00;19
4019;21;623472532;4019;175;4826;4845;10.39;0.63;238.86;3.74;807;21;1655.00;19
4021;21;623472542;4021;183;4863;4915;10.33;0.63;238.99;3.72;842;21;1656.00;52
4024;21;623472558;4024;183;4865;4916;10.28;0.63;239.00;3.72;841;21;1657.00;51
4024;21;623472569;4024;181;4873;4916;10.29;0.63;239.00;3.72;849;21;1658.00;43
4026;21;623472579;4026;186;4877;4916;10.26;0.63;239.00;3.73;851;21;1659.00;39
4030;21;623472593;4030;186;4880;4916;10.23;0.62;238.94;3.73;850;21;1660.00;36
4031;21;623472610;4031;194;4883;4916;10.24;0.62;238.99;3.73;852;21;1661.00;33
4034;21;623472622;4034;193;4888;4916;10.22;0.62;239.16;3.75;854;21;1662.00;28
4038;21;623472633;4038;191;4890;4916;10.24;0.62;239.25;3.75;852;21;1663.00;26
4038;22;623472644;4038;184;4892;4917;10.28;0.63;239.25;3.76;854;22;1664.00;25
4046;22;623472674;4046;185;4896;4919;10.19;0.62;239.28;3.76;850;22;1665.00;23
4047;22;623472686;4047;189;4898;4919;10.12;0.61;239.32;3.77;851;22;1666.00;21
4049;22;623472696;4049;193;4903;4923;9.97;0.61;239.36;3.77;854;22;1667.00;20
4053;22;623472707;4053;197;4905;4923;9.80;0.60;239.38;3.78;852;22;1668.00;18
4054;22;623472718;4054;201;4906;4923;9.69;0.59;239.37;3.78;852;22;1669.00;17
4057;22;623472729;4057;203;4907;4923;9.57;0.58;239.44;3.78;850;22;1670.00;16
4060;22;623472740;4060;210;4913;4929;9.48;0.58;239.56;3.78;853;22;1671.00;16
4062;22;623472752;4062;219;4913;4929;9.40;0.57;239.53;3.78;851;22;1672.00;16
4065;22;623472763;4065;227;4914;4929;9.34;0.57;239.65;3.78;849;22;1673.00;15
4066;22;623472773;4066;236;4917;4932;9.31;0.57;239.65;3.78;851;22;1674.00;15
4068;22;623472789;4068;243;4918;4932;9.24;0.56;239.69;3.79;850;22;1675.00;14
4072;22;623472801;4072;248;4919;4932;9.11;0.56;239.80;3.79;847;22;1676.00;13
4075;22;623472812;4075;249;4921;4933;9.01;0.55;239.82;3.79;846;22;1677.00;12
4076;22;623472823;4076;256;4922;4934;8.83;0.54;239.89;3.79;846;22;1678.00;12
4081;22;623472834;4081;254;4922;4934;8.67;0.53;239.90;3.79;841;22;1679.00;12
4082;22;623472845;4082;257;4940;4960;8.55;0.52;239.86;3.77;858;22;1680.00;20
4086;22;623472858;4086;254;4942;4960;8.48;0.52;239.84;3.77;856;22;1681.00;18
4089;22;623472868;4089;258;4944;4960;8.42;0.51;239.82;3.77;855;22;1682.00;16
4092;22;623472878;4092;255;4946;4961;8.42;0.51;239.86;3.77;854;22;1683.00;15
4094;22;623472888;4094;257;4946;4961;8.44;0.52;239.86;3.77;852;22;1684.00;15
4097;22;623472898;4097;252;4950;4965;8.41;0.51;239.84;3.77;853;22;1685.00;15
4098;22;623472908;4098;254;4950;4965;8.34;0.51;239.90;3.77;852;22;1686.00;15
4103;22;623472924;4103;255;4954;4969;8.23;0.50;240.09;3.77;851;22;1687.00;15
4105;22;623472936;4105;254;4954;4969;8.17;0.50;240.09;3.77;849;22;1688.00;15
4108;22;623472946;4108;252;4955;4969;8.03;0.49;240.08;3.78;847;22;1689.00;14
4111;22;623472956;4111;257;4955;4969;7.89;0.48;240.10;3.78;844;22;1690.00;14
4113;22;623472965;4113;258;4956;4969;7.85;0.48;240.07;3.78;843;22;1691.00;13
4114;22;623472974;4114;257;4968;4981;7.85;0.48;240.17;3.77;854;22;1692.00;13
4117;22;623472984;4117;261;4968;4981;7.74;0.47;240.22;3.77;851;22;1693.00;13
4120;22;623472993;4120;262;4969;4981;7.64;0.47;240.17;3.77;849;22;1694.00;12
4124;22;623473002;4124;265;4969;4981;7.55;0.46;240.22;3.77;845;22;1695.00;12
4128;22;623473011;4128;273;4969;4981;7.38;0.45;240.34;3.77;841;22;1696.00;12
4128;22;623473020;4128;275;4969;4981;7.22;0.44;240.34;3.77;841;22;1697.00;12
4135;22;623473028;4135;282;4970;4982;6.96;0.43;240.55;3.77;835;22;1698.00;12
4140;23;623473036;4140;288;4970;4982;6.74;0.41;240.54;3.77;830;23;1699.00;12
4142;23;623473061;4142;286;4976;4988;6.72;0.41;240.59;3.77;834;23;1700.00;12
4146;23;623473073;4146;288;4977;4989;6.61;0.41;240.65;3.76;831;23;1701.00;12
4148;23;623473082;4148;297;4977;4989;6.49;0.40;240.73;3.76;829;23;1702.00;12
4150;23;623473090;4150;297;4977;4989;6.39;0.39;240.83;3.76;827;23;1703.00;12
4153;23;623473099;4153;300;4981;4993;6.39;0.39;240.92;3.76;828;23;1704.00;12
4157;23;623473107;4157;296;4981;4993;6.36;0.39;241.06;3.76;824;23;1705.00;12
4162;23;623473116;4162;298;4981;4993;6.31;0.39;241.03;3.76;819;23;1706.00;12
4167;23;623473124;4167;297;4982;4994;6.36;0.39;241.02;3.76;815;23;1707.00;12
4170;23;623473133;4170;292;4986;4998;6.47;0.40;241.19;3.76;816;23;1708.00;12
4170;23;623473142;4170;288;4986;4998;6.55;0.41;241.19;3.76;816;23;1709.00;12
4175;23;623473153;4175;286;4990;5004;6.65;0.41;241.36;3.76;815;23;1710.00;14
4182;23;623473161;4182;289;4990;5004;6.67;0.41;241.62;3.76;808;23;1711.00;14
4183;23;623473170;4183;285;4992;5004;6.77;0.42;241.61;3.76;809;23;1712.00;12
4188;23;623473178;4188;289;4992;5004;6.77;0.42;241.54;3.76;804;23;1713.00;12
4191;23;623473186;4191;291;4996;5008;6.85;0.42;241.51;3.75;805;23;1714.00;12
4197;23;623473195;4197;291;4996;5008;6.80;0.42;241.36;3.75;799;23;1715.00;12
4199;23;623473204;4199;294;4996;5008;6.77;0.42;241.32;3.75;797;23;1716.00;12
4204;23;623473212;4204;299;4996;5008;6.70;0.41;241.24;3.75;792;23;1717.00;12
4211;23;623473220;4211;301;4997;5009;6.62;0.41;241.22;3.75;786;23;1718.00;12
4214;23;623473229;4214;306;4998;5010;6.56;0.40;241.15;3.75;784;23;1719.00;12
4218;23;623473238;4218;303;4998;5010;6.42;0.39;241.15;3.75;780;23;1720.00;12
4223;23;623473247;4223;307;4999;5011;6.39;0.39;241.12;3.75;776;23;1721.00;12
4225;23;623473256;4225;310;4999;5011;6.34;0.39;241.06;3.75;774;23;1722.00;12
4230;23;623473264;4230;310;4999;5011;6.18;0.38;241.08;3.75;769;23;1723.00;12
4234;23;623473273;4234;314;4999;5011;6.10;0.37;241.12;3.75;765;23;1724.00;12
4236;23;623473282;4236;319;4999;5011;6.00;0.37;241.03;3.75;763;23;1725.00;12
4239;23;623473290;4239;321;4999;5011;5.93;0.36;241.09;3.75;760;23;1726.00;12
4241;23;623473298;4241;322;4999;5011;5.87;0.36;241.14;3.75;758;23;1727.00;12
4245;23;623473306;4245;338;5074;5138;6.31;0.39;241.11;3.70;829;23;1728.00;64
4250;23;623473324;4250;339;5077;5139;6.27;0.39;241.19;3.69;827;23;1729.00;62
4254;23;623473333;4254;332;5085;5139;6.35;0.39;241.11;3.69;831;23;1730.00;54
4259;23;623473342;4259;338;5085;5139;6.25;0.39;241.07;3.69;826;23;1731.00;54
4262;23;623473351;4262;339;5092;5139;6.22;0.39;241.04;3.69;830;23;1732.00;47
4264;23;623473359;4264;341;5094;5139;6.18;0.38;241.08;3.69;830;23;1733.00;45
4268;23;623473368;4268;340;5097;5139;6.19;0.38;241.20;3.69;829;23;1734.00;42
4269;23;623473377;4269;341;5100;5139;6.24;0.38;241.20;3.70;831;23;1735.00;39
4272;23;623473386;4272;339;5103;5140;6.19;0.38;241.23;3.70;831;23;1736.00;37
4273;23;623473395;4273;346;5106;5141;6.22;0.38;241.24;3.70;833;23;1737.00;35
4274;23;623473404;4274;353;5109;5141;6.20;0.38;241.26;3.71;835;23;1738.00;32
4276;23;623473414;4276;345;5111;5142;6.17;0.38;241.24;3.71;835;23;1739.00;31
4279;23;623473424;4279;341;5114;5142;6.15;0.38;241.23;3.71;835;23;1740.00;28
4279;23;623473434;4279;342;5115;5142;6.18;0.38;241.23;3.71;836;23;1741.00;27
4281;23;623473443;4281;337;5118;5142;6.26;0.39;241.21;3.72;837;23;1742.00;24
4283;23;623473453;4283;334;5122;5146;6.28;0.39;241.29;3.72;839;23;1743.00;24
4284;23;623473463;4284;331;5129;5146;6.28;0.39;241.25;3.73;845;23;1744.00;17
4286;23;623473473;4286;334;5130;5146;6.31;0.39;241.30;3.73;844;23;1745.00;16
4289;23;623473483;4289;323;5131;5149;6.38;0.39;241.40;3.73;842;23;1746.00;18
4289;23;623473494;4289;314;5131;5149;6.51;0.40;241.40;3.73;842;23;1747.00;18
4293;23;623473504;4293;310;5131;5149;6.62;0.41;241.44;3.73;838;23;1748.00;18
4295;23;623473516;4295;296;5135;5153;6.73;0.41;241.48;3.73;840;23;1749.00;18
4295;23;623473527;4295;288;5136;5154;6.86;0.42;241.48;3.73;841;23;1750.00;18
4301;23;623473537;4301;283;5138;5154;6.90;0.42;241.37;3.74;837;23;1751.00;16
4301;23;623473549;4301;279;5141;5158;7.04;0.43;241.37;3.74;840;23;1752.00;17
4303;23;623473560;4303;277;5142;5158;7.12;0.44;241.41;3.74;839;23;1753.00;16
4303;23;623473572;4303;275;5144;5158;7.21;0.44;241.41;3.74;841;23;1754.00;14
4305;23;623473583;4305;271;5146;5160;7.33;0.45;241.34;3.73;841;23;1755.00;14
4308;23;623473594;4308;252;5146;5160;7.43;0.45;241.37;3.73;838;23;1756.00;14
4312;23;623473607;4312;239;5152;5166;7.53;0.46;241.47;3.73;840;23;1757.00;14
4312;23;623473620;4312;230;5152;5166;7.69;0.47;241.47;3.73;840;23;1758.00;14
4314;23;623473636;4314;221;5153;5167;7.87;0.48;241.43;3.73;839;23;1759.00;14
4319;23;623473654;4319;216;5153;5167;8.00;0.49;241.55;3.73;834;23;1760.00;14
4322;23;623473666;4322;210;5153;5167;8.18;0.50;241.58;3.73;831;23;1761.00;14
4326;23;623473678;4326;205;5153;5167;8.37;0.51;241.62;3.73;827;23;1762.00;14
4327;23;623473690;4327;199;5153;5167;8.60;0.52;241.71;3.73;826;23;1763.00;14
4329;23;623473702;4329;195;5163;5179;8.84;0.54;241.72;3.72;834;23;1764.00;16
4329;23;623473715;4329;192;5163;5179;8.98;0.55;241.72;3.72;834;23;1765.00;16
4333;23;623473726;4333;182;5165;5179;9.13;0.55;241.71;3.72;832;23;1766.00;14
4335;23;623473738;4335;179;5165;5179;9.32;0.57;241.76;3.72;830;23;1767.00;14
4339;23;623473750;4339;174;5165;5179;9.44;0.57;241.82;3.72;826;23;1768.00;14
4340;23;623473762;4340;168;5165;5179;9.53;0.58;241.96;3.72;825;23;1769.00;14
4342;23;623473775;4342;163;5169;5183;9.58;0.58;242.05;3.72;827;23;1770.00;14
4345;23;623473789;4345;153;5169;5183;9.68;0.59;242.06;3.72;824;23;1771.00;14
4346;23;623473807;4346;154;5173;5187;9.87;0.60;242.06;3.72;827;23;1772.00;14
4347;23;623473830;4347;146;5174;5188;9.98;0.61;242.14;3.72;827;23;1773.00;14
4350;23;623473849;4350;146;5175;5188;10.03;0.61;242.19;3.78;825;23;1774.00;13
4353;23;623473867;4353;143;5175;5188;10.15;0.62;242.20;3.78;822;23;1775.00;13
4354;23;623473883;4354;152;5188;5201;10.33;0.63;242.19;3.77;834;23;1776.00;13
4356;23;623473903;4356;147;5188;5201;10.43;0.63;242.25;3.77;832;23;1777.00;13
4359;23;623473917;4359;146;5189;5201;10.51;0.64;242.33;3.84;830;23;1778.00;12
4361;23;623473930;4361;142;5190;5202;10.62;0.65;242.30;3.84;829;23;1779.00;12
4364;23;623473944;4364;145;5190;5203;10.69;0.65;242.34;3.84;826;23;1780.00;13
4366;23;623473955;4366;139;5190;5203;10.77;0.65;242.45;3.84;824;23;1781.00;13
4370;23;623473970;4370;143;5193;5206;10.80;0.66;242.43;3.90;823;23;1782.00;13
4373;23;623473983;4373;144;5193;5206;10.81;0.65;242.45;3.90;820;23;1783.00;13
4376;23;623473995;4376;144;5194;5206;10.91;0.66;242.47;3.90;818;23;1784.00;12
4383;23;623474007;4383;148;5194;5206;11.06;0.67;242.47;3.90;811;23;1785.00;12
4384;23;623474020;4384;148;5199;5212;11.11;0.67;242.44;3.90;815;23;1786.00;13
4388;23;623474032;4388;150;5200;5212;11.14;0.68;242.39;3.96;812;23;1787.00;12
4390;23;623474045;4390;149;5200;5212;11.18;0.68;242.38;3.96;810;23;1788.00;12
4390;23;623474055;4390;153;5200;5212;11.21;0.68;242.38;3.96;810;23;1789.00;12
4392;23;623474067;4392;158;5204;5216;11.13;0.68;242.33;4.01;812;23;1790.00;12
4393;23;623474079;4393;153;5205;5217;11.09;0.67;242.35;4.01;812;23;1791.00;12
4396;23;623474090;4396;154;5205;5217;10.99;0.67;242.45;4.01;809;23;1792.00;12
4399;23;623474102;4399;158;5207;5218;11.00;0.67;242.44;4.05;808;23;1793.00;11
4402;23;623474114;4402;163;5207;5218;10.90;0.66;242.54;4.05;805;23;1794.00;11
4408;23;623474125;4408;162;5207;5218;10.84;0.66;242.67;4.05;799;23;1795.00;11
4411;23;623474137;4411;165;5207;5218;10.87;0.66;242.70;4.05;796;23;1796.00;11
4413;23;623474147;4413;164;5207;5218;10.87;0.66;242.80;4.05;794;23;1797.00;11
4416;23;623474158;4416;167;5207;5218;10.80;0.66;242.92;4.05;791;23;1798.00;11
4418;23;623474169;4418;162;5207;5218;10.70;0.65;242.93;4.05;789;23;1799.00;11
4424;23;623474189;4424;180;5270;5356;10.35;0.64;243.09;4.00;846;23;1800.00;86
4424;23;623474216;4424;163;5270;5357;10.39;0.64;243.09;4.00;846;23;1801.00;87
4430;23;623474227;4430;151;5282;5357;10.39;0.64;243.09;4.04;852;23;1802.00;75
4433;23;623474241;4433;143;5283;5357;10.42;0.64;243.07;4.04;850;23;1803.00;74
4435;23;623474254;4435;144;5288;5357;10.46;0.64;243.08;4.04;853;23;1804.00;69
4439;23;623474266;4439;146;5290;5357;10.46;0.64;243.09;4.05;851;23;1805.00;67
4444;23;623474285;4444;144;5298;5357;10.46;0.64;243.26;4.08;854;23;1806.00;59
4449;23;623474296;4449;151;5303;5357;10.44;0.64;243.24;4.09;854;23;1807.00;54
4453;23;623474308;4453;143;5308;5358;10.47;0.64;243.32;4.09;855;23;1808.00;50
4455;23;623474321;4455;146;5311;5359;10.54;0.65;243.28;4.09;856;23;1809.00;48
4459;23;623474333;4459;145;5317;5359;10.49;0.65;243.28;4.13;858;23;1810.00;42
4460;23;623474345;4460;146;5322;5363;10.46;0.64;243.31;4.13;862;23;1811.00;41
4466;23;623474356;4466;148;5324;5363;10.41;0.64;243.31;4.13;858;23;1812.00;39
4470;23;623474368;4470;146;5324;5363;10.33;0.63;243.29;4.13;854;23;1813.00;39
4474;23;623474379;4474;146;5324;5363;10.20;0.63;243.31;4.13;850;23;1814.00;39
4478;23;623474391;4478;148;5329;5369;10.19;0.62;243.28;4.13;851;23;1815.00;40
4482;23;623474403;4482;150;5329;5369;10.17;0.62;243.42;4.13;847;23;1816.00;40
4485;23;623474416;4485;151;5329;5369;10.19;0.63;243.42;4.13;844;23;1817.00;40
4490;23;623474427;4490;154;5330;5372;10.25;0.63;243.54;4.13;840;23;1818.00;42
4493;23;623474439;4493;154;5331;5372;10.33;0.63;243.51;4.14;838;23;1819.00;41
4497;23;623474451;4497;152;5333;5372;10.32;0.63;243.63;4.14;836;23;1820.00;39
4497;23;623474462;4497;154;5335;5373;10.38;0.64;243.63;4.15;838;23;1821.00;38
4504;23;623474474;4504;156;5337;5374;10.39;0.64;243.64;4.15;833;23;1822.00;37
4505;23;623474486;4505;156;5337;5374;10.45;0.64;243.63;4.15;832;23;1823.00;37
4508;23;623474498;4508;157;5349;5387;10.34;0.63;243.70;4.15;841;23;1824.00;38
4511;23;623474510;4511;157;5350;5387;10.31;0.63;243.80;4.15;839;23;1825.00;37
4517;23;623474522;4517;161;5352;5387;10.30;0.63;243.88;4.16;835;23;1826.00;35
4518;23;623474533;4518;168;5355;5388;10.28;0.63;243.85;4.16;837;23;1827.00;33
4523;23;623474551;4523;170;5355;5388;10.31;0.63;243.81;4.16;832;23;1828.00;33
4530;23;623474562;4530;173;5359;5392;10.24;0.62;243.87;4.16;829;23;1829.00;33
4532;23;623474576;4532;171;5360;5392;10.16;0.62;244.08;4.16;828;23;1830.00;32
4535;23;623474587;4535;181;5365;5396;9.98;0.61;244.15;4.17;830;23;1831.00;31
4538;23;623474598;4538;185;5365;5396;9.85;0.60;244.25;4.17;827;23;1832.00;31
4540;23;623474609;4540;187;5367;5396;9.72;0.59;244.36;4.18;827;23;1833.00;29
4544;23;623474619;4544;196;5367;5396;9.61;0.59;244.52;4.18;823;23;1834.00;29
4546;23;623474630;4546;202;5368;5396;9.48;0.58;244.58;4.18;822;23;1835.00;28
4550;23;623474640;4550;210;5380;5408;9.36;0.57;244.60;4.18;830;23;1836.00;28
4554;23;623474652;4554;221;5382;5408;9.14;0.56;244.87;4.19;828;23;1837.00;26
4555;23;623474662;4555;230;5384;5408;9.04;0.55;244.95;4.20;829;23;1838.00;24
4558;23;623474672;4558;238;5384;5408;8.88;0.55;245.01;4.20;826;23;1839.00;24
4562;23;623474682;4562;241;5384;5408;8.75;0.54;244.97;4.20;822;23;1840.00;24
4563;23;623474692;4563;255;5385;5408;8.57;0.53;245.03;4.20;822;23;1841.00;23
4564;23;623474702;4564;259;5385;5409;8.48;0.52;244.99;4.20;821;23;1842.00;24
4571;23;623474712;4571;271;5387;5409;8.29;0.51;245.16;4.21;816;23;1843.00;22
4573;23;623474722;4573;268;5392;5415;8.28;0.51;245.12;4.21;819;23;1844.00;23
4576;23;623474732;4576;277;5396;5417;8.21;0.50;245.19;4.21;820;23;1845.00;21
4577;23;623474741;4577;286;5397;5417;8.20;0.50;245.19;4.21;820;23;1846.00;20
4583;23;623474751;4583;289;5398;5417;8.12;0.50;245.23;4.21;815;23;1847.00;19
4587;23;623474760;4587;297;5401;5421;8.06;0.49;245.42;4.21;814;23;1848.00;20
4591;23;623474771;4591;293;5402;5421;8.01;0.49;245.51;4.21;811;23;1849.00;19
4593;23;623474780;4593;290;5402;5421;7.88;0.48;245.56;4.21;809;23;1850.00;19
4596;23;623474793;4596;295;5403;5422;7.84;0.48;245.56;4.21;807;23;1851.00;19
4597;23;623474802;4597;292;5407;5426;7.81;0.48;245.55;4.20;810;23;1852.00;19
4597;23;623474811;4597;289;5407;5426;7.80;0.48;245.55;4.20;810;23;1853.00;19
4601;23;623474820;4601;289;5409;5429;7.78;0.48;245.73;4.20;808;23;1854.00;20
4602;23;623474830;4602;289;5409;5429;7.75;0.48;245.70;4.20;807;23;1855.00;20
4606;23;623474839;4606;293;5410;5429;7.74;0.48;245.78;4.20;804;23;1856.00;19
4610;23;623474849;4610;289;5410;5429;7.71;0.47;245.80;4.20;800;23;1857.00;19
4611;23;623474857;4611;294;5414;5433;7.84;0.48;245.84;4.20;803;23;1858.00;19
4611;23;623474866;4611;301;5414;5433;7.82;0.48;245.84;4.20;803;23;1859.00;19
4615;23;623474876;4615;299;5414;5433;7.67;0.47;245.89;4.20;799;23;1860.00;19
4618;23;623474884;4618;302;5414;5433;7.52;0.46;245.89;4.20;796;23;1861.00;19
4620;23;623474892;4620;300;5415;5434;7.36;0.45;245.85;4.20;795;23;1862.00;19
4624;23;623474900;4624;304;5416;5435;7.26;0.45;245.84;4.20;792;23;1863.00;19
4629;23;623474909;4629;307;5416;5435;7.16;0.44;245.78;4.20;787;23;1864.00;19
4633;23;623474917;4633;312;5417;5436;7.02;0.43;245.69;4.20;784;23;1865.00;19
4636;23;623474925;4636;309;5417;5436;6.88;0.43;245.72;4.20;781;23;1866.00;19
4640;23;623474932;4640;308;5417;5436;6.65;0.41;245.63;4.20;777;23;1867.00;19
4644;23;623474940;4644;320;5417;5436;6.48;0.40;245.76;4.20;773;23;1868.00;19
4646;23;623474947;4646;325;5417;5436;6.29;0.39;245.75;4.20;771;23;1869.00;19
4649;23;623474954;4649;319;5417;5436;6.19;0.38;245.74;4.20;768;23;1870.00;19
4654;23;623474961;4654;314;5417;5436;6.03;0.37;245.71;4.20;763;23;1871.00;19
4656;23;623474969;4656;334;5489;5563;6.38;0.40;245.70;4.14;833;23;1872.00;74
4660;23;623474986;4660;325;5493;5564;6.38;0.40;245.75;4.14;833;23;1873.00;71
4664;23;623474994;4664;324;5503;5564;6.48;0.41;245.69;4.14;839;23;1874.00;61
4669;23;623475002;4669;315;5504;5564;6.50;0.41;245.62;4.14;835;23;1875.00;60
4674;23;623475011;4674;319;5512;5564;6.54;0.41;245.60;4.14;838;23;1876.00;52
4677;23;623475019;4677;312;5514;5564;6.60;0.41;245.51;4.14;837;23;1877.00;50
4682;23;623475027;4682;303;5516;5564;6.60;0.41;245.50;4.14;834;23;1878.00;48
4688;23;623475035;4688;303;5519;5564;6.63;0.41;245.47;4.14;831;23;1879.00;45
4688;23;623475044;4688;303;5521;5565;6.66;0.41;245.47;4.14;833;23;1880.00;44
4691;23;623475052;4691;309;5524;5566;6.64;0.41;245.52;4.14;833;23;1881.00;42
4695;23;623475061;4695;311;5528;5568;6.62;0.41;245.56;4.14;833;23;1882.00;40
4695;23;623475069;4695;312;5530;5569;6.59;0.41;245.56;4.15;835;23;1883.00;39
4697;23;623475078;4697;316;5535;5569;6.55;0.40;245.61;4.15;838;23;1884.00;34
4701;23;623475086;4701;328;5537;5569;6.45;0.40;245.62;4.16;836;23;1885.00;32
4704;23;623475095;4704;333;5538;5569;6.41;0.40;245.56;4.16;834;23;1886.00;31
4707;23;623475104;4707;338;5543;5573;6.35;0.39;245.61;4.16;836;23;1887.00;30
4710;23;623475113;4710;345;5544;5573;6.30;0.39;245.69;4.16;834;23;1888.00;29
4710;23;623475121;4710;351;5546;5573;6.27;0.39;245.69;4.17;836;23;1889.00;27
4714;23;623475131;4714;353;5550;5579;6.20;0.38;245.71;4.17;836;23;1890.00;29
4717;23;623475141;4717;345;5552;5579;6.21;0.38;245.70;4.16;835;23;1891.00;27
4719;23;623475150;4719;335;5554;5579;6.28;0.39;245.84;4.17;835;23;1892.00;25
4722;23;623475159;4722;331;5558;5583;6.32;0.39;245.80;4.17;836;23;1893.00;25
4727;23;623475169;4727;327;5560;5584;6.43;0.40;245.76;4.17;833;23;1894.00;24
4730;23;623475178;4730;326;5561;5584;6.52;0.40;245.72;4.17;831;23;1895.00;23
4737;23;623475188;4737;328;5566;5588;6.60;0.40;245.69;4.17;829;23;1896.00;22
4741;23;623475198;4741;327;5567;5588;6.66;0.41;245.62;4.17;826;23;1897.00;21
4747;23;623475214;4747;331;5567;5588;6.69;0.41;245.62;4.17;820;23;1898.00;21
4749;23;623475224;4749;330;5568;5589;6.76;0.41;245.63;4.17;819;23;1899.00;21
4752;23;623475234;4752;323;5568;5589;6.74;0.41;245.64;4.17;816;23;1900.00;21
4756;23;623475247;4756;321;5574;5595;6.79;0.41;245.63;4.17;818;23;1901.00;21
4760;23;623475258;4760;317;5574;5595;6.72;0.41;245.58;4.17;814;23;1902.00;21
4762;23;623475268;4762;316;5575;5596;6.73;0.41;245.61;4.17;813;23;1903.00;21
4764;23;623475278;4764;317;5575;5596;6.79;0.41;245.62;4.17;811;23;1904.00;21
4767;23;623475287;4767;316;5575;5596;6.79;0.41;245.58;4.17;808;23;1905.00;21
4768;23;623475302;4768;311;5575;5596;6.83;0.41;245.61;4.17;807;23;1906.00;21
4771;23;623475311;4771;314;5575;5596;6.79;0.41;245.61;4.17;804;23;1907.00;21
4771;23;623475321;4771;310;5585;5608;6.95;0.42;245.61;4.16;814;23;1908.00;23
4774;23;623475337;4774;309;5585;5608;6.95;0.42;245.62;4.16;811;23;1909.00;23
4774;23;623475347;4774;316;5587;5608;7.06;0.43;245.62;4.16;813;23;1910.00;21
4774;23;623475357;4774;314;5587;5608;7.10;0.43;245.62;4.16;813;23;1911.00;21
4778;23;623475366;4778;309;5588;5608;7.12;0.43;245.65;4.20;810;23;1912.00;20
4781;23;623475377;4781;308;5588;5608;7.12;0.43;245.59;4.20;807;23;1913.00;20
4782;23;623475387;4782;306;5592;5612;7.18;0.44;245.59;4.20;810;23;1914.00;20
4785;23;623475397;4785;302;5592;5612;7.19;0.44;245.63;4.20;807;23;1915.00;20
4786;23;623475407;4786;297;5596;5616;7.32;0.44;245.70;4.20;810;23;1916.00;20
4788;23;623475417;4788;286;5597;5617;7.32;0.44;245.81;4.20;809;23;1917.00;20
4791;23;623475427;4791;272;5597;5617;7.37;0.45;245.84;4.20;806;23;1918.00;20
4792;23;623475437;4792;266;5597;5617;7.47;0.45;245.92;4.20;805;23;1919.00;20
4796;23;623475450;4796;269;5623;5646;7.67;0.47;245.94;4.18;827;23;1920.00;23
4797;23;623475462;4797;258;5623;5646;7.81;0.47;245.92;4.18;826;23;1921.00;23
4798;23;623475473;4798;249;5624;5646;7.93;0.48;245.88;4.18;826;23;1922.00;22
4800;23;623475484;4800;248;5625;5647;8.06;0.49;246.02;4.18;825;23;1923.00;22
4803;23;623475494;4803;248;5626;5648;8.10;0.49;246.12;4.18;823;23;1924.00;22
4804;23;623475506;4804;250;5626;5648;8.18;0.50;246.19;4.18;822;23;1925.00;22
4807;23;623475522;4807;238;5628;5651;8.28;0.50;246.23;4.18;821;23;1926.00;23
4809;23;623475534;4809;225;5628;5651;8.41;0.51;246.27;4.18;819;23;1927.00;23
4812;23;623475545;4812;219;5629;5651;8.48;0.51;246.41;4.17;817;23;1928.00;22
4815;23;623475556;4815;205;5630;5651;8.58;0.52;246.47;4.22;815;23;1929.00;21
4817;23;623475568;4817;205;5635;5657;8.69;0.53;246.53;4.22;818;23;1930.00;22
4818;23;623475580;4818;208;5635;5657;8.84;0.54;246.61;4.22;817;23;1931.00;22
4820;23;623475592;4820;203;5635;5657;8.98;0.55;246.73;4.22;815;23;1932.00;22
4821;23;623475603;4821;198;5635;5657;9.11;0.55;246.80;4.22;814;23;1933.00;22
4823;23;623475614;4823;195;5639;5661;9.17;0.56;246.87;4.21;816;23;1934.00;22
4825;23;623475626;4825;189;5641;5663;9.29;0.56;246.97;4.21;816;23;1935.00;22
4827;23;623475638;4827;197;5641;5663;9.39;0.57;246.92;4.21;814;23;1936.00;22
4829;23;623475650;4829;190;5642;5664;9.49;0.58;246.99;4.21;813;23;1937.00;22
4831;23;623475662;4831;188;5642;5664;9.62;0.58;247.09;4.21;811;23;1938.00;22
4833;23;623475673;4833;195;5643;5664;9.76;0.59;247.09;4.26;810;23;1939.00;21
4837;23;623475685;4837;193;5643;5664;9.86;0.60;247.09;4.26;806;23;1940.00;21
4839;23;623475696;4839;190;5643;5664;9.92;0.60;247.10;4.26;804;23;1941.00;21
4842;23;623475707;4842;189;5643;5664;9.89;0.60;247.10;4.26;801;23;1942.00;21
4845;23;623475718;4845;187;5643;5664;9.90;0.60;247.16;4.26;798;23;1943.00;21
4846;23;623475729;4846;205;5685;5734;9.67;0.59;247.15;4.22;839;23;1944.00;49
4847;23;623475745;4847;198;5685;5735;9.74;0.59;247.12;4.22;838;23;1945.00;50
4851;23;623475762;4851;195;5690;5735;9.86;0.60;247.16;4.22;839;23;1946.00;45
4854;23;623475773;4854;192;5690;5735;9.89;0.60;247.30;4.22;836;23;1947.00;45
4857;23;623475785;4857;192;5692;5735;9.91;0.60;247.26;4.22;835;23;1948.00;43
4858;23;623475805;4858;194;5694;5735;10.02;0.61;247.26;4.26;836;23;1949.00;41
4860;23;623475828;4860;201;5700;5737;10.16;0.62;247.25;4.26;840;23;1950.00;37
4863;23;623475848;4863;204;5702;5737;10.27;0.62;247.32;4.30;839;23;1951.00;35
4867;23;623475866;4867;200;5705;5738;10.37;0.63;247.29;4.30;838;23;1952.00;33
4870;23;623475882;4870;200;5707;5739;10.44;0.63;247.29;4.30;837;23;1953.00;32
4872;23;623475901;4872;201;5710;5739;10.48;0.64;247.29;4.31;838;23;1954.00;29
4873;23;623475914;4873;200;5716;5743;10.47;0.64;247.30;4.31;843;23;1955.00;27
4874;23;623475926;4874;193;5719;5743;10.46;0.64;247.33;4.33;845;23;1956.00;24
4878;23;623475938;4878;195;5719;5743;10.46;0.64;247.27;4.33;841;23;1957.00;24
4882;23;623475951;4882;193;5719;5743;10.47;0.64;247.26;4.33;837;23;1958.00;24
4887;23;623475963;4887;191;5724;5749;10.47;0.64;247.36;4.33;837;23;1959.00;25
4889;23;623475977;4889;189;5724;5749;10.48;0.64;247.41;4.33;835;23;1960.00;25
4890;23;623475990;4890;190;5724;5749;10.50;0.64;247.42;4.33;834;23;1961.00;25
4893;23;623476014;4893;193;5726;5752;10.59;0.64;247.40;4.33;833;23;1962.00;26
4896;23;623476037;4896;193;5726;5752;10.63;0.65;247.40;4.33;830;23;1963.00;26
4899;23;623476050;4899;187;5727;5752;10.62;0.65;247.37;4.33;828;23;1964.00;25
4903;23;623476063;4903;186;5727;5753;10.62;0.65;247.47;4.33;824;23;1965.00;26
4906;23;623476077;4906;185;5728;5754;10.63;0.65;247.43;4.33;822;23;1966.00;26
4908;23;623476090;4908;179;5728;5754;10.69;0.65;247.43;4.33;820;23;1967.00;26
4908;23;623476102;4908;181;5737;5767;10.67;0.65;247.43;4.32;829;23;1968.00;30
4913;23;623476114;4913;176;5738;5767;10.68;0.65;247.48;4.32;825;23;1969.00;29
4916;23;623476126;4916;175;5738;5767;10.70;0.65;247.47;4.32;822;23;1970.00;29
4922;23;623476138;4922;174;5740;5768;10.67;0.65;247.56;4.35;818;23;1971.00;28
4924;23;623476150;4924;168;5740;5768;10.65;0.65;247.55;4.35;816;23;1972.00;28
4929;23;623476163;4929;161;5745;5772;10.61;0.64;247.64;4.35;816;23;1973.00;27
4936;23;623476175;4936;158;5747;5772;10.64;0.64;247.70;4.38;811;23;1974.00;25
4937;23;623476187;4937;162;5750;5776;10.65;0.64;247.70;4.38;813;23;1975.00;26
4942;23;623476198;4942;161;5752;5776;10.59;0.64;247.80;4.42;810;23;1976.00;24
4946;23;623476210;4946;156;5752;5776;10.57;0.64;247.80;4.42;806;23;1977.00;24
4948;23;623476222;4948;151;5753;5776;10.52;0.64;247.83;4.45;805;23;1978.00;23
4952;23;623476232;4952;148;5753;5776;10.51;0.64;247.89;4.45;801;23;1979.00;23
4957;23;623476245;4957;153;5774;5810;10.51;0.64;247.93;4.43;817;23;1980.00;36
4958;23;623476259;4958;150;5776;5810;10.51;0.64;247.91;4.46;818;23;1981.00;34
4962;23;623476269;4962;149;5777;5810;10.56;0.64;247.95;4.46;815;23;1982.00;33
4965;23;623476281;4965;157;5777;5810;10.60;0.65;248.00;4.46;812;23;1983.00;33
4967;23;623476291;4967;155;5779;5810;10.58;0.64;248.02;4.49;812;23;1984.00;31
4971;23;623476309;4971;157;5779;5810;10.64;0.65;248.03;4.49;808;23;1985.00;31
4972;23;623476322;4972;156;5782;5811;10.67;0.65;248.08;4.54;810;23;1986.00;29
4977;23;623476332;4977;162;5783;5811;10.69;0.65;248.12;4.54;806;23;1987.00;28
4980;23;623476345;4980;168;5787;5817;10.69;0.65;248.10;4.53;807;23;1988.00;30
4984;23;623476362;4984;167;5787;5818;10.63;0.65;248.14;4.53;803;23;1989.00;31
4989;23;623476373;4989;165;5788;5818;10.54;0.64;248.12;4.53;799;23;1990.00;30
4992;23;623476384;4992;165;5790;5818;10.41;0.63;248.28;4.54;798;23;1991.00;28
4992;23;623476395;4992;166;5793;5822;10.32;0.63;248.28;4.53;801;23;1992.00;29
4994;23;623476406;4994;172;5794;5822;10.17;0.62;248.29;4.53;800;23;1993.00;28
4995;23;623476416;4995;181;5794;5822;10.06;0.61;248.34;4.53;799;23;1994.00;28
4998;23;623476427;4998;183;5796;5823;9.99;0.61;248.36;4.54;798;23;1995.00;27
5001;23;623476437;5001;187;5801;5827;9.92;0.60;248.35;4.54;800;23;1996.00;26
5003;23;623476448;5003;191;5801;5827;9.84;0.60;248.48;4.54;798;23;1997.00;26
5004;23;623476459;5004;198;5803;5830;9.81;0.60;248.49;4.54;799;23;1998.00;27
5007;23;623476470;5007;205;5804;5830;9.85;0.60;248.52;4.54;797;23;1999.00;26
5010;23;623476482;5010;209;5805;5830;9.77;0.59;248.52;4.55;795;23;2000.00;25
5012;23;623476495;5012;214;5806;5830;9.60;0.58;248.53;4.55;794;23;2001.00;24
5016;23;623476506;5016;218;5811;5834;9.53;0.58;248.59;4.55;795;23;2002.00;23
5019;23;623476517;5019;226;5811;5834;9.47;0.58;248.62;4.55;792;23;2003.00;23
5021;23;623476527;5021;230;5811;5834;9.40;0.57;248.63;4.55;790;23;2004.00;23
5027;23;623476538;5027;233;5813;5834;9.31;0.57;248.73;4.56;786;23;2005.00;21
5030;23;623476548;5030;237;5813;5835;9.20;0.56;248.75;4.56;783;23;2006.00;22
5035;23;623476558;5035;245;5816;5836;9.07;0.55;248.88;4.57;781;23;2007.00;20
5035;23;623476567;5035;251;5816;5836;8.93;0.54;248.88;4.57;781;23;2008.00;20
5038;23;623476576;5038;259;5818;5837;8.85;0.54;248.97;4.58;780;23;2009.00;19
5042;23;623476587;5042;266;5818;5837;8.71;0.53;248.90;4.58;776;23;2010.00;19
5043;23;623476598;5043;272;5819;5837;8.65;0.53;248.97;4.58;776;23;2011.00;18
5046;23;623476606;5046;277;5821;5837;8.53;0.52;249.04;4.59;775;23;2012.00;16
5048;23;623476615;5048;278;5821;5837;8.41;0.51;249.10;4.59;773;23;2013.00;16
5051;23;623476624;5051;282;5823;5837;8.32;0.51;249.23;4.60;772;23;2014.00;14
5056;23;623476633;5056;287;5823;5837;8.25;0.51;249.31;4.60;767;23;2015.00;14
5058;23;623476643;5058;307;5887;5964;8.36;0.52;249.31;4.55;829;23;2016.00;77
5059;23;623476662;5059;298;5893;5965;8.24;0.51;249.30;4.55;834;23;2017.00;72
5061;23;623476671;5061;298;5904;5965;8.17;0.51;249.26;4.54;843;23;2018.00;61
5065;23;623476680;5065;294;5904;5965;8.02;0.50;249.31;4.54;839;23;2019.00;61
5068;23;623476689;5068;288;5911;5965;7.95;0.50;249.36;4.54;843;23;2020.00;54
5071;23;623476698;5071;288;5914;5965;7.91;0.49;249.32;4.54;843;23;2021.00;51
5073;23;623476707;5073;291;5918;5965;7.83;0.49;249.30;4.54;845;23;2022.00;47
5075;23;623476716;5075;291;5921;5965;7.85;0.49;249.25;4.54;846;23;2023.00;44
5078;23;623476725;5078;295;5923;5966;7.92;0.49;249.19;4.54;845;23;2024.00;43
5080;23;623476735;5080;299;5927;5968;7.90;0.49;249.22;4.55;847;23;2025.00;41
5084;23;623476745;5084;295;5931;5968;7.85;0.48;249.09;4.55;847;23;2026.00;37
5085;23;623476755;5085;294;5933;5969;7.84;0.48;249.04;4.55;848;23;2027.00;36
5087;23;623476765;5087;295;5937;5969;7.73;0.48;249.02;4.56;850;23;2028.00;32
5091;23;623476774;5091;302;5939;5969;7.62;0.47;248.94;4.56;848;23;2029.00;30
5092;23;623476784;5092;308;5941;5969;7.53;0.46;248.91;4.56;849;23;2030.00;28
5093;23;623476794;5093;318;5945;5973;7.43;0.46;248.91;4.56;852;23;2031.00;28
5098;23;623476803;5098;323;5947;5973;7.23;0.45;248.81;4.57;849;23;2032.00;26
5100;23;623476813;5100;328;5949;5973;7.06;0.44;248.82;4.57;849;23;2033.00;24
5102;23;623476822;5102;338;5951;5976;6.98;0.43;248.80;4.58;849;23;2034.00;25
5103;23;623476831;5103;341;5952;5976;6.85;0.42;248.78;4.58;849;23;2035.00;24
5105;23;623476841;5105;343;5954;5976;6.68;0.41;248.77;4.58;849;23;2036.00;22
5107;23;623476849;5107;349;5960;5980;6.55;0.41;248.75;4.58;853;23;2037.00;20
5109;23;623476859;5109;354;5961;5981;6.37;0.40;248.75;4.58;852;23;2038.00;20
5112;23;623476867;5112;365;5964;5981;6.20;0.39;248.71;4.59;852;23;2039.00;17
5116;23;623476877;5116;362;5969;5986;6.11;0.38;248.77;4.58;853;23;2040.00;17
5121;23;623476887;5121;357;5970;5986;6.03;0.37;248.68;4.58;849;23;2041.00;16
5123;23;623476896;5123;342;5971;5986;6.04;0.38;248.68;4.58;848;23;2042.00;15
5127;23;623476904;5127;330;5972;5987;6.01;0.37;248.67;4.58;845;23;2043.00;15
5129;23;623476912;5129;317;5972;5987;6.07;0.38;248.70;4.58;843;23;2044.00;15
5133;23;623476921;5133;309;5978;5993;6.17;0.38;248.65;4.58;845;23;2045.00;15
5136;23;623476931;5136;309;5978;5993;6.23;0.38;248.63;4.58;842;23;2046.00;15
5140;23;623476940;5140;301;5979;5994;6.25;0.39;248.62;4.58;839;23;2047.00;15
5141;23;623476951;5141;284;5979;5994;6.39;0.39;248.62;4.58;838;23;2048.00;15
5145;23;623476960;5145;277;5979;5994;6.47;0.40;248.63;4.58;834;23;2049.00;15
5147;23;623476976;5147;269;5979;5994;6.56;0.40;248.62;4.58;832;23;2050.00;15
5151;23;623476985;5151;264;5979;5994;6.65;0.41;248.71;4.58;828;23;2051.00;15
5154;23;623476995;5154;262;5989;6006;6.82;0.42;248.67;4.57;835;23;2052.00;17
5157;23;623477005;5157;262;5990;6006;6.96;0.43;248.65;4.57;833;23;2053.00;16
5161;23;623477015;5161;258;5991;6006;7.09;0.43;248.64;4.57;830;23;2054.00;15
5164;23;623477025;5164;257;5991;6006;7.15;0.44;248.63;4.57;827;23;2055.00;15
5167;23;623477035;5167;258;5991;6006;7.23;0.44;248.61;4.57;824;23;2056.00;15
5171;23;623477045;5171;258;5991;6006;7.25;0.44;248.79;4.57;820;23;2057.00;15
5174;23;623477061;5174;259;5995;6010;7.32;0.45;248.72;4.57;821;23;2058.00;15
5178;23;623477071;5178;259;5996;6010;7.40;0.45;248.73;4.61;818;23;2059.00;14
5180;23;623477082;5180;257;6000;6014;7.48;0.45;248.74;4.61;820;23;2060.00;14
5181;23;623477093;5181;254;6001;6015;7.60;0.46;248.74;4.61;820;23;2061.00;14
5185;23;623477103;5185;252;6001;6015;7.64;0.46;248.78;4.61;816;23;2062.00;14
5188;23;623477113;5188;255;6001;6015;7.58;0.46;248.81;4.61;813;23;2063.00;14
5190;23;623477123;5190;255;6014;6028;7.62;0.46;248.88;4.60;824;23;2064.00;14
5198;23;623477134;5198;252;6014;6028;7.56;0.46;249.14;4.60;816;23;2065.00;14
5203;23;623477145;5203;254;6014;6028;7.51;0.46;249.12;4.60;811;23;2066.00;14
5208;23;623477161;5208;258;6015;6029;7.52;0.46;249.22;4.60;807;23;2067.00;14
5211;23;623477171;5211;256;6016;6030;7.51;0.46;249.27;4.59;805;23;2068.00;14
5213;23;623477181;5213;254;6016;6030;7.50;0.46;249.27;4.59;803;23;2069.00;14
5220;23;623477193;5220;253;6020;6036;7.52;0.46;249.40;4.59;800;23;2070.00;16
5222;23;623477204;5222;256;6020;6036;7.52;0.46;249.46;4.59;798;23;2071.00;16
5226;23;623477213;5226;258;6022;6036;7.57;0.46;249.56;4.59;796;23;2072.00;14
5231;23;623477224;5231;261;6022;6036;7.51;0.46;249.61;4.59;791;23;2073.00;14
5232;23;623477234;5232;258;6028;6042;7.54;0.46;249.59;4.59;796;23;2074.00;14
5238;23;623477245;5238;262;6028;6042;7.48;0.45;249.65;4.59;790;23;2075.00;14
5241;23;623477255;5241;261;6028;6042;7.53;0.46;249.73;4.59;787;23;2076.00;14
5244;23;623477266;5244;265;6028;6042;7.49;0.45;249.67;4.59;784;23;2077.00;14
5246;23;623477275;5246;264;6032;6046;7.52;0.46;249.77;4.58;786;23;2078.00;14
5248;23;623477285;5248;264;6033;6047;7.53;0.46;249.85;4.58;785;23;2079.00;14
5253;23;623477294;5253;267;6033;6047;7.53;0.46;250.06;4.58;780;23;2080.00;14
5257;23;623477304;5257;269;6034;6048;7.55;0.46;250.15;4.58;777;23;2081.00;14
5258;23;623477315;5258;265;6034;6048;7.62;0.46;250.16;4.58;776;23;2082.00;14
5261;23;623477324;5261;264;6034;6048;7.61;0.46;250.15;4.58;773;23;2083.00;14
5262;23;623477334;5262;258;6034;6048;7.68;0.47;250.12;4.58;772;23;2084.00;14
5264;23;623477349;5264;254;6035;6048;7.73;0.47;250.16;4.63;771;23;2085.00;13
5265;24;623477359;5265;257;6035;6048;7.75;0.47;250.21;4.63;770;24;2086.00;13
5267;24;623477378;5267;246;6035;6048;7.79;0.47;250.20;4.63;768;24;2087.00;13
5271;24;623477389;5271;251;6080;6118;7.96;0.49;250.22;4.60;809;24;2088.00;38
5273;24;623477404;5273;242;6082;6119;8.07;0.49;250.25;4.59;809;24;2089.00;37
5274;24;623477415;5274;230;6087;6119;8.19;0.50;250.34;4.59;813;24;2090.00;32
5280;24;623477425;5280;223;6087;6119;8.20;0.50;250.40;4.59;807;24;2091.00;32
5283;24;623477436;5283;223;6089;6119;8.24;0.50;250.42;4.59;806;24;2092.00;30
5285;24;623477446;5285;223;6090;6119;8.27;0.50;250.44;4.59;805;24;2093.00;29
5287;24;623477457;5287;225;6091;6119;8.40;0.51;250.43;4.59;804;24;2094.00;28
5290;24;623477468;5290;227;6093;6119;8.48;0.51;250.47;4.59;803;24;2095.00;26
5290;24;623477479;5290;210;6096;6120;8.60;0.52;250.47;4.59;806;24;2096.00;24
5294;24;623477490;5294;201;6098;6121;8.66;0.52;250.60;4.60;804;24;2097.00;23
5295;24;623477501;5295;197;6100;6121;8.69;0.53;250.67;4.60;805;24;2098.00;21
5297;24;623477512;5297;193;6106;6125;8.73;0.53;250.66;4.60;809;24;2099.00;19
5297;24;623477526;5297;195;6112;6140;8.79;0.53;250.66;4.60;815;24;2100.00;28
5300;24;623477544;5300;192;6113;6140;8.80;0.53;250.61;4.60;813;24;2101.00;27
5302;24;623477556;5302;198;6115;6140;8.88;0.54;250.75;4.60;813;24;2102.00;25
5305;24;623477567;5305;199;6120;6146;8.93;0.54;250.70;4.60;815;24;2103.00;26
5306;24;623477579;5306;200;6121;6146;9.04;0.55;250.71;4.64;815;24;2104.00;25
5307;24;623477591;5307;200;6122;6146;9.12;0.55;250.78;4.65;815;24;2105.00;24
5310;24;623477602;5310;202;6125;6149;9.19;0.56;250.84;4.64;815;24;2106.00;24
5312;24;623477613;5312;202;6125;6149;9.22;0.56;250.88;4.64;813;24;2107.00;24
5315;24;623477624;5315;201;6126;6149;9.35;0.57;250.92;4.64;811;24;2108.00;23
5320;24;623477636;5320;199;6127;6150;9.42;0.57;251.03;4.64;807;24;2109.00;23
5325;24;623477647;5325;190;6129;6151;9.48;0.58;251.10;4.64;804;24;2110.00;22
5327;24;623477659;5327;183;6129;6151;9.54;0.58;251.05;4.64;802;24;2111.00;22
5328;24;623477670;5328;182;6140;6164;9.61;0.58;251.09;4.64;812;24;2112.00;24
5330;24;623477688;5330;183;6140;6164;9.68;0.59;251.08;4.64;810;24;2113.00;24
5331;24;623477699;5331;181;6140;6164;9.74;0.59;251.08;4.64;809;24;2114.00;24
5335;24;623477709;5335;173;6142;6166;9.76;0.59;251.13;4.64;807;24;2115.00;24
5337;24;623477721;5337;174;6143;6166;9.85;0.60;251.15;4.64;806;24;2116.00;23
5338;24;623477731;5338;170;6146;6170;9.94;0.60;251.16;4.64;808;24;2117.00;24
5341;24;623477743;5341;176;6147;6170;9.96;0.61;251.19;4.64;806;24;2118.00;23
5343;24;623477755;5343;174;6150;6174;10.01;0.61;251.27;4.64;807;24;2119.00;24
5345;24;623477766;5345;171;6150;6174;10.09;0.61;251.29;4.64;805;24;2120.00;24
5349;24;623477777;5349;169;6151;6174;10.18;0.62;251.33;4.64;802;24;2121.00;23
5354;24;623477788;5354;167;6151;6174;10.28;0.62;251.29;4.64;797;24;2122.00;23
5359;24;623477805;5359;168;6152;6174;10.29;0.62;251.26;4.69;793;24;2123.00;22
5361;24;623477824;5361;169;6163;6186;10.30;0.63;251.33;4.69;802;24;2124.00;23
5362;24;623477843;5362;166;6163;6186;10.33;0.63;251.35;4.69;801;24;2125.00;23
5363;24;623477879;5363;167;6165;6186;10.44;0.64;251.40;4.69;802;24;2126.00;21
5364;24;623477895;5364;162;6165;6186;10.52;0.64;251.42;4.69;801;24;2127.00;21
5366;24;623477912;5366;166;6165;6186;10.61;0.65;251.49;4.69;799;24;2128.00;21
5369;24;623477926;5369;169;6165;6186;10.61;0.65;251.48;4.69;796;24;2129.00;21
5373;24;623477940;5373;170;6167;6187;10.66;0.65;251.44;4.70;794;24;2130.00;20
5376;24;623477952;5376;167;6167;6187;10.65;0.65;251.51;4.70;791;24;2131.00;20
5380;24;623477963;5380;166;6173;6193;10.64;0.65;251.51;4.69;793;24;2132.00;20
5384;24;623477977;5384;168;6174;6194;10.67;0.65;251.53;4.69;790;24;2133.00;20
5388;24;623477989;5388;169;6174;6194;10.62;0.64;251.60;4.69;786;24;2134.00;20
5391;24;623478000;5391;167;6174;6194;10.53;0.64;251.61;4.69;783;24;2135.00;20
5396;24;623478011;5396;173;6177;6198;10.46;0.63;251.68;4.69;781;24;2136.00;21
5399;24;623478023;5399;172;6177;6198;10.44;0.63;251.68;4.69;778;24;2137.00;21
5402;24;623478034;5402;173;6177;6198;10.38;0.63;251.62;4.69;775;24;2138.00;21
5406;24;623478051;5406;169;6178;6199;10.37;0.63;251.66;4.69;772;24;2139.00;21
5409;24;623478062;5409;172;6182;6203;10.28;0.62;251.69;4.74;773;24;2140.00;21
5413;24;623478073;5413;170;6182;6203;10.22;0.62;251.69;4.74;769;24;2141.00;21
5415;24;623478084;5415;161;6184;6206;10.24;0.62;251.64;4.74;769;24;2142.00;22
5418;24;623478095;5418;157;6185;6206;10.26;0.62;251.70;4.74;767;24;2143.00;21
5421;24;623478105;5421;156;6185;6206;10.33;0.63;251.78;4.74;764;24;2144.00;21
5424;24;623478115;5424;158;6187;6206;10.35;0.63;251.79;4.75;763;24;2145.00;19
5426;24;623478128;5426;158;6191;6210;10.42;0.63;251.85;4.75;765;24;2146.00;19
5431;24;623478142;5431;158;6191;6210;10.43;0.63;251.85;4.75;760;24;2147.00;19
5436;24;623478156;5436;155;6191;6210;10.36;0.63;251.85;4.75;755;24;2148.00;19
5442;24;623478173;5442;153;6191;6210;10.37;0.63;251.89;4.75;749;24;2149.00;19
5446;24;623478184;5446;152;6191;6211;10.34;0.63;251.88;4.75;745;24;2150.00;20
5447;24;623478195;5447;153;6192;6212;10.41;0.63;251.93;4.75;745;24;2151.00;20
5451;24;623478210;5451;153;6192;6212;10.46;0.63;251.91;4.75;741;24;2152.00;20
5454;24;623478227;5454;155;6193;6213;10.54;0.64;251.98;4.75;739;24;2153.00;20
5458;24;623478239;5458;159;6193;6213;10.52;0.64;252.04;4.75;735;24;2154.00;20
5461;24;623478250;5461;160;6193;6213;10.55;0.64;252.03;4.75;732;24;2155.00;20
5464;24;623478278;5464;162;6193;6213;10.52;0.64;252.17;4.75;729;24;2156.00;20
5466;24;623478294;5466;167;6193;6213;10.51;0.64;252.17;4.75;727;24;2157.00;20
5472;24;623478312;5472;167;6193;6213;10.46;0.63;252.25;4.75;721;24;2158.00;20
5476;24;623478324;5476;166;6193;6213;10.35;0.63;252.22;4.75;717;24;2159.00;20
5477;24;623478338;5477;199;6292;6443;10.14;0.63;252.21;4.73;815;24;2160.00;151
5478;24;623478383;5478;191;6296;6444;10.05;0.63;252.25;4.73;818;24;2161.00;148
5479;24;623478395;5479;185;6306;6444;10.02;0.62;252.29;4.72;827;24;2162.00;138
5485;24;623478408;5485;183;6310;6444;9.93;0.62;252.44;4.72;825;24;2163.00;134
5490;24;623478424;5490;184;6320;6444;9.84;0.61;252.54;4.72;830;24;2164.00;124
5491;24;623478439;5491;189;6327;6444;9.75;0.60;252.53;4.72;836;24;2165.00;117
5494;24;623478451;5494;190;6337;6444;9.63;0.60;252.46;4.72;843;24;2166.00;107
5496;24;623478461;5496;199;6344;6444;9.55;0.59;252.46;4.72;848;24;2167.00;100
5498;24;623478473;5498;209;6352;6445;9.45;0.58;252.41;4.73;854;24;2168.00;93
5498;24;623478483;5498;217;6355;6446;9.40;0.58;252.41;4.73;857;24;2169.00;91
5501;24;623478494;5501;219;6364;6446;9.26;0.57;252.35;4.74;863;24;2170.00;82
5502;24;623478504;5502;228;6369;6447;9.08;0.56;252.31;4.75;867;24;2171.00;78
5503;24;623478517;5503;237;6375;6447;8.87;0.55;252.28;4.77;872;24;2172.00;72
5506;24;623478527;5506;243;6378;6447;8.65;0.53;252.17;4.78;872;24;2173.00;69
5508;24;623478538;5508;256;6381;6447;8.38;0.52;252.14;4.78;873;24;2174.00;66
5509;24;623478550;5509;256;6383;6451;8.19;0.51;252.11;4.78;874;24;2175.00;68
5511;24;623478562;5511;266;6387;6451;8.01;0.49;252.06;4.79;876;24;2176.00;64
5511;24;623478572;5511;275;6387;6451;7.86;0.49;252.06;4.79;876;24;2177.00;64
5512;24;623478582;5512;279;6392;6454;7.78;0.48;252.07;4.81;880;24;2178.00;62
5514;24;623478592;5514;286;6393;6454;7.63;0.47;252.04;4.81;879;24;2179.00;61
5517;24;623478609;5517;296;6400;6454;7.52;0.46;251.99;4.83;883;24;2180.00;54
5520;24;623478619;5520;304;6406;6458;7.42;0.46;251.95;4.84;886;24;2181.00;52
5522;24;623478629;5522;317;6407;6459;7.38;0.46;251.90;4.84;885;24;2182.00;52
5523;24;623478641;5523;322;6412;6459;7.29;0.45;251.90;4.85;889;24;2183.00;47
5524;24;623478651;5524;325;6413;6463;7.27;0.45;251.86;4.85;889;24;2184.00;50
5526;24;623478662;5526;330;6418;6463;7.18;0.44;251.81;4.86;892;24;2185.00;45
5527;24;623478672;5527;341;6421;6463;7.08;0.44;251.79;4.87;894;24;2186.00;42
5527;24;623478681;5527;344;6422;6464;7.00;0.43;251.79;4.87;895;24;2187.00;42
5532;24;623478691;5532;358;6423;6464;6.90;0.43;251.75;4.87;891;24;2188.00;41
5533;24;623478700;5533;352;6431;6470;6.89;0.43;251.73;4.88;898;24;2189.00;39
5535;24;623478712;5535;359;6431;6470;6.82;0.42;251.73;4.88;896;24;2190.00;39
5536;24;623478724;5536;363;6432;6471;6.73;0.42;251.69;4.89;896;24;2191.00;39
5538;24;623478735;5538;363;6436;6471;6.60;0.41;251.62;4.90;898;24;2192.00;35
5540;24;623478745;5540;363;6437;6471;6.52;0.40;251.69;4.90;897;24;2193.00;34
5543;24;623478756;5543;372;6437;6471;6.41;0.40;251.67;4.90;894;24;2194.00;34
5544;24;623478767;5544;363;6440;6471;6.34;0.39;251.65;4.91;896;24;2195.00;31
5547;24;623478777;5547;355;6449;6483;6.28;0.39;251.60;4.91;902;24;2196.00;34
5548;24;623478801;5548;353;6450;6483;6.32;0.39;251.56;4.91;902;24;2197.00;33
5550;24;623478814;5550;353;6454;6483;6.38;0.39;251.52;4.91;904;24;2198.00;29
5553;24;623478826;5553;354;6455;6483;6.43;0.40;251.47;4.91;902;24;2199.00;28
5554;25;623478839;5554;353;6456;6483;6.50;0.40;251.46;4.91;902;25;2200.00;27
5559;25;623478865;5559;359;6457;6483;6.50;0.40;251.32;4.91;898;25;2201.00;26
5563;25;623478875;5563;353;6461;6487;6.48;0.40;251.34;4.91;898;25;2202.00;26
5565;25;623478885;5565;357;6461;6487;6.45;0.40;251.38;4.91;896;25;2203.00;26
5568;25;623478895;5568;347;6465;6491;6.46;0.40;251.37;4.91;897;25;2204.00;26
5569;25;623478906;5569;347;6467;6493;6.39;0.39;251.34;4.91;898;25;2205.00;26
5571;25;623478916;5571;348;6467;6493;6.35;0.39;251.38;4.91;896;25;2206.00;26
5573;25;623478926;5573;348;6467;6493;6.32;0.39;251.34;4.91;894;25;2207.00;26
5577;25;623478936;5577;355;6480;6506;6.25;0.38;251.42;4.90;903;25;2208.00;26
5582;25;623478947;5582;354;6480;6506;6.22;0.38;251.35;4.90;898;25;2209.00;26
5583;25;623478956;5583;348;6482;6508;6.22;0.38;251.38;4.90;899;25;2210.00;26
5586;25;623478967;5586;331;6483;6509;6.23;0.38;251.36;4.90;897;25;2211.00;26
5587;25;623478978;5587;330;6484;6510;6.29;0.39;251.39;4.90;897;25;2212.00;26
5590;25;623478993;5590;330;6484;6510;6.41;0.39;251.44;4.90;894;25;2213.00;26
5595;25;623479003;5595;324;6486;6513;6.48;0.40;251.40;4.89;891;25;2214.00;27
5596;25;623479017;5596;324;6486;6513;6.59;0.40;251.37;4.89;890;25;2215.00;27
5601;25;623479027;5601;313;6486;6513;6.60;0.41;251.45;4.89;885;25;2216.00;27
5603;25;623479037;5603;309;6487;6513;6.71;0.41;251.49;4.89;884;25;2217.00;26
5607;25;623479048;5607;307;6493;6519;6.81;0.42;251.51;4.89;886;25;2218.00;26
5611;25;623479059;5611;296;6493;6519;6.83;0.42;251.51;4.89;882;25;2219.00;26
5612;25;623479070;5612;300;6493;6519;6.90;0.42;251.55;4.89;881;25;2220.00;26
5620;25;623479081;5620;296;6493;6519;6.83;0.42;251.53;4.89;873;25;2221.00;26
5622;25;623479092;5622;288;6498;6523;6.86;0.42;251.52;4.94;876;25;2222.00;25
5627;25;623479102;5627;291;6499;6524;6.84;0.42;251.54;4.94;872;25;2223.00;25
5631;25;623479113;5631;293;6499;6524;6.82;0.42;251.68;4.94;868;25;2224.00;25
5634;25;623479123;5634;295;6500;6525;6.89;0.42;251.63;4.94;866;25;2225.00;25
5638;25;623479133;5638;296;6500;6525;6.94;0.43;251.80;4.94;862;25;2226.00;25
5643;25;623479144;5643;298;6500;6525;7.03;0.43;251.80;4.94;857;25;2227.00;25
5650;25;623479155;5650;291;6500;6525;7.03;0.43;251.86;4.94;850;25;2228.00;25
5652;25;623479166;5652;284;6500;6525;7.04;0.43;251.90;4.94;848;25;2229.00;25
5656;25;623479176;5656;286;6500;6525;7.06;0.43;251.95;4.94;844;25;2230.00;25
5662;25;623479187;5662;289;6500;6525;7.06;0.43;251.95;4.94;838;25;2231.00;25
5665;25;623479199;5665;288;6542;6595;7.24;0.44;251.86;4.91;877;25;2232.00;53
5668;25;623479219;5668;289;6546;6596;7.25;0.44;251.91;4.91;878;25;2233.00;50
5672;25;623479232;5672;282;6550;6596;7.31;0.45;251.89;4.90;878;25;2234.00;46
5678;25;623479244;5678;278;6554;6596;7.36;0.45;251.93;4.90;876;25;2235.00;42
5683;25;623479258;5683;275;6557;6596;7.30;0.44;252.09;4.90;874;25;2236.00;39
5688;25;623479270;5688;279;6559;6596;7.28;0.44;252.03;4.90;871;25;2237.00;37
5690;25;623479281;5690;288;6561;6596;7.27;0.44;252.08;4.90;871;25;2238.00;35
5694;25;623479292;5694;293;6563;6596;7.30;0.44;252.13;4.90;869;25;2239.00;33
5695;25;623479303;5695;298;6564;6597;7.34;0.45;252.18;4.90;869;25;2240.00;33
5702;25;623479314;5702;297;6567;6598;7.35;0.45;252.21;4.91;865;25;2241.00;31
5705;25;623479325;5705;294;6569;6598;7.40;0.45;252.29;4.91;864;25;2242.00;29
5708;25;623479337;5708;293;6575;6602;7.44;0.45;252.28;4.91;867;25;2243.00;27
5716;25;623479350;5716;293;6576;6602;7.43;0.45;252.24;4.91;860;25;2244.00;26
5718;25;623479361;5718;298;6576;6602;7.41;0.45;252.27;4.91;858;25;2245.00;26
5722;25;623479372;5722;299;6576;6602;7.35;0.45;252.34;4.91;854;25;2246.00;26
5725;25;623479383;5725;306;6582;6608;7.35;0.45;252.39;4.90;857;25;2247.00;26
5729;25;623479393;5729;302;6582;6608;7.35;0.45;252.35;4.90;853;25;2248.00;26
5731;25;623479404;5731;300;6582;6608;7.42;0.45;252.32;4.90;851;25;2249.00;26
5734;25;623479416;5734;302;6586;6614;7.51;0.46;252.40;4.90;852;25;2250.00;28
5739;25;623479429;5739;299;6586;6614;7.52;0.46;252.56;4.90;847;25;2251.00;28
5740;25;623479441;5740;292;6589;6614;7.53;0.46;252.57;4.96;849;25;2252.00;25
5744;25;623479457;5744;288;6590;6615;7.51;0.46;252.64;4.95;846;25;2253.00;25
5747;25;623479476;5747;291;6591;6616;7.49;0.46;252.68;4.95;844;25;2254.00;25
5751;25;623479491;5751;295;6591;6616;7.47;0.46;252.70;4.95;840;25;2255.00;25
5755;25;623479503;5755;291;6602;6629;7.59;0.46;252.74;4.95;847;25;2256.00;27
5762;25;623479516;5762;279;6602;6629;7.59;0.46;252.88;4.95;840;25;2257.00;27
5763;25;623479527;5763;271;6602;6629;7.64;0.47;252.96;4.95;839;25;2258.00;27
5767;25;623479539;5767;268;6603;6630;7.68;0.47;253.01;4.94;836;25;2259.00;27
5774;25;623479550;5774;261;6603;6630;7.68;0.47;253.19;4.94;829;25;2260.00;27
5777;25;623479561;5777;256;6607;6634;7.81;0.47;253.33;4.94;830;25;2261.00;27
5778;25;623479572;5778;255;6607;6634;7.89;0.48;253.39;4.94;829;25;2262.00;27
5783;25;623479588;5783;253;6610;6638;7.98;0.49;253.51;4.94;827;25;2263.00;28
5785;25;623479601;5785;252;6610;6638;8.00;0.49;253.58;4.94;825;25;2264.00;28
5790;25;623479612;5790;250;6610;6638;8.00;0.49;253.66;4.94;820;25;2265.00;28
5794;25;623479623;5794;238;6611;6638;8.05;0.49;253.74;4.99;817;25;2266.00;27
5797;25;623479634;5797;229;6611;6638;8.13;0.49;253.72;4.99;814;25;2267.00;27
5801;25;623479647;5801;222;6620;6650;8.20;0.50;253.78;4.99;819;25;2268.00;30
5801;25;623479660;5801;219;6620;6650;8.33;0.51;253.78;4.99;819;25;2269.00;30
5803;25;623479676;5803;215;6622;6650;8.44;0.51;253.80;4.98;819;25;2270.00;28
5806;25;623479687;5806;207;6622;6650;8.52;0.52;253.88;4.98;816;25;2271.00;28
5808;25;623479699;5808;203;6622;6650;8.60;0.52;253.93;4.98;814;25;2272.00;28
5811;25;623479710;5811;201;6622;6650;8.66;0.53;253.98;4.98;811;25;2273.00;28
5813;25;623479721;5813;196;6622;6651;8.77;0.53;254.02;4.98;809;25;2274.00;29
5815;25;623479731;5815;182;6622;6651;8.86;0.54;253.97;4.98;807;25;2275.00;29
5818;25;623479743;5818;175;6627;6657;8.99;0.55;254.07;4.98;809;25;2276.00;30
5819;25;623479755;5819;168;6628;6658;9.13;0.56;254.13;4.98;809;25;2277.00;30
5822;25;623479766;5822;165;6629;6658;9.26;0.56;254.22;5.03;807;25;2278.00;29
5825;25;623479777;5825;159;6629;6658;9.35;0.57;254.29;5.03;804;25;2279.00;29
5827;25;623479791;5827;156;6633;6663;9.54;0.58;254.27;5.03;806;25;2280.00;30
5831;25;623479807;5831;155;6633;6663;9.70;0.59;254.30;5.03;802;25;2281.00;30
5832;25;623479827;5832;152;6633;6663;9.75;0.59;254.31;5.03;801;25;2282.00;30
5837;25;623479844;5837;149;6634;6664;9.89;0.60;254.49;5.03;797;25;2283.00;30
5840;25;623479862;5840;145;6637;6668;9.85;0.60;254.51;5.03;797;25;2284.00;31
5842;25;623479880;5842;147;6637;6668;9.85;0.60;254.50;5.03;795;25;2285.00;31
5842;25;623479897;5842;147;6639;6671;9.84;0.60;254.50;5.03;797;25;2286.00;32
5846;25;623479914;5846;148;6639;6671;9.85;0.60;254.48;5.03;793;25;2287.00;32
5848;25;623479928;5848;148;6640;6671;9.86;0.60;254.47;5.03;792;25;2288.00;31
5851;25;623479945;5851;152;6640;6671;9.86;0.60;254.50;5.03;789;25;2289.00;31
5854;25;623479958;5854;155;6644;6675;9.85;0.60;254.61;5.02;790;25;2290.00;31
5856;25;623479972;5856;159;6644;6675;9.89;0.60;254.66;5.02;788;25;2291.00;31
5858;26;623479985;5858;159;6644;6675;9.92;0.61;254.70;5.02;786;26;2292.00;31
5862;26;623480010;5862;154;6645;6675;9.99;0.61;254.59;5.08;783;26;2293.00;30
5862;26;623480024;5862;154;6645;6676;10.08;0.61;254.59;5.08;783;26;2294.00;31
5866;26;623480038;5866;154;6647;6678;10.09;0.61;254.54;5.07;781;26;2295.00;31
5868;26;623480051;5868;154;6647;6678;10.11;0.62;254.53;5.07;779;26;2296.00;31
5871;26;623480065;5871;155;6648;6679;10.14;0.62;254.53;5.07;777;26;2297.00;31
5872;26;623480079;5872;158;6648;6679;10.17;0.62;254.53;5.07;776;26;2298.00;31
5875;26;623480097;5875;156;6648;6679;10.18;0.62;254.54;5.07;773;26;2299.00;31
5879;26;623480114;5879;163;6648;6679;10.17;0.62;254.52;5.07;769;26;2300.00;31
5880;26;623480136;5880;164;6648;6679;10.14;0.62;254.51;5.07;768;26;2301.00;31
5883;26;623480151;5883;160;6648;6679;10.16;0.62;254.54;5.07;765;26;2302.00;31
5886;26;623480165;5886;164;6649;6679;10.16;0.62;254.53;5.12;763;26;2303.00;30
5888;26;623480178;5888;192;6722;6806;9.90;0.61;254.56;5.07;834;26;2304.00;84
5891;26;623480206;5891;180;6723;6807;9.93;0.61;254.58;5.07;832;26;2305.00;84
5893;26;623480222;5893;172;6729;6807;9.97;0.61;254.61;5.06;836;26;2306.00;78
5896;26;623480235;5896;167;6731;6807;9.97;0.61;254.57;5.06;835;26;2307.00;76
5896;26;623480253;5896;170;6737;6807;9.97;0.61;254.57;5.06;841;26;2308.00;70
5900;26;623480266;5900;166;6740;6807;9.91;0.61;254.52;5.11;840;26;2309.00;67
5905;26;623480279;5905;164;6743;6807;9.92;0.61;254.50;5.11;838;26;2310.00;64
5908;26;623480291;5908;171;6745;6807;9.94;0.61;254.46;5.11;837;26;2311.00;62
5909;26;623480304;5909;171;6748;6808;9.92;0.61;254.45;5.11;839;26;2312.00;60
5914;26;623480317;5914;174;6753;6809;9.96;0.61;254.36;5.16;839;26;2313.00;56
5916;26;623480330;5916;176;6756;6809;9.95;0.61;254.35;5.17;840;26;2314.00;53
5920;26;623480345;5920;180;6759;6810;9.90;0.61;254.27;5.17;839;26;2315.00;51
5923;26;623480357;5923;183;6762;6810;9.85;0.60;254.23;5.22;839;26;2316.00;48
5927;26;623480369;5927;183;6765;6810;9.81;0.60;254.21;5.23;838;26;2317.00;45
5928;26;623480380;5928;188;6768;6810;9.75;0.60;254.21;5.23;840;26;2318.00;42
5931;26;623480394;5931;193;6773;6814;9.67;0.59;254.16;5.23;842;26;2319.00;41
5933;26;623480407;5933;193;6774;6814;9.55;0.58;254.13;5.23;841;26;2320.00;40
5934;26;623480420;5934;203;6776;6814;9.38;0.57;254.11;5.26;842;26;2321.00;38
5936;26;623480438;5936;209;6778;6817;9.31;0.57;254.05;5.27;842;26;2322.00;39
5936;26;623480453;5936;217;6778;6817;9.28;0.57;254.05;5.27;842;26;2323.00;39
5939;26;623480467;5939;217;6780;6817;9.15;0.56;253.96;5.27;841;26;2324.00;37
5943;26;623480481;5943;225;6784;6821;9.02;0.55;253.91;5.27;841;26;2325.00;37
5946;26;623480504;5946;228;6786;6822;8.88;0.54;253.83;5.29;840;26;2326.00;36
5949;26;623480517;5949;238;6786;6822;8.77;0.54;253.79;5.29;837;26;2327.00;36
5951;26;623480530;5951;237;6789;6826;8.65;0.53;253.79;5.29;838;26;2328.00;37
5953;26;623480542;5953;241;6791;6826;8.56;0.52;253.79;5.31;838;26;2329.00;35
5955;26;623480554;5955;243;6791;6826;8.48;0.52;253.79;5.31;836;26;2330.00;35
5957;26;623480566;5957;253;6792;6827;8.45;0.52;253.72;5.31;835;26;2331.00;35
5958;26;623480578;5958;255;6792;6827;8.43;0.51;253.73;5.31;834;26;2332.00;35
5960;26;623480590;5960;256;6797;6833;8.46;0.52;253.74;5.31;837;26;2333.00;36
5962;26;623480603;5962;264;6797;6833;8.37;0.51;253.72;5.31;835;26;2334.00;36
5965;26;623480616;5965;264;6798;6834;8.27;0.50;253.65;5.32;833;26;2335.00;36
5966;26;623480629;5966;274;6798;6834;8.19;0.50;253.61;5.32;832;26;2336.00;36
5969;26;623480643;5969;280;6798;6834;8.11;0.49;253.56;5.32;829;26;2337.00;36
5970;26;623480657;5970;287;6799;6834;8.03;0.49;253.55;5.32;829;26;2338.00;35
5970;26;623480668;5970;293;6799;6834;8.01;0.49;253.55;5.32;829;26;2339.00;35
5973;26;623480680;5973;302;6826;6870;7.96;0.49;253.48;5.31;853;26;2340.00;44
5973;26;623480695;5973;307;6828;6870;7.88;0.48;253.48;5.31;855;26;2341.00;42
5974;26;623480705;5974;316;6830;6870;7.79;0.48;253.47;5.31;856;26;2342.00;40
5975;26;623480715;5975;322;6831;6870;7.67;0.47;253.46;5.32;856;26;2343.00;39
5975;26;623480725;5975;333;6833;6870;7.55;0.46;253.46;5.32;858;26;2344.00;37
5977;26;623480735;5977;341;6834;6870;7.36;0.45;253.43;5.33;857;26;2345.00;36
5977;26;623480745;5977;341;6838;6874;7.21;0.44;253.43;5.33;861;26;2346.00;36
5980;26;623480754;5980;329;6838;6874;7.16;0.44;253.41;5.33;858;26;2347.00;36
5982;26;623480763;5982;326;6845;6878;7.13;0.44;253.45;5.34;863;26;2348.00;33
5983;26;623480773;5983;326;6846;6879;7.08;0.43;253.42;5.34;863;26;2349.00;33
5984;26;623480783;5984;330;6847;6879;7.00;0.43;253.43;5.35;863;26;2350.00;32
5985;26;623480794;5985;330;6847;6879;6.90;0.42;253.39;5.35;862;26;2351.00;32
5987;26;623480804;5987;329;6859;6892;6.82;0.42;253.36;5.35;872;26;2352.00;33
5988;26;623480815;5988;322;6860;6892;6.75;0.41;253.36;5.35;872;26;2353.00;32
5988;26;623480831;5988;327;6860;6892;6.71;0.41;253.36;5.35;872;26;2354.00;32
5989;27;623480840;5989;335;6862;6893;6.67;0.41;253.40;5.36;873;27;2355.00;31
5990;27;623480876;5990;333;6865;6894;6.63;0.40;253.42;5.38;875;27;2356.00;29
5991;27;623480897;5991;337;6866;6894;6.60;0.40;253.41;5.39;875;27;2357.00;28
5992;27;623480906;5992;347;6869;6897;6.57;0.40;253.39;5.39;877;27;2358.00;28
5994;28;623480922;5994;335;6870;6897;6.50;0.39;253.34;5.39;876;28;2359.00;27
5995;28;623480943;5995;329;6871;6897;6.51;0.40;253.32;5.39;876;28;2360.00;26
5995;28;623480953;5995;324;6873;6897;6.51;0.40;253.32;5.40;878;28;2361.00;24
5996;28;623480962;5996;321;6879;6903;6.60;0.40;253.29;5.40;883;28;2362.00;24
5997;28;623480972;5997;319;6880;6903;6.58;0.40;253.28;5.40;883;28;2363.00;23
5998;28;623480982;5998;311;6881;6903;6.55;0.40;253.26;5.40;883;28;2364.00;22
5999;28;623480991;5999;309;6881;6903;6.51;0.40;253.23;5.40;882;28;2365.00;22
6003;28;623481000;6003;306;6885;6907;6.43;0.39;253.23;5.40;882;28;2366.00;22
6004;28;623481010;6004;305;6886;6908;6.46;0.39;253.23;5.40;882;28;2367.00;22
6006;28;623481019;6006;305;6886;6908;6.53;0.40;253.19;5.40;880;28;2368.00;22
6009;28;623481029;6009;300;6890;6909;6.59;0.40;253.19;5.40;881;28;2369.00;19
6010;28;623481042;6010;302;6890;6909;6.67;0.41;253.18;5.40;880;28;2370.00;19
6011;28;623481051;6011;303;6890;6909;6.69;0.41;253.17;5.40;879;28;2371.00;19
6013;28;623481060;6013;302;6890;6909;6.67;0.41;253.17;5.40;877;28;2372.00;19
6017;28;623481069;6017;298;6890;6909;6.64;0.41;253.15;5.40;873;28;2373.00;19
6020;28;623481078;6020;293;6890;6909;6.65;0.41;253.16;5.40;870;28;2374.00;19
6023;28;623481087;6023;288;6890;6909;6.60;0.40;253.22;5.40;867;28;2375.00;19
6026;28;623481096;6026;302;6938;6979;6.65;0.41;253.24;5.37;912;28;2376.00;41
6028;28;623481110;6028;297;6939;6980;6.58;0.41;253.29;5.36;911;28;2377.00;41
6031;28;623481120;6031;297;6944;6980;6.57;0.40;253.33;5.36;913;28;2378.00;36
6035;28;623481129;6035;298;6948;6980;6.55;0.40;253.41;5.36;913;28;2379.00;32
6038;28;623481139;6038;289;6951;6980;6.53;0.40;253.44;5.36;913;28;2380.00;29
6041;28;623481148;6041;284;6952;6980;6.53;0.40;253.41;5.36;911;28;2381.00;28
6047;28;623481158;6047;282;6953;6980;6.51;0.40;253.44;5.36;906;28;2382.00;27
6048;28;623481167;6048;277;6954;6980;6.58;0.40;253.47;5.36;906;28;2383.00;26
6052;28;623481177;6052;279;6957;6981;6.62;0.40;253.47;5.36;905;28;2384.00;24
6056;28;623481187;6056;282;6959;6983;6.62;0.40;253.50;5.36;903;28;2385.00;24
6058;28;623481197;6058;285;6960;6983;6.67;0.41;253.60;5.36;902;28;2386.00;23
6061;28;623481206;6061;288;6966;6987;6.71;0.41;253.64;5.36;905;28;2387.00;21
6065;28;623481216;6065;289;6967;6987;6.73;0.41;253.71;5.36;902;28;2388.00;20
6071;28;623481226;6071;295;6967;6987;6.77;0.41;253.78;5.36;896;28;2389.00;20
6074;28;623481237;6074;291;6967;6987;6.84;0.42;253.85;5.36;893;28;2390.00;20
6079;28;623481247;6079;287;6974;6993;6.87;0.42;253.98;5.39;895;28;2391.00;19
6081;28;623481258;6081;281;6974;6993;6.92;0.42;254.08;5.39;893;28;2392.00;19
6084;28;623481269;6084;279;6974;6993;6.96;0.43;254.08;5.39;890;28;2393.00;19
6089;28;623481278;6089;278;6977;6996;6.98;0.43;254.29;5.39;888;28;2394.00;19
6091;28;623481289;6091;275;6977;6996;7.02;0.43;254.35;5.39;886;28;2395.00;19
6094;28;623481299;6094;276;6977;6996;7.07;0.43;254.39;5.39;883;28;2396.00;19
6100;28;623481309;6100;272;6978;6997;7.14;0.44;254.39;5.39;878;28;2397.00;19
6104;28;623481320;6104;270;6979;6998;7.24;0.44;254.50;5.39;875;28;2398.00;19
6105;28;623481330;6105;267;6979;6998;7.33;0.45;254.48;5.39;874;28;2399.00;19
6111;28;623481343;6111;266;7004;7057;7.40;0.45;254.59;5.37;893;28;2400.00;53
6116;28;623481363;6116;256;7004;7057;7.45;0.45;254.54;5.37;888;28;2401.00;53
6118;28;623481374;6118;252;7007;7057;7.50;0.46;254.56;5.36;889;28;2402.00;50
6122;28;623481385;6122;248;7009;7058;7.50;0.46;254.62;5.36;887;28;2403.00;49
6123;28;623481396;6123;253;7012;7058;7.49;0.46;254.61;5.36;889;28;2404.00;46
6129;28;623481406;6129;246;7016;7062;7.49;0.46;254.68;5.36;887;28;2405.00;46
6132;28;623481418;6132;253;7018;7062;7.48;0.46;254.75;5.36;886;28;2406.00;44
6135;28;623481429;6135;247;7022;7066;7.52;0.46;254.83;5.36;887;28;2407.00;44
6137;28;623481440;6137;246;7023;7066;7.48;0.46;254.89;5.36;886;28;2408.00;43
6143;28;623481451;6143;252;7023;7066;7.44;0.45;254.96;5.36;880;28;2409.00;43
6147;28;623481462;6147;250;7024;7066;7.44;0.45;255.01;5.36;877;28;2410.00;42
6154;28;623481472;6154;253;7025;7066;7.38;0.45;255.21;5.36;871;28;2411.00;41
6158;28;623481483;6158;247;7034;7078;7.39;0.45;255.32;5.36;876;28;2412.00;44
6159;28;623481495;6159;249;7034;7078;7.40;0.45;255.37;5.36;875;28;2413.00;44
6166;28;623481506;6166;248;7037;7078;7.30;0.44;255.36;5.36;871;28;2414.00;41
6171;28;623481516;6171;254;7037;7078;7.27;0.44;255.33;5.36;866;28;2415.00;41
6174;28;623481526;6174;255;7038;7078;7.23;0.44;255.35;5.36;864;28;2416.00;40
6178;28;623481537;6178;262;7039;7078;7.25;0.44;255.36;5.36;861;28;2417.00;39
6184;28;623481547;6184;255;7041;7079;7.17;0.44;255.36;5.36;857;28;2418.00;38
6188;28;623481558;6188;260;7041;7079;7.19;0.44;255.45;5.36;853;28;2419.00;38
6193;28;623481569;6193;268;7047;7085;7.23;0.44;255.46;5.36;854;28;2420.00;38
6194;28;623481580;6194;270;7048;7086;7.32;0.45;255.44;5.36;854;28;2421.00;38
6198;28;623481591;6198;270;7049;7086;7.36;0.45;255.47;5.36;851;28;2422.00;37
6202;28;623481601;6202;270;7050;7086;7.32;0.45;255.53;5.36;848;28;2423.00;36
6205;28;623481612;6205;270;7053;7090;7.34;0.45;255.60;5.36;848;28;2424.00;37
6210;28;623481623;6210;279;7053;7090;7.41;0.45;255.66;5.36;843;28;2425.00;37
6213;28;623481634;6213;284;7054;7090;7.44;0.46;255.76;5.36;841;28;2426.00;36
6217;28;623481644;6217;270;7057;7091;7.49;0.46;255.78;5.37;840;28;2427.00;34
6218;28;623481656;6218;258;7061;7095;7.54;0.46;255.77;5.40;843;28;2428.00;34
6222;28;623481667;6222;258;7061;7095;7.53;0.46;255.86;5.40;839;28;2429.00;34
6224;28;623481679;6224;254;7066;7101;7.57;0.46;255.88;5.40;842;28;2430.00;35
6226;28;623481690;6226;256;7066;7101;7.61;0.47;255.91;5.40;840;28;2431.00;35
6228;28;623481701;6228;253;7067;7101;7.63;0.47;255.93;5.40;839;28;2432.00;34
6232;28;623481711;6232;252;7068;7101;7.58;0.46;255.97;5.40;836;28;2433.00;33
6237;28;623481728;6237;257;7072;7105;7.54;0.46;256.07;5.40;835;28;2434.00;33
6241;28;623481739;6241;256;7072;7105;7.49;0.46;256.07;5.40;831;28;2435.00;33
6244;28;623481750;6244;248;7072;7105;7.48;0.45;256.09;5.40;828;28;2436.00;33
6246;28;623481760;6246;238;7072;7105;7.49;0.46;256.08;5.40;826;28;2437.00;33
6248;28;623481771;6248;226;7072;7106;7.47;0.45;256.13;5.40;824;28;2438.00;34
6254;28;623481781;6254;222;7074;7107;7.44;0.45;256.17;5.40;820;28;2439.00;33
6261;28;623481792;6261;210;7074;7107;7.45;0.45;256.15;5.40;813;28;2440.00;33
6261;28;623481808;6261;208;7075;7108;7.54;0.46;256.15;5.40;814;28;2441.00;33
6261;28;623481827;6261;207;7075;7108;7.63;0.47;256.15;5.40;814;28;2442.00;33
6261;28;623481855;6261;201;7075;7108;7.75;0.47;256.15;5.40;814;28;2443.00;33
6265;28;623481873;6265;204;7076;7108;7.77;0.47;256.15;5.44;811;28;2444.00;32
6268;28;623481890;6268;201;7077;7108;7.78;0.47;256.27;5.45;809;28;2445.00;31
6271;28;623481907;6271;198;7077;7108;7.88;0.48;256.30;5.45;806;28;2446.00;31
6273;28;623481923;6273;202;7077;7108;7.97;0.48;256.32;5.45;804;28;2447.00;31
6276;28;623481935;6276;218;7142;7235;8.07;0.50;256.36;5.40;866;28;2448.00;93
6279;28;623481956;6279;206;7144;7236;8.16;0.50;256.33;5.40;865;28;2449.00;92
6281;28;623481969;6281;199;7149;7236;8.35;0.51;256.33;5.40;868;28;2450.00;87
6286;28;623481981;6286;194;7152;7236;8.40;0.52;256.42;5.40;866;28;2451.00;84
6288;28;623481992;6288;196;7157;7236;8.51;0.52;256.41;5.40;869;28;2452.00;79
6289;28;623482005;6289;191;7162;7236;8.63;0.53;256.39;5.40;873;28;2453.00;74
6290;28;623482017;6290;193;7164;7236;8.69;0.53;256.39;5.40;874;28;2454.00;72
6294;28;623482028;6294;196;7168;7236;8.64;0.53;256.45;5.40;874;28;2455.00;68
6294;28;623482046;6294;196;7171;7237;8.68;0.53;256.45;5.40;877;28;2456.00;66
6299;28;623482056;6299;203;7175;7238;8.55;0.52;256.61;5.41;876;28;2457.00;63
6302;28;623482068;6302;203;7179;7238;8.48;0.52;256.63;5.42;877;28;2458.00;59
6303;28;623482080;6303;204;7181;7239;8.43;0.52;256.69;5.42;878;28;2459.00;58
6305;28;623482095;6305;207;7186;7239;8.36;0.51;256.68;5.46;881;28;2460.00;53
6306;28;623482106;6306;208;7186;7239;8.30;0.51;256.67;5.46;880;28;2461.00;53
6308;28;623482123;6308;207;7189;7239;8.26;0.51;256.72;5.46;881;28;2462.00;50
6310;28;623482134;6310;215;7193;7243;8.25;0.50;256.78;5.47;883;28;2463.00;50
6311;28;623482145;6311;215;7194;7243;8.29;0.51;256.83;5.47;883;28;2464.00;49
6313;28;623482158;6313;222;7196;7243;8.33;0.51;256.83;5.47;883;28;2465.00;47
6313;28;623482176;6313;228;7198;7246;8.45;0.52;256.83;5.47;885;28;2466.00;48
6318;28;623482189;6318;233;7199;7246;8.49;0.52;256.85;5.47;881;28;2467.00;47
6321;28;623482202;6321;234;7200;7246;8.61;0.53;256.81;5.48;879;28;2468.00;46
6323;28;623482214;6323;237;7208;7250;8.64;0.53;256.90;5.54;885;28;2469.00;42
6325;28;623482232;6325;237;7209;7251;8.69;0.53;256.88;5.53;884;28;2470.00;42
6329;28;623482253;6329;236;7211;7251;8.74;0.53;256.87;5.54;882;28;2471.00;40
6330;28;623482264;6330;240;7214;7255;8.74;0.53;256.84;5.54;884;28;2472.00;41
6334;28;623482275;6334;241;7214;7255;8.66;0.53;256.86;5.54;880;28;2473.00;41
6339;28;623482286;6339;244;7214;7255;8.72;0.53;256.86;5.54;875;28;2474.00;41
6341;28;623482297;6341;251;7216;7257;8.73;0.53;256.86;5.54;875;28;2475.00;41
6348;28;623482309;6348;253;7216;7257;8.73;0.53;256.75;5.54;868;28;2476.00;41
6351;28;623482320;6351;256;7220;7263;8.79;0.53;256.74;5.53;869;28;2477.00;43
6353;28;623482332;6353;258;7220;7263;8.74;0.53;256.73;5.53;867;28;2478.00;43
6356;28;623482342;6356;261;7220;7264;8.69;0.53;256.70;5.53;864;28;2479.00;44
6360;28;623482353;6360;256;7220;7264;8.63;0.52;256.64;5.53;860;28;2480.00;44
6362;28;623482363;6362;256;7220;7264;8.53;0.52;256.63;5.53;858;28;2481.00;44
6365;28;623482374;6365;255;7220;7264;8.45;0.51;256.63;5.53;855;28;2482.00;44
6369;28;623482384;6369;247;7220;7264;8.37;0.51;256.56;5.53;851;28;2483.00;44
6369;28;623482395;6369;250;7232;7276;8.39;0.51;256.56;5.57;863;28;2484.00;44
6372;28;623482415;6372;247;7235;7276;8.34;0.51;256.51;5.59;863;28;2485.00;41
6376;28;623482426;6376;244;7235;7276;8.32;0.50;256.58;5.59;859;28;2486.00;41
6378;28;623482436;6378;246;7235;7276;8.27;0.50;256.51;5.59;857;28;2487.00;41
6382;28;623482447;6382;244;7235;7276;8.26;0.50;256.49;5.59;853;28;2488.00;41
6385;28;623482457;6385;252;7235;7276;8.23;0.50;256.42;5.59;850;28;2489.00;41
6387;28;623482469;6387;261;7238;7280;8.15;0.49;256.51;5.58;851;28;2490.00;42
6389;28;623482480;6389;267;7238;7280;8.09;0.49;256.48;5.58;849;28;2491.00;42
6390;28;623482490;6390;272;7242;7284;8.16;0.49;256.47;5.58;852;28;2492.00;42
6390;28;623482501;6390;274;7242;7285;8.11;0.49;256.47;5.58;852;28;2493.00;43
6392;28;623482511;6392;277;7243;7285;8.12;0.49;256.47;5.58;851;28;2494.00;42
6392;28;623482521;6392;278;7243;7285;8.11;0.49;256.47;5.58;851;28;2495.00;42
6392;28;623482532;6392;282;7254;7298;8.09;0.49;256.47;5.63;862;28;2496.00;44
6396;29;623482541;6396;283;7254;7298;8.02;0.49;256.40;5.63;858;29;2497.00;44
6397;29;623482562;6397;290;7254;7298;8.06;0.49;256.38;5.63;857;29;2498.00;44
6399;29;623482573;6399;281;7255;7299;8.07;0.49;256.33;5.63;856;29;2499.00;44
6402;29;623482584;6402;272;7255;7300;8.07;0.49;256.30;5.63;853;29;2500.00;45
6402;29;623482600;6402;265;7257;7300;8.04;0.49;256.30;5.65;855;29;2501.00;43
6407;29;623482610;6407;259;7259;7303;8.10;0.49;256.26;5.65;852;29;2502.00;44
6410;29;623482625;6410;260;7261;7303;8.13;0.49;256.19;5.66;851;29;2503.00;42
6410;29;623482635;6410;257;7262;7303;8.16;0.49;256.19;5.66;852;29;2504.00;41
6411;29;623482646;6411;257;7262;7303;8.14;0.49;256.17;5.66;851;29;2505.00;41
6412;29;623482656;6412;258;7267;7309;8.22;0.50;256.14;5.66;855;29;2506.00;42
6413;29;623482667;6413;259;7268;7309;8.19;0.50;256.12;5.67;855;29;2507.00;41
6413;29;623482677;6413;257;7268;7309;8.16;0.49;256.12;5.67;855;29;2508.00;41
6418;29;623482693;6418;260;7268;7309;8.10;0.49;256.20;5.67;850;29;2509.00;41
6419;29;623482703;6419;266;7273;7313;8.05;0.49;256.21;5.67;854;29;2510.00;40
6420;29;623482713;6420;271;7274;7314;8.04;0.49;256.22;5.67;854;29;2511.00;40
6420;29;623482724;6420;271;7277;7314;8.02;0.49;256.22;5.69;857;29;2512.00;37
6420;30;623482735;6420;272;7278;7315;8.00;0.49;256.22;5.69;858;30;2513.00;37
6420;30;623482767;6420;271;7281;7315;7.91;0.48;256.22;5.72;861;30;2514.00;34
6422;30;623482777;6422;281;7281;7315;7.80;0.47;256.22;5.72;859;30;2515.00;34
6422;30;623482788;6422;276;7282;7315;7.76;0.47;256.22;5.73;860;30;2516.00;33
6424;30;623482799;6424;276;7284;7315;7.67;0.47;256.22;5.74;860;30;2517.00;31
6424;30;623482810;6424;276;7285;7315;7.67;0.47;256.22;5.74;861;30;2518.00;30
6424;30;623482820;6424;277;7286;7315;7.66;0.47;256.22;5.75;862;30;2519.00;29
6425;30;623482831;6425;283;7341;7440;7.88;0.49;256.21;5.71;916;30;2520.00;99
6428;30;623482852;6428;282;7343;7441;7.92;0.49;256.28;5.71;915;30;2521.00;98
6433;30;623482862;6433;282;7355;7441;7.98;0.49;256.30;5.71;922;30;2522.00;86
6434;30;623482873;6434;278;7362;7441;7.92;0.49;256.31;5.71;928;30;2523.00;79
6438;30;623482884;6438;281;7368;7441;7.85;0.48;256.32;5.72;930;30;2524.00;73
6439;30;623482894;6439;280;7373;7441;7.76;0.47;256.34;5.72;934;30;2525.00;68
6442;30;623482906;6442;287;7380;7441;7.68;0.47;256.35;5.72;938;30;2526.00;61
6445;30;623482921;6445;290;7383;7441;7.60;0.46;256.37;5.72;938;30;2527.00;58
6446;30;623482931;6446;303;7388;7442;7.53;0.46;256.36;5.73;942;30;2528.00;54
6448;30;623482942;6448;305;7392;7443;7.50;0.46;256.33;5.74;944;30;2529.00;51
6449;30;623482952;6449;302;7394;7443;7.47;0.46;256.38;5.74;945;30;2530.00;49
6450;30;623482962;6450;304;7400;7447;7.39;0.45;256.35;5.74;950;30;2531.00;47
6454;30;623482974;6454;308;7404;7447;7.31;0.45;256.37;5.75;950;30;2532.00;43
6455;30;623482985;6455;309;7406;7447;7.30;0.45;256.39;5.75;951;30;2533.00;41
6457;30;623482995;6457;310;7407;7447;7.30;0.45;256.41;5.75;950;30;2534.00;40
6459;30;623483006;6459;318;7414;7453;7.21;0.44;256.48;5.76;955;30;2535.00;39
6461;30;623483022;6461;318;7414;7453;7.21;0.44;256.48;5.76;953;30;2536.00;39
6463;30;623483034;6463;323;7416;7455;7.21;0.44;256.56;5.76;953;30;2537.00;39
6467;30;623483045;6467;324;7418;7458;7.23;0.44;256.60;5.76;951;30;2538.00;40
6469;30;623483056;6469;328;7419;7458;7.21;0.44;256.60;5.76;950;30;2539.00;39
6473;30;623483066;6473;336;7420;7458;7.14;0.44;256.63;5.77;947;30;2540.00;38
6476;30;623483077;6476;336;7420;7459;7.06;0.43;256.60;5.77;944;30;2541.00;39
6478;30;623483087;6478;343;7423;7460;6.99;0.43;256.62;5.77;945;30;2542.00;37
6479;30;623483098;6479;348;7424;7460;6.91;0.42;256.65;5.78;945;30;2543.00;36
6482;30;623483109;6482;346;7434;7473;6.86;0.42;256.65;5.77;952;30;2544.00;39
6488;30;623483120;6488;346;7435;7473;6.81;0.42;256.60;5.77;947;30;2545.00;38
6490;30;623483131;6490;346;7437;7473;6.75;0.41;256.63;5.78;947;30;2546.00;36
6493;30;623483142;6493;348;7439;7474;6.65;0.41;256.72;5.78;946;30;2547.00;35
6493;30;623483152;6493;346;7440;7474;6.57;0.40;256.72;5.78;947;30;2548.00;34
6498;30;623483166;6498;353;7443;7478;6.54;0.40;256.76;5.78;945;30;2549.00;35
6499;30;623483185;6499;346;7447;7481;6.49;0.40;256.78;5.78;948;30;2550.00;34
6503;30;623483197;6503;344;7453;7485;6.45;0.40;256.73;5.77;950;30;2551.00;32
6508;30;623483208;6508;333;7453;7485;6.46;0.40;256.83;5.77;945;30;2552.00;32
6511;30;623483219;6511;327;7454;7485;6.48;0.40;256.95;5.77;943;30;2553.00;31
6515;30;623483230;6515;326;7455;7485;6.45;0.40;257.02;5.77;940;30;2554.00;30
6523;30;623483240;6523;326;7455;7485;6.42;0.40;257.22;5.77;932;30;2555.00;30
6526;30;623483251;6526;328;7467;7497;6.48;0.40;257.29;5.76;941;30;2556.00;30
6529;30;623483263;6529;324;7467;7497;6.54;0.40;257.38;5.76;938;30;2557.00;30
6535;30;623483274;6535;323;7467;7497;6.57;0.40;257.51;5.76;932;30;2558.00;30
6538;30;623483285;6538;318;7467;7497;6.66;0.41;257.51;5.76;929;30;2559.00;30
6543;30;623483295;6543;313;7467;7497;6.71;0.41;257.68;5.76;924;30;2560.00;30
6546;30;623483306;6546;309;7467;7497;6.78;0.42;257.75;5.76;921;30;2561.00;30
6550;30;623483317;6550;301;7468;7498;6.84;0.42;257.84;5.76;918;30;2562.00;30
6555;30;623483327;6555;298;7468;7498;6.91;0.43;257.96;5.76;913;30;2563.00;30
6558;30;623483338;6558;290;7474;7504;7.07;0.44;257.99;5.76;916;30;2564.00;30
6562;30;623483353;6562;292;7476;7506;7.17;0.44;258.10;5.76;914;30;2565.00;30
6566;30;623483364;6566;292;7476;7506;7.23;0.45;258.08;5.76;910;30;2566.00;30
6572;30;623483374;6572;295;7476;7506;7.28;0.45;258.02;5.76;904;30;2567.00;30
6577;30;623483385;6577;292;7480;7510;7.37;0.45;258.07;5.75;903;30;2568.00;30
6579;30;623483396;6579;290;7480;7510;7.45;0.46;258.11;5.75;901;30;2569.00;30
6585;30;623483407;6585;290;7480;7510;7.44;0.46;258.07;5.75;895;30;2570.00;30
6589;30;623483417;6589;297;7481;7511;7.49;0.46;258.18;5.75;892;30;2571.00;30
6594;30;623483428;6594;297;7485;7515;7.46;0.46;258.29;5.75;891;30;2572.00;30
6598;30;623483439;6598;299;7485;7515;7.39;0.46;258.31;5.75;887;30;2573.00;30
6605;30;623483450;6605;295;7487;7518;7.35;0.45;258.28;5.75;882;30;2574.00;31
6612;30;623483461;6612;287;7488;7518;7.32;0.45;258.45;5.75;876;30;2575.00;30
6614;30;623483473;6614;289;7488;7518;7.34;0.45;258.46;5.75;874;30;2576.00;30
6622;30;623483483;6622;293;7488;7518;7.24;0.44;258.51;5.75;866;30;2577.00;30
6626;30;623483494;6626;289;7492;7522;7.30;0.45;258.53;5.75;866;30;2578.00;30
6631;30;623483505;6631;293;7492;7522;7.29;0.45;258.63;5.75;861;30;2579.00;30
6637;30;623483517;6637;293;7492;7522;7.26;0.44;258.63;5.75;855;30;2580.00;30
6639;30;623483528;6639;289;7492;7522;7.30;0.45;258.59;5.75;853;30;2581.00;30
6642;30;623483538;6642;291;7492;7523;7.24;0.44;258.66;5.75;850;30;2582.00;31
6647;30;623483548;6647;292;7493;7524;7.19;0.44;258.72;5.75;846;30;2583.00;31
6649;30;623483559;6649;287;7493;7524;7.19;0.44;258.67;5.75;844;30;2584.00;31
6655;30;623483569;6655;288;7494;7525;7.21;0.44;258.70;5.75;839;30;2585.00;31
6659;30;623483580;6659;293;7494;7525;7.21;0.44;258.72;5.75;835;30;2586.00;31
6659;30;623483592;6659;298;7494;7525;7.22;0.44;258.72;5.75;835;30;2587.00;31
6667;30;623483606;6667;301;7494;7525;7.14;0.43;258.92;5.75;827;30;2588.00;31
6670;30;623483616;6670;302;7494;7525;7.05;0.43;258.91;5.75;824;30;2589.00;31
6673;30;623483626;6673;305;7494;7525;6.93;0.42;258.91;5.75;821;30;2590.00;31
6677;30;623483635;6677;307;7494;7525;6.80;0.42;258.90;5.75;817;30;2591.00;31
6681;30;623483645;6681;325;7561;7652;7.07;0.44;258.94;5.70;880;30;2592.00;91
6684;30;623483664;6684;315;7565;7653;7.06;0.44;259.00;5.69;881;30;2593.00;88
6687;30;623483675;6687;314;7572;7653;7.11;0.44;258.97;5.69;885;30;2594.00;81
6689;30;623483685;6689;318;7573;7653;7.12;0.44;258.98;5.69;884;30;2595.00;80
6696;30;623483695;6696;321;7578;7653;7.14;0.44;259.03;5.69;882;30;2596.00;75
6698;30;623483705;6698;310;7579;7653;7.20;0.44;259.04;5.69;881;30;2597.00;74
6699;30;623483716;6699;309;7582;7653;7.25;0.45;259.04;5.69;883;30;2598.00;71
6703;30;623483727;6703;307;7586;7653;7.28;0.45;259.03;5.69;883;30;2599.00;67
6706;30;623483738;6706;298;7588;7654;7.30;0.45;258.99;5.69;882;30;2600.00;66
6708;30;623483753;6708;308;7591;7655;7.29;0.45;259.07;5.69;883;30;2601.00;64
6711;30;623483766;6711;314;7594;7655;7.29;0.45;259.14;5.69;883;30;2602.00;61
6713;30;623483777;6713;313;7596;7656;7.19;0.44;259.21;5.69;883;30;2603.00;60
6714;30;623483793;6714;316;7599;7656;7.17;0.44;259.22;5.70;885;30;2604.00;57
6719;30;623483808;6719;322;7600;7656;7.06;0.43;259.34;5.70;881;30;2605.00;56
6722;30;623483824;6722;310;7602;7656;7.05;0.43;259.36;5.70;880;30;2606.00;54
6723;30;623483841;6723;308;7607;7660;7.12;0.44;259.41;5.70;884;30;2607.00;53
6725;30;623483861;6725;301;7609;7660;7.13;0.44;259.47;5.70;884;30;2608.00;51
6727;30;623483878;6727;303;7610;7660;7.17;0.44;259.42;5.70;883;30;2609.00;50
6729;30;623483898;6729;302;7615;7666;7.25;0.45;259.48;5.76;886;30;2610.00;51
6734;30;623483916;6734;300;7615;7666;7.28;0.45;259.59;5.76;881;30;2611.00;51
6737;30;623483929;6737;308;7617;7666;7.36;0.45;259.50;5.76;880;30;2612.00;49
6741;30;623483941;6741;309;7621;7670;7.49;0.46;259.51;5.76;880;30;2613.00;49
6744;30;623483954;6744;304;7623;7671;7.58;0.46;259.50;5.76;879;30;2614.00;48
6746;30;623483966;6746;305;7624;7671;7.58;0.46;259.48;5.77;878;30;2615.00;47
6748;30;623483985;6748;301;7628;7675;7.74;0.47;259.45;5.77;880;31;2616.00;47
6748;30;623484007;6748;298;7629;7675;7.84;0.48;259.45;5.77;881;31;2617.00;46
6752;30;623484018;6752;294;7630;7675;7.86;0.48;259.42;5.77;878;31;2618.00;45
6752;30;623484030;6752;294;7631;7676;7.87;0.48;259.42;5.77;879;31;2619.00;45
6754;30;623484043;6754;287;7632;7676;7.91;0.48;259.40;5.77;878;31;2620.00;44
6757;30;623484054;6757;289;7637;7682;7.90;0.48;259.42;5.77;880;31;2621.00;45
6758;30;623484066;6758;293;7637;7682;7.88;0.48;259.43;5.77;879;31;2622.00;45
6759;30;623484076;6759;287;7638;7683;7.89;0.48;259.48;5.77;879;31;2623.00;45
6763;30;623484087;6763;295;7638;7683;7.87;0.48;259.43;5.77;875;31;2624.00;45
6765;30;623484099;6765;293;7638;7683;7.81;0.48;259.43;5.77;873;31;2625.00;45
6768;30;623484110;6768;289;7639;7683;7.74;0.47;259.47;5.83;871;31;2626.00;44
6771;30;623484121;6771;293;7639;7683;7.70;0.47;259.41;5.83;868;31;2627.00;44
6772;30;623484132;6772;291;7649;7695;7.75;0.47;259.44;5.82;877;31;2628.00;46
6777;30;623484143;6777;288;7649;7695;7.67;0.47;259.36;5.82;872;31;2629.00;46
6780;30;623484157;6780;284;7650;7695;7.74;0.47;259.34;5.82;870;31;2630.00;45
6781;30;623484168;6781;285;7650;7695;7.77;0.47;259.31;5.82;869;31;2631.00;45
6782;30;623484180;6782;283;7650;7695;7.83;0.48;259.30;5.82;868;31;2632.00;45
6786;30;623484191;6786;289;7650;7695;7.84;0.48;259.22;5.82;864;31;2633.00;45
6788;30;623484202;6788;284;7653;7699;7.91;0.48;259.20;5.82;865;31;2634.00;46
6793;31;623484213;6793;286;7653;7699;7.98;0.49;259.25;5.82;860;32;2635.00;46
6793;31;623484232;6793;285;7657;7703;8.15;0.50;259.25;5.81;864;32;2636.00;46
6794;31;623484245;6794;283;7658;7704;8.23;0.50;259.26;5.81;864;32;2637.00;46
6796;31;623484259;6796;280;7659;7704;8.25;0.50;259.24;5.87;863;32;2638.00;45
6800;31;623484273;6800;278;7659;7704;8.23;0.50;259.22;5.87;859;32;2639.00;45
6800;31;623484291;6800;289;7681;7733;8.23;0.50;259.22;5.86;881;32;2640.00;52
6802;31;623484306;6802;280;7681;7733;8.20;0.50;259.27;5.86;879;32;2641.00;52
6804;31;623484319;6804;273;7683;7733;8.23;0.50;259.24;5.86;879;32;2642.00;50
6806;31;623484329;6806;273;7685;7734;8.30;0.50;259.26;5.86;879;32;2643.00;49
6807;31;623484340;6807;274;7685;7735;8.34;0.51;259.27;5.86;878;32;2644.00;50
6808;31;623484351;6808;280;7685;7735;8.39;0.51;259.28;5.86;877;32;2645.00;50
6808;31;623484361;6808;280;7687;7738;8.46;0.51;259.28;5.85;879;32;2646.00;51
6813;31;623484372;6813;282;7687;7738;8.47;0.52;259.32;5.85;874;32;2647.00;51
6817;31;623484383;6817;283;7688;7738;8.45;0.51;259.29;5.85;871;32;2648.00;50
6818;31;623484395;6818;285;7688;7738;8.42;0.51;259.28;5.85;870;32;2649.00;50
6821;31;623484406;6821;288;7693;7744;8.39;0.51;259.27;5.85;872;32;2650.00;51
6822;31;623484417;6822;274;7693;7744;8.37;0.51;259.26;5.85;871;32;2651.00;51
6825;31;623484428;6825;263;7693;7744;8.30;0.50;259.26;5.85;868;32;2652.00;51
6825;31;623484445;6825;256;7693;7744;8.29;0.50;259.26;5.85;868;32;2653.00;51
6828;31;623484455;6828;249;7697;7748;8.25;0.50;259.24;5.86;869;32;2654.00;51
6830;31;623484467;6830;241;7700;7750;8.23;0.50;259.19;5.86;870;32;2655.00;50
6833;31;623484478;6833;239;7700;7750;8.24;0.50;259.22;5.86;867;32;2656.00;50
6833;31;623484488;6833;235;7701;7751;8.28;0.50;259.22;5.86;868;32;2657.00;50
6835;31;623484505;6835;235;7701;7751;8.27;0.50;259.17;5.86;866;32;2658.00;50
6836;31;623484516;6836;238;7702;7751;8.29;0.50;259.15;5.87;866;32;2659.00;49
6840;31;623484532;6840;240;7702;7751;8.33;0.51;259.20;5.87;862;32;2660.00;49
6842;31;623484548;6842;236;7702;7751;8.36;0.51;259.15;5.87;860;32;2661.00;49
6843;31;623484559;6843;242;7702;7751;8.47;0.51;259.13;5.87;859;32;2662.00;49
6846;31;623484569;6846;244;7702;7751;8.55;0.52;259.12;5.87;856;32;2663.00;49
6849;31;623484579;6849;245;7736;7821;8.74;0.53;259.03;5.84;887;32;2664.00;85
6850;31;623484597;6850;238;7738;7822;8.68;0.53;259.00;5.84;888;32;2665.00;84
6854;31;623484608;6854;232;7744;7822;8.74;0.53;258.93;5.84;890;32;2666.00;78
6855;31;623484619;6855;233;7748;7822;8.66;0.53;258.93;5.84;893;32;2667.00;74
6856;31;623484631;6856;231;7752;7822;8.66;0.53;258.94;5.84;896;32;2668.00;70
6856;31;623484642;6856;231;7754;7822;8.64;0.53;258.94;5.84;898;32;2669.00;68
6857;31;623484654;6857;237;7757;7822;8.64;0.53;258.90;5.84;900;32;2670.00;65
6860;31;623484665;6860;242;7760;7822;8.65;0.53;258.83;5.84;900;32;2671.00;62
6860;31;623484676;6860;237;7763;7823;8.68;0.53;258.83;5.84;903;32;2672.00;60
6862;31;623484686;6862;237;7765;7824;8.62;0.52;258.83;5.84;903;32;2673.00;59
6866;31;623484698;6866;237;7768;7824;8.55;0.52;258.94;5.84;902;32;2674.00;56
6868;31;623484709;6868;241;7772;7828;8.47;0.51;258.96;5.84;904;32;2675.00;56
6873;31;623484720;6873;242;7773;7828;8.45;0.51;258.96;5.84;900;32;2676.00;55
6874;31;623484732;6874;243;7774;7828;8.37;0.51;258.95;5.85;900;32;2677.00;54
6876;31;623484743;6876;247;7774;7828;8.30;0.50;258.98;5.85;898;32;2678.00;54
6879;31;623484754;6879;252;7779;7834;8.26;0.50;258.98;5.85;900;32;2679.00;55
6879;31;623484767;6879;254;7781;7834;8.17;0.50;258.98;5.87;902;32;2680.00;53
6881;31;623484778;6881;261;7781;7834;8.15;0.49;259.05;5.87;900;32;2681.00;53
6887;31;623484788;6887;272;7783;7837;8.11;0.49;259.30;5.87;896;32;2682.00;54
6888;31;623484800;6888;282;7786;7837;8.09;0.49;259.27;5.89;898;32;2683.00;51
6888;31;623484812;6888;285;7786;7837;8.02;0.49;259.27;5.89;898;32;2684.00;51
6890;31;623484822;6890;286;7786;7838;7.97;0.48;259.34;5.89;896;32;2685.00;52
6892;31;623484835;6892;289;7788;7839;7.94;0.48;259.37;5.90;896;32;2686.00;51
6893;31;623484846;6893;293;7789;7839;7.86;0.48;259.43;5.91;896;32;2687.00;50
6894;31;623484858;6894;293;7800;7852;7.78;0.47;259.49;5.91;906;32;2688.00;52
6896;31;623484869;6896;294;7802;7852;7.75;0.47;259.46;5.92;906;32;2689.00;50
6897;31;623484880;6897;297;7802;7852;7.70;0.47;259.46;5.92;905;32;2690.00;50
6902;31;623484890;6902;301;7804;7853;7.62;0.46;259.51;5.92;902;32;2691.00;49
6903;31;623484901;6903;307;7805;7853;7.57;0.46;259.56;5.93;902;32;2692.00;48
6906;31;623484911;6906;314;7811;7857;7.59;0.46;259.59;5.94;905;32;2693.00;46
6907;31;623484921;6907;316;7811;7857;7.47;0.46;259.65;5.94;904;32;2694.00;46
6910;31;623484932;6910;323;7816;7861;7.42;0.45;259.64;5.95;906;32;2695.00;45
6912;31;623484943;6912;330;7818;7861;7.34;0.45;259.64;5.97;906;32;2696.00;43
6916;31;623484953;6916;338;7818;7861;7.21;0.44;259.60;5.97;902;32;2697.00;43
6918;31;623484963;6918;337;7818;7861;7.07;0.43;259.68;5.97;900;32;2698.00;43
6920;31;623484973;6920;327;7820;7861;6.89;0.42;259.75;5.98;900;32;2699.00;41
6921;31;623484986;6921;325;7846;7910;6.96;0.43;259.74;5.96;925;32;2700.00;64
6925;31;623485005;6925;322;7848;7910;6.91;0.42;259.81;5.96;923;32;2701.00;62
6926;31;623485015;6926;322;7852;7910;6.89;0.42;259.80;5.96;926;32;2702.00;58
6929;31;623485026;6929;320;7852;7910;6.84;0.42;259.82;5.96;923;32;2703.00;58
6930;31;623485036;6930;321;7856;7910;6.79;0.42;259.84;5.97;926;32;2704.00;54
6934;31;623485046;6934;322;7857;7910;6.76;0.41;259.92;5.97;923;32;2705.00;53
6935;31;623485057;6935;323;7859;7911;6.73;0.41;259.91;5.97;924;32;2706.00;52
6937;31;623485068;6937;324;7860;7911;6.71;0.41;259.97;5.97;923;32;2707.00;51
6938;31;623485078;6938;333;7868;7917;6.74;0.41;259.95;5.98;930;32;2708.00;49
6940;31;623485088;6940;333;7870;7918;6.73;0.41;259.99;5.98;930;32;2709.00;48
6941;31;623485099;6941;336;7870;7918;6.72;0.41;259.98;5.98;929;32;2710.00;48
6942;31;623485109;6942;332;7870;7918;6.71;0.41;260.00;5.98;928;32;2711.00;48
6945;31;623485119;6945;334;7876;7922;6.69;0.41;260.00;5.97;931;32;2712.00;46
6949;31;623485145;6949;332;7876;7922;6.67;0.41;259.93;5.97;927;32;2713.00;46
6952;31;623485156;6952;335;7877;7922;6.60;0.40;259.93;5.98;925;32;2714.00;45
6959;31;623485166;6959;338;7880;7923;6.50;0.40;259.94;5.98;921;32;2715.00;43
6962;31;623485176;6962;339;7883;7927;6.37;0.39;259.98;5.97;921;32;2716.00;44
6966;31;623485187;6966;342;7884;7927;6.26;0.38;260.02;5.98;918;32;2717.00;43
6971;31;623485197;6971;342;7888;7930;6.19;0.38;260.09;5.97;917;32;2718.00;42
6974;31;623485207;6974;356;7889;7930;6.12;0.37;260.16;5.98;915;32;2719.00;41
6978;31;623485217;6978;339;7890;7930;6.08;0.37;260.28;5.98;912;32;2720.00;40
6981;31;623485227;6981;336;7890;7930;6.06;0.37;260.43;5.98;909;32;2721.00;40
6982;31;623485237;6982;327;7894;7934;6.09;0.37;260.46;5.98;912;32;2722.00;40
6987;31;623485247;6987;325;7894;7934;6.06;0.37;260.56;5.98;907;32;2723.00;40
6990;31;623485268;6990;324;7895;7934;6.05;0.37;260.63;5.98;905;32;2724.00;39
6994;31;623485278;6994;322;7895;7934;6.07;0.37;260.65;5.98;901;32;2725.00;39
6997;31;623485288;6997;324;7896;7935;6.10;0.38;260.71;5.98;899;32;2726.00;39
7001;31;623485298;7001;320;7898;7936;6.11;0.38;260.86;5.98;897;32;2727.00;38
7004;31;623485308;7004;312;7898;7936;6.12;0.38;260.91;5.98;894;32;2728.00;38
7010;31;623485318;7010;308;7899;7937;6.18;0.38;261.11;5.98;889;32;2729.00;38
7014;31;623485329;7014;304;7901;7937;6.21;0.38;261.19;5.98;887;32;2730.00;36
7017;31;623485339;7017;296;7902;7937;6.26;0.39;261.23;5.98;885;32;2731.00;35
7023;31;623485349;7023;299;7902;7937;6.32;0.39;261.34;5.98;879;32;2732.00;35
7028;31;623485358;7028;302;7902;7937;6.38;0.39;261.32;5.98;874;32;2733.00;35
7032;31;623485368;7032;292;7902;7937;6.47;0.40;261.42;5.98;870;32;2734.00;35
7039;31;623485378;7039;293;7902;7937;6.52;0.40;261.40;5.98;863;32;2735.00;35
7043;31;623485388;7043;299;7979;8064;6.79;0.42;261.45;5.93;936;32;2736.00;85
7048;31;623485408;7048;297;7983;8065;6.87;0.43;261.46;5.93;935;32;2737.00;82
7052;31;623485419;7052;297;7991;8065;6.92;0.43;261.54;5.93;939;32;2738.00;74
7055;31;623485430;7055;293;7993;8065;7.01;0.43;261.57;5.92;938;32;2739.00;72
7058;31;623485441;7058;295;7999;8065;7.06;0.44;261.60;5.92;941;32;2740.00;66
7064;31;623485452;7064;299;8001;8065;7.03;0.43;261.77;5.99;937;32;2741.00;64
7066;31;623485464;7066;301;8004;8065;6.98;0.43;261.79;5.99;938;32;2742.00;61
7071;31;623485474;7071;303;8005;8065;6.92;0.43;261.85;5.99;934;32;2743.00;60
7073;31;623485485;7073;311;8008;8066;6.85;0.42;261.85;6.00;935;32;2744.00;58
7078;31;623485496;7078;311;8012;8068;6.80;0.42;261.85;6.00;934;32;2745.00;56
7082;31;623485507;7082;314;8015;8068;6.79;0.42;261.90;6.00;933;32;2746.00;53
7084;31;623485518;7084;321;8018;8069;6.71;0.41;261.94;6.00;934;32;2747.00;51
7089;31;623485529;7089;324;8021;8069;6.62;0.41;262.11;6.00;932;32;2748.00;48
7095;31;623485539;7095;319;8023;8069;6.51;0.40;262.05;6.00;928;32;2749.00;46
7097;31;623485550;7097;327;8026;8069;6.46;0.40;262.06;6.01;929;32;2750.00;43
7102;31;623485561;7102;327;8031;8073;6.36;0.39;262.02;6.01;929;32;2751.00;42
7105;31;623485572;7105;320;8032;8073;6.30;0.39;262.02;6.01;927;32;2752.00;41
7106;31;623485588;7106;324;8032;8073;6.31;0.39;262.03;6.01;926;32;2753.00;41
7109;31;623485603;7109;335;8035;8076;6.31;0.39;262.07;6.01;926;32;2754.00;41
7111;31;623485615;7111;338;8036;8076;6.33;0.39;262.10;6.01;925;32;2755.00;40
7114;31;623485625;7114;342;8038;8076;6.29;0.39;262.10;6.01;924;32;2756.00;38
7118;31;623485637;7118;347;8041;8080;6.26;0.38;262.18;6.01;923;32;2757.00;39
7124;31;623485648;7124;349;8042;8081;6.21;0.38;262.20;6.01;918;32;2758.00;39
7128;31;623485659;7128;360;8043;8081;6.21;0.38;262.17;6.01;915;32;2759.00;38
7133;31;623485671;7133;359;8047;8086;6.16;0.38;262.21;6.00;914;32;2760.00;39
7137;31;623485683;7137;354;8047;8086;6.08;0.37;262.25;6.00;910;32;2761.00;39
7141;31;623485693;7141;360;8047;8086;6.08;0.37;262.21;6.00;906;32;2762.00;39
7142;31;623485714;7142;363;8048;8087;6.10;0.37;262.23;6.00;906;32;2763.00;39
7146;31;623485724;7146;361;8048;8087;6.04;0.37;262.34;6.00;902;32;2764.00;39
7147;31;623485734;7147;358;8053;8093;6.01;0.37;262.31;6.00;906;32;2765.00;40
7150;31;623485745;7150;364;8053;8093;5.95;0.36;262.26;6.00;903;32;2766.00;40
7152;31;623485756;7152;357;8053;8094;5.94;0.36;262.26;6.00;901;32;2767.00;41
7156;31;623485766;7156;350;8053;8094;5.89;0.36;262.34;6.00;897;32;2768.00;41
7159;31;623485776;7159;343;8053;8094;5.83;0.36;262.31;6.00;894;32;2769.00;41
7160;31;623485787;7160;340;8054;8094;5.85;0.36;262.37;6.07;894;32;2770.00;40
7161;31;623485797;7161;335;8054;8094;5.83;0.36;262.37;6.07;893;32;2771.00;40
7164;31;623485811;7164;336;8063;8106;5.97;0.36;262.34;6.07;899;32;2772.00;43
7165;31;623485828;7165;339;8063;8106;6.03;0.37;262.33;6.07;898;32;2773.00;43
7167;31;623485850;7167;345;8065;8106;6.07;0.37;262.34;6.07;898;32;2774.00;41
7169;31;623485874;7169;340;8065;8106;6.07;0.37;262.38;6.07;896;32;2775.00;41
7172;31;623485890;7172;333;8065;8106;6.10;0.37;262.38;6.07;893;32;2776.00;41
7176;31;623485906;7176;318;8065;8106;6.18;0.38;262.36;6.07;889;32;2777.00;41
7178;31;623485924;7178;308;8068;8110;6.27;0.38;262.39;6.07;890;32;2778.00;42
7182;31;623485937;7182;301;8068;8110;6.32;0.39;262.30;6.07;886;32;2779.00;42
7184;31;623485957;7184;303;8072;8114;6.41;0.39;262.27;6.06;888;32;2780.00;42
7185;31;623485970;7185;300;8073;8115;6.42;0.39;262.28;6.06;888;32;2781.00;42
7187;31;623485983;7187;298;8073;8115;6.43;0.39;262.25;6.06;886;32;2782.00;42
7187;31;623485994;7187;296;8073;8115;6.50;0.40;262.25;6.06;886;32;2783.00;42
7190;31;623486006;7190;299;8084;8128;6.65;0.41;262.22;6.05;894;32;2784.00;44
7191;31;623486018;7191;293;8084;8128;6.68;0.41;262.24;6.05;893;32;2785.00;44
7195;32;623486029;7195;293;8084;8128;6.69;0.41;262.19;6.05;889;33;2786.00;44
7197;32;623486061;7197;296;8086;8129;6.78;0.41;262.15;6.13;889;33;2787.00;43
7198;32;623486072;7198;290;8086;8130;6.90;0.42;262.15;6.13;888;33;2788.00;44
7200;32;623486083;7200;288;8086;8130;6.96;0.42;262.13;6.13;886;33;2789.00;44
7201;32;623486096;7201;291;8090;8136;7.05;0.43;262.14;6.13;889;33;2790.00;46
7202;32;623486106;7202;290;8090;8136;7.08;0.43;262.14;6.13;888;33;2791.00;46
7206;32;623486117;7206;295;8092;8136;7.08;0.43;262.08;6.13;886;33;2792.00;44
7206;32;623486128;7206;289;8092;8136;7.10;0.43;262.08;6.13;886;33;2793.00;44
7208;32;623486138;7208;289;8097;8142;7.13;0.43;262.10;6.12;889;33;2794.00;45
7212;32;623486150;7212;291;8097;8142;7.12;0.43;262.08;6.12;885;33;2795.00;45
7215;32;623486161;7215;288;8097;8142;7.12;0.43;262.13;6.12;882;33;2796.00;45
7215;32;623486172;7215;290;8097;8142;7.12;0.43;262.13;6.12;882;33;2797.00;45
7216;32;623486182;7216;292;8100;8146;7.13;0.43;262.12;6.12;884;33;2798.00;46
7219;32;623486193;7219;293;8101;8147;7.14;0.43;262.06;6.12;882;33;2799.00;46
7219;32;623486204;7219;295;8102;8147;7.17;0.44;262.06;6.20;883;33;2800.00;45
7224;32;623486218;7224;297;8103;8148;7.17;0.44;262.07;6.20;879;33;2801.00;45
7225;32;623486230;7225;296;8103;8148;7.18;0.44;262.05;6.20;878;33;2802.00;45
7228;32;623486241;7228;284;8103;8148;7.20;0.44;262.06;6.20;875;33;2803.00;45
7230;32;623486252;7230;278;8103;8148;7.22;0.44;262.05;6.20;873;33;2804.00;45
7230;32;623486263;7230;263;8103;8148;7.31;0.44;262.05;6.20;873;33;2805.00;45
7230;32;623486274;7230;252;8103;8148;7.49;0.45;262.05;6.20;873;33;2806.00;45
7231;32;623486285;7231;249;8103;8148;7.61;0.46;262.04;6.20;872;33;2807.00;45
7232;32;623486296;7232;250;8141;8218;7.69;0.47;262.03;6.17;909;33;2808.00;77
7234;32;623486314;7234;239;8141;8219;7.86;0.48;262.05;6.17;907;33;2809.00;78
7236;32;623486326;7236;235;8148;8219;8.11;0.49;262.09;6.16;912;33;2810.00;71
7236;32;623486339;7236;233;8150;8219;8.29;0.50;262.09;6.16;914;33;2811.00;69
7237;32;623486351;7237;219;8154;8219;8.46;0.51;262.08;6.16;917;33;2812.00;65
7237;32;623486371;7237;219;8155;8219;8.64;0.53;262.08;6.16;918;33;2813.00;64
7238;32;623486383;7238;218;8158;8219;8.75;0.53;262.09;6.16;920;33;2814.00;61
7240;32;623486395;7240;218;8161;8219;8.86;0.54;262.09;6.16;921;33;2815.00;58
7241;32;623486407;7241;216;8163;8220;8.96;0.54;262.10;6.16;922;33;2816.00;57
7244;32;623486419;7244;221;8166;8221;8.98;0.54;262.08;6.16;922;33;2817.00;55
7247;32;623486431;7247;217;8168;8221;8.92;0.54;262.08;6.17;921;33;2818.00;53
7248;32;623486450;7248;219;8173;8225;8.87;0.54;262.07;6.16;925;33;2819.00;52
7250;32;623486472;7250;214;8174;8225;8.89;0.54;262.06;6.16;924;33;2820.00;51
7251;32;623486484;7251;213;8174;8225;8.91;0.54;262.05;6.16;923;33;2821.00;51
7251;32;623486497;7251;210;8174;8225;8.87;0.54;262.05;6.16;923;33;2822.00;51
7253;32;623486508;7253;209;8179;8231;8.84;0.54;262.03;6.16;926;33;2823.00;52
7258;32;623486520;7258;209;8179;8231;8.81;0.54;262.07;6.16;921;33;2824.00;52
7260;32;623486532;7260;210;8181;8231;8.79;0.53;262.03;6.18;921;33;2825.00;50
7265;32;623486544;7265;216;8183;8234;8.80;0.53;262.12;6.18;918;33;2826.00;51
7268;32;623486557;7268;215;8183;8234;8.81;0.54;262.09;6.18;915;33;2827.00;51
7271;32;623486568;7271;216;8184;8234;8.79;0.54;262.09;6.18;913;33;2828.00;50
7275;32;623486579;7275;222;8184;8235;8.75;0.53;262.18;6.18;909;33;2829.00;51
7279;32;623486591;7279;223;8185;8236;8.80;0.54;262.23;6.18;906;33;2830.00;51
7282;32;623486603;7282;227;8185;8236;8.78;0.53;262.22;6.18;903;33;2831.00;51
7286;32;623486614;7286;232;8195;8249;8.77;0.53;262.14;6.17;909;33;2832.00;54
7288;32;623486627;7288;224;8195;8249;8.80;0.54;262.17;6.17;907;33;2833.00;54
7289;32;623486640;7289;233;8196;8249;8.88;0.54;262.14;6.17;907;33;2834.00;53
7290;32;623486651;7290;233;8198;8251;8.89;0.54;262.15;6.17;908;33;2835.00;53
7293;32;623486663;7293;225;8198;8251;8.89;0.54;262.12;6.17;905;33;2836.00;53
7295;32;623486675;7295;229;8202;8255;9.00;0.55;262.17;6.16;907;33;2837.00;53
7301;32;623486687;7301;228;8202;8255;9.05;0.55;262.16;6.16;901;33;2838.00;53
7303;32;623486699;7303;227;8205;8259;9.02;0.55;262.15;6.16;902;33;2839.00;54
7305;32;623486712;7305;224;8205;8259;9.01;0.55;262.20;6.16;900;33;2840.00;54
7307;32;623486730;7307;217;8205;8259;8.98;0.55;262.29;6.16;898;33;2841.00;54
7308;32;623486742;7308;218;8205;8259;8.96;0.55;262.28;6.16;897;33;2842.00;54
7309;32;623486755;7309;226;8205;8259;8.94;0.54;262.28;6.16;896;33;2843.00;54
7314;32;623486767;7314;228;8215;8271;8.96;0.54;262.31;6.16;901;33;2844.00;56
7317;32;623486780;7317;229;8215;8271;8.94;0.54;262.37;6.16;898;33;2845.00;56
7320;32;623486793;7320;227;8216;8271;8.93;0.54;262.45;6.15;896;33;2846.00;55
7321;32;623486805;7321;233;8216;8271;8.89;0.54;262.46;6.15;895;33;2847.00;55
7323;32;623486820;7323;235;8216;8271;8.88;0.54;262.51;6.15;893;33;2848.00;55
7325;32;623486832;7325;242;8216;8271;8.85;0.54;262.50;6.15;891;33;2849.00;55
7331;32;623486845;7331;245;8220;8274;8.75;0.53;262.50;6.17;889;33;2850.00;54
7332;32;623486866;7332;248;8220;8274;8.75;0.53;262.49;6.17;888;33;2851.00;54
7336;32;623486882;7336;247;8225;8280;8.76;0.53;262.56;6.17;889;33;2852.00;55
7337;32;623486893;7337;249;8228;8281;8.67;0.53;262.60;6.19;891;33;2853.00;53
7340;32;623486905;7340;255;8228;8281;8.58;0.52;262.69;6.19;888;33;2854.00;53
7342;32;623486916;7342;253;8230;8281;8.52;0.52;262.76;6.20;888;33;2855.00;51
7343;32;623486926;7343;263;8233;8285;8.49;0.52;262.75;6.20;890;33;2856.00;52
7347;32;623486937;7347;266;8235;8285;8.42;0.51;262.83;6.21;888;33;2857.00;50
7352;32;623486948;7352;266;8235;8285;8.30;0.51;262.83;6.21;883;33;2858.00;50
7354;32;623486958;7354;267;8238;8286;8.29;0.51;262.94;6.22;884;33;2859.00;48
7357;32;623486969;7357;267;8241;8290;8.19;0.50;262.96;6.22;884;33;2860.00;49
7359;32;623486980;7359;264;8242;8290;8.15;0.50;262.96;6.23;883;33;2861.00;48
7361;32;623486991;7361;269;8244;8293;8.18;0.50;262.99;6.23;883;33;2862.00;49
7363;32;623487001;7363;271;8245;8293;8.05;0.49;263.05;6.24;882;33;2863.00;48
7367;32;623487012;7367;270;8250;8295;7.95;0.48;262.97;6.25;883;33;2864.00;45
7369;32;623487023;7369;269;8251;8295;7.91;0.48;263.06;6.26;882;33;2865.00;44
7370;32;623487033;7370;272;8256;8299;7.89;0.48;263.08;6.26;886;33;2866.00;43
7372;32;623487049;7372;276;8257;8299;7.77;0.47;263.06;6.27;885;33;2867.00;42
7375;32;623487060;7375;281;8258;8299;7.68;0.47;263.11;6.27;883;33;2868.00;41
7377;32;623487070;7377;281;8258;8299;7.61;0.46;263.16;6.27;881;33;2869.00;41
7379;32;623487080;7379;282;8261;8300;7.50;0.46;263.25;6.28;882;33;2870.00;39
7381;32;623487091;7381;281;8262;8301;7.42;0.45;263.21;6.28;881;33;2871.00;39
7383;32;623487106;7383;276;8262;8301;7.37;0.45;263.25;6.28;879;33;2872.00;39
7385;32;623487116;7385;278;8264;8302;7.39;0.45;263.26;6.29;879;33;2873.00;38
7387;32;623487127;7387;279;8264;8302;7.41;0.45;263.36;6.29;877;33;2874.00;38
7389;32;623487137;7389;275;8267;8302;7.43;0.45;263.43;6.29;878;33;2875.00;35
7392;32;623487147;7392;279;8268;8302;7.46;0.45;263.51;6.29;876;33;2876.00;34
7394;32;623487158;7394;279;8269;8302;7.48;0.46;263.51;6.29;875;33;2877.00;33
7397;32;623487168;7397;283;8269;8302;7.48;0.46;263.60;6.29;872;33;2878.00;33
7400;32;623487177;7400;280;8269;8302;7.48;0.46;263.62;6.29;869;33;2879.00;33
7402;32;623487189;7402;321;8375;8532;7.47;0.47;263.59;6.21;973;33;2880.00;157
7404;32;623487216;7404;310;8380;8533;7.46;0.47;263.60;6.21;976;33;2881.00;153
7409;32;623487227;7409;305;8390;8533;7.43;0.46;263.70;6.21;981;33;2882.00;143
7411;32;623487237;7411;299;8397;8533;7.44;0.46;263.73;6.20;986;33;2883.00;136
7416;32;623487248;7416;297;8403;8533;7.41;0.46;263.74;6.20;987;33;2884.00;130
7420;32;623487259;7420;296;8409;8533;7.33;0.46;263.74;6.20;989;33;2885.00;124
7423;32;623487270;7423;295;8418;8533;7.30;0.45;263.79;6.20;995;33;2886.00;115
7428;32;623487280;7428;299;8426;8533;7.21;0.45;263.80;6.20;998;33;2887.00;107
7432;32;623487291;7432;302;8435;8534;7.12;0.44;263.85;6.20;1003;33;2888.00;99
7434;32;623487301;7434;312;8439;8535;7.03;0.44;263.93;6.21;1005;33;2889.00;96
7436;32;623487312;7436;302;8444;8535;6.95;0.43;263.97;6.21;1008;33;2890.00;91
7446;32;623487323;7446;301;8449;8536;6.71;0.42;264.05;6.21;1003;33;2891.00;87
7449;32;623487339;7449;306;8451;8536;6.56;0.41;264.03;6.21;1002;33;2892.00;85
7453;32;623487351;7453;311;8455;8536;6.35;0.39;264.13;6.21;1002;33;2893.00;81
7459;32;623487361;7459;314;8457;8536;6.22;0.39;264.17;6.22;998;33;2894.00;79
7460;32;623487372;7460;328;8461;8540;6.09;0.38;264.20;6.22;1001;33;2895.00;79
7463;32;623487383;7463;338;8464;8540;5.99;0.37;264.24;6.22;1001;33;2896.00;76
7469;32;623487399;7469;329;8466;8540;6.00;0.37;264.37;6.22;997;33;2897.00;74
7471;32;623487411;7471;335;8468;8543;6.05;0.37;264.45;6.22;997;33;2898.00;75
7474;32;623487421;7474;336;8468;8543;6.12;0.38;264.57;6.22;994;33;2899.00;75
7478;32;623487433;7478;339;8469;8543;6.13;0.38;264.69;6.22;991;33;2900.00;74
7481;32;623487447;7481;346;8476;8547;6.16;0.38;264.75;6.23;995;33;2901.00;71
7484;32;623487458;7484;336;8479;8548;6.16;0.38;264.80;6.23;995;33;2902.00;69
7489;32;623487469;7489;335;8482;8548;6.21;0.38;264.92;6.24;993;33;2903.00;66
7491;32;623487482;7491;338;8488;8552;6.32;0.39;264.91;6.24;997;33;2904.00;64
7499;32;623487499;7499;340;8492;8552;6.33;0.39;265.10;6.24;993;33;2905.00;60
7504;32;623487511;7504;347;8493;8552;6.42;0.40;265.15;6.25;989;33;2906.00;59
7507;32;623487522;7507;357;8494;8553;6.50;0.40;265.16;6.25;987;33;2907.00;59
7514;32;623487533;7514;358;8496;8553;6.52;0.40;265.25;6.25;982;33;2908.00;57
7519;32;623487544;7519;358;8500;8559;6.56;0.40;265.31;6.25;981;33;2909.00;59
7521;32;623487557;7521;363;8500;8559;6.57;0.40;265.35;6.25;979;33;2910.00;59
7525;32;623487569;7525;371;8501;8560;6.47;0.40;265.38;6.25;976;33;2911.00;59
7527;32;623487585;7527;375;8502;8560;6.38;0.39;265.39;6.25;975;33;2912.00;58
7529;32;623487596;7529;375;8503;8560;6.29;0.39;265.39;6.25;974;33;2913.00;57
7534;32;623487607;7534;377;8503;8560;6.23;0.38;265.36;6.25;969;33;2914.00;57
7536;32;623487617;7536;381;8505;8560;6.17;0.38;265.33;6.26;969;33;2915.00;55
7540;32;623487629;7540;386;8514;8572;6.18;0.38;265.37;6.25;974;33;2916.00;58
7543;32;623487641;7543;388;8514;8572;6.12;0.38;265.37;6.25;971;33;2917.00;58
7547;32;623487651;7547;398;8517;8572;6.05;0.37;265.35;6.34;970;33;2918.00;55
7550;32;623487663;7550;402;8518;8572;6.03;0.37;265.41;6.34;968;33;2919.00;54
7553;32;623487674;7553;407;8519;8572;5.98;0.37;265.44;6.34;966;33;2920.00;53
7560;32;623487685;7560;414;8520;8572;5.87;0.36;265.44;6.34;960;33;2921.00;52
7562;32;623487696;7562;415;8524;8576;5.85;0.36;265.48;6.34;962;33;2922.00;52
7567;32;623487707;7567;417;8524;8576;5.81;0.36;265.52;6.34;957;33;2923.00;52
7572;32;623487717;7572;421;8528;8580;5.78;0.36;265.53;6.34;956;33;2924.00;52
7577;32;623487728;7577;424;8530;8582;5.74;0.35;265.53;6.34;953;33;2925.00;52
7581;32;623487739;7581;417;8530;8582;5.67;0.35;265.52;6.34;949;33;2926.00;52
7582;32;623487749;7582;418;8530;8582;5.64;0.35;265.53;6.34;948;33;2927.00;52
7584;32;623487758;7584;417;8541;8595;5.74;0.35;265.56;6.33;957;33;2928.00;54
7585;32;623487769;7585;420;8541;8595;5.70;0.35;265.55;6.33;956;33;2929.00;54
7590;32;623487780;7590;419;8541;8595;5.66;0.35;265.52;6.33;951;33;2930.00;54
7596;32;623487790;7596;420;8542;8596;5.68;0.35;265.44;6.33;946;33;2931.00;54
7600;32;623487800;7600;421;8542;8597;5.68;0.35;265.46;6.33;942;33;2932.00;55
7605;32;623487815;7605;425;8543;8597;5.66;0.35;265.46;6.40;938;33;2933.00;54
7610;32;623487831;7610;430;8545;8600;5.69;0.35;265.48;6.40;935;33;2934.00;55
7611;32;623487849;7611;434;8545;8600;5.67;0.35;265.46;6.40;934;33;2935.00;55
7613;32;623487867;7613;439;8546;8600;5.65;0.34;265.44;6.40;933;33;2936.00;54
7618;32;623487882;7618;428;8546;8600;5.62;0.34;265.36;6.40;928;33;2937.00;54
7621;32;623487897;7621;422;8551;8606;5.68;0.35;265.29;6.40;930;33;2938.00;55
7623;32;623487913;7623;414;8551;8606;5.69;0.35;265.35;6.40;928;33;2939.00;55
7625;32;623487929;7625;417;8551;8606;5.73;0.35;265.36;6.40;926;33;2940.00;55
7626;32;623487940;7626;412;8551;8606;5.74;0.35;265.33;6.40;925;33;2941.00;55
7630;32;623487952;7630;411;8554;8610;5.77;0.35;265.24;6.39;924;33;2942.00;56
7632;32;623487963;7632;413;8555;8611;5.76;0.35;265.19;6.39;923;33;2943.00;56
7635;32;623487974;7635;415;8556;8611;5.71;0.35;265.13;6.47;921;33;2944.00;55
7638;32;623487985;7638;415;8557;8612;5.69;0.34;265.08;6.47;919;33;2945.00;55
7639;32;623487996;7639;404;8557;8612;5.73;0.35;265.07;6.47;918;33;2946.00;55
7640;32;623488008;7640;397;8557;8612;5.81;0.35;265.04;6.47;917;33;2947.00;55
7640;32;623488019;7640;387;8557;8612;5.86;0.36;265.04;6.47;917;33;2948.00;55
7643;32;623488030;7643;376;8557;8612;5.89;0.36;264.98;6.47;914;33;2949.00;55
7643;32;623488047;7643;371;8557;8612;5.94;0.36;264.98;6.47;914;33;2950.00;55
7645;32;623488058;7645;372;8557;8612;5.98;0.36;265.00;6.47;912;33;2951.00;55
7647;32;623488069;7647;375;8592;8682;6.22;0.38;264.94;6.44;945;33;2952.00;90
7647;32;623488085;7647;375;8592;8683;6.25;0.38;264.94;6.44;945;33;2953.00;91
7648;32;623488097;7648;372;8599;8683;6.34;0.38;264.92;6.44;951;33;2954.00;84
7649;32;623488107;7649;358;8600;8683;6.35;0.39;264.96;6.44;951;33;2955.00;83
7651;32;623488119;7651;348;8603;8683;6.42;0.39;264.93;6.43;952;33;2956.00;80
7651;32;623488131;7651;341;8606;8683;6.53;0.40;264.93;6.43;955;33;2957.00;77
7651;32;623488144;7651;333;8608;8683;6.66;0.40;264.93;6.43;957;33;2958.00;75
7652;32;623488155;7652;322;8611;8683;6.73;0.41;264.94;6.43;959;33;2959.00;72
7654;32;623488166;7654;311;8615;8684;6.81;0.41;264.97;6.51;961;33;2960.00;69
7654;32;623488178;7654;308;8618;8685;6.93;0.42;264.97;6.51;964;33;2961.00;67
7654;32;623488190;7654;302;8619;8685;7.06;0.43;264.97;6.51;965;33;2962.00;66
7656;32;623488202;7656;297;8623;8689;7.15;0.43;265.06;6.51;967;33;2963.00;66
7659;32;623488214;7659;287;8624;8689;7.27;0.44;265.05;6.50;965;33;2964.00;65
7660;32;623488227;7660;287;8624;8689;7.34;0.45;265.01;6.50;964;33;2965.00;65
7662;32;623488239;7662;281;8624;8689;7.42;0.45;264.98;6.50;962;33;2966.00;65
7662;32;623488252;7662;278;8628;8695;7.54;0.46;264.98;6.50;966;33;2967.00;67
7664;32;623488265;7664;274;8628;8695;7.58;0.46;264.98;6.50;964;33;2968.00;67
7664;32;623488284;7664;269;8628;8695;7.62;0.46;264.98;6.50;964;33;2969.00;67
7664;32;623488297;7664;266;8632;8701;7.73;0.47;264.98;6.50;968;33;2970.00;69
7665;32;623488310;7665;261;8632;8701;7.79;0.47;264.98;6.50;967;33;2971.00;69
7665;32;623488322;7665;263;8634;8701;7.89;0.48;264.98;6.50;969;33;2972.00;67
7667;32;623488335;7667;258;8634;8702;7.96;0.48;264.99;6.50;967;33;2973.00;68
7669;32;623488351;7669;251;8636;8703;8.00;0.48;264.97;6.57;967;33;2974.00;67
7670;33;623488365;7670;241;8636;8703;8.05;0.49;265.02;6.57;966;34;2975.00;67
7671;33;623488400;7671;243;8645;8716;8.10;0.49;265.00;6.56;974;34;2976.00;71
7674;33;623488416;7674;237;8645;8716;8.14;0.49;265.06;6.56;971;34;2977.00;71
7675;33;623488429;7675;236;8645;8716;8.15;0.49;265.05;6.56;970;34;2978.00;71
7676;33;623488442;7676;230;8646;8717;8.23;0.50;265.12;6.56;970;34;2979.00;71
7676;33;623488455;7676;228;8647;8717;8.26;0.50;265.12;6.63;971;34;2980.00;70
7678;33;623488468;7678;230;8650;8721;8.37;0.51;265.14;6.63;972;34;2981.00;71
7679;33;623488481;7679;227;8650;8721;8.41;0.51;265.17;6.63;971;34;2982.00;71
7680;33;623488493;7680;225;8653;8725;8.41;0.51;265.19;6.63;973;34;2983.00;72
7683;33;623488506;7683;222;8653;8725;8.44;0.51;265.20;6.63;970;34;2984.00;72
7692;33;623488520;7692;228;8653;8725;8.40;0.51;265.27;6.63;961;34;2985.00;72
7692;33;623488534;7692;225;8653;8725;8.41;0.51;265.27;6.63;961;34;2986.00;72
7695;33;623488545;7695;222;8653;8725;8.42;0.51;265.38;6.63;958;34;2987.00;72
7698;33;623488558;7698;225;8663;8737;8.44;0.51;265.41;6.62;965;34;2988.00;74
7701;33;623488571;7701;225;8663;8737;8.48;0.51;265.42;6.62;962;34;2989.00;74
7704;33;623488584;7704;224;8664;8737;8.57;0.52;265.42;6.62;960;34;2990.00;73
7707;34;623488597;7707;220;8664;8737;8.61;0.52;265.46;6.62;957;35;2991.00;73
7712;34;623488623;7712;218;8664;8737;8.59;0.52;265.46;6.62;952;35;2992.00;73
7715;34;623488636;7715;212;8668;8737;8.55;0.52;265.48;6.70;953;35;2993.00;69
7717;34;623488649;7717;206;8668;8738;8.60;0.52;265.47;6.70;951;35;2994.00;70
7718;34;623488662;7718;204;8669;8738;8.65;0.52;265.45;6.71;951;35;2995.00;69
7722;34;623488676;7722;206;8674;8744;8.69;0.53;265.41;6.71;952;35;2996.00;70
7724;34;623488689;7724;208;8674;8745;8.74;0.53;265.38;6.71;950;35;2997.00;71
7730;34;623488701;7730;201;8675;8745;8.73;0.53;265.34;6.71;945;35;2998.00;70
7733;34;623488714;7733;205;8675;8745;8.73;0.53;265.35;6.71;942;35;2999.00;70
7737;34;623488729;7737;208;8681;8765;8.72;0.53;265.31;6.71;944;35;3000.00;84
7740;34;623488747;7740;205;8681;8765;8.73;0.53;265.29;6.71;941;35;3001.00;84
7741;34;623488760;7741;197;8681;8765;8.76;0.53;265.29;6.71;940;35;3002.00;84
7745;34;623488772;7745;199;8682;8766;8.82;0.53;265.32;6.71;937;35;3003.00;84
7748;34;623488785;7748;195;8686;8770;8.81;0.53;265.37;6.78;938;35;3004.00;84
7751;34;623488807;7751;190;8686;8770;8.85;0.54;265.44;6.78;935;35;3005.00;84
7754;34;623488823;7754;192;8690;8773;8.86;0.54;265.52;6.77;936;35;3006.00;83
7754;34;623488836;7754;190;8692;8773;8.93;0.54;265.52;6.78;938;35;3007.00;81
7755;34;623488849;7755;194;8693;8773;8.95;0.54;265.54;6.78;938;35;3008.00;80
7757;34;623488861;7757;193;8695;8773;8.95;0.54;265.57;6.79;938;35;3009.00;78
7760;34;623488873;7760;196;8697;8777;8.98;0.54;265.68;6.79;937;35;3010.00;80
7762;34;623488886;7762;200;8700;8777;8.96;0.54;265.70;6.86;938;35;3011.00;77
7765;34;623488898;7765;203;8703;8777;8.91;0.54;265.76;6.86;938;35;3012.00;74
7768;34;623488910;7768;209;8703;8777;8.82;0.53;265.78;6.86;935;35;3013.00;74
7771;34;623488927;7771;211;8705;8778;8.75;0.53;265.85;6.86;934;35;3014.00;73
7776;34;623488939;7776;219;8708;8780;8.70;0.53;265.94;6.86;932;35;3015.00;72
7777;34;623488951;7777;218;8708;8780;8.70;0.53;265.92;6.86;931;35;3016.00;72
7781;34;623488962;7781;220;8711;8781;8.71;0.53;265.98;6.86;930;35;3017.00;70
7784;34;623488975;7784;219;8711;8781;8.69;0.53;266.01;6.86;927;35;3018.00;70
7785;34;623488987;7785;221;8711;8781;8.67;0.53;266.07;6.86;926;35;3019.00;70
7788;34;623488998;7788;225;8711;8781;8.70;0.53;266.09;6.86;923;35;3020.00;70
7791;34;623489011;7791;233;8713;8781;8.69;0.53;266.16;6.88;922;35;3021.00;68
7794;34;623489022;7794;233;8715;8781;8.65;0.53;266.26;6.89;921;35;3022.00;66
7797;34;623489034;7797;239;8716;8781;8.60;0.52;266.35;6.90;919;35;3023.00;65
7799;34;623489045;7799;264;8786;8908;8.40;0.52;266.46;6.85;987;35;3024.00;122
7801;34;623489066;7801;263;8790;8909;8.38;0.52;266.42;6.86;989;35;3025.00;119
7805;34;623489078;7805;264;8795;8909;8.34;0.51;266.56;6.86;990;35;3026.00;114
7808;34;623489090;7808;265;8797;8909;8.23;0.51;266.65;6.87;989;35;3027.00;112
7812;34;623489102;7812;270;8803;8909;8.20;0.51;266.80;6.88;991;35;3028.00;106
7815;34;623489114;7815;276;8804;8909;8.14;0.50;266.80;6.89;989;35;3029.00;105
7819;34;623489127;7819;280;8809;8909;8.14;0.50;266.82;6.90;990;35;3030.00;100
7819;34;623489144;7819;283;8812;8909;8.15;0.50;266.82;6.91;993;35;3031.00;97
7824;34;623489155;7824;287;8815;8910;8.16;0.50;266.94;6.91;991;35;3032.00;95
7828;34;623489168;7828;292;8822;8911;8.21;0.50;266.94;6.93;994;35;3033.00;89
7830;34;623489180;7830;297;8829;8911;8.20;0.50;267.00;6.94;999;35;3034.00;82
7835;34;623489192;7835;300;8832;8912;8.10;0.50;267.04;6.94;997;35;3035.00;80
7835;34;623489203;7835;304;8838;8912;7.97;0.49;267.04;6.96;1003;35;3036.00;74
7839;34;623489216;7839;310;8840;8912;7.83;0.48;267.15;6.96;1001;35;3037.00;72
7840;34;623489227;7840;316;8841;8912;7.73;0.47;267.17;6.96;1001;35;3038.00;71
7844;34;623489239;7844;326;8848;8916;7.70;0.47;267.18;6.97;1004;35;3039.00;68
7848;34;623489251;7848;331;8850;8916;7.61;0.47;267.20;6.97;1002;35;3040.00;66
7850;34;623489264;7850;330;8851;8916;7.54;0.46;267.23;6.97;1001;35;3041.00;65
7854;34;623489276;7854;330;8855;8919;7.42;0.45;267.22;6.98;1001;35;3042.00;64
7857;34;623489288;7857;329;8858;8919;7.38;0.45;267.28;6.99;1001;35;3043.00;61
7860;34;623489300;7860;329;8860;8919;7.31;0.45;267.30;6.99;1000;35;3044.00;59
7863;34;623489312;7863;329;8863;8923;7.21;0.44;267.32;6.99;1000;35;3045.00;60
7865;34;623489325;7865;334;8869;8924;7.15;0.44;267.32;7.00;1004;35;3046.00;55
7867;34;623489341;7867;340;8869;8924;7.08;0.43;267.36;7.00;1002;35;3047.00;55
7869;34;623489353;7869;338;8874;8928;7.06;0.43;267.48;7.00;1005;35;3048.00;54
7869;34;623489364;7869;336;8875;8928;7.05;0.43;267.48;7.00;1006;35;3049.00;53
7872;34;623489375;7872;335;8876;8928;6.99;0.43;267.54;7.00;1004;35;3050.00;52
7876;34;623489386;7876;341;8879;8929;6.90;0.42;267.55;7.01;1003;35;3051.00;50
7882;34;623489397;7882;343;8880;8929;6.83;0.42;267.60;7.01;998;35;3052.00;49
7884;34;623489413;7884;348;8887;8935;6.79;0.42;267.58;7.00;1003;35;3053.00;48
7892;34;623489424;7892;348;8887;8935;6.70;0.41;267.62;7.00;995;35;3054.00;48
7895;34;623489436;7895;354;8887;8936;6.57;0.40;267.67;7.00;992;35;3055.00;49
7901;34;623489447;7901;355;8888;8936;6.42;0.39;267.75;7.01;987;35;3056.00;48
7906;34;623489457;7906;354;8889;8936;6.22;0.38;267.76;7.01;983;35;3057.00;47
7911;34;623489468;7911;365;8890;8936;6.02;0.37;267.89;7.01;979;35;3058.00;46
7913;34;623489478;7913;376;8891;8936;5.87;0.36;267.90;7.01;978;35;3059.00;45
7919;34;623489490;7919;377;8917;8972;5.86;0.36;268.06;6.99;998;35;3060.00;55
7923;34;623489503;7923;383;8919;8972;5.74;0.36;268.20;6.99;996;35;3061.00;53
7926;34;623489513;7926;387;8923;8972;5.73;0.36;268.19;6.99;997;35;3062.00;49
7931;34;623489522;7931;385;8923;8972;5.65;0.35;268.34;6.99;992;35;3063.00;49
7936;34;623489532;7936;394;8925;8972;5.58;0.35;268.37;6.99;989;35;3064.00;47
7940;34;623489542;7940;396;8925;8972;5.47;0.34;268.39;6.99;985;35;3065.00;47
7942;34;623489552;7942;406;8930;8976;5.40;0.33;268.40;6.98;988;35;3066.00;46
7944;34;623489562;7944;400;8930;8976;5.38;0.33;268.45;6.98;986;35;3067.00;46
7949;34;623489571;7949;401;8934;8980;5.37;0.33;268.45;6.98;985;35;3068.00;46
7951;34;623489582;7951;408;8935;8981;5.39;0.33;268.53;6.98;984;35;3069.00;46
7953;34;623489591;7953;401;8935;8981;5.39;0.33;268.57;6.98;982;35;3070.00;46
7958;34;623489601;7958;405;8935;8981;5.33;0.33;268.69;6.98;977;35;3071.00;46
7961;34;623489611;7961;412;8946;8994;5.35;0.33;268.72;6.97;985;35;3072.00;48
7965;34;623489622;7965;409;8946;8994;5.31;0.33;268.72;6.97;981;35;3073.00;48
7971;34;623489632;7971;409;8946;8994;5.26;0.32;268.77;6.97;975;35;3074.00;48
7974;34;623489648;7974;407;8947;8995;5.28;0.32;268.74;6.97;973;35;3075.00;48
7976;34;623489658;7976;409;8947;8996;5.31;0.33;268.73;6.97;971;35;3076.00;49
7982;34;623489668;7982;419;8947;8996;5.25;0.32;268.78;6.97;965;35;3077.00;49
7986;34;623489678;7986;411;8949;8999;5.29;0.32;268.73;6.97;963;35;3078.00;50
7987;34;623489688;7987;408;8949;8999;5.34;0.33;268.71;6.97;962;35;3079.00;50
7988;34;623489698;7988;405;8950;8999;5.39;0.33;268.72;6.97;962;35;3080.00;49
7993;34;623489707;7993;413;8950;8999;5.35;0.33;268.73;6.97;957;35;3081.00;49
7996;34;623489717;7996;417;8955;9005;5.35;0.33;268.71;6.96;959;35;3082.00;50
7997;34;623489728;7997;422;8955;9005;5.30;0.33;268.73;6.96;958;35;3083.00;50
8004;34;623489738;8004;427;8955;9005;5.21;0.32;268.77;6.96;951;35;3084.00;50
8007;34;623489748;8007;434;8955;9005;5.18;0.32;268.72;6.96;948;35;3085.00;50
8012;34;623489758;8012;439;8958;9009;5.17;0.32;268.82;6.96;946;35;3086.00;51
8017;34;623489768;8017;443;8959;9010;5.08;0.31;268.78;6.96;942;35;3087.00;51
8021;34;623489778;8021;442;8959;9010;4.95;0.30;268.74;6.96;938;35;3088.00;51
8025;34;623489788;8025;440;8960;9011;4.91;0.30;268.78;6.96;935;35;3089.00;51
8029;34;623489799;8029;447;8960;9011;4.84;0.30;268.70;6.96;931;35;3090.00;51
8032;34;623489809;8032;457;8960;9011;4.74;0.29;268.73;6.96;928;35;3091.00;51
8035;34;623489830;8035;459;8960;9011;4.65;0.28;268.74;6.96;925;35;3092.00;51
8039;34;623489848;8039;464;8960;9011;4.59;0.28;268.66;6.96;921;35;3093.00;51
8042;34;623489863;8042;462;8960;9011;4.59;0.28;268.68;6.96;918;35;3094.00;51
8044;34;623489878;8044;459;8960;9011;4.58;0.28;268.70;6.96;916;35;3095.00;51
8045;34;623489891;8045;480;9000;9081;4.88;0.30;268.71;6.93;955;35;3096.00;81
8048;34;623489914;8048;473;9000;9082;4.88;0.30;268.74;6.93;952;35;3097.00;82
8052;34;623489931;8052;470;9007;9082;4.98;0.31;268.71;6.93;955;35;3098.00;75
8054;34;623489944;8054;471;9010;9082;4.99;0.30;268.70;6.93;956;35;3099.00;72
8055;34;623489955;8055;473;9013;9082;5.02;0.31;268.67;6.92;958;35;3100.00;69
8058;34;623489970;8058;469;9016;9082;5.01;0.31;268.68;6.92;958;35;3101.00;66
8059;34;623489981;8059;477;9019;9082;5.02;0.31;268.71;7.00;960;35;3102.00;63
8063;34;623489992;8063;478;9022;9082;4.96;0.30;268.65;7.00;959;35;3103.00;60
8063;34;623490004;8063;472;9023;9083;4.98;0.30;268.65;7.00;960;35;3104.00;60
8063;34;623490017;8063;474;9027;9085;4.96;0.30;268.65;6.99;964;35;3105.00;58
8065;34;623490031;8065;472;9028;9085;4.92;0.30;268.62;6.99;963;35;3106.00;57
8069;34;623490042;8069;451;9032;9089;4.95;0.30;268.69;6.99;963;35;3107.00;57
8071;34;623490056;8071;440;9033;9089;5.01;0.31;268.66;6.99;962;35;3108.00;56
8072;34;623490067;8072;422;9033;9089;5.09;0.31;268.68;6.99;961;35;3109.00;56
8073;34;623490077;8073;413;9033;9089;5.19;0.32;268.67;6.99;960;35;3110.00;56
8076;34;623490088;8076;412;9038;9095;5.31;0.32;268.64;6.99;962;35;3111.00;57
8076;34;623490100;8076;405;9039;9095;5.38;0.33;268.64;7.05;963;35;3112.00;56
8076;34;623490111;8076;405;9039;9095;5.54;0.34;268.64;7.05;963;35;3113.00;56
8077;34;623490122;8077;400;9041;9098;5.68;0.35;268.65;7.05;964;35;3114.00;57
8078;34;623490134;8078;393;9041;9098;5.74;0.35;268.68;7.05;963;35;3115.00;57
8078;34;623490146;8078;372;9042;9098;5.87;0.36;268.68;7.05;964;35;3116.00;56
8080;34;623490170;8080;365;9042;9099;5.95;0.36;268.65;7.05;962;35;3117.00;57
8082;34;623490182;8082;349;9043;9100;6.05;0.37;268.60;7.05;961;35;3118.00;57
8082;34;623490194;8082;339;9043;9100;6.18;0.38;268.60;7.05;961;35;3119.00;57
8086;34;623490208;8086;326;9064;9126;6.39;0.39;268.54;7.03;978;35;3120.00;62
8088;34;623490223;8088;309;9064;9126;6.50;0.40;268.50;7.03;976;35;3121.00;62
8088;34;623490235;8088;302;9065;9126;6.69;0.41;268.50;7.03;977;35;3122.00;61
8088;34;623490255;8088;295;9066;9127;6.86;0.42;268.50;7.03;978;35;3123.00;61
8090;34;623490274;8090;293;9066;9127;6.97;0.42;268.52;7.03;976;35;3124.00;61
8090;34;623490287;8090;289;9070;9131;7.15;0.44;268.52;7.03;980;35;3125.00;61
8091;34;623490299;8091;276;9070;9131;7.26;0.44;268.50;7.03;979;35;3126.00;61
8091;34;623490312;8091;273;9073;9135;7.37;0.45;268.50;7.03;982;35;3127.00;62
8098;34;623490325;8098;266;9073;9135;7.40;0.45;268.60;7.03;975;35;3128.00;62
8100;34;623490338;8100;258;9073;9135;7.48;0.46;268.56;7.03;973;35;3129.00;62
8103;34;623490352;8103;247;9073;9135;7.51;0.46;268.58;7.03;970;35;3130.00;62
8107;34;623490364;8107;245;9074;9135;7.55;0.46;268.54;7.10;967;35;3131.00;61
8108;34;623490377;8108;236;9084;9147;7.67;0.47;268.60;7.09;976;35;3132.00;63
8110;34;623490391;8110;233;9084;9147;7.74;0.47;268.64;7.09;974;35;3133.00;63
8114;34;623490404;8114;240;9085;9147;7.82;0.48;268.68;7.09;971;35;3134.00;62
8115;34;623490417;8115;234;9085;9147;7.89;0.48;268.73;7.09;970;35;3135.00;62
8119;34;623490430;8119;232;9085;9147;7.96;0.48;268.73;7.09;966;35;3136.00;62
8121;34;623490444;8121;234;9085;9147;7.96;0.48;268.77;7.09;964;35;3137.00;62
8122;34;623490463;8122;234;9085;9148;8.03;0.49;268.82;7.09;963;35;3138.00;63
8122;34;623490477;8122;224;9085;9148;8.06;0.49;268.82;7.09;963;35;3139.00;63
8124;34;623490501;8124;221;9090;9154;8.12;0.49;268.87;7.08;966;35;3140.00;64
8126;34;623490514;8126;224;9091;9155;8.17;0.50;268.89;7.08;965;35;3141.00;64
8129;34;623490527;8129;220;9091;9155;8.23;0.50;268.89;7.08;962;35;3142.00;64
8129;34;623490541;8129;219;9091;9155;8.31;0.50;268.89;7.08;962;35;3143.00;64
8131;34;623490553;8131;219;9094;9159;8.40;0.51;268.92;7.08;963;35;3144.00;65
8133;34;623490565;8133;215;9094;9159;8.48;0.51;268.96;7.08;961;35;3145.00;65
8135;34;623490578;8135;210;9094;9159;8.53;0.52;268.99;7.08;959;35;3146.00;65
8137;34;623490591;8137;213;9095;9160;8.59;0.52;269.04;7.08;958;35;3147.00;65
8139;34;623490612;8139;214;9098;9164;8.62;0.52;269.06;7.08;959;35;3148.00;66
8140;34;623490629;8140;207;9098;9164;8.63;0.52;269.08;7.08;958;35;3149.00;66
8141;34;623490647;8141;209;9102;9170;8.67;0.52;269.08;7.07;961;35;3150.00;68
8144;34;623490663;8144;209;9102;9170;8.69;0.53;269.12;7.07;958;35;3151.00;68
8148;34;623490675;8148;210;9104;9170;8.73;0.53;269.12;7.07;956;35;3152.00;66
8152;34;623490688;8152;206;9104;9170;8.69;0.53;269.13;7.07;952;35;3153.00;66
8154;34;623490701;8154;211;9108;9174;8.66;0.52;269.12;7.07;954;35;3154.00;66
8156;34;623490714;8156;204;9108;9174;8.67;0.53;269.10;7.07;952;35;3155.00;66
8157;34;623490726;8157;204;9109;9174;8.68;0.53;269.10;7.14;952;35;3156.00;65
8160;34;623490741;8160;204;9109;9174;8.71;0.53;269.17;7.14;949;35;3157.00;65
8164;34;623490754;8164;204;9109;9175;8.71;0.53;269.24;7.14;945;35;3158.00;66
8169;34;623490767;8169;197;9110;9176;8.71;0.53;269.21;7.14;941;35;3159.00;66
8170;34;623490781;8170;195;9110;9176;8.75;0.53;269.25;7.14;940;35;3160.00;66
8171;34;623490794;8171;191;9111;9177;8.79;0.53;269.30;7.14;940;35;3161.00;66
8174;34;623490811;8174;183;9111;9177;8.81;0.53;269.38;7.14;937;35;3162.00;66
8177;34;623490828;8177;179;9111;9177;8.85;0.54;269.39;7.14;934;35;3163.00;66
8178;34;623490841;8178;176;9112;9177;8.92;0.54;269.40;7.15;934;35;3164.00;65
8186;34;623490854;8186;172;9112;9177;8.95;0.54;269.45;7.15;926;35;3165.00;65
8187;34;623490868;8187;181;9113;9177;8.92;0.54;269.47;7.16;926;35;3166.00;64
8193;34;623490880;8193;183;9113;9177;8.89;0.54;269.48;7.16;920;35;3167.00;64
8199;34;623490892;8199;203;9179;9304;8.82;0.54;269.54;7.11;980;35;3168.00;125
8202;35;623490913;8202;202;9181;9305;8.74;0.53;269.52;7.11;979;36;3169.00;124
8204;35;623490943;8204;192;9188;9305;8.73;0.53;269.50;7.10;984;36;3170.00;117
8206;35;623490955;8206;194;9190;9305;8.65;0.53;269.59;7.10;984;36;3171.00;115
8208;35;623490968;8208;197;9195;9305;8.69;0.53;269.59;7.10;987;36;3172.00;110
8213;35;623490980;8213;201;9195;9305;8.66;0.53;269.59;7.10;982;36;3173.00;110
8215;35;623490992;8215;196;9197;9305;8.69;0.53;269.61;7.10;982;36;3174.00;108
8217;35;623491004;8217;192;9199;9305;8.70;0.53;269.61;7.10;982;36;3175.00;106
8219;35;623491017;8219;205;9200;9306;8.72;0.53;269.63;7.10;981;36;3176.00;106
8222;35;623491029;8222;211;9204;9307;8.80;0.54;269.63;7.10;982;36;3177.00;103
8225;35;623491041;8225;209;9207;9307;8.85;0.54;269.64;7.10;982;36;3178.00;100
8227;35;623491054;8227;215;9209;9308;8.92;0.54;269.68;7.10;982;36;3179.00;99
8231;35;623491068;8231;212;9215;9308;8.89;0.54;269.69;7.10;984;36;3180.00;93
8234;35;623491080;8234;215;9217;9308;8.86;0.54;269.69;7.11;983;36;3181.00;91
8239;35;623491093;8239;210;9220;9308;8.77;0.53;269.77;7.11;981;36;3182.00;88
8241;35;623491105;8241;213;9225;9312;8.73;0.53;269.91;7.11;984;36;3183.00;87
8243;35;623491124;8243;218;9229;9312;8.69;0.53;269.95;7.12;986;36;3184.00;83
8245;35;623491137;8245;224;9230;9312;8.62;0.53;269.98;7.12;985;36;3185.00;82
8250;35;623491149;8250;229;9234;9315;8.54;0.52;269.97;7.13;984;36;3186.00;81
8251;35;623491161;8251;239;9234;9315;8.52;0.52;270.00;7.13;983;36;3187.00;81
8253;35;623491173;8253;241;9236;9315;8.49;0.52;270.07;7.13;983;36;3188.00;79
8255;35;623491186;8255;250;9239;9319;8.43;0.51;270.11;7.13;984;36;3189.00;80
8257;35;623491198;8257;252;9244;9320;8.47;0.52;270.13;7.15;987;36;3190.00;76
8261;36;623491210;8261;258;9246;9322;8.47;0.52;270.08;7.15;985;37;3191.00;76
8264;36;623491232;8264;259;9251;9326;8.46;0.52;270.11;7.16;987;37;3192.00;75
8266;36;623491246;8266;264;9252;9326;8.48;0.52;270.11;7.16;986;37;3193.00;74
8269;36;623491259;8269;269;9255;9326;8.40;0.51;270.19;7.18;986;37;3194.00;71
8269;36;623491271;8269;273;9257;9328;8.31;0.51;270.19;7.18;988;37;3195.00;71
8272;36;623491284;8272;280;9260;9328;8.27;0.50;270.16;7.19;988;37;3196.00;68
8273;36;623491306;8273;285;9264;9334;8.28;0.51;270.16;7.19;991;37;3197.00;70
8275;36;623491318;8275;295;9267;9334;8.17;0.50;270.17;7.21;992;37;3198.00;67
8279;36;623491340;8279;297;9267;9335;8.04;0.49;270.22;7.21;988;37;3199.00;68
8280;36;623491352;8280;303;9269;9335;7.93;0.49;270.23;7.22;989;37;3200.00;66
8283;36;623491368;8283;308;9269;9335;7.90;0.48;270.28;7.22;986;37;3201.00;66
8286;36;623491379;8286;314;9271;9335;7.87;0.48;270.32;7.23;985;37;3202.00;64
8290;36;623491391;8290;320;9272;9335;7.79;0.48;270.32;7.23;982;37;3203.00;63
8292;36;623491403;8292;324;9282;9347;7.75;0.48;270.36;7.23;990;37;3204.00;65
8298;36;623491416;8298;326;9282;9347;7.68;0.47;270.34;7.23;984;37;3205.00;65
8303;36;623491428;8303;334;9285;9347;7.57;0.46;270.51;7.24;982;37;3206.00;62
8307;36;623491439;8307;338;9287;9347;7.47;0.46;270.46;7.25;980;37;3207.00;60
8312;36;623491450;8312;349;9287;9347;7.37;0.45;270.53;7.25;975;37;3208.00;60
8314;36;623491462;8314;349;9287;9347;7.31;0.45;270.52;7.25;973;37;3209.00;60
8318;36;623491476;8318;352;9292;9351;7.20;0.44;270.64;7.26;974;37;3210.00;59
8321;36;623491487;8321;354;9292;9351;7.06;0.43;270.63;7.26;971;37;3211.00;59
8324;36;623491498;8324;351;9299;9355;7.01;0.43;270.70;7.27;975;37;3212.00;56
8327;36;623491510;8327;356;9300;9356;6.94;0.42;270.66;7.27;973;37;3213.00;56
8330;36;623491521;8330;359;9301;9356;6.85;0.42;270.73;7.27;971;37;3214.00;55
8332;36;623491532;8332;359;9301;9356;6.79;0.41;270.71;7.27;969;37;3215.00;55
8335;36;623491543;8335;363;9314;9369;6.71;0.41;270.71;7.27;979;37;3216.00;55
8338;36;623491555;8338;367;9314;9369;6.63;0.40;270.79;7.27;976;37;3217.00;55
8341;36;623491565;8341;373;9314;9369;6.59;0.40;270.90;7.27;973;37;3218.00;55
8342;36;623491575;8342;379;9317;9370;6.52;0.40;270.97;7.28;975;37;3219.00;53
8345;36;623491586;8345;380;9317;9371;6.42;0.39;271.00;7.28;972;37;3220.00;54
8345;36;623491596;8345;387;9317;9371;6.39;0.39;271.00;7.28;972;37;3221.00;54
8347;36;623491606;8347;393;9322;9374;6.34;0.39;270.98;7.28;975;37;3222.00;52
8352;36;623491616;8352;398;9322;9374;6.22;0.38;271.03;7.28;970;37;3223.00;52
8358;36;623491626;8358;405;9322;9374;6.09;0.37;271.05;7.28;964;37;3224.00;52
8363;36;623491636;8363;407;9323;9374;5.96;0.36;271.09;7.28;960;37;3225.00;51
8364;36;623491647;8364;407;9329;9380;5.90;0.36;271.09;7.28;965;37;3226.00;51
8368;36;623491657;8368;412;9330;9380;5.74;0.35;271.12;7.28;962;37;3227.00;50
8372;36;623491666;8372;424;9331;9380;5.55;0.34;271.13;7.28;959;37;3228.00;49
8374;36;623491676;8374;429;9331;9380;5.38;0.33;271.23;7.28;957;37;3229.00;49
8376;37;623491684;8376;424;9335;9384;5.23;0.32;271.22;7.28;959;38;3230.00;49
8378;37;623491710;8378;420;9337;9385;5.11;0.31;271.22;7.28;959;38;3231.00;48
8381;37;623491719;8381;425;9337;9385;5.06;0.31;271.24;7.28;956;38;3232.00;48
8385;37;623491728;8385;427;9339;9386;5.00;0.31;271.26;7.28;954;38;3233.00;47
8387;37;623491741;8387;427;9339;9386;4.92;0.30;271.27;7.28;952;38;3234.00;47
8391;37;623491750;8391;433;9339;9386;4.86;0.30;271.26;7.28;948;38;3235.00;47
8394;37;623491760;8394;428;9339;9386;4.80;0.30;271.23;7.28;945;38;3236.00;47
8397;37;623491769;8397;436;9339;9386;4.79;0.30;271.37;7.28;942;38;3237.00;47
8400;37;623491778;8400;437;9339;9386;4.75;0.29;271.44;7.28;939;38;3238.00;47
8400;37;623491787;8400;436;9339;9386;4.77;0.29;271.44;7.28;939;38;3239.00;47
8406;37;623491797;8406;439;9398;9511;5.08;0.32;271.42;7.23;992;38;3240.00;113
8408;37;623491821;8408;439;9405;9512;5.13;0.32;271.40;7.23;997;38;3241.00;107
8411;37;623491835;8411;437;9417;9512;5.24;0.33;271.36;7.22;1006;38;3242.00;95
8416;37;623491851;8416;436;9421;9512;5.19;0.32;271.34;7.22;1005;38;3243.00;91
8418;37;623491869;8418;439;9425;9512;5.22;0.32;271.31;7.22;1007;38;3244.00;87
8424;37;623491887;8424;447;9427;9512;5.21;0.32;271.27;7.22;1003;38;3245.00;85
8428;37;623491903;8428;450;9430;9512;5.17;0.32;271.24;7.22;1002;38;3246.00;82
8433;37;623491918;8433;450;9434;9512;5.16;0.32;271.23;7.22;1001;38;3247.00;78
8436;37;623491940;8436;465;9438;9513;5.14;0.32;271.20;7.22;1002;38;3248.00;75
8437;37;623491951;8437;468;9442;9514;5.12;0.32;271.18;7.22;1005;38;3249.00;72
8439;37;623491962;8439;471;9445;9514;5.11;0.32;271.17;7.22;1006;38;3250.00;69
8442;37;623491975;8442;471;9451;9518;5.08;0.31;271.18;7.22;1009;38;3251.00;67
8445;37;623491986;8445;478;9453;9518;5.05;0.31;271.14;7.22;1008;38;3252.00;65
8449;37;623491997;8449;483;9454;9518;4.97;0.31;271.16;7.22;1005;38;3253.00;64
8453;37;623492008;8453;490;9454;9518;4.87;0.30;271.20;7.22;1001;38;3254.00;64
8456;37;623492020;8456;498;9458;9524;4.82;0.30;271.26;7.21;1002;38;3255.00;66
8460;37;623492031;8460;501;9458;9524;4.77;0.29;271.29;7.21;998;38;3256.00;66
8463;37;623492041;8463;501;9458;9524;4.74;0.29;271.32;7.21;995;38;3257.00;66
8466;37;623492052;8466;500;9460;9527;4.72;0.29;271.34;7.21;994;38;3258.00;67
8468;37;623492063;8468;489;9460;9527;4.72;0.29;271.32;7.21;992;38;3259.00;67
8471;37;623492073;8471;481;9460;9527;4.70;0.29;271.32;7.21;989;38;3260.00;67
8474;37;623492084;8474;473;9460;9528;4.72;0.29;271.32;7.21;986;38;3261.00;68
8481;37;623492095;8481;476;9461;9529;4.72;0.29;271.43;7.21;980;38;3262.00;68
8485;37;623492107;8485;466;9462;9529;4.75;0.29;271.43;7.21;977;38;3263.00;67
8486;37;623492118;8486;468;9473;9542;4.93;0.30;271.45;7.20;987;38;3264.00;69
8488;37;623492129;8488;462;9473;9542;4.96;0.30;271.47;7.20;985;38;3265.00;69
8493;37;623492140;8493;462;9474;9542;4.97;0.30;271.46;7.20;981;38;3266.00;68
8494;37;623492150;8494;460;9474;9543;5.01;0.31;271.46;7.20;980;38;3267.00;69
8494;37;623492162;8494;461;9475;9543;5.09;0.31;271.46;7.20;981;38;3268.00;68
8497;37;623492179;8497;464;9478;9547;5.18;0.32;271.43;7.20;981;38;3269.00;69
8497;37;623492192;8497;457;9479;9547;5.28;0.32;271.43;7.20;982;38;3270.00;68
8498;37;623492203;8498;460;9482;9551;5.34;0.33;271.41;7.20;984;38;3271.00;69
8503;37;623492214;8503;455;9483;9551;5.39;0.33;271.40;7.28;980;38;3272.00;68
8504;37;623492227;8504;448;9483;9551;5.41;0.33;271.37;7.28;979;38;3273.00;68
8507;37;623492252;8507;448;9483;9551;5.38;0.33;271.31;7.28;976;38;3274.00;68
8508;37;623492265;8508;439;9483;9551;5.41;0.33;271.30;7.28;975;38;3275.00;68
8511;37;623492276;8511;436;9494;9563;5.55;0.34;271.23;7.27;983;38;3276.00;69
8511;37;623492289;8511;422;9494;9563;5.63;0.35;271.23;7.27;983;38;3277.00;69
8511;37;623492300;8511;409;9494;9563;5.68;0.35;271.23;7.27;983;38;3278.00;69
8512;37;623492312;8512;403;9494;9563;5.78;0.35;271.22;7.27;982;38;3279.00;69
8515;37;623492324;8515;392;9494;9563;5.84;0.36;271.20;7.27;979;38;3280.00;69
8516;37;623492341;8516;385;9494;9563;5.94;0.36;271.25;7.27;978;38;3281.00;69
8519;37;623492354;8519;380;9494;9564;6.02;0.37;271.30;7.27;975;38;3282.00;70
8522;37;623492366;8522;374;9494;9564;6.13;0.38;271.27;7.27;972;38;3283.00;70
8527;37;623492378;8527;368;9499;9570;6.26;0.38;271.38;7.27;972;38;3284.00;71
8530;37;623492390;8530;364;9501;9572;6.33;0.39;271.38;7.26;971;38;3285.00;71
8532;37;623492403;8532;346;9501;9572;6.48;0.40;271.37;7.26;969;38;3286.00;71
8534;37;623492415;8534;320;9501;9572;6.62;0.41;271.47;7.26;967;38;3287.00;71
8536;37;623492428;8536;301;9505;9576;6.79;0.41;271.47;7.34;969;38;3288.00;71
8543;37;623492441;8543;295;9505;9576;6.87;0.42;271.61;7.34;962;38;3289.00;71
8544;37;623492464;8544;286;9505;9576;7.05;0.43;271.67;7.34;961;38;3290.00;71
8545;37;623492479;8545;278;9506;9577;7.25;0.44;271.67;7.34;961;38;3291.00;71
8546;37;623492492;8546;267;9509;9581;7.37;0.45;271.71;7.34;963;38;3292.00;72
8549;37;623492505;8549;258;9509;9581;7.49;0.46;271.75;7.34;960;38;3293.00;72
8551;37;623492521;8551;249;9511;9584;7.63;0.47;271.73;7.34;960;38;3294.00;73
8554;37;623492534;8554;241;9511;9584;7.73;0.47;271.78;7.34;957;38;3295.00;73
8556;37;623492548;8556;238;9512;9584;7.81;0.48;271.78;7.34;956;38;3296.00;72
8559;37;623492561;8559;236;9513;9584;7.89;0.48;271.84;7.42;954;38;3297.00;71
8562;37;623492573;8562;230;9517;9588;7.95;0.48;271.83;7.42;955;38;3298.00;71
8565;37;623492586;8565;230;9517;9588;8.00;0.49;271.89;7.42;952;38;3299.00;71
8569;37;623492602;8569;233;9522;9607;8.03;0.49;271.93;7.41;953;38;3300.00;85
8569;37;623492622;8569;226;9522;9607;8.16;0.50;271.93;7.41;953;38;3301.00;85
8570;37;623492635;8570;226;9522;9608;8.20;0.50;271.93;7.41;952;38;3302.00;86
8571;37;623492649;8571;217;9523;9609;8.28;0.50;271.95;7.41;952;38;3303.00;86
8575;37;623492662;8575;214;9523;9609;8.36;0.51;271.99;7.41;948;38;3304.00;86
8578;37;623492675;8578;214;9524;9610;8.48;0.52;272.01;7.41;946;38;3305.00;86
8580;37;623492688;8580;218;9526;9610;8.46;0.51;272.08;7.41;946;38;3306.00;84
8583;37;623492707;8583;216;9526;9610;8.49;0.52;272.13;7.41;943;38;3307.00;84
8586;37;623492721;8586;214;9526;9610;8.54;0.52;272.22;7.41;940;38;3308.00;84
8588;37;623492734;8588;215;9526;9610;8.58;0.52;272.29;7.41;938;38;3309.00;84
8592;37;623492747;8592;214;9526;9610;8.64;0.52;272.44;7.41;934;38;3310.00;84
8593;37;623492760;8593;215;9528;9610;8.68;0.53;272.46;7.41;935;38;3311.00;82
8595;37;623492772;8595;229;9597;9737;8.63;0.53;272.49;7.44;1002;38;3312.00;140
8597;37;623492796;8597;216;9597;9738;8.65;0.53;272.50;7.44;1000;38;3313.00;141
8598;37;623492811;8598;210;9601;9738;8.78;0.54;272.50;7.44;1003;38;3314.00;137
8601;37;623492827;8601;206;9603;9738;8.88;0.55;272.56;7.44;1002;38;3315.00;135
8604;37;623492845;8604;211;9608;9738;8.93;0.55;272.63;7.44;1004;38;3316.00;130
8605;37;623492858;8605;209;9611;9738;8.99;0.55;272.71;7.44;1006;38;3317.00;127
8609;37;623492873;8609;208;9615;9738;9.11;0.56;272.76;7.44;1006;38;3318.00;123
8613;37;623492886;8613;209;9616;9738;9.11;0.56;272.83;7.44;1003;38;3319.00;122
8613;37;623492901;8613;210;9619;9739;9.16;0.56;272.83;7.44;1006;38;3320.00;120
8616;37;623492914;8616;210;9622;9740;9.10;0.56;272.95;7.44;1006;38;3321.00;118
8617;37;623492928;8617;211;9625;9740;9.10;0.56;272.95;7.44;1008;38;3322.00;115
8620;37;623492941;8620;216;9627;9741;9.04;0.55;273.03;7.44;1007;38;3323.00;114
8622;37;623492954;8622;221;9630;9741;9.05;0.55;273.01;7.44;1008;38;3324.00;111
8626;37;623492968;8626;217;9631;9741;9.06;0.55;273.07;7.44;1005;38;3325.00;110
8628;37;623492982;8628;213;9634;9741;8.99;0.55;273.05;7.45;1006;38;3326.00;107
8631;37;623492995;8631;221;9636;9745;8.97;0.55;273.10;7.45;1005;38;3327.00;109
8636;37;623493009;8636;223;9637;9745;8.93;0.54;273.20;7.45;1001;38;3328.00;108
8638;37;623493023;8638;221;9640;9745;8.89;0.54;273.27;7.53;1002;38;3329.00;105
8641;37;623493037;8641;219;9643;9751;8.85;0.54;273.35;7.53;1002;38;3330.00;108
8643;37;623493056;8643;219;9644;9751;8.80;0.54;273.43;7.53;1001;38;3331.00;107
8647;37;623493069;8647;220;9648;9751;8.80;0.54;273.45;7.54;1001;38;3332.00;103
8653;37;623493083;8653;217;9652;9755;8.84;0.54;273.44;7.54;999;38;3333.00;103
8655;37;623493097;8655;213;9656;9756;8.89;0.54;273.45;7.54;1001;38;3334.00;100
8662;37;623493110;8662;210;9661;9756;8.84;0.54;273.51;7.56;999;38;3335.00;95
8664;37;623493124;8664;212;9663;9760;8.91;0.54;273.53;7.56;999;38;3336.00;97
8671;37;623493138;8671;214;9665;9760;8.85;0.54;273.66;7.56;994;38;3337.00;95
8674;37;623493158;8674;214;9668;9760;8.77;0.53;273.70;7.56;994;38;3338.00;92
8678;37;623493171;8678;220;9669;9761;8.75;0.53;273.74;7.56;991;38;3339.00;92
8681;37;623493189;8681;214;9671;9761;8.69;0.53;273.80;7.57;990;38;3340.00;90
8682;37;623493202;8682;216;9676;9767;8.69;0.53;273.78;7.65;994;38;3341.00;91
8685;37;623493216;8685;212;9676;9767;8.65;0.53;273.83;7.65;991;38;3342.00;91
8689;37;623493234;8689;222;9677;9768;8.62;0.52;273.88;7.65;988;38;3343.00;91
8692;37;623493247;8692;225;9677;9768;8.55;0.52;273.89;7.65;985;38;3344.00;91
8696;37;623493260;8696;228;9678;9768;8.53;0.52;273.88;7.65;982;38;3345.00;90
8699;37;623493272;8699;226;9678;9768;8.52;0.52;273.88;7.65;979;38;3346.00;90
8701;37;623493285;8701;228;9679;9768;8.46;0.51;273.86;7.65;978;38;3347.00;89
8706;37;623493303;8706;228;9689;9780;8.46;0.51;273.80;7.65;983;38;3348.00;91
8708;37;623493322;8708;229;9690;9780;8.41;0.51;273.78;7.64;982;38;3349.00;90
8708;37;623493334;8708;233;9690;9780;8.35;0.51;273.78;7.64;982;38;3350.00;90
8712;37;623493346;8712;235;9692;9780;8.21;0.50;273.80;7.65;980;38;3351.00;88
8716;37;623493358;8716;243;9692;9780;8.05;0.49;273.98;7.65;976;38;3352.00;88
8718;37;623493370;8718;242;9693;9780;7.94;0.48;273.95;7.65;975;38;3353.00;87
8722;37;623493381;8722;253;9697;9784;7.78;0.47;274.01;7.65;975;38;3354.00;87
8725;37;623493394;8725;254;9697;9784;7.79;0.47;274.07;7.65;972;38;3355.00;87
8725;37;623493406;8725;258;9700;9788;7.82;0.47;274.07;7.65;975;38;3356.00;88
8727;37;623493418;8727;265;9703;9789;7.82;0.47;274.08;7.65;976;38;3357.00;86
8732;37;623493430;8732;273;9703;9789;7.72;0.47;274.14;7.65;971;38;3358.00;86
8733;37;623493441;8733;274;9703;9789;7.66;0.46;274.16;7.65;970;38;3359.00;86
8734;37;623493454;8734;286;9724;9818;7.60;0.46;274.20;7.64;990;38;3360.00;94
8740;37;623493467;8740;286;9728;9818;7.43;0.45;274.18;7.66;988;38;3361.00;90
8743;37;623493479;8743;295;9730;9818;7.36;0.45;274.23;7.65;987;38;3362.00;88
8744;37;623493491;8744;304;9733;9819;7.39;0.45;274.27;7.67;989;38;3363.00;86
8746;37;623493502;8746;315;9733;9820;7.42;0.45;274.32;7.67;987;38;3364.00;87
8747;37;623493514;8747;321;9733;9820;7.43;0.45;274.31;7.67;986;38;3365.00;87
8749;37;623493525;8749;329;9737;9823;7.46;0.45;274.39;7.69;988;38;3366.00;86
8751;37;623493536;8751;335;9738;9823;7.42;0.45;274.39;7.70;987;38;3367.00;85
8752;37;623493547;8752;340;9740;9823;7.42;0.45;274.40;7.71;988;38;3368.00;83
8754;37;623493559;8754;340;9741;9823;7.37;0.45;274.47;7.72;987;38;3369.00;82
8756;37;623493570;8756;342;9747;9829;7.39;0.45;274.52;7.72;991;38;3370.00;82
8758;37;623493582;8758;346;9748;9829;7.32;0.45;274.59;7.73;990;38;3371.00;81
8760;37;623493592;8760;348;9748;9829;7.26;0.45;274.66;7.73;988;38;3372.00;81
8761;37;623493604;8761;356;9750;9829;7.19;0.44;274.71;7.75;989;38;3373.00;79
8763;37;623493615;8763;358;9753;9833;7.10;0.44;274.73;7.74;990;38;3374.00;80
8766;37;623493627;8766;359;9756;9835;6.96;0.43;274.76;7.75;990;38;3375.00;79
8767;37;623493637;8767;364;9756;9835;6.83;0.42;274.82;7.75;989;38;3376.00;79
8772;37;623493648;8772;368;9758;9836;6.70;0.41;274.74;7.75;986;38;3377.00;78
8772;37;623493659;8772;372;9759;9836;6.60;0.41;274.74;7.76;987;38;3378.00;77
8774;37;623493669;8774;372;9762;9836;6.47;0.40;274.73;7.78;988;38;3379.00;74
8780;37;623493680;8780;373;9762;9836;6.36;0.39;274.66;7.78;982;38;3380.00;74
8785;37;623493690;8785;376;9764;9836;6.24;0.38;274.57;7.79;979;38;3381.00;72
8788;37;623493701;8788;379;9765;9836;6.18;0.38;274.56;7.79;977;38;3382.00;71
8789;37;623493711;8789;382;9766;9836;6.13;0.38;274.60;7.80;977;38;3383.00;70
8790;37;623493721;8790;386;9803;9906;6.26;0.38;274.57;7.77;1013;38;3384.00;103
8792;37;623493736;8792;383;9806;9907;6.20;0.38;274.60;7.76;1014;38;3385.00;101
8794;37;623493747;8794;386;9815;9907;6.13;0.38;274.62;7.77;1021;38;3386.00;92
8794;37;623493757;8794;386;9818;9907;6.14;0.38;274.62;7.77;1024;38;3387.00;89
8796;37;623493767;8796;392;9822;9907;6.09;0.37;274.59;7.77;1026;38;3388.00;85
8800;37;623493778;8800;400;9824;9907;6.04;0.37;274.56;7.77;1024;38;3389.00;83
8802;37;623493791;8802;408;9825;9907;5.89;0.36;274.51;7.77;1023;38;3390.00;82
8807;37;623493802;8807;416;9829;9907;5.73;0.35;274.41;7.78;1022;38;3391.00;78
8811;37;623493813;8811;421;9829;9908;5.63;0.34;274.33;7.78;1018;38;3392.00;79
8817;37;623493838;8817;430;9833;9909;5.48;0.33;274.38;7.78;1016;38;3393.00;76
8818;37;623493854;8818;434;9835;9909;5.40;0.33;274.38;7.78;1017;38;3394.00;74
8823;37;623493871;8823;441;9840;9913;5.30;0.32;274.32;7.78;1017;38;3395.00;73
8826;37;623493886;8826;446;9842;9913;5.22;0.32;274.30;7.79;1016;38;3396.00;71
8828;37;623493901;8828;449;9844;9913;5.12;0.31;274.31;7.80;1016;38;3397.00;69
8832;37;623493916;8832;460;9845;9913;4.99;0.30;274.32;7.80;1013;38;3398.00;68
8834;37;623493931;8834;473;9850;9919;4.93;0.30;274.31;7.80;1016;38;3399.00;69
8835;37;623493944;8835;472;9851;9919;4.85;0.30;274.33;7.80;1016;38;3400.00;68
8836;37;623493960;8836;466;9851;9919;4.81;0.29;274.35;7.80;1015;38;3401.00;68
8839;37;623493971;8839;461;9853;9922;4.74;0.29;274.39;7.80;1014;38;3402.00;69
8840;37;623493982;8840;463;9855;9922;4.70;0.29;274.37;7.80;1015;38;3403.00;67
8842;37;623493992;8842;460;9856;9922;4.67;0.29;274.37;7.81;1014;38;3404.00;66
8843;37;623494003;8843;464;9856;9923;4.64;0.29;274.36;7.81;1013;38;3405.00;67
8848;37;623494014;8848;467;9858;9924;4.63;0.28;274.32;7.81;1010;38;3406.00;66
8850;37;623494025;8850;462;9859;9924;4.61;0.28;274.33;7.81;1009;38;3407.00;65
8851;37;623494036;8851;460;9870;9937;4.71;0.29;274.35;7.80;1019;38;3408.00;67
8856;37;623494046;8856;456;9870;9937;4.67;0.29;274.30;7.80;1014;38;3409.00;67
8857;37;623494057;8857;464;9870;9937;4.71;0.29;274.28;7.80;1013;38;3410.00;67
8861;37;623494067;8861;450;9872;9938;4.74;0.29;274.29;7.89;1011;38;3411.00;66
8863;37;623494079;8863;439;9872;9938;4.80;0.29;274.29;7.89;1009;38;3412.00;66
8866;37;623494090;8866;436;9875;9942;4.88;0.30;274.31;7.89;1009;38;3413.00;67
8869;37;623494101;8869;435;9876;9942;4.86;0.30;274.30;7.89;1007;38;3414.00;66
8873;37;623494111;8873;434;9879;9946;4.99;0.30;274.35;7.89;1006;38;3415.00;67
8876;37;623494123;8876;433;9880;9946;5.12;0.31;274.30;7.89;1004;38;3416.00;66
8879;37;623494140;8879;427;9880;9946;5.19;0.32;274.27;7.89;1001;38;3417.00;66
8882;37;623494157;8882;418;9880;9946;5.28;0.32;274.27;7.89;998;38;3418.00;66
8884;37;623494168;8884;411;9881;9946;5.36;0.33;274.27;7.89;997;38;3419.00;65
8886;37;623494180;8886;407;9906;9980;5.60;0.34;274.30;7.87;1020;38;3420.00;74
8888;37;623494194;8888;399;9906;9980;5.65;0.35;274.30;7.87;1018;38;3421.00;74
8893;37;623494205;8893;400;9909;9980;5.71;0.35;274.31;7.87;1016;38;3422.00;71
8895;37;623494217;8895;404;9909;9980;5.73;0.35;274.34;7.87;1014;38;3423.00;71
8900;37;623494230;8900;399;9910;9980;5.69;0.35;274.32;7.87;1010;38;3424.00;70
8901;37;623494242;8901;399;9911;9980;5.67;0.35;274.33;7.87;1010;38;3425.00;69
8904;37;623494253;8904;403;9911;9981;5.62;0.34;274.42;7.87;1007;38;3426.00;70
8906;37;623494265;8906;409;9911;9981;5.59;0.34;274.41;7.87;1005;38;3427.00;70
8907;37;623494276;8907;411;9916;9987;5.58;0.34;274.41;7.86;1009;38;3428.00;71
8911;37;623494288;8911;404;9917;9988;5.56;0.34;274.39;7.86;1006;38;3429.00;71
8912;37;623494299;8912;404;9917;9988;5.50;0.33;274.37;7.86;1005;38;3430.00;71
8915;37;623494310;8915;405;9917;9988;5.45;0.33;274.40;7.86;1002;38;3431.00;71
8920;37;623494322;8920;405;9921;9992;5.39;0.33;274.44;7.95;1001;38;3432.00;71
8921;37;623494341;8921;413;9921;9992;5.43;0.33;274.47;7.95;1000;38;3433.00;71
8925;37;623494353;8925;416;9921;9992;5.40;0.33;274.48;7.95;996;38;3434.00;71
8929;37;623494365;8929;404;9922;9993;5.44;0.33;274.54;7.95;993;38;3435.00;71
8932;37;623494377;8932;404;9925;9997;5.49;0.33;274.53;7.95;993;38;3436.00;72
8937;37;623494388;8937;407;9925;9997;5.48;0.33;274.51;7.95;988;38;3437.00;72
8941;37;623494399;8941;405;9927;10000;5.47;0.33;274.50;7.95;986;38;3438.00;73
8945;37;623494411;8945;409;9927;10000;5.46;0.33;274.60;7.95;982;38;3439.00;73
8948;37;623494422;8948;408;9928;10000;5.49;0.34;274.59;7.95;980;38;3440.00;72
8949;37;623494434;8949;402;9928;10000;5.55;0.34;274.61;7.95;979;38;3441.00;72
8954;37;623494445;8954;402;9932;10004;5.59;0.34;274.60;7.94;978;38;3442.00;72
8958;37;623494456;8958;398;9932;10004;5.59;0.34;274.61;7.94;974;38;3443.00;72
8962;37;623494468;8962;399;9932;10004;5.60;0.34;274.68;7.94;970;38;3444.00;72
8963;37;623494480;8963;397;9932;10004;5.65;0.35;274.68;7.94;969;38;3445.00;72
8967;37;623494497;8967;386;9932;10005;5.73;0.35;274.75;7.94;965;38;3446.00;73
8968;37;623494509;8968;368;9933;10006;5.86;0.36;274.77;7.94;965;38;3447.00;73
8971;37;623494521;8971;361;9933;10006;5.94;0.36;274.79;7.94;962;38;3448.00;73
8974;37;623494533;8974;349;9934;10007;6.01;0.37;274.85;7.94;960;38;3449.00;73
8977;37;623494546;8977;338;9935;10007;6.07;0.37;274.98;8.03;958;38;3450.00;72
8979;37;623494558;8979;341;9935;10007;6.21;0.38;274.96;8.03;956;38;3451.00;72
8985;37;623494570;8985;331;9935;10007;6.32;0.39;275.03;8.03;950;38;3452.00;72
8987;37;623494582;8987;329;9935;10007;6.45;0.39;275.02;8.03;948;38;3453.00;72
8990;37;623494594;8990;331;9935;10007;6.57;0.40;275.03;8.03;945;38;3454.00;72
8991;37;623494606;8991;321;9935;10007;6.67;0.41;275.03;8.03;944;38;3455.00;72
8994;37;623494624;8994;331;10004;10134;6.85;0.42;275.06;7.98;1010;38;3456.00;130
8998;37;623494646;8998;307;10006;10135;6.99;0.43;275.08;7.98;1008;38;3457.00;129
9000;37;623494660;9000;292;10014;10135;7.19;0.44;275.07;7.97;1014;38;3458.00;121
9002;37;623494673;9002;276;10015;10135;7.29;0.45;275.11;7.97;1013;38;3459.00;120
9007;37;623494687;9007;262;10022;10135;7.41;0.46;275.24;7.97;1015;38;3460.00;113
9009;37;623494701;9009;245;10023;10135;7.52;0.46;275.24;7.97;1014;38;3461.00;112
9012;37;623494722;9012;238;10027;10135;7.53;0.46;275.29;7.97;1015;38;3462.00;108
9014;37;623494736;9014;233;10029;10135;7.65;0.47;275.35;7.97;1015;38;3463.00;106
9015;37;623494749;9015;230;10032;10136;7.79;0.48;275.38;7.97;1017;38;3464.00;104
9020;37;623494763;9020;225;10036;10138;7.85;0.48;275.43;7.97;1016;38;3465.00;102
9023;37;623494783;9023;223;10040;10138;7.90;0.48;275.47;8.06;1017;38;3466.00;98
9024;37;623494796;9024;223;10042;10139;7.95;0.49;275.45;8.06;1018;38;3467.00;97
9027;37;623494810;9027;224;10043;10139;8.00;0.49;275.47;8.06;1016;38;3468.00;96
9030;37;623494824;9030;229;10046;10139;8.00;0.49;275.49;8.06;1016;38;3469.00;93
9032;37;623494838;9032;239;10048;10139;8.05;0.49;275.51;8.06;1016;38;3470.00;91
9037;37;623494854;9037;237;10052;10143;8.09;0.49;275.58;8.06;1015;38;3471.00;91
9039;37;623494868;9039;244;10053;10143;8.06;0.49;275.66;8.15;1014;38;3472.00;90
9043;37;623494881;9043;245;10055;10143;8.05;0.49;275.74;8.15;1012;38;3473.00;88
9045;37;623494895;9045;244;10056;10146;8.06;0.49;275.81;8.15;1011;38;3474.00;90
9047;37;623494909;9047;238;10058;10146;8.12;0.50;275.87;8.15;1011;38;3475.00;88
9050;37;623494922;9050;239;10058;10146;8.22;0.50;275.92;8.15;1008;38;3476.00;88
9051;37;623494936;9051;239;10062;10150;8.25;0.50;275.97;8.15;1011;38;3477.00;88
9054;37;623494949;9054;237;10065;10151;8.29;0.50;275.99;8.24;1011;38;3478.00;86
9056;37;623494962;9056;227;10066;10151;8.36;0.51;276.01;8.24;1010;38;3479.00;85
9057;37;623494977;9057;227;10071;10156;8.39;0.51;276.05;8.24;1014;38;3480.00;85
9059;37;623494991;9059;220;10071;10156;8.43;0.51;276.10;8.24;1012;38;3481.00;85
9062;37;623495004;9062;216;10072;10156;8.51;0.52;276.20;8.24;1010;38;3482.00;84
9067;37;623495018;9067;216;10074;10157;8.54;0.52;276.31;8.32;1007;38;3483.00;83
9069;37;623495032;9069;212;10075;10157;8.59;0.52;276.31;8.32;1006;38;3484.00;82
9075;37;623495045;9075;211;10080;10163;8.66;0.53;276.34;8.32;1005;38;3485.00;83
9079;37;623495059;9079;205;10080;10163;8.73;0.53;276.40;8.32;1001;38;3486.00;83
9080;37;623495072;9080;205;10081;10164;8.87;0.54;276.41;8.32;1001;38;3487.00;83
9084;37;623495086;9084;197;10081;10164;8.95;0.54;276.44;8.32;997;38;3488.00;83
9086;37;623495099;9086;196;10081;10164;9.04;0.55;276.52;8.32;995;38;3489.00;83
9087;37;623495112;9087;188;10081;10164;9.06;0.55;276.55;8.32;994;38;3490.00;83
9089;37;623495126;9089;192;10081;10164;9.08;0.55;276.61;8.32;992;38;3491.00;83
9092;37;623495139;9092;189;10091;10176;9.11;0.55;276.74;8.31;999;38;3492.00;85
9096;37;623495153;9096;194;10091;10176;9.08;0.55;276.78;8.31;995;38;3493.00;85
9099;37;623495166;9099;195;10092;10176;9.07;0.55;276.89;8.31;993;38;3494.00;84
9101;37;623495180;9101;186;10092;10176;9.08;0.55;276.87;8.31;991;38;3495.00;84
9104;37;623495193;9104;193;10092;10176;9.07;0.55;276.95;8.31;988;38;3496.00;84
9108;37;623495207;9108;196;10092;10176;9.03;0.55;276.93;8.31;984;38;3497.00;84
9110;37;623495220;9110;199;10095;10180;8.93;0.54;276.95;8.31;985;38;3498.00;85
9111;37;623495234;9111;196;10095;10180;8.90;0.54;276.95;8.31;984;38;3499.00;85
9114;37;623495247;9114;196;10099;10184;8.89;0.54;276.94;8.30;985;38;3500.00;85
9117;37;623495264;9117;199;10099;10185;8.79;0.53;276.94;8.30;982;38;3501.00;86
9120;37;623495276;9120;199;10100;10185;8.72;0.53;276.94;8.30;980;38;3502.00;85
9124;37;623495289;9124;207;10100;10185;8.63;0.52;276.98;8.30;976;38;3503.00;85
9127;37;623495301;9127;213;10111;10198;8.51;0.52;277.02;8.29;984;38;3504.00;87
9131;37;623495314;9131;205;10112;10198;8.45;0.51;277.02;8.31;981;38;3505.00;86
9133;37;623495328;9133;208;10113;10198;8.46;0.51;276.99;8.32;980;38;3506.00;85
9140;37;623495340;9140;207;10114;10199;8.46;0.51;276.96;8.32;974;38;3507.00;85
9144;37;623495353;9144;210;10114;10200;8.43;0.51;276.98;8.32;970;38;3508.00;86
9148;37;623495366;9148;208;10114;10200;8.43;0.51;276.96;8.32;966;38;3509.00;86
9152;37;623495380;9152;204;10118;10206;8.43;0.51;276.95;8.31;966;38;3510.00;88
9154;37;623495393;9154;199;10119;10206;8.48;0.51;276.93;8.31;965;38;3511.00;87
9156;37;623495406;9156;199;10120;10206;8.50;0.52;276.94;8.31;964;38;3512.00;86
9156;37;623495418;9156;206;10120;10206;8.47;0.51;276.94;8.31;964;38;3513.00;86
9159;37;623495430;9159;207;10125;10212;8.54;0.52;276.95;8.31;966;38;3514.00;87
9163;37;623495443;9163;211;10125;10212;8.54;0.52;276.99;8.31;962;38;3515.00;87
9166;37;623495456;9166;209;10126;10212;8.51;0.52;277.02;8.32;960;38;3516.00;86
9170;37;623495468;9170;213;10126;10212;8.46;0.51;277.11;8.32;956;38;3517.00;86
9171;37;623495480;9171;213;10129;10216;8.47;0.51;277.18;8.31;958;38;3518.00;87
9175;37;623495492;9175;223;10132;10219;8.37;0.51;277.27;8.31;957;38;3519.00;87
9177;38;623495504;9177;222;10132;10219;8.31;0.51;277.38;8.31;955;39;3520.00;87
9181;38;623495527;9181;227;10133;10220;8.23;0.50;277.39;8.31;952;39;3521.00;87
9182;38;623495538;9182;234;10133;10220;8.09;0.49;277.40;8.31;951;39;3522.00;87
9186;38;623495549;9186;240;10133;10220;7.95;0.48;277.47;8.31;947;39;3523.00;87
9189;38;623495560;9189;251;10133;10220;7.84;0.48;277.52;8.31;944;39;3524.00;87
9192;38;623495572;9192;258;10133;10220;7.66;0.47;277.56;8.31;941;39;3525.00;87
9197;38;623495583;9197;266;10134;10220;7.52;0.46;277.60;8.32;937;39;3526.00;86
9201;38;623495600;9201;276;10134;10220;7.43;0.45;277.62;8.32;933;39;3527.00;86
9203;38;623495611;9203;285;10171;10290;7.55;0.46;277.65;8.29;968;39;3528.00;119
9204;38;623495627;9204;281;10174;10291;7.51;0.46;277.65;8.30;970;39;3529.00;117
9205;38;623495639;9205;282;10183;10291;7.46;0.46;277.64;8.30;978;39;3530.00;108
9208;38;623495650;9208;291;10184;10291;7.36;0.45;277.73;8.30;976;39;3531.00;107
9209;38;623495661;9209;288;10188;10291;7.34;0.45;277.71;8.31;979;39;3532.00;103
9210;38;623495671;9210;292;10190;10291;7.30;0.45;277.74;8.32;980;39;3533.00;101
9211;38;623495682;9211;293;10194;10291;7.26;0.45;277.79;8.33;983;39;3534.00;97
9213;38;623495693;9213;297;10197;10291;7.22;0.44;277.77;8.33;984;39;3535.00;94
9216;38;623495703;9216;296;10201;10292;7.16;0.44;277.76;8.34;985;39;3536.00;91
9220;38;623495714;9220;303;10204;10293;7.12;0.44;277.77;8.34;984;39;3537.00;89
9224;38;623495726;9224;307;10209;10293;7.06;0.43;277.70;8.36;985;39;3538.00;84
9226;38;623495737;9226;321;10214;10297;6.99;0.43;277.74;8.35;988;39;3539.00;83
9229;38;623495749;9229;325;10215;10297;6.90;0.42;277.74;8.35;986;39;3540.00;82
9236;38;623495760;9236;328;10216;10297;6.84;0.42;277.85;8.36;980;39;3541.00;81
9239;38;623495771;9239;336;10218;10297;6.76;0.41;277.85;8.38;979;39;3542.00;79
9241;38;623495781;9241;345;10223;10303;6.75;0.41;277.81;8.38;982;39;3543.00;80
9243;38;623495793;9243;353;10225;10303;6.70;0.41;277.77;8.39;982;39;3544.00;78
9243;38;623495803;9243;361;10225;10303;6.60;0.40;277.77;8.39;982;39;3545.00;78
9247;38;623495813;9247;361;10228;10306;6.48;0.40;277.78;8.40;981;39;3546.00;78
9249;38;623495830;9249;369;10229;10306;6.37;0.39;277.74;8.41;980;39;3547.00;77
9252;38;623495848;9252;381;10231;10306;6.27;0.38;277.72;8.41;979;39;3548.00;75
9252;38;623495866;9252;382;10231;10307;6.21;0.38;277.72;8.41;979;39;3549.00;76
9254;38;623495882;9254;380;10235;10308;6.13;0.37;277.68;8.44;981;39;3550.00;73
9256;38;623495898;9256;379;10235;10308;6.03;0.37;277.68;8.44;979;39;3551.00;73
9256;38;623495923;9256;387;10247;10321;5.95;0.36;277.68;8.44;991;39;3552.00;74
9257;38;623495937;9257;389;10247;10321;5.82;0.36;277.66;8.44;990;39;3553.00;74
9261;38;623495948;9261;387;10247;10321;5.72;0.35;277.62;8.44;986;39;3554.00;74
9263;38;623495959;9263;391;10252;10323;5.66;0.35;277.57;8.46;989;39;3555.00;71
9265;38;623495971;9265;394;10252;10323;5.58;0.34;277.56;8.46;987;39;3556.00;71
9266;38;623495987;9266;400;10257;10327;5.59;0.34;277.54;8.46;991;39;3557.00;70
9267;38;623495999;9267;405;10257;10327;5.55;0.34;277.51;8.46;990;39;3558.00;70
9269;38;623496009;9269;407;10261;10331;5.50;0.33;277.51;8.46;992;39;3559.00;70
9271;38;623496020;9271;412;10262;10331;5.43;0.33;277.47;8.47;991;39;3560.00;69
9274;38;623496053;9274;413;10262;10331;5.32;0.32;277.42;8.47;988;39;3561.00;69
9276;38;623496064;9276;420;10265;10331;5.22;0.32;277.44;8.48;989;39;3562.00;66
9277;38;623496073;9277;403;10265;10331;5.12;0.31;277.41;8.48;988;39;3563.00;66
9283;38;623496082;9283;402;10276;10343;5.06;0.31;277.47;8.48;993;39;3564.00;67
9284;38;623496095;9284;397;10276;10343;4.98;0.30;277.48;8.48;992;39;3565.00;67
9285;38;623496104;9285;399;10277;10343;4.94;0.30;277.47;8.48;992;39;3566.00;66
9287;38;623496114;9287;407;10280;10343;4.86;0.30;277.45;8.49;993;39;3567.00;63
9290;38;623496123;9290;409;10280;10343;4.80;0.29;277.43;8.49;990;39;3568.00;63
9291;38;623496133;9291;415;10280;10343;4.75;0.29;277.44;8.49;989;39;3569.00;63
9292;38;623496150;9292;406;10281;10344;4.79;0.29;277.46;8.49;989;39;3570.00;63
9294;38;623496160;9294;403;10281;10344;4.79;0.29;277.47;8.49;987;39;3571.00;63
9297;38;623496176;9297;396;10287;10350;4.89;0.30;277.49;8.48;990;39;3572.00;63
9298;38;623496188;9298;394;10289;10351;4.96;0.30;277.52;8.49;991;39;3573.00;62
9300;38;623496198;9300;406;10289;10351;5.02;0.30;277.51;8.49;989;39;3574.00;62
9300;38;623496208;9300;390;10289;10351;5.10;0.31;277.51;8.49;989;39;3575.00;62
9301;38;623496219;9301;394;10295;10355;5.14;0.31;277.53;8.49;994;39;3576.00;60
9303;38;623496229;9303;386;10295;10355;5.18;0.31;277.53;8.49;992;39;3577.00;60
9305;38;623496240;9305;376;10295;10355;5.22;0.32;277.54;8.49;990;39;3578.00;60
9306;38;623496251;9306;377;10297;10356;5.26;0.32;277.56;8.49;991;39;3579.00;59
9308;38;623496267;9308;372;10300;10360;5.34;0.33;277.57;8.48;992;39;3580.00;60
9309;38;623496278;9309;365;10300;10360;5.30;0.32;277.57;8.48;991;39;3581.00;60
9313;38;623496288;9313;362;10302;10363;5.33;0.32;277.56;8.48;989;39;3582.00;61
9315;38;623496299;9315;357;10303;10363;5.35;0.33;277.59;8.48;988;39;3583.00;60
9319;38;623496309;9319;359;10303;10363;5.33;0.32;277.65;8.48;984;39;3584.00;60
9322;38;623496320;9322;359;10303;10363;5.38;0.33;277.62;8.48;981;39;3585.00;60
9327;38;623496331;9327;360;10307;10367;5.40;0.33;277.63;8.48;980;39;3586.00;60
9333;38;623496342;9333;370;10307;10367;5.38;0.33;277.66;8.48;974;39;3587.00;60
9335;38;623496353;9335;364;10307;10367;5.41;0.33;277.65;8.48;972;39;3588.00;60
9340;38;623496363;9340;364;10307;10367;5.41;0.33;277.74;8.48;967;39;3589.00;60
9342;38;623496374;9342;364;10307;10368;5.48;0.33;277.71;8.48;965;39;3590.00;61
9347;38;623496385;9347;361;10308;10369;5.49;0.33;277.75;8.48;961;39;3591.00;61
9349;38;623496395;9349;372;10308;10369;5.49;0.33;277.79;8.48;959;39;3592.00;61
9351;38;623496406;9351;377;10309;10370;5.53;0.34;277.79;8.48;958;39;3593.00;61
9352;38;623496417;9352;378;10309;10370;5.62;0.34;277.79;8.48;957;39;3594.00;61
9356;38;623496427;9356;384;10309;10370;5.70;0.35;277.77;8.48;953;39;3595.00;61
9360;38;623496438;9360;377;10309;10370;5.77;0.35;277.72;8.48;949;39;3596.00;61
9364;38;623496448;9364;377;10309;10370;5.82;0.35;277.91;8.48;945;39;3597.00;61
9368;38;623496460;9368;369;10310;10370;5.80;0.35;277.92;8.57;942;39;3598.00;60
9371;38;623496472;9371;362;10310;10370;5.82;0.35;278.00;8.57;939;39;3599.00;60
9374;38;623496486;9374;407;10423;10623;6.13;0.38;278.06;8.48;1049;39;3600.00;200
9376;38;623496521;9376;398;10430;10624;6.08;0.38;278.09;8.47;1054;39;3601.00;194
9378;38;623496536;9378;383;10442;10624;6.13;0.38;278.14;8.46;1064;39;3602.00;182
9379;38;623496548;9379;381;10451;10624;6.15;0.39;278.16;8.46;1072;39;3603.00;173
9381;38;623496563;9381;377;10461;10624;6.15;0.39;278.19;8.46;1080;39;3604.00;163
9385;38;623496575;9385;378;10465;10624;6.16;0.38;278.28;8.45;1080;39;3605.00;159
9388;38;623496587;9388;365;10472;10624;6.14;0.38;278.35;8.45;1084;39;3606.00;152
9391;38;623496602;9391;362;10478;10624;6.12;0.38;278.43;8.45;1087;39;3607.00;146
9392;38;623496617;9392;362;10483;10625;6.11;0.38;278.47;8.45;1091;39;3608.00;142
9395;38;623496629;9395;362;10488;10626;6.06;0.38;278.51;8.45;1093;39;3609.00;138
9401;38;623496642;9401;363;10491;10626;5.99;0.37;278.62;8.45;1090;39;3610.00;135
9404;38;623496656;9404;371;10498;10627;5.94;0.37;278.74;8.45;1094;39;3611.00;129
9406;38;623496668;9406;373;10499;10627;5.89;0.37;278.75;8.45;1093;39;3612.00;128
9412;38;623496680;9412;368;10503;10627;5.85;0.36;278.76;8.55;1091;39;3613.00;124
9414;38;623496693;9414;380;10505;10627;5.80;0.36;278.75;8.55;1091;39;3614.00;122
9418;38;623496712;9418;388;10510;10631;5.73;0.36;278.81;8.55;1092;39;3615.00;121
9421;38;623496725;9421;389;10512;10631;5.75;0.36;278.86;8.55;1091;39;3616.00;119
9426;38;623496737;9426;387;10513;10631;5.74;0.36;278.92;8.55;1087;39;3617.00;118
9430;38;623496757;9430;386;10516;10634;5.75;0.36;279.01;8.55;1086;39;3618.00;118
9433;38;623496770;9433;379;10517;10634;5.78;0.36;279.01;8.55;1084;39;3619.00;117
9436;38;623496784;9436;381;10517;10634;5.76;0.36;279.06;8.55;1081;39;3620.00;117
9437;38;623496796;9437;378;10520;10638;5.78;0.36;279.07;8.55;1083;39;3621.00;118
9440;38;623496809;9440;374;10523;10639;5.84;0.36;279.13;8.55;1083;39;3622.00;116
9443;38;623496826;9443;379;10523;10639;5.88;0.37;279.23;8.55;1080;39;3623.00;116
9448;38;623496846;9448;372;10525;10643;5.90;0.37;279.28;8.55;1077;39;3624.00;118
9452;38;623496859;9452;371;10526;10643;5.94;0.37;279.37;8.63;1074;39;3625.00;117
9456;38;623496874;9456;360;10527;10643;6.01;0.37;279.41;8.64;1071;39;3626.00;116
9461;38;623496887;9461;348;10528;10644;6.11;0.38;279.47;8.64;1067;39;3627.00;116
9464;38;623496901;9464;344;10529;10644;6.22;0.38;279.56;8.64;1065;39;3628.00;115
9468;38;623496915;9468;339;10534;10650;6.29;0.39;279.58;8.64;1066;39;3629.00;116
9474;38;623496931;9474;330;10534;10650;6.43;0.39;279.62;8.64;1060;39;3630.00;116
9478;38;623496952;9478;331;10537;10651;6.51;0.40;279.67;8.72;1059;39;3631.00;114
9479;38;623496966;9479;325;10537;10651;6.65;0.41;279.65;8.72;1058;39;3632.00;114
9483;38;623496981;9483;327;10538;10651;6.76;0.41;279.77;8.73;1055;39;3633.00;113
9484;38;623496994;9484;324;10539;10651;6.87;0.42;279.83;8.73;1055;39;3634.00;112
9489;38;623497008;9489;323;10540;10651;6.97;0.43;279.96;8.73;1051;39;3635.00;111
9492;38;623497021;9492;321;10548;10663;7.10;0.43;279.99;8.81;1056;39;3636.00;115
9496;38;623497041;9496;319;10549;10663;7.17;0.44;280.11;8.81;1053;39;3637.00;114
9501;38;623497055;9501;316;10551;10663;7.26;0.44;280.23;8.81;1050;39;3638.00;112
9503;38;623497068;9503;314;10552;10663;7.33;0.45;280.34;8.90;1049;39;3639.00;111
9508;38;623497082;9508;313;10554;10663;7.31;0.45;280.38;8.90;1046;39;3640.00;109
9511;38;623497101;9511;302;10556;10663;7.42;0.45;280.44;8.91;1045;39;3641.00;107
9516;38;623497115;9516;303;10561;10667;7.46;0.45;280.57;8.98;1045;39;3642.00;106
9517;38;623497129;9517;302;10561;10667;7.52;0.46;280.56;8.98;1044;39;3643.00;106
9519;38;623497143;9519;301;10566;10671;7.58;0.46;280.64;8.98;1047;39;3644.00;105
9522;38;623497157;9522;294;10569;10673;7.65;0.47;280.59;8.98;1047;39;3645.00;104
9524;38;623497170;9524;289;10570;10673;7.73;0.47;280.66;8.98;1046;39;3646.00;103
9527;38;623497183;9527;285;10570;10673;7.78;0.47;280.71;8.98;1043;39;3647.00;103
9528;38;623497197;9528;288;10578;10686;7.87;0.48;280.71;8.97;1050;39;3648.00;108
9529;38;623497211;9529;287;10579;10686;7.94;0.48;280.70;8.97;1050;39;3649.00;107
9531;38;623497225;9531;277;10579;10686;7.98;0.49;280.75;8.97;1048;39;3650.00;107
9532;38;623497238;9532;273;10580;10687;8.03;0.49;280.81;8.97;1048;39;3651.00;107
9536;38;623497252;9536;270;10580;10688;8.03;0.49;280.83;8.97;1044;39;3652.00;108
9539;38;623497265;9539;263;10580;10688;7.98;0.49;280.83;8.97;1041;39;3653.00;108
9542;38;623497279;9542;269;10582;10691;7.96;0.48;280.95;8.97;1040;39;3654.00;109
9546;38;623497293;9546;271;10583;10691;7.89;0.48;281.01;8.97;1037;39;3655.00;108
9550;38;623497306;9550;271;10584;10691;7.83;0.48;281.02;9.04;1034;39;3656.00;107
9551;38;623497319;9551;270;10584;10691;7.84;0.48;281.00;9.04;1033;39;3657.00;107
9553;38;623497332;9553;268;10589;10697;7.90;0.48;281.05;9.04;1036;39;3658.00;108
9555;38;623497346;9555;264;10589;10697;7.93;0.48;281.08;9.04;1034;39;3659.00;108
9557;38;623497360;9557;266;10589;10697;7.99;0.48;281.15;9.04;1032;39;3660.00;108
9558;38;623497373;9558;268;10589;10697;8.06;0.49;281.16;9.04;1031;39;3661.00;108
9561;38;623497386;9561;269;10592;10701;8.07;0.49;281.23;9.03;1031;39;3662.00;109
9563;38;623497400;9563;266;10593;10702;8.11;0.49;281.22;9.03;1030;39;3663.00;109
9567;38;623497413;9567;266;10593;10702;8.13;0.49;281.23;9.03;1026;39;3664.00;109
9571;38;623497426;9571;278;10594;10703;8.08;0.49;281.25;9.03;1023;39;3665.00;109
9573;38;623497440;9573;277;10594;10703;8.08;0.49;281.26;9.03;1021;39;3666.00;109
9574;38;623497452;9574;281;10594;10703;8.07;0.49;281.27;9.03;1020;39;3667.00;109
9577;38;623497465;9577;282;10594;10703;8.06;0.49;281.27;9.03;1017;39;3668.00;109
9580;38;623497478;9580;277;10594;10703;8.01;0.49;281.26;9.03;1014;39;3669.00;109
9583;38;623497491;9583;282;10595;10703;7.95;0.48;281.31;9.11;1012;39;3670.00;108
9583;38;623497503;9583;285;10596;10703;7.93;0.48;281.31;9.11;1013;39;3671.00;107
9585;38;623497515;9585;289;10625;10773;7.90;0.48;281.34;9.09;1040;39;3672.00;148
9589;38;623497533;9589;278;10626;10774;7.82;0.48;281.45;9.09;1037;39;3673.00;148
9589;38;623497546;9589;278;10631;10774;7.83;0.48;281.45;9.08;1042;39;3674.00;143
9592;38;623497559;9592;276;10637;10774;7.76;0.47;281.40;9.10;1045;39;3675.00;137
9594;38;623497573;9594;277;10640;10774;7.76;0.47;281.40;9.10;1046;39;3676.00;134
9598;38;623497586;9598;274;10642;10774;7.71;0.47;281.43;9.10;1044;39;3677.00;132
9601;38;623497599;9601;277;10646;10774;7.70;0.47;281.46;9.10;1045;39;3678.00;128
9603;38;623497611;9603;273;10648;10774;7.63;0.46;281.43;9.10;1045;39;3679.00;126
9603;38;623497629;9603;273;10651;10775;7.63;0.46;281.43;9.10;1048;39;3680.00;124
9606;38;623497647;9606;268;10654;10776;7.62;0.46;281.43;9.10;1048;39;3681.00;122
9609;38;623497660;9609;272;10656;10776;7.56;0.46;281.43;9.10;1047;39;3682.00;120
9612;38;623497673;9612;278;10662;10780;7.55;0.46;281.44;9.10;1050;39;3683.00;118
9616;38;623497686;9616;276;10664;10780;7.47;0.45;281.42;9.10;1048;39;3684.00;116
9617;38;623497698;9617;286;10664;10780;7.45;0.45;281.45;9.10;1047;39;3685.00;116
9619;38;623497710;9619;289;10664;10780;7.43;0.45;281.47;9.10;1045;39;3686.00;116
9623;38;623497723;9623;294;10668;10786;7.40;0.45;281.47;9.10;1045;39;3687.00;118
9624;38;623497736;9624;302;10669;10786;7.34;0.45;281.49;9.10;1045;39;3688.00;117
9628;38;623497749;9628;311;10669;10786;7.23;0.44;281.49;9.10;1041;39;3689.00;117
9628;38;623497762;9628;318;10674;10792;7.19;0.44;281.49;9.11;1046;39;3690.00;118
9632;38;623497775;9632;327;10674;10792;7.12;0.43;281.49;9.11;1042;39;3691.00;118
9634;38;623497787;9634;330;10679;10792;7.09;0.43;281.45;9.12;1045;39;3692.00;113
9638;38;623497799;9638;339;10679;10793;7.00;0.43;281.51;9.12;1041;39;3693.00;114
9639;38;623497811;9639;339;10681;10794;6.91;0.42;281.58;9.12;1042;39;3694.00;113
9641;38;623497828;9641;346;10683;10794;6.81;0.41;281.58;9.13;1042;39;3695.00;111
9646;38;623497846;9646;357;10691;10807;6.72;0.41;281.56;9.12;1045;39;3696.00;116
9647;38;623497867;9647;361;10693;10807;6.70;0.41;281.54;9.13;1046;39;3697.00;114
9651;38;623497889;9651;364;10694;10807;6.65;0.40;281.46;9.13;1043;39;3698.00;113
9655;38;623497907;9655;369;10696;10808;6.60;0.40;281.38;9.13;1041;39;3699.00;112
9659;38;623497925;9659;378;10697;10808;6.56;0.40;281.41;9.14;1038;39;3700.00;111
9660;38;623497946;9660;385;10703;10812;6.54;0.40;281.40;9.16;1043;39;3701.00;109
9663;38;623497959;9663;392;10704;10812;6.43;0.39;281.36;9.17;1041;39;3702.00;108
9663;38;623497972;9663;400;10709;10816;6.36;0.39;281.36;9.18;1046;39;3703.00;107
9664;38;623497985;9664;403;10710;10816;6.28;0.38;281.34;9.19;1046;39;3704.00;106
9666;38;623497997;9666;409;10711;10816;6.18;0.38;281.37;9.20;1045;39;3705.00;105
9669;38;623498009;9669;417;10712;10816;6.06;0.37;281.37;9.21;1043;39;3706.00;104
9670;38;623498021;9670;420;10713;10816;5.95;0.36;281.36;9.22;1043;39;3707.00;103
9673;38;623498034;9673;424;10724;10828;5.90;0.36;281.30;9.22;1051;39;3708.00;104
9675;38;623498047;9675;428;10726;10828;5.79;0.35;281.25;9.23;1051;39;3709.00;102
9675;38;623498058;9675;437;10727;10828;5.74;0.35;281.25;9.24;1052;39;3710.00;101
9677;38;623498069;9677;446;10728;10828;5.69;0.35;281.22;9.25;1051;39;3711.00;100
9677;38;623498080;9677;455;10728;10828;5.65;0.35;281.22;9.25;1051;39;3712.00;100
9678;38;623498091;9678;468;10730;10828;5.56;0.34;281.20;9.27;1052;39;3713.00;98
9679;38;623498103;9679;470;10735;10829;5.46;0.33;281.19;9.29;1056;39;3714.00;94
9680;38;623498115;9680;459;10737;10829;5.42;0.33;281.21;9.31;1057;39;3715.00;92
9681;38;623498127;9681;460;10743;10835;5.42;0.33;281.20;9.31;1062;39;3716.00;92
9683;38;623498139;9683;456;10744;10836;5.43;0.33;281.16;9.31;1061;39;3717.00;92
9684;38;623498150;9684;452;10747;10836;5.39;0.33;281.22;9.33;1063;39;3718.00;89
9685;38;623498161;9685;451;10747;10836;5.39;0.33;281.28;9.33;1062;39;3719.00;89
9688;38;623498175;9688;445;10751;10841;5.44;0.33;281.24;9.32;1063;39;3720.00;90
9689;38;623498187;9689;438;10753;10841;5.45;0.33;281.22;9.34;1064;39;3721.00;88
9693;38;623498212;9693;438;10753;10841;5.42;0.33;281.22;9.34;1060;39;3722.00;88
9693;38;623498224;9693;441;10754;10842;5.44;0.33;281.22;9.34;1061;39;3723.00;88
9695;38;623498235;9695;434;10757;10846;5.45;0.33;281.17;9.34;1062;39;3724.00;89
9696;38;623498247;9696;439;10760;10846;5.48;0.34;281.17;9.36;1064;39;3725.00;86
9698;38;623498258;9698;427;10762;10849;5.55;0.34;281.14;9.36;1064;39;3726.00;87
9700;38;623498270;9700;425;10765;10849;5.60;0.34;281.11;9.38;1065;39;3727.00;84
9702;38;623498281;9702;421;10766;10849;5.63;0.34;281.11;9.38;1064;39;3728.00;83
9705;38;623498292;9705;420;10766;10849;5.66;0.34;281.06;9.38;1061;39;3729.00;83
9705;38;623498303;9705;423;10773;10853;5.69;0.35;281.06;9.39;1068;39;3730.00;80
9708;38;623498315;9708;417;10773;10853;5.65;0.34;281.03;9.39;1065;39;3731.00;80
9710;38;623498325;9710;422;10774;10853;5.58;0.34;281.01;9.40;1064;39;3732.00;79
9712;38;623498336;9712;415;10775;10853;5.50;0.33;281.01;9.40;1063;39;3733.00;78
9712;38;623498348;9712;415;10776;10854;5.46;0.33;281.01;9.40;1064;39;3734.00;78
9715;38;623498359;9715;412;10778;10856;5.43;0.33;281.02;9.40;1063;39;3735.00;78
9718;38;623498370;9718;414;10779;10856;5.44;0.33;281.04;9.41;1061;39;3736.00;77
9722;38;623498381;9722;410;10780;10857;5.40;0.33;281.02;9.41;1058;39;3737.00;77
9724;38;623498393;9724;424;10780;10857;5.35;0.33;281.00;9.41;1056;39;3738.00;77
9726;38;623498404;9726;428;10781;10857;5.26;0.32;281.06;9.41;1055;39;3739.00;76
9730;38;623498414;9730;413;10783;10857;5.20;0.32;281.08;9.42;1053;39;3740.00;74
9735;38;623498425;9735;409;10784;10857;5.16;0.32;281.12;9.43;1049;39;3741.00;73
9738;38;623498436;9738;400;10784;10857;5.16;0.32;281.19;9.43;1046;39;3742.00;73
9740;38;623498446;9740;399;10784;10857;5.17;0.32;281.17;9.43;1044;39;3743.00;73
9746;38;623498456;9746;410;10847;10984;5.45;0.34;281.26;9.38;1101;39;3744.00;137
9747;38;623498478;9747;410;10849;10985;5.45;0.34;281.25;9.37;1102;39;3745.00;136
9750;38;623498490;9750;409;10860;10985;5.54;0.35;281.29;9.37;1110;39;3746.00;125
9751;38;623498501;9751;392;10867;10985;5.62;0.35;281.31;9.37;1116;39;3747.00;118
9755;38;623498514;9755;394;10875;10985;5.70;0.36;281.34;9.36;1120;39;3748.00;110
9760;38;623498525;9760;387;10878;10985;5.71;0.36;281.36;9.37;1118;39;3749.00;107
9762;38;623498539;9762;393;10884;10990;5.69;0.35;281.42;9.37;1122;39;3750.00;106
9768;38;623498552;9768;389;10888;10990;5.70;0.35;281.38;9.37;1120;39;3751.00;102
9770;38;623498565;9770;389;10891;10991;5.74;0.35;281.45;9.37;1121;39;3752.00;100
9774;38;623498577;9774;391;10895;10992;5.77;0.36;281.46;9.37;1121;39;3753.00;97
9778;38;623498590;9778;397;10898;10992;5.81;0.36;281.55;9.37;1120;39;3754.00;94
9783;38;623498608;9783;399;10902;10993;5.80;0.36;281.52;9.37;1119;39;3755.00;91
9785;38;623498621;9785;405;10904;10993;5.84;0.36;281.52;9.37;1119;39;3756.00;89
9789;38;623498634;9789;404;10907;10993;5.87;0.36;281.58;9.37;1118;39;3757.00;86
9792;38;623498647;9792;398;10908;10993;5.89;0.36;281.57;9.37;1116;39;3758.00;85
9794;38;623498660;9794;393;10913;10997;5.91;0.36;281.63;9.37;1119;39;3759.00;84
9799;38;623498673;9799;389;10913;10997;5.91;0.36;281.72;9.37;1114;39;3760.00;84
9800;38;623498685;9800;393;10914;10997;5.93;0.36;281.80;9.37;1114;39;3761.00;83
9807;38;623498698;9807;397;10916;11000;5.91;0.36;281.84;9.37;1109;39;3762.00;84
9812;38;623498712;9812;393;10917;11000;5.93;0.36;281.92;9.37;1105;39;3763.00;83
9813;38;623498725;9813;400;10917;11000;6.02;0.37;281.95;9.37;1104;39;3764.00;83
9816;38;623498737;9816;389;10922;11004;6.04;0.37;282.00;9.37;1106;39;3765.00;82
9822;38;623498751;9822;389;10924;11005;6.06;0.37;282.01;9.37;1102;39;3766.00;81
9823;38;623498766;9823;388;10925;11005;6.16;0.38;282.02;9.37;1102;39;3767.00;80
9829;38;623498778;9829;386;10928;11009;6.20;0.38;282.02;9.37;1099;39;3768.00;81
9833;38;623498793;9833;386;10930;11009;6.30;0.39;282.16;9.37;1097;39;3769.00;79
9836;38;623498806;9836;391;10930;11009;6.35;0.39;282.19;9.37;1094;39;3770.00;79
9843;38;623498819;9843;389;10931;11010;6.39;0.39;282.25;9.36;1088;39;3771.00;79
9845;38;623498834;9845;398;10931;11010;6.42;0.39;282.25;9.36;1086;39;3772.00;79
9850;38;623498847;9850;399;10936;11016;6.43;0.39;282.29;9.36;1086;39;3773.00;80
9855;38;623498860;9855;396;10937;11016;6.37;0.39;282.39;9.44;1082;39;3774.00;79
9859;38;623498874;9859;388;10937;11017;6.36;0.39;282.36;9.44;1078;39;3775.00;80
9864;38;623498887;9864;389;10937;11017;6.27;0.38;282.36;9.44;1073;39;3776.00;80
9868;38;623498899;9868;383;10937;11017;6.27;0.38;282.40;9.44;1069;39;3777.00;80
9874;38;623498911;9874;388;10937;11017;6.25;0.38;282.46;9.44;1063;39;3778.00;80
9878;38;623498923;9878;391;10937;11017;6.26;0.38;282.52;9.44;1059;39;3779.00;80
9881;38;623498937;9881;397;10963;11053;6.39;0.39;282.51;9.42;1082;39;3780.00;90
9888;38;623498951;9888;394;10964;11053;6.32;0.39;282.55;9.42;1076;39;3781.00;89
9892;38;623498964;9892;389;10966;11053;6.34;0.39;282.61;9.42;1074;39;3782.00;87
9894;38;623498976;9894;396;10966;11053;6.36;0.39;282.61;9.42;1072;39;3783.00;87
9895;38;623498988;9895;396;10967;11053;6.36;0.39;282.66;9.42;1072;39;3784.00;86
9902;38;623499000;9902;388;10967;11053;6.30;0.39;282.81;9.42;1065;39;3785.00;86
9904;38;623499013;9904;386;10971;11057;6.31;0.39;282.81;9.41;1067;39;3786.00;86
9907;38;623499025;9907;370;10971;11057;6.37;0.39;282.91;9.41;1064;39;3787.00;86
9910;38;623499037;9910;359;10975;11061;6.38;0.39;282.92;9.41;1065;39;3788.00;86
9917;38;623499050;9917;353;10976;11062;6.35;0.39;283.11;9.41;1059;39;3789.00;86
9920;38;623499063;9920;349;10977;11062;6.39;0.39;283.10;9.49;1057;39;3790.00;85
9925;38;623499076;9925;345;10977;11062;6.43;0.39;283.15;9.49;1052;39;3791.00;85
9928;38;623499089;9928;343;10988;11075;6.52;0.40;283.25;9.48;1060;39;3792.00;87
9929;38;623499103;9929;344;10988;11075;6.58;0.40;283.30;9.48;1059;39;3793.00;87
9935;38;623499115;9935;350;10988;11075;6.56;0.40;283.37;9.48;1053;39;3794.00;87
9937;38;623499127;9937;344;10989;11076;6.54;0.40;283.39;9.48;1052;39;3795.00;87
9942;38;623499139;9942;335;10989;11077;6.54;0.40;283.45;9.48;1047;39;3796.00;88
9946;38;623499158;9946;337;10989;11077;6.50;0.40;283.57;9.48;1043;39;3797.00;88
9951;38;623499176;9951;329;10991;11080;6.51;0.40;283.56;9.48;1040;39;3798.00;89
9953;38;623499189;9953;331;10991;11080;6.55;0.40;283.63;9.48;1038;39;3799.00;89
9956;38;623499203;9956;325;10992;11080;6.59;0.40;283.68;9.48;1036;39;3800.00;88
9960;38;623499220;9960;328;10992;11080;6.59;0.40;283.67;9.48;1032;39;3801.00;88
9963;38;623499232;9963;326;10997;11086;6.62;0.40;283.71;9.48;1034;39;3802.00;89
9964;38;623499246;9964;332;10997;11086;6.68;0.41;283.76;9.48;1033;39;3803.00;89
9969;38;623499259;9969;322;10997;11086;6.72;0.41;283.83;9.48;1028;39;3804.00;89
9971;38;623499271;9971;323;10997;11086;6.73;0.41;283.84;9.48;1026;39;3805.00;89
9974;38;623499284;9974;320;11000;11090;6.73;0.41;283.85;9.47;1026;39;3806.00;90
9976;38;623499297;9976;319;11001;11091;6.79;0.41;283.82;9.47;1025;39;3807.00;90
9977;38;623499310;9977;322;11001;11091;6.74;0.41;283.86;9.47;1024;39;3808.00;90
9978;38;623499322;9978;332;11002;11092;6.78;0.41;283.90;9.47;1024;39;3809.00;90
9982;38;623499336;9982;321;11002;11092;6.76;0.41;283.90;9.47;1020;39;3810.00;90
9987;38;623499349;9987;324;11003;11092;6.76;0.41;284.01;9.56;1016;39;3811.00;89
9988;38;623499362;9988;314;11003;11092;6.85;0.42;284.01;9.56;1015;39;3812.00;89
9989;38;623499374;9989;315;11003;11092;6.90;0.42;284.02;9.56;1014;39;3813.00;89
9991;38;623499386;9991;311;11003;11092;6.88;0.42;284.05;9.56;1012;39;3814.00;89
9992;38;623499399;9992;304;11003;11092;6.97;0.42;284.05;9.56;1011;39;3815.00;89
9993;38;623499418;9993;314;11040;11162;7.06;0.43;284.04;9.52;1047;39;3816.00;122
9996;38;623499436;9996;307;11040;11163;7.13;0.44;284.08;9.52;1044;39;3817.00;123
9999;38;623499448;9999;298;11047;11163;7.24;0.44;284.17;9.52;1048;39;3818.00;116
10000;38;623499461;10000;298;11050;11163;7.27;0.44;284.15;9.52;1050;39;3819.00;113
10006;38;623499474;10006;298;11053;11163;7.25;0.44;284.18;9.52;1047;39;3820.00;110
10008;38;623499487;10008;299;11056;11163;7.35;0.45;284.24;9.51;1048;39;3821.00;107
10010;38;623499499;10010;306;11060;11163;7.39;0.45;284.24;9.51;1050;39;3822.00;103
10013;38;623499512;10013;308;11062;11163;7.42;0.45;284.27;9.51;1049;39;3823.00;101
10013;38;623499525;10013;311;11063;11164;7.43;0.45;284.27;9.51;1050;39;3824.00;101
10016;38;623499537;10016;310;11066;11166;7.42;0.45;284.28;9.51;1050;39;3825.00;100
10020;38;623499550;10020;307;11069;11166;7.40;0.45;284.33;9.60;1049;39;3826.00;97
10020;38;623499569;10020;308;11074;11170;7.42;0.45;284.33;9.59;1054;39;3827.00;96
10023;38;623499587;10023;302;11076;11170;7.44;0.45;284.38;9.68;1053;39;3828.00;94
10024;38;623499600;10024;304;11076;11170;7.46;0.45;284.39;9.68;1052;39;3829.00;94
10026;38;623499613;10026;309;11076;11170;7.47;0.46;284.38;9.68;1050;39;3830.00;94
10026;38;623499626;10026;314;11080;11176;7.52;0.46;284.38;9.67;1054;39;3831.00;96
10027;38;623499639;10027;320;11081;11176;7.53;0.46;284.43;9.76;1054;39;3832.00;95
10033;38;623499652;10033;318;11081;11176;7.50;0.46;284.44;9.76;1048;39;3833.00;95
10037;38;623499664;10037;321;11083;11179;7.48;0.45;284.54;9.76;1046;39;3834.00;96
10040;38;623499678;10040;322;11083;11179;7.49;0.45;284.58;9.76;1043;39;3835.00;96
10046;38;623499690;10046;312;11084;11179;7.36;0.45;284.57;9.76;1038;39;3836.00;95
10048;38;623499703;10048;315;11084;11180;7.29;0.44;284.63;9.76;1036;39;3837.00;96
10050;38;623499715;10050;318;11085;11181;7.26;0.44;284.67;9.76;1035;39;3838.00;96
10052;38;623499727;10052;315;11085;11181;7.22;0.44;284.66;9.76;1033;39;3839.00;96
10057;38;623499741;10057;311;11100;11207;7.09;0.43;284.64;9.74;1043;39;3840.00;107
10059;38;623499756;10059;308;11100;11207;7.05;0.43;284.70;9.74;1041;39;3841.00;107
10062;38;623499768;10062;297;11103;11207;7.07;0.43;284.73;9.74;1041;39;3842.00;104
10067;38;623499780;10067;297;11106;11208;7.06;0.43;284.76;9.74;1039;39;3843.00;102
10072;38;623499792;10072;296;11107;11208;6.97;0.42;284.78;9.75;1035;39;3844.00;101
10076;38;623499805;10076;302;11111;11212;6.98;0.43;284.72;9.83;1035;39;3845.00;101
10077;38;623499818;10077;313;11114;11214;6.95;0.42;284.71;9.84;1037;39;3846.00;100
10083;38;623499836;10083;311;11117;11218;6.93;0.42;284.70;9.84;1034;39;3847.00;101
10084;38;623499858;10084;312;11117;11218;6.94;0.42;284.67;9.84;1033;39;3848.00;101
10088;38;623499879;10088;309;11117;11218;6.89;0.42;284.65;9.84;1029;39;3849.00;101
10090;38;623499896;10090;308;11117;11218;6.78;0.41;284.62;9.84;1027;39;3850.00;101
10095;38;623499914;10095;305;11117;11218;6.69;0.41;284.58;9.84;1022;39;3851.00;101
10096;38;623499930;10096;313;11126;11230;6.68;0.41;284.55;9.83;1030;39;3852.00;104
10101;38;623499945;10101;317;11127;11230;6.62;0.40;284.53;9.83;1026;39;3853.00;103
10103;39;623499957;10103;315;11128;11230;6.60;0.40;284.49;9.83;1025;40;3854.00;102
10107;39;623499989;10107;322;11128;11230;6.58;0.40;284.46;9.83;1021;40;3855.00;102
10109;39;623500001;10109;322;11128;11230;6.58;0.40;284.49;9.83;1019;40;3856.00;102
10113;39;623500018;10113;324;11129;11230;6.55;0.40;284.45;9.83;1016;40;3857.00;101
10115;39;623500030;10115;330;11130;11231;6.50;0.40;284.40;9.84;1015;40;3858.00;101
10117;39;623500042;10117;329;11131;11231;6.42;0.39;284.40;9.84;1014;40;3859.00;100
10118;39;623500054;10118;336;11135;11237;6.36;0.39;284.41;9.83;1017;40;3860.00;102
10119;39;623500072;10119;341;11137;11238;6.26;0.38;284.41;9.84;1018;40;3861.00;101
10121;39;623500083;10121;347;11139;11238;6.18;0.37;284.39;9.85;1018;40;3862.00;99
10122;39;623500101;10122;358;11140;11238;6.10;0.37;284.38;9.85;1018;40;3863.00;98
10123;39;623500112;10123;360;11144;11242;6.10;0.37;284.40;9.84;1021;40;3864.00;98
10128;39;623500128;10128;368;11144;11242;6.00;0.36;284.38;9.84;1016;40;3865.00;98
10130;39;623500140;10130;372;11145;11242;5.94;0.36;284.35;9.85;1015;40;3866.00;97
10131;39;623500150;10131;370;11146;11243;5.90;0.36;284.32;9.85;1015;40;3867.00;97
10136;39;623500162;10136;365;11149;11247;5.87;0.36;284.35;9.85;1013;40;3868.00;98
10137;39;623500174;10137;360;11149;11247;5.88;0.36;284.36;9.85;1012;40;3869.00;98
10138;39;623500187;10138;360;11155;11253;5.87;0.36;284.37;9.86;1017;40;3870.00;98
10140;39;623500199;10140;362;11156;11253;5.90;0.36;284.33;9.86;1016;40;3871.00;97
10140;39;623500210;10140;363;11158;11253;5.97;0.36;284.33;9.86;1018;40;3872.00;95
10141;40;623500221;10141;365;11159;11253;5.97;0.36;284.33;9.87;1018;41;3873.00;94
10143;40;623500263;10143;363;11163;11257;6.05;0.37;284.36;9.87;1020;41;3874.00;94
10143;40;623500275;10143;364;11163;11257;6.05;0.37;284.36;9.87;1020;41;3875.00;94
10143;40;623500287;10143;367;11165;11257;6.11;0.37;284.36;9.88;1022;41;3876.00;92
10144;40;623500297;10144;372;11165;11257;6.12;0.37;284.36;9.88;1021;41;3877.00;92
10148;40;623500309;10148;376;11167;11258;6.10;0.37;284.34;9.90;1019;41;3878.00;91
10148;40;623500321;10148;375;11168;11259;6.10;0.37;284.34;9.89;1020;41;3879.00;91
10149;41;623500338;10149;382;11169;11259;6.06;0.37;284.32;9.91;1020;42;3880.00;90
10151;41;623500364;10151;384;11171;11260;6.05;0.37;284.30;9.92;1020;42;3881.00;89
10152;41;623500376;10152;391;11171;11260;6.06;0.37;284.30;9.92;1019;42;3882.00;89
10154;41;623500397;10154;397;11173;11260;6.03;0.37;284.28;9.94;1019;42;3883.00;87
10154;41;623500408;10154;392;11174;11260;6.04;0.37;284.28;9.95;1020;42;3884.00;86
10156;41;623500419;10156;399;11174;11260;6.00;0.37;284.29;9.95;1018;42;3885.00;86
10156;41;623500429;10156;402;11177;11260;5.95;0.37;284.29;9.98;1021;42;3886.00;83
10157;41;623500440;10157;404;11177;11260;5.88;0.36;284.27;9.98;1020;42;3887.00;83
10158;41;623500450;10158;425;11244;11387;6.07;0.38;284.26;9.93;1086;42;3888.00;143
10162;41;623500471;10162;422;11248;11388;5.98;0.37;284.35;9.92;1086;42;3889.00;140
10164;41;623500483;10164;417;11260;11388;5.98;0.37;284.35;9.92;1096;42;3890.00;128
10166;41;623500494;10166;409;11263;11388;5.94;0.37;284.44;9.92;1097;42;3891.00;125
10168;41;623500505;10168;401;11270;11388;5.96;0.37;284.41;9.93;1102;42;3892.00;118
10170;41;623500517;10170;403;11273;11388;5.96;0.37;284.39;9.92;1103;42;3893.00;115
10172;41;623500529;10172;401;11278;11388;5.98;0.37;284.40;9.93;1106;42;3894.00;110
10175;41;623500541;10175;402;11282;11388;5.95;0.37;284.49;9.94;1107;42;3895.00;106
10175;41;623500558;10175;411;11285;11389;5.99;0.37;284.49;9.94;1110;42;3896.00;104
10176;41;623500570;10176;414;11292;11390;6.02;0.37;284.48;9.96;1116;42;3897.00;98
10178;41;623500581;10178;417;11294;11390;6.05;0.37;284.48;9.96;1116;42;3898.00;96
10181;41;623500593;10181;417;11297;11391;6.05;0.37;284.54;9.96;1116;42;3899.00;94
10186;41;623500608;10186;431;11304;11406;5.93;0.36;284.47;9.96;1118;42;3900.00;102
10191;41;623500626;10191;428;11307;11406;5.83;0.36;284.51;9.96;1116;42;3901.00;99
10194;41;623500640;10194;431;11308;11406;5.77;0.35;284.54;9.96;1114;42;3902.00;98
10198;41;623500655;10198;439;11312;11410;5.67;0.35;284.51;9.96;1114;42;3903.00;98
10202;41;623500668;10202;442;11313;11410;5.58;0.34;284.56;9.96;1111;42;3904.00;97
10206;41;623500681;10206;439;11313;11410;5.49;0.34;284.64;9.96;1107;42;3905.00;97
10211;41;623500694;10211;454;11318;11413;5.40;0.33;284.64;9.96;1107;42;3906.00;95
10215;41;623500707;10215;459;11319;11413;5.33;0.33;284.72;9.97;1104;42;3907.00;94
10218;41;623500721;10218;462;11321;11413;5.31;0.33;284.81;9.98;1103;42;3908.00;92
10222;41;623500734;10222;472;11326;11417;5.27;0.32;284.86;9.98;1104;42;3909.00;91
10227;41;623500747;10227;459;11328;11418;5.26;0.32;284.93;9.98;1101;42;3910.00;90
10233;41;623500759;10233;453;11329;11418;5.24;0.32;284.98;9.98;1096;42;3911.00;89
10235;41;623500772;10235;459;11336;11422;5.28;0.33;284.97;9.98;1101;42;3912.00;86
10238;41;623500784;10238;446;11339;11422;5.35;0.33;284.99;9.99;1101;42;3913.00;83
10240;41;623500803;10240;442;11341;11422;5.38;0.33;285.02;9.99;1101;42;3914.00;81
10244;41;623500824;10244;448;11343;11424;5.42;0.33;285.08;9.99;1099;42;3915.00;81
10245;41;623500836;10245;444;11343;11424;5.50;0.34;285.10;9.99;1098;42;3916.00;81
10252;41;623500848;10252;437;11349;11430;5.51;0.34;285.11;9.99;1097;42;3917.00;81
10256;41;623500861;10256;437;11350;11430;5.53;0.34;285.14;9.99;1094;42;3918.00;80
10260;41;623500874;10260;433;11350;11431;5.59;0.34;285.18;9.99;1090;42;3919.00;81
10261;41;623500886;10261;431;11350;11431;5.64;0.35;285.19;9.99;1089;42;3920.00;81
10264;41;623500898;10264;428;11350;11431;5.65;0.35;285.25;9.99;1086;42;3921.00;81
10266;41;623500910;10266;417;11350;11431;5.69;0.35;285.25;9.99;1084;42;3922.00;81
10271;41;623500923;10271;414;11352;11431;5.65;0.35;285.25;9.99;1081;42;3923.00;79
10275;41;623500935;10275;416;11361;11443;5.71;0.35;285.27;9.98;1086;42;3924.00;82
10280;41;623500947;10280;417;11361;11443;5.69;0.35;285.34;9.98;1081;42;3925.00;82
10282;41;623500960;10282;413;11363;11443;5.74;0.35;285.34;9.98;1081;42;3926.00;80
10286;41;623500971;10286;408;11364;11443;5.72;0.35;285.35;9.98;1078;42;3927.00;79
10288;41;623500983;10288;407;11366;11443;5.77;0.35;285.34;9.98;1078;42;3928.00;77
10292;41;623500994;10292;407;11366;11443;5.77;0.35;285.38;9.98;1074;42;3929.00;77
10295;41;623501007;10295;404;11369;11447;5.83;0.36;285.41;9.98;1074;42;3930.00;78
10298;41;623501020;10298;399;11369;11447;5.84;0.36;285.47;9.98;1071;42;3931.00;78
10301;41;623501032;10301;394;11373;11451;5.91;0.36;285.46;9.98;1072;42;3932.00;78
10305;41;623501044;10305;398;11374;11452;5.91;0.36;285.43;9.98;1069;42;3933.00;78
10308;41;623501056;10308;399;11374;11452;5.90;0.36;285.51;9.98;1066;42;3934.00;78
10314;41;623501068;10314;403;11374;11452;5.88;0.36;285.56;9.98;1060;42;3935.00;78
10317;41;623501081;10317;401;11384;11465;5.94;0.36;285.67;9.97;1067;42;3936.00;81
10322;41;623501094;10322;399;11385;11465;5.95;0.36;285.71;9.97;1063;42;3937.00;80
10325;41;623501106;10325;398;11385;11465;5.99;0.36;285.71;9.97;1060;42;3938.00;80
10331;41;623501119;10331;398;11386;11466;6.02;0.37;285.84;9.97;1055;42;3939.00;80
10336;41;623501131;10336;393;11386;11467;6.09;0.37;285.84;9.97;1050;42;3940.00;81
10338;41;623501143;10338;390;11387;11467;6.16;0.38;285.88;10.06;1049;42;3941.00;80
10343;41;623501156;10343;378;11389;11470;6.24;0.38;285.90;10.06;1046;42;3942.00;81
10348;41;623501168;10348;378;11389;11470;6.28;0.38;285.97;10.06;1041;42;3943.00;81
10349;41;623501181;10349;379;11390;11470;6.35;0.39;286.00;10.06;1041;42;3944.00;80
10360;41;623501192;10360;381;11390;11470;6.29;0.38;286.11;10.06;1030;42;3945.00;80
10365;41;623501205;10365;383;11395;11476;6.34;0.39;286.23;10.05;1030;42;3946.00;81
10367;41;623501217;10367;377;11395;11476;6.36;0.39;286.25;10.05;1028;42;3947.00;81
10371;41;623501229;10371;379;11395;11476;6.34;0.39;286.38;10.05;1024;42;3948.00;81
10378;41;623501240;10378;385;11395;11476;6.27;0.38;286.46;10.05;1017;42;3949.00;81
10381;41;623501253;10381;379;11398;11480;6.26;0.38;286.46;10.05;1017;42;3950.00;82
10387;41;623501265;10387;381;11399;11481;6.20;0.38;286.50;10.05;1012;42;3951.00;82
10391;41;623501277;10391;379;11399;11481;6.16;0.38;286.49;10.05;1008;42;3952.00;82
10393;41;623501288;10393;381;11400;11482;6.16;0.38;286.52;10.05;1007;42;3953.00;82
10397;41;623501300;10397;389;11400;11482;6.12;0.37;286.59;10.05;1003;42;3954.00;82
10398;41;623501313;10398;391;11400;11482;6.11;0.37;286.56;10.05;1002;42;3955.00;82
10404;41;623501325;10404;395;11400;11482;6.10;0.37;286.60;10.05;996;42;3956.00;82
10407;41;623501337;10407;384;11400;11482;6.12;0.37;286.65;10.05;993;42;3957.00;82
10410;41;623501349;10410;374;11400;11482;6.06;0.37;286.69;10.05;990;42;3958.00;82
10416;41;623501361;10416;356;11400;11482;5.98;0.36;286.86;10.05;984;42;3959.00;82
10417;41;623501374;10417;371;11469;11607;6.08;0.37;286.90;9.99;1052;42;3960.00;138
10420;41;623501394;10420;358;11471;11608;6.10;0.37;286.97;9.99;1051;42;3961.00;137
10422;41;623501407;10422;349;11477;11608;6.14;0.38;286.96;10.08;1055;42;3962.00;131
10423;41;623501419;10423;348;11477;11608;6.18;0.38;287.00;10.08;1054;42;3963.00;131
10425;41;623501432;10425;354;11482;11608;6.22;0.38;287.07;10.07;1057;42;3964.00;126
10430;41;623501443;10430;356;11482;11608;6.26;0.38;287.07;10.07;1052;42;3965.00;126
10432;41;623501456;10432;346;11489;11608;6.35;0.39;287.05;10.07;1057;42;3966.00;119
10433;41;623501469;10433;344;11493;11608;6.40;0.39;287.08;10.07;1060;42;3967.00;115
10437;41;623501487;10437;344;11498;11609;6.39;0.39;287.08;10.07;1061;42;3968.00;111
10438;41;623501500;10438;343;11500;11610;6.38;0.39;287.12;10.07;1062;42;3969.00;110
10441;41;623501512;10441;345;11504;11610;6.37;0.39;287.25;10.07;1063;42;3970.00;106
10442;41;623501525;10442;343;11509;11614;6.33;0.39;287.31;10.07;1067;42;3971.00;105
10444;41;623501538;10444;351;11510;11614;6.28;0.38;287.35;10.07;1066;42;3972.00;104
10446;41;623501551;10446;358;11511;11614;6.28;0.38;287.36;10.07;1065;42;3973.00;103
10449;41;623501563;10449;356;11511;11614;6.26;0.38;287.39;10.07;1062;42;3974.00;103
10452;41;623501576;10452;358;11516;11620;6.27;0.38;287.50;10.06;1064;42;3975.00;104
10454;41;623501590;10454;362;11516;11620;6.31;0.38;287.46;10.06;1062;42;3976.00;104
10455;41;623501602;10455;368;11516;11620;6.34;0.39;287.47;10.06;1061;42;3977.00;104
10459;41;623501615;10459;367;11519;11623;6.34;0.39;287.58;10.15;1060;42;3978.00;104
10460;41;623501628;10460;371;11519;11623;6.35;0.39;287.57;10.15;1059;42;3979.00;104
10463;41;623501640;10463;379;11519;11623;6.40;0.39;287.64;10.15;1056;42;3980.00;104
10466;41;623501652;10466;375;11519;11624;6.42;0.39;287.65;10.15;1053;42;3981.00;105
10470;41;623501665;10470;373;11521;11625;6.43;0.39;287.77;10.15;1051;42;3982.00;104
10473;41;623501677;10473;367;11521;11625;6.44;0.39;287.76;10.15;1048;42;3983.00;104
10475;41;623501690;10475;366;11531;11638;6.47;0.39;287.74;10.14;1056;42;3984.00;107
10477;41;623501703;10477;364;11531;11638;6.49;0.40;287.71;10.14;1054;42;3985.00;107
10478;41;623501716;10478;366;11531;11638;6.52;0.40;287.71;10.14;1053;42;3986.00;107
10479;41;623501728;10479;373;11532;11639;6.54;0.40;287.70;10.14;1053;42;3987.00;107
10481;41;623501740;10481;369;11533;11639;6.55;0.40;287.72;10.24;1052;42;3988.00;106
10484;41;623501752;10484;367;11537;11643;6.62;0.40;287.72;10.24;1053;42;3989.00;106
10484;41;623501767;10484;366;11538;11643;6.65;0.41;287.72;10.24;1054;42;3990.00;105
10487;41;623501779;10487;370;11541;11647;6.67;0.41;287.75;10.23;1054;42;3991.00;106
10489;41;623501792;10489;371;11541;11647;6.67;0.41;287.72;10.23;1052;42;3992.00;106
10492;41;623501804;10492;372;11541;11647;6.71;0.41;287.74;10.23;1049;42;3993.00;106
10494;41;623501816;10494;376;11541;11647;6.73;0.41;287.71;10.23;1047;42;3994.00;106
10496;41;623501832;10496;378;11541;11647;6.69;0.41;287.68;10.23;1045;42;3995.00;106
10498;41;623501852;10498;383;11552;11659;6.73;0.41;287.67;10.32;1054;42;3996.00;107
10502;41;623501871;10502;378;11552;11659;6.71;0.41;287.65;10.32;1050;42;3997.00;107
10503;41;623501891;10503;380;11553;11659;6.74;0.41;287.63;10.32;1050;42;3998.00;106
10505;41;623501912;10505;383;11553;11659;6.81;0.41;287.64;10.32;1048;42;3999.00;106
10506;41;623501933;10506;389;11553;11659;6.78;0.41;287.62;10.32;1047;42;4000.00;106
10507;41;623501955;10507;392;11553;11659;6.80;0.41;287.62;10.32;1046;42;4001.00;106
10508;41;623501970;10508;395;11553;11660;6.74;0.41;287.60;10.32;1045;42;4002.00;107
10512;41;623501982;10512;397;11553;11660;6.71;0.41;287.63;10.32;1041;42;4003.00;107
10513;41;623501995;10513;401;11558;11666;6.68;0.41;287.65;10.32;1045;42;4004.00;108
10516;41;623502009;10516;395;11560;11668;6.61;0.40;287.66;10.31;1044;42;4005.00;108
10516;41;623502031;10516;397;11560;11668;6.58;0.40;287.66;10.31;1044;42;4006.00;108
10516;41;623502044;10516;404;11560;11668;6.54;0.40;287.66;10.31;1044;42;4007.00;108
10516;41;623502056;10516;406;11563;11672;6.55;0.40;287.66;10.31;1047;42;4008.00;109
10518;41;623502067;10518;409;11563;11672;6.42;0.39;287.66;10.31;1045;42;4009.00;109
10519;41;623502079;10519;409;11563;11672;6.36;0.39;287.66;10.31;1044;42;4010.00;109
10525;41;623502091;10525;410;11564;11673;6.28;0.38;287.66;10.31;1039;42;4011.00;109
10526;41;623502103;10526;405;11567;11677;6.18;0.38;287.66;10.31;1041;42;4012.00;110
10528;41;623502115;10528;405;11567;11677;6.20;0.38;287.63;10.31;1039;42;4013.00;110
10531;41;623502128;10531;398;11570;11680;6.21;0.38;287.61;10.32;1039;42;4014.00;110
10533;41;623502147;10533;394;11572;11680;6.18;0.38;287.61;10.41;1039;42;4015.00;108
10534;41;623502160;10534;389;11573;11680;6.19;0.38;287.59;10.42;1039;42;4016.00;107
10537;41;623502171;10537;387;11573;11680;6.22;0.38;287.60;10.42;1036;42;4017.00;107
10542;41;623502183;10542;384;11577;11684;6.23;0.38;287.55;10.42;1035;42;4018.00;107
10545;41;623502195;10545;377;11577;11684;6.27;0.38;287.52;10.42;1032;42;4019.00;107
10548;41;623502209;10548;363;11577;11684;6.32;0.39;287.55;10.42;1029;42;4020.00;107
10548;41;623502220;10548;351;11577;11684;6.35;0.39;287.55;10.42;1029;42;4021.00;107
10550;41;623502232;10550;345;11577;11685;6.43;0.39;287.53;10.42;1027;42;4022.00;108
10553;41;623502244;10553;333;11578;11686;6.52;0.40;287.54;10.42;1025;42;4023.00;108
10556;41;623502266;10556;333;11578;11686;6.56;0.40;287.52;10.42;1022;42;4024.00;108
10560;41;623502278;10560;331;11579;11687;6.66;0.40;287.57;10.42;1019;42;4025.00;108
10562;41;623502291;10562;328;11579;11687;6.73;0.41;287.52;10.42;1017;42;4026.00;108
10565;41;623502303;10565;325;11579;11687;6.81;0.41;287.51;10.42;1014;42;4027.00;108
10565;41;623502315;10565;325;11579;11687;6.87;0.42;287.51;10.42;1014;42;4028.00;108
10567;41;623502327;10567;323;11579;11687;6.94;0.42;287.51;10.42;1012;42;4029.00;108
10569;41;623502345;10569;318;11579;11687;6.98;0.42;287.50;10.42;1010;42;4030.00;108
10569;41;623502357;10569;318;11579;11687;7.01;0.43;287.50;10.42;1010;42;4031.00;108
10572;41;623502369;10572;325;11646;11814;7.23;0.45;287.53;10.36;1074;42;4032.00;168
10574;41;623502392;10574;323;11650;11815;7.23;0.44;287.55;10.35;1076;42;4033.00;165
10576;41;623502405;10576;315;11658;11815;7.31;0.45;287.55;10.35;1082;42;4034.00;157
10576;41;623502417;10576;312;11661;11815;7.26;0.45;287.55;10.36;1085;42;4035.00;154
10576;41;623502437;10576;311;11667;11815;7.26;0.45;287.55;10.35;1091;42;4036.00;148
10577;41;623502449;10577;311;11670;11815;7.22;0.44;287.56;10.35;1093;42;4037.00;145
10579;41;623502462;10579;313;11673;11815;7.20;0.44;287.57;10.35;1094;42;4038.00;142
10583;41;623502476;10583;322;11677;11815;7.12;0.44;287.55;10.36;1094;42;4039.00;138
10587;42;623502488;10587;323;11681;11816;7.05;0.43;287.52;10.37;1094;43;4040.00;135
10591;42;623502510;10591;327;11685;11817;6.99;0.43;287.55;10.37;1094;43;4041.00;132
10592;42;623502524;10592;335;11688;11817;6.95;0.43;287.55;10.38;1096;43;4042.00;129
10596;42;623502537;10596;339;11690;11818;6.90;0.42;287.54;10.39;1094;43;4043.00;128
10598;42;623502550;10598;337;11694;11818;6.82;0.42;287.56;10.39;1096;43;4044.00;124
10599;42;623502563;10599;345;11696;11818;6.78;0.41;287.55;10.39;1097;43;4045.00;122
10603;42;623502582;10603;355;11700;11818;6.68;0.41;287.64;10.41;1097;43;4046.00;118
10605;42;623502595;10605;365;11704;11822;6.69;0.41;287.64;10.41;1099;43;4047.00;118
10609;42;623502608;10609;368;11707;11822;6.59;0.40;287.72;10.43;1098;43;4048.00;115
10611;42;623502621;10611;380;11710;11822;6.54;0.40;287.74;10.44;1099;43;4049.00;112
10615;42;623502634;10615;386;11715;11828;6.46;0.39;287.85;10.45;1100;43;4050.00;113
10617;42;623502648;10617;392;11715;11828;6.40;0.39;287.89;10.45;1098;43;4051.00;113
10619;42;623502660;10619;398;11720;11828;6.33;0.39;287.92;10.46;1101;43;4052.00;108
10621;42;623502672;10621;397;11723;11832;6.25;0.38;287.98;10.46;1102;43;4053.00;109
10626;42;623502684;10626;396;11726;11833;6.23;0.38;288.06;10.48;1100;43;4054.00;107
10628;42;623502697;10628;400;11728;11833;6.18;0.38;288.09;10.48;1100;43;4055.00;105
10630;42;623502709;10630;407;11733;11837;6.17;0.38;288.08;10.49;1103;43;4056.00;104
10631;42;623502722;10631;416;11735;11837;6.10;0.37;288.10;10.50;1104;43;4057.00;102
10632;42;623502739;10632;421;11735;11837;6.01;0.37;288.09;10.50;1103;43;4058.00;102
10633;43;623502751;10633;420;11736;11838;5.98;0.37;288.07;10.50;1103;44;4059.00;102
10634;43;623502782;10634;425;11738;11838;5.91;0.36;288.09;10.52;1104;44;4060.00;100
10635;43;623502794;10635;425;11743;11844;5.94;0.36;288.10;10.52;1108;44;4061.00;101
10638;43;623502807;10638;425;11745;11844;5.83;0.36;288.13;10.53;1107;44;4062.00;99
10640;43;623502820;10640;423;11745;11845;5.77;0.35;288.15;10.53;1105;44;4063.00;100
10640;43;623502834;10640;423;11745;11845;5.77;0.35;288.15;10.53;1105;44;4064.00;100
10643;43;623502847;10643;419;11747;11845;5.73;0.35;288.17;10.54;1104;44;4065.00;98
10645;43;623502865;10645;423;11747;11845;5.68;0.35;288.19;10.54;1102;44;4066.00;98
10647;43;623502878;10647;424;11749;11845;5.68;0.35;288.28;10.56;1102;44;4067.00;96
10648;43;623502890;10648;423;11760;11857;5.76;0.35;288.33;10.55;1112;44;4068.00;97
10652;43;623502902;10652;426;11761;11857;5.72;0.35;288.41;10.55;1109;44;4069.00;96
10652;43;623502914;10652;418;11762;11857;5.72;0.35;288.41;10.56;1110;44;4070.00;95
10657;43;623502925;10657;420;11763;11857;5.64;0.35;288.42;10.56;1106;44;4071.00;94
10660;43;623502937;10660;419;11764;11857;5.53;0.34;288.46;10.56;1104;44;4072.00;93
10663;43;623502948;10663;419;11764;11857;5.46;0.33;288.46;10.56;1101;44;4073.00;93
10668;43;623502959;10668;418;11769;11861;5.35;0.33;288.55;10.57;1101;44;4074.00;92
10671;43;623502971;10671;421;11769;11861;5.32;0.33;288.64;10.57;1098;44;4075.00;92
10678;43;623502982;10678;419;11773;11865;5.32;0.32;288.67;10.57;1095;44;4076.00;92
10681;43;623502994;10681;420;11776;11866;5.21;0.32;288.76;10.58;1095;44;4077.00;90
10687;43;623503006;10687;423;11776;11866;5.11;0.31;288.84;10.58;1089;44;4078.00;90
10691;43;623503018;10691;427;11778;11866;5.05;0.31;288.81;10.58;1087;44;4079.00;88
10692;43;623503030;10692;432;11800;11895;5.06;0.31;288.79;10.56;1108;44;4080.00;95
10696;43;623503043;10696;427;11803;11895;5.08;0.31;288.83;10.57;1107;44;4081.00;92
10698;43;623503054;10698;425;11805;11895;5.12;0.31;288.86;10.57;1107;44;4082.00;90
10699;43;623503065;10699;418;11808;11896;5.20;0.32;288.88;10.57;1109;44;4083.00;88
10703;43;623503076;10703;417;11808;11897;5.30;0.33;288.88;10.57;1105;44;4084.00;89
10707;43;623503087;10707;414;11808;11897;5.33;0.33;289.02;10.57;1101;44;4085.00;89
10710;43;623503105;10710;411;11813;11900;5.36;0.33;289.06;10.58;1103;44;4086.00;87
10712;43;623503116;10712;408;11813;11900;5.45;0.34;289.08;10.58;1101;44;4087.00;87
10717;43;623503128;10717;404;11815;11900;5.48;0.34;289.08;10.58;1098;44;4088.00;85
10722;43;623503140;10722;405;11815;11900;5.49;0.34;289.12;10.58;1093;44;4089.00;85
10724;43;623503151;10724;402;11820;11906;5.55;0.34;289.13;10.58;1096;44;4090.00;86
10727;43;623503164;10727;391;11820;11906;5.61;0.34;289.15;10.58;1093;44;4091.00;86
10731;43;623503176;10731;386;11820;11906;5.63;0.35;289.25;10.58;1089;44;4092.00;86
10736;43;623503193;10736;382;11820;11906;5.67;0.35;289.27;10.58;1084;44;4093.00;86
10741;43;623503205;10741;378;11823;11910;5.71;0.35;289.33;10.57;1082;44;4094.00;87
10749;43;623503217;10749;380;11825;11912;5.76;0.35;289.33;10.57;1076;44;4095.00;87
10752;43;623503230;10752;374;11825;11912;5.83;0.36;289.40;10.57;1073;44;4096.00;87
10761;43;623503241;10761;369;11826;11913;5.83;0.36;289.40;10.57;1065;44;4097.00;87
10763;43;623503254;10763;367;11826;11913;5.87;0.36;289.43;10.57;1063;44;4098.00;87
10769;43;623503265;10769;367;11826;11913;5.82;0.36;289.48;10.57;1057;44;4099.00;87
10774;43;623503278;10774;365;11826;11913;5.80;0.35;289.51;10.57;1052;44;4100.00;87
10777;43;623503294;10777;369;11826;11913;5.76;0.35;289.56;10.57;1049;44;4101.00;87
10781;43;623503305;10781;366;11826;11913;5.69;0.35;289.66;10.57;1045;44;4102.00;87
10784;43;623503317;10784;367;11826;11913;5.69;0.35;289.68;10.57;1042;44;4103.00;87
10788;43;623503328;10788;370;11862;11983;5.73;0.35;289.76;10.54;1074;44;4104.00;121
10792;43;623503345;10792;366;11863;11984;5.73;0.35;289.77;10.54;1071;44;4105.00;121
10797;43;623503357;10797;364;11869;11984;5.74;0.35;289.88;10.53;1072;44;4106.00;115
10802;43;623503369;10802;365;11871;11984;5.72;0.35;289.93;10.53;1069;44;4107.00;113
10805;43;623503380;10805;373;11874;11984;5.74;0.35;289.93;10.53;1069;44;4108.00;110
10808;43;623503393;10808;366;11876;11984;5.72;0.35;289.98;10.53;1068;44;4109.00;108
10811;43;623503407;10811;378;11879;11984;5.69;0.35;290.02;10.53;1068;44;4110.00;105
10813;43;623503419;10813;377;11882;11984;5.70;0.35;290.00;10.53;1069;44;4111.00;102
10817;43;623503430;10817;385;11886;11985;5.64;0.34;290.04;10.53;1069;44;4112.00;99
10820;43;623503443;10820;389;11888;11986;5.61;0.34;290.11;10.53;1068;44;4113.00;98
10823;43;623503454;10823;384;11888;11986;5.60;0.34;290.09;10.53;1065;44;4114.00;98
10828;43;623503467;10828;382;11891;11990;5.55;0.34;290.07;10.53;1063;44;4115.00;99
10835;43;623503479;10835;388;11893;11990;5.55;0.34;290.13;10.52;1058;44;4116.00;97
10840;43;623503491;10840;397;11893;11990;5.55;0.34;290.18;10.52;1053;44;4117.00;97
10844;43;623503503;10844;399;11893;11990;5.57;0.34;290.15;10.52;1049;44;4118.00;97
10847;43;623503515;10847;399;11898;11996;5.59;0.34;290.16;10.52;1051;44;4119.00;98
10850;43;623503527;10850;402;11898;11996;5.59;0.34;290.16;10.52;1048;44;4120.00;98
10853;43;623503539;10853;399;11898;11996;5.58;0.34;290.14;10.52;1045;44;4121.00;98
10858;43;623503551;10858;406;11901;11999;5.56;0.34;290.16;10.52;1043;44;4122.00;98
10860;43;623503563;10860;402;11902;11999;5.58;0.34;290.18;10.52;1042;44;4123.00;97
10862;43;623503574;10862;404;11903;11999;5.62;0.34;290.17;10.52;1041;44;4124.00;96
10866;43;623503585;10866;405;11904;12000;5.59;0.34;290.15;10.52;1038;44;4125.00;96
10867;43;623503597;10867;398;11905;12001;5.60;0.34;290.14;10.52;1038;44;4126.00;96
10868;43;623503608;10868;394;11905;12001;5.64;0.34;290.20;10.52;1037;44;4127.00;96
10875;43;623503619;10875;391;11917;12014;5.65;0.34;290.21;10.61;1042;44;4128.00;97
10875;43;623503633;10875;378;11918;12014;5.66;0.34;290.21;10.61;1043;44;4129.00;96
10882;43;623503645;10882;378;11918;12014;5.69;0.34;290.27;10.61;1036;44;4130.00;96
10884;43;623503657;10884;377;11919;12015;5.75;0.35;290.31;10.61;1035;44;4131.00;96
10887;43;623503669;10887;383;11919;12015;5.74;0.35;290.38;10.61;1032;44;4132.00;96
10890;43;623503681;10890;382;11923;12019;5.80;0.35;290.43;10.61;1033;44;4133.00;96
10891;43;623503694;10891;384;11923;12019;5.80;0.35;290.43;10.61;1032;44;4134.00;96
10893;43;623503705;10893;382;11926;12023;5.80;0.35;290.40;10.61;1033;44;4135.00;97
10895;43;623503718;10895;371;11926;12023;5.80;0.35;290.44;10.61;1031;44;4136.00;97
10896;43;623503729;10896;365;11926;12023;5.81;0.35;290.50;10.61;1030;44;4137.00;97
10898;43;623503741;10898;359;11926;12023;5.84;0.36;290.53;10.61;1028;44;4138.00;97
10900;43;623503753;10900;351;11926;12023;5.87;0.36;290.52;10.61;1026;44;4139.00;97
10904;43;623503772;10904;350;11952;12057;5.90;0.36;290.58;10.58;1048;44;4140.00;105
10905;43;623503788;10905;347;11952;12057;5.95;0.36;290.59;10.58;1047;44;4141.00;105
10906;43;623503800;10906;345;11954;12057;6.00;0.37;290.60;10.58;1048;44;4142.00;103
10908;43;623503812;10908;344;11954;12057;6.02;0.37;290.58;10.58;1046;44;4143.00;103
10908;43;623503824;10908;341;11955;12057;6.07;0.37;290.58;10.58;1047;44;4144.00;102
10910;43;623503844;10910;345;11955;12057;6.08;0.37;290.57;10.58;1045;44;4145.00;102
10911;43;623503863;10911;348;11955;12058;6.07;0.37;290.55;10.58;1044;44;4146.00;103
10913;43;623503882;10913;345;11955;12058;6.10;0.37;290.55;10.58;1042;44;4147.00;103
10913;43;623503900;10913;351;11960;12064;6.11;0.37;290.55;10.58;1047;44;4148.00;104
10913;43;623503918;10913;347;11961;12065;6.13;0.37;290.55;10.58;1048;44;4149.00;104
10916;43;623503934;10916;344;11962;12065;6.08;0.37;290.55;10.68;1046;44;4150.00;103
10918;43;623503949;10918;347;11962;12065;6.03;0.37;290.53;10.68;1044;44;4151.00;103
10920;43;623503963;10920;343;11965;12069;5.99;0.37;290.56;10.67;1045;44;4152.00;104
10924;43;623503977;10924;344;11965;12069;5.94;0.36;290.57;10.67;1041;44;4153.00;104
10926;43;623503990;10926;345;11965;12069;5.94;0.36;290.56;10.67;1039;44;4154.00;104
10929;43;623504003;10929;350;11966;12070;5.96;0.36;290.59;10.67;1037;44;4155.00;104
10929;43;623504016;10929;352;11969;12074;6.02;0.37;290.59;10.67;1040;44;4156.00;105
10929;43;623504029;10929;351;11969;12074;6.08;0.37;290.59;10.67;1040;44;4157.00;105
10930;43;623504041;10930;343;11971;12077;6.16;0.38;290.59;10.67;1041;44;4158.00;106
10930;43;623504055;10930;345;11971;12077;6.20;0.38;290.59;10.67;1041;44;4159.00;106
10932;43;623504067;10932;339;11972;12077;6.20;0.38;290.58;10.67;1040;44;4160.00;105
10935;43;623504078;10935;338;11972;12077;6.22;0.38;290.58;10.67;1037;44;4161.00;105
10937;43;623504090;10937;335;11976;12081;6.25;0.38;290.62;10.67;1039;44;4162.00;105
10940;43;623504104;10940;335;11976;12081;6.26;0.38;290.58;10.67;1036;44;4163.00;105
10940;43;623504117;10940;329;11976;12081;6.29;0.38;290.58;10.67;1036;44;4164.00;105
10941;43;623504129;10941;327;11977;12081;6.30;0.39;290.55;10.76;1036;44;4165.00;104
10944;43;623504140;10944;326;11977;12082;6.29;0.38;290.58;10.76;1033;44;4166.00;105
10946;43;623504152;10946;330;11978;12083;6.29;0.38;290.61;10.76;1032;44;4167.00;105
10948;43;623504164;10948;326;11978;12083;6.30;0.38;290.60;10.76;1030;44;4168.00;105
10949;43;623504176;10949;329;11979;12084;6.35;0.39;290.60;10.76;1030;44;4169.00;105
10950;43;623504189;10950;330;11979;12084;6.30;0.38;290.62;10.76;1029;44;4170.00;105
10951;43;623504201;10951;315;11979;12084;6.33;0.38;290.62;10.76;1028;44;4171.00;105
10952;43;623504214;10952;304;11979;12084;6.42;0.39;290.66;10.76;1027;44;4172.00;105
10953;43;623504227;10953;301;11981;12086;6.45;0.39;290.66;10.76;1028;44;4173.00;105
10956;43;623504240;10956;288;11981;12086;6.49;0.39;290.67;10.76;1025;44;4174.00;105
10959;43;623504253;10959;283;11981;12086;6.54;0.40;290.71;10.76;1022;44;4175.00;105
10960;43;623504266;10960;306;12049;12213;6.68;0.41;290.70;10.70;1089;44;4176.00;164
10962;43;623504289;10962;294;12050;12214;6.71;0.41;290.70;10.69;1088;44;4177.00;164
10964;43;623504302;10964;283;12056;12214;6.77;0.42;290.68;10.69;1092;44;4178.00;158
10967;43;623504315;10967;277;12058;12214;6.88;0.42;290.72;10.69;1091;44;4179.00;156
10970;43;623504328;10970;273;12061;12214;6.89;0.42;290.71;10.69;1091;44;4180.00;153
10971;43;623504348;10971;284;12064;12214;6.87;0.42;290.70;10.69;1093;44;4181.00;150
10974;43;623504361;10974;275;12066;12214;6.87;0.42;290.70;10.69;1092;44;4182.00;148
10975;43;623504375;10975;271;12072;12214;6.87;0.42;290.72;10.68;1097;44;4183.00;142
10978;43;623504387;10978;267;12075;12215;6.92;0.42;290.71;10.68;1097;44;4184.00;140
10980;43;623504401;10980;271;12079;12217;6.94;0.42;290.73;10.70;1099;44;4185.00;138
10982;43;623504415;10982;270;12081;12217;7.04;0.43;290.73;10.70;1099;44;4186.00;136
10983;43;623504429;10983;272;12083;12218;7.08;0.43;290.72;10.70;1100;44;4187.00;135
10985;43;623504442;10985;269;12086;12218;7.09;0.43;290.71;10.70;1101;44;4188.00;132
10986;43;623504454;10986;260;12088;12218;7.10;0.43;290.70;10.70;1102;44;4189.00;130
10986;43;623504468;10986;259;12089;12218;7.07;0.43;290.70;10.70;1103;44;4190.00;129
10987;43;623504481;10987;252;12093;12222;7.11;0.44;290.69;10.70;1106;44;4191.00;129
10989;43;623504494;10989;263;12094;12222;7.08;0.43;290.67;10.70;1105;44;4192.00;128
10994;43;623504507;10994;256;12096;12222;7.07;0.43;290.64;10.70;1102;44;4193.00;126
10998;43;623504520;10998;266;12098;12225;7.05;0.43;290.66;10.70;1100;44;4194.00;127
11000;43;623504534;11000;269;12099;12225;7.05;0.43;290.63;10.70;1099;44;4195.00;126
11005;43;623504547;11005;278;12100;12225;6.99;0.42;290.67;10.70;1095;44;4196.00;125
11006;43;623504560;11006;277;12104;12229;7.01;0.43;290.68;10.70;1098;44;4197.00;125
11010;43;623504573;11010;279;12106;12230;7.05;0.43;290.73;10.70;1096;44;4198.00;124
11014;43;623504586;11014;284;12107;12230;7.05;0.43;290.77;10.70;1093;44;4199.00;123
11018;43;623504602;11018;291;12118;12264;7.05;0.43;290.80;10.69;1100;44;4200.00;146
11022;43;623504622;11022;291;12120;12264;7.08;0.43;290.76;10.69;1098;44;4201.00;144
11024;43;623504635;11024;293;12122;12264;7.09;0.43;290.83;10.69;1098;44;4202.00;142
11027;43;623504649;11027;290;12127;12265;7.09;0.43;290.86;10.69;1100;44;4203.00;138
11031;43;623504662;11031;293;12127;12265;7.04;0.43;290.96;10.69;1096;44;4204.00;138
11032;43;623504676;11032;302;12130;12271;7.03;0.43;290.96;10.69;1098;44;4205.00;141
11035;43;623504689;11035;305;12134;12271;6.97;0.42;290.95;10.69;1099;44;4206.00;137
11036;43;623504702;11036;305;12135;12272;6.92;0.42;291.00;10.69;1099;44;4207.00;137
11038;43;623504716;11038;306;12135;12272;6.87;0.42;290.99;10.69;1097;44;4208.00;137
11040;43;623504729;11040;309;12136;12272;6.78;0.41;291.03;10.69;1096;44;4209.00;136
11041;43;623504743;11041;314;12139;12272;6.73;0.41;291.01;10.71;1098;44;4210.00;133
11043;43;623504760;11043;327;12140;12272;6.72;0.41;291.03;10.71;1097;44;4211.00;132
11045;43;623504774;11045;332;12149;12284;6.76;0.41;291.10;10.72;1104;44;4212.00;135
11048;43;623504789;11048;342;12151;12284;6.75;0.41;291.15;10.72;1103;44;4213.00;133
11051;43;623504810;11051;348;12155;12284;6.78;0.41;291.20;10.72;1104;44;4214.00;129
11053;43;623504828;11053;361;12155;12284;6.77;0.41;291.25;10.72;1102;44;4215.00;129
11055;43;623504845;11055;357;12159;12284;6.73;0.41;291.26;10.75;1104;44;4216.00;125
11057;43;623504859;11057;362;12159;12284;6.69;0.41;291.28;10.75;1102;44;4217.00;125
11057;43;623504872;11057;367;12163;12288;6.69;0.41;291.28;10.75;1106;44;4218.00;125
11058;43;623504884;11058;378;12166;12288;6.65;0.41;291.33;10.77;1108;44;4219.00;122
11062;43;623504897;11062;382;12170;12292;6.59;0.40;291.37;10.78;1108;44;4220.00;122
11063;43;623504910;11063;384;12172;12293;6.58;0.40;291.34;10.78;1109;44;4221.00;121
11069;43;623504922;11069;382;12174;12293;6.51;0.40;291.44;10.79;1105;44;4222.00;119
11073;43;623504936;11073;386;12175;12293;6.45;0.39;291.42;10.80;1102;44;4223.00;118
11075;43;623504948;11075;389;12190;12306;6.41;0.39;291.46;10.81;1115;44;4224.00;116
11080;43;623504961;11080;396;12190;12306;6.31;0.38;291.46;10.81;1110;44;4225.00;116
11082;43;623504975;11082;405;12192;12306;6.27;0.38;291.48;10.82;1110;44;4226.00;114
11083;43;623504986;11083;406;12193;12307;6.23;0.38;291.52;10.82;1110;44;4227.00;114
11084;43;623504998;11084;406;12193;12308;6.13;0.37;291.55;10.82;1109;44;4228.00;115
11088;43;623505010;11088;405;12193;12308;6.08;0.37;291.70;10.82;1105;44;4229.00;115
11089;43;623505024;11089;406;12201;12314;6.06;0.37;291.71;10.83;1112;44;4230.00;113
11093;43;623505037;11093;397;12203;12314;6.03;0.37;291.77;10.84;1110;44;4231.00;111
11094;43;623505049;11094;397;12206;12314;5.95;0.36;291.81;10.85;1112;44;4232.00;108
11096;43;623505061;11096;397;12206;12314;5.90;0.36;291.85;10.85;1110;44;4233.00;108
11098;43;623505072;11098;400;12211;12320;5.89;0.36;291.89;10.85;1113;44;4234.00;109
11100;43;623505085;11100;398;12214;12320;5.89;0.36;292.01;10.86;1114;44;4235.00;106
11101;43;623505097;11101;400;12214;12320;5.92;0.36;292.01;10.86;1113;44;4236.00;106
11105;43;623505109;11105;399;12216;12320;5.89;0.36;292.09;10.87;1111;44;4237.00;104
11110;43;623505120;11110;400;12219;12324;5.88;0.36;292.17;10.87;1109;44;4238.00;105
11112;43;623505133;11112;403;12220;12325;5.89;0.36;292.24;10.87;1108;44;4239.00;105
11116;43;623505145;11116;402;12222;12325;5.89;0.36;292.23;10.88;1106;44;4240.00;103
11119;43;623505157;11119;403;12225;12326;5.87;0.36;292.31;10.88;1106;44;4241.00;101
11122;43;623505168;11122;397;12227;12326;5.85;0.36;292.34;10.89;1105;44;4242.00;99
11124;43;623505180;11124;400;12228;12326;5.82;0.36;292.36;10.90;1104;44;4243.00;98
11131;43;623505191;11131;406;12228;12326;5.76;0.35;292.39;10.90;1097;44;4244.00;98
11135;43;623505202;11135;403;12228;12326;5.66;0.35;292.45;10.90;1093;44;4245.00;98
11138;43;623505213;11138;404;12230;12326;5.55;0.34;292.43;10.90;1092;44;4246.00;96
11143;43;623505225;11143;410;12231;12326;5.41;0.33;292.51;10.91;1088;44;4247.00;95
11148;43;623505236;11148;411;12273;12396;5.34;0.33;292.58;10.87;1125;44;4248.00;123
11152;43;623505253;11152;410;12277;12397;5.24;0.32;292.59;10.87;1125;44;4249.00;120
11156;43;623505265;11156;397;12280;12397;5.14;0.32;292.63;10.87;1124;44;4250.00;117
11160;43;623505276;11160;396;12280;12397;5.10;0.31;292.64;10.87;1120;44;4251.00;117
11164;43;623505287;11164;395;12281;12397;5.09;0.31;292.72;10.87;1117;44;4252.00;116
11169;43;623505298;11169;393;12286;12397;5.04;0.31;292.72;10.88;1117;44;4253.00;111
11174;43;623505309;11174;392;12290;12397;5.05;0.31;292.78;10.88;1116;44;4254.00;107
11178;43;623505321;11178;393;12294;12397;5.04;0.31;292.80;10.89;1116;44;4255.00;103
11181;43;623505332;11181;400;12296;12398;5.04;0.31;292.80;10.88;1115;44;4256.00;102
11184;43;623505344;11184;392;12298;12399;5.09;0.31;292.79;10.88;1114;44;4257.00;101
11187;43;623505355;11187;390;12300;12399;5.11;0.31;292.82;10.88;1113;44;4258.00;99
11189;43;623505367;11189;387;12305;12403;5.15;0.32;292.82;10.88;1116;44;4259.00;98
11191;43;623505381;11191;388;12305;12403;5.14;0.32;292.87;10.88;1114;44;4260.00;98
11197;43;623505393;11197;385;12308;12403;5.09;0.31;292.89;10.88;1111;44;4261.00;95
11199;43;623505405;11199;389;12308;12403;5.11;0.31;292.88;10.88;1109;44;4262.00;95
11199;43;623505417;11199;384;12313;12409;5.17;0.32;292.88;10.88;1114;44;4263.00;96
11201;43;623505429;11201;391;12313;12409;5.15;0.32;292.91;10.88;1112;44;4264.00;96
11206;43;623505440;11206;382;12313;12409;5.11;0.31;292.96;10.88;1107;44;4265.00;96
11209;43;623505452;11209;387;12316;12412;5.14;0.31;293.03;10.88;1107;44;4266.00;96
11215;43;623505464;11215;386;12317;12412;5.14;0.31;293.03;10.88;1102;44;4267.00;95
11218;43;623505476;11218;385;12318;12412;5.20;0.32;293.04;10.88;1100;44;4268.00;94
11220;43;623505488;11220;387;12319;12413;5.29;0.32;293.03;10.88;1099;44;4269.00;94
11222;43;623505500;11222;385;12320;12414;5.38;0.33;293.07;10.88;1098;44;4270.00;94
11227;43;623505513;11227;387;12321;12414;5.38;0.33;293.10;10.88;1094;44;4271.00;93
11232;43;623505525;11232;390;12331;12427;5.45;0.33;293.15;10.87;1099;44;4272.00;96
11236;43;623505538;11236;388;12331;12427;5.49;0.33;293.16;10.87;1095;44;4273.00;96
11240;43;623505549;11240;395;12332;12427;5.52;0.34;293.22;10.87;1092;44;4274.00;95
11247;43;623505562;11247;391;12334;12429;5.51;0.34;293.22;10.87;1087;44;4275.00;95
11250;43;623505574;11250;396;12334;12429;5.46;0.33;293.28;10.87;1084;44;4276.00;95
11252;43;623505586;11252;397;12338;12433;5.42;0.33;293.29;10.86;1086;44;4277.00;95
11257;43;623505599;11257;402;12338;12433;5.32;0.32;293.40;10.86;1081;44;4278.00;95
11260;43;623505611;11260;399;12341;12437;5.25;0.32;293.38;10.86;1081;44;4279.00;96
11264;43;623505623;11264;401;12341;12437;5.22;0.32;293.46;10.86;1077;44;4280.00;96
11268;43;623505634;11268;399;12341;12437;5.15;0.31;293.55;10.86;1073;44;4281.00;96
11271;43;623505647;11271;402;12341;12437;5.08;0.31;293.62;10.86;1070;44;4282.00;96
11275;43;623505658;11275;408;12341;12437;4.96;0.30;293.65;10.86;1066;44;4283.00;96
11279;43;623505670;11279;410;12351;12449;4.98;0.30;293.64;10.85;1072;44;4284.00;98
11281;43;623505682;11281;409;12352;12449;4.94;0.30;293.70;10.95;1071;44;4285.00;97
11285;43;623505694;11285;412;12353;12449;4.95;0.30;293.71;10.95;1068;44;4286.00;96
11288;43;623505705;11288;418;12353;12449;4.94;0.30;293.72;10.95;1065;44;4287.00;96
11289;43;623505716;11289;431;12353;12449;4.93;0.30;293.70;10.95;1064;44;4288.00;96
11292;43;623505727;11292;434;12353;12449;4.92;0.30;293.68;10.95;1061;44;4289.00;96
11295;43;623505740;11295;440;12353;12450;4.93;0.30;293.69;10.95;1058;44;4290.00;97
11300;43;623505751;11300;440;12353;12450;4.89;0.30;293.65;10.95;1053;44;4291.00;97
11301;43;623505762;11301;445;12358;12456;4.92;0.30;293.66;10.95;1057;44;4292.00;98
11304;43;623505773;11304;454;12359;12457;4.89;0.30;293.62;10.95;1055;44;4293.00;98
11305;43;623505785;11305;458;12359;12457;4.83;0.30;293.63;10.95;1054;44;4294.00;98
11307;43;623505796;11307;458;12359;12457;4.79;0.29;293.64;10.95;1052;44;4295.00;98
11310;43;623505807;11310;473;12362;12461;4.71;0.29;293.62;10.94;1052;44;4296.00;99
11313;43;623505818;11313;462;12362;12461;4.67;0.29;293.58;10.94;1049;44;4297.00;99
11316;43;623505834;11316;460;12362;12461;4.63;0.28;293.61;10.94;1046;44;4298.00;99
11317;43;623505856;11317;464;12363;12462;4.63;0.28;293.63;10.94;1046;44;4299.00;99
11321;43;623505875;11321;465;12366;12466;4.66;0.29;293.60;10.94;1045;44;4300.00;100
11325;43;623505900;11325;470;12366;12466;4.62;0.28;293.66;10.94;1041;44;4301.00;100
11326;43;623505918;11326;478;12369;12469;4.66;0.29;293.64;11.04;1043;44;4302.00;100
11328;43;623505935;11328;480;12369;12469;4.68;0.29;293.61;11.04;1041;44;4303.00;100
11330;43;623505951;11330;483;12370;12469;4.70;0.29;293.60;11.04;1040;44;4304.00;99
11331;43;623505965;11331;485;12370;12469;4.72;0.29;293.58;11.04;1039;44;4305.00;99
11332;43;623505978;11332;469;12374;12473;4.83;0.30;293.56;11.03;1042;44;4306.00;99
11337;43;623505991;11337;452;12374;12473;4.87;0.30;293.50;11.03;1037;44;4307.00;99
11338;43;623506003;11338;437;12374;12473;4.90;0.30;293.50;11.03;1036;44;4308.00;99
11339;43;623506015;11339;426;12374;12473;4.95;0.30;293.49;11.03;1035;44;4309.00;99
11341;43;623506028;11341;418;12374;12474;5.01;0.31;293.51;11.03;1033;44;4310.00;100
11343;43;623506040;11343;417;12375;12475;5.07;0.31;293.53;11.03;1032;44;4311.00;100
11345;43;623506052;11345;415;12375;12475;5.12;0.31;293.54;11.03;1030;44;4312.00;100
11347;43;623506065;11347;408;12376;12476;5.21;0.32;293.52;11.03;1029;44;4313.00;100
11350;43;623506077;11350;413;12377;12476;5.23;0.32;293.56;11.13;1027;44;4314.00;99
11350;43;623506088;11350;410;12377;12476;5.32;0.32;293.56;11.13;1027;44;4315.00;99
11350;43;623506101;11350;406;12377;12476;5.44;0.33;293.56;11.13;1027;44;4316.00;99
11350;43;623506112;11350;401;12377;12476;5.55;0.34;293.56;11.13;1027;44;4317.00;99
11351;43;623506123;11351;399;12377;12476;5.63;0.34;293.59;11.13;1026;44;4318.00;99
11352;43;623506135;11352;393;12377;12476;5.67;0.35;293.59;11.13;1025;44;4319.00;99
11355;43;623506148;11355;438;12491;12706;5.99;0.38;293.70;11.03;1136;44;4320.00;215
11355;43;623506179;11355;424;12495;12707;6.04;0.38;293.70;11.03;1140;44;4321.00;212
11355;43;623506192;11355;407;12506;12707;6.13;0.38;293.70;11.02;1151;44;4322.00;201
11359;43;623506204;11359;390;12510;12707;6.11;0.38;293.68;11.02;1151;44;4323.00;197
11359;43;623506218;11359;373;12518;12707;6.21;0.39;293.68;11.01;1159;44;4324.00;189
11363;43;623506232;11363;353;12522;12707;6.29;0.39;293.67;11.01;1159;44;4325.00;185
11365;43;623506246;11365;337;12529;12707;6.32;0.39;293.69;11.01;1164;44;4326.00;178
11365;43;623506261;11365;331;12535;12707;6.34;0.39;293.69;11.01;1170;44;4327.00;172
11367;43;623506281;11367;336;12540;12708;6.36;0.39;293.70;11.01;1173;44;4328.00;168
11369;43;623506295;11369;333;12544;12709;6.38;0.39;293.77;11.01;1175;44;4329.00;165
11371;43;623506309;11371;327;12548;12709;6.40;0.40;293.77;11.01;1177;44;4330.00;161
11371;43;623506323;11371;326;12549;12710;6.41;0.40;293.77;11.01;1178;44;4331.00;161
11373;44;623506337;11373;321;12553;12710;6.47;0.40;293.80;11.01;1180;45;4332.00;157
11374;44;623506363;11374;322;12553;12710;6.47;0.40;293.80;11.01;1179;45;4333.00;157
11374;44;623506377;11374;322;12555;12710;6.53;0.40;293.80;11.01;1181;45;4334.00;155
11375;44;623506397;11375;313;12558;12714;6.58;0.41;293.83;11.11;1183;45;4335.00;156
11375;44;623506412;11375;313;12559;12714;6.67;0.41;293.83;11.11;1184;45;4336.00;155
11377;44;623506426;11377;310;12560;12714;6.66;0.41;293.87;11.11;1183;45;4337.00;154
11378;44;623506448;11378;314;12563;12717;6.67;0.41;293.86;11.21;1185;45;4338.00;154
11378;44;623506468;11378;316;12564;12717;6.73;0.41;293.86;11.21;1186;45;4339.00;153
11379;44;623506484;11379;318;12564;12717;6.80;0.42;293.86;11.21;1185;45;4340.00;153
11380;44;623506504;11380;317;12568;12721;6.83;0.42;293.86;11.21;1188;45;4341.00;153
11382;44;623506519;11382;320;12569;12722;6.94;0.42;293.86;11.20;1187;45;4342.00;153
11383;44;623506534;11383;324;12569;12722;7.03;0.43;293.88;11.20;1186;45;4343.00;153
11387;44;623506548;11387;325;12572;12726;7.10;0.43;293.87;11.20;1185;45;4344.00;154
11388;44;623506564;11388;332;12573;12726;7.13;0.44;293.86;11.21;1185;45;4345.00;153
11390;44;623506579;11390;328;12574;12726;7.17;0.44;293.84;11.20;1184;45;4346.00;152
11392;44;623506594;11392;327;12575;12727;7.18;0.44;293.86;11.21;1183;45;4347.00;152
11395;44;623506610;11395;332;12575;12727;7.20;0.44;293.93;11.21;1180;45;4348.00;152
11403;44;623506625;11403;324;12579;12733;7.18;0.44;293.95;11.20;1176;45;4349.00;154
11406;44;623506643;11406;317;12580;12733;7.17;0.44;293.94;11.20;1174;45;4350.00;153
11409;44;623506659;11409;318;12580;12734;7.14;0.44;294.01;11.20;1171;45;4351.00;154
11411;44;623506673;11411;314;12580;12734;7.13;0.43;293.99;11.20;1169;45;4352.00;154
11416;44;623506687;11416;310;12583;12734;7.06;0.43;294.06;11.21;1167;45;4353.00;151
11419;44;623506701;11419;311;12586;12734;7.01;0.43;294.05;11.21;1167;45;4354.00;148
11423;44;623506716;11423;307;12588;12734;7.00;0.43;294.08;11.22;1165;45;4355.00;146
11427;44;623506732;11427;308;12599;12746;7.02;0.43;294.08;11.22;1172;45;4356.00;147
11429;44;623506748;11429;305;12600;12746;7.03;0.43;294.13;11.21;1171;45;4357.00;146
11433;44;623506764;11433;298;12600;12746;6.99;0.43;294.14;11.21;1167;45;4358.00;146
11435;44;623506778;11435;300;12601;12746;6.98;0.42;294.15;11.31;1166;45;4359.00;145
11441;44;623506793;11441;293;12601;12746;6.96;0.42;294.21;11.31;1160;45;4360.00;145
11442;44;623506807;11442;292;12601;12746;6.99;0.43;294.19;11.31;1159;45;4361.00;145
11445;44;623506822;11445;287;12604;12750;6.96;0.42;294.18;11.31;1159;45;4362.00;146
11447;44;623506847;11447;292;12604;12750;6.95;0.42;294.23;11.31;1157;45;4363.00;146
11451;44;623506861;11451;300;12607;12754;6.96;0.42;294.30;11.31;1156;45;4364.00;147
11452;44;623506876;11452;294;12609;12756;6.98;0.42;294.30;11.31;1157;45;4365.00;147
11454;44;623506890;11454;290;12609;12756;6.99;0.43;294.33;11.31;1155;45;4366.00;147
11455;44;623506904;11455;287;12610;12756;6.99;0.43;294.34;11.31;1155;45;4367.00;146
11458;44;623506918;11458;289;12621;12769;7.00;0.43;294.42;11.31;1163;45;4368.00;148
11460;44;623506932;11460;287;12621;12769;6.98;0.43;294.41;11.31;1161;45;4369.00;148
11462;44;623506946;11462;288;12624;12769;6.94;0.42;294.40;11.31;1162;45;4370.00;145
11463;44;623506960;11463;288;12625;12770;6.92;0.42;294.39;11.31;1162;45;4371.00;145
11467;44;623506974;11467;290;12626;12771;6.86;0.42;294.38;11.31;1159;45;4372.00;145
11469;44;623506988;11469;288;12627;12771;6.81;0.42;294.42;11.31;1158;45;4373.00;144
11471;44;623507002;11471;299;12630;12774;6.80;0.41;294.43;11.32;1159;45;4374.00;144
11474;44;623507016;11474;305;12630;12774;6.72;0.41;294.51;11.32;1156;45;4375.00;144
11477;44;623507029;11477;311;12633;12774;6.65;0.41;294.55;11.33;1156;45;4376.00;141
11477;44;623507046;11477;318;12634;12774;6.67;0.41;294.55;11.33;1157;45;4377.00;140
11480;44;623507059;11480;321;12640;12780;6.64;0.41;294.60;11.33;1160;45;4378.00;140
11485;44;623507073;11485;333;12642;12780;6.52;0.40;294.68;11.35;1157;45;4379.00;138
11488;44;623507088;11488;336;12644;12780;6.38;0.39;294.68;11.36;1156;45;4380.00;136
11491;44;623507102;11491;336;12644;12780;6.34;0.39;294.68;11.36;1153;45;4381.00;136
11492;44;623507115;11492;343;12650;12784;6.24;0.38;294.69;11.39;1158;45;4382.00;134
11494;44;623507128;11494;348;12652;12785;6.24;0.38;294.70;11.39;1158;45;4383.00;133
11499;44;623507142;11499;350;12654;12785;6.21;0.38;294.72;11.40;1155;45;4384.00;131
11502;44;623507155;11502;360;12657;12786;6.22;0.38;294.74;11.41;1155;45;4385.00;129
11504;44;623507168;11504;362;12659;12786;6.20;0.38;294.80;11.42;1155;45;4386.00;127
11509;44;623507181;11509;369;12661;12786;6.20;0.38;294.78;11.43;1152;45;4387.00;125
11512;44;623507194;11512;373;12662;12786;6.19;0.38;294.79;11.44;1150;45;4388.00;124
11513;44;623507207;11513;377;12663;12786;6.17;0.38;294.80;11.44;1150;45;4389.00;123
11515;44;623507220;11515;376;12664;12786;6.17;0.38;294.83;11.45;1149;45;4390.00;122
11515;44;623507233;11515;375;12666;12786;6.16;0.38;294.83;11.46;1151;45;4391.00;120
11518;44;623507246;11518;381;12703;12856;6.27;0.38;294.88;11.43;1185;45;4392.00;153
11520;44;623507265;11520;377;12705;12857;6.24;0.38;294.88;11.44;1185;45;4393.00;152
11523;44;623507278;11523;377;12714;12857;6.24;0.38;294.96;11.44;1191;45;4394.00;143
11528;44;623507291;11528;386;12717;12857;6.23;0.38;295.00;11.44;1189;45;4395.00;140
11528;44;623507305;11528;382;12721;12857;6.25;0.38;295.00;11.45;1193;45;4396.00;136
11532;44;623507317;11532;390;12724;12857;6.28;0.38;295.07;11.45;1192;45;4397.00;133
11534;44;623507342;11534;393;12729;12857;6.33;0.39;295.09;11.46;1195;45;4398.00;128
11536;44;623507355;11536;388;12732;12857;6.41;0.39;295.09;11.45;1196;45;4399.00;125
11540;44;623507370;11540;386;12736;12858;6.38;0.39;295.11;11.46;1196;45;4400.00;122
11544;44;623507388;11544;381;12738;12859;6.34;0.39;295.11;11.46;1194;45;4401.00;121
11544;44;623507401;11544;376;12740;12859;6.36;0.39;295.11;11.46;1196;45;4402.00;119
11545;44;623507415;11545;366;12743;12863;6.33;0.39;295.15;11.47;1198;45;4403.00;120
11548;44;623507428;11548;369;12743;12863;6.35;0.39;295.16;11.47;1195;45;4404.00;120
11550;44;623507442;11550;375;12743;12863;6.34;0.39;295.17;11.47;1193;45;4405.00;120
11553;44;623507455;11553;385;12744;12863;6.34;0.39;295.26;11.48;1191;45;4406.00;119
11555;44;623507469;11555;390;12750;12869;6.39;0.39;295.29;11.47;1195;45;4407.00;119
11556;44;623507484;11556;391;12751;12869;6.37;0.39;295.30;11.48;1195;45;4408.00;118
11559;44;623507497;11559;396;12751;12869;6.33;0.39;295.31;11.48;1192;45;4409.00;118
11564;44;623507512;11564;397;12755;12875;6.34;0.39;295.38;11.47;1191;45;4410.00;120
11566;44;623507527;11566;399;12758;12875;6.30;0.38;295.40;11.49;1192;45;4411.00;117
11568;44;623507540;11568;398;12760;12875;6.23;0.38;295.50;11.50;1192;45;4412.00;115
11572;44;623507553;11572;400;12762;12876;6.07;0.37;295.51;11.51;1190;45;4413.00;114
11576;44;623507566;11576;400;12763;12877;6.01;0.37;295.53;11.51;1187;45;4414.00;114
11582;44;623507580;11582;407;12763;12877;5.89;0.36;295.60;11.51;1181;45;4415.00;114
11588;44;623507593;11588;416;12773;12890;5.77;0.35;295.62;11.52;1185;45;4416.00;117
11591;44;623507607;11591;410;12774;12890;5.73;0.35;295.69;11.52;1183;45;4417.00;116
11595;44;623507620;11595;411;12776;12890;5.71;0.35;295.82;11.52;1181;45;4418.00;114
11600;44;623507631;11600;414;12778;12891;5.59;0.34;295.89;11.53;1178;45;4419.00;113
11604;44;623507644;11604;410;12778;12891;5.54;0.34;295.91;11.53;1174;45;4420.00;113
11608;44;623507656;11608;396;12781;12895;5.57;0.34;295.94;11.52;1173;45;4421.00;114
11611;44;623507669;11611;392;12786;12895;5.53;0.34;295.93;11.53;1175;45;4422.00;109
11615;44;623507682;11615;404;12789;12899;5.50;0.34;295.89;11.53;1174;45;4423.00;110
11617;44;623507694;11617;396;12791;12899;5.52;0.34;295.91;11.54;1174;45;4424.00;108
11624;44;623507707;11624;401;12792;12899;5.52;0.34;295.93;11.54;1168;45;4425.00;107
11628;44;623507720;11628;399;12792;12899;5.48;0.33;295.99;11.54;1164;45;4426.00;107
11631;44;623507732;11631;394;12795;12899;5.52;0.34;296.06;11.55;1164;45;4427.00;104
11635;44;623507745;11635;398;12805;12911;5.57;0.34;296.11;11.54;1170;45;4428.00;106
11639;44;623507758;11639;401;12805;12911;5.55;0.34;296.17;11.54;1166;45;4429.00;106
11640;44;623507770;11640;402;12807;12911;5.53;0.34;296.20;11.54;1167;45;4430.00;104
11647;44;623507782;11647;399;12807;12911;5.47;0.34;296.28;11.54;1160;45;4431.00;104
11648;44;623507795;11648;399;12807;12911;5.43;0.33;296.29;11.54;1159;45;4432.00;104
11654;44;623507807;11654;403;12808;12911;5.41;0.33;296.37;11.54;1154;45;4433.00;103
11657;44;623507820;11657;408;12808;12912;5.43;0.33;296.38;11.54;1151;45;4434.00;104
11662;44;623507833;11662;414;12808;12912;5.44;0.33;296.42;11.54;1146;45;4435.00;104
11667;44;623507855;11667;412;12813;12918;5.51;0.34;296.47;11.54;1146;45;4436.00;105
11671;44;623507876;11671;411;12814;12919;5.56;0.34;296.48;11.53;1143;45;4437.00;105
11676;44;623507895;11676;413;12814;12919;5.50;0.34;296.55;11.53;1138;45;4438.00;105
11681;44;623507913;11681;416;12814;12919;5.47;0.34;296.66;11.53;1133;45;4439.00;105
11685;44;623507933;11685;411;12818;12924;5.51;0.34;296.64;11.53;1133;45;4440.00;106
11690;44;623507951;11690;410;12818;12924;5.51;0.34;296.66;11.53;1128;45;4441.00;106
11697;44;623507965;11697;422;12818;12924;5.44;0.33;296.69;11.53;1121;45;4442.00;106
11699;44;623507979;11699;419;12819;12925;5.47;0.33;296.68;11.53;1120;45;4443.00;106
11706;44;623507992;11706;417;12822;12929;5.44;0.33;296.66;11.53;1116;45;4444.00;107
11708;44;623508007;11708;412;12822;12929;5.42;0.33;296.66;11.53;1114;45;4445.00;107
11714;44;623508021;11714;423;12824;12932;5.40;0.33;296.64;11.53;1110;45;4446.00;108
11717;44;623508043;11717;427;12824;12932;5.36;0.33;296.66;11.53;1107;45;4447.00;108
11723;44;623508056;11723;429;12825;12932;5.33;0.32;296.62;11.53;1102;45;4448.00;107
11728;44;623508069;11728;430;12825;12932;5.26;0.32;296.60;11.53;1097;45;4449.00;107
11730;44;623508081;11730;431;12829;12936;5.28;0.32;296.58;11.52;1099;45;4450.00;107
11733;44;623508094;11733;426;12829;12936;5.27;0.32;296.55;11.52;1096;45;4451.00;107
11740;44;623508106;11740;423;12829;12936;5.22;0.32;296.48;11.52;1089;45;4452.00;107
11741;44;623508119;11741;420;12829;12936;5.24;0.32;296.48;11.52;1088;45;4453.00;107
11749;44;623508130;11749;426;12829;12937;5.12;0.31;296.44;11.52;1080;45;4454.00;108
11752;44;623508143;11752;427;12831;12939;5.09;0.31;296.43;11.52;1079;45;4455.00;108
11759;44;623508155;11759;431;12831;12939;5.00;0.30;296.39;11.52;1072;45;4456.00;108
11761;44;623508168;11761;436;12832;12940;4.95;0.30;296.39;11.52;1071;45;4457.00;108
11764;44;623508179;11764;436;12832;12940;4.88;0.30;296.36;11.52;1068;45;4458.00;108
11770;44;623508191;11770;443;12832;12940;4.76;0.29;296.41;11.52;1062;45;4459.00;108
11772;44;623508202;11772;443;12832;12940;4.72;0.29;296.39;11.52;1060;45;4460.00;108
11774;44;623508214;11774;441;12832;12940;4.69;0.28;296.40;11.52;1058;45;4461.00;108
11776;44;623508226;11776;449;12832;12940;4.65;0.28;296.38;11.52;1056;45;4462.00;108
11778;44;623508237;11778;451;12832;12940;4.59;0.28;296.41;11.52;1054;45;4463.00;108
11781;44;623508249;11781;457;12898;13067;5.01;0.31;296.40;11.46;1117;45;4464.00;169
11782;44;623508270;11782;463;12902;13068;4.96;0.31;296.42;11.46;1120;45;4465.00;166
11783;44;623508283;11783;462;12912;13068;4.97;0.31;296.43;11.45;1129;45;4466.00;156
11785;44;623508294;11785;449;12915;13068;4.92;0.30;296.44;11.45;1130;45;4467.00;153
11788;44;623508307;11788;454;12920;13068;4.91;0.30;296.53;11.45;1132;45;4468.00;148
11790;44;623508319;11790;448;12922;13068;4.89;0.30;296.51;11.44;1132;45;4469.00;146
11792;44;623508332;11792;453;12924;13068;4.91;0.30;296.51;11.44;1132;45;4470.00;144
11793;44;623508345;11793;457;12928;13068;4.96;0.31;296.51;11.44;1135;45;4471.00;140
11795;44;623508357;11795;451;12930;13069;4.90;0.30;296.52;11.44;1135;45;4472.00;139
11797;44;623508376;11797;460;12934;13070;4.82;0.30;296.55;11.44;1137;45;4473.00;136
11799;44;623508390;11799;462;12937;13070;4.76;0.29;296.54;11.44;1138;45;4474.00;133
11800;44;623508403;11800;460;12939;13071;4.69;0.29;296.55;11.44;1139;45;4475.00;132
11802;44;623508421;11802;445;12940;13071;4.69;0.29;296.56;11.44;1138;45;4476.00;131
11803;44;623508435;11803;428;12942;13071;4.77;0.29;296.56;11.44;1139;45;4477.00;129
11803;44;623508448;11803;419;12947;13071;4.85;0.30;296.56;11.44;1144;45;4478.00;124
11805;44;623508461;11805;408;12951;13075;4.93;0.30;296.63;11.44;1146;45;4479.00;124
11805;44;623508483;11805;402;12952;13075;5.01;0.31;296.63;11.54;1147;45;4480.00;123
11807;44;623508497;11807;380;12953;13075;5.11;0.31;296.70;11.54;1146;45;4481.00;122
11807;44;623508518;11807;365;12955;13078;5.26;0.32;296.70;11.54;1148;45;4482.00;123
11808;44;623508538;11808;365;12956;13078;5.40;0.33;296.70;11.54;1148;45;4483.00;122
11809;44;623508551;11809;357;12958;13078;5.56;0.34;296.71;11.54;1149;45;4484.00;120
11809;44;623508565;11809;348;12961;13082;5.65;0.34;296.71;11.54;1152;45;4485.00;121
11809;44;623508580;11809;346;12963;13083;5.79;0.35;296.71;11.54;1154;45;4486.00;120
11810;44;623508594;11810;334;12964;13083;5.89;0.36;296.69;11.54;1154;45;4487.00;119
11812;44;623508608;11812;336;12967;13087;6.02;0.37;296.71;11.54;1155;45;4488.00;120
11814;44;623508622;11814;326;12967;13087;6.13;0.37;296.69;11.54;1153;45;4489.00;120
11815;44;623508637;11815;323;12967;13087;6.24;0.38;296.66;11.54;1152;45;4490.00;120
11816;44;623508651;11816;313;12968;13088;6.34;0.39;296.66;11.54;1152;45;4491.00;120
11817;44;623508672;11817;304;12968;13088;6.42;0.39;296.71;11.54;1151;45;4492.00;120
11818;44;623508687;11818;301;12973;13094;6.47;0.39;296.71;11.53;1155;45;4493.00;121
11822;44;623508701;11822;292;12973;13094;6.53;0.40;296.70;11.53;1151;45;4494.00;121
11826;44;623508715;11826;290;12974;13095;6.55;0.40;296.74;11.63;1148;45;4495.00;121
11828;44;623508730;11828;279;12974;13095;6.55;0.40;296.78;11.63;1146;45;4496.00;121
11830;44;623508744;11830;270;12974;13095;6.60;0.40;296.79;11.63;1144;45;4497.00;121
11831;44;623508759;11831;263;12974;13095;6.67;0.40;296.78;11.63;1143;45;4498.00;121
11831;44;623508773;11831;259;12974;13095;6.70;0.41;296.78;11.63;1143;45;4499.00;121
11834;44;623508789;11834;249;13000;13145;6.77;0.41;296.82;11.61;1166;45;4500.00;145
11835;44;623508819;11835;250;13000;13147;6.79;0.41;296.82;11.61;1165;45;4501.00;147
11837;44;623508841;11837;250;13004;13147;6.86;0.42;296.85;11.61;1167;45;4502.00;143
11841;44;623508859;11841;231;13004;13147;6.88;0.42;296.86;11.61;1163;45;4503.00;143
11843;44;623508875;11843;231;13006;13147;6.95;0.42;296.93;11.61;1163;45;4504.00;141
11844;44;623508891;11844;230;13006;13147;6.96;0.42;296.92;11.61;1162;45;4505.00;141
11845;44;623508905;11845;235;13011;13151;6.95;0.42;296.91;11.60;1166;45;4506.00;140
11846;44;623508922;11846;239;13013;13151;7.01;0.43;296.90;11.70;1167;45;4507.00;138
11848;44;623508943;11848;228;13016;13155;7.08;0.43;296.89;11.70;1168;45;4508.00;139
11850;44;623508959;11850;225;13017;13156;7.15;0.44;296.94;11.70;1167;45;4509.00;139
11854;44;623508975;11854;225;13017;13156;7.18;0.44;297.03;11.70;1163;45;4510.00;139
11856;44;623508990;11856;227;13018;13156;7.16;0.43;297.02;11.70;1162;45;4511.00;138
11857;44;623509005;11857;226;13028;13169;7.14;0.43;297.07;11.69;1171;45;4512.00;141
11859;44;623509021;11859;226;13029;13169;7.14;0.43;297.12;11.69;1170;45;4513.00;140
11864;44;623509036;11864;228;13029;13169;7.14;0.43;297.15;11.69;1165;45;4514.00;140
11868;44;623509051;11868;233;13030;13170;7.17;0.44;297.19;11.69;1162;45;4515.00;140
11870;44;623509066;11870;235;13030;13171;7.19;0.44;297.19;11.69;1160;45;4516.00;141
11873;44;623509080;11873;236;13031;13171;7.17;0.44;297.23;11.69;1158;45;4517.00;140
11880;44;623509096;11880;237;13033;13174;7.16;0.43;297.27;11.69;1153;45;4518.00;141
11882;44;623509110;11882;235;13034;13174;7.19;0.44;297.28;11.69;1152;45;4519.00;140
11888;44;623509125;11888;232;13036;13174;7.17;0.43;297.29;11.79;1148;45;4520.00;138
11890;44;623509139;11890;226;13036;13174;7.14;0.43;297.31;11.79;1146;45;4521.00;138
11894;44;623509153;11894;223;13040;13180;7.10;0.43;297.38;11.78;1146;45;4522.00;140
11894;44;623509167;11894;215;13041;13180;7.08;0.43;297.38;11.78;1147;45;4523.00;139
11896;45;623509181;11896;210;13042;13180;7.12;0.43;297.43;11.78;1146;46;4524.00;138
11901;45;623509205;11901;210;13044;13180;7.13;0.43;297.51;11.80;1143;46;4525.00;136
11905;45;623509220;11905;204;13047;13184;7.18;0.44;297.55;11.80;1142;46;4526.00;137
11909;45;623509235;11909;202;13049;13185;7.20;0.44;297.60;11.90;1140;46;4527.00;136
11915;45;623509250;11915;204;13049;13185;7.18;0.44;297.70;11.90;1134;46;4528.00;136
11919;45;623509264;11919;206;13051;13186;7.18;0.44;297.77;11.90;1132;46;4529.00;135
11922;45;623509279;11922;209;13052;13186;7.19;0.44;297.76;11.90;1130;46;4530.00;134
11926;45;623509293;11926;209;13052;13186;7.24;0.44;297.86;11.90;1126;46;4531.00;134
11928;45;623509307;11928;213;13052;13186;7.26;0.44;297.84;11.90;1124;46;4532.00;134
11931;45;623509322;11931;217;13052;13186;7.31;0.44;297.85;11.90;1121;46;4533.00;134
11936;45;623509339;11936;220;13053;13186;7.36;0.45;297.93;11.90;1117;46;4534.00;133
11939;45;623509353;11939;225;13054;13186;7.37;0.45;297.95;11.90;1115;46;4535.00;132
11942;45;623509367;11942;228;13089;13256;7.47;0.46;298.03;11.87;1147;46;4536.00;167
11948;45;623509387;11948;225;13093;13257;7.45;0.45;298.10;11.87;1145;46;4537.00;164
11949;45;623509401;11949;218;13099;13257;7.52;0.46;298.14;11.97;1150;46;4538.00;158
11952;45;623509415;11952;222;13103;13257;7.53;0.46;298.23;11.96;1151;46;4539.00;154
11955;45;623509429;11955;216;13108;13257;7.53;0.46;298.25;11.96;1153;46;4540.00;149
11959;45;623509444;11959;215;13113;13257;7.48;0.46;298.29;11.96;1154;46;4541.00;144
11964;45;623509464;11964;216;13118;13257;7.50;0.46;298.36;11.96;1154;46;4542.00;139
11966;45;623509478;11966;211;13121;13257;7.50;0.46;298.42;11.96;1155;46;4543.00;136
11968;45;623509492;11968;208;13123;13258;7.53;0.46;298.46;11.96;1155;46;4544.00;135
11971;45;623509511;11971;215;13126;13260;7.49;0.46;298.48;11.96;1155;46;4545.00;134
11975;45;623509525;11975;213;13128;13260;7.46;0.45;298.57;11.96;1153;46;4546.00;132
11977;45;623509540;11977;224;13131;13264;7.39;0.45;298.56;11.95;1154;46;4547.00;133
11978;45;623509554;11978;227;13131;13264;7.34;0.45;298.54;11.95;1153;46;4548.00;133
11982;45;623509568;11982;232;13132;13264;7.28;0.44;298.57;11.96;1150;46;4549.00;132
11986;45;623509581;11986;239;13133;13264;7.20;0.44;298.64;11.97;1147;46;4550.00;131
11988;45;623509595;11988;249;13138;13270;7.22;0.44;298.62;11.97;1150;46;4551.00;132
11992;45;623509610;11992;254;13139;13270;7.16;0.44;298.69;11.97;1147;46;4552.00;131
11997;45;623509630;11997;258;13140;13270;7.09;0.43;298.72;11.98;1143;46;4553.00;130
11999;45;623509644;11999;257;13143;13273;7.07;0.43;298.69;11.99;1144;46;4554.00;130
12002;45;623509658;12002;264;13143;13273;7.01;0.43;298.70;11.99;1141;46;4555.00;130
12005;45;623509672;12005;274;13146;13273;6.97;0.42;298.75;12.00;1141;46;4556.00;127
12008;45;623509685;12008;277;13146;13274;6.95;0.42;298.78;12.00;1138;46;4557.00;128
12011;45;623509699;12011;282;13148;13275;6.91;0.42;298.83;12.01;1137;46;4558.00;127
12012;45;623509719;12012;287;13149;13275;6.85;0.42;298.88;12.02;1137;46;4559.00;126
12012;45;623509734;12012;290;13168;13301;6.90;0.42;298.88;12.01;1156;46;4560.00;133
12014;45;623509749;12014;291;13170;13301;6.89;0.42;298.92;12.02;1156;46;4561.00;131
12015;45;623509762;12015;292;13173;13301;6.91;0.42;298.92;12.02;1158;46;4562.00;128
12018;45;623509776;12018;300;13174;13302;6.89;0.42;298.95;12.02;1156;46;4563.00;128
12020;45;623509789;12020;308;13176;13302;6.86;0.42;298.95;12.04;1156;46;4564.00;126
12025;45;623509803;12025;306;13180;13306;6.83;0.42;299.03;12.04;1155;46;4565.00;126
12026;45;623509817;12026;310;13182;13306;6.77;0.41;299.02;12.05;1156;46;4566.00;124
12028;45;623509842;12028;316;13185;13310;6.65;0.41;299.03;12.05;1157;46;4567.00;125
12030;45;623509865;12030;317;13187;13310;6.56;0.40;298.99;12.07;1157;46;4568.00;123
12031;45;623509885;12031;314;13187;13310;6.48;0.40;298.98;12.07;1156;46;4569.00;123
12032;45;623509906;12032;314;13189;13310;6.41;0.39;298.99;12.08;1157;46;4570.00;121
12033;45;623509924;12033;313;13189;13310;6.35;0.39;299.05;12.08;1156;46;4571.00;121
12036;45;623509945;12036;315;13201;13322;6.34;0.39;299.05;12.09;1165;46;4572.00;121
12040;45;623509961;12040;313;13201;13322;6.26;0.38;299.10;12.09;1161;46;4573.00;121
12042;45;623509976;12042;315;13202;13322;6.23;0.38;299.16;12.09;1160;46;4574.00;120
12046;45;623509989;12046;316;13204;13322;6.16;0.38;299.12;12.10;1158;46;4575.00;118
12048;45;623510003;12048;329;13205;13322;6.14;0.38;299.18;12.10;1157;46;4576.00;117
12049;45;623510017;12049;335;13207;13322;6.10;0.37;299.18;12.11;1158;46;4577.00;115
12050;45;623510030;12050;337;13207;13323;6.06;0.37;299.16;12.11;1157;46;4578.00;116
12052;45;623510044;12052;342;13208;13323;5.99;0.37;299.17;12.12;1156;46;4579.00;115
12053;45;623510065;12053;351;13214;13329;5.99;0.37;299.18;12.12;1161;46;4580.00;115
12055;45;623510079;12055;355;13215;13330;5.89;0.36;299.18;12.12;1160;46;4581.00;115
12061;45;623510092;12061;357;13217;13330;5.73;0.35;299.23;12.13;1156;46;4582.00;113
12067;45;623510107;12067;370;13217;13330;5.65;0.34;299.23;12.13;1150;46;4583.00;113
12071;45;623510119;12071;368;13220;13334;5.56;0.34;299.25;12.13;1149;46;4584.00;114
12076;45;623510133;12076;375;13220;13334;5.40;0.33;299.29;12.13;1144;46;4585.00;114
12078;45;623510146;12078;389;13222;13334;5.35;0.33;299.28;12.14;1144;46;4586.00;112
12086;45;623510158;12086;385;13224;13335;5.23;0.32;299.33;12.14;1138;46;4587.00;111
12089;45;623510170;12089;401;13230;13339;5.08;0.31;299.36;12.15;1141;46;4588.00;109
12093;45;623510182;12093;402;13230;13339;4.99;0.30;299.47;12.15;1137;46;4589.00;109
12094;45;623510195;12094;396;13234;13345;4.98;0.30;299.45;12.15;1140;46;4590.00;111
12099;45;623510207;12099;397;13237;13345;4.89;0.30;299.55;12.15;1138;46;4591.00;108
12103;45;623510219;12103;400;13238;13345;4.86;0.30;299.57;12.15;1135;46;4592.00;107
12106;45;623510231;12106;401;13239;13345;4.83;0.29;299.58;12.16;1133;46;4593.00;106
12110;45;623510242;12110;411;13244;13349;4.84;0.30;299.61;12.15;1134;46;4594.00;105
12112;45;623510255;12112;410;13245;13349;4.86;0.30;299.63;12.16;1133;46;4595.00;104
12117;45;623510267;12117;426;13245;13349;4.84;0.30;299.68;12.16;1128;46;4596.00;104
12122;45;623510279;12122;421;13246;13349;4.79;0.29;299.69;12.16;1124;46;4597.00;103
12124;45;623510290;12124;419;13246;13350;4.80;0.29;299.66;12.16;1122;46;4598.00;104
12131;45;623510302;12131;416;13247;13351;4.71;0.29;299.73;12.16;1116;46;4599.00;104
12134;45;623510314;12134;420;13247;13351;4.69;0.29;299.77;12.16;1113;46;4600.00;104
12137;45;623510334;12137;420;13248;13352;4.68;0.29;299.78;12.16;1111;46;4601.00;104
12141;45;623510348;12141;418;13249;13352;4.67;0.29;299.76;12.26;1108;46;4602.00;103
12144;45;623510360;12144;419;13249;13352;4.64;0.29;299.78;12.26;1105;46;4603.00;103
12148;45;623510372;12148;416;13249;13352;4.63;0.29;299.78;12.26;1101;46;4604.00;103
12150;45;623510384;12150;423;13249;13352;4.65;0.29;299.76;12.26;1099;46;4605.00;103
12151;45;623510396;12151;420;13249;13352;4.70;0.29;299.76;12.26;1098;46;4606.00;103
12158;45;623510407;12158;427;13249;13352;4.69;0.29;299.74;12.26;1091;46;4607.00;103
12159;45;623510418;12159;429;13311;13479;5.19;0.32;299.74;12.20;1152;46;4608.00;168
12165;45;623510439;12165;434;13314;13480;5.08;0.32;299.70;12.20;1149;46;4609.00;166
12171;45;623510450;12171;446;13322;13480;5.13;0.32;299.67;12.20;1151;46;4610.00;158
12173;45;623510463;12173;442;13327;13480;5.11;0.32;299.70;12.19;1154;46;4611.00;153
12174;45;623510476;12174;448;13334;13480;5.11;0.32;299.70;12.19;1160;46;4612.00;146
12177;45;623510488;12177;448;13337;13480;5.01;0.31;299.70;12.19;1160;46;4613.00;143
12181;45;623510500;12181;457;13341;13480;4.92;0.31;299.68;12.18;1160;46;4614.00;139
12188;45;623510512;12188;463;13343;13480;4.82;0.30;299.62;12.18;1155;46;4615.00;137
12194;45;623510524;12194;461;13345;13481;4.68;0.29;299.63;12.18;1151;46;4616.00;136
12198;45;623510537;12198;472;13348;13482;4.59;0.29;299.60;12.18;1150;46;4617.00;134
12201;45;623510549;12201;478;13351;13482;4.57;0.28;299.62;12.18;1150;46;4618.00;131
12203;45;623510561;12203;489;13352;13483;4.57;0.28;299.62;12.18;1149;46;4619.00;131
12209;45;623510574;12209;497;13357;13483;4.44;0.27;299.62;12.18;1148;46;4620.00;126
12212;45;623510586;12212;501;13360;13483;4.43;0.27;299.61;12.18;1148;46;4621.00;123
12217;45;623510605;12217;510;13361;13483;4.41;0.27;299.65;12.18;1144;46;4622.00;122
12220;45;623510617;12220;505;13366;13487;4.39;0.27;299.65;12.18;1146;46;4623.00;121
12222;45;623510629;12222;505;13367;13487;4.38;0.27;299.62;12.18;1145;46;4624.00;120
12227;45;623510641;12227;518;13369;13487;4.38;0.27;299.60;12.18;1142;46;4625.00;118
12229;45;623510657;12229;515;13371;13490;4.33;0.27;299.61;12.18;1142;46;4626.00;119
12231;45;623510677;12231;503;13371;13490;4.36;0.27;299.59;12.18;1140;46;4627.00;119
12234;45;623510689;12234;498;13373;13490;4.37;0.27;299.64;12.18;1139;46;4628.00;117
12238;45;623510702;12238;498;13377;13494;4.47;0.27;299.60;12.18;1139;46;4629.00;117
12239;45;623510715;12239;495;13379;13495;4.59;0.28;299.63;12.18;1140;46;4630.00;116
12243;45;623510727;12243;491;13380;13495;4.65;0.29;299.60;12.17;1137;46;4631.00;115
12246;45;623510739;12246;486;13382;13499;4.76;0.29;299.57;12.17;1136;46;4632.00;117
12248;45;623510752;12248;480;13383;13499;4.84;0.30;299.57;12.17;1135;46;4633.00;116
12251;45;623510765;12251;470;13384;13499;4.88;0.30;299.55;12.28;1133;46;4634.00;115
12251;45;623510785;12251;473;13386;13501;4.94;0.30;299.55;12.27;1135;46;4635.00;115
12251;45;623510804;12251;465;13386;13501;5.02;0.31;299.55;12.27;1135;46;4636.00;115
12254;45;623510816;12254;454;13391;13507;5.10;0.31;299.55;12.27;1137;46;4637.00;116
12256;45;623510830;12256;442;13391;13507;5.14;0.31;299.52;12.27;1135;46;4638.00;116
12261;45;623510844;12261;438;13391;13508;5.21;0.32;299.55;12.27;1130;46;4639.00;117
12264;45;623510858;12264;432;13391;13508;5.27;0.32;299.58;12.27;1127;46;4640.00;117
12266;45;623510873;12266;428;13391;13508;5.29;0.32;299.58;12.27;1125;46;4641.00;117
12269;45;623510887;12269;437;13391;13508;5.27;0.32;299.60;12.27;1122;46;4642.00;117
12271;45;623510906;12271;438;13391;13508;5.29;0.32;299.57;12.27;1120;46;4643.00;117
12274;45;623510918;12274;440;13400;13520;5.34;0.32;299.58;12.26;1126;46;4644.00;120
12274;45;623510933;12274;443;13400;13520;5.33;0.32;299.58;12.26;1126;46;4645.00;120
12274;45;623510946;12274;427;13402;13520;5.38;0.33;299.58;12.26;1128;46;4646.00;118
12275;45;623510964;12275;414;13402;13520;5.40;0.33;299.57;12.26;1127;46;4647.00;118
12275;45;623510983;12275;408;13402;13520;5.50;0.34;299.57;12.26;1127;46;4648.00;118
12276;45;623510996;12276;388;13403;13520;5.54;0.34;299.56;12.36;1127;46;4649.00;117
12280;45;623511011;12280;378;13408;13526;5.60;0.34;299.55;12.36;1128;46;4650.00;118
12281;45;623511047;12281;369;13409;13526;5.69;0.35;299.55;12.46;1128;46;4651.00;117
12281;45;623511061;12281;362;13413;13530;5.82;0.35;299.55;12.46;1132;46;4652.00;117
12282;45;623511075;12282;357;13414;13531;5.90;0.36;299.59;12.46;1132;46;4653.00;117
12285;45;623511088;12285;353;13414;13531;5.96;0.36;299.64;12.46;1129;46;4654.00;117
12287;45;623511102;12287;337;13415;13531;6.03;0.37;299.72;12.56;1128;46;4655.00;116
12289;45;623511115;12289;334;13426;13544;6.20;0.38;299.72;12.55;1137;46;4656.00;118
12290;45;623511130;12290;327;13426;13544;6.26;0.38;299.74;12.55;1136;46;4657.00;118
12293;45;623511144;12293;320;13426;13544;6.38;0.39;299.76;12.55;1133;46;4658.00;118
12297;45;623511157;12297;316;13427;13545;6.47;0.39;299.85;12.55;1130;46;4659.00;118
12303;45;623511171;12303;306;13427;13546;6.49;0.39;299.99;12.55;1124;46;4660.00;119
12305;45;623511185;12305;296;13427;13546;6.55;0.40;300.01;12.55;1122;46;4661.00;119
12307;45;623511198;12307;296;13429;13549;6.62;0.40;300.08;12.55;1122;46;4662.00;120
12309;45;623511211;12309;294;13429;13549;6.67;0.40;300.10;12.55;1120;46;4663.00;120
12310;45;623511225;12310;297;13430;13549;6.74;0.41;300.10;12.55;1120;46;4664.00;119
12311;45;623511239;12311;286;13430;13549;6.76;0.41;300.14;12.55;1119;46;4665.00;119
12317;45;623511255;12317;283;13435;13555;6.79;0.41;300.24;12.55;1118;46;4666.00;120
12319;45;623511270;12319;280;13435;13555;6.83;0.41;300.21;12.55;1116;46;4667.00;120
12321;45;623511284;12321;278;13435;13555;6.84;0.41;300.30;12.55;1114;46;4668.00;120
12325;45;623511298;12325;271;13435;13555;6.87;0.42;300.41;12.55;1110;46;4669.00;120
12327;46;623511312;12327;270;13439;13559;6.86;0.42;300.40;12.65;1112;47;4670.00;120
12332;46;623511341;12332;265;13440;13560;6.90;0.42;300.48;12.65;1108;47;4671.00;120
12336;46;623511356;12336;266;13440;13560;6.89;0.42;300.57;12.65;1104;47;4672.00;120
12337;46;623511370;12337;263;13441;13561;7.00;0.42;300.55;12.65;1104;47;4673.00;120
12339;46;623511383;12339;266;13441;13561;7.03;0.43;300.59;12.65;1102;47;4674.00;120
12341;46;623511396;12341;260;13441;13561;7.01;0.43;300.64;12.65;1100;47;4675.00;120
12343;46;623511410;12343;257;13441;13561;7.09;0.43;300.66;12.65;1098;47;4676.00;120
12346;46;623511423;12346;256;13441;13561;7.16;0.43;300.72;12.65;1095;47;4677.00;120
12351;46;623511438;12351;254;13441;13561;7.24;0.44;300.82;12.65;1090;47;4678.00;120
12355;46;623511452;12355;257;13441;13561;7.29;0.44;300.81;12.65;1086;47;4679.00;120
12358;46;623511467;12358;273;13504;13686;7.28;0.44;300.91;12.59;1146;47;4680.00;182
12359;46;623511489;12359;261;13504;13687;7.30;0.45;300.96;12.59;1145;47;4681.00;183
12361;46;623511503;12361;255;13511;13687;7.36;0.45;301.02;12.58;1150;47;4682.00;176
12361;46;623511517;12361;249;13512;13687;7.45;0.45;301.02;12.58;1151;47;4683.00;175
12363;46;623511531;12363;255;13518;13687;7.47;0.46;301.06;12.58;1155;47;4684.00;169
12365;46;623511545;12365;255;13520;13687;7.51;0.46;301.12;12.58;1155;47;4685.00;167
12365;46;623511559;12365;254;13525;13687;7.56;0.46;301.12;12.57;1160;47;4686.00;162
12367;46;623511573;12367;259;13529;13687;7.54;0.46;301.18;12.57;1162;47;4687.00;158
12373;46;623511587;12373;253;13533;13688;7.47;0.46;301.23;12.57;1160;47;4688.00;155
12373;46;623511602;12373;256;13537;13689;7.47;0.46;301.23;12.57;1164;47;4689.00;152
12376;46;623511622;12376;250;13540;13689;7.41;0.45;301.25;12.57;1164;47;4690.00;149
12380;46;623511636;12380;252;13545;13693;7.25;0.44;301.26;12.57;1165;47;4691.00;148
12382;46;623511650;12382;245;13546;13693;7.22;0.44;301.26;12.57;1164;47;4692.00;147
12384;46;623511665;12384;237;13548;13693;7.16;0.44;301.29;12.57;1164;47;4693.00;145
12388;46;623511678;12388;226;13549;13693;7.11;0.43;301.28;12.58;1161;47;4694.00;144
12392;46;623511694;12392;226;13553;13699;7.09;0.43;301.38;12.58;1161;47;4695.00;146
12395;46;623511708;12395;221;13553;13699;7.08;0.43;301.38;12.58;1158;47;4696.00;146
12400;46;623511723;12400;221;13553;13699;7.04;0.43;301.50;12.58;1153;47;4697.00;146
12403;46;623511737;12403;217;13555;13702;7.04;0.43;301.49;12.58;1152;47;4698.00;147
12407;46;623511751;12407;211;13555;13702;7.04;0.43;301.61;12.58;1148;47;4699.00;147
12410;46;623511766;12410;219;13555;13702;7.01;0.43;301.64;12.58;1145;47;4700.00;147
12413;46;623511783;12413;211;13556;13703;7.07;0.43;301.66;12.58;1143;47;4701.00;147
12421;46;623511797;12421;209;13557;13704;7.09;0.43;301.68;12.58;1136;47;4702.00;147
12425;46;623511811;12425;211;13558;13704;7.11;0.43;301.74;12.58;1133;47;4703.00;146
12427;46;623511826;12427;213;13566;13717;7.18;0.44;301.78;12.57;1139;47;4704.00;151
12432;46;623511844;12432;219;13566;13717;7.15;0.44;301.86;12.57;1134;47;4705.00;151
12435;46;623511867;12435;228;13568;13717;7.18;0.44;301.95;12.57;1133;47;4706.00;149
12438;46;623511891;12438;228;13570;13718;7.23;0.44;301.97;12.57;1132;47;4707.00;148
12441;46;623511912;12441;232;13570;13718;7.28;0.44;301.97;12.57;1129;47;4708.00;148
12444;46;623511932;12444;232;13573;13722;7.30;0.44;302.09;12.57;1129;47;4709.00;149
12447;46;623511956;12447;236;13575;13722;7.22;0.44;302.13;12.57;1128;47;4710.00;147
12448;46;623511972;12448;243;13578;13726;7.16;0.44;302.14;12.57;1130;47;4711.00;148
12452;46;623511986;12452;241;13578;13726;7.12;0.43;302.18;12.57;1126;47;4712.00;148
12455;46;623512008;12455;242;13580;13726;7.11;0.43;302.21;12.57;1125;47;4713.00;146
12457;46;623512022;12457;247;13580;13726;7.15;0.43;302.23;12.57;1123;47;4714.00;146
12459;46;623512038;12459;248;13580;13726;7.10;0.43;302.27;12.57;1121;47;4715.00;146
12462;46;623512053;12462;251;13592;13738;7.14;0.43;302.31;12.57;1130;47;4716.00;146
12464;46;623512068;12464;255;13593;13738;7.10;0.43;302.33;12.57;1129;47;4717.00;145
12467;46;623512082;12467;259;13594;13738;7.05;0.43;302.36;12.57;1127;47;4718.00;144
12470;46;623512096;12470;269;13594;13738;6.99;0.43;302.35;12.57;1124;47;4719.00;144
12472;46;623512115;12472;278;13596;13738;6.91;0.42;302.38;12.59;1124;47;4720.00;142
12476;46;623512129;12476;283;13596;13738;6.77;0.41;302.44;12.59;1120;47;4721.00;142
12477;46;623512142;12477;288;13597;13739;6.70;0.41;302.45;12.60;1120;47;4722.00;142
12479;46;623512155;12479;296;13598;13739;6.61;0.40;302.49;12.60;1119;47;4723.00;141
12483;46;623512168;12483;299;13603;13745;6.62;0.40;302.53;12.60;1120;47;4724.00;142
12485;46;623512182;12485;312;13605;13747;6.55;0.40;302.56;12.60;1120;47;4725.00;142
12491;46;623512195;12491;316;13608;13747;6.50;0.40;302.68;12.61;1117;47;4726.00;139
12493;46;623512209;12493;319;13608;13747;6.50;0.40;302.66;12.61;1115;47;4727.00;139
12494;46;623512221;12494;322;13612;13751;6.52;0.40;302.70;12.62;1118;47;4728.00;139
12499;46;623512234;12499;328;13613;13751;6.46;0.39;302.67;12.62;1114;47;4729.00;138
12503;46;623512249;12503;334;13614;13751;6.46;0.39;302.74;12.63;1111;47;4730.00;137
12505;46;623512263;12505;336;13617;13752;6.44;0.39;302.78;12.64;1112;47;4731.00;135
12507;46;623512275;12507;344;13620;13756;6.43;0.39;302.74;12.64;1113;47;4732.00;136
12509;46;623512288;12509;347;13621;13756;6.41;0.39;302.81;12.64;1112;47;4733.00;135
12513;46;623512301;12513;359;13625;13759;6.39;0.39;302.88;12.65;1112;47;4734.00;134
12515;46;623512316;12515;360;13625;13759;6.34;0.39;302.91;12.65;1110;47;4735.00;134
12518;46;623512332;12518;367;13628;13759;6.28;0.38;302.94;12.66;1110;47;4736.00;131
12519;46;623512346;12519;371;13628;13759;6.23;0.38;302.94;12.66;1109;47;4737.00;131
12521;46;623512359;12521;379;13633;13763;6.19;0.38;302.99;12.67;1112;47;4738.00;130
12524;46;623512373;12524;378;13633;13763;6.11;0.37;302.98;12.67;1109;47;4739.00;130
12527;46;623512388;12527;382;13636;13763;6.00;0.37;302.95;12.69;1109;47;4740.00;127
12529;46;623512401;12529;379;13636;13763;5.88;0.36;302.99;12.69;1107;47;4741.00;127
12530;46;623512414;12530;382;13637;13764;5.82;0.35;303.03;12.70;1107;47;4742.00;127
12531;46;623512425;12531;383;13638;13765;5.80;0.35;303.08;12.70;1107;47;4743.00;127
12533;46;623512438;12533;389;13638;13765;5.72;0.35;303.14;12.70;1105;47;4744.00;127
12535;46;623512449;12535;390;13642;13766;5.65;0.35;303.19;12.73;1107;47;4745.00;124
12535;46;623512461;12535;392;13642;13766;5.60;0.34;303.19;12.73;1107;47;4746.00;124
12539;46;623512474;12539;394;13642;13766;5.56;0.34;303.20;12.73;1103;47;4747.00;124
12540;46;623512485;12540;401;13643;13766;5.49;0.34;303.21;12.73;1103;47;4748.00;123
12542;46;623512496;12542;406;13643;13766;5.41;0.33;303.17;12.73;1101;47;4749.00;123
12544;46;623512514;12544;411;13646;13766;5.31;0.32;303.14;12.75;1102;47;4750.00;120
12545;46;623512525;12545;416;13646;13766;5.29;0.32;303.13;12.75;1101;47;4751.00;120
12550;46;623512536;12550;435;13714;13893;5.52;0.34;303.10;12.70;1164;47;4752.00;179
12553;46;623512557;12553;433;13717;13894;5.48;0.34;303.06;12.70;1164;47;4753.00;177
12556;46;623512569;12556;428;13729;13894;5.50;0.34;303.03;12.69;1173;47;4754.00;165
12558;46;623512581;12558;433;13730;13894;5.46;0.34;303.01;12.69;1172;47;4755.00;164
12564;46;623512592;12564;430;13738;13894;5.41;0.34;302.95;12.70;1174;47;4756.00;156
12566;46;623512604;12566;431;13739;13894;5.35;0.33;302.93;12.69;1173;47;4757.00;155
12570;46;623512617;12570;437;13743;13894;5.20;0.32;302.89;12.69;1173;47;4758.00;151
12576;46;623512630;12576;443;13748;13894;5.10;0.32;302.89;12.70;1172;47;4759.00;146
12577;46;623512643;12577;440;13752;13895;5.00;0.31;302.89;12.70;1175;47;4760.00;143
12582;46;623512655;12582;444;13755;13896;4.95;0.31;302.88;12.70;1173;47;4761.00;141
12584;46;623512668;12584;454;13760;13896;4.89;0.30;302.87;12.71;1176;47;4762.00;136
12585;46;623512679;12585;452;13764;13897;4.82;0.30;302.87;12.71;1179;47;4763.00;133
12588;46;623512690;12588;457;13767;13897;4.77;0.30;302.85;12.72;1179;47;4764.00;130
12591;46;623512703;12591;470;13769;13897;4.72;0.29;302.86;12.72;1178;47;4765.00;128
12593;46;623512715;12593;479;13770;13897;4.65;0.29;302.85;12.72;1177;47;4766.00;127
12594;46;623512727;12594;479;13776;13901;4.60;0.29;302.87;12.72;1182;47;4767.00;125
12595;46;623512741;12595;481;13776;13901;4.59;0.28;302.85;12.72;1181;47;4768.00;125
12599;46;623512752;12599;489;13778;13901;4.56;0.28;302.81;12.72;1179;47;4769.00;123
12600;46;623512766;12600;489;13781;13907;4.56;0.28;302.82;12.72;1181;47;4770.00;126
12600;46;623512778;12600;496;13783;13907;4.54;0.28;302.82;12.72;1183;47;4771.00;124
12603;46;623512789;12603;498;13785;13907;4.51;0.28;302.82;12.72;1182;47;4772.00;122
12605;46;623512801;12605;504;13787;13911;4.50;0.28;302.82;12.72;1182;47;4773.00;124
12608;46;623512814;12608;503;13790;13912;4.50;0.28;302.83;12.71;1182;47;4774.00;122
12612;46;623512827;12612;501;13790;13912;4.47;0.28;302.79;12.71;1178;47;4775.00;122
12618;46;623512840;12618;503;13794;13916;4.50;0.28;302.75;12.71;1176;47;4776.00;122
12622;46;623512852;12622;509;13795;13916;4.49;0.28;302.78;12.71;1173;47;4777.00;121
12623;46;623512864;12623;513;13795;13916;4.46;0.27;302.79;12.71;1172;47;4778.00;121
12624;47;623512876;12624;502;13796;13917;4.49;0.28;302.80;12.71;1172;48;4779.00;121
12629;47;623512896;12629;494;13797;13917;4.51;0.28;302.77;12.71;1168;48;4780.00;120
12632;47;623512909;12632;483;13802;13923;4.57;0.28;302.76;12.71;1170;48;4781.00;121
12635;47;623512922;12635;479;13802;13923;4.62;0.28;302.76;12.71;1167;48;4782.00;121
12640;47;623512935;12640;473;13802;13924;4.64;0.28;302.78;12.71;1162;48;4783.00;122
12647;47;623512955;12647;465;13802;13924;4.65;0.28;302.73;12.71;1155;48;4784.00;122
12649;47;623512969;12649;459;13802;13924;4.70;0.29;302.73;12.71;1153;48;4785.00;122
12653;47;623512988;12653;453;13802;13924;4.73;0.29;302.73;12.71;1149;48;4786.00;122
12654;47;623513001;12654;459;13802;13924;4.75;0.29;302.73;12.71;1148;48;4787.00;122
12657;47;623513015;12657;456;13811;13936;4.79;0.29;302.70;12.70;1154;48;4788.00;125
12660;47;623513035;12660;461;13811;13936;4.78;0.29;302.71;12.70;1151;48;4789.00;125
12663;47;623513053;12663;457;13814;13936;4.76;0.29;302.74;12.81;1151;48;4790.00;122
12665;47;623513067;12665;465;13814;13936;4.73;0.29;302.73;12.81;1149;48;4791.00;122
12668;47;623513079;12668;473;13814;13936;4.72;0.29;302.71;12.81;1146;48;4792.00;122
12670;47;623513092;12670;473;13814;13936;4.76;0.29;302.72;12.81;1144;48;4793.00;122
12673;47;623513104;12673;466;13817;13940;4.84;0.29;302.71;12.81;1144;48;4794.00;123
12675;47;623513117;12675;463;13817;13940;4.88;0.30;302.71;12.81;1142;48;4795.00;123
12679;47;623513129;12679;457;13821;13944;4.91;0.30;302.68;12.80;1142;48;4796.00;123
12681;47;623513142;12681;455;13822;13945;4.89;0.30;302.68;12.80;1141;48;4797.00;123
12682;47;623513155;12682;446;13822;13945;4.89;0.30;302.69;12.80;1140;48;4798.00;123
12686;47;623513166;12686;452;13822;13945;4.90;0.30;302.71;12.80;1136;48;4799.00;123
12690;47;623513181;12690;452;13845;13986;5.01;0.31;302.69;12.78;1155;48;4800.00;141
12693;47;623513201;12693;445;13845;13986;5.01;0.31;302.72;12.78;1152;48;4801.00;141
12694;47;623513214;12694;446;13847;13986;5.05;0.31;302.76;12.78;1153;48;4802.00;139
12696;47;623513226;12696;445;13848;13987;5.04;0.31;302.76;12.78;1152;48;4803.00;139
12702;47;623513238;12702;447;13849;13988;5.00;0.30;302.72;12.78;1147;48;4804.00;139
12704;47;623513252;12704;444;13849;13988;5.01;0.31;302.70;12.78;1145;48;4805.00;139
12706;47;623513264;12706;441;13854;13991;5.06;0.31;302.69;12.77;1148;48;4806.00;137
12707;47;623513276;12707;429;13855;13991;5.10;0.31;302.71;12.89;1148;48;4807.00;136
12711;47;623513289;12711;422;13857;13991;5.17;0.31;302.80;12.89;1146;48;4808.00;134
12715;47;623513302;12715;413;13857;13991;5.20;0.31;302.81;12.89;1142;48;4809.00;134
12717;47;623513315;12717;418;13862;13997;5.23;0.32;302.82;12.88;1145;48;4810.00;135
12719;47;623513329;12719;415;13863;13997;5.24;0.32;302.81;12.88;1144;48;4811.00;134
12721;47;623513348;12721;413;13864;13997;5.27;0.32;302.82;12.88;1143;48;4812.00;133
12722;47;623513361;12722;422;13864;13997;5.33;0.32;302.83;12.88;1142;48;4813.00;133
12724;47;623513374;12724;415;13867;14001;5.33;0.32;302.82;12.88;1143;48;4814.00;134
12727;47;623513387;12727;419;13869;14003;5.37;0.33;302.85;12.88;1142;48;4815.00;134
12729;47;623513402;12729;402;13869;14003;5.41;0.33;302.86;12.88;1140;48;4816.00;134
12734;47;623513415;12734;389;13871;14004;5.48;0.33;302.86;12.88;1137;48;4817.00;133
12736;47;623513429;12736;366;13871;14004;5.61;0.34;302.88;12.88;1135;48;4818.00;133
12739;47;623513442;12739;363;13871;14004;5.67;0.34;302.97;12.88;1132;48;4819.00;133
12741;47;623513455;12741;346;13872;14004;5.76;0.35;302.97;12.99;1131;48;4820.00;132
12743;47;623513468;12743;337;13872;14004;5.86;0.36;303.03;12.99;1129;48;4821.00;132
12746;47;623513482;12746;334;13872;14004;5.91;0.36;303.10;12.99;1126;48;4822.00;132
12746;47;623513496;12746;328;13873;14004;6.02;0.37;303.10;12.99;1127;48;4823.00;131
12749;47;623513508;12749;338;13915;14074;6.18;0.38;303.22;12.95;1166;48;4824.00;159
12751;47;623513528;12751;328;13916;14075;6.28;0.38;303.26;12.95;1165;48;4825.00;159
12752;47;623513542;12752;328;13921;14075;6.42;0.39;303.28;12.95;1169;48;4826.00;154
12755;47;623513556;12755;324;13921;14075;6.52;0.40;303.33;12.95;1166;48;4827.00;154
12759;47;623513570;12759;322;13925;14077;6.57;0.40;303.36;12.94;1166;48;4828.00;152
12763;47;623513589;12763;319;13927;14077;6.58;0.40;303.42;12.94;1164;48;4829.00;150
12767;47;623513606;12767;316;13928;14077;6.63;0.40;303.45;12.94;1161;48;4830.00;149
12769;47;623513621;12769;317;13931;14077;6.67;0.41;303.53;12.94;1162;48;4831.00;146
12772;47;623513636;12772;310;13931;14078;6.70;0.41;303.55;12.94;1159;48;4832.00;147
12777;47;623513650;12777;312;13934;14079;6.73;0.41;303.67;12.94;1157;48;4833.00;145
12780;47;623513664;12780;312;13939;14079;6.76;0.41;303.79;12.94;1159;48;4834.00;140
12784;47;623513679;12784;311;13945;14083;6.76;0.41;303.89;12.94;1161;48;4835.00;138
12789;47;623513694;12789;311;13947;14083;6.76;0.41;304.00;12.94;1158;48;4836.00;136
12792;47;623513709;12792;307;13948;14083;6.73;0.41;304.07;13.05;1156;48;4837.00;135
12793;47;623513723;12793;317;13948;14083;6.74;0.41;304.07;13.05;1155;48;4838.00;135
12797;47;623513737;12797;321;13953;14089;6.70;0.41;304.14;13.05;1156;48;4839.00;136
12801;47;623513752;12801;317;13954;14089;6.65;0.40;304.23;13.05;1153;48;4840.00;135
12802;47;623513766;12802;323;13954;14089;6.67;0.40;304.27;13.05;1152;48;4841.00;135
12805;47;623513781;12805;320;13956;14092;6.66;0.40;304.34;13.04;1151;48;4842.00;136
12807;47;623513795;12807;320;13956;14092;6.65;0.40;304.32;13.04;1149;48;4843.00;136
12812;47;623513809;12812;316;13957;14092;6.66;0.40;304.36;13.04;1145;48;4844.00;135
12814;47;623513824;12814;318;13957;14093;6.67;0.40;304.36;13.04;1143;48;4845.00;136
12814;47;623513839;12814;317;13958;14094;6.72;0.41;304.36;13.04;1144;48;4846.00;136
12818;47;623513860;12818;315;13958;14094;6.73;0.41;304.40;13.04;1140;48;4847.00;136
12818;47;623513895;12818;318;13968;14107;6.76;0.41;304.40;13.03;1150;48;4848.00;139
12818;47;623513918;12818;307;13970;14107;6.75;0.41;304.40;13.14;1152;48;4849.00;137
12823;47;623513938;12823;305;13970;14107;6.72;0.41;304.46;13.14;1147;48;4850.00;137
12825;47;623513963;12825;310;13971;14108;6.74;0.41;304.45;13.14;1146;48;4851.00;137
12827;47;623513980;12827;303;13971;14108;6.70;0.41;304.48;13.14;1144;48;4852.00;137
12829;47;623513995;12829;295;13975;14112;6.76;0.41;304.50;13.14;1146;48;4853.00;137
12831;47;623514010;12831;288;13975;14112;6.75;0.41;304.52;13.14;1144;48;4854.00;137
12834;47;623514026;12834;278;13978;14116;6.76;0.41;304.55;13.13;1144;48;4855.00;138
12836;47;623514042;12836;279;13978;14116;6.77;0.41;304.52;13.13;1142;48;4856.00;138
12839;47;623514058;12839;272;13978;14116;6.79;0.41;304.56;13.13;1139;48;4857.00;138
12841;47;623514073;12841;278;13978;14116;6.83;0.41;304.61;13.13;1137;48;4858.00;138
12841;47;623514088;12841;264;13978;14116;6.85;0.42;304.61;13.13;1137;48;4859.00;138
12843;47;623514103;12843;264;13999;14150;6.90;0.42;304.62;13.12;1156;48;4860.00;151
12844;47;623514120;12844;249;14000;14150;6.97;0.43;304.65;13.11;1156;48;4861.00;150
12848;47;623514134;12848;238;14003;14150;6.98;0.43;304.67;13.11;1155;48;4862.00;147
12850;47;623514149;12850;230;14005;14150;7.00;0.43;304.66;13.11;1155;48;4863.00;145
12853;47;623514163;12853;227;14005;14150;7.01;0.43;304.63;13.11;1152;48;4864.00;145
12857;47;623514177;12857;222;14008;14150;7.01;0.43;304.68;13.24;1151;48;4865.00;142
12861;47;623514193;12861;223;14008;14151;6.97;0.42;304.79;13.24;1147;48;4866.00;143
12864;47;623514207;12864;228;14008;14151;6.97;0.42;304.80;13.24;1144;48;4867.00;143
12867;47;623514222;12867;223;14012;14157;6.99;0.42;304.84;13.24;1145;48;4868.00;145
12871;47;623514236;12871;223;14012;14158;6.92;0.42;304.88;13.24;1141;48;4869.00;146
12874;47;623514251;12874;215;14013;14158;6.87;0.42;304.88;13.24;1139;48;4870.00;145
12875;47;623514265;12875;224;14015;14158;6.80;0.41;304.89;13.34;1140;48;4871.00;143
12877;47;623514279;12877;225;14017;14162;6.75;0.41;304.90;13.34;1140;48;4872.00;145
12881;47;623514293;12881;226;14018;14162;6.69;0.41;305.02;13.34;1137;48;4873.00;144
12885;47;623514306;12885;238;14018;14162;6.62;0.40;305.06;13.34;1133;48;4874.00;144
12886;47;623514320;12886;238;14020;14163;6.59;0.40;305.05;13.34;1134;48;4875.00;143
12888;47;623514332;12888;244;14023;14167;6.50;0.40;305.09;13.34;1135;48;4876.00;144
12891;47;623514346;12891;239;14023;14167;6.44;0.39;305.07;13.34;1132;48;4877.00;144
12897;47;623514359;12897;244;14026;14170;6.41;0.39;305.17;13.33;1129;48;4878.00;144
12900;47;623514373;12900;253;14027;14170;6.37;0.39;305.20;13.33;1127;48;4879.00;143
12903;47;623514386;12903;264;14027;14170;6.35;0.39;305.18;13.33;1124;48;4880.00;143
12906;47;623514401;12906;267;14028;14170;6.32;0.38;305.19;13.44;1122;48;4881.00;142
12910;47;623514415;12910;269;14032;14174;6.34;0.38;305.25;13.44;1122;48;4882.00;142
12912;47;623514428;12912;269;14032;14174;6.35;0.39;305.25;13.44;1120;48;4883.00;142
12915;47;623514441;12915;268;14032;14174;6.38;0.39;305.33;13.44;1117;48;4884.00;142
12918;47;623514454;12918;267;14032;14174;6.37;0.39;305.34;13.44;1114;48;4885.00;142
12920;47;623514466;12920;264;14032;14175;6.33;0.38;305.33;13.44;1112;48;4886.00;143
12922;47;623514480;12922;262;14033;14176;6.29;0.38;305.40;13.44;1111;48;4887.00;143
12925;47;623514493;12925;266;14033;14176;6.28;0.38;305.46;13.44;1108;48;4888.00;143
12929;47;623514505;12929;272;14035;14177;6.22;0.38;305.50;13.44;1106;48;4889.00;142
12933;47;623514520;12933;274;14035;14177;6.16;0.37;305.53;13.44;1102;48;4890.00;142
12935;47;623514532;12935;280;14036;14177;6.09;0.37;305.53;13.45;1101;48;4891.00;141
12935;47;623514545;12935;285;14036;14177;6.06;0.37;305.53;13.45;1101;48;4892.00;141
12937;47;623514556;12937;297;14036;14177;5.97;0.36;305.56;13.45;1099;48;4893.00;141
12939;47;623514569;12939;306;14038;14177;5.95;0.36;305.56;13.48;1099;48;4894.00;139
12941;47;623514581;12941;311;14038;14177;5.88;0.36;305.56;13.48;1097;48;4895.00;139
12944;47;623514593;12944;328;14104;14304;6.09;0.38;305.60;13.43;1160;48;4896.00;200
12946;47;623514616;12946;326;14108;14305;6.03;0.37;305.63;13.43;1162;48;4897.00;197
12948;47;623514629;12948;331;14122;14305;6.08;0.38;305.64;13.44;1174;48;4898.00;183
12950;47;623514643;12950;325;14123;14305;6.04;0.38;305.68;13.45;1173;48;4899.00;182
12955;47;623514656;12955;320;14129;14305;5.99;0.37;305.70;13.44;1174;48;4900.00;176
12959;47;623514673;12959;329;14133;14305;5.93;0.37;305.71;13.45;1174;48;4901.00;172
12960;47;623514692;12960;325;14136;14305;5.91;0.37;305.70;13.46;1176;48;4902.00;169
12964;47;623514704;12964;327;14138;14305;5.94;0.37;305.74;13.45;1174;48;4903.00;167
12968;47;623514719;12968;330;14142;14306;5.94;0.37;305.81;13.48;1174;48;4904.00;164
12969;47;623514737;12969;336;14148;14308;5.91;0.37;305.83;13.47;1179;48;4905.00;160
12972;47;623514750;12972;340;14149;14308;5.84;0.36;305.82;13.47;1177;48;4906.00;159
12979;47;623514763;12979;344;14153;14309;5.72;0.35;305.85;13.47;1174;48;4907.00;156
12980;47;623514775;12980;347;14158;14309;5.65;0.35;305.86;13.48;1178;48;4908.00;151
12983;47;623514789;12983;351;14162;14309;5.56;0.34;305.91;13.48;1179;48;4909.00;147
12985;47;623514802;12985;355;14166;14309;5.48;0.34;305.88;13.49;1181;48;4910.00;143
12988;47;623514815;12988;354;14172;14313;5.46;0.34;305.85;13.49;1184;48;4911.00;141
12990;47;623514828;12990;355;14175;14313;5.39;0.33;305.90;13.50;1185;48;4912.00;138
12992;47;623514842;12992;361;14176;14313;5.33;0.33;305.86;13.50;1184;48;4913.00;137
12995;47;623514855;12995;364;14177;14316;5.26;0.32;305.90;13.50;1182;48;4914.00;139
12998;47;623514867;12998;374;14180;14316;5.18;0.32;305.87;13.51;1182;48;4915.00;136
12999;47;623514886;12999;379;14181;14316;5.14;0.32;305.87;13.51;1182;48;4916.00;135
13001;47;623514899;13001;393;14186;14320;5.13;0.32;305.88;13.52;1185;48;4917.00;134
13002;47;623514911;13002;392;14189;14321;5.14;0.32;305.86;13.53;1187;48;4918.00;132
13007;47;623514923;13007;402;14190;14321;5.09;0.31;305.85;13.53;1183;48;4919.00;131
13007;47;623514937;13007;404;14194;14326;5.12;0.32;305.85;13.53;1187;48;4920.00;132
13010;47;623514949;13010;404;14195;14326;5.06;0.31;305.85;13.53;1185;48;4921.00;131
13012;47;623514961;13012;410;14198;14326;4.97;0.31;305.85;13.55;1186;48;4922.00;128
13014;47;623514973;13014;414;14199;14327;4.88;0.30;305.82;13.55;1185;48;4923.00;128
13016;47;623514984;13016;420;14200;14327;4.85;0.30;305.86;13.55;1184;48;4924.00;127
13019;47;623514996;13019;426;14206;14333;4.80;0.30;305.87;13.55;1187;48;4925.00;127
13023;47;623515008;13023;419;14207;14333;4.68;0.29;305.90;13.56;1184;48;4926.00;126
13026;47;623515020;13026;429;14207;14334;4.57;0.28;305.84;13.56;1181;48;4927.00;127
13030;47;623515032;13030;437;14208;14334;4.40;0.27;305.80;13.55;1178;48;4928.00;126
13035;47;623515043;13035;444;14209;14334;4.21;0.26;305.75;13.56;1174;48;4929.00;125
13036;47;623515053;13036;433;14211;14334;4.12;0.25;305.75;13.57;1175;48;4930.00;123
13040;47;623515065;13040;418;14212;14334;4.07;0.25;305.74;13.58;1172;48;4931.00;122
13042;47;623515075;13042;416;14221;14346;4.13;0.26;305.72;13.57;1179;48;4932.00;125
13047;47;623515087;13047;411;14221;14346;4.12;0.25;305.70;13.57;1174;48;4933.00;125
13049;47;623515098;13049;403;14224;14346;4.15;0.26;305.70;13.57;1175;48;4934.00;122
13053;47;623515110;13053;410;14224;14346;4.14;0.26;305.71;13.57;1171;48;4935.00;122
13055;47;623515124;13055;404;14226;14346;4.19;0.26;305.73;13.58;1171;48;4936.00;120
13058;48;623515136;13058;399;14227;14346;4.20;0.26;305.74;13.59;1169;49;4937.00;119
13061;48;623515163;13061;393;14230;14350;4.24;0.26;305.74;13.59;1169;49;4938.00;120
13063;48;623515175;13063;397;14230;14350;4.30;0.26;305.74;13.59;1167;49;4939.00;120
13066;48;623515186;13066;395;14235;14354;4.40;0.27;305.74;13.59;1169;49;4940.00;119
13069;48;623515198;13069;395;14235;14355;4.46;0.27;305.75;13.59;1166;49;4941.00;120
13071;48;623515210;13071;398;14236;14355;4.55;0.28;305.77;13.59;1165;49;4942.00;119
13075;48;623515223;13075;396;14236;14355;4.63;0.28;305.75;13.59;1161;49;4943.00;119
13078;48;623515235;13078;390;14247;14368;4.80;0.29;305.76;13.57;1169;49;4944.00;121
13081;48;623515249;13081;382;14247;14368;4.85;0.30;305.77;13.57;1166;49;4945.00;121
13082;48;623515267;13082;382;14247;14368;4.93;0.30;305.76;13.57;1165;49;4946.00;121
13085;48;623515279;13085;385;14248;14369;4.98;0.30;305.76;13.57;1163;49;4947.00;121
13089;48;623515291;13089;385;14248;14370;5.01;0.30;305.71;13.57;1159;49;4948.00;122
13090;48;623515303;13090;384;14248;14370;5.06;0.31;305.71;13.57;1158;49;4949.00;122
13094;48;623515317;13094;386;14254;14379;5.15;0.31;305.72;13.57;1160;49;4950.00;125
13096;48;623515330;13096;384;14254;14379;5.16;0.31;305.76;13.57;1158;49;4951.00;125
13098;48;623515342;13098;388;14256;14379;5.20;0.32;305.79;13.57;1158;49;4952.00;123
13102;48;623515354;13102;384;14257;14379;5.21;0.32;305.82;13.57;1155;49;4953.00;122
13107;48;623515367;13107;380;14262;14385;5.24;0.32;305.95;13.56;1155;49;4954.00;123
13111;48;623515380;13111;367;14262;14385;5.25;0.32;305.91;13.56;1151;49;4955.00;123
13113;48;623515393;13113;365;14262;14385;5.29;0.32;305.93;13.56;1149;49;4956.00;123
13115;48;623515411;13115;366;14262;14385;5.32;0.32;305.96;13.56;1147;49;4957.00;123
13115;48;623515423;13115;372;14265;14389;5.35;0.33;305.96;13.56;1150;49;4958.00;124
13119;48;623515435;13119;382;14266;14390;5.35;0.33;306.02;13.56;1147;49;4959.00;124
13122;48;623515447;13122;386;14266;14390;5.34;0.33;306.04;13.56;1144;49;4960.00;124
13127;48;623515459;13127;394;14267;14391;5.30;0.32;306.03;13.56;1140;49;4961.00;124
13131;48;623515472;13131;387;14267;14391;5.28;0.32;306.04;13.56;1136;49;4962.00;124
13136;48;623515485;13136;389;14267;14391;5.28;0.32;305.99;13.56;1131;49;4963.00;124
13141;48;623515497;13141;390;14267;14391;5.26;0.32;306.04;13.56;1126;49;4964.00;124
13144;48;623515509;13144;394;14267;14391;5.23;0.32;306.04;13.56;1123;49;4965.00;124
13149;48;623515521;13149;389;14267;14391;5.14;0.31;306.10;13.56;1118;49;4966.00;124
13152;48;623515534;13152;393;14267;14391;5.15;0.32;306.13;13.56;1115;49;4967.00;124
13154;48;623515545;13154;400;14309;14461;5.36;0.33;306.13;13.52;1155;49;4968.00;152
13155;48;623515562;13155;385;14311;14462;5.40;0.33;306.11;13.52;1156;49;4969.00;151
13160;48;623515575;13160;380;14317;14462;5.49;0.34;306.14;13.51;1157;49;4970.00;145
13166;48;623515589;13166;367;14319;14462;5.52;0.34;306.22;13.51;1153;49;4971.00;143
13168;48;623515601;13168;366;14321;14462;5.55;0.34;306.26;13.51;1153;49;4972.00;141
13173;48;623515613;13173;367;14323;14462;5.53;0.34;306.33;13.51;1150;49;4973.00;139
13180;48;623515626;13180;367;14325;14462;5.52;0.34;306.36;13.51;1145;49;4974.00;137
13184;48;623515639;13184;371;14328;14462;5.52;0.34;306.39;13.50;1144;49;4975.00;134
13190;48;623515651;13190;374;14330;14463;5.42;0.33;306.42;13.61;1140;49;4976.00;133
13191;48;623515665;13191;359;14332;14464;5.44;0.33;306.43;13.61;1141;49;4977.00;132
13196;48;623515677;13196;355;14334;14464;5.46;0.34;306.47;13.61;1138;49;4978.00;130
13200;48;623515691;13200;349;14338;14468;5.49;0.34;306.54;13.61;1138;49;4979.00;130
13204;48;623515706;13204;350;14339;14468;5.53;0.34;306.58;13.61;1135;49;4980.00;129
13205;48;623515720;13205;351;14339;14468;5.60;0.34;306.58;13.61;1134;49;4981.00;129
13207;48;623515733;13207;354;14339;14468;5.67;0.35;306.65;13.61;1132;49;4982.00;129
13210;48;623515746;13210;355;14344;14474;5.74;0.35;306.68;13.60;1134;49;4983.00;130
13213;48;623515760;13213;350;14344;14474;5.79;0.35;306.70;13.60;1131;49;4984.00;130
13216;48;623515774;13216;352;14344;14474;5.87;0.36;306.76;13.60;1128;49;4985.00;130
13220;48;623515787;13220;337;14347;14477;5.94;0.36;306.79;13.71;1127;49;4986.00;130
13221;48;623515802;13221;332;14347;14477;6.05;0.37;306.77;13.71;1126;49;4987.00;130
13223;48;623515815;13223;330;14348;14477;6.17;0.38;306.77;13.71;1125;49;4988.00;129
13225;48;623515829;13225;316;14348;14478;6.20;0.38;306.79;13.71;1123;49;4989.00;130
13227;48;623515845;13227;315;14349;14479;6.30;0.38;306.81;13.71;1122;49;4990.00;130
13230;48;623515865;13230;313;14349;14479;6.37;0.39;306.84;13.71;1119;49;4991.00;130
13236;48;623515888;13236;326;14359;14492;6.48;0.39;306.87;13.70;1123;49;4992.00;133
13237;48;623515911;13237;321;14359;14492;6.53;0.40;306.88;13.70;1122;49;4993.00;133
13238;48;623515932;13238;312;14360;14492;6.65;0.40;306.89;13.70;1122;49;4994.00;132
13240;48;623515951;13240;316;14362;14494;6.70;0.41;306.94;13.70;1122;49;4995.00;132
13244;48;623515970;13244;315;14363;14494;6.79;0.41;307.03;13.81;1119;49;4996.00;131
13245;48;623515984;13245;309;14367;14498;6.87;0.42;307.07;13.80;1122;49;4997.00;131
13250;48;623516001;13250;314;14367;14498;6.86;0.42;307.14;13.80;1117;49;4998.00;131
13253;48;623516017;13253;304;14370;14502;6.86;0.42;307.21;13.80;1117;49;4999.00;132
13253;48;623516034;13253;309;14370;14502;6.88;0.42;307.21;13.80;1117;49;5000.00;132
13255;48;623516053;13255;306;14370;14502;6.86;0.42;307.28;13.80;1115;49;5001.00;132
13258;49;623516068;13258;304;14370;14502;6.86;0.42;307.27;13.80;1112;50;5002.00;132
13262;49;623516097;13262;293;14370;14502;6.85;0.42;307.29;13.80;1108;50;5003.00;132
13265;49;623516111;13265;295;14379;14514;6.92;0.42;307.33;13.79;1114;50;5004.00;135
13268;49;623516135;13268;291;14379;14514;6.93;0.42;307.43;13.79;1111;50;5005.00;135
13269;49;623516149;13269;286;14381;14514;7.01;0.43;307.44;13.79;1112;50;5006.00;133
13271;49;623516164;13271;283;14381;14514;7.07;0.43;307.50;13.79;1110;50;5007.00;133
13273;49;623516177;13273;276;14381;14514;7.09;0.43;307.52;13.79;1108;50;5008.00;133
13273;49;623516191;13273;274;14381;14514;7.19;0.44;307.52;13.79;1108;50;5009.00;133
13277;49;623516206;13277;269;14381;14515;7.22;0.44;307.59;13.79;1104;50;5010.00;134
13279;49;623516221;13279;267;14382;14515;7.28;0.44;307.65;13.90;1103;50;5011.00;133
13281;49;623516236;13281;263;14387;14521;7.40;0.45;307.65;13.89;1106;50;5012.00;134
13284;49;623516252;13284;262;14388;14522;7.43;0.45;307.67;13.89;1104;50;5013.00;134
13289;49;623516267;13289;257;14388;14522;7.46;0.45;307.72;13.89;1099;50;5014.00;134
13293;49;623516282;13293;250;14388;14522;7.47;0.45;307.79;13.89;1095;50;5015.00;134
13296;49;623516297;13296;249;14391;14526;7.48;0.46;307.83;13.89;1095;50;5016.00;135
13297;49;623516312;13297;246;14391;14526;7.47;0.46;307.85;13.89;1094;50;5017.00;135
13300;49;623516326;13300;246;14391;14526;7.48;0.46;307.85;13.89;1091;50;5018.00;135
13306;49;623516345;13306;240;14392;14527;7.46;0.45;307.95;13.89;1086;50;5019.00;135
13311;49;623516359;13311;243;14395;14531;7.48;0.45;308.02;13.88;1084;50;5020.00;136
13312;49;623516374;13312;241;14395;14531;7.47;0.45;308.01;13.88;1083;50;5021.00;136
13312;49;623516388;13312;241;14397;14534;7.49;0.46;308.01;13.88;1085;50;5022.00;137
13316;49;623516403;13316;245;14397;14534;7.47;0.46;308.04;13.88;1081;50;5023.00;137
13317;49;623516417;13317;249;14398;14534;7.46;0.45;308.08;13.88;1081;50;5024.00;136
13321;49;623516430;13321;253;14398;14534;7.41;0.45;308.07;13.88;1077;50;5025.00;136
13328;49;623516444;13328;248;14402;14538;7.37;0.45;308.24;13.88;1074;50;5026.00;136
13329;49;623516458;13329;249;14402;14538;7.34;0.45;308.24;13.88;1073;50;5027.00;136
13333;49;623516472;13333;254;14402;14538;7.30;0.44;308.30;13.88;1069;50;5028.00;136
13338;49;623516485;13338;252;14402;14538;7.29;0.44;308.35;13.88;1064;50;5029.00;136
13340;49;623516498;13340;244;14402;14539;7.27;0.44;308.36;13.88;1062;50;5030.00;137
13344;49;623516512;13344;242;14403;14540;7.23;0.44;308.37;13.88;1059;50;5031.00;137
13346;49;623516525;13346;229;14404;14540;7.22;0.44;308.43;13.99;1058;50;5032.00;136
13347;49;623516539;13347;232;14405;14541;7.23;0.44;308.43;13.98;1058;50;5033.00;136
13349;49;623516552;13349;227;14406;14541;7.25;0.44;308.45;13.99;1057;50;5034.00;135
13351;49;623516567;13351;227;14407;14541;7.27;0.44;308.48;14.01;1056;50;5035.00;134
13356;49;623516580;13356;228;14407;14541;7.26;0.44;308.52;14.01;1051;50;5036.00;134
13361;49;623516593;13361;224;14407;14541;7.27;0.44;308.59;14.01;1046;50;5037.00;134
13364;49;623516606;13364;226;14407;14541;7.26;0.44;308.62;14.01;1043;50;5038.00;134
13368;49;623516619;13368;227;14407;14541;7.23;0.44;308.70;14.01;1039;50;5039.00;134
13373;49;623516633;13373;259;14507;14771;7.34;0.46;308.72;13.91;1134;50;5040.00;264
13375;49;623516665;13375;259;14511;14772;7.34;0.46;308.77;13.91;1136;50;5041.00;261
13378;49;623516679;13378;252;14519;14772;7.38;0.46;308.80;13.90;1141;50;5042.00;253
13379;49;623516693;13379;254;14522;14772;7.34;0.46;308.86;13.90;1143;50;5043.00;250
13383;49;623516706;13383;252;14532;14772;7.23;0.45;308.90;13.89;1149;50;5044.00;240
13384;49;623516720;13384;256;14536;14772;7.19;0.45;308.90;13.89;1152;50;5045.00;236
13387;49;623516734;13387;249;14544;14772;7.15;0.45;308.97;13.88;1157;50;5046.00;228
13391;49;623516747;13391;251;14550;14772;7.08;0.44;309.01;13.88;1159;50;5047.00;222
13395;49;623516761;13395;256;14557;14773;7.03;0.44;309.02;13.88;1162;50;5048.00;216
13397;49;623516774;13397;261;14563;14774;6.97;0.43;309.10;13.88;1166;50;5049.00;211
13401;49;623516788;13401;261;14568;14774;6.92;0.43;309.10;13.87;1167;50;5050.00;206
13403;49;623516802;13403;275;14571;14775;6.88;0.43;309.06;13.87;1168;50;5051.00;204
13405;49;623516816;13405;277;14573;14775;6.83;0.42;309.02;13.87;1168;50;5052.00;202
13408;49;623516829;13408;285;14577;14775;6.79;0.42;309.02;13.87;1169;50;5053.00;198
13411;49;623516845;13411;293;14578;14775;6.69;0.41;309.09;13.87;1167;50;5054.00;197
13413;49;623516864;13413;297;14584;14779;6.65;0.41;309.09;13.87;1171;50;5055.00;195
13417;49;623516878;13417;297;14588;14779;6.62;0.41;309.14;13.88;1171;50;5056.00;191
13419;49;623516892;13419;308;14592;14779;6.55;0.40;309.15;13.88;1173;50;5057.00;187
13420;49;623516911;13420;317;14593;14782;6.45;0.40;309.17;13.88;1173;50;5058.00;189
13424;49;623516924;13424;313;14597;14782;6.41;0.39;309.17;13.88;1173;50;5059.00;185
13427;49;623516938;13427;315;14601;14782;6.41;0.39;309.15;13.89;1174;50;5060.00;181
13431;49;623516951;13431;320;14606;14786;6.36;0.39;309.20;13.89;1175;50;5061.00;180
13435;49;623516965;13435;334;14610;14787;6.30;0.39;309.18;13.91;1175;50;5062.00;177
13438;49;623516979;13438;340;14611;14787;6.22;0.38;309.19;13.91;1173;50;5063.00;176
13439;49;623516992;13439;346;14615;14791;6.22;0.38;309.19;13.92;1176;50;5064.00;176
13440;49;623517005;13440;354;14616;14791;6.22;0.38;309.20;13.92;1176;50;5065.00;175
13446;49;623517019;13446;362;14622;14791;6.11;0.37;309.22;13.93;1176;50;5066.00;169
13447;49;623517034;13447;373;14623;14792;6.04;0.37;309.25;13.94;1176;50;5067.00;169
13450;49;623517047;13450;381;14625;14792;5.99;0.37;309.23;13.95;1175;50;5068.00;167
13450;49;623517062;13450;390;14631;14798;5.97;0.36;309.23;13.95;1181;50;5069.00;167
13451;49;623517077;13451;398;14633;14798;5.90;0.36;309.23;13.95;1182;50;5070.00;165
13452;49;623517090;13452;408;14636;14799;5.80;0.35;309.21;13.96;1184;50;5071.00;163
13453;49;623517102;13453;411;14638;14799;5.67;0.35;309.23;13.96;1185;50;5072.00;161
13457;49;623517117;13457;420;14641;14799;5.54;0.34;309.19;13.97;1184;50;5073.00;158
13460;49;623517129;13460;429;14642;14799;5.44;0.33;309.19;13.97;1182;50;5074.00;157
13461;49;623517142;13461;434;14642;14799;5.36;0.33;309.16;13.97;1181;50;5075.00;157
13464;49;623517153;13464;444;14655;14811;5.33;0.33;309.17;13.98;1191;50;5076.00;156
13466;49;623517166;13466;449;14655;14811;5.22;0.32;309.17;13.98;1189;50;5077.00;156
13467;49;623517178;13467;459;14658;14811;5.13;0.32;309.16;13.98;1191;50;5078.00;153
13468;49;623517190;13468;462;14660;14811;5.03;0.31;309.16;13.99;1192;50;5079.00;151
13470;49;623517202;13470;467;14662;14811;4.91;0.30;309.16;14.00;1192;50;5080.00;149
13471;49;623517214;13471;476;14664;14811;4.84;0.30;309.18;14.00;1193;50;5081.00;147
13473;49;623517227;13473;479;14670;14815;4.80;0.29;309.15;14.03;1197;50;5082.00;145
13477;49;623517239;13477;462;14670;14815;4.77;0.29;309.12;14.03;1193;50;5083.00;145
13480;49;623517252;13480;451;14674;14819;4.83;0.30;309.10;14.02;1194;50;5084.00;145
13483;49;623517265;13483;445;14677;14821;4.83;0.30;309.14;14.03;1194;50;5085.00;144
13486;49;623517277;13486;443;14677;14821;4.86;0.30;309.09;14.03;1191;50;5086.00;144
13486;49;623517290;13486;434;14680;14821;4.88;0.30;309.09;14.06;1194;50;5087.00;141
13487;49;623517301;13487;443;14691;14834;4.98;0.31;309.08;14.05;1204;50;5088.00;143
13489;49;623517315;13489;443;14691;14834;5.01;0.31;309.07;14.05;1202;50;5089.00;143
13492;49;623517338;13492;439;14692;14834;5.01;0.31;309.05;14.05;1200;50;5090.00;142
13494;49;623517350;13494;447;14693;14835;5.00;0.31;309.03;14.05;1199;50;5091.00;142
13498;49;623517362;13498;444;14696;14836;5.00;0.30;308.99;14.07;1198;50;5092.00;140
13501;49;623517374;13501;450;14696;14836;5.00;0.30;308.96;14.07;1195;50;5093.00;140
13503;49;623517386;13503;447;14699;14839;5.00;0.31;308.94;14.07;1196;50;5094.00;140
13505;49;623517399;13505;454;14700;14839;5.03;0.31;308.92;14.08;1195;50;5095.00;139
13507;49;623517411;13507;447;14700;14839;5.04;0.31;308.93;14.08;1193;50;5096.00;139
13512;49;623517423;13512;449;14703;14839;4.99;0.30;308.87;14.10;1191;50;5097.00;136
13514;49;623517441;13514;444;14708;14845;5.03;0.31;308.87;14.09;1194;50;5098.00;137
13515;49;623517453;13515;452;14709;14845;4.98;0.31;308.86;14.09;1194;50;5099.00;136
13518;49;623517468;13518;446;14714;14864;4.89;0.30;308.86;14.09;1196;50;5100.00;150
13522;49;623517486;13522;437;14715;14864;4.88;0.30;308.86;14.10;1193;50;5101.00;149
13525;49;623517498;13525;435;14716;14868;4.87;0.30;308.83;14.10;1191;50;5102.00;152
13527;49;623517511;13527;433;14719;14869;4.88;0.30;308.84;14.10;1192;50;5103.00;150
13530;49;623517523;13530;431;14719;14869;4.87;0.30;308.90;14.10;1189;50;5104.00;150
13534;49;623517535;13534;439;14721;14870;4.88;0.30;308.89;14.10;1187;50;5105.00;149
13539;49;623517547;13539;439;14725;14870;4.87;0.30;308.92;14.11;1186;50;5106.00;145
13540;49;623517559;13540;433;14725;14870;4.90;0.30;308.90;14.11;1185;50;5107.00;145
13543;49;623517571;13543;424;14727;14870;4.93;0.30;308.91;14.12;1184;50;5108.00;143
13546;49;623517583;13546;426;14727;14870;5.00;0.31;308.93;14.12;1181;50;5109.00;143
13550;49;623517595;13550;423;14727;14870;5.00;0.31;308.98;14.12;1177;50;5110.00;143
13552;49;623517607;13552;421;14727;14870;5.04;0.31;308.99;14.12;1175;50;5111.00;143
13558;49;623517620;13558;424;14759;14940;5.10;0.31;308.97;14.09;1201;50;5112.00;181
13560;49;623517638;13560;422;14762;14941;5.14;0.32;309.02;14.09;1202;50;5113.00;179
13563;49;623517651;13563;412;14766;14941;5.16;0.32;309.10;14.08;1203;50;5114.00;175
13569;49;623517665;13569;409;14769;14941;5.14;0.32;309.17;14.08;1200;50;5115.00;172
13572;49;623517678;13572;401;14772;14941;5.21;0.32;309.14;14.08;1200;50;5116.00;169
13575;49;623517691;13575;401;14774;14941;5.27;0.32;309.21;14.08;1199;50;5117.00;167
13579;49;623517704;13579;408;14779;14941;5.32;0.33;309.22;14.08;1200;50;5118.00;162
13581;49;623517717;13581;405;14780;14941;5.36;0.33;309.26;14.08;1199;50;5119.00;161
13589;49;623517730;13589;406;14782;14942;5.37;0.33;309.22;14.07;1193;50;5120.00;160
13592;49;623517743;13592;406;14784;14943;5.43;0.33;309.21;14.07;1192;50;5121.00;159
13596;49;623517757;13596;403;14786;14943;5.42;0.33;309.30;14.07;1190;50;5122.00;157
13600;49;623517770;13600;405;14789;14947;5.41;0.33;309.35;14.07;1189;50;5123.00;158
13601;49;623517784;13601;414;14792;14947;5.44;0.33;309.35;14.07;1191;50;5124.00;155
13603;49;623517797;13603;414;14793;14947;5.46;0.34;309.35;14.07;1190;50;5125.00;154
13607;49;623517810;13607;419;14794;14947;5.47;0.34;309.31;14.07;1187;50;5126.00;153
13612;49;623517823;13612;421;14798;14953;5.49;0.34;309.30;14.07;1186;50;5127.00;155
13614;49;623517837;13614;427;14801;14953;5.52;0.34;309.30;14.07;1187;50;5128.00;152
13618;49;623517857;13618;425;14804;14953;5.55;0.34;309.43;14.07;1186;50;5129.00;149
13620;49;623517882;13620;430;14808;14959;5.57;0.34;309.43;14.07;1188;50;5130.00;151
13624;49;623517905;13624;431;14811;14959;5.53;0.34;309.51;14.07;1187;50;5131.00;148
13630;49;623517938;13630;426;14813;14959;5.50;0.34;309.62;14.07;1183;50;5132.00;146
13631;49;623517961;13631;428;14815;14960;5.51;0.34;309.63;14.07;1184;50;5133.00;145
13638;49;623517977;13638;429;14816;14961;5.45;0.33;309.62;14.07;1178;50;5134.00;145
13641;49;623517992;13641;438;14818;14961;5.48;0.33;309.65;14.07;1177;50;5135.00;143
13644;49;623518007;13644;441;14829;14974;5.52;0.34;309.69;14.06;1185;50;5136.00;145
13648;49;623518022;13648;442;14830;14974;5.49;0.33;309.78;14.06;1182;50;5137.00;144
13652;49;623518036;13652;441;14831;14974;5.45;0.33;309.84;14.06;1179;50;5138.00;143
13656;49;623518050;13656;447;14832;14975;5.49;0.33;309.86;14.06;1176;50;5139.00;143
13660;49;623518065;13660;441;14832;14975;5.53;0.34;309.85;14.06;1172;50;5140.00;143
13662;49;623518078;13662;437;14838;14979;5.58;0.34;309.89;14.06;1176;50;5141.00;141
13666;49;623518092;13666;430;14838;14979;5.53;0.34;309.89;14.06;1172;50;5142.00;141
13668;49;623518106;13668;433;14842;14983;5.48;0.33;309.90;14.06;1174;50;5143.00;141
13669;49;623518120;13669;431;14842;14983;5.46;0.33;309.91;14.06;1173;50;5144.00;141
13671;49;623518134;13671;432;14842;14983;5.45;0.33;309.94;14.06;1171;50;5145.00;141
13674;49;623518149;13674;440;14842;14983;5.40;0.33;310.01;14.06;1168;50;5146.00;141
13678;49;623518162;13678;425;14842;14983;5.35;0.33;310.04;14.06;1164;50;5147.00;141
13684;49;623518176;13684;423;14850;14995;5.35;0.33;310.13;14.05;1166;50;5148.00;145
13689;49;623518191;13689;418;14851;14995;5.40;0.33;310.15;14.05;1162;50;5149.00;144
13691;49;623518205;13691;416;14854;14995;5.47;0.33;310.21;14.15;1163;50;5150.00;141
13694;49;623518222;13694;408;14854;14995;5.55;0.34;310.23;14.15;1160;50;5151.00;141
13697;49;623518235;13697;408;14854;14995;5.59;0.34;310.31;14.15;1157;50;5152.00;141
13699;49;623518250;13699;408;14854;14995;5.63;0.34;310.31;14.15;1155;50;5153.00;141
13703;49;623518270;13703;400;14854;14996;5.69;0.35;310.31;14.15;1151;50;5154.00;142
13706;49;623518284;13706;397;14856;14998;5.70;0.35;310.33;14.15;1150;50;5155.00;142
13707;49;623518298;13707;382;14861;15004;5.79;0.35;310.32;14.15;1154;50;5156.00;143
13711;49;623518313;13711;376;14862;15005;5.80;0.35;310.36;14.15;1151;50;5157.00;143
13714;49;623518334;13714;361;14862;15005;5.85;0.35;310.35;14.15;1148;50;5158.00;143
13715;49;623518354;13715;354;14862;15005;5.91;0.36;310.35;14.15;1147;50;5159.00;143
13718;49;623518372;13718;348;14866;15010;6.00;0.36;310.43;14.14;1148;50;5160.00;144
13721;49;623518388;13721;338;14866;15010;6.09;0.37;310.50;14.14;1145;50;5161.00;144
13723;49;623518404;13723;332;14866;15010;6.16;0.37;310.53;14.14;1143;50;5162.00;144
13728;49;623518419;13728;331;14867;15011;6.23;0.38;310.57;14.14;1139;50;5163.00;144
13729;49;623518434;13729;334;14870;15015;6.33;0.38;310.60;14.14;1141;50;5164.00;145
13731;49;623518449;13731;329;14870;15015;6.34;0.38;310.66;14.14;1139;50;5165.00;145
13732;49;623518463;13732;333;14872;15018;6.40;0.39;310.68;14.14;1140;50;5166.00;146
13735;49;623518479;13735;330;14872;15018;6.37;0.39;310.66;14.14;1137;50;5167.00;146
13735;49;623518493;13735;331;14873;15018;6.39;0.39;310.66;14.14;1138;50;5168.00;145
13739;49;623518508;13739;321;14873;15018;6.39;0.39;310.65;14.14;1134;50;5169.00;145
13740;49;623518522;13740;317;14877;15022;6.45;0.39;310.65;14.13;1137;50;5170.00;145
13743;49;623518538;13743;315;14877;15022;6.52;0.40;310.72;14.13;1134;50;5171.00;145
13746;49;623518552;13746;314;14877;15022;6.59;0.40;310.75;14.13;1131;50;5172.00;145
13748;49;623518567;13748;311;14877;15022;6.66;0.40;310.74;14.13;1129;50;5173.00;145
13749;49;623518582;13749;314;14877;15023;6.71;0.41;310.74;14.13;1128;50;5174.00;146
13753;49;623518596;13753;306;14879;15025;6.70;0.41;310.76;14.13;1126;50;5175.00;146
13754;49;623518611;13754;304;14879;15025;6.66;0.40;310.81;14.13;1125;50;5176.00;146
13755;49;623518625;13755;307;14880;15026;6.68;0.41;310.83;14.13;1125;50;5177.00;146
13757;49;623518639;13757;306;14880;15026;6.72;0.41;310.84;14.13;1123;50;5178.00;146
13760;49;623518654;13760;300;14880;15026;6.74;0.41;310.90;14.13;1120;50;5179.00;146
13762;50;623518668;13762;300;14880;15026;6.73;0.41;310.92;14.13;1118;51;5180.00;146
13766;50;623518694;13766;304;14880;15026;6.70;0.41;310.99;14.13;1114;51;5181.00;146
13771;50;623518708;13771;293;14880;15026;6.70;0.41;310.99;14.13;1109;51;5182.00;146
13774;50;623518728;13774;292;14880;15026;6.72;0.41;311.01;14.13;1106;51;5183.00;146
13778;50;623518743;13778;306;14950;15153;6.85;0.42;311.02;14.07;1172;51;5184.00;203
13779;50;623518769;13779;295;14950;15154;6.90;0.42;311.01;14.07;1171;51;5185.00;204
13781;50;623518784;13781;279;14955;15154;6.97;0.43;311.00;14.06;1174;51;5186.00;199
13784;50;623518799;13784;271;14955;15154;6.98;0.43;311.11;14.06;1171;51;5187.00;199
13785;50;623518815;13785;268;14962;15154;7.02;0.43;311.10;14.06;1177;51;5188.00;192
13789;50;623518831;13789;267;14963;15154;7.03;0.43;311.07;14.06;1174;51;5189.00;191
13791;50;623518851;13791;274;14967;15154;7.08;0.43;311.10;14.05;1176;51;5190.00;187
13793;50;623518875;13793;278;14971;15154;7.10;0.44;311.15;14.05;1178;51;5191.00;183
13797;50;623518892;13797;272;14975;15155;7.09;0.43;311.23;14.05;1178;51;5192.00;180
13797;50;623518907;13797;281;14980;15156;7.09;0.43;311.23;14.05;1183;51;5193.00;176
13801;50;623518921;13801;280;14983;15156;7.05;0.43;311.32;14.05;1182;51;5194.00;173
13805;50;623518936;13805;278;14986;15157;6.99;0.43;311.35;14.05;1181;51;5195.00;171
13807;50;623518953;13807;282;14988;15157;6.97;0.43;311.38;14.05;1181;51;5196.00;169
13812;50;623518967;13812;288;14992;15157;6.90;0.42;311.48;14.05;1180;51;5197.00;165
13813;50;623518983;13813;287;14993;15157;6.92;0.42;311.49;14.05;1180;51;5198.00;164
13815;50;623518998;13815;280;14997;15161;6.92;0.42;311.50;14.04;1182;51;5199.00;164
13820;50;623519014;13820;283;14997;15161;6.84;0.42;311.54;14.04;1177;51;5200.00;164
13824;50;623519034;13824;287;14998;15161;6.78;0.41;311.61;14.04;1174;51;5201.00;163
13825;50;623519051;13825;277;15000;15164;6.71;0.41;311.60;14.04;1175;51;5202.00;164
13830;50;623519065;13830;277;15000;15164;6.62;0.40;311.70;14.04;1170;51;5203.00;164
13833;50;623519079;13833;280;15001;15164;6.57;0.40;311.69;14.04;1168;51;5204.00;163
13836;50;623519094;13836;275;15007;15168;6.54;0.40;311.69;14.06;1171;51;5205.00;161
13838;50;623519109;13838;270;15010;15169;6.50;0.40;311.71;14.06;1172;51;5206.00;159
13843;50;623519123;13843;276;15011;15169;6.41;0.39;311.70;14.06;1168;51;5207.00;158
13846;50;623519137;13846;279;15013;15173;6.40;0.39;311.72;14.06;1167;51;5208.00;160
13849;50;623519150;13849;279;15013;15173;6.36;0.39;311.71;14.06;1164;51;5209.00;160
13851;50;623519163;13851;286;15013;15173;6.30;0.38;311.70;14.06;1162;51;5210.00;160
13854;50;623519177;13854;283;15014;15174;6.31;0.38;311.68;14.06;1160;51;5211.00;160
13858;50;623519190;13858;286;15015;15174;6.24;0.38;311.67;14.06;1157;51;5212.00;159
13860;50;623519203;13860;291;15019;15180;6.30;0.38;311.69;14.05;1159;51;5213.00;161
13864;50;623519217;13864;296;15019;15180;6.28;0.38;311.67;14.05;1155;51;5214.00;161
13866;50;623519230;13866;297;15019;15180;6.22;0.38;311.66;14.05;1153;51;5215.00;161
13869;50;623519243;13869;298;15019;15181;6.12;0.37;311.64;14.05;1150;51;5216.00;162
13869;50;623519256;13869;304;15020;15181;6.03;0.37;311.64;14.05;1151;51;5217.00;161
13871;50;623519269;13871;311;15020;15181;5.98;0.36;311.61;14.05;1149;51;5218.00;161
13873;50;623519281;13873;316;15020;15181;5.90;0.36;311.65;14.05;1147;51;5219.00;161
13878;50;623519295;13878;320;15042;15217;5.92;0.36;311.59;14.03;1164;51;5220.00;175
13880;50;623519311;13880;321;15045;15217;5.88;0.36;311.57;14.03;1165;51;5221.00;172
13883;50;623519323;13883;328;15047;15217;5.87;0.36;311.51;14.03;1164;51;5222.00;170
13886;50;623519335;13886;328;15047;15217;5.86;0.36;311.52;14.03;1161;51;5223.00;170
13888;50;623519348;13888;330;15049;15217;5.84;0.36;311.50;14.03;1161;51;5224.00;168
13892;50;623519360;13892;338;15050;15217;5.82;0.35;311.56;14.03;1158;51;5225.00;167
13895;50;623519373;13895;340;15055;15221;5.77;0.35;311.51;14.03;1160;51;5226.00;166
13896;50;623519385;13896;352;15055;15221;5.75;0.35;311.50;14.03;1159;51;5227.00;166
13896;50;623519398;13896;355;15058;15225;5.75;0.35;311.50;14.02;1162;51;5228.00;167
13896;50;623519410;13896;363;15061;15226;5.76;0.35;311.50;14.02;1165;51;5229.00;165
13896;50;623519423;13896;370;15063;15226;5.68;0.35;311.50;14.04;1167;51;5230.00;163
13897;50;623519435;13897;379;15063;15226;5.60;0.34;311.53;14.04;1166;51;5231.00;163
13900;50;623519447;13900;379;15074;15239;5.54;0.34;311.49;14.03;1174;51;5232.00;165
13901;50;623519460;13901;388;15076;15239;5.46;0.33;311.48;14.05;1175;51;5233.00;163
13901;50;623519473;13901;394;15076;15239;5.42;0.33;311.48;14.05;1175;51;5234.00;163
13902;50;623519484;13902;389;15078;15240;5.41;0.33;311.50;14.06;1176;51;5235.00;162
13902;50;623519497;13902;390;15079;15241;5.40;0.33;311.50;14.07;1177;51;5236.00;162
13905;50;623519509;13905;388;15079;15241;5.36;0.33;311.54;14.07;1174;51;5237.00;162
13908;50;623519521;13908;390;15083;15244;5.37;0.33;311.56;14.09;1175;51;5238.00;161
13909;50;623519535;13909;394;15083;15244;5.34;0.33;311.57;14.09;1174;51;5239.00;161
13909;50;623519547;13909;395;15085;15244;5.38;0.33;311.57;14.10;1176;51;5240.00;159
13910;50;623519559;13910;392;15086;15244;5.40;0.33;311.59;14.11;1176;51;5241.00;158
13911;50;623519577;13911;397;15091;15250;5.51;0.34;311.59;14.10;1180;51;5242.00;159
13912;50;623519590;13912;396;15091;15250;5.50;0.34;311.57;14.10;1179;51;5243.00;159
13912;50;623519603;13912;399;15091;15250;5.46;0.33;311.57;14.10;1179;51;5244.00;159
13913;50;623519615;13913;404;15094;15250;5.42;0.33;311.58;14.13;1181;51;5245.00;156
13914;50;623519627;13914;405;15098;15254;5.40;0.33;311.62;14.13;1184;51;5246.00;156
13915;50;623519640;13915;412;15102;15255;5.36;0.33;311.62;14.16;1187;51;5247.00;153
13916;50;623519652;13916;408;15102;15255;5.30;0.32;311.67;14.16;1186;51;5248.00;153
13919;51;623519665;13919;410;15104;15256;5.22;0.32;311.63;14.16;1185;52;5249.00;152
13922;51;623519695;13922;411;15106;15256;5.21;0.32;311.61;14.17;1184;52;5250.00;150
13922;51;623519707;13922;408;15107;15256;5.20;0.32;311.61;14.18;1185;52;5251.00;149
13923;51;623519725;13923;404;15107;15256;5.18;0.31;311.60;14.18;1184;52;5252.00;149
13923;51;623519737;13923;405;15109;15256;5.16;0.31;311.60;14.19;1186;52;5253.00;147
13924;51;623519749;13924;402;15110;15256;5.14;0.31;311.61;14.20;1186;52;5254.00;146
13925;51;623519761;13925;406;15110;15256;5.12;0.31;311.60;14.20;1185;52;5255.00;146
13926;51;623519773;13926;409;15145;15326;5.33;0.33;311.59;14.18;1219;52;5256.00;181
13927;51;623519791;13927;411;15145;15327;5.35;0.33;311.65;14.18;1218;52;5257.00;182
13929;51;623519809;13929;409;15155;15327;5.40;0.33;311.71;14.18;1226;52;5258.00;172
13931;51;623519821;13931;406;15162;15327;5.38;0.33;311.77;14.17;1231;52;5259.00;165
13936;51;623519833;13936;399;15167;15327;5.36;0.33;311.74;14.17;1231;52;5260.00;160
13939;51;623519848;13939;401;15169;15327;5.29;0.32;311.81;14.18;1230;52;5261.00;158
13941;51;623519869;13941;405;15172;15327;5.21;0.32;311.80;14.18;1231;52;5262.00;155
13944;51;623519888;13944;417;15176;15327;5.11;0.31;311.79;14.18;1232;52;5263.00;151
13950;51;623519907;13950;420;15179;15328;5.00;0.31;311.81;14.18;1229;52;5264.00;149
13954;51;623519926;13954;421;15183;15330;4.92;0.30;311.86;14.18;1229;52;5265.00;147
13958;51;623519946;13958;433;15186;15330;4.84;0.30;311.87;14.18;1228;52;5266.00;144
13962;51;623519963;13962;437;15191;15334;4.78;0.29;311.91;14.18;1229;52;5267.00;143
13964;51;623519978;13964;445;15192;15334;4.72;0.29;311.87;14.18;1228;52;5268.00;142
13967;51;623519992;13967;455;15192;15334;4.68;0.29;311.89;14.18;1225;52;5269.00;142
13970;51;623520008;13970;453;15193;15334;4.65;0.28;311.93;14.19;1223;52;5270.00;141
13972;51;623520029;13972;456;15198;15340;4.67;0.29;311.94;14.18;1226;52;5271.00;142
13976;51;623520047;13976;451;15200;15340;4.62;0.28;311.92;14.19;1224;52;5272.00;140
13979;51;623520075;13979;456;15200;15340;4.60;0.28;311.94;14.19;1221;52;5273.00;140
13982;51;623520089;13982;456;15202;15343;4.57;0.28;312.00;14.19;1220;52;5274.00;141
13983;51;623520102;13983;458;15202;15343;4.57;0.28;312.01;14.19;1219;52;5275.00;141
13986;51;623520122;13986;460;15203;15343;4.54;0.28;312.10;14.19;1217;52;5276.00;140
13991;51;623520135;13991;456;15205;15344;4.48;0.27;312.15;14.21;1214;52;5277.00;139
13993;51;623520149;13993;451;15207;15345;4.50;0.27;312.16;14.21;1214;52;5278.00;138
13996;51;623520162;13996;440;15208;15345;4.48;0.27;312.20;14.21;1212;52;5279.00;137
13998;51;623520177;13998;446;15226;15371;4.57;0.28;312.19;14.19;1228;52;5280.00;145
14001;51;623520192;14001;435;15227;15371;4.57;0.28;312.21;14.19;1226;52;5281.00;144
14003;51;623520206;14003;436;15230;15371;4.65;0.28;312.21;14.19;1227;52;5282.00;141
14007;51;623520219;14007;426;15231;15372;4.69;0.28;312.18;14.19;1224;52;5283.00;141
14011;51;623520233;14011;421;15232;15372;4.70;0.29;312.19;14.19;1221;52;5284.00;140
14016;51;623520246;14016;418;15235;15376;4.74;0.29;312.16;14.18;1219;52;5285.00;141
14019;51;623520261;14019;416;15235;15376;4.78;0.29;312.16;14.18;1216;52;5286.00;141
14021;51;623520275;14021;413;15237;15379;4.84;0.29;312.17;14.18;1216;52;5287.00;142
14022;51;623520289;14022;414;15238;15380;4.88;0.30;312.20;14.18;1216;52;5288.00;142
14025;51;623520302;14025;411;15239;15380;4.93;0.30;312.20;14.18;1214;52;5289.00;141
14029;51;623520316;14029;406;15239;15380;4.95;0.30;312.17;14.18;1210;52;5290.00;141
14032;51;623520329;14032;411;15240;15380;5.00;0.30;312.16;14.18;1208;52;5291.00;140
14035;51;623520342;14035;405;15250;15392;5.14;0.31;312.21;14.17;1215;52;5292.00;142
14038;51;623520357;14038;410;15251;15392;5.17;0.31;312.24;14.17;1213;52;5293.00;141
14041;51;623520370;14041;412;15251;15392;5.24;0.32;312.23;14.17;1210;52;5294.00;141
14046;51;623520385;14046;410;15251;15392;5.32;0.32;312.31;14.17;1205;52;5295.00;141
14049;51;623520399;14049;409;15251;15392;5.39;0.33;312.33;14.17;1202;52;5296.00;141
14052;51;623520414;14052;406;15251;15392;5.45;0.33;312.36;14.17;1199;52;5297.00;141
14055;51;623520428;14055;409;15251;15393;5.50;0.33;312.39;14.17;1196;52;5298.00;142
14057;51;623520442;14057;406;15251;15393;5.54;0.34;312.40;14.17;1194;52;5299.00;142
14064;52;623520456;14064;406;15256;15399;5.56;0.34;312.45;14.17;1192;53;5300.00;143
14070;52;623520491;14070;410;15257;15400;5.52;0.34;312.42;14.17;1187;53;5301.00;143
14073;52;623520505;14073;415;15257;15400;5.51;0.34;312.44;14.17;1184;53;5302.00;143
14078;52;623520520;14078;406;15257;15400;5.44;0.33;312.49;14.17;1179;53;5303.00;143
14082;52;623520535;14082;408;15260;15404;5.44;0.33;312.52;14.16;1178;53;5304.00;144
14086;52;623520549;14086;408;15260;15404;5.48;0.33;312.57;14.16;1174;53;5305.00;144
14089;53;623520563;14089;401;15261;15404;5.48;0.33;312.55;14.27;1172;54;5306.00;143
14092;53;623520593;14092;397;15262;15405;5.48;0.33;312.57;14.27;1170;54;5307.00;143
14094;53;623520608;14094;404;15265;15409;5.51;0.34;312.58;14.27;1171;54;5308.00;144
14095;53;623520622;14095;401;15265;15409;5.53;0.34;312.58;14.27;1170;54;5309.00;144
14099;53;623520645;14099;391;15269;15415;5.56;0.34;312.61;14.27;1170;54;5310.00;146
14104;53;623520661;14104;396;15270;15415;5.53;0.34;312.69;14.27;1166;54;5311.00;145
14106;53;623520676;14106;393;15271;15415;5.52;0.34;312.67;14.27;1165;54;5312.00;144
14110;53;623520691;14110;398;15271;15415;5.53;0.34;312.71;14.27;1161;54;5313.00;144
14112;53;623520705;14112;401;15275;15419;5.59;0.34;312.73;14.26;1163;54;5314.00;144
14117;53;623520720;14117;406;15275;15419;5.57;0.34;312.73;14.26;1158;54;5315.00;144
14121;53;623520734;14121;410;15275;15419;5.55;0.34;312.77;14.26;1154;54;5316.00;144
14124;53;623520749;14124;392;15275;15419;5.60;0.34;312.85;14.26;1151;54;5317.00;144
14128;53;623520762;14128;387;15275;15420;5.62;0.34;312.85;14.26;1147;54;5318.00;145
14132;53;623520777;14132;382;15276;15421;5.66;0.35;312.90;14.26;1144;54;5319.00;145
14138;53;623520797;14138;381;15276;15421;5.67;0.35;312.99;14.26;1138;54;5320.00;145
14143;53;623520812;14143;381;15277;15422;5.70;0.35;313.01;14.26;1134;54;5321.00;145
14148;53;623520827;14148;381;15278;15422;5.74;0.35;313.00;14.37;1130;54;5322.00;144
14148;53;623520845;14148;386;15278;15422;5.78;0.35;313.00;14.37;1130;54;5323.00;144
14153;53;623520864;14153;386;15278;15422;5.74;0.35;313.09;14.37;1125;54;5324.00;144
14160;53;623520877;14160;388;15278;15422;5.71;0.35;313.19;14.37;1118;54;5325.00;144
14162;53;623520891;14162;377;15278;15422;5.69;0.35;313.19;14.37;1116;54;5326.00;144
14163;53;623520905;14163;375;15278;15422;5.68;0.35;313.19;14.37;1115;54;5327.00;144
14167;53;623520922;14167;392;15350;15549;5.82;0.36;313.29;14.30;1183;54;5328.00;199
14168;53;623520946;14168;374;15351;15550;5.80;0.36;313.31;14.30;1183;54;5329.00;199
14171;53;623520960;14171;363;15356;15550;5.84;0.36;313.32;14.30;1185;54;5330.00;194
14176;53;623520974;14176;362;15360;15550;5.86;0.36;313.35;14.30;1184;54;5331.00;190
14177;53;623520988;14177;366;15364;15550;5.88;0.36;313.39;14.29;1187;54;5332.00;186
14180;53;623521002;14180;364;15366;15550;5.90;0.36;313.47;14.29;1186;54;5333.00;184
14183;53;623521016;14183;362;15368;15550;5.93;0.36;313.54;14.29;1185;54;5334.00;182
14188;53;623521030;14188;364;15371;15550;5.91;0.36;313.56;14.29;1183;54;5335.00;179
14191;53;623521050;14191;360;15374;15551;5.98;0.37;313.62;14.29;1183;54;5336.00;177
14194;53;623521065;14194;363;15377;15552;5.98;0.37;313.69;14.29;1183;54;5337.00;175
14195;53;623521079;14195;364;15382;15552;6.04;0.37;313.69;14.29;1187;54;5338.00;170
14197;53;623521094;14197;368;15385;15553;6.10;0.37;313.69;14.29;1188;54;5339.00;168
14199;53;623521109;14199;366;15388;15553;6.11;0.37;313.70;14.29;1189;54;5340.00;165
14199;53;623521124;14199;365;15390;15553;6.19;0.38;313.70;14.29;1191;54;5341.00;163
14201;53;623521138;14201;367;15394;15553;6.20;0.38;313.70;14.40;1193;54;5342.00;159
14203;53;623521154;14203;361;15397;15557;6.20;0.38;313.72;14.39;1194;54;5343.00;160
14204;53;623521169;14204;360;15398;15557;6.19;0.38;313.72;14.39;1194;54;5344.00;159
14207;53;623521184;14207;365;15399;15557;6.13;0.38;313.78;14.39;1192;54;5345.00;158
14208;53;623521198;14208;364;15401;15560;6.11;0.37;313.81;14.39;1193;54;5346.00;159
14211;53;623521215;14211;370;15401;15560;6.12;0.37;313.79;14.39;1190;54;5347.00;159
14214;53;623521230;14214;370;15403;15560;6.16;0.38;313.78;14.39;1189;54;5348.00;157
14219;53;623521244;14219;371;15406;15564;6.17;0.38;313.81;14.39;1187;54;5349.00;158
14221;53;623521259;14221;373;15407;15565;6.19;0.38;313.80;14.39;1186;54;5350.00;158
14224;53;623521273;14224;374;15408;15565;6.21;0.38;313.84;14.39;1184;54;5351.00;157
14227;53;623521288;14227;372;15412;15569;6.22;0.38;313.90;14.39;1185;54;5352.00;157
14230;53;623521302;14230;370;15413;15569;6.24;0.38;313.89;14.39;1183;54;5353.00;156
14233;53;623521316;14233;375;15413;15569;6.22;0.38;313.89;14.39;1180;54;5354.00;156
14236;53;623521329;14236;374;15415;15571;6.20;0.38;313.93;14.38;1179;54;5355.00;156
14238;53;623521344;14238;372;15415;15571;6.16;0.37;313.96;14.38;1177;54;5356.00;156
14241;53;623521357;14241;378;15420;15577;6.16;0.37;313.97;14.38;1179;54;5357.00;157
14244;53;623521372;14244;383;15420;15577;6.11;0.37;314.01;14.38;1176;54;5358.00;157
14247;53;623521386;14247;378;15420;15577;6.04;0.37;313.99;14.38;1173;54;5359.00;157
14249;53;623521400;14249;380;15421;15578;6.06;0.37;313.98;14.49;1172;54;5360.00;157
14251;53;623521414;14251;382;15421;15578;6.01;0.36;313.98;14.49;1170;54;5361.00;157
14252;53;623521428;14252;382;15421;15578;5.97;0.36;313.97;14.49;1169;54;5362.00;157
14254;53;623521449;14254;382;15421;15578;5.95;0.36;313.96;14.49;1167;54;5363.00;157
14257;53;623521462;14257;387;15430;15590;5.96;0.36;313.92;14.49;1173;54;5364.00;160
14257;53;623521477;14257;388;15430;15590;5.93;0.36;313.92;14.49;1173;54;5365.00;160
14262;53;623521490;14262;392;15432;15590;5.88;0.36;313.98;14.48;1170;54;5366.00;158
14264;53;623521504;14264;392;15432;15590;5.88;0.36;313.95;14.48;1168;54;5367.00;158
14267;53;623521518;14267;397;15432;15590;5.81;0.35;313.91;14.48;1165;54;5368.00;158
14269;53;623521531;14269;389;15432;15590;5.75;0.35;313.95;14.48;1163;54;5369.00;158
14271;53;623521546;14271;391;15435;15594;5.73;0.35;313.96;14.48;1164;54;5370.00;159
14273;53;623521559;14273;389;15436;15594;5.75;0.35;313.94;14.59;1163;54;5371.00;158
14274;53;623521571;14274;386;15440;15598;5.76;0.35;313.93;14.59;1166;54;5372.00;158
14277;53;623521590;14277;386;15441;15599;5.75;0.35;313.92;14.59;1164;54;5373.00;158
14278;53;623521604;14278;391;15441;15599;5.74;0.35;313.96;14.59;1163;54;5374.00;158
14283;53;623521622;14283;384;15442;15599;5.70;0.35;314.00;14.60;1159;54;5375.00;157
14289;53;623521636;14289;381;15452;15612;5.65;0.35;313.93;14.59;1163;54;5376.00;160
14291;53;623521650;14291;382;15453;15612;5.66;0.35;313.91;14.59;1162;54;5377.00;159
14292;53;623521664;14292;380;15453;15612;5.67;0.35;313.90;14.59;1161;54;5378.00;159
14294;53;623521677;14294;383;15454;15613;5.65;0.35;313.87;14.59;1160;54;5379.00;159
14300;53;623521689;14300;382;15454;15614;5.62;0.34;313.88;14.59;1154;54;5380.00;160
14304;53;623521702;14304;386;15455;15614;5.56;0.34;313.91;14.70;1151;54;5381.00;159
14306;53;623521715;14306;383;15457;15617;5.59;0.34;313.91;14.70;1151;54;5382.00;160
14309;53;623521727;14309;387;15459;15617;5.58;0.34;313.88;14.71;1150;54;5383.00;158
14312;53;623521739;14312;394;15459;15617;5.54;0.34;313.89;14.71;1147;54;5384.00;158
14312;53;623521757;14312;389;15459;15617;5.54;0.34;313.89;14.71;1147;54;5385.00;158
14315;53;623521769;14315;392;15464;15623;5.55;0.34;313.88;14.70;1149;54;5386.00;159
14316;53;623521782;14316;378;15465;15623;5.53;0.34;313.89;14.82;1149;54;5387.00;158
14317;53;623521794;14317;371;15465;15623;5.47;0.33;313.91;14.82;1148;54;5388.00;158
14319;53;623521807;14319;368;15465;15623;5.44;0.33;313.92;14.82;1146;54;5389.00;158
14319;53;623521819;14319;362;15468;15627;5.38;0.33;313.92;14.81;1149;54;5390.00;159
14320;53;623521832;14320;356;15469;15628;5.38;0.33;313.93;14.81;1149;54;5391.00;159
14322;53;623521846;14322;355;15469;15628;5.35;0.33;313.92;14.81;1147;54;5392.00;159
14324;53;623521872;14324;354;15470;15629;5.35;0.33;313.93;14.81;1146;54;5393.00;159
14324;53;623521890;14324;346;15470;15629;5.39;0.33;313.93;14.81;1146;54;5394.00;159
14328;53;623521912;14328;345;15470;15629;5.39;0.33;313.94;14.81;1142;54;5395.00;159
14329;53;623521931;14329;343;15471;15629;5.42;0.33;313.96;14.81;1142;54;5396.00;158
14331;53;623521954;14331;345;15471;15629;5.43;0.33;313.99;14.81;1140;54;5397.00;158
14332;53;623521971;14332;352;15471;15629;5.46;0.33;313.98;14.81;1139;54;5398.00;158
14334;53;623521993;14334;358;15472;15629;5.43;0.33;314.00;14.82;1138;54;5399.00;157
