step_arrived;step_collisions;step_duration;step_ended;step_halting;step_inserted;step_loaded;step_meanSpeed;step_meanSpeedRelative;step_meanTravelTime;step_meanWaitingTime;step_running;step_teleports;step_time;step_waiting
0;0;623316192;0;1;91;245;15.96;1.12;-1.00;0.00;91;0;0.00;154
0;0;623316221;0;0;104;245;14.91;1.03;-1.00;0.13;104;0;1.00;141
0;0;623316222;0;2;123;245;14.07;0.96;-1.00;0.41;123;0;2.00;122
0;0;623316223;0;4;136;245;13.04;0.88;-1.00;0.66;136;0;3.00;109
0;0;623316224;0;4;149;245;12.11;0.81;-1.00;0.95;149;0;4.00;96
0;0;623316226;0;7;156;245;11.35;0.76;-1.00;1.13;156;0;5.00;89
0;0;623316227;0;8;167;245;10.65;0.71;-1.00;1.46;167;0;6.00;78
0;0;623316229;0;14;175;245;10.09;0.67;-1.00;1.71;175;0;7.00;70
0;0;623316230;0;19;184;246;9.62;0.64;-1.00;2.02;184;0;8.00;62
0;0;623316232;0;19;189;247;9.37;0.62;-1.00;2.20;189;0;9.00;58
0;0;623316234;0;24;195;247;9.16;0.61;-1.00;2.44;195;0;10.00;52
0;0;623316236;0;31;200;248;9.07;0.60;-1.00;2.61;200;0;11.00;48
2;0;623316238;2;33;206;248;8.77;0.58;12.00;2.88;204;0;12.00;42
2;0;623316240;2;38;209;248;8.76;0.57;12.00;3.02;207;0;13.00;39
2;0;623316243;2;42;213;248;8.66;0.56;12.00;3.23;211;0;14.00;35
2;0;623316245;2;45;218;252;8.68;0.56;12.00;3.37;216;0;15.00;34
2;0;623316249;2;48;219;252;8.71;0.56;12.00;3.43;217;0;16.00;33
2;0;623316251;2;50;223;252;8.65;0.55;12.00;3.67;221;0;17.00;29
2;0;623316254;2;59;225;255;8.78;0.56;12.00;3.80;223;0;18.00;30
3;0;623316257;3;62;228;255;8.74;0.55;14.33;4.00;225;0;19.00;27
4;0;623316259;4;64;232;255;8.73;0.55;15.75;4.28;228;0;20.00;23
5;0;623316262;5;66;238;259;8.98;0.57;16.80;4.33;233;0;21.00;21
6;0;623316265;6;69;241;260;8.91;0.56;17.50;4.49;235;0;22.00;19
6;0;623316268;6;74;243;260;8.85;0.56;17.50;4.57;237;0;23.00;17
7;0;623316277;7;82;248;264;8.64;0.54;18.43;4.78;241;0;24.00;16
7;0;623316280;7;88;250;264;8.55;0.53;18.43;4.75;243;0;25.00;14
7;0;623316283;7;89;251;264;8.51;0.53;18.43;4.74;244;0;26.00;13
7;0;623316286;7;92;252;265;8.49;0.53;18.43;4.83;245;0;27.00;13
7;0;623316289;7;98;253;265;8.40;0.52;18.43;4.92;246;0;28.00;12
7;0;623316291;7;98;259;271;8.27;0.51;18.43;4.94;252;0;29.00;12
7;0;623316296;7;97;260;271;8.13;0.50;18.43;4.98;253;0;30.00;11
7;0;623316299;7;101;261;272;7.98;0.49;18.43;4.97;254;0;31.00;11
8;0;623316302;8;103;261;272;7.88;0.49;19.75;4.97;253;0;32.00;11
10;0;623316305;10;105;262;272;7.85;0.49;22.40;5.07;252;0;33.00;10
11;0;623316308;11;108;262;272;7.89;0.49;23.00;5.07;251;0;34.00;10
11;0;623316311;11;111;262;272;7.98;0.50;23.00;5.07;251;0;35.00;10
12;0;623316314;12;114;273;284;8.28;0.51;23.75;5.07;261;0;36.00;11
12;0;623316318;12;116;273;284;8.28;0.52;23.75;5.07;261;0;37.00;11
12;0;623316320;12;120;274;284;8.34;0.52;23.75;5.05;262;0;38.00;10
12;0;623316323;12;123;275;284;8.40;0.52;23.75;5.18;263;0;39.00;9
13;0;623316326;13;125;276;284;8.33;0.51;24.62;5.27;263;0;40.00;8
16;0;623316329;16;128;276;284;8.15;0.50;26.06;5.27;260;0;41.00;8
16;0;623316332;16;131;283;288;8.20;0.51;26.06;5.34;267;0;42.00;5
17;0;623316335;17;132;284;288;8.04;0.50;26.65;5.35;267;0;43.00;4
18;0;623316338;18;135;287;292;7.87;0.49;27.28;5.30;269;0;44.00;5
18;0;623316342;18;138;290;294;7.69;0.48;27.28;5.28;272;0;45.00;4
18;0;623316345;18;140;290;294;7.49;0.47;27.28;5.28;272;0;46.00;4
19;0;623316347;19;141;290;294;7.38;0.46;28.32;5.28;271;0;47.00;4
19;0;623316350;19;144;301;307;7.59;0.47;28.32;5.10;282;0;48.00;6
19;0;623316354;19;145;302;307;7.52;0.47;28.32;5.09;283;0;49.00;5
19;0;623316357;19;149;302;307;7.44;0.47;28.32;5.09;283;0;50.00;5
19;0;623316359;19;148;303;308;7.45;0.47;28.32;5.08;284;0;51.00;5
20;0;623316362;20;147;304;309;7.39;0.46;29.50;5.06;284;0;52.00;5
20;0;623316365;20;149;304;309;7.44;0.46;29.50;5.06;284;0;53.00;5
20;0;623316368;20;151;306;312;7.52;0.47;29.50;5.03;286;0;54.00;6
21;0;623316371;21;154;306;312;7.44;0.46;30.67;5.03;285;0;55.00;6
22;0;623316374;22;143;307;312;7.42;0.46;30.18;5.02;285;0;56.00;5
24;0;623316377;24;138;307;312;7.28;0.45;30.54;5.02;283;0;57.00;5
25;0;623316379;25;135;312;318;7.26;0.45;31.64;4.96;287;0;58.00;6
25;0;623316383;25;139;312;318;7.24;0.45;31.64;4.96;287;0;59.00;6
26;0;623316387;26;140;312;318;7.21;0.44;32.73;4.96;286;0;60.00;6
26;0;623316390;26;147;312;318;7.25;0.45;32.73;4.96;286;0;61.00;6
27;0;623316393;27;149;316;322;7.37;0.45;33.70;4.91;289;0;62.00;6
28;0;623316396;28;152;317;323;7.52;0.46;33.25;4.89;289;0;63.00;6
29;0;623316399;29;153;317;323;7.61;0.47;34.21;4.89;288;0;64.00;6
31;0;623316401;31;153;318;324;7.67;0.47;36.13;4.88;287;0;65.00;6
31;0;623316405;31;153;318;324;7.66;0.47;36.13;4.88;287;0;66.00;6
32;0;623316407;32;144;318;324;7.70;0.47;37.09;4.88;286;0;67.00;6
32;0;623316410;32;140;318;324;7.78;0.48;37.09;4.88;286;0;68.00;6
33;0;623316413;33;138;318;324;7.77;0.48;37.82;4.88;285;0;69.00;6
34;0;623316416;34;133;318;324;7.86;0.48;38.74;4.88;284;0;70.00;6
36;0;623316419;36;128;318;324;7.97;0.49;39.78;4.88;282;0;71.00;6
36;0;623316422;36;133;352;394;8.27;0.51;39.78;4.41;316;0;72.00;42
37;0;623316433;37;127;353;395;8.45;0.52;40.68;4.40;316;0;73.00;42
37;0;623316438;37;121;360;395;8.78;0.54;40.68;4.35;323;0;74.00;35
38;0;623316442;38;121;362;395;9.02;0.55;41.47;4.34;324;0;75.00;33
39;0;623316445;39;117;365;395;9.31;0.57;42.36;4.34;326;0;76.00;30
39;0;623316454;39;117;366;395;9.42;0.57;42.36;4.34;327;0;77.00;29
39;0;623316463;39;117;369;395;9.55;0.58;42.36;4.36;330;0;78.00;26
39;0;623316473;39;118;372;395;9.60;0.58;42.36;4.38;333;0;79.00;23
39;0;623316478;39;118;375;396;9.57;0.58;42.36;4.41;336;0;80.00;21
41;0;623316482;41;118;378;397;9.61;0.58;43.80;4.44;337;0;81.00;19
43;0;623316487;43;120;380;397;9.54;0.58;45.58;4.45;337;0;82.00;17
43;0;623316491;43;121;385;401;9.43;0.57;45.58;4.41;342;0;83.00;16
43;0;623316496;43;127;385;401;9.43;0.57;45.58;4.41;342;0;84.00;16
43;0;623316499;43;129;385;401;9.37;0.57;45.58;4.41;342;0;85.00;16
43;0;623316502;43;128;385;401;9.24;0.56;45.58;4.41;342;0;86.00;16
44;0;623316506;44;128;390;407;9.22;0.56;46.52;4.37;346;0;87.00;17
44;0;623316510;44;129;390;407;9.17;0.56;46.52;4.37;346;0;88.00;17
45;0;623316514;45;131;390;407;9.05;0.55;47.38;4.37;345;0;89.00;17
50;0;623316519;50;136;394;413;8.91;0.54;51.56;4.32;344;0;90.00;19
50;0;623316523;50;133;394;413;8.88;0.54;51.56;4.32;344;0;91.00;19
53;0;623316527;53;135;396;413;8.79;0.54;53.85;4.31;343;0;92.00;17
56;0;623316532;56;133;397;414;8.65;0.53;55.95;4.30;341;0;93.00;17
56;0;623316535;56;136;398;415;8.69;0.53;55.95;4.29;342;0;94.00;17
58;0;623316539;58;136;398;415;8.61;0.53;56.88;4.29;340;0;95.00;17
59;0;623316542;59;139;409;428;8.55;0.52;57.54;4.18;350;0;96.00;19
61;0;623316547;61;138;409;428;8.53;0.52;58.74;4.18;348;0;97.00;19
63;0;623316550;63;134;409;428;8.52;0.52;58.84;4.18;346;0;98.00;19
64;0;623316553;64;127;410;429;8.56;0.52;59.47;4.17;346;0;99.00;19
66;0;623316558;66;126;410;429;8.61;0.53;60.61;4.17;344;0;100.00;19
66;0;623316567;66;125;413;433;8.71;0.53;60.61;4.15;347;0;101.00;20
68;0;623316571;68;120;413;433;8.72;0.53;61.74;4.15;345;0;102.00;20
68;0;623316576;68;116;419;437;8.69;0.53;61.74;4.45;351;0;103.00;18
69;0;623316581;69;109;419;437;8.89;0.54;62.30;4.45;350;0;104.00;18
69;0;623316586;69;105;419;437;9.11;0.56;62.30;4.45;350;0;105.00;18
70;0;623316590;70;103;419;437;9.24;0.56;62.90;4.45;349;0;106.00;18
70;0;623316596;70;96;420;437;9.46;0.58;62.90;4.70;350;0;107.00;17
71;0;623316600;71;90;431;449;9.67;0.59;63.54;4.58;360;0;108.00;18
72;0;623316605;72;86;432;449;9.87;0.60;64.03;4.57;360;0;109.00;17
72;0;623316610;72;80;432;449;10.03;0.61;64.03;4.57;360;0;110.00;17
73;0;623316615;73;76;432;449;10.25;0.63;64.67;4.57;359;0;111.00;17
73;0;623316619;73;73;432;449;10.55;0.65;64.67;4.57;359;0;112.00;17
73;0;623316624;73;72;432;449;10.74;0.66;64.67;4.57;359;0;113.00;17
75;0;623316629;75;71;433;450;10.88;0.67;65.51;4.56;358;0;114.00;17
76;0;623316634;76;68;433;450;10.98;0.67;66.14;4.56;357;0;115.00;17
77;0;623316639;77;68;439;456;11.13;0.68;66.79;4.77;362;0;116.00;17
78;0;623316645;78;67;440;457;11.17;0.68;67.44;4.76;362;0;117.00;17
78;0;623316650;78;66;441;457;11.08;0.67;67.44;4.85;363;0;118.00;16
78;0;623316655;78;67;442;457;10.96;0.67;67.44;5.00;364;0;119.00;15
79;0;623316662;79;72;446;462;10.95;0.67;68.10;4.96;367;0;120.00;16
80;0;623316668;80;74;448;462;10.89;0.66;68.74;5.16;368;0;121.00;14
80;0;623316673;80;74;449;462;10.88;0.66;68.74;5.31;369;0;122.00;13
81;0;623316679;81;78;452;463;10.92;0.67;69.41;5.50;371;0;123.00;11
81;0;623316685;81;79;456;467;10.90;0.67;69.41;5.46;375;0;124.00;11
82;0;623316691;82;82;459;467;10.97;0.67;70.06;5.77;377;0;125.00;8
82;0;623316696;82;85;461;470;11.16;0.68;70.06;5.75;379;0;126.00;9
83;0;623316702;83;86;465;470;11.22;0.69;70.75;6.03;382;0;127.00;5
85;0;623316707;85;90;465;470;11.26;0.69;71.65;6.03;380;0;128.00;5
86;0;623316713;86;89;466;470;11.40;0.70;72.29;6.08;380;0;129.00;4
86;0;623316719;86;90;470;474;11.54;0.71;72.29;6.10;384;0;130.00;4
86;0;623316725;86;91;472;474;11.55;0.71;72.29;6.18;386;0;131.00;2
87;0;623316731;87;91;472;474;11.55;0.71;72.15;6.18;385;0;132.00;2
87;0;623316737;87;90;474;474;11.54;0.71;72.15;6.19;387;0;133.00;0
88;0;623316743;88;92;475;475;11.52;0.71;71.63;6.18;387;0;134.00;0
89;0;623316749;89;92;477;477;11.51;0.71;72.27;6.16;388;0;135.00;0
90;0;623316755;90;95;477;477;11.50;0.71;72.94;6.16;387;0;136.00;0
92;0;623316760;92;98;478;478;11.54;0.71;74.25;6.15;386;0;137.00;0
95;0;623316766;95;99;478;478;11.50;0.71;75.80;6.15;383;0;138.00;0
98;0;623316772;98;99;478;478;11.42;0.70;76.89;6.15;380;0;139.00;0
101;0;623316785;101;101;478;478;11.42;0.70;77.93;6.15;377;0;140.00;0
103;0;623316790;103;102;478;478;11.45;0.70;78.68;6.15;375;0;141.00;0
103;0;623316796;103;104;478;478;11.52;0.71;78.68;6.15;375;0;142.00;0
104;0;623316801;104;105;478;478;11.55;0.71;79.30;6.15;374;0;143.00;0
106;0;623316807;106;127;552;605;11.21;0.71;80.42;5.33;446;0;144.00;53
109;0;623316823;109;120;559;606;11.23;0.71;82.04;5.27;450;0;145.00;47
109;0;623316830;109;114;566;606;11.24;0.71;82.04;5.23;457;0;146.00;40
113;0;623316842;113;113;566;606;11.20;0.71;84.12;5.23;453;0;147.00;40
117;0;623316849;117;114;573;606;11.19;0.70;85.89;5.22;456;0;148.00;33
123;0;623316855;123;113;573;606;11.01;0.69;87.78;5.22;450;0;149.00;33
123;0;623316863;123;112;578;611;10.92;0.68;87.78;5.20;455;0;150.00;33
124;0;623316871;124;111;581;611;10.88;0.68;88.00;5.21;457;0;151.00;30
125;0;623316878;125;108;584;612;10.93;0.68;88.49;5.23;459;0;152.00;28
127;0;623316889;127;111;589;613;10.93;0.68;88.67;5.26;462;0;153.00;24
127;0;623316896;127;109;592;613;10.98;0.68;88.67;5.28;465;0;154.00;21
127;0;623316902;127;113;596;614;10.97;0.68;88.67;5.31;469;0;155.00;18
129;0;623316908;129;116;601;614;10.83;0.67;89.53;5.34;472;0;156.00;13
131;0;623316914;131;117;603;614;10.86;0.68;89.45;5.37;472;0;157.00;11
131;0;623316921;131;120;605;614;10.82;0.67;89.45;5.38;474;0;158.00;9
133;0;623316927;133;128;610;618;10.69;0.67;88.86;5.37;477;0;159.00;8
134;0;623316936;134;134;610;618;10.57;0.66;89.39;5.37;476;0;160.00;8
134;0;623316944;134;136;610;618;10.47;0.65;89.39;5.37;476;0;161.00;8
139;0;623316952;139;138;613;621;10.33;0.64;91.26;5.40;474;0;162.00;8
145;0;623316960;145;139;613;621;10.14;0.63;93.72;5.40;468;0;163.00;8
148;0;623316970;148;145;615;621;10.02;0.62;94.08;5.42;467;0;164.00;6
149;0;623316978;149;145;619;625;9.90;0.61;94.50;5.42;470;0;165.00;6
150;0;623316988;150;148;621;626;9.84;0.61;94.86;5.44;471;0;166.00;5
151;0;623316995;151;144;623;626;9.76;0.60;94.38;5.49;472;0;167.00;3
152;0;623317001;152;150;627;630;9.68;0.60;94.09;5.45;475;0;168.00;3
153;0;623317007;153;153;628;630;9.62;0.59;94.34;5.45;475;0;169.00;2
155;0;623317013;155;144;628;630;9.59;0.59;94.68;5.45;473;0;170.00;2
155;0;623317019;155;141;629;631;9.56;0.59;94.68;5.45;474;0;171.00;2
157;0;623317025;157;139;629;631;9.55;0.59;95.20;5.45;472;0;172.00;2
158;0;623317032;158;137;635;637;9.57;0.59;94.89;5.40;477;0;173.00;2
158;0;623317038;158;133;635;637;9.58;0.59;94.89;5.40;477;0;174.00;2
159;0;623317044;159;132;636;638;9.55;0.59;94.93;5.40;477;0;175.00;2
160;0;623317050;160;134;636;638;9.53;0.59;94.63;5.40;476;0;176.00;2
161;0;623317055;161;134;638;638;9.45;0.58;94.86;5.44;477;0;177.00;0
162;0;623317061;162;134;638;638;9.45;0.58;95.29;5.44;476;0;178.00;0
166;0;623317067;166;132;638;638;9.38;0.57;95.67;5.44;472;0;179.00;0
166;0;623317075;166;133;668;672;9.43;0.58;95.67;5.20;502;0;180.00;4
167;0;623317083;167;128;668;672;9.37;0.58;96.17;5.20;501;0;181.00;4
167;0;623317088;167;127;671;672;9.45;0.58;96.17;5.18;504;0;182.00;1
169;0;623317095;169;126;671;672;9.38;0.58;96.83;5.18;502;0;183.00;1
170;0;623317101;170;129;672;672;9.41;0.58;96.64;5.18;502;0;184.00;0
172;0;623317107;172;131;672;672;9.44;0.58;96.94;5.18;500;0;185.00;0
176;0;623317112;176;142;676;676;9.49;0.58;96.99;5.16;500;0;186.00;0
176;0;623317120;176;145;676;676;9.49;0.58;96.99;5.16;500;0;187.00;0
176;0;623317125;176;152;680;680;9.54;0.58;96.99;5.13;504;0;188.00;0
179;0;623317132;179;157;681;681;9.50;0.58;97.60;5.12;502;0;189.00;0
181;0;623317138;181;161;681;681;9.42;0.58;97.54;5.12;500;0;190.00;0
181;0;623317145;181;166;681;681;9.35;0.57;97.54;5.12;500;0;191.00;0
181;0;623317151;181;175;694;694;9.33;0.57;97.54;5.03;513;0;192.00;0
184;0;623317159;184;176;694;694;9.18;0.56;97.41;5.03;510;0;193.00;0
185;0;623317165;185;179;694;694;9.07;0.56;97.15;5.03;509;0;194.00;0
189;0;623317172;189;180;695;695;8.94;0.55;97.60;5.02;506;0;195.00;0
191;0;623317178;191;183;696;696;8.84;0.54;97.01;5.02;505;0;196.00;0
194;0;623317184;194;188;696;696;8.66;0.53;97.23;5.02;502;0;197.00;0
196;0;623317190;196;191;698;699;8.54;0.52;97.50;5.00;502;0;198.00;1
198;0;623317196;198;195;698;699;8.37;0.51;97.07;5.00;500;0;199.00;1
199;0;623317203;199;199;699;699;8.27;0.51;97.07;5.00;500;0;200.00;0
199;0;623317213;199;204;699;699;8.16;0.50;97.07;5.00;500;0;201.00;0
201;0;623317220;201;209;705;705;8.04;0.49;97.23;4.96;504;0;202.00;0
202;0;623317226;202;214;705;705;7.97;0.49;97.74;4.96;503;0;203.00;0
203;0;623317232;203;219;705;705;7.89;0.49;97.56;4.96;502;0;204.00;0
207;0;623317237;207;227;705;705;7.76;0.48;97.86;4.96;498;0;205.00;0
208;0;623317243;208;230;709;709;7.75;0.48;97.68;4.94;501;0;206.00;0
208;0;623317249;208;237;710;710;7.71;0.47;97.68;4.94;502;0;207.00;0
211;0;623317256;211;243;710;710;7.61;0.47;97.17;4.94;499;0;208.00;0
213;0;623317261;213;246;711;711;7.49;0.46;97.00;4.93;498;0;209.00;0
214;0;623317269;214;250;711;711;7.39;0.45;97.17;4.93;497;0;210.00;0
216;0;623317280;216;251;711;711;7.16;0.44;98.00;4.93;495;0;211.00;0
216;0;623317286;216;259;711;711;7.02;0.43;98.00;4.93;495;0;212.00;0
217;0;623317291;217;263;711;711;6.89;0.42;97.65;4.93;494;0;213.00;0
217;0;623317296;217;265;711;711;6.76;0.41;97.65;4.93;494;0;214.00;0
217;0;623317302;217;267;711;711;6.64;0.41;97.65;4.93;494;0;215.00;0
218;0;623317307;218;280;756;781;6.85;0.42;97.53;4.64;538;0;216.00;25
219;0;623317318;219;269;758;782;6.82;0.42;98.04;4.63;539;0;217.00;24
221;0;623317324;221;257;765;782;6.87;0.42;98.69;4.60;544;0;218.00;17
222;0;623317331;222;243;766;782;6.88;0.42;98.95;4.60;544;0;219.00;16
225;0;623317337;225;235;769;782;7.04;0.43;100.55;4.60;544;0;220.00;13
225;0;623317344;225;235;770;782;7.19;0.44;100.55;4.60;545;0;221.00;12
225;0;623317350;225;226;773;782;7.35;0.45;100.55;4.60;548;0;222.00;9
226;0;623317356;226;224;776;782;7.50;0.46;101.09;4.61;550;0;223.00;6
227;0;623317363;227;222;778;783;7.66;0.47;101.62;4.62;551;0;224.00;5
228;0;623317370;228;223;782;785;7.69;0.47;102.15;4.62;554;0;225.00;3
228;0;623317383;228;208;783;785;7.84;0.48;102.15;4.63;555;0;226.00;2
229;0;623317390;229;198;787;789;7.88;0.48;102.65;4.61;558;0;227.00;2
231;0;623317398;231;189;788;789;8.04;0.49;102.82;4.62;557;0;228.00;1
231;0;623317404;231;186;789;789;8.30;0.51;102.82;4.62;558;0;229.00;0
232;0;623317412;232;182;789;789;8.51;0.52;103.32;4.62;557;0;230.00;0
234;0;623317419;234;178;795;795;8.80;0.54;103.94;4.59;561;0;231.00;0
235;0;623317427;235;174;795;795;9.06;0.56;104.28;4.59;560;0;232.00;0
235;0;623317434;235;166;795;795;9.26;0.57;104.28;4.59;560;0;233.00;0
238;0;623317442;238;165;797;798;9.54;0.59;104.82;4.58;559;0;234.00;1
239;0;623317449;239;162;797;798;9.75;0.60;105.33;4.58;558;0;235.00;1
240;0;623317459;240;158;798;798;9.91;0.61;105.47;4.58;558;0;236.00;0
240;0;623317467;240;154;799;799;10.00;0.61;105.47;4.57;559;0;237.00;0
244;0;623317476;244;150;800;800;9.99;0.61;106.81;4.57;556;0;238.00;0
244;0;623317484;244;148;800;800;10.04;0.61;106.81;4.57;556;0;239.00;0
246;0;623317492;246;153;824;826;9.93;0.61;106.43;4.44;578;0;240.00;2
251;0;623317503;251;144;825;826;10.03;0.61;107.50;4.43;574;0;241.00;1
252;0;623317512;252;135;826;826;10.19;0.62;107.75;4.43;574;0;242.00;0
255;0;623317520;255;134;827;827;10.36;0.63;107.88;4.42;572;0;243.00;0
256;0;623317528;256;127;827;827;10.49;0.64;108.40;4.42;571;0;244.00;0
260;0;623317535;260;123;831;831;10.59;0.65;109.88;4.41;571;0;245.00;0
260;0;623317543;260;114;831;831;10.70;0.65;109.88;4.41;571;0;246.00;0
265;0;623317550;265;116;835;835;10.76;0.65;110.88;4.39;570;0;247.00;0
267;0;623317557;267;112;835;835;10.85;0.66;110.82;4.39;568;0;248.00;0
271;0;623317565;271;110;835;835;10.96;0.67;112.10;4.39;564;0;249.00;0
274;0;623317595;274;106;835;835;11.20;0.68;113.58;4.39;561;0;250.00;0
274;0;623317607;274;105;835;835;11.28;0.69;113.58;4.39;561;0;251.00;0
277;0;623317616;277;101;845;847;11.33;0.69;114.15;4.34;568;0;252.00;2
282;0;623317629;282;104;845;847;11.39;0.69;115.51;4.34;563;0;253.00;2
282;0;623317641;282;103;847;847;11.51;0.70;115.51;4.33;565;0;254.00;0
283;0;623317652;283;103;847;847;11.61;0.71;115.75;4.33;564;0;255.00;0
285;0;623317662;285;103;847;847;11.66;0.71;116.45;4.33;562;0;256.00;0
285;0;623317674;285;105;847;847;11.80;0.72;116.45;4.33;562;0;257.00;0
291;0;623317683;291;107;848;848;11.89;0.72;117.84;4.33;557;0;258.00;0
292;0;623317693;292;108;848;848;12.00;0.73;118.00;4.33;556;0;259.00;0
296;0;623317701;296;108;854;854;12.04;0.73;118.31;4.31;558;0;260.00;0
298;0;623317709;298;109;855;855;12.01;0.73;118.54;4.30;557;0;261.00;0
299;0;623317717;299;109;855;855;11.97;0.73;118.86;4.30;556;0;262.00;0
300;0;623317725;300;109;855;855;11.95;0.72;118.98;4.30;555;0;263.00;0
304;0;623317732;304;112;859;859;11.94;0.72;119.99;4.28;555;0;264.00;0
305;0;623317741;305;113;859;859;12.03;0.73;120.06;4.28;554;0;265.00;0
307;0;623317749;307;113;859;859;12.14;0.73;120.39;4.28;552;0;266.00;0
310;0;623317757;310;114;860;860;12.17;0.74;120.91;4.28;550;0;267.00;0
313;0;623317764;313;116;864;864;12.14;0.73;121.12;4.26;551;0;268.00;0
315;0;623317772;315;113;864;864;12.18;0.74;121.83;4.26;549;0;269.00;0
318;0;623317782;318;110;868;870;12.16;0.74;121.60;4.24;550;0;270.00;2
322;0;623317790;322;105;868;870;12.09;0.73;122.64;4.24;546;0;271.00;2
323;0;623317797;323;100;870;870;12.06;0.73;122.53;4.24;547;0;272.00;0
325;0;623317805;325;101;870;870;11.99;0.72;122.79;4.24;545;0;273.00;0
329;0;623317813;329;97;874;874;11.96;0.72;123.34;4.22;545;0;274.00;0
331;0;623317821;331;97;874;874;12.06;0.73;123.71;4.22;543;0;275.00;0
331;0;623317828;331;92;874;874;12.09;0.73;123.71;4.22;543;0;276.00;0
332;0;623317836;332;88;874;874;12.16;0.74;123.81;4.22;542;0;277.00;0
334;0;623317843;334;86;875;875;12.22;0.74;123.76;4.22;541;0;278.00;0
335;0;623317851;335;88;876;876;12.24;0.74;123.79;4.21;541;0;279.00;0
337;0;623317858;337;82;876;876;12.20;0.74;123.65;4.21;539;0;280.00;0
339;0;623317866;339;82;877;877;12.29;0.75;123.78;4.21;538;0;281.00;0
341;0;623317873;341;81;877;877;12.33;0.75;124.05;4.21;536;0;282.00;0
342;0;623317881;342;83;877;877;12.46;0.76;124.08;4.21;535;0;283.00;0
345;0;623317889;345;84;877;877;12.52;0.76;124.30;4.21;532;0;284.00;0
346;0;623317896;346;86;877;877;12.61;0.77;124.55;4.21;531;0;285.00;0
347;0;623317903;347;83;877;877;12.67;0.77;124.60;4.21;530;0;286.00;0
351;0;623317911;351;83;877;877;12.69;0.77;124.86;4.21;526;0;287.00;0
351;0;623317918;351;107;949;1004;12.16;0.75;124.86;3.89;598;0;288.00;55
352;0;623317936;352;95;952;1005;12.15;0.75;125.32;3.89;600;0;289.00;53
353;0;623317945;353;92;958;1005;12.12;0.75;125.77;3.87;605;0;290.00;47
356;0;623317954;356;90;962;1005;11.94;0.74;126.03;3.87;606;0;291.00;43
358;0;623317963;358;95;967;1005;11.93;0.74;126.22;3.87;609;0;292.00;38
359;0;623317971;359;101;970;1005;11.87;0.73;126.67;3.87;611;0;293.00;35
362;0;623317980;362;103;973;1005;11.74;0.72;126.73;3.88;611;0;294.00;32
363;0;623317988;363;100;976;1005;11.79;0.72;127.18;3.89;613;0;295.00;29
363;0;623317996;363;101;979;1006;11.83;0.73;127.18;3.90;616;0;296.00;27
364;0;623318005;364;102;983;1007;11.86;0.73;126.99;3.92;619;0;297.00;24
367;0;623318013;367;107;986;1007;11.89;0.73;127.77;3.94;619;0;298.00;21
369;0;623318022;369;109;989;1008;11.80;0.73;127.53;3.96;620;0;299.00;19
371;0;623318033;371;114;993;1014;11.58;0.71;128.39;3.97;622;0;300.00;21
372;0;623318047;372;116;995;1014;11.45;0.70;128.20;3.99;623;0;301.00;19
374;0;623318057;374;124;997;1014;11.33;0.70;128.77;4.00;623;0;302.00;17
376;0;623318067;376;128;999;1018;11.18;0.69;129.12;4.00;623;0;303.00;19
379;0;623318077;379;130;1003;1018;11.00;0.68;129.07;4.03;624;0;304.00;15
381;0;623318087;381;139;1006;1018;10.88;0.67;129.34;4.05;625;0;305.00;12
386;0;623318097;386;145;1009;1021;10.77;0.66;130.41;4.04;623;0;306.00;12
388;0;623318108;388;154;1009;1021;10.72;0.66;130.56;4.04;621;0;307.00;12
391;0;623318117;391;157;1012;1021;10.58;0.65;131.46;4.09;621;0;308.00;9
393;0;623318126;393;166;1015;1025;10.43;0.64;131.48;4.08;622;0;309.00;10
394;0;623318137;394;168;1018;1026;10.36;0.64;131.70;4.10;624;0;310.00;8
395;0;623318146;395;181;1020;1026;10.23;0.63;131.42;4.11;625;0;311.00;6
396;0;623318157;396;182;1024;1030;10.17;0.63;131.56;4.11;628;0;312.00;6
397;0;623318166;397;181;1025;1030;10.10;0.62;131.64;4.10;628;0;313.00;5
399;0;623318175;399;187;1026;1030;9.94;0.61;131.94;4.11;627;0;314.00;4
400;0;623318183;400;191;1028;1032;9.80;0.60;131.95;4.10;628;0;315.00;4
400;0;623318193;400;196;1028;1032;9.68;0.60;131.95;4.10;628;0;316.00;4
403;0;623318201;403;199;1034;1038;9.55;0.59;132.82;4.09;631;0;317.00;4
404;0;623318210;404;205;1034;1038;9.41;0.58;132.99;4.09;630;0;318.00;4
406;0;623318220;406;206;1035;1039;9.29;0.57;133.10;4.08;629;0;319.00;4
407;0;623318229;407;205;1035;1039;9.20;0.57;133.54;4.08;628;0;320.00;4
409;0;623318237;409;211;1036;1039;9.13;0.56;133.75;4.11;627;0;321.00;3
411;0;623318245;411;210;1036;1039;9.11;0.56;133.91;4.11;625;0;322.00;3
414;0;623318254;414;212;1036;1039;9.05;0.56;134.00;4.11;622;0;323.00;3
417;0;623318262;417;212;1048;1051;9.00;0.55;133.96;4.10;631;0;324.00;3
422;0;623318272;422;214;1048;1051;8.94;0.55;134.73;4.10;626;0;325.00;3
423;0;623318280;423;219;1051;1051;8.88;0.54;134.67;4.14;628;0;326.00;0
426;0;623318288;426;217;1051;1051;8.89;0.54;134.58;4.14;625;0;327.00;0
429;0;623318296;429;221;1051;1051;8.93;0.55;134.95;4.14;622;0;328.00;0
430;0;623318303;430;221;1051;1051;8.99;0.55;135.23;4.14;621;0;329.00;0
434;0;623318313;434;225;1055;1055;8.99;0.55;135.71;4.13;621;0;330.00;0
435;0;623318321;435;226;1055;1055;8.97;0.55;136.14;4.13;620;0;331.00;0
436;0;623318329;436;230;1059;1059;8.93;0.55;136.26;4.12;623;0;332.00;0
438;0;623318337;438;233;1059;1060;8.78;0.54;136.58;4.12;621;0;333.00;1
442;0;623318344;442;236;1060;1060;8.62;0.53;137.15;4.11;618;0;334.00;0
443;0;623318351;443;241;1060;1060;8.43;0.52;137.28;4.11;617;0;335.00;0
447;0;623318358;447;246;1073;1073;8.27;0.51;137.94;4.06;626;0;336.00;0
452;0;623318366;452;245;1073;1073;8.13;0.50;138.72;4.06;621;0;337.00;0
455;0;623318372;455;254;1073;1073;7.93;0.49;139.56;4.06;618;0;338.00;0
457;0;623318379;457;254;1074;1074;7.79;0.48;139.85;4.06;617;0;339.00;0
462;0;623318386;462;252;1075;1075;7.63;0.47;141.11;4.06;613;0;340.00;0
463;0;623318395;463;250;1075;1075;7.60;0.47;141.08;4.06;612;0;341.00;0
467;0;623318401;467;240;1078;1078;7.56;0.47;142.06;4.05;611;0;342.00;0
469;0;623318408;469;238;1078;1078;7.64;0.47;142.30;4.05;609;0;343.00;0
471;0;623318414;471;230;1078;1078;7.67;0.47;142.76;4.05;607;0;344.00;0
476;0;623318421;476;230;1078;1078;7.62;0.47;142.86;4.05;602;0;345.00;0
480;0;623318428;480;228;1084;1084;7.67;0.47;143.87;4.03;604;0;346.00;0
481;0;623318435;481;225;1084;1084;7.67;0.47;143.99;4.03;603;0;347.00;0
484;0;623318442;484;222;1084;1084;7.60;0.47;144.61;4.03;600;0;348.00;0
488;0;623318448;488;218;1084;1084;7.53;0.47;144.96;4.03;596;0;349.00;0
488;0;623318454;488;220;1088;1088;7.56;0.47;144.96;4.02;600;0;350.00;0
493;0;623318461;493;223;1089;1089;7.53;0.47;144.63;4.02;596;0;351.00;0
496;0;623318469;496;225;1089;1089;7.48;0.46;145.77;4.02;593;0;352.00;0
501;0;623318476;501;227;1090;1090;7.37;0.46;145.99;4.01;589;0;353.00;0
509;0;623318483;509;232;1090;1090;7.25;0.45;146.56;4.01;581;0;354.00;0
514;0;623318491;514;234;1090;1090;7.16;0.44;146.48;4.01;576;0;355.00;0
518;0;623318504;518;237;1090;1090;7.08;0.44;146.78;4.01;572;0;356.00;0
523;0;623318518;523;242;1090;1090;6.97;0.43;147.09;4.01;567;0;357.00;0
525;0;623318524;525;243;1090;1090;6.91;0.43;146.93;4.01;565;0;358.00;0
527;0;623318531;527;250;1090;1090;6.81;0.42;146.64;4.01;563;0;359.00;0
529;0;623318539;529;262;1152;1215;7.38;0.46;146.52;3.80;623;0;360.00;63
531;0;623318555;531;265;1158;1216;7.43;0.47;146.64;3.78;627;0;361.00;58
533;0;623318562;533;267;1172;1216;7.55;0.47;146.77;3.76;639;0;362.00;44
536;0;623318570;536;265;1177;1216;7.53;0.47;146.76;3.76;641;0;363.00;39
536;0;623318580;536;268;1186;1216;7.46;0.46;146.76;3.76;650;0;364.00;30
539;0;623318587;539;267;1187;1216;7.37;0.46;146.63;3.76;648;0;365.00;29
539;0;623318597;539;268;1194;1216;7.26;0.45;146.63;3.77;655;0;366.00;22
539;0;623318604;539;272;1198;1216;7.20;0.45;146.63;3.78;659;0;367.00;18
540;0;623318611;540;277;1205;1217;7.11;0.44;146.77;3.81;665;0;368.00;12
540;0;623318619;540;278;1208;1218;7.03;0.44;146.77;3.82;668;0;369.00;10
540;0;623318626;540;282;1212;1218;6.90;0.43;146.77;3.83;672;0;370.00;6
541;0;623318634;541;276;1218;1222;6.85;0.42;146.78;3.83;677;0;371.00;4
543;0;623318642;543;269;1219;1222;6.79;0.42;146.57;3.84;676;0;372.00;3
545;0;623318651;545;263;1219;1222;6.79;0.42;147.10;3.84;674;0;373.00;3
546;0;623318660;546;269;1220;1222;6.76;0.42;146.87;3.85;674;0;374.00;2
546;0;623318667;546;265;1226;1228;6.81;0.42;146.87;3.83;680;0;375.00;2
546;0;623318676;546;268;1226;1228;6.92;0.43;146.87;3.83;680;0;376.00;2
548;0;623318683;548;262;1227;1228;6.97;0.43;147.04;3.84;679;0;377.00;1
550;0;623318701;550;264;1229;1231;7.07;0.43;146.95;3.84;679;0;378.00;2
551;0;623318710;551;267;1229;1231;7.13;0.44;146.85;3.84;678;0;379.00;2
553;0;623318718;553;269;1231;1231;7.17;0.44;146.80;3.85;678;0;380.00;0
555;0;623318726;555;268;1232;1232;7.24;0.44;147.18;3.85;677;0;381.00;0
557;0;623318734;557;267;1233;1233;7.32;0.45;146.77;3.84;676;0;382.00;0
558;0;623318743;558;266;1233;1233;7.42;0.46;146.77;3.84;675;0;383.00;0
560;0;623318750;560;266;1246;1246;7.56;0.46;146.55;3.80;686;0;384.00;0
562;0;623318760;562;263;1246;1246;7.61;0.46;146.43;3.80;684;0;385.00;0
564;0;623318769;564;265;1246;1246;7.70;0.47;146.62;3.80;682;0;386.00;0
567;0;623318777;567;249;1247;1247;7.75;0.47;145.98;3.80;680;0;387.00;0
570;0;623318786;570;241;1247;1247;7.83;0.47;146.51;3.80;677;0;388.00;0
571;0;623318795;571;235;1251;1251;7.94;0.48;146.87;3.79;680;0;389.00;0
573;0;623318805;573;230;1251;1251;8.03;0.49;146.99;3.79;678;0;390.00;0
573;0;623318815;573;231;1255;1255;8.11;0.49;146.99;3.78;682;0;391.00;0
574;0;623318824;574;228;1255;1255;8.18;0.49;147.10;3.78;681;0;392.00;0
575;0;623318833;575;230;1255;1255;8.28;0.50;147.10;3.78;680;0;393.00;0
576;0;623318842;576;229;1255;1255;8.41;0.51;147.34;3.78;679;0;394.00;0
576;0;623318851;576;230;1255;1255;8.54;0.52;147.34;3.78;679;0;395.00;0
576;0;623318859;576;214;1266;1267;8.80;0.54;147.34;3.75;690;0;396.00;1
578;0;623318876;578;201;1266;1267;8.98;0.55;147.39;3.75;688;0;397.00;1
581;0;623318886;581;188;1267;1267;9.18;0.56;148.18;3.75;686;0;398.00;0
581;0;623318895;581;176;1267;1267;9.44;0.57;148.18;3.75;686;0;399.00;0
583;0;623318905;583;164;1267;1267;9.68;0.59;148.66;3.75;684;0;400.00;0
584;0;623318918;584;153;1267;1267;9.93;0.60;148.87;3.75;683;0;401.00;0
586;0;623318927;586;147;1268;1268;10.11;0.62;148.87;3.75;682;0;402.00;0
590;0;623318937;590;143;1268;1268;10.30;0.63;149.68;3.75;678;0;403.00;0
592;0;623318946;592;141;1274;1274;10.51;0.64;149.88;3.73;682;0;404.00;0
596;0;623318956;596;139;1276;1276;10.66;0.65;149.97;3.73;680;0;405.00;0
599;0;623318971;599;132;1276;1276;10.76;0.66;150.95;3.73;677;0;406.00;0
602;0;623318981;602;124;1276;1276;10.97;0.67;151.73;3.73;674;0;407.00;0
604;0;623318991;604;121;1280;1280;11.07;0.67;152.01;3.72;676;0;408.00;0
608;0;623319000;608;114;1280;1280;11.13;0.68;152.98;3.72;672;0;409.00;0
609;0;623319010;609;107;1280;1280;11.26;0.69;152.83;3.72;671;0;410.00;0
612;0;623319019;612;106;1281;1281;11.39;0.69;153.40;3.71;669;0;411.00;0
613;0;623319029;613;105;1285;1285;11.46;0.70;153.57;3.71;672;0;412.00;0
617;0;623319038;617;104;1285;1285;11.56;0.70;154.00;3.71;668;0;413.00;0
620;0;623319048;620;102;1287;1288;11.68;0.71;154.70;3.70;667;0;414.00;1
622;0;623319057;622;102;1287;1288;11.77;0.72;155.30;3.70;665;0;415.00;1
624;0;623319067;624;103;1288;1288;11.90;0.73;155.46;3.70;664;0;416.00;0
625;0;623319076;625;102;1288;1288;12.00;0.73;155.55;3.70;663;0;417.00;0
629;0;623319085;629;103;1292;1292;12.11;0.74;156.27;3.69;663;0;418.00;0
631;0;623319096;631;99;1292;1292;12.22;0.75;156.61;3.69;661;0;419.00;0
633;0;623319107;633;96;1292;1292;12.35;0.75;156.94;3.69;659;0;420.00;0
637;0;623319116;637;95;1292;1292;12.43;0.76;157.24;3.69;655;0;421.00;0
638;0;623319126;638;91;1293;1293;12.51;0.76;157.58;3.69;655;0;422.00;0
642;0;623319136;642;90;1294;1294;12.61;0.77;157.80;3.69;652;0;423.00;0
646;0;623319145;646;88;1294;1294;12.69;0.77;158.70;3.69;648;0;424.00;0
649;0;623319154;649;90;1295;1295;12.66;0.77;159.18;3.68;646;0;425.00;0
652;0;623319163;652;92;1295;1295;12.71;0.78;159.94;3.68;643;0;426.00;0
658;0;623319172;658;93;1295;1295;12.75;0.78;160.89;3.68;637;0;427.00;0
659;0;623319182;659;91;1295;1295;12.84;0.78;161.08;3.68;636;0;428.00;0
662;0;623319191;662;94;1295;1295;12.94;0.79;161.77;3.68;633;0;429.00;0
664;0;623319199;664;91;1295;1295;12.98;0.79;162.08;3.68;631;0;430.00;0
668;0;623319208;668;90;1295;1295;13.10;0.80;162.42;3.68;627;0;431.00;0
673;0;623319217;673;125;1377;1422;12.27;0.76;162.90;3.47;704;0;432.00;45
676;0;623319235;676;110;1377;1423;12.29;0.76;163.32;3.47;701;0;433.00;46
680;0;623319244;680;104;1381;1423;12.38;0.76;163.51;3.46;701;0;434.00;42
684;0;623319255;684;97;1381;1423;12.46;0.77;164.30;3.46;697;0;435.00;42
688;0;623319265;688;95;1387;1423;12.50;0.77;164.74;3.46;699;0;436.00;36
689;0;623319274;689;98;1389;1423;12.57;0.77;164.62;3.47;700;0;437.00;34
692;0;623319283;692;102;1392;1423;12.67;0.78;165.27;3.47;700;0;438.00;31
701;0;623319292;701;105;1395;1423;12.71;0.78;166.49;3.48;694;0;439.00;28
705;0;623319301;705;111;1398;1424;12.69;0.78;166.83;3.49;693;0;440.00;26
709;0;623319311;709;110;1402;1425;12.66;0.78;167.21;3.50;693;0;441.00;23
716;0;623319321;716;104;1405;1425;12.66;0.77;168.04;3.52;689;0;442.00;20
720;0;623319330;720;103;1409;1426;12.56;0.77;168.94;3.54;689;0;443.00;17
722;0;623319339;722;103;1410;1426;12.57;0.77;168.85;3.55;688;0;444.00;16
729;0;623319348;729;101;1414;1426;12.53;0.77;169.33;3.57;685;0;445.00;12
729;0;623319358;729;100;1417;1426;12.50;0.76;169.33;3.59;688;0;446.00;9
731;0;623319368;731;102;1420;1430;12.50;0.76;169.34;3.58;689;0;447.00;10
734;0;623319377;734;102;1421;1430;12.47;0.76;169.17;3.59;687;0;448.00;9
738;0;623319386;738;106;1421;1430;12.47;0.76;169.68;3.59;683;0;449.00;9
740;0;623319397;740;102;1426;1436;12.42;0.76;169.71;3.59;686;0;450.00;10
744;0;623319407;744;101;1426;1436;12.41;0.76;169.75;3.59;682;0;451.00;10
752;0;623319416;752;104;1427;1436;12.40;0.76;170.08;3.59;675;0;452.00;9
753;0;623319425;753;106;1431;1440;12.39;0.76;169.97;3.60;678;0;453.00;9
756;0;623319435;756;106;1433;1441;12.40;0.76;170.59;3.61;677;0;454.00;8
760;0;623319444;760;108;1434;1441;12.38;0.75;170.31;3.62;674;0;455.00;7
763;0;623319453;763;113;1438;1445;12.37;0.75;170.20;3.61;675;0;456.00;7
765;0;623319463;765;113;1438;1445;12.45;0.76;170.20;3.61;673;0;457.00;7
767;0;623319473;767;121;1438;1445;12.46;0.76;170.38;3.61;671;0;458.00;7
770;0;623319482;770;121;1439;1446;12.47;0.76;170.48;3.61;669;0;459.00;7
772;0;623319491;772;126;1440;1446;12.41;0.76;170.61;3.63;668;0;460.00;6
774;0;623319500;774;131;1444;1452;12.37;0.75;171.05;3.62;670;0;461.00;8
778;0;623319509;778;128;1444;1452;12.28;0.75;171.18;3.62;666;0;462.00;8
781;0;623319519;781;128;1445;1453;12.18;0.74;171.22;3.64;664;0;463.00;8
784;0;623319533;784;134;1446;1453;12.04;0.73;171.07;3.66;662;0;464.00;7
787;0;623319543;787;133;1447;1453;11.96;0.73;170.90;3.67;660;0;465.00;6
791;0;623319555;791;139;1448;1453;11.80;0.72;170.74;3.67;657;0;466.00;5
791;0;623319566;791;145;1448;1453;11.63;0.71;170.74;3.67;657;0;467.00;5
793;0;623319576;793;148;1457;1465;11.51;0.70;170.58;3.65;664;0;468.00;8
793;0;623319592;793;149;1458;1465;11.39;0.69;170.58;3.65;665;0;469.00;7
796;0;623319606;796;154;1461;1465;11.28;0.69;170.96;3.66;665;0;470.00;4
800;0;623319619;800;164;1461;1465;11.20;0.68;171.02;3.66;661;0;471.00;4
803;0;623319633;803;168;1462;1465;11.06;0.67;171.00;3.68;659;0;472.00;3
805;0;623319648;805;176;1462;1465;10.98;0.67;171.04;3.68;657;0;473.00;3
805;0;623319662;805;181;1465;1469;10.92;0.67;171.04;3.67;660;0;474.00;4
806;0;623319674;806;192;1466;1469;10.82;0.66;170.97;3.68;660;0;475.00;3
810;0;623319685;810;198;1473;1473;10.78;0.66;171.15;3.68;663;0;476.00;0
812;0;623319699;812;202;1474;1474;10.70;0.65;171.02;3.68;662;0;477.00;0
818;0;623319708;818;209;1474;1474;10.56;0.64;171.26;3.68;656;0;478.00;0
819;0;623319717;819;214;1474;1474;10.40;0.63;171.62;3.68;655;0;479.00;0
820;0;623319728;820;223;1494;1500;10.17;0.62;171.49;3.63;674;0;480.00;6
821;0;623319738;821;226;1495;1500;10.05;0.62;171.30;3.63;674;0;481.00;5
822;0;623319747;822;228;1498;1500;9.96;0.61;171.15;3.63;676;0;482.00;2
823;0;623319756;823;236;1501;1501;9.89;0.61;171.18;3.62;678;0;483.00;0
825;0;623319764;825;241;1502;1502;9.78;0.60;171.20;3.62;677;0;484.00;0
827;0;623319773;827;247;1502;1502;9.63;0.59;171.22;3.62;675;0;485.00;0
827;0;623319781;827;252;1504;1505;9.50;0.58;171.22;3.62;677;0;486.00;1
829;0;623319790;829;256;1504;1505;9.34;0.57;171.13;3.62;675;0;487.00;1
832;0;623319798;832;263;1505;1505;9.17;0.56;171.00;3.62;673;0;488.00;0
833;0;623319806;833;259;1505;1505;9.05;0.56;170.91;3.62;672;0;489.00;0
835;0;623319816;835;259;1511;1511;8.97;0.55;171.11;3.61;676;0;490.00;0
837;0;623319824;837;257;1511;1511;8.84;0.54;171.06;3.61;674;0;491.00;0
839;0;623319834;839;256;1511;1511;8.73;0.54;170.88;3.61;672;0;492.00;0
839;0;623319842;839;251;1511;1511;8.62;0.53;170.88;3.61;672;0;493.00;0
843;0;623319850;843;250;1515;1515;8.48;0.52;170.93;3.60;672;0;494.00;0
845;0;623319858;845;253;1517;1517;8.48;0.52;170.89;3.59;672;0;495.00;0
847;0;623319866;847;256;1517;1517;8.43;0.52;170.90;3.59;670;0;496.00;0
848;0;623319874;848;259;1518;1518;8.41;0.52;170.85;3.59;670;0;497.00;0
852;0;623319881;852;263;1518;1518;8.36;0.51;170.38;3.59;666;0;498.00;0
854;0;623319889;854;264;1518;1518;8.33;0.51;170.30;3.59;664;0;499.00;0
858;0;623319897;858;262;1518;1518;8.25;0.50;170.07;3.59;660;0;500.00;0
860;0;623319911;860;259;1518;1518;8.19;0.50;170.13;3.59;658;0;501.00;0
866;0;623319918;866;263;1518;1518;8.05;0.49;169.55;3.59;652;0;502.00;0
869;0;623319925;869;265;1518;1518;7.85;0.48;169.92;3.59;649;0;503.00;0
872;0;623319932;872;276;1560;1588;7.86;0.48;169.82;3.50;688;0;504.00;28
876;0;623319945;876;268;1561;1589;7.67;0.47;170.18;3.49;685;0;505.00;28
878;0;623319954;878;266;1569;1589;7.64;0.47;170.18;3.49;691;0;506.00;20
882;0;623319961;882;268;1573;1589;7.50;0.46;170.95;3.49;691;0;507.00;16
883;0;623319970;883;274;1577;1589;7.43;0.46;171.26;3.49;694;0;508.00;12
886;0;623319977;886;275;1578;1589;7.24;0.44;171.63;3.49;692;0;509.00;11
888;0;623319986;888;268;1581;1589;7.20;0.44;171.80;3.49;693;0;510.00;8
893;0;623319993;893;263;1583;1589;7.11;0.43;172.00;3.50;690;0;511.00;6
895;0;623320000;895;257;1585;1590;7.02;0.43;172.38;3.50;690;0;512.00;5
896;0;623320009;896;261;1586;1591;6.99;0.43;172.35;3.51;690;0;513.00;5
900;0;623320016;900;261;1587;1591;6.96;0.43;172.64;3.51;687;0;514.00;4
903;0;623320024;903;264;1593;1595;6.92;0.42;173.19;3.51;690;0;515.00;2
904;0;623320032;904;272;1595;1595;6.90;0.42;173.11;3.51;691;0;516.00;0
906;0;623320039;906;267;1595;1595;6.90;0.42;173.62;3.51;689;0;517.00;0
908;0;623320047;908;272;1595;1595;6.96;0.43;173.72;3.51;687;0;518.00;0
911;0;623320054;911;269;1600;1601;7.03;0.43;173.87;3.51;689;0;519.00;1
912;0;623320062;912;268;1601;1601;7.12;0.44;174.11;3.50;689;0;520.00;0
915;0;623320069;915;270;1601;1601;7.17;0.44;174.73;3.50;686;0;521.00;0
917;0;623320078;917;267;1604;1604;7.18;0.44;174.57;3.50;687;0;522.00;0
920;0;623320085;920;249;1604;1604;7.21;0.44;175.18;3.50;684;0;523.00;0
925;0;623320095;925;246;1604;1604;7.20;0.44;175.62;3.50;679;0;524.00;0
927;0;623320103;927;241;1605;1605;7.22;0.44;175.77;3.50;678;0;525.00;0
932;0;623320115;932;241;1606;1606;7.27;0.44;175.91;3.50;674;0;526.00;0
934;0;623320124;934;237;1606;1606;7.33;0.45;176.06;3.50;672;0;527.00;0
935;0;623320133;935;238;1619;1619;7.55;0.46;176.36;3.47;684;0;528.00;0
939;0;623320143;939;234;1619;1619;7.60;0.46;176.74;3.47;680;0;529.00;0
942;0;623320165;942;234;1619;1619;7.63;0.47;176.72;3.47;677;0;530.00;0
945;0;623320175;945;236;1620;1620;7.71;0.47;176.63;3.46;675;0;531.00;0
949;0;623320185;949;239;1620;1620;7.71;0.47;176.93;3.46;671;0;532.00;0
951;0;623320194;951;234;1624;1624;7.74;0.47;177.20;3.46;673;0;533.00;0
953;0;623320203;953;236;1624;1624;7.72;0.47;177.42;3.46;671;0;534.00;0
956;0;623320212;956;231;1628;1628;7.75;0.47;177.74;3.45;672;0;535.00;0
961;0;623320220;961;232;1628;1628;7.74;0.47;177.82;3.45;667;0;536.00;0
964;0;623320228;964;229;1628;1628;7.73;0.47;178.01;3.45;664;0;537.00;0
969;0;623320237;969;225;1628;1628;7.64;0.47;178.09;3.45;659;0;538.00;0
970;0;623320245;970;219;1628;1628;7.65;0.47;178.27;3.45;658;0;539.00;0
972;0;623320256;972;224;1659;1662;7.82;0.48;178.20;3.39;687;0;540.00;3
975;0;623320267;975;217;1659;1662;7.81;0.48;178.28;3.39;684;0;541.00;3
978;0;623320276;978;221;1661;1662;7.90;0.48;178.62;3.39;683;0;542.00;1
980;0;623320285;980;216;1661;1662;7.95;0.49;178.79;3.39;681;0;543.00;1
984;0;623320294;984;214;1662;1662;7.94;0.49;179.06;3.39;678;0;544.00;0
990;0;623320308;990;212;1662;1662;7.92;0.48;178.73;3.39;672;0;545.00;0
991;0;623320317;991;214;1663;1663;7.94;0.49;178.76;3.39;672;0;546.00;0
995;0;623320326;995;211;1663;1663;7.93;0.48;178.86;3.39;668;0;547.00;0
999;0;623320335;999;212;1669;1669;7.96;0.49;178.84;3.38;670;0;548.00;0
1000;0;623320345;1000;215;1670;1670;7.96;0.49;178.82;3.37;670;0;549.00;0
1003;0;623320354;1003;218;1670;1670;7.97;0.49;178.84;3.37;667;0;550.00;0
1005;0;623320362;1005;216;1670;1670;8.00;0.49;178.98;3.37;665;0;551.00;0
1009;0;623320371;1009;214;1674;1674;8.05;0.49;179.08;3.37;665;0;552.00;0
1009;0;623320381;1009;217;1674;1674;8.10;0.50;179.08;3.37;665;0;553.00;0
1011;0;623320390;1011;213;1674;1674;8.17;0.50;179.36;3.37;663;0;554.00;0
1013;0;623320398;1013;214;1675;1675;8.21;0.50;179.45;3.37;662;0;555.00;0
1014;0;623320408;1014;213;1679;1679;8.29;0.51;179.52;3.36;665;0;556.00;0
1017;0;623320417;1017;203;1679;1679;8.41;0.51;179.57;3.36;662;0;557.00;0
1018;0;623320426;1018;194;1681;1682;8.54;0.52;179.55;3.36;663;0;558.00;1
1019;0;623320436;1019;193;1681;1682;8.59;0.52;179.67;3.36;662;0;559.00;1
1021;0;623320445;1021;185;1682;1682;8.69;0.53;179.67;3.35;661;0;560.00;0
1021;0;623320454;1021;184;1682;1682;8.83;0.54;179.67;3.35;661;0;561.00;0
1026;0;623320463;1026;183;1686;1686;8.94;0.54;179.74;3.35;660;0;562.00;0
1029;0;623320480;1029;176;1686;1686;9.00;0.55;179.88;3.35;657;0;563.00;0
1031;0;623320491;1031;177;1686;1686;9.05;0.55;180.26;3.35;655;0;564.00;0
1035;0;623320501;1035;178;1686;1686;9.06;0.55;180.56;3.35;651;0;565.00;0
1037;0;623320520;1037;163;1687;1687;9.15;0.55;180.60;3.35;650;0;566.00;0
1041;0;623320529;1041;155;1688;1688;9.16;0.55;181.09;3.35;647;0;567.00;0
1042;0;623320540;1042;150;1688;1688;9.30;0.56;181.03;3.35;646;0;568.00;0
1043;0;623320549;1043;139;1689;1689;9.47;0.57;181.12;3.34;646;0;569.00;0
1045;0;623320561;1045;134;1689;1689;9.61;0.58;181.58;3.34;644;0;570.00;0
1047;0;623320571;1047;135;1689;1689;9.78;0.59;181.69;3.34;642;0;571.00;0
1049;0;623320582;1049;131;1689;1689;9.95;0.60;181.99;3.34;640;0;572.00;0
1053;0;623320592;1053;130;1689;1689;10.11;0.61;182.32;3.34;636;0;573.00;0
1054;0;623320602;1054;121;1689;1689;10.30;0.63;182.42;3.34;635;0;574.00;0
1057;0;623320611;1057;122;1689;1689;10.43;0.63;182.94;3.34;632;0;575.00;0
1059;0;623320622;1059;146;1769;1816;10.37;0.64;182.97;3.20;710;0;576.00;47
1063;0;623320641;1063;132;1773;1817;10.49;0.65;183.79;3.19;710;0;577.00;44
1066;0;623320651;1066;119;1781;1817;10.69;0.66;183.91;3.18;715;0;578.00;36
1068;0;623320661;1068;112;1784;1817;10.79;0.66;184.51;3.18;716;0;579.00;33
1071;0;623320671;1071;107;1788;1817;10.92;0.67;184.92;3.19;717;0;580.00;29
1073;0;623320681;1073;107;1789;1817;11.04;0.68;185.05;3.19;716;0;581.00;28
1074;0;623320691;1074;109;1791;1817;11.25;0.69;185.24;3.19;717;0;582.00;26
1077;0;623320701;1077;110;1795;1817;11.34;0.70;185.54;3.20;718;0;583.00;22
1080;0;623320711;1080;111;1797;1818;11.42;0.70;185.79;3.20;717;0;584.00;21
1081;0;623320722;1081;115;1802;1820;11.51;0.70;185.79;3.22;721;0;585.00;18
1083;0;623320732;1083;113;1805;1820;11.61;0.71;186.05;3.23;722;0;586.00;15
1089;0;623320742;1089;116;1808;1821;11.60;0.71;186.37;3.23;719;0;587.00;13
1093;0;623320753;1093;122;1810;1821;11.65;0.71;186.63;3.24;717;0;588.00;11
1097;0;623320763;1097;119;1813;1821;11.74;0.72;187.14;3.26;716;0;589.00;8
1100;0;623320773;1100;124;1816;1821;11.79;0.72;187.48;3.27;716;0;590.00;5
1103;0;623320783;1103;129;1820;1825;11.80;0.72;187.60;3.27;717;0;591.00;5
1105;0;623320794;1105;131;1821;1825;11.79;0.72;187.86;3.28;716;0;592.00;4
1108;0;623320804;1108;132;1822;1825;11.80;0.72;188.09;3.28;714;0;593.00;3
1112;0;623320814;1112;135;1824;1828;11.90;0.73;188.57;3.28;712;0;594.00;4
1116;0;623320824;1116;137;1825;1828;11.96;0.73;189.42;3.29;709;0;595.00;3
1117;0;623320834;1117;134;1827;1828;12.10;0.74;189.55;3.30;710;0;596.00;1
1120;0;623320843;1120;135;1832;1832;12.13;0.74;189.89;3.30;712;0;597.00;0
1127;0;623320854;1127;134;1833;1833;12.17;0.74;190.71;3.30;706;0;598.00;0
1129;0;623320864;1129;132;1833;1833;12.21;0.74;190.80;3.30;704;0;599.00;0
1131;0;623320876;1131;136;1845;1859;12.15;0.74;190.98;3.27;714;0;600.00;14
1134;0;623320893;1134;128;1845;1859;12.16;0.74;190.94;3.27;711;0;601.00;14
1136;0;623320903;1136;130;1845;1859;12.21;0.74;190.90;3.27;709;0;602.00;14
1140;0;623320912;1140;133;1847;1860;12.23;0.74;191.41;3.27;707;0;603.00;13
1143;0;623320929;1143;133;1848;1860;12.26;0.75;191.86;3.27;705;0;604.00;12
1146;0;623320939;1146;135;1852;1866;12.33;0.75;192.06;3.27;706;0;605.00;14
1149;0;623320949;1149;139;1854;1866;12.35;0.75;192.65;3.27;705;0;606.00;12
1152;0;623320959;1152;136;1855;1867;12.37;0.75;192.99;3.27;703;0;607.00;12
1155;0;623320970;1155;136;1855;1867;12.45;0.75;193.42;3.27;700;0;608.00;12
1158;0;623320980;1158;134;1857;1867;12.41;0.75;193.52;3.27;699;0;609.00;10
1161;0;623320989;1161;130;1857;1867;12.42;0.75;193.53;3.27;696;0;610.00;10
1163;0;623320999;1163;128;1857;1867;12.43;0.75;193.74;3.27;694;0;611.00;10
1167;0;623321009;1167;122;1867;1879;12.34;0.75;193.81;3.26;700;0;612.00;12
1171;0;623321025;1171;115;1867;1879;12.31;0.75;193.83;3.26;696;0;613.00;12
1174;0;623321034;1174;113;1867;1879;12.30;0.75;193.90;3.26;693;0;614.00;12
1179;0;623321044;1179;113;1870;1879;12.27;0.74;194.34;3.27;691;0;615.00;9
1181;0;623321053;1181;110;1870;1879;12.31;0.75;194.60;3.27;689;0;616.00;9
1183;0;623321062;1183;107;1870;1879;12.36;0.75;195.03;3.27;687;0;617.00;9
1186;0;623321071;1186;105;1875;1883;12.39;0.75;195.04;3.27;689;0;618.00;8
1188;0;623321081;1188;103;1875;1883;12.38;0.75;195.20;3.27;687;0;619.00;8
1189;0;623321090;1189;105;1879;1887;12.55;0.76;195.30;3.28;690;0;620.00;8
1194;0;623321099;1194;105;1879;1888;12.57;0.76;195.11;3.28;685;0;621.00;9
1198;0;623321109;1198;103;1880;1888;12.52;0.76;195.33;3.27;682;0;622.00;8
1200;0;623321119;1200;101;1880;1888;12.56;0.76;195.35;3.27;680;0;623.00;8
1205;0;623321128;1205;107;1889;1901;12.43;0.75;195.50;3.27;684;0;624.00;12
1209;0;623321138;1209;106;1889;1901;12.42;0.75;195.41;3.27;680;0;625.00;12
1211;0;623321149;1211;109;1889;1901;12.39;0.75;195.29;3.27;678;0;626.00;12
1213;0;623321158;1213;109;1892;1902;12.38;0.75;195.35;3.29;679;0;627.00;10
1215;0;623321167;1215;114;1893;1903;12.38;0.75;195.57;3.30;678;0;628.00;10
1217;0;623321176;1217;117;1893;1903;12.40;0.75;195.56;3.30;676;0;629.00;10
1221;0;623321187;1221;119;1899;1909;12.36;0.75;195.52;3.31;678;0;630.00;10
1223;0;623321197;1223;118;1900;1909;12.33;0.75;195.42;3.31;677;0;631.00;9
1227;0;623321205;1227;123;1902;1909;12.24;0.74;195.43;3.31;675;0;632.00;7
1229;0;623321215;1229;126;1903;1909;12.16;0.74;195.50;3.33;674;0;633.00;6
1230;0;623321224;1230;129;1908;1915;12.10;0.73;195.36;3.32;678;0;634.00;7
1232;0;623321233;1232;133;1908;1915;11.98;0.73;195.67;3.32;676;0;635.00;7
1234;0;623321241;1234;137;1908;1915;11.91;0.73;195.68;3.32;674;0;636.00;7
1236;0;623321250;1236;140;1908;1915;11.84;0.72;195.76;3.32;672;0;637.00;7
1239;0;623321258;1239;144;1911;1919;11.80;0.72;195.89;3.32;672;0;638.00;8
1241;0;623321267;1241;153;1914;1920;11.67;0.71;195.78;3.34;673;0;639.00;6
1244;0;623321276;1244;160;1916;1920;11.50;0.70;195.77;3.35;672;0;640.00;4
1245;0;623321285;1245;165;1918;1921;11.42;0.69;195.77;3.36;673;0;641.00;3
1247;0;623321294;1247;168;1918;1921;11.30;0.69;195.70;3.36;671;0;642.00;3
1250;0;623321303;1250;176;1918;1921;11.22;0.68;195.64;3.36;668;0;643.00;3
1252;0;623321311;1252;188;1920;1921;11.13;0.68;195.43;3.37;668;0;644.00;1
1255;0;623321320;1255;190;1920;1921;11.10;0.68;195.42;3.37;665;0;645.00;1
1256;0;623321328;1256;195;1921;1921;10.95;0.67;195.32;3.37;665;0;646.00;0
1256;0;623321337;1256;196;1921;1921;10.86;0.66;195.32;3.37;665;0;647.00;0
1257;0;623321345;1257;201;1956;1991;10.82;0.66;195.39;3.31;699;0;648.00;35
1258;0;623321359;1258;199;1958;1992;10.68;0.65;195.28;3.31;700;0;649.00;34
1259;0;623321368;1259;201;1967;1992;10.55;0.65;195.30;3.31;708;0;650.00;25
1261;0;623321376;1261;204;1972;1992;10.43;0.64;195.20;3.30;711;0;651.00;20
1263;0;623321384;1263;213;1975;1992;10.30;0.63;195.11;3.31;712;0;652.00;17
1264;0;623321392;1264;215;1977;1992;10.09;0.62;194.99;3.31;713;0;653.00;15
1269;0;623321400;1269;220;1982;1992;9.88;0.61;194.69;3.31;713;0;654.00;10
1271;0;623321408;1271;226;1985;1992;9.72;0.59;194.51;3.32;714;0;655.00;7
1273;0;623321417;1273;231;1987;1993;9.55;0.58;194.32;3.32;714;0;656.00;6
1275;0;623321425;1275;239;1989;1994;9.38;0.57;194.25;3.33;714;0;657.00;5
1276;0;623321433;1276;245;1991;1994;9.15;0.56;194.11;3.34;715;0;658.00;3
1277;0;623321441;1277;244;1997;1998;9.01;0.55;194.13;3.34;720;0;659.00;1
1278;0;623321451;1278;247;1998;1998;8.93;0.55;194.12;3.34;720;0;660.00;0
1279;0;623321459;1279;249;1998;1998;8.83;0.54;194.06;3.34;719;0;661.00;0
1280;0;623321467;1280;253;1998;1998;8.72;0.54;193.93;3.34;718;0;662.00;0
1282;0;623321475;1282;260;2004;2004;8.65;0.53;194.05;3.33;722;0;663.00;0
1283;0;623321484;1283;261;2004;2004;8.62;0.53;193.96;3.33;721;0;664.00;0
1284;0;623321492;1284;270;2004;2004;8.55;0.52;193.96;3.33;720;0;665.00;0
1285;0;623321500;1285;275;2006;2007;8.54;0.52;193.91;3.33;721;0;666.00;1
1286;0;623321508;1286;276;2006;2007;8.41;0.52;193.99;3.33;720;0;667.00;1
1291;0;623321516;1291;273;2007;2007;8.34;0.51;193.91;3.33;716;0;668.00;0
1293;0;623321525;1293;277;2008;2008;8.26;0.50;193.77;3.32;715;0;669.00;0
1296;0;623321533;1296;282;2009;2009;8.11;0.49;193.51;3.32;713;0;670.00;0
1297;0;623321541;1297;282;2009;2009;7.94;0.48;193.48;3.32;712;0;671.00;0
1298;0;623321551;1298;288;2020;2022;7.80;0.48;193.48;3.30;722;0;672.00;2
1302;0;623321559;1302;289;2021;2022;7.66;0.47;193.71;3.30;719;0;673.00;1
1306;0;623321567;1306;291;2022;2022;7.54;0.46;193.83;3.30;716;0;674.00;0
1308;0;623321574;1308;281;2024;2024;7.50;0.46;193.81;3.30;716;0;675.00;0
1311;0;623321589;1311;274;2024;2024;7.50;0.46;193.86;3.30;713;0;676.00;0
1314;0;623321602;1314;261;2028;2028;7.54;0.46;194.13;3.30;714;0;677.00;0
1315;0;623321616;1315;257;2028;2028;7.52;0.46;194.28;3.30;713;0;678.00;0
1320;0;623321627;1320;254;2032;2032;7.44;0.46;194.39;3.29;712;0;679.00;0
1325;0;623321643;1325;239;2032;2032;7.45;0.46;194.42;3.29;707;0;680.00;0
1328;0;623321657;1328;231;2032;2032;7.45;0.46;194.47;3.29;704;0;681.00;0
1335;0;623321679;1335;226;2032;2032;7.43;0.45;194.59;3.29;697;0;682.00;0
1338;0;623321693;1338;221;2032;2032;7.43;0.45;194.75;3.29;694;0;683.00;0
1341;0;623321703;1341;221;2043;2044;7.52;0.46;194.99;3.27;702;0;684.00;1
1343;0;623321713;1343;221;2043;2044;7.55;0.46;195.29;3.27;700;0;685.00;1
1347;0;623321722;1347;221;2044;2044;7.61;0.46;195.59;3.27;697;0;686.00;0
1350;0;623321730;1350;211;2044;2044;7.66;0.47;195.83;3.27;694;0;687.00;0
1353;0;623321739;1353;203;2044;2044;7.73;0.47;196.06;3.27;691;0;688.00;0
1354;0;623321748;1354;201;2044;2044;7.82;0.48;196.10;3.27;690;0;689.00;0
1358;0;623321764;1358;200;2045;2045;7.89;0.48;196.53;3.27;687;0;690.00;0
1360;0;623321774;1360;198;2045;2045;7.92;0.48;196.70;3.27;685;0;691.00;0
1362;0;623321783;1362;195;2051;2051;8.10;0.49;196.65;3.26;689;0;692.00;0
1364;0;623321792;1364;193;2051;2052;8.17;0.50;196.87;3.26;687;0;693.00;1
1365;0;623321802;1365;194;2052;2052;8.27;0.51;197.09;3.26;687;0;694.00;0
1367;0;623321810;1367;183;2052;2052;8.37;0.51;197.23;3.26;685;0;695.00;0
1373;0;623321819;1373;179;2056;2056;8.44;0.52;197.53;3.26;683;0;696.00;0
1375;0;623321827;1375;182;2056;2056;8.46;0.52;197.69;3.26;681;0;697.00;0
1377;0;623321836;1377;182;2056;2056;8.44;0.51;197.72;3.26;679;0;698.00;0
1382;0;623321844;1382;189;2057;2057;8.38;0.51;197.63;3.26;675;0;699.00;0
1386;0;623321854;1386;193;2061;2061;8.42;0.51;197.83;3.25;675;0;700.00;0
1388;0;623321867;1388;187;2061;2061;8.49;0.52;197.67;3.25;673;0;701.00;0
1391;0;623321876;1391;192;2063;2064;8.55;0.52;197.56;3.25;672;0;702.00;1
1396;0;623321885;1396;190;2063;2064;8.57;0.52;197.48;3.25;667;0;703.00;1
1398;0;623321894;1398;190;2064;2064;8.52;0.52;197.74;3.25;666;0;704.00;0
1401;0;623321902;1401;186;2064;2064;8.42;0.52;197.69;3.25;663;0;705.00;0
1406;0;623321911;1406;186;2068;2068;8.44;0.52;198.13;3.24;662;0;706.00;0
1409;0;623321920;1409;187;2068;2068;8.42;0.51;198.26;3.24;659;0;707.00;0
1413;0;623321929;1413;186;2068;2068;8.35;0.51;198.40;3.24;655;0;708.00;0
1418;0;623321938;1418;183;2068;2068;8.24;0.50;198.70;3.24;650;0;709.00;0
1422;0;623321947;1422;184;2069;2069;8.15;0.50;198.75;3.24;647;0;710.00;0
1424;0;623321955;1424;183;2070;2070;8.13;0.50;198.73;3.24;646;0;711.00;0
1427;0;623321964;1427;184;2070;2070;8.10;0.49;198.74;3.24;643;0;712.00;0
1432;0;623321974;1432;178;2071;2071;8.04;0.49;198.88;3.24;639;0;713.00;0
1436;0;623321982;1436;180;2071;2071;7.99;0.49;198.85;3.24;635;0;714.00;0
1439;0;623321991;1439;185;2071;2071;8.03;0.49;198.98;3.24;632;0;715.00;0
1444;0;623321999;1444;182;2071;2071;8.07;0.49;199.34;3.24;627;0;716.00;0
1446;0;623322007;1446;182;2071;2071;8.09;0.49;199.47;3.24;625;0;717.00;0
1448;0;623322016;1448;180;2071;2071;8.13;0.50;199.49;3.24;623;0;718.00;0
1452;0;623322024;1452;176;2071;2071;8.16;0.50;199.85;3.24;619;0;719.00;0
1458;0;623322034;1458;213;2192;2301;8.45;0.53;200.16;3.06;734;0;720.00;109
1461;0;623322062;1461;198;2202;2302;8.55;0.54;200.10;3.05;741;0;721.00;100
1464;0;623322072;1464;180;2213;2302;8.67;0.55;200.20;3.05;749;0;722.00;89
1467;0;623322081;1467;178;2220;2302;8.73;0.55;200.21;3.05;753;0;723.00;82
1469;0;623322092;1469;177;2232;2302;8.73;0.55;200.28;3.05;763;0;724.00;70
1471;0;623322101;1471;173;2236;2302;8.72;0.55;200.39;3.06;765;0;725.00;66
1475;0;623322111;1475;173;2242;2302;8.68;0.54;200.56;3.06;767;0;726.00;60
1478;0;623322121;1478;163;2247;2302;8.68;0.54;200.68;3.07;769;0;727.00;55
1480;0;623322131;1480;161;2255;2303;8.60;0.53;200.59;3.09;775;0;728.00;48
1485;0;623322142;1485;154;2259;2304;8.57;0.53;200.74;3.10;774;0;729.00;45
1488;0;623322152;1488;161;2264;2304;8.54;0.53;200.90;3.12;776;0;730.00;40
1489;0;623322163;1489;164;2268;2305;8.57;0.53;200.87;3.13;779;0;731.00;37
1495;0;623322173;1495;172;2269;2305;8.54;0.53;200.93;3.13;774;0;732.00;36
1497;0;623322183;1497;177;2272;2305;8.57;0.53;201.01;3.14;775;0;733.00;33
1498;0;623322193;1498;183;2274;2305;8.57;0.53;200.97;3.15;776;0;734.00;31
1500;0;623322203;1500;193;2278;2309;8.57;0.53;201.08;3.16;778;0;735.00;31
1504;0;623322220;1504;187;2279;2309;8.64;0.53;201.40;3.17;775;0;736.00;30
1505;0;623322230;1505;180;2281;2309;8.70;0.54;201.45;3.18;776;0;737.00;28
1508;0;623322241;1508;178;2282;2312;8.77;0.54;201.68;3.18;774;0;738.00;30
1511;0;623322258;1511;172;2283;2312;8.87;0.54;201.65;3.19;772;0;739.00;29
1513;0;623322269;1513;169;2285;2312;8.96;0.55;201.69;3.21;772;0;740.00;27
1519;0;623322280;1519;174;2290;2316;8.95;0.55;201.89;3.21;771;0;741.00;26
1522;0;623322292;1522;170;2291;2317;9.02;0.55;202.24;3.21;769;0;742.00;26
1523;0;623322304;1523;171;2294;2317;9.14;0.56;202.31;3.22;771;0;743.00;23
1528;0;623322315;1528;167;2297;2321;9.23;0.56;202.77;3.22;769;0;744.00;24
1531;0;623322326;1531;163;2299;2321;9.36;0.57;203.13;3.22;768;0;745.00;22
1534;0;623322343;1534;167;2300;2321;9.51;0.58;203.30;3.23;766;0;746.00;21
1537;0;623322354;1537;164;2301;2322;9.61;0.59;203.40;3.23;764;0;747.00;21
1539;0;623322365;1539;158;2301;2322;9.81;0.60;203.52;3.23;762;0;748.00;21
1540;0;623322377;1540;154;2307;2328;9.97;0.61;203.67;3.24;767;0;749.00;21
1542;0;623322390;1542;152;2308;2328;10.18;0.62;203.72;3.25;766;0;750.00;20
1544;0;623322401;1544;153;2310;2329;10.35;0.63;203.87;3.26;766;0;751.00;19
1547;0;623322412;1547;149;2311;2329;10.51;0.64;204.01;3.27;764;0;752.00;18
1550;0;623322424;1550;145;2313;2329;10.63;0.65;204.34;3.28;763;0;753.00;16
1553;0;623322435;1553;142;2313;2329;10.64;0.65;204.40;3.28;760;0;754.00;16
1554;0;623322446;1554;140;2314;2329;10.70;0.65;204.54;3.30;760;0;755.00;15
1557;0;623322458;1557;140;2325;2341;10.84;0.66;204.55;3.30;768;0;756.00;16
1561;0;623322470;1561;146;2326;2341;11.03;0.67;204.81;3.31;765;0;757.00;15
1562;0;623322482;1562;149;2327;2341;11.16;0.68;204.93;3.31;765;0;758.00;14
1564;0;623322494;1564;152;2328;2341;11.35;0.69;204.88;3.32;764;0;759.00;13
1566;0;623322505;1566;154;2329;2341;11.49;0.70;205.05;3.32;763;0;760.00;12
1570;0;623322516;1570;154;2330;2341;11.59;0.71;205.22;3.32;760;0;761.00;11
1572;0;623322527;1572;154;2334;2345;11.59;0.71;205.27;3.32;762;0;762.00;11
1573;0;623322538;1573;155;2334;2345;11.67;0.71;205.29;3.32;761;0;763.00;11
1577;0;623322554;1577;154;2338;2349;11.67;0.71;205.68;3.31;761;0;764.00;11
1577;0;623322565;1577;153;2340;2351;11.64;0.71;205.68;3.31;763;0;765.00;11
1583;0;623322575;1583;153;2340;2351;11.58;0.71;206.14;3.31;757;0;766.00;11
1588;0;623322594;1588;150;2341;2351;11.52;0.70;206.04;3.33;753;0;767.00;10
1591;0;623322605;1591;157;2352;2364;11.55;0.71;206.43;3.31;761;0;768.00;12
1593;0;623322617;1593;154;2352;2364;11.58;0.71;206.34;3.31;759;0;769.00;12
1596;0;623322628;1596;161;2352;2364;11.59;0.71;206.57;3.31;756;0;770.00;12
1598;0;623322638;1598;160;2353;2365;11.61;0.71;206.67;3.31;755;0;771.00;12
1602;0;623322648;1602;160;2354;2366;11.57;0.71;206.91;3.31;752;0;772.00;12
1605;0;623322658;1605;160;2354;2366;11.59;0.71;207.38;3.31;749;0;773.00;12
1609;0;623322668;1609;156;2356;2369;11.61;0.71;207.47;3.31;747;0;774.00;13
1617;0;623322679;1617;157;2357;2369;11.53;0.70;207.91;3.33;740;0;775.00;12
1621;0;623322689;1621;163;2358;2369;11.55;0.70;208.14;3.33;737;0;776.00;11
1626;0;623322700;1626;165;2358;2369;11.60;0.71;208.28;3.33;732;0;777.00;11
1630;0;623322709;1630;169;2363;2375;11.63;0.71;208.66;3.32;733;0;778.00;12
1632;0;623322720;1632;170;2363;2375;11.60;0.71;208.74;3.32;731;0;779.00;12
1635;0;623322731;1635;169;2363;2375;11.53;0.70;208.83;3.32;728;0;780.00;12
1642;0;623322740;1642;166;2363;2375;11.45;0.70;208.92;3.32;721;0;781.00;12
1645;0;623322750;1645;162;2366;2379;11.41;0.70;209.17;3.32;721;0;782.00;13
1649;0;623322760;1649;158;2367;2380;11.37;0.70;209.42;3.32;718;0;783.00;13
1653;0;623322769;1653;160;2367;2380;11.30;0.69;209.67;3.32;714;0;784.00;13
1656;0;623322778;1656;158;2370;2381;11.30;0.69;209.88;3.32;714;0;785.00;11
1658;0;623322788;1658;155;2370;2381;11.27;0.69;210.08;3.32;712;0;786.00;11
1664;0;623322797;1664;155;2370;2381;11.31;0.69;210.11;3.32;706;0;787.00;11
1668;0;623322806;1668;156;2370;2381;11.33;0.69;210.19;3.32;702;0;788.00;11
1676;0;623322816;1676;157;2370;2381;11.31;0.69;210.24;3.32;694;0;789.00;11
1678;0;623322825;1678;154;2370;2381;11.24;0.68;210.19;3.32;692;0;790.00;11
1681;0;623322834;1681;154;2370;2381;11.20;0.68;209.99;3.32;689;0;791.00;11
1683;0;623322843;1683;157;2403;2451;11.12;0.68;209.85;3.28;720;0;792.00;48
1683;0;623322858;1683;155;2403;2452;11.10;0.68;209.85;3.28;720;0;793.00;49
1684;0;623322867;1684;157;2410;2452;11.11;0.68;209.82;3.27;726;0;794.00;42
1691;0;623322876;1691;165;2412;2452;11.02;0.67;209.93;3.27;721;0;795.00;40
1692;0;623322886;1692;165;2414;2452;11.00;0.67;209.92;3.27;722;0;796.00;38
1693;0;623322895;1693;173;2419;2452;10.93;0.67;209.84;3.31;726;0;797.00;33
1694;0;623322905;1694;171;2422;2452;10.90;0.66;209.77;3.31;728;0;798.00;30
1695;0;623322914;1695;176;2425;2452;10.82;0.66;209.76;3.34;730;0;799.00;27
1696;0;623322924;1696;176;2428;2453;10.71;0.65;209.68;3.35;732;0;800.00;25
1699;0;623322937;1699;180;2432;2454;10.60;0.64;209.53;3.36;733;0;801.00;22
1699;0;623322946;1699;187;2435;2454;10.48;0.64;209.53;3.40;736;0;802.00;19
1702;0;623322954;1702;192;2441;2458;10.38;0.63;209.42;3.40;739;0;803.00;17
1704;0;623322964;1704;195;2444;2458;10.23;0.62;209.35;3.44;740;0;804.00;14
1707;0;623322974;1707;197;2444;2458;10.04;0.61;209.19;3.44;737;0;805.00;14
1709;0;623322982;1709;205;2445;2458;9.95;0.61;209.14;3.47;736;0;806.00;13
1710;0;623322991;1710;209;2450;2464;9.93;0.61;209.07;3.46;740;0;807.00;14
1712;0;623323000;1712;218;2451;2464;9.89;0.60;208.88;3.50;739;0;808.00;13
1712;0;623323009;1712;226;2451;2464;9.84;0.60;208.88;3.50;739;0;809.00;13
1715;0;623323019;1715;232;2458;2470;9.78;0.60;208.87;3.54;743;0;810.00;12
1716;0;623323028;1716;240;2460;2470;9.71;0.59;208.91;3.57;744;0;811.00;10
1719;0;623323038;1719;242;2463;2470;9.63;0.59;208.92;3.58;744;0;812.00;7
1721;0;623323046;1721;245;2464;2471;9.46;0.58;208.75;3.62;743;0;813.00;7
1723;0;623323055;1723;250;2466;2472;9.30;0.57;208.57;3.62;743;0;814.00;6
1725;0;623323064;1725;254;2468;2472;9.16;0.56;208.54;3.65;743;0;815.00;4
1729;0;623323072;1729;263;2479;2485;9.01;0.55;208.36;3.66;750;0;816.00;6
1731;0;623323081;1731;268;2481;2485;8.86;0.54;208.25;3.67;750;0;817.00;4
1732;0;623323090;1732;276;2482;2485;8.74;0.53;208.14;3.67;750;0;818.00;3
1734;0;623323098;1734;285;2483;2486;8.69;0.53;208.06;3.67;749;0;819.00;3
1735;0;623323106;1735;291;2484;2486;8.66;0.53;208.07;3.67;749;0;820.00;2
1737;0;623323114;1737;293;2490;2490;8.65;0.53;208.03;3.66;753;0;821.00;0
1740;0;623323123;1740;300;2490;2490;8.52;0.52;207.91;3.66;750;0;822.00;0
1742;0;623323131;1742;306;2494;2494;8.45;0.52;207.85;3.66;752;0;823.00;0
1742;0;623323139;1742;313;2494;2494;8.33;0.51;207.85;3.66;752;0;824.00;0
1744;0;623323147;1744;314;2494;2494;8.23;0.51;207.70;3.66;750;0;825.00;0
1746;0;623323155;1746;317;2494;2494;8.14;0.50;207.66;3.66;748;0;826.00;0
1748;0;623323163;1748;308;2494;2494;8.06;0.50;207.53;3.66;746;0;827.00;0
1749;0;623323171;1749;311;2505;2506;8.10;0.50;207.47;3.64;756;0;828.00;1
1754;0;623323180;1754;307;2505;2506;8.03;0.49;207.29;3.64;751;0;829.00;1
1756;0;623323189;1756;304;2506;2506;7.98;0.49;207.28;3.64;750;0;830.00;0
1758;0;623323198;1758;298;2506;2506;7.92;0.49;207.25;3.64;748;0;831.00;0
1758;0;623323206;1758;292;2506;2506;7.94;0.49;207.25;3.64;748;0;832.00;0
1760;0;623323215;1760;290;2506;2506;7.90;0.49;207.13;3.64;746;0;833.00;0
1763;0;623323228;1763;288;2507;2507;7.89;0.48;207.10;3.64;744;0;834.00;0
1764;0;623323237;1764;285;2507;2507;7.87;0.48;207.06;3.64;743;0;835.00;0
1765;0;623323245;1765;281;2513;2513;8.01;0.49;207.00;3.63;748;0;836.00;0
1769;0;623323255;1769;279;2514;2514;8.03;0.49;206.98;3.63;745;0;837.00;0
1769;0;623323264;1769;276;2514;2514;8.04;0.49;206.98;3.63;745;0;838.00;0
1769;0;623323272;1769;281;2514;2514;8.03;0.49;206.98;3.63;745;0;839.00;0
1770;0;623323282;1770;280;2519;2519;8.00;0.49;206.92;3.63;749;0;840.00;0
1771;0;623323291;1771;278;2519;2519;7.95;0.49;206.92;3.63;748;0;841.00;0
1774;0;623323304;1774;282;2519;2519;7.85;0.48;206.92;3.63;745;0;842.00;0
1776;0;623323312;1776;281;2520;2520;7.74;0.47;206.82;3.62;744;0;843.00;0
1779;0;623323320;1779;282;2524;2524;7.64;0.47;206.82;3.62;745;0;844.00;0
1785;0;623323328;1785;280;2524;2524;7.51;0.46;206.81;3.62;739;0;845.00;0
1785;0;623323337;1785;281;2526;2527;7.49;0.46;206.81;3.62;741;0;846.00;1
1790;0;623323344;1790;281;2527;2527;7.43;0.46;206.87;3.62;737;0;847.00;0
1794;0;623323352;1794;280;2527;2527;7.35;0.45;206.93;3.62;733;0;848.00;0
1798;0;623323360;1798;278;2527;2527;7.30;0.45;207.17;3.62;729;0;849.00;0
1801;0;623323367;1801;264;2531;2531;7.36;0.45;207.20;3.61;730;0;850.00;0
1807;0;623323375;1807;260;2531;2531;7.34;0.45;207.42;3.61;724;0;851.00;0
1810;0;623323383;1810;252;2531;2531;7.37;0.45;207.67;3.61;721;0;852.00;0
1814;0;623323392;1814;244;2531;2531;7.40;0.45;207.82;3.61;717;0;853.00;0
1816;0;623323399;1816;239;2532;2532;7.44;0.46;207.70;3.61;716;0;854.00;0
1819;0;623323408;1819;236;2534;2534;7.50;0.46;207.98;3.61;715;0;855.00;0
1825;0;623323416;1825;233;2534;2534;7.50;0.46;208.40;3.61;709;0;856.00;0
1829;0;623323424;1829;218;2535;2535;7.60;0.46;208.58;3.61;706;0;857.00;0
1831;0;623323433;1831;208;2535;2535;7.75;0.47;208.66;3.61;704;0;858.00;0
1833;0;623323442;1833;200;2535;2535;7.86;0.48;208.68;3.61;702;0;859.00;0
1834;0;623323450;1834;198;2535;2535;7.98;0.49;208.74;3.61;701;0;860.00;0
1838;0;623323458;1838;191;2535;2535;8.08;0.49;208.98;3.61;697;0;861.00;0
1839;0;623323467;1839;187;2535;2535;8.17;0.50;209.02;3.61;696;0;862.00;0
1843;0;623323477;1843;187;2535;2535;8.19;0.50;209.36;3.61;692;0;863.00;0
1845;0;623323485;1845;195;2612;2662;8.45;0.52;209.28;3.50;767;0;864.00;50
1851;0;623323503;1851;184;2616;2663;8.40;0.52;209.23;3.50;765;0;865.00;47
1854;0;623323513;1854;188;2625;2663;8.45;0.52;209.17;3.49;771;0;866.00;38
1857;0;623323522;1857;188;2629;2663;8.42;0.52;209.66;3.49;772;0;867.00;34
1860;0;623323531;1860;193;2634;2663;8.43;0.52;209.76;3.49;774;0;868.00;29
1863;0;623323540;1863;190;2636;2663;8.38;0.52;209.97;3.49;773;0;869.00;27
1867;0;623323551;1867;191;2639;2663;8.32;0.51;209.89;3.50;772;0;870.00;24
1870;0;623323560;1870;197;2641;2663;8.39;0.52;210.12;3.50;771;0;871.00;22
1874;0;623323569;1874;191;2643;2664;8.37;0.52;210.46;3.50;769;0;872.00;21
1881;0;623323578;1881;197;2648;2665;8.28;0.51;210.40;3.51;767;0;873.00;17
1884;0;623323593;1884;195;2651;2665;8.24;0.51;210.47;3.52;767;0;874.00;14
1890;0;623323611;1890;206;2653;2666;8.16;0.50;210.58;3.52;763;0;875.00;13
1894;0;623323633;1894;211;2655;2666;8.15;0.50;210.57;3.53;761;0;876.00;11
1896;0;623323650;1896;218;2656;2666;8.18;0.50;210.60;3.53;760;0;877.00;10
1899;0;623323665;1899;221;2658;2666;8.24;0.51;210.69;3.54;759;0;878.00;8
1904;0;623323680;1904;222;2663;2670;8.19;0.50;210.98;3.55;759;0;879.00;7
1908;0;623323696;1908;218;2664;2670;8.26;0.50;211.26;3.55;756;0;880.00;6
1912;0;623323708;1912;220;2666;2670;8.26;0.50;211.24;3.55;754;0;881.00;4
1916;0;623323719;1916;219;2667;2673;8.29;0.51;211.26;3.55;751;0;882.00;6
1923;0;623323730;1923;223;2668;2673;8.32;0.51;211.48;3.56;745;0;883.00;5
1926;0;623323741;1926;224;2669;2673;8.38;0.51;211.54;3.56;743;0;884.00;4
1928;0;623323752;1928;221;2674;2677;8.47;0.52;211.72;3.57;746;0;885.00;3
1932;0;623323763;1932;222;2675;2678;8.52;0.52;211.75;3.57;743;0;886.00;3
1935;0;623323774;1935;227;2676;2678;8.54;0.52;211.87;3.57;741;0;887.00;2
1936;0;623323784;1936;229;2681;2682;8.61;0.53;211.92;3.57;745;0;888.00;1
1939;0;623323795;1939;226;2681;2682;8.64;0.53;212.00;3.57;742;0;889.00;1
1944;0;623323804;1944;225;2682;2682;8.61;0.53;212.10;3.57;738;0;890.00;0
1944;0;623323816;1944;229;2683;2683;8.67;0.53;212.10;3.57;739;0;891.00;0
1947;0;623323825;1947;225;2683;2683;8.68;0.53;212.23;3.57;736;0;892.00;0
1951;0;623323837;1951;226;2689;2689;8.74;0.53;212.29;3.56;738;0;893.00;0
1955;0;623323848;1955;227;2689;2689;8.76;0.53;212.24;3.56;734;0;894.00;0
1958;0;623323858;1958;228;2690;2690;8.73;0.53;212.29;3.56;732;0;895.00;0
1958;0;623323869;1958;228;2690;2690;8.77;0.54;212.29;3.56;732;0;896.00;0
1962;0;623323879;1962;218;2690;2690;8.78;0.54;212.42;3.56;728;0;897.00;0
1966;0;623323896;1966;211;2690;2690;8.84;0.54;212.39;3.56;724;0;898.00;0
1966;0;623323906;1966;204;2690;2690;8.93;0.54;212.39;3.56;724;0;899.00;0
1969;0;623323919;1969;200;2721;2736;9.02;0.55;212.44;3.52;752;0;900.00;15
1970;0;623323939;1970;192;2722;2736;9.14;0.56;212.46;3.52;752;0;901.00;14
1973;0;623323950;1973;189;2725;2736;9.30;0.57;212.74;3.52;752;0;902.00;11
1976;0;623323961;1976;183;2725;2736;9.47;0.58;212.71;3.52;749;0;903.00;11
1978;0;623323972;1978;184;2727;2736;9.64;0.59;212.65;3.52;749;0;904.00;9
1984;0;623323982;1984;185;2727;2736;9.75;0.60;212.91;3.52;743;0;905.00;9
1985;0;623323993;1985;172;2732;2740;9.79;0.60;212.99;3.51;747;0;906.00;8
1989;0;623324009;1989;162;2734;2740;9.92;0.61;213.11;3.52;745;0;907.00;6
1991;0;623324020;1991;151;2737;2744;10.07;0.62;213.15;3.51;746;0;908.00;7
1994;0;623324031;1994;149;2738;2745;10.21;0.63;213.39;3.51;744;0;909.00;7
1999;0;623324042;1999;144;2738;2745;10.30;0.63;213.61;3.51;739;0;910.00;7
2002;0;623324052;2002;141;2738;2745;10.38;0.64;213.73;3.51;736;0;911.00;7
2006;0;623324064;2006;134;2752;2758;10.43;0.64;213.80;3.50;746;0;912.00;6
2008;0;623324076;2008;134;2752;2758;10.50;0.64;213.86;3.50;744;0;913.00;6
2011;0;623324086;2011;133;2752;2758;10.57;0.65;213.93;3.50;741;0;914.00;6
2014;0;623324098;2014;131;2753;2759;10.69;0.65;214.11;3.50;739;0;915.00;6
2017;0;623324109;2017;129;2754;2760;10.79;0.66;214.11;3.50;737;0;916.00;6
2021;0;623324121;2021;127;2754;2760;10.82;0.66;214.27;3.50;733;0;917.00;6
2024;0;623324152;2024;127;2758;2763;10.83;0.66;214.24;3.51;734;0;918.00;5
2028;0;623324163;2028;125;2758;2763;10.86;0.66;214.37;3.51;730;0;919.00;5
2031;0;623324175;2031;127;2759;2763;10.87;0.66;214.52;3.51;728;0;920.00;4
2034;0;623324186;2034;129;2759;2763;10.91;0.66;214.76;3.51;725;0;921.00;4
2037;0;623324197;2037;127;2764;2769;10.86;0.66;214.87;3.50;727;0;922.00;5
2038;0;623324210;2038;127;2764;2769;10.87;0.66;214.90;3.50;726;0;923.00;5
2043;0;623324222;2043;128;2767;2769;10.90;0.66;215.13;3.52;724;0;924.00;2
2048;0;623324233;2048;120;2767;2769;10.93;0.66;215.16;3.52;719;0;925.00;2
2053;0;623324244;2053;121;2771;2773;10.85;0.66;215.18;3.52;718;0;926.00;2
2056;0;623324256;2056;123;2774;2774;10.86;0.66;215.25;3.52;718;0;927.00;0
2060;0;623324268;2060;123;2774;2774;10.93;0.66;215.22;3.52;714;0;928.00;0
2062;0;623324281;2062;128;2775;2775;10.92;0.66;215.28;3.52;713;0;929.00;0
2064;0;623324305;2064;130;2775;2775;11.02;0.67;215.24;3.52;711;0;930.00;0
2067;0;623324315;2067;130;2775;2775;11.06;0.67;215.20;3.52;708;0;931.00;0
2069;0;623324324;2069;135;2775;2775;11.03;0.67;215.46;3.52;706;0;932.00;0
2072;0;623324334;2072;137;2775;2775;11.06;0.67;215.47;3.52;703;0;933.00;0
2073;0;623324344;2073;144;2775;2775;11.12;0.68;215.57;3.52;702;0;934.00;0
2077;0;623324353;2077;149;2775;2775;11.18;0.68;215.67;3.52;698;0;935.00;0
2078;0;623324363;2078;164;2814;2845;10.91;0.66;215.70;3.47;736;0;936.00;31
2082;0;623324378;2082;156;2815;2846;10.98;0.67;215.89;3.47;733;0;937.00;31
2082;0;623324388;2082;157;2822;2846;11.06;0.67;215.89;3.47;740;0;938.00;24
2084;0;623324398;2084;159;2824;2846;11.07;0.67;216.01;3.47;740;0;939.00;22
2084;0;623324413;2084;158;2825;2846;11.10;0.68;216.01;3.47;741;0;940.00;21
2087;0;623324428;2087;160;2828;2846;11.11;0.68;216.17;3.47;741;0;941.00;18
2092;0;623324438;2092;161;2829;2846;11.11;0.67;216.19;3.47;737;0;942.00;17
2092;0;623324448;2092;158;2832;2846;11.11;0.67;216.19;3.48;740;0;943.00;14
2095;0;623324457;2095;159;2834;2847;11.18;0.68;216.13;3.48;739;0;944.00;13
2098;0;623324468;2098;161;2837;2849;11.14;0.67;216.14;3.48;739;0;945.00;12
2099;0;623324479;2099;167;2839;2849;11.09;0.67;216.14;3.49;740;0;946.00;10
2101;0;623324488;2101;166;2846;2853;11.03;0.67;216.02;3.49;745;0;947.00;7
2102;0;623324498;2102;174;2848;2853;10.94;0.67;215.99;3.49;746;0;948.00;5
2103;0;623324508;2103;174;2848;2853;10.82;0.66;215.93;3.49;745;0;949.00;5
2106;0;623324519;2106;175;2848;2853;10.66;0.65;215.85;3.49;742;0;950.00;5
2108;0;623324527;2108;178;2852;2859;10.54;0.64;215.77;3.49;744;0;951.00;7
2111;0;623324537;2111;178;2852;2859;10.38;0.63;215.94;3.49;741;0;952.00;7
2116;0;623324547;2116;178;2852;2859;10.29;0.63;215.90;3.49;736;0;953.00;7
2119;0;623324556;2119;180;2854;2862;10.28;0.63;215.83;3.48;735;0;954.00;8
2122;0;623324565;2122;184;2857;2862;10.10;0.62;215.75;3.50;735;0;955.00;5
2124;0;623324575;2124;185;2858;2862;10.09;0.62;215.67;3.50;734;0;956.00;4
2127;0;623324586;2127;187;2859;2863;10.04;0.61;215.68;3.49;732;0;957.00;4
2130;0;623324595;2130;190;2860;2864;10.00;0.61;215.51;3.49;730;0;958.00;4
2131;0;623324604;2131;189;2860;2864;9.98;0.61;215.46;3.49;729;0;959.00;4
2136;0;623324615;2136;194;2876;2890;9.83;0.60;215.43;3.47;740;0;960.00;14
2138;0;623324626;2138;186;2877;2890;9.83;0.60;215.29;3.47;739;0;961.00;13
2140;0;623324634;2140;193;2879;2890;9.90;0.61;215.19;3.47;739;0;962.00;11
2145;0;623324643;2145;194;2882;2891;9.90;0.60;214.92;3.48;737;0;963.00;9
2150;0;623324652;2150;195;2882;2891;9.89;0.60;214.93;3.48;732;0;964.00;9
2153;0;623324661;2153;196;2885;2895;9.96;0.61;214.89;3.48;732;0;965.00;10
2156;0;623324670;2156;202;2886;2895;9.92;0.60;214.69;3.48;730;0;966.00;9
2158;0;623324678;2158;206;2890;2899;9.84;0.60;214.62;3.48;732;0;967.00;9
2159;0;623324688;2159;204;2890;2899;9.77;0.60;214.53;3.48;731;0;968.00;9
2161;0;623324696;2161;212;2891;2899;9.72;0.59;214.45;3.48;730;0;969.00;8
2162;0;623324704;2162;213;2891;2899;9.74;0.59;214.40;3.48;729;0;970.00;8
2167;0;623324713;2167;220;2893;2899;9.55;0.58;214.42;3.49;726;0;971.00;6
2168;0;623324721;2168;225;2903;2911;9.46;0.58;214.34;3.49;735;0;972.00;8
2168;0;623324730;2168;229;2905;2911;9.39;0.57;214.34;3.49;737;0;973.00;6
2168;0;623324738;2168;230;2907;2911;9.30;0.57;214.34;3.50;739;0;974.00;4
2169;0;623324747;2169;234;2907;2911;9.26;0.57;214.35;3.50;738;0;975.00;4
2171;0;623324754;2171;242;2908;2911;9.21;0.56;214.37;3.50;737;0;976.00;3
2172;0;623324762;2172;246;2908;2911;9.18;0.56;214.40;3.50;736;0;977.00;3
2176;0;623324770;2176;252;2908;2912;9.12;0.56;214.29;3.50;732;0;978.00;4
2177;0;623324779;2177;243;2908;2912;9.11;0.56;214.24;3.50;731;0;979.00;4
2178;0;623324787;2178;235;2914;2918;9.18;0.56;214.26;3.51;736;0;980.00;4
2179;0;623324795;2179;234;2915;2919;9.16;0.56;214.28;3.50;736;0;981.00;4
2183;0;623324804;2183;230;2916;2919;9.19;0.56;214.30;3.50;733;0;982.00;3
2184;0;623324813;2184;227;2917;2919;9.19;0.56;214.26;3.51;733;0;983.00;2
2186;0;623324822;2186;226;2920;2923;9.18;0.56;214.16;3.51;734;0;984.00;3
2190;0;623324830;2190;228;2920;2923;9.10;0.55;214.21;3.51;730;0;985.00;3
2192;0;623324839;2192;228;2921;2923;8.99;0.55;214.12;3.51;729;0;986.00;2
2195;0;623324848;2195;230;2923;2924;8.89;0.54;214.11;3.51;728;0;987.00;1
2198;1;623324856;2198;232;2928;2928;8.72;0.53;214.11;3.51;730;1;988.00;0
2199;1;623324882;2199;234;2928;2928;8.70;0.53;214.09;3.51;729;1;989.00;0
2202;1;623324892;2202;238;2932;2934;8.68;0.53;213.94;3.50;730;1;990.00;2
2203;1;623324900;2203;240;2933;2934;8.63;0.53;213.92;3.50;730;1;991.00;1
2204;1;623324909;2204;243;2934;2934;8.57;0.52;213.94;3.50;730;1;992.00;0
2205;1;623324917;2205;242;2934;2934;8.53;0.52;214.02;3.50;729;1;993.00;0
2207;1;623324925;2207;244;2938;2938;8.50;0.52;214.00;3.50;731;1;994.00;0
2209;1;623324933;2209;246;2938;2938;8.42;0.52;214.10;3.50;729;1;995.00;0
2211;1;623324943;2211;247;2938;2938;8.33;0.51;214.07;3.50;727;1;996.00;0
2213;1;623324956;2213;244;2938;2938;8.24;0.50;214.05;3.50;725;1;997.00;0
2216;1;623324964;2216;250;2939;2939;8.12;0.50;213.94;3.50;723;1;998.00;0
2216;1;623324973;2216;245;2940;2940;8.15;0.50;213.94;3.50;724;1;999.00;0
2217;1;623324982;2217;242;2940;2940;8.19;0.50;213.93;3.50;723;1;1000.00;0
2220;1;623324993;2220;238;2941;2941;8.18;0.50;213.98;3.49;721;1;1001.00;0
2222;1;623325002;2222;236;2941;2941;8.23;0.50;214.05;3.49;719;1;1002.00;0
2223;1;623325010;2223;237;2941;2941;8.32;0.51;214.02;3.49;718;1;1003.00;0
2225;1;623325019;2225;237;2941;2941;8.39;0.51;214.31;3.49;716;1;1004.00;0
2228;1;623325027;2228;232;2941;2941;8.44;0.52;214.36;3.49;713;1;1005.00;0
2230;1;623325035;2230;233;2941;2941;8.55;0.52;214.48;3.49;711;1;1006.00;0
2232;1;623325043;2232;233;2941;2941;8.62;0.53;214.52;3.49;709;1;1007.00;0
2235;1;623325051;2235;254;3015;3068;8.81;0.55;214.67;3.41;780;1;1008.00;53
2238;1;623325069;2238;249;3020;3069;8.82;0.55;214.62;3.41;782;1;1009.00;49
2240;1;623325078;2240;244;3030;3069;8.82;0.55;214.90;3.40;790;1;1010.00;39
2242;1;623325087;2242;246;3034;3069;8.73;0.54;215.19;3.40;792;1;1011.00;35
2244;1;623325095;2244;245;3040;3069;8.64;0.53;215.11;3.40;796;1;1012.00;29
2248;2;623325104;2248;246;3042;3069;8.53;0.53;215.28;3.40;794;2;1013.00;27
2251;2;623325125;2251;247;3044;3069;8.37;0.52;215.22;3.40;793;2;1014.00;25
2254;2;623325133;2254;247;3046;3069;8.29;0.51;215.38;3.41;792;2;1015.00;23
2257;2;623325145;2257;250;3049;3070;8.29;0.51;215.32;3.41;792;2;1016.00;21
2261;2;623325154;2261;243;3051;3071;8.26;0.51;215.37;3.41;790;2;1017.00;20
2264;2;623325168;2264;250;3052;3071;8.22;0.51;215.42;3.42;788;2;1018.00;19
2269;2;623325177;2269;248;3055;3072;8.10;0.50;215.60;3.42;786;2;1019.00;17
2275;2;623325187;2275;240;3058;3072;7.98;0.49;215.57;3.43;783;2;1020.00;14
2278;2;623325197;2278;243;3061;3072;7.89;0.49;215.91;3.44;783;2;1021.00;11
2283;2;623325206;2283;236;3063;3072;7.81;0.48;215.98;3.45;780;2;1022.00;9
2284;2;623325215;2284;240;3068;3076;7.81;0.48;216.08;3.45;784;2;1023.00;8
2288;2;623325224;2288;239;3070;3076;7.76;0.48;216.24;3.45;782;2;1024.00;6
2293;2;623325234;2293;245;3070;3076;7.75;0.48;216.41;3.45;777;2;1025.00;6
2295;2;623325243;2295;246;3072;3079;7.77;0.48;216.59;3.46;777;2;1026.00;7
2299;2;623325253;2299;238;3073;3079;7.77;0.48;216.72;3.46;774;2;1027.00;6
2303;2;623325263;2303;237;3074;3079;7.81;0.48;216.96;3.46;771;2;1028.00;5
2309;2;623325274;2309;231;3078;3083;7.87;0.48;217.23;3.46;769;2;1029.00;5
2311;2;623325285;2311;226;3080;3084;7.94;0.48;217.24;3.46;769;2;1030.00;4
2314;2;623325295;2314;221;3081;3084;8.02;0.49;217.42;3.47;767;2;1031.00;3
2319;2;623325306;2319;217;3085;3088;8.08;0.49;217.57;3.47;766;2;1032.00;3
2321;2;623325316;2321;212;3087;3088;8.16;0.50;217.62;3.48;766;2;1033.00;1
2326;2;623325327;2326;213;3087;3088;8.18;0.50;217.81;3.48;761;2;1034.00;1
2331;2;623325337;2331;209;3089;3090;8.18;0.50;217.75;3.48;758;2;1035.00;1
2335;2;623325348;2335;206;3090;3090;8.16;0.50;217.94;3.48;755;2;1036.00;0
2338;2;623325358;2338;197;3096;3096;8.17;0.50;218.16;3.47;758;2;1037.00;0
2341;2;623325369;2341;196;3096;3096;8.22;0.50;218.43;3.47;755;2;1038.00;0
2347;2;623325379;2347;196;3097;3097;8.17;0.50;218.80;3.47;750;2;1039.00;0
2351;2;623325395;2351;198;3097;3097;8.14;0.50;219.03;3.47;746;2;1040.00;0
2353;2;623325406;2353;205;3097;3097;8.16;0.50;219.11;3.47;744;2;1041.00;0
2359;2;623325417;2359;202;3097;3097;8.15;0.50;219.17;3.47;738;2;1042.00;0
2364;2;623325427;2364;203;3097;3097;8.14;0.50;219.36;3.47;733;2;1043.00;0
2366;2;623325438;2366;202;3108;3109;8.33;0.51;219.49;3.46;742;2;1044.00;1
2370;2;623325450;2370;198;3108;3109;8.39;0.51;219.54;3.46;738;2;1045.00;1
2373;2;623325462;2373;199;3109;3109;8.48;0.52;219.46;3.46;736;2;1046.00;0
2376;2;623325472;2376;200;3109;3109;8.52;0.52;219.60;3.46;733;2;1047.00;0
2380;2;623325482;2380;199;3109;3109;8.52;0.52;219.76;3.46;729;2;1048.00;0
2385;2;623325492;2385;201;3109;3109;8.51;0.52;219.87;3.46;724;2;1049.00;0
2388;2;623325504;2388;200;3115;3115;8.51;0.52;220.06;3.45;727;2;1050.00;0
2392;2;623325515;2392;204;3115;3115;8.51;0.52;220.04;3.45;723;2;1051.00;0
2393;2;623325525;2393;202;3119;3119;8.55;0.52;220.12;3.45;726;2;1052.00;0
2396;2;623325536;2396;199;3120;3120;8.60;0.52;220.27;3.45;724;2;1053.00;0
2400;2;623325546;2400;200;3120;3120;8.57;0.52;220.25;3.45;720;2;1054.00;0
2402;2;623325557;2402;199;3120;3120;8.58;0.52;220.33;3.45;718;2;1055.00;0
2406;2;623325567;2406;200;3133;3133;8.69;0.53;220.36;3.43;727;2;1056.00;0
2407;2;623325579;2407;196;3133;3133;8.72;0.53;220.41;3.43;726;2;1057.00;0
2411;2;623325595;2411;192;3133;3133;8.75;0.54;220.35;3.43;722;2;1058.00;0
2414;2;623325612;2414;192;3134;3134;8.81;0.54;220.60;3.43;720;2;1059.00;0
2418;2;623325629;2418;194;3135;3135;8.85;0.54;220.62;3.43;717;2;1060.00;0
2422;2;623325649;2422;189;3135;3135;8.90;0.54;220.80;3.43;713;2;1061.00;0
2426;2;623325664;2426;191;3137;3138;8.98;0.55;220.91;3.43;711;2;1062.00;1
2431;2;623325679;2431;194;3137;3138;8.99;0.55;220.93;3.43;706;2;1063.00;1
2435;2;623325693;2435;197;3138;3138;9.00;0.55;220.93;3.43;703;2;1064.00;0
2439;2;623325706;2439;198;3138;3138;9.01;0.55;220.91;3.43;699;2;1065.00;0
2441;2;623325717;2441;203;3144;3144;9.07;0.55;220.93;3.42;703;2;1066.00;0
2443;2;623325728;2443;194;3144;3144;9.06;0.55;220.98;3.42;701;2;1067.00;0
2448;2;623325740;2448;192;3144;3144;9.07;0.55;220.96;3.42;696;2;1068.00;0
2453;2;623325750;2453;188;3144;3144;9.13;0.55;221.15;3.42;691;2;1069.00;0
2455;2;623325761;2455;188;3148;3148;9.16;0.56;221.43;3.42;693;2;1070.00;0
2459;2;623325773;2459;190;3149;3149;9.22;0.56;221.34;3.42;690;2;1071.00;0
2460;2;623325784;2460;191;3149;3149;9.24;0.56;221.39;3.42;689;2;1072.00;0
2462;2;623325795;2462;188;3150;3150;9.15;0.55;221.47;3.42;688;2;1073.00;0
2466;2;623325805;2466;188;3150;3150;9.03;0.55;221.75;3.42;684;2;1074.00;0
2468;2;623325816;2468;188;3150;3150;8.87;0.54;221.73;3.42;682;2;1075.00;0
2471;2;623325825;2471;179;3150;3150;8.81;0.54;221.72;3.42;679;2;1076.00;0
2472;2;623325835;2472;169;3150;3150;8.87;0.54;221.65;3.42;678;2;1077.00;0
2476;2;623325845;2476;166;3150;3150;8.93;0.54;221.80;3.42;674;2;1078.00;0
2479;2;623325855;2479;156;3150;3150;9.00;0.55;221.76;3.42;671;2;1079.00;0
2480;2;623325874;2480;175;3235;3275;8.96;0.55;221.80;3.33;755;2;1080.00;40
2484;2;623325894;2484;170;3238;3276;9.06;0.56;221.80;3.33;754;2;1081.00;38
2485;2;623325905;2485;163;3244;3276;9.26;0.57;221.84;3.32;759;2;1082.00;32
2488;2;623325916;2488;160;3247;3276;9.39;0.58;222.14;3.32;759;2;1083.00;29
2488;2;623325926;2488;148;3251;3276;9.47;0.58;222.14;3.33;763;2;1084.00;25
2490;2;623325938;2490;146;3252;3276;9.54;0.58;222.40;3.33;762;2;1085.00;24
2492;2;623325949;2492;145;3256;3276;9.57;0.59;222.57;3.33;764;2;1086.00;20
2494;2;623325959;2494;151;3259;3276;9.63;0.59;222.71;3.33;765;2;1087.00;17
2498;2;623325971;2498;152;3264;3277;9.61;0.59;222.93;3.34;766;2;1088.00;13
2502;2;623325981;2502;165;3266;3278;9.53;0.58;223.12;3.34;764;2;1089.00;12
2505;2;623325992;2505;161;3270;3278;9.38;0.57;223.13;3.35;765;2;1090.00;8
2509;2;623326002;2509;171;3276;3282;9.28;0.57;223.33;3.35;767;2;1091.00;6
2515;2;623326014;2515;173;3277;3282;9.21;0.56;223.58;3.35;762;2;1092.00;5
2517;2;623326025;2517;183;3278;3282;9.19;0.56;223.69;3.35;761;2;1093.00;4
2520;2;623326036;2520;188;3278;3282;9.14;0.56;223.73;3.35;758;2;1094.00;4
2523;2;623326047;2523;195;3284;3288;8.98;0.55;223.67;3.35;761;2;1095.00;4
2524;2;623326058;2524;200;3284;3288;8.97;0.55;223.69;3.35;760;2;1096.00;4
2527;2;623326068;2527;206;3284;3288;8.93;0.55;223.61;3.35;757;2;1097.00;4
2532;2;623326084;2532;209;3286;3291;8.85;0.54;223.77;3.35;754;2;1098.00;5
2532;2;623326094;2532;209;3286;3291;8.87;0.54;223.77;3.35;754;2;1099.00;5
2533;2;623326105;2533;214;3287;3291;9.01;0.55;223.83;3.35;754;2;1100.00;4
2536;2;623326118;2536;214;3288;3292;9.12;0.56;223.87;3.35;752;2;1101.00;4
2538;2;623326129;2538;211;3289;3293;9.27;0.56;223.88;3.35;751;2;1102.00;4
2540;2;623326139;2540;212;3289;3293;9.31;0.57;223.91;3.35;749;2;1103.00;4
2543;2;623326149;2543;213;3300;3306;9.25;0.56;223.84;3.33;757;2;1104.00;6
2545;2;623326160;2545;214;3300;3306;9.29;0.56;223.88;3.33;755;2;1105.00;6
2547;2;623326170;2547;210;3301;3306;9.30;0.57;223.75;3.33;754;2;1106.00;5
2549;2;623326180;2549;210;3302;3307;9.33;0.57;223.79;3.33;753;2;1107.00;5
2552;2;623326190;2552;216;3303;3307;9.27;0.56;223.71;3.33;751;2;1108.00;4
2554;2;623326199;2554;217;3306;3311;9.24;0.56;223.67;3.33;752;2;1109.00;5
2555;2;623326211;2555;218;3306;3311;9.28;0.56;223.62;3.33;751;2;1110.00;5
2559;2;623326220;2559;223;3309;3315;9.26;0.56;223.52;3.33;750;2;1111.00;6
2561;2;623326229;2561;227;3310;3315;9.32;0.57;223.47;3.33;749;2;1112.00;5
2563;2;623326239;2563;227;3310;3315;9.35;0.57;223.39;3.33;747;2;1113.00;5
2565;2;623326249;2565;231;3310;3315;9.34;0.57;223.29;3.33;745;2;1114.00;5
2568;2;623326259;2568;236;3310;3315;9.37;0.57;223.16;3.33;742;2;1115.00;5
2573;2;623326268;2573;237;3321;3327;9.34;0.57;223.19;3.32;748;2;1116.00;6
2574;2;623326278;2574;239;3321;3327;9.35;0.57;223.13;3.32;747;2;1117.00;6
2577;2;623326288;2577;240;3322;3327;9.32;0.57;223.06;3.33;745;2;1118.00;5
2579;2;623326296;2579;241;3322;3327;9.30;0.57;223.02;3.33;743;2;1119.00;5
2581;2;623326305;2581;237;3322;3327;9.29;0.57;222.93;3.33;741;2;1120.00;5
2584;2;623326315;2584;236;3322;3327;9.26;0.57;222.88;3.33;738;2;1121.00;5
2586;2;623326324;2586;231;3322;3328;9.22;0.56;222.85;3.33;736;2;1122.00;6
2591;2;623326333;2591;230;3322;3328;9.17;0.56;222.77;3.33;731;2;1123.00;6
2593;2;623326341;2593;228;3327;3334;9.23;0.56;222.66;3.33;734;2;1124.00;7
2595;2;623326351;2595;227;3331;3336;9.21;0.56;222.57;3.33;736;2;1125.00;5
2597;2;623326360;2597;231;3331;3336;9.22;0.56;222.56;3.33;734;2;1126.00;5
2600;2;623326369;2600;231;3331;3336;9.22;0.56;222.52;3.33;731;2;1127.00;5
2601;2;623326377;2601;234;3334;3340;9.28;0.57;222.47;3.33;733;2;1128.00;6
2604;2;623326386;2604;234;3334;3340;9.32;0.57;222.40;3.33;730;2;1129.00;6
2605;2;623326395;2605;230;3334;3340;9.32;0.57;222.34;3.33;729;2;1130.00;6
2609;2;623326405;2609;217;3335;3341;9.39;0.57;222.31;3.32;726;2;1131.00;6
2610;2;623326414;2610;209;3338;3345;9.45;0.58;222.33;3.32;728;2;1132.00;7
2616;2;623326423;2616;207;3339;3345;9.50;0.58;222.22;3.34;723;2;1133.00;6
2616;2;623326432;2616;204;3341;3348;9.65;0.59;222.22;3.34;725;2;1134.00;7
2617;2;623326442;2617;202;3342;3348;9.80;0.59;222.21;3.33;725;2;1135.00;6
2618;2;623326451;2618;198;3343;3348;9.80;0.59;222.14;3.35;725;2;1136.00;5
2618;2;623326460;2618;196;3343;3348;9.83;0.60;222.14;3.35;725;2;1137.00;5
2620;2;623326477;2620;193;3347;3352;9.90;0.60;221.99;3.35;727;2;1138.00;5
2621;2;623326486;2621;192;3347;3352;9.91;0.60;222.01;3.35;726;2;1139.00;5
2623;2;623326497;2623;189;3348;3352;9.93;0.60;221.92;3.36;725;2;1140.00;4
2625;2;623326507;2625;188;3348;3352;9.87;0.60;221.91;3.36;723;2;1141.00;4
2626;2;623326516;2626;189;3348;3353;9.86;0.60;221.88;3.36;722;2;1142.00;5
2627;2;623326525;2627;190;3349;3354;9.89;0.60;221.88;3.36;722;2;1143.00;5
2628;2;623326536;2628;188;3349;3354;9.76;0.59;221.88;3.36;721;2;1144.00;5
2629;2;623326551;2629;188;3350;3355;9.74;0.59;221.90;3.36;721;2;1145.00;5
2629;2;623326561;2629;193;3350;3355;9.74;0.59;221.90;3.36;721;2;1146.00;5
2630;2;623326571;2630;196;3350;3355;9.72;0.59;221.87;3.36;720;2;1147.00;5
2633;2;623326580;2633;199;3350;3355;9.76;0.59;221.79;3.36;717;2;1148.00;5
2633;2;623326593;2633;204;3350;3355;9.79;0.60;221.79;3.36;717;2;1149.00;5
2634;2;623326602;2634;200;3351;3355;9.81;0.60;221.80;3.37;717;2;1150.00;4
2635;2;623326611;2635;203;3352;3355;9.82;0.60;221.81;3.38;717;2;1151.00;3
2637;2;623326620;2637;221;3415;3482;9.80;0.61;221.97;3.32;778;2;1152.00;67
2638;2;623326640;2638;218;3421;3483;9.72;0.60;221.96;3.32;783;2;1153.00;62
2642;2;623326649;2642;213;3431;3483;9.72;0.60;222.02;3.32;789;2;1154.00;52
2644;2;623326658;2644;210;3434;3483;9.72;0.60;222.11;3.32;790;2;1155.00;49
2646;2;623326667;2646;207;3441;3483;9.68;0.60;222.13;3.32;795;2;1156.00;42
2646;2;623326676;2646;207;3443;3483;9.59;0.59;222.13;3.33;797;2;1157.00;40
2647;2;623326685;2647;206;3445;3483;9.49;0.59;222.13;3.33;798;2;1158.00;38
2648;2;623326694;2648;211;3448;3483;9.47;0.58;222.24;3.33;800;2;1159.00;35
2652;2;623326703;2652;212;3449;3484;9.43;0.58;222.42;3.33;797;2;1160.00;35
2653;2;623326712;2653;212;3456;3485;9.47;0.58;222.43;3.34;803;2;1161.00;29
2656;3;623326727;2656;215;3458;3485;9.39;0.58;222.54;3.35;802;3;1162.00;27
2657;3;623326746;2657;224;3463;3486;9.31;0.57;222.64;3.36;806;3;1163.00;23
2661;3;623326755;2661;226;3465;3486;9.22;0.57;222.71;3.36;804;3;1164.00;21
2662;3;623326764;2662;228;3470;3486;9.15;0.56;222.73;3.38;808;3;1165.00;16
2666;3;623326773;2666;233;3472;3486;9.03;0.56;222.91;3.38;806;3;1166.00;14
2671;3;623326783;2671;236;3480;3490;8.89;0.55;222.93;3.40;809;3;1167.00;10
2675;3;623326793;2675;246;3483;3490;8.76;0.54;222.91;3.41;808;3;1168.00;7
2677;3;623326802;2677;249;3485;3490;8.69;0.53;223.13;3.42;808;3;1169.00;5
2679;3;623326813;2679;252;3489;3496;8.62;0.53;223.23;3.42;810;3;1170.00;7
2683;3;623326823;2683;252;3491;3496;8.53;0.52;223.17;3.42;808;3;1171.00;5
2683;3;623326832;2683;256;3493;3496;8.47;0.52;223.17;3.42;810;3;1172.00;3
2684;3;623326841;2684;260;3498;3500;8.41;0.52;223.15;3.42;814;3;1173.00;2
2687;3;623326851;2687;262;3499;3501;8.44;0.52;223.23;3.42;812;3;1174.00;2
2688;3;623326860;2688;259;3500;3501;8.48;0.52;223.24;3.42;812;3;1175.00;1
2693;3;623326870;2693;256;3504;3505;8.47;0.52;223.38;3.41;811;3;1176.00;1
2693;3;623326880;2693;258;3504;3505;8.51;0.52;223.38;3.41;811;3;1177.00;1
2696;3;623326889;2696;257;3504;3505;8.45;0.52;223.35;3.41;808;3;1178.00;1
2700;3;623326903;2700;260;3505;3506;8.38;0.51;223.45;3.41;805;3;1179.00;1
2702;3;623326913;2702;258;3505;3506;8.37;0.51;223.40;3.41;803;3;1180.00;1
2704;3;623326922;2704;259;3511;3512;8.47;0.52;223.49;3.41;807;3;1181.00;1
2711;3;623326932;2711;260;3511;3512;8.37;0.51;223.55;3.41;800;3;1182.00;1
2715;3;623326941;2715;263;3512;3513;8.33;0.51;223.47;3.41;797;3;1183.00;1
2719;3;623326951;2719;262;3512;3513;8.26;0.50;223.68;3.41;793;3;1184.00;1
2724;3;623326960;2724;258;3512;3513;8.09;0.49;224.11;3.41;788;3;1185.00;1
2728;3;623326970;2728;255;3512;3513;8.01;0.49;224.17;3.41;784;3;1186.00;1
2731;3;623326978;2731;257;3512;3513;7.92;0.49;224.34;3.41;781;3;1187.00;1
2735;3;623326987;2735;256;3524;3525;7.85;0.48;224.55;3.40;789;3;1188.00;1
2738;3;623326997;2738;256;3524;3525;7.77;0.48;224.65;3.40;786;3;1189.00;1
2743;3;623327006;2743;248;3524;3525;7.68;0.47;225.01;3.40;781;3;1190.00;1
2745;3;623327015;2745;244;3524;3525;7.65;0.47;225.20;3.40;779;3;1191.00;1
2753;3;623327023;2753;245;3524;3525;7.59;0.47;225.65;3.40;771;3;1192.00;1
2756;3;623327037;2756;240;3524;3525;7.64;0.47;225.82;3.40;768;3;1193.00;1
2764;3;623327045;2764;242;3528;3529;7.71;0.47;225.94;3.39;764;3;1194.00;1
2768;3;623327055;2768;239;3528;3529;7.71;0.47;226.12;3.39;760;3;1195.00;1
2773;3;623327063;2773;239;3532;3533;7.81;0.48;226.19;3.39;759;3;1196.00;1
2777;3;623327073;2777;231;3533;3534;7.81;0.48;226.40;3.39;756;3;1197.00;1
2780;3;623327081;2780;225;3533;3534;7.84;0.48;226.54;3.39;753;3;1198.00;1
2785;3;623327090;2785;220;3533;3534;7.80;0.48;226.67;3.39;748;3;1199.00;1
2790;3;623327101;2790;224;3558;3575;7.77;0.48;226.84;3.37;768;3;1200.00;17
2797;3;623327118;2797;214;3559;3575;7.74;0.47;226.94;3.37;762;3;1201.00;16
2801;3;623327127;2801;216;3562;3575;7.74;0.47;226.94;3.36;761;3;1202.00;13
2805;3;623327137;2805;207;3563;3576;7.81;0.48;227.14;3.36;758;3;1203.00;13
2808;3;623327147;2808;215;3565;3577;7.81;0.48;227.25;3.36;757;3;1204.00;12
2812;3;623327156;2812;208;3567;3577;7.92;0.48;227.38;3.36;755;3;1205.00;10
2814;3;623327165;2814;211;3569;3580;8.05;0.49;227.37;3.36;755;3;1206.00;11
2817;3;623327174;2817;208;3569;3580;8.13;0.50;227.37;3.36;752;3;1207.00;11
2820;3;623327183;2820;209;3572;3580;8.16;0.50;227.53;3.36;752;3;1208.00;8
2825;3;623327193;2825;211;3573;3580;8.13;0.50;227.66;3.37;748;3;1209.00;7
2827;3;623327202;2827;208;3579;3586;8.17;0.50;227.67;3.36;752;3;1210.00;7
2829;3;623327212;2829;207;3579;3586;8.18;0.50;227.70;3.36;750;3;1211.00;7
2834;3;623327221;2834;217;3579;3586;8.21;0.50;227.75;3.36;745;3;1212.00;7
2837;3;623327230;2837;215;3579;3586;8.30;0.51;227.73;3.36;742;3;1213.00;7
2840;3;623327240;2840;216;3583;3590;8.44;0.51;227.77;3.36;743;3;1214.00;7
2843;3;623327250;2843;216;3586;3592;8.50;0.52;227.75;3.36;743;3;1215.00;6
2846;3;623327260;2846;212;3586;3592;8.51;0.52;227.82;3.36;740;3;1216.00;6
2850;3;623327269;2850;208;3587;3593;8.51;0.52;227.84;3.36;737;3;1217.00;6
2853;3;623327279;2853;209;3587;3593;8.57;0.52;227.77;3.36;734;3;1218.00;6
2857;3;623327288;2857;207;3587;3593;8.59;0.53;227.97;3.36;730;3;1219.00;6
2861;3;623327298;2861;216;3587;3593;8.64;0.53;227.90;3.36;726;3;1220.00;6
2867;3;623327307;2867;219;3588;3593;8.56;0.52;227.87;3.37;721;3;1221.00;5
2871;3;623327317;2871;223;3588;3593;8.48;0.52;227.80;3.37;717;3;1222.00;5
2875;3;623327326;2875;223;3588;3593;8.37;0.51;227.68;3.37;713;3;1223.00;5
2879;3;623327335;2879;240;3629;3663;8.19;0.50;227.73;3.33;750;3;1224.00;34
2885;3;623327351;2885;235;3630;3664;8.10;0.49;227.59;3.33;745;3;1225.00;34
2886;3;623327361;2886;233;3635;3664;8.12;0.50;227.59;3.32;749;3;1226.00;29
2890;3;623327370;2890;235;3636;3664;8.02;0.49;227.64;3.33;746;3;1227.00;28
2890;3;623327386;2890;234;3639;3666;8.03;0.49;227.64;3.33;749;3;1228.00;27
2892;3;623327395;2892;237;3640;3666;8.03;0.49;227.64;3.33;748;3;1229.00;26
2894;3;623327406;2894;236;3644;3666;8.11;0.49;227.64;3.33;750;3;1230.00;22
2895;3;623327415;2895;241;3645;3666;8.12;0.49;227.73;3.34;750;3;1231.00;21
2896;3;623327425;2896;249;3650;3667;8.15;0.50;227.81;3.35;754;3;1232.00;17
2897;3;623327434;2897;255;3653;3668;8.13;0.49;227.81;3.35;756;3;1233.00;15
2899;3;623327444;2899;263;3656;3668;8.13;0.49;227.87;3.36;757;3;1234.00;12
2902;3;623327454;2902;266;3663;3672;8.06;0.49;227.98;3.36;761;3;1235.00;9
2904;3;623327464;2904;270;3664;3672;8.06;0.49;228.15;3.36;760;3;1236.00;8
2907;3;623327475;2907;264;3665;3672;8.05;0.49;228.21;3.37;758;3;1237.00;7
2909;3;623327484;2909;265;3667;3672;8.01;0.49;228.38;3.37;758;3;1238.00;5
2911;3;623327494;2911;264;3673;3678;8.01;0.49;228.38;3.37;762;3;1239.00;5
2913;3;623327505;2913;260;3674;3678;7.98;0.49;228.37;3.37;761;3;1240.00;4
2917;3;623327514;2917;263;3674;3678;7.97;0.48;228.53;3.37;757;3;1241.00;4
2920;3;623327524;2920;260;3676;3681;8.03;0.49;228.53;3.37;756;3;1242.00;5
2921;3;623327535;2921;262;3676;3681;8.03;0.49;228.52;3.37;755;3;1243.00;5
2922;3;623327544;2922;263;3677;3681;8.02;0.49;228.65;3.36;755;3;1244.00;4
2926;3;623327554;2926;267;3678;3682;7.95;0.48;228.77;3.36;752;3;1245.00;4
2928;3;623327570;2928;251;3679;3683;7.94;0.48;228.72;3.36;751;3;1246.00;4
2931;3;623327580;2931;244;3680;3683;7.96;0.48;228.72;3.39;749;3;1247.00;3
2934;3;623327595;2934;243;3692;3696;8.04;0.49;228.66;3.38;758;3;1248.00;4
2936;3;623327613;2936;241;3693;3696;8.09;0.49;228.66;3.38;757;3;1249.00;3
2942;3;623327630;2942;238;3693;3696;8.13;0.49;228.62;3.38;751;3;1250.00;3
2944;3;623327649;2944;239;3694;3697;8.24;0.50;228.53;3.38;750;3;1251.00;3
2945;3;623327664;2945;238;3694;3697;8.39;0.51;228.58;3.38;749;3;1252.00;3
2947;3;623327680;2947;234;3698;3701;8.54;0.52;228.57;3.37;751;3;1253.00;3
2949;3;623327700;2949;230;3698;3701;8.65;0.53;228.53;3.37;749;3;1254.00;3
2950;3;623327713;2950;226;3702;3705;8.71;0.53;228.61;3.37;752;3;1255.00;3
2953;3;623327725;2953;227;3702;3705;8.77;0.53;228.60;3.37;749;3;1256.00;3
2956;3;623327736;2956;221;3702;3705;8.82;0.53;228.51;3.37;746;3;1257.00;3
2958;3;623327747;2958;223;3702;3705;8.80;0.53;228.45;3.37;744;3;1258.00;3
2961;3;623327757;2961;219;3702;3705;8.79;0.53;228.36;3.37;741;3;1259.00;3
2962;3;623327769;2962;221;3730;3739;8.74;0.53;228.34;3.35;768;3;1260.00;9
2965;3;623327783;2965;226;3730;3739;8.72;0.53;228.24;3.35;765;3;1261.00;9
2966;3;623327793;2966;227;3733;3739;8.76;0.54;228.20;3.34;767;3;1262.00;6
2969;3;623327804;2969;233;3734;3739;8.75;0.53;228.13;3.36;765;3;1263.00;5
2971;3;623327815;2971;238;3735;3739;8.72;0.53;228.03;3.36;764;3;1264.00;4
2973;3;623327825;2973;246;3735;3739;8.71;0.53;227.91;3.36;762;3;1265.00;4
2975;3;623327834;2975;245;3735;3740;8.71;0.53;227.90;3.36;760;3;1266.00;5
2977;3;623327844;2977;245;3735;3740;8.69;0.53;227.78;3.36;758;3;1267.00;5
2978;3;623327853;2978;247;3740;3746;8.71;0.53;227.79;3.36;762;3;1268.00;6
2979;3;623327863;2979;253;3741;3747;8.75;0.53;227.84;3.36;762;3;1269.00;6
2982;3;623327873;2982;252;3741;3747;8.76;0.53;227.77;3.36;759;3;1270.00;6
2984;3;623327883;2984;249;3741;3747;8.78;0.53;227.72;3.36;757;3;1271.00;6
2985;3;623327893;2985;249;3744;3751;8.79;0.54;227.66;3.35;759;3;1272.00;7
2987;3;623327902;2987;248;3744;3751;8.70;0.53;227.63;3.35;757;3;1273.00;7
2988;3;623327916;2988;251;3744;3751;8.67;0.53;227.64;3.35;756;3;1274.00;7
2990;3;623327926;2990;254;3745;3752;8.64;0.53;227.60;3.35;755;3;1275.00;7
2990;3;623327940;2990;255;3748;3756;8.61;0.53;227.60;3.35;758;3;1276.00;8
2991;3;623327951;2991;255;3749;3756;8.61;0.52;227.58;3.37;758;3;1277.00;7
2993;3;623327960;2993;260;3751;3759;8.58;0.52;227.51;3.37;758;3;1278.00;8
2994;3;623327971;2994;259;3751;3759;8.58;0.52;227.48;3.37;757;3;1279.00;8
2995;3;623327980;2995;255;3752;3759;8.66;0.53;227.44;3.37;757;3;1280.00;7
2996;3;623327989;2996;257;3752;3759;8.73;0.53;227.42;3.37;756;3;1281.00;7
2996;3;623327998;2996;256;3756;3763;8.85;0.54;227.42;3.37;760;3;1282.00;7
3000;3;623328008;3000;243;3756;3763;8.91;0.54;227.41;3.37;756;3;1283.00;7
3001;3;623328018;3001;238;3756;3763;9.00;0.55;227.43;3.37;755;3;1284.00;7
3002;3;623328028;3002;232;3756;3763;9.05;0.55;227.39;3.37;754;3;1285.00;7
3005;3;623328043;3005;231;3756;3764;9.11;0.55;227.35;3.37;751;3;1286.00;8
3006;3;623328053;3006;229;3757;3765;9.25;0.56;227.41;3.37;751;3;1287.00;8
3008;3;623328062;3008;227;3757;3765;9.28;0.56;227.39;3.37;749;3;1288.00;8
3010;3;623328072;3010;224;3758;3766;9.32;0.57;227.42;3.36;748;3;1289.00;8
3011;3;623328090;3011;218;3758;3766;9.34;0.57;227.57;3.36;747;3;1290.00;8
3013;4;623328099;3013;216;3759;3766;9.38;0.57;227.57;3.38;746;4;1291.00;7
3017;4;623328122;3017;202;3759;3766;9.46;0.58;227.57;3.38;742;4;1292.00;7
3021;4;623328133;3021;198;3759;3766;9.52;0.58;227.50;3.38;738;4;1293.00;7
3022;4;623328142;3022;192;3760;3766;9.61;0.58;227.49;3.39;738;4;1294.00;6
3026;4;623328152;3026;183;3760;3766;9.74;0.59;227.37;3.39;734;4;1295.00;6
3027;4;623328162;3027;200;3821;3893;9.65;0.59;227.34;3.34;794;4;1296.00;72
3030;4;623328181;3030;187;3822;3894;9.67;0.60;227.24;3.35;792;4;1297.00;72
3032;4;623328191;3032;180;3831;3894;9.81;0.60;227.19;3.35;799;4;1298.00;63
3034;4;623328201;3034;178;3833;3894;9.90;0.61;227.15;3.35;799;4;1299.00;61
3036;4;623328217;3036;173;3838;3894;9.97;0.61;227.12;3.36;802;4;1300.00;56
3038;4;623328231;3038;170;3841;3894;10.07;0.62;227.15;3.36;803;4;1301.00;53
3038;4;623328241;3038;167;3842;3894;10.11;0.62;227.15;3.36;804;4;1302.00;52
3039;4;623328252;3039;168;3846;3894;10.23;0.63;227.17;3.36;807;4;1303.00;48
3042;4;623328262;3042;168;3849;3895;10.28;0.63;227.08;3.37;807;4;1304.00;46
3044;4;623328274;3044;167;3853;3897;10.36;0.63;227.14;3.37;809;4;1305.00;44
3047;4;623328284;3047;169;3855;3897;10.40;0.64;227.11;3.37;808;4;1306.00;42
3051;4;623328295;3051;168;3859;3898;10.41;0.64;227.16;3.38;808;4;1307.00;39
3056;4;623328306;3056;170;3863;3898;10.36;0.63;227.16;3.39;807;4;1308.00;35
3057;4;623328320;3057;168;3864;3898;10.29;0.63;227.14;3.39;807;4;1309.00;34
3059;4;623328330;3059;168;3868;3898;10.21;0.62;227.07;3.40;809;4;1310.00;30
3063;4;623328341;3063;171;3874;3902;10.07;0.62;227.07;3.42;811;4;1311.00;28
3064;4;623328353;3064;171;3876;3902;10.05;0.61;227.06;3.42;812;4;1312.00;26
3066;4;623328365;3066;179;3877;3902;9.93;0.61;227.12;3.43;811;4;1313.00;25
3067;4;623328379;3067;186;3881;3905;9.80;0.60;227.17;3.44;814;4;1314.00;24
3067;4;623328391;3067;193;3882;3905;9.67;0.59;227.17;3.44;815;4;1315.00;23
3069;4;623328401;3069;200;3886;3905;9.65;0.59;227.16;3.47;817;4;1316.00;19
3073;4;623328417;3073;206;3890;3909;9.55;0.58;227.23;3.47;817;4;1317.00;19
3073;4;623328428;3073;207;3891;3910;9.47;0.58;227.23;3.47;818;4;1318.00;19
3077;4;623328438;3077;211;3894;3910;9.41;0.57;227.35;3.48;817;4;1319.00;16
3081;4;623328450;3081;215;3900;3915;9.34;0.57;227.45;3.49;819;4;1320.00;15
3084;4;623328462;3084;219;3901;3915;9.19;0.56;227.65;3.49;817;4;1321.00;14
3086;4;623328474;3086;225;3903;3915;9.11;0.56;227.75;3.50;817;4;1322.00;12
3087;4;623328484;3087;228;3905;3916;9.03;0.55;227.75;3.50;818;4;1323.00;11
3090;4;623328495;3090;231;3905;3916;8.97;0.55;227.86;3.50;815;4;1324.00;11
3093;4;623328506;3093;239;3912;3922;8.97;0.55;227.85;3.50;819;4;1325.00;10
3096;4;623328516;3096;238;3913;3922;8.92;0.54;227.91;3.51;817;4;1326.00;9
3100;4;623328527;3100;242;3913;3923;8.83;0.54;228.03;3.51;813;4;1327.00;10
3101;4;623328538;3101;247;3914;3923;8.74;0.53;228.04;3.51;813;4;1328.00;9
3103;4;623328548;3103;248;3914;3923;8.61;0.52;228.15;3.51;811;4;1329.00;9
3105;4;623328558;3105;248;3916;3923;8.54;0.52;228.26;3.53;811;4;1330.00;7
3106;4;623328569;3106;253;3917;3923;8.48;0.52;228.36;3.54;811;4;1331.00;6
3108;4;623328581;3108;258;3929;3935;8.49;0.52;228.34;3.54;821;4;1332.00;6
3111;4;623328597;3111;261;3930;3935;8.42;0.51;228.54;3.54;819;4;1333.00;5
3114;4;623328608;3114;260;3932;3935;8.33;0.51;228.62;3.54;818;4;1334.00;3
3117;4;623328619;3117;259;3933;3935;8.29;0.51;228.73;3.54;816;4;1335.00;2
3119;4;623328629;3119;263;3933;3935;8.22;0.50;228.82;3.54;814;4;1336.00;2
3122;4;623328639;3122;267;3933;3935;8.12;0.50;228.88;3.54;811;4;1337.00;2
3125;4;623328649;3125;270;3937;3939;8.08;0.49;228.89;3.54;812;4;1338.00;2
3128;4;623328659;3128;266;3937;3939;8.03;0.49;229.10;3.54;809;4;1339.00;2
3128;4;623328669;3128;265;3941;3943;8.09;0.50;229.10;3.54;813;4;1340.00;2
3132;4;623328679;3132;265;3942;3944;8.04;0.49;229.22;3.53;810;4;1341.00;2
3133;4;623328689;3133;264;3942;3944;7.97;0.49;229.29;3.53;809;4;1342.00;2
3136;4;623328698;3136;265;3942;3944;7.92;0.48;229.43;3.53;806;4;1343.00;2
3139;4;623328707;3139;268;3955;3957;7.92;0.48;229.49;3.52;816;4;1344.00;2
3141;4;623328718;3141;273;3955;3957;7.87;0.48;229.65;3.52;814;4;1345.00;2
3144;4;623328727;3144;273;3955;3957;7.89;0.48;229.80;3.52;811;4;1346.00;2
3147;4;623328736;3147;275;3956;3958;7.92;0.49;229.89;3.52;809;4;1347.00;2
3152;5;623328746;3152;273;3957;3959;7.88;0.48;230.00;3.52;805;5;1348.00;2
3156;5;623328762;3156;268;3957;3959;7.82;0.48;230.07;3.52;801;5;1349.00;2
3159;5;623328773;3159;268;3964;3968;7.83;0.48;230.22;3.52;805;5;1350.00;4
3160;5;623328783;3160;264;3964;3968;7.87;0.48;230.19;3.52;804;5;1351.00;4
3165;5;623328792;3165;266;3965;3968;7.78;0.48;230.25;3.52;800;5;1352.00;3
3168;5;623328802;3168;267;3965;3968;7.73;0.47;230.38;3.52;797;5;1353.00;3
3170;5;623328811;3170;266;3971;3974;7.68;0.47;230.36;3.51;801;5;1354.00;3
3176;5;623328821;3176;264;3972;3974;7.51;0.46;230.55;3.51;796;5;1355.00;2
3179;5;623328841;3179;258;3972;3974;7.38;0.45;230.62;3.51;793;5;1356.00;2
3183;5;623328850;3183;262;3972;3974;7.31;0.45;230.74;3.51;789;5;1357.00;2
3185;5;623328859;3185;263;3976;3978;7.22;0.44;230.89;3.51;791;5;1358.00;2
3191;5;623328868;3191;267;3977;3979;7.14;0.44;231.24;3.51;786;5;1359.00;2
3196;5;623328877;3196;266;3977;3979;7.08;0.43;231.35;3.51;781;5;1360.00;2
3198;5;623328886;3198;263;3978;3980;7.10;0.44;231.57;3.51;780;5;1361.00;2
3200;5;623328894;3200;254;3978;3980;7.12;0.44;231.72;3.51;778;5;1362.00;2
3206;5;623328902;3206;253;3978;3980;7.15;0.44;231.78;3.51;772;5;1363.00;2
3210;5;623328911;3210;252;3978;3980;7.18;0.44;231.86;3.51;768;5;1364.00;2
3216;5;623328919;3216;246;3978;3980;7.20;0.44;231.68;3.51;762;5;1365.00;2
3219;5;623328928;3219;249;3978;3980;7.25;0.44;231.80;3.51;759;5;1366.00;2
3222;5;623328937;3222;243;3978;3980;7.33;0.45;231.80;3.51;756;5;1367.00;2
3226;5;623328945;3226;242;4014;4050;7.56;0.46;232.02;3.48;788;5;1368.00;36
3230;5;623328959;3230;234;4016;4051;7.64;0.47;232.02;3.47;786;5;1369.00;35
3233;5;623328969;3233;233;4023;4051;7.78;0.47;231.98;3.47;790;5;1370.00;28
3235;5;623328978;3235;227;4027;4051;7.85;0.48;232.09;3.47;792;5;1371.00;24
3240;5;623328987;3240;226;4031;4051;7.82;0.48;232.31;3.47;791;5;1372.00;20
3241;5;623329000;3241;229;4033;4051;7.79;0.48;232.34;3.47;792;5;1373.00;18
3245;5;623329010;3245;239;4035;4051;7.71;0.47;232.49;3.47;790;5;1374.00;16
3250;5;623329019;3250;246;4037;4051;7.64;0.47;232.73;3.48;787;5;1375.00;14
3252;5;623329028;3252;241;4039;4052;7.65;0.47;232.75;3.48;787;5;1376.00;13
3259;5;623329038;3259;243;4041;4053;7.60;0.46;232.84;3.48;782;5;1377.00;12
3263;5;623329047;3263;241;4043;4053;7.57;0.46;232.94;3.48;780;5;1378.00;10
3265;5;623329056;3265;242;4048;4057;7.62;0.47;233.15;3.48;783;5;1379.00;9
3269;5;623329067;3269;244;4050;4057;7.61;0.47;233.30;3.49;781;5;1380.00;7
3273;5;623329077;3273;244;4051;4057;7.59;0.46;233.42;3.49;778;5;1381.00;6
3279;5;623329086;3279;249;4052;4057;7.57;0.46;233.44;3.51;773;5;1382.00;5
3283;5;623329095;3283;250;4058;4063;7.60;0.47;233.50;3.51;775;5;1383.00;5
3285;5;623329105;3285;250;4059;4063;7.65;0.47;233.63;3.51;774;5;1384.00;4
3290;5;623329115;3290;251;4059;4063;7.59;0.46;233.79;3.51;769;5;1385.00;4
3295;5;623329124;3295;247;4062;4066;7.62;0.47;233.90;3.51;767;5;1386.00;4
3301;5;623329134;3301;247;4062;4066;7.64;0.47;234.15;3.51;761;5;1387.00;4
3304;5;623329144;3304;251;4064;4066;7.61;0.47;234.16;3.51;760;5;1388.00;2
3309;5;623329153;3309;248;4065;4067;7.52;0.46;234.28;3.51;756;5;1389.00;2
3315;5;623329163;3315;248;4066;4068;7.43;0.45;234.38;3.51;751;5;1390.00;2
3316;5;623329172;3316;254;4066;4068;7.36;0.45;234.41;3.51;750;5;1391.00;2
3322;5;623329181;3322;258;4079;4081;7.34;0.45;234.53;3.50;757;5;1392.00;2
3326;5;623329191;3326;264;4079;4081;7.26;0.44;234.43;3.50;753;5;1393.00;2
3331;5;623329200;3331;274;4079;4081;7.16;0.44;234.52;3.50;748;5;1394.00;2
3334;5;623329209;3334;280;4081;4083;7.13;0.43;234.62;3.50;747;5;1395.00;2
3338;5;623329217;3338;280;4081;4083;7.08;0.43;234.60;3.50;743;5;1396.00;2
3342;5;623329227;3342;283;4085;4087;7.04;0.43;234.56;3.49;743;5;1397.00;2
3346;5;623329236;3346;285;4086;4087;6.94;0.42;234.72;3.52;740;5;1398.00;1
3348;5;623329245;3348;288;4090;4091;6.89;0.42;234.65;3.52;742;5;1399.00;1
3351;5;623329255;3351;289;4090;4091;6.85;0.42;234.64;3.52;739;5;1400.00;1
3354;5;623329270;3354;296;4090;4091;6.78;0.41;234.76;3.52;736;5;1401.00;1
3356;5;623329279;3356;305;4090;4091;6.66;0.40;234.76;3.52;734;5;1402.00;1
3358;5;623329288;3358;304;4090;4091;6.60;0.40;234.75;3.52;732;5;1403.00;1
3358;5;623329297;3358;318;4100;4103;6.65;0.40;234.75;3.51;742;5;1404.00;3
3358;5;623329306;3358;318;4100;4103;6.56;0.40;234.75;3.51;742;5;1405.00;3
3358;5;623329314;3358;323;4103;4103;6.55;0.40;234.75;3.52;745;5;1406.00;0
3358;5;623329323;3358;310;4103;4103;6.54;0.40;234.75;3.52;745;5;1407.00;0
3360;5;623329331;3360;309;4103;4103;6.50;0.40;234.70;3.52;743;5;1408.00;0
3363;5;623329340;3363;306;4103;4103;6.50;0.39;234.65;3.52;740;5;1409.00;0
3365;5;623329351;3365;299;4104;4104;6.45;0.39;234.68;3.52;739;5;1410.00;0
3366;5;623329359;3366;297;4104;4104;6.49;0.40;234.62;3.52;738;5;1411.00;0
3368;5;623329368;3368;302;4110;4110;6.61;0.40;234.60;3.51;742;5;1412.00;0
3369;5;623329378;3369;302;4111;4111;6.70;0.41;234.60;3.51;742;5;1413.00;0
3371;5;623329387;3371;302;4111;4111;6.75;0.41;234.56;3.51;740;5;1414.00;0
3374;5;623329396;3374;306;4111;4111;6.77;0.41;234.51;3.51;737;5;1415.00;0
3375;5;623329405;3375;293;4115;4115;6.88;0.42;234.59;3.51;740;5;1416.00;0
3377;5;623329414;3377;288;4115;4115;6.88;0.42;234.60;3.51;738;5;1417.00;0
3379;5;623329424;3379;287;4115;4115;6.93;0.42;234.59;3.51;736;5;1418.00;0
3381;5;623329433;3381;280;4116;4116;6.97;0.42;234.64;3.51;735;5;1419.00;0
3384;5;623329447;3384;276;4120;4120;7.03;0.43;234.61;3.50;736;5;1420.00;0
3385;5;623329457;3385;268;4120;4120;7.10;0.43;234.58;3.50;735;5;1421.00;0
3387;5;623329466;3387;268;4122;4123;7.19;0.44;234.51;3.50;735;5;1422.00;1
3388;5;623329476;3388;269;4122;4123;7.25;0.44;234.49;3.50;734;5;1423.00;1
3389;5;623329485;3389;273;4123;4123;7.41;0.45;234.43;3.50;734;5;1424.00;0
3394;5;623329494;3394;272;4123;4123;7.52;0.46;234.51;3.50;729;5;1425.00;0
3397;5;623329503;3397;270;4127;4127;7.68;0.46;234.42;3.50;730;5;1426.00;0
3398;5;623329512;3398;267;4127;4127;7.79;0.47;234.36;3.50;729;5;1427.00;0
3401;5;623329521;3401;270;4127;4127;7.90;0.48;234.26;3.50;726;5;1428.00;0
3401;5;623329531;3401;265;4127;4127;8.05;0.49;234.26;3.50;726;5;1429.00;0
3402;5;623329539;3402;268;4128;4128;8.14;0.49;234.27;3.50;726;5;1430.00;0
3404;5;623329548;3404;267;4129;4129;8.25;0.50;234.41;3.50;725;5;1431.00;0
3404;5;623329557;3404;259;4129;4129;8.32;0.51;234.41;3.50;725;5;1432.00;0
3405;5;623329566;3405;258;4130;4130;8.38;0.51;234.42;3.50;725;5;1433.00;0
3410;5;623329574;3410;258;4130;4130;8.42;0.51;234.49;3.50;720;5;1434.00;0
3412;5;623329583;3412;243;4130;4130;8.43;0.51;234.40;3.50;718;5;1435.00;0
3415;5;623329593;3415;236;4130;4130;8.51;0.52;234.40;3.50;715;5;1436.00;0
3416;5;623329605;3416;232;4130;4130;8.60;0.52;234.38;3.50;714;5;1437.00;0
3417;5;623329621;3417;227;4130;4130;8.72;0.53;234.33;3.50;713;5;1438.00;0
3417;5;623329633;3417;221;4130;4130;8.83;0.54;234.33;3.50;713;5;1439.00;0
3420;5;623329653;3420;275;4257;4360;8.63;0.54;234.21;3.39;837;5;1440.00;103
3421;5;623329694;3421;255;4259;4361;8.77;0.55;234.25;3.39;838;5;1441.00;102
3421;5;623329706;3421;228;4268;4361;9.02;0.56;234.25;3.39;847;5;1442.00;93
3423;5;623329718;3423;216;4274;4361;9.12;0.57;234.20;3.39;851;5;1443.00;87
3423;5;623329747;3423;212;4280;4361;9.22;0.57;234.20;3.39;857;5;1444.00;81
3424;5;623329772;3424;207;4283;4361;9.23;0.57;234.21;3.39;859;5;1445.00;78
3424;5;623329789;3424;197;4289;4361;9.28;0.57;234.21;3.39;865;5;1446.00;72
3425;5;623329800;3425;199;4294;4361;9.36;0.58;234.39;3.40;869;5;1447.00;67
3427;5;623329812;3427;200;4299;4362;9.46;0.58;234.33;3.40;872;5;1448.00;63
3429;5;623329823;3429;201;4302;4363;9.52;0.59;234.28;3.41;873;5;1449.00;61
3429;5;623329834;3429;198;4306;4363;9.58;0.59;234.28;3.41;877;5;1450.00;57
3431;5;623329846;3431;205;4307;4364;9.53;0.59;234.35;3.42;876;5;1451.00;57
3431;5;623329857;3431;209;4309;4364;9.55;0.59;234.35;3.42;878;5;1452.00;55
3433;5;623329868;3433;209;4311;4364;9.47;0.58;234.34;3.42;878;5;1453.00;53
3434;5;623329879;3434;212;4312;4364;9.45;0.58;234.33;3.43;878;5;1454.00;52
3436;5;623329890;3436;213;4315;4368;9.40;0.58;234.31;3.43;879;5;1455.00;53
3439;5;623329901;3439;226;4316;4368;9.34;0.57;234.29;3.43;877;5;1456.00;52
3442;5;623329913;3442;232;4318;4368;9.30;0.57;234.41;3.44;876;5;1457.00;50
3447;5;623329923;3447;234;4321;4371;9.21;0.56;234.39;3.44;874;5;1458.00;50
3448;5;623329935;3448;233;4321;4371;9.16;0.56;234.49;3.44;873;5;1459.00;50
3451;5;623329946;3451;232;4321;4371;9.14;0.56;234.47;3.44;870;5;1460.00;50
3454;5;623329957;3454;232;4325;4375;9.15;0.56;234.49;3.44;871;5;1461.00;50
3457;5;623329969;3457;227;4326;4376;9.21;0.56;234.42;3.44;869;5;1462.00;50
3459;5;623329981;3459;231;4330;4376;9.19;0.56;234.45;3.46;871;5;1463.00;46
3461;5;623329992;3461;222;4331;4380;9.24;0.57;234.46;3.46;870;5;1464.00;49
3462;5;623330004;3462;222;4335;4380;9.27;0.57;234.50;3.48;873;5;1465.00;45
3467;5;623330016;3467;221;4335;4380;9.34;0.57;234.56;3.48;868;5;1466.00;45
3469;5;623330034;3469;223;4336;4381;9.41;0.57;234.60;3.48;867;5;1467.00;45
3473;5;623330045;3473;222;4337;4381;9.52;0.58;234.74;3.48;864;5;1468.00;44
3475;5;623330063;3475;219;4340;4387;9.63;0.59;234.82;3.48;865;5;1469.00;47
3478;5;623330077;3478;211;4341;4387;9.67;0.59;234.84;3.49;863;5;1470.00;46
3482;5;623330088;3482;205;4343;4388;9.73;0.59;234.84;3.50;861;5;1471.00;45
3485;5;623330101;3485;201;4343;4388;9.75;0.59;234.88;3.50;858;5;1472.00;45
3489;5;623330112;3489;197;4345;4388;9.79;0.60;234.77;3.51;856;5;1473.00;43
3492;5;623330124;3492;197;4346;4388;9.83;0.60;234.76;3.52;854;5;1474.00;42
3495;5;623330137;3495;195;4347;4388;9.80;0.60;234.77;3.52;852;5;1475.00;41
3495;5;623330148;3495;197;4357;4400;9.76;0.59;234.77;3.53;862;5;1476.00;43
3497;5;623330161;3497;198;4359;4400;9.68;0.59;234.82;3.55;862;5;1477.00;41
3498;5;623330173;3498;203;4361;4400;9.69;0.59;234.82;3.56;863;5;1478.00;39
3501;5;623330185;3501;209;4362;4400;9.68;0.59;234.89;3.56;861;5;1479.00;38
3505;5;623330197;3505;210;4365;4400;9.67;0.59;235.01;3.58;860;5;1480.00;35
3507;5;623330208;3507;214;4366;4400;9.64;0.59;235.09;3.58;859;5;1481.00;34
3509;5;623330226;3509;221;4373;4404;9.51;0.58;235.12;3.60;864;5;1482.00;31
3515;5;623330238;3515;221;4374;4404;9.39;0.57;235.37;3.61;859;5;1483.00;30
3516;5;623330249;3516;218;4378;4408;9.32;0.57;235.40;3.62;862;5;1484.00;30
3519;5;623330265;3519;225;4382;4410;9.22;0.56;235.43;3.63;863;5;1485.00;28
3522;5;623330278;3522;226;4384;4410;9.11;0.55;235.51;3.64;862;5;1486.00;26
3523;5;623330290;3523;229;4386;4410;9.06;0.55;235.51;3.65;863;5;1487.00;24
3525;5;623330300;3525;235;4395;4423;9.02;0.55;235.58;3.64;870;5;1488.00;28
3527;5;623330313;3527;238;4396;4423;8.90;0.54;235.64;3.65;869;5;1489.00;27
3528;5;623330323;3528;248;4398;4423;8.89;0.54;235.71;3.67;870;5;1490.00;25
3532;5;623330334;3532;247;4400;4424;8.82;0.54;235.89;3.68;868;5;1491.00;24
3536;5;623330346;3536;255;4402;4425;8.75;0.54;235.88;3.70;866;5;1492.00;23
3538;5;623330357;3538;261;4403;4425;8.72;0.53;235.92;3.71;865;5;1493.00;22
3542;5;623330368;3542;262;4407;4428;8.70;0.53;235.90;3.73;865;5;1494.00;21
3544;5;623330379;3544;268;4408;4428;8.66;0.53;235.81;3.74;864;5;1495.00;20
3547;5;623330390;3547;265;4410;4428;8.55;0.52;235.93;3.75;863;5;1496.00;18
3549;5;623330401;3549;272;4413;4428;8.51;0.52;236.04;3.78;864;5;1497.00;15
3551;5;623330412;3551;277;4418;4434;8.48;0.52;235.99;3.78;867;5;1498.00;16
3555;5;623330424;3555;279;4421;4434;8.42;0.51;236.13;3.81;866;5;1499.00;13
3557;5;623330438;3557;286;4425;4453;8.30;0.51;236.27;3.80;868;5;1500.00;28
3560;5;623330457;3560;286;4428;4453;8.22;0.50;236.20;3.81;868;5;1501.00;25
3561;5;623330468;3561;290;4433;4457;8.10;0.49;236.30;3.82;872;5;1502.00;24
3564;5;623330480;3564;297;4436;4458;8.00;0.49;236.43;3.83;872;5;1503.00;22
3567;5;623330491;3567;306;4437;4458;7.94;0.48;236.40;3.84;870;5;1504.00;21
3568;5;623330502;3568;316;4439;4459;7.89;0.48;236.48;3.84;871;5;1505.00;20
3570;5;623330513;3570;317;4443;4459;7.80;0.48;236.55;3.84;873;5;1506.00;16
3571;5;623330525;3571;323;4443;4459;7.74;0.47;236.52;3.84;872;5;1507.00;16
3573;5;623330535;3573;334;4444;4459;7.69;0.47;236.64;3.84;871;5;1508.00;15
3574;5;623330545;3574;330;4444;4459;7.64;0.47;236.61;3.84;870;5;1509.00;15
3578;5;623330555;3578;321;4445;4459;7.64;0.47;236.71;3.84;867;5;1510.00;14
3583;5;623330567;3583;315;4445;4459;7.63;0.47;236.67;3.84;862;5;1511.00;14
3586;5;623330577;3586;315;4482;4529;7.63;0.47;236.76;3.82;896;5;1512.00;47
3590;5;623330594;3590;303;4487;4530;7.67;0.47;236.92;3.82;897;5;1513.00;43
3592;5;623330605;3592;297;4494;4530;7.73;0.47;236.97;3.82;902;5;1514.00;36
3596;5;623330616;3596;291;4497;4530;7.79;0.48;236.95;3.81;901;5;1515.00;33
3600;5;623330627;3600;298;4499;4530;7.84;0.48;237.03;3.81;899;5;1516.00;31
3604;5;623330639;3604;298;4499;4530;7.89;0.48;237.08;3.81;895;5;1517.00;31
3606;5;623330651;3606;300;4503;4530;7.93;0.49;237.09;3.82;897;5;1518.00;27
3609;5;623330661;3609;290;4505;4530;7.95;0.49;237.19;3.82;896;5;1519.00;25
3613;5;623330672;3613;290;4506;4531;7.92;0.48;237.23;3.82;893;5;1520.00;25
3614;5;623330682;3614;292;4508;4532;7.92;0.49;237.28;3.83;894;5;1521.00;24
3618;5;623330692;3618;293;4508;4532;7.81;0.48;237.33;3.83;890;5;1522.00;24
3622;5;623330703;3622;295;4513;4536;7.75;0.47;237.37;3.83;891;5;1523.00;23
3626;5;623330714;3626;303;4515;4536;7.62;0.47;237.56;3.84;889;5;1524.00;21
3630;5;623330724;3630;301;4517;4536;7.57;0.46;237.63;3.84;887;5;1525.00;19
3636;5;623330735;3636;306;4518;4536;7.43;0.46;237.76;3.84;882;5;1526.00;18
3641;5;623330745;3641;308;4522;4542;7.32;0.45;237.77;3.84;881;5;1527.00;20
3644;5;623330755;3644;308;4522;4542;7.17;0.44;237.86;3.84;878;5;1528.00;20
3648;5;623330765;3648;315;4523;4542;7.04;0.43;237.98;3.84;875;5;1529.00;19
3651;5;623330776;3651;313;4526;4548;7.00;0.43;238.20;3.85;875;5;1530.00;22
3653;5;623330786;3653;310;4527;4548;6.96;0.43;238.22;3.85;874;5;1531.00;21
3659;5;623330796;3659;308;4530;4548;6.90;0.42;238.45;3.86;871;5;1532.00;18
3663;5;623330806;3663;300;4531;4549;6.88;0.42;238.52;3.86;868;5;1533.00;18
3667;5;623330816;3667;305;4532;4550;6.84;0.42;238.65;3.86;865;5;1534.00;18
3670;5;623330826;3670;303;4533;4550;6.82;0.42;238.64;3.87;863;5;1535.00;17
3675;6;623330835;3675;304;4545;4563;6.86;0.42;238.71;3.86;870;6;1536.00;18
3681;6;623330866;3681;295;4546;4563;6.89;0.42;238.79;3.86;865;6;1537.00;17
3685;6;623330876;3685;293;4548;4563;6.90;0.42;238.87;3.87;863;6;1538.00;15
3689;6;623330886;3689;291;4550;4564;6.87;0.42;238.99;3.87;861;6;1539.00;14
3691;6;623330896;3691;291;4554;4564;6.88;0.42;239.13;3.90;863;6;1540.00;10
3695;6;623330906;3695;292;4558;4568;6.89;0.42;239.29;3.90;863;6;1541.00;10
3699;6;623330916;3699;285;4560;4568;6.88;0.42;239.34;3.90;861;6;1542.00;8
3703;6;623330927;3703;289;4564;4572;6.96;0.43;239.50;3.90;861;6;1543.00;8
3704;6;623330938;3704;286;4565;4572;7.03;0.43;239.47;3.90;861;6;1544.00;7
3710;6;623330948;3710;286;4567;4572;7.06;0.43;239.47;3.90;857;6;1545.00;5
3714;6;623330959;3714;288;4568;4572;7.12;0.44;239.62;3.90;854;6;1546.00;4
3716;6;623330970;3716;291;4568;4572;7.10;0.43;239.68;3.90;852;6;1547.00;4
3719;6;623330980;3719;287;4578;4584;7.07;0.43;239.71;3.89;859;6;1548.00;6
3722;6;623330991;3722;290;4579;4584;6.99;0.43;239.71;3.89;857;6;1549.00;5
3725;6;623331001;3725;292;4580;4584;7.02;0.43;239.73;3.89;855;6;1550.00;4
3728;6;623331011;3728;294;4580;4584;6.97;0.43;239.74;3.89;852;6;1551.00;4
3731;6;623331026;3731;292;4580;4584;6.94;0.42;239.80;3.89;849;6;1552.00;4
3735;6;623331036;3735;291;4580;4584;6.93;0.42;239.76;3.89;845;6;1553.00;4
3737;6;623331046;3737;298;4581;4585;6.89;0.42;239.77;3.89;844;6;1554.00;4
3740;6;623331056;3740;293;4583;4587;6.83;0.42;239.75;3.89;843;6;1555.00;4
3743;6;623331066;3743;296;4589;4593;6.84;0.42;239.73;3.89;846;6;1556.00;4
3746;6;623331076;3746;296;4590;4594;6.87;0.42;239.93;3.88;844;6;1557.00;4
3748;6;623331086;3748;298;4590;4594;6.88;0.42;239.92;3.88;842;6;1558.00;4
3752;6;623331096;3752;299;4590;4594;6.88;0.42;239.95;3.88;838;6;1559.00;4
3759;6;623331107;3759;303;4595;4599;6.79;0.41;239.86;3.88;836;6;1560.00;4
3762;6;623331118;3762;310;4595;4599;6.76;0.41;239.85;3.88;833;6;1561.00;4
3764;6;623331127;3764;308;4595;4599;6.68;0.41;239.88;3.88;831;6;1562.00;4
3767;6;623331136;3767;311;4597;4600;6.63;0.40;239.81;3.91;830;6;1563.00;3
3769;6;623331146;3769;313;4601;4604;6.62;0.40;239.83;3.90;832;6;1564.00;3
3774;6;623331155;3774;313;4601;4604;6.58;0.40;239.81;3.90;827;6;1565.00;3
3777;6;623331164;3777;317;4603;4607;6.66;0.41;239.70;3.90;826;6;1566.00;4
3779;6;623331174;3779;322;4603;4607;6.62;0.40;239.69;3.90;824;6;1567.00;4
3782;6;623331183;3782;328;4604;4607;6.57;0.40;239.73;3.90;822;6;1568.00;3
3787;6;623331192;3787;336;4604;4607;6.45;0.39;239.60;3.90;817;6;1569.00;3
3790;6;623331201;3790;334;4608;4611;6.46;0.39;239.70;3.90;818;6;1570.00;3
3794;6;623331210;3794;336;4608;4611;6.35;0.38;239.63;3.90;814;6;1571.00;3
3796;6;623331219;3796;347;4608;4611;6.26;0.38;239.60;3.90;812;6;1572.00;3
3800;6;623331228;3800;346;4608;4611;6.20;0.38;239.51;3.90;808;6;1573.00;3
3803;6;623331236;3803;344;4609;4612;6.14;0.37;239.46;3.90;806;6;1574.00;3
3807;6;623331245;3807;349;4611;4614;6.05;0.37;239.39;3.90;804;6;1575.00;3
3810;6;623331254;3810;351;4611;4614;5.97;0.36;239.40;3.90;801;6;1576.00;3
3813;6;623331263;3813;343;4612;4615;5.92;0.36;239.37;3.90;799;6;1577.00;3
3814;6;623331272;3814;336;4613;4615;5.83;0.35;239.42;3.92;799;6;1578.00;2
3815;6;623331282;3815;333;4613;4615;5.78;0.35;239.53;3.92;798;6;1579.00;2
3816;6;623331291;3816;325;4613;4615;5.82;0.36;239.50;3.92;797;6;1580.00;2
3819;6;623331299;3819;326;4613;4615;5.82;0.36;239.53;3.92;794;6;1581.00;2
3820;6;623331308;3820;325;4614;4615;5.85;0.36;239.58;3.95;794;6;1582.00;1
3823;6;623331316;3823;322;4614;4615;5.83;0.36;239.53;3.95;791;6;1583.00;1
3823;6;623331325;3823;347;4687;4742;6.29;0.39;239.53;3.89;864;6;1584.00;55
3823;6;623331343;3823;340;4690;4743;6.38;0.40;239.53;3.89;867;6;1585.00;53
3825;6;623331357;3825;325;4700;4743;6.57;0.41;239.45;3.89;875;6;1586.00;43
3827;6;623331367;3827;304;4704;4743;6.68;0.41;239.51;3.89;877;6;1587.00;39
3828;6;623331377;3828;283;4709;4743;6.75;0.42;239.51;3.89;881;6;1588.00;34
3829;6;623331387;3829;270;4711;4743;6.85;0.42;239.49;3.89;882;6;1589.00;32
3831;6;623331399;3831;266;4713;4743;6.97;0.43;239.50;3.89;882;6;1590.00;30
3831;6;623331410;3831;261;4715;4743;7.07;0.44;239.50;3.89;884;6;1591.00;28
3832;6;623331421;3832;264;4717;4744;7.19;0.44;239.49;3.89;885;6;1592.00;27
3833;7;623331432;3833;257;4720;4745;7.33;0.45;239.49;3.91;887;7;1593.00;25
3833;7;623331452;3833;262;4722;4745;7.52;0.46;239.49;3.91;889;7;1594.00;23
3834;7;623331463;3834;259;4725;4746;7.63;0.47;239.50;3.92;891;8;1595.00;21
3837;7;623331483;3837;263;4729;4746;7.74;0.48;239.48;3.92;892;8;1596.00;17
3839;7;623331494;3839;257;4732;4746;7.88;0.48;239.46;3.93;893;8;1597.00;14
3840;7;623331506;3840;261;4734;4746;7.97;0.49;239.43;3.93;894;8;1598.00;12
3842;7;623331517;3842;253;4739;4750;8.08;0.50;239.41;3.94;897;8;1599.00;11
3844;7;623331534;3844;255;4741;4750;8.18;0.50;239.36;3.94;897;8;1600.00;9
3845;7;623331554;3845;253;4741;4750;8.27;0.51;239.39;3.94;896;8;1601.00;9
3847;7;623331566;3847;251;4743;4753;8.34;0.51;239.39;3.94;896;8;1602.00;10
3849;7;623331577;3849;249;4744;4753;8.35;0.51;239.37;3.94;895;8;1603.00;9
3850;7;623331588;3850;244;4746;4753;8.35;0.51;239.44;3.95;896;8;1604.00;7
3851;7;623331604;3851;244;4749;4757;8.37;0.51;239.41;3.94;898;8;1605.00;8
3853;7;623331626;3853;241;4751;4758;8.46;0.52;239.40;3.95;898;8;1606.00;7
3858;7;623331643;3858;238;4752;4758;8.55;0.52;239.35;3.95;894;8;1607.00;6
3860;7;623331660;3860;228;4756;4762;8.58;0.52;239.50;3.95;896;8;1608.00;6
3864;7;623331678;3864;222;4757;4762;8.66;0.53;239.47;3.95;893;8;1609.00;5
3869;7;623331695;3869;217;4757;4762;8.71;0.53;239.49;3.95;888;8;1610.00;5
3870;7;623331719;3870;212;4758;4763;8.78;0.53;239.55;3.95;888;8;1611.00;5
3876;7;623331733;3876;210;4758;4763;8.84;0.54;239.49;3.95;882;8;1612.00;5
3876;7;623331746;3876;206;4763;4769;9.00;0.55;239.49;3.95;887;8;1613.00;6
3877;7;623331758;3877;209;4763;4769;9.11;0.55;239.45;3.95;886;8;1614.00;6
3877;7;623331770;3877;208;4763;4770;9.28;0.56;239.45;3.95;886;8;1615.00;7
3880;7;623331783;3880;212;4763;4770;9.42;0.57;239.41;3.95;883;8;1616.00;7
3881;7;623331795;3881;205;4764;4770;9.50;0.58;239.44;3.95;883;8;1617.00;6
3882;7;623331807;3882;205;4764;4770;9.58;0.58;239.42;3.95;882;8;1618.00;6
3884;7;623331819;3884;208;4764;4770;9.71;0.59;239.41;3.95;880;8;1619.00;6
3887;7;623331833;3887;213;4790;4806;9.77;0.59;239.46;3.93;903;8;1620.00;16
3888;7;623331848;3888;207;4790;4806;9.87;0.60;239.44;3.93;902;8;1621.00;16
3889;7;623331860;3889;207;4793;4806;9.96;0.61;239.47;3.93;904;8;1622.00;13
3891;7;623331872;3891;207;4793;4806;10.04;0.61;239.41;3.93;902;8;1623.00;13
3892;7;623331883;3892;204;4794;4806;10.05;0.61;239.49;3.93;902;8;1624.00;12
3896;7;623331896;3896;210;4794;4806;9.99;0.61;239.61;3.93;898;8;1625.00;12
3898;7;623331908;3898;212;4798;4810;9.96;0.60;239.59;3.93;900;8;1626.00;12
3902;7;623331921;3902;211;4798;4810;9.99;0.61;239.65;3.93;896;8;1627.00;12
3906;7;623331933;3906;207;4802;4814;10.03;0.61;239.64;3.93;896;8;1628.00;12
3908;7;623331946;3908;203;4803;4815;10.06;0.61;239.67;3.93;895;8;1629.00;12
3912;7;623331958;3912;208;4803;4815;10.06;0.61;239.77;3.93;891;8;1630.00;12
3917;7;623331972;3917;201;4803;4815;9.98;0.61;239.77;3.93;886;8;1631.00;12
3917;7;623331984;3917;197;4814;4828;9.89;0.60;239.77;3.92;897;8;1632.00;14
3919;7;623331997;3919;196;4814;4828;9.88;0.60;239.81;3.92;895;8;1633.00;14
3922;7;623332010;3922;195;4815;4828;9.84;0.60;239.86;3.92;893;8;1634.00;13
3926;7;623332022;3926;190;4817;4829;9.87;0.60;239.82;3.93;891;8;1635.00;12
3929;7;623332034;3929;189;4817;4830;9.86;0.60;239.86;3.93;888;8;1636.00;13
3932;7;623332046;3932;187;4817;4830;9.91;0.60;239.89;3.93;885;8;1637.00;13
3939;7;623332058;3939;189;4819;4833;9.95;0.61;239.85;3.93;880;8;1638.00;14
3942;7;623332071;3942;195;4820;4833;9.97;0.61;239.89;3.93;878;8;1639.00;13
3946;7;623332083;3946;192;4820;4833;9.99;0.61;239.85;3.93;874;8;1640.00;13
3948;7;623332095;3948;187;4820;4833;10.09;0.61;239.87;3.93;872;8;1641.00;13
3951;7;623332106;3951;190;4825;4839;10.13;0.62;239.96;3.92;874;8;1642.00;14
3954;7;623332118;3954;188;4825;4839;10.11;0.62;240.04;3.92;871;8;1643.00;14
3955;7;623332130;3955;194;4825;4839;10.09;0.61;240.01;3.92;870;8;1644.00;14
3959;8;623332142;3959;197;4825;4839;10.00;0.61;240.13;3.92;866;9;1645.00;14
3962;8;623332176;3962;195;4829;4843;9.82;0.60;240.15;3.93;867;9;1646.00;14
3965;8;623332189;3965;194;4830;4844;9.73;0.59;240.10;3.93;865;9;1647.00;14
3968;8;623332200;3968;201;4830;4844;9.65;0.59;240.23;3.93;862;9;1648.00;14
3970;8;623332211;3970;205;4831;4845;9.62;0.59;240.31;3.93;861;9;1649.00;14
3972;8;623332225;3972;209;4831;4845;9.62;0.58;240.26;3.93;859;9;1650.00;14
3976;8;623332236;3976;207;4831;4845;9.58;0.58;240.37;3.93;855;9;1651.00;14
3978;8;623332247;3978;211;4831;4845;9.53;0.58;240.47;3.93;853;9;1652.00;14
3981;8;623332259;3981;210;4831;4845;9.53;0.58;240.39;3.93;850;9;1653.00;14
3982;8;623332271;3982;211;4831;4845;9.51;0.58;240.36;3.93;849;9;1654.00;14
3984;8;623332283;3984;212;4831;4845;9.53;0.58;240.34;3.93;847;9;1655.00;14
3986;8;623332295;3986;216;4870;4915;9.56;0.58;240.34;3.90;884;9;1656.00;45
3987;8;623332311;3987;213;4870;4916;9.51;0.58;240.36;3.90;883;9;1657.00;46
3988;8;623332323;3988;209;4876;4916;9.50;0.58;240.46;3.90;888;9;1658.00;40
3991;8;623332335;3991;207;4881;4916;9.48;0.58;240.63;3.90;890;9;1659.00;35
3992;8;623332347;3992;213;4887;4916;9.41;0.58;240.59;3.92;895;9;1660.00;29
3994;8;623332358;3994;216;4888;4916;9.34;0.57;240.63;3.92;894;9;1661.00;28
3999;8;623332369;3999;219;4890;4916;9.37;0.57;240.68;3.92;891;9;1662.00;26
4001;8;623332381;4001;222;4894;4916;9.40;0.57;240.64;3.94;893;9;1663.00;22
4004;8;623332393;4004;222;4897;4917;9.39;0.57;240.64;3.94;893;9;1664.00;20
4009;8;623332405;4009;222;4902;4919;9.38;0.57;240.79;3.95;893;9;1665.00;17
4013;8;623332420;4013;223;4904;4919;9.31;0.57;240.89;3.96;891;9;1666.00;15
4016;8;623332432;4016;232;4908;4923;9.20;0.56;241.03;3.96;892;9;1667.00;15
4019;8;623332451;4019;238;4910;4923;9.14;0.56;241.17;3.97;891;9;1668.00;13
4023;8;623332476;4023;242;4910;4923;9.04;0.55;241.30;3.97;887;9;1669.00;13
4027;8;623332488;4027;247;4911;4923;8.96;0.55;241.48;3.98;884;9;1670.00;12
4028;8;623332499;4028;249;4918;4929;8.96;0.55;241.46;3.98;890;9;1671.00;11
4032;8;623332510;4032;263;4919;4929;8.83;0.54;241.63;3.99;887;9;1672.00;10
4035;8;623332528;4035;264;4919;4929;8.71;0.53;241.68;3.99;884;9;1673.00;10
4038;8;623332539;4038;274;4922;4932;8.60;0.52;241.75;4.00;884;9;1674.00;10
4041;8;623332552;4041;279;4923;4932;8.50;0.52;241.76;4.00;882;9;1675.00;9
4043;8;623332562;4043;286;4924;4932;8.41;0.51;241.81;4.00;881;9;1676.00;8
4044;9;623332573;4044;290;4925;4933;8.27;0.51;241.77;4.01;881;10;1677.00;8
4047;9;623332590;4047;296;4926;4934;8.16;0.50;241.74;4.00;879;10;1678.00;8
4049;9;623332616;4049;295;4926;4934;8.02;0.49;241.72;4.00;877;10;1679.00;8
4051;9;623332629;4051;301;4945;4960;7.92;0.48;241.73;4.00;894;10;1680.00;15
4054;9;623332642;4054;303;4946;4960;7.86;0.48;241.62;4.00;892;10;1681.00;14
4055;9;623332653;4055;296;4949;4960;7.78;0.48;241.69;4.00;894;10;1682.00;11
4058;9;623332662;4058;295;4951;4961;7.75;0.47;241.68;4.00;893;10;1683.00;10
4059;9;623332673;4059;292;4953;4961;7.70;0.47;241.75;4.00;894;10;1684.00;8
4062;9;623332682;4062;292;4957;4965;7.70;0.47;241.90;4.00;895;10;1685.00;8
4063;9;623332693;4063;297;4957;4965;7.64;0.47;241.94;4.00;894;10;1686.00;8
4065;9;623332703;4065;300;4960;4969;7.54;0.46;241.97;4.00;895;10;1687.00;9
4067;9;623332713;4067;302;4961;4969;7.50;0.46;242.03;4.00;894;10;1688.00;8
4072;9;623332723;4072;311;4962;4969;7.40;0.45;242.14;4.01;890;10;1689.00;7
4077;9;623332733;4077;311;4962;4969;7.25;0.44;242.15;4.01;885;10;1690.00;7
4080;9;623332743;4080;311;4963;4969;7.15;0.44;242.17;4.01;883;10;1691.00;6
4084;9;623332752;4084;315;4975;4981;7.13;0.44;242.14;4.00;891;10;1692.00;6
4088;9;623332763;4088;323;4975;4981;7.08;0.43;242.16;4.00;887;10;1693.00;6
4091;9;623332772;4091;322;4977;4981;7.03;0.43;242.20;4.00;886;10;1694.00;4
4095;9;623332782;4095;325;4977;4981;7.01;0.43;242.18;4.00;882;10;1695.00;4
4100;9;623332792;4100;325;4977;4981;6.95;0.43;242.21;4.00;877;10;1696.00;4
4104;9;623332800;4104;335;4977;4981;6.78;0.42;242.25;4.00;873;10;1697.00;4
4107;9;623332810;4107;340;4978;4982;6.63;0.41;242.35;4.00;871;10;1698.00;4
4109;9;623332819;4109;347;4978;4982;6.49;0.40;242.47;4.00;869;10;1699.00;4
4113;9;623332828;4113;339;4984;4988;6.41;0.39;242.60;4.00;871;10;1700.00;4
4119;9;623332842;4119;338;4985;4989;6.28;0.39;242.78;3.99;866;10;1701.00;4
4125;9;623332851;4125;345;4985;4989;6.13;0.38;242.96;3.99;860;10;1702.00;4
4128;9;623332860;4128;338;4985;4989;6.11;0.38;243.07;3.99;857;10;1703.00;4
4133;9;623332869;4133;338;4989;4993;6.10;0.38;243.21;3.99;856;10;1704.00;4
4138;9;623332878;4138;337;4989;4993;6.08;0.37;243.15;3.99;851;10;1705.00;4
4141;9;623332887;4141;331;4989;4993;6.12;0.38;243.24;3.99;848;10;1706.00;4
4145;9;623332896;4145;324;4990;4994;6.15;0.38;243.27;3.99;845;10;1707.00;4
4147;9;623332905;4147;325;4994;4998;6.24;0.38;243.37;3.99;847;10;1708.00;4
4150;9;623332915;4150;326;4994;4998;6.25;0.38;243.38;3.99;844;10;1709.00;4
4153;9;623332925;4153;322;4998;5004;6.31;0.39;243.44;3.99;845;10;1710.00;6
4155;9;623332938;4155;323;4999;5004;6.34;0.39;243.54;3.98;844;10;1711.00;5
4159;9;623332947;4159;315;5000;5004;6.33;0.39;243.55;3.98;841;10;1712.00;4
4163;9;623332956;4163;311;5000;5004;6.38;0.39;243.50;3.98;837;10;1713.00;4
4167;9;623332965;4167;317;5004;5008;6.43;0.39;243.43;3.98;837;10;1714.00;4
4169;9;623332976;4169;311;5004;5008;6.45;0.39;243.42;3.98;835;10;1715.00;4
4172;9;623332985;4172;308;5004;5008;6.45;0.40;243.43;3.98;832;10;1716.00;4
4174;9;623332994;4174;316;5004;5008;6.41;0.39;243.39;3.98;830;10;1717.00;4
4179;9;623333003;4179;319;5005;5009;6.34;0.39;243.43;3.98;826;10;1718.00;4
4182;9;623333012;4182;321;5007;5010;6.27;0.38;243.42;4.00;825;10;1719.00;3
4183;9;623333021;4183;318;5007;5010;6.23;0.38;243.46;4.00;824;10;1720.00;3
4187;9;623333030;4187;319;5008;5011;6.16;0.38;243.42;4.00;821;10;1721.00;3
4193;9;623333039;4193;322;5008;5011;6.10;0.37;243.41;4.00;815;10;1722.00;3
4196;9;623333048;4196;324;5008;5011;6.05;0.37;243.38;4.00;812;10;1723.00;3
4200;9;623333057;4200;321;5008;5011;6.02;0.37;243.31;4.00;808;10;1724.00;3
4206;9;623333066;4206;326;5008;5011;5.96;0.36;243.46;4.00;802;10;1725.00;3
4209;9;623333075;4209;322;5008;5011;5.91;0.36;243.48;4.00;799;10;1726.00;3
4216;9;623333084;4216;328;5008;5011;5.86;0.36;243.40;4.00;792;10;1727.00;3
4222;9;623333093;4222;354;5084;5138;6.12;0.38;243.39;3.94;862;10;1728.00;54
4227;9;623333111;4227;354;5087;5139;6.08;0.38;243.36;3.94;860;10;1729.00;52
4228;9;623333120;4228;352;5095;5139;6.23;0.38;243.39;3.94;867;10;1730.00;44
4230;9;623333130;4230;354;5096;5139;6.25;0.39;243.35;3.93;866;10;1731.00;43
4233;9;623333138;4233;356;5102;5139;6.30;0.39;243.33;3.93;869;10;1732.00;37
4236;9;623333148;4236;358;5105;5139;6.24;0.38;243.34;3.94;869;10;1733.00;34
4238;9;623333157;4238;368;5109;5139;6.20;0.38;243.37;3.94;871;10;1734.00;30
4240;9;623333166;4240;366;5112;5139;6.17;0.38;243.39;3.94;872;10;1735.00;27
4243;9;623333176;4243;369;5114;5140;6.09;0.37;243.44;3.94;871;10;1736.00;26
4246;9;623333186;4246;368;5119;5141;6.04;0.37;243.36;3.95;873;10;1737.00;22
4248;9;623333195;4248;365;5121;5141;5.98;0.37;243.34;3.95;873;10;1738.00;20
4249;9;623333204;4249;353;5125;5142;6.00;0.37;243.32;3.95;876;10;1739.00;17
4250;9;623333216;4250;350;5126;5142;6.01;0.37;243.37;3.95;876;10;1740.00;16
4254;9;623333226;4254;345;5131;5142;5.98;0.37;243.40;3.96;877;10;1741.00;11
4256;9;623333235;4256;343;5132;5142;6.02;0.37;243.40;3.96;876;10;1742.00;10
4257;9;623333245;4257;344;5135;5146;6.05;0.37;243.43;3.96;878;10;1743.00;11
4259;9;623333256;4259;336;5136;5146;6.01;0.37;243.41;3.96;877;10;1744.00;10
4259;9;623333266;4259;340;5137;5146;6.02;0.37;243.41;3.96;878;10;1745.00;9
4261;9;623333281;4261;342;5139;5149;6.04;0.37;243.42;3.96;878;10;1746.00;10
4264;9;623333297;4264;330;5139;5149;6.07;0.37;243.43;3.96;875;10;1747.00;10
4268;9;623333307;4268;323;5140;5149;6.17;0.38;243.54;3.96;872;10;1748.00;9
4269;9;623333317;4269;319;5145;5153;6.31;0.39;243.55;3.97;876;10;1749.00;8
4272;9;623333327;4272;309;5147;5154;6.47;0.40;243.55;3.97;875;10;1750.00;7
4274;9;623333338;4274;306;5147;5154;6.63;0.41;243.71;3.97;873;10;1751.00;7
4275;9;623333348;4275;308;5153;5158;6.80;0.42;243.66;3.97;878;10;1752.00;5
4279;9;623333365;4279;306;5153;5158;6.91;0.42;243.58;3.97;874;10;1753.00;5
4280;9;623333376;4280;298;5153;5158;7.03;0.43;243.57;3.97;873;10;1754.00;5
4281;9;623333386;4281;293;5155;5160;7.13;0.44;243.58;3.97;874;10;1755.00;5
4284;9;623333398;4284;282;5155;5160;7.24;0.44;243.53;3.97;871;10;1756.00;5
4286;9;623333409;4286;267;5161;5166;7.31;0.45;243.56;3.96;875;10;1757.00;5
4286;9;623333426;4286;245;5161;5166;7.50;0.46;243.56;3.96;875;10;1758.00;5
4288;9;623333437;4288;236;5162;5167;7.67;0.47;243.57;3.96;874;10;1759.00;5
4292;9;623333448;4292;224;5162;5167;7.79;0.47;243.50;3.96;870;10;1760.00;5
4296;9;623333459;4296;224;5162;5167;7.91;0.48;243.62;3.96;866;10;1761.00;5
4298;9;623333472;4298;216;5162;5167;8.04;0.49;243.75;3.96;864;10;1762.00;5
4300;9;623333482;4300;218;5162;5167;8.12;0.49;243.79;3.96;862;10;1763.00;5
4302;9;623333493;4302;208;5172;5179;8.31;0.50;243.83;3.95;870;10;1764.00;7
4304;9;623333506;4304;211;5172;5179;8.37;0.51;243.91;3.95;868;10;1765.00;7
4307;9;623333517;4307;203;5173;5179;8.47;0.51;244.03;3.95;866;10;1766.00;6
4309;9;623333528;4309;202;5173;5179;8.53;0.52;244.09;3.95;864;10;1767.00;6
4313;9;623333539;4313;198;5173;5179;8.61;0.52;244.14;3.95;860;10;1768.00;6
4314;9;623333550;4314;193;5173;5179;8.80;0.53;244.16;3.95;859;10;1769.00;6
4315;9;623333564;4315;190;5176;5183;8.92;0.54;244.26;3.95;861;10;1770.00;7
4318;9;623333575;4318;187;5176;5183;9.04;0.55;244.51;3.95;858;10;1771.00;7
4318;9;623333587;4318;181;5180;5187;9.24;0.56;244.51;3.95;862;10;1772.00;7
4323;9;623333603;4323;179;5181;5188;9.33;0.57;244.69;3.95;858;10;1773.00;7
4326;9;623333621;4326;172;5181;5188;9.43;0.57;244.91;3.95;855;10;1774.00;7
4327;9;623333639;4327;176;5181;5188;9.58;0.58;244.89;3.95;854;10;1775.00;7
4328;9;623333659;4328;175;5192;5201;9.74;0.59;244.99;3.94;864;10;1776.00;9
4330;9;623333677;4330;180;5192;5201;9.82;0.59;244.97;3.94;862;10;1777.00;9
4338;9;623333694;4338;177;5192;5201;9.86;0.60;245.26;3.94;854;10;1778.00;9
4339;9;623333711;4339;175;5193;5202;9.99;0.61;245.28;3.94;854;10;1779.00;9
4341;9;623333724;4341;172;5193;5203;10.01;0.61;245.40;3.94;852;10;1780.00;10
4345;9;623333737;4345;175;5193;5203;10.07;0.61;245.47;3.94;848;10;1781.00;10
4349;9;623333750;4349;170;5195;5206;10.21;0.62;245.60;3.94;846;10;1782.00;11
4351;9;623333763;4351;173;5195;5206;10.25;0.62;245.66;3.94;844;10;1783.00;11
4355;9;623333776;4355;171;5196;5206;10.23;0.62;245.66;3.94;841;10;1784.00;10
4359;9;623333789;4359;172;5196;5206;10.26;0.62;245.74;3.94;837;10;1785.00;10
4359;9;623333801;4359;170;5201;5212;10.26;0.62;245.74;3.94;842;10;1786.00;11
4362;9;623333816;4362;171;5201;5212;10.31;0.62;245.76;3.94;839;10;1787.00;11
4365;9;623333828;4365;174;5201;5212;10.33;0.62;245.84;3.94;836;10;1788.00;11
4368;9;623333841;4368;175;5201;5212;10.29;0.62;245.81;3.94;833;10;1789.00;11
4372;9;623333853;4372;176;5204;5216;10.20;0.62;245.98;3.93;832;10;1790.00;12
4377;9;623333866;4377;175;5205;5217;10.14;0.61;246.05;3.93;828;10;1791.00;12
4378;9;623333877;4378;172;5205;5217;10.16;0.61;246.07;3.93;827;10;1792.00;12
4380;9;623333890;4380;174;5206;5218;10.22;0.62;246.13;3.93;826;10;1793.00;12
4381;9;623333902;4381;176;5206;5218;10.24;0.62;246.13;3.93;825;10;1794.00;12
4382;9;623333913;4382;174;5206;5218;10.25;0.62;246.16;3.93;824;10;1795.00;12
4385;9;623333925;4385;175;5206;5218;10.38;0.63;246.34;3.93;821;10;1796.00;12
4386;9;623333940;4386;177;5206;5218;10.41;0.63;246.32;3.93;820;10;1797.00;12
4392;9;623333951;4392;180;5206;5218;10.36;0.63;246.32;3.93;814;10;1798.00;12
4394;9;623333962;4394;177;5206;5218;10.41;0.63;246.42;3.93;812;10;1799.00;12
4396;9;623333976;4396;201;5268;5356;10.21;0.63;246.52;3.89;872;10;1800.00;88
4399;9;623334002;4399;185;5269;5357;10.22;0.63;246.52;3.91;870;10;1801.00;88
4403;9;623334015;4403;169;5279;5357;10.22;0.63;246.50;3.91;876;10;1802.00;78
4405;9;623334026;4405;160;5280;5357;10.29;0.63;246.52;3.91;875;10;1803.00;77
4408;9;623334049;4408;160;5285;5357;10.28;0.63;246.51;3.91;877;10;1804.00;72
4416;9;623334061;4416;159;5289;5357;10.23;0.63;246.60;3.92;873;10;1805.00;68
4420;9;623334074;4420;157;5296;5357;10.30;0.63;246.62;3.93;876;10;1806.00;61
4426;9;623334086;4426;155;5300;5357;10.27;0.63;246.59;3.93;874;10;1807.00;57
4428;9;623334098;4428;154;5308;5358;10.20;0.62;246.62;3.93;880;10;1808.00;50
4433;9;623334109;4433;159;5310;5359;10.12;0.62;246.58;3.94;877;10;1809.00;49
4437;9;623334122;4437;160;5314;5359;10.10;0.62;246.55;3.94;877;10;1810.00;45
4440;9;623334134;4440;158;5320;5363;9.98;0.61;246.62;3.94;880;10;1811.00;43
4444;9;623334146;4444;160;5321;5363;9.90;0.60;246.67;3.94;877;10;1812.00;42
4445;9;623334159;4445;158;5321;5363;9.82;0.60;246.66;3.94;876;10;1813.00;42
4450;9;623334170;4450;162;5321;5363;9.78;0.60;246.69;3.94;871;10;1814.00;42
4454;9;623334182;4454;162;5324;5369;9.74;0.59;246.75;3.94;870;10;1815.00;45
4455;9;623334194;4455;163;5325;5369;9.72;0.59;246.73;3.94;870;10;1816.00;44
4457;9;623334205;4457;166;5326;5369;9.72;0.59;246.77;3.97;869;10;1817.00;43
4462;9;623334217;4462;171;5329;5372;9.73;0.60;246.83;3.97;867;10;1818.00;43
4463;9;623334229;4463;174;5330;5372;9.82;0.60;246.84;3.97;867;10;1819.00;42
4466;9;623334240;4466;171;5330;5372;9.86;0.60;246.86;3.97;864;10;1820.00;42
4468;9;623334252;4468;174;5333;5373;9.83;0.60;246.83;3.97;865;10;1821.00;40
4472;9;623334264;4472;180;5335;5374;9.75;0.60;246.88;3.98;863;10;1822.00;39
4474;9;623334276;4474;185;5335;5374;9.72;0.59;246.85;3.98;861;10;1823.00;39
4479;9;623334287;4479;194;5348;5387;9.61;0.59;246.79;3.98;869;10;1824.00;39
4482;9;623334300;4482;190;5350;5387;9.61;0.59;246.85;3.98;868;10;1825.00;37
4484;9;623334313;4484;195;5351;5387;9.57;0.58;246.90;3.99;867;10;1826.00;36
4487;9;623334325;4487;198;5352;5388;9.46;0.58;246.82;3.99;865;10;1827.00;36
4490;9;623334337;4490;205;5352;5388;9.39;0.57;246.88;3.99;862;10;1828.00;36
4494;9;623334349;4494;211;5357;5392;9.26;0.57;246.90;3.99;863;10;1829.00;35
4496;9;623334362;4496;216;5358;5392;9.16;0.56;246.95;4.00;862;10;1830.00;34
4499;9;623334374;4499;220;5361;5396;9.01;0.55;247.14;4.00;862;10;1831.00;35
4500;9;623334386;4500;222;5362;5396;8.88;0.54;247.14;4.01;862;10;1832.00;34
4501;9;623334398;4501;222;5363;5396;8.80;0.54;247.10;4.02;862;10;1833.00;33
4505;9;623334414;4505;235;5364;5396;8.62;0.53;247.19;4.02;859;10;1834.00;32
4507;9;623334425;4507;240;5365;5396;8.51;0.52;247.13;4.03;858;10;1835.00;31
4509;9;623334436;4509;247;5375;5408;8.52;0.52;247.08;4.03;866;10;1836.00;33
4510;9;623334448;4510;250;5375;5408;8.41;0.51;247.11;4.03;865;10;1837.00;33
4512;9;623334458;4512;257;5378;5408;8.35;0.51;247.16;4.04;866;10;1838.00;30
4514;9;623334470;4514;261;5380;5408;8.23;0.50;247.18;4.05;866;10;1839.00;28
4516;9;623334480;4516;271;5381;5408;8.13;0.50;247.30;4.06;865;10;1840.00;27
4518;9;623334491;4518;279;5382;5408;8.00;0.49;247.31;4.06;864;10;1841.00;26
4519;9;623334501;4519;288;5384;5409;7.86;0.48;247.43;4.07;865;10;1842.00;25
4523;9;623334511;4523;290;5384;5409;7.79;0.48;247.48;4.07;861;10;1843.00;25
4523;9;623334522;4523;296;5390;5415;7.77;0.48;247.48;4.08;867;10;1844.00;25
4524;9;623334533;4524;301;5393;5417;7.67;0.47;247.55;4.08;869;10;1845.00;24
4528;9;623334543;4528;306;5393;5417;7.53;0.46;247.59;4.08;865;10;1846.00;24
4531;9;623334553;4531;313;5396;5417;7.33;0.45;247.61;4.09;865;10;1847.00;21
4534;9;623334563;4534;322;5399;5421;7.26;0.45;247.62;4.09;865;10;1848.00;22
4537;9;623334573;4537;319;5401;5421;7.18;0.44;247.64;4.09;864;10;1849.00;20
4543;9;623334583;4543;314;5401;5421;7.05;0.43;247.70;4.09;858;10;1850.00;20
4546;9;623334594;4546;319;5403;5422;6.96;0.43;247.82;4.10;857;10;1851.00;19
4549;9;623334605;4549;318;5406;5426;6.91;0.42;247.77;4.09;857;10;1852.00;20
4550;9;623334616;4550;314;5407;5426;6.86;0.42;247.79;4.10;857;10;1853.00;19
4553;9;623334626;4553;314;5409;5429;6.82;0.42;247.85;4.09;856;10;1854.00;20
4555;9;623334637;4555;313;5409;5429;6.78;0.42;247.87;4.09;854;10;1855.00;20
4559;9;623334647;4559;317;5411;5429;6.74;0.41;247.83;4.09;852;10;1856.00;18
4561;9;623334656;4561;312;5412;5429;6.68;0.41;247.83;4.09;851;10;1857.00;17
4564;9;623334666;4564;324;5416;5433;6.76;0.42;247.89;4.09;852;10;1858.00;17
4565;9;623334675;4565;326;5416;5433;6.77;0.42;247.93;4.09;851;10;1859.00;17
4565;9;623334686;4565;326;5416;5433;6.73;0.41;247.93;4.09;851;10;1860.00;17
4568;9;623334694;4568;325;5416;5433;6.67;0.41;247.93;4.09;848;10;1861.00;17
4571;9;623334703;4571;329;5417;5434;6.62;0.41;247.95;4.09;846;10;1862.00;17
4573;9;623334710;4573;335;5418;5435;6.54;0.40;248.00;4.09;845;10;1863.00;17
4576;9;623334719;4576;339;5418;5435;6.43;0.40;247.96;4.09;842;10;1864.00;17
4580;9;623334727;4580;342;5419;5436;6.37;0.39;247.93;4.09;839;10;1865.00;17
4585;9;623334735;4585;348;5419;5436;6.26;0.39;247.96;4.09;834;10;1866.00;17
4589;9;623334743;4589;355;5419;5436;6.14;0.38;247.89;4.09;830;10;1867.00;17
4591;9;623334751;4591;358;5419;5436;6.03;0.37;247.89;4.09;828;10;1868.00;17
4593;9;623334758;4593;361;5419;5436;5.90;0.37;247.88;4.09;826;10;1869.00;17
4597;9;623334766;4597;355;5419;5436;5.78;0.36;247.83;4.09;822;10;1870.00;17
4600;9;623334774;4600;353;5419;5436;5.69;0.35;247.88;4.09;819;10;1871.00;17
4606;9;623334782;4606;367;5490;5563;5.97;0.38;247.81;4.04;884;10;1872.00;73
4610;9;623334799;4610;358;5495;5564;5.92;0.37;247.85;4.04;885;10;1873.00;69
4614;9;623334808;4614;347;5504;5564;5.98;0.38;247.80;4.03;890;10;1874.00;60
4618;9;623334817;4618;350;5505;5564;6.01;0.38;247.76;4.03;887;10;1875.00;59
4621;9;623334825;4621;350;5510;5564;6.11;0.38;247.80;4.03;889;10;1876.00;54
4621;9;623334833;4621;340;5513;5564;6.08;0.38;247.80;4.03;892;10;1877.00;51
4625;9;623334842;4625;338;5516;5564;6.09;0.38;247.89;4.03;891;10;1878.00;48
4628;9;623334851;4628;339;5518;5564;6.09;0.38;247.93;4.03;890;10;1879.00;46
4629;9;623334860;4629;340;5520;5565;6.08;0.38;247.96;4.04;891;10;1880.00;45
4632;9;623334869;4632;341;5524;5566;6.08;0.38;248.08;4.07;892;10;1881.00;42
4635;9;623334878;4635;349;5528;5568;6.06;0.38;248.04;4.08;893;10;1882.00;40
4638;9;623334887;4638;350;5530;5569;6.03;0.38;248.14;4.08;892;10;1883.00;39
4639;9;623334897;4639;353;5535;5569;5.99;0.37;248.18;4.08;896;10;1884.00;34
4645;9;623334906;4645;359;5537;5569;5.91;0.37;248.22;4.09;892;10;1885.00;32
4646;9;623334915;4646;364;5538;5569;5.84;0.36;248.24;4.09;892;10;1886.00;31
4649;9;623334924;4649;362;5543;5573;5.74;0.36;248.22;4.09;894;10;1887.00;30
4652;9;623334934;4652;363;5544;5573;5.70;0.35;248.31;4.09;892;10;1888.00;29
4652;9;623334943;4652;366;5546;5573;5.68;0.35;248.31;4.10;894;10;1889.00;27
4657;9;623334954;4657;368;5551;5579;5.64;0.35;248.28;4.10;894;10;1890.00;28
4663;9;623334964;4663;359;5553;5579;5.60;0.35;248.26;4.10;890;10;1891.00;26
4665;9;623334974;4665;347;5555;5579;5.69;0.35;248.24;4.11;890;10;1892.00;24
4669;9;623334984;4669;345;5560;5583;5.75;0.36;248.24;4.11;891;10;1893.00;23
4675;9;623334994;4675;340;5563;5584;5.81;0.36;248.23;4.11;888;10;1894.00;21
4680;9;623335004;4680;342;5564;5584;5.91;0.36;248.29;4.11;884;10;1895.00;20
4682;9;623335014;4682;340;5568;5588;6.00;0.37;248.34;4.11;886;10;1896.00;20
4686;9;623335025;4686;336;5569;5588;6.07;0.37;248.35;4.11;883;10;1897.00;19
4689;9;623335040;4689;346;5570;5588;6.12;0.37;248.33;4.11;881;10;1898.00;18
4693;9;623335050;4693;340;5571;5589;6.17;0.38;248.32;4.11;878;10;1899.00;18
4695;9;623335061;4695;330;5571;5589;6.20;0.38;248.30;4.11;876;10;1900.00;18
4697;9;623335075;4697;328;5577;5595;6.23;0.38;248.27;4.11;880;10;1901.00;18
4701;9;623335085;4701;332;5577;5595;6.18;0.38;248.21;4.11;876;10;1902.00;18
4705;9;623335095;4705;332;5578;5596;6.08;0.37;248.21;4.11;873;10;1903.00;18
4709;9;623335106;4709;331;5579;5596;6.06;0.37;248.26;4.14;870;10;1904.00;17
4713;9;623335116;4713;330;5579;5596;6.06;0.37;248.22;4.14;866;10;1905.00;17
4716;9;623335126;4716;320;5579;5596;6.06;0.37;248.25;4.14;863;10;1906.00;17
4718;9;623335136;4718;309;5579;5596;6.09;0.37;248.23;4.14;861;10;1907.00;17
4721;9;623335146;4721;309;5589;5608;6.18;0.38;248.22;4.13;868;10;1908.00;19
4723;9;623335161;4723;305;5589;5608;6.22;0.38;248.26;4.13;866;10;1909.00;19
4725;9;623335171;4725;302;5591;5608;6.29;0.38;248.24;4.13;866;10;1910.00;17
4729;9;623335181;4729;302;5591;5608;6.40;0.39;248.25;4.13;862;10;1911.00;17
4730;9;623335192;4730;295;5591;5608;6.51;0.39;248.26;4.13;861;10;1912.00;17
4734;9;623335201;4734;292;5591;5608;6.57;0.40;248.32;4.13;857;10;1913.00;17
4736;9;623335211;4736;289;5594;5612;6.69;0.41;248.42;4.13;858;10;1914.00;18
4737;9;623335223;4737;290;5594;5612;6.79;0.41;248.42;4.13;857;10;1915.00;18
4738;9;623335233;4738;285;5598;5616;6.84;0.41;248.45;4.13;860;10;1916.00;18
4739;9;623335243;4739;274;5599;5617;6.90;0.42;248.47;4.12;860;10;1917.00;18
4742;9;623335254;4742;267;5599;5617;6.99;0.42;248.48;4.12;857;10;1918.00;18
4747;9;623335265;4747;261;5599;5617;7.05;0.43;248.68;4.12;852;10;1919.00;18
4749;9;623335278;4749;256;5623;5646;7.30;0.44;248.73;4.11;874;10;1920.00;23
4752;9;623335291;4752;251;5624;5646;7.38;0.45;248.76;4.14;872;10;1921.00;22
4753;9;623335302;4753;248;5625;5646;7.48;0.45;248.75;4.14;872;10;1922.00;21
4756;9;623335313;4756;243;5626;5647;7.57;0.46;248.70;4.14;870;10;1923.00;21
4759;9;623335324;4759;250;5626;5648;7.61;0.46;248.83;4.14;867;10;1924.00;22
4759;9;623335334;4759;245;5626;5648;7.72;0.47;248.83;4.14;867;10;1925.00;22
4761;9;623335345;4761;233;5628;5651;7.76;0.47;248.89;4.14;867;10;1926.00;23
4764;9;623335356;4764;220;5628;5651;7.75;0.47;248.92;4.14;864;10;1927.00;23
4765;9;623335367;4765;208;5629;5651;7.83;0.48;248.95;4.14;864;10;1928.00;22
4768;9;623335379;4768;203;5629;5651;7.86;0.48;249.06;4.14;861;10;1929.00;22
4769;9;623335390;4769;200;5634;5657;7.91;0.48;249.13;4.13;865;10;1930.00;23
4771;9;623335402;4771;200;5634;5657;7.98;0.49;249.12;4.13;863;10;1931.00;23
4774;9;623335414;4774;199;5634;5657;8.03;0.49;249.19;4.13;860;10;1932.00;23
4777;9;623335425;4777;201;5635;5657;8.09;0.49;249.22;4.16;858;10;1933.00;22
4778;9;623335437;4778;196;5638;5661;8.17;0.50;249.18;4.16;860;10;1934.00;23
4782;9;623335448;4782;193;5640;5663;8.23;0.50;249.24;4.15;858;10;1935.00;23
4786;9;623335459;4786;196;5640;5663;8.28;0.50;249.40;4.15;854;10;1936.00;23
4787;9;623335471;4787;182;5641;5664;8.39;0.51;249.37;4.15;854;10;1937.00;23
4793;9;623335483;4793;182;5641;5664;8.42;0.51;249.44;4.15;848;10;1938.00;23
4794;9;623335495;4794;179;5641;5664;8.55;0.52;249.50;4.15;847;10;1939.00;23
4796;9;623335506;4796;177;5641;5664;8.60;0.52;249.59;4.15;845;10;1940.00;23
4798;9;623335517;4798;182;5641;5664;8.62;0.52;249.69;4.15;843;10;1941.00;23
4798;9;623335528;4798;187;5641;5664;8.68;0.53;249.69;4.15;843;10;1942.00;23
4800;9;623335540;4800;186;5641;5664;8.76;0.53;249.69;4.15;841;10;1943.00;23
4803;9;623335551;4803;202;5686;5734;8.58;0.52;249.80;4.15;883;10;1944.00;48
4806;9;623335568;4806;189;5686;5735;8.63;0.52;249.84;4.15;880;10;1945.00;49
4808;9;623335579;4808;186;5691;5735;8.76;0.53;249.85;4.14;883;10;1946.00;44
4811;9;623335591;4811;185;5691;5735;8.83;0.54;249.95;4.14;880;10;1947.00;44
4815;9;623335607;4815;183;5693;5735;8.90;0.54;250.01;4.14;878;10;1948.00;42
4816;9;623335626;4816;180;5695;5735;9.01;0.55;249.97;4.14;879;10;1949.00;40
4818;10;623335653;4818;188;5699;5737;9.17;0.56;250.03;4.14;881;11;1950.00;38
4822;10;623335681;4822;182;5702;5737;9.23;0.56;250.07;4.17;880;11;1951.00;35
4823;10;623335700;4823;183;5703;5738;9.37;0.57;250.03;4.17;880;11;1952.00;35
4823;10;623335718;4823;189;5705;5739;9.50;0.58;250.03;4.17;882;11;1953.00;34
4827;10;623335731;4827;186;5707;5739;9.61;0.58;250.10;4.18;880;11;1954.00;32
4831;10;623335745;4831;188;5713;5743;9.67;0.59;250.27;4.20;882;11;1955.00;30
4832;10;623335765;4832;189;5715;5743;9.79;0.59;250.26;4.20;883;11;1956.00;28
4833;10;623335779;4833;185;5716;5743;9.83;0.60;250.35;4.20;883;11;1957.00;27
4835;10;623335791;4835;185;5717;5743;9.89;0.60;250.39;4.21;882;11;1958.00;26
4839;10;623335804;4839;189;5722;5749;9.91;0.60;250.58;4.20;883;11;1959.00;27
4843;10;623335817;4843;190;5722;5749;9.93;0.60;250.55;4.20;879;11;1960.00;27
4845;10;623335838;4845;188;5722;5749;9.97;0.61;250.66;4.20;877;11;1961.00;27
4847;10;623335851;4847;184;5724;5752;10.01;0.61;250.76;4.20;877;11;1962.00;28
4851;10;623335864;4851;182;5724;5752;10.00;0.61;250.77;4.20;873;11;1963.00;28
4854;10;623335876;4854;178;5726;5752;10.03;0.61;250.89;4.23;872;11;1964.00;26
4858;10;623335889;4858;184;5726;5753;10.08;0.61;250.89;4.23;868;11;1965.00;27
4860;10;623335901;4860;188;5727;5754;10.14;0.62;250.85;4.23;867;11;1966.00;27
4863;10;623335913;4863;186;5727;5754;10.17;0.62;250.87;4.23;864;11;1967.00;27
4865;10;623335924;4865;188;5736;5767;10.11;0.62;250.84;4.22;871;11;1968.00;31
4870;10;623335938;4870;182;5737;5767;10.10;0.62;250.93;4.22;867;11;1969.00;30
4877;10;623335951;4877;183;5737;5767;10.09;0.61;251.04;4.22;860;11;1970.00;30
4881;10;623335963;4881;183;5738;5768;10.12;0.62;251.06;4.22;857;11;1971.00;30
4885;10;623335976;4885;175;5738;5768;10.14;0.62;251.19;4.22;853;11;1972.00;30
4890;10;623335988;4890;175;5744;5772;10.12;0.61;251.17;4.25;854;11;1973.00;28
4896;10;623336000;4896;176;5745;5772;10.16;0.62;251.24;4.26;849;11;1974.00;27
4898;10;623336013;4898;174;5749;5776;10.10;0.61;251.22;4.26;851;11;1975.00;27
4901;10;623336026;4901;174;5749;5776;10.14;0.61;251.26;4.26;848;11;1976.00;27
4904;10;623336039;4904;176;5749;5776;10.22;0.62;251.30;4.26;845;11;1977.00;27
4907;10;623336050;4907;176;5749;5776;10.32;0.63;251.37;4.26;842;11;1978.00;27
4910;10;623336062;4910;181;5749;5776;10.31;0.62;251.49;4.26;839;11;1979.00;27
4915;10;623336075;4915;184;5769;5810;10.16;0.62;251.63;4.25;854;11;1980.00;41
4918;10;623336090;4918;181;5770;5810;10.11;0.62;251.64;4.25;852;11;1981.00;40
4919;10;623336101;4919;185;5772;5810;10.07;0.61;251.62;4.25;853;11;1982.00;38
4924;10;623336113;4924;181;5772;5810;10.01;0.61;251.65;4.25;848;11;1983.00;38
4926;10;623336124;4926;186;5773;5810;9.95;0.60;251.65;4.25;847;11;1984.00;37
4930;10;623336136;4930;188;5773;5810;9.88;0.60;251.73;4.25;843;11;1985.00;37
4931;10;623336148;4931;196;5773;5811;9.83;0.60;251.70;4.25;842;11;1986.00;38
4935;10;623336168;4935;192;5774;5811;9.76;0.59;251.79;4.25;839;11;1987.00;37
4938;10;623336186;4938;190;5778;5817;9.73;0.59;251.84;4.25;840;11;1988.00;39
4941;10;623336198;4941;192;5779;5818;9.72;0.59;251.79;4.25;838;11;1989.00;39
4945;10;623336209;4945;189;5779;5818;9.61;0.58;251.77;4.25;834;11;1990.00;39
4948;10;623336228;4948;194;5781;5818;9.55;0.58;251.82;4.25;833;11;1991.00;37
4951;10;623336240;4951;194;5783;5822;9.56;0.58;251.85;4.25;832;11;1992.00;39
4954;10;623336252;4954;193;5784;5822;9.51;0.58;251.82;4.25;830;11;1993.00;38
4960;10;623336263;4960;200;5786;5822;9.41;0.57;251.81;4.25;826;11;1994.00;36
4960;10;623336274;4960;206;5787;5823;9.41;0.57;251.81;4.25;827;11;1995.00;36
4963;10;623336286;4963;207;5791;5827;9.35;0.57;251.82;4.26;828;11;1996.00;36
4966;10;623336297;4966;211;5792;5827;9.21;0.56;251.89;4.26;826;11;1997.00;35
4968;10;623336316;4968;214;5794;5830;9.16;0.56;251.88;4.26;826;11;1998.00;36
4969;10;623336328;4969;228;5797;5830;9.07;0.55;251.95;4.28;828;11;1999.00;33
4970;10;623336340;4970;233;5797;5830;9.05;0.55;251.92;4.28;827;11;2000.00;33
4973;10;623336354;4973;241;5797;5830;9.03;0.55;252.00;4.28;824;11;2001.00;33
4975;10;623336365;4975;247;5802;5834;9.02;0.55;252.17;4.28;827;11;2002.00;32
4977;10;623336377;4977;251;5803;5834;9.00;0.55;252.23;4.30;826;11;2003.00;31
4979;10;623336387;4979;255;5803;5834;9.00;0.55;252.34;4.30;824;11;2004.00;31
4981;10;623336398;4981;261;5804;5834;8.94;0.54;252.40;4.31;823;11;2005.00;30
4983;10;623336408;4983;269;5805;5835;8.84;0.54;252.39;4.31;822;11;2006.00;30
4987;11;623336418;4987;271;5807;5836;8.75;0.53;252.45;4.32;820;12;2007.00;29
4989;11;623336448;4989;277;5809;5836;8.62;0.53;252.52;4.34;820;12;2008.00;27
4992;11;623336459;4992;284;5810;5837;8.50;0.52;252.63;4.33;818;12;2009.00;27
4994;11;623336472;4994;292;5812;5837;8.40;0.51;252.74;4.35;818;12;2010.00;25
4997;11;623336482;4997;299;5812;5837;8.24;0.50;252.86;4.35;815;12;2011.00;25
5002;11;623336493;5002;300;5812;5837;8.15;0.50;252.82;4.35;810;12;2012.00;25
5005;11;623336511;5005;306;5815;5837;8.03;0.49;252.82;4.37;810;12;2013.00;22
5007;11;623336523;5007;313;5815;5837;7.97;0.48;252.89;4.37;808;12;2014.00;22
5008;11;623336534;5008;310;5815;5837;7.90;0.48;252.85;4.37;807;12;2015.00;22
5010;11;623336545;5010;330;5881;5964;8.02;0.50;252.84;4.32;871;12;2016.00;83
5012;11;623336566;5012;327;5883;5965;7.90;0.49;252.81;4.33;871;12;2017.00;82
5013;11;623336578;5013;324;5895;5965;7.89;0.49;252.87;4.34;882;12;2018.00;70
5013;11;623336588;5013;319;5898;5965;7.79;0.48;252.87;4.34;885;12;2019.00;67
5014;11;623336600;5014;319;5907;5965;7.70;0.48;252.82;4.35;893;12;2020.00;58
5017;11;623336610;5017;312;5911;5965;7.59;0.47;252.76;4.35;894;12;2021.00;54
5019;11;623336621;5019;314;5915;5965;7.47;0.46;252.77;4.35;896;12;2022.00;50
5023;11;623336631;5023;313;5919;5965;7.36;0.45;252.73;4.36;896;12;2023.00;46
5026;11;623336641;5026;317;5923;5966;7.35;0.45;252.64;4.36;897;12;2024.00;43
5028;11;623336651;5028;323;5929;5968;7.28;0.45;252.57;4.36;901;12;2025.00;39
5031;11;623336662;5031;328;5932;5968;7.24;0.45;252.52;4.36;901;12;2026.00;36
5032;11;623336671;5032;327;5933;5969;7.18;0.44;252.49;4.37;901;12;2027.00;36
5034;11;623336681;5034;328;5938;5969;7.16;0.44;252.53;4.37;904;12;2028.00;31
5036;11;623336690;5036;340;5940;5969;7.08;0.44;252.47;4.38;904;12;2029.00;29
5038;11;623336699;5038;345;5943;5969;6.97;0.43;252.42;4.38;905;12;2030.00;26
5042;11;623336708;5042;355;5946;5973;6.87;0.42;252.33;4.38;904;12;2031.00;27
5043;11;623336724;5043;361;5948;5973;6.75;0.41;252.29;4.38;905;12;2032.00;25
5044;11;623336733;5044;376;5949;5973;6.66;0.41;252.27;4.38;905;12;2033.00;24
5046;11;623336742;5046;380;5952;5976;6.57;0.40;252.25;4.38;906;12;2034.00;24
5048;11;623336751;5048;384;5954;5976;6.46;0.40;252.28;4.39;906;12;2035.00;22
5050;11;623336761;5050;394;5955;5976;6.34;0.39;252.27;4.39;905;12;2036.00;21
5052;11;623336770;5052;399;5960;5980;6.26;0.39;252.29;4.39;908;12;2037.00;20
5055;11;623336779;5055;404;5961;5981;6.11;0.38;252.34;4.39;906;12;2038.00;20
5056;11;623336788;5056;413;5962;5981;6.00;0.37;252.38;4.39;906;12;2039.00;19
5060;11;623336798;5060;407;5967;5986;5.93;0.37;252.51;4.39;907;12;2040.00;19
5063;11;623336808;5063;404;5969;5986;5.79;0.36;252.49;4.39;906;12;2041.00;17
5066;11;623336817;5066;412;5969;5986;5.69;0.35;252.50;4.39;903;12;2042.00;17
5069;11;623336833;5069;402;5970;5987;5.60;0.35;252.55;4.39;901;12;2043.00;17
5071;11;623336843;5071;392;5970;5987;5.57;0.34;252.47;4.39;899;12;2044.00;17
5073;11;623336851;5073;382;5976;5993;5.61;0.35;252.55;4.39;903;12;2045.00;17
5077;11;623336867;5077;380;5976;5993;5.60;0.34;252.53;4.39;899;12;2046.00;17
5079;11;623336876;5079;370;5977;5994;5.72;0.35;252.45;4.38;898;12;2047.00;17
5081;12;623336885;5081;362;5977;5994;5.83;0.36;252.50;4.38;896;13;2048.00;17
5085;12;623336906;5085;360;5977;5994;5.88;0.36;252.48;4.38;892;13;2049.00;17
5086;12;623336915;5086;352;5977;5994;5.98;0.37;252.46;4.38;891;13;2050.00;17
5089;12;623336925;5089;349;5977;5994;6.02;0.37;252.40;4.38;888;13;2051.00;17
5091;12;623336940;5091;341;5988;6006;6.18;0.38;252.39;4.38;897;13;2052.00;18
5097;12;623336957;5097;338;5988;6006;6.21;0.38;252.31;4.38;891;13;2053.00;18
5098;12;623336967;5098;340;5989;6006;6.32;0.39;252.30;4.38;891;13;2054.00;17
5101;12;623336978;5101;334;5989;6006;6.41;0.39;252.33;4.38;888;13;2055.00;17
5104;12;623336988;5104;336;5989;6006;6.50;0.40;252.32;4.38;885;13;2056.00;17
5107;12;623336998;5107;328;5989;6006;6.59;0.40;252.28;4.38;882;13;2057.00;17
5111;12;623337008;5111;325;5993;6010;6.61;0.40;252.26;4.37;882;13;2058.00;17
5114;12;623337023;5114;332;5993;6010;6.60;0.40;252.27;4.37;879;13;2059.00;17
5115;12;623337040;5115;335;5997;6014;6.68;0.41;252.23;4.37;882;13;2060.00;17
5119;12;623337051;5119;338;5998;6015;6.68;0.41;252.26;4.37;879;13;2061.00;17
5121;12;623337061;5121;333;5998;6015;6.65;0.40;252.30;4.37;877;13;2062.00;17
5124;12;623337071;5124;333;5998;6015;6.62;0.40;252.37;4.37;874;13;2063.00;17
5129;12;623337081;5129;336;6010;6028;6.65;0.40;252.59;4.36;881;13;2064.00;18
5132;12;623337092;5132;331;6011;6028;6.64;0.41;252.70;4.36;879;13;2065.00;17
5135;12;623337102;5135;331;6011;6028;6.68;0.41;252.82;4.36;876;13;2066.00;17
5139;12;623337112;5139;320;6012;6029;6.73;0.41;252.84;4.36;873;13;2067.00;17
5144;12;623337122;5144;317;6014;6030;6.68;0.41;252.92;4.40;870;13;2068.00;16
5148;12;623337132;5148;316;6014;6030;6.65;0.41;252.92;4.40;866;13;2069.00;16
5152;12;623337144;5152;317;6018;6036;6.69;0.41;252.97;4.40;866;13;2070.00;18
5155;12;623337154;5155;315;6018;6036;6.71;0.41;252.95;4.40;863;13;2071.00;18
5161;12;623337164;5161;313;6020;6036;6.70;0.41;253.01;4.40;859;13;2072.00;16
5165;12;623337174;5165;309;6020;6036;6.73;0.41;253.04;4.40;855;13;2073.00;16
5169;12;623337184;5169;310;6026;6042;6.76;0.42;253.08;4.40;857;13;2074.00;16
5173;12;623337194;5173;311;6026;6042;6.75;0.41;253.14;4.40;853;13;2075.00;16
5175;12;623337204;5175;306;6026;6042;6.73;0.41;253.14;4.40;851;13;2076.00;16
5180;12;623337214;5180;307;6026;6042;6.69;0.41;253.27;4.40;846;13;2077.00;16
5183;12;623337224;5183;310;6030;6046;6.70;0.41;253.24;4.40;847;13;2078.00;16
5187;12;623337234;5187;311;6031;6047;6.68;0.41;253.28;4.39;844;13;2079.00;16
5190;12;623337244;5190;309;6031;6047;6.72;0.41;253.30;4.39;841;13;2080.00;16
5191;12;623337255;5191;311;6032;6048;6.76;0.42;253.32;4.39;841;13;2081.00;16
5196;12;623337266;5196;317;6032;6048;6.79;0.42;253.39;4.39;836;13;2082.00;16
5198;12;623337276;5198;321;6032;6048;6.80;0.42;253.40;4.39;834;13;2083.00;16
5202;12;623337286;5202;321;6032;6048;6.82;0.42;253.40;4.39;830;13;2084.00;16
5205;12;623337295;5205;315;6032;6048;6.80;0.42;253.52;4.39;827;13;2085.00;16
5209;12;623337305;5209;313;6032;6048;6.75;0.41;253.49;4.39;823;13;2086.00;16
5213;12;623337314;5213;297;6032;6048;6.76;0.41;253.64;4.39;819;13;2087.00;16
5216;12;623337325;5216;305;6076;6118;6.90;0.42;253.72;4.41;860;13;2088.00;42
5223;12;623337340;5223;291;6077;6119;6.93;0.42;253.88;4.41;854;13;2089.00;42
5226;12;623337351;5226;287;6082;6119;7.07;0.43;253.97;4.41;856;13;2090.00;37
5227;12;623337361;5227;277;6082;6119;7.19;0.44;253.97;4.41;855;13;2091.00;37
5230;12;623337372;5230;280;6085;6119;7.36;0.45;254.05;4.41;855;13;2092.00;34
5234;12;623337387;5234;277;6088;6119;7.47;0.45;254.13;4.41;854;13;2093.00;31
5235;12;623337398;5235;277;6091;6119;7.56;0.46;254.19;4.41;856;13;2094.00;28
5237;12;623337409;5237;275;6094;6119;7.64;0.46;254.14;4.41;857;13;2095.00;25
5241;12;623337419;5241;259;6096;6120;7.66;0.46;254.21;4.41;855;13;2096.00;24
5243;12;623337430;5243;251;6099;6121;7.70;0.47;254.24;4.41;856;13;2097.00;22
5244;12;623337442;5244;245;6100;6121;7.77;0.47;254.29;4.41;856;13;2098.00;21
5246;12;623337452;5246;243;6104;6125;7.79;0.47;254.35;4.41;858;13;2099.00;21
5248;12;623337466;5248;244;6109;6140;7.89;0.48;254.40;4.41;861;13;2100.00;31
5249;12;623337483;5249;241;6110;6140;8.01;0.49;254.47;4.41;861;13;2101.00;30
5252;12;623337495;5252;238;6110;6140;8.12;0.49;254.54;4.41;858;13;2102.00;30
5253;12;623337506;5253;236;6114;6146;8.27;0.50;254.61;4.41;861;13;2103.00;32
5256;12;623337518;5256;233;6114;6146;8.36;0.51;254.62;4.41;858;13;2104.00;32
5257;12;623337529;5257;231;6115;6146;8.45;0.51;254.68;4.46;858;13;2105.00;31
5259;12;623337540;5259;227;6119;6149;8.56;0.52;254.76;4.46;860;13;2106.00;30
5262;12;623337552;5262;223;6119;6149;8.67;0.53;254.76;4.46;857;13;2107.00;30
5265;12;623337563;5265;224;6120;6149;8.76;0.53;254.83;4.46;855;13;2108.00;29
5268;12;623337575;5268;217;6120;6150;8.84;0.54;254.89;4.46;852;13;2109.00;30
5269;12;623337586;5269;213;6121;6151;8.97;0.55;254.92;4.45;852;13;2110.00;30
5275;12;623337598;5275;209;6121;6151;9.04;0.55;254.88;4.45;846;13;2111.00;30
5279;12;623337617;5279;207;6132;6164;9.06;0.55;254.93;4.45;853;13;2112.00;32
5281;12;623337636;5281;200;6133;6164;9.10;0.55;254.88;4.45;852;13;2113.00;31
5283;12;623337655;5283;200;6133;6164;9.17;0.56;254.86;4.45;850;13;2114.00;31
5286;12;623337672;5286;194;6135;6166;9.27;0.56;254.99;4.45;849;13;2115.00;31
5288;12;623337689;5288;197;6135;6166;9.38;0.57;255.01;4.45;847;13;2116.00;31
5290;12;623337708;5290;198;6139;6170;9.53;0.58;255.03;4.45;849;13;2117.00;31
5296;12;623337722;5296;192;6140;6170;9.60;0.58;255.17;4.45;844;13;2118.00;30
5299;12;623337735;5299;193;6143;6174;9.70;0.59;255.14;4.45;844;13;2119.00;31
5303;12;623337748;5303;193;6143;6174;9.83;0.59;255.23;4.45;840;13;2120.00;31
5307;12;623337761;5307;189;6143;6174;9.90;0.60;255.24;4.45;836;13;2121.00;31
5310;12;623337774;5310;188;6143;6174;9.96;0.60;255.23;4.45;833;13;2122.00;31
5310;12;623337786;5310;186;6144;6174;10.00;0.60;255.23;4.45;834;13;2123.00;30
5314;12;623337798;5314;186;6154;6186;10.03;0.61;255.29;4.45;840;13;2124.00;32
5318;12;623337812;5318;187;6154;6186;10.05;0.61;255.30;4.45;836;13;2125.00;32
5322;12;623337824;5322;186;6157;6186;10.11;0.61;255.46;4.45;835;13;2126.00;29
5325;12;623337836;5325;186;6157;6186;10.15;0.61;255.53;4.45;832;13;2127.00;29
5327;12;623337850;5327;185;6159;6186;10.10;0.61;255.50;4.46;832;13;2128.00;27
5330;12;623337862;5330;184;6160;6186;10.14;0.62;255.55;4.46;830;13;2129.00;26
5334;12;623337875;5334;187;6160;6187;10.17;0.62;255.66;4.46;826;13;2130.00;27
5335;12;623337887;5335;181;6160;6187;10.22;0.62;255.70;4.46;825;13;2131.00;27
5338;12;623337900;5338;177;6165;6193;10.23;0.62;255.79;4.46;827;13;2132.00;28
5343;12;623337915;5343;177;6166;6194;10.20;0.62;255.81;4.46;823;13;2133.00;28
5344;12;623337927;5344;179;6166;6194;10.20;0.62;255.82;4.46;822;13;2134.00;28
5346;12;623337939;5346;177;6167;6194;10.13;0.62;255.79;4.51;821;13;2135.00;27
5349;12;623337950;5349;179;6170;6198;10.09;0.61;255.93;4.51;821;13;2136.00;28
5352;12;623337963;5352;181;6170;6198;10.04;0.61;255.97;4.51;818;13;2137.00;28
5358;12;623337975;5358;184;6170;6198;9.98;0.61;255.93;4.51;812;13;2138.00;28
5363;12;623337986;5363;177;6171;6199;9.91;0.60;256.01;4.51;808;13;2139.00;28
5368;12;623337997;5368;178;6174;6203;9.72;0.59;256.12;4.50;806;13;2140.00;29
5371;12;623338009;5371;176;6174;6203;9.62;0.58;256.12;4.50;803;13;2141.00;29
5372;12;623338019;5372;173;6176;6206;9.58;0.58;256.11;4.50;804;13;2142.00;30
5377;12;623338030;5377;179;6177;6206;9.46;0.58;256.10;4.50;800;13;2143.00;29
5382;12;623338041;5382;177;6177;6206;9.41;0.57;256.16;4.50;795;13;2144.00;29
5384;12;623338052;5384;184;6179;6206;9.37;0.57;256.11;4.52;795;13;2145.00;27
5389;12;623338064;5389;191;6183;6210;9.41;0.57;256.27;4.52;794;13;2146.00;27
5393;12;623338075;5393;193;6183;6210;9.42;0.57;256.29;4.52;790;13;2147.00;27
5399;12;623338086;5399;192;6183;6210;9.37;0.57;256.29;4.52;784;13;2148.00;27
5404;12;623338097;5404;190;6183;6210;9.34;0.57;256.49;4.52;779;13;2149.00;27
5407;12;623338107;5407;191;6183;6211;9.32;0.57;256.52;4.52;776;13;2150.00;28
5410;12;623338118;5410;195;6185;6212;9.34;0.57;256.47;4.57;775;13;2151.00;27
5413;12;623338129;5413;200;6185;6212;9.35;0.57;256.46;4.57;772;13;2152.00;27
5414;12;623338140;5414;201;6186;6213;9.38;0.57;256.43;4.57;772;13;2153.00;27
5418;12;623338150;5418;204;6186;6213;9.36;0.57;256.35;4.57;768;13;2154.00;27
5419;12;623338160;5419;205;6186;6213;9.31;0.56;256.33;4.57;767;13;2155.00;27
5422;12;623338170;5422;205;6186;6213;9.18;0.56;256.33;4.57;764;13;2156.00;27
5422;12;623338180;5422;211;6186;6213;9.13;0.55;256.33;4.57;764;13;2157.00;27
5425;12;623338189;5425;215;6187;6213;8.99;0.54;256.34;4.63;762;13;2158.00;26
5425;12;623338199;5425;217;6187;6213;8.90;0.54;256.34;4.63;762;13;2159.00;26
5426;12;623338210;5426;247;6285;6443;8.86;0.55;256.34;4.56;859;13;2160.00;158
5427;12;623338239;5427;247;6290;6444;8.77;0.55;256.35;4.55;863;13;2161.00;154
5427;12;623338249;5427;240;6299;6444;8.76;0.55;256.35;4.55;872;13;2162.00;145
5428;12;623338259;5428;243;6304;6444;8.66;0.54;256.32;4.55;876;13;2163.00;140
5429;12;623338269;5429;247;6315;6444;8.61;0.54;256.30;4.55;886;13;2164.00;129
5432;12;623338286;5432;244;6320;6444;8.51;0.53;256.23;4.55;888;13;2165.00;124
5434;12;623338297;5434;246;6327;6444;8.48;0.53;256.21;4.55;893;13;2166.00;117
5438;12;623338307;5438;250;6335;6444;8.48;0.53;256.13;4.55;897;13;2167.00;109
5440;12;623338318;5440;258;6340;6445;8.47;0.52;256.13;4.56;900;13;2168.00;105
5441;12;623338333;5441;266;6345;6446;8.44;0.52;256.14;4.56;904;13;2169.00;101
5444;12;623338344;5444;268;6349;6446;8.41;0.52;256.04;4.56;905;13;2170.00;97
5445;12;623338355;5445;273;6354;6447;8.38;0.52;256.05;4.58;909;13;2171.00;93
5447;12;623338366;5447;285;6357;6447;8.22;0.51;255.97;4.58;910;13;2172.00;90
5448;12;623338376;5448;287;6363;6447;8.08;0.50;255.95;4.61;915;13;2173.00;84
5449;12;623338388;5449;298;6365;6447;7.94;0.49;255.96;4.61;916;13;2174.00;82
5449;12;623338400;5449;307;6369;6451;7.83;0.48;255.96;4.62;920;13;2175.00;82
5451;12;623338411;5451;310;6372;6451;7.67;0.47;255.95;4.63;921;13;2176.00;79
5453;12;623338421;5453;315;6374;6451;7.53;0.46;255.88;4.64;921;13;2177.00;77
5454;12;623338432;5454;325;6378;6454;7.46;0.46;255.85;4.66;924;13;2178.00;76
5456;12;623338442;5456;327;6383;6454;7.36;0.45;255.86;4.68;927;13;2179.00;71
5459;12;623338453;5459;338;6387;6454;7.24;0.45;255.92;4.70;928;13;2180.00;67
5460;12;623338463;5460;348;6394;6458;7.12;0.44;255.90;4.71;934;13;2181.00;64
5462;12;623338476;5462;360;6399;6459;7.02;0.43;255.89;4.72;937;13;2182.00;60
5462;12;623338487;5462;366;6403;6459;6.94;0.43;255.89;4.73;941;13;2183.00;56
5465;12;623338498;5465;372;6406;6463;6.90;0.43;255.84;4.74;941;13;2184.00;57
5468;12;623338509;5468;383;6409;6463;6.83;0.42;255.75;4.75;941;13;2185.00;54
5469;12;623338519;5469;389;6413;6463;6.73;0.41;255.76;4.76;944;13;2186.00;50
5470;12;623338530;5470;396;6416;6464;6.68;0.41;255.77;4.76;946;13;2187.00;48
5472;12;623338540;5472;404;6418;6464;6.56;0.40;255.71;4.77;946;13;2188.00;46
5473;12;623338550;5473;402;6424;6470;6.50;0.40;255.69;4.77;951;13;2189.00;46
5475;12;623338564;5475;405;6425;6470;6.42;0.40;255.63;4.78;950;13;2190.00;45
5479;12;623338575;5479;404;6426;6471;6.31;0.39;255.64;4.78;947;13;2191.00;45
5482;12;623338585;5482;407;6428;6471;6.20;0.38;255.62;4.79;946;13;2192.00;43
5485;12;623338596;5485;414;6429;6471;6.07;0.37;255.63;4.79;944;13;2193.00;42
5486;12;623338607;5486;420;6430;6471;6.00;0.37;255.62;4.80;944;13;2194.00;41
5486;12;623338618;5486;406;6432;6471;5.96;0.37;255.62;4.80;946;13;2195.00;39
5488;12;623338628;5488;400;6443;6483;5.99;0.37;255.56;4.81;955;13;2196.00;40
5489;12;623338641;5489;400;6444;6483;5.96;0.37;255.55;4.81;955;13;2197.00;39
5489;12;623338652;5489;397;6446;6483;5.95;0.37;255.55;4.81;957;13;2198.00;37
5491;12;623338661;5491;394;6447;6483;5.98;0.37;255.51;4.82;956;13;2199.00;36
5491;12;623338672;5491;397;6448;6483;6.00;0.37;255.51;4.82;957;13;2200.00;35
5492;12;623338686;5492;399;6449;6483;6.05;0.37;255.52;4.82;957;13;2201.00;34
5496;12;623338706;5496;391;6453;6487;6.03;0.37;255.45;4.82;957;13;2202.00;34
5499;12;623338732;5499;394;6454;6487;6.06;0.37;255.41;4.83;955;13;2203.00;33
5501;12;623338756;5501;395;6459;6491;6.10;0.37;255.38;4.83;958;13;2204.00;32
5505;12;623338776;5505;393;6461;6493;6.03;0.37;255.27;4.83;956;13;2205.00;32
5507;13;623338789;5507;387;6462;6493;6.00;0.37;255.25;4.83;955;14;2206.00;31
5513;13;623338820;5513;380;6463;6493;5.95;0.36;255.18;4.83;950;14;2207.00;30
5514;13;623338833;5514;388;6474;6506;5.97;0.37;255.21;4.82;960;14;2208.00;32
5516;13;623338853;5516;391;6475;6506;5.96;0.37;255.14;4.82;959;14;2209.00;31
5518;13;623338866;5518;387;6478;6508;5.93;0.36;255.17;4.82;960;14;2210.00;30
5521;13;623338879;5521;377;6479;6509;5.96;0.37;255.22;4.82;958;14;2211.00;30
5521;13;623338894;5521;376;6480;6510;5.99;0.37;255.22;4.82;959;14;2212.00;30
5522;13;623338906;5522;368;6481;6510;6.05;0.37;255.24;4.82;959;14;2213.00;29
5524;13;623338919;5524;358;6485;6513;6.11;0.38;255.27;4.82;961;14;2214.00;28
5527;13;623338930;5527;358;6485;6513;6.19;0.38;255.18;4.82;958;14;2215.00;28
5529;13;623338942;5529;351;6485;6513;6.27;0.39;255.23;4.82;956;14;2216.00;28
5532;13;623338964;5532;350;6485;6513;6.32;0.39;255.20;4.82;953;14;2217.00;28
5534;13;623338978;5534;339;6491;6519;6.38;0.39;255.24;4.82;957;14;2218.00;28
5540;13;623338990;5540;335;6491;6519;6.35;0.39;255.36;4.82;951;14;2219.00;28
5543;13;623339007;5543;323;6491;6519;6.35;0.39;255.33;4.82;948;14;2220.00;28
5548;13;623339025;5548;327;6492;6519;6.35;0.39;255.32;4.88;944;14;2221.00;27
5551;13;623339036;5551;324;6496;6523;6.40;0.39;255.49;4.88;945;14;2222.00;27
5555;13;623339051;5555;322;6497;6524;6.44;0.40;255.52;4.88;942;14;2223.00;27
5558;13;623339064;5558;325;6497;6524;6.46;0.40;255.55;4.88;939;14;2224.00;27
5562;13;623339076;5562;321;6498;6525;6.51;0.40;255.60;4.88;936;14;2225.00;27
5569;13;623339092;5569;322;6498;6525;6.49;0.40;255.63;4.88;929;14;2226.00;27
5574;13;623339109;5574;313;6498;6525;6.48;0.40;255.62;4.88;924;14;2227.00;27
5576;13;623339119;5576;316;6498;6525;6.49;0.40;255.62;4.88;922;14;2228.00;27
5579;13;623339130;5579;312;6498;6525;6.45;0.40;255.62;4.88;919;14;2229.00;27
5586;13;623339149;5586;309;6498;6525;6.47;0.40;255.54;4.88;912;14;2230.00;27
5592;13;623339161;5592;307;6498;6525;6.45;0.39;255.64;4.88;906;14;2231.00;27
5595;13;623339173;5595;312;6535;6595;6.64;0.41;255.62;4.85;940;14;2232.00;60
5597;13;623339195;5597;306;6537;6596;6.65;0.41;255.68;4.85;940;14;2233.00;59
5602;13;623339207;5602;305;6543;6596;6.69;0.41;255.68;4.85;941;14;2234.00;53
5607;13;623339221;5607;307;6546;6596;6.66;0.41;255.81;4.84;939;14;2235.00;50
5610;13;623339234;5610;310;6552;6596;6.69;0.41;255.89;4.84;942;14;2236.00;44
5615;13;623339246;5615;309;6555;6596;6.71;0.41;256.12;4.84;940;14;2237.00;41
5618;13;623339260;5618;308;6558;6596;6.73;0.41;256.09;4.84;940;14;2238.00;38
5623;13;623339276;5623;311;6561;6596;6.74;0.41;256.28;4.84;938;14;2239.00;35
5626;13;623339291;5626;308;6563;6597;6.77;0.41;256.33;4.90;937;14;2240.00;34
5628;13;623339306;5628;317;6566;6598;6.86;0.42;256.34;4.90;938;14;2241.00;32
5631;13;623339320;5631;317;6567;6598;6.90;0.42;256.54;4.90;936;14;2242.00;31
5634;13;623339333;5634;316;6571;6602;6.95;0.42;256.54;4.90;937;14;2243.00;31
5637;13;623339347;5637;312;6572;6602;6.93;0.42;256.57;4.90;935;14;2244.00;30
5643;13;623339360;5643;310;6572;6602;6.86;0.42;256.63;4.90;929;14;2245.00;30
5646;13;623339374;5646;316;6572;6602;6.86;0.42;256.62;4.90;926;14;2246.00;30
5648;13;623339388;5648;315;6577;6608;6.88;0.42;256.70;4.90;929;14;2247.00;31
5651;13;623339401;5651;316;6577;6608;6.89;0.42;256.78;4.90;926;14;2248.00;31
5653;13;623339413;5653;311;6577;6608;6.96;0.42;256.76;4.90;924;14;2249.00;31
5657;13;623339427;5657;311;6581;6614;7.06;0.43;256.89;4.90;924;14;2250.00;33
5658;13;623339448;5658;308;6581;6614;7.11;0.43;256.94;4.90;923;14;2251.00;33
5660;13;623339461;5660;302;6583;6614;7.13;0.43;256.95;4.89;923;14;2252.00;31
5664;13;623339474;5664;298;6583;6615;7.10;0.43;257.04;4.89;919;14;2253.00;32
5666;13;623339488;5666;296;6584;6616;7.10;0.43;257.11;4.89;918;14;2254.00;32
5670;13;623339507;5670;296;6584;6616;7.12;0.43;257.20;4.89;914;14;2255.00;32
5677;14;623339519;5677;295;6595;6629;7.17;0.44;257.23;4.89;918;15;2256.00;34
5680;14;623339548;5680;290;6595;6629;7.22;0.44;257.31;4.89;915;15;2257.00;34
5684;14;623339560;5684;289;6595;6629;7.26;0.44;257.44;4.89;911;15;2258.00;34
5689;14;623339572;5689;285;6597;6630;7.34;0.45;257.61;4.94;908;15;2259.00;33
5693;14;623339586;5693;277;6597;6630;7.34;0.45;257.70;4.94;904;15;2260.00;33
5698;14;623339600;5698;272;6601;6634;7.37;0.45;257.88;4.94;903;15;2261.00;33
5703;14;623339622;5703;274;6601;6634;7.37;0.45;257.99;4.94;898;15;2262.00;33
5704;14;623339658;5704;274;6604;6638;7.44;0.45;258.04;4.94;900;15;2263.00;34
5706;14;623339681;5706;279;6604;6638;7.50;0.45;258.08;4.94;898;15;2264.00;34
5710;14;623339700;5710;277;6604;6638;7.53;0.46;258.24;4.94;894;15;2265.00;34
5711;14;623339720;5711;266;6604;6638;7.61;0.46;258.28;4.94;893;15;2266.00;34
5716;14;623339734;5716;258;6604;6638;7.68;0.46;258.40;4.94;888;15;2267.00;34
5719;14;623339754;5719;242;6614;6650;7.80;0.47;258.51;4.93;895;15;2268.00;36
5720;14;623339771;5720;243;6614;6650;7.91;0.48;258.58;4.93;894;15;2269.00;36
5724;14;623339793;5724;231;6616;6650;7.98;0.48;258.63;4.98;892;15;2270.00;34
5727;14;623339815;5727;226;6616;6650;8.06;0.49;258.74;4.98;889;15;2271.00;34
5729;14;623339831;5729;216;6616;6650;8.15;0.49;258.74;4.98;887;15;2272.00;34
5733;14;623339845;5733;206;6616;6650;8.21;0.50;258.76;4.98;883;15;2273.00;34
5737;14;623339863;5737;207;6616;6651;8.31;0.50;258.82;4.98;879;15;2274.00;35
5739;14;623339880;5739;203;6616;6651;8.37;0.51;258.83;4.98;877;15;2275.00;35
5742;14;623339895;5742;198;6621;6657;8.43;0.51;258.86;4.98;879;16;2276.00;36
5744;14;623339919;5744;200;6622;6658;8.54;0.52;258.92;4.98;878;16;2277.00;36
5744;14;623339936;5744;200;6622;6658;8.62;0.52;258.92;4.98;878;16;2278.00;36
5747;15;623339955;5747;194;6622;6658;8.69;0.53;258.90;4.98;875;17;2279.00;36
5749;15;623339987;5749;197;6626;6663;8.77;0.53;258.92;4.98;877;17;2280.00;37
5750;15;623340006;5750;205;6626;6663;8.80;0.53;258.90;4.98;876;17;2281.00;37
5750;15;623340027;5750;204;6626;6663;8.83;0.54;258.90;4.98;876;17;2282.00;37
5753;15;623340045;5753;200;6628;6664;8.81;0.53;258.84;5.03;875;17;2283.00;36
5757;15;623340065;5757;193;6631;6668;8.78;0.53;258.93;5.03;874;17;2284.00;37
5761;15;623340081;5761;198;6631;6668;8.71;0.53;258.97;5.03;870;17;2285.00;37
5761;15;623340097;5761;199;6633;6671;8.70;0.53;258.97;5.03;872;17;2286.00;38
5764;15;623340113;5764;196;6633;6671;8.68;0.53;259.01;5.03;869;17;2287.00;38
5765;15;623340127;5765;196;6634;6671;8.69;0.53;259.03;5.03;869;17;2288.00;37
5768;15;623340143;5768;200;6634;6671;8.67;0.53;258.97;5.03;866;17;2289.00;37
5771;15;623340157;5771;205;6638;6675;8.71;0.53;258.96;5.02;867;17;2290.00;37
5772;15;623340171;5772;197;6638;6675;8.78;0.53;258.95;5.02;866;17;2291.00;37
5776;15;623340185;5776;197;6638;6675;8.85;0.54;258.97;5.02;862;17;2292.00;37
5778;15;623340201;5778;194;6638;6675;8.91;0.54;258.97;5.02;860;17;2293.00;37
5782;15;623340215;5782;185;6638;6676;8.86;0.54;259.07;5.02;856;17;2294.00;38
5783;15;623340229;5783;181;6640;6678;8.87;0.54;259.04;5.02;857;17;2295.00;38
5785;15;623340245;5785;186;6640;6678;8.85;0.54;259.02;5.02;855;17;2296.00;38
5788;15;623340260;5788;177;6641;6679;8.83;0.54;259.05;5.02;853;17;2297.00;38
5790;15;623340276;5790;179;6641;6679;8.86;0.54;259.07;5.02;851;17;2298.00;38
5791;15;623340290;5791;179;6641;6679;8.89;0.54;259.14;5.02;850;17;2299.00;38
5793;15;623340304;5793;183;6641;6679;8.95;0.55;259.22;5.02;848;17;2300.00;38
5796;15;623340325;5796;183;6641;6679;9.01;0.55;259.20;5.02;845;17;2301.00;38
5798;15;623340340;5798;184;6641;6679;9.12;0.56;259.27;5.02;843;17;2302.00;38
5804;15;623340353;5804;185;6642;6679;9.16;0.56;259.31;5.10;838;17;2303.00;37
5807;15;623340367;5807;213;6713;6806;9.06;0.56;259.37;5.04;906;17;2304.00;93
5810;15;623340391;5810;203;6714;6807;9.17;0.56;259.39;5.04;904;17;2305.00;93
5816;15;623340406;5816;199;6719;6807;9.29;0.57;259.46;5.04;903;17;2306.00;88
5817;15;623340421;5817;195;6720;6807;9.35;0.57;259.45;5.04;903;17;2307.00;87
5821;15;623340436;5821;197;6725;6807;9.41;0.58;259.52;5.04;904;17;2308.00;82
5825;15;623340457;5825;195;6728;6807;9.44;0.58;259.55;5.09;903;17;2309.00;79
5827;15;623340475;5827;190;6730;6807;9.49;0.58;259.55;5.09;903;17;2310.00;77
5831;15;623340492;5831;190;6733;6807;9.45;0.58;259.67;5.09;902;17;2311.00;74
5836;15;623340516;5836;194;6735;6808;9.41;0.58;259.78;5.09;899;17;2312.00;73
5839;15;623340533;5839;188;6739;6809;9.38;0.58;259.79;5.10;900;17;2313.00;70
5842;15;623340549;5842;192;6741;6809;9.39;0.57;259.76;5.10;899;17;2314.00;68
5846;15;623340562;5846;196;6743;6810;9.33;0.57;259.71;5.11;897;17;2315.00;67
5848;15;623340577;5848;194;6747;6810;9.24;0.57;259.72;5.11;899;17;2316.00;63
5856;15;623340593;5856;202;6749;6810;9.10;0.56;259.67;5.12;893;17;2317.00;61
5858;15;623340611;5858;196;6750;6810;9.00;0.55;259.70;5.12;892;17;2318.00;60
5861;15;623340629;5861;200;6755;6814;8.85;0.54;259.73;5.12;894;17;2319.00;59
5862;15;623340648;5862;211;6757;6814;8.83;0.54;259.71;5.13;895;17;2320.00;57
5867;15;623340662;5867;214;6758;6814;8.69;0.53;259.73;5.13;891;17;2321.00;56
5871;15;623340682;5871;222;6761;6817;8.63;0.53;259.65;5.14;890;17;2322.00;56
5872;15;623340695;5872;225;6763;6817;8.61;0.53;259.64;5.14;891;17;2323.00;54
5875;15;623340707;5875;235;6764;6817;8.57;0.53;259.69;5.14;889;17;2324.00;53
5878;15;623340718;5878;238;6770;6821;8.52;0.52;259.68;5.15;892;17;2325.00;51
5883;15;623340729;5883;244;6771;6822;8.49;0.52;259.67;5.15;888;17;2326.00;51
5886;15;623340741;5886;255;6773;6822;8.41;0.52;259.67;5.15;887;17;2327.00;49
5889;15;623340754;5889;262;6776;6826;8.36;0.51;259.58;5.15;887;17;2328.00;50
5891;15;623340765;5891;260;6777;6826;8.29;0.51;259.54;5.15;886;17;2329.00;49
5895;15;623340775;5895;267;6778;6826;8.22;0.51;259.55;5.15;883;17;2330.00;48
5897;15;623340787;5897;271;6780;6827;8.17;0.50;259.49;5.15;883;17;2331.00;47
5901;15;623340798;5901;273;6780;6827;8.05;0.49;259.46;5.15;879;17;2332.00;47
5902;15;623340816;5902;277;6785;6833;8.04;0.49;259.44;5.15;883;17;2333.00;48
5905;15;623340836;5905;282;6785;6833;7.99;0.49;259.47;5.15;880;17;2334.00;48
5907;15;623340849;5907;289;6785;6834;7.91;0.49;259.51;5.15;878;17;2335.00;49
5909;15;623340860;5909;296;6786;6834;7.76;0.48;259.57;5.16;877;17;2336.00;48
5915;15;623340873;5915;309;6786;6834;7.64;0.47;259.59;5.16;871;17;2337.00;48
5917;15;623340885;5917;313;6786;6834;7.54;0.46;259.56;5.16;869;17;2338.00;48
5919;15;623340896;5919;323;6787;6834;7.35;0.45;259.50;5.17;868;17;2339.00;47
5921;15;623340916;5921;331;6813;6870;7.33;0.45;259.49;5.15;892;17;2340.00;57
5922;15;623340932;5922;339;6816;6870;7.24;0.45;259.46;5.18;894;17;2341.00;54
5928;15;623340943;5928;344;6818;6870;7.18;0.44;259.32;5.18;890;17;2342.00;52
5928;15;623340954;5928;350;6820;6870;7.10;0.44;259.32;5.20;892;17;2343.00;50
5928;15;623340968;5928;357;6821;6870;7.02;0.43;259.32;5.20;893;17;2344.00;49
5929;15;623340979;5929;365;6821;6870;6.90;0.42;259.33;5.20;892;17;2345.00;49
5931;15;623340990;5931;372;6827;6874;6.79;0.42;259.29;5.22;896;17;2346.00;47
5936;15;623341000;5936;358;6827;6874;6.65;0.41;259.24;5.22;891;17;2347.00;47
5936;15;623341014;5936;358;6831;6878;6.67;0.41;259.24;5.22;895;17;2348.00;47
5937;15;623341025;5937;357;6834;6879;6.72;0.41;259.23;5.23;897;17;2349.00;45
5939;15;623341035;5939;359;6835;6879;6.67;0.41;259.20;5.24;896;17;2350.00;44
5941;15;623341046;5941;354;6837;6879;6.63;0.41;259.18;5.26;896;17;2351.00;42
5943;15;623341061;5943;359;6848;6892;6.66;0.41;259.25;5.25;905;17;2352.00;44
5944;15;623341072;5944;359;6850;6892;6.62;0.41;259.23;5.26;906;17;2353.00;42
5946;15;623341097;5946;360;6850;6892;6.55;0.40;259.24;5.26;904;17;2354.00;42
5947;15;623341107;5947;361;6853;6893;6.55;0.40;259.23;5.27;906;17;2355.00;40
5949;15;623341123;5949;365;6853;6894;6.49;0.40;259.25;5.27;904;17;2356.00;41
5951;15;623341133;5951;368;6855;6894;6.48;0.40;259.21;5.29;904;17;2357.00;39
5954;15;623341146;5954;371;6857;6897;6.48;0.40;259.12;5.29;903;17;2358.00;40
5955;15;623341161;5955;372;6859;6897;6.50;0.40;259.10;5.30;904;17;2359.00;38
5957;15;623341178;5957;368;6860;6897;6.44;0.39;259.07;5.30;903;17;2360.00;37
5957;15;623341190;5957;370;6862;6897;6.44;0.39;259.07;5.31;905;17;2361.00;35
5959;15;623341201;5959;361;6867;6903;6.46;0.39;259.01;5.30;908;17;2362.00;36
5960;15;623341213;5960;358;6867;6903;6.38;0.39;259.03;5.30;907;17;2363.00;36
5961;15;623341229;5961;358;6869;6903;6.33;0.39;259.05;5.31;908;17;2364.00;34
5963;15;623341240;5963;353;6869;6903;6.36;0.39;259.11;5.31;906;17;2365.00;34
5964;15;623341256;5964;353;6872;6907;6.30;0.39;259.17;5.31;908;17;2366.00;35
5964;15;623341266;5964;352;6875;6908;6.32;0.39;259.17;5.32;911;17;2367.00;33
5967;15;623341279;5967;352;6875;6908;6.34;0.39;259.11;5.32;908;17;2368.00;33
5969;15;623341297;5969;359;6878;6909;6.40;0.39;259.04;5.32;909;17;2369.00;31
5970;15;623341313;5970;361;6878;6909;6.36;0.39;259.01;5.32;908;17;2370.00;31
5971;15;623341329;5971;367;6880;6909;6.38;0.39;259.10;5.33;909;17;2371.00;29
5973;15;623341340;5973;372;6880;6909;6.40;0.39;259.05;5.33;907;17;2372.00;29
5979;15;623341351;5979;374;6880;6909;6.33;0.39;259.07;5.33;901;17;2373.00;29
5982;15;623341362;5982;368;6882;6909;6.28;0.38;259.10;5.33;900;17;2374.00;27
5985;15;623341373;5985;366;6882;6909;6.24;0.38;259.25;5.33;897;17;2375.00;27
5988;15;623341387;5988;383;6929;6979;6.33;0.39;259.30;5.29;941;17;2376.00;50
5992;15;623341404;5992;371;6931;6980;6.24;0.38;259.44;5.29;939;17;2377.00;49
5993;15;623341416;5993;370;6935;6980;6.21;0.38;259.47;5.29;942;17;2378.00;45
5997;15;623341427;5997;369;6937;6980;6.09;0.37;259.46;5.29;940;17;2379.00;43
5999;15;623341439;5999;364;6938;6980;6.07;0.37;259.52;5.29;939;17;2380.00;42
6003;15;623341450;6003;368;6939;6980;6.04;0.37;259.59;5.29;936;17;2381.00;41
6007;15;623341461;6007;364;6942;6980;6.01;0.37;259.68;5.29;935;17;2382.00;38
6011;15;623341480;6011;363;6942;6980;5.98;0.37;259.69;5.29;931;17;2383.00;38
6012;15;623341492;6012;359;6945;6981;5.98;0.37;259.66;5.29;933;17;2384.00;36
6013;15;623341503;6013;370;6948;6983;5.97;0.36;259.68;5.29;935;17;2385.00;35
6021;15;623341516;6021;369;6950;6983;5.97;0.36;259.74;5.29;929;17;2386.00;33
6024;15;623341528;6024;365;6957;6987;6.03;0.37;259.81;5.29;933;17;2387.00;30
6025;15;623341540;6025;371;6958;6987;6.06;0.37;259.84;5.29;933;17;2388.00;29
6028;15;623341551;6028;370;6959;6987;6.09;0.37;259.90;5.29;931;17;2389.00;28
6031;15;623341564;6031;368;6960;6987;6.09;0.37;260.02;5.29;929;17;2390.00;27
6031;15;623341582;6031;365;6966;6993;6.14;0.37;260.02;5.29;935;17;2391.00;27
6035;15;623341595;6035;355;6966;6993;6.17;0.38;260.10;5.29;931;17;2392.00;27
6037;15;623341613;6037;351;6966;6993;6.22;0.38;260.10;5.29;929;17;2393.00;27
6038;15;623341630;6038;346;6968;6996;6.38;0.39;260.12;5.29;930;17;2394.00;28
6041;15;623341648;6041;346;6968;6996;6.45;0.39;260.09;5.29;927;17;2395.00;28
6043;15;623341670;6043;340;6969;6996;6.51;0.40;260.13;5.29;926;17;2396.00;27
6049;15;623341691;6049;343;6970;6997;6.55;0.40;260.18;5.29;921;17;2397.00;27
6053;15;623341711;6053;343;6971;6998;6.57;0.40;260.13;5.29;918;17;2398.00;27
6058;15;623341731;6058;339;6971;6998;6.60;0.40;260.18;5.29;913;17;2399.00;27
6062;15;623341748;6062;345;6996;7057;6.73;0.41;260.18;5.27;934;17;2400.00;61
6063;15;623341779;6063;331;6998;7057;6.81;0.41;260.20;5.27;935;17;2401.00;59
6066;15;623341793;6066;331;7002;7057;6.80;0.41;260.35;5.33;936;17;2402.00;55
6071;15;623341808;6071;329;7004;7058;6.82;0.42;260.43;5.32;933;17;2403.00;54
6073;15;623341825;6073;327;7005;7058;6.83;0.42;260.51;5.32;932;17;2404.00;53
6079;15;623341839;6079;330;7008;7062;6.84;0.42;260.71;5.32;929;17;2405.00;54
6083;15;623341854;6083;323;7011;7062;6.81;0.42;260.77;5.32;928;17;2406.00;51
6086;15;623341869;6086;325;7015;7066;6.83;0.42;260.90;5.32;929;17;2407.00;51
6089;15;623341883;6089;319;7015;7066;6.88;0.42;260.96;5.32;926;17;2408.00;51
6094;15;623341896;6094;319;7016;7066;6.87;0.42;261.16;5.32;922;17;2409.00;50
6095;15;623341910;6095;317;7016;7066;6.89;0.42;261.16;5.32;921;17;2410.00;50
6098;15;623341923;6098;320;7016;7066;6.88;0.42;261.24;5.32;918;17;2411.00;50
6100;15;623341938;6100;317;7026;7078;6.97;0.43;261.30;5.32;926;17;2412.00;52
6104;15;623341955;6104;311;7027;7078;7.02;0.43;261.32;5.32;923;17;2413.00;51
6108;15;623341970;6108;313;7029;7078;7.09;0.43;261.45;5.32;921;17;2414.00;49
6113;15;623341984;6113;312;7029;7078;7.13;0.44;261.52;5.32;916;17;2415.00;49
6118;15;623342001;6118;309;7029;7078;7.18;0.44;261.47;5.32;911;17;2416.00;49
6123;15;623342017;6123;308;7031;7078;7.25;0.44;261.59;5.32;908;17;2417.00;47
6128;15;623342033;6128;310;7031;7079;7.28;0.44;261.68;5.32;903;17;2418.00;48
6134;15;623342049;6134;312;7034;7079;7.29;0.44;261.73;5.39;900;17;2419.00;45
6139;15;623342064;6139;312;7039;7085;7.34;0.45;261.84;5.39;900;17;2420.00;46
6144;15;623342081;6144;302;7040;7086;7.33;0.45;261.88;5.38;896;17;2421.00;46
6148;15;623342107;6148;300;7041;7086;7.25;0.44;261.94;5.39;893;17;2422.00;45
6151;15;623342124;6151;297;7041;7086;7.17;0.44;261.93;5.39;890;17;2423.00;45
6155;15;623342140;6155;295;7043;7090;7.18;0.44;261.99;5.39;888;17;2424.00;47
6159;15;623342159;6159;296;7044;7090;7.05;0.43;262.12;5.39;885;17;2425.00;46
6162;15;623342186;6162;300;7046;7090;6.96;0.42;262.13;5.39;884;17;2426.00;44
6165;15;623342201;6165;286;7047;7091;6.95;0.42;262.15;5.39;882;17;2427.00;44
6171;15;623342217;6171;281;7050;7095;6.93;0.42;262.35;5.39;879;17;2428.00;45
6174;15;623342233;6174;281;7050;7095;6.98;0.42;262.42;5.39;876;17;2429.00;45
6176;15;623342250;6176;277;7055;7101;7.10;0.43;262.42;5.38;879;17;2430.00;46
6182;15;623342272;6182;268;7056;7101;7.11;0.43;262.51;5.39;874;17;2431.00;45
6186;15;623342289;6186;268;7057;7101;7.15;0.43;262.51;5.39;871;17;2432.00;44
6188;15;623342303;6188;269;7058;7101;7.19;0.44;262.53;5.45;870;17;2433.00;43
6190;16;623342318;6190;270;7062;7105;7.30;0.44;262.59;5.44;872;18;2434.00;43
6192;16;623342357;6192;269;7062;7105;7.35;0.45;262.65;5.44;870;18;2435.00;43
6196;16;623342374;6196;259;7062;7105;7.37;0.45;262.65;5.44;866;18;2436.00;43
6198;16;623342388;6198;252;7063;7105;7.38;0.45;262.65;5.45;865;18;2437.00;42
6199;16;623342407;6199;242;7063;7106;7.38;0.45;262.69;5.45;864;18;2438.00;43
6201;16;623342419;6201;237;7065;7107;7.42;0.45;262.70;5.51;864;18;2439.00;42
6205;16;623342431;6205;231;7065;7107;7.44;0.45;262.75;5.51;860;18;2440.00;42
6209;16;623342443;6209;221;7066;7108;7.48;0.46;262.75;5.51;857;18;2441.00;42
6212;16;623342455;6212;223;7067;7108;7.54;0.46;262.84;5.51;855;18;2442.00;41
6215;16;623342467;6215;218;7067;7108;7.56;0.46;262.91;5.51;852;18;2443.00;41
6217;16;623342480;6217;216;7067;7108;7.62;0.47;262.95;5.51;850;18;2444.00;41
6219;16;623342492;6219;212;7068;7108;7.72;0.47;263.01;5.56;849;18;2445.00;40
6222;16;623342504;6222;207;7068;7108;7.78;0.48;263.08;5.56;846;18;2446.00;40
6226;16;623342517;6226;209;7068;7108;7.81;0.48;263.05;5.56;842;18;2447.00;40
6229;16;623342528;6229;222;7135;7235;7.83;0.49;263.07;5.56;906;18;2448.00;100
6231;16;623342550;6231;212;7136;7236;7.87;0.49;263.07;5.56;905;18;2449.00;100
6236;16;623342562;6236;208;7142;7236;8.05;0.50;263.17;5.55;906;18;2450.00;94
6238;16;623342574;6238;206;7144;7236;8.15;0.50;263.20;5.59;906;18;2451.00;92
6239;16;623342586;6239;203;7149;7236;8.21;0.51;263.20;5.59;910;18;2452.00;87
6243;16;623342600;6243;204;7151;7236;8.29;0.51;263.38;5.59;908;18;2453.00;85
6244;16;623342613;6244;199;7160;7236;8.30;0.51;263.40;5.64;916;18;2454.00;76
6245;16;623342634;6245;206;7163;7236;8.36;0.51;263.41;5.64;918;18;2455.00;73
6246;16;623342647;6246;203;7167;7237;8.36;0.51;263.42;5.68;921;18;2456.00;70
6246;16;623342660;6246;203;7172;7238;8.38;0.51;263.42;5.69;926;18;2457.00;66
6249;16;623342672;6249;195;7174;7238;8.38;0.51;263.34;5.69;925;18;2458.00;64
6253;16;623342684;6253;194;7176;7239;8.41;0.51;263.44;5.69;923;18;2459.00;63
6253;16;623342697;6253;197;7178;7239;8.50;0.52;263.44;5.70;925;18;2460.00;61
6257;16;623342709;6257;196;7180;7239;8.53;0.52;263.40;5.70;923;18;2461.00;59
6259;16;623342720;6259;203;7182;7239;8.55;0.52;263.42;5.74;923;18;2462.00;57
6261;16;623342738;6261;214;7187;7243;8.59;0.53;263.43;5.74;926;18;2463.00;56
6263;16;623342750;6263;215;7189;7243;8.64;0.53;263.54;5.75;926;18;2464.00;54
6266;16;623342761;6266;221;7193;7243;8.63;0.53;263.57;5.76;927;18;2465.00;50
6269;16;623342773;6269;228;7195;7246;8.56;0.52;263.66;5.76;926;18;2466.00;51
6271;16;623342785;6271;228;7197;7246;8.54;0.52;263.72;5.76;926;18;2467.00;49
6273;16;623342797;6273;235;7197;7246;8.57;0.52;263.81;5.76;924;18;2468.00;49
6279;16;623342813;6279;236;7203;7250;8.55;0.52;263.84;5.77;924;18;2469.00;47
6284;16;623342826;6284;235;7204;7251;8.56;0.52;263.85;5.77;920;18;2470.00;47
6288;16;623342838;6288;238;7206;7251;8.62;0.52;263.88;5.77;918;18;2471.00;45
6289;16;623342849;6289;242;7207;7255;8.71;0.53;263.88;5.77;918;18;2472.00;48
6292;16;623342861;6292;242;7209;7255;8.67;0.53;263.88;5.81;917;18;2473.00;46
6296;16;623342882;6296;246;7209;7255;8.72;0.53;263.87;5.81;913;18;2474.00;46
6298;16;623342894;6298;252;7211;7257;8.75;0.53;263.91;5.81;913;18;2475.00;46
6301;16;623342906;6301;259;7211;7257;8.72;0.53;263.96;5.81;910;18;2476.00;46
6303;16;623342917;6303;258;7216;7263;8.64;0.53;263.94;5.80;913;18;2477.00;47
6305;16;623342928;6305;264;7216;7263;8.60;0.52;263.95;5.80;911;18;2478.00;47
6311;16;623342939;6311;261;7216;7264;8.54;0.52;263.89;5.80;905;18;2479.00;48
6314;16;623342950;6314;268;7216;7264;8.50;0.52;263.82;5.80;902;18;2480.00;48
6318;16;623342961;6318;268;7216;7264;8.42;0.51;263.90;5.80;898;18;2481.00;48
6319;16;623342972;6319;265;7216;7264;8.31;0.51;263.87;5.80;897;18;2482.00;48
6322;16;623342983;6322;266;7217;7264;8.22;0.50;263.84;5.85;895;18;2483.00;47
6325;16;623342993;6325;256;7227;7276;8.17;0.50;263.81;5.84;902;18;2484.00;49
6327;16;623343005;6327;257;7230;7276;8.12;0.49;263.83;5.86;903;18;2485.00;46
6330;16;623343016;6330;260;7230;7276;8.04;0.49;263.81;5.86;900;18;2486.00;46
6332;16;623343026;6332;263;7230;7276;8.04;0.49;263.78;5.86;898;18;2487.00;46
6334;16;623343036;6334;269;7230;7276;7.99;0.49;263.77;5.86;896;18;2488.00;46
6337;16;623343046;6337;270;7230;7276;7.98;0.48;263.70;5.86;893;18;2489.00;46
6339;16;623343058;6339;277;7233;7280;7.96;0.48;263.67;5.86;894;18;2490.00;47
6341;16;623343069;6341;276;7233;7280;7.94;0.48;263.65;5.86;892;18;2491.00;47
6343;16;623343079;6343;279;7237;7284;7.96;0.48;263.59;5.85;894;18;2492.00;47
6346;16;623343089;6346;278;7238;7285;7.98;0.48;263.55;5.85;892;18;2493.00;47
6347;16;623343100;6347;273;7238;7285;8.02;0.49;263.55;5.85;891;18;2494.00;47
6348;16;623343110;6348;274;7239;7285;8.01;0.49;263.56;5.86;891;18;2495.00;46
6349;16;623343120;6349;277;7248;7298;7.99;0.49;263.53;5.86;899;18;2496.00;50
6351;16;623343130;6351;282;7248;7298;8.01;0.49;263.49;5.86;897;18;2497.00;50
6354;16;623343141;6354;288;7248;7298;7.95;0.48;263.48;5.86;894;18;2498.00;50
6356;16;623343150;6356;277;7249;7299;7.95;0.48;263.46;5.86;893;18;2499.00;50
6358;16;623343161;6358;273;7249;7300;7.99;0.49;263.46;5.86;891;18;2500.00;51
6361;16;623343176;6361;264;7251;7300;8.00;0.49;263.44;5.88;890;18;2501.00;49
6366;16;623343186;6366;264;7253;7303;8.01;0.49;263.49;5.87;887;18;2502.00;50
6368;16;623343202;6368;264;7255;7303;8.07;0.49;263.48;5.88;887;18;2503.00;48
6371;16;623343212;6371;266;7256;7303;8.07;0.49;263.43;5.89;885;18;2504.00;47
6374;16;623343223;6374;263;7257;7303;8.13;0.49;263.50;5.89;883;18;2505.00;46
6375;16;623343233;6375;264;7263;7309;8.23;0.50;263.49;5.89;888;18;2506.00;46
6376;16;623343244;6376;266;7263;7309;8.25;0.50;263.51;5.89;887;18;2507.00;46
6378;16;623343255;6378;268;7263;7309;8.25;0.50;263.52;5.89;885;18;2508.00;46
6378;16;623343265;6378;261;7265;7309;8.25;0.50;263.52;5.90;887;18;2509.00;44
6378;16;623343275;6378;263;7268;7313;8.22;0.50;263.52;5.89;890;18;2510.00;45
6380;16;623343291;6380;267;7269;7314;8.23;0.50;263.48;5.89;889;18;2511.00;45
6380;16;623343301;6380;268;7271;7314;8.25;0.50;263.48;5.92;891;18;2512.00;43
6380;16;623343316;6380;268;7273;7315;8.20;0.50;263.48;5.93;893;18;2513.00;42
6383;16;623343326;6383;272;7275;7315;8.13;0.49;263.50;5.95;892;18;2514.00;40
6386;16;623343336;6386;277;7276;7315;8.04;0.49;263.49;5.96;890;18;2515.00;39
6387;16;623343347;6387;274;7277;7315;8.00;0.49;263.46;5.97;890;18;2516.00;38
6390;16;623343357;6390;278;7279;7315;7.92;0.48;263.44;5.99;889;18;2517.00;36
6391;16;623343380;6391;277;7279;7315;7.89;0.48;263.42;5.99;888;18;2518.00;36
6392;16;623343390;6392;281;7280;7315;7.79;0.48;263.40;6.00;888;18;2519.00;35
6392;16;623343402;6392;295;7335;7440;7.89;0.49;263.40;5.95;943;18;2520.00;105
6395;16;623343421;6395;286;7342;7441;7.82;0.48;263.46;5.96;947;18;2521.00;99
6399;16;623343431;6399;283;7355;7441;7.78;0.48;263.46;5.96;956;18;2522.00;86
6402;16;623343442;6402;290;7358;7441;7.74;0.48;263.40;5.96;956;18;2523.00;83
6404;16;623343452;6404;297;7364;7441;7.70;0.47;263.37;5.97;960;18;2524.00;77
6404;16;623343462;6404;296;7368;7441;7.63;0.47;263.37;5.97;964;18;2525.00;73
6406;16;623343473;6406;299;7373;7441;7.54;0.46;263.34;5.97;967;18;2526.00;68
6407;16;623343484;6407;304;7377;7441;7.46;0.46;263.36;5.98;970;18;2527.00;64
6408;16;623343494;6408;307;7383;7442;7.40;0.45;263.32;5.98;975;18;2528.00;59
6410;16;623343504;6410;309;7390;7443;7.35;0.45;263.38;5.99;980;18;2529.00;53
6412;16;623343516;6412;313;7394;7443;7.28;0.45;263.46;5.99;982;18;2530.00;49
6413;16;623343526;6413;313;7400;7447;7.23;0.45;263.42;5.99;987;18;2531.00;47
6416;16;623343538;6416;316;7402;7447;7.18;0.44;263.48;6.00;986;18;2532.00;45
6421;16;623343548;6421;321;7402;7447;7.10;0.44;263.49;6.00;981;18;2533.00;45
6423;16;623343559;6423;318;7403;7447;7.09;0.43;263.48;6.01;980;18;2534.00;44
6426;16;623343569;6426;316;7409;7453;7.07;0.43;263.51;6.01;983;18;2535.00;44
6429;16;623343580;6429;316;7409;7453;7.05;0.43;263.51;6.01;980;18;2536.00;44
6429;16;623343592;6429;327;7411;7455;7.02;0.43;263.51;6.01;982;18;2537.00;44
6433;16;623343602;6433;322;7414;7458;6.95;0.43;263.71;6.01;981;18;2538.00;44
6435;16;623343618;6435;330;7415;7458;6.90;0.42;263.71;6.02;980;18;2539.00;43
6436;16;623343635;6436;338;7417;7458;6.79;0.42;263.73;6.03;981;18;2540.00;41
6439;16;623343661;6439;346;7418;7459;6.68;0.41;263.81;6.04;979;18;2541.00;41
6443;16;623343678;6443;351;7420;7460;6.54;0.40;263.77;6.04;977;18;2542.00;40
6444;16;623343695;6444;361;7420;7460;6.47;0.40;263.77;6.04;976;18;2543.00;40
6447;16;623343711;6447;362;7431;7473;6.39;0.39;263.81;6.03;984;18;2544.00;42
6451;16;623343727;6451;371;7433;7473;6.33;0.39;263.80;6.04;982;18;2545.00;40
6454;16;623343739;6454;366;7434;7473;6.35;0.39;263.80;6.04;980;18;2546.00;39
6457;16;623343750;6457;370;7435;7474;6.32;0.39;263.83;6.04;978;18;2547.00;39
6462;16;623343762;6462;373;7436;7474;6.20;0.38;263.96;6.04;974;18;2548.00;38
6467;16;623343774;6467;371;7441;7478;6.15;0.38;263.92;6.04;974;18;2549.00;37
6468;16;623343787;6468;368;7445;7481;6.11;0.38;263.94;6.05;977;18;2550.00;36
6473;16;623343799;6473;365;7450;7485;6.03;0.37;264.03;6.05;977;18;2551.00;35
6476;16;623343811;6476;356;7450;7485;6.00;0.37;264.07;6.05;974;18;2552.00;35
6481;16;623343822;6481;355;7451;7485;5.99;0.37;264.13;6.05;970;18;2553.00;34
6484;16;623343834;6484;357;7451;7485;5.97;0.37;264.20;6.05;967;18;2554.00;34
6487;16;623343846;6487;348;7453;7485;5.93;0.36;264.22;6.05;966;18;2555.00;32
6492;16;623343857;6492;353;7464;7497;6.02;0.37;264.35;6.04;972;18;2556.00;33
6496;16;623343870;6496;343;7465;7497;6.02;0.37;264.51;6.04;969;18;2557.00;32
6501;16;623343881;6501;342;7465;7497;6.08;0.37;264.51;6.04;964;18;2558.00;32
6503;16;623343892;6503;336;7465;7497;6.15;0.38;264.55;6.04;962;18;2559.00;32
6507;16;623343903;6507;329;7465;7497;6.21;0.38;264.59;6.04;958;18;2560.00;32
6512;16;623343915;6512;332;7465;7497;6.24;0.38;264.77;6.04;953;18;2561.00;32
6516;16;623343927;6516;324;7466;7498;6.26;0.39;264.79;6.04;950;18;2562.00;32
6520;16;623343938;6520;330;7466;7498;6.34;0.39;264.87;6.04;946;18;2563.00;32
6522;16;623343950;6522;326;7471;7504;6.51;0.40;264.95;6.03;949;18;2564.00;33
6529;16;623343962;6529;327;7473;7506;6.56;0.40;265.05;6.03;944;18;2565.00;33
6532;16;623343976;6532;325;7473;7506;6.67;0.41;265.03;6.03;941;18;2566.00;33
6536;16;623343988;6536;319;7473;7506;6.75;0.42;265.07;6.03;937;18;2567.00;33
6539;16;623343999;6539;320;7476;7510;6.81;0.42;265.02;6.03;937;18;2568.00;34
6543;16;623344011;6543;322;7476;7510;6.83;0.42;265.03;6.03;933;18;2569.00;34
6548;16;623344023;6548;314;7476;7510;6.85;0.42;265.10;6.03;928;18;2570.00;34
6550;16;623344034;6550;315;7477;7511;6.95;0.43;265.12;6.03;927;18;2571.00;34
6555;16;623344045;6555;320;7480;7515;7.03;0.43;265.04;6.03;925;18;2572.00;35
6559;16;623344058;6559;317;7480;7515;7.06;0.43;265.20;6.03;921;18;2573.00;35
6565;16;623344070;6565;322;7482;7518;7.03;0.43;265.23;6.02;917;18;2574.00;36
6568;16;623344081;6568;325;7482;7518;7.01;0.43;265.20;6.02;914;18;2575.00;36
6571;16;623344092;6571;330;7483;7518;7.01;0.43;265.29;6.02;912;18;2576.00;35
6575;16;623344104;6575;326;7483;7518;6.96;0.43;265.29;6.02;908;18;2577.00;35
6578;16;623344115;6578;324;7487;7522;6.97;0.43;265.33;6.02;909;18;2578.00;35
6582;16;623344127;6582;322;7487;7522;6.94;0.42;265.41;6.02;905;18;2579.00;35
6588;16;623344141;6588;317;7487;7522;6.87;0.42;265.47;6.02;899;18;2580.00;35
6590;16;623344153;6590;317;7487;7522;6.88;0.42;265.43;6.02;897;18;2581.00;35
6595;16;623344164;6595;316;7487;7523;6.84;0.42;265.48;6.02;892;18;2582.00;36
6601;16;623344175;6601;317;7488;7524;6.82;0.42;265.54;6.02;887;18;2583.00;36
6604;16;623344188;6604;317;7488;7524;6.85;0.42;265.53;6.02;884;18;2584.00;36
6610;16;623344198;6610;310;7489;7525;6.88;0.42;265.65;6.02;879;18;2585.00;36
6614;16;623344210;6614;306;7489;7525;6.90;0.42;265.66;6.02;875;18;2586.00;36
6616;16;623344220;6616;314;7489;7525;6.91;0.42;265.74;6.02;873;18;2587.00;36
6620;16;623344232;6620;318;7489;7525;6.94;0.42;265.81;6.02;869;18;2588.00;36
6625;16;623344243;6625;319;7489;7525;6.91;0.42;265.92;6.02;864;18;2589.00;36
6631;16;623344255;6631;321;7489;7525;6.80;0.42;266.05;6.02;858;18;2590.00;36
6633;16;623344266;6633;318;7489;7525;6.80;0.42;266.05;6.02;856;18;2591.00;36
6638;16;623344277;6638;339;7561;7652;7.02;0.44;266.25;5.96;923;18;2592.00;91
6643;16;623344297;6643;326;7563;7653;7.01;0.44;266.26;5.96;920;18;2593.00;90
6648;16;623344309;6648;330;7568;7653;7.07;0.44;266.33;5.96;920;18;2594.00;85
6653;16;623344321;6653;334;7568;7653;7.06;0.44;266.39;5.96;915;18;2595.00;85
6656;16;623344332;6656;339;7572;7653;7.07;0.44;266.39;5.96;916;18;2596.00;81
6658;16;623344344;6658;329;7574;7653;7.09;0.44;266.39;5.96;916;18;2597.00;79
6661;16;623344355;6661;329;7576;7653;7.09;0.44;266.51;5.96;915;18;2598.00;77
6666;16;623344367;6666;320;7578;7653;7.10;0.44;266.52;5.96;912;18;2599.00;75
6668;16;623344379;6668;322;7579;7654;7.16;0.44;266.52;5.96;911;18;2600.00;75
6673;16;623344395;6673;323;7583;7655;7.22;0.44;266.67;5.96;910;18;2601.00;72
6674;16;623344409;6674;327;7586;7655;7.28;0.45;266.72;6.02;912;18;2602.00;69
6678;16;623344421;6678;324;7588;7656;7.31;0.45;266.73;6.02;910;18;2603.00;68
6681;16;623344433;6681;331;7591;7656;7.29;0.45;266.70;6.02;910;18;2604.00;65
6683;16;623344445;6683;335;7592;7656;7.27;0.44;266.71;6.02;909;18;2605.00;64
6685;16;623344457;6685;327;7595;7656;7.29;0.45;266.69;6.03;910;18;2606.00;61
6686;16;623344469;6686;320;7601;7660;7.33;0.45;266.69;6.03;915;18;2607.00;59
6688;16;623344481;6688;305;7603;7660;7.34;0.45;266.69;6.03;915;18;2608.00;57
6691;16;623344494;6691;297;7606;7660;7.34;0.45;266.67;6.03;915;18;2609.00;54
6692;16;623344508;6692;297;7610;7666;7.35;0.45;266.73;6.04;918;18;2610.00;56
6695;16;623344521;6695;295;7612;7666;7.34;0.45;266.75;6.04;917;18;2611.00;54
6698;16;623344534;6698;290;7614;7666;7.32;0.45;266.77;6.04;916;18;2612.00;52
6703;16;623344545;6703;282;7620;7670;7.36;0.45;266.82;6.04;917;18;2613.00;50
6705;16;623344558;6705;280;7621;7671;7.44;0.45;266.83;6.04;916;18;2614.00;50
6708;16;623344571;6708;274;7622;7671;7.52;0.46;266.77;6.04;914;18;2615.00;49
6712;16;623344583;6712;276;7625;7675;7.55;0.46;266.79;6.04;913;18;2616.00;50
6713;16;623344596;6713;279;7627;7675;7.65;0.47;266.76;6.04;914;18;2617.00;48
6715;16;623344611;6715;279;7627;7675;7.76;0.47;266.77;6.04;912;18;2618.00;48
6719;16;623344627;6719;283;7628;7676;7.82;0.48;266.78;6.04;909;18;2619.00;48
6720;16;623344640;6720;284;7628;7676;7.90;0.48;266.86;6.04;908;18;2620.00;48
6723;16;623344652;6723;285;7633;7682;7.96;0.48;266.84;6.03;910;18;2621.00;49
6724;16;623344665;6724;277;7633;7682;8.04;0.49;266.83;6.03;909;18;2622.00;49
6725;16;623344677;6725;278;7633;7683;8.07;0.49;266.85;6.03;908;18;2623.00;50
6729;16;623344689;6729;270;7633;7683;8.07;0.49;266.84;6.03;904;18;2624.00;50
6730;16;623344702;6730;260;7634;7683;8.06;0.49;266.89;6.09;904;18;2625.00;49
6734;16;623344714;6734;264;7634;7683;8.02;0.49;266.86;6.09;900;18;2626.00;49
6735;16;623344728;6735;265;7634;7683;8.03;0.49;266.85;6.09;899;18;2627.00;49
6738;16;623344740;6738;270;7643;7695;8.04;0.49;266.95;6.09;905;18;2628.00;52
6740;16;623344753;6740;269;7643;7695;8.00;0.49;266.92;6.09;903;18;2629.00;52
6742;16;623344771;6742;268;7645;7695;8.03;0.49;266.93;6.09;903;18;2630.00;50
6744;16;623344784;6744;262;7645;7695;8.04;0.49;266.96;6.09;901;18;2631.00;50
6747;16;623344795;6747;263;7645;7695;8.02;0.49;266.92;6.09;898;18;2632.00;50
6748;16;623344806;6748;269;7645;7695;8.02;0.49;266.92;6.09;897;18;2633.00;50
6751;16;623344816;6751;270;7648;7699;8.01;0.49;266.87;6.08;897;18;2634.00;51
6751;16;623344827;6751;268;7648;7699;8.01;0.49;266.87;6.08;897;18;2635.00;51
6752;16;623344838;6752;265;7652;7703;8.05;0.49;266.86;6.08;900;18;2636.00;51
6753;16;623344850;6753;266;7653;7704;8.09;0.49;266.87;6.08;900;18;2637.00;51
6755;16;623344860;6755;272;7653;7704;8.07;0.49;266.83;6.08;898;18;2638.00;51
6756;16;623344871;6756;269;7653;7704;8.04;0.49;266.80;6.08;897;18;2639.00;51
6758;16;623344884;6758;275;7675;7733;8.04;0.49;266.75;6.06;917;18;2640.00;58
6760;16;623344897;6760;270;7675;7733;8.07;0.49;266.72;6.06;915;18;2641.00;58
6766;16;623344908;6766;269;7677;7733;8.10;0.49;266.63;6.06;911;18;2642.00;56
6769;16;623344919;6769;274;7679;7734;8.15;0.50;266.68;6.06;910;18;2643.00;55
6771;16;623344930;6771;275;7680;7735;8.20;0.50;266.67;6.12;909;18;2644.00;55
6774;16;623344941;6774;275;7680;7735;8.16;0.50;266.67;6.12;906;18;2645.00;55
6775;16;623344952;6775;284;7682;7738;8.20;0.50;266.66;6.12;907;18;2646.00;56
6778;16;623344963;6778;289;7682;7738;8.18;0.50;266.64;6.12;904;18;2647.00;56
6781;16;623344974;6781;290;7683;7738;8.19;0.50;266.58;6.12;902;18;2648.00;55
6783;16;623344985;6783;286;7683;7738;8.17;0.50;266.58;6.12;900;18;2649.00;55
6785;16;623344995;6785;291;7688;7744;8.14;0.49;266.58;6.12;903;18;2650.00;56
6785;16;623345007;6785;278;7688;7744;8.13;0.49;266.58;6.12;903;18;2651.00;56
6786;16;623345017;6786;267;7688;7744;8.16;0.50;266.59;6.12;902;18;2652.00;56
6789;16;623345032;6789;261;7688;7744;8.16;0.50;266.56;6.12;899;18;2653.00;56
6791;16;623345043;6791;257;7691;7748;8.16;0.50;266.52;6.12;900;18;2654.00;57
6792;16;623345053;6792;255;7694;7750;8.21;0.50;266.48;6.13;902;18;2655.00;56
6795;16;623345066;6795;252;7695;7750;8.20;0.50;266.46;6.14;900;18;2656.00;55
6799;16;623345076;6799;250;7696;7751;8.17;0.50;266.47;6.14;897;18;2657.00;55
6800;16;623345092;6800;248;7696;7751;8.19;0.50;266.45;6.14;896;18;2658.00;55
6802;16;623345102;6802;243;7696;7751;8.20;0.50;266.40;6.14;894;18;2659.00;55
6803;16;623345112;6803;240;7696;7751;8.19;0.50;266.37;6.14;893;18;2660.00;55
6804;16;623345121;6804;240;7696;7751;8.18;0.50;266.36;6.14;892;18;2661.00;55
6808;16;623345132;6808;236;7696;7751;8.18;0.50;266.31;6.14;888;18;2662.00;55
6811;16;623345143;6811;237;7696;7751;8.23;0.50;266.29;6.14;885;18;2663.00;55
6813;16;623345153;6813;239;7731;7821;8.39;0.51;266.28;6.11;918;18;2664.00;90
6816;16;623345169;6816;242;7732;7822;8.38;0.51;266.24;6.11;916;18;2665.00;90
6820;16;623345180;6820;240;7741;7822;8.38;0.51;266.12;6.10;921;18;2666.00;81
6820;16;623345191;6820;244;7743;7822;8.33;0.51;266.12;6.10;923;18;2667.00;79
6821;16;623345202;6821;242;7747;7822;8.32;0.51;266.11;6.10;926;18;2668.00;75
6822;16;623345213;6822;247;7748;7822;8.37;0.51;266.10;6.10;926;18;2669.00;74
6823;16;623345225;6823;250;7752;7822;8.31;0.50;266.07;6.10;929;18;2670.00;70
6825;16;623345235;6825;250;7753;7822;8.35;0.51;266.09;6.10;928;18;2671.00;69
6827;16;623345246;6827;259;7754;7823;8.28;0.50;266.15;6.10;927;18;2672.00;69
6833;16;623345262;6833;254;7756;7824;8.17;0.50;266.09;6.10;923;18;2673.00;68
6833;16;623345274;6833;253;7758;7824;8.17;0.50;266.09;6.10;925;18;2674.00;66
6834;16;623345284;6834;256;7764;7828;8.08;0.49;266.08;6.11;930;18;2675.00;64
6839;16;623345296;6839;263;7766;7828;8.02;0.49;266.06;6.11;927;18;2676.00;62
6841;16;623345307;6841;266;7767;7828;7.99;0.49;266.03;6.11;926;18;2677.00;61
6844;16;623345317;6844;273;7768;7828;7.93;0.48;266.10;6.11;924;18;2678.00;60
6847;16;623345333;6847;279;7773;7834;7.93;0.48;266.14;6.11;926;18;2679.00;61
6849;16;623345345;6849;282;7775;7834;7.89;0.48;266.11;6.13;926;18;2680.00;59
6849;16;623345355;6849;291;7775;7834;7.88;0.48;266.11;6.13;926;18;2681.00;59
6850;16;623345366;6850;287;7778;7837;7.83;0.48;266.10;6.14;928;18;2682.00;59
6851;16;623345377;6851;292;7779;7837;7.81;0.48;266.10;6.15;928;18;2683.00;58
6854;16;623345388;6854;297;7780;7837;7.76;0.47;266.15;6.15;926;18;2684.00;57
6857;16;623345399;6857;297;7780;7838;7.70;0.47;266.27;6.15;923;18;2685.00;58
6858;16;623345410;6858;299;7783;7839;7.67;0.47;266.26;6.17;925;18;2686.00;56
6861;16;623345421;6861;299;7783;7839;7.61;0.46;266.30;6.17;922;18;2687.00;56
6862;17;623345431;6862;310;7795;7852;7.59;0.46;266.27;6.18;933;19;2688.00;57
6864;17;623345455;6864;314;7796;7852;7.52;0.46;266.36;6.18;932;19;2689.00;56
6864;17;623345469;6864;326;7798;7852;7.43;0.45;266.36;6.19;934;19;2690.00;54
6866;17;623345479;6866;337;7799;7853;7.36;0.45;266.43;6.19;933;19;2691.00;54
6866;17;623345490;6866;344;7801;7853;7.26;0.44;266.43;6.22;935;19;2692.00;52
6869;17;623345500;6869;350;7806;7857;7.20;0.44;266.56;6.23;937;19;2693.00;51
6872;17;623345511;6872;354;7807;7857;7.09;0.43;266.57;6.24;935;19;2694.00;50
6873;17;623345522;6873;361;7812;7861;6.99;0.43;266.56;6.24;939;19;2695.00;49
6877;17;623345532;6877;368;7812;7861;6.93;0.42;266.58;6.24;935;19;2696.00;49
6879;17;623345543;6879;380;7812;7861;6.89;0.42;266.70;6.24;933;19;2697.00;49
6880;17;623345553;6880;385;7813;7861;6.84;0.42;266.67;6.25;933;19;2698.00;48
6884;17;623345563;6884;381;7813;7861;6.73;0.41;266.76;6.25;929;19;2699.00;48
6886;17;623345575;6886;381;7843;7910;6.85;0.42;266.76;6.26;957;19;2700.00;67
6888;17;623345594;6888;381;7844;7910;6.78;0.42;266.74;6.26;956;19;2701.00;66
6891;17;623345605;6891;378;7849;7910;6.71;0.41;266.72;6.27;958;19;2702.00;61
6893;17;623345625;6893;377;7849;7910;6.62;0.41;266.78;6.27;956;19;2703.00;61
6893;17;623345645;6893;381;7853;7910;6.56;0.40;266.78;6.28;960;19;2704.00;57
6896;17;623345661;6896;375;7853;7910;6.52;0.40;266.80;6.28;957;19;2705.00;57
6898;17;623345679;6898;370;7854;7911;6.45;0.40;266.83;6.28;956;19;2706.00;57
6898;17;623345696;6898;367;7857;7911;6.45;0.40;266.83;6.29;959;19;2707.00;54
6902;17;623345711;6902;366;7862;7917;6.47;0.40;266.84;6.29;960;19;2708.00;55
6903;17;623345728;6903;360;7865;7918;6.44;0.40;266.82;6.29;962;19;2709.00;53
6905;17;623345741;6905;364;7865;7918;6.47;0.40;266.81;6.29;960;19;2710.00;53
6907;17;623345752;6907;362;7868;7918;6.45;0.40;266.80;6.29;961;19;2711.00;50
6909;17;623345764;6909;367;7871;7922;6.48;0.40;266.82;6.29;962;19;2712.00;51
6914;17;623345776;6914;370;7872;7922;6.39;0.39;266.77;6.29;958;19;2713.00;50
6918;17;623345788;6918;370;7874;7922;6.32;0.39;266.87;6.29;956;19;2714.00;48
6924;17;623345807;6924;371;7875;7923;6.28;0.39;266.88;6.29;951;19;2715.00;48
6927;17;623345833;6927;377;7879;7927;6.22;0.38;266.92;6.29;952;19;2716.00;48
6932;17;623345845;6932;375;7880;7927;6.18;0.38;267.01;6.29;948;19;2717.00;47
6935;17;623345856;6935;382;7885;7930;6.15;0.38;267.11;6.29;950;19;2718.00;45
6938;17;623345867;6938;387;7886;7930;6.10;0.38;267.19;6.29;948;19;2719.00;44
6947;17;623345878;6947;379;7888;7930;5.98;0.37;267.33;6.29;941;19;2720.00;42
6952;17;623345889;6952;378;7888;7930;5.95;0.36;267.58;6.29;936;19;2721.00;42
6955;18;623345899;6955;381;7891;7934;5.94;0.36;267.70;6.29;936;20;2722.00;43
6958;18;623345935;6958;377;7892;7934;5.95;0.36;267.76;6.29;934;20;2723.00;42
6963;18;623345946;6963;383;7893;7934;5.97;0.37;267.88;6.30;930;20;2724.00;41
6965;18;623345964;6965;387;7893;7934;5.97;0.37;267.92;6.30;928;20;2725.00;41
6967;18;623345975;6967;385;7894;7935;5.98;0.37;267.94;6.30;927;20;2726.00;41
6970;18;623345985;6970;386;7895;7936;6.02;0.37;268.09;6.29;925;20;2727.00;41
6972;18;623345995;6972;380;7895;7936;6.08;0.37;268.13;6.29;923;20;2728.00;41
6977;18;623346006;6977;378;7898;7937;6.10;0.38;268.13;6.30;921;20;2729.00;39
6981;18;623346019;6981;369;7898;7937;6.11;0.38;268.23;6.30;917;20;2730.00;39
6982;18;623346029;6982;364;7898;7937;6.14;0.38;268.26;6.30;916;20;2731.00;39
6984;18;623346039;6984;361;7900;7937;6.21;0.38;268.33;6.30;916;20;2732.00;37
6990;18;623346048;6990;363;7900;7937;6.22;0.38;268.30;6.30;910;20;2733.00;37
6993;18;623346059;6993;353;7900;7937;6.26;0.38;268.36;6.30;907;20;2734.00;37
6998;18;623346069;6998;357;7901;7937;6.26;0.38;268.30;6.31;903;20;2735.00;36
7005;18;623346079;7005;361;7970;8064;6.52;0.41;268.37;6.25;965;20;2736.00;94
7006;18;623346102;7006;356;7975;8065;6.54;0.41;268.37;6.25;969;20;2737.00;90
7008;18;623346128;7008;355;7982;8065;6.62;0.41;268.41;6.32;974;20;2738.00;83
7013;18;623346140;7013;358;7986;8065;6.61;0.41;268.53;6.32;973;20;2739.00;79
7018;18;623346152;7018;363;7990;8065;6.53;0.40;268.53;6.31;972;20;2740.00;75
7023;18;623346164;7023;370;7993;8065;6.44;0.40;268.62;6.31;970;20;2741.00;72
7028;18;623346175;7028;381;7998;8065;6.36;0.39;268.72;6.31;970;20;2742.00;67
7029;18;623346186;7029;381;8001;8065;6.31;0.39;268.78;6.31;972;20;2743.00;64
7032;18;623346197;7032;383;8003;8066;6.33;0.39;268.83;6.31;971;20;2744.00;63
7036;19;623346208;7036;386;8008;8068;6.34;0.39;268.88;6.32;972;21;2745.00;60
7039;19;623346239;7039;390;8010;8068;6.36;0.39;269.04;6.32;971;21;2746.00;58
7042;19;623346251;7042;386;8013;8069;6.38;0.39;269.09;6.32;971;21;2747.00;56
7048;19;623346264;7048;387;8014;8069;6.36;0.39;269.09;6.32;966;21;2748.00;55
7052;19;623346277;7052;385;8018;8069;6.35;0.39;269.11;6.32;966;21;2749.00;51
7055;19;623346288;7055;383;8023;8069;6.31;0.39;269.15;6.33;968;21;2750.00;46
7060;19;623346300;7060;383;8025;8073;6.26;0.39;269.16;6.33;965;21;2751.00;48
7065;19;623346312;7065;388;8026;8073;6.23;0.38;269.11;6.33;961;21;2752.00;47
7073;19;623346324;7073;389;8028;8073;6.18;0.38;269.16;6.33;955;21;2753.00;45
7078;19;623346336;7078;394;8030;8076;6.16;0.38;269.17;6.33;952;21;2754.00;46
7081;19;623346348;7081;391;8032;8076;6.13;0.37;269.22;6.33;951;21;2755.00;44
7086;19;623346359;7086;395;8033;8076;6.04;0.37;269.22;6.33;947;21;2756.00;43
7090;19;623346378;7090;392;8037;8080;6.00;0.37;269.19;6.32;947;21;2757.00;43
7094;19;623346389;7094;399;8038;8081;5.97;0.36;269.22;6.32;944;21;2758.00;43
7098;19;623346400;7098;405;8038;8081;5.92;0.36;269.27;6.32;940;21;2759.00;43
7102;19;623346414;7102;404;8041;8086;5.89;0.36;269.31;6.32;939;21;2760.00;45
7102;19;623346425;7102;411;8041;8086;5.90;0.36;269.31;6.32;939;21;2761.00;45
7105;19;623346436;7105;408;8042;8086;5.88;0.36;269.32;6.32;937;21;2762.00;44
7106;19;623346447;7106;409;8043;8087;5.93;0.36;269.35;6.32;937;21;2763.00;44
7110;19;623346458;7110;408;8043;8087;5.87;0.36;269.40;6.32;933;21;2764.00;44
7110;19;623346470;7110;415;8048;8093;5.89;0.36;269.40;6.32;938;21;2765.00;45
7112;19;623346482;7112;410;8048;8093;5.90;0.36;269.45;6.32;936;21;2766.00;45
7114;19;623346493;7114;404;8048;8094;5.94;0.36;269.45;6.32;934;21;2767.00;46
7116;19;623346505;7116;402;8048;8094;5.93;0.36;269.51;6.32;932;21;2768.00;46
7117;19;623346516;7117;398;8048;8094;5.93;0.36;269.53;6.32;931;21;2769.00;46
7120;19;623346527;7120;396;8048;8094;5.89;0.36;269.57;6.32;928;21;2770.00;46
7121;19;623346539;7121;396;8048;8094;5.85;0.36;269.55;6.32;927;21;2771.00;46
7123;19;623346550;7123;399;8057;8106;5.90;0.36;269.48;6.31;934;21;2772.00;49
7125;19;623346568;7125;397;8057;8106;5.88;0.36;269.51;6.31;932;21;2773.00;49
7128;19;623346578;7128;403;8059;8106;5.87;0.36;269.49;6.31;931;21;2774.00;47
7131;19;623346589;7131;401;8059;8106;5.82;0.36;269.44;6.31;928;21;2775.00;47
7133;19;623346602;7133;388;8059;8106;5.83;0.36;269.44;6.31;926;21;2776.00;47
7135;19;623346614;7135;381;8059;8106;5.89;0.36;269.40;6.31;924;21;2777.00;47
7136;19;623346626;7136;376;8062;8110;5.95;0.36;269.42;6.31;926;21;2778.00;48
7139;19;623346637;7139;363;8062;8110;5.98;0.37;269.42;6.31;923;21;2779.00;48
7141;19;623346649;7141;352;8066;8114;6.05;0.37;269.49;6.30;925;21;2780.00;48
7144;19;623346661;7144;347;8067;8115;6.08;0.37;269.43;6.30;923;21;2781.00;48
7145;19;623346687;7145;336;8067;8115;6.15;0.38;269.41;6.30;922;21;2782.00;48
7147;19;623346698;7147;331;8067;8115;6.21;0.38;269.36;6.30;920;21;2783.00;48
7149;19;623346714;7149;332;8078;8128;6.30;0.39;269.40;6.29;929;21;2784.00;50
7151;19;623346727;7151;334;8078;8128;6.36;0.39;269.36;6.29;927;21;2785.00;50
7153;19;623346738;7153;332;8078;8128;6.40;0.39;269.32;6.29;925;21;2786.00;50
7155;19;623346749;7155;328;8079;8129;6.49;0.40;269.31;6.29;924;21;2787.00;50
7158;19;623346760;7158;333;8079;8130;6.54;0.40;269.32;6.29;921;21;2788.00;51
7161;19;623346771;7161;325;8079;8130;6.60;0.40;269.30;6.29;918;21;2789.00;51
7165;19;623346783;7165;334;8083;8136;6.59;0.40;269.25;6.29;918;21;2790.00;53
7166;19;623346794;7166;325;8084;8136;6.54;0.40;269.22;6.37;918;21;2791.00;52
7167;19;623346805;7167;329;8086;8136;6.59;0.40;269.19;6.37;919;21;2792.00;50
7169;19;623346816;7169;336;8086;8136;6.64;0.40;269.25;6.37;917;21;2793.00;50
7170;19;623346826;7170;337;8091;8142;6.71;0.41;269.27;6.36;921;21;2794.00;51
7171;19;623346837;7171;339;8091;8142;6.72;0.41;269.24;6.36;920;21;2795.00;51
7171;19;623346848;7171;341;8091;8142;6.78;0.41;269.24;6.36;920;21;2796.00;51
7175;19;623346858;7175;338;8091;8142;6.78;0.41;269.18;6.36;916;21;2797.00;51
7176;19;623346868;7176;332;8094;8146;6.83;0.41;269.24;6.36;918;21;2798.00;52
7178;19;623346880;7178;334;8095;8147;6.93;0.42;269.22;6.36;917;21;2799.00;52
7179;19;623346891;7179;329;8095;8147;6.98;0.42;269.18;6.36;916;21;2800.00;52
7180;19;623346906;7180;328;8096;8148;7.06;0.43;269.16;6.36;916;21;2801.00;52
7184;19;623346917;7184;322;8096;8148;7.05;0.43;269.12;6.36;912;21;2802.00;52
7184;19;623346928;7184;306;8096;8148;7.14;0.43;269.12;6.36;912;21;2803.00;52
7184;19;623346939;7184;294;8096;8148;7.20;0.44;269.12;6.36;912;21;2804.00;52
7184;19;623346950;7184;284;8096;8148;7.31;0.44;269.12;6.36;912;21;2805.00;52
7187;19;623346960;7187;274;8096;8148;7.37;0.45;269.13;6.36;909;21;2806.00;52
7188;19;623346978;7188;269;8097;8148;7.42;0.45;269.13;6.44;909;21;2807.00;51
7188;19;623346989;7188;280;8137;8218;7.52;0.46;269.13;6.41;949;21;2808.00;81
7189;19;623347006;7189;270;8137;8219;7.61;0.46;269.14;6.41;948;21;2809.00;82
7190;19;623347017;7190;261;8145;8219;7.77;0.47;269.14;6.40;955;21;2810.00;74
7191;19;623347029;7191;258;8149;8219;7.87;0.48;269.14;6.40;958;21;2811.00;70
7193;19;623347040;7193;251;8151;8219;7.97;0.48;269.16;6.40;958;21;2812.00;68
7193;19;623347051;7193;251;8153;8219;8.07;0.49;269.16;6.40;960;21;2813.00;66
7193;19;623347063;7193;256;8155;8219;8.14;0.49;269.16;6.40;962;21;2814.00;64
7194;19;623347079;7194;255;8158;8219;8.22;0.50;269.14;6.40;964;21;2815.00;61
7196;19;623347091;7196;252;8159;8220;8.30;0.50;269.18;6.40;963;21;2816.00;61
7198;19;623347113;7198;249;8161;8221;8.31;0.50;269.19;6.40;963;21;2817.00;60
7200;19;623347126;7200;251;8163;8221;8.28;0.50;269.17;6.40;963;21;2818.00;58
7201;19;623347137;7201;251;8168;8225;8.21;0.50;269.17;6.48;967;21;2819.00;57
7203;19;623347156;7203;244;8169;8225;8.14;0.49;269.15;6.48;966;21;2820.00;56
7204;19;623347167;7204;235;8169;8225;8.13;0.49;269.15;6.48;965;21;2821.00;56
7206;19;623347179;7206;230;8169;8225;8.12;0.49;269.13;6.48;963;21;2822.00;56
7209;19;623347190;7209;230;8174;8231;8.14;0.49;269.14;6.48;965;21;2823.00;57
7212;19;623347207;7212;218;8174;8231;8.08;0.49;269.12;6.48;962;21;2824.00;57
7214;19;623347219;7214;220;8176;8231;8.10;0.49;269.14;6.50;962;21;2825.00;55
7217;19;623347231;7217;220;8178;8234;8.17;0.50;269.09;6.50;961;21;2826.00;56
7219;19;623347243;7219;219;8178;8234;8.23;0.50;269.05;6.50;959;21;2827.00;56
7222;19;623347255;7222;229;8179;8234;8.28;0.50;269.04;6.49;957;21;2828.00;55
7224;19;623347266;7224;223;8179;8235;8.36;0.51;269.08;6.49;955;21;2829.00;56
7228;19;623347278;7228;227;8180;8236;8.47;0.51;269.10;6.49;952;21;2830.00;56
7228;19;623347289;7228;229;8180;8236;8.51;0.52;269.10;6.49;952;21;2831.00;56
7232;19;623347300;7232;238;8189;8249;8.55;0.52;269.05;6.49;957;21;2832.00;60
7235;19;623347312;7235;237;8192;8249;8.61;0.52;269.03;6.57;957;21;2833.00;57
7238;19;623347323;7238;237;8192;8249;8.65;0.53;269.02;6.57;954;21;2834.00;57
7241;19;623347335;7241;243;8194;8251;8.67;0.53;268.99;6.57;953;21;2835.00;57
7245;19;623347346;7245;246;8194;8251;8.66;0.53;269.07;6.57;949;21;2836.00;57
7246;19;623347357;7246;256;8197;8255;8.67;0.53;269.05;6.56;951;21;2837.00;58
7249;19;623347375;7249;259;8198;8255;8.59;0.52;269.08;6.56;949;21;2838.00;57
7252;19;623347386;7252;270;8201;8259;8.51;0.52;269.08;6.56;949;21;2839.00;58
7255;19;623347398;7255;262;8201;8259;8.43;0.51;269.19;6.56;946;21;2840.00;58
7257;19;623347415;7257;263;8201;8259;8.45;0.51;269.17;6.56;944;21;2841.00;58
7261;19;623347427;7261;270;8201;8259;8.37;0.51;269.23;6.56;940;21;2842.00;58
7261;19;623347443;7261;271;8201;8259;8.37;0.51;269.23;6.56;940;21;2843.00;58
7263;19;623347454;7263;269;8210;8271;8.40;0.51;269.23;6.55;947;21;2844.00;61
7265;19;623347467;7265;272;8211;8271;8.33;0.51;269.30;6.55;946;21;2845.00;60
7265;19;623347479;7265;271;8212;8271;8.28;0.50;269.30;6.55;947;21;2846.00;59
7269;19;623347490;7269;273;8212;8271;8.26;0.50;269.36;6.55;943;21;2847.00;59
7272;19;623347501;7272;277;8212;8271;8.25;0.50;269.36;6.55;940;21;2848.00;59
7272;19;623347513;7272;277;8213;8271;8.24;0.50;269.36;6.57;941;21;2849.00;58
7277;19;623347525;7277;285;8215;8274;8.16;0.50;269.47;6.56;938;21;2850.00;59
7281;19;623347537;7281;289;8216;8274;8.05;0.49;269.45;6.58;935;21;2851.00;58
7282;19;623347549;7282;289;8222;8280;8.03;0.49;269.51;6.59;940;21;2852.00;58
7282;19;623347566;7282;293;8223;8281;8.04;0.49;269.51;6.58;941;21;2853.00;58
7283;19;623347577;7283;293;8224;8281;7.98;0.49;269.57;6.60;941;21;2854.00;57
7288;19;623347588;7288;294;8225;8281;7.90;0.48;269.58;6.61;937;21;2855.00;56
7290;19;623347600;7290;297;8228;8285;7.88;0.48;269.55;6.60;938;21;2856.00;57
7294;19;623347615;7294;305;8230;8285;7.82;0.48;269.54;6.63;936;21;2857.00;55
7296;19;623347634;7296;306;8230;8285;7.78;0.47;269.54;6.63;934;21;2858.00;55
7298;19;623347651;7298;308;8233;8286;7.77;0.47;269.53;6.64;935;21;2859.00;53
7301;19;623347669;7301;306;8237;8290;7.75;0.47;269.52;6.65;936;21;2860.00;53
7303;19;623347688;7303;314;8238;8290;7.71;0.47;269.57;6.65;935;21;2861.00;52
7303;19;623347704;7303;317;8241;8293;7.76;0.47;269.57;6.66;938;21;2862.00;52
7305;19;623347720;7305;318;8244;8293;7.72;0.47;269.68;6.67;939;21;2863.00;49
7307;19;623347733;7307;325;8248;8295;7.63;0.46;269.66;6.69;941;21;2864.00;47
7309;19;623347746;7309;320;8248;8295;7.61;0.46;269.69;6.69;939;21;2865.00;47
7311;19;623347760;7311;324;8252;8299;7.55;0.46;269.65;6.69;941;21;2866.00;47
7314;19;623347772;7314;328;8254;8299;7.50;0.46;269.80;6.70;940;21;2867.00;45
7316;20;623347784;7316;328;8254;8299;7.44;0.45;269.87;6.70;938;22;2868.00;45
7320;20;623347820;7320;320;8256;8299;7.33;0.45;269.87;6.71;936;22;2869.00;43
7321;20;623347832;7321;311;8256;8300;7.21;0.44;269.87;6.71;935;22;2870.00;44
7323;20;623347845;7323;311;8258;8301;7.18;0.44;269.93;6.71;935;22;2871.00;43
7326;20;623347856;7326;299;8259;8301;7.11;0.43;270.03;6.72;933;22;2872.00;42
7330;20;623347875;7330;302;8260;8302;7.04;0.43;270.07;6.71;930;22;2873.00;42
7331;20;623347887;7331;308;8262;8302;6.96;0.43;270.12;6.72;931;22;2874.00;40
7335;20;623347899;7335;300;8262;8302;6.91;0.42;270.10;6.72;927;22;2875.00;40
7337;20;623347911;7337;298;8263;8302;6.92;0.42;270.12;6.73;926;22;2876.00;39
7341;20;623347922;7341;294;8264;8302;6.89;0.42;270.18;6.73;923;22;2877.00;38
7343;20;623347933;7343;290;8264;8302;6.88;0.42;270.22;6.73;921;22;2878.00;38
7345;20;623347944;7345;292;8266;8302;6.84;0.42;270.24;6.73;921;22;2879.00;36
7346;20;623347956;7346;338;8365;8532;6.93;0.44;270.27;6.66;1019;22;2880.00;167
7352;20;623347986;7352;328;8369;8533;6.92;0.43;270.24;6.65;1017;22;2881.00;164
7354;20;623347998;7354;312;8381;8533;6.97;0.44;270.24;6.65;1027;22;2882.00;152
7357;20;623348009;7357;313;8386;8533;6.93;0.43;270.39;6.65;1029;22;2883.00;147
7359;20;623348028;7359;307;8395;8533;6.89;0.43;270.36;6.64;1036;22;2884.00;138
7366;20;623348039;7366;313;8399;8533;6.79;0.42;270.39;6.64;1033;22;2885.00;134
7368;20;623348050;7368;321;8408;8533;6.71;0.42;270.43;6.64;1040;22;2886.00;125
7372;20;623348061;7372;314;8413;8533;6.59;0.41;270.53;6.64;1041;22;2887.00;120
7375;20;623348073;7375;324;8417;8534;6.45;0.40;270.49;6.64;1042;22;2888.00;117
7378;20;623348090;7378;324;8423;8535;6.37;0.40;270.47;6.65;1045;22;2889.00;112
7381;20;623348103;7381;325;8431;8535;6.31;0.39;270.60;6.65;1050;22;2890.00;104
7384;20;623348114;7384;323;8436;8536;6.23;0.39;270.58;6.65;1052;22;2891.00;100
7389;20;623348126;7389;325;8443;8536;6.11;0.38;270.73;6.66;1054;22;2892.00;93
7391;20;623348138;7391;334;8446;8536;5.97;0.37;270.77;6.66;1055;22;2893.00;90
7394;20;623348151;7394;341;8448;8536;5.84;0.36;270.90;6.66;1054;22;2894.00;88
7398;20;623348163;7398;353;8455;8540;5.65;0.35;270.96;6.66;1057;22;2895.00;85
7401;20;623348176;7401;362;8458;8540;5.54;0.34;271.01;6.67;1057;22;2896.00;82
7402;20;623348194;7402;368;8462;8540;5.51;0.34;271.03;6.67;1060;22;2897.00;78
7406;20;623348206;7406;365;8462;8543;5.47;0.34;271.14;6.67;1056;22;2898.00;81
7408;20;623348219;7408;381;8464;8543;5.43;0.34;271.21;6.67;1056;22;2899.00;79
7414;20;623348231;7414;381;8468;8543;5.37;0.33;271.29;6.68;1054;22;2900.00;75
7416;20;623348247;7416;378;8473;8547;5.38;0.33;271.32;6.68;1057;22;2901.00;74
7420;20;623348260;7420;381;8475;8548;5.39;0.33;271.40;6.68;1055;22;2902.00;73
7425;20;623348273;7425;386;8476;8548;5.42;0.33;271.45;6.68;1051;22;2903.00;72
7430;20;623348285;7430;380;8481;8552;5.45;0.34;271.49;6.68;1051;22;2904.00;71
7434;20;623348298;7434;383;8481;8552;5.47;0.34;271.46;6.68;1047;22;2905.00;71
7437;20;623348310;7437;371;8483;8552;5.50;0.34;271.63;6.69;1046;22;2906.00;69
7440;20;623348323;7440;392;8486;8553;5.51;0.34;271.76;6.69;1046;22;2907.00;67
7444;20;623348336;7444;395;8488;8553;5.56;0.34;271.86;6.70;1044;22;2908.00;65
7449;20;623348349;7449;405;8494;8559;5.59;0.34;271.95;6.70;1045;22;2909.00;65
7452;20;623348365;7452;409;8494;8559;5.59;0.34;272.02;6.70;1042;22;2910.00;65
7456;20;623348378;7456;410;8495;8560;5.55;0.34;272.01;6.70;1039;22;2911.00;65
7459;20;623348391;7459;417;8497;8560;5.55;0.34;272.07;6.71;1038;22;2912.00;63
7462;20;623348404;7462;422;8498;8560;5.57;0.34;272.10;6.71;1036;22;2913.00;62
7464;20;623348417;7464;422;8498;8560;5.54;0.34;272.18;6.71;1034;22;2914.00;62
7467;20;623348429;7467;425;8500;8560;5.47;0.34;272.16;6.72;1033;22;2915.00;60
7472;20;623348441;7472;430;8510;8572;5.51;0.34;272.23;6.71;1038;22;2916.00;62
7477;20;623348456;7477;435;8510;8572;5.45;0.34;272.16;6.71;1033;22;2917.00;62
7481;20;623348469;7481;438;8512;8572;5.41;0.33;272.20;6.71;1031;22;2918.00;60
7485;20;623348481;7485;438;8513;8572;5.38;0.33;272.29;6.71;1028;22;2919.00;59
7489;20;623348493;7489;454;8514;8572;5.36;0.33;272.29;6.71;1025;22;2920.00;58
7494;20;623348504;7494;457;8515;8572;5.23;0.32;272.50;6.71;1021;22;2921.00;57
7499;20;623348516;7499;462;8519;8576;5.15;0.32;272.45;6.71;1020;22;2922.00;57
7503;20;623348528;7503;458;8519;8576;5.09;0.31;272.48;6.71;1016;22;2923.00;57
7507;20;623348539;7507;470;8522;8580;5.06;0.31;272.48;6.71;1015;22;2924.00;58
7509;20;623348550;7509;472;8525;8582;5.00;0.31;272.48;6.71;1016;22;2925.00;57
7510;20;623348562;7510;468;8525;8582;4.98;0.31;272.47;6.71;1015;22;2926.00;57
7515;20;623348573;7515;469;8525;8582;4.96;0.31;272.38;6.71;1010;22;2927.00;57
7516;20;623348584;7516;470;8535;8595;5.06;0.31;272.40;6.70;1019;22;2928.00;60
7520;20;623348596;7520;475;8535;8595;5.06;0.31;272.37;6.70;1015;22;2929.00;60
7524;20;623348608;7524;467;8535;8595;5.10;0.31;272.31;6.70;1011;22;2930.00;60
7529;20;623348620;7529;461;8536;8596;5.10;0.31;272.25;6.70;1007;22;2931.00;60
7534;20;623348631;7534;467;8536;8597;5.10;0.31;272.24;6.70;1002;22;2932.00;61
7536;20;623348643;7536;470;8536;8597;5.12;0.32;272.22;6.70;1000;22;2933.00;61
7540;20;623348655;7540;476;8538;8600;5.12;0.32;272.18;6.70;998;22;2934.00;62
7542;20;623348666;7542;476;8540;8600;5.12;0.31;272.14;6.79;998;22;2935.00;60
7546;20;623348676;7546;477;8540;8600;5.07;0.31;272.11;6.79;994;22;2936.00;60
7550;20;623348687;7550;460;8540;8600;5.01;0.31;272.12;6.79;990;22;2937.00;60
7551;20;623348700;7551;460;8545;8606;5.10;0.31;272.14;6.78;994;22;2938.00;61
7554;20;623348715;7554;456;8545;8606;5.16;0.32;272.15;6.78;991;22;2939.00;61
7558;20;623348729;7558;447;8545;8606;5.20;0.32;272.20;6.78;987;22;2940.00;61
7559;20;623348741;7559;441;8546;8606;5.27;0.32;272.20;6.87;987;22;2941.00;60
7560;20;623348751;7560;444;8549;8610;5.33;0.33;272.24;6.86;989;22;2942.00;61
7562;20;623348763;7562;436;8550;8611;5.36;0.33;272.29;6.86;988;22;2943.00;61
7566;20;623348773;7566;438;8550;8611;5.31;0.33;272.32;6.86;984;22;2944.00;61
7568;20;623348784;7568;441;8551;8612;5.33;0.33;272.32;6.86;983;22;2945.00;61
7568;20;623348796;7568;428;8551;8612;5.38;0.33;272.32;6.86;983;22;2946.00;61
7568;20;623348807;7568;428;8551;8612;5.39;0.33;272.32;6.86;983;22;2947.00;61
7571;20;623348819;7571;409;8551;8612;5.40;0.33;272.37;6.86;980;22;2948.00;61
7574;20;623348834;7574;407;8551;8612;5.47;0.34;272.29;6.86;977;22;2949.00;61
7577;20;623348847;7577;395;8552;8612;5.51;0.34;272.24;6.94;975;22;2950.00;60
7578;20;623348858;7578;390;8552;8612;5.61;0.34;272.25;6.94;974;22;2951.00;60
7583;20;623348870;7583;389;8585;8682;5.84;0.36;272.13;6.91;1002;22;2952.00;97
7585;20;623348887;7585;381;8585;8683;5.92;0.36;272.12;6.91;1000;22;2953.00;98
7587;20;623348900;7587;377;8592;8683;6.06;0.37;272.10;6.91;1005;22;2954.00;91
7588;20;623348912;7588;362;8595;8683;6.16;0.38;272.12;6.91;1007;22;2955.00;88
7591;20;623348923;7591;352;8596;8683;6.25;0.38;272.17;6.91;1005;22;2956.00;87
7592;20;623348935;7592;339;8599;8683;6.32;0.38;272.16;6.90;1007;22;2957.00;84
7592;20;623348947;7592;337;8600;8683;6.42;0.39;272.16;6.90;1008;22;2958.00;83
7595;20;623348958;7595;335;8603;8683;6.47;0.39;272.16;6.90;1008;22;2959.00;80
7596;20;623348972;7596;325;8605;8684;6.60;0.40;272.16;6.90;1009;22;2960.00;79
7598;20;623348984;7598;319;8609;8685;6.71;0.41;272.16;6.98;1011;22;2961.00;76
7599;20;623348996;7599;315;8611;8685;6.76;0.41;272.17;6.98;1012;22;2962.00;74
7600;20;623349008;7600;314;8616;8689;6.83;0.41;272.15;6.98;1016;22;2963.00;73
7601;20;623349021;7601;311;8618;8689;6.93;0.42;272.16;6.98;1017;22;2964.00;71
7604;20;623349034;7604;318;8618;8689;7.01;0.42;272.17;6.98;1014;22;2965.00;71
7606;20;623349046;7606;316;8618;8689;7.05;0.43;272.14;6.98;1012;22;2966.00;71
7607;20;623349058;7607;306;8622;8695;7.11;0.43;272.13;6.98;1015;22;2967.00;73
7607;20;623349070;7607;293;8622;8695;7.17;0.44;272.13;6.98;1015;22;2968.00;73
7607;20;623349082;7607;299;8622;8695;7.22;0.44;272.13;6.98;1015;22;2969.00;73
7609;20;623349096;7609;291;8626;8701;7.29;0.44;272.11;6.97;1017;22;2970.00;75
7610;20;623349109;7610;292;8626;8701;7.39;0.45;272.19;6.97;1016;22;2971.00;75
7612;20;623349121;7612;289;8628;8701;7.45;0.45;272.15;6.97;1016;22;2972.00;73
7615;20;623349133;7615;283;8628;8702;7.44;0.45;272.12;6.97;1013;22;2973.00;74
7615;20;623349145;7615;279;8629;8703;7.56;0.46;272.12;6.97;1014;22;2974.00;74
7616;20;623349157;7616;280;8629;8703;7.61;0.46;272.14;6.97;1013;22;2975.00;74
7618;20;623349169;7618;285;8639;8716;7.71;0.47;272.11;7.04;1021;22;2976.00;77
7620;20;623349183;7620;276;8639;8716;7.79;0.47;272.16;7.04;1019;22;2977.00;77
7624;20;623349195;7624;275;8639;8716;7.87;0.48;272.25;7.04;1015;22;2978.00;77
7627;20;623349207;7627;275;8640;8717;8.02;0.49;272.31;7.04;1013;22;2979.00;77
7629;20;623349221;7629;273;8640;8717;8.07;0.49;272.30;7.04;1011;22;2980.00;77
7632;20;623349233;7632;267;8643;8721;8.13;0.49;272.33;7.03;1011;22;2981.00;78
7632;20;623349246;7632;258;8643;8721;8.19;0.50;272.33;7.03;1011;22;2982.00;78
7636;20;623349258;7636;257;8646;8725;8.21;0.50;272.29;7.03;1010;22;2983.00;79
7639;20;623349272;7639;254;8646;8725;8.21;0.50;272.35;7.03;1007;22;2984.00;79
7642;20;623349284;7642;248;8646;8725;8.22;0.50;272.43;7.03;1004;22;2985.00;79
7644;20;623349297;7644;248;8646;8725;8.19;0.49;272.52;7.03;1002;22;2986.00;79
7646;20;623349309;7646;248;8646;8725;8.14;0.49;272.55;7.03;1000;22;2987.00;79
7648;20;623349321;7648;247;8656;8737;8.16;0.49;272.69;7.02;1008;22;2988.00;81
7651;20;623349335;7651;247;8657;8737;8.16;0.49;272.79;7.10;1006;22;2989.00;80
7652;20;623349347;7652;246;8659;8737;8.17;0.49;272.86;7.10;1007;22;2990.00;78
7654;20;623349360;7654;251;8659;8737;8.26;0.50;272.90;7.10;1005;22;2991.00;78
7659;20;623349372;7659;251;8659;8737;8.23;0.50;272.92;7.10;1000;22;2992.00;78
7661;20;623349384;7661;244;8659;8737;8.25;0.50;272.92;7.10;998;22;2993.00;78
7664;20;623349397;7664;235;8661;8738;8.24;0.50;272.98;7.11;997;22;2994.00;77
7667;20;623349410;7667;235;8663;8738;8.28;0.50;272.94;7.12;996;22;2995.00;75
7670;20;623349427;7670;234;8667;8744;8.39;0.51;272.99;7.12;997;22;2996.00;77
7674;20;623349446;7674;232;8668;8745;8.45;0.51;272.97;7.12;994;22;2997.00;77
7678;20;623349458;7678;228;8668;8745;8.47;0.51;272.97;7.12;990;22;2998.00;77
7681;20;623349472;7681;228;8668;8745;8.54;0.52;272.97;7.12;987;22;2999.00;77
7685;20;623349486;7685;239;8673;8765;8.56;0.52;272.96;7.12;988;22;3000.00;92
7685;20;623349504;7685;238;8673;8765;8.56;0.52;272.96;7.12;988;22;3001.00;92
7688;20;623349521;7688;242;8673;8765;8.51;0.52;272.95;7.12;985;22;3002.00;92
7690;20;623349533;7690;244;8674;8766;8.49;0.52;273.00;7.12;984;22;3003.00;92
7693;20;623349545;7693;247;8677;8770;8.50;0.52;272.97;7.11;984;22;3004.00;93
7698;20;623349558;7698;248;8678;8770;8.42;0.51;272.93;7.11;980;22;3005.00;92
7700;20;623349575;7700;246;8681;8773;8.43;0.51;272.99;7.11;981;22;3006.00;92
7702;20;623349587;7702;245;8683;8773;8.41;0.51;273.02;7.12;981;22;3007.00;90
7704;20;623349599;7704;252;8685;8773;8.39;0.51;273.10;7.13;981;22;3008.00;88
7710;20;623349611;7710;257;8685;8773;8.29;0.50;273.31;7.13;975;22;3009.00;88
7713;20;623349629;7713;257;8689;8777;8.24;0.50;273.32;7.14;976;22;3010.00;88
7715;20;623349651;7715;261;8693;8777;8.23;0.50;273.38;7.14;978;22;3011.00;84
7717;20;623349671;7717;258;8693;8777;8.18;0.50;273.45;7.14;976;22;3012.00;84
7722;20;623349689;7722;260;8696;8777;8.15;0.49;273.50;7.15;974;22;3013.00;81
7722;20;623349709;7722;259;8697;8778;8.15;0.49;273.50;7.15;975;22;3014.00;81
7726;20;623349727;7726;264;8700;8780;8.08;0.49;273.55;7.15;974;22;3015.00;80
7727;20;623349743;7727;264;8700;8780;8.08;0.49;273.59;7.15;973;22;3016.00;80
7730;20;623349755;7730;268;8702;8781;8.03;0.49;273.61;7.15;972;22;3017.00;79
7730;20;623349769;7730;276;8702;8781;8.00;0.49;273.61;7.15;972;22;3018.00;79
7732;20;623349782;7732;277;8703;8781;7.98;0.49;273.75;7.15;971;22;3019.00;78
7732;20;623349794;7732;287;8703;8781;8.03;0.49;273.75;7.15;971;22;3020.00;78
7734;20;623349807;7734;294;8705;8781;7.98;0.49;273.80;7.18;971;22;3021.00;76
7736;20;623349819;7736;297;8706;8781;7.92;0.48;273.82;7.18;970;22;3022.00;75
7738;20;623349831;7738;301;8709;8781;7.86;0.48;273.89;7.21;971;22;3023.00;72
7743;20;623349844;7743;326;8773;8908;7.73;0.48;273.90;7.16;1030;22;3024.00;135
7746;20;623349867;7746;322;8778;8909;7.61;0.47;273.96;7.17;1032;22;3025.00;131
7748;20;623349880;7748;315;8786;8909;7.63;0.47;274.01;7.17;1038;22;3026.00;123
7749;20;623349893;7749;321;8789;8909;7.59;0.47;274.03;7.18;1040;22;3027.00;120
7751;20;623349905;7751;327;8797;8909;7.59;0.47;274.10;7.18;1046;22;3028.00;112
7756;20;623349918;7756;325;8802;8909;7.60;0.47;274.19;7.20;1046;22;3029.00;107
7758;20;623349933;7758;324;8805;8909;7.62;0.47;274.21;7.20;1047;22;3030.00;104
7763;20;623349947;7763;323;8808;8909;7.68;0.47;274.25;7.20;1045;22;3031.00;101
7767;20;623349959;7767;324;8812;8910;7.76;0.48;274.41;7.21;1045;22;3032.00;98
7769;20;623349974;7769;328;8818;8911;7.80;0.48;274.42;7.22;1049;22;3033.00;93
7771;20;623349987;7771;331;8824;8911;7.76;0.48;274.46;7.23;1053;22;3034.00;87
7780;20;623349999;7780;333;8828;8912;7.67;0.47;274.59;7.23;1048;22;3035.00;84
7784;20;623350012;7784;347;8832;8912;7.58;0.46;274.58;7.25;1048;22;3036.00;80
7787;20;623350025;7787;353;8835;8912;7.48;0.46;274.59;7.25;1048;22;3037.00;77
7790;20;623350037;7790;356;8839;8912;7.40;0.45;274.74;7.26;1049;22;3038.00;73
7791;20;623350048;7791;352;8842;8916;7.34;0.45;274.72;7.26;1051;22;3039.00;74
7793;20;623350060;7793;357;8845;8916;7.24;0.44;274.76;7.27;1052;22;3040.00;71
7795;20;623350072;7795;359;8845;8916;7.17;0.44;274.80;7.27;1050;22;3041.00;71
7798;20;623350093;7798;362;8849;8919;7.13;0.44;274.91;7.28;1051;22;3042.00;70
7800;20;623350106;7800;371;8849;8919;7.02;0.43;274.93;7.28;1049;22;3043.00;70
7804;20;623350119;7804;369;8851;8919;6.94;0.42;274.99;7.29;1047;22;3044.00;68
7809;20;623350132;7809;378;8855;8923;6.84;0.42;275.08;7.29;1046;22;3045.00;68
7810;20;623350144;7810;378;8857;8924;6.78;0.41;275.16;7.30;1047;22;3046.00;67
7812;20;623350156;7812;381;8859;8924;6.66;0.41;275.20;7.31;1047;22;3047.00;65
7816;20;623350168;7816;388;8862;8928;6.60;0.40;275.31;7.31;1046;22;3048.00;66
7817;20;623350182;7817;388;8864;8928;6.57;0.40;275.33;7.31;1047;22;3049.00;64
7820;20;623350193;7820;385;8867;8928;6.49;0.40;275.41;7.33;1047;22;3050.00;61
7825;20;623350204;7825;379;8869;8929;6.42;0.39;275.42;7.33;1044;22;3051.00;60
7828;20;623350222;7828;378;8869;8929;6.35;0.39;275.43;7.33;1041;22;3052.00;60
7831;20;623350234;7831;378;8877;8935;6.32;0.39;275.52;7.33;1046;22;3053.00;58
7833;20;623350246;7833;380;8877;8935;6.24;0.38;275.51;7.33;1044;22;3054.00;58
7840;20;623350257;7840;382;8877;8936;6.11;0.37;275.63;7.33;1037;22;3055.00;59
7844;20;623350269;7844;382;8878;8936;5.98;0.37;275.66;7.33;1034;22;3056.00;58
7849;20;623350280;7849;380;8879;8936;5.81;0.36;275.78;7.34;1030;22;3057.00;57
7853;20;623350291;7853;388;8881;8936;5.61;0.34;275.90;7.34;1028;22;3058.00;55
7858;20;623350301;7858;402;8881;8936;5.47;0.34;275.96;7.34;1023;22;3059.00;55
7861;20;623350314;7861;401;8909;8972;5.56;0.34;276.02;7.32;1048;22;3060.00;63
7864;20;623350328;7864;403;8910;8972;5.48;0.34;276.06;7.32;1046;22;3061.00;62
7868;20;623350339;7868;401;8913;8972;5.44;0.34;276.18;7.32;1045;22;3062.00;59
7871;20;623350350;7871;402;8914;8972;5.38;0.33;276.17;7.32;1043;22;3063.00;58
7876;20;623350361;7876;398;8915;8972;5.27;0.33;276.31;7.32;1039;22;3064.00;57
7879;20;623350371;7879;406;8916;8972;5.22;0.32;276.36;7.33;1037;22;3065.00;56
7883;20;623350382;7883;411;8921;8976;5.17;0.32;276.40;7.33;1038;22;3066.00;55
7888;20;623350393;7888;408;8922;8976;5.14;0.32;276.43;7.33;1034;22;3067.00;54
7891;20;623350404;7891;405;8926;8980;5.18;0.32;276.56;7.33;1035;22;3068.00;54
7892;20;623350414;7892;401;8927;8981;5.22;0.32;276.58;7.33;1035;22;3069.00;54
7894;20;623350425;7894;403;8927;8981;5.16;0.32;276.56;7.33;1033;22;3070.00;54
7896;20;623350436;7896;414;8927;8981;5.05;0.31;276.60;7.33;1031;22;3071.00;54
7898;20;623350446;7898;416;8938;8994;5.14;0.32;276.61;7.32;1040;22;3072.00;56
7901;20;623350457;7901;423;8938;8994;5.05;0.31;276.70;7.32;1037;22;3073.00;56
7904;20;623350468;7904;426;8938;8994;4.99;0.31;276.67;7.32;1034;22;3074.00;56
7907;20;623350480;7907;419;8939;8995;4.97;0.31;276.66;7.32;1032;22;3075.00;56
7912;20;623350491;7912;420;8939;8996;4.94;0.30;276.58;7.32;1027;22;3076.00;57
7916;20;623350501;7916;415;8940;8996;4.93;0.30;276.53;7.39;1024;22;3077.00;56
7918;20;623350512;7918;418;8942;8999;4.98;0.31;276.53;7.39;1024;22;3078.00;57
7923;20;623350523;7923;418;8943;8999;4.94;0.30;276.55;7.39;1020;22;3079.00;56
7925;20;623350533;7925;416;8943;8999;4.94;0.30;276.50;7.39;1018;22;3080.00;56
7929;20;623350544;7929;413;8943;8999;4.86;0.30;276.49;7.39;1014;22;3081.00;56
7932;20;623350554;7932;416;8948;9005;4.89;0.30;276.51;7.39;1016;22;3082.00;57
7938;20;623350565;7938;427;8948;9005;4.86;0.30;276.52;7.39;1010;22;3083.00;57
7940;20;623350575;7940;429;8948;9005;4.86;0.30;276.52;7.39;1008;22;3084.00;57
7945;20;623350585;7945;432;8948;9005;4.86;0.30;276.47;7.39;1003;22;3085.00;57
7951;20;623350596;7951;438;8951;9009;4.85;0.30;276.41;7.39;1000;22;3086.00;58
7955;20;623350607;7955;450;8952;9010;4.83;0.29;276.39;7.39;997;22;3087.00;58
7957;20;623350619;7957;455;8952;9010;4.78;0.29;276.38;7.39;995;22;3088.00;58
7959;20;623350635;7959;462;8953;9011;4.72;0.29;276.44;7.39;994;22;3089.00;58
7962;20;623350649;7962;467;8953;9011;4.68;0.28;276.42;7.39;991;22;3090.00;58
7965;20;623350659;7965;475;8953;9011;4.58;0.28;276.33;7.39;988;22;3091.00;58
7969;20;623350671;7969;479;8953;9011;4.44;0.27;276.31;7.39;984;22;3092.00;58
7972;20;623350681;7972;484;8953;9011;4.35;0.27;276.26;7.39;981;22;3093.00;58
7976;20;623350691;7976;489;8953;9011;4.31;0.26;276.27;7.39;977;22;3094.00;58
7979;20;623350701;7979;498;8953;9011;4.26;0.26;276.22;7.39;974;22;3095.00;58
7981;20;623350710;7981;506;8993;9081;4.50;0.27;276.23;7.35;1012;22;3096.00;88
7982;20;623350726;7982;506;8994;9082;4.45;0.27;276.24;7.35;1012;22;3097.00;88
7985;20;623350736;7985;506;9001;9082;4.47;0.27;276.25;7.35;1016;22;3098.00;81
7986;20;623350746;7986;507;9002;9082;4.44;0.27;276.22;7.35;1016;22;3099.00;80
7988;20;623350756;7988;513;9005;9082;4.42;0.27;276.23;7.35;1017;22;3100.00;77
7989;20;623350770;7989;515;9006;9082;4.43;0.27;276.22;7.35;1017;22;3101.00;76
7992;20;623350779;7992;515;9009;9082;4.43;0.27;276.18;7.34;1017;22;3102.00;73
7996;20;623350789;7996;514;9012;9082;4.46;0.27;276.16;7.34;1016;22;3103.00;70
7997;20;623350799;7997;511;9014;9083;4.50;0.27;276.16;7.35;1017;22;3104.00;69
7999;20;623350809;7999;510;9018;9085;4.56;0.28;276.20;7.34;1019;22;3105.00;67
8001;20;623350820;8001;512;9020;9085;4.52;0.28;276.18;7.34;1019;22;3106.00;65
8003;20;623350829;8003;496;9024;9089;4.49;0.27;276.19;7.34;1021;22;3107.00;65
8004;20;623350840;8004;481;9025;9089;4.52;0.28;276.16;7.34;1021;22;3108.00;64
8007;20;623350850;8007;472;9025;9089;4.53;0.28;276.18;7.34;1018;22;3109.00;64
8007;20;623350861;8007;462;9025;9089;4.63;0.28;276.18;7.34;1018;22;3110.00;64
8012;20;623350872;8012;460;9030;9095;4.71;0.29;276.27;7.34;1018;22;3111.00;65
8014;20;623350884;8014;463;9031;9095;4.78;0.29;276.28;7.42;1017;22;3112.00;64
8015;20;623350895;8015;463;9031;9095;4.81;0.29;276.27;7.42;1016;22;3113.00;64
8016;20;623350907;8016;467;9033;9098;4.93;0.30;276.26;7.42;1017;22;3114.00;65
8017;20;623350918;8017;463;9033;9098;4.95;0.30;276.29;7.42;1016;22;3115.00;65
8017;20;623350935;8017;442;9034;9098;5.01;0.31;276.29;7.41;1017;22;3116.00;64
8018;20;623350946;8018;422;9034;9099;5.12;0.31;276.28;7.41;1016;22;3117.00;65
8020;20;623350958;8020;409;9035;9100;5.28;0.32;276.27;7.41;1015;22;3118.00;65
8021;20;623350977;8021;396;9035;9100;5.44;0.33;276.24;7.41;1014;22;3119.00;65
8024;20;623350990;8024;384;9056;9126;5.72;0.35;276.16;7.40;1032;22;3120.00;70
8025;20;623351010;8025;368;9056;9126;5.88;0.36;276.13;7.40;1031;22;3121.00;70
8026;20;623351022;8026;358;9057;9126;6.09;0.37;276.12;7.40;1031;22;3122.00;69
8026;20;623351034;8026;353;9058;9127;6.30;0.38;276.12;7.40;1032;22;3123.00;69
8027;20;623351046;8027;345;9058;9127;6.49;0.40;276.09;7.40;1031;22;3124.00;69
8027;20;623351059;8027;335;9062;9131;6.63;0.40;276.09;7.39;1035;22;3125.00;69
8027;20;623351071;8027;324;9062;9131;6.71;0.41;276.09;7.39;1035;22;3126.00;69
8030;20;623351083;8030;305;9066;9135;6.77;0.41;276.09;7.47;1036;22;3127.00;69
8031;20;623351097;8031;299;9066;9135;6.86;0.42;276.07;7.47;1035;22;3128.00;69
8035;20;623351109;8035;297;9066;9135;6.93;0.42;276.11;7.47;1031;22;3129.00;69
8037;20;623351122;8037;293;9066;9135;7.00;0.43;276.16;7.47;1029;22;3130.00;69
8042;20;623351134;8042;293;9066;9135;7.05;0.43;276.19;7.47;1024;22;3131.00;69
8044;20;623351146;8044;281;9076;9147;7.16;0.44;276.24;7.46;1032;22;3132.00;71
8046;20;623351159;8046;281;9076;9147;7.28;0.44;276.25;7.46;1030;22;3133.00;71
8051;20;623351172;8051;274;9077;9147;7.40;0.45;276.40;7.46;1026;22;3134.00;70
8055;20;623351185;8055;263;9077;9147;7.46;0.46;276.41;7.46;1022;22;3135.00;70
8058;20;623351197;8058;253;9077;9147;7.58;0.46;276.43;7.46;1019;22;3136.00;70
8062;20;623351210;8062;246;9077;9147;7.71;0.47;276.40;7.46;1015;22;3137.00;70
8063;20;623351222;8063;243;9077;9148;7.79;0.47;276.42;7.46;1014;22;3138.00;71
8065;20;623351235;8065;246;9077;9148;7.83;0.48;276.42;7.46;1012;22;3139.00;71
8068;20;623351247;8068;242;9082;9154;7.97;0.48;276.44;7.46;1014;22;3140.00;72
8072;20;623351261;8072;234;9083;9155;8.02;0.49;276.48;7.46;1011;22;3141.00;72
8073;20;623351274;8073;230;9083;9155;8.10;0.49;276.50;7.46;1010;22;3142.00;72
8077;20;623351287;8077;235;9084;9155;8.16;0.49;276.55;7.53;1007;22;3143.00;71
8077;20;623351299;8077;237;9087;9159;8.25;0.50;276.55;7.53;1010;22;3144.00;72
8079;20;623351312;8079;227;9087;9159;8.33;0.51;276.60;7.53;1008;22;3145.00;72
8081;20;623351325;8081;222;9087;9159;8.36;0.51;276.64;7.53;1006;22;3146.00;72
8084;20;623351337;8084;216;9088;9160;8.48;0.52;276.71;7.53;1004;22;3147.00;72
8084;20;623351350;8084;220;9091;9164;8.49;0.52;276.71;7.53;1007;22;3148.00;73
8087;20;623351363;8087;215;9091;9164;8.42;0.51;276.80;7.53;1004;22;3149.00;73
8090;20;623351378;8090;219;9095;9170;8.41;0.51;276.93;7.52;1005;22;3150.00;75
8092;20;623351391;8092;216;9096;9170;8.39;0.51;276.94;7.60;1004;22;3151.00;74
8096;20;623351404;8096;217;9098;9170;8.39;0.51;277.07;7.60;1002;22;3152.00;72
8097;20;623351418;8097;222;9098;9170;8.42;0.51;277.07;7.60;1001;22;3153.00;72
8099;20;623351431;8099;218;9102;9174;8.44;0.51;277.11;7.60;1003;22;3154.00;72
8102;20;623351444;8102;221;9102;9174;8.40;0.51;277.09;7.60;1000;22;3155.00;72
8105;20;623351456;8105;221;9102;9174;8.40;0.51;277.20;7.60;997;22;3156.00;72
8107;20;623351470;8107;224;9102;9174;8.39;0.51;277.25;7.60;995;22;3157.00;72
8110;20;623351488;8110;222;9102;9175;8.33;0.51;277.26;7.60;992;22;3158.00;73
8114;20;623351500;8114;219;9103;9176;8.26;0.50;277.28;7.60;989;22;3159.00;73
8118;20;623351513;8118;213;9104;9176;8.22;0.50;277.30;7.66;986;22;3160.00;72
8122;20;623351526;8122;211;9105;9177;8.21;0.50;277.28;7.66;983;22;3161.00;72
8125;20;623351539;8125;208;9105;9177;8.19;0.50;277.37;7.66;980;22;3162.00;72
8128;20;623351556;8128;197;9105;9177;8.21;0.50;277.42;7.66;977;22;3163.00;72
8134;20;623351568;8134;201;9106;9177;8.28;0.50;277.47;7.68;972;22;3164.00;71
8137;20;623351582;8137;193;9106;9177;8.31;0.50;277.49;7.68;969;22;3165.00;71
8140;20;623351594;8140;189;9107;9177;8.33;0.50;277.48;7.69;967;22;3166.00;70
8144;20;623351606;8144;185;9107;9177;8.33;0.50;277.49;7.69;963;22;3167.00;70
8145;20;623351621;8145;201;9174;9304;8.29;0.51;277.51;7.63;1029;22;3168.00;130
8151;20;623351656;8151;194;9176;9305;8.27;0.51;277.51;7.63;1025;22;3169.00;129
8158;20;623351678;8158;188;9181;9305;8.31;0.51;277.65;7.63;1023;22;3170.00;124
8160;20;623351699;8160;185;9187;9305;8.28;0.51;277.68;7.69;1027;22;3171.00;118
8162;20;623351718;8162;181;9193;9305;8.33;0.51;277.68;7.69;1031;22;3172.00;112
8167;20;623351736;8167;186;9195;9305;8.36;0.51;277.81;7.69;1028;22;3173.00;110
8171;20;623351751;8171;180;9198;9305;8.36;0.51;277.81;7.69;1027;22;3174.00;107
8174;20;623351765;8174;186;9201;9305;8.35;0.51;277.88;7.69;1027;22;3175.00;104
8178;20;623351779;8178;193;9203;9306;8.33;0.51;277.96;7.69;1025;22;3176.00;103
8180;20;623351793;8180;192;9209;9307;8.34;0.51;277.94;7.69;1029;22;3177.00;98
8183;20;623351807;8183;194;9211;9307;8.27;0.50;277.99;7.69;1028;22;3178.00;96
8184;20;623351822;8184;197;9213;9308;8.27;0.51;278.01;7.69;1029;22;3179.00;95
8189;20;623351838;8189;198;9215;9308;8.20;0.50;278.08;7.69;1026;22;3180.00;93
8193;20;623351852;8193;203;9217;9308;8.10;0.49;278.13;7.69;1024;22;3181.00;91
8195;20;623351871;8195;206;9221;9308;8.06;0.49;278.12;7.70;1026;22;3182.00;87
8199;20;623351884;8199;207;9224;9312;8.06;0.49;278.12;7.70;1025;22;3183.00;88
8202;20;623351898;8202;210;9225;9312;8.08;0.49;278.12;7.70;1023;22;3184.00;87
8204;20;623351912;8204;223;9228;9312;8.05;0.49;278.14;7.70;1024;22;3185.00;84
8206;20;623351925;8206;227;9230;9315;8.04;0.49;278.18;7.71;1024;22;3186.00;85
8209;20;623351938;8209;236;9231;9315;8.02;0.49;278.22;7.71;1022;22;3187.00;84
8212;20;623351953;8212;239;9232;9315;7.99;0.49;278.28;7.71;1020;22;3188.00;83
8215;20;623351966;8215;243;9236;9319;7.94;0.48;278.32;7.72;1021;22;3189.00;83
8219;20;623351980;8219;249;9237;9320;7.93;0.48;278.39;7.72;1018;22;3190.00;83
8222;20;623351993;8222;257;9242;9322;7.89;0.48;278.49;7.73;1020;22;3191.00;80
8223;20;623352007;8223;260;9246;9326;7.95;0.49;278.56;7.74;1023;22;3192.00;80
8226;20;623352020;8226;270;9247;9326;7.94;0.48;278.60;7.74;1021;22;3193.00;79
8229;20;623352034;8229;271;9250;9326;7.89;0.48;278.60;7.75;1021;22;3194.00;76
8231;20;623352047;8231;271;9252;9328;7.85;0.48;278.61;7.75;1021;22;3195.00;76
8233;20;623352060;8233;276;9254;9328;7.82;0.47;278.68;7.77;1021;22;3196.00;74
8233;20;623352073;8233;282;9259;9334;7.82;0.48;278.68;7.76;1026;22;3197.00;75
8236;20;623352086;8236;287;9261;9334;7.73;0.47;278.78;7.78;1025;22;3198.00;73
8238;20;623352099;8238;295;9261;9335;7.62;0.46;278.77;7.78;1023;22;3199.00;74
8241;20;623352113;8241;304;9263;9335;7.51;0.46;278.89;7.79;1022;22;3200.00;72
8243;20;623352131;8243;300;9263;9335;7.43;0.45;278.92;7.79;1020;22;3201.00;72
8247;20;623352144;8247;304;9264;9335;7.29;0.44;279.05;7.80;1017;22;3202.00;71
8248;20;623352157;8248;314;9264;9335;7.21;0.44;279.12;7.80;1016;22;3203.00;71
8251;20;623352174;8251;323;9276;9347;7.15;0.44;279.15;7.82;1025;22;3204.00;71
8255;20;623352187;8255;327;9276;9347;7.03;0.43;279.31;7.82;1021;22;3205.00;71
8257;20;623352199;8257;329;9277;9347;6.93;0.42;279.36;7.81;1020;22;3206.00;70
8261;20;623352210;8261;336;9277;9347;6.80;0.42;279.43;7.81;1016;22;3207.00;70
8264;20;623352221;8264;345;9278;9347;6.69;0.41;279.40;7.83;1014;22;3208.00;69
8267;20;623352233;8267;349;9279;9347;6.57;0.40;279.45;7.84;1012;22;3209.00;68
8270;20;623352245;8270;349;9283;9351;6.48;0.39;279.46;7.84;1013;22;3210.00;68
8271;20;623352258;8271;356;9283;9351;6.49;0.40;279.48;7.84;1012;22;3211.00;68
8274;20;623352270;8274;356;9292;9355;6.47;0.39;279.45;7.88;1018;22;3212.00;63
8275;20;623352282;8275;360;9294;9356;6.41;0.39;279.43;7.89;1019;22;3213.00;62
8277;20;623352293;8277;360;9297;9356;6.31;0.39;279.49;7.90;1020;22;3214.00;59
8281;20;623352304;8281;364;9298;9356;6.24;0.38;279.52;7.91;1017;22;3215.00;58
8284;20;623352315;8284;367;9309;9369;6.24;0.38;279.47;7.90;1025;22;3216.00;60
8286;20;623352327;8286;370;9311;9369;6.22;0.38;279.50;7.91;1025;22;3217.00;58
8289;20;623352338;8289;381;9311;9369;6.21;0.38;279.54;7.91;1022;22;3218.00;58
8293;20;623352349;8293;380;9312;9370;6.21;0.38;279.56;7.91;1019;22;3219.00;58
8294;20;623352360;8294;382;9314;9371;6.17;0.38;279.56;7.92;1020;22;3220.00;57
8295;20;623352371;8295;385;9314;9371;6.07;0.37;279.58;7.92;1019;22;3221.00;57
8297;20;623352381;8297;386;9318;9374;5.99;0.37;279.57;7.92;1021;22;3222.00;56
8298;20;623352392;8298;393;9319;9374;5.94;0.36;279.56;7.92;1021;22;3223.00;55
8301;20;623352402;8301;399;9319;9374;5.81;0.36;279.56;7.92;1018;22;3224.00;55
8303;20;623352419;8303;401;9321;9374;5.68;0.35;279.53;7.92;1018;22;3225.00;53
8307;20;623352429;8307;404;9326;9380;5.58;0.34;279.47;7.92;1019;22;3226.00;54
8313;20;623352440;8313;415;9328;9380;5.45;0.33;279.43;7.92;1015;22;3227.00;52
8315;20;623352450;8315;417;9328;9380;5.36;0.33;279.47;7.92;1013;22;3228.00;52
8319;20;623352461;8319;424;9330;9380;5.18;0.32;279.58;7.92;1011;22;3229.00;50
8320;20;623352472;8320;423;9333;9384;5.07;0.31;279.61;7.92;1013;22;3230.00;51
8324;20;623352482;8324;423;9334;9385;4.90;0.30;279.62;7.92;1010;22;3231.00;51
8328;20;623352492;8328;428;9336;9385;4.79;0.29;279.62;7.92;1008;22;3232.00;49
8332;20;623352502;8332;428;9337;9386;4.78;0.29;279.61;7.92;1005;22;3233.00;49
8336;20;623352512;8336;430;9337;9386;4.75;0.29;279.58;7.92;1001;22;3234.00;49
8339;20;623352521;8339;430;9338;9386;4.76;0.29;279.56;7.92;999;22;3235.00;48
8345;20;623352531;8345;428;9338;9386;4.74;0.29;279.55;7.92;993;22;3236.00;48
8348;20;623352541;8348;428;9338;9386;4.78;0.29;279.56;7.92;990;22;3237.00;48
8350;20;623352552;8350;427;9338;9386;4.79;0.29;279.55;7.92;988;22;3238.00;48
8355;20;623352561;8355;425;9338;9386;4.75;0.29;279.52;7.92;983;22;3239.00;48
8357;20;623352573;8357;425;9393;9511;5.11;0.32;279.52;7.87;1036;22;3240.00;118
8360;20;623352592;8360;426;9397;9512;5.15;0.32;279.48;7.87;1037;22;3241.00;115
8363;20;623352602;8363;424;9407;9512;5.26;0.33;279.53;7.87;1044;22;3242.00;105
8363;20;623352613;8363;423;9411;9512;5.30;0.33;279.53;7.86;1048;22;3243.00;101
8369;20;623352626;8369;430;9417;9512;5.29;0.33;279.50;7.86;1048;22;3244.00;95
8371;20;623352637;8371;427;9421;9512;5.30;0.33;279.49;7.86;1050;22;3245.00;91
8375;20;623352648;8375;432;9429;9512;5.28;0.32;279.46;7.86;1054;22;3246.00;83
8381;20;623352659;8381;428;9433;9512;5.24;0.32;279.42;7.86;1052;22;3247.00;79
8384;20;623352669;8384;437;9438;9513;5.15;0.32;279.38;7.86;1054;22;3248.00;75
8386;20;623352680;8386;441;9442;9514;5.17;0.32;279.41;7.86;1056;22;3249.00;72
8390;20;623352690;8390;445;9443;9514;5.10;0.31;279.43;7.86;1053;22;3250.00;71
8391;20;623352701;8391;453;9449;9518;5.06;0.31;279.44;7.86;1058;22;3251.00;69
8396;20;623352711;8396;459;9449;9518;4.99;0.31;279.45;7.86;1053;22;3252.00;69
8398;20;623352722;8398;466;9449;9518;4.94;0.30;279.46;7.86;1051;22;3253.00;69
8401;20;623352732;8401;466;9449;9518;4.89;0.30;279.45;7.86;1048;22;3254.00;69
8403;20;623352742;8403;476;9454;9524;4.88;0.30;279.54;7.85;1051;22;3255.00;70
8405;20;623352753;8405;484;9454;9524;4.85;0.30;279.57;7.85;1049;22;3256.00;70
8410;20;623352764;8410;481;9454;9524;4.83;0.30;279.56;7.85;1044;22;3257.00;70
8413;20;623352774;8413;494;9456;9527;4.77;0.29;279.54;7.85;1043;22;3258.00;71
8415;20;623352785;8415;482;9456;9527;4.70;0.29;279.54;7.85;1041;22;3259.00;71
8416;20;623352795;8416;478;9456;9527;4.68;0.29;279.55;7.85;1040;22;3260.00;71
8420;20;623352805;8420;478;9457;9528;4.63;0.28;279.61;7.85;1037;22;3261.00;71
8422;20;623352816;8422;478;9458;9529;4.65;0.29;279.56;7.85;1036;22;3262.00;71
8427;20;623352826;8427;482;9458;9529;4.72;0.29;279.54;7.85;1031;22;3263.00;71
8432;20;623352837;8432;479;9468;9542;4.79;0.29;279.49;7.84;1036;22;3264.00;74
8436;20;623352849;8436;473;9468;9542;4.79;0.29;279.44;7.84;1032;22;3265.00;74
8440;20;623352866;8440;472;9469;9542;4.81;0.30;279.46;7.84;1029;22;3266.00;73
8443;20;623352877;8443;472;9470;9543;4.83;0.30;279.45;7.84;1027;22;3267.00;73
8444;20;623352888;8444;468;9470;9543;4.87;0.30;279.46;7.84;1026;22;3268.00;73
8446;20;623352904;8446;462;9474;9547;4.97;0.30;279.46;7.84;1028;22;3269.00;73
8447;20;623352917;8447;464;9474;9547;4.99;0.30;279.47;7.84;1027;22;3270.00;73
8449;20;623352928;8449;462;9477;9551;5.03;0.31;279.48;7.83;1028;22;3271.00;74
8452;20;623352943;8452;465;9477;9551;5.01;0.31;279.49;7.83;1025;22;3272.00;74
8454;20;623352955;8454;471;9477;9551;5.00;0.31;279.47;7.83;1023;22;3273.00;74
8456;20;623352968;8456;465;9477;9551;5.03;0.31;279.42;7.83;1021;22;3274.00;74
8458;20;623352980;8458;462;9477;9551;5.04;0.31;279.40;7.83;1019;22;3275.00;74
8459;20;623352991;8459;467;9487;9563;5.16;0.32;279.40;7.83;1028;22;3276.00;76
8460;20;623353004;8460;452;9487;9563;5.22;0.32;279.37;7.83;1027;22;3277.00;76
8461;20;623353016;8461;436;9488;9563;5.31;0.33;279.35;7.83;1027;22;3278.00;75
8462;20;623353027;8462;426;9489;9563;5.43;0.33;279.34;7.90;1027;22;3279.00;74
8464;20;623353038;8464;416;9489;9563;5.50;0.34;279.31;7.90;1025;22;3280.00;74
8466;20;623353050;8466;404;9489;9563;5.60;0.34;279.33;7.90;1023;22;3281.00;74
8466;20;623353062;8466;397;9489;9564;5.71;0.35;279.33;7.90;1023;22;3282.00;75
8467;20;623353078;8467;400;9489;9564;5.88;0.36;279.32;7.90;1022;22;3283.00;75
8469;20;623353090;8469;395;9494;9570;5.97;0.37;279.35;7.90;1025;22;3284.00;76
8473;20;623353107;8473;393;9496;9572;6.09;0.37;279.30;7.90;1023;22;3285.00;76
8476;20;623353119;8476;379;9496;9572;6.26;0.38;279.34;7.90;1020;22;3286.00;76
8478;20;623353132;8478;358;9496;9572;6.42;0.39;279.37;7.90;1018;22;3287.00;76
8482;20;623353143;8482;350;9499;9576;6.56;0.40;279.39;7.90;1017;22;3288.00;77
8485;20;623353156;8485;341;9499;9576;6.71;0.41;279.47;7.90;1014;22;3289.00;77
8486;20;623353174;8486;331;9500;9576;6.88;0.42;279.47;7.98;1014;22;3290.00;76
8490;20;623353186;8490;322;9501;9577;7.01;0.43;279.54;7.98;1011;22;3291.00;76
8490;20;623353199;8490;316;9504;9581;7.13;0.44;279.54;7.97;1014;22;3292.00;77
8495;20;623353217;8495;315;9504;9581;7.20;0.44;279.67;7.97;1009;22;3293.00;77
8497;20;623353230;8497;312;9506;9584;7.30;0.45;279.74;7.97;1009;22;3294.00;78
8499;20;623353243;8499;311;9506;9584;7.37;0.45;279.82;7.97;1007;22;3295.00;78
8500;20;623353256;8500;312;9507;9584;7.50;0.46;279.89;7.97;1007;22;3296.00;77
8503;20;623353268;8503;308;9507;9584;7.56;0.46;279.99;7.97;1004;22;3297.00;77
8506;20;623353281;8506;313;9511;9588;7.63;0.47;280.04;7.97;1005;22;3298.00;77
8508;20;623353294;8508;305;9511;9588;7.71;0.47;280.11;7.97;1003;22;3299.00;77
8511;20;623353309;8511;307;9516;9607;7.70;0.47;280.17;7.96;1005;22;3300.00;91
8516;20;623353328;8516;297;9516;9607;7.70;0.47;280.26;7.96;1000;22;3301.00;91
8520;20;623353341;8520;294;9516;9608;7.72;0.47;280.35;7.96;996;22;3302.00;92
8523;20;623353354;8523;289;9517;9609;7.82;0.48;280.38;7.96;994;22;3303.00;92
8525;20;623353367;8525;285;9517;9609;7.83;0.48;280.43;7.96;992;22;3304.00;92
8525;20;623353380;8525;286;9518;9610;7.93;0.48;280.43;7.96;993;22;3305.00;92
8527;20;623353393;8527;285;9520;9610;8.00;0.49;280.43;7.96;993;22;3306.00;90
8530;20;623353406;8530;278;9520;9610;8.06;0.49;280.52;7.96;990;22;3307.00;90
8533;20;623353421;8533;277;9520;9610;8.14;0.49;280.59;7.96;987;22;3308.00;90
8537;20;623353435;8537;278;9520;9610;8.23;0.50;280.59;7.96;983;22;3309.00;90
8538;20;623353447;8538;270;9520;9610;8.28;0.50;280.64;7.96;982;22;3310.00;90
8541;20;623353460;8541;268;9522;9610;8.24;0.50;280.73;7.96;981;22;3311.00;88
8541;20;623353475;8541;285;9590;9737;8.31;0.51;280.73;7.91;1049;22;3312.00;147
8543;20;623353497;8543;272;9592;9738;8.37;0.51;280.74;7.91;1049;22;3313.00;146
8545;20;623353511;8545;267;9594;9738;8.43;0.52;280.76;7.90;1049;22;3314.00;144
8550;20;623353524;8550;259;9595;9738;8.51;0.52;280.80;7.90;1045;22;3315.00;143
8552;20;623353538;8552;255;9598;9738;8.59;0.53;280.88;7.90;1046;22;3316.00;140
8555;20;623353551;8555;253;9600;9738;8.59;0.53;280.91;7.90;1045;22;3317.00;138
8556;20;623353564;8556;250;9603;9738;8.73;0.54;280.92;7.90;1047;22;3318.00;135
8563;20;623353583;8563;254;9607;9738;8.81;0.54;281.07;7.90;1044;22;3319.00;131
8568;20;623353597;8568;248;9610;9739;8.81;0.54;281.09;7.90;1042;22;3320.00;129
8571;20;623353611;8571;249;9612;9740;8.83;0.54;281.16;7.90;1041;22;3321.00;128
8575;20;623353629;8575;247;9615;9740;8.80;0.54;281.18;7.99;1040;22;3322.00;125
8578;20;623353651;8578;257;9620;9741;8.79;0.54;281.22;7.99;1042;22;3323.00;121
8581;20;623353673;8581;254;9622;9741;8.73;0.53;281.23;7.99;1041;22;3324.00;119
8584;20;623353695;8584;257;9625;9741;8.69;0.53;281.23;7.99;1041;22;3325.00;116
8587;20;623353714;8587;257;9626;9741;8.66;0.53;281.29;7.99;1039;22;3326.00;115
8589;20;623353733;8589;258;9628;9745;8.63;0.53;281.36;7.99;1039;22;3327.00;117
8594;20;623353748;8594;261;9629;9745;8.61;0.52;281.47;7.99;1035;22;3328.00;116
8596;20;623353764;8596;265;9632;9745;8.55;0.52;281.53;8.00;1036;22;3329.00;113
8599;20;623353781;8599;264;9635;9751;8.48;0.52;281.53;8.00;1036;22;3330.00;116
8602;20;623353795;8602;266;9636;9751;8.42;0.51;281.60;8.00;1034;22;3331.00;115
8604;20;623353809;8604;258;9638;9751;8.36;0.51;281.63;8.00;1034;22;3332.00;113
8608;20;623353824;8608;263;9643;9755;8.30;0.50;281.67;8.00;1035;22;3333.00;112
8610;20;623353839;8610;261;9645;9756;8.27;0.50;281.72;8.00;1035;22;3334.00;111
8613;20;623353853;8613;264;9652;9756;8.20;0.50;281.72;8.02;1039;22;3335.00;104
8616;20;623353868;8616;259;9655;9760;8.14;0.50;281.76;8.03;1039;22;3336.00;105
8621;20;623353882;8621;256;9657;9760;8.08;0.49;281.80;8.03;1036;22;3337.00;103
8624;20;623353895;8624;261;9658;9760;8.05;0.49;281.79;8.03;1034;22;3338.00;102
8628;20;623353908;8628;265;9660;9761;8.06;0.49;281.83;8.03;1032;22;3339.00;101
8630;20;623353921;8630;261;9661;9761;8.13;0.49;281.87;8.03;1031;22;3340.00;100
8632;20;623353941;8632;268;9667;9767;8.13;0.49;281.91;8.03;1035;22;3341.00;100
8637;20;623353955;8637;260;9667;9767;8.16;0.50;281.85;8.03;1030;22;3342.00;100
8642;20;623353969;8642;264;9668;9768;8.12;0.49;281.86;8.03;1026;22;3343.00;100
8644;20;623353982;8644;263;9669;9768;8.09;0.49;281.92;8.04;1025;22;3344.00;99
8649;20;623353995;8649;263;9670;9768;7.99;0.48;281.98;8.04;1021;22;3345.00;98
8650;20;623354007;8650;259;9670;9768;7.91;0.48;281.96;8.04;1020;22;3346.00;98
8654;20;623354021;8654;264;9671;9768;7.83;0.48;282.03;8.04;1017;22;3347.00;97
8656;20;623354034;8656;264;9682;9780;7.79;0.47;281.98;8.03;1026;22;3348.00;98
8660;20;623354048;8660;263;9682;9780;7.72;0.47;282.03;8.03;1022;22;3349.00;98
8662;20;623354061;8662;267;9682;9780;7.63;0.46;282.06;8.03;1020;22;3350.00;98
8663;20;623354073;8663;269;9684;9780;7.59;0.46;282.08;8.04;1021;22;3351.00;96
8665;20;623354085;8665;269;9684;9780;7.58;0.46;282.10;8.04;1019;22;3352.00;96
8668;20;623354097;8668;271;9686;9780;7.52;0.46;282.14;8.04;1018;22;3353.00;94
8670;20;623354109;8670;270;9689;9784;7.47;0.45;282.19;8.04;1019;22;3354.00;95
8670;20;623354121;8670;271;9689;9784;7.43;0.45;282.19;8.04;1019;22;3355.00;95
8672;20;623354133;8672;271;9693;9788;7.44;0.45;282.31;8.04;1021;22;3356.00;95
8675;20;623354146;8675;268;9695;9789;7.40;0.45;282.34;8.04;1020;22;3357.00;94
8681;20;623354159;8681;275;9695;9789;7.31;0.44;282.47;8.04;1014;22;3358.00;94
8681;20;623354172;8681;280;9695;9789;7.29;0.44;282.47;8.04;1014;22;3359.00;94
8685;20;623354185;8685;291;9717;9818;7.26;0.44;282.63;8.03;1032;22;3360.00;101
8688;20;623354199;8688;289;9718;9818;7.23;0.44;282.68;8.04;1030;22;3361.00;100
8689;20;623354210;8689;298;9721;9818;7.27;0.44;282.66;8.05;1032;22;3362.00;97
8690;20;623354222;8690;304;9724;9819;7.25;0.44;282.68;8.06;1034;22;3363.00;95
8694;20;623354241;8694;315;9725;9820;7.22;0.44;282.78;8.06;1031;22;3364.00;95
8694;20;623354254;8694;318;9727;9820;7.20;0.44;282.78;8.08;1033;22;3365.00;93
8699;20;623354267;8699;319;9729;9823;7.16;0.44;282.90;8.08;1030;22;3366.00;94
8700;20;623354288;8700;322;9730;9823;7.13;0.44;282.96;8.09;1030;22;3367.00;93
8704;20;623354300;8704;321;9731;9823;7.05;0.43;283.02;8.09;1027;22;3368.00;92
8706;20;623354312;8706;337;9732;9823;6.94;0.42;283.03;8.10;1026;22;3369.00;91
8709;20;623354324;8709;354;9738;9829;6.85;0.42;283.09;8.11;1029;22;3370.00;91
8711;20;623354336;8711;350;9738;9829;6.73;0.41;283.08;8.11;1027;22;3371.00;91
8714;20;623354347;8714;357;9739;9829;6.59;0.40;283.11;8.12;1025;22;3372.00;90
8716;20;623354365;8716;364;9741;9829;6.44;0.39;283.12;8.14;1025;22;3373.00;88
8716;20;623354376;8716;374;9744;9833;6.34;0.39;283.12;8.14;1028;22;3374.00;89
8718;20;623354389;8718;373;9746;9835;6.27;0.39;283.15;8.14;1028;22;3375.00;89
8723;20;623354400;8723;376;9748;9835;6.19;0.38;283.17;8.15;1025;22;3376.00;87
8723;20;623354411;8723;380;9749;9836;6.15;0.38;283.17;8.15;1026;22;3377.00;87
8726;20;623354423;8726;379;9749;9836;6.13;0.38;283.11;8.15;1023;22;3378.00;87
8727;20;623354434;8727;377;9751;9836;6.12;0.38;283.09;8.17;1024;22;3379.00;85
8731;20;623354446;8731;376;9751;9836;6.10;0.37;283.04;8.17;1020;22;3380.00;85
8733;20;623354456;8733;374;9751;9836;6.08;0.37;282.99;8.17;1018;22;3381.00;85
8735;20;623354469;8735;376;9751;9836;5.99;0.37;282.95;8.17;1016;22;3382.00;85
8738;20;623354480;8738;375;9755;9836;5.92;0.36;283.03;8.20;1017;22;3383.00;81
8740;20;623354491;8740;377;9793;9906;6.04;0.37;283.04;8.17;1053;22;3384.00;113
8743;20;623354508;8743;381;9795;9907;6.00;0.37;283.13;8.16;1052;22;3385.00;112
8747;20;623354520;8747;384;9802;9907;5.98;0.37;283.06;8.17;1055;22;3386.00;105
8747;20;623354531;8747;385;9805;9907;5.94;0.36;283.06;8.17;1058;22;3387.00;102
8753;20;623354542;8753;387;9809;9907;5.90;0.36;282.97;8.17;1056;22;3388.00;98
8755;20;623354553;8755;385;9812;9907;5.84;0.36;282.92;8.19;1057;22;3389.00;95
8756;20;623354565;8756;394;9815;9907;5.78;0.35;282.90;8.20;1059;22;3390.00;92
8762;20;623354575;8762;402;9822;9907;5.66;0.35;282.80;8.21;1060;22;3391.00;85
8763;20;623354586;8763;399;9825;9908;5.63;0.34;282.79;8.22;1062;22;3392.00;83
8766;20;623354598;8766;403;9828;9909;5.54;0.34;282.74;8.22;1062;22;3393.00;81
8768;20;623354608;8768;411;9830;9909;5.46;0.33;282.70;8.23;1062;22;3394.00;79
8771;20;623354620;8771;408;9835;9913;5.38;0.33;282.69;8.22;1064;22;3395.00;78
8774;20;623354632;8774;418;9836;9913;5.21;0.32;282.68;8.23;1062;22;3396.00;77
8777;20;623354643;8777;424;9837;9913;5.05;0.31;282.65;8.23;1060;22;3397.00;76
8783;20;623354653;8783;434;9838;9913;4.91;0.30;282.60;8.23;1055;22;3398.00;75
8786;20;623354663;8786;444;9843;9919;4.85;0.30;282.64;8.23;1057;22;3399.00;76
8788;20;623354675;8788;441;9843;9919;4.81;0.29;282.68;8.23;1055;22;3400.00;76
8788;20;623354689;8788;435;9844;9919;4.81;0.30;282.68;8.23;1056;22;3401.00;75
8791;20;623354699;8791;429;9845;9922;4.80;0.29;282.70;8.23;1054;22;3402.00;77
8793;20;623354710;8793;420;9846;9922;4.76;0.29;282.70;8.24;1053;22;3403.00;76
8796;20;623354719;8796;424;9848;9922;4.70;0.29;282.68;8.24;1052;22;3404.00;74
8799;20;623354729;8799;426;9849;9923;4.65;0.28;282.70;8.25;1050;22;3405.00;74
8800;20;623354740;8800;425;9850;9924;4.66;0.28;282.68;8.25;1050;22;3406.00;74
8805;20;623354750;8805;423;9851;9924;4.65;0.28;282.67;8.25;1046;22;3407.00;73
8808;20;623354760;8808;425;9860;9937;4.76;0.29;282.61;8.24;1052;22;3408.00;77
8810;20;623354771;8810;425;9861;9937;4.78;0.29;282.62;8.24;1051;22;3409.00;76
8813;20;623354782;8813;422;9863;9937;4.80;0.29;282.61;8.24;1050;22;3410.00;74
8816;20;623354791;8816;414;9864;9938;4.86;0.30;282.63;8.24;1048;22;3411.00;74
8818;20;623354802;8818;403;9865;9938;4.91;0.30;282.66;8.24;1047;22;3412.00;73
8820;20;623354813;8820;396;9868;9942;4.99;0.31;282.65;8.24;1048;22;3413.00;74
8822;20;623354825;8822;389;9868;9942;5.08;0.31;282.65;8.24;1046;22;3414.00;74
8826;20;623354835;8826;390;9872;9946;5.15;0.31;282.67;8.23;1046;22;3415.00;74
8828;20;623354846;8828;385;9872;9946;5.20;0.32;282.63;8.23;1044;22;3416.00;74
8830;20;623354857;8830;384;9873;9946;5.24;0.32;282.64;8.23;1043;22;3417.00;73
8836;20;623354868;8836;383;9873;9946;5.25;0.32;282.58;8.23;1037;22;3418.00;73
8838;20;623354879;8838;378;9873;9946;5.35;0.33;282.58;8.23;1035;22;3419.00;73
8842;20;623354891;8842;384;9901;9980;5.59;0.34;282.58;8.21;1059;22;3420.00;79
8844;20;623354905;8844;379;9901;9980;5.66;0.35;282.54;8.21;1057;22;3421.00;79
8845;20;623354922;8845;380;9902;9980;5.74;0.35;282.55;8.21;1057;22;3422.00;78
8847;20;623354933;8847;381;9902;9980;5.77;0.35;282.52;8.21;1055;22;3423.00;78
8852;20;623354945;8852;385;9903;9980;5.78;0.35;282.50;8.30;1051;22;3424.00;77
8856;20;623354963;8856;381;9903;9980;5.75;0.35;282.47;8.30;1047;22;3425.00;77
8859;20;623354975;8859;383;9903;9981;5.75;0.35;282.48;8.30;1044;22;3426.00;78
8860;20;623354987;8860;383;9903;9981;5.79;0.35;282.56;8.30;1043;22;3427.00;78
8861;21;623354998;8861;377;9908;9987;5.85;0.36;282.57;8.30;1047;23;3428.00;79
8865;21;623355022;8865;377;9909;9988;5.83;0.36;282.58;8.29;1044;23;3429.00;79
8868;21;623355034;8868;378;9909;9988;5.83;0.36;282.61;8.29;1041;23;3430.00;79
8871;21;623355051;8871;375;9909;9988;5.82;0.35;282.59;8.29;1038;23;3431.00;79
8877;21;623355062;8877;379;9912;9992;5.79;0.35;282.70;8.29;1035;23;3432.00;80
8881;21;623355074;8881;381;9912;9992;5.80;0.35;282.66;8.29;1031;23;3433.00;80
8884;21;623355085;8884;377;9912;9992;5.86;0.36;282.61;8.29;1028;23;3434.00;80
8886;21;623355096;8886;377;9913;9993;5.86;0.36;282.61;8.29;1027;23;3435.00;80
8891;21;623355108;8891;380;9916;9997;5.87;0.36;282.65;8.29;1025;23;3436.00;81
8894;21;623355123;8894;381;9916;9997;5.85;0.36;282.71;8.29;1022;23;3437.00;81
8896;21;623355134;8896;374;9918;10000;5.83;0.36;282.72;8.29;1022;23;3438.00;82
8900;21;623355146;8900;381;9918;10000;5.81;0.35;282.80;8.29;1018;23;3439.00;82
8903;21;623355158;8903;376;9919;10000;5.88;0.36;282.81;8.29;1016;23;3440.00;81
8905;21;623355169;8905;384;9919;10000;5.87;0.36;282.80;8.29;1014;23;3441.00;81
8908;21;623355181;8908;378;9924;10004;5.89;0.36;282.83;8.38;1016;23;3442.00;80
8911;21;623355193;8911;373;9924;10004;5.91;0.36;282.93;8.38;1013;23;3443.00;80
8916;21;623355204;8916;374;9924;10004;5.91;0.36;282.99;8.38;1008;23;3444.00;80
8920;21;623355215;8920;374;9924;10004;5.89;0.36;283.02;8.38;1004;23;3445.00;80
8923;21;623355227;8923;367;9924;10005;5.81;0.36;282.99;8.38;1001;23;3446.00;81
8924;21;623355238;8924;348;9925;10006;5.86;0.36;282.98;8.38;1001;23;3447.00;81
8929;21;623355250;8929;335;9925;10006;5.89;0.36;283.03;8.38;996;23;3448.00;81
8933;21;623355263;8933;339;9927;10007;5.99;0.37;283.05;8.47;994;23;3449.00;80
8935;21;623355276;8935;342;9927;10007;6.08;0.37;283.08;8.47;992;23;3450.00;80
8938;21;623355288;8938;343;9927;10007;6.17;0.38;283.09;8.47;989;23;3451.00;80
8942;21;623355300;8942;341;9927;10007;6.21;0.38;283.21;8.47;985;23;3452.00;80
8946;21;623355312;8946;345;9927;10007;6.27;0.38;283.28;8.47;981;23;3453.00;80
8951;21;623355324;8951;340;9927;10007;6.36;0.39;283.32;8.47;976;23;3454.00;80
8952;21;623355336;8952;341;9927;10007;6.40;0.39;283.36;8.47;975;23;3455.00;80
8954;21;623355353;8954;352;9999;10134;6.70;0.41;283.35;8.41;1045;23;3456.00;135
8959;21;623355374;8959;336;10001;10135;6.77;0.42;283.52;8.41;1042;23;3457.00;134
8960;21;623355387;8960;315;10008;10135;6.99;0.43;283.50;8.40;1048;23;3458.00;127
8962;21;623355400;8962;303;10012;10135;7.10;0.44;283.51;8.49;1050;23;3459.00;123
8962;21;623355413;8962;290;10017;10135;7.24;0.45;283.51;8.49;1055;23;3460.00;118
8964;21;623355426;8964;285;10019;10135;7.31;0.45;283.55;8.49;1055;23;3461.00;116
8964;21;623355439;8964;277;10022;10135;7.36;0.45;283.55;8.49;1058;23;3462.00;113
8967;21;623355452;8967;279;10024;10135;7.41;0.45;283.60;8.49;1057;23;3463.00;111
8969;21;623355465;8969;276;10026;10136;7.46;0.46;283.70;8.49;1057;23;3464.00;110
8972;21;623355478;8972;279;10031;10138;7.49;0.46;283.70;8.49;1059;23;3465.00;107
8975;21;623355492;8975;282;10033;10138;7.50;0.46;283.77;8.49;1058;23;3466.00;105
8979;21;623355505;8979;283;10035;10139;7.47;0.46;283.83;8.58;1056;23;3467.00;104
8980;21;623355524;8980;288;10040;10139;7.51;0.46;283.83;8.58;1060;23;3468.00;99
8983;21;623355537;8983;292;10041;10139;7.55;0.46;283.88;8.58;1058;23;3469.00;98
8985;21;623355549;8985;292;10042;10139;7.61;0.47;283.99;8.58;1057;23;3470.00;97
8988;21;623355562;8988;293;10047;10143;7.66;0.47;284.00;8.58;1059;23;3471.00;96
8991;21;623355576;8991;293;10048;10143;7.71;0.47;284.06;8.58;1057;23;3472.00;95
8998;21;623355590;8998;294;10050;10143;7.73;0.47;284.20;8.58;1052;23;3473.00;93
9000;21;623355603;9000;295;10051;10146;7.78;0.47;284.23;8.58;1051;23;3474.00;95
9002;21;623355622;9002;290;10052;10146;7.80;0.47;284.36;8.68;1050;23;3475.00;94
9005;21;623355645;9005;289;10054;10146;7.81;0.48;284.41;8.68;1049;23;3476.00;92
9006;21;623355666;9006;294;10059;10150;7.84;0.48;284.39;8.68;1053;23;3477.00;91
9010;21;623355692;9010;289;10061;10151;7.88;0.48;284.55;8.68;1051;23;3478.00;90
9015;21;623355712;9015;289;10062;10151;7.93;0.48;284.58;8.68;1047;23;3479.00;89
9016;21;623355734;9016;283;10065;10156;8.03;0.49;284.55;8.67;1049;23;3480.00;91
9020;21;623355752;9020;283;10065;10156;8.01;0.48;284.63;8.67;1045;23;3481.00;91
9021;21;623355769;9021;290;10066;10156;8.09;0.49;284.67;8.67;1045;23;3482.00;90
9023;21;623355784;9023;285;10068;10157;8.17;0.49;284.69;8.77;1045;23;3483.00;89
9027;21;623355799;9027;286;10068;10157;8.19;0.50;284.73;8.77;1041;23;3484.00;89
9028;21;623355814;9028;282;10073;10163;8.25;0.50;284.75;8.76;1045;23;3485.00;90
9030;21;623355830;9030;276;10073;10163;8.23;0.50;284.78;8.76;1043;23;3486.00;90
9032;21;623355845;9032;274;10074;10164;8.24;0.50;284.81;8.86;1042;23;3487.00;90
9033;21;623355860;9033;274;10074;10164;8.26;0.50;284.82;8.86;1041;23;3488.00;90
9035;21;623355874;9035;267;10074;10164;8.29;0.50;284.86;8.86;1039;23;3489.00;90
9037;21;623355888;9037;265;10074;10164;8.27;0.50;284.90;8.86;1037;23;3490.00;90
9041;21;623355902;9041;252;10074;10164;8.27;0.50;284.95;8.86;1033;23;3491.00;90
9042;21;623355916;9042;245;10084;10176;8.31;0.50;285.01;8.85;1042;23;3492.00;92
9045;21;623355932;9045;238;10084;10176;8.35;0.51;285.03;8.85;1039;23;3493.00;92
9048;21;623355946;9048;235;10086;10176;8.40;0.51;285.15;8.94;1038;23;3494.00;90
9051;21;623355959;9051;238;10086;10176;8.43;0.51;285.24;8.94;1035;23;3495.00;90
9054;21;623355975;9054;239;10086;10176;8.42;0.51;285.28;8.94;1032;23;3496.00;90
9061;21;623355990;9061;240;10086;10176;8.42;0.51;285.45;8.94;1025;23;3497.00;90
9063;21;623356004;9063;234;10089;10180;8.39;0.51;285.54;8.94;1026;23;3498.00;91
9065;21;623356019;9065;230;10089;10180;8.36;0.51;285.65;8.94;1024;23;3499.00;91
9067;21;623356033;9067;233;10093;10184;8.39;0.51;285.70;8.93;1026;23;3500.00;91
9071;21;623356052;9071;231;10094;10185;8.39;0.51;285.73;8.93;1023;23;3501.00;91
9077;21;623356067;9077;216;10094;10185;8.30;0.50;285.85;8.93;1017;23;3502.00;91
9080;21;623356082;9080;221;10094;10185;8.23;0.50;285.87;8.93;1014;23;3503.00;91
9086;21;623356099;9086;228;10107;10198;8.14;0.49;285.89;9.02;1021;23;3504.00;91
9087;21;623356127;9087;222;10108;10198;8.12;0.49;285.87;9.04;1021;23;3505.00;90
9090;21;623356142;9090;222;10108;10198;8.10;0.49;285.87;9.04;1018;23;3506.00;90
9093;21;623356163;9093;229;10109;10199;8.14;0.49;285.84;9.04;1016;23;3507.00;90
9097;21;623356181;9097;231;10109;10200;8.14;0.49;285.93;9.04;1012;23;3508.00;91
9101;21;623356196;9101;233;10109;10200;8.16;0.49;285.92;9.04;1008;23;3509.00;91
9105;21;623356217;9105;242;10113;10206;8.20;0.50;285.85;9.03;1008;23;3510.00;93
9108;21;623356238;9108;240;10114;10206;8.21;0.50;285.90;9.03;1006;23;3511.00;92
9111;21;623356260;9111;244;10115;10206;8.16;0.49;285.90;9.03;1004;23;3512.00;91
9112;21;623356277;9112;254;10115;10206;8.16;0.49;285.93;9.03;1003;23;3513.00;91
9117;21;623356291;9117;253;10120;10212;8.19;0.49;285.93;9.03;1003;23;3514.00;92
9119;21;623356305;9119;249;10120;10212;8.14;0.49;285.94;9.03;1001;23;3515.00;92
9120;21;623356318;9120;243;10120;10212;8.08;0.49;285.97;9.03;1000;23;3516.00;92
9121;21;623356330;9121;244;10120;10212;8.01;0.48;286.02;9.03;999;23;3517.00;92
9125;21;623356343;9125;247;10123;10216;7.95;0.48;286.07;9.02;998;23;3518.00;93
9126;21;623356356;9126;245;10126;10219;7.87;0.48;286.05;9.02;1000;23;3519.00;93
9128;21;623356369;9128;245;10127;10219;7.86;0.47;286.06;9.03;999;23;3520.00;92
9130;21;623356381;9130;249;10128;10220;7.84;0.47;286.12;9.03;998;23;3521.00;92
9133;21;623356394;9133;252;10128;10220;7.71;0.47;286.24;9.03;995;23;3522.00;92
9136;21;623356405;9136;257;10128;10220;7.66;0.46;286.34;9.03;992;23;3523.00;92
9139;21;623356418;9139;260;10128;10220;7.55;0.46;286.34;9.03;989;23;3524.00;92
9140;21;623356430;9140;271;10128;10220;7.50;0.46;286.36;9.03;988;23;3525.00;92
9142;21;623356443;9142;277;10129;10220;7.47;0.45;286.37;9.04;987;23;3526.00;91
9142;21;623356454;9142;282;10129;10220;7.43;0.45;286.37;9.04;987;23;3527.00;91
9144;21;623356467;9144;291;10164;10290;7.54;0.46;286.34;9.01;1020;23;3528.00;126
9147;21;623356485;9147;295;10167;10291;7.52;0.46;286.37;9.02;1020;23;3529.00;124
9151;21;623356498;9151;302;10177;10291;7.49;0.46;286.31;9.02;1026;23;3530.00;114
9151;21;623356510;9151;308;10180;10291;7.46;0.46;286.31;9.02;1029;23;3531.00;111
9153;21;623356522;9153;309;10184;10291;7.39;0.45;286.32;9.03;1031;23;3532.00;107
9155;21;623356534;9155;318;10188;10291;7.34;0.45;286.29;9.04;1033;23;3533.00;103
9157;21;623356547;9157;326;10191;10291;7.25;0.44;286.31;9.04;1034;23;3534.00;100
9162;21;623356558;9162;332;10196;10291;7.14;0.44;286.27;9.06;1034;23;3535.00;95
9165;21;623356571;9165;337;10197;10292;7.06;0.43;286.27;9.06;1032;23;3536.00;95
9169;21;623356583;9169;338;10200;10293;7.00;0.43;286.18;9.06;1031;23;3537.00;93
9171;21;623356597;9171;341;10203;10293;6.98;0.43;286.15;9.07;1032;23;3538.00;90
9173;21;623356611;9173;345;10208;10297;6.98;0.43;286.23;9.07;1035;23;3539.00;89
9174;21;623356628;9174;354;10210;10297;6.92;0.42;286.26;9.10;1036;23;3540.00;87
9180;21;623356645;9180;359;10211;10297;6.82;0.42;286.27;9.10;1031;23;3541.00;86
9185;21;623356665;9185;365;10211;10297;6.69;0.41;286.23;9.10;1026;23;3542.00;86
9186;21;623356678;9186;373;10218;10303;6.61;0.40;286.29;9.11;1032;23;3543.00;85
9186;21;623356691;9186;382;10219;10303;6.48;0.40;286.29;9.11;1033;23;3544.00;84
9188;21;623356704;9188;384;10220;10303;6.40;0.39;286.44;9.12;1032;23;3545.00;83
9190;21;623356721;9190;391;10222;10306;6.27;0.38;286.46;9.12;1032;23;3546.00;84
9191;21;623356735;9191;404;10223;10306;6.15;0.38;286.45;9.13;1032;23;3547.00;83
9193;21;623356746;9193;407;10224;10306;6.03;0.37;286.44;9.13;1031;23;3548.00;82
9194;21;623356756;9194;402;10225;10307;5.90;0.36;286.41;9.14;1031;23;3549.00;82
9194;21;623356767;9194;403;10226;10308;5.86;0.36;286.41;9.14;1032;23;3550.00;82
9198;21;623356778;9198;404;10229;10308;5.76;0.35;286.38;9.17;1031;23;3551.00;79
9200;21;623356794;9200;410;10238;10321;5.71;0.35;286.36;9.16;1038;23;3552.00;83
9203;21;623356806;9203;408;10239;10321;5.65;0.35;286.35;9.17;1036;23;3553.00;82
9206;21;623356816;9206;412;10241;10321;5.67;0.35;286.30;9.17;1035;23;3554.00;80
9207;21;623356828;9207;415;10244;10323;5.62;0.34;286.36;9.17;1037;23;3555.00;79
9211;21;623356840;9211;423;10245;10323;5.53;0.34;286.33;9.18;1034;23;3556.00;78
9213;21;623356852;9213;422;10249;10327;5.56;0.34;286.29;9.18;1036;23;3557.00;78
9213;21;623356863;9213;425;10252;10327;5.54;0.34;286.29;9.21;1039;23;3558.00;75
9214;21;623356874;9214;432;10255;10331;5.49;0.33;286.26;9.21;1041;23;3559.00;76
9216;21;623356884;9216;438;10256;10331;5.41;0.33;286.24;9.21;1040;23;3560.00;75
9217;21;623356895;9217;442;10256;10331;5.34;0.33;286.23;9.21;1039;23;3561.00;75
9222;21;623356905;9222;443;10256;10331;5.18;0.31;286.14;9.21;1034;23;3562.00;75
9223;21;623356916;9223;435;10257;10331;5.08;0.31;286.15;9.22;1034;23;3563.00;74
9226;21;623356927;9226;433;10269;10343;5.08;0.31;286.13;9.23;1043;23;3564.00;74
9227;21;623356940;9227;429;10269;10343;5.06;0.31;286.13;9.23;1042;23;3565.00;74
9228;21;623356950;9228;432;10273;10343;5.09;0.31;286.12;9.24;1045;23;3566.00;70
9231;21;623356961;9231;437;10273;10343;5.05;0.31;286.09;9.24;1042;23;3567.00;70
9234;21;623356972;9234;434;10275;10343;5.00;0.31;286.11;9.25;1041;23;3568.00;68
9236;21;623356983;9236;437;10275;10343;4.99;0.31;286.06;9.25;1039;23;3569.00;68
9240;21;623357005;9240;430;10275;10344;4.96;0.30;286.14;9.25;1035;23;3570.00;69
9241;21;623357016;9241;433;10277;10344;4.98;0.30;286.13;9.26;1036;23;3571.00;67
9243;21;623357027;9243;429;10282;10350;5.06;0.31;286.14;9.26;1039;23;3572.00;68
9246;21;623357039;9246;432;10285;10351;5.06;0.31;286.16;9.26;1039;23;3573.00;66
9247;21;623357052;9247;431;10285;10351;5.08;0.31;286.17;9.26;1038;23;3574.00;66
9249;21;623357063;9249;426;10286;10351;5.11;0.31;286.20;9.26;1037;23;3575.00;65
9250;21;623357074;9250;423;10290;10355;5.18;0.32;286.21;9.26;1040;23;3576.00;65
9252;21;623357086;9252;422;10290;10355;5.22;0.32;286.25;9.26;1038;23;3577.00;65
9256;21;623357097;9256;418;10290;10355;5.23;0.32;286.30;9.26;1034;23;3578.00;65
9257;21;623357110;9257;420;10291;10356;5.32;0.32;286.32;9.26;1034;23;3579.00;65
9258;21;623357121;9258;415;10294;10360;5.37;0.33;286.32;9.26;1036;23;3580.00;66
9259;21;623357132;9259;413;10294;10360;5.43;0.33;286.34;9.26;1035;23;3581.00;66
9261;21;623357149;9261;409;10296;10363;5.52;0.34;286.32;9.26;1035;23;3582.00;67
9265;21;623357160;9265;408;10297;10363;5.53;0.34;286.35;9.26;1032;23;3583.00;66
9270;21;623357173;9270;412;10297;10363;5.56;0.34;286.38;9.26;1027;23;3584.00;66
9276;21;623357185;9276;406;10297;10363;5.59;0.34;286.40;9.26;1021;23;3585.00;66
9278;21;623357196;9278;403;10301;10367;5.70;0.35;286.42;9.25;1023;23;3586.00;66
9280;21;623357208;9280;406;10301;10367;5.79;0.35;286.49;9.25;1021;23;3587.00;66
9281;21;623357220;9281;405;10301;10367;5.87;0.36;286.48;9.25;1020;23;3588.00;66
9288;21;623357237;9288;400;10301;10367;5.88;0.36;286.47;9.25;1013;23;3589.00;66
9290;21;623357249;9290;400;10301;10368;5.92;0.36;286.52;9.25;1011;23;3590.00;67
9292;21;623357261;9292;403;10302;10369;5.97;0.36;286.54;9.25;1010;23;3591.00;67
9298;21;623357273;9298;396;10302;10369;5.95;0.36;286.55;9.25;1004;23;3592.00;67
9303;21;623357285;9303;389;10303;10370;5.95;0.36;286.61;9.25;1000;23;3593.00;67
9307;21;623357297;9307;389;10303;10370;5.95;0.36;286.73;9.25;996;23;3594.00;67
9311;21;623357308;9311;387;10303;10370;5.93;0.36;286.76;9.25;992;23;3595.00;67
9313;21;623357322;9313;389;10303;10370;5.94;0.36;286.83;9.25;990;23;3596.00;67
9317;21;623357338;9317;387;10303;10370;5.92;0.36;286.90;9.25;986;23;3597.00;67
9319;21;623357357;9319;390;10303;10370;5.98;0.36;286.92;9.25;984;23;3598.00;67
9322;21;623357373;9322;386;10303;10370;5.96;0.36;287.00;9.25;981;23;3599.00;67
9327;21;623357393;9327;420;10416;10623;6.21;0.39;287.09;9.15;1089;23;3600.00;207
9329;21;623357438;9329;413;10422;10624;6.22;0.39;287.10;9.15;1093;23;3601.00;202
9332;21;623357462;9332;408;10438;10624;6.26;0.39;287.15;9.14;1106;23;3602.00;186
9335;21;623357477;9335;405;10442;10624;6.26;0.39;287.17;9.13;1107;23;3603.00;182
9337;21;623357490;9337;403;10451;10624;6.30;0.39;287.17;9.13;1114;23;3604.00;173
9340;21;623357503;9340;402;10453;10624;6.26;0.39;287.27;9.13;1113;23;3605.00;171
9344;21;623357515;9344;405;10462;10624;6.26;0.39;287.29;9.13;1118;23;3606.00;162
9348;21;623357528;9348;403;10465;10624;6.17;0.38;287.32;9.12;1117;23;3607.00;159
9349;21;623357540;9349;404;10469;10625;6.18;0.38;287.32;9.12;1120;23;3608.00;156
9354;21;623357553;9354;407;10476;10626;6.15;0.38;287.40;9.12;1122;23;3609.00;150
9359;21;623357566;9359;406;10481;10626;6.10;0.38;287.38;9.12;1122;23;3610.00;145
9361;21;623357579;9361;415;10487;10627;6.09;0.38;287.41;9.13;1126;23;3611.00;140
9365;21;623357593;9365;414;10492;10627;6.00;0.37;287.43;9.13;1127;23;3612.00;135
9369;21;623357612;9369;420;10495;10627;5.88;0.36;287.44;9.13;1126;23;3613.00;132
9370;21;623357625;9370;423;10498;10627;5.87;0.36;287.48;9.13;1128;23;3614.00;129
9376;21;623357642;9376;431;10502;10631;5.82;0.36;287.49;9.13;1126;23;3615.00;129
9379;21;623357667;9379;441;10503;10631;5.76;0.35;287.51;9.13;1124;23;3616.00;128
9384;21;623357690;9384;438;10506;10631;5.73;0.35;287.57;9.13;1122;23;3617.00;125
9385;21;623357710;9385;440;10507;10634;5.77;0.35;287.57;9.13;1122;23;3618.00;127
9389;21;623357731;9389;435;10509;10634;5.78;0.36;287.66;9.13;1120;23;3619.00;125
9393;21;623357748;9393;433;10509;10634;5.81;0.36;287.80;9.13;1116;23;3620.00;125
9393;21;623357764;9393;434;10513;10638;5.87;0.36;287.80;9.13;1120;23;3621.00;125
9400;21;623357780;9400;436;10514;10639;5.83;0.36;287.91;9.13;1114;23;3622.00;125
9405;21;623357797;9405;441;10514;10639;5.83;0.36;287.99;9.13;1109;23;3623.00;125
9406;21;623357814;9406;446;10516;10643;5.89;0.36;288.02;9.13;1110;23;3624.00;127
9409;21;623357830;9409;445;10517;10643;5.96;0.36;288.05;9.13;1108;23;3625.00;126
9413;21;623357845;9413;441;10518;10643;6.01;0.37;288.05;9.13;1105;23;3626.00;125
9416;21;623357860;9416;421;10518;10644;6.06;0.37;288.09;9.13;1102;23;3627.00;126
9417;22;623357875;9417;406;10518;10644;6.18;0.38;288.12;9.13;1101;24;3628.00;126
9418;22;623357916;9418;400;10523;10650;6.24;0.38;288.11;9.13;1105;24;3629.00;127
9419;22;623357944;9419;388;10524;10650;6.34;0.39;288.11;9.13;1105;24;3630.00;126
9423;23;623357959;9423;393;10527;10651;6.40;0.39;288.18;9.14;1104;25;3631.00;124
9425;23;623357988;9425;388;10527;10651;6.52;0.40;288.17;9.14;1102;25;3632.00;124
9427;23;623358004;9427;390;10529;10651;6.60;0.40;288.24;9.14;1102;25;3633.00;122
9429;24;623358020;9429;383;10529;10651;6.67;0.41;288.27;9.14;1100;26;3634.00;122
9432;24;623358049;9432;387;10530;10651;6.76;0.41;288.34;9.14;1098;26;3635.00;121
9435;25;623358065;9435;389;10538;10663;6.85;0.42;288.42;9.14;1103;28;3636.00;125
9437;26;623358115;9437;383;10539;10663;6.91;0.42;288.40;9.14;1102;29;3637.00;124
9440;26;623358142;9440;379;10541;10663;6.99;0.43;288.53;9.14;1101;29;3638.00;122
9444;26;623358159;9444;370;10543;10663;7.06;0.43;288.54;9.14;1099;29;3639.00;120
9447;26;623358176;9447;370;10544;10663;7.12;0.43;288.55;9.14;1097;29;3640.00;119
9451;26;623358193;9451;362;10545;10663;7.18;0.44;288.78;9.14;1094;29;3641.00;118
9452;26;623358208;9452;355;10548;10667;7.24;0.44;288.80;9.14;1096;29;3642.00;119
9455;26;623358228;9455;353;10551;10667;7.33;0.45;288.88;9.14;1096;29;3643.00;116
9458;26;623358244;9458;352;10556;10671;7.45;0.45;288.93;9.23;1098;29;3644.00;115
9460;26;623358263;9460;339;10558;10673;7.50;0.46;288.96;9.23;1098;29;3645.00;115
9464;26;623358279;9464;338;10558;10673;7.53;0.46;289.06;9.23;1094;29;3646.00;115
9466;26;623358298;9466;333;10558;10673;7.62;0.46;289.06;9.23;1092;29;3647.00;115
9468;26;623358316;9468;319;10567;10686;7.71;0.47;289.12;9.22;1099;29;3648.00;119
9470;26;623358334;9470;319;10567;10686;7.72;0.47;289.12;9.22;1097;29;3649.00;119
9474;26;623358351;9474;319;10567;10686;7.74;0.47;289.16;9.22;1093;29;3650.00;119
9478;26;623358379;9478;318;10568;10687;7.80;0.48;289.24;9.22;1090;29;3651.00;119
9480;26;623358397;9480;312;10568;10688;7.81;0.48;289.25;9.22;1088;29;3652.00;120
9486;26;623358413;9486;311;10568;10688;7.78;0.47;289.31;9.22;1082;29;3653.00;120
9489;26;623358429;9489;316;10570;10691;7.81;0.47;289.34;9.22;1081;29;3654.00;121
9493;26;623358445;9493;316;10570;10691;7.80;0.47;289.46;9.22;1077;29;3655.00;121
9495;26;623358462;9495;315;10571;10691;7.82;0.48;289.53;9.22;1076;29;3656.00;120
9499;26;623358477;9499;312;10571;10691;7.80;0.47;289.62;9.22;1072;29;3657.00;120
9503;26;623358492;9503;310;10576;10697;7.80;0.47;289.66;9.22;1073;29;3658.00;121
9507;26;623358510;9507;312;10576;10697;7.72;0.47;289.67;9.22;1069;29;3659.00;121
9509;26;623358528;9509;311;10576;10697;7.78;0.47;289.74;9.22;1067;29;3660.00;121
9510;26;623358545;9510;312;10576;10697;7.78;0.47;289.72;9.22;1066;29;3661.00;121
9513;26;623358561;9513;311;10579;10701;7.76;0.47;289.80;9.21;1066;29;3662.00;122
9513;26;623358577;9513;312;10581;10702;7.79;0.47;289.80;9.31;1068;29;3663.00;121
9516;26;623358594;9516;320;10581;10702;7.81;0.48;289.81;9.31;1065;29;3664.00;121
9518;26;623358610;9518;316;10582;10703;7.77;0.47;289.82;9.31;1064;29;3665.00;121
9523;26;623358627;9523;319;10582;10703;7.67;0.47;289.81;9.31;1059;29;3666.00;121
9526;26;623358644;9526;319;10582;10703;7.61;0.46;289.86;9.31;1056;29;3667.00;121
9528;26;623358661;9528;317;10582;10703;7.56;0.46;289.97;9.31;1054;29;3668.00;121
9533;26;623358677;9533;311;10582;10703;7.46;0.45;290.10;9.31;1049;29;3669.00;121
9535;26;623358693;9535;312;10582;10703;7.39;0.45;290.11;9.31;1047;29;3670.00;121
9540;26;623358720;9540;321;10583;10703;7.28;0.44;290.24;9.31;1043;29;3671.00;120
9545;26;623358737;9545;316;10612;10773;7.22;0.44;290.32;9.29;1067;29;3672.00;161
9546;26;623358760;9546;305;10613;10774;7.19;0.44;290.31;9.29;1067;29;3673.00;161
9552;26;623358776;9552;302;10618;10774;7.17;0.44;290.25;9.28;1066;29;3674.00;156
9556;26;623358792;9556;296;10624;10774;7.06;0.43;290.22;9.30;1068;29;3675.00;150
9557;26;623358810;9557;292;10627;10774;7.02;0.43;290.22;9.30;1070;29;3676.00;147
9560;26;623358825;9560;298;10632;10774;6.96;0.42;290.23;9.31;1072;29;3677.00;142
9565;26;623358842;9565;300;10635;10774;6.92;0.42;290.31;9.31;1070;29;3678.00;139
9568;26;623358857;9568;291;10639;10774;6.92;0.42;290.31;9.30;1071;29;3679.00;135
9570;27;623358873;9570;292;10641;10775;6.87;0.42;290.31;9.30;1071;30;3680.00;134
9572;27;623358911;9572;293;10644;10776;6.83;0.42;290.30;9.30;1072;30;3681.00;132
9573;27;623358932;9573;298;10645;10776;6.81;0.42;290.32;9.30;1072;30;3682.00;131
9576;27;623358946;9576;296;10650;10780;6.81;0.42;290.31;9.30;1074;30;3683.00;130
9576;27;623358959;9576;298;10651;10780;6.86;0.42;290.31;9.30;1075;30;3684.00;129
9580;27;623358974;9580;302;10651;10780;6.85;0.42;290.28;9.30;1071;30;3685.00;129
9580;27;623358986;9580;307;10651;10780;6.89;0.42;290.28;9.30;1071;30;3686.00;129
9582;27;623358998;9582;317;10656;10786;6.94;0.43;290.31;9.31;1074;30;3687.00;130
9587;27;623359011;9587;316;10656;10786;6.92;0.42;290.30;9.31;1069;30;3688.00;130
9590;27;623359024;9590;314;10657;10786;6.90;0.42;290.28;9.31;1067;30;3689.00;129
9596;27;623359040;9596;330;10661;10792;6.88;0.42;290.29;9.31;1065;30;3690.00;131
9597;27;623359054;9597;332;10664;10792;6.83;0.42;290.29;9.32;1067;30;3691.00;128
9598;27;623359067;9598;334;10666;10792;6.76;0.41;290.29;9.32;1068;30;3692.00;126
9604;27;623359080;9604;341;10666;10793;6.64;0.40;290.27;9.32;1062;30;3693.00;127
9606;27;623359092;9606;345;10668;10794;6.62;0.40;290.25;9.32;1062;30;3694.00;126
9608;27;623359105;9608;344;10670;10794;6.54;0.40;290.25;9.33;1062;30;3695.00;124
9610;27;623359118;9610;349;10680;10807;6.53;0.40;290.22;9.33;1070;30;3696.00;127
9612;27;623359131;9612;351;10681;10807;6.45;0.39;290.19;9.33;1069;30;3697.00;126
9615;27;623359143;9615;363;10682;10807;6.40;0.39;290.15;9.34;1067;30;3698.00;125
9618;27;623359157;9618;363;10685;10808;6.38;0.39;290.10;9.35;1067;30;3699.00;123
9620;27;623359180;9620;370;10686;10808;6.35;0.39;290.07;9.36;1066;30;3700.00;122
9621;27;623359199;9621;378;10691;10812;6.36;0.39;290.04;9.37;1070;30;3701.00;121
9624;27;623359212;9624;387;10693;10812;6.29;0.38;289.97;9.39;1069;30;3702.00;119
9624;27;623359227;9624;398;10697;10816;6.25;0.38;289.97;9.40;1073;30;3703.00;119
9629;27;623359239;9629;405;10698;10816;6.18;0.38;289.95;9.41;1069;30;3704.00;118
9632;27;623359251;9632;405;10698;10816;6.13;0.37;289.93;9.41;1066;30;3705.00;118
9634;27;623359265;9634;411;10700;10816;6.05;0.37;289.93;9.43;1066;30;3706.00;116
9636;27;623359277;9636;418;10701;10816;5.96;0.36;289.89;9.44;1065;30;3707.00;115
9636;27;623359294;9636;423;10712;10828;5.94;0.36;289.89;9.45;1076;30;3708.00;116
9640;27;623359309;9640;428;10713;10828;5.83;0.36;289.89;9.45;1073;30;3709.00;115
9641;27;623359322;9641;433;10715;10828;5.75;0.35;289.87;9.46;1074;30;3710.00;113
9642;27;623359333;9642;437;10717;10828;5.65;0.35;289.87;9.48;1075;30;3711.00;111
9643;27;623359345;9643;445;10717;10828;5.57;0.34;289.86;9.48;1074;30;3712.00;111
9644;27;623359357;9644;451;10720;10828;5.49;0.34;289.85;9.51;1076;30;3713.00;108
9646;27;623359371;9646;456;10720;10829;5.40;0.33;289.82;9.51;1074;30;3714.00;109
9647;27;623359386;9647;441;10724;10829;5.35;0.33;289.82;9.54;1077;30;3715.00;105
9648;27;623359399;9648;437;10729;10835;5.40;0.33;289.82;9.53;1081;30;3716.00;106
9648;27;623359415;9648;423;10730;10836;5.41;0.33;289.82;9.53;1082;30;3717.00;106
9648;27;623359428;9648;422;10732;10836;5.42;0.33;289.82;9.55;1084;30;3718.00;104
9649;27;623359440;9649;422;10733;10836;5.44;0.33;289.80;9.55;1084;30;3719.00;103
9651;27;623359454;9651;416;10738;10841;5.51;0.34;289.77;9.55;1087;30;3720.00;103
9654;27;623359468;9654;410;10740;10841;5.55;0.34;289.74;9.58;1086;30;3721.00;101
9656;27;623359492;9656;411;10741;10841;5.57;0.34;289.71;9.57;1085;30;3722.00;100
9658;27;623359510;9658;411;10742;10842;5.61;0.34;289.76;9.57;1084;30;3723.00;100
9661;27;623359522;9661;415;10745;10846;5.64;0.35;289.71;9.57;1084;30;3724.00;101
9662;27;623359535;9662;414;10745;10846;5.68;0.35;289.71;9.57;1083;30;3725.00;101
9663;27;623359548;9663;414;10750;10849;5.69;0.35;289.72;9.60;1087;30;3726.00;99
9666;27;623359561;9666;418;10752;10849;5.75;0.35;289.72;9.61;1086;30;3727.00;97
9667;27;623359572;9667;417;10754;10849;5.80;0.35;289.70;9.62;1087;30;3728.00;95
9671;27;623359584;9671;413;10755;10849;5.81;0.35;289.64;9.63;1084;30;3729.00;94
9673;27;623359597;9673;411;10760;10853;5.83;0.35;289.62;9.63;1087;30;3730.00;93
9675;27;623359610;9675;410;10762;10853;5.78;0.35;289.60;9.64;1087;30;3731.00;91
9676;27;623359622;9676;408;10762;10853;5.75;0.35;289.60;9.64;1086;30;3732.00;91
9678;27;623359640;9678;414;10762;10853;5.67;0.34;289.62;9.64;1084;30;3733.00;91
9678;27;623359655;9678;413;10764;10854;5.62;0.34;289.62;9.65;1086;30;3734.00;90
9681;27;623359672;9681;410;10766;10856;5.54;0.34;289.59;9.65;1085;30;3735.00;90
9683;27;623359691;9683;414;10767;10856;5.45;0.33;289.59;9.66;1084;30;3736.00;89
9686;27;623359708;9686;419;10768;10857;5.40;0.33;289.60;9.66;1082;30;3737.00;89
9690;27;623359726;9690;421;10769;10857;5.39;0.33;289.59;9.66;1079;30;3738.00;88
9693;27;623359743;9693;429;10771;10857;5.36;0.33;289.55;9.68;1078;30;3739.00;86
9697;27;623359756;9697;424;10771;10857;5.32;0.32;289.61;9.68;1074;30;3740.00;86
9699;27;623359768;9699;421;10772;10857;5.35;0.33;289.61;9.68;1073;30;3741.00;85
9700;27;623359781;9700;413;10772;10857;5.38;0.33;289.63;9.68;1072;30;3742.00;85
9703;27;623359794;9703;415;10773;10857;5.34;0.33;289.63;9.69;1070;30;3743.00;84
9706;27;623359805;9706;429;10840;10984;5.66;0.35;289.70;9.63;1134;30;3744.00;144
9707;27;623359828;9707;425;10844;10985;5.65;0.35;289.71;9.63;1137;30;3745.00;141
9712;27;623359843;9712;430;10855;10985;5.70;0.35;289.78;9.63;1143;30;3746.00;130
9716;27;623359855;9716;430;10858;10985;5.71;0.35;289.79;9.63;1142;30;3747.00;127
9720;27;623359868;9720;430;10865;10985;5.70;0.35;289.83;9.63;1145;30;3748.00;120
9723;27;623359880;9723;423;10866;10985;5.64;0.35;289.95;9.63;1143;30;3749.00;119
9726;27;623359894;9726;417;10871;10990;5.60;0.35;289.93;9.63;1145;30;3750.00;119
9728;27;623359908;9728;418;10874;10990;5.59;0.35;289.94;9.62;1146;30;3751.00;116
9730;27;623359920;9730;412;10877;10991;5.60;0.35;289.97;9.62;1147;30;3752.00;114
9734;27;623359933;9734;410;10883;10992;5.63;0.35;290.03;9.62;1149;30;3753.00;109
9737;27;623359946;9737;413;10885;10992;5.65;0.35;290.00;9.62;1148;30;3754.00;107
9742;27;623359959;9742;423;10888;10993;5.65;0.35;290.03;9.62;1146;30;3755.00;105
9743;27;623359975;9743;422;10891;10993;5.67;0.35;290.04;9.62;1148;30;3756.00;102
9749;27;623359989;9749;424;10894;10993;5.65;0.35;290.12;9.62;1145;30;3757.00;99
9752;27;623360002;9752;423;10894;10993;5.67;0.35;290.19;9.62;1142;30;3758.00;99
9756;27;623360014;9756;411;10901;10997;5.63;0.35;290.18;9.62;1145;30;3759.00;96
9761;27;623360028;9761;414;10901;10997;5.64;0.35;290.28;9.62;1140;30;3760.00;96
9766;27;623360041;9766;413;10902;10997;5.65;0.35;290.34;9.62;1136;30;3761.00;95
9768;27;623360054;9768;410;10903;11000;5.66;0.35;290.36;9.62;1135;30;3762.00;97
9772;27;623360067;9772;411;10904;11000;5.63;0.35;290.37;9.62;1132;30;3763.00;96
9777;27;623360080;9777;412;10904;11000;5.58;0.34;290.52;9.62;1127;30;3764.00;96
9778;27;623360093;9778;411;10910;11004;5.61;0.34;290.53;9.72;1132;30;3765.00;94
9782;27;623360108;9782;408;10911;11005;5.65;0.35;290.64;9.72;1129;30;3766.00;94
9784;27;623360121;9784;409;10912;11005;5.72;0.35;290.63;9.72;1128;30;3767.00;93
9787;27;623360141;9787;400;10914;11009;5.74;0.35;290.68;9.72;1127;30;3768.00;95
9790;27;623360154;9790;401;10915;11009;5.81;0.36;290.70;9.72;1125;30;3769.00;94
9796;27;623360168;9796;403;10917;11009;5.79;0.35;290.81;9.72;1121;30;3770.00;92
9801;27;623360182;9801;395;10918;11010;5.79;0.35;290.80;9.72;1117;30;3771.00;92
9806;27;623360196;9806;398;10918;11010;5.80;0.35;290.77;9.72;1112;30;3772.00;92
9808;27;623360209;9808;396;10923;11016;5.84;0.36;290.79;9.71;1115;30;3773.00;93
9811;27;623360223;9811;389;10923;11016;5.85;0.36;290.78;9.71;1112;30;3774.00;93
9818;27;623360236;9818;385;10923;11017;5.86;0.36;290.71;9.71;1105;30;3775.00;94
9821;27;623360250;9821;390;10923;11017;5.86;0.36;290.83;9.71;1102;30;3776.00;94
9822;27;623360264;9822;383;10923;11017;5.91;0.36;290.84;9.71;1101;30;3777.00;94
9826;27;623360284;9826;386;10923;11017;5.98;0.36;290.86;9.71;1097;30;3778.00;94
9829;27;623360300;9829;387;10923;11017;5.99;0.37;290.89;9.71;1094;30;3779.00;94
9832;27;623360315;9832;395;10950;11053;6.20;0.38;290.98;9.79;1118;30;3780.00;103
9836;27;623360331;9836;387;10951;11053;6.24;0.38;290.97;9.79;1115;30;3781.00;102
9838;27;623360344;9838;382;10953;11053;6.25;0.38;290.99;9.79;1115;30;3782.00;100
9840;27;623360358;9840;378;10953;11053;6.20;0.38;291.02;9.79;1113;30;3783.00;100
9846;27;623360371;9846;380;10954;11053;6.16;0.38;291.11;9.79;1108;30;3784.00;99
9848;27;623360385;9848;379;10954;11053;6.11;0.37;291.13;9.79;1106;30;3785.00;99
9851;27;623360398;9851;376;10958;11057;6.05;0.37;291.21;9.78;1107;30;3786.00;99
9854;27;623360413;9854;359;10958;11057;5.99;0.37;291.29;9.78;1104;30;3787.00;99
9856;27;623360426;9856;354;10962;11061;6.00;0.37;291.31;9.78;1106;30;3788.00;99
9859;27;623360440;9859;345;10964;11062;5.99;0.37;291.35;9.88;1105;30;3789.00;98
9862;27;623360453;9862;345;10964;11062;5.98;0.36;291.41;9.88;1102;30;3790.00;98
9864;27;623360466;9864;340;10964;11062;6.01;0.37;291.43;9.88;1100;30;3791.00;98
9867;27;623360479;9867;346;10975;11075;6.08;0.37;291.50;9.87;1108;30;3792.00;100
9870;27;623360495;9870;347;10975;11075;6.14;0.38;291.54;9.87;1105;30;3793.00;100
9873;27;623360510;9873;340;10975;11075;6.17;0.38;291.52;9.87;1102;30;3794.00;100
9878;27;623360524;9878;343;10976;11076;6.17;0.38;291.53;9.87;1098;30;3795.00;100
9882;27;623360543;9882;339;10976;11077;6.21;0.38;291.60;9.87;1094;30;3796.00;101
9886;27;623360557;9886;337;10976;11077;6.26;0.38;291.72;9.87;1090;30;3797.00;101
9889;27;623360571;9889;338;10978;11080;6.30;0.38;291.74;9.87;1089;30;3798.00;102
9893;27;623360585;9893;328;10978;11080;6.29;0.38;291.83;9.87;1085;30;3799.00;102
9895;27;623360601;9895;324;10979;11080;6.30;0.38;291.84;9.86;1084;30;3800.00;101
9901;27;623360621;9901;317;10979;11080;6.29;0.38;291.93;9.86;1078;30;3801.00;101
9904;27;623360641;9904;311;10984;11086;6.35;0.39;292.03;9.86;1080;30;3802.00;102
9905;27;623360658;9905;319;10985;11086;6.37;0.39;292.01;9.96;1080;30;3803.00;101
9909;27;623360671;9909;315;10985;11086;6.38;0.39;292.16;9.96;1076;30;3804.00;101
9912;27;623360685;9912;312;10985;11086;6.39;0.39;292.26;9.96;1073;30;3805.00;101
9916;27;623360699;9916;310;10988;11090;6.32;0.38;292.26;9.95;1072;30;3806.00;102
9919;27;623360714;9919;308;10989;11091;6.28;0.38;292.29;9.95;1070;30;3807.00;102
9921;27;623360729;9921;309;10989;11091;6.27;0.38;292.27;9.95;1068;30;3808.00;102
9925;27;623360742;9925;312;10990;11092;6.24;0.38;292.38;9.95;1065;30;3809.00;102
9928;27;623360758;9928;309;10990;11092;6.21;0.38;292.45;9.95;1062;30;3810.00;102
9929;27;623360771;9929;307;10990;11092;6.21;0.38;292.43;9.95;1061;30;3811.00;102
9931;27;623360784;9931;308;10990;11092;6.22;0.38;292.50;9.95;1059;30;3812.00;102
9933;27;623360797;9933;301;10990;11092;6.29;0.38;292.54;9.95;1057;30;3813.00;102
9936;27;623360811;9936;298;10990;11092;6.36;0.39;292.57;9.95;1054;30;3814.00;102
9939;27;623360825;9939;301;10991;11092;6.40;0.39;292.62;10.05;1052;30;3815.00;101
9940;27;623360839;9940;312;11028;11162;6.48;0.39;292.65;10.02;1088;30;3816.00;134
9941;27;623360858;9941;304;11028;11163;6.57;0.40;292.69;10.02;1087;30;3817.00;135
9942;27;623360871;9942;300;11035;11163;6.70;0.41;292.69;10.01;1093;30;3818.00;128
9945;27;623360885;9945;296;11036;11163;6.74;0.41;292.76;10.01;1091;30;3819.00;127
9948;27;623360900;9948;299;11040;11163;6.82;0.42;292.79;10.01;1092;30;3820.00;123
9951;27;623360913;9951;298;11045;11163;6.87;0.42;292.81;10.01;1094;30;3821.00;118
9955;27;623360928;9955;300;11049;11163;6.89;0.42;292.86;10.00;1094;30;3822.00;114
9957;27;623360942;9957;300;11052;11163;6.99;0.43;292.83;10.00;1095;30;3823.00;111
9960;27;623360954;9960;301;11053;11164;7.01;0.43;292.94;10.00;1093;30;3824.00;111
9963;27;623360969;9963;303;11056;11166;7.03;0.43;293.01;10.00;1093;30;3825.00;110
9965;27;623360983;9965;301;11057;11166;7.05;0.43;293.10;10.00;1092;30;3826.00;109
9968;27;623360996;9968;307;11062;11170;7.02;0.43;293.14;10.09;1094;30;3827.00;108
9971;27;623361011;9971;306;11063;11170;6.99;0.43;293.18;10.09;1092;30;3828.00;107
9972;27;623361025;9972;310;11063;11170;6.97;0.43;293.18;10.09;1091;30;3829.00;107
9973;27;623361038;9973;310;11063;11170;6.94;0.42;293.18;10.09;1090;30;3830.00;107
9976;27;623361052;9976;308;11067;11176;6.91;0.42;293.25;10.09;1091;30;3831.00;109
9976;27;623361066;9976;310;11067;11176;6.95;0.43;293.25;10.09;1091;30;3832.00;109
9983;27;623361080;9983;318;11068;11176;6.93;0.42;293.39;10.17;1085;30;3833.00;108
9989;27;623361104;9989;322;11070;11179;6.94;0.42;293.55;10.17;1081;30;3834.00;109
9992;27;623361119;9992;313;11070;11179;6.94;0.42;293.55;10.17;1078;30;3835.00;109
9994;27;623361133;9994;315;11071;11179;6.97;0.43;293.57;10.17;1077;30;3836.00;108
9998;27;623361150;9998;314;11072;11180;6.97;0.43;293.55;10.25;1074;30;3837.00;108
10000;27;623361165;10000;316;11073;11181;6.97;0.43;293.54;10.25;1073;30;3838.00;108
10002;27;623361179;10002;312;11073;11181;6.92;0.42;293.50;10.25;1071;30;3839.00;108
10006;27;623361193;10006;320;11090;11207;6.81;0.42;293.47;10.24;1084;30;3840.00;117
10011;27;623361211;10011;324;11090;11207;6.78;0.41;293.57;10.24;1079;30;3841.00;117
10013;27;623361226;10013;318;11092;11207;6.76;0.41;293.54;10.24;1079;30;3842.00;115
10016;27;623361238;10016;322;11093;11208;6.72;0.41;293.53;10.24;1077;30;3843.00;115
10017;27;623361259;10017;321;11095;11208;6.69;0.41;293.53;10.25;1078;30;3844.00;113
10022;27;623361273;10022;316;11099;11212;6.69;0.41;293.44;10.26;1077;30;3845.00;113
10024;27;623361288;10024;319;11100;11214;6.68;0.41;293.46;10.26;1076;30;3846.00;114
10027;27;623361301;10027;324;11104;11218;6.64;0.41;293.43;10.25;1077;30;3847.00;114
10032;27;623361324;10032;320;11104;11218;6.56;0.40;293.40;10.25;1072;30;3848.00;114
10035;27;623361340;10035;323;11104;11218;6.49;0.40;293.39;10.25;1069;30;3849.00;114
10038;27;623361354;10038;328;11104;11218;6.43;0.39;293.37;10.25;1066;30;3850.00;114
10040;27;623361367;10040;333;11104;11218;6.39;0.39;293.35;10.25;1064;30;3851.00;114
10043;27;623361379;10043;331;11113;11230;6.35;0.39;293.31;10.25;1070;30;3852.00;117
10050;27;623361393;10050;335;11114;11230;6.29;0.38;293.30;10.24;1064;30;3853.00;116
10053;27;623361405;10053;339;11115;11230;6.25;0.38;293.24;10.24;1062;30;3854.00;115
10054;27;623361418;10054;342;11115;11230;6.23;0.38;293.23;10.24;1061;30;3855.00;115
10058;27;623361429;10058;347;11115;11230;6.20;0.38;293.25;10.24;1057;30;3856.00;115
10058;27;623361442;10058;348;11116;11230;6.14;0.37;293.25;10.24;1058;30;3857.00;114
10060;27;623361453;10060;349;11116;11231;6.10;0.37;293.22;10.24;1056;30;3858.00;115
10061;27;623361465;10061;346;11116;11231;6.07;0.37;293.20;10.24;1055;30;3859.00;115
10063;27;623361478;10063;345;11121;11237;6.06;0.37;293.21;10.24;1058;30;3860.00;116
10065;28;623361490;10065;347;11125;11238;5.97;0.36;293.23;10.26;1060;31;3861.00;113
10065;28;623361517;10065;351;11125;11238;5.88;0.36;293.23;10.26;1060;31;3862.00;113
10067;28;623361529;10067;359;11125;11238;5.78;0.35;293.21;10.26;1058;31;3863.00;113
10068;28;623361540;10068;360;11130;11242;5.73;0.35;293.28;10.25;1062;31;3864.00;112
10071;28;623361552;10071;370;11131;11242;5.61;0.34;293.27;10.26;1060;31;3865.00;111
10073;28;623361564;10073;368;11131;11242;5.53;0.34;293.24;10.26;1058;31;3866.00;111
10074;28;623361576;10074;363;11132;11243;5.51;0.33;293.24;10.26;1058;31;3867.00;111
10074;28;623361588;10074;350;11135;11247;5.52;0.34;293.24;10.26;1061;31;3868.00;112
10076;28;623361601;10076;345;11135;11247;5.51;0.33;293.22;10.26;1059;31;3869.00;112
10079;28;623361614;10079;342;11141;11253;5.56;0.34;293.16;10.27;1062;31;3870.00;112
10080;28;623361626;10080;346;11142;11253;5.60;0.34;293.15;10.27;1062;31;3871.00;111
10080;28;623361647;10080;347;11144;11253;5.69;0.34;293.15;10.28;1064;31;3872.00;109
10081;28;623361667;10081;352;11145;11253;5.69;0.35;293.14;10.29;1064;31;3873.00;108
10082;28;623361686;10082;349;11150;11257;5.81;0.35;293.14;10.30;1068;31;3874.00;107
10084;28;623361709;10084;357;11151;11257;5.85;0.35;293.14;10.31;1067;31;3875.00;106
10086;28;623361727;10086;354;11151;11257;5.85;0.36;293.18;10.31;1065;31;3876.00;106
10088;28;623361750;10088;356;11152;11257;5.89;0.36;293.21;10.32;1064;31;3877.00;105
10088;28;623361768;10088;360;11153;11258;5.87;0.36;293.21;10.33;1065;31;3878.00;105
10091;28;623361780;10091;357;11155;11259;5.81;0.35;293.19;10.33;1064;31;3879.00;104
10091;28;623361793;10091;361;11155;11259;5.83;0.36;293.19;10.33;1064;31;3880.00;104
10093;29;623361806;10093;368;11157;11260;5.84;0.36;293.17;10.34;1064;32;3881.00;103
10093;29;623361842;10093;368;11158;11260;5.80;0.35;293.17;10.36;1065;32;3882.00;102
10093;29;623361854;10093;380;11159;11260;5.75;0.35;293.17;10.37;1066;32;3883.00;101
10094;29;623361875;10094;387;11159;11260;5.72;0.35;293.16;10.37;1065;32;3884.00;101
10095;30;623361886;10095;389;11161;11260;5.67;0.35;293.15;10.39;1066;33;3885.00;99
10098;30;623361906;10098;388;11161;11260;5.64;0.35;293.20;10.39;1063;33;3886.00;99
10101;30;623361923;10101;389;11163;11260;5.63;0.34;293.20;10.41;1062;33;3887.00;97
10102;30;623361935;10102;406;11224;11387;5.84;0.36;293.26;10.36;1122;33;3888.00;163
10103;30;623361956;10103;402;11227;11388;5.82;0.36;293.33;10.38;1124;33;3889.00;161
10104;30;623361971;10104;400;11238;11388;5.92;0.37;293.33;10.37;1134;33;3890.00;150
10104;30;623361984;10104;398;11245;11388;5.91;0.37;293.33;10.39;1141;33;3891.00;143
10107;30;623361995;10107;395;11253;11388;5.91;0.37;293.30;10.38;1146;33;3892.00;135
10108;30;623362007;10108;392;11259;11388;5.88;0.36;293.28;10.40;1151;33;3893.00;129
10111;30;623362019;10111;393;11262;11388;5.87;0.36;293.27;10.40;1151;33;3894.00;126
10114;30;623362033;10114;399;11267;11388;5.80;0.36;293.27;10.42;1153;33;3895.00;121
10116;30;623362046;10116;396;11270;11389;5.76;0.35;293.25;10.42;1154;33;3896.00;119
10119;30;623362058;10119;397;11274;11390;5.72;0.35;293.32;10.42;1155;33;3897.00;116
10121;30;623362071;10121;400;11278;11390;5.60;0.35;293.37;10.43;1157;33;3898.00;112
10123;30;623362084;10123;408;11280;11391;5.53;0.34;293.34;10.43;1157;33;3899.00;111
10127;30;623362100;10127;414;11288;11406;5.41;0.33;293.35;10.44;1161;33;3900.00;118
10131;30;623362119;10131;414;11290;11406;5.31;0.33;293.35;10.44;1159;33;3901.00;116
10135;30;623362131;10135;424;11297;11406;5.23;0.32;293.34;10.46;1162;33;3902.00;109
10138;30;623362144;10138;429;11299;11410;5.20;0.32;293.36;10.46;1161;33;3903.00;111
10145;30;623362157;10145;421;11303;11410;5.15;0.32;293.36;10.47;1158;33;3904.00;107
10148;30;623362170;10148;434;11303;11410;5.10;0.31;293.32;10.47;1155;33;3905.00;107
10151;30;623362182;10151;447;11306;11413;5.05;0.31;293.33;10.46;1155;33;3906.00;107
10157;30;623362194;10157;445;11308;11413;5.04;0.31;293.35;10.47;1151;33;3907.00;105
10158;30;623362206;10158;450;11311;11413;5.01;0.31;293.33;10.48;1153;33;3908.00;102
10163;30;623362217;10163;454;11315;11417;4.92;0.30;293.45;10.48;1152;33;3909.00;102
10166;30;623362229;10166;442;11317;11418;4.88;0.30;293.51;10.49;1151;33;3910.00;101
10168;30;623362242;10168;438;11319;11418;4.88;0.30;293.50;10.49;1151;33;3911.00;99
10172;30;623362254;10172;435;11323;11422;4.90;0.30;293.58;10.49;1151;33;3912.00;99
10175;30;623362267;10175;428;11328;11422;4.96;0.30;293.67;10.49;1153;33;3913.00;94
10177;31;623362279;10177;436;11329;11422;5.01;0.31;293.69;10.49;1152;34;3914.00;93
10180;31;623362305;10180;435;11332;11424;5.08;0.31;293.75;10.49;1152;34;3915.00;92
10183;31;623362319;10183;434;11333;11424;5.13;0.31;293.79;10.50;1150;34;3916.00;91
10186;31;623362334;10186;425;11338;11430;5.22;0.32;293.87;10.49;1152;34;3917.00;92
10190;31;623362348;10190;420;11339;11430;5.25;0.32;293.97;10.49;1149;34;3918.00;91
10192;31;623362361;10192;412;11339;11431;5.29;0.32;293.99;10.49;1147;34;3919.00;92
10194;31;623362374;10194;411;11339;11431;5.35;0.33;294.05;10.49;1145;34;3920.00;92
10198;31;623362386;10198;411;11339;11431;5.35;0.33;294.05;10.49;1141;34;3921.00;92
10200;31;623362398;10200;403;11340;11431;5.38;0.33;294.16;10.49;1140;34;3922.00;91
10203;31;623362411;10203;398;11341;11431;5.40;0.33;294.22;10.50;1138;34;3923.00;90
10208;31;623362423;10208;396;11349;11443;5.50;0.34;294.28;10.49;1141;34;3924.00;94
10212;31;623362446;10212;392;11350;11443;5.54;0.34;294.28;10.49;1138;34;3925.00;93
10215;31;623362460;10215;394;11352;11443;5.57;0.34;294.34;10.49;1137;34;3926.00;91
10219;31;623362475;10219;391;11353;11443;5.59;0.34;294.37;10.49;1134;34;3927.00;90
10223;31;623362488;10223;385;11355;11443;5.61;0.34;294.42;10.49;1132;34;3928.00;88
10227;31;623362500;10227;373;11355;11443;5.63;0.35;294.43;10.49;1128;34;3929.00;88
10232;31;623362516;10232;369;11358;11447;5.67;0.35;294.47;10.49;1126;34;3930.00;89
10235;31;623362529;10235;369;11358;11447;5.68;0.35;294.48;10.49;1123;34;3931.00;89
10238;31;623362542;10238;363;11362;11451;5.72;0.35;294.51;10.48;1124;34;3932.00;89
10241;31;623362556;10241;366;11363;11452;5.75;0.35;294.50;10.48;1122;34;3933.00;89
10246;31;623362569;10246;369;11363;11452;5.70;0.35;294.51;10.48;1117;34;3934.00;89
10249;31;623362582;10249;371;11363;11452;5.67;0.35;294.63;10.48;1114;34;3935.00;89
10256;31;623362595;10256;374;11374;11465;5.70;0.35;294.61;10.47;1118;34;3936.00;91
10260;31;623362609;10260;373;11374;11465;5.64;0.34;294.67;10.47;1114;34;3937.00;91
10267;31;623362622;10267;380;11374;11465;5.59;0.34;294.58;10.47;1107;34;3938.00;91
10270;31;623362635;10270;382;11375;11466;5.59;0.34;294.62;10.47;1105;34;3939.00;91
10274;31;623362648;10274;382;11375;11467;5.60;0.34;294.65;10.47;1101;34;3940.00;92
10278;31;623362662;10278;374;11375;11467;5.66;0.35;294.66;10.47;1097;34;3941.00;92
10282;31;623362675;10282;375;11377;11470;5.74;0.35;294.80;10.47;1095;34;3942.00;93
10284;31;623362688;10284;377;11377;11470;5.79;0.35;294.81;10.47;1093;34;3943.00;93
10285;31;623362701;10285;379;11378;11470;5.83;0.36;294.81;10.47;1093;34;3944.00;92
10293;31;623362713;10293;377;11378;11470;5.77;0.35;294.89;10.47;1085;34;3945.00;92
10295;31;623362727;10295;371;11383;11476;5.77;0.35;294.94;10.46;1088;34;3946.00;93
10298;31;623362739;10298;368;11383;11476;5.76;0.35;294.92;10.46;1085;34;3947.00;93
10302;31;623362752;10302;367;11384;11476;5.69;0.35;294.95;10.56;1082;34;3948.00;92
10309;31;623362766;10309;363;11384;11476;5.67;0.35;294.99;10.56;1075;34;3949.00;92
10310;31;623362778;10310;361;11387;11480;5.73;0.35;295.05;10.55;1077;34;3950.00;93
10318;31;623362790;10318;361;11388;11481;5.69;0.35;295.14;10.55;1070;34;3951.00;93
10320;31;623362803;10320;357;11388;11481;5.73;0.35;295.20;10.55;1068;34;3952.00;93
10324;31;623362815;10324;360;11389;11482;5.73;0.35;295.27;10.55;1065;34;3953.00;93
10328;31;623362827;10328;357;11389;11482;5.60;0.34;295.31;10.55;1061;34;3954.00;93
10330;31;623362838;10330;366;11389;11482;5.56;0.34;295.32;10.55;1059;34;3955.00;93
10334;31;623362850;10334;359;11389;11482;5.55;0.34;295.47;10.55;1055;34;3956.00;93
10339;31;623362862;10339;359;11389;11482;5.49;0.33;295.59;10.55;1050;34;3957.00;93
10341;31;623362873;10341;351;11389;11482;5.45;0.33;295.55;10.55;1048;34;3958.00;93
10346;31;623362885;10346;347;11389;11482;5.39;0.33;295.68;10.55;1043;34;3959.00;93
10348;31;623362899;10348;361;11459;11607;5.45;0.34;295.70;10.49;1111;34;3960.00;148
10352;31;623362920;10352;346;11461;11608;5.44;0.34;295.73;10.49;1109;34;3961.00;147
10356;31;623362933;10356;340;11467;11608;5.55;0.34;295.84;10.48;1111;34;3962.00;141
10360;31;623362945;10360;345;11470;11608;5.62;0.35;295.96;10.57;1110;34;3963.00;138
10363;31;623362957;10363;346;11474;11608;5.72;0.35;296.01;10.57;1111;34;3964.00;134
10364;31;623362970;10364;351;11475;11608;5.83;0.36;295.98;10.57;1111;34;3965.00;133
10368;31;623362982;10368;345;11480;11608;5.90;0.36;296.04;10.57;1112;34;3966.00;128
10372;31;623362995;10372;348;11484;11608;5.94;0.36;296.10;10.57;1112;34;3967.00;124
10374;31;623363008;10374;341;11488;11609;5.94;0.36;296.10;10.57;1114;34;3968.00;121
10376;31;623363021;10376;341;11492;11610;5.94;0.36;296.23;10.57;1116;34;3969.00;118
10381;31;623363034;10381;353;11494;11610;5.89;0.36;296.33;10.57;1113;34;3970.00;116
10383;31;623363052;10383;353;11501;11614;5.86;0.36;296.32;10.66;1118;34;3971.00;113
10385;31;623363066;10385;351;11501;11614;5.86;0.36;296.46;10.66;1116;34;3972.00;113
10386;31;623363078;10386;353;11501;11614;5.87;0.36;296.49;10.66;1115;34;3973.00;113
10388;31;623363092;10388;361;11501;11614;5.86;0.36;296.48;10.66;1113;34;3974.00;113
10390;31;623363104;10390;361;11505;11620;5.82;0.36;296.51;10.65;1115;34;3975.00;115
10392;31;623363118;10392;367;11506;11620;5.81;0.36;296.57;10.75;1114;34;3976.00;114
10398;31;623363131;10398;381;11506;11620;5.80;0.35;296.55;10.75;1108;34;3977.00;114
10399;31;623363144;10399;375;11508;11623;5.84;0.36;296.53;10.75;1109;34;3978.00;115
10400;31;623363158;10400;378;11508;11623;5.86;0.36;296.54;10.75;1108;34;3979.00;115
10401;31;623363171;10401;371;11508;11623;5.87;0.36;296.55;10.75;1107;34;3980.00;115
10401;31;623363183;10401;369;11508;11624;5.87;0.36;296.55;10.75;1107;34;3981.00;116
10405;31;623363195;10405;371;11509;11625;5.85;0.36;296.60;10.75;1104;34;3982.00;116
10405;31;623363208;10405;374;11509;11625;5.83;0.36;296.60;10.75;1104;34;3983.00;116
10407;31;623363221;10407;381;11519;11638;5.76;0.35;296.58;10.74;1112;34;3984.00;119
10412;31;623363235;10412;372;11520;11638;5.66;0.34;296.63;10.74;1108;34;3985.00;118
10413;31;623363247;10413;375;11521;11638;5.64;0.34;296.61;10.74;1108;34;3986.00;117
10415;31;623363260;10415;371;11522;11639;5.66;0.34;296.64;10.73;1107;34;3987.00;117
10418;31;623363273;10418;377;11522;11639;5.73;0.35;296.70;10.73;1104;34;3988.00;117
10419;31;623363286;10419;371;11525;11643;5.82;0.35;296.72;10.73;1106;34;3989.00;118
10421;31;623363300;10421;378;11526;11643;5.86;0.36;296.69;10.73;1105;34;3990.00;117
10424;31;623363313;10424;384;11529;11647;5.89;0.36;296.70;10.73;1105;34;3991.00;118
10424;31;623363325;10424;376;11529;11647;5.91;0.36;296.70;10.73;1105;34;3992.00;118
10424;31;623363338;10424;370;11529;11647;5.95;0.36;296.70;10.73;1105;34;3993.00;118
10424;31;623363351;10424;365;11531;11647;5.97;0.36;296.70;10.82;1107;34;3994.00;116
10427;31;623363363;10427;367;11531;11647;5.95;0.36;296.66;10.82;1104;34;3995.00;116
10431;31;623363375;10431;373;11542;11659;6.00;0.37;296.63;10.81;1111;34;3996.00;117
10433;31;623363389;10433;376;11542;11659;6.02;0.37;296.59;10.81;1109;34;3997.00;117
10435;31;623363401;10435;372;11542;11659;6.08;0.37;296.62;10.81;1107;34;3998.00;117
10437;31;623363413;10437;365;11542;11659;6.09;0.37;296.61;10.81;1105;34;3999.00;117
10439;31;623363425;10439;360;11542;11659;6.12;0.37;296.57;10.81;1103;34;4000.00;117
10440;31;623363441;10440;361;11542;11659;6.09;0.37;296.60;10.81;1102;34;4001.00;117
10441;31;623363454;10441;356;11542;11660;6.11;0.37;296.60;10.81;1101;34;4002.00;118
10444;31;623363465;10444;352;11542;11660;6.13;0.37;296.65;10.81;1098;34;4003.00;118
10446;31;623363478;10446;355;11547;11666;6.14;0.37;296.62;10.81;1101;34;4004.00;119
10448;31;623363491;10448;352;11549;11668;6.14;0.38;296.62;10.81;1101;34;4005.00;119
10451;31;623363504;10451;357;11549;11668;6.14;0.37;296.63;10.81;1098;34;4006.00;119
10452;31;623363517;10452;362;11549;11668;6.11;0.37;296.61;10.81;1097;34;4007.00;119
10454;31;623363528;10454;361;11552;11672;6.08;0.37;296.61;10.81;1098;34;4008.00;120
10454;31;623363542;10454;359;11552;11672;6.06;0.37;296.61;10.81;1098;34;4009.00;120
10457;31;623363554;10457;360;11552;11672;6.03;0.37;296.63;10.81;1095;34;4010.00;120
10459;31;623363566;10459;366;11554;11673;5.99;0.37;296.65;10.90;1095;34;4011.00;119
10462;31;623363578;10462;364;11557;11677;5.92;0.36;296.65;10.90;1095;34;4012.00;120
10468;31;623363590;10468;360;11557;11677;5.86;0.36;296.67;10.90;1089;34;4013.00;120
10470;31;623363601;10470;362;11559;11680;5.88;0.36;296.66;10.90;1089;34;4014.00;121
10471;31;623363613;10471;358;11562;11680;5.86;0.36;296.63;10.91;1091;34;4015.00;118
10473;31;623363626;10473;357;11562;11680;5.86;0.36;296.62;10.91;1089;34;4016.00;118
10475;31;623363638;10475;364;11562;11680;5.81;0.35;296.59;10.91;1087;34;4017.00;118
10477;31;623363658;10477;367;11566;11684;5.84;0.35;296.59;10.91;1089;34;4018.00;118
10478;31;623363678;10478;349;11566;11684;5.87;0.36;296.57;10.91;1088;34;4019.00;118
10481;31;623363705;10481;339;11566;11684;5.83;0.35;296.53;10.91;1085;34;4020.00;118
10482;31;623363724;10482;335;11566;11684;5.85;0.35;296.52;10.91;1084;34;4021.00;118
10484;31;623363741;10484;323;11566;11685;5.79;0.35;296.58;10.91;1082;34;4022.00;119
10486;31;623363761;10486;324;11567;11686;5.80;0.35;296.63;10.91;1081;34;4023.00;119
10487;31;623363774;10487;318;11567;11686;5.85;0.36;296.62;10.91;1080;34;4024.00;119
10489;31;623363788;10489;317;11568;11687;5.88;0.36;296.60;10.90;1079;34;4025.00;119
10493;31;623363801;10493;319;11568;11687;5.92;0.36;296.58;10.90;1075;34;4026.00;119
10494;31;623363814;10494;313;11568;11687;5.99;0.36;296.58;10.90;1074;34;4027.00;119
10494;31;623363827;10494;315;11568;11687;6.04;0.37;296.58;10.90;1074;34;4028.00;119
10495;31;623363841;10495;312;11568;11687;6.10;0.37;296.57;10.90;1073;34;4029.00;119
10495;31;623363854;10495;313;11568;11687;6.10;0.37;296.57;10.90;1073;34;4030.00;119
10498;31;623363867;10498;308;11568;11687;6.11;0.37;296.57;10.90;1070;34;4031.00;119
10499;31;623363879;10499;327;11636;11814;6.36;0.39;296.56;10.84;1137;34;4032.00;178
10500;31;623363910;10500;323;11641;11815;6.36;0.39;296.57;10.84;1141;34;4033.00;174
10500;31;623363924;10500;314;11648;11815;6.38;0.39;296.57;10.83;1148;34;4034.00;167
10502;31;623363938;10502;311;11652;11815;6.37;0.39;296.57;10.83;1150;34;4035.00;163
10503;31;623363951;10503;312;11657;11815;6.40;0.39;296.58;10.83;1154;34;4036.00;158
10503;31;623363965;10503;309;11659;11815;6.38;0.39;296.58;10.83;1156;34;4037.00;156
10505;31;623363984;10505;307;11661;11815;6.38;0.39;296.60;10.82;1156;34;4038.00;154
10505;31;623363998;10505;311;11663;11815;6.38;0.39;296.60;10.82;1158;34;4039.00;152
10509;31;623364017;10509;312;11668;11816;6.37;0.39;296.56;10.85;1159;34;4040.00;148
10511;31;623364030;10511;316;11673;11817;6.34;0.39;296.56;10.85;1162;34;4041.00;144
10513;31;623364043;10513;320;11677;11817;6.32;0.39;296.52;10.86;1164;34;4042.00;140
10513;31;623364056;10513;324;11679;11818;6.31;0.39;296.52;10.87;1166;34;4043.00;139
10514;31;623364069;10514;328;11680;11818;6.27;0.38;296.51;10.87;1166;34;4044.00;138
10516;31;623364082;10516;338;11684;11818;6.20;0.38;296.51;10.88;1168;34;4045.00;134
10517;31;623364095;10517;344;11686;11818;6.12;0.38;296.51;10.90;1169;34;4046.00;132
10520;31;623364108;10520;348;11692;11822;6.07;0.37;296.57;10.90;1172;34;4047.00;130
10522;31;623364121;10522;350;11692;11822;6.04;0.37;296.60;10.90;1170;34;4048.00;130
10523;31;623364134;10523;363;11695;11822;5.94;0.36;296.64;10.93;1172;34;4049.00;127
10526;31;623364149;10526;360;11700;11828;5.90;0.36;296.64;10.94;1174;34;4050.00;128
10526;31;623364162;10526;362;11704;11828;5.87;0.36;296.64;10.97;1178;34;4051.00;124
10528;31;623364176;10528;369;11706;11828;5.84;0.36;296.65;10.97;1178;34;4052.00;122
10531;31;623364190;10531;374;11711;11832;5.80;0.36;296.74;10.97;1180;34;4053.00;121
10532;31;623364203;10532;372;11715;11833;5.79;0.36;296.79;10.99;1183;34;4054.00;118
10533;31;623364217;10533;376;11717;11833;5.76;0.36;296.80;11.00;1184;34;4055.00;116
10536;31;623364231;10536;385;11720;11837;5.73;0.35;296.88;11.00;1184;34;4056.00;117
10539;31;623364244;10539;380;11723;11837;5.64;0.35;296.96;11.01;1184;34;4057.00;114
10542;31;623364257;10542;396;11724;11837;5.58;0.34;296.92;11.01;1182;34;4058.00;113
10545;31;623364270;10545;394;11727;11838;5.52;0.34;296.92;11.03;1182;34;4059.00;111
10549;31;623364284;10549;393;11727;11838;5.44;0.33;296.94;11.03;1178;34;4060.00;111
10553;31;623364297;10553;394;11734;11844;5.44;0.33;297.01;11.04;1181;34;4061.00;110
10554;31;623364311;10554;393;11735;11844;5.43;0.33;297.06;11.04;1181;34;4062.00;109
10556;31;623364324;10556;393;11736;11845;5.42;0.33;297.09;11.05;1180;34;4063.00;109
10556;31;623364337;10556;386;11737;11845;5.44;0.34;297.09;11.06;1181;34;4064.00;108
10559;31;623364349;10559;389;11737;11845;5.42;0.33;297.16;11.06;1178;34;4065.00;108
10561;31;623364363;10561;385;11739;11845;5.38;0.33;297.20;11.07;1178;34;4066.00;106
10566;31;623364383;10566;394;11739;11845;5.37;0.33;297.15;11.07;1173;34;4067.00;106
10568;31;623364399;10568;395;11749;11857;5.40;0.33;297.18;11.06;1181;34;4068.00;108
10570;31;623364414;10570;396;11751;11857;5.34;0.33;297.23;11.06;1181;34;4069.00;106
10571;31;623364427;10571;406;11752;11857;5.35;0.33;297.24;11.06;1181;34;4070.00;105
10573;31;623364442;10573;408;11753;11857;5.34;0.33;297.26;11.07;1180;34;4071.00;104
10577;31;623364458;10577;409;11753;11857;5.28;0.32;297.31;11.07;1176;34;4072.00;104
10578;31;623364473;10578;414;11753;11857;5.25;0.32;297.30;11.07;1175;34;4073.00;104
10582;31;623364486;10582;412;11757;11861;5.17;0.32;297.39;11.08;1175;34;4074.00;104
10587;31;623364500;10587;408;11759;11861;5.10;0.31;297.45;11.09;1172;34;4075.00;102
10589;31;623364513;10589;414;11764;11865;5.11;0.31;297.47;11.09;1175;34;4076.00;101
10592;31;623364527;10592;419;11765;11866;5.08;0.31;297.55;11.09;1173;34;4077.00;101
10597;31;623364540;10597;428;11765;11866;5.05;0.31;297.53;11.09;1168;34;4078.00;101
10600;31;623364552;10600;435;11766;11866;5.01;0.31;297.60;11.10;1166;34;4079.00;100
10602;31;623364566;10602;433;11790;11895;5.05;0.31;297.61;11.09;1188;34;4080.00;105
10609;31;623364581;10609;427;11792;11895;5.05;0.31;297.69;11.10;1183;34;4081.00;103
10613;31;623364595;10613;422;11794;11895;5.03;0.31;297.70;11.09;1181;34;4082.00;101
10616;31;623364608;10616;416;11795;11896;5.02;0.31;297.70;11.09;1179;34;4083.00;101
10619;31;623364620;10619;414;11795;11897;4.99;0.31;297.72;11.09;1176;34;4084.00;102
10622;31;623364634;10622;417;11796;11897;4.98;0.30;297.78;11.10;1174;34;4085.00;101
10624;31;623364648;10624;416;11799;11900;5.00;0.31;297.81;11.10;1175;34;4086.00;101
10628;31;623364662;10628;420;11799;11900;5.01;0.31;297.85;11.10;1171;34;4087.00;101
10633;31;623364675;10633;415;11799;11900;5.04;0.31;297.88;11.10;1166;34;4088.00;101
10635;31;623364689;10635;411;11799;11900;5.14;0.31;297.87;11.10;1164;34;4089.00;101
10640;31;623364701;10640;409;11804;11906;5.23;0.32;298.06;11.09;1164;34;4090.00;102
10644;31;623364714;10644;404;11804;11906;5.30;0.32;298.03;11.09;1160;34;4091.00;102
10649;31;623364734;10649;404;11804;11906;5.37;0.33;298.15;11.09;1155;34;4092.00;102
10653;31;623364746;10653;395;11804;11906;5.40;0.33;298.24;11.09;1151;34;4093.00;102
10656;31;623364759;10656;391;11807;11910;5.42;0.33;298.26;11.09;1151;34;4094.00;103
10664;31;623364771;10664;394;11809;11912;5.37;0.33;298.34;11.09;1145;34;4095.00;103
10670;31;623364784;10670;397;11809;11912;5.33;0.32;298.40;11.09;1139;34;4096.00;103
10671;31;623364797;10671;395;11810;11913;5.38;0.33;298.44;11.09;1139;34;4097.00;103
10677;31;623364809;10677;402;11810;11913;5.33;0.33;298.51;11.09;1133;34;4098.00;103
10681;31;623364821;10681;403;11810;11913;5.30;0.32;298.59;11.09;1129;34;4099.00;103
10686;31;623364834;10686;404;11810;11913;5.34;0.32;298.58;11.09;1124;34;4100.00;103
10691;31;623364851;10691;406;11810;11913;5.32;0.32;298.64;11.09;1119;34;4101.00;103
10694;31;623364863;10694;402;11810;11913;5.33;0.32;298.66;11.09;1116;34;4102.00;103
10697;31;623364875;10697;409;11810;11913;5.31;0.32;298.63;11.09;1113;34;4103.00;103
10701;31;623364887;10701;426;11849;11983;5.31;0.32;298.72;11.05;1148;34;4104.00;134
10704;31;623364905;10704;421;11850;11984;5.31;0.32;298.72;11.05;1146;34;4105.00;134
10709;31;623364917;10709;412;11855;11984;5.35;0.32;298.78;11.05;1146;34;4106.00;129
10713;31;623364930;10713;413;11855;11984;5.39;0.33;298.87;11.05;1142;34;4107.00;129
10716;31;623364943;10716;412;11858;11984;5.48;0.33;298.81;11.04;1142;34;4108.00;126
10723;31;623364960;10723;403;11859;11984;5.49;0.33;298.90;11.04;1136;34;4109.00;125
10726;31;623364976;10726;407;11862;11984;5.49;0.33;298.93;11.04;1136;34;4110.00;122
10730;31;623364990;10730;403;11865;11984;5.53;0.34;298.97;11.04;1135;34;4111.00;119
10732;31;623365002;10732;406;11868;11985;5.55;0.34;298.97;11.04;1136;34;4112.00;117
10737;31;623365015;10737;404;11871;11986;5.46;0.33;299.09;11.04;1134;34;4113.00;115
10737;31;623365028;10737;404;11874;11986;5.43;0.33;299.09;11.04;1137;34;4114.00;112
10743;31;623365040;10743;411;11877;11990;5.35;0.32;299.17;11.04;1134;34;4115.00;113
10744;31;623365052;10744;408;11877;11990;5.33;0.32;299.18;11.04;1133;34;4116.00;113
10747;31;623365065;10747;411;11877;11990;5.34;0.32;299.20;11.04;1130;34;4117.00;113
10749;31;623365077;10749;415;11877;11990;5.40;0.33;299.18;11.04;1128;34;4118.00;113
10751;31;623365090;10751;419;11882;11996;5.45;0.33;299.21;11.03;1131;34;4119.00;114
10755;31;623365103;10755;419;11882;11996;5.44;0.33;299.29;11.03;1127;34;4120.00;114
10757;31;623365115;10757;412;11884;11996;5.42;0.33;299.28;11.14;1127;34;4121.00;112
10757;31;623365127;10757;421;11886;11999;5.43;0.33;299.28;11.13;1129;34;4122.00;113
10761;31;623365140;10761;433;11888;11999;5.35;0.33;299.31;11.14;1127;34;4123.00;111
10766;31;623365152;10766;439;11889;11999;5.32;0.33;299.39;11.13;1123;34;4124.00;110
10769;31;623365165;10769;444;11890;12000;5.33;0.33;299.38;11.13;1121;34;4125.00;110
10774;31;623365177;10774;453;11891;12001;5.33;0.33;299.46;11.13;1117;34;4126.00;110
10777;31;623365190;10777;447;11892;12001;5.29;0.33;299.43;11.24;1115;34;4127.00;109
10782;31;623365202;10782;452;11903;12014;5.38;0.33;299.52;11.23;1121;34;4128.00;111
10786;31;623365216;10786;444;11903;12014;5.35;0.33;299.61;11.23;1117;34;4129.00;111
10789;31;623365229;10789;446;11903;12014;5.36;0.33;299.64;11.23;1114;34;4130.00;111
10793;31;623365242;10793;445;11904;12015;5.36;0.33;299.62;11.23;1111;34;4131.00;111
10797;31;623365257;10797;442;11904;12015;5.34;0.33;299.72;11.23;1107;34;4132.00;111
10801;31;623365270;10801;445;11908;12019;5.33;0.33;299.92;11.22;1107;34;4133.00;111
10803;31;623365284;10803;447;11908;12019;5.28;0.32;300.00;11.22;1105;34;4134.00;111
10805;31;623365296;10805;462;11911;12023;5.20;0.32;300.00;11.22;1106;34;4135.00;112
10807;31;623365317;10807;452;11911;12023;5.15;0.32;300.06;11.22;1104;34;4136.00;112
10809;31;623365329;10809;447;11911;12023;5.10;0.31;300.03;11.22;1102;34;4137.00;112
10814;31;623365348;10814;441;11911;12023;5.04;0.31;299.97;11.22;1097;34;4138.00;112
10814;31;623365361;10814;431;11911;12023;5.00;0.31;299.97;11.22;1097;34;4139.00;112
10817;31;623365375;10817;428;11938;12057;5.08;0.31;299.93;11.30;1121;34;4140.00;119
10819;31;623365390;10819;418;11938;12057;5.14;0.32;299.90;11.30;1119;34;4141.00;119
10823;31;623365403;10823;413;11940;12057;5.22;0.32;299.96;11.30;1117;34;4142.00;117
10825;31;623365416;10825;415;11940;12057;5.31;0.33;299.98;11.30;1115;34;4143.00;117
10828;31;623365429;10828;411;11941;12057;5.43;0.33;299.99;11.30;1113;34;4144.00;116
10828;31;623365441;10828;406;11941;12057;5.53;0.34;299.99;11.30;1113;34;4145.00;116
10832;31;623365454;10832;396;11941;12058;5.59;0.34;300.12;11.30;1109;34;4146.00;117
10835;31;623365467;10835;397;11941;12058;5.61;0.34;300.10;11.30;1106;34;4147.00;117
10839;31;623365480;10839;391;11946;12064;5.63;0.34;300.12;11.29;1107;34;4148.00;118
10841;31;623365494;10841;395;11947;12065;5.65;0.35;300.09;11.29;1106;34;4149.00;118
10844;31;623365506;10844;406;11947;12065;5.63;0.34;300.09;11.29;1103;34;4150.00;118
10845;31;623365519;10845;408;11947;12065;5.64;0.34;300.08;11.29;1102;34;4151.00;118
10849;31;623365531;10849;409;11950;12069;5.60;0.34;300.14;11.29;1101;34;4152.00;119
10852;31;623365544;10852;409;11950;12069;5.58;0.34;300.20;11.29;1098;34;4153.00;119
10853;31;623365556;10853;407;11951;12069;5.55;0.34;300.18;11.40;1098;34;4154.00;118
10855;31;623365574;10855;410;11952;12070;5.54;0.34;300.24;11.39;1097;34;4155.00;118
10855;31;623365586;10855;408;11955;12074;5.56;0.34;300.24;11.39;1100;34;4156.00;119
10857;31;623365599;10857;403;11955;12074;5.53;0.34;300.23;11.39;1098;34;4157.00;119
10859;31;623365611;10859;402;11958;12077;5.56;0.34;300.24;11.50;1099;34;4158.00;119
10860;31;623365624;10860;405;11958;12077;5.55;0.34;300.24;11.50;1098;34;4159.00;119
10863;31;623365636;10863;393;11959;12077;5.56;0.34;300.23;11.50;1096;34;4160.00;118
10864;31;623365654;10864;389;11959;12077;5.57;0.34;300.21;11.50;1095;34;4161.00;118
10865;31;623365674;10865;384;11963;12081;5.60;0.34;300.20;11.49;1098;34;4162.00;118
10867;31;623365696;10867;386;11963;12081;5.65;0.34;300.24;11.49;1096;34;4163.00;118
10868;31;623365716;10868;390;11963;12081;5.69;0.34;300.22;11.49;1095;34;4164.00;118
10869;31;623365734;10869;386;11963;12081;5.74;0.35;300.19;11.49;1094;34;4165.00;118
10872;31;623365752;10872;379;11963;12082;5.74;0.35;300.18;11.49;1091;34;4166.00;119
10872;31;623365767;10872;373;11964;12083;5.79;0.35;300.18;11.49;1092;34;4167.00;119
10874;31;623365781;10874;372;11964;12083;5.83;0.35;300.18;11.49;1090;34;4168.00;119
10874;31;623365795;10874;372;11965;12084;5.89;0.36;300.18;11.49;1091;34;4169.00;119
10874;31;623365810;10874;373;11965;12084;5.92;0.36;300.18;11.49;1091;34;4170.00;119
10876;31;623365823;10876;360;11965;12084;5.96;0.36;300.18;11.49;1089;34;4171.00;119
10878;31;623365837;10878;351;11965;12084;6.01;0.36;300.27;11.49;1087;34;4172.00;119
10878;31;623365851;10878;345;11967;12086;6.01;0.36;300.27;11.49;1089;34;4173.00;119
10878;31;623365865;10878;341;11967;12086;6.05;0.36;300.27;11.49;1089;34;4174.00;119
10878;31;623365879;10878;337;11967;12086;6.06;0.36;300.27;11.49;1089;34;4175.00;119
10879;31;623365892;10879;359;12033;12213;6.17;0.38;300.26;11.43;1154;34;4176.00;180
10880;31;623365916;10880;342;12034;12214;6.19;0.38;300.30;11.42;1154;34;4177.00;180
10881;31;623365936;10881;334;12039;12214;6.22;0.38;300.29;11.42;1158;34;4178.00;175
10881;31;623365950;10881;330;12041;12214;6.21;0.38;300.29;11.42;1160;34;4179.00;173
10881;31;623365963;10881;330;12046;12214;6.28;0.38;300.29;11.42;1165;34;4180.00;168
10881;31;623365985;10881;333;12049;12214;6.28;0.38;300.29;11.41;1168;34;4181.00;165
10882;31;623366004;10882;329;12052;12214;6.26;0.38;300.34;11.41;1170;34;4182.00;162
10883;31;623366018;10883;334;12057;12214;6.27;0.38;300.34;11.41;1174;34;4183.00;157
10884;31;623366032;10884;329;12062;12215;6.26;0.38;300.31;11.42;1178;34;4184.00;153
10884;31;623366053;10884;329;12065;12217;6.28;0.38;300.31;11.43;1181;34;4185.00;152
10885;31;623366067;10885;318;12067;12217;6.34;0.39;300.31;11.43;1182;34;4186.00;150
10887;31;623366081;10887;314;12068;12218;6.35;0.39;300.29;11.43;1181;34;4187.00;150
10888;31;623366095;10888;318;12069;12218;6.36;0.39;300.29;11.43;1181;34;4188.00;149
10888;31;623366114;10888;317;12071;12218;6.41;0.39;300.29;11.43;1183;34;4189.00;147
10890;31;623366128;10890;311;12075;12218;6.44;0.39;300.29;11.43;1185;34;4190.00;143
10890;31;623366143;10890;309;12077;12222;6.47;0.40;300.29;11.43;1187;34;4191.00;145
10894;31;623366157;10894;317;12080;12222;6.49;0.40;300.33;11.43;1186;34;4192.00;142
10896;31;623366171;10896;318;12081;12222;6.53;0.40;300.33;11.44;1185;34;4193.00;141
10899;31;623366188;10899;324;12084;12225;6.57;0.40;300.40;11.44;1185;34;4194.00;141
10902;31;623366202;10902;321;12086;12225;6.54;0.40;300.41;11.44;1184;34;4195.00;139
10905;31;623366217;10905;323;12087;12225;6.52;0.40;300.44;11.44;1182;34;4196.00;138
10909;31;623366231;10909;331;12091;12229;6.50;0.40;300.40;11.44;1182;34;4197.00;138
10913;31;623366246;10913;335;12093;12230;6.45;0.39;300.44;11.44;1180;34;4198.00;137
10916;31;623366261;10916;335;12094;12230;6.42;0.39;300.44;11.44;1178;34;4199.00;136
10920;31;623366277;10920;343;12104;12264;6.36;0.39;300.45;11.43;1184;34;4200.00;160
10922;31;623366306;10922;345;12107;12264;6.37;0.39;300.47;11.43;1185;34;4201.00;157
10926;31;623366320;10926;356;12111;12264;6.32;0.38;300.53;11.43;1185;34;4202.00;153
10929;31;623366333;10929;348;12114;12265;6.33;0.39;300.61;11.43;1185;34;4203.00;151
10929;31;623366348;10929;343;12115;12265;6.36;0.39;300.61;11.43;1186;34;4204.00;150
10933;31;623366362;10933;346;12119;12271;6.33;0.39;300.66;11.43;1186;34;4205.00;152
10936;31;623366377;10936;349;12122;12271;6.27;0.38;300.70;11.43;1186;34;4206.00;149
10936;31;623366391;10936;354;12123;12272;6.21;0.38;300.70;11.44;1187;34;4207.00;149
10939;31;623366404;10939;364;12125;12272;6.15;0.38;300.71;11.44;1186;34;4208.00;147
10943;31;623366418;10943;361;12125;12272;6.12;0.37;300.71;11.44;1182;34;4209.00;147
10943;31;623366432;10943;368;12127;12272;6.13;0.37;300.71;11.46;1184;34;4210.00;145
10945;31;623366446;10945;375;12128;12272;6.14;0.38;300.70;11.46;1183;34;4211.00;144
10949;31;623366459;10949;379;12136;12284;6.14;0.38;300.78;11.45;1187;34;4212.00;148
10952;31;623366475;10952;381;12139;12284;6.14;0.38;300.79;11.47;1187;34;4213.00;145
10954;31;623366489;10954;382;12143;12284;6.13;0.37;300.80;11.47;1189;34;4214.00;141
10958;31;623366503;10958;382;12143;12284;6.08;0.37;300.85;11.47;1185;34;4215.00;141
10959;31;623366517;10959;388;12145;12284;6.02;0.37;300.84;11.49;1186;34;4216.00;139
10963;31;623366553;10963;397;12147;12284;5.95;0.36;300.92;11.49;1184;34;4217.00;137
10965;31;623366568;10965;395;12153;12288;5.90;0.36;300.96;11.50;1188;34;4218.00;135
10969;31;623366582;10969;401;12153;12288;5.88;0.36;301.06;11.50;1184;34;4219.00;135
10970;32;623366596;10970;405;12157;12292;5.90;0.36;301.06;11.52;1187;35;4220.00;135
10975;32;623366623;10975;409;12159;12293;5.89;0.36;301.06;11.53;1184;35;4221.00;134
10977;32;623366643;10977;406;12160;12293;5.91;0.36;301.10;11.54;1183;35;4222.00;133
10978;32;623366658;10978;405;12164;12293;5.91;0.36;301.07;11.57;1186;35;4223.00;129
10980;32;623366671;10980;407;12174;12306;5.90;0.36;301.15;11.56;1194;35;4224.00;132
10985;32;623366686;10985;403;12178;12306;5.85;0.36;301.23;11.58;1193;35;4225.00;128
10986;32;623366699;10986;404;12178;12306;5.80;0.36;301.22;11.58;1192;35;4226.00;128
10994;32;623366712;10994;406;12181;12307;5.76;0.35;301.24;11.61;1187;35;4227.00;126
10996;32;623366725;10996;414;12181;12308;5.72;0.35;301.25;11.61;1185;35;4228.00;127
10997;32;623366738;10997;414;12183;12308;5.68;0.35;301.31;11.61;1186;35;4229.00;125
10997;32;623366753;10997;411;12189;12314;5.63;0.35;301.31;11.62;1192;35;4230.00;125
10999;32;623366766;10999;409;12191;12314;5.59;0.34;301.32;11.64;1192;35;4231.00;123
11002;32;623366780;11002;412;12192;12314;5.55;0.34;301.35;11.64;1190;35;4232.00;122
11007;32;623366793;11007;408;12194;12314;5.50;0.34;301.40;11.65;1187;35;4233.00;120
11009;32;623366811;11009;412;12199;12320;5.51;0.34;301.45;11.65;1190;35;4234.00;121
11013;32;623366824;11013;420;12202;12320;5.46;0.34;301.49;11.67;1189;35;4235.00;118
11018;32;623366837;11018;417;12202;12320;5.45;0.33;301.62;11.67;1184;35;4236.00;118
11019;32;623366850;11019;413;12203;12320;5.42;0.33;301.60;11.67;1184;35;4237.00;117
11024;32;623366863;11024;413;12207;12324;5.35;0.33;301.71;11.68;1183;35;4238.00;117
11025;32;623366876;11025;415;12208;12325;5.38;0.33;301.78;11.68;1183;35;4239.00;117
11027;32;623366889;11027;422;12209;12325;5.42;0.33;301.80;11.68;1182;35;4240.00;116
11028;32;623366901;11028;420;12213;12326;5.44;0.33;301.85;11.70;1185;35;4241.00;113
11034;32;623366913;11034;422;12213;12326;5.44;0.33;301.95;11.70;1179;35;4242.00;113
11038;32;623366926;11038;420;12213;12326;5.48;0.33;301.97;11.70;1175;35;4243.00;113
11041;32;623366938;11041;425;12213;12326;5.46;0.33;301.98;11.70;1172;35;4244.00;113
11044;32;623366951;11044;425;12217;12326;5.42;0.33;302.04;11.73;1173;35;4245.00;109
11046;32;623366963;11046;429;12218;12326;5.39;0.33;302.01;11.73;1172;35;4246.00;108
11054;32;623366975;11054;422;12219;12326;5.30;0.33;302.05;11.74;1165;35;4247.00;107
11059;32;623366988;11059;437;12260;12396;5.30;0.33;302.15;11.70;1201;35;4248.00;136
11063;32;623367006;11063;433;12264;12397;5.21;0.32;302.11;11.71;1201;35;4249.00;133
11066;32;623367018;11066;422;12268;12397;5.17;0.32;302.18;11.70;1202;35;4250.00;129
11069;32;623367031;11069;417;12268;12397;5.15;0.32;302.16;11.70;1199;35;4251.00;129
11073;32;623367043;11073;416;12275;12397;5.13;0.32;302.31;11.72;1202;35;4252.00;122
11077;32;623367055;11077;412;12275;12397;5.05;0.31;302.40;11.72;1198;35;4253.00;122
11080;32;623367072;11080;411;12281;12397;5.01;0.31;302.42;11.72;1201;35;4254.00;116
11084;32;623367084;11084;412;12284;12397;4.97;0.30;302.41;11.72;1200;35;4255.00;113
11088;32;623367097;11088;409;12286;12398;4.94;0.30;302.50;11.72;1198;35;4256.00;112
11091;32;623367109;11091;403;12288;12399;4.94;0.30;302.52;11.72;1197;35;4257.00;111
11095;32;623367122;11095;405;12292;12399;4.92;0.30;302.57;11.72;1197;35;4258.00;107
11098;32;623367134;11098;405;12294;12403;4.90;0.30;302.58;11.72;1196;35;4259.00;109
11100;32;623367148;11100;407;12294;12403;4.88;0.30;302.65;11.72;1194;35;4260.00;109
11105;32;623367161;11105;404;12295;12403;4.84;0.30;302.70;11.72;1190;35;4261.00;108
11110;32;623367174;11110;398;12295;12403;4.83;0.30;302.81;11.72;1185;35;4262.00;108
11114;32;623367187;11114;401;12300;12409;4.82;0.30;302.83;11.72;1186;35;4263.00;109
11119;32;623367200;11119;402;12301;12409;4.83;0.30;302.91;11.72;1182;35;4264.00;108
11125;32;623367212;11125;395;12302;12409;4.85;0.30;302.98;11.72;1177;35;4265.00;107
11127;32;623367225;11127;394;12304;12412;4.96;0.30;302.94;11.71;1177;35;4266.00;108
11133;32;623367238;11133;395;12305;12412;5.03;0.31;303.00;11.71;1172;35;4267.00;107
11137;32;623367251;11137;393;12305;12412;5.11;0.31;303.07;11.71;1168;35;4268.00;107
11142;32;623367264;11142;396;12305;12413;5.14;0.32;303.10;11.71;1163;35;4269.00;108
11145;32;623367277;11145;398;12307;12414;5.18;0.32;303.17;11.82;1162;35;4270.00;107
11151;32;623367291;11151;394;12307;12414;5.15;0.32;303.18;11.82;1156;35;4271.00;107
11155;32;623367305;11155;400;12319;12427;5.21;0.32;303.27;11.81;1164;35;4272.00;108
11160;32;623367318;11160;401;12319;12427;5.21;0.32;303.25;11.81;1159;35;4273.00;108
11165;32;623367331;11165;399;12320;12427;5.18;0.32;303.25;11.81;1155;35;4274.00;107
11170;32;623367345;11170;395;12322;12429;5.17;0.32;303.35;11.81;1152;35;4275.00;107
11176;32;623367357;11176;395;12322;12429;5.12;0.31;303.45;11.81;1146;35;4276.00;107
11183;32;623367370;11183;403;12326;12433;5.11;0.31;303.45;11.81;1143;35;4277.00;107
11186;32;623367383;11186;406;12326;12433;5.09;0.31;303.49;11.81;1140;35;4278.00;107
11187;32;623367396;11187;409;12329;12437;5.07;0.31;303.50;11.81;1142;35;4279.00;108
11189;32;623367408;11189;407;12329;12437;5.01;0.31;303.48;11.81;1140;35;4280.00;108
11192;32;623367420;11192;410;12329;12437;4.94;0.30;303.47;11.81;1137;35;4281.00;108
11195;32;623367432;11195;411;12329;12437;4.87;0.30;303.46;11.81;1134;35;4282.00;108
11198;32;623367445;11198;415;12329;12437;4.86;0.30;303.51;11.81;1131;35;4283.00;108
11202;32;623367457;11202;422;12338;12449;4.91;0.30;303.49;11.80;1136;35;4284.00;111
11205;32;623367471;11205;433;12338;12449;4.87;0.30;303.46;11.80;1133;35;4285.00;111
11207;32;623367483;11207;444;12340;12449;4.89;0.30;303.46;11.80;1133;35;4286.00;109
11212;32;623367495;11212;449;12341;12449;4.85;0.30;303.55;11.91;1129;35;4287.00;108
11213;32;623367507;11213;453;12341;12449;4.80;0.29;303.56;11.91;1128;35;4288.00;108
11218;32;623367518;11218;459;12341;12449;4.73;0.29;303.51;11.91;1123;35;4289.00;108
11220;32;623367532;11220;462;12341;12450;4.68;0.29;303.52;11.91;1121;35;4290.00;109
11223;32;623367544;11223;474;12341;12450;4.65;0.28;303.46;11.91;1118;35;4291.00;109
11227;32;623367555;11227;478;12346;12456;4.65;0.28;303.44;11.90;1119;35;4292.00;110
11230;32;623367567;11230;482;12347;12457;4.63;0.28;303.46;11.90;1117;35;4293.00;110
11233;32;623367579;11233;484;12347;12457;4.56;0.28;303.47;11.90;1114;35;4294.00;110
11236;32;623367591;11236;491;12347;12457;4.51;0.28;303.47;11.90;1111;35;4295.00;110
11236;32;623367603;11236;501;12350;12461;4.49;0.27;303.47;11.90;1114;35;4296.00;111
11238;32;623367614;11238;486;12350;12461;4.49;0.27;303.46;11.90;1112;35;4297.00;111
11239;32;623367626;11239;478;12351;12461;4.52;0.28;303.44;12.01;1112;35;4298.00;110
11240;32;623367638;11240;477;12352;12462;4.54;0.28;303.45;12.01;1112;35;4299.00;110
11242;32;623367655;11242;472;12355;12466;4.56;0.28;303.51;12.01;1113;35;4300.00;111
11242;32;623367682;11242;470;12355;12466;4.60;0.28;303.51;12.01;1113;35;4301.00;111
11245;32;623367701;11245;479;12357;12469;4.66;0.29;303.48;12.01;1112;35;4302.00;112
11246;32;623367718;11246;481;12357;12469;4.70;0.29;303.46;12.01;1111;35;4303.00;112
11250;32;623367735;11250;481;12358;12469;4.67;0.29;303.46;12.01;1108;35;4304.00;111
11252;32;623367753;11252;492;12358;12469;4.64;0.28;303.45;12.01;1106;35;4305.00;111
11255;32;623367767;11255;477;12362;12473;4.67;0.28;303.45;12.01;1107;35;4306.00;111
11259;32;623367781;11259;467;12362;12473;4.69;0.28;303.43;12.01;1103;35;4307.00;111
11262;32;623367794;11262;460;12362;12473;4.72;0.29;303.48;12.01;1100;35;4308.00;111
11262;32;623367807;11262;457;12362;12473;4.73;0.29;303.48;12.01;1100;35;4309.00;111
11263;32;623367820;11263;450;12362;12474;4.74;0.29;303.46;12.01;1099;35;4310.00;112
11264;32;623367833;11264;449;12363;12475;4.76;0.29;303.46;12.00;1099;35;4311.00;112
11267;32;623367847;11267;454;12363;12475;4.78;0.29;303.41;12.00;1096;35;4312.00;112
11268;32;623367860;11268;450;12364;12476;4.83;0.29;303.40;12.00;1096;35;4313.00;112
11268;32;623367879;11268;455;12364;12476;4.90;0.30;303.40;12.00;1096;35;4314.00;112
11270;32;623367892;11270;456;12364;12476;4.94;0.30;303.37;12.00;1094;35;4315.00;112
11271;32;623367905;11271;446;12364;12476;5.00;0.30;303.38;12.00;1093;35;4316.00;112
11271;32;623367918;11271;446;12364;12476;5.03;0.31;303.38;12.00;1093;35;4317.00;112
11273;32;623367930;11273;445;12364;12476;5.11;0.31;303.38;12.00;1091;35;4318.00;112
11274;32;623367942;11274;444;12364;12476;5.19;0.32;303.39;12.00;1090;35;4319.00;112
11276;32;623367955;11276;483;12480;12706;5.56;0.35;303.38;11.89;1204;35;4320.00;226
11276;32;623367986;11276;475;12484;12707;5.65;0.35;303.38;11.89;1208;35;4321.00;223
11277;32;623367999;11277;456;12495;12707;5.75;0.36;303.43;11.88;1218;35;4322.00;212
11278;32;623368014;11278;434;12502;12707;5.85;0.37;303.43;11.98;1224;35;4323.00;205
11280;32;623368028;11280;421;12509;12707;5.91;0.37;303.44;11.98;1229;35;4324.00;198
11282;32;623368043;11282;406;12512;12707;5.94;0.37;303.45;11.98;1230;35;4325.00;195
11286;32;623368058;11286;393;12518;12707;5.98;0.37;303.43;11.98;1232;35;4326.00;189
11287;32;623368073;11287;394;12523;12707;6.00;0.37;303.42;11.97;1236;35;4327.00;184
11288;32;623368087;11288;390;12527;12708;6.00;0.37;303.43;11.97;1239;35;4328.00;181
11288;32;623368102;11288;387;12531;12709;6.00;0.37;303.43;11.97;1243;35;4329.00;178
11288;32;623368123;11288;375;12534;12709;6.01;0.37;303.43;11.97;1246;35;4330.00;175
11293;32;623368137;11293;375;12538;12710;6.00;0.37;303.53;11.97;1245;35;4331.00;172
11296;32;623368152;11296;388;12541;12710;5.98;0.37;303.59;11.97;1245;35;4332.00;169
11296;32;623368173;11296;388;12543;12710;6.00;0.37;303.59;11.97;1247;35;4333.00;167
11297;32;623368194;11297;385;12545;12710;6.01;0.37;303.58;11.97;1248;35;4334.00;165
11298;32;623368209;11298;386;12547;12714;5.98;0.37;303.63;11.97;1249;35;4335.00;167
11298;32;623368229;11298;382;12548;12714;5.99;0.37;303.63;11.97;1250;35;4336.00;166
11300;32;623368244;11300;381;12548;12714;6.04;0.37;303.70;11.97;1248;35;4337.00;166
11301;32;623368259;11301;376;12549;12717;6.10;0.37;303.69;11.97;1248;35;4338.00;168
11302;32;623368274;11302;382;12550;12717;6.13;0.37;303.70;11.97;1248;35;4339.00;167
11303;32;623368289;11303;384;12550;12717;6.15;0.38;303.70;11.97;1247;35;4340.00;167
11306;32;623368304;11306;380;12553;12721;6.22;0.38;303.71;11.96;1247;35;4341.00;168
11307;32;623368319;11307;383;12555;12722;6.28;0.38;303.70;11.96;1248;35;4342.00;167
11310;32;623368334;11310;374;12555;12722;6.32;0.38;303.72;11.96;1245;35;4343.00;167
11312;32;623368350;11312;378;12558;12726;6.38;0.39;303.70;11.96;1246;35;4344.00;168
11314;32;623368371;11314;374;12558;12726;6.41;0.39;303.74;11.96;1244;35;4345.00;168
11314;32;623368387;11314;369;12560;12726;6.44;0.39;303.74;11.96;1246;35;4346.00;166
11315;32;623368410;11315;368;12561;12727;6.41;0.39;303.75;12.07;1246;35;4347.00;166
11317;32;623368426;11317;367;12561;12727;6.45;0.39;303.75;12.07;1244;35;4348.00;166
11319;32;623368442;11319;364;12565;12733;6.46;0.39;303.77;12.07;1246;35;4349.00;168
11321;32;623368465;11321;368;12567;12733;6.42;0.39;303.76;12.07;1246;35;4350.00;166
11322;32;623368482;11322;366;12567;12734;6.42;0.39;303.77;12.07;1245;35;4351.00;167
11324;32;623368497;11324;359;12569;12734;6.44;0.39;303.87;12.07;1245;35;4352.00;165
11325;32;623368512;11325;354;12573;12734;6.47;0.39;303.87;12.08;1248;35;4353.00;161
11329;32;623368528;11329;353;12574;12734;6.43;0.39;304.03;12.08;1245;35;4354.00;160
11334;32;623368544;11334;345;12577;12734;6.38;0.39;304.00;12.10;1243;35;4355.00;157
11337;32;623368562;11337;343;12587;12746;6.37;0.39;304.10;12.09;1250;35;4356.00;159
11342;32;623368579;11342;337;12587;12746;6.36;0.39;304.19;12.09;1245;35;4357.00;159
11343;32;623368595;11343;334;12588;12746;6.35;0.39;304.23;12.09;1245;35;4358.00;158
11347;32;623368610;11347;329;12588;12746;6.33;0.38;304.21;12.09;1241;35;4359.00;158
11348;32;623368626;11348;326;12588;12746;6.35;0.39;304.20;12.09;1240;35;4360.00;158
11350;32;623368641;11350;329;12588;12746;6.34;0.39;304.18;12.09;1238;35;4361.00;158
11354;32;623368657;11354;334;12591;12750;6.30;0.38;304.21;12.09;1237;35;4362.00;159
11358;32;623368672;11358;338;12591;12750;6.25;0.38;304.20;12.09;1233;35;4363.00;159
11360;32;623368688;11360;339;12594;12754;6.30;0.38;304.29;12.09;1234;35;4364.00;160
11361;32;623368703;11361;339;12596;12756;6.37;0.39;304.28;12.08;1235;35;4365.00;160
11364;32;623368716;11364;344;12596;12756;6.39;0.39;304.37;12.08;1232;35;4366.00;160
11365;32;623368731;11365;346;12598;12756;6.41;0.39;304.38;12.09;1233;35;4367.00;158
11366;32;623368744;11366;354;12608;12769;6.44;0.39;304.42;12.08;1242;35;4368.00;161
11369;32;623368760;11369;347;12609;12769;6.45;0.39;304.44;12.09;1240;35;4369.00;160
11373;32;623368774;11373;351;12611;12769;6.46;0.39;304.45;12.09;1238;35;4370.00;158
11375;32;623368788;11375;351;12612;12770;6.49;0.40;304.51;12.09;1237;35;4371.00;158
11377;32;623368802;11377;354;12613;12771;6.47;0.40;304.53;12.09;1236;35;4372.00;158
11380;32;623368816;11380;360;12614;12771;6.48;0.40;304.55;12.09;1234;35;4373.00;157
11382;32;623368830;11382;359;12617;12774;6.46;0.40;304.57;12.09;1235;35;4374.00;157
11386;32;623368846;11386;353;12618;12774;6.47;0.40;304.57;12.09;1232;35;4375.00;156
11392;32;623368860;11392;354;12618;12774;6.45;0.39;304.56;12.09;1226;35;4376.00;156
11397;32;623368874;11397;358;12618;12774;6.44;0.39;304.69;12.09;1221;35;4377.00;156
11399;32;623368888;11399;362;12624;12780;6.48;0.40;304.69;12.09;1225;35;4378.00;156
11401;32;623368903;11401;366;12624;12780;6.42;0.39;304.75;12.09;1223;35;4379.00;156
11405;32;623368918;11405;368;12625;12780;6.35;0.39;304.80;12.09;1220;35;4380.00;155
11407;32;623368932;11407;378;12629;12780;6.31;0.39;304.81;12.13;1222;35;4381.00;151
11412;32;623368946;11412;383;12633;12784;6.23;0.38;304.84;12.13;1221;35;4382.00;151
11414;32;623368960;11414;388;12635;12785;6.21;0.38;304.83;12.13;1221;35;4383.00;150
11417;32;623368974;11417;395;12636;12785;6.15;0.38;304.90;12.15;1219;35;4384.00;149
11418;32;623368987;11418;403;12640;12786;6.14;0.38;304.90;12.17;1222;35;4385.00;146
11422;32;623369001;11422;406;12642;12786;6.13;0.38;304.94;12.19;1220;35;4386.00;144
11427;32;623369015;11427;413;12645;12786;6.07;0.37;305.01;12.20;1218;35;4387.00;141
11432;32;623369029;11432;418;12646;12786;6.04;0.37;305.05;12.21;1214;35;4388.00;140
11433;32;623369042;11433;420;12646;12786;6.04;0.37;305.05;12.21;1213;35;4389.00;140
11436;32;623369055;11436;425;12649;12786;5.96;0.36;305.09;12.24;1213;35;4390.00;137
11439;32;623369069;11439;429;12649;12786;5.89;0.36;305.16;12.24;1210;35;4391.00;137
11442;32;623369082;11442;441;12685;12856;5.96;0.36;305.21;12.22;1243;35;4392.00;171
11443;32;623369101;11443;435;12687;12857;5.92;0.36;305.23;12.22;1244;35;4393.00;170
11445;32;623369115;11445;439;12695;12857;5.91;0.36;305.25;12.23;1250;35;4394.00;162
11446;32;623369129;11446;444;12696;12857;5.88;0.36;305.24;12.23;1250;35;4395.00;161
11447;32;623369142;11447;441;12700;12857;5.87;0.36;305.30;12.24;1253;35;4396.00;157
11449;32;623369155;11449;447;12703;12857;5.83;0.36;305.34;12.25;1254;35;4397.00;154
11452;32;623369169;11452;449;12707;12857;5.80;0.35;305.31;12.25;1255;35;4398.00;150
11455;32;623369182;11455;447;12710;12857;5.78;0.35;305.36;12.27;1255;35;4399.00;147
11458;32;623369197;11458;446;12712;12858;5.77;0.35;305.38;12.27;1254;35;4400.00;146
11458;32;623369215;11458;445;12715;12859;5.77;0.35;305.38;12.28;1257;35;4401.00;144
11460;32;623369228;11460;447;12719;12859;5.80;0.35;305.39;12.28;1259;35;4402.00;140
11464;32;623369242;11464;442;12722;12863;5.74;0.35;305.47;12.28;1258;35;4403.00;141
11469;32;623369256;11469;441;12725;12863;5.65;0.34;305.46;12.30;1256;35;4404.00;138
11471;32;623369271;11471;436;12727;12863;5.58;0.34;305.51;12.30;1256;35;4405.00;136
11474;32;623369284;11474;439;12728;12863;5.58;0.34;305.51;12.30;1254;35;4406.00;135
11477;32;623369298;11477;442;12735;12869;5.59;0.34;305.56;12.31;1258;35;4407.00;134
11480;32;623369313;11480;441;12736;12869;5.57;0.34;305.53;12.31;1256;35;4408.00;133
11481;32;623369327;11481;437;12739;12869;5.61;0.34;305.60;12.32;1258;35;4409.00;130
11485;32;623369343;11485;446;12744;12875;5.59;0.34;305.56;12.31;1259;35;4410.00;131
11488;32;623369359;11488;446;12744;12875;5.58;0.34;305.65;12.31;1256;35;4411.00;131
11491;32;623369373;11491;446;12747;12875;5.55;0.34;305.72;12.32;1256;35;4412.00;128
11495;32;623369387;11495;454;12747;12876;5.49;0.33;305.77;12.32;1252;35;4413.00;129
11499;32;623369401;11499;452;12748;12877;5.43;0.33;305.81;12.32;1249;35;4414.00;129
11503;32;623369416;11503;451;12749;12877;5.36;0.33;305.85;12.33;1246;35;4415.00;128
11505;32;623369429;11505;456;12760;12890;5.35;0.33;305.92;12.32;1255;35;4416.00;130
11511;32;623369443;11511;450;12761;12890;5.23;0.32;305.95;12.33;1250;35;4417.00;129
11516;32;623369456;11516;449;12763;12890;5.14;0.31;306.11;12.35;1247;35;4418.00;127
11517;32;623369469;11517;453;12766;12891;5.11;0.31;306.12;12.35;1249;35;4419.00;125
11520;32;623369482;11520;453;12766;12891;5.08;0.31;306.16;12.35;1246;35;4420.00;125
11526;32;623369495;11526;447;12771;12895;5.06;0.31;306.23;12.36;1245;35;4421.00;124
11530;32;623369508;11530;450;12772;12895;5.03;0.31;306.40;12.36;1242;35;4422.00;123
11534;32;623369521;11534;454;12774;12899;5.04;0.31;306.43;12.36;1240;35;4423.00;125
11536;32;623369534;11536;448;12776;12899;5.06;0.31;306.40;12.37;1240;35;4424.00;123
11539;32;623369547;11539;441;12777;12899;5.05;0.31;306.48;12.38;1238;35;4425.00;122
11543;32;623369560;11543;438;12777;12899;5.03;0.31;306.54;12.38;1234;35;4426.00;122
11545;32;623369573;11545;436;12778;12899;5.01;0.31;306.60;12.38;1233;35;4427.00;121
11548;32;623369585;11548;433;12788;12911;5.07;0.31;306.72;12.38;1240;35;4428.00;123
11553;32;623369599;11553;437;12790;12911;5.06;0.31;306.83;12.38;1237;35;4429.00;121
11558;32;623369612;11558;440;12790;12911;5.05;0.31;306.88;12.38;1232;35;4430.00;121
11562;32;623369626;11562;443;12792;12911;5.07;0.31;306.93;12.38;1230;35;4431.00;119
11565;32;623369639;11565;439;12792;12911;5.07;0.31;306.92;12.38;1227;35;4432.00;119
11570;32;623369657;11570;440;12792;12911;5.09;0.31;306.92;12.38;1222;35;4433.00;119
11575;32;623369678;11575;449;12792;12912;5.14;0.31;307.04;12.38;1217;35;4434.00;120
11578;32;623369701;11578;450;12792;12912;5.13;0.31;307.08;12.38;1214;35;4435.00;120
11582;32;623369723;11582;452;12797;12918;5.23;0.32;307.06;12.37;1215;35;4436.00;121
11584;32;623369744;11584;447;12798;12919;5.28;0.32;307.06;12.37;1214;35;4437.00;121
11587;32;623369763;11587;445;12798;12919;5.31;0.32;307.03;12.37;1211;35;4438.00;121
11590;32;623369779;11590;439;12798;12919;5.30;0.32;307.00;12.37;1208;35;4439.00;121
11595;32;623369796;11595;438;12802;12924;5.31;0.32;306.96;12.37;1207;35;4440.00;122
11598;32;623369811;11598;448;12802;12924;5.26;0.32;306.94;12.37;1204;35;4441.00;122
11602;32;623369826;11602;451;12802;12924;5.20;0.32;306.95;12.37;1200;35;4442.00;122
11604;32;623369840;11604;460;12803;12925;5.16;0.31;306.94;12.37;1199;35;4443.00;122
11604;32;623369854;11604;461;12805;12929;5.18;0.32;306.94;12.37;1201;35;4444.00;124
11612;32;623369869;11612;460;12805;12929;5.11;0.31;306.92;12.37;1193;35;4445.00;124
11612;32;623369883;11612;461;12809;12932;5.11;0.31;306.92;12.47;1197;35;4446.00;123
11615;32;623369898;11615;472;12809;12932;5.08;0.31;306.91;12.47;1194;35;4447.00;123
11620;32;623369912;11620;471;12810;12932;4.98;0.30;306.85;12.47;1190;35;4448.00;122
11621;32;623369926;11621;476;12810;12932;4.91;0.30;306.89;12.47;1189;35;4449.00;122
11623;32;623369939;11623;481;12814;12936;4.88;0.30;306.87;12.47;1191;35;4450.00;122
11627;32;623369953;11627;481;12814;12936;4.76;0.29;306.88;12.47;1187;35;4451.00;122
11629;32;623369967;11629;494;12814;12936;4.70;0.29;306.84;12.47;1185;35;4452.00;122
11635;32;623369980;11635;493;12814;12936;4.61;0.28;306.83;12.47;1179;35;4453.00;122
11636;32;623369993;11636;496;12814;12937;4.55;0.28;306.84;12.47;1178;35;4454.00;123
11641;32;623370008;11641;498;12816;12939;4.47;0.27;306.81;12.47;1175;35;4455.00;123
11645;32;623370023;11645;505;12816;12939;4.45;0.27;306.75;12.47;1171;35;4456.00;123
11648;32;623370038;11648;505;12817;12940;4.44;0.27;306.73;12.47;1169;35;4457.00;123
11653;32;623370053;11653;509;12817;12940;4.34;0.27;306.68;12.47;1164;35;4458.00;123
11656;32;623370065;11656;514;12817;12940;4.25;0.26;306.63;12.47;1161;35;4459.00;123
11660;32;623370077;11660;513;12817;12940;4.21;0.26;306.62;12.47;1157;35;4460.00;123
11661;32;623370089;11661;516;12817;12940;4.21;0.26;306.62;12.47;1156;35;4461.00;123
11665;32;623370101;11665;528;12818;12940;4.15;0.25;306.64;12.57;1153;35;4462.00;122
11668;32;623370113;11668;525;12818;12940;4.07;0.25;306.64;12.57;1150;35;4463.00;122
11672;32;623370126;11672;545;12883;13067;4.49;0.28;306.68;12.51;1211;35;4464.00;184
11675;32;623370148;11675;542;12886;13068;4.46;0.28;306.67;12.51;1211;35;4465.00;182
11678;32;623370160;11678;540;12895;13068;4.51;0.28;306.66;12.50;1217;35;4466.00;173
11679;32;623370173;11679;538;12896;13068;4.55;0.28;306.65;12.50;1217;35;4467.00;172
11683;32;623370187;11683;539;12901;13068;4.56;0.28;306.72;12.50;1218;35;4468.00;167
11687;32;623370200;11687;535;12902;13068;4.48;0.28;306.70;12.50;1215;35;4469.00;166
11687;32;623370214;11687;533;12906;13068;4.49;0.28;306.70;12.49;1219;35;4470.00;162
11691;32;623370227;11691;535;12908;13068;4.45;0.28;306.69;12.49;1217;35;4471.00;160
11694;32;623370241;11694;531;12911;13069;4.42;0.27;306.72;12.49;1217;35;4472.00;158
11694;32;623370254;11694;540;12915;13070;4.39;0.27;306.72;12.49;1221;35;4473.00;155
11697;32;623370267;11697;540;12918;13070;4.35;0.27;306.74;12.49;1221;35;4474.00;152
11698;32;623370280;11698;531;12920;13071;4.33;0.27;306.74;12.60;1222;35;4475.00;151
11700;32;623370294;11700;518;12924;13071;4.38;0.27;306.77;12.60;1224;35;4476.00;147
11702;32;623370307;11702;503;12926;13071;4.44;0.27;306.79;12.60;1224;35;4477.00;145
11704;32;623370321;11704;490;12927;13071;4.59;0.28;306.80;12.60;1223;35;4478.00;144
11705;32;623370335;11705;474;12933;13075;4.76;0.29;306.82;12.60;1228;35;4479.00;142
11708;32;623370351;11708;458;12934;13075;4.86;0.30;306.82;12.60;1226;35;4480.00;141
11709;32;623370372;11709;443;12936;13075;5.00;0.31;306.81;12.60;1227;35;4481.00;139
11710;32;623370395;11710;434;12939;13078;5.13;0.31;306.83;12.60;1229;35;4482.00;139
11714;32;623370417;11714;419;12940;13078;5.26;0.32;306.87;12.60;1226;35;4483.00;138
11715;32;623370432;11715;409;12941;13078;5.40;0.33;306.88;12.60;1226;35;4484.00;137
11715;32;623370453;11715;401;12944;13082;5.54;0.34;306.88;12.59;1229;35;4485.00;138
11716;32;623370470;11716;389;12946;13083;5.67;0.35;306.87;12.59;1230;35;4486.00;137
11718;32;623370485;11718;388;12947;13083;5.76;0.35;306.83;12.59;1229;35;4487.00;136
11721;32;623370500;11721;382;12951;13087;5.84;0.36;306.86;12.59;1230;35;4488.00;136
11724;32;623370515;11724;374;12952;13087;5.88;0.36;306.88;12.59;1228;35;4489.00;135
11725;32;623370530;11725;358;12953;13087;5.95;0.36;306.89;12.59;1228;35;4490.00;134
11726;32;623370545;11726;353;12954;13088;5.99;0.36;306.89;12.59;1228;35;4491.00;134
11728;32;623370561;11728;356;12954;13088;6.01;0.37;306.88;12.59;1226;35;4492.00;134
11729;32;623370575;11729;351;12959;13094;6.05;0.37;306.86;12.59;1230;35;4493.00;135
11730;32;623370592;11730;346;12959;13094;6.09;0.37;306.89;12.59;1229;35;4494.00;135
11731;32;623370607;11731;342;12959;13095;6.14;0.37;306.91;12.59;1228;35;4495.00;136
11731;32;623370623;11731;333;12959;13095;6.19;0.38;306.91;12.59;1228;35;4496.00;136
11737;32;623370638;11737;328;12959;13095;6.24;0.38;306.93;12.59;1222;35;4497.00;136
11737;32;623370656;11737;321;12959;13095;6.26;0.38;306.93;12.59;1222;35;4498.00;136
11740;32;623370672;11740;323;12959;13095;6.26;0.38;307.04;12.59;1219;35;4499.00;136
11743;32;623370690;11743;323;12985;13145;6.32;0.38;307.01;12.56;1242;35;4500.00;160
11744;32;623370713;11744;313;12985;13147;6.34;0.39;307.00;12.56;1241;35;4501.00;162
11747;32;623370728;11747;314;12989;13147;6.37;0.39;307.02;12.56;1242;35;4502.00;158
11748;32;623370743;11748;313;12989;13147;6.42;0.39;307.04;12.56;1241;35;4503.00;158
11750;32;623370763;11750;310;12992;13147;6.45;0.39;307.06;12.67;1242;35;4504.00;155
11752;32;623370778;11752;308;12992;13147;6.47;0.39;307.08;12.67;1240;35;4505.00;155
11755;32;623370792;11755;305;12996;13151;6.46;0.39;307.07;12.67;1241;35;4506.00;155
11760;32;623370807;11760;307;12998;13151;6.47;0.39;307.15;12.67;1238;35;4507.00;153
11762;32;623370821;11762;307;13001;13155;6.51;0.40;307.22;12.66;1239;35;4508.00;154
11765;32;623370836;11765;307;13002;13156;6.57;0.40;307.27;12.66;1237;35;4509.00;154
11766;32;623370850;11766;305;13002;13156;6.58;0.40;307.32;12.66;1236;35;4510.00;154
11768;32;623370865;11768;303;13002;13156;6.60;0.40;307.36;12.66;1234;35;4511.00;154
11772;32;623370880;11772;306;13013;13169;6.58;0.40;307.52;12.65;1241;35;4512.00;156
11776;32;623370896;11776;301;13014;13169;6.56;0.40;307.55;12.65;1238;35;4513.00;155
11778;32;623370911;11778;300;13014;13169;6.57;0.40;307.58;12.65;1236;35;4514.00;155
11780;32;623370926;11780;297;13015;13170;6.62;0.40;307.58;12.65;1235;35;4515.00;155
11782;32;623370942;11782;298;13015;13171;6.64;0.40;307.66;12.65;1233;35;4516.00;156
11783;32;623370957;11783;297;13016;13171;6.68;0.40;307.68;12.65;1233;35;4517.00;155
11787;32;623370972;11787;299;13018;13174;6.70;0.41;307.72;12.65;1231;35;4518.00;156
11788;32;623370988;11788;295;13019;13174;6.66;0.40;307.72;12.65;1231;35;4519.00;155
11792;32;623371008;11792;289;13020;13174;6.64;0.40;307.71;12.65;1228;35;4520.00;154
11794;32;623371023;11794;285;13020;13174;6.64;0.40;307.69;12.65;1226;35;4521.00;154
11799;32;623371038;11799;285;13025;13180;6.64;0.40;307.71;12.76;1226;35;4522.00;155
11803;32;623371054;11803;286;13026;13180;6.60;0.40;307.74;12.76;1223;35;4523.00;154
11806;33;623371069;11806;283;13028;13180;6.60;0.40;307.80;12.77;1222;36;4524.00;152
11812;33;623371100;11812;282;13028;13180;6.58;0.40;307.76;12.77;1216;36;4525.00;152
11815;33;623371115;11815;281;13032;13184;6.53;0.40;307.75;12.78;1217;36;4526.00;152
11818;33;623371135;11818;282;13033;13185;6.50;0.39;307.79;12.78;1215;36;4527.00;152
11822;33;623371149;11822;273;13033;13185;6.49;0.39;307.89;12.78;1211;36;4528.00;152
11826;33;623371164;11826;273;13035;13186;6.53;0.40;307.93;12.78;1209;36;4529.00;151
11829;33;623371180;11829;281;13036;13186;6.53;0.40;307.95;12.78;1207;36;4530.00;150
11830;33;623371195;11830;271;13036;13186;6.52;0.40;307.98;12.78;1206;36;4531.00;150
11833;33;623371208;11833;273;13036;13186;6.52;0.40;308.02;12.78;1203;36;4532.00;150
11837;33;623371222;11837;277;13036;13186;6.56;0.40;308.06;12.78;1199;36;4533.00;150
11839;33;623371236;11839;277;13036;13186;6.55;0.40;308.04;12.78;1197;36;4534.00;150
11842;33;623371250;11842;286;13037;13186;6.53;0.39;308.04;12.79;1195;36;4535.00;149
11845;33;623371264;11845;287;13074;13256;6.59;0.40;308.04;12.75;1229;36;4536.00;182
11847;33;623371284;11847;286;13076;13257;6.61;0.40;308.07;12.75;1229;36;4537.00;181
11848;33;623371298;11848;284;13083;13257;6.66;0.40;308.12;12.75;1235;36;4538.00;174
11849;33;623371313;11849;284;13084;13257;6.66;0.40;308.16;12.75;1235;36;4539.00;173
11851;33;623371327;11851;290;13091;13257;6.70;0.41;308.18;12.74;1240;36;4540.00;166
11855;33;623371341;11855;287;13092;13257;6.69;0.41;308.27;12.74;1237;36;4541.00;165
11856;33;623371355;11856;289;13097;13257;6.73;0.41;308.28;12.74;1241;36;4542.00;160
11860;33;623371370;11860;292;13100;13257;6.77;0.41;308.30;12.74;1240;36;4543.00;157
11862;33;623371384;11862;297;13104;13258;6.86;0.42;308.34;12.74;1242;36;4544.00;154
11865;33;623371404;11865;292;13106;13260;6.84;0.41;308.32;12.74;1241;36;4545.00;154
11866;33;623371420;11866;292;13107;13260;6.82;0.41;308.37;12.74;1241;36;4546.00;153
11870;33;623371434;11870;294;13114;13264;6.73;0.41;308.45;12.74;1244;36;4547.00;150
11872;33;623371449;11872;299;13115;13264;6.65;0.40;308.50;12.74;1243;36;4548.00;149
11875;33;623371463;11875;307;13116;13264;6.55;0.40;308.50;12.76;1241;36;4549.00;148
11878;33;623371479;11878;306;13117;13264;6.50;0.39;308.53;12.76;1239;36;4550.00;147
11880;33;623371493;11880;308;13122;13270;6.48;0.39;308.56;12.76;1242;36;4551.00;148
11883;33;623371508;11883;308;13122;13270;6.45;0.39;308.58;12.76;1239;36;4552.00;148
11887;33;623371522;11887;314;13124;13270;6.40;0.39;308.62;12.78;1237;36;4553.00;146
11890;33;623371536;11890;322;13126;13273;6.39;0.39;308.70;12.78;1236;36;4554.00;147
11891;33;623371551;11891;326;13128;13273;6.37;0.39;308.74;12.80;1237;36;4555.00;145
11894;33;623371564;11894;329;13129;13273;6.35;0.39;308.82;12.80;1235;36;4556.00;144
11897;33;623371578;11897;337;13130;13274;6.29;0.38;308.91;12.81;1233;36;4557.00;144
11901;33;623371592;11901;342;13133;13275;6.29;0.38;309.02;12.83;1232;36;4558.00;142
11903;33;623371606;11903;339;13133;13275;6.27;0.38;309.07;12.83;1230;36;4559.00;142
11906;33;623371623;11906;347;13152;13301;6.31;0.39;309.21;12.81;1246;36;4560.00;149
11909;33;623371638;11909;345;13154;13301;6.32;0.39;309.27;12.83;1245;36;4561.00;147
11912;33;623371656;11912;347;13156;13301;6.35;0.39;309.36;12.82;1244;36;4562.00;145
11915;33;623371677;11915;354;13159;13302;6.33;0.39;309.51;12.85;1244;36;4563.00;143
11919;33;623371699;11919;353;13159;13302;6.30;0.38;309.58;12.85;1240;36;4564.00;143
11923;33;623371720;11923;354;13163;13306;6.31;0.38;309.67;12.85;1240;36;4565.00;143
11928;33;623371743;11928;369;13165;13306;6.17;0.38;309.69;12.86;1237;36;4566.00;141
11929;33;623371763;11929;376;13168;13310;6.07;0.37;309.72;12.86;1239;36;4567.00;142
11933;33;623371780;11933;381;13171;13310;5.94;0.36;309.87;12.88;1238;36;4568.00;139
11937;33;623371795;11937;384;13171;13310;5.80;0.35;309.99;12.88;1234;36;4569.00;139
11938;33;623371810;11938;381;13173;13310;5.71;0.35;309.97;12.89;1235;36;4570.00;137
11944;33;623371825;11944;394;13173;13310;5.58;0.34;310.12;12.89;1229;36;4571.00;137
11948;33;623371839;11948;397;13183;13322;5.55;0.34;310.18;12.89;1235;36;4572.00;139
11951;33;623371855;11951;404;13183;13322;5.46;0.33;310.18;12.89;1232;36;4573.00;139
11954;33;623371870;11954;406;13186;13322;5.41;0.33;310.25;12.89;1232;36;4574.00;136
11957;33;623371884;11957;411;13187;13322;5.30;0.32;310.35;12.90;1230;36;4575.00;135
11957;33;623371897;11957;417;13187;13322;5.23;0.32;310.35;12.90;1230;36;4576.00;135
11959;33;623371911;11959;415;13189;13322;5.20;0.32;310.44;12.93;1230;36;4577.00;133
11962;33;623371925;11962;422;13190;13323;5.17;0.32;310.40;12.94;1228;36;4578.00;133
11964;33;623371938;11964;425;13190;13323;5.14;0.31;310.42;12.94;1226;36;4579.00;133
11965;33;623371958;11965;433;13196;13329;5.15;0.31;310.40;12.93;1231;36;4580.00;133
11969;33;623371973;11969;430;13199;13330;5.16;0.31;310.41;12.95;1230;36;4581.00;131
11970;33;623371987;11970;428;13200;13330;5.14;0.31;310.39;12.96;1230;36;4582.00;130
11972;33;623372000;11972;430;13200;13330;5.12;0.31;310.37;12.96;1228;36;4583.00;130
11976;33;623372014;11976;430;13203;13334;5.07;0.31;310.34;12.96;1227;36;4584.00;131
11980;33;623372027;11980;431;13204;13334;5.02;0.31;310.35;12.97;1224;36;4585.00;130
11986;33;623372040;11986;440;13205;13334;4.90;0.30;310.37;12.98;1219;36;4586.00;129
11990;33;623372053;11990;445;13207;13335;4.79;0.29;310.41;12.99;1217;36;4587.00;128
11993;33;623372067;11993;454;13211;13339;4.69;0.29;310.47;13.00;1218;36;4588.00;128
11997;33;623372080;11997;461;13211;13339;4.59;0.28;310.46;13.00;1214;36;4589.00;128
12000;33;623372094;12000;462;13216;13345;4.54;0.28;310.52;13.00;1216;36;4590.00;129
12004;33;623372107;12004;462;13218;13345;4.50;0.28;310.59;13.01;1214;36;4591.00;127
12009;33;623372119;12009;455;13219;13345;4.48;0.27;310.61;13.01;1210;36;4592.00;126
12012;33;623372133;12012;450;13220;13345;4.44;0.27;310.63;13.02;1208;36;4593.00;125
12013;33;623372145;12013;451;13225;13349;4.47;0.27;310.61;13.02;1212;36;4594.00;124
12013;33;623372159;12013;446;13225;13349;4.48;0.27;310.61;13.02;1212;36;4595.00;124
12017;33;623372171;12017;451;13226;13349;4.45;0.27;310.66;13.03;1209;36;4596.00;123
12020;33;623372184;12020;450;13226;13349;4.45;0.27;310.63;13.03;1206;36;4597.00;123
12023;33;623372197;12023;449;13226;13350;4.43;0.27;310.74;13.03;1203;36;4598.00;124
12027;33;623372210;12027;455;13227;13351;4.38;0.27;310.76;13.03;1200;36;4599.00;124
12031;33;623372223;12031;452;13227;13351;4.29;0.26;310.77;13.03;1196;36;4600.00;124
12033;33;623372240;12033;445;13228;13352;4.26;0.26;310.76;13.03;1195;36;4601.00;124
12035;33;623372253;12035;453;13228;13352;4.23;0.26;310.77;13.03;1193;36;4602.00;124
12037;33;623372266;12037;448;13228;13352;4.25;0.26;310.77;13.03;1191;36;4603.00;124
12038;33;623372278;12038;445;13228;13352;4.29;0.26;310.75;13.03;1190;36;4604.00;124
12042;33;623372290;12042;444;13228;13352;4.26;0.26;310.74;13.03;1186;36;4605.00;124
12045;33;623372303;12045;441;13228;13352;4.26;0.26;310.72;13.03;1183;36;4606.00;124
12051;33;623372315;12051;438;13228;13352;4.22;0.26;310.68;13.03;1177;36;4607.00;124
12055;33;623372327;12055;437;13289;13479;4.71;0.29;310.76;12.97;1234;36;4608.00;190
12058;33;623372351;12058;441;13295;13480;4.67;0.29;310.70;12.96;1237;36;4609.00;185
12064;33;623372365;12064;449;13303;13480;4.71;0.29;310.73;12.96;1239;36;4610.00;177
12066;33;623372413;12066;454;13307;13480;4.71;0.29;310.72;12.95;1241;36;4611.00;173
12070;33;623372426;12070;454;13313;13480;4.71;0.29;310.69;12.95;1243;36;4612.00;167
12074;33;623372439;12074;458;13315;13480;4.71;0.29;310.66;12.95;1241;36;4613.00;165
12078;33;623372453;12078;466;13318;13480;4.70;0.29;310.68;12.95;1240;36;4614.00;162
12083;33;623372466;12083;469;13321;13480;4.66;0.29;310.69;12.95;1238;36;4615.00;159
12086;33;623372480;12086;480;13324;13481;4.64;0.29;310.64;12.94;1238;36;4616.00;157
12091;33;623372494;12091;484;13327;13482;4.57;0.28;310.63;12.94;1236;36;4617.00;155
12092;33;623372507;12092;486;13329;13482;4.56;0.28;310.63;12.94;1237;36;4618.00;153
12097;33;623372521;12097;500;13335;13483;4.52;0.28;310.62;13.05;1238;36;4619.00;148
12098;33;623372537;12098;502;13338;13483;4.51;0.28;310.63;13.05;1240;36;4620.00;145
12104;33;623372550;12104;509;13340;13483;4.45;0.28;310.58;13.05;1236;36;4621.00;143
12107;33;623372564;12107;512;13342;13483;4.41;0.27;310.62;13.05;1235;36;4622.00;141
12108;33;623372577;12108;510;13347;13487;4.41;0.27;310.60;13.05;1239;36;4623.00;140
12110;33;623372591;12110;522;13349;13487;4.39;0.27;310.59;13.05;1239;36;4624.00;138
12114;33;623372609;12114;520;13350;13487;4.36;0.27;310.58;13.05;1236;36;4625.00;137
12115;33;623372622;12115;517;13353;13490;4.37;0.27;310.59;13.05;1238;36;4626.00;137
12121;33;623372641;12121;512;13353;13490;4.34;0.27;310.55;13.05;1232;36;4627.00;137
12121;33;623372656;12121;503;13355;13490;4.40;0.27;310.55;13.05;1234;36;4628.00;135
12125;33;623372670;12125;502;13358;13494;4.44;0.27;310.53;13.05;1233;36;4629.00;136
12130;33;623372683;12130;497;13360;13495;4.46;0.28;310.49;13.04;1230;36;4630.00;135
12131;33;623372698;12131;494;13360;13495;4.48;0.28;310.49;13.04;1229;36;4631.00;135
12135;33;623372711;12135;488;13362;13499;4.53;0.28;310.48;13.04;1227;36;4632.00;137
12137;33;623372725;12137;483;13363;13499;4.54;0.28;310.47;13.16;1226;36;4633.00;136
12141;33;623372738;12141;479;13364;13499;4.56;0.28;310.42;13.15;1223;36;4634.00;135
12145;33;623372751;12145;475;13366;13501;4.60;0.28;310.44;13.15;1221;36;4635.00;135
12145;33;623372765;12145;477;13366;13501;4.63;0.28;310.44;13.15;1221;36;4636.00;135
12148;33;623372783;12148;466;13371;13507;4.67;0.29;310.47;13.15;1223;36;4637.00;136
12154;33;623372796;12154;465;13372;13507;4.66;0.28;310.41;13.26;1218;36;4638.00;135
12157;33;623372811;12157;461;13372;13508;4.68;0.29;310.40;13.26;1215;36;4639.00;136
12158;33;623372824;12158;450;13372;13508;4.75;0.29;310.41;13.26;1214;36;4640.00;136
12161;33;623372837;12161;446;13372;13508;4.81;0.29;310.40;13.26;1211;36;4641.00;136
12162;33;623372851;12162;437;13372;13508;4.89;0.30;310.41;13.26;1210;36;4642.00;136
12164;33;623372864;12164;436;13372;13508;4.94;0.30;310.37;13.26;1208;36;4643.00;136
12165;33;623372878;12165;435;13382;13520;5.07;0.31;310.37;13.25;1217;36;4644.00;138
12167;33;623372893;12167;439;13382;13520;5.05;0.31;310.36;13.25;1215;36;4645.00;138
12168;33;623372917;12168;416;13383;13520;5.10;0.31;310.36;13.25;1215;36;4646.00;137
12169;33;623372931;12169;406;13383;13520;5.17;0.31;310.35;13.25;1214;36;4647.00;137
12170;33;623372949;12170;392;13383;13520;5.27;0.32;310.36;13.25;1213;36;4648.00;137
12172;33;623372963;12172;376;13383;13520;5.36;0.33;310.37;13.25;1211;36;4649.00;137
12175;33;623372980;12175;370;13388;13526;5.47;0.33;310.54;13.24;1213;36;4650.00;138
12179;33;623372994;12179;360;13388;13526;5.61;0.34;310.62;13.24;1209;36;4651.00;138
12182;33;623373009;12182;347;13392;13530;5.72;0.35;310.65;13.24;1210;36;4652.00;138
12187;33;623373024;12187;342;13393;13531;5.81;0.35;310.65;13.24;1206;36;4653.00;138
12187;33;623373039;12187;330;13393;13531;5.88;0.36;310.65;13.24;1206;36;4654.00;138
12191;33;623373053;12191;330;13393;13531;5.93;0.36;310.68;13.24;1202;36;4655.00;138
12193;33;623373067;12193;326;13404;13544;6.04;0.37;310.69;13.23;1211;36;4656.00;140
12194;33;623373082;12194;324;13404;13544;6.11;0.37;310.76;13.23;1210;36;4657.00;140
12198;33;623373097;12198;318;13404;13544;6.14;0.37;310.82;13.23;1206;36;4658.00;140
12202;33;623373111;12202;315;13405;13545;6.18;0.38;311.00;13.22;1203;36;4659.00;140
12206;33;623373125;12206;313;13405;13546;6.22;0.38;311.03;13.22;1199;36;4660.00;141
12210;33;623373141;12210;308;13405;13546;6.29;0.38;311.02;13.22;1195;36;4661.00;141
12213;33;623373156;12213;304;13407;13549;6.36;0.39;311.11;13.22;1194;36;4662.00;142
12214;33;623373171;12214;301;13407;13549;6.39;0.39;311.10;13.22;1193;36;4663.00;142
12215;33;623373185;12215;297;13408;13549;6.42;0.39;311.15;13.22;1193;36;4664.00;141
12218;33;623373200;12218;292;13408;13549;6.43;0.39;311.21;13.22;1190;36;4665.00;141
12220;33;623373214;12220;293;13413;13555;6.46;0.39;311.20;13.22;1193;36;4666.00;142
12221;33;623373229;12221;294;13413;13555;6.48;0.39;311.24;13.22;1192;36;4667.00;142
12223;33;623373244;12223;295;13414;13555;6.49;0.40;311.30;13.33;1191;36;4668.00;141
12228;33;623373259;12228;296;13414;13555;6.53;0.40;311.37;13.33;1186;36;4669.00;141
12229;33;623373273;12229;293;13417;13559;6.54;0.40;311.39;13.33;1188;36;4670.00;142
12233;33;623373288;12233;299;13418;13560;6.53;0.40;311.48;13.32;1185;36;4671.00;142
12235;33;623373303;12235;304;13418;13560;6.51;0.40;311.47;13.32;1183;36;4672.00;142
12239;33;623373317;12239;300;13419;13561;6.52;0.40;311.52;13.32;1180;36;4673.00;142
12242;33;623373332;12242;296;13419;13561;6.54;0.40;311.58;13.32;1177;36;4674.00;142
12243;33;623373346;12243;296;13419;13561;6.57;0.40;311.60;13.32;1176;36;4675.00;142
12247;33;623373360;12247;290;13419;13561;6.53;0.40;311.65;13.32;1172;36;4676.00;142
12249;33;623373374;12249;288;13419;13561;6.56;0.40;311.63;13.32;1170;36;4677.00;142
12253;33;623373388;12253;287;13419;13561;6.62;0.40;311.72;13.32;1166;36;4678.00;142
12255;33;623373402;12255;289;13419;13561;6.62;0.40;311.79;13.32;1164;36;4679.00;142
12258;33;623373419;12258;320;13483;13686;6.62;0.41;311.82;13.26;1225;36;4680.00;203
12262;33;623373445;12262;309;13483;13687;6.64;0.41;311.88;13.26;1221;36;4681.00;204
12263;33;623373460;12263;293;13490;13687;6.65;0.41;311.91;13.25;1227;36;4682.00;197
12266;33;623373476;12266;291;13490;13687;6.66;0.41;311.97;13.25;1224;36;4683.00;197
12267;33;623373491;12267;286;13494;13687;6.75;0.41;311.99;13.25;1227;36;4684.00;193
12270;33;623373513;12270;289;13495;13687;6.78;0.41;312.06;13.25;1225;36;4685.00;192
12273;33;623373528;12273;290;13501;13687;6.78;0.41;312.04;13.25;1228;36;4686.00;186
12275;33;623373543;12275;301;13503;13687;6.74;0.41;312.14;13.25;1228;36;4687.00;184
12279;33;623373557;12279;296;13509;13688;6.74;0.41;312.18;13.35;1230;36;4688.00;179
12282;33;623373574;12282;297;13513;13689;6.73;0.41;312.21;13.35;1231;36;4689.00;176
12286;33;623373589;12286;307;13517;13689;6.72;0.41;312.22;13.35;1231;36;4690.00;172
12288;33;623373604;12288;312;13522;13693;6.65;0.41;312.26;13.35;1234;36;4691.00;171
12289;33;623373619;12289;302;13524;13693;6.63;0.41;312.24;13.35;1235;36;4692.00;169
12294;33;623373633;12294;299;13527;13693;6.54;0.40;312.25;13.34;1233;36;4693.00;166
12297;33;623373648;12297;297;13528;13693;6.52;0.40;312.27;13.36;1231;36;4694.00;165
12301;33;623373674;12301;294;13533;13699;6.47;0.40;312.33;13.37;1232;36;4695.00;166
12306;33;623373697;12306;293;13533;13699;6.44;0.39;312.43;13.37;1227;36;4696.00;166
12309;33;623373721;12309;289;13533;13699;6.45;0.39;312.45;13.37;1224;36;4697.00;166
12311;33;623373743;12311;283;13535;13702;6.52;0.40;312.46;13.37;1224;36;4698.00;167
12316;33;623373766;12316;284;13535;13702;6.58;0.40;312.59;13.37;1219;36;4699.00;167
12318;33;623373786;12318;281;13535;13702;6.64;0.40;312.66;13.37;1217;36;4700.00;167
12323;33;623373807;12323;283;13536;13703;6.65;0.41;312.74;13.37;1213;36;4701.00;167
12327;33;623373823;12327;277;13537;13704;6.69;0.41;312.78;13.37;1210;36;4702.00;167
12331;33;623373842;12331;279;13537;13704;6.78;0.41;312.82;13.37;1206;36;4703.00;167
12336;33;623373858;12336;280;13545;13717;6.84;0.42;312.85;13.36;1209;36;4704.00;172
12338;33;623373876;12338;272;13545;13717;6.91;0.42;312.87;13.36;1207;36;4705.00;172
12343;33;623373893;12343;278;13546;13717;6.96;0.42;312.95;13.36;1203;36;4706.00;171
12347;33;623373909;12347;279;13548;13718;7.00;0.43;313.05;13.36;1201;36;4707.00;170
12349;33;623373926;12349;277;13549;13718;7.04;0.43;313.09;13.36;1200;36;4708.00;169
12353;33;623373941;12353;278;13552;13722;7.06;0.43;313.09;13.36;1199;36;4709.00;170
12356;33;623373959;12356;272;13553;13722;7.07;0.43;313.14;13.36;1197;36;4710.00;169
12359;33;623373975;12359;273;13558;13726;7.01;0.43;313.17;13.36;1199;36;4711.00;168
12362;33;623373991;12362;271;13558;13726;6.93;0.42;313.21;13.36;1196;36;4712.00;168
12364;33;623374006;12364;275;13560;13726;6.93;0.42;313.19;13.36;1196;36;4713.00;166
12367;33;623374020;12367;281;13560;13726;6.86;0.42;313.26;13.36;1193;36;4714.00;166
12368;33;623374036;12368;293;13560;13726;6.80;0.41;313.26;13.36;1192;36;4715.00;166
12370;33;623374050;12370;294;13572;13738;6.75;0.41;313.28;13.36;1202;36;4716.00;166
12373;33;623374066;12373;301;13573;13738;6.67;0.41;313.42;13.36;1200;36;4717.00;165
12377;33;623374080;12377;308;13573;13738;6.56;0.40;313.42;13.36;1196;36;4718.00;165
12380;33;623374102;12380;322;13573;13738;6.49;0.40;313.45;13.36;1193;36;4719.00;165
12383;33;623374116;12383;328;13575;13738;6.43;0.39;313.51;13.38;1192;36;4720.00;163
12385;33;623374130;12385;327;13575;13738;6.38;0.39;313.56;13.38;1190;36;4721.00;163
12389;33;623374145;12389;338;13575;13739;6.27;0.38;313.71;13.38;1186;36;4722.00;164
12389;33;623374159;12389;346;13577;13739;6.21;0.38;313.71;13.40;1188;36;4723.00;162
12392;33;623374173;12392;352;13582;13745;6.18;0.38;313.74;13.39;1190;36;4724.00;163
12397;33;623374190;12397;362;13584;13747;6.12;0.37;313.77;13.39;1187;36;4725.00;163
12400;33;623374204;12400;371;13586;13747;6.07;0.37;313.76;13.41;1186;36;4726.00;161
12401;33;623374219;12401;372;13586;13747;6.00;0.37;313.78;13.41;1185;36;4727.00;161
12402;33;623374232;12402;374;13591;13751;5.98;0.36;313.76;13.42;1189;36;4728.00;160
12405;33;623374246;12405;377;13591;13751;5.93;0.36;313.83;13.42;1186;36;4729.00;160
12408;33;623374260;12408;386;13592;13751;5.83;0.36;313.98;13.43;1184;36;4730.00;159
12409;33;623374274;12409;377;13594;13752;5.84;0.36;314.06;13.44;1185;36;4731.00;158
12410;33;623374288;12410;387;13598;13756;5.79;0.35;314.08;13.44;1188;36;4732.00;158
12413;33;623374301;12413;391;13598;13756;5.72;0.35;314.14;13.44;1185;36;4733.00;158
12415;33;623374314;12415;394;13602;13759;5.72;0.35;314.17;13.46;1187;36;4734.00;157
12417;33;623374327;12417;399;13602;13759;5.66;0.35;314.27;13.46;1185;36;4735.00;157
12420;33;623374341;12420;406;13605;13759;5.56;0.34;314.27;13.47;1185;36;4736.00;154
12423;33;623374354;12423;410;13605;13759;5.48;0.33;314.34;13.47;1182;36;4737.00;154
12427;33;623374367;12427;421;13611;13763;5.41;0.33;314.42;13.49;1184;36;4738.00;152
12429;33;623374381;12429;420;13611;13763;5.34;0.33;314.51;13.49;1182;36;4739.00;152
12434;33;623374396;12434;421;13612;13763;5.22;0.32;314.52;13.50;1178;36;4740.00;151
12437;33;623374409;12437;426;13612;13763;5.20;0.32;314.60;13.50;1175;36;4741.00;151
12437;33;623374422;12437;426;13613;13764;5.17;0.32;314.60;13.51;1176;36;4742.00;151
12438;33;623374434;12438;425;13614;13765;5.15;0.31;314.58;13.51;1176;36;4743.00;151
12439;33;623374447;12439;429;13614;13765;5.11;0.31;314.59;13.51;1175;36;4744.00;151
12441;33;623374459;12441;429;13619;13766;5.07;0.31;314.64;13.56;1178;36;4745.00;147
12445;33;623374472;12445;430;13619;13766;5.03;0.31;314.77;13.56;1174;36;4746.00;147
12447;33;623374485;12447;430;13620;13766;5.05;0.31;314.74;13.58;1173;36;4747.00;146
12450;33;623374497;12450;437;13620;13766;5.06;0.31;314.71;13.58;1170;36;4748.00;146
12451;33;623374509;12451;435;13622;13766;5.05;0.31;314.77;13.60;1171;36;4749.00;144
12457;33;623374521;12457;437;13622;13766;4.99;0.30;314.79;13.60;1165;36;4750.00;144
12459;33;623374534;12459;444;13622;13766;4.96;0.30;314.79;13.60;1163;36;4751.00;144
12461;33;623374546;12461;469;13690;13893;5.23;0.32;314.79;13.56;1229;36;4752.00;203
12465;33;623374569;12465;464;13693;13894;5.17;0.32;314.73;13.56;1228;36;4753.00;201
12469;33;623374582;12469;465;13703;13894;5.18;0.32;314.68;13.55;1234;36;4754.00;191
12471;33;623374595;12471;465;13707;13894;5.15;0.32;314.71;13.56;1236;36;4755.00;187
12475;33;623374608;12475;464;13713;13894;5.10;0.31;314.67;13.55;1238;36;4756.00;181
12477;33;623374621;12477;473;13714;13894;5.04;0.31;314.67;13.55;1237;36;4757.00;180
12481;33;623374635;12481;470;13720;13894;4.95;0.31;314.69;13.56;1239;36;4758.00;174
12484;33;623374649;12484;477;13723;13894;4.86;0.30;314.63;13.56;1239;36;4759.00;171
12490;33;623374662;12490;468;13727;13895;4.74;0.29;314.65;13.57;1237;36;4760.00;168
12493;33;623374675;12493;470;13731;13896;4.69;0.29;314.69;13.58;1238;36;4761.00;165
12494;33;623374688;12494;480;13734;13896;4.71;0.29;314.67;13.58;1240;36;4762.00;162
12494;33;623374701;12494;488;13740;13897;4.69;0.29;314.67;13.60;1246;36;4763.00;157
12496;33;623374714;12496;491;13741;13897;4.63;0.29;314.68;13.60;1245;36;4764.00;156
12498;33;623374727;12498;494;13745;13897;4.58;0.28;314.67;13.61;1247;36;4765.00;152
12501;33;623374739;12501;504;13748;13897;4.55;0.28;314.66;13.62;1247;36;4766.00;149
12502;33;623374751;12502;507;13750;13901;4.50;0.28;314.67;13.61;1248;36;4767.00;151
12504;33;623374764;12504;508;13754;13901;4.51;0.28;314.68;13.63;1250;36;4768.00;147
12506;33;623374776;12506;508;13755;13901;4.46;0.28;314.70;13.63;1249;36;4769.00;146
12507;33;623374791;12507;509;13759;13907;4.43;0.27;314.71;13.63;1252;36;4770.00;148
12509;33;623374803;12509;509;13760;13907;4.38;0.27;314.70;13.63;1251;36;4771.00;147
12513;33;623374815;12513;517;13762;13907;4.30;0.27;314.68;13.63;1249;36;4772.00;145
12515;33;623374827;12515;524;13767;13911;4.28;0.26;314.63;13.63;1252;36;4773.00;144
12517;33;623374840;12517;523;13768;13912;4.30;0.26;314.62;13.63;1251;36;4774.00;144
12523;33;623374853;12523;529;13769;13912;4.30;0.26;314.59;13.63;1246;36;4775.00;143
12525;33;623374865;12525;533;13771;13916;4.36;0.27;314.59;13.62;1246;36;4776.00;145
12527;33;623374878;12527;532;13772;13916;4.38;0.27;314.60;13.62;1245;36;4777.00;144
12531;33;623374890;12531;530;13773;13916;4.35;0.27;314.56;13.62;1242;36;4778.00;143
12533;33;623374903;12533;521;13774;13917;4.37;0.27;314.54;13.62;1241;36;4779.00;143
12538;33;623374916;12538;510;13774;13917;4.34;0.27;314.57;13.62;1236;36;4780.00;143
12540;33;623374929;12540;510;13779;13923;4.38;0.27;314.59;13.62;1239;36;4781.00;144
12547;33;623374942;12547;512;13779;13923;4.34;0.26;314.48;13.62;1232;36;4782.00;144
12550;33;623374955;12550;509;13779;13924;4.34;0.26;314.52;13.62;1229;36;4783.00;145
12552;33;623374970;12552;504;13779;13924;4.39;0.27;314.50;13.62;1227;36;4784.00;145
12554;33;623374982;12554;511;13779;13924;4.43;0.27;314.48;13.62;1225;36;4785.00;145
12558;33;623374995;12558;509;13779;13924;4.46;0.27;314.52;13.62;1221;36;4786.00;145
12560;33;623375008;12560;514;13779;13924;4.50;0.27;314.57;13.62;1219;36;4787.00;145
12563;34;623375021;12563;499;13789;13936;4.59;0.28;314.57;13.61;1226;37;4788.00;147
12567;34;623375046;12567;500;13789;13936;4.60;0.28;314.59;13.61;1222;37;4789.00;147
12569;34;623375059;12569;495;13790;13936;4.64;0.28;314.56;13.61;1221;37;4790.00;146
12571;34;623375077;12571;496;13790;13936;4.68;0.28;314.57;13.61;1219;37;4791.00;146
12573;34;623375096;12573;492;13790;13936;4.68;0.29;314.58;13.61;1217;37;4792.00;146
12576;34;623375108;12576;490;13790;13936;4.66;0.28;314.57;13.61;1214;37;4793.00;146
12578;34;623375122;12578;488;13793;13940;4.64;0.28;314.57;13.60;1215;37;4794.00;147
12581;34;623375134;12581;482;13793;13940;4.60;0.28;314.59;13.60;1212;37;4795.00;147
12582;34;623375147;12582;483;13797;13944;4.66;0.28;314.58;13.60;1215;37;4796.00;147
12584;34;623375161;12584;479;13799;13945;4.67;0.28;314.59;13.71;1215;37;4797.00;146
12586;34;623375175;12586;481;13799;13945;4.67;0.28;314.58;13.71;1213;37;4798.00;146
12590;34;623375188;12590;481;13799;13945;4.64;0.28;314.60;13.71;1209;37;4799.00;146
12593;34;623375203;12593;487;13823;13986;4.76;0.29;314.64;13.69;1230;37;4800.00;163
12595;34;623375223;12595;476;13823;13986;4.75;0.29;314.65;13.69;1228;37;4801.00;163
12598;34;623375237;12598;470;13824;13986;4.82;0.29;314.74;13.69;1226;37;4802.00;162
12599;34;623375250;12599;467;13826;13987;4.86;0.30;314.75;13.68;1227;37;4803.00;161
12603;34;623375264;12603;464;13827;13988;4.87;0.30;314.78;13.68;1224;37;4804.00;161
12607;34;623375276;12607;462;13827;13988;4.90;0.30;314.84;13.68;1220;37;4805.00;161
12609;34;623375290;12609;460;13831;13991;4.94;0.30;314.85;13.68;1222;37;4806.00;160
12611;34;623375304;12611;448;13831;13991;5.00;0.30;314.88;13.68;1220;37;4807.00;160
12613;34;623375317;12613;446;13833;13991;5.06;0.31;314.92;13.68;1220;37;4808.00;158
12615;34;623375331;12615;442;13833;13991;5.09;0.31;314.94;13.68;1218;37;4809.00;158
12619;34;623375345;12619;427;13839;13997;5.13;0.31;315.02;13.67;1220;37;4810.00;158
12624;34;623375359;12624;425;13839;13997;5.13;0.31;315.14;13.67;1215;37;4811.00;158
12625;34;623375374;12625;423;13841;13997;5.21;0.32;315.15;13.79;1216;37;4812.00;156
12628;34;623375388;12628;417;13841;13997;5.21;0.32;315.18;13.79;1213;37;4813.00;156
12632;34;623375407;12632;417;13844;14001;5.24;0.32;315.22;13.78;1212;37;4814.00;157
12633;34;623375426;12633;418;13847;14003;5.34;0.32;315.23;13.78;1214;37;4815.00;156
12636;34;623375440;12636;398;13847;14003;5.43;0.33;315.28;13.78;1211;37;4816.00;156
12639;34;623375455;12639;389;13848;14004;5.53;0.34;315.31;13.78;1209;37;4817.00;156
12641;34;623375470;12641;373;13848;14004;5.68;0.35;315.32;13.78;1207;37;4818.00;156
12645;35;623375484;12645;360;13849;14004;5.77;0.35;315.27;13.89;1204;38;4819.00;155
12649;35;623375515;12649;350;13849;14004;5.86;0.36;315.33;13.89;1200;38;4820.00;155
12652;35;623375530;12652;345;13850;14004;6.01;0.37;315.34;13.89;1198;38;4821.00;154
12656;35;623375544;12656;342;13850;14004;6.14;0.37;315.32;13.89;1194;38;4822.00;154
12657;35;623375559;12657;337;13850;14004;6.26;0.38;315.32;13.89;1193;38;4823.00;154
12659;35;623375573;12659;345;13890;14074;6.39;0.39;315.37;13.85;1231;38;4824.00;184
12660;35;623375593;12660;334;13891;14075;6.46;0.39;315.40;13.85;1231;38;4825.00;184
12665;35;623375609;12665;334;13897;14075;6.48;0.39;315.44;13.85;1232;38;4826.00;178
12667;35;623375624;12667;325;13900;14075;6.53;0.40;315.49;13.96;1233;38;4827.00;175
12669;35;623375639;12669;322;13904;14077;6.56;0.40;315.53;13.96;1235;38;4828.00;173
12670;35;623375655;12670;322;13907;14077;6.60;0.40;315.52;13.96;1237;38;4829.00;170
12672;35;623375681;12672;324;13909;14077;6.57;0.40;315.60;13.96;1237;38;4830.00;168
12673;35;623375714;12673;330;13914;14077;6.58;0.40;315.66;13.96;1241;38;4831.00;163
12677;35;623375738;12677;340;13916;14078;6.57;0.40;315.69;13.95;1239;38;4832.00;162
12683;35;623375761;12683;336;13918;14079;6.51;0.40;315.81;14.07;1235;38;4833.00;161
12685;35;623375783;12685;336;13920;14079;6.45;0.39;315.82;14.07;1235;38;4834.00;159
12688;35;623375799;12688;338;13925;14083;6.45;0.39;315.88;14.06;1237;38;4835.00;158
12689;35;623375821;12689;338;13926;14083;6.44;0.39;315.89;14.06;1237;38;4836.00;157
12691;35;623375838;12691;338;13927;14083;6.45;0.39;315.88;14.06;1236;38;4837.00;156
12693;35;623375854;12693;344;13928;14083;6.43;0.39;315.91;14.18;1235;38;4838.00;155
12695;35;623375871;12695;338;13933;14089;6.49;0.40;315.90;14.17;1238;38;4839.00;156
12699;35;623375888;12699;330;13933;14089;6.51;0.40;315.98;14.17;1234;38;4840.00;156
12701;35;623375905;12701;332;13933;14089;6.56;0.40;315.99;14.17;1232;38;4841.00;156
12703;35;623375920;12703;329;13935;14092;6.59;0.40;316.00;14.17;1232;38;4842.00;157
12706;35;623375936;12706;327;13936;14092;6.55;0.40;315.99;14.28;1230;38;4843.00;156
12708;35;623375952;12708;326;13937;14092;6.53;0.40;315.98;14.28;1229;38;4844.00;155
12711;35;623375968;12711;324;13937;14093;6.54;0.40;316.02;14.28;1226;38;4845.00;156
12713;35;623375984;12713;320;13938;14094;6.58;0.40;316.05;14.28;1225;38;4846.00;156
12718;35;623376000;12718;313;13938;14094;6.54;0.40;316.17;14.28;1220;38;4847.00;156
12721;35;623376017;12721;311;13948;14107;6.59;0.40;316.19;14.27;1227;38;4848.00;159
12725;35;623376034;12725;311;13949;14107;6.67;0.40;316.26;14.27;1224;38;4849.00;158
12727;35;623376049;12727;306;13949;14107;6.70;0.41;316.29;14.27;1222;38;4850.00;158
12730;35;623376065;12730;304;13950;14108;6.71;0.41;316.32;14.27;1220;38;4851.00;158
12732;36;623376082;12732;304;13950;14108;6.70;0.41;316.35;14.27;1218;39;4852.00;158
12733;36;623376105;12733;294;13954;14112;6.79;0.41;316.37;14.27;1221;39;4853.00;158
12738;36;623376121;12738;290;13954;14112;6.78;0.41;316.48;14.27;1216;39;4854.00;158
12741;36;623376137;12741;286;13957;14116;6.74;0.41;316.50;14.26;1216;39;4855.00;159
12744;36;623376153;12744;285;13957;14116;6.69;0.41;316.56;14.26;1213;39;4856.00;159
12746;36;623376169;12746;276;13957;14116;6.65;0.40;316.56;14.26;1211;39;4857.00;159
12748;36;623376190;12748;279;13957;14116;6.61;0.40;316.58;14.26;1209;39;4858.00;159
12752;36;623376206;12752;282;13957;14116;6.54;0.40;316.59;14.26;1205;39;4859.00;159
12756;36;623376223;12756;287;13980;14150;6.56;0.40;316.57;14.24;1224;39;4860.00;170
12760;36;623376241;12760;280;13982;14150;6.49;0.40;316.56;14.35;1222;39;4861.00;168
12763;36;623376257;12763;269;13983;14150;6.49;0.40;316.61;14.35;1220;39;4862.00;167
12767;36;623376272;12767;272;13984;14150;6.50;0.40;316.63;14.35;1217;39;4863.00;166
12770;36;623376288;12770;269;13986;14150;6.55;0.40;316.62;14.35;1216;39;4864.00;164
12772;36;623376304;12772;269;13988;14150;6.58;0.40;316.68;14.38;1216;39;4865.00;162
12780;36;623376320;12780;269;13988;14151;6.61;0.40;316.70;14.38;1208;39;4866.00;163
12782;36;623376336;12782;274;13988;14151;6.64;0.40;316.75;14.38;1206;39;4867.00;163
12786;36;623376357;12786;269;13992;14157;6.72;0.41;316.81;14.38;1206;39;4868.00;165
12789;36;623376374;12789;269;13993;14158;6.72;0.41;316.79;14.38;1204;39;4869.00;165
12794;37;623376389;12794;264;13993;14158;6.64;0.40;316.81;14.38;1199;40;4870.00;165
12796;37;623376422;12796;262;13993;14158;6.64;0.40;316.78;14.38;1197;40;4871.00;165
12799;37;623376438;12799;269;13995;14162;6.64;0.40;316.85;14.37;1196;40;4872.00;167
12803;37;623376452;12803;268;13996;14162;6.61;0.40;316.86;14.37;1193;40;4873.00;166
12807;37;623376467;12807;269;13997;14162;6.61;0.40;316.89;14.37;1190;40;4874.00;165
12809;37;623376483;12809;266;13998;14163;6.58;0.40;316.93;14.37;1189;40;4875.00;165
12812;37;623376498;12812;275;14001;14167;6.53;0.40;316.97;14.37;1189;40;4876.00;166
12812;37;623376512;12812;267;14002;14167;6.54;0.40;316.97;14.37;1190;40;4877.00;165
12816;37;623376526;12816;264;14004;14170;6.54;0.40;317.11;14.37;1188;40;4878.00;166
12820;37;623376541;12820;265;14005;14170;6.54;0.40;317.13;14.37;1185;40;4879.00;165
12824;37;623376555;12824;269;14005;14170;6.52;0.40;317.16;14.37;1181;40;4880.00;165
12831;37;623376569;12831;269;14005;14170;6.50;0.40;317.21;14.37;1174;40;4881.00;165
12833;37;623376584;12833;273;14009;14174;6.54;0.40;317.21;14.36;1176;40;4882.00;165
12838;37;623376600;12838;275;14009;14174;6.50;0.39;317.39;14.36;1171;40;4883.00;165
12840;37;623376615;12840;271;14009;14174;6.47;0.39;317.40;14.36;1169;40;4884.00;165
12843;37;623376635;12843;275;14009;14174;6.46;0.39;317.41;14.36;1166;40;4885.00;165
12845;37;623376653;12845;276;14009;14175;6.39;0.39;317.46;14.36;1164;40;4886.00;166
12849;37;623376670;12849;279;14010;14176;6.34;0.39;317.51;14.36;1161;40;4887.00;166
12851;37;623376685;12851;281;14010;14176;6.27;0.38;317.52;14.36;1159;40;4888.00;166
12854;37;623376698;12854;291;14011;14177;6.16;0.37;317.59;14.36;1157;40;4889.00;166
12856;37;623376714;12856;303;14013;14177;6.13;0.37;317.65;14.39;1157;40;4890.00;164
12859;37;623376727;12859;311;14013;14177;6.09;0.37;317.69;14.39;1154;40;4891.00;164
12861;37;623376740;12861;321;14013;14177;6.00;0.36;317.77;14.39;1152;40;4892.00;164
12866;37;623376753;12866;326;14015;14177;5.89;0.36;317.87;14.42;1149;40;4893.00;162
12866;37;623376766;12866;328;14015;14177;5.82;0.35;317.87;14.42;1149;40;4894.00;162
12868;37;623376778;12868;326;14015;14177;5.79;0.35;317.84;14.42;1147;40;4895.00;162
12871;37;623376791;12871;346;14080;14304;5.96;0.37;317.85;14.37;1209;40;4896.00;224
12871;37;623376813;12871;345;14085;14305;5.88;0.36;317.85;14.37;1214;40;4897.00;220
12873;37;623376826;12873;339;14097;14305;5.91;0.37;317.81;14.37;1224;40;4898.00;208
12874;37;623376839;12874;344;14099;14305;5.85;0.36;317.82;14.38;1225;40;4899.00;206
12879;37;623376852;12879;350;14105;14305;5.81;0.36;317.81;14.38;1226;40;4900.00;200
12880;37;623376869;12880;348;14108;14305;5.78;0.36;317.87;14.39;1228;40;4901.00;197
12882;37;623376881;12882;353;14113;14305;5.76;0.35;317.84;14.41;1231;40;4902.00;192
12885;37;623376899;12885;357;14115;14305;5.74;0.35;317.83;14.41;1230;40;4903.00;190
12887;37;623376912;12887;362;14117;14306;5.71;0.35;317.87;14.43;1230;40;4904.00;189
12888;37;623376925;12888;367;14125;14308;5.69;0.35;317.85;14.43;1237;40;4905.00;183
12891;37;623376938;12891;375;14127;14308;5.63;0.34;317.82;14.44;1236;40;4906.00;181
12893;37;623376950;12893;385;14131;14309;5.58;0.34;317.79;14.44;1238;40;4907.00;178
12895;37;623376969;12895;390;14134;14309;5.52;0.34;317.75;14.44;1239;40;4908.00;175
12896;37;623376982;12896;390;14139;14309;5.48;0.34;317.73;14.45;1243;40;4909.00;170
12899;37;623376994;12899;395;14141;14309;5.40;0.33;317.69;14.45;1242;40;4910.00;168
12899;37;623377010;12899;397;14146;14313;5.38;0.33;317.69;14.45;1247;40;4911.00;167
12901;37;623377025;12901;400;14149;14313;5.28;0.32;317.64;14.47;1248;40;4912.00;164
12902;37;623377040;12902;409;14151;14313;5.20;0.32;317.67;14.47;1249;40;4913.00;162
12903;37;623377053;12903;417;14153;14316;5.16;0.32;317.70;14.47;1250;40;4914.00;163
12903;37;623377068;12903;422;14156;14316;5.12;0.31;317.70;14.48;1253;40;4915.00;160
12903;37;623377080;12903;429;14160;14316;5.13;0.32;317.70;14.52;1257;40;4916.00;156
12905;37;623377092;12905;440;14165;14320;5.12;0.31;317.66;14.52;1260;40;4917.00;155
12909;37;623377105;12909;450;14166;14321;5.12;0.31;317.64;14.52;1257;40;4918.00;155
12911;37;623377118;12911;454;14170;14321;5.11;0.31;317.61;14.55;1259;40;4919.00;151
12913;37;623377131;12913;452;14173;14326;5.08;0.31;317.57;14.55;1260;40;4920.00;153
12914;37;623377144;12914;461;14174;14326;4.99;0.31;317.55;14.56;1260;40;4921.00;152
12917;37;623377156;12917;469;14175;14326;4.86;0.30;317.52;14.56;1258;40;4922.00;151
12920;37;623377168;12920;476;14180;14327;4.74;0.29;317.53;14.59;1260;40;4923.00;147
12925;37;623377179;12925;482;14180;14327;4.61;0.28;317.59;14.59;1255;40;4924.00;147
12928;37;623377192;12928;487;14185;14333;4.55;0.28;317.55;14.59;1257;40;4925.00;148
12933;37;623377204;12933;497;14186;14333;4.39;0.27;317.49;14.60;1253;40;4926.00;147
12934;37;623377216;12934;503;14186;14334;4.24;0.26;317.50;14.60;1252;40;4927.00;148
12935;37;623377228;12935;520;14188;14334;4.09;0.25;317.49;14.62;1253;40;4928.00;146
12939;37;623377239;12939;523;14189;14334;3.93;0.24;317.45;14.63;1250;40;4929.00;145
12943;37;623377250;12943;522;14189;14334;3.77;0.23;317.44;14.63;1246;40;4930.00;145
12945;37;623377262;12945;511;14190;14334;3.71;0.23;317.43;14.64;1245;40;4931.00;144
12947;37;623377274;12947;498;14201;14346;3.74;0.23;317.43;14.63;1254;40;4932.00;145
12949;37;623377286;12949;485;14202;14346;3.71;0.23;317.44;14.64;1253;40;4933.00;144
12949;37;623377298;12949;481;14203;14346;3.75;0.23;317.44;14.65;1254;40;4934.00;143
12952;37;623377309;12952;485;14203;14346;3.76;0.23;317.46;14.65;1251;40;4935.00;143
12956;37;623377321;12956;473;14204;14346;3.76;0.23;317.46;14.66;1248;40;4936.00;142
12958;37;623377333;12958;469;14204;14346;3.85;0.23;317.48;14.66;1246;40;4937.00;142
12959;37;623377351;12959;461;14207;14350;3.96;0.24;317.54;14.66;1248;40;4938.00;143
12963;37;623377363;12963;452;14207;14350;4.06;0.25;317.52;14.66;1244;40;4939.00;143
12963;37;623377377;12963;453;14211;14354;4.21;0.26;317.52;14.65;1248;40;4940.00;143
12966;37;623377394;12966;448;14212;14355;4.29;0.26;317.53;14.65;1246;40;4941.00;143
12967;37;623377408;12967;443;14212;14355;4.39;0.27;317.54;14.65;1245;40;4942.00;143
12969;37;623377421;12969;439;14212;14355;4.42;0.27;317.53;14.65;1243;40;4943.00;143
12970;37;623377441;12970;435;14223;14368;4.62;0.28;317.54;14.64;1253;40;4944.00;145
12973;37;623377460;12973;431;14223;14368;4.69;0.28;317.54;14.64;1250;40;4945.00;145
12975;37;623377473;12975;432;14223;14368;4.78;0.29;317.53;14.64;1248;40;4946.00;145
12978;37;623377486;12978;429;14224;14369;4.84;0.29;317.57;14.64;1246;40;4947.00;145
12980;37;623377499;12980;431;14224;14370;4.82;0.29;317.58;14.64;1244;40;4948.00;146
12982;37;623377512;12982;425;14224;14370;4.83;0.29;317.56;14.64;1242;40;4949.00;146
12984;37;623377526;12984;427;14230;14379;4.89;0.30;317.58;14.63;1246;40;4950.00;149
12986;37;623377541;12986;416;14230;14379;4.90;0.30;317.57;14.63;1244;40;4951.00;149
12989;37;623377556;12989;411;14232;14379;4.93;0.30;317.54;14.63;1243;40;4952.00;147
12991;37;623377570;12991;407;14232;14379;4.95;0.30;317.55;14.63;1241;40;4953.00;147
12994;37;623377583;12994;405;14237;14385;4.98;0.30;317.67;14.63;1243;40;4954.00;148
12997;37;623377598;12997;400;14238;14385;5.01;0.30;317.69;14.63;1241;40;4955.00;147
13001;37;623377613;13001;399;14238;14385;5.01;0.30;317.71;14.63;1237;40;4956.00;147
13006;37;623377626;13006;404;14238;14385;5.01;0.30;317.77;14.63;1232;40;4957.00;147
13009;37;623377640;13009;401;14241;14389;5.01;0.31;317.79;14.62;1232;40;4958.00;148
13012;37;623377662;13012;405;14242;14390;5.06;0.31;317.80;14.62;1230;40;4959.00;148
13014;37;623377680;13014;404;14242;14390;5.12;0.31;317.88;14.62;1228;40;4960.00;148
13017;37;623377701;13017;407;14243;14391;5.15;0.31;317.90;14.62;1226;40;4961.00;148
13021;37;623377722;13021;416;14243;14391;5.16;0.31;317.91;14.62;1222;40;4962.00;148
13024;37;623377743;13024;419;14243;14391;5.16;0.31;318.04;14.62;1219;40;4963.00;148
13028;37;623377762;13028;417;14243;14391;5.16;0.31;318.02;14.62;1215;40;4964.00;148
13034;37;623377780;13034;421;14243;14391;5.12;0.31;318.17;14.62;1209;40;4965.00;148
13036;37;623377794;13036;429;14243;14391;5.14;0.31;318.17;14.62;1207;40;4966.00;148
13040;37;623377808;13040;428;14243;14391;5.13;0.31;318.25;14.62;1203;40;4967.00;148
13041;37;623377822;13041;444;14287;14461;5.21;0.32;318.26;14.58;1246;40;4968.00;174
13045;37;623377842;13045;437;14287;14462;5.17;0.32;318.35;14.58;1242;40;4969.00;175
13046;37;623377857;13046;437;14292;14462;5.25;0.32;318.35;14.57;1246;40;4970.00;170
13050;37;623377871;13050;431;14294;14462;5.27;0.32;318.44;14.57;1244;40;4971.00;168
13054;37;623377885;13054;434;14296;14462;5.26;0.32;318.52;14.57;1242;40;4972.00;166
13059;37;623377899;13059;432;14298;14462;5.28;0.32;318.66;14.57;1239;40;4973.00;164
13064;37;623377913;13064;434;14301;14462;5.28;0.32;318.73;14.57;1237;40;4974.00;161
13067;37;623377928;13067;438;14304;14462;5.30;0.32;318.80;14.56;1237;40;4975.00;158
13073;37;623377942;13073;446;14306;14463;5.29;0.32;318.94;14.56;1233;40;4976.00;157
13078;37;623377956;13078;437;14307;14464;5.28;0.32;319.02;14.56;1229;40;4977.00;157
13080;37;623377972;13080;433;14309;14464;5.34;0.32;319.01;14.56;1229;40;4978.00;155
13084;37;623377986;13084;438;14313;14468;5.37;0.33;319.05;14.56;1229;40;4979.00;155
13088;37;623378004;13088;434;14314;14468;5.42;0.33;319.15;14.56;1226;40;4980.00;154
13091;37;623378019;13091;421;14314;14468;5.46;0.33;319.13;14.56;1223;40;4981.00;154
13094;37;623378035;13094;422;14314;14468;5.52;0.33;319.23;14.56;1220;40;4982.00;154
13096;37;623378049;13096;423;14319;14474;5.55;0.34;319.26;14.55;1223;40;4983.00;155
13098;37;623378071;13098;435;14319;14474;5.60;0.34;319.22;14.55;1221;40;4984.00;155
13100;37;623378086;13100;433;14319;14474;5.62;0.34;319.26;14.55;1219;40;4985.00;155
13103;37;623378107;13103;420;14321;14477;5.69;0.34;319.28;14.55;1218;40;4986.00;156
13107;37;623378122;13107;414;14321;14477;5.76;0.35;319.32;14.55;1214;40;4987.00;156
13109;37;623378138;13109;400;14322;14477;5.87;0.36;319.36;14.55;1213;40;4988.00;155
13110;37;623378153;13110;398;14322;14478;5.96;0.36;319.41;14.55;1212;40;4989.00;156
13111;37;623378168;13111;390;14323;14479;6.04;0.37;319.45;14.55;1212;40;4990.00;156
13113;37;623378183;13113;383;14323;14479;6.10;0.37;319.53;14.55;1210;40;4991.00;156
13115;37;623378206;13115;389;14333;14492;6.19;0.38;319.57;14.54;1218;40;4992.00;159
13115;37;623378225;13115;388;14333;14492;6.21;0.38;319.57;14.54;1218;40;4993.00;159
13118;37;623378249;13118;393;14334;14492;6.25;0.38;319.58;14.54;1216;40;4994.00;158
13121;37;623378270;13121;385;14336;14494;6.29;0.38;319.59;14.54;1215;40;4995.00;158
13124;37;623378286;13124;382;14336;14494;6.32;0.38;319.65;14.54;1212;40;4996.00;158
13126;37;623378301;13126;382;14340;14498;6.41;0.39;319.69;14.53;1214;40;4997.00;158
13129;37;623378318;13129;377;14340;14498;6.45;0.39;319.79;14.53;1211;40;4998.00;158
13132;37;623378333;13132;372;14343;14502;6.49;0.39;319.87;14.53;1211;40;4999.00;159
13133;37;623378350;13133;368;14343;14502;6.51;0.40;319.91;14.53;1210;40;5000.00;159
13135;37;623378377;13135;364;14343;14502;6.55;0.40;319.99;14.53;1208;40;5001.00;159
13138;37;623378393;13138;364;14343;14502;6.58;0.40;319.97;14.53;1205;40;5002.00;159
13141;37;623378408;13141;359;14343;14502;6.55;0.40;320.01;14.53;1202;40;5003.00;159
13142;37;623378423;13142;359;14352;14514;6.59;0.40;320.03;14.52;1210;40;5004.00;162
13146;37;623378440;13146;355;14352;14514;6.58;0.40;320.03;14.52;1206;40;5005.00;162
13148;37;623378454;13148;355;14354;14514;6.59;0.40;320.05;14.52;1206;40;5006.00;160
13151;37;623378471;13151;350;14354;14514;6.53;0.40;320.07;14.52;1203;40;5007.00;160
13154;37;623378486;13154;350;14354;14514;6.50;0.40;320.11;14.52;1200;40;5008.00;160
13154;37;623378501;13154;345;14354;14514;6.50;0.40;320.11;14.52;1200;40;5009.00;160
13156;37;623378517;13156;341;14354;14515;6.49;0.40;320.19;14.52;1198;40;5010.00;161
13157;38;623378532;13157;343;14354;14515;6.51;0.40;320.23;14.52;1197;41;5011.00;161
13161;38;623378557;13161;337;14359;14521;6.51;0.40;320.22;14.51;1198;41;5012.00;162
13167;38;623378572;13167;337;14360;14522;6.52;0.40;320.23;14.51;1193;41;5013.00;162
13168;38;623378587;13168;330;14360;14522;6.52;0.40;320.22;14.51;1192;41;5014.00;162
13172;38;623378602;13172;331;14360;14522;6.51;0.40;320.22;14.51;1188;41;5015.00;162
13176;38;623378623;13176;332;14363;14526;6.50;0.39;320.26;14.51;1187;41;5016.00;163
13178;38;623378643;13178;331;14363;14526;6.49;0.39;320.25;14.51;1185;41;5017.00;163
13181;38;623378658;13181;331;14363;14526;6.46;0.39;320.24;14.51;1182;41;5018.00;163
13185;38;623378673;13185;325;14365;14527;6.42;0.39;320.26;14.63;1180;41;5019.00;162
13186;38;623378689;13186;327;14368;14531;6.38;0.39;320.30;14.63;1182;41;5020.00;163
13189;38;623378703;13189;321;14368;14531;6.34;0.38;320.32;14.63;1179;41;5021.00;163
13192;38;623378719;13192;326;14370;14534;6.34;0.38;320.32;14.63;1178;41;5022.00;164
13195;38;623378733;13195;324;14370;14534;6.26;0.38;320.41;14.63;1175;41;5023.00;164
13196;38;623378751;13196;329;14371;14534;6.24;0.38;320.43;14.63;1175;41;5024.00;163
13201;38;623378765;13201;327;14371;14534;6.22;0.38;320.44;14.63;1170;41;5025.00;163
13205;38;623378779;13205;326;14375;14538;6.25;0.38;320.47;14.62;1170;41;5026.00;163
13208;38;623378793;13208;325;14375;14538;6.24;0.38;320.48;14.62;1167;41;5027.00;163
13211;38;623378828;13211;322;14375;14538;6.24;0.38;320.48;14.62;1164;41;5028.00;163
13216;38;623378842;13216;318;14375;14538;6.28;0.38;320.57;14.62;1159;41;5029.00;163
13218;38;623378855;13218;318;14375;14539;6.27;0.38;320.57;14.62;1157;41;5030.00;164
13220;38;623378868;13220;314;14376;14540;6.25;0.38;320.61;14.62;1156;41;5031.00;164
13223;38;623378882;13223;306;14376;14540;6.26;0.38;320.63;14.62;1153;41;5032.00;164
13228;38;623378895;13228;308;14377;14541;6.21;0.38;320.77;14.62;1149;41;5033.00;164
13230;38;623378908;13230;305;14378;14541;6.16;0.38;320.78;14.64;1148;41;5034.00;163
13234;38;623378922;13234;308;14380;14541;6.13;0.37;320.78;14.78;1146;41;5035.00;161
13240;38;623378936;13240;303;14380;14541;6.13;0.37;320.83;14.78;1140;41;5036.00;161
13245;38;623378949;13245;294;14380;14541;6.11;0.37;320.91;14.78;1135;41;5037.00;161
13248;38;623378962;13248;296;14380;14541;6.14;0.37;320.91;14.78;1132;41;5038.00;161
13256;38;623378977;13256;292;14380;14541;6.11;0.37;320.89;14.78;1124;41;5039.00;161
13260;38;623378992;13260;328;14481;14771;6.29;0.39;320.90;14.80;1221;41;5040.00;290
13263;38;623379023;13263;318;14485;14772;6.33;0.39;320.91;14.79;1222;41;5041.00;287
13265;38;623379038;13265;300;14495;14772;6.40;0.40;320.91;14.79;1230;41;5042.00;277
13265;38;623379051;13265;314;14498;14772;6.45;0.40;320.91;14.79;1233;41;5043.00;274
13268;38;623379065;13268;303;14507;14772;6.42;0.40;320.92;14.78;1239;41;5044.00;265
13270;38;623379084;13270;295;14511;14772;6.43;0.40;320.95;14.78;1241;41;5045.00;261
13274;38;623379098;13274;294;14517;14772;6.42;0.40;320.99;14.78;1243;41;5046.00;255
13274;38;623379112;13274;297;14522;14772;6.42;0.40;320.99;14.77;1248;41;5047.00;250
13277;38;623379126;13277;302;14529;14773;6.44;0.40;320.98;14.77;1252;41;5048.00;244
13278;38;623379140;13278;303;14534;14774;6.46;0.40;320.98;14.77;1256;41;5049.00;240
13280;38;623379154;13280;296;14541;14774;6.45;0.40;320.98;14.77;1261;41;5050.00;233
13283;38;623379169;13283;300;14545;14775;6.43;0.40;321.06;14.77;1262;41;5051.00;230
13284;38;623379183;13284;304;14550;14775;6.43;0.40;321.07;14.76;1266;41;5052.00;225
13288;38;623379197;13288;308;14555;14775;6.37;0.39;321.06;14.76;1267;41;5053.00;220
13288;38;623379211;13288;315;14557;14775;6.31;0.39;321.06;14.76;1269;41;5054.00;218
13292;38;623379226;13292;330;14562;14779;6.23;0.39;321.15;14.76;1270;41;5055.00;217
13292;38;623379240;13292;335;14568;14779;6.10;0.38;321.15;14.77;1276;41;5056.00;211
13296;38;623379255;13296;345;14570;14779;6.02;0.37;321.15;14.77;1274;41;5057.00;209
13297;38;623379275;13297;352;14572;14782;5.93;0.37;321.18;14.77;1275;41;5058.00;210
13300;38;623379289;13300;363;14574;14782;5.89;0.36;321.17;14.77;1274;41;5059.00;208
13303;38;623379303;13303;372;14578;14782;5.85;0.36;321.15;14.79;1275;41;5060.00;204
13306;38;623379317;13306;373;14581;14786;5.83;0.36;321.20;14.79;1275;41;5061.00;205
13309;38;623379336;13309;381;14584;14787;5.79;0.36;321.14;14.79;1275;41;5062.00;203
13309;38;623379350;13309;389;14586;14787;5.73;0.35;321.14;14.81;1277;42;5063.00;201
13312;38;623379374;13312;393;14593;14791;5.68;0.35;321.20;14.81;1281;42;5064.00;198
13316;38;623379388;13316;404;14593;14791;5.62;0.35;321.23;14.81;1277;42;5065.00;198
13323;38;623379401;13323;413;14597;14791;5.53;0.34;321.21;14.83;1274;42;5066.00;194
13329;38;623379415;13329;417;14598;14792;5.40;0.33;321.14;14.83;1269;42;5067.00;194
13329;38;623379429;13329;425;14601;14792;5.31;0.33;321.14;14.85;1272;42;5068.00;191
13331;38;623379442;13331;433;14608;14798;5.31;0.33;321.14;14.85;1277;42;5069.00;190
13332;38;623379457;13332;431;14612;14798;5.26;0.32;321.12;14.86;1280;43;5070.00;186
13333;38;623379480;13333;439;14613;14799;5.17;0.32;321.14;14.88;1280;43;5071.00;186
13335;38;623379493;13335;440;14616;14799;5.11;0.31;321.21;14.88;1281;43;5072.00;183
13337;38;623379507;13337;445;14618;14799;5.04;0.31;321.16;14.88;1281;44;5073.00;181
13340;38;623379530;13340;449;14621;14799;4.92;0.30;321.19;14.90;1281;44;5074.00;178
13343;38;623379542;13343;447;14623;14799;4.85;0.30;321.19;14.91;1280;44;5075.00;176
13345;38;623379555;13345;454;14633;14811;4.84;0.30;321.24;14.92;1288;44;5076.00;178
13347;38;623379569;13347;467;14636;14811;4.75;0.29;321.31;14.93;1289;44;5077.00;175
13349;38;623379582;13349;474;14637;14811;4.68;0.29;321.30;14.95;1288;44;5078.00;174
13349;38;623379595;13349;480;14638;14811;4.60;0.28;321.30;14.96;1289;44;5079.00;173
13350;38;623379607;13350;485;14639;14811;4.51;0.28;321.29;14.96;1289;44;5080.00;172
13353;38;623379620;13353;490;14640;14811;4.41;0.27;321.26;14.97;1287;44;5081.00;171
13354;38;623379632;13354;500;14643;14815;4.30;0.27;321.25;14.97;1289;44;5082.00;172
13356;38;623379646;13356;488;14644;14815;4.25;0.26;321.26;14.99;1288;44;5083.00;171
13359;38;623379665;13359;481;14649;14819;4.25;0.26;321.20;14.99;1290;44;5084.00;170
13364;38;623379685;13364;484;14652;14821;4.19;0.26;321.12;14.99;1288;44;5085.00;169
13366;38;623379717;13366;484;14653;14821;4.19;0.26;321.08;15.01;1287;44;5086.00;168
13366;38;623379739;13366;473;14653;14821;4.24;0.26;321.08;15.01;1287;44;5087.00;168
13370;38;623379760;13370;481;14664;14834;4.32;0.26;321.16;15.01;1294;44;5088.00;170
13371;38;623379782;13371;488;14665;14834;4.34;0.26;321.14;15.02;1294;44;5089.00;169
13372;38;623379806;13372;483;14666;14834;4.41;0.27;321.12;15.02;1294;44;5090.00;168
13373;38;623379820;13373;483;14669;14835;4.43;0.27;321.13;15.04;1296;44;5091.00;166
13375;38;623379833;13375;482;14669;14836;4.38;0.27;321.11;15.04;1294;44;5092.00;167
13378;38;623379849;13378;483;14670;14836;4.36;0.27;321.10;15.04;1292;44;5093.00;166
13380;38;623379863;13380;478;14674;14839;4.35;0.27;321.07;15.05;1294;44;5094.00;165
13381;38;623379878;13381;484;14676;14839;4.35;0.27;321.08;15.08;1295;44;5095.00;163
13383;38;623379891;13383;483;14676;14839;4.31;0.26;321.07;15.08;1293;44;5096.00;163
13385;38;623379905;13385;487;14676;14839;4.33;0.27;321.05;15.08;1291;44;5097.00;163
13387;38;623379918;13387;487;14683;14845;4.35;0.27;321.02;15.10;1296;44;5098.00;162
13391;38;623379932;13391;490;14683;14845;4.36;0.27;321.03;15.10;1292;44;5099.00;162
13393;38;623379948;13393;488;14690;14864;4.32;0.26;321.01;15.11;1297;44;5100.00;174
13396;38;623379969;13396;470;14690;14864;4.32;0.26;321.03;15.11;1294;44;5101.00;174
13400;38;623379983;13400;464;14695;14868;4.36;0.27;321.01;15.13;1295;44;5102.00;173
13400;38;623379997;13400;457;14696;14869;4.41;0.27;321.01;15.13;1296;44;5103.00;173
13402;38;623380012;13402;459;14696;14869;4.40;0.27;321.03;15.13;1294;44;5104.00;173
13406;38;623380032;13406;445;14701;14870;4.41;0.27;321.10;15.15;1295;44;5105.00;169
13408;38;623380046;13408;447;14702;14870;4.46;0.27;321.10;15.15;1294;44;5106.00;168
13410;38;623380060;13410;446;14702;14870;4.52;0.28;321.18;15.15;1292;44;5107.00;168
13413;38;623380074;13413;439;14704;14870;4.59;0.28;321.23;15.16;1291;44;5108.00;166
13415;38;623380088;13415;436;14704;14870;4.69;0.29;321.22;15.16;1289;44;5109.00;166
13416;38;623380103;13416;428;14704;14870;4.77;0.29;321.23;15.16;1288;44;5110.00;166
13418;38;623380116;13418;425;14706;14870;4.83;0.30;321.29;15.16;1288;44;5111.00;164
13421;38;623380130;13421;428;14741;14940;4.99;0.31;321.32;15.13;1320;44;5112.00;199
13426;38;623380150;13426;418;14744;14941;5.05;0.31;321.45;15.12;1318;44;5113.00;197
13429;38;623380166;13429;425;14749;14941;5.08;0.31;321.48;15.12;1320;44;5114.00;192
13432;38;623380182;13432;430;14750;14941;5.08;0.31;321.51;15.12;1318;44;5115.00;191
13437;38;623380197;13437;423;14753;14941;5.09;0.31;321.58;15.12;1316;44;5116.00;188
13440;38;623380212;13440;429;14756;14941;5.10;0.31;321.57;15.12;1316;44;5117.00;185
13444;38;623380228;13444;434;14759;14941;5.09;0.31;321.66;15.11;1315;44;5118.00;182
13448;38;623380243;13448;440;14759;14941;5.07;0.31;321.69;15.11;1311;44;5119.00;182
13452;38;623380258;13452;445;14762;14942;5.07;0.31;321.77;15.11;1310;44;5120.00;180
13460;38;623380273;13460;449;14763;14943;5.01;0.31;321.85;15.11;1303;44;5121.00;180
13464;38;623380289;13464;450;14765;14943;5.02;0.31;321.88;15.11;1301;44;5122.00;178
13466;38;623380304;13466;456;14772;14947;5.02;0.31;321.87;15.11;1306;44;5123.00;175
13469;38;623380319;13469;460;14772;14947;4.98;0.31;321.93;15.11;1303;44;5124.00;175
13472;38;623380334;13472;470;14774;14947;4.97;0.31;321.96;15.11;1302;44;5125.00;173
13476;38;623380348;13476;478;14776;14947;4.95;0.30;322.04;15.11;1300;44;5126.00;171
13481;38;623380364;13481;484;14781;14953;4.93;0.30;322.03;15.10;1300;44;5127.00;172
13486;38;623380380;13486;486;14782;14953;4.93;0.30;322.07;15.10;1296;44;5128.00;171
13487;38;623380395;13487;488;14784;14953;4.95;0.30;322.12;15.11;1297;44;5129.00;169
13492;38;623380411;13492;484;14787;14959;4.98;0.31;322.15;15.10;1295;44;5130.00;172
13497;38;623380427;13497;480;14787;14959;4.98;0.31;322.21;15.10;1290;44;5131.00;172
13500;38;623380442;13500;479;14790;14959;5.00;0.31;322.25;15.10;1290;44;5132.00;169
13505;38;623380457;13505;477;14791;14960;5.03;0.31;322.30;15.10;1286;44;5133.00;169
13508;38;623380473;13508;475;14792;14961;5.09;0.31;322.37;15.10;1284;44;5134.00;169
13511;38;623380488;13511;475;14794;14961;5.12;0.31;322.45;15.10;1283;44;5135.00;167
13517;38;623380504;13517;464;14803;14974;5.14;0.31;322.43;15.09;1286;44;5136.00;171
13520;38;623380521;13520;458;14805;14974;5.25;0.32;322.59;15.09;1285;44;5137.00;169
13525;38;623380537;13525;452;14805;14974;5.30;0.32;322.61;15.09;1280;44;5138.00;169
13531;38;623380552;13531;450;14807;14975;5.34;0.33;322.67;15.22;1276;44;5139.00;168
13534;38;623380568;13534;455;14807;14975;5.37;0.33;322.79;15.22;1273;44;5140.00;168
13538;38;623380584;13538;449;14813;14979;5.46;0.33;322.80;15.22;1275;44;5141.00;166
13543;38;623380599;13543;443;14813;14979;5.43;0.33;322.84;15.22;1270;44;5142.00;166
13550;38;623380615;13550;444;14817;14983;5.37;0.33;322.93;15.21;1267;44;5143.00;166
13552;38;623380630;13552;447;14817;14983;5.37;0.33;322.95;15.21;1265;44;5144.00;166
13556;38;623380646;13556;452;14817;14983;5.32;0.32;323.02;15.21;1261;44;5145.00;166
13559;38;623380661;13559;447;14817;14983;5.32;0.32;323.10;15.21;1258;44;5146.00;166
13563;38;623380677;13563;433;14817;14983;5.35;0.33;323.15;15.21;1254;44;5147.00;166
13566;38;623380692;13566;427;14825;14995;5.39;0.33;323.16;15.20;1259;44;5148.00;170
13572;38;623380709;13572;415;14826;14995;5.41;0.33;323.27;15.20;1254;44;5149.00;169
13575;38;623380725;13575;399;14828;14995;5.50;0.34;323.29;15.20;1253;44;5150.00;167
13580;38;623380739;13580;394;14828;14995;5.55;0.34;323.29;15.20;1248;44;5151.00;167
13584;38;623380753;13584;395;14828;14995;5.61;0.34;323.36;15.20;1244;44;5152.00;167
13587;38;623380768;13587;398;14828;14995;5.65;0.35;323.38;15.20;1241;44;5153.00;167
13589;38;623380784;13589;399;14828;14996;5.62;0.34;323.43;15.20;1239;44;5154.00;168
13593;38;623380798;13593;400;14831;14998;5.59;0.34;323.46;15.32;1238;44;5155.00;167
13596;38;623380814;13596;396;14836;15004;5.63;0.34;323.49;15.32;1240;44;5156.00;168
13600;38;623380830;13600;393;14837;15005;5.61;0.34;323.51;15.32;1237;44;5157.00;168
13603;38;623380846;13603;389;14837;15005;5.62;0.34;323.52;15.32;1234;44;5158.00;168
13607;38;623380860;13607;387;14837;15005;5.65;0.34;323.60;15.32;1230;44;5159.00;168
13609;39;623380877;13609;380;14841;15010;5.70;0.35;323.65;15.31;1232;45;5160.00;169
13611;39;623380904;13611;370;14841;15010;5.76;0.35;323.67;15.31;1230;45;5161.00;169
13613;39;623380919;13613;370;14841;15010;5.78;0.35;323.69;15.31;1228;45;5162.00;169
13616;39;623380935;13616;367;14842;15011;5.79;0.35;323.78;15.31;1226;45;5163.00;169
13617;39;623380950;13617;367;14846;15015;5.79;0.35;323.76;15.43;1229;45;5164.00;169
13622;39;623380966;13622;363;14846;15015;5.77;0.35;323.88;15.43;1224;45;5165.00;169
13624;39;623380981;13624;363;14848;15018;5.82;0.35;323.91;15.43;1224;45;5166.00;170
13627;39;623380996;13627;360;14848;15018;5.88;0.36;323.91;15.43;1221;45;5167.00;170
13630;39;623381012;13630;367;14849;15018;5.92;0.36;323.97;15.43;1219;45;5168.00;169
13631;39;623381027;13631;368;14850;15018;6.00;0.37;323.96;15.55;1219;45;5169.00;168
13634;39;623381042;13634;362;14854;15022;6.07;0.37;323.98;15.55;1220;45;5170.00;168
13640;39;623381057;13640;363;14854;15022;6.12;0.37;324.03;15.55;1214;45;5171.00;168
13641;39;623381073;13641;354;14854;15022;6.14;0.37;324.01;15.55;1213;45;5172.00;168
13644;39;623381087;13644;354;14854;15022;6.14;0.37;324.05;15.55;1210;45;5173.00;168
13646;39;623381106;13646;362;14854;15023;6.08;0.37;324.06;15.55;1208;45;5174.00;169
13649;39;623381120;13649;359;14856;15025;6.07;0.37;324.12;15.54;1207;45;5175.00;169
13651;39;623381135;13651;354;14856;15025;6.04;0.37;324.17;15.54;1205;45;5176.00;169
13654;39;623381149;13654;364;14857;15026;6.02;0.37;324.17;15.54;1203;45;5177.00;169
13658;39;623381165;13658;364;14857;15026;6.00;0.37;324.16;15.54;1199;45;5178.00;169
13664;39;623381179;13664;357;14857;15026;5.95;0.36;324.18;15.54;1193;45;5179.00;169
13667;39;623381193;13667;353;14857;15026;5.97;0.36;324.20;15.54;1190;45;5180.00;169
13673;39;623381207;13673;349;14857;15026;5.97;0.36;324.25;15.54;1184;45;5181.00;169
13674;39;623381222;13674;346;14857;15026;6.03;0.37;324.29;15.54;1183;45;5182.00;169
13675;39;623381236;13675;345;14857;15026;6.07;0.37;324.35;15.54;1182;45;5183.00;169
13678;39;623381250;13678;376;14931;15153;6.08;0.38;324.43;15.47;1253;45;5184.00;222
13681;39;623381274;13681;359;14932;15154;6.03;0.37;324.47;15.59;1251;45;5185.00;222
13682;39;623381290;13682;351;14937;15154;6.05;0.37;324.46;15.58;1255;45;5186.00;217
13685;39;623381304;13685;346;14937;15154;6.02;0.37;324.45;15.58;1252;45;5187.00;217
13687;39;623381318;13687;340;14942;15154;6.01;0.37;324.45;15.58;1255;45;5188.00;212
13689;39;623381332;13689;345;14942;15154;5.97;0.37;324.47;15.58;1253;45;5189.00;212
13693;39;623381348;13693;351;14944;15154;5.95;0.37;324.49;15.58;1251;45;5190.00;210
13696;39;623381363;13696;353;14946;15154;5.99;0.37;324.48;15.58;1250;45;5191.00;208
13696;39;623381377;13696;351;14947;15155;6.08;0.37;324.48;15.58;1251;45;5192.00;208
13697;39;623381392;13697;354;14952;15156;6.13;0.38;324.47;15.57;1255;45;5193.00;204
13700;39;623381407;13700;349;14953;15156;6.15;0.38;324.49;15.57;1253;45;5194.00;203
13703;39;623381421;13703;344;14955;15157;6.12;0.38;324.50;15.57;1252;45;5195.00;202
13705;39;623381436;13705;340;14960;15157;6.11;0.37;324.48;15.57;1255;45;5196.00;197
13707;39;623381451;13707;345;14963;15157;6.09;0.37;324.48;15.57;1256;45;5197.00;194
13709;39;623381465;13709;343;14965;15157;6.05;0.37;324.52;15.57;1256;45;5198.00;192
13714;39;623381480;13714;345;14970;15161;5.98;0.37;324.53;15.57;1256;45;5199.00;191
13716;39;623381496;13716;351;14971;15161;5.95;0.36;324.52;15.57;1255;45;5200.00;190
13721;39;623381514;13721;355;14972;15161;5.91;0.36;324.63;15.57;1251;45;5201.00;189
13726;39;623381528;13726;354;14975;15164;5.86;0.36;324.62;15.57;1249;45;5202.00;189
13727;39;623381543;13727;353;14978;15164;5.85;0.36;324.63;15.69;1251;45;5203.00;186
13730;39;623381557;13730;347;14979;15164;5.83;0.36;324.63;15.69;1249;45;5204.00;185
13733;39;623381572;13733;346;14987;15168;5.80;0.35;324.62;15.70;1254;45;5205.00;181
13736;39;623381587;13736;351;14988;15169;5.85;0.36;324.58;15.70;1252;45;5206.00;181
13743;39;623381602;13743;346;14989;15169;5.82;0.36;324.56;15.70;1246;45;5207.00;180
13745;39;623381616;13745;342;14992;15173;5.85;0.36;324.53;15.70;1247;45;5208.00;181
13747;39;623381631;13747;345;14993;15173;5.90;0.36;324.54;15.70;1246;45;5209.00;180
13749;39;623381647;13749;340;14993;15173;5.94;0.36;324.54;15.70;1244;45;5210.00;180
13752;39;623381662;13752;343;14994;15174;5.96;0.36;324.48;15.70;1242;45;5211.00;180
13756;39;623381691;13756;344;14994;15174;5.95;0.36;324.52;15.70;1238;45;5212.00;180
13757;39;623381719;13757;357;14999;15180;5.92;0.36;324.50;15.70;1242;45;5213.00;181
13760;39;623381742;13760;358;14999;15180;5.87;0.36;324.45;15.70;1239;45;5214.00;181
13764;39;623381761;13764;360;14999;15180;5.84;0.36;324.51;15.70;1235;45;5215.00;181
13766;39;623381783;13766;359;14999;15181;5.79;0.35;324.56;15.70;1233;45;5216.00;182
13771;39;623381799;13771;364;15000;15181;5.77;0.35;324.51;15.70;1229;45;5217.00;181
13772;39;623381814;13772;363;15000;15181;5.78;0.35;324.51;15.70;1228;45;5218.00;181
13776;39;623381828;13776;374;15000;15181;5.72;0.35;324.47;15.70;1224;45;5219.00;181
13777;39;623381845;13777;372;15022;15217;5.84;0.36;324.45;15.67;1245;45;5220.00;195
13779;39;623381862;13779;382;15026;15217;5.81;0.36;324.42;15.67;1247;45;5221.00;191
13781;39;623381876;13781;387;15027;15217;5.80;0.36;324.45;15.67;1246;45;5222.00;190
13783;39;623381890;13783;389;15027;15217;5.77;0.35;324.42;15.67;1244;45;5223.00;190
13786;39;623381904;13786;393;15030;15217;5.72;0.35;324.43;15.67;1244;45;5224.00;187
13788;39;623381917;13788;401;15030;15217;5.69;0.35;324.45;15.67;1242;45;5225.00;187
13789;39;623381931;13789;409;15034;15221;5.67;0.35;324.47;15.66;1245;45;5226.00;187
13792;39;623381945;13792;410;15035;15221;5.60;0.34;324.49;15.66;1243;45;5227.00;186
13793;39;623381959;13793;419;15039;15225;5.56;0.34;324.47;15.66;1246;45;5228.00;186
13796;39;623381973;13796;425;15040;15226;5.52;0.34;324.46;15.66;1244;45;5229.00;186
13800;39;623381987;13800;435;15042;15226;5.40;0.33;324.49;15.69;1242;45;5230.00;184
13801;39;623382001;13801;443;15042;15226;5.29;0.32;324.48;15.69;1241;45;5231.00;184
13803;39;623382014;13803;440;15054;15239;5.26;0.32;324.49;15.69;1251;45;5232.00;185
13804;39;623382029;13804;446;15055;15239;5.22;0.32;324.51;15.71;1251;45;5233.00;184
13807;39;623382042;13807;449;15055;15239;5.15;0.31;324.53;15.71;1248;45;5234.00;184
13809;39;623382062;13809;440;15058;15240;5.14;0.31;324.58;15.73;1249;45;5235.00;182
13812;39;623382075;13812;439;15058;15241;5.11;0.31;324.68;15.73;1246;45;5236.00;183
13812;39;623382089;13812;438;15060;15241;5.14;0.31;324.68;15.76;1248;45;5237.00;181
13813;39;623382103;13813;436;15063;15244;5.18;0.32;324.68;15.77;1250;45;5238.00;181
13813;39;623382117;13813;440;15064;15244;5.18;0.32;324.68;15.79;1251;45;5239.00;180
13815;39;623382130;13815;443;15066;15244;5.19;0.32;324.68;15.80;1251;45;5240.00;178
13815;39;623382144;13815;441;15067;15244;5.17;0.32;324.68;15.81;1252;45;5241.00;177
13815;39;623382164;13815;438;15073;15250;5.19;0.32;324.68;15.82;1258;45;5242.00;177
13816;39;623382178;13816;448;15074;15250;5.17;0.32;324.67;15.83;1258;45;5243.00;176
13816;39;623382192;13816;451;15075;15250;5.08;0.31;324.67;15.84;1259;45;5244.00;175
13817;39;623382206;13817;452;15077;15250;5.00;0.31;324.64;15.86;1260;45;5245.00;173
13818;39;623382219;13818;459;15080;15254;4.98;0.31;324.65;15.86;1262;45;5246.00;174
13821;39;623382234;13821;463;15084;15255;4.94;0.30;324.66;15.89;1263;45;5247.00;171
13821;39;623382247;13821;465;15084;15255;4.90;0.30;324.66;15.89;1263;45;5248.00;171
13821;39;623382261;13821;462;15087;15256;4.88;0.30;324.66;15.90;1266;45;5249.00;169
13827;39;623382287;13827;467;15088;15256;4.81;0.29;324.59;15.90;1261;45;5250.00;168
13827;39;623382301;13827;468;15089;15256;4.78;0.29;324.59;15.92;1262;45;5251.00;167
13828;39;623382315;13828;460;15090;15256;4.77;0.29;324.61;15.92;1262;45;5252.00;166
13829;39;623382327;13829;463;15091;15256;4.75;0.29;324.60;15.92;1262;45;5253.00;165
13830;39;623382340;13830;460;15092;15256;4.73;0.29;324.61;15.93;1262;45;5254.00;164
13831;39;623382353;13831;459;15092;15256;4.74;0.29;324.63;15.93;1261;45;5255.00;164
13834;39;623382367;13834;457;15127;15326;4.93;0.30;324.66;15.90;1293;45;5256.00;199
13837;39;623382387;13837;458;15128;15327;4.89;0.30;324.69;15.91;1291;45;5257.00;199
13839;39;623382400;13839;454;15138;15327;4.87;0.30;324.67;15.90;1299;45;5258.00;189
13839;39;623382414;13839;461;15146;15327;4.88;0.30;324.67;15.89;1307;45;5259.00;181
13842;39;623382428;13842;464;15153;15327;4.86;0.30;324.70;15.90;1311;45;5260.00;174
13844;39;623382448;13844;471;15154;15327;4.79;0.29;324.72;15.90;1310;45;5261.00;173
13847;39;623382462;13847;468;15157;15327;4.75;0.29;324.72;15.91;1310;45;5262.00;170
13851;39;623382478;13851;472;15159;15327;4.74;0.29;324.74;15.91;1308;45;5263.00;168
13855;39;623382491;13855;467;15162;15328;4.71;0.29;324.73;15.92;1307;45;5264.00;166
13857;39;623382506;13857;469;15166;15330;4.74;0.29;324.71;15.94;1309;45;5265.00;164
13860;39;623382520;13860;466;15169;15330;4.73;0.29;324.77;15.95;1309;45;5266.00;161
13862;39;623382535;13862;468;15173;15334;4.71;0.29;324.78;15.94;1311;45;5267.00;161
13867;39;623382548;13867;478;15173;15334;4.59;0.28;324.81;15.94;1306;45;5268.00;161
13870;39;623382562;13870;479;15174;15334;4.54;0.28;324.79;15.95;1304;45;5269.00;160
13873;39;623382575;13873;475;15176;15334;4.54;0.28;324.84;15.97;1303;45;5270.00;158
13879;39;623382589;13879;473;15181;15340;4.55;0.28;324.88;15.98;1302;45;5271.00;159
13883;39;623382605;13883;478;15181;15340;4.56;0.28;324.92;15.98;1298;45;5272.00;159
13886;39;623382619;13886;475;15182;15340;4.62;0.28;324.94;15.98;1296;45;5273.00;158
13889;39;623382633;13889;477;15184;15343;4.62;0.28;324.93;15.98;1295;45;5274.00;159
13892;39;623382654;13892;475;15184;15343;4.63;0.28;324.99;15.98;1292;45;5275.00;159
13894;39;623382670;13894;477;15184;15343;4.70;0.29;325.01;15.98;1290;45;5276.00;159
13896;40;623382685;13896;471;15184;15344;4.75;0.29;325.00;15.98;1288;46;5277.00;160
13900;40;623382706;13900;466;15186;15345;4.76;0.29;325.06;15.98;1286;46;5278.00;159
13902;40;623382721;13902;467;15187;15345;4.78;0.29;325.07;15.98;1285;46;5279.00;158
13904;40;623382740;13904;473;15203;15371;4.87;0.30;325.07;15.97;1299;46;5280.00;168
13908;40;623382756;13908;460;15205;15371;4.89;0.30;325.04;15.96;1297;46;5281.00;166
13910;40;623382770;13910;455;15208;15371;4.94;0.30;325.09;15.96;1298;46;5282.00;163
13913;41;623382784;13913;444;15209;15372;4.99;0.31;325.08;15.96;1296;47;5283.00;163
13919;41;623382810;13919;445;15209;15372;4.99;0.30;325.11;15.96;1290;47;5284.00;163
13923;41;623382825;13923;440;15214;15376;5.01;0.31;325.13;15.96;1291;47;5285.00;162
13930;41;623382843;13930;441;15214;15376;5.04;0.31;325.09;15.96;1284;47;5286.00;162
13933;41;623382858;13933;439;15217;15379;5.12;0.31;325.12;15.95;1284;47;5287.00;162
13938;41;623382872;13938;434;15217;15380;5.16;0.31;325.19;15.95;1279;47;5288.00;163
13943;41;623382887;13943;432;15218;15380;5.20;0.32;325.29;15.95;1275;47;5289.00;162
13947;41;623382901;13947;434;15218;15380;5.22;0.32;325.35;15.95;1271;47;5290.00;162
13950;41;623382916;13950;439;15218;15380;5.22;0.32;325.40;15.95;1268;47;5291.00;162
13952;41;623382930;13952;443;15228;15392;5.30;0.32;325.43;15.94;1276;47;5292.00;164
13956;41;623382945;13956;447;15228;15392;5.29;0.32;325.43;15.94;1272;47;5293.00;164
13961;41;623382958;13961;445;15229;15392;5.29;0.32;325.55;15.94;1268;47;5294.00;163
13961;41;623382974;13961;448;15229;15392;5.33;0.32;325.55;15.94;1268;47;5295.00;163
13965;41;623382988;13965;448;15229;15392;5.35;0.33;325.67;15.94;1264;47;5296.00;163
13968;41;623383002;13968;449;15229;15392;5.38;0.33;325.65;15.94;1261;47;5297.00;163
13970;41;623383015;13970;449;15229;15393;5.42;0.33;325.68;15.94;1259;47;5298.00;164
13977;41;623383029;13977;453;15229;15393;5.37;0.33;325.80;15.94;1252;47;5299.00;164
13982;41;623383050;13982;448;15234;15399;5.38;0.33;325.88;15.94;1252;47;5300.00;165
13987;42;623383069;13987;449;15235;15400;5.39;0.33;325.94;15.94;1248;48;5301.00;165
13991;43;623383096;13991;449;15235;15400;5.38;0.33;325.96;15.94;1244;49;5302.00;165
13993;43;623383116;13993;444;15235;15400;5.39;0.33;325.96;15.94;1242;49;5303.00;165
13995;43;623383130;13995;445;15238;15404;5.44;0.33;326.00;15.93;1243;49;5304.00;166
13999;43;623383150;13999;437;15238;15404;5.47;0.33;326.06;15.93;1239;49;5305.00;166
14004;43;623383164;14004;431;15238;15404;5.43;0.33;326.12;15.93;1234;49;5306.00;166
14009;43;623383177;14009;431;15240;15405;5.43;0.33;326.11;16.05;1231;49;5307.00;165
14012;43;623383193;14012;426;15243;15409;5.48;0.33;326.17;16.05;1231;49;5308.00;166
14016;43;623383207;14016;420;15243;15409;5.53;0.34;326.23;16.05;1227;49;5309.00;166
14019;43;623383223;14019;422;15247;15415;5.57;0.34;326.22;16.05;1228;49;5310.00;168
14023;43;623383237;14023;420;15247;15415;5.61;0.34;326.27;16.05;1224;49;5311.00;168
14027;43;623383251;14027;422;15249;15415;5.58;0.34;326.34;16.04;1222;49;5312.00;166
14030;43;623383265;14030;419;15249;15415;5.57;0.34;326.38;16.04;1219;49;5313.00;166
14034;43;623383283;14034;423;15253;15419;5.60;0.34;326.43;16.04;1219;49;5314.00;166
14038;43;623383297;14038;422;15253;15419;5.60;0.34;326.39;16.04;1215;49;5315.00;166
14041;43;623383311;14041;426;15253;15419;5.61;0.34;326.44;16.04;1212;49;5316.00;166
14045;43;623383328;14045;418;15253;15419;5.56;0.34;326.45;16.04;1208;49;5317.00;166
14047;43;623383342;14047;408;15253;15420;5.57;0.34;326.43;16.04;1206;49;5318.00;167
14052;43;623383356;14052;400;15254;15421;5.58;0.34;326.63;16.04;1202;49;5319.00;167
14057;43;623383371;14057;394;15254;15421;5.55;0.34;326.65;16.04;1197;49;5320.00;167
14062;43;623383384;14062;403;15255;15422;5.56;0.34;326.71;16.04;1193;49;5321.00;167
14063;43;623383398;14063;400;15256;15422;5.60;0.34;326.71;16.16;1193;49;5322.00;166
14067;43;623383412;14067;408;15256;15422;5.63;0.34;326.84;16.16;1189;49;5323.00;166
14071;43;623383426;14071;409;15256;15422;5.62;0.34;326.99;16.16;1185;49;5324.00;166
14075;43;623383440;14075;410;15256;15422;5.55;0.34;326.96;16.16;1181;49;5325.00;166
14079;43;623383459;14079;405;15256;15422;5.45;0.33;327.04;16.16;1177;49;5326.00;166
14086;43;623383473;14086;405;15257;15422;5.38;0.33;327.07;16.28;1171;49;5327.00;165
14090;43;623383488;14090;428;15330;15549;5.36;0.33;327.10;16.21;1240;49;5328.00;219
14094;43;623383511;14094;403;15330;15550;5.32;0.33;327.18;16.21;1236;49;5329.00;220
14098;43;623383525;14098;397;15336;15550;5.41;0.34;327.21;16.20;1238;49;5330.00;214
14100;43;623383540;14100;387;15336;15550;5.50;0.34;327.26;16.20;1236;49;5331.00;214
14103;43;623383555;14103;382;15341;15550;5.63;0.35;327.36;16.20;1238;49;5332.00;209
14108;43;623383569;14108;373;15341;15550;5.70;0.35;327.46;16.20;1233;49;5333.00;209
14109;43;623383584;14109;362;15343;15550;5.81;0.36;327.46;16.20;1234;49;5334.00;207
14113;43;623383599;14113;361;15345;15550;5.88;0.36;327.46;16.19;1232;49;5335.00;205
14115;43;623383613;14115;359;15349;15551;5.98;0.37;327.48;16.19;1234;49;5336.00;202
14117;43;623383628;14117;357;15355;15552;6.03;0.37;327.55;16.31;1238;49;5337.00;197
14122;43;623383644;14122;356;15357;15552;6.02;0.37;327.55;16.31;1235;49;5338.00;195
14125;43;623383659;14125;358;15359;15553;6.00;0.37;327.57;16.31;1234;49;5339.00;194
14125;43;623383681;14125;366;15361;15553;6.01;0.37;327.57;16.31;1236;49;5340.00;192
14130;43;623383707;14130;368;15362;15553;5.95;0.37;327.69;16.31;1232;49;5341.00;191
14135;43;623383732;14135;361;15364;15553;5.87;0.36;327.70;16.31;1229;49;5342.00;189
14136;43;623383755;14136;362;15371;15557;5.81;0.36;327.69;16.31;1235;49;5343.00;186
14140;43;623383777;14140;360;15372;15557;5.78;0.35;327.76;16.31;1232;49;5344.00;185
14143;43;623383796;14143;373;15374;15557;5.76;0.35;327.73;16.31;1231;49;5345.00;183
14145;43;623383811;14145;374;15375;15560;5.83;0.36;327.75;16.31;1230;49;5346.00;185
14150;43;623383826;14150;374;15377;15560;5.88;0.36;327.83;16.42;1227;49;5347.00;183
14153;43;623383844;14153;377;15379;15560;5.89;0.36;327.85;16.42;1226;49;5348.00;181
14154;43;623383859;14154;384;15384;15564;5.94;0.36;327.87;16.42;1230;49;5349.00;180
14159;43;623383874;14159;378;15386;15565;5.95;0.37;327.86;16.42;1227;49;5350.00;179
14163;43;623383890;14163;379;15387;15565;5.96;0.37;327.85;16.42;1224;49;5351.00;178
14166;43;623383905;14166;382;15389;15569;5.97;0.37;327.90;16.42;1223;49;5352.00;180
14168;43;623383921;14168;385;15391;15569;5.94;0.36;327.89;16.41;1223;49;5353.00;178
14170;43;623383936;14170;388;15392;15569;5.95;0.36;328.00;16.41;1222;49;5354.00;177
14170;43;623383952;14170;391;15394;15571;5.98;0.37;328.00;16.41;1224;49;5355.00;177
14172;43;623383966;14172;388;15395;15571;5.99;0.37;328.02;16.41;1223;49;5356.00;176
14175;43;623383982;14175;399;15400;15577;5.96;0.36;327.99;16.41;1225;49;5357.00;177
14179;43;623383998;14179;398;15400;15577;5.94;0.36;328.04;16.41;1221;49;5358.00;177
14183;43;623384014;14183;399;15401;15577;5.93;0.36;328.05;16.52;1218;49;5359.00;176
14188;43;623384029;14188;401;15401;15578;5.88;0.36;328.10;16.52;1213;49;5360.00;177
14191;43;623384044;14191;401;15401;15578;5.79;0.35;328.10;16.52;1210;49;5361.00;177
14192;43;623384058;14192;407;15401;15578;5.76;0.35;328.11;16.52;1209;49;5362.00;177
14195;43;623384073;14195;411;15401;15578;5.67;0.35;328.12;16.52;1206;49;5363.00;177
14196;43;623384086;14196;413;15411;15590;5.66;0.34;328.14;16.51;1215;49;5364.00;179
14197;43;623384101;14197;418;15411;15590;5.60;0.34;328.22;16.51;1214;49;5365.00;179
14201;43;623384115;14201;412;15412;15590;5.55;0.34;328.22;16.51;1211;49;5366.00;178
14205;43;623384129;14205;412;15412;15590;5.50;0.33;328.20;16.51;1207;49;5367.00;178
14208;43;623384143;14208;418;15412;15590;5.50;0.33;328.22;16.51;1204;49;5368.00;178
14210;43;623384157;14210;412;15412;15590;5.48;0.33;328.23;16.51;1202;49;5369.00;178
14213;43;623384171;14213;405;15415;15594;5.47;0.33;328.23;16.51;1202;49;5370.00;179
14216;43;623384186;14216;406;15415;15594;5.47;0.33;328.29;16.51;1199;49;5371.00;179
14218;43;623384198;14218;402;15419;15598;5.46;0.33;328.26;16.50;1201;49;5372.00;179
14223;43;623384213;14223;403;15420;15599;5.40;0.33;328.28;16.50;1197;49;5373.00;179
14226;43;623384227;14226;408;15421;15599;5.33;0.33;328.25;16.52;1195;49;5374.00;178
14229;43;623384242;14229;403;15422;15599;5.33;0.33;328.22;16.53;1193;49;5375.00;177
14233;43;623384255;14233;400;15432;15612;5.35;0.33;328.20;16.52;1199;49;5376.00;180
14237;43;623384270;14237;404;15433;15612;5.33;0.32;328.18;16.52;1196;49;5377.00;179
14239;43;623384284;14239;394;15433;15612;5.36;0.33;328.15;16.52;1194;49;5378.00;179
14240;43;623384298;14240;397;15435;15613;5.42;0.33;328.18;16.63;1195;49;5379.00;178
14244;43;623384313;14244;398;15435;15614;5.44;0.33;328.19;16.63;1191;49;5380.00;179
14244;43;623384327;14244;390;15435;15614;5.47;0.33;328.19;16.63;1191;49;5381.00;179
14245;43;623384340;14245;394;15437;15617;5.58;0.34;328.22;16.63;1192;49;5382.00;180
14247;43;623384354;14247;393;15438;15617;5.56;0.34;328.18;16.63;1191;49;5383.00;179
14250;43;623384367;14250;386;15438;15617;5.50;0.33;328.13;16.63;1188;49;5384.00;179
14253;43;623384380;14253;392;15438;15617;5.47;0.33;328.14;16.63;1185;49;5385.00;179
14256;43;623384393;14256;385;15443;15623;5.48;0.33;328.14;16.62;1187;49;5386.00;180
14257;43;623384406;14257;368;15443;15623;5.45;0.33;328.13;16.62;1186;49;5387.00;180
14257;43;623384419;14257;364;15443;15623;5.41;0.33;328.13;16.62;1186;49;5388.00;180
14258;43;623384432;14258;365;15443;15623;5.42;0.33;328.11;16.62;1185;49;5389.00;180
14258;43;623384445;14258;368;15446;15627;5.46;0.33;328.11;16.62;1188;49;5390.00;181
14259;43;623384458;14259;360;15447;15628;5.47;0.33;328.11;16.62;1188;49;5391.00;181
14261;43;623384472;14261;356;15447;15628;5.47;0.33;328.12;16.62;1186;49;5392.00;181
14264;43;623384486;14264;356;15448;15629;5.48;0.33;328.19;16.62;1184;49;5393.00;181
14265;43;623384506;14265;364;15448;15629;5.51;0.33;328.18;16.62;1183;49;5394.00;181
14266;43;623384519;14266;365;15448;15629;5.55;0.34;328.16;16.62;1182;49;5395.00;181
14267;43;623384532;14267;361;15449;15629;5.54;0.34;328.15;16.63;1182;49;5396.00;180
14269;43;623384551;14269;361;15449;15629;5.51;0.33;328.15;16.63;1180;49;5397.00;180
14270;43;623384565;14270;362;15449;15629;5.49;0.33;328.16;16.63;1179;49;5398.00;180
14270;43;623384583;14270;363;15449;15629;5.48;0.33;328.16;16.63;1179;49;5399.00;180
