step_arrived;step_collisions;step_duration;step_ended;step_halting;step_inserted;step_loaded;step_meanSpeed;step_meanSpeedRelative;step_meanTravelTime;step_meanWaitingTime;step_running;step_teleports;step_time;step_waiting
0;0;623035377;0;1;92;245;15.98;1.12;-1.00;0.00;92;0;0.00;153
0;0;623035404;0;1;102;245;15.11;1.05;-1.00;0.10;102;0;1.00;143
0;0;623035406;0;2;121;245;14.36;0.98;-1.00;0.40;121;0;2.00;124
0;0;623035407;0;3;136;245;13.48;0.91;-1.00;0.68;136;0;3.00;109
0;0;623035408;0;4;150;245;12.58;0.85;-1.00;0.99;150;0;4.00;95
0;0;623035409;0;5;161;245;11.58;0.78;-1.00;1.27;161;0;5.00;84
0;0;623035411;0;5;173;245;10.88;0.72;-1.00;1.60;173;0;6.00;72
0;0;623035413;0;12;180;245;10.31;0.69;-1.00;1.81;180;0;7.00;65
0;0;623035414;0;20;189;246;9.84;0.65;-1.00;2.10;189;0;8.00;57
0;0;623035416;0;21;195;247;9.51;0.63;-1.00;2.31;195;0;9.00;52
0;0;623035418;0;17;201;247;9.33;0.61;-1.00;2.54;201;0;10.00;46
0;0;623035420;0;24;205;248;9.11;0.60;-1.00;2.66;205;0;11.00;43
1;0;623035422;1;30;209;248;8.89;0.58;12.00;2.84;208;0;12.00;39
1;0;623035425;1;30;214;248;8.71;0.57;12.00;3.07;213;0;13.00;34
2;0;623035427;2;40;219;248;8.47;0.55;13.00;3.32;217;0;14.00;29
2;0;623035429;2;38;224;252;8.37;0.54;13.00;3.43;222;0;15.00;28
2;0;623035432;2;45;227;252;8.23;0.53;13.00;3.53;225;0;16.00;25
2;0;623035435;2;53;228;252;8.17;0.52;13.00;3.59;226;0;17.00;24
2;0;623035438;2;60;233;255;8.07;0.51;13.00;3.82;231;0;18.00;22
3;0;623035440;3;62;235;255;8.02;0.51;15.00;3.95;232;0;19.00;20
3;0;623035443;3;67;237;255;7.94;0.50;15.00;4.09;234;0;20.00;18
5;0;623035446;5;70;242;259;8.11;0.51;17.40;4.11;237;0;21.00;17
6;0;623035449;6;74;244;260;8.21;0.52;18.00;4.17;238;0;22.00;16
6;0;623035451;6;80;246;260;8.17;0.52;18.00;4.32;240;0;23.00;14
6;0;623035454;6;83;252;264;8.27;0.52;18.00;4.41;246;0;24.00;12
6;0;623035457;6;88;253;264;8.39;0.53;18.00;4.49;247;0;25.00;11
6;0;623035460;6;90;253;264;8.55;0.54;18.00;4.49;247;0;26.00;11
6;0;623035463;6;90;255;265;8.63;0.54;18.00;4.61;249;0;27.00;10
6;0;623035473;6;92;255;265;8.72;0.54;18.00;4.61;249;0;28.00;10
6;0;623035475;6;92;261;271;8.70;0.54;18.00;4.64;255;0;29.00;10
6;0;623035481;6;95;262;271;8.64;0.53;18.00;4.73;256;0;30.00;9
7;0;623035484;7;96;263;272;8.57;0.53;19.43;4.72;256;0;31.00;9
7;0;623035487;7;98;263;272;8.67;0.54;19.43;4.72;256;0;32.00;9
8;0;623035490;8;99;264;272;8.71;0.54;21.13;4.76;256;0;33.00;8
9;0;623035494;9;100;266;272;8.75;0.54;22.56;4.94;257;0;34.00;6
11;0;623035497;11;104;267;272;8.71;0.54;24.27;4.99;256;0;35.00;5
11;0;623035500;11;109;276;284;8.90;0.55;24.27;4.83;265;0;36.00;8
11;0;623035504;11;110;278;284;8.86;0.55;24.27;4.86;267;0;37.00;6
11;0;623035507;11;112;279;284;8.82;0.54;24.27;4.85;268;0;38.00;5
11;0;623035509;11;114;281;284;8.65;0.53;24.27;4.84;270;0;39.00;3
12;0;623035512;12;117;281;284;8.59;0.53;25.17;4.84;269;0;40.00;3
13;0;623035515;13;121;281;284;8.45;0.52;26.08;4.84;268;0;41.00;3
13;0;623035518;13;123;285;288;8.45;0.52;26.08;4.78;272;0;42.00;3
13;0;623035521;13;128;285;288;8.26;0.51;26.08;4.78;272;0;43.00;3
13;0;623035524;13;133;289;292;8.17;0.51;26.08;4.73;276;0;44.00;3
16;0;623035528;16;136;291;294;7.91;0.49;28.00;4.70;275;0;45.00;3
16;0;623035531;16;139;291;294;7.77;0.48;28.00;4.70;275;0;46.00;3
17;0;623035534;17;135;291;294;7.59;0.47;28.71;4.70;274;0;47.00;3
19;0;623035537;19;138;302;307;7.84;0.49;30.42;4.53;283;0;48.00;5
19;0;623035541;19;140;302;307;7.70;0.48;30.42;4.53;283;0;49.00;5
19;0;623035544;19;142;302;307;7.61;0.47;30.42;4.53;283;0;50.00;5
19;0;623035547;19;143;303;308;7.57;0.47;30.42;4.51;284;0;51.00;5
19;0;623035550;19;144;304;309;7.55;0.47;30.42;4.50;285;0;52.00;5
21;0;623035553;21;147;304;309;7.41;0.46;30.81;4.50;283;0;53.00;5
21;0;623035556;21;149;306;312;7.42;0.46;30.81;4.47;285;0;54.00;6
21;0;623035559;21;152;306;312;7.37;0.46;30.81;4.47;285;0;55.00;6
21;0;623035561;21;142;307;312;7.34;0.46;30.81;4.47;286;0;56.00;5
22;0;623035564;22;138;307;312;7.25;0.45;30.95;4.47;285;0;57.00;5
25;0;623035568;25;140;313;318;7.23;0.45;33.04;4.40;288;0;58.00;5
27;0;623035574;27;139;313;318;7.27;0.45;34.89;4.40;286;0;59.00;5
28;0;623035580;28;140;313;318;7.27;0.45;35.79;4.40;285;0;60.00;5
28;0;623035583;28;141;313;318;7.35;0.45;35.79;4.40;285;0;61.00;5
29;0;623035586;29;147;317;322;7.36;0.45;36.69;4.36;288;0;62.00;5
29;0;623035589;29;149;318;323;7.57;0.47;36.69;4.34;289;0;63.00;5
31;0;623035593;31;150;318;323;7.62;0.47;37.00;4.34;287;0;64.00;5
31;0;623035596;31;150;319;324;7.73;0.48;37.00;4.33;288;0;65.00;5
33;0;623035599;33;150;319;324;7.69;0.47;38.55;4.33;286;0;66.00;5
34;0;623035602;34;143;319;324;7.75;0.47;39.24;4.33;285;0;67.00;5
35;0;623035605;35;137;319;324;7.81;0.48;40.06;4.33;284;0;68.00;5
35;0;623035608;35;135;319;324;7.87;0.48;40.06;4.33;284;0;69.00;5
35;0;623035611;35;131;319;324;7.94;0.48;40.06;4.33;284;0;70.00;5
35;0;623035614;35;128;319;324;8.09;0.49;40.06;4.33;284;0;71.00;5
35;0;623035617;35;133;351;394;8.36;0.52;40.06;3.94;316;0;72.00;43
36;0;623035626;36;125;352;395;8.41;0.52;40.39;3.93;316;0;73.00;43
37;0;623035629;37;121;359;395;8.71;0.53;41.30;3.89;322;0;74.00;36
37;0;623035633;37;119;361;395;8.95;0.55;41.30;3.89;324;0;75.00;34
38;0;623035636;38;118;364;395;9.18;0.56;42.18;3.89;326;0;76.00;31
38;0;623035640;38;117;367;395;9.51;0.58;42.18;3.90;329;0;77.00;28
38;0;623035643;38;118;370;395;9.69;0.59;42.18;3.91;332;0;78.00;25
38;1;623035646;38;119;373;395;9.69;0.59;42.18;3.94;335;1;79.00;22
39;1;623035667;39;119;375;396;9.73;0.59;42.69;3.96;336;1;80.00;21
39;1;623035679;39;120;378;397;9.83;0.60;42.69;4.00;339;1;81.00;19
41;1;623035684;41;120;380;397;9.85;0.60;44.51;4.01;339;1;82.00;17
41;1;623035688;41;123;385;401;9.74;0.59;44.51;4.00;344;1;83.00;16
42;1;623035692;42;123;386;401;9.73;0.59;45.45;4.00;344;1;84.00;15
43;1;623035695;43;122;386;401;9.63;0.59;46.16;4.00;343;1;85.00;15
44;1;623035699;44;124;386;401;9.62;0.59;47.07;4.00;342;1;86.00;15
45;1;623035702;45;127;391;407;9.46;0.58;47.96;3.96;346;1;87.00;16
46;1;623035706;46;125;391;407;9.32;0.57;48.83;3.96;345;1;88.00;16
47;1;623035710;47;125;391;407;9.18;0.56;49.68;3.96;344;1;89.00;16
47;1;623035716;47;127;395;413;9.27;0.57;49.68;3.92;348;1;90.00;18
51;1;623035720;51;128;395;413;9.18;0.56;52.82;3.92;344;1;91.00;18
52;1;623035724;52;129;397;413;9.18;0.56;53.58;3.91;345;1;92.00;16
55;1;623035728;55;133;398;414;8.98;0.55;55.35;3.90;343;1;93.00;16
55;1;623035733;55;134;399;415;8.99;0.55;55.35;3.89;344;1;94.00;16
57;1;623035736;57;136;399;415;8.93;0.55;56.67;3.89;342;1;95.00;16
59;1;623035740;59;139;410;428;8.81;0.54;58.00;3.79;351;1;96.00;18
61;1;623035744;61;133;410;428;8.77;0.54;59.18;3.79;349;1;97.00;18
63;1;623035748;63;133;410;428;8.73;0.53;59.27;3.79;347;1;98.00;18
64;1;623035752;64;130;411;429;8.80;0.54;59.89;3.78;347;1;99.00;18
66;1;623035759;66;128;411;429;8.83;0.54;61.02;3.78;345;1;100.00;18
67;1;623035768;67;124;414;433;8.90;0.54;61.61;3.76;347;1;101.00;19
67;1;623035772;67;118;414;433;8.96;0.55;61.61;3.76;347;1;102.00;19
67;1;623035777;67;115;418;437;8.96;0.55;61.61;3.73;351;1;103.00;19
67;1;623035781;67;108;420;437;9.05;0.55;61.61;3.87;353;1;104.00;17
69;1;623035786;69;102;420;437;9.32;0.57;62.84;3.87;351;1;105.00;17
71;1;623035791;71;99;420;437;9.50;0.58;64.00;3.87;349;1;106.00;17
71;1;623035795;71;92;420;437;9.64;0.59;64.00;3.87;349;1;107.00;17
72;1;623035799;72;86;430;449;9.83;0.60;64.57;3.78;358;1;108.00;19
72;1;623035805;72;82;430;449;9.97;0.61;64.57;3.78;358;1;109.00;19
74;1;623035809;74;75;432;449;10.16;0.62;65.28;3.77;358;1;110.00;17
74;1;623035814;74;75;432;449;10.38;0.63;65.28;3.77;358;1;111.00;17
75;1;623035819;75;77;432;449;10.65;0.65;65.91;3.77;357;1;112.00;17
76;1;623035824;76;73;432;449;10.88;0.66;66.45;3.77;356;1;113.00;17
76;1;623035829;76;72;433;450;11.04;0.67;66.45;3.76;357;1;114.00;17
76;1;623035834;76;71;433;450;11.07;0.68;66.45;3.76;357;1;115.00;17
77;1;623035839;77;70;438;456;11.26;0.68;67.09;3.73;361;1;116.00;18
77;1;623035846;77;68;442;457;11.28;0.69;67.09;4.17;365;1;117.00;15
77;1;623035851;77;68;442;457;11.41;0.69;67.09;4.17;365;1;118.00;15
80;1;623035856;80;71;443;457;11.42;0.69;69.03;4.43;363;1;119.00;14
81;1;623035864;81;72;449;462;11.54;0.70;69.65;4.58;368;1;120.00;13
81;1;623035869;81;77;449;462;11.55;0.70;69.65;4.58;368;1;121.00;13
81;1;623035875;81;77;450;462;11.61;0.71;69.65;4.84;369;1;122.00;12
82;1;623035880;82;78;452;463;11.64;0.71;70.29;4.94;370;1;123.00;11
82;1;623035886;82;77;458;467;11.51;0.70;70.29;5.16;376;1;124.00;9
83;1;623035892;83;78;458;467;11.63;0.71;70.84;5.16;375;1;125.00;9
83;1;623035898;83;79;462;470;11.69;0.71;70.84;5.26;379;1;126.00;8
83;1;623035904;83;82;464;470;11.76;0.72;70.84;5.41;381;1;127.00;6
84;1;623035910;84;85;465;470;11.88;0.73;71.36;5.52;381;1;128.00;5
85;1;623035916;85;86;466;470;11.95;0.73;71.61;5.53;381;1;129.00;4
86;1;623035923;86;86;471;474;12.04;0.74;71.45;5.61;385;1;130.00;3
87;1;623035930;87;86;471;474;12.10;0.74;71.86;5.61;384;1;131.00;3
89;1;623035936;89;91;472;474;12.07;0.74;72.76;5.67;383;1;132.00;2
91;1;623035943;91;90;472;474;12.01;0.74;73.30;5.67;381;1;133.00;2
92;1;623035950;92;93;473;475;12.01;0.74;73.96;5.66;381;1;134.00;2
94;1;623035956;94;93;476;477;11.83;0.73;75.26;5.71;382;1;135.00;1
96;1;623035962;96;94;476;477;11.77;0.72;76.39;5.71;380;1;136.00;1
97;1;623035970;97;97;477;478;11.70;0.72;76.95;5.70;380;1;137.00;1
98;1;623035976;98;97;478;478;11.56;0.71;77.55;5.72;380;1;138.00;0
100;1;623035982;100;101;478;478;11.55;0.71;78.76;5.72;378;1;139.00;0
103;1;623035988;103;102;478;478;11.56;0.71;78.44;5.72;375;1;140.00;0
104;1;623035994;104;103;478;478;11.51;0.71;78.96;5.72;374;1;141.00;0
105;1;623036000;105;104;478;478;11.40;0.70;79.56;5.72;373;1;142.00;0
107;1;623036005;107;105;478;478;11.31;0.70;80.34;5.72;371;1;143.00;0
108;1;623036011;108;123;546;605;10.95;0.69;80.48;5.02;438;1;144.00;59
109;1;623036027;109;116;552;606;10.92;0.69;80.54;4.97;443;1;145.00;54
109;1;623036033;109;117;561;606;10.97;0.69;80.54;4.93;452;1;146.00;45
111;1;623036040;111;115;565;606;10.83;0.68;80.64;4.91;454;1;147.00;41
111;1;623036046;111;115;571;606;10.83;0.68;80.64;4.90;460;1;148.00;35
113;1;623036052;113;115;575;606;10.74;0.67;81.45;4.90;462;1;149.00;31
116;1;623036061;116;115;580;611;10.65;0.67;83.19;4.89;464;1;150.00;31
117;1;623036071;117;113;583;611;10.63;0.66;83.77;4.90;466;1;151.00;28
120;1;623036080;120;113;586;612;10.59;0.66;85.44;4.92;466;1;152.00;26
121;1;623036088;121;115;590;613;10.58;0.66;85.94;4.95;469;1;153.00;23
124;1;623036096;124;118;592;613;10.60;0.66;87.55;4.96;468;1;154.00;21
126;1;623036105;126;121;596;614;10.53;0.65;87.33;4.99;470;1;155.00;18
128;1;623036114;128;126;598;614;10.43;0.65;88.35;4.99;470;1;156.00;16
130;1;623036124;130;127;601;614;10.35;0.64;88.27;5.03;471;1;157.00;13
133;1;623036131;133;131;601;614;10.22;0.63;89.77;5.03;468;1;158.00;13
136;1;623036138;136;137;608;618;10.10;0.62;89.68;5.08;472;1;159.00;10
138;1;623036147;138;142;609;618;10.02;0.62;90.70;5.08;471;1;160.00;9
138;1;623036157;138;144;611;618;9.96;0.61;90.70;5.10;473;1;161.00;7
138;1;623036165;138;141;612;621;9.96;0.62;90.70;5.09;474;1;162.00;9
140;1;623036175;140;140;614;621;9.82;0.61;91.63;5.11;474;1;163.00;7
142;1;623036183;142;140;615;621;9.76;0.61;92.65;5.13;473;1;164.00;6
145;1;623036194;145;144;619;625;9.59;0.60;93.91;5.14;474;1;165.00;6
146;1;623036203;146;147;623;626;9.50;0.59;94.36;5.20;477;1;166.00;3
149;1;623036211;149;146;623;626;9.37;0.58;94.70;5.20;474;1;167.00;3
152;1;623036222;152;147;628;630;9.25;0.57;96.03;5.16;476;1;168.00;2
152;1;623036230;152;147;629;630;9.14;0.57;96.03;5.16;477;1;169.00;1
153;1;623036239;153;137;629;630;9.11;0.57;96.36;5.16;476;1;170.00;1
155;1;623036247;155;135;630;631;9.11;0.57;96.63;5.16;475;1;171.00;1
157;1;623036256;157;134;630;631;9.16;0.57;97.25;5.16;473;1;172.00;1
161;1;623036263;161;130;636;637;9.22;0.57;97.64;5.12;475;1;173.00;1
161;1;623036270;161;131;636;637;9.29;0.57;97.64;5.12;475;1;174.00;1
161;1;623036276;161;130;637;638;9.33;0.58;97.64;5.11;476;1;175.00;1
161;1;623036282;161;134;637;638;9.40;0.58;97.64;5.11;476;1;176.00;1
162;1;623036288;162;132;637;638;9.43;0.58;97.57;5.11;475;1;177.00;1
162;1;623036294;162;129;638;638;9.49;0.58;97.57;5.15;476;1;178.00;0
164;1;623036300;164;123;638;638;9.58;0.59;97.35;5.15;474;1;179.00;0
165;1;623036309;165;126;669;672;9.73;0.60;97.83;4.91;504;1;180.00;3
165;1;623036318;165;120;670;672;9.71;0.60;97.83;4.90;505;1;181.00;2
165;1;623036325;165;119;671;672;9.72;0.60;97.83;4.90;506;1;182.00;1
166;1;623036331;166;121;671;672;9.62;0.59;98.33;4.90;505;1;183.00;1
170;1;623036339;170;120;672;672;9.47;0.59;98.94;4.90;502;1;184.00;0
171;1;623036355;171;123;672;672;9.35;0.58;98.83;4.90;501;1;185.00;0
173;1;623036362;173;132;676;676;9.31;0.58;98.90;4.87;503;1;186.00;0
173;1;623036369;173;138;676;676;9.33;0.58;98.90;4.87;503;1;187.00;0
173;1;623036374;173;142;680;680;9.33;0.58;98.90;4.85;507;1;188.00;0
178;1;623036380;178;149;681;681;9.22;0.57;99.32;4.84;503;1;189.00;0
182;1;623036386;182;154;681;681;9.14;0.56;99.20;4.84;499;1;190.00;0
186;1;623036392;186;161;681;681;9.07;0.56;99.98;4.84;495;1;191.00;0
186;1;623036398;186;171;694;694;9.10;0.56;99.98;4.75;508;1;192.00;0
189;1;623036405;189;174;694;694;8.95;0.55;100.10;4.75;505;1;193.00;0
191;1;623036410;191;178;694;694;8.82;0.54;99.92;4.75;503;1;194.00;0
192;1;623036416;192;180;695;695;8.76;0.54;100.32;4.75;503;1;195.00;0
196;1;623036421;196;186;696;696;8.60;0.53;100.05;4.74;500;1;196.00;0
199;1;623036427;199;189;696;696;8.47;0.52;99.57;4.74;497;1;197.00;0
201;1;623036432;201;200;698;699;8.34;0.51;99.45;4.73;497;1;198.00;1
204;1;623036438;204;206;698;699;8.13;0.50;99.79;4.73;494;1;199.00;1
205;1;623036445;205;211;699;699;7.97;0.49;99.78;4.72;494;1;200.00;0
206;1;623036455;206;214;699;699;7.79;0.48;99.82;4.72;493;1;201.00;0
207;1;623036461;207;220;705;705;7.63;0.47;99.62;4.69;498;1;202.00;0
210;1;623036467;210;224;705;705;7.44;0.46;100.06;4.69;495;1;203.00;0
211;1;623036473;211;228;705;705;7.29;0.45;99.87;4.69;494;1;204.00;0
214;1;623036478;214;235;705;705;7.15;0.44;99.36;4.69;491;1;205.00;0
215;1;623036484;215;239;709;709;7.11;0.44;99.18;4.67;494;1;206.00;0
217;1;623036489;217;245;710;710;7.09;0.43;98.54;4.66;493;1;207.00;0
217;1;623036494;217;247;710;710;7.05;0.43;98.54;4.66;493;1;208.00;0
218;1;623036499;218;248;711;711;7.02;0.43;99.03;4.66;493;1;209.00;0
219;1;623036506;219;250;711;711;6.94;0.42;98.66;4.66;492;1;210.00;0
220;1;623036512;220;250;711;711;6.90;0.42;99.17;4.66;491;1;211.00;0
221;1;623036518;221;252;711;711;6.80;0.42;99.66;4.66;490;1;212.00;0
223;1;623036523;223;254;711;711;6.67;0.41;100.05;4.66;488;1;213.00;0
224;1;623036528;224;263;711;711;6.60;0.40;99.92;4.66;487;1;214.00;0
224;1;623036534;224;269;711;711;6.54;0.40;99.92;4.66;487;1;215.00;0
225;1;623036539;225;283;755;781;6.85;0.42;100.16;4.39;530;1;216.00;26
227;1;623036550;227;265;757;782;6.84;0.42;101.15;4.38;530;1;217.00;25
227;1;623036556;227;257;764;782;6.96;0.43;101.15;4.36;537;1;218.00;18
229;1;623036561;229;241;765;782;7.05;0.43;102.18;4.36;536;1;219.00;17
229;1;623036568;229;234;768;782;7.24;0.44;102.18;4.35;539;1;220.00;14
231;1;623036574;231;226;769;782;7.35;0.45;102.84;4.36;538;1;221.00;13
231;1;623036580;231;226;771;782;7.51;0.46;102.84;4.36;540;1;222.00;11
231;1;623036587;231;225;774;782;7.69;0.47;102.84;4.37;543;1;223.00;8
231;1;623036594;231;227;777;783;7.75;0.47;102.84;4.38;546;1;224.00;6
231;1;623036600;231;224;781;785;7.77;0.47;102.84;4.40;550;1;225.00;4
233;1;623036607;233;212;783;785;7.81;0.48;103.33;4.40;550;1;226.00;2
234;1;623036614;234;202;788;789;7.94;0.48;103.85;4.39;554;1;227.00;1
234;1;623036622;234;197;789;789;8.16;0.50;103.85;4.39;555;1;228.00;0
236;1;623036635;236;186;789;789;8.33;0.51;103.60;4.39;553;1;229.00;0
237;1;623036643;237;177;789;789;8.58;0.53;103.97;4.39;552;1;230.00;0
239;1;623036652;239;172;795;795;8.84;0.54;104.23;4.36;556;1;231.00;0
240;1;623036661;240;164;795;795;9.13;0.56;104.74;4.36;555;1;232.00;0
241;1;623036669;241;158;795;795;9.35;0.57;104.68;4.36;554;1;233.00;0
242;1;623036676;242;150;797;798;9.65;0.59;104.48;4.35;555;1;234.00;1
242;1;623036684;242;145;797;798;9.79;0.60;104.48;4.35;555;1;235.00;1
244;1;623036692;244;143;798;798;9.97;0.61;105.51;4.35;554;1;236.00;0
245;1;623036700;245;141;799;799;10.09;0.62;105.38;4.35;554;1;237.00;0
247;1;623036708;247;136;800;800;10.28;0.63;106.32;4.34;553;1;238.00;0
249;1;623036717;249;133;800;800;10.34;0.63;106.34;4.34;551;1;239.00;0
253;1;623036733;253;135;825;826;10.30;0.63;106.86;4.21;572;1;240.00;1
253;1;623036743;253;125;825;826;10.48;0.64;106.86;4.21;572;1;241.00;1
257;1;623036750;257;119;826;826;10.64;0.65;108.32;4.21;569;1;242.00;0
265;1;623036758;265;117;827;827;10.77;0.66;110.35;4.20;562;1;243.00;0
267;1;623036766;267;112;827;827;10.94;0.67;111.05;4.20;560;1;244.00;0
270;1;623036772;270;111;831;831;11.06;0.67;111.97;4.19;561;1;245.00;0
270;1;623036780;270;109;831;831;11.21;0.68;111.97;4.19;561;1;246.00;0
272;1;623036787;272;103;835;835;11.27;0.69;112.56;4.17;563;1;247.00;0
274;1;623036794;274;100;835;835;11.41;0.69;112.99;4.17;561;1;248.00;0
277;1;623036802;277;96;835;835;11.51;0.70;113.12;4.17;558;1;249.00;0
280;1;623036809;280;96;835;835;11.54;0.70;114.00;4.17;555;1;250.00;0
281;1;623036816;281;97;835;835;11.60;0.71;114.23;4.17;554;1;251.00;0
282;1;623036823;282;99;845;847;11.67;0.71;114.35;4.12;563;1;252.00;2
282;1;623036830;282;100;845;847;11.73;0.71;114.35;4.12;563;1;253.00;2
283;1;623036836;283;99;847;847;11.76;0.72;114.37;4.12;564;1;254.00;0
284;1;623036844;284;102;847;847;11.95;0.73;114.85;4.12;563;1;255.00;0
287;1;623036851;287;106;847;847;11.99;0.73;115.07;4.12;560;1;256.00;0
288;1;623036858;288;104;847;847;12.00;0.73;115.31;4.12;559;1;257.00;0
290;1;623036865;290;105;848;848;12.01;0.73;115.64;4.11;558;1;258.00;0
294;1;623036872;294;107;848;848;12.06;0.73;115.66;4.11;554;1;259.00;0
295;1;623036880;295;108;854;854;12.06;0.73;115.54;4.09;559;1;260.00;0
296;1;623036888;296;110;855;855;12.13;0.74;115.54;4.09;559;1;261.00;0
296;1;623036895;296;108;855;855;12.10;0.73;115.54;4.09;559;1;262.00;0
296;1;623036902;296;110;855;855;12.04;0.73;115.54;4.09;559;1;263.00;0
300;1;623036909;300;109;859;859;12.01;0.73;116.54;4.07;559;1;264.00;0
301;1;623036916;301;111;859;859;12.02;0.73;116.78;4.07;558;1;265.00;0
302;1;623036923;302;114;859;859;12.09;0.73;117.26;4.07;557;1;266.00;0
307;1;623036930;307;113;860;860;12.17;0.74;118.33;4.07;553;1;267.00;0
308;1;623036938;308;114;864;864;12.13;0.73;118.78;4.05;556;1;268.00;0
311;1;623036945;311;111;864;864;12.18;0.74;118.70;4.05;553;1;269.00;0
318;1;623036954;318;108;868;870;12.13;0.73;120.06;4.03;550;1;270.00;2
322;1;623036962;322;107;868;870;12.10;0.73;120.33;4.03;546;1;271.00;2
322;1;623036969;322;102;870;870;12.14;0.73;120.33;4.03;548;1;272.00;0
324;1;623036976;324;99;870;870;12.19;0.74;120.47;4.03;546;1;273.00;0
324;1;623036983;324;96;874;874;12.23;0.74;120.47;4.01;550;1;274.00;0
327;1;623036990;327;91;874;874;12.24;0.74;121.00;4.01;547;1;275.00;0
329;1;623036998;329;87;874;874;12.29;0.74;121.27;4.01;545;1;276.00;0
330;1;623037005;330;84;874;874;12.24;0.74;121.31;4.01;544;1;277.00;0
332;1;623037013;332;87;875;875;12.24;0.74;121.67;4.01;543;1;278.00;0
334;1;623037022;334;83;876;876;12.28;0.75;122.44;4.01;542;1;279.00;0
336;1;623037029;336;78;876;876;12.24;0.75;122.51;4.01;540;1;280.00;0
338;1;623037039;338;78;877;877;12.28;0.75;122.53;4.00;539;1;281.00;0
340;1;623037047;340;77;877;877;12.22;0.74;122.79;4.00;537;1;282.00;0
341;1;623037055;341;78;877;877;12.24;0.75;123.05;4.00;536;1;283.00;0
344;1;623037064;344;78;877;877;12.25;0.75;123.29;4.00;533;1;284.00;0
345;1;623037071;345;78;877;877;12.21;0.74;123.34;4.00;532;1;285.00;0
347;1;623037079;347;80;877;877;12.30;0.75;123.75;4.00;530;1;286.00;0
348;1;623037087;348;82;877;877;12.35;0.75;123.87;4.00;529;1;287.00;0
351;1;623037095;351;104;948;1004;11.95;0.74;124.79;3.71;597;1;288.00;56
352;1;623037116;352;93;952;1005;11.95;0.74;125.06;3.69;600;1;289.00;53
352;1;623037125;352;88;957;1005;11.92;0.74;125.06;3.69;605;1;290.00;48
356;1;623037133;356;90;961;1005;11.85;0.73;125.33;3.68;605;1;291.00;44
358;1;623037142;358;89;964;1005;11.84;0.73;125.34;3.68;606;1;292.00;41
360;1;623037150;360;92;967;1005;11.89;0.73;126.11;3.69;607;1;293.00;38
361;1;623037159;361;92;968;1005;11.98;0.74;126.11;3.69;607;1;294.00;37
362;1;623037168;362;95;969;1005;11.98;0.74;126.04;3.69;607;1;295.00;36
365;1;623037176;365;93;972;1006;12.00;0.74;126.91;3.71;607;1;296.00;34
365;1;623037184;365;94;973;1007;12.06;0.74;126.91;3.71;608;1;297.00;34
369;1;623037192;369;97;978;1007;12.11;0.74;127.78;3.74;609;1;298.00;29
371;1;623037201;371;97;981;1008;12.03;0.74;127.34;3.77;610;1;299.00;27
372;1;623037213;372;106;989;1014;11.88;0.73;127.81;3.81;617;1;300.00;25
372;1;623037226;372;105;991;1014;11.72;0.72;127.81;3.83;619;1;301.00;23
375;1;623037234;375;110;996;1014;11.54;0.71;128.23;3.88;621;1;302.00;18
376;1;623037243;376;116;1001;1018;11.39;0.70;127.93;3.91;625;1;303.00;17
378;1;623037252;378;124;1003;1018;11.26;0.69;128.25;3.92;625;1;304.00;15
379;1;623037260;379;127;1005;1018;11.11;0.68;128.53;3.95;626;1;305.00;13
381;1;623037268;381;138;1010;1021;10.92;0.67;128.85;3.98;629;1;306.00;11
383;1;623037276;383;141;1012;1021;10.91;0.67;128.83;3.98;629;1;307.00;9
386;1;623037284;386;150;1014;1021;10.81;0.67;129.10;3.99;628;1;308.00;7
389;1;623037292;389;160;1018;1025;10.73;0.66;129.94;3.98;629;1;309.00;7
389;1;623037300;389;167;1019;1026;10.79;0.66;129.94;3.98;630;1;310.00;7
392;1;623037308;392;175;1020;1026;10.67;0.66;130.28;3.98;628;1;311.00;6
394;1;623037316;394;175;1024;1030;10.63;0.66;130.96;3.98;630;1;312.00;6
397;1;623037324;397;177;1025;1030;10.50;0.65;131.23;3.98;628;1;313.00;5
400;1;623037332;400;180;1026;1030;10.41;0.64;132.01;3.98;626;1;314.00;4
403;1;623037339;403;186;1028;1032;10.18;0.63;132.74;3.98;625;1;315.00;4
404;1;623037347;404;193;1029;1032;9.95;0.61;132.72;4.00;625;1;316.00;3
405;1;623037360;405;193;1036;1038;9.81;0.60;132.91;4.01;631;1;317.00;2
407;1;623037369;407;200;1036;1038;9.61;0.59;132.79;4.01;629;1;318.00;2
412;1;623037376;412;198;1037;1039;9.41;0.58;133.58;4.00;625;1;319.00;2
415;1;623037384;415;202;1037;1039;9.29;0.57;133.83;4.00;622;1;320.00;2
416;1;623037392;416;200;1038;1039;9.20;0.57;134.09;4.03;622;1;321.00;1
418;1;623037399;418;202;1038;1039;9.19;0.56;134.16;4.03;620;1;322.00;1
421;1;623037406;421;206;1039;1039;9.17;0.56;134.34;4.04;618;1;323.00;0
424;1;623037414;424;207;1050;1051;9.11;0.56;134.70;4.00;626;1;324.00;1
429;1;623037422;429;205;1050;1051;9.03;0.55;134.80;4.00;621;1;325.00;1
429;1;623037429;429;205;1051;1051;9.00;0.55;134.80;4.00;622;1;326.00;0
430;1;623037436;430;203;1051;1051;9.03;0.55;134.83;4.00;621;1;327.00;0
434;1;623037442;434;207;1051;1051;9.03;0.55;136.13;4.00;617;1;328.00;0
437;1;623037449;437;207;1051;1051;8.97;0.55;136.30;4.00;614;1;329.00;0
439;1;623037458;439;209;1055;1055;8.93;0.55;136.88;3.99;616;1;330.00;0
440;1;623037465;440;215;1055;1055;8.91;0.55;136.86;3.99;615;1;331.00;0
441;1;623037473;441;216;1059;1059;8.94;0.55;136.87;3.97;618;1;332.00;0
445;1;623037479;445;221;1060;1060;8.83;0.54;137.16;3.97;615;1;333.00;0
447;1;623037487;447;219;1060;1060;8.73;0.53;137.71;3.97;613;1;334.00;0
451;1;623037494;451;223;1060;1060;8.64;0.53;138.07;3.97;609;1;335.00;0
456;1;623037500;456;232;1073;1073;8.42;0.52;138.58;3.92;617;1;336.00;0
458;1;623037508;458;233;1073;1073;8.26;0.51;138.77;3.92;615;1;337.00;0
464;1;623037515;464;240;1073;1073;8.05;0.49;140.49;3.92;609;1;338.00;0
467;1;623037522;467;243;1074;1074;7.92;0.49;140.74;3.92;607;1;339.00;0
470;1;623037528;470;239;1075;1075;7.81;0.48;141.84;3.92;605;1;340.00;0
473;1;623037534;473;231;1075;1075;7.75;0.48;142.49;3.92;602;1;341.00;0
477;1;623037540;477;230;1077;1078;7.66;0.47;142.98;3.91;600;1;342.00;1
480;1;623037547;480;233;1077;1078;7.53;0.46;143.45;3.91;597;1;343.00;1
482;1;623037553;482;231;1078;1078;7.48;0.46;144.04;3.91;596;1;344.00;0
485;1;623037559;485;230;1078;1078;7.41;0.46;144.32;3.91;593;1;345.00;0
489;1;623037565;489;230;1084;1084;7.47;0.46;144.83;3.89;595;1;346.00;0
491;1;623037571;491;226;1084;1084;7.45;0.46;145.11;3.89;593;1;347.00;0
495;2;623037578;495;226;1084;1084;7.43;0.46;145.71;3.89;589;2;348.00;0
497;2;623037595;497;227;1084;1084;7.50;0.46;146.00;3.89;587;2;349.00;0
501;2;623037601;501;226;1088;1088;7.48;0.46;145.80;3.88;587;2;350.00;0
504;2;623037608;504;231;1089;1089;7.37;0.46;146.02;3.88;585;2;351.00;0
508;2;623037614;508;231;1089;1089;7.24;0.45;146.24;3.88;581;2;352.00;0
509;2;623037620;509;225;1090;1090;7.19;0.44;146.08;3.88;581;2;353.00;0
509;2;623037632;509;226;1090;1090;7.22;0.45;146.08;3.88;581;2;354.00;0
512;2;623037638;512;230;1090;1090;7.14;0.44;145.76;3.88;578;2;355.00;0
518;2;623037645;518;233;1090;1090;7.07;0.44;146.22;3.88;572;2;356.00;0
520;2;623037651;520;244;1090;1090;6.98;0.43;146.12;3.88;570;2;357.00;0
521;2;623037658;521;243;1090;1090;6.98;0.43;146.07;3.88;569;2;358.00;0
526;2;623037663;526;249;1090;1090;6.84;0.42;145.88;3.88;564;2;359.00;0
530;2;623037671;530;253;1152;1215;7.33;0.46;145.81;3.67;622;2;360.00;63
531;2;623037687;531;258;1160;1216;7.35;0.46;145.67;3.65;629;2;361.00;56
531;2;623037693;531;256;1173;1216;7.48;0.47;145.67;3.63;642;2;362.00;43
534;2;623037700;534;258;1176;1216;7.40;0.46;145.93;3.63;642;2;363.00;40
536;2;623037707;536;253;1181;1216;7.36;0.46;146.05;3.63;645;2;364.00;35
538;2;623037714;538;264;1184;1216;7.34;0.46;145.88;3.63;646;2;365.00;32
538;2;623037721;538;263;1190;1216;7.36;0.46;145.88;3.65;652;2;366.00;26
541;2;623037734;541;273;1193;1216;7.27;0.45;146.23;3.65;652;2;367.00;23
543;2;623037742;543;275;1198;1217;7.05;0.44;146.24;3.67;655;2;368.00;19
545;2;623037750;545;281;1202;1218;6.88;0.43;146.42;3.69;657;2;369.00;16
547;2;623037758;547;288;1204;1218;6.62;0.41;146.29;3.70;657;2;370.00;14
549;2;623037766;549;276;1211;1222;6.60;0.41;146.32;3.70;662;2;371.00;11
550;2;623037775;550;280;1213;1222;6.63;0.41;146.41;3.72;663;2;372.00;9
551;2;623037783;551;277;1216;1222;6.59;0.41;146.38;3.74;665;2;373.00;6
552;2;623037791;552;277;1218;1222;6.58;0.40;146.27;3.76;666;2;374.00;4
552;2;623037804;552;274;1224;1228;6.58;0.40;146.27;3.76;672;2;375.00;4
553;2;623037813;553;271;1225;1228;6.68;0.41;146.33;3.76;672;2;376.00;3
553;2;623037820;553;270;1226;1228;6.80;0.42;146.33;3.77;673;2;377.00;2
553;2;623037834;553;276;1228;1231;6.96;0.43;146.33;3.76;675;2;378.00;3
553;2;623037842;553;274;1229;1231;7.10;0.43;146.33;3.76;676;2;379.00;2
554;2;623037850;554;273;1230;1231;7.19;0.44;146.14;3.78;676;2;380.00;1
555;2;623037858;555;273;1232;1232;7.27;0.45;146.05;3.77;677;2;381.00;0
557;2;623037872;557;276;1233;1233;7.37;0.45;145.60;3.77;676;2;382.00;0
559;2;623037881;559;271;1233;1233;7.43;0.45;145.86;3.77;674;2;383.00;0
560;2;623037889;560;274;1246;1246;7.54;0.46;146.03;3.73;686;2;384.00;0
560;2;623037899;560;276;1246;1246;7.60;0.46;146.03;3.73;686;2;385.00;0
562;2;623037907;562;271;1246;1246;7.58;0.46;145.79;3.73;684;2;386.00;0
562;2;623037915;562;260;1247;1247;7.64;0.47;145.79;3.73;685;2;387.00;0
564;2;623037923;564;247;1247;1247;7.77;0.47;145.49;3.73;683;2;388.00;0
564;2;623037932;564;241;1251;1251;7.94;0.48;145.49;3.72;687;2;389.00;0
566;2;623037942;566;235;1251;1251;8.05;0.49;145.64;3.72;685;2;390.00;0
566;2;623037951;566;228;1255;1255;8.18;0.50;145.64;3.71;689;2;391.00;0
569;2;623037960;569;232;1255;1255;8.23;0.50;146.33;3.71;686;2;392.00;0
572;2;623037969;572;234;1255;1255;8.26;0.50;146.22;3.71;683;2;393.00;0
574;2;623037978;574;231;1255;1255;8.37;0.51;146.41;3.71;681;2;394.00;0
576;2;623037987;576;228;1255;1255;8.45;0.51;146.47;3.71;679;2;395.00;0
578;2;623038001;578;213;1265;1267;8.66;0.53;146.84;3.68;687;2;396.00;2
581;2;623038012;581;199;1265;1267;8.81;0.54;146.88;3.68;684;2;397.00;2
584;2;623038022;584;190;1267;1267;9.02;0.55;147.18;3.68;683;2;398.00;0
587;2;623038032;587;179;1267;1267;9.17;0.56;147.92;3.68;680;2;399.00;0
589;2;623038043;589;171;1267;1267;9.34;0.57;148.39;3.68;678;2;400.00;0
592;2;623038059;592;164;1267;1267;9.57;0.58;148.71;3.68;675;2;401.00;0
593;2;623038069;593;158;1268;1268;9.79;0.60;148.65;3.68;675;2;402.00;0
597;2;623038078;597;152;1268;1268;9.98;0.61;149.80;3.68;671;2;403.00;0
599;2;623038088;599;142;1274;1274;10.14;0.62;150.59;3.66;675;2;404.00;0
600;2;623038098;600;140;1276;1276;10.28;0.63;150.50;3.66;676;2;405.00;0
602;2;623038108;602;134;1276;1276;10.40;0.63;150.90;3.66;674;2;406.00;0
605;2;623038118;605;130;1276;1276;10.53;0.64;151.42;3.66;671;2;407.00;0
608;2;623038128;608;126;1279;1280;10.59;0.64;152.42;3.65;671;2;408.00;1
611;2;623038138;611;120;1280;1280;10.73;0.65;152.88;3.65;669;2;409.00;0
615;2;623038148;615;119;1280;1280;10.84;0.66;154.06;3.65;665;2;410.00;0
617;2;623038163;617;115;1281;1281;10.95;0.67;154.44;3.65;664;2;411.00;0
620;2;623038178;620;114;1285;1285;11.03;0.67;155.07;3.64;665;2;412.00;0
620;2;623038193;620;110;1285;1285;11.14;0.68;155.07;3.64;665;2;413.00;0
622;2;623038209;622;104;1287;1288;11.28;0.69;155.21;3.63;665;2;414.00;1
625;2;623038223;625;100;1287;1288;11.47;0.70;155.95;3.63;662;2;415.00;1
627;2;623038237;627;97;1288;1288;11.58;0.71;156.09;3.63;661;2;416.00;0
629;2;623038264;629;96;1288;1288;11.72;0.71;156.15;3.63;659;2;417.00;0
631;2;623038277;631;93;1292;1292;11.88;0.72;156.48;3.62;661;2;418.00;0
633;2;623038289;633;94;1292;1292;11.97;0.73;156.73;3.62;659;2;419.00;0
635;2;623038303;635;97;1292;1292;12.08;0.73;156.87;3.62;657;2;420.00;0
638;2;623038314;638;95;1292;1292;12.19;0.74;157.76;3.62;654;2;421.00;0
639;2;623038325;639;95;1293;1293;12.26;0.75;157.80;3.62;654;2;422.00;0
640;2;623038336;640;93;1294;1294;12.38;0.76;158.10;3.62;654;2;423.00;0
643;2;623038348;643;97;1294;1294;12.47;0.76;158.08;3.62;651;2;424.00;0
645;2;623038360;645;95;1295;1295;12.54;0.77;158.63;3.62;650;2;425.00;0
648;2;623038371;648;93;1295;1295;12.57;0.77;159.37;3.62;647;2;426.00;0
649;2;623038390;649;91;1295;1295;12.56;0.77;159.37;3.62;646;2;427.00;0
655;2;623038401;655;92;1295;1295;12.65;0.77;159.81;3.62;640;2;428.00;0
656;2;623038411;656;89;1295;1295;12.67;0.77;159.89;3.62;639;2;429.00;0
657;2;623038421;657;95;1295;1295;12.80;0.78;160.07;3.62;638;2;430.00;0
661;2;623038430;661;92;1295;1295;12.83;0.78;160.86;3.62;634;2;431.00;0
664;2;623038440;664;125;1375;1422;12.15;0.75;161.59;3.41;711;2;432.00;47
668;2;623038461;668;113;1375;1423;12.29;0.76;162.19;3.41;707;2;433.00;48
675;2;623038473;675;100;1380;1423;12.44;0.77;163.29;3.40;705;2;434.00;43
677;2;623038484;677;97;1380;1423;12.48;0.77;163.41;3.40;703;2;435.00;43
680;2;623038494;680;100;1386;1423;12.53;0.77;163.81;3.41;706;2;436.00;37
685;2;623038505;685;102;1386;1423;12.54;0.77;164.70;3.41;701;2;437.00;37
689;2;623038516;689;107;1389;1423;12.54;0.77;164.84;3.41;700;2;438.00;34
692;2;623038526;692;111;1392;1423;12.53;0.77;165.10;3.42;700;2;439.00;31
694;2;623038537;694;109;1395;1424;12.43;0.76;165.28;3.43;701;2;440.00;29
697;2;623038546;697;108;1400;1425;12.24;0.75;165.42;3.45;703;2;441.00;25
699;2;623038556;699;103;1403;1425;12.17;0.75;165.69;3.46;704;2;442.00;22
705;2;623038567;705;107;1407;1426;12.06;0.74;166.08;3.48;702;2;443.00;19
711;2;623038577;711;108;1408;1426;12.00;0.74;166.48;3.49;697;2;444.00;18
712;2;623038587;712;106;1413;1426;11.92;0.73;166.46;3.52;701;2;445.00;13
718;2;623038597;718;107;1414;1426;11.92;0.73;166.59;3.53;696;2;446.00;12
721;2;623038607;721;104;1419;1430;11.94;0.73;166.77;3.55;698;2;447.00;11
724;2;623038618;724;103;1419;1430;12.01;0.74;166.90;3.55;695;2;448.00;11
729;2;623038628;729;103;1422;1430;12.05;0.74;167.03;3.57;693;2;449.00;8
732;2;623038640;732;103;1425;1436;12.14;0.74;167.28;3.56;693;2;450.00;11
736;2;623038651;736;104;1426;1436;12.25;0.75;167.67;3.57;690;2;451.00;10
741;2;623038662;741;106;1428;1436;12.31;0.75;168.58;3.57;687;2;452.00;8
744;2;623038672;744;111;1432;1440;12.35;0.75;168.78;3.57;688;2;453.00;8
751;2;623038683;751;113;1433;1441;12.45;0.76;169.45;3.57;682;2;454.00;8
754;2;623038694;754;111;1435;1441;12.50;0.76;170.29;3.59;681;2;455.00;6
757;2;623038704;757;109;1438;1445;12.56;0.77;169.96;3.58;681;2;456.00;7
762;2;623038714;762;109;1439;1445;12.53;0.76;169.90;3.59;677;2;457.00;6
764;2;623038724;764;114;1439;1445;12.47;0.76;170.36;3.59;675;2;458.00;6
767;2;623038734;767;116;1440;1446;12.34;0.75;170.47;3.58;673;2;459.00;6
771;2;623038758;771;120;1440;1446;12.21;0.74;170.29;3.58;669;2;460.00;6
773;2;623038769;773;121;1445;1452;12.07;0.73;170.37;3.60;672;2;461.00;7
779;2;623038779;779;121;1445;1452;11.88;0.72;170.20;3.60;666;2;462.00;7
781;2;623038789;781;127;1446;1453;11.72;0.71;170.28;3.61;665;2;463.00;7
782;2;623038806;782;131;1447;1453;11.47;0.70;170.37;3.62;665;2;464.00;6
786;2;623038815;786;131;1447;1453;11.36;0.69;170.67;3.62;661;2;465.00;6
788;2;623038824;788;135;1448;1453;11.19;0.68;170.77;3.63;660;2;466.00;5
791;2;623038835;791;135;1448;1453;10.99;0.67;171.01;3.63;657;2;467.00;5
791;2;623038845;791;144;1457;1465;10.95;0.66;171.01;3.60;666;2;468.00;8
794;2;623038855;794;151;1457;1465;10.91;0.66;171.07;3.60;663;2;469.00;8
797;2;623038872;797;158;1461;1465;10.83;0.66;171.29;3.63;664;2;470.00;4
798;2;623038883;798;160;1461;1465;10.81;0.66;171.30;3.63;663;2;471.00;4
799;2;623038892;799;164;1461;1465;10.84;0.66;171.30;3.63;662;2;472.00;4
802;2;623038901;802;171;1463;1465;10.77;0.66;171.32;3.64;661;2;473.00;2
803;2;623038911;803;177;1466;1469;10.76;0.66;171.25;3.64;663;2;474.00;3
805;3;623038920;805;181;1466;1469;10.72;0.65;171.49;3.64;661;3;475.00;3
807;3;623038940;807;185;1471;1473;10.77;0.66;171.50;3.64;664;3;476.00;2
807;3;623038950;807;191;1474;1474;10.77;0.66;171.50;3.64;667;3;477.00;0
808;3;623038958;808;193;1474;1474;10.69;0.65;171.43;3.64;666;3;478.00;0
811;3;623038967;811;200;1474;1474;10.66;0.65;171.13;3.64;663;3;479.00;0
815;3;623038978;815;205;1495;1500;10.53;0.64;170.91;3.59;680;3;480.00;5
816;3;623038989;816;203;1496;1500;10.41;0.64;170.91;3.59;680;3;481.00;4
817;3;623038997;817;208;1499;1500;10.35;0.63;170.85;3.58;682;3;482.00;1
818;3;623039005;818;215;1501;1501;10.30;0.63;170.88;3.58;683;3;483.00;0
820;3;623039014;820;219;1502;1502;10.19;0.62;170.89;3.58;682;3;484.00;0
821;3;623039023;821;222;1502;1502;10.02;0.61;170.83;3.58;681;3;485.00;0
823;3;623039032;823;231;1504;1505;9.84;0.60;170.79;3.57;681;3;486.00;1
824;3;623039040;824;236;1504;1505;9.65;0.59;170.74;3.57;680;3;487.00;1
827;3;623039048;827;242;1505;1505;9.51;0.58;170.48;3.57;678;3;488.00;0
828;3;623039057;828;242;1505;1505;9.37;0.57;170.43;3.57;677;3;489.00;0
830;3;623039065;830;243;1511;1511;9.31;0.57;170.29;3.56;681;3;490.00;0
831;3;623039074;831;240;1511;1511;9.17;0.56;170.15;3.56;680;3;491.00;0
834;3;623039083;834;240;1511;1511;8.99;0.55;170.14;3.56;677;3;492.00;0
837;3;623039091;837;241;1511;1511;8.82;0.54;170.04;3.56;674;3;493.00;0
840;3;623039099;840;244;1515;1515;8.67;0.53;169.82;3.56;675;3;494.00;0
843;3;623039108;843;241;1517;1517;8.53;0.52;169.72;3.55;674;3;495.00;0
846;3;623039116;846;245;1517;1517;8.43;0.52;169.53;3.55;671;3;496.00;0
847;3;623039124;847;248;1518;1518;8.35;0.51;169.58;3.55;671;3;497.00;0
849;3;623039136;849;254;1518;1518;8.29;0.51;169.36;3.55;669;3;498.00;0
849;3;623039145;849;260;1518;1518;8.30;0.51;169.36;3.55;669;3;499.00;0
850;3;623039155;850;257;1518;1518;8.32;0.51;169.30;3.55;668;3;500.00;0
856;3;623039167;856;262;1518;1518;8.28;0.51;169.09;3.55;662;3;501.00;0
860;3;623039174;860;262;1518;1518;8.20;0.50;169.20;3.55;658;3;502.00;0
862;3;623039182;862;268;1518;1518;8.21;0.51;169.13;3.55;656;3;503.00;0
865;3;623039189;865;279;1564;1588;8.30;0.51;169.60;3.45;699;3;504.00;24
869;3;623039202;869;269;1565;1589;8.21;0.51;169.64;3.44;696;3;505.00;24
871;3;623039210;871;263;1572;1589;8.19;0.51;170.17;3.44;701;3;506.00;17
876;3;623039217;876;259;1575;1589;8.07;0.50;170.39;3.44;699;3;507.00;14
881;3;623039224;881;261;1579;1589;7.96;0.49;170.92;3.44;698;3;508.00;10
885;3;623039231;885;267;1579;1589;7.74;0.48;171.05;3.44;694;3;509.00;10
889;3;623039240;889;263;1581;1589;7.62;0.47;171.80;3.44;692;3;510.00;8
891;3;623039247;891;265;1583;1589;7.57;0.46;172.46;3.45;692;3;511.00;6
894;3;623039254;894;264;1584;1590;7.47;0.46;172.72;3.45;690;3;512.00;6
898;3;623039261;898;262;1586;1591;7.34;0.45;173.12;3.46;688;3;513.00;5
899;3;623039268;899;267;1588;1591;7.25;0.44;173.34;3.46;689;3;514.00;3
903;3;623039275;903;272;1593;1595;7.15;0.44;173.45;3.46;690;3;515.00;2
907;3;623039283;907;277;1593;1595;7.13;0.44;173.92;3.46;686;3;516.00;2
911;3;623039290;911;279;1593;1595;7.10;0.43;173.91;3.46;682;3;517.00;2
913;3;623039297;913;276;1595;1595;7.10;0.44;174.12;3.47;682;3;518.00;0
916;3;623039304;916;277;1600;1601;7.11;0.43;174.71;3.46;684;3;519.00;1
917;3;623039312;917;276;1600;1601;7.16;0.44;174.85;3.46;683;3;520.00;1
918;3;623039319;918;280;1601;1601;7.12;0.44;174.82;3.46;683;3;521.00;0
921;3;623039332;921;278;1603;1604;7.06;0.43;175.27;3.45;682;3;522.00;1
925;3;623039339;925;269;1603;1604;6.97;0.43;175.65;3.45;678;3;523.00;1
927;3;623039347;927;261;1604;1604;6.90;0.42;175.58;3.45;677;3;524.00;0
929;3;623039354;929;261;1605;1605;6.84;0.42;175.79;3.45;676;3;525.00;0
933;3;623039362;933;253;1606;1606;6.78;0.41;176.19;3.45;673;3;526.00;0
936;3;623039371;936;250;1606;1606;6.79;0.41;176.21;3.45;670;3;527.00;0
940;3;623039379;940;250;1618;1619;6.97;0.43;175.66;3.42;678;3;528.00;1
945;4;623039389;945;248;1619;1619;7.08;0.43;175.92;3.42;674;4;529.00;0
947;4;623039408;947;247;1619;1619;7.19;0.44;175.98;3.42;672;4;530.00;0
948;4;623039416;948;245;1620;1620;7.33;0.45;176.34;3.42;672;4;531.00;0
950;5;623039429;950;246;1620;1620;7.37;0.45;176.43;3.42;670;5;532.00;0
952;5;623039443;952;241;1624;1624;7.44;0.45;176.62;3.41;672;5;533.00;0
954;5;623039456;954;240;1624;1624;7.51;0.46;176.62;3.41;670;5;534.00;0
955;5;623039469;955;235;1628;1628;7.61;0.46;176.81;3.41;673;5;535.00;0
962;5;623039483;962;234;1628;1628;7.62;0.46;176.80;3.41;666;5;536.00;0
962;5;623039491;962;237;1628;1628;7.72;0.47;176.80;3.41;666;5;537.00;0
964;5;623039505;964;236;1628;1628;7.80;0.47;176.86;3.41;664;5;538.00;0
965;5;623039513;965;238;1628;1628;7.85;0.48;176.98;3.41;663;5;539.00;0
966;5;623039523;966;240;1658;1662;7.98;0.49;177.13;3.35;692;5;540.00;4
968;5;623039533;968;233;1658;1662;8.01;0.49;177.26;3.35;690;5;541.00;4
973;5;623039542;973;235;1661;1662;8.10;0.50;177.26;3.34;688;5;542.00;1
975;5;623039550;975;233;1661;1662;8.15;0.50;177.65;3.34;686;5;543.00;1
979;5;623039558;979;229;1662;1662;8.15;0.50;177.77;3.34;683;5;544.00;0
982;5;623039566;982;230;1662;1662;8.14;0.50;177.98;3.34;680;5;545.00;0
986;5;623039574;986;229;1663;1663;8.04;0.49;178.22;3.34;677;5;546.00;0
991;5;623039583;991;228;1663;1663;7.95;0.49;178.73;3.34;672;5;547.00;0
997;5;623039591;997;223;1669;1669;7.94;0.49;178.63;3.33;672;5;548.00;0
1001;5;623039601;1001;225;1670;1670;7.94;0.49;178.89;3.33;669;5;549.00;0
1003;5;623039609;1003;225;1670;1670;7.92;0.48;178.72;3.33;667;5;550.00;0
1007;5;623039617;1007;226;1670;1670;7.85;0.48;178.81;3.33;663;5;551.00;0
1009;5;623039626;1009;229;1674;1674;7.89;0.48;179.11;3.32;665;5;552.00;0
1010;5;623039634;1010;232;1674;1674;7.94;0.48;179.12;3.32;664;5;553.00;0
1011;5;623039642;1011;233;1674;1674;8.01;0.49;179.19;3.32;663;5;554.00;0
1014;5;623039650;1014;235;1675;1675;8.05;0.49;179.29;3.32;661;5;555.00;0
1016;5;623039659;1016;228;1679;1679;8.11;0.49;179.38;3.32;663;5;556.00;0
1016;5;623039668;1016;219;1679;1679;8.17;0.50;179.38;3.32;663;5;557.00;0
1017;5;623039676;1017;205;1681;1682;8.25;0.50;179.39;3.31;664;5;558.00;1
1018;5;623039686;1018;204;1681;1682;8.32;0.51;179.72;3.31;663;5;559.00;1
1020;5;623039695;1020;197;1682;1682;8.51;0.52;179.93;3.31;662;5;560.00;0
1022;5;623039704;1022;198;1682;1682;8.60;0.52;180.26;3.31;660;5;561.00;0
1025;5;623039712;1025;190;1686;1686;8.76;0.53;180.31;3.31;661;5;562.00;0
1028;5;623039722;1028;189;1686;1686;8.87;0.54;180.46;3.31;658;5;563.00;0
1030;5;623039731;1030;187;1686;1686;8.99;0.55;180.72;3.31;656;5;564.00;0
1032;5;623039740;1032;185;1686;1686;9.13;0.56;180.78;3.31;654;5;565.00;0
1034;5;623039755;1034;170;1687;1687;9.31;0.57;180.85;3.31;653;5;566.00;0
1035;5;623039764;1035;154;1688;1688;9.58;0.58;180.87;3.30;653;5;567.00;0
1038;5;623039774;1038;148;1688;1688;9.69;0.59;181.28;3.30;650;5;568.00;0
1042;5;623039784;1042;144;1689;1689;9.86;0.60;181.91;3.30;647;5;569.00;0
1046;5;623039795;1046;141;1689;1689;10.01;0.61;182.13;3.30;643;5;570.00;0
1051;5;623039806;1051;135;1689;1689;10.16;0.62;182.72;3.30;638;5;571.00;0
1053;5;623039816;1053;129;1689;1689;10.26;0.62;183.13;3.30;636;5;572.00;0
1055;5;623039825;1055;126;1689;1689;10.42;0.63;183.31;3.30;634;5;573.00;0
1058;5;623039835;1058;122;1689;1689;10.58;0.64;183.58;3.30;631;5;574.00;0
1061;5;623039845;1061;122;1689;1689;10.75;0.65;184.10;3.30;628;5;575.00;0
1065;5;623039854;1065;147;1771;1816;10.64;0.65;184.45;3.15;706;5;576.00;45
1066;5;623039873;1066;136;1774;1817;10.74;0.66;184.34;3.15;708;5;577.00;43
1069;5;623039884;1069;126;1780;1817;10.83;0.66;184.34;3.14;711;5;578.00;37
1070;5;623039895;1070;114;1780;1817;10.88;0.67;184.55;3.14;710;5;579.00;37
1071;5;623039911;1071;113;1784;1817;10.96;0.67;184.54;3.15;713;5;580.00;33
1073;5;623039921;1073;107;1784;1817;10.92;0.67;184.67;3.15;711;5;581.00;33
1074;6;623039932;1074;106;1788;1817;10.91;0.67;184.97;3.15;714;6;582.00;29
1076;6;623039953;1076;112;1789;1817;10.83;0.67;185.21;3.15;713;6;583.00;28
1077;6;623039963;1077;110;1793;1818;10.77;0.66;185.13;3.17;716;6;584.00;25
1079;6;623039974;1079;108;1798;1820;10.76;0.66;185.54;3.18;719;6;585.00;22
1083;6;623039984;1083;113;1801;1820;10.78;0.66;185.80;3.19;718;6;586.00;19
1087;6;623039995;1087;112;1804;1821;10.90;0.67;185.99;3.20;717;6;587.00;17
1090;6;623040010;1090;120;1809;1821;10.97;0.67;186.30;3.22;719;6;588.00;12
1094;6;623040028;1094;128;1812;1821;11.07;0.68;187.13;3.24;718;6;589.00;9
1096;6;623040043;1096;135;1814;1821;11.22;0.69;187.13;3.24;718;6;590.00;7
1099;6;623040055;1099;135;1818;1825;11.26;0.69;187.67;3.25;719;6;591.00;7
1102;6;623040072;1102;134;1819;1825;11.30;0.69;188.03;3.25;717;6;592.00;6
1104;6;623040088;1104;134;1819;1825;11.47;0.70;188.12;3.25;715;6;593.00;6
1110;6;623040098;1110;137;1821;1828;11.55;0.70;188.24;3.26;711;6;594.00;7
1111;6;623040109;1111;137;1822;1828;11.65;0.71;188.39;3.27;711;6;595.00;6
1115;6;623040120;1115;141;1822;1828;11.70;0.71;188.82;3.27;707;6;596.00;6
1116;6;623040130;1116;137;1828;1832;11.70;0.71;188.98;3.28;712;6;597.00;4
1121;6;623040141;1121;138;1830;1833;11.77;0.72;189.55;3.27;709;6;598.00;3
1121;6;623040152;1121;142;1831;1833;11.87;0.72;189.55;3.29;710;6;599.00;2
1122;6;623040172;1122;144;1843;1859;11.82;0.72;189.77;3.26;721;6;600.00;16
1126;6;623040202;1126;136;1845;1859;11.88;0.72;189.75;3.27;719;6;601.00;14
1128;6;623040219;1128;136;1846;1859;12.03;0.73;189.79;3.27;718;6;602.00;13
1132;6;623040235;1132;139;1846;1860;12.17;0.74;190.25;3.27;714;6;603.00;14
1135;6;623040252;1135;142;1848;1860;12.27;0.75;190.41;3.27;713;6;604.00;12
1136;6;623040269;1136;142;1852;1866;12.34;0.75;190.40;3.27;716;6;605.00;14
1139;6;623040290;1139;143;1853;1866;12.35;0.75;190.52;3.27;714;6;606.00;13
1142;6;623040302;1142;142;1855;1867;12.42;0.75;190.91;3.27;713;6;607.00;12
1144;6;623040314;1144;142;1856;1867;12.47;0.76;190.81;3.27;712;6;608.00;11
1148;6;623040340;1148;139;1856;1867;12.43;0.75;191.03;3.27;708;6;609.00;11
1151;6;623040352;1151;136;1856;1867;12.41;0.75;191.49;3.27;705;6;610.00;11
1155;6;623040372;1155;132;1856;1867;12.35;0.75;191.51;3.27;701;6;611.00;11
1159;6;623040383;1159;128;1866;1879;12.25;0.74;191.62;3.26;707;6;612.00;13
1164;6;623040395;1164;124;1868;1879;12.14;0.74;191.63;3.26;704;6;613.00;11
1166;6;623040406;1166;116;1868;1879;12.16;0.74;191.57;3.26;702;6;614.00;11
1169;6;623040415;1169;117;1870;1879;12.05;0.73;191.65;3.27;701;6;615.00;9
1172;6;623040426;1172;114;1870;1879;12.02;0.73;191.96;3.27;698;6;616.00;9
1173;6;623040436;1173;107;1870;1879;12.04;0.73;192.18;3.27;697;6;617.00;9
1175;6;623040445;1175;106;1874;1883;12.01;0.73;192.38;3.27;699;6;618.00;9
1178;6;623040455;1178;104;1874;1883;12.07;0.73;192.24;3.27;696;6;619.00;9
1182;6;623040465;1182;107;1878;1887;12.18;0.74;192.45;3.28;696;6;620.00;9
1187;6;623040477;1187;107;1878;1888;12.23;0.74;192.48;3.28;691;6;621.00;10
1191;6;623040488;1191;105;1879;1888;12.26;0.74;192.59;3.28;688;6;622.00;9
1194;6;623040498;1194;105;1879;1888;12.29;0.75;192.49;3.28;685;6;623.00;9
1197;6;623040508;1197;109;1888;1901;12.28;0.74;192.81;3.27;691;6;624.00;13
1198;6;623040519;1198;113;1888;1901;12.30;0.75;192.92;3.27;690;6;625.00;13
1202;7;623040528;1202;114;1889;1901;12.20;0.74;193.19;3.29;687;7;626.00;12
1207;7;623040552;1207;117;1891;1902;12.16;0.74;193.59;3.30;684;7;627.00;11
1207;7;623040567;1207;118;1891;1903;12.14;0.74;193.59;3.30;684;7;628.00;12
1209;7;623040578;1209;126;1894;1903;12.03;0.73;193.65;3.32;685;7;629.00;9
1212;7;623040591;1212;131;1898;1909;11.96;0.73;194.26;3.31;686;7;630.00;11
1214;7;623040603;1214;134;1900;1909;11.92;0.72;194.35;3.31;686;7;631.00;9
1218;7;623040614;1218;136;1902;1909;11.94;0.72;194.16;3.33;684;7;632.00;7
1220;7;623040625;1220;137;1902;1909;11.95;0.73;194.46;3.33;682;7;633.00;7
1224;7;623040635;1224;144;1907;1915;12.06;0.73;194.41;3.32;683;7;634.00;8
1226;7;623040645;1226;141;1907;1915;12.03;0.73;194.36;3.32;681;7;635.00;8
1230;7;623040655;1230;138;1907;1915;11.96;0.73;194.57;3.32;677;7;636.00;8
1233;7;623040665;1233;135;1907;1915;11.81;0.72;194.64;3.32;674;7;637.00;8
1236;7;623040674;1236;142;1912;1919;11.69;0.71;194.70;3.34;676;7;638.00;7
1238;7;623040683;1238;147;1913;1920;11.56;0.70;194.71;3.34;675;7;639.00;7
1239;7;623040694;1239;156;1915;1920;11.45;0.69;194.70;3.35;676;7;640.00;5
1240;7;623040703;1240;163;1917;1921;11.31;0.69;194.63;3.36;677;7;641.00;4
1243;7;623040712;1243;171;1917;1921;11.19;0.68;194.81;3.36;674;7;642.00;4
1246;7;623040721;1246;180;1918;1921;11.01;0.67;194.69;3.37;672;7;643.00;3
1249;7;623040730;1249;185;1919;1921;10.80;0.66;194.55;3.37;670;7;644.00;2
1249;7;623040740;1249;196;1919;1921;10.64;0.65;194.55;3.37;670;7;645.00;2
1251;7;623040748;1251;203;1921;1921;10.43;0.63;194.47;3.39;670;7;646.00;0
1254;7;623040757;1254;206;1921;1921;10.27;0.63;194.37;3.39;667;7;647.00;0
1254;7;623040767;1254;220;1959;1991;10.22;0.63;194.37;3.32;705;7;648.00;32
1254;7;623040781;1254;217;1961;1992;10.10;0.62;194.37;3.32;707;7;649.00;31
1255;7;623040790;1255;223;1970;1992;10.07;0.62;194.44;3.31;715;7;650.00;22
1258;7;623040799;1258;225;1975;1992;9.97;0.61;194.29;3.31;717;7;651.00;17
1258;7;623040808;1258;224;1978;1992;9.93;0.61;194.29;3.31;720;7;652.00;14
1258;7;623040818;1258;224;1980;1992;9.82;0.60;194.29;3.31;722;7;653.00;12
1258;7;623040827;1258;227;1983;1992;9.70;0.60;194.29;3.32;725;7;654.00;9
1260;7;623040835;1260;233;1984;1992;9.54;0.59;194.10;3.32;724;7;655.00;8
1264;7;623040844;1264;237;1986;1993;9.42;0.58;193.84;3.32;722;7;656.00;7
1267;7;623040853;1267;248;1988;1994;9.29;0.57;193.62;3.33;721;7;657.00;6
1270;7;623040862;1270;252;1989;1994;9.14;0.56;193.73;3.33;719;7;658.00;5
1275;7;623040870;1275;249;1996;1998;8.99;0.55;193.58;3.34;721;7;659.00;2
1275;7;623040883;1275;251;1997;1998;8.86;0.54;193.58;3.34;722;7;660.00;1
1277;7;623040893;1277;251;1998;1998;8.70;0.53;193.50;3.34;721;7;661.00;0
1277;7;623040903;1277;255;1998;1998;8.54;0.52;193.50;3.34;721;7;662.00;0
1278;7;623040913;1278;262;2004;2004;8.47;0.52;193.47;3.33;726;7;663.00;0
1278;7;623040922;1278;265;2004;2004;8.38;0.51;193.47;3.33;726;7;664.00;0
1279;7;623040932;1279;270;2004;2004;8.30;0.51;193.39;3.33;725;7;665.00;0
1280;7;623040941;1280;273;2006;2007;8.26;0.51;193.34;3.33;726;7;666.00;1
1281;7;623040957;1281;282;2006;2007;8.21;0.50;193.25;3.33;725;7;667.00;1
1282;7;623040964;1282;285;2007;2007;8.17;0.50;193.20;3.33;725;7;668.00;0
1284;7;623040973;1284;285;2008;2008;8.09;0.50;193.07;3.33;724;7;669.00;0
1285;7;623040981;1285;289;2009;2009;8.03;0.49;193.03;3.33;724;7;670.00;0
1288;7;623040989;1288;291;2009;2009;7.95;0.49;192.76;3.33;721;7;671.00;0
1290;7;623040997;1290;296;2022;2022;7.83;0.48;192.82;3.31;732;7;672.00;0
1294;7;623041007;1294;294;2022;2022;7.68;0.47;193.27;3.31;728;7;673.00;0
1300;7;623041017;1300;293;2022;2022;7.55;0.46;193.08;3.31;722;7;674.00;0
1305;7;623041025;1305;283;2024;2024;7.51;0.46;193.32;3.30;719;7;675.00;0
1308;7;623041034;1308;270;2024;2024;7.47;0.46;193.56;3.30;716;7;676.00;0
1310;7;623041042;1310;269;2028;2028;7.43;0.45;193.74;3.30;718;7;677.00;0
1312;7;623041050;1312;268;2028;2028;7.34;0.45;193.60;3.30;716;7;678.00;0
1315;7;623041058;1315;267;2032;2032;7.30;0.45;193.93;3.29;717;7;679.00;0
1319;7;623041067;1319;250;2032;2032;7.29;0.45;194.16;3.29;713;7;680.00;0
1321;7;623041075;1321;240;2032;2032;7.22;0.44;194.33;3.29;711;7;681.00;0
1323;7;623041097;1323;233;2032;2032;7.17;0.44;194.36;3.29;709;7;682.00;0
1326;7;623041105;1326;229;2032;2032;7.16;0.44;194.67;3.29;706;7;683.00;0
1331;7;623041114;1331;224;2043;2044;7.28;0.45;194.83;3.28;712;7;684.00;1
1333;7;623041125;1333;227;2043;2044;7.34;0.45;195.02;3.28;710;7;685.00;1
1337;7;623041134;1337;229;2044;2044;7.46;0.46;194.99;3.28;707;7;686.00;0
1342;7;623041146;1342;218;2044;2044;7.51;0.46;195.30;3.28;702;7;687.00;0
1344;7;623041159;1344;213;2044;2044;7.65;0.47;195.53;3.28;700;7;688.00;0
1348;7;623041171;1348;208;2044;2044;7.75;0.47;195.76;3.28;696;7;689.00;0
1350;7;623041189;1350;204;2045;2045;7.86;0.48;195.67;3.27;695;7;690.00;0
1353;7;623041197;1353;199;2045;2045;7.99;0.49;195.73;3.27;692;7;691.00;0
1354;7;623041206;1354;200;2051;2051;8.15;0.50;195.96;3.27;697;7;692.00;0
1357;7;623041215;1357;192;2052;2052;8.23;0.50;196.17;3.27;695;7;693.00;0
1360;7;623041223;1360;194;2052;2052;8.26;0.50;196.43;3.27;692;7;694.00;0
1364;7;623041232;1364;187;2052;2052;8.26;0.50;196.64;3.27;688;7;695.00;0
1367;7;623041240;1367;185;2056;2056;8.28;0.50;196.65;3.26;689;7;696.00;0
1373;7;623041249;1373;182;2056;2056;8.22;0.50;196.91;3.26;683;7;697.00;0
1376;7;623041264;1376;186;2056;2056;8.20;0.50;196.87;3.26;680;7;698.00;0
1378;7;623041272;1378;186;2057;2057;8.20;0.50;197.01;3.26;679;7;699.00;0
1383;7;623041280;1383;196;2061;2061;8.20;0.50;197.46;3.25;678;7;700.00;0
1388;7;623041293;1388;192;2061;2061;8.22;0.50;197.46;3.25;673;7;701.00;0
1390;7;623041302;1390;195;2063;2064;8.28;0.50;197.74;3.25;673;7;702.00;1
1397;7;623041311;1397;195;2063;2064;8.28;0.50;197.37;3.25;666;7;703.00;1
1400;7;623041321;1400;194;2064;2064;8.30;0.50;197.77;3.25;664;7;704.00;0
1404;7;623041329;1404;190;2064;2064;8.26;0.50;197.81;3.25;660;7;705.00;0
1407;7;623041338;1407;188;2068;2068;8.28;0.50;198.16;3.25;661;7;706.00;0
1410;7;623041346;1410;192;2068;2068;8.26;0.50;198.37;3.25;658;7;707.00;0
1413;7;623041355;1413;187;2068;2068;8.22;0.50;198.58;3.25;655;7;708.00;0
1418;7;623041364;1418;189;2068;2068;8.29;0.50;198.83;3.25;650;7;709.00;0
1418;7;623041372;1418;187;2069;2069;8.40;0.51;198.83;3.25;651;7;710.00;0
1422;7;623041382;1422;185;2070;2070;8.51;0.52;198.97;3.24;648;7;711.00;0
1426;7;623041392;1426;183;2070;2070;8.54;0.52;199.24;3.24;644;7;712.00;0
1427;7;623041401;1427;185;2071;2071;8.57;0.52;199.25;3.24;644;7;713.00;0
1432;7;623041410;1432;185;2071;2071;8.57;0.52;199.52;3.24;639;7;714.00;0
1436;7;623041420;1436;186;2071;2071;8.61;0.53;199.74;3.24;635;7;715.00;0
1439;7;623041429;1439;187;2071;2071;8.66;0.53;199.83;3.24;632;7;716.00;0
1445;7;623041438;1445;189;2071;2071;8.66;0.53;199.99;3.24;626;7;717.00;0
1448;7;623041448;1448;189;2071;2071;8.62;0.53;200.07;3.24;623;7;718.00;0
1450;7;623041461;1450;187;2071;2071;8.55;0.52;200.37;3.24;621;7;719.00;0
1455;7;623041472;1455;228;2193;2301;8.70;0.55;200.53;3.06;738;7;720.00;108
1459;7;623041503;1459;210;2203;2302;8.72;0.55;200.77;3.05;744;7;721.00;99
1461;7;623041513;1461;198;2217;2302;8.79;0.55;200.96;3.05;756;7;722.00;85
1464;7;623041522;1464;199;2220;2302;8.82;0.55;201.00;3.05;756;7;723.00;82
1468;7;623041532;1468;197;2233;2302;8.83;0.55;201.02;3.05;765;7;724.00;69
1472;7;623041541;1472;195;2236;2302;8.74;0.55;201.21;3.06;764;7;725.00;66
1475;7;623041550;1475;198;2243;2302;8.70;0.54;201.42;3.07;768;7;726.00;59
1476;7;623041566;1476;194;2248;2302;8.74;0.55;201.39;3.07;772;7;727.00;54
1479;7;623041575;1479;192;2252;2303;8.69;0.54;201.59;3.08;773;7;728.00;51
1481;7;623041585;1481;192;2256;2304;8.71;0.54;201.60;3.09;775;7;729.00;48
1484;7;623041595;1484;189;2265;2304;8.69;0.54;201.75;3.12;781;7;730.00;39
1488;7;623041610;1488;193;2270;2305;8.63;0.54;202.06;3.13;782;7;731.00;35
1491;7;623041620;1491;188;2274;2305;8.59;0.53;202.60;3.15;783;7;732.00;31
1496;7;623041630;1496;197;2278;2305;8.53;0.53;202.35;3.17;782;7;733.00;27
1501;7;623041640;1501;203;2280;2305;8.51;0.52;202.71;3.18;779;7;734.00;25
1506;7;623041652;1506;214;2284;2309;8.44;0.52;203.06;3.18;778;7;735.00;25
1506;7;623041668;1506;209;2285;2309;8.48;0.52;203.06;3.18;779;7;736.00;24
1509;7;623041679;1509;202;2285;2309;8.60;0.53;203.34;3.18;776;7;737.00;24
1513;7;623041689;1513;195;2288;2312;8.68;0.53;203.25;3.19;775;7;738.00;24
1517;7;623041700;1517;193;2288;2312;8.81;0.54;203.29;3.19;771;7;739.00;24
1520;7;623041711;1520;188;2288;2312;8.97;0.55;203.26;3.19;768;7;740.00;24
1522;7;623041722;1522;188;2293;2316;9.12;0.56;203.34;3.20;771;7;741.00;23
1524;7;623041733;1524;187;2295;2317;9.24;0.57;203.47;3.20;771;7;742.00;22
1527;7;623041745;1527;184;2295;2317;9.45;0.58;203.46;3.20;768;7;743.00;22
1528;7;623041755;1528;183;2298;2321;9.61;0.59;203.44;3.19;770;7;744.00;23
1532;7;623041767;1532;181;2299;2321;9.74;0.60;203.52;3.20;767;7;745.00;22
1534;7;623041777;1534;183;2300;2321;9.85;0.60;203.82;3.20;766;7;746.00;21
1537;7;623041788;1537;177;2301;2322;9.93;0.61;204.12;3.20;764;7;747.00;21
1541;7;623041805;1541;176;2301;2322;10.06;0.61;204.02;3.20;760;7;748.00;21
1544;7;623041818;1544;169;2307;2328;10.11;0.62;204.24;3.21;763;7;749.00;21
1548;7;623041832;1548;168;2307;2328;10.25;0.62;204.28;3.21;759;7;750.00;21
1549;7;623041845;1549;160;2310;2329;10.38;0.63;204.17;3.23;761;7;751.00;19
1551;7;623041857;1551;158;2310;2329;10.47;0.64;204.41;3.23;759;7;752.00;19
1553;7;623041869;1553;158;2312;2329;10.61;0.65;204.57;3.26;759;7;753.00;17
1555;7;623041881;1555;157;2313;2329;10.73;0.65;204.72;3.27;758;7;754.00;16
1557;7;623041892;1557;154;2313;2329;10.89;0.66;204.74;3.27;756;7;755.00;16
1558;7;623041902;1558;151;2323;2341;10.95;0.67;204.86;3.26;765;7;756.00;18
1560;7;623041914;1560;154;2325;2341;11.05;0.67;204.95;3.28;765;7;757.00;16
1565;7;623041925;1565;150;2325;2341;11.13;0.68;205.24;3.28;760;7;758.00;16
1566;7;623041935;1566;149;2325;2341;11.21;0.68;205.25;3.28;759;7;759.00;16
1571;7;623041946;1571;149;2327;2341;11.29;0.69;205.54;3.30;756;7;760.00;14
1572;7;623041956;1572;149;2329;2341;11.33;0.69;205.65;3.30;757;7;761.00;12
1575;7;623041967;1575;146;2334;2345;11.28;0.69;205.73;3.30;759;7;762.00;11
1577;7;623041979;1577;145;2334;2345;11.39;0.70;205.76;3.30;757;7;763.00;11
1578;7;623041989;1578;148;2338;2349;11.50;0.70;205.84;3.29;760;7;764.00;11
1582;7;623042000;1582;149;2340;2351;11.47;0.70;206.03;3.29;758;7;765.00;11
1587;8;623042016;1587;152;2340;2351;11.49;0.70;206.03;3.29;753;8;766.00;11
1589;8;623042033;1589;151;2340;2351;11.43;0.70;206.08;3.29;751;8;767.00;11
1593;8;623042043;1593;157;2350;2364;11.44;0.70;206.23;3.30;757;8;768.00;14
1593;8;623042059;1593;159;2350;2364;11.48;0.70;206.23;3.30;757;8;769.00;14
1597;8;623042069;1597;161;2350;2364;11.45;0.70;206.45;3.30;753;8;770.00;14
1600;8;623042079;1600;159;2351;2365;11.45;0.70;206.57;3.30;751;8;771.00;14
1601;8;623042090;1601;159;2352;2366;11.51;0.70;206.74;3.32;751;8;772.00;14
1603;8;623042100;1603;157;2352;2366;11.50;0.70;207.10;3.32;749;8;773.00;14
1605;8;623042110;1605;157;2354;2369;11.55;0.71;207.11;3.32;749;8;774.00;15
1611;8;623042121;1611;157;2354;2369;11.61;0.71;207.27;3.32;743;8;775.00;15
1617;8;623042132;1617;162;2355;2369;11.68;0.71;207.54;3.31;738;8;776.00;14
1618;8;623042142;1618;169;2355;2369;11.74;0.72;207.50;3.31;737;8;777.00;14
1622;8;623042152;1622;173;2360;2375;11.79;0.72;207.87;3.31;738;8;778.00;15
1627;8;623042168;1627;168;2360;2375;11.71;0.71;207.81;3.31;733;8;779.00;15
1629;8;623042195;1629;167;2360;2375;11.65;0.71;207.86;3.31;731;8;780.00;15
1634;8;623042213;1634;166;2360;2375;11.57;0.70;207.84;3.31;726;8;781.00;15
1639;8;623042228;1639;168;2363;2379;11.38;0.69;208.13;3.31;724;8;782.00;16
1643;8;623042242;1643;165;2364;2380;11.29;0.69;208.04;3.31;721;8;783.00;16
1649;8;623042256;1649;159;2364;2380;11.16;0.68;208.02;3.31;715;8;784.00;16
1652;8;623042270;1652;158;2367;2381;11.08;0.67;208.39;3.32;715;8;785.00;14
1655;8;623042282;1655;158;2367;2381;11.05;0.67;208.51;3.32;712;8;786.00;14
1655;8;623042293;1655;157;2367;2381;11.04;0.67;208.51;3.32;712;8;787.00;14
1658;8;623042303;1658;160;2367;2381;11.12;0.68;208.28;3.32;709;8;788.00;14
1661;8;623042314;1661;160;2367;2381;11.19;0.68;208.31;3.32;706;8;789.00;14
1662;8;623042326;1662;161;2367;2381;11.15;0.68;208.32;3.32;705;8;790.00;14
1666;8;623042337;1666;160;2367;2381;11.19;0.68;208.73;3.32;701;8;791.00;14
1668;8;623042347;1668;167;2399;2451;11.12;0.68;208.65;3.27;731;8;792.00;52
1672;8;623042363;1672;167;2400;2452;11.04;0.68;208.81;3.27;728;8;793.00;52
1673;8;623042374;1673;164;2408;2452;11.01;0.67;208.76;3.27;735;8;794.00;44
1676;8;623042384;1676;168;2410;2452;10.96;0.67;208.85;3.27;734;8;795.00;42
1681;8;623042401;1681;170;2415;2452;10.84;0.66;209.53;3.27;734;8;796.00;37
1683;8;623042418;1683;172;2418;2452;10.69;0.65;209.39;3.30;735;8;797.00;34
1686;8;623042429;1686;173;2423;2452;10.55;0.65;209.57;3.31;737;8;798.00;29
1688;8;623042439;1688;174;2425;2452;10.44;0.64;209.49;3.31;737;8;799.00;27
1692;8;623042450;1692;178;2429;2453;10.36;0.63;209.73;3.32;737;8;800.00;24
1695;8;623042466;1695;184;2431;2454;10.24;0.63;209.54;3.35;736;8;801.00;23
1698;8;623042483;1698;190;2433;2454;10.22;0.62;209.40;3.36;735;8;802.00;21
1701;8;623042494;1701;196;2439;2458;10.15;0.62;209.24;3.39;738;8;803.00;19
1701;8;623042504;1701;197;2440;2458;10.09;0.62;209.24;3.39;739;8;804.00;18
1704;8;623042513;1704;201;2441;2458;9.93;0.61;209.07;3.42;737;8;805.00;17
1704;8;623042529;1704;206;2441;2458;9.85;0.60;209.07;3.42;737;8;806.00;17
1707;8;623042540;1707;209;2447;2464;9.76;0.60;208.93;3.45;740;8;807.00;17
1709;8;623042551;1709;217;2447;2464;9.70;0.59;208.75;3.45;738;8;808.00;17
1710;8;623042563;1710;224;2448;2464;9.67;0.59;208.66;3.49;738;8;809.00;16
1715;8;623042574;1715;232;2452;2470;9.61;0.59;208.50;3.48;737;8;810.00;18
1717;8;623042585;1717;238;2456;2470;9.56;0.58;208.44;3.54;739;8;811.00;14
1718;8;623042596;1718;248;2458;2470;9.48;0.58;208.43;3.58;740;8;812.00;12
1718;8;623042605;1718;253;2461;2471;9.34;0.57;208.43;3.63;743;8;813.00;10
1721;8;623042614;1721;257;2463;2472;9.19;0.56;208.48;3.65;742;8;814.00;9
1725;8;623042623;1725;263;2465;2472;9.03;0.55;208.20;3.66;740;8;815.00;7
1726;8;623042632;1726;270;2474;2485;8.97;0.55;208.21;3.65;748;8;816.00;11
1728;8;623042642;1728;279;2476;2485;8.90;0.55;208.15;3.68;748;8;817.00;9
1732;8;623042651;1732;282;2477;2485;8.68;0.53;207.97;3.68;745;8;818.00;8
1734;8;623042660;1734;286;2481;2486;8.56;0.53;207.76;3.70;747;8;819.00;5
1734;8;623042676;1734;288;2482;2486;8.43;0.52;207.76;3.70;748;8;820.00;4
1736;8;623042685;1736;293;2488;2490;8.38;0.52;207.71;3.70;752;8;821.00;2
1738;8;623042694;1738;302;2489;2490;8.31;0.51;207.71;3.70;751;8;822.00;1
1743;8;623042703;1743;306;2494;2494;8.21;0.50;207.66;3.70;751;8;823.00;0
1744;8;623042712;1744;316;2494;2494;8.17;0.50;207.66;3.70;750;8;824.00;0
1746;8;623042721;1746;325;2494;2494;8.05;0.49;207.59;3.70;748;8;825.00;0
1748;8;623042729;1748;331;2494;2494;7.84;0.48;207.50;3.70;746;8;826.00;0
1749;8;623042738;1749;321;2494;2494;7.69;0.47;207.47;3.70;745;8;827.00;0
1752;8;623042747;1752;317;2505;2506;7.64;0.47;207.25;3.68;753;8;828.00;1
1754;8;623042756;1754;308;2505;2506;7.57;0.46;207.14;3.68;751;8;829.00;1
1756;8;623042765;1756;308;2506;2506;7.53;0.46;207.13;3.68;750;8;830.00;0
1756;8;623042774;1756;301;2506;2506;7.53;0.46;207.13;3.68;750;8;831.00;0
1759;8;623042783;1759;297;2506;2506;7.63;0.47;207.01;3.68;747;8;832.00;0
1760;8;623042793;1760;291;2506;2506;7.66;0.47;206.98;3.68;746;8;833.00;0
1760;8;623042808;1760;290;2507;2507;7.73;0.47;206.98;3.68;747;8;834.00;0
1763;8;623042817;1763;290;2507;2507;7.78;0.48;206.86;3.68;744;8;835.00;0
1765;8;623042826;1765;288;2513;2513;7.90;0.48;206.84;3.68;748;8;836.00;0
1765;8;623042835;1765;285;2514;2514;7.97;0.49;206.84;3.68;749;8;837.00;0
1765;8;623042845;1765;282;2514;2514;8.09;0.50;206.84;3.68;749;8;838.00;0
1768;8;623042854;1768;281;2514;2514;8.13;0.50;206.64;3.68;746;8;839.00;0
1769;8;623042865;1769;277;2519;2519;8.21;0.50;206.59;3.67;750;8;840.00;0
1770;8;623042874;1770;272;2519;2519;8.19;0.50;206.54;3.67;749;8;841.00;0
1774;8;623042890;1774;274;2519;2519;8.18;0.50;206.47;3.67;745;8;842.00;0
1778;8;623042899;1778;276;2520;2520;8.14;0.50;206.42;3.67;742;8;843.00;0
1783;8;623042907;1783;271;2524;2524;8.11;0.50;206.47;3.66;741;8;844.00;0
1784;8;623042915;1784;270;2524;2524;8.07;0.49;206.43;3.66;740;8;845.00;0
1786;8;623042924;1786;267;2526;2527;8.04;0.49;206.42;3.66;740;8;846.00;1
1789;8;623042932;1789;263;2527;2527;7.93;0.48;206.56;3.66;738;8;847.00;0
1792;8;623042940;1792;267;2527;2527;7.84;0.48;206.84;3.66;735;8;848.00;0
1795;8;623042954;1795;274;2527;2527;7.71;0.47;207.15;3.66;732;8;849.00;0
1800;8;623042963;1800;263;2531;2531;7.67;0.47;207.55;3.65;731;8;850.00;0
1803;8;623042973;1803;257;2531;2531;7.65;0.47;207.60;3.65;728;8;851.00;0
1808;8;623042981;1808;256;2531;2531;7.55;0.46;207.60;3.65;723;8;852.00;0
1812;8;623042990;1812;247;2531;2531;7.53;0.46;207.55;3.65;719;8;853.00;0
1816;8;623042999;1816;243;2532;2532;7.48;0.46;207.72;3.65;716;8;854.00;0
1820;8;623043007;1820;245;2534;2534;7.47;0.46;208.13;3.65;714;8;855.00;0
1821;8;623043017;1821;246;2534;2534;7.60;0.46;208.09;3.65;713;8;856.00;0
1825;8;623043025;1825;230;2535;2535;7.69;0.47;208.34;3.65;710;8;857.00;0
1828;8;623043034;1828;225;2535;2535;7.81;0.48;208.37;3.65;707;8;858.00;0
1831;8;623043043;1831;220;2535;2535;7.94;0.49;208.34;3.65;704;8;859.00;0
1834;8;623043051;1834;209;2535;2535;8.06;0.49;208.47;3.65;701;8;860.00;0
1835;8;623043060;1835;202;2535;2535;8.24;0.50;208.41;3.65;700;8;861.00;0
1838;8;623043069;1838;195;2535;2535;8.35;0.51;208.70;3.65;697;8;862.00;0
1840;8;623043078;1840;190;2535;2535;8.51;0.52;208.78;3.65;695;8;863.00;0
1841;8;623043087;1841;197;2612;2662;8.78;0.54;208.90;3.54;771;8;864.00;50
1848;8;623043107;1848;194;2616;2663;8.82;0.55;209.08;3.54;768;8;865.00;47
1851;8;623043117;1851;191;2623;2663;8.86;0.55;209.22;3.53;772;8;866.00;40
1855;8;623043127;1855;196;2628;2663;8.90;0.55;209.21;3.53;773;8;867.00;35
1859;8;623043137;1859;192;2633;2663;8.96;0.55;209.31;3.53;774;8;868.00;30
1863;8;623043147;1863;193;2635;2663;8.95;0.55;209.35;3.54;772;8;869.00;28
1867;8;623043160;1867;193;2638;2663;8.94;0.55;209.83;3.54;771;8;870.00;25
1873;8;623043171;1873;196;2641;2663;8.87;0.54;210.03;3.54;768;8;871.00;22
1880;8;623043188;1880;200;2643;2664;8.72;0.53;209.97;3.55;763;8;872.00;21
1884;8;623043198;1884;200;2648;2665;8.65;0.53;209.98;3.56;764;8;873.00;17
1890;8;623043209;1890;203;2650;2665;8.56;0.52;210.26;3.56;760;8;874.00;15
1894;8;623043219;1894;212;2653;2666;8.47;0.52;210.60;3.57;759;8;875.00;13
1896;8;623043228;1896;218;2656;2666;8.41;0.51;210.77;3.58;760;8;876.00;10
1899;8;623043243;1899;228;2658;2666;8.36;0.51;210.82;3.58;759;8;877.00;8
1901;8;623043253;1901;238;2661;2666;8.37;0.51;210.88;3.59;760;8;878.00;5
1905;8;623043262;1905;244;2665;2670;8.40;0.51;211.06;3.59;760;8;879.00;5
1909;8;623043273;1909;247;2665;2670;8.36;0.51;211.03;3.59;756;8;880.00;5
1914;8;623043282;1914;245;2667;2670;8.35;0.51;211.37;3.60;753;8;881.00;3
1918;8;623043292;1918;244;2669;2673;8.29;0.51;211.40;3.60;751;8;882.00;4
1923;8;623043302;1923;237;2670;2673;8.28;0.50;211.61;3.61;747;8;883.00;3
1925;8;623043312;1925;234;2671;2673;8.32;0.51;211.74;3.61;746;8;884.00;2
1927;8;623043321;1927;228;2675;2677;8.38;0.51;211.76;3.61;748;8;885.00;2
1930;8;623043331;1930;226;2677;2678;8.46;0.51;211.70;3.61;747;8;886.00;1
1935;8;623043341;1935;222;2678;2678;8.44;0.51;211.73;3.61;743;8;887.00;0
1936;8;623043351;1936;221;2682;2682;8.51;0.52;211.81;3.60;746;8;888.00;0
1938;8;623043360;1938;220;2682;2682;8.59;0.52;211.84;3.60;744;8;889.00;0
1941;8;623043370;1941;218;2682;2682;8.59;0.52;211.80;3.60;741;8;890.00;0
1944;8;623043380;1944;222;2683;2683;8.69;0.53;211.74;3.60;739;8;891.00;0
1944;8;623043391;1944;220;2683;2683;8.77;0.53;211.74;3.60;739;8;892.00;0
1945;8;623043400;1945;215;2689;2689;8.79;0.53;211.76;3.59;744;8;893.00;0
1950;8;623043411;1950;213;2689;2689;8.79;0.53;211.76;3.59;739;8;894.00;0
1951;8;623043421;1951;214;2690;2690;8.82;0.54;211.85;3.59;739;8;895.00;0
1956;8;623043431;1956;215;2690;2690;8.85;0.54;212.24;3.59;734;8;896.00;0
1957;8;623043441;1957;203;2690;2690;8.94;0.54;212.21;3.59;733;8;897.00;0
1963;8;623043451;1963;199;2690;2690;8.89;0.54;212.47;3.59;727;8;898.00;0
1965;8;623043462;1965;189;2690;2690;8.92;0.54;212.62;3.59;725;8;899.00;0
1971;8;623043483;1971;190;2720;2736;8.88;0.54;213.03;3.55;749;8;900.00;16
1977;8;623043505;1977;185;2720;2736;8.88;0.54;212.95;3.55;743;8;901.00;16
1979;8;623043516;1979;189;2725;2736;8.99;0.55;213.03;3.55;746;8;902.00;11
1980;8;623043526;1980;185;2725;2736;9.14;0.56;213.04;3.55;745;8;903.00;11
1981;8;623043537;1981;190;2727;2736;9.24;0.57;213.06;3.55;746;8;904.00;9
1986;8;623043548;1986;191;2727;2736;9.30;0.57;213.19;3.55;741;8;905.00;9
1989;8;623043564;1989;177;2732;2740;9.23;0.56;213.14;3.55;743;8;906.00;8
1990;8;623043575;1990;163;2733;2740;9.18;0.56;213.30;3.55;743;8;907.00;7
1994;8;623043585;1994;160;2737;2744;9.20;0.56;213.55;3.55;743;8;908.00;7
1994;8;623043596;1994;160;2738;2745;9.28;0.57;213.55;3.55;744;8;909.00;7
1997;8;623043606;1997;159;2738;2745;9.31;0.57;213.77;3.55;741;8;910.00;7
2000;8;623043616;2000;159;2738;2745;9.28;0.56;214.01;3.55;738;8;911.00;7
2002;8;623043627;2002;148;2751;2758;9.31;0.57;214.03;3.53;749;8;912.00;7
2004;8;623043638;2004;145;2751;2758;9.37;0.57;214.23;3.53;747;8;913.00;7
2007;8;623043649;2007;140;2752;2758;9.45;0.58;214.59;3.54;745;8;914.00;6
2008;8;623043659;2008;138;2753;2759;9.58;0.58;214.59;3.54;745;8;915.00;6
2012;8;623043669;2012;131;2754;2760;9.64;0.59;214.78;3.54;742;8;916.00;6
2013;8;623043679;2013;132;2754;2760;9.70;0.59;214.75;3.54;741;8;917.00;6
2016;8;623043689;2016;129;2757;2763;9.74;0.59;214.97;3.54;741;8;918.00;6
2017;8;623043700;2017;128;2757;2763;9.73;0.59;215.08;3.54;740;8;919.00;6
2019;8;623043709;2019;129;2759;2763;9.73;0.59;215.17;3.54;740;8;920.00;4
2023;8;623043719;2023;130;2759;2763;9.67;0.59;215.32;3.54;736;8;921.00;4
2025;8;623043730;2025;129;2764;2769;9.70;0.59;215.42;3.54;739;8;922.00;5
2026;8;623043740;2026;133;2764;2769;9.73;0.60;215.45;3.54;738;8;923.00;5
2028;8;623043750;2028;134;2765;2769;9.80;0.60;215.48;3.55;737;8;924.00;4
2031;8;623043760;2031;134;2765;2769;9.81;0.60;215.32;3.55;734;8;925.00;4
2035;8;623043769;2035;140;2773;2773;9.76;0.60;215.33;3.56;738;8;926.00;0
2038;9;623043779;2038;139;2774;2774;9.82;0.60;215.34;3.56;736;9;927.00;0
2042;9;623043800;2042;141;2774;2774;9.89;0.60;215.51;3.56;732;9;928.00;0
2042;10;623043810;2042;147;2775;2775;10.01;0.61;215.51;3.56;733;10;929.00;0
2046;10;623043839;2046;149;2775;2775;10.07;0.61;215.53;3.56;729;10;930.00;0
2049;10;623043850;2049;149;2775;2775;10.19;0.62;215.50;3.56;726;10;931.00;0
2050;10;623043859;2050;155;2775;2775;10.26;0.62;215.56;3.56;725;10;932.00;0
2053;10;623043869;2053;158;2775;2775;10.28;0.62;215.76;3.56;722;10;933.00;0
2054;10;623043879;2054;160;2775;2775;10.36;0.63;215.82;3.56;721;10;934.00;0
2056;10;623043888;2056;164;2775;2775;10.45;0.63;215.99;3.56;719;10;935.00;0
2061;10;623043898;2061;168;2811;2845;10.34;0.63;215.89;3.51;750;10;936.00;34
2063;10;623043913;2063;162;2811;2846;10.39;0.63;215.97;3.51;748;10;937.00;35
2064;10;623043923;2064;160;2816;2846;10.53;0.64;216.02;3.51;752;10;938.00;30
2068;10;623043933;2068;157;2819;2846;10.54;0.64;216.11;3.51;751;10;939.00;27
2071;10;623043943;2071;162;2823;2846;10.56;0.64;216.33;3.51;752;10;940.00;23
2073;10;623043953;2073;165;2824;2846;10.57;0.64;216.33;3.51;751;10;941.00;22
2077;10;623043963;2077;167;2827;2846;10.57;0.64;216.44;3.51;750;10;942.00;19
2078;10;623043973;2078;168;2830;2846;10.66;0.65;216.59;3.52;752;10;943.00;16
2082;10;623043989;2082;169;2832;2847;10.70;0.65;216.66;3.52;750;10;944.00;15
2084;10;623043999;2084;172;2836;2849;10.73;0.65;216.57;3.53;752;10;945.00;13
2089;10;623044009;2089;174;2839;2849;10.68;0.65;216.55;3.53;750;10;946.00;10
2092;10;623044020;2092;181;2844;2853;10.66;0.65;216.66;3.53;752;10;947.00;9
2095;10;623044029;2095;192;2845;2853;10.71;0.65;216.80;3.53;750;10;948.00;8
2102;10;623044038;2102;193;2845;2853;10.59;0.64;216.91;3.53;743;10;949.00;8
2104;10;623044048;2104;195;2845;2853;10.47;0.64;216.87;3.53;741;10;950.00;8
2108;10;623044057;2108;195;2849;2859;10.38;0.63;216.90;3.53;741;10;951.00;10
2109;10;623044067;2109;188;2849;2859;10.30;0.63;216.88;3.53;740;10;952.00;10
2112;10;623044075;2112;186;2849;2859;10.27;0.63;216.81;3.53;737;10;953.00;10
2116;10;623044085;2116;190;2851;2862;10.22;0.62;217.03;3.53;735;10;954.00;11
2122;10;623044094;2122;196;2855;2862;10.12;0.62;216.82;3.55;733;10;955.00;7
2124;10;623044104;2124;197;2856;2862;10.12;0.62;216.71;3.55;732;10;956.00;6
2126;10;623044113;2126;201;2856;2863;10.13;0.62;216.60;3.55;730;10;957.00;7
2129;10;623044122;2129;206;2857;2864;10.16;0.62;216.59;3.55;728;10;958.00;7
2133;10;623044131;2133;203;2857;2864;10.14;0.62;216.57;3.55;724;10;959.00;7
2136;10;623044141;2136;205;2873;2890;10.09;0.62;216.41;3.53;737;10;960.00;17
2140;10;623044152;2140;207;2873;2890;10.05;0.62;216.24;3.53;733;10;961.00;17
2143;10;623044164;2143;205;2877;2890;10.12;0.62;216.13;3.52;734;10;962.00;13
2149;10;623044176;2149;208;2879;2891;10.10;0.62;215.94;3.52;730;10;963.00;12
2153;10;623044191;2153;208;2880;2891;10.08;0.61;215.69;3.52;727;10;964.00;11
2159;10;623044205;2159;211;2883;2895;10.03;0.61;215.47;3.52;724;10;965.00;12
2160;10;623044220;2160;216;2884;2895;10.04;0.61;215.48;3.52;724;10;966.00;11
2162;10;623044232;2162;224;2887;2899;10.01;0.61;215.40;3.52;725;10;967.00;12
2164;10;623044246;2164;227;2887;2899;9.96;0.60;215.40;3.52;723;10;968.00;12
2165;10;623044259;2165;231;2887;2899;9.85;0.60;215.39;3.52;722;10;969.00;12
2166;10;623044272;2166;233;2889;2899;9.73;0.59;215.36;3.53;723;10;970.00;10
2167;10;623044282;2167;237;2890;2899;9.59;0.58;215.44;3.54;723;10;971.00;9
2169;10;623044291;2169;240;2900;2911;9.58;0.58;215.27;3.53;731;10;972.00;11
2170;10;623044301;2170;245;2903;2911;9.51;0.58;215.28;3.55;733;10;973.00;8
2171;10;623044310;2171;247;2903;2911;9.38;0.57;215.29;3.55;732;10;974.00;8
2173;10;623044320;2173;256;2903;2911;9.28;0.57;215.26;3.55;730;10;975.00;8
2174;10;623044329;2174;260;2903;2911;9.22;0.56;215.24;3.55;729;10;976.00;8
2176;10;623044337;2176;262;2904;2911;9.08;0.55;215.16;3.55;728;10;977.00;7
2178;10;623044346;2178;265;2904;2912;9.02;0.55;215.16;3.55;726;10;978.00;8
2182;10;623044356;2182;256;2904;2912;8.97;0.55;215.17;3.55;722;10;979.00;8
2183;10;623044368;2183;250;2910;2918;9.01;0.55;215.12;3.56;727;10;980.00;8
2184;10;623044385;2184;250;2911;2919;8.91;0.54;215.11;3.57;727;10;981.00;8
2185;10;623044397;2185;253;2913;2919;8.87;0.54;215.02;3.57;728;10;982.00;6
2187;10;623044412;2187;254;2913;2919;8.86;0.54;215.05;3.57;726;10;983.00;6
2188;10;623044423;2188;255;2917;2923;8.87;0.54;215.01;3.57;729;10;984.00;6
2190;10;623044433;2190;258;2917;2923;8.80;0.54;214.95;3.57;727;10;985.00;6
2192;10;623044449;2192;258;2918;2923;8.77;0.53;214.99;3.58;726;10;986.00;5
2192;10;623044458;2192;256;2920;2924;8.70;0.53;214.99;3.58;728;10;987.00;4
2195;10;623044468;2195;257;2923;2928;8.55;0.52;214.81;3.58;728;10;988.00;5
2195;10;623044484;2195;259;2924;2928;8.46;0.52;214.81;3.59;729;10;989.00;4
2196;10;623044497;2196;262;2928;2934;8.47;0.52;214.84;3.58;732;10;990.00;6
2197;10;623044507;2197;264;2931;2934;8.41;0.51;214.82;3.59;734;10;991.00;3
2199;10;623044516;2199;265;2934;2934;8.42;0.52;214.87;3.59;735;10;992.00;0
2200;10;623044525;2200;261;2934;2934;8.38;0.51;214.86;3.59;734;10;993.00;0
2201;10;623044535;2201;261;2938;2938;8.42;0.52;214.94;3.59;737;10;994.00;0
2201;10;623044544;2201;265;2938;2938;8.31;0.51;214.94;3.59;737;10;995.00;0
2201;10;623044553;2201;268;2938;2938;8.19;0.50;214.94;3.59;737;10;996.00;0
2204;10;623044561;2204;269;2938;2938;8.01;0.49;214.87;3.59;734;10;997.00;0
2206;10;623044570;2206;269;2939;2939;7.88;0.48;214.81;3.59;733;10;998.00;0
2208;10;623044578;2208;267;2940;2940;7.75;0.48;214.82;3.59;732;10;999.00;0
2211;10;623044588;2211;264;2940;2940;7.64;0.47;214.81;3.59;729;10;1000.00;0
2217;10;623044601;2217;264;2941;2941;7.60;0.47;214.91;3.59;724;10;1001.00;0
2220;10;623044610;2220;265;2941;2941;7.59;0.46;215.05;3.59;721;10;1002.00;0
2220;10;623044620;2220;265;2941;2941;7.61;0.47;215.05;3.59;721;10;1003.00;0
2225;10;623044629;2225;264;2941;2941;7.58;0.46;215.27;3.59;716;10;1004.00;0
2226;10;623044639;2226;265;2941;2941;7.57;0.46;215.27;3.59;715;10;1005.00;0
2229;10;623044649;2229;263;2941;2941;7.60;0.47;215.42;3.59;712;10;1006.00;0
2231;10;623044659;2231;267;2941;2941;7.66;0.47;215.49;3.59;710;10;1007.00;0
2233;10;623044667;2233;284;3011;3068;7.89;0.49;215.45;3.50;778;10;1008.00;57
2236;10;623044690;2236;277;3014;3069;7.93;0.49;215.56;3.50;778;10;1009.00;55
2238;10;623044701;2238;271;3024;3069;8.05;0.50;215.67;3.50;786;10;1010.00;45
2242;10;623044710;2242;268;3028;3069;8.02;0.50;215.86;3.50;786;10;1011.00;41
2244;10;623044720;2244;272;3036;3069;7.97;0.49;215.89;3.50;792;10;1012.00;33
2247;10;623044730;2247;271;3040;3069;7.85;0.49;215.97;3.50;793;10;1013.00;29
2248;10;623044746;2248;271;3043;3069;7.72;0.48;216.07;3.50;795;10;1014.00;26
2255;10;623044755;2255;275;3045;3069;7.61;0.47;215.96;3.50;790;10;1015.00;24
2260;10;623044764;2260;278;3046;3070;7.49;0.46;216.11;3.51;786;10;1016.00;24
2262;10;623044774;2262;285;3049;3071;7.40;0.46;216.16;3.51;787;10;1017.00;22
2267;10;623044783;2267;288;3051;3071;7.24;0.44;216.47;3.52;784;10;1018.00;20
2271;10;623044792;2271;291;3054;3072;7.08;0.43;216.62;3.52;783;10;1019.00;18
2275;10;623044804;2275;288;3057;3072;6.99;0.43;216.72;3.53;782;10;1020.00;15
2277;10;623044813;2277;288;3060;3072;6.94;0.43;216.67;3.54;783;10;1021.00;12
2281;10;623044822;2281;278;3062;3072;6.90;0.42;216.74;3.54;781;10;1022.00;10
2285;10;623044832;2285;272;3067;3076;7.02;0.43;216.95;3.55;782;10;1023.00;9
2287;10;623044844;2287;270;3069;3076;7.12;0.44;216.96;3.56;782;10;1024.00;7
2290;10;623044854;2290;276;3071;3076;7.19;0.44;217.15;3.56;781;10;1025.00;5
2291;10;623044863;2291;272;3073;3079;7.29;0.45;217.20;3.57;782;10;1026.00;6
2295;10;623044873;2295;263;3074;3079;7.36;0.45;217.46;3.57;779;10;1027.00;5
2301;10;623044884;2301;263;3074;3079;7.39;0.45;217.72;3.57;773;10;1028.00;5
2303;10;623044895;2303;258;3080;3083;7.48;0.46;217.80;3.58;777;10;1029.00;3
2308;10;623044906;2308;251;3081;3084;7.56;0.46;218.05;3.58;773;10;1030.00;3
2311;10;623044917;2311;246;3083;3084;7.66;0.47;218.22;3.58;772;10;1031.00;1
2316;10;623044927;2316;244;3086;3088;7.78;0.48;218.14;3.58;770;10;1032.00;2
2319;10;623044939;2319;238;3088;3088;7.93;0.48;218.20;3.58;769;10;1033.00;0
2320;10;623044950;2320;232;3088;3088;8.09;0.49;218.24;3.58;768;10;1034.00;0
2323;10;623044959;2323;225;3090;3090;8.22;0.50;218.14;3.57;767;10;1035.00;0
2326;10;623044970;2326;222;3090;3090;8.30;0.51;218.44;3.57;764;10;1036.00;0
2330;10;623044980;2330;219;3096;3096;8.40;0.51;218.54;3.57;766;10;1037.00;0
2332;10;623044990;2332;218;3096;3096;8.47;0.52;218.76;3.57;764;10;1038.00;0
2335;10;623045000;2335;217;3097;3097;8.48;0.52;218.75;3.57;762;10;1039.00;0
2337;10;623045010;2337;216;3097;3097;8.54;0.52;218.71;3.57;760;10;1040.00;0
2342;10;623045022;2342;215;3097;3097;8.46;0.52;218.88;3.57;755;10;1041.00;0
2345;10;623045032;2345;208;3097;3097;8.38;0.51;219.03;3.57;752;10;1042.00;0
2347;10;623045042;2347;207;3097;3097;8.38;0.51;219.11;3.57;750;10;1043.00;0
2351;10;623045052;2351;208;3108;3109;8.42;0.51;219.24;3.55;757;10;1044.00;1
2353;10;623045063;2353;203;3108;3109;8.38;0.51;219.53;3.55;755;10;1045.00;1
2356;10;623045073;2356;206;3109;3109;8.40;0.51;219.56;3.55;753;10;1046.00;0
2359;10;623045083;2359;209;3109;3109;8.46;0.52;219.42;3.55;750;10;1047.00;0
2365;10;623045093;2365;210;3109;3109;8.48;0.52;219.51;3.55;744;10;1048.00;0
2369;10;623045104;2369;210;3109;3109;8.51;0.52;219.79;3.55;740;10;1049.00;0
2371;10;623045115;2371;214;3115;3115;8.50;0.52;219.71;3.55;744;10;1050.00;0
2376;10;623045126;2376;210;3115;3115;8.49;0.52;219.82;3.55;739;10;1051.00;0
2381;10;623045136;2381;204;3119;3119;8.53;0.52;220.03;3.55;738;10;1052.00;0
2384;10;623045146;2384;205;3120;3120;8.58;0.53;220.02;3.54;736;10;1053.00;0
2387;10;623045158;2387;205;3120;3120;8.57;0.52;220.10;3.54;733;10;1054.00;0
2390;10;623045169;2390;210;3120;3120;8.52;0.52;220.26;3.54;730;10;1055.00;0
2393;10;623045180;2393;207;3133;3133;8.59;0.53;220.39;3.53;740;10;1056.00;0
2400;10;623045193;2400;204;3133;3133;8.59;0.52;220.57;3.53;733;10;1057.00;0
2404;10;623045205;2404;193;3133;3133;8.66;0.53;220.55;3.53;729;10;1058.00;0
2407;10;623045217;2407;192;3134;3134;8.74;0.53;220.59;3.53;727;10;1059.00;0
2411;10;623045228;2411;188;3135;3135;8.74;0.53;220.63;3.53;724;10;1060.00;0
2417;10;623045238;2417;190;3135;3135;8.79;0.54;220.54;3.53;718;10;1061.00;0
2420;10;623045248;2420;189;3137;3138;8.88;0.54;220.64;3.53;717;10;1062.00;1
2427;10;623045258;2427;187;3137;3138;8.88;0.54;220.76;3.53;710;10;1063.00;1
2430;10;623045273;2430;190;3138;3138;8.82;0.54;220.86;3.53;708;10;1064.00;0
2432;10;623045282;2432;195;3138;3138;8.78;0.53;220.87;3.53;706;10;1065.00;0
2436;10;623045291;2436;201;3144;3144;8.67;0.53;220.94;3.52;708;10;1066.00;0
2441;10;623045301;2441;187;3144;3144;8.61;0.52;221.15;3.52;703;10;1067.00;0
2442;10;623045311;2442;183;3144;3144;8.64;0.53;221.12;3.52;702;10;1068.00;0
2445;10;623045320;2445;185;3144;3144;8.63;0.53;221.42;3.52;699;10;1069.00;0
2447;10;623045329;2447;180;3148;3148;8.64;0.53;221.58;3.52;701;10;1070.00;0
2449;10;623045339;2449;176;3149;3149;8.66;0.53;221.65;3.52;700;10;1071.00;0
2453;10;623045348;2453;177;3149;3149;8.68;0.53;221.89;3.52;696;10;1072.00;0
2455;10;623045358;2455;177;3150;3150;8.66;0.53;221.82;3.52;695;10;1073.00;0
2458;10;623045372;2458;176;3150;3150;8.63;0.53;221.83;3.52;692;10;1074.00;0
2462;10;623045382;2462;181;3150;3150;8.65;0.53;222.00;3.52;688;10;1075.00;0
2465;10;623045392;2465;170;3150;3150;8.71;0.53;222.15;3.52;685;10;1076.00;0
2467;10;623045402;2467;164;3150;3150;8.75;0.53;222.02;3.52;683;10;1077.00;0
2467;10;623045413;2467;157;3150;3150;8.87;0.54;222.02;3.52;683;10;1078.00;0
2471;10;623045423;2471;151;3150;3150;8.90;0.54;222.29;3.52;679;10;1079.00;0
2472;10;623045441;2472;180;3237;3275;8.85;0.55;222.33;3.42;765;10;1080.00;38
2473;10;623045461;2473;176;3241;3276;8.93;0.55;222.35;3.42;768;10;1081.00;35
2474;10;623045472;2474;167;3247;3276;9.02;0.55;222.41;3.42;773;10;1082.00;29
2476;10;623045483;2476;168;3247;3276;9.08;0.56;222.51;3.42;771;10;1083.00;29
2479;10;623045493;2479;162;3253;3276;9.19;0.56;222.46;3.42;774;10;1084.00;23
2481;10;623045503;2481;168;3255;3276;9.24;0.56;222.60;3.42;774;10;1085.00;21
2485;10;623045514;2485;165;3260;3276;9.32;0.57;222.86;3.42;775;10;1086.00;16
2487;10;623045530;2487;162;3262;3276;9.36;0.57;222.88;3.42;775;10;1087.00;14
2491;10;623045540;2491;164;3266;3277;9.36;0.57;223.14;3.43;775;10;1088.00;11
2494;10;623045550;2494;162;3271;3278;9.33;0.57;223.25;3.44;777;10;1089.00;7
2498;10;623045561;2498;165;3274;3278;9.26;0.56;223.29;3.44;776;10;1090.00;4
2501;10;623045572;2501;166;3280;3282;9.21;0.56;223.74;3.44;779;10;1091.00;2
2505;10;623045582;2505;169;3280;3282;9.22;0.56;223.89;3.44;775;10;1092.00;2
2509;10;623045593;2509;175;3280;3282;9.18;0.56;224.08;3.44;771;10;1093.00;2
2511;10;623045603;2511;172;3280;3282;9.17;0.56;224.07;3.44;769;10;1094.00;2
2513;10;623045614;2513;178;3285;3288;9.17;0.56;224.12;3.44;772;10;1095.00;3
2514;10;623045626;2514;190;3285;3288;9.27;0.57;224.07;3.44;771;10;1096.00;3
2516;10;623045638;2516;191;3285;3288;9.34;0.57;224.06;3.44;769;10;1097.00;3
2518;10;623045650;2518;193;3287;3291;9.41;0.58;224.06;3.43;769;10;1098.00;4
2520;11;623045661;2520;195;3287;3291;9.46;0.58;224.06;3.43;767;11;1099.00;4
2521;11;623045686;2521;194;3287;3291;9.55;0.58;224.04;3.43;766;11;1100.00;4
2524;11;623045700;2524;191;3288;3292;9.56;0.59;223.92;3.43;764;11;1101.00;4
2526;11;623045710;2526;194;3290;3293;9.58;0.59;223.86;3.44;764;11;1102.00;3
2527;11;623045719;2527;186;3290;3293;9.64;0.59;223.89;3.44;763;11;1103.00;3
2528;11;623045729;2528;198;3301;3306;9.60;0.59;223.95;3.43;773;11;1104.00;5
2531;11;623045739;2531;198;3302;3306;9.62;0.59;223.84;3.44;771;11;1105.00;4
2533;11;623045749;2533;203;3302;3306;9.65;0.59;223.74;3.44;769;11;1106.00;4
2536;11;623045759;2536;204;3303;3307;9.65;0.59;223.53;3.43;767;11;1107.00;4
2537;11;623045768;2537;200;3303;3307;9.67;0.59;223.51;3.43;766;11;1108.00;4
2541;11;623045777;2541;206;3306;3311;9.72;0.59;223.43;3.43;765;11;1109.00;5
2541;11;623045789;2541;211;3306;3311;9.75;0.60;223.43;3.43;765;11;1110.00;5
2542;11;623045798;2542;211;3310;3315;9.79;0.60;223.43;3.43;768;11;1111.00;5
2544;11;623045807;2544;215;3310;3315;9.76;0.60;223.45;3.43;766;11;1112.00;5
2544;11;623045817;2544;216;3310;3315;9.82;0.60;223.45;3.43;766;11;1113.00;5
2546;11;623045826;2546;215;3311;3315;9.78;0.60;223.42;3.43;765;11;1114.00;4
2548;11;623045836;2548;217;3311;3315;9.71;0.59;223.34;3.43;763;11;1115.00;4
2551;11;623045845;2551;219;3321;3327;9.71;0.59;223.14;3.42;770;11;1116.00;6
2555;11;623045855;2555;225;3321;3327;9.71;0.59;223.02;3.42;766;11;1117.00;6
2556;11;623045865;2556;228;3322;3327;9.68;0.59;223.00;3.42;766;11;1118.00;5
2557;11;623045874;2557;228;3322;3327;9.68;0.59;222.97;3.42;765;11;1119.00;5
2560;11;623045883;2560;231;3322;3327;9.63;0.59;222.96;3.42;762;11;1120.00;5
2562;11;623045893;2562;233;3322;3327;9.60;0.59;222.98;3.42;760;11;1121.00;5
2566;11;623045902;2566;232;3322;3328;9.55;0.58;222.87;3.42;756;11;1122.00;6
2567;11;623045911;2567;231;3322;3328;9.50;0.58;222.80;3.42;755;11;1123.00;6
2568;11;623045919;2568;233;3327;3334;9.42;0.57;222.79;3.42;759;11;1124.00;7
2572;11;623045929;2572;234;3331;3336;9.33;0.57;222.64;3.43;759;11;1125.00;5
2573;11;623045939;2573;238;3331;3336;9.29;0.57;222.64;3.43;758;11;1126.00;5
2575;11;623045948;2575;242;3331;3336;9.26;0.56;222.71;3.43;756;11;1127.00;5
2576;11;623045957;2576;246;3334;3340;9.32;0.57;222.67;3.43;758;11;1128.00;6
2579;11;623045966;2579;247;3334;3340;9.33;0.57;222.60;3.43;755;11;1129.00;6
2580;11;623045975;2580;247;3334;3340;9.37;0.57;222.58;3.43;754;11;1130.00;6
2584;11;623045984;2584;240;3335;3341;9.46;0.58;222.47;3.43;751;11;1131.00;6
2587;11;623045993;2587;237;3338;3345;9.50;0.58;222.39;3.42;751;11;1132.00;7
2588;11;623046002;2588;227;3338;3345;9.63;0.59;222.39;3.42;750;11;1133.00;7
2591;11;623046011;2591;222;3340;3348;9.68;0.59;222.32;3.42;749;11;1134.00;8
2595;11;623046021;2595;222;3341;3348;9.83;0.60;222.19;3.42;746;11;1135.00;7
2598;11;623046030;2598;219;3341;3348;9.97;0.61;222.09;3.42;743;11;1136.00;7
2599;11;623046039;2599;215;3341;3348;10.03;0.61;222.16;3.42;742;11;1137.00;7
2600;11;623046048;2600;211;3345;3352;10.19;0.62;222.18;3.42;745;11;1138.00;7
2603;11;623046058;2603;212;3345;3352;10.26;0.63;222.16;3.42;742;11;1139.00;7
2605;11;623046069;2605;214;3345;3352;10.25;0.63;222.12;3.42;740;11;1140.00;7
2605;11;623046078;2605;212;3345;3352;10.23;0.63;222.12;3.42;740;11;1141.00;7
2608;11;623046087;2608;209;3345;3353;10.29;0.63;222.05;3.42;737;11;1142.00;8
2609;11;623046097;2609;211;3346;3354;10.25;0.63;222.04;3.42;737;11;1143.00;8
2611;11;623046106;2611;212;3346;3354;10.20;0.62;222.02;3.42;735;11;1144.00;8
2611;11;623046115;2611;211;3347;3355;10.14;0.62;222.02;3.42;736;11;1145.00;8
2615;11;623046124;2615;210;3347;3355;10.07;0.62;222.08;3.42;732;11;1146.00;8
2616;11;623046133;2616;210;3347;3355;10.03;0.61;222.03;3.42;731;11;1147.00;8
2618;11;623046148;2618;211;3347;3355;10.04;0.61;222.07;3.42;729;11;1148.00;8
2621;11;623046164;2621;210;3347;3355;10.02;0.61;221.93;3.42;726;11;1149.00;8
2623;11;623046177;2623;215;3348;3355;9.98;0.61;221.87;3.43;725;11;1150.00;7
2624;11;623046217;2624;216;3349;3355;9.95;0.61;221.85;3.44;725;11;1151.00;6
2627;11;623046231;2627;233;3414;3482;10.01;0.62;221.97;3.37;787;11;1152.00;68
2627;11;623046259;2627;221;3417;3483;9.97;0.62;221.97;3.38;790;11;1153.00;66
2630;11;623046275;2630;220;3426;3483;9.95;0.62;221.98;3.38;796;11;1154.00;57
2633;11;623046288;2633;214;3435;3483;9.92;0.61;222.17;3.39;802;11;1155.00;48
2637;11;623046298;2637;219;3443;3483;9.87;0.61;222.18;3.39;806;11;1156.00;40
2642;11;623046309;2642;220;3449;3483;9.74;0.60;222.34;3.40;807;11;1157.00;34
2645;11;623046321;2645;225;3452;3483;9.61;0.59;222.44;3.40;807;11;1158.00;31
2648;11;623046331;2648;229;3455;3483;9.49;0.58;222.45;3.42;807;11;1159.00;28
2652;11;623046342;2652;231;3457;3484;9.35;0.58;222.64;3.42;805;11;1160.00;27
2655;11;623046354;2655;237;3461;3485;9.23;0.57;222.83;3.43;806;11;1161.00;24
2657;11;623046364;2657;240;3463;3485;9.16;0.57;223.07;3.43;806;11;1162.00;22
2659;11;623046375;2659;243;3465;3486;9.03;0.56;223.01;3.44;806;11;1163.00;21
2663;11;623046386;2663;244;3469;3486;8.86;0.55;223.06;3.45;806;11;1164.00;17
2664;11;623046396;2664;254;3470;3486;8.70;0.54;223.06;3.45;806;11;1165.00;16
2667;11;623046407;2667;262;3475;3486;8.62;0.53;223.20;3.47;808;11;1166.00;11
2669;11;623046416;2669;269;3480;3490;8.58;0.53;223.26;3.47;811;11;1167.00;10
2672;11;623046426;2672;281;3482;3490;8.44;0.52;223.26;3.47;810;11;1168.00;8
2676;11;623046436;2676;289;3484;3490;8.26;0.51;223.28;3.48;808;11;1169.00;6
2676;11;623046447;2676;291;3489;3496;8.13;0.50;223.28;3.48;813;11;1170.00;7
2679;11;623046458;2679;291;3489;3496;7.99;0.49;223.43;3.48;810;11;1171.00;7
2682;11;623046469;2682;295;3491;3496;7.94;0.49;223.58;3.48;809;11;1172.00;5
2684;11;623046480;2684;294;3496;3500;7.88;0.48;223.64;3.48;812;11;1173.00;4
2685;11;623046491;2685;302;3498;3501;7.84;0.48;223.80;3.49;813;11;1174.00;3
2688;11;623046501;2688;301;3499;3501;7.77;0.48;223.63;3.49;811;11;1175.00;2
2690;11;623046511;2690;301;3503;3505;7.78;0.48;223.64;3.49;813;11;1176.00;2
2691;11;623046521;2691;298;3503;3505;7.75;0.47;223.77;3.49;812;11;1177.00;2
2694;11;623046531;2694;300;3504;3505;7.69;0.47;223.85;3.49;810;11;1178.00;1
2698;11;623046541;2698;297;3504;3506;7.65;0.47;223.82;3.49;806;11;1179.00;2
2700;11;623046551;2700;297;3506;3506;7.61;0.46;223.88;3.50;806;11;1180.00;0
2702;11;623046561;2702;298;3512;3512;7.58;0.46;223.90;3.49;810;11;1181.00;0
2703;11;623046571;2703;299;3512;3512;7.51;0.46;224.01;3.49;809;11;1182.00;0
2706;11;623046580;2706;299;3513;3513;7.45;0.45;224.04;3.49;807;11;1183.00;0
2708;11;623046590;2708;294;3513;3513;7.43;0.45;224.25;3.49;805;11;1184.00;0
2713;11;623046600;2713;289;3513;3513;7.36;0.45;224.22;3.49;800;11;1185.00;0
2716;11;623046609;2716;288;3513;3513;7.33;0.45;224.30;3.49;797;11;1186.00;0
2719;11;623046618;2719;288;3513;3513;7.30;0.45;224.31;3.49;794;11;1187.00;0
2723;11;623046627;2723;288;3524;3525;7.28;0.45;224.45;3.48;801;11;1188.00;1
2727;11;623046638;2727;289;3524;3525;7.25;0.44;224.46;3.48;797;11;1189.00;1
2733;11;623046647;2733;279;3524;3525;7.17;0.44;224.58;3.48;791;11;1190.00;1
2735;11;623046657;2735;271;3524;3525;7.17;0.44;224.72;3.48;789;11;1191.00;1
2740;11;623046666;2740;270;3524;3525;7.10;0.44;225.00;3.48;784;11;1192.00;1
2743;11;623046675;2743;268;3525;3525;7.12;0.44;225.18;3.48;782;11;1193.00;0
2748;11;623046684;2748;266;3529;3529;7.15;0.44;225.27;3.48;781;11;1194.00;0
2753;11;623046695;2753;265;3529;3529;7.23;0.44;225.37;3.48;776;11;1195.00;0
2759;11;623046705;2759;262;3532;3533;7.37;0.45;225.61;3.48;773;11;1196.00;1
2764;11;623046715;2764;252;3533;3534;7.43;0.45;225.92;3.47;769;11;1197.00;1
2766;11;623046725;2766;247;3534;3534;7.57;0.46;225.89;3.47;768;11;1198.00;0
2771;11;623046734;2771;241;3534;3534;7.67;0.47;226.01;3.47;763;11;1199.00;0
2776;11;623046747;2776;246;3561;3575;7.69;0.47;226.27;3.45;785;11;1200.00;14
2780;11;623046767;2780;235;3562;3575;7.75;0.48;226.23;3.45;782;11;1201.00;13
2783;11;623046778;2783;231;3564;3575;7.79;0.48;226.33;3.45;781;11;1202.00;11
2788;11;623046788;2788;230;3566;3576;7.85;0.48;226.38;3.45;778;11;1203.00;10
2791;11;623046799;2791;229;3568;3577;7.90;0.49;226.40;3.44;777;11;1204.00;9
2796;11;623046809;2796;229;3568;3577;8.00;0.49;226.55;3.44;772;11;1205.00;9
2799;11;623046820;2799;224;3572;3580;8.21;0.50;226.55;3.44;773;11;1206.00;8
2804;11;623046830;2804;226;3573;3580;8.24;0.51;226.70;3.44;769;11;1207.00;7
2808;11;623046840;2808;227;3574;3580;8.25;0.51;226.89;3.44;766;11;1208.00;6
2814;11;623046850;2814;225;3575;3580;8.21;0.50;226.96;3.45;761;11;1209.00;5
2816;11;623046860;2816;228;3581;3586;8.22;0.50;226.87;3.44;765;11;1210.00;5
2821;11;623046871;2821;228;3582;3586;8.19;0.50;226.99;3.44;761;11;1211.00;4
2824;11;623046881;2824;229;3582;3586;8.14;0.50;227.02;3.44;758;11;1212.00;4
2828;11;623046891;2828;229;3582;3586;8.11;0.50;227.19;3.44;754;11;1213.00;4
2834;11;623046900;2834;223;3586;3590;8.09;0.50;227.20;3.44;752;11;1214.00;4
2840;11;623046911;2840;221;3589;3592;8.11;0.50;227.30;3.44;749;11;1215.00;3
2844;11;623046923;2844;222;3589;3592;8.21;0.50;227.43;3.44;745;11;1216.00;3
2847;11;623046932;2847;225;3590;3593;8.23;0.50;227.50;3.44;743;11;1217.00;3
2850;11;623046943;2850;220;3590;3593;8.22;0.50;227.58;3.44;740;11;1218.00;3
2854;11;623046953;2854;222;3590;3593;8.18;0.50;227.59;3.44;736;11;1219.00;3
2856;11;623046963;2856;228;3590;3593;8.17;0.50;227.69;3.44;734;11;1220.00;3
2859;11;623046973;2859;229;3591;3593;8.03;0.49;227.84;3.45;732;11;1221.00;2
2866;11;623046983;2866;227;3591;3593;7.96;0.49;227.79;3.45;725;11;1222.00;2
2869;11;623046993;2869;226;3591;3593;7.85;0.48;227.73;3.45;722;11;1223.00;2
2874;11;623047002;2874;239;3632;3663;7.76;0.48;227.75;3.41;758;11;1224.00;31
2878;11;623047018;2878;230;3634;3664;7.72;0.47;227.66;3.41;756;11;1225.00;30
2883;11;623047028;2883;228;3639;3664;7.70;0.47;227.78;3.41;756;11;1226.00;25
2885;11;623047037;2885;236;3640;3664;7.70;0.47;227.87;3.41;755;11;1227.00;24
2888;11;623047047;2888;234;3643;3666;7.72;0.47;227.91;3.41;755;11;1228.00;23
2891;11;623047057;2891;231;3644;3666;7.73;0.47;227.91;3.41;753;11;1229.00;22
2894;11;623047069;2894;240;3646;3666;7.73;0.47;227.90;3.41;752;11;1230.00;20
2896;11;623047079;2896;237;3648;3666;7.72;0.47;227.85;3.42;752;11;1231.00;18
2899;11;623047088;2899;238;3648;3667;7.65;0.47;227.94;3.42;749;11;1232.00;19
2901;11;623047098;2901;245;3653;3668;7.64;0.46;227.96;3.43;752;11;1233.00;15
2904;11;623047109;2904;250;3657;3668;7.63;0.46;228.15;3.44;753;11;1234.00;11
2904;11;623047119;2904;255;3664;3672;7.68;0.47;228.15;3.44;760;11;1235.00;8
2909;11;623047129;2909;264;3669;3672;7.62;0.46;228.15;3.45;760;11;1236.00;3
2910;11;623047140;2910;254;3670;3672;7.66;0.47;228.25;3.45;760;11;1237.00;2
2912;11;623047150;2912;250;3671;3672;7.68;0.47;228.42;3.45;759;11;1238.00;1
2915;11;623047161;2915;248;3678;3678;7.67;0.47;228.33;3.45;763;11;1239.00;0
2916;11;623047172;2916;245;3678;3678;7.66;0.47;228.33;3.45;762;11;1240.00;0
2917;11;623047182;2917;245;3678;3678;7.65;0.47;228.41;3.45;761;11;1241.00;0
2918;11;623047200;2918;247;3680;3681;7.71;0.47;228.47;3.45;762;11;1242.00;1
2920;11;623047212;2920;251;3680;3681;7.73;0.47;228.57;3.45;760;11;1243.00;1
2922;11;623047222;2922;256;3681;3681;7.72;0.47;228.50;3.45;759;11;1244.00;0
2925;11;623047232;2925;258;3682;3682;7.61;0.46;228.47;3.45;757;11;1245.00;0
2927;11;623047242;2927;246;3683;3683;7.59;0.46;228.47;3.45;756;11;1246.00;0
2928;11;623047252;2928;245;3683;3683;7.61;0.46;228.41;3.45;755;11;1247.00;0
2929;11;623047262;2929;251;3696;3696;7.73;0.47;228.39;3.44;767;11;1248.00;0
2930;11;623047272;2930;240;3696;3696;7.70;0.47;228.37;3.44;766;11;1249.00;0
2935;11;623047282;2935;245;3696;3696;7.68;0.47;228.34;3.44;761;11;1250.00;0
2937;11;623047294;2937;244;3697;3697;7.72;0.47;228.35;3.43;760;11;1251.00;0
2938;11;623047305;2938;241;3697;3697;7.74;0.47;228.31;3.43;759;11;1252.00;0
2940;11;623047316;2940;242;3701;3701;7.80;0.47;228.40;3.43;761;11;1253.00;0
2941;11;623047327;2941;240;3701;3701;7.80;0.47;228.36;3.43;760;11;1254.00;0
2945;11;623047338;2945;242;3705;3705;7.82;0.47;228.39;3.43;760;11;1255.00;0
2945;11;623047348;2945;238;3705;3705;7.80;0.47;228.39;3.43;760;11;1256.00;0
2946;11;623047359;2946;244;3705;3705;7.81;0.48;228.38;3.43;759;11;1257.00;0
2948;11;623047370;2948;242;3705;3705;7.80;0.47;228.36;3.43;757;11;1258.00;0
2949;11;623047380;2949;240;3705;3705;7.82;0.48;228.33;3.43;756;11;1259.00;0
2951;11;623047393;2951;247;3734;3739;7.87;0.48;228.29;3.40;783;11;1260.00;5
2953;11;623047407;2953;244;3734;3739;7.91;0.49;228.27;3.40;781;11;1261.00;5
2956;11;623047417;2956;249;3736;3739;8.02;0.49;228.12;3.40;780;11;1262.00;3
2960;11;623047428;2960;252;3736;3739;8.05;0.49;228.07;3.40;776;11;1263.00;3
2963;11;623047439;2963;249;3737;3739;8.07;0.49;228.00;3.40;774;11;1264.00;2
2965;11;623047449;2965;251;3737;3739;8.06;0.49;227.88;3.40;772;11;1265.00;2
2969;11;623047464;2969;253;3737;3740;8.01;0.49;227.76;3.40;768;11;1266.00;3
2971;11;623047474;2971;257;3737;3740;8.06;0.49;227.73;3.40;766;11;1267.00;3
2972;11;623047487;2972;251;3742;3746;8.18;0.50;227.72;3.40;770;11;1268.00;4
2973;11;623047497;2973;257;3743;3747;8.30;0.51;227.72;3.40;770;11;1269.00;4
2974;11;623047507;2974;259;3743;3747;8.30;0.51;227.67;3.40;769;11;1270.00;4
2975;11;623047517;2975;259;3743;3747;8.30;0.50;227.65;3.40;768;11;1271.00;4
2976;11;623047526;2976;261;3746;3751;8.30;0.50;227.66;3.40;770;11;1272.00;5
2977;11;623047537;2977;265;3746;3751;8.31;0.51;227.72;3.40;769;11;1273.00;5
2979;11;623047547;2979;264;3746;3751;8.32;0.51;227.60;3.40;767;11;1274.00;5
2979;11;623047559;2979;264;3747;3752;8.36;0.51;227.60;3.39;768;11;1275.00;5
2980;11;623047570;2980;270;3750;3756;8.34;0.51;227.57;3.39;770;11;1276.00;6
2982;11;623047581;2982;271;3750;3756;8.31;0.50;227.50;3.39;768;11;1277.00;6
2983;11;623047590;2983;268;3752;3759;8.39;0.51;227.46;3.39;769;11;1278.00;7
2985;11;623047600;2985;268;3752;3759;8.42;0.51;227.62;3.39;767;11;1279.00;7
2989;11;623047609;2989;269;3753;3759;8.42;0.51;227.54;3.39;764;11;1280.00;6
2990;11;623047619;2990;271;3753;3759;8.45;0.51;227.52;3.39;763;11;1281.00;6
2990;11;623047628;2990;270;3757;3763;8.63;0.52;227.52;3.39;767;11;1282.00;6
2990;11;623047638;2990;247;3757;3763;8.80;0.53;227.52;3.39;767;11;1283.00;6
2991;11;623047649;2991;233;3757;3763;8.92;0.54;227.52;3.39;766;11;1284.00;6
2992;11;623047659;2992;225;3757;3763;9.06;0.55;227.53;3.39;765;11;1285.00;6
2997;11;623047670;2997;223;3757;3764;9.13;0.55;227.52;3.39;760;11;1286.00;7
2998;11;623047681;2998;216;3758;3765;9.32;0.56;227.58;3.39;760;11;1287.00;7
2999;11;623047691;2999;212;3758;3765;9.39;0.57;227.56;3.39;759;11;1288.00;7
3002;11;623047701;3002;206;3759;3766;9.39;0.57;227.54;3.39;757;11;1289.00;7
3006;11;623047718;3006;202;3759;3766;9.45;0.57;227.46;3.39;753;11;1290.00;7
3009;11;623047728;3009;197;3759;3766;9.54;0.58;227.39;3.39;750;11;1291.00;7
3011;11;623047738;3011;195;3759;3766;9.58;0.58;227.37;3.39;748;11;1292.00;7
3013;11;623047752;3013;189;3759;3766;9.68;0.59;227.38;3.39;746;11;1293.00;7
3015;11;623047762;3015;183;3760;3766;9.78;0.59;227.33;3.39;745;11;1294.00;6
3015;11;623047771;3015;184;3760;3766;9.87;0.60;227.33;3.39;745;11;1295.00;6
3019;11;623047786;3019;194;3824;3893;9.84;0.60;227.24;3.35;805;11;1296.00;69
3022;11;623047806;3022;187;3824;3894;9.86;0.60;227.19;3.35;802;11;1297.00;70
3024;11;623047816;3024;182;3831;3894;9.98;0.61;227.16;3.34;807;11;1298.00;63
3026;11;623047826;3026;188;3832;3894;9.99;0.61;227.10;3.34;806;11;1299.00;62
3026;11;623047836;3026;184;3838;3894;10.05;0.62;227.10;3.34;812;11;1300.00;56
3027;11;623047850;3027;183;3840;3894;10.02;0.61;227.08;3.35;813;11;1301.00;54
3027;12;623047860;3027;174;3845;3894;10.01;0.61;227.08;3.35;818;12;1302.00;49
3030;12;623047888;3030;175;3848;3894;10.03;0.61;227.10;3.35;818;12;1303.00;46
3033;12;623047898;3033;178;3851;3895;10.02;0.61;227.09;3.36;818;12;1304.00;44
3037;12;623047908;3037;173;3857;3897;10.07;0.61;226.96;3.36;820;12;1305.00;40
3038;12;623047919;3038;180;3860;3897;10.11;0.62;227.00;3.37;822;12;1306.00;37
3044;12;623047929;3044;184;3865;3898;10.11;0.62;226.90;3.38;821;12;1307.00;33
3045;12;623047939;3045;179;3866;3898;10.15;0.62;226.84;3.38;821;12;1308.00;32
3047;12;623047950;3047;185;3873;3898;10.08;0.61;226.86;3.40;826;12;1309.00;25
3049;12;623047960;3049;185;3873;3898;10.09;0.61;226.75;3.40;824;12;1310.00;25
3050;12;623047970;3050;190;3877;3902;10.13;0.62;226.83;3.40;827;12;1311.00;25
3053;12;623047980;3053;194;3880;3902;10.09;0.61;226.92;3.42;827;12;1312.00;22
3054;12;623047990;3054;197;3881;3902;10.04;0.61;226.92;3.42;827;12;1313.00;21
3056;12;623048001;3056;196;3883;3905;9.97;0.61;226.99;3.42;827;12;1314.00;22
3059;12;623048013;3059;199;3883;3905;9.97;0.61;227.05;3.42;824;12;1315.00;22
3060;12;623048025;3060;206;3887;3905;9.95;0.61;227.12;3.44;827;12;1316.00;18
3063;12;623048041;3063;210;3890;3909;9.82;0.60;227.24;3.44;827;12;1317.00;19
3066;12;623048051;3066;215;3892;3910;9.86;0.60;227.40;3.45;826;12;1318.00;18
3071;12;623048061;3071;229;3894;3910;9.82;0.60;227.60;3.46;823;12;1319.00;16
3076;12;623048073;3076;234;3900;3915;9.78;0.59;227.59;3.48;824;12;1320.00;15
3080;12;623048083;3080;232;3904;3915;9.65;0.59;227.89;3.48;824;12;1321.00;11
3081;12;623048094;3081;236;3905;3915;9.61;0.58;227.89;3.49;824;12;1322.00;10
3083;12;623048103;3083;244;3906;3916;9.53;0.58;228.09;3.49;823;12;1323.00;10
3089;12;623048119;3089;249;3907;3916;9.39;0.57;228.43;3.50;818;12;1324.00;9
3090;12;623048130;3090;253;3913;3922;9.32;0.56;228.46;3.50;823;12;1325.00;9
3092;12;623048140;3092;255;3913;3922;9.30;0.56;228.53;3.50;821;12;1326.00;9
3095;12;623048150;3095;253;3915;3923;9.17;0.56;228.68;3.51;820;12;1327.00;8
3098;12;623048160;3098;258;3915;3923;9.09;0.55;228.81;3.51;817;12;1328.00;8
3100;12;623048174;3100;258;3917;3923;8.93;0.54;228.95;3.52;817;12;1329.00;6
3102;12;623048189;3102;268;3917;3923;8.83;0.54;229.02;3.52;815;12;1330.00;6
3104;12;623048207;3104;264;3917;3923;8.74;0.53;229.15;3.52;813;12;1331.00;6
3109;12;623048226;3109;272;3929;3935;8.70;0.53;229.45;3.53;820;12;1332.00;6
3110;12;623048242;3110;274;3929;3935;8.64;0.52;229.55;3.53;819;12;1333.00;6
3113;12;623048257;3113;286;3932;3935;8.54;0.52;229.69;3.54;819;12;1334.00;3
3117;12;623048271;3117;290;3932;3935;8.48;0.51;229.83;3.54;815;12;1335.00;3
3118;12;623048285;3118;293;3932;3935;8.35;0.51;229.89;3.54;814;12;1336.00;3
3120;12;623048295;3120;303;3934;3935;8.21;0.50;229.97;3.55;814;12;1337.00;1
3122;12;623048305;3122;307;3937;3939;8.05;0.49;230.04;3.54;815;12;1338.00;2
3124;12;623048316;3124;305;3939;3939;7.97;0.49;230.11;3.54;815;12;1339.00;0
3127;12;623048327;3127;306;3943;3943;7.96;0.49;230.09;3.54;816;12;1340.00;0
3129;12;623048338;3129;306;3944;3944;7.90;0.48;230.20;3.54;815;12;1341.00;0
3131;12;623048348;3131;304;3944;3944;7.85;0.48;230.28;3.54;813;12;1342.00;0
3133;12;623048357;3133;301;3944;3944;7.79;0.48;230.44;3.54;811;12;1343.00;0
3134;12;623048368;3134;307;3957;3957;7.74;0.47;230.57;3.53;823;12;1344.00;0
3136;12;623048380;3136;302;3957;3957;7.67;0.47;230.66;3.53;821;12;1345.00;0
3139;12;623048390;3139;302;3957;3957;7.67;0.47;230.78;3.53;818;12;1346.00;0
3139;12;623048400;3139;305;3958;3958;7.70;0.47;230.78;3.53;819;12;1347.00;0
3141;12;623048417;3141;306;3959;3959;7.72;0.47;230.93;3.53;818;12;1348.00;0
3144;12;623048427;3144;308;3959;3959;7.75;0.48;231.14;3.53;815;12;1349.00;0
3147;12;623048439;3147;305;3966;3968;7.77;0.48;231.08;3.52;819;12;1350.00;2
3149;12;623048452;3149;303;3966;3968;7.81;0.48;231.33;3.52;817;12;1351.00;2
3151;12;623048462;3151;300;3967;3968;7.84;0.48;231.39;3.52;816;12;1352.00;1
3154;12;623048473;3154;297;3967;3968;7.78;0.48;231.45;3.52;813;12;1353.00;1
3158;12;623048482;3158;293;3973;3974;7.71;0.47;231.56;3.52;815;12;1354.00;1
3159;12;623048492;3159;290;3974;3974;7.63;0.47;231.59;3.52;815;12;1355.00;0
3165;12;623048501;3165;288;3974;3974;7.55;0.46;231.72;3.52;809;12;1356.00;0
3169;12;623048511;3169;286;3974;3974;7.47;0.46;231.82;3.52;805;12;1357.00;0
3175;12;623048521;3175;284;3978;3978;7.37;0.45;231.91;3.52;803;12;1358.00;0
3180;12;623048530;3180;285;3979;3979;7.33;0.45;231.93;3.51;799;12;1359.00;0
3181;12;623048540;3181;279;3979;3979;7.29;0.45;231.99;3.51;798;12;1360.00;0
3185;12;623048548;3185;276;3980;3980;7.31;0.45;232.01;3.51;795;12;1361.00;0
3188;12;623048558;3188;276;3980;3980;7.33;0.45;232.17;3.51;792;12;1362.00;0
3194;12;623048567;3194;275;3980;3980;7.27;0.44;232.14;3.51;786;12;1363.00;0
3198;12;623048576;3198;266;3980;3980;7.32;0.45;232.31;3.51;782;12;1364.00;0
3200;12;623048587;3200;266;3980;3980;7.37;0.45;232.38;3.51;780;12;1365.00;0
3205;12;623048598;3205;262;3980;3980;7.35;0.45;232.51;3.51;775;12;1366.00;0
3211;12;623048607;3211;254;3980;3980;7.39;0.45;232.60;3.51;769;12;1367.00;0
3216;12;623048616;3216;252;4017;4050;7.61;0.47;232.85;3.48;801;12;1368.00;33
3219;12;623048631;3219;257;4019;4051;7.67;0.47;232.79;3.48;800;12;1369.00;32
3225;12;623048641;3225;246;4026;4051;7.78;0.48;232.90;3.48;801;12;1370.00;25
3229;12;623048651;3229;246;4028;4051;7.82;0.48;233.15;3.48;799;12;1371.00;23
3232;12;623048661;3232;239;4033;4051;7.84;0.48;233.21;3.48;801;12;1372.00;18
3236;12;623048671;3236;235;4037;4051;7.90;0.48;233.23;3.48;801;12;1373.00;14
3240;12;623048680;3240;242;4040;4051;7.85;0.48;233.41;3.48;800;12;1374.00;11
3245;12;623048690;3245;245;4043;4051;7.78;0.47;233.42;3.48;798;12;1375.00;8
3248;12;623048699;3248;247;4045;4052;7.73;0.47;233.47;3.48;797;12;1376.00;7
3254;12;623048709;3254;246;4046;4053;7.70;0.47;233.68;3.49;792;12;1377.00;7
3256;12;623048719;3256;249;4047;4053;7.72;0.47;233.60;3.49;791;12;1378.00;6
3260;12;623048728;3260;251;4051;4057;7.76;0.47;233.62;3.49;791;12;1379.00;6
3262;12;623048740;3262;256;4053;4057;7.84;0.48;233.64;3.49;791;12;1380.00;4
3266;12;623048752;3266;256;4053;4057;7.81;0.48;233.69;3.49;787;12;1381.00;4
3271;12;623048765;3271;254;4053;4057;7.81;0.48;233.73;3.49;782;12;1382.00;4
3272;12;623048779;3272;251;4059;4063;7.79;0.48;233.76;3.49;787;12;1383.00;4
3277;12;623048791;3277;253;4059;4063;7.71;0.47;233.85;3.49;782;12;1384.00;4
3284;12;623048800;3284;252;4059;4063;7.58;0.46;233.91;3.49;775;12;1385.00;4
3289;12;623048811;3289;260;4061;4066;7.46;0.45;233.97;3.48;772;12;1386.00;5
3292;12;623048821;3292;260;4064;4066;7.38;0.45;234.04;3.50;772;12;1387.00;2
3297;12;623048830;3297;260;4065;4066;7.33;0.45;234.13;3.49;768;12;1388.00;1
3298;12;623048841;3298;266;4066;4067;7.27;0.44;234.13;3.49;768;12;1389.00;1
3305;12;623048850;3305;267;4068;4068;7.14;0.43;234.20;3.50;763;12;1390.00;0
3309;12;623048859;3309;272;4068;4068;7.03;0.43;234.25;3.50;759;12;1391.00;0
3314;12;623048869;3314;273;4080;4081;6.93;0.42;234.25;3.49;766;12;1392.00;1
3320;12;623048880;3320;278;4081;4081;6.83;0.42;234.39;3.48;761;12;1393.00;0
3323;12;623048889;3323;286;4081;4081;6.81;0.41;234.38;3.48;758;12;1394.00;0
3327;12;623048898;3327;286;4083;4083;6.73;0.41;234.31;3.48;756;12;1395.00;0
3334;12;623048908;3334;292;4083;4083;6.62;0.40;234.22;3.48;749;12;1396.00;0
3335;12;623048918;3335;293;4087;4087;6.62;0.40;234.16;3.48;752;12;1397.00;0
3335;12;623048928;3335;298;4087;4087;6.59;0.40;234.16;3.48;752;12;1398.00;0
3336;12;623048937;3336;302;4091;4091;6.63;0.40;234.15;3.48;755;12;1399.00;0
3337;12;623048948;3337;308;4091;4091;6.59;0.40;234.11;3.48;754;12;1400.00;0
3340;12;623048962;3340;309;4091;4091;6.50;0.40;234.07;3.48;751;12;1401.00;0
3344;12;623048971;3344;311;4091;4091;6.43;0.39;234.24;3.48;747;12;1402.00;0
3345;12;623048980;3345;317;4091;4091;6.39;0.39;234.24;3.48;746;12;1403.00;0
3347;12;623048990;3347;321;4102;4103;6.46;0.40;234.27;3.47;755;12;1404.00;1
3348;12;623049000;3348;321;4102;4103;6.47;0.40;234.23;3.47;754;12;1405.00;1
3350;12;623049009;3350;321;4103;4103;6.52;0.40;234.21;3.47;753;12;1406.00;0
3352;12;623049018;3352;314;4103;4103;6.53;0.40;234.21;3.47;751;12;1407.00;0
3353;12;623049027;3353;309;4103;4103;6.59;0.40;234.17;3.47;750;12;1408.00;0
3355;12;623049036;3355;302;4103;4103;6.56;0.40;234.22;3.47;748;12;1409.00;0
3357;12;623049046;3357;296;4104;4104;6.51;0.40;234.15;3.47;747;12;1410.00;0
3358;12;623049056;3358;290;4104;4104;6.57;0.40;234.16;3.47;746;12;1411.00;0
3360;12;623049064;3360;295;4110;4110;6.59;0.40;234.14;3.46;750;12;1412.00;0
3360;12;623049074;3360;295;4111;4111;6.61;0.40;234.14;3.46;751;12;1413.00;0
3363;12;623049082;3363;294;4111;4111;6.59;0.40;233.99;3.46;748;12;1414.00;0
3367;12;623049092;3367;298;4111;4111;6.50;0.40;233.81;3.46;744;12;1415.00;0
3369;12;623049101;3369;290;4115;4115;6.55;0.40;233.77;3.46;746;12;1416.00;0
3369;12;623049110;3369;282;4115;4115;6.63;0.40;233.77;3.46;746;12;1417.00;0
3371;12;623049120;3371;282;4115;4115;6.70;0.41;233.79;3.46;744;12;1418.00;0
3372;12;623049129;3372;277;4116;4116;6.76;0.41;233.75;3.46;744;12;1419.00;0
3376;12;623049138;3376;274;4120;4120;6.84;0.42;233.65;3.46;744;12;1420.00;0
3378;12;623049147;3378;272;4120;4120;6.91;0.42;233.58;3.46;742;12;1421.00;0
3380;12;623049157;3380;274;4122;4123;7.01;0.43;233.49;3.46;742;12;1422.00;1
3380;12;623049174;3380;274;4122;4123;7.07;0.43;233.49;3.46;742;12;1423.00;1
3381;12;623049183;3381;279;4123;4123;7.13;0.43;233.48;3.46;742;12;1424.00;0
3383;12;623049192;3383;277;4123;4123;7.13;0.43;233.42;3.46;740;12;1425.00;0
3384;12;623049202;3384;279;4127;4127;7.20;0.44;233.38;3.45;743;12;1426.00;0
3386;12;623049211;3386;281;4127;4127;7.22;0.44;233.46;3.45;741;12;1427.00;0
3388;12;623049221;3388;283;4127;4127;7.24;0.44;233.46;3.45;739;12;1428.00;0
3388;12;623049230;3388;278;4127;4127;7.29;0.44;233.46;3.45;739;12;1429.00;0
3388;12;623049238;3388;273;4128;4128;7.39;0.45;233.46;3.45;740;12;1430.00;0
3390;12;623049247;3390;274;4129;4129;7.46;0.45;233.44;3.45;739;12;1431.00;0
3391;12;623049257;3391;272;4129;4129;7.48;0.45;233.42;3.45;738;12;1432.00;0
3393;12;623049265;3393;267;4130;4130;7.55;0.46;233.49;3.45;737;12;1433.00;0
3395;12;623049274;3395;262;4130;4130;7.57;0.46;233.44;3.45;735;12;1434.00;0
3395;12;623049283;3395;251;4130;4130;7.72;0.47;233.44;3.45;735;12;1435.00;0
3397;12;623049292;3397;237;4130;4130;7.88;0.48;233.53;3.45;733;12;1436.00;0
3398;12;623049301;3398;228;4130;4130;7.99;0.49;233.52;3.45;732;12;1437.00;0
3401;12;623049312;3401;225;4130;4130;8.14;0.49;233.56;3.45;729;12;1438.00;0
3401;12;623049321;3401;222;4130;4130;8.34;0.51;233.56;3.45;729;12;1439.00;0
3401;13;623049332;3401;266;4251;4360;8.38;0.52;233.56;3.35;850;13;1440.00;109
3403;13;623049373;3403;255;4258;4361;8.50;0.53;233.46;3.35;855;13;1441.00;103
3404;13;623049390;3404;228;4268;4361;8.77;0.55;233.45;3.35;864;13;1442.00;93
3404;13;623049401;3404;221;4274;4361;8.94;0.56;233.45;3.35;870;13;1443.00;87
3405;13;623049410;3405;215;4281;4361;9.02;0.56;233.46;3.35;876;13;1444.00;80
3408;13;623049427;3408;204;4285;4361;9.07;0.56;233.45;3.35;877;13;1445.00;76
3408;13;623049443;3408;202;4291;4361;9.17;0.57;233.45;3.35;883;13;1446.00;70
3409;13;623049453;3409;197;4295;4361;9.29;0.57;233.53;3.36;886;13;1447.00;66
3411;13;623049471;3411;201;4300;4362;9.38;0.58;233.55;3.36;889;13;1448.00;62
3411;13;623049482;3411;198;4304;4363;9.42;0.58;233.55;3.37;893;13;1449.00;59
3412;13;623049492;3412;201;4309;4363;9.46;0.58;233.53;3.37;897;13;1450.00;54
3414;13;623049503;3414;203;4312;4364;9.46;0.58;233.54;3.38;898;13;1451.00;52
3417;13;623049514;3417;203;4316;4364;9.48;0.58;233.54;3.39;899;13;1452.00;48
3417;13;623049525;3417;212;4318;4364;9.55;0.59;233.54;3.39;901;13;1453.00;46
3419;13;623049537;3419;216;4319;4364;9.60;0.59;233.59;3.39;900;13;1454.00;45
3421;13;623049547;3421;215;4320;4368;9.62;0.59;233.61;3.39;899;13;1455.00;48
3424;13;623049559;3424;223;4321;4368;9.60;0.59;233.74;3.39;897;13;1456.00;47
3427;13;623049570;3427;223;4323;4368;9.59;0.59;233.76;3.40;896;13;1457.00;45
3429;13;623049581;3429;226;4325;4371;9.54;0.58;233.79;3.40;896;13;1458.00;46
3431;14;623049593;3431;225;4325;4371;9.48;0.58;233.74;3.40;894;14;1459.00;46
3434;14;623049621;3434;225;4326;4371;9.45;0.58;233.78;3.40;892;14;1460.00;45
3438;14;623049637;3438;232;4329;4375;9.39;0.58;233.80;3.40;891;14;1461.00;46
3440;14;623049648;3440;226;4330;4376;9.48;0.58;233.76;3.40;890;14;1462.00;46
3445;14;623049660;3445;226;4333;4376;9.47;0.58;233.79;3.42;888;14;1463.00;43
3448;14;623049671;3448;226;4335;4380;9.50;0.58;233.91;3.42;887;14;1464.00;45
3451;14;623049683;3451;230;4338;4380;9.50;0.58;233.89;3.43;887;14;1465.00;42
3451;14;623049695;3451;231;4340;4380;9.53;0.58;233.89;3.44;889;14;1466.00;40
3457;14;623049711;3457;230;4340;4381;9.55;0.58;233.90;3.44;883;14;1467.00;41
3459;14;623049723;3459;229;4341;4381;9.60;0.59;233.97;3.44;882;14;1468.00;40
3462;14;623049734;3462;226;4345;4387;9.65;0.59;234.03;3.45;883;14;1469.00;42
3464;14;623049748;3464;225;4348;4387;9.67;0.59;234.12;3.46;884;14;1470.00;39
3467;14;623049759;3467;223;4348;4388;9.65;0.59;234.12;3.46;881;14;1471.00;40
3470;14;623049771;3470;218;4349;4388;9.61;0.59;234.12;3.47;879;14;1472.00;39
3473;14;623049782;3473;217;4351;4388;9.61;0.59;234.04;3.47;878;14;1473.00;37
3477;14;623049793;3477;217;4351;4388;9.60;0.59;234.12;3.47;874;14;1474.00;37
3478;14;623049804;3478;214;4352;4388;9.57;0.58;234.09;3.48;874;14;1475.00;36
3483;14;623049815;3483;218;4364;4400;9.53;0.58;234.28;3.49;881;14;1476.00;36
3485;14;623049827;3485;220;4364;4400;9.52;0.58;234.39;3.49;879;14;1477.00;36
3487;14;623049838;3487;219;4366;4400;9.49;0.58;234.32;3.50;879;14;1478.00;34
3491;14;623049849;3491;222;4367;4400;9.50;0.58;234.47;3.50;876;14;1479.00;33
3494;14;623049860;3494;225;4369;4400;9.56;0.58;234.61;3.51;875;14;1480.00;31
3494;14;623049871;3494;230;4370;4400;9.61;0.59;234.61;3.52;876;14;1481.00;30
3497;14;623049882;3497;231;4376;4404;9.50;0.58;234.72;3.54;879;14;1482.00;28
3500;14;623049894;3500;236;4376;4404;9.47;0.58;234.79;3.54;876;14;1483.00;28
3502;14;623049905;3502;237;4382;4408;9.45;0.58;234.83;3.55;880;14;1484.00;26
3504;14;623049922;3504;239;4385;4410;9.36;0.57;234.86;3.56;881;14;1485.00;25
3506;14;623049933;3506;242;4385;4410;9.31;0.57;234.82;3.56;879;14;1486.00;25
3510;14;623049944;3510;251;4385;4410;9.24;0.56;235.08;3.56;875;14;1487.00;25
3511;14;623049954;3511;255;4395;4423;9.21;0.56;235.05;3.56;884;14;1488.00;28
3515;14;623049965;3515;263;4395;4423;9.18;0.56;235.21;3.56;880;14;1489.00;28
3517;14;623049977;3517;272;4398;4423;9.16;0.56;235.33;3.59;881;14;1490.00;25
3518;14;623049987;3518;274;4400;4424;9.12;0.56;235.28;3.60;882;14;1491.00;24
3520;14;623049997;3520;278;4401;4425;9.12;0.56;235.42;3.61;881;14;1492.00;24
3523;14;623050008;3523;277;4403;4425;9.04;0.55;235.55;3.63;880;14;1493.00;22
3525;14;623050018;3525;280;4406;4428;9.05;0.55;235.54;3.64;881;14;1494.00;22
3528;14;623050029;3528;286;4408;4428;9.04;0.55;235.80;3.67;880;14;1495.00;20
3534;14;623050040;3534;287;4411;4428;9.00;0.55;235.86;3.69;877;14;1496.00;17
3536;14;623050051;3536;286;4412;4428;8.92;0.55;235.92;3.70;876;14;1497.00;16
3542;14;623050061;3542;281;4419;4434;8.84;0.54;235.90;3.72;877;14;1498.00;15
3545;14;623050072;3545;281;4421;4434;8.75;0.54;236.12;3.73;876;14;1499.00;13
3548;14;623050085;3548;293;4426;4453;8.61;0.53;236.32;3.73;878;14;1500.00;27
3553;14;623050103;3553;292;4428;4453;8.52;0.52;236.49;3.74;875;14;1501.00;25
3556;14;623050114;3556;292;4433;4457;8.41;0.51;236.63;3.74;877;14;1502.00;24
3558;14;623050126;3558;295;4434;4458;8.36;0.51;236.61;3.74;876;14;1503.00;24
3561;14;623050136;3561;302;4435;4458;8.26;0.50;236.71;3.74;874;14;1504.00;23
3562;14;623050147;3562;305;4439;4459;8.17;0.50;236.76;3.75;877;14;1505.00;20
3566;14;623050157;3566;309;4441;4459;8.06;0.49;236.95;3.75;875;14;1506.00;18
3568;14;623050168;3568;311;4441;4459;8.03;0.49;237.03;3.75;873;14;1507.00;18
3571;14;623050184;3571;322;4442;4459;7.96;0.49;237.12;3.76;871;14;1508.00;17
3572;14;623050203;3572;318;4442;4459;7.99;0.49;237.12;3.76;870;14;1509.00;17
3577;14;623050218;3577;321;4443;4459;7.92;0.48;237.24;3.76;866;14;1510.00;16
3580;14;623050233;3580;322;4447;4459;7.87;0.48;237.33;3.77;867;14;1511.00;12
3583;14;623050250;3583;325;4483;4529;7.83;0.48;237.38;3.74;900;14;1512.00;46
3586;14;623050272;3586;315;4487;4530;7.80;0.48;237.55;3.74;901;14;1513.00;43
3590;14;623050291;3590;312;4494;4530;7.77;0.48;237.68;3.74;904;14;1514.00;36
3590;14;623050303;3590;315;4496;4530;7.79;0.48;237.68;3.75;906;14;1515.00;34
3593;14;623050315;3593;314;4500;4530;7.85;0.48;237.83;3.75;907;14;1516.00;30
3598;14;623050335;3598;320;4503;4530;7.83;0.48;237.73;3.76;905;14;1517.00;27
3602;14;623050348;3602;326;4506;4530;7.82;0.48;238.05;3.76;904;14;1518.00;24
3605;14;623050359;3605;325;4508;4530;7.85;0.48;237.93;3.76;903;14;1519.00;22
3609;14;623050371;3609;329;4510;4531;7.88;0.48;238.15;3.76;901;14;1520.00;21
3614;14;623050383;3614;329;4513;4532;7.80;0.48;238.20;3.77;899;14;1521.00;19
3616;14;623050394;3616;326;4515;4532;7.77;0.47;238.33;3.77;899;14;1522.00;17
3618;14;623050405;3618;326;4520;4536;7.74;0.47;238.43;3.77;902;14;1523.00;16
3623;14;623050418;3623;326;4520;4536;7.68;0.47;238.48;3.77;897;14;1524.00;16
3625;14;623050430;3625;327;4520;4536;7.62;0.47;238.54;3.77;895;14;1525.00;16
3629;14;623050442;3629;322;4520;4536;7.50;0.46;238.60;3.77;891;14;1526.00;16
3635;14;623050454;3635;323;4525;4542;7.30;0.45;238.76;3.78;890;14;1527.00;17
3637;14;623050466;3637;327;4525;4542;7.13;0.44;238.93;3.78;888;14;1528.00;17
3639;14;623050479;3639;333;4526;4542;6.98;0.43;239.03;3.78;887;14;1529.00;16
3643;14;623050492;3643;333;4531;4548;6.89;0.42;239.12;3.79;888;14;1530.00;17
3647;14;623050504;3647;326;4531;4548;6.74;0.41;239.42;3.79;884;14;1531.00;17
3648;14;623050516;3648;327;4532;4548;6.71;0.41;239.48;3.79;884;14;1532.00;16
3653;14;623050527;3653;329;4534;4549;6.66;0.41;239.55;3.79;881;14;1533.00;15
3661;14;623050539;3661;332;4536;4550;6.59;0.40;239.56;3.80;875;14;1534.00;14
3662;14;623050551;3662;331;4539;4550;6.64;0.41;239.54;3.81;877;14;1535.00;11
3668;14;623050563;3668;331;4552;4563;6.73;0.41;239.60;3.80;884;14;1536.00;11
3671;14;623050576;3671;319;4552;4563;6.75;0.41;239.68;3.80;881;14;1537.00;11
3673;14;623050587;3673;317;4554;4563;6.80;0.42;239.73;3.81;881;14;1538.00;9
3677;14;623050599;3677;309;4555;4564;6.83;0.42;239.82;3.81;878;14;1539.00;9
3681;14;623050610;3681;302;4558;4564;6.90;0.42;239.73;3.82;877;14;1540.00;6
3684;14;623050621;3684;302;4562;4568;6.94;0.42;239.75;3.82;878;14;1541.00;6
3690;14;623050641;3690;300;4564;4568;6.94;0.42;239.89;3.82;874;14;1542.00;4
3695;14;623050653;3695;299;4568;4572;6.96;0.42;239.93;3.82;873;14;1543.00;4
3699;14;623050667;3699;301;4568;4572;6.92;0.42;239.82;3.82;869;14;1544.00;4
3704;14;623050678;3704;298;4568;4572;6.89;0.42;239.85;3.82;864;14;1545.00;4
3705;14;623050690;3705;297;4569;4572;6.92;0.42;239.90;3.82;864;14;1546.00;3
3708;14;623050701;3708;293;4569;4572;6.90;0.42;239.97;3.82;861;14;1547.00;3
3711;14;623050713;3711;299;4578;4584;6.99;0.43;239.96;3.81;867;14;1548.00;6
3713;14;623050726;3713;300;4580;4584;7.04;0.43;239.96;3.81;867;14;1549.00;4
3716;14;623050737;3716;304;4581;4584;7.05;0.43;240.02;3.81;865;14;1550.00;3
3720;14;623050748;3720;300;4581;4584;7.04;0.43;240.13;3.81;861;14;1551.00;3
3723;14;623050759;3723;305;4581;4584;6.99;0.43;240.24;3.81;858;14;1552.00;3
3724;14;623050772;3724;307;4581;4584;6.99;0.43;240.28;3.81;857;14;1553.00;3
3728;14;623050783;3728;307;4582;4585;6.95;0.42;240.39;3.81;854;14;1554.00;3
3732;14;623050794;3732;318;4584;4587;6.80;0.42;240.51;3.81;852;14;1555.00;3
3733;14;623050806;3733;320;4590;4593;6.75;0.41;240.47;3.81;857;14;1556.00;3
3737;14;623050817;3737;322;4591;4594;6.68;0.41;240.53;3.80;854;14;1557.00;3
3742;14;623050828;3742;327;4591;4594;6.60;0.40;240.62;3.80;849;14;1558.00;3
3746;14;623050839;3746;336;4591;4594;6.48;0.40;240.48;3.80;845;14;1559.00;3
3751;14;623050853;3751;338;4596;4599;6.40;0.39;240.36;3.80;845;14;1560.00;3
3754;14;623050864;3754;340;4596;4599;6.31;0.38;240.41;3.80;842;14;1561.00;3
3758;14;623050876;3758;348;4596;4599;6.28;0.38;240.35;3.80;838;14;1562.00;3
3762;14;623050886;3762;352;4597;4600;6.29;0.38;240.44;3.80;835;14;1563.00;3
3763;14;623050896;3763;355;4601;4604;6.30;0.38;240.49;3.80;838;14;1564.00;3
3768;14;623050908;3768;350;4601;4604;6.17;0.37;240.44;3.80;833;14;1565.00;3
3772;14;623050918;3772;358;4603;4607;6.10;0.37;240.32;3.80;831;14;1566.00;4
3774;14;623050928;3774;367;4603;4607;6.01;0.36;240.33;3.80;829;14;1567.00;4
3776;14;623050939;3776;367;4605;4607;5.93;0.36;240.32;3.82;829;14;1568.00;2
3779;14;623050949;3779;368;4605;4607;5.79;0.35;240.32;3.82;826;14;1569.00;2
3782;14;623050958;3782;373;4609;4611;5.68;0.34;240.34;3.82;827;14;1570.00;2
3786;14;623050968;3786;383;4609;4611;5.50;0.33;240.30;3.82;823;14;1571.00;2
3789;14;623050978;3789;385;4609;4611;5.42;0.33;240.21;3.82;820;14;1572.00;2
3792;14;623050987;3792;388;4609;4611;5.31;0.32;240.13;3.82;817;14;1573.00;2
3796;14;623050996;3796;390;4610;4612;5.21;0.32;239.98;3.82;814;14;1574.00;2
3799;14;623051006;3799;397;4612;4614;5.17;0.31;239.94;3.82;813;14;1575.00;2
3800;14;623051015;3800;393;4612;4614;5.13;0.31;240.05;3.82;812;14;1576.00;2
3802;14;623051024;3802;377;4613;4615;5.13;0.31;240.13;3.82;811;14;1577.00;2
3804;14;623051033;3804;376;4613;4615;5.10;0.31;240.14;3.82;809;14;1578.00;2
3805;14;623051042;3805;372;4613;4615;5.14;0.31;240.15;3.82;808;14;1579.00;2
3806;14;623051051;3806;372;4613;4615;5.18;0.31;240.16;3.82;807;14;1580.00;2
3807;14;623051060;3807;371;4613;4615;5.20;0.32;240.17;3.82;806;14;1581.00;2
3808;14;623051069;3808;376;4613;4615;5.21;0.32;240.15;3.82;805;14;1582.00;2
3809;14;623051078;3809;373;4613;4615;5.28;0.32;240.12;3.82;804;14;1583.00;2
3809;14;623051087;3809;395;4685;4742;5.78;0.36;240.12;3.79;876;14;1584.00;57
3809;14;623051106;3809;391;4688;4743;5.89;0.36;240.12;3.79;879;14;1585.00;55
3810;14;623051116;3810;368;4697;4743;6.06;0.37;240.10;3.78;887;14;1586.00;46
3811;14;623051127;3811;343;4699;4743;6.15;0.38;240.04;3.78;888;14;1587.00;44
3812;14;623051137;3812;322;4704;4743;6.31;0.39;240.02;3.78;892;14;1588.00;39
3812;14;623051148;3812;305;4705;4743;6.42;0.40;240.02;3.78;893;14;1589.00;38
3812;14;623051160;3812;297;4709;4743;6.55;0.40;240.02;3.79;897;14;1590.00;34
3814;14;623051171;3814;290;4710;4743;6.62;0.41;240.04;3.79;896;14;1591.00;33
3815;14;623051183;3815;286;4713;4744;6.69;0.41;240.05;3.79;898;14;1592.00;31
3816;14;623051196;3816;288;4718;4745;6.80;0.42;240.03;3.80;902;14;1593.00;27
3817;14;623051227;3817;280;4721;4745;6.91;0.42;240.06;3.80;904;14;1594.00;24
3818;14;623051240;3818;275;4723;4746;7.08;0.43;240.03;3.80;905;14;1595.00;23
3818;14;623051252;3818;282;4724;4746;7.20;0.44;240.03;3.80;906;14;1596.00;22
3819;14;623051263;3819;282;4727;4746;7.34;0.45;240.07;3.81;908;14;1597.00;19
3820;14;623051275;3820;279;4728;4746;7.43;0.46;240.06;3.81;908;14;1598.00;18
3820;14;623051286;3820;281;4735;4750;7.55;0.46;240.06;3.82;915;14;1599.00;15
3820;14;623051300;3820;283;4736;4750;7.64;0.47;240.06;3.82;916;14;1600.00;14
3824;14;623051316;3824;283;4738;4750;7.72;0.47;240.02;3.82;914;14;1601.00;12
3825;14;623051328;3825;278;4739;4753;7.83;0.48;240.07;3.82;914;14;1602.00;14
3826;14;623051346;3826;278;4741;4753;7.92;0.48;240.08;3.83;915;14;1603.00;12
3827;14;623051358;3827;272;4741;4753;8.06;0.49;240.09;3.83;914;14;1604.00;12
3829;14;623051370;3829;268;4745;4757;8.13;0.50;240.17;3.83;916;14;1605.00;12
3830;14;623051382;3830;271;4746;4758;8.27;0.50;240.12;3.83;916;14;1606.00;12
3832;14;623051394;3832;259;4747;4758;8.36;0.51;240.08;3.83;915;14;1607.00;11
3835;14;623051405;3835;262;4751;4762;8.44;0.51;240.05;3.83;916;14;1608.00;11
3838;14;623051417;3838;260;4752;4762;8.50;0.52;240.13;3.84;914;14;1609.00;10
3838;14;623051435;3838;251;4752;4762;8.58;0.52;240.13;3.84;914;14;1610.00;10
3841;14;623051446;3841;249;4753;4763;8.68;0.53;240.09;3.84;912;14;1611.00;10
3842;14;623051458;3842;250;4754;4763;8.78;0.53;240.07;3.84;912;14;1612.00;9
3843;14;623051470;3843;245;4759;4769;8.87;0.54;240.05;3.83;916;14;1613.00;10
3844;14;623051482;3844;242;4759;4769;8.97;0.55;240.01;3.83;915;14;1614.00;10
3849;14;623051493;3849;246;4759;4770;9.00;0.55;240.02;3.83;910;14;1615.00;11
3853;14;623051505;3853;239;4759;4770;9.04;0.55;240.07;3.83;906;14;1616.00;11
3854;14;623051518;3854;239;4759;4770;9.11;0.55;240.07;3.83;905;14;1617.00;11
3856;14;623051530;3856;232;4759;4770;9.18;0.56;240.08;3.83;903;14;1618.00;11
3860;14;623051542;3860;230;4760;4770;9.21;0.56;240.26;3.85;900;14;1619.00;10
3861;14;623051556;3861;235;4785;4806;9.29;0.57;240.25;3.83;924;14;1620.00;21
3864;14;623051573;3864;227;4786;4806;9.43;0.58;240.25;3.83;922;14;1621.00;20
3865;14;623051585;3865;219;4789;4806;9.56;0.58;240.27;3.83;924;14;1622.00;17
3869;14;623051598;3869;215;4789;4806;9.61;0.59;240.25;3.83;920;14;1623.00;17
3871;14;623051611;3871;209;4790;4806;9.70;0.59;240.28;3.83;919;14;1624.00;16
3876;14;623051628;3876;208;4790;4806;9.74;0.59;240.22;3.83;914;14;1625.00;16
3879;14;623051641;3879;209;4794;4810;9.72;0.59;240.27;3.83;915;14;1626.00;16
3883;14;623051663;3883;209;4794;4810;9.79;0.60;240.46;3.83;911;14;1627.00;16
3887;15;623051680;3887;215;4798;4814;9.79;0.60;240.62;3.83;911;15;1628.00;16
3893;15;623051701;3893;206;4799;4815;9.77;0.59;240.65;3.83;906;15;1629.00;16
3897;15;623051713;3897;206;4799;4815;9.76;0.59;240.62;3.83;902;15;1630.00;16
3901;15;623051730;3901;203;4799;4815;9.69;0.59;240.59;3.83;898;15;1631.00;16
3907;15;623051741;3907;199;4810;4828;9.57;0.58;240.85;3.82;903;15;1632.00;18
3910;15;623051753;3910;199;4810;4828;9.58;0.58;240.95;3.82;900;15;1633.00;18
3912;15;623051765;3912;194;4811;4828;9.63;0.59;241.05;3.83;899;15;1634.00;17
3915;15;623051776;3915;200;4813;4829;9.68;0.59;241.09;3.84;898;15;1635.00;16
3917;16;623051793;3917;195;4813;4830;9.72;0.60;241.11;3.84;896;16;1636.00;17
3918;16;623051810;3918;201;4814;4830;9.82;0.60;241.10;3.85;896;16;1637.00;16
3923;16;623051822;3923;194;4816;4833;9.87;0.60;241.22;3.85;893;16;1638.00;17
3930;16;623051833;3930;192;4817;4833;9.89;0.60;241.27;3.85;887;16;1639.00;16
3934;16;623051845;3934;196;4817;4833;9.92;0.61;241.52;3.85;883;16;1640.00;16
3938;16;623051856;3938;195;4818;4833;9.94;0.61;241.61;3.85;880;16;1641.00;15
3943;16;623051867;3943;196;4823;4839;10.03;0.61;241.73;3.85;880;16;1642.00;16
3946;16;623051879;3946;200;4823;4839;10.06;0.61;241.66;3.85;877;16;1643.00;16
3950;16;623051890;3950;198;4823;4839;10.08;0.62;241.75;3.85;873;16;1644.00;16
3955;16;623051901;3955;204;4823;4839;10.06;0.61;241.78;3.85;868;16;1645.00;16
3958;16;623051911;3958;207;4826;4843;10.02;0.61;241.81;3.84;868;16;1646.00;17
3961;16;623051928;3961;207;4827;4844;10.04;0.61;241.81;3.84;866;16;1647.00;17
3965;16;623051940;3965;209;4827;4844;10.12;0.62;241.92;3.84;862;16;1648.00;17
3967;16;623051951;3967;209;4829;4845;10.16;0.62;241.99;3.85;862;16;1649.00;16
3970;16;623051964;3970;211;4829;4845;10.15;0.62;242.08;3.85;859;16;1650.00;16
3971;16;623051975;3971;216;4829;4845;10.14;0.62;242.16;3.85;858;16;1651.00;16
3973;16;623051986;3973;214;4829;4845;10.10;0.62;242.12;3.85;856;16;1652.00;16
3978;16;623051996;3978;216;4829;4845;10.03;0.61;242.19;3.85;851;16;1653.00;16
3980;16;623052007;3980;220;4829;4845;9.98;0.61;242.16;3.85;849;16;1654.00;16
3983;16;623052018;3983;218;4829;4845;9.89;0.60;242.21;3.85;846;16;1655.00;16
3986;16;623052028;3986;226;4867;4915;9.80;0.60;242.21;3.83;881;16;1656.00;48
3989;16;623052048;3989;227;4869;4916;9.67;0.59;242.25;3.83;880;16;1657.00;47
3995;16;623052059;3995;229;4876;4916;9.52;0.58;242.48;3.83;881;16;1658.00;40
3999;16;623052070;3999;234;4877;4916;9.38;0.57;242.66;3.84;878;16;1659.00;39
4001;16;623052081;4001;237;4880;4916;9.31;0.57;242.75;3.85;879;16;1660.00;36
4005;16;623052092;4005;243;4883;4916;9.21;0.56;242.89;3.86;878;16;1661.00;33
4007;16;623052102;4007;245;4884;4916;9.17;0.56;242.89;3.86;877;16;1662.00;32
4012;16;623052113;4012;243;4887;4916;9.15;0.56;243.12;3.88;875;16;1663.00;29
4015;16;623052123;4015;246;4890;4917;9.20;0.56;243.23;3.89;875;16;1664.00;27
4020;16;623052134;4020;240;4891;4919;9.14;0.56;243.10;3.89;871;16;1665.00;28
4021;16;623052145;4021;239;4894;4919;9.20;0.56;243.10;3.89;873;16;1666.00;25
4024;16;623052156;4024;244;4899;4923;9.15;0.56;243.20;3.91;875;16;1667.00;24
4028;16;623052167;4028;247;4902;4923;9.16;0.56;243.17;3.91;874;16;1668.00;21
4032;16;623052182;4032;253;4906;4923;9.10;0.56;243.31;3.93;874;16;1669.00;17
4034;16;623052206;4034;258;4908;4923;9.12;0.56;243.36;3.93;874;16;1670.00;15
4035;16;623052223;4035;263;4915;4929;9.17;0.56;243.44;3.94;880;16;1671.00;14
4040;16;623052250;4040;270;4916;4929;9.16;0.56;243.56;3.94;876;16;1672.00;13
4042;16;623052269;4042;274;4917;4929;9.10;0.56;243.66;3.95;875;16;1673.00;12
4045;16;623052286;4045;278;4920;4932;9.08;0.55;243.70;3.96;875;16;1674.00;12
4049;16;623052302;4049;285;4920;4932;8.95;0.55;243.78;3.96;871;16;1675.00;12
4051;16;623052316;4051;291;4924;4932;8.83;0.54;243.85;3.98;873;16;1676.00;8
4054;16;623052333;4054;293;4924;4933;8.67;0.53;243.94;3.98;870;16;1677.00;9
4058;16;623052353;4058;299;4925;4934;8.55;0.52;244.10;3.98;867;16;1678.00;9
4063;16;623052366;4063;303;4929;4934;8.33;0.51;244.07;4.00;866;16;1679.00;5
4067;16;623052385;4067;310;4945;4960;8.25;0.51;244.22;3.98;878;16;1680.00;15
4070;16;623052403;4070;303;4947;4960;8.19;0.50;244.14;3.99;877;16;1681.00;13
4071;16;623052415;4071;301;4950;4960;8.19;0.50;244.18;3.99;879;16;1682.00;10
4073;16;623052431;4073;299;4953;4961;8.12;0.50;244.27;3.99;880;16;1683.00;8
4075;16;623052450;4075;303;4954;4961;8.06;0.49;244.21;3.99;879;16;1684.00;7
4077;16;623052468;4077;308;4959;4965;8.06;0.49;244.23;3.99;882;16;1685.00;6
4081;16;623052482;4081;309;4960;4965;7.93;0.49;244.42;3.99;879;16;1686.00;5
4082;16;623052501;4082;317;4964;4969;7.82;0.48;244.40;3.99;882;16;1687.00;5
4085;16;623052513;4085;316;4964;4969;7.75;0.47;244.43;3.99;879;16;1688.00;5
4087;16;623052523;4087;318;4964;4969;7.63;0.47;244.44;3.99;877;16;1689.00;5
4091;16;623052534;4091;320;4964;4969;7.54;0.46;244.59;3.99;873;16;1690.00;5
4094;16;623052544;4094;321;4964;4969;7.49;0.46;244.58;3.99;870;16;1691.00;5
4097;16;623052554;4097;325;4974;4981;7.38;0.45;244.67;3.98;877;16;1692.00;7
4102;16;623052565;4102;332;4975;4981;7.22;0.44;244.70;3.98;873;16;1693.00;6
4105;16;623052575;4105;334;4977;4981;7.09;0.43;244.64;3.98;872;16;1694.00;4
4111;16;623052584;4111;335;4978;4981;6.93;0.42;244.58;3.98;867;16;1695.00;3
4115;16;623052595;4115;341;4978;4981;6.73;0.41;244.82;3.98;863;16;1696.00;3
4117;16;623052605;4117;343;4978;4981;6.59;0.40;244.80;3.98;861;16;1697.00;3
4120;16;623052615;4120;352;4979;4982;6.42;0.39;245.01;3.98;859;16;1698.00;3
4123;16;623052624;4123;357;4979;4982;6.19;0.38;245.01;3.98;856;16;1699.00;3
4126;16;623052635;4126;356;4985;4988;6.14;0.38;245.10;3.98;859;16;1700.00;3
4128;16;623052650;4128;358;4986;4989;6.06;0.37;245.11;3.98;858;16;1701.00;3
4131;16;623052660;4131;356;4986;4989;6.04;0.37;245.29;3.98;855;16;1702.00;3
4133;16;623052670;4133;359;4986;4989;5.97;0.37;245.22;3.98;853;16;1703.00;3
4134;16;623052680;4134;345;4990;4993;5.96;0.37;245.26;3.97;856;16;1704.00;3
4136;16;623052690;4136;348;4990;4993;5.94;0.37;245.22;3.97;854;16;1705.00;3
4140;16;623052699;4140;344;4990;4993;5.94;0.37;245.21;3.97;850;16;1706.00;3
4148;16;623052709;4148;337;4991;4994;5.91;0.36;245.39;3.97;843;16;1707.00;3
4149;16;623052720;4149;334;4995;4998;5.98;0.37;245.43;3.97;846;16;1708.00;3
4152;16;623052729;4152;331;4995;4998;6.04;0.37;245.40;3.97;843;16;1709.00;3
4154;16;623052740;4154;330;4999;5004;6.13;0.38;245.39;3.97;845;16;1710.00;5
4155;16;623052751;4155;329;5000;5004;6.19;0.38;245.43;3.98;845;16;1711.00;4
4159;16;623052760;4159;329;5002;5004;6.22;0.38;245.52;3.98;843;16;1712.00;2
4162;16;623052770;4162;324;5002;5004;6.19;0.38;245.60;3.98;840;16;1713.00;2
4167;16;623052779;4167;321;5006;5008;6.23;0.38;245.61;3.98;839;16;1714.00;2
4169;16;623052789;4169;321;5006;5008;6.21;0.38;245.57;3.98;837;16;1715.00;2
4175;16;623052799;4175;322;5006;5008;6.14;0.38;245.57;3.98;831;16;1716.00;2
4178;16;623052810;4178;324;5006;5008;6.13;0.38;245.50;3.98;828;16;1717.00;2
4187;16;623052823;4187;323;5007;5009;6.06;0.37;245.34;3.97;820;16;1718.00;2
4190;16;623052836;4190;330;5008;5010;6.10;0.37;245.27;3.97;818;16;1719.00;2
4193;16;623052849;4193;327;5008;5010;6.09;0.37;245.23;3.97;815;16;1720.00;2
4194;16;623052865;4194;334;5009;5011;6.11;0.37;245.21;3.97;815;16;1721.00;2
4199;16;623052881;4199;330;5009;5011;6.05;0.37;245.21;3.97;810;16;1722.00;2
4205;16;623052894;4205;330;5009;5011;5.91;0.36;245.15;3.97;804;16;1723.00;2
4207;16;623052904;4207;328;5009;5011;5.89;0.36;245.10;3.97;802;16;1724.00;2
4208;16;623052917;4208;335;5009;5011;5.86;0.36;245.15;3.97;801;16;1725.00;2
4210;16;623052931;4210;339;5009;5011;5.87;0.36;245.18;3.97;799;16;1726.00;2
4217;16;623052946;4217;335;5009;5011;5.78;0.35;245.15;3.97;792;16;1727.00;2
4218;16;623052959;4218;356;5087;5138;6.23;0.38;245.16;3.91;869;16;1728.00;51
4222;16;623052984;4222;349;5090;5139;6.13;0.38;245.13;3.91;868;16;1729.00;49
4226;16;623052995;4226;345;5098;5139;6.17;0.38;245.26;3.91;872;16;1730.00;41
4229;16;623053007;4229;343;5098;5139;6.15;0.38;245.24;3.91;869;16;1731.00;41
4230;16;623053020;4230;348;5105;5139;6.19;0.38;245.28;3.91;875;16;1732.00;34
4232;16;623053032;4232;350;5109;5139;6.17;0.38;245.36;3.91;877;16;1733.00;30
4234;16;623053042;4234;357;5111;5139;6.12;0.38;245.36;3.91;877;16;1734.00;28
4235;16;623053054;4235;357;5113;5139;6.09;0.37;245.31;3.91;878;16;1735.00;26
4239;16;623053066;4239;362;5116;5140;6.00;0.37;245.37;3.91;877;16;1736.00;24
4242;16;623053079;4242;364;5122;5141;5.88;0.36;245.44;3.93;880;16;1737.00;19
4242;16;623053091;4242;367;5125;5141;5.77;0.35;245.44;3.93;883;16;1738.00;16
4244;16;623053102;4244;359;5128;5142;5.74;0.35;245.48;3.93;884;16;1739.00;14
4246;16;623053116;4246;355;5130;5142;5.76;0.35;245.48;3.94;884;16;1740.00;12
4246;16;623053126;4246;354;5132;5142;5.80;0.36;245.48;3.94;886;16;1741.00;10
4249;16;623053137;4249;354;5132;5142;5.84;0.36;245.50;3.94;883;16;1742.00;10
4251;16;623053148;4251;350;5136;5146;5.92;0.36;245.52;3.94;885;16;1743.00;10
4251;16;623053164;4251;348;5137;5146;6.07;0.37;245.52;3.94;886;16;1744.00;9
4255;16;623053186;4255;344;5137;5146;6.08;0.37;245.56;3.94;882;16;1745.00;9
4256;16;623053203;4256;340;5140;5149;6.17;0.38;245.55;3.94;884;16;1746.00;9
4258;16;623053214;4258;333;5140;5149;6.31;0.39;245.56;3.94;882;16;1747.00;9
4259;16;623053228;4259;323;5142;5149;6.41;0.39;245.59;3.95;883;16;1748.00;7
4260;16;623053239;4260;312;5147;5153;6.52;0.40;245.73;3.95;887;16;1749.00;6
4262;16;623053252;4262;309;5149;5154;6.67;0.41;245.69;3.95;887;16;1750.00;5
4264;16;623053264;4264;307;5150;5154;6.79;0.42;245.68;3.95;886;16;1751.00;4
4268;16;623053274;4268;304;5155;5158;6.86;0.42;245.54;3.96;887;16;1752.00;3
4270;16;623053286;4270;304;5155;5158;6.98;0.43;245.55;3.96;885;16;1753.00;3
4271;16;623053305;4271;299;5155;5158;7.05;0.43;245.53;3.96;884;16;1754.00;3
4272;16;623053326;4272;299;5157;5160;7.10;0.43;245.53;3.96;885;16;1755.00;3
4275;16;623053338;4275;281;5157;5160;7.20;0.44;245.51;3.96;882;16;1756.00;3
4277;16;623053350;4277;275;5162;5166;7.36;0.45;245.52;3.96;885;16;1757.00;4
4278;16;623053362;4278;264;5162;5166;7.43;0.45;245.50;3.96;884;16;1758.00;4
4281;16;623053375;4281;254;5162;5167;7.47;0.45;245.54;3.96;881;16;1759.00;5
4285;16;623053387;4285;244;5162;5167;7.50;0.46;245.56;3.96;877;16;1760.00;5
4288;16;623053400;4288;236;5162;5167;7.57;0.46;245.63;3.96;874;16;1761.00;5
4290;16;623053414;4290;232;5162;5167;7.73;0.47;245.60;3.96;872;16;1762.00;5
4293;16;623053427;4293;221;5162;5167;7.84;0.48;245.58;3.96;869;16;1763.00;5
4295;16;623053440;4295;208;5173;5179;8.04;0.49;245.67;3.96;878;16;1764.00;6
4299;16;623053453;4299;205;5173;5179;8.12;0.49;245.73;3.96;874;16;1765.00;6
4300;16;623053467;4300;197;5174;5179;8.21;0.50;245.74;3.96;874;16;1766.00;5
4302;16;623053492;4302;200;5174;5179;8.38;0.51;245.82;3.96;872;16;1767.00;5
4304;16;623053504;4304;194;5174;5179;8.47;0.51;245.90;3.96;870;16;1768.00;5
4306;16;623053516;4306;193;5174;5179;8.56;0.52;245.93;3.96;868;16;1769.00;5
4307;16;623053531;4307;180;5178;5183;8.68;0.53;245.95;3.96;871;16;1770.00;5
4309;16;623053543;4309;177;5178;5183;8.80;0.53;245.88;3.96;869;16;1771.00;5
4312;16;623053555;4312;171;5182;5187;8.92;0.54;245.83;3.96;870;16;1772.00;5
4314;16;623053567;4314;169;5183;5188;9.07;0.55;245.82;3.96;869;16;1773.00;5
4316;16;623053580;4316;166;5183;5188;9.19;0.56;245.97;3.96;867;16;1774.00;5
4316;16;623053592;4316;164;5183;5188;9.29;0.56;245.97;3.96;867;16;1775.00;5
4318;16;623053604;4318;165;5194;5201;9.40;0.57;246.04;3.95;876;16;1776.00;7
4319;16;623053617;4319;162;5194;5201;9.50;0.58;246.01;3.95;875;16;1777.00;7
4323;16;623053635;4323;164;5194;5201;9.54;0.58;246.02;3.95;871;16;1778.00;7
4324;16;623053647;4324;164;5195;5202;9.62;0.58;246.04;3.95;871;16;1779.00;7
4327;16;623053659;4327;163;5195;5203;9.69;0.59;246.06;3.95;868;16;1780.00;8
4333;16;623053672;4333;166;5195;5203;9.78;0.59;246.18;3.95;862;16;1781.00;8
4334;16;623053685;4334;162;5197;5206;9.86;0.60;246.17;3.95;863;16;1782.00;9
4338;16;623053698;4338;161;5197;5206;9.84;0.60;246.34;3.95;859;16;1783.00;9
4342;16;623053710;4342;165;5198;5206;9.91;0.60;246.33;3.95;856;16;1784.00;8
4344;16;623053723;4344;161;5198;5206;9.93;0.60;246.35;3.95;854;16;1785.00;8
4347;16;623053739;4347;162;5203;5212;9.97;0.61;246.34;3.95;856;16;1786.00;9
4350;16;623053753;4350;162;5203;5212;9.91;0.60;246.35;3.95;853;16;1787.00;9
4354;16;623053769;4354;162;5203;5212;9.96;0.60;246.29;3.95;849;16;1788.00;9
4357;16;623053785;4357;165;5203;5212;9.99;0.61;246.36;3.95;846;16;1789.00;9
4359;16;623053800;4359;165;5206;5216;10.00;0.61;246.33;3.95;847;16;1790.00;10
4363;16;623053814;4363;167;5207;5217;10.09;0.61;246.35;3.94;844;16;1791.00;10
4368;16;623053827;4368;166;5207;5217;10.11;0.61;246.43;3.94;839;16;1792.00;10
4370;16;623053840;4370;169;5208;5218;10.19;0.62;246.49;3.94;838;16;1793.00;10
4376;16;623053853;4376;170;5208;5218;10.28;0.62;246.47;3.94;832;16;1794.00;10
4377;16;623053867;4377;167;5208;5218;10.34;0.63;246.48;3.94;831;16;1795.00;10
4381;16;623053878;4381;163;5208;5218;10.33;0.63;246.74;3.94;827;16;1796.00;10
4384;16;623053890;4384;165;5208;5218;10.30;0.62;246.88;3.94;824;16;1797.00;10
4387;16;623053901;4387;161;5208;5218;10.32;0.63;247.03;3.94;821;16;1798.00;10
4392;16;623053913;4392;162;5208;5218;10.27;0.62;247.21;3.94;816;16;1799.00;10
4398;16;623053928;4398;181;5274;5356;9.98;0.61;247.38;3.89;876;16;1800.00;82
4400;16;623053956;4400;172;5274;5357;9.95;0.61;247.42;3.89;874;16;1801.00;83
4406;16;623053969;4406;160;5285;5357;9.97;0.61;247.53;3.89;879;16;1802.00;72
4409;16;623053988;4409;154;5287;5357;10.01;0.61;247.51;3.89;878;16;1803.00;70
4413;16;623054003;4413;157;5291;5357;9.96;0.61;247.67;3.89;878;16;1804.00;66
4416;16;623054017;4416;156;5296;5357;9.94;0.61;247.68;3.91;880;16;1805.00;61
4422;16;623054030;4422;155;5302;5357;9.82;0.60;247.69;3.91;880;16;1806.00;55
4425;16;623054042;4425;158;5309;5357;9.77;0.60;247.81;3.92;884;16;1807.00;48
4427;16;623054054;4427;161;5315;5358;9.78;0.60;247.84;3.92;888;16;1808.00;43
4433;16;623054065;4433;163;5316;5359;9.76;0.60;247.97;3.92;883;16;1809.00;43
4436;16;623054077;4436;166;5320;5359;9.76;0.60;248.06;3.92;884;16;1810.00;39
4437;16;623054088;4437;172;5325;5363;9.81;0.60;248.02;3.92;888;16;1811.00;38
4443;16;623054100;4443;171;5326;5363;9.79;0.60;248.09;3.92;883;16;1812.00;37
4444;16;623054112;4444;170;5327;5363;9.80;0.60;248.13;3.93;883;16;1813.00;36
4447;16;623054123;4447;167;5328;5363;9.83;0.60;248.14;3.93;881;16;1814.00;35
4452;16;623054135;4452;167;5331;5369;9.86;0.60;248.16;3.93;879;16;1815.00;38
4455;16;623054148;4455;167;5332;5369;9.82;0.60;248.12;3.93;877;16;1816.00;37
4459;16;623054162;4459;170;5332;5369;9.84;0.60;248.22;3.93;873;16;1817.00;37
4463;16;623054174;4463;175;5335;5372;9.81;0.60;248.37;3.93;872;16;1818.00;37
4466;16;623054193;4466;177;5336;5372;9.78;0.60;248.38;3.93;870;16;1819.00;36
4470;16;623054213;4470;178;5337;5372;9.79;0.60;248.37;3.93;867;16;1820.00;35
4473;16;623054231;4473;178;5339;5373;9.74;0.60;248.48;3.94;866;16;1821.00;34
4475;16;623054249;4475;181;5340;5374;9.75;0.60;248.47;3.94;865;16;1822.00;34
4478;16;623054265;4478;184;5340;5374;9.71;0.59;248.54;3.94;862;16;1823.00;34
4481;16;623054281;4481;189;5350;5387;9.59;0.59;248.61;3.93;869;16;1824.00;37
4487;16;623054297;4487;193;5353;5387;9.58;0.58;248.55;3.94;866;16;1825.00;34
4488;16;623054312;4488;200;5353;5387;9.58;0.58;248.61;3.94;865;16;1826.00;34
4493;16;623054325;4493;207;5356;5388;9.54;0.58;248.66;3.95;863;16;1827.00;32
4495;16;623054338;4495;217;5357;5388;9.55;0.58;248.59;3.95;862;16;1828.00;31
4497;16;623054351;4497;214;5362;5392;9.51;0.58;248.75;3.95;865;16;1829.00;30
4504;16;623054368;4504;217;5362;5392;9.46;0.57;248.76;3.95;858;16;1830.00;30
4504;16;623054395;4504;225;5366;5396;9.36;0.57;248.76;3.97;862;16;1831.00;30
4508;16;623054409;4508;221;5366;5396;9.25;0.56;248.92;3.97;858;16;1832.00;30
4509;16;623054423;4509;232;5368;5396;9.12;0.55;249.01;3.99;859;16;1833.00;28
4511;16;623054440;4511;237;5368;5396;8.97;0.55;249.04;3.99;857;16;1834.00;28
4512;16;623054460;4512;242;5370;5396;8.82;0.54;249.10;4.01;858;16;1835.00;26
4516;16;623054473;4516;254;5379;5408;8.68;0.53;249.09;4.00;863;16;1836.00;29
4517;16;623054487;4517;262;5380;5408;8.57;0.52;249.12;4.01;863;16;1837.00;28
4518;16;623054499;4518;276;5383;5408;8.43;0.51;249.18;4.02;865;16;1838.00;25
4518;16;623054513;4518;279;5384;5408;8.35;0.51;249.18;4.02;866;16;1839.00;24
4521;16;623054526;4521;292;5385;5408;8.22;0.50;249.25;4.03;864;16;1840.00;23
4523;16;623054540;4523;295;5385;5408;8.11;0.50;249.20;4.03;862;16;1841.00;23
4525;16;623054553;4525;301;5387;5409;8.00;0.49;249.23;4.04;862;16;1842.00;22
4527;16;623054565;4527;305;5388;5409;7.93;0.49;249.31;4.05;861;16;1843.00;21
4530;16;623054577;4530;312;5395;5415;7.84;0.48;249.36;4.06;865;16;1844.00;20
4532;16;623054592;4532;317;5397;5417;7.76;0.48;249.36;4.06;865;16;1845.00;20
4537;16;623054606;4537;325;5399;5417;7.64;0.47;249.54;4.07;862;16;1846.00;18
4538;16;623054618;4538;330;5399;5417;7.53;0.46;249.51;4.07;861;16;1847.00;18
4542;16;623054633;4542;333;5404;5421;7.42;0.46;249.54;4.08;862;16;1848.00;17
4545;16;623054649;4545;336;5404;5421;7.35;0.45;249.44;4.08;859;16;1849.00;17
4547;16;623054660;4547;337;5405;5421;7.24;0.45;249.45;4.09;858;16;1850.00;16
4549;16;623054672;4549;331;5406;5422;7.15;0.44;249.40;4.09;857;16;1851.00;16
4550;16;623054683;4550;337;5411;5426;7.12;0.44;249.38;4.10;861;16;1852.00;15
4551;16;623054694;4551;333;5411;5426;7.10;0.44;249.37;4.10;860;16;1853.00;15
4552;16;623054706;4552;330;5416;5429;7.13;0.44;249.39;4.10;864;16;1854.00;13
4554;16;623054718;4554;329;5416;5429;7.09;0.44;249.42;4.10;862;16;1855.00;13
4555;16;623054730;4555;334;5417;5429;7.10;0.44;249.46;4.10;862;16;1856.00;12
4559;16;623054741;4559;334;5418;5429;7.01;0.43;249.51;4.11;859;16;1857.00;11
4561;16;623054751;4561;343;5422;5433;7.05;0.44;249.46;4.10;861;16;1858.00;11
4562;16;623054764;4562;345;5422;5433;7.02;0.43;249.43;4.10;860;16;1859.00;11
4565;16;623054777;4565;353;5423;5433;6.91;0.43;249.34;4.11;858;16;1860.00;10
4566;16;623054788;4566;357;5423;5433;6.84;0.42;249.34;4.11;857;16;1861.00;10
4569;16;623054798;4569;364;5424;5434;6.68;0.41;249.36;4.11;855;16;1862.00;10
4572;16;623054808;4572;372;5426;5435;6.56;0.41;249.40;4.11;854;16;1863.00;9
4575;16;623054818;4575;374;5426;5435;6.41;0.40;249.31;4.11;851;16;1864.00;9
4579;16;623054828;4579;376;5427;5436;6.32;0.39;249.37;4.11;848;16;1865.00;9
4584;16;623054837;4584;377;5427;5436;6.22;0.39;249.21;4.11;843;16;1866.00;9
4589;16;623054848;4589;386;5427;5436;6.04;0.37;249.23;4.11;838;16;1867.00;9
4593;16;623054857;4593;394;5427;5436;5.86;0.36;249.25;4.11;834;16;1868.00;9
4598;16;623054867;4598;392;5427;5436;5.63;0.35;249.16;4.11;829;16;1869.00;9
4602;16;623054876;4602;389;5427;5436;5.48;0.34;249.16;4.11;825;16;1870.00;9
4604;16;623054885;4604;391;5427;5436;5.40;0.33;249.13;4.11;823;16;1871.00;9
4606;16;623054896;4606;414;5497;5563;5.73;0.36;249.14;4.05;891;16;1872.00;66
4609;16;623054917;4609;403;5501;5564;5.73;0.36;249.12;4.05;892;16;1873.00;63
4611;16;623054928;4611;390;5510;5564;5.79;0.36;249.12;4.05;899;16;1874.00;54
4616;16;623054940;4616;389;5512;5564;5.79;0.36;249.05;4.05;896;16;1875.00;52
4619;16;623054952;4619;386;5521;5564;5.85;0.37;249.03;4.05;902;16;1876.00;43
4623;16;623054963;4623;377;5522;5564;5.86;0.37;249.04;4.05;899;16;1877.00;42
4626;16;623054976;4626;370;5525;5564;5.84;0.37;249.09;4.05;899;16;1878.00;39
4628;16;623054989;4628;371;5528;5564;5.83;0.36;249.12;4.05;900;16;1879.00;36
4630;17;623055002;4630;369;5530;5565;5.83;0.36;249.14;4.05;900;17;1880.00;35
4631;17;623055036;4631;374;5534;5566;5.89;0.37;249.17;4.06;903;17;1881.00;32
4633;17;623055049;4633;373;5538;5568;5.90;0.37;249.19;4.06;905;17;1882.00;30
4636;17;623055063;4636;377;5540;5569;5.90;0.37;249.24;4.06;904;17;1883.00;29
4640;17;623055075;4640;381;5543;5569;5.89;0.36;249.22;4.06;903;17;1884.00;26
4643;17;623055090;4643;387;5545;5569;5.91;0.36;249.14;4.06;902;17;1885.00;24
4647;17;623055104;4647;396;5548;5569;5.86;0.36;249.16;4.08;901;17;1886.00;21
4649;17;623055118;4649;401;5553;5573;5.84;0.36;249.15;4.09;904;17;1887.00;20
4653;17;623055129;4653;404;5556;5573;5.86;0.36;249.24;4.09;903;17;1888.00;17
4654;17;623055138;4654;406;5558;5573;5.84;0.36;249.26;4.09;904;17;1889.00;15
4656;17;623055150;4656;405;5563;5579;5.82;0.36;249.30;4.10;907;17;1890.00;16
4661;17;623055162;4661;395;5565;5579;5.79;0.35;249.27;4.09;904;17;1891.00;14
4665;17;623055173;4665;387;5566;5579;5.78;0.35;249.19;4.10;901;17;1892.00;13
4667;17;623055184;4667;389;5570;5583;5.84;0.36;249.19;4.09;903;17;1893.00;13
4670;17;623055195;4670;386;5571;5584;5.86;0.36;249.23;4.09;901;17;1894.00;13
4673;17;623055205;4673;388;5573;5584;5.87;0.36;249.18;4.10;900;17;1895.00;11
4675;17;623055216;4675;383;5578;5588;5.95;0.36;249.17;4.10;903;17;1896.00;10
4676;17;623055228;4676;377;5578;5588;5.98;0.37;249.26;4.10;902;17;1897.00;10
4678;17;623055250;4678;373;5578;5588;6.00;0.37;249.21;4.10;900;17;1898.00;10
4680;17;623055262;4680;373;5579;5589;5.98;0.37;249.29;4.10;899;17;1899.00;10
4685;17;623055273;4685;372;5579;5589;5.95;0.36;249.31;4.10;894;17;1900.00;10
4688;17;623055288;4688;371;5584;5595;5.98;0.36;249.27;4.09;896;17;1901.00;11
4693;17;623055311;4693;369;5584;5595;5.90;0.36;249.24;4.09;891;17;1902.00;11
4697;17;623055324;4697;364;5584;5596;5.86;0.36;249.37;4.09;887;17;1903.00;12
4700;17;623055334;4700;366;5584;5596;5.84;0.36;249.40;4.09;884;17;1904.00;12
4707;18;623055344;4707;372;5584;5596;5.81;0.35;249.42;4.09;877;18;1905.00;12
4709;18;623055366;4709;372;5584;5596;5.88;0.36;249.49;4.09;875;18;1906.00;12
4711;18;623055377;4711;368;5584;5596;5.94;0.36;249.51;4.09;873;18;1907.00;12
4718;18;623055386;4718;370;5593;5608;6.01;0.37;249.47;4.09;875;18;1908.00;15
4719;18;623055398;4719;365;5593;5608;6.06;0.37;249.47;4.09;874;18;1909.00;15
4724;18;623055407;4724;358;5595;5608;6.07;0.37;249.48;4.09;871;18;1910.00;13
4726;18;623055417;4726;356;5596;5608;6.11;0.37;249.41;4.11;870;18;1911.00;12
4727;18;623055427;4727;358;5596;5608;6.14;0.37;249.44;4.11;869;18;1912.00;12
4730;18;623055437;4730;351;5596;5608;6.18;0.38;249.57;4.11;866;18;1913.00;12
4731;18;623055447;4731;347;5599;5612;6.25;0.38;249.57;4.10;868;18;1914.00;13
4731;18;623055457;4731;340;5599;5612;6.34;0.39;249.57;4.10;868;18;1915.00;13
4731;18;623055468;4731;342;5603;5616;6.50;0.40;249.57;4.10;872;18;1916.00;13
4732;18;623055478;4732;324;5604;5617;6.58;0.40;249.57;4.10;872;18;1917.00;13
4732;18;623055488;4732;316;5604;5617;6.71;0.41;249.57;4.10;872;18;1918.00;13
4735;18;623055499;4735;311;5604;5617;6.76;0.41;249.72;4.10;869;18;1919.00;13
4735;18;623055511;4735;317;5627;5646;6.90;0.42;249.72;4.08;892;18;1920.00;19
4739;18;623055524;4739;310;5628;5646;6.94;0.42;249.79;4.10;889;18;1921.00;18
4741;18;623055535;4741;304;5629;5646;7.06;0.43;249.89;4.10;888;18;1922.00;17
4747;18;623055545;4747;303;5631;5647;7.09;0.43;249.84;4.10;884;18;1923.00;16
4750;18;623055562;4750;300;5631;5648;7.17;0.44;249.98;4.10;881;18;1924.00;17
4751;18;623055573;4751;305;5631;5648;7.24;0.44;249.95;4.10;880;18;1925.00;17
4756;18;623055583;4756;284;5633;5651;7.29;0.44;250.08;4.10;877;18;1926.00;18
4757;18;623055606;4757;276;5633;5651;7.39;0.45;250.12;4.10;876;18;1927.00;18
4760;18;623055627;4760;270;5634;5651;7.48;0.46;250.12;4.10;874;18;1928.00;17
4763;18;623055639;4763;269;5634;5651;7.56;0.46;250.27;4.10;871;18;1929.00;17
4765;18;623055651;4765;262;5639;5657;7.67;0.47;250.35;4.10;874;18;1930.00;18
4770;18;623055667;4770;255;5640;5657;7.72;0.47;250.37;4.12;870;18;1931.00;17
4772;18;623055682;4772;248;5640;5657;7.81;0.48;250.48;4.12;868;18;1932.00;17
4775;18;623055700;4775;248;5640;5657;7.90;0.48;250.55;4.12;865;18;1933.00;17
4776;18;623055717;4776;244;5643;5661;8.01;0.49;250.57;4.12;867;18;1934.00;18
4779;18;623055729;4779;238;5645;5663;8.13;0.49;250.74;4.12;866;18;1935.00;18
4782;18;623055742;4782;235;5645;5663;8.26;0.50;250.92;4.12;863;18;1936.00;18
4784;18;623055753;4784;230;5646;5664;8.46;0.51;251.02;4.12;862;18;1937.00;18
4786;18;623055765;4786;224;5646;5664;8.57;0.52;251.16;4.12;860;18;1938.00;18
4789;18;623055777;4789;217;5646;5664;8.66;0.53;251.30;4.12;857;18;1939.00;18
4792;18;623055789;4792;218;5646;5664;8.74;0.53;251.35;4.12;854;18;1940.00;18
4794;18;623055801;4794;216;5647;5664;8.78;0.53;251.37;4.14;853;18;1941.00;17
4802;18;623055813;4802;221;5647;5664;8.81;0.53;251.40;4.14;845;18;1942.00;17
4805;18;623055825;4805;223;5647;5664;8.81;0.53;251.36;4.14;842;18;1943.00;17
4806;18;623055841;4806;236;5691;5734;8.73;0.53;251.41;4.11;885;18;1944.00;43
4811;18;623055858;4811;233;5692;5735;8.82;0.54;251.41;4.11;881;18;1945.00;43
4817;18;623055871;4817;227;5698;5735;8.95;0.54;251.41;4.11;881;18;1946.00;37
4818;18;623055883;4818;222;5700;5735;9.00;0.55;251.42;4.11;882;18;1947.00;35
4819;18;623055906;4819;221;5702;5735;9.12;0.55;251.43;4.11;883;18;1948.00;33
4821;18;623055918;4821;223;5704;5735;9.27;0.56;251.42;4.11;883;18;1949.00;31
4823;18;623055938;4823;228;5707;5737;9.35;0.57;251.45;4.11;884;18;1950.00;30
4824;18;623055951;4824;229;5710;5737;9.52;0.58;251.47;4.11;886;18;1951.00;27
4826;18;623055963;4826;231;5713;5738;9.63;0.58;251.59;4.11;887;18;1952.00;25
4827;18;623055976;4827;233;5714;5739;9.76;0.59;251.58;4.11;887;18;1953.00;25
4829;18;623055988;4829;234;5715;5739;9.85;0.60;251.66;4.11;886;18;1954.00;24
4832;18;623056000;4832;232;5718;5743;9.92;0.60;251.70;4.11;886;18;1955.00;25
4833;18;623056012;4833;227;5719;5743;10.05;0.61;251.73;4.11;886;18;1956.00;24
4836;18;623056024;4836;231;5720;5743;10.11;0.61;251.87;4.11;884;18;1957.00;23
4840;18;623056036;4840;228;5720;5743;10.14;0.61;251.91;4.11;880;18;1958.00;23
4841;18;623056048;4841;227;5725;5749;10.13;0.61;252.02;4.11;884;18;1959.00;24
4843;18;623056060;4843;224;5725;5749;10.13;0.61;252.03;4.11;882;18;1960.00;24
4846;18;623056072;4846;219;5725;5749;10.09;0.61;252.14;4.11;879;18;1961.00;24
4848;18;623056084;4848;218;5727;5752;10.15;0.61;252.17;4.11;879;18;1962.00;25
4853;18;623056097;4853;221;5727;5752;10.12;0.61;252.31;4.11;874;18;1963.00;25
4854;18;623056109;4854;213;5728;5752;10.06;0.61;252.32;4.11;874;18;1964.00;24
4857;18;623056120;4857;209;5728;5753;10.09;0.61;252.38;4.11;871;18;1965.00;25
4859;18;623056133;4859;206;5730;5754;10.04;0.61;252.46;4.13;871;18;1966.00;24
4861;18;623056144;4861;202;5730;5754;10.00;0.61;252.55;4.13;869;18;1967.00;24
4862;18;623056157;4862;200;5740;5767;9.99;0.61;252.56;4.13;878;18;1968.00;27
4867;18;623056169;4867;201;5740;5767;9.97;0.60;252.52;4.13;873;18;1969.00;27
4870;18;623056184;4870;198;5740;5767;9.97;0.60;252.51;4.13;870;18;1970.00;27
4871;18;623056203;4871;194;5741;5768;9.98;0.61;252.56;4.13;870;18;1971.00;27
4874;18;623056223;4874;184;5741;5768;9.95;0.60;252.66;4.13;867;18;1972.00;27
4879;18;623056247;4879;177;5746;5772;9.94;0.60;252.72;4.12;867;18;1973.00;26
4881;18;623056266;4881;180;5747;5772;9.88;0.60;252.70;4.14;866;18;1974.00;25
4886;18;623056284;4886;180;5751;5776;9.84;0.60;252.78;4.15;865;18;1975.00;25
4890;18;623056299;4890;177;5751;5776;9.88;0.60;252.84;4.15;861;18;1976.00;25
4892;18;623056312;4892;172;5751;5776;9.93;0.60;252.89;4.15;859;18;1977.00;25
4897;18;623056324;4897;169;5751;5776;9.96;0.60;252.80;4.15;854;18;1978.00;25
4903;18;623056337;4903;173;5751;5776;9.92;0.60;252.89;4.15;848;18;1979.00;25
4905;18;623056351;4905;179;5772;5810;9.96;0.61;252.89;4.13;867;18;1980.00;38
4907;18;623056366;4907;164;5773;5810;9.93;0.60;252.93;4.13;866;18;1981.00;37
4912;18;623056378;4912;168;5774;5810;9.91;0.60;252.90;4.13;862;18;1982.00;36
4914;18;623056391;4914;171;5775;5810;9.93;0.60;252.94;4.13;861;18;1983.00;35
4917;18;623056403;4917;175;5775;5810;9.90;0.60;252.90;4.13;858;18;1984.00;35
4921;18;623056415;4921;176;5775;5810;9.88;0.60;253.00;4.13;854;18;1985.00;35
4922;18;623056427;4922;181;5775;5811;9.93;0.60;253.04;4.13;853;18;1986.00;36
4926;18;623056438;4926;179;5776;5811;9.87;0.60;253.25;4.13;850;18;1987.00;35
4930;18;623056450;4930;179;5780;5817;9.88;0.60;253.38;4.13;850;18;1988.00;37
4933;18;623056463;4933;182;5780;5818;9.84;0.60;253.34;4.13;847;18;1989.00;38
4936;18;623056475;4936;182;5782;5818;9.75;0.59;253.39;4.13;846;18;1990.00;36
4940;18;623056488;4940;189;5783;5818;9.61;0.58;253.44;4.13;843;18;1991.00;35
4941;18;623056499;4941;192;5786;5822;9.59;0.58;253.47;4.13;845;18;1992.00;36
4943;18;623056511;4943;199;5787;5822;9.54;0.58;253.56;4.14;844;18;1993.00;35
4947;18;623056523;4947;198;5788;5822;9.36;0.57;253.61;4.14;841;18;1994.00;34
4951;18;623056534;4951;200;5790;5823;9.33;0.57;253.63;4.14;839;18;1995.00;33
4953;18;623056546;4953;207;5795;5827;9.18;0.56;253.70;4.15;842;18;1996.00;32
4956;18;623056556;4956;210;5795;5827;9.08;0.55;253.72;4.15;839;18;1997.00;32
4959;18;623056568;4959;217;5797;5830;9.03;0.55;253.71;4.15;838;18;1998.00;33
4960;18;623056579;4960;222;5799;5830;8.97;0.54;253.74;4.16;839;18;1999.00;31
4962;18;623056592;4962;227;5800;5830;8.83;0.54;253.82;4.18;838;18;2000.00;30
4964;18;623056607;4964;233;5800;5830;8.75;0.53;253.85;4.18;836;18;2001.00;30
4965;18;623056619;4965;237;5806;5834;8.71;0.53;253.91;4.19;841;18;2002.00;28
4966;18;623056631;4966;239;5806;5834;8.67;0.53;253.91;4.19;840;18;2003.00;28
4968;18;623056642;4968;239;5806;5834;8.56;0.52;253.90;4.19;838;18;2004.00;28
4970;18;623056653;4970;240;5808;5834;8.46;0.52;253.95;4.22;838;18;2005.00;26
4973;18;623056663;4973;246;5808;5835;8.36;0.51;254.03;4.22;835;18;2006.00;27
4977;18;623056674;4977;253;5811;5836;8.18;0.50;254.10;4.24;834;18;2007.00;25
4980;18;623056687;4980;261;5811;5836;8.11;0.49;254.24;4.24;831;18;2008.00;25
4981;18;623056699;4981;268;5813;5837;8.08;0.49;254.22;4.25;832;18;2009.00;24
4983;18;623056711;4983;275;5814;5837;8.04;0.49;254.30;4.26;831;18;2010.00;23
4986;18;623056721;4986;282;5814;5837;7.92;0.49;254.23;4.26;828;18;2011.00;23
4987;18;623056732;4987;288;5814;5837;7.84;0.48;254.20;4.26;827;18;2012.00;23
4989;18;623056741;4989;294;5816;5837;7.76;0.48;254.13;4.28;827;18;2013.00;21
4991;18;623056751;4991;300;5817;5837;7.61;0.47;254.07;4.28;826;18;2014.00;20
4993;18;623056761;4993;306;5818;5837;7.44;0.46;254.04;4.29;825;18;2015.00;19
4997;18;623056770;4997;322;5882;5964;7.62;0.47;254.03;4.25;885;18;2016.00;82
4997;18;623056790;4997;322;5886;5965;7.56;0.47;254.03;4.26;889;18;2017.00;79
4999;18;623056800;4999;321;5897;5965;7.57;0.47;253.96;4.26;898;18;2018.00;68
5002;18;623056810;5002;324;5900;5965;7.48;0.47;253.90;4.27;898;18;2019.00;65
5003;18;623056820;5003;318;5908;5965;7.40;0.46;253.86;4.27;905;18;2020.00;57
5005;18;623056829;5005;314;5913;5965;7.33;0.46;253.84;4.28;908;18;2021.00;52
5006;18;623056839;5006;313;5916;5965;7.35;0.46;253.80;4.28;910;18;2022.00;49
5010;18;623056850;5010;313;5919;5965;7.35;0.46;253.70;4.28;909;18;2023.00;46
5010;18;623056869;5010;313;5924;5966;7.39;0.46;253.70;4.29;914;18;2024.00;42
5016;18;623056880;5016;317;5928;5968;7.35;0.46;253.70;4.29;912;18;2025.00;40
5018;18;623056891;5018;315;5933;5968;7.37;0.46;253.72;4.30;915;18;2026.00;35
5022;18;623056902;5022;312;5937;5969;7.31;0.45;253.65;4.30;915;18;2027.00;32
5026;18;623056913;5026;317;5939;5969;7.25;0.45;253.62;4.31;913;18;2028.00;30
5027;18;623056924;5027;327;5942;5969;7.20;0.44;253.57;4.31;915;18;2029.00;27
5028;18;623056934;5028;335;5945;5969;7.18;0.44;253.55;4.31;917;18;2030.00;24
5032;18;623056943;5032;339;5949;5973;7.06;0.44;253.46;4.31;917;18;2031.00;24
5034;18;623056954;5034;351;5952;5973;6.91;0.43;253.47;4.32;918;18;2032.00;21
5035;18;623056964;5035;357;5953;5973;6.72;0.41;253.46;4.32;918;18;2033.00;20
5041;18;623056975;5041;364;5955;5976;6.56;0.40;253.33;4.32;914;18;2034.00;21
5042;18;623056985;5042;368;5957;5976;6.43;0.40;253.44;4.33;915;18;2035.00;19
5046;18;623056995;5046;379;5958;5976;6.28;0.39;253.51;4.33;912;18;2036.00;18
5047;18;623057005;5047;390;5964;5980;6.16;0.38;253.50;4.33;917;18;2037.00;16
5049;18;623057016;5049;396;5965;5981;6.02;0.37;253.55;4.33;916;18;2038.00;16
5052;18;623057026;5052;403;5967;5981;5.91;0.36;253.47;4.33;915;18;2039.00;14
5054;18;623057037;5054;396;5973;5986;5.85;0.36;253.54;4.33;919;18;2040.00;13
5056;18;623057047;5056;398;5974;5986;5.79;0.36;253.56;4.33;918;18;2041.00;12
5061;18;623057057;5061;398;5974;5986;5.69;0.35;253.50;4.33;913;18;2042.00;12
5065;18;623057068;5065;388;5975;5987;5.62;0.35;253.51;4.33;910;18;2043.00;12
5067;18;623057077;5067;387;5975;5987;5.60;0.35;253.50;4.33;908;18;2044.00;12
5068;18;623057087;5068;374;5981;5993;5.67;0.35;253.51;4.33;913;18;2045.00;12
5072;18;623057098;5072;366;5981;5993;5.66;0.35;253.53;4.33;909;18;2046.00;12
5073;18;623057108;5073;356;5982;5994;5.72;0.35;253.49;4.33;909;18;2047.00;12
5076;18;623057119;5076;356;5982;5994;5.81;0.36;253.57;4.33;906;18;2048.00;12
5080;18;623057129;5080;343;5982;5994;5.89;0.36;253.52;4.33;902;18;2049.00;12
5080;18;623057146;5080;337;5982;5994;5.97;0.37;253.52;4.33;902;18;2050.00;12
5082;18;623057157;5082;328;5982;5994;6.02;0.37;253.51;4.33;900;18;2051.00;12
5086;18;623057168;5086;322;5993;6006;6.14;0.38;253.49;4.32;907;18;2052.00;13
5090;18;623057195;5090;316;5993;6006;6.19;0.38;253.52;4.32;903;18;2053.00;13
5094;18;623057206;5094;314;5994;6006;6.26;0.38;253.46;4.32;900;18;2054.00;12
5096;19;623057217;5096;310;5995;6006;6.30;0.39;253.47;4.36;899;19;2055.00;11
5099;19;623057246;5099;309;5995;6006;6.33;0.39;253.44;4.36;896;19;2056.00;11
5101;19;623057257;5101;308;5995;6006;6.39;0.39;253.49;4.36;894;19;2057.00;11
5104;19;623057269;5104;307;5999;6010;6.46;0.39;253.64;4.36;895;19;2058.00;11
5106;19;623057280;5106;312;5999;6010;6.46;0.39;253.62;4.36;893;19;2059.00;11
5107;19;623057291;5107;310;6003;6014;6.56;0.40;253.60;4.36;896;19;2060.00;11
5108;19;623057302;5108;308;6004;6015;6.60;0.40;253.63;4.35;896;19;2061.00;11
5110;19;623057313;5110;304;6004;6015;6.64;0.40;253.59;4.35;894;19;2062.00;11
5117;19;623057325;5117;301;6004;6015;6.65;0.40;253.69;4.35;887;19;2063.00;11
5120;19;623057336;5120;304;6017;6028;6.77;0.41;253.88;4.35;897;19;2064.00;11
5125;19;623057350;5125;302;6017;6028;6.78;0.41;253.86;4.35;892;19;2065.00;11
5130;19;623057366;5130;301;6017;6028;6.81;0.41;253.81;4.35;887;19;2066.00;11
5135;19;623057377;5135;303;6018;6029;6.78;0.41;253.87;4.34;883;19;2067.00;11
5138;19;623057387;5138;302;6019;6030;6.77;0.41;253.99;4.34;881;19;2068.00;11
5140;19;623057397;5140;299;6019;6030;6.79;0.41;254.07;4.34;879;19;2069.00;11
5145;19;623057409;5145;301;6024;6036;6.82;0.41;254.18;4.39;879;19;2070.00;12
5151;19;623057420;5151;300;6024;6036;6.77;0.41;254.24;4.39;873;19;2071.00;12
5153;19;623057431;5153;304;6026;6036;6.80;0.41;254.35;4.38;873;19;2072.00;10
5158;19;623057441;5158;310;6026;6036;6.75;0.41;254.43;4.38;868;19;2073.00;10
5163;19;623057451;5163;304;6031;6042;6.80;0.41;254.47;4.38;868;19;2074.00;11
5164;19;623057462;5164;298;6031;6042;6.83;0.41;254.49;4.38;867;19;2075.00;11
5168;19;623057473;5168;302;6031;6042;6.87;0.42;254.53;4.38;863;19;2076.00;11
5170;19;623057483;5170;304;6031;6042;6.84;0.41;254.55;4.38;861;19;2077.00;11
5174;19;623057493;5174;308;6035;6046;6.84;0.41;254.66;4.38;861;19;2078.00;11
5179;19;623057505;5179;313;6036;6047;6.86;0.42;254.85;4.38;857;19;2079.00;11
5181;19;623057517;5181;305;6036;6047;6.87;0.42;254.94;4.38;855;19;2080.00;11
5184;19;623057528;5184;309;6037;6048;6.87;0.42;254.86;4.38;853;19;2081.00;11
5187;19;623057539;5187;312;6037;6048;6.84;0.42;255.02;4.38;850;19;2082.00;11
5189;19;623057549;5189;311;6037;6048;6.81;0.41;255.09;4.38;848;19;2083.00;11
5190;19;623057559;5190;310;6037;6048;6.84;0.42;255.06;4.38;847;19;2084.00;11
5192;19;623057571;5192;313;6037;6048;6.80;0.41;255.20;4.38;845;19;2085.00;11
5195;19;623057581;5195;312;6037;6048;6.74;0.41;255.35;4.38;842;19;2086.00;11
5200;19;623057591;5200;298;6037;6048;6.71;0.41;255.37;4.38;837;19;2087.00;11
5205;19;623057602;5205;309;6080;6118;6.84;0.42;255.63;4.35;875;19;2088.00;38
5208;19;623057618;5208;293;6081;6119;6.85;0.42;255.59;4.35;873;19;2089.00;38
5212;19;623057628;5212;283;6087;6119;6.91;0.42;255.72;4.38;875;19;2090.00;32
5216;19;623057640;5216;281;6089;6119;6.96;0.42;255.91;4.38;873;19;2091.00;30
5219;19;623057651;5219;271;6092;6119;7.05;0.43;255.95;4.38;873;19;2092.00;27
5222;19;623057662;5222;264;6093;6119;7.09;0.43;256.10;4.38;871;19;2093.00;26
5224;19;623057672;5224;265;6095;6119;7.18;0.44;256.11;4.38;871;19;2094.00;24
5226;19;623057683;5226;261;6098;6119;7.24;0.44;256.14;4.38;872;19;2095.00;21
5231;19;623057694;5231;250;6100;6120;7.28;0.44;256.27;4.38;869;19;2096.00;20
5235;19;623057706;5235;242;6102;6121;7.32;0.44;256.40;4.38;867;19;2097.00;19
5238;19;623057718;5238;230;6105;6121;7.39;0.45;256.41;4.39;867;19;2098.00;16
5238;19;623057729;5238;225;6108;6125;7.42;0.45;256.41;4.38;870;19;2099.00;17
5239;19;623057744;5239;227;6113;6140;7.47;0.45;256.47;4.38;874;19;2100.00;27
5242;19;623057763;5242;225;6113;6140;7.58;0.46;256.51;4.38;871;19;2101.00;27
5244;19;623057774;5244;225;6113;6140;7.69;0.47;256.52;4.38;869;19;2102.00;27
5244;19;623057787;5244;226;6117;6146;7.77;0.47;256.52;4.38;873;19;2103.00;29
5244;19;623057799;5244;223;6117;6146;7.95;0.48;256.52;4.38;873;19;2104.00;29
5245;19;623057811;5245;221;6118;6146;8.10;0.49;256.52;4.38;873;19;2105.00;28
5249;19;623057822;5249;219;6121;6149;8.25;0.50;256.58;4.38;872;19;2106.00;28
5253;19;623057834;5253;214;6121;6149;8.48;0.51;256.57;4.38;868;19;2107.00;28
5255;19;623057846;5255;218;6122;6149;8.62;0.52;256.60;4.38;867;19;2108.00;27
5257;19;623057858;5257;216;6122;6150;8.83;0.54;256.58;4.38;865;19;2109.00;28
5260;19;623057871;5260;212;6123;6151;8.95;0.54;256.66;4.38;863;19;2110.00;28
5263;19;623057883;5263;208;6124;6151;8.88;0.54;256.63;4.38;861;19;2111.00;27
5266;19;623057895;5266;205;6134;6164;8.89;0.54;256.66;4.37;868;19;2112.00;30
5271;19;623057908;5271;198;6135;6164;8.98;0.55;256.68;4.37;864;19;2113.00;29
5273;19;623057920;5273;195;6135;6164;9.05;0.55;256.70;4.37;862;19;2114.00;29
5276;19;623057932;5276;200;6137;6166;9.09;0.55;256.74;4.37;861;19;2115.00;29
5279;19;623057945;5279;204;6138;6166;9.13;0.55;256.74;4.37;859;19;2116.00;28
5284;19;623057957;5284;201;6141;6170;9.22;0.56;256.73;4.37;857;19;2117.00;29
5284;19;623057970;5284;201;6142;6170;9.25;0.56;256.73;4.37;858;19;2118.00;28
5285;19;623057981;5285;196;6145;6174;9.29;0.56;256.84;4.37;860;19;2119.00;29
5290;19;623057993;5290;193;6145;6174;9.37;0.57;256.80;4.37;855;19;2120.00;29
5292;19;623058005;5292;189;6145;6174;9.44;0.57;256.76;4.37;853;19;2121.00;29
5293;19;623058016;5293;187;6146;6174;9.43;0.57;256.77;4.37;853;19;2122.00;28
5295;19;623058027;5295;187;6146;6174;9.46;0.57;256.77;4.37;851;19;2123.00;28
5295;19;623058039;5295;185;6155;6186;9.56;0.58;256.77;4.37;860;19;2124.00;31
5297;19;623058052;5297;184;6155;6186;9.63;0.59;256.77;4.37;858;19;2125.00;31
5300;19;623058063;5300;180;6157;6186;9.68;0.59;256.88;4.37;857;19;2126.00;29
5301;19;623058075;5301;177;6161;6186;9.74;0.59;256.89;4.38;860;19;2127.00;25
5303;19;623058086;5303;176;6161;6186;9.80;0.60;256.97;4.38;858;19;2128.00;25
5307;19;623058098;5307;170;6162;6186;9.82;0.60;257.01;4.38;855;19;2129.00;24
5307;19;623058111;5307;171;6162;6187;9.89;0.60;257.01;4.38;855;19;2130.00;25
5311;19;623058122;5311;173;6162;6187;9.94;0.61;257.03;4.38;851;19;2131.00;25
5312;19;623058141;5312;171;6167;6193;9.98;0.61;257.09;4.38;855;19;2132.00;26
5313;19;623058158;5313;167;6168;6194;10.04;0.61;257.05;4.38;855;19;2133.00;26
5320;19;623058170;5320;169;6168;6194;10.05;0.61;257.23;4.38;848;19;2134.00;26
5322;19;623058185;5322;160;6168;6194;10.03;0.61;257.34;4.38;846;19;2135.00;26
5325;19;623058203;5325;164;6171;6198;10.04;0.61;257.47;4.38;846;19;2136.00;27
5326;19;623058222;5326;161;6171;6198;10.05;0.61;257.48;4.38;845;19;2137.00;27
5331;19;623058241;5331;164;6171;6198;10.02;0.61;257.59;4.38;840;19;2138.00;27
5335;19;623058258;5335;158;6172;6199;9.96;0.60;257.69;4.37;837;19;2139.00;27
5339;19;623058274;5339;158;6175;6203;9.85;0.60;257.71;4.37;836;19;2140.00;28
5344;19;623058291;5344;159;6175;6203;9.70;0.59;257.69;4.37;831;19;2141.00;28
5346;19;623058305;5346;156;6177;6206;9.70;0.59;257.75;4.37;831;19;2142.00;29
5349;19;623058317;5349;161;6178;6206;9.63;0.59;257.72;4.37;829;19;2143.00;28
5355;19;623058329;5355;167;6178;6206;9.56;0.58;257.75;4.37;823;19;2144.00;28
5357;19;623058352;5357;166;6180;6206;9.59;0.58;257.70;4.39;823;19;2145.00;26
5361;19;623058366;5361;163;6184;6210;9.67;0.59;257.75;4.39;823;19;2146.00;26
5367;19;623058380;5367;165;6184;6210;9.62;0.59;257.78;4.39;817;19;2147.00;26
5370;19;623058396;5370;166;6184;6210;9.66;0.59;257.84;4.39;814;19;2148.00;26
5373;19;623058409;5373;160;6184;6210;9.73;0.59;257.85;4.39;811;19;2149.00;26
5377;19;623058421;5377;158;6184;6211;9.73;0.59;257.88;4.39;807;19;2150.00;27
5385;19;623058433;5385;159;6185;6212;9.75;0.59;257.89;4.39;800;19;2151.00;27
5387;19;623058446;5387;157;6185;6212;9.80;0.59;257.87;4.39;798;19;2152.00;27
5390;19;623058458;5390;156;6186;6213;9.82;0.60;257.84;4.39;796;19;2153.00;27
5392;19;623058473;5392;159;6186;6213;9.81;0.59;257.87;4.39;794;19;2154.00;27
5395;19;623058485;5395;164;6186;6213;9.77;0.59;257.95;4.39;791;19;2155.00;27
5398;19;623058497;5398;170;6186;6213;9.71;0.59;258.05;4.39;788;19;2156.00;27
5400;19;623058509;5400;177;6186;6213;9.62;0.58;258.09;4.39;786;19;2157.00;27
5402;19;623058521;5402;182;6186;6213;9.54;0.58;258.17;4.39;784;19;2158.00;27
5403;19;623058532;5403;184;6186;6213;9.43;0.57;258.18;4.39;783;19;2159.00;27
5406;19;623058544;5406;223;6285;6443;9.43;0.59;258.24;4.32;879;19;2160.00;158
5409;19;623058577;5409;218;6290;6444;9.34;0.58;258.31;4.32;881;19;2161.00;154
5412;19;623058589;5412;210;6300;6444;9.34;0.58;258.35;4.31;888;19;2162.00;144
5415;19;623058608;5415;211;6305;6444;9.31;0.58;258.39;4.31;890;19;2163.00;139
5417;19;623058619;5417;208;6313;6444;9.23;0.57;258.49;4.31;896;19;2164.00;131
5417;19;623058629;5417;212;6319;6444;9.17;0.57;258.49;4.31;902;19;2165.00;125
5419;19;623058640;5419;211;6328;6444;9.07;0.56;258.51;4.31;909;19;2166.00;116
5422;19;623058651;5422;220;6335;6444;8.97;0.55;258.50;4.32;913;19;2167.00;109
5425;20;623058662;5425;229;6343;6445;8.81;0.55;258.45;4.32;918;20;2168.00;102
5427;20;623058691;5427;241;6347;6446;8.72;0.54;258.45;4.32;920;20;2169.00;99
5429;20;623058702;5429;239;6354;6446;8.57;0.53;258.47;4.35;925;20;2170.00;92
5432;20;623058713;5432;250;6357;6447;8.41;0.52;258.42;4.36;925;20;2171.00;90
5433;20;623058725;5433;259;6363;6447;8.23;0.51;258.39;4.38;930;20;2172.00;84
5437;20;623058736;5437;266;6366;6447;8.12;0.50;258.33;4.38;929;20;2173.00;81
5439;20;623058747;5439;274;6369;6447;7.98;0.49;258.31;4.38;930;20;2174.00;78
5441;20;623058758;5441;283;6373;6451;7.90;0.49;258.41;4.40;932;20;2175.00;78
5441;20;623058769;5441;290;6377;6451;7.84;0.49;258.41;4.41;936;20;2176.00;74
5445;20;623058786;5445;298;6380;6451;7.68;0.48;258.37;4.42;935;20;2177.00;71
5449;20;623058796;5449;306;6384;6454;7.62;0.47;258.39;4.43;935;20;2178.00;70
5452;20;623058808;5452;315;6386;6454;7.53;0.46;258.30;4.43;934;20;2179.00;68
5453;20;623058818;5453;319;6388;6454;7.38;0.45;258.32;4.45;935;20;2180.00;66
5455;20;623058829;5455;333;6398;6458;7.15;0.44;258.31;4.49;943;20;2181.00;60
5455;20;623058841;5455;341;6399;6459;7.10;0.44;258.31;4.49;944;20;2182.00;60
5458;20;623058853;5458;344;6404;6459;7.03;0.43;258.20;4.51;946;20;2183.00;55
5460;20;623058869;5460;353;6405;6463;6.99;0.43;258.14;4.51;945;20;2184.00;58
5461;20;623058880;5461;354;6408;6463;6.89;0.42;258.10;4.52;947;20;2185.00;55
5463;20;623058890;5463;365;6412;6463;6.79;0.42;258.15;4.53;949;20;2186.00;51
5463;20;623058901;5463;375;6412;6464;6.74;0.42;258.15;4.53;949;20;2187.00;52
5464;20;623058910;5464;390;6414;6464;6.68;0.41;258.14;4.54;950;20;2188.00;50
5466;20;623058920;5466;392;6419;6470;6.61;0.41;258.13;4.55;953;20;2189.00;51
5467;20;623058933;5467;400;6421;6470;6.46;0.40;258.08;4.56;954;20;2190.00;49
5468;20;623058944;5468;400;6423;6471;6.35;0.39;258.07;4.57;955;20;2191.00;48
5469;20;623058954;5469;402;6425;6471;6.23;0.39;258.09;4.58;956;20;2192.00;46
5472;20;623058964;5472;404;6426;6471;6.13;0.38;258.01;4.58;954;20;2193.00;45
5474;20;623058975;5474;414;6429;6471;5.97;0.37;257.97;4.60;955;20;2194.00;42
5475;20;623058985;5475;407;6429;6471;5.96;0.37;257.96;4.60;954;20;2195.00;42
5477;20;623058995;5477;407;6438;6483;5.95;0.37;257.93;4.59;961;20;2196.00;45
5478;20;623059005;5478;404;6440;6483;5.94;0.37;257.90;4.60;962;20;2197.00;43
5481;20;623059015;5481;401;6441;6483;5.92;0.37;257.83;4.60;960;20;2198.00;42
5482;20;623059025;5482;398;6444;6483;5.96;0.37;257.84;4.61;962;20;2199.00;39
5485;20;623059036;5485;396;6445;6483;5.97;0.37;257.74;4.61;960;20;2200.00;38
5489;20;623059050;5489;394;6446;6483;5.90;0.36;257.69;4.62;957;20;2201.00;37
5490;20;623059072;5490;397;6450;6487;5.89;0.36;257.71;4.62;960;20;2202.00;37
5493;20;623059083;5493;393;6453;6487;5.84;0.36;257.65;4.63;960;20;2203.00;34
5495;20;623059093;5495;395;6457;6491;5.85;0.36;257.68;4.63;962;20;2204.00;34
5499;20;623059103;5499;395;6459;6493;5.79;0.36;257.64;4.63;960;20;2205.00;34
5502;20;623059114;5502;395;6461;6493;5.77;0.35;257.67;4.64;959;20;2206.00;32
5504;20;623059125;5504;400;6462;6493;5.71;0.35;257.65;4.64;958;20;2207.00;31
5508;20;623059134;5508;407;6473;6506;5.68;0.35;257.60;4.64;965;20;2208.00;33
5509;20;623059152;5509;409;6474;6506;5.59;0.34;257.64;4.64;965;20;2209.00;32
5510;20;623059173;5510;399;6478;6508;5.56;0.34;257.68;4.64;968;20;2210.00;30
5511;20;623059187;5511;402;6480;6509;5.60;0.35;257.71;4.64;969;20;2211.00;29
5513;20;623059198;5513;405;6481;6510;5.62;0.35;257.63;4.64;968;20;2212.00;29
5516;20;623059210;5516;401;6482;6510;5.62;0.34;257.60;4.64;966;20;2213.00;28
5521;20;623059223;5521;399;6484;6513;5.63;0.34;257.55;4.64;963;20;2214.00;29
5522;20;623059235;5522;394;6485;6513;5.73;0.35;257.63;4.64;963;20;2215.00;28
5526;20;623059247;5526;387;6487;6513;5.73;0.35;257.70;4.64;961;20;2216.00;26
5529;20;623059259;5529;381;6487;6513;5.75;0.35;257.71;4.64;958;20;2217.00;26
5531;20;623059272;5531;377;6491;6519;5.84;0.36;257.71;4.64;960;20;2218.00;28
5532;20;623059285;5532;377;6492;6519;5.91;0.36;257.72;4.64;960;20;2219.00;27
5536;20;623059299;5536;380;6492;6519;5.96;0.37;257.82;4.64;956;20;2220.00;27
5539;20;623059312;5539;374;6492;6519;6.02;0.37;257.89;4.64;953;20;2221.00;27
5544;20;623059325;5544;374;6495;6523;6.10;0.37;257.88;4.63;951;20;2222.00;28
5548;20;623059336;5548;373;6496;6524;6.11;0.37;257.98;4.63;948;20;2223.00;28
5554;20;623059347;5554;372;6496;6524;6.13;0.37;258.00;4.63;942;20;2224.00;28
5559;20;623059358;5559;369;6497;6525;6.20;0.38;257.93;4.63;938;20;2225.00;28
5564;20;623059368;5564;374;6497;6525;6.23;0.38;258.02;4.63;933;20;2226.00;28
5570;20;623059379;5570;374;6497;6525;6.31;0.38;258.09;4.63;927;20;2227.00;28
5573;20;623059390;5573;370;6497;6525;6.32;0.39;258.18;4.63;924;20;2228.00;28
5576;20;623059401;5576;369;6497;6525;6.32;0.39;258.15;4.63;921;20;2229.00;28
5581;20;623059412;5581;366;6497;6525;6.29;0.38;258.22;4.63;916;20;2230.00;28
5585;20;623059423;5585;364;6497;6525;6.25;0.38;258.18;4.63;912;20;2231.00;28
5589;20;623059434;5589;373;6535;6595;6.41;0.39;258.26;4.61;946;20;2232.00;60
5593;20;623059450;5593;366;6537;6596;6.36;0.39;258.23;4.61;944;20;2233.00;59
5596;20;623059462;5596;365;6544;6596;6.41;0.39;258.27;4.60;948;20;2234.00;52
5597;20;623059474;5597;364;6547;6596;6.44;0.39;258.33;4.60;950;20;2235.00;49
5600;20;623059485;5600;360;6551;6596;6.45;0.39;258.45;4.60;951;20;2236.00;45
5605;20;623059497;5605;361;6553;6596;6.44;0.39;258.43;4.60;948;20;2237.00;43
5608;20;623059508;5608;365;6556;6596;6.51;0.40;258.52;4.60;948;20;2238.00;40
5612;20;623059520;5612;360;6558;6596;6.53;0.40;258.52;4.60;946;20;2239.00;38
5618;20;623059531;5618;357;6561;6597;6.51;0.40;258.61;4.60;943;20;2240.00;36
5620;20;623059544;5620;358;6563;6598;6.54;0.40;258.58;4.60;943;20;2241.00;35
5625;20;623059556;5625;354;6563;6598;6.55;0.40;258.67;4.60;938;20;2242.00;35
5632;20;623059567;5632;355;6567;6602;6.58;0.40;258.70;4.60;935;20;2243.00;35
5634;20;623059580;5634;358;6568;6602;6.70;0.41;258.70;4.60;934;20;2244.00;34
5639;20;623059591;5639;352;6569;6602;6.75;0.41;258.76;4.66;930;20;2245.00;33
5642;20;623059605;5642;344;6569;6602;6.79;0.42;258.84;4.66;927;20;2246.00;33
5644;20;623059617;5644;341;6574;6608;6.89;0.42;258.82;4.66;930;20;2247.00;34
5650;20;623059629;5650;330;6574;6608;6.92;0.42;258.89;4.66;924;20;2248.00;34
5652;20;623059641;5652;332;6574;6608;6.89;0.42;258.92;4.66;922;20;2249.00;34
5655;20;623059654;5655;328;6578;6614;6.99;0.43;258.97;4.65;923;20;2250.00;36
5658;20;623059666;5658;323;6578;6614;6.98;0.43;259.05;4.65;920;20;2251.00;36
5661;20;623059678;5661;316;6580;6614;7.00;0.43;259.13;4.65;919;20;2252.00;34
5665;20;623059691;5665;314;6580;6615;6.92;0.42;259.15;4.65;915;20;2253.00;35
5667;20;623059702;5667;324;6581;6616;6.94;0.42;259.11;4.65;914;20;2254.00;35
5671;20;623059714;5671;323;6581;6616;6.86;0.42;259.24;4.65;910;20;2255.00;35
5676;20;623059726;5676;324;6592;6629;6.93;0.42;259.26;4.65;916;20;2256.00;37
5679;20;623059739;5679;312;6592;6629;6.96;0.42;259.27;4.65;913;20;2257.00;37
5682;20;623059751;5682;302;6592;6629;6.95;0.42;259.42;4.65;910;20;2258.00;37
5686;20;623059763;5686;296;6593;6630;6.99;0.43;259.41;4.64;907;20;2259.00;37
5690;20;623059775;5690;289;6593;6630;7.06;0.43;259.56;4.64;903;20;2260.00;37
5696;20;623059787;5696;293;6597;6634;7.20;0.44;259.76;4.64;901;20;2261.00;37
5698;20;623059799;5698;287;6597;6634;7.28;0.45;259.84;4.64;899;20;2262.00;37
5703;20;623059811;5703;289;6600;6638;7.29;0.45;259.94;4.64;897;20;2263.00;38
5707;20;623059830;5707;290;6600;6638;7.33;0.45;260.11;4.64;893;20;2264.00;38
5708;20;623059842;5708;287;6600;6638;7.37;0.45;260.20;4.64;892;20;2265.00;38
5711;20;623059855;5711;282;6601;6638;7.40;0.45;260.33;4.71;890;20;2266.00;37
5713;20;623059867;5713;271;6601;6638;7.54;0.46;260.30;4.71;888;20;2267.00;37
5717;20;623059879;5717;264;6611;6650;7.66;0.47;260.47;4.76;894;20;2268.00;39
5719;20;623059892;5719;251;6611;6650;7.74;0.47;260.49;4.76;892;20;2269.00;39
5722;20;623059905;5722;245;6613;6650;7.88;0.48;260.52;4.76;891;20;2270.00;37
5726;20;623059917;5726;243;6614;6650;7.99;0.49;260.62;4.81;888;20;2271.00;36
5729;20;623059930;5729;231;6614;6650;8.11;0.49;260.66;4.81;885;20;2272.00;36
5731;20;623059943;5731;219;6614;6650;8.23;0.50;260.74;4.81;883;20;2273.00;36
5733;20;623059956;5733;211;6614;6651;8.30;0.51;260.83;4.81;881;20;2274.00;37
5735;20;623059969;5735;212;6615;6651;8.35;0.51;260.88;4.86;880;20;2275.00;36
5737;20;623059983;5737;203;6620;6657;8.54;0.52;260.91;4.85;883;20;2276.00;37
5740;20;623059997;5740;207;6621;6658;8.63;0.53;260.98;4.85;881;20;2277.00;37
5743;20;623060010;5743;202;6621;6658;8.79;0.53;261.01;4.85;878;20;2278.00;37
5746;20;623060023;5746;199;6621;6658;8.94;0.54;261.07;4.85;875;20;2279.00;37
5750;20;623060037;5750;200;6625;6663;9.01;0.55;261.03;4.85;875;20;2280.00;38
5753;20;623060051;5753;194;6625;6663;9.12;0.55;261.02;4.85;872;20;2281.00;38
5754;20;623060064;5754;191;6625;6663;9.19;0.56;261.09;4.85;871;20;2282.00;38
5756;21;623060076;5756;184;6626;6664;9.27;0.56;261.13;4.85;870;21;2283.00;38
5760;21;623060099;5760;178;6629;6668;9.27;0.56;261.21;4.85;869;21;2284.00;39
5763;21;623060112;5763;182;6629;6668;9.31;0.57;261.29;4.85;866;21;2285.00;39
5765;21;623060125;5765;180;6631;6671;9.39;0.57;261.28;4.85;866;21;2286.00;40
5768;21;623060138;5768;185;6632;6671;9.37;0.57;261.31;4.89;864;21;2287.00;39
5769;21;623060150;5769;187;6633;6671;9.45;0.58;261.32;4.89;864;21;2288.00;38
5771;21;623060164;5771;183;6633;6671;9.50;0.58;261.31;4.89;862;21;2289.00;38
5775;21;623060177;5775;185;6637;6675;9.61;0.59;261.32;4.89;862;21;2290.00;38
5779;21;623060193;5779;182;6638;6675;9.66;0.59;261.30;4.94;859;21;2291.00;37
5781;21;623060212;5781;178;6638;6675;9.72;0.59;261.34;4.94;857;21;2292.00;37
5784;21;623060230;5784;178;6638;6675;9.65;0.59;261.34;4.94;854;21;2293.00;37
5786;21;623060249;5786;174;6639;6676;9.64;0.59;261.36;4.98;853;21;2294.00;37
5787;21;623060266;5787;170;6641;6678;9.65;0.59;261.38;4.98;854;21;2295.00;37
5790;21;623060283;5790;169;6641;6678;9.62;0.59;261.38;4.98;851;21;2296.00;37
5794;21;623060300;5794;168;6642;6679;9.57;0.58;261.37;4.97;848;21;2297.00;37
5797;21;623060316;5797;167;6642;6679;9.58;0.58;261.35;4.97;845;21;2298.00;37
5801;21;623060330;5801;168;6643;6679;9.57;0.58;261.47;5.02;842;21;2299.00;36
5805;21;623060346;5805;170;6643;6679;9.53;0.58;261.52;5.02;838;21;2300.00;36
5806;21;623060365;5806;168;6643;6679;9.55;0.58;261.54;5.02;837;21;2301.00;36
5810;21;623060379;5810;172;6644;6679;9.59;0.58;261.59;5.05;834;21;2302.00;35
5814;21;623060394;5814;169;6644;6679;9.62;0.59;261.71;5.05;830;21;2303.00;35
5818;21;623060408;5818;203;6717;6806;9.40;0.58;261.85;4.99;899;21;2304.00;89
5820;21;623060434;5820;191;6719;6807;9.41;0.58;261.85;5.01;899;21;2305.00;88
5822;21;623060448;5822;180;6723;6807;9.46;0.58;261.86;5.01;901;21;2306.00;84
5824;21;623060461;5824;182;6725;6807;9.46;0.58;261.88;5.01;901;21;2307.00;82
5829;21;623060477;5829;182;6731;6807;9.48;0.58;261.96;5.01;902;21;2308.00;76
5831;21;623060491;5831;180;6733;6807;9.43;0.58;261.97;5.01;902;21;2309.00;74
5833;21;623060506;5833;184;6737;6807;9.38;0.58;261.93;5.03;904;21;2310.00;70
5835;21;623060519;5835;188;6740;6807;9.36;0.57;261.91;5.03;905;21;2311.00;67
5838;21;623060538;5838;192;6743;6808;9.34;0.57;261.97;5.03;905;21;2312.00;65
5841;21;623060551;5841;198;6748;6809;9.28;0.57;262.06;5.06;907;21;2313.00;61
5844;21;623060566;5844;196;6751;6809;9.23;0.57;262.04;5.06;907;21;2314.00;58
5848;21;623060579;5848;197;6754;6810;9.19;0.56;262.08;5.08;906;21;2315.00;56
5851;21;623060594;5851;196;6761;6810;9.09;0.56;262.04;5.12;910;21;2316.00;49
5854;21;623060607;5854;198;6762;6810;9.01;0.55;261.98;5.12;908;21;2317.00;48
5856;21;623060620;5856;200;6764;6810;8.89;0.54;262.04;5.12;908;21;2318.00;46
5858;21;623060634;5858;206;6767;6814;8.79;0.54;262.00;5.14;909;21;2319.00;47
5859;21;623060647;5859;204;6768;6814;8.71;0.53;261.97;5.14;909;21;2320.00;46
5860;21;623060660;5860;211;6772;6814;8.67;0.53;261.94;5.17;912;21;2321.00;42
5863;21;623060672;5863;214;6775;6817;8.64;0.53;261.86;5.17;912;21;2322.00;42
5864;21;623060686;5864;218;6775;6817;8.59;0.53;261.88;5.17;911;21;2323.00;42
5871;21;623060698;5871;228;6777;6817;8.59;0.52;261.74;5.20;906;21;2324.00;40
5876;21;623060711;5876;229;6780;6821;8.57;0.52;261.73;5.19;904;21;2325.00;41
5877;21;623060724;5877;231;6783;6822;8.55;0.52;261.70;5.19;906;21;2326.00;39
5882;21;623060737;5882;235;6783;6822;8.49;0.52;261.64;5.19;901;21;2327.00;39
5885;21;623060749;5885;240;6787;6826;8.51;0.52;261.58;5.19;902;21;2328.00;39
5887;21;623060761;5887;249;6788;6826;8.44;0.51;261.54;5.22;901;21;2329.00;38
5887;21;623060774;5887;253;6788;6826;8.39;0.51;261.54;5.22;901;21;2330.00;38
5890;21;623060786;5890;256;6789;6827;8.33;0.51;261.64;5.22;899;21;2331.00;38
5891;21;623060797;5891;257;6789;6827;8.21;0.50;261.66;5.22;898;21;2332.00;38
5891;21;623060809;5891;258;6794;6833;8.19;0.50;261.66;5.21;903;21;2333.00;39
5894;21;623060821;5894;262;6794;6833;8.12;0.50;261.60;5.21;900;21;2334.00;39
5897;21;623060833;5897;269;6794;6834;8.07;0.49;261.59;5.21;897;21;2335.00;40
5900;21;623060845;5900;279;6795;6834;7.94;0.48;261.51;5.23;895;21;2336.00;39
5901;21;623060857;5901;290;6795;6834;7.77;0.48;261.51;5.23;894;21;2337.00;39
5904;21;623060869;5904;291;6795;6834;7.61;0.46;261.48;5.23;891;21;2338.00;39
5905;21;623060881;5905;302;6796;6834;7.45;0.46;261.44;5.24;891;21;2339.00;38
5906;21;623060895;5906;311;6823;6870;7.41;0.46;261.43;5.23;917;21;2340.00;47
5910;21;623060911;5910;314;6823;6870;7.27;0.45;261.37;5.23;913;21;2341.00;47
5912;21;623060924;5912;327;6828;6870;7.17;0.44;261.33;5.26;916;21;2342.00;42
5913;21;623060936;5913;330;6828;6870;7.05;0.43;261.32;5.26;915;21;2343.00;42
5913;21;623060947;5913;339;6829;6870;6.93;0.42;261.32;5.26;916;21;2344.00;41
5916;21;623060958;5916;343;6831;6870;6.84;0.42;261.35;5.28;915;21;2345.00;39
5917;21;623060971;5917;347;6835;6874;6.76;0.41;261.35;5.28;918;21;2346.00;39
5919;21;623060982;5919;336;6837;6874;6.70;0.41;261.30;5.30;918;21;2347.00;37
5922;21;623060994;5922;334;6841;6878;6.75;0.41;261.33;5.29;919;21;2348.00;37
5923;21;623061007;5923;331;6843;6879;6.77;0.41;261.32;5.31;920;21;2349.00;36
5924;21;623061025;5924;328;6844;6879;6.69;0.41;261.33;5.31;920;21;2350.00;35
5925;21;623061037;5925;326;6845;6879;6.64;0.41;261.32;5.32;920;21;2351.00;34
5927;21;623061049;5927;327;6857;6892;6.56;0.40;261.33;5.33;930;21;2352.00;35
5930;21;623061062;5930;326;6858;6892;6.49;0.40;261.30;5.34;928;21;2353.00;34
5934;21;623061080;5934;331;6859;6892;6.47;0.39;261.27;5.35;925;21;2354.00;33
5935;21;623061092;5935;338;6861;6893;6.49;0.40;261.28;5.35;926;21;2355.00;32
5936;21;623061105;5936;340;6861;6894;6.51;0.40;261.26;5.35;925;21;2356.00;33
5938;21;623061118;5938;350;6863;6894;6.41;0.39;261.23;5.37;925;21;2357.00;31
5938;21;623061132;5938;354;6865;6897;6.39;0.39;261.23;5.36;927;21;2358.00;32
5938;21;623061144;5938;355;6865;6897;6.38;0.39;261.23;5.36;927;21;2359.00;32
5939;21;623061157;5939;351;6867;6897;6.33;0.39;261.23;5.37;928;21;2360.00;30
5941;21;623061169;5941;344;6867;6897;6.28;0.38;261.19;5.37;926;21;2361.00;30
5944;21;623061181;5944;348;6875;6903;6.31;0.38;261.17;5.40;931;21;2362.00;28
5945;21;623061196;5945;348;6875;6903;6.28;0.38;261.14;5.40;930;21;2363.00;28
5946;21;623061214;5946;351;6876;6903;6.24;0.38;261.10;5.40;930;21;2364.00;27
5946;21;623061227;5946;351;6877;6903;6.20;0.38;261.10;5.41;931;21;2365.00;26
5948;21;623061239;5948;356;6880;6907;6.21;0.38;261.05;5.40;932;21;2366.00;27
5949;21;623061250;5949;353;6881;6908;6.25;0.38;261.07;5.40;932;21;2367.00;27
5950;21;623061263;5950;353;6882;6908;6.28;0.38;261.03;5.41;932;21;2368.00;26
5952;21;623061278;5952;355;6883;6909;6.22;0.38;261.05;5.41;931;21;2369.00;26
5954;21;623061294;5954;354;6886;6909;6.22;0.38;261.01;5.44;932;21;2370.00;23
5958;21;623061305;5958;357;6886;6909;6.22;0.38;261.03;5.44;928;21;2371.00;23
5962;21;623061315;5962;356;6886;6909;6.19;0.38;261.11;5.44;924;21;2372.00;23
5963;21;623061325;5963;360;6887;6909;6.18;0.38;261.08;5.45;924;21;2373.00;22
5969;21;623061335;5969;353;6887;6909;6.11;0.37;261.02;5.45;918;21;2374.00;22
5974;21;623061346;5974;350;6890;6909;6.05;0.37;261.16;5.46;916;21;2375.00;19
5977;21;623061357;5977;361;6935;6979;6.11;0.37;261.24;5.43;958;21;2376.00;44
5979;21;623061374;5979;362;6939;6980;6.02;0.37;261.34;5.43;960;21;2377.00;41
5979;21;623061384;5979;359;6942;6980;6.03;0.37;261.34;5.43;963;21;2378.00;38
5982;21;623061400;5982;359;6944;6980;5.99;0.37;261.41;5.43;962;21;2379.00;36
5984;21;623061410;5984;350;6946;6980;5.97;0.37;261.50;5.43;962;21;2380.00;34
5986;21;623061421;5986;349;6946;6980;5.99;0.37;261.51;5.43;960;21;2381.00;34
5989;21;623061431;5989;350;6950;6980;6.04;0.37;261.59;5.44;961;21;2382.00;30
5992;21;623061441;5992;357;6952;6980;6.05;0.37;261.69;5.44;960;21;2383.00;28
5993;21;623061451;5993;348;6954;6981;6.13;0.38;261.69;5.44;961;21;2384.00;27
5998;21;623061462;5998;357;6959;6983;6.17;0.38;261.65;5.45;961;21;2385.00;24
6001;21;623061473;6001;355;6961;6983;6.22;0.38;261.70;5.45;960;21;2386.00;22
6004;21;623061484;6004;351;6968;6987;6.30;0.39;261.72;5.45;964;21;2387.00;19
6005;21;623061495;6005;351;6971;6987;6.42;0.39;261.75;5.45;966;21;2388.00;16
6010;21;623061506;6010;344;6971;6987;6.46;0.40;261.84;5.45;961;21;2389.00;16
6016;21;623061518;6016;340;6973;6987;6.48;0.40;261.87;5.45;957;21;2390.00;14
6021;21;623061536;6021;337;6978;6993;6.52;0.40;261.88;5.45;957;21;2391.00;15
6027;21;623061548;6027;332;6978;6993;6.52;0.40;262.10;5.45;951;21;2392.00;15
6031;21;623061560;6031;335;6978;6993;6.54;0.40;262.16;5.45;947;21;2393.00;15
6034;21;623061572;6034;331;6981;6996;6.53;0.40;262.23;5.45;947;21;2394.00;15
6038;21;623061584;6038;331;6981;6996;6.55;0.40;262.32;5.45;943;21;2395.00;15
6040;21;623061597;6040;330;6981;6996;6.59;0.40;262.42;5.45;941;21;2396.00;15
6046;21;623061611;6046;334;6981;6997;6.62;0.40;262.42;5.45;935;21;2397.00;16
6051;21;623061623;6051;331;6982;6998;6.64;0.40;262.54;5.44;931;21;2398.00;16
6054;21;623061635;6054;317;6982;6998;6.68;0.41;262.55;5.44;928;21;2399.00;16
6057;21;623061658;6057;328;7006;7057;6.78;0.41;262.63;5.43;949;21;2400.00;51
6060;21;623061683;6060;318;7008;7057;6.93;0.42;262.71;5.42;948;21;2401.00;49
6066;21;623061696;6066;317;7011;7057;6.99;0.42;262.67;5.42;945;21;2402.00;46
6069;21;623061708;6069;307;7012;7058;7.09;0.43;262.86;5.42;943;21;2403.00;46
6072;21;623061719;6072;304;7013;7058;7.06;0.43;262.88;5.42;941;21;2404.00;45
6076;21;623061731;6076;304;7018;7062;7.07;0.43;262.89;5.42;942;21;2405.00;44
6078;21;623061744;6078;303;7019;7062;7.11;0.43;263.03;5.42;941;21;2406.00;43
6082;21;623061755;6082;300;7025;7066;7.14;0.44;263.16;5.45;943;21;2407.00;41
6087;21;623061767;6087;300;7025;7066;7.16;0.44;263.30;5.45;938;21;2408.00;41
6091;21;623061779;6091;298;7025;7066;7.17;0.44;263.32;5.45;934;21;2409.00;41
6095;21;623061791;6095;302;7025;7066;7.17;0.44;263.32;5.45;930;21;2410.00;41
6098;21;623061803;6098;304;7027;7066;7.17;0.44;263.42;5.45;929;21;2411.00;39
6101;21;623061815;6101;303;7035;7078;7.21;0.44;263.46;5.45;934;21;2412.00;43
6102;21;623061837;6102;303;7036;7078;7.20;0.44;263.47;5.45;934;21;2413.00;42
6107;21;623061849;6107;304;7038;7078;7.20;0.44;263.58;5.45;931;21;2414.00;40
6111;21;623061861;6111;310;7038;7078;7.21;0.44;263.58;5.45;927;21;2415.00;40
6117;21;623061873;6117;314;7039;7078;7.15;0.44;263.61;5.45;922;21;2416.00;39
6120;21;623061884;6120;308;7040;7078;7.18;0.44;263.76;5.45;920;21;2417.00;38
6126;21;623061895;6126;318;7041;7079;7.10;0.43;263.75;5.46;915;21;2418.00;38
6129;21;623061906;6129;321;7043;7079;7.11;0.43;263.79;5.46;914;21;2419.00;36
6136;21;623061917;6136;317;7047;7085;7.05;0.43;263.74;5.45;911;21;2420.00;38
6139;21;623061929;6139;320;7048;7086;7.04;0.43;263.84;5.45;909;21;2421.00;38
6142;21;623061940;6142;316;7049;7086;6.99;0.43;263.87;5.46;907;21;2422.00;37
6146;21;623061951;6146;324;7049;7086;6.95;0.42;263.92;5.46;903;21;2423.00;37
6148;21;623061962;6148;327;7053;7090;6.93;0.42;263.92;5.46;905;21;2424.00;37
6153;21;623061974;6153;324;7054;7090;6.88;0.42;264.01;5.46;901;21;2425.00;36
6157;21;623061985;6157;324;7054;7090;6.87;0.42;264.10;5.46;897;21;2426.00;36
6159;21;623061996;6159;307;7055;7091;6.89;0.42;264.13;5.46;896;21;2427.00;36
6162;21;623062007;6162;307;7058;7095;6.88;0.42;264.14;5.46;896;21;2428.00;37
6168;21;623062018;6168;299;7059;7095;6.87;0.42;264.26;5.46;891;21;2429.00;36
6169;21;623062031;6169;296;7064;7101;6.98;0.43;264.24;5.46;895;21;2430.00;37
6173;21;623062043;6173;296;7064;7101;7.00;0.43;264.20;5.46;891;21;2431.00;37
6178;21;623062054;6178;300;7065;7101;7.02;0.43;264.36;5.46;887;21;2432.00;36
6180;21;623062065;6180;300;7065;7101;7.05;0.43;264.39;5.46;885;21;2433.00;36
6183;21;623062076;6183;298;7070;7105;7.12;0.43;264.38;5.46;887;21;2434.00;35
6186;21;623062088;6186;298;7070;7105;7.17;0.44;264.49;5.46;884;21;2435.00;35
6189;21;623062099;6189;281;7070;7105;7.20;0.44;264.46;5.46;881;21;2436.00;35
6191;21;623062111;6191;276;7070;7105;7.24;0.44;264.51;5.46;879;21;2437.00;35
6191;21;623062122;6191;266;7070;7106;7.36;0.45;264.51;5.46;879;21;2438.00;36
6195;21;623062134;6195;262;7073;7107;7.42;0.45;264.59;5.50;878;21;2439.00;34
6200;21;623062147;6200;247;7073;7107;7.42;0.45;264.59;5.50;873;21;2440.00;34
6204;21;623062160;6204;241;7074;7108;7.50;0.45;264.56;5.50;870;21;2441.00;34
6206;21;623062174;6206;242;7074;7108;7.58;0.46;264.65;5.50;868;21;2442.00;34
6208;21;623062197;6208;236;7074;7108;7.60;0.46;264.69;5.50;866;21;2443.00;34
6210;21;623062216;6210;235;7075;7108;7.63;0.46;264.70;5.51;865;21;2444.00;33
6215;21;623062237;6215;237;7075;7108;7.66;0.46;264.68;5.51;860;21;2445.00;33
6216;21;623062256;6216;232;7075;7108;7.68;0.47;264.68;5.51;859;21;2446.00;33
6220;21;623062274;6220;229;7075;7108;7.79;0.47;264.79;5.51;855;21;2447.00;33
6222;21;623062292;6222;251;7140;7235;7.91;0.49;264.75;5.46;918;21;2448.00;95
6223;21;623062318;6223;244;7141;7236;7.96;0.49;264.75;5.45;918;21;2449.00;95
6224;21;623062331;6224;238;7149;7236;8.07;0.50;264.75;5.46;925;21;2450.00;87
6227;21;623062345;6227;238;7151;7236;8.14;0.50;264.88;5.46;924;21;2451.00;85
6230;21;623062357;6230;224;7157;7236;8.24;0.51;265.04;5.46;927;21;2452.00;79
6232;21;623062370;6232;216;7160;7236;8.26;0.51;265.12;5.46;928;21;2453.00;76
6236;21;623062383;6236;219;7165;7236;8.25;0.51;265.05;5.50;929;21;2454.00;71
6241;21;623062396;6241;225;7168;7236;8.21;0.50;265.32;5.50;927;21;2455.00;68
6243;21;623062409;6243;226;7171;7237;8.23;0.50;265.34;5.51;928;21;2456.00;66
6246;21;623062421;6246;225;7175;7238;8.23;0.50;265.34;5.51;929;21;2457.00;63
6249;21;623062434;6249;224;7177;7238;8.24;0.50;265.36;5.51;928;21;2458.00;61
6250;21;623062446;6250;227;7179;7239;8.26;0.51;265.44;5.51;929;21;2459.00;60
6253;21;623062460;6253;225;7181;7239;8.20;0.50;265.46;5.51;928;21;2460.00;58
6257;21;623062476;6257;227;7182;7239;8.16;0.50;265.44;5.52;925;21;2461.00;57
6261;21;623062501;6261;223;7189;7239;8.13;0.50;265.40;5.54;928;21;2462.00;50
6262;21;623062520;6262;226;7192;7243;8.09;0.49;265.45;5.54;930;21;2463.00;51
6264;21;623062534;6264;217;7195;7243;8.14;0.50;265.49;5.54;931;21;2464.00;48
6265;21;623062547;6265;220;7198;7243;8.23;0.50;265.47;5.54;933;21;2465.00;45
6265;21;623062560;6265;216;7199;7246;8.35;0.51;265.47;5.54;934;21;2466.00;47
6268;21;623062573;6268;220;7200;7246;8.44;0.51;265.45;5.54;932;21;2467.00;46
6269;21;623062585;6269;222;7200;7246;8.52;0.52;265.43;5.54;931;21;2468.00;46
6269;21;623062605;6269;220;7205;7250;8.52;0.52;265.43;5.58;936;21;2469.00;45
6272;21;623062618;6272;221;7207;7251;8.48;0.52;265.40;5.58;935;21;2470.00;44
6273;21;623062630;6273;228;7209;7251;8.48;0.52;265.43;5.58;936;21;2471.00;42
6276;21;623062643;6276;225;7211;7255;8.47;0.52;265.39;5.58;935;21;2472.00;44
6278;21;623062655;6278;225;7211;7255;8.44;0.52;265.43;5.58;933;21;2473.00;44
6280;21;623062668;6280;227;7211;7255;8.42;0.51;265.44;5.58;931;21;2474.00;44
6283;21;623062679;6283;229;7213;7257;8.39;0.51;265.53;5.58;930;21;2475.00;44
6286;21;623062692;6286;237;7213;7257;8.38;0.51;265.48;5.58;927;21;2476.00;44
6290;21;623062704;6290;239;7219;7263;8.32;0.51;265.43;5.62;929;21;2477.00;44
6295;21;623062716;6295;237;7219;7263;8.29;0.50;265.38;5.62;924;21;2478.00;44
6296;21;623062729;6296;237;7219;7264;8.18;0.50;265.34;5.62;923;21;2479.00;45
6299;21;623062740;6299;233;7219;7264;8.08;0.49;265.34;5.62;920;21;2480.00;45
6303;21;623062753;6303;234;7220;7264;7.95;0.48;265.29;5.66;917;21;2481.00;44
6307;21;623062764;6307;227;7220;7264;7.86;0.48;265.25;5.66;913;21;2482.00;44
6311;21;623062776;6311;226;7220;7264;7.82;0.47;265.17;5.66;909;21;2483.00;44
6313;21;623062788;6313;229;7231;7276;7.83;0.47;265.19;5.70;918;21;2484.00;45
6320;21;623062800;6320;231;7234;7276;7.78;0.47;265.19;5.72;914;21;2485.00;42
6321;21;623062812;6321;235;7234;7276;7.77;0.47;265.19;5.72;913;21;2486.00;42
6322;21;623062823;6322;241;7235;7276;7.76;0.47;265.19;5.77;913;21;2487.00;41
6322;21;623062834;6322;242;7235;7276;7.75;0.47;265.19;5.77;913;21;2488.00;41
6325;21;623062845;6325;243;7235;7276;7.75;0.47;265.13;5.77;910;21;2489.00;41
6325;21;623062858;6325;248;7238;7280;7.82;0.47;265.13;5.77;913;21;2490.00;42
6327;21;623062869;6327;247;7238;7280;7.78;0.47;265.11;5.77;911;21;2491.00;42
6327;21;623062880;6327;254;7242;7284;7.83;0.48;265.11;5.76;915;21;2492.00;42
6328;21;623062892;6328;254;7242;7285;7.84;0.48;265.13;5.76;914;21;2493.00;43
6329;21;623062904;6329;261;7243;7285;7.83;0.48;265.11;5.76;914;21;2494.00;42
6331;21;623062915;6331;270;7244;7285;7.80;0.47;265.10;5.77;913;21;2495.00;41
6333;21;623062926;6333;276;7253;7298;7.83;0.48;265.07;5.77;920;21;2496.00;45
6334;21;623062939;6334;281;7253;7298;7.77;0.47;265.08;5.77;919;21;2497.00;45
6338;21;623062949;6338;288;7253;7298;7.76;0.47;265.03;5.77;915;21;2498.00;45
6340;21;623062960;6340;280;7254;7299;7.75;0.47;265.01;5.77;914;21;2499.00;45
6344;21;623062975;6344;270;7254;7300;7.69;0.47;264.95;5.77;910;21;2500.00;46
6347;21;623062992;6347;273;7256;7300;7.64;0.46;264.91;5.79;909;21;2501.00;44
6350;22;623063004;6350;267;7258;7303;7.69;0.47;264.85;5.78;908;22;2502.00;45
6350;22;623063023;6350;266;7260;7303;7.69;0.47;264.85;5.79;910;22;2503.00;43
6350;22;623063034;6350;269;7261;7303;7.72;0.47;264.85;5.80;911;22;2504.00;42
6351;22;623063045;6351;266;7261;7303;7.74;0.47;264.83;5.80;910;22;2505.00;42
6352;22;623063063;6352;268;7268;7309;7.79;0.47;264.82;5.81;916;22;2506.00;41
6355;22;623063075;6355;269;7268;7309;7.76;0.47;264.88;5.81;913;22;2507.00;41
6357;22;623063086;6357;269;7268;7309;7.69;0.47;264.90;5.81;911;22;2508.00;41
6358;22;623063104;6358;265;7269;7309;7.63;0.46;264.86;5.81;911;22;2509.00;40
6358;22;623063116;6358;268;7273;7313;7.58;0.46;264.86;5.82;915;22;2510.00;40
6359;22;623063128;6359;266;7275;7314;7.59;0.46;264.86;5.83;916;22;2511.00;39
6360;22;623063140;6360;266;7277;7314;7.53;0.46;264.85;5.85;917;22;2512.00;37
6360;22;623063151;6360;263;7278;7315;7.51;0.46;264.85;5.85;918;22;2513.00;37
6360;22;623063162;6360;262;7278;7315;7.48;0.46;264.85;5.85;918;22;2514.00;37
6361;22;623063173;6361;262;7278;7315;7.45;0.46;264.86;5.85;917;22;2515.00;37
6362;22;623063184;6362;269;7280;7315;7.41;0.45;264.87;5.88;918;22;2516.00;35
6363;22;623063195;6363;270;7281;7315;7.37;0.45;264.89;5.89;918;22;2517.00;34
6364;22;623063206;6364;273;7284;7315;7.35;0.45;264.88;5.92;920;22;2518.00;31
6367;22;623063216;6367;273;7284;7315;7.31;0.45;264.84;5.92;917;22;2519.00;31
6369;22;623063235;6369;278;7339;7440;7.55;0.47;264.86;5.88;970;22;2520.00;101
6374;22;623063257;6374;274;7344;7441;7.55;0.47;264.92;5.90;970;22;2521.00;97
6376;22;623063269;6376;277;7359;7441;7.55;0.47;264.92;5.90;983;22;2522.00;82
6377;22;623063281;6377;283;7362;7441;7.46;0.46;264.96;5.91;985;22;2523.00;79
6379;22;623063293;6379;284;7372;7441;7.42;0.46;264.97;5.91;993;22;2524.00;69
6380;23;623063304;6380;285;7373;7441;7.36;0.45;264.98;5.92;993;23;2525.00;68
6381;23;623063325;6381;290;7381;7441;7.34;0.45;264.99;5.93;1000;23;2526.00;60
6382;23;623063336;6382;296;7387;7441;7.28;0.45;265.07;5.93;1005;23;2527.00;54
6387;23;623063347;6387;307;7392;7442;7.20;0.44;264.95;5.95;1005;23;2528.00;50
6388;23;623063358;6388;310;7397;7443;7.12;0.44;264.94;5.95;1009;23;2529.00;46
6392;23;623063370;6392;310;7402;7443;7.05;0.43;264.89;5.96;1010;23;2530.00;41
6392;23;623063381;6392;308;7407;7447;6.94;0.43;264.89;5.96;1015;23;2531.00;40
6395;23;623063392;6395;314;7407;7447;6.89;0.42;264.96;5.96;1012;23;2532.00;40
6400;23;623063403;6400;317;7409;7447;6.85;0.42;264.93;5.97;1009;23;2533.00;38
6404;23;623063415;6404;320;7409;7447;6.88;0.42;264.92;5.97;1005;23;2534.00;38
6407;23;623063425;6407;317;7415;7453;6.88;0.42;264.93;5.98;1008;23;2535.00;38
6409;23;623063437;6409;312;7415;7453;6.89;0.42;264.99;5.98;1006;23;2536.00;38
6411;23;623063448;6411;316;7417;7455;6.89;0.42;265.01;5.99;1006;23;2537.00;38
6413;23;623063460;6413;321;7421;7458;6.87;0.42;265.02;5.98;1008;23;2538.00;37
6414;23;623063471;6414;322;7421;7458;6.84;0.42;265.02;5.98;1007;23;2539.00;37
6416;23;623063482;6416;325;7422;7458;6.77;0.42;265.03;5.99;1006;23;2540.00;36
6420;23;623063493;6420;329;7423;7459;6.71;0.41;265.09;5.99;1003;23;2541.00;36
6424;23;623063504;6424;340;7425;7460;6.66;0.41;265.17;5.99;1001;23;2542.00;35
6428;23;623063515;6428;340;7426;7460;6.56;0.40;265.10;6.00;998;23;2543.00;34
6431;23;623063526;6431;356;7437;7473;6.51;0.40;265.22;6.00;1006;23;2544.00;36
6435;23;623063539;6435;357;7437;7473;6.45;0.40;265.30;6.00;1002;23;2545.00;36
6440;23;623063550;6440;357;7439;7473;6.39;0.39;265.41;6.00;999;23;2546.00;34
6443;23;623063561;6443;361;7442;7474;6.30;0.39;265.44;6.02;999;23;2547.00;32
6447;23;623063572;6447;360;7443;7474;6.26;0.39;265.48;6.02;996;23;2548.00;31
6448;23;623063582;6448;367;7447;7478;6.29;0.39;265.53;6.02;999;23;2549.00;31
6452;23;623063595;6452;363;7450;7481;6.22;0.38;265.55;6.02;998;23;2550.00;31
6463;23;623063611;6463;364;7455;7485;6.06;0.37;265.65;6.02;992;23;2551.00;30
6465;23;623063623;6465;356;7455;7485;6.09;0.37;265.61;6.02;990;23;2552.00;30
6468;23;623063633;6468;356;7456;7485;6.11;0.38;265.73;6.03;988;23;2553.00;29
6474;23;623063643;6474;354;7457;7485;6.09;0.38;265.80;6.03;983;23;2554.00;28
6476;23;623063654;6476;352;7457;7485;6.14;0.38;265.82;6.03;981;23;2555.00;28
6480;23;623063664;6480;344;7468;7497;6.26;0.39;265.92;6.02;988;23;2556.00;29
6485;23;623063676;6485;338;7470;7497;6.35;0.39;266.01;6.02;985;23;2557.00;27
6487;23;623063686;6487;331;7470;7497;6.35;0.39;266.05;6.02;983;23;2558.00;27
6490;23;623063697;6490;316;7471;7497;6.36;0.39;266.18;6.03;981;23;2559.00;26
6494;23;623063708;6494;319;7471;7497;6.37;0.39;266.31;6.03;977;23;2560.00;26
6497;23;623063718;6497;321;7471;7497;6.43;0.40;266.35;6.03;974;23;2561.00;26
6502;23;623063729;6502;319;7471;7498;6.50;0.40;266.52;6.03;969;23;2562.00;27
6504;23;623063740;6504;321;7471;7498;6.58;0.41;266.56;6.03;967;23;2563.00;27
6507;23;623063751;6507;316;7476;7504;6.75;0.42;266.55;6.02;969;23;2564.00;28
6512;23;623063762;6512;312;7477;7506;6.79;0.42;266.63;6.02;965;23;2565.00;29
6517;23;623063773;6517;307;7478;7506;6.84;0.42;266.63;6.02;961;23;2566.00;28
6523;23;623063784;6523;310;7478;7506;6.89;0.43;266.75;6.02;955;23;2567.00;28
6529;23;623063795;6529;310;7481;7510;7.02;0.43;266.74;6.02;952;23;2568.00;29
6535;23;623063806;6535;303;7481;7510;7.00;0.43;266.71;6.02;946;23;2569.00;29
6539;23;623063817;6539;302;7481;7510;7.01;0.43;266.81;6.02;942;23;2570.00;29
6544;23;623063828;6544;301;7482;7511;7.02;0.43;266.88;6.02;938;23;2571.00;29
6550;23;623063840;6550;307;7485;7515;6.95;0.42;266.92;6.02;935;23;2572.00;30
6556;23;623063851;6556;301;7485;7515;6.89;0.42;266.91;6.02;929;23;2573.00;30
6558;23;623063863;6558;301;7487;7518;6.91;0.42;267.02;6.01;929;23;2574.00;31
6562;23;623063874;6562;299;7488;7518;6.88;0.42;267.13;6.01;926;23;2575.00;30
6566;23;623063885;6566;293;7488;7518;6.84;0.42;267.19;6.01;922;23;2576.00;30
6570;23;623063896;6570;291;7489;7518;6.87;0.42;267.28;6.06;919;23;2577.00;29
6575;23;623063908;6575;290;7493;7522;6.89;0.42;267.26;6.06;918;23;2578.00;29
6581;23;623063941;6581;288;7493;7522;6.89;0.42;267.33;6.06;912;23;2579.00;29
6590;23;623063955;6590;288;7493;7522;6.85;0.42;267.30;6.06;903;23;2580.00;29
6595;23;623063966;6595;295;7493;7522;6.82;0.41;267.18;6.06;898;23;2581.00;29
6599;23;623063977;6599;296;7493;7523;6.74;0.41;267.34;6.06;894;23;2582.00;30
6605;23;623063988;6605;293;7494;7524;6.68;0.41;267.47;6.06;889;23;2583.00;30
6607;23;623063999;6607;294;7494;7524;6.66;0.40;267.41;6.06;887;23;2584.00;30
6614;23;623064009;6614;297;7495;7525;6.62;0.40;267.63;6.05;881;23;2585.00;30
6617;23;623064020;6617;300;7495;7525;6.60;0.40;267.66;6.05;878;23;2586.00;30
6619;23;623064031;6619;308;7495;7525;6.58;0.40;267.70;6.05;876;23;2587.00;30
6626;23;623064041;6626;312;7495;7525;6.51;0.40;267.71;6.05;869;23;2588.00;30
6627;23;623064051;6627;309;7495;7525;6.48;0.40;267.72;6.05;868;23;2589.00;30
6629;23;623064060;6629;311;7495;7525;6.47;0.40;267.77;6.05;866;23;2590.00;30
6631;23;623064070;6631;319;7495;7525;6.43;0.39;267.83;6.05;864;23;2591.00;30
6634;23;623064080;6634;338;7561;7652;6.60;0.41;267.93;6.00;927;23;2592.00;91
6636;23;623064099;6636;334;7566;7653;6.60;0.41;267.99;6.00;930;23;2593.00;87
6639;23;623064110;6639;331;7571;7653;6.57;0.41;268.03;6.00;932;23;2594.00;82
6640;23;623064120;6640;343;7572;7653;6.52;0.40;268.03;6.00;932;23;2595.00;81
6642;23;623064130;6642;344;7576;7653;6.48;0.40;268.10;5.99;934;23;2596.00;77
6644;23;623064141;6644;331;7577;7653;6.48;0.40;268.07;5.99;933;23;2597.00;76
6646;23;623064152;6646;328;7581;7653;6.55;0.41;268.16;5.99;935;23;2598.00;72
6649;23;623064168;6649;333;7583;7653;6.51;0.40;268.12;6.00;934;23;2599.00;70
6653;23;623064186;6653;319;7586;7654;6.54;0.40;268.18;6.00;933;23;2600.00;68
6657;23;623064209;6657;316;7592;7655;6.61;0.41;268.18;6.00;935;23;2601.00;63
6659;23;623064228;6659;321;7595;7655;6.64;0.41;268.17;6.00;936;23;2602.00;60
6661;23;623064249;6661;326;7599;7656;6.67;0.41;268.26;6.00;938;23;2603.00;57
6663;23;623064266;6663;331;7601;7656;6.68;0.41;268.36;6.00;938;23;2604.00;55
6664;23;623064282;6664;333;7603;7656;6.70;0.41;268.36;6.01;939;23;2605.00;53
6665;23;623064308;6665;323;7606;7656;6.69;0.41;268.33;6.01;941;23;2606.00;50
6668;23;623064321;6668;324;7609;7660;6.73;0.41;268.42;6.01;941;23;2607.00;51
6672;23;623064334;6672;317;7611;7660;6.74;0.41;268.48;6.05;939;23;2608.00;49
6676;23;623064347;6676;312;7613;7660;6.78;0.42;268.67;6.05;937;23;2609.00;47
6678;23;623064361;6678;314;7616;7666;6.82;0.42;268.68;6.05;938;23;2610.00;50
6680;23;623064374;6680;307;7619;7666;6.90;0.42;268.76;6.05;939;23;2611.00;47
6684;23;623064387;6684;312;7621;7666;6.99;0.43;268.83;6.05;937;23;2612.00;45
6688;23;623064399;6688;311;7626;7670;7.03;0.43;268.92;6.05;938;23;2613.00;44
6692;23;623064413;6692;310;7627;7671;7.10;0.43;268.93;6.05;935;23;2614.00;44
6695;23;623064425;6695;304;7629;7671;7.17;0.44;268.99;6.05;934;23;2615.00;42
6698;23;623064438;6698;301;7632;7675;7.25;0.44;269.06;6.05;934;23;2616.00;43
6700;23;623064450;6700;301;7632;7675;7.32;0.45;269.01;6.05;932;23;2617.00;43
6704;23;623064461;6704;299;7633;7675;7.33;0.45;268.97;6.05;929;23;2618.00;42
6707;23;623064474;6707;297;7634;7676;7.35;0.45;268.92;6.05;927;23;2619.00;42
6708;23;623064485;6708;291;7634;7676;7.41;0.45;268.89;6.05;926;23;2620.00;42
6710;23;623064497;6710;292;7639;7682;7.46;0.45;268.90;6.05;929;23;2621.00;43
6711;23;623064509;6711;294;7639;7682;7.50;0.46;268.87;6.05;928;23;2622.00;43
6716;23;623064521;6716;284;7639;7683;7.49;0.46;268.89;6.05;923;23;2623.00;44
6718;23;623064533;6718;283;7640;7683;7.51;0.46;268.90;6.09;922;23;2624.00;43
6719;23;623064544;6719;273;7640;7683;7.54;0.46;268.90;6.09;921;23;2625.00;43
6722;23;623064556;6722;268;7640;7683;7.52;0.46;268.83;6.09;918;23;2626.00;43
6725;23;623064568;6725;263;7640;7683;7.50;0.46;268.81;6.09;915;23;2627.00;43
6725;23;623064579;6725;265;7650;7695;7.57;0.46;268.81;6.08;925;23;2628.00;45
6727;23;623064591;6727;273;7650;7695;7.64;0.46;268.83;6.08;923;23;2629.00;45
6730;23;623064602;6730;273;7651;7695;7.69;0.47;268.80;6.08;921;23;2630.00;44
6731;23;623064614;6731;268;7652;7695;7.71;0.47;268.76;6.12;921;23;2631.00;43
6731;23;623064625;6731;265;7652;7695;7.77;0.47;268.76;6.12;921;23;2632.00;43
6732;23;623064636;6732;260;7652;7695;7.78;0.47;268.78;6.12;920;23;2633.00;43
6734;23;623064647;6734;266;7655;7699;7.77;0.47;268.81;6.12;921;23;2634.00;44
6736;23;623064659;6736;263;7655;7699;7.82;0.48;268.75;6.12;919;23;2635.00;44
6736;23;623064670;6736;259;7659;7703;7.90;0.48;268.75;6.11;923;23;2636.00;44
6739;23;623064682;6739;268;7660;7704;7.93;0.48;268.69;6.11;921;23;2637.00;44
6742;23;623064693;6742;269;7660;7704;7.92;0.48;268.68;6.11;918;23;2638.00;44
6745;23;623064705;6745;267;7660;7704;7.96;0.48;268.78;6.11;915;23;2639.00;44
6745;23;623064718;6745;278;7683;7733;7.95;0.48;268.78;6.13;938;23;2640.00;50
6747;23;623064733;6747;276;7683;7733;7.95;0.48;268.72;6.13;936;23;2641.00;50
6748;23;623064745;6748;276;7685;7733;7.98;0.48;268.73;6.13;937;23;2642.00;48
6751;23;623064756;6751;276;7686;7734;8.01;0.49;268.75;6.13;935;23;2643.00;48
6753;23;623064767;6753;281;7687;7735;8.02;0.49;268.76;6.13;934;23;2644.00;48
6755;23;623064778;6755;285;7687;7735;8.06;0.49;268.77;6.13;932;23;2645.00;48
6756;23;623064790;6756;283;7689;7738;8.15;0.49;268.78;6.13;933;23;2646.00;49
6757;23;623064801;6757;284;7689;7738;8.14;0.49;268.78;6.13;932;23;2647.00;49
6760;23;623064812;6760;286;7690;7738;8.15;0.49;268.78;6.13;930;23;2648.00;48
6762;23;623064823;6762;287;7690;7738;8.12;0.49;268.80;6.13;928;23;2649.00;48
6764;23;623064834;6764;291;7695;7744;8.07;0.49;268.79;6.13;931;23;2650.00;49
6767;23;623064846;6767;284;7695;7744;8.06;0.49;268.77;6.13;928;23;2651.00;49
6769;23;623064857;6769;270;7695;7744;8.03;0.49;268.77;6.13;926;23;2652.00;49
6770;23;623064868;6770;258;7695;7744;8.03;0.49;268.76;6.13;925;23;2653.00;49
6772;23;623064878;6772;262;7699;7748;7.97;0.48;268.75;6.14;927;23;2654.00;49
6774;23;623064891;6774;249;7701;7750;7.97;0.48;268.73;6.14;927;23;2655.00;49
6776;23;623064902;6776;250;7702;7750;7.98;0.48;268.68;6.15;926;23;2656.00;48
6778;23;623064913;6778;249;7703;7751;8.01;0.49;268.73;6.15;925;23;2657.00;48
6781;23;623064938;6781;245;7703;7751;8.00;0.49;268.69;6.15;922;23;2658.00;48
6782;23;623064950;6782;246;7703;7751;8.05;0.49;268.66;6.15;921;23;2659.00;48
6784;23;623064962;6784;244;7704;7751;8.12;0.49;268.64;6.16;920;23;2660.00;47
6784;23;623064974;6784;249;7704;7751;8.11;0.49;268.64;6.16;920;23;2661.00;47
6787;23;623064991;6787;242;7704;7751;8.13;0.49;268.68;6.16;917;23;2662.00;47
6789;23;623065002;6789;240;7704;7751;8.12;0.49;268.62;6.16;915;23;2663.00;47
6791;23;623065014;6791;244;7737;7821;8.27;0.50;268.63;6.13;946;23;2664.00;84
6793;23;623065037;6793;239;7740;7822;8.24;0.50;268.58;6.13;947;23;2665.00;82
6794;23;623065049;6794;238;7747;7822;8.26;0.50;268.56;6.13;953;23;2666.00;75
6796;23;623065060;6796;240;7750;7822;8.15;0.50;268.49;6.13;954;23;2667.00;72
6799;23;623065078;6799;237;7756;7822;8.13;0.50;268.46;6.12;957;23;2668.00;66
6799;23;623065090;6799;237;7756;7822;8.09;0.49;268.46;6.12;957;23;2669.00;66
6801;23;623065103;6801;236;7760;7822;8.01;0.49;268.48;6.12;959;23;2670.00;62
6804;23;623065114;6804;229;7763;7822;7.99;0.49;268.48;6.12;959;23;2671.00;59
6806;23;623065126;6806;233;7766;7823;8.00;0.49;268.51;6.13;960;23;2672.00;57
6808;23;623065137;6808;228;7768;7824;8.00;0.49;268.47;6.13;960;23;2673.00;56
6808;23;623065149;6808;231;7770;7824;7.99;0.49;268.47;6.13;962;23;2674.00;54
6809;23;623065160;6809;234;7774;7828;7.97;0.49;268.47;6.12;965;23;2675.00;54
6811;23;623065172;6811;241;7776;7828;7.95;0.49;268.47;6.13;965;23;2676.00;52
6815;23;623065184;6815;245;7776;7828;7.87;0.48;268.37;6.13;961;23;2677.00;52
6819;23;623065198;6819;242;7776;7828;7.81;0.48;268.37;6.13;957;23;2678.00;52
6822;23;623065210;6822;255;7781;7834;7.80;0.48;268.34;6.13;959;23;2679.00;53
6823;23;623065222;6823;260;7783;7834;7.80;0.48;268.33;6.16;960;23;2680.00;51
6826;23;623065234;6826;258;7783;7834;7.75;0.47;268.34;6.16;957;23;2681.00;51
6828;23;623065245;6828;263;7786;7837;7.77;0.47;268.41;6.17;958;23;2682.00;51
6830;23;623065257;6830;269;7787;7837;7.73;0.47;268.41;6.18;957;23;2683.00;50
6832;23;623065268;6832;272;7788;7837;7.70;0.47;268.41;6.18;956;23;2684.00;49
6835;23;623065279;6835;276;7789;7838;7.65;0.47;268.45;6.20;954;23;2685.00;49
6838;23;623065290;6838;280;7791;7839;7.58;0.46;268.51;6.21;953;23;2686.00;48
6841;23;623065301;6841;281;7792;7839;7.48;0.46;268.54;6.22;951;23;2687.00;47
6843;23;623065312;6843;289;7804;7852;7.48;0.46;268.52;6.22;961;23;2688.00;48
6845;23;623065323;6845;291;7805;7852;7.44;0.45;268.56;6.22;960;23;2689.00;47
6849;23;623065334;6849;301;7807;7852;7.37;0.45;268.55;6.24;958;23;2690.00;45
6850;23;623065345;6850;300;7808;7853;7.33;0.45;268.56;6.24;958;23;2691.00;45
6851;23;623065356;6851;312;7809;7853;7.31;0.45;268.57;6.25;958;23;2692.00;44
6856;23;623065367;6856;320;7815;7857;7.32;0.45;268.82;6.26;959;23;2693.00;42
6858;23;623065378;6858;322;7815;7857;7.26;0.44;268.80;6.26;957;23;2694.00;42
6861;23;623065389;6861;322;7819;7861;7.20;0.44;268.80;6.27;958;23;2695.00;42
6862;23;623065401;6862;327;7819;7861;7.18;0.44;268.85;6.27;957;23;2696.00;42
6865;23;623065411;6865;325;7820;7861;7.18;0.44;268.89;6.28;955;23;2697.00;41
6868;23;623065422;6868;329;7820;7861;7.08;0.43;268.93;6.28;952;23;2698.00;41
6870;23;623065432;6870;328;7823;7861;7.04;0.43;268.90;6.31;953;23;2699.00;38
6873;23;623065445;6873;325;7849;7910;7.12;0.44;268.98;6.29;976;23;2700.00;61
6878;23;623065465;6878;325;7852;7910;6.98;0.43;269.04;6.30;974;23;2701.00;58
6880;23;623065476;6880;327;7856;7910;6.95;0.43;269.00;6.30;976;23;2702.00;54
6883;23;623065487;6883;326;7857;7910;6.90;0.42;269.05;6.31;974;23;2703.00;53
6887;23;623065498;6887;322;7859;7910;6.88;0.42;269.14;6.31;972;23;2704.00;51
6888;23;623065509;6888;322;7859;7910;6.92;0.42;269.15;6.31;971;23;2705.00;51
6890;23;623065520;6890;319;7861;7911;6.92;0.42;269.13;6.32;971;23;2706.00;50
6892;23;623065531;6892;321;7862;7911;6.96;0.43;269.15;6.32;970;23;2707.00;49
6895;23;623065542;6895;320;7871;7917;6.97;0.43;269.14;6.34;976;23;2708.00;46
6896;23;623065553;6896;322;7872;7918;6.96;0.43;269.13;6.34;976;23;2709.00;46
6901;23;623065564;6901;326;7873;7918;6.84;0.42;269.11;6.34;972;23;2710.00;45
6904;23;623065575;6904;328;7873;7918;6.75;0.41;269.06;6.34;969;23;2711.00;45
6906;23;623065585;6906;332;7878;7922;6.65;0.41;269.05;6.35;972;23;2712.00;44
6907;23;623065596;6907;340;7878;7922;6.53;0.40;269.09;6.35;971;23;2713.00;44
6910;23;623065607;6910;345;7880;7922;6.41;0.39;269.08;6.35;970;23;2714.00;42
6913;23;623065618;6913;347;7882;7923;6.36;0.39;269.13;6.36;969;23;2715.00;41
6917;23;623065628;6917;349;7885;7927;6.22;0.38;269.20;6.36;968;23;2716.00;42
6919;23;623065639;6919;350;7888;7927;6.11;0.37;269.21;6.37;969;23;2717.00;39
6927;23;623065649;6927;358;7891;7930;5.96;0.37;269.31;6.37;964;23;2718.00;39
6930;23;623065660;6930;360;7893;7930;5.88;0.36;269.35;6.37;963;23;2719.00;37
6936;23;623065670;6936;357;7894;7930;5.80;0.35;269.42;6.37;958;23;2720.00;36
6940;23;623065681;6940;353;7896;7930;5.77;0.35;269.44;6.37;956;23;2721.00;34
6944;23;623065691;6944;350;7899;7934;5.80;0.35;269.53;6.37;955;23;2722.00;35
6946;23;623065702;6946;357;7899;7934;5.84;0.36;269.56;6.37;953;23;2723.00;35
6948;23;623065715;6948;358;7902;7934;5.87;0.36;269.64;6.38;954;23;2724.00;32
6953;23;623065726;6953;359;7902;7934;5.94;0.36;269.74;6.38;949;23;2725.00;32
6956;23;623065735;6956;358;7903;7935;6.00;0.37;269.82;6.38;947;23;2726.00;32
6959;23;623065747;6959;350;7906;7936;6.09;0.37;269.87;6.38;947;23;2727.00;30
6963;23;623065757;6963;349;7906;7936;6.15;0.38;269.98;6.38;943;23;2728.00;30
6967;23;623065769;6967;344;7908;7937;6.18;0.38;270.04;6.38;941;23;2729.00;29
6970;23;623065782;6970;351;7908;7937;6.22;0.38;270.18;6.38;938;23;2730.00;29
6975;23;623065792;6975;351;7909;7937;6.22;0.38;270.30;6.38;934;23;2731.00;28
6976;23;623065802;6976;343;7911;7937;6.23;0.38;270.35;6.39;935;23;2732.00;26
6981;23;623065812;6981;345;7911;7937;6.17;0.38;270.56;6.39;930;23;2733.00;26
6985;23;623065822;6985;344;7911;7937;6.12;0.37;270.60;6.39;926;23;2734.00;26
6989;23;623065832;6989;349;7911;7937;6.11;0.37;270.64;6.39;922;23;2735.00;26
6996;23;623065843;6996;353;7977;8064;6.37;0.40;270.83;6.33;981;23;2736.00;87
6998;23;623065864;6998;350;7983;8065;6.43;0.40;270.90;6.34;985;23;2737.00;82
7005;23;623065875;7005;348;7991;8065;6.40;0.40;270.97;6.33;986;23;2738.00;74
7011;23;623065886;7011;353;7991;8065;6.38;0.39;271.12;6.33;980;23;2739.00;74
7012;23;623065897;7012;354;7996;8065;6.41;0.40;271.13;6.33;984;23;2740.00;69
7018;23;623065908;7018;360;7997;8065;6.33;0.39;271.22;6.33;979;23;2741.00;68
7022;23;623065924;7022;354;7999;8065;6.31;0.39;271.31;6.33;977;23;2742.00;66
7024;23;623065935;7024;355;8000;8065;6.25;0.39;271.31;6.33;976;23;2743.00;65
7027;23;623065946;7027;355;8004;8066;6.24;0.38;271.35;6.33;977;23;2744.00;62
7031;23;623065957;7031;356;8007;8068;6.23;0.38;271.43;6.37;976;23;2745.00;61
7036;23;623065969;7036;361;8010;8068;6.17;0.38;271.55;6.38;974;23;2746.00;58
7040;23;623065980;7040;361;8012;8069;6.12;0.38;271.56;6.38;972;23;2747.00;57
7045;23;623065991;7045;364;8014;8069;6.07;0.37;271.45;6.38;969;23;2748.00;55
7049;23;623066002;7049;375;8017;8069;6.05;0.37;271.52;6.38;968;23;2749.00;52
7054;23;623066013;7054;372;8020;8069;6.07;0.37;271.50;6.38;966;23;2750.00;49
7058;23;623066024;7058;379;8025;8073;6.10;0.38;271.58;6.39;967;23;2751.00;48
7063;23;623066035;7063;386;8027;8073;6.14;0.38;271.66;6.39;964;23;2752.00;46
7064;23;623066046;7064;384;8030;8073;6.13;0.38;271.69;6.39;966;23;2753.00;43
7069;23;623066057;7069;379;8032;8076;6.11;0.38;271.69;6.39;963;23;2754.00;44
7072;23;623066068;7072;380;8034;8076;6.13;0.38;271.68;6.40;962;23;2755.00;42
7075;23;623066079;7075;385;8036;8076;6.15;0.38;271.69;6.40;961;23;2756.00;40
7077;23;623066090;7077;386;8040;8080;6.20;0.38;271.76;6.40;963;23;2757.00;40
7082;23;623066101;7082;394;8042;8081;6.20;0.38;271.71;6.40;960;23;2758.00;39
7085;23;623066112;7085;393;8043;8081;6.18;0.38;271.74;6.40;958;23;2759.00;38
7092;23;623066124;7092;392;8048;8086;6.09;0.37;271.73;6.39;956;23;2760.00;38
7093;23;623066136;7093;398;8049;8086;6.09;0.37;271.69;6.39;956;23;2761.00;37
7097;23;623066147;7097;404;8049;8086;6.09;0.37;271.73;6.39;952;23;2762.00;37
7099;23;623066158;7099;402;8050;8087;6.01;0.37;271.75;6.39;951;23;2763.00;37
7102;23;623066170;7102;411;8050;8087;5.98;0.37;271.78;6.39;948;23;2764.00;37
7104;23;623066180;7104;413;8055;8093;5.96;0.36;271.78;6.39;951;23;2765.00;38
7109;23;623066193;7109;416;8055;8093;5.83;0.35;271.88;6.39;946;23;2766.00;38
7111;23;623066209;7111;402;8056;8094;5.72;0.35;271.95;6.43;945;23;2767.00;38
7113;23;623066229;7113;394;8056;8094;5.69;0.35;271.99;6.43;943;23;2768.00;38
7121;23;623066249;7121;392;8056;8094;5.57;0.34;272.06;6.43;935;23;2769.00;38
7123;23;623066268;7123;393;8056;8094;5.53;0.34;272.15;6.43;933;23;2770.00;38
7124;23;623066283;7124;388;8056;8094;5.53;0.34;272.16;6.43;932;23;2771.00;38
7128;23;623066298;7128;397;8066;8106;5.59;0.34;272.18;6.43;938;23;2772.00;40
7133;23;623066317;7133;388;8066;8106;5.60;0.34;272.18;6.43;933;23;2773.00;40
7134;23;623066331;7134;398;8067;8106;5.63;0.34;272.15;6.43;933;23;2774.00;39
7135;23;623066343;7135;401;8067;8106;5.62;0.34;272.13;6.43;932;23;2775.00;39
7135;23;623066354;7135;388;8067;8106;5.62;0.34;272.13;6.43;932;23;2776.00;39
7138;23;623066367;7138;383;8067;8106;5.62;0.34;272.17;6.43;929;23;2777.00;39
7138;23;623066381;7138;373;8070;8110;5.66;0.34;272.17;6.42;932;23;2778.00;40
7140;23;623066394;7140;364;8070;8110;5.66;0.34;272.18;6.42;930;23;2779.00;40
7140;23;623066407;7140;363;8074;8114;5.77;0.35;272.18;6.42;934;23;2780.00;40
7141;23;623066419;7141;347;8075;8115;5.82;0.35;272.16;6.42;934;23;2781.00;40
7143;23;623066431;7143;345;8075;8115;5.86;0.36;272.13;6.42;932;23;2782.00;40
7145;23;623066445;7145;351;8075;8115;5.89;0.36;272.08;6.42;930;23;2783.00;40
7147;23;623066457;7147;352;8086;8128;6.03;0.37;272.05;6.41;939;23;2784.00;42
7149;23;623066471;7149;355;8086;8128;6.07;0.37;272.01;6.41;937;23;2785.00;42
7149;23;623066490;7149;351;8086;8128;6.22;0.38;272.01;6.41;937;24;2786.00;42
7151;23;623066511;7151;341;8088;8129;6.32;0.38;271.99;6.46;937;24;2787.00;41
7152;23;623066524;7152;338;8088;8130;6.44;0.39;271.96;6.46;936;24;2788.00;42
7153;23;623066536;7153;334;8088;8130;6.53;0.40;271.97;6.46;935;24;2789.00;42
7156;23;623066548;7156;334;8092;8136;6.60;0.40;271.98;6.46;936;24;2790.00;44
7158;23;623066560;7158;331;8092;8136;6.60;0.40;271.95;6.46;934;24;2791.00;44
7159;23;623066573;7159;327;8094;8136;6.60;0.40;271.92;6.45;935;24;2792.00;42
7160;23;623066585;7160;324;8094;8136;6.58;0.40;271.95;6.45;934;24;2793.00;42
7161;23;623066597;7161;320;8099;8142;6.60;0.40;271.92;6.45;938;24;2794.00;43
7162;23;623066609;7162;316;8099;8142;6.60;0.40;271.89;6.45;937;24;2795.00;43
7164;23;623066620;7164;313;8099;8142;6.61;0.40;271.90;6.45;935;24;2796.00;43
7166;23;623066631;7166;312;8099;8142;6.65;0.40;271.88;6.45;933;24;2797.00;43
7166;23;623066644;7166;307;8102;8146;6.72;0.41;271.88;6.45;936;24;2798.00;44
7168;23;623066656;7168;305;8103;8147;6.81;0.42;271.89;6.45;935;24;2799.00;44
7171;23;623066668;7171;303;8103;8147;6.82;0.42;271.86;6.45;932;24;2800.00;44
7172;23;623066690;7172;308;8104;8148;6.88;0.42;271.82;6.45;932;24;2801.00;44
7175;23;623066702;7175;313;8104;8148;6.98;0.43;271.76;6.45;929;24;2802.00;44
7176;23;623066714;7176;307;8104;8148;7.04;0.43;271.76;6.45;928;24;2803.00;44
7177;23;623066734;7177;288;8104;8148;7.16;0.44;271.73;6.45;927;24;2804.00;44
7180;23;623066746;7180;280;8104;8148;7.27;0.44;271.76;6.45;924;24;2805.00;44
7182;23;623066758;7182;267;8104;8148;7.37;0.45;271.78;6.45;922;24;2806.00;44
7182;23;623066769;7182;255;8104;8148;7.50;0.46;271.78;6.45;922;24;2807.00;44
7183;23;623066787;7183;263;8144;8218;7.61;0.46;271.79;6.42;961;24;2808.00;74
7184;23;623066804;7184;246;8144;8219;7.79;0.47;271.80;6.42;960;24;2809.00;75
7184;23;623066817;7184;236;8152;8219;7.99;0.49;271.80;6.46;968;24;2810.00;67
7184;23;623066829;7184;226;8154;8219;8.22;0.50;271.80;6.45;970;24;2811.00;65
7187;23;623066842;7187;215;8158;8219;8.37;0.51;271.82;6.45;971;24;2812.00;61
7189;23;623066861;7189;213;8158;8219;8.50;0.52;271.82;6.45;969;24;2813.00;61
7189;23;623066875;7189;211;8161;8219;8.68;0.53;271.82;6.45;972;24;2814.00;58
7191;24;623066887;7191;209;8164;8219;8.73;0.53;271.83;6.45;973;25;2815.00;55
7192;24;623066912;7192;208;8167;8220;8.80;0.53;271.82;6.45;975;25;2816.00;53
7195;24;623066926;7195;211;8169;8221;8.86;0.54;271.77;6.45;974;25;2817.00;52
7200;24;623066939;7200;211;8171;8221;8.82;0.53;271.80;6.45;971;25;2818.00;50
7204;24;623066953;7204;212;8175;8225;8.79;0.53;271.88;6.45;971;25;2819.00;50
7204;24;623066968;7204;215;8176;8225;8.79;0.53;271.88;6.45;972;25;2820.00;49
7206;24;623066987;7206;207;8176;8225;8.74;0.53;271.89;6.45;970;25;2821.00;49
7207;24;623067000;7207;209;8176;8225;8.63;0.52;271.87;6.45;969;25;2822.00;49
7208;24;623067018;7208;203;8181;8231;8.64;0.52;271.84;6.45;973;25;2823.00;50
7211;24;623067032;7211;208;8181;8231;8.59;0.52;271.91;6.45;970;25;2824.00;50
7214;24;623067044;7214;215;8182;8231;8.55;0.52;271.94;6.46;968;25;2825.00;49
7219;24;623067058;7219;215;8186;8234;8.50;0.51;272.04;6.51;967;25;2826.00;48
7220;24;623067071;7220;218;8187;8234;8.54;0.52;272.01;6.51;967;25;2827.00;47
7223;24;623067083;7223;218;8187;8234;8.51;0.52;272.00;6.51;964;25;2828.00;47
7226;24;623067096;7226;220;8187;8235;8.51;0.52;272.11;6.51;961;25;2829.00;48
7230;24;623067108;7230;224;8188;8236;8.53;0.52;272.13;6.51;958;25;2830.00;48
7234;24;623067122;7234;228;8188;8236;8.56;0.52;272.11;6.51;954;25;2831.00;48
7238;24;623067134;7238;230;8197;8249;8.50;0.51;272.07;6.50;959;25;2832.00;52
7240;24;623067147;7240;225;8199;8249;8.50;0.51;272.06;6.50;959;25;2833.00;50
7242;24;623067159;7242;232;8199;8249;8.48;0.51;272.04;6.50;957;25;2834.00;50
7244;24;623067171;7244;232;8201;8251;8.53;0.52;272.13;6.50;957;25;2835.00;50
7249;24;623067184;7249;233;8201;8251;8.52;0.52;272.11;6.50;952;25;2836.00;50
7250;24;623067196;7250;243;8205;8255;8.62;0.52;272.10;6.50;955;25;2837.00;50
7253;24;623067208;7253;252;8205;8255;8.63;0.52;272.10;6.50;952;25;2838.00;50
7257;25;623067220;7257;255;8208;8259;8.56;0.52;272.17;6.50;951;26;2839.00;51
7259;25;623067251;7259;259;8208;8259;8.49;0.51;272.22;6.50;949;26;2840.00;51
7263;25;623067263;7263;261;8208;8259;8.53;0.52;272.29;6.50;945;26;2841.00;51
7264;25;623067274;7264;269;8208;8259;8.51;0.52;272.36;6.50;944;26;2842.00;51
7266;25;623067285;7266;269;8208;8259;8.46;0.51;272.36;6.50;942;26;2843.00;51
7268;25;623067297;7268;263;8218;8271;8.48;0.51;272.44;6.49;950;26;2844.00;53
7269;25;623067309;7269;266;8219;8271;8.40;0.51;272.44;6.49;950;26;2845.00;52
7272;25;623067321;7272;265;8219;8271;8.32;0.50;272.46;6.49;947;26;2846.00;52
7274;25;623067332;7274;264;8219;8271;8.31;0.50;272.51;6.49;945;26;2847.00;52
7275;25;623067344;7275;275;8219;8271;8.27;0.50;272.55;6.49;944;26;2848.00;52
7278;25;623067355;7278;275;8219;8271;8.28;0.50;272.63;6.49;941;26;2849.00;52
7280;25;623067368;7280;279;8221;8274;8.22;0.50;272.61;6.49;941;26;2850.00;53
7284;25;623067380;7284;287;8223;8274;8.18;0.50;272.64;6.51;939;26;2851.00;51
7286;25;623067391;7286;285;8228;8280;8.25;0.50;272.64;6.51;942;26;2852.00;52
7288;25;623067403;7288;291;8230;8281;8.26;0.50;272.63;6.52;942;26;2853.00;51
7290;25;623067415;7290;291;8231;8281;8.28;0.50;272.68;6.54;941;26;2854.00;50
7294;25;623067426;7294;296;8231;8281;8.22;0.50;272.63;6.54;937;26;2855.00;50
7296;25;623067437;7296;292;8235;8285;8.19;0.50;272.63;6.54;939;26;2856.00;50
7297;25;623067449;7297;292;8237;8285;8.12;0.49;272.62;6.57;940;26;2857.00;48
7302;25;623067460;7302;296;8238;8285;8.00;0.49;272.64;6.58;936;26;2858.00;47
7304;25;623067473;7304;295;8240;8286;7.97;0.49;272.70;6.59;936;26;2859.00;46
7306;25;623067484;7306;303;8244;8290;7.90;0.48;272.78;6.60;938;26;2860.00;46
7308;25;623067495;7308;306;8245;8290;7.84;0.48;272.80;6.61;937;26;2861.00;45
7310;25;623067505;7310;311;8248;8293;7.84;0.48;272.82;6.62;938;26;2862.00;45
7311;25;623067517;7311;313;8250;8293;7.75;0.47;272.85;6.63;939;26;2863.00;43
7316;25;623067529;7316;319;8253;8295;7.67;0.47;272.99;6.64;937;26;2864.00;42
7318;25;623067542;7318;324;8255;8295;7.58;0.46;272.99;6.65;937;26;2865.00;40
7319;25;623067553;7319;327;8260;8299;7.61;0.46;272.97;6.66;941;26;2866.00;39
7322;25;623067570;7322;329;8261;8299;7.52;0.46;273.05;6.67;939;26;2867.00;38
7327;25;623067581;7327;329;8262;8299;7.47;0.46;273.12;6.67;935;26;2868.00;37
7328;25;623067592;7328;326;8262;8299;7.40;0.45;273.19;6.67;934;26;2869.00;37
7332;25;623067603;7332;317;8264;8300;7.27;0.44;273.19;6.69;932;26;2870.00;36
7338;25;623067614;7338;321;8266;8301;7.20;0.44;273.32;6.70;928;26;2871.00;35
7341;25;623067625;7341;316;8266;8301;7.12;0.43;273.41;6.70;925;26;2872.00;35
7345;25;623067636;7345;316;8269;8302;7.05;0.43;273.39;6.70;924;26;2873.00;33
7348;25;623067653;7348;313;8269;8302;6.97;0.42;273.43;6.70;921;26;2874.00;33
7351;25;623067663;7351;311;8270;8302;6.91;0.42;273.48;6.71;919;26;2875.00;32
7354;25;623067674;7354;312;8270;8302;6.90;0.42;273.49;6.71;916;26;2876.00;32
7355;25;623067683;7355;315;8272;8302;6.86;0.42;273.57;6.72;917;26;2877.00;30
7357;25;623067694;7357;319;8272;8302;6.88;0.42;273.63;6.72;915;26;2878.00;30
7360;25;623067703;7360;322;8272;8302;6.91;0.42;273.68;6.72;912;26;2879.00;30
7362;25;623067715;7362;356;8374;8532;7.01;0.44;273.74;6.65;1012;26;2880.00;158
7363;25;623067743;7363;345;8378;8533;7.00;0.44;273.73;6.65;1015;26;2881.00;155
7366;25;623067754;7366;341;8390;8533;7.03;0.44;273.76;6.65;1024;26;2882.00;143
7370;25;623067765;7370;341;8396;8533;6.90;0.43;273.74;6.64;1026;26;2883.00;137
7372;25;623067775;7372;342;8402;8533;6.87;0.43;273.78;6.64;1030;26;2884.00;131
7375;25;623067786;7375;345;8409;8533;6.76;0.42;273.88;6.64;1034;26;2885.00;124
7379;25;623067797;7379;346;8419;8533;6.71;0.42;274.00;6.65;1040;26;2886.00;114
7384;25;623067807;7384;355;8428;8533;6.59;0.41;273.98;6.65;1044;26;2887.00;105
7387;25;623067818;7387;359;8435;8534;6.52;0.41;274.01;6.65;1048;26;2888.00;99
7391;25;623067829;7391;367;8440;8535;6.42;0.40;274.18;6.65;1049;26;2889.00;95
7393;25;623067839;7393;359;8447;8535;6.35;0.40;274.23;6.65;1054;26;2890.00;88
7397;25;623067850;7397;366;8449;8536;6.17;0.38;274.31;6.65;1052;26;2891.00;87
7400;25;623067861;7400;363;8455;8536;5.98;0.37;274.42;6.66;1055;26;2892.00;81
7401;25;623067871;7401;363;8457;8536;5.80;0.36;274.44;6.66;1056;26;2893.00;79
7406;25;623067882;7406;371;8462;8536;5.60;0.35;274.47;6.66;1056;26;2894.00;74
7412;25;623067893;7412;380;8465;8540;5.41;0.34;274.52;6.66;1053;26;2895.00;75
7414;25;623067904;7414;397;8470;8540;5.38;0.33;274.56;6.67;1056;26;2896.00;70
7418;25;623067915;7418;393;8471;8540;5.31;0.33;274.62;6.67;1053;26;2897.00;69
7421;25;623067926;7421;395;8473;8543;5.30;0.33;274.71;6.67;1052;26;2898.00;70
7422;25;623067938;7422;394;8476;8543;5.33;0.33;274.70;6.67;1054;26;2899.00;67
7425;25;623067949;7425;389;8477;8543;5.37;0.33;274.82;6.67;1052;26;2900.00;66
7429;25;623067964;7429;389;8483;8547;5.42;0.33;274.92;6.68;1054;26;2901.00;64
7433;25;623067976;7433;393;8485;8548;5.45;0.34;274.97;6.68;1052;26;2902.00;63
7440;25;623067988;7440;391;8488;8548;5.46;0.34;275.02;6.68;1048;26;2903.00;60
7445;25;623067999;7445;389;8490;8552;5.49;0.34;275.08;6.68;1045;26;2904.00;62
7450;25;623068011;7450;389;8497;8552;5.52;0.34;275.15;6.69;1047;26;2905.00;55
7452;25;623068023;7452;387;8498;8552;5.59;0.34;275.20;6.69;1046;26;2906.00;54
7457;25;623068036;7457;391;8500;8553;5.62;0.35;275.22;6.70;1043;26;2907.00;53
7457;25;623068047;7457;396;8501;8553;5.73;0.35;275.22;6.70;1044;26;2908.00;52
7462;25;623068059;7462;404;8508;8559;5.76;0.36;275.26;6.71;1046;26;2909.00;51
7464;25;623068079;7464;412;8509;8559;5.79;0.36;275.26;6.71;1045;26;2910.00;50
7470;25;623068090;7470;416;8511;8560;5.75;0.35;275.35;6.75;1041;26;2911.00;49
7472;25;623068102;7472;417;8511;8560;5.74;0.35;275.34;6.75;1039;26;2912.00;49
7477;25;623068113;7477;422;8511;8560;5.65;0.35;275.34;6.75;1034;26;2913.00;49
7480;25;623068124;7480;424;8514;8560;5.56;0.34;275.42;6.76;1034;26;2914.00;46
7484;25;623068134;7484;429;8514;8560;5.49;0.34;275.46;6.76;1030;26;2915.00;46
7488;25;623068146;7488;431;8524;8572;5.54;0.34;275.48;6.75;1036;26;2916.00;48
7491;25;623068157;7491;426;8524;8572;5.49;0.34;275.50;6.75;1033;26;2917.00;48
7496;25;623068168;7496;429;8525;8572;5.39;0.33;275.50;6.75;1029;26;2918.00;47
7500;25;623068179;7500;440;8525;8572;5.36;0.33;275.54;6.75;1025;26;2919.00;47
7504;25;623068190;7504;439;8525;8572;5.27;0.33;275.55;6.75;1021;26;2920.00;47
7511;25;623068206;7511;440;8525;8572;5.15;0.32;275.56;6.75;1014;26;2921.00;47
7514;25;623068224;7514;436;8528;8576;5.11;0.32;275.56;6.75;1014;26;2922.00;48
7519;25;623068242;7519;439;8528;8576;5.01;0.31;275.56;6.75;1009;26;2923.00;48
7524;25;623068260;7524;447;8532;8580;4.94;0.30;275.61;6.74;1008;26;2924.00;48
7526;25;623068275;7526;450;8534;8582;4.91;0.30;275.59;6.74;1008;26;2925.00;48
7532;25;623068290;7532;462;8534;8582;4.84;0.30;275.54;6.74;1002;26;2926.00;48
7536;25;623068312;7536;466;8534;8582;4.71;0.29;275.48;6.74;998;26;2927.00;48
7541;25;623068324;7541;477;8545;8595;4.80;0.30;275.37;6.73;1004;26;2928.00;50
7545;25;623068338;7545;476;8545;8595;4.76;0.29;275.30;6.73;1000;26;2929.00;50
7548;25;623068350;7548;483;8545;8595;4.73;0.29;275.29;6.73;997;26;2930.00;50
7549;25;623068363;7549;483;8546;8596;4.75;0.29;275.32;6.73;997;26;2931.00;50
7552;25;623068376;7552;485;8546;8597;4.75;0.29;275.38;6.73;994;26;2932.00;51
7555;25;623068388;7555;489;8547;8597;4.69;0.29;275.39;6.78;992;26;2933.00;50
7559;25;623068401;7559;485;8549;8600;4.68;0.29;275.33;6.78;990;26;2934.00;51
7561;25;623068414;7561;488;8549;8600;4.71;0.29;275.36;6.78;988;26;2935.00;51
7566;25;623068425;7566;487;8550;8600;4.74;0.29;275.25;6.78;984;26;2936.00;50
7572;25;623068436;7572;474;8550;8600;4.72;0.29;275.26;6.78;978;26;2937.00;50
7574;25;623068448;7574;457;8555;8606;4.83;0.30;275.21;6.77;981;26;2938.00;51
7575;25;623068459;7575;452;8555;8606;4.89;0.30;275.18;6.77;980;26;2939.00;51
7575;25;623068473;7575;450;8555;8606;5.00;0.31;275.18;6.77;980;26;2940.00;51
7577;25;623068484;7577;449;8555;8606;5.09;0.31;275.23;6.77;978;26;2941.00;51
7582;25;623068496;7582;444;8558;8610;5.21;0.32;275.25;6.77;976;26;2942.00;52
7586;25;623068507;7586;441;8559;8611;5.29;0.32;275.24;6.77;973;26;2943.00;52
7587;25;623068519;7587;440;8559;8611;5.36;0.33;275.21;6.77;972;26;2944.00;52
7589;25;623068530;7589;436;8560;8612;5.40;0.33;275.15;6.77;971;26;2945.00;52
7592;25;623068542;7592;425;8560;8612;5.44;0.33;275.07;6.77;968;26;2946.00;52
7592;25;623068554;7592;409;8560;8612;5.53;0.34;275.07;6.77;968;26;2947.00;52
7596;25;623068566;7596;399;8561;8612;5.57;0.34;274.96;6.82;965;26;2948.00;51
7598;25;623068577;7598;392;8561;8612;5.65;0.35;274.96;6.82;963;26;2949.00;51
7599;25;623068589;7599;384;8561;8612;5.74;0.35;274.97;6.82;962;26;2950.00;51
7600;25;623068608;7600;380;8561;8612;5.81;0.36;274.95;6.82;961;26;2951.00;51
7601;25;623068621;7601;375;8595;8682;6.13;0.38;274.99;6.79;994;26;2952.00;87
7603;25;623068640;7603;366;8596;8683;6.17;0.38;275.02;6.79;993;26;2953.00;87
7603;25;623068653;7603;363;8603;8683;6.31;0.39;275.02;6.79;1000;26;2954.00;80
7605;25;623068665;7605;355;8606;8683;6.37;0.39;275.07;6.79;1001;26;2955.00;77
7608;25;623068678;7608;344;8609;8683;6.43;0.39;275.09;6.79;1001;26;2956.00;74
7610;25;623068691;7610;334;8611;8683;6.44;0.39;275.10;6.84;1001;26;2957.00;72
7610;25;623068703;7610;329;8613;8683;6.55;0.40;275.10;6.84;1003;26;2958.00;70
7612;25;623068716;7612;311;8615;8683;6.61;0.40;275.14;6.84;1003;26;2959.00;68
7614;25;623068729;7614;304;8618;8684;6.70;0.41;275.23;6.84;1004;26;2960.00;66
7615;25;623068743;7615;302;8619;8685;6.82;0.41;275.26;6.84;1004;26;2961.00;66
7618;25;623068756;7618;296;8621;8685;6.90;0.42;275.27;6.84;1003;26;2962.00;64
7620;25;623068770;7620;292;8626;8689;7.02;0.43;275.29;6.84;1006;26;2963.00;63
7621;25;623068784;7621;288;8627;8689;7.11;0.43;275.26;6.84;1006;26;2964.00;62
7621;25;623068798;7621;289;8627;8689;7.18;0.43;275.26;6.84;1006;26;2965.00;62
7622;25;623068810;7622;284;8627;8689;7.23;0.44;275.27;6.84;1005;26;2966.00;62
7624;25;623068823;7624;282;8631;8695;7.33;0.44;275.33;6.83;1007;26;2967.00;64
7624;25;623068838;7624;281;8631;8695;7.41;0.45;275.33;6.83;1007;26;2968.00;64
7624;25;623068852;7624;280;8631;8695;7.45;0.45;275.33;6.83;1007;26;2969.00;64
7625;25;623068867;7625;279;8635;8701;7.53;0.46;275.35;6.83;1010;26;2970.00;66
7625;25;623068880;7625;272;8635;8701;7.65;0.46;275.35;6.83;1010;26;2971.00;66
7626;25;623068900;7626;272;8637;8701;7.72;0.47;275.34;6.83;1011;26;2972.00;64
7627;25;623068914;7627;265;8637;8702;7.73;0.47;275.34;6.83;1010;26;2973.00;65
7627;25;623068927;7627;257;8638;8703;7.79;0.47;275.34;6.83;1011;26;2974.00;65
7628;25;623068942;7628;250;8638;8703;7.83;0.47;275.34;6.83;1010;26;2975.00;65
7629;25;623068955;7629;240;8647;8716;7.96;0.48;275.39;6.82;1018;26;2976.00;69
7631;25;623068971;7631;229;8647;8716;8.02;0.49;275.43;6.82;1016;26;2977.00;69
7633;25;623068984;7633;225;8647;8716;8.08;0.49;275.40;6.82;1014;26;2978.00;69
7639;25;623068997;7639;221;8648;8717;8.12;0.49;275.45;6.82;1009;26;2979.00;69
7640;25;623069011;7640;222;8648;8717;8.17;0.49;275.45;6.82;1008;26;2980.00;69
7646;25;623069023;7646;218;8651;8721;8.14;0.49;275.43;6.82;1005;26;2981.00;70
7646;25;623069036;7646;212;8651;8721;8.19;0.50;275.43;6.82;1005;26;2982.00;70
7649;25;623069049;7649;210;8654;8725;8.24;0.50;275.45;6.82;1005;26;2983.00;71
7652;25;623069063;7652;209;8654;8725;8.28;0.50;275.50;6.82;1002;26;2984.00;71
7654;25;623069076;7654;208;8654;8725;8.29;0.50;275.56;6.82;1000;26;2985.00;71
7656;25;623069089;7656;208;8655;8725;8.35;0.51;275.57;6.87;999;26;2986.00;70
7660;25;623069102;7660;205;8655;8725;8.33;0.50;275.55;6.87;995;26;2987.00;70
7665;25;623069115;7665;209;8664;8737;8.34;0.50;275.63;6.86;999;26;2988.00;73
7666;25;623069130;7666;204;8664;8737;8.35;0.50;275.64;6.86;998;26;2989.00;73
7668;25;623069142;7668;203;8666;8737;8.38;0.51;275.67;6.86;998;26;2990.00;71
7669;25;623069156;7669;205;8666;8737;8.43;0.51;275.66;6.86;997;26;2991.00;71
7670;25;623069174;7670;204;8667;8737;8.45;0.51;275.68;6.91;997;26;2992.00;70
7671;25;623069186;7671;204;8670;8737;8.38;0.51;275.75;6.93;999;26;2993.00;67
7675;25;623069200;7675;197;8670;8738;8.31;0.50;275.73;6.93;995;26;2994.00;68
7677;25;623069221;7677;193;8672;8738;8.25;0.50;275.75;6.95;995;26;2995.00;66
7681;25;623069236;7681;194;8676;8744;8.26;0.50;275.73;6.95;995;26;2996.00;68
7682;25;623069250;7682;191;8677;8745;8.26;0.50;275.71;6.95;995;26;2997.00;68
7689;25;623069263;7689;201;8677;8745;8.23;0.50;275.68;6.95;988;26;2998.00;68
7691;25;623069276;7691;194;8677;8745;8.18;0.49;275.67;6.95;986;26;2999.00;68
7692;25;623069291;7692;199;8683;8765;8.21;0.50;275.69;6.94;991;26;3000.00;82
7696;25;623069309;7696;196;8683;8765;8.26;0.50;275.73;6.94;987;26;3001.00;82
7698;25;623069322;7698;201;8683;8765;8.33;0.50;275.75;6.94;985;26;3002.00;82
7700;25;623069334;7700;198;8684;8766;8.49;0.51;275.78;6.94;984;26;3003.00;82
7705;25;623069347;7705;200;8687;8770;8.56;0.52;275.84;6.94;982;26;3004.00;83
7706;25;623069360;7706;199;8687;8770;8.60;0.52;275.91;6.94;981;26;3005.00;83
7709;25;623069372;7709;202;8691;8773;8.60;0.52;275.97;6.94;982;26;3006.00;82
7714;25;623069385;7714;197;8693;8773;8.57;0.52;276.10;6.94;979;26;3007.00;80
7716;25;623069397;7716;199;8695;8773;8.61;0.52;276.19;6.95;979;26;3008.00;78
7717;25;623069409;7717;204;8696;8773;8.66;0.52;276.19;6.95;979;26;3009.00;77
7721;25;623069421;7721;204;8698;8777;8.64;0.52;276.18;6.95;977;26;3010.00;79
7725;25;623069439;7725;207;8700;8777;8.65;0.52;276.26;6.96;975;26;3011.00;77
7731;25;623069452;7731;214;8703;8777;8.57;0.52;276.39;6.96;972;26;3012.00;74
7733;25;623069465;7733;215;8704;8777;8.49;0.51;276.49;6.97;971;26;3013.00;73
7733;25;623069477;7733;212;8706;8778;8.47;0.51;276.49;6.97;973;26;3014.00;72
7736;25;623069489;7736;218;8710;8780;8.40;0.51;276.56;6.97;974;26;3015.00;70
7740;25;623069501;7740;227;8710;8780;8.35;0.51;276.59;6.97;970;26;3016.00;70
7741;25;623069514;7741;225;8711;8781;8.32;0.50;276.59;6.97;970;26;3017.00;70
7744;25;623069526;7744;229;8712;8781;8.25;0.50;276.69;6.97;968;26;3018.00;69
7747;25;623069539;7747;231;8712;8781;8.18;0.50;276.69;6.97;965;26;3019.00;69
7747;25;623069552;7747;232;8714;8781;8.14;0.50;276.69;7.00;967;26;3020.00;67
7750;25;623069566;7750;240;8715;8781;8.09;0.49;276.74;7.00;965;26;3021.00;66
7752;25;623069578;7752;240;8715;8781;8.06;0.49;276.75;7.00;963;26;3022.00;66
7755;25;623069591;7755;251;8716;8781;8.05;0.49;276.87;7.01;961;26;3023.00;65
7759;25;623069604;7759;279;8785;8908;8.00;0.49;276.97;6.97;1026;26;3024.00;123
7762;25;623069629;7762;271;8790;8909;8.01;0.49;277.07;6.97;1028;26;3025.00;119
7763;25;623069643;7763;264;8798;8909;8.08;0.50;277.09;6.99;1035;26;3026.00;111
7766;25;623069658;7766;271;8800;8909;8.07;0.50;277.16;7.00;1034;26;3027.00;109
7770;25;623069671;7770;280;8805;8909;8.11;0.50;277.31;7.01;1035;26;3028.00;104
7770;25;623069684;7770;281;8807;8909;8.14;0.50;277.31;7.02;1037;26;3029.00;102
7773;25;623069699;7773;286;8813;8909;8.14;0.50;277.36;7.03;1040;26;3030.00;96
7776;25;623069712;7776;279;8816;8909;8.12;0.50;277.40;7.04;1040;26;3031.00;93
7777;25;623069726;7777;288;8819;8910;8.15;0.50;277.48;7.04;1042;26;3032.00;91
7781;25;623069739;7781;291;8825;8911;8.18;0.50;277.55;7.06;1044;26;3033.00;86
7783;25;623069752;7783;292;8829;8911;8.21;0.51;277.50;7.07;1046;26;3034.00;82
7786;25;623069764;7786;292;8835;8912;8.17;0.50;277.53;7.09;1049;26;3035.00;77
7788;25;623069778;7788;295;8839;8912;8.08;0.50;277.64;7.10;1051;26;3036.00;73
7791;25;623069790;7791;300;8841;8912;8.00;0.49;277.68;7.10;1050;26;3037.00;71
7794;25;623069803;7794;305;8845;8912;7.90;0.49;277.72;7.12;1051;26;3038.00;67
7798;25;623069817;7798;306;8850;8916;7.85;0.48;277.74;7.12;1052;26;3039.00;66
7802;25;623069831;7802;309;8853;8916;7.77;0.48;277.80;7.13;1051;26;3040.00;63
7806;25;623069845;7806;311;8854;8916;7.64;0.47;277.82;7.13;1048;26;3041.00;62
7806;25;623069858;7806;317;8858;8919;7.60;0.47;277.82;7.15;1052;26;3042.00;61
7812;25;623069872;7812;319;8858;8919;7.49;0.46;277.88;7.15;1046;26;3043.00;61
7815;25;623069897;7815;320;8861;8919;7.40;0.45;277.89;7.16;1046;26;3044.00;58
7819;25;623069915;7819;320;8863;8923;7.31;0.45;277.87;7.16;1044;26;3045.00;60
7822;25;623069928;7822;322;8867;8924;7.23;0.44;277.87;7.17;1045;26;3046.00;57
7825;25;623069940;7825;325;8868;8924;7.13;0.44;277.95;7.17;1043;26;3047.00;56
7825;25;623069952;7825;332;8872;8928;7.01;0.43;277.95;7.17;1047;26;3048.00;56
7828;25;623069964;7828;334;8873;8928;6.93;0.42;278.00;7.17;1045;26;3049.00;55
7829;25;623069977;7829;339;8877;8928;6.84;0.42;278.04;7.18;1048;26;3050.00;51
7831;25;623069989;7831;342;8879;8929;6.73;0.41;278.06;7.18;1048;26;3051.00;50
7835;25;623070008;7835;346;8879;8929;6.56;0.40;278.05;7.18;1044;26;3052.00;50
7839;25;623070032;7839;350;8884;8935;6.46;0.40;278.12;7.18;1045;26;3053.00;51
7845;25;623070046;7845;348;8887;8935;6.30;0.38;278.21;7.19;1042;26;3054.00;48
7850;25;623070059;7850;346;8888;8936;6.20;0.38;278.20;7.19;1038;26;3055.00;48
7853;25;623070071;7853;348;8890;8936;6.09;0.37;278.21;7.20;1037;26;3056.00;46
7856;25;623070083;7856;359;8890;8936;5.97;0.37;278.22;7.20;1034;26;3057.00;46
7857;25;623070094;7857;363;8892;8936;5.92;0.36;278.21;7.20;1035;26;3058.00;44
7860;25;623070105;7860;372;8892;8936;5.86;0.36;278.22;7.20;1032;26;3059.00;44
7869;25;623070118;7869;374;8916;8972;5.91;0.36;278.28;7.18;1047;26;3060.00;56
7871;25;623070134;7871;371;8918;8972;5.89;0.36;278.29;7.19;1047;26;3061.00;54
7874;25;623070146;7874;371;8924;8972;5.89;0.36;278.33;7.18;1050;26;3062.00;48
7878;25;623070157;7878;379;8925;8972;5.79;0.36;278.35;7.19;1047;26;3063.00;47
7881;25;623070168;7881;387;8926;8972;5.72;0.35;278.44;7.19;1045;26;3064.00;46
7884;25;623070180;7884;391;8926;8972;5.63;0.35;278.51;7.19;1042;26;3065.00;46
7888;25;623070191;7888;403;8931;8976;5.54;0.34;278.57;7.19;1043;26;3066.00;45
7890;25;623070208;7890;403;8931;8976;5.51;0.34;278.62;7.19;1041;26;3067.00;45
7894;25;623070226;7894;400;8936;8980;5.48;0.34;278.70;7.19;1042;26;3068.00;44
7897;25;623070242;7897;405;8937;8981;5.43;0.33;278.74;7.19;1040;26;3069.00;44
7897;25;623070263;7897;406;8937;8981;5.31;0.33;278.74;7.19;1040;26;3070.00;44
7902;25;623070277;7902;412;8937;8981;5.21;0.32;278.90;7.19;1035;26;3071.00;44
7908;25;623070293;7908;409;8948;8994;5.25;0.32;279.02;7.18;1040;26;3072.00;46
7910;25;623070312;7910;414;8948;8994;5.24;0.32;279.03;7.18;1038;26;3073.00;46
7915;25;623070327;7915;409;8948;8994;5.16;0.32;278.99;7.18;1033;26;3074.00;46
7916;25;623070339;7916;418;8949;8995;5.18;0.32;278.97;7.18;1033;26;3075.00;46
7917;25;623070351;7917;422;8949;8996;5.18;0.32;279.00;7.18;1032;26;3076.00;47
7919;25;623070362;7919;417;8949;8996;5.15;0.32;278.94;7.18;1030;26;3077.00;47
7926;25;623070373;7926;418;8951;8999;5.09;0.31;279.04;7.18;1025;26;3078.00;48
7930;25;623070384;7930;410;8952;8999;5.07;0.31;279.03;7.18;1022;26;3079.00;47
7931;25;623070395;7931;414;8952;8999;5.10;0.31;279.01;7.18;1021;26;3080.00;47
7938;25;623070406;7938;412;8952;8999;5.01;0.31;278.96;7.18;1014;26;3081.00;47
7941;25;623070417;7941;419;8957;9005;5.00;0.31;278.98;7.17;1016;26;3082.00;48
7945;25;623070429;7945;418;8957;9005;4.95;0.30;278.95;7.17;1012;26;3083.00;48
7948;25;623070439;7948;423;8957;9005;4.91;0.30;278.93;7.17;1009;26;3084.00;48
7950;25;623070450;7950;428;8957;9005;4.86;0.30;278.92;7.17;1007;26;3085.00;48
7953;25;623070461;7953;437;8960;9009;4.83;0.30;278.90;7.17;1007;26;3086.00;49
7958;25;623070472;7958;438;8961;9010;4.72;0.29;278.98;7.17;1003;26;3087.00;49
7959;25;623070482;7959;448;8961;9010;4.66;0.28;278.97;7.17;1002;26;3088.00;49
7965;25;623070492;7965;455;8962;9011;4.54;0.28;278.92;7.17;997;26;3089.00;49
7968;25;623070504;7968;459;8962;9011;4.47;0.27;278.90;7.17;994;26;3090.00;49
7970;25;623070515;7970;465;8962;9011;4.42;0.27;278.88;7.17;992;26;3091.00;49
7975;25;623070525;7975;465;8962;9011;4.37;0.27;278.83;7.17;987;26;3092.00;49
7977;25;623070536;7977;474;8962;9011;4.33;0.27;278.83;7.17;985;26;3093.00;49
7980;25;623070546;7980;478;8962;9011;4.33;0.26;278.82;7.17;982;26;3094.00;49
7983;25;623070556;7983;482;8962;9011;4.25;0.26;278.84;7.17;979;26;3095.00;49
7984;25;623070567;7984;488;9002;9081;4.56;0.28;278.86;7.14;1018;26;3096.00;79
7989;25;623070583;7989;488;9003;9082;4.55;0.28;278.82;7.14;1014;26;3097.00;79
7992;25;623070594;7992;480;9010;9082;4.61;0.28;278.81;7.13;1018;26;3098.00;72
7995;25;623070605;7995;477;9013;9082;4.66;0.29;278.75;7.13;1018;26;3099.00;69
7998;25;623070617;7998;478;9015;9082;4.66;0.28;278.77;7.13;1017;26;3100.00;67
8000;25;623070633;8000;472;9017;9082;4.68;0.29;278.77;7.13;1017;26;3101.00;65
8001;25;623070645;8001;468;9019;9082;4.68;0.29;278.78;7.13;1018;26;3102.00;63
8005;25;623070656;8005;469;9021;9082;4.68;0.28;278.82;7.13;1016;26;3103.00;61
8009;25;623070667;8009;473;9023;9083;4.69;0.28;278.77;7.13;1014;26;3104.00;60
8009;25;623070677;8009;476;9026;9085;4.71;0.29;278.77;7.13;1017;26;3105.00;59
8012;25;623070688;8012;477;9028;9085;4.71;0.29;278.77;7.13;1016;26;3106.00;57
8012;25;623070699;8012;465;9032;9089;4.80;0.29;278.77;7.13;1020;26;3107.00;57
8015;25;623070710;8015;455;9033;9089;4.81;0.29;278.79;7.13;1018;26;3108.00;56
8017;25;623070722;8017;442;9034;9089;4.86;0.30;278.79;7.13;1017;26;3109.00;55
8020;25;623070737;8020;436;9034;9089;4.93;0.30;278.86;7.13;1014;26;3110.00;55
8020;25;623070749;8020;433;9039;9095;5.02;0.31;278.86;7.12;1019;26;3111.00;56
8021;25;623070762;8021;434;9039;9095;5.12;0.31;278.88;7.12;1018;26;3112.00;56
8021;26;623070774;8021;434;9039;9095;5.24;0.32;278.88;7.12;1018;27;3113.00;56
8023;26;623070797;8023;433;9041;9098;5.35;0.33;278.84;7.12;1018;27;3114.00;57
8024;26;623070811;8024;441;9041;9098;5.45;0.33;278.83;7.12;1017;27;3115.00;57
8025;26;623070829;8025;423;9042;9098;5.56;0.34;278.83;7.12;1017;27;3116.00;56
8027;26;623070841;8027;414;9042;9099;5.67;0.35;278.81;7.12;1015;27;3117.00;57
8027;26;623070855;8027;399;9043;9100;5.76;0.35;278.81;7.12;1016;27;3118.00;57
8029;26;623070867;8029;390;9043;9100;5.91;0.36;278.89;7.12;1014;27;3119.00;57
8031;26;623070881;8031;380;9062;9126;6.21;0.38;278.84;7.11;1031;27;3120.00;64
8034;26;623070896;8034;370;9063;9126;6.37;0.39;278.79;7.11;1029;27;3121.00;63
8036;26;623070916;8036;367;9065;9126;6.54;0.40;278.78;7.10;1029;27;3122.00;61
8039;26;623070930;8039;364;9066;9127;6.69;0.41;278.81;7.10;1027;27;3123.00;61
8039;26;623070949;8039;356;9066;9127;6.81;0.41;278.81;7.10;1027;27;3124.00;61
8041;26;623070962;8041;352;9070;9131;6.93;0.42;278.81;7.10;1029;27;3125.00;61
8042;26;623070977;8042;351;9070;9131;7.01;0.43;278.80;7.10;1028;27;3126.00;61
8044;26;623070989;8044;345;9073;9135;7.05;0.43;278.80;7.10;1029;27;3127.00;62
8045;26;623071003;8045;337;9073;9135;7.08;0.43;278.79;7.10;1028;27;3128.00;62
8048;26;623071016;8048;328;9073;9135;7.12;0.43;278.89;7.10;1025;27;3129.00;62
8049;26;623071029;8049;321;9073;9135;7.18;0.44;278.90;7.10;1024;27;3130.00;62
8051;26;623071042;8051;317;9073;9135;7.17;0.44;278.97;7.10;1022;27;3131.00;62
8055;26;623071056;8055;308;9082;9147;7.23;0.44;278.94;7.09;1027;27;3132.00;65
8058;26;623071071;8058;307;9082;9147;7.23;0.44;279.03;7.09;1024;27;3133.00;65
8060;26;623071084;8060;301;9084;9147;7.29;0.44;279.01;7.09;1024;27;3134.00;63
8061;26;623071098;8061;301;9085;9147;7.39;0.45;279.02;7.16;1024;27;3135.00;62
8067;26;623071111;8067;292;9085;9147;7.41;0.45;279.16;7.16;1018;27;3136.00;62
8068;26;623071125;8068;283;9085;9147;7.52;0.46;279.15;7.16;1017;27;3137.00;62
8072;26;623071137;8072;274;9085;9148;7.59;0.46;279.20;7.16;1013;27;3138.00;63
8074;26;623071151;8074;264;9085;9148;7.68;0.47;279.21;7.16;1011;27;3139.00;63
8074;26;623071164;8074;258;9090;9154;7.74;0.47;279.21;7.15;1016;27;3140.00;64
8076;26;623071178;8076;252;9091;9155;7.77;0.47;279.28;7.15;1015;27;3141.00;64
8078;26;623071191;8078;247;9091;9155;7.85;0.48;279.28;7.15;1013;27;3142.00;64
8080;26;623071206;8080;242;9091;9155;7.87;0.48;279.32;7.15;1011;27;3143.00;64
8083;26;623071220;8083;236;9094;9159;7.92;0.48;279.39;7.15;1011;27;3144.00;65
8086;26;623071241;8086;239;9094;9159;7.95;0.48;279.37;7.15;1008;27;3145.00;65
8087;26;623071255;8087;239;9094;9159;7.98;0.48;279.43;7.15;1007;27;3146.00;65
8087;26;623071268;8087;232;9095;9160;8.00;0.48;279.43;7.15;1008;27;3147.00;65
8088;26;623071281;8088;234;9098;9164;8.01;0.48;279.45;7.15;1010;27;3148.00;66
8089;26;623071294;8089;231;9098;9164;8.09;0.49;279.43;7.15;1009;27;3149.00;66
8090;26;623071309;8090;232;9102;9170;8.14;0.49;279.43;7.14;1012;27;3150.00;68
8092;26;623071322;8092;234;9102;9170;8.23;0.50;279.44;7.14;1010;27;3151.00;68
8093;26;623071335;8093;228;9104;9170;8.30;0.50;279.44;7.14;1011;27;3152.00;66
8097;26;623071348;8097;231;9104;9170;8.33;0.50;279.50;7.14;1007;27;3153.00;66
8097;26;623071361;8097;230;9108;9174;8.43;0.51;279.50;7.14;1011;27;3154.00;66
8098;26;623071375;8098;228;9108;9174;8.48;0.51;279.54;7.14;1010;27;3155.00;66
8101;26;623071387;8101;222;9109;9174;8.49;0.51;279.60;7.21;1008;27;3156.00;65
8105;26;623071400;8105;217;9109;9174;8.52;0.52;279.67;7.21;1004;27;3157.00;65
8108;26;623071414;8108;218;9109;9175;8.47;0.51;279.68;7.21;1001;27;3158.00;66
8110;26;623071427;8110;210;9110;9176;8.41;0.51;279.75;7.21;1000;27;3159.00;66
8118;26;623071440;8118;204;9110;9176;8.35;0.51;279.84;7.21;992;27;3160.00;66
8120;26;623071461;8120;207;9111;9177;8.34;0.51;279.84;7.21;991;27;3161.00;66
8125;26;623071474;8125;199;9111;9177;8.36;0.51;279.83;7.21;986;27;3162.00;66
8127;26;623071487;8127;204;9111;9177;8.40;0.51;279.87;7.21;984;27;3163.00;66
8132;26;623071499;8132;194;9112;9177;8.42;0.51;279.92;7.22;980;27;3164.00;65
8134;26;623071512;8134;196;9113;9177;8.43;0.51;279.94;7.23;979;27;3165.00;64
8138;26;623071525;8138;194;9113;9177;8.45;0.51;279.95;7.23;975;27;3166.00;64
8140;26;623071537;8140;193;9113;9177;8.41;0.51;279.97;7.23;973;27;3167.00;64
8144;26;623071549;8144;220;9182;9304;8.33;0.51;279.99;7.18;1038;27;3168.00;122
8145;26;623071571;8145;202;9184;9305;8.31;0.51;280.08;7.18;1039;27;3169.00;121
8150;26;623071584;8150;202;9190;9305;8.31;0.51;280.11;7.17;1040;27;3170.00;115
8152;26;623071597;8152;196;9192;9305;8.27;0.51;280.12;7.17;1040;27;3171.00;113
8154;26;623071610;8154;192;9195;9305;8.28;0.51;280.19;7.17;1041;27;3172.00;110
8159;26;623071622;8159;190;9198;9305;8.33;0.51;280.23;7.17;1039;27;3173.00;107
8160;26;623071634;8160;197;9199;9305;8.36;0.51;280.25;7.17;1039;27;3174.00;106
8162;26;623071647;8162;198;9202;9305;8.40;0.51;280.30;7.17;1040;27;3175.00;103
8167;26;623071659;8167;201;9205;9306;8.46;0.52;280.40;7.17;1038;27;3176.00;101
8172;27;623071672;8172;208;9213;9307;8.47;0.52;280.37;7.17;1041;28;3177.00;94
8174;27;623071695;8174;208;9216;9307;8.46;0.52;280.38;7.17;1042;28;3178.00;91
8176;27;623071707;8176;215;9218;9308;8.48;0.52;280.43;7.18;1042;28;3179.00;90
8178;27;623071722;8178;218;9224;9308;8.45;0.52;280.49;7.18;1046;28;3180.00;84
8186;27;623071734;8186;221;9225;9308;8.29;0.51;280.51;7.18;1039;28;3181.00;83
8189;27;623071753;8189;224;9227;9308;8.22;0.50;280.50;7.18;1038;28;3182.00;81
8191;27;623071766;8191;230;9231;9312;8.20;0.50;280.59;7.18;1040;28;3183.00;81
8195;27;623071778;8195;235;9232;9312;8.13;0.50;280.70;7.18;1037;28;3184.00;80
8199;27;623071796;8199;237;9232;9312;8.12;0.49;280.78;7.18;1033;28;3185.00;80
8204;27;623071809;8204;238;9237;9315;8.11;0.49;280.89;7.21;1033;28;3186.00;78
8208;27;623071822;8208;246;9238;9315;8.10;0.49;280.95;7.21;1030;28;3187.00;77
8212;27;623071834;8212;246;9240;9315;8.09;0.49;281.01;7.21;1028;28;3188.00;75
8213;27;623071847;8213;252;9243;9319;8.08;0.49;281.00;7.21;1030;28;3189.00;76
8215;27;623071860;8215;254;9246;9320;8.06;0.49;281.10;7.23;1031;28;3190.00;74
8222;27;623071873;8222;262;9249;9322;8.02;0.49;281.21;7.23;1027;28;3191.00;73
8224;27;623071886;8224;260;9254;9326;8.04;0.49;281.22;7.24;1030;28;3192.00;72
8227;27;623071904;8227;270;9255;9326;8.01;0.49;281.33;7.25;1028;28;3193.00;71
8230;27;623071916;8230;271;9255;9326;8.00;0.49;281.36;7.25;1025;28;3194.00;71
8231;27;623071929;8231;271;9259;9328;7.94;0.48;281.37;7.27;1028;28;3195.00;69
8232;27;623071941;8232;277;9259;9328;7.87;0.48;281.38;7.27;1027;28;3196.00;69
8235;27;623071953;8235;282;9264;9334;7.90;0.48;281.34;7.26;1029;28;3197.00;70
8239;27;623071967;8239;288;9266;9334;7.80;0.48;281.35;7.28;1027;28;3198.00;68
8240;27;623071979;8240;297;9266;9335;7.72;0.47;281.34;7.28;1026;28;3199.00;69
8243;27;623071992;8243;297;9267;9335;7.56;0.46;281.33;7.29;1024;28;3200.00;68
8247;28;623072007;8247;304;9268;9335;7.41;0.45;281.33;7.30;1021;29;3201.00;67
8250;28;623072035;8250;308;9269;9335;7.32;0.45;281.42;7.31;1019;29;3202.00;66
8252;28;623072051;8252;319;9270;9335;7.17;0.44;281.53;7.32;1018;29;3203.00;65
8254;28;623072062;8254;336;9280;9347;7.15;0.44;281.57;7.31;1026;29;3204.00;67
8259;28;623072074;8259;338;9281;9347;7.00;0.43;281.61;7.32;1022;29;3205.00;66
8266;28;623072085;8266;340;9285;9347;6.86;0.42;281.67;7.33;1019;29;3206.00;62
8267;28;623072110;8267;350;9285;9347;6.79;0.42;281.68;7.33;1018;29;3207.00;62
8268;28;623072121;8268;363;9286;9347;6.70;0.41;281.74;7.34;1018;29;3208.00;61
8271;28;623072133;8271;368;9286;9347;6.64;0.41;281.78;7.34;1015;29;3209.00;61
8276;28;623072145;8276;374;9289;9351;6.53;0.40;281.89;7.34;1013;29;3210.00;62
8277;28;623072157;8277;374;9292;9351;6.45;0.39;281.92;7.37;1015;29;3211.00;59
8281;28;623072167;8281;379;9296;9355;6.43;0.39;281.98;7.36;1015;29;3212.00;59
8285;28;623072179;8285;380;9297;9356;6.31;0.39;281.99;7.36;1012;29;3213.00;59
8287;28;623072192;8287;375;9301;9356;6.24;0.38;282.04;7.39;1014;29;3214.00;55
8292;28;623072206;8292;376;9301;9356;6.12;0.37;281.98;7.39;1009;29;3215.00;55
8294;28;623072222;8294;382;9312;9369;6.11;0.37;282.05;7.38;1018;29;3216.00;57
8295;28;623072241;8295;379;9313;9369;6.08;0.37;282.12;7.39;1018;29;3217.00;56
8296;28;623072259;8296;382;9313;9369;6.05;0.37;282.17;7.39;1017;29;3218.00;56
8301;28;623072274;8301;389;9314;9370;5.99;0.37;282.22;7.39;1013;29;3219.00;56
8305;28;623072290;8305;389;9317;9371;5.94;0.36;282.26;7.40;1012;29;3220.00;54
8307;28;623072308;8307;385;9320;9371;5.84;0.36;282.25;7.42;1013;29;3221.00;51
8309;28;623072324;8309;388;9324;9374;5.78;0.35;282.27;7.42;1015;29;3222.00;50
8311;28;623072336;8311;396;9325;9374;5.68;0.35;282.27;7.42;1014;29;3223.00;49
8312;28;623072347;8312;392;9325;9374;5.62;0.34;282.27;7.42;1013;29;3224.00;49
8317;28;623072358;8317;396;9327;9374;5.48;0.34;282.35;7.43;1010;29;3225.00;47
8320;28;623072370;8320;402;9332;9380;5.40;0.33;282.34;7.42;1012;29;3226.00;48
8325;28;623072381;8325;401;9333;9380;5.25;0.32;282.34;7.42;1008;29;3227.00;47
8329;28;623072392;8329;410;9334;9380;5.11;0.31;282.29;7.42;1005;29;3228.00;46
8332;28;623072403;8332;420;9334;9380;5.00;0.31;282.36;7.42;1002;29;3229.00;46
8337;28;623072414;8337;421;9339;9384;4.88;0.30;282.32;7.42;1002;29;3230.00;45
8343;28;623072425;8343;423;9340;9385;4.77;0.29;282.39;7.42;997;29;3231.00;45
8344;28;623072436;8344;425;9340;9385;4.78;0.29;282.37;7.42;996;29;3232.00;45
8349;28;623072445;8349;419;9343;9386;4.68;0.29;282.43;7.42;994;29;3233.00;43
8350;28;623072455;8350;424;9343;9386;4.69;0.29;282.41;7.42;993;29;3234.00;43
8355;28;623072464;8355;422;9343;9386;4.71;0.29;282.45;7.42;988;29;3235.00;43
8357;28;623072475;8357;428;9343;9386;4.73;0.29;282.45;7.42;986;29;3236.00;43
8361;28;623072485;8361;419;9343;9386;4.71;0.29;282.44;7.42;982;29;3237.00;43
8365;28;623072495;8365;424;9343;9386;4.70;0.29;282.43;7.42;978;29;3238.00;43
8365;28;623072506;8365;410;9343;9386;4.74;0.29;282.43;7.42;978;29;3239.00;43
8367;28;623072517;8367;411;9398;9511;5.09;0.32;282.47;7.38;1031;29;3240.00;113
8369;28;623072537;8369;415;9403;9512;5.14;0.32;282.44;7.38;1034;29;3241.00;109
8372;28;623072548;8372;414;9415;9512;5.21;0.32;282.48;7.37;1043;29;3242.00;97
8376;28;623072558;8376;420;9420;9512;5.22;0.32;282.45;7.37;1044;29;3243.00;92
8378;28;623072569;8378;421;9425;9512;5.25;0.32;282.47;7.37;1047;29;3244.00;87
8383;28;623072579;8383;419;9427;9512;5.19;0.32;282.48;7.37;1044;29;3245.00;85
8385;28;623072590;8385;424;9434;9512;5.18;0.32;282.49;7.37;1049;29;3246.00;78
8388;28;623072601;8388;427;9437;9512;5.19;0.32;282.46;7.37;1049;29;3247.00;75
8393;28;623072612;8393;434;9442;9513;5.14;0.32;282.43;7.37;1049;29;3248.00;71
8394;28;623072624;8394;436;9447;9514;5.16;0.32;282.44;7.44;1053;29;3249.00;67
8398;28;623072637;8398;435;9450;9514;5.17;0.32;282.39;7.44;1052;29;3250.00;64
8401;28;623072649;8401;442;9454;9518;5.18;0.32;282.38;7.44;1053;29;3251.00;64
8402;28;623072661;8402;445;9454;9518;5.15;0.32;282.40;7.44;1052;29;3252.00;64
8405;28;623072673;8405;455;9454;9518;5.14;0.32;282.40;7.44;1049;29;3253.00;64
8408;28;623072684;8408;458;9454;9518;5.08;0.31;282.48;7.44;1046;29;3254.00;64
8410;28;623072696;8410;461;9459;9524;5.06;0.31;282.45;7.44;1049;29;3255.00;65
8413;28;623072708;8413;463;9459;9524;5.02;0.31;282.45;7.44;1046;29;3256.00;65
8417;28;623072720;8417;463;9459;9524;4.95;0.30;282.45;7.44;1042;29;3257.00;65
8422;28;623072731;8422;465;9461;9527;4.90;0.30;282.41;7.44;1039;29;3258.00;66
8426;28;623072744;8426;454;9461;9527;4.83;0.30;282.50;7.44;1035;29;3259.00;66
8428;28;623072757;8428;446;9461;9527;4.75;0.29;282.48;7.44;1033;29;3260.00;66
8431;28;623072769;8431;446;9462;9528;4.70;0.29;282.52;7.43;1031;29;3261.00;66
8434;28;623072782;8434;442;9463;9529;4.72;0.29;282.53;7.43;1029;29;3262.00;66
8436;28;623072793;8436;441;9463;9529;4.70;0.29;282.55;7.43;1027;29;3263.00;66
8442;28;623072805;8442;433;9473;9542;4.82;0.30;282.48;7.43;1031;29;3264.00;69
8446;28;623072817;8446;440;9474;9542;4.82;0.29;282.51;7.50;1028;29;3265.00;68
8450;28;623072835;8450;442;9475;9542;4.80;0.29;282.48;7.50;1025;29;3266.00;67
8451;28;623072847;8451;445;9476;9543;4.80;0.29;282.45;7.50;1025;29;3267.00;67
8453;28;623072859;8453;446;9476;9543;4.87;0.30;282.46;7.50;1023;29;3268.00;67
8455;28;623072871;8455;449;9480;9547;4.91;0.30;282.44;7.50;1025;29;3269.00;67
8455;28;623072887;8455;446;9480;9547;4.96;0.30;282.44;7.50;1025;29;3270.00;67
8458;28;623072903;8458;447;9483;9551;4.99;0.30;282.38;7.50;1025;29;3271.00;68
8461;28;623072918;8461;448;9483;9551;4.90;0.30;282.32;7.50;1022;29;3272.00;68
8464;28;623072930;8464;449;9483;9551;4.83;0.30;282.32;7.50;1019;29;3273.00;68
8467;28;623072944;8467;442;9483;9551;4.77;0.29;282.24;7.50;1016;29;3274.00;68
8470;28;623072956;8470;443;9483;9551;4.79;0.29;282.20;7.50;1013;29;3275.00;68
8470;28;623072968;8470;435;9493;9563;5.01;0.31;282.20;7.49;1023;29;3276.00;70
8472;28;623072982;8472;419;9494;9563;5.08;0.31;282.20;7.49;1022;29;3277.00;69
8472;28;623072995;8472;412;9494;9563;5.19;0.32;282.20;7.49;1022;29;3278.00;69
8474;28;623073009;8474;404;9495;9563;5.27;0.32;282.26;7.57;1021;29;3279.00;68
8477;28;623073023;8477;391;9495;9563;5.33;0.33;282.29;7.57;1018;29;3280.00;68
8478;28;623073038;8478;388;9495;9563;5.43;0.33;282.27;7.57;1017;29;3281.00;68
8480;28;623073051;8480;379;9495;9564;5.55;0.34;282.29;7.57;1015;29;3282.00;69
8481;28;623073066;8481;376;9495;9564;5.67;0.35;282.26;7.57;1014;29;3283.00;69
8481;28;623073078;8481;371;9500;9570;5.87;0.36;282.26;7.57;1019;29;3284.00;70
8484;28;623073093;8484;373;9502;9572;5.98;0.37;282.28;7.56;1018;29;3285.00;70
8486;28;623073113;8486;357;9502;9572;6.07;0.37;282.34;7.56;1016;29;3286.00;70
8489;28;623073126;8489;327;9502;9572;6.20;0.38;282.38;7.56;1013;29;3287.00;70
8491;28;623073141;8491;317;9506;9576;6.33;0.39;282.39;7.64;1015;29;3288.00;70
8493;28;623073155;8493;304;9506;9576;6.50;0.40;282.38;7.64;1013;29;3289.00;70
8496;28;623073170;8496;291;9506;9576;6.68;0.41;282.40;7.64;1010;29;3290.00;70
8497;28;623073184;8497;278;9507;9577;6.87;0.42;282.41;7.64;1010;29;3291.00;70
8500;28;623073207;8500;272;9510;9581;6.97;0.42;282.50;7.64;1010;29;3292.00;71
8501;28;623073230;8501;274;9510;9581;7.08;0.43;282.50;7.64;1009;29;3293.00;71
8504;28;623073244;8504;262;9512;9584;7.17;0.44;282.60;7.64;1008;29;3294.00;72
8508;28;623073259;8508;255;9512;9584;7.23;0.44;282.72;7.64;1004;29;3295.00;72
8508;28;623073273;8508;246;9513;9584;7.40;0.45;282.72;7.64;1005;29;3296.00;71
8510;28;623073287;8510;251;9513;9584;7.46;0.45;282.73;7.64;1003;29;3297.00;71
8513;28;623073301;8513;252;9517;9588;7.52;0.46;282.78;7.63;1004;29;3298.00;71
8514;28;623073316;8514;247;9517;9588;7.59;0.46;282.84;7.63;1003;29;3299.00;71
8517;28;623073333;8517;250;9522;9607;7.56;0.46;282.85;7.63;1005;29;3300.00;85
8519;28;623073355;8519;247;9522;9607;7.61;0.46;282.87;7.63;1003;29;3301.00;85
8521;28;623073368;8521;252;9522;9608;7.66;0.46;282.92;7.63;1001;29;3302.00;86
8523;28;623073381;8523;248;9524;9609;7.70;0.47;282.98;7.71;1001;29;3303.00;85
8526;28;623073396;8526;241;9524;9609;7.71;0.47;283.03;7.71;998;29;3304.00;85
8528;28;623073408;8528;241;9525;9610;7.78;0.47;283.14;7.71;997;29;3305.00;85
8529;28;623073421;8529;242;9527;9610;7.80;0.47;283.17;7.71;998;29;3306.00;83
8532;28;623073434;8532;238;9527;9610;7.83;0.48;283.24;7.71;995;29;3307.00;83
8533;28;623073447;8533;231;9527;9610;7.89;0.48;283.30;7.71;994;29;3308.00;83
8534;28;623073459;8534;226;9527;9610;7.95;0.48;283.30;7.71;993;29;3309.00;83
8539;28;623073473;8539;223;9527;9610;7.98;0.48;283.40;7.71;988;29;3310.00;83
8541;28;623073486;8541;227;9528;9610;7.96;0.48;283.51;7.71;987;29;3311.00;82
8544;28;623073499;8544;249;9598;9737;7.92;0.49;283.55;7.65;1054;29;3312.00;139
8547;28;623073520;8547;233;9598;9738;8.00;0.49;283.61;7.65;1051;29;3313.00;140
8551;28;623073542;8551;223;9602;9738;8.04;0.49;283.64;7.65;1051;29;3314.00;136
8554;28;623073555;8554;218;9602;9738;8.10;0.50;283.75;7.65;1048;29;3315.00;136
8556;28;623073569;8556;219;9606;9738;8.18;0.50;283.75;7.65;1050;29;3316.00;132
8559;28;623073589;8559;219;9610;9738;8.18;0.50;283.80;7.65;1051;29;3317.00;128
8561;28;623073603;8561;227;9613;9738;8.18;0.50;283.82;7.65;1052;29;3318.00;125
8562;28;623073617;8562;227;9615;9738;8.31;0.51;283.83;7.65;1053;29;3319.00;123
8564;28;623073630;8564;225;9619;9739;8.39;0.51;283.85;7.73;1055;29;3320.00;120
8565;28;623073644;8565;222;9620;9740;8.44;0.52;283.86;7.73;1055;29;3321.00;120
8567;28;623073657;8567;224;9623;9740;8.49;0.52;283.88;7.73;1056;29;3322.00;117
8570;28;623073670;8570;224;9626;9741;8.46;0.52;283.87;7.73;1056;29;3323.00;115
8572;28;623073684;8572;230;9629;9741;8.44;0.52;283.91;7.73;1057;29;3324.00;112
8576;28;623073698;8576;230;9631;9741;8.41;0.51;283.98;7.73;1055;29;3325.00;110
8577;28;623073712;8577;236;9633;9741;8.43;0.51;283.98;7.73;1056;29;3326.00;108
8580;28;623073730;8580;236;9635;9745;8.42;0.51;284.01;7.73;1055;29;3327.00;110
8585;28;623073744;8585;246;9637;9745;8.43;0.51;284.07;7.74;1052;29;3328.00;108
8591;28;623073758;8591;245;9639;9745;8.36;0.51;284.11;7.74;1048;29;3329.00;106
8594;28;623073773;8594;234;9641;9751;8.28;0.51;284.07;7.74;1047;29;3330.00;110
8598;28;623073788;8598;236;9644;9751;8.22;0.50;284.14;7.74;1046;29;3331.00;107
8599;28;623073802;8599;226;9646;9751;8.15;0.50;284.12;7.82;1047;29;3332.00;105
8602;28;623073816;8602;229;9651;9755;8.11;0.49;284.19;7.82;1049;29;3333.00;104
8606;28;623073830;8606;230;9654;9756;8.07;0.49;284.30;7.82;1048;29;3334.00;102
8609;28;623073843;8609;223;9661;9756;8.06;0.49;284.36;7.85;1052;29;3335.00;95
8613;28;623073858;8613;220;9662;9760;8.08;0.49;284.35;7.84;1049;29;3336.00;98
8615;28;623073872;8615;220;9665;9760;8.13;0.49;284.34;7.85;1050;29;3337.00;95
8621;28;623073886;8621;226;9666;9760;8.13;0.49;284.45;7.85;1045;29;3338.00;94
8624;28;623073908;8624;228;9668;9761;8.15;0.50;284.43;7.85;1044;29;3339.00;93
8628;28;623073922;8628;230;9670;9761;8.15;0.50;284.45;7.85;1042;29;3340.00;91
8629;28;623073937;8629;226;9675;9767;8.21;0.50;284.50;7.85;1046;29;3341.00;92
8633;28;623073950;8633;232;9676;9767;8.21;0.50;284.54;7.85;1043;29;3342.00;91
8634;28;623073964;8634;225;9677;9768;8.15;0.49;284.56;7.85;1043;29;3343.00;91
8640;28;623073978;8640;227;9677;9768;8.07;0.49;284.64;7.85;1037;29;3344.00;91
8641;28;623073991;8641;233;9678;9768;8.05;0.49;284.68;7.93;1037;29;3345.00;90
8643;29;623074004;8643;237;9679;9768;7.97;0.48;284.67;7.93;1036;30;3346.00;89
8647;29;623074025;8647;245;9680;9768;7.87;0.48;284.73;7.93;1033;30;3347.00;88
8649;29;623074040;8649;246;9690;9780;7.85;0.48;284.77;7.92;1041;30;3348.00;90
8654;29;623074061;8654;254;9690;9780;7.75;0.47;284.78;7.92;1036;30;3349.00;90
8656;29;623074073;8656;258;9691;9780;7.69;0.47;284.77;7.92;1035;30;3350.00;89
8660;29;623074085;8660;253;9693;9780;7.56;0.46;284.86;7.93;1033;30;3351.00;87
8665;29;623074097;8665;253;9693;9780;7.46;0.45;285.00;7.93;1028;30;3352.00;87
8666;29;623074110;8666;258;9693;9780;7.39;0.45;284.99;7.93;1027;30;3353.00;87
8669;29;623074122;8669;261;9698;9784;7.26;0.44;285.06;7.93;1029;30;3354.00;86
8673;29;623074139;8673;258;9698;9784;7.20;0.44;285.09;7.93;1025;30;3355.00;86
8673;29;623074151;8673;264;9701;9788;7.22;0.44;285.09;7.93;1028;30;3356.00;87
8676;29;623074169;8676;264;9704;9789;7.19;0.44;285.19;7.93;1028;30;3357.00;85
8678;29;623074181;8678;269;9704;9789;7.17;0.44;285.17;7.93;1026;30;3358.00;85
8681;29;623074194;8681;272;9704;9789;7.08;0.43;285.16;7.93;1023;30;3359.00;85
8685;29;623074212;8685;292;9726;9818;6.99;0.43;285.29;7.91;1041;30;3360.00;92
8689;29;623074234;8689;293;9729;9818;6.89;0.42;285.23;7.93;1040;30;3361.00;89
8690;29;623074253;8690;305;9731;9818;6.91;0.42;285.25;7.93;1041;30;3362.00;87
8693;29;623074274;8693;313;9734;9819;6.89;0.42;285.28;7.95;1041;30;3363.00;85
8696;29;623074292;8696;313;9734;9820;6.87;0.42;285.34;7.95;1038;30;3364.00;86
8698;29;623074310;8698;324;9734;9820;6.84;0.42;285.34;7.95;1036;30;3365.00;86
8700;29;623074327;8700;324;9738;9823;6.79;0.42;285.40;7.97;1038;31;3366.00;85
8704;29;623074352;8704;316;9739;9823;6.72;0.41;285.49;7.99;1035;31;3367.00;84
8707;29;623074365;8707;332;9740;9823;6.72;0.41;285.49;7.98;1033;31;3368.00;83
8708;29;623074378;8708;328;9741;9823;6.76;0.41;285.50;8.00;1033;31;3369.00;82
8710;29;623074392;8710;329;9746;9829;6.86;0.42;285.55;7.99;1036;31;3370.00;83
8713;29;623074404;8713;335;9747;9829;6.85;0.42;285.58;8.00;1034;31;3371.00;82
8715;29;623074424;8715;339;9749;9829;6.86;0.42;285.55;8.03;1034;31;3372.00;80
8717;29;623074437;8717;338;9749;9829;6.82;0.42;285.64;8.03;1032;31;3373.00;80
8718;29;623074450;8718;336;9754;9833;6.79;0.42;285.66;8.05;1036;31;3374.00;79
8721;29;623074462;8721;342;9758;9835;6.73;0.41;285.65;8.06;1037;31;3375.00;77
8723;29;623074477;8723;350;9759;9835;6.66;0.41;285.73;8.07;1036;31;3376.00;76
8726;29;623074489;8726;359;9762;9836;6.52;0.40;285.88;8.09;1036;31;3377.00;74
8728;29;623074504;8728;362;9762;9836;6.43;0.40;285.86;8.09;1034;31;3378.00;74
8730;29;623074516;8730;362;9762;9836;6.38;0.39;285.86;8.09;1032;31;3379.00;74
8734;29;623074530;8734;361;9762;9836;6.34;0.39;285.90;8.09;1028;31;3380.00;74
8741;29;623074543;8741;362;9765;9836;6.21;0.38;285.83;8.11;1024;31;3381.00;71
8743;29;623074556;8743;362;9765;9836;6.20;0.38;285.79;8.11;1022;31;3382.00;71
8743;29;623074568;8743;357;9766;9836;6.16;0.38;285.79;8.11;1023;31;3383.00;70
8749;29;623074580;8749;351;9802;9906;6.24;0.38;285.68;8.08;1053;31;3384.00;104
8751;29;623074601;8751;350;9805;9907;6.20;0.38;285.70;8.08;1054;31;3385.00;102
8752;29;623074614;8752;352;9813;9907;6.23;0.38;285.74;8.08;1061;31;3386.00;94
8757;29;623074627;8757;344;9824;9907;6.22;0.38;285.67;8.11;1067;31;3387.00;83
8760;29;623074641;8760;343;9827;9907;6.20;0.38;285.60;8.11;1067;31;3388.00;80
8761;29;623074654;8761;353;9831;9907;6.17;0.38;285.61;8.12;1070;31;3389.00;76
8764;29;623074668;8764;354;9834;9907;6.16;0.38;285.64;8.12;1070;31;3390.00;73
8768;29;623074679;8768;357;9836;9907;6.10;0.37;285.59;8.12;1068;31;3391.00;71
8773;29;623074692;8773;367;9839;9908;6.01;0.37;285.49;8.13;1066;31;3392.00;69
8777;29;623074704;8777;373;9841;9909;5.93;0.36;285.44;8.13;1064;31;3393.00;68
8779;29;623074717;8779;380;9844;9909;5.82;0.36;285.46;8.13;1065;31;3394.00;65
8787;29;623074729;8787;390;9847;9913;5.68;0.35;285.47;8.13;1060;31;3395.00;66
8788;29;623074743;8788;397;9847;9913;5.57;0.34;285.49;8.13;1059;31;3396.00;66
8792;29;623074754;8792;410;9848;9913;5.41;0.33;285.45;8.14;1056;31;3397.00;65
8795;29;623074767;8795;415;9848;9913;5.29;0.32;285.44;8.14;1053;31;3398.00;65
8798;29;623074778;8798;426;9853;9919;5.18;0.32;285.44;8.13;1055;31;3399.00;66
8799;29;623074791;8799;420;9854;9919;5.12;0.31;285.42;8.14;1055;31;3400.00;65
8805;29;623074808;8805;421;9854;9919;5.03;0.31;285.40;8.14;1049;31;3401.00;65
8807;29;623074822;8807;415;9856;9922;5.00;0.31;285.37;8.14;1049;31;3402.00;66
8813;29;623074833;8813;412;9857;9922;4.94;0.30;285.35;8.14;1044;31;3403.00;65
8815;29;623074846;8815;408;9857;9922;4.92;0.30;285.39;8.14;1042;31;3404.00;65
8817;29;623074857;8817;407;9858;9923;4.94;0.30;285.40;8.15;1041;31;3405.00;65
8820;29;623074867;8820;403;9860;9924;4.93;0.30;285.41;8.15;1040;31;3406.00;64
8821;29;623074878;8821;395;9861;9924;4.94;0.30;285.38;8.15;1040;31;3407.00;63
8823;29;623074889;8823;399;9871;9937;5.00;0.31;285.42;8.14;1048;31;3408.00;66
8826;29;623074901;8826;399;9871;9937;5.01;0.31;285.38;8.14;1045;31;3409.00;66
8831;29;623074913;8831;403;9871;9937;4.99;0.30;285.33;8.14;1040;31;3410.00;66
8831;29;623074924;8831;388;9872;9938;5.04;0.31;285.33;8.14;1041;31;3411.00;66
8833;29;623074936;8833;382;9872;9938;5.11;0.31;285.36;8.14;1039;31;3412.00;66
8837;29;623074947;8837;381;9875;9942;5.17;0.32;285.42;8.14;1038;31;3413.00;67
8839;29;623074960;8839;376;9876;9942;5.25;0.32;285.41;8.14;1037;31;3414.00;66
8843;29;623074973;8843;374;9880;9946;5.34;0.33;285.40;8.14;1037;31;3415.00;66
8846;29;623074985;8846;370;9880;9946;5.41;0.33;285.38;8.14;1034;31;3416.00;66
8848;29;623074997;8848;369;9880;9946;5.47;0.33;285.39;8.14;1032;31;3417.00;66
8852;29;623075018;8852;369;9881;9946;5.48;0.33;285.37;8.14;1029;31;3418.00;65
8855;29;623075032;8855;373;9881;9946;5.47;0.33;285.33;8.14;1026;31;3419.00;65
8858;29;623075046;8858;378;9908;9980;5.69;0.35;285.30;8.12;1050;31;3420.00;72
8860;29;623075071;8860;375;9908;9980;5.70;0.35;285.26;8.12;1048;31;3421.00;72
8862;29;623075083;8862;376;9910;9980;5.74;0.35;285.25;8.12;1048;31;3422.00;70
8864;29;623075096;8864;373;9910;9980;5.75;0.35;285.26;8.12;1046;31;3423.00;70
8869;29;623075110;8869;373;9911;9980;5.73;0.35;285.36;8.12;1042;31;3424.00;69
8874;29;623075131;8874;380;9911;9980;5.63;0.34;285.34;8.12;1037;31;3425.00;69
8875;29;623075152;8875;379;9911;9981;5.59;0.34;285.35;8.12;1036;31;3426.00;70
8879;29;623075165;8879;374;9911;9981;5.56;0.34;285.37;8.12;1032;31;3427.00;70
8881;29;623075178;8881;365;9916;9987;5.54;0.34;285.39;8.11;1035;31;3428.00;71
8884;29;623075192;8884;358;9917;9988;5.56;0.34;285.37;8.11;1033;31;3429.00;71
8887;29;623075205;8887;363;9917;9988;5.58;0.34;285.33;8.11;1030;31;3430.00;71
8890;29;623075219;8890;361;9917;9988;5.61;0.34;285.34;8.11;1027;31;3431.00;71
8894;29;623075231;8894;360;9920;9992;5.64;0.34;285.38;8.11;1026;31;3432.00;72
8896;29;623075243;8896;355;9920;9992;5.64;0.34;285.35;8.11;1024;31;3433.00;72
8901;29;623075256;8901;356;9921;9992;5.65;0.34;285.40;8.19;1020;31;3434.00;71
8903;29;623075267;8903;353;9922;9993;5.64;0.34;285.41;8.19;1019;31;3435.00;71
8906;29;623075278;8906;351;9925;9997;5.68;0.35;285.50;8.19;1019;31;3436.00;72
8913;29;623075290;8913;349;9925;9997;5.63;0.34;285.55;8.19;1012;31;3437.00;72
8916;29;623075303;8916;345;9927;10000;5.65;0.34;285.60;8.18;1011;31;3438.00;73
8919;29;623075314;8919;341;9927;10000;5.60;0.34;285.61;8.18;1008;31;3439.00;73
8924;29;623075326;8924;341;9928;10000;5.56;0.34;285.67;8.18;1004;31;3440.00;72
8926;29;623075337;8926;345;9928;10000;5.56;0.34;285.66;8.18;1002;31;3441.00;72
8928;29;623075348;8928;349;9932;10004;5.58;0.34;285.71;8.18;1004;31;3442.00;72
8930;29;623075360;8930;355;9932;10004;5.56;0.34;285.67;8.18;1002;31;3443.00;72
8932;29;623075371;8932;351;9932;10004;5.60;0.34;285.68;8.18;1000;31;3444.00;72
8933;29;623075383;8933;359;9932;10004;5.61;0.34;285.69;8.18;999;31;3445.00;72
8936;29;623075394;8936;362;9933;10005;5.63;0.34;285.75;8.26;997;31;3446.00;72
8937;29;623075405;8937;342;9934;10006;5.73;0.35;285.74;8.26;997;31;3447.00;72
8940;29;623075417;8940;334;9934;10006;5.81;0.36;285.88;8.26;994;31;3448.00;72
8942;29;623075429;8942;323;9935;10007;5.90;0.36;285.90;8.26;993;31;3449.00;72
8946;29;623075442;8946;313;9935;10007;5.98;0.37;285.96;8.26;989;31;3450.00;72
8948;29;623075453;8948;310;9935;10007;6.08;0.37;286.05;8.26;987;31;3451.00;72
8948;29;623075465;8948;306;9935;10007;6.20;0.38;286.05;8.26;987;31;3452.00;72
8951;29;623075476;8951;298;9935;10007;6.28;0.38;286.09;8.26;984;31;3453.00;72
8953;29;623075488;8953;291;9935;10007;6.39;0.39;286.06;8.26;982;31;3454.00;72
8954;29;623075499;8954;290;9935;10007;6.45;0.39;286.08;8.26;981;31;3455.00;72
8954;29;623075511;8954;299;10008;10134;6.74;0.42;286.08;8.20;1054;31;3456.00;126
8955;29;623075533;8955;274;10010;10135;6.87;0.42;286.15;8.20;1055;31;3457.00;125
8958;29;623075551;8958;266;10017;10135;7.02;0.43;286.21;8.19;1059;31;3458.00;118
8961;29;623075564;8961;250;10019;10135;7.17;0.44;286.21;8.19;1058;31;3459.00;116
8963;29;623075578;8963;240;10022;10135;7.32;0.45;286.28;8.19;1059;31;3460.00;113
8964;29;623075592;8964;236;10024;10135;7.49;0.46;286.31;8.19;1060;31;3461.00;111
8966;29;623075611;8966;233;10028;10135;7.59;0.47;286.29;8.19;1062;31;3462.00;107
8969;29;623075624;8969;228;10031;10135;7.62;0.47;286.32;8.19;1062;31;3463.00;104
8972;29;623075647;8972;221;10035;10136;7.66;0.47;286.38;8.26;1063;31;3464.00;101
8973;29;623075668;8973;223;10040;10138;7.72;0.47;286.40;8.26;1067;31;3465.00;98
8976;29;623075681;8976;223;10042;10138;7.69;0.47;286.42;8.26;1066;31;3466.00;96
8980;29;623075700;8980;219;10045;10139;7.73;0.47;286.46;8.26;1065;31;3467.00;94
8982;29;623075714;8982;231;10046;10139;7.76;0.47;286.48;8.26;1064;31;3468.00;93
8984;29;623075727;8984;231;10050;10139;7.79;0.48;286.55;8.34;1066;31;3469.00;89
8986;29;623075741;8986;233;10050;10139;7.80;0.48;286.57;8.34;1064;31;3470.00;89
8989;29;623075755;8989;238;10055;10143;7.83;0.48;286.71;8.34;1066;31;3471.00;88
8992;29;623075769;8992;232;10056;10143;7.87;0.48;286.75;8.34;1064;31;3472.00;87
8996;29;623075784;8996;235;10056;10143;7.92;0.48;286.73;8.34;1060;31;3473.00;87
8999;29;623075798;8999;234;10060;10146;7.94;0.48;286.79;8.41;1061;31;3474.00;86
9002;29;623075812;9002;231;10061;10146;8.05;0.49;286.88;8.41;1059;31;3475.00;85
9006;29;623075825;9006;236;10062;10146;8.10;0.49;286.99;8.41;1056;31;3476.00;84
9009;29;623075845;9009;237;10065;10150;8.12;0.49;287.08;8.41;1056;31;3477.00;85
9011;29;623075859;9011;238;10068;10151;8.22;0.50;287.12;8.41;1057;31;3478.00;83
9013;29;623075873;9013;236;10068;10151;8.25;0.50;287.20;8.41;1055;31;3479.00;83
9016;29;623075888;9016;235;10072;10156;8.31;0.50;287.32;8.41;1056;31;3480.00;84
9019;29;623075909;9019;230;10073;10156;8.40;0.51;287.32;8.41;1054;31;3481.00;83
9021;29;623075923;9021;226;10075;10156;8.44;0.51;287.39;8.48;1054;31;3482.00;81
9022;29;623075937;9022;226;10076;10157;8.46;0.51;287.46;8.48;1054;31;3483.00;81
9025;29;623075951;9025;216;10076;10157;8.47;0.52;287.48;8.48;1051;31;3484.00;81
9025;29;623075964;9025;211;10081;10163;8.51;0.52;287.48;8.48;1056;31;3485.00;82
9028;29;623075979;9028;213;10081;10163;8.48;0.52;287.62;8.48;1053;31;3486.00;82
9032;29;623075994;9032;209;10081;10164;8.47;0.51;287.71;8.48;1049;31;3487.00;83
9033;29;623076008;9033;210;10081;10164;8.49;0.52;287.69;8.48;1048;31;3488.00;83
9035;29;623076029;9035;209;10081;10164;8.47;0.51;287.75;8.48;1046;31;3489.00;83
9037;29;623076043;9037;210;10081;10164;8.46;0.51;287.84;8.48;1044;31;3490.00;83
9040;29;623076057;9040;205;10081;10164;8.49;0.52;287.89;8.48;1041;31;3491.00;83
9042;29;623076072;9042;201;10090;10176;8.54;0.52;287.95;8.47;1048;31;3492.00;86
9044;29;623076089;9044;190;10090;10176;8.56;0.52;288.00;8.47;1046;31;3493.00;86
9046;29;623076104;9046;185;10092;10176;8.66;0.53;288.12;8.47;1046;31;3494.00;84
9049;29;623076120;9049;175;10092;10176;8.70;0.53;288.16;8.47;1043;31;3495.00;84
9051;29;623076134;9051;178;10092;10176;8.73;0.53;288.20;8.47;1041;31;3496.00;84
9055;29;623076149;9055;175;10092;10176;8.75;0.53;288.25;8.47;1037;31;3497.00;84
9057;29;623076165;9057;178;10095;10180;8.75;0.53;288.29;8.47;1038;31;3498.00;85
9060;29;623076180;9060;178;10095;10180;8.75;0.53;288.31;8.47;1035;31;3499.00;85
9067;29;623076197;9067;175;10099;10184;8.66;0.52;288.40;8.46;1032;31;3500.00;85
9071;29;623076220;9071;178;10099;10185;8.59;0.52;288.44;8.46;1028;31;3501.00;86
9073;29;623076242;9073;182;10100;10185;8.44;0.51;288.45;8.46;1027;31;3502.00;85
9077;29;623076263;9077;182;10100;10185;8.29;0.50;288.49;8.46;1023;31;3503.00;85
9080;29;623076282;9080;191;10111;10198;8.18;0.50;288.55;8.45;1031;31;3504.00;87
9083;29;623076302;9083;193;10112;10198;8.10;0.49;288.55;8.47;1029;31;3505.00;86
9085;29;623076322;9085;195;10113;10198;8.06;0.49;288.54;8.48;1028;31;3506.00;85
9089;29;623076345;9089;193;10114;10199;8.05;0.49;288.54;8.48;1025;31;3507.00;85
9093;29;623076359;9093;194;10114;10200;8.01;0.49;288.64;8.48;1021;31;3508.00;86
9099;29;623076374;9099;196;10114;10200;7.97;0.48;288.60;8.48;1015;31;3509.00;86
9104;29;623076391;9104;199;10118;10206;7.93;0.48;288.56;8.48;1014;31;3510.00;88
9107;29;623076406;9107;198;10119;10206;7.91;0.48;288.54;8.48;1012;31;3511.00;87
9111;29;623076419;9111;211;10120;10206;7.88;0.48;288.58;8.48;1009;31;3512.00;86
9114;29;623076432;9114;214;10120;10206;7.86;0.48;288.58;8.48;1006;31;3513.00;86
9117;29;623076447;9117;219;10125;10212;7.88;0.48;288.58;8.47;1008;31;3514.00;87
9119;29;623076461;9119;218;10125;10212;7.83;0.48;288.59;8.47;1006;31;3515.00;87
9121;29;623076474;9121;215;10125;10212;7.78;0.47;288.59;8.47;1004;31;3516.00;87
9123;29;623076488;9123;218;10125;10212;7.76;0.47;288.61;8.47;1002;31;3517.00;87
9128;29;623076500;9128;223;10128;10216;7.67;0.47;288.64;8.47;1000;31;3518.00;88
9129;29;623076513;9129;221;10131;10219;7.59;0.46;288.64;8.47;1002;31;3519.00;88
9132;29;623076527;9132;237;10131;10219;7.55;0.46;288.68;8.47;999;31;3520.00;88
9134;29;623076539;9134;240;10132;10220;7.46;0.46;288.70;8.47;998;31;3521.00;88
9136;29;623076551;9136;245;10132;10220;7.40;0.45;288.71;8.47;996;31;3522.00;88
9138;29;623076564;9138;250;10132;10220;7.36;0.45;288.74;8.47;994;31;3523.00;88
9140;29;623076576;9140;251;10132;10220;7.30;0.45;288.76;8.47;992;31;3524.00;88
9143;29;623076588;9143;263;10132;10220;7.24;0.44;288.77;8.47;989;31;3525.00;88
9145;29;623076601;9145;276;10133;10220;7.19;0.44;288.74;8.48;988;31;3526.00;87
9149;29;623076612;9149;281;10133;10220;7.17;0.44;288.78;8.48;984;31;3527.00;87
9151;29;623076624;9151;289;10169;10290;7.35;0.45;288.81;8.45;1018;31;3528.00;121
9154;29;623076642;9154;295;10170;10291;7.29;0.45;288.86;8.46;1016;31;3529.00;121
9157;29;623076655;9157;293;10179;10291;7.30;0.45;288.95;8.47;1022;31;3530.00;112
9161;29;623076667;9161;301;10183;10291;7.22;0.44;288.97;8.46;1022;31;3531.00;108
9166;29;623076681;9166;305;10188;10291;7.23;0.44;289.03;8.47;1022;31;3532.00;103
9171;29;623076694;9171;315;10193;10291;7.17;0.44;289.03;8.49;1022;31;3533.00;98
9176;29;623076706;9176;317;10196;10291;7.11;0.43;288.95;8.49;1020;31;3534.00;95
9177;29;623076717;9177;321;10201;10291;6.99;0.43;288.93;8.51;1024;31;3535.00;90
9181;29;623076729;9181;331;10204;10292;6.90;0.42;288.85;8.50;1023;31;3536.00;88
9183;29;623076742;9183;339;10206;10293;6.83;0.42;288.89;8.53;1023;31;3537.00;87
9184;29;623076755;9184;346;10208;10293;6.69;0.41;288.88;8.54;1024;31;3538.00;85
9188;29;623076767;9188;352;10212;10297;6.54;0.40;288.86;8.54;1024;31;3539.00;85
9190;29;623076782;9190;354;10215;10297;6.41;0.39;288.83;8.56;1025;31;3540.00;82
9190;29;623076794;9190;364;10215;10297;6.34;0.39;288.83;8.56;1025;31;3541.00;82
9193;29;623076806;9193;367;10216;10297;6.18;0.38;288.78;8.56;1023;31;3542.00;81
9194;29;623076817;9194;378;10222;10303;6.16;0.38;288.80;8.57;1028;31;3543.00;81
9195;29;623076828;9195;383;10223;10303;6.06;0.37;288.77;8.57;1028;31;3544.00;80
9196;29;623076839;9196;392;10224;10303;5.97;0.37;288.76;8.58;1028;31;3545.00;79
9197;29;623076850;9197;399;10228;10306;5.89;0.36;288.74;8.58;1031;31;3546.00;78
9198;29;623076861;9198;403;10229;10306;5.79;0.36;288.72;8.59;1031;31;3547.00;77
9201;29;623076872;9201;407;10229;10306;5.66;0.35;288.72;8.59;1028;31;3548.00;77
9203;29;623076883;9203;416;10230;10307;5.51;0.34;288.69;8.60;1027;31;3549.00;77
9204;29;623076894;9204;415;10231;10308;5.41;0.33;288.70;8.60;1027;31;3550.00;77
9206;29;623076905;9206;417;10232;10308;5.30;0.33;288.66;8.61;1026;31;3551.00;76
9209;29;623076916;9209;424;10242;10321;5.22;0.32;288.69;8.61;1033;31;3552.00;79
9211;29;623076929;9211;424;10243;10321;5.14;0.32;288.64;8.60;1032;31;3553.00;78
9213;29;623076940;9213;430;10246;10321;5.07;0.31;288.61;8.64;1033;31;3554.00;75
9215;29;623076950;9215;436;10248;10323;5.02;0.31;288.59;8.64;1033;31;3555.00;75
9218;29;623076961;9218;440;10248;10323;5.02;0.31;288.62;8.64;1030;31;3556.00;75
9221;29;623076973;9221;442;10255;10327;5.08;0.31;288.58;8.66;1034;31;3557.00;72
9225;29;623076984;9225;444;10255;10327;5.07;0.31;288.50;8.66;1030;31;3558.00;72
9227;29;623076995;9227;441;10260;10331;5.04;0.31;288.49;8.68;1033;31;3559.00;71
9228;29;623077006;9228;441;10260;10331;5.04;0.31;288.47;8.68;1032;31;3560.00;71
9229;29;623077017;9229;443;10262;10331;5.01;0.31;288.46;8.70;1033;31;3561.00;69
9233;29;623077027;9233;442;10262;10331;4.93;0.30;288.44;8.70;1029;31;3562.00;69
9235;29;623077039;9235;430;10262;10331;4.90;0.30;288.41;8.70;1027;31;3563.00;69
9238;29;623077049;9238;425;10273;10343;4.95;0.30;288.37;8.71;1035;31;3564.00;70
9240;29;623077061;9240;421;10273;10343;4.96;0.30;288.38;8.71;1033;31;3565.00;70
9242;29;623077071;9242;426;10275;10343;4.94;0.30;288.38;8.70;1033;31;3566.00;68
9244;29;623077081;9244;424;10277;10343;4.92;0.30;288.38;8.72;1033;31;3567.00;66
9247;29;623077093;9247;429;10277;10343;4.90;0.30;288.34;8.72;1030;31;3568.00;66
9250;29;623077104;9250;431;10277;10343;4.81;0.29;288.33;8.72;1027;31;3569.00;66
9252;29;623077122;9252;427;10279;10344;4.82;0.29;288.34;8.73;1027;31;3570.00;65
9255;29;623077133;9255;415;10279;10344;4.78;0.29;288.34;8.73;1024;31;3571.00;65
9256;29;623077150;9256;409;10286;10350;4.87;0.30;288.37;8.74;1030;31;3572.00;64
9258;29;623077162;9258;414;10287;10351;4.89;0.30;288.41;8.74;1029;31;3573.00;64
9260;29;623077172;9260;412;10287;10351;4.92;0.30;288.48;8.74;1027;31;3574.00;64
9264;29;623077183;9264;413;10289;10351;4.93;0.30;288.48;8.75;1025;31;3575.00;62
9266;29;623077194;9266;409;10292;10355;5.04;0.31;288.51;8.75;1026;31;3576.00;63
9269;29;623077206;9269;401;10292;10355;5.11;0.31;288.51;8.75;1023;31;3577.00;63
9271;29;623077224;9271;400;10294;10355;5.12;0.31;288.54;8.75;1023;31;3578.00;61
9273;29;623077235;9273;400;10295;10356;5.17;0.32;288.57;8.75;1022;31;3579.00;61
9276;29;623077247;9276;391;10298;10360;5.21;0.32;288.57;8.75;1022;31;3580.00;62
9276;29;623077264;9276;391;10298;10360;5.25;0.32;288.57;8.75;1022;31;3581.00;62
9277;29;623077275;9277;384;10300;10363;5.24;0.32;288.58;8.75;1023;31;3582.00;63
9278;29;623077286;9278;381;10301;10363;5.27;0.32;288.58;8.75;1023;31;3583.00;62
9285;29;623077296;9285;387;10301;10363;5.22;0.32;288.73;8.75;1016;31;3584.00;62
9287;29;623077307;9287;381;10301;10363;5.22;0.32;288.74;8.75;1014;31;3585.00;62
9289;29;623077318;9289;382;10305;10367;5.34;0.33;288.78;8.75;1016;31;3586.00;62
9295;29;623077329;9295;368;10305;10367;5.40;0.33;288.89;8.75;1010;31;3587.00;62
9300;29;623077339;9300;369;10305;10367;5.44;0.33;288.87;8.75;1005;31;3588.00;62
9303;29;623077350;9303;361;10305;10367;5.50;0.34;288.84;8.75;1002;31;3589.00;62
9308;29;623077360;9308;365;10305;10368;5.52;0.34;288.84;8.75;997;31;3590.00;63
9311;29;623077371;9311;365;10306;10369;5.61;0.34;288.85;8.75;995;31;3591.00;63
9314;29;623077383;9314;368;10306;10369;5.64;0.34;288.91;8.75;992;31;3592.00;63
9317;29;623077393;9317;366;10307;10370;5.74;0.35;288.88;8.74;990;31;3593.00;63
9322;29;623077404;9322;361;10307;10370;5.80;0.35;288.93;8.74;985;31;3594.00;63
9326;29;623077416;9326;362;10308;10370;5.81;0.35;288.97;8.82;982;31;3595.00;62
9330;29;623077427;9330;359;10308;10370;5.84;0.36;289.01;8.82;978;31;3596.00;62
9333;29;623077439;9333;363;10308;10370;5.90;0.36;289.01;8.82;975;31;3597.00;62
9337;29;623077449;9337;365;10308;10370;5.93;0.36;289.07;8.82;971;31;3598.00;62
9338;29;623077460;9338;362;10308;10370;5.95;0.36;289.08;8.82;970;31;3599.00;62
9342;29;623077474;9342;402;10419;10623;6.23;0.39;289.13;8.73;1077;31;3600.00;204
9345;29;623077508;9345;394;10424;10624;6.20;0.39;289.15;8.72;1079;31;3601.00;200
9349;29;623077521;9349;385;10437;10624;6.32;0.39;289.22;8.71;1088;31;3602.00;187
9352;29;623077533;9352;388;10444;10624;6.30;0.39;289.23;8.71;1092;31;3603.00;180
9355;29;623077545;9355;387;10453;10624;6.30;0.39;289.23;8.71;1098;31;3604.00;171
9357;29;623077557;9357;380;10457;10624;6.31;0.39;289.23;8.70;1100;31;3605.00;167
9362;29;623077570;9362;381;10467;10624;6.30;0.39;289.23;8.70;1105;31;3606.00;157
9367;29;623077582;9367;386;10472;10624;6.30;0.39;289.31;8.70;1105;31;3607.00;152
9368;29;623077594;9368;380;10479;10625;6.29;0.39;289.29;8.70;1111;31;3608.00;146
9373;29;623077607;9373;379;10482;10626;6.29;0.39;289.33;8.70;1109;31;3609.00;144
9378;29;623077621;9378;368;10489;10626;6.26;0.39;289.39;8.70;1111;31;3610.00;137
9378;29;623077633;9378;372;10490;10627;6.27;0.39;289.39;8.70;1112;31;3611.00;137
9384;29;623077646;9384;368;10493;10627;6.20;0.38;289.43;8.70;1109;31;3612.00;134
9388;29;623077659;9388;369;10494;10627;6.13;0.38;289.52;8.70;1106;31;3613.00;133
9389;29;623077672;9389;375;10497;10627;6.13;0.38;289.49;8.71;1108;31;3614.00;130
9394;29;623077685;9394;376;10502;10631;6.06;0.37;289.62;8.77;1108;31;3615.00;129
9397;29;623077698;9397;383;10504;10631;6.04;0.37;289.62;8.78;1107;31;3616.00;127
9397;29;623077711;9397;380;10508;10631;6.01;0.37;289.62;8.78;1111;31;3617.00;123
9400;29;623077723;9400;374;10511;10634;6.00;0.37;289.67;8.78;1111;31;3618.00;123
9407;29;623077737;9407;361;10513;10634;6.03;0.37;289.72;8.78;1106;31;3619.00;121
9410;29;623077750;9410;361;10515;10634;6.11;0.38;289.76;8.78;1105;31;3620.00;119
9416;29;623077763;9416;360;10519;10638;6.09;0.37;289.81;8.78;1103;31;3621.00;119
9419;29;623077777;9419;366;10520;10639;6.12;0.38;289.85;8.78;1101;31;3622.00;119
9419;29;623077790;9419;365;10520;10639;6.17;0.38;289.85;8.78;1101;31;3623.00;119
9422;29;623077803;9422;362;10522;10643;6.17;0.38;289.90;8.78;1100;31;3624.00;121
9426;29;623077816;9426;365;10523;10643;6.25;0.38;289.93;8.78;1097;31;3625.00;120
9430;29;623077829;9430;352;10525;10643;6.29;0.39;290.00;8.78;1095;31;3626.00;118
9432;29;623077849;9432;343;10525;10644;6.36;0.39;290.05;8.78;1093;31;3627.00;119
9437;29;623077862;9437;338;10526;10644;6.43;0.39;290.13;8.78;1089;31;3628.00;118
9440;29;623077876;9440;329;10530;10650;6.54;0.40;290.26;8.78;1090;31;3629.00;120
9443;29;623077892;9443;319;10531;10650;6.64;0.40;290.33;8.78;1088;31;3630.00;119
9445;29;623077906;9445;321;10533;10651;6.71;0.41;290.44;8.78;1088;31;3631.00;118
9449;29;623077920;9449;325;10535;10651;6.78;0.41;290.45;8.86;1086;31;3632.00;116
9451;29;623077933;9451;315;10536;10651;6.89;0.42;290.52;8.86;1085;31;3633.00;115
9455;29;623077947;9455;313;10537;10651;6.93;0.42;290.66;8.86;1082;31;3634.00;114
9459;29;623077961;9459;308;10538;10651;7.03;0.43;290.80;8.93;1079;31;3635.00;113
9460;29;623077982;9460;303;10547;10663;7.09;0.43;290.85;8.93;1087;31;3636.00;116
9466;29;623077998;9466;300;10547;10663;7.17;0.44;291.07;8.93;1081;31;3637.00;116
9467;29;623078013;9467;289;10549;10663;7.31;0.44;291.09;8.93;1082;31;3638.00;114
9468;29;623078028;9468;282;10551;10663;7.41;0.45;291.13;8.93;1083;31;3639.00;112
9469;29;623078042;9469;282;10552;10663;7.52;0.46;291.14;8.93;1083;31;3640.00;111
9473;29;623078056;9473;279;10553;10663;7.64;0.47;291.14;8.94;1080;31;3641.00;110
9478;29;623078072;9478;275;10556;10667;7.68;0.47;291.17;8.93;1078;31;3642.00;111
9479;30;623078087;9479;276;10558;10667;7.80;0.47;291.21;8.93;1079;32;3643.00;109
9482;30;623078113;9482;273;10562;10671;7.89;0.48;291.30;8.93;1080;32;3644.00;109
9483;30;623078128;9483;261;10565;10673;8.06;0.49;291.28;8.93;1082;32;3645.00;108
9487;30;623078147;9487;261;10566;10673;8.11;0.49;291.32;9.00;1079;32;3646.00;107
9490;30;623078163;9490;262;10566;10673;8.20;0.50;291.41;9.00;1076;32;3647.00;107
9493;30;623078178;9493;260;10575;10686;8.26;0.50;291.42;8.99;1082;32;3648.00;111
9495;30;623078193;9495;261;10575;10686;8.35;0.51;291.51;8.99;1080;32;3649.00;111
9500;30;623078209;9500;262;10575;10686;8.37;0.51;291.66;8.99;1075;32;3650.00;111
9502;30;623078230;9502;264;10576;10687;8.44;0.51;291.64;8.99;1074;32;3651.00;111
9505;30;623078252;9505;259;10576;10688;8.42;0.51;291.67;8.99;1071;32;3652.00;112
9508;30;623078273;9508;260;10576;10688;8.32;0.50;291.72;8.99;1068;32;3653.00;112
9511;30;623078294;9511;259;10579;10691;8.20;0.50;291.70;9.06;1068;32;3654.00;112
9515;30;623078316;9515;258;10579;10691;8.04;0.49;291.76;9.06;1064;32;3655.00;112
9516;30;623078332;9516;269;10580;10691;7.89;0.48;291.81;9.06;1064;32;3656.00;111
9517;30;623078347;9517;258;10580;10691;7.78;0.47;291.82;9.06;1063;32;3657.00;111
9519;30;623078361;9519;262;10585;10697;7.77;0.47;291.91;9.06;1066;32;3658.00;112
9523;30;623078377;9523;255;10585;10697;7.71;0.47;291.93;9.06;1062;32;3659.00;112
9526;30;623078396;9526;260;10585;10697;7.73;0.47;292.04;9.06;1059;32;3660.00;112
9528;30;623078411;9528;263;10585;10697;7.72;0.47;292.10;9.06;1057;32;3661.00;112
9529;30;623078425;9529;263;10587;10701;7.67;0.46;292.11;9.06;1058;32;3662.00;114
9535;30;623078440;9535;263;10589;10702;7.66;0.46;292.18;9.06;1054;32;3663.00;113
9535;30;623078454;9535;266;10589;10702;7.71;0.47;292.18;9.06;1054;32;3664.00;113
9537;30;623078468;9537;266;10590;10703;7.69;0.47;292.15;9.05;1053;32;3665.00;113
9540;30;623078483;9540;268;10590;10703;7.69;0.47;292.19;9.05;1050;32;3666.00;113
9543;30;623078496;9543;268;10590;10703;7.64;0.46;292.17;9.05;1047;32;3667.00;113
9545;30;623078510;9545;284;10590;10703;7.57;0.46;292.19;9.05;1045;32;3668.00;113
9550;30;623078525;9550;283;10590;10703;7.47;0.45;292.22;9.05;1040;32;3669.00;113
9553;30;623078538;9553;280;10591;10703;7.36;0.45;292.19;9.06;1038;32;3670.00;112
9556;30;623078552;9556;284;10591;10703;7.29;0.44;292.25;9.06;1035;32;3671.00;112
9557;30;623078564;9557;284;10621;10773;7.23;0.44;292.25;9.11;1064;32;3672.00;152
9561;30;623078583;9561;281;10623;10774;7.17;0.44;292.29;9.11;1062;32;3673.00;151
9562;30;623078597;9562;282;10628;10774;7.14;0.44;292.29;9.10;1066;32;3674.00;146
9565;30;623078610;9565;273;10634;10774;7.03;0.43;292.41;9.13;1069;32;3675.00;140
9566;30;623078627;9566;283;10638;10774;7.03;0.43;292.43;9.13;1072;32;3676.00;136
9569;30;623078640;9569;277;10640;10774;7.06;0.43;292.47;9.13;1071;32;3677.00;134
9573;30;623078655;9573;278;10645;10774;7.08;0.43;292.42;9.13;1072;32;3678.00;129
9576;30;623078668;9576;277;10648;10774;7.10;0.43;292.48;9.13;1072;32;3679.00;126
9581;30;623078682;9581;269;10651;10775;7.11;0.43;292.46;9.20;1070;32;3680.00;124
9581;30;623078695;9581;260;10653;10776;7.11;0.43;292.46;9.20;1072;32;3681.00;123
9581;30;623078708;9581;261;10655;10776;7.15;0.43;292.46;9.20;1074;32;3682.00;121
9584;30;623078721;9584;262;10660;10780;7.14;0.43;292.50;9.20;1076;32;3683.00;120
9586;30;623078736;9586;271;10661;10780;7.10;0.43;292.55;9.20;1075;32;3684.00;119
9592;30;623078750;9592;270;10661;10780;7.06;0.43;292.63;9.20;1069;32;3685.00;119
9595;30;623078763;9595;269;10661;10780;7.03;0.43;292.75;9.20;1066;32;3686.00;119
9600;30;623078776;9600;274;10666;10786;7.01;0.43;292.73;9.20;1066;32;3687.00;120
9603;30;623078790;9603;278;10666;10786;6.92;0.42;292.76;9.20;1063;32;3688.00;120
9603;30;623078803;9603;288;10666;10786;6.88;0.42;292.76;9.20;1063;32;3689.00;120
9609;30;623078817;9609;291;10671;10792;6.74;0.41;292.79;9.21;1062;32;3690.00;121
9613;30;623078831;9613;306;10673;10792;6.72;0.41;292.88;9.21;1060;32;3691.00;119
9616;30;623078845;9616;312;10675;10792;6.63;0.40;292.83;9.21;1059;32;3692.00;117
9618;30;623078858;9618;316;10676;10793;6.53;0.40;292.88;9.22;1058;32;3693.00;117
9619;30;623078870;9619;326;10677;10794;6.48;0.40;292.86;9.22;1058;32;3694.00;117
9624;30;623078883;9624;332;10680;10794;6.38;0.39;292.84;9.23;1056;32;3695.00;114
9627;30;623078895;9627;343;10689;10807;6.34;0.39;292.86;9.22;1062;32;3696.00;118
9629;30;623078910;9629;345;10691;10807;6.28;0.38;292.88;9.23;1062;32;3697.00;116
9636;30;623078922;9636;347;10691;10807;6.20;0.38;292.77;9.23;1055;32;3698.00;116
9637;30;623078935;9637;353;10693;10808;6.20;0.38;292.79;9.23;1056;32;3699.00;115
9639;30;623078948;9639;358;10694;10808;6.15;0.37;292.75;9.25;1055;32;3700.00;114
9640;30;623078966;9640;363;10700;10812;6.23;0.38;292.77;9.26;1060;32;3701.00;112
9643;30;623078981;9643;367;10700;10812;6.22;0.38;292.74;9.26;1057;32;3702.00;112
9646;30;623078995;9646;377;10705;10816;6.16;0.37;292.77;9.28;1059;32;3703.00;111
9649;30;623079011;9649;381;10706;10816;6.12;0.37;292.70;9.29;1057;32;3704.00;110
9649;30;623079025;9649;383;10707;10816;6.10;0.37;292.70;9.30;1058;32;3705.00;109
9651;30;623079036;9651;380;10708;10816;6.01;0.37;292.65;9.32;1057;32;3706.00;108
9652;30;623079048;9652;390;10708;10816;5.93;0.36;292.66;9.32;1056;32;3707.00;108
9655;30;623079059;9655;398;10720;10828;5.96;0.36;292.64;9.34;1065;32;3708.00;108
9656;30;623079072;9656;404;10721;10828;5.91;0.36;292.62;9.34;1065;32;3709.00;107
9659;30;623079083;9659;412;10723;10828;5.83;0.36;292.61;9.35;1064;32;3710.00;105
9661;30;623079095;9661;409;10724;10828;5.71;0.35;292.58;9.36;1063;32;3711.00;104
9663;30;623079107;9663;411;10725;10828;5.62;0.34;292.60;9.37;1062;32;3712.00;103
9663;30;623079118;9663;419;10730;10828;5.54;0.34;292.60;9.41;1067;32;3713.00;98
9667;30;623079128;9667;425;10731;10829;5.45;0.33;292.66;9.42;1064;32;3714.00;98
9668;30;623079140;9668;415;10734;10829;5.39;0.33;292.65;9.43;1066;32;3715.00;95
9671;30;623079150;9671;414;10740;10835;5.44;0.33;292.61;9.44;1069;32;3716.00;95
9672;30;623079163;9672;411;10742;10836;5.43;0.33;292.63;9.45;1070;32;3717.00;94
9672;30;623079175;9672;421;10744;10836;5.42;0.33;292.63;9.46;1072;32;3718.00;92
9673;30;623079188;9673;413;10744;10836;5.44;0.33;292.69;9.46;1071;32;3719.00;92
9674;30;623079202;9674;409;10749;10841;5.46;0.34;292.67;9.47;1075;32;3720.00;92
9674;30;623079214;9674;404;10750;10841;5.44;0.33;292.67;9.48;1076;32;3721.00;91
9676;30;623079235;9676;407;10750;10841;5.44;0.33;292.64;9.48;1074;32;3722.00;91
9676;30;623079248;9676;404;10751;10842;5.51;0.34;292.64;9.48;1075;32;3723.00;91
9679;30;623079260;9679;405;10757;10846;5.51;0.34;292.59;9.51;1078;32;3724.00;89
9679;30;623079272;9679;405;10757;10846;5.56;0.34;292.59;9.51;1078;32;3725.00;89
9682;30;623079284;9682;403;10759;10849;5.61;0.34;292.55;9.50;1077;32;3726.00;90
9683;30;623079295;9683;399;10760;10849;5.60;0.34;292.56;9.50;1077;32;3727.00;89
9683;30;623079306;9683;401;10763;10849;5.60;0.34;292.56;9.54;1080;32;3728.00;86
9690;30;623079317;9690;396;10763;10849;5.57;0.34;292.44;9.54;1073;32;3729.00;86
9691;30;623079329;9691;394;10770;10853;5.63;0.34;292.43;9.56;1079;32;3730.00;83
9693;30;623079340;9693;392;10770;10853;5.62;0.34;292.41;9.56;1077;32;3731.00;83
9697;30;623079351;9697;393;10771;10853;5.53;0.34;292.42;9.57;1074;32;3732.00;82
9698;30;623079362;9698;395;10772;10853;5.48;0.33;292.42;9.57;1074;32;3733.00;81
9701;30;623079372;9701;389;10772;10854;5.45;0.33;292.38;9.57;1071;32;3734.00;82
9704;30;623079384;9704;393;10775;10856;5.45;0.33;292.35;9.58;1071;32;3735.00;81
9707;30;623079395;9707;396;10776;10856;5.41;0.33;292.47;9.58;1069;32;3736.00;80
9710;30;623079406;9710;401;10777;10857;5.35;0.33;292.50;9.58;1067;32;3737.00;80
9715;30;623079416;9715;410;10779;10857;5.28;0.32;292.49;9.59;1064;32;3738.00;78
9716;30;623079427;9716;411;10779;10857;5.23;0.32;292.49;9.59;1063;32;3739.00;78
9720;30;623079437;9720;404;10780;10857;5.14;0.31;292.45;9.60;1060;32;3740.00;77
9723;30;623079447;9723;407;10780;10857;5.06;0.31;292.52;9.60;1057;32;3741.00;77
9724;30;623079457;9724;399;10780;10857;5.07;0.31;292.53;9.60;1056;32;3742.00;77
9729;30;623079467;9729;397;10781;10857;5.05;0.31;292.61;9.61;1052;32;3743.00;76
9733;30;623079478;9733;422;10844;10984;5.39;0.33;292.69;9.55;1111;32;3744.00;140
9735;30;623079498;9735;422;10848;10985;5.43;0.34;292.72;9.55;1113;32;3745.00;137
9739;30;623079509;9739;414;10857;10985;5.53;0.34;292.81;9.54;1118;32;3746.00;128
9741;30;623079521;9741;408;10862;10985;5.59;0.35;292.89;9.54;1121;32;3747.00;123
9743;30;623079533;9743;400;10869;10985;5.67;0.35;292.88;9.54;1126;32;3748.00;116
9746;30;623079544;9746;396;10872;10985;5.69;0.35;293.00;9.53;1126;32;3749.00;113
9749;30;623079557;9749;401;10877;10990;5.74;0.36;293.08;9.53;1128;32;3750.00;113
9751;30;623079569;9751;396;10879;10990;5.74;0.36;293.13;9.53;1128;32;3751.00;111
9755;30;623079581;9755;398;10881;10991;5.74;0.35;293.13;9.53;1126;32;3752.00;110
9758;30;623079593;9758;395;10883;10992;5.77;0.36;293.14;9.53;1125;32;3753.00;109
9761;30;623079606;9761;397;10886;10992;5.79;0.36;293.20;9.53;1125;32;3754.00;106
9769;30;623079620;9769;394;10889;10993;5.78;0.36;293.17;9.53;1120;32;3755.00;104
9772;30;623079633;9772;393;10895;10993;5.82;0.36;293.14;9.53;1123;32;3756.00;98
9774;30;623079646;9774;395;10896;10993;5.88;0.36;293.16;9.53;1122;32;3757.00;97
9779;30;623079658;9779;397;10899;10993;5.92;0.36;293.14;9.53;1120;32;3758.00;94
9784;30;623079677;9784;394;10903;10997;5.94;0.37;293.12;9.53;1119;32;3759.00;94
9789;30;623079690;9789;393;10904;10997;6.01;0.37;293.10;9.53;1115;32;3760.00;93
9793;30;623079703;9793;393;10907;10997;6.02;0.37;293.10;9.53;1114;32;3761.00;90
9795;30;623079715;9795;388;10908;11000;6.04;0.37;293.14;9.53;1113;32;3762.00;92
9800;30;623079728;9800;388;10909;11000;6.03;0.37;293.19;9.53;1109;32;3763.00;91
9803;30;623079747;9803;383;10909;11000;6.01;0.37;293.22;9.53;1106;32;3764.00;91
9805;30;623079760;9805;377;10914;11004;6.04;0.37;293.23;9.61;1109;32;3765.00;90
9809;30;623079774;9809;379;10915;11005;6.06;0.37;293.35;9.61;1106;32;3766.00;90
9812;30;623079786;9812;377;10918;11005;6.12;0.38;293.35;9.61;1106;32;3767.00;87
9817;30;623079798;9817;385;10921;11009;6.11;0.38;293.36;9.61;1104;32;3768.00;88
9824;30;623079811;9824;381;10921;11009;6.05;0.37;293.33;9.61;1097;32;3769.00;88
9828;30;623079824;9828;371;10921;11009;6.05;0.37;293.36;9.61;1093;32;3770.00;88
9835;30;623079836;9835;373;10922;11010;6.01;0.37;293.44;9.61;1087;32;3771.00;88
9838;30;623079850;9838;371;10922;11010;5.99;0.37;293.45;9.61;1084;32;3772.00;88
9843;30;623079862;9843;369;10927;11016;6.01;0.37;293.48;9.60;1084;32;3773.00;89
9846;30;623079876;9846;372;10927;11016;6.04;0.37;293.56;9.60;1081;32;3774.00;89
9850;30;623079888;9850;375;10927;11017;6.06;0.37;293.62;9.60;1077;32;3775.00;90
9856;30;623079901;9856;374;10927;11017;6.04;0.37;293.66;9.60;1071;32;3776.00;90
9859;30;623079913;9859;369;10927;11017;6.07;0.37;293.67;9.60;1068;32;3777.00;90
9862;30;623079925;9862;361;10927;11017;6.04;0.37;293.72;9.60;1065;32;3778.00;90
9864;30;623079938;9864;360;10927;11017;6.06;0.37;293.74;9.60;1063;32;3779.00;90
9870;30;623079951;9870;354;10952;11053;6.20;0.38;293.81;9.58;1082;32;3780.00;101
9874;31;623079967;9874;352;10953;11053;6.17;0.38;293.87;9.58;1079;33;3781.00;100
9876;31;623079992;9876;350;10956;11053;6.20;0.38;293.89;9.58;1080;33;3782.00;97
9878;31;623080005;9878;353;10956;11053;6.19;0.38;293.95;9.58;1078;33;3783.00;97
9880;31;623080017;9880;350;10957;11053;6.23;0.38;294.01;9.58;1077;33;3784.00;96
9881;31;623080029;9881;351;10957;11053;6.23;0.38;294.02;9.58;1076;33;3785.00;96
9884;31;623080042;9884;359;10962;11057;6.21;0.38;294.10;9.65;1078;33;3786.00;95
9888;31;623080055;9888;350;10962;11057;6.14;0.38;294.08;9.65;1074;33;3787.00;95
9891;31;623080075;9891;348;10966;11061;6.18;0.38;294.05;9.65;1075;33;3788.00;95
9893;31;623080088;9893;340;10967;11062;6.21;0.38;294.11;9.65;1074;33;3789.00;95
9898;31;623080101;9898;341;10967;11062;6.20;0.38;294.15;9.65;1069;33;3790.00;95
9901;31;623080114;9901;344;10967;11062;6.27;0.38;294.18;9.65;1066;33;3791.00;95
9902;31;623080128;9902;339;10978;11075;6.42;0.39;294.16;9.64;1076;33;3792.00;97
9907;31;623080142;9907;345;10978;11075;6.41;0.39;294.28;9.64;1071;33;3793.00;97
9908;31;623080156;9908;346;10978;11075;6.44;0.39;294.32;9.64;1070;33;3794.00;97
9908;31;623080174;9908;348;10979;11076;6.46;0.39;294.32;9.64;1071;33;3795.00;97
9911;31;623080188;9911;337;10979;11077;6.46;0.39;294.35;9.64;1068;33;3796.00;98
9913;31;623080204;9913;325;10979;11077;6.46;0.39;294.37;9.64;1066;33;3797.00;98
9915;31;623080224;9915;322;10981;11080;6.45;0.39;294.38;9.64;1066;33;3798.00;99
9919;31;623080246;9919;310;10981;11080;6.39;0.39;294.43;9.64;1062;33;3799.00;99
9920;31;623080272;9920;309;10982;11080;6.42;0.39;294.46;9.64;1062;33;3800.00;98
9925;31;623080299;9925;302;10983;11080;6.45;0.39;294.44;9.72;1058;33;3801.00;97
9928;31;623080320;9928;308;10988;11086;6.51;0.40;294.43;9.72;1060;33;3802.00;98
9930;31;623080337;9930;308;10988;11086;6.56;0.40;294.46;9.72;1058;33;3803.00;98
9932;31;623080353;9932;300;10988;11086;6.58;0.40;294.51;9.72;1056;33;3804.00;98
9934;31;623080368;9934;300;10988;11086;6.61;0.40;294.49;9.72;1054;33;3805.00;98
9936;31;623080382;9936;296;10991;11090;6.54;0.40;294.51;9.71;1055;33;3806.00;99
9939;31;623080396;9939;291;10992;11091;6.50;0.40;294.64;9.71;1053;33;3807.00;99
9941;31;623080411;9941;297;10992;11091;6.43;0.39;294.68;9.71;1051;33;3808.00;99
9944;31;623080426;9944;296;10993;11092;6.40;0.39;294.72;9.71;1049;33;3809.00;99
9946;31;623080442;9946;292;10993;11092;6.42;0.39;294.75;9.71;1047;33;3810.00;99
9949;31;623080456;9949;294;10993;11092;6.49;0.39;294.73;9.71;1044;33;3811.00;99
9949;31;623080470;9949;283;10993;11092;6.56;0.40;294.73;9.71;1044;33;3812.00;99
9950;31;623080485;9950;285;10993;11092;6.66;0.41;294.81;9.71;1043;33;3813.00;99
9952;31;623080499;9952;287;10994;11092;6.70;0.41;294.83;9.80;1042;33;3814.00;98
9955;31;623080513;9955;279;10994;11092;6.74;0.41;294.86;9.80;1039;33;3815.00;98
9958;31;623080528;9958;289;11031;11162;6.83;0.42;294.90;9.76;1073;33;3816.00;131
9963;31;623080548;9963;274;11031;11163;6.91;0.42;294.99;9.76;1068;33;3817.00;132
9966;31;623080561;9966;268;11039;11163;7.05;0.43;294.95;9.76;1073;33;3818.00;124
9970;31;623080575;9970;275;11041;11163;7.15;0.43;294.93;9.76;1071;33;3819.00;122
9971;31;623080589;9971;271;11043;11163;7.21;0.44;294.94;9.76;1072;33;3820.00;120
9973;31;623080604;9973;277;11047;11163;7.25;0.44;294.93;9.75;1074;33;3821.00;116
9974;31;623080618;9974;270;11050;11163;7.25;0.44;294.92;9.75;1076;33;3822.00;113
9977;31;623080631;9977;274;11052;11163;7.25;0.44;294.93;9.75;1075;33;3823.00;111
9980;31;623080646;9980;281;11055;11164;7.29;0.44;294.97;9.75;1075;33;3824.00;109
9980;31;623080660;9980;281;11057;11166;7.28;0.44;294.97;9.75;1077;33;3825.00;109
9981;31;623080674;9981;276;11059;11166;7.29;0.44;295.02;9.75;1078;33;3826.00;107
9982;31;623080688;9982;273;11064;11170;7.33;0.44;295.02;9.75;1082;33;3827.00;106
9985;31;623080702;9985;267;11065;11170;7.29;0.44;295.10;9.75;1080;33;3828.00;105
9986;31;623080716;9986;265;11066;11170;7.29;0.44;295.08;9.83;1080;33;3829.00;104
9986;31;623080729;9986;263;11066;11170;7.29;0.44;295.08;9.83;1080;33;3830.00;104
9990;31;623080744;9990;265;11070;11176;7.29;0.44;295.14;9.83;1080;33;3831.00;106
9992;31;623080759;9992;265;11070;11176;7.31;0.44;295.13;9.83;1078;33;3832.00;106
9994;31;623080772;9994;261;11070;11176;7.27;0.44;295.16;9.83;1076;33;3833.00;106
9998;31;623080786;9998;263;11072;11179;7.25;0.44;295.24;9.83;1074;33;3834.00;107
9999;31;623080800;9999;270;11072;11179;7.23;0.44;295.31;9.83;1073;33;3835.00;107
10003;31;623080814;10003;269;11073;11179;7.18;0.44;295.45;9.83;1070;33;3836.00;106
10004;31;623080827;10004;279;11073;11180;7.14;0.43;295.51;9.83;1069;33;3837.00;107
10006;31;623080840;10006;281;11074;11181;7.11;0.43;295.48;9.83;1068;33;3838.00;107
10009;31;623080853;10009;278;11074;11181;7.00;0.43;295.44;9.83;1065;33;3839.00;107
10014;31;623080870;10014;291;11090;11207;6.89;0.42;295.51;9.81;1076;33;3840.00;117
10017;31;623080886;10017;287;11090;11207;6.80;0.41;295.47;9.81;1073;33;3841.00;117
10022;31;623080898;10022;286;11093;11207;6.74;0.41;295.48;9.81;1071;33;3842.00;114
10024;31;623080911;10024;287;11095;11208;6.70;0.41;295.49;9.81;1071;33;3843.00;113
10026;31;623080924;10026;289;11096;11208;6.71;0.41;295.52;9.83;1070;33;3844.00;112
10029;31;623080938;10029;288;11100;11212;6.69;0.41;295.55;9.84;1071;33;3845.00;112
10034;31;623080952;10034;295;11101;11214;6.63;0.40;295.52;9.84;1067;33;3846.00;113
10036;31;623080965;10036;296;11105;11218;6.61;0.40;295.56;9.84;1069;33;3847.00;113
10041;31;623080980;10041;292;11105;11218;6.54;0.40;295.54;9.84;1064;33;3848.00;113
10043;31;623080993;10043;287;11105;11218;6.49;0.40;295.52;9.84;1062;33;3849.00;113
10044;31;623081006;10044;280;11105;11218;6.47;0.40;295.57;9.84;1061;33;3850.00;113
10047;31;623081019;10047;279;11105;11218;6.50;0.40;295.57;9.84;1058;33;3851.00;113
10052;31;623081032;10052;277;11115;11230;6.55;0.40;295.49;9.83;1063;33;3852.00;115
10056;31;623081045;10056;273;11116;11230;6.60;0.40;295.49;9.83;1060;33;3853.00;114
10059;31;623081058;10059;274;11116;11230;6.58;0.40;295.51;9.83;1057;33;3854.00;114
10063;31;623081071;10063;284;11116;11230;6.52;0.40;295.54;9.83;1053;33;3855.00;114
10066;31;623081084;10066;286;11116;11230;6.49;0.40;295.57;9.83;1050;33;3856.00;114
10069;31;623081098;10069;291;11117;11230;6.51;0.40;295.63;9.83;1048;33;3857.00;113
10076;31;623081110;10076;290;11117;11231;6.45;0.39;295.69;9.83;1041;33;3858.00;114
10081;31;623081123;10081;297;11117;11231;6.40;0.39;295.68;9.83;1036;33;3859.00;114
10081;31;623081135;10081;297;11122;11237;6.41;0.39;295.68;9.82;1041;33;3860.00;115
10083;31;623081149;10083;303;11123;11238;6.36;0.39;295.66;9.82;1040;33;3861.00;115
10085;31;623081162;10085;303;11124;11238;6.35;0.39;295.67;9.83;1039;33;3862.00;114
10089;31;623081173;10089;308;11125;11238;6.27;0.38;295.63;9.83;1036;33;3863.00;113
10092;31;623081186;10092;311;11129;11242;6.19;0.38;295.60;9.83;1037;33;3864.00;113
10092;31;623081198;10092;318;11130;11242;6.14;0.37;295.60;9.83;1038;33;3865.00;112
10095;31;623081218;10095;323;11131;11242;6.05;0.37;295.55;9.84;1036;33;3866.00;111
10096;31;623081230;10096;312;11132;11243;6.03;0.37;295.53;9.84;1036;33;3867.00;111
10099;31;623081242;10099;306;11135;11247;6.00;0.36;295.47;9.83;1036;33;3868.00;112
10100;31;623081255;10100;303;11135;11247;6.05;0.37;295.47;9.83;1035;33;3869.00;112
10104;31;623081269;10104;302;11142;11253;6.07;0.37;295.45;9.87;1038;33;3870.00;111
10105;31;623081281;10105;304;11142;11253;6.06;0.37;295.42;9.87;1037;33;3871.00;111
10107;31;623081293;10107;304;11145;11253;6.08;0.37;295.41;9.88;1038;33;3872.00;108
10108;31;623081304;10108;300;11146;11253;6.08;0.37;295.42;9.89;1038;33;3873.00;107
10109;31;623081317;10109;308;11151;11257;6.17;0.37;295.46;9.90;1042;33;3874.00;106
10109;31;623081330;10109;305;11153;11257;6.16;0.37;295.46;9.93;1044;33;3875.00;104
10111;31;623081347;10111;310;11153;11257;6.13;0.37;295.52;9.93;1042;33;3876.00;104
10112;31;623081359;10112;306;11154;11257;6.15;0.37;295.51;9.95;1042;33;3877.00;103
10112;31;623081371;10112;303;11155;11258;6.17;0.37;295.51;9.95;1043;33;3878.00;103
10112;31;623081388;10112;310;11156;11259;6.15;0.38;295.51;9.95;1044;33;3879.00;103
10113;31;623081399;10113;311;11158;11259;6.12;0.37;295.51;9.97;1045;33;3880.00;101
10113;31;623081410;10113;318;11159;11260;6.07;0.37;295.51;9.97;1046;33;3881.00;101
10115;31;623081421;10115;323;11161;11260;5.99;0.37;295.57;9.99;1046;33;3882.00;99
10117;31;623081433;10117;326;11161;11260;5.94;0.36;295.59;9.99;1044;33;3883.00;99
10117;31;623081445;10117;330;11161;11260;5.94;0.36;295.59;9.99;1044;33;3884.00;99
10118;31;623081455;10118;332;11163;11260;5.91;0.36;295.60;10.01;1045;33;3885.00;97
10118;31;623081466;10118;340;11163;11260;5.80;0.36;295.60;10.01;1045;33;3886.00;97
10120;31;623081477;10120;339;11164;11260;5.73;0.35;295.57;10.02;1044;33;3887.00;96
10124;31;623081488;10124;360;11228;11387;5.93;0.37;295.62;9.97;1104;33;3888.00;159
10125;31;623081509;10125;352;11233;11388;5.88;0.36;295.63;9.96;1108;33;3889.00;155
10125;31;623081521;10125;345;11244;11388;5.89;0.37;295.63;9.97;1119;33;3890.00;144
10127;31;623081532;10127;349;11246;11388;5.86;0.36;295.67;9.97;1119;33;3891.00;142
10129;31;623081543;10129;343;11254;11388;5.84;0.36;295.66;9.98;1125;33;3892.00;134
10129;31;623081555;10129;345;11257;11388;5.83;0.36;295.66;9.98;1128;33;3893.00;131
10133;31;623081567;10133;348;11260;11388;5.77;0.36;295.65;9.98;1127;33;3894.00;128
10133;31;623081579;10133;354;11266;11388;5.82;0.36;295.65;10.02;1133;33;3895.00;122
10133;31;623081591;10133;353;11268;11389;5.89;0.36;295.65;10.02;1135;33;3896.00;121
10135;31;623081604;10135;360;11272;11390;5.93;0.37;295.63;10.02;1137;33;3897.00;118
10136;31;623081617;10136;359;11276;11390;5.94;0.37;295.61;10.03;1140;33;3898.00;114
10141;31;623081629;10141;360;11278;11391;5.88;0.36;295.63;10.03;1137;33;3899.00;113
10143;31;623081645;10143;373;11288;11406;5.82;0.36;295.70;10.07;1145;33;3900.00;118
10147;31;623081663;10147;381;11290;11406;5.77;0.36;295.75;10.07;1143;33;3901.00;116
10151;31;623081676;10151;387;11293;11406;5.66;0.35;295.74;10.07;1142;33;3902.00;113
10154;31;623081688;10154;395;11297;11410;5.56;0.34;295.80;10.08;1143;33;3903.00;113
10161;31;623081706;10161;398;11298;11410;5.43;0.33;295.89;10.08;1137;33;3904.00;112
10164;31;623081719;10164;402;11302;11410;5.37;0.33;295.88;10.09;1138;33;3905.00;108
10169;31;623081731;10169;410;11305;11413;5.28;0.33;295.90;10.09;1136;33;3906.00;108
10173;31;623081743;10173;411;11306;11413;5.21;0.32;295.90;10.09;1133;33;3907.00;107
10179;31;623081755;10179;422;11308;11413;5.15;0.32;295.91;10.11;1129;33;3908.00;105
10183;31;623081767;10183;430;11312;11417;5.08;0.31;295.89;10.10;1129;33;3909.00;105
10188;31;623081780;10188;420;11314;11418;5.08;0.31;295.88;10.12;1126;33;3910.00;104
10191;31;623081792;10191;416;11316;11418;5.08;0.31;295.88;10.12;1125;33;3911.00;102
10193;31;623081804;10193;416;11322;11422;5.17;0.32;295.90;10.14;1129;33;3912.00;100
10197;31;623081816;10197;417;11324;11422;5.15;0.32;295.90;10.15;1127;33;3913.00;98
10201;31;623081834;10201;416;11324;11422;5.17;0.32;295.96;10.15;1123;33;3914.00;98
10201;31;623081846;10201;409;11327;11424;5.23;0.32;295.96;10.15;1126;33;3915.00;97
10203;31;623081858;10203;412;11328;11424;5.28;0.32;295.99;10.15;1125;33;3916.00;96
10205;31;623081869;10205;406;11334;11430;5.37;0.33;296.03;10.15;1129;33;3917.00;96
10208;31;623081883;10208;399;11335;11430;5.44;0.33;296.06;10.15;1127;33;3918.00;95
10212;31;623081896;10212;392;11336;11431;5.46;0.33;296.14;10.16;1124;33;3919.00;95
10215;31;623081908;10215;393;11336;11431;5.52;0.34;296.17;10.16;1121;33;3920.00;95
10219;31;623081920;10219;382;11337;11431;5.58;0.34;296.25;10.17;1118;33;3921.00;94
10223;31;623081933;10223;379;11338;11431;5.59;0.34;296.30;10.18;1115;33;3922.00;93
10224;31;623081945;10224;371;11339;11431;5.67;0.35;296.30;10.19;1115;33;3923.00;92
10227;31;623081957;10227;370;11348;11443;5.75;0.35;296.37;10.18;1121;33;3924.00;95
10231;31;623081977;10231;367;11351;11443;5.81;0.36;296.37;10.18;1120;33;3925.00;92
10234;31;623081989;10234;365;11352;11443;5.89;0.36;296.37;10.18;1118;33;3926.00;91
10239;31;623082002;10239;362;11352;11443;5.85;0.36;296.39;10.18;1113;33;3927.00;91
10243;31;623082014;10243;359;11352;11443;5.88;0.36;296.42;10.18;1109;33;3928.00;91
10247;31;623082026;10247;367;11352;11443;5.87;0.36;296.38;10.18;1105;33;3929.00;91
10251;31;623082046;10251;360;11358;11447;5.83;0.35;296.41;10.27;1107;33;3930.00;89
10256;31;623082059;10256;355;11358;11447;5.83;0.35;296.49;10.27;1102;33;3931.00;89
10258;31;623082072;10258;363;11362;11451;5.90;0.36;296.50;10.27;1104;33;3932.00;89
10260;31;623082086;10260;361;11363;11452;5.92;0.36;296.54;10.27;1103;33;3933.00;89
10264;31;623082100;10264;366;11363;11452;5.90;0.36;296.64;10.27;1099;33;3934.00;89
10269;31;623082114;10269;362;11363;11452;5.86;0.36;296.70;10.27;1094;33;3935.00;89
10274;31;623082126;10274;360;11373;11465;5.88;0.36;296.75;10.26;1099;33;3936.00;92
10279;31;623082140;10279;363;11374;11465;5.82;0.35;296.78;10.26;1095;33;3937.00;91
10286;31;623082153;10286;360;11374;11465;5.81;0.35;296.87;10.26;1088;33;3938.00;91
10290;31;623082168;10290;375;11375;11466;5.86;0.36;296.89;10.25;1085;33;3939.00;91
10292;31;623082181;10292;373;11375;11467;5.89;0.36;296.92;10.25;1083;33;3940.00;92
10295;31;623082193;10295;370;11375;11467;5.93;0.36;296.99;10.25;1080;33;3941.00;92
10300;31;623082205;10300;374;11377;11470;5.96;0.36;297.02;10.25;1077;33;3942.00;93
10306;31;623082223;10306;379;11377;11470;5.88;0.36;297.06;10.25;1071;33;3943.00;93
10307;31;623082243;10307;372;11378;11470;5.90;0.36;297.04;10.25;1071;33;3944.00;92
10313;32;623082263;10313;374;11379;11470;5.80;0.35;297.08;10.34;1066;34;3945.00;91
10316;32;623082302;10316;373;11384;11476;5.84;0.36;297.12;10.34;1068;34;3946.00;92
10319;32;623082321;10319;383;11384;11476;5.79;0.35;297.14;10.34;1065;34;3947.00;92
10325;32;623082337;10325;376;11384;11476;5.74;0.35;297.16;10.34;1059;34;3948.00;92
10329;32;623082352;10329;378;11384;11476;5.65;0.34;297.23;10.34;1055;34;3949.00;92
10332;32;623082366;10332;373;11387;11480;5.68;0.35;297.26;10.34;1055;34;3950.00;93
10335;32;623082385;10335;370;11388;11481;5.64;0.34;297.37;10.34;1053;34;3951.00;93
10340;32;623082398;10340;376;11388;11481;5.61;0.34;297.46;10.34;1048;34;3952.00;93
10341;32;623082411;10341;377;11389;11482;5.62;0.34;297.50;10.34;1048;34;3953.00;93
10344;32;623082424;10344;372;11389;11482;5.55;0.34;297.60;10.34;1045;34;3954.00;93
10347;32;623082436;10347;373;11389;11482;5.50;0.33;297.58;10.34;1042;34;3955.00;93
10351;32;623082450;10351;366;11389;11482;5.45;0.33;297.67;10.34;1038;34;3956.00;93
10358;32;623082462;10358;358;11389;11482;5.43;0.33;297.65;10.34;1031;34;3957.00;93
10359;32;623082476;10359;355;11389;11482;5.43;0.33;297.66;10.34;1030;34;3958.00;93
10364;32;623082488;10364;347;11390;11482;5.39;0.33;297.71;10.43;1026;34;3959.00;92
10366;32;623082501;10366;360;11460;11607;5.56;0.34;297.76;10.37;1094;34;3960.00;147
10369;32;623082524;10369;346;11462;11608;5.62;0.35;297.82;10.37;1093;34;3961.00;146
10373;32;623082537;10373;344;11468;11608;5.75;0.35;297.85;10.36;1095;34;3962.00;140
10376;32;623082550;10376;347;11468;11608;5.85;0.36;297.90;10.36;1092;34;3963.00;140
10377;32;623082571;10377;346;11474;11608;6.00;0.37;297.92;10.36;1097;34;3964.00;134
10377;32;623082597;10377;348;11474;11608;6.05;0.37;297.92;10.36;1097;34;3965.00;134
10381;32;623082610;10381;337;11479;11608;6.10;0.37;297.92;10.36;1098;34;3966.00;129
10382;32;623082624;10382;332;11483;11608;6.19;0.38;297.94;10.35;1101;34;3967.00;125
10383;32;623082639;10383;328;11489;11609;6.24;0.38;297.95;10.35;1106;34;3968.00;120
10385;32;623082652;10385;328;11492;11610;6.17;0.38;298.01;10.35;1107;34;3969.00;118
10386;32;623082666;10386;330;11496;11610;6.12;0.37;298.02;10.35;1110;34;3970.00;114
10386;32;623082681;10386;337;11500;11614;6.09;0.37;298.02;10.35;1114;34;3971.00;114
10388;32;623082695;10388;348;11500;11614;6.04;0.37;298.08;10.35;1112;34;3972.00;114
10395;32;623082715;10395;361;11500;11614;6.03;0.37;298.21;10.35;1105;34;3973.00;114
10396;32;623082730;10396;361;11500;11614;6.03;0.37;298.28;10.35;1104;34;3974.00;114
10400;33;623082744;10400;368;11504;11620;6.01;0.37;298.25;10.35;1104;35;3975.00;116
10401;33;623082773;10401;372;11504;11620;6.01;0.37;298.28;10.35;1103;35;3976.00;116
10403;33;623082788;10403;381;11504;11620;6.02;0.37;298.26;10.35;1101;35;3977.00;116
10403;33;623082803;10403;380;11505;11623;6.08;0.37;298.26;10.34;1102;35;3978.00;118
10406;33;623082816;10406;379;11506;11623;6.03;0.37;298.33;10.34;1100;35;3979.00;117
10410;33;623082830;10410;379;11506;11623;6.02;0.37;298.40;10.34;1096;35;3980.00;117
10411;33;623082844;10411;375;11507;11624;6.01;0.37;298.43;10.34;1096;35;3981.00;117
10414;33;623082857;10414;373;11508;11625;6.04;0.37;298.51;10.34;1094;35;3982.00;117
10415;33;623082871;10415;368;11509;11625;6.05;0.37;298.57;10.44;1094;35;3983.00;116
10420;33;623082884;10420;372;11519;11638;6.06;0.37;298.68;10.43;1099;35;3984.00;119
10421;33;623082900;10421;371;11519;11638;6.10;0.37;298.66;10.43;1098;35;3985.00;119
10424;33;623082915;10424;380;11520;11638;6.15;0.37;298.69;10.43;1096;35;3986.00;118
10425;33;623082928;10425;376;11520;11639;6.19;0.38;298.67;10.43;1095;35;3987.00;119
10427;33;623082941;10427;374;11521;11639;6.20;0.38;298.67;10.43;1094;35;3988.00;118
10429;33;623082955;10429;369;11525;11643;6.20;0.38;298.70;10.42;1096;35;3989.00;118
10432;33;623082972;10432;360;11525;11643;6.21;0.38;298.70;10.42;1093;35;3990.00;118
10435;33;623082986;10435;355;11528;11647;6.19;0.38;298.78;10.42;1093;35;3991.00;119
10437;33;623083005;10437;348;11528;11647;6.20;0.38;298.78;10.42;1091;35;3992.00;119
10438;33;623083020;10438;354;11529;11647;6.22;0.38;298.76;10.42;1091;35;3993.00;118
10440;33;623083033;10440;360;11529;11647;6.22;0.38;298.73;10.42;1089;35;3994.00;118
10441;33;623083046;10441;373;11529;11647;6.27;0.38;298.71;10.42;1088;35;3995.00;118
10447;33;623083059;10447;373;11540;11659;6.25;0.38;298.78;10.41;1093;35;3996.00;119
10449;33;623083073;10449;373;11540;11659;6.25;0.38;298.78;10.41;1091;35;3997.00;119
10450;33;623083085;10450;375;11540;11659;6.26;0.38;298.76;10.41;1090;35;3998.00;119
10451;33;623083099;10451;376;11540;11659;6.30;0.39;298.79;10.41;1089;35;3999.00;119
10452;33;623083116;10452;379;11540;11659;6.36;0.39;298.76;10.41;1088;35;4000.00;119
10453;33;623083135;10453;378;11540;11659;6.40;0.39;298.77;10.41;1087;35;4001.00;119
10454;33;623083148;10454;374;11540;11660;6.46;0.40;298.75;10.41;1086;35;4002.00;120
10456;33;623083161;10456;373;11540;11660;6.47;0.40;298.71;10.41;1084;35;4003.00;120
10458;33;623083174;10458;368;11545;11666;6.53;0.40;298.71;10.41;1087;35;4004.00;121
10461;33;623083188;10461;369;11547;11668;6.56;0.40;298.74;10.41;1086;35;4005.00;121
10464;33;623083201;10464;369;11547;11668;6.58;0.40;298.71;10.41;1083;35;4006.00;121
10465;33;623083216;10465;367;11547;11668;6.55;0.40;298.72;10.41;1082;35;4007.00;121
10468;33;623083229;10468;374;11550;11672;6.52;0.40;298.70;10.40;1082;35;4008.00;122
10469;33;623083243;10469;376;11550;11672;6.53;0.40;298.69;10.40;1081;35;4009.00;122
10472;33;623083257;10472;364;11550;11672;6.51;0.40;298.66;10.40;1078;35;4010.00;122
10475;33;623083271;10475;360;11551;11673;6.46;0.39;298.71;10.40;1076;35;4011.00;122
10477;33;623083282;10477;361;11554;11677;6.40;0.39;298.66;10.40;1077;35;4012.00;123
10481;33;623083295;10481;357;11554;11677;6.31;0.38;298.73;10.40;1073;35;4013.00;123
10483;33;623083306;10483;361;11557;11680;6.26;0.38;298.72;10.42;1074;35;4014.00;123
10486;33;623083320;10486;360;11557;11680;6.23;0.38;298.73;10.42;1071;35;4015.00;123
10489;33;623083334;10489;359;11559;11680;6.21;0.38;298.73;10.43;1070;35;4016.00;121
10492;33;623083350;10492;368;11559;11680;6.16;0.38;298.72;10.43;1067;35;4017.00;121
10492;33;623083362;10492;374;11563;11684;6.20;0.38;298.72;10.43;1071;35;4018.00;121
10497;33;623083374;10497;354;11563;11684;6.21;0.38;298.69;10.43;1066;35;4019.00;121
10500;33;623083389;10500;344;11563;11684;6.25;0.38;298.69;10.43;1063;35;4020.00;121
10502;33;623083401;10502;339;11563;11684;6.32;0.39;298.70;10.43;1061;35;4021.00;121
10503;33;623083413;10503;334;11563;11685;6.41;0.39;298.72;10.43;1060;35;4022.00;122
10508;33;623083424;10508;333;11564;11686;6.44;0.39;298.67;10.43;1056;35;4023.00;122
10510;33;623083437;10510;326;11564;11686;6.46;0.39;298.66;10.43;1054;35;4024.00;122
10513;33;623083448;10513;319;11566;11687;6.42;0.39;298.62;10.44;1053;35;4025.00;121
10514;33;623083460;10514;317;11566;11687;6.45;0.39;298.62;10.44;1052;35;4026.00;121
10515;33;623083472;10515;319;11566;11687;6.48;0.39;298.61;10.44;1051;35;4027.00;121
10518;35;623083484;10518;319;11566;11687;6.47;0.39;298.62;10.44;1048;37;4028.00;121
10519;35;623083512;10519;315;11566;11687;6.50;0.40;298.60;10.44;1047;37;4029.00;121
10521;35;623083524;10521;316;11566;11687;6.52;0.40;298.63;10.44;1045;37;4030.00;121
10522;35;623083535;10522;318;11566;11687;6.54;0.40;298.63;10.44;1044;37;4031.00;121
10527;35;623083547;10527;327;11636;11814;6.81;0.42;298.63;10.38;1109;37;4032.00;178
10530;35;623083573;10530;319;11638;11815;6.83;0.42;298.64;10.38;1108;37;4033.00;177
10532;35;623083586;10532;310;11646;11815;6.86;0.42;298.64;10.38;1114;37;4034.00;169
10533;36;623083599;10533;308;11647;11815;6.87;0.42;298.65;10.38;1114;38;4035.00;168
10533;36;623083623;10533;300;11653;11815;6.93;0.43;298.65;10.38;1120;38;4036.00;162
10534;36;623083641;10534;293;11655;11815;6.91;0.43;298.65;10.38;1121;38;4037.00;160
10534;36;623083659;10534;299;11658;11815;6.91;0.43;298.65;10.38;1124;38;4038.00;157
10535;36;623083671;10535;303;11659;11815;6.86;0.42;298.66;10.38;1124;38;4039.00;156
10539;36;623083683;10539;310;11662;11816;6.83;0.42;298.73;10.38;1123;38;4040.00;154
10543;36;623083701;10543;309;11667;11817;6.78;0.42;298.81;10.40;1124;38;4041.00;150
10544;36;623083714;10544;312;11672;11817;6.76;0.42;298.84;10.40;1128;38;4042.00;145
10546;36;623083726;10546;316;11676;11818;6.68;0.41;298.86;10.41;1130;38;4043.00;142
10550;36;623083738;10550;320;11680;11818;6.63;0.41;298.95;10.43;1130;38;4044.00;138
10552;36;623083751;10552;326;11682;11818;6.57;0.40;298.94;10.43;1130;38;4045.00;136
10555;36;623083763;10555;331;11686;11818;6.50;0.40;298.90;10.44;1131;38;4046.00;132
10557;36;623083775;10557;337;11692;11822;6.47;0.40;298.93;10.45;1135;38;4047.00;130
10561;36;623083788;10561;346;11694;11822;6.38;0.39;298.94;10.45;1133;38;4048.00;128
10565;36;623083800;10565;350;11696;11822;6.31;0.39;298.97;10.47;1131;38;4049.00;126
10567;36;623083819;10567;361;11701;11828;6.27;0.39;298.99;10.47;1134;38;4050.00;127
10570;36;623083838;10570;368;11701;11828;6.15;0.38;299.12;10.47;1131;38;4051.00;127
10575;36;623083856;10575;377;11705;11828;6.06;0.37;299.25;10.49;1130;38;4052.00;123
10576;36;623083875;10576;390;11708;11832;5.97;0.37;299.31;10.49;1132;38;4053.00;124
10578;36;623083888;10578;395;11711;11833;5.92;0.36;299.31;10.51;1133;38;4054.00;122
10583;36;623083900;10583;399;11713;11833;5.85;0.36;299.37;10.53;1130;38;4055.00;120
10585;36;623083912;10585;399;11719;11837;5.83;0.36;299.39;10.55;1134;38;4056.00;118
10587;36;623083925;10587;408;11719;11837;5.81;0.36;299.40;10.55;1132;38;4057.00;118
10587;36;623083940;10587;411;11721;11837;5.80;0.36;299.40;10.58;1134;38;4058.00;116
10588;36;623083954;10588;413;11722;11838;5.77;0.35;299.42;10.58;1134;38;4059.00;116
10589;36;623083969;10589;409;11724;11838;5.76;0.35;299.43;10.61;1135;38;4060.00;114
10592;36;623083985;10592;407;11729;11844;5.76;0.35;299.42;10.61;1137;38;4061.00;115
10596;36;623084000;10596;408;11730;11844;5.74;0.35;299.51;10.62;1134;38;4062.00;114
10596;36;623084015;10596;404;11731;11845;5.73;0.35;299.51;10.64;1135;38;4063.00;114
10597;36;623084037;10597;408;11731;11845;5.71;0.35;299.56;10.64;1134;38;4064.00;114
10598;36;623084051;10598;401;11733;11845;5.74;0.35;299.54;10.66;1135;38;4065.00;112
10601;36;623084065;10601;403;11733;11845;5.76;0.35;299.58;10.66;1132;38;4066.00;112
10604;36;623084079;10604;405;11734;11845;5.71;0.35;299.62;10.68;1130;38;4067.00;111
10610;36;623084094;10610;406;11746;11857;5.71;0.35;299.67;10.68;1136;38;4068.00;111
10613;36;623084109;10613;408;11746;11857;5.73;0.35;299.73;10.68;1133;38;4069.00;111
10614;36;623084124;10614;412;11748;11857;5.72;0.35;299.73;10.70;1134;38;4070.00;109
10618;36;623084138;10618;408;11748;11857;5.69;0.35;299.75;10.70;1130;38;4071.00;109
10620;36;623084154;10620;408;11748;11857;5.67;0.35;299.74;10.70;1128;38;4072.00;109
10623;36;623084169;10623;413;11750;11857;5.63;0.35;299.73;10.73;1127;38;4073.00;107
10627;36;623084184;10627;413;11753;11861;5.55;0.34;299.76;10.72;1126;38;4074.00;108
10630;36;623084200;10630;410;11755;11861;5.47;0.34;299.81;10.75;1125;38;4075.00;106
10634;36;623084216;10634;409;11759;11865;5.42;0.33;299.83;10.74;1125;38;4076.00;106
10635;36;623084236;10635;413;11760;11866;5.38;0.33;299.83;10.74;1125;38;4077.00;106
10640;36;623084271;10640;417;11762;11866;5.30;0.32;299.81;10.76;1122;38;4078.00;104
10642;36;623084287;10642;419;11762;11866;5.27;0.32;299.84;10.76;1120;38;4079.00;104
10649;36;623084308;10649;419;11785;11895;5.22;0.32;299.98;10.76;1136;38;4080.00;110
10653;36;623084332;10653;410;11786;11895;5.19;0.32;299.97;10.76;1133;38;4081.00;109
10658;36;623084353;10658;408;11788;11895;5.18;0.32;300.06;10.76;1130;38;4082.00;107
10661;36;623084370;10661;406;11792;11896;5.22;0.32;300.08;10.78;1131;38;4083.00;104
10667;36;623084386;10667;410;11792;11897;5.19;0.32;300.14;10.78;1125;38;4084.00;105
10670;36;623084402;10670;409;11794;11897;5.17;0.32;300.21;10.79;1124;38;4085.00;103
10672;36;623084418;10672;412;11797;11900;5.21;0.32;300.21;10.79;1125;38;4086.00;103
10676;36;623084435;10676;413;11798;11900;5.23;0.32;300.24;10.80;1122;38;4087.00;102
10678;36;623084450;10678;408;11798;11900;5.27;0.32;300.25;10.80;1120;38;4088.00;102
10681;36;623084469;10681;406;11799;11900;5.31;0.33;300.27;10.80;1118;38;4089.00;101
10682;36;623084484;10682;396;11804;11906;5.40;0.33;300.27;10.80;1122;38;4090.00;102
10687;36;623084500;10687;391;11804;11906;5.38;0.33;300.37;10.80;1117;38;4091.00;102
10692;36;623084516;10692;389;11804;11906;5.37;0.33;300.41;10.80;1112;38;4092.00;102
10696;36;623084532;10696;390;11804;11906;5.43;0.33;300.40;10.80;1108;38;4093.00;102
10700;36;623084547;10700;388;11807;11910;5.47;0.34;300.47;10.80;1107;38;4094.00;103
10704;36;623084564;10704;384;11809;11912;5.54;0.34;300.57;10.80;1105;38;4095.00;103
10708;36;623084579;10708;386;11809;11912;5.57;0.34;300.68;10.80;1101;38;4096.00;103
10711;36;623084595;10711;385;11810;11913;5.60;0.34;300.73;10.80;1099;38;4097.00;103
10715;36;623084610;10715;384;11810;11913;5.63;0.34;300.82;10.80;1095;38;4098.00;103
10720;36;623084625;10720;382;11810;11913;5.65;0.35;300.89;10.80;1090;38;4099.00;103
10722;36;623084641;10722;382;11810;11913;5.75;0.35;300.92;10.80;1088;38;4100.00;103
10728;36;623084661;10728;382;11810;11913;5.81;0.35;300.99;10.80;1082;38;4101.00;103
10733;36;623084678;10733;377;11810;11913;5.83;0.36;301.00;10.80;1077;38;4102.00;103
10736;36;623084694;10736;380;11810;11913;5.85;0.36;301.06;10.80;1074;38;4103.00;103
10743;36;623084711;10743;384;11847;11983;5.90;0.36;301.13;10.76;1104;38;4104.00;136
10748;36;623084733;10748;381;11848;11984;5.87;0.36;301.16;10.76;1100;38;4105.00;136
10752;36;623084751;10752;378;11854;11984;5.93;0.36;301.14;10.76;1102;38;4106.00;130
10756;36;623084767;10756;381;11854;11984;5.97;0.36;301.18;10.76;1098;38;4107.00;130
10757;36;623084781;10757;382;11857;11984;6.02;0.37;301.23;10.75;1100;38;4108.00;127
10763;36;623084796;10763;386;11858;11984;6.03;0.37;301.27;10.75;1095;38;4109.00;126
10765;36;623084814;10765;378;11860;11984;6.09;0.37;301.33;10.75;1095;38;4110.00;124
10769;36;623084828;10769;377;11862;11984;6.07;0.37;301.40;10.75;1093;38;4111.00;122
10774;36;623084845;10774;377;11863;11985;6.05;0.37;301.41;10.75;1089;38;4112.00;122
10781;36;623084861;10781;373;11865;11986;5.94;0.36;301.59;10.75;1084;38;4113.00;121
10784;36;623084877;10784;374;11866;11986;5.91;0.36;301.59;10.75;1082;38;4114.00;120
10788;36;623084893;10788;378;11871;11990;5.89;0.36;301.69;10.75;1083;38;4115.00;119
10790;36;623084908;10790;371;11874;11990;5.91;0.36;301.71;10.75;1084;38;4116.00;116
10800;36;623084924;10800;367;11876;11990;5.84;0.36;301.65;10.75;1076;38;4117.00;114
10804;36;623084940;10804;367;11877;11990;5.89;0.36;301.76;10.75;1073;38;4118.00;113
10806;36;623084956;10806;371;11882;11996;5.94;0.36;301.75;10.75;1076;38;4119.00;114
10812;36;623084973;10812;369;11882;11996;5.89;0.36;301.85;10.75;1070;38;4120.00;114
10819;36;623084990;10819;366;11883;11996;5.87;0.36;301.80;10.75;1064;38;4121.00;113
10823;36;623085010;10823;369;11885;11999;5.87;0.36;301.95;10.74;1062;38;4122.00;114
10827;36;623085027;10827;375;11887;11999;5.84;0.35;301.97;10.84;1060;38;4123.00;112
10830;36;623085045;10830;376;11889;11999;5.85;0.36;301.97;10.84;1059;38;4124.00;110
10837;36;623085063;10837;374;11889;12000;5.76;0.35;302.06;10.84;1052;38;4125.00;111
10840;36;623085080;10840;378;11890;12001;5.71;0.35;302.06;10.84;1050;38;4126.00;111
10844;36;623085096;10844;374;11891;12001;5.68;0.35;302.06;10.84;1047;38;4127.00;110
10851;36;623085114;10851;377;11901;12014;5.67;0.34;302.11;10.83;1050;38;4128.00;113
10853;36;623085133;10853;374;11902;12014;5.71;0.35;302.10;10.83;1049;38;4129.00;112
10855;36;623085149;10855;379;11902;12014;5.72;0.35;302.10;10.83;1047;38;4130.00;112
10858;36;623085167;10858;373;11903;12015;5.71;0.35;302.11;10.83;1045;38;4131.00;112
10859;36;623085186;10859;375;11903;12015;5.70;0.35;302.12;10.83;1044;38;4132.00;112
10861;36;623085202;10861;378;11907;12019;5.71;0.35;302.21;10.83;1046;38;4133.00;112
10861;36;623085227;10861;378;11907;12019;5.76;0.35;302.21;10.83;1046;38;4134.00;112
10862;36;623085242;10862;384;11910;12023;5.71;0.35;302.19;10.83;1048;38;4135.00;113
10864;36;623085267;10864;373;11910;12023;5.69;0.35;302.18;10.83;1046;38;4136.00;113
10865;36;623085280;10865;372;11910;12023;5.70;0.35;302.17;10.83;1045;38;4137.00;113
10866;36;623085294;10866;372;11910;12023;5.69;0.35;302.18;10.83;1044;38;4138.00;113
10868;36;623085310;10868;370;11910;12023;5.65;0.34;302.25;10.83;1042;38;4139.00;113
10869;36;623085325;10869;374;11936;12057;5.73;0.35;302.24;10.80;1067;38;4140.00;121
10872;36;623085341;10872;376;11936;12057;5.73;0.35;302.30;10.80;1064;38;4141.00;121
10875;36;623085356;10875;376;11938;12057;5.74;0.35;302.29;10.80;1063;38;4142.00;119
10879;36;623085370;10879;380;11938;12057;5.76;0.35;302.26;10.80;1059;38;4143.00;119
10883;36;623085383;10883;383;11939;12057;5.83;0.36;302.29;10.80;1056;38;4144.00;118
10886;36;623085397;10886;380;11939;12057;5.86;0.36;302.23;10.80;1053;38;4145.00;118
10888;36;623085412;10888;378;11939;12058;5.86;0.36;302.24;10.80;1051;38;4146.00;119
10890;36;623085426;10890;381;11939;12058;5.90;0.36;302.24;10.80;1049;38;4147.00;119
10891;36;623085441;10891;388;11944;12064;5.97;0.36;302.24;10.80;1053;38;4148.00;120
10893;36;623085454;10893;384;11945;12065;6.01;0.37;302.26;10.79;1052;38;4149.00;120
10895;36;623085471;10895;382;11945;12065;6.05;0.37;302.23;10.79;1050;38;4150.00;120
10895;36;623085488;10895;380;11945;12065;6.06;0.37;302.23;10.79;1050;38;4151.00;120
10896;36;623085501;10896;378;11948;12069;6.07;0.37;302.24;10.79;1052;38;4152.00;121
10898;36;623085515;10898;379;11949;12069;6.03;0.37;302.19;10.89;1051;38;4153.00;120
10899;36;623085530;10899;377;11949;12069;5.98;0.36;302.21;10.89;1050;38;4154.00;120
10902;36;623085543;10902;376;11950;12070;5.96;0.36;302.18;10.88;1048;38;4155.00;120
10903;36;623085557;10903;380;11953;12074;5.96;0.36;302.18;10.88;1050;38;4156.00;121
10905;36;623085571;10905;374;11953;12074;5.91;0.36;302.21;10.88;1048;38;4157.00;121
10907;36;623085584;10907;378;11955;12077;5.95;0.36;302.16;10.88;1048;38;4158.00;122
10909;36;623085598;10909;387;11955;12077;5.96;0.36;302.19;10.88;1046;38;4159.00;122
10909;36;623085611;10909;387;11956;12077;6.01;0.36;302.19;10.88;1047;38;4160.00;121
10910;36;623085625;10910;383;11956;12077;6.01;0.36;302.21;10.88;1046;38;4161.00;121
10910;36;623085639;10910;382;11960;12081;6.07;0.37;302.21;10.88;1050;38;4162.00;121
10911;36;623085659;10911;384;11960;12081;6.08;0.37;302.23;10.88;1049;38;4163.00;121
10912;36;623085672;10912;376;11960;12081;6.06;0.37;302.24;10.88;1048;38;4164.00;121
10914;36;623085687;10914;363;11960;12081;6.05;0.37;302.24;10.88;1046;38;4165.00;121
10914;36;623085706;10914;361;11960;12082;6.04;0.37;302.24;10.88;1046;38;4166.00;122
10915;36;623085720;10915;366;11961;12083;5.99;0.36;302.27;10.88;1046;38;4167.00;122
10916;36;623085734;10916;374;11961;12083;5.93;0.36;302.29;10.88;1045;38;4168.00;122
10916;36;623085751;10916;377;11962;12084;5.94;0.36;302.29;10.87;1046;38;4169.00;122
10918;36;623085766;10918;372;11962;12084;5.93;0.36;302.28;10.87;1044;38;4170.00;122
10919;36;623085779;10919;360;11962;12084;5.96;0.36;302.28;10.87;1043;38;4171.00;122
10920;36;623085792;10920;352;11962;12084;6.03;0.37;302.28;10.87;1042;38;4172.00;122
10921;36;623085805;10921;345;11964;12086;6.10;0.37;302.31;10.87;1043;38;4173.00;122
10922;36;623085819;10922;333;11964;12086;6.18;0.38;302.29;10.87;1042;38;4174.00;122
10922;36;623085832;10922;329;11964;12086;6.25;0.38;302.29;10.87;1042;38;4175.00;122
10925;36;623085845;10925;348;12031;12213;6.38;0.39;302.28;10.81;1106;38;4176.00;182
10928;36;623085870;10928;333;12033;12214;6.45;0.40;302.25;10.91;1105;38;4177.00;181
10930;36;623085886;10930;326;12039;12214;6.53;0.40;302.28;10.90;1109;38;4178.00;175
10932;36;623085902;10932;319;12040;12214;6.62;0.41;302.29;10.90;1108;38;4179.00;174
10934;36;623085917;10934;314;12046;12214;6.70;0.41;302.33;10.90;1112;38;4180.00;168
10935;36;623085933;10935;310;12050;12214;6.75;0.41;302.32;10.90;1115;38;4181.00;164
10938;36;623085946;10938;303;12053;12214;6.82;0.42;302.32;10.90;1115;38;4182.00;161
10940;36;623085961;10940;298;12057;12214;6.84;0.42;302.32;10.89;1117;38;4183.00;157
10942;36;623085985;10942;296;12059;12215;6.94;0.42;302.30;10.89;1117;38;4184.00;156
10942;36;623086000;10942;294;12066;12217;6.95;0.43;302.30;10.92;1124;38;4185.00;151
10943;36;623086022;10943;285;12070;12217;7.01;0.43;302.29;10.92;1127;38;4186.00;147
10945;36;623086037;10945;278;12071;12218;7.00;0.43;302.30;10.92;1126;38;4187.00;147
10948;36;623086052;10948;281;12073;12218;6.97;0.43;302.28;10.92;1125;38;4188.00;145
10949;36;623086067;10949;282;12074;12218;7.00;0.43;302.27;10.92;1125;38;4189.00;144
10951;36;623086089;10951;283;12076;12218;7.02;0.43;302.25;10.92;1125;38;4190.00;142
10951;36;623086105;10951;284;12080;12222;7.05;0.43;302.25;10.92;1129;38;4191.00;142
10953;36;623086121;10953;283;12083;12222;7.04;0.43;302.22;10.92;1130;38;4192.00;139
10955;36;623086137;10955;286;12084;12222;7.05;0.43;302.28;10.92;1129;38;4193.00;138
10961;36;623086151;10961;289;12086;12225;7.04;0.43;302.28;10.92;1125;38;4194.00;139
10965;36;623086168;10965;290;12089;12225;7.10;0.43;302.30;11.01;1124;38;4195.00;136
10968;36;623086183;10968;291;12089;12225;7.17;0.44;302.30;11.01;1121;38;4196.00;136
10975;36;623086200;10975;296;12093;12229;7.13;0.43;302.24;11.01;1118;38;4197.00;136
10978;36;623086225;10978;291;12094;12230;7.16;0.44;302.34;11.01;1116;38;4198.00;136
10979;36;623086248;10979;289;12094;12230;7.13;0.43;302.31;11.01;1115;38;4199.00;136
10982;36;623086280;10982;295;12105;12264;7.09;0.43;302.34;11.00;1123;38;4200.00;159
10983;36;623086316;10983;292;12109;12264;7.09;0.43;302.36;11.00;1126;38;4201.00;155
10985;36;623086339;10985;287;12110;12264;7.13;0.43;302.35;11.00;1125;38;4202.00;154
10986;36;623086359;10986;290;12114;12265;7.10;0.43;302.37;11.10;1128;38;4203.00;151
10991;36;623086378;10991;290;12114;12265;7.09;0.43;302.44;11.10;1123;38;4204.00;151
10994;36;623086396;10994;294;12117;12271;7.10;0.43;302.49;11.09;1123;38;4205.00;154
10996;36;623086415;10996;305;12121;12271;7.00;0.42;302.51;11.09;1125;38;4206.00;150
10998;36;623086433;10998;305;12122;12272;6.95;0.42;302.49;11.09;1124;38;4207.00;150
10999;36;623086449;10999;314;12123;12272;6.90;0.42;302.53;11.09;1124;38;4208.00;149
11001;36;623086465;11001;316;12123;12272;6.92;0.42;302.58;11.09;1122;38;4209.00;149
11003;36;623086482;11003;321;12124;12272;6.89;0.42;302.57;11.11;1121;38;4210.00;148
11004;36;623086498;11004;329;12125;12272;6.83;0.42;302.59;11.12;1121;38;4211.00;147
11005;36;623086514;11005;341;12138;12284;6.82;0.42;302.59;11.13;1133;38;4212.00;146
11006;36;623086531;11006;346;12139;12284;6.79;0.41;302.60;11.15;1133;38;4213.00;145
11012;36;623086557;11012;350;12141;12284;6.72;0.41;302.58;11.15;1129;38;4214.00;143
11013;36;623086574;11013;357;12142;12284;6.71;0.41;302.59;11.16;1129;38;4215.00;142
11014;36;623086591;11014;364;12143;12284;6.67;0.41;302.58;11.17;1129;38;4216.00;141
11016;36;623086608;11016;355;12146;12284;6.60;0.40;302.64;11.20;1130;38;4217.00;138
11018;36;623086627;11018;363;12150;12288;6.58;0.40;302.68;11.20;1132;38;4218.00;138
11018;36;623086644;11018;365;12151;12288;6.59;0.40;302.68;11.20;1133;38;4219.00;137
11020;36;623086662;11020;371;12156;12292;6.62;0.40;302.77;11.23;1136;38;4220.00;136
11024;36;623086679;11024;369;12159;12293;6.55;0.40;302.82;11.26;1135;38;4221.00;134
11026;36;623086694;11026;373;12159;12293;6.48;0.40;302.83;11.26;1133;38;4222.00;134
11031;36;623086710;11031;372;12162;12293;6.40;0.39;302.86;11.28;1131;38;4223.00;131
11034;36;623086726;11034;376;12174;12306;6.34;0.39;302.96;11.29;1140;38;4224.00;132
11036;36;623086744;11036;379;12174;12306;6.27;0.38;302.97;11.29;1138;38;4225.00;132
11040;36;623086760;11040;380;12175;12306;6.21;0.38;303.01;11.30;1135;38;4226.00;131
11046;36;623086777;11046;388;12178;12307;6.14;0.38;303.04;11.30;1132;38;4227.00;129
11047;36;623086793;11047;391;12180;12308;6.08;0.37;303.03;11.33;1133;38;4228.00;128
11050;36;623086810;11050;397;12182;12308;6.04;0.37;303.06;11.34;1132;38;4229.00;126
11053;36;623086828;11053;401;12187;12314;6.01;0.37;303.06;11.35;1134;38;4230.00;127
11056;36;623086846;11056;405;12187;12314;6.00;0.37;303.09;11.35;1131;38;4231.00;127
11057;36;623086868;11057;401;12191;12314;6.02;0.37;303.07;11.37;1134;38;4232.00;123
11060;36;623086887;11060;397;12191;12314;6.00;0.37;303.16;11.37;1131;38;4233.00;123
11060;36;623086903;11060;395;12196;12320;6.02;0.37;303.16;11.37;1136;38;4234.00;124
11061;36;623086920;11061;391;12199;12320;5.97;0.37;303.15;11.39;1138;38;4235.00;121
11061;36;623086938;11061;396;12199;12320;5.96;0.36;303.15;11.39;1138;38;4236.00;121
11062;36;623086953;11062;393;12201;12320;5.93;0.36;303.19;11.41;1139;38;4237.00;119
11064;36;623086969;11064;395;12204;12324;5.92;0.36;303.23;11.41;1140;38;4238.00;120
11068;36;623086985;11068;392;12205;12325;5.89;0.36;303.30;11.41;1137;38;4239.00;120
11074;36;623087002;11074;393;12208;12325;5.80;0.35;303.48;11.43;1134;38;4240.00;117
11075;36;623087018;11075;390;12209;12326;5.81;0.36;303.47;11.43;1134;38;4241.00;117
11080;36;623087033;11080;390;12211;12326;5.75;0.35;303.61;11.45;1131;38;4242.00;115
11085;36;623087048;11085;394;12211;12326;5.71;0.35;303.66;11.45;1126;38;4243.00;115
11088;36;623087063;11088;396;12212;12326;5.68;0.35;303.65;11.46;1124;38;4244.00;114
11093;36;623087078;11093;390;12214;12326;5.61;0.34;303.75;11.47;1121;38;4245.00;112
11095;36;623087096;11095;392;12214;12326;5.53;0.34;303.72;11.47;1119;38;4246.00;112
11100;36;623087112;11100;392;12215;12326;5.39;0.33;303.83;11.48;1115;38;4247.00;111
11105;36;623087128;11105;404;12255;12396;5.28;0.33;303.88;11.45;1150;38;4248.00;141
11108;36;623087150;11108;408;12256;12397;5.19;0.32;303.93;11.46;1148;38;4249.00;141
11112;36;623087165;11112;388;12260;12397;5.16;0.32;304.03;11.46;1148;38;4250.00;137
11117;36;623087186;11117;386;12265;12397;5.13;0.32;304.02;11.46;1148;38;4251.00;132
11122;36;623087201;11122;378;12269;12397;5.09;0.31;304.11;11.47;1147;38;4252.00;128
11127;36;623087227;11127;375;12274;12397;5.07;0.31;304.17;11.48;1147;38;4253.00;123
11131;36;623087242;11131;376;12277;12397;5.08;0.31;304.21;11.48;1146;38;4254.00;120
11136;36;623087259;11136;381;12280;12397;5.07;0.31;304.21;11.49;1144;38;4255.00;117
11141;36;623087273;11141;387;12281;12398;5.09;0.31;304.26;11.49;1140;38;4256.00;117
11142;36;623087286;11142;387;12284;12399;5.14;0.32;304.26;11.50;1142;38;4257.00;115
11145;36;623087299;11145;386;12286;12399;5.10;0.31;304.30;11.50;1141;38;4258.00;113
11147;36;623087313;11147;385;12292;12403;5.10;0.31;304.28;11.51;1145;38;4259.00;111
11151;36;623087329;11151;393;12293;12403;5.12;0.31;304.29;11.51;1142;38;4260.00;110
11152;36;623087344;11152;393;12295;12403;5.16;0.32;304.30;11.51;1143;38;4261.00;108
11154;36;623087357;11154;386;12296;12403;5.14;0.32;304.28;11.52;1142;38;4262.00;107
11156;36;623087371;11156;388;12300;12409;5.17;0.32;304.27;11.51;1144;38;4263.00;109
11160;36;623087385;11160;389;12301;12409;5.21;0.32;304.34;11.51;1141;38;4264.00;108
11163;36;623087399;11163;392;12303;12409;5.26;0.32;304.35;11.51;1140;38;4265.00;106
11166;36;623087413;11166;401;12305;12412;5.32;0.33;304.36;11.51;1139;38;4266.00;107
11171;36;623087431;11171;402;12307;12412;5.38;0.33;304.30;11.51;1136;38;4267.00;105
11174;36;623087452;11174;399;12307;12412;5.37;0.33;304.32;11.51;1133;38;4268.00;105
11176;36;623087471;11176;403;12308;12413;5.39;0.33;304.32;11.51;1132;38;4269.00;105
11178;36;623087489;11178;406;12309;12414;5.41;0.33;304.31;11.51;1131;38;4270.00;105
11181;36;623087505;11181;408;12309;12414;5.37;0.33;304.35;11.51;1128;38;4271.00;105
11184;36;623087521;11184;411;12319;12427;5.40;0.33;304.33;11.50;1135;38;4272.00;108
11188;36;623087540;11188;410;12320;12427;5.39;0.33;304.29;11.50;1132;38;4273.00;107
11196;36;623087561;11196;409;12320;12427;5.39;0.33;304.37;11.50;1124;38;4274.00;107
11201;36;623087577;11201;409;12322;12429;5.40;0.33;304.36;11.50;1121;38;4275.00;107
11207;36;623087592;11207;416;12322;12429;5.32;0.32;304.42;11.50;1115;38;4276.00;107
11209;36;623087608;11209;412;12327;12433;5.34;0.32;304.41;11.59;1118;38;4277.00;106
11214;36;623087624;11214;408;12327;12433;5.28;0.32;304.46;11.59;1113;38;4278.00;106
11217;36;623087638;11217;411;12330;12437;5.23;0.32;304.48;11.58;1113;38;4279.00;107
11222;36;623087654;11222;418;12330;12437;5.19;0.32;304.60;11.58;1108;38;4280.00;107
11227;36;623087669;11227;422;12330;12437;5.17;0.31;304.57;11.58;1103;38;4281.00;107
11232;36;623087683;11232;423;12330;12437;5.13;0.31;304.61;11.58;1098;38;4282.00;107
11236;36;623087698;11236;429;12330;12437;5.10;0.31;304.71;11.58;1094;38;4283.00;107
11239;36;623087712;11239;439;12340;12449;5.15;0.31;304.71;11.58;1101;38;4284.00;109
11243;36;623087727;11243;447;12341;12449;5.10;0.31;304.76;11.57;1098;38;4285.00;108
11248;36;623087742;11248;453;12341;12449;5.06;0.31;304.79;11.57;1093;38;4286.00;108
11250;36;623087757;11250;453;12341;12449;5.03;0.30;304.77;11.57;1091;38;4287.00;108
11252;36;623087771;11252;463;12341;12449;4.98;0.30;304.76;11.57;1089;38;4288.00;108
11255;36;623087786;11255;466;12341;12449;4.93;0.30;304.71;11.57;1086;38;4289.00;108
11259;36;623087802;11259;474;12341;12450;4.86;0.29;304.89;11.57;1082;38;4290.00;109
11263;36;623087817;11263;477;12341;12450;4.79;0.29;304.94;11.57;1078;38;4291.00;109
11266;36;623087830;11266;483;12346;12456;4.78;0.29;304.93;11.57;1080;38;4292.00;110
11267;36;623087845;11267;490;12348;12457;4.74;0.29;304.94;11.66;1081;38;4293.00;109
11273;36;623087860;11273;496;12348;12457;4.64;0.28;305.04;11.66;1075;38;4294.00;109
11274;36;623087874;11274;495;12348;12457;4.66;0.28;305.03;11.66;1074;38;4295.00;109
11275;36;623087889;11275;495;12351;12461;4.66;0.28;305.04;11.66;1076;38;4296.00;110
11278;36;623087903;11278;490;12351;12461;4.68;0.28;305.02;11.66;1073;38;4297.00;110
11281;36;623087916;11281;491;12351;12461;4.73;0.29;305.06;11.66;1070;38;4298.00;110
11284;36;623087930;11284;488;12352;12462;4.74;0.29;305.14;11.66;1068;38;4299.00;110
11285;36;623087947;11285;488;12355;12466;4.79;0.29;305.16;11.66;1070;38;4300.00;111
11286;36;623087966;11286;490;12355;12466;4.82;0.29;305.19;11.66;1069;38;4301.00;111
11290;36;623087982;11290;481;12357;12469;4.84;0.29;305.29;11.66;1067;38;4302.00;112
11293;36;623087998;11293;486;12357;12469;4.86;0.30;305.25;11.66;1064;38;4303.00;112
11295;36;623088014;11295;485;12358;12469;4.89;0.30;305.31;11.65;1063;38;4304.00;111
11297;36;623088029;11297;485;12358;12469;4.87;0.30;305.33;11.65;1061;38;4305.00;111
11300;36;623088044;11300;469;12362;12473;4.91;0.30;305.32;11.65;1062;38;4306.00;111
11304;36;623088059;11304;451;12362;12473;4.90;0.30;305.30;11.65;1058;38;4307.00;111
11305;36;623088074;11305;442;12362;12473;4.97;0.30;305.28;11.65;1057;38;4308.00;111
11306;36;623088088;11306;431;12362;12473;5.01;0.31;305.25;11.65;1056;38;4309.00;111
11307;36;623088103;11307;421;12362;12474;5.06;0.31;305.24;11.65;1055;38;4310.00;112
11309;36;623088119;11309;421;12363;12475;5.09;0.31;305.20;11.65;1054;38;4311.00;112
11310;36;623088135;11310;423;12364;12475;5.21;0.32;305.26;11.75;1054;38;4312.00;111
11314;36;623088148;11314;414;12365;12476;5.27;0.32;305.27;11.74;1051;38;4313.00;111
11317;36;623088164;11317;408;12365;12476;5.38;0.33;305.26;11.74;1048;38;4314.00;111
11320;36;623088180;11320;406;12365;12476;5.49;0.33;305.26;11.74;1045;38;4315.00;111
11321;36;623088195;11321;405;12365;12476;5.59;0.34;305.26;11.74;1044;38;4316.00;111
11323;36;623088212;11323;397;12365;12476;5.73;0.35;305.26;11.74;1042;38;4317.00;111
11324;36;623088235;11324;392;12365;12476;5.83;0.36;305.24;11.74;1041;38;4318.00;111
11325;36;623088254;11325;388;12365;12476;5.92;0.36;305.24;11.74;1040;38;4319.00;111
11328;36;623088282;11328;435;12478;12706;6.25;0.39;305.24;11.64;1150;38;4320.00;228
11329;36;623088336;11329;429;12482;12707;6.33;0.40;305.30;11.64;1153;38;4321.00;225
11332;36;623088357;11332;411;12493;12707;6.43;0.40;305.29;11.63;1161;38;4322.00;214
11332;36;623088377;11332;390;12497;12707;6.50;0.41;305.29;11.62;1165;38;4323.00;210
11334;36;623088397;11334;374;12505;12707;6.48;0.40;305.33;11.62;1171;38;4324.00;202
11334;36;623088426;11334;366;12509;12707;6.52;0.40;305.33;11.62;1175;38;4325.00;198
11336;36;623088454;11336;362;12515;12707;6.54;0.41;305.32;11.61;1179;38;4326.00;192
11338;36;623088473;11338;359;12521;12707;6.60;0.41;305.36;11.61;1183;38;4327.00;186
11341;36;623088491;11341;360;12527;12708;6.63;0.41;305.40;11.61;1186;38;4328.00;181
11342;36;623088510;11342;358;12530;12709;6.66;0.41;305.41;11.61;1188;38;4329.00;179
11342;36;623088550;11342;353;12535;12709;6.69;0.41;305.41;11.61;1193;38;4330.00;174
11344;36;623088569;11344;349;12537;12710;6.69;0.41;305.41;11.61;1193;38;4331.00;173
11345;36;623088588;11345;348;12541;12710;6.70;0.41;305.41;11.61;1196;38;4332.00;169
11345;36;623088616;11345;344;12542;12710;6.68;0.41;305.41;11.70;1197;38;4333.00;168
11346;36;623088645;11346;345;12544;12710;6.73;0.41;305.40;11.70;1198;38;4334.00;166
11347;36;623088666;11347;345;12546;12714;6.71;0.41;305.47;11.70;1199;38;4335.00;168
11347;36;623088698;11347;338;12547;12714;6.72;0.41;305.47;11.70;1200;38;4336.00;167
11349;36;623088717;11349;341;12547;12714;6.72;0.41;305.46;11.70;1198;38;4337.00;167
11353;36;623088744;11353;344;12549;12717;6.68;0.41;305.50;11.70;1196;38;4338.00;168
11355;36;623088765;11355;341;12549;12717;6.71;0.41;305.52;11.70;1194;38;4339.00;168
11356;36;623088785;11356;337;12549;12717;6.77;0.41;305.53;11.70;1193;38;4340.00;168
11357;36;623088806;11357;332;12552;12721;6.82;0.42;305.55;11.70;1195;38;4341.00;169
11359;36;623088830;11359;327;12555;12722;6.81;0.42;305.57;11.70;1196;38;4342.00;167
11359;36;623088851;11359;332;12555;12722;6.85;0.42;305.57;11.70;1196;38;4343.00;167
11360;36;623088872;11360;338;12557;12726;6.85;0.42;305.57;11.69;1197;38;4344.00;169
11364;36;623088892;11364;333;12558;12726;6.81;0.41;305.69;11.70;1194;38;4345.00;168
11366;36;623088921;11366;338;12559;12726;6.80;0.41;305.75;11.70;1193;38;4346.00;167
11368;36;623088942;11368;331;12559;12727;6.80;0.41;305.75;11.70;1191;38;4347.00;168
11371;36;623088970;11371;344;12559;12727;6.77;0.41;305.76;11.70;1188;38;4348.00;168
11376;36;623088999;11376;349;12563;12733;6.70;0.41;305.84;11.69;1187;38;4349.00;170
11380;36;623089030;11380;348;12563;12733;6.65;0.40;305.78;11.69;1183;38;4350.00;170
11381;36;623089050;11381;349;12564;12734;6.64;0.40;305.78;11.70;1183;38;4351.00;170
11382;36;623089069;11382;346;12564;12734;6.58;0.40;305.83;11.70;1182;38;4352.00;170
11384;36;623089087;11384;342;12568;12734;6.57;0.40;305.85;11.70;1184;38;4353.00;166
11388;36;623089107;11388;335;12570;12734;6.55;0.40;305.84;11.80;1182;38;4354.00;164
11392;36;623089129;11392;338;12573;12734;6.49;0.39;305.84;11.83;1181;38;4355.00;161
11394;36;623089150;11394;333;12582;12746;6.54;0.40;305.85;11.82;1188;38;4356.00;164
11396;36;623089171;11396;329;12584;12746;6.58;0.40;305.83;11.82;1188;38;4357.00;162
11402;36;623089191;11402;329;12584;12746;6.59;0.40;305.84;11.82;1182;38;4358.00;162
11405;36;623089211;11405;322;12584;12746;6.61;0.40;305.88;11.82;1179;38;4359.00;162
11407;36;623089232;11407;321;12586;12746;6.63;0.40;305.89;11.82;1179;38;4360.00;160
11412;36;623089267;11412;314;12586;12746;6.63;0.40;305.96;11.82;1174;38;4361.00;160
11413;36;623089300;11413;315;12591;12750;6.66;0.41;305.94;11.82;1178;38;4362.00;159
11418;36;623089331;11418;315;12591;12750;6.66;0.41;305.99;11.82;1173;38;4363.00;159
11419;36;623089351;11419;311;12595;12754;6.77;0.41;306.00;11.82;1176;38;4364.00;159
11422;36;623089370;11422;310;12596;12756;6.77;0.41;305.99;11.81;1174;38;4365.00;160
11425;36;623089390;11425;313;12597;12756;6.73;0.41;306.03;11.81;1172;38;4366.00;159
11426;36;623089408;11426;322;12598;12756;6.73;0.41;306.05;11.82;1172;38;4367.00;158
11429;36;623089427;11429;325;12609;12769;6.71;0.41;306.06;11.81;1180;38;4368.00;160
11430;36;623089446;11430;320;12610;12769;6.69;0.41;306.05;11.90;1180;38;4369.00;159
11435;36;623089465;11435;324;12611;12769;6.65;0.40;306.07;11.91;1176;38;4370.00;158
11438;36;623089486;11438;325;12614;12770;6.63;0.40;306.08;11.91;1176;38;4371.00;156
11440;36;623089502;11440;320;12615;12771;6.60;0.40;306.09;11.91;1175;38;4372.00;156
11441;36;623089518;11441;315;12616;12771;6.58;0.40;306.09;11.91;1175;38;4373.00;155
11444;36;623089535;11444;319;12618;12774;6.56;0.40;306.17;11.91;1174;38;4374.00;156
11447;36;623089552;11447;319;12618;12774;6.52;0.40;306.22;11.91;1171;38;4375.00;156
11449;36;623089570;11449;320;12620;12774;6.49;0.40;306.23;11.91;1171;38;4376.00;154
11453;36;623089589;11453;328;12620;12774;6.48;0.39;306.28;11.91;1167;38;4377.00;154
11455;36;623089607;11455;328;12626;12780;6.51;0.40;306.28;11.91;1171;38;4378.00;154
11458;36;623089625;11458;340;12626;12780;6.49;0.40;306.32;11.91;1168;38;4379.00;154
11461;36;623089648;11461;343;12628;12780;6.49;0.40;306.42;11.93;1167;38;4380.00;152
11463;36;623089665;11463;351;12628;12780;6.45;0.39;306.41;11.93;1165;38;4381.00;152
11464;36;623089685;11464;350;12633;12784;6.36;0.39;306.44;11.95;1169;38;4382.00;151
11468;36;623089704;11468;355;12635;12785;6.33;0.39;306.53;11.96;1167;38;4383.00;150
11470;36;623089722;11470;358;12637;12785;6.31;0.39;306.53;11.97;1167;38;4384.00;148
11477;36;623089737;11477;366;12641;12786;6.25;0.38;306.51;12.00;1164;38;4385.00;145
11479;36;623089754;11479;374;12642;12786;6.24;0.38;306.55;12.01;1163;38;4386.00;144
11481;36;623089775;11481;373;12644;12786;6.22;0.38;306.61;12.03;1163;38;4387.00;142
11483;36;623089791;11483;373;12645;12786;6.21;0.38;306.61;12.04;1162;38;4388.00;141
11486;36;623089811;11486;375;12646;12786;6.17;0.38;306.59;12.04;1160;38;4389.00;140
11487;36;623089829;11487;379;12649;12786;6.16;0.38;306.61;12.07;1162;38;4390.00;137
11491;36;623089844;11491;384;12649;12786;6.11;0.37;306.63;12.07;1158;38;4391.00;137
11494;36;623089865;11494;392;12683;12856;6.16;0.38;306.69;12.05;1189;38;4392.00;173
11496;36;623089886;11496;394;12688;12857;6.12;0.38;306.70;12.05;1192;38;4393.00;169
11498;36;623089902;11498;390;12697;12857;6.09;0.37;306.71;12.06;1199;38;4394.00;160
11501;36;623089920;11501;395;12701;12857;6.04;0.37;306.75;12.06;1200;38;4395.00;156
11502;36;623089946;11502;386;12706;12857;6.02;0.37;306.76;12.08;1204;38;4396.00;151
11506;36;623089961;11506;390;12708;12857;5.99;0.37;306.77;12.08;1202;38;4397.00;149
11508;36;623089986;11508;393;12713;12857;5.94;0.36;306.80;12.09;1205;38;4398.00;144
11512;36;623090002;11512;380;12714;12857;5.93;0.36;306.84;12.09;1202;38;4399.00;143
11517;36;623090020;11517;377;12717;12858;5.91;0.36;306.85;12.11;1200;38;4400.00;141
11521;36;623090043;11521;377;12719;12859;5.90;0.36;306.98;12.11;1198;38;4401.00;140
11522;36;623090062;11522;375;12721;12859;5.84;0.36;306.96;12.12;1199;38;4402.00;138
11528;36;623090078;11528;372;12726;12863;5.83;0.36;306.95;12.13;1198;38;4403.00;137
11529;36;623090097;11529;373;12727;12863;5.87;0.36;306.99;12.13;1198;38;4404.00;136
11532;36;623090114;11532;378;12728;12863;5.82;0.36;307.06;12.14;1196;38;4405.00;135
11533;36;623090130;11533;380;12729;12863;5.84;0.36;307.10;12.14;1196;38;4406.00;134
11535;36;623090149;11535;386;12736;12869;5.90;0.36;307.13;12.16;1201;38;4407.00;133
11538;36;623090168;11538;382;12737;12869;5.91;0.36;307.14;12.16;1199;38;4408.00;132
11542;36;623090187;11542;389;12737;12869;5.88;0.36;307.19;12.16;1195;38;4409.00;132
11542;36;623090209;11542;387;12741;12875;5.93;0.36;307.19;12.17;1199;38;4410.00;134
11545;36;623090229;11545;393;12741;12875;5.87;0.36;307.26;12.17;1196;38;4411.00;134
11550;36;623090256;11550;397;12742;12875;5.80;0.35;307.31;12.17;1192;38;4412.00;133
11554;36;623090278;11554;400;12742;12876;5.75;0.35;307.30;12.17;1188;38;4413.00;134
11557;36;623090302;11557;397;12744;12877;5.65;0.34;307.33;12.18;1187;38;4414.00;133
11558;36;623090336;11558;392;12747;12877;5.59;0.34;307.38;12.21;1189;38;4415.00;130
11562;36;623090361;11562;388;12756;12890;5.52;0.34;307.37;12.22;1194;38;4416.00;134
11566;36;623090390;11566;390;12757;12890;5.41;0.33;307.41;12.22;1191;38;4417.00;133
11567;36;623090407;11567;388;12759;12890;5.35;0.33;307.42;12.22;1192;38;4418.00;131
11571;36;623090423;11571;390;12760;12891;5.26;0.32;307.48;12.23;1189;38;4419.00;131
11572;36;623090440;11572;379;12761;12891;5.23;0.32;307.47;12.24;1189;38;4420.00;130
11579;36;623090457;11579;378;12764;12895;5.14;0.31;307.67;12.24;1185;38;4421.00;131
11581;36;623090475;11581;378;12766;12895;5.09;0.31;307.64;12.25;1185;38;4422.00;129
11585;36;623090494;11585;379;12770;12899;5.10;0.31;307.65;12.26;1185;38;4423.00;129
11586;36;623090512;11586;386;12772;12899;5.13;0.32;307.66;12.27;1186;38;4424.00;127
11590;36;623090532;11590;379;12772;12899;5.16;0.32;307.64;12.27;1182;38;4425.00;127
11592;36;623090557;11592;383;12773;12899;5.22;0.32;307.67;12.27;1181;38;4426.00;126
11595;36;623090573;11595;380;12775;12899;5.26;0.32;307.66;12.27;1180;38;4427.00;124
11598;36;623090590;11598;383;12784;12911;5.36;0.33;307.67;12.26;1186;38;4428.00;127
11602;36;623090610;11602;387;12785;12911;5.42;0.33;307.83;12.26;1183;38;4429.00;126
11605;36;623090627;11605;393;12786;12911;5.48;0.34;307.87;12.26;1181;38;4430.00;125
11606;36;623090649;11606;383;12787;12911;5.54;0.34;307.85;12.26;1181;38;4431.00;124
11612;36;623090669;11612;384;12787;12911;5.53;0.34;307.88;12.26;1175;38;4432.00;124
11619;36;623090689;11619;382;12787;12911;5.54;0.34;307.89;12.26;1168;38;4433.00;124
11621;36;623090711;11621;386;12790;12912;5.59;0.34;307.96;12.26;1169;38;4434.00;122
11623;36;623090729;11623;387;12791;12912;5.60;0.34;307.99;12.26;1168;38;4435.00;121
11630;36;623090745;11630;395;12795;12918;5.60;0.34;308.07;12.26;1165;38;4436.00;123
11634;36;623090773;11634;403;12797;12919;5.58;0.34;308.08;12.26;1163;38;4437.00;122
11637;36;623090793;11637;407;12797;12919;5.58;0.34;308.14;12.26;1160;38;4438.00;122
11642;36;623090815;11642;402;12797;12919;5.53;0.34;308.18;12.26;1155;38;4439.00;122
11646;36;623090838;11646;405;12802;12924;5.54;0.34;308.15;12.26;1156;38;4440.00;122
11653;36;623090858;11653;401;12802;12924;5.46;0.33;308.15;12.26;1149;38;4441.00;122
11655;36;623090878;11655;401;12802;12924;5.45;0.33;308.16;12.26;1147;38;4442.00;122
11662;36;623090897;11662;401;12803;12925;5.40;0.33;308.20;12.25;1141;38;4443.00;122
11666;36;623090918;11666;401;12806;12929;5.38;0.33;308.25;12.25;1140;38;4444.00;123
11670;36;623090939;11670;401;12806;12929;5.35;0.33;308.25;12.25;1136;38;4445.00;123
11674;36;623090956;11674;408;12808;12932;5.28;0.32;308.27;12.25;1134;38;4446.00;124
11679;36;623090977;11679;407;12808;12932;5.19;0.32;308.26;12.25;1129;38;4447.00;124
11683;36;623090994;11683;416;12809;12932;5.14;0.32;308.30;12.25;1126;38;4448.00;123
11691;36;623091011;11691;416;12809;12932;5.03;0.31;308.29;12.25;1118;38;4449.00;123
11695;36;623091027;11695;421;12813;12936;5.06;0.31;308.30;12.25;1118;38;4450.00;123
11698;36;623091044;11698;426;12813;12936;5.01;0.31;308.25;12.25;1115;38;4451.00;123
11703;36;623091061;11703;427;12813;12936;4.95;0.30;308.23;12.25;1110;38;4452.00;123
11707;36;623091078;11707;435;12813;12936;4.91;0.30;308.20;12.25;1106;38;4453.00;123
11715;36;623091096;11715;436;12813;12937;4.80;0.29;308.17;12.25;1098;38;4454.00;124
11717;36;623091114;11717;439;12815;12939;4.83;0.30;308.15;12.24;1098;38;4455.00;124
11718;36;623091130;11718;440;12815;12939;4.75;0.29;308.15;12.24;1097;38;4456.00;124
11722;36;623091147;11722;444;12816;12940;4.71;0.29;308.19;12.24;1094;38;4457.00;124
11724;36;623091166;11724;457;12817;12940;4.66;0.29;308.18;12.36;1093;38;4458.00;123
11727;36;623091181;11727;457;12817;12940;4.58;0.28;308.17;12.36;1090;38;4459.00;123
11731;36;623091196;11731;463;12818;12940;4.50;0.28;308.16;12.45;1087;38;4460.00;122
11735;36;623091218;11735;459;12818;12940;4.44;0.27;308.11;12.45;1083;38;4461.00;122
11736;36;623091232;11736;453;12818;12940;4.42;0.27;308.12;12.45;1082;38;4462.00;122
11740;36;623091246;11740;449;12818;12940;4.35;0.27;308.11;12.45;1078;38;4463.00;122
11744;36;623091261;11744;461;12883;13067;4.82;0.30;308.09;12.39;1139;38;4464.00;184
11747;36;623091291;11747;459;12888;13068;4.83;0.30;308.10;12.38;1141;38;4465.00;180
11751;36;623091306;11751;462;12898;13068;4.81;0.30;308.07;12.38;1147;38;4466.00;170
11752;36;623091323;11752;451;12901;13068;4.83;0.30;308.08;12.37;1149;38;4467.00;167
11755;36;623091338;11755;438;12906;13068;4.86;0.30;308.14;12.37;1151;38;4468.00;162
11759;36;623091351;11759;422;12908;13068;4.85;0.30;308.16;12.37;1149;38;4469.00;160
11762;36;623091367;11762;428;12911;13068;4.84;0.30;308.14;12.37;1149;38;4470.00;157
11763;36;623091381;11763;426;12915;13068;4.89;0.30;308.16;12.37;1152;38;4471.00;153
11767;36;623091396;11767;425;12916;13069;4.82;0.30;308.21;12.36;1149;38;4472.00;153
11769;36;623091418;11769;428;12918;13070;4.75;0.29;308.23;12.36;1149;38;4473.00;152
11770;36;623091434;11770;433;12920;13070;4.72;0.29;308.23;12.36;1150;38;4474.00;150
11772;36;623091454;11772;430;12921;13071;4.66;0.29;308.29;12.36;1149;38;4475.00;150
11774;36;623091469;11774;422;12926;13071;4.70;0.29;308.29;12.36;1152;38;4476.00;145
11774;36;623091487;11774;416;12927;13071;4.76;0.29;308.29;12.36;1153;38;4477.00;144
11775;36;623091505;11775;413;12928;13071;4.83;0.30;308.27;12.36;1153;38;4478.00;143
11775;36;623091522;11775;400;12933;13075;4.91;0.30;308.27;12.36;1158;38;4479.00;142
11776;36;623091542;11776;393;12937;13075;5.02;0.31;308.28;12.36;1161;38;4480.00;138
11777;36;623091568;11777;381;12939;13075;5.10;0.31;308.27;12.46;1162;38;4481.00;136
11777;36;623091592;11777;368;12941;13078;5.22;0.32;308.27;12.46;1164;38;4482.00;137
11777;36;623091610;11777;359;12942;13078;5.33;0.33;308.27;12.46;1165;38;4483.00;136
11778;36;623091632;11778;358;12944;13078;5.45;0.33;308.27;12.46;1166;38;4484.00;134
11779;36;623091649;11779;343;12947;13082;5.55;0.34;308.28;12.45;1168;38;4485.00;135
11780;36;623091677;11780;339;12948;13083;5.64;0.34;308.27;12.45;1168;38;4486.00;135
11780;36;623091693;11780;338;12950;13083;5.78;0.35;308.27;12.45;1170;38;4487.00;133
11782;36;623091709;11782;335;12953;13087;5.84;0.36;308.24;12.45;1171;38;4488.00;134
11784;36;623091727;11784;325;12953;13087;5.87;0.36;308.19;12.45;1169;38;4489.00;134
11785;36;623091756;11785;315;12953;13087;5.92;0.36;308.19;12.45;1168;38;4490.00;134
11786;36;623091772;11786;309;12954;13088;5.99;0.36;308.18;12.45;1168;38;4491.00;134
11786;36;623091787;11786;309;12954;13088;6.06;0.37;308.18;12.45;1168;38;4492.00;134
11786;36;623091803;11786;302;12959;13094;6.11;0.37;308.18;12.44;1173;38;4493.00;135
11788;36;623091819;11788;296;12959;13094;6.16;0.37;308.17;12.44;1171;38;4494.00;135
11792;36;623091844;11792;293;12959;13095;6.22;0.38;308.20;12.44;1167;38;4495.00;136
11792;36;623091860;11792;291;12959;13095;6.29;0.38;308.20;12.44;1167;38;4496.00;136
11796;36;623091877;11796;287;12959;13095;6.34;0.38;308.25;12.44;1163;38;4497.00;136
11800;36;623091900;11800;279;12960;13095;6.40;0.39;308.25;12.54;1160;38;4498.00;135
11802;36;623091920;11802;281;12960;13095;6.43;0.39;308.27;12.54;1158;38;4499.00;135
11802;36;623091944;11802;270;12985;13145;6.49;0.40;308.27;12.52;1183;38;4500.00;160
11803;36;623091977;11803;265;12986;13147;6.51;0.40;308.28;12.52;1183;38;4501.00;161
11807;36;623092000;11807;262;12990;13147;6.59;0.40;308.27;12.51;1183;38;4502.00;157
11808;36;623092023;11808;259;12990;13147;6.72;0.41;308.28;12.51;1182;38;4503.00;157
11809;36;623092041;11809;260;12992;13147;6.82;0.41;308.30;12.51;1183;38;4504.00;155
11814;36;623092059;11814;255;12992;13147;6.89;0.42;308.32;12.51;1178;38;4505.00;155
11816;36;623092077;11816;248;12996;13151;6.93;0.42;308.29;12.51;1180;38;4506.00;155
11818;36;623092095;11818;248;12998;13151;7.01;0.43;308.33;12.51;1180;38;4507.00;153
11822;36;623092114;11822;249;13001;13155;7.02;0.43;308.40;12.50;1179;38;4508.00;154
11822;36;623092135;11822;248;13002;13156;7.11;0.43;308.40;12.50;1180;38;4509.00;154
11823;36;623092154;11823;251;13003;13156;7.14;0.43;308.41;12.60;1180;38;4510.00;153
11826;36;623092175;11826;247;13003;13156;7.13;0.43;308.41;12.60;1177;38;4511.00;153
11828;36;623092196;11828;247;13015;13169;7.11;0.43;308.46;12.59;1187;38;4512.00;154
11829;36;623092215;11829;245;13015;13169;7.11;0.43;308.52;12.59;1186;38;4513.00;154
11834;36;623092237;11834;243;13015;13169;7.07;0.43;308.62;12.59;1181;38;4514.00;154
11834;36;623092282;11834;247;13016;13170;7.11;0.43;308.62;12.59;1182;38;4515.00;154
11840;36;623092309;11840;237;13016;13171;7.13;0.43;308.73;12.59;1176;38;4516.00;155
11843;36;623092333;11843;240;13016;13171;7.12;0.43;308.81;12.59;1173;38;4517.00;155
11846;36;623092363;11846;246;13020;13174;7.11;0.43;308.85;12.59;1174;38;4518.00;154
11852;36;623092382;11852;244;13020;13174;7.08;0.43;308.94;12.59;1168;38;4519.00;154
11854;36;623092404;11854;248;13021;13174;7.06;0.43;308.96;12.59;1167;38;4520.00;153
11856;36;623092423;11856;249;13021;13174;7.07;0.43;308.94;12.59;1165;38;4521.00;153
11861;36;623092444;11861;253;13025;13180;7.04;0.43;308.91;12.58;1164;38;4522.00;155
11864;36;623092464;11864;249;13026;13180;7.06;0.43;309.00;12.58;1162;38;4523.00;154
11870;36;623092494;11870;247;13028;13180;7.04;0.43;309.10;12.60;1158;38;4524.00;152
11871;36;623092519;11871;244;13028;13180;7.08;0.43;309.09;12.60;1157;38;4525.00;152
11873;36;623092541;11873;248;13032;13184;7.12;0.43;309.12;12.62;1159;38;4526.00;152
11876;36;623092566;11876;248;13033;13185;7.19;0.44;309.22;12.62;1157;38;4527.00;152
11880;36;623092585;11880;256;13033;13185;7.23;0.44;309.26;12.62;1153;38;4528.00;152
11885;36;623092607;11885;251;13035;13186;7.28;0.44;309.34;12.62;1150;38;4529.00;151
11891;36;623092635;11891;250;13037;13186;7.30;0.44;309.35;12.62;1146;38;4530.00;149
11896;36;623092655;11896;251;13037;13186;7.35;0.45;309.45;12.62;1141;38;4531.00;149
11900;36;623092687;11900;248;13037;13186;7.37;0.45;309.48;12.62;1137;38;4532.00;149
11904;36;623092704;11904;255;13037;13186;7.40;0.45;309.61;12.62;1133;38;4533.00;149
11909;36;623092724;11909;267;13037;13186;7.40;0.45;309.65;12.62;1128;38;4534.00;149
11912;36;623092746;11912;265;13039;13186;7.40;0.45;309.67;12.63;1127;38;4535.00;147
11916;36;623092768;11916;279;13075;13256;7.42;0.45;309.68;12.59;1159;38;4536.00;181
11919;36;623092798;11919;281;13077;13257;7.38;0.45;309.72;12.59;1158;38;4537.00;180
11921;36;623092819;11921;283;13083;13257;7.39;0.45;309.71;12.59;1162;38;4538.00;174
11923;36;623092842;11923;282;13088;13257;7.37;0.45;309.75;12.59;1165;38;4539.00;169
11926;36;623092873;11926;283;13091;13257;7.36;0.45;309.83;12.58;1165;38;4540.00;166
11928;36;623092894;11928;281;13098;13257;7.38;0.45;309.84;12.58;1170;38;4541.00;159
11932;36;623092917;11932;278;13100;13257;7.35;0.45;309.92;12.58;1168;38;4542.00;157
11932;36;623092939;11932;274;13103;13257;7.35;0.45;309.92;12.58;1171;38;4543.00;154
11933;36;623092961;11933;278;13105;13258;7.39;0.45;309.96;12.58;1172;38;4544.00;153
11937;36;623092989;11937;279;13107;13260;7.34;0.45;310.03;12.58;1170;38;4545.00;153
11939;36;623093017;11939;280;13110;13260;7.30;0.45;310.08;12.58;1171;38;4546.00;150
11939;36;623093038;11939;285;13115;13264;7.20;0.44;310.08;12.58;1176;38;4547.00;149
11945;36;623093058;11945;278;13116;13264;7.11;0.43;310.16;12.58;1171;38;4548.00;148
11948;36;623093081;11948;280;13116;13264;7.00;0.43;310.24;12.58;1168;38;4549.00;148
11953;36;623093102;11953;282;13117;13264;6.92;0.42;310.30;12.60;1164;38;4550.00;147
11954;36;623093121;11954;285;13123;13270;6.88;0.42;310.31;12.60;1169;38;4551.00;147
11956;36;623093146;11956;292;13123;13270;6.78;0.41;310.35;12.60;1167;38;4552.00;147
11958;36;623093164;11958;298;13125;13270;6.71;0.41;310.38;12.62;1167;38;4553.00;145
11962;36;623093184;11962;305;13127;13273;6.67;0.41;310.46;12.62;1165;38;4554.00;146
11969;36;623093206;11969;308;13128;13273;6.61;0.40;310.51;12.62;1159;38;4555.00;145
11969;36;623093226;11969;303;13130;13273;6.61;0.40;310.51;12.64;1161;38;4556.00;143
11971;36;623093242;11971;307;13131;13274;6.63;0.40;310.52;12.64;1160;38;4557.00;143
11977;36;623093258;11977;314;13133;13275;6.61;0.40;310.63;12.66;1156;38;4558.00;142
11977;36;623093275;11977;321;13133;13275;6.61;0.40;310.63;12.66;1156;38;4559.00;142
11980;36;623093293;11980;321;13151;13301;6.64;0.40;310.68;12.64;1171;38;4560.00;150
11981;36;623093311;11981;320;13153;13301;6.63;0.40;310.68;12.66;1172;38;4561.00;148
11982;36;623093327;11982;322;13156;13301;6.66;0.41;310.72;12.67;1174;38;4562.00;145
11986;36;623093342;11986;318;13158;13302;6.64;0.40;310.77;12.69;1172;38;4563.00;144
11986;36;623093357;11986;323;13160;13302;6.60;0.40;310.77;12.72;1174;38;4564.00;142
11989;36;623093371;11989;328;13166;13306;6.60;0.40;310.84;12.75;1177;38;4565.00;140
11991;36;623093386;11991;330;13166;13306;6.48;0.40;310.84;12.75;1175;38;4566.00;140
11995;36;623093402;11995;340;13169;13310;6.34;0.39;310.88;12.75;1174;38;4567.00;141
11997;36;623093418;11997;347;13172;13310;6.22;0.38;310.90;12.80;1175;38;4568.00;138
11999;36;623093431;11999;342;13172;13310;6.16;0.38;310.89;12.80;1173;38;4569.00;138
12002;36;623093445;12002;342;13175;13310;6.02;0.37;310.94;12.84;1173;38;4570.00;135
12004;36;623093459;12004;349;13175;13310;5.99;0.37;311.00;12.84;1171;38;4571.00;135
12007;36;623093473;12007;346;13185;13322;5.98;0.37;311.08;12.83;1178;38;4572.00;137
12010;36;623093488;12010;353;13187;13322;5.92;0.36;311.08;12.85;1177;38;4573.00;135
12015;36;623093502;12015;347;13189;13322;5.85;0.36;311.10;12.85;1174;38;4574.00;133
12017;36;623093518;12017;357;13191;13322;5.79;0.35;311.09;12.88;1174;38;4575.00;131
12019;36;623093532;12019;360;13191;13322;5.76;0.35;311.16;12.88;1172;38;4576.00;131
12022;36;623093545;12022;367;13191;13322;5.70;0.35;311.16;12.88;1169;38;4577.00;131
12025;36;623093557;12025;364;13193;13323;5.71;0.35;311.25;12.90;1168;38;4578.00;130
12030;36;623093569;12030;371;13193;13323;5.69;0.35;311.23;12.90;1163;38;4579.00;130
12030;36;623093581;12030;365;13199;13329;5.73;0.35;311.23;12.91;1169;38;4580.00;130
12033;36;623093594;12033;378;13201;13330;5.67;0.35;311.24;12.92;1168;38;4581.00;129
12035;36;623093606;12035;381;13201;13330;5.58;0.34;311.24;12.92;1166;38;4582.00;129
12037;36;623093617;12037;391;13203;13330;5.51;0.34;311.27;12.94;1166;38;4583.00;127
12042;36;623093631;12042;397;13206;13334;5.39;0.33;311.27;12.94;1164;38;4584.00;128
12044;36;623093643;12044;406;13206;13334;5.31;0.32;311.26;12.94;1162;38;4585.00;128
12048;36;623093656;12048;409;13208;13334;5.15;0.32;311.26;12.96;1160;38;4586.00;126
12051;36;623093667;12051;418;13209;13335;5.06;0.31;311.30;12.96;1158;38;4587.00;126
12058;36;623093680;12058;431;13214;13339;4.92;0.30;311.28;12.98;1156;38;4588.00;125
12061;36;623093692;12061;435;13214;13339;4.84;0.30;311.41;12.98;1153;38;4589.00;125
12067;36;623093706;12067;431;13218;13345;4.79;0.29;311.41;12.97;1151;38;4590.00;127
12071;36;623093719;12071;431;13220;13345;4.73;0.29;311.45;12.99;1149;38;4591.00;125
12074;36;623093731;12074;430;13222;13345;4.68;0.29;311.47;12.99;1148;38;4592.00;123
12080;36;623093743;12080;430;13222;13345;4.61;0.28;311.44;12.99;1142;38;4593.00;123
12081;36;623093754;12081;433;13226;13349;4.64;0.28;311.45;12.98;1145;38;4594.00;123
12086;36;623093766;12086;430;13228;13349;4.56;0.28;311.45;13.00;1142;38;4595.00;121
12088;36;623093777;12088;427;13228;13349;4.53;0.28;311.47;13.00;1140;38;4596.00;121
12089;36;623093788;12089;424;13230;13349;4.51;0.28;311.47;13.02;1141;38;4597.00;119
12091;36;623093799;12091;415;13230;13350;4.45;0.27;311.47;13.02;1139;38;4598.00;120
12094;36;623093810;12094;420;13231;13351;4.41;0.27;311.49;13.02;1137;38;4599.00;120
12098;36;623093822;12098;418;13231;13351;4.38;0.27;311.51;13.02;1133;38;4600.00;120
12102;36;623093836;12102;423;13232;13352;4.42;0.27;311.57;13.02;1130;38;4601.00;120
12106;36;623093850;12106;427;13232;13352;4.43;0.27;311.57;13.02;1126;38;4602.00;120
12109;36;623093861;12109;429;13232;13352;4.44;0.27;311.58;13.02;1123;38;4603.00;120
12112;36;623093873;12112;434;13232;13352;4.50;0.28;311.54;13.02;1120;38;4604.00;120
12116;36;623093884;12116;437;13232;13352;4.50;0.28;311.54;13.02;1116;38;4605.00;120
12120;36;623093896;12120;431;13232;13352;4.47;0.27;311.49;13.02;1112;38;4606.00;120
12123;36;623093910;12123;440;13232;13352;4.47;0.27;311.46;13.02;1109;38;4607.00;120
12125;36;623093923;12125;436;13296;13479;4.94;0.31;311.46;12.96;1171;38;4608.00;183
12128;36;623093945;12128;447;13299;13480;4.94;0.31;311.51;12.95;1171;38;4609.00;181
12132;36;623093958;12132;445;13307;13480;5.00;0.31;311.48;12.95;1175;38;4610.00;173
12135;36;623093972;12135;445;13310;13480;5.00;0.31;311.46;12.94;1175;38;4611.00;170
12138;36;623093984;12138;451;13318;13480;5.04;0.31;311.43;12.94;1180;38;4612.00;162
12142;36;623093996;12142;452;13322;13480;5.04;0.31;311.42;12.94;1180;38;4613.00;158
12147;36;623094008;12147;461;13325;13480;5.00;0.31;311.37;12.94;1178;38;4614.00;155
12152;36;623094020;12152;461;13328;13480;4.94;0.31;311.34;12.93;1176;38;4615.00;152
12158;36;623094033;12158;459;13330;13481;4.85;0.30;311.32;12.93;1172;38;4616.00;151
12162;36;623094045;12162;464;13334;13482;4.76;0.30;311.29;12.93;1172;38;4617.00;148
12164;36;623094064;12164;473;13337;13482;4.71;0.29;311.26;12.93;1173;38;4618.00;145
12168;36;623094077;12168;482;13339;13483;4.62;0.29;311.27;12.93;1171;38;4619.00;144
12171;36;623094092;12171;486;13341;13483;4.60;0.29;311.28;13.03;1170;38;4620.00;142
12176;36;623094105;12176;489;13346;13483;4.52;0.28;311.30;13.03;1170;38;4621.00;137
12178;36;623094117;12178;496;13347;13483;4.51;0.28;311.29;13.03;1169;38;4622.00;136
12181;36;623094128;12181;509;13351;13487;4.54;0.28;311.32;13.03;1170;38;4623.00;136
12184;36;623094141;12184;509;13353;13487;4.47;0.28;311.30;13.03;1169;38;4624.00;134
12186;36;623094153;12186;518;13354;13487;4.46;0.27;311.30;13.03;1168;38;4625.00;133
12190;36;623094177;12190;523;13357;13490;4.43;0.27;311.27;13.03;1167;38;4626.00;133
12192;36;623094191;12192;515;13357;13490;4.44;0.27;311.25;13.03;1165;38;4627.00;133
12196;36;623094203;12196;506;13357;13490;4.44;0.27;311.18;13.03;1161;38;4628.00;133
12197;36;623094214;12197;501;13362;13494;4.53;0.28;311.16;13.03;1165;38;4629.00;132
12201;36;623094232;12201;492;13364;13495;4.57;0.28;311.14;13.02;1163;38;4630.00;131
12202;36;623094251;12202;492;13364;13495;4.64;0.29;311.15;13.02;1162;38;4631.00;131
12209;37;623094271;12209;490;13366;13499;4.68;0.29;311.17;13.02;1157;39;4632.00;133
12209;37;623094310;12209;492;13367;13499;4.79;0.29;311.17;13.02;1158;39;4633.00;132
12212;37;623094337;12212;489;13367;13499;4.83;0.30;311.17;13.02;1155;39;4634.00;132
12212;37;623094354;12212;487;13369;13501;4.93;0.30;311.17;13.02;1157;39;4635.00;132
12213;37;623094368;12213;485;13369;13501;4.98;0.30;311.19;13.02;1156;39;4636.00;132
12217;37;623094383;12217;474;13374;13507;5.03;0.31;311.12;13.02;1157;39;4637.00;133
12222;37;623094402;12222;463;13374;13507;5.00;0.30;311.07;13.02;1152;39;4638.00;133
12225;37;623094426;12225;453;13374;13508;5.06;0.31;311.11;13.02;1149;39;4639.00;134
12227;37;623094441;12227;441;13374;13508;5.12;0.31;311.09;13.02;1147;39;4640.00;134
12232;38;623094456;12232;438;13374;13508;5.18;0.31;311.09;13.02;1142;40;4641.00;134
12232;38;623094493;12232;438;13374;13508;5.24;0.32;311.09;13.02;1142;40;4642.00;134
12233;38;623094509;12233;430;13375;13508;5.32;0.32;311.09;13.12;1142;40;4643.00;133
12235;38;623094540;12235;432;13385;13520;5.49;0.33;311.12;13.11;1150;40;4644.00;135
12235;38;623094556;12235;432;13385;13520;5.56;0.34;311.12;13.11;1150;40;4645.00;135
12236;38;623094571;12236;424;13386;13520;5.64;0.34;311.13;13.11;1150;40;4646.00;134
12238;38;623094585;12238;403;13386;13520;5.73;0.35;311.16;13.11;1148;40;4647.00;134
12240;38;623094600;12240;392;13386;13520;5.81;0.35;311.15;13.11;1146;40;4648.00;134
12245;38;623094622;12245;385;13386;13520;5.90;0.36;311.21;13.11;1141;40;4649.00;134
12246;38;623094639;12246;378;13391;13526;6.00;0.37;311.20;13.10;1145;40;4650.00;135
12248;38;623094660;12248;365;13391;13526;6.06;0.37;311.19;13.10;1143;40;4651.00;135
12250;38;623094679;12250;358;13396;13530;6.15;0.37;311.22;13.20;1146;40;4652.00;134
12251;38;623094694;12251;347;13397;13531;6.20;0.38;311.21;13.20;1146;40;4653.00;134
12254;38;623094710;12254;340;13397;13531;6.22;0.38;311.22;13.20;1143;40;4654.00;134
12257;38;623094725;12257;341;13397;13531;6.21;0.38;311.22;13.20;1140;40;4655.00;134
12260;38;623094739;12260;337;13408;13544;6.30;0.38;311.31;13.19;1148;40;4656.00;136
12260;38;623094755;12260;337;13408;13544;6.34;0.38;311.31;13.19;1148;40;4657.00;136
12263;38;623094770;12263;335;13408;13544;6.35;0.38;311.34;13.19;1145;40;4658.00;136
12266;38;623094787;12266;327;13409;13545;6.42;0.39;311.36;13.19;1143;40;4659.00;136
12269;38;623094803;12269;323;13409;13546;6.49;0.39;311.41;13.19;1140;40;4660.00;137
12270;38;623094817;12270;317;13410;13546;6.55;0.40;311.46;13.30;1140;40;4661.00;136
12273;38;623094832;12273;311;13412;13549;6.59;0.40;311.54;13.30;1139;40;4662.00;137
12273;38;623094847;12273;308;13412;13549;6.62;0.40;311.54;13.30;1139;40;4663.00;137
12275;38;623094861;12275;305;13413;13549;6.70;0.41;311.58;13.29;1138;40;4664.00;136
12278;38;623094877;12278;313;13413;13549;6.72;0.41;311.61;13.29;1135;40;4665.00;136
12281;38;623094893;12281;316;13418;13555;6.81;0.41;311.64;13.29;1137;40;4666.00;137
12283;38;623094910;12283;315;13418;13555;6.85;0.42;311.75;13.29;1135;40;4667.00;137
12286;38;623094927;12286;310;13418;13555;6.88;0.42;311.76;13.29;1132;40;4668.00;137
12288;38;623094942;12288;307;13418;13555;6.93;0.42;311.75;13.29;1130;40;4669.00;137
12290;38;623094956;12290;303;13421;13559;6.95;0.42;311.79;13.29;1131;40;4670.00;138
12294;38;623094972;12294;302;13422;13560;7.01;0.43;311.85;13.29;1128;40;4671.00;138
12296;38;623094988;12296;303;13422;13560;7.05;0.43;311.88;13.29;1126;40;4672.00;138
12299;38;623095005;12299;304;13423;13561;7.13;0.43;311.97;13.29;1124;40;4673.00;138
12301;38;623095020;12301;304;13423;13561;7.17;0.44;311.95;13.29;1122;40;4674.00;138
12305;38;623095035;12305;304;13423;13561;7.19;0.44;312.05;13.29;1118;40;4675.00;138
12306;38;623095049;12306;302;13423;13561;7.26;0.44;312.06;13.29;1117;40;4676.00;138
12308;38;623095064;12308;298;13423;13561;7.33;0.44;312.12;13.29;1115;40;4677.00;138
12312;38;623095078;12312;296;13423;13561;7.37;0.45;312.18;13.29;1111;40;4678.00;138
12315;38;623095093;12315;291;13423;13561;7.39;0.45;312.19;13.29;1108;40;4679.00;138
12321;38;623095111;12321;313;13489;13686;7.41;0.45;312.32;13.22;1168;40;4680.00;197
12324;38;623095136;12324;298;13489;13687;7.44;0.45;312.38;13.22;1165;40;4681.00;198
12326;38;623095151;12326;287;13497;13687;7.53;0.46;312.37;13.21;1171;40;4682.00;190
12332;38;623095167;12332;279;13499;13687;7.56;0.46;312.43;13.21;1167;40;4683.00;188
12332;38;623095181;12332;285;13503;13687;7.55;0.46;312.43;13.21;1171;40;4684.00;184
12335;38;623095198;12335;279;13505;13687;7.47;0.45;312.51;13.21;1170;40;4685.00;182
12337;38;623095214;12337;283;13509;13687;7.42;0.45;312.50;13.21;1172;40;4686.00;178
12340;38;623095232;12340;284;13511;13687;7.36;0.45;312.62;13.21;1171;40;4687.00;176
12340;38;623095249;12340;286;13515;13688;7.38;0.45;312.62;13.20;1175;40;4688.00;173
12344;38;623095267;12344;289;13520;13689;7.33;0.45;312.70;13.20;1176;40;4689.00;169
12350;38;623095284;12350;290;13523;13689;7.30;0.45;312.79;13.31;1173;40;4690.00;166
12352;38;623095301;12352;286;13528;13693;7.25;0.44;312.78;13.30;1176;40;4691.00;165
12356;38;623095317;12356;276;13529;13693;7.19;0.44;312.74;13.30;1173;40;4692.00;164
12360;38;623095334;12360;272;13531;13693;7.15;0.44;312.79;13.30;1171;40;4693.00;162
12362;38;623095351;12362;272;13531;13693;7.21;0.44;312.77;13.30;1169;40;4694.00;162
12367;38;623095368;12367;267;13537;13699;7.16;0.44;312.82;13.33;1170;40;4695.00;162
12371;38;623095386;12371;263;13537;13699;7.10;0.43;312.89;13.33;1166;40;4696.00;162
12375;38;623095408;12375;268;13537;13699;7.15;0.44;313.01;13.33;1162;40;4697.00;162
12378;38;623095427;12378;260;13540;13702;7.23;0.44;313.02;13.33;1162;40;4698.00;162
12384;38;623095444;12384;260;13540;13702;7.28;0.44;313.07;13.33;1156;40;4699.00;162
12388;38;623095460;12388;253;13540;13702;7.33;0.45;313.10;13.33;1152;40;4700.00;162
12391;38;623095485;12391;253;13540;13703;7.35;0.45;313.14;13.33;1149;40;4701.00;163
12394;38;623095499;12394;256;13541;13704;7.35;0.45;313.17;13.33;1147;40;4702.00;163
12401;38;623095514;12401;259;13541;13704;7.38;0.45;313.25;13.33;1140;40;4703.00;163
12403;38;623095529;12403;254;13550;13717;7.40;0.45;313.28;13.32;1147;40;4704.00;167
12410;38;623095544;12410;252;13551;13717;7.42;0.45;313.31;13.32;1141;40;4705.00;166
12415;38;623095562;12415;258;13551;13717;7.42;0.45;313.42;13.32;1136;40;4706.00;166
12416;38;623095576;12416;253;13553;13718;7.46;0.45;313.42;13.31;1137;40;4707.00;165
12422;38;623095591;12422;253;13553;13718;7.43;0.45;313.52;13.31;1131;40;4708.00;165
12425;38;623095605;12425;253;13556;13722;7.48;0.45;313.61;13.31;1131;40;4709.00;166
12430;38;623095622;12430;255;13556;13722;7.47;0.45;313.71;13.31;1126;40;4710.00;166
12433;38;623095636;12433;261;13561;13726;7.42;0.45;313.77;13.31;1128;40;4711.00;165
12435;38;623095650;12435;262;13561;13726;7.39;0.45;313.87;13.31;1126;40;4712.00;165
12436;38;623095666;12436;264;13561;13726;7.36;0.45;313.91;13.31;1125;40;4713.00;165
12438;38;623095681;12438;263;13562;13726;7.31;0.44;313.98;13.31;1124;40;4714.00;164
12439;38;623095695;12439;265;13562;13726;7.26;0.44;314.02;13.31;1123;40;4715.00;164
12441;38;623095708;12441;276;13572;13738;7.26;0.44;314.09;13.30;1131;40;4716.00;166
12444;38;623095722;12444;274;13574;13738;7.18;0.44;314.14;13.30;1130;40;4717.00;164
12446;38;623095736;12446;275;13575;13738;7.10;0.43;314.19;13.30;1129;40;4718.00;163
12451;38;623095750;12451;281;13576;13738;7.01;0.43;314.29;13.32;1125;40;4719.00;162
12453;38;623095763;12453;288;13577;13738;6.98;0.43;314.26;13.33;1124;40;4720.00;161
12455;38;623095778;12455;301;13577;13738;6.89;0.42;314.35;13.33;1122;40;4721.00;161
12458;38;623095792;12458;310;13579;13739;6.81;0.42;314.34;13.36;1121;40;4722.00;160
12460;38;623095805;12460;311;13579;13739;6.74;0.41;314.36;13.36;1119;40;4723.00;160
12463;38;623095824;12463;312;13584;13745;6.69;0.41;314.35;13.36;1121;40;4724.00;161
12465;38;623095838;12465;315;13586;13747;6.63;0.40;314.34;13.36;1121;40;4725.00;161
12465;38;623095850;12465;316;13588;13747;6.55;0.40;314.34;13.39;1123;40;4726.00;159
12469;38;623095863;12469;315;13590;13747;6.43;0.39;314.36;13.42;1121;40;4727.00;157
12472;38;623095876;12472;324;13595;13751;6.37;0.39;314.35;13.44;1123;40;4728.00;156
12475;38;623095891;12475;328;13595;13751;6.28;0.38;314.41;13.44;1120;40;4729.00;156
12477;38;623095904;12477;326;13596;13751;6.19;0.38;314.43;13.46;1119;40;4730.00;155
12479;38;623095916;12479;325;13599;13752;6.13;0.37;314.51;13.48;1120;40;4731.00;153
12481;38;623095928;12481;327;13602;13756;6.11;0.37;314.55;13.48;1121;40;4732.00;154
12483;38;623095941;12483;324;13603;13756;6.12;0.37;314.54;13.49;1120;40;4733.00;153
12485;38;623095953;12485;334;13607;13759;6.14;0.38;314.57;13.51;1122;40;4734.00;152
12486;38;623095967;12486;345;13607;13759;6.09;0.37;314.61;13.51;1121;40;4735.00;152
12487;38;623095979;12487;339;13610;13759;6.04;0.37;314.61;13.53;1123;40;4736.00;149
12488;38;623095991;12488;345;13610;13759;6.01;0.37;314.63;13.53;1122;40;4737.00;149
12489;38;623096004;12489;350;13615;13763;6.06;0.37;314.68;13.54;1126;40;4738.00;148
12490;38;623096017;12490;358;13616;13763;6.02;0.37;314.68;13.55;1126;40;4739.00;147
12494;38;623096031;12494;355;13617;13763;5.96;0.37;314.74;13.56;1123;40;4740.00;146
12498;38;623096044;12498;350;13618;13763;5.86;0.36;314.77;13.56;1120;40;4741.00;145
12500;38;623096056;12500;350;13618;13764;5.77;0.35;314.76;13.56;1118;40;4742.00;146
12504;38;623096068;12504;357;13621;13765;5.70;0.35;314.77;13.58;1117;40;4743.00;144
12508;38;623096081;12508;361;13621;13765;5.63;0.34;314.81;13.58;1113;40;4744.00;144
12513;38;623096092;12513;364;13624;13766;5.54;0.34;314.87;13.59;1111;40;4745.00;142
12515;38;623096105;12515;369;13624;13766;5.48;0.34;314.89;13.59;1109;40;4746.00;142
12517;38;623096117;12517;366;13624;13766;5.45;0.33;314.92;13.59;1107;40;4747.00;142
12519;38;623096130;12519;373;13626;13766;5.41;0.33;314.94;13.61;1107;40;4748.00;140
12522;38;623096141;12522;364;13626;13766;5.38;0.33;314.95;13.61;1104;40;4749.00;140
12524;38;623096154;12524;367;13627;13766;5.34;0.33;314.96;13.61;1103;40;4750.00;139
12527;38;623096166;12527;369;13628;13766;5.31;0.33;314.97;13.63;1101;40;4751.00;138
12530;38;623096179;12530;388;13692;13893;5.60;0.35;314.94;13.56;1162;40;4752.00;201
12534;38;623096203;12534;381;13696;13894;5.53;0.34;314.96;13.58;1162;40;4753.00;198
12537;38;623096216;12537;373;13703;13894;5.50;0.34;314.92;13.57;1166;40;4754.00;191
12542;38;623096231;12542;374;13708;13894;5.41;0.34;314.95;13.58;1166;40;4755.00;186
12545;38;623096251;12545;381;13715;13894;5.40;0.34;314.93;13.58;1170;40;4756.00;179
12548;38;623096269;12548;382;13718;13894;5.33;0.33;314.90;13.58;1170;40;4757.00;176
12549;38;623096287;12549;395;13722;13894;5.27;0.33;314.91;13.59;1173;40;4758.00;172
12552;38;623096304;12552;405;13728;13894;5.21;0.32;314.90;13.60;1176;40;4759.00;166
12556;38;623096321;12556;398;13730;13895;5.12;0.32;314.88;13.60;1174;40;4760.00;165
12562;38;623096339;12562;403;13733;13896;5.06;0.31;314.89;13.60;1171;40;4761.00;163
12567;38;623096354;12567;402;13735;13896;4.94;0.31;314.92;13.61;1168;40;4762.00;161
12569;38;623096367;12569;415;13737;13897;4.88;0.30;314.92;13.61;1168;40;4763.00;160
12571;38;623096379;12571;421;13741;13897;4.86;0.30;314.88;13.62;1170;40;4764.00;156
12574;38;623096391;12574;429;13744;13897;4.87;0.30;314.88;13.62;1170;40;4765.00;153
12575;38;623096404;12575;440;13748;13897;4.90;0.30;314.92;13.63;1173;40;4766.00;149
12577;38;623096416;12577;444;13753;13901;4.91;0.30;314.90;13.62;1176;40;4767.00;148
12577;38;623096430;12577;447;13755;13901;4.87;0.30;314.90;13.62;1178;40;4768.00;146
12578;38;623096444;12578;445;13757;13901;4.85;0.30;314.88;13.62;1179;40;4769.00;144
12582;38;623096458;12582;442;13762;13907;4.83;0.30;314.90;13.62;1180;40;4770.00;145
12588;38;623096472;12588;443;13763;13907;4.76;0.29;314.87;13.62;1175;40;4771.00;144
12589;38;623096485;12589;441;13765;13907;4.74;0.29;314.86;13.62;1176;40;4772.00;142
12593;38;623096498;12593;451;13769;13911;4.68;0.29;314.84;13.62;1176;40;4773.00;142
12595;38;623096510;12595;459;13771;13912;4.69;0.29;314.81;13.62;1176;40;4774.00;141
12599;38;623096522;12599;454;13772;13912;4.63;0.28;314.80;13.62;1173;40;4775.00;140
12602;38;623096535;12602;462;13775;13916;4.64;0.29;314.82;13.61;1173;40;4776.00;141
12604;38;623096547;12604;465;13776;13916;4.60;0.28;314.80;13.61;1172;40;4777.00;140
12608;38;623096562;12608;470;13777;13916;4.54;0.28;314.81;13.61;1169;40;4778.00;139
12609;38;623096574;12609;465;13778;13917;4.56;0.28;314.82;13.61;1169;40;4779.00;139
12617;38;623096587;12617;455;13778;13917;4.53;0.28;314.73;13.61;1161;40;4780.00;139
12620;38;623096600;12620;452;13783;13923;4.58;0.28;314.68;13.61;1163;40;4781.00;140
12623;38;623096613;12623;447;13783;13923;4.60;0.28;314.68;13.61;1160;40;4782.00;140
12627;38;623096626;12627;444;13783;13924;4.63;0.28;314.66;13.61;1156;40;4783.00;141
12629;38;623096658;12629;440;13783;13924;4.67;0.29;314.64;13.61;1154;40;4784.00;141
12631;38;623096674;12631;442;13783;13924;4.70;0.29;314.65;13.61;1152;40;4785.00;141
12633;38;623096694;12633;447;13783;13924;4.75;0.29;314.70;13.61;1150;40;4786.00;141
12637;38;623096706;12637;441;13783;13924;4.73;0.29;314.71;13.61;1146;40;4787.00;141
12637;38;623096726;12637;443;13792;13936;4.86;0.30;314.71;13.60;1155;40;4788.00;144
12643;38;623096739;12643;442;13792;13936;4.84;0.30;314.71;13.60;1149;40;4789.00;144
12644;38;623096752;12644;448;13794;13936;4.92;0.30;314.72;13.60;1150;40;4790.00;142
12646;38;623096765;12646;446;13794;13936;4.99;0.30;314.72;13.60;1148;40;4791.00;142
12650;38;623096780;12650;447;13795;13936;5.01;0.31;314.76;13.71;1145;40;4792.00;141
12651;38;623096795;12651;443;13795;13936;5.07;0.31;314.81;13.71;1144;40;4793.00;141
12655;38;623096808;12655;449;13798;13940;5.07;0.31;314.84;13.71;1143;40;4794.00;142
12659;38;623096821;12659;448;13798;13940;5.11;0.31;314.81;13.71;1139;40;4795.00;142
12660;38;623096833;12660;454;13802;13944;5.18;0.32;314.79;13.70;1142;40;4796.00;142
12663;38;623096847;12663;452;13803;13945;5.24;0.32;314.76;13.70;1140;40;4797.00;142
12666;38;623096859;12666;448;13803;13945;5.27;0.32;314.75;13.70;1137;40;4798.00;142
12669;38;623096872;12669;438;13803;13945;5.31;0.32;314.78;13.70;1134;40;4799.00;142
12672;38;623096889;12672;438;13826;13986;5.44;0.33;314.79;13.68;1154;40;4800.00;160
12678;38;623096913;12678;421;13826;13986;5.46;0.33;314.82;13.68;1148;40;4801.00;160
12684;38;623096927;12684;419;13827;13986;5.48;0.33;314.83;13.68;1143;40;4802.00;159
12688;38;623096941;12688;416;13829;13987;5.54;0.34;314.81;13.68;1141;40;4803.00;158
12692;38;623096953;12692;415;13830;13988;5.54;0.34;314.85;13.68;1138;40;4804.00;158
12693;38;623096966;12693;416;13831;13988;5.56;0.34;314.86;13.68;1138;40;4805.00;157
12695;38;623096980;12695;417;13835;13991;5.52;0.34;314.92;13.67;1140;40;4806.00;156
12697;38;623096994;12697;405;13836;13991;5.51;0.34;314.94;13.78;1139;40;4807.00;155
12703;38;623097009;12703;401;13837;13991;5.48;0.33;315.00;13.78;1134;40;4808.00;154
12706;38;623097022;12706;403;13837;13991;5.47;0.33;314.99;13.78;1131;40;4809.00;154
12706;38;623097035;12706;411;13843;13997;5.48;0.33;314.99;13.78;1137;40;4810.00;154
12707;38;623097048;12707;409;13844;13997;5.51;0.34;314.99;13.78;1137;40;4811.00;153
12711;38;623097061;12711;411;13845;13997;5.55;0.34;315.08;13.78;1134;40;4812.00;152
12714;38;623097075;12714;411;13845;13997;5.59;0.34;315.10;13.78;1131;40;4813.00;152
12715;38;623097088;12715;407;13848;14001;5.71;0.35;315.12;13.78;1133;40;4814.00;153
12718;38;623097102;12718;413;13850;14003;5.83;0.35;315.14;13.77;1132;40;4815.00;153
12721;38;623097118;12721;398;13850;14003;5.90;0.36;315.14;13.77;1129;40;4816.00;153
12724;38;623097132;12724;388;13853;14004;6.01;0.37;315.11;13.89;1129;40;4817.00;151
12729;38;623097146;12729;375;13853;14004;6.09;0.37;315.19;13.89;1124;40;4818.00;151
12730;38;623097161;12730;363;13853;14004;6.22;0.38;315.17;13.89;1123;40;4819.00;151
12732;38;623097175;12732;350;13854;14004;6.34;0.39;315.19;13.99;1122;40;4820.00;150
12734;38;623097190;12734;340;13854;14004;6.41;0.39;315.17;13.99;1120;40;4821.00;150
12738;38;623097211;12738;335;13854;14004;6.46;0.39;315.17;13.99;1116;40;4822.00;150
12739;38;623097229;12739;326;13855;14004;6.50;0.39;315.18;13.99;1116;40;4823.00;149
12741;38;623097243;12741;333;13895;14074;6.59;0.40;315.19;13.95;1154;40;4824.00;179
12742;38;623097264;12742;319;13896;14075;6.65;0.40;315.18;13.95;1154;40;4825.00;179
12744;38;623097279;12744;315;13901;14075;6.75;0.41;315.18;13.95;1157;40;4826.00;174
12747;38;623097299;12747;316;13901;14075;6.76;0.41;315.19;13.95;1154;40;4827.00;174
12751;38;623097314;12751;315;13905;14077;6.76;0.41;315.18;13.95;1154;40;4828.00;172
12754;38;623097329;12754;315;13906;14077;6.82;0.41;315.18;13.95;1152;40;4829.00;171
12757;38;623097347;12757;314;13908;14077;6.90;0.42;315.18;13.95;1151;40;4830.00;169
12759;38;623097361;12759;323;13910;14077;6.92;0.42;315.21;13.94;1151;40;4831.00;167
12763;38;623097375;12763;324;13910;14078;6.92;0.42;315.20;13.94;1147;40;4832.00;168
12765;38;623097390;12765;328;13914;14079;6.97;0.42;315.28;14.05;1149;40;4833.00;165
12769;38;623097404;12769;322;13917;14079;6.97;0.42;315.29;14.05;1148;40;4834.00;162
12770;38;623097418;12770;323;13923;14083;6.97;0.42;315.33;14.05;1153;40;4835.00;160
12771;38;623097433;12771;325;13926;14083;7.03;0.43;315.35;14.05;1155;40;4836.00;157
12774;38;623097448;12774;329;13928;14083;7.05;0.43;315.34;14.05;1154;40;4837.00;155
12777;38;623097463;12777;336;13930;14083;7.05;0.43;315.41;14.05;1153;40;4838.00;153
12780;38;623097477;12780;327;13935;14089;7.10;0.43;315.46;14.04;1155;40;4839.00;154
12787;38;623097492;12787;325;13937;14089;7.12;0.43;315.50;14.15;1150;40;4840.00;152
12788;38;623097507;12788;324;13937;14089;7.15;0.43;315.51;14.15;1149;40;4841.00;152
12788;38;623097521;12788;320;13939;14092;7.21;0.44;315.51;14.15;1151;40;4842.00;153
12791;38;623097535;12791;312;13939;14092;7.23;0.44;315.53;14.15;1148;40;4843.00;153
12792;38;623097550;12792;313;13940;14092;7.27;0.44;315.55;14.14;1148;40;4844.00;152
12795;38;623097566;12795;306;13940;14093;7.23;0.44;315.59;14.14;1145;40;4845.00;153
12799;38;623097580;12799;305;13941;14094;7.26;0.44;315.59;14.14;1142;40;4846.00;153
12804;38;623097594;12804;299;13941;14094;7.29;0.44;315.58;14.14;1137;40;4847.00;153
12806;38;623097609;12806;292;13951;14107;7.33;0.44;315.60;14.13;1145;40;4848.00;156
12809;38;623097624;12809;283;13952;14107;7.42;0.45;315.69;14.13;1143;40;4849.00;155
12811;38;623097638;12811;279;13952;14107;7.49;0.45;315.72;14.13;1141;40;4850.00;155
12814;38;623097653;12814;284;13953;14108;7.53;0.46;315.79;14.13;1139;40;4851.00;155
12816;38;623097669;12816;283;13953;14108;7.57;0.46;315.81;14.13;1137;40;4852.00;155
12818;38;623097684;12818;275;13956;14112;7.63;0.46;315.88;14.13;1138;40;4853.00;156
12822;38;623097698;12822;274;13956;14112;7.63;0.46;315.84;14.13;1134;40;4854.00;156
12825;38;623097713;12825;272;13959;14116;7.62;0.46;315.91;14.13;1134;40;4855.00;157
12829;38;623097728;12829;273;13959;14116;7.58;0.46;316.00;14.13;1130;40;4856.00;157
12830;38;623097742;12830;273;13959;14116;7.61;0.46;316.03;14.13;1129;40;4857.00;157
12830;38;623097757;12830;277;13959;14116;7.61;0.46;316.03;14.13;1129;40;4858.00;157
12836;38;623097777;12836;264;13959;14116;7.55;0.46;316.06;14.13;1123;40;4859.00;157
12841;38;623097795;12841;260;13980;14150;7.57;0.46;316.13;14.10;1139;40;4860.00;170
12847;38;623097814;12847;260;13980;14150;7.52;0.46;316.15;14.10;1133;40;4861.00;170
12849;38;623097829;12849;255;13984;14150;7.48;0.46;316.15;14.10;1135;40;4862.00;166
12850;38;623097845;12850;256;13985;14150;7.40;0.45;316.15;14.10;1135;40;4863.00;165
12854;38;623097859;12854;247;13987;14150;7.41;0.45;316.18;14.12;1133;40;4864.00;163
12858;38;623097883;12858;243;13987;14150;7.43;0.45;316.27;14.12;1129;40;4865.00;163
12864;38;623097898;12864;246;13988;14151;7.40;0.45;316.36;14.14;1124;40;4866.00;163
12868;38;623097913;12868;245;13988;14151;7.39;0.45;316.38;14.14;1120;40;4867.00;163
12873;38;623097927;12873;245;13992;14157;7.43;0.45;316.38;14.13;1119;40;4868.00;165
12877;38;623097942;12877;237;13993;14158;7.37;0.45;316.38;14.13;1116;40;4869.00;165
12880;38;623097955;12880;232;13993;14158;7.26;0.44;316.37;14.13;1113;40;4870.00;165
12884;38;623097969;12884;239;13993;14158;7.17;0.44;316.35;14.13;1109;40;4871.00;165
12889;38;623097982;12889;246;13995;14162;7.11;0.43;316.41;14.13;1106;40;4872.00;167
12892;38;623097997;12892;244;13997;14162;7.04;0.43;316.40;14.13;1105;40;4873.00;165
12896;38;623098011;12896;254;13998;14162;7.01;0.43;316.35;14.13;1102;40;4874.00;164
12897;38;623098025;12897;253;13999;14163;6.98;0.43;316.33;14.13;1102;40;4875.00;164
12902;38;623098038;12902;257;14002;14167;6.94;0.42;316.34;14.12;1100;40;4876.00;165
12905;38;623098051;12905;262;14003;14167;6.88;0.42;316.39;14.12;1098;40;4877.00;164
12908;38;623098064;12908;262;14005;14170;6.90;0.42;316.42;14.12;1097;40;4878.00;165
12911;38;623098076;12911;269;14006;14170;6.88;0.42;316.48;14.12;1095;40;4879.00;164
12917;38;623098089;12917;278;14006;14170;6.80;0.41;316.47;14.12;1089;40;4880.00;164
12920;38;623098102;12920;271;14007;14170;6.77;0.41;316.56;14.12;1087;40;4881.00;163
12923;38;623098116;12923;273;14011;14174;6.83;0.42;316.65;14.12;1088;40;4882.00;163
12926;38;623098129;12926;279;14011;14174;6.80;0.41;316.72;14.12;1085;40;4883.00;163
12928;38;623098141;12928;273;14011;14174;6.77;0.41;316.77;14.12;1083;40;4884.00;163
12930;38;623098154;12930;267;14011;14174;6.80;0.41;316.85;14.12;1081;40;4885.00;163
12930;38;623098166;12930;262;14011;14175;6.85;0.42;316.85;14.12;1081;40;4886.00;164
12931;38;623098179;12931;265;14013;14176;6.85;0.42;316.88;14.12;1082;40;4887.00;163
12934;38;623098191;12934;266;14013;14176;6.83;0.42;316.98;14.12;1079;40;4888.00;163
12935;38;623098204;12935;268;14014;14177;6.79;0.42;316.96;14.12;1079;40;4889.00;163
12939;38;623098219;12939;273;14015;14177;6.76;0.41;316.98;14.14;1076;40;4890.00;162
12942;38;623098235;12942;280;14015;14177;6.70;0.41;316.99;14.14;1073;40;4891.00;162
12946;38;623098254;12946;293;14016;14177;6.59;0.40;317.00;14.15;1070;40;4892.00;161
12947;38;623098273;12947;296;14017;14177;6.53;0.40;317.03;14.17;1070;40;4893.00;160
12952;38;623098293;12952;295;14019;14177;6.47;0.39;317.06;14.17;1067;40;4894.00;158
12955;38;623098311;12955;306;14020;14177;6.42;0.39;317.07;14.19;1065;40;4895.00;157
12960;38;623098330;12960;329;14082;14304;6.61;0.41;317.14;14.13;1122;40;4896.00;222
12963;38;623098367;12963;326;14087;14305;6.54;0.40;317.13;14.15;1124;40;4897.00;218
12965;38;623098381;12965;329;14096;14305;6.57;0.41;317.13;14.14;1131;40;4898.00;209
12971;38;623098397;12971;328;14099;14305;6.51;0.40;317.15;14.16;1128;40;4899.00;206
12973;38;623098414;12973;329;14108;14305;6.54;0.40;317.20;14.15;1135;40;4900.00;197
12974;38;623098431;12974;337;14115;14305;6.52;0.40;317.19;14.17;1141;40;4901.00;190
12974;38;623098447;12974;335;14118;14305;6.46;0.40;317.19;14.18;1144;40;4902.00;187
12976;38;623098460;12976;342;14123;14305;6.43;0.40;317.22;14.18;1147;40;4903.00;182
12978;38;623098474;12978;342;14125;14306;6.40;0.39;317.25;14.18;1147;40;4904.00;181
12980;38;623098494;12980;345;14131;14308;6.39;0.39;317.27;14.20;1151;40;4905.00;177
12984;38;623098508;12984;350;14134;14308;6.33;0.39;317.29;14.20;1150;40;4906.00;174
12988;38;623098524;12988;350;14138;14309;6.21;0.38;317.25;14.21;1150;40;4907.00;171
12991;38;623098539;12991;363;14140;14309;6.05;0.37;317.19;14.21;1149;40;4908.00;169
12993;38;623098552;12993;364;14144;14309;5.94;0.36;317.23;14.23;1151;40;4909.00;165
12994;38;623098567;12994;356;14146;14309;5.86;0.36;317.23;14.23;1152;40;4910.00;163
12995;38;623098581;12995;361;14150;14313;5.78;0.35;317.23;14.24;1155;40;4911.00;163
12998;38;623098595;12998;361;14157;14313;5.67;0.35;317.26;14.29;1159;40;4912.00;156
12999;38;623098607;12999;365;14158;14313;5.58;0.34;317.24;14.29;1159;40;4913.00;155
13000;38;623098619;13000;379;14160;14316;5.49;0.34;317.25;14.30;1160;40;4914.00;156
13003;38;623098632;13003;390;14161;14316;5.40;0.33;317.21;14.30;1158;40;4915.00;155
13004;38;623098645;13004;398;14163;14316;5.34;0.33;317.19;14.33;1159;40;4916.00;153
13009;38;623098658;13009;403;14169;14320;5.25;0.32;317.16;14.34;1160;40;4917.00;151
13011;38;623098677;13011;404;14170;14321;5.18;0.32;317.19;14.34;1159;40;4918.00;151
13012;38;623098704;13012;416;14171;14321;5.14;0.32;317.17;14.34;1159;40;4919.00;150
13016;38;623098727;13016;426;14176;14326;5.08;0.31;317.09;14.35;1160;40;4920.00;150
13018;38;623098749;13018;430;14178;14326;5.00;0.31;317.06;14.38;1160;40;4921.00;148
13022;38;623098769;13022;440;14181;14326;4.91;0.30;317.05;14.39;1159;40;4922.00;145
13023;38;623098790;13023;448;14181;14327;4.81;0.29;317.05;14.39;1158;40;4923.00;146
13026;38;623098814;13026;445;14182;14327;4.72;0.29;317.06;14.40;1156;40;4924.00;145
13030;38;623098832;13030;449;14189;14333;4.63;0.28;317.03;14.42;1159;40;4925.00;144
13031;38;623098850;13031;456;14190;14333;4.53;0.28;317.02;14.43;1159;40;4926.00;143
13033;38;623098862;13033;457;14191;14334;4.38;0.27;317.01;14.43;1158;40;4927.00;143
13041;38;623098875;13041;464;14191;14334;4.22;0.26;316.94;14.43;1150;40;4928.00;143
13044;38;623098887;13044;472;14193;14334;4.10;0.25;316.95;14.44;1149;40;4929.00;141
13046;38;623098899;13046;465;14193;14334;4.00;0.25;316.91;14.44;1147;40;4930.00;141
13048;38;623098911;13048;452;14194;14334;3.98;0.24;316.93;14.45;1146;40;4931.00;140
13049;38;623098923;13049;447;14204;14346;4.06;0.25;316.93;14.44;1155;40;4932.00;142
13051;38;623098936;13051;430;14206;14346;4.09;0.25;316.89;14.47;1155;40;4933.00;140
13052;38;623098948;13052;435;14207;14346;4.15;0.26;316.90;14.46;1155;40;4934.00;139
13056;38;623098960;13056;430;14208;14346;4.19;0.26;316.91;14.48;1152;40;4935.00;138
13058;38;623098975;13058;432;14208;14346;4.28;0.26;316.91;14.48;1150;40;4936.00;138
13060;38;623098987;13060;426;14208;14346;4.35;0.27;316.93;14.48;1148;40;4937.00;138
13062;39;623099005;13062;427;14210;14350;4.50;0.28;316.93;14.47;1148;41;4938.00;140
13064;40;623099031;13064;417;14211;14350;4.67;0.29;316.92;14.47;1147;42;4939.00;139
13067;40;623099055;13067;414;14215;14354;4.85;0.30;316.92;14.47;1148;42;4940.00;139
13070;40;623099069;13070;406;14216;14355;4.92;0.30;316.92;14.47;1146;42;4941.00;139
13074;40;623099088;13074;397;14216;14355;4.98;0.31;316.97;14.47;1142;42;4942.00;139
13077;40;623099107;13077;390;14216;14355;5.05;0.31;316.97;14.47;1139;42;4943.00;139
13080;40;623099120;13080;387;14227;14368;5.24;0.32;317.02;14.46;1147;42;4944.00;141
13084;40;623099135;13084;386;14228;14368;5.31;0.33;317.05;14.57;1144;42;4945.00;140
13087;40;623099149;13087;385;14228;14368;5.41;0.33;317.12;14.57;1141;42;4946.00;140
13090;40;623099162;13090;386;14229;14369;5.48;0.34;317.18;14.57;1139;42;4947.00;140
13094;40;623099175;13094;387;14229;14370;5.51;0.34;317.19;14.57;1135;42;4948.00;141
13101;40;623099190;13101;384;14229;14370;5.52;0.34;317.15;14.57;1128;42;4949.00;141
13103;40;623099206;13103;378;14235;14379;5.61;0.34;317.15;14.56;1132;42;4950.00;144
13103;40;623099222;13103;373;14236;14379;5.68;0.35;317.15;14.56;1133;42;4951.00;143
13108;40;623099237;13108;366;14237;14379;5.68;0.35;317.17;14.56;1129;42;4952.00;142
13114;40;623099253;13114;365;14237;14379;5.68;0.35;317.26;14.56;1123;42;4953.00;142
13116;40;623099267;13116;355;14242;14385;5.74;0.35;317.26;14.55;1126;42;4954.00;143
13120;40;623099281;13120;348;14243;14385;5.82;0.35;317.24;14.55;1123;42;4955.00;142
13124;40;623099294;13124;340;14243;14385;5.83;0.35;317.26;14.55;1119;42;4956.00;142
13131;40;623099307;13131;337;14243;14385;5.86;0.36;317.30;14.55;1112;42;4957.00;142
13135;40;623099320;13135;336;14245;14389;5.89;0.36;317.35;14.55;1110;42;4958.00;144
13140;40;623099333;13140;342;14247;14390;5.92;0.36;317.41;14.55;1107;42;4959.00;143
13142;40;623099346;13142;344;14248;14390;5.89;0.36;317.39;14.66;1106;42;4960.00;142
13145;40;623099358;13145;344;14249;14391;5.87;0.36;317.42;14.66;1104;42;4961.00;142
13149;40;623099371;13149;350;14249;14391;5.85;0.36;317.50;14.66;1100;42;4962.00;142
13155;40;623099383;13155;352;14249;14391;5.78;0.35;317.47;14.66;1094;42;4963.00;142
13157;40;623099396;13157;357;14249;14391;5.78;0.35;317.49;14.66;1092;42;4964.00;142
13160;40;623099408;13160;360;14249;14391;5.75;0.35;317.47;14.66;1089;42;4965.00;142
13162;40;623099420;13162;361;14249;14391;5.76;0.35;317.47;14.66;1087;42;4966.00;142
13165;40;623099432;13165;361;14249;14391;5.75;0.35;317.48;14.66;1084;42;4967.00;142
13171;40;623099444;13171;374;14290;14461;5.80;0.35;317.49;14.62;1119;42;4968.00;171
13175;40;623099462;13175;368;14291;14462;5.84;0.36;317.46;14.61;1116;42;4969.00;171
13178;40;623099475;13178;365;14295;14462;5.89;0.36;317.43;14.61;1117;42;4970.00;167
13182;40;623099488;13182;361;14295;14462;5.87;0.36;317.41;14.61;1113;42;4971.00;167
13182;40;623099500;13182;364;14300;14462;5.90;0.36;317.41;14.72;1118;42;4972.00;162
13185;40;623099519;13185;359;14301;14462;5.85;0.36;317.41;14.72;1116;42;4973.00;161
13186;40;623099532;13186;369;14304;14462;5.86;0.36;317.42;14.71;1118;42;4974.00;158
13187;40;623099545;13187;373;14307;14462;5.87;0.36;317.40;14.71;1120;42;4975.00;155
13189;40;623099558;13189;375;14309;14463;5.84;0.35;317.42;14.71;1120;42;4976.00;154
13192;40;623099570;13192;369;14312;14464;5.81;0.35;317.44;14.71;1120;42;4977.00;152
13196;40;623099584;13196;364;14315;14464;5.84;0.35;317.47;14.71;1119;42;4978.00;149
13197;40;623099597;13197;364;14320;14468;5.88;0.36;317.45;14.70;1123;42;4979.00;148
13198;40;623099611;13198;368;14321;14468;5.95;0.36;317.49;14.70;1123;42;4980.00;147
13198;40;623099625;13198;366;14321;14468;6.03;0.37;317.49;14.70;1123;42;4981.00;147
13200;40;623099638;13200;362;14321;14468;6.12;0.37;317.58;14.70;1121;42;4982.00;147
13201;40;623099651;13201;366;14326;14474;6.19;0.38;317.62;14.70;1125;42;4983.00;148
13203;41;623099666;13203;364;14326;14474;6.20;0.38;317.61;14.70;1123;43;4984.00;148
13204;41;623099695;13204;367;14326;14474;6.25;0.38;317.64;14.70;1122;43;4985.00;148
13207;41;623099709;13207;356;14328;14477;6.36;0.39;317.64;14.70;1121;43;4986.00;149
13211;41;623099723;13211;343;14328;14477;6.44;0.39;317.73;14.70;1117;43;4987.00;149
13214;41;623099742;13214;330;14329;14477;6.50;0.39;317.74;14.70;1115;43;4988.00;148
13219;41;623099762;13219;330;14329;14478;6.55;0.40;317.86;14.70;1110;43;4989.00;149
13220;41;623099776;13220;320;14330;14479;6.65;0.40;317.92;14.70;1110;43;4990.00;149
13222;41;623099790;13222;318;14331;14479;6.66;0.40;317.95;14.80;1109;43;4991.00;148
13225;41;623099805;13225;318;14341;14492;6.77;0.41;318.00;14.79;1116;43;4992.00;151
13226;41;623099820;13226;317;14342;14492;6.84;0.41;317.98;14.79;1116;43;4993.00;150
13229;41;623099834;13229;315;14342;14492;6.91;0.42;318.01;14.79;1113;43;4994.00;150
13232;41;623099848;13232;318;14344;14494;6.99;0.42;318.07;14.79;1112;43;4995.00;150
13234;41;623099864;13234;316;14344;14494;7.07;0.43;318.09;14.79;1110;43;4996.00;150
13236;41;623099878;13236;315;14348;14498;7.14;0.43;318.10;14.79;1112;43;4997.00;150
13237;41;623099892;13237;306;14348;14498;7.13;0.43;318.11;14.79;1111;43;4998.00;150
13239;41;623099906;13239;304;14351;14502;7.12;0.43;318.12;14.78;1112;43;4999.00;151
13240;41;623099921;13240;303;14351;14502;7.12;0.43;318.12;14.78;1111;43;5000.00;151
13241;41;623099939;13241;300;14351;14502;7.12;0.44;318.14;14.78;1110;43;5001.00;151
13245;41;623099953;13245;294;14351;14502;7.21;0.44;318.14;14.78;1106;43;5002.00;151
13246;41;623099967;13246;289;14351;14502;7.24;0.44;318.16;14.78;1105;43;5003.00;151
13249;41;623099981;13249;291;14361;14514;7.31;0.45;318.29;14.77;1112;43;5004.00;153
13250;41;623099996;13250;291;14361;14514;7.36;0.45;318.28;14.77;1111;43;5005.00;153
13253;41;623100017;13253;293;14362;14514;7.40;0.45;318.28;14.77;1109;43;5006.00;152
13257;41;623100038;13257;290;14363;14514;7.36;0.45;318.31;14.88;1106;43;5007.00;151
13263;41;623100055;13263;288;14363;14514;7.27;0.44;318.33;14.88;1100;43;5008.00;151
13268;41;623100070;13268;283;14363;14514;7.22;0.44;318.34;14.88;1095;43;5009.00;151
13272;41;623100085;13272;285;14363;14515;7.20;0.44;318.40;14.88;1091;43;5010.00;152
13276;41;623100100;13276;285;14363;14515;7.21;0.44;318.47;14.88;1087;43;5011.00;152
13278;41;623100115;13278;286;14368;14521;7.26;0.44;318.47;14.87;1090;43;5012.00;153
13281;41;623100129;13281;283;14369;14522;7.27;0.44;318.46;14.87;1088;43;5013.00;153
13288;41;623100149;13288;281;14369;14522;7.22;0.44;318.54;14.87;1081;43;5014.00;153
13290;41;623100165;13290;283;14369;14522;7.22;0.44;318.54;14.87;1079;43;5015.00;153
13295;41;623100180;13295;284;14372;14526;7.24;0.44;318.62;14.87;1077;43;5016.00;154
13299;41;623100197;13299;287;14373;14526;7.26;0.44;318.64;14.98;1074;43;5017.00;153
13302;41;623100212;13302;288;14373;14526;7.30;0.44;318.67;14.98;1071;43;5018.00;153
13302;41;623100227;13302;280;14374;14527;7.37;0.45;318.67;14.98;1072;43;5019.00;153
13304;41;623100247;13304;281;14377;14531;7.41;0.45;318.65;14.97;1073;43;5020.00;154
13307;41;623100277;13307;278;14377;14531;7.40;0.45;318.70;14.97;1070;43;5021.00;154
13308;41;623100300;13308;281;14379;14534;7.40;0.45;318.68;14.97;1071;43;5022.00;155
13313;41;623100319;13313;281;14379;14534;7.39;0.45;318.73;14.97;1066;43;5023.00;155
13317;41;623100339;13317;276;14380;14534;7.40;0.45;318.76;14.97;1063;43;5024.00;154
13317;41;623100357;13317;275;14381;14534;7.42;0.45;318.76;15.07;1064;43;5025.00;153
13322;41;623100373;13322;277;14385;14538;7.37;0.45;318.78;15.07;1063;43;5026.00;153
13323;41;623100388;13323;283;14385;14538;7.38;0.45;318.76;15.07;1062;43;5027.00;153
13325;41;623100403;13325;284;14385;14538;7.36;0.45;318.80;15.07;1060;43;5028.00;153
13327;41;623100418;13327;276;14385;14538;7.35;0.45;318.85;15.07;1058;43;5029.00;153
13328;41;623100431;13328;268;14385;14539;7.28;0.44;318.88;15.07;1057;43;5030.00;154
13330;41;623100445;13330;260;14386;14540;7.25;0.44;318.89;15.07;1056;43;5031.00;154
13334;41;623100459;13334;258;14386;14540;7.20;0.44;318.99;15.07;1052;43;5032.00;154
13336;41;623100473;13336;254;14387;14541;7.14;0.44;318.98;15.07;1051;43;5033.00;154
13340;41;623100486;13340;254;14387;14541;7.07;0.43;319.02;15.07;1047;43;5034.00;154
13342;41;623100500;13342;252;14388;14541;7.06;0.43;319.09;15.09;1046;43;5035.00;153
13348;41;623100515;13348;256;14388;14541;6.96;0.42;319.10;15.09;1040;43;5036.00;153
13352;41;623100529;13352;253;14389;14541;6.88;0.42;319.10;15.18;1037;43;5037.00;152
13358;41;623100542;13358;251;14390;14541;6.81;0.41;319.12;15.19;1032;43;5038.00;151
13364;41;623100556;13364;250;14390;14541;6.71;0.41;319.16;15.19;1026;43;5039.00;151
13368;41;623100571;13368;287;14489;14771;6.90;0.43;319.25;15.09;1121;43;5040.00;282
13372;41;623100607;13372;281;14493;14772;6.88;0.43;319.35;15.08;1121;43;5041.00;279
13374;41;623100623;13374;275;14502;14772;6.92;0.43;319.37;15.07;1128;43;5042.00;270
13377;41;623100637;13377;274;14509;14772;6.92;0.43;319.35;15.07;1132;43;5043.00;263
13380;41;623100651;13380;273;14518;14772;6.94;0.43;319.30;15.06;1138;43;5044.00;254
13383;41;623100664;13383;268;14524;14772;6.91;0.43;319.36;15.06;1141;43;5045.00;248
13386;41;623100686;13386;271;14533;14772;6.87;0.43;319.37;15.15;1147;43;5046.00;239
13388;41;623100699;13388;271;14540;14772;6.87;0.43;319.39;15.15;1152;43;5047.00;232
13389;41;623100714;13389;272;14546;14773;6.83;0.42;319.38;15.14;1157;43;5048.00;227
13392;41;623100738;13392;270;14552;14774;6.79;0.42;319.39;15.14;1160;43;5049.00;222
13393;41;623100752;13393;272;14559;14774;6.78;0.42;319.40;15.14;1166;43;5050.00;215
13396;41;623100766;13396;277;14561;14775;6.75;0.42;319.45;15.14;1165;43;5051.00;214
13397;41;623100781;13397;284;14566;14775;6.70;0.41;319.52;15.14;1169;43;5052.00;209
13402;41;623100795;13402;287;14567;14775;6.58;0.41;319.48;15.14;1165;43;5053.00;208
13403;41;623100809;13403;298;14569;14775;6.54;0.40;319.50;15.14;1166;43;5054.00;206
13406;41;623100825;13406;303;14574;14779;6.49;0.40;319.59;15.13;1168;43;5055.00;205
13408;41;623100849;13408;307;14574;14779;6.41;0.39;319.57;15.13;1166;43;5056.00;205
13409;41;623100866;13409;319;14577;14779;6.32;0.39;319.56;15.14;1168;43;5057.00;202
13412;41;623100883;13412;321;14580;14782;6.25;0.38;319.57;15.14;1168;43;5058.00;202
13417;41;623100897;13417;325;14580;14782;6.15;0.38;319.59;15.14;1163;43;5059.00;202
13418;41;623100912;13418;340;14583;14782;6.14;0.38;319.57;15.14;1165;43;5060.00;199
13421;41;623100927;13421;345;14589;14786;6.13;0.38;319.59;15.16;1168;43;5061.00;197
13424;41;623100941;13424;352;14590;14787;6.09;0.37;319.54;15.16;1166;43;5062.00;197
13426;41;623100955;13426;363;14593;14787;6.05;0.37;319.60;15.16;1167;43;5063.00;194
13430;41;623100969;13430;371;14596;14791;6.04;0.37;319.58;15.18;1166;43;5064.00;195
13431;41;623100984;13431;378;14599;14791;5.98;0.37;319.55;15.20;1168;43;5065.00;192
13434;41;623100999;13434;385;14602;14791;5.90;0.36;319.54;15.20;1168;43;5066.00;189
13435;41;623101012;13435;388;14603;14792;5.89;0.36;319.54;15.20;1168;43;5067.00;189
13438;41;623101026;13438;392;14606;14792;5.84;0.36;319.48;15.22;1168;43;5068.00;186
13441;41;623101040;13441;401;14612;14798;5.81;0.35;319.45;15.22;1171;43;5069.00;186
13444;41;623101055;13444;407;14615;14798;5.68;0.35;319.44;15.24;1171;43;5070.00;183
13445;41;623101068;13445;404;14615;14799;5.59;0.34;319.44;15.24;1170;43;5071.00;184
13445;41;623101081;13445;411;14617;14799;5.47;0.33;319.44;15.24;1172;43;5072.00;182
13448;41;623101096;13448;419;14621;14799;5.37;0.33;319.45;15.26;1173;43;5073.00;178
13450;41;623101109;13450;427;14622;14799;5.24;0.32;319.41;15.26;1172;43;5074.00;177
13451;41;623101122;13451;440;14624;14799;5.09;0.31;319.41;15.28;1173;43;5075.00;175
13452;41;623101135;13452;446;14634;14811;5.02;0.31;319.39;15.27;1182;43;5076.00;177
13454;41;623101148;13454;455;14636;14811;4.88;0.30;319.36;15.29;1182;43;5077.00;175
13455;41;623101161;13455;464;14639;14811;4.76;0.29;319.36;15.29;1184;43;5078.00;172
13455;41;623101173;13455;464;14641;14811;4.68;0.29;319.36;15.31;1186;43;5079.00;170
13455;41;623101185;13455;470;14641;14811;4.64;0.29;319.36;15.31;1186;43;5080.00;170
13456;41;623101197;13456;475;14642;14811;4.59;0.28;319.36;15.32;1186;43;5081.00;169
13456;41;623101212;13456;476;14647;14815;4.61;0.28;319.36;15.32;1191;43;5082.00;168
13456;41;623101224;13456;472;14653;14815;4.65;0.29;319.36;15.37;1197;43;5083.00;162
13458;41;623101238;13458;467;14656;14819;4.72;0.29;319.33;15.37;1198;43;5084.00;163
13459;41;623101253;13459;460;14658;14821;4.73;0.29;319.31;15.36;1199;43;5085.00;163
13460;41;623101266;13460;451;14660;14821;4.74;0.29;319.29;15.38;1200;43;5086.00;161
13462;41;623101280;13462;452;14660;14821;4.75;0.29;319.26;15.38;1198;43;5087.00;161
13463;41;623101292;13463;452;14674;14834;4.83;0.30;319.27;15.41;1211;43;5088.00;160
13463;41;623101306;13463;446;14674;14834;4.89;0.30;319.27;15.41;1211;43;5089.00;160
13466;41;623101319;13466;445;14675;14834;4.85;0.30;319.25;15.43;1209;43;5090.00;159
13467;41;623101332;13467;443;14676;14835;4.88;0.30;319.24;15.42;1209;43;5091.00;159
13469;41;623101345;13469;438;14676;14836;4.88;0.30;319.20;15.42;1207;43;5092.00;160
13471;41;623101369;13471;439;14677;14836;4.85;0.30;319.17;15.44;1206;43;5093.00;159
13475;41;623101381;13475;438;14683;14839;4.79;0.29;319.13;15.47;1208;43;5094.00;156
13477;41;623101394;13477;447;14683;14839;4.78;0.29;319.13;15.47;1206;43;5095.00;156
13480;41;623101407;13480;438;14685;14839;4.74;0.29;319.11;15.50;1205;43;5096.00;154
13482;41;623101418;13482;448;14685;14839;4.76;0.29;319.12;15.50;1203;43;5097.00;154
13485;41;623101431;13485;449;14691;14845;4.75;0.29;319.11;15.49;1206;43;5098.00;154
13487;41;623101443;13487;446;14691;14845;4.75;0.29;319.12;15.49;1204;43;5099.00;154
13488;41;623101458;13488;445;14697;14864;4.74;0.29;319.13;15.50;1209;43;5100.00;167
13491;41;623101476;13491;447;14697;14864;4.75;0.29;319.10;15.50;1206;43;5101.00;167
13493;41;623101488;13493;441;14703;14868;4.76;0.29;319.10;15.54;1210;43;5102.00;165
13497;41;623101501;13497;436;14704;14869;4.75;0.29;319.10;15.54;1207;43;5103.00;165
13497;41;623101513;13497;432;14704;14869;4.80;0.30;319.10;15.54;1207;43;5104.00;165
13502;41;623101525;13502;428;14706;14870;4.84;0.30;319.12;15.55;1204;43;5105.00;164
13505;41;623101539;13505;425;14709;14870;4.90;0.30;319.19;15.54;1204;43;5106.00;161
13508;41;623101552;13508;414;14709;14870;4.94;0.30;319.20;15.54;1201;43;5107.00;161
13513;41;623101565;13513;408;14710;14870;4.99;0.31;319.24;15.56;1197;43;5108.00;160
13516;41;623101577;13516;404;14711;14870;5.10;0.31;319.26;15.57;1195;43;5109.00;159
13518;41;623101590;13518;396;14711;14870;5.17;0.32;319.26;15.57;1193;43;5110.00;159
13521;41;623101603;13521;394;14711;14870;5.16;0.32;319.28;15.57;1190;43;5111.00;159
13523;41;623101616;13523;396;14745;14940;5.27;0.32;319.28;15.53;1222;43;5112.00;195
13527;41;623101634;13527;389;14749;14941;5.29;0.32;319.29;15.63;1222;43;5113.00;192
13533;41;623101650;13533;385;14753;14941;5.31;0.33;319.28;15.63;1220;43;5114.00;188
13535;41;623101664;13535;379;14756;14941;5.31;0.33;319.33;15.63;1221;43;5115.00;185
13539;41;623101677;13539;384;14758;14941;5.32;0.33;319.41;15.62;1219;43;5116.00;183
13544;41;623101690;13544;378;14760;14941;5.31;0.33;319.45;15.62;1216;43;5117.00;181
13548;41;623101703;13548;379;14764;14941;5.37;0.33;319.51;15.62;1216;43;5118.00;177
13552;41;623101717;13552;380;14765;14941;5.37;0.33;319.53;15.62;1213;43;5119.00;176
13554;41;623101730;13554;389;14766;14942;5.44;0.33;319.52;15.62;1212;43;5120.00;176
13559;41;623101743;13559;385;14769;14943;5.43;0.33;319.55;15.62;1210;43;5121.00;174
13563;41;623101758;13563;392;14773;14943;5.43;0.33;319.56;15.62;1210;43;5122.00;170
13566;41;623101771;13566;400;14778;14947;5.42;0.33;319.62;15.61;1212;43;5123.00;169
13568;41;623101785;13568;406;14784;14947;5.45;0.33;319.64;15.61;1216;43;5124.00;163
13574;41;623101799;13574;409;14785;14947;5.44;0.33;319.74;15.61;1211;43;5125.00;162
13576;41;623101812;13576;413;14786;14947;5.45;0.33;319.72;15.61;1210;43;5126.00;161
13581;41;623101825;13581;416;14790;14953;5.44;0.33;319.69;15.61;1209;43;5127.00;163
13587;41;623101840;13587;421;14790;14953;5.42;0.33;319.68;15.61;1203;43;5128.00;163
13587;41;623101854;13587;422;14790;14953;5.47;0.33;319.68;15.61;1203;43;5129.00;163
13591;41;623101869;13591;426;14795;14959;5.54;0.34;319.69;15.61;1204;43;5130.00;164
13594;41;623101889;13594;425;14795;14959;5.61;0.34;319.76;15.61;1201;43;5131.00;164
13598;41;623101904;13598;424;14798;14959;5.64;0.34;319.79;15.61;1200;43;5132.00;161
13599;41;623101917;13599;425;14798;14960;5.67;0.35;319.79;15.61;1199;43;5133.00;162
13606;41;623101931;13606;427;14802;14961;5.61;0.34;319.93;15.71;1196;43;5134.00;159
13608;41;623101945;13608;427;14803;14961;5.59;0.34;319.94;15.71;1195;43;5135.00;158
13609;41;623101958;13609;427;14813;14974;5.63;0.34;319.97;15.70;1204;43;5136.00;161
13615;41;623101973;13615;417;14814;14974;5.57;0.34;319.94;15.70;1199;43;5137.00;160
13618;41;623101987;13618;421;14814;14974;5.54;0.34;319.91;15.70;1196;43;5138.00;160
13625;41;623102000;13625;417;14815;14975;5.54;0.34;319.95;15.70;1190;43;5139.00;160
13629;41;623102014;13629;423;14817;14975;5.50;0.33;319.97;15.70;1188;43;5140.00;158
13632;41;623102028;13632;417;14821;14979;5.54;0.34;319.98;15.70;1189;43;5141.00;158
13634;41;623102042;13634;420;14822;14979;5.56;0.34;319.96;15.69;1188;43;5142.00;157
13639;41;623102055;13639;426;14825;14983;5.52;0.34;320.01;15.69;1186;43;5143.00;158
13643;41;623102068;13643;427;14825;14983;5.51;0.33;320.03;15.69;1182;43;5144.00;158
13645;41;623102082;13645;431;14825;14983;5.52;0.34;320.11;15.69;1180;43;5145.00;158
13650;41;623102096;13650;434;14825;14983;5.49;0.33;320.15;15.69;1175;43;5146.00;158
13651;41;623102109;13651;428;14825;14983;5.54;0.34;320.16;15.69;1174;43;5147.00;158
13655;41;623102122;13655;424;14833;14995;5.59;0.34;320.21;15.68;1178;43;5148.00;162
13660;41;623102137;13660;421;14834;14995;5.59;0.34;320.25;15.68;1174;43;5149.00;161
13662;41;623102151;13662;419;14836;14995;5.61;0.34;320.25;15.68;1174;43;5150.00;159
13666;41;623102164;13666;416;14836;14995;5.62;0.34;320.30;15.68;1170;43;5151.00;159
13671;41;623102178;13671;418;14837;14995;5.61;0.34;320.41;15.78;1166;43;5152.00;158
13673;41;623102192;13673;417;14837;14995;5.60;0.34;320.41;15.78;1164;43;5153.00;158
13676;41;623102205;13676;421;14837;14996;5.58;0.34;320.40;15.78;1161;43;5154.00;159
13678;41;623102219;13678;425;14840;14998;5.51;0.33;320.48;15.89;1162;43;5155.00;158
13680;41;623102251;13680;409;14845;15004;5.48;0.33;320.53;15.88;1165;43;5156.00;159
13681;41;623102275;13681;404;14846;15005;5.51;0.33;320.54;15.88;1165;43;5157.00;159
13685;41;623102297;13685;394;14846;15005;5.51;0.33;320.58;15.88;1161;43;5158.00;159
13688;41;623102317;13688;384;14846;15005;5.50;0.33;320.59;15.88;1158;43;5159.00;159
13689;41;623102339;13689;381;14851;15010;5.54;0.34;320.57;15.98;1162;43;5160.00;159
13692;41;623102358;13692;365;14851;15010;5.55;0.34;320.61;15.98;1159;43;5161.00;159
13695;41;623102375;13695;352;14851;15010;5.52;0.34;320.68;15.98;1156;43;5162.00;159
13697;41;623102391;13697;345;14852;15011;5.60;0.34;320.69;15.98;1155;43;5163.00;159
13700;41;623102407;13700;346;14855;15015;5.61;0.34;320.72;15.98;1155;43;5164.00;160
13703;41;623102425;13703;336;14855;15015;5.66;0.34;320.74;15.98;1152;43;5165.00;160
13703;41;623102442;13703;334;14857;15018;5.77;0.35;320.74;15.97;1154;43;5166.00;161
13707;41;623102458;13707;328;14857;15018;5.80;0.35;320.78;15.97;1150;43;5167.00;161
13709;41;623102475;13709;330;14858;15018;5.85;0.35;320.81;15.97;1149;43;5168.00;160
13713;41;623102491;13713;327;14858;15018;5.92;0.36;320.88;15.97;1145;43;5169.00;160
13716;41;623102506;13716;323;14863;15022;6.06;0.37;320.85;16.07;1147;43;5170.00;159
13718;41;623102522;13718;315;14863;15022;6.17;0.37;320.90;16.07;1145;43;5171.00;159
13721;41;623102539;13721;314;14863;15022;6.21;0.38;320.91;16.07;1142;43;5172.00;159
13725;41;623102555;13725;311;14863;15022;6.25;0.38;320.98;16.07;1138;43;5173.00;159
13727;41;623102570;13727;310;14863;15023;6.24;0.38;321.01;16.07;1136;43;5174.00;160
13729;41;623102586;13729;311;14865;15025;6.24;0.38;321.08;16.07;1136;43;5175.00;160
13732;41;623102601;13732;308;14865;15025;6.22;0.38;321.09;16.07;1133;43;5176.00;160
13734;41;623102618;13734;305;14867;15026;6.29;0.38;321.11;16.17;1133;43;5177.00;159
13737;41;623102634;13737;312;14867;15026;6.35;0.39;321.12;16.17;1130;43;5178.00;159
13741;41;623102650;13741;308;14867;15026;6.39;0.39;321.19;16.17;1126;43;5179.00;159
13746;41;623102665;13746;309;14867;15026;6.40;0.39;321.20;16.17;1121;43;5180.00;159
13749;41;623102682;13749;307;14867;15026;6.42;0.39;321.21;16.17;1118;43;5181.00;159
13752;41;623102697;13752;302;14867;15026;6.43;0.39;321.25;16.17;1115;43;5182.00;159
13755;41;623102712;13755;304;14867;15026;6.45;0.39;321.24;16.17;1112;43;5183.00;159
13760;41;623102726;13760;325;14942;15153;6.55;0.40;321.30;16.09;1182;43;5184.00;211
13764;41;623102750;13764;318;14942;15154;6.60;0.41;321.44;16.09;1178;43;5185.00;212
13765;41;623102766;13765;312;14947;15154;6.71;0.41;321.45;16.09;1182;43;5186.00;207
13768;41;623102781;13768;312;14948;15154;6.78;0.42;321.54;16.09;1180;43;5187.00;206
13771;41;623102796;13771;311;14954;15154;6.86;0.42;321.58;16.08;1183;43;5188.00;200
13774;41;623102810;13774;307;14954;15154;6.91;0.42;321.63;16.08;1180;43;5189.00;200
13778;41;623102826;13778;312;14957;15154;6.93;0.43;321.61;16.08;1179;43;5190.00;197
13782;41;623102841;13782;310;14960;15154;6.93;0.42;321.68;16.08;1178;43;5191.00;194
13785;41;623102857;13785;304;14962;15155;6.91;0.42;321.68;16.08;1177;43;5192.00;193
13787;41;623102872;13787;301;14965;15156;6.91;0.42;321.66;16.08;1178;43;5193.00;191
13787;41;623102887;13787;299;14968;15156;6.85;0.42;321.66;16.08;1181;43;5194.00;188
13792;41;623102901;13792;303;14970;15157;6.80;0.42;321.68;16.07;1178;43;5195.00;187
13794;41;623102917;13794;308;14972;15157;6.71;0.41;321.75;16.07;1178;43;5196.00;185
13797;41;623102932;13797;316;14974;15157;6.66;0.41;321.75;16.07;1177;43;5197.00;183
13799;41;623102946;13799;315;14975;15157;6.63;0.41;321.82;16.07;1176;43;5198.00;182
13801;41;623102961;13801;321;14978;15161;6.60;0.40;321.83;16.07;1177;43;5199.00;183
13802;41;623102979;13802;318;14979;15161;6.57;0.40;321.82;16.07;1177;43;5200.00;182
13805;41;623102998;13805;322;14980;15161;6.49;0.40;321.87;16.07;1175;43;5201.00;181
13807;41;623103013;13807;314;14982;15164;6.43;0.39;321.84;16.07;1175;43;5202.00;182
13810;41;623103029;13810;317;14983;15164;6.39;0.39;321.87;16.07;1173;43;5203.00;181
13812;41;623103047;13812;313;14986;15164;6.36;0.39;321.89;16.18;1174;43;5204.00;178
13814;41;623103063;13814;319;14992;15168;6.31;0.39;321.95;16.21;1178;43;5205.00;176
13816;41;623103079;13816;313;14994;15169;6.31;0.39;321.94;16.21;1178;43;5206.00;175
13818;41;623103094;13818;325;14995;15169;6.32;0.39;321.97;16.21;1177;43;5207.00;174
13820;41;623103108;13820;328;14997;15173;6.32;0.39;321.98;16.21;1177;43;5208.00;176
13824;41;623103122;13824;329;14998;15173;6.25;0.38;322.00;16.21;1174;43;5209.00;175
13830;41;623103136;13830;326;15000;15173;6.20;0.38;322.06;16.20;1170;43;5210.00;173
13832;41;623103150;13832;318;15001;15174;6.18;0.38;322.10;16.20;1169;43;5211.00;173
13838;41;623103164;13838;317;15003;15174;6.12;0.37;322.07;16.20;1165;43;5212.00;171
13840;41;623103178;13840;316;15007;15180;6.15;0.37;322.06;16.20;1167;43;5213.00;173
13845;41;623103193;13845;321;15007;15180;6.06;0.37;322.00;16.20;1162;43;5214.00;173
13846;41;623103207;13846;324;15007;15180;6.04;0.37;322.00;16.20;1161;43;5215.00;173
13846;41;623103221;13846;330;15007;15181;5.98;0.36;322.00;16.20;1161;43;5216.00;174
13848;41;623103236;13848;333;15008;15181;5.83;0.35;321.97;16.20;1160;43;5217.00;173
13852;41;623103250;13852;348;15008;15181;5.72;0.35;321.93;16.20;1156;43;5218.00;173
13854;41;623103263;13854;356;15008;15181;5.69;0.35;321.92;16.20;1154;43;5219.00;173
13857;41;623103277;13857;368;15030;15217;5.72;0.35;321.87;16.18;1173;43;5220.00;187
13862;41;623103293;13862;372;15032;15217;5.63;0.34;321.86;16.18;1170;43;5221.00;185
13862;41;623103306;13862;381;15035;15217;5.59;0.34;321.86;16.17;1173;43;5222.00;182
13863;41;623103318;13863;385;15035;15217;5.57;0.34;321.85;16.17;1172;43;5223.00;182
13863;41;623103330;13863;391;15038;15217;5.55;0.34;321.85;16.17;1175;43;5224.00;179
13865;41;623103342;13865;395;15038;15217;5.51;0.34;321.84;16.17;1173;43;5225.00;179
13867;41;623103355;13867;398;15042;15221;5.47;0.33;321.83;16.17;1175;43;5226.00;179
13868;41;623103367;13868;402;15043;15221;5.44;0.33;321.83;16.17;1175;43;5227.00;178
13868;41;623103379;13868;410;15047;15225;5.46;0.33;321.83;16.16;1179;43;5228.00;178
13868;41;623103392;13868;419;15049;15226;5.42;0.33;321.83;16.16;1181;43;5229.00;177
13870;41;623103405;13870;424;15050;15226;5.40;0.33;321.83;16.18;1180;43;5230.00;176
13874;41;623103417;13874;427;15051;15226;5.32;0.32;321.82;16.20;1177;43;5231.00;175
13878;41;623103430;13878;431;15063;15239;5.28;0.32;321.75;16.20;1185;43;5232.00;176
13878;41;623103444;13878;433;15064;15239;5.23;0.32;321.75;16.22;1186;43;5233.00;175
13879;41;623103456;13879;437;15064;15239;5.15;0.31;321.74;16.22;1185;43;5234.00;175
13879;41;623103468;13879;431;15066;15240;5.14;0.31;321.74;16.24;1187;43;5235.00;174
13879;41;623103481;13879;427;15067;15241;5.09;0.31;321.74;16.25;1188;43;5236.00;174
13880;41;623103493;13880;420;15069;15241;5.06;0.31;321.73;16.29;1189;43;5237.00;172
13881;41;623103507;13881;411;15072;15244;5.06;0.31;321.75;16.30;1191;43;5238.00;172
13881;41;623103524;13881;412;15073;15244;5.12;0.31;321.75;16.31;1192;43;5239.00;171
13882;41;623103548;13882;408;15075;15244;5.14;0.31;321.75;16.33;1193;43;5240.00;169
13882;41;623103566;13882;412;15077;15244;5.17;0.32;321.75;16.36;1195;43;5241.00;167
13884;42;623103597;13884;407;15083;15250;5.22;0.32;321.75;16.37;1199;44;5242.00;167
13886;42;623103622;13886;413;15084;15250;5.21;0.32;321.72;16.38;1198;44;5243.00;166
13888;42;623103636;13888;405;15086;15250;5.13;0.31;321.76;16.41;1198;44;5244.00;164
13889;42;623103650;13889;413;15086;15250;5.10;0.31;321.79;16.41;1197;44;5245.00;164
13889;42;623103669;13889;420;15091;15254;5.06;0.31;321.79;16.43;1202;44;5246.00;163
13890;42;623103681;13890;424;15092;15255;5.00;0.30;321.79;16.43;1202;44;5247.00;163
13890;42;623103694;13890;431;15093;15255;4.96;0.30;321.79;16.44;1203;44;5248.00;162
13891;42;623103716;13891;421;15095;15256;4.89;0.30;321.80;16.45;1204;44;5249.00;161
13893;42;623103736;13893;426;15097;15256;4.81;0.29;321.76;16.46;1204;44;5250.00;159
13896;42;623103748;13896;426;15097;15256;4.76;0.29;321.82;16.46;1201;44;5251.00;159
13896;42;623103761;13896;418;15099;15256;4.73;0.29;321.82;16.48;1203;44;5252.00;157
13897;42;623103773;13897;414;15101;15256;4.69;0.29;321.82;16.50;1204;44;5253.00;155
13900;42;623103784;13900;408;15101;15256;4.68;0.28;321.79;16.50;1201;44;5254.00;155
13900;42;623103797;13900;403;15102;15256;4.71;0.29;321.79;16.51;1202;44;5255.00;154
13904;42;623103808;13904;410;15138;15326;4.88;0.30;321.81;16.48;1234;44;5256.00;188
13906;42;623103826;13906;401;15141;15327;4.85;0.30;321.84;16.49;1235;44;5257.00;186
13907;42;623103839;13907;399;15149;15327;4.87;0.30;321.84;16.48;1242;44;5258.00;178
13909;42;623103851;13909;399;15156;15327;4.86;0.30;321.89;16.49;1247;44;5259.00;171
13911;42;623103863;13911;397;15159;15327;4.81;0.29;321.89;16.49;1248;44;5260.00;168
13914;42;623103876;13914;401;15160;15327;4.78;0.29;321.91;16.50;1246;44;5261.00;167
13915;42;623103888;13915;400;15165;15327;4.82;0.29;321.91;16.50;1250;44;5262.00;162
13919;42;623103900;13919;403;15167;15327;4.79;0.29;321.87;16.51;1248;44;5263.00;160
13920;42;623103912;13920;408;15170;15328;4.82;0.29;321.87;16.51;1250;44;5264.00;158
13923;42;623103925;13923;410;15173;15330;4.81;0.29;321.97;16.51;1250;44;5265.00;157
13926;42;623103938;13926;416;15177;15330;4.82;0.29;321.97;16.52;1251;44;5266.00;153
13930;42;623103951;13930;423;15183;15334;4.82;0.29;322.01;16.52;1253;44;5267.00;151
13935;42;623103964;13935;434;15184;15334;4.76;0.29;322.03;16.53;1249;44;5268.00;150
13938;42;623103977;13938;449;15184;15334;4.73;0.29;322.00;16.53;1246;44;5269.00;150
13941;42;623103989;13941;444;15185;15334;4.74;0.29;322.09;16.53;1244;44;5270.00;149
13943;42;623104002;13943;449;15190;15340;4.80;0.29;322.08;16.53;1247;44;5271.00;150
13946;42;623104015;13946;441;15190;15340;4.81;0.29;322.14;16.53;1244;44;5272.00;150
13946;42;623104028;13946;432;15192;15340;4.88;0.30;322.14;16.54;1246;44;5273.00;148
13951;42;623104045;13951;425;15193;15343;4.88;0.30;322.19;16.54;1242;44;5274.00;150
13953;42;623104067;13953;418;15194;15343;4.92;0.30;322.21;16.55;1241;44;5275.00;149
13957;42;623104089;13957;415;15194;15343;4.97;0.30;322.22;16.55;1237;44;5276.00;149
13962;42;623104111;13962;408;15194;15344;4.96;0.30;322.31;16.55;1232;44;5277.00;150
13966;42;623104140;13966;404;15196;15345;5.04;0.31;322.27;16.55;1230;44;5278.00;149
13969;42;623104157;13969;399;15196;15345;5.07;0.31;322.35;16.55;1227;44;5279.00;149
13973;42;623104178;13973;400;15214;15371;5.21;0.32;322.37;16.53;1241;44;5280.00;157
13975;42;623104201;13975;392;15215;15371;5.28;0.32;322.38;16.53;1240;44;5281.00;156
13979;42;623104216;13979;380;15219;15371;5.33;0.33;322.40;16.53;1240;44;5282.00;152
13982;42;623104231;13982;376;15220;15372;5.38;0.33;322.41;16.53;1238;44;5283.00;152
13986;42;623104252;13986;369;15220;15372;5.40;0.33;322.49;16.53;1234;44;5284.00;152
13991;42;623104270;13991;357;15223;15376;5.41;0.33;322.56;16.52;1232;44;5285.00;153
13995;42;623104294;13995;360;15223;15376;5.43;0.33;322.60;16.52;1228;44;5286.00;153
13999;42;623104314;13999;354;15227;15379;5.42;0.33;322.67;16.52;1228;44;5287.00;152
14006;42;623104334;14006;350;15227;15380;5.38;0.33;322.69;16.52;1221;44;5288.00;153
14008;42;623104353;14008;351;15228;15380;5.39;0.33;322.70;16.52;1220;44;5289.00;152
14010;42;623104369;14010;352;15228;15380;5.42;0.33;322.72;16.52;1218;44;5290.00;152
14014;42;623104384;14014;348;15228;15380;5.41;0.33;322.75;16.52;1214;44;5291.00;152
14018;42;623104398;14018;348;15239;15392;5.49;0.34;322.79;16.51;1221;44;5292.00;153
14023;42;623104415;14023;351;15239;15392;5.52;0.34;322.80;16.51;1216;44;5293.00;153
14028;42;623104430;14028;356;15239;15392;5.47;0.33;322.80;16.51;1211;44;5294.00;153
14031;42;623104444;14031;345;15239;15392;5.49;0.34;322.79;16.51;1208;44;5295.00;153
14036;42;623104459;14036;355;15239;15392;5.51;0.34;322.80;16.51;1203;44;5296.00;153
14042;42;623104474;14042;343;15239;15392;5.48;0.34;322.86;16.51;1197;44;5297.00;153
14044;42;623104488;14044;343;15239;15393;5.49;0.34;322.93;16.51;1195;44;5298.00;154
14049;42;623104502;14049;344;15239;15393;5.51;0.34;322.92;16.51;1190;44;5299.00;154
14056;42;623104518;14056;344;15244;15399;5.47;0.33;323.05;16.50;1188;44;5300.00;155
14057;42;623104539;14057;345;15245;15400;5.49;0.34;323.07;16.50;1188;44;5301.00;155
14062;42;623104555;14062;351;15245;15400;5.50;0.34;323.10;16.50;1183;44;5302.00;155
14064;42;623104571;14064;346;15245;15400;5.45;0.33;323.08;16.50;1181;44;5303.00;155
14069;42;623104585;14069;346;15248;15404;5.47;0.34;323.11;16.50;1179;44;5304.00;156
14073;42;623104599;14073;344;15248;15404;5.47;0.34;323.14;16.50;1175;44;5305.00;156
14076;42;623104613;14076;346;15248;15404;5.50;0.34;323.13;16.50;1172;44;5306.00;156
14080;42;623104626;14080;345;15249;15405;5.49;0.34;323.15;16.50;1169;44;5307.00;156
14087;42;623104642;14087;347;15252;15409;5.48;0.34;323.21;16.49;1165;44;5308.00;157
14090;42;623104656;14090;348;15252;15409;5.45;0.33;323.25;16.49;1162;44;5309.00;157
14094;42;623104673;14094;343;15256;15415;5.50;0.34;323.32;16.49;1162;44;5310.00;159
14099;42;623104695;14099;345;15257;15415;5.56;0.34;323.33;16.49;1158;44;5311.00;158
14104;42;623104709;14104;344;15258;15415;5.60;0.34;323.30;16.49;1154;44;5312.00;157
14111;42;623104723;14111;354;15258;15415;5.61;0.34;323.29;16.49;1147;44;5313.00;157
14114;42;623104737;14114;349;15262;15419;5.70;0.35;323.30;16.48;1148;44;5314.00;157
14117;42;623104755;14117;346;15262;15419;5.72;0.35;323.33;16.48;1145;44;5315.00;157
14119;42;623104769;14119;349;15262;15419;5.74;0.35;323.33;16.48;1143;44;5316.00;157
14123;42;623104783;14123;344;15262;15419;5.70;0.35;323.36;16.48;1139;44;5317.00;157
14127;42;623104798;14127;333;15262;15420;5.67;0.35;323.41;16.48;1135;44;5318.00;158
14132;42;623104812;14132;327;15263;15421;5.67;0.35;323.48;16.48;1131;44;5319.00;158
14136;42;623104826;14136;321;15264;15421;5.68;0.35;323.55;16.59;1128;44;5320.00;157
14141;42;623104840;14141;314;15265;15422;5.70;0.35;323.62;16.59;1124;44;5321.00;157
14142;42;623104856;14142;316;15265;15422;5.73;0.35;323.65;16.59;1123;44;5322.00;157
14147;42;623104871;14147;315;15265;15422;5.73;0.35;323.68;16.59;1118;44;5323.00;157
14149;42;623104886;14149;320;15265;15422;5.74;0.35;323.72;16.59;1116;44;5324.00;157
14154;42;623104900;14154;326;15265;15422;5.75;0.35;323.81;16.59;1111;44;5325.00;157
14156;42;623104913;14156;319;15265;15422;5.76;0.35;323.84;16.59;1109;44;5326.00;157
14159;42;623104928;14159;308;15265;15422;5.73;0.35;323.83;16.59;1106;44;5327.00;157
14161;42;623104941;14161;345;15337;15549;5.73;0.35;323.87;16.52;1176;44;5328.00;212
14165;42;623104975;14165;328;15338;15550;5.70;0.35;323.92;16.51;1173;44;5329.00;212
14168;42;623104990;14168;319;15344;15550;5.77;0.36;323.97;16.62;1176;44;5330.00;206
14172;42;623105005;14172;316;15346;15550;5.84;0.36;324.01;16.62;1174;44;5331.00;204
14174;42;623105020;14174;304;15351;15550;5.92;0.36;324.01;16.62;1177;44;5332.00;199
14175;42;623105034;14175;305;15353;15550;5.94;0.37;324.03;16.61;1178;44;5333.00;197
14178;42;623105054;14178;307;15356;15550;5.96;0.37;324.08;16.61;1178;44;5334.00;194
14182;42;623105069;14182;308;15358;15550;5.97;0.37;324.16;16.61;1176;44;5335.00;192
14182;42;623105086;14182;306;15362;15551;6.05;0.37;324.16;16.61;1180;45;5336.00;189
14185;42;623105110;14185;312;15367;15552;6.06;0.37;324.18;16.61;1182;45;5337.00;185
14190;42;623105126;14190;304;15371;15552;6.14;0.38;324.14;16.72;1181;45;5338.00;181
14192;42;623105141;14192;315;15374;15553;6.17;0.38;324.16;16.72;1182;45;5339.00;179
14195;42;623105158;14195;307;15377;15553;6.17;0.38;324.18;16.71;1182;45;5340.00;176
14197;42;623105173;14197;316;15378;15553;6.20;0.38;324.18;16.71;1181;45;5341.00;175
14201;42;623105190;14201;320;15382;15553;6.21;0.38;324.19;16.71;1181;45;5342.00;171
14204;42;623105206;14204;324;15384;15557;6.20;0.38;324.17;16.71;1180;45;5343.00;173
14208;42;623105221;14208;321;15386;15557;6.21;0.38;324.27;16.71;1178;45;5344.00;171
14209;42;623105240;14209;323;15386;15557;6.20;0.38;324.27;16.71;1177;45;5345.00;171
14214;42;623105260;14214;326;15389;15560;6.20;0.38;324.33;16.71;1175;45;5346.00;171
14215;42;623105275;14215;330;15390;15560;6.20;0.38;324.31;16.71;1175;45;5347.00;170
14220;42;623105296;14220;334;15391;15560;6.20;0.38;324.42;16.71;1171;45;5348.00;169
14222;42;623105314;14222;338;15395;15564;6.19;0.38;324.44;16.71;1173;45;5349.00;169
14223;42;623105327;14223;346;15396;15565;6.22;0.38;324.44;16.70;1173;45;5350.00;169
14227;42;623105342;14227;343;15396;15565;6.14;0.37;324.42;16.70;1169;45;5351.00;169
14230;42;623105356;14230;340;15401;15569;6.14;0.37;324.45;16.70;1171;45;5352.00;168
14231;42;623105371;14231;341;15401;15569;6.13;0.37;324.44;16.70;1170;45;5353.00;168
14235;42;623105384;14235;334;15401;15569;6.13;0.37;324.45;16.70;1166;45;5354.00;168
14236;42;623105398;14236;340;15403;15571;6.12;0.37;324.47;16.70;1167;45;5355.00;168
14237;42;623105412;14237;344;15403;15571;6.08;0.37;324.53;16.70;1166;45;5356.00;168
14238;42;623105431;14238;346;15409;15577;6.06;0.37;324.56;16.81;1171;45;5357.00;168
14242;42;623105445;14242;346;15409;15577;6.03;0.37;324.55;16.81;1167;45;5358.00;168
14245;42;623105458;14245;340;15409;15577;6.06;0.37;324.60;16.81;1164;45;5359.00;168
14247;42;623105472;14247;338;15409;15578;6.06;0.37;324.59;16.81;1162;45;5360.00;169
14249;42;623105485;14249;334;15409;15578;6.03;0.37;324.60;16.81;1160;45;5361.00;169
14252;42;623105498;14252;334;15409;15578;6.03;0.37;324.61;16.81;1157;45;5362.00;169
14255;42;623105511;14255;335;15409;15578;5.97;0.36;324.59;16.81;1154;45;5363.00;169
14256;42;623105524;14256;335;15419;15590;6.01;0.37;324.58;16.79;1163;45;5364.00;171
14257;42;623105538;14257;334;15419;15590;6.03;0.37;324.58;16.79;1162;45;5365.00;171
14258;42;623105551;14258;333;15420;15590;6.05;0.37;324.57;16.79;1162;45;5366.00;170
14261;42;623105564;14261;337;15420;15590;6.00;0.37;324.54;16.79;1159;45;5367.00;170
14264;42;623105576;14264;336;15420;15590;5.97;0.36;324.52;16.79;1156;45;5368.00;170
14267;42;623105589;14267;335;15420;15590;5.93;0.36;324.48;16.79;1153;45;5369.00;170
14270;42;623105604;14270;337;15423;15594;5.91;0.36;324.43;16.79;1153;45;5370.00;171
14274;42;623105617;14274;335;15423;15594;5.84;0.36;324.42;16.79;1149;45;5371.00;171
14278;42;623105635;14278;333;15427;15598;5.86;0.36;324.45;16.79;1149;45;5372.00;171
14283;42;623105654;14283;338;15427;15599;5.79;0.35;324.43;16.79;1144;45;5373.00;172
14286;42;623105666;14286;344;15430;15599;5.73;0.35;324.41;16.92;1144;45;5374.00;169
14290;42;623105681;14290;344;15431;15599;5.67;0.35;324.41;16.93;1141;45;5375.00;168
14295;42;623105693;14295;348;15442;15612;5.64;0.34;324.44;16.92;1147;45;5376.00;170
14297;42;623105706;14297;343;15442;15612;5.57;0.34;324.41;16.92;1145;45;5377.00;170
14298;42;623105718;14298;346;15442;15612;5.53;0.34;324.42;16.92;1144;45;5378.00;170
14303;42;623105730;14303;348;15443;15613;5.49;0.33;324.39;16.92;1140;45;5379.00;170
14306;42;623105742;14306;355;15443;15614;5.49;0.33;324.38;16.92;1137;45;5380.00;171
14306;42;623105755;14306;357;15443;15614;5.48;0.33;324.38;16.92;1137;45;5381.00;171
14308;42;623105767;14308;361;15446;15617;5.48;0.33;324.37;17.03;1138;45;5382.00;171
14310;42;623105779;14310;360;15447;15617;5.49;0.33;324.37;17.03;1137;45;5383.00;170
14312;42;623105790;14312;365;15447;15617;5.42;0.33;324.35;17.03;1135;45;5384.00;170
14312;42;623105802;14312;370;15447;15617;5.39;0.33;324.35;17.03;1135;45;5385.00;170
14312;42;623105814;14312;370;15452;15623;5.44;0.33;324.35;17.02;1140;45;5386.00;171
14315;42;623105825;14315;361;15453;15623;5.41;0.33;324.36;17.03;1138;45;5387.00;170
14315;42;623105837;14315;358;15453;15623;5.38;0.33;324.36;17.03;1138;45;5388.00;170
14315;42;623105856;14315;355;15453;15623;5.39;0.33;324.36;17.03;1138;45;5389.00;170
14316;42;623105868;14316;353;15456;15627;5.38;0.33;324.36;17.03;1140;45;5390.00;171
14320;42;623105881;14320;346;15458;15628;5.37;0.32;324.35;17.03;1138;45;5391.00;170
14321;42;623105893;14321;343;15459;15628;5.36;0.32;324.35;17.14;1138;45;5392.00;169
14321;42;623105905;14321;345;15460;15629;5.37;0.33;324.35;17.14;1139;45;5393.00;169
14321;42;623105929;14321;341;15460;15629;5.42;0.33;324.35;17.14;1139;45;5394.00;169
14322;42;623105941;14322;341;15460;15629;5.41;0.33;324.35;17.14;1138;45;5395.00;169
14326;42;623105953;14326;346;15461;15629;5.47;0.33;324.41;17.14;1135;45;5396.00;168
14326;42;623105966;14326;344;15461;15629;5.54;0.34;324.41;17.14;1135;45;5397.00;168
14329;42;623105980;14329;344;15461;15629;5.57;0.34;324.42;17.14;1132;45;5398.00;168
14329;42;623105993;14329;341;15462;15629;5.61;0.34;324.42;17.15;1133;45;5399.00;167
