step_arrived;step_collisions;step_duration;step_ended;step_halting;step_inserted;step_loaded;step_meanSpeed;step_meanSpeedRelative;step_meanTravelTime;step_meanWaitingTime;step_running;step_teleports;step_time;step_waiting
0;0;624781618;0;1;91;245;16.05;1.13;-1.00;0.00;91;0;0.00;154
0;0;624781646;0;1;104;245;15.04;1.04;-1.00;0.13;104;0;1.00;141
0;0;624781647;0;3;125;245;14.14;0.96;-1.00;0.44;125;0;2.00;120
0;0;624781649;0;4;139;245;13.25;0.89;-1.00;0.70;139;0;3.00;106
0;0;624781650;0;4;151;245;12.43;0.83;-1.00;0.96;151;0;4.00;94
0;0;624781651;0;7;162;245;11.37;0.76;-1.00;1.23;162;0;5.00;83
0;0;624781653;0;11;172;245;10.71;0.71;-1.00;1.51;172;0;6.00;73
0;0;624781655;0;15;183;245;9.95;0.66;-1.00;1.84;183;0;7.00;62
0;0;624781657;0;19;190;246;9.41;0.62;-1.00;2.07;190;0;8.00;56
0;0;624781659;0;24;195;247;9.13;0.60;-1.00;2.25;195;0;9.00;52
0;0;624781661;0;30;201;247;8.73;0.58;-1.00;2.48;201;0;10.00;46
1;0;624781663;1;35;206;248;8.49;0.56;11.00;2.64;205;0;11.00;42
1;0;624781666;1;35;211;248;8.41;0.55;11.00;2.86;210;0;12.00;37
2;0;624781668;2;39;215;248;8.28;0.54;12.00;3.05;213;0;13.00;33
2;0;624781671;2;42;216;248;8.33;0.54;12.00;3.10;214;0;14.00;32
2;0;624781673;2;47;222;252;8.20;0.53;12.00;3.29;220;0;15.00;30
2;0;624781676;2;52;224;252;8.25;0.53;12.00;3.38;222;0;16.00;28
2;0;624781679;2;57;226;252;8.25;0.53;12.00;3.43;224;0;17.00;26
2;0;624781681;2;61;232;255;8.09;0.51;12.00;3.73;230;0;18.00;23
3;0;624781684;3;63;232;255;7.96;0.51;14.33;3.73;229;0;19.00;23
4;0;624781687;4;68;235;255;7.76;0.49;15.75;3.94;231;0;20.00;20
4;0;624781690;4;72;241;259;7.85;0.49;15.75;4.03;237;0;21.00;18
4;0;624781693;4;73;242;260;8.00;0.50;15.75;4.02;238;0;22.00;18
4;0;624781696;4;81;243;260;8.04;0.50;15.75;4.10;239;0;23.00;17
4;0;624781698;4;84;249;264;8.02;0.50;15.75;4.19;245;0;24.00;15
5;0;624781702;5;85;249;264;8.15;0.51;17.60;4.19;244;0;25.00;15
5;0;624781704;5;89;250;264;8.38;0.52;17.60;4.28;245;0;26.00;14
6;0;624781707;6;92;252;265;8.39;0.52;19.00;4.40;246;0;27.00;13
6;0;624781711;6;92;252;265;8.45;0.53;19.00;4.40;246;0;28.00;13
6;0;624781714;6;93;257;271;8.48;0.53;19.00;4.34;251;0;29.00;14
6;0;624781719;6;95;258;271;8.43;0.52;19.00;4.44;252;0;30.00;13
7;0;624781723;7;99;260;272;8.24;0.51;20.29;4.46;253;0;31.00;12
8;0;624781726;8;101;260;272;8.19;0.51;21.75;4.46;252;0;32.00;12
9;0;624781729;9;104;261;272;8.10;0.50;23.00;4.57;252;0;33.00;11
10;0;624781732;10;108;261;272;8.01;0.50;23.50;4.57;251;0;34.00;11
10;0;624781735;10;111;261;272;8.03;0.50;23.50;4.57;251;0;35.00;11
11;0;624781738;11;112;271;284;8.26;0.51;24.64;4.40;260;0;36.00;13
12;0;624781743;12;115;272;284;8.20;0.51;25.33;4.42;260;0;37.00;12
13;0;624781746;13;116;273;284;8.06;0.50;26.08;4.54;260;0;38.00;11
13;0;624781749;13;117;273;284;7.92;0.49;26.08;4.54;260;0;39.00;11
14;0;624781752;14;120;274;284;7.73;0.48;26.93;4.67;260;0;40.00;10
15;0;624781755;15;125;275;284;7.66;0.48;27.53;4.80;260;0;41.00;9
15;0;624781758;15;127;280;288;7.68;0.48;27.53;4.75;265;0;42.00;8
16;0;624781761;16;131;280;288;7.57;0.47;28.06;4.75;264;0;43.00;8
18;0;624781764;18;132;284;292;7.48;0.46;28.33;4.85;266;0;44.00;8
18;0;624781767;18;133;286;294;7.37;0.46;28.33;4.94;268;0;45.00;8
18;0;624781771;18;140;287;294;7.19;0.45;28.33;5.02;269;0;46.00;7
18;0;624781773;18;136;288;294;7.05;0.44;28.33;5.07;270;0;47.00;6
19;0;624781776;19;140;299;307;7.31;0.46;29.37;4.93;280;0;48.00;8
19;0;624781780;19;143;299;307;7.29;0.45;29.37;4.93;280;0;49.00;8
19;0;624781783;19;145;300;307;7.22;0.45;29.37;4.93;281;0;50.00;7
20;0;624781788;20;147;302;308;7.36;0.46;30.45;4.92;282;0;51.00;6
22;0;624781791;22;149;304;309;7.19;0.45;30.73;4.91;282;0;52.00;5
23;0;624781795;23;150;304;309;7.19;0.45;31.52;4.91;281;0;53.00;5
24;0;624781797;24;151;307;312;7.29;0.45;32.38;4.86;283;0;54.00;5
24;0;624781801;24;153;307;312;7.24;0.45;32.38;4.86;283;0;55.00;5
24;0;624781804;24;141;307;312;7.24;0.45;32.38;4.86;283;0;56.00;5
26;0;624781807;26;139;307;312;7.18;0.44;33.35;4.86;281;0;57.00;5
26;0;624781810;26;137;312;318;7.25;0.45;33.35;4.80;286;0;58.00;6
26;0;624781814;26;139;312;318;7.30;0.45;33.35;4.80;286;0;59.00;6
26;0;624781818;26;142;312;318;7.31;0.45;33.35;4.80;286;0;60.00;6
26;0;624781821;26;144;312;318;7.41;0.46;33.35;4.80;286;0;61.00;6
29;0;624781824;29;148;316;322;7.38;0.46;34.62;4.75;287;0;62.00;6
30;0;624781828;30;150;317;323;7.55;0.46;35.47;4.74;287;0;63.00;6
31;0;624781831;31;153;317;323;7.58;0.46;36.19;4.74;286;0;64.00;6
31;0;624781834;31;151;318;324;7.64;0.47;36.19;4.72;287;0;65.00;6
32;0;624781836;32;150;318;324;7.66;0.47;37.13;4.72;286;0;66.00;6
32;0;624781839;32;141;318;324;7.76;0.48;37.13;4.72;286;0;67.00;6
33;0;624781843;33;137;318;324;7.85;0.48;38.06;4.72;285;0;68.00;6
34;0;624781846;34;133;318;324;7.93;0.49;38.35;4.72;284;0;69.00;6
37;0;624781850;37;128;318;324;8.01;0.49;40.22;4.72;281;0;70.00;6
37;0;624781853;37;128;318;324;8.13;0.49;40.22;4.72;281;0;71.00;6
37;0;624781856;37;132;352;394;8.31;0.51;40.22;4.27;315;0;72.00;42
37;0;624781864;37;125;353;395;8.48;0.52;40.22;4.26;316;0;73.00;42
38;0;624781868;38;118;360;395;8.79;0.54;41.11;4.21;322;0;74.00;35
38;0;624781871;38;117;364;395;9.09;0.56;41.11;4.20;326;0;75.00;31
39;0;624781874;39;115;366;395;9.37;0.57;41.97;4.20;327;0;76.00;29
39;1;624781878;39;114;368;395;9.55;0.58;41.97;4.20;329;1;77.00;27
39;1;624781895;39;116;370;395;9.68;0.59;41.97;4.21;331;1;78.00;25
39;1;624781899;39;118;372;395;9.75;0.59;41.97;4.23;333;1;79.00;23
40;1;624781904;40;117;375;396;9.87;0.60;42.48;4.26;335;1;80.00;21
40;1;624781908;40;117;376;397;9.89;0.60;42.48;4.27;336;1;81.00;21
40;1;624781920;40;117;378;397;9.99;0.60;42.48;4.30;338;1;82.00;19
41;1;624781924;41;121;384;401;9.93;0.60;43.46;4.28;343;1;83.00;17
41;1;624781929;41;124;385;401;9.90;0.60;43.46;4.28;344;1;84.00;16
41;1;624781934;41;123;385;401;9.86;0.60;43.46;4.28;344;1;85.00;16
42;1;624781938;42;122;385;401;9.70;0.59;44.38;4.28;343;1;86.00;16
42;1;624781942;42;122;390;407;9.58;0.58;44.38;4.24;348;1;87.00;17
42;1;624781947;42;125;390;407;9.55;0.58;44.38;4.24;348;1;88.00;17
44;1;624781951;44;124;390;407;9.41;0.57;46.41;4.24;346;1;89.00;17
46;1;624781957;46;127;394;413;9.41;0.57;48.30;4.20;348;1;90.00;19
49;1;624781961;49;126;394;413;9.30;0.57;50.92;4.20;345;1;91.00;19
50;1;624781966;50;129;396;413;9.33;0.57;51.74;4.18;346;1;92.00;17
53;1;624781971;53;129;397;414;9.28;0.57;53.91;4.18;344;1;93.00;17
54;1;624781976;54;130;398;415;9.29;0.57;54.65;4.17;344;1;94.00;17
55;1;624781980;55;130;398;415;9.29;0.57;55.38;4.17;343;1;95.00;17
58;1;624781984;58;133;408;428;9.19;0.56;57.33;4.07;350;1;96.00;20
58;1;624781989;58;130;408;428;9.26;0.57;57.33;4.07;350;1;97.00;20
62;1;624781993;62;131;409;428;9.23;0.56;58.79;4.06;347;1;98.00;19
64;1;624781997;64;129;410;429;9.30;0.57;60.02;4.05;346;1;99.00;19
64;1;624782003;64;128;410;429;9.33;0.57;60.02;4.05;346;1;100.00;19
66;1;624782012;66;127;413;433;9.46;0.58;61.06;4.03;347;1;101.00;20
67;1;624782017;67;120;413;433;9.53;0.58;61.61;4.03;346;1;102.00;20
67;1;624782022;67;115;419;437;9.47;0.58;61.61;4.34;352;1;103.00;18
67;1;624782027;67;107;419;437;9.60;0.59;61.61;4.34;352;1;104.00;18
69;1;624782032;69;102;419;437;9.74;0.60;62.81;4.34;350;1;105.00;18
69;1;624782037;69;97;419;437;9.97;0.61;62.81;4.34;350;1;106.00;18
69;1;624782042;69;92;419;437;10.11;0.62;62.81;4.34;350;1;107.00;18
71;1;624782046;71;85;430;449;10.32;0.63;64.00;4.23;359;1;108.00;19
71;1;624782053;71;81;431;449;10.47;0.64;64.00;4.22;360;1;109.00;18
73;1;624782057;73;76;431;449;10.59;0.65;64.97;4.22;358;1;110.00;18
74;1;624782063;74;71;431;449;10.66;0.65;65.59;4.22;357;1;111.00;18
74;1;624782068;74;71;431;449;10.78;0.66;65.59;4.22;357;1;112.00;18
74;1;624782073;74;69;431;449;10.93;0.67;65.59;4.22;357;1;113.00;18
74;1;624782079;74;68;432;450;11.04;0.67;65.59;4.21;358;1;114.00;18
75;1;624782085;75;66;432;450;11.14;0.68;66.23;4.21;357;1;115.00;18
75;1;624782090;75;68;437;456;11.28;0.69;66.23;4.17;362;1;116.00;19
76;1;624782097;76;67;439;457;11.19;0.68;66.89;4.52;363;1;117.00;18
76;1;624782103;76;71;441;457;11.14;0.68;66.89;4.61;365;1;118.00;16
76;1;624782108;76;72;441;457;11.05;0.67;66.89;4.61;365;1;119.00;16
77;1;624782116;77;75;448;462;10.98;0.67;67.58;5.02;371;1;120.00;14
77;1;624782122;77;77;448;462;11.01;0.67;67.58;5.02;371;1;121.00;14
78;1;624782127;78;78;448;462;10.96;0.67;68.26;5.02;370;1;122.00;14
78;1;624782133;78;82;452;463;10.97;0.67;68.26;5.37;374;1;123.00;11
78;1;624782138;78;84;456;467;10.98;0.67;68.26;5.33;378;1;124.00;11
78;1;624782145;78;83;456;467;11.10;0.68;68.26;5.33;378;1;125.00;11
82;1;624782150;82;86;460;470;11.18;0.68;70.33;5.57;378;1;126.00;10
82;1;624782157;82;87;462;470;11.37;0.69;70.33;5.67;380;1;127.00;8
83;1;624782164;83;86;463;470;11.58;0.71;70.59;5.75;380;1;128.00;7
84;1;624782170;84;85;465;470;11.63;0.71;71.29;5.91;381;1;129.00;5
84;1;624782177;84;86;468;474;11.82;0.73;71.29;5.88;384;1;130.00;6
87;1;624782184;87;89;470;474;11.86;0.73;73.23;6.01;383;1;131.00;4
88;1;624782196;88;89;471;474;11.94;0.73;73.08;6.00;383;1;132.00;3
91;1;624782202;91;89;472;474;11.91;0.73;74.89;6.07;381;1;133.00;2
92;1;624782208;92;90;474;475;11.92;0.73;75.52;6.13;382;1;134.00;1
93;1;624782214;93;91;476;477;11.86;0.73;76.16;6.10;383;1;135.00;1
94;1;624782221;94;93;477;477;11.74;0.72;76.80;6.12;383;1;136.00;0
96;1;624782226;96;94;478;478;11.69;0.72;77.40;6.11;382;1;137.00;0
97;1;624782232;97;94;478;478;11.60;0.71;77.92;6.11;381;1;138.00;0
98;1;624782238;98;99;478;478;11.57;0.71;78.44;6.11;380;1;139.00;0
99;1;624782244;99;101;478;478;11.61;0.71;78.33;6.11;379;1;140.00;0
103;1;624782249;103;104;478;478;11.64;0.71;79.35;6.11;375;1;141.00;0
104;1;624782255;104;105;478;478;11.74;0.72;79.69;6.11;374;1;142.00;0
104;1;624782261;104;106;478;478;11.77;0.72;79.69;6.11;374;1;143.00;0
107;1;624782267;107;128;552;605;11.34;0.71;80.99;5.30;445;1;144.00;53
108;1;624782285;108;123;557;606;11.35;0.71;81.53;5.26;449;1;145.00;49
110;1;624782291;110;121;568;606;11.33;0.71;81.72;5.20;458;1;146.00;38
112;1;624782298;112;118;569;606;11.25;0.71;82.87;5.19;457;1;147.00;37
114;1;624782305;114;118;573;606;11.23;0.70;82.96;5.18;459;1;148.00;33
115;1;624782314;115;116;574;606;11.16;0.70;83.52;5.18;459;1;149.00;32
115;1;624782323;115;115;578;611;11.11;0.69;83.52;5.17;463;1;150.00;33
119;1;624782333;119;111;579;611;11.13;0.69;84.87;5.17;460;1;151.00;32
119;1;624782343;119;110;580;612;11.21;0.70;84.87;5.18;461;1;152.00;32
121;1;624782351;121;110;582;613;11.28;0.70;85.96;5.19;461;1;153.00;31
125;1;624782359;125;109;584;613;11.33;0.70;87.07;5.21;459;1;154.00;29
127;1;624782366;127;110;589;614;11.28;0.70;88.14;5.23;462;1;155.00;25
129;1;624782372;129;114;594;614;11.21;0.70;87.94;5.27;465;1;156.00;20
133;1;624782378;133;118;595;614;11.13;0.69;89.97;5.29;462;1;157.00;19
134;1;624782385;134;121;598;614;11.02;0.68;90.48;5.33;464;1;158.00;16
135;1;624782391;135;126;601;618;10.86;0.67;89.91;5.33;466;1;159.00;17
136;1;624782398;136;130;604;618;10.70;0.66;90.43;5.39;468;1;160.00;14
136;1;624782404;136;134;606;618;10.59;0.66;90.43;5.42;470;1;161.00;12
141;1;624782411;141;137;610;621;10.41;0.65;91.95;5.51;469;1;162.00;11
144;1;624782418;144;141;612;621;10.33;0.64;92.40;5.54;468;1;163.00;9
146;1;624782424;146;143;614;621;10.20;0.63;93.32;5.55;468;1;164.00;7
147;1;624782430;147;142;619;625;10.06;0.62;92.99;5.55;472;1;165.00;6
149;1;624782436;149;141;620;626;10.01;0.62;93.00;5.54;471;1;166.00;6
149;1;624782443;149;145;623;626;9.86;0.61;93.00;5.57;474;1;167.00;3
151;1;624782448;151;145;627;630;9.71;0.60;93.97;5.55;476;1;168.00;3
152;1;624782455;152;148;628;630;9.55;0.59;94.31;5.54;476;1;169.00;2
155;1;624782460;155;139;628;630;9.47;0.59;95.45;5.54;473;1;170.00;2
155;1;624782466;155;142;629;631;9.32;0.58;95.45;5.53;474;1;171.00;2
156;1;624782473;156;138;629;631;9.20;0.57;95.85;5.53;473;1;172.00;2
157;1;624782479;157;141;637;637;9.31;0.58;96.25;5.52;480;1;173.00;0
157;1;624782485;157;137;637;637;9.39;0.58;96.25;5.52;480;1;174.00;0
161;1;624782491;161;135;638;638;9.31;0.57;96.94;5.51;477;1;175.00;0
162;1;624782497;162;140;638;638;9.23;0.57;97.40;5.51;476;1;176.00;0
163;1;624782503;163;134;638;638;9.15;0.56;97.43;5.51;475;1;177.00;0
163;1;624782508;163;132;638;638;9.11;0.56;97.43;5.51;475;1;178.00;0
164;1;624782514;164;129;638;638;9.12;0.56;97.18;5.51;474;1;179.00;0
165;1;624782521;165;132;669;672;9.23;0.57;97.56;5.26;504;1;180.00;3
166;1;624782530;166;129;670;672;9.30;0.58;97.52;5.25;504;1;181.00;2
168;1;624782536;168;126;671;672;9.37;0.58;97.74;5.25;503;1;182.00;1
170;1;624782541;170;126;671;672;9.36;0.58;98.04;5.25;501;1;183.00;1
171;1;624782548;171;126;672;672;9.46;0.59;98.18;5.25;501;1;184.00;0
172;1;624782554;172;127;672;672;9.47;0.59;98.40;5.25;500;1;185.00;0
174;1;624782566;174;138;676;676;9.48;0.59;98.97;5.22;502;1;186.00;0
175;1;624782573;175;144;676;676;9.47;0.59;99.16;5.22;501;1;187.00;0
176;1;624782578;176;146;680;680;9.46;0.58;99.24;5.20;504;1;188.00;0
181;1;624782585;181;151;681;681;9.35;0.57;100.49;5.19;500;1;189.00;0
184;1;624782592;184;162;681;681;9.28;0.57;100.53;5.19;497;1;190.00;0
186;1;624782598;186;168;681;681;9.07;0.56;100.38;5.19;495;1;191.00;0
188;1;624782604;188;177;694;694;9.06;0.55;100.95;5.09;506;1;192.00;0
190;1;624782613;190;177;694;694;8.94;0.55;100.75;5.09;504;1;193.00;0
192;1;624782624;192;182;694;694;8.82;0.54;100.30;5.09;502;1;194.00;0
194;1;624782632;194;181;695;695;8.72;0.53;100.15;5.08;501;1;195.00;0
195;1;624782641;195;187;696;696;8.65;0.53;100.22;5.08;501;1;196.00;0
197;1;624782650;197;191;696;696;8.54;0.52;99.97;5.08;499;1;197.00;0
200;1;624782657;200;201;698;699;8.47;0.52;99.28;5.06;498;1;198.00;1
200;1;624782669;200;209;698;699;8.38;0.51;99.28;5.06;498;1;199.00;1
201;1;624782679;201;211;699;699;8.30;0.51;99.06;5.06;498;1;200.00;0
202;1;624782694;202;213;699;699;8.19;0.51;99.05;5.06;497;1;201.00;0
202;1;624782702;202;218;705;705;8.12;0.50;99.05;5.03;503;1;202.00;0
204;1;624782712;204;222;705;705;8.01;0.49;98.77;5.03;501;1;203.00;0
205;1;624782720;205;228;705;705;8.02;0.49;98.59;5.03;500;1;204.00;0
205;1;624782728;205;233;705;705;7.98;0.49;98.59;5.03;500;1;205.00;0
207;1;624782734;207;236;709;709;7.91;0.49;98.41;5.00;502;1;206.00;0
207;1;624782741;207;239;710;710;7.81;0.48;98.41;5.00;503;1;207.00;0
210;1;624782747;210;242;710;710;7.68;0.47;98.79;5.00;500;1;208.00;0
213;1;624782753;213;246;711;711;7.53;0.46;100.06;4.99;498;1;209.00;0
215;1;624782761;215;247;711;711;7.34;0.45;100.41;4.99;496;1;210.00;0
215;1;624782768;215;249;711;711;7.20;0.44;100.41;4.99;496;1;211.00;0
218;1;624782773;218;253;711;711;6.96;0.43;100.66;4.99;493;1;212.00;0
221;1;624782779;221;260;711;711;6.67;0.41;100.04;4.99;490;1;213.00;0
222;1;624782786;222;271;711;711;6.52;0.40;99.90;4.99;489;1;214.00;0
223;1;624782791;223;272;711;711;6.41;0.39;99.77;4.99;488;1;215.00;0
225;1;624782796;225;290;753;781;6.57;0.41;100.53;4.71;528;1;216.00;28
226;1;624782807;226;276;755;782;6.62;0.41;101.04;4.70;529;1;217.00;27
227;1;624782814;227;264;762;782;6.80;0.42;101.19;4.68;535;1;218.00;20
228;1;624782819;228;245;765;782;6.95;0.43;101.68;4.67;537;1;219.00;17
229;1;624782826;229;231;767;782;7.17;0.44;102.19;4.67;538;1;220.00;15
230;1;624782832;230;224;770;782;7.44;0.46;102.70;4.67;540;1;221.00;12
230;1;624782838;230;220;772;782;7.57;0.47;102.70;4.67;542;1;222.00;10
231;1;624782847;231;218;774;782;7.70;0.47;103.19;4.68;543;1;223.00;8
231;1;624782853;231;216;775;783;7.83;0.48;103.19;4.68;544;1;224.00;8
233;1;624782860;233;216;778;785;7.88;0.48;104.17;4.69;545;1;225.00;7
234;1;624782867;234;208;781;785;8.02;0.49;104.49;4.71;547;1;226.00;4
236;1;624782874;236;197;788;789;8.14;0.50;104.64;4.71;552;1;227.00;1
238;1;624782882;238;187;789;789;8.34;0.51;105.05;4.70;551;1;228.00;0
238;1;624782890;238;181;789;789;8.63;0.53;105.05;4.70;551;1;229.00;0
240;1;624782897;240;176;789;789;8.85;0.54;105.52;4.70;549;1;230.00;0
242;1;624782911;242;171;795;795;9.08;0.56;106.03;4.68;553;1;231.00;0
243;1;624782919;243;160;795;795;9.26;0.57;106.52;4.68;552;1;232.00;0
244;1;624782926;244;155;795;795;9.42;0.58;107.00;4.68;551;1;233.00;0
245;1;624782934;245;150;797;798;9.65;0.59;106.93;4.66;552;1;234.00;1
245;1;624782942;245;143;797;798;9.90;0.61;106.93;4.66;552;1;235.00;1
245;1;624782950;245;141;798;798;10.10;0.62;106.93;4.66;553;1;236.00;0
251;1;624782957;251;135;799;799;10.20;0.62;108.75;4.66;548;1;237.00;0
254;1;624782965;254;130;800;800;10.37;0.63;108.74;4.65;546;1;238.00;0
254;1;624782973;254;125;800;800;10.51;0.64;108.74;4.65;546;1;239.00;0
257;1;624782982;257;128;824;826;10.43;0.64;109.67;4.52;567;1;240.00;2
261;1;624782992;261;121;824;826;10.49;0.64;109.77;4.52;563;1;241.00;2
263;1;624782999;263;114;825;826;10.70;0.65;110.35;4.51;562;1;242.00;1
265;1;624783006;265;112;827;827;10.82;0.66;110.90;4.51;562;1;243.00;0
268;1;624783013;268;108;827;827;10.86;0.66;111.44;4.51;559;1;244.00;0
270;1;624783020;270;107;831;831;10.94;0.67;112.15;4.49;561;1;245.00;0
272;1;624783027;272;102;831;831;11.02;0.67;112.23;4.49;559;1;246.00;0
276;1;624783034;276;99;835;835;11.04;0.67;113.57;4.47;559;1;247.00;0
277;1;624783041;277;98;835;835;11.20;0.68;113.53;4.47;558;1;248.00;0
278;1;624783048;278;100;835;835;11.36;0.69;114.02;4.47;557;1;249.00;0
280;1;624783060;280;99;835;835;11.56;0.70;114.69;4.47;555;1;250.00;0
280;1;624783068;280;100;835;835;11.66;0.71;114.69;4.47;555;1;251.00;0
283;1;624783074;283;101;846;847;11.70;0.71;115.07;4.41;563;1;252.00;1
284;1;624783082;284;98;846;847;11.80;0.72;115.52;4.41;562;1;253.00;1
288;1;624783095;288;100;847;847;11.85;0.72;116.27;4.41;559;1;254.00;0
291;1;624783102;291;101;847;847;11.89;0.72;117.27;4.41;556;1;255.00;0
291;1;624783109;291;104;847;847;11.99;0.73;117.27;4.41;556;1;256.00;0
295;1;624783115;295;106;847;847;12.06;0.73;118.11;4.41;552;1;257.00;0
299;1;624783123;299;108;848;848;12.08;0.73;118.64;4.41;549;1;258.00;0
299;1;624783130;299;107;848;848;12.15;0.74;118.64;4.41;549;1;259.00;0
302;1;624783142;302;107;854;854;12.17;0.74;118.83;4.38;552;1;260.00;0
304;1;624783150;304;106;855;855;12.29;0.74;119.30;4.38;551;1;261.00;0
306;1;624783157;306;106;855;855;12.27;0.74;119.05;4.38;549;1;262.00;0
307;2;624783169;307;105;855;855;12.23;0.74;119.05;4.38;548;2;263.00;0
308;2;624783184;308;107;859;859;12.20;0.74;119.06;4.36;551;2;264.00;0
308;2;624783192;308;108;859;859;12.19;0.74;119.06;4.36;551;2;265.00;0
310;2;624783199;310;111;859;859;12.20;0.74;119.15;4.36;549;2;266.00;0
312;2;624783205;312;113;860;860;12.25;0.74;119.11;4.35;548;2;267.00;0
315;2;624783212;315;112;864;864;12.10;0.73;119.19;4.34;549;2;268.00;0
319;2;624783219;319;110;864;864;12.07;0.73;120.38;4.34;545;2;269.00;0
321;2;624783228;321;108;868;870;12.17;0.74;120.91;4.32;547;2;270.00;2
322;2;624783235;322;106;868;870;12.17;0.73;121.00;4.32;546;2;271.00;2
323;2;624783242;323;100;870;870;12.26;0.74;121.36;4.31;547;2;272.00;0
324;2;624783249;324;97;870;870;12.30;0.74;121.23;4.31;546;2;273.00;0
327;2;624783255;327;92;874;874;12.43;0.75;121.92;4.30;547;2;274.00;0
331;2;624783263;331;87;874;874;12.52;0.76;122.11;4.30;543;2;275.00;0
331;2;624783270;331;81;874;874;12.59;0.76;122.11;4.30;543;2;276.00;0
335;2;624783277;335;79;874;874;12.62;0.76;122.81;4.30;539;2;277.00;0
339;2;624783286;339;74;875;875;12.58;0.76;122.84;4.29;536;2;278.00;0
341;2;624783293;341;73;876;876;12.60;0.76;123.21;4.29;535;2;279.00;0
343;2;624783304;343;70;876;876;12.54;0.76;123.46;4.29;533;2;280.00;0
347;2;624783311;347;69;877;877;12.53;0.76;123.62;4.29;530;2;281.00;0
348;2;624783319;348;66;877;877;12.48;0.76;123.45;4.29;529;2;282.00;0
349;2;624783325;349;69;877;877;12.47;0.76;123.91;4.29;528;2;283.00;0
352;2;624783333;352;71;877;877;12.47;0.76;124.13;4.29;525;2;284.00;0
355;2;624783343;355;71;877;877;12.49;0.76;125.10;4.29;522;2;285.00;0
355;2;624783352;355;76;877;877;12.54;0.76;125.10;4.29;522;2;286.00;0
356;2;624783359;356;75;877;877;12.55;0.76;125.04;4.29;521;2;287.00;0
357;2;624783368;357;94;947;1004;12.00;0.74;124.96;3.97;590;2;288.00;57
357;2;624783389;357;86;951;1005;11.90;0.74;124.96;3.96;594;2;289.00;54
359;2;624783400;359;78;958;1005;11.89;0.74;125.33;3.94;599;2;290.00;47
361;2;624783409;361;78;960;1005;11.80;0.73;125.61;3.94;599;2;291.00;45
363;2;624783417;363;81;964;1005;11.74;0.72;125.92;3.94;601;2;292.00;41
364;2;624783425;364;82;967;1005;11.61;0.72;125.79;3.95;603;2;293.00;38
369;2;624783433;369;83;971;1005;11.55;0.71;126.33;3.95;602;2;294.00;34
371;2;624783442;371;82;972;1005;11.55;0.71;126.65;3.96;601;2;295.00;33
372;2;624783455;372;86;975;1006;11.58;0.71;126.46;3.97;603;2;296.00;31
373;2;624783463;373;91;980;1007;11.64;0.71;126.43;4.00;607;2;297.00;27
374;2;624783471;374;92;983;1007;11.62;0.71;126.87;4.01;609;2;298.00;24
376;2;624783479;376;92;986;1008;11.53;0.71;127.72;4.04;610;2;299.00;22
378;2;624783490;378;100;992;1014;11.33;0.69;128.11;4.06;614;2;300.00;22
379;2;624783503;379;98;997;1014;11.15;0.69;127.80;4.10;618;2;301.00;17
380;2;624783511;380;102;998;1014;11.09;0.68;128.26;4.11;618;2;302.00;16
382;2;624783520;382;110;1004;1018;10.95;0.67;128.22;4.13;622;2;303.00;14
383;2;624783529;383;119;1005;1018;10.93;0.67;128.63;4.14;622;2;304.00;13
386;2;624783537;386;123;1007;1018;10.92;0.67;129.54;4.15;621;2;305.00;11
386;2;624783546;386;133;1010;1021;10.89;0.67;129.54;4.16;624;2;306.00;11
391;2;624783555;391;135;1011;1021;10.82;0.66;130.08;4.15;620;2;307.00;10
394;2;624783564;394;143;1012;1021;10.73;0.66;131.01;4.17;618;2;308.00;9
395;2;624783572;395;151;1016;1025;10.67;0.66;130.85;4.18;621;2;309.00;9
399;2;624783580;399;156;1019;1026;10.57;0.65;131.37;4.19;620;2;310.00;7
399;2;624783589;399;159;1019;1026;10.53;0.65;131.37;4.19;620;2;311.00;7
401;2;624783598;401;164;1025;1030;10.40;0.64;131.51;4.18;624;2;312.00;5
403;2;624783607;403;166;1026;1030;10.22;0.63;132.08;4.19;623;2;313.00;4
403;2;624783617;403;170;1026;1030;10.07;0.62;132.08;4.19;623;2;314.00;4
406;2;624783625;406;177;1029;1032;9.89;0.61;132.17;4.20;623;2;315.00;3
407;2;624783634;407;182;1030;1032;9.65;0.60;132.58;4.23;623;2;316.00;2
411;2;624783642;411;187;1036;1038;9.47;0.58;133.03;4.21;625;2;317.00;2
412;2;624783651;412;190;1036;1038;9.30;0.57;133.43;4.21;624;2;318.00;2
415;2;624783659;415;191;1037;1039;9.15;0.56;134.15;4.20;622;2;319.00;2
415;2;624783667;415;190;1037;1039;9.14;0.56;134.15;4.20;622;2;320.00;2
416;2;624783674;416;193;1038;1039;9.08;0.56;134.31;4.23;622;2;321.00;1
420;2;624783682;420;197;1038;1039;8.97;0.55;134.99;4.23;618;2;322.00;1
421;2;624783689;421;197;1038;1039;8.90;0.55;135.13;4.23;617;2;323.00;1
425;2;624783697;425;197;1050;1051;8.90;0.55;135.44;4.20;625;2;324.00;1
426;2;624783706;426;198;1050;1051;8.97;0.55;135.47;4.20;624;2;325.00;1
428;2;624783713;428;197;1051;1051;9.00;0.55;135.40;4.20;623;2;326.00;0
429;2;624783720;429;193;1051;1051;9.08;0.56;135.51;4.20;622;2;327.00;0
431;2;624783727;431;196;1051;1051;9.18;0.56;135.95;4.20;620;2;328.00;0
433;2;624783734;433;198;1051;1051;9.24;0.57;136.25;4.20;618;2;329.00;0
434;2;624783742;434;201;1055;1055;9.20;0.56;136.28;4.18;621;2;330.00;0
437;2;624783750;437;206;1055;1055;9.19;0.56;136.50;4.18;618;2;331.00;0
440;2;624783757;440;211;1059;1059;9.24;0.56;136.99;4.17;619;2;332.00;0
445;2;624783764;445;215;1060;1060;9.13;0.56;138.13;4.17;615;2;333.00;0
447;2;624783771;447;218;1060;1060;8.97;0.55;138.10;4.17;613;2;334.00;0
451;2;624783778;451;218;1060;1060;8.80;0.54;139.03;4.17;609;2;335.00;0
456;2;624783785;456;220;1073;1073;8.53;0.52;139.45;4.12;617;2;336.00;0
459;2;624783793;459;224;1073;1073;8.36;0.51;139.79;4.12;614;2;337.00;0
462;2;624783800;462;225;1073;1073;8.18;0.50;140.28;4.12;611;2;338.00;0
467;2;624783806;467;232;1074;1074;8.01;0.49;141.76;4.11;607;2;339.00;0
470;2;624783812;470;226;1075;1075;7.95;0.49;142.41;4.11;605;2;340.00;0
474;2;624783819;474;223;1075;1075;7.87;0.49;143.01;4.11;601;2;341.00;0
477;2;624783825;477;222;1077;1078;7.77;0.48;143.60;4.10;600;2;342.00;1
481;2;624783832;481;216;1077;1078;7.70;0.48;144.49;4.10;596;2;343.00;1
484;2;624783839;484;215;1078;1078;7.71;0.48;145.06;4.10;594;2;344.00;0
489;2;624783846;489;216;1078;1078;7.71;0.48;145.31;4.10;589;2;345.00;0
491;2;624783852;491;216;1084;1084;7.77;0.48;145.48;4.08;593;2;346.00;0
499;2;624783858;499;215;1084;1084;7.63;0.47;145.95;4.08;585;2;347.00;0
500;2;624783866;500;210;1084;1084;7.64;0.47;145.91;4.08;584;2;348.00;0
502;2;624783871;502;204;1084;1084;7.63;0.47;146.29;4.08;582;2;349.00;0
506;2;624783877;506;205;1088;1088;7.54;0.47;146.33;4.07;582;2;350.00;0
508;2;624783884;508;209;1089;1089;7.50;0.46;146.39;4.07;581;2;351.00;0
514;2;624783890;514;216;1089;1089;7.40;0.46;147.21;4.07;575;2;352.00;0
516;2;624783902;516;219;1090;1090;7.37;0.45;147.44;4.07;574;2;353.00;0
522;2;624783909;522;218;1090;1090;7.29;0.45;147.74;4.07;568;2;354.00;0
527;2;624783915;527;226;1090;1090;7.21;0.44;147.74;4.07;563;2;355.00;0
529;2;624783921;529;227;1090;1090;7.18;0.44;147.71;4.07;561;2;356.00;0
531;2;624783928;531;231;1090;1090;7.14;0.44;147.50;4.07;559;2;357.00;0
531;2;624783934;531;236;1090;1090;7.11;0.44;147.50;4.07;559;2;358.00;0
533;2;624783940;533;237;1090;1090;7.09;0.44;147.21;4.07;557;2;359.00;0
535;2;624783948;535;244;1152;1215;7.62;0.48;146.95;3.85;617;2;360.00;63
535;2;624783963;535;247;1159;1216;7.59;0.48;146.95;3.83;624;2;361.00;57
538;2;624783971;538;247;1172;1216;7.64;0.48;146.68;3.81;634;2;362.00;44
539;2;624783978;539;250;1176;1216;7.64;0.48;146.75;3.81;637;2;363.00;40
540;2;624783985;540;256;1180;1216;7.59;0.47;146.53;3.81;640;2;364.00;36
542;2;624783992;542;257;1185;1216;7.48;0.47;146.79;3.81;643;2;365.00;31
543;2;624784006;543;260;1189;1216;7.43;0.46;146.84;3.82;646;2;366.00;27
546;2;624784014;546;268;1195;1216;7.29;0.45;147.00;3.84;649;2;367.00;21
548;2;624784021;548;275;1201;1217;7.10;0.44;147.22;3.86;653;2;368.00;16
551;2;624784028;551;281;1204;1218;6.90;0.42;147.34;3.87;653;2;369.00;14
552;2;624784036;552;286;1206;1218;6.75;0.42;147.22;3.88;654;2;370.00;12
552;2;624784042;552;277;1213;1222;6.67;0.41;147.22;3.88;661;2;371.00;9
552;2;624784051;552;275;1215;1222;6.68;0.41;147.22;3.89;663;2;372.00;7
553;2;624784058;553;275;1217;1222;6.70;0.41;147.20;3.91;664;2;373.00;5
555;2;624784065;555;274;1218;1222;6.74;0.41;147.19;3.92;663;2;374.00;4
555;2;624784073;555;273;1225;1228;6.82;0.42;147.19;3.92;670;2;375.00;3
556;2;624784081;556;272;1226;1228;6.97;0.43;146.97;3.92;670;2;376.00;2
557;2;624784089;557;277;1227;1228;7.07;0.43;146.99;3.93;670;2;377.00;1
558;2;624784096;558;277;1230;1231;7.19;0.44;147.26;3.92;672;2;378.00;1
558;2;624784105;558;277;1230;1231;7.27;0.44;147.26;3.92;672;2;379.00;1
560;2;624784118;560;278;1230;1231;7.34;0.45;147.13;3.92;670;2;380.00;1
561;2;624784126;561;278;1231;1232;7.40;0.45;146.97;3.92;670;2;381.00;1
561;2;624784134;561;273;1232;1233;7.51;0.46;146.97;3.91;671;2;382.00;1
561;2;624784148;561;270;1233;1233;7.58;0.46;146.97;3.93;672;2;383.00;0
563;2;624784156;563;272;1245;1246;7.66;0.47;146.53;3.89;682;2;384.00;1
566;2;624784165;566;266;1245;1246;7.68;0.47;146.20;3.89;679;2;385.00;1
566;2;624784174;566;270;1246;1246;7.77;0.47;146.20;3.89;680;2;386.00;0
567;2;624784187;567;259;1247;1247;7.85;0.48;146.43;3.89;680;2;387.00;0
568;2;624784196;568;244;1247;1247;7.98;0.49;146.46;3.89;679;2;388.00;0
568;2;624784205;568;237;1251;1251;8.12;0.49;146.46;3.88;683;2;389.00;0
571;2;624784216;571;231;1251;1251;8.25;0.50;146.78;3.88;680;2;390.00;0
573;2;624784225;573;225;1255;1255;8.32;0.51;146.87;3.87;682;2;391.00;0
574;2;624784234;574;224;1255;1255;8.43;0.51;147.08;3.87;681;2;392.00;0
576;2;624784243;576;221;1255;1255;8.48;0.52;147.21;3.87;679;2;393.00;0
578;2;624784252;578;219;1255;1255;8.56;0.52;147.07;3.87;677;2;394.00;0
580;2;624784261;580;215;1255;1255;8.59;0.52;147.41;3.87;675;2;395.00;0
582;2;624784276;582;198;1266;1267;8.67;0.53;147.67;3.83;684;2;396.00;1
582;2;624784286;582;189;1266;1267;8.78;0.54;147.67;3.83;684;2;397.00;1
586;2;624784295;586;175;1267;1267;8.88;0.54;148.15;3.83;681;2;398.00;0
588;2;624784305;588;170;1267;1267;9.04;0.55;148.53;3.83;679;2;399.00;0
590;2;624784314;590;163;1267;1267;9.25;0.56;148.66;3.83;677;2;400.00;0
594;2;624784328;594;155;1267;1267;9.49;0.58;148.95;3.83;673;2;401.00;0
594;2;624784338;594;150;1268;1268;9.65;0.59;148.95;3.83;674;2;402.00;0
598;2;624784347;598;147;1268;1268;9.76;0.60;149.63;3.83;670;2;403.00;0
600;2;624784362;600;140;1274;1274;9.95;0.61;149.76;3.82;674;2;404.00;0
601;2;624784372;601;136;1276;1276;10.17;0.62;149.78;3.81;675;2;405.00;0
604;2;624784381;604;131;1276;1276;10.34;0.63;150.47;3.81;672;2;406.00;0
607;2;624784391;607;124;1276;1276;10.56;0.65;150.99;3.81;669;2;407.00;0
611;2;624784401;611;123;1280;1280;10.76;0.66;151.70;3.80;669;2;408.00;0
613;2;624784410;613;116;1280;1280;10.95;0.67;151.73;3.80;667;2;409.00;0
614;2;624784419;614;116;1280;1280;11.11;0.68;151.83;3.80;666;2;410.00;0
615;2;624784429;615;112;1281;1281;11.26;0.69;152.01;3.80;666;2;411.00;0
615;2;624784438;615;111;1285;1285;11.38;0.69;152.01;3.79;670;2;412.00;0
617;2;624784448;617;111;1285;1285;11.39;0.69;152.27;3.79;668;2;413.00;0
618;2;624784458;618;108;1287;1288;11.38;0.69;152.40;3.78;669;2;414.00;1
621;2;624784467;621;109;1287;1288;11.38;0.69;153.24;3.78;666;2;415.00;1
624;2;624784478;624;109;1288;1288;11.43;0.69;153.99;3.78;664;2;416.00;0
627;2;624784488;627;109;1288;1288;11.46;0.70;154.23;3.78;661;2;417.00;0
631;2;624784497;631;104;1292;1292;11.46;0.70;154.88;3.77;661;2;418.00;0
634;2;624784507;634;106;1292;1292;11.56;0.70;155.48;3.77;658;2;419.00;0
636;2;624784518;636;107;1292;1292;11.59;0.71;155.53;3.77;656;2;420.00;0
639;2;624784527;639;107;1292;1292;11.66;0.71;156.36;3.77;653;2;421.00;0
642;2;624784537;642;100;1293;1293;11.71;0.71;156.57;3.77;651;2;422.00;0
643;2;624784546;643;97;1294;1294;11.87;0.72;156.49;3.77;651;2;423.00;0
645;2;624784556;645;97;1294;1294;12.01;0.73;156.56;3.77;649;2;424.00;0
647;2;624784566;647;96;1295;1295;12.12;0.74;156.76;3.77;648;2;425.00;0
650;2;624784577;650;95;1295;1295;12.18;0.74;157.20;3.77;645;2;426.00;0
652;2;624784589;652;94;1295;1295;12.25;0.75;157.53;3.77;643;2;427.00;0
653;2;624784602;653;96;1295;1295;12.30;0.75;157.93;3.77;642;2;428.00;0
659;2;624784612;659;94;1295;1295;12.35;0.76;158.84;3.77;636;2;429.00;0
662;2;624784627;662;95;1295;1295;12.40;0.76;159.20;3.77;633;2;430.00;0
663;2;624784645;663;95;1295;1295;12.52;0.77;159.34;3.77;632;2;431.00;0
669;2;624784661;669;130;1376;1422;11.78;0.73;159.55;3.55;707;2;432.00;46
672;2;624784703;672;115;1376;1423;11.85;0.73;159.91;3.55;704;2;433.00;47
675;2;624784721;675;105;1381;1423;12.04;0.74;160.73;3.54;706;2;434.00;42
683;2;624784739;683;100;1383;1423;12.14;0.75;161.90;3.54;700;2;435.00;40
684;2;624784762;684;101;1388;1423;12.21;0.75;162.07;3.54;704;2;436.00;35
688;2;624784773;688;100;1389;1423;12.29;0.76;162.95;3.54;701;2;437.00;34
690;2;624784784;690;106;1391;1423;12.33;0.76;162.91;3.55;701;2;438.00;32
693;2;624784801;693;110;1393;1423;12.46;0.77;163.35;3.55;700;2;439.00;30
697;2;624784819;697;110;1394;1424;12.55;0.77;164.14;3.55;697;2;440.00;30
702;2;624784829;702;112;1397;1425;12.60;0.77;163.96;3.57;695;2;441.00;28
707;2;624784839;707;106;1399;1425;12.61;0.77;164.18;3.57;692;2;442.00;26
714;2;624784850;714;108;1403;1426;12.51;0.76;164.90;3.60;689;2;443.00;23
718;2;624784859;718;104;1406;1426;12.42;0.76;164.91;3.61;688;2;444.00;20
721;2;624784869;721;103;1410;1426;12.19;0.74;165.08;3.64;689;2;445.00;16
724;2;624784879;724;98;1412;1426;12.12;0.74;165.44;3.65;688;2;446.00;14
725;2;624784888;725;102;1415;1430;12.04;0.73;165.80;3.65;690;2;447.00;15
727;2;624784899;727;100;1416;1430;12.01;0.73;166.02;3.66;689;2;448.00;14
731;2;624784908;731;101;1417;1430;12.01;0.73;166.62;3.67;686;2;449.00;13
734;2;624784927;734;101;1421;1436;12.01;0.73;166.89;3.67;687;2;450.00;15
737;2;624784937;737;104;1422;1436;12.02;0.73;167.11;3.69;685;2;451.00;14
742;2;624784948;742;107;1424;1436;12.02;0.73;167.86;3.70;682;2;452.00;12
745;2;624784958;745;109;1428;1440;11.89;0.72;168.42;3.70;683;2;453.00;12
748;2;624784969;748;113;1430;1441;11.88;0.72;168.33;3.71;682;2;454.00;11
753;2;624784979;753;111;1431;1441;11.87;0.72;168.07;3.73;678;2;455.00;10
755;2;624784988;755;119;1435;1445;11.89;0.72;167.91;3.73;680;2;456.00;10
759;2;624785004;759;122;1436;1445;11.83;0.72;168.13;3.73;677;2;457.00;9
761;2;624785014;761;120;1437;1445;11.87;0.72;168.17;3.73;676;2;458.00;8
764;2;624785024;764;121;1438;1446;11.87;0.72;168.17;3.74;674;2;459.00;8
768;2;624785034;768;121;1440;1446;11.80;0.72;168.34;3.75;672;2;460.00;6
772;2;624785044;772;125;1445;1452;11.74;0.71;168.79;3.76;673;2;461.00;7
774;2;624785054;774;126;1445;1452;11.63;0.71;168.61;3.76;671;2;462.00;7
776;2;624785068;776;126;1447;1453;11.53;0.70;168.63;3.79;671;2;463.00;6
778;2;624785079;778;128;1447;1453;11.44;0.70;168.69;3.79;669;2;464.00;6
780;2;624785090;780;125;1447;1453;11.38;0.69;168.87;3.79;667;2;465.00;6
782;2;624785101;782;127;1448;1453;11.31;0.69;169.18;3.79;666;2;466.00;5
786;2;624785112;786;130;1448;1453;11.23;0.68;169.12;3.79;662;2;467.00;5
788;2;624785125;788;133;1458;1465;11.24;0.68;168.96;3.77;670;2;468.00;7
791;2;624785141;791;138;1458;1465;11.22;0.68;169.02;3.77;667;2;469.00;7
793;2;624785153;793;142;1461;1465;11.19;0.68;168.72;3.79;668;2;470.00;4
793;2;624785162;793;151;1461;1465;11.24;0.69;168.72;3.79;668;2;471.00;4
794;2;624785173;794;155;1461;1465;11.20;0.68;168.73;3.79;667;2;472.00;4
795;2;624785184;795;162;1462;1465;11.15;0.68;168.75;3.80;667;2;473.00;3
796;2;624785199;796;167;1465;1469;11.09;0.68;168.69;3.79;669;2;474.00;4
796;2;624785212;796;176;1466;1469;10.95;0.67;168.69;3.80;670;2;475.00;3
798;2;624785223;798;180;1470;1473;10.88;0.66;168.61;3.80;672;2;476.00;3
803;2;624785234;803;186;1474;1474;10.76;0.66;168.31;3.80;671;2;477.00;0
807;2;624785242;807;190;1474;1474;10.67;0.65;168.68;3.80;667;2;478.00;0
811;2;624785252;811;197;1474;1474;10.46;0.64;168.73;3.80;663;2;479.00;0
815;2;624785262;815;206;1496;1500;10.27;0.63;168.60;3.75;681;2;480.00;4
815;2;624785272;815;209;1497;1500;10.08;0.62;168.60;3.75;682;2;481.00;3
815;2;624785282;815;214;1500;1500;10.02;0.61;168.60;3.74;685;2;482.00;0
816;2;624785291;816;221;1501;1501;9.93;0.61;168.79;3.74;685;2;483.00;0
816;2;624785299;816;229;1502;1502;9.80;0.60;168.79;3.74;686;2;484.00;0
820;2;624785308;820;233;1502;1502;9.61;0.59;168.82;3.74;682;2;485.00;0
820;2;624785318;820;235;1504;1505;9.46;0.58;168.82;3.73;684;2;486.00;1
821;2;624785328;821;242;1504;1505;9.32;0.57;168.77;3.73;683;2;487.00;1
822;2;624785337;822;246;1505;1505;9.18;0.57;169.14;3.73;683;2;488.00;0
822;2;624785346;822;247;1505;1505;9.08;0.56;169.14;3.73;683;2;489.00;0
825;2;624785354;825;245;1511;1511;9.07;0.56;168.99;3.72;686;2;490.00;0
826;2;624785364;826;247;1511;1511;8.97;0.55;168.94;3.72;685;2;491.00;0
829;2;624785372;829;243;1511;1511;8.86;0.55;168.78;3.72;682;2;492.00;0
830;2;624785380;830;243;1511;1511;8.77;0.54;168.72;3.72;681;2;493.00;0
831;2;624785388;831;243;1515;1515;8.66;0.53;168.64;3.71;684;2;494.00;0
835;2;624785396;835;247;1517;1517;8.53;0.53;168.59;3.71;682;2;495.00;0
837;2;624785405;837;250;1517;1517;8.42;0.52;168.42;3.71;680;2;496.00;0
841;2;624785413;841;254;1518;1518;8.39;0.51;168.31;3.71;677;2;497.00;0
842;2;624785422;842;262;1518;1518;8.34;0.51;168.51;3.71;676;2;498.00;0
845;2;624785429;845;265;1518;1518;8.32;0.51;168.42;3.71;673;2;499.00;0
847;2;624785439;847;269;1518;1518;8.29;0.51;168.18;3.71;671;2;500.00;0
851;2;624785451;851;271;1518;1518;8.23;0.50;168.16;3.71;667;2;501.00;0
854;2;624785460;854;271;1518;1518;8.18;0.50;167.89;3.71;664;2;502.00;0
858;2;624785469;858;276;1518;1518;8.04;0.49;167.80;3.71;660;2;503.00;0
862;2;624785477;862;284;1566;1588;8.04;0.49;167.85;3.59;704;2;504.00;22
868;2;624785492;868;279;1569;1589;7.83;0.48;167.87;3.59;701;2;505.00;20
870;2;624785501;870;278;1574;1589;7.72;0.47;167.98;3.58;704;2;506.00;15
874;2;624785510;874;276;1579;1589;7.57;0.46;168.77;3.58;705;2;507.00;10
876;2;624785518;876;273;1580;1589;7.41;0.45;168.83;3.58;704;2;508.00;9
879;2;624785526;879;277;1581;1589;7.32;0.45;169.24;3.58;702;2;509.00;8
883;2;624785537;883;270;1583;1589;7.27;0.44;169.76;3.59;700;2;510.00;6
885;2;624785546;885;268;1584;1589;7.25;0.44;170.00;3.59;699;2;511.00;5
888;2;624785554;888;264;1585;1590;7.24;0.44;170.54;3.59;697;2;512.00;5
891;2;624785564;891;257;1587;1591;7.21;0.44;171.07;3.60;696;2;513.00;4
892;2;624785582;892;259;1588;1591;7.21;0.44;170.97;3.60;696;2;514.00;3
895;2;624785592;895;259;1593;1595;7.19;0.44;171.47;3.60;698;2;515.00;2
896;2;624785602;896;267;1593;1595;7.18;0.44;171.30;3.60;697;2;516.00;2
900;2;624785614;900;265;1594;1595;7.23;0.44;171.93;3.60;694;2;517.00;1
901;2;624785625;901;269;1594;1595;7.30;0.45;171.93;3.60;693;2;518.00;1
904;2;624785635;904;269;1600;1601;7.36;0.45;172.10;3.59;696;2;519.00;1
907;2;624785646;907;267;1600;1601;7.40;0.45;172.55;3.59;693;2;520.00;1
908;2;624785655;908;263;1601;1601;7.49;0.46;172.86;3.60;693;2;521.00;0
911;2;624785664;911;265;1603;1604;7.52;0.46;173.12;3.59;692;2;522.00;1
914;2;624785673;914;257;1604;1604;7.46;0.46;173.13;3.59;690;2;523.00;0
916;2;624785684;916;248;1604;1604;7.43;0.45;173.81;3.59;688;2;524.00;0
917;2;624785692;917;252;1605;1605;7.42;0.45;174.03;3.59;688;2;525.00;0
918;2;624785701;918;244;1606;1606;7.40;0.45;173.94;3.59;688;2;526.00;0
925;2;624785709;925;244;1606;1606;7.35;0.45;173.98;3.59;681;2;527.00;0
926;2;624785718;926;246;1619;1619;7.46;0.46;173.95;3.56;693;2;528.00;0
929;2;624785733;929;242;1619;1619;7.56;0.46;173.69;3.56;690;2;529.00;0
934;2;624785749;934;242;1619;1619;7.59;0.46;173.77;3.56;685;2;530.00;0
937;2;624785759;937;247;1620;1620;7.69;0.47;173.80;3.55;683;2;531.00;0
938;2;624785767;938;243;1620;1620;7.81;0.48;174.09;3.55;682;2;532.00;0
940;2;624785776;940;243;1624;1624;7.90;0.48;174.29;3.55;684;2;533.00;0
944;2;624785785;944;243;1624;1624;7.89;0.48;174.76;3.55;680;2;534.00;0
945;2;624785794;945;232;1628;1628;7.99;0.49;174.99;3.54;683;2;535.00;0
949;2;624785802;949;226;1628;1628;8.01;0.49;175.54;3.54;679;2;536.00;0
956;2;624785811;956;223;1628;1628;7.98;0.49;175.75;3.54;672;2;537.00;0
958;2;624785820;958;219;1628;1628;7.99;0.49;175.63;3.54;670;2;538.00;0
962;2;624785830;962;217;1628;1628;7.97;0.49;176.30;3.54;666;2;539.00;0
966;2;624785839;966;218;1659;1662;8.04;0.49;176.86;3.48;693;2;540.00;3
968;2;624785856;968;214;1659;1662;8.06;0.50;177.06;3.48;691;2;541.00;3
970;2;624785865;970;206;1661;1662;8.19;0.50;177.09;3.47;691;2;542.00;1
973;2;624785873;973;204;1661;1662;8.26;0.51;177.25;3.47;688;2;543.00;1
977;2;624785882;977;203;1662;1662;8.33;0.51;177.43;3.47;685;2;544.00;0
985;2;624785891;985;208;1662;1662;8.33;0.51;177.19;3.47;677;2;545.00;0
988;2;624785900;988;206;1663;1663;8.34;0.51;177.17;3.47;675;2;546.00;0
992;2;624785909;992;209;1663;1663;8.33;0.51;177.69;3.47;671;2;547.00;0
994;2;624785918;994;207;1669;1669;8.34;0.51;177.91;3.46;675;2;548.00;0
999;2;624785928;999;205;1670;1670;8.25;0.50;177.81;3.46;671;2;549.00;0
1002;2;624785937;1002;215;1670;1670;8.20;0.50;178.11;3.46;668;2;550.00;0
1003;2;624785946;1003;212;1670;1670;8.19;0.50;178.19;3.46;667;2;551.00;0
1005;2;624785955;1005;215;1674;1674;8.16;0.50;178.22;3.45;669;2;552.00;0
1008;2;624785963;1008;211;1674;1674;8.18;0.50;178.62;3.45;666;2;553.00;0
1009;2;624785973;1009;216;1674;1674;8.22;0.50;178.69;3.45;665;2;554.00;0
1014;2;624785983;1014;219;1675;1675;8.19;0.50;178.69;3.45;661;2;555.00;0
1015;2;624785996;1015;220;1679;1679;8.23;0.50;178.74;3.45;664;2;556.00;0
1016;2;624786006;1016;208;1679;1679;8.27;0.50;178.75;3.45;663;2;557.00;0
1019;2;624786018;1019;203;1681;1682;8.28;0.50;178.99;3.44;662;2;558.00;1
1022;2;624786030;1022;199;1681;1682;8.32;0.51;179.18;3.44;659;2;559.00;1
1027;2;624786040;1027;196;1682;1682;8.44;0.51;179.22;3.44;655;2;560.00;0
1028;2;624786051;1028;192;1682;1682;8.58;0.52;179.20;3.44;654;2;561.00;0
1030;2;624786062;1030;183;1686;1686;8.76;0.53;179.16;3.44;656;2;562.00;0
1031;2;624786072;1031;178;1686;1686;8.85;0.54;179.45;3.44;655;2;563.00;0
1033;2;624786081;1033;179;1686;1686;9.01;0.55;179.70;3.44;653;2;564.00;0
1035;2;624786091;1035;183;1686;1686;9.10;0.55;179.90;3.44;651;2;565.00;0
1039;2;624786106;1039;168;1687;1687;9.23;0.56;180.25;3.43;648;2;566.00;0
1040;2;624786116;1040;155;1688;1688;9.38;0.57;180.57;3.43;648;2;567.00;0
1041;2;624786126;1041;150;1688;1688;9.43;0.57;180.52;3.43;647;2;568.00;0
1043;2;624786136;1043;142;1689;1689;9.55;0.58;180.98;3.43;646;2;569.00;0
1045;2;624786147;1045;139;1689;1689;9.69;0.59;181.31;3.43;644;2;570.00;0
1048;2;624786157;1048;134;1689;1689;9.78;0.59;181.52;3.43;641;2;571.00;0
1050;2;624786167;1050;131;1689;1689;9.91;0.60;181.84;3.43;639;2;572.00;0
1050;2;624786176;1050;130;1689;1689;10.01;0.61;181.84;3.43;639;2;573.00;0
1051;2;624786185;1051;123;1689;1689;10.15;0.61;182.11;3.43;638;2;574.00;0
1054;2;624786195;1054;116;1689;1689;10.28;0.62;182.39;3.43;635;2;575.00;0
1057;2;624786204;1057;142;1772;1816;10.23;0.63;182.49;3.27;715;2;576.00;44
1058;2;624786224;1058;133;1775;1817;10.27;0.63;182.52;3.27;717;2;577.00;42
1061;2;624786238;1061;119;1782;1817;10.45;0.64;182.73;3.26;721;2;578.00;35
1064;2;624786252;1064;112;1783;1817;10.51;0.65;182.82;3.26;719;2;579.00;34
1065;2;624786264;1065;105;1789;1817;10.60;0.65;182.92;3.27;724;2;580.00;28
1067;2;624786275;1067;107;1791;1817;10.59;0.65;182.98;3.27;724;2;581.00;26
1069;2;624786285;1069;100;1793;1817;10.64;0.65;183.12;3.27;724;2;582.00;24
1071;2;624786295;1071;107;1795;1817;10.72;0.66;183.42;3.27;724;2;583.00;22
1074;2;624786305;1074;108;1798;1818;10.77;0.66;183.92;3.28;724;2;584.00;20
1079;3;624786316;1079;112;1803;1820;10.75;0.66;184.37;3.29;724;3;585.00;17
1080;3;624786337;1080;114;1805;1820;10.82;0.66;184.41;3.30;725;3;586.00;15
1087;3;624786348;1087;117;1808;1821;10.84;0.66;185.27;3.31;721;3;587.00;13
1089;3;624786359;1089;116;1810;1821;10.96;0.67;185.96;3.32;721;3;588.00;11
1090;3;624786369;1090;121;1812;1821;11.08;0.68;186.19;3.33;722;3;589.00;9
1094;3;624786379;1094;123;1816;1821;11.15;0.68;186.24;3.35;722;3;590.00;5
1096;4;624786390;1096;126;1820;1825;11.26;0.69;186.60;3.35;724;4;591.00;5
1098;4;624786420;1098;127;1820;1825;11.44;0.70;186.93;3.35;722;4;592.00;5
1100;4;624786431;1100;128;1821;1825;11.65;0.71;187.21;3.36;721;4;593.00;4
1101;4;624786441;1101;129;1823;1828;11.86;0.72;187.18;3.36;722;4;594.00;5
1103;4;624786451;1103;128;1824;1828;12.02;0.73;187.46;3.37;721;4;595.00;4
1106;4;624786462;1106;130;1824;1828;12.18;0.74;187.84;3.37;718;4;596.00;4
1108;4;624786473;1108;130;1829;1832;12.25;0.75;187.75;3.36;721;4;597.00;3
1112;4;624786489;1112;126;1831;1833;12.39;0.75;188.20;3.37;719;4;598.00;2
1116;4;624786500;1116;127;1832;1833;12.47;0.76;188.36;3.37;716;4;599.00;1
1120;4;624786514;1120;136;1843;1859;12.40;0.75;188.64;3.35;723;4;600.00;16
1122;4;624786532;1122;131;1845;1859;12.47;0.76;188.91;3.36;723;4;601.00;14
1123;4;624786548;1123;132;1845;1859;12.52;0.76;189.07;3.36;722;4;602.00;14
1127;4;624786558;1127;137;1847;1860;12.53;0.76;189.50;3.35;720;4;603.00;13
1131;4;624786570;1131;133;1848;1860;12.49;0.76;190.05;3.35;717;4;604.00;12
1133;4;624786581;1133;133;1852;1866;12.56;0.76;190.36;3.35;719;4;605.00;14
1139;4;624786593;1139;136;1854;1866;12.58;0.76;190.62;3.35;715;4;606.00;12
1141;4;624786605;1141;135;1855;1867;12.58;0.76;191.09;3.35;714;4;607.00;12
1143;4;624786616;1143;134;1855;1867;12.61;0.77;191.45;3.35;712;4;608.00;12
1146;4;624786635;1146;137;1857;1867;12.55;0.77;191.83;3.35;711;4;609.00;10
1151;4;624786655;1151;130;1857;1867;12.51;0.76;192.18;3.35;706;4;610.00;10
1154;4;624786673;1154;130;1857;1867;12.48;0.76;192.48;3.35;703;4;611.00;10
1157;4;624786699;1157;127;1866;1879;12.36;0.76;192.95;3.34;709;4;612.00;13
1161;4;624786729;1161;121;1866;1879;12.35;0.75;193.46;3.34;705;4;613.00;13
1166;4;624786741;1166;120;1867;1879;12.23;0.75;193.51;3.34;701;4;614.00;12
1173;4;624786756;1173;118;1871;1879;12.10;0.74;193.82;3.35;698;4;615.00;8
1176;4;624786768;1176;118;1871;1879;12.06;0.73;193.65;3.35;695;4;616.00;8
1182;4;624786782;1182;118;1872;1879;12.02;0.73;193.54;3.36;690;4;617.00;7
1184;4;624786794;1184;118;1875;1883;12.09;0.74;193.76;3.36;691;4;618.00;8
1189;4;624786807;1189;116;1875;1883;12.18;0.74;193.51;3.36;686;4;619.00;8
1193;4;624786820;1193;114;1880;1887;12.23;0.74;193.78;3.36;687;4;620.00;7
1198;4;624786834;1198;113;1880;1888;12.21;0.74;193.97;3.36;682;4;621.00;8
1199;4;624786847;1199;111;1881;1888;12.28;0.74;193.85;3.36;682;4;622.00;7
1201;4;624786858;1201;114;1882;1888;12.26;0.74;193.87;3.37;681;4;623.00;6
1207;4;624786873;1207;110;1890;1901;12.12;0.73;193.96;3.36;683;4;624.00;11
1209;4;624786888;1209;115;1890;1901;12.11;0.73;193.95;3.36;681;4;625.00;11
1212;4;624786906;1212;119;1890;1901;12.05;0.73;194.29;3.36;678;4;626.00;11
1215;4;624786918;1215;123;1892;1902;12.02;0.73;194.57;3.37;677;4;627.00;10
1217;4;624786930;1217;127;1892;1903;11.98;0.72;194.74;3.37;675;4;628.00;11
1219;4;624786942;1219;131;1894;1903;11.93;0.72;194.92;3.39;675;4;629.00;9
1222;4;624786955;1222;131;1898;1909;11.89;0.72;195.30;3.38;676;4;630.00;11
1225;4;624786966;1225;134;1900;1909;11.82;0.72;195.28;3.38;675;4;631.00;9
1231;4;624786978;1231;135;1901;1909;11.75;0.71;195.38;3.38;670;4;632.00;8
1233;4;624786988;1233;143;1902;1909;11.58;0.70;195.24;3.40;669;4;633.00;7
1236;4;624786998;1236;151;1907;1915;11.67;0.71;195.41;3.39;671;4;634.00;8
1237;4;624787008;1237;152;1907;1915;11.66;0.71;195.61;3.39;670;4;635.00;8
1242;4;624787018;1242;149;1907;1915;11.66;0.71;195.72;3.39;665;4;636.00;8
1243;4;624787029;1243;148;1907;1915;11.72;0.71;195.96;3.39;664;4;637.00;8
1244;4;624787038;1244;152;1910;1919;11.68;0.71;196.02;3.39;666;4;638.00;9
1245;4;624787049;1245;158;1915;1920;11.58;0.70;196.09;3.42;670;4;639.00;5
1246;4;624787059;1246;165;1915;1920;11.52;0.70;196.02;3.42;669;4;640.00;5
1247;4;624787069;1247;168;1917;1921;11.42;0.70;195.93;3.43;670;4;641.00;4
1250;4;624787079;1250;170;1918;1921;11.36;0.69;196.00;3.44;668;4;642.00;3
1253;4;624787089;1253;178;1919;1921;11.19;0.68;195.91;3.44;666;4;643.00;2
1254;4;624787098;1254;185;1919;1921;11.14;0.68;195.98;3.44;665;4;644.00;2
1255;4;624787110;1255;189;1920;1921;11.08;0.68;195.88;3.45;665;4;645.00;1
1256;4;624787119;1256;193;1920;1921;10.97;0.67;195.76;3.45;664;4;646.00;1
1257;4;624787128;1257;198;1921;1921;10.82;0.66;195.72;3.45;664;4;647.00;0
1260;4;624787138;1260;208;1958;1991;10.73;0.66;195.69;3.39;698;4;648.00;33
1261;4;624787153;1261;207;1960;1992;10.50;0.64;195.70;3.38;699;4;649.00;32
1262;4;624787163;1262;206;1969;1992;10.33;0.63;195.82;3.38;707;4;650.00;23
1263;4;624787174;1263;211;1971;1992;10.13;0.62;195.82;3.38;708;4;651.00;21
1263;4;624787185;1263;218;1974;1992;10.04;0.62;195.82;3.38;711;4;652.00;18
1266;4;624787197;1266;220;1975;1992;9.88;0.61;195.51;3.38;709;4;653.00;17
1270;4;624787209;1270;226;1979;1992;9.74;0.60;195.22;3.39;709;4;654.00;13
1270;4;624787221;1270;234;1980;1992;9.63;0.59;195.22;3.39;710;4;655.00;12
1274;4;624787232;1274;234;1983;1993;9.50;0.58;195.04;3.39;709;4;656.00;10
1274;4;624787243;1274;238;1984;1994;9.34;0.57;195.04;3.40;710;4;657.00;10
1276;4;624787253;1276;241;1986;1994;9.18;0.56;195.07;3.40;710;4;658.00;8
1278;4;624787262;1278;242;1993;1998;9.03;0.55;194.90;3.41;715;4;659.00;5
1281;4;624787275;1281;243;1996;1998;8.93;0.55;194.77;3.42;715;4;660.00;2
1281;4;624787285;1281;247;1998;1998;8.85;0.54;194.77;3.42;717;4;661.00;0
1283;4;624787294;1283;249;1998;1998;8.77;0.54;194.71;3.42;715;4;662.00;0
1283;4;624787305;1283;252;2004;2004;8.73;0.54;194.71;3.42;721;4;663.00;0
1286;4;624787315;1286;259;2004;2004;8.68;0.53;194.62;3.42;718;4;664.00;0
1287;4;624787325;1287;260;2004;2004;8.60;0.53;194.70;3.42;717;4;665.00;0
1291;4;624787335;1291;267;2006;2007;8.57;0.52;194.70;3.41;715;4;666.00;1
1293;4;624787346;1293;274;2006;2007;8.51;0.52;194.64;3.41;713;4;667.00;1
1293;4;624787356;1293;279;2007;2007;8.49;0.52;194.64;3.41;714;4;668.00;0
1295;4;624787365;1295;282;2008;2008;8.39;0.51;194.54;3.41;713;4;669.00;0
1298;4;624787376;1298;282;2009;2009;8.26;0.50;194.46;3.41;711;4;670.00;0
1301;4;624787388;1301;288;2009;2009;8.01;0.49;194.30;3.41;708;4;671.00;0
1302;4;624787399;1302;296;2022;2022;7.83;0.48;194.22;3.39;720;4;672.00;0
1306;4;624787410;1306;298;2022;2022;7.57;0.46;194.04;3.39;716;4;673.00;0
1308;4;624787418;1308;299;2022;2022;7.42;0.45;194.05;3.39;714;4;674.00;0
1314;4;624787425;1314;293;2024;2024;7.30;0.44;194.10;3.39;710;4;675.00;0
1317;4;624787434;1317;281;2024;2024;7.24;0.44;194.20;3.39;707;4;676.00;0
1319;4;624787442;1319;272;2028;2028;7.28;0.44;194.52;3.38;709;4;677.00;0
1320;4;624787450;1320;273;2028;2028;7.26;0.44;194.71;3.38;708;4;678.00;0
1324;4;624787457;1324;268;2032;2032;7.20;0.44;194.62;3.38;708;4;679.00;0
1327;4;624787464;1327;258;2032;2032;7.17;0.44;194.82;3.38;705;4;680.00;0
1329;4;624787473;1329;248;2032;2032;7.15;0.44;195.22;3.38;703;4;681.00;0
1330;4;624787481;1330;240;2032;2032;7.09;0.43;195.37;3.38;702;4;682.00;0
1334;4;624787489;1334;234;2032;2032;7.05;0.43;195.58;3.38;698;4;683.00;0
1337;4;624787498;1337;229;2042;2044;7.20;0.44;195.32;3.36;705;4;684.00;2
1341;4;624787513;1341;233;2042;2044;7.26;0.45;195.47;3.36;701;4;685.00;2
1342;4;624787528;1342;232;2044;2044;7.37;0.45;195.44;3.36;702;4;686.00;0
1344;4;624787536;1344;226;2044;2044;7.52;0.46;195.66;3.36;700;4;687.00;0
1346;4;624787545;1346;219;2044;2044;7.70;0.47;195.63;3.36;698;4;688.00;0
1350;4;624787553;1350;211;2044;2044;7.80;0.48;196.11;3.36;694;4;689.00;0
1351;4;624787564;1351;208;2045;2045;7.91;0.49;196.27;3.36;694;4;690.00;0
1352;4;624787573;1352;202;2045;2045;8.11;0.50;196.45;3.36;693;4;691.00;0
1353;4;624787581;1353;195;2051;2051;8.35;0.51;196.60;3.35;698;4;692.00;0
1356;4;624787589;1356;190;2052;2052;8.44;0.52;196.76;3.35;696;4;693.00;0
1359;4;624787599;1359;191;2052;2052;8.53;0.52;196.86;3.35;693;4;694.00;0
1362;4;624787608;1362;191;2052;2052;8.60;0.53;196.98;3.35;690;4;695.00;0
1365;4;624787617;1365;193;2056;2056;8.67;0.53;197.18;3.34;691;4;696.00;0
1369;4;624787627;1369;192;2056;2056;8.76;0.54;197.31;3.34;687;4;697.00;0
1371;4;624787636;1371;191;2056;2056;8.76;0.54;197.38;3.34;685;4;698.00;0
1375;4;624787645;1375;193;2057;2057;8.80;0.54;197.57;3.34;682;4;699.00;0
1382;4;624787655;1382;191;2061;2061;8.80;0.54;197.82;3.34;679;4;700.00;0
1387;4;624787669;1387;191;2061;2061;8.78;0.54;197.71;3.34;674;4;701.00;0
1392;4;624787677;1392;188;2063;2064;8.83;0.54;197.78;3.33;671;4;702.00;1
1399;4;624787686;1399;184;2063;2064;8.81;0.54;197.75;3.33;664;4;703.00;1
1404;4;624787695;1404;189;2064;2064;8.81;0.54;198.21;3.33;660;4;704.00;0
1408;4;624787704;1408;188;2064;2064;8.79;0.54;198.25;3.33;656;4;705.00;0
1413;4;624787712;1413;186;2068;2068;8.76;0.53;198.37;3.33;655;4;706.00;0
1419;4;624787722;1419;186;2068;2068;8.74;0.53;198.64;3.33;649;4;707.00;0
1421;5;624787730;1421;186;2068;2068;8.75;0.53;198.71;3.33;647;5;708.00;0
1426;5;624787756;1426;183;2068;2068;8.69;0.53;199.09;3.33;642;5;709.00;0
1432;5;624787768;1432;183;2069;2069;8.61;0.52;199.38;3.33;637;5;710.00;0
1434;5;624787783;1434;187;2070;2070;8.58;0.52;199.62;3.33;636;5;711.00;0
1436;5;624787791;1436;189;2070;2070;8.55;0.52;199.64;3.33;634;5;712.00;0
1440;5;624787799;1440;188;2071;2071;8.65;0.53;199.72;3.32;631;5;713.00;0
1442;5;624787808;1442;193;2071;2071;8.73;0.53;199.89;3.32;629;5;714.00;0
1447;5;624787816;1447;193;2071;2071;8.73;0.53;200.09;3.32;624;5;715.00;0
1453;5;624787829;1453;188;2071;2071;8.73;0.53;200.16;3.32;618;5;716.00;0
1454;5;624787837;1454;191;2071;2071;8.76;0.53;200.24;3.32;617;5;717.00;0
1458;5;624787845;1458;192;2071;2071;8.74;0.53;200.26;3.32;613;5;718.00;0
1462;5;624787853;1462;190;2071;2071;8.64;0.53;200.24;3.32;609;5;719.00;0
1465;5;624787867;1465;221;2190;2301;8.79;0.55;200.31;3.14;725;5;720.00;111
1468;5;624787893;1468;213;2199;2302;8.78;0.55;200.51;3.14;731;5;721.00;103
1472;5;624787902;1472;190;2215;2302;8.91;0.56;200.68;3.13;743;5;722.00;87
1475;5;624787912;1475;189;2221;2302;8.93;0.56;200.67;3.13;746;5;723.00;81
1479;5;624787921;1479;184;2229;2302;8.96;0.56;200.86;3.13;750;5;724.00;73
1481;5;624787930;1481;185;2237;2302;8.94;0.56;200.90;3.14;756;5;725.00;65
1483;5;624787940;1483;182;2244;2302;8.88;0.56;201.03;3.15;761;5;726.00;58
1485;5;624787949;1485;171;2247;2302;8.89;0.55;201.06;3.15;762;5;727.00;55
1487;5;624787959;1487;162;2253;2303;8.89;0.55;201.14;3.16;766;5;728.00;50
1490;5;624787969;1490;168;2257;2304;8.90;0.55;201.13;3.17;767;5;729.00;47
1491;5;624787979;1491;166;2263;2304;8.91;0.55;201.19;3.19;772;5;730.00;41
1493;5;624787990;1493;167;2269;2305;8.86;0.55;201.13;3.21;776;5;731.00;36
1500;5;624788000;1500;180;2270;2305;8.78;0.54;201.13;3.21;770;5;732.00;35
1502;5;624788010;1502;185;2272;2305;8.76;0.54;201.22;3.22;770;5;733.00;33
1505;5;624788020;1505;188;2276;2305;8.77;0.54;201.34;3.24;771;5;734.00;29
1507;5;624788030;1507;199;2279;2309;8.73;0.54;201.49;3.24;772;5;735.00;30
1508;5;624788041;1508;195;2281;2309;8.75;0.54;201.56;3.25;773;5;736.00;28
1512;5;624788056;1512;197;2285;2309;8.78;0.54;201.78;3.28;773;5;737.00;24
1514;5;624788072;1514;197;2287;2312;8.79;0.54;201.86;3.29;773;5;738.00;25
1519;5;624788082;1519;196;2288;2312;8.82;0.54;202.10;3.29;769;5;739.00;24
1522;5;624788094;1522;194;2289;2312;8.91;0.55;202.45;3.29;767;5;740.00;23
1523;5;624788104;1523;198;2294;2316;9.04;0.55;202.42;3.29;771;5;741.00;22
1525;5;624788115;1525;191;2295;2317;9.27;0.57;202.47;3.29;770;5;742.00;22
1528;5;624788126;1528;184;2295;2317;9.49;0.58;202.60;3.29;767;5;743.00;22
1529;5;624788136;1529;182;2299;2321;9.64;0.59;202.72;3.29;770;5;744.00;22
1532;5;624788148;1532;179;2299;2321;9.78;0.60;202.93;3.29;767;5;745.00;22
1533;5;624788159;1533;179;2300;2321;9.86;0.61;203.10;3.30;767;5;746.00;21
1535;5;624788169;1535;175;2300;2322;10.02;0.62;203.10;3.30;765;5;747.00;22
1537;6;624788179;1537;173;2301;2322;10.14;0.62;203.44;3.30;764;6;748.00;21
1541;6;624788196;1541;166;2307;2328;10.21;0.62;203.61;3.31;766;6;749.00;21
1544;6;624788209;1544;160;2307;2328;10.40;0.63;203.44;3.31;763;6;750.00;21
1549;6;624788224;1549;157;2309;2329;10.57;0.64;204.00;3.31;760;6;751.00;20
1551;6;624788235;1551;156;2310;2329;10.66;0.65;204.11;3.32;759;6;752.00;19
1555;6;624788246;1555;149;2310;2329;10.77;0.66;204.48;3.32;755;6;753.00;19
1557;6;624788256;1557;149;2312;2329;10.85;0.66;204.49;3.34;755;6;754.00;17
1561;6;624788266;1561;149;2314;2329;10.91;0.66;204.74;3.36;753;6;755.00;15
1566;7;624788276;1566;152;2324;2341;10.98;0.67;205.10;3.35;758;7;756.00;17
1568;7;624788295;1568;156;2324;2341;11.05;0.67;205.11;3.35;756;7;757.00;17
1571;7;624788309;1571;156;2324;2341;11.11;0.68;205.20;3.35;753;7;758.00;17
1574;7;624788320;1574;160;2325;2341;11.17;0.68;205.52;3.36;751;7;759.00;16
1578;7;624788330;1578;158;2327;2341;11.20;0.68;205.53;3.37;749;7;760.00;14
1583;7;624788341;1583;156;2327;2341;11.16;0.68;205.78;3.37;744;7;761.00;14
1586;7;624788357;1586;163;2332;2345;11.14;0.68;205.87;3.37;746;7;762.00;13
1589;7;624788367;1589;167;2333;2345;11.21;0.68;206.04;3.37;744;7;763.00;12
1592;7;624788377;1592;167;2336;2349;11.31;0.69;206.08;3.37;744;7;764.00;13
1594;7;624788388;1594;168;2339;2351;11.40;0.69;206.03;3.37;745;7;765.00;12
1597;7;624788398;1597;167;2340;2351;11.41;0.69;206.21;3.38;743;7;766.00;11
1598;7;624788408;1598;166;2340;2351;11.43;0.70;206.22;3.38;742;7;767.00;11
1598;7;624788418;1598;166;2351;2364;11.50;0.70;206.22;3.37;753;7;768.00;13
1600;7;624788428;1600;164;2351;2364;11.51;0.70;206.30;3.37;751;7;769.00;13
1600;7;624788438;1600;165;2351;2364;11.63;0.71;206.30;3.37;751;7;770.00;13
1605;7;624788448;1605;164;2352;2365;11.70;0.72;206.58;3.37;747;7;771.00;13
1611;7;624788457;1611;164;2353;2366;11.70;0.71;206.96;3.37;742;7;772.00;13
1614;7;624788469;1614;169;2353;2366;11.75;0.72;207.22;3.37;739;7;773.00;13
1616;7;624788479;1616;166;2355;2369;11.73;0.72;207.35;3.36;739;7;774.00;14
1622;7;624788489;1622;167;2356;2369;11.70;0.71;207.22;3.38;734;7;775.00;13
1625;7;624788499;1625;170;2357;2369;11.64;0.71;207.13;3.38;732;7;776.00;12
1629;7;624788509;1629;170;2357;2369;11.56;0.70;207.42;3.38;728;7;777.00;12
1631;7;624788518;1631;171;2363;2375;11.45;0.70;207.53;3.40;732;7;778.00;12
1633;7;624788528;1633;173;2363;2375;11.40;0.69;207.65;3.40;730;7;779.00;12
1636;7;624788540;1636;167;2363;2375;11.31;0.69;207.63;3.40;727;7;780.00;12
1640;7;624788549;1640;167;2363;2375;11.17;0.68;207.85;3.40;723;7;781.00;12
1642;7;624788559;1642;163;2366;2379;11.08;0.67;207.87;3.40;724;7;782.00;13
1644;7;624788568;1644;163;2367;2380;11.03;0.67;207.88;3.40;723;7;783.00;13
1645;7;624788578;1645;162;2367;2380;10.95;0.67;207.88;3.40;722;7;784.00;13
1648;7;624788586;1648;161;2370;2381;10.85;0.66;207.88;3.40;722;7;785.00;11
1652;7;624788596;1652;159;2370;2381;10.84;0.66;207.97;3.40;718;7;786.00;11
1656;7;624788606;1656;163;2370;2381;10.85;0.66;208.02;3.40;714;7;787.00;11
1661;7;624788615;1661;159;2370;2381;10.84;0.66;208.05;3.40;709;7;788.00;11
1662;7;624788630;1662;160;2370;2381;10.94;0.67;207.99;3.40;708;7;789.00;11
1665;7;624788648;1665;155;2370;2381;10.98;0.67;208.30;3.40;705;7;790.00;11
1666;7;624788664;1666;154;2370;2381;11.08;0.68;208.29;3.40;704;7;791.00;11
1668;7;624788680;1668;160;2403;2451;11.02;0.68;208.41;3.35;735;7;792.00;48
1672;7;624788702;1672;155;2403;2452;11.01;0.67;208.65;3.35;731;7;793.00;49
1674;7;624788731;1674;156;2410;2452;11.02;0.67;208.51;3.35;736;7;794.00;42
1678;7;624788744;1678;163;2414;2452;10.97;0.67;208.60;3.35;736;7;795.00;38
1683;7;624788758;1683;165;2417;2452;10.96;0.67;208.43;3.35;734;7;796.00;35
1684;7;624788770;1684;170;2423;2452;10.96;0.67;208.51;3.38;739;7;797.00;29
1687;7;624788782;1687;169;2425;2452;10.86;0.66;208.32;3.38;738;7;798.00;27
1691;7;624788792;1691;170;2427;2452;10.83;0.66;208.63;3.39;736;7;799.00;25
1695;7;624788807;1695;168;2433;2453;10.68;0.65;208.57;3.43;738;7;800.00;20
1700;7;624788825;1700;172;2434;2454;10.56;0.64;208.47;3.43;734;7;801.00;20
1702;7;624788836;1702;176;2438;2454;10.43;0.63;208.32;3.47;736;7;802.00;16
1705;7;624788846;1705;179;2442;2458;10.33;0.63;208.13;3.47;737;7;803.00;16
1705;7;624788856;1705;183;2444;2458;10.28;0.63;208.13;3.50;739;7;804.00;14
1707;7;624788866;1707;190;2444;2458;10.19;0.62;208.04;3.50;737;7;805.00;14
1710;7;624788876;1710;190;2445;2458;10.12;0.62;208.23;3.53;735;7;806.00;13
1711;7;624788886;1711;196;2450;2464;10.07;0.61;208.14;3.53;739;7;807.00;14
1715;7;624788896;1715;205;2451;2464;9.97;0.61;208.07;3.56;736;7;808.00;13
1716;7;624788907;1716;208;2452;2464;9.92;0.60;207.98;3.60;736;7;809.00;12
1718;7;624788918;1718;218;2456;2470;9.93;0.61;208.08;3.59;738;7;810.00;14
1722;7;624788928;1722;227;2460;2470;9.84;0.60;208.17;3.64;738;7;811.00;10
1724;7;624788938;1724;233;2463;2470;9.72;0.59;208.03;3.69;739;7;812.00;7
1727;7;624788949;1727;242;2464;2471;9.60;0.58;207.91;3.70;737;7;813.00;7
1727;7;624788958;1727;249;2466;2472;9.53;0.58;207.91;3.70;739;7;814.00;6
1730;7;624788968;1730;254;2469;2472;9.36;0.57;207.76;3.73;739;7;815.00;3
1731;7;624788980;1731;265;2478;2485;9.20;0.56;207.66;3.72;747;7;816.00;7
1732;7;624788992;1732;269;2480;2485;9.05;0.55;207.55;3.73;748;7;817.00;5
1735;7;624789002;1735;276;2481;2485;8.92;0.55;207.35;3.73;746;7;818.00;4
1738;7;624789011;1738;284;2485;2486;8.71;0.53;207.16;3.73;747;7;819.00;1
1739;7;624789021;1739;290;2485;2486;8.63;0.53;207.10;3.73;746;7;820.00;1
1742;7;624789032;1742;291;2489;2490;8.58;0.53;206.97;3.73;747;7;821.00;1
1744;7;624789043;1744;294;2490;2490;8.52;0.52;206.87;3.73;746;7;822.00;0
1745;7;624789052;1745;299;2494;2494;8.47;0.52;206.77;3.72;749;7;823.00;0
1746;7;624789062;1746;306;2494;2494;8.42;0.52;206.71;3.72;748;7;824.00;0
1750;7;624789072;1750;309;2494;2494;8.32;0.51;206.58;3.72;744;7;825.00;0
1751;7;624789081;1751;314;2494;2494;8.14;0.50;206.48;3.72;743;7;826.00;0
1753;7;624789091;1753;309;2494;2494;8.03;0.49;206.38;3.72;741;7;827.00;0
1754;7;624789101;1754;304;2504;2506;8.01;0.49;206.37;3.71;750;7;828.00;2
1756;7;624789112;1756;301;2505;2506;7.94;0.49;206.30;3.71;749;7;829.00;1
1756;7;624789122;1756;294;2506;2506;7.91;0.49;206.30;3.71;750;7;830.00;0
1757;7;624789132;1757;291;2506;2506;7.96;0.49;206.28;3.71;749;7;831.00;0
1757;8;624789143;1757;286;2506;2506;8.01;0.49;206.28;3.71;749;8;832.00;0
1760;8;624789169;1760;285;2506;2506;8.00;0.49;206.31;3.71;746;8;833.00;0
1762;8;624789180;1762;282;2507;2507;7.98;0.49;206.23;3.70;745;8;834.00;0
1763;8;624789191;1763;275;2507;2507;8.01;0.49;206.22;3.70;744;8;835.00;0
1764;8;624789201;1764;272;2513;2513;8.09;0.50;206.17;3.70;749;8;836.00;0
1764;8;624789212;1764;270;2514;2514;8.11;0.50;206.17;3.70;750;8;837.00;0
1764;8;624789225;1764;266;2514;2514;8.14;0.50;206.17;3.70;750;8;838.00;0
1766;8;624789244;1766;266;2514;2514;8.14;0.50;206.07;3.70;748;8;839.00;0
1768;8;624789255;1768;264;2519;2519;8.26;0.50;206.03;3.69;751;8;840.00;0
1770;9;624789265;1770;265;2519;2519;8.22;0.50;205.87;3.69;749;9;841.00;0
1774;9;624789290;1774;266;2519;2519;8.23;0.50;205.80;3.69;745;9;842.00;0
1777;9;624789298;1777;264;2520;2520;8.29;0.51;205.88;3.69;743;9;843.00;0
1781;9;624789308;1781;264;2524;2524;8.23;0.50;205.88;3.68;743;9;844.00;0
1783;9;624789318;1783;257;2524;2524;8.22;0.50;205.87;3.68;741;9;845.00;0
1789;9;624789332;1789;258;2526;2527;8.16;0.50;206.09;3.68;737;9;846.00;1
1789;9;624789343;1789;255;2527;2527;8.07;0.49;206.09;3.68;738;9;847.00;0
1792;9;624789352;1792;248;2527;2527;7.93;0.49;206.32;3.68;735;9;848.00;0
1796;9;624789360;1796;256;2527;2527;7.82;0.48;206.48;3.68;731;9;849.00;0
1799;9;624789369;1799;241;2531;2531;7.82;0.48;206.59;3.68;732;9;850.00;0
1801;9;624789378;1801;235;2531;2531;7.83;0.48;206.62;3.68;730;9;851.00;0
1804;9;624789386;1804;231;2531;2531;7.81;0.48;206.70;3.68;727;9;852.00;0
1810;9;624789395;1810;229;2531;2531;7.84;0.48;207.17;3.68;721;9;853.00;0
1813;9;624789403;1813;224;2532;2532;7.86;0.48;207.26;3.67;719;9;854.00;0
1816;9;624789413;1816;224;2534;2534;7.99;0.49;207.30;3.67;718;9;855.00;0
1820;9;624789423;1820;220;2534;2534;8.06;0.49;207.52;3.67;714;9;856.00;0
1825;9;624789432;1825;206;2535;2535;8.15;0.50;207.66;3.67;710;9;857.00;0
1826;9;624789441;1826;207;2535;2535;8.32;0.51;207.59;3.67;709;9;858.00;0
1830;9;624789449;1830;200;2535;2535;8.40;0.52;207.68;3.67;705;9;859.00;0
1832;9;624789458;1832;195;2535;2535;8.50;0.52;207.84;3.67;703;9;860.00;0
1834;9;624789468;1834;191;2535;2535;8.62;0.53;207.76;3.67;701;9;861.00;0
1837;9;624789477;1837;187;2535;2535;8.68;0.53;207.97;3.67;698;9;862.00;0
1841;9;624789486;1841;184;2535;2535;8.74;0.54;208.11;3.67;694;9;863.00;0
1843;9;624789494;1843;188;2614;2662;9.01;0.56;208.31;3.56;771;9;864.00;48
1847;9;624789514;1847;178;2619;2663;9.06;0.56;208.16;3.56;772;9;865.00;44
1853;9;624789525;1853;172;2627;2663;9.14;0.57;208.57;3.55;774;9;866.00;36
1859;9;624789537;1859;172;2629;2663;9.20;0.57;208.65;3.55;770;9;867.00;34
1863;9;624789547;1863;174;2635;2663;9.18;0.57;208.97;3.55;772;9;868.00;28
1867;9;624789557;1867;177;2636;2663;9.17;0.57;209.14;3.55;769;9;869.00;27
1871;9;624789569;1871;176;2638;2663;9.14;0.56;209.11;3.55;767;9;870.00;25
1878;9;624789579;1878;176;2640;2663;9.11;0.56;209.01;3.56;762;9;871.00;23
1884;9;624789590;1884;180;2643;2664;9.11;0.56;209.14;3.56;759;9;872.00;21
1886;9;624789601;1886;180;2647;2665;9.11;0.56;209.27;3.57;761;9;873.00;18
1892;9;624789612;1892;188;2649;2665;9.06;0.56;209.60;3.58;757;9;874.00;16
1899;9;624789624;1899;193;2652;2666;8.90;0.55;209.76;3.58;753;9;875.00;14
1902;9;624789635;1902;194;2656;2666;8.80;0.54;209.96;3.59;754;9;876.00;10
1909;9;624789647;1909;203;2658;2666;8.75;0.54;210.17;3.60;749;9;877.00;8
1914;9;624789658;1914;205;2661;2666;8.74;0.53;210.24;3.61;747;9;878.00;5
1916;9;624789669;1916;206;2665;2670;8.76;0.54;210.17;3.62;749;9;879.00;5
1920;9;624789680;1920;212;2666;2670;8.76;0.54;210.59;3.61;746;9;880.00;4
1925;9;624789690;1925;213;2668;2670;8.68;0.53;210.69;3.62;743;9;881.00;2
1928;9;624789700;1928;210;2669;2673;8.69;0.53;210.80;3.62;741;9;882.00;4
1931;9;624789709;1931;211;2670;2673;8.70;0.53;210.99;3.62;739;9;883.00;3
1934;9;624789719;1934;209;2671;2673;8.68;0.53;210.96;3.63;737;9;884.00;2
1938;9;624789729;1938;211;2675;2677;8.69;0.53;210.91;3.62;737;9;885.00;2
1940;9;624789739;1940;211;2676;2678;8.76;0.53;210.97;3.62;736;9;886.00;2
1942;9;624789749;1942;209;2678;2678;8.78;0.53;211.08;3.62;736;9;887.00;0
1948;9;624789759;1948;208;2682;2682;8.78;0.53;211.27;3.62;734;9;888.00;0
1951;9;624789769;1951;210;2682;2682;8.88;0.54;211.36;3.62;731;9;889.00;0
1953;9;624789779;1953;214;2682;2682;8.97;0.55;211.28;3.62;729;9;890.00;0
1956;9;624789789;1956;211;2683;2683;8.95;0.55;211.39;3.62;727;9;891.00;0
1960;9;624789799;1960;216;2683;2683;8.94;0.54;211.40;3.62;723;9;892.00;0
1962;9;624789809;1962;216;2689;2689;8.92;0.54;211.54;3.61;727;9;893.00;0
1963;9;624789820;1963;213;2689;2689;8.91;0.54;211.52;3.61;726;9;894.00;0
1970;9;624789829;1970;213;2690;2690;8.81;0.54;211.84;3.61;720;9;895.00;0
1973;9;624789839;1973;214;2690;2690;8.75;0.53;212.10;3.61;717;9;896.00;0
1974;9;624789849;1974;208;2690;2690;8.76;0.53;212.37;3.61;716;9;897.00;0
1978;9;624789859;1978;200;2690;2690;8.75;0.54;212.61;3.61;712;9;898.00;0
1979;9;624789876;1979;191;2690;2690;8.87;0.54;212.54;3.61;711;9;899.00;0
1982;9;624789891;1982;190;2720;2736;8.95;0.55;212.59;3.57;738;9;900.00;16
1983;9;624789912;1983;185;2721;2736;9.01;0.55;212.58;3.57;738;9;901.00;15
1986;9;624789922;1986;179;2725;2736;9.14;0.56;212.59;3.57;739;9;902.00;11
1986;9;624789932;1986;178;2725;2736;9.28;0.57;212.59;3.57;739;9;903.00;11
1989;9;624789942;1989;180;2727;2736;9.40;0.58;212.71;3.57;738;9;904.00;9
1991;9;624789952;1991;180;2728;2736;9.44;0.58;212.63;3.57;737;9;905.00;8
1996;9;624789969;1996;167;2733;2740;9.43;0.58;213.00;3.56;737;9;906.00;7
1999;9;624789979;1999;157;2734;2740;9.43;0.58;213.15;3.57;735;9;907.00;6
2003;9;624789990;2003;151;2737;2744;9.51;0.58;213.18;3.56;734;9;908.00;7
2004;9;624790001;2004;142;2738;2745;9.60;0.59;213.30;3.56;734;9;909.00;7
2007;9;624790012;2007;132;2738;2745;9.73;0.60;213.38;3.56;731;9;910.00;7
2012;9;624790022;2012;125;2738;2745;9.88;0.60;213.74;3.56;726;9;911.00;7
2013;9;624790033;2013;128;2750;2758;10.01;0.61;213.86;3.55;737;9;912.00;8
2017;9;624790045;2017;124;2752;2758;10.07;0.62;213.80;3.55;735;9;913.00;6
2020;9;624790056;2020;121;2752;2758;10.10;0.62;213.90;3.55;732;9;914.00;6
2022;9;624790066;2022;120;2753;2759;10.15;0.62;213.94;3.55;731;9;915.00;6
2023;9;624790077;2023;117;2754;2760;10.25;0.63;214.07;3.55;731;9;916.00;6
2025;9;624790089;2025;116;2754;2760;10.27;0.63;214.08;3.55;729;9;917.00;6
2028;9;624790102;2028;121;2758;2763;10.27;0.63;214.13;3.56;730;9;918.00;5
2031;9;624790116;2031;119;2758;2763;10.27;0.63;214.29;3.56;727;9;919.00;5
2034;9;624790126;2034;123;2759;2763;10.30;0.63;214.50;3.56;725;9;920.00;4
2036;9;624790141;2036;131;2759;2763;10.30;0.63;214.43;3.56;723;9;921.00;4
2041;9;624790153;2041;133;2764;2769;10.29;0.63;214.49;3.55;723;9;922.00;5
2045;9;624790164;2045;132;2764;2769;10.26;0.62;214.50;3.55;719;9;923.00;5
2047;9;624790174;2047;134;2767;2769;10.26;0.62;214.60;3.57;720;9;924.00;2
2051;9;624790184;2051;131;2767;2769;10.33;0.63;214.75;3.57;716;9;925.00;2
2052;9;624790194;2052;131;2771;2773;10.38;0.63;214.74;3.57;719;9;926.00;2
2056;9;624790204;2056;129;2774;2774;10.49;0.64;214.73;3.57;718;9;927.00;0
2057;9;624790214;2057;129;2774;2774;10.55;0.64;214.75;3.57;717;9;928.00;0
2059;9;624790224;2059;131;2775;2775;10.60;0.64;214.94;3.57;716;9;929.00;0
2064;9;624790235;2064;131;2775;2775;10.61;0.64;214.97;3.57;711;9;930.00;0
2066;9;624790245;2066;136;2775;2775;10.63;0.64;215.15;3.57;709;9;931.00;0
2067;9;624790256;2067;138;2775;2775;10.60;0.64;215.22;3.57;708;9;932.00;0
2071;9;624790266;2071;139;2775;2775;10.59;0.64;215.40;3.57;704;9;933.00;0
2076;9;624790276;2076;144;2775;2775;10.64;0.65;215.48;3.57;699;9;934.00;0
2079;9;624790285;2079;145;2775;2775;10.65;0.64;215.51;3.57;696;9;935.00;0
2081;9;624790294;2081;158;2812;2845;10.46;0.64;215.64;3.53;731;9;936.00;33
2083;9;624790309;2083;158;2813;2846;10.50;0.64;215.76;3.52;730;9;937.00;33
2086;9;624790319;2086;154;2820;2846;10.58;0.64;215.86;3.52;734;9;938.00;26
2088;9;624790328;2088;157;2820;2846;10.63;0.64;215.79;3.52;732;9;939.00;26
2090;9;624790338;2090;160;2825;2846;10.62;0.65;215.96;3.52;735;9;940.00;21
2092;9;624790354;2092;158;2828;2846;10.63;0.65;216.13;3.52;736;9;941.00;18
2096;9;624790364;2096;159;2831;2846;10.66;0.65;216.31;3.53;735;9;942.00;15
2098;9;624790373;2098;161;2834;2846;10.74;0.65;216.28;3.53;736;9;943.00;12
2101;9;624790382;2101;164;2836;2847;10.75;0.65;216.33;3.53;735;9;944.00;11
2103;9;624790392;2103;166;2839;2849;10.72;0.65;216.38;3.54;736;9;945.00;10
2107;9;624790401;2107;174;2841;2849;10.73;0.65;216.53;3.54;734;9;946.00;8
2111;9;624790411;2111;178;2847;2853;10.65;0.65;216.50;3.54;736;9;947.00;6
2113;9;624790421;2113;183;2848;2853;10.61;0.65;216.65;3.54;735;9;948.00;5
2118;9;624790430;2118;182;2848;2853;10.52;0.64;216.42;3.54;730;9;949.00;5
2119;9;624790439;2119;185;2848;2853;10.44;0.64;216.36;3.54;729;9;950.00;5
2123;9;624790448;2123;188;2852;2859;10.35;0.63;216.37;3.54;729;9;951.00;7
2127;9;624790457;2127;192;2852;2859;10.23;0.63;216.42;3.54;725;9;952.00;7
2128;9;624790466;2128;188;2852;2859;10.19;0.62;216.53;3.54;724;9;953.00;7
2131;9;624790475;2131;190;2854;2862;10.14;0.62;216.56;3.53;723;9;954.00;8
2133;9;624790483;2133;192;2857;2862;10.05;0.62;216.47;3.54;724;9;955.00;5
2138;9;624790493;2138;193;2858;2862;9.96;0.61;216.45;3.54;720;9;956.00;4
2142;9;624790502;2142;195;2858;2863;9.94;0.61;216.36;3.54;716;9;957.00;5
2147;9;624790510;2147;198;2860;2864;9.89;0.60;216.20;3.54;713;9;958.00;4
2150;9;624790519;2150;200;2860;2864;9.89;0.60;216.08;3.54;710;9;959.00;4
2154;9;624790529;2154;204;2878;2890;9.84;0.60;215.80;3.52;724;9;960.00;12
2155;9;624790540;2155;205;2878;2890;9.82;0.60;215.87;3.52;723;9;961.00;12
2160;9;624790548;2160;207;2880;2890;9.83;0.60;215.73;3.52;720;9;962.00;10
2164;9;624790557;2164;206;2883;2891;9.84;0.60;215.84;3.53;719;9;963.00;8
2166;9;624790566;2166;208;2883;2891;9.84;0.60;215.78;3.53;717;9;964.00;8
2169;10;624790575;2169;208;2886;2895;9.86;0.60;215.66;3.52;717;10;965.00;9
2172;10;624790595;2172;213;2886;2895;9.85;0.60;215.57;3.52;714;10;966.00;9
2178;10;624790609;2178;213;2890;2899;9.83;0.60;215.53;3.52;712;10;967.00;9
2178;10;624790619;2178;212;2890;2899;9.94;0.60;215.53;3.52;712;10;968.00;9
2179;10;624790631;2179;217;2890;2899;10.04;0.61;215.55;3.52;711;10;969.00;9
2179;10;624790644;2179;220;2892;2899;10.03;0.61;215.55;3.53;713;10;970.00;7
2182;10;624790658;2182;226;2893;2899;9.99;0.61;215.50;3.55;711;10;971.00;6
2185;10;624790671;2185;228;2903;2911;9.97;0.61;215.37;3.54;718;10;972.00;8
2187;10;624790687;2187;236;2906;2911;9.80;0.60;215.33;3.54;719;10;973.00;5
2187;10;624790700;2187;241;2907;2911;9.65;0.59;215.33;3.54;720;10;974.00;4
2188;10;624790711;2188;250;2907;2911;9.50;0.58;215.34;3.54;719;10;975.00;4
2189;10;624790726;2189;252;2907;2911;9.36;0.57;215.26;3.54;718;10;976.00;4
2191;10;624790739;2191;258;2907;2911;9.30;0.57;215.26;3.54;716;10;977.00;4
2191;10;624790749;2191;262;2907;2912;9.25;0.57;215.26;3.54;716;10;978.00;5
2192;11;624790758;2192;253;2907;2912;9.20;0.56;215.20;3.54;715;11;979.00;5
2194;11;624790797;2194;245;2913;2918;9.21;0.56;215.24;3.54;719;11;980.00;5
2196;11;624790808;2196;240;2914;2919;9.15;0.56;215.24;3.54;718;11;981.00;5
2198;11;624790818;2198;238;2915;2919;9.12;0.56;215.22;3.54;717;11;982.00;4
2202;11;624790829;2202;239;2916;2919;9.03;0.55;215.14;3.55;714;11;983.00;3
2206;12;624790839;2206;237;2918;2923;8.96;0.55;215.11;3.55;712;12;984.00;5
2209;12;624790862;2209;242;2920;2923;8.91;0.54;215.06;3.55;711;12;985.00;3
2211;12;624790872;2211;237;2921;2923;8.89;0.54;215.05;3.56;710;12;986.00;2
2211;12;624790882;2211;237;2923;2924;8.94;0.55;215.05;3.56;712;12;987.00;1
2214;13;624790891;2214;242;2927;2928;8.98;0.55;214.86;3.56;713;13;988.00;1
2215;13;624790915;2215;241;2928;2928;8.97;0.55;214.85;3.55;713;13;989.00;0
2215;13;624790927;2215;246;2932;2934;9.05;0.55;214.85;3.55;717;13;990.00;2
2218;13;624790937;2218;246;2932;2934;9.02;0.55;214.86;3.55;714;13;991.00;2
2218;13;624790946;2218;251;2934;2934;9.01;0.55;214.86;3.55;716;13;992.00;0
2220;13;624790961;2220;251;2934;2934;8.97;0.55;214.87;3.55;714;13;993.00;0
2220;13;624790977;2220;253;2938;2938;8.96;0.55;214.87;3.55;718;13;994.00;0
2223;13;624790987;2223;255;2938;2938;8.84;0.54;214.79;3.55;715;13;995.00;0
2225;13;624791003;2225;255;2938;2938;8.71;0.53;214.74;3.55;713;13;996.00;0
2227;13;624791011;2227;256;2938;2938;8.50;0.52;214.66;3.55;711;13;997.00;0
2228;13;624791020;2228;259;2939;2939;8.36;0.51;214.79;3.54;711;13;998.00;0
2229;13;624791029;2229;255;2940;2940;8.26;0.51;214.80;3.54;711;13;999.00;0
2232;13;624791039;2232;251;2940;2940;8.16;0.50;214.90;3.54;708;13;1000.00;0
2233;13;624791054;2233;248;2941;2941;8.20;0.50;214.99;3.54;708;13;1001.00;0
2234;13;624791064;2234;244;2941;2941;8.23;0.51;215.02;3.54;707;13;1002.00;0
2236;13;624791072;2236;246;2941;2941;8.19;0.50;214.98;3.54;705;13;1003.00;0
2237;13;624791081;2237;244;2941;2941;8.20;0.50;214.94;3.54;704;13;1004.00;0
2240;13;624791089;2240;241;2941;2941;8.17;0.50;214.86;3.54;701;13;1005.00;0
2241;13;624791099;2241;239;2941;2941;8.20;0.50;214.81;3.54;700;13;1006.00;0
2243;13;624791107;2243;231;2941;2941;8.22;0.50;214.67;3.54;698;13;1007.00;0
2245;13;624791116;2245;254;3014;3068;8.36;0.52;214.89;3.46;769;13;1008.00;54
2248;13;624791139;2248;245;3020;3069;8.40;0.52;214.86;3.45;772;13;1009.00;49
2251;13;624791148;2251;240;3028;3069;8.37;0.52;214.98;3.45;777;13;1010.00;41
2254;13;624791157;2254;240;3031;3069;8.37;0.52;215.25;3.45;777;13;1011.00;38
2259;13;624791168;2259;239;3037;3069;8.35;0.52;215.35;3.45;778;13;1012.00;32
2266;13;624791177;2266;241;3040;3069;8.25;0.51;215.56;3.45;774;13;1013.00;29
2269;13;624791197;2269;243;3043;3069;8.22;0.51;215.61;3.45;774;13;1014.00;26
2272;13;624791207;2272;244;3045;3069;8.19;0.51;215.74;3.46;773;13;1015.00;24
2277;13;624791217;2277;246;3046;3070;8.15;0.50;215.73;3.46;769;13;1016.00;24
2281;13;624791227;2281;250;3048;3071;8.04;0.50;215.80;3.46;767;13;1017.00;23
2285;13;624791238;2285;257;3050;3071;7.94;0.49;215.64;3.47;765;13;1018.00;21
2288;13;624791248;2288;262;3054;3072;7.76;0.48;215.92;3.47;766;13;1019.00;18
2291;13;624791260;2291;258;3059;3072;7.61;0.47;216.03;3.49;768;13;1020.00;13
2294;13;624791270;2294;256;3061;3072;7.54;0.46;216.10;3.49;767;13;1021.00;11
2296;13;624791281;2296;252;3063;3072;7.53;0.46;216.11;3.50;767;13;1022.00;9
2300;13;624791290;2300;248;3068;3076;7.60;0.47;216.44;3.51;768;13;1023.00;8
2304;13;624791301;2304;253;3070;3076;7.60;0.47;216.65;3.51;766;13;1024.00;6
2304;13;624791311;2304;253;3070;3076;7.68;0.47;216.65;3.51;766;13;1025.00;6
2308;13;624791321;2308;251;3073;3079;7.77;0.48;216.77;3.51;765;13;1026.00;6
2312;13;624791332;2312;246;3073;3079;7.88;0.48;216.86;3.51;761;13;1027.00;6
2314;13;624791343;2314;237;3073;3079;7.97;0.49;216.89;3.51;759;13;1028.00;6
2317;13;624791354;2317;230;3079;3083;8.02;0.49;217.23;3.52;762;13;1029.00;4
2321;13;624791365;2321;222;3081;3084;8.14;0.50;217.41;3.52;760;13;1030.00;3
2326;13;624791376;2326;215;3082;3084;8.20;0.50;217.46;3.53;756;13;1031.00;2
2329;13;624791387;2329;213;3086;3088;8.22;0.51;217.39;3.53;757;13;1032.00;2
2334;13;624791405;2334;202;3086;3088;8.24;0.51;217.53;3.53;752;13;1033.00;2
2342;13;624791420;2342;199;3088;3088;8.22;0.50;217.81;3.53;746;13;1034.00;0
2345;13;624791438;2345;200;3089;3090;8.24;0.50;217.68;3.53;744;13;1035.00;1
2349;13;624791450;2349;202;3090;3090;8.27;0.51;217.77;3.53;741;13;1036.00;0
2352;13;624791460;2352;209;3096;3096;8.33;0.51;217.94;3.52;744;13;1037.00;0
2357;13;624791473;2357;201;3096;3096;8.37;0.51;217.89;3.52;739;13;1038.00;0
2361;13;624791483;2361;203;3097;3097;8.44;0.51;218.02;3.52;736;13;1039.00;0
2364;13;624791494;2364;204;3097;3097;8.47;0.52;218.02;3.52;733;13;1040.00;0
2367;13;624791504;2367;206;3097;3097;8.51;0.52;218.15;3.52;730;13;1041.00;0
2368;13;624791515;2368;207;3097;3097;8.52;0.52;218.13;3.52;729;13;1042.00;0
2371;13;624791525;2371;207;3097;3097;8.56;0.52;218.23;3.52;726;13;1043.00;0
2375;13;624791536;2375;201;3107;3109;8.70;0.53;218.32;3.51;732;13;1044.00;2
2379;13;624791548;2379;202;3108;3109;8.76;0.54;218.70;3.51;729;13;1045.00;1
2382;13;624791559;2382;205;3109;3109;8.83;0.54;218.74;3.51;727;13;1046.00;0
2385;13;624791570;2385;204;3109;3109;8.83;0.54;218.74;3.51;724;13;1047.00;0
2394;13;624791581;2394;198;3109;3109;8.85;0.54;218.53;3.51;715;13;1048.00;0
2400;13;624791591;2400;202;3109;3109;8.78;0.54;218.63;3.51;709;13;1049.00;0
2402;13;624791605;2402;197;3115;3115;8.79;0.54;218.71;3.50;713;13;1050.00;0
2406;13;624791617;2406;193;3115;3115;8.80;0.54;218.95;3.50;709;13;1051.00;0
2410;13;624791631;2410;197;3119;3119;8.81;0.54;219.09;3.50;709;13;1052.00;0
2411;13;624791643;2411;193;3120;3120;8.86;0.54;219.12;3.50;709;13;1053.00;0
2415;13;624791654;2415;193;3120;3120;8.79;0.54;219.31;3.50;705;13;1054.00;0
2420;13;624791665;2420;192;3120;3120;8.77;0.54;219.43;3.50;700;13;1055.00;0
2422;13;624791677;2422;192;3133;3133;8.87;0.54;219.41;3.48;711;13;1056.00;0
2425;13;624791688;2425;191;3133;3133;8.87;0.54;219.51;3.48;708;13;1057.00;0
2430;13;624791698;2430;190;3133;3133;8.85;0.54;219.72;3.48;703;13;1058.00;0
2433;13;624791708;2433;196;3134;3134;8.96;0.55;219.60;3.48;701;13;1059.00;0
2439;13;624791719;2439;199;3135;3135;8.97;0.55;219.55;3.48;696;13;1060.00;0
2443;13;624791729;2443;202;3135;3135;8.99;0.55;219.60;3.48;692;13;1061.00;0
2445;13;624791738;2445;202;3137;3138;9.14;0.56;219.65;3.48;692;13;1062.00;1
2449;13;624791747;2449;199;3137;3138;9.19;0.56;219.75;3.48;688;13;1063.00;1
2452;13;624791756;2452;199;3138;3138;9.18;0.56;219.85;3.48;686;13;1064.00;0
2456;13;624791766;2456;200;3138;3138;9.09;0.55;219.96;3.48;682;13;1065.00;0
2459;13;624791775;2459;203;3144;3144;8.97;0.55;220.01;3.47;685;13;1066.00;0
2462;13;624791785;2462;191;3144;3144;8.98;0.55;220.16;3.47;682;13;1067.00;0
2465;13;624791795;2465;184;3144;3144;8.96;0.54;220.29;3.47;679;13;1068.00;0
2467;13;624791804;2467;180;3144;3144;8.94;0.54;220.59;3.47;677;13;1069.00;0
2469;13;624791813;2469;182;3148;3148;9.01;0.55;220.69;3.47;679;13;1070.00;0
2473;13;624791823;2473;182;3149;3149;8.98;0.54;220.66;3.47;676;13;1071.00;0
2477;13;624791832;2477;180;3149;3149;8.93;0.54;220.86;3.47;672;13;1072.00;0
2480;13;624791840;2480;184;3150;3150;8.87;0.54;221.00;3.47;670;13;1073.00;0
2483;13;624791849;2483;182;3150;3150;8.91;0.54;221.02;3.47;667;13;1074.00;0
2487;13;624791858;2487;182;3150;3150;8.91;0.54;221.13;3.47;663;13;1075.00;0
2488;13;624791867;2488;175;3150;3150;8.90;0.54;221.24;3.47;662;13;1076.00;0
2490;13;624791876;2490;160;3150;3150;8.97;0.54;221.45;3.47;660;13;1077.00;0
2495;13;624791885;2495;149;3150;3150;9.02;0.55;221.60;3.47;655;13;1078.00;0
2497;13;624791894;2497;145;3150;3150;9.10;0.55;221.58;3.47;653;13;1079.00;0
2498;13;624791906;2498;173;3234;3275;9.02;0.55;221.58;3.38;736;13;1080.00;41
2500;13;624791924;2500;171;3237;3276;9.16;0.56;221.57;3.38;737;13;1081.00;39
2501;13;624791935;2501;161;3243;3276;9.36;0.57;221.62;3.37;742;13;1082.00;33
2504;13;624791944;2504;162;3246;3276;9.40;0.58;221.71;3.37;742;13;1083.00;30
2505;13;624791954;2505;158;3252;3276;9.37;0.57;221.69;3.38;747;13;1084.00;24
2507;13;624791964;2507;160;3254;3276;9.41;0.58;221.81;3.38;747;13;1085.00;22
2510;13;624791973;2510;166;3260;3276;9.38;0.57;221.80;3.38;750;13;1086.00;16
2514;13;624791983;2514;165;3261;3276;9.37;0.57;221.86;3.38;747;13;1087.00;15
2515;13;624791993;2515;177;3264;3277;9.36;0.57;221.95;3.39;749;13;1088.00;13
2515;13;624792007;2515;177;3269;3278;9.29;0.57;221.95;3.40;754;13;1089.00;9
2519;13;624792019;2519;184;3272;3278;9.15;0.56;222.16;3.40;753;13;1090.00;6
2522;13;624792030;2522;185;3277;3282;9.07;0.56;222.20;3.40;755;13;1091.00;5
2525;13;624792041;2525;191;3277;3282;9.03;0.55;222.47;3.40;752;13;1092.00;5
2527;13;624792052;2527;203;3278;3282;9.04;0.55;222.44;3.40;751;13;1093.00;4
2528;13;624792062;2528;204;3278;3282;9.04;0.55;222.48;3.40;750;13;1094.00;4
2528;13;624792072;2528;205;3284;3288;9.07;0.56;222.48;3.39;756;13;1095.00;4
2530;14;624792083;2530;204;3284;3288;9.09;0.56;222.51;3.39;754;14;1096.00;4
2531;14;624792105;2531;208;3284;3288;9.19;0.56;222.53;3.39;753;14;1097.00;4
2534;14;624792116;2534;205;3286;3291;9.17;0.56;222.55;3.39;752;14;1098.00;5
2535;15;624792126;2535;201;3286;3291;9.10;0.56;222.50;3.39;751;15;1099.00;5
2536;15;624792154;2536;201;3286;3291;9.03;0.55;222.57;3.39;750;15;1100.00;5
2539;15;624792168;2539;202;3287;3292;9.01;0.55;222.64;3.39;748;15;1101.00;5
2541;15;624792177;2541;204;3288;3293;9.10;0.56;222.57;3.39;747;15;1102.00;5
2544;15;624792187;2544;207;3288;3293;9.19;0.56;222.51;3.39;744;15;1103.00;5
2549;15;624792196;2549;213;3300;3306;9.18;0.56;222.39;3.38;751;15;1104.00;6
2553;15;624792206;2553;211;3300;3306;9.28;0.57;222.30;3.38;747;15;1105.00;6
2556;15;624792215;2556;207;3300;3306;9.38;0.57;222.19;3.38;744;15;1106.00;6
2558;15;624792225;2558;202;3302;3307;9.39;0.57;222.09;3.38;744;15;1107.00;5
2560;15;624792240;2560;202;3302;3307;9.46;0.58;222.07;3.38;742;15;1108.00;5
2560;15;624792249;2560;202;3306;3311;9.53;0.58;222.07;3.39;746;15;1109.00;5
2562;15;624792260;2562;202;3306;3311;9.59;0.58;221.99;3.39;744;15;1110.00;5
2567;15;624792270;2567;205;3310;3315;9.65;0.59;221.79;3.38;743;15;1111.00;5
2570;15;624792279;2570;206;3310;3315;9.72;0.59;221.73;3.38;740;15;1112.00;5
2572;15;624792289;2572;211;3310;3315;9.79;0.60;221.68;3.38;738;15;1113.00;5
2576;15;624792298;2576;217;3312;3315;9.76;0.59;221.51;3.39;736;15;1114.00;3
2576;15;624792306;2576;224;3312;3315;9.79;0.60;221.51;3.39;736;15;1115.00;3
2576;15;624792315;2576;228;3323;3327;9.83;0.60;221.51;3.38;747;15;1116.00;4
2580;15;624792325;2580;232;3323;3327;9.84;0.60;221.46;3.38;743;15;1117.00;4
2582;15;624792333;2582;235;3323;3327;9.87;0.60;221.46;3.38;741;15;1118.00;4
2585;15;624792342;2585;242;3323;3327;9.85;0.60;221.42;3.38;738;15;1119.00;4
2590;15;624792351;2590;244;3325;3327;9.86;0.60;221.39;3.40;735;15;1120.00;2
2592;15;624792359;2592;243;3325;3327;9.86;0.60;221.35;3.40;733;15;1121.00;2
2594;15;624792368;2594;240;3325;3328;9.83;0.60;221.29;3.40;731;15;1122.00;3
2595;15;624792377;2595;241;3326;3328;9.80;0.60;221.25;3.41;731;15;1123.00;2
2599;15;624792385;2599;240;3331;3334;9.78;0.60;221.16;3.40;732;15;1124.00;3
2602;15;624792395;2602;240;3335;3336;9.75;0.59;221.13;3.40;733;15;1125.00;1
2603;15;624792404;2603;241;3335;3336;9.76;0.59;221.09;3.40;732;15;1126.00;1
2606;15;624792412;2606;245;3335;3336;9.80;0.60;221.02;3.40;729;15;1127.00;1
2607;15;624792421;2607;245;3338;3340;9.81;0.60;220.98;3.40;731;15;1128.00;2
2608;15;624792430;2608;242;3338;3340;9.79;0.60;220.92;3.40;730;15;1129.00;2
2610;15;624792438;2610;238;3338;3340;9.72;0.59;220.90;3.40;728;15;1130.00;2
2614;15;624792447;2614;225;3339;3341;9.71;0.59;220.80;3.40;725;15;1131.00;2
2615;15;624792455;2615;216;3342;3345;9.73;0.59;220.81;3.40;727;15;1132.00;3
2616;15;624792464;2616;208;3342;3345;9.72;0.59;220.83;3.40;726;15;1133.00;3
2616;15;624792474;2616;198;3344;3348;9.83;0.60;220.83;3.40;728;15;1134.00;4
2620;15;624792483;2620;194;3345;3348;9.86;0.60;220.77;3.40;725;15;1135.00;3
2624;15;624792493;2624;195;3345;3348;9.91;0.60;220.64;3.40;721;15;1136.00;3
2625;15;624792503;2625;194;3345;3348;10.00;0.61;220.64;3.40;720;15;1137.00;3
2627;15;624792519;2627;190;3349;3352;10.15;0.62;220.63;3.39;722;15;1138.00;3
2627;15;624792529;2627;189;3349;3352;10.18;0.62;220.63;3.39;722;15;1139.00;3
2628;15;624792539;2628;189;3349;3352;10.26;0.62;220.62;3.39;721;15;1140.00;3
2629;15;624792548;2629;187;3349;3352;10.28;0.62;220.58;3.39;720;15;1141.00;3
2630;15;624792558;2630;182;3349;3353;10.28;0.63;220.52;3.39;719;15;1142.00;4
2632;15;624792572;2632;186;3350;3354;10.29;0.63;220.43;3.39;718;15;1143.00;4
2632;15;624792581;2632;183;3350;3354;10.26;0.62;220.43;3.39;718;15;1144.00;4
2632;15;624792597;2632;184;3351;3355;10.26;0.63;220.43;3.39;719;15;1145.00;4
2635;15;624792605;2635;183;3351;3355;10.24;0.62;220.42;3.39;716;15;1146.00;4
2636;15;624792614;2636;186;3351;3355;10.24;0.62;220.44;3.39;715;15;1147.00;4
2638;15;624792623;2638;188;3351;3355;10.21;0.62;220.45;3.39;713;15;1148.00;4
2639;15;624792635;2639;191;3351;3355;10.22;0.62;220.39;3.39;712;15;1149.00;4
2642;15;624792651;2642;194;3351;3355;10.19;0.62;220.41;3.39;709;15;1150.00;4
2643;15;624792666;2643;195;3353;3355;10.15;0.62;220.40;3.40;710;15;1151.00;2
2646;15;624792683;2646;217;3420;3482;10.07;0.62;220.66;3.34;774;15;1152.00;62
2648;15;624792713;2648;211;3425;3483;9.97;0.62;220.95;3.34;777;15;1153.00;58
2651;15;624792728;2651;213;3435;3483;9.97;0.62;221.02;3.34;784;15;1154.00;48
2654;15;624792742;2654;214;3441;3483;9.92;0.61;221.08;3.34;787;15;1155.00;42
2656;15;624792753;2656;215;3448;3483;9.85;0.61;221.02;3.34;792;15;1156.00;35
2658;15;624792763;2658;220;3450;3483;9.80;0.61;220.98;3.34;792;15;1157.00;33
2660;15;624792774;2660;221;3453;3483;9.70;0.60;221.05;3.34;793;15;1158.00;30
2662;15;624792784;2662;221;3456;3483;9.69;0.60;221.15;3.35;794;15;1159.00;27
2663;15;624792794;2663;224;3458;3484;9.66;0.60;221.10;3.35;795;15;1160.00;26
2666;15;624792805;2666;230;3463;3485;9.58;0.59;221.20;3.36;797;15;1161.00;22
2667;15;624792816;2667;233;3468;3485;9.44;0.58;221.17;3.37;801;15;1162.00;17
2670;15;624792825;2670;235;3472;3486;9.31;0.57;221.16;3.38;802;15;1163.00;14
2676;15;624792836;2676;237;3474;3486;9.18;0.56;221.25;3.38;798;15;1164.00;12
2676;15;624792847;2676;243;3476;3486;9.01;0.55;221.25;3.38;800;15;1165.00;10
2677;15;624792856;2677;249;3477;3486;8.84;0.54;221.38;3.39;800;15;1166.00;9
2681;15;624792866;2681;257;3482;3490;8.66;0.53;221.42;3.39;801;15;1167.00;8
2681;15;624792877;2681;266;3483;3490;8.54;0.53;221.42;3.39;802;15;1168.00;7
2684;15;624792887;2684;261;3484;3490;8.43;0.52;221.44;3.39;800;15;1169.00;6
2685;15;624792899;2685;263;3488;3496;8.35;0.51;221.56;3.39;803;15;1170.00;8
2687;15;624792910;2687;265;3489;3496;8.28;0.51;221.71;3.39;802;15;1171.00;7
2688;15;624792920;2688;267;3490;3496;8.20;0.50;221.78;3.39;802;15;1172.00;6
2691;15;624792929;2691;270;3495;3500;8.09;0.50;221.76;3.40;804;15;1173.00;5
2695;15;624792940;2695;266;3497;3501;7.97;0.49;221.71;3.40;802;15;1174.00;4
2695;15;624792950;2695;267;3498;3501;7.93;0.49;221.71;3.41;803;15;1175.00;3
2697;15;624792959;2697;265;3503;3505;7.91;0.49;221.81;3.41;806;15;1176.00;2
2701;15;624792971;2701;268;3503;3505;7.85;0.48;221.89;3.41;802;15;1177.00;2
2703;15;624792981;2703;269;3504;3505;7.79;0.48;221.94;3.41;801;15;1178.00;1
2704;15;624792991;2704;270;3505;3506;7.81;0.48;221.96;3.41;801;15;1179.00;1
2710;15;624793001;2710;270;3505;3506;7.80;0.48;221.88;3.41;795;15;1180.00;1
2713;15;624793010;2713;273;3512;3512;7.78;0.47;221.93;3.41;799;15;1181.00;0
2716;15;624793021;2716;273;3512;3512;7.75;0.47;221.98;3.41;796;15;1182.00;0
2721;15;624793031;2721;276;3513;3513;7.64;0.47;222.28;3.41;792;15;1183.00;0
2725;15;624793040;2725;281;3513;3513;7.54;0.46;222.53;3.41;788;15;1184.00;0
2732;15;624793050;2732;280;3513;3513;7.49;0.46;222.61;3.41;781;15;1185.00;0
2737;15;624793059;2737;277;3513;3513;7.44;0.45;222.69;3.41;776;15;1186.00;0
2744;15;624793069;2744;275;3513;3513;7.28;0.44;223.20;3.41;769;15;1187.00;0
2748;15;624793087;2748;277;3522;3525;7.22;0.44;223.56;3.40;774;15;1188.00;3
2751;15;624793098;2751;278;3522;3525;7.20;0.44;223.68;3.40;771;15;1189.00;3
2756;15;624793107;2756;270;3523;3525;7.27;0.44;223.85;3.40;767;15;1190.00;2
2760;15;624793117;2760;262;3523;3525;7.33;0.45;224.05;3.40;763;15;1191.00;2
2764;15;624793126;2764;254;3524;3525;7.40;0.45;224.25;3.40;760;15;1192.00;1
2766;15;624793136;2766;252;3524;3525;7.53;0.46;224.29;3.40;758;15;1193.00;1
2773;15;624793145;2773;252;3528;3529;7.57;0.46;224.76;3.40;755;15;1194.00;1
2776;15;624793154;2776;248;3528;3529;7.69;0.47;224.80;3.40;752;15;1195.00;1
2779;15;624793164;2779;240;3531;3533;7.77;0.48;224.87;3.39;752;15;1196.00;2
2783;15;624793174;2783;232;3533;3534;7.82;0.48;225.00;3.40;750;15;1197.00;1
2786;15;624793183;2786;230;3533;3534;7.85;0.48;225.10;3.40;747;15;1198.00;1
2788;15;624793193;2788;221;3533;3534;7.89;0.48;225.26;3.40;745;15;1199.00;1
2792;15;624793206;2792;221;3559;3575;7.85;0.48;225.35;3.37;767;15;1200.00;16
2795;15;624793227;2795;213;3560;3575;7.90;0.49;225.52;3.37;765;15;1201.00;15
2803;15;624793237;2803;209;3564;3575;7.91;0.48;225.62;3.37;761;15;1202.00;11
2805;15;624793249;2805;209;3566;3576;8.01;0.49;225.57;3.37;761;15;1203.00;10
2809;15;624793260;2809;208;3567;3577;7.99;0.49;225.74;3.37;758;15;1204.00;10
2812;15;624793275;2812;212;3569;3577;8.05;0.49;225.79;3.37;757;15;1205.00;8
2816;15;624793286;2816;202;3573;3580;8.12;0.50;225.87;3.37;757;15;1206.00;7
2821;15;624793297;2821;198;3573;3580;8.13;0.50;226.01;3.37;752;15;1207.00;7
2826;15;624793306;2826;198;3575;3580;8.14;0.50;225.96;3.37;749;15;1208.00;5
2830;15;624793317;2830;197;3575;3580;8.11;0.49;226.08;3.37;745;15;1209.00;5
2833;15;624793328;2833;200;3581;3586;8.10;0.50;226.17;3.37;748;15;1210.00;5
2838;15;624793340;2838;191;3582;3586;8.17;0.50;226.06;3.37;744;15;1211.00;4
2841;15;624793351;2841;193;3582;3586;8.22;0.50;226.15;3.37;741;15;1212.00;4
2843;15;624793361;2843;193;3582;3586;8.35;0.51;226.18;3.37;739;15;1213.00;4
2845;15;624793371;2845;195;3586;3590;8.44;0.52;226.22;3.37;741;15;1214.00;4
2851;15;624793384;2851;189;3588;3592;8.52;0.52;226.26;3.36;737;15;1215.00;4
2853;15;624793395;2853;196;3588;3592;8.59;0.53;226.31;3.36;735;15;1216.00;4
2857;15;624793406;2857;202;3590;3593;8.56;0.53;226.31;3.37;733;15;1217.00;3
2860;15;624793417;2860;205;3590;3593;8.51;0.52;226.38;3.37;730;15;1218.00;3
2864;15;624793426;2864;209;3590;3593;8.46;0.52;226.37;3.37;726;15;1219.00;3
2866;15;624793438;2866;208;3590;3593;8.37;0.51;226.36;3.37;724;15;1220.00;3
2872;15;624793447;2872;209;3590;3593;8.27;0.51;226.41;3.37;718;15;1221.00;3
2874;15;624793456;2874;211;3590;3593;8.15;0.50;226.33;3.37;716;15;1222.00;3
2879;15;624793466;2879;215;3591;3593;7.99;0.49;226.39;3.37;712;15;1223.00;2
2886;15;624793476;2886;225;3634;3663;7.75;0.47;226.42;3.33;748;15;1224.00;29
2888;15;624793491;2888;224;3635;3664;7.70;0.47;226.35;3.33;747;15;1225.00;29
2890;15;624793500;2890;225;3641;3664;7.76;0.48;226.37;3.33;751;15;1226.00;23
2897;15;624793509;2897;225;3643;3664;7.74;0.47;226.28;3.33;746;15;1227.00;21
2897;15;624793519;2897;221;3648;3666;7.80;0.48;226.28;3.34;751;15;1228.00;18
2901;15;624793528;2901;221;3650;3666;7.85;0.48;226.34;3.34;749;15;1229.00;16
2903;15;624793540;2903;228;3653;3666;7.91;0.48;226.42;3.34;750;15;1230.00;13
2904;15;624793556;2904;226;3655;3666;7.87;0.48;226.44;3.34;751;15;1231.00;11
2905;15;624793566;2905;233;3657;3667;7.91;0.48;226.49;3.34;752;15;1232.00;10
2909;15;624793575;2909;238;3659;3668;7.87;0.48;226.62;3.35;750;15;1233.00;9
2911;15;624793585;2911;244;3663;3668;7.83;0.48;226.59;3.36;752;15;1234.00;5
2913;15;624793595;2913;247;3669;3672;7.81;0.48;226.66;3.36;756;15;1235.00;3
2917;15;624793605;2917;252;3670;3672;7.76;0.48;226.67;3.36;753;15;1236.00;2
2919;15;624793615;2919;245;3670;3672;7.77;0.48;226.60;3.36;751;15;1237.00;2
2921;15;624793626;2921;243;3671;3672;7.81;0.48;226.62;3.36;750;15;1238.00;1
2924;15;624793640;2924;238;3677;3678;7.88;0.48;226.58;3.36;753;15;1239.00;1
2926;15;624793651;2926;239;3678;3678;7.87;0.48;226.58;3.36;752;15;1240.00;0
2929;15;624793661;2929;236;3678;3678;7.93;0.49;226.55;3.36;749;15;1241.00;0
2931;15;624793672;2931;236;3680;3681;7.98;0.49;226.59;3.36;749;15;1242.00;1
2933;15;624793682;2933;241;3680;3681;8.04;0.49;226.68;3.36;747;15;1243.00;1
2937;15;624793692;2937;244;3681;3681;8.04;0.49;226.70;3.36;744;15;1244.00;0
2940;15;624793702;2940;245;3682;3682;7.93;0.48;226.76;3.36;742;15;1245.00;0
2942;15;624793712;2942;238;3683;3683;7.90;0.48;226.79;3.36;741;15;1246.00;0
2943;15;624793722;2943;235;3683;3683;7.98;0.49;226.76;3.36;740;15;1247.00;0
2946;15;624793731;2946;229;3696;3696;8.03;0.49;226.80;3.35;750;15;1248.00;0
2950;15;624793743;2950;226;3696;3696;8.00;0.49;226.82;3.35;746;15;1249.00;0
2951;15;624793753;2951;219;3696;3696;7.97;0.49;226.80;3.35;745;15;1250.00;0
2956;15;624793764;2956;221;3697;3697;7.92;0.48;226.69;3.35;741;15;1251.00;0
2958;15;624793774;2958;219;3697;3697;7.92;0.48;226.63;3.35;739;15;1252.00;0
2961;15;624793784;2961;223;3701;3701;7.94;0.48;226.78;3.34;740;15;1253.00;0
2963;15;624793795;2963;216;3701;3701;7.94;0.48;226.67;3.34;738;15;1254.00;0
2964;15;624793804;2964;222;3705;3705;8.02;0.49;226.62;3.34;741;15;1255.00;0
2966;15;624793814;2966;218;3705;3705;8.10;0.49;226.72;3.34;739;15;1256.00;0
2967;15;624793824;2967;218;3705;3705;8.25;0.50;226.77;3.34;738;15;1257.00;0
2970;15;624793834;2970;222;3705;3705;8.27;0.50;226.65;3.34;735;15;1258.00;0
2973;15;624793845;2973;218;3705;3705;8.35;0.51;226.69;3.34;732;15;1259.00;0
2975;15;624793856;2975;227;3735;3739;8.41;0.51;226.71;3.31;760;15;1260.00;4
2978;15;624793869;2978;221;3735;3739;8.49;0.52;226.59;3.31;757;15;1261.00;4
2979;15;624793879;2979;222;3738;3739;8.57;0.52;226.55;3.31;759;15;1262.00;1
2981;15;624793888;2981;223;3738;3739;8.56;0.52;226.50;3.31;757;15;1263.00;1
2985;15;624793897;2985;225;3739;3739;8.59;0.52;226.39;3.31;754;15;1264.00;0
2987;15;624793908;2987;227;3739;3739;8.62;0.53;226.35;3.31;752;15;1265.00;0
2988;15;624793917;2988;226;3740;3740;8.64;0.53;226.41;3.31;752;15;1266.00;0
2989;16;624793926;2989;232;3740;3740;8.65;0.53;226.40;3.31;751;16;1267.00;0
2991;16;624793946;2991;239;3745;3746;8.70;0.53;226.34;3.31;754;16;1268.00;1
2991;16;624793961;2991;241;3746;3747;8.72;0.53;226.34;3.31;755;16;1269.00;1
2995;16;624793971;2995;241;3746;3747;8.68;0.53;226.22;3.31;751;16;1270.00;1
2996;16;624793986;2996;241;3746;3747;8.65;0.53;226.15;3.31;750;16;1271.00;1
2999;16;624793995;2999;243;3750;3751;8.57;0.52;226.03;3.30;751;16;1272.00;1
2999;16;624794005;2999;241;3750;3751;8.57;0.52;226.03;3.30;751;16;1273.00;1
2999;16;624794014;2999;240;3750;3751;8.60;0.52;226.03;3.30;751;16;1274.00;1
2999;16;624794022;2999;247;3751;3752;8.67;0.53;226.03;3.30;752;16;1275.00;1
3000;16;624794031;3000;249;3754;3756;8.70;0.53;225.99;3.30;754;16;1276.00;2
3002;16;624794040;3002;251;3754;3756;8.70;0.53;225.96;3.30;752;16;1277.00;2
3003;16;624794049;3003;250;3756;3759;8.76;0.53;225.97;3.30;753;16;1278.00;3
3006;16;624794059;3006;248;3756;3759;8.78;0.53;225.97;3.30;750;16;1279.00;3
3008;16;624794068;3008;247;3757;3759;8.81;0.54;225.93;3.30;749;16;1280.00;2
3009;16;624794077;3009;249;3757;3759;8.89;0.54;225.93;3.30;748;16;1281.00;2
3011;16;624794086;3011;248;3761;3763;8.98;0.55;225.94;3.30;750;16;1282.00;2
3011;16;624794095;3011;235;3761;3763;9.09;0.55;225.94;3.30;750;16;1283.00;2
3013;16;624794104;3013;226;3761;3763;9.27;0.56;225.90;3.30;748;16;1284.00;2
3016;16;624794113;3016;222;3761;3763;9.41;0.57;225.83;3.30;745;16;1285.00;2
3018;16;624794123;3018;218;3761;3764;9.51;0.58;225.99;3.30;743;16;1286.00;3
3019;16;624794132;3019;212;3762;3765;9.66;0.58;226.01;3.30;743;16;1287.00;3
3024;16;624794142;3024;209;3762;3765;9.69;0.59;226.00;3.30;738;16;1288.00;3
3024;16;624794152;3024;207;3763;3766;9.76;0.59;226.00;3.30;739;16;1289.00;3
3028;16;624794163;3028;200;3763;3766;9.84;0.59;226.01;3.30;735;16;1290.00;3
3029;16;624794172;3029;199;3763;3766;9.92;0.60;225.99;3.30;734;16;1291.00;3
3030;16;624794181;3030;192;3763;3766;9.96;0.60;225.94;3.30;733;16;1292.00;3
3032;16;624794191;3032;189;3763;3766;9.95;0.60;225.89;3.30;731;16;1293.00;3
3032;16;624794200;3032;185;3764;3766;10.00;0.60;225.89;3.30;732;16;1294.00;2
3032;16;624794209;3032;179;3765;3766;10.08;0.61;225.89;3.31;733;16;1295.00;1
3033;16;624794218;3033;195;3828;3893;9.98;0.61;225.86;3.25;795;16;1296.00;65
3035;16;624794237;3035;185;3828;3894;10.00;0.61;225.82;3.25;793;16;1297.00;66
3036;16;624794253;3036;184;3836;3894;10.08;0.62;225.75;3.25;800;16;1298.00;58
3040;16;624794263;3040;181;3838;3894;10.10;0.62;225.65;3.25;798;16;1299.00;56
3040;16;624794273;3040;175;3843;3894;10.09;0.62;225.65;3.25;803;16;1300.00;51
3043;16;624794287;3043;166;3846;3894;10.14;0.62;225.65;3.25;803;16;1301.00;48
3044;16;624794296;3044;168;3849;3894;10.14;0.62;225.62;3.25;805;16;1302.00;45
3044;16;624794306;3044;168;3852;3894;10.14;0.62;225.62;3.26;808;16;1303.00;42
3047;16;624794321;3047;169;3854;3895;10.15;0.62;225.51;3.26;807;16;1304.00;41
3048;16;624794330;3048;169;3859;3897;10.15;0.62;225.51;3.27;811;16;1305.00;38
3050;16;624794340;3050;172;3862;3897;10.15;0.62;225.46;3.27;812;16;1306.00;35
3051;16;624794350;3051;175;3864;3898;10.17;0.62;225.52;3.27;813;16;1307.00;34
3054;16;624794360;3054;180;3867;3898;10.18;0.62;225.40;3.28;813;16;1308.00;31
3055;16;624794370;3055;180;3870;3898;10.20;0.62;225.33;3.29;815;16;1309.00;28
3056;16;624794380;3056;179;3875;3898;10.19;0.62;225.31;3.31;819;16;1310.00;23
3058;16;624794390;3058;183;3879;3902;10.14;0.62;225.44;3.31;821;16;1311.00;23
3060;16;624794400;3060;182;3883;3902;10.18;0.62;225.39;3.33;823;16;1312.00;19
3064;16;624794411;3064;183;3887;3902;10.09;0.62;225.51;3.34;823;16;1313.00;15
3068;16;624794421;3068;186;3888;3905;10.01;0.61;225.60;3.33;820;16;1314.00;17
3072;16;624794431;3072;187;3891;3905;9.96;0.61;225.75;3.35;819;16;1315.00;14
3074;16;624794442;3074;189;3892;3905;9.93;0.60;225.84;3.35;818;16;1316.00;13
3078;16;624794451;3078;195;3895;3909;9.84;0.60;226.04;3.35;817;16;1317.00;14
3081;16;624794462;3081;198;3899;3910;9.79;0.59;225.91;3.36;818;16;1318.00;11
3083;16;624794472;3083;209;3900;3910;9.82;0.60;226.12;3.36;817;16;1319.00;10
3086;16;624794484;3086;214;3907;3915;9.73;0.59;226.22;3.36;821;16;1320.00;8
3087;16;624794495;3087;216;3907;3915;9.64;0.59;226.32;3.36;820;16;1321.00;8
3091;16;624794505;3091;221;3907;3915;9.57;0.58;226.38;3.36;816;16;1322.00;8
3093;16;624794527;3093;220;3909;3916;9.49;0.58;226.37;3.37;816;16;1323.00;7
3096;16;624794538;3096;224;3909;3916;9.39;0.57;226.45;3.37;813;16;1324.00;7
3098;16;624794548;3098;229;3916;3922;9.40;0.57;226.61;3.37;818;16;1325.00;6
3101;16;624794559;3101;231;3916;3922;9.30;0.56;226.63;3.37;815;16;1326.00;6
3104;16;624794569;3104;234;3917;3923;9.17;0.56;226.73;3.38;813;16;1327.00;6
3106;16;624794579;3106;239;3918;3923;9.05;0.55;226.92;3.38;812;16;1328.00;5
3107;16;624794589;3107;243;3920;3923;8.96;0.54;226.91;3.40;813;16;1329.00;3
3110;16;624794599;3110;247;3921;3923;8.84;0.53;227.09;3.40;811;16;1330.00;2
3113;16;624794609;3113;244;3921;3923;8.76;0.53;227.13;3.40;808;16;1331.00;2
3115;16;624794619;3115;249;3930;3935;8.68;0.53;227.10;3.39;815;16;1332.00;5
3116;16;624794631;3116;255;3933;3935;8.54;0.52;227.09;3.39;817;16;1333.00;2
3117;16;624794645;3117;258;3935;3935;8.44;0.51;227.23;3.39;818;16;1334.00;0
3119;16;624794667;3119;266;3935;3935;8.34;0.51;227.35;3.39;816;16;1335.00;0
3121;16;624794682;3121;274;3935;3935;8.22;0.50;227.38;3.39;814;16;1336.00;0
3124;16;624794705;3124;275;3935;3935;8.14;0.50;227.69;3.39;811;16;1337.00;0
3126;16;624794723;3126;279;3939;3939;7.99;0.49;227.78;3.39;813;16;1338.00;0
3127;16;624794739;3127;277;3939;3939;7.91;0.48;227.85;3.39;812;16;1339.00;0
3129;17;624794759;3129;281;3943;3943;7.92;0.49;228.03;3.39;814;17;1340.00;0
3130;17;624794782;3130;281;3944;3944;7.93;0.49;227.98;3.39;814;17;1341.00;0
3134;17;624794792;3134;280;3944;3944;7.90;0.49;228.20;3.39;810;17;1342.00;0
3137;17;624794803;3137;277;3944;3944;7.86;0.48;228.23;3.39;807;17;1343.00;0
3138;17;624794813;3138;284;3956;3957;7.83;0.48;228.23;3.38;818;17;1344.00;1
3142;17;624794824;3142;279;3956;3957;7.89;0.49;228.36;3.38;814;17;1345.00;1
3145;17;624794835;3145;278;3957;3957;7.94;0.49;228.38;3.38;812;17;1346.00;0
3150;17;624794845;3150;275;3958;3958;8.03;0.49;228.48;3.38;808;17;1347.00;0
3152;17;624794856;3152;281;3959;3959;8.14;0.50;228.62;3.38;807;17;1348.00;0
3153;17;624794866;3153;275;3959;3959;8.24;0.50;228.68;3.38;806;17;1349.00;0
3155;17;624794878;3155;276;3966;3968;8.24;0.50;228.72;3.37;811;17;1350.00;2
3158;17;624794889;3158;275;3966;3968;8.27;0.51;228.77;3.37;808;17;1351.00;2
3162;17;624794899;3162;270;3967;3968;8.27;0.51;228.96;3.37;805;17;1352.00;1
3165;17;624794908;3165;268;3967;3968;8.21;0.50;229.14;3.37;802;17;1353.00;1
3171;17;624794917;3171;267;3973;3974;8.11;0.50;229.19;3.37;802;17;1354.00;1
3176;17;624794928;3176;265;3974;3974;8.00;0.49;229.39;3.37;798;17;1355.00;0
3180;17;624794938;3180;265;3974;3974;7.94;0.49;229.56;3.37;794;17;1356.00;0
3186;17;624794947;3186;265;3974;3974;7.82;0.48;229.65;3.37;788;17;1357.00;0
3193;17;624794956;3193;261;3978;3978;7.61;0.46;229.81;3.36;785;17;1358.00;0
3198;17;624794966;3198;265;3979;3979;7.55;0.46;229.83;3.36;781;17;1359.00;0
3200;17;624794976;3200;256;3979;3979;7.46;0.46;229.98;3.36;779;17;1360.00;0
3207;17;624794985;3207;252;3980;3980;7.43;0.45;230.13;3.36;773;17;1361.00;0
3209;17;624794994;3209;243;3980;3980;7.43;0.45;230.16;3.36;771;17;1362.00;0
3216;17;624795003;3216;235;3980;3980;7.43;0.45;230.38;3.36;764;17;1363.00;0
3219;17;624795012;3219;240;3980;3980;7.47;0.46;230.64;3.36;761;17;1364.00;0
3223;17;624795021;3223;235;3980;3980;7.52;0.46;230.77;3.36;757;17;1365.00;0
3226;17;624795031;3226;239;3980;3980;7.56;0.46;230.93;3.36;754;17;1366.00;0
3232;17;624795040;3232;232;3980;3980;7.54;0.46;231.04;3.36;748;17;1367.00;0
3233;17;624795049;3233;230;4015;4050;7.74;0.48;231.10;3.33;782;17;1368.00;35
3239;17;624795063;3239;231;4019;4051;7.77;0.48;231.20;3.33;780;17;1369.00;32
3244;17;624795073;3244;226;4026;4051;7.82;0.48;231.26;3.33;782;17;1370.00;25
3247;17;624795082;3247;220;4026;4051;7.84;0.48;231.20;3.33;779;17;1371.00;25
3253;17;624795092;3253;225;4028;4051;7.87;0.48;231.26;3.33;775;17;1372.00;23
3256;17;624795102;3256;224;4029;4051;7.85;0.48;231.26;3.33;773;17;1373.00;22
3261;17;624795112;3261;226;4033;4051;7.82;0.48;231.38;3.33;772;17;1374.00;18
3263;17;624795122;3263;233;4034;4051;7.82;0.48;231.30;3.33;771;17;1375.00;17
3267;17;624795131;3267;232;4036;4052;7.91;0.48;231.34;3.34;769;17;1376.00;16
3269;17;624795141;3269;230;4040;4053;8.02;0.49;231.35;3.34;771;17;1377.00;13
3271;17;624795151;3271;234;4043;4053;8.05;0.49;231.28;3.35;772;17;1378.00;10
3273;17;624795160;3273;236;4049;4057;8.14;0.50;231.28;3.35;776;17;1379.00;8
3277;17;624795172;3277;240;4053;4057;8.18;0.50;231.30;3.35;776;17;1380.00;4
3279;17;624795183;3279;237;4053;4057;8.30;0.51;231.31;3.35;774;17;1381.00;4
3284;17;624795194;3284;232;4053;4057;8.38;0.51;231.34;3.35;769;17;1382.00;4
3290;17;624795204;3290;229;4062;4063;8.42;0.52;231.35;3.36;772;17;1383.00;1
3293;17;624795216;3293;225;4062;4063;8.46;0.52;231.35;3.36;769;17;1384.00;1
3298;17;624795226;3298;222;4063;4063;8.46;0.52;231.61;3.36;765;17;1385.00;0
3302;17;624795236;3302;223;4065;4066;8.42;0.52;231.73;3.36;763;17;1386.00;1
3305;17;624795248;3305;219;4065;4066;8.40;0.51;231.74;3.36;760;17;1387.00;1
3310;17;624795258;3310;223;4066;4066;8.35;0.51;231.73;3.36;756;17;1388.00;0
3316;17;624795268;3316;222;4067;4067;8.30;0.51;231.82;3.36;751;17;1389.00;0
3321;17;624795278;3321;219;4068;4068;8.26;0.50;231.76;3.36;747;17;1390.00;0
3322;17;624795289;3322;218;4068;4068;8.15;0.50;231.72;3.36;746;17;1391.00;0
3326;17;624795299;3326;230;4080;4081;8.10;0.49;231.79;3.35;754;17;1392.00;1
3330;17;624795310;3330;227;4081;4081;8.00;0.49;231.87;3.35;751;17;1393.00;0
3332;17;624795320;3332;234;4081;4081;7.93;0.48;231.81;3.35;749;17;1394.00;0
3339;17;624795329;3339;244;4083;4083;7.83;0.48;231.99;3.35;744;17;1395.00;0
3342;17;624795339;3342;245;4083;4083;7.73;0.47;231.87;3.35;741;17;1396.00;0
3348;17;624795348;3348;248;4087;4087;7.55;0.46;231.97;3.34;739;17;1397.00;0
3349;17;624795358;3349;260;4087;4087;7.44;0.45;231.93;3.34;738;17;1398.00;0
3352;17;624795368;3352;259;4091;4091;7.29;0.44;231.90;3.34;739;17;1399.00;0
3354;17;624795378;3354;262;4091;4091;7.16;0.44;232.10;3.34;737;17;1400.00;0
3357;17;624795392;3357;278;4091;4091;6.98;0.43;232.08;3.34;734;17;1401.00;0
3358;17;624795401;3358;280;4091;4091;6.84;0.42;232.04;3.34;733;17;1402.00;0
3359;17;624795410;3359;285;4091;4091;6.74;0.41;232.08;3.34;732;17;1403.00;0
3360;17;624795418;3360;292;4102;4103;6.78;0.42;232.04;3.33;742;17;1404.00;1
3361;17;624795429;3361;300;4102;4103;6.74;0.42;232.09;3.33;741;17;1405.00;1
3364;17;624795438;3364;303;4103;4103;6.68;0.41;232.03;3.33;739;17;1406.00;0
3366;17;624795447;3366;301;4103;4103;6.61;0.41;232.11;3.33;737;17;1407.00;0
3368;17;624795456;3368;297;4103;4103;6.62;0.41;232.08;3.33;735;17;1408.00;0
3369;17;624795465;3369;299;4103;4103;6.60;0.41;232.03;3.33;734;17;1409.00;0
3370;17;624795476;3370;295;4104;4104;6.60;0.41;232.00;3.33;734;17;1410.00;0
3371;17;624795485;3371;292;4104;4104;6.59;0.41;232.02;3.33;733;17;1411.00;0
3375;17;624795494;3375;299;4110;4110;6.56;0.40;231.87;3.33;735;17;1412.00;0
3375;17;624795504;3375;300;4111;4111;6.56;0.40;231.87;3.33;736;17;1413.00;0
3378;17;624795512;3378;307;4111;4111;6.56;0.40;231.80;3.33;733;17;1414.00;0
3380;17;624795521;3380;309;4111;4111;6.63;0.41;231.69;3.33;731;17;1415.00;0
3382;17;624795531;3382;302;4115;4115;6.76;0.41;231.66;3.32;733;17;1416.00;0
3382;17;624795541;3382;287;4115;4115;6.91;0.42;231.66;3.32;733;17;1417.00;0
3387;17;624795556;3387;281;4115;4115;6.95;0.43;231.55;3.32;728;17;1418.00;0
3388;17;624795566;3388;278;4116;4116;7.04;0.43;231.58;3.32;728;17;1419.00;0
3390;17;624795575;3390;278;4120;4120;7.07;0.43;231.59;3.32;730;17;1420.00;0
3392;17;624795585;3392;278;4120;4120;7.11;0.43;231.64;3.32;728;17;1421.00;0
3394;17;624795601;3394;282;4122;4123;7.23;0.44;231.57;3.32;728;17;1422.00;1
3398;17;624795612;3398;285;4122;4123;7.26;0.44;231.70;3.32;724;17;1423.00;1
3400;17;624795622;3400;285;4123;4123;7.42;0.45;231.70;3.32;723;17;1424.00;0
3402;17;624795632;3402;285;4123;4123;7.49;0.46;231.62;3.32;721;17;1425.00;0
3404;17;624795644;3404;276;4127;4127;7.63;0.46;231.59;3.32;723;17;1426.00;0
3405;17;624795655;3405;270;4127;4127;7.70;0.47;231.57;3.32;722;17;1427.00;0
3407;17;624795664;3407;270;4127;4127;7.74;0.47;231.56;3.32;720;17;1428.00;0
3410;17;624795673;3410;268;4127;4127;7.72;0.47;231.56;3.32;717;17;1429.00;0
3413;17;624795683;3413;265;4128;4128;7.73;0.47;231.54;3.32;715;17;1430.00;0
3414;17;624795692;3414;263;4129;4129;7.78;0.47;231.57;3.32;715;17;1431.00;0
3416;17;624795701;3416;262;4129;4129;7.85;0.48;231.62;3.32;713;17;1432.00;0
3418;17;624795709;3418;264;4130;4130;7.90;0.48;231.62;3.31;712;17;1433.00;0
3419;17;624795718;3419;262;4130;4130;7.98;0.48;231.65;3.31;711;17;1434.00;0
3420;17;624795726;3420;251;4130;4130;8.13;0.49;231.66;3.31;710;17;1435.00;0
3420;17;624795735;3420;241;4130;4130;8.26;0.50;231.66;3.31;710;17;1436.00;0
3421;17;624795744;3421;234;4130;4130;8.40;0.51;231.61;3.31;709;17;1437.00;0
3421;17;624795752;3421;229;4130;4130;8.56;0.52;231.61;3.31;709;17;1438.00;0
3422;17;624795761;3422;224;4130;4130;8.69;0.53;231.60;3.31;708;17;1439.00;0
3423;17;624795772;3423;273;4265;4360;8.47;0.53;231.58;3.21;842;17;1440.00;95
3426;17;624795806;3426;255;4267;4361;8.60;0.54;231.55;3.21;841;17;1441.00;94
3427;17;624795823;3427;228;4277;4361;8.89;0.55;231.56;3.21;850;17;1442.00;84
3427;17;624795833;3427;217;4279;4361;9.07;0.56;231.56;3.21;852;17;1443.00;82
3428;17;624795843;3428;205;4286;4361;9.17;0.57;231.73;3.21;858;17;1444.00;75
3430;17;624795858;3430;197;4289;4361;9.30;0.58;231.75;3.21;859;17;1445.00;72
3432;17;624795879;3432;194;4295;4361;9.38;0.58;231.71;3.21;863;17;1446.00;66
3432;17;624795890;3432;199;4300;4361;9.45;0.58;231.71;3.22;868;17;1447.00;61
3433;17;624795901;3433;198;4305;4362;9.46;0.58;231.69;3.22;872;17;1448.00;57
3434;17;624795911;3434;209;4309;4363;9.39;0.58;231.71;3.23;875;17;1449.00;54
3435;17;624795922;3435;208;4312;4363;9.37;0.58;231.70;3.23;877;17;1450.00;51
3436;17;624795932;3436;218;4312;4364;9.40;0.58;231.71;3.23;876;17;1451.00;52
3438;17;624795943;3438;224;4314;4364;9.43;0.58;231.68;3.24;876;17;1452.00;50
3440;17;624795953;3440;226;4316;4364;9.50;0.58;231.70;3.24;876;17;1453.00;48
3442;17;624795964;3442;237;4317;4364;9.61;0.59;231.68;3.24;875;17;1454.00;47
3447;17;624795975;3447;239;4320;4368;9.59;0.59;231.68;3.25;873;17;1455.00;48
3449;17;624795987;3449;245;4321;4368;9.63;0.59;231.68;3.25;872;17;1456.00;47
3452;17;624795998;3452;244;4322;4368;9.69;0.59;231.74;3.25;870;17;1457.00;46
3454;17;624796009;3454;241;4324;4371;9.74;0.59;231.74;3.26;870;17;1458.00;47
3455;17;624796020;3455;244;4325;4371;9.73;0.59;231.76;3.27;870;17;1459.00;46
3460;17;624796032;3460;245;4326;4371;9.72;0.59;231.77;3.27;866;17;1460.00;45
3465;17;624796043;3465;246;4330;4375;9.63;0.59;231.66;3.27;865;17;1461.00;45
3468;17;624796053;3468;247;4333;4376;9.62;0.59;231.70;3.28;865;17;1462.00;43
3471;17;624796070;3471;241;4337;4376;9.52;0.58;231.66;3.29;866;17;1463.00;39
3474;17;624796082;3474;239;4338;4380;9.52;0.58;231.63;3.29;864;17;1464.00;42
3476;17;624796093;3476;240;4341;4380;9.50;0.58;231.75;3.30;865;17;1465.00;39
3480;17;624796104;3480;235;4343;4380;9.57;0.58;231.71;3.30;863;17;1466.00;37
3480;17;624796116;3480;233;4344;4381;9.60;0.58;231.71;3.31;864;17;1467.00;37
3483;17;624796127;3483;226;4345;4381;9.62;0.58;231.80;3.31;862;17;1468.00;36
3485;17;624796137;3485;227;4349;4387;9.67;0.59;231.94;3.32;864;17;1469.00;38
3486;17;624796151;3486;223;4349;4387;9.67;0.59;231.91;3.32;863;17;1470.00;38
3489;17;624796162;3489;218;4349;4388;9.63;0.59;231.93;3.32;860;17;1471.00;39
3492;17;624796173;3492;215;4351;4388;9.60;0.58;231.92;3.33;859;17;1472.00;37
3492;17;624796184;3492;213;4353;4388;9.63;0.59;231.92;3.34;861;17;1473.00;35
3496;17;624796195;3496;207;4353;4388;9.67;0.59;231.95;3.34;857;17;1474.00;35
3498;17;624796206;3498;211;4355;4388;9.64;0.59;231.92;3.34;857;17;1475.00;33
3501;17;624796217;3501;217;4364;4400;9.65;0.59;232.09;3.34;863;17;1476.00;36
3504;17;624796228;3504;216;4366;4400;9.59;0.58;232.24;3.35;862;17;1477.00;34
3507;17;624796239;3507;219;4367;4400;9.60;0.58;232.36;3.34;860;17;1478.00;33
3508;17;624796250;3508;220;4368;4400;9.58;0.58;232.38;3.34;860;17;1479.00;32
3510;17;624796260;3510;226;4369;4400;9.64;0.59;232.41;3.35;859;17;1480.00;31
3512;17;624796271;3512;227;4370;4400;9.66;0.59;232.50;3.36;858;17;1481.00;30
3515;17;624796282;3515;228;4375;4404;9.61;0.59;232.55;3.38;860;17;1482.00;29
3518;17;624796293;3518;228;4376;4404;9.57;0.58;232.80;3.38;858;17;1483.00;28
3524;17;624796303;3524;231;4381;4408;9.51;0.58;232.96;3.39;857;17;1484.00;27
3527;17;624796314;3527;231;4383;4410;9.45;0.57;233.10;3.39;856;17;1485.00;27
3530;17;624796325;3530;234;4385;4410;9.32;0.57;233.20;3.40;855;17;1486.00;25
3532;17;624796341;3532;240;4385;4410;9.30;0.57;233.26;3.40;853;17;1487.00;25
3535;17;624796351;3535;249;4395;4423;9.24;0.56;233.37;3.41;860;17;1488.00;28
3537;17;624796363;3537;253;4397;4423;9.28;0.57;233.44;3.43;860;17;1489.00;26
3540;17;624796373;3540;257;4398;4423;9.29;0.57;233.59;3.43;858;17;1490.00;25
3543;17;624796383;3543;265;4399;4424;9.33;0.57;233.72;3.43;856;17;1491.00;25
3547;17;624796393;3547;269;4400;4425;9.27;0.57;233.89;3.44;853;17;1492.00;25
3549;17;624796403;3549;276;4401;4425;9.22;0.56;233.87;3.45;852;17;1493.00;24
3554;17;624796414;3554;279;4405;4428;9.07;0.55;233.90;3.47;851;17;1494.00;23
3557;17;624796425;3557;281;4406;4428;8.98;0.55;234.11;3.48;849;17;1495.00;22
3560;17;624796435;3560;290;4410;4428;8.87;0.54;234.17;3.51;850;17;1496.00;18
3563;17;624796445;3563;290;4412;4428;8.83;0.54;234.24;3.53;849;17;1497.00;16
3564;17;624796455;3564;297;4418;4434;8.83;0.54;234.31;3.54;854;17;1498.00;16
3566;17;624796467;3566;300;4420;4434;8.78;0.54;234.26;3.55;854;17;1499.00;14
3568;17;624796480;3568;302;4427;4453;8.66;0.53;234.37;3.55;859;17;1500.00;26
3571;17;624796497;3571;298;4427;4453;8.58;0.52;234.52;3.55;856;17;1501.00;26
3572;17;624796508;3572;293;4432;4457;8.50;0.52;234.49;3.55;860;17;1502.00;25
3577;17;624796519;3577;297;4433;4458;8.44;0.51;234.74;3.55;856;17;1503.00;25
3578;17;624796530;3578;303;4435;4458;8.39;0.51;234.80;3.56;857;17;1504.00;23
3581;17;624796540;3581;312;4438;4459;8.30;0.51;234.84;3.56;857;17;1505.00;21
3584;17;624796551;3584;314;4440;4459;8.20;0.50;234.86;3.56;856;17;1506.00;19
3585;17;624796560;3585;313;4440;4459;8.20;0.50;234.83;3.56;855;17;1507.00;19
3587;17;624796570;3587;321;4441;4459;8.19;0.50;234.96;3.56;854;17;1508.00;18
3591;17;624796579;3591;318;4441;4459;8.16;0.50;235.08;3.56;850;17;1509.00;18
3595;17;624796590;3595;318;4442;4459;8.12;0.50;235.17;3.56;847;17;1510.00;17
3598;17;624796600;3598;315;4443;4459;8.08;0.49;235.32;3.56;845;17;1511.00;16
3603;17;624796609;3603;320;4478;4529;7.97;0.49;235.58;3.54;875;17;1512.00;51
3605;17;624796625;3605;313;4480;4530;7.92;0.48;235.66;3.54;875;17;1513.00;50
3607;17;624796640;3607;311;4487;4530;7.98;0.49;235.68;3.53;880;17;1514.00;43
3610;17;624796655;3610;316;4493;4530;8.01;0.49;235.66;3.53;883;17;1515.00;37
3613;17;624796670;3613;313;4499;4530;7.96;0.49;235.73;3.53;886;17;1516.00;31
3617;17;624796688;3617;316;4502;4530;7.87;0.48;235.81;3.54;885;17;1517.00;28
3620;17;624796702;3620;316;4505;4530;7.84;0.48;235.74;3.54;885;17;1518.00;25
3625;17;624796718;3625;313;4507;4530;7.80;0.48;235.66;3.54;882;17;1519.00;23
3626;17;624796734;3626;314;4509;4531;7.80;0.48;235.73;3.55;883;17;1520.00;22
3627;17;624796748;3627;314;4511;4532;7.80;0.48;235.67;3.55;884;17;1521.00;21
3631;17;624796759;3631;311;4511;4532;7.73;0.47;235.79;3.55;880;17;1522.00;21
3635;17;624796770;3635;320;4515;4536;7.63;0.47;235.87;3.55;880;17;1523.00;21
3639;17;624796782;3639;317;4516;4536;7.56;0.46;235.90;3.55;877;17;1524.00;20
3641;17;624796793;3641;320;4516;4536;7.48;0.46;235.95;3.55;875;17;1525.00;20
3645;17;624796803;3645;322;4516;4536;7.36;0.45;235.96;3.55;871;17;1526.00;20
3648;17;624796814;3648;315;4520;4542;7.29;0.45;235.96;3.55;872;17;1527.00;22
3649;17;624796825;3649;323;4520;4542;7.18;0.44;235.96;3.55;871;17;1528.00;22
3651;17;624796842;3651;323;4521;4542;7.04;0.43;236.02;3.56;870;17;1529.00;21
3654;17;624796854;3654;317;4524;4548;7.03;0.43;236.14;3.56;870;17;1530.00;24
3657;17;624796865;3657;310;4526;4548;6.98;0.43;236.16;3.57;869;17;1531.00;22
3663;17;624796875;3663;309;4526;4548;6.91;0.43;236.17;3.57;863;17;1532.00;22
3666;17;624796885;3666;304;4529;4549;6.86;0.42;236.22;3.57;863;17;1533.00;20
3669;17;624796895;3669;303;4531;4550;6.85;0.42;236.26;3.57;862;17;1534.00;19
3676;17;624796906;3676;296;4531;4550;6.85;0.42;236.14;3.57;855;17;1535.00;19
3679;17;624796917;3679;298;4543;4563;6.85;0.42;236.22;3.57;864;17;1536.00;20
3680;17;624796927;3680;287;4543;4563;6.98;0.43;236.23;3.57;863;17;1537.00;20
3686;17;624796938;3686;291;4547;4563;7.05;0.43;236.36;3.58;861;17;1538.00;16
3692;17;624796948;3692;286;4548;4564;7.07;0.43;236.44;3.58;856;17;1539.00;16
3695;17;624796959;3695;281;4548;4564;7.10;0.43;236.53;3.58;853;17;1540.00;16
3701;17;624796969;3701;280;4552;4568;7.11;0.43;236.62;3.59;851;17;1541.00;16
3704;17;624796980;3704;281;4556;4568;7.15;0.44;236.77;3.61;852;17;1542.00;12
3708;17;624796990;3708;274;4561;4572;7.14;0.43;236.94;3.60;853;17;1543.00;11
3710;17;624797000;3710;272;4562;4572;7.17;0.44;236.94;3.61;852;17;1544.00;10
3718;17;624797010;3718;274;4563;4572;7.19;0.44;237.00;3.61;845;17;1545.00;9
3722;17;624797020;3722;278;4564;4572;7.20;0.44;236.96;3.61;842;17;1546.00;8
3726;17;624797031;3726;277;4564;4572;7.20;0.44;236.93;3.61;838;17;1547.00;8
3732;17;624797041;3732;278;4576;4584;7.20;0.44;237.10;3.60;844;17;1548.00;8
3732;17;624797051;3732;282;4576;4584;7.22;0.44;237.10;3.60;844;17;1549.00;8
3734;17;624797061;3734;285;4576;4584;7.20;0.44;237.15;3.60;842;17;1550.00;8
3737;17;624797071;3737;289;4576;4584;7.12;0.43;237.28;3.60;839;17;1551.00;8
3739;17;624797081;3739;291;4576;4584;7.07;0.43;237.23;3.60;837;17;1552.00;8
3744;17;624797090;3744;287;4576;4584;6.97;0.43;237.34;3.60;832;17;1553.00;8
3746;17;624797100;3746;290;4577;4585;6.88;0.42;237.35;3.60;831;17;1554.00;8
3750;17;624797110;3750;289;4579;4587;6.81;0.42;237.42;3.60;829;17;1555.00;8
3752;17;624797121;3752;293;4584;4593;6.77;0.41;237.43;3.59;832;17;1556.00;9
3757;17;624797131;3757;296;4586;4594;6.74;0.41;237.59;3.59;829;17;1557.00;8
3760;17;624797142;3760;300;4586;4594;6.67;0.41;237.55;3.59;826;17;1558.00;8
3763;17;624797151;3763;307;4586;4594;6.60;0.40;237.60;3.59;823;17;1559.00;8
3765;17;624797162;3765;313;4591;4599;6.59;0.40;237.52;3.59;826;17;1560.00;8
3767;17;624797172;3767;317;4591;4599;6.56;0.40;237.48;3.59;824;17;1561.00;8
3772;17;624797182;3772;322;4591;4599;6.54;0.40;237.50;3.59;819;17;1562.00;8
3775;17;624797191;3775;335;4592;4600;6.50;0.40;237.46;3.59;817;17;1563.00;8
3780;17;624797200;3780;339;4596;4604;6.47;0.39;237.48;3.58;816;17;1564.00;8
3786;17;624797209;3786;338;4596;4604;6.32;0.39;237.36;3.58;810;17;1565.00;8
3789;17;624797219;3789;345;4598;4607;6.29;0.38;237.34;3.58;809;17;1566.00;9
3797;17;624797228;3797;346;4598;4607;6.19;0.38;237.36;3.58;801;17;1567.00;9
3798;17;624797237;3798;349;4599;4607;6.17;0.38;237.31;3.58;801;17;1568.00;8
3801;17;624797247;3801;350;4599;4607;6.09;0.37;237.28;3.58;798;17;1569.00;8
3806;17;624797256;3806;350;4603;4611;6.05;0.37;237.20;3.58;797;17;1570.00;8
3808;17;624797265;3808;351;4603;4611;6.04;0.37;237.14;3.58;795;17;1571.00;8
3811;17;624797274;3811;353;4603;4611;6.02;0.37;237.17;3.58;792;17;1572.00;8
3816;17;624797283;3816;358;4603;4611;5.94;0.36;237.20;3.58;787;17;1573.00;8
3817;17;624797292;3817;360;4604;4612;5.95;0.36;237.15;3.58;787;17;1574.00;8
3821;17;624797300;3821;357;4606;4614;5.96;0.36;237.19;3.58;785;17;1575.00;8
3823;17;624797310;3823;358;4606;4614;5.99;0.36;237.20;3.58;783;17;1576.00;8
3823;17;624797319;3823;345;4608;4615;6.03;0.37;237.20;3.61;785;17;1577.00;7
3828;17;624797328;3828;337;4608;4615;5.99;0.36;237.22;3.61;780;17;1578.00;7
3829;17;624797338;3829;332;4608;4615;6.03;0.37;237.34;3.61;779;17;1579.00;7
3829;17;624797348;3829;331;4608;4615;6.07;0.37;237.34;3.61;779;17;1580.00;7
3832;17;624797357;3832;331;4608;4615;6.07;0.37;237.43;3.61;776;17;1581.00;7
3833;17;624797367;3833;330;4608;4615;6.12;0.37;237.44;3.61;775;17;1582.00;7
3836;17;624797379;3836;332;4608;4615;6.12;0.37;237.45;3.61;772;17;1583.00;7
3836;17;624797389;3836;354;4681;4742;6.52;0.40;237.45;3.55;845;17;1584.00;61
3836;17;624797416;3836;353;4685;4743;6.55;0.41;237.45;3.55;849;17;1585.00;58
3837;17;624797432;3837;336;4695;4743;6.68;0.41;237.44;3.55;858;17;1586.00;48
3837;17;624797444;3837;310;4699;4743;6.78;0.42;237.44;3.55;862;17;1587.00;44
3840;17;624797455;3840;291;4705;4743;6.86;0.42;237.42;3.55;865;17;1588.00;38
3840;17;624797467;3840;275;4709;4743;6.94;0.43;237.42;3.55;869;17;1589.00;34
3840;17;624797487;3840;271;4712;4743;7.03;0.43;237.42;3.55;872;17;1590.00;31
3840;17;624797504;3840;274;4713;4743;7.16;0.44;237.42;3.55;873;17;1591.00;30
3842;17;624797515;3842;269;4715;4744;7.28;0.45;237.38;3.55;873;17;1592.00;29
3843;17;624797527;3843;269;4718;4745;7.42;0.46;237.41;3.55;875;17;1593.00;27
3844;17;624797539;3844;262;4720;4745;7.49;0.46;237.44;3.56;876;17;1594.00;25
3846;17;624797550;3846;263;4723;4746;7.58;0.46;237.49;3.56;877;17;1595.00;23
3846;17;624797561;3846;263;4726;4746;7.67;0.47;237.49;3.60;880;18;1596.00;20
3846;17;624797583;3846;263;4728;4746;7.74;0.48;237.49;3.60;882;18;1597.00;18
3848;17;624797594;3848;262;4729;4746;7.83;0.48;237.49;3.60;881;18;1598.00;17
3849;17;624797611;3849;262;4732;4750;7.91;0.48;237.47;3.60;883;18;1599.00;18
3851;17;624797631;3851;261;4734;4750;8.00;0.49;237.52;3.60;883;18;1600.00;16
3852;17;624797649;3852;262;4734;4750;8.02;0.49;237.50;3.60;882;18;1601.00;16
3855;17;624797663;3855;264;4737;4753;8.07;0.49;237.46;3.61;882;18;1602.00;16
3855;17;624797681;3855;253;4737;4753;8.17;0.50;237.46;3.61;882;18;1603.00;16
3856;17;624797692;3856;244;4739;4753;8.32;0.51;237.44;3.61;883;18;1604.00;14
3859;17;624797703;3859;241;4742;4757;8.35;0.51;237.46;3.61;883;18;1605.00;15
3862;17;624797714;3862;232;4744;4758;8.52;0.52;237.44;3.61;882;18;1606.00;14
3865;17;624797726;3865;230;4745;4758;8.65;0.53;237.33;3.62;880;18;1607.00;13
3866;17;624797737;3866;223;4748;4762;8.80;0.54;237.32;3.62;882;18;1608.00;14
3869;17;624797748;3869;221;4750;4762;8.89;0.54;237.36;3.62;881;18;1609.00;12
3869;17;624797759;3869;220;4751;4762;8.99;0.55;237.36;3.62;882;18;1610.00;11
3872;17;624797770;3872;219;4753;4763;9.12;0.55;237.34;3.66;881;18;1611.00;10
3873;17;624797781;3873;214;4753;4763;9.24;0.56;237.30;3.66;880;18;1612.00;10
3873;17;624797792;3873;207;4758;4769;9.34;0.57;237.30;3.65;885;18;1613.00;11
3876;17;624797803;3876;206;4758;4769;9.41;0.57;237.22;3.65;882;18;1614.00;11
3878;17;624797814;3878;204;4758;4770;9.49;0.58;237.25;3.65;880;18;1615.00;12
3882;17;624797826;3882;207;4758;4770;9.51;0.58;237.28;3.65;876;18;1616.00;12
3883;17;624797837;3883;207;4758;4770;9.59;0.58;237.30;3.65;875;18;1617.00;12
3887;17;624797848;3887;207;4758;4770;9.61;0.58;237.26;3.65;871;18;1618.00;12
3890;17;624797859;3890;204;4758;4770;9.66;0.59;237.34;3.65;868;18;1619.00;12
3893;17;624797873;3893;209;4783;4806;9.68;0.59;237.48;3.64;890;18;1620.00;23
3898;17;624797886;3898;198;4783;4806;9.67;0.59;237.54;3.64;885;18;1621.00;23
3902;17;624797898;3902;200;4787;4806;9.76;0.59;237.56;3.63;885;18;1622.00;19
3905;17;624797910;3905;202;4787;4806;9.88;0.60;237.63;3.63;882;18;1623.00;19
3909;17;624797921;3909;200;4788;4806;9.96;0.60;237.61;3.63;879;18;1624.00;18
3911;17;624797939;3911;202;4788;4806;9.96;0.60;237.63;3.63;877;18;1625.00;18
3914;17;624797956;3914;202;4792;4810;9.99;0.61;237.61;3.63;878;18;1626.00;18
3917;17;624797969;3917;204;4792;4810;10.03;0.61;237.66;3.63;875;18;1627.00;18
3917;17;624797980;3917;205;4796;4814;10.12;0.61;237.66;3.63;879;18;1628.00;18
3921;17;624797992;3921;201;4797;4815;10.17;0.62;237.67;3.63;876;18;1629.00;18
3924;17;624798008;3924;200;4797;4815;10.18;0.62;237.69;3.63;873;18;1630.00;18
3927;17;624798020;3927;197;4797;4815;10.13;0.62;237.66;3.63;870;18;1631.00;18
3930;17;624798031;3930;194;4808;4828;10.11;0.61;237.69;3.62;878;18;1632.00;20
3936;17;624798043;3936;193;4808;4828;10.13;0.62;237.67;3.62;872;18;1633.00;20
3939;17;624798055;3939;190;4808;4828;10.23;0.62;237.75;3.62;869;18;1634.00;20
3941;17;624798066;3941;186;4810;4829;10.28;0.63;237.77;3.63;869;18;1635.00;19
3944;17;624798078;3944;184;4810;4830;10.32;0.63;237.80;3.63;866;18;1636.00;20
3947;17;624798089;3947;185;4810;4830;10.37;0.63;237.80;3.63;863;18;1637.00;20
3950;17;624798100;3950;184;4812;4833;10.37;0.63;237.85;3.63;862;18;1638.00;21
3957;17;624798112;3957;188;4813;4833;10.41;0.63;238.03;3.63;856;18;1639.00;20
3962;17;624798123;3962;187;4813;4833;10.42;0.63;238.05;3.63;851;18;1640.00;20
3966;17;624798135;3966;189;4813;4833;10.37;0.63;238.05;3.63;847;18;1641.00;20
3970;17;624798146;3970;184;4818;4839;10.40;0.63;238.12;3.62;848;18;1642.00;21
3974;17;624798158;3974;187;4818;4839;10.37;0.63;238.16;3.62;844;18;1643.00;21
3978;17;624798169;3978;189;4818;4839;10.31;0.62;238.31;3.62;840;18;1644.00;21
3979;17;624798179;3979;193;4818;4839;10.20;0.62;238.31;3.62;839;18;1645.00;21
3981;17;624798190;3981;198;4822;4843;10.18;0.62;238.34;3.63;841;18;1646.00;21
3983;17;624798207;3983;199;4823;4844;10.13;0.61;238.37;3.63;840;18;1647.00;21
3985;17;624798218;3985;203;4823;4844;10.14;0.61;238.40;3.63;838;18;1648.00;21
3987;17;624798228;3987;205;4824;4845;10.12;0.61;238.47;3.63;837;18;1649.00;21
3987;17;624798240;3987;207;4824;4845;10.10;0.61;238.47;3.63;837;18;1650.00;21
3990;17;624798250;3990;205;4824;4845;10.06;0.61;238.60;3.63;834;18;1651.00;21
3993;17;624798261;3993;205;4824;4845;10.05;0.61;238.63;3.63;831;18;1652.00;21
3995;17;624798272;3995;207;4824;4845;10.04;0.61;238.67;3.63;829;18;1653.00;21
3997;17;624798282;3997;211;4824;4845;10.02;0.61;238.68;3.63;827;18;1654.00;21
3999;17;624798292;3999;208;4824;4845;9.94;0.60;238.74;3.63;825;18;1655.00;21
4003;17;624798302;4003;214;4863;4915;9.93;0.61;238.76;3.60;860;18;1656.00;52
4004;17;624798318;4004;211;4867;4916;9.90;0.60;238.84;3.60;863;18;1657.00;49
4008;17;624798329;4008;208;4873;4916;9.88;0.60;238.90;3.60;865;18;1658.00;43
4010;17;624798340;4010;207;4873;4916;9.84;0.60;238.98;3.60;863;18;1659.00;43
4014;17;624798350;4014;212;4879;4916;9.75;0.59;239.16;3.62;865;18;1660.00;37
4016;17;624798361;4016;213;4882;4916;9.76;0.59;239.14;3.62;866;18;1661.00;34
4018;17;624798372;4018;217;4888;4916;9.74;0.59;239.16;3.64;870;18;1662.00;28
4023;17;624798382;4023;214;4890;4916;9.71;0.59;239.14;3.64;867;18;1663.00;26
4027;17;624798399;4027;215;4893;4917;9.71;0.59;239.16;3.64;866;18;1664.00;24
4029;17;624798410;4029;216;4897;4919;9.68;0.59;239.24;3.65;868;18;1665.00;22
4031;17;624798421;4031;222;4898;4919;9.62;0.59;239.34;3.65;867;18;1666.00;21
4033;17;624798431;4033;226;4901;4923;9.57;0.58;239.30;3.65;868;18;1667.00;22
4038;17;624798442;4038;226;4902;4923;9.53;0.58;239.37;3.66;864;18;1668.00;21
4040;17;624798453;4040;233;4902;4923;9.52;0.58;239.39;3.66;862;18;1669.00;21
4041;17;624798463;4041;238;4904;4923;9.50;0.58;239.39;3.68;863;18;1670.00;19
4043;17;624798475;4043;250;4909;4929;9.51;0.58;239.44;3.67;866;18;1671.00;20
4045;17;624798486;4045;253;4911;4929;9.44;0.58;239.43;3.69;866;18;1672.00;18
4047;17;624798497;4047;264;4913;4929;9.39;0.57;239.48;3.69;866;18;1673.00;16
4053;17;624798507;4053;268;4915;4932;9.31;0.57;239.66;3.69;862;18;1674.00;17
4054;17;624798519;4054;269;4917;4932;9.21;0.56;239.65;3.70;863;18;1675.00;15
4058;17;624798529;4058;271;4918;4932;9.08;0.55;239.79;3.70;860;18;1676.00;14
4061;17;624798539;4061;274;4920;4933;8.86;0.54;239.91;3.70;859;18;1677.00;13
4063;17;624798550;4063;280;4921;4934;8.68;0.53;239.93;3.70;858;18;1678.00;13
4067;17;624798560;4067;279;4922;4934;8.46;0.52;240.07;3.70;855;18;1679.00;12
4069;17;624798571;4069;284;4941;4960;8.34;0.51;239.98;3.69;872;18;1680.00;19
4073;17;624798583;4073;278;4942;4960;8.20;0.50;240.05;3.69;869;18;1681.00;18
4077;17;624798593;4077;273;4944;4960;8.13;0.50;240.05;3.68;867;18;1682.00;16
4079;17;624798603;4079;269;4945;4961;8.09;0.49;240.01;3.68;866;18;1683.00;16
4081;17;624798613;4081;268;4945;4961;8.04;0.49;240.17;3.68;864;18;1684.00;16
4084;17;624798623;4084;268;4949;4965;8.07;0.49;240.31;3.68;865;18;1685.00;16
4086;18;624798634;4086;271;4949;4965;7.99;0.49;240.28;3.68;863;19;1686.00;16
4087;18;624798680;4087;269;4952;4969;7.94;0.49;240.35;3.68;865;19;1687.00;17
4090;18;624798696;4090;275;4954;4969;7.86;0.48;240.40;3.68;864;19;1688.00;15
4092;18;624798710;4092;281;4954;4969;7.82;0.48;240.48;3.68;862;19;1689.00;15
4094;18;624798725;4094;286;4954;4969;7.79;0.48;240.53;3.68;860;19;1690.00;15
4095;18;624798739;4095;289;4956;4969;7.77;0.47;240.60;3.69;861;19;1691.00;13
4097;18;624798753;4097;293;4968;4981;7.79;0.48;240.72;3.68;871;19;1692.00;13
4102;18;624798766;4102;301;4968;4981;7.62;0.47;240.72;3.68;866;19;1693.00;13
4107;18;624798776;4107;300;4969;4981;7.54;0.46;240.79;3.68;862;19;1694.00;12
4109;18;624798791;4109;305;4969;4981;7.47;0.46;240.80;3.68;860;19;1695.00;12
4114;18;624798801;4114;309;4969;4981;7.34;0.45;241.01;3.68;855;19;1696.00;12
4120;18;624798812;4120;313;4969;4981;7.14;0.44;241.19;3.68;849;19;1697.00;12
4121;18;624798822;4121;312;4970;4982;6.99;0.43;241.23;3.68;849;19;1698.00;12
4124;18;624798832;4124;324;4970;4982;6.81;0.42;241.36;3.68;846;19;1699.00;12
4127;18;624798841;4127;318;4976;4988;6.74;0.41;241.51;3.68;849;19;1700.00;12
4131;18;624798856;4131;320;4977;4989;6.62;0.41;241.82;3.68;846;19;1701.00;12
4137;18;624798865;4137;324;4977;4989;6.53;0.40;241.89;3.68;840;19;1702.00;12
4142;18;624798875;4142;318;4977;4989;6.48;0.40;242.01;3.68;835;19;1703.00;12
4143;18;624798884;4143;312;4981;4993;6.40;0.39;242.00;3.68;838;19;1704.00;12
4147;18;624798894;4147;314;4981;4993;6.31;0.39;242.03;3.68;834;19;1705.00;12
4148;18;624798903;4148;316;4981;4993;6.23;0.38;242.01;3.68;833;19;1706.00;12
4153;18;624798911;4153;306;4982;4994;6.24;0.38;242.15;3.68;829;19;1707.00;12
4156;18;624798921;4156;301;4986;4998;6.20;0.38;242.05;3.67;830;19;1708.00;12
4161;18;624798931;4161;298;4986;4998;6.21;0.38;242.10;3.67;825;19;1709.00;12
4164;18;624798942;4164;290;4990;5004;6.31;0.39;242.10;3.67;826;19;1710.00;14
4168;18;624798951;4168;290;4990;5004;6.28;0.39;242.04;3.67;822;19;1711.00;14
4170;18;624798961;4170;287;4992;5004;6.36;0.39;242.03;3.67;822;19;1712.00;12
4173;18;624798971;4173;289;4992;5004;6.40;0.39;242.07;3.67;819;19;1713.00;12
4177;18;624798980;4177;289;4996;5008;6.43;0.39;242.07;3.67;819;19;1714.00;12
4178;18;624798990;4178;290;4996;5008;6.48;0.40;242.10;3.67;818;19;1715.00;12
4186;18;624798999;4186;292;4996;5008;6.42;0.39;242.14;3.67;810;19;1716.00;12
4187;18;624799008;4187;291;4997;5008;6.45;0.40;242.11;3.72;810;19;1717.00;11
4193;18;624799016;4193;291;4998;5009;6.36;0.39;241.92;3.72;805;19;1718.00;11
4196;18;624799026;4196;289;4999;5010;6.29;0.39;241.94;3.72;803;19;1719.00;11
4201;18;624799036;4201;295;4999;5010;6.19;0.38;241.87;3.72;798;19;1720.00;11
4205;18;624799045;4205;304;5000;5011;6.20;0.38;241.78;3.72;795;19;1721.00;11
4211;18;624799054;4211;305;5000;5011;6.16;0.38;241.78;3.72;789;19;1722.00;11
4214;18;624799063;4214;305;5000;5011;6.18;0.38;241.77;3.72;786;19;1723.00;11
4218;18;624799073;4218;312;5000;5011;6.19;0.38;241.79;3.72;782;19;1724.00;11
4220;18;624799081;4220;309;5000;5011;6.19;0.38;241.79;3.72;780;19;1725.00;11
4223;18;624799090;4223;308;5000;5011;6.21;0.38;241.74;3.72;777;19;1726.00;11
4228;18;624799099;4228;312;5000;5011;6.17;0.38;241.73;3.72;772;19;1727.00;11
4230;18;624799108;4230;336;5078;5138;6.64;0.41;241.70;3.67;848;19;1728.00;60
4233;18;624799127;4233;329;5082;5139;6.64;0.41;241.75;3.66;849;19;1729.00;57
4238;18;624799137;4238;322;5089;5139;6.71;0.42;241.74;3.66;851;19;1730.00;50
4238;18;624799146;4238;316;5091;5139;6.79;0.42;241.74;3.66;853;19;1731.00;48
4241;18;624799156;4241;314;5096;5139;6.79;0.42;241.72;3.66;855;19;1732.00;43
4246;18;624799165;4246;316;5098;5139;6.78;0.42;241.76;3.66;852;19;1733.00;41
4248;18;624799176;4248;320;5101;5139;6.77;0.42;241.74;3.66;853;19;1734.00;38
4251;18;624799187;4251;317;5104;5139;6.68;0.41;241.80;3.66;853;19;1735.00;35
4253;18;624799212;4253;327;5107;5140;6.57;0.40;241.79;3.72;854;19;1736.00;33
4255;18;624799224;4255;330;5111;5141;6.43;0.40;241.84;3.73;856;19;1737.00;30
4257;18;624799234;4257;340;5114;5141;6.32;0.39;241.82;3.73;857;19;1738.00;27
4260;18;624799244;4260;339;5117;5142;6.30;0.39;241.88;3.73;857;19;1739.00;25
4263;18;624799257;4263;333;5118;5142;6.30;0.39;241.83;3.74;855;19;1740.00;24
4264;18;624799267;4264;331;5123;5142;6.34;0.39;241.87;3.74;859;19;1741.00;19
4265;18;624799276;4265;336;5124;5142;6.34;0.39;241.87;3.74;859;19;1742.00;18
4269;18;624799287;4269;336;5128;5146;6.33;0.39;241.93;3.75;859;19;1743.00;18
4271;18;624799297;4271;334;5129;5146;6.33;0.39;241.99;3.75;858;19;1744.00;17
4274;18;624799307;4274;334;5130;5146;6.33;0.39;242.16;3.75;856;19;1745.00;16
4275;18;624799317;4275;339;5131;5149;6.38;0.39;242.11;3.75;856;19;1746.00;18
4276;18;624799328;4276;318;5133;5149;6.46;0.40;242.14;3.75;857;19;1747.00;16
4280;18;624799338;4280;311;5134;5149;6.54;0.40;242.16;3.75;854;19;1748.00;15
4283;18;624799350;4283;298;5139;5153;6.64;0.41;242.10;3.75;856;19;1749.00;14
4284;18;624799362;4284;293;5141;5154;6.80;0.42;242.13;3.76;857;19;1750.00;13
4288;18;624799378;4288;291;5141;5154;6.95;0.43;242.10;3.76;853;19;1751.00;13
4292;18;624799391;4292;289;5145;5158;7.08;0.43;242.07;3.75;853;19;1752.00;13
4296;18;624799403;4296;288;5146;5158;7.16;0.44;242.14;3.75;850;19;1753.00;12
4297;18;624799425;4297;283;5146;5158;7.26;0.44;242.11;3.75;849;19;1754.00;12
4298;18;624799437;4298;278;5148;5160;7.36;0.45;242.06;3.75;850;19;1755.00;12
4298;18;624799447;4298;262;5148;5160;7.51;0.46;242.06;3.75;850;19;1756.00;12
4299;18;624799459;4299;256;5155;5166;7.61;0.46;242.08;3.81;856;19;1757.00;11
4302;18;624799472;4302;242;5155;5166;7.63;0.46;242.13;3.81;853;19;1758.00;11
4305;18;624799484;4305;237;5156;5167;7.71;0.47;242.14;3.81;851;19;1759.00;11
4306;18;624799495;4306;233;5156;5167;7.81;0.47;242.11;3.81;850;19;1760.00;11
4308;18;624799506;4308;234;5156;5167;7.89;0.48;242.01;3.81;848;19;1761.00;11
4309;18;624799518;4309;224;5156;5167;8.01;0.48;242.03;3.81;847;19;1762.00;11
4311;18;624799537;4311;222;5156;5167;8.09;0.49;242.13;3.81;845;19;1763.00;11
4314;18;624799549;4314;215;5167;5179;8.29;0.50;242.22;3.80;853;19;1764.00;12
4317;18;624799561;4317;215;5167;5179;8.45;0.51;242.24;3.80;850;19;1765.00;12
4321;18;624799573;4321;211;5168;5179;8.56;0.52;242.25;3.80;847;19;1766.00;11
4325;18;624799585;4325;205;5168;5179;8.61;0.52;242.30;3.80;843;19;1767.00;11
4327;18;624799598;4327;202;5168;5179;8.74;0.53;242.36;3.80;841;19;1768.00;11
4329;18;624799611;4329;197;5168;5179;8.87;0.54;242.52;3.80;839;19;1769.00;11
4333;18;624799626;4333;194;5171;5183;8.92;0.54;242.61;3.80;838;19;1770.00;12
4333;18;624799640;4333;190;5172;5183;9.01;0.54;242.61;3.86;839;19;1771.00;11
4334;18;624799652;4334;187;5176;5187;9.13;0.55;242.63;3.86;842;19;1772.00;11
4335;18;624799664;4335;179;5177;5188;9.23;0.56;242.73;3.86;842;19;1773.00;11
4339;18;624799681;4339;178;5177;5188;9.27;0.56;242.71;3.86;838;19;1774.00;11
4342;18;624799693;4342;180;5177;5188;9.35;0.57;242.88;3.86;835;19;1775.00;11
4345;18;624799705;4345;186;5188;5201;9.46;0.57;242.99;3.85;843;19;1776.00;13
4346;18;624799718;4346;181;5188;5201;9.50;0.58;243.06;3.85;842;19;1777.00;13
4349;18;624799729;4349;178;5188;5201;9.52;0.58;243.13;3.85;839;19;1778.00;13
4350;18;624799742;4350;170;5189;5202;9.61;0.58;243.15;3.85;839;19;1779.00;13
4352;18;624799754;4352;173;5189;5203;9.66;0.59;243.13;3.85;837;19;1780.00;14
4354;18;624799765;4354;173;5189;5203;9.69;0.59;243.12;3.85;835;19;1781.00;14
4355;18;624799776;4355;171;5191;5206;9.71;0.59;243.13;3.85;836;19;1782.00;15
4355;18;624799788;4355;171;5191;5206;9.75;0.59;243.13;3.85;836;19;1783.00;15
4358;18;624799799;4358;177;5192;5206;9.75;0.59;243.09;3.85;834;19;1784.00;14
4358;18;624799810;4358;177;5192;5206;9.80;0.59;243.09;3.85;834;19;1785.00;14
4359;18;624799821;4359;178;5197;5212;9.89;0.60;243.09;3.85;838;19;1786.00;15
4359;18;624799833;4359;182;5198;5212;9.99;0.61;243.09;3.90;839;19;1787.00;14
4363;18;624799844;4363;180;5198;5212;10.05;0.61;243.12;3.90;835;19;1788.00;14
4364;18;624799855;4364;188;5198;5212;10.11;0.61;243.13;3.90;834;19;1789.00;14
4365;18;624799866;4365;186;5201;5216;10.10;0.61;243.12;3.90;836;19;1790.00;15
4369;18;624799878;4369;183;5202;5217;10.12;0.62;243.14;3.90;833;19;1791.00;15
4372;18;624799890;4372;182;5202;5217;10.18;0.62;243.22;3.90;830;19;1792.00;15
4375;18;624799901;4375;183;5203;5218;10.23;0.62;243.25;3.89;828;19;1793.00;15
4377;18;624799913;4377;179;5203;5218;10.29;0.63;243.28;3.89;826;19;1794.00;15
4381;18;624799924;4381;177;5203;5218;10.34;0.63;243.41;3.89;822;19;1795.00;15
4384;18;624799936;4384;178;5203;5218;10.41;0.63;243.51;3.89;819;19;1796.00;15
4388;18;624799947;4388;177;5203;5218;10.46;0.64;243.53;3.89;815;19;1797.00;15
4394;18;624799958;4394;179;5203;5218;10.48;0.64;243.57;3.89;809;19;1798.00;15
4396;18;624799970;4396;174;5203;5218;10.54;0.64;243.60;3.89;807;19;1799.00;15
4403;18;624799983;4403;193;5265;5356;10.19;0.63;243.90;3.85;862;19;1800.00;91
4406;18;624800009;4406;182;5267;5357;10.18;0.63;243.90;3.85;861;19;1801.00;90
4411;18;624800020;4411;172;5275;5357;10.21;0.63;243.98;3.84;864;19;1802.00;82
4417;18;624800031;4417;166;5276;5357;10.27;0.63;243.97;3.84;859;19;1803.00;81
4421;18;624800042;4421;164;5283;5357;10.27;0.63;244.04;3.84;862;19;1804.00;74
4424;18;624800059;4424;168;5286;5357;10.25;0.63;244.06;3.86;862;19;1805.00;71
4428;18;624800071;4428;170;5294;5357;10.24;0.63;244.18;3.90;866;19;1806.00;63
4430;18;624800082;4430;175;5300;5357;10.29;0.63;244.29;3.90;870;19;1807.00;57
4433;19;624800093;4433;176;5305;5358;10.29;0.63;244.35;3.91;872;20;1808.00;53
4439;19;624800128;4439;182;5308;5359;10.27;0.63;244.48;3.91;869;20;1809.00;51
4444;19;624800140;4444;179;5312;5359;10.25;0.63;244.44;3.91;868;20;1810.00;47
4448;19;624800151;4448;183;5317;5363;10.28;0.63;244.52;3.91;869;20;1811.00;46
4453;19;624800163;4453;181;5318;5363;10.28;0.63;244.56;3.91;865;20;1812.00;45
4457;19;624800174;4457;180;5319;5363;10.25;0.63;244.58;3.92;862;20;1813.00;44
4462;19;624800185;4462;179;5319;5363;10.26;0.63;244.72;3.92;857;20;1814.00;44
4466;19;624800196;4466;179;5323;5369;10.25;0.63;244.73;3.91;857;20;1815.00;46
4469;19;624800209;4469;180;5323;5369;10.29;0.63;244.69;3.91;854;20;1816.00;46
4473;19;624800222;4473;182;5323;5369;10.33;0.63;244.73;3.91;850;20;1817.00;46
4477;19;624800235;4477;181;5325;5372;10.31;0.63;244.75;3.91;848;20;1818.00;47
4481;19;624800258;4481;179;5327;5372;10.24;0.63;244.67;3.92;846;20;1819.00;45
4484;19;624800271;4484;177;5327;5372;10.18;0.62;244.69;3.92;843;20;1820.00;45
4485;19;624800283;4485;181;5329;5373;10.08;0.62;244.72;3.92;844;20;1821.00;44
4490;19;624800295;4490;184;5330;5374;10.03;0.61;244.75;3.92;840;20;1822.00;44
4493;19;624800306;4493;183;5331;5374;10.00;0.61;244.98;3.92;838;20;1823.00;43
4498;20;624800318;4498;184;5342;5387;9.91;0.60;245.03;3.93;844;21;1824.00;45
4501;20;624800340;4501;183;5342;5387;9.93;0.61;245.12;3.93;841;21;1825.00;45
4506;20;624800351;4506;187;5345;5387;9.96;0.61;245.32;3.93;839;21;1826.00;42
4506;20;624800362;4506;191;5347;5388;9.99;0.61;245.32;3.93;841;21;1827.00;41
4511;20;624800373;4511;203;5348;5388;9.97;0.61;245.32;3.93;837;21;1828.00;40
4513;20;624800384;4513;208;5350;5392;9.90;0.60;245.42;3.93;837;21;1829.00;42
4516;20;624800397;4516;214;5353;5392;9.80;0.60;245.43;3.94;837;21;1830.00;39
4518;20;624800408;4518;226;5357;5396;9.65;0.59;245.39;3.95;839;21;1831.00;39
4519;20;624800419;4519;236;5358;5396;9.54;0.58;245.42;3.96;839;21;1832.00;38
4521;20;624800429;4521;237;5359;5396;9.42;0.58;245.49;3.96;838;21;1833.00;37
4527;20;624800439;4527;239;5359;5396;9.31;0.57;245.48;3.96;832;21;1834.00;37
4528;20;624800449;4528;252;5360;5396;9.27;0.57;245.47;3.97;832;21;1835.00;36
4530;20;624800459;4530;260;5371;5408;9.23;0.56;245.55;3.97;841;21;1836.00;37
4532;20;624800471;4532;267;5372;5408;9.10;0.56;245.56;3.97;840;21;1837.00;36
4533;20;624800481;4533;275;5374;5408;9.06;0.55;245.55;3.98;841;21;1838.00;34
4536;20;624800491;4536;282;5375;5408;8.95;0.55;245.68;3.99;839;21;1839.00;33
4536;20;624800501;4536;289;5376;5408;8.84;0.54;245.68;3.99;840;21;1840.00;32
4538;20;624800511;4538;292;5376;5408;8.72;0.53;245.72;3.99;838;21;1841.00;32
4539;20;624800521;4539;294;5378;5409;8.55;0.52;245.80;4.01;839;21;1842.00;31
4543;20;624800530;4543;300;5378;5409;8.45;0.52;245.84;4.01;835;21;1843.00;31
4547;20;624800540;4547;304;5384;5415;8.37;0.51;245.96;4.01;837;21;1844.00;31
4548;20;624800551;4548;303;5386;5417;8.24;0.50;246.02;4.01;838;21;1845.00;31
4550;20;624800562;4550;310;5388;5417;8.09;0.50;246.03;4.02;838;21;1846.00;29
4555;20;624800571;4555;311;5389;5417;7.91;0.48;245.96;4.02;834;21;1847.00;28
4559;20;624800581;4559;314;5394;5421;7.80;0.48;245.94;4.03;835;21;1848.00;27
4562;20;624800590;4562;314;5394;5421;7.71;0.47;245.95;4.03;832;21;1849.00;27
4564;20;624800600;4564;313;5395;5421;7.61;0.47;245.90;4.03;831;21;1850.00;26
4565;20;624800609;4565;314;5396;5422;7.49;0.46;245.91;4.03;831;21;1851.00;26
4567;20;624800617;4567;319;5400;5426;7.43;0.46;245.98;4.03;833;21;1852.00;26
4569;20;624800627;4569;317;5400;5426;7.38;0.45;246.20;4.03;831;21;1853.00;26
4572;20;624800636;4572;321;5402;5429;7.30;0.45;246.15;4.03;830;21;1854.00;27
4573;20;624800651;4573;322;5403;5429;7.24;0.45;246.13;4.03;830;21;1855.00;26
4575;20;624800667;4575;326;5404;5429;7.22;0.45;246.24;4.03;829;21;1856.00;25
4577;20;624800680;4577;332;5405;5429;7.22;0.45;246.31;4.04;828;21;1857.00;24
4580;20;624800696;4580;334;5411;5433;7.22;0.45;246.41;4.04;831;21;1858.00;22
4582;20;624800710;4582;334;5411;5433;7.20;0.45;246.36;4.04;829;21;1859.00;22
4587;20;624800726;4587;335;5411;5433;7.11;0.44;246.35;4.04;824;21;1860.00;22
4589;20;624800738;4589;337;5411;5433;7.01;0.43;246.35;4.04;822;21;1861.00;22
4591;20;624800750;4591;343;5412;5434;6.93;0.43;246.38;4.04;821;21;1862.00;22
4597;20;624800759;4597;352;5413;5435;6.79;0.42;246.45;4.03;816;21;1863.00;22
4600;20;624800770;4600;350;5413;5435;6.61;0.41;246.44;4.03;813;21;1864.00;22
4604;20;624800780;4604;353;5414;5436;6.50;0.40;246.47;4.03;810;21;1865.00;22
4606;20;624800788;4606;354;5414;5436;6.42;0.40;246.43;4.03;808;21;1866.00;22
4608;20;624800797;4608;358;5414;5436;6.26;0.39;246.42;4.03;806;21;1867.00;22
4611;20;624800806;4611;358;5414;5436;6.13;0.38;246.35;4.03;803;21;1868.00;22
4612;20;624800815;4612;363;5414;5436;6.00;0.37;246.37;4.03;802;21;1869.00;22
4619;20;624800823;4619;356;5414;5436;5.83;0.36;246.33;4.03;795;21;1870.00;22
4622;20;624800831;4622;355;5414;5436;5.72;0.35;246.26;4.03;792;21;1871.00;22
4624;20;624800839;4624;380;5486;5563;6.05;0.38;246.26;3.98;862;21;1872.00;77
4629;20;624800858;4629;372;5489;5564;5.98;0.38;246.30;3.98;860;21;1873.00;75
4633;20;624800868;4633;366;5498;5564;5.99;0.38;246.31;3.98;865;21;1874.00;66
4635;20;624800877;4635;362;5503;5564;6.05;0.38;246.48;3.98;868;21;1875.00;61
4636;20;624800886;4636;369;5509;5564;6.13;0.38;246.47;3.98;873;21;1876.00;55
4640;20;624800894;4640;369;5513;5564;6.11;0.38;246.40;3.98;873;21;1877.00;51
4644;20;624800903;4644;363;5515;5564;6.10;0.38;246.39;3.98;871;21;1878.00;49
4646;20;624800913;4646;366;5517;5564;6.09;0.38;246.47;3.98;871;21;1879.00;47
4648;20;624800922;4648;364;5520;5565;6.10;0.38;246.39;3.98;872;21;1880.00;45
4651;20;624800939;4651;367;5524;5566;6.09;0.38;246.43;3.98;873;21;1881.00;42
4658;20;624800949;4658;377;5529;5568;6.00;0.37;246.30;3.99;871;21;1882.00;39
4660;20;624800959;4660;380;5531;5569;5.99;0.37;246.33;3.99;871;21;1883.00;38
4665;20;624800969;4665;383;5535;5569;5.95;0.37;246.33;3.99;870;21;1884.00;34
4666;20;624800978;4666;379;5536;5569;5.99;0.37;246.30;3.99;870;21;1885.00;33
4668;20;624800988;4668;390;5537;5569;6.01;0.37;246.31;4.00;869;21;1886.00;32
4671;20;624800997;4671;390;5543;5573;6.00;0.37;246.31;4.05;872;21;1887.00;30
4674;20;624801007;4674;391;5544;5573;6.02;0.37;246.36;4.05;870;21;1888.00;29
4677;20;624801017;4677;395;5545;5573;6.02;0.37;246.38;4.05;868;21;1889.00;28
4679;20;624801028;4679;396;5550;5579;6.00;0.37;246.39;4.05;871;21;1890.00;29
4685;20;624801038;4685;381;5551;5579;5.96;0.37;246.29;4.05;866;21;1891.00;28
4689;20;624801054;4689;373;5551;5579;6.00;0.37;246.18;4.05;862;21;1892.00;28
4692;20;624801065;4692;359;5555;5583;6.13;0.38;246.21;4.05;863;21;1893.00;28
4697;20;624801076;4697;352;5559;5584;6.20;0.38;246.16;4.06;862;21;1894.00;25
4699;20;624801087;4699;347;5560;5584;6.28;0.38;246.14;4.06;861;21;1895.00;24
4701;20;624801098;4701;343;5564;5588;6.33;0.39;246.26;4.06;863;21;1896.00;24
4706;20;624801108;4706;342;5565;5588;6.33;0.39;246.31;4.06;859;21;1897.00;23
4712;20;624801125;4712;338;5565;5588;6.32;0.39;246.34;4.06;853;21;1898.00;23
4715;20;624801136;4715;347;5566;5589;6.33;0.39;246.35;4.06;851;21;1899.00;23
4718;20;624801147;4718;346;5566;5589;6.33;0.38;246.41;4.06;848;21;1900.00;23
4724;20;624801169;4724;351;5572;5595;6.34;0.39;246.29;4.05;848;21;1901.00;23
4725;20;624801180;4725;348;5572;5595;6.42;0.39;246.31;4.05;847;21;1902.00;23
4730;20;624801191;4730;348;5573;5596;6.43;0.39;246.38;4.05;843;21;1903.00;23
4733;20;624801201;4733;348;5573;5596;6.43;0.39;246.44;4.05;840;21;1904.00;23
4737;20;624801211;4737;343;5573;5596;6.41;0.39;246.42;4.05;836;21;1905.00;23
4740;20;624801223;4740;349;5573;5596;6.37;0.39;246.51;4.05;833;21;1906.00;23
4743;20;624801233;4743;347;5573;5596;6.31;0.38;246.50;4.05;830;21;1907.00;23
4744;20;624801243;4744;343;5583;5608;6.42;0.39;246.52;4.05;839;21;1908.00;25
4746;20;624801254;4746;344;5583;5608;6.45;0.39;246.53;4.05;837;21;1909.00;25
4748;20;624801264;4748;335;5585;5608;6.53;0.40;246.55;4.05;837;21;1910.00;23
4750;20;624801274;4750;333;5585;5608;6.56;0.40;246.55;4.05;835;21;1911.00;23
4753;20;624801284;4753;329;5585;5608;6.63;0.40;246.58;4.05;832;21;1912.00;23
4757;20;624801295;4757;325;5585;5608;6.72;0.41;246.69;4.05;828;21;1913.00;23
4758;20;624801306;4758;318;5589;5612;6.85;0.42;246.70;4.04;831;21;1914.00;23
4760;20;624801316;4760;313;5589;5612;6.90;0.42;246.66;4.04;829;21;1915.00;23
4761;20;624801326;4761;308;5593;5616;6.99;0.43;246.63;4.04;832;21;1916.00;23
4764;20;624801337;4764;297;5594;5617;7.06;0.43;246.65;4.04;830;21;1917.00;23
4767;20;624801348;4767;289;5594;5617;7.14;0.43;246.76;4.04;827;21;1918.00;23
4770;20;624801359;4770;278;5594;5617;7.20;0.44;246.74;4.04;824;21;1919.00;23
4774;20;624801371;4774;281;5618;5646;7.43;0.45;246.89;4.02;844;21;1920.00;28
4776;20;624801385;4776;267;5618;5646;7.58;0.46;246.95;4.02;842;21;1921.00;28
4778;20;624801397;4778;264;5620;5646;7.70;0.47;246.99;4.08;842;21;1922.00;26
4781;20;624801408;4781;263;5621;5647;7.88;0.48;247.06;4.08;840;21;1923.00;26
4782;20;624801420;4782;262;5621;5648;7.93;0.48;247.11;4.08;839;21;1924.00;27
4784;20;624801432;4784;263;5621;5648;7.98;0.48;247.16;4.08;837;21;1925.00;27
4785;20;624801450;4785;248;5624;5651;8.02;0.49;247.23;4.13;839;21;1926.00;27
4786;20;624801463;4786;234;5624;5651;8.07;0.49;247.33;4.13;838;21;1927.00;27
4788;20;624801477;4788;226;5625;5651;8.16;0.49;247.44;4.13;837;21;1928.00;26
4789;20;624801490;4789;223;5625;5651;8.20;0.50;247.39;4.13;836;21;1929.00;26
4793;20;624801502;4793;218;5630;5657;8.25;0.50;247.47;4.13;837;21;1930.00;27
4793;20;624801516;4793;220;5630;5657;8.27;0.50;247.47;4.13;837;21;1931.00;27
4794;20;624801528;4794;217;5630;5657;8.34;0.51;247.49;4.13;836;21;1932.00;27
4797;20;624801555;4797;217;5630;5657;8.43;0.51;247.64;4.13;833;21;1933.00;27
4798;20;624801572;4798;212;5633;5661;8.47;0.52;247.72;4.12;835;21;1934.00;28
4799;20;624801585;4799;210;5635;5663;8.56;0.52;247.69;4.12;836;21;1935.00;28
4803;20;624801597;4803;206;5636;5663;8.61;0.52;247.84;4.17;833;21;1936.00;27
4806;20;624801610;4806;203;5637;5664;8.74;0.53;247.87;4.17;831;21;1937.00;27
4808;20;624801622;4808;196;5637;5664;8.81;0.53;248.01;4.17;829;21;1938.00;27
4811;20;624801638;4811;192;5637;5664;8.85;0.54;248.03;4.17;826;21;1939.00;27
4814;20;624801654;4814;190;5637;5664;8.95;0.54;248.10;4.17;823;21;1940.00;27
4817;20;624801667;4817;186;5637;5664;9.06;0.55;248.10;4.17;820;21;1941.00;27
4820;20;624801678;4820;188;5637;5664;9.13;0.55;248.18;4.17;817;21;1942.00;27
4823;20;624801692;4823;187;5637;5664;9.19;0.56;248.22;4.17;814;21;1943.00;27
4824;20;624801709;4824;197;5681;5734;9.07;0.55;248.25;4.14;857;21;1944.00;53
4828;20;624801726;4828;190;5681;5735;9.14;0.55;248.33;4.14;853;21;1945.00;54
4829;20;624801743;4829;187;5686;5735;9.29;0.56;248.40;4.14;857;21;1946.00;49
4833;20;624801754;4833;184;5688;5735;9.39;0.57;248.42;4.14;855;21;1947.00;47
4835;20;624801766;4835;177;5691;5735;9.52;0.58;248.39;4.14;856;21;1948.00;44
4837;20;624801777;4837;185;5694;5735;9.62;0.58;248.43;4.14;857;21;1949.00;41
4839;20;624801790;4839;188;5699;5737;9.70;0.59;248.40;4.14;860;21;1950.00;38
4840;21;624801801;4840;187;5701;5737;9.80;0.59;248.38;4.14;861;22;1951.00;36
4842;21;624801823;4842;190;5703;5738;9.89;0.60;248.46;4.18;861;22;1952.00;35
4845;21;624801836;4845;193;5705;5739;10.01;0.61;248.46;4.18;860;22;1953.00;34
4848;21;624801847;4848;197;5706;5739;10.09;0.61;248.50;4.19;858;22;1954.00;33
4850;21;624801859;4850;200;5710;5743;10.18;0.62;248.53;4.19;860;22;1955.00;33
4854;21;624801871;4854;196;5711;5743;10.30;0.62;248.65;4.19;857;22;1956.00;32
4856;21;624801882;4856;198;5711;5743;10.35;0.63;248.78;4.19;855;22;1957.00;32
4858;21;624801894;4858;196;5711;5743;10.38;0.63;248.79;4.19;853;22;1958.00;32
4861;21;624801906;4861;195;5716;5749;10.38;0.63;248.75;4.18;855;22;1959.00;33
4865;21;624801918;4865;200;5716;5749;10.45;0.63;248.78;4.18;851;22;1960.00;33
4868;21;624801930;4868;199;5716;5749;10.44;0.63;248.99;4.18;848;22;1961.00;33
4872;21;624801942;4872;207;5718;5752;10.48;0.64;249.00;4.18;846;22;1962.00;34
4872;21;624801953;4872;200;5718;5752;10.49;0.64;249.00;4.18;846;22;1963.00;34
4874;21;624801964;4874;201;5719;5752;10.40;0.63;249.06;4.18;845;22;1964.00;33
4878;21;624801976;4878;198;5719;5753;10.38;0.63;249.09;4.18;841;22;1965.00;34
4882;21;624801988;4882;200;5721;5754;10.36;0.63;249.18;4.23;839;22;1966.00;33
4884;21;624802000;4884;199;5721;5754;10.29;0.62;249.11;4.23;837;22;1967.00;33
4885;21;624802011;4885;200;5731;5767;10.24;0.62;249.18;4.22;846;22;1968.00;36
4889;21;624802023;4889;197;5731;5767;10.21;0.62;249.20;4.22;842;22;1969.00;36
4891;21;624802035;4891;197;5731;5767;10.20;0.62;249.23;4.22;840;22;1970.00;36
4893;21;624802046;4893;198;5732;5768;10.21;0.62;249.20;4.22;839;22;1971.00;36
4898;21;624802057;4898;185;5732;5768;10.21;0.62;249.25;4.22;834;22;1972.00;36
4904;21;624802068;4904;184;5737;5772;10.25;0.62;249.32;4.22;833;22;1973.00;35
4906;21;624802079;4906;181;5738;5772;10.21;0.62;249.25;4.23;832;22;1974.00;34
4910;21;624802091;4910;178;5741;5776;10.25;0.62;249.25;4.23;831;22;1975.00;35
4913;21;624802102;4913;176;5742;5776;10.31;0.63;249.22;4.23;829;22;1976.00;34
4915;21;624802113;4915;171;5742;5776;10.40;0.63;249.27;4.23;827;22;1977.00;34
4919;21;624802125;4919;172;5742;5776;10.44;0.63;249.25;4.23;823;22;1978.00;34
4922;21;624802136;4922;172;5742;5776;10.45;0.63;249.28;4.23;820;22;1979.00;34
4925;21;624802149;4925;169;5762;5810;10.48;0.64;249.24;4.22;837;22;1980.00;48
4930;21;624802162;4930;168;5764;5810;10.41;0.63;249.35;4.26;834;22;1981.00;46
4936;21;624802173;4936;165;5766;5810;10.36;0.63;249.37;4.26;830;22;1982.00;44
4939;21;624802184;4939;166;5767;5810;10.34;0.63;249.35;4.26;828;22;1983.00;43
4943;21;624802195;4943;165;5767;5810;10.27;0.62;249.39;4.26;824;22;1984.00;43
4946;21;624802206;4946;175;5767;5810;10.27;0.62;249.39;4.26;821;22;1985.00;43
4949;21;624802217;4949;177;5767;5811;10.15;0.62;249.43;4.26;818;22;1986.00;44
4952;21;624802228;4952;176;5768;5811;10.12;0.62;249.44;4.26;816;22;1987.00;43
4954;21;624802238;4954;174;5773;5817;10.08;0.61;249.47;4.27;819;22;1988.00;44
4958;21;624802250;4958;180;5773;5818;10.00;0.61;249.45;4.27;815;22;1989.00;45
4959;21;624802261;4959;179;5775;5818;9.96;0.61;249.43;4.27;816;22;1990.00;43
4961;21;624802272;4961;183;5776;5818;9.90;0.60;249.52;4.27;815;22;1991.00;42
4965;21;624802283;4965;183;5780;5822;9.79;0.60;249.62;4.31;815;22;1992.00;42
4967;21;624802294;4967;187;5781;5822;9.74;0.59;249.61;4.32;814;22;1993.00;41
4969;21;624802304;4969;190;5782;5822;9.67;0.59;249.70;4.32;813;22;1994.00;40
4973;21;624802315;4973;196;5783;5823;9.60;0.58;249.73;4.32;810;22;1995.00;40
4976;21;624802326;4976;200;5788;5827;9.50;0.58;249.77;4.32;812;22;1996.00;39
4978;21;624802336;4978;204;5788;5827;9.41;0.57;249.92;4.32;810;22;1997.00;39
4981;21;624802347;4981;210;5790;5830;9.33;0.57;249.95;4.32;809;22;1998.00;40
4982;21;624802357;4982;219;5791;5830;9.37;0.57;249.99;4.32;809;22;1999.00;39
4986;21;624802368;4986;223;5793;5830;9.28;0.56;250.01;4.34;807;22;2000.00;37
4986;21;624802382;4986;231;5793;5830;9.23;0.56;250.01;4.34;807;22;2001.00;37
4987;21;624802393;4987;235;5798;5834;9.19;0.56;250.00;4.35;811;22;2002.00;36
4990;21;624802403;4990;243;5799;5834;9.04;0.55;250.09;4.35;809;22;2003.00;35
4994;21;624802414;4994;249;5800;5834;8.94;0.54;250.25;4.36;806;22;2004.00;34
4994;21;624802424;4994;254;5800;5834;8.92;0.54;250.25;4.36;806;22;2005.00;34
4996;21;624802434;4996;259;5802;5835;8.77;0.53;250.26;4.38;806;22;2006.00;33
5001;21;624802443;5001;258;5803;5836;8.68;0.53;250.29;4.38;802;22;2007.00;33
5002;21;624802453;5002;264;5805;5836;8.53;0.52;250.28;4.39;803;22;2008.00;31
5003;21;624802462;5003;269;5807;5837;8.43;0.52;250.25;4.40;804;22;2009.00;30
5008;21;624802474;5008;278;5807;5837;8.38;0.51;250.41;4.40;799;22;2010.00;30
5010;21;624802484;5010;285;5808;5837;8.34;0.51;250.42;4.40;798;22;2011.00;29
5010;21;624802493;5010;294;5808;5837;8.29;0.51;250.42;4.40;798;22;2012.00;29
5010;21;624802502;5010;304;5809;5837;8.18;0.50;250.42;4.41;799;22;2013.00;28
5011;21;624802510;5011;302;5810;5837;8.05;0.49;250.40;4.42;799;22;2014.00;27
5014;21;624802519;5014;304;5813;5837;7.92;0.49;250.42;4.43;799;22;2015.00;24
5016;21;624802528;5016;325;5875;5964;8.03;0.50;250.43;4.39;859;22;2016.00;89
5018;21;624802547;5018;319;5879;5965;7.94;0.49;250.36;4.39;861;22;2017.00;86
5021;21;624802556;5021;320;5890;5965;7.94;0.49;250.31;4.39;869;22;2018.00;75
5025;21;624802567;5025;320;5895;5965;7.83;0.49;250.31;4.39;870;22;2019.00;70
5028;21;624802576;5028;317;5904;5965;7.76;0.48;250.31;4.39;876;22;2020.00;61
5029;21;624802586;5029;311;5908;5965;7.66;0.47;250.29;4.39;879;22;2021.00;57
5030;21;624802596;5030;312;5911;5965;7.57;0.47;250.25;4.39;881;22;2022.00;54
5030;21;624802605;5030;322;5915;5965;7.54;0.47;250.25;4.39;885;22;2023.00;50
5034;21;624802614;5034;324;5918;5966;7.51;0.46;250.17;4.39;884;22;2024.00;48
5035;21;624802624;5035;328;5923;5968;7.51;0.46;250.13;4.40;888;22;2025.00;45
5040;21;624802634;5040;326;5928;5968;7.40;0.46;249.96;4.40;888;22;2026.00;40
5042;21;624802646;5042;333;5930;5969;7.37;0.46;249.91;4.40;888;22;2027.00;39
5046;21;624802660;5046;339;5931;5969;7.29;0.45;249.83;4.40;885;22;2028.00;38
5047;21;624802678;5047;339;5935;5969;7.16;0.44;249.81;4.41;888;22;2029.00;34
5047;21;624802694;5047;347;5937;5969;7.07;0.44;249.81;4.41;890;22;2030.00;32
5047;21;624802709;5047;348;5941;5973;7.03;0.44;249.81;4.41;894;22;2031.00;32
5050;21;624802725;5050;359;5943;5973;6.93;0.43;249.80;4.41;893;22;2032.00;30
5054;21;624802739;5054;367;5944;5973;6.78;0.42;249.87;4.41;890;22;2033.00;29
5054;21;624802753;5054;375;5946;5976;6.72;0.42;249.87;4.42;892;22;2034.00;30
5057;21;624802766;5057;386;5947;5976;6.58;0.41;249.82;4.42;890;22;2035.00;29
5058;21;624802777;5058;391;5948;5976;6.40;0.40;249.84;4.42;890;22;2036.00;28
5060;21;624802787;5060;400;5953;5980;6.18;0.38;249.88;4.42;893;22;2037.00;27
5064;21;624802798;5064;403;5954;5981;6.05;0.37;249.73;4.42;890;22;2038.00;27
5065;21;624802807;5065;405;5956;5981;5.93;0.37;249.77;4.42;891;22;2039.00;25
5072;21;624802819;5072;404;5960;5986;5.81;0.36;249.69;4.42;888;22;2040.00;26
5075;21;624802829;5075;400;5961;5986;5.77;0.36;249.70;4.42;886;22;2041.00;25
5076;21;624802839;5076;400;5962;5986;5.71;0.35;249.73;4.42;886;22;2042.00;24
5079;21;624802849;5079;383;5962;5987;5.69;0.35;249.78;4.42;883;22;2043.00;25
5083;21;624802859;5083;361;5963;5987;5.73;0.35;249.75;4.42;880;22;2044.00;24
5084;21;624802869;5084;356;5969;5993;5.81;0.36;249.77;4.42;885;22;2045.00;24
5086;21;624802879;5086;358;5970;5993;5.80;0.36;249.79;4.42;884;22;2046.00;23
5091;21;624802888;5091;346;5971;5994;5.81;0.36;249.76;4.42;880;22;2047.00;23
5093;21;624802899;5093;337;5971;5994;5.89;0.36;249.75;4.42;878;22;2048.00;23
5096;21;624802909;5096;333;5971;5994;5.90;0.36;249.68;4.42;875;22;2049.00;23
5097;21;624802932;5097;327;5971;5994;5.95;0.36;249.70;4.42;874;22;2050.00;23
5100;21;624802943;5100;314;5972;5994;5.93;0.36;249.68;4.46;872;22;2051.00;22
5103;21;624802953;5103;308;5983;6006;6.04;0.37;249.66;4.45;880;22;2052.00;23
5108;21;624802965;5108;310;5983;6006;6.04;0.37;249.59;4.45;875;22;2053.00;23
5109;21;624802977;5109;304;5984;6006;6.10;0.37;249.61;4.45;875;22;2054.00;22
5113;21;624802988;5113;303;5984;6006;6.16;0.38;249.70;4.45;871;22;2055.00;22
5116;21;624802997;5116;297;5984;6006;6.20;0.38;249.70;4.45;868;22;2056.00;22
5120;21;624803008;5120;294;5984;6006;6.29;0.38;249.68;4.45;864;22;2057.00;22
5122;21;624803024;5122;301;5988;6010;6.41;0.39;249.67;4.45;866;22;2058.00;22
5125;21;624803035;5125;300;5988;6010;6.44;0.39;249.69;4.45;863;22;2059.00;22
5126;21;624803045;5126;296;5992;6014;6.52;0.40;249.71;4.45;866;22;2060.00;22
5127;21;624803062;5127;294;5993;6015;6.56;0.40;249.69;4.45;866;22;2061.00;22
5130;21;624803072;5130;292;5993;6015;6.59;0.40;249.71;4.45;863;22;2062.00;22
5131;21;624803083;5131;292;5993;6015;6.57;0.40;249.68;4.45;862;22;2063.00;22
5133;21;624803094;5133;289;6006;6028;6.63;0.40;249.71;4.44;873;22;2064.00;22
5138;21;624803105;5138;285;6006;6028;6.60;0.40;249.88;4.44;868;22;2065.00;22
5141;21;624803115;5141;285;6006;6028;6.58;0.40;249.92;4.44;865;22;2066.00;22
5148;21;624803126;5148;285;6008;6029;6.52;0.40;249.97;4.48;860;22;2067.00;21
5152;21;624803136;5152;282;6009;6030;6.53;0.40;250.13;4.48;857;22;2068.00;21
5156;21;624803147;5156;286;6009;6030;6.53;0.40;250.16;4.48;853;22;2069.00;21
5163;21;624803159;5163;284;6013;6036;6.55;0.40;250.24;4.48;850;22;2070.00;23
5165;21;624803170;5165;283;6013;6036;6.58;0.40;250.33;4.48;848;22;2071.00;23
5168;21;624803180;5168;291;6015;6036;6.62;0.40;250.44;4.48;847;22;2072.00;21
5173;21;624803191;5173;292;6015;6036;6.64;0.40;250.56;4.48;842;22;2073.00;21
5177;21;624803201;5177;297;6021;6042;6.67;0.40;250.47;4.47;844;22;2074.00;21
5178;21;624803212;5178;295;6021;6042;6.69;0.41;250.50;4.47;843;22;2075.00;21
5178;21;624803222;5178;297;6021;6042;6.81;0.41;250.50;4.47;843;22;2076.00;21
5182;21;624803232;5182;296;6021;6042;6.84;0.42;250.64;4.47;839;22;2077.00;21
5186;21;624803242;5186;296;6026;6046;6.89;0.42;250.78;4.52;840;22;2078.00;20
5189;21;624803253;5189;294;6027;6047;6.95;0.42;250.80;4.51;838;22;2079.00;20
5193;21;624803263;5193;293;6027;6047;6.93;0.42;250.94;4.51;834;22;2080.00;20
5199;21;624803274;5199;290;6028;6048;6.88;0.42;251.04;4.51;829;22;2081.00;20
5201;21;624803284;5201;293;6028;6048;6.87;0.42;251.02;4.51;827;22;2082.00;20
5204;21;624803296;5204;295;6028;6048;6.80;0.42;251.17;4.51;824;22;2083.00;20
5207;21;624803314;5207;298;6028;6048;6.79;0.42;251.23;4.51;821;22;2084.00;20
5212;21;624803324;5212;305;6028;6048;6.75;0.41;251.24;4.51;816;22;2085.00;20
5216;21;624803334;5216;304;6028;6048;6.67;0.41;251.31;4.51;812;22;2086.00;20
5218;21;624803345;5218;292;6028;6048;6.59;0.40;251.30;4.51;810;22;2087.00;20
5220;21;624803364;5220;295;6073;6118;6.64;0.41;251.37;4.48;853;22;2088.00;45
5224;21;624803381;5224;279;6074;6119;6.65;0.41;251.41;4.48;850;22;2089.00;45
5228;21;624803393;5228;274;6078;6119;6.73;0.41;251.50;4.48;850;22;2090.00;41
5231;21;624803404;5231;266;6078;6119;6.80;0.41;251.50;4.48;847;22;2091.00;41
5234;21;624803416;5234;265;6081;6119;6.87;0.42;251.53;4.53;847;22;2092.00;38
5235;21;624803427;5235;266;6082;6119;6.96;0.42;251.55;4.53;847;22;2093.00;37
5238;21;624803445;5238;268;6086;6119;7.08;0.43;251.54;4.53;848;22;2094.00;33
5240;21;624803456;5240;263;6087;6119;7.13;0.43;251.58;4.53;847;22;2095.00;32
5240;21;624803467;5240;253;6090;6120;7.20;0.44;251.58;4.53;850;22;2096.00;30
5241;21;624803479;5241;241;6093;6121;7.26;0.44;251.60;4.58;852;22;2097.00;28
5242;21;624803490;5242;241;6096;6121;7.30;0.44;251.62;4.58;854;22;2098.00;25
5246;21;624803501;5246;234;6102;6125;7.33;0.44;251.76;4.58;856;22;2099.00;23
5248;21;624803516;5248;241;6108;6140;7.38;0.45;251.79;4.58;860;22;2100.00;32
5250;21;624803535;5250;231;6108;6140;7.52;0.46;251.76;4.58;858;22;2101.00;32
5252;21;624803547;5252;233;6108;6140;7.66;0.46;251.90;4.58;856;22;2102.00;32
5255;21;624803559;5255;239;6112;6146;7.83;0.48;251.93;4.58;857;22;2103.00;34
5257;21;624803572;5257;237;6112;6146;8.03;0.49;251.94;4.58;855;22;2104.00;34
5259;21;624803584;5259;237;6113;6146;8.11;0.49;252.00;4.58;854;22;2105.00;33
5261;21;624803596;5261;228;6117;6149;8.21;0.50;252.00;4.62;856;22;2106.00;32
5264;21;624803609;5264;228;6117;6149;8.33;0.51;252.16;4.62;853;22;2107.00;32
5268;21;624803621;5268;227;6118;6149;8.40;0.51;252.16;4.62;850;22;2108.00;31
5271;21;624803633;5271;221;6118;6150;8.49;0.52;252.19;4.62;847;22;2109.00;32
5274;21;624803646;5274;215;6119;6151;8.65;0.53;252.20;4.62;845;22;2110.00;32
5277;21;624803658;5277;211;6121;6151;8.72;0.53;252.26;4.63;844;22;2111.00;30
5279;21;624803671;5279;205;6131;6164;8.79;0.53;252.22;4.62;852;22;2112.00;33
5282;21;624803684;5282;202;6131;6164;8.89;0.54;252.26;4.62;849;22;2113.00;33
5285;21;624803696;5285;198;6131;6164;8.98;0.54;252.40;4.62;846;22;2114.00;33
5287;21;624803707;5287;194;6133;6166;9.13;0.55;252.34;4.62;846;22;2115.00;33
5290;21;624803720;5290;193;6133;6166;9.18;0.56;252.37;4.62;843;22;2116.00;33
5290;21;624803731;5290;187;6138;6170;9.23;0.56;252.37;4.62;848;22;2117.00;32
5291;21;624803744;5291;183;6138;6170;9.33;0.57;252.46;4.62;847;22;2118.00;32
5291;21;624803755;5291;184;6141;6174;9.38;0.57;252.46;4.62;850;22;2119.00;33
5295;21;624803767;5295;187;6141;6174;9.42;0.57;252.64;4.62;846;22;2120.00;33
5300;21;624803778;5300;185;6141;6174;9.48;0.57;252.56;4.62;841;22;2121.00;33
5300;21;624803789;5300;185;6142;6174;9.52;0.58;252.56;4.62;842;22;2122.00;32
5303;21;624803800;5303;189;6143;6174;9.59;0.58;252.55;4.62;840;22;2123.00;31
5303;21;624803811;5303;188;6151;6186;9.68;0.59;252.55;4.62;848;22;2124.00;35
5304;21;624803823;5304;184;6153;6186;9.73;0.59;252.55;4.62;849;22;2125.00;33
5307;21;624803835;5307;188;6154;6186;9.80;0.59;252.59;4.62;847;22;2126.00;32
5307;21;624803847;5307;184;6156;6186;9.89;0.60;252.59;4.67;849;22;2127.00;30
5312;21;624803858;5312;187;6156;6186;9.89;0.60;252.59;4.67;844;22;2128.00;30
5314;21;624803871;5314;193;6158;6186;9.89;0.60;252.58;4.68;844;22;2129.00;28
5318;21;624803883;5318;192;6158;6187;9.83;0.60;252.74;4.68;840;22;2130.00;29
5320;21;624803895;5320;192;6159;6187;9.79;0.59;252.82;4.68;839;22;2131.00;28
5322;21;624803907;5322;190;6164;6193;9.81;0.59;252.83;4.68;842;22;2132.00;29
5325;21;624803919;5325;191;6165;6194;9.81;0.59;252.84;4.67;840;22;2133.00;29
5326;21;624803930;5326;193;6165;6194;9.81;0.60;252.91;4.67;839;22;2134.00;29
5327;21;624803940;5327;194;6165;6194;9.79;0.59;252.89;4.67;838;22;2135.00;29
5331;21;624803952;5331;198;6167;6198;9.70;0.59;253.01;4.67;836;22;2136.00;31
5333;21;624803963;5333;197;6168;6198;9.64;0.59;253.08;4.67;835;22;2137.00;30
5338;21;624803974;5338;200;6168;6198;9.58;0.58;253.10;4.67;830;22;2138.00;30
5341;21;624803984;5341;199;6169;6199;9.62;0.58;253.13;4.67;828;22;2139.00;30
5344;21;624803995;5344;199;6172;6203;9.55;0.58;253.12;4.67;828;22;2140.00;31
5348;21;624804005;5348;199;6172;6203;9.50;0.58;253.13;4.67;824;22;2141.00;31
5355;21;624804016;5355;204;6174;6206;9.50;0.58;253.18;4.67;819;22;2142.00;32
5360;21;624804026;5360;201;6175;6206;9.46;0.57;253.27;4.67;815;22;2143.00;31
5362;21;624804037;5362;206;6175;6206;9.43;0.57;253.25;4.67;813;22;2144.00;31
5367;21;624804051;5367;212;6177;6206;9.41;0.57;253.26;4.68;810;22;2145.00;29
5371;21;624804062;5371;215;6181;6210;9.45;0.57;253.26;4.68;810;22;2146.00;29
5375;21;624804073;5375;221;6181;6210;9.51;0.58;253.25;4.68;806;22;2147.00;29
5382;21;624804083;5382;220;6181;6210;9.51;0.58;253.23;4.68;799;22;2148.00;29
5385;21;624804093;5385;214;6181;6210;9.52;0.58;253.23;4.68;796;22;2149.00;29
5388;21;624804103;5388;216;6181;6211;9.59;0.58;253.21;4.68;793;22;2150.00;30
5396;21;624804113;5396;220;6182;6212;9.58;0.58;253.26;4.68;786;22;2151.00;30
5398;21;624804123;5398;223;6182;6212;9.58;0.58;253.36;4.68;784;22;2152.00;30
5401;21;624804132;5401;224;6184;6213;9.54;0.58;253.34;4.74;783;22;2153.00;29
5406;21;624804142;5406;228;6184;6213;9.47;0.57;253.48;4.74;778;22;2154.00;29
5410;21;624804152;5410;226;6184;6213;9.47;0.57;253.51;4.74;774;22;2155.00;29
5412;21;624804162;5412;224;6184;6213;9.45;0.57;253.59;4.74;772;22;2156.00;29
5415;21;624804171;5415;230;6184;6213;9.50;0.58;253.63;4.74;769;22;2157.00;29
5419;21;624804180;5419;227;6184;6213;9.44;0.57;253.72;4.74;765;22;2158.00;29
5422;21;624804190;5422;230;6184;6213;9.36;0.57;253.75;4.74;762;22;2159.00;29
5424;21;624804201;5424;259;6281;6443;9.24;0.58;253.86;4.66;857;22;2160.00;162
5426;21;624804227;5426;257;6286;6444;9.19;0.57;253.91;4.66;860;22;2161.00;158
5430;21;624804237;5430;245;6298;6444;9.18;0.57;253.87;4.66;868;22;2162.00;146
5432;21;624804247;5432;247;6302;6444;9.07;0.57;253.88;4.65;870;22;2163.00;142
5432;21;624804257;5432;247;6312;6444;8.99;0.56;253.88;4.65;880;22;2164.00;132
5435;21;624804269;5435;253;6318;6444;8.86;0.55;253.93;4.65;883;22;2165.00;126
5436;21;624804279;5436;255;6329;6444;8.79;0.55;253.94;4.66;893;22;2166.00;115
5437;22;624804289;5437;262;6335;6444;8.70;0.54;253.91;4.66;898;23;2167.00;109
5439;22;624804314;5439;273;6343;6445;8.64;0.54;253.94;4.66;904;23;2168.00;102
5440;22;624804324;5440;276;6348;6446;8.57;0.53;253.93;4.67;908;23;2169.00;98
5443;22;624804334;5443;284;6356;6446;8.47;0.53;253.92;4.68;913;23;2170.00;90
5445;22;624804345;5445;295;6357;6447;8.33;0.52;253.85;4.68;912;23;2171.00;90
5447;22;624804355;5447;295;6362;6447;8.14;0.51;253.78;4.70;915;23;2172.00;85
5450;22;624804365;5450;304;6364;6447;7.98;0.50;253.68;4.71;914;23;2173.00;83
5453;22;624804375;5453;310;6368;6447;7.86;0.49;253.64;4.71;915;23;2174.00;79
5457;22;624804385;5457;322;6373;6451;7.71;0.48;253.57;4.72;916;23;2175.00;78
5459;22;624804396;5459;329;6375;6451;7.59;0.47;253.55;4.72;916;23;2176.00;76
5461;22;624804411;5461;339;6379;6451;7.48;0.46;253.51;4.76;918;23;2177.00;72
5464;22;624804422;5464;342;6382;6454;7.37;0.45;253.54;4.77;918;23;2178.00;72
5465;22;624804434;5465;357;6385;6454;7.27;0.45;253.52;4.78;920;23;2179.00;69
5467;22;624804446;5467;371;6388;6454;7.11;0.44;253.46;4.78;921;23;2180.00;66
5467;22;624804456;5467;377;6394;6458;7.07;0.43;253.46;4.80;927;23;2181.00;64
5470;22;624804468;5470;383;6396;6459;6.99;0.43;253.50;4.80;926;23;2182.00;63
5471;22;624804480;5471;389;6399;6459;6.93;0.43;253.51;4.81;928;23;2183.00;60
5473;22;624804491;5473;397;6401;6463;6.88;0.42;253.46;4.81;928;23;2184.00;62
5474;22;624804502;5474;399;6404;6463;6.81;0.42;253.48;4.82;930;23;2185.00;59
5476;22;624804513;5476;401;6406;6463;6.77;0.42;253.43;4.83;930;23;2186.00;57
5478;22;624804524;5478;402;6407;6464;6.70;0.41;253.44;4.83;929;23;2187.00;57
5479;22;624804536;5479;411;6409;6464;6.64;0.41;253.42;4.84;930;23;2188.00;55
5481;22;624804547;5481;409;6414;6470;6.59;0.41;253.34;4.84;933;23;2189.00;56
5484;22;624804560;5484;409;6417;6470;6.50;0.40;253.42;4.85;933;23;2190.00;53
5486;22;624804571;5486;408;6419;6471;6.33;0.39;253.36;4.86;933;23;2191.00;52
5487;22;624804582;5487;416;6419;6471;6.28;0.39;253.34;4.86;932;23;2192.00;52
5489;22;624804593;5489;414;6422;6471;6.19;0.38;253.30;4.86;933;23;2193.00;49
5490;22;624804603;5490;421;6423;6471;6.15;0.38;253.29;4.87;933;23;2194.00;48
5492;22;624804614;5492;418;6423;6471;6.08;0.37;253.26;4.87;931;23;2195.00;48
5496;22;624804625;5496;411;6435;6483;6.14;0.38;253.13;4.88;939;23;2196.00;48
5498;22;624804643;5498;408;6435;6483;6.12;0.38;253.09;4.88;937;23;2197.00;48
5500;22;624804661;5500;404;6436;6483;6.10;0.37;253.08;4.88;936;23;2198.00;47
5504;22;624804678;5504;405;6438;6483;6.07;0.37;253.13;4.89;934;23;2199.00;45
5505;22;624804697;5505;399;6440;6483;6.07;0.37;253.10;4.90;935;23;2200.00;43
5506;23;624804724;5506;400;6441;6483;6.03;0.37;253.07;4.90;935;24;2201.00;42
5506;23;624804762;5506;407;6446;6487;6.03;0.37;253.07;4.91;940;24;2202.00;41
5509;23;624804774;5509;409;6447;6487;5.97;0.37;253.04;4.91;938;24;2203.00;40
5511;23;624804785;5511;406;6452;6491;5.98;0.37;253.04;4.91;941;24;2204.00;39
5512;23;624804797;5512;414;6455;6493;5.95;0.36;253.08;4.92;943;24;2205.00;38
5514;23;624804807;5514;420;6457;6493;5.89;0.36;253.18;4.92;943;24;2206.00;36
5515;23;624804819;5515;425;6458;6493;5.87;0.36;253.20;4.92;943;24;2207.00;35
5518;23;624804830;5518;426;6469;6506;5.81;0.36;253.22;4.91;951;24;2208.00;37
5523;23;624804842;5523;426;6470;6506;5.76;0.36;253.21;4.91;947;24;2209.00;36
5527;23;624804852;5527;414;6474;6508;5.79;0.36;253.07;4.91;947;24;2210.00;34
5529;23;624804864;5529;403;6476;6509;5.86;0.36;253.12;4.91;947;24;2211.00;33
5532;23;624804881;5532;394;6477;6510;5.89;0.36;253.10;4.91;945;24;2212.00;33
5533;23;624804892;5533;386;6477;6510;5.94;0.37;253.11;4.91;944;24;2213.00;33
5538;23;624804902;5538;383;6479;6513;5.99;0.37;253.09;4.91;941;24;2214.00;34
5540;23;624804913;5540;378;6479;6513;6.03;0.37;253.14;4.91;939;24;2215.00;34
5543;23;624804924;5543;378;6480;6513;6.05;0.37;253.19;4.91;937;24;2216.00;33
5547;23;624804934;5547;367;6480;6513;6.05;0.37;253.17;4.91;933;24;2217.00;33
5549;23;624804945;5549;360;6485;6519;6.15;0.38;253.20;4.91;936;24;2218.00;34
5554;23;624804956;5554;351;6486;6519;6.20;0.38;253.22;4.91;932;24;2219.00;33
5554;23;624804969;5554;354;6486;6519;6.32;0.39;253.22;4.91;932;24;2220.00;33
5556;23;624804980;5556;350;6486;6519;6.38;0.39;253.26;4.91;930;24;2221.00;33
5560;23;624804991;5560;343;6490;6523;6.43;0.40;253.36;4.90;930;24;2222.00;33
5562;23;624805002;5562;342;6492;6524;6.52;0.40;253.33;4.90;930;24;2223.00;32
5564;23;624805013;5564;332;6492;6524;6.56;0.40;253.49;4.90;928;24;2224.00;32
5569;23;624805024;5569;338;6493;6525;6.60;0.41;253.56;4.90;924;24;2225.00;32
5574;23;624805035;5574;335;6493;6525;6.63;0.41;253.50;4.90;919;24;2226.00;32
5582;23;624805046;5582;334;6493;6525;6.64;0.41;253.57;4.90;911;24;2227.00;32
5585;23;624805057;5585;337;6493;6525;6.64;0.41;253.64;4.90;908;24;2228.00;32
5590;23;624805074;5590;338;6493;6525;6.59;0.40;253.60;4.90;903;24;2229.00;32
5594;23;624805084;5594;341;6493;6525;6.54;0.40;253.68;4.90;899;24;2230.00;32
5600;23;624805095;5600;343;6493;6525;6.42;0.39;253.74;4.90;893;24;2231.00;32
5603;23;624805106;5603;348;6532;6595;6.55;0.40;253.72;4.87;929;24;2232.00;63
5607;23;624805122;5607;347;6535;6596;6.60;0.40;253.80;4.87;928;24;2233.00;61
5613;23;624805134;5613;343;6541;6596;6.63;0.40;253.90;4.87;928;24;2234.00;55
5617;23;624805144;5617;343;6543;6596;6.62;0.40;253.97;4.87;926;24;2235.00;53
5622;23;624805156;5622;345;6547;6596;6.66;0.41;254.13;4.87;925;24;2236.00;49
5624;23;624805167;5624;344;6549;6596;6.71;0.41;254.25;4.87;925;24;2237.00;47
5627;23;624805179;5627;344;6552;6596;6.76;0.41;254.20;4.87;925;24;2238.00;44
5631;23;624805190;5631;350;6554;6596;6.78;0.41;254.25;4.87;923;24;2239.00;42
5634;23;624805202;5634;348;6556;6597;6.77;0.41;254.32;4.87;922;24;2240.00;41
5635;23;624805213;5635;350;6559;6598;6.79;0.41;254.33;4.87;924;24;2241.00;39
5639;23;624805225;5639;354;6561;6598;6.74;0.41;254.43;4.87;922;24;2242.00;37
5645;23;624805236;5645;362;6565;6602;6.73;0.41;254.53;4.87;920;24;2243.00;37
5647;23;624805248;5647;354;6566;6602;6.78;0.41;254.53;4.87;919;24;2244.00;36
5649;23;624805260;5649;356;6566;6602;6.81;0.41;254.63;4.87;917;24;2245.00;36
5652;23;624805271;5652;349;6566;6602;6.81;0.41;254.72;4.87;914;24;2246.00;36
5654;23;624805283;5654;346;6571;6608;6.88;0.42;254.78;4.87;917;24;2247.00;37
5657;23;624805294;5657;339;6571;6608;6.89;0.42;254.82;4.87;914;24;2248.00;37
5663;23;624805306;5663;338;6571;6608;6.90;0.42;254.87;4.87;908;24;2249.00;37
5667;23;624805319;5667;334;6575;6614;6.92;0.42;254.90;4.86;908;24;2250.00;39
5670;23;624805331;5670;326;6575;6614;6.91;0.42;254.89;4.86;905;24;2251.00;39
5674;23;624805342;5674;319;6577;6614;6.91;0.42;254.89;4.86;903;24;2252.00;37
5676;23;624805354;5676;309;6577;6615;6.97;0.42;255.03;4.86;901;24;2253.00;38
5678;23;624805365;5678;309;6578;6616;7.01;0.42;255.10;4.86;900;24;2254.00;38
5680;23;624805377;5680;301;6578;6616;6.99;0.42;255.11;4.86;898;24;2255.00;38
5682;23;624805388;5682;298;6589;6629;7.01;0.42;255.20;4.86;907;24;2256.00;40
5684;23;624805401;5684;282;6589;6629;6.98;0.42;255.24;4.86;905;24;2257.00;40
5688;23;624805413;5688;272;6589;6629;6.97;0.42;255.33;4.86;901;24;2258.00;40
5692;23;624805424;5692;258;6591;6630;7.03;0.43;255.44;4.92;899;24;2259.00;39
5692;23;624805437;5692;255;6591;6630;7.15;0.43;255.44;4.92;899;24;2260.00;39
5694;23;624805449;5694;251;6595;6634;7.34;0.44;255.53;4.92;901;24;2261.00;39
5697;23;624805461;5697;248;6595;6634;7.39;0.45;255.58;4.92;898;24;2262.00;39
5700;23;624805473;5700;249;6598;6638;7.41;0.45;255.64;4.92;898;24;2263.00;40
5704;23;624805491;5704;252;6598;6638;7.48;0.46;255.74;4.92;894;24;2264.00;40
5704;23;624805503;5704;252;6598;6638;7.53;0.46;255.74;4.92;894;24;2265.00;40
5708;23;624805514;5708;243;6598;6638;7.57;0.46;255.80;4.92;890;24;2266.00;40
5711;23;624805526;5711;237;6598;6638;7.64;0.46;255.86;4.92;887;24;2267.00;40
5713;23;624805545;5713;225;6607;6650;7.73;0.47;255.93;4.91;894;24;2268.00;43
5716;23;624805560;5716;214;6607;6650;7.84;0.48;255.92;4.91;891;24;2269.00;43
5719;23;624805573;5719;215;6609;6650;7.97;0.48;256.00;4.91;890;24;2270.00;41
5719;23;624805588;5719;209;6610;6650;8.12;0.49;256.00;4.98;891;24;2271.00;40
5723;23;624805602;5723;206;6610;6650;8.19;0.50;256.12;4.98;887;24;2272.00;40
5727;23;624805615;5727;203;6610;6650;8.22;0.50;256.20;4.98;883;24;2273.00;40
5728;23;624805627;5728;199;6610;6651;8.32;0.50;256.21;4.98;882;24;2274.00;41
5731;23;624805641;5731;192;6610;6651;8.37;0.51;256.39;4.98;879;24;2275.00;41
5732;23;624805657;5732;193;6615;6657;8.49;0.51;256.45;4.98;883;24;2276.00;42
5734;23;624805670;5734;190;6616;6658;8.61;0.52;256.48;4.98;882;24;2277.00;42
5736;23;624805683;5736;189;6616;6658;8.65;0.52;256.55;4.98;880;24;2278.00;42
5737;23;624805695;5737;186;6617;6658;8.69;0.53;256.60;5.05;880;24;2279.00;41
5738;23;624805709;5738;179;6621;6663;8.78;0.53;256.61;5.05;883;24;2280.00;42
5741;23;624805721;5741;184;6621;6663;8.84;0.53;256.64;5.05;880;24;2281.00;42
5743;23;624805733;5743;182;6621;6663;9.01;0.55;256.62;5.05;878;24;2282.00;42
5748;23;624805744;5748;183;6622;6664;9.12;0.55;256.84;5.05;874;24;2283.00;42
5750;23;624805757;5750;185;6625;6668;9.19;0.56;256.81;5.04;875;24;2284.00;43
5754;23;624805769;5754;183;6625;6668;9.21;0.56;256.84;5.04;871;24;2285.00;43
5757;23;624805781;5757;183;6627;6671;9.22;0.56;256.85;5.04;870;24;2286.00;44
5761;23;624805792;5761;187;6627;6671;9.13;0.55;256.96;5.04;866;24;2287.00;44
5764;23;624805804;5764;191;6628;6671;9.09;0.55;256.97;5.04;864;24;2288.00;43
5766;23;624805816;5766;188;6628;6671;9.10;0.55;257.02;5.04;862;24;2289.00;43
5769;23;624805827;5769;183;6632;6675;9.17;0.56;257.15;5.04;863;24;2290.00;43
5772;23;624805839;5772;176;6632;6675;9.18;0.56;257.13;5.04;860;24;2291.00;43
5775;23;624805850;5775;175;6632;6675;9.20;0.56;257.19;5.04;857;24;2292.00;43
5779;23;624805861;5779;173;6632;6675;9.17;0.56;257.30;5.04;853;24;2293.00;43
5783;23;624805871;5783;175;6632;6676;9.10;0.55;257.32;5.04;849;24;2294.00;44
5785;23;624805882;5785;168;6634;6678;9.06;0.55;257.36;5.04;849;24;2295.00;44
5787;23;624805893;5787;168;6635;6678;8.99;0.55;257.37;5.11;848;24;2296.00;43
5791;23;624805904;5791;178;6636;6679;8.90;0.54;257.45;5.11;845;24;2297.00;43
5794;23;624805915;5794;180;6636;6679;8.87;0.54;257.46;5.11;842;24;2298.00;43
5796;23;624805926;5796;176;6636;6679;8.87;0.54;257.56;5.11;840;24;2299.00;43
5800;23;624805938;5800;173;6636;6679;8.91;0.54;257.59;5.11;836;24;2300.00;43
5802;23;624805952;5802;168;6636;6679;8.99;0.55;257.66;5.11;834;24;2301.00;43
5806;23;624805962;5806;169;6636;6679;9.04;0.55;257.69;5.11;830;24;2302.00;43
5807;23;624805973;5807;171;6636;6679;9.12;0.56;257.68;5.11;829;24;2303.00;43
5810;23;624805984;5810;203;6709;6806;9.01;0.56;257.77;5.06;899;24;2304.00;97
5815;23;624806004;5815;190;6710;6807;9.03;0.56;257.86;5.06;895;24;2305.00;97
5816;23;624806016;5816;182;6715;6807;9.15;0.57;257.89;5.05;899;24;2306.00;92
5818;23;624806027;5818;182;6719;6807;9.22;0.57;257.94;5.13;901;24;2307.00;88
5823;23;624806038;5823;186;6724;6807;9.28;0.57;258.04;5.13;901;24;2308.00;83
5828;23;624806049;5828;184;6726;6807;9.26;0.57;258.07;5.13;898;24;2309.00;81
5831;23;624806062;5831;188;6729;6807;9.27;0.57;258.11;5.13;898;24;2310.00;78
5834;23;624806073;5834;187;6732;6807;9.27;0.57;258.12;5.13;898;24;2311.00;75
5836;23;624806090;5836;191;6734;6808;9.24;0.57;258.07;5.13;898;24;2312.00;74
5838;23;624806101;5838;196;6737;6809;9.20;0.56;258.10;5.13;899;24;2313.00;72
5842;23;624806112;5842;192;6740;6809;9.16;0.56;258.05;5.13;898;24;2314.00;69
5844;23;624806123;5844;197;6742;6810;9.07;0.55;258.04;5.15;898;24;2315.00;68
5851;23;624806135;5851;199;6747;6810;8.95;0.55;257.94;5.15;896;24;2316.00;63
5855;23;624806146;5855;208;6749;6810;8.85;0.54;257.92;5.15;894;24;2317.00;61
5856;23;624806157;5856;206;6750;6810;8.73;0.53;257.90;5.15;894;24;2318.00;60
5860;23;624806167;5860;207;6756;6814;8.60;0.53;257.86;5.16;896;24;2319.00;58
5864;23;624806178;5864;208;6757;6814;8.49;0.52;257.84;5.16;893;24;2320.00;57
5867;23;624806188;5867;218;6758;6814;8.40;0.51;257.88;5.16;891;24;2321.00;56
5871;23;624806198;5871;226;6760;6817;8.37;0.51;257.79;5.16;889;24;2322.00;57
5874;23;624806208;5874;224;6761;6817;8.34;0.51;257.73;5.23;887;24;2323.00;56
5877;23;624806219;5877;237;6762;6817;8.30;0.51;257.66;5.23;885;24;2324.00;55
5880;23;624806229;5880;245;6767;6821;8.31;0.51;257.61;5.24;887;24;2325.00;54
5882;23;624806239;5882;247;6768;6822;8.25;0.51;257.57;5.24;886;24;2326.00;54
5882;23;624806250;5882;255;6769;6822;8.23;0.50;257.57;5.24;887;24;2327.00;53
5885;23;624806260;5885;260;6773;6826;8.21;0.50;257.56;5.24;888;24;2328.00;53
5891;23;624806270;5891;258;6773;6826;8.12;0.50;257.47;5.24;882;24;2329.00;53
5893;23;624806286;5893;264;6773;6826;8.13;0.50;257.49;5.24;880;24;2330.00;53
5894;23;624806296;5894;271;6774;6827;8.07;0.49;257.48;5.23;880;24;2331.00;53
5896;23;624806306;5896;278;6774;6827;8.01;0.49;257.51;5.23;878;24;2332.00;53
5897;23;624806316;5897;283;6779;6833;7.98;0.49;257.49;5.23;882;24;2333.00;54
5900;23;624806327;5900;285;6779;6833;7.89;0.48;257.49;5.23;879;24;2334.00;54
5903;23;624806337;5903;290;6779;6834;7.79;0.48;257.45;5.23;876;24;2335.00;55
5905;23;624806347;5905;293;6779;6834;7.67;0.47;257.41;5.23;874;24;2336.00;55
5906;23;624806356;5906;298;6780;6834;7.61;0.46;257.38;5.25;874;24;2337.00;54
5910;23;624806365;5910;304;6780;6834;7.54;0.46;257.28;5.25;870;24;2338.00;54
5913;23;624806375;5913;310;6781;6834;7.43;0.45;257.21;5.26;868;24;2339.00;53
5914;23;624806386;5914;323;6807;6870;7.44;0.46;257.20;5.25;893;24;2340.00;63
5916;23;624806398;5916;329;6807;6870;7.34;0.45;257.19;5.25;891;24;2341.00;63
5916;23;624806408;5916;339;6812;6870;7.27;0.44;257.19;5.26;896;24;2342.00;58
5917;23;624806417;5917;342;6813;6870;7.23;0.44;257.16;5.27;896;24;2343.00;57
5921;23;624806426;5921;349;6814;6870;7.11;0.43;257.16;5.27;893;24;2344.00;56
5921;23;624806436;5921;351;6815;6870;6.99;0.43;257.16;5.28;894;24;2345.00;55
5922;23;624806451;5922;357;6820;6874;6.93;0.42;257.17;5.29;898;24;2346.00;54
5922;23;624806463;5922;352;6821;6874;6.92;0.42;257.17;5.29;899;24;2347.00;53
5924;23;624806475;5924;348;6826;6878;6.96;0.42;257.17;5.30;902;24;2348.00;52
5925;23;624806486;5925;344;6828;6879;6.91;0.42;257.13;5.31;903;24;2349.00;51
5927;23;624806496;5927;339;6829;6879;6.84;0.42;257.12;5.32;902;24;2350.00;50
5928;23;624806507;5928;340;6830;6879;6.76;0.41;257.08;5.33;902;24;2351.00;49
5928;23;624806518;5928;352;6841;6892;6.72;0.41;257.08;5.32;913;24;2352.00;51
5928;23;624806530;5928;346;6843;6892;6.64;0.41;257.08;5.33;915;24;2353.00;49
5928;23;624806546;5928;341;6844;6892;6.56;0.40;257.08;5.33;916;24;2354.00;48
5929;23;624806555;5929;353;6846;6893;6.49;0.40;257.05;5.34;917;24;2355.00;47
5930;23;624806565;5930;358;6846;6894;6.44;0.39;257.01;5.34;916;24;2356.00;48
5930;23;624806580;5930;360;6847;6894;6.35;0.39;257.01;5.35;917;24;2357.00;47
5932;23;624806590;5932;366;6849;6897;6.32;0.39;256.99;5.35;917;24;2358.00;48
5933;23;624806600;5933;365;6852;6897;6.27;0.38;256.97;5.38;919;24;2359.00;45
5936;23;624806610;5936;368;6853;6897;6.25;0.38;256.92;5.37;917;24;2360.00;44
5936;23;624806620;5936;372;6854;6897;6.23;0.38;256.92;5.38;918;24;2361.00;43
5936;23;624806629;5936;365;6860;6903;6.29;0.38;256.92;5.38;924;24;2362.00;43
5936;23;624806640;5936;362;6861;6903;6.27;0.38;256.92;5.39;925;24;2363.00;42
5939;23;624806655;5939;363;6861;6903;6.24;0.38;256.85;5.39;922;24;2364.00;42
5942;23;624806670;5942;365;6863;6903;6.19;0.38;256.78;5.40;921;24;2365.00;40
5942;23;624806688;5942;369;6866;6907;6.22;0.38;256.78;5.40;924;24;2366.00;41
5942;23;624806705;5942;367;6869;6908;6.26;0.38;256.78;5.41;927;24;2367.00;39
5948;23;624806719;5948;371;6869;6908;6.22;0.38;256.84;5.41;921;24;2368.00;39
5949;23;624806733;5949;367;6872;6909;6.22;0.38;256.80;5.42;923;24;2369.00;37
5953;23;624806751;5953;368;6872;6909;6.24;0.38;256.86;5.42;919;24;2370.00;37
5954;23;624806765;5954;367;6872;6909;6.23;0.38;256.86;5.42;918;24;2371.00;37
5957;23;624806776;5957;369;6874;6909;6.19;0.38;256.80;5.43;917;24;2372.00;35
5957;23;624806787;5957;365;6874;6909;6.24;0.38;256.80;5.43;917;24;2373.00;35
5961;23;624806797;5961;363;6876;6909;6.20;0.38;256.94;5.43;915;24;2374.00;33
5964;23;624806807;5964;363;6876;6909;6.12;0.37;256.99;5.43;912;24;2375.00;33
5966;23;624806818;5966;374;6923;6979;6.18;0.38;256.98;5.40;957;24;2376.00;56
5971;23;624806834;5971;374;6927;6980;6.09;0.37;257.03;5.40;956;24;2377.00;53
5972;23;624806856;5972;372;6932;6980;6.03;0.37;257.01;5.40;960;24;2378.00;48
5975;23;624806866;5975;373;6933;6980;6.01;0.37;257.03;5.40;958;24;2379.00;47
5979;23;624806876;5979;369;6937;6980;5.95;0.37;257.05;5.39;958;24;2380.00;43
5984;23;624806887;5984;364;6938;6980;5.90;0.36;257.12;5.39;954;24;2381.00;42
5987;23;624806898;5987;360;6939;6980;5.89;0.36;257.13;5.39;952;24;2382.00;41
5990;23;624806908;5990;359;6943;6980;5.93;0.36;257.21;5.40;953;24;2383.00;37
5993;23;624806919;5993;364;6945;6981;5.98;0.37;257.24;5.40;952;24;2384.00;36
5997;23;624806930;5997;367;6947;6983;6.06;0.37;257.26;5.40;950;24;2385.00;36
5999;23;624806950;5999;366;6949;6983;6.09;0.37;257.30;5.40;950;24;2386.00;34
6001;23;624806960;6001;368;6954;6987;6.13;0.38;257.31;5.39;953;24;2387.00;33
6006;23;624806972;6006;361;6954;6987;6.18;0.38;257.40;5.39;948;24;2388.00;33
6009;23;624806983;6009;355;6955;6987;6.23;0.38;257.37;5.39;946;24;2389.00;32
6013;23;624807001;6013;359;6955;6987;6.26;0.38;257.53;5.39;942;24;2390.00;32
6017;23;624807012;6017;354;6961;6993;6.31;0.39;257.56;5.39;944;24;2391.00;32
6020;23;624807024;6020;350;6961;6993;6.30;0.39;257.68;5.39;941;24;2392.00;32
6022;23;624807034;6022;348;6961;6993;6.38;0.39;257.72;5.39;939;24;2393.00;32
6028;23;624807045;6028;349;6964;6996;6.41;0.39;257.83;5.39;936;24;2394.00;32
6033;23;624807056;6033;340;6964;6996;6.47;0.39;257.83;5.39;931;24;2395.00;32
6038;23;624807067;6038;338;6964;6996;6.49;0.40;257.82;5.39;926;24;2396.00;32
6041;23;624807077;6041;334;6965;6997;6.56;0.40;257.90;5.39;924;24;2397.00;32
6045;23;624807088;6045;333;6966;6998;6.62;0.40;257.92;5.39;921;24;2398.00;32
6050;23;624807099;6050;329;6966;6998;6.66;0.40;257.89;5.39;916;24;2399.00;32
6054;23;624807113;6054;330;6991;7057;6.78;0.41;257.98;5.37;937;24;2400.00;66
6057;23;624807134;6057;327;6992;7057;6.86;0.42;258.06;5.37;935;24;2401.00;65
6059;23;624807146;6059;326;6995;7057;6.95;0.42;258.11;5.37;936;24;2402.00;62
6066;23;624807157;6066;323;6996;7058;7.02;0.43;258.20;5.36;930;24;2403.00;62
6068;23;624807169;6068;324;6998;7058;7.09;0.43;258.20;5.36;930;24;2404.00;60
6071;23;624807179;6071;320;7002;7062;7.18;0.44;258.26;5.36;931;24;2405.00;60
6075;23;624807192;6075;325;7004;7062;7.24;0.44;258.40;5.36;929;24;2406.00;58
6078;23;624807204;6078;325;7007;7066;7.35;0.45;258.52;5.36;929;24;2407.00;59
6085;23;624807215;6085;321;7008;7066;7.40;0.45;258.70;5.36;923;24;2408.00;58
6088;23;624807232;6088;320;7008;7066;7.45;0.45;258.84;5.36;920;24;2409.00;58
6092;23;624807244;6092;314;7010;7066;7.44;0.45;258.91;5.36;918;24;2410.00;56
6097;23;624807255;6097;309;7010;7066;7.46;0.46;259.05;5.36;913;24;2411.00;56
6100;23;624807267;6100;308;7019;7078;7.57;0.46;259.18;5.36;919;24;2412.00;59
6102;23;624807279;6102;307;7019;7078;7.62;0.47;259.18;5.36;917;24;2413.00;59
6106;23;624807289;6106;301;7021;7078;7.64;0.47;259.25;5.36;915;24;2414.00;57
6109;23;624807301;6109;300;7022;7078;7.60;0.46;259.33;5.36;913;24;2415.00;56
6111;23;624807312;6111;304;7023;7078;7.57;0.46;259.30;5.36;912;24;2416.00;55
6115;23;624807323;6115;307;7023;7078;7.55;0.46;259.42;5.36;908;24;2417.00;55
6120;23;624807333;6120;310;7024;7079;7.48;0.46;259.42;5.36;904;24;2418.00;55
6127;23;624807345;6127;308;7024;7079;7.42;0.45;259.58;5.36;897;24;2419.00;55
6133;23;624807356;6133;316;7030;7085;7.39;0.45;259.80;5.36;897;24;2420.00;55
6138;23;624807368;6138;323;7032;7086;7.37;0.45;259.79;5.36;894;24;2421.00;54
6143;23;624807380;6143;321;7032;7086;7.34;0.45;259.79;5.36;889;24;2422.00;54
6151;23;624807392;6151;325;7032;7086;7.28;0.44;259.86;5.36;881;24;2423.00;54
6152;23;624807403;6152;326;7035;7090;7.37;0.45;259.91;5.37;883;24;2424.00;55
6155;23;624807414;6155;324;7035;7090;7.37;0.45;259.95;5.37;880;24;2425.00;55
6158;23;624807425;6158;325;7036;7090;7.39;0.45;259.99;5.37;878;24;2426.00;54
6162;23;624807436;6162;307;7039;7091;7.38;0.45;260.04;5.37;877;24;2427.00;52
6165;23;624807447;6165;295;7042;7095;7.35;0.45;260.15;5.37;877;24;2428.00;53
6165;23;624807459;6165;289;7042;7095;7.42;0.45;260.15;5.37;877;24;2429.00;53
6171;23;624807473;6171;288;7047;7101;7.49;0.46;260.35;5.36;876;24;2430.00;54
6173;23;624807485;6173;286;7047;7101;7.47;0.46;260.39;5.36;874;24;2431.00;54
6177;23;624807497;6177;282;7049;7101;7.48;0.46;260.49;5.37;872;24;2432.00;52
6179;23;624807514;6179;277;7050;7101;7.52;0.46;260.47;5.45;871;24;2433.00;51
6185;23;624807533;6185;278;7054;7105;7.53;0.46;260.49;5.44;869;24;2434.00;51
6186;23;624807545;6186;279;7054;7105;7.56;0.46;260.47;5.44;868;24;2435.00;51
6191;23;624807556;6191;265;7054;7105;7.55;0.46;260.57;5.44;863;24;2436.00;51
6195;23;624807568;6195;253;7054;7105;7.54;0.46;260.59;5.44;859;24;2437.00;51
6197;23;624807579;6197;244;7055;7106;7.52;0.46;260.58;5.45;858;24;2438.00;51
6201;23;624807591;6201;237;7056;7107;7.47;0.45;260.62;5.45;855;24;2439.00;51
6203;23;624807607;6203;222;7056;7107;7.52;0.46;260.64;5.45;853;24;2440.00;51
6203;23;624807624;6203;212;7057;7108;7.61;0.46;260.64;5.45;854;24;2441.00;51
6208;23;624807635;6208;216;7057;7108;7.61;0.46;260.63;5.45;849;24;2442.00;51
6208;23;624807648;6208;215;7057;7108;7.71;0.47;260.63;5.45;849;24;2443.00;51
6211;23;624807660;6211;212;7058;7108;7.78;0.48;260.69;5.45;847;24;2444.00;50
6215;23;624807671;6215;207;7058;7108;7.86;0.48;260.66;5.45;843;24;2445.00;50
6218;23;624807683;6218;208;7058;7108;7.92;0.48;260.76;5.45;840;24;2446.00;50
6222;23;624807694;6222;207;7058;7108;8.03;0.49;260.88;5.45;836;24;2447.00;50
6224;23;624807705;6224;225;7123;7235;8.10;0.50;260.93;5.40;899;24;2448.00;112
6229;23;624807725;6229;213;7124;7236;8.20;0.51;261.05;5.40;895;24;2449.00;112
6232;23;624807737;6232;210;7131;7236;8.36;0.52;261.08;5.41;899;24;2450.00;105
6235;23;624807749;6235;205;7134;7236;8.47;0.52;261.14;5.41;899;24;2451.00;102
6238;23;624807760;6238;203;7139;7236;8.61;0.53;261.17;5.40;901;24;2452.00;97
6242;23;624807771;6242;200;7143;7236;8.61;0.53;261.33;5.48;901;24;2453.00;93
6245;23;624807789;6245;199;7147;7236;8.68;0.53;261.33;5.49;902;24;2454.00;89
6246;23;624807801;6246;196;7150;7236;8.75;0.54;261.33;5.49;904;24;2455.00;86
6249;23;624807813;6249;199;7154;7237;8.78;0.54;261.34;5.50;905;24;2456.00;83
6251;23;624807824;6251;202;7159;7238;8.79;0.54;261.41;5.50;908;24;2457.00;79
6257;23;624807835;6257;197;7161;7238;8.71;0.53;261.39;5.50;904;24;2458.00;77
6258;23;624807847;6258;196;7163;7239;8.68;0.53;261.36;5.50;905;24;2459.00;76
6261;23;624807859;6261;200;7165;7239;8.55;0.52;261.47;5.50;904;24;2460.00;74
6262;23;624807871;6262;200;7167;7239;8.46;0.52;261.52;5.51;905;24;2461.00;72
6263;23;624807882;6263;207;7170;7239;8.31;0.51;261.53;5.52;907;24;2462.00;69
6263;23;624807893;6263;210;7174;7243;8.30;0.51;261.53;5.52;911;24;2463.00;69
6265;23;624807904;6265;206;7176;7243;8.25;0.50;261.55;5.52;911;24;2464.00;67
6266;23;624807915;6266;212;7177;7243;8.29;0.51;261.53;5.52;911;24;2465.00;66
6268;23;624807926;6268;216;7179;7246;8.32;0.51;261.53;5.52;911;24;2466.00;67
6270;23;624807937;6270;221;7180;7246;8.35;0.51;261.59;5.52;910;24;2467.00;66
6272;23;624807948;6272;230;7182;7246;8.44;0.52;261.58;5.54;910;24;2468.00;64
6274;23;624807959;6274;229;7186;7250;8.51;0.52;261.59;5.53;912;24;2469.00;64
6279;23;624807972;6279;228;7189;7251;8.52;0.52;261.54;5.54;910;24;2470.00;62
6280;23;624807989;6280;234;7190;7251;8.57;0.52;261.52;5.54;910;24;2471.00;61
6282;23;624808000;6282;230;7192;7255;8.61;0.53;261.53;5.54;910;24;2472.00;63
6284;23;624808011;6284;234;7195;7255;8.67;0.53;261.63;5.62;911;24;2473.00;60
6289;23;624808022;6289;237;7195;7255;8.69;0.53;261.68;5.62;906;24;2474.00;60
6291;23;624808033;6291;242;7197;7257;8.73;0.53;261.64;5.61;906;24;2475.00;60
6296;23;624808044;6296;244;7197;7257;8.76;0.53;261.63;5.61;901;24;2476.00;60
6298;23;624808055;6298;250;7202;7263;8.71;0.53;261.60;5.61;904;24;2477.00;61
6299;23;624808066;6299;254;7202;7263;8.67;0.53;261.58;5.61;903;24;2478.00;61
6301;23;624808076;6301;259;7202;7264;8.60;0.52;261.53;5.61;901;24;2479.00;62
6305;23;624808087;6305;255;7202;7264;8.46;0.52;261.58;5.61;897;24;2480.00;62
6309;23;624808098;6309;258;7202;7264;8.30;0.51;261.47;5.61;893;24;2481.00;62
6312;23;624808108;6312;255;7202;7264;8.17;0.50;261.48;5.61;890;24;2482.00;62
6314;23;624808119;6314;251;7202;7264;8.06;0.49;261.44;5.61;888;24;2483.00;62
6318;23;624808129;6318;250;7212;7276;8.01;0.49;261.39;5.60;894;24;2484.00;64
6319;23;624808140;6319;249;7215;7276;7.96;0.49;261.39;5.62;896;24;2485.00;61
6323;23;624808150;6323;249;7215;7276;7.89;0.48;261.36;5.62;892;24;2486.00;61
6325;23;624808161;6325;256;7215;7276;7.86;0.48;261.32;5.62;890;24;2487.00;61
6326;23;624808171;6326;260;7215;7276;7.93;0.49;261.33;5.62;889;24;2488.00;61
6328;23;624808181;6328;261;7215;7276;7.94;0.49;261.31;5.62;887;24;2489.00;61
6335;23;624808192;6335;259;7218;7280;7.88;0.48;261.24;5.62;883;24;2490.00;62
6337;23;624808203;6337;255;7218;7280;7.91;0.48;261.23;5.62;881;24;2491.00;62
6338;23;624808213;6338;257;7222;7284;8.05;0.49;261.24;5.62;884;24;2492.00;62
6339;23;624808224;6339;264;7222;7285;8.05;0.49;261.24;5.62;883;24;2493.00;63
6341;23;624808234;6341;265;7223;7285;8.07;0.49;261.26;5.62;882;24;2494.00;62
6342;23;624808244;6342;265;7223;7285;8.12;0.50;261.27;5.62;881;24;2495.00;62
6347;23;624808254;6347;270;7233;7298;8.13;0.50;261.32;5.62;886;24;2496.00;65
6351;23;624808266;6351;272;7233;7298;8.10;0.49;261.30;5.62;882;24;2497.00;65
6354;23;624808275;6354;275;7233;7298;8.05;0.49;261.26;5.62;879;24;2498.00;65
6359;23;624808286;6359;266;7234;7299;8.09;0.49;261.26;5.62;875;24;2499.00;65
6363;23;624808296;6363;262;7234;7300;8.12;0.49;261.23;5.62;871;24;2500.00;66
6366;23;624808310;6366;257;7236;7300;8.11;0.49;261.20;5.64;870;24;2501.00;64
6367;23;624808321;6367;253;7238;7303;8.16;0.49;261.21;5.64;871;24;2502.00;65
6370;23;624808331;6370;255;7240;7303;8.17;0.50;261.13;5.65;870;24;2503.00;63
6370;23;624808341;6370;248;7240;7303;8.23;0.50;261.13;5.65;870;24;2504.00;63
6372;23;624808351;6372;246;7241;7303;8.28;0.50;261.11;5.66;869;24;2505.00;62
6374;23;624808367;6374;242;7248;7309;8.35;0.51;261.09;5.66;874;24;2506.00;61
6375;23;624808382;6375;244;7248;7309;8.36;0.51;261.07;5.66;873;24;2507.00;61
6376;23;624808393;6376;245;7248;7309;8.41;0.51;261.05;5.66;872;24;2508.00;61
6378;23;624808403;6378;248;7249;7309;8.39;0.51;261.03;5.66;871;24;2509.00;60
6378;23;624808413;6378;251;7252;7313;8.40;0.51;261.03;5.66;874;24;2510.00;61
6378;24;624808424;6378;251;7253;7314;8.40;0.51;261.03;5.66;875;25;2511.00;61
6380;24;624808450;6380;252;7254;7314;8.43;0.51;261.00;5.66;874;25;2512.00;60
6380;24;624808460;6380;251;7257;7315;8.47;0.52;261.00;5.69;877;25;2513.00;58
6382;24;624808476;6382;251;7258;7315;8.44;0.51;261.02;5.70;876;25;2514.00;57
6384;24;624808487;6384;252;7261;7315;8.40;0.51;261.03;5.74;877;25;2515.00;54
6385;24;624808497;6385;251;7262;7315;8.33;0.51;261.01;5.75;877;25;2516.00;53
6386;24;624808507;6386;254;7262;7315;8.25;0.50;261.00;5.75;876;25;2517.00;53
6388;24;624808517;6388;253;7265;7315;8.17;0.50;260.99;5.77;877;25;2518.00;50
6389;24;624808527;6389;259;7266;7315;8.11;0.49;261.01;5.78;877;25;2519.00;49
6390;24;624808538;6390;268;7322;7440;8.28;0.51;260.99;5.74;932;25;2520.00;118
6394;24;624808563;6394;263;7326;7441;8.21;0.50;260.99;5.75;932;25;2521.00;115
6395;24;624808574;6395;260;7340;7441;8.23;0.50;260.99;5.74;945;25;2522.00;101
6396;24;624808584;6396;262;7348;7441;8.15;0.50;261.06;5.75;952;25;2523.00;93
6400;24;624808594;6400;264;7354;7441;8.06;0.49;261.03;5.74;954;25;2524.00;87
6402;24;624808605;6402;270;7357;7441;7.97;0.49;261.07;5.75;955;25;2525.00;84
6404;24;624808615;6404;276;7362;7441;7.87;0.48;261.15;5.75;958;25;2526.00;79
6407;24;624808625;6407;289;7368;7441;7.71;0.47;261.24;5.75;961;25;2527.00;73
6409;24;624808636;6409;293;7375;7442;7.64;0.47;261.26;5.77;966;25;2528.00;67
6412;24;624808648;6412;287;7377;7443;7.64;0.47;261.28;5.77;965;25;2529.00;66
6413;24;624808666;6413;284;7379;7443;7.53;0.46;261.35;5.77;966;25;2530.00;64
6415;24;624808682;6415;282;7387;7447;7.47;0.46;261.33;5.78;972;25;2531.00;60
6420;24;624808706;6420;285;7387;7447;7.42;0.46;261.31;5.78;967;25;2532.00;60
6424;24;624808732;6424;286;7387;7447;7.36;0.45;261.22;5.78;963;25;2533.00;60
6426;24;624808751;6426;290;7388;7447;7.30;0.45;261.25;5.79;962;25;2534.00;59
6427;24;624808765;6427;293;7395;7453;7.35;0.45;261.27;5.80;968;25;2535.00;58
6428;24;624808777;6428;298;7396;7453;7.35;0.45;261.29;5.81;968;25;2536.00;57
6433;24;624808788;6433;302;7398;7455;7.28;0.45;261.31;5.81;965;25;2537.00;57
6436;25;624808807;6436;300;7400;7458;7.26;0.45;261.28;5.80;964;26;2538.00;58
6439;25;624808843;6439;302;7403;7458;7.24;0.44;261.26;5.81;964;26;2539.00;55
6441;25;624808855;6441;306;7403;7458;7.17;0.44;261.30;5.81;962;26;2540.00;55
6443;25;624808866;6443;314;7404;7459;7.16;0.44;261.39;5.82;961;26;2541.00;55
6445;25;624808884;6445;317;7407;7460;7.10;0.44;261.42;5.83;962;26;2542.00;53
6449;25;624808896;6449;322;7408;7460;7.02;0.43;261.51;5.83;959;26;2543.00;52
6452;25;624808907;6452;324;7418;7473;6.88;0.42;261.57;5.82;966;26;2544.00;55
6454;25;624808919;6454;322;7420;7473;6.77;0.42;261.59;5.83;966;26;2545.00;53
6459;25;624808930;6459;326;7421;7473;6.65;0.41;261.64;5.83;962;26;2546.00;52
6465;25;624808941;6465;331;7422;7474;6.50;0.40;261.71;5.83;957;26;2547.00;52
6467;25;624808951;6467;339;7423;7474;6.45;0.40;261.71;5.83;956;26;2548.00;51
6471;25;624808962;6471;341;7428;7478;6.42;0.40;261.73;5.83;957;26;2549.00;50
6475;25;624808975;6475;338;7431;7481;6.33;0.39;261.75;5.83;956;26;2550.00;50
6479;25;624808987;6479;335;7436;7485;6.28;0.39;261.81;5.83;957;26;2551.00;49
6482;25;624808997;6482;331;7436;7485;6.27;0.39;261.90;5.83;954;26;2552.00;49
6485;25;624809008;6485;327;7437;7485;6.27;0.39;261.97;5.83;952;26;2553.00;48
6487;25;624809018;6487;330;7438;7485;6.31;0.39;262.00;5.83;951;26;2554.00;47
6491;25;624809028;6491;324;7438;7485;6.29;0.39;262.13;5.83;947;26;2555.00;47
6494;25;624809039;6494;325;7448;7497;6.38;0.40;262.07;5.82;954;26;2556.00;49
6498;25;624809051;6498;314;7449;7497;6.39;0.40;262.16;5.82;951;26;2557.00;48
6501;25;624809061;6501;311;7450;7497;6.48;0.40;262.25;5.82;949;26;2558.00;47
6506;25;624809072;6506;306;7450;7497;6.55;0.41;262.33;5.82;944;26;2559.00;47
6509;25;624809083;6509;306;7450;7497;6.58;0.41;262.39;5.82;941;26;2560.00;47
6512;25;624809094;6512;306;7450;7497;6.65;0.41;262.42;5.82;938;26;2561.00;47
6515;25;624809105;6515;306;7450;7498;6.74;0.42;262.44;5.82;935;26;2562.00;48
6518;25;624809116;6518;302;7450;7498;6.86;0.42;262.36;5.82;932;26;2563.00;48
6525;25;624809127;6525;300;7455;7504;6.97;0.43;262.33;5.82;930;26;2564.00;49
6529;25;624809140;6529;302;7456;7506;7.09;0.44;262.41;5.82;927;26;2565.00;50
6532;25;624809151;6532;296;7457;7506;7.20;0.44;262.43;5.82;925;26;2566.00;49
6539;25;624809162;6539;296;7457;7506;7.21;0.44;262.45;5.82;918;26;2567.00;49
6545;25;624809173;6545;298;7460;7510;7.28;0.45;262.53;5.82;915;26;2568.00;50
6547;25;624809186;6547;296;7460;7510;7.33;0.45;262.63;5.82;913;26;2569.00;50
6556;25;624809196;6556;297;7460;7510;7.31;0.45;262.70;5.82;904;26;2570.00;50
6559;25;624809208;6559;297;7461;7511;7.38;0.45;262.81;5.82;902;26;2571.00;50
6563;25;624809219;6563;297;7464;7515;7.40;0.46;262.87;5.81;901;26;2572.00;51
6571;25;624809230;6571;297;7464;7515;7.39;0.45;262.86;5.81;893;26;2573.00;51
6578;25;624809241;6578;294;7466;7518;7.41;0.46;263.00;5.81;888;26;2574.00;52
6584;25;624809254;6584;291;7466;7518;7.41;0.45;263.05;5.81;882;26;2575.00;52
6589;25;624809265;6589;291;7467;7518;7.40;0.45;263.05;5.81;878;26;2576.00;51
6594;25;624809276;6594;286;7467;7518;7.42;0.45;263.19;5.81;873;26;2577.00;51
6599;25;624809287;6599;280;7471;7522;7.44;0.45;263.20;5.81;872;26;2578.00;51
6606;25;624809298;6606;284;7471;7522;7.37;0.45;263.21;5.81;865;26;2579.00;51
6611;25;624809310;6611;283;7471;7522;7.38;0.45;263.24;5.81;860;26;2580.00;51
6618;25;624809322;6618;282;7471;7522;7.27;0.44;263.33;5.81;853;26;2581.00;51
6622;25;624809332;6622;292;7471;7523;7.23;0.44;263.41;5.81;849;26;2582.00;52
6630;25;624809344;6630;286;7472;7524;7.18;0.44;263.52;5.81;842;26;2583.00;52
6631;25;624809355;6631;293;7472;7524;7.18;0.44;263.59;5.81;841;26;2584.00;52
6638;25;624809365;6638;291;7473;7525;7.17;0.43;263.64;5.81;835;26;2585.00;52
6641;25;624809376;6641;289;7473;7525;7.11;0.43;263.68;5.81;832;26;2586.00;52
6644;25;624809387;6644;288;7473;7525;7.09;0.43;263.78;5.81;829;26;2587.00;52
6646;25;624809398;6646;285;7473;7525;7.07;0.43;263.85;5.81;827;26;2588.00;52
6650;25;624809408;6650;286;7473;7525;7.01;0.43;263.87;5.81;823;26;2589.00;52
6654;25;624809419;6654;293;7473;7525;6.86;0.42;263.88;5.81;819;26;2590.00;52
6655;25;624809429;6655;295;7474;7525;6.77;0.41;263.93;5.90;819;26;2591.00;51
6660;25;624809439;6660;320;7540;7652;6.82;0.42;263.84;5.85;880;26;2592.00;112
6662;25;624809459;6662;317;7543;7653;6.71;0.42;263.86;5.84;881;26;2593.00;110
6663;25;624809470;6663;314;7551;7653;6.76;0.42;263.87;5.84;888;26;2594.00;102
6666;25;624809481;6666;310;7552;7653;6.80;0.42;263.89;5.84;886;26;2595.00;101
6668;25;624809492;6668;305;7557;7653;6.89;0.43;263.89;5.84;889;26;2596.00;96
6668;25;624809502;6668;296;7559;7653;6.94;0.43;263.89;5.84;891;26;2597.00;94
6670;25;624809513;6670;280;7561;7653;6.97;0.43;263.88;5.84;891;26;2598.00;92
6671;25;624809524;6671;275;7564;7653;7.07;0.44;263.91;5.84;893;26;2599.00;89
6673;25;624809536;6673;281;7567;7654;7.13;0.44;263.89;5.84;894;26;2600.00;87
6675;25;624809552;6675;281;7571;7655;7.23;0.45;263.94;5.84;896;26;2601.00;84
6679;25;624809563;6679;285;7575;7655;7.20;0.44;263.93;5.84;896;26;2602.00;80
6680;25;624809574;6680;289;7577;7656;7.17;0.44;263.92;5.84;897;26;2603.00;79
6681;25;624809585;6681;297;7580;7656;7.11;0.44;263.92;5.85;899;26;2604.00;76
6683;25;624809596;6683;305;7582;7656;7.06;0.43;263.92;5.85;899;26;2605.00;74
6683;25;624809615;6683;305;7583;7656;7.05;0.44;263.92;5.85;900;26;2606.00;73
6684;26;624809627;6684;302;7589;7660;7.02;0.43;263.95;5.85;905;27;2607.00;71
6688;26;624809655;6688;303;7591;7660;7.02;0.43;263.88;5.85;903;27;2608.00;69
6692;26;624809668;6692;302;7592;7660;7.02;0.43;263.90;5.85;900;27;2609.00;68
6694;26;624809685;6694;307;7598;7666;7.07;0.43;263.89;5.85;904;27;2610.00;68
6698;26;624809699;6698;303;7599;7666;7.13;0.44;263.97;5.85;901;27;2611.00;67
6699;26;624809710;6699;298;7600;7666;7.22;0.44;263.97;5.85;901;27;2612.00;66
6701;26;624809722;6701;301;7604;7670;7.31;0.45;264.03;5.85;903;27;2613.00;66
6703;26;624809734;6703;301;7607;7671;7.37;0.45;264.03;5.86;904;27;2614.00;64
6705;26;624809747;6705;297;7608;7671;7.45;0.45;263.98;5.86;903;27;2615.00;63
6707;26;624809759;6707;297;7611;7675;7.44;0.45;264.00;5.85;904;27;2616.00;64
6711;26;624809771;6711;292;7611;7675;7.49;0.46;264.14;5.85;900;27;2617.00;64
6713;26;624809787;6713;299;7611;7675;7.50;0.46;264.12;5.85;898;27;2618.00;64
6713;26;624809798;6713;293;7612;7676;7.56;0.46;264.12;5.85;899;27;2619.00;64
6716;26;624809810;6716;292;7612;7676;7.50;0.46;264.11;5.85;896;27;2620.00;64
6719;26;624809821;6719;290;7617;7682;7.51;0.46;264.08;5.85;898;27;2621.00;65
6722;26;624809833;6722;290;7617;7682;7.49;0.45;264.05;5.85;895;27;2622.00;65
6725;26;624809844;6725;284;7617;7683;7.44;0.45;264.06;5.85;892;27;2623.00;66
6727;26;624809855;6727;287;7617;7683;7.40;0.45;264.00;5.85;890;27;2624.00;66
6730;26;624809866;6730;289;7617;7683;7.36;0.45;264.01;5.85;887;27;2625.00;66
6732;26;624809877;6732;285;7617;7683;7.33;0.44;264.02;5.85;885;27;2626.00;66
6732;26;624809888;6732;286;7617;7683;7.38;0.45;264.02;5.85;885;27;2627.00;66
6737;26;624809898;6737;283;7627;7695;7.38;0.45;264.02;5.84;890;27;2628.00;68
6739;26;624809910;6739;281;7627;7695;7.41;0.45;264.06;5.84;888;27;2629.00;68
6740;26;624809921;6740;281;7628;7695;7.40;0.45;264.06;5.84;888;27;2630.00;67
6741;26;624809931;6741;278;7628;7695;7.45;0.45;264.06;5.84;887;27;2631.00;67
6743;26;624809941;6743;295;7628;7695;7.49;0.46;264.02;5.84;885;27;2632.00;67
6745;26;624809957;6745;301;7628;7695;7.50;0.46;264.00;5.84;883;27;2633.00;67
6748;26;624809968;6748;299;7631;7699;7.54;0.46;263.94;5.84;883;27;2634.00;68
6748;26;624809979;6748;295;7631;7699;7.59;0.46;263.94;5.84;883;27;2635.00;68
6750;26;624809989;6750;295;7636;7703;7.62;0.46;263.89;5.93;886;27;2636.00;67
6751;26;624810000;6751;292;7637;7704;7.64;0.47;263.91;5.93;886;27;2637.00;67
6754;26;624810012;6754;287;7637;7704;7.65;0.47;263.87;5.93;883;27;2638.00;67
6758;26;624810025;6758;285;7637;7704;7.62;0.46;263.90;5.93;879;27;2639.00;67
6760;26;624810038;6760;297;7659;7733;7.54;0.46;263.87;5.91;899;27;2640.00;74
6761;26;624810052;6761;289;7659;7733;7.52;0.46;263.95;5.91;898;27;2641.00;74
6761;26;624810062;6761;292;7661;7733;7.51;0.46;263.95;5.91;900;27;2642.00;72
6763;26;624810072;6763;297;7663;7734;7.50;0.46;263.89;5.91;900;27;2643.00;71
6765;26;624810082;6765;297;7663;7735;7.51;0.46;263.85;5.91;898;27;2644.00;72
6768;26;624810093;6768;296;7663;7735;7.45;0.45;263.90;5.91;895;27;2645.00;72
6769;26;624810103;6769;292;7665;7738;7.51;0.46;263.90;5.91;896;27;2646.00;73
6770;26;624810115;6770;296;7665;7738;7.49;0.46;263.89;5.91;895;27;2647.00;73
6772;26;624810125;6772;303;7666;7738;7.46;0.45;263.90;5.91;894;27;2648.00;72
6775;26;624810135;6775;302;7666;7738;7.40;0.45;263.92;5.91;891;27;2649.00;72
6778;26;624810145;6778;304;7671;7744;7.39;0.45;263.98;5.90;893;27;2650.00;73
6778;26;624810156;6778;293;7671;7744;7.37;0.45;263.98;5.90;893;27;2651.00;73
6781;26;624810166;6781;281;7671;7744;7.35;0.45;263.95;5.90;890;27;2652.00;73
6781;26;624810176;6781;275;7671;7744;7.38;0.45;263.95;5.90;890;27;2653.00;73
6784;26;624810186;6784;272;7675;7748;7.39;0.45;263.94;5.91;891;27;2654.00;73
6785;26;624810198;6785;271;7677;7750;7.45;0.45;263.93;5.91;892;27;2655.00;73
6791;26;624810208;6791;267;7678;7750;7.49;0.46;263.88;5.92;887;27;2656.00;72
6792;26;624810218;6792;263;7679;7751;7.61;0.46;263.86;5.92;887;27;2657.00;72
6794;26;624810228;6794;258;7680;7751;7.68;0.47;263.82;5.93;886;27;2658.00;71
6796;26;624810238;6796;259;7680;7751;7.75;0.47;263.76;5.93;884;27;2659.00;71
6798;26;624810248;6798;247;7680;7751;7.78;0.47;263.77;5.93;882;27;2660.00;71
6802;26;624810258;6802;249;7680;7751;7.82;0.48;263.79;5.93;878;27;2661.00;71
6802;26;624810267;6802;246;7680;7751;7.90;0.48;263.79;5.93;878;27;2662.00;71
6803;26;624810277;6803;247;7680;7751;7.95;0.48;263.76;5.93;877;27;2663.00;71
6806;26;624810287;6806;245;7716;7821;8.09;0.49;263.78;5.91;910;27;2664.00;105
6807;26;624810308;6807;244;7717;7822;8.10;0.49;263.80;5.91;910;27;2665.00;105
6813;26;624810318;6813;243;7725;7822;8.12;0.49;263.73;5.90;912;27;2666.00;97
6813;26;624810334;6813;243;7731;7822;8.14;0.50;263.73;5.90;918;27;2667.00;91
6814;26;624810344;6814;238;7733;7822;8.13;0.49;263.71;5.90;919;27;2668.00;89
6819;26;624810355;6819;242;7736;7822;8.03;0.49;263.62;5.90;917;27;2669.00;86
6819;26;624810367;6819;249;7738;7822;8.05;0.49;263.62;5.90;919;27;2670.00;84
6819;26;624810383;6819;253;7740;7822;8.02;0.49;263.62;5.90;921;27;2671.00;82
6820;26;624810398;6820;253;7742;7823;8.01;0.49;263.69;5.90;922;27;2672.00;81
6824;26;624810410;6824;250;7744;7824;8.00;0.48;263.62;5.90;920;27;2673.00;80
6827;26;624810421;6827;256;7746;7824;7.95;0.48;263.57;5.90;919;27;2674.00;78
6827;26;624810432;6827;263;7750;7828;7.93;0.48;263.57;5.90;923;27;2675.00;78
6829;26;624810443;6829;265;7751;7828;7.95;0.48;263.52;5.90;922;27;2676.00;77
6832;26;624810454;6832;271;7752;7828;7.85;0.48;263.54;5.91;920;27;2677.00;76
6835;26;624810465;6835;274;7752;7828;7.75;0.47;263.68;5.91;917;27;2678.00;76
6837;26;624810482;6837;276;7757;7834;7.81;0.48;263.64;5.91;920;27;2679.00;77
6839;26;624810493;6839;280;7758;7834;7.81;0.48;263.60;5.92;919;27;2680.00;76
6841;26;624810504;6841;284;7759;7834;7.87;0.48;263.63;5.93;918;27;2681.00;75
6842;26;624810515;6842;285;7761;7837;7.90;0.48;263.61;5.93;919;27;2682.00;76
6844;26;624810526;6844;292;7762;7837;7.92;0.48;263.67;5.94;918;27;2683.00;75
6845;26;624810536;6845;290;7764;7837;8.02;0.49;263.68;5.95;919;27;2684.00;73
6848;26;624810547;6848;291;7764;7838;8.04;0.49;263.79;5.95;916;27;2685.00;74
6851;26;624810558;6851;284;7766;7839;8.04;0.49;263.92;5.96;915;27;2686.00;73
6853;26;624810569;6853;287;7767;7839;8.01;0.49;263.91;5.97;914;27;2687.00;72
6856;26;624810580;6856;296;7777;7852;7.99;0.49;263.94;5.96;921;27;2688.00;75
6856;26;624810599;6856;302;7779;7852;8.02;0.49;263.94;5.97;923;27;2689.00;73
6860;26;624810610;6860;302;7780;7852;7.95;0.48;264.01;5.97;920;27;2690.00;72
6863;26;624810621;6863;309;7782;7853;7.97;0.48;264.12;5.98;919;27;2691.00;71
6864;26;624810639;6864;309;7784;7853;7.97;0.48;264.19;6.00;920;27;2692.00;69
6866;26;624810656;6866;311;7788;7857;7.97;0.48;264.28;5.99;922;27;2693.00;69
6868;26;624810674;6868;314;7789;7857;7.89;0.48;264.43;6.01;921;27;2694.00;68
6870;26;624810691;6870;319;7792;7861;7.84;0.48;264.52;6.00;922;27;2695.00;69
6873;26;624810709;6873;321;7792;7861;7.77;0.47;264.55;6.00;919;27;2696.00;69
6875;26;624810726;6875;325;7793;7861;7.64;0.46;264.66;6.02;918;27;2697.00;68
6878;26;624810742;6878;328;7794;7861;7.55;0.46;264.60;6.03;916;27;2698.00;67
6881;26;624810759;6881;327;7797;7861;7.42;0.45;264.65;6.06;916;27;2699.00;64
6884;26;624810777;6884;323;7824;7910;7.43;0.45;264.72;6.05;940;27;2700.00;86
6886;26;624810799;6886;324;7826;7910;7.34;0.45;264.81;6.05;940;27;2701.00;84
6888;26;624810812;6888;321;7831;7910;7.28;0.44;264.83;6.06;943;27;2702.00;79
6889;26;624810824;6889;319;7831;7910;7.24;0.44;264.90;6.06;942;27;2703.00;79
6890;26;624810836;6890;320;7833;7910;7.22;0.44;264.95;6.05;943;27;2704.00;77
6892;26;624810848;6892;313;7834;7910;7.18;0.44;265.01;6.06;942;27;2705.00;76
6896;26;624810860;6896;312;7835;7911;7.17;0.44;265.02;6.06;939;27;2706.00;76
6899;26;624810872;6899;311;7839;7911;7.25;0.44;265.02;6.09;940;27;2707.00;72
6900;26;624810885;6900;312;7844;7917;7.31;0.45;265.04;6.08;944;27;2708.00;73
6900;26;624810897;6900;317;7847;7918;7.33;0.45;265.04;6.09;947;27;2709.00;71
6903;26;624810908;6903;313;7847;7918;7.29;0.44;265.03;6.09;944;27;2710.00;71
6907;26;624810919;6907;316;7848;7918;7.24;0.44;265.03;6.09;941;27;2711.00;70
6909;26;624810931;6909;321;7852;7922;7.26;0.44;265.15;6.09;943;27;2712.00;70
6912;26;624810942;6912;326;7852;7922;7.19;0.44;265.18;6.09;940;27;2713.00;70
6917;26;624810953;6917;328;7853;7922;7.12;0.43;265.21;6.09;936;27;2714.00;69
6920;26;624810964;6920;335;7857;7923;7.03;0.43;265.25;6.11;937;27;2715.00;66
6924;26;624810975;6924;336;7861;7927;6.90;0.42;265.39;6.11;937;27;2716.00;66
6926;26;624810986;6926;336;7862;7927;6.83;0.42;265.38;6.11;936;27;2717.00;65
6932;26;624810997;6932;337;7866;7930;6.74;0.41;265.39;6.12;934;27;2718.00;64
6933;26;624811017;6933;341;7867;7930;6.69;0.41;265.41;6.12;934;27;2719.00;63
6940;26;624811028;6940;337;7868;7930;6.65;0.41;265.49;6.12;928;27;2720.00;62
6943;26;624811040;6943;332;7870;7930;6.54;0.40;265.51;6.12;927;27;2721.00;60
6947;26;624811051;6947;330;7873;7934;6.52;0.40;265.56;6.12;926;27;2722.00;61
6949;26;624811063;6949;330;7874;7934;6.49;0.40;265.57;6.12;925;27;2723.00;60
6954;26;624811074;6954;329;7876;7934;6.41;0.39;265.56;6.12;922;27;2724.00;58
6956;26;624811085;6956;336;7876;7934;6.39;0.39;265.63;6.12;920;27;2725.00;58
6961;26;624811096;6961;335;7877;7935;6.34;0.39;265.72;6.13;916;27;2726.00;58
6964;26;624811107;6964;330;7880;7936;6.35;0.39;265.83;6.13;916;27;2727.00;56
6967;26;624811118;6967;326;7881;7936;6.42;0.39;265.86;6.13;914;27;2728.00;55
6971;26;624811128;6971;315;7882;7937;6.48;0.40;265.96;6.13;911;27;2729.00;55
6974;26;624811142;6974;308;7882;7937;6.52;0.40;266.02;6.13;908;27;2730.00;55
6978;26;624811154;6978;306;7883;7937;6.51;0.40;266.00;6.13;905;27;2731.00;54
6982;26;624811165;6982;307;7885;7937;6.56;0.40;266.06;6.13;903;27;2732.00;52
6986;26;624811177;6986;301;7885;7937;6.63;0.40;266.12;6.13;899;27;2733.00;52
6989;26;624811189;6989;301;7885;7937;6.68;0.41;266.16;6.13;896;27;2734.00;52
6994;26;624811200;6994;303;7885;7937;6.69;0.41;266.33;6.13;891;27;2735.00;52
6998;26;624811211;6998;309;7954;8064;6.95;0.43;266.40;6.08;956;27;2736.00;110
7001;26;624811234;7001;311;7957;8065;7.02;0.43;266.52;6.08;956;27;2737.00;108
7004;26;624811247;7004;315;7967;8065;7.11;0.44;266.62;6.08;963;27;2738.00;98
7011;26;624811259;7011;315;7970;8065;7.08;0.44;266.76;6.08;959;27;2739.00;95
7014;26;624811271;7014;324;7977;8065;7.05;0.43;266.69;6.08;963;27;2740.00;88
7018;26;624811284;7018;327;7978;8065;6.95;0.43;266.75;6.08;960;27;2741.00;87
7023;26;624811295;7023;331;7980;8065;6.84;0.42;266.77;6.08;957;27;2742.00;85
7026;26;624811314;7026;328;7982;8065;6.78;0.42;266.85;6.08;956;27;2743.00;83
7032;26;624811325;7032;336;7986;8066;6.67;0.41;266.97;6.08;954;27;2744.00;80
7036;26;624811336;7036;338;7991;8068;6.59;0.41;267.07;6.08;955;27;2745.00;77
7040;26;624811348;7040;353;7994;8068;6.52;0.40;267.20;6.08;954;27;2746.00;74
7045;26;624811359;7045;352;7994;8069;6.42;0.40;267.33;6.08;949;27;2747.00;75
7046;26;624811370;7046;357;7998;8069;6.38;0.39;267.31;6.08;952;27;2748.00;71
7053;26;624811381;7053;358;8000;8069;6.33;0.39;267.49;6.08;947;27;2749.00;69
7057;26;624811393;7057;363;8002;8069;6.26;0.39;267.52;6.09;945;27;2750.00;67
7062;26;624811404;7062;360;8008;8073;6.23;0.38;267.49;6.08;946;27;2751.00;65
7066;26;624811418;7066;365;8008;8073;6.22;0.38;267.53;6.08;942;27;2752.00;65
7072;26;624811435;7072;358;8009;8073;6.15;0.38;267.54;6.09;937;27;2753.00;64
7079;26;624811447;7079;364;8012;8076;6.07;0.37;267.50;6.09;933;27;2754.00;64
7082;26;624811460;7082;368;8012;8076;6.03;0.37;267.59;6.09;930;27;2755.00;64
7084;26;624811473;7084;372;8014;8076;6.01;0.37;267.58;6.09;930;27;2756.00;62
7092;26;624811484;7092;375;8017;8080;5.96;0.37;267.65;6.09;925;27;2757.00;63
7095;26;624811496;7095;386;8018;8081;5.93;0.36;267.69;6.09;923;27;2758.00;63
7095;26;624811509;7095;390;8020;8081;5.94;0.36;267.69;6.09;925;27;2759.00;61
7098;26;624811522;7098;388;8024;8086;5.93;0.36;267.64;6.08;926;27;2760.00;62
7100;26;624811535;7100;393;8024;8086;5.87;0.36;267.57;6.08;924;27;2761.00;62
7105;26;624811546;7105;395;8024;8086;5.83;0.36;267.63;6.08;919;27;2762.00;62
7108;26;624811559;7108;398;8025;8087;5.83;0.36;267.64;6.08;917;27;2763.00;62
7110;26;624811572;7110;399;8025;8087;5.82;0.36;267.63;6.08;915;27;2764.00;62
7115;26;624811584;7115;405;8030;8093;5.80;0.35;267.68;6.08;915;27;2765.00;63
7118;26;624811598;7118;401;8030;8093;5.73;0.35;267.75;6.08;912;27;2766.00;63
7120;26;624811610;7120;390;8031;8094;5.68;0.35;267.81;6.18;911;27;2767.00;63
7121;26;624811623;7121;390;8031;8094;5.67;0.35;267.80;6.18;910;27;2768.00;63
7125;26;624811635;7125;391;8031;8094;5.61;0.34;267.77;6.18;906;27;2769.00;63
7126;26;624811647;7126;385;8031;8094;5.64;0.34;267.75;6.18;905;27;2770.00;63
7129;26;624811661;7129;390;8031;8094;5.66;0.35;267.75;6.18;902;27;2771.00;63
7133;26;624811672;7133;391;8041;8106;5.81;0.35;267.74;6.17;908;27;2772.00;65
7133;26;624811686;7133;390;8041;8106;5.88;0.36;267.74;6.17;908;27;2773.00;65
7135;26;624811698;7135;390;8042;8106;5.90;0.36;267.76;6.17;907;27;2774.00;64
7137;26;624811711;7137;395;8042;8106;5.94;0.36;267.78;6.17;905;27;2775.00;64
7138;26;624811722;7138;386;8042;8106;6.00;0.37;267.76;6.17;904;27;2776.00;64
7140;26;624811734;7140;373;8042;8106;6.04;0.37;267.73;6.17;902;27;2777.00;64
7142;26;624811746;7142;366;8045;8110;6.07;0.37;267.83;6.17;903;27;2778.00;65
7144;26;624811763;7144;355;8045;8110;6.08;0.37;267.85;6.17;901;27;2779.00;65
7147;26;624811776;7147;338;8049;8114;6.21;0.38;267.85;6.17;902;27;2780.00;65
7150;26;624811789;7150;330;8050;8115;6.24;0.38;267.83;6.16;900;27;2781.00;65
7153;26;624811802;7153;322;8050;8115;6.19;0.38;267.85;6.16;897;27;2782.00;65
7154;26;624811814;7154;314;8050;8115;6.19;0.38;267.82;6.16;896;27;2783.00;65
7156;26;624811826;7156;318;8061;8128;6.33;0.39;267.78;6.16;905;27;2784.00;67
7159;26;624811839;7159;312;8061;8128;6.33;0.39;267.79;6.16;902;27;2785.00;67
7160;26;624811851;7160;304;8061;8128;6.39;0.39;267.79;6.16;901;27;2786.00;67
7162;26;624811863;7162;298;8063;8129;6.46;0.39;267.79;6.26;901;27;2787.00;66
7164;26;624811875;7164;301;8063;8130;6.56;0.40;267.75;6.26;899;27;2788.00;67
7164;26;624811886;7164;301;8063;8130;6.66;0.41;267.75;6.26;899;27;2789.00;67
7168;26;624811900;7168;303;8067;8136;6.76;0.41;267.64;6.25;899;27;2790.00;69
7171;26;624811912;7171;300;8067;8136;6.83;0.42;267.62;6.25;896;27;2791.00;69
7174;26;624811924;7174;303;8069;8136;6.88;0.42;267.60;6.25;895;27;2792.00;67
7174;26;624811936;7174;302;8069;8136;6.95;0.43;267.60;6.25;895;27;2793.00;67
7177;26;624811948;7177;298;8074;8142;6.94;0.42;267.59;6.25;897;27;2794.00;68
7177;26;624811961;7177;296;8074;8142;6.94;0.42;267.59;6.25;897;27;2795.00;68
7178;26;624811972;7178;297;8074;8142;6.98;0.43;267.56;6.25;896;27;2796.00;68
7179;26;624811983;7179;295;8074;8142;7.03;0.43;267.58;6.25;895;27;2797.00;68
7180;26;624811995;7180;299;8077;8146;7.06;0.43;267.57;6.25;897;27;2798.00;69
7183;26;624812014;7183;294;8078;8147;7.12;0.43;267.52;6.24;895;27;2799.00;69
7184;26;624812025;7184;300;8078;8147;7.13;0.44;267.58;6.24;894;27;2800.00;69
7185;26;624812046;7185;300;8080;8148;7.12;0.43;267.55;6.34;895;27;2801.00;68
7186;26;624812056;7186;294;8080;8148;7.11;0.43;267.51;6.34;894;27;2802.00;68
7188;26;624812067;7188;279;8080;8148;7.13;0.44;267.53;6.34;892;27;2803.00;68
7190;26;624812078;7190;269;8081;8148;7.16;0.44;267.54;6.44;891;27;2804.00;67
7192;26;624812088;7192;256;8081;8148;7.22;0.44;267.53;6.44;889;27;2805.00;67
7192;26;624812099;7192;249;8081;8148;7.31;0.44;267.53;6.44;889;27;2806.00;67
7193;26;624812110;7193;240;8082;8148;7.40;0.45;267.55;6.53;889;27;2807.00;66
7193;26;624812121;7193;246;8122;8218;7.47;0.45;267.55;6.49;929;27;2808.00;96
7196;27;624812137;7196;238;8122;8219;7.58;0.46;267.52;6.49;926;28;2809.00;97
7197;27;624812166;7197;232;8129;8219;7.82;0.47;267.52;6.49;932;28;2810.00;90
7200;28;624812179;7200;233;8131;8219;7.97;0.48;267.54;6.49;931;29;2811.00;88
7200;28;624812201;7200;224;8135;8219;8.10;0.49;267.54;6.49;935;29;2812.00;84
7201;28;624812213;7201;221;8138;8219;8.23;0.50;267.56;6.49;937;29;2813.00;81
7203;28;624812240;7203;215;8141;8219;8.28;0.50;267.55;6.57;938;29;2814.00;78
7205;28;624812253;7205;220;8143;8219;8.38;0.51;267.54;6.57;938;29;2815.00;76
7208;28;624812265;7208;222;8144;8220;8.47;0.51;267.56;6.57;936;29;2816.00;76
7208;28;624812277;7208;227;8146;8221;8.62;0.52;267.56;6.57;938;29;2817.00;75
7211;28;624812289;7211;227;8149;8221;8.67;0.52;267.55;6.57;938;29;2818.00;72
7212;28;624812300;7212;222;8153;8225;8.66;0.52;267.55;6.57;941;29;2819.00;72
7212;28;624812314;7212;225;8154;8225;8.69;0.53;267.55;6.57;942;29;2820.00;71
7214;28;624812330;7214;219;8154;8225;8.70;0.53;267.55;6.57;940;29;2821.00;71
7217;28;624812342;7217;209;8154;8225;8.62;0.52;267.53;6.57;937;29;2822.00;71
7218;28;624812353;7218;203;8159;8231;8.61;0.52;267.52;6.56;941;29;2823.00;72
7220;28;624812366;7220;202;8159;8231;8.59;0.52;267.48;6.56;939;29;2824.00;72
7222;28;624812377;7222;199;8161;8231;8.61;0.52;267.49;6.58;939;29;2825.00;70
7226;28;624812390;7226;197;8163;8234;8.68;0.52;267.57;6.58;937;29;2826.00;71
7229;28;624812402;7229;197;8163;8234;8.70;0.52;267.56;6.58;934;29;2827.00;71
7231;28;624812414;7231;201;8165;8234;8.66;0.52;267.52;6.66;934;29;2828.00;69
7233;28;624812426;7233;201;8165;8235;8.63;0.52;267.49;6.66;932;29;2829.00;70
7234;28;624812438;7234;201;8166;8236;8.69;0.53;267.47;6.66;932;29;2830.00;70
7239;28;624812449;7239;208;8166;8236;8.66;0.52;267.53;6.66;927;29;2831.00;70
7244;28;624812461;7244;201;8176;8249;8.61;0.52;267.43;6.65;932;29;2832.00;73
7245;28;624812474;7245;200;8177;8249;8.61;0.52;267.45;6.65;932;29;2833.00;72
7247;28;624812485;7247;202;8177;8249;8.63;0.52;267.40;6.65;930;29;2834.00;72
7249;28;624812496;7249;201;8179;8251;8.65;0.52;267.45;6.65;930;29;2835.00;72
7251;28;624812507;7251;204;8179;8251;8.63;0.52;267.49;6.65;928;29;2836.00;72
7254;28;624812519;7254;208;8183;8255;8.70;0.53;267.54;6.65;929;29;2837.00;72
7256;28;624812530;7256;218;8183;8255;8.72;0.53;267.61;6.65;927;29;2838.00;72
7259;28;624812541;7259;220;8186;8259;8.70;0.53;267.69;6.65;927;29;2839.00;73
7264;28;624812552;7264;225;8186;8259;8.75;0.53;267.78;6.65;922;29;2840.00;73
7266;28;624812563;7266;228;8186;8259;8.78;0.53;267.79;6.65;920;29;2841.00;73
7269;28;624812574;7269;230;8186;8259;8.77;0.53;267.84;6.65;917;29;2842.00;73
7269;28;624812585;7269;228;8186;8259;8.79;0.53;267.84;6.65;917;29;2843.00;73
7273;28;624812597;7273;229;8196;8271;8.84;0.54;267.82;6.64;923;29;2844.00;75
7274;28;624812609;7274;237;8197;8271;8.86;0.54;267.88;6.64;923;29;2845.00;74
7277;28;624812620;7277;240;8197;8271;8.81;0.54;267.99;6.64;920;29;2846.00;74
7282;28;624812631;7282;242;8197;8271;8.76;0.53;268.00;6.64;915;29;2847.00;74
7284;28;624812643;7284;247;8197;8271;8.71;0.53;268.05;6.64;913;29;2848.00;74
7286;28;624812659;7286;248;8197;8271;8.65;0.53;268.02;6.64;911;29;2849.00;74
7289;28;624812680;7289;246;8201;8274;8.59;0.52;268.13;6.66;912;29;2850.00;73
7292;28;624812702;7292;247;8201;8274;8.53;0.52;268.17;6.66;909;29;2851.00;73
7293;28;624812720;7293;245;8207;8280;8.60;0.52;268.24;6.67;914;29;2852.00;73
7296;28;624812737;7296;250;8209;8281;8.60;0.52;268.23;6.68;913;29;2853.00;72
7300;28;624812753;7300;250;8209;8281;8.57;0.52;268.30;6.68;909;29;2854.00;72
7301;28;624812768;7301;255;8210;8281;8.50;0.52;268.28;6.69;909;29;2855.00;71
7307;28;624812780;7307;255;8214;8285;8.45;0.51;268.28;6.70;907;29;2856.00;71
7308;28;624812792;7308;257;8214;8285;8.44;0.51;268.36;6.70;906;29;2857.00;71
7310;28;624812805;7310;258;8216;8285;8.47;0.52;268.43;6.73;906;29;2858.00;69
7312;28;624812818;7312;267;8217;8286;8.46;0.52;268.49;6.73;905;29;2859.00;69
7315;28;624812829;7315;268;8221;8290;8.38;0.51;268.48;6.73;906;29;2860.00;69
7317;28;624812841;7317;269;8223;8290;8.32;0.51;268.55;6.75;906;29;2861.00;67
7320;28;624812852;7320;278;8225;8293;8.29;0.51;268.69;6.75;905;29;2862.00;68
7321;28;624812864;7321;278;8226;8293;8.31;0.51;268.72;6.75;905;29;2863.00;67
7325;28;624812874;7325;288;8229;8295;8.28;0.51;268.87;6.75;904;29;2864.00;66
7327;28;624812886;7327;284;8230;8295;8.21;0.50;269.00;6.76;903;29;2865.00;65
7329;28;624812896;7329;291;8236;8299;8.22;0.50;268.98;6.78;907;29;2866.00;63
7333;28;624812907;7333;296;8236;8299;8.11;0.50;269.05;6.78;903;29;2867.00;63
7337;28;624812918;7337;296;8238;8299;8.02;0.49;269.05;6.80;901;29;2868.00;61
7337;28;624812928;7337;296;8238;8299;7.99;0.49;269.05;6.80;901;29;2869.00;61
7342;28;624812939;7342;292;8240;8300;7.84;0.48;269.09;6.81;898;29;2870.00;60
7345;28;624812950;7345;295;8241;8301;7.71;0.47;269.11;6.81;896;29;2871.00;60
7350;28;624812961;7350;290;8241;8301;7.58;0.46;269.09;6.81;891;29;2872.00;60
7353;28;624812972;7353;288;8244;8302;7.40;0.45;269.19;6.82;891;29;2873.00;58
7355;28;624812983;7355;280;8244;8302;7.40;0.45;269.18;6.82;889;29;2874.00;58
7355;28;624812993;7355;281;8246;8302;7.40;0.45;269.18;6.83;891;29;2875.00;56
7357;29;624813003;7357;279;8246;8302;7.39;0.45;269.17;6.83;889;30;2876.00;56
7361;29;624813021;7361;283;8246;8302;7.45;0.45;269.28;6.83;885;30;2877.00;56
7364;29;624813032;7364;275;8248;8302;7.47;0.45;269.32;6.84;884;30;2878.00;54
7366;29;624813050;7366;281;8248;8302;7.52;0.46;269.34;6.84;882;30;2879.00;54
7370;29;624813066;7370;313;8351;8532;7.57;0.47;269.30;6.77;981;30;2880.00;181
7372;29;624813094;7372;300;8357;8533;7.61;0.47;269.33;6.77;985;30;2881.00;176
7374;29;624813106;7374;289;8368;8533;7.67;0.48;269.35;6.76;994;30;2882.00;165
7378;29;624813116;7378;287;8373;8533;7.64;0.48;269.41;6.76;995;30;2883.00;160
7381;29;624813126;7381;285;8379;8533;7.67;0.48;269.44;6.76;998;30;2884.00;154
7386;29;624813137;7386;281;8386;8533;7.57;0.47;269.57;6.76;1000;30;2885.00;147
7390;29;624813149;7390;279;8393;8533;7.45;0.46;269.56;6.76;1003;30;2886.00;140
7394;29;624813161;7394;281;8400;8533;7.35;0.46;269.57;6.76;1006;30;2887.00;133
7397;29;624813172;7397;288;8407;8534;7.22;0.45;269.62;6.76;1010;30;2888.00;127
7401;29;624813191;7401;303;8411;8535;7.08;0.44;269.65;6.77;1010;30;2889.00;124
7404;29;624813202;7404;294;8420;8535;6.99;0.43;269.69;6.77;1016;30;2890.00;115
7408;29;624813214;7408;301;8422;8536;6.91;0.43;269.68;6.77;1014;30;2891.00;114
7410;29;624813225;7410;297;8428;8536;6.76;0.42;269.71;6.77;1018;30;2892.00;108
7414;29;624813244;7414;302;8431;8536;6.64;0.41;269.80;6.78;1017;30;2893.00;105
7416;30;624813262;7416;317;8434;8536;6.56;0.41;269.81;6.78;1018;31;2894.00;102
7419;30;624813286;7419;332;8438;8540;6.46;0.40;269.88;6.78;1019;31;2895.00;102
7421;30;624813298;7421;339;8441;8540;6.36;0.40;269.91;6.78;1020;31;2896.00;99
7426;30;624813309;7426;341;8446;8540;6.25;0.39;269.84;6.79;1020;31;2897.00;94
7432;30;624813321;7432;343;8449;8543;6.19;0.38;269.89;6.79;1017;31;2898.00;94
7433;30;624813341;7433;345;8454;8543;6.21;0.38;269.95;6.79;1021;31;2899.00;89
7438;30;624813353;7438;350;8454;8543;6.20;0.38;270.02;6.79;1016;31;2900.00;89
7443;30;624813376;7443;348;8459;8547;6.20;0.38;270.10;6.80;1016;31;2901.00;88
7445;30;624813390;7445;352;8462;8548;6.24;0.38;270.12;6.80;1017;31;2902.00;86
7452;30;624813402;7452;353;8465;8548;6.20;0.38;270.13;6.81;1013;31;2903.00;83
7457;30;624813415;7457;360;8472;8552;6.19;0.38;270.11;6.81;1015;31;2904.00;80
7459;30;624813427;7459;364;8472;8552;6.20;0.38;270.12;6.81;1013;31;2905.00;80
7462;30;624813445;7462;371;8476;8552;6.21;0.38;270.18;6.82;1014;31;2906.00;76
7462;30;624813458;7462;372;8478;8553;6.24;0.39;270.18;6.82;1016;31;2907.00;75
7468;30;624813470;7468;385;8479;8553;6.20;0.38;270.20;6.82;1011;31;2908.00;74
7473;30;624813481;7473;391;8485;8559;6.18;0.38;270.19;6.82;1012;31;2909.00;74
7478;30;624813496;7478;398;8486;8559;6.08;0.38;270.22;6.83;1008;31;2910.00;73
7482;30;624813507;7482;406;8487;8560;6.04;0.37;270.35;6.83;1005;31;2911.00;73
7486;30;624813519;7486;409;8489;8560;5.94;0.37;270.40;6.92;1003;31;2912.00;71
7489;30;624813532;7489;414;8490;8560;5.86;0.36;270.38;6.92;1001;31;2913.00;70
7494;30;624813544;7494;421;8490;8560;5.74;0.35;270.40;6.92;996;31;2914.00;70
7499;30;624813555;7499;429;8491;8560;5.63;0.35;270.42;6.92;992;31;2915.00;69
7504;30;624813566;7504;443;8501;8572;5.62;0.35;270.54;6.91;997;31;2916.00;71
7509;30;624813578;7509;452;8501;8572;5.54;0.34;270.50;6.91;992;31;2917.00;71
7512;30;624813591;7512;449;8503;8572;5.50;0.34;270.55;6.91;991;31;2918.00;69
7517;30;624813603;7517;458;8503;8572;5.40;0.33;270.52;6.91;986;31;2919.00;69
7520;30;624813614;7520;458;8503;8572;5.32;0.33;270.53;6.91;983;31;2920.00;69
7520;30;624813624;7520;466;8503;8572;5.28;0.33;270.53;6.91;983;31;2921.00;69
7526;30;624813635;7526;470;8506;8576;5.27;0.33;270.49;6.91;980;31;2922.00;70
7527;30;624813647;7527;468;8506;8576;5.25;0.33;270.50;6.91;979;31;2923.00;70
7531;30;624813660;7531;467;8510;8580;5.25;0.33;270.52;6.91;979;31;2924.00;70
7532;30;624813671;7532;466;8512;8582;5.22;0.32;270.49;6.91;980;31;2925.00;70
7535;30;624813682;7535;467;8512;8582;5.15;0.32;270.47;6.91;977;31;2926.00;70
7538;30;624813693;7538;468;8512;8582;5.14;0.32;270.46;6.91;974;31;2927.00;70
7539;30;624813705;7539;463;8524;8595;5.25;0.32;270.47;6.99;985;31;2928.00;71
7544;30;624813716;7544;469;8524;8595;5.20;0.32;270.42;6.99;980;31;2929.00;71
7547;30;624813726;7547;474;8524;8595;5.20;0.32;270.40;6.99;977;31;2930.00;71
7551;30;624813736;7551;478;8525;8596;5.20;0.32;270.29;6.99;974;31;2931.00;71
7556;30;624813747;7556;476;8525;8597;5.19;0.32;270.18;6.99;969;31;2932.00;72
7558;30;624813758;7558;487;8525;8597;5.22;0.32;270.17;6.99;967;31;2933.00;72
7559;30;624813769;7559;490;8527;8600;5.27;0.32;270.15;6.98;968;31;2934.00;73
7560;30;624813781;7560;486;8527;8600;5.33;0.33;270.16;6.98;967;31;2935.00;73
7561;30;624813793;7561;487;8528;8600;5.36;0.33;270.18;6.98;967;31;2936.00;72
7565;30;624813805;7565;473;8529;8600;5.35;0.33;270.11;7.07;964;31;2937.00;71
7570;30;624813816;7570;476;8534;8606;5.33;0.33;269.98;7.07;964;31;2938.00;72
7573;30;624813828;7573;473;8534;8606;5.30;0.32;270.04;7.07;961;31;2939.00;72
7574;30;624813843;7574;469;8535;8606;5.31;0.33;270.01;7.16;961;31;2940.00;71
7578;30;624813853;7578;473;8535;8606;5.28;0.32;269.97;7.16;957;31;2941.00;71
7580;30;624813864;7580;475;8538;8610;5.34;0.33;269.93;7.16;958;31;2942.00;72
7581;30;624813875;7581;469;8540;8611;5.42;0.33;269.95;7.25;959;31;2943.00;71
7582;30;624813885;7582;472;8540;8611;5.47;0.33;269.92;7.25;958;31;2944.00;71
7584;30;624813897;7584;468;8541;8612;5.52;0.34;269.94;7.25;957;31;2945.00;71
7586;30;624813908;7586;452;8541;8612;5.60;0.34;269.93;7.25;955;31;2946.00;71
7590;30;624813919;7590;440;8541;8612;5.63;0.34;269.84;7.25;951;31;2947.00;71
7590;30;624813930;7590;425;8541;8612;5.75;0.35;269.84;7.25;951;31;2948.00;71
7592;30;624813941;7592;421;8542;8612;5.81;0.35;269.78;7.34;950;31;2949.00;70
7593;30;624813952;7593;410;8542;8612;5.86;0.36;269.77;7.34;949;31;2950.00;70
7594;30;624813962;7594;401;8542;8612;5.95;0.36;269.75;7.34;948;31;2951.00;70
7595;30;624813975;7595;410;8576;8682;6.16;0.37;269.78;7.31;981;31;2952.00;106
7595;30;624813991;7595;398;8576;8683;6.20;0.38;269.78;7.31;981;31;2953.00;107
7595;30;624814002;7595;392;8582;8683;6.35;0.39;269.78;7.31;987;31;2954.00;101
7597;30;624814013;7597;377;8583;8683;6.42;0.39;269.74;7.31;986;31;2955.00;100
7597;30;624814025;7597;369;8587;8683;6.56;0.40;269.74;7.30;990;31;2956.00;96
7597;30;624814037;7597;359;8590;8683;6.74;0.41;269.74;7.30;993;31;2957.00;93
7598;30;624814048;7598;353;8592;8683;6.87;0.42;269.72;7.30;994;31;2958.00;91
7600;30;624814060;7600;339;8594;8683;7.00;0.42;269.80;7.30;994;31;2959.00;89
7601;30;624814073;7601;331;8595;8684;7.15;0.43;269.82;7.30;994;31;2960.00;89
7602;30;624814085;7602;329;8598;8685;7.29;0.44;269.83;7.30;996;31;2961.00;87
7602;30;624814109;7602;326;8600;8685;7.36;0.45;269.83;7.30;998;31;2962.00;85
7605;30;624814121;7605;321;8605;8689;7.45;0.45;269.88;7.30;1000;31;2963.00;84
7605;30;624814134;7605;320;8607;8689;7.47;0.45;269.88;7.39;1002;31;2964.00;82
7608;30;624814146;7608;327;8607;8689;7.51;0.46;269.88;7.39;999;31;2965.00;82
7608;30;624814159;7608;316;8607;8689;7.52;0.46;269.88;7.39;999;31;2966.00;82
7610;30;624814171;7610;308;8611;8695;7.61;0.46;269.87;7.39;1001;31;2967.00;84
7612;30;624814184;7612;301;8611;8695;7.69;0.47;269.82;7.39;999;31;2968.00;84
7614;30;624814198;7614;289;8611;8695;7.73;0.47;269.81;7.39;997;31;2969.00;84
7615;30;624814217;7615;288;8615;8701;7.82;0.47;269.83;7.39;1000;31;2970.00;86
7615;30;624814230;7615;281;8615;8701;7.88;0.48;269.83;7.39;1000;31;2971.00;86
7615;30;624814242;7615;281;8618;8701;7.96;0.48;269.83;7.48;1003;31;2972.00;83
7615;30;624814256;7615;279;8618;8702;8.05;0.49;269.83;7.48;1003;31;2973.00;84
7617;30;624814268;7617;273;8619;8703;8.16;0.49;269.80;7.48;1002;31;2974.00;84
7620;30;624814281;7620;270;8619;8703;8.20;0.50;269.85;7.48;999;31;2975.00;84
7623;30;624814293;7623;265;8627;8716;8.29;0.50;269.86;7.47;1004;31;2976.00;89
7624;30;624814305;7624;263;8627;8716;8.32;0.50;269.88;7.47;1003;31;2977.00;89
7626;30;624814318;7626;266;8628;8716;8.40;0.51;269.85;7.47;1002;31;2978.00;88
7628;30;624814330;7628;272;8629;8717;8.48;0.51;269.91;7.47;1001;31;2979.00;88
7631;30;624814343;7631;277;8629;8717;8.52;0.52;269.94;7.47;998;31;2980.00;88
7632;30;624814356;7632;276;8632;8721;8.58;0.52;269.95;7.47;1000;31;2981.00;89
7637;30;624814369;7637;276;8632;8721;8.64;0.52;270.03;7.47;995;31;2982.00;89
7641;30;624814381;7641;268;8635;8725;8.66;0.52;270.10;7.47;994;31;2983.00;90
7643;30;624814394;7643;271;8635;8725;8.70;0.53;270.07;7.47;992;31;2984.00;90
7647;30;624814407;7647;270;8635;8725;8.70;0.53;270.09;7.47;988;31;2985.00;90
7651;30;624814419;7651;270;8635;8725;8.70;0.53;270.14;7.47;984;31;2986.00;90
7655;30;624814431;7655;270;8635;8725;8.64;0.52;270.19;7.47;980;31;2987.00;90
7659;30;624814444;7659;267;8645;8737;8.62;0.52;270.26;7.46;986;31;2988.00;92
7664;30;624814457;7664;265;8646;8737;8.61;0.52;270.32;7.46;982;31;2989.00;91
7666;30;624814470;7666;255;8647;8737;8.62;0.52;270.37;7.46;981;31;2990.00;90
7668;30;624814482;7668;252;8647;8737;8.63;0.52;270.36;7.46;979;31;2991.00;90
7675;30;624814494;7675;250;8647;8737;8.60;0.52;270.47;7.46;972;31;2992.00;90
7678;30;624814507;7678;250;8647;8737;8.59;0.52;270.49;7.46;969;31;2993.00;90
7679;30;624814519;7679;248;8649;8738;8.51;0.52;270.55;7.47;970;31;2994.00;89
7682;30;624814531;7682;241;8651;8738;8.49;0.51;270.51;7.49;969;31;2995.00;87
7684;31;624814545;7684;240;8655;8744;8.53;0.52;270.54;7.49;971;32;2996.00;89
7684;31;624814570;7684;241;8656;8745;8.58;0.52;270.54;7.49;972;32;2997.00;89
7692;31;624814587;7692;235;8656;8745;8.50;0.52;270.57;7.49;964;32;2998.00;89
7694;31;624814600;7694;230;8656;8745;8.48;0.52;270.55;7.49;962;32;2999.00;89
7697;31;624814614;7697;231;8661;8765;8.47;0.51;270.69;7.48;964;32;3000.00;104
7701;31;624814632;7701;218;8661;8765;8.47;0.51;270.69;7.48;960;32;3001.00;104
7705;31;624814645;7705;218;8661;8765;8.46;0.51;270.69;7.48;956;32;3002.00;104
7708;31;624814662;7708;220;8663;8766;8.49;0.52;270.78;7.49;955;32;3003.00;103
7709;31;624814682;7709;216;8667;8770;8.50;0.52;270.75;7.59;958;32;3004.00;103
7712;31;624814699;7712;221;8668;8770;8.46;0.51;270.81;7.59;956;32;3005.00;102
7716;31;624814725;7716;217;8671;8773;8.44;0.51;270.80;7.59;955;32;3006.00;102
7720;31;624814744;7720;218;8673;8773;8.46;0.51;270.74;7.59;953;32;3007.00;100
7722;31;624814763;7722;219;8674;8773;8.46;0.51;270.80;7.60;952;32;3008.00;99
7725;31;624814781;7725;218;8676;8773;8.49;0.51;270.83;7.61;951;32;3009.00;97
7726;31;624814795;7726;222;8681;8777;8.52;0.52;270.82;7.62;955;32;3010.00;96
7729;31;624814808;7729;227;8683;8777;8.54;0.52;270.81;7.62;954;32;3011.00;94
7730;31;624814822;7730;228;8684;8777;8.54;0.52;270.86;7.62;954;32;3012.00;93
7731;31;624814835;7731;221;8688;8777;8.58;0.52;270.89;7.62;957;32;3013.00;89
7735;31;624814848;7735;221;8688;8778;8.61;0.52;270.91;7.62;953;32;3014.00;90
7738;31;624814862;7738;220;8691;8780;8.59;0.52;270.92;7.62;953;32;3015.00;89
7738;31;624814875;7738;225;8691;8780;8.63;0.52;270.92;7.62;953;32;3016.00;89
7743;31;624814888;7743;225;8693;8781;8.63;0.52;270.97;7.62;950;32;3017.00;88
7744;31;624814901;7744;228;8693;8781;8.61;0.52;270.96;7.62;949;32;3018.00;88
7750;31;624814915;7750;235;8694;8781;8.54;0.52;271.02;7.62;944;32;3019.00;87
7751;31;624814928;7751;240;8695;8781;8.54;0.52;271.09;7.64;944;32;3020.00;86
7752;31;624814940;7752;247;8695;8781;8.52;0.52;271.13;7.64;943;32;3021.00;86
7755;31;624814953;7755;245;8698;8781;8.42;0.51;271.21;7.66;943;32;3022.00;83
7756;31;624814965;7756;247;8698;8781;8.39;0.51;271.29;7.66;942;32;3023.00;83
7757;31;624814979;7757;268;8767;8908;8.30;0.51;271.36;7.62;1010;32;3024.00;141
7761;31;624815002;7761;262;8773;8909;8.25;0.51;271.44;7.63;1012;32;3025.00;136
7765;31;624815016;7765;260;8778;8909;8.24;0.51;271.50;7.63;1013;32;3026.00;131
7767;31;624815028;7767;265;8782;8909;8.19;0.50;271.55;7.65;1015;32;3027.00;127
7772;31;624815042;7772;267;8789;8909;8.15;0.50;271.65;7.65;1017;32;3028.00;120
7773;31;624815054;7773;265;8789;8909;8.14;0.50;271.70;7.65;1016;32;3029.00;120
7775;31;624815069;7775;271;8794;8909;8.18;0.50;271.69;7.66;1019;32;3030.00;115
7777;31;624815082;7777;276;8796;8909;8.11;0.50;271.73;7.67;1019;32;3031.00;113
7781;32;624815102;7781;283;8799;8910;8.06;0.49;271.82;7.67;1018;33;3032.00;111
7784;32;624815135;7784;289;8804;8911;8.08;0.50;271.89;7.69;1020;33;3033.00;107
7786;32;624815149;7786;298;8810;8911;7.96;0.49;271.90;7.71;1024;33;3034.00;101
7788;32;624815162;7788;300;8813;8912;7.79;0.48;271.99;7.71;1025;33;3035.00;99
7792;32;624815174;7792;307;8819;8912;7.60;0.47;272.11;7.72;1027;33;3036.00;93
7796;32;624815187;7796;313;8825;8912;7.47;0.46;272.10;7.73;1029;33;3037.00;87
7799;32;624815201;7799;314;8826;8912;7.41;0.45;272.16;7.73;1027;33;3038.00;86
7801;32;624815214;7801;317;8833;8916;7.34;0.45;272.24;7.74;1032;33;3039.00;83
7804;32;624815228;7804;317;8834;8916;7.26;0.45;272.26;7.74;1030;33;3040.00;82
7807;32;624815247;7807;320;8837;8916;7.19;0.44;272.42;7.76;1030;33;3041.00;79
7808;32;624815260;7808;321;8841;8919;7.15;0.44;272.41;7.76;1033;33;3042.00;78
7811;32;624815280;7811;329;8842;8919;7.14;0.44;272.51;7.77;1031;33;3043.00;77
7815;32;624815292;7815;328;8845;8919;7.08;0.43;272.57;7.78;1030;33;3044.00;74
7815;32;624815305;7815;331;8848;8923;7.04;0.43;272.57;7.77;1033;33;3045.00;75
7819;32;624815318;7819;335;8849;8924;7.02;0.43;272.55;7.77;1030;33;3046.00;75
7821;32;624815331;7821;335;8851;8924;6.95;0.43;272.55;7.77;1030;33;3047.00;73
7824;32;624815351;7824;338;8856;8928;6.91;0.42;272.58;7.78;1032;33;3048.00;72
7826;32;624815370;7826;341;8857;8928;6.87;0.42;272.61;7.78;1031;33;3049.00;71
7826;32;624815382;7826;338;8860;8928;6.86;0.42;272.61;7.79;1034;33;3050.00;68
7834;32;624815394;7834;342;8862;8929;6.79;0.42;272.65;7.79;1028;33;3051.00;67
7837;32;624815407;7837;342;8862;8929;6.74;0.41;272.68;7.79;1025;33;3052.00;67
7840;32;624815425;7840;348;8870;8935;6.71;0.41;272.70;7.79;1030;33;3053.00;65
7844;32;624815438;7844;348;8870;8935;6.66;0.41;272.71;7.79;1026;33;3054.00;65
7848;32;624815449;7848;350;8870;8936;6.56;0.40;272.80;7.79;1022;33;3055.00;66
7850;32;624815461;7850;348;8870;8936;6.51;0.40;272.84;7.79;1020;33;3056.00;66
7854;32;624815474;7854;356;8871;8936;6.38;0.39;272.92;7.79;1017;33;3057.00;65
7858;32;624815485;7858;359;8871;8936;6.23;0.38;272.98;7.79;1013;33;3058.00;65
7860;32;624815497;7860;369;8872;8936;6.15;0.38;273.00;7.79;1012;33;3059.00;64
7865;32;624815510;7865;369;8901;8972;6.13;0.38;273.09;7.78;1036;33;3060.00;71
7867;32;624815524;7867;368;8902;8972;6.04;0.37;273.07;7.78;1035;33;3061.00;70
7872;32;624815535;7872;368;8905;8972;5.95;0.37;273.11;7.78;1033;33;3062.00;67
7875;32;624815546;7875;369;8905;8972;5.85;0.36;273.16;7.78;1030;33;3063.00;67
7877;32;624815561;7877;379;8907;8972;5.76;0.35;273.17;7.78;1030;33;3064.00;65
7880;32;624815572;7880;384;8907;8972;5.72;0.35;273.23;7.78;1027;33;3065.00;65
7882;32;624815587;7882;386;8912;8976;5.65;0.35;273.22;7.78;1030;33;3066.00;64
7885;32;624815601;7885;392;8912;8976;5.61;0.34;273.20;7.78;1027;33;3067.00;64
7887;32;624815614;7887;393;8916;8980;5.63;0.35;273.26;7.77;1029;33;3068.00;64
7889;32;624815631;7889;395;8917;8981;5.56;0.34;273.26;7.77;1028;33;3069.00;64
7891;32;624815645;7891;398;8917;8981;5.49;0.34;273.30;7.77;1026;33;3070.00;64
7893;32;624815658;7893;396;8917;8981;5.48;0.34;273.32;7.77;1024;33;3071.00;64
7894;32;624815670;7894;401;8928;8994;5.56;0.34;273.33;7.76;1034;33;3072.00;66
7896;32;624815682;7896;394;8928;8994;5.58;0.34;273.37;7.76;1032;33;3073.00;66
7900;32;624815694;7900;398;8928;8994;5.61;0.34;273.36;7.76;1028;33;3074.00;66
7904;32;624815706;7904;399;8929;8995;5.60;0.34;273.28;7.76;1025;33;3075.00;66
7909;32;624815717;7909;398;8929;8996;5.54;0.34;273.28;7.76;1020;33;3076.00;67
7911;32;624815728;7911;402;8929;8996;5.54;0.34;273.24;7.76;1018;33;3077.00;67
7915;32;624815738;7915;408;8931;8999;5.52;0.34;273.24;7.76;1016;33;3078.00;68
7918;32;624815749;7918;407;8932;8999;5.49;0.34;273.26;7.76;1014;33;3079.00;67
7921;32;624815760;7921;407;8932;8999;5.42;0.33;273.19;7.76;1011;33;3080.00;67
7925;32;624815771;7925;414;8932;8999;5.31;0.33;273.21;7.76;1007;33;3081.00;67
7927;32;624815782;7927;418;8937;9005;5.28;0.32;273.24;7.76;1010;33;3082.00;68
7929;32;624815793;7929;421;8937;9005;5.23;0.32;273.29;7.76;1008;33;3083.00;68
7934;32;624815804;7934;427;8937;9005;5.17;0.32;273.28;7.76;1003;33;3084.00;68
7939;32;624815815;7939;431;8937;9005;5.09;0.31;273.20;7.76;998;33;3085.00;68
7941;32;624815824;7941;429;8940;9009;5.11;0.31;273.20;7.75;999;33;3086.00;69
7945;32;624815835;7945;437;8941;9010;5.03;0.31;273.27;7.75;996;33;3087.00;69
7950;32;624815846;7950;445;8941;9010;4.95;0.30;273.24;7.75;991;33;3088.00;69
7954;32;624815857;7954;450;8942;9011;4.95;0.30;273.21;7.75;988;33;3089.00;69
7959;32;624815869;7959;448;8942;9011;4.90;0.30;273.17;7.75;983;33;3090.00;69
7961;32;624815879;7961;456;8942;9011;4.85;0.30;273.16;7.75;981;33;3091.00;69
7966;32;624815889;7966;455;8942;9011;4.81;0.30;273.12;7.75;976;33;3092.00;69
7967;32;624815899;7967;456;8942;9011;4.82;0.30;273.10;7.75;975;33;3093.00;69
7972;32;624815909;7972;456;8942;9011;4.79;0.30;273.02;7.75;970;33;3094.00;69
7977;32;624815919;7977;463;8942;9011;4.74;0.29;273.00;7.75;965;33;3095.00;69
7981;32;624815929;7981;478;8982;9081;4.99;0.31;272.96;7.72;1001;33;3096.00;99
7983;32;624815945;7983;476;8983;9082;5.00;0.31;272.97;7.72;1000;33;3097.00;99
7987;32;624815955;7987;481;8990;9082;5.08;0.31;272.97;7.71;1003;33;3098.00;92
7988;32;624815965;7988;478;8993;9082;5.09;0.31;272.98;7.71;1005;33;3099.00;89
7991;32;624815976;7991;481;8996;9082;5.11;0.32;273.00;7.71;1005;33;3100.00;86
7995;32;624815991;7995;486;8997;9082;5.07;0.31;272.99;7.71;1002;33;3101.00;85
7996;32;624816001;7996;482;8999;9082;5.05;0.31;273.00;7.71;1003;33;3102.00;83
8001;32;624816011;8001;484;9002;9082;5.00;0.31;272.99;7.71;1001;33;3103.00;80
8003;32;624816021;8003;488;9005;9083;4.97;0.30;272.98;7.71;1002;33;3104.00;78
8004;32;624816032;8004;495;9009;9085;4.97;0.30;272.98;7.71;1005;33;3105.00;76
8009;32;624816042;8009;496;9009;9085;4.86;0.30;273.00;7.71;1000;33;3106.00;76
8011;32;624816052;8011;481;9013;9089;4.84;0.30;273.04;7.71;1002;33;3107.00;76
8012;32;624816064;8012;463;9014;9089;4.86;0.30;273.01;7.70;1002;33;3108.00;75
8016;32;624816075;8016;459;9014;9089;4.86;0.30;272.99;7.70;998;33;3109.00;75
8020;32;624816086;8020;447;9014;9089;4.90;0.30;272.98;7.70;994;33;3110.00;75
8021;32;624816097;8021;440;9019;9095;5.03;0.31;272.96;7.70;998;33;3111.00;76
8022;32;624816109;8022;441;9019;9095;5.16;0.32;272.97;7.70;997;33;3112.00;76
8023;33;624816120;8023;434;9019;9095;5.27;0.32;272.99;7.70;996;34;3113.00;76
8027;33;624816142;8027;427;9021;9098;5.37;0.33;273.02;7.70;994;34;3114.00;77
8027;33;624816154;8027;422;9021;9098;5.46;0.33;273.02;7.70;994;34;3115.00;77
8031;33;624816166;8031;405;9022;9098;5.58;0.34;273.00;7.70;991;34;3116.00;76
8032;33;624816178;8032;387;9022;9099;5.70;0.35;273.03;7.70;990;34;3117.00;77
8032;33;624816194;8032;385;9023;9100;5.83;0.36;273.03;7.70;991;34;3118.00;77
8034;33;624816206;8034;364;9023;9100;5.98;0.37;273.00;7.70;989;34;3119.00;77
8038;33;624816219;8038;358;9043;9126;6.27;0.38;272.93;7.68;1005;34;3120.00;83
8040;33;624816233;8040;341;9043;9126;6.45;0.39;272.90;7.68;1003;34;3121.00;83
8042;33;624816251;8042;331;9045;9126;6.65;0.40;272.84;7.68;1003;34;3122.00;81
8044;33;624816263;8044;326;9046;9127;6.81;0.41;272.83;7.68;1002;34;3123.00;81
8046;33;624816276;8046;320;9047;9127;6.90;0.42;272.81;7.78;1001;34;3124.00;80
8046;33;624816288;8046;316;9051;9131;7.01;0.43;272.81;7.78;1005;34;3125.00;80
8046;33;624816301;8046;304;9051;9131;7.09;0.43;272.81;7.78;1005;34;3126.00;80
8046;33;624816313;8046;306;9054;9135;7.13;0.43;272.81;7.78;1008;34;3127.00;81
8050;33;624816326;8050;292;9054;9135;7.17;0.44;272.82;7.78;1004;34;3128.00;81
8052;33;624816338;8052;288;9054;9135;7.25;0.44;272.85;7.78;1002;34;3129.00;81
8054;33;624816351;8054;282;9054;9135;7.31;0.44;272.88;7.78;1000;34;3130.00;81
8062;33;624816364;8062;275;9055;9135;7.32;0.44;272.90;7.89;993;34;3131.00;80
8063;33;624816376;8063;278;9064;9147;7.43;0.45;272.87;7.88;1001;34;3132.00;83
8065;33;624816390;8065;274;9064;9147;7.46;0.45;272.90;7.88;999;34;3133.00;83
8067;33;624816402;8067;272;9066;9147;7.59;0.46;272.98;7.88;999;34;3134.00;81
8070;33;624816415;8070;267;9066;9147;7.68;0.47;273.00;7.88;996;34;3135.00;81
8072;33;624816428;8072;263;9066;9147;7.77;0.47;273.06;7.88;994;34;3136.00;81
8075;33;624816441;8075;253;9066;9147;7.80;0.47;273.15;7.88;991;34;3137.00;81
8078;33;624816454;8078;252;9066;9148;7.90;0.48;273.13;7.88;988;34;3138.00;82
8080;33;624816468;8080;250;9066;9148;7.96;0.48;273.23;7.88;986;34;3139.00;82
8082;33;624816480;8082;248;9071;9154;8.01;0.48;273.24;7.87;989;34;3140.00;83
8083;33;624816493;8083;248;9072;9155;8.04;0.49;273.28;7.87;989;34;3141.00;83
8086;33;624816506;8086;250;9072;9155;8.11;0.49;273.36;7.87;986;34;3142.00;83
8088;33;624816519;8088;248;9072;9155;8.17;0.49;273.40;7.87;984;34;3143.00;83
8088;33;624816531;8088;247;9075;9159;8.26;0.50;273.40;7.87;987;34;3144.00;84
8090;33;624816544;8090;249;9075;9159;8.28;0.50;273.44;7.87;985;34;3145.00;84
8092;33;624816557;8092;245;9075;9159;8.28;0.50;273.42;7.87;983;34;3146.00;84
8096;33;624816570;8096;242;9076;9160;8.25;0.50;273.49;7.87;980;34;3147.00;84
8096;33;624816583;8096;251;9079;9164;8.21;0.50;273.49;7.87;983;34;3148.00;85
8098;33;624816596;8098;247;9079;9164;8.20;0.49;273.53;7.87;981;34;3149.00;85
8099;33;624816611;8099;250;9083;9170;8.26;0.50;273.52;7.86;984;34;3150.00;87
8101;33;624816625;8101;251;9083;9170;8.32;0.50;273.55;7.86;982;34;3151.00;87
8103;33;624816637;8103;249;9085;9170;8.40;0.51;273.62;7.86;982;34;3152.00;85
8107;33;624816650;8107;245;9085;9170;8.43;0.51;273.70;7.86;978;34;3153.00;85
8110;33;624816669;8110;240;9089;9174;8.49;0.51;273.68;7.86;979;34;3154.00;85
8112;33;624816691;8112;238;9089;9174;8.57;0.52;273.73;7.86;977;34;3155.00;85
8115;33;624816713;8115;233;9089;9174;8.65;0.53;273.85;7.86;974;34;3156.00;85
8117;33;624816733;8117;232;9089;9174;8.73;0.53;273.85;7.86;972;34;3157.00;85
8120;33;624816753;8120;226;9089;9175;8.72;0.53;273.87;7.86;969;34;3158.00;86
8124;33;624816771;8124;222;9090;9176;8.71;0.53;273.95;7.86;966;34;3159.00;86
8128;33;624816786;8128;214;9090;9176;8.71;0.53;274.04;7.86;962;34;3160.00;86
8131;33;624816800;8131;206;9092;9177;8.72;0.53;274.11;7.97;961;34;3161.00;85
8135;33;624816814;8135;201;9092;9177;8.72;0.53;274.23;7.97;957;34;3162.00;85
8138;33;624816827;8138;198;9092;9177;8.76;0.53;274.24;7.97;954;34;3163.00;85
8140;33;624816841;8140;200;9093;9177;8.80;0.53;274.30;7.98;953;34;3164.00;84
8142;33;624816855;8142;201;9093;9177;8.85;0.54;274.28;7.98;951;34;3165.00;84
8145;33;624816870;8145;202;9094;9177;8.88;0.54;274.33;7.99;949;34;3166.00;83
8150;33;624816883;8150;208;9094;9177;8.86;0.54;274.44;7.99;944;34;3167.00;83
8153;33;624816896;8153;227;9162;9304;8.79;0.54;274.48;7.93;1009;34;3168.00;142
8157;33;624816920;8157;217;9164;9305;8.76;0.54;274.44;7.93;1007;34;3169.00;141
8161;33;624816934;8161;212;9171;9305;8.75;0.54;274.50;7.92;1010;34;3170.00;134
8166;33;624816948;8166;220;9173;9305;8.76;0.54;274.47;7.92;1007;34;3171.00;132
8168;33;624816961;8168;220;9178;9305;8.77;0.54;274.47;7.92;1010;34;3172.00;127
8170;33;624816976;8170;225;9179;9305;8.74;0.54;274.51;7.92;1009;34;3173.00;126
8174;33;624816998;8174;220;9182;9305;8.76;0.54;274.52;7.92;1008;34;3174.00;123
8175;33;624817017;8175;226;9184;9305;8.73;0.54;274.52;7.92;1009;34;3175.00;121
8176;33;624817036;8176;227;9187;9306;8.74;0.54;274.52;7.92;1011;34;3176.00;119
8180;33;624817049;8180;237;9194;9307;8.69;0.53;274.52;7.92;1014;34;3177.00;113
8186;33;624817063;8186;238;9197;9307;8.68;0.53;274.61;7.92;1011;34;3178.00;110
8192;33;624817076;8192;240;9200;9308;8.59;0.52;274.72;7.92;1008;34;3179.00;108
8196;33;624817092;8196;241;9201;9308;8.56;0.52;274.74;7.92;1005;34;3180.00;107
8196;33;624817104;8196;239;9206;9308;8.48;0.52;274.74;7.92;1010;34;3181.00;102
8199;33;624817117;8199;234;9207;9308;8.42;0.51;274.74;7.92;1008;34;3182.00;101
8202;33;624817131;8202;238;9213;9312;8.42;0.51;274.79;7.94;1011;34;3183.00;99
8203;33;624817146;8203;239;9215;9312;8.36;0.51;274.82;7.94;1012;34;3184.00;97
8207;33;624817159;8207;238;9215;9312;8.32;0.51;274.89;7.94;1008;34;3185.00;97
8211;33;624817173;8211;239;9219;9315;8.29;0.51;275.00;7.95;1008;34;3186.00;96
8213;33;624817187;8213;248;9220;9315;8.29;0.51;275.06;7.95;1007;34;3187.00;95
8215;33;624817207;8215;250;9221;9315;8.29;0.51;275.13;7.96;1006;34;3188.00;94
8219;33;624817220;8219;254;9226;9319;8.25;0.51;275.24;7.96;1007;34;3189.00;93
8220;33;624817234;8220;258;9228;9320;8.25;0.51;275.22;7.96;1008;34;3190.00;92
8224;33;624817247;8224;264;9231;9322;8.24;0.50;275.27;7.97;1007;34;3191.00;91
8229;33;624817267;8229;267;9235;9326;8.21;0.50;275.28;7.97;1006;34;3192.00;91
8232;33;624817281;8232;270;9236;9326;8.16;0.50;275.38;7.98;1004;34;3193.00;90
8233;33;624817295;8233;283;9237;9326;8.12;0.50;275.40;7.99;1004;34;3194.00;89
8237;34;624817308;8237;286;9240;9328;8.10;0.49;275.48;7.99;1003;35;3195.00;88
8239;34;624817333;8239;292;9241;9328;8.05;0.49;275.44;8.00;1002;35;3196.00;87
8244;34;624817346;8244;304;9246;9334;7.98;0.49;275.51;8.00;1002;35;3197.00;88
8248;34;624817360;8248;306;9247;9334;7.81;0.48;275.61;8.00;999;35;3198.00;87
8251;34;624817379;8251;309;9248;9335;7.70;0.47;275.60;8.01;997;35;3199.00;87
8252;34;624817393;8252;311;9249;9335;7.57;0.46;275.61;8.01;997;35;3200.00;86
8254;34;624817409;8254;314;9249;9335;7.47;0.46;275.57;8.01;995;35;3201.00;86
8257;34;624817421;8257;316;9250;9335;7.35;0.45;275.63;8.02;993;35;3202.00;85
8260;34;624817434;8260;318;9250;9335;7.28;0.44;275.67;8.02;990;35;3203.00;85
8262;34;624817446;8262;328;9261;9347;7.27;0.44;275.64;8.03;999;35;3204.00;86
8266;34;624817458;8266;331;9262;9347;7.19;0.44;275.66;8.04;996;35;3205.00;85
8268;34;624817471;8268;337;9263;9347;7.12;0.43;275.69;8.04;995;35;3206.00;84
8271;34;624817483;8271;344;9263;9347;6.98;0.43;275.68;8.04;992;35;3207.00;84
8274;34;624817495;8274;346;9268;9347;6.86;0.42;275.71;8.08;994;35;3208.00;79
8275;34;624817506;8275;344;9268;9347;6.79;0.41;275.77;8.08;993;35;3209.00;79
8279;34;624817520;8279;345;9272;9351;6.72;0.41;275.77;8.09;993;35;3210.00;79
8281;34;624817533;8281;344;9272;9351;6.74;0.41;275.87;8.09;991;35;3211.00;79
8282;34;624817544;8282;351;9279;9355;6.74;0.41;275.96;8.11;997;35;3212.00;76
8288;34;624817556;8288;356;9280;9356;6.65;0.41;275.96;8.11;992;35;3213.00;76
8289;34;624817569;8289;353;9280;9356;6.59;0.40;275.97;8.11;991;35;3214.00;76
8292;34;624817582;8292;355;9281;9356;6.47;0.40;275.95;8.11;989;35;3215.00;75
8295;34;624817593;8295;366;9292;9369;6.40;0.39;276.02;8.10;997;35;3216.00;77
8296;34;624817607;8296;364;9295;9369;6.35;0.39;276.01;8.12;999;35;3217.00;74
8300;34;624817618;8300;372;9295;9369;6.26;0.38;276.11;8.12;995;35;3218.00;74
8302;34;624817630;8302;376;9296;9370;6.23;0.38;276.08;8.12;994;35;3219.00;74
8306;34;624817641;8306;379;9296;9371;6.12;0.37;276.12;8.12;990;35;3220.00;75
8309;34;624817655;8309;380;9297;9371;6.00;0.37;276.17;8.12;988;35;3221.00;74
8310;34;624817671;8310;383;9303;9374;5.95;0.36;276.16;8.14;993;35;3222.00;71
8315;34;624817683;8315;388;9304;9374;5.81;0.35;276.17;8.14;989;35;3223.00;70
8320;34;624817694;8320;392;9304;9374;5.69;0.35;276.21;8.14;984;35;3224.00;70
8323;34;624817704;8323;385;9307;9374;5.64;0.35;276.19;8.15;984;35;3225.00;67
8329;34;624817715;8329;398;9312;9380;5.51;0.34;276.18;8.14;983;35;3226.00;68
8335;34;624817726;8335;405;9314;9380;5.34;0.33;276.16;8.14;979;35;3227.00;66
8337;34;624817736;8337;412;9314;9380;5.20;0.32;276.19;8.14;977;35;3228.00;66
8339;34;624817745;8339;417;9314;9380;5.07;0.31;276.17;8.14;975;35;3229.00;66
8341;34;624817754;8341;414;9318;9384;4.98;0.31;276.17;8.14;977;35;3230.00;66
8345;34;624817764;8345;417;9319;9385;4.89;0.30;276.18;8.14;974;35;3231.00;66
8349;34;624817773;8349;417;9322;9385;4.81;0.30;276.32;8.14;973;35;3232.00;63
8353;34;624817783;8353;423;9323;9386;4.81;0.30;276.40;8.14;970;35;3233.00;63
8354;34;624817792;8354;431;9323;9386;4.82;0.30;276.38;8.14;969;35;3234.00;63
8358;34;624817801;8358;437;9324;9386;4.80;0.30;276.38;8.14;966;35;3235.00;62
8363;34;624817810;8363;444;9324;9386;4.78;0.29;276.37;8.14;961;35;3236.00;62
8368;34;624817820;8368;445;9324;9386;4.74;0.29;276.34;8.14;956;35;3237.00;62
8370;34;624817829;8370;444;9324;9386;4.71;0.29;276.33;8.14;954;35;3238.00;62
8373;34;624817838;8373;447;9324;9386;4.69;0.29;276.34;8.14;951;35;3239.00;62
8378;34;624817849;8378;455;9379;9511;5.03;0.31;276.33;8.10;1001;35;3240.00;132
8379;34;624817868;8379;465;9384;9512;5.08;0.32;276.34;8.09;1005;35;3241.00;128
8381;34;624817879;8381;466;9397;9512;5.18;0.32;276.38;8.08;1016;35;3242.00;115
8385;34;624817890;8385;464;9399;9512;5.16;0.32;276.39;8.08;1014;35;3243.00;113
8388;34;624817900;8388;468;9404;9512;5.17;0.32;276.36;8.08;1016;35;3244.00;108
8392;34;624817912;8392;480;9406;9512;5.13;0.32;276.41;8.08;1014;35;3245.00;106
8395;34;624817922;8395;475;9413;9512;5.10;0.32;276.38;8.08;1018;35;3246.00;99
8398;34;624817932;8398;481;9415;9512;5.09;0.31;276.36;8.08;1017;35;3247.00;97
8401;34;624817950;8401;479;9421;9513;5.04;0.31;276.38;8.08;1020;35;3248.00;92
8404;34;624817960;8404;481;9426;9514;4.98;0.31;276.35;8.08;1022;35;3249.00;88
8408;34;624817971;8408;482;9427;9514;4.99;0.31;276.41;8.08;1019;35;3250.00;87
8412;34;624817981;8412;489;9433;9518;5.00;0.31;276.37;8.08;1021;35;3251.00;85
8415;34;624817992;8415;492;9434;9518;4.95;0.30;276.33;8.08;1019;35;3252.00;84
8416;34;624818002;8416;490;9434;9518;4.91;0.30;276.35;8.08;1018;35;3253.00;84
8418;34;624818013;8418;492;9434;9518;4.91;0.30;276.34;8.08;1016;35;3254.00;84
8421;34;624818022;8421;498;9438;9524;4.90;0.30;276.42;8.07;1017;35;3255.00;86
8422;34;624818033;8422;503;9438;9524;4.87;0.30;276.44;8.07;1016;35;3256.00;86
8426;34;624818049;8426;519;9438;9524;4.78;0.29;276.43;8.07;1012;35;3257.00;86
8429;34;624818060;8429;517;9441;9527;4.72;0.29;276.43;8.19;1012;35;3258.00;86
8431;34;624818072;8431;502;9441;9527;4.69;0.29;276.53;8.19;1010;35;3259.00;86
8434;34;624818083;8434;495;9441;9527;4.64;0.29;276.49;8.19;1007;35;3260.00;86
8438;34;624818094;8438;495;9441;9528;4.59;0.28;276.51;8.19;1003;35;3261.00;87
8440;34;624818104;8440;489;9442;9529;4.66;0.29;276.47;8.19;1002;35;3262.00;87
8442;34;624818115;8442;490;9442;9529;4.70;0.29;276.44;8.19;1000;35;3263.00;87
8446;34;624818125;8446;491;9452;9542;4.82;0.30;276.39;8.18;1006;35;3264.00;90
8448;34;624818137;8448;486;9452;9542;4.84;0.30;276.39;8.18;1004;35;3265.00;90
8451;34;624818153;8451;487;9452;9542;4.94;0.30;276.36;8.18;1001;35;3266.00;90
8456;34;624818164;8456;479;9454;9543;4.97;0.31;276.31;8.18;998;35;3267.00;89
8458;34;624818180;8458;474;9454;9543;5.02;0.31;276.29;8.18;996;35;3268.00;89
8461;34;624818191;8461;475;9458;9547;5.08;0.31;276.28;8.17;997;35;3269.00;89
8462;34;624818204;8462;469;9458;9547;5.10;0.31;276.29;8.17;996;35;3270.00;89
8464;34;624818217;8464;459;9462;9551;5.12;0.31;276.28;8.17;998;35;3271.00;89
8467;34;624818228;8467;450;9463;9551;5.12;0.31;276.31;8.17;996;35;3272.00;88
8468;34;624818239;8468;454;9463;9551;5.14;0.32;276.32;8.17;995;35;3273.00;88
8470;34;624818250;8470;443;9463;9551;5.16;0.32;276.30;8.17;993;35;3274.00;88
8472;34;624818260;8472;443;9464;9551;5.23;0.32;276.31;8.29;992;35;3275.00;87
8474;34;624818272;8474;437;9474;9563;5.40;0.33;276.26;8.28;1000;35;3276.00;89
8477;34;624818284;8477;423;9475;9563;5.49;0.34;276.25;8.28;998;35;3277.00;88
8478;34;624818295;8478;410;9475;9563;5.60;0.34;276.24;8.28;997;35;3278.00;88
8480;34;624818307;8480;397;9475;9563;5.68;0.35;276.34;8.28;995;35;3279.00;88
8484;34;624818318;8484;384;9475;9563;5.74;0.35;276.39;8.28;991;35;3280.00;88
8486;34;624818329;8486;382;9476;9563;5.78;0.35;276.48;8.39;990;35;3281.00;87
8489;34;624818341;8489;381;9476;9564;5.84;0.36;276.50;8.39;987;35;3282.00;88
8491;34;624818353;8491;379;9476;9564;5.90;0.36;276.54;8.39;985;35;3283.00;88
8493;34;624818363;8493;375;9481;9570;6.01;0.37;276.56;8.39;988;35;3284.00;89
8494;34;624818376;8494;368;9483;9572;6.10;0.37;276.53;8.38;989;35;3285.00;89
8495;34;624818388;8495;347;9483;9572;6.20;0.38;276.51;8.38;988;35;3286.00;89
8496;34;624818400;8496;333;9484;9572;6.32;0.39;276.53;8.49;988;35;3287.00;88
8496;34;624818412;8496;318;9487;9576;6.56;0.40;276.53;8.48;991;35;3288.00;89
8501;34;624818424;8501;308;9487;9576;6.71;0.41;276.56;8.48;986;35;3289.00;89
8502;34;624818436;8502;299;9487;9576;6.94;0.42;276.56;8.48;985;35;3290.00;89
8505;34;624818448;8505;290;9488;9577;7.14;0.43;276.62;8.48;983;35;3291.00;89
8505;34;624818461;8505;282;9491;9581;7.33;0.45;276.62;8.48;986;35;3292.00;90
8511;34;624818473;8511;275;9491;9581;7.42;0.45;276.69;8.48;980;35;3293.00;90
8513;34;624818486;8513;267;9494;9584;7.56;0.46;276.67;8.58;981;35;3294.00;90
8515;34;624818498;8515;260;9494;9584;7.65;0.46;276.72;8.58;979;35;3295.00;90
8517;34;624818511;8517;262;9495;9584;7.71;0.47;276.80;8.58;978;35;3296.00;89
8519;34;624818523;8519;253;9495;9584;7.76;0.47;276.83;8.58;976;35;3297.00;89
8524;34;624818535;8524;247;9499;9588;7.80;0.47;276.88;8.58;975;35;3298.00;89
8525;34;624818548;8525;243;9499;9588;7.84;0.48;276.86;8.58;974;35;3299.00;89
8527;34;624818563;8527;245;9504;9607;7.86;0.48;276.89;8.57;977;35;3300.00;103
8529;34;624818581;8529;240;9504;9607;7.90;0.48;276.94;8.57;975;35;3301.00;103
8533;34;624818595;8533;240;9504;9608;7.98;0.48;276.95;8.57;971;35;3302.00;104
8534;34;624818607;8534;233;9505;9609;8.08;0.49;277.00;8.57;971;35;3303.00;104
8536;34;624818620;8536;231;9505;9609;8.10;0.49;277.08;8.57;969;35;3304.00;104
8540;34;624818633;8540;231;9507;9610;8.14;0.49;277.19;8.57;967;35;3305.00;103
8543;34;624818646;8543;236;9508;9610;8.10;0.49;277.36;8.57;965;35;3306.00;102
8545;34;624818660;8545;233;9508;9610;8.13;0.49;277.32;8.57;963;35;3307.00;102
8547;34;624818679;8547;232;9508;9610;8.18;0.50;277.41;8.57;961;35;3308.00;102
8551;34;624818700;8551;234;9509;9610;8.20;0.50;277.48;8.67;958;35;3309.00;101
8552;34;624818720;8552;234;9509;9610;8.25;0.50;277.52;8.67;957;35;3310.00;101
8554;34;624818740;8554;231;9510;9610;8.23;0.50;277.57;8.67;956;35;3311.00;100
8557;34;624818759;8557;252;9579;9737;8.15;0.50;277.67;8.61;1022;35;3312.00;158
8557;34;624818790;8557;236;9579;9738;8.14;0.50;277.67;8.61;1022;35;3313.00;159
8559;34;624818805;8559;233;9583;9738;8.22;0.50;277.76;8.61;1024;35;3314.00;155
8561;34;624818820;8561;227;9583;9738;8.26;0.51;277.81;8.61;1022;35;3315.00;155
8561;34;624818835;8561;220;9586;9738;8.34;0.51;277.81;8.61;1025;35;3316.00;152
8563;34;624818850;8563;223;9587;9738;8.34;0.51;277.85;8.61;1024;35;3317.00;151
8566;34;624818865;8566;223;9593;9738;8.40;0.51;277.97;8.61;1027;35;3318.00;145
8567;34;624818879;8567;224;9593;9738;8.46;0.52;277.97;8.61;1026;35;3319.00;145
8568;34;624818894;8568;223;9597;9739;8.60;0.53;278.01;8.61;1029;35;3320.00;142
8571;34;624818908;8571;224;9597;9740;8.61;0.53;278.09;8.61;1026;35;3321.00;143
8575;34;624818922;8575;221;9600;9740;8.58;0.53;278.05;8.61;1025;35;3322.00;140
8578;34;624818936;8578;228;9602;9741;8.50;0.52;278.06;8.61;1024;35;3323.00;139
8581;34;624818951;8581;233;9606;9741;8.46;0.52;278.14;8.61;1025;35;3324.00;135
8585;34;624818964;8585;236;9607;9741;8.38;0.51;278.15;8.61;1022;35;3325.00;134
8586;34;624818979;8586;243;9610;9741;8.37;0.51;278.13;8.61;1024;35;3326.00;131
8587;34;624818992;8587;254;9611;9745;8.32;0.51;278.12;8.62;1024;35;3327.00;134
8590;34;624819006;8590;250;9615;9745;8.32;0.51;278.19;8.72;1025;35;3328.00;130
8592;34;624819020;8592;253;9617;9745;8.28;0.51;278.22;8.72;1025;35;3329.00;128
8598;34;624819036;8598;247;9621;9751;8.19;0.50;278.22;8.73;1023;35;3330.00;130
8598;34;624819050;8598;240;9623;9751;8.21;0.50;278.22;8.73;1025;35;3331.00;128
8601;34;624819064;8601;240;9626;9751;8.17;0.50;278.29;8.73;1025;35;3332.00;125
8606;34;624819077;8606;240;9633;9755;8.06;0.49;278.26;8.73;1027;35;3333.00;122
8607;34;624819091;8607;233;9635;9756;8.06;0.49;278.26;8.73;1028;35;3334.00;121
8612;34;624819105;8612;230;9642;9756;8.02;0.49;278.29;8.75;1030;35;3335.00;114
8616;34;624819120;8616;226;9645;9760;8.00;0.49;278.35;8.75;1029;35;3336.00;115
8620;34;624819134;8620;230;9648;9760;8.02;0.49;278.34;8.75;1028;35;3337.00;112
8623;34;624819147;8623;231;9648;9760;8.02;0.49;278.34;8.75;1025;35;3338.00;112
8627;34;624819161;8627;230;9650;9761;8.03;0.49;278.38;8.75;1023;35;3339.00;111
8630;34;624819176;8630;229;9650;9761;8.00;0.48;278.40;8.75;1020;35;3340.00;111
8631;34;624819190;8631;213;9654;9767;8.05;0.49;278.41;8.75;1023;35;3341.00;113
8634;34;624819212;8634;208;9656;9767;8.02;0.49;278.40;8.75;1022;35;3342.00;111
8635;34;624819226;8635;215;9658;9768;8.02;0.49;278.42;8.76;1023;35;3343.00;110
8641;34;624819240;8641;212;9658;9768;7.98;0.49;278.61;8.76;1017;35;3344.00;110
8642;34;624819255;8642;208;9658;9768;7.98;0.49;278.69;8.76;1016;35;3345.00;110
8645;34;624819269;8645;211;9660;9768;7.94;0.48;278.65;8.76;1015;35;3346.00;108
8648;34;624819283;8648;212;9660;9768;8.00;0.49;278.75;8.76;1012;35;3347.00;108
8649;34;624819296;8649;212;9670;9780;8.02;0.49;278.74;8.75;1021;35;3348.00;110
8653;34;624819310;8653;219;9671;9780;8.00;0.49;278.90;8.75;1018;35;3349.00;109
8657;34;624819323;8657;225;9672;9780;7.93;0.48;278.93;8.75;1015;35;3350.00;108
8662;34;624819336;8662;233;9672;9780;7.90;0.48;279.01;8.75;1010;35;3351.00;108
8663;34;624819350;8663;235;9673;9780;7.85;0.48;279.02;8.76;1010;35;3352.00;107
8665;34;624819362;8665;235;9673;9780;7.82;0.48;279.05;8.76;1008;35;3353.00;107
8670;34;624819374;8670;241;9678;9784;7.78;0.47;279.04;8.76;1008;35;3354.00;106
8671;34;624819394;8671;242;9678;9784;7.78;0.48;279.09;8.76;1007;35;3355.00;106
8674;34;624819413;8674;244;9683;9788;7.80;0.48;279.06;8.76;1009;35;3356.00;105
8678;34;624819425;8678;249;9684;9789;7.78;0.47;279.19;8.76;1006;35;3357.00;105
8681;34;624819438;8681;258;9684;9789;7.75;0.47;279.27;8.76;1003;35;3358.00;105
8686;34;624819450;8686;263;9684;9789;7.72;0.47;279.20;8.76;998;35;3359.00;105
8692;34;624819465;8692;281;9707;9818;7.62;0.46;279.30;8.75;1015;35;3360.00;111
8695;34;624819481;8695;287;9708;9818;7.58;0.46;279.31;8.76;1013;35;3361.00;110
8696;34;624819494;8696;292;9710;9818;7.56;0.46;279.30;8.76;1014;35;3362.00;108
8698;34;624819506;8698;306;9712;9819;7.54;0.46;279.36;8.76;1014;35;3363.00;107
8703;34;624819519;8703;303;9714;9820;7.44;0.45;279.38;8.78;1011;35;3364.00;106
8704;34;624819532;8704;315;9714;9820;7.35;0.45;279.38;8.78;1010;35;3365.00;106
8706;34;624819543;8706;320;9718;9823;7.33;0.45;279.41;8.80;1012;35;3366.00;105
8708;34;624819556;8708;319;9718;9823;7.31;0.45;279.45;8.80;1010;35;3367.00;105
8710;34;624819569;8710;333;9720;9823;7.28;0.44;279.42;8.81;1010;35;3368.00;103
8712;34;624819581;8712;332;9721;9823;7.24;0.44;279.44;8.82;1009;35;3369.00;102
8714;34;624819593;8714;343;9727;9829;7.23;0.44;279.49;8.83;1013;35;3370.00;102
8714;34;624819606;8714;345;9727;9829;7.14;0.44;279.49;8.83;1013;35;3371.00;102
8715;34;624819620;8715;358;9729;9829;7.01;0.43;279.53;8.85;1014;35;3372.00;100
8717;34;624819632;8717;365;9729;9829;6.90;0.42;279.52;8.85;1012;35;3373.00;100
8720;34;624819645;8720;371;9733;9833;6.80;0.42;279.65;8.86;1013;35;3374.00;100
8722;34;624819658;8722;379;9736;9835;6.67;0.41;279.73;8.86;1014;35;3375.00;99
8723;34;624819673;8723;383;9737;9835;6.60;0.41;279.71;8.87;1014;35;3376.00;98
8725;34;624819684;8725;392;9739;9836;6.49;0.40;279.73;8.88;1014;35;3377.00;97
8727;34;624819696;8727;398;9739;9836;6.39;0.40;279.69;8.88;1012;35;3378.00;97
8730;34;624819708;8730;399;9740;9836;6.37;0.39;279.69;8.89;1010;35;3379.00;96
8734;34;624819719;8734;400;9740;9836;6.29;0.39;279.69;8.89;1006;35;3380.00;96
8738;34;624819729;8738;403;9746;9836;6.19;0.38;279.71;8.92;1008;35;3381.00;90
8743;34;624819740;8743;404;9746;9836;6.11;0.38;279.66;8.92;1003;35;3382.00;90
8746;34;624819750;8746;402;9746;9836;6.04;0.37;279.64;8.92;1000;35;3383.00;90
8747;34;624819760;8747;405;9784;9906;6.21;0.38;279.63;8.90;1037;35;3384.00;122
8749;34;624819776;8749;405;9787;9907;6.13;0.38;279.67;8.90;1038;35;3385.00;120
8755;34;624819787;8755;407;9796;9907;6.01;0.37;279.66;8.90;1041;35;3386.00;111
8757;34;624819797;8757;407;9801;9907;5.95;0.36;279.66;8.89;1044;35;3387.00;106
8760;34;624819808;8760;408;9804;9907;5.90;0.36;279.70;8.89;1044;35;3388.00;103
8764;34;624819818;8764;410;9807;9907;5.82;0.36;279.71;8.90;1043;35;3389.00;100
8767;34;624819830;8767;422;9810;9907;5.76;0.35;279.64;8.90;1043;35;3390.00;97
8769;34;624819840;8769;425;9813;9907;5.75;0.35;279.62;8.90;1044;35;3391.00;94
8774;34;624819856;8774;429;9816;9908;5.71;0.35;279.52;8.90;1042;35;3392.00;92
8777;34;624819867;8777;428;9816;9909;5.68;0.35;279.49;8.90;1039;35;3393.00;93
8781;34;624819877;8781;432;9819;9909;5.61;0.34;279.44;8.91;1038;35;3394.00;90
8784;34;624819887;8784;440;9822;9913;5.51;0.34;279.45;8.91;1038;35;3395.00;91
8789;34;624819898;8789;448;9823;9913;5.36;0.33;279.36;8.92;1034;35;3396.00;90
8794;34;624819908;8794;453;9823;9913;5.24;0.32;279.42;8.92;1029;35;3397.00;90
8796;34;624819919;8796;457;9823;9913;5.15;0.32;279.46;8.92;1027;35;3398.00;90
8797;34;624819929;8797;469;9829;9919;5.10;0.31;279.44;8.92;1032;35;3399.00;90
8800;34;624819940;8800;468;9829;9919;4.97;0.31;279.45;8.92;1029;35;3400.00;90
8802;34;624819953;8802;469;9830;9919;4.90;0.30;279.46;8.93;1028;35;3401.00;89
8805;34;624819963;8805;461;9831;9922;4.85;0.30;279.42;8.93;1026;35;3402.00;91
8810;34;624819973;8810;455;9834;9922;4.77;0.29;279.40;8.94;1024;35;3403.00;88
8812;34;624819983;8812;448;9835;9922;4.74;0.29;279.40;8.95;1023;35;3404.00;87
8815;34;624819999;8815;447;9835;9923;4.70;0.29;279.40;8.95;1020;35;3405.00;88
8818;34;624820010;8818;452;9837;9924;4.68;0.29;279.37;8.95;1019;35;3406.00;87
8818;34;624820020;8818;459;9838;9924;4.77;0.29;279.37;8.96;1020;35;3407.00;86
8827;34;624820030;8827;461;9850;9937;4.80;0.29;279.25;8.95;1023;35;3408.00;87
8830;34;624820042;8830;453;9850;9937;4.84;0.30;279.26;8.95;1020;35;3409.00;87
8832;34;624820052;8832;453;9850;9937;4.86;0.30;279.25;8.95;1018;35;3410.00;87
8835;34;624820062;8835;439;9851;9938;4.85;0.30;279.28;8.95;1016;35;3411.00;87
8837;34;624820073;8837;429;9851;9938;4.97;0.30;279.29;8.95;1014;35;3412.00;87
8840;34;624820083;8840;419;9854;9942;5.12;0.31;279.32;8.95;1014;35;3413.00;88
8842;34;624820093;8842;416;9855;9942;5.18;0.32;279.32;8.95;1013;35;3414.00;87
8844;34;624820103;8844;409;9858;9946;5.33;0.32;279.32;8.95;1014;35;3415.00;88
8847;34;624820114;8847;399;9858;9946;5.41;0.33;279.30;8.95;1011;35;3416.00;88
8850;34;624820125;8850;392;9860;9946;5.46;0.33;279.27;8.95;1010;35;3417.00;86
8852;34;624820136;8852;385;9861;9946;5.55;0.34;279.27;8.95;1009;35;3418.00;85
8856;34;624820148;8856;389;9861;9946;5.58;0.34;279.20;8.95;1005;35;3419.00;85
8857;34;624820166;8857;390;9886;9980;5.83;0.36;279.21;8.93;1029;35;3420.00;94
8860;34;624820180;8860;390;9887;9980;5.88;0.36;279.31;8.92;1027;35;3421.00;93
8863;34;624820192;8863;387;9889;9980;5.95;0.36;279.29;8.92;1026;35;3422.00;91
8865;34;624820204;8865;381;9889;9980;5.99;0.37;279.27;8.92;1024;35;3423.00;91
8867;34;624820216;8867;383;9890;9980;6.02;0.37;279.25;8.92;1023;35;3424.00;90
8873;34;624820227;8873;381;9890;9980;6.00;0.36;279.34;8.92;1017;35;3425.00;90
8877;34;624820239;8877;383;9890;9981;5.97;0.36;279.35;8.92;1013;35;3426.00;91
8881;34;624820257;8881;379;9890;9981;5.96;0.36;279.37;8.92;1009;35;3427.00;91
8882;34;624820270;8882;376;9895;9987;5.95;0.36;279.39;8.92;1013;35;3428.00;92
8883;34;624820283;8883;385;9896;9988;5.92;0.36;279.41;8.92;1013;35;3429.00;92
8889;34;624820295;8889;382;9896;9988;5.89;0.36;279.35;8.92;1007;35;3430.00;92
8893;34;624820307;8893;391;9896;9988;5.85;0.35;279.34;8.92;1003;35;3431.00;92
8897;34;624820320;8897;393;9899;9992;5.84;0.35;279.40;8.92;1002;35;3432.00;93
8900;34;624820332;8900;386;9899;9992;5.83;0.35;279.44;8.92;999;35;3433.00;93
8904;34;624820344;8904;386;9899;9992;5.87;0.36;279.52;8.92;995;35;3434.00;93
8907;34;624820356;8907;390;9900;9993;5.92;0.36;279.54;8.91;993;35;3435.00;93
8909;34;624820368;8909;390;9904;9997;5.99;0.36;279.58;9.02;995;35;3436.00;93
8911;34;624820382;8911;392;9904;9997;6.03;0.37;279.61;9.02;993;35;3437.00;93
8913;34;624820394;8913;389;9906;10000;6.07;0.37;279.65;9.02;993;35;3438.00;94
8919;34;624820406;8919;392;9906;10000;6.03;0.37;279.70;9.02;987;35;3439.00;94
8922;34;624820418;8922;390;9907;10000;6.01;0.37;279.74;9.02;985;35;3440.00;93
8926;34;624820431;8926;392;9907;10000;5.99;0.36;279.72;9.02;981;35;3441.00;93
8931;34;624820442;8931;391;9911;10004;6.02;0.37;279.79;9.01;980;35;3442.00;93
8936;34;624820455;8936;382;9911;10004;6.00;0.36;279.94;9.01;975;35;3443.00;93
8940;34;624820467;8940;383;9911;10004;5.99;0.36;280.03;9.01;971;35;3444.00;93
8941;34;624820480;8941;376;9911;10004;6.02;0.37;280.04;9.01;970;35;3445.00;93
8943;34;624820492;8943;375;9911;10005;6.04;0.37;280.09;9.01;968;35;3446.00;94
8948;34;624820504;8948;357;9912;10006;6.02;0.37;280.18;9.01;964;35;3447.00;94
8949;34;624820517;8949;350;9912;10006;6.07;0.37;280.19;9.01;963;35;3448.00;94
8953;34;624820530;8953;340;9913;10007;6.10;0.37;280.26;9.01;960;35;3449.00;94
8955;34;624820544;8955;336;9913;10007;6.16;0.38;280.31;9.01;958;35;3450.00;94
8958;34;624820557;8958;339;9913;10007;6.21;0.38;280.29;9.01;955;35;3451.00;94
8958;34;624820569;8958;332;9914;10007;6.33;0.39;280.29;9.12;956;35;3452.00;93
8965;34;624820581;8965;334;9914;10007;6.39;0.39;280.42;9.12;949;35;3453.00;93
8966;34;624820595;8966;327;9914;10007;6.43;0.39;280.43;9.12;948;35;3454.00;93
8970;34;624820608;8970;321;9914;10007;6.43;0.39;280.46;9.12;944;35;3455.00;93
8971;35;624820621;8971;335;9985;10134;6.68;0.41;280.53;9.05;1014;36;3456.00;149
8971;35;624820668;8971;306;9987;10135;6.78;0.42;280.53;9.05;1016;36;3457.00;148
8973;35;624820697;8973;299;9995;10135;6.91;0.43;280.56;9.04;1022;36;3458.00;140
8974;35;624820717;8974;283;9996;10135;7.02;0.43;280.56;9.04;1022;36;3459.00;139
8977;35;624820737;8977;278;10001;10135;7.15;0.44;280.68;9.04;1024;36;3460.00;134
8980;35;624820758;8980;264;10003;10135;7.19;0.44;280.63;9.04;1023;36;3461.00;132
8981;35;624820784;8981;259;10006;10135;7.26;0.45;280.66;9.04;1025;36;3462.00;129
8983;35;624820805;8983;268;10008;10135;7.33;0.45;280.69;9.04;1025;36;3463.00;127
8984;35;624820821;8984;264;10011;10136;7.39;0.45;280.67;9.04;1027;36;3464.00;125
8988;35;624820835;8988;268;10016;10138;7.43;0.45;280.76;9.04;1028;36;3465.00;122
8990;35;624820851;8990;269;10019;10138;7.47;0.46;280.80;9.04;1029;36;3466.00;119
8992;35;624820866;8992;273;10022;10139;7.44;0.46;280.83;9.14;1030;36;3467.00;117
8993;35;624820888;8993;274;10024;10139;7.48;0.46;280.84;9.14;1031;36;3468.00;115
8996;35;624820902;8996;281;10026;10139;7.44;0.46;280.95;9.15;1030;36;3469.00;113
9001;35;624820916;9001;281;10027;10139;7.46;0.46;281.06;9.15;1026;36;3470.00;112
9003;35;624820930;9003;287;10034;10143;7.48;0.46;281.07;9.14;1031;36;3471.00;109
9006;35;624820946;9006;294;10035;10143;7.50;0.46;281.13;9.14;1029;36;3472.00;108
9008;35;624820959;9008;288;10036;10143;7.56;0.46;281.17;9.14;1028;36;3473.00;107
9011;35;624820975;9011;279;10037;10146;7.60;0.46;281.19;9.14;1026;36;3474.00;109
9015;35;624820989;9015;283;10038;10146;7.63;0.47;281.27;9.15;1023;36;3475.00;108
9016;35;624821002;9016;276;10039;10146;7.70;0.47;281.32;9.14;1023;36;3476.00;107
9017;35;624821018;9017;275;10043;10150;7.81;0.48;281.36;9.14;1026;36;3477.00;107
9021;35;624821033;9021;275;10044;10151;7.87;0.48;281.40;9.14;1023;36;3478.00;107
9023;35;624821047;9023;274;10044;10151;7.91;0.48;281.43;9.14;1021;36;3479.00;107
9026;35;624821062;9026;267;10049;10156;8.00;0.49;281.50;9.14;1023;36;3480.00;107
9028;35;624821076;9028;269;10050;10156;8.01;0.49;281.52;9.14;1022;36;3481.00;106
9032;35;624821090;9032;266;10051;10156;8.04;0.49;281.53;9.24;1019;36;3482.00;105
9035;35;624821104;9035;264;10052;10157;8.09;0.49;281.52;9.24;1017;36;3483.00;105
9037;35;624821118;9037;264;10054;10157;8.15;0.50;281.58;9.34;1017;36;3484.00;103
9038;35;624821132;9038;257;10059;10163;8.26;0.50;281.55;9.34;1021;36;3485.00;104
9041;35;624821146;9041;252;10059;10163;8.34;0.51;281.63;9.34;1018;36;3486.00;104
9043;35;624821160;9043;252;10059;10164;8.35;0.51;281.67;9.34;1016;36;3487.00;105
9045;35;624821174;9045;245;10059;10164;8.43;0.51;281.74;9.34;1014;36;3488.00;105
9049;35;624821188;9049;243;10060;10164;8.50;0.52;281.77;9.44;1011;36;3489.00;104
9052;35;624821202;9052;241;10060;10164;8.59;0.52;281.87;9.44;1008;36;3490.00;104
9053;35;624821216;9053;242;10060;10164;8.62;0.53;281.86;9.44;1007;36;3491.00;104
9056;35;624821229;9056;244;10070;10176;8.67;0.53;281.96;9.43;1014;36;3492.00;106
9059;35;624821244;9059;234;10070;10176;8.67;0.53;281.96;9.43;1011;36;3493.00;106
9062;35;624821258;9062;237;10071;10176;8.72;0.53;281.94;9.43;1009;36;3494.00;105
9065;35;624821272;9065;234;10071;10176;8.75;0.53;282.01;9.43;1006;36;3495.00;105
9068;35;624821286;9068;235;10071;10176;8.77;0.53;282.01;9.43;1003;36;3496.00;105
9070;35;624821300;9070;233;10071;10176;8.79;0.54;282.03;9.43;1001;36;3497.00;105
9076;35;624821313;9076;232;10074;10180;8.75;0.53;282.05;9.42;998;36;3498.00;106
9080;35;624821326;9080;232;10074;10180;8.74;0.53;282.09;9.42;994;36;3499.00;106
9085;35;624821340;9085;236;10078;10184;8.68;0.53;282.12;9.42;993;36;3500.00;106
9090;35;624821358;9090;237;10079;10185;8.59;0.52;282.22;9.52;989;36;3501.00;106
9091;35;624821371;9091;229;10080;10185;8.56;0.52;282.22;9.51;989;36;3502.00;105
9096;35;624821384;9096;233;10080;10185;8.48;0.52;282.31;9.51;984;36;3503.00;105
9102;35;624821396;9102;233;10091;10198;8.40;0.51;282.34;9.50;989;36;3504.00;107
9104;35;624821411;9104;227;10092;10198;8.36;0.51;282.34;9.52;988;36;3505.00;106
9108;35;624821424;9108;223;10093;10198;8.32;0.51;282.36;9.53;985;36;3506.00;105
9113;35;624821437;9113;221;10094;10199;8.31;0.51;282.43;9.53;981;36;3507.00;105
9115;35;624821450;9115;216;10094;10200;8.24;0.50;282.39;9.53;979;36;3508.00;106
9120;35;624821464;9120;216;10094;10200;8.20;0.50;282.45;9.53;974;36;3509.00;106
9122;35;624821479;9122;215;10099;10206;8.19;0.50;282.47;9.62;977;36;3510.00;107
9126;35;624821492;9126;218;10100;10206;8.20;0.50;282.44;9.62;974;36;3511.00;106
9129;35;624821504;9129;217;10101;10206;8.19;0.50;282.43;9.62;972;36;3512.00;105
9133;35;624821517;9133;223;10101;10206;8.18;0.50;282.54;9.62;968;36;3513.00;105
9136;35;624821529;9136;232;10106;10212;8.14;0.50;282.53;9.62;970;36;3514.00;106
9138;35;624821542;9138;234;10106;10212;8.15;0.50;282.62;9.62;968;36;3515.00;106
9144;35;624821554;9144;244;10106;10212;8.11;0.49;282.67;9.62;962;36;3516.00;106
9147;35;624821568;9147;245;10106;10212;8.01;0.49;282.67;9.62;959;36;3517.00;106
9149;35;624821579;9149;254;10110;10216;7.91;0.48;282.78;9.71;961;36;3518.00;106
9150;35;624821592;9150;257;10113;10219;7.91;0.48;282.82;9.71;963;36;3519.00;106
9153;35;624821605;9153;255;10113;10219;7.85;0.48;282.89;9.71;960;36;3520.00;106
9154;35;624821617;9154;256;10115;10220;7.86;0.48;282.88;9.72;961;36;3521.00;105
9158;35;624821629;9158;260;10115;10220;7.79;0.48;282.97;9.72;957;36;3522.00;105
9163;35;624821641;9163;268;10115;10220;7.75;0.47;282.97;9.72;952;36;3523.00;105
9164;35;624821653;9164;271;10115;10220;7.71;0.47;283.03;9.72;951;36;3524.00;105
9166;35;624821666;9166;280;10115;10220;7.69;0.47;283.05;9.72;949;36;3525.00;105
9169;35;624821679;9169;283;10116;10220;7.68;0.47;283.10;9.73;947;36;3526.00;104
9171;35;624821690;9171;294;10116;10220;7.69;0.47;283.15;9.73;945;36;3527.00;104
9174;35;624821701;9174;304;10152;10290;7.87;0.48;283.16;9.70;978;36;3528.00;138
9177;35;624821719;9177;308;10153;10291;7.76;0.47;283.26;9.71;976;36;3529.00;138
9181;35;624821730;9181;306;10161;10291;7.73;0.47;283.19;9.70;980;36;3530.00;130
9184;35;624821742;9184;309;10166;10291;7.66;0.47;283.14;9.72;982;36;3531.00;125
9188;35;624821753;9188;303;10170;10291;7.58;0.46;283.09;9.72;982;36;3532.00;121
9189;35;624821766;9189;306;10172;10291;7.56;0.46;283.07;9.72;983;36;3533.00;119
9191;35;624821778;9191;303;10176;10291;7.49;0.46;283.06;9.74;985;36;3534.00;115
9195;35;624821790;9195;304;10178;10291;7.42;0.45;283.13;9.74;983;36;3535.00;113
9197;35;624821801;9197;308;10181;10292;7.35;0.45;283.10;9.76;984;36;3536.00;111
9199;35;624821813;9199;311;10184;10293;7.25;0.44;283.12;9.78;985;36;3537.00;109
9203;35;624821824;9203;316;10187;10293;7.18;0.44;283.09;9.78;984;36;3538.00;106
9205;35;624821835;9205;324;10192;10297;7.10;0.44;283.11;9.78;987;36;3539.00;105
9207;35;624821848;9207;329;10196;10297;7.02;0.43;283.07;9.79;989;36;3540.00;101
9209;35;624821859;9209;332;10198;10297;6.97;0.43;283.10;9.79;989;36;3541.00;99
9211;35;624821870;9211;338;10200;10297;6.89;0.42;283.17;9.81;989;36;3542.00;97
9212;35;624821881;9212;342;10205;10303;6.90;0.42;283.19;9.80;993;36;3543.00;98
9215;35;624821892;9215;344;10207;10303;6.81;0.42;283.20;9.81;992;36;3544.00;96
9218;35;624821903;9218;353;10208;10303;6.73;0.41;283.16;9.82;990;36;3545.00;95
9222;35;624821914;9222;363;10210;10306;6.64;0.41;283.26;9.82;988;36;3546.00;96
9223;35;624821925;9223;368;10212;10306;6.55;0.40;283.24;9.85;989;36;3547.00;94
9227;35;624821935;9227;373;10213;10306;6.43;0.39;283.29;9.85;986;36;3548.00;93
9228;35;624821946;9228;375;10215;10307;6.31;0.39;283.33;9.87;987;36;3549.00;92
9229;35;624821957;9229;376;10216;10308;6.22;0.38;283.32;9.87;987;36;3550.00;92
9230;35;624821969;9230;381;10217;10308;6.10;0.37;283.31;9.88;987;36;3551.00;91
9235;35;624821987;9235;385;10229;10321;6.05;0.37;283.20;9.88;994;36;3552.00;92
9236;35;624822000;9236;385;10229;10321;6.02;0.37;283.18;9.88;993;36;3553.00;92
9237;35;624822010;9237;390;10231;10321;5.92;0.36;283.16;9.89;994;36;3554.00;90
9242;35;624822021;9242;388;10233;10323;5.89;0.36;283.11;9.89;991;36;3555.00;90
9244;35;624822031;9244;394;10235;10323;5.82;0.35;283.08;9.91;991;36;3556.00;88
9245;35;624822043;9245;395;10239;10327;5.88;0.36;283.05;9.91;994;36;3557.00;88
9245;35;624822055;9245;399;10239;10327;5.85;0.36;283.05;9.91;994;36;3558.00;88
9246;35;624822065;9246;399;10243;10331;5.81;0.35;283.04;9.91;997;36;3559.00;88
9246;35;624822075;9246;410;10244;10331;5.72;0.35;283.04;9.92;998;36;3560.00;87
9251;35;624822084;9251;404;10244;10331;5.55;0.34;282.95;9.92;993;36;3561.00;87
9254;35;624822094;9254;408;10246;10331;5.45;0.33;282.93;9.94;992;36;3562.00;85
9256;35;624822104;9256;399;10246;10331;5.36;0.32;282.91;9.94;990;36;3563.00;85
9262;35;624822114;9262;392;10257;10343;5.30;0.32;282.87;9.94;995;36;3564.00;86
9264;35;624822125;9264;393;10257;10343;5.23;0.32;282.88;9.94;993;36;3565.00;86
9265;35;624822135;9265;395;10259;10343;5.20;0.32;282.86;9.94;994;36;3566.00;84
9266;35;624822144;9266;396;10261;10343;5.15;0.31;282.87;9.95;995;36;3567.00;82
9268;35;624822154;9268;397;10261;10343;5.12;0.31;282.90;9.95;993;36;3568.00;82
9271;35;624822164;9271;399;10263;10343;5.05;0.31;282.91;9.96;992;36;3569.00;80
9271;35;624822181;9271;395;10263;10344;5.03;0.31;282.91;9.96;992;36;3570.00;81
9274;35;624822190;9274;392;10264;10344;5.07;0.31;282.90;9.97;990;36;3571.00;80
9278;35;624822200;9278;393;10270;10350;5.18;0.32;282.90;9.97;992;36;3572.00;80
9279;35;624822216;9279;386;10271;10351;5.24;0.32;282.91;9.97;992;36;3573.00;80
9281;35;624822226;9281;389;10271;10351;5.33;0.33;282.92;9.97;990;36;3574.00;80
9283;35;624822237;9283;386;10273;10351;5.35;0.33;282.91;9.97;990;36;3575.00;78
9284;35;624822247;9284;386;10276;10355;5.46;0.33;282.92;9.97;992;36;3576.00;79
9288;35;624822258;9288;380;10278;10355;5.49;0.34;282.94;9.98;990;36;3577.00;77
9288;35;624822279;9288;374;10278;10355;5.52;0.34;282.94;9.98;990;36;3578.00;77
9291;35;624822289;9291;377;10279;10356;5.58;0.34;282.95;9.98;988;36;3579.00;77
9292;35;624822299;9292;373;10282;10360;5.65;0.35;282.97;9.98;990;36;3580.00;78
9293;35;624822309;9293;367;10282;10360;5.68;0.35;282.97;9.98;989;36;3581.00;78
9295;35;624822319;9295;366;10284;10363;5.65;0.35;283.01;9.97;989;36;3582.00;79
9298;35;624822330;9298;370;10285;10363;5.64;0.35;283.01;9.97;987;36;3583.00;78
9299;35;624822340;9299;371;10285;10363;5.60;0.34;283.02;9.97;986;36;3584.00;78
9304;35;624822351;9304;369;10285;10363;5.55;0.34;283.06;9.97;981;36;3585.00;78
9309;35;624822361;9309;367;10289;10367;5.54;0.34;283.05;9.97;980;36;3586.00;78
9312;35;624822372;9312;368;10289;10367;5.53;0.34;283.04;9.97;977;36;3587.00;78
9315;35;624822383;9315;357;10289;10367;5.54;0.34;283.03;9.97;974;36;3588.00;78
9316;35;624822393;9316;354;10289;10367;5.60;0.34;283.01;9.97;973;36;3589.00;78
9319;35;624822404;9319;354;10289;10368;5.68;0.35;282.99;9.97;970;36;3590.00;79
9322;35;624822414;9322;353;10290;10369;5.77;0.35;283.01;9.97;968;36;3591.00;79
9326;35;624822425;9326;348;10290;10369;5.85;0.36;283.04;9.97;964;36;3592.00;79
9331;35;624822436;9331;351;10291;10370;5.94;0.36;283.03;9.97;960;36;3593.00;79
9335;35;624822446;9335;356;10291;10370;5.98;0.36;282.99;9.97;956;36;3594.00;79
9340;35;624822458;9340;354;10291;10370;5.99;0.36;283.06;9.97;951;36;3595.00;79
9342;35;624822469;9342;349;10291;10370;6.03;0.37;283.11;9.97;949;36;3596.00;79
9345;35;624822480;9345;349;10291;10370;6.04;0.37;283.13;9.97;946;36;3597.00;79
9347;35;624822491;9347;350;10291;10370;6.08;0.37;283.12;9.97;944;36;3598.00;79
9352;35;624822501;9352;352;10291;10370;6.04;0.37;283.20;9.97;939;36;3599.00;79
9355;35;624822514;9355;391;10403;10623;6.37;0.40;283.27;9.86;1048;36;3600.00;220
9360;35;624822548;9360;375;10410;10624;6.42;0.40;283.27;9.96;1050;36;3601.00;214
9362;35;624822562;9362;366;10424;10624;6.51;0.41;283.30;9.95;1062;36;3602.00;200
9364;35;624822573;9364;360;10432;10624;6.56;0.41;283.33;9.94;1068;36;3603.00;192
9366;35;624822585;9366;358;10440;10624;6.57;0.41;283.34;9.94;1074;36;3604.00;184
9367;35;624822597;9367;356;10446;10624;6.57;0.41;283.36;9.93;1079;36;3605.00;178
9373;35;624822609;9373;355;10450;10624;6.54;0.41;283.36;9.93;1077;36;3606.00;174
9375;35;624822621;9375;357;10454;10624;6.56;0.41;283.39;9.93;1079;36;3607.00;170
9378;35;624822633;9378;353;10461;10625;6.54;0.41;283.39;9.93;1083;36;3608.00;164
9381;35;624822652;9381;352;10465;10626;6.57;0.41;283.41;9.93;1084;36;3609.00;161
9384;35;624822666;9384;354;10471;10626;6.53;0.41;283.46;9.93;1087;36;3610.00;155
9384;35;624822686;9384;358;10475;10627;6.46;0.40;283.46;9.93;1091;36;3611.00;152
9389;35;624822706;9389;357;10478;10627;6.41;0.40;283.44;9.93;1089;36;3612.00;149
9396;35;624822726;9396;370;10480;10627;6.33;0.39;283.58;9.93;1084;36;3613.00;147
9398;35;624822746;9398;373;10483;10627;6.33;0.39;283.60;9.93;1085;36;3614.00;144
9404;35;624822765;9404;378;10486;10631;6.31;0.39;283.60;9.93;1082;36;3615.00;145
9406;35;624822783;9406;387;10487;10631;6.32;0.39;283.66;9.93;1081;36;3616.00;144
9409;35;624822797;9409;389;10490;10631;6.30;0.39;283.68;9.93;1081;36;3617.00;141
9415;35;624822811;9415;386;10492;10634;6.26;0.39;283.76;9.94;1077;36;3618.00;142
9420;35;624822826;9420;375;10494;10634;6.27;0.39;283.80;9.94;1074;36;3619.00;140
9423;35;624822841;9423;369;10495;10634;6.33;0.39;283.91;9.94;1072;36;3620.00;139
9425;35;624822855;9425;373;10499;10638;6.40;0.39;283.96;9.94;1074;36;3621.00;139
9428;35;624822870;9428;368;10500;10639;6.45;0.40;283.97;9.94;1072;36;3622.00;139
9432;35;624822885;9432;376;10501;10639;6.50;0.40;284.02;9.94;1069;36;3623.00;138
9435;35;624822899;9435;374;10502;10643;6.57;0.40;284.06;9.94;1067;36;3624.00;141
9440;35;624822913;9440;379;10504;10643;6.61;0.41;284.18;9.94;1064;36;3625.00;139
9443;35;624822926;9443;367;10506;10643;6.69;0.41;284.24;9.94;1063;36;3626.00;137
9446;35;624822941;9446;351;10508;10644;6.72;0.41;284.23;9.94;1062;36;3627.00;136
9450;35;624822956;9450;342;10508;10644;6.77;0.41;284.30;9.94;1058;36;3628.00;136
9452;35;624822977;9452;329;10513;10650;6.89;0.42;284.28;9.94;1061;36;3629.00;137
9456;35;624822995;9456;321;10513;10650;7.03;0.43;284.38;9.94;1057;36;3630.00;137
9458;35;624823018;9458;322;10517;10651;7.13;0.43;284.45;9.94;1059;36;3631.00;134
9462;35;624823033;9462;319;10517;10651;7.26;0.44;284.53;9.94;1055;36;3632.00;134
9466;35;624823047;9466;317;10517;10651;7.36;0.45;284.55;9.94;1051;36;3633.00;134
9468;35;624823062;9468;314;10517;10651;7.48;0.45;284.65;9.94;1049;36;3634.00;134
9471;35;624823076;9471;311;10518;10651;7.59;0.46;284.71;9.94;1047;36;3635.00;133
9475;35;624823091;9475;309;10527;10663;7.62;0.46;284.78;9.94;1052;36;3636.00;136
9476;35;624823107;9476;305;10530;10663;7.78;0.47;284.82;9.94;1054;36;3637.00;133
9477;35;624823121;9477;301;10531;10663;7.88;0.48;284.87;9.95;1054;36;3638.00;132
9481;35;624823135;9481;299;10532;10663;7.94;0.48;284.92;9.95;1051;36;3639.00;131
9484;35;624823150;9484;303;10533;10663;8.02;0.49;284.91;9.95;1049;36;3640.00;130
9486;35;624823164;9486;298;10534;10663;8.10;0.49;284.98;9.95;1048;36;3641.00;129
9490;35;624823178;9490;294;10537;10667;8.12;0.49;285.03;9.94;1047;36;3642.00;130
9492;35;624823193;9492;288;10539;10667;8.19;0.50;285.11;9.95;1047;36;3643.00;128
9493;35;624823208;9493;281;10543;10671;8.27;0.50;285.12;9.94;1050;36;3644.00;128
9494;35;624823223;9494;281;10545;10673;8.30;0.51;285.13;9.94;1051;36;3645.00;128
9496;35;624823245;9496;274;10545;10673;8.27;0.50;285.13;9.94;1049;36;3646.00;128
9498;35;624823260;9498;270;10545;10673;8.28;0.51;285.11;9.94;1047;36;3647.00;128
9499;35;624823274;9499;275;10554;10686;8.36;0.51;285.11;9.93;1055;36;3648.00;132
9501;35;624823295;9501;269;10554;10686;8.39;0.51;285.10;9.93;1053;36;3649.00;132
9509;35;624823311;9509;268;10554;10686;8.38;0.51;285.14;9.93;1045;36;3650.00;132
9511;35;624823325;9511;271;10555;10687;8.41;0.51;285.11;9.93;1044;36;3651.00;132
9513;35;624823339;9513;271;10555;10688;8.40;0.51;285.21;9.93;1042;36;3652.00;133
9515;35;624823353;9515;272;10555;10688;8.40;0.51;285.20;9.93;1040;36;3653.00;133
9519;35;624823368;9519;271;10557;10691;8.42;0.51;285.35;9.93;1038;36;3654.00;134
9523;35;624823382;9523;269;10557;10691;8.37;0.51;285.39;9.93;1034;36;3655.00;134
9527;35;624823397;9527;271;10558;10691;8.40;0.51;285.42;9.93;1031;36;3656.00;133
9528;35;624823412;9528;265;10558;10691;8.44;0.51;285.41;9.93;1030;36;3657.00;133
9530;35;624823426;9530;266;10564;10697;8.45;0.51;285.46;9.93;1034;36;3658.00;133
9532;35;624823439;9532;269;10564;10697;8.43;0.51;285.58;9.93;1032;36;3659.00;133
9535;35;624823455;9535;271;10564;10697;8.40;0.51;285.59;9.93;1029;36;3660.00;133
9538;35;624823469;9538;266;10565;10697;8.36;0.51;285.61;10.03;1027;36;3661.00;132
9540;35;624823483;9540;258;10567;10701;8.34;0.51;285.59;10.03;1027;36;3662.00;134
9545;35;624823496;9545;266;10568;10702;8.30;0.50;285.66;10.03;1023;36;3663.00;134
9551;35;624823510;9551;272;10568;10702;8.26;0.50;285.67;10.03;1017;36;3664.00;134
9553;35;624823524;9553;273;10569;10703;8.27;0.50;285.71;10.03;1016;36;3665.00;134
9556;35;624823537;9556;270;10569;10703;8.21;0.50;285.70;10.03;1013;36;3666.00;134
9557;35;624823551;9557;281;10569;10703;8.12;0.49;285.70;10.03;1012;36;3667.00;134
9559;35;624823564;9559;285;10570;10703;8.02;0.49;285.69;10.03;1011;36;3668.00;133
9562;35;624823577;9562;279;10570;10703;7.92;0.48;285.83;10.03;1008;36;3669.00;133
9566;35;624823590;9566;284;10570;10703;7.84;0.48;285.85;10.03;1004;36;3670.00;133
9567;35;624823604;9567;277;10571;10703;7.79;0.47;285.84;10.03;1004;36;3671.00;132
9569;35;624823617;9569;283;10603;10773;7.76;0.47;285.82;10.00;1034;36;3672.00;170
9571;35;624823635;9571;274;10606;10774;7.73;0.47;285.77;10.01;1035;36;3673.00;168
9574;35;624823649;9574;274;10611;10774;7.79;0.48;285.75;10.00;1037;36;3674.00;163
9576;35;624823664;9576;269;10617;10774;7.79;0.48;285.77;10.02;1041;36;3675.00;157
9578;35;624823680;9578;272;10621;10774;7.85;0.48;285.77;10.13;1043;36;3676.00;153
9580;35;624823694;9580;269;10625;10774;7.93;0.48;285.88;10.13;1045;36;3677.00;149
9586;35;624823708;9586;273;10628;10774;7.91;0.48;285.84;10.13;1042;36;3678.00;146
9590;35;624823722;9590;270;10631;10774;7.89;0.48;285.86;10.13;1041;36;3679.00;143
9592;35;624823735;9592;256;10633;10775;7.89;0.48;285.85;10.12;1041;36;3680.00;142
9597;35;624823760;9597;255;10634;10776;7.82;0.47;285.83;10.12;1037;36;3681.00;142
9597;35;624823773;9597;259;10635;10776;7.75;0.47;285.83;10.12;1038;36;3682.00;141
9601;35;624823786;9601;254;10639;10780;7.71;0.47;285.83;10.12;1038;36;3683.00;141
9604;35;624823798;9604;261;10640;10780;7.64;0.46;285.81;10.12;1036;36;3684.00;140
9606;35;624823811;9606;255;10640;10780;7.56;0.46;285.90;10.12;1034;36;3685.00;140
9608;35;624823822;9608;270;10640;10780;7.47;0.45;285.93;10.12;1032;36;3686.00;140
9609;35;624823835;9609;281;10645;10786;7.44;0.45;285.93;10.13;1036;36;3687.00;141
9612;35;624823848;9612;288;10645;10786;7.37;0.45;285.88;10.13;1033;36;3688.00;141
9614;35;624823860;9614;296;10646;10786;7.28;0.44;285.85;10.13;1032;36;3689.00;140
9616;35;624823874;9616;304;10650;10792;7.27;0.44;285.82;10.13;1034;36;3690.00;142
9619;35;624823887;9619;305;10652;10792;7.19;0.44;285.85;10.14;1033;36;3691.00;140
9621;35;624823900;9621;312;10655;10792;7.16;0.44;285.83;10.14;1034;36;3692.00;137
9628;35;624823912;9628;311;10655;10793;7.04;0.43;285.88;10.14;1027;36;3693.00;138
9628;35;624823923;9628;315;10657;10794;7.02;0.43;285.88;10.14;1029;36;3694.00;137
9629;35;624823936;9629;320;10659;10794;6.92;0.42;285.85;10.15;1030;36;3695.00;135
9632;35;624823947;9632;323;10669;10807;6.87;0.42;285.88;10.14;1037;36;3696.00;138
9634;35;624823959;9634;333;10670;10807;6.84;0.42;285.86;10.15;1036;36;3697.00;137
9638;35;624823971;9638;339;10670;10807;6.71;0.41;285.82;10.15;1032;36;3698.00;137
9645;35;624823982;9645;346;10672;10808;6.60;0.40;285.76;10.15;1027;36;3699.00;136
9646;35;624823994;9646;352;10672;10808;6.60;0.40;285.74;10.15;1026;36;3700.00;136
9647;35;624824008;9647;364;10678;10812;6.58;0.40;285.72;10.17;1031;36;3701.00;134
9651;35;624824020;9651;376;10678;10812;6.47;0.39;285.67;10.17;1027;36;3702.00;134
9651;35;624824031;9651;374;10684;10816;6.44;0.39;285.67;10.20;1033;36;3703.00;132
9652;35;624824042;9652;376;10685;10816;6.36;0.39;285.69;10.21;1033;36;3704.00;131
9655;35;624824052;9655;382;10687;10816;6.33;0.39;285.65;10.23;1032;36;3705.00;129
9656;35;624824063;9656;388;10687;10816;6.28;0.38;285.62;10.23;1031;36;3706.00;129
9659;35;624824074;9659;392;10689;10816;6.23;0.38;285.60;10.25;1030;36;3707.00;127
9663;35;624824085;9663;395;10699;10828;6.23;0.38;285.57;10.25;1036;36;3708.00;129
9667;35;624824097;9667;406;10702;10828;6.12;0.37;285.58;10.27;1035;36;3709.00;126
9670;35;624824107;9670;412;10703;10828;6.04;0.37;285.55;10.27;1033;36;3710.00;125
9670;35;624824118;9670;424;10705;10828;5.97;0.36;285.55;10.29;1035;36;3711.00;123
9672;35;624824128;9672;423;10709;10828;5.89;0.36;285.57;10.32;1037;36;3712.00;119
9673;35;624824138;9673;430;10710;10828;5.79;0.35;285.54;10.33;1037;36;3713.00;118
9675;35;624824149;9675;428;10713;10829;5.72;0.35;285.53;10.35;1038;36;3714.00;116
9678;35;624824160;9678;413;10714;10829;5.67;0.35;285.47;10.35;1036;36;3715.00;115
9680;35;624824170;9680;407;10719;10835;5.71;0.35;285.42;10.34;1039;36;3716.00;116
9683;35;624824182;9683;403;10723;10836;5.67;0.35;285.40;10.36;1040;36;3717.00;113
9683;35;624824193;9683;403;10723;10836;5.71;0.35;285.40;10.36;1040;36;3718.00;113
9686;35;624824204;9686;401;10724;10836;5.67;0.35;285.37;10.37;1038;36;3719.00;112
9686;35;624824216;9686;395;10728;10841;5.74;0.35;285.37;10.37;1042;36;3720.00;113
9688;35;624824233;9688;395;10730;10841;5.70;0.35;285.35;10.39;1042;36;3721.00;111
9688;35;624824250;9688;391;10730;10841;5.71;0.35;285.35;10.39;1042;36;3722.00;111
9690;35;624824262;9690;385;10734;10842;5.76;0.35;285.32;10.41;1044;36;3723.00;108
9694;35;624824273;9694;386;10738;10846;5.80;0.35;285.35;10.42;1044;36;3724.00;108
9694;35;624824285;9694;386;10738;10846;5.78;0.35;285.35;10.42;1044;36;3725.00;108
9696;35;624824295;9696;381;10743;10849;5.78;0.35;285.31;10.44;1047;36;3726.00;106
9698;35;624824307;9698;379;10743;10849;5.81;0.35;285.28;10.44;1045;36;3727.00;106
9699;35;624824318;9699;381;10745;10849;5.83;0.36;285.27;10.44;1046;36;3728.00;104
9702;35;624824329;9702;378;10746;10849;5.80;0.35;285.22;10.45;1044;36;3729.00;103
9704;35;624824339;9704;375;10750;10853;5.84;0.35;285.19;10.44;1046;36;3730.00;103
9706;35;624824351;9706;375;10751;10853;5.77;0.35;285.17;10.45;1045;36;3731.00;102
9708;35;624824361;9708;378;10752;10853;5.71;0.35;285.14;10.46;1044;36;3732.00;101
9710;35;624824372;9710;382;10752;10853;5.62;0.34;285.12;10.46;1042;36;3733.00;101
9713;35;624824382;9713;374;10753;10854;5.57;0.34;285.08;10.47;1040;36;3734.00;101
9716;35;624824393;9716;378;10755;10856;5.49;0.33;285.15;10.47;1039;36;3735.00;101
9718;36;624824404;9718;378;10755;10856;5.40;0.33;285.12;10.47;1037;37;3736.00;101
9723;36;624824421;9723;375;10757;10857;5.32;0.32;285.14;10.47;1034;37;3737.00;100
9725;36;624824431;9725;386;10759;10857;5.24;0.32;285.21;10.49;1034;37;3738.00;98
9726;36;624824441;9726;385;10760;10857;5.22;0.32;285.22;10.49;1034;37;3739.00;97
9729;36;624824452;9729;379;10760;10857;5.20;0.32;285.18;10.49;1031;37;3740.00;97
9733;36;624824462;9733;380;10761;10857;5.19;0.32;285.26;10.50;1028;37;3741.00;96
9734;36;624824473;9734;383;10762;10857;5.23;0.32;285.27;10.51;1028;37;3742.00;95
9737;36;624824483;9737;381;10762;10857;5.28;0.32;285.32;10.51;1025;37;3743.00;95
9739;36;624824494;9739;393;10825;10984;5.69;0.35;285.35;10.45;1086;37;3744.00;159
9742;36;624824514;9742;393;10830;10985;5.72;0.36;285.39;10.45;1088;37;3745.00;155
9743;36;624824527;9743;388;10839;10985;5.79;0.36;285.37;10.45;1096;37;3746.00;146
9746;36;624824538;9746;390;10845;10985;5.80;0.36;285.47;10.45;1099;37;3747.00;140
9749;36;624824549;9749;393;10850;10985;5.80;0.36;285.55;10.45;1101;37;3748.00;135
9751;36;624824561;9751;393;10854;10985;5.81;0.36;285.62;10.44;1103;37;3749.00;131
9754;36;624824573;9754;403;10857;10990;5.81;0.36;285.66;10.44;1103;37;3750.00;133
9757;36;624824585;9757;400;10860;10990;5.87;0.36;285.73;10.44;1103;37;3751.00;130
9760;36;624824598;9760;402;10861;10991;5.93;0.37;285.72;10.44;1101;37;3752.00;130
9762;36;624824610;9762;402;10865;10992;5.98;0.37;285.80;10.44;1103;37;3753.00;127
9768;36;624824622;9768;399;10869;10992;6.01;0.37;285.82;10.44;1101;37;3754.00;123
9770;36;624824635;9770;403;10872;10993;6.10;0.38;285.88;10.44;1102;37;3755.00;121
9773;36;624824647;9773;394;10879;10993;6.13;0.38;285.96;10.44;1106;37;3756.00;114
9777;36;624824660;9777;389;10882;10993;6.20;0.38;285.92;10.44;1105;37;3757.00;111
9782;36;624824677;9782;393;10883;10993;6.24;0.39;285.93;10.44;1101;37;3758.00;110
9786;36;624824704;9786;395;10889;10997;6.30;0.39;286.04;10.44;1103;37;3759.00;108
9794;36;624824727;9794;388;10890;10997;6.33;0.39;286.03;10.44;1096;37;3760.00;107
9795;36;624824747;9795;387;10891;10997;6.40;0.40;286.08;10.44;1096;37;3761.00;106
9799;36;624824765;9799;383;10894;11000;6.40;0.40;286.18;10.44;1095;37;3762.00;106
9807;36;624824781;9807;386;10894;11000;6.43;0.40;286.10;10.44;1087;37;3763.00;106
9811;36;624824796;9811;388;10894;11000;6.41;0.39;286.14;10.44;1083;37;3764.00;106
9818;36;624824811;9818;387;10897;11004;6.42;0.39;286.17;10.43;1079;37;3765.00;107
9823;36;624824826;9823;388;10899;11005;6.41;0.39;286.23;10.43;1076;37;3766.00;106
9827;36;624824841;9827;385;10900;11005;6.40;0.39;286.29;10.44;1073;37;3767.00;105
9833;36;624824856;9833;386;10904;11009;6.43;0.39;286.38;10.43;1071;37;3768.00;105
9838;36;624824870;9838;388;10905;11009;6.40;0.39;286.36;10.43;1067;37;3769.00;104
9842;36;624824884;9842;387;10905;11009;6.36;0.39;286.34;10.43;1063;37;3770.00;104
9848;36;624824898;9848;384;10906;11010;6.33;0.39;286.36;10.43;1058;37;3771.00;104
9854;36;624824911;9854;384;10906;11010;6.33;0.38;286.41;10.43;1052;37;3772.00;104
9857;36;624824923;9857;391;10911;11016;6.37;0.39;286.39;10.43;1054;37;3773.00;105
9861;36;624824937;9861;396;10911;11016;6.32;0.38;286.39;10.43;1050;37;3774.00;105
9865;36;624824950;9865;399;10911;11017;6.31;0.38;286.46;10.43;1046;37;3775.00;106
9867;36;624824964;9867;407;10911;11017;6.30;0.38;286.50;10.43;1044;37;3776.00;106
9870;36;624824977;9870;398;10911;11017;6.29;0.38;286.52;10.43;1041;37;3777.00;106
9872;36;624824990;9872;397;10911;11017;6.30;0.38;286.53;10.43;1039;37;3778.00;106
9874;36;624825003;9874;391;10911;11017;6.28;0.38;286.54;10.43;1037;37;3779.00;106
9874;36;624825017;9874;395;10937;11053;6.40;0.39;286.54;10.40;1063;37;3780.00;116
9875;36;624825033;9875;391;10937;11053;6.39;0.39;286.56;10.40;1062;37;3781.00;116
9880;36;624825047;9880;392;10940;11053;6.32;0.39;286.68;10.40;1060;37;3782.00;113
9883;36;624825060;9883;394;10940;11053;6.25;0.38;286.75;10.40;1057;37;3783.00;113
9885;36;624825079;9885;397;10942;11053;6.26;0.38;286.75;10.51;1057;37;3784.00;111
9889;36;624825093;9889;395;10942;11053;6.24;0.38;286.88;10.51;1053;37;3785.00;111
9891;36;624825108;9891;396;10946;11057;6.23;0.38;286.88;10.51;1055;37;3786.00;111
9895;36;624825120;9895;383;10946;11057;6.25;0.38;286.88;10.51;1051;37;3787.00;111
9898;36;624825133;9898;380;10950;11061;6.23;0.38;286.98;10.51;1052;37;3788.00;111
9900;36;624825147;9900;365;10951;11062;6.26;0.38;286.94;10.51;1051;37;3789.00;111
9904;36;624825161;9904;358;10951;11062;6.27;0.38;287.10;10.51;1047;37;3790.00;111
9908;36;624825173;9908;356;10951;11062;6.22;0.38;287.15;10.51;1043;37;3791.00;111
9913;36;624825188;9913;349;10962;11075;6.31;0.38;287.25;10.50;1049;37;3792.00;113
9914;36;624825203;9914;350;10962;11075;6.34;0.39;287.27;10.50;1048;37;3793.00;113
9916;36;624825217;9916;354;10962;11075;6.44;0.39;287.38;10.50;1046;37;3794.00;113
9919;36;624825229;9919;354;10963;11076;6.48;0.39;287.43;10.50;1044;37;3795.00;113
9922;36;624825243;9922;347;10963;11077;6.55;0.40;287.49;10.50;1041;37;3796.00;114
9926;36;624825257;9926;345;10963;11077;6.61;0.40;287.50;10.50;1037;37;3797.00;114
9931;36;624825271;9931;341;10965;11080;6.70;0.41;287.58;10.49;1034;37;3798.00;115
9933;36;624825286;9933;342;10965;11080;6.81;0.41;287.61;10.49;1032;37;3799.00;115
9935;36;624825301;9935;330;10967;11080;6.93;0.42;287.62;10.61;1032;37;3800.00;113
9938;36;624825319;9938;328;10967;11080;6.98;0.42;287.63;10.61;1029;37;3801.00;113
9943;36;624825338;9943;327;10972;11086;7.01;0.43;287.74;10.60;1029;37;3802.00;114
9948;36;624825353;9948;325;10972;11086;7.00;0.42;287.69;10.60;1024;37;3803.00;114
9949;36;624825367;9949;321;10972;11086;7.03;0.43;287.70;10.60;1023;37;3804.00;114
9952;36;624825381;9952;322;10972;11086;7.04;0.43;287.78;10.60;1020;37;3805.00;114
9954;36;624825394;9954;328;10975;11090;7.01;0.43;287.86;10.60;1021;37;3806.00;115
9955;36;624825408;9955;324;10976;11091;7.05;0.43;287.88;10.60;1021;37;3807.00;115
9959;36;624825421;9959;328;10976;11091;7.04;0.43;287.89;10.60;1017;37;3808.00;115
9961;36;624825434;9961;329;10977;11092;7.06;0.43;287.92;10.60;1016;37;3809.00;115
9966;36;624825450;9966;328;10977;11092;7.10;0.43;287.87;10.60;1011;37;3810.00;115
9968;36;624825463;9968;320;10978;11092;7.15;0.43;287.94;10.72;1010;37;3811.00;114
9968;36;624825478;9968;317;10978;11092;7.22;0.44;287.94;10.72;1010;37;3812.00;114
9970;36;624825496;9970;317;10978;11092;7.24;0.44;287.99;10.72;1008;37;3813.00;114
9973;36;624825510;9973;311;10978;11092;7.30;0.44;287.94;10.72;1005;37;3814.00;114
9976;36;624825523;9976;311;10978;11092;7.33;0.45;288.04;10.72;1002;37;3815.00;114
9977;36;624825536;9977;319;11015;11162;7.36;0.45;288.06;10.68;1038;37;3816.00;147
9979;36;624825554;9979;304;11015;11163;7.42;0.45;288.07;10.68;1036;37;3817.00;148
9981;36;624825568;9981;303;11021;11163;7.49;0.46;288.12;10.68;1040;37;3818.00;142
9985;36;624825582;9985;303;11023;11163;7.56;0.46;288.10;10.67;1038;37;3819.00;140
9990;36;624825596;9990;300;11026;11163;7.59;0.46;288.09;10.67;1036;37;3820.00;137
9993;36;624825610;9993;300;11029;11163;7.63;0.46;288.17;10.67;1036;37;3821.00;134
9995;36;624825625;9995;304;11034;11163;7.70;0.47;288.20;10.67;1039;37;3822.00;129
9996;36;624825639;9996;304;11036;11163;7.80;0.47;288.27;10.67;1040;37;3823.00;127
10000;36;624825652;10000;304;11038;11164;7.78;0.47;288.44;10.67;1038;37;3824.00;126
10001;36;624825666;10001;310;11041;11166;7.81;0.47;288.50;10.67;1040;37;3825.00;125
10005;36;624825680;10005;304;11044;11166;7.79;0.47;288.56;10.67;1039;37;3826.00;122
10006;36;624825694;10006;307;11049;11170;7.80;0.47;288.54;10.66;1043;37;3827.00;121
10006;36;624825707;10006;308;11049;11170;7.84;0.48;288.54;10.66;1043;37;3828.00;121
10011;36;624825722;10011;304;11049;11170;7.79;0.47;288.59;10.66;1038;37;3829.00;121
10012;36;624825734;10012;306;11049;11170;7.80;0.47;288.59;10.66;1037;37;3830.00;121
10014;36;624825748;10014;307;11053;11176;7.88;0.48;288.61;10.66;1039;37;3831.00;123
10015;36;624825761;10015;305;11053;11176;7.87;0.48;288.60;10.66;1038;37;3832.00;123
10018;36;624825774;10018;313;11053;11176;7.88;0.48;288.69;10.66;1035;37;3833.00;123
10020;36;624825787;10020;312;11055;11179;7.96;0.49;288.69;10.66;1035;37;3834.00;124
10023;36;624825800;10023;311;11055;11179;7.94;0.48;288.69;10.66;1032;37;3835.00;124
10027;36;624825813;10027;313;11057;11179;7.91;0.48;288.73;10.77;1030;37;3836.00;122
10028;36;624825825;10028;319;11057;11180;7.85;0.48;288.71;10.77;1029;37;3837.00;123
10033;36;624825837;10033;327;11058;11181;7.76;0.47;288.74;10.77;1025;37;3838.00;123
10039;36;624825849;10039;322;11058;11181;7.60;0.46;288.72;10.77;1019;37;3839.00;123
10044;36;624825863;10044;324;11075;11207;7.45;0.45;288.67;10.76;1031;37;3840.00;132
10049;36;624825882;10049;313;11075;11207;7.27;0.44;288.63;10.76;1026;37;3841.00;132
10050;36;624825894;10050;309;11077;11207;7.25;0.44;288.62;10.76;1027;37;3842.00;130
10054;36;624825906;10054;311;11079;11208;7.21;0.44;288.57;10.75;1025;37;3843.00;129
10058;36;624825918;10058;313;11079;11208;7.21;0.44;288.53;10.75;1021;37;3844.00;129
10060;36;624825929;10060;305;11083;11212;7.26;0.44;288.51;10.76;1023;37;3845.00;129
10063;36;624825943;10063;303;11084;11214;7.31;0.44;288.54;10.76;1021;37;3846.00;130
10069;36;624825955;10069;304;11088;11218;7.28;0.44;288.54;10.76;1019;37;3847.00;130
10076;36;624825968;10076;301;11088;11218;7.23;0.44;288.52;10.76;1012;37;3848.00;130
10076;36;624825979;10076;296;11088;11218;7.28;0.44;288.52;10.76;1012;37;3849.00;130
10081;36;624825990;10081;303;11088;11218;7.23;0.44;288.52;10.76;1007;37;3850.00;130
10084;36;624826002;10084;303;11088;11218;7.14;0.44;288.54;10.76;1004;37;3851.00;130
10088;36;624826013;10088;308;11097;11230;7.13;0.44;288.48;10.75;1009;37;3852.00;133
10089;36;624826025;10089;313;11099;11230;7.13;0.43;288.46;10.87;1010;37;3853.00;131
10094;36;624826036;10094;317;11100;11230;7.11;0.43;288.41;10.87;1006;37;3854.00;130
10098;36;624826048;10098;320;11100;11230;7.09;0.43;288.35;10.87;1002;37;3855.00;130
10098;36;624826059;10098;333;11100;11230;7.10;0.43;288.35;10.87;1002;37;3856.00;130
10099;36;624826070;10099;335;11101;11230;7.07;0.43;288.35;10.87;1002;37;3857.00;129
10101;36;624826082;10101;333;11101;11231;7.02;0.43;288.34;10.87;1000;37;3858.00;130
10103;36;624826094;10103;340;11102;11231;6.95;0.42;288.31;10.87;999;37;3859.00;129
10105;36;624826105;10105;348;11107;11237;6.92;0.42;288.35;10.87;1002;37;3860.00;130
10105;36;624826117;10105;353;11108;11238;6.89;0.42;288.35;10.87;1003;37;3861.00;130
10106;36;624826128;10106;357;11110;11238;6.85;0.42;288.34;10.88;1004;37;3862.00;128
10107;36;624826139;10107;363;11112;11238;6.77;0.41;288.35;10.88;1005;37;3863.00;126
10111;36;624826151;10111;367;11116;11242;6.69;0.41;288.35;10.88;1005;37;3864.00;126
10111;36;624826163;10111;369;11116;11242;6.62;0.40;288.35;10.88;1005;37;3865.00;126
10115;36;624826173;10115;372;11116;11242;6.56;0.40;288.32;10.88;1001;37;3866.00;126
10118;36;624826184;10118;367;11118;11243;6.52;0.40;288.30;10.89;1000;37;3867.00;125
10121;36;624826196;10121;362;11121;11247;6.47;0.39;288.27;10.89;1000;37;3868.00;126
10123;36;624826207;10123;356;11121;11247;6.44;0.39;288.30;10.89;998;37;3869.00;126
10124;36;624826225;10124;354;11127;11253;6.50;0.40;288.27;10.91;1003;37;3870.00;126
10125;36;624826237;10125;348;11128;11253;6.49;0.40;288.26;10.90;1003;37;3871.00;125
10128;36;624826248;10128;355;11129;11253;6.52;0.40;288.32;10.90;1001;37;3872.00;124
10128;36;624826260;10128;350;11130;11253;6.52;0.40;288.32;10.91;1002;37;3873.00;123
10129;36;624826271;10129;358;11136;11257;6.58;0.40;288.31;10.93;1007;37;3874.00;121
10131;36;624826283;10131;366;11136;11257;6.52;0.40;288.33;10.93;1005;37;3875.00;121
10132;36;624826294;10132;360;11138;11257;6.47;0.39;288.32;10.95;1006;37;3876.00;119
10132;36;624826305;10132;360;11138;11257;6.45;0.39;288.32;10.95;1006;37;3877.00;119
10133;36;624826316;10133;355;11140;11258;6.44;0.39;288.33;10.97;1007;37;3878.00;118
10136;36;624826333;10136;354;11141;11259;6.38;0.39;288.38;10.97;1005;37;3879.00;118
10137;36;624826345;10137;367;11143;11259;6.37;0.39;288.36;10.98;1006;37;3880.00;116
10138;36;624826355;10138;370;11144;11260;6.33;0.39;288.36;10.98;1006;37;3881.00;116
10140;36;624826372;10140;379;11145;11260;6.25;0.38;288.36;11.00;1005;37;3882.00;115
10141;36;624826383;10141;385;11145;11260;6.16;0.38;288.35;11.00;1004;37;3883.00;115
10143;36;624826393;10143;390;11146;11260;6.10;0.37;288.34;11.01;1003;37;3884.00;114
10144;36;624826404;10144;394;11147;11260;6.01;0.37;288.33;11.02;1003;37;3885.00;113
10146;36;624826415;10146;396;11147;11260;5.92;0.36;288.34;11.02;1001;37;3886.00;113
10147;36;624826431;10147;402;11150;11260;5.84;0.36;288.32;11.06;1003;37;3887.00;110
10151;36;624826441;10151;416;11214;11387;6.07;0.38;288.33;10.99;1063;37;3888.00;173
10152;36;624826462;10152;415;11217;11388;6.03;0.37;288.31;10.99;1065;37;3889.00;171
10154;36;624826487;10154;402;11228;11388;6.05;0.37;288.35;10.99;1074;37;3890.00;160
10155;36;624826498;10155;395;11234;11388;6.01;0.37;288.33;10.99;1079;37;3891.00;154
10160;36;624826510;10160;395;11242;11388;6.00;0.37;288.43;11.00;1082;37;3892.00;146
10160;36;624826521;10160;395;11245;11388;5.95;0.37;288.43;11.00;1085;37;3893.00;143
10161;36;624826532;10161;396;11247;11388;5.90;0.36;288.41;11.00;1086;37;3894.00;141
10162;36;624826544;10162;396;11250;11388;5.91;0.36;288.41;11.01;1088;37;3895.00;138
10165;36;624826556;10165;389;11253;11389;5.95;0.37;288.43;11.01;1088;37;3896.00;136
10166;36;624826569;10166;397;11260;11390;5.97;0.37;288.41;11.04;1094;37;3897.00;130
10168;36;624826580;10168;403;11263;11390;5.98;0.37;288.48;11.04;1095;37;3898.00;127
10170;36;624826592;10170;398;11265;11391;5.96;0.37;288.51;11.04;1095;37;3899.00;126
10173;36;624826608;10173;402;11274;11406;5.94;0.36;288.47;11.04;1101;37;3900.00;132
10174;36;624826625;10174;405;11277;11406;5.93;0.36;288.46;11.04;1103;37;3901.00;129
10177;36;624826638;10177;410;11280;11406;5.91;0.36;288.51;11.05;1103;37;3902.00;126
10180;36;624826649;10180;417;11283;11410;5.90;0.36;288.54;11.05;1103;37;3903.00;127
10186;36;624826662;10186;418;11284;11410;5.83;0.36;288.46;11.05;1098;37;3904.00;126
10189;36;624826678;10189;420;11286;11410;5.80;0.36;288.50;11.06;1097;37;3905.00;124
10191;36;624826699;10191;419;11290;11413;5.79;0.36;288.53;11.06;1099;37;3906.00;123
10196;36;624826717;10196;430;11292;11413;5.70;0.35;288.56;11.07;1096;37;3907.00;121
10199;36;624826736;10199;431;11294;11413;5.68;0.35;288.62;11.08;1095;37;3908.00;119
10205;36;624826754;10205;431;11297;11417;5.63;0.35;288.67;11.07;1092;37;3909.00;120
10206;36;624826782;10206;422;11299;11418;5.63;0.35;288.65;11.08;1093;37;3910.00;119
10208;36;624826797;10208;412;11302;11418;5.66;0.35;288.72;11.09;1094;37;3911.00;116
10213;36;624826810;10213;406;11307;11422;5.69;0.35;288.81;11.08;1094;37;3912.00;115
10215;36;624826824;10215;402;11308;11422;5.76;0.35;288.80;11.09;1093;37;3913.00;114
10220;36;624826837;10220;395;11310;11422;5.79;0.35;288.76;11.10;1090;37;3914.00;112
10225;36;624826858;10225;405;11312;11424;5.80;0.35;288.87;11.10;1087;37;3915.00;112
10225;36;624826872;10225;403;11313;11424;5.86;0.36;288.87;11.10;1088;37;3916.00;111
10228;36;624826885;10228;395;11319;11430;5.90;0.36;288.99;11.11;1091;37;3917.00;111
10231;36;624826899;10231;401;11321;11430;5.93;0.36;289.10;11.11;1090;37;3918.00;109
10235;36;624826913;10235;396;11322;11431;5.94;0.36;289.18;11.12;1087;37;3919.00;109
10237;36;624826932;10237;392;11322;11431;5.95;0.36;289.22;11.12;1085;37;3920.00;109
10239;36;624826945;10239;385;11323;11431;5.94;0.36;289.21;11.13;1084;37;3921.00;108
10245;36;624826958;10245;384;11323;11431;5.92;0.36;289.28;11.13;1078;37;3922.00;108
10248;36;624826972;10248;370;11324;11431;5.95;0.36;289.32;11.13;1076;37;3923.00;107
10256;36;624826985;10256;368;11333;11443;5.96;0.36;289.33;11.12;1077;37;3924.00;110
10259;36;624826999;10259;367;11334;11443;6.04;0.37;289.32;11.12;1075;37;3925.00;109
10264;36;624827012;10264;364;11335;11443;6.09;0.37;289.43;11.12;1071;37;3926.00;108
10266;36;624827025;10266;374;11337;11443;6.16;0.37;289.47;11.12;1071;37;3927.00;106
10271;36;624827038;10271;373;11337;11443;6.21;0.38;289.52;11.12;1066;37;3928.00;106
10273;36;624827051;10273;380;11339;11443;6.26;0.38;289.53;11.12;1066;37;3929.00;104
10275;36;624827066;10275;374;11342;11447;6.32;0.39;289.56;11.12;1067;37;3930.00;105
10282;36;624827079;10282;377;11342;11447;6.30;0.38;289.66;11.12;1060;37;3931.00;105
10285;36;624827095;10285;377;11346;11451;6.32;0.38;289.62;11.11;1061;37;3932.00;105
10291;36;624827109;10291;374;11347;11452;6.28;0.38;289.75;11.11;1056;37;3933.00;105
10294;36;624827122;10294;372;11347;11452;6.24;0.38;289.79;11.11;1053;37;3934.00;105
10295;36;624827135;10295;380;11347;11452;6.25;0.38;289.85;11.11;1052;37;3935.00;105
10300;36;624827147;10300;376;11358;11465;6.16;0.38;289.91;11.10;1058;37;3936.00;107
10305;36;624827161;10305;375;11358;11465;6.09;0.37;289.91;11.10;1053;37;3937.00;107
10310;36;624827174;10310;372;11358;11465;6.05;0.37;290.01;11.10;1048;37;3938.00;107
10312;36;624827187;10312;373;11359;11466;6.05;0.37;290.03;11.10;1047;37;3939.00;107
10314;36;624827199;10314;374;11359;11467;6.04;0.37;290.04;11.10;1045;37;3940.00;108
10317;36;624827213;10317;369;11360;11467;6.00;0.37;290.06;11.23;1043;37;3941.00;107
10320;36;624827226;10320;370;11362;11470;6.01;0.37;290.18;11.22;1042;37;3942.00;108
10323;36;624827239;10323;372;11362;11470;5.97;0.37;290.17;11.22;1039;37;3943.00;108
10331;36;624827252;10331;371;11363;11470;5.89;0.36;290.18;11.22;1032;37;3944.00;107
10334;36;624827265;10334;373;11363;11470;5.89;0.36;290.15;11.22;1029;37;3945.00;107
10338;36;624827277;10338;372;11368;11476;5.91;0.36;290.24;11.22;1030;37;3946.00;108
10342;36;624827290;10342;367;11368;11476;5.88;0.36;290.31;11.22;1026;37;3947.00;108
10346;36;624827302;10346;368;11368;11476;5.87;0.36;290.31;11.22;1022;37;3948.00;108
10351;36;624827314;10351;370;11368;11476;5.82;0.36;290.37;11.22;1017;37;3949.00;108
10356;36;624827326;10356;364;11371;11480;5.79;0.36;290.40;11.22;1015;37;3950.00;109
10362;36;624827338;10362;365;11372;11481;5.79;0.36;290.49;11.21;1010;37;3951.00;109
10364;36;624827351;10364;371;11372;11481;5.80;0.36;290.48;11.21;1008;37;3952.00;109
10370;36;624827362;10370;367;11373;11482;5.75;0.35;290.61;11.21;1003;37;3953.00;109
10372;36;624827374;10372;371;11373;11482;5.73;0.35;290.65;11.21;1001;37;3954.00;109
10375;36;624827386;10375;379;11373;11482;5.65;0.35;290.66;11.21;998;37;3955.00;109
10381;36;624827397;10381;385;11373;11482;5.60;0.34;290.68;11.21;992;37;3956.00;109
10387;36;624827409;10387;380;11373;11482;5.59;0.34;290.69;11.21;986;37;3957.00;109
10388;36;624827420;10388;379;11373;11482;5.61;0.34;290.73;11.21;985;37;3958.00;109
10392;36;624827432;10392;373;11373;11482;5.53;0.34;290.77;11.21;981;37;3959.00;109
10398;36;624827445;10398;391;11443;11607;5.63;0.35;290.96;11.15;1045;37;3960.00;164
10402;36;624827466;10402;387;11445;11608;5.61;0.35;291.08;11.14;1043;37;3961.00;163
10404;36;624827480;10404;380;11451;11608;5.70;0.35;291.13;11.14;1047;37;3962.00;157
10407;36;624827492;10407;371;11453;11608;5.76;0.35;291.14;11.14;1046;37;3963.00;155
10409;36;624827505;10409;381;11458;11608;5.83;0.36;291.13;11.13;1049;37;3964.00;150
10416;36;624827523;10416;388;11460;11608;5.85;0.36;291.13;11.13;1044;37;3965.00;148
10417;36;624827537;10417;376;11465;11608;5.94;0.36;291.18;11.13;1048;37;3966.00;143
10418;36;624827549;10418;373;11468;11608;6.03;0.37;291.20;11.13;1050;37;3967.00;140
10420;36;624827563;10420;372;11472;11609;6.08;0.37;291.23;11.13;1052;37;3968.00;137
10421;36;624827575;10421;375;11475;11610;6.07;0.37;291.25;11.13;1054;37;3969.00;135
10422;36;624827595;10422;376;11480;11610;6.02;0.37;291.31;11.13;1058;37;3970.00;130
10425;36;624827609;10425;372;11483;11614;5.99;0.37;291.35;11.12;1058;37;3971.00;131
10428;36;624827623;10428;379;11483;11614;5.98;0.37;291.33;11.12;1055;37;3972.00;131
10430;36;624827643;10430;383;11483;11614;5.98;0.37;291.41;11.12;1053;37;3973.00;131
10430;36;624827656;10430;395;11483;11614;6.04;0.37;291.41;11.12;1053;37;3974.00;131
10434;36;624827669;10434;395;11488;11620;6.01;0.37;291.54;11.12;1054;37;3975.00;132
10440;36;624827684;10440;405;11488;11620;5.96;0.36;291.61;11.12;1048;37;3976.00;132
10440;36;624827697;10440;402;11488;11620;6.02;0.37;291.61;11.12;1048;37;3977.00;132
10444;36;624827709;10444;403;11490;11623;6.03;0.37;291.66;11.12;1046;37;3978.00;133
10448;36;624827724;10448;406;11490;11623;6.09;0.37;291.68;11.12;1042;37;3979.00;133
10449;36;624827736;10449;405;11491;11623;6.14;0.37;291.74;11.24;1042;37;3980.00;132
10450;36;624827749;10450;404;11491;11624;6.18;0.38;291.72;11.24;1041;37;3981.00;133
10453;36;624827767;10453;400;11492;11625;6.17;0.38;291.79;11.24;1039;37;3982.00;133
10456;36;624827779;10456;394;11493;11625;6.20;0.38;291.78;11.24;1037;37;3983.00;132
10459;36;624827792;10459;395;11503;11638;6.26;0.38;291.83;11.23;1044;37;3984.00;135
10462;37;624827805;10462;391;11503;11638;6.28;0.38;291.84;11.23;1041;38;3985.00;135
10464;37;624827825;10464;385;11503;11638;6.30;0.38;291.88;11.23;1039;38;3986.00;135
10473;37;624827837;10473;385;11504;11639;6.27;0.38;291.95;11.23;1031;38;3987.00;135
10474;37;624827850;10474;381;11504;11639;6.34;0.38;291.95;11.23;1030;38;3988.00;135
10477;37;624827861;10477;379;11507;11643;6.37;0.39;291.92;11.22;1030;38;3989.00;136
10478;37;624827876;10478;383;11508;11643;6.46;0.39;291.90;11.22;1030;38;3990.00;135
10478;37;624827892;10478;382;11511;11647;6.51;0.39;291.90;11.22;1033;38;3991.00;136
10479;37;624827904;10479;376;11511;11647;6.61;0.40;291.88;11.22;1032;38;3992.00;136
10480;37;624827916;10480;377;11512;11647;6.72;0.41;291.89;11.22;1032;38;3993.00;135
10482;37;624827929;10482;376;11512;11647;6.77;0.41;291.91;11.22;1030;38;3994.00;135
10483;37;624827943;10483;374;11512;11647;6.80;0.41;291.92;11.22;1029;38;3995.00;135
10486;37;624827955;10486;383;11523;11659;6.90;0.42;291.86;11.21;1037;38;3996.00;136
10488;37;624827971;10488;386;11523;11659;6.89;0.42;291.84;11.21;1035;38;3997.00;136
10491;37;624827984;10491;395;11523;11659;6.88;0.42;291.78;11.21;1032;38;3998.00;136
10492;37;624827997;10492;396;11523;11659;6.90;0.42;291.76;11.21;1031;38;3999.00;136
10494;37;624828011;10494;396;11523;11659;6.89;0.42;291.71;11.21;1029;38;4000.00;136
10497;37;624828029;10497;399;11523;11659;6.88;0.42;291.67;11.21;1026;38;4001.00;136
10500;37;624828041;10500;406;11523;11660;6.86;0.42;291.74;11.21;1023;38;4002.00;137
10502;37;624828052;10502;403;11523;11660;6.85;0.42;291.71;11.21;1021;38;4003.00;137
10502;37;624828064;10502;406;11528;11666;6.88;0.42;291.71;11.20;1026;38;4004.00;138
10504;37;624828076;10504;401;11530;11668;6.86;0.42;291.70;11.20;1026;38;4005.00;138
10506;37;624828088;10506;405;11530;11668;6.80;0.41;291.69;11.20;1024;38;4006.00;138
10506;37;624828100;10506;418;11530;11668;6.77;0.41;291.69;11.20;1024;38;4007.00;138
10508;37;624828111;10508;414;11533;11672;6.75;0.41;291.74;11.20;1025;38;4008.00;139
10511;37;624828123;10511;416;11533;11672;6.71;0.41;291.75;11.20;1022;38;4009.00;139
10512;37;624828135;10512;412;11533;11672;6.66;0.40;291.74;11.20;1021;38;4010.00;139
10516;37;624828146;10516;415;11535;11673;6.60;0.40;291.69;11.32;1019;38;4011.00;138
10517;37;624828159;10517;410;11538;11677;6.53;0.40;291.68;11.32;1021;38;4012.00;139
10519;37;624828170;10519;410;11538;11677;6.43;0.39;291.67;11.32;1019;38;4013.00;139
10521;37;624828181;10521;411;11541;11680;6.31;0.38;291.63;11.33;1020;38;4014.00;139
10523;37;624828193;10523;411;11543;11680;6.23;0.38;291.60;11.34;1020;38;4015.00;137
10525;37;624828204;10525;411;11543;11680;6.21;0.38;291.60;11.34;1018;38;4016.00;137
10526;37;624828215;10526;411;11543;11680;6.18;0.38;291.58;11.34;1017;38;4017.00;137
10531;37;624828226;10531;418;11547;11684;6.19;0.38;291.54;11.34;1016;38;4018.00;137
10533;37;624828238;10533;402;11547;11684;6.21;0.38;291.52;11.34;1014;38;4019.00;137
10533;37;624828251;10533;392;11547;11684;6.26;0.38;291.52;11.34;1014;38;4020.00;137
10533;37;624828263;10533;388;11547;11684;6.30;0.38;291.52;11.34;1014;38;4021.00;137
10535;37;624828274;10535;384;11547;11685;6.34;0.39;291.55;11.34;1012;38;4022.00;138
10538;37;624828285;10538;377;11548;11686;6.40;0.39;291.62;11.34;1010;38;4023.00;138
10539;37;624828297;10539;374;11548;11686;6.45;0.39;291.62;11.34;1009;38;4024.00;138
10540;37;624828308;10540;366;11549;11687;6.50;0.39;291.60;11.33;1009;38;4025.00;138
10541;37;624828320;10541;362;11550;11687;6.52;0.40;291.58;11.45;1009;38;4026.00;137
10543;37;624828330;10543;356;11550;11687;6.59;0.40;291.62;11.45;1007;38;4027.00;137
10545;37;624828342;10545;356;11550;11687;6.60;0.40;291.64;11.45;1005;38;4028.00;137
10548;37;624828353;10548;351;11550;11687;6.63;0.40;291.65;11.45;1002;38;4029.00;137
10548;37;624828364;10548;350;11550;11687;6.65;0.40;291.65;11.45;1002;38;4030.00;137
10551;37;624828374;10551;353;11550;11687;6.63;0.40;291.61;11.45;999;38;4031.00;137
10552;37;624828386;10552;366;11619;11814;6.88;0.42;291.61;11.39;1067;38;4032.00;195
10553;37;624828407;10553;354;11622;11815;6.90;0.43;291.60;11.38;1069;38;4033.00;193
10554;37;624828424;10554;349;11631;11815;6.96;0.43;291.61;11.38;1077;38;4034.00;184
10556;37;624828436;10556;346;11632;11815;6.96;0.43;291.58;11.38;1076;38;4035.00;183
10557;37;624828448;10557;337;11639;11815;6.92;0.43;291.58;11.38;1082;38;4036.00;176
10558;37;624828467;10558;341;11640;11815;6.85;0.42;291.57;11.38;1082;38;4037.00;175
10561;37;624828479;10561;346;11643;11815;6.81;0.42;291.54;11.38;1082;38;4038.00;172
10563;37;624828491;10563;353;11646;11815;6.79;0.42;291.51;11.38;1083;38;4039.00;169
10564;37;624828503;10564;355;11650;11816;6.70;0.41;291.50;11.38;1086;38;4040.00;166
10566;37;624828516;10566;362;11656;11817;6.62;0.41;291.63;11.40;1090;38;4041.00;161
10566;37;624828528;10566;367;11659;11817;6.56;0.40;291.63;11.40;1093;38;4042.00;158
10568;37;624828540;10568;382;11663;11818;6.46;0.40;291.64;11.42;1095;38;4043.00;155
10572;37;624828552;10572;391;11666;11818;6.36;0.39;291.67;11.42;1094;38;4044.00;152
10573;37;624828565;10573;394;11670;11818;6.33;0.39;291.71;11.43;1097;38;4045.00;148
10574;37;624828577;10574;402;11671;11818;6.37;0.39;291.70;11.44;1097;38;4046.00;147
10580;37;624828589;10580;407;11677;11822;6.32;0.39;291.72;11.45;1097;38;4047.00;145
10582;37;624828602;10582;409;11679;11822;6.25;0.38;291.76;11.45;1097;38;4048.00;143
10583;37;624828614;10583;420;11679;11822;6.21;0.38;291.76;11.45;1096;38;4049.00;143
10584;37;624828629;10584;423;11686;11828;6.20;0.38;291.76;11.47;1102;38;4050.00;142
10586;37;624828641;10586;428;11686;11828;6.17;0.38;291.77;11.47;1100;38;4051.00;142
10589;37;624828653;10589;435;11689;11828;6.15;0.38;291.78;11.49;1100;38;4052.00;139
10594;37;624828666;10594;446;11695;11832;6.10;0.37;291.84;11.50;1101;38;4053.00;137
10595;37;624828684;10595;447;11697;11833;6.13;0.38;291.84;11.51;1102;38;4054.00;136
10599;37;624828705;10599;458;11698;11833;6.10;0.37;291.80;11.52;1099;38;4055.00;135
10602;37;624828726;10602;462;11703;11837;6.03;0.37;291.84;11.52;1101;38;4056.00;134
10604;37;624828746;10604;465;11704;11837;5.98;0.37;291.84;11.52;1100;38;4057.00;133
10605;37;624828764;10605;467;11706;11837;5.92;0.36;291.89;11.53;1101;38;4058.00;131
10607;37;624828779;10607;464;11708;11838;5.90;0.36;292.00;11.55;1101;38;4059.00;130
10610;37;624828794;10610;465;11709;11838;5.86;0.36;291.96;11.55;1099;38;4060.00;129
10611;37;624828808;10611;462;11715;11844;5.87;0.36;291.97;11.55;1104;38;4061.00;129
10611;37;624828823;10611;460;11715;11844;5.86;0.36;291.97;11.55;1104;38;4062.00;129
10613;37;624828836;10613;460;11717;11845;5.80;0.36;291.99;11.57;1104;38;4063.00;128
10616;37;624828849;10616;449;11717;11845;5.82;0.36;292.01;11.57;1101;39;4064.00;128
10617;37;624828869;10617;442;11717;11845;5.82;0.36;291.99;11.57;1100;39;4065.00;128
10619;37;624828883;10619;439;11718;11845;5.80;0.36;291.97;11.58;1099;39;4066.00;127
10619;37;624828898;10619;440;11718;11845;5.79;0.36;291.97;11.58;1099;39;4067.00;127
10621;37;624828910;10621;434;11732;11857;5.84;0.36;292.03;11.60;1111;39;4068.00;125
10623;37;624828924;10623;431;11732;11857;5.84;0.36;292.04;11.60;1109;39;4069.00;125
10625;37;624828938;10625;432;11733;11857;5.81;0.36;292.11;11.61;1108;39;4070.00;124
10627;37;624828951;10627;435;11733;11857;5.81;0.36;292.16;11.61;1106;39;4071.00;124
10629;37;624828965;10629;436;11733;11857;5.81;0.36;292.19;11.61;1104;39;4072.00;124
10633;37;624828979;10633;438;11736;11857;5.76;0.35;292.26;11.64;1103;39;4073.00;121
10636;37;624828992;10636;435;11739;11861;5.72;0.35;292.23;11.64;1103;39;4074.00;122
10641;37;624829005;10641;440;11739;11861;5.67;0.35;292.42;11.64;1098;39;4075.00;122
10644;37;624829019;10644;431;11744;11865;5.66;0.35;292.40;11.64;1100;39;4076.00;121
10649;37;624829039;10649;427;11745;11866;5.59;0.34;292.42;11.64;1096;39;4077.00;121
10652;37;624829057;10652;431;11748;11866;5.57;0.34;292.49;11.66;1096;39;4078.00;118
10658;37;624829071;10658;432;11748;11866;5.53;0.34;292.52;11.66;1090;39;4079.00;118
10661;37;624829092;10661;427;11770;11895;5.55;0.34;292.49;11.64;1109;39;4080.00;125
10665;37;624829108;10665;424;11772;11895;5.53;0.34;292.62;11.65;1107;39;4081.00;123
10667;37;624829121;10667;426;11774;11895;5.57;0.34;292.65;11.65;1107;39;4082.00;121
10671;37;624829132;10671;425;11776;11896;5.59;0.34;292.72;11.65;1105;39;4083.00;120
10673;37;624829145;10673;426;11777;11897;5.58;0.34;292.79;11.66;1104;39;4084.00;120
10677;37;624829157;10677;428;11777;11897;5.62;0.35;292.81;11.66;1100;39;4085.00;120
10683;37;624829170;10683;426;11782;11900;5.64;0.35;292.97;11.67;1099;39;4086.00;118
10689;37;624829184;10689;416;11782;11900;5.61;0.34;293.04;11.67;1093;39;4087.00;118
10690;37;624829198;10690;408;11784;11900;5.70;0.35;293.05;11.68;1094;39;4088.00;116
10697;37;624829212;10697;399;11784;11900;5.75;0.35;293.16;11.68;1087;39;4089.00;116
10702;37;624829225;10702;393;11789;11906;5.84;0.36;293.22;11.68;1087;39;4090.00;117
10705;37;624829239;10705;386;11789;11906;5.90;0.36;293.27;11.68;1084;39;4091.00;117
10709;37;624829253;10709;378;11789;11906;5.99;0.37;293.29;11.68;1080;39;4092.00;117
10711;37;624829266;10711;377;11789;11906;6.08;0.37;293.32;11.68;1078;39;4093.00;117
10716;37;624829278;10716;383;11792;11910;6.14;0.37;293.51;11.67;1076;39;4094.00;118
10718;37;624829292;10718;378;11794;11912;6.28;0.38;293.50;11.67;1076;39;4095.00;118
10722;37;624829305;10722;379;11794;11912;6.37;0.39;293.61;11.67;1072;39;4096.00;118
10726;37;624829325;10726;373;11795;11913;6.45;0.39;293.75;11.67;1069;39;4097.00;118
10730;37;624829338;10730;373;11795;11913;6.50;0.40;293.76;11.67;1065;39;4098.00;118
10738;37;624829351;10738;372;11795;11913;6.49;0.40;293.85;11.67;1057;39;4099.00;118
10742;37;624829364;10742;371;11795;11913;6.46;0.39;293.86;11.67;1053;39;4100.00;118
10749;37;624829381;10749;382;11795;11913;6.42;0.39;293.95;11.67;1046;39;4101.00;118
10753;37;624829395;10753;383;11795;11913;6.36;0.39;294.04;11.67;1042;39;4102.00;118
10759;37;624829408;10759;387;11795;11913;6.29;0.38;294.08;11.67;1036;39;4103.00;118
10761;37;624829420;10761;393;11834;11983;6.31;0.39;294.12;11.63;1073;39;4104.00;149
10772;37;624829438;10772;386;11835;11984;6.23;0.38;294.27;11.63;1063;39;4105.00;149
10773;37;624829452;10773;386;11839;11984;6.30;0.39;294.28;11.63;1066;39;4106.00;145
10779;37;624829464;10779;389;11839;11984;6.27;0.38;294.39;11.63;1060;39;4107.00;145
10785;37;624829478;10785;381;11841;11984;6.27;0.38;294.51;11.63;1056;39;4108.00;143
10789;37;624829492;10789;383;11842;11984;6.19;0.38;294.55;11.63;1053;39;4109.00;142
10795;37;624829506;10795;385;11846;11984;6.14;0.37;294.60;11.63;1051;39;4110.00;138
10803;37;624829518;10803;386;11850;11984;6.08;0.37;294.65;11.62;1047;39;4111.00;134
10803;37;624829531;10803;400;11852;11985;6.07;0.37;294.65;11.62;1049;39;4112.00;133
10808;37;624829543;10808;397;11855;11986;6.01;0.37;294.63;11.62;1047;39;4113.00;131
10814;37;624829556;10814;394;11859;11986;5.95;0.36;294.60;11.62;1045;39;4114.00;127
10816;37;624829569;10816;395;11862;11990;5.97;0.36;294.58;11.62;1046;39;4115.00;128
10822;37;624829582;10822;394;11863;11990;5.94;0.36;294.67;11.62;1041;39;4116.00;127
10824;37;624829595;10824;401;11863;11990;5.97;0.36;294.68;11.62;1039;39;4117.00;127
10828;37;624829607;10828;396;11863;11990;5.92;0.36;294.74;11.62;1035;39;4118.00;127
10832;37;624829621;10832;402;11868;11996;5.91;0.36;294.84;11.61;1036;39;4119.00;128
10832;37;624829634;10832;410;11868;11996;5.91;0.36;294.84;11.61;1036;39;4120.00;128
10834;37;624829647;10834;404;11868;11996;5.88;0.36;294.86;11.61;1034;39;4121.00;128
10834;37;624829660;10834;412;11871;11999;5.85;0.36;294.86;11.61;1037;39;4122.00;128
10835;37;624829673;10835;417;11871;11999;5.79;0.35;294.87;11.61;1036;39;4123.00;128
10840;37;624829687;10840;428;11873;11999;5.71;0.35;294.86;11.61;1033;39;4124.00;126
10842;37;624829704;10842;429;11874;12000;5.63;0.34;294.88;11.61;1032;39;4125.00;126
10846;37;624829717;10846;435;11875;12001;5.61;0.34;294.88;11.61;1029;39;4126.00;126
10849;37;624829730;10849;430;11875;12001;5.59;0.34;294.84;11.61;1026;39;4127.00;126
10853;37;624829742;10853;424;11886;12014;5.59;0.34;294.89;11.60;1033;39;4128.00;128
10855;37;624829755;10855;425;11886;12014;5.52;0.34;294.89;11.60;1031;39;4129.00;128
10857;37;624829767;10857;428;11886;12014;5.48;0.33;294.96;11.60;1029;39;4130.00;128
10861;37;624829779;10861;425;11887;12015;5.44;0.33;295.01;11.60;1026;39;4131.00;128
10863;37;624829791;10863;427;11887;12015;5.40;0.33;295.03;11.60;1024;39;4132.00;128
10866;37;624829803;10866;436;11891;12019;5.39;0.33;295.08;11.60;1025;39;4133.00;128
10867;37;624829816;10867;442;11891;12019;5.38;0.33;295.12;11.60;1024;39;4134.00;128
10870;37;624829827;10870;447;11894;12023;5.40;0.33;295.20;11.59;1024;39;4135.00;129
10874;37;624829840;10874;434;11894;12023;5.39;0.33;295.23;11.59;1020;39;4136.00;129
10876;37;624829853;10876;430;11894;12023;5.42;0.33;295.25;11.59;1018;39;4137.00;129
10877;37;624829865;10877;431;11894;12023;5.44;0.33;295.31;11.59;1017;39;4138.00;129
10879;37;624829877;10879;419;11894;12023;5.42;0.33;295.33;11.59;1015;39;4139.00;129
10881;37;624829891;10881;429;11920;12057;5.49;0.34;295.35;11.57;1039;39;4140.00;137
10885;37;624829906;10885;424;11920;12057;5.50;0.34;295.33;11.57;1035;39;4141.00;137
10887;37;624829924;10887;424;11922;12057;5.58;0.34;295.34;11.57;1035;39;4142.00;135
10890;37;624829936;10890;430;11922;12057;5.61;0.34;295.32;11.57;1032;39;4143.00;135
10893;37;624829948;10893;422;11923;12057;5.72;0.35;295.36;11.57;1030;39;4144.00;134
10894;37;624829961;10894;419;11923;12057;5.78;0.35;295.36;11.57;1029;39;4145.00;134
10895;37;624829973;10895;415;11923;12058;5.80;0.35;295.37;11.57;1028;39;4146.00;135
10898;37;624829985;10898;417;11923;12058;5.83;0.36;295.31;11.57;1025;39;4147.00;135
10901;37;624829998;10901;414;11928;12064;5.90;0.36;295.29;11.56;1027;39;4148.00;136
10902;37;624830010;10902;411;11930;12065;5.94;0.36;295.30;11.69;1028;39;4149.00;135
10904;37;624830024;10904;420;11930;12065;5.93;0.36;295.27;11.69;1026;39;4150.00;135
10908;37;624830036;10908;423;11930;12065;5.89;0.36;295.20;11.69;1022;39;4151.00;135
10909;37;624830049;10909;424;11933;12069;5.93;0.36;295.18;11.68;1024;39;4152.00;136
10912;37;624830061;10912;426;11933;12069;5.93;0.36;295.15;11.68;1021;39;4153.00;136
10917;37;624830073;10917;417;11933;12069;5.95;0.36;295.15;11.68;1016;39;4154.00;136
10920;37;624830084;10920;415;11934;12070;5.99;0.36;295.13;11.68;1014;39;4155.00;136
10922;37;624830096;10922;413;11937;12074;6.09;0.37;295.11;11.68;1015;39;4156.00;137
10925;37;624830108;10925;414;11937;12074;6.08;0.37;295.10;11.68;1012;39;4157.00;137
10926;37;624830120;10926;412;11939;12077;6.12;0.37;295.10;11.68;1013;39;4158.00;138
10929;37;624830131;10929;401;11939;12077;6.15;0.37;295.16;11.68;1010;39;4159.00;138
10931;37;624830143;10931;399;11940;12077;6.23;0.38;295.19;11.68;1009;39;4160.00;137
10933;37;624830155;10933;394;11940;12077;6.28;0.38;295.16;11.68;1007;39;4161.00;137
10934;37;624830167;10934;385;11944;12081;6.35;0.38;295.16;11.67;1010;39;4162.00;137
10937;37;624830179;10937;384;11944;12081;6.34;0.38;295.15;11.67;1007;39;4163.00;137
10938;37;624830193;10938;384;11944;12081;6.39;0.39;295.15;11.67;1006;39;4164.00;137
10938;37;624830205;10938;379;11944;12081;6.40;0.39;295.15;11.67;1006;39;4165.00;137
10940;37;624830217;10940;372;11944;12082;6.42;0.39;295.11;11.67;1004;39;4166.00;138
10940;37;624830229;10940;370;11945;12083;6.48;0.39;295.11;11.67;1005;39;4167.00;138
10940;37;624830241;10940;367;11945;12083;6.55;0.40;295.11;11.67;1005;39;4168.00;138
10941;37;624830260;10941;372;11947;12084;6.57;0.40;295.12;11.80;1006;39;4169.00;137
10942;37;624830274;10942;372;11947;12084;6.61;0.40;295.13;11.80;1005;39;4170.00;137
10942;37;624830285;10942;355;11947;12084;6.61;0.40;295.13;11.80;1005;39;4171.00;137
10942;37;624830297;10942;343;11947;12084;6.65;0.40;295.13;11.80;1005;39;4172.00;137
10942;37;624830308;10942;344;11949;12086;6.68;0.40;295.13;11.80;1007;39;4173.00;137
10944;37;624830320;10944;341;11949;12086;6.73;0.41;295.12;11.80;1005;39;4174.00;137
10944;37;624830332;10944;335;11949;12086;6.72;0.41;295.12;11.80;1005;39;4175.00;137
10947;37;624830343;10947;354;12017;12213;6.83;0.42;295.16;11.73;1070;39;4176.00;196
10948;37;624830365;10948;341;12018;12214;6.89;0.42;295.15;11.73;1070;39;4177.00;196
10950;37;624830377;10950;336;12022;12214;6.98;0.43;295.19;11.72;1072;39;4178.00;192
10952;37;624830395;10952;335;12028;12214;7.08;0.43;295.17;11.72;1076;39;4179.00;186
10955;37;624830407;10955;334;12031;12214;7.09;0.43;295.13;11.72;1076;39;4180.00;183
10956;37;624830420;10956;328;12035;12214;7.12;0.44;295.11;11.72;1079;39;4181.00;179
10957;37;624830432;10957;324;12038;12214;7.19;0.44;295.12;11.71;1081;39;4182.00;176
10957;37;624830444;10957;331;12043;12214;7.21;0.44;295.12;11.71;1086;39;4183.00;171
10960;37;624830461;10960;322;12044;12215;7.28;0.45;295.10;11.71;1084;39;4184.00;171
10962;38;624830475;10962;327;12049;12217;7.28;0.45;295.11;11.74;1087;40;4185.00;168
10965;38;624830500;10965;316;12051;12217;7.32;0.45;295.11;11.74;1086;40;4186.00;166
10969;38;624830512;10969;309;12052;12218;7.30;0.45;295.08;11.73;1083;40;4187.00;166
10970;38;624830525;10970;305;12054;12218;7.35;0.45;295.08;11.74;1084;40;4188.00;164
10972;38;624830537;10972;298;12057;12218;7.31;0.45;295.06;11.74;1085;40;4189.00;161
10972;38;624830550;10972;298;12058;12218;7.34;0.45;295.06;11.74;1086;40;4190.00;160
10975;38;624830562;10975;295;12062;12222;7.36;0.45;295.07;11.73;1087;40;4191.00;160
10977;38;624830575;10977;299;12064;12222;7.42;0.45;295.07;11.86;1087;40;4192.00;158
10981;38;624830589;10981;294;12066;12222;7.43;0.45;295.06;11.86;1085;40;4193.00;156
10984;38;624830602;10984;295;12068;12225;7.45;0.45;295.12;11.86;1084;40;4194.00;157
10985;38;624830615;10985;294;12069;12225;7.48;0.46;295.10;11.86;1084;40;4195.00;156
10986;38;624830628;10986;299;12071;12225;7.44;0.45;295.08;11.86;1085;40;4196.00;154
10987;38;624830641;10987;297;12075;12229;7.46;0.45;295.07;11.86;1088;40;4197.00;154
10990;38;624830657;10990;299;12077;12230;7.44;0.45;295.08;11.86;1087;40;4198.00;153
10992;38;624830670;10992;306;12078;12230;7.42;0.45;295.05;11.86;1086;40;4199.00;152
10994;38;624830692;10994;312;12087;12264;7.35;0.45;295.05;11.85;1093;40;4200.00;177
10998;38;624830725;10998;314;12092;12264;7.32;0.45;295.10;11.85;1094;40;4201.00;172
10999;38;624830745;10999;316;12095;12264;7.28;0.44;295.11;11.85;1096;40;4202.00;169
10999;38;624830764;10999;318;12096;12265;7.29;0.45;295.11;11.84;1097;40;4203.00;169
11000;38;624830785;11000;321;12097;12265;7.27;0.44;295.13;11.85;1097;40;4204.00;168
11001;38;624830802;11001;329;12102;12271;7.26;0.44;295.12;11.84;1101;40;4205.00;169
11004;38;624830818;11004;330;12104;12271;7.18;0.44;295.15;11.84;1100;40;4206.00;167
11006;38;624830845;11006;332;12105;12272;7.15;0.44;295.20;11.84;1099;40;4207.00;167
11010;38;624830860;11010;335;12106;12272;7.07;0.43;295.27;11.84;1096;40;4208.00;166
11012;38;624830874;11012;343;12106;12272;7.04;0.43;295.32;11.84;1094;40;4209.00;166
11016;38;624830888;11016;348;12106;12272;7.03;0.43;295.30;11.84;1090;40;4210.00;166
11020;38;624830902;11020;352;12109;12272;7.03;0.43;295.28;11.86;1089;40;4211.00;163
11022;38;624830916;11022;357;12120;12284;7.02;0.43;295.32;11.85;1098;40;4212.00;164
11026;38;624830931;11026;358;12122;12284;7.00;0.43;295.35;11.88;1096;40;4213.00;162
11029;38;624830952;11029;366;12124;12284;6.99;0.43;295.38;11.88;1095;40;4214.00;160
11036;38;624830966;11036;367;12126;12284;6.95;0.42;295.42;11.91;1090;40;4215.00;158
11038;38;624830981;11038;373;12126;12284;6.84;0.42;295.40;11.91;1088;40;4216.00;158
11039;38;624830994;11039;381;12128;12284;6.80;0.42;295.42;11.92;1089;40;4217.00;156
11042;38;624831007;11042;388;12133;12288;6.76;0.41;295.47;11.93;1091;40;4218.00;155
11045;38;624831021;11045;389;12134;12288;6.70;0.41;295.48;11.95;1089;40;4219.00;154
11048;38;624831033;11048;394;12139;12292;6.71;0.41;295.54;11.96;1091;40;4220.00;153
11052;38;624831047;11052;398;12142;12293;6.67;0.41;295.50;11.98;1090;40;4221.00;151
11056;38;624831060;11056;402;12142;12293;6.62;0.40;295.53;11.98;1086;40;4222.00;151
11058;38;624831073;11058;409;12145;12293;6.58;0.40;295.50;12.00;1087;40;4223.00;148
11061;38;624831086;11061;407;12157;12306;6.52;0.40;295.58;12.00;1096;40;4224.00;149
11067;38;624831101;11067;411;12157;12306;6.43;0.39;295.66;12.00;1090;40;4225.00;149
11068;38;624831113;11068;422;12160;12306;6.39;0.39;295.65;12.01;1092;40;4226.00;146
11073;38;624831125;11073;422;12162;12307;6.30;0.38;295.67;12.02;1089;40;4227.00;145
11077;38;624831138;11077;425;12162;12308;6.21;0.38;295.79;12.02;1085;40;4228.00;146
11078;38;624831151;11078;427;12164;12308;6.15;0.38;295.82;12.04;1086;40;4229.00;144
11081;38;624831165;11081;427;12169;12314;6.12;0.37;295.86;12.03;1088;40;4230.00;145
11083;38;624831178;11083;426;12171;12314;6.09;0.37;295.86;12.05;1088;40;4231.00;143
11086;38;624831191;11086;421;12173;12314;6.08;0.37;295.96;12.05;1087;40;4232.00;141
11088;38;624831204;11088;424;12174;12314;6.09;0.37;296.02;12.06;1086;40;4233.00;140
11091;38;624831224;11091;423;12180;12320;6.12;0.37;296.01;12.06;1089;40;4234.00;140
11094;38;624831237;11094;425;12181;12320;6.08;0.37;296.06;12.06;1087;40;4235.00;139
11096;38;624831252;11096;424;12183;12320;6.06;0.37;296.08;12.07;1087;40;4236.00;137
11098;38;624831264;11098;423;12183;12320;6.04;0.37;296.12;12.07;1085;40;4237.00;137
11100;38;624831276;11100;431;12186;12324;6.02;0.37;296.21;12.07;1086;40;4238.00;138
11100;38;624831290;11100;431;12189;12325;5.99;0.37;296.21;12.08;1089;40;4239.00;136
11103;38;624831302;11103;431;12189;12325;5.93;0.36;296.33;12.08;1086;40;4240.00;136
11105;38;624831315;11105;429;12192;12326;5.93;0.36;296.30;12.09;1087;40;4241.00;134
11110;38;624831328;11110;435;12192;12326;5.86;0.36;296.36;12.09;1082;40;4242.00;134
11114;38;624831340;11114;428;12192;12326;5.79;0.35;296.35;12.09;1078;40;4243.00;134
11118;38;624831353;11118;432;12195;12326;5.77;0.35;296.48;12.12;1077;40;4244.00;131
11124;38;624831365;11124;425;12195;12326;5.66;0.35;296.50;12.12;1071;40;4245.00;131
11126;38;624831378;11126;423;12195;12326;5.61;0.34;296.49;12.12;1069;40;4246.00;131
11129;38;624831390;11129;421;12197;12326;5.48;0.34;296.53;12.13;1068;40;4247.00;129
11132;38;624831401;11132;434;12238;12396;5.49;0.34;296.56;12.09;1106;40;4248.00;158
11136;38;624831419;11136;423;12241;12397;5.43;0.33;296.61;12.10;1105;40;4249.00;156
11141;38;624831433;11141;407;12247;12397;5.40;0.33;296.65;12.10;1106;40;4250.00;150
11145;38;624831449;11145;410;12248;12397;5.34;0.33;296.69;12.11;1103;40;4251.00;149
11147;38;624831469;11147;401;12249;12397;5.32;0.33;296.68;12.11;1102;40;4252.00;148
11150;38;624831486;11150;400;12253;12397;5.33;0.33;296.71;12.11;1103;40;4253.00;144
11152;38;624831498;11152;399;12256;12397;5.31;0.33;296.78;12.12;1104;40;4254.00;141
11153;38;624831510;11153;392;12259;12397;5.35;0.33;296.77;12.12;1106;40;4255.00;138
11156;38;624831525;11156;399;12262;12398;5.36;0.33;296.85;12.12;1106;40;4256.00;136
11160;38;624831544;11160;392;12263;12399;5.39;0.33;296.84;12.12;1103;40;4257.00;136
11164;38;624831561;11164;398;12265;12399;5.44;0.33;296.95;12.12;1101;40;4258.00;134
11171;38;624831578;11171;398;12270;12403;5.45;0.33;297.05;12.13;1099;40;4259.00;133
11174;38;624831605;11174;392;12271;12403;5.48;0.34;297.09;12.13;1097;40;4260.00;132
11177;38;624831628;11177;392;12274;12403;5.50;0.34;297.11;12.13;1097;40;4261.00;129
11183;38;624831647;11183;382;12275;12403;5.52;0.34;297.13;12.13;1092;40;4262.00;128
11187;38;624831664;11187;388;12279;12409;5.52;0.34;297.24;12.13;1092;40;4263.00;130
11189;38;624831682;11189;390;12282;12409;5.58;0.34;297.24;12.13;1093;40;4264.00;127
11192;38;624831699;11192;394;12284;12409;5.65;0.35;297.28;12.13;1092;40;4265.00;125
11196;38;624831717;11196;398;12288;12412;5.70;0.35;297.23;12.13;1092;40;4266.00;124
11202;38;624831737;11202;393;12288;12412;5.70;0.35;297.29;12.13;1086;40;4267.00;124
11206;38;624831751;11206;402;12288;12412;5.73;0.35;297.44;12.13;1082;40;4268.00;124
11212;38;624831769;11212;398;12288;12413;5.76;0.35;297.38;12.13;1076;40;4269.00;125
11218;38;624831786;11218;405;12289;12414;5.79;0.35;297.42;12.12;1071;40;4270.00;125
11221;38;624831801;11221;409;12290;12414;5.80;0.36;297.51;12.12;1069;40;4271.00;124
11224;38;624831816;11224;412;12300;12427;5.85;0.36;297.50;12.11;1076;40;4272.00;127
11228;38;624831830;11228;411;12300;12427;5.84;0.36;297.49;12.11;1072;40;4273.00;127
11233;38;624831844;11233;422;12301;12427;5.87;0.36;297.66;12.11;1068;40;4274.00;126
11238;38;624831859;11238;417;12303;12429;5.84;0.36;297.69;12.11;1065;40;4275.00;126
11243;38;624831873;11243;427;12303;12429;5.80;0.35;297.75;12.11;1060;40;4276.00;126
11248;38;624831889;11248;430;12307;12433;5.74;0.35;297.69;12.11;1059;40;4277.00;126
11252;38;624831903;11252;426;12307;12433;5.70;0.35;297.73;12.11;1055;40;4278.00;126
11257;38;624831917;11257;425;12310;12437;5.69;0.35;297.77;12.11;1053;40;4279.00;127
11260;38;624831934;11260;431;12311;12437;5.65;0.34;297.81;12.23;1051;40;4280.00;126
11263;38;624831949;11263;427;12311;12437;5.58;0.34;297.83;12.23;1048;40;4281.00;126
11266;38;624831961;11266;434;12311;12437;5.58;0.34;297.85;12.23;1045;40;4282.00;126
11271;38;624831975;11271;439;12311;12437;5.51;0.33;297.83;12.23;1040;40;4283.00;126
11274;38;624831988;11274;438;12320;12449;5.50;0.33;297.88;12.22;1046;40;4284.00;129
11275;38;624832002;11275;443;12320;12449;5.45;0.33;297.87;12.22;1045;40;4285.00;129
11280;38;624832014;11280;442;12322;12449;5.37;0.33;297.99;12.22;1042;40;4286.00;127
11284;38;624832027;11284;444;12322;12449;5.28;0.32;297.97;12.22;1038;40;4287.00;127
11289;38;624832038;11289;454;12322;12449;5.15;0.31;298.03;12.22;1033;40;4288.00;127
11293;38;624832050;11293;453;12322;12449;5.09;0.31;297.97;12.22;1029;40;4289.00;127
11296;38;624832064;11296;451;12322;12450;5.07;0.31;297.94;12.22;1026;40;4290.00;128
11300;38;624832077;11300;450;12322;12450;5.00;0.31;297.94;12.22;1022;40;4291.00;128
11304;38;624832089;11304;451;12327;12456;4.95;0.30;297.92;12.22;1023;40;4292.00;129
11306;38;624832101;11306;450;12328;12457;4.91;0.30;297.91;12.22;1022;40;4293.00;129
11308;38;624832113;11308;454;12328;12457;4.84;0.30;297.89;12.22;1020;40;4294.00;129
11308;38;624832123;11308;462;12328;12457;4.80;0.29;297.89;12.22;1020;40;4295.00;129
11312;38;624832135;11312;469;12332;12461;4.73;0.29;297.83;12.34;1020;40;4296.00;129
11316;38;624832148;11316;457;12332;12461;4.66;0.28;297.85;12.34;1016;40;4297.00;129
11318;38;624832161;11318;453;12332;12461;4.62;0.28;297.86;12.34;1014;40;4298.00;129
11320;38;624832172;11320;451;12333;12462;4.62;0.28;297.90;12.34;1013;40;4299.00;129
11321;38;624832185;11321;456;12336;12466;4.67;0.29;297.89;12.34;1015;40;4300.00;130
11322;38;624832201;11322;455;12336;12466;4.74;0.29;297.88;12.34;1014;40;4301.00;130
11325;38;624832213;11325;454;12338;12469;4.81;0.29;297.85;12.33;1013;40;4302.00;131
11327;38;624832225;11327;458;12338;12469;4.88;0.30;297.80;12.33;1011;40;4303.00;131
11328;38;624832237;11328;460;12339;12469;4.92;0.30;297.83;12.33;1011;40;4304.00;130
11331;38;624832249;11331;463;12339;12469;4.93;0.30;297.80;12.33;1008;40;4305.00;130
11332;38;624832262;11332;445;12344;12473;5.07;0.31;297.78;12.46;1012;40;4306.00;129
11334;38;624832274;11334;437;12344;12473;5.15;0.32;297.77;12.46;1010;40;4307.00;129
11338;38;624832287;11338;426;12344;12473;5.15;0.31;297.74;12.46;1006;40;4308.00;129
11342;38;624832299;11342;420;12345;12473;5.18;0.32;297.71;12.58;1003;40;4309.00;128
11343;38;624832313;11343;411;12345;12474;5.29;0.32;297.69;12.58;1002;40;4310.00;129
11345;38;624832325;11345;413;12346;12475;5.39;0.33;297.66;12.57;1001;40;4311.00;129
11347;38;624832338;11347;409;12347;12475;5.45;0.33;297.63;12.69;1000;40;4312.00;128
11349;38;624832351;11349;404;12348;12476;5.56;0.34;297.62;12.69;999;40;4313.00;128
11351;38;624832363;11351;407;12348;12476;5.64;0.34;297.64;12.69;997;40;4314.00;128
11353;38;624832376;11353;406;12348;12476;5.75;0.35;297.64;12.69;995;40;4315.00;128
11356;38;624832389;11356;405;12348;12476;5.84;0.35;297.60;12.69;992;40;4316.00;128
11356;38;624832401;11356;392;12348;12476;5.90;0.36;297.60;12.69;992;40;4317.00;128
11358;38;624832414;11358;391;12348;12476;5.88;0.36;297.60;12.69;990;40;4318.00;128
11358;38;624832427;11358;386;12348;12476;5.89;0.36;297.60;12.69;990;40;4319.00;128
11359;38;624832440;11359;421;12461;12706;6.15;0.39;297.58;12.57;1102;40;4320.00;245
11360;38;624832472;11360;406;12466;12707;6.23;0.39;297.59;12.68;1106;40;4321.00;241
11361;38;624832486;11361;394;12476;12707;6.32;0.40;297.61;12.68;1115;40;4322.00;231
11363;38;624832500;11363;374;12480;12707;6.40;0.40;297.63;12.67;1117;40;4323.00;227
11365;38;624832514;11365;358;12489;12707;6.50;0.40;297.64;12.67;1124;40;4324.00;218
11365;38;624832529;11365;350;12491;12707;6.54;0.41;297.64;12.67;1126;40;4325.00;216
11367;38;624832545;11367;336;12498;12707;6.63;0.41;297.64;12.66;1131;40;4326.00;209
11370;38;624832562;11370;331;12503;12707;6.68;0.41;297.69;12.66;1133;40;4327.00;204
11370;38;624832578;11370;324;12507;12708;6.72;0.42;297.69;12.66;1137;40;4328.00;201
11371;38;624832602;11371;328;12512;12709;6.76;0.42;297.70;12.66;1141;40;4329.00;197
11372;38;624832616;11372;324;12518;12709;6.81;0.42;297.70;12.66;1146;40;4330.00;191
11372;38;624832631;11372;330;12521;12710;6.85;0.42;297.70;12.66;1149;40;4331.00;189
11375;38;624832645;11375;337;12524;12710;6.84;0.42;297.69;12.65;1149;40;4332.00;186
11376;38;624832660;11376;338;12525;12710;6.88;0.42;297.68;12.65;1149;40;4333.00;185
11379;38;624832686;11379;334;12526;12710;6.88;0.42;297.68;12.66;1147;40;4334.00;184
11379;38;624832709;11379;333;12528;12714;6.91;0.42;297.68;12.65;1149;40;4335.00;186
11381;38;624832732;11381;329;12529;12714;6.94;0.42;297.66;12.65;1148;40;4336.00;185
11381;38;624832754;11381;330;12531;12714;6.98;0.43;297.66;12.65;1150;40;4337.00;183
11383;38;624832776;11383;328;12532;12717;7.04;0.43;297.65;12.65;1149;40;4338.00;185
11384;38;624832796;11384;326;12533;12717;7.10;0.43;297.66;12.65;1149;40;4339.00;184
11384;38;624832815;11384;327;12533;12717;7.14;0.44;297.66;12.65;1149;40;4340.00;184
11385;38;624832835;11385;319;12536;12721;7.18;0.44;297.66;12.65;1151;40;4341.00;185
11388;38;624832864;11388;323;12537;12722;7.20;0.44;297.64;12.65;1149;40;4342.00;185
11388;38;624832880;11388;324;12538;12722;7.20;0.44;297.64;12.65;1150;40;4343.00;184
11390;38;624832897;11390;328;12540;12726;7.23;0.44;297.68;12.65;1150;40;4344.00;186
11391;38;624832913;11391;323;12541;12726;7.24;0.44;297.69;12.65;1150;40;4345.00;185
11392;38;624832929;11392;323;12541;12726;7.30;0.44;297.68;12.65;1149;40;4346.00;185
11396;38;624832945;11396;329;12542;12727;7.32;0.45;297.65;12.65;1146;40;4347.00;185
11397;38;624832961;11397;329;12543;12727;7.30;0.44;297.64;12.65;1146;40;4348.00;184
11397;38;624832977;11397;327;12547;12733;7.35;0.45;297.64;12.76;1150;40;4349.00;186
11399;38;624832996;11399;321;12548;12733;7.32;0.45;297.69;12.76;1149;40;4350.00;185
11400;38;624833012;11400;321;12550;12734;7.32;0.45;297.68;12.77;1150;40;4351.00;184
11404;38;624833030;11404;314;12550;12734;7.30;0.44;297.71;12.77;1146;40;4352.00;184
11407;38;624833047;11407;306;12554;12734;7.28;0.44;297.73;12.77;1147;40;4353.00;180
11410;38;624833063;11410;306;12556;12734;7.26;0.44;297.71;12.79;1146;40;4354.00;178
11415;38;624833080;11415;311;12557;12734;7.27;0.44;297.76;12.79;1142;40;4355.00;177
11416;38;624833095;11416;313;12568;12746;7.36;0.45;297.75;12.79;1152;40;4356.00;178
11422;38;624833111;11422;313;12569;12746;7.36;0.45;297.77;12.79;1147;40;4357.00;177
11424;38;624833127;11424;313;12570;12746;7.44;0.45;297.75;12.79;1146;40;4358.00;176
11426;38;624833143;11426;314;12570;12746;7.40;0.45;297.76;12.79;1144;40;4359.00;176
11431;38;624833159;11431;312;12571;12746;7.39;0.45;297.80;12.79;1140;40;4360.00;175
11434;38;624833175;11434;310;12571;12746;7.44;0.45;297.79;12.79;1137;40;4361.00;175
11439;38;624833191;11439;307;12574;12750;7.39;0.45;297.75;12.79;1135;40;4362.00;176
11441;38;624833207;11441;306;12574;12750;7.37;0.45;297.76;12.79;1133;40;4363.00;176
11443;38;624833224;11443;305;12577;12754;7.36;0.45;297.77;12.78;1134;40;4364.00;177
11446;38;624833240;11446;306;12579;12756;7.30;0.45;297.79;12.78;1133;40;4365.00;177
11449;38;624833256;11449;307;12579;12756;7.18;0.44;297.85;12.78;1130;40;4366.00;177
11450;38;624833272;11450;307;12579;12756;7.06;0.43;297.90;12.78;1129;40;4367.00;177
11453;38;624833289;11453;305;12591;12769;7.02;0.43;297.96;12.78;1138;40;4368.00;178
11455;38;624833309;11455;304;12591;12769;6.98;0.43;297.94;12.78;1136;40;4369.00;178
11459;38;624833325;11459;305;12592;12769;6.94;0.42;298.10;12.78;1133;40;4370.00;177
11460;38;624833340;11460;308;12595;12770;6.96;0.42;298.14;12.79;1135;40;4371.00;175
11462;38;624833355;11462;312;12596;12771;6.93;0.42;298.18;12.79;1134;40;4372.00;175
11464;38;624833371;11464;315;12597;12771;6.95;0.42;298.16;12.79;1133;40;4373.00;174
11468;38;624833387;11468;323;12599;12774;6.94;0.42;298.27;12.79;1131;40;4374.00;175
11470;38;624833407;11470;326;12600;12774;6.94;0.42;298.26;12.79;1130;40;4375.00;174
11473;38;624833424;11473;329;12601;12774;6.92;0.42;298.35;12.79;1128;40;4376.00;173
11473;38;624833441;11473;333;12602;12774;6.95;0.43;298.35;12.80;1129;40;4377.00;172
11476;38;624833457;11476;334;12608;12780;6.93;0.42;298.33;12.80;1132;40;4378.00;172
11478;38;624833480;11478;343;12608;12780;6.93;0.42;298.37;12.80;1130;40;4379.00;172
11483;38;624833498;11483;348;12611;12780;6.84;0.42;298.42;12.82;1128;40;4380.00;169
11487;38;624833514;11487;351;12611;12780;6.80;0.42;298.50;12.82;1124;40;4381.00;169
11490;38;624833531;11490;359;12615;12784;6.76;0.41;298.50;12.82;1125;40;4382.00;169
11497;38;624833546;11497;366;12618;12785;6.73;0.41;298.43;12.84;1121;40;4383.00;167
11501;38;624833562;11501;374;12619;12785;6.69;0.41;298.44;12.84;1118;40;4384.00;166
11505;38;624833577;11505;381;12623;12786;6.65;0.41;298.48;12.87;1118;40;4385.00;163
11508;38;624833593;11508;383;12624;12786;6.62;0.40;298.50;12.87;1116;40;4386.00;162
11513;38;624833609;11513;392;12627;12786;6.54;0.40;298.55;12.91;1114;40;4387.00;159
11513;38;624833623;11513;397;12629;12786;6.50;0.40;298.55;12.93;1116;40;4388.00;157
11517;38;624833638;11517;401;12631;12786;6.48;0.40;298.57;12.94;1114;40;4389.00;155
11518;38;624833652;11518;402;12632;12786;6.51;0.40;298.63;12.94;1114;40;4390.00;154
11521;38;624833668;11521;407;12636;12786;6.50;0.40;298.68;12.97;1115;40;4391.00;150
11523;38;624833687;11523;411;12673;12856;6.58;0.40;298.76;12.94;1150;40;4392.00;183
11525;38;624833708;11525;404;12677;12857;6.54;0.40;298.75;12.95;1152;40;4393.00;180
11527;38;624833723;11527;401;12684;12857;6.55;0.40;298.76;12.95;1157;40;4394.00;173
11530;38;624833738;11530;397;12686;12857;6.51;0.40;298.86;12.95;1156;40;4395.00;171
11533;38;624833752;11533;392;12692;12857;6.44;0.39;298.94;12.96;1159;40;4396.00;165
11535;38;624833767;11535;393;12695;12857;6.38;0.39;298.94;12.96;1160;40;4397.00;162
11539;38;624833782;11539;397;12700;12857;6.28;0.38;298.94;12.97;1161;40;4398.00;157
11542;38;624833798;11542;400;12702;12857;6.21;0.38;298.95;12.97;1160;40;4399.00;155
11547;38;624833825;11547;394;12706;12858;6.18;0.38;299.04;12.97;1159;40;4400.00;152
11553;38;624833845;11553;393;12709;12859;6.13;0.37;299.09;12.98;1156;40;4401.00;150
11554;38;624833860;11554;394;12710;12859;6.10;0.37;299.06;12.98;1156;40;4402.00;149
11555;38;624833875;11555;398;12715;12863;6.09;0.37;299.10;13.00;1160;40;4403.00;148
11556;38;624833891;11556;401;12716;12863;6.09;0.37;299.16;13.01;1160;40;4404.00;147
11557;38;624833909;11557;397;12716;12863;6.07;0.37;299.21;13.01;1159;40;4405.00;147
11561;38;624833924;11561;402;12718;12863;6.03;0.37;299.17;13.03;1157;40;4406.00;145
11563;38;624833938;11563;411;12723;12869;6.07;0.37;299.16;13.02;1160;40;4407.00;146
11564;38;624833952;11564;412;12726;12869;6.08;0.37;299.19;13.05;1162;40;4408.00;143
11566;38;624833966;11566;413;12726;12869;6.09;0.37;299.19;13.05;1160;40;4409.00;143
11569;38;624833982;11569;416;12731;12875;6.12;0.37;299.22;13.04;1162;40;4410.00;144
11572;38;624833997;11572;424;12733;12875;6.09;0.37;299.28;13.05;1161;40;4411.00;142
11576;38;624834016;11576;419;12734;12875;5.99;0.36;299.29;13.05;1158;40;4412.00;141
11579;38;624834029;11579;417;12734;12876;5.94;0.36;299.37;13.05;1155;40;4413.00;142
11583;38;624834042;11583;415;12736;12877;5.88;0.36;299.35;13.06;1153;40;4414.00;141
11587;38;624834055;11587;423;12736;12877;5.76;0.35;299.37;13.06;1149;40;4415.00;141
11589;38;624834069;11589;432;12746;12890;5.67;0.35;299.37;13.06;1157;40;4416.00;144
11594;38;624834082;11594;436;12748;12890;5.60;0.34;299.39;13.06;1154;40;4417.00;142
11597;38;624834095;11597;435;12749;12890;5.51;0.34;299.44;13.06;1152;40;4418.00;141
11599;38;624834111;11599;435;12751;12891;5.46;0.33;299.49;13.08;1152;40;4419.00;140
11603;38;624834129;11603;425;12751;12891;5.39;0.33;299.57;13.08;1148;40;4420.00;140
11607;38;624834142;11607;421;12756;12895;5.38;0.33;299.64;13.09;1149;40;4421.00;139
11611;38;624834155;11611;412;12759;12895;5.36;0.33;299.71;13.09;1148;40;4422.00;136
11613;38;624834168;11613;408;12762;12899;5.36;0.33;299.75;13.09;1149;40;4423.00;137
11615;38;624834181;11615;400;12762;12899;5.43;0.33;299.75;13.09;1147;40;4424.00;137
11620;38;624834193;11620;394;12766;12899;5.49;0.34;299.79;13.10;1146;40;4425.00;133
11624;38;624834205;11624;395;12766;12899;5.50;0.34;299.85;13.10;1142;40;4426.00;133
11628;38;624834220;11628;391;12767;12899;5.53;0.34;299.94;13.10;1139;40;4427.00;132
11631;38;624834233;11631;394;12776;12911;5.60;0.34;299.94;13.09;1145;40;4428.00;135
11635;38;624834247;11635;399;12776;12911;5.67;0.35;300.02;13.09;1141;40;4429.00;135
11637;38;624834260;11637;393;12778;12911;5.73;0.35;300.06;13.09;1141;40;4430.00;133
11639;38;624834273;11639;387;12778;12911;5.75;0.35;300.06;13.09;1139;40;4431.00;133
11643;38;624834288;11643;380;12778;12911;5.80;0.35;300.15;13.09;1135;40;4432.00;133
11646;38;624834302;11646;382;12778;12911;5.84;0.36;300.18;13.09;1132;40;4433.00;133
11650;38;624834315;11650;382;12778;12912;5.88;0.36;300.23;13.09;1128;40;4434.00;134
11654;38;624834328;11654;384;12778;12912;5.93;0.36;300.26;13.09;1124;40;4435.00;134
11659;38;624834349;11659;385;12783;12918;6.02;0.37;300.31;13.09;1124;40;4436.00;135
11664;38;624834369;11664;386;12784;12919;5.97;0.36;300.38;13.09;1120;40;4437.00;135
11668;38;624834382;11668;394;12784;12919;5.97;0.36;300.37;13.09;1116;40;4438.00;135
11670;38;624834395;11670;393;12784;12919;5.94;0.36;300.43;13.09;1114;40;4439.00;135
11677;38;624834410;11677;399;12788;12924;5.86;0.36;300.48;13.08;1111;40;4440.00;136
11682;38;624834424;11682;398;12788;12924;5.81;0.35;300.43;13.08;1106;40;4441.00;136
11686;38;624834437;11686;410;12788;12924;5.79;0.35;300.48;13.08;1102;40;4442.00;136
11692;38;624834450;11692;408;12789;12925;5.70;0.35;300.51;13.08;1097;40;4443.00;136
11697;38;624834463;11697;412;12792;12929;5.62;0.34;300.49;13.08;1095;40;4444.00;137
11703;38;624834476;11703;414;12792;12929;5.50;0.34;300.51;13.08;1089;40;4445.00;137
11705;38;624834489;11705;421;12794;12932;5.49;0.34;300.49;13.08;1089;40;4446.00;138
11708;38;624834502;11708;418;12794;12932;5.44;0.33;300.48;13.08;1086;40;4447.00;138
11711;38;624834514;11711;423;12795;12932;5.39;0.33;300.53;13.07;1084;40;4448.00;137
11715;38;624834526;11715;424;12795;12932;5.29;0.32;300.55;13.07;1080;40;4449.00;137
11718;38;624834538;11718;430;12799;12936;5.25;0.32;300.52;13.07;1081;40;4450.00;137
11724;38;624834550;11724;426;12799;12936;5.16;0.32;300.50;13.07;1075;40;4451.00;137
11731;38;624834563;11731;435;12799;12936;5.04;0.31;300.49;13.07;1068;40;4452.00;137
11734;38;624834575;11734;441;12799;12936;5.02;0.31;300.46;13.07;1065;40;4453.00;137
11740;38;624834587;11740;443;12799;12937;4.92;0.30;300.39;13.07;1059;40;4454.00;138
11742;38;624834599;11742;446;12801;12939;4.90;0.30;300.40;13.07;1059;40;4455.00;138
11746;38;624834610;11746;453;12801;12939;4.79;0.29;300.38;13.07;1055;40;4456.00;138
11751;38;624834621;11751;456;12802;12940;4.69;0.29;300.39;13.07;1051;40;4457.00;138
11753;38;624834632;11753;453;12802;12940;4.63;0.28;300.40;13.07;1049;40;4458.00;138
11755;38;624834644;11755;458;12802;12940;4.59;0.28;300.40;13.07;1047;40;4459.00;138
11762;38;624834666;11762;463;12802;12940;4.50;0.28;300.30;13.07;1040;40;4460.00;138
11764;38;624834677;11764;460;12802;12940;4.43;0.27;300.31;13.07;1038;40;4461.00;138
11766;38;624834694;11766;464;12802;12940;4.37;0.27;300.29;13.07;1036;40;4462.00;138
11771;38;624834712;11771;474;12802;12940;4.30;0.26;300.35;13.07;1031;40;4463.00;138
11772;38;624834729;11772;486;12870;13067;4.82;0.30;300.36;13.00;1098;40;4464.00;197
11774;38;624834761;11774;488;12875;13068;4.84;0.30;300.32;12.99;1101;40;4465.00;193
11778;38;624834779;11778;485;12882;13068;4.88;0.30;300.32;12.99;1104;40;4466.00;186
11781;38;624834796;11781;478;12882;13068;4.87;0.30;300.35;12.99;1101;40;4467.00;186
11783;38;624834810;11783;473;12888;13068;4.91;0.31;300.35;12.98;1105;40;4468.00;180
11787;38;624834823;11787;472;12890;13068;4.88;0.30;300.38;12.98;1103;40;4469.00;178
11790;38;624834837;11790;467;12893;13068;4.90;0.30;300.38;12.98;1103;40;4470.00;175
11792;38;624834851;11792;470;12896;13068;4.94;0.31;300.40;12.98;1104;40;4471.00;172
11794;38;624834864;11794;469;12899;13069;4.92;0.30;300.38;12.98;1105;40;4472.00;170
11795;38;624834877;11795;467;12904;13070;4.91;0.30;300.39;13.10;1109;40;4473.00;166
11795;38;624834893;11795;476;12907;13070;4.91;0.30;300.39;13.10;1112;40;4474.00;163
11797;38;624834906;11797;473;12909;13071;4.90;0.30;300.36;13.10;1112;40;4475.00;162
11797;38;624834919;11797;452;12914;13071;4.92;0.30;300.36;13.10;1117;40;4476.00;157
11797;38;624834939;11797;438;12915;13071;5.03;0.31;300.36;13.10;1118;40;4477.00;156
11798;38;624834953;11798;419;12915;13071;5.14;0.32;300.37;13.10;1117;40;4478.00;156
11801;38;624834966;11801;409;12921;13075;5.28;0.33;300.34;13.09;1120;40;4479.00;154
11801;38;624834981;11801;397;12921;13075;5.44;0.34;300.34;13.09;1120;40;4480.00;154
11804;38;624834995;11804;394;12922;13075;5.54;0.34;300.34;13.10;1118;40;4481.00;153
11804;38;624835024;11804;380;12925;13078;5.66;0.35;300.34;13.09;1121;40;4482.00;153
11806;38;624835042;11806;379;12925;13078;5.79;0.35;300.33;13.09;1119;40;4483.00;153
11807;38;624835057;11807;368;12926;13078;5.94;0.36;300.33;13.09;1119;40;4484.00;152
11808;38;624835073;11808;365;12929;13082;6.03;0.37;300.32;13.09;1121;40;4485.00;153
11809;38;624835089;11809;361;12930;13083;6.10;0.37;300.30;13.09;1121;40;4486.00;153
11811;38;624835104;11811;359;12932;13083;6.15;0.37;300.26;13.09;1121;40;4487.00;151
11815;38;624835120;11815;355;12935;13087;6.24;0.38;300.23;13.09;1120;40;4488.00;152
11815;38;624835136;11815;347;12936;13087;6.30;0.38;300.23;13.09;1121;40;4489.00;151
11817;38;624835152;11817;349;12937;13087;6.38;0.39;300.20;13.09;1120;40;4490.00;150
11819;38;624835169;11819;350;12938;13088;6.49;0.39;300.21;13.09;1119;40;4491.00;150
11820;38;624835184;11820;351;12938;13088;6.57;0.40;300.20;13.09;1118;40;4492.00;150
11822;38;624835200;11822;345;12943;13094;6.64;0.40;300.19;13.08;1121;40;4493.00;151
11823;38;624835215;11823;339;12943;13094;6.71;0.41;300.19;13.08;1120;40;4494.00;151
11825;38;624835232;11825;330;12943;13095;6.75;0.41;300.16;13.08;1118;40;4495.00;152
11827;38;624835247;11827;331;12943;13095;6.83;0.41;300.17;13.08;1116;40;4496.00;152
11832;38;624835263;11832;323;12943;13095;6.87;0.42;300.18;13.08;1111;40;4497.00;152
11833;38;624835278;11833;317;12943;13095;6.97;0.42;300.17;13.08;1110;40;4498.00;152
11834;38;624835293;11834;310;12943;13095;7.01;0.42;300.16;13.08;1109;40;4499.00;152
11838;38;624835311;11838;311;12969;13145;7.08;0.43;300.17;13.06;1131;40;4500.00;176
11843;38;624835337;11843;303;12970;13147;7.14;0.43;300.28;13.06;1127;40;4501.00;177
11844;38;624835354;11844;305;12973;13147;7.30;0.44;300.27;13.05;1129;40;4502.00;174
11847;38;624835368;11847;302;12973;13147;7.42;0.45;300.28;13.05;1126;40;4503.00;174
11849;38;624835390;11849;302;12975;13147;7.50;0.46;300.37;13.05;1126;40;4504.00;172
11853;38;624835412;11853;297;12976;13147;7.49;0.45;300.47;13.05;1123;40;4505.00;171
11855;38;624835440;11855;288;12981;13151;7.52;0.46;300.56;13.05;1126;40;4506.00;170
11857;38;624835478;11857;284;12981;13151;7.57;0.46;300.58;13.05;1124;40;4507.00;170
11858;38;624835516;11858;282;12984;13155;7.68;0.47;300.63;13.04;1126;40;4508.00;171
11862;38;624835538;11862;283;12985;13156;7.74;0.47;300.73;13.04;1123;40;4509.00;171
11862;38;624835557;11862;287;12985;13156;7.79;0.47;300.73;13.04;1123;40;4510.00;171
11865;38;624835576;11865;287;12986;13156;7.81;0.47;300.84;13.04;1121;40;4511.00;170
11868;38;624835602;11868;292;12997;13169;7.77;0.47;300.82;13.03;1129;40;4512.00;172
11870;38;624835622;11870;284;12997;13169;7.77;0.47;300.85;13.03;1127;40;4513.00;172
11873;38;624835642;11873;293;12997;13169;7.78;0.47;300.93;13.03;1124;40;4514.00;172
11876;38;624835661;11876;295;12999;13170;7.78;0.47;301.03;13.16;1123;40;4515.00;171
11879;38;624835687;11879;285;12999;13171;7.76;0.47;301.06;13.16;1120;40;4516.00;172
11879;38;624835707;11879;293;13001;13171;7.68;0.47;301.06;13.16;1122;40;4517.00;170
11886;38;624835726;11886;294;13003;13174;7.62;0.46;301.17;13.16;1117;40;4518.00;171
11891;38;624835743;11891;295;13003;13174;7.60;0.46;301.22;13.16;1112;40;4519.00;171
11895;38;624835758;11895;294;13004;13174;7.58;0.46;301.20;13.15;1109;40;4520.00;170
11898;38;624835778;11898;285;13004;13174;7.62;0.46;301.29;13.15;1106;40;4521.00;170
11900;38;624835793;11900;281;13008;13180;7.66;0.46;301.33;13.15;1108;40;4522.00;172
11902;38;624835813;11902;280;13010;13180;7.65;0.46;301.36;13.15;1108;40;4523.00;170
11904;38;624835832;11904;276;13010;13180;7.67;0.47;301.39;13.15;1106;40;4524.00;170
11906;38;624835850;11906;270;13012;13180;7.72;0.47;301.39;13.18;1106;40;4525.00;168
11908;38;624835869;11908;273;13015;13184;7.74;0.47;301.37;13.18;1107;40;4526.00;169
11912;38;624835885;11912;267;13016;13185;7.75;0.47;301.33;13.18;1104;40;4527.00;169
11914;38;624835907;11914;268;13016;13185;7.76;0.47;301.39;13.18;1102;40;4528.00;169
11919;38;624835922;11919;268;13019;13186;7.74;0.47;301.45;13.18;1100;40;4529.00;167
11921;38;624835940;11921;270;13019;13186;7.76;0.47;301.44;13.18;1098;40;4530.00;167
11924;38;624835957;11924;270;13020;13186;7.78;0.47;301.43;13.30;1096;40;4531.00;166
11927;38;624835972;11927;277;13020;13186;7.77;0.47;301.41;13.30;1093;40;4532.00;166
11932;38;624835989;11932;281;13020;13186;7.76;0.47;301.42;13.30;1088;40;4533.00;166
11934;38;624836007;11934;278;13020;13186;7.79;0.47;301.45;13.30;1086;40;4534.00;166
11937;38;624836023;11937;282;13022;13186;7.78;0.47;301.49;13.31;1085;40;4535.00;164
11944;38;624836039;11944;287;13057;13256;7.78;0.47;301.54;13.27;1113;40;4536.00;199
11945;38;624836060;11945;286;13059;13257;7.80;0.48;301.59;13.27;1114;40;4537.00;198
11946;38;624836076;11946;288;13064;13257;7.84;0.48;301.59;13.27;1118;40;4538.00;193
11950;38;624836092;11950;293;13066;13257;7.73;0.47;301.55;13.27;1116;40;4539.00;191
11955;38;624836108;11955;290;13070;13257;7.66;0.47;301.57;13.26;1115;40;4540.00;187
11956;38;624836124;11956;296;13076;13257;7.69;0.47;301.57;13.26;1120;40;4541.00;181
11957;38;624836140;11957;295;13078;13257;7.66;0.47;301.57;13.26;1121;40;4542.00;179
11960;38;624836160;11960;291;13080;13257;7.64;0.46;301.55;13.26;1120;40;4543.00;177
11963;38;624836184;11963;292;13081;13258;7.63;0.46;301.57;13.26;1118;40;4544.00;177
11966;38;624836200;11966;290;13083;13260;7.68;0.47;301.59;13.26;1117;40;4545.00;177
11968;38;624836215;11968;283;13086;13260;7.68;0.47;301.59;13.26;1118;40;4546.00;174
11970;38;624836231;11970;295;13090;13264;7.57;0.46;301.56;13.26;1120;40;4547.00;174
11975;38;624836256;11975;294;13093;13264;7.48;0.45;301.67;13.26;1118;40;4548.00;171
11978;38;624836272;11978;305;13094;13264;7.42;0.45;301.76;13.26;1116;40;4549.00;170
11979;38;624836288;11979;315;13097;13264;7.34;0.45;301.74;13.28;1118;40;4550.00;167
11982;38;624836303;11982;314;13102;13270;7.26;0.44;301.86;13.27;1120;40;4551.00;168
11983;38;624836318;11983;322;13104;13270;7.23;0.44;301.85;13.27;1121;40;4552.00;166
11985;38;624836333;11985;327;13106;13270;7.18;0.44;301.84;13.29;1121;40;4553.00;164
11987;38;624836357;11987;341;13109;13273;7.08;0.43;301.91;13.29;1122;40;4554.00;164
11989;38;624836376;11989;343;13110;13273;7.02;0.43;301.94;13.29;1121;40;4555.00;163
11992;38;624836392;11992;351;13112;13273;6.99;0.42;302.02;13.31;1120;40;4556.00;161
11997;38;624836408;11997;354;13112;13274;6.88;0.42;302.12;13.31;1115;40;4557.00;162
11999;38;624836426;11999;363;13115;13275;6.86;0.42;302.15;13.33;1116;40;4558.00;160
12002;38;624836442;12002;368;13115;13275;6.85;0.42;302.15;13.33;1113;40;4559.00;160
12005;38;624836459;12005;374;13133;13301;6.83;0.41;302.25;13.33;1128;40;4560.00;168
12008;38;624836485;12008;373;13134;13301;6.85;0.42;302.29;13.33;1126;40;4561.00;167
12010;38;624836500;12010;375;13138;13301;6.92;0.42;302.29;13.33;1128;40;4562.00;163
12013;38;624836515;12013;376;13141;13302;6.89;0.42;302.32;13.34;1128;40;4563.00;161
12014;38;624836531;12014;380;13141;13302;6.84;0.42;302.36;13.34;1127;40;4564.00;161
12017;38;624836545;12017;383;13146;13306;6.81;0.41;302.39;13.34;1129;40;4565.00;160
12017;38;624836560;12017;384;13147;13306;6.67;0.41;302.39;13.36;1130;40;4566.00;159
12018;38;624836576;12018;382;13152;13310;6.59;0.40;302.41;13.36;1134;40;4567.00;158
12023;38;624836591;12023;388;13152;13310;6.49;0.40;302.52;13.36;1129;40;4568.00;158
12026;38;624836608;12026;387;13154;13310;6.42;0.39;302.59;13.37;1128;40;4569.00;156
12029;38;624836623;12029;386;13154;13310;6.32;0.39;302.66;13.37;1125;40;4570.00;156
12031;38;624836638;12031;382;13154;13310;6.20;0.38;302.74;13.37;1123;40;4571.00;156
12032;38;624836656;12032;387;13166;13322;6.15;0.38;302.78;13.39;1134;40;4572.00;156
12034;38;624836670;12034;384;13166;13322;6.08;0.37;302.77;13.39;1132;40;4573.00;156
12039;38;624836688;12039;394;13169;13322;5.96;0.36;302.82;13.40;1130;40;4574.00;153
12040;38;624836713;12040;398;13169;13322;5.88;0.36;302.82;13.40;1129;40;4575.00;153
12043;38;624836737;12043;403;13169;13322;5.75;0.35;302.88;13.40;1126;40;4576.00;153
12046;38;624836757;12046;404;13170;13322;5.65;0.34;302.90;13.41;1124;40;4577.00;152
12048;38;624836778;12048;408;13172;13323;5.63;0.34;302.94;13.43;1124;40;4578.00;151
12049;38;624836797;12049;405;13173;13323;5.63;0.34;302.98;13.44;1124;40;4579.00;150
12053;39;624836813;12053;413;13179;13329;5.67;0.35;303.04;13.44;1126;41;4580.00;150
12057;39;624836848;12057;409;13181;13330;5.61;0.34;303.10;13.45;1124;41;4581.00;149
12060;39;624836865;12060;414;13181;13330;5.56;0.34;303.14;13.45;1121;41;4582.00;149
12066;39;624836882;12066;416;13182;13330;5.46;0.33;303.14;13.46;1116;41;4583.00;148
12067;39;624836902;12067;417;13185;13334;5.46;0.33;303.13;13.46;1118;41;4584.00;149
12073;39;624836924;12073;418;13187;13334;5.34;0.33;303.12;13.48;1114;41;4585.00;147
12073;39;624836942;12073;432;13188;13334;5.28;0.32;303.12;13.49;1115;41;4586.00;146
12076;39;624836959;12076;442;13189;13335;5.22;0.32;303.12;13.49;1113;41;4587.00;146
12079;39;624836974;12079;440;13192;13339;5.12;0.31;303.12;13.48;1113;41;4588.00;147
12083;39;624836988;12083;446;13192;13339;4.94;0.30;303.18;13.48;1109;41;4589.00;147
12092;39;624837005;12092;439;13200;13345;4.83;0.29;303.21;13.51;1108;41;4590.00;145
12097;39;624837020;12097;439;13200;13345;4.76;0.29;303.29;13.51;1103;41;4591.00;145
12101;39;624837034;12101;437;13203;13345;4.76;0.29;303.27;13.52;1102;41;4592.00;142
12106;39;624837049;12106;435;13204;13345;4.69;0.29;303.36;13.53;1098;41;4593.00;141
12107;39;624837065;12107;429;13208;13349;4.72;0.29;303.35;13.53;1101;41;4594.00;141
12109;39;624837081;12109;434;13209;13349;4.65;0.28;303.37;13.53;1100;41;4595.00;140
12114;39;624837095;12114;434;13210;13349;4.59;0.28;303.40;13.54;1096;41;4596.00;139
12117;39;624837109;12117;437;13211;13349;4.59;0.28;303.40;13.55;1094;41;4597.00;138
12120;39;624837123;12120;439;13211;13350;4.56;0.28;303.41;13.55;1091;41;4598.00;139
12122;39;624837138;12122;439;13212;13351;4.56;0.28;303.39;13.55;1090;41;4599.00;139
12124;39;624837155;12124;439;13212;13351;4.54;0.28;303.38;13.55;1088;41;4600.00;139
12126;39;624837176;12126;436;13213;13352;4.59;0.28;303.40;13.55;1087;41;4601.00;139
12127;39;624837200;12127;442;13213;13352;4.60;0.28;303.38;13.55;1086;41;4602.00;139
12131;39;624837220;12131;446;13213;13352;4.56;0.28;303.38;13.55;1082;41;4603.00;139
12135;39;624837238;12135;442;13213;13352;4.54;0.28;303.37;13.55;1078;41;4604.00;139
12136;39;624837261;12136;440;13213;13352;4.58;0.28;303.38;13.55;1077;41;4605.00;139
12140;39;624837277;12140;441;13213;13352;4.55;0.28;303.38;13.55;1073;41;4606.00;139
12143;39;624837290;12143;443;13213;13352;4.62;0.28;303.39;13.55;1070;41;4607.00;139
12148;39;624837303;12148;446;13277;13479;5.10;0.32;303.34;13.48;1129;41;4608.00;202
12153;39;624837329;12153;447;13281;13480;5.12;0.32;303.36;13.48;1128;41;4609.00;199
12156;39;624837344;12156;449;13291;13480;5.21;0.32;303.38;13.47;1135;41;4610.00;189
12160;39;624837361;12160;452;13293;13480;5.19;0.32;303.33;13.47;1133;41;4611.00;187
12166;39;624837379;12166;458;13301;13480;5.17;0.32;303.27;13.46;1135;41;4612.00;179
12173;39;624837397;12173;464;13302;13480;5.08;0.31;303.29;13.46;1129;41;4613.00;178
12176;39;624837414;12176;470;13305;13480;5.04;0.31;303.23;13.46;1129;41;4614.00;175
12180;39;624837443;12180;471;13308;13480;4.98;0.31;303.21;13.46;1128;41;4615.00;172
12184;39;624837458;12184;480;13311;13481;4.95;0.30;303.19;13.46;1127;41;4616.00;170
12186;39;624837483;12186;480;13316;13482;4.94;0.30;303.21;13.46;1130;41;4617.00;166
12189;39;624837500;12189;491;13319;13482;4.87;0.30;303.20;13.46;1130;41;4618.00;163
12190;39;624837515;12190;494;13321;13483;4.80;0.30;303.21;13.46;1131;41;4619.00;162
12193;39;624837533;12193;493;13322;13483;4.69;0.29;303.23;13.46;1129;41;4620.00;161
12196;39;624837555;12196;499;13327;13483;4.63;0.29;303.28;13.46;1131;41;4621.00;156
12197;39;624837577;12197;502;13328;13483;4.54;0.28;303.28;13.45;1131;41;4622.00;155
12199;39;624837599;12199;508;13332;13487;4.50;0.28;303.28;13.45;1133;41;4623.00;155
12202;39;624837620;12202;515;13332;13487;4.43;0.27;303.28;13.45;1130;41;4624.00;155
12203;39;624837637;12203;520;13332;13487;4.42;0.27;303.29;13.45;1129;41;4625.00;155
12206;39;624837653;12206;520;13335;13490;4.43;0.27;303.29;13.45;1129;41;4626.00;155
12210;39;624837669;12210;508;13335;13490;4.41;0.27;303.28;13.45;1125;41;4627.00;155
12212;39;624837686;12212;501;13337;13490;4.37;0.27;303.25;13.45;1125;41;4628.00;153
12217;39;624837702;12217;494;13340;13494;4.38;0.27;303.19;13.45;1123;41;4629.00;154
12221;39;624837719;12221;490;13341;13495;4.40;0.27;303.14;13.45;1120;41;4630.00;154
12223;39;624837734;12223;483;13342;13495;4.51;0.28;303.10;13.45;1119;41;4631.00;153
12225;39;624837749;12225;479;13347;13499;4.59;0.28;303.08;13.44;1122;41;4632.00;152
12228;39;624837763;12228;477;13347;13499;4.67;0.29;303.12;13.44;1119;41;4633.00;152
12230;39;624837790;12230;471;13347;13499;4.75;0.29;303.11;13.44;1117;41;4634.00;152
12233;39;624837803;12233;466;13349;13501;4.79;0.29;303.12;13.44;1116;41;4635.00;152
12236;39;624837820;12236;458;13350;13501;4.80;0.30;303.08;13.57;1114;41;4636.00;151
12238;39;624837835;12238;444;13355;13507;4.90;0.30;303.05;13.57;1117;41;4637.00;152
12242;39;624837851;12242;434;13355;13507;4.90;0.30;303.10;13.57;1113;41;4638.00;152
12243;39;624837870;12243;426;13355;13508;4.99;0.31;303.08;13.57;1112;41;4639.00;153
12245;39;624837892;12245;410;13355;13508;5.11;0.31;303.09;13.57;1110;41;4640.00;153
12249;39;624837913;12249;409;13355;13508;5.17;0.32;303.09;13.57;1106;41;4641.00;153
12251;39;624837929;12251;404;13355;13508;5.23;0.32;303.10;13.57;1104;41;4642.00;153
12252;39;624837944;12252;408;13355;13508;5.30;0.32;303.08;13.57;1103;41;4643.00;153
12255;39;624837960;12255;409;13365;13520;5.46;0.33;303.09;13.56;1110;41;4644.00;155
12255;39;624837976;12255;404;13366;13520;5.51;0.34;303.09;13.56;1111;41;4645.00;154
12255;39;624837996;12255;379;13366;13520;5.61;0.34;303.09;13.56;1111;41;4646.00;154
12257;39;624838012;12257;368;13366;13520;5.72;0.35;303.06;13.56;1109;41;4647.00;154
12260;39;624838041;12260;348;13366;13520;5.82;0.35;303.05;13.56;1106;41;4648.00;154
12263;39;624838062;12263;341;13366;13520;5.90;0.36;303.09;13.56;1103;41;4649.00;154
12264;39;624838080;12264;327;13371;13526;6.03;0.37;303.10;13.55;1107;41;4650.00;155
12268;39;624838098;12268;322;13371;13526;6.12;0.37;303.16;13.55;1103;41;4651.00;155
12269;39;624838114;12269;315;13376;13530;6.29;0.38;303.16;13.68;1107;41;4652.00;154
12272;39;624838130;12272;305;13377;13531;6.39;0.39;303.21;13.68;1105;41;4653.00;154
12275;39;624838148;12275;302;13377;13531;6.50;0.40;303.25;13.68;1102;41;4654.00;154
12279;39;624838172;12279;292;13377;13531;6.61;0.40;303.24;13.68;1098;41;4655.00;154
12281;39;624838191;12281;286;13388;13544;6.75;0.41;303.27;13.67;1107;41;4656.00;156
12285;39;624838210;12285;281;13388;13544;6.83;0.41;303.35;13.67;1103;41;4657.00;156
12288;39;624838227;12288;283;13388;13544;6.82;0.41;303.39;13.67;1100;41;4658.00;156
12291;39;624838242;12291;278;13389;13545;6.82;0.41;303.48;13.67;1098;41;4659.00;156
12294;39;624838259;12294;276;13389;13546;6.86;0.42;303.52;13.67;1095;41;4660.00;157
12295;39;624838276;12295;270;13389;13546;6.95;0.42;303.56;13.67;1094;41;4661.00;157
12298;39;624838293;12298;271;13392;13549;6.99;0.42;303.62;13.80;1094;41;4662.00;157
12300;39;624838310;12300;264;13392;13549;6.99;0.42;303.65;13.80;1092;41;4663.00;157
12304;39;624838327;12304;267;13393;13549;6.99;0.42;303.71;13.80;1089;41;4664.00;156
12306;39;624838350;12306;266;13393;13549;6.97;0.42;303.76;13.80;1087;41;4665.00;156
12309;39;624838367;12309;270;13398;13555;7.07;0.43;303.80;13.79;1089;41;4666.00;157
12309;39;624838388;12309;271;13398;13555;7.13;0.43;303.80;13.79;1089;41;4667.00;157
12312;39;624838407;12312;269;13398;13555;7.15;0.43;303.80;13.79;1086;41;4668.00;157
12313;39;624838424;12313;268;13398;13555;7.18;0.43;303.79;13.79;1085;41;4669.00;157
12315;39;624838442;12315;269;13401;13559;7.19;0.43;303.81;13.79;1086;41;4670.00;158
12317;39;624838460;12317;268;13402;13560;7.21;0.44;303.83;13.79;1085;41;4671.00;158
12318;39;624838486;12318;262;13402;13560;7.28;0.44;303.83;13.79;1084;41;4672.00;158
12320;39;624838502;12320;262;13403;13561;7.39;0.45;303.89;13.79;1083;41;4673.00;158
12322;39;624838520;12322;260;13403;13561;7.41;0.45;303.92;13.79;1081;41;4674.00;158
12325;39;624838536;12325;258;13403;13561;7.45;0.45;303.97;13.79;1078;41;4675.00;158
12325;39;624838557;12325;253;13403;13561;7.53;0.46;303.97;13.79;1078;41;4676.00;158
12327;39;624838574;12327;250;13403;13561;7.61;0.46;304.01;13.79;1076;41;4677.00;158
12330;39;624838590;12330;248;13403;13561;7.63;0.46;304.09;13.79;1073;41;4678.00;158
12331;39;624838605;12331;254;13403;13561;7.62;0.46;304.13;13.79;1072;41;4679.00;158
12334;39;624838623;12334;273;13469;13686;7.58;0.46;304.19;13.72;1135;41;4680.00;217
12337;39;624838649;12337;265;13469;13687;7.62;0.47;304.29;13.72;1132;41;4681.00;218
12341;39;624838666;12341;256;13477;13687;7.73;0.47;304.30;13.71;1136;41;4682.00;210
12343;39;624838686;12343;252;13477;13687;7.75;0.47;304.32;13.71;1134;41;4683.00;210
12346;39;624838710;12346;253;13482;13687;7.72;0.47;304.36;13.71;1136;41;4684.00;205
12347;39;624838740;12347;254;13483;13687;7.68;0.47;304.42;13.71;1136;41;4685.00;204
12348;39;624838764;12348;261;13488;13687;7.66;0.47;304.41;13.70;1140;41;4686.00;199
12351;39;624838789;12351;269;13492;13687;7.68;0.47;304.46;13.70;1141;41;4687.00;195
12356;39;624838813;12356;275;13498;13688;7.65;0.47;304.54;13.70;1142;41;4688.00;190
12359;39;624838844;12359;277;13501;13689;7.57;0.46;304.53;13.70;1142;41;4689.00;188
12363;39;624838865;12363;275;13505;13689;7.47;0.46;304.54;13.70;1142;41;4690.00;184
12365;39;624838895;12365;275;13508;13693;7.42;0.45;304.54;13.69;1143;41;4691.00;185
12368;39;624838923;12368;276;13508;13693;7.40;0.45;304.58;13.69;1140;41;4692.00;185
12370;39;624838945;12370;286;13510;13693;7.32;0.45;304.57;13.69;1140;41;4693.00;183
12375;39;624838965;12375;282;13511;13693;7.20;0.44;304.58;13.71;1136;41;4694.00;182
12378;39;624838988;12378;277;13516;13699;7.12;0.43;304.61;13.72;1138;41;4695.00;183
12380;39;624839006;12380;285;13516;13699;7.08;0.43;304.65;13.72;1136;41;4696.00;183
12383;39;624839023;12383;282;13516;13699;7.09;0.43;304.69;13.72;1133;41;4697.00;183
12387;39;624839042;12387;283;13519;13702;7.07;0.43;304.73;13.71;1132;41;4698.00;183
12388;39;624839069;12388;282;13519;13702;7.10;0.43;304.71;13.71;1131;41;4699.00;183
12390;39;624839088;12390;275;13519;13702;7.16;0.44;304.69;13.71;1129;41;4700.00;183
12390;39;624839110;12390;278;13519;13703;7.20;0.44;304.69;13.71;1129;41;4701.00;184
12396;39;624839126;12396;275;13520;13704;7.24;0.44;304.67;13.71;1124;41;4702.00;184
12398;39;624839149;12398;271;13520;13704;7.26;0.44;304.67;13.71;1122;41;4703.00;184
12403;39;624839168;12403;267;13529;13717;7.27;0.44;304.65;13.70;1126;41;4704.00;188
12406;39;624839186;12406;257;13530;13717;7.26;0.44;304.68;13.70;1124;41;4705.00;187
12409;39;624839200;12409;258;13532;13717;7.22;0.44;304.68;13.71;1123;41;4706.00;185
12412;39;624839215;12412;260;13533;13718;7.19;0.44;304.68;13.71;1121;41;4707.00;185
12416;39;624839231;12416;262;13533;13718;7.17;0.44;304.80;13.71;1117;41;4708.00;185
12419;39;624839246;12419;256;13536;13722;7.19;0.44;304.78;13.71;1117;41;4709.00;186
12423;39;624839264;12423;257;13536;13722;7.14;0.43;304.88;13.71;1113;41;4710.00;186
12427;39;624839279;12427;259;13541;13726;7.09;0.43;304.96;13.70;1114;41;4711.00;185
12428;39;624839294;12428;259;13541;13726;7.07;0.43;304.99;13.70;1113;41;4712.00;185
12433;39;624839308;12433;264;13542;13726;7.01;0.43;305.07;13.71;1109;41;4713.00;184
12436;39;624839322;12436;267;13543;13726;6.98;0.42;305.06;13.71;1107;41;4714.00;183
12439;39;624839337;12439;269;13543;13726;6.96;0.42;305.07;13.71;1104;41;4715.00;183
12442;39;624839352;12442;274;13554;13738;6.96;0.42;305.19;13.70;1112;41;4716.00;184
12444;39;624839367;12444;285;13556;13738;6.88;0.42;305.23;13.70;1112;41;4717.00;182
12448;39;624839380;12448;295;13556;13738;6.79;0.41;305.25;13.70;1108;41;4718.00;182
12451;39;624839394;12451;303;13556;13738;6.73;0.41;305.33;13.70;1105;41;4719.00;182
12454;39;624839414;12454;318;13557;13738;6.68;0.41;305.40;13.71;1103;41;4720.00;181
12455;39;624839427;12455;323;13558;13738;6.66;0.40;305.38;13.72;1103;41;4721.00;180
12460;39;624839441;12460;330;13558;13739;6.56;0.40;305.49;13.72;1098;41;4722.00;181
12462;39;624839454;12462;335;13560;13739;6.55;0.40;305.48;13.74;1098;41;4723.00;179
12465;39;624839469;12465;341;13565;13745;6.58;0.40;305.51;13.74;1100;41;4724.00;180
12466;39;624839482;12466;341;13567;13747;6.58;0.40;305.55;13.73;1101;41;4725.00;180
12468;39;624839496;12468;349;13569;13747;6.50;0.40;305.59;13.75;1101;41;4726.00;178
12470;39;624839509;12470;349;13569;13747;6.44;0.39;305.61;13.75;1099;41;4727.00;178
12473;39;624839523;12473;359;13574;13751;6.45;0.39;305.60;13.78;1101;41;4728.00;177
12476;39;624839536;12476;365;13574;13751;6.41;0.39;305.67;13.78;1098;41;4729.00;177
12477;39;624839550;12477;363;13574;13751;6.36;0.39;305.70;13.78;1097;41;4730.00;177
12479;39;624839563;12479;360;13575;13752;6.36;0.39;305.71;13.78;1096;41;4731.00;177
12480;39;624839576;12480;365;13581;13756;6.30;0.38;305.74;13.82;1101;41;4732.00;175
12484;39;624839589;12484;366;13582;13756;6.22;0.38;305.73;13.83;1098;41;4733.00;174
12487;39;624839603;12487;361;13585;13759;6.22;0.38;305.79;13.83;1098;41;4734.00;174
12492;39;624839617;12492;358;13587;13759;6.12;0.37;305.82;13.84;1095;41;4735.00;172
12494;39;624839629;12494;367;13588;13759;6.07;0.37;305.84;13.84;1094;41;4736.00;171
12498;39;624839643;12498;367;13589;13759;5.98;0.36;305.87;13.86;1091;41;4737.00;170
12499;39;624839656;12499;370;13594;13763;6.00;0.37;305.85;13.86;1095;41;4738.00;169
12500;39;624839668;12500;361;13595;13763;5.99;0.37;305.86;13.87;1095;41;4739.00;168
12505;39;624839682;12505;363;13596;13763;5.89;0.36;305.92;13.87;1091;41;4740.00;167
12506;39;624839696;12506;357;13597;13763;5.80;0.35;305.91;13.88;1091;41;4741.00;166
12510;39;624839708;12510;360;13598;13764;5.71;0.35;305.94;13.89;1088;41;4742.00;166
12513;39;624839721;12513;362;13600;13765;5.65;0.35;305.99;13.90;1087;41;4743.00;165
12515;39;624839734;12515;358;13600;13765;5.67;0.35;305.98;13.90;1085;41;4744.00;165
12516;39;624839746;12516;364;13602;13766;5.66;0.35;305.99;13.90;1086;41;4745.00;164
12518;39;624839758;12518;365;13603;13766;5.65;0.35;305.96;13.91;1085;41;4746.00;163
12520;39;624839770;12520;372;13603;13766;5.66;0.35;306.04;13.91;1083;41;4747.00;163
12525;39;624839781;12525;373;13606;13766;5.63;0.35;306.04;13.94;1081;41;4748.00;160
12526;39;624839793;12526;375;13606;13766;5.62;0.34;306.07;13.94;1080;41;4749.00;160
12530;39;624839804;12530;384;13606;13766;5.55;0.34;306.16;13.94;1076;41;4750.00;160
12531;39;624839815;12531;384;13606;13766;5.48;0.34;306.14;13.94;1075;41;4751.00;160
12538;39;624839826;12538;407;13676;13893;5.70;0.35;306.12;13.91;1138;41;4752.00;217
12540;39;624839847;12540;403;13679;13894;5.62;0.35;306.11;13.91;1139;41;4753.00;215
12541;39;624839859;12541;399;13689;13894;5.62;0.35;306.09;13.91;1148;41;4754.00;205
12543;39;624839871;12543;401;13692;13894;5.49;0.34;306.07;13.91;1149;41;4755.00;202
12547;39;624839882;12547;400;13699;13894;5.41;0.33;306.02;13.92;1152;41;4756.00;195
12551;39;624839893;12551;408;13703;13894;5.29;0.33;305.97;13.91;1152;41;4757.00;191
12555;39;624839905;12555;411;13706;13894;5.16;0.32;305.98;13.91;1151;41;4758.00;188
12558;39;624839917;12558;412;13709;13894;5.05;0.31;305.95;13.92;1151;41;4759.00;185
12562;39;624839929;12562;413;13711;13895;4.92;0.30;305.96;13.92;1149;41;4760.00;184
12562;39;624839942;12562;408;13713;13896;4.88;0.30;305.96;13.92;1151;41;4761.00;183
12565;39;624839953;12565;402;13718;13896;4.79;0.30;305.96;13.95;1153;41;4762.00;178
12567;39;624839965;12567;412;13722;13897;4.75;0.29;305.96;13.94;1155;41;4763.00;175
12569;39;624839977;12569;416;13724;13897;4.69;0.29;305.98;13.95;1155;41;4764.00;173
12570;39;624839989;12570;428;13726;13897;4.62;0.29;305.99;13.95;1156;41;4765.00;171
12575;39;624839999;12575;433;13730;13897;4.55;0.28;305.97;13.97;1155;41;4766.00;167
12576;39;624840021;12576;433;13734;13901;4.54;0.28;305.98;13.97;1158;41;4767.00;167
12579;39;624840035;12579;432;13735;13901;4.53;0.28;305.95;13.97;1156;41;4768.00;166
12580;39;624840049;12580;430;13737;13901;4.58;0.28;305.96;13.97;1157;41;4769.00;164
12583;39;624840062;12583;437;13740;13907;4.66;0.29;305.93;13.97;1157;41;4770.00;167
12584;39;624840076;12584;432;13741;13907;4.71;0.29;305.94;13.96;1157;41;4771.00;166
12587;39;624840088;12587;436;13743;13907;4.77;0.29;305.93;13.96;1156;41;4772.00;164
12587;39;624840100;12587;430;13748;13911;4.90;0.30;305.93;13.96;1161;41;4773.00;163
12593;39;624840113;12593;437;13751;13912;4.93;0.30;305.91;14.10;1158;41;4774.00;161
12598;39;624840128;12598;435;13751;13912;4.98;0.31;305.94;14.10;1153;41;4775.00;161
12600;39;624840141;12600;436;13756;13916;5.04;0.31;305.94;14.09;1156;41;4776.00;160
12604;39;624840154;12604;440;13756;13916;5.06;0.31;305.93;14.09;1152;41;4777.00;160
12605;39;624840167;12605;445;13758;13916;5.07;0.31;305.95;14.09;1153;41;4778.00;158
12606;39;624840180;12606;432;13758;13917;5.05;0.31;305.96;14.09;1152;41;4779.00;159
12607;39;624840194;12607;431;13759;13917;5.09;0.31;305.97;14.09;1152;41;4780.00;158
12610;39;624840213;12610;422;13764;13923;5.12;0.31;305.94;14.09;1154;41;4781.00;159
12614;39;624840227;12614;425;13764;13923;5.12;0.31;305.93;14.09;1150;41;4782.00;159
12620;39;624840240;12620;420;13765;13924;5.08;0.31;305.91;14.09;1145;41;4783.00;159
12622;39;624840253;12622;421;13765;13924;5.08;0.31;305.91;14.09;1143;41;4784.00;159
12624;39;624840273;12624;426;13765;13924;5.11;0.31;305.91;14.09;1141;41;4785.00;159
12630;39;624840294;12630;422;13765;13924;5.10;0.31;305.92;14.09;1135;41;4786.00;159
12633;39;624840309;12633;407;13765;13924;5.13;0.31;305.95;14.09;1132;41;4787.00;159
12635;39;624840321;12635;417;13774;13936;5.26;0.32;305.92;14.08;1139;41;4788.00;162
12638;39;624840335;12638;411;13775;13936;5.25;0.32;305.99;14.08;1137;41;4789.00;161
12643;39;624840354;12643;409;13776;13936;5.24;0.32;305.98;14.08;1133;41;4790.00;160
12644;39;624840367;12644;410;13776;13936;5.26;0.32;305.96;14.08;1132;41;4791.00;160
12647;39;624840379;12647;408;13776;13936;5.22;0.32;305.99;14.08;1129;41;4792.00;160
12649;39;624840392;12649;408;13776;13936;5.16;0.31;305.99;14.08;1127;41;4793.00;160
12653;39;624840405;12653;413;13779;13940;5.15;0.31;305.97;14.07;1126;41;4794.00;161
12655;39;624840417;12655;405;13779;13940;5.12;0.31;305.98;14.07;1124;41;4795.00;161
12658;39;624840430;12658;405;13783;13944;5.09;0.31;306.03;14.07;1125;41;4796.00;161
12663;39;624840443;12663;405;13784;13945;5.03;0.31;306.02;14.07;1121;41;4797.00;161
12665;39;624840455;12665;403;13784;13945;5.02;0.31;306.03;14.07;1119;41;4798.00;161
12666;39;624840468;12666;404;13784;13945;5.00;0.30;306.02;14.07;1118;41;4799.00;161
12669;39;624840482;12669;403;13808;13986;5.19;0.32;306.07;14.04;1139;41;4800.00;178
12674;39;624840502;12674;394;13808;13986;5.22;0.32;306.09;14.04;1134;41;4801.00;178
12676;39;624840515;12676;389;13810;13986;5.26;0.32;306.09;14.04;1134;41;4802.00;176
12678;39;624840528;12678;381;13811;13987;5.34;0.33;306.10;14.04;1133;41;4803.00;176
12680;39;624840541;12680;384;13812;13988;5.44;0.33;306.07;14.04;1132;41;4804.00;176
12682;39;624840553;12682;387;13812;13988;5.47;0.34;306.06;14.04;1130;41;4805.00;176
12685;39;624840567;12685;391;13816;13991;5.52;0.34;306.13;14.04;1131;41;4806.00;175
12691;39;624840580;12691;382;13816;13991;5.57;0.34;306.16;14.04;1125;41;4807.00;175
12694;39;624840594;12694;377;13818;13991;5.59;0.34;306.20;14.04;1124;41;4808.00;173
12696;39;624840607;12696;367;13818;13991;5.60;0.34;306.20;14.04;1122;41;4809.00;173
12700;39;624840621;12700;371;13824;13997;5.61;0.34;306.27;14.03;1124;41;4810.00;173
12705;39;624840634;12705;368;13824;13997;5.63;0.34;306.31;14.03;1119;41;4811.00;173
12709;39;624840648;12709;365;13825;13997;5.65;0.34;306.38;14.03;1116;41;4812.00;172
12712;39;624840662;12712;366;13825;13997;5.67;0.35;306.40;14.03;1113;41;4813.00;172
12717;39;624840680;12717;377;13828;14001;5.74;0.35;306.36;14.03;1111;41;4814.00;173
12718;39;624840698;12718;370;13830;14003;5.82;0.36;306.40;14.03;1112;41;4815.00;173
12722;39;624840729;12722;358;13831;14003;5.90;0.36;306.44;14.03;1109;41;4816.00;172
12725;39;624840757;12725;346;13833;14004;5.98;0.36;306.47;14.17;1108;41;4817.00;171
12727;39;624840781;12727;338;13833;14004;6.05;0.37;306.50;14.17;1106;41;4818.00;171
12729;39;624840801;12729;340;13833;14004;6.10;0.37;306.54;14.17;1104;41;4819.00;171
12730;39;624840818;12730;323;13833;14004;6.14;0.37;306.55;14.17;1103;41;4820.00;171
12734;39;624840836;12734;321;13833;14004;6.17;0.38;306.66;14.17;1099;41;4821.00;171
12736;39;624840863;12736;315;13834;14004;6.20;0.38;306.70;14.17;1098;41;4822.00;170
12742;39;624840881;12742;317;13834;14004;6.20;0.38;306.71;14.17;1092;41;4823.00;170
12745;39;624840899;12745;323;13874;14074;6.31;0.38;306.74;14.12;1129;41;4824.00;200
12747;39;624840922;12747;306;13875;14075;6.37;0.39;306.74;14.12;1128;41;4825.00;200
12750;39;624840940;12750;307;13879;14075;6.49;0.39;306.79;14.12;1129;41;4826.00;196
12753;39;624840955;12753;297;13879;14075;6.55;0.40;306.90;14.12;1126;41;4827.00;196
12754;39;624840971;12754;296;13883;14077;6.62;0.40;306.89;14.12;1129;41;4828.00;194
12755;39;624840987;12755;291;13885;14077;6.74;0.41;306.92;14.12;1130;41;4829.00;192
12757;39;624841004;12757;299;13887;14077;6.85;0.42;306.96;14.12;1130;41;4830.00;190
12760;39;624841023;12760;307;13889;14077;6.95;0.42;307.05;14.12;1129;41;4831.00;188
12763;39;624841039;12763;299;13891;14078;6.98;0.42;307.07;14.25;1128;41;4832.00;187
12766;39;624841054;12766;308;13893;14079;6.99;0.42;307.09;14.25;1127;41;4833.00;186
12770;39;624841076;12770;315;13897;14079;7.02;0.43;307.20;14.25;1127;41;4834.00;182
12773;39;624841093;12773;309;13902;14083;7.10;0.43;307.23;14.25;1129;41;4835.00;181
12775;39;624841109;12775;311;13904;14083;7.21;0.44;307.33;14.25;1129;41;4836.00;179
12780;39;624841124;12780;317;13905;14083;7.26;0.44;307.45;14.25;1125;41;4837.00;178
12785;39;624841139;12785;312;13906;14083;7.32;0.45;307.45;14.25;1121;41;4838.00;177
12787;39;624841155;12787;311;13911;14089;7.42;0.45;307.44;14.25;1124;41;4839.00;178
12789;39;624841170;12789;317;13913;14089;7.47;0.45;307.48;14.25;1124;41;4840.00;176
12793;39;624841185;12793;318;13914;14089;7.48;0.46;307.49;14.25;1121;41;4841.00;175
12795;39;624841200;12795;316;13916;14092;7.51;0.46;307.51;14.24;1121;41;4842.00;176
12801;39;624841216;12801;315;13917;14092;7.48;0.46;307.58;14.24;1116;41;4843.00;175
12802;39;624841232;12802;314;13918;14092;7.53;0.46;307.58;14.24;1116;41;4844.00;174
12805;39;624841246;12805;310;13918;14093;7.53;0.46;307.63;14.24;1113;41;4845.00;175
12810;39;624841262;12810;309;13919;14094;7.55;0.46;307.68;14.24;1109;41;4846.00;175
12816;39;624841278;12816;311;13919;14094;7.51;0.46;307.75;14.24;1103;41;4847.00;175
12816;39;624841293;12816;313;13930;14107;7.55;0.46;307.75;14.23;1114;41;4848.00;177
12819;39;624841309;12819;307;13930;14107;7.58;0.46;307.75;14.23;1111;41;4849.00;177
12822;39;624841324;12822;306;13930;14107;7.59;0.46;307.78;14.23;1108;41;4850.00;177
12825;39;624841339;12825;302;13931;14108;7.61;0.46;307.83;14.23;1106;41;4851.00;177
12827;39;624841354;12827;304;13931;14108;7.61;0.46;307.87;14.23;1104;41;4852.00;177
12830;39;624841376;12830;308;13935;14112;7.61;0.46;307.87;14.23;1105;41;4853.00;177
12833;39;624841392;12833;305;13935;14112;7.63;0.46;307.90;14.23;1102;41;4854.00;177
12834;39;624841407;12834;305;13938;14116;7.61;0.46;307.94;14.22;1104;41;4855.00;178
12838;39;624841422;12838;294;13938;14116;7.63;0.46;308.07;14.22;1100;41;4856.00;178
12843;39;624841437;12843;295;13938;14116;7.65;0.46;308.06;14.22;1095;41;4857.00;178
12846;39;624841451;12846;293;13938;14116;7.63;0.46;308.12;14.22;1092;41;4858.00;178
12850;39;624841468;12850;290;13938;14116;7.58;0.46;308.10;14.22;1088;41;4859.00;178
12851;39;624841485;12851;287;13959;14150;7.58;0.46;308.10;14.20;1108;41;4860.00;191
12854;39;624841502;12854;287;13960;14150;7.53;0.46;308.12;14.20;1106;41;4861.00;190
12856;39;624841517;12856;286;13963;14150;7.51;0.46;308.19;14.20;1107;41;4862.00;187
12861;39;624841531;12861;278;13964;14150;7.47;0.46;308.22;14.20;1103;41;4863.00;186
12867;39;624841546;12867;278;13965;14150;7.46;0.45;308.23;14.20;1098;41;4864.00;185
12871;39;624841561;12871;276;13967;14150;7.50;0.46;308.30;14.22;1096;41;4865.00;183
12874;39;624841578;12874;266;13967;14151;7.48;0.46;308.27;14.22;1093;41;4866.00;184
12879;39;624841593;12879;263;13967;14151;7.49;0.46;308.31;14.22;1088;41;4867.00;184
12883;39;624841614;12883;268;13971;14157;7.54;0.46;308.28;14.22;1088;41;4868.00;186
12887;40;624841629;12887;266;13971;14158;7.52;0.46;308.28;14.22;1084;42;4869.00;187
12893;40;624841654;12893;260;13973;14158;7.45;0.45;308.21;14.22;1080;42;4870.00;185
12895;40;624841668;12895;260;13973;14158;7.46;0.45;308.23;14.22;1078;42;4871.00;185
12898;40;624841682;12898;262;13975;14162;7.49;0.45;308.30;14.22;1077;42;4872.00;187
12901;40;624841698;12901;261;13976;14162;7.43;0.45;308.31;14.22;1075;42;4873.00;186
12903;40;624841712;12903;261;13977;14162;7.41;0.45;308.36;14.22;1074;42;4874.00;185
12910;40;624841726;12910;275;13978;14163;7.39;0.45;308.44;14.21;1068;42;4875.00;185
12914;40;624841745;12914;276;13981;14167;7.31;0.44;308.41;14.21;1067;42;4876.00;186
12917;40;624841759;12917;282;13981;14167;7.28;0.44;308.47;14.21;1064;42;4877.00;186
12924;40;624841772;12924;281;13984;14170;7.25;0.44;308.46;14.21;1060;42;4878.00;186
12925;40;624841785;12925;293;13985;14170;7.18;0.43;308.46;14.21;1060;42;4879.00;185
12927;40;624841798;12927;298;13985;14170;7.11;0.43;308.49;14.21;1058;42;4880.00;185
12928;40;624841812;12928;293;13985;14170;7.07;0.43;308.49;14.21;1057;42;4881.00;185
12930;40;624841825;12930;292;13989;14174;7.07;0.43;308.54;14.21;1059;42;4882.00;185
12934;40;624841838;12934;293;13989;14174;7.02;0.43;308.60;14.21;1055;42;4883.00;185
12936;40;624841852;12936;289;13989;14174;6.97;0.42;308.61;14.21;1053;42;4884.00;185
12938;40;624841864;12938;291;13989;14174;6.96;0.42;308.62;14.21;1051;42;4885.00;185
12938;40;624841876;12938;295;13989;14175;6.92;0.42;308.62;14.21;1051;42;4886.00;186
12940;40;624841888;12940;304;13990;14176;6.83;0.41;308.65;14.20;1050;42;4887.00;186
12942;40;624841901;12942;311;13990;14176;6.77;0.41;308.73;14.20;1048;42;4888.00;186
12944;40;624841913;12944;313;13991;14177;6.70;0.41;308.75;14.20;1047;42;4889.00;186
12946;40;624841927;12946;320;13993;14177;6.62;0.40;308.76;14.23;1047;42;4890.00;184
12946;40;624841939;12946;330;13993;14177;6.57;0.40;308.76;14.23;1047;42;4891.00;184
12947;40;624841951;12947;334;13993;14177;6.48;0.39;308.78;14.23;1046;42;4892.00;184
12948;40;624841963;12948;338;13995;14177;6.39;0.39;308.77;14.25;1047;42;4893.00;182
12950;40;624841975;12950;342;13995;14177;6.29;0.38;308.80;14.25;1045;42;4894.00;182
12951;40;624841987;12951;346;13996;14177;6.18;0.38;308.78;14.27;1045;42;4895.00;181
12955;40;624841998;12955;370;14060;14304;6.35;0.39;308.77;14.20;1105;42;4896.00;244
12957;40;624842020;12957;359;14063;14305;6.23;0.39;308.73;14.20;1106;42;4897.00;242
12958;40;624842032;12958;362;14073;14305;6.20;0.38;308.72;14.22;1115;42;4898.00;232
12960;40;624842044;12960;356;14076;14305;6.07;0.38;308.69;14.21;1116;42;4899.00;229
12961;40;624842057;12961;363;14084;14305;6.07;0.38;308.68;14.24;1123;42;4900.00;221
12963;40;624842073;12963;359;14089;14305;6.02;0.37;308.66;14.25;1126;42;4901.00;216
12965;40;624842085;12965;362;14092;14305;6.02;0.37;308.65;14.26;1127;42;4902.00;213
12967;40;624842097;12967;368;14095;14305;6.01;0.37;308.64;14.25;1128;42;4903.00;210
12969;40;624842109;12969;365;14099;14306;5.97;0.37;308.62;14.27;1130;42;4904.00;207
12971;40;624842121;12971;373;14105;14308;5.93;0.37;308.59;14.27;1134;42;4905.00;203
12974;40;624842134;12974;385;14108;14308;5.86;0.36;308.54;14.27;1134;42;4906.00;200
12978;40;624842146;12978;388;14111;14309;5.75;0.35;308.49;14.28;1133;42;4907.00;198
12980;40;624842158;12980;395;14115;14309;5.70;0.35;308.45;14.28;1135;42;4908.00;194
12984;40;624842170;12984;400;14118;14309;5.58;0.34;308.41;14.28;1134;42;4909.00;191
12985;40;624842182;12985;402;14120;14309;5.51;0.34;308.40;14.30;1135;42;4910.00;189
12986;40;624842194;12986;410;14125;14313;5.43;0.33;308.40;14.29;1139;42;4911.00;188
12990;40;624842207;12990;422;14126;14313;5.33;0.33;308.35;14.29;1136;42;4912.00;187
12992;40;624842218;12992;423;14129;14313;5.24;0.32;308.37;14.30;1137;42;4913.00;184
12992;40;624842230;12992;425;14134;14316;5.18;0.32;308.37;14.32;1142;42;4914.00;182
12993;40;624842242;12993;440;14135;14316;5.12;0.32;308.37;14.32;1142;42;4915.00;181
12996;40;624842255;12996;445;14137;14316;5.04;0.31;308.42;14.33;1141;42;4916.00;179
12997;40;624842267;12997;453;14144;14320;5.00;0.31;308.47;14.35;1147;42;4917.00;176
12999;40;624842279;12999;454;14146;14321;4.99;0.31;308.44;14.36;1147;42;4918.00;175
13000;40;624842292;13000;457;14147;14321;4.96;0.30;308.44;14.36;1147;42;4919.00;174
13002;40;624842305;13002;464;14152;14326;4.97;0.30;308.42;14.36;1150;42;4920.00;174
13002;40;624842317;13002;474;14155;14326;4.91;0.30;308.42;14.37;1153;42;4921.00;171
13005;40;624842334;13005;474;14157;14326;4.82;0.30;308.38;14.39;1152;42;4922.00;169
13007;40;624842346;13007;474;14159;14327;4.74;0.29;308.38;14.40;1152;42;4923.00;168
13009;40;624842357;13009;469;14159;14327;4.65;0.28;308.39;14.40;1150;42;4924.00;168
13012;40;624842368;13012;477;14166;14333;4.63;0.28;308.37;14.40;1154;42;4925.00;167
13016;40;624842383;13016;480;14166;14333;4.49;0.27;308.33;14.40;1150;42;4926.00;167
13019;40;624842396;13019;478;14166;14334;4.35;0.27;308.29;14.40;1147;42;4927.00;168
13023;40;624842408;13023;478;14167;14334;4.18;0.26;308.28;14.41;1144;42;4928.00;167
13026;40;624842420;13026;488;14167;14334;4.04;0.25;308.26;14.41;1141;42;4929.00;167
13029;40;624842432;13029;486;14169;14334;3.95;0.24;308.25;14.43;1140;42;4930.00;165
13032;40;624842444;13032;472;14170;14334;3.94;0.24;308.26;14.44;1138;42;4931.00;164
13034;40;624842455;13034;456;14181;14346;4.03;0.25;308.25;14.43;1147;42;4932.00;165
13035;40;624842467;13035;444;14181;14346;4.08;0.25;308.26;14.43;1146;42;4933.00;165
13040;40;624842479;13040;442;14181;14346;4.11;0.25;308.26;14.43;1141;42;4934.00;165
13041;40;624842493;13041;444;14182;14346;4.15;0.25;308.27;14.44;1141;42;4935.00;164
13045;40;624842505;13045;441;14184;14346;4.21;0.26;308.31;14.46;1139;42;4936.00;162
13047;40;624842517;13047;433;14185;14346;4.26;0.26;308.29;14.47;1138;42;4937.00;161
13050;40;624842535;13050;426;14188;14350;4.38;0.27;308.31;14.46;1138;42;4938.00;162
13052;40;624842550;13052;416;14188;14350;4.51;0.28;308.30;14.46;1136;42;4939.00;162
13053;40;624842562;13053;401;14193;14354;4.70;0.29;308.31;14.47;1140;42;4940.00;161
13056;40;624842575;13056;393;14194;14355;4.82;0.29;308.32;14.47;1138;42;4941.00;161
13058;40;624842587;13058;393;14194;14355;4.95;0.30;308.32;14.47;1136;42;4942.00;161
13062;40;624842600;13062;390;14194;14355;5.08;0.31;308.29;14.47;1132;42;4943.00;161
13063;40;624842613;13063;391;14205;14368;5.30;0.32;308.29;14.45;1142;42;4944.00;163
13066;40;624842626;13066;386;14205;14368;5.36;0.33;308.28;14.45;1139;42;4945.00;163
13068;40;624842639;13068;382;14205;14368;5.42;0.33;308.29;14.45;1137;42;4946.00;163
13071;40;624842659;13071;380;14206;14369;5.44;0.33;308.28;14.45;1135;42;4947.00;163
13073;40;624842672;13073;377;14206;14370;5.44;0.33;308.27;14.45;1133;42;4948.00;164
13078;40;624842685;13078;379;14206;14370;5.39;0.33;308.23;14.45;1128;42;4949.00;164
13080;40;624842707;13080;377;14212;14379;5.44;0.33;308.23;14.45;1132;42;4950.00;167
13085;40;624842728;13085;369;14213;14379;5.44;0.33;308.25;14.45;1128;42;4951.00;166
13088;40;624842749;13088;359;14214;14379;5.48;0.33;308.22;14.45;1126;42;4952.00;165
13091;40;624842769;13091;360;14214;14379;5.47;0.33;308.21;14.45;1123;42;4953.00;165
13092;40;624842788;13092;363;14219;14385;5.51;0.34;308.22;14.44;1127;42;4954.00;166
13096;40;624842806;13096;354;14220;14385;5.47;0.33;308.30;14.44;1124;42;4955.00;165
13099;40;624842822;13099;351;14220;14385;5.47;0.33;308.25;14.44;1121;42;4956.00;165
13102;40;624842837;13102;347;14220;14385;5.41;0.33;308.25;14.44;1118;42;4957.00;165
13105;40;624842851;13105;349;14223;14389;5.42;0.33;308.23;14.44;1118;42;4958.00;166
13105;40;624842865;13105;350;14224;14390;5.41;0.33;308.23;14.44;1119;42;4959.00;166
13109;40;624842879;13109;353;14224;14390;5.36;0.33;308.27;14.44;1115;42;4960.00;166
13110;40;624842893;13110;355;14225;14391;5.38;0.33;308.28;14.44;1115;42;4961.00;166
13114;40;624842907;13114;358;14225;14391;5.36;0.33;308.27;14.44;1111;42;4962.00;166
13118;40;624842921;13118;358;14225;14391;5.36;0.33;308.29;14.44;1107;42;4963.00;166
13123;40;624842935;13123;358;14225;14391;5.31;0.33;308.36;14.44;1102;42;4964.00;166
13129;40;624842949;13129;360;14225;14391;5.27;0.32;308.34;14.44;1096;42;4965.00;166
13132;40;624842963;13132;362;14225;14391;5.27;0.32;308.36;14.44;1093;42;4966.00;166
13135;40;624842977;13135;359;14225;14391;5.28;0.32;308.41;14.44;1090;42;4967.00;166
13142;40;624842990;13142;370;14267;14461;5.32;0.33;308.53;14.39;1125;42;4968.00;194
13143;40;624843010;13143;364;14267;14462;5.39;0.33;308.57;14.39;1124;42;4969.00;195
13145;40;624843023;13145;360;14271;14462;5.48;0.33;308.59;14.39;1126;42;4970.00;191
13146;40;624843037;13146;357;14271;14462;5.56;0.34;308.64;14.39;1125;42;4971.00;191
13147;40;624843051;13147;351;14273;14462;5.65;0.35;308.70;14.39;1126;42;4972.00;189
13152;40;624843064;13152;351;14274;14462;5.68;0.35;308.75;14.39;1122;42;4973.00;188
13153;40;624843078;13153;346;14276;14462;5.78;0.35;308.78;14.39;1123;42;4974.00;186
13155;40;624843092;13155;346;14278;14462;5.81;0.36;308.77;14.39;1123;42;4975.00;184
13156;40;624843105;13156;337;14278;14463;5.80;0.35;308.75;14.39;1122;42;4976.00;185
13156;40;624843120;13156;324;14282;14464;5.85;0.36;308.75;14.38;1126;42;4977.00;182
13161;40;624843133;13161;328;14283;14464;5.84;0.36;308.78;14.38;1122;42;4978.00;181
13161;40;624843148;13161;326;14289;14468;5.87;0.36;308.78;14.38;1128;42;4979.00;179
13163;40;624843164;13163;320;14293;14468;5.91;0.36;308.80;14.53;1130;42;4980.00;175
13166;40;624843180;13166;319;14295;14468;5.98;0.37;308.85;14.52;1129;42;4981.00;173
13170;40;624843194;13170;317;14297;14468;6.10;0.37;308.89;14.52;1127;42;4982.00;171
13175;40;624843209;13175;321;14302;14474;6.14;0.38;308.99;14.52;1127;42;4983.00;172
13176;40;624843224;13176;331;14302;14474;6.18;0.38;309.04;14.52;1126;42;4984.00;172
13177;40;624843238;13177;333;14302;14474;6.24;0.38;309.04;14.52;1125;42;4985.00;172
13179;40;624843261;13179;318;14304;14477;6.28;0.38;309.12;14.52;1125;42;4986.00;173
13181;40;624843276;13181;308;14304;14477;6.34;0.39;309.15;14.52;1123;42;4987.00;173
13188;40;624843290;13188;301;14305;14477;6.37;0.39;309.18;14.52;1117;42;4988.00;172
13192;40;624843305;13192;290;14305;14478;6.43;0.39;309.30;14.52;1113;42;4989.00;173
13195;40;624843321;13195;296;14306;14479;6.51;0.40;309.35;14.52;1111;42;4990.00;173
13196;40;624843336;13196;294;14306;14479;6.57;0.40;309.38;14.52;1110;42;4991.00;173
13199;40;624843351;13199;294;14316;14492;6.63;0.40;309.42;14.51;1117;42;4992.00;176
13201;40;624843366;13201;292;14317;14492;6.71;0.41;309.42;14.50;1116;42;4993.00;175
13203;40;624843381;13203;290;14317;14492;6.74;0.41;309.46;14.50;1114;42;4994.00;175
13204;40;624843398;13204;283;14319;14494;6.78;0.41;309.50;14.50;1115;42;4995.00;175
13207;40;624843414;13207;279;14320;14494;6.78;0.41;309.53;14.65;1113;42;4996.00;174
13210;40;624843429;13210;272;14324;14498;6.86;0.42;309.60;14.65;1114;42;4997.00;174
13212;40;624843445;13212;262;14324;14498;6.94;0.42;309.69;14.65;1112;42;4998.00;174
13214;40;624843466;13214;264;14327;14502;6.96;0.42;309.70;14.64;1113;42;4999.00;175
13217;40;624843482;13217;257;14327;14502;7.03;0.43;309.78;14.64;1110;42;5000.00;175
13219;40;624843501;13219;254;14327;14502;7.15;0.44;309.81;14.64;1108;42;5001.00;175
13221;40;624843518;13221;253;14327;14502;7.19;0.44;309.82;14.64;1106;42;5002.00;175
13226;40;624843532;13226;247;14327;14502;7.16;0.44;309.92;14.64;1101;42;5003.00;175
13227;40;624843552;13227;248;14337;14514;7.30;0.45;309.91;14.63;1110;42;5004.00;177
13232;40;624843569;13232;243;14337;14514;7.29;0.45;309.93;14.63;1105;42;5005.00;177
13233;40;624843586;13233;240;14338;14514;7.36;0.45;309.93;14.63;1105;42;5006.00;176
13236;40;624843603;13236;242;14338;14514;7.40;0.45;309.96;14.63;1102;42;5007.00;176
13237;40;624843619;13237;246;14338;14514;7.46;0.46;310.02;14.63;1101;42;5008.00;176
13241;40;624843635;13241;245;14338;14514;7.49;0.46;310.05;14.63;1097;42;5009.00;176
13248;40;624843652;13248;241;14338;14515;7.51;0.46;310.05;14.63;1090;42;5010.00;177
13251;40;624843669;13251;240;14338;14515;7.53;0.46;310.07;14.63;1087;42;5011.00;177
13253;40;624843684;13253;237;14343;14521;7.54;0.46;310.09;14.63;1090;42;5012.00;178
13257;40;624843702;13257;232;14344;14522;7.50;0.46;310.07;14.63;1087;42;5013.00;178
13259;40;624843716;13259;231;14344;14522;7.52;0.46;310.10;14.63;1085;42;5014.00;178
13264;40;624843739;13264;238;14344;14522;7.49;0.45;310.15;14.63;1080;42;5015.00;178
13266;40;624843753;13266;238;14347;14526;7.52;0.46;310.15;14.62;1081;42;5016.00;179
13268;40;624843768;13268;239;14347;14526;7.56;0.46;310.18;14.62;1079;42;5017.00;179
13271;40;624843781;13271;234;14347;14526;7.55;0.46;310.18;14.62;1076;42;5018.00;179
13272;40;624843795;13272;233;14348;14527;7.58;0.46;310.24;14.62;1076;42;5019.00;179
13274;40;624843808;13274;229;14351;14531;7.56;0.46;310.25;14.62;1077;42;5020.00;180
13278;40;624843822;13278;223;14351;14531;7.55;0.46;310.28;14.62;1073;42;5021.00;180
13280;40;624843837;13280;225;14353;14534;7.53;0.46;310.30;14.62;1073;42;5022.00;181
13281;40;624843851;13281;228;14353;14534;7.51;0.45;310.29;14.62;1072;42;5023.00;181
13284;40;624843864;13284;230;14354;14534;7.49;0.45;310.37;14.62;1070;42;5024.00;180
13288;40;624843878;13288;232;14354;14534;7.47;0.45;310.46;14.62;1066;42;5025.00;180
13289;40;624843891;13289;229;14358;14538;7.54;0.46;310.50;14.61;1069;42;5026.00;180
13293;40;624843905;13293;234;14358;14538;7.56;0.46;310.56;14.61;1065;42;5027.00;180
13297;40;624843918;13297;237;14358;14538;7.50;0.45;310.63;14.61;1061;42;5028.00;180
13300;40;624843931;13300;235;14358;14538;7.43;0.45;310.66;14.61;1058;42;5029.00;180
13304;40;624843944;13304;233;14358;14539;7.41;0.45;310.68;14.61;1054;42;5030.00;181
13308;40;624843957;13308;233;14359;14540;7.39;0.45;310.70;14.61;1051;42;5031.00;181
13312;40;624843970;13312;228;14359;14540;7.31;0.44;310.67;14.61;1047;42;5032.00;181
13315;40;624843982;13315;229;14360;14541;7.28;0.44;310.76;14.61;1045;42;5033.00;181
13319;40;624843995;13319;230;14361;14541;7.19;0.44;310.78;14.62;1042;42;5034.00;180
13322;40;624844008;13322;226;14361;14541;7.16;0.43;310.75;14.62;1039;42;5035.00;180
13324;40;624844021;13324;226;14362;14541;7.10;0.43;310.77;14.64;1038;42;5036.00;179
13326;40;624844033;13326;225;14362;14541;7.07;0.43;310.75;14.64;1036;42;5037.00;179
13333;40;624844045;13333;226;14362;14541;7.06;0.43;310.91;14.64;1029;42;5038.00;179
13336;40;624844058;13336;237;14362;14541;7.04;0.43;310.88;14.64;1026;42;5039.00;179
13341;40;624844072;13341;269;14461;14771;7.13;0.44;310.85;14.54;1120;42;5040.00;310
13343;40;624844102;13343;262;14465;14772;7.13;0.44;310.88;14.53;1122;42;5041.00;307
13347;40;624844115;13347;251;14476;14772;7.19;0.45;310.89;14.53;1129;42;5042.00;296
13348;40;624844128;13348;256;14481;14772;7.26;0.45;310.95;14.53;1133;42;5043.00;291
13352;40;624844141;13352;258;14490;14772;7.26;0.45;311.03;14.52;1138;42;5044.00;282
13355;40;624844155;13355;259;14495;14772;7.23;0.45;311.04;14.52;1140;42;5045.00;277
13357;40;624844168;13357;266;14504;14772;7.18;0.44;311.02;14.51;1147;42;5046.00;268
13360;40;624844186;13360;263;14511;14772;7.11;0.44;311.10;14.51;1151;42;5047.00;261
13361;40;624844199;13361;261;14520;14773;7.06;0.43;311.16;14.50;1159;42;5048.00;253
13362;40;624844212;13362;276;14525;14774;6.96;0.43;311.14;14.50;1163;42;5049.00;249
13363;40;624844225;13363;277;14529;14774;6.85;0.42;311.13;14.50;1166;42;5050.00;245
13369;40;624844237;13369;284;14535;14775;6.70;0.41;311.15;14.50;1166;42;5051.00;240
13371;40;624844251;13371;294;14537;14775;6.61;0.41;311.15;14.50;1166;42;5052.00;238
13374;40;624844264;13374;293;14540;14775;6.50;0.40;311.11;14.50;1166;42;5053.00;235
13376;40;624844278;13376;300;14542;14775;6.42;0.39;311.14;14.50;1166;42;5054.00;233
13377;40;624844291;13377;310;14547;14779;6.28;0.39;311.12;14.50;1170;42;5055.00;232
13377;40;624844308;13377;314;14551;14779;6.22;0.38;311.12;14.50;1174;42;5056.00;228
13378;40;624844326;13378;321;14552;14779;6.17;0.38;311.12;14.50;1174;42;5057.00;227
13380;40;624844339;13380;334;14554;14782;6.11;0.38;311.09;14.50;1174;42;5058.00;228
13384;40;624844351;13384;342;14555;14782;6.00;0.37;311.08;14.50;1171;42;5059.00;227
13386;40;624844365;13386;346;14558;14782;5.93;0.36;311.10;14.52;1172;42;5060.00;224
13389;40;624844377;13389;355;14562;14786;5.86;0.36;311.08;14.52;1173;42;5061.00;224
13392;40;624844390;13392;361;14564;14787;5.77;0.35;311.06;14.52;1172;42;5062.00;223
13394;40;624844403;13394;373;14566;14787;5.70;0.35;311.04;14.53;1172;42;5063.00;221
13396;40;624844415;13396;377;14570;14791;5.63;0.35;311.05;14.54;1174;42;5064.00;221
13398;40;624844428;13398;374;14574;14791;5.59;0.34;311.03;14.55;1176;42;5065.00;217
13401;40;624844441;13401;385;14576;14791;5.59;0.34;311.03;14.55;1175;42;5066.00;215
13402;40;624844453;13402;396;14578;14792;5.56;0.34;311.05;14.57;1176;42;5067.00;214
13404;40;624844467;13404;402;14580;14792;5.55;0.34;311.06;14.57;1176;42;5068.00;212
13407;40;624844479;13407;408;14586;14798;5.51;0.34;311.11;14.58;1179;42;5069.00;212
13408;40;624844493;13408;415;14587;14798;5.45;0.34;311.09;14.58;1179;42;5070.00;211
13409;40;624844506;13409;420;14591;14799;5.39;0.33;311.08;14.60;1182;42;5071.00;208
13411;40;624844518;13411;431;14593;14799;5.33;0.33;311.11;14.61;1182;42;5072.00;206
13416;40;624844530;13416;438;14596;14799;5.18;0.32;311.12;14.61;1180;42;5073.00;203
13419;40;624844542;13419;443;14596;14799;5.06;0.31;311.10;14.61;1177;42;5074.00;203
13422;40;624844555;13422;456;14600;14799;4.99;0.31;311.09;14.63;1178;42;5075.00;199
13423;40;624844567;13423;472;14610;14811;4.98;0.31;311.08;14.63;1187;42;5076.00;201
13425;40;624844579;13425;482;14612;14811;4.91;0.30;311.06;14.65;1187;42;5077.00;199
13426;40;624844592;13426;501;14614;14811;4.83;0.30;311.05;14.65;1188;42;5078.00;197
13429;40;624844603;13429;509;14616;14811;4.74;0.29;311.10;14.65;1187;42;5079.00;195
13431;40;624844615;13431;512;14619;14811;4.65;0.28;311.08;14.66;1188;42;5080.00;192
13431;40;624844627;13431;517;14620;14811;4.58;0.28;311.08;14.66;1189;42;5081.00;191
13433;40;624844638;13433;520;14624;14815;4.53;0.28;311.03;14.67;1191;42;5082.00;191
13434;40;624844650;13434;510;14624;14815;4.51;0.28;311.01;14.67;1190;42;5083.00;191
13436;40;624844662;13436;499;14628;14819;4.53;0.28;310.99;14.67;1192;42;5084.00;191
13439;40;624844679;13439;494;14633;14821;4.48;0.27;310.98;14.70;1194;42;5085.00;188
13440;40;624844695;13440;488;14636;14821;4.49;0.27;310.96;14.73;1196;42;5086.00;185
13442;40;624844714;13442;484;14636;14821;4.51;0.28;310.92;14.73;1194;42;5087.00;185
13444;40;624844732;13444;481;14649;14834;4.60;0.28;310.91;14.74;1205;42;5088.00;185
13444;40;624844755;13444;475;14649;14834;4.65;0.28;310.91;14.74;1205;42;5089.00;185
13446;40;624844773;13446;480;14649;14834;4.72;0.29;310.89;14.74;1203;42;5090.00;185
13449;40;624844790;13449;483;14652;14835;4.76;0.29;310.89;14.76;1203;42;5091.00;183
13450;40;624844813;13450;477;14652;14836;4.82;0.29;310.88;14.76;1202;42;5092.00;184
13450;41;624844828;13450;476;14653;14836;4.82;0.29;310.88;14.77;1203;43;5093.00;183
13454;41;624844853;13454;468;14657;14839;4.83;0.29;310.86;14.78;1203;43;5094.00;182
13458;41;624844869;13458;461;14657;14839;4.82;0.29;310.90;14.78;1199;43;5095.00;182
13460;41;624844889;13460;464;14659;14839;4.81;0.29;310.87;14.80;1199;43;5096.00;180
13462;41;624844903;13462;471;14659;14839;4.77;0.29;310.88;14.80;1197;43;5097.00;180
13464;41;624844916;13464;478;14664;14845;4.75;0.29;310.90;14.79;1200;43;5098.00;181
13465;41;624844937;13465;479;14666;14845;4.64;0.28;310.88;14.81;1201;43;5099.00;179
13467;41;624844953;13467;486;14671;14864;4.56;0.28;310.88;14.81;1204;43;5100.00;193
13467;41;624844975;13467;480;14673;14864;4.53;0.28;310.88;14.82;1206;43;5101.00;191
13470;41;624844989;13470;481;14676;14868;4.51;0.28;310.88;14.82;1206;43;5102.00;192
13470;41;624845005;13470;483;14677;14869;4.59;0.28;310.88;14.82;1207;43;5103.00;192
13473;41;624845018;13473;479;14679;14869;4.67;0.29;310.90;14.83;1206;43;5104.00;190
13475;41;624845031;13475;481;14681;14870;4.75;0.29;310.92;14.83;1206;43;5105.00;189
13478;41;624845044;13478;472;14683;14870;4.83;0.30;310.95;14.83;1205;43;5106.00;187
13482;41;624845057;13482;465;14683;14870;4.92;0.30;310.94;14.83;1201;43;5107.00;187
13484;41;624845071;13484;460;14683;14870;4.98;0.31;310.95;14.83;1199;43;5108.00;187
13489;41;624845084;13489;457;14683;14870;5.05;0.31;310.95;14.83;1194;43;5109.00;187
13492;41;624845098;13492;458;14683;14870;5.09;0.31;311.00;14.83;1191;43;5110.00;187
13494;41;624845111;13494;453;14685;14870;5.13;0.31;311.01;14.83;1191;43;5111.00;185
13496;41;624845125;13496;448;14719;14940;5.28;0.32;310.98;14.79;1223;43;5112.00;221
13501;41;624845145;13501;439;14721;14941;5.34;0.33;311.03;14.79;1220;43;5113.00;220
13505;41;624845160;13505;436;14728;14941;5.46;0.33;311.06;14.94;1223;43;5114.00;213
13508;41;624845176;13508;429;14729;14941;5.53;0.34;311.10;14.94;1221;43;5115.00;212
13513;41;624845191;13513;419;14735;14941;5.60;0.34;311.11;14.93;1222;43;5116.00;206
13520;41;624845206;13520;418;14736;14941;5.62;0.34;311.13;14.93;1216;43;5117.00;205
13522;41;624845221;13522;419;14740;14941;5.69;0.35;311.13;14.93;1218;43;5118.00;201
13525;41;624845236;13525;413;14742;14941;5.73;0.35;311.13;14.93;1217;43;5119.00;199
13529;41;624845251;13529;415;14745;14942;5.79;0.35;311.17;14.93;1216;43;5120.00;197
13532;41;624845267;13532;417;14748;14943;5.81;0.35;311.16;14.93;1216;43;5121.00;195
13537;41;624845283;13537;419;14752;14943;5.77;0.35;311.27;14.93;1215;43;5122.00;191
13541;41;624845298;13541;423;14757;14947;5.79;0.35;311.27;14.92;1216;43;5123.00;190
13542;41;624845313;13542;419;14758;14947;5.81;0.35;311.26;14.92;1216;43;5124.00;189
13547;41;624845328;13547;423;14758;14947;5.80;0.35;311.30;14.92;1211;43;5125.00;189
13549;41;624845343;13549;423;14758;14947;5.83;0.36;311.29;14.92;1209;43;5126.00;189
13553;41;624845358;13553;430;14762;14953;5.85;0.36;311.37;14.92;1209;43;5127.00;191
13556;41;624845374;13556;432;14763;14953;5.84;0.36;311.42;14.92;1207;43;5128.00;190
13560;41;624845389;13560;429;14764;14953;5.82;0.36;311.40;14.92;1204;43;5129.00;189
13563;41;624845405;13563;423;14767;14959;5.84;0.36;311.47;14.92;1204;43;5130.00;192
13565;41;624845422;13565;422;14769;14959;5.87;0.36;311.51;14.92;1204;43;5131.00;190
13569;41;624845437;13569;416;14770;14959;5.88;0.36;311.53;14.92;1201;43;5132.00;189
13572;41;624845452;13572;416;14771;14960;5.85;0.36;311.54;14.92;1199;43;5133.00;189
13573;41;624845468;13573;409;14773;14961;5.86;0.36;311.55;14.92;1200;43;5134.00;188
13576;41;624845483;13576;406;14774;14961;5.84;0.36;311.59;14.92;1198;43;5135.00;187
13580;41;624845499;13580;406;14785;14974;5.86;0.36;311.58;14.91;1205;43;5136.00;189
13584;41;624845515;13584;414;14786;14974;5.81;0.35;311.63;15.06;1202;43;5137.00;188
13587;41;624845530;13587;410;14786;14974;5.77;0.35;311.67;15.06;1199;43;5138.00;188
13589;41;624845546;13589;419;14787;14975;5.73;0.35;311.69;15.06;1198;43;5139.00;188
13592;41;624845562;13592;419;14787;14975;5.68;0.35;311.74;15.06;1195;43;5140.00;188
13594;41;624845576;13594;424;14793;14979;5.68;0.35;311.70;15.06;1199;43;5141.00;186
13600;41;624845592;13600;420;14793;14979;5.62;0.34;311.76;15.06;1193;43;5142.00;186
13603;41;624845607;13603;416;14797;14983;5.60;0.34;311.78;15.05;1194;43;5143.00;186
13605;41;624845623;13605;413;14797;14983;5.60;0.34;311.83;15.05;1192;43;5144.00;186
13607;41;624845639;13607;414;14797;14983;5.58;0.34;311.81;15.05;1190;43;5145.00;186
13608;41;624845654;13608;408;14797;14983;5.54;0.34;311.88;15.05;1189;43;5146.00;186
13612;41;624845668;13612;397;14797;14983;5.50;0.34;311.90;15.05;1185;43;5147.00;186
13615;41;624845683;13615;388;14807;14995;5.55;0.34;311.98;15.04;1192;43;5148.00;188
13615;41;624845701;13615;380;14807;14995;5.62;0.35;311.98;15.04;1192;43;5149.00;188
13621;41;624845715;13621;382;14808;14995;5.65;0.35;312.10;15.04;1187;43;5150.00;187
13625;41;624845731;13625;375;14808;14995;5.69;0.35;312.09;15.04;1183;43;5151.00;187
13627;41;624845747;13627;370;14808;14995;5.69;0.35;312.06;15.04;1181;43;5152.00;187
13628;41;624845760;13628;364;14808;14995;5.74;0.35;312.06;15.04;1180;43;5153.00;187
13629;41;624845776;13629;364;14809;14996;5.73;0.35;312.05;15.19;1180;43;5154.00;187
13632;41;624845790;13632;371;14811;14998;5.74;0.35;312.11;15.19;1179;43;5155.00;187
13635;41;624845810;13635;356;14816;15004;5.80;0.35;312.11;15.18;1181;43;5156.00;188
13638;41;624845826;13638;338;14817;15005;5.85;0.36;312.08;15.18;1179;43;5157.00;188
13643;41;624845841;13643;331;14817;15005;5.88;0.36;312.23;15.18;1174;43;5158.00;188
13648;41;624845856;13648;319;14817;15005;5.86;0.36;312.30;15.18;1169;43;5159.00;188
13651;41;624845872;13651;312;14821;15010;5.93;0.36;312.30;15.18;1170;43;5160.00;189
13656;41;624845887;13656;301;14821;15010;5.98;0.36;312.31;15.18;1165;43;5161.00;189
13658;41;624845902;13658;304;14821;15010;6.02;0.37;312.39;15.18;1163;43;5162.00;189
13659;41;624845917;13659;298;14822;15011;6.12;0.37;312.39;15.18;1163;43;5163.00;189
13661;41;624845932;13661;309;14825;15015;6.14;0.37;312.44;15.17;1164;43;5164.00;190
13664;41;624845947;13664;308;14825;15015;6.17;0.37;312.53;15.17;1161;43;5165.00;190
13666;41;624845962;13666;307;14827;15018;6.23;0.38;312.59;15.17;1161;43;5166.00;191
13666;41;624845977;13666;302;14827;15018;6.31;0.38;312.59;15.17;1161;43;5167.00;191
13667;41;624845992;13667;301;14828;15018;6.40;0.39;312.63;15.17;1161;43;5168.00;190
13668;41;624846006;13668;303;14828;15018;6.51;0.40;312.67;15.17;1160;43;5169.00;190
13671;41;624846021;13671;295;14833;15022;6.58;0.40;312.68;15.31;1162;43;5170.00;189
13675;41;624846036;13675;298;14833;15022;6.65;0.40;312.75;15.31;1158;43;5171.00;189
13676;41;624846050;13676;299;14833;15022;6.75;0.41;312.75;15.31;1157;43;5172.00;189
13679;41;624846065;13679;292;14833;15022;6.83;0.42;312.82;15.31;1154;43;5173.00;189
13683;41;624846079;13683;294;14833;15023;6.86;0.42;312.87;15.31;1150;43;5174.00;190
13687;41;624846093;13687;291;14835;15025;6.79;0.41;312.94;15.31;1148;43;5175.00;190
13689;41;624846108;13689;291;14835;15025;6.81;0.42;312.92;15.31;1146;43;5176.00;190
13694;41;624846122;13694;292;14836;15026;6.80;0.41;312.92;15.31;1142;43;5177.00;190
13697;41;624846136;13697;296;14836;15026;6.77;0.41;312.98;15.31;1139;43;5178.00;190
13698;41;624846151;13698;295;14836;15026;6.74;0.41;312.99;15.31;1138;43;5179.00;190
13701;41;624846165;13701;293;14836;15026;6.73;0.41;313.05;15.31;1135;43;5180.00;190
13706;41;624846179;13706;294;14836;15026;6.72;0.41;313.06;15.31;1130;43;5181.00;190
13707;41;624846193;13707;290;14836;15026;6.71;0.41;313.09;15.31;1129;43;5182.00;190
13712;41;624846206;13712;290;14836;15026;6.70;0.41;313.08;15.31;1124;43;5183.00;190
13716;41;624846220;13716;311;14907;15153;6.77;0.42;313.08;15.23;1191;43;5184.00;246
13719;41;624846243;13719;306;14908;15154;6.78;0.42;313.13;15.23;1189;43;5185.00;246
13721;41;624846257;13721;298;14915;15154;6.85;0.42;313.11;15.37;1194;43;5186.00;239
13723;41;624846272;13723;292;14918;15154;6.87;0.42;313.12;15.37;1195;43;5187.00;236
13725;41;624846287;13725;294;14923;15154;6.87;0.42;313.13;15.37;1198;43;5188.00;231
13727;41;624846307;13727;296;14926;15154;6.87;0.42;313.18;15.36;1199;43;5189.00;228
13730;41;624846323;13730;291;14928;15154;6.82;0.42;313.19;15.36;1198;43;5190.00;226
13733;41;624846338;13733;297;14931;15154;6.82;0.42;313.28;15.36;1198;43;5191.00;223
13735;41;624846352;13735;298;14933;15155;6.77;0.41;313.37;15.36;1198;43;5192.00;222
13739;41;624846367;13739;302;14935;15156;6.72;0.41;313.40;15.36;1196;43;5193.00;221
13739;41;624846381;13739;313;14939;15156;6.68;0.41;313.40;15.36;1200;43;5194.00;217
13741;41;624846396;13741;316;14941;15157;6.64;0.40;313.42;15.36;1200;43;5195.00;216
13742;41;624846411;13742;322;14944;15157;6.60;0.40;313.42;15.36;1202;43;5196.00;213
13743;41;624846425;13743;327;14946;15157;6.52;0.40;313.46;15.36;1203;43;5197.00;211
13746;41;624846439;13746;327;14950;15157;6.45;0.39;313.52;15.36;1204;43;5198.00;207
13750;41;624846453;13750;333;14952;15161;6.39;0.39;313.48;15.35;1202;43;5199.00;209
13753;41;624846469;13753;336;14954;15161;6.29;0.38;313.53;15.35;1201;43;5200.00;207
13755;41;624846487;13755;335;14955;15161;6.25;0.38;313.52;15.50;1200;43;5201.00;206
13759;41;624846501;13759;330;14957;15164;6.18;0.38;313.59;15.49;1198;43;5202.00;207
13762;41;624846515;13762;326;14957;15164;6.11;0.37;313.56;15.49;1195;43;5203.00;207
13764;41;624846529;13764;326;14960;15164;6.06;0.37;313.62;15.49;1196;43;5204.00;204
13767;41;624846543;13767;334;14966;15168;6.06;0.37;313.63;15.52;1199;43;5205.00;202
13772;41;624846560;13772;338;14968;15169;6.04;0.37;313.63;15.52;1196;43;5206.00;201
13774;41;624846574;13774;339;14968;15169;6.01;0.37;313.68;15.52;1194;43;5207.00;201
13781;41;624846590;13781;344;14971;15173;5.98;0.36;313.71;15.51;1190;43;5208.00;202
13786;41;624846605;13786;339;14971;15173;5.93;0.36;313.67;15.51;1185;43;5209.00;202
13788;41;624846620;13788;347;14971;15173;5.88;0.36;313.65;15.51;1183;43;5210.00;202
13790;41;624846640;13790;350;14972;15174;5.91;0.36;313.67;15.51;1182;43;5211.00;202
13793;41;624846655;13793;349;14973;15174;5.91;0.36;313.71;15.66;1180;43;5212.00;201
13795;41;624846668;13795;353;14978;15180;5.96;0.36;313.73;15.65;1183;43;5213.00;202
13799;41;624846682;13799;356;14978;15180;5.92;0.36;313.74;15.65;1179;43;5214.00;202
13803;41;624846697;13803;360;14978;15180;5.89;0.36;313.74;15.65;1175;43;5215.00;202
13806;41;624846718;13806;360;14979;15181;5.87;0.36;313.75;15.65;1173;43;5216.00;202
13809;41;624846742;13809;372;14979;15181;5.82;0.35;313.75;15.65;1170;43;5217.00;202
13809;41;624846765;13809;375;14981;15181;5.80;0.35;313.75;15.65;1172;43;5218.00;200
13812;41;624846783;13812;384;14981;15181;5.77;0.35;313.77;15.65;1169;43;5219.00;200
13817;41;624846804;13817;399;15003;15217;5.80;0.36;313.75;15.63;1186;43;5220.00;214
13821;41;624846825;13821;394;15006;15217;5.77;0.35;313.75;15.63;1185;43;5221.00;211
13826;41;624846839;13826;408;15008;15217;5.78;0.35;313.84;15.62;1182;43;5222.00;209
13830;41;624846854;13830;410;15009;15217;5.75;0.35;313.86;15.62;1179;43;5223.00;208
13832;41;624846868;13832;412;15011;15217;5.68;0.35;313.90;15.62;1179;43;5224.00;206
13835;41;624846882;13835;411;15011;15217;5.62;0.34;313.93;15.62;1176;43;5225.00;206
13837;41;624846897;13837;421;15015;15221;5.58;0.34;313.94;15.62;1178;43;5226.00;206
13839;41;624846912;13839;426;15015;15221;5.51;0.34;313.94;15.62;1176;43;5227.00;206
13844;41;624846925;13844;429;15019;15225;5.48;0.33;313.99;15.61;1175;43;5228.00;206
13846;41;624846940;13846;443;15020;15226;5.43;0.33;314.00;15.61;1174;43;5229.00;206
13850;41;624846953;13850;446;15022;15226;5.30;0.32;313.97;15.63;1172;43;5230.00;204
13854;41;624846965;13854;451;15022;15226;5.15;0.31;313.94;15.63;1168;43;5231.00;204
13855;41;624846980;13855;462;15035;15239;5.08;0.31;313.92;15.65;1180;43;5232.00;204
13858;41;624846993;13858;467;15035;15239;4.98;0.30;313.94;15.65;1177;43;5233.00;204
13858;41;624847006;13858;469;15037;15239;4.92;0.30;313.94;15.68;1179;43;5234.00;202
13859;41;624847018;13859;462;15039;15240;4.87;0.30;313.95;15.69;1180;43;5235.00;201
13859;41;624847031;13859;456;15040;15241;4.80;0.29;313.95;15.70;1181;43;5236.00;201
13861;41;624847043;13861;456;15040;15241;4.76;0.29;313.96;15.70;1179;43;5237.00;201
13862;41;624847056;13862;451;15043;15244;4.76;0.29;313.98;15.71;1181;43;5238.00;201
13864;41;624847070;13864;454;15044;15244;4.76;0.29;313.99;15.72;1180;43;5239.00;200
13864;41;624847084;13864;457;15047;15244;4.83;0.29;313.99;15.75;1183;43;5240.00;197
13865;41;624847097;13865;453;15048;15244;4.82;0.29;314.00;15.76;1183;43;5241.00;196
13865;41;624847123;13865;455;15053;15250;4.90;0.30;314.00;15.75;1188;43;5242.00;197
13867;41;624847136;13867;451;15054;15250;4.87;0.30;313.97;15.77;1187;43;5243.00;196
13868;41;624847150;13868;458;15055;15250;4.80;0.29;313.96;15.78;1187;43;5244.00;195
13869;41;624847163;13869;452;15057;15250;4.77;0.29;313.97;15.80;1188;43;5245.00;193
13870;41;624847182;13870;460;15060;15254;4.74;0.29;313.96;15.80;1190;43;5246.00;194
13872;41;624847195;13872;457;15063;15255;4.70;0.29;313.95;15.82;1191;43;5247.00;192
13873;41;624847208;13873;458;15063;15255;4.65;0.28;313.93;15.82;1190;43;5248.00;192
13877;41;624847221;13877;460;15064;15256;4.58;0.28;313.93;15.81;1187;43;5249.00;192
13878;41;624847243;13878;465;15066;15256;4.50;0.27;313.91;15.83;1188;43;5250.00;190
13878;41;624847256;13878;465;15067;15256;4.48;0.27;313.91;15.84;1189;43;5251.00;189
13878;41;624847268;13878;460;15067;15256;4.48;0.27;313.91;15.84;1189;43;5252.00;189
13879;41;624847281;13879;461;15067;15256;4.48;0.27;313.90;15.84;1188;43;5253.00;189
13879;41;624847293;13879;460;15070;15256;4.48;0.27;313.90;15.87;1191;43;5254.00;186
13880;41;624847305;13880;455;15070;15256;4.51;0.27;313.92;15.87;1190;43;5255.00;186
13881;41;624847318;13881;457;15106;15326;4.74;0.29;313.91;15.86;1225;43;5256.00;220
13882;41;624847336;13882;450;15109;15327;4.77;0.29;313.94;15.86;1227;43;5257.00;218
13883;41;624847349;13883;452;15118;15327;4.82;0.29;313.95;15.86;1235;43;5258.00;209
13887;41;624847361;13887;448;15123;15327;4.81;0.29;313.97;15.86;1236;43;5259.00;204
13888;41;624847374;13888;452;15128;15327;4.88;0.30;313.98;15.87;1240;43;5260.00;199
13892;41;624847386;13892;455;15132;15327;4.88;0.30;314.00;15.87;1240;43;5261.00;195
13897;41;624847399;13897;452;15136;15327;4.83;0.29;314.02;15.88;1239;43;5262.00;191
13899;41;624847412;13899;455;15140;15327;4.82;0.29;314.07;15.88;1241;43;5263.00;187
13903;41;624847424;13903;448;15143;15328;4.79;0.29;314.05;15.89;1240;43;5264.00;185
13905;41;624847438;13905;449;15146;15330;4.75;0.29;314.04;15.88;1241;43;5265.00;184
13908;41;624847451;13908;450;15150;15330;4.71;0.29;314.07;15.89;1242;43;5266.00;180
13912;41;624847464;13912;456;15153;15334;4.68;0.29;314.12;15.89;1241;43;5267.00;181
13916;41;624847479;13916;463;15153;15334;4.66;0.29;314.13;15.89;1237;43;5268.00;181
13920;41;624847492;13920;465;15154;15334;4.67;0.29;314.18;15.90;1234;43;5269.00;180
13921;41;624847505;13921;463;15155;15334;4.70;0.29;314.21;15.90;1234;43;5270.00;179
13924;41;624847518;13924;459;15160;15340;4.76;0.29;314.28;15.90;1236;43;5271.00;180
13930;41;624847533;13930;455;15162;15340;4.78;0.29;314.33;15.90;1232;43;5272.00;178
13932;41;624847546;13932;450;15162;15340;4.84;0.30;314.35;15.90;1230;43;5273.00;178
13939;41;624847560;13939;445;15164;15343;4.85;0.30;314.48;15.91;1225;43;5274.00;179
13940;41;624847573;13940;444;15165;15343;4.90;0.30;314.48;15.91;1225;43;5275.00;178
13942;41;624847588;13942;437;15166;15343;4.91;0.30;314.50;15.92;1224;43;5276.00;177
13944;41;624847602;13944;428;15166;15344;4.97;0.30;314.49;15.92;1222;43;5277.00;178
13950;41;624847616;13950;426;15167;15345;5.04;0.31;314.51;15.92;1217;43;5278.00;178
13953;41;624847630;13953;427;15168;15345;5.08;0.31;314.52;15.92;1215;43;5279.00;177
13955;41;624847646;13955;429;15186;15371;5.19;0.32;314.53;15.90;1231;43;5280.00;185
13960;41;624847662;13960;412;15187;15371;5.25;0.32;314.55;15.90;1227;43;5281.00;184
13963;41;624847676;13963;414;15189;15371;5.26;0.32;314.60;15.89;1226;43;5282.00;182
13965;41;624847692;13965;402;15191;15372;5.31;0.32;314.61;15.89;1226;43;5283.00;181
13968;41;624847707;13968;397;15191;15372;5.38;0.33;314.66;15.89;1223;43;5284.00;181
13974;41;624847721;13974;402;15194;15376;5.43;0.33;314.67;15.89;1220;43;5285.00;182
13979;41;624847735;13979;399;15195;15376;5.46;0.33;314.65;15.89;1216;43;5286.00;181
13981;41;624847751;13981;403;15198;15379;5.57;0.34;314.68;15.89;1217;43;5287.00;181
13987;41;624847765;13987;398;15199;15380;5.58;0.34;314.70;15.89;1212;43;5288.00;181
13990;41;624847779;13990;396;15200;15380;5.64;0.34;314.73;15.89;1210;43;5289.00;180
13996;41;624847793;13996;398;15200;15380;5.61;0.34;314.82;15.89;1204;43;5290.00;180
13999;41;624847807;13999;401;15200;15380;5.61;0.34;314.85;15.89;1201;43;5291.00;180
14002;41;624847821;14002;401;15211;15392;5.70;0.35;314.93;15.87;1209;43;5292.00;181
14008;41;624847836;14008;400;15211;15392;5.69;0.35;314.99;15.87;1203;43;5293.00;181
14013;41;624847851;14013;400;15211;15392;5.66;0.34;315.05;15.87;1198;43;5294.00;181
14018;41;624847865;14018;400;15211;15392;5.65;0.34;315.07;15.87;1193;43;5295.00;181
14021;41;624847879;14021;403;15211;15392;5.63;0.34;315.13;15.87;1190;43;5296.00;181
14028;41;624847893;14028;405;15211;15392;5.57;0.34;315.16;15.87;1183;43;5297.00;181
14028;41;624847907;14028;403;15211;15393;5.61;0.34;315.16;15.87;1183;43;5298.00;182
14031;41;624847921;14031;404;15211;15393;5.59;0.34;315.20;15.87;1180;43;5299.00;182
14036;41;624847936;14036;392;15216;15399;5.61;0.34;315.16;15.87;1180;43;5300.00;183
14038;41;624847954;14038;390;15217;15400;5.65;0.34;315.19;15.87;1179;43;5301.00;183
14043;41;624847969;14043;396;15217;15400;5.62;0.34;315.25;15.87;1174;43;5302.00;183
14046;41;624847983;14046;390;15217;15400;5.62;0.34;315.30;15.87;1171;43;5303.00;183
14047;41;624847997;14047;385;15220;15404;5.60;0.34;315.30;15.86;1173;43;5304.00;184
14053;41;624848011;14053;380;15220;15404;5.52;0.34;315.37;15.86;1167;43;5305.00;184
14056;41;624848024;14056;376;15220;15404;5.50;0.34;315.33;15.86;1164;43;5306.00;184
14062;41;624848038;14062;373;15221;15405;5.47;0.33;315.39;15.86;1159;43;5307.00;184
14065;41;624848052;14065;378;15224;15409;5.44;0.33;315.44;15.86;1159;43;5308.00;185
14068;41;624848065;14068;379;15224;15409;5.44;0.33;315.47;15.86;1156;43;5309.00;185
14070;41;624848081;14070;376;15228;15415;5.53;0.34;315.52;15.86;1158;43;5310.00;187
14075;41;624848095;14075;377;15230;15415;5.54;0.34;315.56;16.00;1155;43;5311.00;185
14077;41;624848110;14077;385;15231;15415;5.60;0.34;315.63;16.00;1154;43;5312.00;184
14083;41;624848124;14083;388;15231;15415;5.61;0.34;315.66;16.00;1148;43;5313.00;184
14087;41;624848137;14087;393;15235;15419;5.66;0.35;315.62;15.99;1148;43;5314.00;184
14089;41;624848153;14089;395;15235;15419;5.71;0.35;315.64;15.99;1146;43;5315.00;184
14094;41;624848166;14094;392;15235;15419;5.71;0.35;315.75;15.99;1141;43;5316.00;184
14099;41;624848180;14099;381;15235;15419;5.68;0.35;315.85;15.99;1136;43;5317.00;184
14103;41;624848194;14103;379;15235;15420;5.64;0.34;315.86;15.99;1132;43;5318.00;185
14106;41;624848207;14106;378;15236;15421;5.61;0.34;315.93;15.99;1130;43;5319.00;185
14110;41;624848221;14110;379;15236;15421;5.61;0.34;315.95;15.99;1126;43;5320.00;185
14113;41;624848235;14113;372;15237;15422;5.58;0.34;316.08;15.99;1124;43;5321.00;185
14116;41;624848250;14116;376;15237;15422;5.60;0.34;316.15;15.99;1121;43;5322.00;185
14118;41;624848264;14118;377;15237;15422;5.65;0.34;316.17;15.99;1119;43;5323.00;185
14120;41;624848277;14120;373;15237;15422;5.63;0.34;316.18;15.99;1117;43;5324.00;185
14121;41;624848291;14121;376;15237;15422;5.62;0.34;316.17;15.99;1116;43;5325.00;185
14128;41;624848304;14128;371;15238;15422;5.57;0.34;316.22;16.14;1110;43;5326.00;184
14131;41;624848318;14131;374;15238;15422;5.57;0.34;316.30;16.14;1107;43;5327.00;184
14133;41;624848331;14133;396;15308;15549;5.66;0.35;316.31;16.06;1175;43;5328.00;241
14136;41;624848354;14136;376;15310;15550;5.70;0.35;316.32;16.06;1174;43;5329.00;240
14140;41;624848368;14140;363;15316;15550;5.75;0.36;316.33;16.06;1176;43;5330.00;234
14142;41;624848382;14142;367;15317;15550;5.84;0.36;316.32;16.05;1175;43;5331.00;233
14147;41;624848397;14147;363;15321;15550;5.92;0.37;316.32;16.05;1174;43;5332.00;229
14151;41;624848411;14151;354;15323;15550;6.00;0.37;316.39;16.19;1172;43;5333.00;227
14152;41;624848425;14152;354;15325;15550;6.09;0.38;316.41;16.19;1173;43;5334.00;225
14154;41;624848440;14154;346;15328;15550;6.16;0.38;316.40;16.19;1174;43;5335.00;222
14157;41;624848454;14157;342;15331;15551;6.20;0.38;316.42;16.19;1174;43;5336.00;220
14159;41;624848472;14159;341;15335;15552;6.21;0.38;316.41;16.19;1176;43;5337.00;217
14162;41;624848486;14162;342;15338;15552;6.23;0.38;316.52;16.19;1176;43;5338.00;214
14166;41;624848506;14166;347;15340;15553;6.17;0.38;316.56;16.19;1174;43;5339.00;213
14167;41;624848522;14167;341;15341;15553;6.17;0.38;316.56;16.19;1174;43;5340.00;212
14172;41;624848537;14172;349;15343;15553;6.13;0.38;316.64;16.19;1171;43;5341.00;210
14173;41;624848550;14173;352;15344;15553;6.10;0.38;316.68;16.18;1171;43;5342.00;209
14174;41;624848565;14174;353;15349;15557;6.11;0.38;316.69;16.18;1175;43;5343.00;208
14176;41;624848580;14176;358;15350;15557;6.15;0.38;316.76;16.18;1174;43;5344.00;207
14177;41;624848594;14177;367;15354;15557;6.22;0.38;316.77;16.18;1177;43;5345.00;203
14179;41;624848608;14179;363;15355;15560;6.24;0.39;316.83;16.18;1176;43;5346.00;205
14186;41;624848623;14186;378;15358;15560;6.27;0.39;316.82;16.18;1172;43;5347.00;202
14191;41;624848638;14191;370;15360;15560;6.28;0.39;316.85;16.18;1169;43;5348.00;200
14194;41;624848652;14194;375;15365;15564;6.34;0.39;316.89;16.18;1171;43;5349.00;199
14198;41;624848668;14198;374;15366;15565;6.39;0.39;316.92;16.18;1168;43;5350.00;199
14202;41;624848682;14202;374;15369;15565;6.39;0.39;316.92;16.18;1167;43;5351.00;196
14204;41;624848698;14204;373;15371;15569;6.45;0.40;316.97;16.17;1167;43;5352.00;198
14208;41;624848739;14208;372;15372;15569;6.47;0.39;316.96;16.17;1164;43;5353.00;197
14213;41;624848765;14213;368;15373;15569;6.47;0.39;317.02;16.17;1160;43;5354.00;196
14215;41;624848787;14215;373;15375;15571;6.49;0.40;317.07;16.17;1160;43;5355.00;196
14219;41;624848809;14219;385;15375;15571;6.46;0.39;317.14;16.17;1156;43;5356.00;196
14220;41;624848827;14220;379;15380;15577;6.48;0.39;317.17;16.17;1160;43;5357.00;197
14221;41;624848844;14221;380;15380;15577;6.54;0.40;317.16;16.17;1159;43;5358.00;197
14223;41;624848859;14223;378;15380;15577;6.53;0.40;317.17;16.17;1157;43;5359.00;197
14224;41;624848874;14224;377;15381;15578;6.52;0.40;317.17;16.31;1157;43;5360.00;197
14228;41;624848889;14228;375;15381;15578;6.50;0.40;317.14;16.31;1153;43;5361.00;197
14229;41;624848911;14229;380;15381;15578;6.45;0.39;317.12;16.31;1152;43;5362.00;197
14232;41;624848926;14232;373;15381;15578;6.41;0.39;317.13;16.31;1149;43;5363.00;197
14235;41;624848941;14235;380;15390;15590;6.42;0.39;317.09;16.30;1155;43;5364.00;200
14235;41;624848956;14235;382;15390;15590;6.40;0.39;317.09;16.30;1155;43;5365.00;200
14238;41;624848971;14238;389;15392;15590;6.32;0.39;317.12;16.30;1154;43;5366.00;198
14240;41;624848985;14240;383;15392;15590;6.30;0.38;317.12;16.30;1152;43;5367.00;198
14242;41;624848998;14242;392;15392;15590;6.27;0.38;317.08;16.30;1150;43;5368.00;198
14244;41;624849012;14244;391;15392;15590;6.25;0.38;317.09;16.30;1148;43;5369.00;198
14249;41;624849028;14249;397;15395;15594;6.18;0.38;317.08;16.29;1146;43;5370.00;199
14255;41;624849041;14255;392;15395;15594;6.13;0.37;317.06;16.29;1140;43;5371.00;199
14258;41;624849055;14258;390;15399;15598;6.06;0.37;317.07;16.29;1141;43;5372.00;199
14260;41;624849075;14260;389;15399;15599;6.00;0.36;317.07;16.29;1139;43;5373.00;200
14263;41;624849096;14263;389;15400;15599;5.99;0.36;317.02;16.29;1137;43;5374.00;199
14266;41;624849109;14266;393;15401;15599;5.90;0.36;316.99;16.30;1135;43;5375.00;198
14268;41;624849124;14268;391;15412;15612;5.91;0.36;316.98;16.29;1144;43;5376.00;200
14269;41;624849139;14269;392;15412;15612;5.87;0.36;316.97;16.29;1143;43;5377.00;200
14272;41;624849152;14272;385;15412;15612;5.85;0.35;316.94;16.29;1140;43;5378.00;200
14274;41;624849166;14274;389;15413;15613;5.89;0.36;316.92;16.29;1139;43;5379.00;200
14279;41;624849179;14279;388;15413;15614;5.90;0.36;316.94;16.29;1134;43;5380.00;201
14281;41;624849193;14281;395;15413;15614;5.89;0.36;316.93;16.29;1132;43;5381.00;201
14284;41;624849205;14284;393;15415;15617;5.85;0.35;316.90;16.29;1131;43;5382.00;202
14284;41;624849219;14284;394;15416;15617;5.86;0.36;316.90;16.28;1132;43;5383.00;201
14286;41;624849231;14286;396;15416;15617;5.76;0.35;316.87;16.28;1130;43;5384.00;201
14287;41;624849245;14287;407;15416;15617;5.76;0.35;316.88;16.28;1129;43;5385.00;201
14287;41;624849258;14287;420;15421;15623;5.79;0.35;316.88;16.28;1134;43;5386.00;202
14288;41;624849273;14288;411;15421;15623;5.78;0.35;316.88;16.28;1133;43;5387.00;202
14288;41;624849286;14288;412;15421;15623;5.78;0.35;316.88;16.28;1133;43;5388.00;202
14290;41;624849299;14290;409;15421;15623;5.72;0.35;316.89;16.28;1131;43;5389.00;202
14291;41;624849318;14291;407;15424;15627;5.71;0.35;316.93;16.28;1133;43;5390.00;203
14291;41;624849331;14291;407;15425;15628;5.68;0.34;316.93;16.28;1134;43;5391.00;203
14294;41;624849344;14294;412;15426;15628;5.66;0.34;316.92;16.29;1132;43;5392.00;202
14295;42;624849358;14295;411;15427;15629;5.63;0.34;316.90;16.29;1132;44;5393.00;202
14296;42;624849382;14296;412;15427;15629;5.62;0.34;316.93;16.29;1131;44;5394.00;202
14297;43;624849395;14297;407;15427;15629;5.61;0.34;316.93;16.29;1130;45;5395.00;202
14298;43;624849420;14298;412;15428;15629;5.60;0.34;316.92;16.30;1130;45;5396.00;201
14298;43;624849433;14298;414;15428;15629;5.54;0.34;316.92;16.30;1130;45;5397.00;201
14298;43;624849446;14298;416;15428;15629;5.50;0.33;316.92;16.30;1130;45;5398.00;201
14299;43;624849467;14299;417;15428;15629;5.52;0.33;316.91;16.30;1129;45;5399.00;201
