step_arrived;step_collisions;step_duration;step_ended;step_halting;step_inserted;step_loaded;step_meanSpeed;step_meanSpeedRelative;step_meanTravelTime;step_meanWaitingTime;step_running;step_teleports;step_time;step_waiting
0;0;624432213;0;1;89;245;15.84;1.11;-1.00;0.00;89;0;0.00;156
0;0;624432243;0;0;102;245;14.99;1.04;-1.00;0.13;102;0;1.00;143
0;0;624432245;0;2;122;245;14.11;0.96;-1.00;0.43;122;0;2.00;123
0;0;624432246;0;4;133;245;13.05;0.89;-1.00;0.65;133;0;3.00;112
0;0;624432247;0;5;148;245;12.08;0.82;-1.00;0.99;148;0;4.00;97
0;0;624432248;0;7;155;245;11.40;0.77;-1.00;1.17;155;0;5.00;90
0;0;624432250;0;8;165;245;10.77;0.72;-1.00;1.46;165;0;6.00;80
0;0;624432252;0;13;174;245;10.18;0.68;-1.00;1.75;174;0;7.00;71
0;0;624432253;0;15;182;246;9.74;0.65;-1.00;2.02;182;0;8.00;64
0;0;624432255;0;19;186;247;9.52;0.63;-1.00;2.17;186;0;9.00;61
0;0;624432257;0;23;194;247;9.22;0.61;-1.00;2.49;194;0;10.00;53
0;0;624432259;0;27;200;248;9.01;0.59;-1.00;2.70;200;0;11.00;48
1;0;624432261;1;32;205;248;8.80;0.58;12.00;2.93;204;0;12.00;43
1;0;624432264;1;35;207;248;8.79;0.57;12.00;3.02;206;0;13.00;41
2;0;624432266;2;36;209;248;8.82;0.57;13.00;3.13;207;0;14.00;39
2;0;624432269;2;42;217;252;8.59;0.55;13.00;3.44;215;0;15.00;35
2;0;624432272;2;47;220;252;8.61;0.55;13.00;3.61;218;0;16.00;32
2;0;624432274;2;50;222;252;8.61;0.55;13.00;3.73;220;0;17.00;30
2;0;624432277;2;54;226;255;8.62;0.55;13.00;3.98;224;0;18.00;29
3;0;624432280;3;63;230;255;8.64;0.55;15.00;4.24;227;0;19.00;25
4;0;624432282;4;68;233;255;8.53;0.54;16.25;4.45;229;0;20.00;22
5;0;624432291;5;73;240;259;8.61;0.54;17.20;4.57;235;0;21.00;19
6;0;624432294;6;73;242;260;8.56;0.54;17.83;4.65;236;0;22.00;18
6;0;624432297;6;78;244;260;8.57;0.54;17.83;4.73;238;0;23.00;16
7;0;624432299;7;84;248;264;8.51;0.53;18.71;4.76;241;0;24.00;16
7;0;624432302;7;85;249;264;8.42;0.53;18.71;4.75;242;0;25.00;15
7;0;624432305;7;88;250;264;8.44;0.53;18.71;4.74;243;0;26.00;14
7;0;624432308;7;93;250;265;8.44;0.53;18.71;4.74;243;0;27.00;15
7;0;624432311;7;95;251;265;8.32;0.52;18.71;4.83;244;0;28.00;14
7;0;624432314;7;97;257;271;8.19;0.51;18.71;4.79;250;0;29.00;14
7;0;624432319;7;99;257;271;8.14;0.50;18.71;4.79;250;0;30.00;14
8;0;624432322;8;100;259;272;7.94;0.49;19.88;4.88;251;0;31.00;13
8;0;624432325;8;103;259;272;7.89;0.49;19.88;4.88;251;0;32.00;13
10;0;624432328;10;104;260;272;7.78;0.48;22.50;4.99;250;0;33.00;12
10;0;624432331;10;107;260;272;7.83;0.49;22.50;4.99;250;0;34.00;12
10;0;624432334;10;111;261;272;7.89;0.49;22.50;5.10;251;0;35.00;11
12;0;624432336;12;116;272;284;8.14;0.50;23.83;5.03;260;0;36.00;12
12;0;624432340;12;117;273;284;8.21;0.51;23.83;5.15;261;0;37.00;11
12;1;624432344;12;118;274;284;8.24;0.51;23.83;5.27;262;1;38.00;10
12;1;624432354;12;120;274;284;8.19;0.51;23.83;5.27;262;1;39.00;10
12;1;624432356;12;121;274;284;8.21;0.51;23.83;5.27;262;1;40.00;10
14;1;624432359;14;122;277;284;8.15;0.51;25.71;5.49;263;1;41.00;7
16;1;624432362;16;127;281;288;8.17;0.51;26.31;5.43;265;1;42.00;7
17;1;624432370;17;128;281;288;8.06;0.50;26.88;5.43;264;1;43.00;7
17;1;624432373;17;130;287;292;8.03;0.50;26.88;5.47;270;1;44.00;5
18;1;624432376;18;131;289;294;7.89;0.49;27.56;5.46;271;1;45.00;5
18;1;624432379;18;136;291;294;7.72;0.48;27.56;5.44;273;1;46.00;3
18;1;624432382;18;134;291;294;7.52;0.47;27.56;5.44;273;1;47.00;3
19;1;624432385;19;141;302;307;7.71;0.48;28.63;5.24;283;1;48.00;5
19;1;624432389;19;143;302;307;7.56;0.47;28.63;5.24;283;1;49.00;5
20;1;624432391;20;146;302;307;7.41;0.46;29.65;5.24;282;1;50.00;5
20;1;624432394;20;145;303;308;7.33;0.45;29.65;5.22;283;1;51.00;5
21;1;624432397;21;147;304;309;7.21;0.45;29.00;5.21;283;1;52.00;5
22;1;624432400;22;149;304;309;7.14;0.44;29.91;5.21;282;1;53.00;5
22;1;624432402;22;153;306;312;7.24;0.45;29.91;5.18;284;1;54.00;6
22;1;624432406;22;155;306;312;7.15;0.44;29.91;5.18;284;1;55.00;6
24;1;624432408;24;145;307;312;7.15;0.44;32.00;5.17;283;1;56.00;5
25;1;624432411;25;139;307;312;7.09;0.44;32.08;5.17;282;1;57.00;5
26;1;624432414;26;137;312;318;7.21;0.44;33.08;5.10;286;1;58.00;6
26;1;624432417;26;140;312;318;7.24;0.45;33.08;5.10;286;1;59.00;6
28;1;624432422;28;142;312;318;7.27;0.45;34.14;5.10;284;1;60.00;6
28;1;624432425;28;146;312;318;7.35;0.45;34.14;5.10;284;1;61.00;6
28;1;624432429;28;148;316;322;7.38;0.45;34.14;5.05;288;1;62.00;6
30;1;624432432;30;149;317;323;7.46;0.46;34.67;5.03;287;1;63.00;6
30;1;624432436;30;149;317;323;7.53;0.46;34.67;5.03;287;1;64.00;6
30;1;624432439;30;150;318;324;7.66;0.47;34.67;5.02;288;1;65.00;6
34;1;624432442;34;150;318;324;7.60;0.46;37.88;5.02;284;1;66.00;6
34;1;624432445;34;144;318;324;7.66;0.47;37.88;5.02;284;1;67.00;6
34;1;624432448;34;138;318;324;7.76;0.47;37.88;5.02;284;1;68.00;6
34;1;624432451;34;134;318;324;7.84;0.48;37.88;5.02;284;1;69.00;6
34;1;624432454;34;131;318;324;7.95;0.49;37.88;5.02;284;1;70.00;6
34;1;624432457;34;126;318;324;8.06;0.49;37.88;5.02;284;1;71.00;6
34;1;624432460;34;131;350;394;8.21;0.51;37.88;4.56;316;1;72.00;44
35;1;624432470;35;127;351;395;8.40;0.52;38.89;4.55;316;1;73.00;44
36;1;624432475;36;120;358;395;8.67;0.53;39.83;4.50;322;1;74.00;37
37;1;624432480;37;119;362;395;8.96;0.55;40.22;4.48;325;1;75.00;33
38;1;624432484;38;115;365;395;9.17;0.56;41.16;4.48;327;1;76.00;30
38;1;624432488;38;115;367;395;9.40;0.57;41.16;4.48;329;1;77.00;28
39;1;624432491;39;114;370;395;9.54;0.58;42.10;4.49;331;1;78.00;25
39;1;624432494;39;116;372;395;9.66;0.59;42.10;4.51;333;1;79.00;23
39;1;624432498;39;114;373;396;9.68;0.59;42.10;4.52;334;1;80.00;23
40;1;624432507;40;116;376;397;9.75;0.59;42.63;4.55;336;1;81.00;21
42;1;624432513;42;116;378;397;9.72;0.59;44.29;4.58;336;1;82.00;19
43;1;624432517;43;119;384;401;9.63;0.58;45.07;4.56;341;1;83.00;17
43;1;624432521;43;123;385;401;9.67;0.59;45.07;4.56;342;1;84.00;16
43;1;624432524;43;124;385;401;9.63;0.58;45.07;4.56;342;1;85.00;16
43;1;624432528;43;123;385;401;9.59;0.58;45.07;4.56;342;1;86.00;16
43;1;624432532;43;121;390;407;9.58;0.58;45.07;4.51;347;1;87.00;17
44;1;624432536;44;122;390;407;9.43;0.57;46.05;4.51;346;1;88.00;17
44;1;624432540;44;126;390;407;9.32;0.57;46.05;4.51;346;1;89.00;17
45;1;624432545;45;129;394;413;9.32;0.56;46.91;4.46;349;1;90.00;19
46;1;624432549;46;129;394;413;9.24;0.56;47.87;4.46;348;1;91.00;19
48;1;624432553;48;133;396;413;9.15;0.56;49.71;4.45;348;1;92.00;17
50;1;624432556;50;134;397;414;8.99;0.55;51.44;4.44;347;1;93.00;17
52;1;624432560;52;132;398;415;8.90;0.54;53.08;4.43;346;1;94.00;17
55;1;624432564;55;133;398;415;8.68;0.53;55.36;4.43;343;1;95.00;17
56;1;624432568;56;139;409;428;8.53;0.52;54.80;4.32;353;1;96.00;19
57;1;624432572;57;136;409;428;8.49;0.52;55.54;4.32;352;1;97.00;19
59;1;624432576;59;134;409;428;8.44;0.52;56.92;4.32;350;1;98.00;19
60;1;624432581;60;130;410;429;8.55;0.52;57.55;4.30;350;1;99.00;19
62;1;624432585;62;127;410;429;8.52;0.52;58.82;4.30;348;1;100.00;19
62;1;624432596;62;125;413;433;8.69;0.53;58.82;4.28;351;1;101.00;20
63;1;624432603;63;117;413;433;8.70;0.54;59.17;4.28;350;1;102.00;20
65;1;624432609;65;113;420;437;8.68;0.53;60.45;4.65;355;1;103.00;17
66;1;624432618;66;106;420;437;8.83;0.54;61.11;4.65;354;1;104.00;17
67;1;624432625;67;104;420;437;9.00;0.55;61.67;4.65;353;1;105.00;17
67;1;624432631;67;100;420;437;9.22;0.56;61.67;4.65;353;1;106.00;17
68;1;624432636;68;94;420;437;9.40;0.57;62.31;4.65;352;1;107.00;17
68;1;624432644;68;90;431;449;9.68;0.59;62.31;4.53;363;1;108.00;18
70;1;624432653;70;85;432;449;9.85;0.60;63.64;4.52;362;1;109.00;17
72;1;624432659;72;80;432;449;9.99;0.61;64.90;4.52;360;1;110.00;17
72;1;624432666;72;78;432;449;10.10;0.62;64.90;4.52;360;1;111.00;17
72;1;624432672;72;73;432;449;10.25;0.63;64.90;4.52;360;1;112.00;17
72;1;624432678;72;70;432;449;10.35;0.63;64.90;4.52;360;1;113.00;17
72;1;624432684;72;71;433;450;10.51;0.64;64.90;4.51;361;1;114.00;17
72;1;624432694;72;70;433;450;10.64;0.65;64.90;4.51;361;1;115.00;17
73;1;624432700;73;70;438;456;10.79;0.66;65.11;4.47;365;1;116.00;18
75;1;624432709;75;70;440;457;10.75;0.66;66.49;4.82;365;1;117.00;17
75;1;624432716;75;72;441;457;10.78;0.66;66.49;4.81;366;1;118.00;16
75;1;624432722;75;76;442;457;10.77;0.66;66.49;5.07;367;1;119.00;15
77;1;624432730;77;79;447;462;10.82;0.66;67.84;5.12;370;1;120.00;15
79;1;624432735;79;80;448;462;10.85;0.66;69.11;5.22;369;1;121.00;14
80;1;624432741;80;81;451;462;10.81;0.66;69.76;5.57;371;1;122.00;11
80;1;624432747;80;78;452;463;10.84;0.66;69.76;5.56;372;1;123.00;11
80;1;624432753;80;82;458;467;10.78;0.66;69.76;5.72;378;1;124.00;9
80;1;624432759;80;85;459;467;10.88;0.66;69.76;5.88;379;1;125.00;8
81;1;624432765;81;87;463;470;11.02;0.67;70.28;5.97;382;1;126.00;7
81;1;624432771;81;90;465;470;11.12;0.68;70.28;6.06;384;1;127.00;5
84;1;624432776;84;91;466;470;11.26;0.69;71.80;6.08;382;1;128.00;4
85;1;624432783;85;91;466;470;11.40;0.70;72.42;6.08;381;1;129.00;4
86;1;624432789;86;92;471;474;11.52;0.70;73.09;6.15;385;1;130.00;3
86;1;624432795;86;93;471;474;11.60;0.71;73.09;6.15;385;1;131.00;3
86;1;624432802;86;93;472;474;11.64;0.71;73.09;6.21;386;1;132.00;2
87;1;624432808;87;93;472;474;11.67;0.72;72.95;6.21;385;1;133.00;2
90;1;624432814;90;94;473;475;11.63;0.71;74.96;6.20;383;1;134.00;2
91;1;624432820;91;96;476;477;11.66;0.72;74.80;6.24;385;1;135.00;1
92;1;624432826;92;96;476;477;11.60;0.71;75.15;6.24;384;1;136.00;1
93;1;624432833;93;98;478;478;11.64;0.71;75.80;6.25;385;1;137.00;0
95;1;624432839;95;101;478;478;11.55;0.71;76.72;6.25;383;1;138.00;0
97;1;624432845;97;104;478;478;11.58;0.71;77.26;6.25;381;1;139.00;0
99;1;624432852;99;107;478;478;11.56;0.71;78.52;6.25;379;1;140.00;0
100;1;624432860;100;105;478;478;11.57;0.71;79.08;6.25;378;1;141.00;0
102;1;624432866;102;105;478;478;11.50;0.71;79.60;6.25;376;1;142.00;0
102;1;624432873;102;105;478;478;11.42;0.70;79.60;6.25;376;1;143.00;0
103;1;624432878;103;124;552;605;11.08;0.70;80.07;5.42;449;1;144.00;53
104;1;624432895;104;119;559;606;10.95;0.69;80.60;5.36;455;1;145.00;47
106;1;624432901;106;116;567;606;10.89;0.68;79.68;5.32;461;1;146.00;39
108;1;624432907;108;118;568;606;10.78;0.68;80.93;5.31;460;1;147.00;38
109;1;624432912;109;120;572;606;10.72;0.67;81.54;5.30;463;1;148.00;34
110;1;624432918;110;115;575;606;10.81;0.68;82.10;5.30;465;1;149.00;31
112;1;624432926;112;115;577;611;10.70;0.67;83.29;5.28;465;1;150.00;34
113;1;624432935;113;113;580;611;10.69;0.67;83.88;5.29;467;1;151.00;31
116;1;624432941;116;113;583;612;10.72;0.67;85.59;5.31;467;1;152.00;29
118;1;624432947;118;113;586;613;10.76;0.67;86.42;5.33;468;1;153.00;27
122;1;624432954;122;117;591;613;10.79;0.67;88.08;5.37;469;1;154.00;22
125;1;624432960;125;119;595;614;10.79;0.67;87.77;5.39;470;1;155.00;19
126;1;624432969;126;122;599;614;10.75;0.67;87.93;5.41;473;1;156.00;15
130;1;624432977;130;121;602;614;10.75;0.67;89.48;5.45;472;1;157.00;12
132;1;624432987;132;125;605;614;10.72;0.66;90.05;5.49;473;1;158.00;9
132;1;624432994;132;130;607;618;10.71;0.66;90.05;5.48;475;1;159.00;11
133;1;624433002;133;135;610;618;10.56;0.65;89.49;5.49;477;1;160.00;8
136;1;624433012;136;137;611;618;10.44;0.64;90.96;5.49;475;1;161.00;7
136;1;624433022;136;137;613;621;10.35;0.64;90.96;5.50;477;1;162.00;8
139;1;624433030;139;137;613;621;10.23;0.63;91.98;5.50;474;1;163.00;8
140;1;624433037;140;138;615;621;10.11;0.62;92.32;5.55;475;1;164.00;6
142;1;624433044;142;139;619;625;9.91;0.61;92.79;5.55;477;1;165.00;6
144;1;624433050;144;142;621;626;9.81;0.60;92.75;5.57;477;1;166.00;5
145;1;624433057;145;140;622;626;9.71;0.60;93.26;5.58;477;1;167.00;4
147;1;624433064;147;141;626;630;9.59;0.59;94.08;5.55;479;1;168.00;4
149;1;624433070;149;144;628;630;9.42;0.58;94.94;5.55;479;1;169.00;2
151;1;624433076;151;141;628;630;9.38;0.58;95.13;5.55;477;1;170.00;2
154;1;624433082;154;140;629;631;9.40;0.58;96.02;5.54;475;1;171.00;2
154;1;624433088;154;139;629;631;9.38;0.58;96.02;5.54;475;1;172.00;2
154;1;624433094;154;137;635;637;9.55;0.59;96.02;5.50;481;1;173.00;2
155;1;624433100;155;135;635;637;9.50;0.59;95.96;5.50;480;1;174.00;2
156;1;624433106;156;134;638;638;9.36;0.58;96.39;5.53;482;1;175.00;0
156;1;624433112;156;132;638;638;9.28;0.57;96.39;5.53;482;1;176.00;0
158;1;624433118;158;128;638;638;9.23;0.57;96.54;5.53;480;1;177.00;0
159;1;624433129;159;131;638;638;9.31;0.57;96.70;5.53;479;1;178.00;0
160;1;624433135;160;127;638;638;9.35;0.58;96.75;5.53;478;1;179.00;0
160;1;624433143;160;124;668;672;9.44;0.59;96.75;5.28;508;1;180.00;4
162;1;624433150;162;119;668;672;9.40;0.58;97.19;5.28;506;1;181.00;4
165;1;624433157;165;118;671;672;9.41;0.58;96.86;5.27;506;1;182.00;1
165;1;624433163;165;123;671;672;9.28;0.57;96.86;5.27;506;1;183.00;1
166;1;624433168;166;129;672;672;9.26;0.57;97.14;5.27;506;1;184.00;0
170;1;624433174;170;136;672;672;9.16;0.57;98.41;5.27;502;1;185.00;0
171;1;624433185;171;142;676;676;9.22;0.57;98.67;5.24;505;1;186.00;0
172;1;624433192;172;143;676;676;9.23;0.57;99.18;5.24;504;1;187.00;0
174;1;624433198;174;149;680;680;9.29;0.57;99.49;5.22;506;1;188.00;0
176;1;624433204;176;153;681;681;9.22;0.57;99.55;5.21;505;1;189.00;0
179;1;624433210;179;157;681;681;9.09;0.56;100.37;5.21;502;1;190.00;0
181;1;624433217;181;163;681;681;8.99;0.55;100.46;5.21;500;1;191.00;0
182;1;624433223;182;170;694;694;8.99;0.55;100.56;5.11;512;1;192.00;0
185;1;624433230;185;169;694;694;8.87;0.55;100.36;5.11;509;1;193.00;0
189;1;624433236;189;173;694;694;8.80;0.54;100.68;5.11;505;1;194.00;0
191;1;624433242;191;176;695;695;8.82;0.54;100.84;5.11;504;1;195.00;0
194;1;624433248;194;182;696;696;8.79;0.54;100.58;5.10;502;1;196.00;0
195;1;624433255;195;189;696;696;8.74;0.54;101.06;5.10;501;1;197.00;0
198;1;624433261;198;195;698;699;8.67;0.53;101.33;5.09;500;1;198.00;1
201;1;624433267;201;198;698;699;8.46;0.52;100.63;5.09;497;1;199.00;1
203;1;624433273;203;199;699;699;8.24;0.50;100.71;5.08;496;1;200.00;0
204;1;624433284;204;202;699;699;8.00;0.49;100.50;5.08;495;1;201.00;0
206;1;624433290;206;209;705;705;7.84;0.48;100.29;5.05;499;1;202.00;0
209;1;624433296;209;212;705;705;7.61;0.46;100.37;5.05;496;1;203.00;0
209;1;624433301;209;219;705;705;7.48;0.46;100.37;5.05;496;1;204.00;0
212;1;624433307;212;224;705;705;7.35;0.45;100.21;5.05;493;1;205.00;0
213;1;624433312;213;229;709;709;7.30;0.45;100.36;5.02;496;1;206.00;0
213;1;624433318;213;233;710;710;7.32;0.45;100.36;5.02;497;1;207.00;0
214;1;624433323;214;238;710;710;7.36;0.45;99.99;5.02;496;1;208.00;0
216;1;624433329;216;241;711;711;7.39;0.45;100.94;5.01;495;1;209.00;0
216;1;624433336;216;246;711;711;7.36;0.45;100.94;5.01;495;1;210.00;0
216;1;624433342;216;246;711;711;7.28;0.45;100.94;5.01;495;1;211.00;0
218;1;624433348;218;252;711;711;7.17;0.44;100.84;5.01;493;1;212.00;0
220;1;624433353;220;257;711;711;7.05;0.43;100.99;5.01;491;1;213.00;0
222;1;624433359;222;260;711;711;6.82;0.42;101.20;5.01;489;1;214.00;0
223;1;624433365;223;266;711;711;6.64;0.41;101.52;5.01;488;1;215.00;0
223;1;624433370;223;280;755;781;6.88;0.43;101.52;4.72;532;1;216.00;26
223;1;624433381;223;266;757;782;6.80;0.42;101.52;4.71;534;1;217.00;25
225;1;624433389;225;255;764;782;6.86;0.42;102.28;4.68;539;1;218.00;18
226;1;624433396;226;237;767;782;6.98;0.43;102.45;4.68;541;1;219.00;15
228;1;624433402;228;224;770;782;7.15;0.44;103.11;4.68;542;1;220.00;12
229;1;624433409;229;218;771;782;7.32;0.45;103.62;4.68;542;1;221.00;11
229;1;624433415;229;217;774;782;7.51;0.46;103.62;4.68;545;1;222.00;8
230;1;624433422;230;220;776;782;7.66;0.47;104.13;4.69;546;1;223.00;6
230;1;624433428;230;217;778;783;7.73;0.47;104.13;4.70;548;1;224.00;5
230;1;624433435;230;217;781;785;7.80;0.48;104.13;4.70;551;1;225.00;4
230;1;624433442;230;208;782;785;7.95;0.49;104.13;4.71;552;1;226.00;3
231;1;624433449;231;197;788;789;8.13;0.50;104.46;4.70;557;1;227.00;1
232;1;624433457;232;187;789;789;8.35;0.51;104.96;4.69;557;1;228.00;0
232;1;624433471;232;181;789;789;8.59;0.53;104.96;4.69;557;1;229.00;0
236;1;624433478;236;182;789;789;8.77;0.54;106.81;4.69;553;1;230.00;0
238;1;624433486;238;174;795;795;8.97;0.55;106.51;4.67;557;1;231.00;0
240;1;624433494;240;171;795;795;9.16;0.56;106.52;4.67;555;1;232.00;0
241;1;624433503;241;168;795;795;9.32;0.57;106.45;4.67;554;1;233.00;0
241;1;624433511;241;163;797;798;9.49;0.58;106.45;4.65;556;1;234.00;1
241;1;624433519;241;157;797;798;9.68;0.59;106.45;4.65;556;1;235.00;1
244;1;624433526;244;154;798;798;9.87;0.60;107.32;4.65;554;1;236.00;0
245;1;624433535;245;149;799;799;10.02;0.61;107.83;4.65;554;1;237.00;0
247;1;624433542;247;142;800;800;10.21;0.62;108.30;4.64;553;1;238.00;0
249;1;624433550;249;144;800;800;10.27;0.63;108.93;4.64;551;1;239.00;0
252;1;624433559;252;142;825;826;10.23;0.63;109.02;4.50;573;1;240.00;1
259;1;624433570;259;133;825;826;10.31;0.63;111.33;4.50;566;1;241.00;1
260;1;624433578;260;128;826;826;10.44;0.63;111.28;4.50;566;1;242.00;0
260;1;624433586;260;127;827;827;10.55;0.64;111.28;4.49;567;1;243.00;0
261;1;624433595;261;124;827;827;10.73;0.65;111.44;4.49;566;1;244.00;0
265;1;624433605;265;119;831;831;10.82;0.66;112.18;4.48;566;1;245.00;0
266;1;624433616;266;116;831;831;10.88;0.66;112.68;4.48;565;1;246.00;0
267;1;624433623;267;113;835;835;10.98;0.67;112.78;4.46;568;1;247.00;0
269;1;624433631;269;107;835;835;11.02;0.67;112.72;4.46;566;1;248.00;0
271;1;624433639;271;107;835;835;11.13;0.68;112.93;4.46;564;1;249.00;0
273;1;624433646;273;103;835;835;11.28;0.69;113.86;4.46;562;1;250.00;0
275;1;624433653;275;103;835;835;11.42;0.69;114.28;4.46;560;1;251.00;0
277;1;624433661;277;104;845;847;11.53;0.70;114.72;4.41;568;1;252.00;2
279;1;624433669;279;104;845;847;11.70;0.71;115.68;4.41;566;1;253.00;2
281;1;624433679;281;103;847;847;11.85;0.72;115.79;4.40;566;1;254.00;0
284;1;624433688;284;103;847;847;11.99;0.73;115.99;4.40;563;1;255.00;0
285;1;624433705;285;108;847;847;12.11;0.73;116.04;4.40;562;1;256.00;0
287;1;624433713;287;108;847;847;12.23;0.74;116.55;4.40;560;1;257.00;0
287;1;624433720;287;108;848;848;12.30;0.75;116.55;4.40;561;1;258.00;0
289;1;624433727;289;111;848;848;12.38;0.75;117.03;4.40;559;1;259.00;0
290;1;624433735;290;111;854;854;12.45;0.75;117.43;4.37;564;1;260.00;0
291;1;624433743;291;112;855;855;12.56;0.76;117.26;4.37;564;1;261.00;0
294;1;624433750;294;112;855;855;12.49;0.76;117.61;4.37;561;1;262.00;0
296;1;624433758;296;115;855;855;12.50;0.76;118.02;4.37;559;1;263.00;0
298;1;624433765;298;112;859;859;12.47;0.75;118.56;4.35;561;1;264.00;0
299;1;624433773;299;112;859;859;12.47;0.75;118.57;4.35;560;1;265.00;0
299;1;624433780;299;112;859;859;12.48;0.75;118.57;4.35;560;1;266.00;0
300;1;624433788;300;115;860;860;12.46;0.75;118.58;4.34;560;1;267.00;0
301;1;624433795;301;114;864;864;12.36;0.75;118.80;4.33;563;1;268.00;0
303;2;624433803;303;114;864;864;12.39;0.75;118.89;4.33;561;2;269.00;0
304;2;624433823;304;113;868;870;12.38;0.75;119.23;4.31;564;2;270.00;2
308;2;624433832;308;114;868;870;12.40;0.75;119.65;4.31;560;2;271.00;2
309;2;624433840;309;106;870;870;12.46;0.75;119.56;4.30;561;2;272.00;0
315;2;624433848;315;106;870;870;12.44;0.75;120.98;4.30;555;2;273.00;0
318;2;624433856;318;101;874;874;12.51;0.76;121.44;4.29;556;2;274.00;0
322;2;624433864;322;92;874;874;12.46;0.75;121.44;4.29;552;2;275.00;0
325;2;624433871;325;90;874;874;12.37;0.75;121.54;4.29;549;2;276.00;0
326;2;624433883;326;86;874;874;12.41;0.75;121.80;4.29;548;2;277.00;0
331;2;624433890;331;86;875;875;12.31;0.74;122.34;4.28;544;2;278.00;0
331;2;624433898;331;80;876;876;12.37;0.75;122.34;4.28;545;2;279.00;0
337;2;624433905;337;76;876;876;12.24;0.74;123.60;4.28;539;2;280.00;0
338;2;624433912;338;74;877;877;12.21;0.74;123.50;4.27;539;2;281.00;0
341;2;624433919;341;73;877;877;12.19;0.74;124.02;4.27;536;2;282.00;0
341;2;624433930;341;77;877;877;12.17;0.74;124.02;4.27;536;2;283.00;0
343;2;624433938;343;78;877;877;12.19;0.74;123.80;4.27;534;2;284.00;0
343;2;624433945;343;80;877;877;12.28;0.75;123.80;4.27;534;2;285.00;0
343;2;624433952;343;83;877;877;12.25;0.75;123.80;4.27;534;2;286.00;0
346;2;624433958;346;85;877;877;12.22;0.74;124.17;4.27;531;2;287.00;0
347;2;624433966;347;105;950;1004;11.78;0.73;124.22;3.95;603;2;288.00;54
349;2;624433984;349;94;954;1005;11.71;0.72;124.60;3.94;605;2;289.00;51
349;2;624433991;349;94;959;1005;11.74;0.73;124.60;3.93;610;2;290.00;46
351;2;624433999;351;95;964;1005;11.64;0.72;125.31;3.92;613;2;291.00;41
353;2;624434007;353;97;969;1005;11.56;0.72;126.15;3.92;616;2;292.00;36
356;2;624434015;356;99;971;1005;11.51;0.71;126.68;3.92;615;2;293.00;34
358;2;624434024;358;100;973;1005;11.47;0.71;127.00;3.93;615;2;294.00;32
358;2;624434033;358;101;975;1005;11.55;0.71;127.00;3.94;617;2;295.00;30
359;2;624434042;359;99;978;1006;11.63;0.72;126.87;3.95;619;2;296.00;28
360;2;624434052;360;104;982;1007;11.66;0.72;126.74;3.97;622;2;297.00;25
362;2;624434061;362;107;984;1007;11.62;0.72;126.83;3.98;622;2;298.00;23
366;2;624434070;366;112;986;1008;11.55;0.71;127.33;3.99;620;2;299.00;22
367;2;624434082;367;116;990;1014;11.34;0.70;127.15;4.00;623;2;300.00;24
367;2;624434095;367;122;996;1014;11.21;0.69;127.15;4.06;629;2;301.00;18
368;2;624434103;368;127;997;1014;11.17;0.69;127.43;4.07;629;2;302.00;17
369;2;624434111;369;131;1002;1018;11.03;0.68;127.25;4.09;633;2;303.00;16
375;2;624434118;375;138;1003;1018;10.93;0.67;127.98;4.08;628;2;304.00;15
381;2;624434127;381;144;1007;1018;10.75;0.66;128.96;4.11;626;2;305.00;11
385;2;624434135;385;153;1010;1021;10.67;0.65;130.56;4.13;625;2;306.00;11
386;2;624434150;386;156;1011;1021;10.63;0.65;131.01;4.14;625;2;307.00;10
388;2;624434157;388;162;1013;1021;10.56;0.65;131.32;4.16;625;2;308.00;8
390;2;624434165;390;169;1016;1025;10.45;0.64;131.34;4.15;626;2;309.00;9
390;2;624434173;390;175;1018;1026;10.28;0.63;131.34;4.15;628;2;310.00;8
391;2;624434181;391;183;1020;1026;10.08;0.62;131.80;4.16;629;2;311.00;6
392;2;624434188;392;183;1024;1030;9.93;0.61;131.88;4.15;632;2;312.00;6
395;2;624434196;395;186;1025;1030;9.76;0.60;132.23;4.15;630;2;313.00;5
397;2;624434203;397;190;1026;1030;9.61;0.59;132.81;4.16;629;2;314.00;4
400;2;624434210;400;192;1029;1032;9.41;0.58;133.15;4.17;629;2;315.00;3
401;2;624434217;401;197;1030;1032;9.25;0.57;133.49;4.20;629;2;316.00;2
404;2;624434229;404;204;1036;1038;9.06;0.56;133.69;4.18;632;2;317.00;2
407;2;624434242;407;209;1036;1038;8.85;0.54;133.97;4.18;629;2;318.00;2
410;2;624434249;410;208;1037;1039;8.61;0.53;134.61;4.17;627;2;319.00;2
413;2;624434257;413;210;1037;1039;8.46;0.52;135.11;4.17;624;2;320.00;2
415;2;624434264;415;210;1039;1039;8.38;0.52;135.46;4.21;624;2;321.00;0
416;2;624434271;416;209;1039;1039;8.36;0.51;135.39;4.21;623;2;322.00;0
417;2;624434278;417;210;1039;1039;8.37;0.52;135.41;4.21;622;2;323.00;0
421;2;624434285;421;213;1049;1051;8.44;0.52;135.13;4.17;628;2;324.00;2
422;2;624434293;422;208;1049;1051;8.49;0.52;135.28;4.17;627;2;325.00;2
425;2;624434300;425;210;1051;1051;8.59;0.53;135.40;4.17;626;2;326.00;0
427;2;624434308;427;208;1051;1051;8.72;0.54;135.56;4.17;624;2;327.00;0
429;2;624434315;429;205;1051;1051;8.79;0.54;135.50;4.17;622;2;328.00;0
431;2;624434322;431;208;1051;1051;8.89;0.54;135.94;4.17;620;2;329.00;0
431;2;624434331;431;213;1055;1055;8.94;0.55;135.94;4.15;624;2;330.00;0
432;2;624434338;432;213;1055;1055;8.94;0.55;135.95;4.15;623;2;331.00;0
433;2;624434345;433;213;1059;1059;9.02;0.55;135.90;4.14;626;2;332.00;0
435;2;624434352;435;221;1060;1060;8.95;0.55;136.78;4.14;625;2;333.00;0
438;2;624434359;438;220;1060;1060;8.82;0.54;137.29;4.14;622;2;334.00;0
442;2;624434366;442;224;1060;1060;8.70;0.53;137.85;4.14;618;2;335.00;0
446;2;624434375;446;226;1073;1073;8.55;0.52;138.92;4.09;627;2;336.00;0
452;2;624434383;452;226;1073;1073;8.35;0.51;139.43;4.09;621;2;337.00;0
457;2;624434390;457;235;1073;1073;8.14;0.50;140.92;4.09;616;2;338.00;0
460;2;624434396;460;239;1074;1074;8.02;0.49;141.90;4.08;614;2;339.00;0
463;2;624434403;463;234;1075;1075;7.90;0.48;142.04;4.08;612;2;340.00;0
466;2;624434410;466;232;1075;1075;7.83;0.48;142.49;4.08;609;2;341.00;0
469;2;624434418;469;228;1078;1078;7.84;0.48;143.16;4.07;609;2;342.00;0
472;2;624434425;472;226;1078;1078;7.86;0.48;144.04;4.07;606;2;343.00;0
473;2;624434432;473;225;1078;1078;7.89;0.49;143.85;4.07;605;2;344.00;0
477;2;624434438;477;226;1078;1078;7.88;0.48;145.13;4.07;601;2;345.00;0
479;2;624434445;479;222;1084;1084;7.94;0.49;145.83;4.05;605;2;346.00;0
482;2;624434451;482;217;1084;1084;7.88;0.49;145.90;4.05;602;2;347.00;0
483;2;624434458;483;210;1084;1084;7.84;0.48;146.22;4.05;601;2;348.00;0
487;2;624434464;487;212;1084;1084;7.81;0.48;146.16;4.05;597;2;349.00;0
489;2;624434471;489;211;1088;1088;7.75;0.48;145.94;4.04;599;2;350.00;0
492;2;624434478;492;208;1089;1089;7.70;0.48;145.90;4.04;597;2;351.00;0
496;2;624434485;496;214;1089;1089;7.63;0.47;146.37;4.04;593;2;352.00;0
500;2;624434491;500;218;1090;1090;7.56;0.47;146.54;4.04;590;2;353.00;0
506;2;624434498;506;221;1090;1090;7.44;0.46;146.25;4.04;584;2;354.00;0
508;2;624434510;508;228;1090;1090;7.36;0.45;146.41;4.04;582;2;355.00;0
512;2;624434516;512;232;1090;1090;7.27;0.45;146.52;4.04;578;2;356.00;0
516;2;624434522;516;231;1090;1090;7.16;0.44;146.41;4.04;574;2;357.00;0
519;2;624434528;519;233;1090;1090;7.08;0.44;146.37;4.04;571;2;358.00;0
521;2;624434534;521;238;1090;1090;6.99;0.43;146.17;4.04;569;2;359.00;0
523;2;624434542;523;246;1153;1215;7.47;0.47;146.17;3.82;630;2;360.00;62
524;2;624434558;524;256;1162;1216;7.47;0.47;146.10;3.79;638;2;361.00;54
526;2;624434566;526;253;1177;1216;7.54;0.47;146.18;3.77;651;2;362.00;39
530;2;624434573;530;259;1179;1216;7.48;0.47;146.12;3.77;649;2;363.00;37
531;2;624434580;531;261;1185;1216;7.45;0.46;146.24;3.77;654;2;364.00;31
535;2;624434587;535;264;1186;1216;7.29;0.45;146.40;3.77;651;2;365.00;30
536;2;624434595;536;266;1194;1216;7.17;0.44;146.40;3.79;658;2;366.00;22
536;2;624434607;536;272;1198;1216;7.13;0.44;146.40;3.80;662;2;367.00;18
537;2;624434618;537;276;1205;1217;7.03;0.43;146.54;3.82;668;2;368.00;12
537;2;624434631;537;275;1208;1218;6.88;0.43;146.54;3.83;671;2;369.00;10
539;2;624434642;539;286;1213;1218;6.74;0.42;147.05;3.85;674;2;370.00;5
541;2;624434657;541;287;1218;1222;6.64;0.41;146.86;3.84;677;2;371.00;4
544;2;624434676;544;286;1218;1222;6.57;0.41;146.60;3.84;674;2;372.00;4
545;2;624434691;545;283;1219;1222;6.51;0.40;146.57;3.85;674;2;373.00;3
547;2;624434703;547;277;1219;1222;6.50;0.40;146.77;3.85;672;2;374.00;3
547;2;624434716;547;279;1225;1228;6.58;0.41;146.77;3.85;678;2;375.00;3
548;2;624434726;548;277;1226;1228;6.69;0.41;146.79;3.85;678;2;376.00;2
549;2;624434735;549;275;1226;1228;6.79;0.42;146.94;3.85;677;2;377.00;2
550;2;624434750;550;269;1229;1231;6.87;0.42;146.98;3.85;679;2;378.00;2
551;2;624434760;551;268;1229;1231;6.95;0.43;146.88;3.85;678;2;379.00;2
552;2;624434769;552;266;1230;1231;6.97;0.43;147.01;3.87;678;2;380.00;1
554;2;624434784;554;265;1231;1232;7.07;0.43;147.44;3.86;677;2;381.00;1
556;2;624434793;556;266;1232;1233;7.20;0.44;147.25;3.86;676;2;382.00;1
557;2;624434802;557;263;1232;1233;7.31;0.45;147.25;3.86;675;2;383.00;1
561;2;624434811;561;263;1245;1246;7.47;0.46;146.98;3.82;684;2;384.00;1
563;2;624434821;563;259;1245;1246;7.59;0.46;146.86;3.82;682;2;385.00;1
565;2;624434830;565;259;1245;1246;7.68;0.47;147.44;3.82;680;2;386.00;1
566;2;624434840;566;249;1246;1247;7.79;0.47;147.22;3.82;680;2;387.00;1
568;2;624434850;568;243;1247;1247;7.80;0.47;146.99;3.82;679;2;388.00;0
568;2;624434860;568;240;1250;1251;7.97;0.49;146.99;3.82;682;2;389.00;1
569;2;624434873;569;235;1250;1251;8.13;0.50;146.91;3.82;681;2;390.00;1
572;2;624434884;572;229;1254;1255;8.24;0.50;146.83;3.81;682;2;391.00;1
574;2;624434897;574;225;1255;1255;8.38;0.51;146.78;3.81;681;2;392.00;0
579;2;624434908;579;226;1255;1255;8.48;0.52;147.43;3.81;676;2;393.00;0
580;2;624434919;580;224;1255;1255;8.58;0.52;147.72;3.81;675;2;394.00;0
583;2;624434929;583;221;1255;1255;8.60;0.52;147.67;3.81;672;2;395.00;0
585;2;624434944;585;207;1267;1267;8.76;0.53;148.12;3.77;682;2;396.00;0
587;2;624434955;587;192;1267;1267;8.82;0.54;148.36;3.77;680;2;397.00;0
589;2;624434964;589;177;1267;1267;9.04;0.55;148.11;3.77;678;2;398.00;0
591;2;624434974;591;166;1267;1267;9.26;0.57;148.65;3.77;676;2;399.00;0
594;2;624434984;594;164;1267;1267;9.45;0.58;149.83;3.77;673;2;400.00;0
598;2;624434998;598;159;1267;1267;9.66;0.59;150.48;3.77;669;2;401.00;0
600;2;624435009;600;153;1268;1268;9.85;0.60;151.28;3.77;668;2;402.00;0
602;2;624435020;602;148;1268;1268;9.97;0.61;151.87;3.77;666;2;403.00;0
606;2;624435030;606;143;1274;1274;10.06;0.61;152.43;3.76;668;2;404.00;0
607;2;624435047;607;140;1276;1276;10.10;0.61;152.63;3.75;669;2;405.00;0
609;2;624435057;609;137;1276;1276;10.22;0.62;152.66;3.75;667;2;406.00;0
611;2;624435067;611;134;1276;1276;10.33;0.63;152.96;3.75;665;2;407.00;0
612;2;624435076;612;125;1280;1280;10.40;0.63;152.98;3.74;668;2;408.00;0
616;2;624435086;616;124;1280;1280;10.48;0.64;153.65;3.74;664;2;409.00;0
616;2;624435096;616;123;1280;1280;10.56;0.64;153.65;3.74;664;2;410.00;0
619;2;624435105;619;122;1281;1281;10.69;0.65;154.44;3.74;662;2;411.00;0
622;2;624435115;622;119;1285;1285;10.74;0.65;155.13;3.73;663;2;412.00;0
622;2;624435125;622;113;1285;1285;10.92;0.67;155.13;3.73;663;2;413.00;0
623;2;624435135;623;112;1287;1288;11.08;0.68;155.47;3.72;664;2;414.00;1
628;2;624435146;628;112;1287;1288;11.17;0.68;157.13;3.72;659;2;415.00;1
629;2;624435156;629;106;1288;1288;11.35;0.69;157.22;3.72;659;2;416.00;0
631;2;624435166;631;105;1288;1288;11.50;0.70;157.35;3.72;657;2;417.00;0
631;2;624435175;631;103;1292;1292;11.67;0.71;157.35;3.71;661;2;418.00;0
636;2;624435186;636;99;1292;1292;11.79;0.72;157.95;3.71;656;2;419.00;0
639;2;624435198;639;96;1292;1292;11.92;0.73;158.38;3.71;653;2;420.00;0
640;2;624435208;640;91;1292;1292;12.06;0.74;158.36;3.71;652;2;421.00;0
644;2;624435217;644;93;1293;1293;12.05;0.73;158.66;3.71;649;2;422.00;0
646;2;624435227;646;91;1294;1294;12.13;0.74;159.20;3.71;648;2;423.00;0
653;2;624435237;653;90;1294;1294;12.14;0.74;160.27;3.71;641;2;424.00;0
655;2;624435247;655;92;1295;1295;12.22;0.75;160.31;3.70;640;2;425.00;0
658;2;624435257;658;95;1295;1295;12.27;0.75;160.48;3.70;637;2;426.00;0
661;2;624435268;661;94;1295;1295;12.34;0.75;160.62;3.70;634;2;427.00;0
664;2;624435278;664;91;1295;1295;12.39;0.75;161.48;3.70;631;2;428.00;0
665;2;624435288;665;94;1295;1295;12.45;0.76;161.32;3.70;630;2;429.00;0
670;2;624435297;670;93;1295;1295;12.50;0.76;162.25;3.70;625;2;430.00;0
676;2;624435306;676;93;1295;1295;12.52;0.76;163.08;3.70;619;2;431.00;0
677;2;624435315;677;125;1375;1422;11.85;0.73;163.02;3.49;698;2;432.00;47
682;2;624435334;682;113;1375;1423;11.86;0.73;163.37;3.49;693;2;433.00;48
685;2;624435345;685;102;1380;1423;12.01;0.74;163.85;3.49;695;2;434.00;43
690;2;624435354;690;99;1381;1423;12.09;0.74;163.95;3.49;691;2;435.00;42
693;2;624435364;693;98;1384;1423;12.13;0.75;164.19;3.49;691;2;436.00;39
698;2;624435373;698;100;1386;1423;12.16;0.75;164.89;3.49;688;2;437.00;37
698;2;624435383;698;103;1387;1423;12.24;0.75;164.89;3.49;689;2;438.00;36
702;2;624435393;702;109;1390;1423;12.31;0.76;165.57;3.50;688;2;439.00;33
706;2;624435402;706;107;1393;1424;12.33;0.76;165.67;3.51;687;2;440.00;31
709;2;624435412;709;109;1397;1425;12.31;0.75;165.87;3.52;688;2;441.00;28
714;2;624435422;714;107;1400;1425;12.28;0.75;166.06;3.54;686;2;442.00;25
716;2;624435432;716;107;1405;1426;12.19;0.75;166.53;3.56;689;2;443.00;21
719;2;624435441;719;104;1408;1426;12.14;0.74;166.91;3.58;689;2;444.00;18
725;2;624435450;725;103;1412;1426;12.00;0.73;167.58;3.61;687;2;445.00;14
728;2;624435460;728;101;1413;1426;12.01;0.74;167.96;3.62;685;2;446.00;13
733;2;624435472;733;96;1418;1430;11.94;0.73;168.61;3.64;685;2;447.00;12
735;2;624435484;735;95;1419;1430;11.96;0.73;168.82;3.64;684;2;448.00;11
738;2;624435494;738;95;1421;1430;12.01;0.73;169.04;3.65;683;2;449.00;9
743;2;624435506;743;97;1424;1436;12.09;0.74;169.03;3.64;681;2;450.00;12
744;2;624435517;744;97;1425;1436;12.21;0.75;168.92;3.65;681;2;451.00;11
748;2;624435526;748;97;1426;1436;12.26;0.75;168.72;3.65;678;2;452.00;10
754;2;624435542;754;97;1430;1440;12.29;0.75;169.06;3.64;676;2;453.00;10
756;2;624435553;756;97;1431;1441;12.43;0.76;168.86;3.64;675;2;454.00;10
760;2;624435563;760;99;1431;1441;12.47;0.76;168.77;3.64;671;2;455.00;10
762;2;624435579;762;101;1434;1445;12.48;0.76;168.78;3.65;672;2;456.00;11
764;2;624435588;764;103;1435;1445;12.45;0.76;168.60;3.67;671;2;457.00;10
768;2;624435599;768;101;1437;1445;12.42;0.76;168.21;3.68;669;2;458.00;8
772;2;624435608;772;105;1438;1446;12.30;0.75;168.50;3.68;666;2;459.00;8
774;2;624435618;774;109;1439;1446;12.18;0.74;168.41;3.68;665;2;460.00;7
775;2;624435629;775;116;1445;1452;12.02;0.73;168.51;3.70;670;2;461.00;7
781;2;624435640;781;118;1445;1452;11.96;0.73;169.29;3.70;664;2;462.00;7
783;2;624435650;783;124;1445;1453;11.88;0.72;169.21;3.70;662;2;463.00;8
784;2;624435664;784;127;1447;1453;11.76;0.72;169.31;3.73;663;2;464.00;6
786;2;624435672;786;132;1447;1453;11.56;0.70;169.74;3.73;661;2;465.00;6
786;2;624435681;786;128;1447;1453;11.44;0.70;169.74;3.73;661;2;466.00;6
787;2;624435690;787;130;1448;1453;11.35;0.69;169.66;3.74;661;2;467.00;5
790;2;624435698;790;128;1458;1465;11.33;0.69;170.03;3.71;668;2;468.00;7
791;2;624435708;791;130;1458;1465;11.29;0.69;170.13;3.71;667;2;469.00;7
793;2;624435717;793;137;1461;1465;11.24;0.69;170.15;3.74;668;2;470.00;4
794;2;624435725;794;139;1461;1465;11.20;0.68;170.17;3.74;667;2;471.00;4
797;2;624435733;797;148;1462;1465;11.13;0.68;170.48;3.74;665;2;472.00;3
799;2;624435742;799;161;1463;1465;11.01;0.67;170.60;3.75;664;2;473.00;2
803;2;624435750;803;168;1466;1469;10.89;0.66;170.73;3.74;663;2;474.00;3
805;2;624435758;805;170;1466;1469;10.80;0.66;170.57;3.74;661;2;475.00;3
807;2;624435767;807;173;1471;1473;10.76;0.66;170.52;3.74;664;2;476.00;2
810;2;624435775;810;183;1473;1474;10.67;0.65;170.68;3.75;663;2;477.00;1
812;2;624435784;812;182;1474;1474;10.54;0.64;170.62;3.75;662;2;478.00;0
814;2;624435792;814;187;1474;1474;10.47;0.64;170.41;3.75;660;2;479.00;0
818;2;624435802;818;195;1496;1500;10.40;0.64;170.36;3.69;678;2;480.00;4
819;2;624435813;819;197;1496;1500;10.41;0.64;170.33;3.69;677;2;481.00;4
821;2;624435821;821;201;1499;1500;10.38;0.64;170.36;3.69;678;2;482.00;1
822;2;624435829;822;208;1501;1501;10.39;0.64;170.37;3.69;679;2;483.00;0
822;2;624435837;822;210;1502;1502;10.33;0.63;170.37;3.68;680;2;484.00;0
822;2;624435846;822;213;1502;1502;10.22;0.63;170.37;3.68;680;2;485.00;0
824;2;624435855;824;216;1504;1505;10.09;0.62;170.54;3.68;680;2;486.00;1
826;2;624435863;826;221;1504;1505;9.93;0.61;170.42;3.68;678;2;487.00;1
827;2;624435871;827;225;1505;1505;9.77;0.60;170.47;3.68;678;2;488.00;0
832;2;624435879;832;223;1505;1505;9.67;0.59;170.29;3.68;673;2;489.00;0
833;2;624435887;833;223;1511;1511;9.60;0.59;170.23;3.67;678;2;490.00;0
834;2;624435896;834;219;1511;1511;9.48;0.58;170.27;3.67;677;2;491.00;0
836;2;624435904;836;221;1511;1511;9.26;0.57;170.26;3.67;675;2;492.00;0
840;2;624435912;840;221;1511;1511;9.09;0.55;169.96;3.67;671;2;493.00;0
841;2;624435920;841;222;1515;1515;8.99;0.55;169.89;3.66;674;2;494.00;0
842;2;624435928;842;224;1517;1517;8.84;0.54;169.78;3.66;675;2;495.00;0
844;2;624435937;844;226;1517;1517;8.74;0.53;169.62;3.66;673;2;496.00;0
845;2;624435944;845;230;1518;1518;8.73;0.53;169.49;3.65;673;2;497.00;0
846;2;624435952;846;236;1518;1518;8.66;0.53;169.86;3.65;672;2;498.00;0
847;2;624435959;847;234;1518;1518;8.61;0.53;169.71;3.65;671;2;499.00;0
851;2;624435972;851;232;1518;1518;8.57;0.53;169.64;3.65;667;2;500.00;0
854;2;624435983;854;234;1518;1518;8.55;0.53;169.51;3.65;664;2;501.00;0
857;2;624435990;857;236;1518;1518;8.52;0.52;169.29;3.65;661;2;502.00;0
859;2;624435997;859;240;1518;1518;8.45;0.52;169.31;3.65;659;2;503.00;0
861;2;624436003;861;244;1556;1588;8.49;0.52;169.27;3.56;695;2;504.00;32
865;2;624436016;865;246;1561;1589;8.38;0.52;169.83;3.56;696;2;505.00;28
870;2;624436023;870;241;1567;1589;8.26;0.51;169.62;3.55;697;2;506.00;22
875;2;624436030;875;243;1571;1589;8.13;0.50;170.20;3.55;696;2;507.00;18
877;2;624436037;877;244;1574;1589;7.99;0.49;170.47;3.55;697;2;508.00;15
881;2;624436044;881;249;1575;1589;7.81;0.48;171.35;3.55;694;2;509.00;14
886;2;624436052;886;242;1577;1589;7.79;0.48;171.76;3.55;691;2;510.00;12
890;2;624436059;890;244;1582;1589;7.68;0.47;172.04;3.56;692;2;511.00;7
893;2;624436067;893;245;1584;1590;7.63;0.47;172.48;3.57;691;2;512.00;6
895;2;624436074;895;238;1586;1591;7.61;0.47;172.67;3.58;691;2;513.00;5
899;2;624436081;899;243;1589;1591;7.58;0.46;173.04;3.59;690;2;514.00;2
902;2;624436088;902;248;1595;1595;7.48;0.46;173.37;3.58;693;2;515.00;0
904;2;624436096;904;254;1595;1595;7.45;0.46;173.60;3.58;691;2;516.00;0
905;2;624436103;905;252;1595;1595;7.41;0.45;173.78;3.58;690;2;517.00;0
909;2;624436110;909;249;1595;1595;7.39;0.45;174.04;3.58;686;2;518.00;0
912;2;624436118;912;253;1601;1601;7.37;0.45;174.28;3.57;689;2;519.00;0
914;2;624436126;914;252;1601;1601;7.45;0.46;174.54;3.57;687;2;520.00;0
916;2;624436133;916;256;1601;1601;7.48;0.46;174.76;3.57;685;2;521.00;0
919;2;624436141;919;255;1603;1604;7.50;0.46;174.91;3.57;684;2;522.00;1
922;2;624436149;922;248;1603;1604;7.53;0.46;175.07;3.57;681;2;523.00;1
927;2;624436157;927;244;1604;1604;7.56;0.46;175.37;3.57;677;2;524.00;0
928;2;624436165;928;235;1605;1605;7.57;0.46;175.59;3.57;677;2;525.00;0
930;2;624436172;930;238;1606;1606;7.54;0.46;175.65;3.56;676;2;526.00;0
933;2;624436180;933;233;1606;1606;7.50;0.46;176.06;3.56;673;2;527.00;0
937;2;624436187;937;228;1619;1619;7.62;0.47;176.21;3.53;682;2;528.00;0
940;2;624436196;940;225;1619;1619;7.67;0.47;176.22;3.53;679;2;529.00;0
943;2;624436204;943;220;1619;1619;7.76;0.47;176.33;3.53;676;2;530.00;0
947;2;624436212;947;220;1620;1620;7.93;0.48;176.37;3.53;673;2;531.00;0
948;2;624436221;948;221;1620;1620;8.06;0.49;176.57;3.53;672;2;532.00;0
953;2;624436239;953;223;1624;1624;8.06;0.49;176.83;3.53;671;2;533.00;0
955;3;624436249;955;219;1624;1624;8.12;0.49;177.29;3.53;669;3;534.00;0
959;3;624436271;959;219;1628;1628;8.19;0.50;176.97;3.52;669;3;535.00;0
962;3;624436284;962;220;1628;1628;8.20;0.50;176.95;3.52;666;3;536.00;0
965;3;624436298;965;218;1628;1628;8.15;0.50;177.21;3.52;663;3;537.00;0
970;3;624436306;970;215;1628;1628;8.08;0.49;177.53;3.52;658;3;538.00;0
972;3;624436315;972;217;1628;1628;8.08;0.49;177.76;3.52;656;3;539.00;0
973;3;624436327;973;222;1659;1662;8.26;0.51;177.88;3.45;686;3;540.00;3
977;3;624436338;977;218;1659;1662;8.26;0.51;177.68;3.45;682;3;541.00;3
980;3;624436347;980;218;1661;1662;8.38;0.51;178.15;3.45;681;3;542.00;1
981;3;624436356;981;217;1661;1662;8.37;0.51;178.36;3.45;680;3;543.00;1
984;3;624436365;984;218;1662;1662;8.40;0.51;178.18;3.45;678;3;544.00;0
987;3;624436373;987;215;1662;1662;8.38;0.51;178.06;3.45;675;3;545.00;0
990;3;624436382;990;214;1663;1663;8.36;0.51;178.39;3.45;673;3;546.00;0
993;3;624436391;993;215;1663;1663;8.33;0.51;178.56;3.45;670;3;547.00;0
997;3;624436399;997;215;1669;1669;8.34;0.51;179.04;3.44;672;3;548.00;0
999;3;624436408;999;209;1670;1670;8.41;0.51;179.24;3.44;671;3;549.00;0
1002;3;624436417;1002;211;1670;1670;8.40;0.51;179.32;3.44;668;3;550.00;0
1005;3;624436425;1005;213;1670;1670;8.44;0.51;179.85;3.44;665;3;551.00;0
1007;3;624436434;1007;211;1674;1674;8.50;0.52;180.11;3.43;667;3;552.00;0
1012;3;624436443;1012;217;1674;1674;8.48;0.52;180.75;3.43;662;3;553.00;0
1012;3;624436451;1012;214;1674;1674;8.45;0.52;180.75;3.43;662;3;554.00;0
1013;3;624436459;1013;217;1675;1675;8.50;0.52;181.01;3.43;662;3;555.00;0
1014;3;624436468;1014;218;1679;1679;8.54;0.52;181.09;3.43;665;3;556.00;0
1015;3;624436477;1015;210;1679;1679;8.58;0.52;181.25;3.43;664;3;557.00;0
1017;3;624436486;1017;206;1681;1682;8.70;0.53;181.50;3.42;664;3;558.00;1
1018;3;624436495;1018;199;1681;1682;8.70;0.53;181.44;3.42;663;3;559.00;1
1020;3;624436505;1020;198;1682;1682;8.73;0.53;181.38;3.42;662;3;560.00;0
1020;3;624436514;1020;194;1682;1682;8.85;0.54;181.38;3.42;662;3;561.00;0
1022;3;624436523;1022;196;1686;1686;8.98;0.55;181.29;3.41;664;3;562.00;0
1026;3;624436532;1026;196;1686;1686;9.04;0.55;181.59;3.41;660;3;563.00;0
1028;3;624436542;1028;195;1686;1686;9.08;0.55;181.79;3.41;658;3;564.00;0
1031;3;624436551;1031;188;1686;1686;9.15;0.56;181.86;3.41;655;3;565.00;0
1032;3;624436560;1032;169;1687;1687;9.22;0.56;181.81;3.41;655;3;566.00;0
1037;3;624436570;1037;160;1688;1688;9.28;0.56;182.19;3.41;651;3;567.00;0
1040;3;624436584;1040;150;1688;1688;9.43;0.57;182.74;3.41;648;3;568.00;0
1044;3;624436594;1044;142;1689;1689;9.64;0.58;183.16;3.41;645;3;569.00;0
1045;3;624436631;1045;134;1689;1689;9.94;0.60;183.14;3.41;644;3;570.00;0
1046;3;624436646;1046;128;1689;1689;10.15;0.62;183.23;3.41;643;3;571.00;0
1048;3;624436662;1048;122;1689;1689;10.35;0.63;183.54;3.41;641;3;572.00;0
1050;3;624436690;1050;119;1689;1689;10.57;0.64;183.41;3.41;639;3;573.00;0
1052;3;624436705;1052;121;1689;1689;10.80;0.66;183.88;3.41;637;3;574.00;0
1055;3;624436718;1055;116;1689;1689;11.04;0.67;183.89;3.41;634;3;575.00;0
1056;3;624436729;1056;142;1770;1816;10.91;0.67;184.18;3.26;714;3;576.00;46
1059;3;624436752;1059;129;1773;1817;11.09;0.68;184.78;3.25;714;3;577.00;44
1062;3;624436763;1062;113;1780;1817;11.24;0.69;184.74;3.25;718;3;578.00;37
1065;3;624436774;1065;110;1781;1817;11.32;0.69;185.23;3.25;716;3;579.00;36
1067;3;624436785;1067;101;1787;1817;11.45;0.70;185.40;3.25;720;3;580.00;30
1069;3;624436797;1069;102;1788;1817;11.47;0.70;185.33;3.25;719;3;581.00;29
1073;3;624436807;1073;103;1790;1817;11.46;0.70;185.63;3.25;717;3;582.00;27
1078;3;624436819;1078;102;1793;1817;11.43;0.70;186.17;3.26;715;3;583.00;24
1079;3;624436829;1079;106;1796;1818;11.50;0.70;186.27;3.27;717;3;584.00;22
1082;3;624436847;1082;114;1800;1820;11.46;0.70;186.78;3.27;718;3;585.00;20
1084;3;624436857;1084;110;1804;1820;11.47;0.70;186.90;3.29;720;3;586.00;16
1090;3;624436867;1090;111;1807;1821;11.44;0.70;187.52;3.30;717;3;587.00;14
1091;3;624436878;1091;119;1808;1821;11.49;0.70;187.73;3.30;717;3;588.00;13
1096;3;624436889;1096;126;1811;1821;11.48;0.70;188.47;3.32;715;3;589.00;10
1098;3;624436900;1098;129;1812;1821;11.50;0.70;188.63;3.32;714;3;590.00;9
1099;3;624436910;1099;129;1817;1825;11.53;0.71;188.80;3.32;718;3;591.00;8
1100;3;624436921;1100;128;1817;1825;11.57;0.71;188.97;3.32;717;3;592.00;8
1107;3;624436932;1107;133;1819;1825;11.62;0.71;189.83;3.34;712;3;593.00;6
1110;3;624436943;1110;135;1820;1828;11.72;0.72;190.14;3.33;710;3;594.00;8
1113;3;624436954;1113;134;1822;1828;11.80;0.72;190.42;3.34;709;3;595.00;6
1115;3;624436964;1115;136;1822;1828;11.98;0.73;190.62;3.34;707;3;596.00;6
1118;3;624436975;1118;138;1827;1832;12.04;0.73;190.85;3.35;709;3;597.00;5
1121;3;624436987;1121;136;1829;1833;12.09;0.74;190.93;3.36;708;3;598.00;4
1124;3;624436997;1124;135;1830;1833;12.09;0.74;190.99;3.37;706;3;599.00;3
1127;3;624437010;1127;140;1842;1859;12.03;0.73;191.06;3.36;715;3;600.00;17
1128;3;624437029;1128;133;1845;1859;12.09;0.74;191.22;3.36;717;3;601.00;14
1132;3;624437040;1132;131;1846;1859;12.19;0.74;191.70;3.36;714;3;602.00;13
1132;3;624437050;1132;132;1847;1860;12.34;0.75;191.70;3.36;715;3;603.00;13
1135;3;624437060;1135;135;1848;1860;12.32;0.75;191.65;3.36;713;3;604.00;12
1139;3;624437071;1139;133;1853;1866;12.32;0.75;191.70;3.36;714;3;605.00;13
1143;3;624437081;1143;136;1855;1866;12.36;0.75;191.82;3.36;712;3;606.00;11
1149;3;624437092;1149;135;1857;1867;12.31;0.75;192.47;3.36;708;3;607.00;10
1151;3;624437103;1151;134;1857;1867;12.31;0.75;192.41;3.36;706;3;608.00;10
1157;3;624437113;1157;130;1858;1867;12.32;0.75;192.36;3.36;701;3;609.00;9
1161;3;624437123;1161;127;1858;1867;12.30;0.75;192.81;3.36;697;3;610.00;9
1164;3;624437133;1164;124;1858;1867;12.31;0.75;193.02;3.36;694;3;611.00;9
1169;3;624437144;1169;121;1868;1879;12.25;0.74;193.21;3.35;699;3;612.00;11
1173;3;624437155;1173;115;1870;1879;12.20;0.74;193.41;3.35;697;3;613.00;9
1175;3;624437170;1175;110;1870;1879;12.23;0.74;193.56;3.35;695;3;614.00;9
1178;3;624437180;1178;106;1871;1879;12.21;0.74;193.86;3.35;693;3;615.00;8
1182;3;624437189;1182;103;1871;1879;12.19;0.74;193.95;3.35;689;3;616.00;8
1186;3;624437198;1186;102;1872;1879;12.24;0.74;193.92;3.36;686;3;617.00;7
1191;3;624437208;1191;101;1876;1883;12.27;0.74;194.01;3.36;685;3;618.00;7
1194;3;624437218;1194;98;1876;1883;12.36;0.75;194.03;3.36;682;3;619.00;7
1198;3;624437227;1198;99;1881;1887;12.42;0.75;193.72;3.36;683;3;620.00;6
1201;3;624437237;1201;96;1882;1888;12.47;0.75;193.76;3.36;681;3;621.00;6
1205;3;624437246;1205;94;1882;1888;12.49;0.75;193.40;3.36;677;3;622.00;6
1206;3;624437256;1206;95;1883;1888;12.54;0.76;193.39;3.37;677;3;623.00;5
1206;3;624437267;1206;97;1891;1901;12.52;0.76;193.39;3.35;685;3;624.00;10
1209;3;624437278;1209;97;1891;1901;12.49;0.76;193.50;3.35;682;3;625.00;10
1211;3;624437288;1211;101;1892;1901;12.41;0.75;193.72;3.37;681;3;626.00;9
1212;3;624437297;1212;102;1893;1902;12.35;0.75;193.94;3.36;681;3;627.00;9
1216;3;624437306;1216;113;1893;1903;12.24;0.74;194.20;3.36;677;3;628.00;10
1219;3;624437315;1219;116;1895;1903;12.13;0.73;194.40;3.38;676;3;629.00;8
1220;3;624437327;1220;124;1899;1909;12.06;0.73;194.41;3.38;679;3;630.00;10
1222;3;624437336;1222;126;1901;1909;11.95;0.72;194.35;3.38;679;3;631.00;8
1226;3;624437345;1226;133;1903;1909;11.81;0.72;194.61;3.39;677;3;632.00;6
1230;3;624437354;1230;132;1903;1909;11.70;0.71;194.70;3.39;673;3;633.00;6
1233;3;624437363;1233;137;1908;1915;11.63;0.70;194.89;3.39;675;3;634.00;7
1234;3;624437372;1234;141;1908;1915;11.49;0.70;195.13;3.39;674;3;635.00;7
1235;3;624437381;1235;141;1908;1915;11.39;0.69;195.17;3.39;673;3;636.00;7
1236;3;624437390;1236;148;1908;1915;11.31;0.69;195.38;3.39;672;3;637.00;7
1241;3;624437398;1241;154;1913;1919;11.19;0.68;195.59;3.41;672;3;638.00;6
1241;3;624437408;1241;161;1914;1920;11.05;0.67;195.59;3.40;673;3;639.00;6
1243;3;624437416;1243;166;1916;1920;10.87;0.66;195.47;3.42;673;3;640.00;4
1244;3;624437424;1244;173;1918;1921;10.77;0.66;195.37;3.42;674;3;641.00;3
1247;3;624437433;1247;182;1919;1921;10.68;0.65;195.28;3.43;672;3;642.00;2
1249;3;624437442;1249;189;1919;1921;10.59;0.65;195.19;3.43;670;3;643.00;2
1252;3;624437451;1252;199;1919;1921;10.52;0.64;195.43;3.43;667;3;644.00;2
1255;3;624437459;1255;201;1921;1921;10.36;0.63;195.37;3.44;666;3;645.00;0
1255;3;624437468;1255;204;1921;1921;10.26;0.63;195.37;3.44;666;3;646.00;0
1257;3;624437477;1257;206;1921;1921;10.14;0.62;195.29;3.44;664;3;647.00;0
1257;3;624437485;1257;215;1958;1991;10.18;0.62;195.29;3.37;701;3;648.00;33
1258;3;624437499;1258;216;1959;1992;9.95;0.61;195.18;3.37;701;3;649.00;33
1258;3;624437508;1258;217;1968;1992;9.86;0.61;195.18;3.36;710;3;650.00;24
1262;3;624437516;1262;220;1974;1992;9.75;0.60;195.04;3.36;712;3;651.00;18
1264;3;624437525;1264;223;1979;1992;9.64;0.59;194.96;3.36;715;3;652.00;13
1267;3;624437535;1267;224;1983;1992;9.57;0.59;194.91;3.37;716;3;653.00;9
1270;3;624437543;1270;224;1986;1992;9.45;0.58;194.71;3.37;716;3;654.00;6
1271;3;624437552;1271;232;1988;1992;9.40;0.58;194.71;3.38;717;3;655.00;4
1272;3;624437561;1272;234;1989;1993;9.29;0.57;194.56;3.38;717;3;656.00;4
1276;3;624437569;1276;239;1991;1994;9.21;0.56;194.39;3.38;715;3;657.00;3
1278;3;624437578;1278;246;1992;1994;9.07;0.56;194.45;3.38;714;3;658.00;2
1279;3;624437586;1279;246;1996;1998;8.88;0.55;194.31;3.38;717;3;659.00;2
1281;3;624437597;1281;250;1997;1998;8.76;0.54;194.10;3.38;716;3;660.00;1
1282;3;624437606;1282;257;1998;1998;8.67;0.53;194.05;3.38;716;3;661.00;0
1284;3;624437615;1284;258;1998;1998;8.52;0.52;193.95;3.38;714;3;662.00;0
1284;3;624437630;1284;258;2004;2004;8.46;0.52;193.95;3.38;720;3;663.00;0
1287;3;624437638;1287;260;2004;2004;8.37;0.52;194.05;3.38;717;3;664.00;0
1289;3;624437648;1289;265;2004;2004;8.25;0.51;194.02;3.38;715;3;665.00;0
1292;3;624437657;1292;268;2006;2007;8.14;0.50;193.92;3.37;714;3;666.00;1
1294;3;624437665;1294;274;2006;2007;8.03;0.49;193.95;3.37;712;3;667.00;1
1297;3;624437672;1297;279;2007;2007;7.88;0.48;193.93;3.37;710;3;668.00;0
1298;3;624437680;1298;283;2008;2008;7.73;0.47;193.90;3.37;710;3;669.00;0
1300;3;624437688;1300;284;2009;2009;7.61;0.46;193.91;3.37;709;3;670.00;0
1301;3;624437695;1301;291;2009;2009;7.53;0.46;193.82;3.37;708;3;671.00;0
1305;3;624437702;1305;297;2021;2022;7.33;0.45;193.35;3.35;716;3;672.00;1
1308;3;624437710;1308;299;2022;2022;7.23;0.44;193.44;3.35;714;3;673.00;0
1311;3;624437718;1311;299;2022;2022;7.12;0.43;193.41;3.35;711;3;674.00;0
1314;3;624437725;1314;291;2024;2024;7.09;0.43;193.69;3.34;710;3;675.00;0
1315;3;624437732;1315;279;2024;2024;7.12;0.44;193.65;3.34;709;3;676.00;0
1319;3;624437740;1319;273;2028;2028;7.18;0.44;194.07;3.34;709;3;677.00;0
1324;3;624437748;1324;266;2028;2028;7.17;0.44;193.94;3.34;704;3;678.00;0
1327;3;624437755;1327;265;2032;2032;7.12;0.43;194.25;3.34;705;3;679.00;0
1330;3;624437763;1330;251;2032;2032;7.14;0.44;194.74;3.34;702;3;680.00;0
1333;3;624437771;1333;241;2032;2032;7.19;0.44;194.44;3.34;699;3;681.00;0
1336;3;624437778;1336;231;2032;2032;7.24;0.44;194.76;3.34;696;3;682.00;0
1339;3;624437786;1339;221;2032;2032;7.24;0.44;194.72;3.34;693;3;683.00;0
1343;3;624437793;1343;223;2043;2044;7.33;0.45;195.14;3.32;700;3;684.00;1
1345;3;624437807;1345;228;2043;2044;7.35;0.45;195.37;3.32;698;3;685.00;1
1347;3;624437814;1347;224;2044;2044;7.43;0.45;195.48;3.32;697;3;686.00;0
1351;3;624437827;1351;218;2044;2044;7.44;0.45;195.88;3.32;693;3;687.00;0
1352;3;624437835;1352;211;2044;2044;7.52;0.46;195.98;3.32;692;3;688.00;0
1353;3;624437843;1353;205;2044;2044;7.64;0.47;196.02;3.32;691;3;689.00;0
1355;3;624437852;1355;201;2045;2045;7.76;0.48;196.28;3.32;690;3;690.00;0
1359;3;624437860;1359;203;2045;2045;7.87;0.48;196.09;3.32;686;3;691.00;0
1361;3;624437868;1361;197;2051;2051;8.01;0.49;196.45;3.31;690;3;692.00;0
1362;3;624437876;1362;193;2052;2052;8.07;0.49;196.61;3.31;690;3;693.00;0
1364;3;624437884;1364;196;2052;2052;8.15;0.50;196.49;3.31;688;3;694.00;0
1368;3;624437892;1368;199;2052;2052;8.14;0.50;196.63;3.31;684;3;695.00;0
1369;3;624437900;1369;202;2056;2056;8.30;0.51;196.62;3.30;687;3;696.00;0
1374;3;624437909;1374;201;2056;2056;8.31;0.51;196.92;3.30;682;3;697.00;0
1377;3;624437917;1377;204;2056;2056;8.45;0.52;197.27;3.30;679;3;698.00;0
1381;3;624437925;1381;197;2057;2057;8.53;0.52;197.03;3.30;676;3;699.00;0
1386;3;624437933;1386;194;2061;2061;8.56;0.52;197.30;3.30;675;3;700.00;0
1389;3;624437946;1389;195;2061;2061;8.56;0.52;197.23;3.30;672;3;701.00;0
1394;3;624437954;1394;191;2063;2064;8.69;0.53;197.34;3.29;669;3;702.00;1
1400;3;624437963;1400;186;2063;2064;8.67;0.53;197.46;3.29;663;3;703.00;1
1403;3;624437973;1403;180;2064;2064;8.73;0.53;197.59;3.29;661;3;704.00;0
1406;3;624437982;1406;180;2064;2064;8.77;0.53;197.85;3.29;658;3;705.00;0
1408;3;624437990;1408;181;2068;2068;8.87;0.54;197.97;3.29;660;3;706.00;0
1412;3;624437999;1412;180;2068;2068;8.88;0.54;198.02;3.29;656;3;707.00;0
1413;3;624438008;1413;182;2068;2068;8.92;0.54;198.14;3.29;655;3;708.00;0
1415;3;624438023;1415;185;2068;2068;8.88;0.54;198.19;3.29;653;3;709.00;0
1419;4;624438032;1419;188;2069;2069;8.81;0.54;198.23;3.29;650;4;710.00;0
1421;4;624438051;1421;187;2070;2070;8.78;0.53;198.49;3.28;649;4;711.00;0
1424;4;624438063;1424;188;2070;2070;8.70;0.53;198.63;3.28;646;4;712.00;0
1427;4;624438072;1427;188;2071;2071;8.65;0.53;198.94;3.28;644;4;713.00;0
1430;4;624438081;1430;184;2071;2071;8.49;0.52;199.04;3.28;641;4;714.00;0
1436;4;624438089;1436;190;2071;2071;8.38;0.51;199.35;3.28;635;4;715.00;0
1439;4;624438098;1439;194;2071;2071;8.39;0.51;199.36;3.28;632;4;716.00;0
1442;4;624438106;1442;193;2071;2071;8.36;0.51;199.43;3.28;629;4;717.00;0
1445;4;624438115;1445;192;2071;2071;8.31;0.50;199.35;3.28;626;4;718.00;0
1448;4;624438128;1448;186;2071;2071;8.34;0.51;199.54;3.28;623;4;719.00;0
1449;4;624438138;1449;222;2191;2301;8.55;0.54;199.60;3.10;742;4;720.00;110
1454;4;624438164;1454;215;2203;2302;8.52;0.54;199.68;3.09;749;4;721.00;99
1457;4;624438174;1457;196;2216;2302;8.62;0.54;199.89;3.09;759;4;722.00;86
1461;4;624438183;1461;189;2222;2302;8.57;0.54;200.18;3.09;761;4;723.00;80
1464;4;624438193;1464;190;2231;2302;8.56;0.54;200.54;3.09;767;4;724.00;71
1471;4;624438207;1471;186;2236;2302;8.50;0.53;200.70;3.09;765;4;725.00;66
1473;4;624438217;1473;186;2242;2302;8.52;0.53;200.70;3.10;769;4;726.00;60
1474;4;624438226;1474;167;2248;2302;8.58;0.54;200.62;3.11;774;4;727.00;54
1476;4;624438236;1476;169;2254;2303;8.62;0.54;200.76;3.13;778;4;728.00;49
1477;4;624438246;1477;166;2260;2304;8.64;0.54;200.78;3.14;783;4;729.00;44
1480;4;624438261;1480;163;2265;2304;8.66;0.54;200.86;3.16;785;4;730.00;39
1483;4;624438271;1483;162;2269;2305;8.66;0.54;200.82;3.17;786;4;731.00;36
1486;4;624438282;1486;169;2273;2305;8.68;0.54;201.22;3.18;787;4;732.00;32
1490;4;624438292;1490;173;2275;2305;8.69;0.54;201.39;3.19;785;4;733.00;30
1493;4;624438302;1493;175;2278;2305;8.67;0.54;201.57;3.20;785;4;734.00;27
1497;4;624438313;1497;180;2281;2309;8.66;0.53;201.70;3.21;784;4;735.00;28
1498;4;624438324;1498;185;2283;2309;8.77;0.54;201.92;3.22;785;4;736.00;26
1505;4;624438334;1505;177;2285;2309;8.80;0.54;201.98;3.22;780;4;737.00;24
1507;4;624438351;1507;177;2286;2312;8.89;0.55;202.16;3.22;779;4;738.00;26
1510;4;624438361;1510;175;2288;2312;8.97;0.55;202.17;3.23;778;4;739.00;24
1512;4;624438372;1512;175;2289;2312;9.04;0.56;202.31;3.24;777;4;740.00;23
1515;4;624438382;1515;176;2295;2316;9.04;0.56;202.54;3.25;780;4;741.00;21
1517;4;624438395;1517;173;2296;2317;9.24;0.57;202.75;3.25;779;4;742.00;21
1521;4;624438406;1521;172;2297;2317;9.41;0.58;202.74;3.25;776;4;743.00;20
1522;4;624438418;1522;172;2300;2321;9.52;0.58;202.89;3.25;778;4;744.00;21
1524;4;624438429;1524;170;2301;2321;9.68;0.59;202.94;3.25;777;4;745.00;20
1527;4;624438440;1527;170;2302;2321;9.86;0.60;203.29;3.25;775;4;746.00;19
1531;4;624438451;1531;169;2305;2322;9.97;0.61;203.56;3.28;774;4;747.00;17
1531;4;624438462;1531;168;2305;2322;10.12;0.62;203.56;3.28;774;4;748.00;17
1535;4;624438473;1535;164;2310;2328;10.20;0.62;203.83;3.28;775;4;749.00;18
1537;4;624438487;1537;165;2312;2328;10.41;0.63;203.97;3.30;775;4;750.00;16
1541;4;624438498;1541;162;2313;2329;10.48;0.64;203.94;3.30;772;4;751.00;16
1543;4;624438509;1543;157;2314;2329;10.59;0.64;204.23;3.31;771;4;752.00;15
1546;4;624438520;1546;155;2314;2329;10.71;0.65;204.27;3.31;768;4;753.00;15
1548;4;624438530;1548;150;2317;2329;10.84;0.66;204.53;3.32;769;4;754.00;12
1550;4;624438541;1550;153;2317;2329;10.89;0.66;204.81;3.32;767;4;755.00;12
1551;4;624438551;1551;157;2328;2341;10.96;0.67;204.80;3.30;777;4;756.00;13
1553;4;624438563;1553;155;2328;2341;11.07;0.68;204.88;3.30;775;4;757.00;13
1556;4;624438574;1556;155;2329;2341;11.15;0.68;205.12;3.30;773;4;758.00;12
1560;4;624438584;1560;152;2329;2341;11.22;0.68;205.05;3.30;769;4;759.00;12
1562;4;624438595;1562;150;2329;2341;11.37;0.69;205.15;3.30;767;4;760.00;12
1566;4;624438621;1566;150;2330;2341;11.41;0.70;205.31;3.32;764;4;761.00;11
1569;4;624438640;1569;152;2334;2345;11.38;0.70;205.50;3.31;765;4;762.00;11
1572;4;624438658;1572;155;2334;2345;11.51;0.70;205.54;3.31;762;4;763.00;11
1574;4;624438673;1574;155;2338;2349;11.60;0.71;205.71;3.31;764;4;764.00;11
1578;4;624438698;1578;157;2340;2351;11.66;0.71;206.01;3.31;762;4;765.00;11
1580;4;624438723;1580;159;2340;2351;11.70;0.71;206.20;3.31;760;4;766.00;11
1580;4;624438735;1580;157;2340;2351;11.75;0.72;206.20;3.31;760;4;767.00;11
1583;4;624438746;1583;158;2350;2364;11.77;0.72;206.41;3.29;767;4;768.00;14
1586;4;624438759;1586;154;2350;2364;11.79;0.72;206.37;3.29;764;4;769.00;14
1592;4;624438770;1592;155;2350;2364;11.77;0.72;206.48;3.29;758;4;770.00;14
1597;4;624438781;1597;154;2351;2365;11.75;0.72;206.67;3.29;754;4;771.00;14
1601;4;624438792;1601;157;2351;2366;11.67;0.71;206.74;3.29;750;4;772.00;15
1605;4;624438805;1605;156;2351;2366;11.64;0.71;206.91;3.29;746;4;773.00;15
1608;4;624438816;1608;157;2353;2369;11.62;0.71;207.05;3.29;745;4;774.00;16
1611;4;624438828;1611;160;2353;2369;11.57;0.70;207.26;3.29;742;4;775.00;16
1616;4;624438840;1616;160;2354;2369;11.45;0.70;207.53;3.29;738;4;776.00;15
1618;4;624438851;1618;167;2355;2369;11.47;0.70;207.61;3.31;737;4;777.00;14
1619;4;624438862;1619;170;2360;2375;11.39;0.69;207.61;3.31;741;4;778.00;15
1626;4;624438872;1626;164;2360;2375;11.44;0.70;208.00;3.31;734;4;779.00;15
1628;4;624438884;1628;166;2360;2375;11.40;0.69;208.18;3.31;732;4;780.00;15
1633;4;624438894;1633;163;2360;2375;11.35;0.69;208.15;3.31;727;4;781.00;15
1638;4;624438904;1638;157;2363;2379;11.27;0.69;208.04;3.30;725;4;782.00;16
1642;4;624438914;1642;156;2365;2380;11.16;0.68;208.15;3.33;723;4;783.00;15
1646;4;624438924;1646;154;2365;2380;11.02;0.67;208.03;3.33;719;4;784.00;15
1651;4;624438934;1651;152;2368;2381;10.97;0.67;208.36;3.34;717;4;785.00;13
1654;4;624438945;1654;149;2368;2381;10.97;0.67;208.76;3.34;714;4;786.00;13
1657;4;624438954;1657;146;2368;2381;10.92;0.67;208.77;3.34;711;4;787.00;13
1661;4;624438964;1661;144;2368;2381;10.91;0.67;208.81;3.34;707;4;788.00;13
1663;4;624438976;1663;147;2368;2381;10.97;0.67;208.81;3.34;705;4;789.00;13
1667;4;624438986;1667;147;2368;2381;10.98;0.67;208.98;3.34;701;4;790.00;13
1668;4;624438997;1668;145;2368;2381;10.98;0.67;208.94;3.34;700;4;791.00;13
1671;4;624439007;1671;150;2401;2451;10.98;0.67;209.53;3.29;730;4;792.00;50
1672;4;624439023;1672;153;2401;2452;11.02;0.67;209.61;3.29;729;4;793.00;51
1678;4;624439033;1678;154;2409;2452;11.05;0.68;209.91;3.29;731;4;794.00;43
1681;4;624439044;1681;155;2410;2452;11.07;0.68;209.69;3.29;729;4;795.00;42
1682;4;624439054;1682;159;2412;2452;11.09;0.68;209.77;3.29;730;4;796.00;40
1683;4;624439065;1683;160;2417;2452;11.01;0.67;209.70;3.32;734;4;797.00;35
1686;4;624439075;1686;160;2419;2452;11.00;0.67;209.54;3.32;733;4;798.00;33
1689;4;624439085;1689;162;2421;2452;10.90;0.67;209.40;3.32;732;4;799.00;31
1692;4;624439096;1692;164;2425;2453;10.78;0.66;209.19;3.36;733;4;800.00;28
1695;4;624439110;1695;171;2427;2454;10.71;0.65;209.23;3.37;732;4;801.00;27
1697;4;624439120;1697;177;2430;2454;10.60;0.65;209.19;3.40;733;4;802.00;24
1699;4;624439130;1699;181;2437;2458;10.57;0.65;209.29;3.41;738;4;803.00;21
1702;4;624439142;1702;187;2440;2458;10.46;0.64;209.09;3.45;738;4;804.00;18
1709;4;624439151;1709;186;2441;2458;10.35;0.63;209.09;3.45;732;4;805.00;17
1710;4;624439162;1710;193;2443;2458;10.22;0.62;209.05;3.49;733;4;806.00;15
1714;4;624439170;1714;194;2448;2464;10.15;0.62;208.83;3.48;734;4;807.00;16
1718;4;624439187;1718;206;2449;2464;10.01;0.61;208.65;3.52;731;4;808.00;15
1720;4;624439196;1720;207;2450;2464;9.99;0.61;208.55;3.55;730;4;809.00;14
1721;4;624439208;1721;217;2456;2470;9.96;0.61;208.46;3.59;735;4;810.00;14
1722;4;624439220;1722;225;2458;2470;9.91;0.60;208.39;3.64;736;4;811.00;12
1724;4;624439229;1724;231;2462;2470;9.80;0.60;208.31;3.65;738;4;812.00;8
1724;4;624439238;1724;236;2462;2471;9.70;0.59;208.31;3.65;738;4;813.00;9
1726;4;624439248;1726;241;2466;2472;9.57;0.58;208.23;3.68;740;4;814.00;6
1727;4;624439257;1727;247;2466;2472;9.43;0.57;208.25;3.68;739;4;815.00;6
1730;4;624439266;1730;256;2477;2485;9.27;0.56;208.34;3.69;747;4;816.00;8
1734;4;624439277;1734;262;2479;2485;9.11;0.55;208.28;3.70;745;4;817.00;6
1737;4;624439286;1737;269;2479;2485;8.92;0.54;208.20;3.70;742;4;818.00;6
1741;4;624439295;1741;278;2482;2486;8.76;0.53;207.91;3.70;741;4;819.00;4
1741;4;624439304;1741;281;2483;2486;8.68;0.53;207.91;3.70;742;4;820.00;3
1741;4;624439313;1741;288;2488;2490;8.66;0.53;207.91;3.71;747;4;821.00;2
1743;4;624439321;1743;296;2489;2490;8.59;0.52;207.83;3.71;746;4;822.00;1
1745;4;624439333;1745;302;2493;2494;8.51;0.52;207.79;3.71;748;4;823.00;1
1747;4;624439342;1747;308;2493;2494;8.44;0.51;207.63;3.71;746;4;824.00;1
1749;4;624439352;1749;316;2494;2494;8.35;0.51;207.50;3.71;745;4;825.00;0
1750;4;624439360;1750;321;2494;2494;8.29;0.51;207.46;3.71;744;4;826.00;0
1752;4;624439369;1752;314;2494;2494;8.18;0.50;207.33;3.71;742;4;827.00;0
1752;4;624439377;1752;310;2505;2506;8.15;0.50;207.33;3.69;753;4;828.00;1
1752;4;624439387;1752;305;2506;2506;8.07;0.49;207.33;3.69;754;4;829.00;0
1753;4;624439396;1753;299;2506;2506;7.97;0.49;207.27;3.69;753;4;830.00;0
1754;4;624439406;1754;292;2506;2506;7.93;0.49;207.25;3.69;752;4;831.00;0
1755;4;624439415;1755;293;2506;2506;7.91;0.49;207.26;3.69;751;4;832.00;0
1756;4;624439425;1756;288;2506;2506;7.92;0.49;207.24;3.69;750;4;833.00;0
1757;4;624439434;1757;289;2507;2507;7.94;0.49;207.21;3.69;750;4;834.00;0
1758;4;624439444;1758;287;2507;2507;7.99;0.49;207.24;3.69;749;4;835.00;0
1759;4;624439453;1759;286;2513;2513;8.12;0.50;207.25;3.68;754;4;836.00;0
1760;4;624439462;1760;284;2514;2514;8.18;0.50;207.21;3.68;754;4;837.00;0
1761;4;624439472;1761;285;2514;2514;8.22;0.50;207.09;3.68;753;4;838.00;0
1764;4;624439481;1764;281;2514;2514;8.26;0.50;206.94;3.68;750;4;839.00;0
1767;4;624439493;1767;281;2519;2519;8.33;0.51;206.89;3.67;752;4;840.00;0
1767;4;624439503;1767;276;2519;2519;8.29;0.51;206.89;3.67;752;4;841.00;0
1767;4;624439511;1767;278;2519;2519;8.16;0.50;206.89;3.67;752;4;842.00;0
1767;4;624439520;1767;279;2520;2520;8.09;0.50;206.89;3.67;753;4;843.00;0
1771;4;624439528;1771;276;2524;2524;7.90;0.48;206.86;3.67;753;4;844.00;0
1772;4;624439538;1772;276;2524;2524;7.79;0.48;206.98;3.67;752;4;845.00;0
1776;4;624439546;1776;276;2526;2527;7.75;0.48;207.04;3.67;750;4;846.00;1
1779;4;624439555;1779;273;2526;2527;7.64;0.47;207.27;3.67;747;4;847.00;1
1784;4;624439564;1784;272;2527;2527;7.51;0.46;207.47;3.67;743;4;848.00;0
1788;4;624439572;1788;272;2527;2527;7.42;0.46;207.48;3.67;739;4;849.00;0
1790;4;624439580;1790;263;2531;2531;7.44;0.46;207.67;3.66;741;4;850.00;0
1793;4;624439594;1793;258;2531;2531;7.43;0.46;207.74;3.66;738;4;851.00;0
1796;4;624439606;1796;251;2531;2531;7.47;0.46;207.77;3.66;735;4;852.00;0
1800;4;624439615;1800;247;2531;2531;7.52;0.46;207.60;3.66;731;4;853.00;0
1802;4;624439623;1802;245;2532;2532;7.53;0.46;207.69;3.66;730;4;854.00;0
1806;4;624439632;1806;241;2534;2534;7.62;0.47;207.56;3.66;728;4;855.00;0
1810;4;624439642;1810;239;2534;2534;7.68;0.47;207.78;3.66;724;4;856.00;0
1812;4;624439656;1812;229;2535;2535;7.81;0.48;207.80;3.66;723;4;857.00;0
1815;4;624439665;1815;220;2535;2535;7.93;0.49;208.10;3.66;720;4;858.00;0
1820;4;624439674;1820;213;2535;2535;8.09;0.49;208.27;3.66;715;4;859.00;0
1827;4;624439682;1827;208;2535;2535;8.19;0.50;208.44;3.66;708;4;860.00;0
1831;4;624439691;1831;199;2535;2535;8.22;0.50;208.89;3.66;704;4;861.00;0
1834;4;624439699;1834;202;2535;2535;8.22;0.50;209.13;3.66;701;4;862.00;0
1836;4;624439708;1836;198;2535;2535;8.31;0.51;209.16;3.66;699;4;863.00;0
1840;4;624439717;1840;205;2614;2662;8.60;0.53;209.25;3.55;774;4;864.00;48
1844;4;624439735;1844;201;2618;2663;8.58;0.53;209.35;3.54;774;4;865.00;45
1849;4;624439750;1849;195;2627;2663;8.63;0.53;209.26;3.54;778;4;866.00;36
1852;4;624439759;1852;196;2630;2663;8.65;0.53;209.43;3.54;778;4;867.00;33
1856;4;624439768;1856;194;2636;2663;8.68;0.54;209.98;3.54;780;4;868.00;27
1858;4;624439777;1858;197;2638;2663;8.62;0.53;209.87;3.54;780;4;869.00;25
1865;4;624439788;1865;198;2641;2663;8.49;0.52;210.03;3.54;776;4;870.00;22
1867;4;624439802;1867;197;2643;2663;8.45;0.52;209.96;3.55;776;4;871.00;20
1874;4;624439812;1874;203;2645;2664;8.36;0.51;210.52;3.55;771;4;872.00;19
1878;4;624439821;1878;209;2649;2665;8.32;0.51;210.66;3.56;771;4;873.00;16
1882;4;624439830;1882;205;2652;2665;8.23;0.51;210.74;3.56;770;4;874.00;13
1886;4;624439840;1886;213;2656;2666;8.17;0.50;211.01;3.57;770;4;875.00;10
1890;4;624439850;1890;214;2656;2666;8.14;0.50;211.12;3.57;766;4;876.00;10
1893;4;624439860;1893;213;2659;2666;8.13;0.50;211.13;3.58;766;4;877.00;7
1900;4;624439870;1900;223;2660;2666;8.05;0.49;211.08;3.58;760;4;878.00;6
1904;4;624439880;1904;225;2665;2670;8.07;0.49;211.11;3.58;761;4;879.00;5
1906;4;624439890;1906;225;2665;2670;8.08;0.49;211.24;3.58;759;4;880.00;5
1911;4;624439899;1911;225;2665;2670;8.10;0.49;211.32;3.58;754;4;881.00;5
1915;4;624439909;1915;225;2667;2673;8.12;0.50;211.52;3.58;752;4;882.00;6
1918;4;624439919;1918;226;2668;2673;8.13;0.50;211.44;3.59;750;4;883.00;5
1925;4;624439933;1925;224;2669;2673;8.16;0.50;211.52;3.59;744;4;884.00;4
1928;4;624439948;1928;229;2674;2677;8.29;0.51;211.48;3.60;746;4;885.00;3
1931;4;624439958;1931;227;2675;2678;8.37;0.51;211.79;3.59;744;4;886.00;3
1935;4;624439969;1935;227;2676;2678;8.42;0.51;211.81;3.60;741;4;887.00;2
1937;4;624439979;1937;227;2680;2682;8.51;0.52;211.84;3.60;743;4;888.00;2
1939;4;624439989;1939;227;2681;2682;8.52;0.52;211.86;3.60;742;4;889.00;1
1942;4;624439998;1942;225;2682;2682;8.59;0.53;211.96;3.60;740;4;890.00;0
1943;4;624440008;1943;229;2683;2683;8.66;0.53;212.09;3.60;740;4;891.00;0
1947;4;624440019;1947;224;2683;2683;8.69;0.53;212.19;3.60;736;4;892.00;0
1948;4;624440030;1948;230;2689;2689;8.78;0.54;212.17;3.60;741;4;893.00;0
1953;4;624440041;1953;229;2689;2689;8.79;0.54;212.51;3.60;736;4;894.00;0
1957;4;624440054;1957;234;2690;2690;8.79;0.54;212.52;3.59;733;4;895.00;0
1961;4;624440067;1961;237;2690;2690;8.73;0.53;212.74;3.59;729;4;896.00;0
1964;4;624440078;1964;225;2690;2690;8.74;0.53;212.84;3.59;726;4;897.00;0
1968;4;624440090;1968;216;2690;2690;8.73;0.53;213.23;3.59;722;4;898.00;0
1969;4;624440101;1969;208;2690;2690;8.75;0.53;213.14;3.59;721;4;899.00;0
1971;4;624440113;1971;209;2721;2736;8.70;0.53;213.24;3.55;750;4;900.00;15
1974;4;624440131;1974;202;2722;2736;8.70;0.53;213.18;3.55;748;4;901.00;14
1977;4;624440142;1977;193;2725;2736;8.79;0.54;213.30;3.55;748;4;902.00;11
1977;4;624440152;1977;185;2725;2736;8.87;0.54;213.30;3.55;748;4;903.00;11
1979;4;624440162;1979;187;2727;2736;8.94;0.55;213.36;3.55;748;4;904.00;9
1980;4;624440172;1980;186;2728;2736;8.95;0.55;213.38;3.55;748;4;905.00;8
1982;4;624440182;1982;175;2732;2740;8.97;0.55;213.34;3.55;750;4;906.00;8
1984;4;624440192;1984;165;2734;2740;8.93;0.55;213.44;3.55;750;4;907.00;6
1986;4;624440202;1986;157;2737;2744;8.97;0.55;213.41;3.55;751;4;908.00;7
1987;4;624440213;1987;152;2738;2745;9.06;0.56;213.52;3.55;751;4;909.00;7
1993;4;624440224;1993;148;2738;2745;9.13;0.56;213.72;3.55;745;4;910.00;7
1995;4;624440234;1995;142;2739;2745;9.23;0.57;213.68;3.55;744;4;911.00;6
1999;4;624440244;1999;139;2751;2758;9.37;0.57;213.67;3.53;752;4;912.00;7
2004;4;624440256;2004;132;2752;2758;9.45;0.58;213.77;3.54;748;4;913.00;6
2005;4;624440266;2005;131;2752;2758;9.55;0.58;213.79;3.54;747;4;914.00;6
2007;4;624440276;2007;133;2753;2759;9.68;0.59;213.82;3.54;746;4;915.00;6
2010;4;624440286;2010;133;2754;2760;9.67;0.59;213.96;3.54;744;4;916.00;6
2013;4;624440302;2013;130;2755;2760;9.64;0.59;213.91;3.54;742;4;917.00;5
2015;4;624440318;2015;135;2757;2763;9.72;0.59;213.96;3.54;742;4;918.00;6
2015;4;624440328;2015;135;2758;2763;9.75;0.59;213.96;3.54;743;4;919.00;5
2016;4;624440339;2016;132;2759;2763;9.82;0.60;213.93;3.54;743;4;920.00;4
2018;4;624440349;2018;129;2759;2763;9.94;0.60;214.01;3.54;741;4;921.00;4
2018;4;624440360;2018;133;2764;2769;9.99;0.61;214.01;3.54;746;4;922.00;5
2021;4;624440372;2021;129;2765;2769;10.02;0.61;214.15;3.55;744;4;923.00;4
2022;4;624440383;2022;128;2767;2769;10.12;0.61;214.27;3.56;745;4;924.00;2
2025;4;624440393;2025;130;2769;2769;10.15;0.62;214.54;3.56;744;4;925.00;0
2026;4;624440403;2026;132;2773;2773;10.19;0.62;214.66;3.56;747;4;926.00;0
2028;4;624440414;2028;134;2774;2774;10.26;0.62;214.54;3.56;746;4;927.00;0
2031;4;624440425;2031;136;2774;2774;10.36;0.63;214.80;3.56;743;4;928.00;0
2036;4;624440436;2036;140;2775;2775;10.43;0.63;214.81;3.56;739;4;929.00;0
2040;4;624440449;2040;138;2775;2775;10.53;0.64;215.07;3.56;735;4;930.00;0
2045;4;624440459;2045;140;2775;2775;10.55;0.64;215.09;3.56;730;4;931.00;0
2046;4;624440470;2046;142;2775;2775;10.56;0.64;215.12;3.56;729;4;932.00;0
2050;4;624440480;2050;142;2775;2775;10.62;0.65;215.46;3.56;725;4;933.00;0
2053;4;624440489;2053;147;2775;2775;10.78;0.65;215.55;3.56;722;4;934.00;0
2056;4;624440499;2056;147;2775;2775;10.88;0.66;215.66;3.56;719;4;935.00;0
2060;4;624440509;2060;160;2814;2845;10.77;0.66;215.97;3.51;754;4;936.00;31
2064;4;624440524;2064;153;2814;2846;10.93;0.66;216.10;3.51;750;4;937.00;32
2066;4;624440534;2066;151;2821;2846;11.05;0.67;216.26;3.50;755;4;938.00;25
2070;4;624440544;2070;158;2826;2846;11.04;0.67;216.53;3.50;756;4;939.00;20
2073;4;624440554;2073;161;2829;2846;11.01;0.67;216.68;3.50;756;4;940.00;17
2076;4;624440564;2076;162;2830;2846;10.98;0.67;216.84;3.50;754;4;941.00;16
2081;4;624440574;2081;165;2833;2846;10.89;0.66;216.91;3.51;752;4;942.00;13
2082;4;624440585;2082;168;2835;2846;10.83;0.66;216.91;3.51;753;4;943.00;11
2085;4;624440602;2085;166;2837;2847;10.74;0.65;217.15;3.51;752;4;944.00;10
2089;4;624440617;2089;171;2840;2849;10.70;0.65;217.07;3.51;751;4;945.00;9
2093;4;624440636;2093;171;2841;2849;10.70;0.65;217.10;3.52;748;4;946.00;8
2098;4;624440651;2098;180;2846;2853;10.67;0.65;217.21;3.52;748;4;947.00;7
2100;4;624440669;2100;178;2847;2853;10.61;0.65;217.35;3.52;747;4;948.00;6
2103;4;624440684;2103;177;2847;2853;10.61;0.65;217.30;3.52;744;4;949.00;6
2106;4;624440697;2106;175;2847;2853;10.59;0.65;217.18;3.52;741;4;950.00;6
2107;4;624440711;2107;176;2851;2859;10.60;0.65;217.19;3.51;744;4;951.00;8
2109;4;624440726;2109;175;2851;2859;10.56;0.65;217.27;3.51;742;4;952.00;8
2111;4;624440738;2111;179;2851;2859;10.53;0.65;217.30;3.51;740;4;953.00;8
2117;4;624440747;2117;186;2853;2862;10.50;0.64;217.77;3.51;736;4;954.00;9
2120;4;624440757;2120;182;2858;2862;10.39;0.64;217.81;3.52;738;4;955.00;4
2128;4;624440768;2128;181;2858;2862;10.32;0.63;217.77;3.52;730;4;956.00;4
2131;4;624440778;2131;183;2858;2863;10.20;0.62;217.76;3.52;727;4;957.00;5
2135;4;624440788;2135;190;2859;2864;10.19;0.62;217.59;3.52;724;4;958.00;5
2140;4;624440798;2140;202;2859;2864;10.21;0.62;217.49;3.52;719;4;959.00;5
2144;4;624440810;2144;199;2877;2890;10.13;0.62;217.31;3.50;733;4;960.00;13
2149;4;624440821;2149;196;2877;2890;10.10;0.61;217.04;3.50;728;4;961.00;13
2151;4;624440831;2151;199;2880;2890;10.11;0.61;216.89;3.50;729;4;962.00;10
2152;4;624440841;2152;204;2881;2891;10.14;0.62;216.81;3.50;729;4;963.00;10
2153;4;624440851;2153;208;2881;2891;10.14;0.62;216.82;3.50;728;4;964.00;10
2156;4;624440860;2156;204;2884;2895;10.17;0.62;216.82;3.49;728;4;965.00;11
2158;4;624440869;2158;206;2885;2895;10.18;0.62;216.70;3.49;727;4;966.00;10
2159;4;624440878;2159;209;2888;2899;10.26;0.62;216.77;3.49;729;4;967.00;11
2162;4;624440888;2162;212;2888;2899;10.23;0.62;216.64;3.49;726;4;968.00;11
2165;4;624440897;2165;211;2889;2899;10.15;0.62;216.38;3.49;724;4;969.00;10
2168;4;624440906;2168;219;2889;2899;10.11;0.62;216.32;3.49;721;4;970.00;10
2170;4;624440915;2170;225;2890;2899;10.08;0.61;216.34;3.50;720;4;971.00;9
2171;4;624440926;2171;228;2901;2911;9.98;0.61;216.34;3.51;730;4;972.00;10
2173;4;624440936;2173;231;2901;2911;9.94;0.61;216.31;3.51;728;4;973.00;10
2173;4;624440946;2173;231;2905;2911;9.94;0.61;216.31;3.53;732;4;974.00;6
2175;4;624440954;2175;233;2905;2911;9.86;0.60;216.26;3.53;730;4;975.00;6
2176;4;624440963;2176;237;2905;2911;9.76;0.59;216.27;3.53;729;4;976.00;6
2178;4;624440973;2178;241;2906;2911;9.66;0.59;216.24;3.53;728;4;977.00;5
2179;4;624440981;2179;250;2906;2912;9.49;0.58;216.19;3.53;727;4;978.00;6
2181;4;624440990;2181;240;2906;2912;9.39;0.57;216.19;3.53;725;4;979.00;6
2185;4;624440998;2185;240;2913;2918;9.35;0.57;216.16;3.53;728;4;980.00;5
2187;4;624441007;2187;238;2913;2919;9.24;0.56;216.17;3.53;726;4;981.00;6
2187;4;624441017;2187;243;2914;2919;9.18;0.56;216.17;3.53;727;4;982.00;5
2188;4;624441026;2188;244;2915;2919;9.09;0.55;216.13;3.54;727;4;983.00;4
2188;4;624441035;2188;242;2918;2923;9.05;0.55;216.13;3.53;730;4;984.00;5
2191;4;624441044;2191;239;2918;2923;8.93;0.54;216.03;3.53;727;4;985.00;5
2194;4;624441054;2194;242;2919;2923;8.90;0.54;215.95;3.54;725;4;986.00;4
2194;4;624441063;2194;245;2920;2924;8.82;0.54;215.95;3.54;726;4;987.00;4
2198;4;624441071;2198;249;2926;2928;8.73;0.53;215.88;3.55;728;4;988.00;2
2199;4;624441087;2199;253;2927;2928;8.74;0.53;215.79;3.55;728;4;989.00;1
2200;4;624441098;2200;254;2931;2934;8.85;0.54;215.80;3.55;731;4;990.00;3
2201;4;624441108;2201;257;2932;2934;8.91;0.55;215.83;3.55;731;4;991.00;2
2202;4;624441117;2202;254;2934;2934;8.93;0.55;215.81;3.55;732;4;992.00;0
2203;4;624441125;2203;250;2934;2934;8.92;0.55;215.89;3.55;731;4;993.00;0
2204;4;624441135;2204;250;2938;2938;8.89;0.55;215.88;3.54;734;4;994.00;0
2208;4;624441145;2208;254;2938;2938;8.79;0.54;215.87;3.54;730;4;995.00;0
2208;4;624441154;2208;255;2938;2938;8.71;0.53;215.87;3.54;730;4;996.00;0
2211;4;624441163;2211;260;2938;2938;8.57;0.53;215.89;3.54;727;4;997.00;0
2213;4;624441171;2213;258;2939;2939;8.44;0.52;215.86;3.54;726;4;998.00;0
2214;4;624441180;2214;259;2940;2940;8.34;0.51;215.85;3.54;726;4;999.00;0
2218;4;624441189;2218;260;2940;2940;8.16;0.50;215.94;3.54;722;4;1000.00;0
2220;4;624441201;2220;253;2941;2941;8.12;0.50;215.97;3.54;721;4;1001.00;0
2226;4;624441211;2226;258;2941;2941;8.08;0.50;216.05;3.54;715;4;1002.00;0
2228;4;624441220;2228;256;2941;2941;8.08;0.50;216.18;3.54;713;4;1003.00;0
2231;4;624441229;2231;253;2941;2941;8.10;0.50;216.11;3.54;710;4;1004.00;0
2233;4;624441237;2233;252;2941;2941;8.16;0.50;216.21;3.54;708;4;1005.00;0
2237;4;624441246;2237;249;2941;2941;8.13;0.50;216.17;3.54;704;4;1006.00;0
2241;4;624441255;2241;249;2941;2941;8.07;0.49;216.08;3.54;700;4;1007.00;0
2244;4;624441264;2244;269;3013;3068;8.18;0.51;216.20;3.46;769;4;1008.00;55
2244;4;624441282;2244;263;3017;3069;8.09;0.50;216.20;3.45;773;4;1009.00;52
2248;4;624441291;2248;259;3025;3069;8.08;0.50;216.33;3.45;777;4;1010.00;44
2252;4;624441300;2252;261;3030;3069;7.97;0.49;216.29;3.45;778;4;1011.00;39
2253;4;624441308;2253;266;3035;3069;7.95;0.49;216.26;3.45;782;4;1012.00;34
2256;4;624441317;2256;262;3036;3069;7.83;0.49;216.30;3.45;780;4;1013.00;33
2259;4;624441326;2259;261;3040;3069;7.77;0.48;216.26;3.45;781;4;1014.00;29
2261;4;624441335;2261;263;3041;3069;7.68;0.48;216.25;3.45;780;4;1015.00;28
2264;4;624441344;2264;265;3044;3070;7.71;0.48;216.34;3.46;780;4;1016.00;26
2268;4;624441358;2268;268;3047;3071;7.70;0.47;216.36;3.46;779;4;1017.00;24
2272;4;624441368;2272;271;3049;3071;7.74;0.48;216.39;3.47;777;4;1018.00;22
2278;4;624441376;2278;272;3054;3072;7.64;0.47;216.45;3.48;776;4;1019.00;18
2281;4;624441388;2281;267;3056;3072;7.62;0.47;216.68;3.48;775;4;1020.00;16
2284;4;624441398;2284;262;3059;3072;7.64;0.47;216.65;3.49;775;4;1021.00;13
2290;4;624441407;2290;265;3061;3072;7.56;0.46;216.79;3.50;771;4;1022.00;11
2294;4;624441423;2294;265;3066;3076;7.58;0.47;216.68;3.50;772;4;1023.00;10
2298;4;624441439;2298;266;3069;3076;7.58;0.46;216.90;3.51;771;4;1024.00;7
2303;4;624441451;2303;268;3070;3076;7.55;0.46;217.27;3.52;767;4;1025.00;6
2303;4;624441461;2303;265;3072;3079;7.63;0.47;217.27;3.52;769;4;1026.00;7
2307;4;624441472;2307;260;3074;3079;7.63;0.47;217.47;3.53;767;4;1027.00;5
2310;4;624441482;2310;248;3074;3079;7.70;0.47;217.54;3.53;764;4;1028.00;5
2312;4;624441492;2312;241;3078;3083;7.77;0.48;217.58;3.52;766;4;1029.00;5
2317;4;624441502;2317;239;3082;3084;7.90;0.48;217.81;3.54;765;4;1030.00;2
2319;4;624441512;2319;236;3082;3084;8.00;0.49;217.84;3.54;763;4;1031.00;2
2324;4;624441521;2324;233;3088;3088;8.12;0.50;218.07;3.53;764;4;1032.00;0
2329;4;624441532;2329;226;3088;3088;8.21;0.50;218.26;3.53;759;4;1033.00;0
2331;4;624441543;2331;221;3088;3088;8.31;0.51;218.31;3.53;757;4;1034.00;0
2337;4;624441552;2337;224;3090;3090;8.30;0.51;218.77;3.53;753;4;1035.00;0
2341;4;624441562;2341;222;3090;3090;8.34;0.51;219.13;3.53;749;4;1036.00;0
2344;4;624441572;2344;219;3096;3096;8.40;0.51;219.25;3.53;752;4;1037.00;0
2347;4;624441581;2347;217;3096;3096;8.42;0.51;219.27;3.53;749;4;1038.00;0
2349;4;624441591;2349;217;3097;3097;8.42;0.51;219.33;3.53;748;4;1039.00;0
2353;4;624441602;2353;215;3097;3097;8.37;0.51;219.54;3.53;744;4;1040.00;0
2355;4;624441614;2355;215;3097;3097;8.37;0.51;219.52;3.53;742;4;1041.00;0
2359;4;624441624;2359;209;3097;3097;8.30;0.51;219.50;3.53;738;4;1042.00;0
2363;4;624441633;2363;211;3097;3097;8.30;0.51;219.59;3.53;734;4;1043.00;0
2365;4;624441643;2365;216;3107;3109;8.37;0.51;219.68;3.52;742;4;1044.00;2
2367;4;624441655;2367;209;3108;3109;8.44;0.52;219.71;3.51;741;4;1045.00;1
2369;4;624441664;2369;201;3109;3109;8.50;0.52;219.80;3.51;740;4;1046.00;0
2375;4;624441673;2375;200;3109;3109;8.49;0.52;220.07;3.51;734;4;1047.00;0
2376;4;624441683;2376;202;3109;3109;8.58;0.52;220.13;3.51;733;4;1048.00;0
2380;4;624441692;2380;197;3109;3109;8.66;0.53;220.50;3.51;729;4;1049.00;0
2385;4;624441704;2385;201;3115;3115;8.66;0.53;220.57;3.51;730;4;1050.00;0
2389;4;624441714;2389;200;3115;3115;8.71;0.53;220.51;3.51;726;4;1051.00;0
2393;5;624441724;2393;204;3119;3119;8.73;0.53;220.46;3.51;726;5;1052.00;0
2396;5;624441740;2396;202;3120;3120;8.86;0.54;220.56;3.50;724;5;1053.00;0
2401;5;624441754;2401;196;3120;3120;8.79;0.54;220.88;3.50;719;5;1054.00;0
2402;5;624441763;2402;195;3120;3120;8.78;0.54;220.89;3.50;718;5;1055.00;0
2405;5;624441773;2405;195;3133;3133;8.82;0.54;221.01;3.49;728;5;1056.00;0
2410;5;624441783;2410;186;3133;3133;8.86;0.54;221.16;3.49;723;5;1057.00;0
2413;5;624441793;2413;185;3133;3133;8.93;0.55;221.16;3.49;720;5;1058.00;0
2417;5;624441802;2417;189;3134;3134;8.97;0.55;221.16;3.49;717;5;1059.00;0
2420;5;624441811;2420;190;3135;3135;9.03;0.55;221.23;3.49;715;5;1060.00;0
2425;5;624441821;2425;187;3135;3135;9.06;0.55;221.44;3.49;710;5;1061.00;0
2428;5;624441831;2428;191;3137;3138;9.11;0.55;221.74;3.49;709;5;1062.00;1
2432;5;624441841;2432;192;3137;3138;9.11;0.55;221.82;3.49;705;5;1063.00;1
2436;5;624441851;2436;196;3138;3138;9.15;0.56;221.83;3.49;702;5;1064.00;0
2440;5;624441860;2440;197;3138;3138;9.15;0.56;221.87;3.49;698;5;1065.00;0
2443;5;624441869;2443;200;3144;3144;9.12;0.55;222.00;3.48;701;5;1066.00;0
2448;5;624441879;2448;193;3144;3144;9.05;0.55;222.03;3.48;696;5;1067.00;0
2452;5;624441889;2452;189;3144;3144;9.08;0.55;222.36;3.48;692;5;1068.00;0
2455;5;624441899;2455;189;3144;3144;9.07;0.55;222.43;3.48;689;5;1069.00;0
2458;5;624441908;2458;189;3148;3148;9.03;0.55;222.54;3.48;690;5;1070.00;0
2460;5;624441918;2460;186;3149;3149;9.03;0.55;222.54;3.48;689;5;1071.00;0
2462;5;624441927;2462;182;3149;3149;9.00;0.55;222.75;3.48;687;5;1072.00;0
2466;5;624441936;2466;182;3150;3150;8.99;0.55;222.59;3.48;684;5;1073.00;0
2468;5;624441946;2468;185;3150;3150;9.01;0.55;222.76;3.48;682;5;1074.00;0
2470;5;624441955;2470;189;3150;3150;9.02;0.55;222.82;3.48;680;5;1075.00;0
2472;5;624441964;2472;178;3150;3150;9.06;0.55;222.92;3.48;678;5;1076.00;0
2478;5;624441975;2478;162;3150;3150;9.16;0.56;222.70;3.48;672;5;1077.00;0
2483;5;624441985;2483;157;3150;3150;9.28;0.57;222.83;3.48;667;5;1078.00;0
2488;5;624441995;2488;152;3150;3150;9.33;0.57;222.93;3.48;662;5;1079.00;0
2489;5;624442012;2489;184;3232;3275;9.32;0.57;222.92;3.39;743;5;1080.00;43
2490;5;624442031;2490;177;3239;3276;9.30;0.57;222.95;3.38;749;5;1081.00;37
2492;5;624442041;2492;171;3245;3276;9.37;0.58;222.91;3.38;753;5;1082.00;31
2495;5;624442052;2495;167;3248;3276;9.41;0.58;223.02;3.38;753;5;1083.00;28
2498;5;624442062;2498;159;3252;3276;9.48;0.58;223.03;3.38;754;5;1084.00;24
2500;5;624442071;2500;164;3253;3276;9.53;0.58;223.25;3.38;753;5;1085.00;23
2504;5;624442081;2504;161;3258;3276;9.56;0.58;223.28;3.38;754;5;1086.00;18
2506;5;624442091;2506;169;3261;3276;9.55;0.58;223.44;3.39;755;5;1087.00;15
2510;5;624442101;2510;169;3265;3277;9.48;0.58;223.55;3.39;755;5;1088.00;12
2511;5;624442111;2511;177;3267;3278;9.46;0.58;223.49;3.40;756;5;1089.00;11
2515;5;624442120;2515;176;3270;3278;9.40;0.57;223.55;3.40;755;5;1090.00;8
2518;5;624442130;2518;175;3276;3282;9.36;0.57;223.57;3.40;758;5;1091.00;6
2519;5;624442141;2519;182;3276;3282;9.38;0.57;223.79;3.40;757;5;1092.00;6
2521;5;624442150;2521;181;3276;3282;9.39;0.57;223.87;3.40;755;5;1093.00;6
2522;5;624442160;2522;184;3276;3282;9.34;0.57;223.86;3.40;754;5;1094.00;6
2525;5;624442169;2525;188;3282;3288;9.29;0.57;223.93;3.40;757;5;1095.00;6
2527;5;624442179;2527;193;3282;3288;9.25;0.57;223.96;3.40;755;5;1096.00;6
2529;5;624442189;2529;196;3282;3288;9.19;0.56;223.91;3.40;753;5;1097.00;6
2532;5;624442204;2532;196;3284;3291;9.12;0.56;223.96;3.39;752;5;1098.00;7
2535;5;624442214;2535;202;3284;3291;9.06;0.55;224.05;3.39;749;5;1099.00;7
2539;5;624442230;2539;204;3284;3291;9.04;0.55;223.99;3.39;745;5;1100.00;7
2540;5;624442243;2540;203;3286;3292;9.03;0.55;223.94;3.39;746;5;1101.00;6
2541;5;624442253;2541;203;3287;3293;9.05;0.55;223.92;3.39;746;5;1102.00;6
2542;5;624442261;2542;201;3287;3293;9.14;0.56;223.85;3.39;745;5;1103.00;6
2546;5;624442270;2546;202;3297;3306;9.13;0.56;223.70;3.38;751;5;1104.00;9
2547;5;624442280;2547;196;3297;3306;9.22;0.56;223.65;3.38;750;5;1105.00;9
2548;5;624442289;2548;195;3297;3306;9.28;0.56;223.62;3.38;749;5;1106.00;9
2550;5;624442298;2550;202;3299;3307;9.34;0.57;223.49;3.38;749;5;1107.00;8
2554;5;624442307;2554;203;3299;3307;9.45;0.57;223.42;3.38;745;5;1108.00;8
2555;5;624442316;2555;204;3302;3311;9.56;0.58;223.34;3.38;747;5;1109.00;9
2556;5;624442327;2556;208;3303;3311;9.67;0.59;223.29;3.38;747;5;1110.00;8
2557;5;624442336;2557;212;3307;3315;9.80;0.60;223.27;3.38;750;5;1111.00;8
2559;5;624442346;2559;217;3307;3315;9.92;0.60;223.23;3.38;748;5;1112.00;8
2560;5;624442355;2560;218;3307;3315;9.97;0.61;223.17;3.38;747;5;1113.00;8
2562;5;624442364;2562;217;3307;3315;10.02;0.61;223.14;3.38;745;5;1114.00;8
2564;5;624442373;2564;223;3307;3315;10.02;0.61;223.02;3.38;743;5;1115.00;8
2568;5;624442381;2568;224;3317;3327;10.05;0.61;222.90;3.37;749;5;1116.00;10
2570;5;624442391;2570;229;3318;3327;10.08;0.61;222.86;3.37;748;5;1117.00;9
2570;5;624442400;2570;231;3318;3327;10.04;0.61;222.86;3.37;748;5;1118.00;9
2572;5;624442409;2572;229;3318;3327;9.98;0.61;222.90;3.37;746;5;1119.00;9
2574;5;624442418;2574;231;3318;3327;9.94;0.61;222.84;3.37;744;5;1120.00;9
2576;5;624442426;2576;224;3318;3327;9.86;0.60;222.82;3.37;742;5;1121.00;9
2579;5;624442435;2579;223;3318;3328;9.78;0.60;222.77;3.37;739;5;1122.00;10
2584;5;624442443;2584;224;3318;3328;9.68;0.59;222.68;3.37;734;5;1123.00;10
2585;5;624442452;2585;226;3323;3334;9.63;0.59;222.67;3.37;738;5;1124.00;11
2586;5;624442460;2586;224;3327;3336;9.56;0.58;222.63;3.38;741;5;1125.00;9
2589;5;624442470;2589;223;3328;3336;9.45;0.58;222.51;3.39;739;5;1126.00;8
2592;5;624442479;2592;228;3328;3336;9.38;0.57;222.43;3.39;736;5;1127.00;8
2596;5;624442487;2596;227;3331;3340;9.34;0.57;222.30;3.39;735;5;1128.00;9
2598;5;624442496;2598;229;3332;3340;9.30;0.57;222.23;3.40;734;5;1129.00;8
2600;5;624442504;2600;228;3332;3340;9.37;0.57;222.17;3.40;732;5;1130.00;8
2602;5;624442513;2602;216;3333;3341;9.47;0.58;222.19;3.40;731;5;1131.00;8
2602;5;624442521;2602;210;3336;3345;9.53;0.58;222.19;3.40;734;5;1132.00;9
2605;5;624442530;2605;200;3337;3345;9.58;0.58;222.10;3.41;732;5;1133.00;8
2605;5;624442539;2605;196;3339;3348;9.70;0.59;222.10;3.41;734;5;1134.00;9
2606;5;624442547;2606;192;3340;3348;9.80;0.60;222.10;3.41;734;5;1135.00;8
2608;5;624442556;2608;187;3340;3348;9.86;0.60;222.04;3.41;732;5;1136.00;8
2609;5;624442565;2609;187;3341;3348;9.94;0.60;221.98;3.43;732;5;1137.00;7
2610;5;624442573;2610;187;3345;3352;10.11;0.61;221.98;3.42;735;5;1138.00;7
2613;5;624442583;2613;186;3346;3352;10.15;0.62;221.88;3.44;733;5;1139.00;6
2614;5;624442599;2614;188;3346;3352;10.18;0.62;221.92;3.44;732;5;1140.00;6
2617;5;624442621;2617;185;3346;3352;10.23;0.62;221.90;3.44;729;5;1141.00;6
2618;5;624442638;2618;185;3346;3353;10.23;0.62;221.91;3.44;728;5;1142.00;7
2618;5;624442662;2618;185;3347;3354;10.23;0.62;221.91;3.44;729;5;1143.00;7
2618;5;624442676;2618;180;3347;3354;10.15;0.62;221.91;3.44;729;5;1144.00;7
2620;5;624442690;2620;178;3348;3355;10.12;0.62;221.94;3.44;728;5;1145.00;7
2622;5;624442712;2622;177;3348;3355;10.00;0.61;221.82;3.44;726;5;1146.00;7
2624;5;624442724;2624;177;3348;3355;9.93;0.60;221.86;3.44;724;5;1147.00;7
2626;5;624442734;2626;183;3348;3355;9.88;0.60;221.81;3.44;722;5;1148.00;7
2626;5;624442744;2626;187;3348;3355;9.89;0.60;221.81;3.44;722;5;1149.00;7
2629;5;624442754;2629;189;3350;3355;9.79;0.60;221.74;3.46;721;5;1150.00;5
2630;5;624442764;2630;195;3350;3355;9.74;0.60;221.73;3.46;720;5;1151.00;5
2634;5;624442774;2634;215;3413;3482;9.77;0.60;221.82;3.39;779;5;1152.00;69
2636;5;624442795;2636;208;3418;3483;9.72;0.60;221.78;3.40;782;5;1153.00;65
2637;5;624442805;2637;204;3428;3483;9.76;0.60;221.78;3.40;791;5;1154.00;55
2640;5;624442816;2640;204;3433;3483;9.73;0.60;221.90;3.41;793;5;1155.00;50
2642;5;624442825;2642;204;3442;3483;9.72;0.60;222.13;3.41;800;5;1156.00;41
2644;5;624442835;2644;201;3443;3483;9.64;0.60;222.20;3.41;799;5;1157.00;40
2646;5;624442851;2646;203;3446;3483;9.65;0.60;222.24;3.42;800;5;1158.00;37
2650;5;624442861;2650;203;3450;3483;9.66;0.59;222.42;3.43;800;5;1159.00;33
2653;5;624442871;2653;213;3457;3484;9.67;0.59;222.45;3.44;804;5;1160.00;27
2654;5;624442881;2654;217;3462;3485;9.70;0.60;222.54;3.45;808;5;1161.00;23
2657;5;624442890;2657;210;3466;3485;9.62;0.59;222.67;3.45;809;5;1162.00;19
2662;5;624442900;2662;216;3468;3486;9.53;0.59;222.69;3.46;806;5;1163.00;18
2665;5;624442910;2665;218;3471;3486;9.44;0.58;222.75;3.47;806;5;1164.00;15
2667;5;624442920;2667;216;3473;3486;9.36;0.58;222.82;3.47;806;5;1165.00;13
2669;5;624442930;2669;222;3476;3486;9.28;0.57;222.79;3.48;807;5;1166.00;10
2672;5;624442940;2672;228;3479;3490;9.19;0.56;222.79;3.48;807;5;1167.00;11
2677;5;624442950;2677;231;3483;3490;9.03;0.55;222.96;3.49;806;5;1168.00;7
2679;5;624442960;2679;237;3483;3490;8.89;0.55;223.09;3.49;804;5;1169.00;7
2682;5;624442972;2682;244;3488;3496;8.82;0.54;223.16;3.49;806;5;1170.00;8
2683;5;624442983;2683;247;3488;3496;8.71;0.53;223.14;3.49;805;5;1171.00;8
2686;5;624442993;2686;248;3491;3496;8.65;0.53;223.29;3.50;805;5;1172.00;5
2688;5;624443004;2688;250;3495;3500;8.59;0.53;223.57;3.50;807;5;1173.00;5
2690;5;624443015;2690;252;3497;3501;8.59;0.53;223.64;3.50;807;5;1174.00;4
2692;5;624443025;2692;246;3498;3501;8.59;0.53;223.69;3.50;806;5;1175.00;3
2694;5;624443036;2694;244;3502;3505;8.64;0.53;223.76;3.49;808;5;1176.00;3
2697;5;624443046;2697;244;3503;3505;8.61;0.53;223.93;3.50;806;5;1177.00;2
2698;5;624443056;2698;245;3503;3505;8.63;0.53;223.89;3.50;805;5;1178.00;2
2702;5;624443073;2702;243;3504;3506;8.58;0.52;223.88;3.49;802;5;1179.00;2
2704;5;624443089;2704;250;3504;3506;8.53;0.52;223.93;3.49;800;5;1180.00;2
2704;5;624443099;2704;251;3510;3512;8.53;0.52;223.93;3.49;806;5;1181.00;2
2712;5;624443110;2712;261;3510;3512;8.38;0.51;224.03;3.49;798;5;1182.00;2
2712;5;624443120;2712;262;3511;3513;8.33;0.51;224.03;3.49;799;5;1183.00;2
2716;5;624443130;2716;255;3511;3513;8.23;0.50;224.21;3.49;795;5;1184.00;2
2720;5;624443141;2720;253;3511;3513;8.13;0.50;224.46;3.49;791;5;1185.00;2
2724;5;624443151;2724;252;3511;3513;8.02;0.49;224.50;3.49;787;5;1186.00;2
2728;5;624443161;2728;252;3511;3513;7.88;0.48;224.55;3.49;783;5;1187.00;2
2730;5;624443170;2730;251;3523;3525;7.78;0.48;224.72;3.48;793;5;1188.00;2
2736;5;624443180;2736;254;3523;3525;7.69;0.47;225.00;3.48;787;5;1189.00;2
2737;5;624443189;2737;246;3523;3525;7.67;0.47;225.06;3.48;786;5;1190.00;2
2741;5;624443199;2741;242;3523;3525;7.60;0.47;225.28;3.48;782;5;1191.00;2
2745;5;624443207;2745;240;3523;3525;7.57;0.46;225.37;3.48;778;5;1192.00;2
2751;5;624443218;2751;236;3523;3525;7.54;0.46;225.47;3.48;772;5;1193.00;2
2754;5;624443227;2754;236;3527;3529;7.52;0.46;225.56;3.47;773;5;1194.00;2
2755;5;624443238;2755;234;3527;3529;7.55;0.46;225.49;3.47;772;5;1195.00;2
2760;5;624443247;2760;231;3531;3533;7.56;0.46;225.70;3.47;771;5;1196.00;2
2765;5;624443257;2765;221;3532;3534;7.60;0.46;225.95;3.47;767;5;1197.00;2
2765;5;624443267;2765;218;3532;3534;7.71;0.47;225.95;3.47;767;5;1198.00;2
2767;5;624443276;2767;216;3532;3534;7.75;0.47;226.06;3.47;765;5;1199.00;2
2770;5;624443288;2770;215;3556;3575;7.74;0.47;226.24;3.45;786;5;1200.00;19
2774;5;624443306;2774;207;3557;3575;7.75;0.47;226.37;3.45;783;5;1201.00;18
2777;5;624443316;2777;205;3560;3575;7.81;0.48;226.48;3.45;783;5;1202.00;15
2781;5;624443325;2781;209;3562;3576;7.91;0.48;226.52;3.44;781;5;1203.00;14
2784;5;624443335;2784;209;3565;3577;8.02;0.49;226.65;3.44;781;5;1204.00;12
2787;5;624443346;2787;208;3565;3577;8.15;0.50;226.67;3.44;778;5;1205.00;12
2790;5;624443356;2790;210;3569;3580;8.27;0.51;226.77;3.44;779;5;1206.00;11
2796;5;624443366;2796;206;3569;3580;8.28;0.51;226.84;3.44;773;5;1207.00;11
2800;5;624443376;2800;203;3571;3580;8.33;0.51;227.07;3.44;771;5;1208.00;9
2803;5;624443386;2803;202;3571;3580;8.41;0.51;227.03;3.44;768;5;1209.00;9
2809;5;624443398;2809;203;3578;3586;8.38;0.51;227.00;3.44;769;5;1210.00;8
2814;5;624443409;2814;205;3578;3586;8.34;0.51;227.37;3.44;764;5;1211.00;8
2815;5;624443438;2815;202;3578;3586;8.29;0.51;227.42;3.44;763;5;1212.00;8
2816;5;624443450;2816;201;3578;3586;8.32;0.51;227.48;3.44;762;5;1213.00;8
2822;5;624443460;2822;205;3582;3590;8.30;0.51;227.56;3.44;760;5;1214.00;8
2827;5;624443472;2827;198;3585;3592;8.34;0.51;227.65;3.44;758;5;1215.00;7
2833;5;624443484;2833;199;3585;3592;8.28;0.51;227.69;3.44;752;5;1216.00;7
2837;5;624443494;2837;203;3587;3593;8.25;0.50;227.80;3.46;750;5;1217.00;6
2840;5;624443505;2840;204;3587;3593;8.27;0.50;227.80;3.46;747;5;1218.00;6
2843;5;624443515;2843;204;3587;3593;8.26;0.50;227.97;3.46;744;5;1219.00;6
2845;5;624443525;2845;204;3588;3593;8.22;0.50;228.06;3.46;743;5;1220.00;5
2849;5;624443535;2849;205;3588;3593;8.18;0.50;228.03;3.46;739;5;1221.00;5
2854;5;624443545;2854;208;3588;3593;8.12;0.50;228.10;3.46;734;5;1222.00;5
2860;5;624443554;2860;210;3588;3593;7.97;0.49;228.20;3.46;728;5;1223.00;5
2862;5;624443564;2862;228;3629;3663;7.82;0.48;228.12;3.44;767;5;1224.00;34
2865;5;624443579;2865;227;3630;3664;7.83;0.48;228.12;3.44;765;5;1225.00;34
2868;5;624443590;2868;228;3635;3664;7.84;0.48;228.06;3.45;767;5;1226.00;29
2870;5;624443601;2870;233;3635;3664;7.79;0.48;228.08;3.45;765;5;1227.00;29
2872;5;624443611;2872;239;3638;3666;7.73;0.47;228.03;3.45;766;5;1228.00;28
2874;5;624443621;2874;247;3640;3666;7.65;0.47;228.13;3.45;766;5;1229.00;26
2876;5;624443633;2876;248;3644;3666;7.58;0.46;228.26;3.46;768;5;1230.00;22
2879;5;624443643;2879;253;3649;3666;7.57;0.46;228.34;3.47;770;5;1231.00;17
2882;5;624443653;2882;257;3651;3667;7.53;0.46;228.32;3.47;769;5;1232.00;16
2884;5;624443663;2884;266;3653;3668;7.45;0.45;228.32;3.47;769;5;1233.00;15
2884;5;624443673;2884;275;3656;3668;7.42;0.45;228.32;3.48;772;5;1234.00;12
2888;5;624443682;2888;286;3661;3672;7.30;0.45;228.49;3.48;773;5;1235.00;11
2892;5;624443692;2892;296;3665;3672;7.23;0.44;228.51;3.49;773;5;1236.00;7
2895;5;624443701;2895;291;3665;3672;7.22;0.44;228.44;3.49;770;5;1237.00;7
2899;5;624443710;2899;296;3666;3672;7.17;0.44;228.47;3.49;767;5;1238.00;6
2900;5;624443720;2900;290;3672;3678;7.20;0.44;228.47;3.48;772;5;1239.00;6
2903;5;624443730;2903;283;3672;3678;7.20;0.44;228.57;3.48;769;5;1240.00;6
2903;5;624443739;2903;287;3672;3678;7.26;0.44;228.57;3.48;769;5;1241.00;6
2906;5;624443748;2906;281;3674;3681;7.30;0.45;228.69;3.48;768;5;1242.00;7
2909;5;624443759;2909;278;3674;3681;7.37;0.45;228.67;3.48;765;5;1243.00;7
2910;5;624443768;2910;282;3675;3681;7.43;0.45;228.68;3.48;765;5;1244.00;6
2914;5;624443777;2914;280;3676;3682;7.41;0.45;228.64;3.48;762;5;1245.00;6
2915;5;624443787;2915;269;3678;3683;7.54;0.46;228.69;3.49;763;5;1246.00;5
2918;5;624443797;2918;271;3679;3683;7.65;0.47;228.68;3.49;761;5;1247.00;4
2922;5;624443809;2922;268;3693;3696;7.84;0.48;228.81;3.48;771;5;1248.00;3
2924;5;624443820;2924;264;3694;3696;7.96;0.49;228.72;3.49;770;5;1249.00;2
2929;5;624443830;2929;260;3694;3696;8.00;0.49;228.80;3.49;765;5;1250.00;2
2930;5;624443842;2930;249;3695;3697;8.07;0.49;228.87;3.49;765;5;1251.00;2
2936;5;624443852;2936;251;3695;3697;8.13;0.49;228.93;3.49;759;5;1252.00;2
2936;5;624443862;2936;246;3699;3701;8.24;0.50;228.93;3.48;763;5;1253.00;2
2939;5;624443873;2939;246;3699;3701;8.31;0.50;229.10;3.48;760;5;1254.00;2
2941;5;624443882;2941;247;3703;3705;8.34;0.51;229.11;3.48;762;5;1255.00;2
2944;5;624443892;2944;251;3703;3705;8.44;0.51;229.13;3.48;759;5;1256.00;2
2947;5;624443902;2947;251;3703;3705;8.44;0.51;229.33;3.48;756;5;1257.00;2
2951;5;624443913;2951;250;3703;3705;8.43;0.51;229.38;3.48;752;5;1258.00;2
2955;5;624443922;2955;250;3703;3705;8.45;0.51;229.57;3.48;748;5;1259.00;2
2957;5;624443933;2957;257;3730;3739;8.44;0.52;229.52;3.46;773;5;1260.00;9
2959;5;624443946;2959;258;3730;3739;8.53;0.52;229.55;3.46;771;5;1261.00;9
2961;5;624443956;2961;258;3733;3739;8.59;0.52;229.54;3.45;772;5;1262.00;6
2963;5;624443965;2963;260;3733;3739;8.55;0.52;229.55;3.45;770;5;1263.00;6
2964;5;624443976;2964;261;3734;3739;8.56;0.52;229.50;3.45;770;5;1264.00;5
2965;5;624443986;2965;264;3734;3739;8.54;0.52;229.51;3.45;769;5;1265.00;5
2965;5;624443994;2965;264;3734;3740;8.61;0.53;229.51;3.45;769;5;1266.00;6
2969;5;624444004;2969;267;3734;3740;8.62;0.53;229.60;3.45;765;5;1267.00;6
2970;5;624444013;2970;266;3739;3746;8.70;0.53;229.54;3.45;769;5;1268.00;7
2973;5;624444028;2973;273;3740;3747;8.71;0.53;229.52;3.45;767;5;1269.00;7
2977;5;624444037;2977;266;3740;3747;8.68;0.53;229.49;3.45;763;5;1270.00;7
2979;5;624444046;2979;272;3740;3747;8.64;0.53;229.44;3.45;761;5;1271.00;7
2980;5;624444055;2980;271;3743;3751;8.61;0.53;229.43;3.45;763;5;1272.00;8
2983;5;624444064;2983;272;3743;3751;8.63;0.53;229.41;3.45;760;5;1273.00;8
2985;5;624444073;2985;275;3743;3751;8.58;0.52;229.33;3.45;758;5;1274.00;8
2988;5;624444082;2988;275;3744;3752;8.61;0.53;229.31;3.45;756;5;1275.00;8
2988;5;624444091;2988;270;3747;3756;8.59;0.53;229.31;3.45;759;5;1276.00;9
2992;5;624444100;2992;273;3747;3756;8.55;0.52;229.19;3.45;755;5;1277.00;9
2993;5;624444109;2993;276;3749;3759;8.56;0.52;229.33;3.44;756;5;1278.00;10
2994;5;624444118;2994;278;3749;3759;8.61;0.53;229.28;3.44;755;5;1279.00;10
2995;5;624444126;2995;277;3750;3759;8.66;0.53;229.32;3.44;755;5;1280.00;9
2997;5;624444134;2997;277;3750;3759;8.70;0.53;229.29;3.44;753;5;1281.00;9
3000;5;624444143;3000;279;3754;3763;8.74;0.53;229.24;3.44;754;5;1282.00;9
3004;5;624444152;3004;263;3754;3763;8.81;0.54;229.13;3.44;750;5;1283.00;9
3005;5;624444161;3005;259;3754;3763;8.92;0.54;229.06;3.44;749;5;1284.00;9
3008;5;624444170;3008;254;3754;3763;9.00;0.55;228.90;3.44;746;5;1285.00;9
3011;5;624444179;3011;248;3754;3764;9.05;0.55;228.92;3.44;743;5;1286.00;10
3013;5;624444187;3013;244;3755;3765;9.19;0.56;228.88;3.44;742;5;1287.00;10
3017;5;624444196;3017;240;3755;3765;9.27;0.56;228.76;3.44;738;5;1288.00;10
3020;5;624444205;3020;239;3757;3766;9.41;0.57;228.70;3.46;737;5;1289.00;9
3020;5;624444215;3020;233;3757;3766;9.54;0.58;228.70;3.46;737;5;1290.00;9
3021;5;624444225;3021;229;3757;3766;9.66;0.59;228.67;3.46;736;5;1291.00;9
3026;6;624444233;3026;220;3757;3766;9.77;0.59;228.57;3.46;731;6;1292.00;9
3028;6;624444258;3028;214;3757;3766;9.88;0.60;228.56;3.46;729;6;1293.00;9
3032;7;624444266;3032;208;3758;3766;9.95;0.60;228.46;3.47;726;7;1294.00;8
3036;7;624444290;3036;198;3758;3766;10.05;0.61;228.42;3.47;722;7;1295.00;8
3039;7;624444299;3039;207;3820;3893;10.00;0.61;228.32;3.42;781;7;1296.00;73
3041;7;624444317;3041;199;3820;3894;10.02;0.62;228.29;3.42;779;7;1297.00;74
3044;7;624444327;3044;194;3828;3894;10.07;0.62;228.26;3.42;784;7;1298.00;66
3046;7;624444341;3046;184;3829;3894;10.06;0.62;228.27;3.42;783;7;1299.00;65
3049;7;624444351;3049;184;3834;3894;10.07;0.62;228.22;3.42;785;7;1300.00;60
3052;7;624444364;3052;178;3835;3894;10.08;0.62;228.15;3.42;783;7;1301.00;59
3052;7;624444373;3052;179;3839;3894;10.17;0.62;228.15;3.42;787;7;1302.00;55
3054;7;624444383;3054;175;3841;3894;10.18;0.62;228.23;3.42;787;7;1303.00;53
3056;7;624444393;3056;173;3846;3895;10.19;0.62;228.26;3.45;790;7;1304.00;49
3058;7;624444402;3058;171;3851;3897;10.25;0.62;228.19;3.45;793;7;1305.00;46
3060;7;624444413;3060;178;3854;3897;10.36;0.63;228.15;3.46;794;7;1306.00;43
3061;7;624444423;3061;180;3859;3898;10.40;0.63;228.27;3.48;798;7;1307.00;39
3063;7;624444432;3063;183;3863;3898;10.42;0.63;228.25;3.49;800;7;1308.00;35
3064;7;624444443;3064;184;3866;3898;10.36;0.63;228.22;3.50;802;7;1309.00;32
3067;7;624444452;3067;185;3871;3898;10.28;0.63;228.22;3.52;804;7;1310.00;27
3068;7;624444464;3068;187;3874;3902;10.22;0.62;228.15;3.52;806;7;1311.00;28
3070;7;624444475;3070;197;3879;3902;10.05;0.61;228.13;3.53;809;7;1312.00;23
3072;7;624444491;3072;199;3879;3902;9.96;0.61;228.06;3.53;807;7;1313.00;23
3073;7;624444501;3073;208;3882;3905;9.90;0.60;228.13;3.54;809;7;1314.00;23
3077;7;624444511;3077;218;3885;3905;9.78;0.60;228.29;3.55;808;7;1315.00;20
3078;7;624444523;3078;221;3888;3905;9.69;0.59;228.28;3.56;810;7;1316.00;17
3079;7;624444533;3079;225;3891;3909;9.61;0.59;228.41;3.56;812;7;1317.00;18
3084;7;624444542;3084;232;3894;3910;9.56;0.58;228.49;3.57;810;7;1318.00;16
3084;7;624444553;3084;234;3894;3910;9.52;0.58;228.49;3.57;810;7;1319.00;16
3087;7;624444569;3087;240;3900;3915;9.45;0.58;228.60;3.57;813;7;1320.00;15
3091;7;624444579;3091;244;3902;3915;9.32;0.57;228.55;3.59;811;7;1321.00;13
3092;7;624444589;3092;249;3903;3915;9.22;0.56;228.64;3.60;811;7;1322.00;12
3098;7;624444599;3098;254;3904;3916;9.10;0.55;228.80;3.60;806;7;1323.00;12
3102;7;624444613;3102;260;3906;3916;8.99;0.55;229.10;3.61;804;7;1324.00;10
3105;7;624444628;3105;265;3912;3922;8.93;0.54;229.20;3.61;807;7;1325.00;10
3108;7;624444644;3108;266;3912;3922;8.81;0.54;229.34;3.61;804;7;1326.00;10
3110;7;624444661;3110;273;3913;3923;8.66;0.53;229.51;3.61;803;7;1327.00;10
3113;7;624444675;3113;272;3914;3923;8.54;0.52;229.52;3.62;801;7;1328.00;9
3118;7;624444690;3118;280;3915;3923;8.39;0.51;229.74;3.63;797;7;1329.00;8
3121;7;624444704;3121;278;3917;3923;8.29;0.50;229.85;3.64;796;7;1330.00;6
3125;7;624444729;3125;284;3917;3923;8.21;0.50;230.00;3.64;792;7;1331.00;6
3127;7;624444739;3127;290;3928;3935;8.28;0.50;230.10;3.64;801;7;1332.00;7
3129;7;624444751;3129;296;3929;3935;8.28;0.50;230.12;3.65;800;7;1333.00;6
3131;7;624444761;3131;297;3930;3935;8.24;0.50;230.12;3.65;799;7;1334.00;5
3132;7;624444771;3132;297;3933;3935;8.21;0.50;230.14;3.66;801;7;1335.00;2
3136;7;624444781;3136;303;3934;3935;8.16;0.50;230.32;3.66;798;7;1336.00;1
3137;7;624444791;3137;307;3934;3935;8.09;0.50;230.38;3.66;797;7;1337.00;1
3141;7;624444801;3141;313;3938;3939;8.04;0.49;230.33;3.65;797;7;1338.00;1
3143;7;624444813;3143;307;3938;3939;8.08;0.49;230.44;3.65;795;7;1339.00;1
3144;7;624444823;3144;308;3942;3943;8.14;0.50;230.52;3.65;798;7;1340.00;1
3145;7;624444834;3145;307;3943;3944;8.10;0.50;230.66;3.65;798;7;1341.00;1
3150;7;624444843;3150;304;3943;3944;8.06;0.49;230.78;3.65;793;7;1342.00;1
3153;7;624444854;3153;302;3943;3944;8.02;0.49;230.73;3.65;790;7;1343.00;1
3154;7;624444863;3154;306;3956;3957;8.05;0.50;230.68;3.64;802;7;1344.00;1
3156;7;624444874;3156;307;3956;3957;8.02;0.49;230.87;3.64;800;7;1345.00;1
3158;7;624444884;3158;303;3956;3957;7.97;0.49;230.84;3.64;798;7;1346.00;1
3160;7;624444895;3160;300;3957;3958;7.94;0.49;230.88;3.64;797;7;1347.00;1
3162;7;624444905;3162;305;3958;3959;7.92;0.49;230.97;3.64;796;7;1348.00;1
3164;7;624444916;3164;304;3958;3959;7.85;0.48;230.98;3.64;794;7;1349.00;1
3166;7;624444928;3166;307;3965;3968;7.84;0.48;231.06;3.63;799;7;1350.00;3
3168;7;624444939;3168;305;3965;3968;7.82;0.48;231.01;3.63;797;7;1351.00;3
3172;7;624444949;3172;306;3966;3968;7.77;0.48;231.00;3.63;794;7;1352.00;2
3177;7;624444958;3177;307;3966;3968;7.71;0.47;231.23;3.63;789;7;1353.00;2
3182;7;624444968;3182;305;3972;3974;7.66;0.47;231.51;3.63;790;7;1354.00;2
3189;7;624444984;3189;303;3973;3974;7.56;0.46;231.61;3.63;784;7;1355.00;1
3192;7;624444995;3192;297;3973;3974;7.49;0.46;231.63;3.63;781;7;1356.00;1
3196;7;624445004;3196;298;3973;3974;7.42;0.45;231.97;3.63;777;7;1357.00;1
3200;7;624445013;3200;293;3977;3978;7.33;0.45;232.03;3.62;777;7;1358.00;1
3205;7;624445022;3205;299;3978;3979;7.24;0.44;232.23;3.62;773;7;1359.00;1
3215;7;624445031;3215;286;3978;3979;7.08;0.43;232.34;3.62;763;7;1360.00;1
3220;7;624445040;3220;286;3979;3980;7.00;0.43;232.65;3.62;759;7;1361.00;1
3225;7;624445049;3225;285;3979;3980;6.90;0.42;232.94;3.62;754;7;1362.00;1
3228;7;624445057;3228;283;3979;3980;6.83;0.42;233.03;3.62;751;7;1363.00;1
3231;7;624445066;3231;284;3979;3980;6.83;0.42;233.11;3.62;748;7;1364.00;1
3234;7;624445075;3234;281;3979;3980;6.81;0.41;233.32;3.62;745;7;1365.00;1
3238;7;624445083;3238;284;3979;3980;6.87;0.42;233.43;3.62;741;7;1366.00;1
3241;7;624445091;3241;275;3979;3980;7.01;0.43;233.60;3.62;738;7;1367.00;1
3243;7;624445101;3243;271;4014;4050;7.27;0.44;233.70;3.59;771;7;1368.00;36
3248;7;624445116;3248;261;4018;4051;7.31;0.45;233.76;3.59;770;7;1369.00;33
3250;7;624445133;3250;252;4025;4051;7.47;0.46;233.83;3.58;775;7;1370.00;26
3253;7;624445142;3253;250;4027;4051;7.56;0.46;234.00;3.58;774;7;1371.00;24
3255;7;624445152;3255;247;4029;4051;7.61;0.47;234.10;3.58;774;7;1372.00;22
3257;7;624445161;3257;247;4031;4051;7.61;0.47;234.11;3.59;774;7;1373.00;20
3261;7;624445170;3261;249;4034;4051;7.58;0.46;234.12;3.59;773;7;1374.00;17
3267;7;624445180;3267;253;4036;4051;7.53;0.46;234.29;3.59;769;7;1375.00;15
3272;7;624445190;3272;255;4037;4052;7.50;0.46;234.25;3.59;765;7;1376.00;15
3276;7;624445199;3276;253;4039;4053;7.52;0.46;234.43;3.59;763;7;1377.00;14
3280;7;624445209;3280;251;4043;4053;7.53;0.46;234.48;3.62;763;7;1378.00;10
3282;7;624445218;3282;254;4048;4057;7.62;0.47;234.54;3.62;766;7;1379.00;9
3285;7;624445229;3285;254;4051;4057;7.66;0.47;234.70;3.62;766;7;1380.00;6
3287;7;624445239;3287;256;4051;4057;7.68;0.47;234.67;3.62;764;7;1381.00;6
3294;7;624445248;3294;256;4051;4057;7.58;0.47;234.68;3.62;757;7;1382.00;6
3297;7;624445257;3297;251;4059;4063;7.62;0.47;234.64;3.62;762;7;1383.00;4
3303;7;624445268;3303;255;4059;4063;7.61;0.47;234.56;3.62;756;7;1384.00;4
3304;7;624445278;3304;258;4059;4063;7.63;0.47;234.58;3.62;755;7;1385.00;4
3310;7;624445287;3310;256;4061;4066;7.61;0.47;234.54;3.62;751;7;1386.00;5
3316;7;624445297;3316;256;4061;4066;7.61;0.47;234.77;3.62;745;7;1387.00;5
3318;7;624445307;3318;255;4063;4066;7.62;0.47;234.68;3.62;745;7;1388.00;3
3324;7;624445317;3324;252;4064;4067;7.57;0.46;234.71;3.62;740;7;1389.00;3
3328;7;624445327;3328;258;4066;4068;7.53;0.46;234.80;3.63;738;7;1390.00;2
3331;7;624445337;3331;256;4067;4068;7.46;0.46;234.76;3.63;736;7;1391.00;1
3334;7;624445346;3334;260;4080;4081;7.52;0.46;234.90;3.62;746;7;1392.00;1
3338;7;624445357;3338;266;4080;4081;7.48;0.46;234.85;3.62;742;7;1393.00;1
3339;7;624445367;3339;263;4080;4081;7.43;0.45;234.87;3.62;741;7;1394.00;1
3343;7;624445375;3343;266;4082;4083;7.38;0.45;234.79;3.62;739;7;1395.00;1
3344;7;624445385;3344;268;4082;4083;7.28;0.44;234.82;3.62;738;7;1396.00;1
3348;7;624445394;3348;270;4086;4087;7.24;0.44;234.85;3.61;738;7;1397.00;1
3350;7;624445404;3350;269;4087;4087;7.16;0.44;234.75;3.62;737;7;1398.00;0
3352;7;624445414;3352;268;4091;4091;7.11;0.43;234.73;3.62;739;7;1399.00;0
3352;7;624445425;3352;273;4091;4091;7.05;0.43;234.73;3.62;739;7;1400.00;0
3355;7;624445439;3355;282;4091;4091;6.96;0.42;234.79;3.62;736;7;1401.00;0
3356;7;624445448;3356;290;4091;4091;6.87;0.42;234.77;3.62;735;7;1402.00;0
3359;7;624445457;3359;292;4091;4091;6.74;0.41;234.81;3.62;732;7;1403.00;0
3359;7;624445469;3359;299;4102;4103;6.77;0.41;234.81;3.61;743;7;1404.00;1
3360;7;624445479;3360;313;4102;4103;6.72;0.41;234.77;3.61;742;7;1405.00;1
3360;7;624445488;3360;312;4103;4103;6.70;0.41;234.77;3.61;743;7;1406.00;0
3363;7;624445498;3363;307;4103;4103;6.69;0.41;234.69;3.61;740;7;1407.00;0
3364;7;624445507;3364;305;4103;4103;6.68;0.41;234.65;3.61;739;7;1408.00;0
3366;7;624445516;3366;304;4103;4103;6.67;0.41;234.61;3.61;737;7;1409.00;0
3370;7;624445526;3370;301;4104;4104;6.69;0.41;234.59;3.61;734;7;1410.00;0
3372;7;624445536;3372;298;4104;4104;6.73;0.41;234.64;3.61;732;7;1411.00;0
3374;7;624445545;3374;298;4110;4110;6.74;0.41;234.53;3.60;736;7;1412.00;0
3377;7;624445555;3377;302;4111;4111;6.75;0.41;234.46;3.60;734;7;1413.00;0
3378;7;624445565;3378;305;4111;4111;6.72;0.41;234.45;3.60;733;7;1414.00;0
3378;7;624445574;3378;308;4111;4111;6.75;0.41;234.45;3.60;733;7;1415.00;0
3380;7;624445583;3380;295;4115;4115;6.77;0.41;234.44;3.60;735;7;1416.00;0
3380;7;624445593;3380;284;4115;4115;6.80;0.41;234.44;3.60;735;7;1417.00;0
3383;7;624445602;3383;274;4115;4115;6.90;0.42;234.38;3.60;732;7;1418.00;0
3384;7;624445613;3384;268;4116;4116;7.10;0.43;234.35;3.60;732;7;1419.00;0
3385;7;624445622;3385;269;4120;4120;7.21;0.44;234.29;3.60;735;7;1420.00;0
3386;7;624445633;3386;262;4120;4120;7.33;0.44;234.28;3.60;734;7;1421.00;0
3388;7;624445649;3388;259;4122;4123;7.51;0.45;234.24;3.59;734;7;1422.00;1
3389;7;624445660;3389;257;4122;4123;7.62;0.46;234.25;3.59;733;7;1423.00;1
3390;7;624445669;3390;258;4123;4123;7.72;0.47;234.26;3.59;733;7;1424.00;0
3392;7;624445678;3392;261;4123;4123;7.75;0.47;234.17;3.59;731;7;1425.00;0
3395;7;624445687;3395;264;4127;4127;7.85;0.47;234.03;3.59;732;7;1426.00;0
3397;7;624445697;3397;268;4127;4127;7.92;0.48;233.98;3.59;730;7;1427.00;0
3398;7;624445707;3398;264;4127;4127;7.96;0.48;233.96;3.59;729;7;1428.00;0
3400;7;624445716;3400;260;4127;4127;7.92;0.48;233.95;3.59;727;7;1429.00;0
3400;7;624445725;3400;257;4128;4128;7.97;0.48;233.95;3.59;728;7;1430.00;0
3401;7;624445733;3401;253;4129;4129;7.98;0.48;233.91;3.59;728;7;1431.00;0
3402;7;624445742;3402;254;4129;4129;7.99;0.48;233.95;3.59;727;7;1432.00;0
3403;7;624445751;3403;250;4130;4130;7.97;0.48;233.90;3.59;727;7;1433.00;0
3405;7;624445760;3405;250;4130;4130;8.03;0.49;233.91;3.59;725;7;1434.00;0
3405;7;624445769;3405;234;4130;4130;8.09;0.49;233.91;3.59;725;7;1435.00;0
3405;7;624445778;3405;227;4130;4130;8.20;0.50;233.91;3.59;725;7;1436.00;0
3405;7;624445787;3405;216;4130;4130;8.31;0.50;233.91;3.59;725;7;1437.00;0
3409;7;624445796;3409;211;4130;4130;8.36;0.51;233.84;3.59;721;7;1438.00;0
3409;7;624445804;3409;205;4130;4130;8.49;0.52;233.84;3.59;721;7;1439.00;0
3409;7;624445815;3409;258;4255;4360;8.40;0.53;233.84;3.48;846;7;1440.00;105
3412;7;624445842;3412;236;4257;4361;8.50;0.53;233.75;3.48;845;7;1441.00;104
3413;7;624445852;3413;210;4266;4361;8.70;0.54;233.68;3.48;853;7;1442.00;95
3415;7;624445862;3415;198;4271;4361;8.82;0.55;233.73;3.48;856;7;1443.00;90
3417;7;624445872;3417;184;4277;4361;8.92;0.55;233.71;3.48;860;7;1444.00;84
3417;7;624445887;3417;184;4280;4361;8.99;0.56;233.71;3.48;863;7;1445.00;81
3418;7;624445896;3418;174;4286;4361;9.06;0.56;233.72;3.48;868;7;1446.00;75
3418;7;624445906;3418;177;4292;4361;9.12;0.56;233.72;3.49;874;7;1447.00;69
3420;7;624445916;3420;176;4297;4362;9.18;0.57;233.69;3.49;877;7;1448.00;65
3420;7;624445926;3420;183;4300;4363;9.20;0.57;233.69;3.50;880;7;1449.00;63
3420;7;624445937;3420;178;4304;4363;9.26;0.57;233.69;3.50;884;7;1450.00;59
3422;7;624445947;3422;189;4307;4364;9.24;0.57;233.67;3.51;885;7;1451.00;57
3422;7;624445957;3422;187;4310;4364;9.31;0.57;233.67;3.52;888;7;1452.00;54
3425;7;624445969;3425;189;4311;4364;9.29;0.57;233.71;3.52;886;7;1453.00;53
3428;7;624445980;3428;193;4314;4364;9.35;0.58;233.67;3.52;886;7;1454.00;50
3429;7;624445990;3429;196;4315;4368;9.38;0.58;233.69;3.52;886;7;1455.00;53
3430;7;624446001;3430;199;4316;4368;9.37;0.57;233.67;3.52;886;7;1456.00;52
3434;7;624446012;3434;209;4316;4368;9.29;0.57;233.68;3.52;882;7;1457.00;52
3436;7;624446023;3436;212;4317;4371;9.21;0.56;233.68;3.52;881;7;1458.00;54
3437;7;624446039;3437;216;4317;4371;9.17;0.56;233.65;3.52;880;7;1459.00;54
3439;7;624446049;3439;212;4317;4371;9.10;0.55;233.61;3.52;878;7;1460.00;54
3442;7;624446059;3442;214;4321;4375;9.08;0.55;233.60;3.52;879;7;1461.00;54
3443;7;624446071;3443;213;4323;4376;9.12;0.56;233.66;3.52;880;7;1462.00;53
3444;7;624446082;3444;211;4327;4376;9.10;0.56;233.66;3.54;883;7;1463.00;49
3447;7;624446093;3447;211;4329;4380;9.10;0.56;233.77;3.54;882;7;1464.00;51
3450;7;624446110;3450;206;4331;4380;9.08;0.55;233.80;3.55;881;7;1465.00;49
3455;7;624446121;3455;200;4332;4380;9.12;0.55;233.83;3.56;877;7;1466.00;48
3458;7;624446133;3458;199;4333;4381;9.12;0.55;233.86;3.56;875;7;1467.00;48
3462;7;624446145;3462;195;4334;4381;9.16;0.56;233.95;3.57;872;7;1468.00;47
3463;7;624446168;3463;194;4339;4387;9.24;0.56;233.94;3.57;876;7;1469.00;48
3465;7;624446181;3465;195;4340;4387;9.36;0.57;233.93;3.58;875;7;1470.00;47
3469;7;624446192;3469;190;4341;4388;9.38;0.57;233.93;3.59;872;7;1471.00;47
3473;7;624446203;3473;185;4342;4388;9.47;0.57;233.86;3.59;869;7;1472.00;46
3473;7;624446215;3473;186;4343;4388;9.60;0.58;233.86;3.60;870;7;1473.00;45
3476;7;624446226;3476;188;4345;4388;9.67;0.59;233.77;3.61;869;7;1474.00;43
3477;7;624446237;3477;193;4346;4388;9.71;0.59;233.81;3.61;869;7;1475.00;42
3478;7;624446248;3478;192;4355;4400;9.74;0.59;233.90;3.61;877;7;1476.00;45
3479;7;624446260;3479;190;4357;4400;9.75;0.59;233.92;3.62;878;7;1477.00;43
3482;7;624446271;3482;192;4358;4400;9.77;0.60;234.02;3.61;876;7;1478.00;42
3483;7;624446288;3483;188;4360;4400;9.75;0.59;234.02;3.62;877;7;1479.00;40
3486;7;624446298;3486;191;4363;4400;9.68;0.59;234.12;3.64;877;7;1480.00;37
3486;7;624446309;3486;199;4364;4400;9.67;0.59;234.12;3.65;878;7;1481.00;36
3489;7;624446320;3489;202;4369;4404;9.54;0.58;234.22;3.67;880;7;1482.00;35
3493;7;624446331;3493;200;4371;4404;9.51;0.58;234.27;3.67;878;7;1483.00;33
3496;8;624446342;3496;203;4375;4408;9.47;0.58;234.49;3.68;879;8;1484.00;33
3497;8;624446369;3497;197;4377;4410;9.37;0.57;234.52;3.68;880;8;1485.00;33
3500;8;624446380;3500;208;4379;4410;9.30;0.57;234.63;3.69;879;8;1486.00;31
3501;8;624446396;3501;215;4379;4410;9.27;0.57;234.72;3.69;878;8;1487.00;31
3503;8;624446407;3503;215;4389;4423;9.22;0.56;234.71;3.69;886;8;1488.00;34
3506;8;624446418;3506;213;4390;4423;9.19;0.56;234.78;3.70;884;8;1489.00;33
3510;8;624446429;3510;219;4391;4423;9.09;0.56;234.86;3.71;881;8;1490.00;32
3512;8;624446440;3512;229;4394;4424;9.11;0.56;234.99;3.73;882;8;1491.00;30
3514;8;624446451;3514;233;4394;4425;9.09;0.56;235.08;3.73;880;8;1492.00;31
3517;8;624446462;3517;235;4395;4425;8.98;0.55;235.02;3.74;878;8;1493.00;30
3522;8;624446473;3522;240;4398;4428;8.94;0.55;235.14;3.75;876;8;1494.00;30
3524;8;624446484;3524;246;4400;4428;8.85;0.54;235.26;3.78;876;8;1495.00;28
3527;8;624446496;3527;251;4403;4428;8.79;0.54;235.32;3.79;876;8;1496.00;25
3530;8;624446507;3530;252;4403;4428;8.76;0.53;235.38;3.79;873;8;1497.00;25
3531;8;624446523;3531;257;4410;4434;8.76;0.54;235.33;3.82;879;8;1498.00;24
3536;8;624446535;3536;261;4411;4434;8.66;0.53;235.42;3.82;875;8;1499.00;23
3536;8;624446548;3536;267;4417;4453;8.58;0.52;235.42;3.84;881;8;1500.00;36
3539;8;624446566;3539;270;4420;4453;8.55;0.52;235.52;3.86;881;8;1501.00;33
3542;8;624446577;3542;273;4425;4457;8.50;0.52;235.55;3.87;883;8;1502.00;32
3546;8;624446588;3546;277;4428;4458;8.43;0.52;235.54;3.87;882;8;1503.00;30
3549;8;624446599;3549;278;4430;4458;8.35;0.51;235.55;3.88;881;8;1504.00;28
3550;8;624446610;3550;285;4431;4459;8.31;0.51;235.52;3.88;881;8;1505.00;28
3553;8;624446626;3553;291;4435;4459;8.18;0.50;235.69;3.89;882;8;1506.00;24
3555;8;624446644;3555;295;4436;4459;8.09;0.50;235.74;3.89;881;8;1507.00;23
3558;8;624446660;3558;298;4436;4459;8.06;0.49;235.84;3.89;878;8;1508.00;23
3563;8;624446676;3563;294;4436;4459;7.98;0.49;235.90;3.89;873;8;1509.00;23
3567;8;624446694;3567;290;4438;4459;7.93;0.48;235.97;3.89;871;8;1510.00;21
3567;8;624446710;3567;286;4438;4459;7.88;0.48;235.97;3.89;871;8;1511.00;21
3572;8;624446725;3572;297;4478;4529;7.73;0.47;236.01;3.86;906;8;1512.00;51
3574;8;624446744;3574;287;4482;4530;7.71;0.47;236.08;3.86;908;8;1513.00;48
3578;8;624446755;3578;283;4489;4530;7.73;0.47;236.10;3.86;911;8;1514.00;41
3582;8;624446767;3582;278;4490;4530;7.79;0.48;236.13;3.86;908;8;1515.00;40
3586;8;624446778;3586;280;4492;4530;7.87;0.48;236.40;3.86;906;8;1516.00;38
3588;8;624446790;3588;283;4495;4530;7.97;0.49;236.38;3.86;907;8;1517.00;35
3591;8;624446802;3591;288;4499;4530;8.02;0.49;236.56;3.86;908;8;1518.00;31
3597;8;624446814;3597;291;4501;4530;8.07;0.49;236.67;3.87;904;8;1519.00;29
3600;8;624446826;3600;282;4503;4531;8.12;0.50;236.65;3.87;903;8;1520.00;28
3603;8;624446846;3603;287;4505;4532;8.14;0.50;236.83;3.87;902;8;1521.00;27
3606;8;624446858;3606;286;4506;4532;8.07;0.49;236.97;3.87;900;8;1522.00;26
3610;8;624446870;3610;286;4509;4536;7.97;0.49;237.14;3.87;899;8;1523.00;27
3614;8;624446881;3614;293;4511;4536;7.88;0.48;237.32;3.88;897;8;1524.00;25
3620;8;624446893;3620;290;4511;4536;7.76;0.47;237.50;3.88;891;8;1525.00;25
3624;8;624446904;3624;289;4511;4536;7.61;0.47;237.67;3.88;887;8;1526.00;25
3627;8;624446915;3627;292;4515;4542;7.53;0.46;237.84;3.87;888;8;1527.00;27
3633;8;624446927;3633;299;4515;4542;7.33;0.45;237.91;3.87;882;8;1528.00;27
3639;8;624446938;3639;310;4515;4542;7.13;0.44;237.99;3.87;876;8;1529.00;27
3644;8;624446950;3644;309;4520;4548;6.99;0.43;238.09;3.89;876;8;1530.00;28
3646;8;624446961;3646;297;4520;4548;6.96;0.43;238.23;3.89;874;8;1531.00;28
3653;8;624446972;3653;293;4523;4548;6.85;0.42;238.35;3.90;870;8;1532.00;25
3658;8;624446982;3658;291;4525;4549;6.80;0.42;238.57;3.90;867;8;1533.00;24
3661;8;624446992;3661;293;4527;4550;6.79;0.42;238.54;3.90;866;8;1534.00;23
3665;8;624447003;3665;287;4529;4550;6.78;0.42;238.65;3.91;864;8;1535.00;21
3668;8;624447013;3668;284;4541;4563;6.79;0.42;238.65;3.91;873;8;1536.00;22
3675;8;624447025;3675;280;4542;4563;6.79;0.42;238.83;3.91;867;8;1537.00;21
3679;8;624447036;3679;275;4543;4563;6.80;0.42;238.86;3.91;864;8;1538.00;20
3683;8;624447046;3683;270;4544;4564;6.80;0.42;239.00;3.91;861;8;1539.00;20
3688;8;624447057;3688;270;4544;4564;6.81;0.42;238.98;3.91;856;8;1540.00;20
3691;8;624447067;3691;266;4551;4568;6.80;0.42;238.97;3.94;860;8;1541.00;17
3695;8;624447078;3695;260;4553;4568;6.77;0.41;238.98;3.96;858;8;1542.00;15
3704;8;624447088;3704;258;4558;4572;6.71;0.41;238.98;3.95;854;8;1543.00;14
3707;8;624447099;3707;260;4561;4572;6.75;0.41;238.99;3.95;854;8;1544.00;11
3711;8;624447110;3711;261;4561;4572;6.80;0.42;239.14;3.95;850;8;1545.00;11
3714;8;624447120;3714;264;4561;4572;6.78;0.41;239.24;3.95;847;8;1546.00;11
3721;8;624447130;3721;270;4562;4572;6.72;0.41;239.15;3.96;841;8;1547.00;10
3724;8;624447140;3724;272;4573;4584;6.77;0.41;239.26;3.95;849;8;1548.00;11
3727;8;624447152;3727;278;4574;4584;6.73;0.41;239.33;3.94;847;8;1549.00;10
3729;8;624447163;3729;279;4574;4584;6.76;0.41;239.29;3.94;845;8;1550.00;10
3732;8;624447172;3732;283;4574;4584;6.77;0.41;239.33;3.94;842;8;1551.00;10
3734;8;624447183;3734;284;4574;4584;6.77;0.41;239.35;3.94;840;8;1552.00;10
3737;8;624447193;3737;284;4574;4584;6.78;0.42;239.25;3.94;837;8;1553.00;10
3740;8;624447203;3740;278;4575;4585;6.75;0.41;239.22;3.94;835;8;1554.00;10
3743;8;624447213;3743;286;4577;4587;6.67;0.41;239.13;3.94;834;8;1555.00;10
3748;8;624447224;3748;292;4583;4593;6.57;0.40;239.14;3.94;835;8;1556.00;10
3753;8;624447235;3753;295;4584;4594;6.50;0.40;239.14;3.94;831;8;1557.00;10
3756;8;624447246;3756;294;4584;4594;6.46;0.39;239.18;3.94;828;8;1558.00;10
3760;8;624447256;3760;294;4584;4594;6.43;0.39;239.24;3.94;824;8;1559.00;10
3762;8;624447268;3762;304;4589;4599;6.44;0.39;239.23;3.93;827;8;1560.00;10
3767;8;624447278;3767;311;4589;4599;6.42;0.39;239.18;3.93;822;8;1561.00;10
3771;8;624447288;3771;316;4589;4599;6.40;0.39;239.24;3.93;818;8;1562.00;10
3773;8;624447298;3773;319;4590;4600;6.40;0.39;239.26;3.93;817;8;1563.00;10
3779;8;624447307;3779;319;4594;4604;6.38;0.39;239.26;3.93;815;8;1564.00;10
3782;8;624447317;3782;331;4594;4604;6.36;0.39;239.30;3.93;812;8;1565.00;10
3786;8;624447327;3786;330;4596;4607;6.35;0.39;239.24;3.93;810;8;1566.00;11
3789;8;624447336;3789;334;4597;4607;6.31;0.38;239.22;3.93;808;8;1567.00;10
3793;8;624447346;3793;337;4597;4607;6.25;0.38;239.24;3.93;804;8;1568.00;10
3798;8;624447356;3798;340;4597;4607;6.26;0.38;239.16;3.93;799;8;1569.00;10
3803;8;624447365;3803;342;4601;4611;6.22;0.38;239.27;3.93;798;8;1570.00;10
3804;8;624447374;3804;346;4601;4611;6.18;0.37;239.29;3.93;797;8;1571.00;10
3807;8;624447383;3807;348;4601;4611;6.13;0.37;239.24;3.93;794;8;1572.00;10
3810;8;624447393;3810;350;4601;4611;6.07;0.37;239.24;3.93;791;8;1573.00;10
3814;8;624447402;3814;357;4602;4612;5.99;0.36;239.19;3.93;788;8;1574.00;10
3815;8;624447412;3815;363;4604;4614;6.02;0.36;239.18;3.92;789;8;1575.00;10
3815;8;624447421;3815;367;4604;4614;6.00;0.36;239.18;3.92;789;8;1576.00;10
3815;8;624447430;3815;353;4605;4615;5.97;0.36;239.18;3.92;790;8;1577.00;10
3815;8;624447440;3815;345;4605;4615;5.95;0.36;239.18;3.92;790;8;1578.00;10
3815;8;624447449;3815;347;4605;4615;5.93;0.36;239.18;3.92;790;8;1579.00;10
3816;8;624447458;3816;341;4605;4615;5.96;0.36;239.16;3.92;789;8;1580.00;10
3816;8;624447466;3816;343;4605;4615;6.02;0.37;239.16;3.92;789;8;1581.00;10
3817;8;624447476;3817;338;4605;4615;6.09;0.37;239.15;3.92;788;8;1582.00;10
3818;8;624447485;3818;342;4605;4615;6.16;0.38;239.17;3.92;787;8;1583.00;10
3820;8;624447494;3820;366;4679;4742;6.61;0.41;239.13;3.89;859;8;1584.00;63
3823;8;624447514;3823;359;4682;4743;6.64;0.41;239.13;3.89;859;8;1585.00;61
3823;8;624447530;3823;346;4691;4743;6.72;0.42;239.13;3.89;868;8;1586.00;52
3826;8;624447540;3826;326;4695;4743;6.78;0.42;239.05;3.89;869;8;1587.00;48
3827;8;624447551;3827;305;4700;4743;6.80;0.42;239.03;3.89;873;8;1588.00;43
3829;8;624447562;3829;283;4702;4743;6.84;0.42;239.08;3.89;873;8;1589.00;41
3830;8;624447575;3830;272;4704;4743;6.82;0.42;239.11;3.89;874;8;1590.00;39
3830;8;624447593;3830;265;4706;4743;6.91;0.43;239.11;3.89;876;8;1591.00;37
3832;8;624447606;3832;266;4709;4744;7.03;0.43;239.06;3.89;877;8;1592.00;35
3833;8;624447620;3833;256;4713;4745;7.16;0.44;239.10;3.90;880;8;1593.00;32
3833;8;624447644;3833;253;4715;4745;7.29;0.45;239.10;3.90;882;8;1594.00;30
3837;8;624447656;3837;253;4718;4746;7.40;0.45;239.05;3.90;881;8;1595.00;28
3838;8;624447668;3838;256;4719;4746;7.52;0.46;239.03;3.90;881;8;1596.00;27
3838;8;624447684;3838;261;4722;4746;7.64;0.47;239.03;3.91;884;8;1597.00;24
3841;8;624447700;3841;259;4723;4746;7.78;0.48;238.97;3.91;882;8;1598.00;23
3841;8;624447712;3841;260;4728;4750;7.89;0.48;238.97;3.92;887;8;1599.00;22
3843;8;624447724;3843;263;4730;4750;7.97;0.49;238.92;3.92;887;8;1600.00;20
3845;8;624447739;3845;264;4731;4750;8.09;0.49;239.03;3.92;886;8;1601.00;19
3847;8;624447750;3847;263;4733;4753;8.18;0.50;239.04;3.92;886;8;1602.00;20
3849;8;624447762;3849;258;4734;4753;8.24;0.50;238.99;3.92;885;8;1603.00;19
3849;8;624447773;3849;257;4736;4753;8.36;0.51;238.99;3.93;887;8;1604.00;17
3849;8;624447784;3849;249;4740;4757;8.40;0.51;238.99;3.93;891;8;1605.00;17
3851;8;624447795;3851;247;4741;4758;8.51;0.52;238.94;3.93;890;8;1606.00;17
3851;8;624447807;3851;240;4742;4758;8.64;0.53;238.94;3.93;891;8;1607.00;16
3853;8;624447818;3853;234;4746;4762;8.77;0.53;238.88;3.96;893;8;1608.00;16
3854;8;624447829;3854;233;4746;4762;8.85;0.54;238.87;3.96;892;8;1609.00;16
3858;8;624447840;3858;235;4746;4762;8.86;0.54;238.87;3.96;888;8;1610.00;16
3858;8;624447852;3858;232;4747;4763;8.93;0.54;238.87;3.96;889;8;1611.00;16
3858;8;624447863;3858;222;4747;4763;8.92;0.54;238.87;3.96;889;8;1612.00;16
3862;8;624447874;3862;214;4752;4769;8.94;0.54;238.96;3.95;890;8;1613.00;17
3865;8;624447886;3865;209;4752;4769;9.05;0.55;239.09;3.95;887;8;1614.00;17
3867;8;624447897;3867;211;4752;4770;9.13;0.55;239.08;3.95;885;8;1615.00;18
3872;8;624447908;3872;208;4752;4770;9.16;0.56;239.09;3.95;880;8;1616.00;18
3874;8;624447925;3874;212;4752;4770;9.23;0.56;239.10;3.95;878;8;1617.00;18
3878;8;624447936;3878;212;4752;4770;9.30;0.56;239.06;3.95;874;8;1618.00;18
3881;8;624447947;3881;213;4752;4770;9.34;0.57;239.08;3.95;871;8;1619.00;18
3883;8;624447959;3883;211;4778;4806;9.44;0.58;239.08;3.93;895;8;1620.00;28
3885;8;624447974;3885;209;4779;4806;9.54;0.58;239.12;3.93;894;8;1621.00;27
3886;8;624447985;3886;210;4781;4806;9.64;0.59;239.26;3.93;895;8;1622.00;25
3889;8;624447996;3889;209;4781;4806;9.75;0.59;239.24;3.93;892;8;1623.00;25
3890;8;624448007;3890;212;4782;4806;9.82;0.60;239.22;3.93;892;8;1624.00;24
3892;8;624448019;3892;218;4784;4806;9.86;0.60;239.22;3.97;892;8;1625.00;22
3892;8;624448030;3892;217;4787;4810;9.84;0.60;239.22;3.97;895;8;1626.00;23
3896;8;624448047;3896;221;4787;4810;9.88;0.60;239.34;3.97;891;8;1627.00;23
3899;8;624448058;3899;218;4791;4814;9.87;0.60;239.36;3.97;892;8;1628.00;23
3900;8;624448070;3900;215;4792;4815;9.89;0.60;239.35;3.96;892;8;1629.00;23
3904;8;624448082;3904;216;4792;4815;9.86;0.60;239.39;3.96;888;8;1630.00;23
3906;8;624448093;3906;214;4792;4815;9.83;0.60;239.37;3.96;886;8;1631.00;23
3911;8;624448104;3911;213;4803;4828;9.77;0.59;239.51;3.96;892;8;1632.00;25
3916;8;624448117;3916;205;4803;4828;9.71;0.59;239.52;3.96;887;8;1633.00;25
3920;8;624448128;3920;195;4803;4828;9.72;0.59;239.57;3.96;883;8;1634.00;25
3922;8;624448139;3922;193;4805;4829;9.74;0.59;239.66;3.96;883;8;1635.00;24
3927;8;624448151;3927;191;4805;4830;9.75;0.59;239.68;3.96;878;8;1636.00;25
3928;8;624448163;3928;192;4805;4830;9.72;0.59;239.77;3.96;877;8;1637.00;25
3931;8;624448179;3931;194;4807;4833;9.78;0.59;239.75;3.96;876;8;1638.00;26
3935;8;624448190;3935;192;4808;4833;9.83;0.60;239.92;3.96;873;8;1639.00;25
3940;8;624448201;3940;188;4808;4833;9.87;0.60;239.91;3.96;868;8;1640.00;25
3942;8;624448212;3942;192;4808;4833;9.89;0.60;239.99;3.96;866;8;1641.00;25
3947;8;624448223;3947;195;4813;4839;9.97;0.61;240.12;3.96;866;8;1642.00;26
3951;8;624448235;3951;194;4814;4839;9.91;0.60;240.23;4.00;863;8;1643.00;25
3951;8;624448246;3951;191;4814;4839;9.93;0.61;240.23;4.00;863;8;1644.00;25
3956;8;624448256;3956;193;4814;4839;9.90;0.60;240.25;4.00;858;8;1645.00;25
3957;8;624448267;3957;197;4817;4843;9.88;0.60;240.28;4.00;860;8;1646.00;26
3959;8;624448279;3959;197;4818;4844;9.89;0.60;240.30;4.00;859;8;1647.00;26
3961;8;624448290;3961;201;4818;4844;9.90;0.60;240.40;4.00;857;8;1648.00;26
3966;8;624448301;3966;203;4819;4845;9.89;0.60;240.50;4.00;853;8;1649.00;26
3966;8;624448313;3966;206;4820;4845;9.90;0.60;240.50;4.01;854;8;1650.00;25
3969;8;624448324;3969;208;4820;4845;9.89;0.60;240.59;4.01;851;8;1651.00;25
3971;8;624448335;3971;210;4820;4845;9.86;0.60;240.65;4.01;849;8;1652.00;25
3972;8;624448346;3972;205;4820;4845;9.82;0.60;240.71;4.01;848;8;1653.00;25
3975;8;624448356;3975;209;4820;4845;9.69;0.59;240.81;4.01;845;8;1654.00;25
3978;8;624448367;3978;214;4821;4845;9.61;0.58;240.92;4.02;843;8;1655.00;24
3981;8;624448377;3981;223;4857;4915;9.59;0.58;240.92;3.99;876;8;1656.00;58
3984;8;624448395;3984;221;4859;4916;9.48;0.58;240.95;3.99;875;8;1657.00;57
3985;8;624448406;3985;220;4867;4916;9.53;0.58;241.02;3.98;882;8;1658.00;49
3989;8;624448417;3989;224;4867;4916;9.45;0.58;241.02;3.98;878;8;1659.00;49
3991;8;624448428;3991;231;4872;4916;9.43;0.58;241.06;4.01;881;8;1660.00;44
3994;8;624448439;3994;231;4875;4916;9.42;0.57;241.13;4.01;881;8;1661.00;41
3995;8;624448450;3995;230;4879;4916;9.40;0.57;241.20;4.02;884;8;1662.00;37
4001;8;624448461;4001;229;4883;4916;9.37;0.57;241.25;4.03;882;8;1663.00;33
4003;8;624448472;4003;238;4885;4917;9.41;0.57;241.40;4.03;882;8;1664.00;32
4007;8;624448483;4007;242;4891;4919;9.34;0.57;241.28;4.05;884;8;1665.00;28
4011;8;624448494;4011;237;4893;4919;9.29;0.57;241.32;4.05;882;8;1666.00;26
4014;8;624448505;4014;241;4898;4923;9.18;0.56;241.48;4.06;884;8;1667.00;25
4018;8;624448518;4018;243;4899;4923;9.09;0.55;241.59;4.06;881;8;1668.00;24
4021;8;624448530;4021;251;4900;4923;9.07;0.55;241.65;4.07;879;8;1669.00;23
4024;8;624448541;4024;251;4900;4923;8.99;0.55;241.69;4.07;876;8;1670.00;23
4024;8;624448558;4024;254;4907;4929;8.97;0.55;241.69;4.08;883;8;1671.00;22
4026;8;624448571;4026;255;4907;4929;8.87;0.54;241.74;4.08;881;8;1672.00;22
4028;8;624448583;4028;260;4908;4929;8.80;0.54;241.70;4.09;880;8;1673.00;21
4029;8;624448594;4029;263;4911;4932;8.72;0.53;241.75;4.10;882;8;1674.00;21
4031;8;624448605;4031;271;4911;4932;8.57;0.52;241.86;4.10;880;8;1675.00;21
4034;8;624448618;4034;275;4913;4932;8.40;0.51;241.83;4.10;879;8;1676.00;19
4037;8;624448635;4037;285;4914;4933;8.19;0.50;241.87;4.11;877;8;1677.00;19
4039;8;624448650;4039;295;4916;4934;7.95;0.49;242.01;4.12;877;8;1678.00;18
4041;8;624448666;4041;293;4917;4934;7.76;0.48;242.02;4.12;876;8;1679.00;17
4043;8;624448691;4043;294;4934;4960;7.64;0.47;242.06;4.11;891;8;1680.00;26
4047;8;624448708;4047;291;4937;4960;7.54;0.46;242.04;4.12;890;8;1681.00;23
4049;8;624448725;4049;288;4939;4960;7.47;0.46;242.09;4.12;890;8;1682.00;21
4052;8;624448738;4052;283;4942;4961;7.41;0.45;242.05;4.12;890;8;1683.00;19
4053;8;624448750;4053;286;4942;4961;7.37;0.45;242.12;4.12;889;8;1684.00;19
4054;8;624448760;4054;293;4946;4965;7.43;0.45;242.12;4.11;892;8;1685.00;19
4058;8;624448771;4058;293;4948;4965;7.38;0.45;242.33;4.11;890;8;1686.00;17
4060;8;624448783;4060;297;4950;4969;7.31;0.45;242.30;4.11;890;8;1687.00;19
4062;8;624448794;4062;302;4951;4969;7.29;0.45;242.34;4.11;889;8;1688.00;18
4065;8;624448805;4065;300;4953;4969;7.25;0.44;242.42;4.12;888;8;1689.00;16
4068;8;624448816;4068;300;4953;4969;7.21;0.44;242.50;4.12;885;8;1690.00;16
4070;8;624448833;4070;303;4954;4969;7.14;0.44;242.55;4.12;884;8;1691.00;15
4072;8;624448844;4072;306;4965;4981;7.18;0.44;242.57;4.11;893;8;1692.00;16
4078;8;624448855;4078;313;4966;4981;7.06;0.43;242.63;4.11;888;8;1693.00;15
4083;8;624448865;4083;319;4968;4981;6.95;0.42;242.61;4.12;885;8;1694.00;13
4086;8;624448875;4086;323;4968;4981;6.83;0.42;242.58;4.12;882;8;1695.00;13
4089;8;624448885;4089;329;4968;4981;6.71;0.41;242.66;4.12;879;8;1696.00;13
4092;8;624448894;4092;336;4968;4981;6.61;0.40;242.71;4.12;876;8;1697.00;13
4099;8;624448904;4099;335;4969;4982;6.41;0.39;242.82;4.12;870;8;1698.00;13
4102;9;624448913;4102;340;4969;4982;6.27;0.38;242.82;4.12;867;9;1699.00;13
4107;9;624448932;4107;339;4975;4988;6.14;0.38;242.89;4.11;868;9;1700.00;13
4109;9;624448947;4109;340;4976;4989;6.04;0.37;242.95;4.11;867;9;1701.00;13
4113;9;624448957;4113;336;4976;4989;5.91;0.36;242.99;4.11;863;9;1702.00;13
4119;9;624448966;4119;340;4976;4989;5.83;0.36;243.03;4.11;857;9;1703.00;13
4124;9;624448976;4124;343;4980;4993;5.78;0.35;243.17;4.11;856;9;1704.00;13
4128;9;624448986;4128;334;4980;4993;5.75;0.35;243.32;4.11;852;9;1705.00;13
4131;9;624448995;4131;341;4980;4993;5.80;0.36;243.39;4.11;849;9;1706.00;13
4133;9;624449004;4133;335;4981;4994;5.86;0.36;243.47;4.11;848;9;1707.00;13
4135;9;624449013;4135;333;4985;4998;5.94;0.37;243.42;4.10;850;9;1708.00;13
4137;9;624449022;4137;332;4985;4998;6.01;0.37;243.54;4.10;848;9;1709.00;13
4141;9;624449034;4141;335;4989;5004;6.08;0.37;243.64;4.10;848;9;1710.00;15
4143;9;624449044;4143;329;4990;5004;5.98;0.37;243.58;4.15;847;9;1711.00;14
4147;9;624449053;4147;332;4992;5004;5.98;0.37;243.57;4.15;845;9;1712.00;12
4148;9;624449063;4148;326;4992;5004;5.96;0.37;243.61;4.15;844;9;1713.00;12
4151;9;624449072;4151;330;4996;5008;6.02;0.37;243.60;4.15;845;9;1714.00;12
4155;9;624449082;4155;331;4996;5008;5.99;0.37;243.58;4.15;841;9;1715.00;12
4158;9;624449091;4158;336;4996;5008;6.00;0.37;243.55;4.15;838;9;1716.00;12
4161;9;624449100;4161;337;4996;5008;6.00;0.37;243.54;4.15;835;9;1717.00;12
4165;9;624449110;4165;343;4997;5009;5.97;0.37;243.52;4.15;832;9;1718.00;12
4168;9;624449120;4168;339;4998;5010;6.00;0.37;243.50;4.15;830;9;1719.00;12
4171;9;624449129;4171;336;4998;5010;6.09;0.37;243.50;4.15;827;9;1720.00;12
4179;9;624449138;4179;339;4999;5011;6.03;0.37;243.41;4.15;820;9;1721.00;12
4182;9;624449150;4182;332;4999;5011;6.02;0.37;243.42;4.15;817;9;1722.00;12
4186;9;624449160;4186;336;4999;5011;5.95;0.36;243.40;4.15;813;9;1723.00;12
4190;9;624449170;4190;331;4999;5011;5.93;0.36;243.41;4.15;809;9;1724.00;12
4192;9;624449179;4192;335;4999;5011;5.92;0.36;243.42;4.15;807;9;1725.00;12
4198;9;624449189;4198;333;4999;5011;5.81;0.35;243.24;4.15;801;9;1726.00;12
4202;9;624449198;4202;334;5000;5011;5.75;0.35;243.13;4.21;798;9;1727.00;11
4205;9;624449207;4205;345;5077;5138;6.18;0.38;243.07;4.14;872;9;1728.00;61
4208;9;624449226;4208;345;5080;5139;6.14;0.38;243.13;4.14;872;9;1729.00;59
4210;9;624449236;4210;335;5086;5139;6.22;0.39;243.15;4.14;876;9;1730.00;53
4216;9;624449246;4216;340;5086;5139;6.15;0.38;243.15;4.14;870;9;1731.00;53
4219;9;624449256;4219;345;5092;5139;6.16;0.38;243.35;4.14;873;9;1732.00;47
4221;9;624449266;4221;347;5094;5139;6.12;0.38;243.38;4.14;873;9;1733.00;45
4224;9;624449275;4224;346;5096;5139;6.08;0.37;243.36;4.14;872;9;1734.00;43
4227;9;624449285;4227;351;5099;5139;5.99;0.37;243.37;4.14;872;9;1735.00;40
4228;9;624449295;4228;354;5101;5140;5.91;0.36;243.39;4.14;873;9;1736.00;39
4230;9;624449305;4230;357;5105;5141;5.82;0.36;243.37;4.20;875;9;1737.00;36
4232;9;624449315;4232;357;5107;5141;5.73;0.35;243.34;4.20;875;9;1738.00;34
4233;9;624449324;4233;346;5109;5142;5.75;0.35;243.36;4.21;876;9;1739.00;33
4236;9;624449336;4236;342;5114;5142;5.79;0.36;243.43;4.21;878;9;1740.00;28
4238;9;624449347;4238;336;5117;5142;5.92;0.36;243.48;4.22;879;9;1741.00;25
4241;9;624449357;4241;338;5118;5142;6.05;0.37;243.48;4.22;877;9;1742.00;24
4243;9;624449368;4243;335;5123;5146;6.14;0.38;243.52;4.22;880;9;1743.00;23
4246;9;624449379;4246;339;5124;5146;6.24;0.38;243.53;4.22;878;9;1744.00;22
4248;9;624449390;4248;340;5126;5146;6.30;0.39;243.50;4.23;878;9;1745.00;20
4251;9;624449406;4251;339;5130;5149;6.37;0.39;243.48;4.24;879;9;1746.00;19
4251;9;624449417;4251;328;5131;5149;6.44;0.39;243.48;4.24;880;9;1747.00;18
4254;9;624449429;4254;325;5133;5149;6.49;0.40;243.45;4.24;879;9;1748.00;16
4256;9;624449440;4256;318;5138;5153;6.54;0.40;243.61;4.24;882;9;1749.00;15
4261;9;624449453;4261;312;5139;5154;6.61;0.41;243.57;4.24;878;9;1750.00;15
4263;9;624449464;4263;311;5141;5154;6.74;0.41;243.58;4.24;878;9;1751.00;13
4265;9;624449484;4265;314;5146;5158;6.87;0.42;243.60;4.24;881;9;1752.00;12
4267;10;624449496;4267;317;5146;5158;6.93;0.42;243.57;4.24;879;10;1753.00;12
4268;10;624449521;4268;318;5147;5158;7.04;0.43;243.51;4.30;879;10;1754.00;11
4274;10;624449532;4274;308;5148;5160;7.09;0.43;243.45;4.30;874;10;1755.00;12
4276;10;624449550;4276;290;5149;5160;7.21;0.44;243.48;4.30;873;10;1756.00;11
4276;10;624449562;4276;273;5154;5166;7.33;0.45;243.48;4.30;878;10;1757.00;12
4278;10;624449574;4278;257;5154;5166;7.44;0.45;243.46;4.30;876;10;1758.00;12
4281;10;624449586;4281;246;5154;5167;7.53;0.46;243.34;4.30;873;10;1759.00;13
4284;10;624449598;4284;231;5154;5167;7.67;0.47;243.35;4.30;870;10;1760.00;13
4286;10;624449612;4286;226;5154;5167;7.88;0.48;243.34;4.30;868;10;1761.00;13
4288;10;624449629;4288;218;5154;5167;8.03;0.49;243.34;4.30;866;10;1762.00;13
4290;10;624449648;4290;202;5154;5167;8.17;0.50;243.42;4.30;864;10;1763.00;13
4292;10;624449662;4292;195;5164;5179;8.45;0.51;243.40;4.29;872;10;1764.00;15
4293;10;624449674;4293;196;5164;5179;8.57;0.52;243.38;4.29;871;10;1765.00;15
4296;10;624449685;4296;190;5166;5179;8.68;0.53;243.42;4.35;870;10;1766.00;13
4300;10;624449696;4300;178;5166;5179;8.77;0.53;243.44;4.35;866;10;1767.00;13
4302;10;624449707;4302;173;5166;5179;8.88;0.54;243.48;4.35;864;10;1768.00;13
4305;10;624449719;4305;171;5166;5179;8.96;0.54;243.62;4.35;861;10;1769.00;13
4309;10;624449732;4309;166;5169;5183;9.02;0.55;243.60;4.35;860;10;1770.00;14
4311;10;624449744;4311;160;5169;5183;9.11;0.55;243.71;4.35;858;10;1771.00;14
4315;10;624449755;4315;160;5173;5187;9.19;0.56;243.97;4.35;858;10;1772.00;14
4318;10;624449767;4318;160;5174;5188;9.25;0.56;244.18;4.34;856;10;1773.00;14
4319;10;624449778;4319;164;5174;5188;9.34;0.57;244.13;4.34;855;10;1774.00;14
4320;10;624449789;4320;162;5174;5188;9.37;0.57;244.14;4.34;854;10;1775.00;14
4321;10;624449800;4321;158;5185;5201;9.43;0.57;244.13;4.34;864;10;1776.00;16
4324;10;624449812;4324;162;5185;5201;9.49;0.57;244.24;4.34;861;10;1777.00;16
4325;10;624449823;4325;157;5185;5201;9.57;0.58;244.30;4.34;860;10;1778.00;16
4326;10;624449834;4326;161;5186;5202;9.61;0.58;244.32;4.33;860;10;1779.00;16
4330;10;624449845;4330;162;5186;5203;9.62;0.58;244.47;4.33;856;10;1780.00;17
4330;10;624449857;4330;158;5187;5203;9.63;0.58;244.47;4.39;857;10;1781.00;16
4333;10;624449868;4333;157;5189;5206;9.69;0.59;244.62;4.38;856;10;1782.00;17
4337;10;624449880;4337;155;5189;5206;9.71;0.59;244.70;4.38;852;10;1783.00;17
4338;10;624449891;4338;157;5190;5206;9.77;0.59;244.82;4.38;852;10;1784.00;16
4339;10;624449902;4339;158;5191;5206;9.83;0.60;244.92;4.42;852;10;1785.00;15
4343;10;624449914;4343;157;5196;5212;9.87;0.60;244.92;4.42;853;10;1786.00;16
4345;10;624449925;4345;153;5196;5212;9.89;0.60;244.90;4.42;851;10;1787.00;16
4348;10;624449937;4348;152;5196;5212;9.92;0.60;244.89;4.42;848;10;1788.00;16
4350;10;624449948;4350;157;5196;5212;9.99;0.61;244.93;4.42;846;10;1789.00;16
4353;10;624449959;4353;157;5199;5216;10.02;0.61;244.95;4.42;846;10;1790.00;17
4354;10;624449971;4354;152;5200;5217;10.09;0.61;244.96;4.42;846;10;1791.00;17
4356;10;624449982;4356;151;5200;5217;10.19;0.62;244.96;4.42;844;10;1792.00;17
4362;10;624449993;4362;154;5201;5218;10.25;0.62;245.10;4.41;839;10;1793.00;17
4365;10;624450006;4365;155;5201;5218;10.28;0.63;245.10;4.41;836;10;1794.00;17
4370;10;624450025;4370;158;5201;5218;10.30;0.63;245.19;4.41;831;10;1795.00;17
4374;10;624450038;4374;160;5201;5218;10.32;0.63;245.39;4.41;827;10;1796.00;17
4378;10;624450050;4378;167;5201;5218;10.35;0.63;245.50;4.41;823;10;1797.00;17
4379;10;624450061;4379;165;5201;5218;10.33;0.63;245.54;4.41;822;10;1798.00;17
4384;10;624450072;4384;172;5202;5218;10.33;0.63;245.68;4.46;818;10;1799.00;16
4387;10;624450085;4387;185;5265;5356;10.03;0.62;245.67;4.40;878;10;1800.00;91
4393;10;624450115;4393;174;5265;5357;10.00;0.62;245.81;4.40;872;10;1801.00;92
4399;10;624450126;4399;162;5276;5357;10.01;0.62;245.94;4.40;877;10;1802.00;81
4404;10;624450138;4404;161;5278;5357;10.08;0.62;246.04;4.40;874;10;1803.00;79
4408;10;624450148;4408;158;5284;5357;10.04;0.62;246.06;4.40;876;10;1804.00;73
4412;10;624450165;4412;160;5288;5357;9.99;0.62;246.06;4.41;876;10;1805.00;69
4414;10;624450177;4414;166;5294;5357;9.96;0.61;246.06;4.41;880;10;1806.00;63
4418;10;624450193;4418;167;5299;5357;9.89;0.61;245.96;4.42;881;10;1807.00;58
4421;10;624450204;4421;171;5304;5358;9.84;0.60;246.06;4.42;883;10;1808.00;54
4426;10;624450215;4426;178;5310;5359;9.74;0.60;246.22;4.46;884;10;1809.00;49
4430;10;624450226;4430;163;5312;5359;9.74;0.60;246.28;4.46;882;10;1810.00;47
4435;10;624450238;4435;162;5316;5363;9.65;0.59;246.41;4.46;881;10;1811.00;47
4438;10;624450249;4438;161;5316;5363;9.58;0.59;246.36;4.46;878;10;1812.00;47
4441;10;624450260;4441;160;5317;5363;9.58;0.59;246.45;4.46;876;10;1813.00;46
4446;10;624450271;4446;163;5318;5363;9.56;0.59;246.49;4.46;872;10;1814.00;45
4449;10;624450282;4449;165;5322;5369;9.57;0.59;246.43;4.46;873;10;1815.00;47
4451;10;624450293;4451;170;5322;5369;9.62;0.59;246.44;4.46;871;10;1816.00;47
4452;10;624450304;4452;167;5322;5369;9.66;0.59;246.46;4.46;870;10;1817.00;47
4456;10;624450315;4456;172;5325;5372;9.69;0.59;246.47;4.46;869;10;1818.00;47
4462;10;624450326;4462;174;5327;5372;9.71;0.59;246.39;4.46;865;10;1819.00;45
4465;10;624450337;4465;175;5327;5372;9.72;0.59;246.46;4.46;862;10;1820.00;45
4467;10;624450348;4467;179;5329;5373;9.65;0.59;246.45;4.47;862;10;1821.00;44
4470;10;624450359;4470;179;5330;5374;9.65;0.59;246.47;4.47;860;10;1822.00;44
4473;10;624450370;4473;179;5330;5374;9.65;0.59;246.49;4.47;857;10;1823.00;44
4475;10;624450380;4475;186;5340;5387;9.60;0.59;246.55;4.47;865;10;1824.00;47
4480;10;624450392;4480;183;5343;5387;9.62;0.59;246.77;4.47;863;10;1825.00;44
4483;10;624450404;4483;182;5344;5387;9.59;0.58;246.80;4.47;861;10;1826.00;43
4486;10;624450415;4486;188;5347;5388;9.58;0.58;246.89;4.47;861;10;1827.00;41
4489;10;624450425;4489;190;5347;5388;9.58;0.58;246.83;4.47;858;10;1828.00;41
4490;10;624450436;4490;193;5351;5392;9.50;0.58;246.86;4.47;861;10;1829.00;41
4492;10;624450449;4492;195;5353;5392;9.37;0.57;246.97;4.49;861;10;1830.00;39
4495;10;624450460;4495;201;5356;5396;9.22;0.56;247.21;4.49;861;10;1831.00;40
4497;10;624450472;4497;213;5356;5396;9.12;0.56;247.29;4.49;859;10;1832.00;40
4502;10;624450483;4502;218;5358;5396;9.02;0.55;247.35;4.51;856;10;1833.00;38
4504;10;624450493;4504;218;5358;5396;8.94;0.55;247.47;4.51;854;10;1834.00;38
4506;10;624450503;4506;228;5359;5396;8.85;0.54;247.44;4.52;853;10;1835.00;37
4507;10;624450513;4507;232;5370;5408;8.81;0.54;247.52;4.52;863;10;1836.00;38
4509;10;624450524;4509;237;5371;5408;8.74;0.54;247.56;4.53;862;10;1837.00;37
4511;10;624450534;4511;243;5373;5408;8.66;0.53;247.63;4.54;862;10;1838.00;35
4516;10;624450544;4516;256;5374;5408;8.50;0.52;247.72;4.54;858;10;1839.00;34
4519;10;624450554;4519;264;5376;5408;8.37;0.51;247.73;4.55;857;10;1840.00;32
4521;10;624450563;4521;266;5376;5408;8.28;0.51;247.77;4.55;855;10;1841.00;32
4524;10;624450573;4524;269;5378;5409;8.22;0.50;247.75;4.57;854;10;1842.00;31
4525;10;624450584;4525;271;5379;5409;8.15;0.50;247.80;4.57;854;10;1843.00;30
4528;10;624450594;4528;279;5384;5415;8.09;0.50;247.94;4.57;856;10;1844.00;31
4530;10;624450605;4530;289;5387;5417;7.94;0.49;247.98;4.57;857;10;1845.00;30
4533;10;624450616;4533;295;5388;5417;7.84;0.48;248.04;4.58;855;10;1846.00;29
4536;10;624450631;4536;303;5389;5417;7.71;0.47;248.09;4.58;853;10;1847.00;28
4539;10;624450648;4539;309;5392;5421;7.63;0.47;248.20;4.59;853;10;1848.00;29
4544;10;624450664;4544;313;5394;5421;7.49;0.46;248.06;4.59;850;10;1849.00;27
4549;10;624450678;4549;307;5395;5421;7.40;0.45;248.05;4.60;846;10;1850.00;26
4551;10;624450692;4551;301;5396;5422;7.32;0.45;248.19;4.60;845;10;1851.00;26
4553;10;624450705;4553;299;5399;5426;7.28;0.45;248.15;4.59;846;10;1852.00;27
4556;10;624450721;4556;296;5401;5426;7.16;0.44;248.18;4.60;845;10;1853.00;25
4559;10;624450735;4559;292;5403;5429;7.07;0.43;248.34;4.60;844;10;1854.00;26
4559;10;624450747;4559;294;5407;5429;6.98;0.43;248.34;4.61;848;10;1855.00;22
4562;10;624450757;4562;294;5407;5429;6.94;0.43;248.39;4.61;845;10;1856.00;22
4564;10;624450773;4564;293;5408;5429;6.88;0.42;248.38;4.61;844;10;1857.00;21
4567;10;624450783;4567;296;5412;5433;6.93;0.43;248.38;4.61;845;10;1858.00;21
4568;10;624450794;4568;299;5413;5433;6.96;0.43;248.39;4.61;845;10;1859.00;20
4571;10;624450805;4571;304;5413;5433;6.98;0.43;248.30;4.61;842;10;1860.00;20
4571;10;624450815;4571;309;5413;5433;6.98;0.43;248.30;4.61;842;10;1861.00;20
4573;10;624450825;4573;310;5414;5434;6.89;0.43;248.38;4.61;841;10;1862.00;20
4576;10;624450835;4576;318;5415;5435;6.83;0.42;248.34;4.61;839;10;1863.00;20
4580;10;624450845;4580;323;5415;5435;6.70;0.41;248.33;4.61;835;10;1864.00;20
4581;10;624450854;4581;329;5416;5436;6.64;0.41;248.30;4.61;835;10;1865.00;20
4584;10;624450862;4584;338;5416;5436;6.52;0.40;248.30;4.61;832;10;1866.00;20
4587;10;624450871;4587;340;5416;5436;6.31;0.39;248.20;4.61;829;10;1867.00;20
4589;10;624450879;4589;345;5416;5436;6.09;0.38;248.20;4.61;827;10;1868.00;20
4592;10;624450887;4592;348;5416;5436;5.84;0.36;248.16;4.61;824;10;1869.00;20
4597;10;624450896;4597;348;5416;5436;5.63;0.35;248.16;4.61;819;10;1870.00;20
4600;10;624450904;4600;355;5416;5436;5.50;0.34;248.13;4.61;816;10;1871.00;20
4604;10;624450912;4604;371;5485;5563;5.77;0.36;248.06;4.55;881;10;1872.00;78
4609;10;624450931;4609;367;5487;5564;5.65;0.35;247.97;4.55;878;10;1873.00;77
4613;10;624450941;4613;358;5495;5564;5.68;0.36;247.96;4.55;882;10;1874.00;69
4615;10;624450950;4615;355;5500;5564;5.72;0.36;247.97;4.55;885;10;1875.00;64
4619;10;624450958;4619;352;5508;5564;5.74;0.36;247.97;4.54;889;10;1876.00;56
4623;10;624450966;4623;349;5512;5564;5.74;0.36;248.06;4.54;889;10;1877.00;52
4625;10;624450977;4625;345;5516;5564;5.79;0.36;248.17;4.55;891;10;1878.00;48
4628;10;624450986;4628;342;5519;5564;5.82;0.36;248.14;4.55;891;10;1879.00;45
4630;10;624450996;4630;346;5522;5565;5.83;0.36;248.17;4.55;892;10;1880.00;43
4633;10;624451005;4633;342;5525;5566;5.82;0.36;248.13;4.55;892;10;1881.00;41
4635;10;624451015;4635;340;5529;5568;5.82;0.36;248.18;4.55;894;10;1882.00;39
4636;10;624451024;4636;342;5532;5569;5.88;0.36;248.22;4.55;896;10;1883.00;37
4637;10;624451034;4637;347;5537;5569;5.85;0.36;248.23;4.56;900;10;1884.00;32
4641;10;624451043;4641;348;5538;5569;5.87;0.36;248.22;4.56;897;10;1885.00;31
4643;10;624451054;4643;353;5542;5569;5.87;0.36;248.21;4.57;899;10;1886.00;27
4647;10;624451063;4647;362;5544;5573;5.84;0.36;248.21;4.57;897;10;1887.00;29
4648;10;624451073;4648;367;5546;5573;5.91;0.36;248.20;4.57;898;10;1888.00;27
4652;10;624451082;4652;372;5547;5573;5.96;0.37;248.18;4.57;895;10;1889.00;26
4657;10;624451094;4657;374;5552;5579;6.00;0.37;248.21;4.57;895;10;1890.00;27
4658;10;624451104;4658;362;5554;5579;6.06;0.37;248.22;4.57;896;10;1891.00;25
4659;10;624451115;4659;356;5555;5579;6.10;0.37;248.25;4.57;896;10;1892.00;24
4662;10;624451125;4662;346;5559;5583;6.13;0.38;248.24;4.57;897;10;1893.00;24
4667;10;624451136;4667;344;5560;5584;6.18;0.38;248.17;4.57;893;10;1894.00;24
4669;10;624451146;4669;343;5561;5584;6.23;0.38;248.15;4.57;892;10;1895.00;23
4675;10;624451158;4675;344;5565;5588;6.25;0.38;248.05;4.57;890;10;1896.00;23
4679;10;624451169;4679;341;5565;5588;6.32;0.39;248.13;4.57;886;10;1897.00;23
4679;10;624451180;4679;337;5566;5588;6.40;0.39;248.13;4.57;887;10;1898.00;22
4682;10;624451191;4682;343;5567;5589;6.39;0.39;248.17;4.57;885;10;1899.00;22
4685;10;624451210;4685;342;5568;5589;6.40;0.39;248.29;4.62;883;10;1900.00;21
4689;10;624451225;4689;342;5573;5595;6.43;0.39;248.34;4.61;884;10;1901.00;22
4694;10;624451237;4694;347;5573;5595;6.39;0.39;248.32;4.61;879;10;1902.00;22
4696;10;624451248;4696;340;5574;5596;6.36;0.39;248.30;4.61;878;10;1903.00;22
4701;10;624451259;4701;340;5574;5596;6.32;0.39;248.31;4.61;873;10;1904.00;22
4704;10;624451270;4704;334;5574;5596;6.26;0.38;248.38;4.61;870;10;1905.00;22
4706;10;624451287;4706;337;5574;5596;6.25;0.38;248.39;4.61;868;10;1906.00;22
4710;10;624451297;4710;334;5574;5596;6.26;0.38;248.27;4.61;864;10;1907.00;22
4714;10;624451314;4714;330;5583;5608;6.39;0.39;248.19;4.60;869;10;1908.00;25
4714;10;624451326;4714;323;5583;5608;6.47;0.39;248.19;4.60;869;10;1909.00;25
4714;10;624451337;4714;319;5585;5608;6.59;0.40;248.19;4.60;871;10;1910.00;23
4716;10;624451347;4716;315;5585;5608;6.62;0.40;248.19;4.60;869;10;1911.00;23
4717;10;624451358;4717;313;5585;5608;6.68;0.41;248.15;4.60;868;10;1912.00;23
4718;10;624451369;4718;310;5585;5608;6.75;0.41;248.15;4.60;867;10;1913.00;23
4720;10;624451379;4720;304;5588;5612;6.80;0.41;248.22;4.60;868;10;1914.00;24
4722;10;624451390;4722;301;5588;5612;6.80;0.41;248.36;4.60;866;10;1915.00;24
4723;10;624451401;4723;296;5593;5616;6.79;0.41;248.33;4.64;870;10;1916.00;23
4726;10;624451412;4726;283;5594;5617;6.80;0.41;248.46;4.64;868;10;1917.00;23
4730;10;624451423;4730;271;5594;5617;6.82;0.41;248.60;4.64;864;10;1918.00;23
4733;10;624451434;4733;270;5594;5617;6.91;0.42;248.69;4.64;861;10;1919.00;23
4734;10;624451447;4734;264;5618;5646;7.14;0.43;248.66;4.62;884;10;1920.00;28
4737;10;624451462;4737;260;5618;5646;7.23;0.44;248.70;4.62;881;10;1921.00;28
4737;10;624451474;4737;255;5619;5646;7.36;0.45;248.70;4.62;882;10;1922.00;27
4738;10;624451485;4738;256;5620;5647;7.54;0.46;248.77;4.62;882;10;1923.00;27
4741;10;624451497;4741;258;5620;5648;7.62;0.46;248.85;4.62;879;10;1924.00;28
4745;10;624451508;4745;258;5620;5648;7.68;0.47;248.85;4.62;875;10;1925.00;28
4747;10;624451525;4747;241;5622;5651;7.80;0.47;248.88;4.62;875;10;1926.00;29
4749;10;624451538;4749;238;5622;5651;7.89;0.48;248.92;4.62;873;10;1927.00;29
4751;10;624451550;4751;235;5623;5651;7.95;0.48;249.07;4.62;872;10;1928.00;28
4753;10;624451568;4753;227;5624;5651;8.04;0.49;249.12;4.66;871;10;1929.00;27
4753;10;624451579;4753;220;5629;5657;8.18;0.50;249.12;4.66;876;10;1930.00;28
4754;10;624451592;4754;211;5629;5657;8.34;0.51;249.08;4.66;875;10;1931.00;28
4757;10;624451605;4757;204;5629;5657;8.44;0.51;249.11;4.66;872;10;1932.00;28
4759;10;624451626;4759;203;5629;5657;8.54;0.52;249.18;4.66;870;10;1933.00;28
4763;10;624451639;4763;195;5632;5661;8.62;0.52;249.31;4.66;869;10;1934.00;29
4765;10;624451652;4765;192;5634;5663;8.70;0.53;249.37;4.66;869;10;1935.00;29
4768;10;624451665;4768;190;5634;5663;8.79;0.53;249.38;4.66;866;10;1936.00;29
4771;10;624451678;4771;185;5635;5664;8.87;0.54;249.46;4.66;864;10;1937.00;29
4776;10;624451690;4776;179;5635;5664;8.93;0.54;249.60;4.66;859;10;1938.00;29
4779;10;624451702;4779;181;5635;5664;8.97;0.54;249.72;4.66;856;10;1939.00;29
4783;10;624451713;4783;183;5635;5664;9.03;0.55;249.84;4.66;852;10;1940.00;29
4785;10;624451725;4785;182;5635;5664;9.15;0.56;249.85;4.66;850;10;1941.00;29
4786;10;624451736;4786;181;5636;5664;9.19;0.56;249.93;4.70;850;10;1942.00;28
4791;10;624451748;4791;181;5636;5664;9.20;0.56;250.04;4.70;845;10;1943.00;28
4792;10;624451760;4792;198;5680;5734;9.03;0.55;250.03;4.67;888;10;1944.00;54
4797;10;624451777;4797;182;5680;5735;9.07;0.55;250.14;4.67;883;10;1945.00;55
4801;10;624451789;4801;180;5685;5735;9.15;0.55;250.21;4.66;884;10;1946.00;50
4804;10;624451800;4804;186;5687;5735;9.23;0.56;250.24;4.66;883;10;1947.00;48
4806;10;624451812;4806;177;5689;5735;9.28;0.56;250.31;4.66;883;10;1948.00;46
4807;10;624451823;4807;175;5691;5735;9.32;0.57;250.35;4.66;884;10;1949.00;44
4813;10;624451837;4813;180;5695;5737;9.31;0.56;250.43;4.66;882;10;1950.00;42
4814;10;624451850;4814;178;5698;5737;9.38;0.57;250.43;4.66;884;10;1951.00;39
4821;10;624451861;4821;174;5699;5738;9.45;0.57;250.55;4.66;878;10;1952.00;39
4823;10;624451873;4823;181;5701;5739;9.57;0.58;250.64;4.67;878;10;1953.00;38
4825;10;624451885;4825;177;5704;5739;9.78;0.59;250.69;4.67;879;10;1954.00;35
4828;10;624451897;4828;177;5708;5743;9.84;0.60;250.82;4.67;880;10;1955.00;35
4829;10;624451910;4829;178;5710;5743;9.97;0.61;250.91;4.70;881;10;1956.00;33
4833;10;624451921;4833;174;5710;5743;10.07;0.61;250.98;4.70;877;10;1957.00;33
4837;10;624451933;4837;174;5710;5743;10.10;0.61;251.09;4.70;873;10;1958.00;33
4839;10;624451945;4839;174;5715;5749;10.17;0.62;251.11;4.70;876;10;1959.00;34
4839;10;624451957;4839;176;5715;5749;10.28;0.62;251.11;4.70;876;10;1960.00;34
4842;10;624451968;4842;178;5715;5749;10.33;0.63;251.17;4.70;873;10;1961.00;34
4846;10;624451980;4846;176;5717;5752;10.33;0.63;251.25;4.70;871;10;1962.00;35
4851;10;624451992;4851;180;5717;5752;10.38;0.63;251.31;4.70;866;10;1963.00;35
4853;10;624452003;4853;179;5718;5752;10.40;0.63;251.33;4.70;865;10;1964.00;34
4858;10;624452015;4858;181;5718;5753;10.31;0.62;251.44;4.70;860;10;1965.00;35
4861;10;624452027;4861;179;5719;5754;10.35;0.63;251.59;4.70;858;10;1966.00;35
4864;10;624452039;4864;183;5719;5754;10.33;0.63;251.58;4.70;855;10;1967.00;35
4866;10;624452050;4866;185;5729;5767;10.31;0.62;251.57;4.69;863;10;1968.00;38
4870;10;624452063;4870;184;5729;5767;10.32;0.62;251.57;4.69;859;10;1969.00;38
4872;10;624452074;4872;185;5729;5767;10.31;0.62;251.51;4.69;857;10;1970.00;38
4875;10;624452086;4875;181;5730;5768;10.32;0.63;251.50;4.69;855;10;1971.00;38
4877;10;624452098;4877;178;5731;5768;10.35;0.63;251.48;4.73;854;10;1972.00;37
4881;10;624452109;4881;170;5736;5772;10.36;0.63;251.43;4.73;855;10;1973.00;36
4885;10;624452121;4885;168;5737;5772;10.34;0.63;251.40;4.74;852;10;1974.00;35
4887;10;624452134;4887;165;5741;5776;10.32;0.62;251.39;4.75;854;10;1975.00;35
4889;10;624452146;4889;163;5741;5776;10.37;0.63;251.37;4.75;852;10;1976.00;35
4894;10;624452157;4894;165;5741;5776;10.36;0.63;251.46;4.75;847;10;1977.00;35
4898;10;624452168;4898;167;5741;5776;10.40;0.63;251.42;4.75;843;10;1978.00;35
4902;10;624452178;4902;163;5741;5776;10.35;0.63;251.57;4.75;839;10;1979.00;35
4905;10;624452191;4905;168;5762;5810;10.26;0.62;251.60;4.73;857;10;1980.00;48
4909;10;624452204;4909;164;5763;5810;10.16;0.62;251.62;4.73;854;10;1981.00;47
4911;10;624452215;4911;165;5764;5810;10.15;0.62;251.56;4.73;853;10;1982.00;46
4916;10;624452226;4916;163;5765;5810;10.10;0.61;251.59;4.73;849;10;1983.00;45
4916;10;624452237;4916;169;5765;5810;10.01;0.61;251.59;4.73;849;10;1984.00;45
4919;10;624452247;4919;171;5765;5810;9.91;0.60;251.64;4.73;846;10;1985.00;45
4920;10;624452264;4920;176;5765;5811;9.78;0.59;251.67;4.73;845;10;1986.00;46
4922;10;624452274;4922;180;5766;5811;9.70;0.59;251.61;4.73;844;10;1987.00;45
4924;10;624452285;4924;179;5770;5817;9.73;0.59;251.67;4.73;846;10;1988.00;47
4929;10;624452296;4929;182;5770;5818;9.62;0.58;251.70;4.73;841;10;1989.00;48
4932;10;624452307;4932;180;5773;5818;9.54;0.58;251.77;4.73;841;10;1990.00;45
4935;10;624452317;4935;175;5773;5818;9.48;0.57;251.68;4.73;838;10;1991.00;45
4939;10;624452328;4939;182;5776;5822;9.42;0.57;251.73;4.73;837;10;1992.00;46
4941;10;624452339;4941;184;5777;5822;9.36;0.57;251.82;4.73;836;10;1993.00;45
4944;10;624452350;4944;198;5778;5822;9.24;0.56;251.86;4.73;834;10;1994.00;44
4945;10;624452360;4945;204;5780;5823;9.19;0.56;251.94;4.74;835;10;1995.00;43
4946;10;624452370;4946;206;5784;5827;9.16;0.56;251.99;4.74;838;10;1996.00;43
4947;10;624452381;4947;212;5784;5827;9.17;0.56;252.01;4.74;837;10;1997.00;43
4950;10;624452392;4950;217;5786;5830;9.13;0.55;252.07;4.74;836;10;1998.00;44
4952;10;624452402;4952;225;5789;5830;9.10;0.55;252.23;4.76;837;10;1999.00;41
4954;10;624452413;4954;234;5789;5830;9.04;0.55;252.23;4.76;835;10;2000.00;41
4959;10;624452427;4959;239;5789;5830;8.98;0.55;252.42;4.76;830;10;2001.00;41
4962;10;624452437;4962;247;5795;5834;9.02;0.55;252.56;4.78;833;10;2002.00;39
4963;10;624452447;4963;253;5795;5834;9.03;0.55;252.64;4.78;832;10;2003.00;39
4965;10;624452457;4965;257;5796;5834;8.95;0.55;252.67;4.78;831;10;2004.00;38
4970;10;624452468;4970;258;5797;5834;8.84;0.54;252.79;4.79;827;10;2005.00;37
4970;10;624452478;4970;265;5798;5835;8.73;0.53;252.79;4.80;828;10;2006.00;37
4974;10;624452487;4974;269;5800;5836;8.57;0.52;252.95;4.81;826;10;2007.00;36
4976;10;624452497;4976;279;5800;5836;8.41;0.52;252.91;4.81;824;10;2008.00;36
4979;10;624452506;4979;288;5803;5837;8.26;0.51;252.95;4.83;824;10;2009.00;34
4981;10;624452518;4981;291;5804;5837;8.13;0.50;252.88;4.84;823;10;2010.00;33
4987;10;624452527;4987;298;5805;5837;7.93;0.49;252.88;4.85;818;10;2011.00;32
4988;10;624452536;4988;304;5805;5837;7.80;0.48;252.86;4.85;817;10;2012.00;32
4991;10;624452545;4991;307;5806;5837;7.64;0.47;252.89;4.86;815;10;2013.00;31
4993;10;624452554;4993;313;5807;5837;7.51;0.46;252.88;4.87;814;10;2014.00;30
4996;10;624452562;4996;312;5808;5837;7.38;0.45;252.91;4.88;812;10;2015.00;29
4998;10;624452571;4998;329;5874;5964;7.50;0.47;252.95;4.83;876;10;2016.00;90
4998;10;624452589;4998;322;5880;5965;7.43;0.46;252.95;4.83;882;10;2017.00;85
5002;10;624452598;5002;318;5893;5965;7.38;0.46;252.97;4.83;891;10;2018.00;72
5005;10;624452607;5005;317;5896;5965;7.25;0.45;253.02;4.83;891;10;2019.00;69
5006;10;624452616;5006;315;5902;5965;7.18;0.45;252.98;4.84;896;10;2020.00;63
5008;10;624452630;5008;316;5904;5965;7.06;0.44;252.92;4.84;896;10;2021.00;61
5012;10;624452646;5012;315;5911;5965;6.97;0.43;252.97;4.85;899;10;2022.00;54
5017;10;624452671;5017;317;5914;5965;6.96;0.43;252.84;4.85;897;10;2023.00;51
5017;10;624452686;5017;315;5917;5966;6.98;0.43;252.84;4.86;900;10;2024.00;49
5019;10;624452700;5019;323;5920;5968;7.01;0.43;252.77;4.86;901;10;2025.00;48
5020;10;624452716;5020;321;5926;5968;7.00;0.43;252.82;4.86;906;10;2026.00;42
5023;10;624452729;5023;329;5928;5969;6.99;0.43;252.82;4.87;905;10;2027.00;41
5025;10;624452747;5025;337;5934;5969;6.90;0.43;252.75;4.87;909;10;2028.00;35
5028;10;624452760;5028;343;5937;5969;6.76;0.42;252.65;4.88;909;10;2029.00;32
5031;10;624452771;5031;348;5938;5969;6.59;0.41;252.60;4.88;907;10;2030.00;31
5033;10;624452782;5033;353;5942;5973;6.50;0.40;252.55;4.88;909;10;2031.00;31
5037;10;624452792;5037;360;5944;5973;6.35;0.39;252.67;4.88;907;10;2032.00;29
5040;10;624452803;5040;373;5946;5973;6.23;0.38;252.66;4.88;906;10;2033.00;27
5041;10;624452814;5041;384;5949;5976;6.13;0.38;252.67;4.88;908;10;2034.00;27
5042;10;624452824;5042;391;5949;5976;6.00;0.37;252.68;4.88;907;10;2035.00;27
5045;10;624452834;5045;398;5949;5976;5.87;0.36;252.71;4.88;904;10;2036.00;27
5047;10;624452844;5047;408;5954;5980;5.76;0.36;252.82;4.88;907;10;2037.00;26
5050;10;624452853;5050;410;5956;5981;5.62;0.35;252.79;4.88;906;10;2038.00;25
5053;10;624452863;5053;413;5957;5981;5.55;0.34;252.83;4.89;904;10;2039.00;24
5053;10;624452874;5053;407;5962;5986;5.61;0.35;252.83;4.88;909;10;2040.00;24
5056;10;624452884;5056;409;5962;5986;5.58;0.35;252.94;4.88;906;10;2041.00;24
5061;10;624452893;5061;407;5963;5986;5.57;0.35;252.86;4.88;902;10;2042.00;23
5062;10;624452902;5062;387;5964;5987;5.61;0.35;252.91;4.88;902;10;2043.00;23
5067;10;624452911;5067;378;5964;5987;5.59;0.35;252.81;4.88;897;10;2044.00;23
5070;10;624452921;5070;364;5970;5993;5.67;0.35;252.83;4.88;900;10;2045.00;23
5070;10;624452931;5070;360;5970;5993;5.77;0.36;252.83;4.88;900;10;2046.00;23
5074;10;624452940;5074;355;5971;5994;5.80;0.36;252.79;4.88;897;10;2047.00;23
5078;11;624452950;5078;342;5971;5994;5.93;0.36;252.81;4.88;893;11;2048.00;23
5080;11;624452974;5080;338;5971;5994;6.05;0.37;252.88;4.88;891;11;2049.00;23
5080;11;624452985;5080;332;5971;5994;6.20;0.38;252.88;4.88;891;11;2050.00;23
5084;11;624452995;5084;326;5971;5994;6.27;0.39;252.85;4.88;887;11;2051.00;23
5090;11;624453005;5090;317;5982;6006;6.39;0.39;252.73;4.87;892;11;2052.00;24
5093;11;624453016;5093;316;5983;6006;6.46;0.40;252.72;4.87;890;11;2053.00;23
5097;11;624453027;5097;312;5983;6006;6.54;0.40;252.75;4.87;886;11;2054.00;23
5100;11;624453038;5100;313;5983;6006;6.61;0.40;252.72;4.87;883;11;2055.00;23
5103;11;624453048;5103;310;5983;6006;6.66;0.41;252.84;4.87;880;11;2056.00;23
5106;11;624453058;5106;303;5983;6006;6.69;0.41;252.89;4.87;877;11;2057.00;23
5109;11;624453075;5109;308;5987;6010;6.73;0.41;252.87;4.86;878;11;2058.00;23
5112;11;624453086;5112;298;5987;6010;6.78;0.41;252.82;4.86;875;11;2059.00;23
5116;11;624453097;5116;303;5991;6014;6.81;0.41;252.91;4.86;875;11;2060.00;23
5118;11;624453114;5118;302;5993;6015;6.78;0.41;252.92;4.90;875;11;2061.00;22
5122;11;624453126;5122;297;5993;6015;6.70;0.41;252.99;4.90;871;11;2062.00;22
5126;11;624453137;5126;295;5993;6015;6.63;0.40;253.07;4.90;867;11;2063.00;22
5128;11;624453148;5128;297;6006;6028;6.69;0.41;253.14;4.89;878;11;2064.00;22
5133;11;624453160;5133;293;6006;6028;6.62;0.40;253.16;4.89;873;11;2065.00;22
5138;11;624453171;5138;294;6006;6028;6.58;0.40;253.20;4.89;868;11;2066.00;22
5140;11;624453183;5140;294;6007;6029;6.59;0.40;253.19;4.89;867;11;2067.00;22
5144;11;624453193;5144;293;6008;6030;6.58;0.40;253.29;4.89;864;11;2068.00;22
5148;11;624453205;5148;289;6008;6030;6.59;0.40;253.32;4.89;860;11;2069.00;22
5153;11;624453218;5153;288;6012;6036;6.68;0.41;253.32;4.89;859;11;2070.00;24
5157;11;624453230;5157;292;6012;6036;6.68;0.41;253.39;4.89;855;11;2071.00;24
5161;11;624453240;5161;293;6014;6036;6.72;0.41;253.52;4.89;853;11;2072.00;22
5165;11;624453253;5165;291;6014;6036;6.67;0.41;253.52;4.89;849;11;2073.00;22
5170;11;624453263;5170;294;6020;6042;6.63;0.40;253.50;4.88;850;11;2074.00;22
5173;11;624453274;5173;294;6020;6042;6.61;0.40;253.54;4.88;847;11;2075.00;22
5176;11;624453285;5176;297;6020;6042;6.64;0.41;253.56;4.88;844;11;2076.00;22
5178;11;624453295;5178;298;6020;6042;6.76;0.41;253.67;4.88;842;11;2077.00;22
5183;11;624453306;5183;296;6024;6046;6.81;0.42;253.64;4.88;841;11;2078.00;22
5186;11;624453317;5186;292;6025;6047;6.92;0.42;253.66;4.88;839;11;2079.00;22
5188;11;624453328;5188;291;6025;6047;6.98;0.43;253.75;4.88;837;11;2080.00;22
5192;11;624453338;5192;289;6027;6048;6.99;0.43;253.90;4.93;835;11;2081.00;21
5195;11;624453349;5195;291;6027;6048;6.98;0.43;253.87;4.93;832;11;2082.00;21
5199;11;624453360;5199;293;6027;6048;6.99;0.43;253.89;4.93;828;11;2083.00;21
5203;11;624453370;5203;296;6027;6048;6.94;0.42;253.92;4.93;824;11;2084.00;21
5205;11;624453381;5205;298;6027;6048;6.90;0.42;253.87;4.93;822;11;2085.00;21
5205;11;624453393;5205;297;6027;6048;6.89;0.42;253.87;4.93;822;11;2086.00;21
5208;11;624453403;5208;285;6027;6048;6.84;0.42;253.98;4.93;819;11;2087.00;21
5213;11;624453414;5213;290;6070;6118;6.94;0.42;254.08;4.89;857;11;2088.00;48
5216;11;624453431;5216;278;6071;6119;7.03;0.43;254.27;4.89;855;11;2089.00;48
5219;11;624453442;5219;267;6076;6119;7.16;0.44;254.39;4.89;857;11;2090.00;43
5223;11;624453454;5223;261;6078;6119;7.27;0.44;254.46;4.89;855;11;2091.00;41
5226;11;624453465;5226;255;6080;6119;7.32;0.45;254.46;4.89;854;11;2092.00;39
5227;11;624453483;5227;255;6082;6119;7.47;0.45;254.52;4.89;855;11;2093.00;37
5227;11;624453494;5227;246;6085;6119;7.62;0.46;254.52;4.89;858;11;2094.00;34
5229;11;624453504;5229;256;6087;6119;7.71;0.47;254.59;4.89;858;11;2095.00;32
5233;11;624453516;5233;247;6088;6120;7.79;0.47;254.66;4.89;855;11;2096.00;32
5234;11;624453528;5234;242;6091;6121;7.91;0.48;254.67;4.89;857;11;2097.00;30
5236;11;624453540;5236;231;6093;6121;7.96;0.48;254.71;4.89;857;11;2098.00;28
5238;11;624453553;5238;231;6097;6125;7.99;0.49;254.82;4.89;859;11;2099.00;28
5240;11;624453569;5240;233;6102;6140;8.01;0.49;254.92;4.89;862;11;2100.00;38
5244;11;624453587;5244;235;6102;6140;8.10;0.49;255.00;4.89;858;11;2101.00;38
5248;11;624453600;5248;236;6102;6140;8.22;0.50;255.04;4.89;854;11;2102.00;38
5252;11;624453612;5252;239;6106;6146;8.34;0.51;255.07;4.88;854;11;2103.00;40
5255;11;624453628;5255;237;6106;6146;8.51;0.52;255.19;4.88;851;11;2104.00;40
5258;11;624453640;5258;226;6107;6146;8.67;0.53;255.16;4.88;849;11;2105.00;39
5262;11;624453653;5262;220;6110;6149;8.81;0.53;255.17;4.88;848;11;2106.00;39
5263;11;624453665;5263;218;6110;6149;8.93;0.54;255.16;4.88;847;11;2107.00;39
5264;11;624453679;5264;213;6111;6149;9.02;0.55;255.23;4.88;847;11;2108.00;38
5266;11;624453690;5266;214;6111;6150;9.08;0.55;255.36;4.88;845;11;2109.00;39
5268;11;624453701;5268;210;6112;6151;9.23;0.56;255.39;4.88;844;11;2110.00;39
5272;11;624453713;5272;210;6113;6151;9.28;0.56;255.39;4.88;841;11;2111.00;38
5275;11;624453725;5275;206;6124;6164;9.28;0.56;255.46;4.88;849;11;2112.00;40
5278;11;624453737;5278;198;6124;6164;9.27;0.56;255.59;4.88;846;11;2113.00;40
5282;11;624453754;5282;197;6124;6164;9.25;0.56;255.59;4.88;842;11;2114.00;40
5284;11;624453766;5284;191;6126;6166;9.26;0.56;255.65;4.87;842;11;2115.00;40
5285;11;624453783;5285;190;6126;6166;9.38;0.57;255.66;4.87;841;11;2116.00;40
5288;11;624453794;5288;188;6130;6170;9.44;0.57;255.68;4.87;842;11;2117.00;40
5289;11;624453807;5289;184;6131;6170;9.52;0.58;255.71;4.88;842;11;2118.00;39
5291;11;624453818;5291;187;6134;6174;9.59;0.58;255.73;4.87;843;11;2119.00;40
5294;11;624453830;5294;183;6134;6174;9.68;0.59;255.72;4.87;840;11;2120.00;40
5296;11;624453842;5296;183;6134;6174;9.74;0.59;255.77;4.87;838;11;2121.00;40
5298;11;624453854;5298;180;6136;6174;9.73;0.59;255.89;4.93;838;11;2122.00;38
5301;11;624453865;5301;176;6136;6174;9.75;0.59;255.88;4.93;835;11;2123.00;38
5304;11;624453877;5304;182;6146;6186;9.74;0.59;255.93;4.92;842;11;2124.00;40
5306;11;624453889;5306;180;6147;6186;9.77;0.59;255.95;4.93;841;11;2125.00;39
5310;11;624453905;5310;182;6149;6186;9.78;0.59;256.10;4.93;839;11;2126.00;37
5314;11;624453917;5314;180;6149;6186;9.83;0.60;256.10;4.93;835;11;2127.00;37
5317;11;624453928;5317;184;6149;6186;9.88;0.60;256.17;4.93;832;11;2128.00;37
5320;11;624453939;5320;184;6149;6186;9.90;0.60;256.19;4.93;829;11;2129.00;37
5321;11;624453951;5321;185;6151;6187;9.97;0.60;256.19;4.93;830;11;2130.00;36
5323;11;624453962;5323;183;6151;6187;9.97;0.60;256.19;4.93;828;11;2131.00;36
5325;11;624453974;5325;182;6157;6193;9.95;0.60;256.13;4.93;832;11;2132.00;36
5329;11;624453986;5329;181;6158;6194;10.00;0.61;256.03;4.93;829;11;2133.00;36
5333;11;624453997;5333;177;6158;6194;9.96;0.60;256.07;4.93;825;11;2134.00;36
5338;11;624454008;5338;182;6158;6194;9.93;0.60;256.04;4.93;820;11;2135.00;36
5340;11;624454019;5340;182;6161;6198;10.00;0.61;256.04;4.93;821;11;2136.00;37
5343;11;624454031;5343;182;6161;6198;9.97;0.60;256.04;4.93;818;11;2137.00;37
5345;11;624454041;5345;185;6161;6198;9.88;0.60;256.05;4.93;816;11;2138.00;37
5351;11;624454051;5351;181;6162;6199;9.81;0.60;256.01;4.93;811;11;2139.00;37
5355;11;624454061;5355;181;6165;6203;9.76;0.59;256.08;4.93;810;11;2140.00;38
5357;11;624454072;5357;182;6165;6203;9.73;0.59;256.07;4.93;808;11;2141.00;38
5361;11;624454082;5361;181;6167;6206;9.75;0.59;256.10;4.92;806;11;2142.00;39
5365;11;624454092;5365;184;6168;6206;9.68;0.59;256.09;4.92;803;11;2143.00;38
5370;11;624454102;5370;186;6168;6206;9.64;0.59;256.20;4.92;798;11;2144.00;38
5373;11;624454112;5373;190;6170;6206;9.55;0.58;256.23;4.94;797;11;2145.00;36
5376;11;624454128;5376;188;6174;6210;9.60;0.58;256.23;4.94;798;11;2146.00;36
5378;11;624454139;5378;190;6174;6210;9.57;0.58;256.24;4.94;796;11;2147.00;36
5379;11;624454149;5379;188;6174;6210;9.55;0.58;256.27;4.94;795;11;2148.00;36
5384;11;624454159;5384;192;6174;6210;9.48;0.58;256.28;4.94;790;11;2149.00;36
5389;11;624454169;5389;193;6174;6211;9.38;0.57;256.33;4.94;785;11;2150.00;37
5394;11;624454179;5394;197;6175;6212;9.34;0.57;256.40;4.94;781;11;2151.00;37
5395;11;624454189;5395;196;6175;6212;9.27;0.56;256.37;4.94;780;11;2152.00;37
5401;11;624454199;5401;199;6176;6213;9.25;0.56;256.39;4.94;775;11;2153.00;37
5402;11;624454208;5402;208;6176;6213;9.23;0.56;256.40;4.94;774;11;2154.00;37
5403;11;624454218;5403;216;6176;6213;9.21;0.56;256.42;4.94;773;11;2155.00;37
5406;11;624454227;5406;213;6176;6213;9.23;0.56;256.40;4.94;770;11;2156.00;37
5408;11;624454237;5408;212;6176;6213;9.20;0.56;256.44;4.94;768;11;2157.00;37
5409;11;624454247;5409;216;6176;6213;9.19;0.56;256.54;4.94;767;11;2158.00;37
5411;11;624454257;5411;213;6176;6213;9.21;0.56;256.64;4.94;765;11;2159.00;37
5412;11;624454268;5412;249;6271;6443;9.20;0.57;256.73;4.86;859;11;2160.00;172
5414;11;624454294;5414;247;6274;6444;9.11;0.57;256.70;4.86;860;11;2161.00;170
5416;11;624454304;5416;236;6285;6444;9.13;0.57;256.71;4.85;869;11;2162.00;159
5418;11;624454314;5418;234;6290;6444;9.08;0.57;256.68;4.85;872;11;2163.00;154
5422;11;624454330;5422;231;6300;6444;9.03;0.56;256.66;4.85;878;11;2164.00;144
5423;11;624454346;5423;230;6306;6444;9.01;0.56;256.64;4.85;883;11;2165.00;138
5425;11;624454361;5425;228;6313;6444;8.98;0.56;256.72;4.85;888;11;2166.00;131
5427;11;624454372;5427;230;6319;6444;8.97;0.56;256.68;4.86;892;11;2167.00;125
5428;12;624454382;5428;237;6324;6445;8.99;0.56;256.66;4.86;896;12;2168.00;121
5430;12;624454404;5430;246;6331;6446;8.93;0.55;256.73;4.86;901;12;2169.00;115
5431;12;624454414;5431;252;6338;6446;8.84;0.55;256.70;4.88;907;12;2170.00;108
5435;12;624454424;5435;261;6342;6447;8.73;0.54;256.62;4.88;907;12;2171.00;105
5439;12;624454434;5439;267;6346;6447;8.65;0.54;256.60;4.90;907;12;2172.00;101
5441;12;624454444;5441;271;6351;6447;8.45;0.53;256.52;4.92;910;12;2173.00;96
5448;12;624454459;5448;277;6352;6447;8.30;0.51;256.63;4.92;904;12;2174.00;95
5449;12;624454470;5449;287;6357;6451;8.17;0.51;256.69;4.93;908;12;2175.00;94
5452;12;624454480;5452;294;6360;6451;8.02;0.50;256.67;4.94;908;12;2176.00;91
5455;12;624454490;5455;307;6363;6451;7.87;0.49;256.61;4.96;908;12;2177.00;88
5457;12;624454501;5457;314;6365;6454;7.72;0.48;256.59;4.96;908;12;2178.00;89
5458;12;624454510;5458;316;6371;6454;7.55;0.47;256.55;5.00;913;12;2179.00;83
5458;12;624454520;5458;326;6374;6454;7.39;0.46;256.55;5.00;916;12;2180.00;80
5459;12;624454530;5459;329;6383;6458;7.27;0.45;256.56;5.02;924;12;2181.00;75
5461;12;624454540;5461;340;6386;6459;7.17;0.44;256.54;5.03;925;12;2182.00;73
5463;12;624454550;5463;351;6389;6459;7.13;0.44;256.47;5.05;926;12;2183.00;70
5464;12;624454560;5464;359;6391;6463;7.04;0.43;256.45;5.05;927;12;2184.00;72
5468;12;624454575;5468;363;6395;6463;6.98;0.43;256.37;5.07;927;12;2185.00;68
5469;12;624454585;5469;369;6399;6463;6.91;0.43;256.39;5.08;930;12;2186.00;64
5473;12;624454595;5473;377;6401;6464;6.79;0.42;256.32;5.08;928;12;2187.00;63
5473;12;624454605;5473;388;6404;6464;6.67;0.41;256.32;5.09;931;12;2188.00;60
5475;12;624454614;5475;393;6409;6470;6.58;0.40;256.28;5.10;934;12;2189.00;61
5476;12;624454630;5476;394;6411;6470;6.42;0.39;256.24;5.09;935;12;2190.00;59
5478;12;624454643;5478;400;6412;6471;6.28;0.39;256.18;5.10;934;12;2191.00;59
5482;12;624454660;5482;395;6414;6471;6.13;0.38;256.11;5.11;932;12;2192.00;57
5483;12;624454673;5483;405;6415;6471;6.00;0.37;256.16;5.11;932;12;2193.00;56
5484;12;624454694;5484;411;6415;6471;5.90;0.36;256.13;5.11;931;12;2194.00;56
5485;12;624454709;5485;398;6416;6471;5.84;0.36;256.12;5.12;931;12;2195.00;55
5487;12;624454724;5487;397;6426;6483;5.86;0.36;256.20;5.11;939;12;2196.00;57
5489;12;624454748;5489;392;6427;6483;5.84;0.36;256.15;5.12;938;12;2197.00;56
5490;12;624454759;5490;399;6432;6483;5.84;0.36;256.11;5.14;942;12;2198.00;51
5490;12;624454771;5490;392;6433;6483;5.92;0.36;256.11;5.14;943;12;2199.00;50
5491;12;624454783;5491;397;6434;6483;5.94;0.36;256.08;5.15;943;12;2200.00;49
5493;12;624454797;5493;393;6435;6483;5.90;0.36;256.00;5.15;942;12;2201.00;48
5495;12;624454808;5495;390;6439;6487;5.91;0.36;256.02;5.15;944;12;2202.00;48
5497;12;624454820;5497;393;6441;6487;5.90;0.36;255.95;5.16;944;12;2203.00;46
5499;13;624454830;5499;389;6446;6491;5.95;0.36;255.93;5.17;947;13;2204.00;45
5500;13;624454861;5500;387;6449;6493;5.91;0.36;255.96;5.17;949;13;2205.00;44
5501;13;624454878;5501;387;6451;6493;5.85;0.36;255.95;5.18;950;13;2206.00;42
5507;13;624454894;5507;389;6451;6493;5.75;0.35;255.97;5.18;944;13;2207.00;42
5508;13;624454905;5508;387;6461;6506;5.72;0.35;256.01;5.17;953;13;2208.00;45
5511;13;624454927;5511;387;6465;6506;5.66;0.35;255.96;5.17;954;13;2209.00;41
5514;13;624454939;5514;386;6469;6508;5.62;0.35;256.03;5.17;955;13;2210.00;39
5516;13;624454949;5516;380;6470;6509;5.58;0.35;256.08;5.17;954;13;2211.00;39
5517;13;624454960;5517;378;6471;6510;5.61;0.35;256.10;5.17;954;13;2212.00;39
5519;13;624454971;5519;366;6471;6510;5.69;0.35;256.09;5.17;952;13;2213.00;39
5522;13;624454981;5522;366;6474;6513;5.75;0.36;256.08;5.17;952;13;2214.00;39
5525;13;624454991;5525;362;6475;6513;5.86;0.36;256.10;5.17;950;13;2215.00;38
5528;13;624455002;5528;362;6475;6513;5.94;0.37;256.07;5.17;947;13;2216.00;38
5534;13;624455013;5534;359;6476;6513;5.97;0.37;256.17;5.17;942;13;2217.00;37
5537;13;624455024;5537;355;6480;6519;6.13;0.38;256.12;5.17;943;13;2218.00;39
5540;13;624455035;5540;354;6480;6519;6.23;0.38;256.15;5.17;940;13;2219.00;39
5543;13;624455048;5543;344;6481;6519;6.24;0.38;256.22;5.17;938;13;2220.00;38
5546;13;624455059;5546;341;6481;6519;6.30;0.39;256.18;5.17;935;13;2221.00;38
5548;13;624455071;5548;337;6485;6523;6.42;0.39;256.24;5.16;937;13;2222.00;38
5551;13;624455082;5551;342;6486;6524;6.47;0.40;256.37;5.16;935;13;2223.00;38
5555;13;624455093;5555;340;6486;6524;6.60;0.40;256.43;5.16;931;13;2224.00;38
5560;13;624455104;5560;343;6487;6525;6.63;0.41;256.44;5.16;927;13;2225.00;38
5566;13;624455114;5566;338;6487;6525;6.64;0.41;256.56;5.16;921;13;2226.00;38
5569;13;624455125;5569;337;6487;6525;6.68;0.41;256.59;5.16;918;13;2227.00;38
5572;13;624455136;5572;335;6487;6525;6.73;0.41;256.66;5.16;915;13;2228.00;38
5577;13;624455147;5577;333;6487;6525;6.71;0.41;256.78;5.16;910;13;2229.00;38
5582;13;624455158;5582;328;6487;6525;6.73;0.41;256.84;5.16;905;13;2230.00;38
5587;13;624455169;5587;321;6487;6525;6.68;0.41;256.83;5.16;900;13;2231.00;38
5592;13;624455180;5592;334;6530;6595;6.76;0.41;256.86;5.13;938;13;2232.00;65
5599;13;624455197;5599;331;6531;6596;6.69;0.41;256.98;5.13;932;13;2233.00;65
5600;13;624455209;5600;324;6536;6596;6.75;0.41;257.00;5.13;936;13;2234.00;60
5606;13;624455221;5606;322;6538;6596;6.77;0.41;257.18;5.12;932;13;2235.00;58
5611;13;624455232;5611;320;6540;6596;6.78;0.41;257.48;5.12;929;13;2236.00;56
5612;13;624455243;5612;316;6542;6596;6.87;0.42;257.47;5.12;930;13;2237.00;54
5619;13;624455255;5619;312;6544;6596;6.87;0.42;257.64;5.12;925;13;2238.00;52
5625;13;624455267;5625;316;6546;6596;6.89;0.42;257.67;5.13;921;13;2239.00;50
5627;13;624455279;5627;307;6548;6597;6.93;0.42;257.66;5.13;921;13;2240.00;49
5634;13;624455290;5634;312;6550;6598;6.89;0.42;257.90;5.13;916;13;2241.00;48
5635;13;624455308;5635;307;6552;6598;6.98;0.43;257.97;5.13;917;13;2242.00;46
5642;13;624455320;5642;305;6557;6602;6.98;0.43;257.94;5.13;915;13;2243.00;45
5644;13;624455332;5644;298;6558;6602;7.02;0.43;258.01;5.13;914;13;2244.00;44
5648;13;624455344;5648;298;6558;6602;7.05;0.43;258.08;5.13;910;13;2245.00;44
5651;13;624455356;5651;298;6558;6602;7.11;0.44;258.14;5.13;907;13;2246.00;44
5655;13;624455369;5655;297;6563;6608;7.17;0.44;258.20;5.12;908;13;2247.00;45
5655;13;624455382;5655;296;6563;6608;7.26;0.44;258.20;5.12;908;13;2248.00;45
5658;13;624455392;5658;292;6563;6608;7.33;0.45;258.21;5.12;905;13;2249.00;45
5661;13;624455406;5661;291;6567;6614;7.44;0.46;258.28;5.12;906;13;2250.00;47
5666;13;624455419;5666;286;6567;6614;7.47;0.46;258.42;5.12;901;13;2251.00;47
5670;13;624455431;5670;284;6569;6614;7.45;0.45;258.44;5.12;899;13;2252.00;45
5673;13;624455443;5673;278;6569;6615;7.41;0.45;258.54;5.12;896;13;2253.00;46
5677;13;624455455;5677;277;6570;6616;7.39;0.45;258.62;5.12;893;13;2254.00;46
5678;13;624455466;5678;277;6570;6616;7.36;0.45;258.62;5.12;892;13;2255.00;46
5684;13;624455479;5684;279;6580;6629;7.39;0.45;258.72;5.11;896;13;2256.00;49
5686;13;624455492;5686;268;6581;6629;7.42;0.45;258.76;5.11;895;13;2257.00;48
5693;13;624455504;5693;264;6582;6629;7.48;0.45;258.84;5.18;889;13;2258.00;47
5695;13;624455516;5695;259;6583;6630;7.59;0.46;258.96;5.18;888;13;2259.00;47
5700;13;624455528;5700;259;6583;6630;7.66;0.46;259.05;5.18;883;13;2260.00;47
5704;13;624455540;5704;252;6587;6634;7.78;0.47;259.13;5.18;883;13;2261.00;47
5706;13;624455552;5706;254;6587;6634;7.89;0.48;259.16;5.18;881;13;2262.00;47
5710;13;624455570;5710;251;6590;6638;7.85;0.48;259.33;5.17;880;13;2263.00;48
5712;13;624455582;5712;253;6590;6638;7.88;0.48;259.36;5.17;878;13;2264.00;48
5714;13;624455594;5714;254;6591;6638;7.94;0.48;259.46;5.24;877;13;2265.00;47
5717;13;624455607;5717;239;6591;6638;8.01;0.49;259.54;5.24;874;13;2266.00;47
5720;13;624455619;5720;229;6591;6638;8.07;0.49;259.52;5.24;871;13;2267.00;47
5723;13;624455632;5723;221;6601;6650;8.22;0.50;259.61;5.24;878;13;2268.00;49
5725;13;624455647;5725;221;6601;6650;8.33;0.51;259.67;5.24;876;13;2269.00;49
5725;13;624455660;5725;210;6602;6650;8.46;0.51;259.67;5.24;877;13;2270.00;48
5728;13;624455690;5728;205;6602;6650;8.57;0.52;259.68;5.24;874;13;2271.00;48
5734;13;624455708;5734;195;6602;6650;8.68;0.53;259.70;5.24;868;13;2272.00;48
5735;13;624455721;5735;190;6602;6650;8.80;0.53;259.74;5.24;867;13;2273.00;48
5738;13;624455733;5738;184;6602;6651;8.95;0.54;259.80;5.24;864;13;2274.00;49
5741;13;624455746;5741;182;6602;6651;9.00;0.55;259.85;5.24;861;13;2275.00;49
5742;13;624455759;5742;181;6607;6657;9.15;0.55;259.86;5.23;865;13;2276.00;50
5744;13;624455771;5744;177;6608;6658;9.21;0.56;259.90;5.23;864;13;2277.00;50
5746;13;624455784;5746;177;6608;6658;9.27;0.56;259.95;5.23;862;13;2278.00;50
5749;13;624455795;5749;169;6608;6658;9.35;0.57;260.08;5.23;859;13;2279.00;50
5751;13;624455809;5751;174;6612;6663;9.40;0.57;260.16;5.23;861;13;2280.00;51
5753;13;624455826;5753;169;6613;6663;9.37;0.57;260.15;5.30;860;13;2281.00;50
5755;13;624455838;5755;168;6613;6663;9.34;0.57;260.13;5.30;858;13;2282.00;50
5757;13;624455850;5757;170;6614;6664;9.34;0.57;260.23;5.30;857;13;2283.00;50
5759;13;624455861;5759;170;6617;6668;9.35;0.57;260.28;5.30;858;13;2284.00;51
5760;13;624455872;5760;175;6617;6668;9.34;0.57;260.26;5.30;857;13;2285.00;51
5762;13;624455884;5762;172;6619;6671;9.39;0.57;260.29;5.30;857;13;2286.00;52
5765;13;624455895;5765;171;6619;6671;9.38;0.57;260.24;5.30;854;13;2287.00;52
5766;13;624455907;5766;176;6620;6671;9.32;0.57;260.23;5.30;854;13;2288.00;51
5768;13;624455918;5768;168;6621;6671;9.28;0.56;260.20;5.37;853;13;2289.00;50
5773;13;624455929;5773;172;6625;6675;9.31;0.57;260.25;5.37;852;13;2290.00;50
5777;13;624455941;5777;169;6625;6675;9.35;0.57;260.29;5.37;848;13;2291.00;50
5780;13;624455953;5780;169;6625;6675;9.32;0.57;260.37;5.37;845;13;2292.00;50
5786;13;624455970;5786;160;6625;6675;9.36;0.57;260.36;5.37;839;13;2293.00;50
5786;13;624455981;5786;163;6625;6676;9.42;0.57;260.36;5.37;839;13;2294.00;51
5789;13;624455992;5789;159;6627;6678;9.47;0.57;260.42;5.37;838;13;2295.00;51
5793;13;624456003;5793;158;6627;6678;9.49;0.58;260.44;5.37;834;13;2296.00;51
5796;13;624456014;5796;161;6628;6679;9.59;0.58;260.46;5.36;832;13;2297.00;51
5800;13;624456025;5800;155;6628;6679;9.66;0.59;260.45;5.36;828;13;2298.00;51
5801;13;624456037;5801;152;6628;6679;9.75;0.59;260.46;5.36;827;13;2299.00;51
5802;13;624456048;5802;152;6628;6679;9.82;0.60;260.46;5.36;826;13;2300.00;51
5805;13;624456062;5805;150;6628;6679;9.88;0.60;260.50;5.36;823;13;2301.00;51
5810;13;624456074;5810;148;6628;6679;9.88;0.60;260.44;5.36;818;13;2302.00;51
5812;13;624456084;5812;151;6628;6679;9.93;0.60;260.48;5.36;816;13;2303.00;51
5814;13;624456095;5814;179;6698;6806;9.78;0.60;260.46;5.31;884;13;2304.00;108
5817;13;624456116;5817;175;6700;6807;9.83;0.60;260.59;5.38;883;13;2305.00;107
5818;13;624456127;5818;160;6706;6807;9.92;0.61;260.62;5.38;888;13;2306.00;101
5822;13;624456139;5822;159;6710;6807;9.96;0.61;260.64;5.38;888;13;2307.00;97
5823;13;624456151;5823;160;6715;6807;9.95;0.61;260.62;5.38;892;13;2308.00;92
5825;13;624456162;5825;159;6717;6807;9.88;0.61;260.68;5.38;892;13;2309.00;90
5829;13;624456175;5829;162;6721;6807;9.83;0.61;260.73;5.38;892;13;2310.00;86
5833;13;624456186;5833;168;6724;6807;9.78;0.60;260.86;5.45;891;13;2311.00;83
5836;13;624456197;5836;167;6726;6808;9.69;0.60;260.89;5.45;890;13;2312.00;82
5840;13;624456209;5840;170;6730;6809;9.67;0.60;260.94;5.46;890;13;2313.00;79
5844;13;624456220;5844;179;6733;6809;9.63;0.59;260.93;5.47;889;13;2314.00;76
5848;13;624456232;5848;186;6737;6810;9.65;0.59;260.90;5.56;889;13;2315.00;73
5852;13;624456243;5852;190;6739;6810;9.59;0.59;260.88;5.56;887;13;2316.00;71
5857;13;624456255;5857;192;6740;6810;9.53;0.59;260.86;5.56;883;13;2317.00;70
5860;14;624456266;5860;195;6743;6810;9.44;0.58;260.85;5.64;883;14;2318.00;67
5863;14;624456292;5863;202;6751;6814;9.33;0.58;260.84;5.65;888;14;2319.00;63
5868;14;624456303;5868;204;6752;6814;9.28;0.57;260.89;5.65;884;14;2320.00;62
5870;14;624456319;5870;211;6756;6814;9.22;0.57;260.97;5.73;886;14;2321.00;58
5874;14;624456329;5874;216;6757;6817;9.17;0.56;260.97;5.73;883;14;2322.00;60
5877;14;624456340;5877;221;6758;6817;9.14;0.56;260.88;5.80;881;14;2323.00;59
5881;14;624456351;5881;225;6758;6817;9.08;0.56;260.82;5.80;877;14;2324.00;59
5886;14;624456362;5886;235;6763;6821;8.96;0.55;260.71;5.80;877;14;2325.00;58
5888;14;624456372;5888;238;6765;6822;8.85;0.54;260.64;5.87;877;14;2326.00;57
5893;14;624456382;5893;242;6766;6822;8.69;0.53;260.54;5.87;873;14;2327.00;56
5897;14;624456393;5897;247;6770;6826;8.63;0.53;260.54;5.87;873;14;2328.00;56
5897;14;624456403;5897;250;6770;6826;8.59;0.53;260.54;5.87;873;14;2329.00;56
5901;14;624456413;5901;250;6771;6826;8.47;0.52;260.55;5.87;870;14;2330.00;55
5903;14;624456429;5903;263;6772;6827;8.41;0.51;260.56;5.87;869;14;2331.00;55
5906;14;624456439;5906;263;6772;6827;8.33;0.51;260.57;5.87;866;14;2332.00;55
5908;14;624456448;5908;270;6777;6833;8.31;0.51;260.52;5.86;869;14;2333.00;56
5911;14;624456459;5911;275;6777;6833;8.26;0.50;260.45;5.86;866;14;2334.00;56
5917;14;624456469;5917;282;6777;6834;8.15;0.50;260.39;5.86;860;14;2335.00;57
5918;14;624456480;5918;284;6778;6834;8.08;0.49;260.40;5.88;860;14;2336.00;56
5921;14;624456489;5921;291;6778;6834;8.03;0.49;260.37;5.88;857;14;2337.00;56
5922;14;624456499;5922;298;6778;6834;7.96;0.49;260.33;5.88;856;14;2338.00;56
5923;14;624456509;5923;304;6779;6834;7.82;0.48;260.31;5.89;856;14;2339.00;55
5925;14;624456519;5925;318;6805;6870;7.78;0.48;260.28;5.88;880;14;2340.00;65
5927;14;624456532;5927;320;6805;6870;7.61;0.47;260.27;5.88;878;14;2341.00;65
5928;14;624456541;5928;328;6810;6870;7.57;0.46;260.25;5.89;882;14;2342.00;60
5930;14;624456551;5930;330;6811;6870;7.39;0.45;260.20;5.91;881;14;2343.00;59
5933;14;624456561;5933;335;6813;6870;7.33;0.45;260.19;5.91;880;14;2344.00;57
5934;14;624456571;5934;342;6814;6870;7.22;0.44;260.18;5.93;880;14;2345.00;56
5938;14;624456580;5938;350;6818;6874;7.16;0.44;260.26;5.92;880;14;2346.00;56
5939;14;624456589;5939;344;6819;6874;7.11;0.44;260.23;5.93;880;14;2347.00;55
5939;14;624456599;5939;344;6824;6878;7.14;0.44;260.23;5.94;885;14;2348.00;54
5941;14;624456609;5941;338;6825;6879;7.15;0.44;260.23;5.94;884;14;2349.00;54
5943;14;624456619;5943;338;6827;6879;7.10;0.43;260.17;5.95;884;14;2350.00;52
5947;14;624456633;5947;339;6827;6879;7.04;0.43;260.10;5.95;880;14;2351.00;52
5947;14;624456648;5947;341;6839;6892;7.03;0.43;260.10;5.96;892;14;2352.00;53
5948;14;624456665;5948;340;6840;6892;6.98;0.43;260.14;5.97;892;14;2353.00;52
5949;14;624456681;5949;337;6841;6892;6.96;0.42;260.13;5.98;892;14;2354.00;51
5949;14;624456697;5949;345;6844;6893;7.00;0.43;260.13;5.99;895;14;2355.00;49
5952;14;624456711;5952;346;6845;6894;6.95;0.42;260.15;6.00;893;14;2356.00;49
5953;14;624456725;5953;347;6847;6894;6.89;0.42;260.14;6.02;894;14;2357.00;47
5954;14;624456740;5954;349;6849;6897;6.87;0.42;260.11;6.02;895;14;2358.00;48
5956;14;624456753;5956;348;6850;6897;6.80;0.41;260.06;6.02;894;14;2359.00;47
5957;14;624456764;5957;347;6852;6897;6.69;0.41;260.08;6.03;895;14;2360.00;45
5958;14;624456775;5958;343;6853;6897;6.58;0.40;260.04;6.04;895;14;2361.00;44
5958;14;624456787;5958;339;6859;6903;6.55;0.40;260.04;6.04;901;14;2362.00;44
5959;14;624456799;5959;340;6860;6903;6.44;0.39;260.02;6.05;901;14;2363.00;43
5959;14;624456811;5959;336;6861;6903;6.35;0.39;260.02;6.05;902;14;2364.00;42
5960;14;624456822;5960;337;6861;6903;6.34;0.39;259.99;6.05;901;14;2365.00;42
5962;14;624456832;5962;337;6865;6907;6.33;0.39;260.01;6.06;903;14;2366.00;42
5962;14;624456843;5962;336;6867;6908;6.39;0.39;260.01;6.07;905;14;2367.00;41
5966;14;624456853;5966;337;6867;6908;6.43;0.39;260.04;6.07;901;14;2368.00;41
5966;14;624456866;5966;334;6870;6909;6.47;0.40;260.04;6.08;904;14;2369.00;39
5970;14;624456878;5970;336;6870;6909;6.49;0.40;259.94;6.08;900;14;2370.00;39
5972;14;624456887;5972;345;6870;6909;6.45;0.39;259.92;6.08;898;14;2371.00;39
5975;14;624456897;5975;340;6872;6909;6.40;0.39;259.87;6.09;897;14;2372.00;37
5978;14;624456906;5978;340;6872;6909;6.33;0.39;259.90;6.09;894;14;2373.00;37
5982;14;624456916;5982;343;6874;6909;6.25;0.38;259.88;6.09;892;14;2374.00;35
5986;14;624456925;5986;342;6874;6909;6.18;0.38;259.88;6.09;888;14;2375.00;35
5988;14;624456935;5988;360;6921;6979;6.21;0.38;259.88;6.05;933;14;2376.00;58
5992;14;624456950;5992;351;6925;6980;6.13;0.38;259.91;6.05;933;14;2377.00;55
5996;14;624456960;5996;344;6931;6980;6.17;0.38;260.04;6.05;935;14;2378.00;49
5997;14;624456971;5997;352;6935;6980;6.19;0.38;260.04;6.05;938;14;2379.00;45
6001;14;624456980;6001;339;6936;6980;6.17;0.38;260.10;6.05;935;14;2380.00;44
6003;14;624456990;6003;330;6937;6980;6.15;0.38;260.09;6.05;934;14;2381.00;43
6006;14;624457001;6006;327;6940;6980;6.12;0.38;260.11;6.05;934;14;2382.00;40
6008;14;624457011;6008;321;6942;6980;6.16;0.38;260.20;6.05;934;14;2383.00;38
6015;14;624457022;6015;326;6944;6981;6.13;0.37;260.33;6.05;929;14;2384.00;37
6016;14;624457033;6016;331;6948;6983;6.20;0.38;260.39;6.05;932;14;2385.00;35
6020;14;624457043;6020;330;6949;6983;6.24;0.38;260.58;6.05;929;14;2386.00;34
6024;14;624457055;6024;331;6954;6987;6.26;0.38;260.70;6.05;930;14;2387.00;33
6028;14;624457067;6028;330;6954;6987;6.38;0.39;260.73;6.05;926;14;2388.00;33
6030;14;624457078;6030;325;6954;6987;6.53;0.40;260.79;6.05;924;14;2389.00;33
6034;14;624457089;6034;326;6955;6987;6.62;0.40;260.94;6.05;921;14;2390.00;32
6040;14;624457100;6040;324;6961;6993;6.73;0.41;261.06;6.05;921;14;2391.00;32
6044;14;624457112;6044;324;6961;6993;6.79;0.41;261.05;6.05;917;14;2392.00;32
6047;14;624457124;6047;320;6961;6993;6.84;0.42;261.05;6.05;914;14;2393.00;32
6050;14;624457135;6050;320;6964;6996;6.87;0.42;261.08;6.04;914;14;2394.00;32
6054;14;624457147;6054;317;6964;6996;6.88;0.42;261.25;6.04;910;14;2395.00;32
6057;14;624457158;6057;316;6964;6996;6.91;0.42;261.33;6.04;907;14;2396.00;32
6062;14;624457170;6062;311;6965;6997;6.94;0.42;261.38;6.04;903;14;2397.00;32
6064;14;624457181;6064;303;6966;6998;7.00;0.43;261.39;6.04;902;14;2398.00;32
6070;14;624457193;6070;297;6966;6998;7.05;0.43;261.37;6.04;896;14;2399.00;32
6075;14;624457206;6075;301;6991;7057;7.16;0.44;261.40;6.02;916;14;2400.00;66
6078;14;624457230;6078;293;6992;7057;7.19;0.44;261.38;6.02;914;14;2401.00;65
6083;14;624457241;6083;297;6995;7057;7.17;0.44;261.42;6.02;912;14;2402.00;62
6085;14;624457254;6085;296;6997;7058;7.15;0.44;261.47;6.02;912;14;2403.00;61
6088;14;624457266;6088;295;6998;7058;7.17;0.44;261.48;6.02;910;14;2404.00;60
6093;14;624457277;6093;298;7002;7062;7.20;0.44;261.54;6.01;909;14;2405.00;60
6098;14;624457289;6098;297;7004;7062;7.13;0.43;261.68;6.01;906;14;2406.00;58
6100;14;624457301;6100;301;7007;7066;7.25;0.44;261.74;6.01;907;14;2407.00;59
6103;14;624457313;6103;298;7009;7066;7.30;0.44;261.84;6.01;906;14;2408.00;57
6108;14;624457325;6108;294;7009;7066;7.31;0.45;261.99;6.01;901;14;2409.00;57
6113;14;624457336;6113;295;7009;7066;7.33;0.45;262.02;6.01;896;14;2410.00;57
6120;14;624457348;6120;294;7010;7066;7.30;0.44;262.06;6.01;890;14;2411.00;56
6123;14;624457360;6123;295;7019;7078;7.36;0.45;262.09;6.01;896;14;2412.00;59
6125;14;624457373;6125;289;7019;7078;7.38;0.45;262.25;6.01;894;14;2413.00;59
6130;14;624457384;6130;291;7022;7078;7.32;0.45;262.28;6.01;892;14;2414.00;56
6132;14;624457396;6132;288;7022;7078;7.29;0.44;262.26;6.01;890;14;2415.00;56
6135;14;624457407;6135;293;7023;7078;7.27;0.44;262.29;6.08;888;14;2416.00;55
6139;14;624457419;6139;297;7025;7078;7.21;0.44;262.40;6.09;886;14;2417.00;53
6140;14;624457429;6140;295;7025;7079;7.18;0.44;262.41;6.09;885;14;2418.00;54
6147;14;624457441;6147;293;7025;7079;7.14;0.43;262.32;6.09;878;14;2419.00;54
6150;14;624457453;6150;294;7032;7085;7.17;0.44;262.35;6.09;882;14;2420.00;53
6154;14;624457465;6154;291;7033;7086;7.16;0.44;262.39;6.09;879;14;2421.00;53
6155;14;624457476;6155;284;7033;7086;7.22;0.44;262.43;6.09;878;14;2422.00;53
6159;14;624457488;6159;288;7034;7086;7.24;0.44;262.49;6.09;875;14;2423.00;52
6164;14;624457499;6164;290;7036;7090;7.28;0.44;262.53;6.09;872;14;2424.00;54
6168;14;624457512;6168;291;7038;7090;7.27;0.44;262.53;6.09;870;14;2425.00;52
6171;14;624457524;6171;293;7039;7090;7.25;0.44;262.53;6.09;868;14;2426.00;51
6173;14;624457536;6173;278;7040;7091;7.29;0.44;262.55;6.09;867;14;2427.00;51
6176;14;624457548;6176;272;7043;7095;7.39;0.45;262.63;6.09;867;14;2428.00;52
6178;14;624457559;6178;263;7043;7095;7.46;0.45;262.68;6.09;865;14;2429.00;52
6185;14;624457573;6185;262;7048;7101;7.53;0.46;262.65;6.09;863;14;2430.00;53
6187;14;624457585;6187;263;7049;7101;7.58;0.46;262.67;6.09;862;14;2431.00;52
6189;14;624457597;6189;264;7050;7101;7.59;0.46;262.70;6.09;861;14;2432.00;51
6190;14;624457608;6190;262;7050;7101;7.61;0.46;262.80;6.09;860;14;2433.00;51
6193;14;624457620;6193;264;7054;7105;7.62;0.46;262.83;6.09;861;14;2434.00;51
6195;14;624457633;6195;258;7054;7105;7.59;0.46;262.85;6.09;859;14;2435.00;51
6195;14;624457651;6195;244;7055;7105;7.65;0.47;262.85;6.09;860;14;2436.00;50
6199;14;624457664;6199;229;7055;7105;7.70;0.47;262.86;6.09;856;14;2437.00;50
6204;14;624457677;6204;224;7056;7106;7.69;0.47;262.89;6.16;852;14;2438.00;50
6205;14;624457688;6205;224;7057;7107;7.84;0.48;262.89;6.16;852;14;2439.00;50
6209;14;624457700;6209;220;7057;7107;7.90;0.48;262.92;6.16;848;14;2440.00;50
6209;14;624457711;6209;217;7059;7108;7.93;0.49;262.92;6.17;850;14;2441.00;49
6214;14;624457723;6214;214;7059;7108;7.93;0.48;262.94;6.17;845;14;2442.00;49
6217;14;624457734;6217;215;7059;7108;7.93;0.48;262.97;6.17;842;14;2443.00;49
6218;14;624457751;6218;221;7059;7108;7.91;0.48;262.94;6.17;841;14;2444.00;49
6218;14;624457762;6218;217;7059;7108;7.94;0.48;262.94;6.17;841;14;2445.00;49
6223;14;624457773;6223;213;7060;7108;7.95;0.48;263.12;6.17;837;14;2446.00;48
6229;14;624457784;6229;205;7060;7108;7.91;0.48;263.13;6.17;831;14;2447.00;48
6230;14;624457795;6230;223;7126;7235;7.97;0.49;263.16;6.12;896;14;2448.00;109
6232;14;624457815;6232;216;7128;7236;7.99;0.49;263.15;6.11;896;14;2449.00;108
6233;14;624457827;6233;212;7133;7236;8.05;0.50;263.22;6.11;900;14;2450.00;103
6236;14;624457838;6236;207;7134;7236;8.11;0.50;263.25;6.11;898;14;2451.00;102
6238;14;624457850;6238;212;7139;7236;8.25;0.51;263.27;6.12;901;14;2452.00;97
6240;14;624457861;6240;205;7142;7236;8.24;0.51;263.40;6.12;902;14;2453.00;94
6242;14;624457873;6242;203;7147;7236;8.31;0.51;263.37;6.12;905;14;2454.00;89
6244;14;624457890;6244;209;7149;7236;8.40;0.52;263.39;6.19;905;14;2455.00;87
6248;14;624457902;6248;210;7152;7237;8.45;0.52;263.45;6.19;904;14;2456.00;85
6253;14;624457914;6253;210;7157;7238;8.48;0.52;263.48;6.20;904;14;2457.00;81
6256;14;624457925;6256;209;7161;7238;8.52;0.52;263.57;6.20;905;14;2458.00;77
6258;14;624457942;6258;209;7164;7239;8.57;0.53;263.53;6.21;906;14;2459.00;75
6259;14;624457954;6259;207;7166;7239;8.63;0.53;263.62;6.21;907;14;2460.00;73
6261;14;624457966;6261;208;7168;7239;8.64;0.53;263.64;6.21;907;14;2461.00;71
6264;14;624457978;6264;217;7169;7239;8.58;0.53;263.65;6.21;905;14;2462.00;70
6267;14;624457989;6267;219;7174;7243;8.54;0.52;263.70;6.21;907;14;2463.00;69
6268;14;624458000;6268;221;7178;7243;8.51;0.52;263.70;6.23;910;14;2464.00;65
6271;14;624458012;6271;229;7178;7243;8.50;0.52;263.75;6.23;907;14;2465.00;65
6274;14;624458024;6274;222;7183;7246;8.48;0.52;263.75;6.23;909;14;2466.00;63
6275;14;624458035;6275;225;7183;7246;8.42;0.51;263.75;6.23;908;14;2467.00;63
6278;14;624458046;6278;228;7185;7246;8.46;0.52;263.72;6.24;907;14;2468.00;61
6279;14;624458057;6279;238;7188;7250;8.47;0.52;263.74;6.23;909;14;2469.00;62
6282;14;624458069;6282;231;7191;7251;8.51;0.52;263.88;6.24;909;14;2470.00;60
6284;14;624458080;6284;228;7191;7251;8.55;0.52;263.88;6.24;907;14;2471.00;60
6289;14;624458091;6289;232;7194;7255;8.63;0.53;263.87;6.23;905;14;2472.00;61
6289;14;624458103;6289;233;7194;7255;8.66;0.53;263.87;6.23;905;14;2473.00;61
6295;14;624458114;6295;238;7195;7255;8.67;0.53;263.98;6.23;900;14;2474.00;60
6298;14;624458125;6298;239;7197;7257;8.66;0.53;263.93;6.23;899;14;2475.00;60
6300;14;624458136;6300;243;7197;7257;8.68;0.53;263.96;6.23;897;14;2476.00;60
6301;14;624458148;6301;249;7202;7263;8.68;0.53;263.95;6.23;901;14;2477.00;61
6304;14;624458159;6304;248;7202;7263;8.65;0.53;264.04;6.23;898;14;2478.00;61
6306;14;624458170;6306;250;7202;7264;8.64;0.53;264.10;6.23;896;14;2479.00;62
6308;14;624458180;6308;247;7202;7264;8.63;0.53;264.10;6.23;894;14;2480.00;62
6313;14;624458190;6313;246;7202;7264;8.54;0.52;264.07;6.23;889;14;2481.00;62
6316;14;624458200;6316;243;7202;7264;8.46;0.52;264.00;6.23;886;14;2482.00;62
6319;14;624458210;6319;240;7202;7264;8.43;0.52;263.99;6.23;883;14;2483.00;62
6324;14;624458221;6324;238;7212;7276;8.44;0.52;263.93;6.31;888;14;2484.00;64
6328;14;624458232;6328;244;7215;7276;8.41;0.51;263.87;6.34;887;14;2485.00;61
6329;14;624458243;6329;253;7216;7276;8.49;0.52;263.87;6.33;887;14;2486.00;60
6334;14;624458253;6334;258;7217;7276;8.49;0.52;263.83;6.41;883;14;2487.00;59
6336;14;624458263;6336;266;7217;7276;8.53;0.52;263.80;6.41;881;14;2488.00;59
6340;14;624458272;6340;268;7217;7276;8.41;0.51;263.77;6.41;877;14;2489.00;59
6340;14;624458284;6340;271;7220;7280;8.40;0.51;263.77;6.41;880;14;2490.00;60
6344;14;624458294;6344;266;7220;7280;8.33;0.51;263.72;6.41;876;14;2491.00;60
6347;14;624458304;6347;269;7224;7284;8.24;0.50;263.67;6.40;877;14;2492.00;60
6351;14;624458314;6351;275;7225;7285;8.08;0.49;263.57;6.47;874;14;2493.00;60
6353;14;624458324;6353;279;7226;7285;8.02;0.49;263.56;6.47;873;14;2494.00;59
6355;14;624458334;6355;283;7227;7285;7.96;0.48;263.51;6.49;872;14;2495.00;58
6355;14;624458344;6355;289;7236;7298;7.96;0.48;263.51;6.48;881;14;2496.00;62
6359;14;624458354;6359;292;7236;7298;7.92;0.48;263.47;6.48;877;14;2497.00;62
6363;14;624458366;6363;299;7236;7298;7.92;0.48;263.56;6.48;873;14;2498.00;62
6364;14;624458379;6364;294;7237;7299;8.03;0.49;263.53;6.48;873;14;2499.00;62
6366;14;624458392;6366;291;7239;7300;7.97;0.49;263.47;6.50;873;14;2500.00;61
6369;14;624458406;6369;281;7239;7300;7.95;0.48;263.46;6.50;870;14;2501.00;61
6371;14;624458416;6371;278;7242;7303;8.01;0.49;263.42;6.50;871;14;2502.00;61
6374;14;624458427;6374;270;7243;7303;8.05;0.49;263.36;6.50;869;14;2503.00;60
6375;15;624458437;6375;268;7243;7303;8.11;0.49;263.35;6.50;868;15;2504.00;60
6376;15;624458457;6376;263;7245;7303;8.15;0.50;263.36;6.51;869;15;2505.00;58
6378;15;624458473;6378;261;7250;7309;8.30;0.50;263.35;6.51;872;15;2506.00;59
6379;15;624458484;6379;261;7250;7309;8.35;0.51;263.45;6.51;871;15;2507.00;59
6383;15;624458494;6383;266;7251;7309;8.29;0.50;263.44;6.51;868;15;2508.00;58
6383;15;624458504;6383;265;7252;7309;8.19;0.50;263.44;6.51;869;15;2509.00;57
6384;15;624458513;6384;267;7255;7313;8.15;0.49;263.41;6.51;871;15;2510.00;58
6385;15;624458524;6385;274;7257;7314;8.15;0.49;263.41;6.51;872;15;2511.00;57
6386;16;624458534;6386;278;7259;7314;8.11;0.49;263.40;6.54;873;16;2512.00;55
6387;16;624458553;6387;278;7261;7315;8.08;0.49;263.40;6.55;874;16;2513.00;54
6389;16;624458563;6389;283;7264;7315;7.99;0.48;263.43;6.58;875;16;2514.00;51
6389;16;624458573;6389;280;7264;7315;7.98;0.48;263.43;6.58;875;16;2515.00;51
6391;16;624458582;6391;287;7265;7315;7.87;0.48;263.43;6.59;874;16;2516.00;50
6391;16;624458592;6391;289;7266;7315;7.81;0.47;263.43;6.60;875;16;2517.00;49
6393;16;624458602;6393;292;7268;7315;7.74;0.47;263.42;6.62;875;16;2518.00;47
6394;16;624458611;6394;291;7269;7315;7.63;0.46;263.39;6.63;875;16;2519.00;46
6396;16;624458630;6396;303;7324;7440;7.72;0.48;263.40;6.58;928;16;2520.00;116
6398;16;624458659;6398;304;7328;7441;7.72;0.48;263.50;6.58;930;16;2521.00;113
6399;16;624458675;6399;306;7341;7441;7.74;0.48;263.49;6.58;942;16;2522.00;100
6401;16;624458698;6401;304;7348;7441;7.75;0.48;263.45;6.57;947;16;2523.00;93
6402;16;624458713;6402;307;7357;7441;7.73;0.47;263.47;6.58;955;16;2524.00;84
6404;16;624458727;6404;310;7360;7441;7.70;0.47;263.53;6.58;956;16;2525.00;81
6407;16;624458744;6407;309;7367;7441;7.68;0.47;263.48;6.58;960;16;2526.00;74
6411;16;624458758;6411;314;7373;7441;7.56;0.46;263.58;6.59;962;16;2527.00;68
6414;16;624458771;6414;320;7377;7442;7.51;0.46;263.54;6.60;963;16;2528.00;65
6416;17;624458783;6416;315;7382;7443;7.45;0.46;263.54;6.60;966;17;2529.00;61
6418;17;624458802;6418;317;7384;7443;7.34;0.45;263.55;6.60;966;17;2530.00;59
6420;17;624458815;6420;321;7390;7447;7.21;0.44;263.50;6.61;970;17;2531.00;57
6421;17;624458826;6421;317;7390;7447;7.17;0.44;263.52;6.61;969;17;2532.00;57
6425;17;624458839;6425;317;7391;7447;7.11;0.44;263.66;6.62;966;17;2533.00;56
6427;17;624458851;6427;328;7391;7447;7.08;0.43;263.76;6.62;964;17;2534.00;56
6430;17;624458867;6430;329;7397;7453;7.03;0.43;263.80;6.62;967;17;2535.00;56
6433;17;624458885;6433;336;7398;7453;7.08;0.43;263.84;6.62;965;17;2536.00;55
6434;17;624458897;6434;336;7399;7455;7.07;0.43;263.92;6.62;965;17;2537.00;56
6437;17;624458908;6437;340;7402;7458;7.05;0.43;263.97;6.63;965;17;2538.00;56
6439;17;624458926;6439;341;7402;7458;7.01;0.43;263.97;6.63;963;17;2539.00;56
6442;17;624458938;6442;340;7404;7458;6.98;0.43;264.00;6.64;962;17;2540.00;54
6446;17;624458949;6446;347;7406;7459;6.86;0.42;264.01;6.65;960;17;2541.00;53
6448;17;624458960;6448;351;7407;7460;6.76;0.42;264.01;6.65;959;17;2542.00;53
6452;17;624458973;6452;345;7407;7460;6.63;0.41;264.04;6.65;955;17;2543.00;53
6454;17;624458984;6454;348;7418;7473;6.57;0.40;264.05;6.65;964;17;2544.00;55
6457;17;624458996;6457;344;7418;7473;6.50;0.40;264.11;6.65;961;17;2545.00;55
6463;17;624459012;6463;350;7420;7473;6.41;0.39;264.20;6.66;957;17;2546.00;53
6464;17;624459024;6464;363;7422;7474;6.36;0.39;264.19;6.66;958;17;2547.00;52
6468;17;624459035;6468;369;7423;7474;6.29;0.39;264.37;6.66;955;17;2548.00;51
6472;17;624459045;6472;364;7427;7478;6.26;0.39;264.48;6.66;955;17;2549.00;51
6477;17;624459058;6477;353;7430;7481;6.22;0.38;264.52;6.66;953;17;2550.00;51
6480;17;624459069;6480;346;7435;7485;6.21;0.38;264.59;6.66;955;17;2551.00;50
6482;17;624459080;6482;337;7435;7485;6.28;0.39;264.61;6.66;953;17;2552.00;50
6485;17;624459091;6485;327;7437;7485;6.36;0.39;264.57;6.66;952;17;2553.00;48
6486;18;624459102;6486;324;7438;7485;6.53;0.40;264.59;6.66;952;18;2554.00;47
6491;18;624459123;6491;325;7438;7485;6.57;0.41;264.67;6.66;947;18;2555.00;47
6495;18;624459134;6495;326;7450;7497;6.65;0.41;264.79;6.66;955;18;2556.00;47
6498;18;624459147;6498;319;7451;7497;6.68;0.41;264.87;6.66;953;18;2557.00;46
6501;18;624459159;6501;317;7451;7497;6.73;0.42;264.99;6.66;950;18;2558.00;46
6504;18;624459170;6504;310;7452;7497;6.82;0.42;265.11;6.66;948;18;2559.00;45
6511;18;624459181;6511;311;7452;7497;6.84;0.42;265.18;6.66;941;18;2560.00;45
6515;18;624459193;6515;309;7452;7497;6.90;0.43;265.29;6.66;937;18;2561.00;45
6518;18;624459210;6518;303;7452;7498;6.94;0.43;265.32;6.66;934;18;2562.00;46
6521;18;624459221;6521;300;7452;7498;7.04;0.43;265.40;6.66;931;18;2563.00;46
6524;18;624459233;6524;296;7457;7504;7.18;0.44;265.44;6.65;933;18;2564.00;47
6528;18;624459244;6528;298;7458;7506;7.28;0.45;265.55;6.65;930;18;2565.00;48
6535;18;624459257;6535;297;7459;7506;7.39;0.45;265.52;6.65;924;18;2566.00;47
6544;18;624459269;6544;295;7459;7506;7.46;0.46;265.52;6.65;915;18;2567.00;47
6550;18;624459281;6550;292;7462;7510;7.59;0.47;265.66;6.65;912;18;2568.00;48
6555;18;624459293;6555;289;7462;7510;7.63;0.47;265.65;6.65;907;18;2569.00;48
6561;18;624459304;6561;288;7462;7510;7.68;0.47;265.81;6.65;901;18;2570.00;48
6567;18;624459316;6567;289;7463;7511;7.69;0.47;265.88;6.65;896;18;2571.00;48
6570;18;624459328;6570;282;7466;7515;7.68;0.47;265.95;6.65;896;18;2572.00;49
6576;18;624459339;6576;280;7466;7515;7.65;0.47;265.98;6.65;890;18;2573.00;49
6582;18;624459352;6582;278;7468;7518;7.66;0.47;266.15;6.65;886;18;2574.00;50
6587;18;624459363;6587;279;7469;7518;7.66;0.47;266.25;6.64;882;18;2575.00;49
6594;18;624459375;6594;278;7469;7518;7.63;0.47;266.28;6.64;875;18;2576.00;49
6598;18;624459386;6598;276;7469;7518;7.71;0.47;266.31;6.64;871;18;2577.00;49
6603;18;624459397;6603;272;7473;7522;7.70;0.47;266.25;6.64;870;18;2578.00;49
6606;18;624459410;6606;275;7473;7522;7.66;0.47;266.27;6.64;867;18;2579.00;49
6611;18;624459422;6611;276;7473;7522;7.62;0.47;266.30;6.64;862;18;2580.00;49
6618;18;624459433;6618;279;7473;7522;7.57;0.46;266.27;6.64;855;18;2581.00;49
6621;18;624459444;6621;278;7473;7523;7.51;0.46;266.33;6.64;852;18;2582.00;50
6628;18;624459454;6628;291;7474;7524;7.40;0.45;266.44;6.64;846;18;2583.00;50
6632;18;624459465;6632;290;7474;7524;7.35;0.45;266.51;6.64;842;18;2584.00;50
6638;18;624459477;6638;296;7475;7525;7.31;0.44;266.58;6.64;837;18;2585.00;50
6641;18;624459487;6641;299;7475;7525;7.30;0.44;266.63;6.64;834;18;2586.00;50
6646;18;624459498;6646;297;7475;7525;7.20;0.44;266.64;6.64;829;18;2587.00;50
6648;18;624459509;6648;301;7475;7525;7.12;0.43;266.68;6.64;827;18;2588.00;50
6654;18;624459520;6654;300;7475;7525;7.00;0.43;266.58;6.64;821;18;2589.00;50
6657;18;624459531;6657;302;7475;7525;6.89;0.42;266.65;6.64;818;18;2590.00;50
6660;18;624459541;6660;293;7475;7525;6.85;0.42;266.70;6.64;815;18;2591.00;50
6661;18;624459551;6661;319;7543;7652;7.04;0.44;266.72;6.58;882;18;2592.00;109
6664;18;624459571;6664;303;7547;7653;7.05;0.44;266.70;6.58;883;18;2593.00;106
6667;18;624459581;6667;299;7555;7653;7.11;0.44;266.73;6.65;888;18;2594.00;98
6668;18;624459593;6668;300;7556;7653;7.12;0.44;266.74;6.65;888;18;2595.00;97
6672;18;624459604;6672;294;7560;7653;7.14;0.44;266.68;6.65;888;18;2596.00;93
6674;18;624459616;6674;287;7562;7653;7.23;0.45;266.70;6.65;888;18;2597.00;91
6677;18;624459627;6677;275;7563;7653;7.25;0.45;266.67;6.65;886;18;2598.00;90
6680;18;624459639;6680;276;7567;7653;7.28;0.45;266.71;6.65;887;18;2599.00;86
6681;18;624459653;6681;276;7568;7654;7.35;0.45;266.75;6.65;887;18;2600.00;86
6685;18;624459668;6685;278;7574;7655;7.35;0.45;266.77;6.65;889;18;2601.00;81
6685;18;624459680;6685;281;7578;7655;7.42;0.46;266.77;6.66;893;18;2602.00;77
6690;18;624459692;6690;284;7580;7656;7.31;0.45;266.75;6.66;890;18;2603.00;76
6692;18;624459703;6692;286;7582;7656;7.25;0.44;266.73;6.66;890;18;2604.00;74
6695;18;624459714;6695;291;7585;7656;7.15;0.44;266.74;6.66;890;18;2605.00;71
6697;18;624459729;6697;286;7586;7656;7.09;0.43;266.71;6.66;889;18;2606.00;70
6700;18;624459740;6700;288;7591;7660;7.10;0.44;266.78;6.66;891;18;2607.00;69
6702;18;624459759;6702;291;7594;7660;7.09;0.43;266.74;6.67;892;18;2608.00;66
6704;18;624459770;6704;291;7596;7660;7.09;0.43;266.81;6.67;892;18;2609.00;64
6706;18;624459784;6706;298;7599;7666;7.18;0.44;266.88;6.66;893;18;2610.00;67
6708;18;624459796;6708;303;7600;7666;7.27;0.44;266.83;6.66;892;18;2611.00;66
6713;18;624459808;6713;303;7602;7666;7.36;0.45;266.92;6.66;889;18;2612.00;64
6715;18;624459827;6715;306;7607;7670;7.43;0.45;266.93;6.67;892;18;2613.00;63
6718;18;624459839;6718;310;7608;7671;7.54;0.46;267.00;6.66;890;18;2614.00;63
6718;18;624459851;6718;312;7610;7671;7.58;0.46;267.00;6.66;892;18;2615.00;61
6722;18;624459862;6722;307;7613;7675;7.59;0.46;266.94;6.66;891;18;2616.00;62
6722;18;624459873;6722;309;7613;7675;7.65;0.47;266.94;6.66;891;18;2617.00;62
6723;18;624459884;6723;308;7613;7675;7.69;0.47;266.95;6.66;890;18;2618.00;62
6726;18;624459895;6726;306;7614;7676;7.73;0.47;266.99;6.66;888;18;2619.00;62
6728;18;624459907;6728;306;7614;7676;7.73;0.47;267.03;6.66;886;18;2620.00;62
6732;18;624459917;6732;291;7619;7682;7.74;0.47;267.01;6.66;887;18;2621.00;63
6735;18;624459929;6735;287;7619;7682;7.72;0.47;267.21;6.66;884;18;2622.00;63
6736;18;624459940;6736;278;7619;7683;7.67;0.47;267.19;6.66;883;18;2623.00;64
6737;18;624459951;6737;277;7619;7683;7.67;0.47;267.17;6.66;882;18;2624.00;64
6737;18;624459962;6737;276;7619;7683;7.70;0.47;267.17;6.66;882;18;2625.00;64
6741;18;624459974;6741;280;7619;7683;7.69;0.47;267.10;6.66;878;18;2626.00;64
6743;18;624459985;6743;272;7620;7683;7.70;0.47;267.06;6.74;877;18;2627.00;63
6745;18;624459996;6745;276;7630;7695;7.78;0.47;267.08;6.73;885;18;2628.00;65
6746;18;624460008;6746;275;7631;7695;7.83;0.48;267.07;6.73;885;18;2629.00;64
6750;18;624460019;6750;276;7631;7695;7.88;0.48;267.08;6.73;881;18;2630.00;64
6751;18;624460030;6751;276;7631;7695;7.96;0.49;267.08;6.73;880;18;2631.00;64
6754;18;624460041;6754;274;7631;7695;8.06;0.49;267.09;6.73;877;18;2632.00;64
6756;18;624460051;6756;276;7631;7695;8.14;0.49;267.05;6.73;875;18;2633.00;64
6757;18;624460062;6757;271;7634;7699;8.20;0.50;267.04;6.72;877;18;2634.00;65
6759;18;624460073;6759;267;7634;7699;8.23;0.50;266.99;6.72;875;18;2635.00;65
6759;18;624460084;6759;262;7638;7703;8.33;0.51;266.99;6.72;879;18;2636.00;65
6763;18;624460094;6763;264;7639;7704;8.40;0.51;266.92;6.72;876;18;2637.00;65
6765;18;624460106;6765;265;7639;7704;8.41;0.51;266.86;6.72;874;18;2638.00;65
6767;18;624460116;6767;272;7639;7704;8.43;0.51;266.91;6.72;872;18;2639.00;65
6771;18;624460128;6771;280;7661;7733;8.38;0.51;266.90;6.70;890;18;2640.00;72
6774;18;624460141;6774;274;7661;7733;8.40;0.51;266.89;6.70;887;18;2641.00;72
6775;18;624460152;6775;272;7663;7733;8.52;0.52;266.87;6.70;888;18;2642.00;70
6781;18;624460163;6781;270;7666;7734;8.59;0.52;266.79;6.78;885;18;2643.00;68
6781;18;624460174;6781;269;7666;7735;8.63;0.52;266.79;6.78;885;18;2644.00;69
6783;18;624460185;6783;269;7666;7735;8.61;0.52;266.78;6.78;883;18;2645.00;69
6784;18;624460195;6784;271;7668;7738;8.61;0.52;266.80;6.78;884;18;2646.00;70
6786;18;624460206;6786;280;7668;7738;8.61;0.52;266.82;6.78;882;18;2647.00;70
6788;18;624460216;6788;277;7669;7738;8.60;0.52;266.81;6.78;881;18;2648.00;69
6788;18;624460227;6788;275;7669;7738;8.58;0.52;266.81;6.78;881;18;2649.00;69
6789;18;624460237;6789;275;7674;7744;8.54;0.52;266.82;6.77;885;18;2650.00;70
6791;18;624460248;6791;268;7674;7744;8.50;0.52;266.81;6.77;883;18;2651.00;70
6793;18;624460258;6793;255;7674;7744;8.43;0.51;266.77;6.77;881;18;2652.00;70
6793;18;624460268;6793;242;7674;7744;8.42;0.51;266.77;6.77;881;18;2653.00;70
6794;18;624460278;6794;239;7678;7748;8.41;0.51;266.76;6.78;884;18;2654.00;70
6798;18;624460289;6798;236;7681;7750;8.41;0.51;266.70;6.79;883;18;2655.00;69
6799;18;624460301;6799;230;7681;7750;8.42;0.51;266.68;6.79;882;18;2656.00;69
6801;18;624460311;6801;231;7682;7751;8.48;0.51;266.66;6.79;881;18;2657.00;69
6802;18;624460321;6802;227;7683;7751;8.54;0.52;266.64;6.81;881;18;2658.00;68
6804;18;624460331;6804;229;7683;7751;8.56;0.52;266.64;6.81;879;18;2659.00;68
6806;19;624460347;6806;228;7683;7751;8.52;0.52;266.65;6.81;877;19;2660.00;68
6807;19;624460367;6807;229;7683;7751;8.49;0.51;266.62;6.81;876;19;2661.00;68
6808;19;624460378;6808;228;7683;7751;8.44;0.51;266.59;6.81;875;19;2662.00;68
6810;19;624460388;6810;230;7683;7751;8.49;0.52;266.63;6.81;873;19;2663.00;68
6813;19;624460399;6813;234;7714;7821;8.64;0.53;266.57;6.78;901;19;2664.00;107
6814;19;624460415;6814;229;7717;7822;8.64;0.53;266.53;6.78;903;19;2665.00;105
6817;19;624460431;6817;235;7723;7822;8.67;0.53;266.48;6.77;906;19;2666.00;99
6820;19;624460447;6820;230;7727;7822;8.63;0.53;266.46;6.77;907;19;2667.00;95
6822;19;624460459;6822;227;7731;7822;8.66;0.53;266.46;6.77;909;19;2668.00;91
6822;19;624460470;6822;228;7734;7822;8.65;0.53;266.46;6.77;912;19;2669.00;88
6823;19;624460482;6823;224;7737;7822;8.62;0.53;266.43;6.77;914;19;2670.00;85
6826;19;624460494;6826;222;7740;7822;8.53;0.52;266.39;6.77;914;19;2671.00;82
6831;20;624460504;6831;224;7742;7823;8.45;0.51;266.49;6.77;911;20;2672.00;81
6834;20;624460533;6834;223;7745;7824;8.39;0.51;266.42;6.77;911;20;2673.00;79
6838;20;624460550;6838;223;7748;7824;8.33;0.51;266.42;6.77;910;20;2674.00;76
6839;20;624460561;6839;231;7753;7828;8.26;0.50;266.51;6.77;914;20;2675.00;75
6845;20;624460572;6845;239;7755;7828;8.28;0.50;266.49;6.78;910;20;2676.00;73
6847;20;624460583;6847;243;7755;7828;8.29;0.50;266.47;6.78;908;20;2677.00;73
6850;20;624460594;6850;245;7755;7828;8.20;0.50;266.42;6.78;905;20;2678.00;73
6852;20;624460605;6852;245;7760;7834;8.28;0.50;266.46;6.78;908;20;2679.00;74
6853;20;624460617;6853;248;7761;7834;8.28;0.50;266.43;6.79;908;20;2680.00;73
6856;20;624460627;6856;256;7761;7834;8.24;0.50;266.51;6.79;905;20;2681.00;73
6860;20;624460645;6860;263;7764;7837;8.22;0.50;266.53;6.80;904;20;2682.00;73
6861;20;624460663;6861;265;7765;7837;8.21;0.50;266.54;6.81;904;20;2683.00;72
6863;20;624460679;6863;270;7767;7837;8.17;0.50;266.55;6.82;904;20;2684.00;70
6866;20;624460696;6866;276;7767;7838;8.15;0.50;266.51;6.82;901;20;2685.00;71
6868;20;624460712;6868;282;7770;7839;8.11;0.49;266.48;6.84;902;20;2686.00;69
6870;20;624460739;6870;284;7770;7839;8.06;0.49;266.55;6.84;900;20;2687.00;69
6872;20;624460751;6872;290;7781;7852;8.06;0.49;266.56;6.84;909;20;2688.00;71
6873;20;624460765;6873;295;7783;7852;8.06;0.49;266.54;6.85;910;20;2689.00;69
6878;20;624460776;6878;300;7784;7852;7.98;0.49;266.69;6.85;906;20;2690.00;68
6879;20;624460790;6879;301;7786;7853;7.87;0.48;266.72;6.86;907;20;2691.00;67
6884;20;624460808;6884;309;7787;7853;7.74;0.47;266.76;6.86;903;20;2692.00;66
6887;20;624460821;6887;315;7792;7857;7.68;0.47;266.80;6.87;905;20;2693.00;65
6888;20;624460832;6888;322;7792;7857;7.58;0.46;266.84;6.87;904;20;2694.00;65
6891;20;624460844;6891;323;7796;7861;7.46;0.45;266.88;6.88;905;20;2695.00;65
6893;20;624460856;6893;324;7796;7861;7.37;0.45;266.93;6.88;903;20;2696.00;65
6896;20;624460867;6896;332;7797;7861;7.28;0.44;266.89;6.90;901;20;2697.00;64
6898;20;624460878;6898;333;7800;7861;7.15;0.44;266.91;6.93;902;20;2698.00;61
6899;20;624460890;6899;324;7800;7861;7.04;0.43;266.90;6.93;901;20;2699.00;61
6901;20;624460906;6901;325;7825;7910;7.12;0.44;266.99;6.91;924;20;2700.00;85
6902;20;624460930;6902;322;7826;7910;7.06;0.43;267.03;6.92;924;20;2701.00;84
6902;20;624460942;6902;321;7832;7910;7.06;0.43;267.03;6.91;930;20;2702.00;78
6906;20;624460953;6906;319;7834;7910;7.00;0.43;267.08;6.92;928;20;2703.00;76
6907;20;624460965;6907;318;7836;7910;7.00;0.43;267.08;6.92;929;20;2704.00;74
6911;20;624460978;6911;316;7836;7910;6.94;0.42;267.13;6.92;925;20;2705.00;74
6912;20;624460988;6912;327;7838;7911;6.92;0.42;267.15;6.93;926;20;2706.00;73
6915;20;624461000;6915;321;7838;7911;6.88;0.42;267.12;6.93;923;20;2707.00;73
6917;20;624461011;6917;332;7845;7917;6.89;0.42;267.12;6.93;928;20;2708.00;72
6921;20;624461022;6921;329;7847;7918;6.88;0.42;267.16;6.94;926;20;2709.00;71
6923;20;624461033;6923;332;7850;7918;6.88;0.42;267.27;6.96;927;20;2710.00;68
6927;20;624461043;6927;341;7851;7918;6.77;0.42;267.30;6.96;924;20;2711.00;67
6931;20;624461055;6931;344;7855;7922;6.77;0.41;267.31;6.96;924;20;2712.00;67
6934;20;624461066;6934;348;7856;7922;6.72;0.41;267.35;6.96;922;20;2713.00;66
6940;20;624461077;6940;346;7859;7922;6.62;0.41;267.34;6.98;919;20;2714.00;63
6943;20;624461087;6943;346;7860;7923;6.63;0.41;267.31;6.98;917;20;2715.00;63
6947;20;624461098;6947;353;7863;7927;6.54;0.40;267.38;6.98;916;20;2716.00;64
6952;20;624461115;6952;348;7865;7927;6.42;0.39;267.44;6.98;913;20;2717.00;62
6956;20;624461125;6956;352;7867;7930;6.37;0.39;267.39;6.98;911;20;2718.00;63
6959;20;624461136;6959;363;7869;7930;6.32;0.39;267.46;6.98;910;20;2719.00;61
6964;20;624461163;6964;356;7872;7930;6.23;0.38;267.59;6.99;908;20;2720.00;58
6969;20;624461174;6969;351;7872;7930;6.20;0.38;267.71;6.99;903;20;2721.00;58
6973;20;624461184;6973;351;7876;7934;6.26;0.38;267.74;6.99;903;20;2722.00;58
6979;20;624461194;6979;351;7877;7934;6.28;0.38;267.82;7.00;898;20;2723.00;57
6982;20;624461205;6982;347;7878;7934;6.32;0.39;267.89;7.00;896;20;2724.00;56
6984;20;624461215;6984;347;7879;7934;6.34;0.39;267.97;7.00;895;20;2725.00;55
6988;20;624461225;6988;343;7880;7935;6.35;0.39;268.09;7.00;892;20;2726.00;55
6990;20;624461235;6990;336;7881;7936;6.46;0.40;268.12;7.00;891;20;2727.00;55
6996;20;624461251;6996;330;7884;7936;6.51;0.40;268.21;7.01;888;20;2728.00;52
6998;20;624461279;6998;323;7885;7937;6.63;0.41;268.25;7.00;887;20;2729.00;52
7002;20;624461310;7002;325;7887;7937;6.71;0.41;268.30;7.01;885;20;2730.00;50
7002;20;624461333;7002;317;7889;7937;6.78;0.42;268.30;7.01;887;20;2731.00;48
7005;20;624461348;7005;316;7889;7937;6.81;0.42;268.39;7.01;884;20;2732.00;48
7006;20;624461361;7006;316;7889;7937;6.84;0.42;268.37;7.01;883;20;2733.00;48
7009;20;624461373;7009;319;7889;7937;6.87;0.42;268.45;7.01;880;20;2734.00;48
7016;20;624461387;7016;318;7889;7937;6.90;0.42;268.49;7.01;873;20;2735.00;48
7019;20;624461401;7019;324;7956;8064;7.25;0.45;268.47;6.96;937;20;2736.00;108
7024;20;624461425;7024;320;7961;8065;7.26;0.45;268.54;6.95;937;20;2737.00;104
7030;20;624461440;7030;324;7969;8065;7.25;0.45;268.62;6.95;939;20;2738.00;96
7031;20;624461455;7031;324;7970;8065;7.32;0.45;268.64;6.95;939;20;2739.00;95
7037;20;624461469;7037;326;7976;8065;7.29;0.45;268.75;6.94;939;20;2740.00;89
7040;20;624461484;7040;330;7979;8065;7.18;0.44;268.89;6.94;939;20;2741.00;86
7043;20;624461500;7043;337;7984;8065;7.02;0.43;268.88;6.94;941;20;2742.00;81
7048;20;624461514;7048;342;7984;8065;6.91;0.43;268.94;6.94;936;20;2743.00;81
7053;20;624461530;7053;343;7987;8066;6.81;0.42;268.92;6.94;934;20;2744.00;79
7056;20;624461544;7056;350;7990;8068;6.72;0.41;268.88;6.94;934;20;2745.00;78
7061;20;624461558;7061;354;7992;8068;6.66;0.41;268.95;6.94;931;20;2746.00;76
7066;20;624461574;7066;357;7996;8069;6.60;0.40;269.03;6.95;930;20;2747.00;73
7071;20;624461588;7071;364;7998;8069;6.55;0.40;269.11;6.95;927;20;2748.00;71
7075;20;624461602;7075;361;8002;8069;6.47;0.40;269.14;6.95;927;20;2749.00;67
7078;20;624461615;7078;361;8005;8069;6.38;0.39;269.16;6.95;927;20;2750.00;64
7081;20;624461630;7081;355;8010;8073;6.33;0.39;269.22;6.95;929;20;2751.00;63
7086;20;624461649;7086;362;8011;8073;6.29;0.39;269.26;6.95;925;20;2752.00;62
7092;20;624461664;7092;361;8012;8073;6.25;0.39;269.37;6.95;920;20;2753.00;61
7096;20;624461679;7096;368;8014;8076;6.23;0.38;269.47;6.95;918;20;2754.00;62
7098;20;624461692;7098;369;8016;8076;6.27;0.39;269.48;7.04;918;20;2755.00;60
7103;20;624461709;7103;371;8017;8076;6.33;0.39;269.47;7.04;914;20;2756.00;59
7110;20;624461722;7110;374;8021;8080;6.35;0.39;269.51;7.04;911;20;2757.00;59
7113;20;624461735;7113;374;8023;8081;6.32;0.39;269.52;7.04;910;20;2758.00;58
7116;20;624461747;7116;378;8024;8081;6.30;0.39;269.48;7.04;908;20;2759.00;57
7118;20;624461761;7118;377;8028;8086;6.20;0.38;269.47;7.03;910;20;2760.00;58
7121;20;624461773;7121;378;8029;8086;6.19;0.38;269.48;7.03;908;20;2761.00;57
7126;20;624461785;7126;377;8029;8086;6.11;0.37;269.41;7.03;903;20;2762.00;57
7129;20;624461804;7129;390;8030;8087;6.06;0.37;269.41;7.03;901;20;2763.00;57
7132;20;624461816;7132;395;8030;8087;5.98;0.36;269.45;7.03;898;20;2764.00;57
7133;20;624461829;7133;398;8035;8093;5.98;0.36;269.42;7.03;902;20;2765.00;58
7138;20;624461842;7138;401;8035;8093;5.89;0.36;269.40;7.03;897;20;2766.00;58
7140;20;624461854;7140;385;8035;8094;5.86;0.36;269.46;7.03;895;20;2767.00;59
7140;20;624461872;7140;384;8035;8094;5.86;0.36;269.46;7.03;895;20;2768.00;59
7141;20;624461884;7141;379;8035;8094;5.89;0.36;269.42;7.03;894;20;2769.00;59
7141;20;624461896;7141;371;8035;8094;5.90;0.36;269.42;7.03;894;20;2770.00;59
7143;20;624461907;7143;375;8035;8094;5.95;0.36;269.49;7.03;892;20;2771.00;59
7145;20;624461920;7145;375;8045;8106;6.08;0.37;269.46;7.02;900;20;2772.00;61
7146;20;624461933;7146;374;8045;8106;6.07;0.37;269.50;7.02;899;20;2773.00;61
7147;20;624461956;7147;379;8046;8106;6.11;0.37;269.50;7.02;899;20;2774.00;60
7147;20;624461969;7147;382;8046;8106;6.11;0.37;269.50;7.02;899;20;2775.00;60
7149;20;624461987;7149;375;8046;8106;6.12;0.37;269.50;7.02;897;20;2776.00;60
7151;20;624462000;7151;356;8047;8106;6.13;0.37;269.47;7.10;896;20;2777.00;59
7153;20;624462011;7153;350;8050;8110;6.18;0.38;269.49;7.09;897;20;2778.00;60
7153;20;624462025;7153;339;8050;8110;6.31;0.39;269.49;7.09;897;20;2779.00;60
7156;20;624462040;7156;331;8054;8114;6.41;0.39;269.45;7.09;898;20;2780.00;60
7159;20;624462053;7159;316;8055;8115;6.50;0.40;269.47;7.09;896;20;2781.00;60
7159;20;624462067;7159;313;8055;8115;6.62;0.40;269.47;7.09;896;20;2782.00;60
7160;20;624462082;7160;310;8055;8115;6.71;0.41;269.48;7.09;895;20;2783.00;60
7161;20;624462097;7161;305;8066;8128;6.83;0.42;269.45;7.08;905;20;2784.00;62
7161;20;624462112;7161;306;8066;8128;6.89;0.42;269.45;7.08;905;20;2785.00;62
7163;20;624462126;7163;302;8066;8128;6.92;0.42;269.44;7.08;903;20;2786.00;62
7165;20;624462139;7165;303;8067;8129;6.98;0.43;269.42;7.08;902;20;2787.00;62
7167;20;624462153;7167;302;8067;8130;7.04;0.43;269.41;7.08;900;20;2788.00;63
7169;20;624462165;7169;309;8067;8130;7.16;0.44;269.41;7.08;898;20;2789.00;63
7172;20;624462180;7172;309;8071;8136;7.26;0.44;269.47;7.08;899;20;2790.00;65
7172;20;624462193;7172;316;8071;8136;7.28;0.44;269.47;7.08;899;20;2791.00;65
7174;20;624462205;7174;310;8074;8136;7.35;0.45;269.46;7.15;900;20;2792.00;62
7175;20;624462218;7175;307;8074;8136;7.36;0.45;269.46;7.15;899;20;2793.00;62
7177;20;624462231;7177;308;8079;8142;7.38;0.45;269.55;7.15;902;20;2794.00;63
7180;20;624462251;7180;306;8079;8142;7.32;0.45;269.65;7.15;899;20;2795.00;63
7184;20;624462264;7184;306;8080;8142;7.31;0.44;269.71;7.23;896;20;2796.00;62
7187;20;624462276;7187;308;8080;8142;7.31;0.44;269.70;7.23;893;20;2797.00;62
7191;20;624462288;7191;309;8083;8146;7.29;0.44;269.77;7.22;892;20;2798.00;63
7195;20;624462308;7195;316;8084;8147;7.33;0.44;269.74;7.22;889;20;2799.00;63
7196;20;624462321;7196;315;8084;8147;7.33;0.45;269.72;7.22;888;20;2800.00;63
7200;20;624462336;7200;313;8086;8148;7.27;0.44;269.66;7.30;886;20;2801.00;62
7201;20;624462348;7201;314;8086;8148;7.28;0.44;269.64;7.30;885;20;2802.00;62
7209;20;624462359;7209;296;8086;8148;7.24;0.44;269.53;7.30;877;20;2803.00;62
7210;20;624462373;7210;284;8086;8148;7.30;0.44;269.53;7.30;876;20;2804.00;62
7212;20;624462385;7212;270;8086;8148;7.41;0.45;269.49;7.30;874;20;2805.00;62
7213;20;624462397;7213;262;8086;8148;7.57;0.46;269.47;7.30;873;20;2806.00;62
7215;20;624462409;7215;253;8086;8148;7.69;0.46;269.43;7.30;871;20;2807.00;62
7216;20;624462421;7216;252;8123;8218;7.83;0.47;269.43;7.27;907;20;2808.00;95
7216;20;624462439;7216;236;8123;8219;8.02;0.49;269.43;7.27;907;20;2809.00;96
7217;20;624462452;7217;225;8130;8219;8.23;0.50;269.44;7.26;913;20;2810.00;89
7218;20;624462468;7218;219;8132;8219;8.34;0.51;269.42;7.26;914;20;2811.00;87
7219;20;624462481;7219;213;8134;8219;8.47;0.51;269.43;7.26;915;20;2812.00;85
7219;20;624462493;7219;214;8137;8219;8.65;0.52;269.43;7.26;918;20;2813.00;82
7220;20;624462509;7220;216;8139;8219;8.74;0.53;269.43;7.26;919;20;2814.00;80
7221;20;624462522;7221;211;8142;8219;8.82;0.53;269.43;7.26;921;20;2815.00;77
7223;20;624462550;7223;216;8143;8220;8.88;0.54;269.44;7.26;920;20;2816.00;77
7225;20;624462569;7225;216;8145;8221;8.88;0.54;269.42;7.26;920;20;2817.00;76
7227;20;624462589;7227;220;8149;8221;8.82;0.53;269.45;7.26;922;20;2818.00;72
7229;20;624462610;7229;219;8154;8225;8.76;0.53;269.42;7.26;925;20;2819.00;71
7231;20;624462625;7231;215;8156;8225;8.70;0.53;269.40;7.26;925;20;2820.00;69
7232;20;624462642;7232;219;8157;8225;8.72;0.53;269.39;7.26;925;20;2821.00;68
7234;20;624462667;7234;214;8157;8225;8.71;0.53;269.37;7.26;923;20;2822.00;68
7237;20;624462685;7237;211;8162;8231;8.69;0.53;269.40;7.26;925;20;2823.00;69
7240;20;624462705;7240;215;8162;8231;8.62;0.52;269.46;7.26;922;20;2824.00;69
7242;20;624462724;7242;215;8162;8231;8.63;0.52;269.45;7.26;920;20;2825.00;69
7244;20;624462742;7244;226;8165;8234;8.67;0.53;269.48;7.26;921;20;2826.00;69
7246;20;624462762;7246;220;8165;8234;8.64;0.53;269.44;7.26;919;20;2827.00;69
7249;20;624462781;7249;220;8166;8234;8.63;0.53;269.41;7.26;917;20;2828.00;68
7253;20;624462795;7253;226;8166;8235;8.67;0.53;269.46;7.26;913;20;2829.00;69
7255;20;624462812;7255;223;8167;8236;8.72;0.53;269.44;7.26;912;20;2830.00;69
7259;20;624462828;7259;227;8167;8236;8.71;0.53;269.39;7.26;908;20;2831.00;69
7262;20;624462843;7262;226;8178;8249;8.70;0.53;269.50;7.25;916;20;2832.00;71
7265;20;624462858;7265;216;8178;8249;8.78;0.54;269.58;7.25;913;20;2833.00;71
7269;21;624462872;7269;214;8178;8249;8.78;0.54;269.52;7.25;909;21;2834.00;71
7274;21;624462908;7274;215;8180;8251;8.78;0.54;269.49;7.25;906;21;2835.00;71
7279;21;624462923;7279;216;8180;8251;8.81;0.54;269.49;7.25;901;21;2836.00;71
7282;21;624462938;7282;216;8183;8255;8.92;0.54;269.49;7.25;901;21;2837.00;72
7284;21;624462951;7284;217;8183;8255;8.96;0.54;269.46;7.25;899;21;2838.00;72
7287;21;624462964;7287;224;8186;8259;8.96;0.54;269.52;7.25;899;21;2839.00;73
7290;22;624462978;7290;219;8187;8259;9.00;0.55;269.61;7.25;897;22;2840.00;72
7293;22;624463009;7293;217;8187;8259;9.03;0.55;269.61;7.25;894;22;2841.00;72
7295;22;624463024;7295;218;8187;8259;9.05;0.55;269.67;7.25;892;22;2842.00;72
7298;22;624463051;7298;225;8187;8259;9.04;0.55;269.63;7.25;889;22;2843.00;72
7300;22;624463070;7300;227;8197;8271;9.08;0.55;269.66;7.24;897;22;2844.00;74
7303;22;624463092;7303;228;8198;8271;9.05;0.55;269.70;7.24;895;22;2845.00;73
7305;22;624463110;7305;231;8198;8271;9.02;0.55;269.76;7.24;893;22;2846.00;73
7307;22;624463123;7307;232;8198;8271;8.98;0.55;269.74;7.24;891;22;2847.00;73
7312;22;624463140;7312;236;8198;8271;8.86;0.54;269.89;7.24;886;22;2848.00;73
7314;22;624463154;7314;246;8198;8271;8.84;0.54;269.93;7.24;884;22;2849.00;73
7317;22;624463168;7317;251;8201;8274;8.71;0.53;269.99;7.25;884;22;2850.00;73
7320;22;624463184;7320;256;8202;8274;8.62;0.52;270.05;7.26;882;22;2851.00;72
7323;22;624463207;7323;261;8207;8280;8.66;0.53;270.15;7.26;884;22;2852.00;73
7323;22;624463225;7323;260;8210;8281;8.65;0.53;270.15;7.28;887;22;2853.00;71
7326;22;624463239;7326;263;8210;8281;8.61;0.52;270.16;7.28;884;22;2854.00;71
7329;22;624463262;7329;266;8211;8281;8.51;0.52;270.10;7.29;882;22;2855.00;70
7332;22;624463276;7332;269;8215;8285;8.49;0.52;270.19;7.30;883;22;2856.00;70
7336;22;624463290;7336;265;8216;8285;8.39;0.51;270.21;7.31;880;22;2857.00;69
7338;22;624463305;7338;271;8217;8285;8.33;0.51;270.20;7.32;879;22;2858.00;68
7343;22;624463318;7343;277;8219;8286;8.28;0.50;270.34;7.33;876;22;2859.00;67
7347;22;624463331;7347;283;8224;8290;8.21;0.50;270.43;7.35;877;22;2860.00;66
7349;22;624463346;7349;285;8224;8290;8.19;0.50;270.47;7.35;875;22;2861.00;66
7351;22;624463359;7351;289;8226;8293;8.15;0.50;270.50;7.35;875;22;2862.00;67
7354;22;624463372;7354;283;8228;8293;8.15;0.50;270.50;7.36;874;22;2863.00;65
7355;22;624463387;7355;283;8231;8295;8.13;0.50;270.49;7.37;876;22;2864.00;64
7357;22;624463402;7357;287;8233;8295;8.11;0.49;270.49;7.38;876;22;2865.00;62
7359;22;624463417;7359;292;8237;8299;8.13;0.50;270.54;7.38;878;22;2866.00;62
7362;22;624463432;7362;297;8239;8299;8.06;0.49;270.54;7.40;877;22;2867.00;60
7364;22;624463448;7364;296;8240;8299;8.00;0.49;270.59;7.41;876;22;2868.00;59
7365;22;624463462;7365;287;8241;8299;7.92;0.48;270.64;7.41;876;22;2869.00;58
7368;22;624463478;7368;282;8241;8300;7.85;0.48;270.67;7.41;873;22;2870.00;59
7371;22;624463492;7371;274;8244;8301;7.79;0.48;270.66;7.43;873;22;2871.00;57
7373;22;624463505;7373;273;8244;8301;7.73;0.47;270.68;7.43;871;22;2872.00;57
7377;22;624463522;7377;271;8245;8302;7.68;0.47;270.64;7.43;868;22;2873.00;57
7379;22;624463535;7379;271;8247;8302;7.59;0.46;270.63;7.44;868;22;2874.00;55
7381;22;624463549;7381;273;8247;8302;7.55;0.46;270.64;7.44;866;22;2875.00;55
7383;22;624463563;7383;271;8249;8302;7.52;0.46;270.67;7.45;866;22;2876.00;53
7386;22;624463576;7386;277;8250;8302;7.50;0.46;270.76;7.45;864;22;2877.00;52
7390;22;624463589;7390;269;8250;8302;7.49;0.46;270.72;7.45;860;22;2878.00;52
7391;22;624463602;7391;273;8251;8302;7.44;0.45;270.74;7.45;860;22;2879.00;51
7395;22;624463618;7395;306;8354;8532;7.47;0.47;270.74;7.37;959;22;2880.00;178
7400;22;624463654;7400;299;8359;8533;7.44;0.46;270.84;7.37;959;22;2881.00;174
7402;22;624463678;7402;286;8371;8533;7.44;0.47;270.90;7.37;969;22;2882.00;162
7402;22;624463691;7402;286;8376;8533;7.42;0.46;270.90;7.36;974;22;2883.00;157
7409;22;624463702;7409;287;8384;8533;7.39;0.46;270.97;7.36;975;22;2884.00;149
7413;22;624463721;7413;287;8389;8533;7.33;0.46;270.96;7.36;976;22;2885.00;144
7417;22;624463733;7417;286;8397;8533;7.26;0.45;271.01;7.36;980;22;2886.00;136
7421;22;624463744;7421;290;8405;8533;7.15;0.44;271.12;7.36;984;22;2887.00;128
7423;22;624463757;7423;297;8411;8534;7.05;0.44;271.16;7.36;988;22;2888.00;123
7427;22;624463778;7427;310;8417;8535;6.93;0.43;271.23;7.36;990;22;2889.00;118
7432;22;624463792;7432;298;8423;8535;6.80;0.42;271.38;7.36;991;22;2890.00;112
7436;22;624463805;7436;303;8424;8536;6.66;0.41;271.44;7.37;988;22;2891.00;112
7442;22;624463818;7442;311;8429;8536;6.54;0.41;271.52;7.37;987;22;2892.00;107
7443;22;624463831;7443;309;8432;8536;6.41;0.40;271.53;7.37;989;22;2893.00;104
7447;22;624463843;7447;321;8433;8536;6.28;0.39;271.61;7.37;986;22;2894.00;103
7451;22;624463856;7451;322;8439;8540;6.15;0.38;271.68;7.37;988;22;2895.00;101
7456;22;624463869;7456;327;8441;8540;6.07;0.38;271.67;7.37;985;22;2896.00;99
7459;22;624463883;7459;328;8444;8540;6.06;0.38;271.76;7.38;985;22;2897.00;96
7463;22;624463901;7463;333;8450;8543;6.03;0.37;271.82;7.38;987;22;2898.00;93
7464;22;624463915;7464;336;8452;8543;6.04;0.37;271.88;7.38;988;22;2899.00;91
7470;22;624463929;7470;331;8453;8543;6.02;0.37;271.96;7.38;983;22;2900.00;90
7471;22;624463947;7471;329;8459;8547;6.06;0.37;272.02;7.39;988;22;2901.00;88
7475;22;624463961;7475;336;8463;8548;6.08;0.37;272.12;7.39;988;22;2902.00;85
7479;22;624463974;7479;344;8465;8548;6.11;0.38;272.21;7.39;986;22;2903.00;83
7484;22;624463987;7484;347;8472;8552;6.14;0.38;272.27;7.40;988;22;2904.00;80
7487;22;624464000;7487;346;8473;8552;6.20;0.38;272.30;7.40;986;22;2905.00;79
7490;22;624464015;7490;356;8478;8552;6.25;0.38;272.31;7.41;988;22;2906.00;74
7494;22;624464031;7494;361;8478;8553;6.25;0.38;272.35;7.41;984;22;2907.00;75
7498;22;624464048;7498;371;8478;8553;6.26;0.38;272.34;7.41;980;22;2908.00;75
7500;22;624464063;7500;376;8484;8559;6.27;0.38;272.36;7.41;984;22;2909.00;75
7505;22;624464081;7505;386;8484;8559;6.24;0.38;272.41;7.41;979;22;2910.00;75
7507;22;624464095;7507;379;8486;8560;6.20;0.38;272.44;7.50;979;22;2911.00;74
7512;22;624464108;7512;383;8487;8560;6.16;0.38;272.47;7.50;975;22;2912.00;73
7516;22;624464122;7516;393;8488;8560;6.10;0.37;272.49;7.50;972;22;2913.00;72
7520;22;624464135;7520;394;8488;8560;6.06;0.37;272.50;7.50;968;22;2914.00;72
7524;22;624464148;7524;397;8489;8560;5.99;0.37;272.58;7.51;965;22;2915.00;71
7525;22;624464161;7525;398;8499;8572;6.02;0.37;272.56;7.50;974;22;2916.00;73
7530;22;624464175;7530;403;8499;8572;5.97;0.37;272.63;7.50;969;22;2917.00;73
7535;22;624464189;7535;405;8500;8572;5.91;0.36;272.63;7.50;965;22;2918.00;72
7539;22;624464201;7539;415;8501;8572;5.83;0.36;272.62;7.51;962;22;2919.00;71
7541;22;624464213;7541;420;8501;8572;5.78;0.36;272.65;7.51;960;22;2920.00;71
7545;22;624464230;7545;431;8503;8572;5.74;0.35;272.61;7.51;958;22;2921.00;69
7547;22;624464247;7547;431;8506;8576;5.78;0.36;272.62;7.51;959;22;2922.00;70
7550;22;624464261;7550;439;8507;8576;5.71;0.35;272.65;7.51;957;22;2923.00;69
7551;22;624464278;7551;435;8511;8580;5.69;0.35;272.66;7.50;960;22;2924.00;69
7553;22;624464291;7553;428;8514;8582;5.65;0.35;272.65;7.59;961;22;2925.00;68
7554;22;624464305;7554;433;8514;8582;5.59;0.34;272.67;7.59;960;22;2926.00;68
7558;22;624464316;7558;435;8514;8582;5.53;0.34;272.62;7.59;956;22;2927.00;68
7562;22;624464328;7562;445;8525;8595;5.57;0.34;272.67;7.58;963;22;2928.00;70
7564;22;624464346;7564;442;8525;8595;5.52;0.34;272.65;7.58;961;22;2929.00;70
7570;22;624464359;7570;444;8526;8595;5.42;0.33;272.60;7.67;956;22;2930.00;69
7575;22;624464372;7575;448;8527;8596;5.41;0.33;272.62;7.67;952;22;2931.00;69
7577;22;624464385;7577;451;8527;8597;5.38;0.33;272.59;7.67;950;22;2932.00;70
7581;22;624464398;7581;454;8527;8597;5.30;0.33;272.54;7.67;946;22;2933.00;70
7585;22;624464411;7585;461;8529;8600;5.32;0.33;272.45;7.67;944;22;2934.00;71
7590;22;624464424;7590;460;8530;8600;5.29;0.32;272.42;7.67;940;22;2935.00;70
7592;22;624464435;7592;460;8531;8600;5.29;0.32;272.41;7.76;939;22;2936.00;69
7595;22;624464446;7595;447;8531;8600;5.35;0.33;272.42;7.76;936;22;2937.00;69
7599;22;624464459;7599;443;8536;8606;5.39;0.33;272.39;7.75;937;22;2938.00;70
7604;22;624464473;7604;437;8536;8606;5.37;0.33;272.31;7.75;932;22;2939.00;70
7605;22;624464487;7605;430;8536;8606;5.42;0.33;272.33;7.75;931;22;2940.00;70
7606;22;624464498;7606;431;8536;8606;5.44;0.33;272.30;7.75;930;22;2941.00;70
7608;22;624464509;7608;430;8540;8610;5.50;0.34;272.27;7.84;932;22;2942.00;70
7611;22;624464522;7611;434;8541;8611;5.53;0.34;272.21;7.84;930;22;2943.00;70
7614;22;624464535;7614;434;8541;8611;5.55;0.34;272.19;7.84;927;22;2944.00;70
7618;22;624464553;7618;445;8542;8612;5.58;0.34;272.11;7.84;924;22;2945.00;70
7618;22;624464566;7618;423;8542;8612;5.67;0.35;272.11;7.84;924;22;2946.00;70
7620;22;624464584;7620;410;8542;8612;5.72;0.35;272.07;7.84;922;22;2947.00;70
7623;22;624464598;7623;390;8542;8612;5.77;0.35;272.08;7.84;919;22;2948.00;70
7624;22;624464619;7624;381;8542;8612;5.77;0.35;272.07;7.84;918;22;2949.00;70
7625;22;624464631;7625;367;8542;8612;5.77;0.35;272.05;7.84;917;22;2950.00;70
7625;22;624464649;7625;367;8542;8612;5.82;0.35;272.05;7.84;917;22;2951.00;70
7625;22;624464672;7625;377;8577;8682;6.05;0.37;272.05;7.90;952;22;2952.00;105
7625;22;624464700;7625;366;8578;8683;6.12;0.37;272.05;7.90;953;22;2953.00;105
7625;22;624464720;7625;367;8585;8683;6.26;0.38;272.05;7.89;960;22;2954.00;98
7627;22;624464741;7627;343;8586;8683;6.37;0.39;272.13;7.89;959;22;2955.00;97
7628;22;624464765;7628;337;8589;8683;6.50;0.39;272.12;7.98;961;22;2956.00;94
7630;22;624464781;7630;332;8590;8683;6.59;0.40;272.10;7.98;960;22;2957.00;93
7630;22;624464797;7630;326;8594;8683;6.76;0.41;272.10;7.98;964;22;2958.00;89
7631;22;624464817;7631;309;8595;8683;6.87;0.42;272.14;7.98;964;22;2959.00;88
7633;22;624464837;7633;305;8597;8684;6.98;0.42;272.12;7.98;964;22;2960.00;87
7635;22;624464855;7635;298;8600;8685;7.11;0.43;272.21;7.98;965;22;2961.00;85
7637;22;624464887;7637;287;8604;8685;7.21;0.44;272.22;8.08;967;22;2962.00;81
7638;22;624464907;7638;288;8610;8689;7.32;0.44;272.20;8.07;972;22;2963.00;79
7639;22;624464927;7639;284;8611;8689;7.45;0.45;272.21;8.07;972;22;2964.00;78
7641;22;624464944;7641;287;8611;8689;7.53;0.46;272.17;8.07;970;22;2965.00;78
7641;22;624464959;7641;281;8611;8689;7.57;0.46;272.17;8.07;970;22;2966.00;78
7641;22;624464975;7641;276;8615;8695;7.68;0.47;272.17;8.07;974;22;2967.00;80
7642;22;624464992;7642;267;8615;8695;7.74;0.47;272.16;8.07;973;22;2968.00;80
7643;22;624465017;7643;262;8615;8695;7.75;0.47;272.14;8.07;972;22;2969.00;80
7644;22;624465047;7644;259;8619;8701;7.83;0.48;272.13;8.07;975;22;2970.00;82
7646;22;624465064;7646;251;8619;8701;7.90;0.48;272.11;8.07;973;22;2971.00;82
7648;22;624465079;7648;248;8621;8701;8.00;0.48;272.13;8.06;973;22;2972.00;80
7649;22;624465093;7649;247;8621;8702;8.07;0.49;272.10;8.06;972;22;2973.00;81
7652;22;624465114;7652;235;8622;8703;8.16;0.49;272.08;8.06;970;22;2974.00;81
7653;22;624465127;7653;232;8622;8703;8.18;0.49;272.06;8.06;969;22;2975.00;81
7653;22;624465141;7653;236;8631;8716;8.28;0.50;272.06;8.05;978;22;2976.00;85
7655;22;624465156;7655;237;8632;8716;8.33;0.50;272.13;8.15;977;22;2977.00;84
7655;22;624465169;7655;238;8632;8716;8.39;0.51;272.13;8.15;977;22;2978.00;84
7657;22;624465182;7657;237;8633;8717;8.45;0.51;272.10;8.15;976;22;2979.00;84
7660;22;624465196;7660;242;8633;8717;8.51;0.51;272.12;8.15;973;22;2980.00;84
7663;22;624465208;7663;243;8636;8721;8.55;0.52;272.13;8.15;973;22;2981.00;85
7663;22;624465222;7663;240;8636;8721;8.59;0.52;272.13;8.15;973;22;2982.00;85
7667;22;624465236;7667;233;8639;8725;8.52;0.51;272.15;8.14;972;22;2983.00;86
7673;22;624465255;7673;239;8639;8725;8.48;0.51;272.26;8.14;966;22;2984.00;86
7673;22;624465276;7673;237;8639;8725;8.50;0.51;272.26;8.14;966;22;2985.00;86
7676;22;624465290;7676;238;8639;8725;8.50;0.51;272.32;8.14;963;22;2986.00;86
7680;22;624465302;7680;240;8639;8725;8.45;0.51;272.34;8.14;959;22;2987.00;86
7681;22;624465315;7681;243;8648;8737;8.52;0.52;272.39;8.13;967;22;2988.00;89
7683;22;624465329;7683;240;8648;8737;8.52;0.52;272.42;8.13;965;22;2989.00;89
7687;22;624465342;7687;240;8650;8737;8.48;0.51;272.45;8.13;963;22;2990.00;87
7690;22;624465360;7690;237;8650;8737;8.48;0.51;272.42;8.13;960;22;2991.00;87
7693;22;624465373;7693;226;8650;8737;8.42;0.51;272.43;8.13;957;22;2992.00;87
7695;22;624465385;7695;225;8653;8737;8.44;0.51;272.39;8.14;958;22;2993.00;84
7700;22;624465398;7700;222;8653;8738;8.39;0.51;272.38;8.14;953;22;2994.00;85
7701;22;624465411;7701;216;8655;8738;8.41;0.51;272.36;8.17;954;22;2995.00;83
7701;22;624465426;7701;220;8659;8744;8.52;0.52;272.36;8.16;958;22;2996.00;85
7705;22;624465445;7705;212;8659;8745;8.55;0.52;272.33;8.16;954;22;2997.00;86
7708;22;624465458;7708;211;8660;8745;8.68;0.53;272.30;8.16;952;22;2998.00;85
7710;22;624465472;7710;206;8660;8745;8.73;0.53;272.35;8.16;950;22;2999.00;85
7716;22;624465488;7716;210;8666;8765;8.75;0.53;272.34;8.16;950;22;3000.00;99
7718;22;624465510;7718;208;8666;8765;8.82;0.54;272.36;8.16;948;22;3001.00;99
7721;22;624465523;7721;202;8666;8765;8.79;0.53;272.43;8.16;945;22;3002.00;99
7725;22;624465537;7725;191;8667;8766;8.82;0.54;272.44;8.16;942;22;3003.00;99
7727;22;624465550;7727;191;8670;8770;8.78;0.53;272.48;8.15;943;22;3004.00;100
7731;22;624465564;7731;195;8671;8770;8.79;0.53;272.57;8.15;940;22;3005.00;99
7734;22;624465577;7734;197;8674;8773;8.85;0.54;272.53;8.15;940;22;3006.00;99
7736;22;624465590;7736;203;8677;8773;8.89;0.54;272.49;8.16;941;22;3007.00;96
7739;22;624465603;7739;204;8678;8773;8.91;0.54;272.49;8.16;939;22;3008.00;95
7743;22;624465616;7743;204;8678;8773;8.92;0.54;272.53;8.16;935;22;3009.00;95
7745;22;624465631;7745;211;8682;8777;8.89;0.54;272.50;8.17;937;22;3010.00;95
7748;22;624465651;7748;203;8683;8777;8.89;0.54;272.51;8.17;935;22;3011.00;94
7751;22;624465665;7751;202;8685;8777;8.90;0.54;272.51;8.17;934;22;3012.00;92
7752;22;624465677;7752;202;8689;8777;8.94;0.54;272.49;8.17;937;22;3013.00;88
7755;22;624465691;7755;208;8689;8778;8.94;0.54;272.52;8.17;934;22;3014.00;89
7758;22;624465703;7758;206;8691;8780;8.95;0.54;272.57;8.17;933;22;3015.00;89
7761;22;624465718;7761;207;8692;8780;8.92;0.54;272.63;8.17;931;22;3016.00;88
7763;22;624465731;7763;205;8693;8781;8.92;0.54;272.64;8.17;930;22;3017.00;88
7765;22;624465743;7765;208;8694;8781;8.92;0.54;272.66;8.17;929;22;3018.00;87
7766;22;624465756;7766;213;8694;8781;8.94;0.54;272.68;8.17;928;22;3019.00;87
7769;22;624465769;7769;221;8696;8781;8.91;0.54;272.79;8.20;927;22;3020.00;85
7771;22;624465782;7771;228;8697;8781;8.87;0.54;272.82;8.20;926;22;3021.00;84
7774;22;624465793;7774;231;8699;8781;8.86;0.54;272.93;8.23;925;22;3022.00;82
7774;22;624465806;7774;236;8700;8781;8.80;0.54;272.93;8.23;926;22;3023.00;81
7777;22;624465817;7777;262;8764;8908;8.67;0.54;273.05;8.17;987;22;3024.00;144
7781;22;624465839;7781;255;8770;8909;8.60;0.53;273.04;8.18;989;22;3025.00;139
7783;22;624465852;7783;251;8778;8909;8.61;0.53;273.14;8.20;995;22;3026.00;131
7789;22;624465863;7789;253;8784;8909;8.55;0.53;273.25;8.21;995;22;3027.00;125
7793;22;624465882;7793;262;8791;8909;8.54;0.53;273.24;8.21;998;22;3028.00;118
7797;22;624465895;7797;265;8795;8909;8.46;0.52;273.42;8.22;998;22;3029.00;114
7799;22;624465909;7799;268;8800;8909;8.40;0.52;273.39;8.24;1001;22;3030.00;109
7801;22;624465921;7801;268;8803;8909;8.35;0.51;273.40;8.25;1002;22;3031.00;106
7804;22;624465936;7804;272;8804;8910;8.33;0.51;273.42;8.25;1000;22;3032.00;106
7806;22;624465948;7806;281;8809;8911;8.31;0.51;273.40;8.26;1003;22;3033.00;102
7808;22;624465960;7808;285;8814;8911;8.29;0.51;273.38;8.26;1006;22;3034.00;97
7811;22;624465973;7811;282;8817;8912;8.14;0.50;273.36;8.27;1006;22;3035.00;95
7813;22;624465985;7813;284;8821;8912;8.02;0.49;273.44;8.28;1008;22;3036.00;91
7815;22;624465997;7815;291;8822;8912;7.87;0.48;273.48;8.29;1007;22;3037.00;90
7818;22;624466009;7818;298;8825;8912;7.72;0.48;273.49;8.30;1007;22;3038.00;87
7820;22;624466021;7820;301;8830;8916;7.66;0.47;273.54;8.31;1010;22;3039.00;86
7824;22;624466033;7824;300;8831;8916;7.62;0.47;273.64;8.31;1007;22;3040.00;85
7828;22;624466046;7828;302;8835;8916;7.59;0.47;273.64;8.32;1007;22;3041.00;81
7828;22;624466058;7828;304;8836;8919;7.58;0.46;273.64;8.32;1008;22;3042.00;83
7830;22;624466070;7830;305;8841;8919;7.58;0.46;273.67;8.34;1011;22;3043.00;78
7833;22;624466082;7833;311;8841;8919;7.53;0.46;273.69;8.34;1008;22;3044.00;78
7837;22;624466094;7837;317;8846;8923;7.46;0.46;273.72;8.34;1009;22;3045.00;77
7839;22;624466106;7839;320;8847;8924;7.43;0.45;273.72;8.34;1008;22;3046.00;77
7840;22;624466118;7840;325;8850;8924;7.36;0.45;273.76;8.35;1010;22;3047.00;74
7840;22;624466129;7840;331;8854;8928;7.31;0.45;273.76;8.35;1014;22;3048.00;74
7842;22;624466142;7842;332;8858;8928;7.22;0.44;273.76;8.36;1016;22;3049.00;70
7845;22;624466154;7845;336;8860;8928;7.13;0.44;273.79;8.36;1015;22;3050.00;68
7848;22;624466165;7848;340;8863;8929;7.00;0.43;273.82;8.36;1015;22;3051.00;66
7851;22;624466181;7851;345;8864;8929;6.84;0.42;273.79;8.36;1013;22;3052.00;65
7855;22;624466197;7855;356;8870;8935;6.75;0.41;273.78;8.36;1015;22;3053.00;65
7859;22;624466209;7859;357;8871;8935;6.62;0.40;273.81;8.36;1012;22;3054.00;64
7862;22;624466221;7862;363;8872;8936;6.50;0.40;273.77;8.36;1010;22;3055.00;64
7865;22;624466231;7865;366;8872;8936;6.38;0.39;273.85;8.36;1007;22;3056.00;64
7870;22;624466242;7870;373;8872;8936;6.17;0.38;273.94;8.36;1002;22;3057.00;64
7871;22;624466254;7871;383;8873;8936;6.03;0.37;273.97;8.36;1002;22;3058.00;63
7875;22;624466264;7875;393;8873;8936;5.88;0.36;274.00;8.36;998;22;3059.00;63
7878;22;624466276;7878;387;8902;8972;5.92;0.37;274.04;8.34;1024;22;3060.00;70
7881;22;624466289;7881;385;8903;8972;5.80;0.36;274.07;8.34;1022;22;3061.00;69
7883;22;624466299;7883;381;8905;8972;5.72;0.35;274.07;8.34;1022;22;3062.00;67
7887;22;624466308;7887;381;8906;8972;5.68;0.35;274.25;8.34;1019;22;3063.00;66
7890;22;624466319;7890;389;8907;8972;5.64;0.35;274.25;8.34;1017;22;3064.00;65
7893;22;624466329;7893;395;8907;8972;5.57;0.35;274.37;8.34;1014;22;3065.00;65
7899;22;624466344;7899;394;8912;8976;5.54;0.34;274.42;8.34;1013;22;3066.00;64
7903;22;624466355;7903;391;8914;8976;5.52;0.34;274.50;8.35;1011;22;3067.00;62
7907;22;624466367;7907;397;8919;8980;5.51;0.34;274.61;8.34;1012;22;3068.00;61
7910;22;624466378;7910;402;8920;8981;5.57;0.35;274.63;8.34;1010;22;3069.00;61
7915;22;624466389;7915;403;8920;8981;5.55;0.34;274.73;8.34;1005;22;3070.00;61
7919;22;624466399;7919;404;8920;8981;5.50;0.34;274.80;8.34;1001;22;3071.00;61
7925;22;624466409;7925;417;8931;8994;5.58;0.34;274.86;8.33;1006;22;3072.00;63
7929;22;624466421;7929;417;8931;8994;5.55;0.34;274.84;8.33;1002;22;3073.00;63
7934;22;624466432;7934;419;8931;8994;5.52;0.34;274.92;8.33;997;22;3074.00;63
7938;22;624466442;7938;418;8932;8995;5.54;0.34;274.92;8.33;994;22;3075.00;63
7942;22;624466452;7942;422;8932;8996;5.51;0.34;274.91;8.33;990;22;3076.00;64
7944;22;624466462;7944;416;8932;8996;5.54;0.34;275.01;8.33;988;22;3077.00;64
7949;22;624466473;7949;421;8934;8999;5.50;0.34;275.01;8.33;985;22;3078.00;65
7954;22;624466484;7954;425;8935;8999;5.42;0.33;275.04;8.33;981;22;3079.00;64
7958;22;624466494;7958;430;8935;8999;5.29;0.32;275.10;8.33;977;22;3080.00;64
7963;22;624466504;7963;427;8935;8999;5.16;0.32;275.13;8.33;972;22;3081.00;64
7965;22;624466514;7965;443;8940;9005;5.16;0.32;275.12;8.33;975;22;3082.00;65
7970;22;624466524;7970;440;8940;9005;5.07;0.31;275.05;8.33;970;22;3083.00;65
7974;22;624466535;7974;447;8940;9005;4.98;0.31;275.01;8.33;966;22;3084.00;65
7978;22;624466545;7978;455;8940;9005;4.86;0.30;274.95;8.33;962;22;3085.00;65
7982;22;624466555;7982;460;8943;9009;4.80;0.29;275.03;8.32;961;22;3086.00;66
7984;22;624466565;7984;469;8944;9010;4.75;0.29;275.04;8.32;960;22;3087.00;66
7986;22;624466574;7986;471;8945;9010;4.66;0.29;275.01;8.43;959;22;3088.00;65
7988;22;624466585;7988;472;8946;9011;4.62;0.29;275.01;8.42;958;22;3089.00;65
7991;22;624466596;7991;482;8946;9011;4.53;0.28;275.02;8.42;955;22;3090.00;65
7994;22;624466605;7994;491;8946;9011;4.47;0.28;275.00;8.42;952;22;3091.00;65
8000;22;624466615;8000;487;8946;9011;4.40;0.27;274.99;8.42;946;22;3092.00;65
8006;22;624466624;8006;497;8946;9011;4.34;0.27;274.94;8.42;940;22;3093.00;65
8009;22;624466633;8009;501;8946;9011;4.27;0.26;274.90;8.42;937;22;3094.00;65
8012;22;624466649;8012;503;8946;9011;4.18;0.26;274.86;8.42;934;22;3095.00;65
8015;22;624466673;8015;512;8985;9081;4.35;0.27;274.81;8.39;970;22;3096.00;96
8015;22;624466701;8015;516;8986;9082;4.31;0.26;274.81;8.39;971;22;3097.00;96
8018;22;624466718;8018;509;8993;9082;4.36;0.27;274.78;8.38;975;22;3098.00;89
8020;22;624466734;8020;506;8995;9082;4.39;0.27;274.78;8.38;975;22;3099.00;87
8023;22;624466759;8023;506;8996;9082;4.43;0.27;274.76;8.38;973;22;3100.00;86
8025;22;624466798;8025;499;8999;9082;4.48;0.28;274.75;8.38;974;22;3101.00;83
8027;22;624466815;8027;500;9000;9082;4.49;0.28;274.74;8.38;973;22;3102.00;82
8029;22;624466836;8029;506;9003;9082;4.51;0.28;274.71;8.38;974;22;3103.00;79
8031;22;624466855;8031;507;9006;9083;4.52;0.28;274.66;8.48;975;22;3104.00;77
8032;22;624466873;8032;508;9010;9085;4.57;0.28;274.68;8.48;978;22;3105.00;75
8035;22;624466889;8035;514;9013;9085;4.58;0.28;274.70;8.48;978;22;3106.00;72
8038;22;624466904;8038;483;9018;9089;4.66;0.28;274.73;8.48;980;22;3107.00;71
8040;22;624466917;8040;471;9019;9089;4.73;0.29;274.70;8.48;979;22;3108.00;70
8041;22;624466928;8041;465;9019;9089;4.78;0.29;274.73;8.48;978;22;3109.00;70
8043;22;624466940;8043;449;9019;9089;4.87;0.30;274.76;8.48;976;22;3110.00;70
8044;22;624466952;8044;442;9024;9095;4.96;0.30;274.73;8.47;980;22;3111.00;71
8047;22;624466965;8047;441;9024;9095;5.10;0.31;274.72;8.47;977;22;3112.00;71
8048;22;624466979;8048;441;9024;9095;5.23;0.32;274.72;8.47;976;22;3113.00;71
8049;22;624466993;8049;439;9026;9098;5.35;0.33;274.70;8.47;977;22;3114.00;72
8050;22;624467005;8050;445;9026;9098;5.38;0.33;274.67;8.47;976;22;3115.00;72
8050;22;624467024;8050;425;9027;9098;5.49;0.34;274.67;8.47;977;22;3116.00;71
8051;22;624467036;8051;410;9027;9099;5.56;0.34;274.68;8.47;976;22;3117.00;72
8053;22;624467050;8053;403;9028;9100;5.71;0.35;274.65;8.47;975;22;3118.00;72
8057;22;624467064;8057;386;9028;9100;5.83;0.35;274.64;8.47;971;22;3119.00;72
8057;22;624467079;8057;373;9049;9126;6.06;0.37;274.64;8.56;992;22;3120.00;77
8058;23;624467100;8058;357;9050;9126;6.15;0.37;274.61;8.56;992;23;3121.00;76
8060;23;624467128;8060;341;9051;9126;6.27;0.38;274.58;8.56;991;23;3122.00;75
8062;23;624467142;8062;337;9052;9127;6.46;0.39;274.56;8.56;990;23;3123.00;75
8062;23;624467155;8062;321;9052;9127;6.61;0.40;274.56;8.56;990;23;3124.00;75
8066;23;624467168;8066;318;9056;9131;6.74;0.41;274.53;8.55;990;23;3125.00;75
8066;23;624467188;8066;311;9056;9131;6.88;0.42;274.53;8.55;990;23;3126.00;75
8066;23;624467207;8066;301;9059;9135;6.94;0.42;274.53;8.55;993;23;3127.00;76
8069;23;624467234;8069;298;9059;9135;7.02;0.43;274.60;8.55;990;23;3128.00;76
8074;23;624467254;8074;294;9059;9135;7.06;0.43;274.75;8.55;985;23;3129.00;76
8077;23;624467273;8077;290;9059;9135;7.15;0.43;274.73;8.55;982;23;3130.00;76
8079;23;624467291;8079;285;9060;9135;7.20;0.43;274.76;8.65;981;23;3131.00;75
8083;23;624467308;8083;274;9070;9147;7.27;0.44;274.78;8.64;987;23;3132.00;77
8083;23;624467323;8083;272;9070;9147;7.38;0.45;274.78;8.64;987;23;3133.00;77
8087;23;624467337;8087;264;9071;9147;7.51;0.45;274.83;8.64;984;23;3134.00;76
8089;23;624467353;8089;259;9071;9147;7.63;0.46;274.84;8.64;982;23;3135.00;76
8092;23;624467367;8092;253;9071;9147;7.68;0.47;274.92;8.64;979;23;3136.00;76
8095;23;624467384;8095;251;9071;9147;7.81;0.47;274.98;8.64;976;23;3137.00;76
8097;23;624467401;8097;243;9071;9148;7.85;0.47;274.97;8.64;974;23;3138.00;77
8099;23;624467415;8099;242;9071;9148;7.93;0.48;275.02;8.64;972;23;3139.00;77
8101;23;624467429;8101;245;9077;9154;7.99;0.48;275.07;8.72;976;23;3140.00;77
8101;23;624467445;8101;243;9078;9155;8.02;0.49;275.07;8.72;977;23;3141.00;77
8103;23;624467459;8103;237;9078;9155;7.99;0.48;275.05;8.72;975;23;3142.00;77
8105;24;624467475;8105;235;9078;9155;7.96;0.48;275.12;8.72;973;24;3143.00;77
8107;24;624467501;8107;238;9081;9159;8.02;0.49;275.20;8.72;974;24;3144.00;78
8108;24;624467516;8108;233;9081;9159;8.06;0.49;275.24;8.72;973;24;3145.00;78
8109;24;624467530;8109;228;9081;9159;8.11;0.49;275.24;8.72;972;24;3146.00;78
8110;24;624467545;8110;227;9082;9160;8.16;0.50;275.29;8.72;972;24;3147.00;78
8113;24;624467558;8113;224;9085;9164;8.13;0.49;275.34;8.72;972;24;3148.00;79
8115;24;624467573;8115;222;9085;9164;8.12;0.49;275.38;8.72;970;24;3149.00;79
8116;24;624467589;8116;218;9089;9170;8.21;0.50;275.43;8.71;973;24;3150.00;81
8117;24;624467604;8117;222;9090;9170;8.29;0.50;275.43;8.81;973;24;3151.00;80
8120;24;624467618;8120;217;9092;9170;8.39;0.51;275.52;8.80;972;24;3152.00;78
8124;24;624467633;8124;209;9092;9170;8.49;0.51;275.55;8.80;968;24;3153.00;78
8127;24;624467649;8127;211;9096;9174;8.59;0.52;275.58;8.80;969;24;3154.00;78
8129;24;624467667;8129;210;9096;9174;8.65;0.52;275.60;8.80;967;24;3155.00;78
8131;24;624467683;8131;211;9096;9174;8.77;0.53;275.59;8.80;965;24;3156.00;78
8133;24;624467698;8133;206;9096;9174;8.86;0.54;275.58;8.80;963;24;3157.00;78
8139;24;624467712;8139;210;9096;9175;8.87;0.54;275.68;8.80;957;24;3158.00;79
8143;24;624467727;8143;207;9097;9176;8.90;0.54;275.67;8.80;954;24;3159.00;79
8145;24;624467742;8145;203;9097;9176;8.87;0.54;275.66;8.80;952;24;3160.00;79
8149;24;624467756;8149;204;9098;9177;8.88;0.54;275.70;8.80;949;24;3161.00;79
8153;24;624467770;8153;196;9098;9177;8.79;0.53;275.77;8.80;945;24;3162.00;79
8154;24;624467791;8154;204;9099;9177;8.75;0.53;275.81;8.89;945;24;3163.00;78
8157;24;624467805;8157;208;9099;9177;8.74;0.53;275.84;8.89;942;24;3164.00;78
8158;24;624467819;8158;199;9100;9177;8.69;0.53;275.83;8.90;942;24;3165.00;77
8162;24;624467833;8162;206;9100;9177;8.64;0.53;275.82;8.90;938;24;3166.00;77
8169;24;624467847;8169;204;9100;9177;8.64;0.52;275.93;8.90;931;24;3167.00;77
8173;24;624467861;8173;231;9169;9304;8.58;0.53;275.86;8.83;996;24;3168.00;135
8178;24;624467886;8178;223;9171;9305;8.54;0.53;275.90;8.83;993;24;3169.00;134
8183;24;624467906;8183;211;9178;9305;8.56;0.53;275.89;8.84;995;24;3170.00;127
8185;24;624467921;8185;205;9182;9305;8.59;0.53;275.94;8.83;997;24;3171.00;123
8187;24;624467935;8187;202;9186;9305;8.59;0.53;275.95;8.83;999;24;3172.00;119
8189;24;624467948;8189;203;9187;9305;8.58;0.53;276.03;8.83;998;24;3173.00;118
8190;24;624467962;8190;202;9190;9305;8.55;0.53;276.00;8.83;1000;24;3174.00;115
8191;24;624467976;8191;205;9192;9305;8.57;0.53;276.00;8.83;1001;24;3175.00;113
8195;24;624467989;8195;200;9194;9306;8.60;0.53;276.02;8.83;999;24;3176.00;112
8197;24;624468007;8197;206;9199;9307;8.65;0.53;275.98;8.83;1002;24;3177.00;108
8200;24;624468022;8200;199;9203;9307;8.66;0.53;276.02;8.83;1003;24;3178.00;104
8205;24;624468035;8205;200;9204;9308;8.59;0.53;276.01;8.83;999;24;3179.00;104
8209;24;624468050;8209;201;9210;9308;8.60;0.53;276.04;8.83;1001;24;3180.00;98
8210;24;624468064;8210;208;9214;9308;8.50;0.52;276.09;8.83;1004;24;3181.00;94
8211;24;624468077;8211;211;9214;9308;8.49;0.52;276.13;8.83;1003;24;3182.00;94
8214;24;624468097;8214;219;9219;9312;8.45;0.52;276.11;8.83;1005;24;3183.00;93
8219;24;624468111;8219;223;9219;9312;8.45;0.52;276.13;8.83;1000;24;3184.00;93
8221;24;624468125;8221;228;9220;9312;8.39;0.51;276.13;8.83;999;24;3185.00;92
8224;24;624468139;8224;236;9223;9315;8.34;0.51;276.25;8.83;999;24;3186.00;92
8228;24;624468163;8228;240;9224;9315;8.31;0.51;276.26;8.84;996;24;3187.00;91
8231;24;624468180;8231;252;9225;9315;8.30;0.51;276.28;8.84;994;24;3188.00;90
8234;24;624468202;8234;260;9227;9319;8.25;0.50;276.31;8.84;993;24;3189.00;92
8237;24;624468229;8237;262;9228;9320;8.19;0.50;276.42;8.84;991;24;3190.00;92
8239;24;624468248;8239;266;9234;9322;8.13;0.50;276.43;8.86;995;24;3191.00;88
8241;24;624468264;8241;269;9237;9326;8.14;0.50;276.42;8.86;996;24;3192.00;89
8245;24;624468279;8245;267;9241;9326;8.08;0.49;276.46;8.88;996;24;3193.00;85
8248;24;624468293;8248;271;9241;9326;8.07;0.49;276.51;8.88;993;24;3194.00;85
8252;24;624468307;8252;278;9244;9328;8.00;0.49;276.46;8.89;992;24;3195.00;84
8257;24;624468321;8257;281;9245;9328;7.96;0.49;276.48;8.89;988;24;3196.00;83
8258;24;624468335;8258;283;9251;9334;8.00;0.49;276.51;8.90;993;24;3197.00;83
8260;24;624468349;8260;291;9251;9334;7.96;0.49;276.50;8.90;991;24;3198.00;83
8264;24;624468362;8264;298;9253;9335;7.85;0.48;276.59;8.91;989;24;3199.00;82
8266;24;624468375;8266;306;9254;9335;7.78;0.48;276.66;8.91;988;24;3200.00;81
8269;24;624468393;8269;306;9255;9335;7.69;0.47;276.66;8.92;986;24;3201.00;80
8272;24;624468405;8272;312;9255;9335;7.59;0.46;276.67;8.92;983;24;3202.00;80
8275;24;624468417;8275;316;9256;9335;7.50;0.46;276.64;8.93;981;24;3203.00;79
8279;24;624468429;8279;321;9266;9347;7.48;0.46;276.63;8.92;987;24;3204.00;81
8280;24;624468442;8280;334;9269;9347;7.39;0.45;276.71;8.95;989;24;3205.00;78
8281;24;624468453;8281;345;9270;9347;7.30;0.45;276.71;8.95;989;24;3206.00;77
8289;24;624468466;8289;354;9272;9347;7.15;0.44;276.69;8.97;983;24;3207.00;75
8291;24;624468480;8291;368;9273;9347;7.03;0.43;276.75;8.97;982;24;3208.00;74
8293;24;624468491;8293;368;9276;9347;6.95;0.42;276.82;9.00;983;24;3209.00;71
8294;24;624468505;8294;366;9279;9351;6.85;0.42;276.81;8.99;985;24;3210.00;72
8299;24;624468516;8299;364;9280;9351;6.77;0.41;276.89;9.00;981;24;3211.00;71
8301;24;624468528;8301;365;9284;9355;6.80;0.42;276.92;9.00;983;24;3212.00;71
8303;24;624468539;8303;365;9287;9356;6.71;0.41;276.89;9.01;984;24;3213.00;69
8305;24;624468551;8305;368;9287;9356;6.65;0.41;276.93;9.01;982;24;3214.00;69
8308;24;624468563;8308;367;9289;9356;6.56;0.40;277.04;9.02;981;24;3215.00;67
8314;24;624468574;8314;371;9300;9369;6.41;0.39;277.09;9.01;986;24;3216.00;69
8316;24;624468587;8316;376;9300;9369;6.34;0.39;277.08;9.01;984;24;3217.00;69
8318;24;624468599;8318;378;9302;9369;6.35;0.39;277.19;9.02;984;24;3218.00;67
8320;24;624468611;8320;382;9303;9370;6.36;0.39;277.16;9.02;983;24;3219.00;67
8321;24;624468621;8321;386;9305;9371;6.30;0.39;277.15;9.02;984;24;3220.00;66
8325;24;624468633;8325;394;9305;9371;6.26;0.38;277.31;9.02;980;24;3221.00;66
8328;24;624468645;8328;394;9308;9374;6.11;0.37;277.30;9.02;980;24;3222.00;66
8330;24;624468657;8330;394;9310;9374;5.99;0.37;277.31;9.03;980;24;3223.00;64
8335;24;624468668;8335;394;9310;9374;5.88;0.36;277.34;9.03;975;24;3224.00;64
8338;24;624468678;8338;402;9312;9374;5.76;0.35;277.36;9.04;974;24;3225.00;62
8342;24;624468689;8342;404;9318;9380;5.69;0.35;277.44;9.03;976;24;3226.00;62
8343;24;624468700;8343;411;9319;9380;5.57;0.34;277.46;9.04;976;24;3227.00;61
8346;24;624468711;8346;418;9319;9380;5.35;0.33;277.43;9.04;973;24;3228.00;61
8348;24;624468721;8348;428;9319;9380;5.20;0.32;277.42;9.04;971;24;3229.00;61
8353;24;624468731;8353;427;9324;9384;5.05;0.31;277.42;9.03;971;24;3230.00;60
8357;24;624468741;8357;431;9325;9385;4.93;0.30;277.36;9.03;968;24;3231.00;60
8361;24;624468751;8361;431;9327;9385;4.85;0.30;277.35;9.03;966;24;3232.00;58
8362;24;624468760;8362;429;9328;9386;4.86;0.30;277.34;9.03;966;24;3233.00;58
8368;24;624468770;8368;433;9328;9386;4.83;0.30;277.36;9.03;960;24;3234.00;58
8373;24;624468780;8373;430;9330;9386;4.78;0.29;277.36;9.03;957;24;3235.00;56
8379;24;624468790;8379;436;9330;9386;4.75;0.29;277.31;9.03;951;24;3236.00;56
8381;24;624468800;8381;439;9330;9386;4.76;0.29;277.29;9.03;949;24;3237.00;56
8384;24;624468810;8384;441;9330;9386;4.74;0.29;277.30;9.03;946;24;3238.00;56
8385;24;624468819;8385;436;9330;9386;4.76;0.29;277.27;9.03;945;24;3239.00;56
8387;24;624468830;8387;435;9385;9511;5.14;0.32;277.26;8.98;998;24;3240.00;126
8388;24;624468851;8388;435;9389;9512;5.22;0.32;277.28;8.98;1001;24;3241.00;123
8390;24;624468862;8390;434;9400;9512;5.30;0.33;277.27;8.97;1010;24;3242.00;112
8395;24;624468872;8395;431;9406;9512;5.30;0.33;277.29;8.97;1011;24;3243.00;106
8399;24;624468883;8399;439;9415;9512;5.34;0.33;277.38;8.96;1016;24;3244.00;97
8401;24;624468894;8401;441;9417;9512;5.36;0.33;277.35;8.96;1016;24;3245.00;95
8405;24;624468904;8405;445;9422;9512;5.32;0.33;277.35;8.96;1017;24;3246.00;90
8407;24;624468914;8407;454;9426;9512;5.28;0.33;277.34;8.96;1019;24;3247.00;86
8410;24;624468925;8410;458;9430;9513;5.25;0.32;277.32;8.96;1020;24;3248.00;83
8413;24;624468936;8413;463;9433;9514;5.21;0.32;277.34;8.96;1020;24;3249.00;81
8415;24;624468946;8415;469;9435;9514;5.22;0.32;277.33;8.96;1020;24;3250.00;79
8419;24;624468958;8419;468;9440;9518;5.21;0.32;277.27;8.95;1021;24;3251.00;78
8421;24;624468970;8421;472;9440;9518;5.17;0.32;277.30;8.95;1019;24;3252.00;78
8424;24;624468982;8424;476;9440;9518;5.14;0.32;277.26;8.95;1016;24;3253.00;78
8428;24;624468993;8428;488;9441;9518;5.07;0.31;277.24;9.05;1013;24;3254.00;77
8431;24;624469005;8431;501;9446;9524;4.98;0.31;277.32;9.04;1015;24;3255.00;78
8434;24;624469017;8434;500;9446;9524;4.94;0.30;277.31;9.04;1012;24;3256.00;78
8436;24;624469028;8436;505;9446;9524;4.91;0.30;277.33;9.04;1010;24;3257.00;78
8437;24;624469040;8437;508;9448;9527;4.88;0.30;277.35;9.04;1011;24;3258.00;79
8444;24;624469051;8444;494;9449;9527;4.81;0.30;277.35;9.04;1005;24;3259.00;78
8446;24;624469063;8446;483;9449;9527;4.86;0.30;277.33;9.04;1003;24;3260.00;78
8448;24;624469073;8448;480;9449;9528;4.87;0.30;277.34;9.04;1001;24;3261.00;79
8453;24;624469084;8453;481;9450;9529;4.86;0.30;277.37;9.04;997;24;3262.00;79
8454;24;624469097;8454;478;9450;9529;4.93;0.30;277.37;9.04;996;24;3263.00;79
8459;24;624469108;8459;479;9459;9542;5.02;0.31;277.29;9.03;1000;24;3264.00;83
8460;24;624469121;8460;476;9460;9542;5.14;0.31;277.28;9.03;1000;24;3265.00;82
8464;24;624469137;8464;472;9461;9542;5.17;0.32;277.29;9.03;997;24;3266.00;81
8466;25;624469151;8466;476;9462;9543;5.22;0.32;277.29;9.03;996;25;3267.00;81
8470;25;624469174;8470;477;9462;9543;5.24;0.32;277.24;9.03;992;25;3268.00;81
8471;25;624469186;8471;478;9465;9547;5.30;0.32;277.26;9.03;994;25;3269.00;82
8474;25;624469203;8474;486;9466;9547;5.29;0.32;277.21;9.03;992;25;3270.00;81
8478;25;624469215;8478;486;9469;9551;5.33;0.33;277.15;9.02;991;25;3271.00;82
8479;25;624469227;8479;482;9469;9551;5.35;0.33;277.13;9.02;990;25;3272.00;82
8481;25;624469238;8481;484;9469;9551;5.37;0.33;277.16;9.02;988;25;3273.00;82
8482;25;624469256;8482;484;9469;9551;5.34;0.33;277.20;9.02;987;25;3274.00;82
8482;25;624469266;8482;484;9469;9551;5.41;0.33;277.20;9.02;987;25;3275.00;82
8483;25;624469277;8483;483;9479;9563;5.57;0.34;277.19;9.01;996;25;3276.00;84
8487;25;624469288;8487;468;9479;9563;5.55;0.34;277.16;9.01;992;25;3277.00;84
8487;25;624469300;8487;458;9480;9563;5.61;0.34;277.16;9.01;993;25;3278.00;83
8488;25;624469310;8488;445;9480;9563;5.69;0.35;277.14;9.01;992;25;3279.00;83
8490;25;624469321;8490;431;9480;9563;5.75;0.35;277.16;9.01;990;25;3280.00;83
8490;25;624469332;8490;426;9480;9563;5.87;0.36;277.16;9.01;990;25;3281.00;83
8493;25;624469343;8493;416;9480;9564;5.96;0.36;277.22;9.01;987;25;3282.00;84
8494;25;624469355;8494;407;9480;9564;6.10;0.37;277.30;9.01;986;25;3283.00;84
8497;25;624469366;8497;404;9485;9570;6.24;0.38;277.37;9.01;988;25;3284.00;85
8502;25;624469378;8502;401;9487;9572;6.34;0.39;277.38;9.01;985;25;3285.00;85
8506;25;624469396;8506;383;9487;9572;6.47;0.39;277.49;9.01;981;25;3286.00;85
8511;25;624469408;8511;365;9487;9572;6.54;0.40;277.49;9.01;976;25;3287.00;85
8513;25;624469425;8513;355;9490;9576;6.76;0.41;277.62;9.01;977;25;3288.00;86
8515;25;624469438;8515;334;9490;9576;6.87;0.42;277.62;9.01;975;25;3289.00;86
8517;25;624469450;8517;326;9490;9576;6.99;0.42;277.70;9.01;973;25;3290.00;86
8519;25;624469462;8519;318;9491;9577;7.15;0.43;277.72;9.00;972;25;3291.00;86
8520;25;624469476;8520;311;9494;9581;7.30;0.44;277.73;9.00;974;25;3292.00;87
8520;25;624469489;8520;301;9494;9581;7.50;0.46;277.73;9.00;974;25;3293.00;87
8523;25;624469502;8523;288;9496;9584;7.65;0.47;277.80;9.00;973;25;3294.00;88
8524;25;624469520;8524;286;9496;9584;7.76;0.47;277.83;9.00;972;25;3295.00;88
8525;25;624469534;8525;288;9497;9584;7.95;0.48;277.85;9.00;972;25;3296.00;87
8528;25;624469546;8528;278;9497;9584;8.07;0.49;277.83;9.00;969;25;3297.00;87
8530;25;624469559;8530;269;9501;9588;8.21;0.50;277.91;9.00;971;25;3298.00;87
8536;25;624469573;8536;268;9501;9588;8.26;0.50;277.97;9.00;965;25;3299.00;87
8538;25;624469592;8538;268;9506;9607;8.31;0.50;278.00;8.99;968;25;3300.00;101
8540;25;624469617;8540;264;9506;9607;8.39;0.51;278.07;8.99;966;25;3301.00;101
8544;25;624469630;8544;259;9506;9608;8.42;0.51;278.16;8.99;962;25;3302.00;102
8546;25;624469644;8546;252;9507;9609;8.44;0.51;278.12;8.99;961;25;3303.00;102
8548;25;624469658;8548;249;9507;9609;8.43;0.51;278.16;8.99;959;25;3304.00;102
8553;25;624469671;8553;248;9508;9610;8.46;0.51;278.24;8.99;955;25;3305.00;102
8556;25;624469684;8556;246;9510;9610;8.48;0.51;278.25;8.99;954;25;3306.00;100
8557;25;624469697;8557;240;9510;9610;8.56;0.52;278.26;8.99;953;25;3307.00;100
8560;26;624469710;8560;244;9510;9610;8.61;0.52;278.29;8.99;950;26;3308.00;100
8561;26;624469733;8561;240;9510;9610;8.71;0.53;278.33;8.99;949;26;3309.00;100
8564;26;624469747;8564;236;9510;9610;8.79;0.53;278.45;8.99;946;26;3310.00;100
8568;26;624469759;8568;242;9511;9610;8.83;0.53;278.56;8.99;943;26;3311.00;99
8572;26;624469772;8572;260;9581;9737;8.72;0.53;278.67;8.92;1009;26;3312.00;156
8574;26;624469794;8574;247;9581;9738;8.77;0.54;278.70;8.92;1007;26;3313.00;157
8576;26;624469808;8576;238;9585;9738;8.85;0.54;278.84;8.92;1009;26;3314.00;153
8580;26;624469821;8580;237;9587;9738;8.95;0.55;278.98;8.92;1007;26;3315.00;151
8580;26;624469834;8580;236;9590;9738;9.01;0.55;278.98;8.92;1010;26;3316.00;148
8585;26;624469851;8585;236;9592;9738;9.00;0.55;279.09;8.92;1007;26;3317.00;146
8587;26;624469865;8587;234;9596;9738;9.07;0.55;279.14;8.92;1009;26;3318.00;142
8589;26;624469878;8589;237;9599;9738;9.16;0.56;279.20;8.92;1010;26;3319.00;139
8592;26;624469891;8592;235;9602;9739;9.13;0.56;279.24;8.92;1010;26;3320.00;137
8594;26;624469928;8594;236;9603;9740;9.11;0.55;279.23;8.92;1009;26;3321.00;137
8595;26;624469941;8595;232;9605;9740;9.11;0.55;279.28;8.92;1010;26;3322.00;135
8597;26;624469953;8597;241;9609;9741;9.08;0.55;279.29;8.92;1012;26;3323.00;132
8599;26;624469967;8599;244;9612;9741;8.96;0.55;279.26;8.92;1013;26;3324.00;129
8603;26;624469981;8603;244;9614;9741;8.92;0.54;279.37;8.92;1011;26;3325.00;127
8604;26;624469994;8604;245;9614;9741;8.88;0.54;279.36;8.92;1010;26;3326.00;127
8606;26;624470007;8606;249;9617;9745;8.83;0.54;279.39;8.92;1011;26;3327.00;128
8610;26;624470020;8610;255;9618;9745;8.73;0.53;279.42;8.92;1008;26;3328.00;127
8614;26;624470033;8614;253;9619;9745;8.67;0.53;279.52;8.93;1005;26;3329.00;126
8616;26;624470047;8616;256;9623;9751;8.62;0.53;279.56;8.93;1007;26;3330.00;128
8616;26;624470060;8616;250;9624;9751;8.63;0.53;279.56;8.93;1008;26;3331.00;127
8621;26;624470072;8621;246;9627;9751;8.56;0.52;279.58;8.93;1006;26;3332.00;124
8623;26;624470085;8623;242;9631;9755;8.58;0.52;279.56;8.93;1008;26;3333.00;124
8626;26;624470097;8626;234;9635;9756;8.55;0.52;279.62;8.93;1009;26;3334.00;121
8631;26;624470110;8631;228;9641;9756;8.51;0.52;279.67;8.96;1010;26;3335.00;115
8636;26;624470124;8636;220;9645;9760;8.51;0.52;279.65;8.95;1009;26;3336.00;115
8641;26;624470138;8641;224;9646;9760;8.50;0.52;279.69;8.96;1005;26;3337.00;114
8650;26;624470150;8650;222;9647;9760;8.46;0.52;279.70;8.96;997;26;3338.00;113
8650;26;624470163;8650;215;9648;9761;8.50;0.52;279.70;8.96;998;26;3339.00;113
8652;26;624470175;8652;218;9650;9761;8.48;0.52;279.71;8.96;998;26;3340.00;111
8659;26;624470190;8659;217;9655;9767;8.50;0.52;279.76;8.96;996;26;3341.00;112
8662;26;624470210;8662;218;9656;9767;8.52;0.52;279.79;8.96;994;26;3342.00;111
8664;26;624470231;8664;222;9658;9768;8.47;0.52;279.79;8.96;994;26;3343.00;110
8668;26;624470252;8668;225;9658;9768;8.44;0.51;279.74;8.96;990;26;3344.00;110
8670;26;624470276;8670;228;9658;9768;8.46;0.52;279.72;8.96;988;26;3345.00;110
8674;26;624470296;8674;235;9660;9768;8.40;0.51;279.70;8.97;986;26;3346.00;108
8677;26;624470313;8677;242;9660;9768;8.44;0.51;279.75;8.97;983;26;3347.00;108
8681;26;624470326;8681;245;9670;9780;8.50;0.52;279.79;8.96;989;26;3348.00;110
8684;26;624470340;8684;247;9671;9780;8.44;0.51;279.83;8.96;987;26;3349.00;109
8688;26;624470354;8688;242;9672;9780;8.33;0.51;279.89;8.96;984;26;3350.00;108
8691;26;624470368;8691;256;9673;9780;8.21;0.50;279.89;8.96;982;26;3351.00;107
8694;26;624470380;8694;260;9673;9780;8.12;0.50;279.91;8.96;979;26;3352.00;107
8698;26;624470392;8698;261;9673;9780;8.09;0.49;280.04;8.96;975;26;3353.00;107
8701;26;624470406;8701;266;9678;9784;8.00;0.49;280.13;8.96;977;26;3354.00;106
8706;26;624470419;8706;268;9678;9784;7.90;0.48;280.16;8.96;972;26;3355.00;106
8710;26;624470431;8710;267;9682;9788;7.92;0.48;280.18;8.96;972;26;3356.00;106
8714;26;624470444;8714;258;9684;9789;7.84;0.47;280.14;8.96;970;26;3357.00;105
8714;26;624470457;8714;253;9684;9789;7.80;0.47;280.14;8.96;970;26;3358.00;105
8717;26;624470470;8717;259;9684;9789;7.74;0.47;280.23;8.96;967;26;3359.00;105
8720;26;624470484;8720;277;9708;9818;7.67;0.47;280.27;8.96;988;26;3360.00;110
8722;26;624470499;8722;275;9709;9818;7.60;0.46;280.28;8.96;987;26;3361.00;109
8726;26;624470511;8726;285;9711;9818;7.54;0.46;280.49;8.96;985;26;3362.00;107
8728;26;624470530;8728;294;9714;9819;7.50;0.46;280.51;8.98;986;26;3363.00;105
8730;26;624470542;8730;307;9714;9820;7.47;0.46;280.56;8.98;984;26;3364.00;106
8732;26;624470554;8732;318;9716;9820;7.39;0.45;280.60;9.01;984;26;3365.00;104
8734;26;624470566;8734;319;9718;9823;7.36;0.45;280.58;9.00;984;26;3366.00;105
8736;26;624470579;8736;324;9720;9823;7.30;0.45;280.62;9.03;984;26;3367.00;103
8737;26;624470593;8737;331;9721;9823;7.27;0.44;280.64;9.03;984;26;3368.00;102
8738;26;624470605;8738;340;9723;9823;7.20;0.44;280.65;9.05;985;26;3369.00;100
8742;26;624470616;8742;347;9729;9829;7.13;0.44;280.64;9.05;987;26;3370.00;100
8744;26;624470629;8744;356;9729;9829;7.05;0.43;280.67;9.05;985;26;3371.00;100
8746;26;624470640;8746;359;9730;9829;6.95;0.43;280.67;9.06;984;26;3372.00;99
8748;26;624470653;8748;362;9730;9829;6.87;0.42;280.67;9.06;982;26;3373.00;99
8750;26;624470664;8750;374;9735;9833;6.80;0.42;280.71;9.07;985;26;3374.00;98
8752;26;624470676;8752;380;9738;9835;6.71;0.41;280.67;9.08;986;26;3375.00;97
8753;26;624470688;8753;379;9738;9835;6.59;0.41;280.66;9.08;985;26;3376.00;97
8755;26;624470699;8755;384;9740;9836;6.50;0.40;280.67;9.09;985;26;3377.00;96
8759;26;624470710;8759;390;9740;9836;6.37;0.39;280.64;9.09;981;26;3378.00;96
8760;26;624470722;8760;388;9740;9836;6.28;0.39;280.61;9.09;980;26;3379.00;96
8762;26;624470734;8762;382;9744;9836;6.20;0.38;280.57;9.12;982;26;3380.00;92
8766;26;624470746;8766;383;9744;9836;6.13;0.38;280.48;9.12;978;26;3381.00;92
8768;26;624470757;8768;383;9746;9836;6.11;0.38;280.46;9.12;978;26;3382.00;90
8769;26;624470768;8769;385;9747;9836;6.09;0.38;280.44;9.13;978;26;3383.00;89
8770;26;624470779;8770;393;9783;9906;6.20;0.38;280.42;9.11;1013;26;3384.00;123
8772;26;624470796;8772;397;9786;9907;6.16;0.38;280.42;9.10;1014;26;3385.00;121
8776;26;624470808;8776;397;9796;9907;6.18;0.38;280.46;9.10;1020;26;3386.00;111
8777;26;624470819;8777;401;9799;9907;6.13;0.38;280.44;9.10;1022;26;3387.00;108
8779;26;624470830;8779;412;9804;9907;6.11;0.38;280.40;9.11;1025;26;3388.00;103
8782;26;624470840;8782;417;9807;9907;6.04;0.37;280.40;9.10;1025;26;3389.00;100
8783;26;624470853;8783;417;9811;9907;6.04;0.37;280.37;9.11;1028;26;3390.00;96
8788;26;624470864;8788;424;9814;9907;5.93;0.36;280.35;9.11;1026;26;3391.00;93
8793;26;624470875;8793;430;9816;9908;5.81;0.35;280.32;9.11;1023;26;3392.00;92
8797;26;624470886;8797;429;9818;9909;5.67;0.35;280.29;9.11;1021;26;3393.00;91
8800;26;624470897;8800;430;9821;9909;5.56;0.34;280.28;9.12;1021;26;3394.00;88
8802;26;624470908;8802;437;9825;9913;5.47;0.33;280.28;9.13;1023;26;3395.00;88
8810;26;624470924;8810;445;9826;9913;5.30;0.32;280.21;9.14;1016;26;3396.00;87
8811;26;624470942;8811;445;9826;9913;5.18;0.32;280.23;9.14;1015;26;3397.00;87
8815;26;624470957;8815;460;9828;9913;5.04;0.31;280.24;9.15;1013;26;3398.00;85
8817;26;624470973;8817;465;9833;9919;4.93;0.30;280.23;9.15;1016;26;3399.00;86
8819;26;624470992;8819;456;9834;9919;4.86;0.30;280.27;9.15;1015;26;3400.00;85
8821;26;624471013;8821;455;9834;9919;4.81;0.29;280.25;9.15;1013;26;3401.00;85
8824;26;624471026;8824;452;9837;9922;4.79;0.29;280.28;9.15;1013;26;3402.00;85
8825;26;624471038;8825;447;9837;9922;4.78;0.29;280.30;9.15;1012;26;3403.00;85
8827;26;624471048;8827;444;9838;9922;4.76;0.29;280.33;9.16;1011;26;3404.00;84
8830;26;624471059;8830;440;9839;9923;4.76;0.29;280.36;9.16;1009;26;3405.00;84
8832;26;624471070;8832;445;9841;9924;4.77;0.29;280.32;9.16;1009;26;3406.00;83
8836;26;624471081;8836;441;9841;9924;4.75;0.29;280.31;9.16;1005;26;3407.00;83
8839;26;624471091;8839;447;9851;9937;4.84;0.30;280.27;9.15;1012;26;3408.00;86
8840;26;624471104;8840;444;9852;9937;4.92;0.30;280.28;9.15;1012;26;3409.00;85
8845;26;624471115;8845;441;9852;9937;4.93;0.30;280.24;9.15;1007;26;3410.00;85
8847;26;624471126;8847;440;9853;9938;5.01;0.31;280.23;9.15;1006;26;3411.00;85
8850;26;624471137;8850;427;9853;9938;5.09;0.31;280.24;9.15;1003;26;3412.00;85
8854;26;624471149;8854;415;9856;9942;5.19;0.32;280.24;9.15;1002;26;3413.00;86
8856;26;624471160;8856;412;9856;9942;5.29;0.32;280.24;9.15;1000;26;3414.00;86
8860;26;624471171;8860;408;9860;9946;5.35;0.33;280.22;9.15;1000;26;3415.00;86
8863;26;624471182;8863;408;9860;9946;5.40;0.33;280.19;9.15;997;26;3416.00;86
8868;26;624471194;8868;406;9861;9946;5.40;0.33;280.16;9.15;993;26;3417.00;85
8873;26;624471206;8873;410;9861;9946;5.45;0.33;280.10;9.15;988;26;3418.00;85
8874;26;624471218;8874;409;9862;9946;5.52;0.34;280.12;9.15;988;26;3419.00;84
8876;26;624471231;8876;409;9888;9980;5.76;0.35;280.09;9.13;1012;26;3420.00;92
8878;26;624471245;8878;413;9889;9980;5.81;0.36;280.10;9.12;1011;26;3421.00;91
8882;26;624471258;8882;417;9891;9980;5.88;0.36;280.08;9.12;1009;26;3422.00;89
8883;26;624471270;8883;421;9891;9980;5.92;0.36;280.06;9.12;1008;26;3423.00;89
8885;26;624471282;8885;421;9892;9980;5.93;0.36;280.07;9.12;1007;26;3424.00;88
8888;26;624471294;8888;421;9892;9980;5.92;0.36;280.10;9.12;1004;26;3425.00;88
8889;26;624471305;8889;422;9893;9981;5.92;0.36;280.08;9.23;1004;26;3426.00;88
8895;27;624471318;8895;419;9893;9981;5.88;0.36;280.19;9.23;998;27;3427.00;88
8899;27;624471343;8899;416;9898;9987;5.86;0.36;280.14;9.22;999;27;3428.00;89
8900;27;624471356;8900;416;9899;9988;5.85;0.36;280.12;9.22;999;27;3429.00;89
8904;27;624471368;8904;414;9899;9988;5.83;0.36;280.10;9.22;995;27;3430.00;89
8905;27;624471379;8905;418;9899;9988;5.86;0.36;280.12;9.22;994;27;3431.00;89
8910;27;624471390;8910;416;9901;9992;5.90;0.36;280.12;9.22;991;27;3432.00;91
8913;27;624471402;8913;417;9902;9992;5.88;0.36;280.14;9.22;989;27;3433.00;90
8915;27;624471422;8915;417;9902;9992;5.89;0.36;280.25;9.22;987;27;3434.00;90
8919;27;624471434;8919;423;9903;9993;5.85;0.36;280.27;9.22;984;27;3435.00;90
8922;27;624471446;8922;422;9906;9997;5.87;0.36;280.30;9.22;984;27;3436.00;91
8924;27;624471458;8924;422;9906;9997;5.88;0.36;280.28;9.22;982;27;3437.00;91
8929;27;624471470;8929;418;9908;10000;5.87;0.36;280.30;9.21;979;27;3438.00;92
8935;27;624471482;8935;421;9908;10000;5.88;0.36;280.29;9.21;973;27;3439.00;92
8939;27;624471494;8939;423;9909;10000;5.87;0.36;280.30;9.21;970;27;3440.00;91
8946;27;624471506;8946;420;9909;10000;5.78;0.35;280.37;9.21;963;27;3441.00;91
8948;27;624471517;8948;425;9913;10004;5.83;0.35;280.37;9.21;965;27;3442.00;91
8952;27;624471529;8952;420;9913;10004;5.79;0.35;280.43;9.21;961;27;3443.00;91
8954;27;624471540;8954;424;9913;10004;5.75;0.35;280.42;9.21;959;27;3444.00;91
8956;27;624471552;8956;423;9913;10004;5.71;0.35;280.45;9.21;957;27;3445.00;91
8957;27;624471563;8957;426;9913;10005;5.68;0.35;280.45;9.21;956;27;3446.00;92
8959;27;624471574;8959;410;9914;10006;5.76;0.35;280.46;9.21;955;27;3447.00;92
8962;27;624471586;8962;388;9914;10006;5.84;0.36;280.54;9.21;952;27;3448.00;92
8963;27;624471598;8963;382;9915;10007;5.96;0.36;280.53;9.21;952;27;3449.00;92
8967;27;624471611;8967;373;9915;10007;6.00;0.37;280.69;9.21;948;27;3450.00;92
8969;27;624471623;8969;367;9915;10007;6.09;0.37;280.78;9.21;946;27;3451.00;92
8972;27;624471634;8972;369;9915;10007;6.17;0.38;280.79;9.21;943;27;3452.00;92
8975;27;624471647;8975;362;9915;10007;6.26;0.38;280.90;9.21;940;27;3453.00;92
8978;27;624471659;8978;363;9915;10007;6.33;0.38;280.98;9.21;937;27;3454.00;92
8980;27;624471670;8980;360;9915;10007;6.44;0.39;281.03;9.21;935;27;3455.00;92
8984;27;624471681;8984;379;9992;10134;6.50;0.40;281.04;9.14;1008;27;3456.00;142
8986;27;624471704;8986;352;9992;10135;6.58;0.41;281.09;9.14;1006;27;3457.00;143
8986;28;624471722;8986;330;9996;10135;6.76;0.42;281.09;9.14;1010;28;3458.00;139
8988;28;624471748;8988;320;9996;10135;6.90;0.43;281.15;9.14;1008;28;3459.00;139
8990;28;624471761;8990;298;10000;10135;7.09;0.44;281.17;9.13;1010;28;3460.00;135
8995;28;624471773;8995;291;10000;10135;7.20;0.44;281.24;9.13;1005;28;3461.00;135
8996;28;624471802;8996;282;10002;10135;7.36;0.45;281.26;9.13;1006;28;3462.00;133
8998;28;624471822;8998;280;10004;10135;7.56;0.46;281.23;9.13;1006;28;3463.00;131
8998;28;624471835;8998;272;10005;10136;7.65;0.47;281.23;9.13;1007;28;3464.00;131
9000;28;624471854;9000;272;10009;10138;7.64;0.47;281.30;9.13;1009;28;3465.00;129
9004;28;624471868;9004;270;10011;10138;7.65;0.47;281.41;9.13;1007;28;3466.00;127
9006;28;624471882;9006;274;10011;10139;7.62;0.47;281.42;9.13;1005;28;3467.00;128
9012;28;624471896;9012;273;10016;10139;7.58;0.46;281.55;9.13;1004;28;3468.00;123
9014;28;624471911;9014;276;10017;10139;7.57;0.46;281.58;9.13;1003;28;3469.00;122
9015;28;624471926;9015;280;10019;10139;7.66;0.47;281.59;9.13;1004;28;3470.00;120
9019;28;624471940;9019;286;10025;10143;7.70;0.47;281.62;9.13;1006;28;3471.00;118
9022;28;624471954;9022;292;10027;10143;7.76;0.47;281.73;9.13;1005;28;3472.00;116
9026;28;624471967;9026;293;10030;10143;7.81;0.48;281.78;9.14;1004;28;3473.00;113
9027;28;624471983;9027;291;10033;10146;7.90;0.48;281.80;9.14;1006;28;3474.00;113
9029;28;624471997;9029;287;10036;10146;7.93;0.48;281.84;9.14;1007;28;3475.00;110
9030;28;624472011;9030;292;10037;10146;7.94;0.48;281.88;9.14;1007;28;3476.00;109
9031;28;624472025;9031;291;10041;10150;8.03;0.49;281.89;9.14;1010;28;3477.00;109
9034;28;624472039;9034;292;10043;10151;8.11;0.50;281.96;9.14;1009;28;3478.00;108
9036;28;624472053;9036;292;10046;10151;8.21;0.50;281.95;9.14;1010;28;3479.00;105
9039;28;624472068;9039;288;10050;10156;8.29;0.51;281.98;9.14;1011;28;3480.00;106
9040;28;624472082;9040;291;10051;10156;8.34;0.51;281.97;9.14;1011;28;3481.00;105
9043;28;624472096;9043;285;10051;10156;8.41;0.51;282.12;9.14;1008;28;3482.00;105
9047;28;624472110;9047;280;10052;10157;8.48;0.52;282.14;9.14;1005;28;3483.00;105
9048;28;624472123;9048;277;10053;10157;8.54;0.52;282.14;9.24;1005;28;3484.00;104
9052;28;624472137;9052;271;10058;10163;8.62;0.52;282.16;9.24;1006;28;3485.00;105
9054;28;624472152;9054;263;10058;10163;8.75;0.53;282.15;9.24;1004;28;3486.00;105
9058;28;624472165;9058;256;10058;10164;8.88;0.54;282.15;9.24;1000;28;3487.00;106
9058;28;624472180;9058;254;10058;10164;8.96;0.54;282.15;9.24;1000;28;3488.00;106
9061;28;624472198;9061;245;10058;10164;8.93;0.54;282.21;9.24;997;28;3489.00;106
9066;28;624472218;9066;240;10058;10164;8.93;0.54;282.31;9.24;992;28;3490.00;106
9068;28;624472241;9068;241;10058;10164;8.95;0.54;282.33;9.24;990;28;3491.00;106
9070;28;624472260;9070;237;10067;10176;9.01;0.55;282.37;9.23;997;28;3492.00;109
9071;28;624472280;9071;237;10067;10176;9.01;0.55;282.39;9.23;996;28;3493.00;109
9074;28;624472299;9074;236;10069;10176;9.06;0.55;282.41;9.23;995;28;3494.00;107
9076;28;624472316;9076;234;10069;10176;9.04;0.55;282.43;9.23;993;28;3495.00;107
9078;28;624472331;9078;236;10069;10176;9.02;0.55;282.42;9.23;991;28;3496.00;107
9081;28;624472346;9081;236;10069;10176;8.95;0.54;282.51;9.23;988;28;3497.00;107
9084;28;624472360;9084;232;10072;10180;8.88;0.54;282.50;9.23;988;28;3498.00;108
9088;28;624472374;9088;237;10073;10180;8.81;0.53;282.58;9.33;985;28;3499.00;107
9091;28;624472390;9091;233;10077;10184;8.79;0.53;282.61;9.33;986;28;3500.00;107
9096;28;624472411;9096;242;10078;10185;8.70;0.53;282.62;9.33;982;28;3501.00;107
9098;28;624472424;9098;239;10078;10185;8.55;0.52;282.62;9.33;980;28;3502.00;107
9099;28;624472438;9099;247;10078;10185;8.40;0.51;282.61;9.33;979;28;3503.00;107
9102;28;624472450;9102;246;10089;10198;8.27;0.50;282.65;9.32;987;28;3504.00;109
9105;28;624472464;9105;249;10091;10198;8.22;0.50;282.60;9.35;986;28;3505.00;107
9110;28;624472485;9110;250;10091;10198;8.16;0.49;282.65;9.35;981;28;3506.00;107
9112;28;624472498;9112;245;10092;10199;8.18;0.50;282.66;9.34;980;28;3507.00;107
9115;28;624472509;9115;246;10092;10200;8.13;0.49;282.75;9.34;977;28;3508.00;108
9118;28;624472523;9118;255;10092;10200;8.14;0.49;282.77;9.34;974;28;3509.00;108
9123;28;624472537;9123;255;10096;10206;8.09;0.49;282.72;9.34;973;28;3510.00;110
9125;28;624472550;9125;249;10097;10206;8.09;0.49;282.71;9.34;972;28;3511.00;109
9126;28;624472562;9126;253;10098;10206;8.04;0.49;282.69;9.34;972;28;3512.00;108
9129;28;624472573;9129;261;10098;10206;8.06;0.49;282.73;9.34;969;28;3513.00;108
9134;28;624472584;9134;263;10103;10212;8.07;0.49;282.68;9.34;969;28;3514.00;109
9136;28;624472597;9136;260;10103;10212;8.02;0.49;282.70;9.34;967;28;3515.00;109
9139;28;624472609;9139;266;10104;10212;7.97;0.48;282.73;9.44;965;28;3516.00;108
9141;28;624472621;9141;267;10104;10212;7.90;0.48;282.77;9.44;963;28;3517.00;108
9144;28;624472632;9144;267;10108;10216;7.86;0.48;282.81;9.45;964;28;3518.00;108
9146;28;624472644;9146;271;10111;10219;7.74;0.47;282.81;9.44;965;28;3519.00;108
9149;28;624472663;9149;271;10111;10219;7.65;0.47;282.87;9.44;962;28;3520.00;108
9150;28;624472676;9150;272;10112;10220;7.68;0.47;282.87;9.44;962;28;3521.00;108
9155;28;624472688;9155;279;10112;10220;7.64;0.47;282.87;9.44;957;28;3522.00;108
9157;28;624472700;9157;280;10112;10220;7.59;0.46;282.92;9.44;955;28;3523.00;108
9160;28;624472712;9160;283;10112;10220;7.57;0.46;282.89;9.44;952;28;3524.00;108
9163;28;624472723;9163;291;10112;10220;7.53;0.46;282.90;9.44;949;28;3525.00;108
9166;28;624472734;9166;298;10113;10220;7.52;0.46;282.95;9.45;947;28;3526.00;107
9171;28;624472746;9171;305;10113;10220;7.48;0.46;283.07;9.45;942;28;3527.00;107
9172;28;624472758;9172;318;10148;10290;7.61;0.47;283.13;9.42;976;28;3528.00;142
9179;28;624472776;9179;323;10151;10291;7.51;0.46;283.15;9.43;972;28;3529.00;140
9181;28;624472788;9181;333;10161;10291;7.49;0.46;283.14;9.43;980;28;3530.00;130
9183;28;624472800;9183;337;10164;10291;7.44;0.45;283.20;9.44;981;28;3531.00;127
9185;28;624472811;9185;342;10166;10291;7.35;0.45;283.16;9.45;981;28;3532.00;125
9187;28;624472823;9187;342;10169;10291;7.28;0.45;283.15;9.45;982;28;3533.00;122
9190;28;624472834;9190;345;10171;10291;7.22;0.44;283.15;9.46;981;28;3534.00;120
9192;28;624472846;9192;355;10175;10291;7.19;0.44;283.16;9.47;983;28;3535.00;116
9193;28;624472864;9193;354;10179;10292;7.11;0.44;283.14;9.47;986;28;3536.00;113
9196;28;624472876;9196;357;10182;10293;7.05;0.43;283.12;9.49;986;28;3537.00;111
9198;28;624472888;9198;362;10185;10293;6.96;0.43;283.11;9.49;987;28;3538.00;108
9200;28;624472900;9200;367;10191;10297;6.87;0.42;283.18;9.50;991;28;3539.00;106
9201;28;624472913;9201;373;10194;10297;6.82;0.42;283.17;9.50;993;28;3540.00;103
9203;28;624472925;9203;384;10195;10297;6.73;0.41;283.12;9.50;992;28;3541.00;102
9205;28;624472936;9205;385;10195;10297;6.62;0.41;283.08;9.50;990;28;3542.00;102
9207;28;624472948;9207;392;10202;10303;6.61;0.41;283.08;9.51;995;28;3543.00;101
9210;28;624472959;9210;399;10202;10303;6.51;0.40;283.04;9.51;992;28;3544.00;101
9212;28;624472971;9212;402;10203;10303;6.43;0.40;283.01;9.52;991;28;3545.00;100
9213;28;624472982;9213;416;10206;10306;6.33;0.39;282.99;9.53;993;28;3546.00;100
9214;28;624472993;9214;426;10206;10306;6.26;0.39;283.05;9.53;992;28;3547.00;100
9215;28;624473004;9215;432;10208;10306;6.14;0.38;283.03;9.54;993;28;3548.00;98
9218;28;624473014;9218;435;10209;10307;5.98;0.37;283.00;9.55;991;28;3549.00;98
9222;28;624473025;9222;439;10210;10308;5.85;0.36;282.92;9.55;988;28;3550.00;98
9222;28;624473036;9222;438;10213;10308;5.65;0.35;282.92;9.58;991;28;3551.00;95
9225;28;624473047;9225;439;10224;10321;5.60;0.34;282.90;9.57;999;28;3552.00;97
9227;28;624473059;9227;443;10224;10321;5.51;0.34;282.89;9.57;997;28;3553.00;97
9228;28;624473070;9228;442;10225;10321;5.42;0.33;282.88;9.58;997;28;3554.00;96
9229;28;624473080;9229;447;10227;10323;5.40;0.33;282.85;9.58;998;28;3555.00;96
9231;28;624473091;9231;447;10227;10323;5.39;0.33;282.79;9.58;996;28;3556.00;96
9234;28;624473102;9234;447;10234;10327;5.44;0.33;282.78;9.60;1000;28;3557.00;93
9234;28;624473113;9234;448;10234;10327;5.47;0.33;282.78;9.60;1000;28;3558.00;93
9238;28;624473123;9238;451;10238;10331;5.48;0.33;282.71;9.61;1000;28;3559.00;93
9240;28;624473134;9240;454;10238;10331;5.46;0.33;282.71;9.61;998;28;3560.00;93
9241;28;624473144;9241;458;10239;10331;5.40;0.33;282.69;9.62;998;28;3561.00;92
9241;28;624473154;9241;456;10240;10331;5.33;0.32;282.69;9.62;999;28;3562.00;91
9243;28;624473164;9243;444;10240;10331;5.25;0.32;282.66;9.62;997;28;3563.00;91
9245;28;624473174;9245;443;10253;10343;5.28;0.32;282.63;9.64;1008;28;3564.00;90
9247;28;624473185;9247;437;10253;10343;5.19;0.32;282.63;9.64;1006;28;3565.00;90
9250;28;624473198;9250;443;10256;10343;5.18;0.32;282.60;9.65;1006;28;3566.00;87
9252;28;624473209;9252;446;10257;10343;5.15;0.31;282.61;9.65;1005;28;3567.00;86
9253;28;624473220;9253;449;10257;10343;5.11;0.31;282.59;9.65;1004;28;3568.00;86
9254;28;624473232;9254;452;10257;10343;5.05;0.31;282.61;9.65;1003;28;3569.00;86
9258;28;624473248;9258;443;10259;10344;4.97;0.30;282.67;9.66;1001;28;3570.00;85
9260;28;624473260;9260;449;10259;10344;4.97;0.30;282.67;9.66;999;28;3571.00;85
9263;28;624473271;9263;433;10265;10350;5.03;0.31;282.65;9.66;1002;28;3572.00;85
9265;28;624473289;9265;436;10267;10351;5.07;0.31;282.65;9.67;1002;28;3573.00;84
9267;28;624473307;9267;437;10268;10351;5.13;0.31;282.66;9.67;1001;28;3574.00;83
9269;28;624473318;9269;438;10269;10351;5.17;0.32;282.69;9.67;1000;28;3575.00;82
9271;28;624473327;9271;431;10272;10355;5.31;0.32;282.68;9.67;1001;28;3576.00;83
9273;28;624473338;9273;430;10272;10355;5.41;0.33;282.70;9.67;999;28;3577.00;83
9274;28;624473348;9274;428;10274;10355;5.50;0.34;282.72;9.67;1000;28;3578.00;81
9275;28;624473358;9275;422;10275;10356;5.60;0.34;282.74;9.67;1000;28;3579.00;81
9280;28;624473369;9280;419;10280;10360;5.61;0.34;282.70;9.67;1000;28;3580.00;80
9281;28;624473379;9281;408;10280;10360;5.64;0.34;282.71;9.67;999;28;3581.00;80
9283;28;624473393;9283;406;10282;10363;5.66;0.35;282.72;9.67;999;28;3582.00;81
9284;28;624473404;9284;403;10283;10363;5.70;0.35;282.79;9.67;999;28;3583.00;80
9289;28;624473415;9289;408;10283;10363;5.68;0.35;282.79;9.67;994;28;3584.00;80
9291;28;624473425;9291;400;10283;10363;5.65;0.34;282.83;9.67;992;28;3585.00;80
9294;28;624473436;9294;398;10287;10367;5.71;0.35;282.84;9.67;993;28;3586.00;80
9297;28;624473446;9297;398;10287;10367;5.71;0.35;282.88;9.67;990;28;3587.00;80
9302;28;624473457;9302;398;10287;10367;5.68;0.35;282.91;9.67;985;28;3588.00;80
9304;28;624473468;9304;401;10287;10367;5.68;0.35;282.87;9.67;983;28;3589.00;80
9309;28;624473478;9309;401;10287;10368;5.63;0.34;282.86;9.67;978;28;3590.00;81
9314;28;624473489;9314;399;10288;10369;5.57;0.34;282.85;9.67;974;28;3591.00;81
9317;28;624473500;9317;400;10288;10369;5.55;0.34;282.93;9.67;971;28;3592.00;81
9320;28;624473510;9320;404;10289;10370;5.61;0.34;283.01;9.67;969;28;3593.00;81
9323;28;624473521;9323;401;10289;10370;5.65;0.34;283.04;9.67;966;28;3594.00;81
9327;28;624473531;9327;394;10289;10370;5.64;0.34;283.00;9.67;962;28;3595.00;81
9331;28;624473542;9331;398;10289;10370;5.65;0.34;283.08;9.67;958;28;3596.00;81
9334;28;624473552;9334;394;10289;10370;5.65;0.34;283.20;9.67;955;28;3597.00;81
9337;28;624473568;9337;394;10289;10370;5.63;0.34;283.18;9.67;952;28;3598.00;81
9340;28;624473579;9340;391;10289;10370;5.60;0.34;283.20;9.67;949;28;3599.00;81
9344;28;624473592;9344;423;10402;10623;5.89;0.37;283.19;9.56;1058;28;3600.00;221
9347;28;624473626;9347;413;10408;10624;5.91;0.37;283.19;9.56;1061;28;3601.00;216
9350;28;624473637;9350;398;10421;10624;6.00;0.38;283.22;9.55;1071;28;3602.00;203
9351;28;624473649;9351;396;10430;10624;6.05;0.38;283.22;9.54;1079;28;3603.00;194
9353;28;624473660;9353;392;10440;10624;6.03;0.38;283.25;9.54;1087;28;3604.00;184
9359;28;624473671;9359;392;10443;10624;6.04;0.38;283.36;9.54;1084;28;3605.00;181
9361;28;624473683;9361;381;10448;10624;6.06;0.38;283.38;9.53;1087;28;3606.00;176
9362;28;624473695;9362;378;10452;10624;6.13;0.38;283.44;9.53;1090;28;3607.00;172
9365;28;624473707;9365;377;10458;10625;6.18;0.39;283.46;9.53;1093;28;3608.00;167
9368;28;624473721;9368;379;10462;10626;6.23;0.39;283.47;9.53;1094;28;3609.00;164
9371;28;624473733;9371;378;10465;10626;6.25;0.39;283.46;9.53;1094;28;3610.00;161
9375;28;624473745;9375;376;10470;10627;6.18;0.38;283.51;9.53;1095;28;3611.00;157
9377;28;624473757;9377;376;10472;10627;6.19;0.38;283.51;9.53;1095;28;3612.00;155
9382;28;624473769;9382;385;10476;10627;6.19;0.38;283.49;9.53;1094;28;3613.00;151
9386;28;624473781;9386;389;10478;10627;6.16;0.38;283.54;9.54;1092;28;3614.00;149
9391;28;624473793;9391;393;10484;10631;6.17;0.38;283.62;9.65;1093;28;3615.00;147
9395;28;624473806;9395;411;10485;10631;6.10;0.38;283.67;9.65;1090;28;3616.00;146
9399;28;624473819;9399;403;10489;10631;6.10;0.38;283.80;9.65;1090;28;3617.00;142
9403;28;624473832;9403;395;10491;10634;6.12;0.38;283.85;9.65;1088;28;3618.00;143
9405;28;624473851;9405;391;10492;10634;6.15;0.38;283.93;9.65;1087;28;3619.00;142
9411;28;624473869;9411;386;10494;10634;6.13;0.38;284.00;9.65;1083;28;3620.00;140
9413;28;624473887;9413;383;10498;10638;6.15;0.38;284.05;9.65;1085;28;3621.00;140
9417;28;624473900;9417;385;10499;10639;6.13;0.37;284.04;9.65;1082;28;3622.00;140
9420;28;624473914;9420;384;10500;10639;6.15;0.38;284.08;9.65;1080;28;3623.00;139
9420;28;624473927;9420;396;10503;10643;6.23;0.38;284.08;9.75;1083;28;3624.00;140
9422;28;624473940;9422;384;10504;10643;6.28;0.38;284.13;9.75;1082;28;3625.00;139
9425;28;624473953;9425;381;10505;10643;6.32;0.39;284.15;9.75;1080;28;3626.00;138
9427;28;624473967;9427;365;10505;10644;6.41;0.39;284.15;9.75;1078;28;3627.00;139
9430;28;624473981;9430;359;10506;10644;6.47;0.39;284.20;9.75;1076;28;3628.00;138
9433;28;624473994;9433;352;10510;10650;6.59;0.40;284.27;9.75;1077;28;3629.00;140
9435;28;624474011;9435;347;10512;10650;6.69;0.41;284.27;9.75;1077;28;3630.00;138
9438;28;624474024;9438;347;10514;10651;6.75;0.41;284.30;9.76;1076;28;3631.00;137
9443;28;624474038;9443;336;10515;10651;6.82;0.42;284.31;9.76;1072;28;3632.00;136
9443;28;624474052;9443;335;10515;10651;6.94;0.42;284.31;9.76;1072;28;3633.00;136
9447;28;624474065;9447;336;10517;10651;7.03;0.43;284.42;9.76;1070;28;3634.00;134
9449;28;624474079;9449;328;10518;10651;7.12;0.44;284.46;9.76;1069;28;3635.00;133
9451;28;624474093;9451;328;10525;10663;7.22;0.44;284.44;9.76;1074;28;3636.00;138
9454;28;624474107;9454;322;10528;10663;7.25;0.44;284.47;9.87;1074;28;3637.00;135
9456;28;624474121;9456;319;10529;10663;7.30;0.45;284.55;9.87;1073;28;3638.00;134
9457;28;624474135;9457;310;10530;10663;7.42;0.45;284.59;9.87;1073;28;3639.00;133
9466;28;624474149;9466;317;10531;10663;7.46;0.45;284.81;9.87;1065;28;3640.00;132
9468;28;624474163;9468;309;10531;10663;7.51;0.46;284.84;9.87;1063;28;3641.00;132
9472;28;624474177;9472;311;10537;10667;7.52;0.46;284.91;9.87;1065;28;3642.00;130
9473;28;624474192;9473;301;10537;10667;7.60;0.46;284.91;9.87;1064;28;3643.00;130
9477;28;624474214;9477;299;10541;10671;7.69;0.47;284.95;9.97;1064;28;3644.00;130
9481;28;624474239;9481;297;10544;10673;7.72;0.47;285.02;9.97;1063;28;3645.00;129
9483;28;624474262;9483;290;10544;10673;7.80;0.47;285.07;9.97;1061;28;3646.00;129
9487;28;624474284;9487;289;10544;10673;7.87;0.48;285.05;9.97;1057;28;3647.00;129
9492;28;624474306;9492;282;10550;10686;7.96;0.48;285.08;9.96;1058;28;3648.00;136
9494;28;624474324;9494;287;10551;10686;8.05;0.49;285.16;9.96;1057;28;3649.00;135
9498;28;624474339;9498;285;10551;10686;8.10;0.49;285.14;9.96;1053;28;3650.00;135
9502;28;624474356;9502;280;10552;10687;8.13;0.49;285.23;9.96;1050;28;3651.00;135
9503;28;624474371;9503;285;10552;10688;8.17;0.50;285.30;9.96;1049;28;3652.00;136
9505;28;624474386;9505;286;10552;10688;8.21;0.50;285.33;9.96;1047;28;3653.00;136
9507;28;624474401;9507;283;10554;10691;8.17;0.50;285.46;9.96;1047;28;3654.00;137
9508;28;624474416;9508;288;10554;10691;8.17;0.50;285.46;9.96;1046;28;3655.00;137
9511;28;624474431;9511;292;10555;10691;8.16;0.50;285.54;9.96;1044;28;3656.00;136
9514;28;624474445;9514;293;10555;10691;8.13;0.49;285.56;9.96;1041;28;3657.00;136
9515;28;624474459;9515;293;10560;10697;8.13;0.49;285.55;9.95;1045;28;3658.00;137
9517;28;624474480;9517;294;10561;10697;8.12;0.49;285.63;10.06;1044;28;3659.00;136
9519;28;624474496;9519;300;10561;10697;8.17;0.50;285.61;10.06;1042;28;3660.00;136
9525;28;624474510;9525;298;10561;10697;8.12;0.49;285.69;10.06;1036;28;3661.00;136
9529;28;624474523;9529;298;10564;10701;8.05;0.49;285.75;10.06;1035;28;3662.00;137
9529;28;624474537;9529;298;10565;10702;8.10;0.49;285.75;10.06;1036;28;3663.00;137
9533;28;624474550;9533;299;10565;10702;8.06;0.49;285.84;10.06;1032;28;3664.00;137
9535;28;624474570;9535;302;10566;10703;8.05;0.49;285.84;10.06;1031;28;3665.00;137
9540;28;624474585;9540;305;10566;10703;7.98;0.48;285.88;10.06;1026;28;3666.00;137
9541;28;624474598;9541;308;10566;10703;7.98;0.48;285.87;10.06;1025;28;3667.00;137
9546;28;624474611;9546;306;10566;10703;7.88;0.48;286.05;10.06;1020;28;3668.00;137
9547;28;624474625;9547;301;10567;10703;7.86;0.48;286.05;10.06;1020;28;3669.00;136
9548;28;624474638;9548;297;10567;10703;7.84;0.48;286.03;10.06;1019;28;3670.00;136
9553;28;624474651;9553;292;10567;10703;7.76;0.47;286.08;10.06;1014;28;3671.00;136
9556;28;624474664;9556;286;10591;10773;7.83;0.48;286.09;10.04;1035;28;3672.00;182
9559;28;624474682;9559;287;10593;10774;7.76;0.47;286.11;10.04;1034;28;3673.00;181
9562;28;624474695;9562;278;10598;10774;7.70;0.47;286.11;10.14;1036;28;3674.00;176
9564;28;624474708;9564;281;10605;10774;7.59;0.46;286.15;10.17;1041;28;3675.00;169
9570;28;624474722;9570;282;10608;10774;7.54;0.46;286.20;10.17;1038;28;3676.00;166
9572;28;624474736;9572;279;10613;10774;7.57;0.46;286.17;10.16;1041;28;3677.00;161
9577;28;624474749;9577;282;10616;10774;7.54;0.46;286.21;10.16;1039;28;3678.00;158
9580;29;624474762;9580;278;10619;10774;7.55;0.46;286.19;10.16;1039;29;3679.00;155
9587;29;624474791;9587;276;10621;10775;7.53;0.46;286.14;10.16;1034;29;3680.00;154
9589;29;624474804;9589;278;10624;10776;7.49;0.46;286.23;10.16;1035;29;3681.00;152
9590;29;624474817;9590;275;10625;10776;7.50;0.46;286.24;10.16;1035;29;3682.00;151
9594;29;624474835;9594;275;10630;10780;7.47;0.45;286.18;10.26;1036;29;3683.00;150
9600;29;624474848;9600;276;10630;10780;7.41;0.45;286.18;10.26;1030;29;3684.00;150
9600;29;624474862;9600;282;10630;10780;7.34;0.45;286.18;10.26;1030;29;3685.00;150
9601;29;624474873;9601;283;10630;10780;7.29;0.44;286.23;10.26;1029;29;3686.00;150
9602;29;624474885;9602;295;10634;10786;7.29;0.44;286.23;10.26;1032;29;3687.00;152
9606;29;624474898;9606;296;10635;10786;7.20;0.44;286.32;10.27;1029;29;3688.00;151
9609;29;624474910;9609;303;10635;10786;7.14;0.44;286.33;10.27;1026;29;3689.00;151
9612;29;624474923;9612;314;10640;10792;7.11;0.43;286.31;10.27;1028;29;3690.00;152
9614;29;624474936;9614;320;10642;10792;7.04;0.43;286.30;10.27;1028;29;3691.00;150
9616;29;624474948;9616;318;10644;10792;7.05;0.43;286.27;10.27;1028;29;3692.00;148
9617;29;624474960;9617;329;10645;10793;6.99;0.43;286.25;10.28;1028;29;3693.00;148
9622;29;624474972;9622;330;10646;10794;6.92;0.42;286.26;10.28;1024;29;3694.00;148
9624;29;624474985;9624;343;10648;10794;6.86;0.42;286.23;10.29;1024;29;3695.00;146
9627;29;624474998;9627;351;10655;10807;6.83;0.42;286.29;10.28;1028;29;3696.00;152
9631;29;624475011;9631;348;10658;10807;6.78;0.41;286.26;10.29;1027;29;3697.00;149
9632;29;624475023;9632;358;10658;10807;6.77;0.41;286.25;10.29;1026;29;3698.00;149
9635;29;624475034;9635;360;10660;10808;6.72;0.41;286.25;10.30;1025;29;3699.00;148
9638;29;624475046;9638;365;10661;10808;6.66;0.40;286.26;10.31;1023;29;3700.00;147
9641;29;624475062;9641;371;10667;10812;6.68;0.41;286.20;10.32;1026;29;3701.00;145
9643;29;624475074;9643;378;10667;10812;6.63;0.40;286.20;10.32;1024;29;3702.00;145
9645;29;624475085;9645;384;10672;10816;6.64;0.40;286.18;10.34;1027;29;3703.00;144
9650;29;624475097;9650;393;10673;10816;6.58;0.40;286.08;10.35;1023;29;3704.00;143
9652;29;624475109;9652;400;10675;10816;6.58;0.40;286.08;10.37;1023;29;3705.00;141
9654;29;624475120;9654;404;10676;10816;6.50;0.40;286.03;10.38;1022;29;3706.00;140
9656;29;624475131;9656;414;10677;10816;6.44;0.39;285.99;10.39;1021;29;3707.00;139
9659;29;624475142;9659;421;10685;10828;6.42;0.39;285.93;10.39;1026;29;3708.00;143
9661;29;624475154;9661;428;10687;10828;6.30;0.39;285.90;10.40;1026;29;3709.00;141
9663;29;624475165;9663;429;10690;10828;6.22;0.38;285.87;10.42;1027;29;3710.00;138
9665;29;624475176;9665;433;10690;10828;6.10;0.37;285.84;10.42;1025;29;3711.00;138
9667;29;624475188;9667;441;10692;10828;5.99;0.37;285.87;10.44;1025;29;3712.00;136
9667;29;624475199;9667;455;10693;10828;5.84;0.36;285.87;10.45;1026;29;3713.00;135
9668;29;624475209;9668;460;10696;10829;5.75;0.35;285.91;10.47;1028;29;3714.00;133
9669;29;624475220;9669;451;10698;10829;5.68;0.35;285.97;10.49;1029;29;3715.00;131
9670;29;624475231;9670;440;10704;10835;5.67;0.35;285.96;10.49;1034;29;3716.00;131
9671;29;624475252;9671;439;10707;10836;5.63;0.35;285.96;10.51;1036;29;3717.00;129
9671;29;624475263;9671;438;10708;10836;5.61;0.34;285.96;10.51;1037;29;3718.00;128
9673;29;624475274;9673;427;10710;10836;5.52;0.34;286.00;10.51;1037;29;3719.00;126
9674;29;624475286;9674;425;10716;10841;5.55;0.34;285.99;10.54;1042;29;3720.00;125
9675;29;624475298;9675;411;10716;10841;5.53;0.34;285.99;10.54;1041;29;3721.00;125
9676;29;624475314;9676;410;10720;10841;5.52;0.34;285.96;10.56;1044;29;3722.00;121
9678;29;624475325;9678;404;10721;10842;5.53;0.34;285.94;10.56;1043;29;3723.00;121
9678;29;624475337;9678;408;10725;10846;5.57;0.34;285.94;10.56;1047;29;3724.00;121
9681;29;624475348;9681;403;10727;10846;5.56;0.34;285.88;10.57;1046;29;3725.00;119
9682;29;624475359;9682;403;10730;10849;5.61;0.34;285.89;10.57;1048;29;3726.00;119
9682;29;624475370;9682;404;10730;10849;5.67;0.35;285.89;10.57;1048;29;3727.00;119
9687;29;624475381;9687;406;10732;10849;5.68;0.35;285.84;10.57;1045;29;3728.00;117
9688;29;624475392;9688;409;10732;10849;5.71;0.35;285.83;10.57;1044;29;3729.00;117
9689;29;624475403;9689;412;10738;10853;5.80;0.35;285.81;10.58;1049;29;3730.00;115
9693;29;624475421;9693;415;10738;10853;5.74;0.35;285.77;10.58;1045;29;3731.00;115
9694;29;624475432;9694;418;10739;10853;5.71;0.35;285.77;10.59;1045;29;3732.00;114
9698;29;624475442;9698;423;10740;10853;5.59;0.34;285.75;10.60;1042;29;3733.00;113
9701;29;624475452;9701;425;10740;10854;5.47;0.33;285.73;10.60;1039;29;3734.00;114
9704;29;624475463;9704;427;10743;10856;5.39;0.33;285.69;10.60;1039;29;3735.00;113
9707;29;624475474;9707;432;10744;10856;5.29;0.32;285.69;10.60;1037;29;3736.00;112
9711;29;624475484;9711;442;10746;10857;5.22;0.32;285.62;10.61;1035;29;3737.00;111
9714;29;624475494;9714;445;10747;10857;5.14;0.31;285.67;10.61;1033;29;3738.00;110
9717;29;624475505;9717;448;10747;10857;5.07;0.31;285.74;10.61;1030;29;3739.00;110
9720;29;624475515;9720;449;10748;10857;5.05;0.31;285.80;10.62;1028;29;3740.00;109
9721;29;624475526;9721;438;10749;10857;5.08;0.31;285.78;10.62;1028;29;3741.00;108
9726;29;624475536;9726;430;10750;10857;5.10;0.31;285.75;10.63;1024;29;3742.00;107
9726;29;624475546;9726;431;10751;10857;5.16;0.31;285.75;10.63;1025;29;3743.00;106
9730;29;624475556;9730;437;10805;10984;5.57;0.35;285.82;10.58;1075;29;3744.00;179
9731;29;624475576;9731;438;10811;10985;5.57;0.35;285.84;10.57;1080;29;3745.00;174
9735;29;624475588;9735;441;10821;10985;5.57;0.34;285.87;10.57;1086;29;3746.00;164
9739;29;624475599;9739;437;10825;10985;5.57;0.34;285.89;10.56;1086;29;3747.00;160
9740;29;624475611;9740;438;10829;10985;5.56;0.34;285.90;10.56;1089;29;3748.00;156
9742;29;624475628;9742;439;10832;10985;5.52;0.34;285.91;10.56;1090;29;3749.00;153
9745;29;624475641;9745;441;10835;10990;5.44;0.34;286.01;10.56;1090;29;3750.00;155
9746;29;624475653;9746;438;10839;10990;5.48;0.34;285.98;10.67;1093;29;3751.00;151
9749;29;624475666;9749;439;10842;10991;5.51;0.34;286.07;10.67;1093;29;3752.00;149
9751;29;624475677;9751;445;10846;10992;5.57;0.34;286.14;10.67;1095;29;3753.00;146
9756;29;624475689;9756;443;10850;10992;5.57;0.34;286.13;10.67;1094;29;3754.00;142
9761;29;624475701;9761;438;10853;10993;5.58;0.34;286.13;10.67;1092;29;3755.00;140
9765;29;624475713;9765;447;10858;10993;5.61;0.35;286.23;10.67;1093;29;3756.00;135
9769;29;624475728;9769;454;10860;10993;5.62;0.35;286.31;10.67;1091;29;3757.00;133
9772;29;624475740;9772;451;10862;10993;5.69;0.35;286.33;10.67;1090;29;3758.00;131
9778;29;624475752;9778;455;10867;10997;5.64;0.35;286.35;10.67;1089;29;3759.00;130
9780;29;624475771;9780;454;10870;10997;5.73;0.35;286.37;10.67;1090;29;3760.00;127
9780;29;624475783;9780;455;10871;10997;5.81;0.36;286.37;10.67;1091;29;3761.00;126
9787;29;624475795;9787;453;10873;11000;5.83;0.36;286.49;10.67;1086;29;3762.00;127
9792;29;624475812;9792;445;10874;11000;5.87;0.36;286.59;10.67;1082;29;3763.00;126
9795;29;624475825;9795;439;10875;11000;5.89;0.36;286.56;10.67;1080;29;3764.00;125
9800;29;624475837;9800;437;10878;11004;5.90;0.36;286.70;10.66;1078;29;3765.00;126
9804;29;624475855;9804;437;10880;11005;5.90;0.36;286.80;10.66;1076;29;3766.00;125
9806;29;624475877;9806;436;10881;11005;5.98;0.37;286.82;10.66;1075;29;3767.00;124
9808;29;624475889;9808;427;10883;11009;6.06;0.37;286.91;10.66;1075;29;3768.00;126
9810;29;624475901;9810;422;10883;11009;6.09;0.37;286.89;10.66;1073;29;3769.00;126
9816;29;624475913;9816;423;10884;11009;6.11;0.37;286.88;10.66;1068;29;3770.00;125
9819;29;624475925;9819;431;10886;11010;6.16;0.38;286.85;10.67;1067;29;3771.00;124
9821;29;624475938;9821;435;10886;11010;6.21;0.38;286.87;10.67;1065;29;3772.00;124
9825;29;624475951;9825;431;10893;11016;6.20;0.38;286.94;10.68;1068;29;3773.00;123
9829;29;624475964;9829;433;10893;11016;6.17;0.38;287.04;10.68;1064;29;3774.00;123
9834;29;624475977;9834;437;10894;11017;6.10;0.37;287.09;10.70;1060;29;3775.00;123
9836;29;624475990;9836;437;10895;11017;6.11;0.37;287.06;10.70;1059;29;3776.00;122
9840;29;624476001;9840;436;10895;11017;6.11;0.37;287.05;10.70;1055;29;3777.00;122
9843;29;624476013;9843;435;10895;11017;6.14;0.37;287.06;10.70;1052;29;3778.00;122
9846;29;624476025;9846;428;10896;11017;6.10;0.37;287.09;10.70;1050;29;3779.00;121
9848;29;624476039;9848;432;10919;11053;6.25;0.38;287.12;10.68;1071;29;3780.00;134
9851;29;624476054;9851;423;10921;11053;6.17;0.38;287.14;10.69;1070;29;3781.00;132
9855;29;624476066;9855;426;10925;11053;6.19;0.38;287.18;10.69;1070;29;3782.00;128
9857;29;624476078;9857;419;10925;11053;6.23;0.38;287.21;10.69;1068;29;3783.00;128
9863;29;624476090;9863;421;10926;11053;6.19;0.38;287.37;10.69;1063;29;3784.00;127
9866;29;624476102;9866;419;10927;11053;6.16;0.38;287.42;10.69;1061;29;3785.00;126
9872;29;624476120;9872;416;10930;11057;6.14;0.37;287.51;10.69;1058;29;3786.00;127
9873;29;624476132;9873;399;10930;11057;6.15;0.37;287.51;10.69;1057;29;3787.00;127
9879;29;624476145;9879;388;10934;11061;6.14;0.37;287.60;10.68;1055;29;3788.00;127
9881;29;624476158;9881;377;10935;11062;6.11;0.37;287.62;10.68;1054;29;3789.00;127
9887;29;624476171;9887;368;10935;11062;6.14;0.37;287.68;10.68;1048;29;3790.00;127
9891;29;624476183;9891;366;10935;11062;6.15;0.37;287.81;10.68;1044;29;3791.00;127
9894;29;624476198;9894;366;10944;11075;6.26;0.38;287.86;10.67;1050;29;3792.00;131
9897;29;624476230;9897;358;10946;11075;6.29;0.38;287.95;10.80;1049;29;3793.00;129
9899;29;624476252;9899;359;10946;11075;6.33;0.39;288.03;10.80;1047;29;3794.00;129
9902;29;624476272;9902;354;10947;11076;6.37;0.39;288.16;10.80;1045;29;3795.00;129
9903;29;624476299;9903;346;10948;11077;6.45;0.39;288.19;10.81;1045;29;3796.00;129
9906;29;624476317;9906;342;10948;11077;6.46;0.40;288.24;10.81;1042;29;3797.00;129
9908;29;624476332;9908;334;10951;11080;6.54;0.40;288.27;10.82;1043;29;3798.00;129
9911;29;624476346;9911;335;10952;11080;6.60;0.41;288.31;10.83;1041;29;3799.00;128
9915;29;624476361;9915;325;10953;11080;6.63;0.41;288.34;10.83;1038;29;3800.00;127
9919;30;624476379;9919;324;10954;11080;6.65;0.41;288.37;10.84;1035;30;3801.00;126
9921;30;624476407;9921;319;10959;11086;6.70;0.41;288.34;10.84;1038;30;3802.00;127
9923;30;624476422;9923;312;10960;11086;6.76;0.41;288.36;10.85;1037;30;3803.00;126
9924;30;624476435;9924;312;10960;11086;6.80;0.42;288.40;10.85;1036;30;3804.00;126
9929;30;624476450;9929;310;10960;11086;6.81;0.41;288.46;10.85;1031;30;3805.00;126
9931;30;624476463;9931;322;10963;11090;6.76;0.41;288.51;10.84;1032;30;3806.00;127
9934;30;624476478;9934;320;10965;11091;6.71;0.41;288.52;10.85;1031;30;3807.00;126
9936;30;624476491;9936;323;10965;11091;6.72;0.41;288.57;10.85;1029;30;3808.00;126
9939;30;624476504;9939;327;10967;11092;6.74;0.41;288.58;10.86;1028;30;3809.00;125
9944;30;624476520;9944;321;10967;11092;6.75;0.41;288.62;10.86;1023;30;3810.00;125
9949;30;624476533;9949;318;10967;11092;6.78;0.41;288.65;10.86;1018;30;3811.00;125
9950;30;624476546;9950;321;10968;11092;6.82;0.41;288.65;10.87;1018;30;3812.00;124
9954;30;624476558;9954;315;10968;11092;6.86;0.42;288.75;10.87;1014;30;3813.00;124
9955;30;624476571;9955;308;10968;11092;6.96;0.42;288.80;10.87;1013;30;3814.00;124
9957;30;624476584;9957;306;10969;11092;7.03;0.43;288.80;10.88;1012;30;3815.00;123
9959;30;624476596;9959;307;11001;11162;7.14;0.43;288.87;10.86;1042;30;3816.00;161
9963;30;624476615;9963;301;11003;11163;7.22;0.44;288.87;10.86;1040;30;3817.00;160
9966;30;624476628;9966;297;11010;11163;7.39;0.45;288.91;10.86;1044;30;3818.00;153
9968;30;624476642;9968;291;11012;11163;7.47;0.45;288.93;10.86;1044;30;3819.00;151
9970;30;624476656;9970;295;11014;11163;7.53;0.46;288.95;10.86;1044;30;3820.00;149
9973;30;624476668;9973;294;11018;11163;7.59;0.46;288.99;10.87;1045;30;3821.00;145
9975;30;624476682;9975;291;11021;11163;7.64;0.46;289.11;10.87;1046;30;3822.00;142
9977;30;624476695;9977;291;11026;11163;7.70;0.47;289.15;10.87;1049;30;3823.00;137
9980;30;624476709;9980;289;11028;11164;7.72;0.47;289.30;10.88;1048;30;3824.00;136
9981;30;624476722;9981;291;11031;11166;7.73;0.47;289.33;10.88;1050;30;3825.00;135
9985;30;624476736;9985;292;11033;11166;7.70;0.47;289.39;10.88;1048;30;3826.00;133
9989;30;624476749;9989;294;11038;11170;7.65;0.46;289.41;10.88;1049;30;3827.00;132
9989;30;624476763;9989;295;11040;11170;7.61;0.46;289.41;10.88;1051;30;3828.00;130
9992;30;624476776;9992;303;11041;11170;7.55;0.46;289.53;10.88;1049;30;3829.00;129
9994;30;624476790;9994;300;11042;11170;7.50;0.46;289.54;10.88;1048;30;3830.00;128
9995;30;624476802;9995;306;11046;11176;7.51;0.46;289.54;10.87;1051;30;3831.00;130
9999;30;624476816;9999;310;11046;11176;7.46;0.45;289.57;10.87;1047;30;3832.00;130
10002;30;624476829;10002;300;11046;11176;7.40;0.45;289.55;10.87;1044;30;3833.00;130
10004;30;624476843;10004;299;11049;11179;7.38;0.45;289.53;10.99;1045;30;3834.00;130
10007;30;624476857;10007;300;11049;11179;7.35;0.45;289.49;10.99;1042;30;3835.00;130
10010;30;624476870;10010;295;11050;11179;7.28;0.44;289.45;10.99;1040;30;3836.00;129
10012;30;624476883;10012;292;11050;11180;7.25;0.44;289.44;10.99;1038;30;3837.00;130
10014;30;624476895;10014;299;11051;11181;7.27;0.44;289.47;10.99;1037;30;3838.00;130
10015;30;624476908;10015;295;11051;11181;7.22;0.44;289.44;10.99;1036;30;3839.00;130
10019;30;624476923;10019;301;11064;11207;7.16;0.44;289.47;10.97;1045;30;3840.00;143
10019;30;624476937;10019;287;11064;11207;7.11;0.43;289.47;10.97;1045;30;3841.00;143
10024;30;624476949;10024;285;11066;11207;7.07;0.43;289.48;10.97;1042;30;3842.00;141
10026;30;624476961;10026;290;11069;11208;7.08;0.43;289.51;10.97;1043;30;3843.00;139
10032;30;624476973;10032;292;11069;11208;7.03;0.43;289.55;10.97;1037;30;3844.00;139
10035;30;624476987;10035;291;11073;11212;7.07;0.43;289.56;10.98;1038;30;3845.00;139
10041;30;624477000;10041;289;11074;11214;7.06;0.43;289.53;10.98;1033;30;3846.00;140
10043;30;624477019;10043;291;11078;11218;7.04;0.43;289.50;10.97;1035;30;3847.00;140
10047;30;624477032;10047;283;11078;11218;7.10;0.43;289.49;10.97;1031;30;3848.00;140
10048;30;624477044;10048;285;11078;11218;7.10;0.43;289.50;10.97;1030;30;3849.00;140
10050;30;624477057;10050;283;11078;11218;7.11;0.43;289.49;10.97;1028;30;3850.00;140
10051;30;624477068;10051;279;11078;11218;7.07;0.43;289.47;10.97;1027;30;3851.00;140
10052;30;624477080;10052;279;11085;11230;7.12;0.43;289.49;10.97;1033;30;3852.00;145
10055;30;624477093;10055;280;11087;11230;7.06;0.43;289.44;11.08;1032;30;3853.00;143
10060;30;624477105;10060;280;11088;11230;7.02;0.43;289.42;11.08;1028;30;3854.00;142
10063;30;624477117;10063;290;11088;11230;7.00;0.43;289.41;11.08;1025;30;3855.00;142
10068;30;624477129;10068;297;11088;11230;6.95;0.42;289.31;11.08;1020;30;3856.00;142
10069;30;624477141;10069;298;11089;11230;6.92;0.42;289.31;11.08;1020;30;3857.00;141
10071;30;624477153;10071;311;11089;11231;6.88;0.42;289.26;11.08;1018;30;3858.00;142
10072;30;624477165;10072;309;11089;11231;6.83;0.42;289.26;11.08;1017;30;3859.00;142
10074;30;624477176;10074;311;11095;11237;6.82;0.42;289.24;11.08;1021;30;3860.00;142
10076;30;624477188;10076;311;11097;11238;6.78;0.41;289.24;11.10;1021;30;3861.00;141
10076;30;624477201;10076;315;11098;11238;6.79;0.41;289.24;11.09;1022;30;3862.00;140
10077;30;624477212;10077;320;11100;11238;6.69;0.41;289.24;11.09;1023;30;3863.00;138
10079;30;624477223;10079;325;11103;11242;6.63;0.40;289.24;11.09;1024;30;3864.00;139
10081;30;624477234;10081;332;11103;11242;6.51;0.40;289.22;11.09;1022;30;3865.00;139
10083;30;624477246;10083;337;11104;11242;6.48;0.39;289.20;11.10;1021;30;3866.00;138
10087;30;624477257;10087;332;11105;11243;6.44;0.39;289.27;11.10;1018;30;3867.00;138
10090;30;624477269;10090;327;11108;11247;6.34;0.38;289.23;11.10;1018;30;3868.00;139
10092;30;624477280;10092;331;11108;11247;6.28;0.38;289.20;11.10;1016;30;3869.00;139
10094;30;624477292;10094;328;11114;11253;6.28;0.38;289.19;11.11;1020;30;3870.00;139
10095;30;624477304;10095;324;11115;11253;6.22;0.38;289.17;11.11;1020;30;3871.00;138
10097;30;624477316;10097;330;11118;11253;6.22;0.38;289.17;11.13;1021;30;3872.00;135
10098;30;624477327;10098;332;11118;11253;6.18;0.38;289.17;11.13;1020;30;3873.00;135
10099;30;624477347;10099;334;11122;11257;6.19;0.38;289.16;11.13;1023;30;3874.00;135
10100;30;624477360;10100;328;11124;11257;6.11;0.37;289.16;11.14;1024;30;3875.00;133
10102;30;624477371;10102;327;11124;11257;6.05;0.37;289.15;11.14;1022;30;3876.00;133
10103;30;624477383;10103;331;11124;11257;5.99;0.37;289.14;11.14;1021;30;3877.00;133
10105;30;624477395;10105;337;11127;11258;5.91;0.36;289.13;11.16;1022;30;3878.00;131
10105;30;624477406;10105;342;11128;11259;5.91;0.36;289.13;11.16;1023;30;3879.00;131
10106;30;624477417;10106;338;11129;11259;5.87;0.36;289.12;11.16;1023;30;3880.00;130
10106;30;624477428;10106;340;11130;11260;5.83;0.36;289.12;11.16;1024;30;3881.00;130
10106;30;624477444;10106;340;11131;11260;5.78;0.35;289.12;11.18;1025;30;3882.00;129
10108;30;624477454;10108;344;11132;11260;5.77;0.35;289.10;11.19;1024;30;3883.00;128
10109;30;624477465;10109;347;11133;11260;5.76;0.35;289.14;11.20;1024;30;3884.00;127
10111;30;624477477;10111;355;11135;11260;5.77;0.35;289.11;11.22;1024;30;3885.00;125
10111;30;624477487;10111;355;11135;11260;5.76;0.35;289.11;11.22;1024;30;3886.00;125
10112;30;624477498;10112;361;11136;11260;5.76;0.35;289.12;11.23;1024;30;3887.00;124
10112;30;624477508;10112;369;11188;11387;6.08;0.38;289.12;11.19;1076;30;3888.00;199
10116;30;624477528;10116;363;11192;11388;6.01;0.37;289.20;11.19;1076;30;3889.00;196
10117;30;624477545;10117;358;11203;11388;6.07;0.38;289.19;11.19;1086;30;3890.00;185
10119;30;624477556;10119;364;11208;11388;5.99;0.37;289.18;11.20;1089;30;3891.00;180
10123;30;624477567;10123;359;11215;11388;5.96;0.37;289.14;11.20;1092;30;3892.00;173
10125;30;624477578;10125;359;11217;11388;5.88;0.36;289.14;11.20;1092;30;3893.00;171
10127;30;624477590;10127;360;11220;11388;5.85;0.36;289.20;11.21;1093;30;3894.00;168
10129;30;624477601;10129;364;11222;11388;5.82;0.36;289.24;11.21;1093;30;3895.00;166
10131;30;624477612;10131;364;11225;11389;5.79;0.36;289.31;11.23;1094;30;3896.00;164
10134;30;624477624;10134;365;11229;11390;5.79;0.36;289.33;11.23;1095;30;3897.00;161
10136;30;624477636;10136;366;11230;11390;5.77;0.36;289.31;11.23;1094;30;3898.00;160
10138;30;624477648;10138;372;11235;11391;5.75;0.35;289.26;11.24;1097;30;3899.00;156
10142;30;624477662;10142;379;11244;11406;5.66;0.35;289.34;11.24;1102;30;3900.00;162
10143;30;624477679;10143;379;11248;11406;5.63;0.35;289.40;11.25;1105;30;3901.00;158
10146;30;624477691;10146;383;11250;11406;5.55;0.34;289.38;11.25;1104;30;3902.00;156
10148;30;624477702;10148;385;11254;11410;5.55;0.34;289.34;11.25;1106;30;3903.00;156
10155;30;624477714;10155;391;11258;11410;5.42;0.33;289.39;11.27;1103;30;3904.00;152
10156;30;624477725;10156;394;11262;11410;5.45;0.34;289.41;11.27;1106;30;3905.00;148
10158;30;624477737;10158;400;11266;11413;5.38;0.33;289.39;11.27;1108;30;3906.00;147
10161;30;624477754;10161;403;11268;11413;5.30;0.33;289.47;11.28;1107;30;3907.00;145
10163;30;624477766;10163;407;11270;11413;5.26;0.32;289.49;11.28;1107;30;3908.00;143
10166;30;624477778;10166;415;11277;11417;5.23;0.32;289.52;11.29;1111;30;3909.00;140
10174;30;624477790;10174;408;11279;11418;5.18;0.32;289.51;11.29;1105;30;3910.00;139
10178;30;624477802;10178;402;11281;11418;5.21;0.32;289.57;11.29;1103;30;3911.00;137
10182;30;624477814;10182;399;11285;11422;5.28;0.32;289.64;11.29;1103;30;3912.00;137
10185;30;624477826;10185;390;11288;11422;5.33;0.33;289.66;11.29;1103;30;3913.00;134
10188;30;624477838;10188;389;11290;11422;5.35;0.33;289.69;11.30;1102;30;3914.00;132
10190;30;624477856;10190;379;11293;11424;5.45;0.33;289.71;11.31;1103;30;3915.00;131
10193;30;624477877;10193;384;11296;11424;5.52;0.34;289.78;11.32;1103;30;3916.00;128
10198;30;624477890;10198;372;11301;11430;5.63;0.34;289.89;11.32;1103;30;3917.00;129
10200;30;624477902;10200;364;11302;11430;5.71;0.35;289.91;11.33;1102;30;3918.00;128
10203;30;624477915;10203;361;11302;11431;5.79;0.35;289.92;11.33;1099;30;3919.00;129
10206;30;624477927;10206;364;11302;11431;5.85;0.36;289.97;11.33;1096;30;3920.00;129
10209;30;624477940;10209;354;11302;11431;5.88;0.36;290.02;11.33;1093;30;3921.00;129
10212;30;624477953;10212;352;11303;11431;5.89;0.36;290.08;11.33;1091;30;3922.00;128
10218;30;624477965;10218;344;11304;11431;5.91;0.36;290.15;11.33;1086;30;3923.00;127
10222;30;624477978;10222;353;11311;11443;5.98;0.36;290.22;11.32;1089;30;3924.00;132
10226;30;624477997;10226;351;11313;11443;5.94;0.36;290.19;11.32;1087;30;3925.00;130
10232;30;624478009;10232;348;11315;11443;5.96;0.36;290.28;11.44;1083;30;3926.00;128
10235;30;624478023;10235;356;11315;11443;5.98;0.36;290.26;11.44;1080;30;3927.00;128
10238;30;624478035;10238;344;11315;11443;5.98;0.36;290.32;11.44;1077;30;3928.00;128
10240;30;624478047;10240;353;11317;11443;6.00;0.37;290.31;11.44;1077;30;3929.00;126
10244;30;624478061;10244;341;11320;11447;6.04;0.37;290.39;11.44;1076;30;3930.00;127
10246;30;624478073;10246;353;11320;11447;6.06;0.37;290.40;11.44;1074;30;3931.00;127
10249;30;624478085;10249;350;11324;11451;6.10;0.37;290.43;11.44;1075;30;3932.00;127
10254;30;624478098;10254;353;11325;11452;6.09;0.37;290.51;11.44;1071;30;3933.00;127
10257;30;624478110;10257;361;11325;11452;6.08;0.37;290.61;11.44;1068;30;3934.00;127
10263;30;624478122;10263;356;11325;11452;6.10;0.37;290.76;11.44;1062;30;3935.00;127
10267;30;624478135;10267;353;11334;11465;6.22;0.38;290.89;11.43;1067;30;3936.00;131
10269;30;624478148;10269;349;11334;11465;6.23;0.38;290.87;11.43;1065;30;3937.00;131
10276;30;624478160;10276;341;11334;11465;6.20;0.38;290.89;11.43;1058;30;3938.00;131
10278;30;624478173;10278;343;11335;11466;6.23;0.38;290.91;11.43;1057;30;3939.00;131
10280;30;624478190;10280;344;11335;11467;6.22;0.38;290.90;11.43;1055;30;3940.00;132
10288;30;624478217;10288;344;11335;11467;6.17;0.37;290.94;11.43;1047;30;3941.00;132
10289;30;624478236;10289;339;11337;11470;6.24;0.38;290.98;11.43;1048;30;3942.00;133
10294;30;624478259;10294;332;11337;11470;6.26;0.38;291.07;11.43;1043;30;3943.00;133
10299;30;624478279;10299;330;11339;11470;6.26;0.38;291.18;11.55;1040;30;3944.00;131
10302;30;624478298;10302;328;11339;11470;6.33;0.38;291.16;11.55;1037;30;3945.00;131
10308;30;624478315;10308;325;11345;11476;6.39;0.39;291.25;11.56;1037;30;3946.00;131
10312;30;624478331;10312;323;11346;11476;6.46;0.39;291.28;11.56;1034;30;3947.00;130
10316;30;624478347;10316;322;11346;11476;6.49;0.39;291.35;11.56;1030;30;3948.00;130
10323;30;624478361;10323;321;11349;11476;6.47;0.39;291.48;11.70;1026;30;3949.00;127
10328;30;624478375;10328;330;11352;11480;6.42;0.39;291.55;11.70;1024;30;3950.00;128
10331;30;624478389;10331;335;11354;11481;6.42;0.39;291.60;11.71;1023;30;3951.00;127
10336;30;624478403;10336;342;11354;11481;6.32;0.38;291.62;11.71;1018;30;3952.00;127
10343;30;624478418;10343;345;11356;11482;6.23;0.38;291.68;11.71;1013;30;3953.00;126
10344;30;624478433;10344;358;11357;11482;6.23;0.38;291.71;11.83;1013;30;3954.00;125
10349;30;624478445;10349;353;11357;11482;6.18;0.38;291.71;11.83;1008;30;3955.00;125
10353;30;624478457;10353;355;11360;11482;6.11;0.37;291.76;11.87;1007;30;3956.00;122
10355;30;624478471;10355;349;11360;11482;6.08;0.37;291.80;11.87;1005;30;3957.00;122
10358;30;624478483;10358;344;11360;11482;6.06;0.37;291.89;11.87;1002;30;3958.00;122
10361;30;624478496;10361;338;11362;11482;6.03;0.37;291.88;12.00;1001;30;3959.00;120
10363;30;624478510;10363;355;11429;11607;6.17;0.38;291.88;11.95;1066;30;3960.00;178
10364;30;624478533;10364;350;11433;11608;6.16;0.38;291.85;11.94;1069;30;3961.00;175
10367;30;624478551;10367;345;11440;11608;6.22;0.38;291.87;11.95;1073;30;3962.00;168
10368;30;624478566;10368;346;11441;11608;6.24;0.38;291.87;11.95;1073;30;3963.00;167
10370;30;624478579;10370;347;11447;11608;6.27;0.39;291.93;11.95;1077;30;3964.00;161
10373;30;624478597;10373;351;11448;11608;6.28;0.39;291.90;12.07;1075;30;3965.00;160
10374;30;624478610;10374;339;11456;11608;6.32;0.39;291.96;12.09;1082;30;3966.00;152
10376;30;624478623;10376;330;11460;11608;6.31;0.39;292.01;12.08;1084;30;3967.00;148
10378;30;624478637;10378;336;11467;11609;6.30;0.39;291.99;12.09;1089;30;3968.00;142
10381;30;624478658;10381;342;11472;11610;6.24;0.38;292.12;12.10;1091;30;3969.00;138
10382;30;624478672;10382;339;11475;11610;6.23;0.38;292.15;12.09;1093;30;3970.00;135
10385;30;624478693;10385;345;11480;11614;6.17;0.38;292.21;12.10;1095;30;3971.00;134
10388;30;624478708;10388;340;11480;11614;6.17;0.38;292.29;12.10;1092;30;3972.00;134
10392;30;624478722;10392;346;11480;11614;6.17;0.38;292.34;12.10;1088;30;3973.00;134
10393;30;624478742;10393;354;11482;11614;6.21;0.38;292.36;12.11;1089;30;3974.00;132
10394;30;624478764;10394;362;11487;11620;6.23;0.38;292.38;12.10;1093;30;3975.00;133
10398;30;624478778;10398;368;11487;11620;6.19;0.38;292.41;12.10;1089;30;3976.00;133
10404;30;624478794;10404;369;11488;11620;6.19;0.38;292.51;12.11;1084;30;3977.00;132
10405;30;624478809;10405;373;11491;11623;6.24;0.38;292.50;12.11;1086;30;3978.00;132
10405;30;624478824;10405;372;11491;11623;6.25;0.38;292.50;12.11;1086;30;3979.00;132
10408;30;624478839;10408;382;11492;11623;6.26;0.38;292.55;12.12;1084;30;3980.00;131
10411;30;624478855;10411;371;11494;11624;6.27;0.38;292.56;12.23;1083;30;3981.00;130
10414;31;624478870;10414;373;11496;11625;6.32;0.39;292.69;12.23;1082;31;3982.00;129
10415;31;624478897;10415;370;11496;11625;6.42;0.39;292.69;12.23;1081;31;3983.00;129
10417;31;624478912;10417;373;11507;11638;6.50;0.40;292.72;12.22;1090;31;3984.00;131
10421;31;624478927;10421;371;11507;11638;6.48;0.40;292.74;12.22;1086;31;3985.00;131
10424;31;624478941;10424;370;11508;11638;6.58;0.40;292.79;12.23;1084;31;3986.00;130
10427;31;624478956;10427;373;11509;11639;6.62;0.40;292.78;12.22;1082;31;3987.00;130
10429;31;624478971;10429;377;11510;11639;6.68;0.41;292.82;12.22;1081;31;3988.00;129
10430;31;624478984;10430;382;11515;11643;6.75;0.41;292.83;12.22;1085;31;3989.00;128
10432;31;624479000;10432;377;11515;11643;6.79;0.41;292.95;12.22;1083;31;3990.00;128
10434;31;624479016;10434;383;11519;11647;6.77;0.41;292.95;12.22;1085;31;3991.00;128
10436;31;624479030;10436;378;11519;11647;6.79;0.41;292.92;12.22;1083;31;3992.00;128
10439;31;624479043;10439;382;11519;11647;6.86;0.42;292.92;12.22;1080;31;3993.00;128
10441;31;624479057;10441;391;11519;11647;6.88;0.42;293.00;12.22;1078;31;3994.00;128
10444;31;624479070;10444;398;11519;11647;6.83;0.42;293.03;12.22;1075;31;3995.00;128
10447;31;624479084;10447;397;11529;11659;6.79;0.41;293.02;12.21;1082;31;3996.00;130
10451;31;624479099;10451;401;11529;11659;6.70;0.41;293.00;12.21;1078;31;3997.00;130
10452;31;624479112;10452;401;11530;11659;6.65;0.40;293.06;12.21;1078;31;3998.00;129
10453;31;624479126;10453;403;11530;11659;6.63;0.40;293.06;12.21;1077;31;3999.00;129
10454;31;624479139;10454;400;11530;11659;6.67;0.41;293.03;12.21;1076;31;4000.00;129
10455;31;624479157;10455;399;11530;11659;6.72;0.41;293.04;12.21;1075;31;4001.00;129
10457;31;624479170;10457;401;11531;11660;6.72;0.41;293.02;12.32;1074;31;4002.00;129
10459;31;624479184;10459;401;11531;11660;6.73;0.41;293.01;12.32;1072;31;4003.00;129
10463;31;624479197;10463;398;11536;11666;6.74;0.41;292.97;12.32;1073;31;4004.00;130
10468;31;624479212;10468;399;11538;11668;6.70;0.41;292.96;12.32;1070;31;4005.00;130
10470;31;624479226;10470;406;11538;11668;6.66;0.41;292.93;12.32;1068;31;4006.00;130
10473;31;624479239;10473;404;11538;11668;6.64;0.40;292.91;12.32;1065;31;4007.00;130
10475;31;624479253;10475;409;11541;11672;6.62;0.40;292.91;12.31;1066;31;4008.00;131
10476;31;624479266;10476;402;11541;11672;6.58;0.40;292.90;12.31;1065;31;4009.00;131
10479;31;624479278;10479;410;11541;11672;6.51;0.40;292.85;12.31;1062;31;4010.00;131
10481;31;624479290;10481;407;11542;11673;6.48;0.39;292.84;12.31;1061;31;4011.00;131
10483;31;624479302;10483;400;11545;11677;6.42;0.39;292.82;12.31;1062;31;4012.00;132
10486;31;624479315;10486;407;11545;11677;6.39;0.39;292.81;12.31;1059;31;4013.00;132
10487;31;624479326;10487;398;11547;11680;6.42;0.39;292.80;12.31;1060;31;4014.00;133
10487;31;624479339;10487;395;11550;11680;6.41;0.39;292.80;12.33;1063;31;4015.00;130
10489;31;624479351;10489;395;11550;11680;6.39;0.39;292.79;12.33;1061;31;4016.00;130
10490;31;624479363;10490;399;11550;11680;6.40;0.39;292.78;12.33;1060;31;4017.00;130
10494;31;624479376;10494;396;11554;11684;6.43;0.39;292.78;12.32;1060;31;4018.00;130
10497;31;624479388;10497;384;11554;11684;6.45;0.39;292.74;12.32;1057;31;4019.00;130
10500;31;624479402;10500;377;11554;11684;6.48;0.39;292.73;12.32;1054;31;4020.00;130
10503;31;624479414;10503;366;11554;11684;6.54;0.40;292.76;12.32;1051;31;4021.00;130
10505;31;624479427;10505;363;11554;11685;6.53;0.40;292.82;12.32;1049;31;4022.00;131
10506;31;624479439;10506;362;11555;11686;6.52;0.39;292.84;12.32;1049;31;4023.00;131
10507;31;624479451;10507;356;11555;11686;6.49;0.39;292.82;12.32;1048;31;4024.00;131
10508;31;624479463;10508;357;11556;11687;6.51;0.39;292.80;12.32;1048;31;4025.00;131
10510;31;624479476;10510;350;11556;11687;6.45;0.39;292.75;12.32;1046;31;4026.00;131
10512;31;624479487;10512;348;11556;11687;6.45;0.39;292.74;12.32;1044;31;4027.00;131
10513;31;624479499;10513;350;11556;11687;6.47;0.39;292.73;12.32;1043;31;4028.00;131
10515;31;624479516;10515;352;11556;11687;6.49;0.39;292.72;12.32;1041;31;4029.00;131
10517;31;624479528;10517;347;11556;11687;6.49;0.39;292.70;12.32;1039;31;4030.00;131
10517;31;624479539;10517;347;11556;11687;6.52;0.40;292.70;12.32;1039;31;4031.00;131
10519;31;624479551;10519;360;11624;11814;6.79;0.42;292.70;12.25;1105;31;4032.00;190
10522;31;624479572;10522;355;11626;11815;6.78;0.42;292.71;12.25;1104;31;4033.00;189
10524;31;624479589;10524;348;11634;11815;6.80;0.42;292.67;12.24;1110;31;4034.00;181
10524;31;624479602;10524;352;11636;11815;6.75;0.42;292.67;12.24;1112;31;4035.00;179
10524;31;624479614;10524;350;11641;11815;6.65;0.41;292.67;12.23;1117;31;4036.00;174
10524;31;624479625;10524;352;11642;11815;6.53;0.40;292.67;12.23;1118;31;4037.00;173
10526;31;624479637;10526;354;11646;11815;6.53;0.40;292.66;12.23;1120;31;4038.00;169
10527;31;624479650;10527;358;11647;11815;6.48;0.40;292.64;12.23;1120;31;4039.00;168
10531;31;624479662;10531;365;11650;11816;6.44;0.40;292.67;12.24;1119;31;4040.00;166
10532;31;624479679;10532;367;11653;11817;6.43;0.40;292.68;12.24;1121;31;4041.00;164
10534;31;624479692;10534;370;11655;11817;6.43;0.40;292.64;12.25;1121;31;4042.00;162
10537;31;624479704;10537;370;11658;11818;6.42;0.39;292.67;12.27;1121;31;4043.00;160
10538;31;624479716;10538;373;11662;11818;6.41;0.39;292.66;12.27;1124;31;4044.00;156
10540;31;624479728;10540;373;11667;11818;6.41;0.39;292.64;12.29;1127;31;4045.00;151
10545;31;624479741;10545;383;11669;11818;6.35;0.39;292.64;12.29;1124;31;4046.00;149
10545;31;624479753;10545;387;11678;11822;6.35;0.39;292.64;12.32;1133;31;4047.00;144
10548;31;624479765;10548;393;11681;11822;6.31;0.39;292.65;12.33;1133;31;4048.00;141
10552;31;624479777;10552;398;11683;11822;6.19;0.38;292.64;12.33;1131;31;4049.00;139
10553;31;624479791;10553;399;11688;11828;6.13;0.38;292.66;12.33;1135;31;4050.00;140
10557;31;624479804;10557;407;11692;11828;6.03;0.37;292.70;12.35;1135;31;4051.00;136
10560;31;624479816;10560;409;11695;11828;5.96;0.36;292.77;12.35;1135;31;4052.00;133
10563;31;624479828;10563;414;11701;11832;5.88;0.36;292.82;12.37;1138;31;4053.00;131
10563;31;624479841;10563;426;11702;11833;5.84;0.36;292.82;12.37;1139;31;4054.00;131
10566;31;624479853;10566;427;11704;11833;5.77;0.35;292.87;12.37;1138;31;4055.00;129
10569;31;624479864;10569;428;11709;11837;5.71;0.35;292.89;12.39;1140;31;4056.00;128
10571;31;624479878;10571;429;11709;11837;5.62;0.34;292.93;12.39;1138;31;4057.00;128
10571;31;624479890;10571;432;11711;11837;5.57;0.34;292.93;12.40;1140;31;4058.00;126
10572;31;624479901;10572;430;11713;11838;5.47;0.34;292.96;12.41;1141;31;4059.00;125
10572;31;624479913;10572;431;11713;11838;5.46;0.34;292.96;12.41;1141;31;4060.00;125
10573;31;624479925;10573;432;11720;11844;5.49;0.34;293.02;12.42;1147;31;4061.00;124
10574;31;624479937;10574;439;11720;11844;5.48;0.34;293.01;12.42;1146;31;4062.00;124
10577;31;624479949;10577;437;11721;11845;5.49;0.34;293.11;12.43;1144;31;4063.00;124
10579;31;624479962;10579;436;11723;11845;5.52;0.34;293.12;12.44;1144;31;4064.00;122
10580;31;624479975;10580;437;11724;11845;5.49;0.34;293.17;12.44;1144;31;4065.00;121
10587;31;624479988;10587;436;11724;11845;5.45;0.33;293.11;12.44;1137;31;4066.00;121
10589;31;624480002;10589;439;11726;11845;5.44;0.33;293.18;12.45;1137;31;4067.00;119
10591;31;624480023;10591;439;11734;11857;5.52;0.34;293.17;12.45;1143;31;4068.00;123
10592;31;624480049;10592;437;11734;11857;5.55;0.34;293.22;12.45;1142;31;4069.00;123
10595;31;624480062;10595;436;11737;11857;5.58;0.34;293.18;12.45;1142;31;4070.00;120
10600;31;624480074;10600;431;11737;11857;5.54;0.34;293.19;12.45;1137;31;4071.00;120
10602;31;624480085;10602;429;11738;11857;5.52;0.34;293.28;12.46;1136;31;4072.00;119
10605;31;624480098;10605;424;11738;11857;5.48;0.34;293.25;12.46;1133;31;4073.00;119
10605;31;624480110;10605;425;11742;11861;5.44;0.34;293.25;12.46;1137;31;4074.00;119
10611;31;624480122;10611;420;11744;11861;5.37;0.33;293.37;12.48;1133;31;4075.00;117
10616;31;624480134;10616;417;11749;11865;5.35;0.33;293.37;12.48;1133;31;4076.00;116
10618;31;624480147;10618;420;11750;11866;5.35;0.33;293.45;12.48;1132;31;4077.00;116
10623;31;624480159;10623;422;11751;11866;5.32;0.33;293.42;12.48;1128;31;4078.00;115
10627;31;624480172;10627;423;11751;11866;5.28;0.33;293.49;12.48;1124;31;4079.00;115
10633;31;624480185;10633;425;11772;11895;5.24;0.32;293.64;12.48;1139;31;4080.00;123
10637;31;624480199;10637;409;11774;11895;5.19;0.32;293.65;12.48;1137;31;4081.00;121
10638;31;624480218;10638;412;11776;11895;5.23;0.32;293.67;12.48;1138;31;4082.00;119
10640;31;624480247;10640;414;11777;11896;5.22;0.32;293.71;12.48;1137;31;4083.00;119
10645;31;624480269;10645;408;11778;11897;5.18;0.32;293.84;12.48;1133;31;4084.00;119
10648;31;624480288;10648;404;11778;11897;5.24;0.32;293.88;12.48;1130;31;4085.00;119
10653;31;624480306;10653;410;11780;11900;5.29;0.33;293.87;12.48;1127;31;4086.00;120
10657;31;624480323;10657;407;11780;11900;5.33;0.33;293.92;12.48;1123;31;4087.00;120
10659;31;624480338;10659;401;11781;11900;5.44;0.33;293.98;12.48;1122;31;4088.00;119
10662;31;624480351;10662;398;11782;11900;5.54;0.34;294.02;12.48;1120;31;4089.00;118
10666;31;624480365;10666;390;11787;11906;5.64;0.35;294.03;12.47;1121;31;4090.00;119
10674;31;624480379;10674;388;11787;11906;5.65;0.35;294.00;12.47;1113;31;4091.00;119
10676;31;624480394;10676;388;11787;11906;5.68;0.35;293.98;12.47;1111;31;4092.00;119
10677;31;624480407;10677;379;11787;11906;5.74;0.35;293.98;12.47;1110;31;4093.00;119
10682;31;624480420;10682;384;11790;11910;5.81;0.36;294.06;12.47;1108;31;4094.00;120
10687;31;624480434;10687;385;11792;11912;5.87;0.36;294.15;12.47;1105;31;4095.00;120
10689;31;624480447;10689;387;11792;11912;5.91;0.36;294.14;12.47;1103;31;4096.00;120
10693;31;624480460;10693;383;11793;11913;5.95;0.36;294.17;12.47;1100;31;4097.00;120
10697;31;624480475;10697;385;11793;11913;6.01;0.37;294.18;12.47;1096;31;4098.00;120
10701;31;624480488;10701;390;11793;11913;6.01;0.37;294.21;12.47;1092;31;4099.00;120
10703;31;624480502;10703;396;11793;11913;5.96;0.36;294.23;12.47;1090;31;4100.00;120
10706;31;624480519;10706;396;11793;11913;5.92;0.36;294.23;12.47;1087;31;4101.00;120
10710;31;624480533;10710;380;11793;11913;5.88;0.36;294.24;12.47;1083;31;4102.00;120
10712;31;624480546;10712;383;11794;11913;5.88;0.36;294.30;12.59;1082;31;4103.00;119
10719;31;624480560;10719;386;11828;11983;5.89;0.36;294.31;12.55;1109;31;4104.00;155
10721;31;624480579;10721;375;11828;11984;5.91;0.36;294.35;12.55;1107;31;4105.00;156
10729;31;624480592;10729;371;11833;11984;5.93;0.36;294.42;12.55;1104;31;4106.00;151
10731;31;624480606;10731;369;11833;11984;5.92;0.36;294.44;12.55;1102;31;4107.00;151
10739;31;624480620;10739;367;11836;11984;5.92;0.36;294.47;12.54;1097;31;4108.00;148
10741;31;624480633;10741;371;11840;11984;5.98;0.36;294.44;12.54;1099;31;4109.00;144
10743;31;624480649;10743;374;11844;11984;5.96;0.36;294.45;12.54;1101;31;4110.00;140
10748;31;624480662;10748;382;11848;11984;5.93;0.36;294.54;12.55;1100;31;4111.00;136
10750;31;624480676;10750;379;11849;11985;5.90;0.36;294.54;12.54;1099;31;4112.00;136
10752;31;624480688;10752;378;11851;11986;5.83;0.35;294.55;12.54;1099;31;4113.00;135
10758;31;624480702;10758;374;11853;11986;5.80;0.35;294.58;12.54;1095;31;4114.00;133
10760;31;624480715;10760;373;11857;11990;5.83;0.35;294.58;12.54;1097;31;4115.00;133
10766;31;624480729;10766;384;11859;11990;5.80;0.35;294.61;12.54;1093;31;4116.00;131
10769;31;624480743;10769;388;11861;11990;5.83;0.36;294.60;12.54;1092;31;4117.00;129
10770;31;624480757;10770;397;11862;11990;5.82;0.36;294.60;12.54;1092;31;4118.00;128
10773;31;624480770;10773;398;11867;11996;5.83;0.36;294.62;12.54;1094;31;4119.00;129
10777;31;624480786;10777;404;11869;11996;5.80;0.35;294.65;12.66;1092;31;4120.00;127
10783;31;624480800;10783;411;11870;11996;5.76;0.35;294.68;12.66;1087;31;4121.00;126
10784;31;624480815;10784;411;11873;11999;5.80;0.35;294.68;12.66;1089;31;4122.00;126
10787;31;624480829;10787;412;11873;11999;5.80;0.35;294.69;12.66;1086;31;4123.00;126
10793;31;624480843;10793;414;11874;11999;5.74;0.35;294.76;12.66;1081;31;4124.00;125
10796;31;624480856;10796;420;11876;12000;5.68;0.35;294.77;12.66;1080;31;4125.00;124
10799;31;624480869;10799;431;11877;12001;5.62;0.34;294.84;12.66;1078;31;4126.00;124
10802;31;624480882;10802;421;11878;12001;5.55;0.34;294.94;12.66;1076;31;4127.00;123
10805;31;624480896;10805;423;11887;12014;5.61;0.34;294.90;12.65;1082;31;4128.00;127
10809;31;624480910;10809;424;11888;12014;5.56;0.34;294.93;12.65;1079;31;4129.00;126
10811;31;624480923;10811;429;11889;12014;5.56;0.34;295.00;12.65;1078;31;4130.00;125
10815;31;624480938;10815;427;11890;12015;5.53;0.34;295.09;12.65;1075;31;4131.00;125
10817;31;624480951;10817;429;11890;12015;5.50;0.34;295.20;12.65;1073;31;4132.00;125
10821;31;624480964;10821;436;11895;12019;5.52;0.34;295.17;12.65;1074;31;4133.00;124
10824;31;624480979;10824;442;11896;12019;5.47;0.33;295.23;12.76;1072;31;4134.00;123
10828;31;624480992;10828;452;11900;12023;5.44;0.33;295.36;12.76;1072;31;4135.00;123
10829;31;624481005;10829;454;11900;12023;5.47;0.33;295.34;12.76;1071;31;4136.00;123
10831;31;624481018;10831;455;11900;12023;5.49;0.33;295.40;12.76;1069;31;4137.00;123
10835;31;624481032;10835;454;11900;12023;5.52;0.34;295.44;12.76;1065;31;4138.00;123
10837;31;624481044;10837;449;11900;12023;5.59;0.34;295.49;12.76;1063;31;4139.00;123
10840;31;624481059;10840;440;11925;12057;5.71;0.35;295.56;12.73;1085;31;4140.00;132
10842;31;624481075;10842;442;11925;12057;5.68;0.35;295.56;12.73;1083;31;4141.00;132
10844;31;624481087;10844;447;11928;12057;5.76;0.35;295.56;12.73;1084;31;4142.00;129
10847;31;624481101;10847;448;11928;12057;5.77;0.35;295.54;12.73;1081;31;4143.00;129
10849;31;624481113;10849;447;11929;12057;5.78;0.35;295.63;12.73;1080;31;4144.00;128
10851;31;624481127;10851;445;11929;12057;5.77;0.35;295.62;12.73;1078;31;4145.00;128
10853;31;624481141;10853;439;11929;12058;5.84;0.36;295.62;12.73;1076;31;4146.00;129
10856;31;624481154;10856;430;11929;12058;5.89;0.36;295.61;12.73;1073;31;4147.00;129
10859;31;624481168;10859;427;11934;12064;5.94;0.36;295.65;12.72;1075;31;4148.00;130
10860;31;624481181;10860;427;11935;12065;6.05;0.37;295.68;12.72;1075;31;4149.00;130
10863;31;624481195;10863;426;11936;12065;6.07;0.37;295.76;12.84;1073;31;4150.00;129
10866;31;624481209;10866;428;11936;12065;6.07;0.37;295.80;12.84;1070;31;4151.00;129
10869;31;624481222;10869;427;11939;12069;6.12;0.37;295.84;12.84;1070;31;4152.00;130
10873;31;624481235;10873;421;11939;12069;6.08;0.37;295.92;12.84;1066;31;4153.00;130
10878;31;624481249;10878;424;11939;12069;6.01;0.37;295.99;12.84;1061;31;4154.00;130
10881;31;624481263;10881;428;11940;12070;6.00;0.37;296.02;12.84;1059;31;4155.00;130
10884;31;624481281;10884;437;11943;12074;6.04;0.37;296.03;12.83;1059;31;4156.00;131
10886;31;624481293;10886;432;11943;12074;6.08;0.37;296.09;12.83;1057;31;4157.00;131
10887;31;624481305;10887;432;11945;12077;6.13;0.37;296.07;12.83;1058;31;4158.00;132
10890;31;624481317;10890;432;11945;12077;6.15;0.37;296.05;12.83;1055;31;4159.00;132
10892;31;624481329;10892;431;11946;12077;6.18;0.38;296.06;12.83;1054;31;4160.00;131
10896;31;624481340;10896;433;11946;12077;6.20;0.38;296.07;12.83;1050;31;4161.00;131
10897;31;624481353;10897;424;11950;12081;6.29;0.38;296.05;12.83;1053;31;4162.00;131
10902;31;624481365;10902;419;11950;12081;6.29;0.38;296.02;12.83;1048;31;4163.00;131
10903;31;624481378;10903;416;11951;12081;6.32;0.38;296.02;12.94;1048;31;4164.00;130
10906;31;624481389;10906;422;11951;12081;6.34;0.39;296.01;12.94;1045;31;4165.00;130
10908;31;624481401;10908;412;11951;12082;6.40;0.39;295.99;12.94;1043;31;4166.00;131
10911;31;624481415;10911;413;11952;12083;6.40;0.39;295.95;12.94;1041;31;4167.00;131
10912;31;624481427;10912;412;11952;12083;6.41;0.39;295.98;12.94;1040;31;4168.00;131
10914;31;624481442;10914;414;11953;12084;6.45;0.39;295.99;12.94;1039;31;4169.00;131
10914;31;624481456;10914;409;11953;12084;6.46;0.39;295.99;12.94;1039;31;4170.00;131
10916;31;624481468;10916;395;11953;12084;6.45;0.39;295.98;12.94;1037;31;4171.00;131
10917;31;624481480;10917;380;11953;12084;6.53;0.39;296.01;12.94;1036;31;4172.00;131
10921;31;624481494;10921;374;11955;12086;6.55;0.39;296.05;12.93;1034;31;4173.00;131
10921;31;624481508;10921;366;11955;12086;6.56;0.40;296.05;12.93;1034;31;4174.00;131
10921;31;624481520;10921;359;11955;12086;6.63;0.40;296.05;12.93;1034;31;4175.00;131
10923;31;624481532;10923;375;12021;12213;6.77;0.41;296.03;12.86;1098;31;4176.00;192
10924;31;624481554;10924;357;12022;12214;6.84;0.42;296.01;12.86;1098;31;4177.00;192
10925;31;624481567;10925;345;12028;12214;6.95;0.43;296.00;12.86;1103;31;4178.00;186
10925;31;624481580;10925;335;12032;12214;7.05;0.43;296.00;12.96;1107;31;4179.00;182
10926;31;624481593;10926;335;12036;12214;7.07;0.43;296.02;12.96;1110;31;4180.00;178
10927;31;624481612;10927;332;12039;12214;7.09;0.43;296.01;12.96;1112;31;4181.00;175
10929;32;624481624;10929;324;12042;12214;7.10;0.43;295.99;12.95;1113;32;4182.00;172
10929;32;624481656;10929;317;12048;12214;7.14;0.44;295.99;12.95;1119;32;4183.00;166
10932;32;624481672;10932;317;12051;12215;7.16;0.44;295.98;12.96;1119;32;4184.00;164
10933;32;624481688;10933;314;12056;12217;7.17;0.44;295.97;12.97;1123;32;4185.00;161
10934;32;624481706;10934;309;12058;12217;7.11;0.43;295.95;12.97;1124;32;4186.00;159
10937;32;624481720;10937;313;12059;12218;7.09;0.43;295.94;12.97;1122;32;4187.00;159
10939;32;624481733;10939;309;12063;12218;7.12;0.43;295.92;12.97;1124;32;4188.00;155
10942;32;624481746;10942;313;12063;12218;7.12;0.43;295.93;12.97;1121;32;4189.00;155
10942;32;624481759;10942;310;12068;12218;7.12;0.43;295.93;12.98;1126;32;4190.00;150
10945;32;624481771;10945;307;12069;12222;7.11;0.43;295.99;12.98;1124;32;4191.00;153
10947;32;624481785;10947;312;12074;12222;7.10;0.43;295.96;13.09;1127;32;4192.00;148
10948;32;624481798;10948;308;12075;12222;7.09;0.43;295.98;13.08;1127;32;4193.00;147
10950;32;624481817;10950;311;12076;12225;7.11;0.43;295.96;13.09;1126;32;4194.00;149
10953;32;624481831;10953;313;12079;12225;7.08;0.43;296.00;13.19;1126;32;4195.00;146
10956;32;624481845;10956;314;12080;12225;7.08;0.43;296.00;13.19;1124;32;4196.00;145
10959;32;624481858;10959;313;12084;12229;7.06;0.43;295.96;13.19;1125;32;4197.00;145
10961;32;624481871;10961;317;12087;12230;7.04;0.43;296.03;13.30;1126;32;4198.00;143
10965;32;624481884;10965;318;12088;12230;6.98;0.42;296.00;13.30;1123;32;4199.00;142
10967;32;624481899;10967;332;12098;12264;6.92;0.42;295.96;13.29;1131;32;4200.00;166
10970;32;624481919;10970;329;12103;12264;6.78;0.41;296.00;13.39;1133;32;4201.00;161
10972;32;624481933;10972;332;12105;12264;6.68;0.41;295.99;13.39;1133;32;4202.00;159
10974;32;624481946;10974;335;12109;12265;6.63;0.40;295.98;13.50;1135;32;4203.00;156
10974;32;624481959;10974;336;12109;12265;6.61;0.40;295.98;13.50;1135;32;4204.00;156
10976;32;624481973;10976;347;12113;12271;6.54;0.40;296.07;13.50;1137;32;4205.00;158
10979;32;624481986;10979;348;12118;12271;6.45;0.39;296.07;13.50;1139;32;4206.00;153
10980;32;624481999;10980;352;12118;12272;6.46;0.39;296.06;13.50;1138;32;4207.00;154
10983;32;624482013;10983;357;12119;12272;6.42;0.39;296.11;13.50;1136;32;4208.00;153
10985;32;624482026;10985;358;12120;12272;6.40;0.39;296.09;13.51;1135;32;4209.00;152
10988;32;624482039;10988;362;12121;12272;6.32;0.38;296.13;13.52;1133;32;4210.00;151
10988;32;624482051;10988;366;12122;12272;6.32;0.38;296.13;13.52;1134;32;4211.00;150
10991;32;624482064;10991;375;12132;12284;6.30;0.38;296.13;13.51;1141;32;4212.00;152
10993;32;624482078;10993;378;12134;12284;6.27;0.38;296.14;13.53;1141;32;4213.00;150
10993;32;624482090;10993;387;12137;12284;6.26;0.38;296.14;13.53;1144;32;4214.00;147
10994;32;624482103;10994;384;12138;12284;6.21;0.38;296.15;13.53;1144;32;4215.00;146
10995;32;624482115;10995;388;12139;12284;6.17;0.38;296.14;13.55;1144;32;4216.00;145
10998;32;624482128;10998;393;12141;12284;6.07;0.37;296.14;13.55;1143;32;4217.00;143
11000;32;624482140;11000;394;12145;12288;6.02;0.37;296.13;13.55;1145;32;4218.00;143
11000;33;624482153;11000;399;12146;12288;6.06;0.37;296.13;13.56;1146;33;4219.00;142
11003;33;624482172;11003;401;12150;12292;6.06;0.37;296.14;13.56;1147;33;4220.00;142
11006;33;624482185;11006;403;12154;12293;6.06;0.37;296.14;13.58;1148;33;4221.00;139
11010;33;624482198;11010;407;12154;12293;6.02;0.37;296.10;13.58;1144;33;4222.00;139
11013;33;624482215;11013;411;12155;12293;5.98;0.37;296.19;13.58;1142;33;4223.00;138
11014;33;624482238;11014;421;12168;12306;6.00;0.37;296.18;13.58;1154;33;4224.00;138
11016;33;624482260;11016;419;12170;12306;5.99;0.37;296.18;13.58;1154;33;4225.00;136
11018;33;624482280;11018;421;12171;12306;5.95;0.36;296.18;13.58;1153;33;4226.00;135
11023;33;624482299;11023;429;12173;12307;5.87;0.36;296.13;13.60;1150;33;4227.00;134
11024;33;624482317;11024;429;12173;12308;5.80;0.35;296.12;13.60;1149;33;4228.00;135
11026;33;624482332;11026;420;12173;12308;5.71;0.35;296.16;13.60;1147;33;4229.00;135
11027;33;624482347;11027;426;12179;12314;5.67;0.35;296.17;13.61;1152;33;4230.00;135
11030;33;624482362;11030;428;12179;12314;5.58;0.34;296.18;13.61;1149;33;4231.00;135
11033;33;624482375;11033;428;12181;12314;5.51;0.34;296.29;13.60;1148;33;4232.00;133
11036;33;624482389;11036;425;12182;12314;5.48;0.34;296.34;13.62;1146;33;4233.00;132
11038;33;624482403;11038;420;12189;12320;5.51;0.34;296.36;13.62;1151;33;4234.00;131
11039;33;624482424;11039;409;12190;12320;5.56;0.34;296.42;13.63;1151;33;4235.00;130
11042;33;624482439;11042;415;12192;12320;5.59;0.34;296.43;13.65;1150;33;4236.00;128
11044;33;624482452;11044;413;12193;12320;5.61;0.35;296.41;13.66;1149;33;4237.00;127
11047;33;624482465;11047;408;12196;12324;5.61;0.35;296.41;13.66;1149;33;4238.00;128
11052;33;624482479;11052;407;12198;12325;5.57;0.34;296.55;13.67;1146;33;4239.00;127
11056;33;624482493;11056;396;12199;12325;5.60;0.34;296.61;13.68;1143;33;4240.00;126
11059;33;624482507;11059;404;12201;12326;5.61;0.34;296.76;13.69;1142;33;4241.00;125
11065;33;624482519;11065;401;12203;12326;5.53;0.34;296.81;13.70;1138;33;4242.00;123
11065;33;624482532;11065;398;12203;12326;5.49;0.34;296.81;13.70;1138;33;4243.00;123
11069;33;624482544;11069;391;12204;12326;5.41;0.33;296.85;13.71;1135;33;4244.00;122
11073;33;624482557;11073;393;12205;12326;5.32;0.33;296.96;13.72;1132;33;4245.00;121
11079;33;624482569;11079;388;12206;12326;5.27;0.32;296.91;13.72;1127;33;4246.00;120
11084;33;624482581;11084;391;12207;12326;5.15;0.32;297.01;13.73;1123;33;4247.00;119
11088;33;624482594;11088;407;12250;12396;5.11;0.32;297.11;13.69;1162;33;4248.00;146
11091;33;624482612;11091;394;12254;12397;5.00;0.31;297.12;13.69;1163;33;4249.00;143
11096;33;624482624;11096;390;12258;12397;4.96;0.31;297.25;13.69;1162;33;4250.00;139
11101;33;624482637;11101;397;12258;12397;4.92;0.30;297.27;13.69;1157;33;4251.00;139
11103;33;624482652;11103;398;12260;12397;4.95;0.31;297.33;13.70;1157;33;4252.00;137
11107;33;624482664;11107;388;12262;12397;4.93;0.30;297.40;13.70;1155;33;4253.00;135
11107;33;624482677;11107;399;12268;12397;4.99;0.31;297.40;13.72;1161;33;4254.00;129
11111;33;624482689;11111;386;12269;12397;5.00;0.31;297.42;13.72;1158;33;4255.00;128
11118;33;624482701;11118;398;12273;12398;5.02;0.31;297.45;13.72;1155;33;4256.00;125
11123;33;624482714;11123;390;12275;12399;5.03;0.31;297.54;13.73;1152;33;4257.00;124
11127;33;624482728;11127;390;12279;12399;5.12;0.31;297.54;13.73;1152;33;4258.00;120
11129;33;624482742;11129;394;12283;12403;5.20;0.32;297.60;13.74;1154;33;4259.00;120
11133;33;624482758;11133;390;12284;12403;5.27;0.32;297.66;13.74;1151;33;4260.00;119
11137;33;624482771;11137;382;12287;12403;5.35;0.33;297.65;13.74;1150;33;4261.00;116
11138;33;624482785;11138;378;12287;12403;5.40;0.33;297.68;13.74;1149;33;4262.00;116
11141;33;624482798;11141;376;12292;12409;5.48;0.34;297.72;13.73;1151;33;4263.00;117
11143;33;624482812;11143;378;12293;12409;5.56;0.34;297.73;13.73;1150;33;4264.00;116
11149;33;624482825;11149;369;12293;12409;5.59;0.34;297.72;13.73;1144;33;4265.00;116
11153;33;624482838;11153;374;12295;12412;5.64;0.34;297.75;13.73;1142;33;4266.00;117
11155;33;624482852;11155;371;12296;12412;5.70;0.35;297.74;13.73;1141;33;4267.00;116
11159;33;624482865;11159;363;12297;12412;5.69;0.35;297.73;13.73;1138;33;4268.00;115
11165;33;624482879;11165;364;12298;12413;5.66;0.34;297.70;13.73;1133;33;4269.00;115
11169;33;624482893;11169;362;12299;12414;5.65;0.34;297.72;13.73;1130;33;4270.00;115
11172;33;624482907;11172;355;12299;12414;5.65;0.34;297.76;13.73;1127;33;4271.00;115
11177;33;624482920;11177;348;12308;12427;5.70;0.35;297.80;13.72;1131;33;4272.00;119
11183;33;624482935;11183;348;12311;12427;5.67;0.35;297.94;13.71;1128;33;4273.00;116
11188;33;624482949;11188;353;12311;12427;5.65;0.34;298.02;13.71;1123;33;4274.00;116
11194;33;624482962;11194;354;12313;12429;5.66;0.35;298.10;13.71;1119;33;4275.00;116
11198;33;624482977;11198;350;12313;12429;5.65;0.34;298.18;13.71;1115;33;4276.00;116
11202;33;624482990;11202;355;12317;12433;5.66;0.34;298.26;13.71;1115;33;4277.00;116
11206;33;624483004;11206;370;12318;12433;5.62;0.34;298.21;13.82;1112;33;4278.00;115
11208;33;624483017;11208;373;12321;12437;5.58;0.34;298.26;13.82;1113;33;4279.00;116
11212;33;624483030;11212;380;12321;12437;5.53;0.34;298.35;13.82;1109;33;4280.00;116
11215;33;624483043;11215;389;12321;12437;5.43;0.33;298.34;13.82;1106;33;4281.00;116
11219;33;624483056;11219;394;12321;12437;5.33;0.32;298.43;13.82;1102;33;4282.00;116
11222;33;624483069;11222;401;12321;12437;5.29;0.32;298.49;13.82;1099;33;4283.00;116
11224;33;624483083;11224;402;12330;12449;5.32;0.32;298.49;13.81;1106;33;4284.00;119
11229;33;624483097;11229;416;12331;12449;5.25;0.32;298.52;13.81;1102;33;4285.00;118
11232;33;624483110;11232;421;12332;12449;5.23;0.32;298.56;13.81;1100;33;4286.00;117
11236;33;624483122;11236;425;12332;12449;5.17;0.32;298.62;13.81;1096;33;4287.00;117
11242;33;624483135;11242;427;12332;12449;5.10;0.31;298.64;13.81;1090;33;4288.00;117
11246;33;624483148;11246;436;12332;12449;5.02;0.31;298.68;13.81;1086;33;4289.00;117
11248;33;624483163;11248;446;12332;12450;4.96;0.30;298.73;13.81;1084;33;4290.00;118
11250;33;624483177;11250;446;12332;12450;4.93;0.30;298.76;13.81;1082;33;4291.00;118
11251;33;624483189;11251;449;12337;12456;4.93;0.30;298.78;13.80;1086;33;4292.00;119
11258;33;624483201;11258;456;12338;12457;4.88;0.30;298.76;13.80;1080;33;4293.00;119
11262;33;624483217;11262;459;12338;12457;4.83;0.29;298.73;13.80;1076;33;4294.00;119
11266;33;624483229;11266;459;12338;12457;4.69;0.29;298.74;13.80;1072;33;4295.00;119
11270;33;624483241;11270;457;12341;12461;4.65;0.28;298.69;13.80;1071;33;4296.00;120
11275;33;624483254;11275;458;12341;12461;4.62;0.28;298.77;13.80;1066;33;4297.00;120
11278;33;624483266;11278;460;12341;12461;4.59;0.28;298.80;13.80;1063;33;4298.00;120
11282;33;624483277;11282;459;12342;12462;4.59;0.28;298.87;13.79;1060;33;4299.00;120
11283;33;624483289;11283;462;12345;12466;4.66;0.29;298.91;13.79;1062;33;4300.00;121
11287;33;624483303;11287;471;12345;12466;4.66;0.29;298.94;13.79;1058;33;4301.00;121
11290;33;624483314;11290;473;12347;12469;4.64;0.28;298.93;13.79;1057;33;4302.00;122
11293;33;624483326;11293;482;12348;12469;4.65;0.28;298.93;13.90;1055;33;4303.00;121
11296;33;624483337;11296;477;12349;12469;4.64;0.28;298.95;13.90;1053;33;4304.00;120
11299;33;624483348;11299;479;12349;12469;4.63;0.28;298.94;13.90;1050;33;4305.00;120
11300;34;624483360;11300;466;12353;12473;4.77;0.29;298.97;13.90;1053;34;4306.00;120
11303;34;624483383;11303;460;12353;12473;4.81;0.29;298.93;13.90;1050;34;4307.00;120
11307;34;624483395;11307;448;12353;12473;4.81;0.29;298.91;13.90;1046;34;4308.00;120
11309;34;624483406;11309;435;12353;12473;4.85;0.30;298.89;13.90;1044;34;4309.00;120
11312;34;624483418;11312;435;12353;12474;4.91;0.30;298.93;13.90;1041;34;4310.00;121
11315;34;624483431;11315;422;12354;12475;4.93;0.30;298.87;13.90;1039;34;4311.00;121
11316;34;624483444;11316;422;12354;12475;5.02;0.31;298.88;13.90;1038;34;4312.00;121
11320;34;624483455;11320;424;12355;12476;5.07;0.31;298.88;13.90;1035;34;4313.00;121
11321;34;624483468;11321;426;12355;12476;5.10;0.31;298.85;13.90;1034;34;4314.00;121
11321;34;624483479;11321;420;12355;12476;5.15;0.31;298.85;13.90;1034;34;4315.00;121
11322;34;624483491;11322;408;12355;12476;5.24;0.32;298.86;13.90;1033;35;4316.00;121
11322;34;624483511;11322;398;12355;12476;5.30;0.32;298.86;13.90;1033;35;4317.00;121
11324;34;624483523;11324;398;12356;12476;5.33;0.32;298.86;14.01;1032;35;4318.00;120
11324;34;624483535;11324;401;12356;12476;5.41;0.33;298.86;14.01;1032;35;4319.00;120
11326;34;624483547;11326;457;12479;12706;5.64;0.35;298.87;13.87;1153;35;4320.00;227
11326;34;624483577;11326;450;12481;12707;5.70;0.36;298.87;13.87;1155;35;4321.00;226
11328;34;624483589;11328;432;12490;12707;5.81;0.36;298.83;13.86;1162;35;4322.00;217
11331;34;624483602;11331;423;12495;12707;5.82;0.36;298.91;13.86;1164;35;4323.00;212
11335;34;624483620;11335;400;12501;12707;5.83;0.36;298.98;13.85;1166;35;4324.00;206
11336;34;624483633;11336;399;12504;12707;5.87;0.36;299.00;13.85;1168;35;4325.00;203
11336;34;624483646;11336;387;12511;12707;5.95;0.37;299.00;13.85;1175;35;4326.00;196
11337;35;624483658;11337;381;12516;12707;6.03;0.37;299.00;13.84;1179;36;4327.00;191
11338;35;624483677;11338;383;12520;12708;6.07;0.38;298.99;13.84;1182;36;4328.00;188
11338;35;624483691;11338;388;12523;12709;6.13;0.38;298.99;13.84;1185;36;4329.00;186
11338;35;624483710;11338;388;12527;12709;6.18;0.38;298.99;13.84;1189;36;4330.00;182
11340;36;624483723;11340;392;12530;12710;6.15;0.38;298.98;13.84;1190;37;4331.00;180
11342;36;624483751;11342;396;12533;12710;6.11;0.38;299.00;13.84;1191;37;4332.00;177
11342;36;624483765;11342;394;12534;12710;6.14;0.38;299.00;13.84;1192;37;4333.00;176
11346;37;624483778;11346;394;12537;12710;6.07;0.37;299.02;13.95;1191;38;4334.00;173
11346;37;624483807;11346;396;12539;12714;6.06;0.37;299.02;13.95;1193;38;4335.00;175
11349;37;624483821;11349;392;12540;12714;6.06;0.37;299.07;13.95;1191;38;4336.00;174
11349;37;624483836;11349;388;12540;12714;6.02;0.37;299.07;13.95;1191;38;4337.00;174
11350;37;624483850;11350;391;12541;12717;6.02;0.37;299.08;13.95;1191;38;4338.00;176
11352;37;624483869;11352;389;12541;12717;6.03;0.37;299.08;13.95;1189;38;4339.00;176
11352;37;624483883;11352;387;12542;12717;6.04;0.37;299.08;13.95;1190;38;4340.00;175
11352;37;624483897;11352;394;12546;12721;6.07;0.37;299.08;13.95;1194;38;4341.00;175
11353;37;624483917;11353;390;12547;12722;6.13;0.37;299.09;13.95;1194;38;4342.00;175
11355;37;624483931;11355;390;12547;12722;6.13;0.37;299.12;13.95;1192;38;4343.00;175
11358;37;624483945;11358;380;12548;12726;6.16;0.38;299.11;13.95;1190;38;4344.00;178
11360;37;624483959;11360;387;12549;12726;6.21;0.38;299.09;13.95;1189;38;4345.00;177
11362;37;624483974;11362;393;12549;12726;6.23;0.38;299.18;13.95;1187;38;4346.00;177
11364;37;624483987;11364;390;12549;12727;6.27;0.38;299.18;13.95;1185;38;4347.00;178
11365;37;624484001;11365;387;12551;12727;6.33;0.38;299.23;13.95;1186;38;4348.00;176
11366;37;624484016;11366;389;12555;12733;6.39;0.39;299.22;14.06;1189;38;4349.00;178
11368;37;624484032;11368;386;12557;12733;6.40;0.39;299.21;14.06;1189;38;4350.00;176
11370;37;624484046;11370;388;12557;12734;6.40;0.39;299.19;14.06;1187;38;4351.00;177
11372;37;624484060;11372;384;12557;12734;6.39;0.39;299.23;14.06;1185;38;4352.00;177
11374;37;624484074;11374;377;12562;12734;6.34;0.39;299.20;14.07;1188;38;4353.00;172
11375;37;624484087;11375;374;12565;12734;6.30;0.38;299.20;14.08;1190;38;4354.00;169
11379;37;624484102;11379;368;12566;12734;6.28;0.38;299.18;14.20;1187;38;4355.00;168
11383;37;624484116;11383;369;12576;12746;6.33;0.39;299.14;14.20;1193;38;4356.00;170
11383;37;624484131;11383;373;12576;12746;6.32;0.38;299.14;14.20;1193;38;4357.00;170
11388;37;624484144;11388;367;12577;12746;6.31;0.38;299.19;14.20;1189;38;4358.00;169
11391;37;624484158;11391;365;12579;12746;6.29;0.38;299.23;14.20;1188;38;4359.00;167
11395;37;624484172;11395;362;12580;12746;6.31;0.38;299.22;14.32;1185;38;4360.00;166
11398;37;624484185;11398;358;12582;12746;6.38;0.39;299.23;14.32;1184;38;4361.00;164
11403;37;624484199;11403;363;12585;12750;6.39;0.39;299.22;14.32;1182;38;4362.00;165
11407;37;624484217;11407;357;12586;12750;6.45;0.39;299.28;14.32;1179;38;4363.00;164
11411;37;624484239;11411;361;12589;12754;6.48;0.39;299.29;14.31;1178;38;4364.00;165
11411;37;624484261;11411;359;12591;12756;6.52;0.40;299.29;14.31;1180;38;4365.00;165
11415;37;624484284;11415;360;12591;12756;6.56;0.40;299.36;14.31;1176;38;4366.00;165
11419;37;624484304;11419;364;12591;12756;6.55;0.40;299.46;14.31;1172;38;4367.00;165
11422;37;624484324;11422;370;12603;12769;6.52;0.40;299.44;14.31;1181;38;4368.00;166
11423;37;624484340;11423;372;12603;12769;6.48;0.39;299.46;14.31;1180;38;4369.00;166
11426;37;624484356;11426;369;12606;12769;6.47;0.39;299.44;14.31;1180;38;4370.00;163
11430;37;624484373;11430;376;12607;12770;6.45;0.39;299.54;14.31;1177;38;4371.00;163
11434;37;624484388;11434;376;12608;12771;6.43;0.39;299.59;14.32;1174;38;4372.00;163
11437;37;624484404;11437;377;12609;12771;6.42;0.39;299.64;14.32;1172;38;4373.00;162
11439;37;624484419;11439;376;12612;12774;6.44;0.39;299.69;14.31;1173;38;4374.00;162
11446;37;624484433;11446;384;12612;12774;6.42;0.39;299.71;14.31;1166;38;4375.00;162
11448;37;624484447;11448;386;12613;12774;6.41;0.39;299.71;14.32;1165;38;4376.00;161
11451;37;624484460;11451;386;12614;12774;6.35;0.39;299.74;14.33;1163;38;4377.00;160
11456;37;624484475;11456;387;12620;12780;6.32;0.38;299.80;14.33;1164;38;4378.00;160
11459;37;624484491;11459;393;12622;12780;6.25;0.38;299.83;14.35;1163;38;4379.00;158
11461;37;624484507;11461;398;12622;12780;6.22;0.38;299.82;14.35;1161;38;4380.00;158
11464;37;624484524;11464;411;12623;12780;6.14;0.38;299.84;14.36;1159;38;4381.00;157
11468;37;624484538;11468;415;12627;12784;6.09;0.37;299.84;14.36;1159;38;4382.00;157
11469;37;624484552;11469;420;12630;12785;6.08;0.37;299.85;14.38;1161;38;4383.00;155
11472;37;624484566;11472;419;12631;12785;6.03;0.37;299.90;14.38;1159;38;4384.00;154
11474;37;624484580;11474;419;12634;12786;6.03;0.37;299.90;14.40;1160;38;4385.00;152
11477;37;624484594;11477;429;12636;12786;5.97;0.37;299.97;14.41;1159;38;4386.00;150
11480;37;624484608;11480;425;12637;12786;5.94;0.37;300.00;14.43;1157;38;4387.00;149
11483;37;624484621;11483;431;12641;12786;5.93;0.36;300.02;14.46;1158;38;4388.00;145
11486;37;624484635;11486;437;12641;12786;5.93;0.36;300.03;14.46;1155;38;4389.00;145
11487;37;624484649;11487;437;12644;12786;5.93;0.36;300.06;14.48;1157;38;4390.00;142
11488;37;624484663;11488;445;12644;12786;5.92;0.36;300.05;14.48;1156;38;4391.00;142
11493;37;624484676;11493;457;12683;12856;5.97;0.37;300.08;14.44;1190;38;4392.00;173
11495;37;624484696;11495;458;12686;12857;5.93;0.37;300.07;14.45;1191;38;4393.00;171
11499;37;624484710;11499;459;12694;12857;5.93;0.37;300.12;14.45;1195;38;4394.00;163
11503;37;624484725;11503;463;12694;12857;5.89;0.36;300.15;14.45;1191;38;4395.00;163
11504;37;624484739;11504;467;12699;12857;5.87;0.36;300.14;14.46;1195;38;4396.00;158
11507;37;624484753;11507;464;12699;12857;5.80;0.36;300.16;14.46;1192;38;4397.00;158
11511;37;624484767;11511;464;12703;12857;5.76;0.35;300.20;14.47;1192;38;4398.00;154
11514;37;624484781;11514;466;12707;12857;5.73;0.35;300.23;14.47;1193;38;4399.00;150
11521;37;624484802;11521;464;12710;12858;5.65;0.35;300.19;14.48;1189;38;4400.00;148
11523;37;624484821;11523;451;12712;12859;5.66;0.35;300.20;14.49;1189;38;4401.00;147
11526;37;624484836;11526;455;12715;12859;5.65;0.35;300.21;14.49;1189;38;4402.00;144
11534;37;624484850;11534;461;12718;12863;5.64;0.34;300.16;14.49;1184;38;4403.00;145
11534;37;624484865;11534;462;12719;12863;5.65;0.35;300.16;14.50;1185;38;4404.00;144
11539;37;624484878;11539;460;12720;12863;5.65;0.35;300.25;14.50;1181;38;4405.00;143
11539;37;624484893;11539;466;12722;12863;5.74;0.35;300.25;14.52;1183;38;4406.00;141
11543;37;624484907;11543;463;12727;12869;5.83;0.36;300.36;14.51;1184;38;4407.00;142
11544;37;624484921;11544;459;12728;12869;5.89;0.36;300.41;14.52;1184;38;4408.00;141
11550;37;624484936;11550;461;12729;12869;5.92;0.36;300.46;14.52;1179;38;4409.00;140
11551;37;624484952;11551;466;12733;12875;5.99;0.36;300.49;14.53;1182;38;4410.00;142
11553;37;624484967;11553;469;12733;12875;5.99;0.36;300.46;14.53;1180;38;4411.00;142
11556;37;624484981;11556;466;12735;12875;5.96;0.36;300.50;14.54;1179;38;4412.00;140
11561;37;624484994;11561;467;12735;12876;5.87;0.36;300.50;14.54;1174;38;4413.00;141
11564;37;624485009;11564;458;12736;12877;5.83;0.35;300.56;14.54;1172;38;4414.00;141
11567;37;624485028;11567;462;12739;12877;5.77;0.35;300.61;14.56;1172;38;4415.00;138
11570;37;624485042;11570;452;12748;12890;5.74;0.35;300.62;14.55;1178;38;4416.00;142
11574;37;624485056;11574;455;12749;12890;5.70;0.35;300.67;14.55;1175;38;4417.00;141
11579;37;624485070;11579;449;12749;12890;5.64;0.34;300.71;14.55;1170;38;4418.00;141
11584;37;624485083;11584;455;12753;12891;5.50;0.33;300.75;14.58;1169;38;4419.00;138
11588;37;624485097;11588;444;12754;12891;5.45;0.33;300.76;14.58;1166;38;4420.00;137
11591;37;624485110;11591;438;12758;12895;5.44;0.33;300.84;14.59;1167;38;4421.00;137
11596;37;624485123;11596;426;12758;12895;5.39;0.33;300.85;14.59;1162;38;4422.00;137
11599;37;624485136;11599;423;12763;12899;5.34;0.33;300.94;14.60;1164;38;4423.00;136
11603;37;624485150;11603;419;12764;12899;5.34;0.33;301.03;14.60;1161;38;4424.00;135
11605;37;624485163;11605;415;12764;12899;5.42;0.33;301.04;14.60;1159;38;4425.00;135
11608;37;624485176;11608;410;12767;12899;5.41;0.33;301.09;14.62;1159;38;4426.00;132
11608;37;624485190;11608;410;12770;12899;5.51;0.34;301.09;14.62;1162;38;4427.00;129
11612;37;624485202;11612;402;12778;12911;5.61;0.34;301.16;14.61;1166;38;4428.00;133
11615;37;624485219;11615;401;12780;12911;5.63;0.34;301.17;14.61;1165;38;4429.00;131
11619;37;624485232;11619;396;12783;12911;5.68;0.35;301.17;14.61;1164;38;4430.00;128
11622;37;624485246;11622;384;12783;12911;5.75;0.35;301.20;14.61;1161;38;4431.00;128
11622;37;624485261;11622;383;12784;12911;5.81;0.36;301.20;14.61;1162;38;4432.00;127
11628;37;624485274;11628;381;12784;12911;5.77;0.35;301.24;14.61;1156;38;4433.00;127
11633;37;624485287;11633;381;12786;12912;5.80;0.36;301.31;14.61;1153;38;4434.00;126
11636;37;624485300;11636;380;12786;12912;5.85;0.36;301.32;14.61;1150;38;4435.00;126
11638;37;624485313;11638;383;12792;12918;5.92;0.36;301.32;14.61;1154;38;4436.00;126
11645;37;624485326;11645;380;12792;12919;5.91;0.36;301.37;14.61;1147;38;4437.00;127
11648;37;624485339;11648;382;12794;12919;5.93;0.36;301.36;14.60;1146;38;4438.00;125
11652;37;624485353;11652;380;12794;12919;5.91;0.36;301.44;14.60;1142;38;4439.00;125
11655;37;624485367;11655;383;12798;12924;5.93;0.36;301.44;14.60;1143;38;4440.00;126
11660;37;624485381;11660;390;12798;12924;5.88;0.36;301.49;14.60;1138;38;4441.00;126
11663;37;624485393;11663;391;12798;12924;5.81;0.35;301.47;14.60;1135;38;4442.00;126
11663;37;624485406;11663;385;12799;12925;5.74;0.35;301.47;14.60;1136;38;4443.00;126
11666;37;624485419;11666;384;12802;12929;5.74;0.35;301.46;14.60;1136;38;4444.00;127
11675;37;624485433;11675;389;12802;12929;5.62;0.34;301.42;14.60;1127;38;4445.00;127
11677;37;624485446;11677;394;12804;12932;5.57;0.34;301.39;14.59;1127;38;4446.00;128
11680;37;624485458;11680;402;12804;12932;5.49;0.33;301.38;14.59;1124;38;4447.00;128
11683;37;624485471;11683;407;12805;12932;5.43;0.33;301.37;14.59;1122;38;4448.00;127
11686;37;624485483;11686;412;12805;12932;5.33;0.33;301.36;14.59;1119;38;4449.00;127
11689;37;624485496;11689;421;12810;12936;5.27;0.32;301.33;14.71;1121;38;4450.00;126
11694;37;624485510;11694;423;12810;12936;5.19;0.32;301.32;14.71;1116;38;4451.00;126
11697;37;624485523;11697;433;12810;12936;5.09;0.31;301.31;14.71;1113;38;4452.00;126
11701;37;624485537;11701;439;12810;12936;4.95;0.30;301.29;14.71;1109;38;4453.00;126
11705;37;624485549;11705;435;12810;12937;4.86;0.30;301.25;14.71;1105;38;4454.00;127
11709;37;624485562;11709;436;12812;12939;4.81;0.29;301.23;14.71;1103;38;4455.00;127
11717;37;624485575;11717;439;12812;12939;4.69;0.29;301.16;14.71;1095;38;4456.00;127
11720;37;624485588;11720;441;12813;12940;4.61;0.28;301.14;14.71;1093;38;4457.00;127
11721;37;624485601;11721;442;12813;12940;4.55;0.28;301.15;14.71;1092;38;4458.00;127
11725;37;624485612;11725;443;12813;12940;4.48;0.27;301.12;14.71;1088;38;4459.00;127
11728;37;624485624;11728;446;12813;12940;4.42;0.27;301.16;14.71;1085;38;4460.00;127
11732;37;624485635;11732;453;12813;12940;4.39;0.27;301.12;14.71;1081;38;4461.00;127
11735;37;624485647;11735;454;12813;12940;4.35;0.27;301.07;14.71;1078;38;4462.00;127
11738;37;624485658;11738;461;12813;12940;4.31;0.26;301.05;14.71;1075;38;4463.00;127
11743;37;624485670;11743;466;12884;13067;4.65;0.29;301.04;14.63;1141;38;4464.00;183
11744;37;624485692;11744;470;12887;13068;4.66;0.29;301.03;14.62;1143;38;4465.00;181
11745;37;624485704;11745;476;12894;13068;4.72;0.29;301.01;14.62;1149;38;4466.00;174
11746;37;624485715;11746;476;12894;13068;4.67;0.29;301.00;14.62;1148;38;4467.00;174
11749;37;624485727;11749;477;12900;13068;4.70;0.29;301.03;14.61;1151;38;4468.00;168
11752;37;624485740;11752;476;12904;13068;4.67;0.29;300.98;14.61;1152;38;4469.00;164
11754;37;624485753;11754;479;12907;13068;4.68;0.29;301.00;14.61;1153;38;4470.00;161
11754;37;624485766;11754;485;12911;13068;4.69;0.29;301.00;14.60;1157;38;4471.00;157
11755;37;624485784;11755;492;12913;13069;4.65;0.29;301.00;14.60;1158;38;4472.00;156
11756;37;624485796;11756;487;12918;13070;4.63;0.29;301.00;14.72;1162;38;4473.00;152
11757;37;624485808;11757;494;12921;13070;4.57;0.28;300.98;14.72;1164;38;4474.00;149
11759;37;624485821;11759;483;12923;13071;4.52;0.28;300.96;14.72;1164;38;4475.00;148
11760;37;624485833;11760;471;12925;13071;4.51;0.28;300.95;14.72;1165;38;4476.00;146
11761;37;624485846;11761;451;12927;13071;4.62;0.29;300.94;14.72;1166;38;4477.00;144
11762;37;624485859;11762;436;12928;13071;4.69;0.29;300.95;14.72;1166;38;4478.00;143
11762;37;624485873;11762;426;12933;13075;4.83;0.30;300.95;14.71;1171;38;4479.00;142
11765;37;624485886;11765;418;12934;13075;4.91;0.30;301.00;14.72;1169;38;4480.00;141
11767;37;624485906;11767;410;12934;13075;5.04;0.31;301.00;14.72;1167;38;4481.00;141
11767;37;624485919;11767;406;12937;13078;5.21;0.32;301.00;14.71;1170;38;4482.00;141
11768;37;624485934;11768;398;12938;13078;5.34;0.33;301.06;14.71;1170;38;4483.00;140
11769;37;624485947;11769;395;12938;13078;5.47;0.34;301.05;14.71;1169;38;4484.00;140
11773;37;624485961;11773;388;12943;13082;5.54;0.34;301.06;14.71;1170;38;4485.00;139
11776;37;624485977;11776;377;12945;13083;5.66;0.35;301.07;14.71;1169;38;4486.00;138
11777;37;624486002;11777;376;12945;13083;5.76;0.35;301.06;14.71;1168;38;4487.00;138
11782;37;624486016;11782;371;12947;13087;5.83;0.36;300.98;14.71;1165;38;4488.00;140
11782;37;624486031;11782;365;12948;13087;5.95;0.36;300.98;14.71;1166;38;4489.00;139
11784;37;624486045;11784;363;12949;13087;6.04;0.37;300.96;14.83;1165;38;4490.00;138
11786;37;624486060;11786;361;12950;13088;6.10;0.37;300.96;14.83;1164;38;4491.00;138
11787;37;624486075;11787;354;12950;13088;6.15;0.37;300.96;14.83;1163;38;4492.00;138
11788;37;624486089;11788;354;12955;13094;6.26;0.38;300.97;14.82;1167;38;4493.00;139
11789;37;624486103;11789;349;12955;13094;6.31;0.38;300.96;14.82;1166;38;4494.00;139
11792;37;624486117;11792;348;12955;13095;6.37;0.39;300.95;14.82;1163;38;4495.00;140
11792;37;624486132;11792;339;12955;13095;6.47;0.39;300.95;14.82;1163;38;4496.00;140
11793;37;624486145;11793;334;12955;13095;6.51;0.39;300.94;14.82;1162;38;4497.00;140
11794;37;624486160;11794;324;12955;13095;6.55;0.40;300.92;14.82;1161;38;4498.00;140
11795;37;624486174;11795;318;12955;13095;6.59;0.40;300.93;14.82;1160;38;4499.00;140
11796;37;624486190;11796;318;12980;13145;6.66;0.41;300.92;14.79;1184;38;4500.00;165
11797;37;624486215;11797;322;12981;13147;6.63;0.40;300.91;14.79;1184;38;4501.00;166
11799;37;624486238;11799;316;12985;13147;6.69;0.41;300.95;14.79;1186;38;4502.00;162
11801;37;624486263;11801;322;12985;13147;6.72;0.41;300.99;14.79;1184;38;4503.00;162
11802;37;624486285;11802;320;12987;13147;6.77;0.41;300.99;14.79;1185;38;4504.00;160
11807;37;624486320;11807;315;12988;13147;6.77;0.41;301.09;14.79;1181;38;4505.00;159
11807;37;624486338;11807;308;12994;13151;6.80;0.41;301.09;14.90;1187;38;4506.00;157
11809;37;624486354;11809;317;12994;13151;6.80;0.41;301.07;14.90;1185;38;4507.00;157
11814;37;624486370;11814;309;12997;13155;6.84;0.42;301.13;14.90;1183;38;4508.00;158
11817;37;624486387;11817;319;12998;13156;6.91;0.42;301.14;14.90;1181;38;4509.00;158
11819;37;624486404;11819;314;12998;13156;6.93;0.42;301.20;14.90;1179;38;4510.00;158
11822;37;624486421;11822;310;12999;13156;6.98;0.42;301.24;14.90;1177;38;4511.00;157
11823;37;624486438;11823;311;13010;13169;6.98;0.42;301.28;14.88;1187;38;4512.00;159
11827;37;624486455;11827;311;13010;13169;7.02;0.43;301.34;14.88;1183;38;4513.00;159
11830;37;624486472;11830;316;13010;13169;7.00;0.42;301.39;14.88;1180;38;4514.00;159
11836;37;624486488;11836;312;13011;13170;6.94;0.42;301.42;14.88;1175;38;4515.00;159
11839;37;624486503;11839;323;13012;13171;6.90;0.42;301.46;14.88;1173;38;4516.00;159
11840;37;624486519;11840;325;13013;13171;6.88;0.42;301.52;14.88;1173;38;4517.00;158
11842;37;624486534;11842;328;13015;13174;6.97;0.42;301.55;14.88;1173;38;4518.00;159
11845;37;624486552;11845;332;13015;13174;7.00;0.42;301.65;14.88;1170;38;4519.00;159
11848;37;624486568;11848;332;13016;13174;7.02;0.42;301.65;14.88;1168;38;4520.00;158
11850;37;624486583;11850;327;13017;13174;7.00;0.42;301.69;14.99;1167;38;4521.00;157
11854;37;624486597;11854;320;13022;13180;7.00;0.42;301.76;14.99;1168;38;4522.00;158
11858;37;624486613;11858;318;13023;13180;6.98;0.42;301.74;14.99;1165;38;4523.00;157
11860;37;624486628;11860;315;13023;13180;7.01;0.43;301.73;14.99;1163;38;4524.00;157
11864;37;624486643;11864;311;13025;13180;7.02;0.43;301.78;15.02;1161;38;4525.00;155
11867;37;624486660;11867;307;13028;13184;7.01;0.43;301.73;15.01;1161;38;4526.00;156
11869;37;624486675;11869;303;13030;13185;7.06;0.43;301.79;15.01;1161;38;4527.00;155
11870;37;624486695;11870;307;13031;13185;7.07;0.43;301.84;15.13;1161;38;4528.00;154
11875;37;624486710;11875;312;13033;13186;7.08;0.43;301.89;15.13;1158;38;4529.00;153
11879;37;624486726;11879;313;13033;13186;7.09;0.43;301.93;15.13;1154;38;4530.00;153
11883;37;624486741;11883;313;13033;13186;7.11;0.43;302.04;15.13;1150;38;4531.00;153
11887;37;624486756;11887;318;13033;13186;7.10;0.43;302.09;15.13;1146;38;4532.00;153
11889;37;624486771;11889;331;13034;13186;7.10;0.43;302.11;15.13;1145;38;4533.00;152
11892;37;624486785;11892;334;13034;13186;7.05;0.43;302.20;15.13;1142;38;4534.00;152
11895;37;624486799;11895;345;13036;13186;7.01;0.43;302.25;15.13;1141;38;4535.00;150
11898;37;624486814;11898;348;13070;13256;7.01;0.43;302.29;15.09;1172;38;4536.00;186
11899;37;624486833;11899;351;13075;13257;7.02;0.43;302.29;15.09;1176;38;4537.00;182
11903;37;624486849;11903;349;13079;13257;6.98;0.43;302.37;15.08;1176;38;4538.00;178
11904;37;624486863;11904;349;13084;13257;7.02;0.43;302.38;15.19;1180;38;4539.00;173
11906;37;624486877;11906;345;13087;13257;6.98;0.43;302.35;15.19;1181;38;4540.00;170
11910;37;624486892;11910;343;13091;13257;6.99;0.43;302.45;15.19;1181;38;4541.00;166
11916;37;624486906;11916;348;13095;13257;6.97;0.42;302.61;15.19;1179;38;4542.00;162
11917;37;624486920;11917;351;13096;13257;7.01;0.43;302.62;15.19;1179;38;4543.00;161
11920;37;624486935;11920;353;13099;13258;6.98;0.42;302.66;15.19;1179;38;4544.00;159
11922;37;624486950;11922;353;13102;13260;6.94;0.42;302.65;15.18;1180;38;4545.00;158
11925;37;624486964;11925;356;13104;13260;6.88;0.42;302.66;15.18;1179;38;4546.00;156
11927;37;624486979;11927;354;13110;13264;6.84;0.42;302.71;15.18;1183;38;4547.00;154
11930;37;624486995;11930;354;13110;13264;6.76;0.41;302.71;15.18;1180;38;4548.00;154
11932;37;624487009;11932;358;13112;13264;6.68;0.41;302.76;15.18;1180;38;4549.00;152
11934;37;624487023;11934;363;13114;13264;6.67;0.41;302.82;15.20;1180;38;4550.00;150
11936;37;624487038;11936;369;13119;13270;6.68;0.41;302.82;15.19;1183;38;4551.00;151
11938;37;624487053;11938;377;13120;13270;6.62;0.40;302.82;15.21;1182;38;4552.00;150
11939;37;624487068;11939;390;13121;13270;6.67;0.41;302.83;15.21;1182;38;4553.00;149
11942;37;624487081;11942;390;13123;13273;6.66;0.41;302.82;15.21;1181;38;4554.00;150
11944;37;624487097;11944;392;13125;13273;6.66;0.41;302.90;15.22;1181;38;4555.00;148
11946;37;624487111;11946;400;13125;13273;6.63;0.40;302.89;15.22;1179;38;4556.00;148
11950;37;624487125;11950;402;13126;13274;6.54;0.40;302.94;15.24;1176;38;4557.00;148
11954;37;624487145;11954;408;13129;13275;6.51;0.40;302.97;15.26;1175;38;4558.00;146
11958;37;624487159;11958;412;13129;13275;6.46;0.39;303.07;15.26;1171;38;4559.00;146
11959;37;624487175;11959;416;13148;13301;6.48;0.39;303.12;15.27;1189;38;4560.00;153
11964;37;624487191;11964;416;13149;13301;6.42;0.39;303.28;15.28;1185;38;4561.00;152
11966;37;624487205;11966;423;13152;13301;6.43;0.39;303.34;15.29;1186;38;4562.00;149
11968;37;624487221;11968;427;13154;13302;6.39;0.39;303.34;15.29;1186;38;4563.00;148
11972;37;624487236;11972;431;13157;13302;6.31;0.38;303.45;15.31;1185;38;4564.00;145
11972;37;624487250;11972;436;13162;13306;6.31;0.38;303.45;15.32;1190;38;4565.00;144
11976;37;624487264;11976;441;13164;13306;6.17;0.38;303.49;15.34;1188;38;4566.00;142
11981;37;624487277;11981;452;13167;13310;6.05;0.37;303.49;15.33;1186;38;4567.00;143
11982;37;624487290;11982;452;13168;13310;5.96;0.36;303.49;15.34;1186;38;4568.00;142
11985;37;624487302;11985;446;13169;13310;5.90;0.36;303.48;15.35;1184;38;4569.00;141
11989;37;624487315;11989;444;13170;13310;5.83;0.35;303.50;15.36;1181;38;4570.00;140
11990;37;624487328;11990;442;13171;13310;5.80;0.35;303.50;15.37;1181;38;4571.00;139
11992;37;624487340;11992;443;13181;13322;5.79;0.35;303.50;15.36;1189;38;4572.00;141
11996;37;624487354;11996;447;13182;13322;5.72;0.35;303.58;15.37;1186;38;4573.00;140
11999;37;624487367;11999;448;13185;13322;5.70;0.35;303.61;15.37;1186;38;4574.00;137
12002;37;624487379;12002;451;13186;13322;5.66;0.34;303.57;15.38;1184;38;4575.00;136
12005;37;624487392;12005;448;13187;13322;5.59;0.34;303.60;15.39;1182;38;4576.00;135
12007;37;624487405;12007;454;13188;13322;5.55;0.34;303.64;15.39;1181;38;4577.00;134
12010;37;624487417;12010;458;13189;13323;5.55;0.34;303.71;15.40;1179;38;4578.00;134
12011;37;624487430;12011;460;13189;13323;5.54;0.34;303.77;15.40;1178;38;4579.00;134
12015;37;624487443;12015;466;13196;13329;5.52;0.34;303.82;15.41;1181;38;4580.00;133
12015;37;624487455;12015;468;13197;13330;5.48;0.33;303.82;15.41;1182;38;4581.00;133
12020;37;624487468;12020;471;13197;13330;5.33;0.33;303.92;15.41;1177;38;4582.00;133
12025;37;624487480;12025;475;13199;13330;5.19;0.32;304.00;15.42;1174;38;4583.00;131
12030;37;624487492;12030;481;13202;13334;5.12;0.31;303.98;15.42;1172;38;4584.00;132
12033;37;624487506;12033;489;13204;13334;5.03;0.31;304.00;15.43;1171;38;4585.00;130
12035;37;624487517;12035;491;13204;13334;4.93;0.30;304.04;15.43;1169;38;4586.00;130
12038;37;624487529;12038;497;13205;13335;4.83;0.30;304.09;15.43;1167;38;4587.00;130
12043;37;624487541;12043;496;13210;13339;4.71;0.29;304.26;15.44;1167;38;4588.00;129
12045;37;624487553;12045;511;13211;13339;4.60;0.28;304.25;15.45;1166;38;4589.00;128
12048;37;624487566;12048;504;13216;13345;4.57;0.28;304.26;15.45;1168;38;4590.00;129
12051;37;624487578;12051;500;13216;13345;4.52;0.28;304.38;15.45;1165;38;4591.00;129
12054;37;624487589;12054;499;13218;13345;4.52;0.28;304.48;15.45;1164;38;4592.00;127
12057;37;624487601;12057;498;13220;13345;4.46;0.27;304.52;15.46;1163;38;4593.00;125
12059;37;624487612;12059;496;13224;13349;4.50;0.28;304.57;15.46;1165;38;4594.00;125
12065;37;624487624;12065;499;13226;13349;4.43;0.27;304.56;15.47;1161;38;4595.00;123
12068;37;624487636;12068;503;13226;13349;4.44;0.27;304.54;15.47;1158;38;4596.00;123
12072;37;624487648;12072;494;13226;13349;4.43;0.27;304.58;15.47;1154;38;4597.00;123
12076;37;624487660;12076;496;13228;13350;4.39;0.27;304.60;15.48;1152;38;4598.00;122
12078;37;624487672;12078;489;13229;13351;4.42;0.27;304.60;15.48;1151;38;4599.00;122
12082;37;624487684;12082;491;13229;13351;4.38;0.27;304.66;15.48;1147;38;4600.00;122
12083;37;624487705;12083;492;13230;13352;4.41;0.27;304.67;15.47;1147;38;4601.00;122
12088;37;624487718;12088;489;13230;13352;4.45;0.27;304.64;15.47;1142;38;4602.00;122
12092;37;624487730;12092;482;13230;13352;4.45;0.27;304.69;15.47;1138;38;4603.00;122
12097;37;624487747;12097;483;13230;13352;4.49;0.27;304.66;15.47;1133;38;4604.00;122
12097;37;624487760;12097;474;13230;13352;4.55;0.28;304.66;15.47;1133;38;4605.00;122
12099;37;624487771;12099;480;13230;13352;4.58;0.28;304.65;15.47;1131;38;4606.00;122
12103;37;624487783;12103;473;13230;13352;4.58;0.28;304.64;15.47;1127;38;4607.00;122
12107;37;624487795;12107;480;13295;13479;5.07;0.31;304.65;15.40;1188;38;4608.00;184
12110;37;624487816;12110;481;13298;13480;5.05;0.31;304.62;15.40;1188;38;4609.00;182
12115;37;624487828;12115;491;13309;13480;5.11;0.32;304.57;15.39;1194;38;4610.00;171
12121;37;624487841;12121;493;13313;13480;5.06;0.31;304.51;15.38;1192;38;4611.00;167
12122;37;624487854;12122;498;13318;13480;5.08;0.31;304.50;15.38;1196;38;4612.00;162
12126;37;624487867;12126;498;13320;13480;5.03;0.31;304.55;15.38;1194;38;4613.00;160
12129;37;624487879;12129;511;13322;13480;4.95;0.31;304.60;15.37;1193;38;4614.00;158
12132;37;624487892;12132;511;13325;13480;4.95;0.31;304.61;15.37;1193;38;4615.00;155
12137;37;624487904;12137;515;13328;13481;4.89;0.30;304.58;15.37;1191;38;4616.00;153
12139;37;624487917;12139;519;13332;13482;4.81;0.30;304.57;15.37;1193;38;4617.00;150
12142;37;624487929;12142;523;13334;13482;4.72;0.29;304.55;15.37;1192;38;4618.00;148
12146;37;624487942;12146;528;13335;13483;4.62;0.28;304.54;15.37;1189;38;4619.00;148
12147;37;624487962;12147;531;13337;13483;4.56;0.28;304.55;15.37;1190;38;4620.00;146
12149;37;624487975;12149;528;13339;13483;4.50;0.28;304.60;15.37;1190;38;4621.00;144
12153;37;624487987;12153;538;13344;13483;4.44;0.27;304.60;15.37;1191;38;4622.00;139
12154;37;624487999;12154;539;13348;13487;4.41;0.27;304.60;15.36;1194;38;4623.00;139
12156;37;624488012;12156;541;13349;13487;4.34;0.27;304.60;15.36;1193;38;4624.00;138
12158;37;624488024;12158;537;13350;13487;4.24;0.26;304.61;15.36;1192;38;4625.00;137
12159;37;624488036;12159;536;13352;13490;4.21;0.26;304.60;15.36;1193;38;4626.00;138
12163;37;624488049;12163;525;13353;13490;4.18;0.26;304.59;15.36;1190;38;4627.00;137
12165;37;624488061;12165;513;13354;13490;4.15;0.26;304.60;15.36;1189;38;4628.00;136
12168;37;624488074;12168;509;13357;13494;4.19;0.26;304.58;15.36;1189;38;4629.00;137
12174;37;624488087;12174;499;13358;13495;4.19;0.26;304.52;15.36;1184;38;4630.00;137
12180;37;624488100;12180;498;13360;13495;4.19;0.26;304.49;15.36;1180;38;4631.00;135
12182;37;624488112;12182;497;13364;13499;4.26;0.26;304.48;15.35;1182;38;4632.00;135
12184;37;624488126;12184;489;13364;13499;4.32;0.27;304.47;15.35;1180;38;4633.00;135
12185;37;624488143;12185;489;13364;13499;4.34;0.27;304.45;15.35;1179;38;4634.00;135
12187;37;624488157;12187;487;13366;13501;4.41;0.27;304.49;15.35;1179;38;4635.00;135
12188;37;624488169;12188;489;13366;13501;4.46;0.27;304.54;15.35;1178;38;4636.00;135
12190;37;624488181;12190;481;13371;13507;4.56;0.28;304.54;15.34;1181;38;4637.00;136
12193;37;624488195;12193;469;13371;13507;4.63;0.28;304.53;15.34;1178;38;4638.00;136
12196;37;624488208;12196;461;13371;13508;4.70;0.29;304.53;15.34;1175;38;4639.00;137
12199;37;624488227;12199;455;13371;13508;4.75;0.29;304.49;15.34;1172;38;4640.00;137
12201;37;624488249;12201;448;13371;13508;4.81;0.29;304.51;15.34;1170;38;4641.00;137
12205;37;624488272;12205;447;13372;13508;4.85;0.30;304.53;15.46;1167;38;4642.00;136
12209;37;624488295;12209;441;13372;13508;4.86;0.30;304.49;15.46;1163;38;4643.00;136
12212;37;624488316;12212;443;13382;13520;4.94;0.30;304.53;15.45;1170;38;4644.00;138
12213;37;624488340;12213;442;13382;13520;5.05;0.31;304.52;15.45;1169;38;4645.00;138
12216;37;624488355;12216;426;13383;13520;5.14;0.31;304.54;15.45;1167;38;4646.00;137
12218;37;624488371;12218;408;13383;13520;5.27;0.32;304.55;15.45;1165;38;4647.00;137
12220;37;624488386;12220;399;13383;13520;5.37;0.33;304.55;15.45;1163;38;4648.00;137
12221;37;624488403;12221;389;13383;13520;5.49;0.33;304.53;15.45;1162;38;4649.00;137
12223;37;624488421;12223;379;13388;13526;5.64;0.34;304.54;15.44;1165;38;4650.00;138
12224;37;624488436;12224;367;13388;13526;5.79;0.35;304.54;15.44;1164;38;4651.00;138
12225;37;624488452;12225;358;13392;13530;5.92;0.36;304.58;15.44;1167;38;4652.00;138
12226;37;624488471;12226;345;13393;13531;6.03;0.37;304.60;15.44;1167;38;4653.00;138
12227;37;624488487;12227;337;13393;13531;6.15;0.37;304.58;15.44;1166;38;4654.00;138
12228;37;624488503;12228;337;13393;13531;6.24;0.38;304.58;15.44;1165;38;4655.00;138
12231;37;624488519;12231;340;13404;13544;6.38;0.39;304.69;15.43;1173;38;4656.00;140
12232;37;624488535;12232;335;13404;13544;6.45;0.39;304.74;15.43;1172;38;4657.00;140
12238;37;624488550;12238;323;13404;13544;6.45;0.39;304.70;15.43;1166;38;4658.00;140
12240;37;624488566;12240;323;13406;13545;6.53;0.40;304.78;15.54;1166;38;4659.00;139
12242;37;624488587;12242;327;13406;13546;6.59;0.40;304.77;15.54;1164;38;4660.00;140
12246;37;624488603;12246;316;13406;13546;6.61;0.40;304.80;15.54;1160;38;4661.00;140
12250;37;624488618;12250;313;13408;13549;6.63;0.40;304.81;15.54;1158;38;4662.00;141
12252;37;624488634;12252;314;13408;13549;6.67;0.40;304.91;15.54;1156;38;4663.00;141
12252;37;624488650;12252;317;13409;13549;6.76;0.41;304.91;15.54;1157;38;4664.00;140
12254;37;624488665;12254;310;13409;13549;6.80;0.41;304.88;15.54;1155;38;4665.00;140
12255;37;624488680;12255;306;13414;13555;6.85;0.41;304.89;15.53;1159;38;4666.00;141
12257;37;624488695;12257;302;13414;13555;6.90;0.42;304.91;15.53;1157;38;4667.00;141
12258;37;624488716;12258;300;13414;13555;6.90;0.42;304.98;15.53;1156;38;4668.00;141
12259;37;624488735;12259;291;13414;13555;6.93;0.42;304.98;15.53;1155;38;4669.00;141
12262;37;624488753;12262;291;13417;13559;6.93;0.42;305.07;15.53;1155;38;4670.00;142
12263;37;624488770;12263;288;13418;13560;6.94;0.42;305.05;15.53;1155;38;4671.00;142
12268;37;624488786;12268;288;13418;13560;6.93;0.42;305.16;15.53;1150;38;4672.00;142
12270;37;624488802;12270;293;13419;13561;7.01;0.42;305.24;15.53;1149;38;4673.00;142
12271;37;624488818;12271;290;13419;13561;7.09;0.43;305.24;15.53;1148;38;4674.00;142
12273;37;624488833;12273;293;13419;13561;7.10;0.43;305.31;15.53;1146;38;4675.00;142
12275;37;624488849;12275;291;13419;13561;7.12;0.43;305.36;15.53;1144;38;4676.00;142
12276;37;624488864;12276;293;13419;13561;7.14;0.43;305.37;15.53;1143;38;4677.00;142
12279;37;624488879;12279;296;13419;13561;7.13;0.43;305.39;15.53;1140;38;4678.00;142
12281;37;624488895;12281;298;13419;13561;7.08;0.43;305.47;15.53;1138;38;4679.00;142
12284;37;624488912;12284;310;13482;13686;7.01;0.43;305.45;15.45;1198;38;4680.00;204
12286;37;624488936;12286;302;13482;13687;7.03;0.43;305.45;15.45;1196;38;4681.00;205
12289;37;624488952;12289;293;13491;13687;7.10;0.43;305.50;15.44;1202;38;4682.00;196
12293;37;624488968;12293;278;13493;13687;7.14;0.44;305.60;15.44;1200;38;4683.00;194
12297;37;624488983;12297;276;13498;13687;7.17;0.44;305.67;15.44;1201;38;4684.00;189
12301;37;624488999;12301;279;13501;13687;7.13;0.43;305.70;15.44;1200;38;4685.00;186
12304;37;624489015;12304;280;13507;13687;7.13;0.43;305.78;15.43;1203;38;4686.00;180
12308;37;624489031;12308;287;13512;13687;7.12;0.43;305.87;15.54;1204;38;4687.00;175
12313;37;624489047;12313;292;13517;13688;7.08;0.43;305.91;15.54;1204;38;4688.00;171
12316;37;624489064;12316;295;13518;13689;7.02;0.43;305.89;15.54;1202;38;4689.00;171
12319;37;624489079;12319;295;13522;13689;6.94;0.42;305.89;15.54;1203;38;4690.00;167
12322;37;624489103;12322;295;13525;13693;6.88;0.42;305.92;15.53;1203;38;4691.00;168
12326;37;624489119;12326;292;13525;13693;6.85;0.42;306.02;15.53;1199;38;4692.00;168
12330;37;624489135;12330;298;13525;13693;6.82;0.42;306.10;15.53;1195;38;4693.00;168
12334;37;624489150;12334;303;13527;13693;6.76;0.41;306.14;15.53;1193;38;4694.00;166
12336;37;624489166;12336;300;13533;13699;6.73;0.41;306.14;15.55;1197;38;4695.00;166
12337;37;624489184;12337;298;13533;13699;6.75;0.41;306.18;15.55;1196;38;4696.00;166
12341;37;624489198;12341;299;13533;13699;6.73;0.41;306.28;15.55;1192;38;4697.00;166
12341;37;624489221;12341;299;13535;13702;6.82;0.42;306.28;15.55;1194;38;4698.00;167
12346;37;624489236;12346;297;13535;13702;6.87;0.42;306.28;15.55;1189;38;4699.00;167
12350;37;624489259;12350;297;13535;13702;6.87;0.42;306.32;15.55;1185;38;4700.00;167
12351;37;624489279;12351;300;13536;13703;6.96;0.43;306.32;15.55;1185;38;4701.00;167
12357;37;624489293;12357;304;13537;13704;7.00;0.43;306.35;15.55;1180;38;4702.00;167
12359;37;624489308;12359;294;13537;13704;7.01;0.43;306.38;15.55;1178;38;4703.00;167
12364;37;624489322;12364;296;13546;13717;7.01;0.43;306.46;15.54;1182;38;4704.00;171
12366;37;624489338;12366;295;13546;13717;7.03;0.43;306.47;15.54;1180;38;4705.00;171
12368;37;624489353;12368;295;13546;13717;7.03;0.43;306.46;15.54;1178;38;4706.00;171
12372;37;624489367;12372;302;13548;13718;7.00;0.43;306.54;15.54;1176;38;4707.00;170
12375;37;624489381;12375;300;13549;13718;6.96;0.42;306.52;15.53;1174;38;4708.00;169
12376;37;624489396;12376;295;13551;13722;6.99;0.43;306.52;15.53;1175;38;4709.00;171
12380;37;624489412;12380;296;13551;13722;6.98;0.42;306.56;15.53;1171;38;4710.00;171
12383;37;624489426;12383;301;13555;13726;6.93;0.42;306.62;15.53;1172;38;4711.00;171
12386;37;624489440;12386;300;13555;13726;6.92;0.42;306.71;15.53;1169;38;4712.00;171
12388;37;624489454;12388;300;13556;13726;6.93;0.42;306.75;15.53;1168;38;4713.00;170
12390;37;624489468;12390;308;13557;13726;6.91;0.42;306.76;15.53;1167;38;4714.00;169
12393;37;624489483;12393;314;13557;13726;6.88;0.42;306.82;15.53;1164;38;4715.00;169
12395;37;624489497;12395;317;13567;13738;6.91;0.42;306.82;15.52;1172;38;4716.00;171
12400;37;624489512;12400;318;13568;13738;6.82;0.42;306.87;15.52;1168;38;4717.00;170
12402;37;624489526;12402;323;13569;13738;6.76;0.41;306.92;15.52;1167;38;4718.00;169
12404;37;624489540;12404;327;13571;13738;6.72;0.41;306.98;15.52;1167;38;4719.00;167
12408;37;624489554;12408;337;13571;13738;6.63;0.40;307.06;15.52;1163;38;4720.00;167
12411;37;624489568;12411;338;13571;13738;6.49;0.40;307.15;15.52;1160;38;4721.00;167
12415;37;624489581;12415;339;13572;13739;6.40;0.39;307.31;15.53;1157;38;4722.00;167
12417;37;624489594;12417;342;13572;13739;6.32;0.39;307.32;15.53;1155;38;4723.00;167
12421;37;624489609;12421;352;13579;13745;6.29;0.38;307.41;15.56;1158;38;4724.00;166
12422;37;624489624;12422;356;13583;13747;6.33;0.39;307.46;15.58;1161;38;4725.00;164
12428;37;624489639;12428;366;13585;13747;6.27;0.38;307.61;15.60;1157;38;4726.00;162
12431;37;624489654;12431;373;13585;13747;6.22;0.38;307.64;15.60;1154;38;4727.00;162
12434;37;624489667;12434;386;13589;13751;6.20;0.38;307.62;15.61;1155;38;4728.00;162
12436;37;624489681;12436;381;13590;13751;6.13;0.38;307.62;15.62;1154;38;4729.00;161
12437;37;624489696;12437;390;13592;13751;6.07;0.37;307.63;15.64;1155;38;4730.00;159
12443;37;624489710;12443;389;13593;13752;5.97;0.37;307.71;15.64;1150;38;4731.00;159
12446;37;624489723;12446;398;13599;13756;5.96;0.37;307.79;15.66;1153;38;4732.00;157
12448;37;624489736;12448;398;13599;13756;5.96;0.37;307.85;15.66;1151;38;4733.00;157
12453;37;624489749;12453;399;13602;13759;5.94;0.36;307.91;15.67;1149;38;4734.00;157
12457;37;624489763;12457;406;13602;13759;5.86;0.36;308.01;15.67;1145;38;4735.00;157
12459;37;624489776;12459;413;13605;13759;5.80;0.35;308.03;15.68;1146;38;4736.00;154
12461;37;624489789;12461;418;13605;13759;5.76;0.35;308.05;15.68;1144;38;4737.00;154
12464;37;624489802;12464;425;13611;13763;5.71;0.35;308.05;15.69;1147;38;4738.00;152
12467;37;624489815;12467;423;13611;13763;5.62;0.34;308.03;15.69;1144;38;4739.00;152
12472;37;624489829;12472;423;13613;13763;5.54;0.34;308.10;15.70;1141;38;4740.00;150
12473;37;624489842;12473;424;13613;13763;5.48;0.33;308.08;15.70;1140;38;4741.00;150
12474;37;624489854;12474;428;13614;13764;5.41;0.33;308.14;15.71;1140;38;4742.00;150
12478;37;624489866;12478;424;13616;13765;5.32;0.32;308.14;15.71;1138;38;4743.00;149
12480;37;624489879;12480;425;13617;13765;5.30;0.32;308.14;15.72;1137;38;4744.00;148
12481;37;624489891;12481;424;13619;13766;5.26;0.32;308.17;15.73;1138;38;4745.00;147
12484;37;624489903;12484;425;13619;13766;5.19;0.32;308.25;15.73;1135;38;4746.00;147
12485;37;624489915;12485;430;13621;13766;5.14;0.31;308.25;15.74;1136;38;4747.00;145
12487;37;624489926;12487;435;13621;13766;5.08;0.31;308.27;15.74;1134;38;4748.00;145
12488;37;624489938;12488;439;13622;13766;5.01;0.31;308.26;15.75;1134;38;4749.00;144
12491;37;624489949;12491;438;13623;13766;4.96;0.30;308.30;15.75;1132;38;4750.00;143
12493;37;624489960;12493;445;13624;13766;4.92;0.30;308.27;15.76;1131;38;4751.00;142
12497;37;624489972;12497;467;13689;13893;5.18;0.32;308.21;15.69;1192;38;4752.00;204
12500;37;624489993;12500;465;13694;13894;5.10;0.32;308.22;15.69;1194;38;4753.00;200
12500;37;624490005;12500;457;13702;13894;5.16;0.32;308.22;15.69;1202;38;4754.00;192
12503;37;624490017;12503;461;13708;13894;5.09;0.31;308.18;15.68;1205;38;4755.00;186
12505;37;624490028;12505;459;13715;13894;4.98;0.31;308.15;15.68;1210;38;4756.00;179
12506;37;624490040;12506;463;13720;13894;4.89;0.30;308.14;15.68;1214;38;4757.00;174
12508;37;624490052;12508;464;13724;13894;4.75;0.29;308.13;15.68;1216;38;4758.00;170
12511;37;624490064;12511;476;13728;13894;4.66;0.29;308.09;15.68;1217;38;4759.00;166
12514;38;624490076;12514;468;13730;13895;4.61;0.29;308.08;15.68;1216;39;4760.00;165
12519;38;624490104;12519;474;13734;13896;4.54;0.28;308.02;15.69;1215;39;4761.00;162
12523;38;624490117;12523;474;13737;13896;4.44;0.27;308.01;15.71;1214;39;4762.00;159
12526;38;624490129;12526;474;13740;13897;4.41;0.27;308.08;15.71;1214;39;4763.00;157
12527;38;624490140;12527;480;13742;13897;4.42;0.27;308.10;15.71;1215;39;4764.00;155
12530;38;624490152;12530;485;13743;13897;4.41;0.27;308.09;15.71;1213;39;4765.00;154
12532;38;624490165;12532;492;13746;13897;4.40;0.27;308.11;15.72;1214;39;4766.00;151
12535;38;624490176;12535;490;13750;13901;4.41;0.27;308.09;15.72;1215;39;4767.00;151
12537;38;624490189;12537;489;13751;13901;4.39;0.27;308.09;15.72;1214;39;4768.00;150
12539;38;624490202;12539;490;13752;13901;4.40;0.27;308.12;15.72;1213;39;4769.00;149
12542;38;624490219;12542;488;13756;13907;4.44;0.28;308.11;15.71;1214;39;4770.00;151
12544;38;624490246;12544;498;13757;13907;4.44;0.28;308.10;15.71;1213;39;4771.00;150
12546;38;624490265;12546;490;13759;13907;4.42;0.27;308.10;15.71;1213;39;4772.00;148
12548;38;624490283;12548;491;13761;13911;4.49;0.28;308.10;15.71;1213;39;4773.00;150
12553;38;624490303;12553;495;13764;13912;4.53;0.28;308.13;15.71;1211;39;4774.00;148
12554;38;624490321;12554;500;13765;13912;4.57;0.28;308.12;15.71;1211;39;4775.00;147
12559;38;624490337;12559;498;13769;13916;4.57;0.28;308.09;15.70;1210;39;4776.00;147
12561;38;624490353;12561;498;13769;13916;4.58;0.28;308.07;15.70;1208;39;4777.00;147
12565;38;624490367;12565;506;13771;13916;4.57;0.28;308.06;15.70;1206;39;4778.00;145
12567;38;624490381;12567;489;13771;13917;4.63;0.29;308.09;15.70;1204;39;4779.00;146
12572;38;624490395;12572;486;13772;13917;4.63;0.29;308.06;15.70;1200;39;4780.00;145
12576;38;624490410;12576;475;13778;13923;4.64;0.29;308.04;15.82;1202;39;4781.00;145
12581;38;624490427;12581;470;13779;13923;4.64;0.29;307.94;15.82;1198;39;4782.00;144
12584;38;624490441;12584;463;13779;13924;4.65;0.29;307.94;15.82;1195;39;4783.00;145
12590;38;624490455;12590;463;13779;13924;4.60;0.28;308.00;15.82;1189;39;4784.00;145
12595;38;624490478;12595;459;13779;13924;4.62;0.28;308.01;15.82;1184;39;4785.00;145
12598;38;624490498;12598;456;13779;13924;4.59;0.28;308.02;15.82;1181;39;4786.00;145
12600;38;624490512;12600;455;13779;13924;4.60;0.28;308.02;15.82;1179;39;4787.00;145
12602;38;624490532;12602;454;13789;13936;4.69;0.29;307.98;15.81;1187;39;4788.00;147
12604;38;624490547;12604;454;13789;13936;4.68;0.29;308.00;15.81;1185;39;4789.00;147
12606;38;624490560;12606;447;13790;13936;4.67;0.29;308.01;15.81;1184;39;4790.00;146
12608;38;624490574;12608;448;13790;13936;4.66;0.28;308.04;15.81;1182;39;4791.00;146
12611;38;624490587;12611;449;13790;13936;4.66;0.29;308.03;15.81;1179;39;4792.00;146
12613;38;624490607;12613;449;13790;13936;4.69;0.29;308.06;15.81;1177;39;4793.00;146
12616;38;624490621;12616;458;13793;13940;4.74;0.29;308.04;15.80;1177;39;4794.00;147
12617;38;624490634;12617;457;13793;13940;4.75;0.29;308.04;15.80;1176;39;4795.00;147
12620;38;624490651;12620;455;13797;13944;4.75;0.29;308.08;15.80;1177;39;4796.00;147
12624;38;624490665;12624;455;13799;13945;4.75;0.29;308.08;15.91;1175;39;4797.00;146
12628;38;624490679;12628;451;13799;13945;4.77;0.29;308.17;15.91;1171;39;4798.00;146
12631;38;624490693;12631;451;13799;13945;4.74;0.29;308.18;15.91;1168;39;4799.00;146
12636;38;624490709;12636;444;13823;13986;4.86;0.30;308.17;15.89;1187;39;4800.00;163
12640;38;624490731;12640;441;13823;13986;4.82;0.29;308.19;15.89;1183;39;4801.00;163
12643;38;624490745;12643;436;13825;13986;4.83;0.29;308.16;15.88;1182;39;4802.00;161
12647;38;624490759;12647;436;13826;13987;4.82;0.29;308.25;15.88;1179;39;4803.00;161
12649;38;624490773;12649;437;13827;13988;4.84;0.29;308.23;15.88;1178;39;4804.00;161
12650;38;624490787;12650;432;13827;13988;4.87;0.30;308.25;15.88;1177;39;4805.00;161
12651;38;624490801;12651;435;13831;13991;4.90;0.30;308.25;15.88;1180;39;4806.00;160
12653;38;624490815;12653;416;13832;13991;4.93;0.30;308.23;15.88;1179;39;4807.00;159
12656;38;624490828;12656;398;13833;13991;4.97;0.30;308.24;15.88;1177;39;4808.00;158
12660;38;624490842;12660;396;13834;13991;5.00;0.30;308.32;15.88;1174;39;4809.00;157
12663;38;624490856;12663;390;13839;13997;5.09;0.31;308.35;15.87;1176;39;4810.00;158
12665;38;624490871;12665;391;13839;13997;5.22;0.32;308.36;15.87;1174;39;4811.00;158
12670;39;624490885;12670;385;13840;13997;5.28;0.32;308.44;15.87;1170;40;4812.00;157
12673;39;624490912;12673;390;13840;13997;5.34;0.32;308.46;15.87;1167;40;4813.00;157
12674;39;624490928;12674;384;13843;14001;5.39;0.33;308.47;15.87;1169;40;4814.00;158
12675;39;624490942;12675;386;13846;14003;5.48;0.33;308.47;15.86;1171;40;4815.00;157
12679;39;624490956;12679;368;13846;14003;5.57;0.34;308.50;15.86;1167;40;4816.00;157
12681;39;624490972;12681;353;13847;14004;5.67;0.34;308.53;15.86;1166;40;4817.00;157
12686;39;624490987;12686;346;13847;14004;5.77;0.35;308.59;15.86;1161;40;4818.00;157
12687;39;624491001;12687;337;13847;14004;5.88;0.36;308.64;15.86;1160;40;4819.00;157
12692;39;624491028;12692;333;13847;14004;5.95;0.36;308.64;15.86;1155;40;4820.00;157
12693;39;624491044;12693;329;13848;14004;6.02;0.36;308.66;15.86;1155;40;4821.00;156
12695;39;624491060;12695;327;13848;14004;6.06;0.37;308.70;15.86;1153;40;4822.00;156
12695;39;624491074;12695;322;13848;14004;6.15;0.37;308.70;15.86;1153;40;4823.00;156
12698;39;624491090;12698;331;13890;14074;6.31;0.38;308.74;15.82;1192;40;4824.00;184
12699;39;624491111;12699;320;13891;14075;6.36;0.39;308.79;15.81;1192;40;4825.00;184
12701;39;624491127;12701;328;13897;14075;6.39;0.39;308.86;15.81;1196;40;4826.00;178
12703;39;624491143;12703;324;13899;14075;6.44;0.39;308.88;15.81;1196;40;4827.00;176
12709;39;624491159;12709;320;13902;14077;6.43;0.39;308.94;15.81;1193;40;4828.00;175
12709;39;624491175;12709;306;13904;14077;6.48;0.39;308.94;15.80;1195;40;4829.00;173
12711;39;624491192;12711;315;13906;14077;6.55;0.40;308.97;15.80;1195;40;4830.00;171
12714;39;624491208;12714;311;13908;14077;6.62;0.40;308.95;15.80;1194;40;4831.00;169
12715;39;624491225;12715;311;13912;14078;6.68;0.41;308.95;15.80;1197;40;4832.00;166
12717;39;624491249;12717;317;13915;14079;6.71;0.41;308.96;15.92;1198;40;4833.00;164
12719;39;624491266;12719;317;13917;14079;6.71;0.41;308.99;15.92;1198;40;4834.00;162
12722;39;624491281;12722;320;13922;14083;6.69;0.41;309.03;15.91;1200;40;4835.00;161
12723;40;624491297;12723;319;13923;14083;6.68;0.41;309.07;15.91;1200;41;4836.00;160
12724;40;624491327;12724;322;13923;14083;6.68;0.41;309.12;15.91;1199;41;4837.00;160
12728;40;624491342;12728;326;13924;14083;6.67;0.41;309.19;15.91;1196;41;4838.00;159
12731;40;624491357;12731;328;13929;14089;6.67;0.41;309.30;15.91;1198;41;4839.00;160
12731;40;624491372;12731;323;13929;14089;6.72;0.41;309.30;15.91;1198;41;4840.00;160
12734;40;624491385;12734;327;13929;14089;6.76;0.41;309.36;15.91;1195;41;4841.00;160
12738;40;624491401;12738;322;13931;14092;6.78;0.41;309.40;15.90;1193;41;4842.00;161
12738;40;624491415;12738;319;13931;14092;6.80;0.41;309.40;15.90;1193;41;4843.00;161
12744;40;624491436;12744;315;13932;14092;6.80;0.41;309.51;15.90;1188;41;4844.00;160
12747;40;624491451;12747;307;13932;14093;6.76;0.41;309.57;15.90;1185;41;4845.00;161
12750;40;624491466;12750;307;13933;14094;6.73;0.41;309.59;15.90;1183;41;4846.00;161
12752;40;624491482;12752;301;13933;14094;6.73;0.41;309.59;15.90;1181;41;4847.00;161
12754;40;624491496;12754;300;13944;14107;6.75;0.41;309.56;15.89;1190;41;4848.00;163
12758;40;624491512;12758;294;13944;14107;6.72;0.41;309.69;15.89;1186;41;4849.00;163
12763;40;624491526;12763;295;13944;14107;6.81;0.41;309.79;15.89;1181;41;4850.00;163
12764;40;624491541;12764;288;13945;14108;6.85;0.42;309.77;15.89;1181;41;4851.00;163
12769;40;624491556;12769;281;13945;14108;6.91;0.42;309.82;15.89;1176;41;4852.00;163
12773;40;624491570;12773;275;13949;14112;6.98;0.42;309.87;15.88;1176;41;4853.00;163
12775;40;624491585;12775;274;13949;14112;7.04;0.43;309.86;15.88;1174;41;4854.00;163
12778;40;624491601;12778;273;13952;14116;7.07;0.43;309.89;15.88;1174;41;4855.00;164
12782;40;624491616;12782;273;13952;14116;7.11;0.43;309.96;15.88;1170;41;4856.00;164
12784;40;624491630;12784;267;13952;14116;7.09;0.43;309.98;15.88;1168;41;4857.00;164
12787;40;624491644;12787;271;13952;14116;7.10;0.43;310.06;15.88;1165;41;4858.00;164
12790;40;624491658;12790;269;13953;14116;7.02;0.43;310.05;16.00;1163;41;4859.00;163
12797;40;624491675;12797;273;13975;14150;6.97;0.43;310.12;15.97;1178;41;4860.00;175
12801;40;624491692;12801;272;13976;14150;6.88;0.42;310.11;15.97;1175;41;4861.00;174
12807;40;624491706;12807;265;13978;14150;6.84;0.42;310.13;15.97;1171;41;4862.00;172
12809;40;624491721;12809;265;13980;14150;6.81;0.42;310.11;15.97;1171;41;4863.00;170
12814;40;624491735;12814;262;13982;14150;6.82;0.42;310.16;15.98;1168;41;4864.00;168
12816;40;624491750;12816;261;13982;14150;6.81;0.42;310.14;15.98;1166;41;4865.00;168
12818;41;624491764;12818;263;13983;14151;6.80;0.41;310.15;15.99;1165;42;4866.00;168
12821;41;624491788;12821;268;13983;14151;6.73;0.41;310.14;15.99;1162;42;4867.00;168
12825;41;624491802;12825;277;13988;14157;6.73;0.41;310.19;15.99;1163;42;4868.00;169
12828;41;624491816;12828;269;13989;14158;6.73;0.41;310.16;15.99;1161;42;4869.00;169
12830;41;624491830;12830;268;13989;14158;6.73;0.41;310.15;15.99;1159;42;4870.00;169
12834;41;624491844;12834;272;13989;14158;6.67;0.41;310.19;15.99;1155;42;4871.00;169
12837;41;624491858;12837;272;13991;14162;6.67;0.41;310.19;15.99;1154;42;4872.00;171
12840;41;624491872;12840;275;13991;14162;6.68;0.41;310.17;15.99;1151;42;4873.00;171
12842;41;624491885;12842;280;13993;14162;6.61;0.40;310.19;15.99;1151;42;4874.00;169
12847;41;624491899;12847;287;13995;14163;6.53;0.40;310.20;16.10;1148;42;4875.00;168
12851;41;624491913;12851;291;13998;14167;6.48;0.39;310.25;16.10;1147;42;4876.00;169
12855;41;624491927;12855;291;13998;14167;6.41;0.39;310.29;16.10;1143;42;4877.00;169
12857;41;624491940;12857;296;14001;14170;6.38;0.39;310.30;16.10;1144;42;4878.00;169
12858;41;624491954;12858;298;14002;14170;6.38;0.39;310.28;16.10;1144;42;4879.00;168
12863;41;624491967;12863;311;14002;14170;6.34;0.39;310.31;16.10;1139;42;4880.00;168
12866;41;624491981;12866;311;14002;14170;6.33;0.39;310.34;16.10;1136;42;4881.00;168
12867;41;624491994;12867;306;14006;14174;6.37;0.39;310.34;16.09;1139;42;4882.00;168
12869;41;624492007;12869;306;14006;14174;6.36;0.39;310.38;16.09;1137;42;4883.00;168
12872;41;624492021;12872;310;14006;14174;6.32;0.38;310.44;16.09;1134;42;4884.00;168
12874;41;624492034;12874;314;14006;14174;6.30;0.38;310.52;16.09;1132;42;4885.00;168
12877;41;624492046;12877;320;14006;14175;6.27;0.38;310.56;16.09;1129;42;4886.00;169
12878;41;624492059;12878;323;14007;14176;6.28;0.38;310.56;16.09;1129;42;4887.00;169
12881;41;624492072;12881;321;14007;14176;6.23;0.38;310.59;16.09;1126;42;4888.00;169
12884;41;624492085;12884;329;14008;14177;6.16;0.37;310.64;16.09;1124;42;4889.00;169
12885;41;624492099;12885;338;14011;14177;6.10;0.37;310.62;16.13;1126;42;4890.00;166
12889;41;624492112;12889;344;14011;14177;6.01;0.37;310.76;16.13;1122;42;4891.00;166
12891;41;624492125;12891;349;14011;14177;5.95;0.36;310.84;16.13;1120;42;4892.00;166
12894;41;624492139;12894;358;14013;14177;5.90;0.36;310.88;16.16;1119;42;4893.00;164
12897;41;624492151;12897;364;14013;14177;5.84;0.36;310.92;16.16;1116;42;4894.00;164
12899;41;624492163;12899;369;14015;14177;5.77;0.35;310.98;16.19;1116;42;4895.00;162
12900;41;624492175;12900;394;14078;14304;5.86;0.36;310.97;16.12;1178;42;4896.00;226
12901;41;624492197;12901;381;14083;14305;5.78;0.36;310.98;16.12;1182;42;4897.00;222
12902;41;624492209;12902;387;14094;14305;5.77;0.36;310.96;16.12;1192;42;4898.00;211
12903;41;624492226;12903;391;14096;14305;5.68;0.35;310.97;16.13;1193;42;4899.00;209
12905;41;624492247;12905;388;14104;14305;5.66;0.35;310.94;16.14;1199;42;4900.00;201
12907;41;624492278;12907;398;14107;14305;5.63;0.35;310.92;16.15;1200;42;4901.00;198
12908;41;624492298;12908;402;14110;14305;5.59;0.35;310.90;16.15;1202;42;4902.00;195
12912;41;624492317;12912;403;14116;14305;5.64;0.35;310.92;16.16;1204;42;4903.00;189
12913;41;624492335;12913;405;14119;14306;5.70;0.35;310.91;16.16;1206;42;4904.00;187
12917;41;624492350;12917;406;14126;14308;5.73;0.35;310.94;16.16;1209;42;4905.00;182
12921;41;624492365;12921;413;14131;14308;5.68;0.35;310.92;16.18;1210;42;4906.00;177
12922;41;624492379;12922;416;14133;14309;5.61;0.35;310.90;16.18;1211;42;4907.00;176
12925;41;624492394;12925;416;14135;14309;5.48;0.34;310.85;16.19;1210;42;4908.00;174
12927;41;624492407;12927;419;14139;14309;5.35;0.33;310.82;16.19;1212;42;4909.00;170
12932;41;624492422;12932;424;14139;14309;5.25;0.32;310.85;16.19;1207;42;4910.00;170
12934;41;624492436;12934;429;14149;14313;5.15;0.32;310.83;16.20;1215;42;4911.00;164
12936;41;624492455;12936;433;14149;14313;5.06;0.31;310.80;16.20;1213;42;4912.00;164
12941;41;624492470;12941;441;14151;14313;5.01;0.31;310.74;16.21;1210;42;4913.00;162
12943;41;624492483;12943;444;14154;14316;4.98;0.31;310.71;16.21;1211;42;4914.00;162
12945;41;624492499;12945;447;14156;14316;4.90;0.30;310.72;16.21;1211;42;4915.00;160
12947;41;624492512;12947;455;14158;14316;4.81;0.29;310.73;16.22;1211;42;4916.00;158
12949;41;624492525;12949;464;14161;14320;4.75;0.29;310.76;16.21;1212;42;4917.00;159
12950;41;624492538;12950;471;14164;14321;4.69;0.29;310.74;16.22;1214;42;4918.00;157
12951;41;624492551;12951;479;14165;14321;4.66;0.28;310.73;16.22;1214;42;4919.00;156
12953;41;624492565;12953;483;14169;14326;4.61;0.28;310.68;16.23;1216;42;4920.00;157
12955;41;624492578;12955;491;14171;14326;4.56;0.28;310.68;16.23;1216;42;4921.00;155
12956;41;624492592;12956;490;14171;14326;4.51;0.28;310.66;16.23;1215;42;4922.00;155
12960;41;624492605;12960;497;14172;14327;4.40;0.27;310.63;16.24;1212;42;4923.00;155
12962;41;624492619;12962;494;14175;14327;4.33;0.26;310.61;16.26;1213;42;4924.00;152
12964;41;624492632;12964;496;14181;14333;4.33;0.26;310.60;16.27;1217;42;4925.00;152
12967;41;624492645;12967;496;14181;14333;4.27;0.26;310.59;16.27;1214;42;4926.00;152
12968;41;624492658;12968;496;14182;14334;4.20;0.26;310.59;16.26;1214;42;4927.00;152
12972;41;624492670;12972;505;14183;14334;4.12;0.25;310.55;16.27;1211;42;4928.00;151
12975;41;624492682;12975;511;14183;14334;4.01;0.25;310.55;16.27;1208;42;4929.00;151
12977;41;624492695;12977;507;14185;14334;3.90;0.24;310.55;16.28;1208;42;4930.00;149
12980;41;624492707;12980;501;14187;14334;3.85;0.24;310.55;16.30;1207;42;4931.00;147
12981;41;624492719;12981;493;14199;14346;3.91;0.24;310.56;16.30;1218;42;4932.00;147
12984;41;624492732;12984;485;14199;14346;3.88;0.24;310.60;16.30;1215;42;4933.00;147
12986;41;624492748;12986;477;14199;14346;3.96;0.24;310.61;16.30;1213;42;4934.00;147
12989;41;624492762;12989;475;14200;14346;4.00;0.25;310.62;16.30;1211;42;4935.00;146
12991;41;624492776;12991;464;14200;14346;4.05;0.25;310.61;16.30;1209;42;4936.00;146
12995;41;624492789;12995;460;14200;14346;4.10;0.25;310.57;16.30;1205;42;4937.00;146
12997;41;624492808;12997;456;14203;14350;4.20;0.26;310.55;16.30;1206;42;4938.00;147
13001;41;624492822;13001;451;14203;14350;4.26;0.26;310.55;16.30;1202;42;4939.00;147
13002;41;624492835;13002;440;14207;14354;4.37;0.27;310.56;16.30;1205;42;4940.00;147
13003;41;624492849;13003;438;14208;14355;4.48;0.28;310.56;16.30;1205;42;4941.00;147
13006;41;624492862;13006;433;14208;14355;4.56;0.28;310.57;16.30;1202;42;4942.00;147
13008;41;624492881;13008;420;14208;14355;4.64;0.28;310.57;16.30;1200;42;4943.00;147
13012;41;624492894;13012;426;14219;14368;4.79;0.29;310.55;16.28;1207;42;4944.00;149
13019;41;624492910;13019;426;14219;14368;4.85;0.30;310.51;16.28;1200;42;4945.00;149
13022;41;624492923;13022;425;14219;14368;4.87;0.30;310.52;16.28;1197;42;4946.00;149
13023;41;624492937;13023;423;14220;14369;4.87;0.30;310.51;16.28;1197;42;4947.00;149
13025;41;624492951;13025;420;14220;14370;4.86;0.30;310.51;16.28;1195;42;4948.00;150
13028;41;624492965;13028;414;14220;14370;4.84;0.29;310.52;16.28;1192;42;4949.00;150
13030;41;624492981;13030;411;14226;14379;4.87;0.29;310.49;16.27;1196;42;4950.00;153
13032;41;624492996;13032;412;14227;14379;4.88;0.30;310.51;16.27;1195;42;4951.00;152
13037;41;624493010;13037;407;14228;14379;4.87;0.30;310.57;16.27;1191;42;4952.00;151
13038;41;624493024;13038;405;14228;14379;4.91;0.30;310.56;16.27;1190;42;4953.00;151
13041;41;624493039;13041;401;14234;14385;4.96;0.30;310.60;16.39;1193;42;4954.00;151
13044;41;624493055;13044;400;14235;14385;5.00;0.30;310.61;16.39;1191;42;4955.00;150
13046;41;624493069;13046;395;14235;14385;5.02;0.30;310.64;16.39;1189;42;4956.00;150
13051;41;624493083;13051;393;14235;14385;5.01;0.30;310.62;16.39;1184;42;4957.00;150
13054;41;624493097;13054;392;14238;14389;5.03;0.31;310.65;16.38;1184;42;4958.00;151
13054;41;624493111;13054;394;14239;14390;5.05;0.31;310.65;16.38;1185;42;4959.00;151
13057;41;624493125;13057;397;14239;14390;5.05;0.31;310.68;16.38;1182;42;4960.00;151
13059;41;624493139;13059;401;14240;14391;5.13;0.31;310.67;16.38;1181;42;4961.00;151
13061;41;624493153;13061;403;14240;14391;5.23;0.32;310.67;16.38;1179;42;4962.00;151
13067;41;624493166;13067;399;14240;14391;5.19;0.32;310.71;16.38;1173;42;4963.00;151
13070;41;624493180;13070;399;14240;14391;5.25;0.32;310.75;16.38;1170;42;4964.00;151
13072;41;624493194;13072;394;14240;14391;5.25;0.32;310.76;16.38;1168;42;4965.00;151
13076;41;624493207;13076;398;14240;14391;5.20;0.32;310.81;16.38;1164;42;4966.00;151
13080;41;624493231;13080;401;14240;14391;5.18;0.32;310.91;16.38;1160;42;4967.00;151
13081;41;624493244;13081;414;14282;14461;5.25;0.32;310.91;16.33;1201;42;4968.00;179
13086;41;624493264;13086;403;14282;14462;5.24;0.32;310.99;16.33;1196;42;4969.00;180
13092;41;624493279;13092;397;14288;14462;5.25;0.32;311.11;16.45;1196;42;4970.00;174
13095;41;624493293;13095;389;14290;14462;5.25;0.32;311.16;16.45;1195;42;4971.00;172
13098;41;624493306;13098;390;14293;14462;5.28;0.32;311.21;16.44;1195;42;4972.00;169
13102;41;624493320;13102;386;14296;14462;5.31;0.32;311.24;16.44;1194;42;4973.00;166
13107;41;624493334;13107;386;14299;14462;5.34;0.33;311.23;16.44;1192;42;4974.00;163
13109;41;624493348;13109;384;14302;14462;5.40;0.33;311.22;16.44;1193;42;4975.00;160
13111;41;624493361;13111;384;14303;14463;5.39;0.33;311.26;16.44;1192;42;4976.00;160
13115;41;624493376;13115;371;14305;14464;5.44;0.33;311.33;16.43;1190;42;4977.00;159
13117;41;624493391;13117;371;14306;14464;5.55;0.34;311.38;16.43;1189;42;4978.00;158
13121;41;624493405;13121;361;14311;14468;5.60;0.34;311.44;16.43;1190;42;4979.00;157
13122;41;624493420;13122;359;14312;14468;5.70;0.35;311.43;16.43;1190;42;4980.00;156
13124;41;624493435;13124;357;14312;14468;5.83;0.36;311.43;16.43;1188;42;4981.00;156
13127;41;624493449;13127;349;14312;14468;5.94;0.36;311.45;16.43;1185;42;4982.00;156
13131;41;624493463;13131;359;14317;14474;5.99;0.36;311.54;16.42;1186;42;4983.00;157
13134;41;624493478;13134;353;14317;14474;6.01;0.37;311.57;16.42;1183;42;4984.00;157
13136;41;624493493;13136;357;14317;14474;6.03;0.37;311.61;16.42;1181;42;4985.00;157
13136;41;624493513;13136;349;14319;14477;6.13;0.37;311.61;16.42;1183;42;4986.00;158
13139;41;624493528;13139;340;14319;14477;6.17;0.37;311.66;16.42;1180;42;4987.00;158
13140;41;624493542;13140;329;14320;14477;6.28;0.38;311.70;16.42;1180;42;4988.00;157
13143;41;624493563;13143;337;14320;14478;6.30;0.38;311.71;16.42;1177;42;4989.00;158
13145;41;624493577;13145;329;14321;14479;6.36;0.39;311.75;16.42;1176;42;4990.00;158
13147;41;624493595;13147;321;14321;14479;6.37;0.39;311.78;16.42;1174;42;4991.00;158
13149;41;624493610;13149;326;14331;14492;6.45;0.39;311.76;16.41;1182;42;4992.00;161
13152;41;624493625;13152;317;14332;14492;6.49;0.39;311.83;16.41;1180;42;4993.00;160
13153;41;624493641;13153;315;14332;14492;6.57;0.40;311.89;16.41;1179;42;4994.00;160
13154;41;624493656;13154;323;14334;14494;6.63;0.40;311.89;16.40;1180;42;4995.00;160
13159;41;624493671;13159;320;14334;14494;6.63;0.40;311.92;16.40;1175;42;4996.00;160
13160;41;624493686;13160;324;14338;14498;6.71;0.41;311.92;16.40;1178;42;4997.00;160
13162;41;624493701;13162;324;14338;14498;6.76;0.41;311.95;16.40;1176;42;4998.00;160
13164;41;624493717;13164;317;14341;14502;6.83;0.41;312.04;16.40;1177;42;4999.00;161
13167;41;624493734;13167;311;14342;14502;6.85;0.42;312.14;16.52;1175;42;5000.00;160
13169;41;624493756;13169;307;14342;14502;6.92;0.42;312.16;16.52;1173;42;5001.00;160
13174;41;624493771;13174;301;14342;14502;6.95;0.42;312.23;16.52;1168;42;5002.00;160
13177;41;624493787;13177;298;14342;14502;6.98;0.43;312.30;16.52;1165;42;5003.00;160
13181;41;624493804;13181;296;14352;14514;7.04;0.43;312.37;16.51;1171;42;5004.00;162
13185;41;624493820;13185;301;14352;14514;7.01;0.43;312.42;16.51;1167;42;5005.00;162
13185;41;624493836;13185;293;14353;14514;7.06;0.43;312.42;16.51;1168;42;5006.00;161
13189;41;624493851;13189;298;14353;14514;7.07;0.43;312.40;16.51;1164;42;5007.00;161
13192;41;624493866;13192;294;14353;14514;7.06;0.43;312.46;16.51;1161;42;5008.00;161
13193;41;624493881;13193;289;14353;14514;7.07;0.43;312.45;16.51;1160;42;5009.00;161
13197;41;624493897;13197;285;14353;14515;7.05;0.43;312.53;16.51;1156;42;5010.00;162
13203;41;624493914;13203;281;14353;14515;7.02;0.43;312.67;16.51;1150;42;5011.00;162
13206;41;624493934;13206;277;14358;14521;7.04;0.43;312.66;16.50;1152;42;5012.00;163
13209;41;624493954;13209;276;14359;14522;7.01;0.43;312.73;16.50;1150;42;5013.00;163
13212;41;624493970;13212;274;14359;14522;6.94;0.42;312.72;16.50;1147;42;5014.00;163
13212;41;624493992;13212;272;14359;14522;6.90;0.42;312.72;16.50;1147;42;5015.00;163
13215;41;624494007;13215;266;14362;14526;6.86;0.42;312.78;16.50;1147;42;5016.00;164
13218;41;624494026;13218;278;14362;14526;6.81;0.41;312.78;16.50;1144;42;5017.00;164
13219;41;624494045;13219;278;14362;14526;6.80;0.41;312.77;16.50;1143;42;5018.00;164
13222;41;624494065;13222;273;14363;14527;6.79;0.41;312.87;16.49;1141;42;5019.00;164
13223;41;624494082;13223;274;14366;14531;6.80;0.41;312.85;16.49;1143;42;5020.00;165
13226;41;624494099;13226;269;14367;14531;6.77;0.41;312.90;16.61;1141;42;5021.00;164
13231;41;624494113;13231;273;14369;14534;6.78;0.41;312.94;16.61;1138;42;5022.00;165
13233;41;624494128;13233;276;14369;14534;6.78;0.41;312.99;16.61;1136;42;5023.00;165
13233;41;624494143;13233;276;14370;14534;6.80;0.41;312.99;16.61;1137;42;5024.00;164
13235;41;624494158;13235;279;14370;14534;6.80;0.41;313.04;16.61;1135;42;5025.00;164
13238;41;624494171;13238;282;14374;14538;6.80;0.41;313.03;16.61;1136;42;5026.00;164
13240;41;624494186;13240;282;14374;14538;6.77;0.41;313.04;16.61;1134;42;5027.00;164
13242;41;624494200;13242;284;14374;14538;6.79;0.41;313.07;16.61;1132;42;5028.00;164
13245;41;624494213;13245;277;14374;14538;6.78;0.41;313.11;16.61;1129;42;5029.00;164
13248;41;624494233;13248;276;14374;14539;6.73;0.41;313.10;16.61;1126;42;5030.00;165
13252;41;624494255;13252;275;14375;14540;6.70;0.41;313.09;16.61;1123;42;5031.00;165
13258;41;624494278;13258;268;14375;14540;6.63;0.40;313.18;16.61;1117;42;5032.00;165
13262;41;624494308;13262;270;14376;14541;6.64;0.40;313.27;16.60;1114;42;5033.00;165
13267;41;624494331;13267;267;14377;14541;6.56;0.40;313.29;16.62;1110;42;5034.00;164
13271;41;624494363;13271;268;14377;14541;6.47;0.39;313.35;16.62;1106;42;5035.00;164
13275;41;624494378;13275;272;14378;14541;6.42;0.39;313.45;16.63;1103;42;5036.00;163
13280;41;624494401;13280;261;14378;14541;6.37;0.39;313.45;16.63;1098;42;5037.00;163
13283;41;624494420;13283;268;14378;14541;6.30;0.38;313.46;16.63;1095;42;5038.00;163
13288;41;624494437;13288;272;14378;14541;6.18;0.37;313.54;16.63;1090;42;5039.00;163
13292;41;624494454;13292;305;14479;14771;6.29;0.39;313.54;16.52;1187;42;5040.00;292
13293;41;624494491;13293;306;14483;14772;6.30;0.39;313.60;16.51;1190;42;5041.00;289
13296;41;624494506;13296;298;14492;14772;6.36;0.40;313.68;16.50;1196;42;5042.00;280
13300;41;624494522;13300;303;14496;14772;6.34;0.39;313.72;16.50;1196;42;5043.00;276
13302;42;624494538;13302;303;14505;14772;6.36;0.39;313.71;16.50;1203;43;5044.00;267
13305;42;624494564;13305;301;14512;14772;6.38;0.40;313.75;16.49;1207;43;5045.00;260
13306;42;624494586;13306;303;14520;14772;6.37;0.39;313.75;16.49;1214;43;5046.00;252
13308;42;624494601;13308;306;14526;14772;6.25;0.39;313.79;16.48;1218;43;5047.00;246
13308;42;624494622;13308;313;14533;14773;6.24;0.39;313.79;16.48;1225;43;5048.00;240
13311;42;624494636;13311;317;14537;14774;6.20;0.38;313.86;16.48;1226;43;5049.00;237
13314;42;624494651;13314;323;14547;14774;6.14;0.38;313.91;16.47;1233;43;5050.00;227
13317;42;624494666;13317;323;14549;14775;6.08;0.38;313.95;16.47;1232;43;5051.00;226
13318;42;624494680;13318;329;14553;14775;6.03;0.37;313.93;16.47;1235;43;5052.00;222
13322;42;624494695;13322;324;14556;14775;5.97;0.37;313.91;16.47;1234;43;5053.00;219
13326;42;624494710;13326;326;14557;14775;5.91;0.36;313.94;16.47;1231;43;5054.00;218
13328;42;624494732;13328;332;14561;14779;5.84;0.36;313.95;16.47;1233;43;5055.00;218
13332;42;624494756;13332;343;14564;14779;5.79;0.36;313.93;16.47;1232;43;5056.00;215
13334;42;624494772;13334;353;14566;14779;5.73;0.35;313.96;16.47;1232;43;5057.00;213
13335;42;624494789;13335;355;14567;14782;5.71;0.35;313.99;16.47;1232;43;5058.00;215
13337;42;624494817;13337;366;14569;14782;5.68;0.35;314.04;16.47;1232;43;5059.00;213
13341;42;624494832;13341;373;14573;14782;5.63;0.35;313.99;16.49;1232;43;5060.00;209
13345;42;624494848;13345;385;14577;14786;5.59;0.34;314.02;16.49;1232;43;5061.00;209
13349;42;624494864;13349;384;14579;14787;5.57;0.34;314.04;16.49;1230;43;5062.00;208
13350;42;624494880;13350;394;14582;14787;5.52;0.34;314.02;16.50;1232;43;5063.00;205
13353;42;624494896;13353;393;14585;14791;5.41;0.33;314.09;16.50;1232;43;5064.00;206
13355;42;624494913;13355;401;14587;14791;5.35;0.33;314.11;16.52;1232;43;5065.00;204
13359;42;624494928;13359;410;14590;14791;5.29;0.32;314.15;16.53;1231;43;5066.00;201
13362;42;624494943;13362;407;14590;14792;5.28;0.32;314.19;16.53;1228;43;5067.00;202
13364;42;624494957;13364;411;14591;14792;5.28;0.32;314.16;16.54;1227;43;5068.00;201
13367;42;624494972;13367;425;14598;14798;5.29;0.32;314.17;16.55;1231;43;5069.00;200
13370;42;624494989;13370;426;14600;14798;5.23;0.32;314.18;16.55;1230;43;5070.00;198
13371;42;624495005;13371;427;14602;14799;5.18;0.32;314.17;16.56;1231;43;5071.00;197
13375;42;624495019;13375;433;14603;14799;5.11;0.31;314.11;16.57;1228;43;5072.00;196
13376;42;624495033;13376;437;14606;14799;5.04;0.31;314.09;16.58;1230;43;5073.00;193
13376;42;624495047;13376;445;14608;14799;4.94;0.30;314.09;16.58;1232;43;5074.00;191
13376;42;624495060;13376;456;14611;14799;4.87;0.30;314.09;16.61;1235;43;5075.00;188
13377;42;624495074;13377;467;14619;14811;4.84;0.30;314.07;16.60;1242;43;5076.00;192
13380;42;624495089;13380;472;14620;14811;4.76;0.29;314.07;16.60;1240;43;5077.00;191
13380;42;624495103;13380;491;14624;14811;4.67;0.29;314.07;16.63;1244;43;5078.00;187
13383;42;624495115;13383;488;14626;14811;4.58;0.28;314.03;16.63;1243;43;5079.00;185
13383;42;624495129;13383;490;14628;14811;4.49;0.28;314.03;16.66;1245;43;5080.00;183
13385;42;624495143;13385;499;14630;14811;4.42;0.28;314.03;16.66;1245;43;5081.00;181
13389;42;624495156;13389;502;14633;14815;4.36;0.27;314.05;16.65;1244;43;5082.00;182
13390;42;624495171;13390;498;14636;14815;4.32;0.27;314.03;16.68;1246;43;5083.00;179
13392;42;624495185;13392;491;14641;14819;4.37;0.27;313.99;16.67;1249;43;5084.00;178
13394;42;624495201;13394;482;14644;14821;4.35;0.27;313.96;16.70;1250;43;5085.00;177
13396;42;624495222;13396;476;14644;14821;4.36;0.27;314.01;16.70;1248;43;5086.00;177
13398;42;624495241;13398;473;14646;14821;4.39;0.27;314.04;16.70;1248;43;5087.00;175
13399;42;624495260;13399;468;14658;14834;4.49;0.28;314.08;16.71;1259;43;5088.00;176
13402;42;624495279;13402;474;14659;14834;4.51;0.28;314.10;16.71;1257;43;5089.00;175
13405;42;624495306;13405;472;14661;14834;4.52;0.28;314.06;16.73;1256;43;5090.00;173
13406;42;624495325;13406;471;14663;14835;4.58;0.28;314.05;16.73;1257;43;5091.00;172
13408;42;624495338;13408;470;14663;14836;4.58;0.28;314.03;16.73;1255;43;5092.00;173
13410;42;624495352;13410;474;14665;14836;4.57;0.28;314.01;16.75;1255;43;5093.00;171
13415;42;624495365;13415;466;14668;14839;4.55;0.28;314.01;16.74;1253;43;5094.00;171
13418;42;624495379;13418;468;14668;14839;4.53;0.28;313.99;16.74;1250;43;5095.00;171
13420;42;624495393;13420;462;14670;14839;4.49;0.27;313.97;16.76;1250;43;5096.00;169
13423;42;624495406;13423;460;14670;14839;4.53;0.28;313.96;16.76;1247;43;5097.00;169
13424;42;624495420;13424;471;14675;14845;4.61;0.28;313.97;16.76;1251;43;5098.00;170
13426;42;624495434;13426;469;14677;14845;4.65;0.28;313.96;16.78;1251;43;5099.00;168
13427;42;624495451;13427;462;14682;14864;4.65;0.28;313.97;16.77;1255;43;5100.00;182
13428;42;624495473;13428;451;14684;14864;4.69;0.29;313.98;16.79;1256;43;5101.00;180
13432;42;624495490;13432;450;14687;14868;4.69;0.29;313.94;16.79;1255;43;5102.00;181
13434;42;624495507;13434;440;14688;14869;4.71;0.29;313.94;16.79;1254;43;5103.00;181
13436;42;624495522;13436;440;14688;14869;4.77;0.29;314.00;16.79;1252;43;5104.00;181
13439;42;624495535;13439;438;14693;14870;4.80;0.29;314.08;16.80;1254;43;5105.00;177
13442;42;624495549;13442;434;14694;14870;4.81;0.29;314.09;16.80;1252;43;5106.00;176
13444;42;624495562;13444;422;14696;14870;4.85;0.30;314.14;16.81;1252;43;5107.00;174
13446;42;624495576;13446;421;14696;14870;4.90;0.30;314.13;16.81;1250;43;5108.00;174
13452;42;624495590;13452;414;14696;14870;4.93;0.30;314.26;16.81;1244;43;5109.00;174
13456;42;624495604;13456;402;14698;14870;4.94;0.30;314.29;16.83;1242;43;5110.00;172
13457;42;624495617;13457;398;14699;14870;4.95;0.30;314.30;16.83;1242;43;5111.00;171
13460;42;624495632;13460;400;14737;14940;5.05;0.31;314.29;16.79;1277;43;5112.00;203
13463;42;624495651;13463;396;14741;14941;5.07;0.31;314.32;16.80;1278;43;5113.00;200
13466;42;624495667;13466;401;14747;14941;5.13;0.31;314.32;16.79;1281;43;5114.00;194
13470;42;624495682;13470;407;14750;14941;5.15;0.32;314.40;16.79;1280;43;5115.00;191
13472;42;624495697;13472;402;14752;14941;5.18;0.32;314.45;16.79;1280;43;5116.00;189
13479;42;624495712;13479;400;14755;14941;5.19;0.32;314.52;16.79;1276;43;5117.00;186
13484;42;624495727;13484;407;14758;14941;5.21;0.32;314.62;16.78;1274;43;5118.00;183
13486;42;624495742;13486;402;14759;14941;5.26;0.32;314.63;16.78;1273;43;5119.00;182
13491;42;624495756;13491;404;14762;14942;5.33;0.33;314.68;16.78;1271;43;5120.00;180
13493;42;624495771;13493;419;14764;14943;5.36;0.33;314.71;16.78;1271;43;5121.00;179
13495;42;624495786;13495;421;14766;14943;5.37;0.33;314.74;16.78;1271;43;5122.00;177
13497;42;624495801;13497;422;14772;14947;5.39;0.33;314.73;16.78;1275;43;5123.00;175
13502;42;624495817;13502;424;14774;14947;5.38;0.33;314.72;16.77;1272;43;5124.00;173
13505;42;624495832;13505;424;14774;14947;5.38;0.33;314.71;16.77;1269;43;5125.00;173
13511;42;624495850;13511;439;14774;14947;5.39;0.33;314.80;16.77;1263;43;5126.00;173
13517;42;624495867;13517;439;14778;14953;5.41;0.33;314.77;16.77;1261;43;5127.00;175
13520;42;624495882;13520;439;14778;14953;5.43;0.33;314.79;16.77;1258;43;5128.00;175
13524;42;624495899;13524;432;14779;14953;5.40;0.33;314.78;16.77;1255;43;5129.00;174
13529;42;624495925;13529;434;14783;14959;5.37;0.33;314.84;16.77;1254;43;5130.00;176
13534;42;624495943;13534;435;14783;14959;5.33;0.32;314.87;16.77;1249;43;5131.00;176
13537;42;624495958;13537;431;14786;14959;5.36;0.33;314.87;16.77;1249;43;5132.00;173
13542;42;624495973;13542;433;14786;14960;5.32;0.32;314.88;16.77;1244;43;5133.00;174
13545;42;624495989;13545;438;14788;14961;5.30;0.32;314.94;16.77;1243;43;5134.00;173
13547;42;624496005;13547;435;14789;14961;5.27;0.32;314.94;16.77;1242;43;5135.00;172
13550;42;624496022;13550;428;14798;14974;5.29;0.32;314.95;16.76;1248;43;5136.00;176
13555;42;624496039;13555;423;14799;14974;5.28;0.32;314.98;16.76;1244;43;5137.00;175
13557;42;624496056;13557;423;14801;14974;5.30;0.32;315.03;16.76;1244;43;5138.00;173
13559;42;624496072;13559;421;14802;14975;5.35;0.33;315.07;16.75;1243;43;5139.00;173
13562;42;624496088;13562;424;14804;14975;5.36;0.33;315.08;16.76;1242;43;5140.00;171
13567;42;624496109;13567;420;14808;14979;5.36;0.33;315.07;16.75;1241;43;5141.00;171
13568;42;624496125;13568;416;14810;14979;5.39;0.33;315.08;16.88;1242;43;5142.00;169
13571;42;624496142;13571;414;14813;14983;5.40;0.33;315.08;16.88;1242;43;5143.00;170
13575;42;624496160;13575;422;14813;14983;5.37;0.33;315.09;16.88;1238;43;5144.00;170
13578;42;624496176;13578;417;14813;14983;5.39;0.33;315.12;16.88;1235;43;5145.00;170
13581;42;624496191;13581;420;14813;14983;5.38;0.33;315.13;16.88;1232;43;5146.00;170
13582;42;624496207;13582;408;14813;14983;5.39;0.33;315.15;16.88;1231;43;5147.00;170
13586;42;624496224;13586;405;14823;14995;5.43;0.33;315.21;16.86;1237;43;5148.00;172
13591;42;624496250;13591;403;14823;14995;5.44;0.33;315.36;16.86;1232;43;5149.00;172
13594;42;624496273;13594;393;14824;14995;5.51;0.34;315.39;16.86;1230;43;5150.00;171
13596;42;624496297;13596;394;14824;14995;5.57;0.34;315.40;16.86;1228;43;5151.00;171
13598;42;624496320;13598;396;14824;14995;5.60;0.34;315.49;16.86;1226;43;5152.00;171
13600;42;624496341;13600;398;14824;14995;5.61;0.34;315.47;16.86;1224;43;5153.00;171
13605;42;624496359;13605;400;14824;14996;5.58;0.34;315.51;16.86;1219;43;5154.00;172
13608;42;624496378;13608;399;14826;14998;5.56;0.34;315.52;16.86;1218;43;5155.00;172
13610;42;624496396;13610;389;14831;15004;5.61;0.34;315.53;16.86;1221;43;5156.00;173
13614;42;624496415;13614;382;14832;15005;5.58;0.34;315.61;16.85;1218;43;5157.00;173
13619;42;624496436;13619;378;14833;15005;5.58;0.34;315.61;16.98;1214;43;5158.00;172
13622;42;624496456;13622;365;14833;15005;5.60;0.34;315.59;16.98;1211;43;5159.00;172
13623;42;624496478;13623;371;14837;15010;5.61;0.34;315.60;16.98;1214;43;5160.00;173
13627;42;624496499;13627;360;14837;15010;5.65;0.34;315.67;16.98;1210;43;5161.00;173
13628;42;624496517;13628;358;14837;15010;5.73;0.35;315.72;16.98;1209;43;5162.00;173
13628;42;624496534;13628;350;14838;15011;5.80;0.35;315.72;16.98;1210;43;5163.00;173
13632;42;624496552;13632;353;14841;15015;5.86;0.36;315.87;16.97;1209;43;5164.00;174
13635;42;624496570;13635;348;14841;15015;5.93;0.36;315.91;16.97;1206;43;5165.00;174
13637;42;624496591;13637;344;14843;15018;6.00;0.36;315.90;16.97;1206;43;5166.00;175
13640;42;624496612;13640;350;14843;15018;6.04;0.37;315.97;16.97;1203;43;5167.00;175
13643;42;624496631;13643;342;14844;15018;6.11;0.37;316.04;16.97;1201;43;5168.00;174
13648;42;624496648;13648;342;14844;15018;6.11;0.37;316.00;16.97;1196;43;5169.00;174
13650;42;624496663;13650;341;14848;15022;6.11;0.37;316.01;16.97;1198;43;5170.00;174
13654;42;624496679;13654;344;14848;15022;6.11;0.37;316.06;16.97;1194;43;5171.00;174
13655;42;624496696;13655;346;14848;15022;6.12;0.37;316.10;16.97;1193;43;5172.00;174
13658;42;624496712;13658;345;14848;15022;6.10;0.37;316.18;16.97;1190;43;5173.00;174
13658;42;624496728;13658;352;14848;15023;6.11;0.37;316.18;16.97;1190;43;5174.00;175
13661;42;624496743;13661;358;14850;15025;6.11;0.37;316.24;16.96;1189;43;5175.00;175
13663;42;624496758;13663;344;14850;15025;6.07;0.37;316.28;16.96;1187;43;5176.00;175
13665;42;624496773;13665;350;14851;15026;6.10;0.37;316.27;16.96;1186;43;5177.00;175
13668;42;624496788;13668;353;14851;15026;6.11;0.37;316.30;16.96;1183;43;5178.00;175
13671;42;624496811;13671;352;14851;15026;6.13;0.37;316.26;16.96;1180;43;5179.00;175
13675;42;624496831;13675;352;14851;15026;6.13;0.37;316.33;16.96;1176;43;5180.00;175
13677;42;624496845;13677;346;14851;15026;6.11;0.37;316.35;16.96;1174;43;5181.00;175
13678;42;624496860;13678;349;14851;15026;6.19;0.37;316.38;16.96;1173;43;5182.00;175
13683;42;624496874;13683;347;14851;15026;6.14;0.37;316.47;16.96;1168;43;5183.00;175
13684;42;624496888;13684;366;14920;15153;6.32;0.39;316.50;16.88;1236;43;5184.00;233
13686;42;624496912;13686;360;14920;15154;6.33;0.39;316.51;16.88;1234;43;5185.00;234
13687;42;624496927;13687;358;14927;15154;6.40;0.39;316.56;16.88;1240;43;5186.00;227
13689;42;624496942;13689;348;14928;15154;6.35;0.39;316.57;16.88;1239;43;5187.00;226
13689;42;624496956;13689;348;14934;15154;6.36;0.39;316.57;16.87;1245;43;5188.00;220
13690;42;624496972;13690;347;14937;15154;6.31;0.39;316.58;16.87;1247;43;5189.00;217
13692;42;624496989;13692;348;14940;15154;6.31;0.39;316.57;16.87;1248;43;5190.00;214
13693;42;624497004;13693;358;14944;15154;6.23;0.38;316.58;16.86;1251;43;5191.00;210
13696;42;624497018;13696;361;14948;15155;6.12;0.37;316.56;16.86;1252;43;5192.00;207
13698;42;624497033;13698;361;14953;15156;6.10;0.37;316.56;16.86;1255;43;5193.00;203
13700;42;624497048;13700;370;14955;15156;6.05;0.37;316.61;16.99;1255;43;5194.00;201
13702;42;624497063;13702;375;14958;15157;6.02;0.37;316.63;16.99;1256;43;5195.00;199
13703;42;624497078;13703;382;14960;15157;5.94;0.36;316.64;16.99;1257;43;5196.00;197
13704;42;624497093;13704;386;14962;15157;5.87;0.36;316.68;16.99;1258;43;5197.00;195
13707;42;624497108;13707;385;14964;15157;5.85;0.36;316.74;16.99;1257;43;5198.00;193
13711;42;624497122;13711;399;14967;15161;5.88;0.36;316.74;16.98;1256;43;5199.00;194
13716;42;624497139;13716;400;14969;15161;5.84;0.36;316.87;16.98;1253;43;5200.00;192
13716;42;624497158;13716;400;14969;15161;5.83;0.36;316.87;16.98;1253;43;5201.00;192
13721;42;624497172;13721;399;14972;15164;5.81;0.35;316.98;16.98;1251;43;5202.00;192
13723;42;624497186;13723;392;14972;15164;5.76;0.35;317.04;16.98;1249;43;5203.00;192
13725;42;624497202;13725;387;14974;15164;5.75;0.35;317.04;16.98;1249;43;5204.00;190
13726;42;624497215;13726;382;14981;15168;5.71;0.35;317.04;17.00;1255;43;5205.00;187
13729;42;624497239;13729;387;14982;15169;5.74;0.35;317.09;17.00;1253;43;5206.00;187
13735;42;624497255;13735;386;14984;15169;5.72;0.35;317.19;17.00;1249;43;5207.00;185
13739;42;624497270;13739;388;14985;15173;5.72;0.35;317.24;17.00;1246;43;5208.00;188
13741;42;624497285;13741;387;14985;15173;5.68;0.35;317.21;17.00;1244;43;5209.00;188
13745;42;624497299;13745;384;14987;15173;5.67;0.35;317.14;17.13;1242;43;5210.00;186
13746;42;624497313;13746;389;14988;15174;5.68;0.35;317.16;17.13;1242;43;5211.00;186
13750;42;624497326;13750;396;14988;15174;5.60;0.34;317.22;17.13;1238;43;5212.00;186
13750;42;624497340;13750;395;14992;15180;5.61;0.34;317.22;17.12;1242;43;5213.00;188
13752;42;624497353;13752;403;14993;15180;5.60;0.34;317.22;17.12;1241;43;5214.00;187
13753;42;624497366;13753;399;14993;15180;5.60;0.34;317.21;17.12;1240;43;5215.00;187
13755;42;624497379;13755;405;14993;15181;5.57;0.34;317.18;17.12;1238;43;5216.00;188
13758;42;624497393;13758;411;14994;15181;5.52;0.34;317.21;17.12;1236;43;5217.00;187
13761;42;624497406;13761;405;14994;15181;5.46;0.33;317.17;17.12;1233;43;5218.00;187
13764;42;624497419;13764;415;14994;15181;5.41;0.33;317.14;17.12;1230;43;5219.00;187
13768;42;624497433;13768;417;15016;15217;5.47;0.33;317.21;17.23;1248;43;5220.00;201
13771;42;624497449;13771;418;15019;15217;5.45;0.33;317.21;17.23;1248;43;5221.00;198
13774;42;624497463;13774;428;15022;15217;5.47;0.33;317.19;17.22;1248;43;5222.00;195
13776;42;624497476;13776;436;15024;15217;5.40;0.33;317.25;17.22;1248;43;5223.00;193
13781;42;624497489;13781;433;15025;15217;5.38;0.33;317.36;17.22;1244;43;5224.00;192
13783;42;624497502;13783;447;15025;15217;5.32;0.33;317.37;17.22;1242;43;5225.00;192
13784;42;624497521;13784;449;15030;15221;5.29;0.32;317.37;17.22;1246;43;5226.00;191
13787;42;624497534;13787;459;15030;15221;5.24;0.32;317.35;17.22;1243;43;5227.00;191
13791;42;624497547;13791;462;15034;15225;5.19;0.32;317.38;17.21;1243;43;5228.00;191
13792;42;624497561;13792;466;15035;15226;5.15;0.31;317.37;17.21;1243;43;5229.00;191
13794;42;624497574;13794;463;15037;15226;5.10;0.31;317.33;17.24;1243;43;5230.00;189
13798;42;624497586;13798;470;15037;15226;5.04;0.31;317.37;17.24;1239;43;5231.00;189
13799;42;624497600;13799;484;15050;15239;5.02;0.31;317.36;17.25;1251;43;5232.00;189
13801;42;624497614;13801;486;15050;15239;4.97;0.30;317.32;17.25;1249;43;5233.00;189
13805;42;624497627;13805;494;15050;15239;4.91;0.30;317.28;17.25;1245;43;5234.00;189
13807;42;624497639;13807;490;15053;15240;4.89;0.30;317.29;17.27;1246;43;5235.00;187
13808;42;624497652;13808;486;15053;15241;4.86;0.30;317.30;17.27;1245;43;5236.00;188
13808;42;624497665;13808;478;15054;15241;4.81;0.29;317.30;17.28;1246;43;5237.00;187
13809;42;624497678;13809;477;15057;15244;4.82;0.29;317.30;17.29;1248;43;5238.00;187
13809;42;624497691;13809;474;15057;15244;4.79;0.29;317.30;17.29;1248;43;5239.00;187
13809;42;624497704;13809;476;15060;15244;4.77;0.29;317.30;17.31;1251;43;5240.00;184
13809;42;624497717;13809;478;15061;15244;4.78;0.29;317.30;17.33;1252;43;5241.00;183
13811;42;624497735;13811;470;15066;15250;4.82;0.29;317.29;17.32;1255;43;5242.00;184
13814;42;624497748;13814;474;15068;15250;4.79;0.29;317.32;17.34;1254;43;5243.00;182
13814;42;624497761;13814;478;15068;15250;4.78;0.29;317.32;17.34;1254;43;5244.00;182
13815;42;624497774;13815;485;15068;15250;4.79;0.29;317.30;17.34;1253;43;5245.00;182
13816;42;624497786;13816;488;15072;15254;4.75;0.29;317.29;17.35;1256;43;5246.00;182
13816;42;624497799;13816;485;15074;15255;4.75;0.29;317.29;17.36;1258;43;5247.00;181
13818;42;624497813;13818;495;15075;15255;4.67;0.28;317.29;17.37;1257;43;5248.00;180
13819;42;624497826;13819;491;15078;15256;4.63;0.28;317.27;17.38;1259;43;5249.00;178
13821;42;624497843;13821;488;15079;15256;4.59;0.28;317.28;17.39;1258;43;5250.00;177
13821;42;624497856;13821;482;15080;15256;4.56;0.28;317.28;17.40;1259;43;5251.00;176
13822;42;624497870;13822;489;15082;15256;4.49;0.27;317.26;17.41;1260;43;5252.00;174
13823;42;624497883;13823;482;15082;15256;4.47;0.27;317.24;17.41;1259;43;5253.00;174
13823;42;624497896;13823;485;15084;15256;4.48;0.27;317.24;17.43;1261;43;5254.00;172
13824;42;624497910;13824;472;15085;15256;4.47;0.27;317.23;17.43;1261;43;5255.00;171
13825;42;624497922;13825;479;15122;15326;4.67;0.29;317.22;17.40;1297;43;5256.00;204
13828;42;624497946;13828;476;15124;15327;4.67;0.29;317.32;17.40;1296;43;5257.00;203
13830;42;624497959;13830;477;15135;15327;4.72;0.29;317.34;17.39;1305;43;5258.00;192
13833;42;624497973;13833;481;15142;15327;4.71;0.29;317.47;17.39;1309;43;5259.00;185
13836;42;624497987;13836;477;15146;15327;4.70;0.29;317.49;17.39;1310;43;5260.00;181
13837;42;624498000;13837;480;15148;15327;4.65;0.28;317.48;17.39;1311;43;5261.00;179
13841;42;624498013;13841;488;15152;15327;4.57;0.28;317.52;17.40;1311;43;5262.00;175
13844;42;624498025;13844;490;15155;15327;4.53;0.28;317.51;17.40;1311;43;5263.00;172
13847;42;624498038;13847;487;15157;15328;4.45;0.27;317.50;17.41;1310;43;5264.00;171
13851;42;624498051;13851;497;15159;15330;4.38;0.27;317.48;17.41;1308;43;5265.00;171
13853;42;624498065;13853;494;15161;15330;4.36;0.27;317.53;17.40;1308;43;5266.00;169
13858;42;624498078;13858;501;15165;15334;4.32;0.26;317.56;17.41;1307;43;5267.00;169
13861;42;624498092;13861;503;15167;15334;4.31;0.26;317.56;17.43;1306;43;5268.00;167
13865;42;624498105;13865;518;15168;15334;4.31;0.26;317.51;17.44;1303;43;5269.00;166
13870;42;624498118;13870;501;15168;15334;4.32;0.26;317.64;17.44;1298;43;5270.00;166
13872;42;624498131;13872;501;15173;15340;4.38;0.27;317.66;17.43;1301;43;5271.00;167
13875;42;624498145;13875;497;15174;15340;4.38;0.27;317.74;17.44;1299;43;5272.00;166
13879;42;624498159;13879;500;15175;15340;4.41;0.27;317.84;17.44;1296;43;5273.00;165
13881;42;624498172;13881;500;15176;15343;4.45;0.27;317.83;17.44;1295;43;5274.00;167
13884;42;624498186;13884;495;15177;15343;4.49;0.28;317.83;17.45;1293;43;5275.00;166
13884;42;624498202;13884;490;15178;15343;4.55;0.28;317.83;17.46;1294;43;5276.00;165
13890;42;624498216;13890;487;15178;15344;4.59;0.28;317.86;17.46;1288;43;5277.00;166
13895;42;624498235;13895;479;15181;15345;4.59;0.28;317.89;17.47;1286;43;5278.00;164
13898;42;624498257;13898;483;15181;15345;4.64;0.28;317.91;17.47;1283;43;5279.00;164
13901;42;624498282;13901;476;15200;15371;4.75;0.29;317.94;17.44;1299;43;5280.00;171
13905;42;624498307;13905;458;15201;15371;4.78;0.29;317.89;17.44;1296;43;5281.00;170
13907;42;624498329;13907;446;15203;15371;4.84;0.30;317.89;17.44;1296;43;5282.00;168
13909;42;624498347;13909;448;15206;15372;4.86;0.30;317.91;17.44;1297;43;5283.00;166
13910;42;624498363;13910;441;15207;15372;4.93;0.30;317.91;17.57;1297;43;5284.00;165
13913;42;624498378;13913;433;15210;15376;5.00;0.31;317.92;17.57;1297;43;5285.00;166
13918;42;624498396;13918;423;15210;15376;4.99;0.31;317.97;17.57;1292;43;5286.00;166
13922;42;624498413;13922;419;15214;15379;4.97;0.31;318.00;17.56;1292;43;5287.00;165
13929;42;624498428;13929;418;15214;15380;4.98;0.30;318.10;17.56;1285;43;5288.00;166
13933;42;624498444;13933;418;15214;15380;5.02;0.31;318.13;17.56;1281;43;5289.00;166
13937;42;624498459;13937;420;15214;15380;5.05;0.31;318.17;17.56;1277;43;5290.00;166
13939;42;624498476;13939;426;15214;15380;5.11;0.31;318.23;17.56;1275;43;5291.00;166
13942;42;624498491;13942;425;15224;15392;5.22;0.32;318.22;17.55;1282;43;5292.00;168
13947;42;624498506;13947;420;15224;15392;5.22;0.32;318.27;17.55;1277;43;5293.00;168
13950;42;624498522;13950;420;15225;15392;5.25;0.32;318.32;17.55;1275;43;5294.00;167
13957;42;624498536;13957;424;15225;15392;5.24;0.32;318.27;17.55;1268;43;5295.00;167
13958;42;624498551;13958;424;15225;15392;5.29;0.32;318.32;17.55;1267;43;5296.00;167
13964;42;624498565;13964;428;15225;15392;5.28;0.32;318.39;17.55;1261;43;5297.00;167
13967;42;624498580;13967;424;15225;15393;5.31;0.32;318.38;17.55;1258;43;5298.00;168
13970;42;624498597;13970;422;15225;15393;5.32;0.32;318.42;17.55;1255;43;5299.00;168
13975;42;624498612;13975;422;15230;15399;5.35;0.32;318.48;17.55;1255;43;5300.00;169
13977;42;624498639;13977;414;15230;15400;5.41;0.33;318.48;17.55;1253;43;5301.00;170
13983;43;624498654;13983;408;15231;15400;5.41;0.33;318.55;17.55;1248;44;5302.00;169
13987;43;624498680;13987;407;15231;15400;5.42;0.33;318.54;17.55;1244;44;5303.00;169
13991;44;624498695;13991;406;15234;15404;5.37;0.33;318.64;17.54;1243;45;5304.00;170
13993;44;624498722;13993;405;15234;15404;5.39;0.33;318.68;17.54;1241;45;5305.00;170
13996;44;624498736;13996;400;15234;15404;5.41;0.33;318.70;17.54;1238;45;5306.00;170
13999;44;624498750;13999;400;15235;15405;5.45;0.33;318.73;17.54;1236;45;5307.00;170
14003;44;624498765;14003;395;15238;15409;5.46;0.33;318.86;17.54;1235;45;5308.00;171
14006;44;624498780;14006;389;15238;15409;5.47;0.33;318.89;17.54;1232;45;5309.00;171
14012;44;624498798;14012;391;15242;15415;5.52;0.34;318.94;17.53;1230;45;5310.00;173
14017;44;624498821;14017;388;15243;15415;5.52;0.34;318.97;17.67;1226;45;5311.00;172
14021;44;624498840;14021;385;15245;15415;5.59;0.34;319.04;17.67;1224;45;5312.00;170
14026;44;624498861;14026;381;15245;15415;5.59;0.34;319.11;17.67;1219;45;5313.00;170
14030;44;624498877;14030;387;15249;15419;5.61;0.34;319.19;17.66;1219;45;5314.00;170
14032;44;624498892;14032;388;15249;15419;5.59;0.34;319.23;17.66;1217;45;5315.00;170
14038;44;624498906;14038;394;15249;15419;5.55;0.34;319.34;17.66;1211;45;5316.00;170
14042;44;624498922;14042;386;15249;15419;5.53;0.34;319.44;17.66;1207;45;5317.00;170
14043;44;624498937;14043;382;15249;15420;5.49;0.33;319.44;17.66;1206;45;5318.00;171
14048;44;624498950;14048;378;15250;15421;5.45;0.33;319.51;17.66;1202;45;5319.00;171
14052;44;624498965;14052;371;15250;15421;5.38;0.33;319.53;17.66;1198;45;5320.00;171
14056;44;624498982;14056;378;15251;15422;5.35;0.33;319.52;17.66;1195;45;5321.00;171
14058;44;624498996;14058;382;15251;15422;5.36;0.33;319.57;17.66;1193;45;5322.00;171
14060;44;624499010;14060;382;15251;15422;5.31;0.32;319.60;17.66;1191;45;5323.00;171
14063;44;624499025;14063;385;15251;15422;5.29;0.32;319.62;17.66;1188;45;5324.00;171
14065;44;624499040;14065;393;15251;15422;5.20;0.32;319.68;17.66;1186;45;5325.00;171
14068;44;624499054;14068;385;15251;15422;5.15;0.32;319.75;17.66;1183;45;5326.00;171
14068;44;624499068;14068;379;15251;15422;5.13;0.32;319.75;17.66;1183;45;5327.00;171
14072;44;624499081;14072;400;15325;15549;5.25;0.33;319.84;17.57;1253;45;5328.00;224
14079;44;624499105;14079;380;15326;15550;5.23;0.33;319.82;17.70;1247;45;5329.00;224
14081;44;624499120;14081;374;15330;15550;5.34;0.33;319.84;17.70;1249;45;5330.00;220
14089;44;624499135;14089;371;15330;15550;5.37;0.33;319.86;17.70;1241;45;5331.00;220
14092;44;624499150;14092;373;15334;15550;5.45;0.34;319.88;17.70;1242;45;5332.00;216
14093;44;624499166;14093;366;15335;15550;5.54;0.34;319.89;17.70;1242;45;5333.00;215
14098;44;624499180;14098;365;15337;15550;5.60;0.35;320.02;17.69;1239;45;5334.00;213
14101;44;624499202;14101;362;15338;15550;5.66;0.35;320.11;17.69;1237;45;5335.00;212
14102;44;624499218;14102;354;15342;15551;5.74;0.35;320.13;17.69;1240;45;5336.00;209
14106;44;624499236;14106;357;15346;15552;5.74;0.35;320.26;17.82;1240;45;5337.00;206
14110;44;624499251;14110;356;15350;15552;5.74;0.35;320.33;17.82;1240;45;5338.00;202
14112;44;624499266;14112;365;15353;15553;5.78;0.36;320.32;17.82;1241;46;5339.00;200
14119;44;624499293;14119;359;15358;15553;5.77;0.36;320.47;17.82;1239;46;5340.00;195
14122;44;624499308;14122;373;15361;15553;5.81;0.36;320.50;17.81;1239;46;5341.00;192
14128;44;624499322;14128;376;15363;15553;5.82;0.36;320.60;17.81;1235;46;5342.00;190
14130;44;624499337;14130;378;15368;15557;5.86;0.36;320.61;17.81;1238;46;5343.00;189
14131;44;624499353;14131;380;15369;15557;5.87;0.36;320.63;17.81;1238;46;5344.00;188
14137;44;624499367;14137;378;15371;15557;5.86;0.36;320.80;17.81;1234;46;5345.00;186
14140;44;624499382;14140;378;15373;15560;5.87;0.36;320.79;17.81;1233;46;5346.00;187
14145;44;624499397;14145;390;15375;15560;5.84;0.36;320.84;17.81;1230;46;5347.00;185
14147;44;624499412;14147;393;15375;15560;5.86;0.36;320.85;17.81;1228;46;5348.00;185
14150;44;624499426;14150;407;15378;15564;5.83;0.36;320.92;17.80;1228;46;5349.00;186
14152;44;624499440;14152;400;15380;15565;5.86;0.36;320.94;17.80;1228;46;5350.00;185
14156;44;624499454;14156;398;15380;15565;5.84;0.36;320.96;17.80;1224;46;5351.00;185
14159;44;624499469;14159;398;15384;15569;5.83;0.36;321.01;17.80;1225;46;5352.00;185
14163;44;624499484;14163;403;15384;15569;5.82;0.35;321.09;17.80;1221;46;5353.00;185
14164;44;624499499;14164;403;15385;15569;5.84;0.36;321.09;17.80;1221;46;5354.00;184
14168;44;624499513;14168;402;15387;15571;5.79;0.35;321.13;17.80;1219;46;5355.00;184
14169;44;624499528;14169;402;15387;15571;5.75;0.35;321.11;17.80;1218;46;5356.00;184
14171;44;624499541;14171;403;15392;15577;5.75;0.35;321.09;17.79;1221;46;5357.00;185
14174;44;624499556;14174;401;15394;15577;5.69;0.35;321.12;17.92;1220;46;5358.00;183
14174;44;624499571;14174;408;15395;15577;5.66;0.34;321.12;17.92;1221;46;5359.00;182
14174;44;624499585;14174;398;15395;15578;5.64;0.34;321.12;17.92;1221;46;5360.00;183
14176;44;624499598;14176;396;15395;15578;5.65;0.34;321.15;17.92;1219;46;5361.00;183
14180;44;624499612;14180;388;15395;15578;5.65;0.34;321.13;17.92;1215;46;5362.00;183
14181;44;624499630;14181;389;15395;15578;5.63;0.34;321.11;17.92;1214;46;5363.00;183
14183;44;624499643;14183;386;15405;15590;5.68;0.35;321.21;17.91;1222;46;5364.00;185
14187;44;624499659;14187;389;15405;15590;5.63;0.34;321.23;17.91;1218;46;5365.00;185
14192;44;624499673;14192;390;15406;15590;5.60;0.34;321.26;17.91;1214;46;5366.00;184
14193;44;624499686;14193;393;15406;15590;5.60;0.34;321.30;17.91;1213;46;5367.00;184
14195;44;624499699;14195;394;15406;15590;5.64;0.34;321.28;17.91;1211;46;5368.00;184
14197;44;624499713;14197;394;15406;15590;5.65;0.34;321.28;17.91;1209;46;5369.00;184
14199;44;624499728;14199;398;15409;15594;5.60;0.34;321.25;17.90;1210;46;5370.00;185
14202;44;624499742;14202;396;15409;15594;5.56;0.34;321.27;17.90;1207;46;5371.00;185
14204;44;624499755;14204;393;15413;15598;5.57;0.34;321.26;17.90;1209;46;5372.00;185
14209;44;624499769;14209;400;15413;15599;5.49;0.33;321.21;17.90;1204;46;5373.00;186
14213;44;624499784;14213;400;15415;15599;5.43;0.33;321.16;17.91;1202;46;5374.00;184
14214;44;624499799;14214;393;15416;15599;5.40;0.33;321.20;17.93;1202;46;5375.00;183
14217;44;624499816;14217;404;15427;15612;5.35;0.32;321.17;17.91;1210;46;5376.00;185
14219;44;624499829;14219;405;15427;15612;5.31;0.32;321.14;17.91;1208;46;5377.00;185
14220;44;624499842;14220;404;15427;15612;5.27;0.32;321.18;17.91;1207;46;5378.00;185
14226;44;624499855;14226;410;15428;15613;5.25;0.32;321.15;17.91;1202;46;5379.00;185
14227;44;624499868;14227;416;15428;15614;5.25;0.32;321.15;17.91;1201;46;5380.00;186
14229;44;624499881;14229;420;15428;15614;5.29;0.32;321.15;17.91;1199;46;5381.00;186
14231;44;624499894;14231;426;15430;15617;5.33;0.32;321.12;17.91;1199;46;5382.00;187
14234;44;624499907;14234;432;15431;15617;5.35;0.33;321.10;17.91;1197;46;5383.00;186
14236;44;624499919;14236;431;15431;15617;5.38;0.33;321.08;17.91;1195;46;5384.00;186
14239;44;624499939;14239;436;15431;15617;5.41;0.33;321.11;17.91;1192;46;5385.00;186
14241;44;624499952;14241;439;15436;15623;5.46;0.33;321.10;17.90;1195;46;5386.00;187
14241;44;624499965;14241;429;15436;15623;5.50;0.33;321.10;17.90;1195;46;5387.00;187
14242;44;624499979;14242;416;15437;15623;5.53;0.34;321.11;17.91;1195;46;5388.00;186
14242;44;624499992;14242;411;15437;15623;5.50;0.33;321.11;17.91;1195;46;5389.00;186
14245;44;624500005;14245;413;15440;15627;5.53;0.34;321.12;17.91;1195;46;5390.00;187
14246;44;624500019;14246;405;15441;15628;5.54;0.34;321.12;17.90;1195;46;5391.00;187
14248;44;624500032;14248;408;15441;15628;5.50;0.33;321.14;17.90;1193;46;5392.00;187
14250;44;624500045;14250;400;15442;15629;5.46;0.33;321.12;17.90;1192;46;5393.00;187
14251;44;624500060;14251;395;15442;15629;5.49;0.33;321.11;17.90;1191;46;5394.00;187
14252;44;624500076;14252;385;15442;15629;5.51;0.34;321.11;17.90;1190;46;5395.00;187
14254;44;624500091;14254;388;15443;15629;5.52;0.34;321.16;17.91;1189;46;5396.00;186
14254;44;624500108;14254;383;15443;15629;5.56;0.34;321.16;17.91;1189;46;5397.00;186
14254;44;624500130;14254;380;15443;15629;5.59;0.34;321.16;17.91;1189;46;5398.00;186
14258;44;624500143;14258;389;15443;15629;5.60;0.34;321.14;17.91;1185;46;5399.00;186
