step_arrived;step_collisions;step_duration;step_ended;step_halting;step_inserted;step_loaded;step_meanSpeed;step_meanSpeedRelative;step_meanTravelTime;step_meanWaitingTime;step_running;step_teleports;step_time;step_waiting
0;0;623661518;0;1;89;245;16.01;1.13;-1.00;0.00;89;0;0.00;156
0;0;623661546;0;1;102;245;15.19;1.05;-1.00;0.13;102;0;1.00;143
0;0;623661548;0;2;123;245;14.22;0.97;-1.00;0.45;123;0;2.00;122
0;0;623661549;0;3;134;245;13.16;0.89;-1.00;0.66;134;0;3.00;111
0;0;623661550;0;4;149;245;12.06;0.81;-1.00;0.99;149;0;4.00;96
0;0;623661551;0;5;155;245;11.32;0.76;-1.00;1.15;155;0;5.00;90
0;0;623661553;0;9;167;245;10.71;0.72;-1.00;1.50;167;0;6.00;78
0;0;623661554;0;13;176;245;9.99;0.67;-1.00;1.78;176;0;7.00;69
0;0;623661556;0;19;183;246;9.68;0.64;-1.00;2.02;183;0;8.00;63
0;0;623661558;0;23;191;247;9.36;0.62;-1.00;2.31;191;0;9.00;56
0;0;623661560;0;21;200;247;9.13;0.60;-1.00;2.65;200;0;10.00;47
0;0;623661563;0;23;205;248;9.03;0.59;-1.00;2.81;205;0;11.00;43
0;0;623661565;0;23;208;248;9.06;0.60;-1.00;2.94;208;0;12.00;40
1;0;623661567;1;31;213;248;8.90;0.58;13.00;3.18;212;0;13.00;35
1;0;623661569;1;35;217;248;8.82;0.57;13.00;3.35;216;0;14.00;31
2;0;623661572;2;39;223;252;8.65;0.56;14.00;3.47;221;0;15.00;29
2;0;623661575;2;44;223;252;8.62;0.55;14.00;3.47;221;0;16.00;29
2;0;623661578;2;52;227;252;8.57;0.55;14.00;3.71;225;0;17.00;25
2;0;623661580;2;54;230;255;8.65;0.55;14.00;3.82;228;0;18.00;25
3;0;623661583;3;67;233;255;8.58;0.54;15.67;4.01;230;0;19.00;22
5;0;623661586;5;67;235;255;8.51;0.53;17.40;4.15;230;0;20.00;20
5;0;623661589;5;74;241;259;8.64;0.54;17.40;4.24;236;0;21.00;18
6;0;623661593;6;76;244;260;8.53;0.54;18.00;4.37;238;0;22.00;16
6;0;623661596;6;79;246;260;8.41;0.53;18.00;4.52;240;0;23.00;14
7;0;623661599;7;82;249;264;8.43;0.53;18.86;4.47;242;0;24.00;15
7;0;623661602;7;87;251;264;8.39;0.52;18.86;4.53;244;0;25.00;13
7;0;623661605;7;89;252;264;8.34;0.52;18.86;4.62;245;0;26.00;12
7;0;623661608;7;91;252;265;8.34;0.52;18.86;4.62;245;0;27.00;13
7;0;623661611;7;94;252;265;8.24;0.51;18.86;4.62;245;0;28.00;13
7;0;623661614;7;97;259;271;8.11;0.50;18.86;4.68;252;0;29.00;12
7;0;623661619;7;100;259;271;8.03;0.50;18.86;4.68;252;0;30.00;12
7;0;623661622;7;100;260;272;7.97;0.49;18.86;4.67;253;0;31.00;12
10;0;623661625;10;105;262;272;7.80;0.48;22.50;4.88;252;0;32.00;10
10;0;623661629;10;108;262;272;7.98;0.49;22.50;4.88;252;0;33.00;10
10;0;623661631;10;111;262;272;8.11;0.50;22.50;4.88;252;0;34.00;10
11;0;623661634;11;114;264;272;8.08;0.50;23.09;5.11;253;0;35.00;8
11;0;623661638;11;117;276;284;8.48;0.52;23.09;5.05;265;0;36.00;8
11;0;623661642;11;119;277;284;8.49;0.52;23.09;5.10;266;0;37.00;7
11;0;623661645;11;121;278;284;8.46;0.52;23.09;5.12;267;0;38.00;6
12;0;623661648;12;124;279;284;8.34;0.51;24.00;5.14;267;0;39.00;5
12;0;623661651;12;127;280;284;8.29;0.51;24.00;5.14;268;0;40.00;4
12;0;623661655;12;128;280;284;8.25;0.51;24.00;5.14;268;0;41.00;4
14;0;623661658;14;128;285;288;8.20;0.51;25.86;5.08;271;0;42.00;3
15;0;623661661;15;132;285;288;7.93;0.49;26.80;5.08;270;0;43.00;3
15;0;623661664;15;134;289;292;7.84;0.48;26.80;5.02;274;0;44.00;3
17;0;623661667;17;133;291;294;7.68;0.48;27.71;4.99;274;0;45.00;3
17;0;623661671;17;135;291;294;7.46;0.46;27.71;4.99;274;0;46.00;3
17;0;623661673;17;134;291;294;7.31;0.46;27.71;4.99;274;0;47.00;3
18;0;623661676;18;137;302;307;7.49;0.47;28.44;4.81;284;0;48.00;5
18;0;623661680;18;140;302;307;7.47;0.47;28.44;4.81;284;0;49.00;5
20;0;623661683;20;140;302;307;7.39;0.46;30.55;4.81;282;0;50.00;5
21;0;623661686;21;141;303;308;7.34;0.46;31.43;4.80;282;0;51.00;5
21;0;623661690;21;142;304;309;7.24;0.45;31.43;4.78;283;0;52.00;5
21;0;623661693;21;147;304;309;7.23;0.45;31.43;4.78;283;0;53.00;5
21;0;623661695;21;148;306;312;7.30;0.46;31.43;4.75;285;0;54.00;6
23;0;623661698;23;151;306;312;7.27;0.45;31.00;4.75;283;0;55.00;6
23;0;623661701;23;143;307;312;7.31;0.45;31.00;4.74;284;0;56.00;5
24;0;623661704;24;138;307;312;7.31;0.45;32.08;4.74;283;0;57.00;5
26;0;623661707;26;138;313;318;7.37;0.45;33.04;4.67;287;0;58.00;5
26;0;623661710;26;137;313;318;7.33;0.45;33.04;4.67;287;0;59.00;5
27;0;623661715;27;139;313;318;7.36;0.45;34.04;4.67;286;0;60.00;5
27;0;623661719;27;143;313;318;7.36;0.45;34.04;4.67;286;0;61.00;5
29;0;623661722;29;148;317;322;7.40;0.45;35.86;4.62;288;0;62.00;5
29;0;623661727;29;150;318;323;7.52;0.46;35.86;4.61;289;0;63.00;5
30;0;623661731;30;149;318;323;7.55;0.46;36.80;4.61;288;0;64.00;5
30;0;623661734;30;149;319;324;7.70;0.47;36.80;4.60;289;0;65.00;5
32;0;623661737;32;150;319;324;7.61;0.47;37.16;4.60;287;0;66.00;5
32;0;623661740;32;140;319;324;7.70;0.47;37.16;4.60;287;0;67.00;5
33;0;623661743;33;138;319;324;7.80;0.48;37.85;4.60;286;0;68.00;5
33;0;623661746;33;135;319;324;7.97;0.49;37.85;4.60;286;0;69.00;5
34;0;623661749;34;131;319;324;8.09;0.49;38.62;4.60;285;0;70.00;5
34;0;623661752;34;128;319;324;8.27;0.51;38.62;4.60;285;0;71.00;5
34;0;623661755;34;134;353;394;8.53;0.53;38.62;4.16;319;0;72.00;41
34;0;623661763;34;128;354;395;8.63;0.53;38.62;4.15;320;0;73.00;41
35;0;623661767;35;120;362;395;8.96;0.55;39.03;4.10;327;0;74.00;33
35;0;623661770;35;118;366;395;9.24;0.57;39.03;4.09;331;0;75.00;29
36;0;623661774;36;115;368;395;9.50;0.58;40.06;4.09;332;0;76.00;27
38;0;623661785;38;114;370;395;9.64;0.59;41.97;4.09;332;0;77.00;25
39;0;623661788;39;116;372;395;9.69;0.59;42.90;4.10;333;0;78.00;23
39;0;623661798;39;117;375;395;9.73;0.59;42.90;4.13;336;0;79.00;20
40;0;623661801;40;117;376;396;9.77;0.59;43.83;4.14;336;0;80.00;20
40;0;623661805;40;119;378;397;9.79;0.59;43.83;4.16;338;0;81.00;19
42;0;623661809;42;120;380;397;9.80;0.59;45.29;4.17;338;0;82.00;17
42;0;623661814;42;124;385;401;9.70;0.59;45.29;4.16;343;0;83.00;16
42;0;623661818;42;126;386;401;9.69;0.58;45.29;4.16;344;0;84.00;15
42;0;623661822;42;126;386;401;9.55;0.58;45.29;4.16;344;0;85.00;15
42;0;623661826;42;125;386;401;9.40;0.57;45.29;4.16;344;0;86.00;15
42;0;623661829;42;127;391;407;9.35;0.57;45.29;4.12;349;0;87.00;16
44;0;623661834;44;126;391;407;9.24;0.56;47.09;4.12;347;0;88.00;16
45;0;623661838;45;126;391;407;9.20;0.56;48.02;4.12;346;0;89.00;16
45;0;623661844;45;127;395;413;9.27;0.56;48.02;4.07;350;0;90.00;18
48;0;623661848;48;130;395;413;9.17;0.56;50.71;4.07;347;0;91.00;18
51;0;623661852;51;132;397;413;9.19;0.56;53.14;4.06;346;0;92.00;16
52;0;623661855;52;133;398;414;9.10;0.55;53.90;4.06;346;0;93.00;16
56;0;623661859;56;134;399;415;8.99;0.55;56.75;4.05;343;0;94.00;16
57;0;623661864;57;134;399;415;8.98;0.55;57.42;4.05;342;0;95.00;16
59;0;623661867;59;138;410;428;8.81;0.54;58.69;3.94;351;0;96.00;18
62;0;623661872;62;134;410;428;8.68;0.53;59.21;3.94;348;0;97.00;18
62;0;623661876;62;134;410;428;8.72;0.53;59.21;3.94;348;0;98.00;18
63;0;623661879;63;129;411;429;8.72;0.53;59.78;3.93;348;0;99.00;18
64;0;623661885;64;128;411;429;8.79;0.53;60.08;3.93;347;0;100.00;18
65;0;623661893;65;128;414;433;8.92;0.54;60.71;3.91;349;0;101.00;19
66;0;623661897;66;123;414;433;8.95;0.54;61.20;3.91;348;0;102.00;19
67;0;623661901;67;117;418;437;8.96;0.54;61.67;3.88;351;0;103.00;19
67;0;623661906;67;110;420;437;9.09;0.55;61.67;4.01;353;0;104.00;17
67;0;623661917;67;105;420;437;9.32;0.57;61.67;4.01;353;0;105.00;17
67;0;623661922;67;100;420;437;9.50;0.58;61.67;4.01;353;0;106.00;17
67;0;623661926;67;94;420;437;9.74;0.59;61.67;4.01;353;0;107.00;17
69;0;623661930;69;89;432;449;10.00;0.61;62.94;3.99;363;0;108.00;17
70;0;623661936;70;85;433;449;10.19;0.62;63.60;3.98;363;0;109.00;16
71;0;623661941;71;78;433;449;10.27;0.63;64.25;3.98;362;0;110.00;16
71;0;623661946;71;76;433;449;10.34;0.63;64.25;3.98;362;0;111.00;16
71;0;623661951;71;75;433;449;10.45;0.64;64.25;3.98;362;0;112.00;16
72;0;623661956;72;72;433;449;10.60;0.65;64.88;3.98;361;0;113.00;16
74;0;623661961;74;70;434;450;10.77;0.66;66.12;3.97;360;0;114.00;16
74;0;623661966;74;71;434;450;10.91;0.66;66.12;3.97;360;0;115.00;16
74;0;623661972;74;73;439;456;11.12;0.68;66.12;3.94;365;0;116.00;17
74;0;623661977;74;72;441;457;11.21;0.68;66.12;4.02;367;0;117.00;16
75;0;623661982;75;75;442;457;11.19;0.68;66.81;4.28;367;0;118.00;15
75;0;623661988;75;79;442;457;11.17;0.68;66.81;4.28;367;0;119.00;15
75;0;623661995;75;80;449;462;11.24;0.69;66.81;4.69;374;0;120.00;13
76;0;623662001;76;79;449;462;11.29;0.69;67.53;4.69;373;0;121.00;13
76;0;623662006;76;80;450;462;11.28;0.69;67.53;4.96;374;0;122.00;12
76;0;623662012;76;85;453;463;11.35;0.69;67.53;5.15;377;0;123.00;10
76;0;623662017;76;85;457;467;11.31;0.69;67.53;5.11;381;0;124.00;10
78;0;623662023;78;84;458;467;11.35;0.69;69.00;5.27;380;0;125.00;9
79;0;623662035;79;86;462;470;11.42;0.70;69.56;5.37;383;0;126.00;8
79;0;623662044;79;89;463;470;11.52;0.71;69.56;5.53;384;0;127.00;7
80;0;623662053;80;88;464;470;11.65;0.72;69.84;5.52;384;0;128.00;6
81;0;623662062;81;88;466;470;11.74;0.72;70.54;5.65;385;0;129.00;4
83;0;623662080;83;87;471;474;11.82;0.72;71.63;5.72;388;0;130.00;3
83;0;623662090;83;88;471;474;11.84;0.73;71.63;5.72;388;0;131.00;3
84;0;623662099;84;89;472;474;11.79;0.73;71.49;5.78;388;0;132.00;2
86;0;623662108;86;92;472;474;11.78;0.73;72.48;5.78;386;0;133.00;2
88;0;623662116;88;94;474;475;11.75;0.72;73.76;5.84;386;0;134.00;1
90;0;623662126;90;95;476;477;11.68;0.72;74.86;5.82;386;0;135.00;1
92;0;623662135;92;95;476;477;11.69;0.72;76.15;5.82;384;0;136.00;1
93;0;623662144;93;97;478;478;11.70;0.72;76.78;5.83;385;0;137.00;0
94;0;623662151;94;100;478;478;11.62;0.72;77.44;5.83;384;0;138.00;0
96;0;623662157;96;100;478;478;11.54;0.71;77.96;5.83;382;0;139.00;0
101;0;623662165;101;101;478;478;11.53;0.71;79.41;5.83;377;0;140.00;0
103;0;623662171;103;102;478;478;11.66;0.72;79.55;5.83;375;0;141.00;0
105;0;623662178;105;103;478;478;11.60;0.72;80.58;5.83;373;0;142.00;0
106;0;623662184;106;103;478;478;11.54;0.71;81.08;5.83;372;0;143.00;0
109;0;623662191;109;121;554;605;11.24;0.71;82.78;5.04;445;0;144.00;51
110;0;623662208;110;113;561;606;11.19;0.71;83.35;4.99;451;0;145.00;45
110;0;623662214;110;109;569;606;11.15;0.70;83.35;4.94;459;0;146.00;37
112;0;623662222;112;114;573;606;11.07;0.70;84.05;4.93;461;0;147.00;33
115;0;623662230;115;114;577;606;10.97;0.69;84.17;4.92;462;0;148.00;29
119;0;623662238;119;114;578;606;10.83;0.68;85.55;4.92;459;0;149.00;28
119;0;623662247;119;111;582;611;10.72;0.67;85.55;4.91;463;0;150.00;29
124;0;623662259;124;110;585;611;10.74;0.67;87.60;4.92;461;0;151.00;26
128;0;623662270;128;109;587;612;10.73;0.67;88.48;4.93;459;0;152.00;25
129;0;623662279;129;112;591;613;10.92;0.68;88.95;4.96;462;0;153.00;22
132;0;623662287;132;113;594;613;11.00;0.68;90.34;4.98;462;0;154.00;19
134;0;623662294;134;113;597;614;11.02;0.68;90.19;5.00;463;0;155.00;17
134;0;623662302;134;117;600;614;10.96;0.68;90.19;5.01;466;0;156.00;14
135;0;623662309;135;119;604;614;10.89;0.67;89.61;5.07;469;0;157.00;10
136;0;623662317;136;125;605;614;10.85;0.67;90.11;5.07;469;0;158.00;9
139;0;623662324;139;129;610;618;10.67;0.66;91.41;5.06;471;0;159.00;8
142;0;623662331;142;134;610;618;10.53;0.65;92.20;5.06;468;0;160.00;8
142;0;623662338;142;135;611;618;10.41;0.64;92.20;5.08;469;0;161.00;7
142;0;623662346;142;138;613;621;10.33;0.64;92.20;5.09;471;0;162.00;8
143;0;623662353;143;141;614;621;10.19;0.63;92.54;5.11;471;0;163.00;7
145;0;623662360;145;140;615;621;10.08;0.62;93.52;5.14;470;0;164.00;6
147;0;623662367;147;139;620;625;9.91;0.61;93.97;5.15;473;0;165.00;5
149;0;623662376;149;139;621;626;9.74;0.60;94.81;5.15;472;0;166.00;5
149;0;623662383;149;141;622;626;9.54;0.59;94.81;5.18;473;0;167.00;4
150;0;623662389;150;144;626;630;9.33;0.58;95.27;5.15;476;0;168.00;4
153;0;623662396;153;148;628;630;9.20;0.57;96.08;5.15;475;0;169.00;2
154;0;623662401;154;145;628;630;9.10;0.57;95.63;5.15;474;0;170.00;2
155;0;623662408;155;144;629;631;9.04;0.56;95.88;5.14;474;0;171.00;2
158;0;623662414;158;143;629;631;8.91;0.55;95.73;5.14;471;0;172.00;2
159;0;623662421;159;142;635;637;8.96;0.55;96.06;5.10;476;0;173.00;2
162;0;623662428;162;145;635;637;8.93;0.55;97.09;5.10;473;0;174.00;2
163;1;623662434;163;144;638;638;8.92;0.55;96.93;5.14;475;1;175.00;0
163;1;623662452;163;146;638;638;8.92;0.55;96.93;5.14;475;1;176.00;0
165;1;623662458;165;148;638;638;8.93;0.55;96.80;5.14;473;1;177.00;0
165;1;623662464;165;144;638;638;8.95;0.55;96.80;5.14;473;1;178.00;0
165;1;623662471;165;143;638;638;8.94;0.55;96.80;5.14;473;1;179.00;0
167;1;623662478;167;143;669;672;9.05;0.56;97.18;4.90;502;1;180.00;3
168;1;623662486;168;136;669;672;9.09;0.56;97.64;4.90;501;1;181.00;3
169;1;623662492;169;131;671;672;9.14;0.56;98.12;4.89;502;1;182.00;1
172;1;623662498;172;135;671;672;9.06;0.56;99.24;4.89;499;1;183.00;1
172;1;623662505;172;135;672;672;9.08;0.56;99.24;4.89;500;1;184.00;0
173;1;623662510;173;141;672;672;9.10;0.56;99.46;4.89;499;1;185.00;0
176;1;623662516;176;145;676;676;9.13;0.56;99.77;4.87;500;1;186.00;0
178;1;623662523;178;150;676;676;9.16;0.56;99.99;4.87;498;1;187.00;0
180;1;623662528;180;155;680;680;9.12;0.56;100.41;4.84;500;1;188.00;0
181;1;623662535;181;159;681;681;9.07;0.56;100.90;4.84;500;1;189.00;0
185;1;623662541;185;164;681;681;8.89;0.55;101.05;4.84;496;1;190.00;0
185;1;623662546;185;173;681;681;8.80;0.54;101.05;4.84;496;1;191.00;0
185;1;623662552;185;186;694;694;8.79;0.54;101.05;4.74;509;1;192.00;0
186;1;623662559;186;190;694;694;8.67;0.54;100.66;4.74;508;1;193.00;0
188;1;623662564;188;194;694;694;8.52;0.53;100.87;4.74;506;1;194.00;0
191;1;623662570;191;199;695;695;8.40;0.52;100.45;4.74;504;1;195.00;0
193;1;623662576;193;199;696;696;8.33;0.51;101.17;4.73;503;1;196.00;0
200;1;623662582;200;205;696;696;8.15;0.50;100.40;4.73;496;1;197.00;0
201;1;623662588;201;209;698;699;8.12;0.50;100.17;4.72;497;1;198.00;1
201;1;623662594;201;211;698;699;8.04;0.49;100.17;4.72;497;1;199.00;1
203;1;623662600;203;213;699;699;7.85;0.48;100.07;4.72;496;1;200.00;0
205;1;623662610;205;218;699;699;7.66;0.47;99.82;4.72;494;1;201.00;0
206;1;623662616;206;218;705;705;7.58;0.46;100.32;4.69;499;1;202.00;0
208;1;623662622;208;225;705;705;7.46;0.46;100.60;4.69;497;1;203.00;0
209;1;623662627;209;227;705;705;7.35;0.45;100.57;4.69;496;1;204.00;0
211;1;623662633;211;234;705;705;7.26;0.44;100.62;4.69;494;1;205.00;0
213;1;623662638;213;236;709;709;7.25;0.44;100.09;4.66;496;1;206.00;0
213;1;623662644;213;242;710;710;7.17;0.44;100.09;4.66;497;1;207.00;0
215;1;623662650;215;243;710;710;7.00;0.43;100.28;4.66;495;1;208.00;0
217;1;623662655;217;249;711;711;6.95;0.43;100.28;4.65;494;1;209.00;0
218;1;623662662;218;252;711;711;6.88;0.42;99.93;4.65;493;1;210.00;0
220;1;623662668;220;255;711;711;6.78;0.42;99.41;4.65;491;1;211.00;0
221;1;623662673;221;257;711;711;6.68;0.41;99.27;4.65;490;1;212.00;0
222;1;623662679;222;264;711;711;6.63;0.41;99.59;4.65;489;1;213.00;0
222;1;623662684;222;268;711;711;6.53;0.40;99.59;4.65;489;1;214.00;0
223;1;623662690;223;272;711;711;6.43;0.40;99.68;4.65;488;1;215.00;0
224;1;623662695;224;285;753;781;6.56;0.41;99.92;4.39;529;1;216.00;28
225;1;623662706;225;267;755;782;6.49;0.40;100.11;4.38;530;1;217.00;27
226;1;623662713;226;260;762;782;6.61;0.41;100.63;4.36;536;1;218.00;20
226;1;623662719;226;243;763;782;6.74;0.42;100.63;4.36;537;1;219.00;19
228;1;623662726;228;234;765;782;6.92;0.42;101.66;4.36;537;1;220.00;17
230;1;623662732;230;228;767;782;7.15;0.44;102.33;4.36;537;1;221.00;15
230;1;623662739;230;228;769;782;7.34;0.45;102.33;4.37;539;1;222.00;13
231;1;623662746;231;225;771;782;7.49;0.46;102.86;4.37;540;1;223.00;11
231;1;623662753;231;222;772;783;7.58;0.46;102.86;4.38;541;1;224.00;11
231;1;623662760;231;223;775;785;7.58;0.46;102.86;4.38;544;1;225.00;10
232;1;623662774;232;206;777;785;7.64;0.47;102.94;4.40;545;1;226.00;8
234;1;623662782;234;200;783;789;7.69;0.47;103.96;4.40;549;1;227.00;6
235;1;623662790;235;192;785;789;7.88;0.48;103.87;4.41;550;1;228.00;4
236;1;623662797;236;180;786;789;8.10;0.50;104.39;4.42;550;1;229.00;3
238;1;623662805;238;173;787;789;8.29;0.51;105.40;4.43;549;1;230.00;2
238;1;623662813;238;170;793;795;8.56;0.53;105.40;4.42;555;1;231.00;2
241;1;623662821;241;167;794;795;8.83;0.54;105.33;4.43;553;1;232.00;1
242;1;623662829;242;165;795;795;9.12;0.56;105.82;4.42;553;1;233.00;0
242;1;623662836;242;156;797;798;9.49;0.58;105.82;4.41;555;1;234.00;1
245;1;623662845;245;153;797;798;9.70;0.59;106.16;4.41;552;1;235.00;1
247;1;623662853;247;148;798;798;9.97;0.61;106.79;4.41;551;1;236.00;0
248;1;623662860;248;144;799;799;10.16;0.62;107.28;4.41;551;1;237.00;0
250;1;623662868;250;138;800;800;10.35;0.63;107.86;4.40;550;1;238.00;0
251;1;623662876;251;136;800;800;10.42;0.64;108.21;4.40;549;1;239.00;0
252;1;623662885;252;135;824;826;10.41;0.64;108.08;4.27;572;1;240.00;2
256;1;623662895;256;125;825;826;10.52;0.64;107.84;4.27;569;1;241.00;1
256;1;623662902;256;116;826;826;10.73;0.66;107.84;4.27;570;1;242.00;0
260;1;623662910;260;115;827;827;10.91;0.67;108.97;4.26;567;1;243.00;0
261;1;623662918;261;111;827;827;11.03;0.67;108.93;4.26;566;1;244.00;0
262;1;623662924;262;106;831;831;11.16;0.68;109.45;4.25;569;1;245.00;0
265;1;623662932;265;102;831;831;11.20;0.68;110.34;4.25;566;1;246.00;0
266;1;623662940;266;103;835;835;11.24;0.69;110.85;4.23;569;1;247.00;0
271;1;623662948;271;100;835;835;11.35;0.69;111.48;4.23;564;1;248.00;0
274;1;623662955;274;97;835;835;11.50;0.70;112.86;4.23;561;1;249.00;0
277;1;623662962;277;98;835;835;11.63;0.71;113.53;4.23;558;1;250.00;0
278;1;623662970;278;98;835;835;11.82;0.72;113.58;4.23;557;1;251.00;0
280;1;623662977;280;99;845;847;11.85;0.72;113.79;4.18;565;1;252.00;2
282;1;623662992;282;100;845;847;11.91;0.73;114.01;4.18;563;1;253.00;2
284;1;623663001;284;101;847;847;12.00;0.73;114.24;4.17;563;1;254.00;0
287;1;623663008;287;105;847;847;12.10;0.74;114.29;4.17;560;1;255.00;0
291;1;623663017;291;106;847;847;12.19;0.74;115.29;4.17;556;1;256.00;0
292;1;623663026;292;106;847;847;12.22;0.74;115.73;4.17;555;1;257.00;0
293;1;623663036;293;107;848;848;12.24;0.74;115.86;4.17;555;1;258.00;0
297;1;623663045;297;109;848;848;12.28;0.74;116.87;4.17;551;1;259.00;0
297;1;623663052;297;110;854;854;12.23;0.74;116.87;4.15;557;1;260.00;0
297;1;623663060;297;111;855;855;12.31;0.74;116.87;4.14;558;1;261.00;0
298;1;623663068;298;112;855;855;12.27;0.74;116.80;4.14;557;1;262.00;0
299;1;623663075;299;112;855;855;12.30;0.74;116.67;4.14;556;1;263.00;0
300;1;623663082;300;112;859;859;12.23;0.74;117.00;4.12;559;1;264.00;0
303;1;623663099;303;113;859;859;12.26;0.74;117.36;4.12;556;1;265.00;0
304;1;623663106;304;116;859;859;12.16;0.74;117.37;4.12;555;1;266.00;0
307;1;623663113;307;118;860;860;12.18;0.74;118.16;4.12;553;1;267.00;0
309;1;623663121;309;118;864;864;12.10;0.73;118.28;4.11;555;1;268.00;0
311;1;623663128;311;115;864;864;12.15;0.74;118.73;4.11;553;1;269.00;0
317;1;623663137;317;110;868;870;12.05;0.73;120.08;4.09;551;1;270.00;2
319;1;623663145;319;110;868;870;12.05;0.73;120.65;4.09;549;1;271.00;2
323;1;623663152;323;106;870;870;12.06;0.73;120.67;4.08;547;1;272.00;0
327;1;623663159;327;101;870;870;12.03;0.73;121.45;4.08;543;1;273.00;0
330;1;623663167;330;97;874;874;12.01;0.73;121.69;4.07;544;1;274.00;0
332;1;623663174;332;95;874;874;12.10;0.73;121.64;4.07;542;1;275.00;0
335;1;623663182;335;89;874;874;12.19;0.74;122.16;4.07;539;1;276.00;0
337;1;623663189;337;83;874;874;12.25;0.74;122.29;4.07;537;1;277.00;0
339;1;623663196;339;79;875;875;12.35;0.75;122.74;4.07;536;1;278.00;0
343;1;623663203;343;77;876;876;12.42;0.75;123.03;4.06;533;1;279.00;0
344;1;623663211;344;73;876;876;12.43;0.75;122.85;4.06;532;1;280.00;0
344;1;623663218;344;70;877;877;12.46;0.76;122.85;4.06;533;1;281.00;0
346;1;623663225;346;65;877;877;12.47;0.76;122.87;4.06;531;1;282.00;0
348;1;623663232;348;65;877;877;12.51;0.76;122.96;4.06;529;1;283.00;0
350;1;623663239;350;70;877;877;12.51;0.76;123.01;4.06;527;1;284.00;0
351;1;623663247;351;72;877;877;12.54;0.76;123.25;4.06;526;1;285.00;0
352;1;623663254;352;73;877;877;12.55;0.76;123.30;4.06;525;1;286.00;0
352;1;623663261;352;75;877;877;12.64;0.77;123.30;4.06;525;1;287.00;0
352;1;623663268;352;96;947;1004;12.18;0.75;123.30;3.76;595;1;288.00;57
355;1;623663285;355;86;952;1005;12.15;0.75;123.85;3.75;597;1;289.00;53
355;1;623663293;355;83;957;1005;12.26;0.76;123.85;3.74;602;1;290.00;48
355;1;623663300;355;85;960;1005;12.24;0.76;123.85;3.73;605;1;291.00;45
357;1;623663314;357;88;966;1005;12.17;0.75;124.73;3.74;609;1;292.00;39
358;1;623663322;358;90;968;1005;12.08;0.74;124.92;3.74;610;1;293.00;37
358;1;623663330;358;89;971;1005;11.99;0.74;124.92;3.75;613;1;294.00;34
360;1;623663343;360;89;974;1005;11.94;0.73;125.83;3.76;614;1;295.00;31
360;1;623663351;360;89;976;1006;11.89;0.73;125.83;3.76;616;1;296.00;30
361;1;623663359;361;94;980;1007;11.88;0.73;126.20;3.79;619;1;297.00;27
364;1;623663367;364;97;983;1007;11.84;0.73;126.16;3.80;619;1;298.00;24
365;1;623663375;365;104;985;1008;11.70;0.72;125.84;3.82;620;1;299.00;23
370;1;623663386;370;111;991;1014;11.54;0.71;125.51;3.84;621;1;300.00;23
372;1;623663400;372;115;992;1014;11.44;0.70;125.68;3.85;620;1;301.00;22
373;1;623663408;373;119;997;1014;11.26;0.69;126.10;3.90;624;1;302.00;17
374;1;623663416;374;125;1000;1018;11.10;0.68;126.19;3.92;626;1;303.00;18
376;1;623663425;376;134;1002;1018;10.95;0.68;126.36;3.93;626;1;304.00;16
378;1;623663433;378;143;1004;1018;10.81;0.67;127.20;3.94;626;1;305.00;14
381;2;623663442;381;154;1009;1021;10.69;0.66;128.34;3.97;628;2;306.00;12
383;2;623663463;383;155;1010;1021;10.57;0.65;128.33;3.99;627;2;307.00;11
386;2;623663472;386;160;1011;1021;10.43;0.64;128.91;4.00;625;2;308.00;10
387;2;623663485;387;165;1014;1025;10.36;0.64;128.63;3.99;627;2;309.00;11
390;2;623663493;390;168;1017;1026;10.26;0.63;129.05;4.00;627;2;310.00;9
392;2;623663501;392;173;1019;1026;10.20;0.63;129.05;4.01;627;2;311.00;7
393;2;623663509;393;177;1024;1030;10.12;0.62;129.39;4.01;631;2;312.00;6
393;2;623663517;393;176;1025;1030;10.01;0.62;129.39;4.02;632;2;313.00;5
396;2;623663530;396;177;1026;1030;9.87;0.61;129.80;4.01;630;2;314.00;4
398;2;623663537;398;184;1028;1032;9.69;0.60;130.21;4.01;630;2;315.00;4
400;2;623663545;400;197;1029;1032;9.55;0.59;130.66;4.03;629;2;316.00;3
403;2;623663552;403;200;1036;1038;9.44;0.58;131.66;4.04;633;2;317.00;2
405;2;623663560;405;206;1036;1038;9.28;0.57;132.08;4.04;631;2;318.00;2
410;2;623663567;410;205;1037;1039;9.10;0.56;132.95;4.03;627;2;319.00;2
410;2;623663575;410;205;1038;1039;9.00;0.56;132.95;4.06;628;2;320.00;1
414;2;623663582;414;206;1038;1039;8.83;0.54;133.33;4.06;624;2;321.00;1
419;2;623663589;419;208;1038;1039;8.75;0.54;133.45;4.06;619;2;322.00;1
421;2;623663597;421;208;1038;1039;8.66;0.53;133.71;4.06;617;2;323.00;1
423;2;623663604;423;209;1050;1051;8.72;0.54;134.13;4.03;627;2;324.00;1
425;2;623663612;425;213;1050;1051;8.70;0.54;134.69;4.03;625;2;325.00;1
427;2;623663620;427;217;1051;1051;8.70;0.53;135.08;4.03;624;2;326.00;0
429;2;623663627;429;215;1051;1051;8.67;0.53;135.34;4.03;622;2;327.00;0
435;2;623663634;435;216;1051;1051;8.70;0.53;135.67;4.03;616;2;328.00;0
435;2;623663641;435;218;1051;1051;8.76;0.54;135.67;4.03;616;2;329.00;0
436;2;623663650;436;221;1055;1055;8.75;0.53;136.09;4.02;619;2;330.00;0
436;2;623663657;436;224;1055;1055;8.73;0.53;136.09;4.02;619;2;331.00;0
438;2;623663664;438;228;1059;1059;8.70;0.53;136.52;4.00;621;2;332.00;0
440;2;623663671;440;236;1060;1060;8.56;0.52;137.08;4.00;620;2;333.00;0
445;2;623663677;445;231;1060;1060;8.42;0.52;137.77;4.00;615;2;334.00;0
447;2;623663684;447;232;1060;1060;8.25;0.51;138.65;4.00;613;2;335.00;0
450;2;623663691;450;233;1072;1073;8.10;0.50;138.83;3.96;622;2;336.00;1
454;2;623663698;454;232;1072;1073;7.88;0.48;139.60;3.96;618;2;337.00;1
460;2;623663705;460;242;1073;1073;7.70;0.47;140.11;3.95;613;2;338.00;0
461;2;623663711;461;251;1074;1074;7.52;0.46;140.54;3.95;613;2;339.00;0
463;2;623663717;463;247;1075;1075;7.36;0.45;141.40;3.95;612;2;340.00;0
465;2;623663724;465;244;1075;1075;7.26;0.45;141.57;3.95;610;2;341.00;0
466;2;623663730;466;240;1078;1078;7.18;0.44;142.00;3.94;612;2;342.00;0
470;2;623663736;470;239;1078;1078;7.18;0.44;142.74;3.94;608;2;343.00;0
474;2;623663743;474;236;1078;1078;7.22;0.45;143.42;3.94;604;2;344.00;0
477;2;623663749;477;237;1078;1078;7.19;0.44;144.05;3.94;601;2;345.00;0
480;2;623663756;480;240;1084;1084;7.26;0.45;144.51;3.92;604;2;346.00;0
482;2;623663762;482;234;1084;1084;7.25;0.45;144.72;3.92;602;2;347.00;0
484;2;623663769;484;234;1084;1084;7.24;0.45;144.81;3.92;600;2;348.00;0
488;2;623663774;488;234;1084;1084;7.19;0.45;145.27;3.92;596;2;349.00;0
491;2;623663781;491;231;1088;1088;7.21;0.45;145.93;3.91;597;2;350.00;0
494;2;623663787;494;232;1089;1089;7.24;0.45;145.56;3.91;595;2;351.00;0
497;2;623663793;497;233;1089;1089;7.24;0.45;145.20;3.91;592;2;352.00;0
502;2;623663799;502;238;1090;1090;7.18;0.44;145.66;3.90;588;2;353.00;0
506;2;623663806;506;243;1090;1090;7.18;0.44;145.61;3.90;584;2;354.00;0
509;2;623663813;509;251;1090;1090;7.09;0.44;145.34;3.90;581;2;355.00;0
513;2;623663819;513;252;1090;1090;7.00;0.43;145.03;3.90;577;2;356.00;0
514;2;623663825;514;254;1090;1090;6.98;0.43;145.02;3.90;576;2;357.00;0
516;2;623663832;516;259;1090;1090;6.85;0.42;145.11;3.90;574;2;358.00;0
520;2;623663838;520;265;1090;1090;6.78;0.42;145.31;3.90;570;2;359.00;0
522;2;623663846;522;276;1157;1215;7.31;0.46;145.27;3.68;635;2;360.00;58
522;2;623663862;522;277;1166;1216;7.35;0.46;145.27;3.66;644;2;361.00;50
527;2;623663869;527;275;1176;1216;7.41;0.46;145.63;3.64;649;2;362.00;40
531;2;623663876;531;274;1180;1216;7.34;0.46;145.63;3.64;649;2;363.00;36
531;2;623663884;531;277;1186;1216;7.31;0.46;145.63;3.64;655;2;364.00;30
534;2;623663891;534;279;1186;1216;7.20;0.45;145.84;3.64;652;2;365.00;30
536;2;623663898;536;282;1194;1216;7.04;0.44;145.62;3.66;658;2;366.00;22
537;2;623663905;537;281;1198;1216;6.90;0.43;145.67;3.67;661;2;367.00;18
537;2;623663912;537;287;1205;1217;6.82;0.42;145.67;3.69;668;2;368.00;12
538;2;623663919;538;298;1209;1218;6.67;0.41;145.43;3.71;671;2;369.00;9
540;2;623663926;540;296;1213;1218;6.54;0.40;145.46;3.72;673;2;370.00;5
542;2;623663933;542;290;1218;1222;6.44;0.40;145.43;3.72;676;2;371.00;4
543;2;623663941;543;287;1218;1222;6.41;0.39;145.54;3.72;675;2;372.00;4
544;2;623663948;544;291;1219;1222;6.41;0.39;145.36;3.72;675;2;373.00;3
546;2;623663956;546;288;1219;1222;6.45;0.40;145.14;3.72;673;2;374.00;3
546;2;623663963;546;281;1226;1228;6.48;0.40;145.14;3.72;680;2;375.00;2
546;2;623663972;546;281;1226;1228;6.55;0.40;145.14;3.72;680;2;376.00;2
546;2;623663979;546;284;1227;1228;6.63;0.41;145.14;3.73;681;2;377.00;1
547;2;623663993;547;282;1229;1231;6.73;0.41;145.04;3.72;682;2;378.00;2
548;2;623664001;548;279;1229;1231;6.84;0.42;145.14;3.72;681;2;379.00;2
550;2;623664009;550;271;1230;1231;6.92;0.42;145.09;3.74;680;2;380.00;1
552;2;623664017;552;274;1232;1232;6.98;0.43;145.53;3.74;680;2;381.00;0
555;2;623664027;555;275;1233;1233;7.04;0.43;145.83;3.73;678;2;382.00;0
557;2;623664041;557;267;1233;1233;7.17;0.44;146.10;3.73;676;2;383.00;0
558;2;623664056;558;267;1245;1246;7.38;0.45;145.88;3.70;687;2;384.00;1
560;2;623664069;560;261;1245;1246;7.45;0.45;145.69;3.70;685;2;385.00;1
562;2;623664084;562;265;1245;1246;7.49;0.45;145.48;3.70;683;2;386.00;1
563;2;623664108;563;254;1246;1247;7.58;0.46;145.51;3.69;683;2;387.00;1
564;2;623664120;564;244;1246;1247;7.65;0.46;145.30;3.69;682;2;388.00;1
565;2;623664133;565;241;1250;1251;7.78;0.47;145.38;3.69;685;2;389.00;1
566;2;623664148;566;236;1250;1251;7.84;0.48;145.37;3.69;684;2;390.00;1
566;2;623664158;566;233;1254;1255;7.99;0.49;145.37;3.68;688;2;391.00;1
569;2;623664168;569;235;1255;1255;8.01;0.49;145.63;3.68;686;2;392.00;0
570;2;623664178;570;237;1255;1255;8.06;0.49;145.81;3.68;685;2;393.00;0
574;2;623664189;574;235;1255;1255;8.09;0.49;146.31;3.68;681;2;394.00;0
576;2;623664199;576;235;1255;1255;8.22;0.50;146.71;3.68;679;2;395.00;0
576;2;623664209;576;221;1267;1267;8.38;0.51;146.71;3.65;691;2;396.00;0
580;2;623664229;580;209;1267;1267;8.46;0.52;147.18;3.65;687;2;397.00;0
582;2;623664249;582;195;1267;1267;8.64;0.53;147.69;3.65;685;2;398.00;0
584;2;623664260;584;181;1267;1267;8.83;0.54;147.81;3.65;683;2;399.00;0
584;2;623664271;584;172;1267;1267;9.05;0.55;147.81;3.65;683;2;400.00;0
587;2;623664285;587;167;1267;1267;9.16;0.56;147.88;3.65;680;2;401.00;0
587;2;623664296;587;160;1268;1268;9.34;0.57;147.88;3.64;681;2;402.00;0
591;2;623664305;591;158;1268;1268;9.53;0.58;148.99;3.64;677;2;403.00;0
592;2;623664316;592;149;1274;1274;9.80;0.60;148.97;3.63;682;2;404.00;0
592;2;623664326;592;142;1276;1276;10.02;0.61;148.97;3.63;684;2;405.00;0
595;2;623664336;595;131;1276;1276;10.21;0.62;149.58;3.63;681;2;406.00;0
597;2;623664346;597;131;1276;1276;10.34;0.63;149.94;3.63;679;2;407.00;0
599;2;623664362;599;123;1280;1280;10.47;0.64;150.00;3.61;681;2;408.00;0
604;2;623664372;604;116;1280;1280;10.55;0.64;151.05;3.61;676;2;409.00;0
606;2;623664382;606;112;1280;1280;10.73;0.65;150.97;3.61;674;2;410.00;0
608;2;623664392;608;109;1281;1281;10.93;0.67;151.39;3.61;673;2;411.00;0
610;2;623664402;610;107;1285;1285;10.99;0.67;151.64;3.60;675;2;412.00;0
611;2;623664420;611;107;1285;1285;11.13;0.68;151.49;3.60;674;2;413.00;0
612;2;623664430;612;108;1287;1288;11.29;0.69;151.57;3.60;675;2;414.00;1
616;2;623664440;616;102;1287;1288;11.42;0.70;152.57;3.60;671;2;415.00;1
618;2;623664450;618;100;1288;1288;11.60;0.71;152.72;3.60;670;2;416.00;0
621;2;623664459;621;98;1288;1288;11.64;0.71;153.32;3.60;667;2;417.00;0
624;2;623664470;624;96;1292;1292;11.69;0.71;154.40;3.59;668;2;418.00;0
626;2;623664481;626;97;1292;1292;11.81;0.72;154.73;3.59;666;2;419.00;0
630;2;623664493;630;97;1292;1292;11.93;0.73;155.57;3.59;662;2;420.00;0
632;2;623664503;632;96;1292;1292;12.00;0.73;156.24;3.59;660;2;421.00;0
634;2;623664513;634;96;1293;1293;12.07;0.74;156.48;3.59;659;2;422.00;0
637;2;623664522;637;97;1294;1294;12.10;0.74;157.49;3.58;657;2;423.00;0
641;2;623664532;641;95;1294;1294;12.13;0.74;157.67;3.58;653;2;424.00;0
644;2;623664541;644;96;1295;1295;12.10;0.74;158.24;3.58;651;2;425.00;0
647;2;623664551;647;98;1295;1295;12.16;0.74;158.87;3.58;648;2;426.00;0
651;2;623664560;651;100;1295;1295;12.21;0.74;159.61;3.58;644;2;427.00;0
654;2;623664570;654;105;1295;1295;12.32;0.75;159.52;3.58;641;2;428.00;0
660;2;623664579;660;104;1295;1295;12.43;0.76;160.61;3.58;635;2;429.00;0
661;2;623664589;661;101;1295;1295;12.54;0.76;160.94;3.58;634;2;430.00;0
665;2;623664598;665;100;1295;1295;12.64;0.77;161.40;3.58;630;2;431.00;0
670;2;623664616;670;130;1373;1422;11.97;0.74;161.75;3.38;703;2;432.00;49
674;2;623664637;674;112;1373;1423;12.09;0.75;162.24;3.38;699;2;433.00;50
675;2;623664649;675;105;1378;1423;12.34;0.76;162.63;3.38;703;2;434.00;45
680;2;623664659;680;102;1378;1423;12.42;0.77;163.15;3.38;698;2;435.00;45
683;2;623664669;683;104;1384;1423;12.53;0.77;163.68;3.38;701;2;436.00;39
687;2;623664679;687;106;1384;1423;12.62;0.78;163.90;3.38;697;2;437.00;39
690;2;623664688;690;109;1387;1423;12.71;0.78;164.42;3.38;697;2;438.00;36
692;2;623664698;692;108;1390;1423;12.80;0.79;164.59;3.39;698;2;439.00;33
696;2;623664707;696;110;1393;1424;12.81;0.78;165.02;3.40;697;2;440.00;31
700;2;623664718;700;110;1398;1425;12.81;0.78;164.93;3.42;698;2;441.00;27
702;2;623664728;702;102;1401;1425;12.79;0.78;164.90;3.44;699;2;442.00;24
707;2;623664739;707;97;1406;1426;12.65;0.77;165.48;3.46;699;2;443.00;20
709;2;623664750;709;98;1407;1426;12.59;0.77;165.50;3.47;698;2;444.00;19
714;2;623664762;714;99;1414;1426;12.45;0.76;166.05;3.52;700;2;445.00;12
720;2;623664774;720;99;1416;1426;12.33;0.75;166.82;3.53;696;2;446.00;10
722;2;623664784;722;98;1419;1430;12.24;0.75;167.12;3.52;697;2;447.00;11
727;2;623664795;727;107;1420;1430;12.16;0.74;168.56;3.53;693;2;448.00;10
729;2;623664805;729;105;1421;1430;12.06;0.73;168.90;3.54;692;2;449.00;9
731;2;623664818;731;112;1425;1436;12.03;0.73;168.95;3.53;694;2;450.00;11
734;2;623664829;734;108;1426;1436;12.05;0.73;168.98;3.54;692;2;451.00;10
739;2;623664839;739;109;1427;1436;12.03;0.73;168.79;3.54;688;2;452.00;9
741;2;623664850;741;108;1432;1440;12.00;0.73;169.43;3.55;691;2;453.00;8
745;2;623664868;745;106;1433;1441;12.05;0.73;169.60;3.55;688;2;454.00;8
747;2;623664879;747;101;1434;1441;12.04;0.73;169.58;3.55;687;2;455.00;7
749;2;623664889;749;107;1436;1445;12.13;0.74;170.02;3.55;687;2;456.00;9
751;2;623664899;751;115;1437;1445;12.20;0.74;169.85;3.54;686;2;457.00;8
754;2;623664909;754;118;1437;1445;12.14;0.74;170.38;3.54;683;2;458.00;8
755;2;623664919;755;121;1438;1446;12.18;0.74;170.28;3.54;683;2;459.00;8
757;2;623664930;757;125;1438;1446;12.15;0.74;170.19;3.54;681;2;460.00;8
759;3;623664939;759;123;1443;1452;12.01;0.73;170.43;3.55;684;3;461.00;9
762;3;623664961;762;121;1443;1452;11.85;0.72;171.21;3.55;681;3;462.00;9
766;3;623664971;766;125;1443;1453;11.67;0.71;170.97;3.55;677;3;463.00;10
770;3;623664981;770;129;1444;1453;11.47;0.70;170.88;3.57;674;3;464.00;9
773;3;623664991;773;132;1445;1453;11.31;0.69;170.70;3.59;672;3;465.00;8
776;3;623665000;776;139;1446;1453;11.19;0.68;170.48;3.60;670;3;466.00;7
779;3;623665009;779;138;1447;1453;11.12;0.68;170.23;3.61;668;3;467.00;6
779;3;623665018;779;146;1457;1465;11.06;0.67;170.23;3.58;678;3;468.00;8
782;3;623665032;782;146;1457;1465;10.94;0.67;170.27;3.58;675;3;469.00;8
786;3;623665044;786;149;1459;1465;10.87;0.66;170.35;3.60;673;3;470.00;6
789;3;623665054;789;161;1460;1465;10.85;0.66;170.49;3.62;671;3;471.00;5
791;3;623665064;791;171;1460;1465;10.86;0.66;170.75;3.62;669;3;472.00;5
793;3;623665072;793;177;1461;1465;10.82;0.66;170.69;3.63;668;3;473.00;4
794;3;623665082;794;181;1465;1469;10.75;0.66;170.80;3.63;671;3;474.00;4
795;3;623665091;795;185;1465;1469;10.65;0.65;170.73;3.63;670;3;475.00;4
798;3;623665100;798;188;1470;1473;10.63;0.65;170.61;3.64;672;3;476.00;3
801;3;623665109;801;195;1471;1474;10.55;0.64;170.43;3.64;670;3;477.00;3
801;3;623665118;801;199;1472;1474;10.43;0.64;170.43;3.64;671;3;478.00;2
805;3;623665125;805;201;1473;1474;10.37;0.63;170.34;3.65;668;3;479.00;1
807;3;623665136;807;208;1493;1500;10.30;0.63;170.34;3.61;686;3;480.00;7
809;3;623665147;809;205;1495;1500;10.23;0.63;170.47;3.60;686;3;481.00;5
809;3;623665155;809;207;1498;1500;10.23;0.63;170.47;3.60;689;3;482.00;2
811;3;623665163;811;211;1501;1501;10.12;0.62;170.54;3.60;690;3;483.00;0
811;3;623665171;811;217;1502;1502;9.94;0.61;170.54;3.59;691;3;484.00;0
812;3;623665179;812;221;1502;1502;9.78;0.60;170.48;3.59;690;3;485.00;0
813;3;623665187;813;229;1504;1505;9.55;0.59;170.52;3.59;691;3;486.00;1
815;3;623665195;815;228;1504;1505;9.37;0.58;170.49;3.59;689;3;487.00;1
817;3;623665202;817;238;1505;1505;9.22;0.57;170.48;3.59;688;3;488.00;0
819;3;623665210;819;237;1505;1505;9.08;0.56;170.34;3.59;686;3;489.00;0
821;3;623665218;821;243;1511;1511;9.03;0.55;170.60;3.58;690;3;490.00;0
823;3;623665227;823;243;1511;1511;8.89;0.55;170.41;3.58;688;3;491.00;0
823;3;623665235;823;238;1511;1511;8.75;0.54;170.41;3.58;688;3;492.00;0
826;3;623665243;826;237;1511;1511;8.57;0.53;170.18;3.58;685;3;493.00;0
827;3;623665250;827;242;1515;1515;8.54;0.52;170.21;3.57;688;3;494.00;0
829;3;623665258;829;244;1517;1517;8.49;0.52;170.20;3.57;688;3;495.00;0
830;3;623665267;830;248;1517;1517;8.45;0.52;170.07;3.57;687;3;496.00;0
833;3;623665274;833;251;1518;1518;8.38;0.52;170.10;3.57;685;3;497.00;0
837;3;623665281;837;250;1518;1518;8.34;0.51;169.78;3.57;681;3;498.00;0
839;3;623665289;839;255;1518;1518;8.33;0.51;169.75;3.57;679;3;499.00;0
840;3;623665297;840;252;1518;1518;8.27;0.51;169.77;3.57;678;3;500.00;0
843;3;623665309;843;255;1518;1518;8.17;0.50;169.81;3.57;675;3;501.00;0
847;3;623665316;847;260;1518;1518;8.04;0.49;169.67;3.57;671;3;502.00;0
848;3;623665323;848;260;1518;1518;7.90;0.49;169.72;3.57;670;3;503.00;0
853;3;623665330;853;265;1557;1588;7.99;0.49;169.70;3.48;704;3;504.00;31
859;3;623665342;859;268;1562;1589;7.82;0.48;169.93;3.47;703;3;505.00;27
860;3;623665351;860;269;1570;1589;7.75;0.48;169.85;3.46;710;3;506.00;19
867;3;623665359;867;266;1572;1589;7.57;0.46;169.66;3.46;705;3;507.00;17
871;3;623665367;871;271;1575;1589;7.39;0.45;170.29;3.46;704;3;508.00;14
873;3;623665375;873;276;1575;1589;7.21;0.44;170.86;3.46;702;3;509.00;14
877;3;623665385;877;269;1576;1589;7.10;0.44;171.21;3.46;699;3;510.00;13
882;3;623665393;882;270;1580;1589;7.03;0.43;171.65;3.47;698;3;511.00;9
884;3;623665400;884;264;1580;1590;7.02;0.43;172.01;3.47;696;3;512.00;10
886;3;623665408;886;259;1582;1591;7.06;0.43;172.24;3.48;696;3;513.00;9
887;3;623665416;887;265;1582;1591;7.09;0.43;172.19;3.48;695;3;514.00;9
890;3;623665424;890;268;1589;1595;7.06;0.43;172.62;3.49;699;3;515.00;6
894;3;623665433;894;267;1592;1595;7.12;0.44;173.14;3.50;698;3;516.00;3
895;3;623665441;895;270;1594;1595;7.22;0.44;173.04;3.51;699;3;517.00;1
898;3;623665449;898;267;1595;1595;7.28;0.45;173.48;3.51;697;3;518.00;0
900;3;623665458;900;268;1601;1601;7.37;0.45;174.00;3.50;701;3;519.00;0
901;3;623665467;901;269;1601;1601;7.45;0.46;173.97;3.50;700;3;520.00;0
903;3;623665475;903;268;1601;1601;7.45;0.46;174.60;3.50;698;3;521.00;0
906;3;623665485;906;270;1603;1604;7.47;0.46;175.09;3.50;697;3;522.00;1
909;3;623665494;909;254;1603;1604;7.47;0.46;175.16;3.50;694;3;523.00;1
912;3;623665509;912;242;1604;1604;7.44;0.46;175.60;3.50;692;3;524.00;0
916;3;623665517;916;237;1605;1605;7.43;0.45;175.79;3.49;689;3;525.00;0
919;3;623665525;919;232;1606;1606;7.46;0.46;176.33;3.49;687;3;526.00;0
925;3;623665533;925;225;1606;1606;7.40;0.45;175.97;3.49;681;3;527.00;0
928;3;623665541;928;225;1618;1619;7.57;0.46;176.15;3.47;690;3;528.00;1
931;3;623665550;931;224;1618;1619;7.57;0.46;176.58;3.47;687;3;529.00;1
934;3;623665568;934;223;1619;1619;7.61;0.47;176.38;3.47;685;3;530.00;0
936;3;623665576;936;225;1620;1620;7.63;0.47;176.60;3.46;684;3;531.00;0
939;3;623665584;939;227;1620;1620;7.64;0.47;176.43;3.46;681;3;532.00;0
941;3;623665593;941;223;1624;1624;7.66;0.47;176.63;3.46;683;3;533.00;0
941;3;623665607;941;229;1624;1624;7.70;0.47;176.63;3.46;683;3;534.00;0
945;3;623665615;945;228;1628;1628;7.74;0.47;176.97;3.45;683;3;535.00;0
949;3;623665623;949;226;1628;1628;7.79;0.47;177.27;3.45;679;3;536.00;0
951;3;623665632;951;226;1628;1628;7.85;0.48;177.28;3.45;677;3;537.00;0
954;3;623665640;954;221;1628;1628;7.77;0.47;177.66;3.45;674;3;538.00;0
957;3;623665649;957;225;1628;1628;7.77;0.47;177.76;3.45;671;3;539.00;0
961;3;623665659;961;225;1658;1662;7.87;0.48;177.73;3.39;697;3;540.00;4
963;3;623665670;963;217;1658;1662;7.87;0.48;177.74;3.39;695;3;541.00;4
965;3;623665679;965;217;1661;1662;8.00;0.49;177.97;3.39;696;3;542.00;1
968;3;623665687;968;217;1661;1662;8.05;0.49;177.91;3.39;693;3;543.00;1
968;3;623665696;968;220;1662;1662;8.14;0.50;177.91;3.39;694;3;544.00;0
972;3;623665704;972;217;1662;1662;8.22;0.50;177.96;3.39;690;3;545.00;0
974;3;623665712;974;218;1663;1663;8.30;0.51;178.21;3.39;689;3;546.00;0
976;3;623665721;976;218;1663;1663;8.34;0.51;178.68;3.39;687;3;547.00;0
981;3;623665729;981;217;1669;1669;8.36;0.51;178.99;3.38;688;3;548.00;0
987;3;623665739;987;216;1670;1670;8.35;0.51;179.13;3.38;683;3;549.00;0
990;3;623665748;990;217;1670;1670;8.35;0.51;179.06;3.38;680;3;550.00;0
994;3;623665757;994;219;1670;1670;8.34;0.51;179.58;3.38;676;3;551.00;0
997;3;623665765;997;224;1674;1674;8.34;0.51;179.77;3.37;677;3;552.00;0
997;3;623665775;997;226;1674;1674;8.34;0.51;179.77;3.37;677;3;553.00;0
1001;3;623665783;1001;228;1674;1674;8.31;0.51;180.12;3.37;673;3;554.00;0
1004;3;623665791;1004;227;1675;1675;8.31;0.51;180.40;3.37;671;3;555.00;0
1005;3;623665800;1005;226;1679;1679;8.34;0.51;180.57;3.36;674;3;556.00;0
1010;3;623665809;1010;216;1679;1679;8.35;0.51;180.92;3.36;669;3;557.00;0
1011;3;623665824;1011;209;1681;1682;8.47;0.52;180.93;3.36;670;3;558.00;1
1014;3;623665834;1014;200;1681;1682;8.55;0.52;181.11;3.36;667;3;559.00;1
1015;3;623665843;1015;196;1682;1682;8.70;0.53;181.13;3.36;667;3;560.00;0
1018;3;623665852;1018;190;1682;1682;8.87;0.54;181.08;3.36;664;3;561.00;0
1021;3;623665862;1021;190;1686;1686;9.04;0.55;181.22;3.35;665;3;562.00;0
1021;3;623665872;1021;185;1686;1686;9.14;0.56;181.22;3.35;665;3;563.00;0
1023;3;623665881;1023;187;1686;1686;9.23;0.56;181.33;3.35;663;3;564.00;0
1027;3;623665891;1027;185;1686;1686;9.30;0.57;181.73;3.35;659;3;565.00;0
1030;3;623665900;1030;168;1687;1687;9.38;0.57;182.03;3.35;657;3;566.00;0
1031;3;623665910;1031;158;1688;1688;9.51;0.58;182.19;3.35;657;3;567.00;0
1033;3;623665920;1033;151;1688;1688;9.60;0.58;182.49;3.35;655;3;568.00;0
1034;3;623665930;1034;146;1689;1689;9.73;0.59;182.43;3.35;655;3;569.00;0
1036;3;623665941;1036;138;1689;1689;9.90;0.60;182.90;3.35;653;3;570.00;0
1038;3;623665951;1038;136;1689;1689;10.07;0.61;183.15;3.35;651;3;571.00;0
1038;3;623665961;1038;133;1689;1689;10.26;0.62;183.15;3.35;651;3;572.00;0
1041;3;623665972;1041;128;1689;1689;10.50;0.64;183.35;3.35;648;3;573.00;0
1043;3;623665981;1043;127;1689;1689;10.75;0.65;183.79;3.35;646;3;574.00;0
1045;3;623665991;1045;119;1689;1689;10.94;0.67;183.95;3.35;644;3;575.00;0
1049;3;623666000;1049;145;1770;1816;10.82;0.67;184.22;3.19;721;3;576.00;46
1052;3;623666020;1052;134;1773;1817;10.94;0.67;184.51;3.19;721;3;577.00;44
1056;3;623666035;1056;128;1781;1817;11.16;0.68;184.36;3.18;725;3;578.00;36
1059;3;623666050;1059;117;1782;1817;11.24;0.69;184.81;3.18;723;3;579.00;35
1062;3;623666067;1062;112;1786;1817;11.33;0.69;185.36;3.19;724;3;580.00;31
1066;3;623666084;1066;109;1787;1817;11.35;0.69;185.57;3.19;721;3;581.00;30
1069;3;623666099;1069;110;1788;1817;11.42;0.70;185.64;3.19;719;3;582.00;29
1071;3;623666115;1071;114;1790;1817;11.48;0.70;185.90;3.19;719;3;583.00;27
1074;3;623666130;1074;118;1791;1818;11.49;0.70;186.30;3.20;717;3;584.00;27
1075;3;623666146;1075;117;1794;1820;11.39;0.70;186.26;3.20;719;3;585.00;26
1081;3;623666158;1081;120;1798;1820;11.27;0.69;187.00;3.22;717;3;586.00;22
1085;3;623666169;1085;123;1800;1821;11.24;0.69;187.99;3.22;715;3;587.00;21
1085;3;623666180;1085;126;1803;1821;11.33;0.69;187.99;3.23;718;3;588.00;18
1090;3;623666191;1090;131;1803;1821;11.36;0.69;188.44;3.23;713;3;589.00;18
1092;3;623666202;1092;131;1808;1821;11.41;0.70;188.65;3.26;716;3;590.00;13
1093;3;623666213;1093;129;1812;1825;11.49;0.70;188.80;3.27;719;3;591.00;13
1095;3;623666226;1095;134;1814;1825;11.55;0.71;189.17;3.29;719;3;592.00;11
1098;3;623666237;1098;133;1818;1825;11.61;0.71;189.16;3.31;720;3;593.00;7
1102;3;623666247;1102;135;1821;1828;11.67;0.71;189.86;3.33;719;3;594.00;7
1104;3;623666259;1104;138;1823;1828;11.74;0.72;190.13;3.33;719;3;595.00;5
1106;3;623666270;1106;139;1825;1828;11.81;0.72;190.23;3.34;719;3;596.00;3
1108;3;623666281;1108;137;1830;1832;11.92;0.73;190.56;3.34;722;3;597.00;2
1110;3;623666293;1110;138;1831;1833;12.00;0.73;190.72;3.34;721;3;598.00;2
1115;3;623666304;1115;136;1833;1833;12.06;0.73;191.09;3.35;718;3;599.00;0
1116;3;623666319;1116;148;1844;1859;12.01;0.73;191.18;3.33;728;3;600.00;15
1119;3;623666339;1119;140;1844;1859;12.11;0.73;191.59;3.33;725;3;601.00;15
1121;3;623666350;1121;140;1844;1859;12.16;0.74;191.52;3.33;723;3;602.00;15
1123;3;623666362;1123;143;1846;1860;12.22;0.74;191.53;3.33;723;3;603.00;14
1127;3;623666373;1127;143;1847;1860;12.18;0.74;191.61;3.33;720;3;604.00;13
1128;3;623666383;1128;142;1851;1866;12.13;0.74;191.79;3.32;723;3;605.00;15
1128;3;623666395;1128;142;1853;1866;12.11;0.73;191.79;3.32;725;3;606.00;13
1132;3;623666412;1132;143;1853;1867;12.05;0.73;192.35;3.32;721;3;607.00;14
1135;3;623666423;1135;143;1854;1867;12.00;0.73;192.48;3.33;719;3;608.00;13
1138;3;623666445;1138;144;1855;1867;11.94;0.73;192.42;3.33;717;3;609.00;12
1144;3;623666455;1144;136;1855;1867;11.97;0.73;192.85;3.33;711;3;610.00;12
1148;3;623666467;1148;132;1855;1867;11.94;0.73;193.04;3.33;707;3;611.00;12
1150;3;623666478;1150;124;1864;1879;11.89;0.72;193.00;3.32;714;3;612.00;15
1150;4;623666493;1150;122;1864;1879;11.88;0.72;193.00;3.32;714;4;613.00;15
1153;4;623666528;1153;119;1867;1879;11.87;0.72;193.21;3.32;714;4;614.00;12
1154;4;623666539;1154;119;1869;1879;11.78;0.72;193.10;3.33;715;4;615.00;10
1160;4;623666549;1160;118;1869;1879;11.77;0.71;193.08;3.33;709;4;616.00;10
1162;4;623666559;1162;119;1869;1879;11.82;0.72;193.28;3.33;707;4;617.00;10
1163;4;623666569;1163;119;1873;1883;11.90;0.72;193.20;3.34;710;4;618.00;10
1167;4;623666579;1167;114;1873;1883;11.85;0.72;193.07;3.34;706;4;619.00;10
1171;4;623666589;1171;109;1877;1887;11.99;0.73;192.93;3.34;706;4;620.00;10
1175;4;623666600;1175;107;1878;1888;12.01;0.73;193.20;3.34;703;4;621.00;10
1177;4;623666610;1177;107;1879;1888;11.97;0.72;193.18;3.34;702;4;622.00;9
1181;4;623666619;1181;109;1879;1888;11.85;0.72;193.42;3.34;698;4;623.00;9
1184;4;623666629;1184;111;1888;1901;11.73;0.71;193.25;3.34;704;4;624.00;13
1187;4;623666640;1187;112;1888;1901;11.67;0.71;193.24;3.34;701;4;625.00;13
1190;4;623666650;1190;119;1888;1901;11.61;0.70;193.15;3.34;698;4;626.00;13
1193;4;623666660;1193;125;1890;1902;11.59;0.70;193.45;3.35;697;4;627.00;12
1196;4;623666669;1196;129;1890;1903;11.55;0.70;193.37;3.35;694;4;628.00;13
1198;4;623666678;1198;132;1892;1903;11.55;0.70;193.48;3.37;694;4;629.00;11
1201;4;623666695;1201;131;1896;1909;11.62;0.70;194.13;3.36;695;4;630.00;13
1202;4;623666705;1202;130;1898;1909;11.67;0.71;193.99;3.36;696;4;631.00;11
1206;4;623666715;1206;133;1899;1909;11.69;0.71;194.34;3.36;693;4;632.00;10
1209;4;623666725;1209;137;1900;1909;11.72;0.71;194.23;3.38;691;4;633.00;9
1210;4;623666735;1210;140;1905;1915;11.71;0.71;194.31;3.37;695;4;634.00;10
1212;4;623666745;1212;139;1905;1915;11.73;0.71;194.24;3.37;693;4;635.00;10
1216;4;623666755;1216;143;1905;1915;11.68;0.71;194.72;3.37;689;4;636.00;10
1220;4;623666765;1220;147;1905;1915;11.64;0.71;195.14;3.37;685;4;637.00;10
1223;4;623666774;1223;156;1908;1919;11.55;0.70;195.45;3.37;685;4;638.00;11
1226;4;623666784;1226;164;1911;1920;11.45;0.69;195.54;3.39;685;4;639.00;9
1229;4;623666793;1229;169;1912;1920;11.30;0.69;195.67;3.41;683;4;640.00;8
1232;4;623666803;1232;177;1915;1921;11.23;0.68;195.63;3.42;683;4;641.00;6
1234;4;623666812;1234;184;1915;1921;11.12;0.68;195.86;3.42;681;4;642.00;6
1240;4;623666821;1240;189;1916;1921;10.97;0.67;195.81;3.43;676;4;643.00;5
1242;4;623666830;1242;194;1916;1921;10.81;0.66;196.10;3.43;674;4;644.00;5
1243;4;623666839;1243;196;1918;1921;10.70;0.65;196.03;3.45;675;4;645.00;3
1244;4;623666848;1244;204;1918;1921;10.62;0.65;196.22;3.45;674;4;646.00;3
1245;4;623666856;1245;210;1920;1921;10.52;0.64;196.14;3.47;675;4;647.00;1
1248;4;623666865;1248;218;1957;1991;10.43;0.64;196.18;3.40;709;4;648.00;34
1249;4;623666879;1249;221;1959;1992;10.26;0.63;196.12;3.41;710;4;649.00;33
1251;4;623666888;1251;225;1966;1992;10.13;0.62;195.96;3.40;715;4;650.00;26
1251;4;623666896;1251;228;1971;1992;9.90;0.61;195.96;3.40;720;4;651.00;21
1256;4;623666905;1256;228;1974;1992;9.74;0.60;195.84;3.40;718;4;652.00;18
1256;4;623666913;1256;231;1979;1992;9.64;0.59;195.84;3.41;723;4;653.00;13
1258;4;623666921;1258;236;1982;1992;9.56;0.59;195.98;3.41;724;4;654.00;10
1261;4;623666930;1261;244;1985;1992;9.38;0.58;195.73;3.42;724;4;655.00;7
1264;4;623666939;1264;248;1987;1993;9.20;0.57;195.37;3.42;723;4;656.00;6
1269;4;623666953;1269;254;1990;1994;9.03;0.56;195.17;3.43;721;4;657.00;4
1272;4;623666962;1272;255;1992;1994;8.87;0.54;195.33;3.43;720;4;658.00;2
1274;4;623666971;1274;259;1997;1998;8.64;0.53;195.05;3.43;723;4;659.00;1
1277;4;623666981;1277;266;1998;1998;8.48;0.52;195.17;3.43;721;4;660.00;0
1278;4;623666990;1278;272;1998;1998;8.38;0.51;195.08;3.43;720;4;661.00;0
1280;4;623666998;1280;272;1998;1998;8.27;0.51;195.15;3.43;718;4;662.00;0
1281;4;623667006;1281;276;2004;2004;8.26;0.51;195.17;3.42;723;4;663.00;0
1284;4;623667015;1284;282;2004;2004;8.22;0.50;195.04;3.42;720;4;664.00;0
1285;4;623667024;1285;283;2004;2004;8.18;0.50;194.96;3.42;719;4;665.00;0
1288;4;623667033;1288;290;2006;2007;8.11;0.50;194.77;3.42;718;4;666.00;1
1289;4;623667043;1289;292;2006;2007;8.01;0.49;194.80;3.42;717;4;667.00;1
1289;4;623667052;1289;294;2007;2007;7.94;0.48;194.80;3.42;718;4;668.00;0
1291;4;623667066;1291;301;2008;2008;7.76;0.47;194.70;3.42;717;4;669.00;0
1292;4;623667074;1292;304;2009;2009;7.63;0.47;194.57;3.42;717;4;670.00;0
1297;4;623667083;1297;308;2009;2009;7.49;0.46;194.37;3.42;712;4;671.00;0
1299;4;623667091;1299;316;2021;2022;7.33;0.45;194.43;3.40;722;4;672.00;1
1300;4;623667100;1300;317;2021;2022;7.28;0.45;194.43;3.40;721;4;673.00;1
1304;4;623667107;1304;321;2022;2022;7.15;0.44;194.72;3.40;718;4;674.00;0
1306;4;623667114;1306;302;2024;2024;7.09;0.43;194.76;3.39;718;4;675.00;0
1308;4;623667122;1308;295;2024;2024;7.04;0.43;194.84;3.39;716;4;676.00;0
1311;4;623667129;1311;297;2028;2028;7.01;0.43;195.17;3.39;717;4;677.00;0
1313;4;623667137;1313;285;2028;2028;6.99;0.43;195.43;3.39;715;4;678.00;0
1316;4;623667144;1316;284;2032;2032;6.95;0.43;195.72;3.38;716;4;679.00;0
1317;4;623667152;1317;271;2032;2032;6.97;0.43;195.61;3.38;715;4;680.00;0
1323;4;623667160;1323;259;2032;2032;6.94;0.43;195.78;3.38;709;4;681.00;0
1328;4;623667174;1328;249;2032;2032;6.91;0.42;195.96;3.38;704;4;682.00;0
1330;4;623667181;1330;241;2032;2032;6.95;0.43;196.04;3.38;702;4;683.00;0
1333;4;623667189;1333;238;2043;2044;7.09;0.43;196.29;3.37;710;4;684.00;1
1335;4;623667197;1335;240;2044;2044;7.18;0.44;196.42;3.36;709;4;685.00;0
1340;4;623667205;1340;236;2044;2044;7.17;0.44;196.68;3.36;704;4;686.00;0
1341;4;623667213;1341;232;2044;2044;7.32;0.45;196.62;3.36;703;4;687.00;0
1344;4;623667221;1344;220;2044;2044;7.44;0.46;196.82;3.36;700;4;688.00;0
1346;4;623667229;1346;218;2044;2044;7.57;0.46;196.92;3.36;698;4;689.00;0
1349;4;623667246;1349;209;2045;2045;7.70;0.47;197.15;3.36;696;4;690.00;0
1353;4;623667255;1353;193;2045;2045;7.77;0.47;197.26;3.36;692;4;691.00;0
1355;4;623667265;1355;193;2051;2051;7.89;0.48;197.36;3.36;696;4;692.00;0
1358;4;623667274;1358;192;2052;2052;7.93;0.48;197.75;3.35;694;4;693.00;0
1359;4;623667284;1359;191;2052;2052;7.99;0.49;197.88;3.35;693;4;694.00;0
1362;4;623667293;1362;188;2052;2052;8.08;0.49;198.03;3.35;690;4;695.00;0
1364;4;623667303;1364;190;2056;2056;8.20;0.50;198.13;3.35;692;4;696.00;0
1370;4;623667313;1370;186;2056;2056;8.18;0.50;198.08;3.35;686;4;697.00;0
1373;4;623667327;1373;192;2056;2056;8.22;0.50;198.21;3.35;683;4;698.00;0
1375;4;623667335;1375;188;2057;2057;8.27;0.51;198.15;3.35;682;4;699.00;0
1379;4;623667345;1379;185;2061;2061;8.28;0.51;198.73;3.34;682;4;700.00;0
1382;4;623667357;1382;183;2061;2061;8.32;0.51;198.97;3.34;679;4;701.00;0
1386;4;623667365;1386;184;2063;2064;8.31;0.51;198.93;3.34;677;4;702.00;1
1390;4;623667374;1390;182;2063;2064;8.27;0.51;199.16;3.34;673;4;703.00;1
1397;4;623667382;1397;176;2064;2064;8.24;0.50;199.02;3.34;667;4;704.00;0
1402;4;623667391;1402;176;2064;2064;8.23;0.50;198.99;3.34;662;4;705.00;0
1405;4;623667400;1405;180;2068;2068;8.30;0.50;198.96;3.33;663;4;706.00;0
1408;4;623667408;1408;181;2068;2068;8.31;0.51;199.06;3.33;660;4;707.00;0
1411;4;623667417;1411;181;2068;2068;8.36;0.51;199.12;3.33;657;4;708.00;0
1414;4;623667425;1414;178;2068;2068;8.40;0.51;198.99;3.33;654;4;709.00;0
1418;4;623667434;1418;179;2069;2069;8.38;0.51;199.17;3.33;651;4;710.00;0
1421;4;623667442;1421;180;2070;2070;8.42;0.51;199.48;3.33;649;4;711.00;0
1423;4;623667450;1423;181;2070;2070;8.52;0.52;199.52;3.33;647;4;712.00;0
1425;4;623667458;1425;180;2071;2071;8.60;0.52;199.80;3.33;646;4;713.00;0
1427;4;623667467;1427;177;2071;2071;8.68;0.53;199.62;3.33;644;4;714.00;0
1433;4;623667476;1433;177;2071;2071;8.70;0.53;200.41;3.33;638;4;715.00;0
1435;4;623667484;1435;178;2071;2071;8.75;0.53;200.46;3.33;636;4;716.00;0
1441;4;623667493;1441;177;2071;2071;8.76;0.53;200.78;3.33;630;4;717.00;0
1446;4;623667503;1446;179;2071;2071;8.68;0.53;201.23;3.33;625;4;718.00;0
1449;4;623667513;1449;181;2071;2071;8.62;0.52;201.49;3.33;622;4;719.00;0
1454;4;623667523;1454;227;2192;2301;8.80;0.55;201.64;3.15;738;4;720.00;109
1455;4;623667550;1455;219;2202;2302;8.80;0.55;201.72;3.14;747;4;721.00;100
1459;4;623667559;1459;202;2215;2302;8.84;0.55;201.92;3.13;756;4;722.00;87
1462;4;623667569;1462;199;2224;2302;8.84;0.55;202.07;3.13;762;4;723.00;78
1465;4;623667578;1465;195;2234;2302;8.86;0.55;202.19;3.13;769;4;724.00;68
1469;4;623667593;1469;193;2237;2302;8.86;0.55;202.42;3.14;768;4;725.00;65
1471;4;623667604;1471;195;2244;2302;8.84;0.55;202.56;3.15;773;4;726.00;58
1474;4;623667613;1474;190;2251;2302;8.87;0.55;202.74;3.16;777;4;727.00;51
1479;4;623667623;1479;181;2255;2303;8.84;0.55;203.00;3.17;776;4;728.00;48
1479;4;623667634;1479;178;2261;2304;8.84;0.55;203.00;3.18;782;4;729.00;43
1485;4;623667644;1485;179;2267;2304;8.79;0.54;203.14;3.20;782;4;730.00;37
1488;4;623667654;1488;187;2271;2305;8.70;0.54;203.26;3.21;783;4;731.00;34
1491;5;623667665;1491;187;2276;2305;8.60;0.53;203.22;3.23;785;5;732.00;29
1493;5;623667682;1493;188;2277;2305;8.57;0.53;203.40;3.23;784;5;733.00;28
1493;5;623667693;1493;202;2279;2305;8.58;0.53;203.40;3.24;786;5;734.00;26
1497;5;623667703;1497;209;2283;2309;8.54;0.53;203.44;3.25;786;5;735.00;26
1502;5;623667719;1502;195;2284;2309;8.56;0.53;203.58;3.25;782;5;736.00;25
1503;5;623667730;1503;194;2285;2309;8.66;0.53;203.46;3.25;782;5;737.00;24
1507;5;623667744;1507;191;2287;2312;8.71;0.53;203.65;3.26;780;5;738.00;25
1508;5;623667756;1508;189;2288;2312;8.80;0.54;203.85;3.26;780;5;739.00;24
1512;5;623667767;1512;186;2288;2312;8.91;0.55;203.94;3.26;776;5;740.00;24
1514;5;623667778;1514;190;2294;2316;9.00;0.55;204.16;3.27;780;5;741.00;22
1517;5;623667790;1517;188;2295;2317;9.16;0.56;203.90;3.27;778;5;742.00;22
1519;5;623667801;1519;179;2295;2317;9.30;0.57;204.32;3.27;776;5;743.00;22
1521;5;623667813;1521;173;2299;2321;9.46;0.58;204.25;3.26;778;5;744.00;22
1523;5;623667824;1523;174;2301;2321;9.58;0.59;204.50;3.28;778;5;745.00;20
1527;5;623667835;1527;176;2301;2321;9.75;0.60;204.82;3.28;774;5;746.00;20
1527;5;623667847;1527;176;2301;2322;9.87;0.60;204.82;3.28;774;5;747.00;21
1530;5;623667858;1530;175;2303;2322;10.03;0.61;205.00;3.30;773;5;748.00;19
1535;5;623667869;1535;170;2308;2328;10.19;0.62;204.92;3.29;773;5;749.00;20
1538;5;623667888;1538;168;2309;2328;10.38;0.63;205.22;3.30;771;5;750.00;19
1542;5;623667899;1542;167;2312;2329;10.55;0.64;205.68;3.33;770;5;751.00;17
1544;5;623667910;1544;164;2312;2329;10.69;0.65;205.74;3.33;768;5;752.00;17
1548;5;623667921;1548;161;2314;2329;10.76;0.66;206.16;3.35;766;5;753.00;15
1551;5;623667932;1551;161;2314;2329;10.87;0.66;206.45;3.35;763;5;754.00;15
1552;5;623667943;1552;161;2315;2329;10.93;0.66;206.43;3.36;763;5;755.00;14
1554;5;623667954;1554;160;2324;2341;10.97;0.67;206.73;3.36;770;5;756.00;17
1556;5;623667972;1556;163;2325;2341;11.06;0.67;206.89;3.36;769;5;757.00;16
1560;5;623667983;1560;162;2328;2341;11.16;0.68;207.31;3.36;768;5;758.00;13
1561;5;623667994;1561;160;2328;2341;11.27;0.69;207.30;3.36;767;5;759.00;13
1564;5;623668004;1564;157;2329;2341;11.29;0.69;207.52;3.36;765;5;760.00;12
1568;5;623668015;1568;158;2330;2341;11.29;0.69;207.58;3.38;762;5;761.00;11
1570;5;623668026;1570;163;2333;2345;11.23;0.69;207.74;3.37;763;5;762.00;12
1572;5;623668042;1572;159;2333;2345;11.29;0.69;207.90;3.37;761;5;763.00;12
1577;5;623668058;1577;161;2337;2349;11.31;0.69;208.12;3.37;760;5;764.00;12
1579;5;623668075;1579;164;2339;2351;11.29;0.69;208.13;3.37;760;5;765.00;12
1582;5;623668094;1582;160;2339;2351;11.32;0.69;208.40;3.37;757;5;766.00;12
1587;5;623668110;1587;159;2339;2351;11.38;0.70;208.58;3.37;752;5;767.00;12
1589;5;623668125;1589;159;2348;2364;11.47;0.70;208.69;3.35;759;5;768.00;16
1595;5;623668143;1595;157;2348;2364;11.47;0.70;208.82;3.35;753;5;769.00;16
1599;5;623668155;1599;157;2348;2364;11.55;0.70;208.83;3.35;749;5;770.00;16
1606;5;623668167;1606;157;2349;2365;11.60;0.71;209.03;3.35;743;5;771.00;16
1611;5;623668178;1611;157;2349;2366;11.67;0.71;209.14;3.35;738;5;772.00;17
1613;5;623668189;1613;155;2349;2366;11.78;0.72;209.26;3.35;736;5;773.00;17
1615;5;623668200;1615;152;2351;2369;11.78;0.72;209.40;3.35;736;5;774.00;18
1622;5;623668211;1622;151;2351;2369;11.77;0.72;209.88;3.35;729;5;775.00;18
1626;5;623668223;1626;157;2353;2369;11.76;0.72;210.05;3.37;727;5;776.00;16
1628;5;623668234;1628;158;2353;2369;11.71;0.71;210.38;3.37;725;5;777.00;16
1631;5;623668245;1631;159;2358;2375;11.64;0.71;210.68;3.37;727;5;778.00;17
1635;5;623668257;1635;165;2358;2375;11.59;0.70;210.94;3.37;723;5;779.00;17
1639;5;623668270;1639;165;2358;2375;11.47;0.70;210.98;3.37;719;5;780.00;17
1643;5;623668281;1643;163;2358;2375;11.40;0.69;211.09;3.37;715;5;781.00;17
1646;5;623668291;1646;156;2361;2379;11.34;0.69;211.10;3.36;715;5;782.00;18
1647;5;623668302;1647;155;2362;2380;11.35;0.69;211.12;3.36;715;5;783.00;18
1650;5;623668311;1650;149;2362;2380;11.31;0.69;211.10;3.36;712;5;784.00;18
1653;5;623668324;1653;152;2365;2381;11.24;0.68;211.03;3.38;712;5;785.00;16
1655;5;623668341;1655;150;2365;2381;11.23;0.68;211.02;3.38;710;5;786.00;16
1658;5;623668353;1658;149;2365;2381;11.20;0.68;211.10;3.38;707;5;787.00;16
1661;5;623668363;1661;147;2365;2381;11.23;0.68;211.23;3.38;704;5;788.00;16
1664;5;623668373;1664;146;2365;2381;11.18;0.68;211.17;3.38;701;5;789.00;16
1666;5;623668383;1666;150;2365;2381;11.22;0.68;211.12;3.38;699;5;790.00;16
1670;5;623668394;1670;149;2365;2381;11.24;0.68;211.23;3.38;695;5;791.00;16
1674;5;623668407;1674;153;2399;2451;11.20;0.68;211.46;3.33;725;5;792.00;52
1677;5;623668434;1677;152;2399;2452;11.18;0.68;211.58;3.33;722;5;793.00;53
1678;5;623668450;1678;153;2406;2452;11.21;0.68;211.49;3.33;728;5;794.00;46
1681;5;623668468;1681;156;2409;2452;11.18;0.68;211.54;3.33;728;5;795.00;43
1685;5;623668484;1685;159;2411;2452;11.13;0.68;211.63;3.33;726;5;796.00;41
1687;5;623668496;1687;161;2416;2452;11.08;0.67;211.50;3.36;729;5;797.00;36
1688;5;623668507;1688;161;2419;2452;11.03;0.67;211.64;3.37;731;5;798.00;33
1688;5;623668518;1688;161;2422;2452;10.99;0.67;211.64;3.37;734;5;799.00;30
1691;5;623668528;1691;167;2428;2453;10.90;0.66;211.78;3.41;737;5;800.00;25
1696;5;623668545;1696;168;2429;2454;10.81;0.66;211.45;3.41;733;5;801.00;25
1700;5;623668557;1700;175;2431;2454;10.75;0.65;211.31;3.45;731;5;802.00;23
1701;5;623668567;1701;179;2436;2458;10.67;0.65;211.24;3.45;735;5;803.00;22
1704;5;623668578;1704;183;2439;2458;10.60;0.65;211.10;3.49;735;5;804.00;19
1705;5;623668588;1705;187;2439;2458;10.58;0.65;211.02;3.49;734;5;805.00;19
1708;5;623668599;1708;192;2440;2458;10.50;0.64;210.80;3.52;732;5;806.00;18
1713;5;623668610;1713;193;2445;2464;10.50;0.64;210.49;3.51;732;5;807.00;19
1714;5;623668620;1714;198;2446;2464;10.41;0.63;210.50;3.55;732;5;808.00;18
1715;5;623668631;1715;202;2446;2464;10.28;0.63;210.40;3.55;731;5;809.00;18
1715;5;623668644;1715;209;2453;2470;10.20;0.62;210.40;3.61;738;5;810.00;17
1717;5;623668653;1717;215;2454;2470;10.06;0.61;210.44;3.64;737;5;811.00;16
1719;5;623668664;1719;220;2457;2470;9.95;0.61;210.35;3.68;738;5;812.00;13
1720;5;623668678;1720;228;2460;2471;9.74;0.59;210.38;3.72;740;5;813.00;11
1722;5;623668689;1722;233;2461;2472;9.59;0.58;210.26;3.72;739;5;814.00;11
1724;5;623668699;1724;241;2462;2472;9.42;0.57;210.05;3.73;738;5;815.00;10
1728;5;623668708;1728;255;2473;2485;9.22;0.56;210.11;3.74;745;5;816.00;12
1728;5;623668719;1728;263;2474;2485;9.06;0.55;210.11;3.75;746;5;817.00;11
1729;5;623668729;1729;273;2476;2485;8.89;0.54;210.01;3.77;747;5;818.00;9
1732;5;623668738;1732;279;2477;2486;8.81;0.54;210.04;3.77;745;5;819.00;9
1736;5;623668747;1736;284;2480;2486;8.71;0.53;209.82;3.79;744;5;820.00;6
1737;5;623668755;1737;288;2485;2490;8.72;0.53;209.84;3.79;748;5;821.00;5
1737;5;623668765;1737;294;2486;2490;8.69;0.53;209.84;3.79;749;5;822.00;4
1741;5;623668774;1741;300;2491;2494;8.62;0.53;209.63;3.80;750;5;823.00;3
1741;5;623668786;1741;304;2491;2494;8.54;0.52;209.63;3.80;750;5;824.00;3
1744;5;623668798;1744;310;2492;2494;8.40;0.52;209.50;3.80;748;5;825.00;2
1745;5;623668810;1745;314;2493;2494;8.28;0.51;209.48;3.81;748;5;826.00;1
1747;5;623668821;1747;305;2493;2494;8.20;0.50;209.32;3.81;746;5;827.00;1
1748;5;623668832;1748;299;2505;2506;8.11;0.50;209.28;3.79;757;5;828.00;1
1751;5;623668845;1751;295;2505;2506;8.03;0.49;209.21;3.79;754;5;829.00;1
1751;5;623668857;1751;295;2506;2506;8.01;0.49;209.21;3.79;755;5;830.00;0
1753;5;623668869;1753;290;2506;2506;8.04;0.50;209.18;3.79;753;5;831.00;0
1755;5;623668879;1755;283;2506;2506;8.04;0.49;209.18;3.79;751;5;832.00;0
1757;5;623668890;1757;283;2506;2506;8.07;0.50;209.09;3.79;749;5;833.00;0
1758;5;623668907;1758;276;2507;2507;8.08;0.50;209.10;3.79;749;5;834.00;0
1759;5;623668921;1759;272;2507;2507;8.10;0.50;209.06;3.79;748;5;835.00;0
1759;5;623668930;1759;271;2513;2513;8.18;0.50;209.06;3.78;754;5;836.00;0
1761;5;623668947;1761;271;2514;2514;8.19;0.50;208.99;3.78;753;5;837.00;0
1762;5;623668957;1762;266;2514;2514;8.21;0.50;208.94;3.78;752;5;838.00;0
1763;5;623668967;1763;265;2514;2514;8.19;0.50;208.90;3.78;751;5;839.00;0
1767;5;623668977;1767;266;2519;2519;8.17;0.50;208.85;3.77;752;5;840.00;0
1768;5;623668987;1768;264;2519;2519;8.10;0.50;208.80;3.77;751;5;841.00;0
1772;5;623668997;1772;268;2519;2519;8.03;0.49;208.94;3.77;747;5;842.00;0
1774;5;623669006;1774;269;2520;2520;7.99;0.49;208.89;3.77;746;5;843.00;0
1777;5;623669015;1777;268;2524;2524;7.96;0.49;208.83;3.77;747;5;844.00;0
1780;5;623669027;1780;267;2524;2524;7.93;0.49;208.93;3.77;744;5;845.00;0
1782;5;623669039;1782;270;2526;2527;7.89;0.48;209.00;3.76;744;5;846.00;1
1784;5;623669051;1784;267;2527;2527;7.81;0.48;209.09;3.76;743;5;847.00;0
1790;5;623669060;1790;266;2527;2527;7.67;0.47;209.02;3.76;737;5;848.00;0
1795;5;623669070;1795;268;2527;2527;7.52;0.46;208.99;3.76;732;5;849.00;0
1800;5;623669078;1800;264;2531;2531;7.60;0.47;209.04;3.76;731;5;850.00;0
1804;5;623669088;1804;260;2531;2531;7.59;0.46;209.03;3.76;727;5;851.00;0
1807;5;623669096;1807;263;2531;2531;7.63;0.47;209.32;3.76;724;5;852.00;0
1809;5;623669104;1809;256;2531;2531;7.73;0.47;209.42;3.76;722;5;853.00;0
1810;5;623669112;1810;250;2532;2532;7.75;0.47;209.38;3.76;722;5;854.00;0
1815;5;623669120;1815;248;2534;2534;7.80;0.48;209.95;3.75;719;5;855.00;0
1818;5;623669128;1818;249;2534;2534;7.88;0.48;210.20;3.75;716;5;856.00;0
1822;5;623669137;1822;244;2535;2535;8.02;0.49;210.33;3.75;713;5;857.00;0
1826;5;623669146;1826;241;2535;2535;8.14;0.50;210.44;3.75;709;5;858.00;0
1830;5;623669155;1830;229;2535;2535;8.16;0.50;210.74;3.75;705;5;859.00;0
1832;5;623669163;1832;225;2535;2535;8.23;0.50;210.88;3.75;703;5;860.00;0
1835;5;623669171;1835;213;2535;2535;8.19;0.50;211.02;3.75;700;5;861.00;0
1838;5;623669179;1838;215;2535;2535;8.18;0.50;211.13;3.75;697;5;862.00;0
1842;5;623669188;1842;209;2535;2535;8.09;0.49;211.20;3.75;693;5;863.00;0
1844;5;623669196;1844;216;2613;2662;8.38;0.52;211.34;3.64;769;5;864.00;49
1851;5;623669214;1851;212;2618;2663;8.27;0.51;211.45;3.64;767;5;865.00;45
1857;5;623669223;1857;210;2624;2663;8.21;0.51;211.64;3.63;767;5;866.00;39
1862;5;623669233;1862;209;2629;2663;8.13;0.50;211.48;3.63;767;5;867.00;34
1865;5;623669241;1865;211;2634;2663;8.15;0.50;211.47;3.63;769;5;868.00;29
1867;5;623669250;1867;211;2636;2663;8.15;0.50;211.57;3.63;769;5;869.00;27
1872;5;623669261;1872;218;2639;2663;8.09;0.50;211.72;3.64;767;5;870.00;24
1873;5;623669270;1873;219;2642;2663;8.11;0.50;211.69;3.64;769;5;871.00;21
1876;5;623669279;1876;217;2643;2664;8.06;0.50;211.77;3.64;767;5;872.00;21
1878;5;623669289;1878;224;2647;2665;7.97;0.49;211.95;3.65;769;5;873.00;18
1882;5;623669299;1882;233;2649;2665;7.99;0.49;212.30;3.65;767;5;874.00;16
1886;5;623669308;1886;238;2651;2666;7.97;0.49;212.32;3.66;765;5;875.00;15
1890;5;623669318;1890;248;2655;2666;7.95;0.49;212.28;3.67;765;5;876.00;11
1894;5;623669327;1894;245;2657;2666;8.01;0.49;212.34;3.68;763;5;877.00;9
1898;5;623669336;1898;242;2659;2666;8.04;0.50;212.34;3.68;761;5;878.00;7
1900;5;623669348;1900;243;2663;2670;8.10;0.50;212.39;3.68;763;5;879.00;7
1904;5;623669358;1904;246;2663;2670;8.13;0.50;212.57;3.68;759;5;880.00;7
1908;5;623669368;1908;243;2665;2670;8.18;0.50;212.48;3.69;757;5;881.00;5
1912;5;623669379;1912;242;2668;2673;8.26;0.51;212.63;3.69;756;5;882.00;5
1918;5;623669390;1918;240;2668;2673;8.25;0.51;212.59;3.69;750;5;883.00;5
1922;5;623669401;1922;232;2669;2673;8.27;0.51;212.68;3.70;747;5;884.00;4
1925;5;623669411;1925;237;2673;2677;8.37;0.51;212.68;3.69;748;5;885.00;4
1929;5;623669420;1929;240;2674;2678;8.40;0.51;212.68;3.69;745;5;886.00;4
1934;5;623669430;1934;240;2675;2678;8.39;0.51;212.84;3.70;741;5;887.00;3
1938;5;623669441;1938;245;2681;2682;8.39;0.51;212.89;3.71;743;5;888.00;1
1942;5;623669453;1942;248;2682;2682;8.40;0.51;212.83;3.71;740;5;889.00;0
1946;5;623669462;1946;245;2682;2682;8.37;0.51;212.92;3.71;736;5;890.00;0
1947;5;623669474;1947;243;2683;2683;8.39;0.51;212.82;3.70;736;5;891.00;0
1952;5;623669484;1952;245;2683;2683;8.42;0.51;212.99;3.70;731;5;892.00;0
1954;5;623669494;1954;245;2689;2689;8.43;0.51;213.12;3.70;735;5;893.00;0
1956;5;623669505;1956;244;2689;2689;8.39;0.51;213.36;3.70;733;5;894.00;0
1957;5;623669515;1957;241;2690;2690;8.39;0.51;213.41;3.70;733;5;895.00;0
1958;5;623669526;1958;243;2690;2690;8.43;0.51;213.54;3.70;732;5;896.00;0
1964;5;623669537;1964;230;2690;2690;8.52;0.52;213.80;3.70;726;5;897.00;0
1968;5;623669547;1968;223;2690;2690;8.60;0.52;213.99;3.70;722;5;898.00;0
1970;5;623669558;1970;220;2690;2690;8.67;0.53;214.24;3.70;720;5;899.00;0
1972;5;623669571;1972;218;2721;2736;8.72;0.53;214.34;3.66;749;5;900.00;15
1974;5;623669592;1974;213;2721;2736;8.73;0.54;214.38;3.66;747;5;901.00;15
1978;5;623669603;1978;208;2725;2736;8.81;0.54;214.51;3.65;747;5;902.00;11
1979;5;623669614;1979;200;2725;2736;8.91;0.55;214.55;3.65;746;5;903.00;11
1982;5;623669633;1982;198;2727;2736;8.98;0.55;214.59;3.65;745;5;904.00;9
1982;5;623669644;1982;195;2727;2736;9.06;0.56;214.59;3.65;745;5;905.00;9
1984;5;623669660;1984;180;2732;2740;9.11;0.56;214.71;3.65;748;5;906.00;8
1986;5;623669672;1986;170;2733;2740;9.20;0.57;214.69;3.65;747;5;907.00;7
1991;5;623669683;1991;155;2737;2744;9.26;0.57;214.98;3.65;746;5;908.00;7
1993;5;623669695;1993;151;2738;2745;9.35;0.57;215.09;3.65;745;5;909.00;7
1997;5;623669707;1997;141;2738;2745;9.47;0.58;215.11;3.65;741;5;910.00;7
1999;5;623669719;1999;135;2738;2745;9.54;0.58;215.26;3.65;739;5;911.00;7
2002;5;623669730;2002;134;2751;2758;9.63;0.59;215.20;3.64;749;5;912.00;7
2006;5;623669745;2006;134;2752;2758;9.76;0.60;215.37;3.64;746;5;913.00;6
2006;5;623669757;2006;125;2752;2758;9.88;0.60;215.37;3.64;746;5;914.00;6
2011;5;623669770;2011;125;2753;2759;9.95;0.61;215.70;3.64;742;5;915.00;6
2013;5;623669786;2013;121;2754;2760;9.99;0.61;215.82;3.64;741;5;916.00;6
2013;5;623669798;2013;124;2755;2760;9.99;0.61;215.82;3.64;742;5;917.00;5
2017;5;623669810;2017;123;2758;2763;9.97;0.61;216.04;3.64;741;5;918.00;5
2022;5;623669822;2022;119;2758;2763;10.00;0.61;216.07;3.64;736;5;919.00;5
2023;5;623669834;2023;121;2759;2763;10.10;0.61;216.24;3.64;736;5;920.00;4
2025;5;623669845;2025;124;2759;2763;10.13;0.62;216.24;3.64;734;5;921.00;4
2026;5;623669857;2026;123;2764;2769;10.20;0.62;216.33;3.65;738;5;922.00;5
2028;5;623669868;2028;123;2764;2769;10.27;0.62;216.54;3.65;736;5;923.00;5
2031;5;623669879;2031;126;2766;2769;10.27;0.62;216.51;3.66;735;5;924.00;3
2033;5;623669890;2033;125;2768;2769;10.28;0.62;216.60;3.66;735;5;925.00;1
2035;5;623669900;2035;126;2772;2773;10.29;0.62;216.63;3.66;737;5;926.00;1
2038;5;623669912;2038;134;2773;2774;10.37;0.63;216.65;3.66;735;5;927.00;1
2043;5;623669924;2043;133;2773;2774;10.37;0.63;216.61;3.66;730;5;928.00;1
2043;5;623669937;2043;142;2774;2775;10.48;0.64;216.61;3.66;731;5;929.00;1
2046;5;623669956;2046;146;2774;2775;10.51;0.64;216.60;3.66;728;5;930.00;1
2047;5;623669967;2047;147;2774;2775;10.60;0.64;216.68;3.66;727;5;931.00;1
2050;5;623669979;2050;147;2774;2775;10.66;0.65;216.67;3.66;724;5;932.00;1
2054;5;623669990;2054;150;2774;2775;10.66;0.65;216.86;3.66;720;5;933.00;1
2056;5;623670003;2056;155;2774;2775;10.73;0.65;216.88;3.66;718;5;934.00;1
2060;5;623670016;2060;156;2774;2775;10.78;0.65;217.14;3.66;714;5;935.00;1
2060;5;623670030;2060;167;2811;2845;10.76;0.65;217.14;3.61;751;5;936.00;34
2062;5;623670064;2062;160;2811;2846;10.83;0.66;217.30;3.61;749;5;937.00;35
2063;5;623670082;2063;160;2817;2846;10.97;0.67;217.38;3.60;754;5;938.00;29
2065;5;623670106;2065;160;2818;2846;11.04;0.67;217.33;3.60;753;5;939.00;28
2065;5;623670126;2065;160;2822;2846;11.16;0.68;217.33;3.61;757;5;940.00;24
2070;6;623670144;2070;161;2823;2846;11.15;0.68;217.53;3.61;753;6;941.00;23
2072;6;623670174;2072;160;2826;2846;11.23;0.68;217.45;3.61;754;6;942.00;20
2074;6;623670187;2074;163;2829;2846;11.32;0.69;217.51;3.61;755;6;943.00;17
2077;6;623670199;2077;161;2832;2847;11.38;0.69;217.68;3.62;755;6;944.00;15
2080;6;623670214;2080;162;2835;2849;11.34;0.69;217.89;3.62;755;6;945.00;14
2085;6;623670227;2085;168;2837;2849;11.18;0.68;217.97;3.62;752;6;946.00;12
2086;6;623670239;2086;175;2841;2853;11.12;0.68;217.92;3.62;755;6;947.00;12
2093;6;623670250;2093;181;2842;2853;11.00;0.67;217.75;3.62;749;6;948.00;11
2097;6;623670263;2097;177;2842;2853;10.91;0.66;217.64;3.62;745;6;949.00;11
2099;6;623670275;2099;183;2842;2853;10.75;0.65;217.56;3.62;743;6;950.00;11
2101;6;623670291;2101;191;2846;2859;10.61;0.65;217.59;3.62;745;6;951.00;13
2104;6;623670302;2104;184;2846;2859;10.52;0.64;217.53;3.62;742;6;952.00;13
2107;6;623670314;2107;187;2846;2859;10.37;0.63;217.70;3.62;739;6;953.00;13
2111;6;623670325;2111;185;2848;2862;10.36;0.63;217.67;3.61;737;6;954.00;14
2116;6;623670337;2116;190;2853;2862;10.27;0.63;217.93;3.64;737;6;955.00;9
2118;6;623670348;2118;195;2853;2862;10.26;0.62;217.92;3.64;735;6;956.00;9
2122;6;623670365;2122;197;2853;2863;10.24;0.62;217.94;3.64;731;6;957.00;10
2127;6;623670378;2127;195;2854;2864;10.24;0.62;217.74;3.64;727;6;958.00;10
2131;6;623670391;2131;196;2854;2864;10.21;0.62;217.53;3.64;723;6;959.00;10
2133;6;623670403;2133;206;2871;2890;10.07;0.61;217.49;3.62;738;6;960.00;19
2136;6;623670414;2136;203;2871;2890;10.01;0.61;217.31;3.62;735;6;961.00;19
2138;6;623670423;2138;203;2874;2890;9.97;0.61;217.25;3.62;736;6;962.00;16
2145;6;623670433;2145;201;2876;2891;9.95;0.61;217.02;3.62;731;6;963.00;15
2148;6;623670445;2148;208;2877;2891;9.93;0.61;217.03;3.62;729;6;964.00;14
2149;6;623670457;2149;218;2880;2895;9.99;0.61;216.99;3.62;731;6;965.00;15
2152;6;623670474;2152;212;2880;2895;10.03;0.61;216.88;3.62;728;6;966.00;15
2154;6;623670486;2154;219;2884;2899;10.04;0.61;216.94;3.62;730;6;967.00;15
2157;6;623670502;2157;221;2884;2899;10.04;0.61;216.84;3.62;727;6;968.00;15
2161;6;623670514;2161;225;2884;2899;10.02;0.61;216.83;3.62;723;6;969.00;15
2163;6;623670527;2163;229;2886;2899;9.94;0.61;216.72;3.63;723;6;970.00;13
2167;6;623670537;2167;234;2887;2899;9.81;0.60;216.81;3.64;720;6;971.00;12
2168;6;623670546;2168;236;2897;2911;9.74;0.59;216.82;3.63;729;6;972.00;14
2169;6;623670556;2169;238;2900;2911;9.65;0.59;216.74;3.64;731;6;973.00;11
2171;6;623670566;2171;244;2901;2911;9.60;0.58;216.78;3.64;730;6;974.00;10
2171;6;623670575;2171;245;2901;2911;9.55;0.58;216.78;3.64;730;6;975.00;10
2173;6;623670584;2173;249;2901;2911;9.42;0.57;216.85;3.64;728;6;976.00;10
2175;6;623670594;2175;251;2901;2911;9.41;0.57;216.80;3.64;726;6;977.00;10
2176;6;623670603;2176;255;2901;2912;9.27;0.57;216.78;3.64;725;6;978.00;11
2176;6;623670612;2176;246;2902;2912;9.24;0.56;216.78;3.65;726;6;979.00;10
2176;6;623670622;2176;243;2907;2918;9.33;0.57;216.78;3.65;731;6;980.00;11
2181;6;623670632;2181;242;2909;2919;9.26;0.57;216.85;3.68;728;6;981.00;10
2181;6;623670643;2181;238;2910;2919;9.21;0.56;216.85;3.68;729;6;982.00;9
2182;7;623670653;2182;239;2911;2919;9.15;0.56;216.84;3.69;729;7;983.00;8
2183;8;623670682;2183;238;2915;2923;9.09;0.56;216.74;3.70;732;8;984.00;8
2184;8;623670705;2184;242;2915;2923;8.97;0.55;216.65;3.70;731;8;985.00;8
2186;8;623670714;2186;243;2916;2923;8.93;0.55;216.76;3.70;730;8;986.00;7
2188;8;623670723;2188;249;2919;2924;8.89;0.55;216.69;3.71;731;8;987.00;5
2189;8;623670732;2189;254;2922;2928;8.91;0.55;216.65;3.71;733;8;988.00;6
2192;8;623670751;2192;254;2923;2928;8.91;0.55;216.58;3.72;731;8;989.00;5
2194;8;623670762;2194;255;2928;2934;8.89;0.55;216.48;3.72;734;8;990.00;6
2196;8;623670772;2196;256;2931;2934;8.88;0.54;216.49;3.73;735;8;991.00;3
2198;8;623670781;2198;255;2932;2934;8.83;0.54;216.46;3.73;734;8;992.00;2
2198;8;623670790;2198;256;2934;2934;8.85;0.54;216.46;3.73;736;8;993.00;0
2201;8;623670812;2201;260;2938;2938;8.82;0.54;216.56;3.73;737;8;994.00;0
2203;8;623670822;2203;263;2938;2938;8.75;0.54;216.55;3.73;735;8;995.00;0
2205;8;623670831;2205;263;2938;2938;8.67;0.53;216.62;3.73;733;8;996.00;0
2208;8;623670840;2208;266;2938;2938;8.51;0.52;216.59;3.73;730;8;997.00;0
2209;8;623670849;2209;267;2939;2939;8.38;0.52;216.61;3.73;730;8;998.00;0
2212;8;623670858;2212;265;2940;2940;8.27;0.51;216.69;3.72;728;8;999.00;0
2213;8;623670868;2213;261;2940;2940;8.18;0.50;216.84;3.72;727;8;1000.00;0
2217;8;623670882;2217;258;2941;2941;8.15;0.50;217.01;3.72;724;8;1001.00;0
2219;8;623670891;2219;260;2941;2941;8.12;0.50;216.93;3.72;722;8;1002.00;0
2221;8;623670900;2221;255;2941;2941;8.06;0.50;216.88;3.72;720;8;1003.00;0
2224;8;623670909;2224;251;2941;2941;8.08;0.50;216.86;3.72;717;8;1004.00;0
2227;8;623670918;2227;253;2941;2941;8.14;0.50;216.78;3.72;714;8;1005.00;0
2228;8;623670926;2228;256;2941;2941;8.16;0.50;216.75;3.72;713;8;1006.00;0
2230;8;623670936;2230;253;2941;2941;8.15;0.50;216.67;3.72;711;8;1007.00;0
2235;8;623670945;2235;268;3015;3068;8.31;0.52;216.71;3.63;780;8;1008.00;53
2236;8;623670971;2236;262;3020;3069;8.28;0.51;216.83;3.63;784;8;1009.00;49
2240;8;623670980;2240;257;3030;3069;8.30;0.51;216.95;3.62;790;8;1010.00;39
2244;8;623670989;2244;252;3034;3069;8.29;0.51;216.99;3.62;790;8;1011.00;35
2246;8;623670997;2246;251;3040;3069;8.29;0.51;217.10;3.62;794;8;1012.00;29
2248;8;623671007;2248;253;3042;3069;8.22;0.51;217.13;3.62;794;8;1013.00;27
2251;8;623671016;2251;254;3045;3069;8.11;0.50;217.17;3.63;794;8;1014.00;24
2254;8;623671025;2254;258;3047;3069;8.04;0.50;217.13;3.63;793;8;1015.00;22
2258;8;623671035;2258;258;3049;3070;7.93;0.49;217.37;3.63;791;8;1016.00;21
2261;8;623671046;2261;266;3051;3071;7.85;0.48;217.53;3.64;790;8;1017.00;20
2267;8;623671055;2267;262;3054;3071;7.75;0.48;217.57;3.64;787;8;1018.00;17
2271;8;623671064;2271;266;3059;3072;7.58;0.47;217.83;3.65;788;8;1019.00;13
2275;8;623671076;2275;260;3060;3072;7.50;0.46;218.15;3.65;785;8;1020.00;12
2278;8;623671086;2278;256;3062;3072;7.44;0.46;218.10;3.66;784;8;1021.00;10
2283;8;623671096;2283;260;3064;3072;7.35;0.45;218.25;3.67;781;8;1022.00;8
2287;8;623671105;2287;260;3069;3076;7.30;0.45;218.48;3.67;782;8;1023.00;7
2290;8;623671115;2290;260;3070;3076;7.31;0.45;218.63;3.67;780;8;1024.00;6
2296;8;623671124;2296;263;3071;3076;7.29;0.45;218.82;3.67;775;8;1025.00;5
2299;8;623671134;2299;261;3072;3079;7.38;0.45;218.84;3.67;773;8;1026.00;7
2302;8;623671143;2302;258;3073;3079;7.45;0.46;218.99;3.68;771;8;1027.00;6
2305;8;623671152;2305;251;3073;3079;7.53;0.46;219.26;3.68;768;8;1028.00;6
2308;8;623671162;2308;249;3079;3083;7.57;0.46;219.27;3.68;771;8;1029.00;4
2311;8;623671171;2311;245;3080;3084;7.64;0.47;219.44;3.68;769;8;1030.00;4
2313;8;623671181;2313;242;3082;3084;7.72;0.47;219.53;3.69;769;8;1031.00;2
2317;8;623671190;2317;239;3086;3088;7.76;0.48;219.90;3.69;769;8;1032.00;2
2320;8;623671200;2320;236;3087;3088;7.76;0.48;219.96;3.69;767;8;1033.00;1
2326;8;623671209;2326;232;3088;3088;7.71;0.47;220.22;3.69;762;8;1034.00;0
2330;8;623671219;2330;237;3090;3090;7.74;0.47;220.28;3.69;760;8;1035.00;0
2332;8;623671228;2332;236;3090;3090;7.78;0.48;220.25;3.69;758;8;1036.00;0
2338;8;623671237;2338;233;3096;3096;7.85;0.48;220.41;3.68;758;8;1037.00;0
2339;8;623671247;2339;229;3096;3096;7.87;0.48;220.41;3.68;757;8;1038.00;0
2341;8;623671257;2341;238;3097;3097;7.87;0.48;220.44;3.68;756;8;1039.00;0
2344;8;623671266;2344;234;3097;3097;7.93;0.49;220.44;3.68;753;8;1040.00;0
2349;8;623671275;2349;236;3097;3097;7.95;0.49;220.56;3.68;748;8;1041.00;0
2352;8;623671285;2352;233;3097;3097;8.09;0.49;220.52;3.68;745;8;1042.00;0
2354;8;623671294;2354;228;3097;3097;8.19;0.50;220.67;3.68;743;8;1043.00;0
2359;8;623671303;2359;228;3108;3109;8.35;0.51;220.89;3.67;749;8;1044.00;1
2361;8;623671314;2361;222;3108;3109;8.37;0.51;220.87;3.67;747;8;1045.00;1
2366;8;623671323;2366;221;3109;3109;8.42;0.51;220.95;3.67;743;8;1046.00;0
2374;8;623671333;2374;218;3109;3109;8.45;0.52;221.23;3.67;735;8;1047.00;0
2380;8;623671343;2380;216;3109;3109;8.48;0.52;221.34;3.67;729;8;1048.00;0
2384;8;623671352;2384;208;3109;3109;8.52;0.52;221.49;3.67;725;8;1049.00;0
2389;8;623671363;2389;213;3115;3115;8.52;0.52;221.76;3.66;726;8;1050.00;0
2393;8;623671373;2393;205;3115;3115;8.51;0.52;221.70;3.66;722;8;1051.00;0
2398;8;623671383;2398;203;3119;3119;8.53;0.52;221.80;3.66;721;8;1052.00;0
2403;8;623671393;2403;203;3120;3120;8.56;0.52;221.83;3.66;717;8;1053.00;0
2406;8;623671403;2406;199;3120;3120;8.55;0.52;221.94;3.66;714;8;1054.00;0
2408;8;623671412;2408;198;3120;3120;8.52;0.52;222.06;3.66;712;8;1055.00;0
2413;8;623671421;2413;197;3133;3133;8.62;0.53;222.16;3.64;720;8;1056.00;0
2414;8;623671432;2414;198;3133;3133;8.71;0.53;222.21;3.64;719;8;1057.00;0
2418;8;623671441;2418;188;3133;3133;8.72;0.53;222.41;3.64;715;8;1058.00;0
2422;8;623671451;2422;188;3134;3134;8.80;0.54;222.45;3.64;712;8;1059.00;0
2425;8;623671461;2425;192;3135;3135;8.92;0.54;222.42;3.64;710;8;1060.00;0
2429;8;623671472;2429;191;3135;3135;8.93;0.54;222.42;3.64;706;8;1061.00;0
2432;8;623671482;2432;189;3137;3138;9.03;0.55;222.39;3.64;705;8;1062.00;1
2434;8;623671492;2434;186;3137;3138;9.09;0.55;222.38;3.64;703;8;1063.00;1
2440;8;623671501;2440;187;3138;3138;9.06;0.55;222.61;3.64;698;8;1064.00;0
2440;8;623671511;2440;192;3138;3138;9.10;0.55;222.61;3.64;698;8;1065.00;0
2442;8;623671522;2442;192;3144;3144;9.15;0.56;222.53;3.63;702;8;1066.00;0
2445;8;623671534;2445;185;3144;3144;9.20;0.56;222.62;3.63;699;8;1067.00;0
2450;8;623671546;2450;184;3144;3144;9.25;0.56;222.53;3.63;694;8;1068.00;0
2453;8;623671557;2453;179;3144;3144;9.31;0.57;222.63;3.63;691;8;1069.00;0
2456;8;623671567;2456;176;3148;3148;9.33;0.57;222.92;3.63;692;8;1070.00;0
2458;8;623671578;2458;173;3149;3149;9.33;0.57;222.99;3.63;691;8;1071.00;0
2462;8;623671588;2462;175;3149;3149;9.26;0.56;223.11;3.63;687;8;1072.00;0
2465;8;623671598;2465;176;3150;3150;9.22;0.56;223.10;3.63;685;8;1073.00;0
2470;8;623671608;2470;177;3150;3150;9.24;0.56;223.50;3.63;680;8;1074.00;0
2473;8;623671618;2473;180;3150;3150;9.22;0.56;223.56;3.63;677;8;1075.00;0
2475;8;623671627;2475;170;3150;3150;9.21;0.56;223.68;3.63;675;8;1076.00;0
2477;8;623671636;2477;163;3150;3150;9.25;0.56;223.73;3.63;673;8;1077.00;0
2480;8;623671646;2480;155;3150;3150;9.27;0.56;223.90;3.63;670;8;1078.00;0
2485;8;623671655;2485;155;3150;3150;9.26;0.56;223.89;3.63;665;8;1079.00;0
2488;8;623671673;2488;178;3230;3275;9.21;0.57;224.01;3.54;742;8;1080.00;45
2489;8;623671692;2489;173;3237;3276;9.23;0.57;223.99;3.53;748;8;1081.00;39
2493;8;623671703;2493;164;3244;3276;9.35;0.57;224.28;3.53;751;8;1082.00;32
2496;8;623671713;2496;156;3247;3276;9.47;0.58;224.42;3.53;751;8;1083.00;29
2498;8;623671724;2498;156;3252;3276;9.64;0.59;224.50;3.53;754;8;1084.00;24
2501;8;623671735;2501;151;3254;3276;9.67;0.59;224.55;3.53;753;8;1085.00;22
2501;8;623671745;2501;154;3258;3276;9.73;0.60;224.55;3.53;757;8;1086.00;18
2502;8;623671756;2502;154;3262;3276;9.78;0.60;224.64;3.54;760;8;1087.00;14
2506;8;623671766;2506;152;3266;3277;9.72;0.59;224.67;3.54;760;8;1088.00;11
2506;8;623671776;2506;165;3269;3278;9.60;0.59;224.67;3.55;763;8;1089.00;9
2510;8;623671786;2510;170;3274;3278;9.48;0.58;224.71;3.55;764;8;1090.00;4
2511;8;623671797;2511;172;3278;3282;9.39;0.58;224.69;3.55;767;8;1091.00;4
2513;8;623671809;2513;170;3279;3282;9.36;0.57;224.78;3.55;766;8;1092.00;3
2517;8;623671821;2517;178;3279;3282;9.33;0.57;224.96;3.55;762;8;1093.00;3
2520;8;623671832;2520;180;3279;3282;9.29;0.57;224.94;3.55;759;8;1094.00;3
2524;8;623671844;2524;185;3285;3288;9.20;0.56;225.19;3.55;761;8;1095.00;3
2525;8;623671856;2525;193;3285;3288;9.29;0.57;225.22;3.55;760;8;1096.00;3
2528;8;623671867;2528;195;3286;3288;9.30;0.57;225.22;3.56;758;8;1097.00;2
2531;8;623671878;2531;191;3289;3291;9.24;0.57;225.23;3.55;758;8;1098.00;2
2532;8;623671889;2532;198;3290;3291;9.23;0.57;225.19;3.56;758;8;1099.00;1
2535;8;623671906;2535;201;3290;3291;9.21;0.57;225.07;3.56;755;8;1100.00;1
2538;8;623671919;2538;197;3290;3292;9.25;0.57;225.01;3.56;752;8;1101.00;2
2540;8;623671929;2540;196;3291;3293;9.33;0.57;224.95;3.56;751;8;1102.00;2
2541;8;623671938;2541;192;3291;3293;9.36;0.57;224.90;3.56;750;8;1103.00;2
2541;8;623671947;2541;200;3302;3306;9.38;0.57;224.90;3.55;761;8;1104.00;4
2544;8;623671957;2544;203;3302;3306;9.39;0.57;224.87;3.55;758;8;1105.00;4
2546;8;623671967;2546;202;3302;3306;9.43;0.58;224.74;3.55;756;8;1106.00;4
2548;8;623671976;2548;206;3303;3307;9.51;0.58;224.75;3.54;755;8;1107.00;4
2551;8;623671985;2551;207;3303;3307;9.57;0.59;224.59;3.54;752;8;1108.00;4
2555;8;623671995;2555;212;3307;3311;9.61;0.59;224.34;3.54;752;8;1109.00;4
2557;8;623672006;2557;214;3307;3311;9.64;0.59;224.40;3.54;750;8;1110.00;4
2559;8;623672015;2559;220;3310;3315;9.67;0.59;224.33;3.54;751;8;1111.00;5
2564;8;623672024;2564;219;3310;3315;9.71;0.59;224.27;3.54;746;8;1112.00;5
2567;8;623672034;2567;226;3310;3315;9.77;0.60;224.17;3.54;743;8;1113.00;5
2569;8;623672048;2569;226;3310;3315;9.78;0.60;224.07;3.54;741;8;1114.00;5
2572;8;623672064;2572;230;3310;3315;9.70;0.59;224.03;3.54;738;8;1115.00;5
2574;8;623672079;2574;233;3319;3327;9.69;0.59;223.96;3.53;745;8;1116.00;8
2577;8;623672097;2577;237;3319;3327;9.69;0.59;223.96;3.53;742;8;1117.00;8
2581;8;623672111;2581;242;3321;3327;9.66;0.59;223.82;3.53;740;8;1118.00;6
2582;8;623672124;2582;240;3321;3327;9.65;0.59;223.80;3.53;739;8;1119.00;6
2586;8;623672138;2586;233;3321;3327;9.60;0.59;223.71;3.53;735;8;1120.00;6
2587;8;623672151;2587;231;3321;3327;9.66;0.59;223.71;3.53;734;8;1121.00;6
2589;8;623672161;2589;229;3321;3328;9.63;0.59;223.68;3.53;732;8;1122.00;7
2594;8;623672171;2594;226;3321;3328;9.55;0.58;223.46;3.53;727;8;1123.00;7
2595;8;623672180;2595;225;3326;3334;9.62;0.59;223.42;3.52;731;8;1124.00;8
2598;8;623672191;2598;223;3330;3336;9.58;0.58;223.38;3.54;732;8;1125.00;6
2600;8;623672200;2600;226;3330;3336;9.59;0.58;223.32;3.54;730;8;1126.00;6
2604;8;623672210;2604;228;3330;3336;9.59;0.58;223.25;3.54;726;8;1127.00;6
2609;8;623672220;2609;231;3333;3340;9.61;0.58;223.07;3.53;724;8;1128.00;7
2610;8;623672230;2610;233;3333;3340;9.67;0.59;223.03;3.53;723;8;1129.00;7
2611;8;623672239;2611;234;3333;3340;9.69;0.59;222.97;3.53;722;8;1130.00;7
2614;8;623672248;2614;219;3334;3341;9.73;0.59;222.84;3.53;720;8;1131.00;7
2614;8;623672258;2614;211;3337;3345;9.83;0.60;222.84;3.53;723;8;1132.00;8
2617;8;623672268;2617;200;3337;3345;9.85;0.60;222.66;3.53;720;8;1133.00;8
2619;8;623672277;2619;192;3339;3348;10.00;0.61;222.59;3.53;720;8;1134.00;9
2619;8;623672288;2619;185;3340;3348;10.14;0.61;222.59;3.53;721;8;1135.00;8
2623;8;623672297;2623;182;3340;3348;10.18;0.62;222.50;3.53;717;8;1136.00;8
2623;8;623672306;2623;181;3340;3348;10.24;0.62;222.50;3.53;717;8;1137.00;8
2625;8;623672315;2625;179;3344;3352;10.36;0.63;222.46;3.52;719;8;1138.00;8
2625;9;623672325;2625;184;3344;3352;10.49;0.64;222.46;3.52;719;9;1139.00;8
2626;9;623672351;2626;181;3344;3352;10.59;0.64;222.43;3.52;718;9;1140.00;8
2626;9;623672362;2626;179;3344;3352;10.62;0.64;222.43;3.52;718;9;1141.00;8
2626;9;623672372;2626;177;3344;3353;10.65;0.65;222.43;3.52;718;9;1142.00;9
2626;9;623672381;2626;177;3345;3354;10.63;0.65;222.43;3.52;719;9;1143.00;9
2627;9;623672392;2627;173;3345;3354;10.52;0.64;222.42;3.52;718;9;1144.00;9
2628;9;623672408;2628;173;3346;3355;10.45;0.63;222.40;3.52;718;9;1145.00;9
2629;9;623672423;2629;174;3346;3355;10.40;0.63;222.42;3.52;717;9;1146.00;9
2630;9;623672433;2630;174;3346;3355;10.29;0.63;222.37;3.52;716;9;1147.00;9
2632;9;623672443;2632;178;3346;3355;10.29;0.63;222.32;3.52;714;9;1148.00;9
2632;9;623672453;2632;182;3346;3355;10.29;0.63;222.32;3.52;714;9;1149.00;9
2635;9;623672463;2635;182;3347;3355;10.30;0.63;222.31;3.54;712;9;1150.00;8
2637;9;623672474;2637;183;3348;3355;10.34;0.63;222.38;3.54;711;9;1151.00;7
2639;9;623672484;2639;198;3414;3482;10.26;0.63;222.40;3.49;775;9;1152.00;68
2641;9;623672507;2641;194;3416;3483;10.20;0.63;222.41;3.49;775;9;1153.00;67
2642;9;623672519;2642;191;3427;3483;10.21;0.63;222.56;3.50;785;9;1154.00;56
2642;9;623672530;2642;192;3432;3483;10.15;0.63;222.56;3.49;790;9;1155.00;51
2642;9;623672540;2642;199;3441;3483;10.04;0.62;222.56;3.51;799;9;1156.00;42
2644;9;623672549;2644;203;3443;3483;9.90;0.61;222.76;3.51;799;9;1157.00;40
2648;9;623672560;2648;201;3448;3483;9.76;0.60;222.90;3.52;800;9;1158.00;35
2651;9;623672571;2651;202;3453;3483;9.70;0.60;222.96;3.54;802;9;1159.00;30
2654;9;623672582;2654;216;3456;3484;9.63;0.59;223.08;3.54;802;9;1160.00;28
2656;9;623672594;2656;215;3461;3485;9.57;0.59;223.20;3.55;805;9;1161.00;24
2657;9;623672605;2657;218;3465;3485;9.54;0.59;223.18;3.56;808;9;1162.00;20
2658;9;623672614;2658;221;3468;3486;9.49;0.58;223.30;3.57;810;9;1163.00;18
2663;9;623672625;2663;224;3471;3486;9.45;0.58;223.38;3.57;808;9;1164.00;15
2666;9;623672636;2666;227;3475;3486;9.36;0.58;223.46;3.58;809;9;1165.00;11
2668;9;623672647;2668;228;3476;3486;9.27;0.57;223.52;3.59;808;9;1166.00;10
2675;9;623672658;2675;237;3481;3490;9.23;0.57;223.55;3.59;806;9;1167.00;9
2676;9;623672669;2676;248;3486;3490;9.12;0.56;223.53;3.61;810;9;1168.00;4
2681;9;623672680;2681;249;3487;3490;9.01;0.55;223.58;3.61;806;9;1169.00;3
2685;9;623672698;2685;250;3491;3496;8.95;0.55;223.88;3.61;806;9;1170.00;5
2688;9;623672709;2688;257;3492;3496;8.93;0.55;223.97;3.61;804;9;1171.00;4
2689;9;623672720;2689;258;3493;3496;8.86;0.54;224.04;3.61;804;9;1172.00;3
2692;9;623672730;2692;261;3499;3500;8.78;0.54;224.07;3.61;807;9;1173.00;1
2694;9;623672741;2694;257;3501;3501;8.69;0.53;224.23;3.61;807;9;1174.00;0
2700;9;623672752;2700;262;3501;3501;8.65;0.53;224.23;3.61;801;9;1175.00;0
2702;9;623672763;2702;266;3505;3505;8.67;0.53;224.31;3.60;803;9;1176.00;0
2704;9;623672775;2704;262;3505;3505;8.63;0.53;224.41;3.60;801;9;1177.00;0
2707;9;623672787;2707;262;3505;3505;8.61;0.53;224.43;3.60;798;9;1178.00;0
2709;9;623672797;2709;268;3506;3506;8.59;0.53;224.48;3.60;797;9;1179.00;0
2711;9;623672807;2711;269;3506;3506;8.58;0.53;224.52;3.60;795;9;1180.00;0
2715;9;623672817;2715;271;3512;3512;8.60;0.52;224.55;3.60;797;9;1181.00;0
2717;9;623672828;2717;266;3512;3512;8.57;0.52;224.56;3.60;795;9;1182.00;0
2720;9;623672837;2720;266;3513;3513;8.50;0.52;224.73;3.60;793;9;1183.00;0
2726;9;623672854;2726;267;3513;3513;8.50;0.52;224.90;3.60;787;9;1184.00;0
2731;9;623672864;2731;265;3513;3513;8.48;0.52;224.87;3.60;782;9;1185.00;0
2735;9;623672874;2735;264;3513;3513;8.42;0.51;225.18;3.60;778;9;1186.00;0
2737;9;623672884;2737;261;3513;3513;8.37;0.51;225.25;3.60;776;9;1187.00;0
2739;9;623672893;2739;261;3523;3525;8.36;0.51;225.25;3.59;784;9;1188.00;2
2743;9;623672903;2743;262;3523;3525;8.24;0.50;225.53;3.59;780;9;1189.00;2
2746;9;623672912;2746;251;3525;3525;8.19;0.50;225.65;3.59;779;9;1190.00;0
2750;9;623672922;2750;247;3525;3525;8.16;0.50;225.89;3.59;775;9;1191.00;0
2753;9;623672931;2753;241;3525;3525;8.16;0.50;225.95;3.59;772;9;1192.00;0
2757;9;623672942;2757;237;3525;3525;8.21;0.50;226.15;3.59;768;9;1193.00;0
2761;9;623672951;2761;237;3529;3529;8.23;0.51;226.28;3.58;768;9;1194.00;0
2765;9;623672964;2765;231;3529;3529;8.24;0.51;226.58;3.58;764;9;1195.00;0
2769;9;623672976;2769;228;3533;3533;8.30;0.51;226.61;3.58;764;9;1196.00;0
2773;9;623672986;2773;221;3534;3534;8.25;0.51;226.72;3.58;761;9;1197.00;0
2778;9;623672997;2778;213;3534;3534;8.19;0.50;227.03;3.58;756;9;1198.00;0
2781;9;623673006;2781;204;3534;3534;8.21;0.50;227.11;3.58;753;9;1199.00;0
2786;9;623673021;2786;214;3561;3575;8.11;0.50;227.36;3.55;775;9;1200.00;14
2793;9;623673041;2793;204;3562;3575;8.05;0.49;227.46;3.55;769;9;1201.00;13
2795;9;623673052;2795;205;3565;3575;8.10;0.50;227.71;3.55;770;9;1202.00;10
2801;9;623673062;2801;205;3567;3576;8.17;0.50;227.85;3.55;766;9;1203.00;9
2805;9;623673072;2805;207;3568;3577;8.26;0.51;227.92;3.55;763;9;1204.00;9
2807;9;623673082;2807;208;3569;3577;8.39;0.51;227.95;3.55;762;9;1205.00;8
2811;9;623673092;2811;212;3572;3580;8.46;0.52;227.95;3.55;761;9;1206.00;8
2815;9;623673102;2815;216;3573;3580;8.49;0.52;228.00;3.55;758;9;1207.00;7
2818;9;623673111;2818;210;3575;3580;8.49;0.52;228.02;3.55;757;9;1208.00;5
2822;9;623673121;2822;212;3576;3580;8.37;0.51;228.00;3.55;754;9;1209.00;4
2825;9;623673129;2825;213;3582;3586;8.27;0.51;228.05;3.55;757;9;1210.00;4
2831;9;623673140;2831;214;3582;3586;8.14;0.50;228.06;3.55;751;9;1211.00;4
2837;9;623673149;2837;221;3582;3586;8.06;0.49;227.89;3.55;745;9;1212.00;4
2842;9;623673159;2842;221;3582;3586;8.03;0.49;227.95;3.55;740;9;1213.00;4
2845;9;623673168;2845;224;3587;3590;8.08;0.49;227.98;3.55;742;9;1214.00;3
2848;9;623673178;2848;225;3589;3592;8.15;0.50;227.96;3.55;741;9;1215.00;3
2853;9;623673187;2853;227;3589;3592;8.17;0.50;227.91;3.55;736;9;1216.00;3
2855;9;623673197;2855;226;3590;3593;8.26;0.50;228.07;3.55;735;9;1217.00;3
2858;9;623673206;2858;226;3590;3593;8.33;0.51;228.12;3.55;732;9;1218.00;3
2861;9;623673215;2861;227;3590;3593;8.35;0.51;228.14;3.55;729;9;1219.00;3
2864;9;623673225;2864;228;3591;3593;8.30;0.51;228.08;3.55;727;9;1220.00;2
2869;9;623673234;2869;229;3591;3593;8.20;0.50;228.12;3.55;722;9;1221.00;2
2874;9;623673244;2874;228;3591;3593;8.10;0.50;228.20;3.55;717;9;1222.00;2
2876;9;623673254;2876;228;3591;3593;8.04;0.49;228.12;3.55;715;9;1223.00;2
2883;9;623673263;2883;237;3632;3663;7.77;0.48;228.11;3.51;749;9;1224.00;31
2887;9;623673277;2887;232;3633;3664;7.62;0.47;228.29;3.51;746;9;1225.00;31
2888;9;623673287;2888;227;3640;3664;7.58;0.47;228.28;3.51;752;9;1226.00;24
2895;9;623673296;2895;228;3642;3664;7.49;0.46;228.31;3.51;747;9;1227.00;22
2900;9;623673311;2900;233;3645;3666;7.51;0.46;228.36;3.51;745;9;1228.00;21
2902;9;623673321;2902;237;3648;3666;7.56;0.46;228.35;3.51;746;9;1229.00;18
2904;9;623673332;2904;238;3651;3666;7.55;0.46;228.45;3.52;747;9;1230.00;15
2906;9;623673347;2906;244;3653;3666;7.55;0.46;228.50;3.52;747;9;1231.00;13
2910;9;623673355;2910;245;3656;3667;7.50;0.46;228.53;3.53;746;9;1232.00;11
2912;9;623673365;2912;251;3658;3668;7.44;0.45;228.53;3.53;746;9;1233.00;10
2915;9;623673374;2915;254;3660;3668;7.38;0.45;228.45;3.53;745;9;1234.00;8
2917;9;623673384;2917;260;3667;3672;7.37;0.45;228.41;3.54;750;9;1235.00;5
2918;9;623673394;2918;269;3670;3672;7.46;0.46;228.44;3.54;752;9;1236.00;2
2920;9;623673403;2920;267;3671;3672;7.52;0.46;228.61;3.54;751;9;1237.00;1
2924;9;623673413;2924;262;3672;3672;7.59;0.47;228.70;3.54;748;9;1238.00;0
2926;9;623673423;2926;258;3678;3678;7.66;0.47;228.78;3.54;752;9;1239.00;0
2929;9;623673433;2929;257;3678;3678;7.69;0.47;228.83;3.54;749;9;1240.00;0
2932;9;623673443;2932;256;3678;3678;7.83;0.48;229.06;3.54;746;9;1241.00;0
2934;9;623673453;2934;255;3680;3681;7.97;0.49;229.17;3.54;746;9;1242.00;1
2935;9;623673463;2935;258;3680;3681;8.03;0.49;229.10;3.54;745;9;1243.00;1
2937;9;623673472;2937;258;3681;3681;8.07;0.49;229.03;3.54;744;9;1244.00;0
2939;9;623673482;2939;262;3682;3682;7.99;0.49;229.15;3.54;743;9;1245.00;0
2942;9;623673492;2942;251;3683;3683;8.03;0.49;229.23;3.54;741;9;1246.00;0
2945;9;623673502;2945;244;3683;3683;7.99;0.49;229.31;3.54;738;9;1247.00;0
2949;9;623673512;2949;241;3696;3696;8.09;0.49;229.31;3.52;747;9;1248.00;0
2950;9;623673522;2950;238;3696;3696;8.13;0.49;229.24;3.52;746;9;1249.00;0
2952;9;623673532;2952;231;3696;3696;8.14;0.50;229.29;3.52;744;9;1250.00;0
2955;9;623673542;2955;235;3697;3697;8.20;0.50;229.18;3.52;742;9;1251.00;0
2956;9;623673553;2956;230;3697;3697;8.20;0.50;229.19;3.52;741;9;1252.00;0
2959;9;623673564;2959;232;3701;3701;8.20;0.50;229.19;3.52;742;9;1253.00;0
2960;9;623673574;2960;232;3701;3701;8.20;0.50;229.19;3.52;741;9;1254.00;0
2961;9;623673585;2961;236;3705;3705;8.17;0.50;229.17;3.52;744;9;1255.00;0
2961;9;623673597;2961;237;3705;3705;8.14;0.49;229.17;3.52;744;9;1256.00;0
2963;9;623673608;2963;237;3705;3705;8.11;0.49;229.10;3.52;742;9;1257.00;0
2965;9;623673618;2965;234;3705;3705;8.12;0.49;229.05;3.52;740;9;1258.00;0
2966;9;623673629;2966;234;3705;3705;8.13;0.49;229.00;3.52;739;9;1259.00;0
2967;9;623673641;2967;234;3734;3739;8.23;0.50;228.96;3.49;767;9;1260.00;5
2970;9;623673654;2970;228;3734;3739;8.33;0.51;229.06;3.49;764;9;1261.00;5
2973;9;623673666;2973;231;3736;3739;8.41;0.51;228.94;3.49;763;9;1262.00;3
2974;9;623673676;2974;229;3736;3739;8.40;0.51;228.89;3.49;762;9;1263.00;3
2976;9;623673686;2976;229;3737;3739;8.43;0.52;228.99;3.49;761;9;1264.00;2
2982;9;623673697;2982;234;3737;3739;8.37;0.51;228.94;3.49;755;9;1265.00;2
2983;9;623673707;2983;237;3737;3740;8.35;0.51;228.88;3.49;754;9;1266.00;3
2983;9;623673716;2983;239;3737;3740;8.35;0.51;228.88;3.49;754;9;1267.00;3
2986;9;623673726;2986;242;3742;3746;8.35;0.51;228.71;3.49;756;9;1268.00;4
2988;9;623673741;2988;245;3743;3747;8.30;0.51;228.67;3.49;755;9;1269.00;4
2990;9;623673750;2990;246;3743;3747;8.26;0.50;228.66;3.49;753;9;1270.00;4
2994;9;623673764;2994;241;3743;3747;8.21;0.50;228.61;3.49;749;9;1271.00;4
2995;9;623673773;2995;243;3746;3751;8.25;0.50;228.54;3.48;751;9;1272.00;5
2995;9;623673782;2995;247;3746;3751;8.26;0.50;228.54;3.48;751;9;1273.00;5
2999;9;623673791;2999;252;3746;3751;8.27;0.50;228.65;3.48;747;9;1274.00;5
3000;9;623673800;3000;251;3747;3752;8.32;0.51;228.60;3.48;747;9;1275.00;5
3001;9;623673809;3001;254;3750;3756;8.34;0.51;228.59;3.48;749;9;1276.00;6
3001;9;623673820;3001;256;3750;3756;8.39;0.51;228.59;3.48;749;9;1277.00;6
3003;9;623673829;3003;254;3752;3759;8.49;0.52;228.58;3.48;749;9;1278.00;7
3005;9;623673839;3005;250;3752;3759;8.63;0.52;228.55;3.48;747;9;1279.00;7
3006;9;623673848;3006;248;3753;3759;8.72;0.53;228.57;3.48;747;9;1280.00;6
3008;9;623673857;3008;244;3753;3759;8.80;0.53;228.56;3.48;745;9;1281.00;6
3010;9;623673866;3010;244;3757;3763;8.93;0.54;228.61;3.48;747;9;1282.00;6
3013;9;623673875;3013;229;3757;3763;9.00;0.55;228.59;3.48;744;9;1283.00;6
3013;9;623673885;3013;222;3757;3763;9.16;0.56;228.59;3.48;744;9;1284.00;6
3014;9;623673894;3014;215;3757;3763;9.39;0.57;228.60;3.48;743;9;1285.00;6
3016;9;623673903;3016;212;3757;3764;9.50;0.58;228.61;3.48;741;9;1286.00;7
3016;9;623673913;3016;212;3758;3765;9.72;0.59;228.61;3.47;742;9;1287.00;7
3018;9;623673923;3018;211;3758;3765;9.81;0.59;228.60;3.47;740;9;1288.00;7
3021;9;623673932;3021;205;3759;3766;9.87;0.60;228.57;3.47;738;9;1289.00;7
3023;9;623673956;3023;200;3759;3766;9.89;0.60;228.58;3.47;736;9;1290.00;7
3025;9;623673965;3025;198;3759;3766;9.97;0.60;228.57;3.47;734;9;1291.00;7
3026;9;623673975;3026;190;3759;3766;10.02;0.61;228.56;3.47;733;9;1292.00;7
3029;9;623673984;3029;187;3759;3766;10.00;0.61;228.57;3.47;730;9;1293.00;7
3030;9;623673994;3030;182;3760;3766;10.08;0.61;228.54;3.48;730;9;1294.00;6
3032;9;623674003;3032;182;3760;3766;10.09;0.61;228.52;3.48;728;9;1295.00;6
3032;9;623674013;3032;193;3825;3893;10.04;0.62;228.52;3.43;793;9;1296.00;68
3035;9;623674032;3035;186;3825;3894;10.05;0.62;228.44;3.43;790;9;1297.00;69
3037;9;623674044;3037;182;3832;3894;10.14;0.62;228.40;3.43;795;9;1298.00;62
3040;9;623674058;3040;176;3836;3894;10.15;0.62;228.31;3.43;796;9;1299.00;58
3041;9;623674078;3041;165;3841;3894;10.21;0.63;228.30;3.43;800;9;1300.00;53
3042;9;623674104;3042;158;3843;3894;10.29;0.63;228.26;3.43;801;9;1301.00;51
3044;9;623674120;3044;156;3846;3894;10.39;0.64;228.24;3.43;802;9;1302.00;48
3044;9;623674133;3044;154;3849;3894;10.40;0.64;228.24;3.43;805;9;1303.00;45
3049;9;623674149;3049;155;3851;3895;10.39;0.64;228.34;3.44;802;9;1304.00;44
3054;9;623674164;3054;160;3856;3897;10.44;0.64;228.23;3.44;802;9;1305.00;41
3057;9;623674177;3057;160;3859;3897;10.44;0.64;228.17;3.45;802;9;1306.00;38
3059;9;623674188;3059;161;3862;3898;10.43;0.64;228.12;3.45;803;9;1307.00;36
3061;9;623674199;3061;167;3866;3898;10.41;0.63;228.14;3.46;805;9;1308.00;32
3064;9;623674209;3064;172;3869;3898;10.36;0.63;228.17;3.47;805;9;1309.00;29
3068;9;623674220;3068;174;3871;3898;10.25;0.62;228.19;3.47;803;9;1310.00;27
3071;9;623674231;3071;176;3877;3902;10.14;0.62;228.10;3.48;806;9;1311.00;25
3073;9;623674242;3073;182;3878;3902;10.02;0.61;228.24;3.48;805;9;1312.00;24
3076;9;623674254;3076;181;3878;3902;9.90;0.60;228.29;3.48;802;9;1313.00;24
3079;9;623674264;3079;184;3883;3905;9.88;0.60;228.34;3.50;804;9;1314.00;22
3082;9;623674275;3082;189;3884;3905;9.84;0.60;228.37;3.50;802;9;1315.00;21
3084;9;623674286;3084;191;3888;3905;9.82;0.60;228.45;3.52;804;9;1316.00;17
3085;9;623674296;3085;197;3892;3909;9.70;0.59;228.48;3.53;807;9;1317.00;17
3088;9;623674306;3088;201;3895;3910;9.66;0.59;228.67;3.53;807;9;1318.00;15
3090;9;623674317;3090;206;3897;3910;9.60;0.58;228.75;3.54;807;9;1319.00;13
3092;9;623674329;3092;211;3902;3915;9.58;0.58;228.74;3.55;810;9;1320.00;13
3093;9;623674347;3093;213;3902;3915;9.54;0.58;228.86;3.55;809;9;1321.00;13
3096;9;623674358;3096;214;3903;3915;9.44;0.57;228.91;3.55;807;9;1322.00;12
3097;9;623674369;3097;218;3905;3916;9.38;0.57;229.01;3.56;808;9;1323.00;11
3102;9;623674380;3102;226;3905;3916;9.31;0.57;229.10;3.56;803;9;1324.00;11
3103;9;623674391;3103;229;3911;3922;9.29;0.56;229.20;3.57;808;9;1325.00;11
3105;9;623674403;3105;233;3912;3922;9.24;0.56;229.17;3.58;807;9;1326.00;10
3108;9;623674414;3108;235;3912;3923;9.17;0.56;229.33;3.58;804;9;1327.00;11
3109;9;623674424;3109;237;3914;3923;9.09;0.55;229.32;3.59;805;9;1328.00;9
3110;9;623674435;3110;241;3915;3923;9.01;0.55;229.39;3.59;805;9;1329.00;8
3111;9;623674446;3111;248;3916;3923;9.00;0.55;229.49;3.60;805;9;1330.00;7
3115;9;623674458;3115;253;3916;3923;8.89;0.54;229.56;3.60;801;9;1331.00;7
3116;9;623674469;3116;259;3927;3935;8.87;0.54;229.64;3.61;811;9;1332.00;8
3117;9;623674482;3117;261;3927;3935;8.76;0.53;229.72;3.61;810;9;1333.00;8
3118;9;623674493;3118;263;3931;3935;8.72;0.53;229.68;3.62;813;9;1334.00;4
3120;9;623674505;3120;266;3931;3935;8.65;0.53;229.80;3.62;811;9;1335.00;4
3122;9;623674516;3122;266;3933;3935;8.55;0.52;229.95;3.63;811;9;1336.00;2
3125;9;623674527;3125;265;3933;3935;8.51;0.52;230.08;3.63;808;9;1337.00;2
3127;9;623674538;3127;275;3938;3939;8.43;0.52;230.16;3.63;811;9;1338.00;1
3128;9;623674548;3128;274;3938;3939;8.45;0.52;230.23;3.63;810;9;1339.00;1
3130;9;623674559;3130;275;3943;3943;8.55;0.52;230.20;3.63;813;9;1340.00;0
3134;9;623674570;3134;276;3944;3944;8.50;0.52;230.34;3.63;810;9;1341.00;0
3139;9;623674582;3139;271;3944;3944;8.36;0.51;230.45;3.63;805;9;1342.00;0
3141;9;623674593;3141;270;3944;3944;8.28;0.51;230.49;3.63;803;9;1343.00;0
3144;9;623674606;3144;270;3957;3957;8.26;0.51;230.63;3.62;813;9;1344.00;0
3147;9;623674618;3147;268;3957;3957;8.23;0.50;230.66;3.62;810;9;1345.00;0
3148;9;623674629;3148;270;3957;3957;8.23;0.50;230.81;3.62;809;9;1346.00;0
3152;9;623674639;3152;266;3958;3958;8.26;0.51;230.95;3.61;806;9;1347.00;0
3155;9;623674650;3155;264;3959;3959;8.22;0.50;230.86;3.61;804;9;1348.00;0
3159;9;623674660;3159;265;3959;3959;8.27;0.51;231.02;3.61;800;9;1349.00;0
3164;9;623674672;3164;265;3965;3968;8.27;0.50;231.21;3.61;801;9;1350.00;3
3167;9;623674683;3167;267;3965;3968;8.22;0.50;231.34;3.61;798;9;1351.00;3
3168;9;623674693;3168;269;3967;3968;8.17;0.50;231.33;3.61;799;9;1352.00;1
3174;9;623674702;3174;270;3967;3968;8.02;0.49;231.40;3.61;793;9;1353.00;1
3177;9;623674712;3177;265;3973;3974;7.91;0.48;231.49;3.60;796;9;1354.00;1
3181;9;623674723;3181;258;3974;3974;7.85;0.48;231.57;3.60;793;9;1355.00;0
3185;9;623674732;3185;257;3974;3974;7.70;0.47;231.78;3.60;789;9;1356.00;0
3189;9;623674741;3189;261;3974;3974;7.56;0.46;231.96;3.60;785;9;1357.00;0
3195;9;623674751;3195;264;3978;3978;7.36;0.45;232.23;3.60;783;9;1358.00;0
3198;9;623674760;3198;266;3979;3979;7.27;0.45;232.32;3.60;781;9;1359.00;0
3206;9;623674769;3206;264;3979;3979;7.19;0.44;232.48;3.60;773;9;1360.00;0
3209;9;623674779;3209;263;3980;3980;7.20;0.44;232.60;3.60;771;9;1361.00;0
3214;9;623674789;3214;264;3980;3980;7.19;0.44;232.60;3.60;766;9;1362.00;0
3222;9;623674799;3222;262;3980;3980;7.16;0.44;232.48;3.60;758;9;1363.00;0
3224;9;623674809;3224;258;3980;3980;7.19;0.44;232.61;3.60;756;9;1364.00;0
3228;9;623674819;3228;255;3980;3980;7.19;0.44;232.64;3.60;752;9;1365.00;0
3231;9;623674829;3231;249;3980;3980;7.15;0.44;232.75;3.60;749;9;1366.00;0
3233;9;623674839;3233;243;3980;3980;7.17;0.44;232.81;3.60;747;9;1367.00;0
3235;9;623674849;3235;245;4017;4050;7.31;0.45;232.85;3.57;782;9;1368.00;33
3239;9;623674870;3239;237;4021;4051;7.28;0.45;232.85;3.56;782;9;1369.00;30
3241;9;623674880;3241;233;4027;4051;7.39;0.45;232.98;3.56;786;9;1370.00;24
3246;9;623674889;3246;238;4029;4051;7.40;0.45;232.98;3.56;783;9;1371.00;22
3247;9;623674899;3247;234;4031;4051;7.43;0.46;232.93;3.56;784;9;1372.00;20
3250;9;623674909;3250;229;4033;4051;7.42;0.45;233.18;3.56;783;9;1373.00;18
3254;9;623674919;3254;238;4035;4051;7.38;0.45;233.30;3.56;781;9;1374.00;16
3257;9;623674929;3257;248;4037;4051;7.39;0.45;233.27;3.57;780;9;1375.00;14
3259;9;623674939;3259;247;4038;4052;7.37;0.45;233.43;3.57;779;9;1376.00;14
3264;9;623674948;3264;247;4040;4053;7.33;0.45;233.50;3.57;776;9;1377.00;13
3268;9;623674958;3268;250;4044;4053;7.35;0.45;233.64;3.58;776;9;1378.00;9
3271;9;623674968;3271;251;4049;4057;7.33;0.45;233.60;3.58;778;9;1379.00;8
3275;9;623674980;3275;248;4051;4057;7.33;0.45;233.81;3.58;776;9;1380.00;6
3279;9;623674990;3279;248;4052;4057;7.36;0.45;233.94;3.58;773;9;1381.00;5
3280;9;623675000;3280;259;4053;4057;7.43;0.46;233.88;3.58;773;9;1382.00;4
3284;9;623675009;3284;260;4059;4063;7.42;0.46;233.92;3.58;775;9;1383.00;4
3289;9;623675019;3289;260;4059;4063;7.45;0.46;233.93;3.58;770;9;1384.00;4
3294;9;623675029;3294;261;4060;4063;7.39;0.45;234.00;3.58;766;9;1385.00;3
3298;9;623675038;3298;260;4063;4066;7.43;0.45;234.14;3.58;765;9;1386.00;3
3303;9;623675048;3303;262;4063;4066;7.34;0.45;234.07;3.58;760;9;1387.00;3
3305;9;623675057;3305;267;4066;4066;7.40;0.45;234.15;3.59;761;9;1388.00;0
3307;9;623675067;3307;267;4067;4067;7.36;0.45;234.18;3.59;760;9;1389.00;0
3310;9;623675076;3310;268;4068;4068;7.38;0.45;234.21;3.59;758;9;1390.00;0
3316;9;623675085;3316;269;4068;4068;7.30;0.44;234.28;3.59;752;9;1391.00;0
3323;9;623675095;3323;277;4081;4081;7.27;0.44;234.15;3.58;758;9;1392.00;0
3327;9;623675105;3327;276;4081;4081;7.20;0.44;234.15;3.58;754;9;1393.00;0
3330;9;623675114;3330;277;4081;4081;7.17;0.44;234.42;3.58;751;9;1394.00;0
3334;9;623675122;3334;280;4083;4083;7.13;0.44;234.50;3.57;749;9;1395.00;0
3339;9;623675131;3339;279;4083;4083;7.04;0.43;234.52;3.57;744;9;1396.00;0
3341;9;623675140;3341;276;4087;4087;6.98;0.43;234.60;3.57;746;9;1397.00;0
3346;9;623675149;3346;282;4087;4087;6.85;0.42;234.79;3.57;741;9;1398.00;0
3347;9;623675158;3347;285;4091;4091;6.84;0.42;234.75;3.57;744;9;1399.00;0
3352;9;623675167;3352;295;4091;4091;6.75;0.41;234.78;3.57;739;9;1400.00;0
3354;9;623675180;3354;299;4091;4091;6.68;0.41;234.83;3.57;737;9;1401.00;0
3355;9;623675188;3355;305;4091;4091;6.64;0.41;234.85;3.57;736;9;1402.00;0
3358;9;623675196;3358;312;4091;4091;6.56;0.40;234.75;3.57;733;9;1403.00;0
3360;9;623675205;3360;316;4102;4103;6.60;0.40;234.73;3.56;742;9;1404.00;1
3361;9;623675214;3361;317;4102;4103;6.51;0.40;234.69;3.56;741;9;1405.00;1
3363;9;623675222;3363;327;4103;4103;6.48;0.40;234.62;3.56;740;9;1406.00;0
3366;9;623675231;3366;317;4103;4103;6.44;0.39;234.63;3.56;737;9;1407.00;0
3367;9;623675240;3367;313;4103;4103;6.45;0.40;234.59;3.56;736;9;1408.00;0
3369;9;623675249;3369;313;4103;4103;6.50;0.40;234.56;3.56;734;9;1409.00;0
3370;9;623675258;3370;311;4104;4104;6.52;0.40;234.55;3.56;734;9;1410.00;0
3374;9;623675267;3374;306;4104;4104;6.51;0.40;234.44;3.56;730;9;1411.00;0
3376;9;623675275;3376;304;4110;4110;6.61;0.41;234.33;3.55;734;9;1412.00;0
3378;9;623675285;3378;307;4111;4111;6.63;0.41;234.27;3.55;733;9;1413.00;0
3380;9;623675294;3380;308;4111;4111;6.64;0.41;234.26;3.55;731;9;1414.00;0
3381;9;623675302;3381;310;4111;4111;6.63;0.40;234.29;3.55;730;9;1415.00;0
3385;9;623675311;3385;298;4115;4115;6.61;0.40;234.33;3.55;730;9;1416.00;0
3385;9;623675326;3385;297;4115;4115;6.62;0.40;234.33;3.55;730;9;1417.00;0
3390;9;623675335;3390;297;4115;4115;6.65;0.41;234.26;3.55;725;9;1418.00;0
3392;9;623675344;3392;293;4116;4116;6.71;0.41;234.17;3.55;724;9;1419.00;0
3395;9;623675359;3395;291;4120;4120;6.76;0.41;234.19;3.55;725;9;1420.00;0
3396;9;623675369;3396;291;4120;4120;6.87;0.42;234.17;3.55;724;9;1421.00;0
3397;9;623675377;3397;285;4122;4123;6.95;0.42;234.11;3.55;725;9;1422.00;1
3398;9;623675386;3398;281;4122;4123;7.02;0.43;234.04;3.55;724;9;1423.00;1
3398;9;623675396;3398;278;4123;4123;7.12;0.43;234.04;3.55;725;9;1424.00;0
3401;9;623675404;3401;283;4123;4123;7.19;0.44;233.94;3.55;722;9;1425.00;0
3401;9;623675413;3401;283;4127;4127;7.35;0.45;233.94;3.54;726;9;1426.00;0
3403;9;623675422;3403;279;4127;4127;7.47;0.45;233.91;3.54;724;9;1427.00;0
3404;9;623675431;3404;274;4127;4127;7.57;0.46;233.96;3.54;723;9;1428.00;0
3407;9;623675439;3407;272;4127;4127;7.64;0.46;233.98;3.54;720;9;1429.00;0
3408;9;623675448;3408;272;4128;4128;7.77;0.47;233.95;3.54;720;9;1430.00;0
3409;9;623675456;3409;269;4129;4129;7.86;0.48;233.98;3.54;720;9;1431.00;0
3410;9;623675465;3410;267;4129;4129;7.92;0.48;233.94;3.54;719;9;1432.00;0
3412;9;623675475;3412;263;4130;4130;8.04;0.49;234.00;3.54;718;9;1433.00;0
3413;9;623675484;3413;261;4130;4130;8.10;0.49;234.02;3.54;717;9;1434.00;0
3415;9;623675492;3415;248;4130;4130;8.20;0.50;234.01;3.54;715;9;1435.00;0
3415;9;623675501;3415;237;4130;4130;8.34;0.51;234.01;3.54;715;9;1436.00;0
3416;9;623675511;3416;231;4130;4130;8.46;0.51;233.99;3.54;714;9;1437.00;0
3418;9;623675520;3418;222;4130;4130;8.61;0.52;233.93;3.54;712;9;1438.00;0
3419;9;623675536;3419;218;4130;4130;8.77;0.53;233.89;3.54;711;9;1439.00;0
3421;9;623675547;3421;259;4252;4360;8.66;0.54;233.82;3.44;831;9;1440.00;108
3422;10;623675575;3422;242;4257;4361;8.80;0.55;233.82;3.44;835;10;1441.00;104
3422;10;623675597;3422;221;4266;4361;9.05;0.56;233.82;3.43;844;10;1442.00;95
3422;10;623675607;3422;212;4274;4361;9.21;0.57;233.82;3.43;852;10;1443.00;87
3425;10;623675617;3425;205;4282;4361;9.27;0.58;233.82;3.43;857;10;1444.00;79
3426;10;623675627;3426;200;4286;4361;9.32;0.58;233.79;3.44;860;10;1445.00;75
3426;10;623675638;3426;201;4293;4361;9.32;0.58;233.79;3.44;867;10;1446.00;68
3426;10;623675654;3426;195;4297;4361;9.39;0.58;233.79;3.44;871;10;1447.00;64
3428;10;623675665;3428;202;4303;4362;9.43;0.58;233.77;3.45;875;10;1448.00;59
3429;10;623675676;3429;207;4305;4363;9.47;0.58;233.74;3.45;876;10;1449.00;58
3430;10;623675691;3430;210;4312;4363;9.45;0.58;233.76;3.46;882;10;1450.00;51
3432;10;623675702;3432;210;4313;4364;9.40;0.58;233.75;3.46;881;10;1451.00;51
3434;10;623675713;3434;210;4315;4364;9.39;0.58;233.70;3.47;881;10;1452.00;49
3435;10;623675724;3435;217;4318;4364;9.38;0.58;233.68;3.48;883;10;1453.00;46
3437;10;623675735;3437;215;4318;4364;9.34;0.57;233.66;3.48;881;10;1454.00;46
3440;10;623675746;3440;221;4321;4368;9.29;0.57;233.68;3.48;881;10;1455.00;47
3441;10;623675757;3441;224;4322;4368;9.29;0.57;233.67;3.48;881;10;1456.00;46
3448;10;623675768;3448;232;4323;4368;9.21;0.56;233.62;3.48;875;10;1457.00;45
3450;10;623675778;3450;237;4325;4371;9.17;0.56;233.68;3.48;875;10;1458.00;46
3454;10;623675790;3454;241;4325;4371;9.12;0.56;233.90;3.48;871;10;1459.00;46
3454;10;623675800;3454;240;4325;4371;9.12;0.56;233.90;3.48;871;10;1460.00;46
3458;10;623675811;3458;232;4328;4375;9.07;0.56;233.82;3.48;870;10;1461.00;47
3460;10;623675822;3460;230;4329;4376;9.14;0.56;233.80;3.48;869;10;1462.00;47
3464;10;623675833;3464;226;4332;4376;9.13;0.56;233.87;3.49;868;10;1463.00;44
3465;10;623675844;3465;220;4333;4380;9.23;0.56;233.91;3.49;868;10;1464.00;47
3470;10;623675855;3470;224;4335;4380;9.26;0.57;233.96;3.50;865;10;1465.00;45
3470;10;623675868;3470;225;4337;4380;9.35;0.57;233.96;3.51;867;10;1466.00;43
3471;10;623675884;3471;222;4338;4381;9.44;0.58;234.05;3.51;867;10;1467.00;43
3472;11;623675896;3472;219;4339;4381;9.52;0.58;234.04;3.52;867;11;1468.00;42
3478;11;623675913;3478;211;4342;4387;9.59;0.58;234.12;3.51;864;11;1469.00;45
3481;11;623675927;3481;207;4343;4387;9.65;0.59;233.99;3.52;862;11;1470.00;44
3482;11;623675939;3482;205;4345;4388;9.73;0.59;234.03;3.53;863;11;1471.00;43
3486;11;623675950;3486;197;4346;4388;9.80;0.60;233.90;3.54;860;11;1472.00;42
3489;11;623675961;3489;196;4347;4388;9.81;0.60;234.02;3.55;858;11;1473.00;41
3494;11;623675974;3494;198;4348;4388;9.80;0.60;234.01;3.55;854;11;1474.00;40
3495;11;623675985;3495;197;4349;4388;9.88;0.60;234.01;3.56;854;11;1475.00;39
3498;11;623675995;3498;198;4360;4400;9.95;0.61;234.05;3.55;862;11;1476.00;40
3501;11;623676013;3501;196;4360;4400;9.95;0.61;234.10;3.55;859;11;1477.00;40
3505;11;623676030;3505;196;4363;4400;9.94;0.60;234.29;3.56;858;11;1478.00;37
3508;11;623676042;3508;195;4363;4400;9.94;0.60;234.40;3.56;855;11;1479.00;37
3509;11;623676074;3509;197;4366;4400;9.96;0.60;234.43;3.58;857;11;1480.00;34
3511;11;623676092;3511;201;4367;4400;9.93;0.60;234.59;3.59;856;11;1481.00;33
3514;11;623676112;3514;203;4371;4404;9.93;0.60;234.73;3.59;857;11;1482.00;33
3517;11;623676128;3517;209;4373;4404;9.87;0.60;234.86;3.60;856;11;1483.00;31
3519;11;623676152;3519;214;4376;4408;9.77;0.59;235.08;3.60;857;11;1484.00;32
3521;11;623676167;3521;215;4378;4410;9.68;0.59;235.08;3.60;857;11;1485.00;32
3524;11;623676179;3524;217;4380;4410;9.62;0.58;235.12;3.61;856;11;1486.00;30
3525;11;623676191;3525;222;4380;4410;9.53;0.58;235.21;3.61;855;11;1487.00;30
3530;11;623676203;3530;228;4390;4423;9.49;0.58;235.31;3.61;860;11;1488.00;33
3530;11;623676216;3530;232;4390;4423;9.49;0.58;235.31;3.61;860;11;1489.00;33
3535;11;623676228;3535;241;4393;4423;9.41;0.57;235.39;3.64;858;11;1490.00;30
3535;11;623676239;3535;245;4394;4424;9.37;0.57;235.39;3.64;859;11;1491.00;30
3538;11;623676252;3538;241;4396;4425;9.30;0.57;235.55;3.66;858;11;1492.00;29
3544;11;623676264;3544;248;4397;4425;9.23;0.56;235.60;3.68;853;11;1493.00;28
3547;11;623676277;3547;255;4400;4428;9.20;0.56;235.66;3.69;853;11;1494.00;28
3548;11;623676288;3548;255;4402;4428;9.17;0.56;235.61;3.71;854;11;1495.00;26
3550;11;623676300;3550;261;4405;4428;9.13;0.56;235.79;3.73;855;11;1496.00;23
3552;11;623676312;3552;264;4405;4428;9.12;0.56;235.93;3.73;853;11;1497.00;23
3555;11;623676325;3555;268;4415;4434;9.09;0.55;235.95;3.79;860;11;1498.00;19
3557;11;623676337;3557;274;4415;4434;9.01;0.55;235.94;3.79;858;11;1499.00;19
3559;11;623676352;3559;281;4421;4453;8.83;0.54;236.11;3.80;862;11;1500.00;32
3561;11;623676372;3561;283;4423;4453;8.74;0.53;236.14;3.81;862;11;1501.00;30
3563;12;623676384;3563;291;4426;4457;8.53;0.52;236.22;3.81;863;12;1502.00;31
3566;12;623676402;3566;294;4428;4458;8.42;0.51;236.28;3.81;862;12;1503.00;30
3568;12;623676414;3568;300;4430;4458;8.32;0.51;236.30;3.82;862;12;1504.00;28
3571;12;623676424;3571;305;4432;4459;8.16;0.50;236.35;3.82;861;12;1505.00;27
3573;12;623676435;3573;312;4435;4459;8.02;0.49;236.53;3.83;862;12;1506.00;24
3576;12;623676447;3576;313;4435;4459;7.91;0.48;236.44;3.83;859;12;1507.00;24
3579;12;623676457;3579;318;4435;4459;7.78;0.47;236.47;3.83;856;12;1508.00;24
3581;12;623676469;3581;317;4438;4459;7.64;0.46;236.59;3.84;857;12;1509.00;21
3584;12;623676480;3584;314;4439;4459;7.59;0.46;236.69;3.85;855;12;1510.00;20
3586;12;623676491;3586;314;4442;4459;7.53;0.46;236.67;3.85;856;12;1511.00;17
3589;12;623676502;3589;314;4471;4529;7.55;0.46;236.69;3.83;882;12;1512.00;58
3589;12;623676519;3589;309;4476;4530;7.56;0.46;236.69;3.82;887;12;1513.00;54
3591;12;623676530;3591;304;4481;4530;7.61;0.47;236.72;3.82;890;12;1514.00;49
3594;12;623676541;3594;304;4487;4530;7.64;0.47;236.74;3.83;893;12;1515.00;43
3595;12;623676551;3595;303;4492;4530;7.68;0.47;236.79;3.83;897;12;1516.00;38
3597;12;623676562;3597;300;4497;4530;7.66;0.47;236.85;3.84;900;12;1517.00;33
3598;12;623676573;3598;301;4500;4530;7.74;0.47;236.91;3.84;902;12;1518.00;30
3601;12;623676584;3601;296;4503;4530;7.83;0.48;236.91;3.84;902;12;1519.00;27
3605;12;623676596;3605;304;4506;4531;7.90;0.48;236.93;3.84;901;12;1520.00;25
3609;12;623676608;3609;302;4508;4532;7.92;0.48;236.89;3.84;899;12;1521.00;24
3612;13;623676624;3612;306;4511;4532;7.84;0.48;237.06;3.85;899;13;1522.00;21
3615;13;623676654;3615;308;4515;4536;7.73;0.47;237.09;3.85;900;13;1523.00;21
3618;13;623676670;3618;311;4515;4536;7.68;0.47;237.17;3.85;897;13;1524.00;21
3619;13;623676682;3619;311;4515;4536;7.62;0.47;237.23;3.85;896;13;1525.00;21
3626;13;623676694;3626;313;4515;4536;7.52;0.46;237.24;3.85;889;13;1526.00;21
3629;13;623676705;3629;319;4520;4542;7.46;0.46;237.31;3.85;891;13;1527.00;22
3633;13;623676716;3633;330;4520;4542;7.37;0.45;237.41;3.85;887;13;1528.00;22
3637;13;623676727;3637;330;4521;4542;7.18;0.44;237.57;3.86;884;13;1529.00;21
3638;13;623676745;3638;326;4525;4548;7.06;0.43;237.59;3.86;887;13;1530.00;23
3643;13;623676756;3643;319;4525;4548;6.93;0.42;237.70;3.86;882;13;1531.00;23
3648;13;623676767;3648;321;4527;4548;6.75;0.41;237.77;3.87;879;13;1532.00;21
3650;13;623676777;3650;314;4528;4549;6.69;0.41;237.81;3.87;878;13;1533.00;21
3653;13;623676788;3653;328;4530;4550;6.64;0.41;237.95;3.87;877;13;1534.00;20
3659;13;623676798;3659;322;4532;4550;6.60;0.40;237.83;3.88;873;13;1535.00;18
3661;13;623676809;3661;325;4543;4563;6.65;0.41;237.94;3.87;882;13;1536.00;20
3667;13;623676820;3667;317;4544;4563;6.68;0.41;238.23;3.87;877;13;1537.00;19
3671;13;623676832;3671;314;4546;4563;6.68;0.41;238.25;3.87;875;13;1538.00;17
3673;13;623676843;3673;309;4548;4564;6.65;0.41;238.28;3.88;875;13;1539.00;16
3678;13;623676854;3678;310;4548;4564;6.64;0.41;238.49;3.88;870;13;1540.00;16
3681;13;623676864;3681;314;4556;4568;6.69;0.41;238.51;3.92;875;13;1541.00;12
3687;13;623676875;3687;311;4558;4568;6.64;0.41;238.81;3.92;871;13;1542.00;10
3691;13;623676886;3691;306;4562;4572;6.64;0.41;238.86;3.92;871;13;1543.00;10
3694;13;623676897;3694;309;4564;4572;6.72;0.41;238.92;3.93;870;13;1544.00;8
3696;13;623676907;3696;308;4564;4572;6.73;0.41;239.07;3.93;868;13;1545.00;8
3698;13;623676918;3698;313;4565;4572;6.75;0.41;239.11;3.93;867;13;1546.00;7
3702;13;623676927;3702;316;4566;4572;6.67;0.41;239.11;3.93;864;13;1547.00;6
3705;13;623676938;3705;313;4577;4584;6.66;0.41;239.10;3.92;872;13;1548.00;7
3711;13;623676949;3711;318;4578;4584;6.56;0.40;239.27;3.92;867;13;1549.00;6
3714;13;623676959;3714;320;4578;4584;6.57;0.40;239.51;3.92;864;13;1550.00;6
3715;13;623676970;3715;323;4578;4584;6.64;0.41;239.50;3.92;863;13;1551.00;6
3722;13;623676980;3722;322;4578;4584;6.65;0.41;239.81;3.92;856;13;1552.00;6
3724;13;623676991;3724;321;4578;4584;6.72;0.41;239.81;3.92;854;13;1553.00;6
3728;13;623677001;3728;321;4579;4585;6.72;0.41;239.79;3.92;851;13;1554.00;6
3738;13;623677012;3738;328;4581;4587;6.63;0.41;240.02;3.92;843;13;1555.00;6
3741;13;623677024;3741;330;4586;4593;6.50;0.40;239.98;3.91;845;13;1556.00;7
3743;13;623677035;3743;340;4588;4594;6.45;0.39;239.99;3.91;845;13;1557.00;6
3747;13;623677047;3747;338;4588;4594;6.41;0.39;239.88;3.91;841;13;1558.00;6
3751;13;623677060;3751;341;4588;4594;6.39;0.39;239.89;3.91;837;13;1559.00;6
3753;13;623677076;3753;346;4593;4599;6.43;0.39;239.90;3.91;840;13;1560.00;6
3755;13;623677088;3755;346;4593;4599;6.43;0.39;240.00;3.91;838;13;1561.00;6
3760;13;623677098;3760;345;4593;4599;6.36;0.39;239.98;3.91;833;13;1562.00;6
3766;13;623677109;3766;347;4594;4600;6.34;0.39;239.88;3.91;828;13;1563.00;6
3768;13;623677119;3768;349;4598;4604;6.43;0.39;239.88;3.91;830;13;1564.00;6
3772;13;623677130;3772;353;4598;4604;6.39;0.39;239.91;3.91;826;13;1565.00;6
3777;13;623677139;3777;352;4600;4607;6.32;0.39;239.88;3.90;823;13;1566.00;7
3779;13;623677148;3779;358;4601;4607;6.28;0.38;239.91;3.90;822;13;1567.00;6
3783;13;623677157;3783;364;4601;4607;6.18;0.38;239.85;3.90;818;13;1568.00;6
3787;13;623677166;3787;358;4601;4607;6.05;0.37;239.85;3.90;814;13;1569.00;6
3789;13;623677174;3789;365;4605;4611;6.02;0.37;239.92;3.90;816;13;1570.00;6
3793;13;623677184;3793;372;4605;4611;5.95;0.36;239.91;3.90;812;13;1571.00;6
3798;13;623677193;3798;376;4605;4611;5.87;0.36;239.77;3.90;807;13;1572.00;6
3801;13;623677202;3801;376;4605;4611;5.84;0.36;239.72;3.90;804;13;1573.00;6
3805;13;623677210;3805;384;4607;4612;5.78;0.35;239.59;3.93;802;13;1574.00;5
3810;13;623677219;3810;386;4609;4614;5.76;0.35;239.63;3.93;799;13;1575.00;5
3811;13;623677229;3811;390;4609;4614;5.74;0.35;239.66;3.93;798;13;1576.00;5
3811;13;623677237;3811;381;4610;4615;5.72;0.35;239.66;3.93;799;13;1577.00;5
3813;13;623677246;3813;370;4610;4615;5.64;0.34;239.70;3.93;797;13;1578.00;5
3816;13;623677255;3816;362;4610;4615;5.58;0.34;239.79;3.93;794;13;1579.00;5
3818;13;623677263;3818;364;4610;4615;5.60;0.34;239.75;3.93;792;13;1580.00;5
3819;13;623677272;3819;359;4610;4615;5.62;0.34;239.76;3.93;791;13;1581.00;5
3820;13;623677280;3820;359;4610;4615;5.69;0.35;239.76;3.93;790;13;1582.00;5
3820;13;623677289;3820;358;4610;4615;5.76;0.35;239.76;3.93;790;13;1583.00;5
3822;13;623677297;3822;373;4681;4742;6.25;0.39;239.84;3.87;859;13;1584.00;61
3822;13;623677316;3822;369;4684;4743;6.32;0.39;239.84;3.87;862;13;1585.00;59
3823;13;623677331;3823;356;4693;4743;6.44;0.40;239.87;3.86;870;13;1586.00;50
3826;13;623677348;3826;326;4697;4743;6.55;0.40;239.79;3.86;871;13;1587.00;46
3827;13;623677358;3827;306;4702;4743;6.68;0.41;239.78;3.86;875;13;1588.00;41
3828;13;623677368;3828;302;4704;4743;6.77;0.42;239.76;3.86;876;13;1589.00;39
3828;13;623677380;3828;294;4706;4743;6.90;0.42;239.76;3.86;878;13;1590.00;37
3831;13;623677391;3831;285;4709;4743;6.99;0.43;239.78;3.90;878;13;1591.00;34
3832;13;623677403;3832;285;4712;4744;7.12;0.44;239.79;3.90;880;13;1592.00;32
3832;13;623677414;3832;277;4716;4745;7.24;0.44;239.79;3.90;884;13;1593.00;29
3832;13;623677431;3832;276;4718;4745;7.32;0.45;239.79;3.91;886;13;1594.00;27
3832;13;623677441;3832;277;4720;4746;7.46;0.46;239.79;3.91;888;13;1595.00;26
3833;13;623677452;3833;270;4722;4746;7.61;0.47;239.83;3.91;889;13;1596.00;24
3834;13;623677464;3834;267;4724;4746;7.73;0.47;239.84;3.92;890;13;1597.00;22
3835;13;623677482;3835;267;4728;4746;7.88;0.48;239.82;3.92;893;13;1598.00;18
3837;13;623677493;3837;274;4731;4750;7.98;0.49;239.81;3.92;894;13;1599.00;19
3837;13;623677506;3837;271;4734;4750;8.09;0.50;239.81;3.93;897;13;1600.00;16
3840;13;623677520;3840;265;4736;4750;8.14;0.50;239.75;3.96;896;13;1601.00;14
3841;13;623677532;3841;264;4737;4753;8.22;0.50;239.87;3.96;896;13;1602.00;16
3843;13;623677544;3843;262;4737;4753;8.30;0.51;239.85;3.96;894;13;1603.00;16
3843;13;623677562;3843;256;4739;4753;8.36;0.51;239.85;3.97;896;13;1604.00;14
3845;13;623677574;3845;252;4742;4757;8.41;0.51;239.80;3.97;897;13;1605.00;15
3847;13;623677586;3847;247;4744;4758;8.57;0.52;239.77;3.97;897;13;1606.00;14
3849;13;623677598;3849;239;4745;4758;8.68;0.53;239.80;3.97;896;13;1607.00;13
3851;13;623677610;3851;234;4748;4762;8.86;0.54;239.77;3.96;897;13;1608.00;14
3856;13;623677622;3856;241;4749;4762;8.92;0.54;239.81;3.97;893;13;1609.00;13
3857;13;623677633;3857;233;4749;4762;9.04;0.55;239.86;3.97;892;13;1610.00;13
3861;13;623677645;3861;229;4750;4763;9.10;0.55;239.94;3.96;889;13;1611.00;13
3864;13;623677657;3864;227;4750;4763;9.18;0.56;239.97;3.96;886;13;1612.00;13
3866;13;623677668;3866;224;4755;4769;9.26;0.56;239.94;3.96;889;13;1613.00;14
3869;13;623677680;3869;219;4755;4769;9.29;0.56;239.97;3.96;886;13;1614.00;14
3870;13;623677692;3870;221;4755;4770;9.30;0.57;239.94;3.96;885;13;1615.00;15
3872;13;623677704;3872;219;4755;4770;9.31;0.57;239.95;3.96;883;13;1616.00;15
3873;13;623677714;3873;218;4756;4770;9.37;0.57;239.96;4.00;883;13;1617.00;14
3874;13;623677726;3874;216;4756;4770;9.43;0.57;239.97;4.00;882;13;1618.00;14
3879;13;623677737;3879;218;4756;4770;9.47;0.58;240.07;4.00;877;13;1619.00;14
3881;13;623677751;3881;219;4782;4806;9.53;0.58;240.02;3.98;901;13;1620.00;24
3883;13;623677765;3883;223;4782;4806;9.54;0.58;240.05;3.98;899;13;1621.00;24
3883;13;623677776;3883;221;4785;4806;9.59;0.59;240.05;3.97;902;13;1622.00;21
3885;13;623677788;3885;217;4785;4806;9.64;0.59;240.05;3.97;900;13;1623.00;21
3887;13;623677799;3887;214;4786;4806;9.67;0.59;240.11;3.97;899;13;1624.00;20
3891;13;623677811;3891;215;4786;4806;9.68;0.59;240.15;3.97;895;13;1625.00;20
3895;13;623677823;3895;217;4790;4810;9.69;0.59;240.09;3.97;895;13;1626.00;20
3897;13;623677835;3897;215;4790;4810;9.78;0.60;240.21;3.97;893;13;1627.00;20
3901;13;623677847;3901;212;4794;4814;9.89;0.60;240.14;3.97;893;13;1628.00;20
3904;13;623677858;3904;213;4795;4815;9.97;0.61;240.12;3.97;891;13;1629.00;20
3907;13;623677870;3907;206;4795;4815;10.00;0.61;240.22;3.97;888;13;1630.00;20
3910;13;623677887;3910;203;4795;4815;9.99;0.61;240.36;3.97;885;13;1631.00;20
3913;13;623677899;3913;203;4806;4828;9.97;0.61;240.35;3.96;893;13;1632.00;22
3917;13;623677911;3917;201;4807;4828;9.94;0.61;240.38;4.00;890;13;1633.00;21
3919;13;623677923;3919;196;4807;4828;9.94;0.61;240.35;4.00;888;13;1634.00;21
3924;13;623677935;3924;192;4809;4829;9.95;0.60;240.44;4.01;885;13;1635.00;20
3926;13;623677947;3926;193;4809;4830;10.01;0.61;240.51;4.01;883;13;1636.00;21
3931;13;623677958;3931;189;4809;4830;10.01;0.61;240.56;4.01;878;13;1637.00;21
3937;13;623677971;3937;190;4811;4833;10.09;0.61;240.52;4.01;874;13;1638.00;22
3940;13;623677983;3940;191;4812;4833;10.17;0.62;240.57;4.01;872;13;1639.00;21
3943;13;623677994;3943;191;4812;4833;10.24;0.62;240.56;4.01;869;13;1640.00;21
3945;13;623678006;3945;189;4812;4833;10.29;0.63;240.52;4.01;867;13;1641.00;21
3948;13;623678017;3948;194;4817;4839;10.37;0.63;240.54;4.00;869;13;1642.00;22
3951;13;623678029;3951;197;4817;4839;10.39;0.63;240.58;4.00;866;13;1643.00;22
3956;13;623678040;3956;195;4817;4839;10.36;0.63;240.48;4.00;861;13;1644.00;22
3961;13;623678056;3961;200;4817;4839;10.35;0.63;240.41;4.00;856;13;1645.00;22
3964;13;623678076;3964;202;4820;4843;10.27;0.62;240.51;4.00;856;13;1646.00;23
3966;13;623678103;3966;205;4821;4844;10.22;0.62;240.48;4.00;855;13;1647.00;23
3968;14;623678121;3968;206;4821;4844;10.17;0.62;240.49;4.00;853;14;1648.00;23
3969;14;623678173;3969;215;4822;4845;10.14;0.62;240.58;4.00;853;14;1649.00;23
3972;14;623678188;3972;212;4822;4845;10.07;0.61;240.82;4.00;850;14;1650.00;23
3975;14;623678199;3975;220;4823;4845;10.00;0.61;240.93;4.01;848;14;1651.00;22
3981;14;623678211;3981;224;4823;4845;9.93;0.60;240.94;4.01;842;14;1652.00;22
3983;14;623678223;3983;227;4823;4845;9.82;0.60;241.01;4.01;840;14;1653.00;22
3988;14;623678235;3988;225;4823;4845;9.72;0.59;241.00;4.01;835;14;1654.00;22
3988;14;623678246;3988;225;4823;4845;9.64;0.59;241.00;4.01;835;14;1655.00;22
3990;14;623678257;3990;238;4862;4915;9.58;0.58;241.09;3.99;872;14;1656.00;53
3992;14;623678274;3992;236;4862;4916;9.51;0.58;241.25;3.99;870;14;1657.00;54
3994;14;623678287;3994;235;4867;4916;9.45;0.58;241.29;3.99;873;14;1658.00;49
3995;14;623678304;3995;234;4871;4916;9.40;0.57;241.39;3.99;876;14;1659.00;45
3997;14;623678314;3997;245;4875;4916;9.39;0.57;241.44;3.99;878;14;1660.00;41
3999;14;623678325;3999;241;4877;4916;9.35;0.57;241.50;4.01;878;14;1661.00;39
4001;14;623678336;4001;247;4881;4916;9.33;0.57;241.59;4.02;880;14;1662.00;35
4004;14;623678347;4004;243;4884;4916;9.32;0.57;241.54;4.02;880;14;1663.00;32
4007;14;623678358;4007;243;4887;4917;9.33;0.57;241.63;4.04;880;14;1664.00;30
4012;14;623678369;4012;244;4892;4919;9.34;0.57;241.73;4.04;880;14;1665.00;27
4014;14;623678380;4014;248;4896;4919;9.35;0.57;241.73;4.06;882;14;1666.00;23
4016;14;623678396;4016;250;4900;4923;9.30;0.57;241.78;4.06;884;14;1667.00;23
4019;14;623678412;4019;248;4902;4923;9.18;0.56;241.76;4.08;883;14;1668.00;21
4021;14;623678423;4021;252;4902;4923;9.06;0.55;241.83;4.08;881;14;1669.00;21
4024;14;623678434;4024;261;4902;4923;9.02;0.55;241.91;4.08;878;14;1670.00;21
4026;14;623678444;4026;267;4909;4929;8.97;0.55;241.99;4.09;883;14;1671.00;20
4031;14;623678461;4031;276;4909;4929;8.89;0.54;242.07;4.09;878;14;1672.00;20
4034;14;623678473;4034;283;4909;4929;8.82;0.54;242.19;4.09;875;14;1673.00;20
4037;14;623678484;4037;288;4912;4932;8.79;0.54;242.29;4.10;875;14;1674.00;20
4039;14;623678496;4039;300;4912;4932;8.74;0.53;242.36;4.10;873;14;1675.00;20
4042;14;623678507;4042;303;4913;4932;8.59;0.52;242.31;4.10;871;14;1676.00;19
4044;14;623678518;4044;308;4916;4933;8.33;0.51;242.38;4.13;872;14;1677.00;17
4047;15;623678528;4047;317;4917;4934;8.13;0.50;242.39;4.13;870;15;1678.00;17
4049;15;623678551;4049;322;4917;4934;7.91;0.48;242.43;4.13;868;15;1679.00;17
4054;15;623678562;4054;332;4932;4960;7.73;0.47;242.32;4.13;878;15;1680.00;28
4057;15;623678574;4057;324;4933;4960;7.62;0.47;242.33;4.13;876;15;1681.00;27
4059;15;623678585;4059;320;4938;4960;7.56;0.46;242.35;4.15;879;15;1682.00;22
4062;15;623678595;4062;313;4941;4961;7.58;0.46;242.35;4.15;879;15;1683.00;20
4065;15;623678605;4065;316;4943;4961;7.61;0.47;242.39;4.15;878;15;1684.00;18
4069;15;623678615;4069;308;4947;4965;7.65;0.47;242.57;4.15;878;15;1685.00;18
4070;15;623678626;4070;307;4951;4965;7.63;0.47;242.56;4.17;881;15;1686.00;14
4074;15;623678636;4074;309;4953;4969;7.56;0.46;242.71;4.17;879;15;1687.00;16
4078;15;623678646;4078;310;4953;4969;7.53;0.46;242.89;4.17;875;15;1688.00;16
4081;15;623678657;4081;305;4956;4969;7.45;0.46;242.80;4.17;875;15;1689.00;13
4084;15;623678667;4084;312;4956;4969;7.28;0.45;242.93;4.17;872;15;1690.00;13
4089;15;623678678;4089;320;4959;4969;7.13;0.44;242.92;4.18;870;15;1691.00;10
4090;15;623678689;4090;323;4970;4981;7.02;0.43;242.90;4.17;880;15;1692.00;11
4096;15;623678701;4096;326;4971;4981;6.84;0.42;242.98;4.17;875;15;1693.00;10
4100;15;623678710;4100;322;4973;4981;6.72;0.41;243.10;4.17;873;15;1694.00;8
4103;15;623678720;4103;327;4973;4981;6.63;0.41;243.22;4.17;870;15;1695.00;8
4111;15;623678730;4111;330;4973;4981;6.47;0.40;243.45;4.17;862;15;1696.00;8
4112;15;623678741;4112;330;4973;4981;6.31;0.39;243.50;4.17;861;15;1697.00;8
4115;15;623678750;4115;334;4974;4982;6.22;0.38;243.53;4.17;859;15;1698.00;8
4119;15;623678760;4119;347;4974;4982;6.09;0.37;243.61;4.17;855;15;1699.00;8
4121;15;623678772;4121;343;4980;4988;6.05;0.37;243.58;4.17;859;15;1700.00;8
4124;15;623678786;4124;345;4981;4989;5.99;0.37;243.58;4.17;857;15;1701.00;8
4126;15;623678797;4126;351;4981;4989;5.96;0.37;243.67;4.17;855;15;1702.00;8
4133;15;623678805;4133;349;4981;4989;5.87;0.36;243.74;4.17;848;15;1703.00;8
4135;15;623678822;4135;344;4985;4993;5.94;0.36;243.84;4.16;850;15;1704.00;8
4137;15;623678832;4137;343;4985;4993;5.96;0.37;243.87;4.16;848;15;1705.00;8
4140;15;623678842;4140;341;4985;4993;5.99;0.37;243.84;4.16;845;15;1706.00;8
4142;15;623678851;4142;337;4986;4994;6.04;0.37;243.82;4.16;844;15;1707.00;8
4144;15;623678860;4144;337;4990;4998;6.13;0.38;243.92;4.16;846;15;1708.00;8
4148;15;623678870;4148;332;4990;4998;6.16;0.38;243.80;4.16;842;15;1709.00;8
4153;15;623678881;4153;331;4994;5004;6.21;0.38;243.97;4.16;841;15;1710.00;10
4157;15;623678891;4157;325;4994;5004;6.19;0.38;244.02;4.16;837;15;1711.00;10
4159;15;623678900;4159;321;4996;5004;6.25;0.38;243.97;4.15;837;15;1712.00;8
4162;15;623678910;4162;328;4996;5004;6.20;0.38;244.06;4.15;834;15;1713.00;8
4164;15;623678919;4164;326;5000;5008;6.19;0.38;244.07;4.15;836;15;1714.00;8
4168;15;623678929;4168;335;5000;5008;6.16;0.38;244.03;4.15;832;15;1715.00;8
4172;15;623678938;4172;331;5000;5008;6.08;0.37;244.01;4.15;828;15;1716.00;8
4175;15;623678948;4175;335;5000;5008;5.98;0.37;244.00;4.15;825;15;1717.00;8
4178;15;623678956;4178;337;5001;5009;5.90;0.36;244.07;4.15;823;15;1718.00;8
4184;15;623678965;4184;340;5002;5010;5.80;0.36;244.03;4.15;818;15;1719.00;8
4185;15;623678976;4185;334;5002;5010;5.76;0.35;243.99;4.15;817;15;1720.00;8
4192;15;623678985;4192;340;5003;5011;5.70;0.35;243.76;4.15;811;15;1721.00;8
4197;15;623678995;4197;346;5003;5011;5.64;0.34;243.65;4.15;806;15;1722.00;8
4202;15;623679004;4202;339;5003;5011;5.56;0.34;243.60;4.15;801;15;1723.00;8
4203;15;623679013;4203;340;5003;5011;5.54;0.34;243.55;4.15;800;15;1724.00;8
4207;15;623679022;4207;345;5003;5011;5.48;0.33;243.59;4.15;796;15;1725.00;8
4211;15;623679033;4211;345;5003;5011;5.44;0.33;243.61;4.15;792;15;1726.00;8
4214;15;623679042;4214;344;5003;5011;5.44;0.33;243.59;4.15;789;15;1727.00;8
4216;15;623679051;4216;360;5080;5138;5.91;0.37;243.58;4.09;864;15;1728.00;58
4221;15;623679071;4221;352;5083;5139;5.88;0.36;243.60;4.09;862;15;1729.00;56
4222;15;623679081;4222;348;5092;5139;6.05;0.37;243.63;4.08;870;15;1730.00;47
4224;15;623679091;4224;348;5094;5139;6.15;0.38;243.67;4.08;870;15;1731.00;45
4226;15;623679101;4226;339;5100;5139;6.22;0.38;243.70;4.12;874;15;1732.00;39
4226;15;623679110;4226;334;5102;5139;6.27;0.39;243.70;4.12;876;15;1733.00;37
4228;15;623679119;4228;347;5105;5139;6.22;0.38;243.73;4.13;877;15;1734.00;34
4231;15;623679128;4231;348;5108;5139;6.17;0.38;243.84;4.13;877;15;1735.00;31
4234;15;623679138;4234;353;5110;5140;6.07;0.37;243.85;4.13;876;15;1736.00;30
4237;15;623679147;4237;367;5114;5141;6.00;0.37;243.82;4.13;877;15;1737.00;27
4239;15;623679157;4239;366;5116;5141;5.90;0.36;243.82;4.13;877;15;1738.00;25
4242;15;623679167;4242;352;5119;5142;5.87;0.36;243.81;4.14;877;15;1739.00;23
4244;15;623679178;4244;346;5120;5142;5.81;0.36;243.84;4.14;876;15;1740.00;22
4244;15;623679194;4244;347;5122;5142;5.87;0.36;243.84;4.14;878;15;1741.00;20
4247;15;623679203;4247;348;5125;5142;5.91;0.36;243.84;4.15;878;15;1742.00;17
4248;15;623679214;4248;348;5129;5146;5.99;0.37;243.87;4.15;881;15;1743.00;17
4248;15;623679230;4248;346;5131;5146;6.02;0.37;243.87;4.15;883;15;1744.00;15
4250;15;623679239;4250;340;5133;5146;6.06;0.37;243.84;4.15;883;15;1745.00;13
4251;15;623679255;4251;342;5136;5149;6.13;0.38;243.86;4.16;885;15;1746.00;13
4252;15;623679266;4252;330;5136;5149;6.17;0.38;243.87;4.16;884;15;1747.00;13
4255;15;623679276;4255;319;5138;5149;6.22;0.38;243.96;4.16;883;15;1748.00;11
4256;15;623679293;4256;312;5141;5153;6.32;0.39;243.99;4.16;885;15;1749.00;12
4258;15;623679304;4258;307;5143;5154;6.46;0.40;243.98;4.16;885;15;1750.00;11
4261;15;623679315;4261;303;5144;5154;6.58;0.40;243.98;4.16;883;15;1751.00;10
4264;15;623679326;4264;301;5147;5158;6.67;0.41;243.92;4.16;883;15;1752.00;11
4265;15;623679337;4265;301;5147;5158;6.78;0.42;243.93;4.16;882;15;1753.00;11
4269;15;623679353;4269;298;5147;5158;6.82;0.42;243.88;4.16;878;15;1754.00;11
4270;15;623679364;4270;292;5149;5160;6.91;0.42;243.89;4.16;879;15;1755.00;11
4273;15;623679375;4273;277;5149;5160;7.00;0.43;243.92;4.16;876;15;1756.00;11
4274;15;623679386;4274;267;5154;5166;7.13;0.44;243.90;4.15;880;15;1757.00;12
4276;15;623679397;4276;255;5155;5166;7.24;0.44;243.98;4.19;879;15;1758.00;11
4279;15;623679409;4279;243;5155;5167;7.40;0.45;243.88;4.19;876;15;1759.00;12
4282;15;623679420;4282;238;5155;5167;7.51;0.46;243.94;4.19;873;15;1760.00;12
4284;15;623679431;4284;234;5155;5167;7.60;0.46;243.88;4.19;871;15;1761.00;12
4289;15;623679443;4289;227;5155;5167;7.68;0.47;244.02;4.19;866;15;1762.00;12
4292;15;623679455;4292;223;5155;5167;7.80;0.47;244.18;4.19;863;15;1763.00;12
4293;15;623679467;4293;217;5164;5179;8.11;0.49;244.20;4.18;871;15;1764.00;15
4294;15;623679479;4294;207;5164;5179;8.27;0.50;244.16;4.18;870;15;1765.00;15
4297;15;623679491;4297;191;5166;5179;8.50;0.52;244.22;4.18;869;15;1766.00;13
4297;15;623679502;4297;187;5166;5179;8.68;0.53;244.22;4.18;869;15;1767.00;13
4299;15;623679514;4299;182;5166;5179;8.83;0.54;244.27;4.18;867;15;1768.00;13
4303;15;623679526;4303;181;5166;5179;8.97;0.54;244.42;4.18;863;15;1769.00;13
4307;15;623679540;4307;182;5169;5183;9.01;0.55;244.49;4.18;862;15;1770.00;14
4309;15;623679557;4309;182;5169;5183;9.10;0.55;244.60;4.18;860;15;1771.00;14
4311;15;623679569;4311;179;5173;5187;9.21;0.56;244.68;4.17;862;15;1772.00;14
4314;15;623679581;4314;175;5174;5188;9.28;0.56;244.71;4.17;860;15;1773.00;14
4317;15;623679594;4317;178;5175;5188;9.35;0.57;244.85;4.21;858;15;1774.00;13
4319;15;623679606;4319;176;5175;5188;9.46;0.57;244.93;4.21;856;15;1775.00;13
4322;15;623679617;4322;170;5186;5201;9.56;0.58;245.04;4.20;864;15;1776.00;15
4325;15;623679630;4325;165;5186;5201;9.56;0.58;245.14;4.20;861;15;1777.00;15
4325;15;623679641;4325;170;5186;5201;9.53;0.58;245.14;4.20;861;15;1778.00;15
4330;15;623679659;4330;163;5187;5202;9.47;0.58;245.10;4.20;857;15;1779.00;15
4333;15;623679670;4333;167;5188;5203;9.49;0.58;245.24;4.23;855;15;1780.00;15
4335;15;623679681;4335;161;5188;5203;9.57;0.58;245.25;4.23;853;15;1781.00;15
4336;15;623679698;4336;163;5190;5206;9.73;0.59;245.27;4.23;854;15;1782.00;16
4338;15;623679710;4338;163;5190;5206;9.74;0.59;245.45;4.23;852;15;1783.00;16
4341;15;623679721;4341;165;5191;5206;9.79;0.60;245.41;4.23;850;15;1784.00;15
4343;15;623679732;4343;166;5192;5206;9.75;0.60;245.39;4.26;849;15;1785.00;14
4345;15;623679743;4345;172;5197;5212;9.79;0.60;245.41;4.25;852;15;1786.00;15
4349;15;623679756;4349;166;5197;5212;9.83;0.60;245.36;4.25;848;15;1787.00;15
4352;15;623679768;4352;168;5197;5212;9.87;0.60;245.35;4.25;845;15;1788.00;15
4356;15;623679779;4356;166;5197;5212;9.89;0.60;245.37;4.25;841;15;1789.00;15
4357;15;623679791;4357;166;5200;5216;9.93;0.60;245.39;4.25;843;15;1790.00;16
4358;15;623679803;4358;166;5202;5217;10.01;0.61;245.39;4.28;844;15;1791.00;15
4361;15;623679814;4361;166;5202;5217;10.09;0.61;245.50;4.28;841;15;1792.00;15
4365;15;623679826;4365;165;5203;5218;10.13;0.62;245.57;4.28;838;15;1793.00;15
4365;15;623679838;4365;168;5204;5218;10.25;0.62;245.57;4.30;839;15;1794.00;14
4369;15;623679851;4369;167;5204;5218;10.28;0.63;245.68;4.30;835;15;1795.00;14
4372;15;623679863;4372;169;5204;5218;10.31;0.63;245.70;4.30;832;15;1796.00;14
4377;15;623679877;4377;170;5205;5218;10.35;0.63;245.83;4.32;828;15;1797.00;13
4380;15;623679889;4380;174;5205;5218;10.36;0.63;245.82;4.32;825;15;1798.00;13
4386;15;623679902;4386;171;5206;5218;10.33;0.63;245.96;4.33;820;15;1799.00;12
4390;15;623679918;4390;194;5269;5356;10.06;0.62;245.97;4.28;879;15;1800.00;87
4395;15;623679944;4395;184;5269;5357;10.10;0.62;245.92;4.28;874;15;1801.00;88
4395;15;623679956;4395;175;5281;5357;10.05;0.62;245.92;4.29;886;15;1802.00;76
4400;15;623679969;4400;168;5281;5357;10.03;0.62;246.05;4.29;881;15;1803.00;76
4405;15;623679981;4405;169;5287;5357;10.03;0.62;246.11;4.29;882;15;1804.00;70
4408;15;623679992;4408;170;5293;5357;10.00;0.61;246.14;4.31;885;15;1805.00;64
4410;15;623680004;4410;171;5300;5357;10.02;0.61;246.10;4.31;890;15;1806.00;57
4415;15;623680016;4415;173;5305;5357;9.94;0.61;246.25;4.31;890;15;1807.00;52
4419;15;623680028;4419;172;5311;5358;9.90;0.61;246.28;4.32;892;15;1808.00;47
4420;15;623680040;4420;181;5316;5359;9.90;0.61;246.29;4.32;896;15;1809.00;43
4423;15;623680056;4423;181;5318;5359;9.88;0.60;246.26;4.32;895;15;1810.00;41
4432;15;623680077;4432;181;5322;5363;9.87;0.60;246.32;4.32;890;15;1811.00;41
4435;15;623680100;4435;181;5324;5363;9.87;0.60;246.30;4.32;889;15;1812.00;39
4438;15;623680118;4438;177;5325;5363;9.82;0.60;246.33;4.32;887;15;1813.00;38
4440;15;623680137;4440;175;5325;5363;9.75;0.60;246.32;4.32;885;15;1814.00;38
4442;15;623680155;4442;177;5329;5369;9.70;0.59;246.30;4.32;887;15;1815.00;40
4446;15;623680178;4446;182;5329;5369;9.69;0.59;246.37;4.32;883;15;1816.00;40
4447;15;623680192;4447;193;5329;5369;9.68;0.59;246.40;4.32;882;15;1817.00;40
4452;15;623680204;4452;195;5332;5372;9.61;0.59;246.39;4.32;880;15;1818.00;40
4455;16;623680217;4455;199;5333;5372;9.57;0.58;246.44;4.33;878;16;1819.00;39
4460;16;623680254;4460;205;5334;5372;9.58;0.58;246.42;4.33;874;16;1820.00;38
4465;16;623680266;4465;203;5335;5373;9.57;0.58;246.60;4.33;870;16;1821.00;38
4466;16;623680279;4466;203;5337;5374;9.58;0.58;246.68;4.33;871;16;1822.00;37
4469;16;623680290;4469;204;5339;5374;9.57;0.58;246.70;4.34;870;16;1823.00;35
4474;16;623680302;4474;209;5347;5387;9.45;0.58;246.74;4.33;873;16;1824.00;40
4475;16;623680316;4475;207;5350;5387;9.41;0.57;246.79;4.34;875;16;1825.00;37
4477;16;623680328;4477;206;5351;5387;9.38;0.57;246.83;4.34;874;16;1826.00;36
4478;16;623680340;4478;211;5353;5388;9.43;0.58;246.86;4.34;875;16;1827.00;35
4483;16;623680352;4483;219;5353;5388;9.38;0.57;246.87;4.34;870;16;1828.00;35
4487;16;623680364;4487;225;5357;5392;9.34;0.57;246.93;4.34;870;16;1829.00;35
4489;16;623680378;4489;227;5357;5392;9.31;0.57;247.17;4.34;868;16;1830.00;35
4494;16;623680390;4494;232;5362;5396;9.14;0.56;247.25;4.36;868;16;1831.00;34
4497;16;623680402;4497;234;5363;5396;9.01;0.55;247.34;4.36;866;16;1832.00;33
4500;16;623680413;4500;236;5365;5396;8.95;0.55;247.44;4.38;865;16;1833.00;31
4502;16;623680424;4502;239;5365;5396;8.91;0.54;247.52;4.38;863;16;1834.00;31
4506;16;623680435;4506;243;5367;5396;8.86;0.54;247.65;4.41;861;16;1835.00;29
4507;16;623680446;4507;253;5378;5408;8.85;0.54;247.73;4.40;871;16;1836.00;30
4510;16;623680458;4510;254;5380;5408;8.79;0.54;247.75;4.41;870;16;1837.00;28
4514;16;623680470;4514;253;5380;5408;8.78;0.54;247.91;4.41;866;16;1838.00;28
4515;16;623680481;4515;264;5381;5408;8.73;0.53;247.88;4.42;866;16;1839.00;27
4516;16;623680492;4516;267;5382;5408;8.70;0.53;247.94;4.43;866;16;1840.00;26
4521;16;623680503;4521;272;5383;5408;8.63;0.53;247.95;4.44;862;16;1841.00;25
4525;16;623680514;4525;284;5384;5409;8.50;0.52;247.97;4.44;859;16;1842.00;25
4526;16;623680525;4526;288;5385;5409;8.40;0.51;248.00;4.45;859;16;1843.00;24
4530;16;623680536;4530;294;5391;5415;8.30;0.51;248.11;4.45;861;16;1844.00;24
4532;16;623680547;4532;303;5394;5417;8.23;0.50;248.21;4.46;862;16;1845.00;23
4533;16;623680558;4533;309;5395;5417;8.16;0.50;248.23;4.46;862;16;1846.00;22
4534;16;623680568;4534;317;5396;5417;8.04;0.49;248.32;4.47;862;16;1847.00;21
4539;16;623680578;4539;323;5400;5421;7.95;0.49;248.38;4.47;861;16;1848.00;21
4541;16;623680596;4541;327;5401;5421;7.85;0.48;248.46;4.48;860;16;1849.00;20
4545;16;623680607;4545;328;5402;5421;7.67;0.47;248.47;4.48;857;16;1850.00;19
4546;16;623680617;4546;327;5404;5422;7.57;0.46;248.50;4.49;858;16;1851.00;18
4550;16;623680627;4550;332;5408;5426;7.42;0.46;248.56;4.49;858;16;1852.00;18
4554;16;623680638;4554;333;5408;5426;7.27;0.45;248.61;4.49;854;16;1853.00;18
4554;16;623680648;4554;331;5410;5429;7.21;0.44;248.61;4.49;856;16;1854.00;19
4558;16;623680658;4558;332;5412;5429;7.11;0.44;248.60;4.50;854;16;1855.00;17
4561;16;623680668;4561;337;5413;5429;7.10;0.44;248.66;4.50;852;16;1856.00;16
4562;16;623680677;4562;336;5415;5429;7.11;0.44;248.63;4.51;853;16;1857.00;14
4564;16;623680687;4564;338;5420;5433;7.13;0.44;248.60;4.51;856;16;1858.00;13
4568;16;623680697;4568;339;5421;5433;7.10;0.44;248.57;4.51;853;16;1859.00;12
4568;16;623680708;4568;341;5421;5433;7.06;0.44;248.57;4.51;853;16;1860.00;12
4571;16;623680718;4571;347;5422;5433;6.95;0.43;248.61;4.51;851;16;1861.00;11
4572;16;623680726;4572;353;5422;5434;6.81;0.42;248.58;4.51;850;16;1862.00;12
4576;16;623680735;4576;362;5423;5435;6.59;0.41;248.58;4.51;847;16;1863.00;12
4578;16;623680744;4578;364;5424;5435;6.40;0.39;248.59;4.51;846;16;1864.00;11
4582;16;623680753;4582;372;5425;5436;6.15;0.38;248.54;4.51;843;16;1865.00;11
4586;16;623680762;4586;378;5425;5436;5.90;0.37;248.51;4.51;839;16;1866.00;11
4588;16;623680771;4588;382;5425;5436;5.80;0.36;248.49;4.51;837;16;1867.00;11
4590;16;623680779;4590;390;5425;5436;5.60;0.35;248.54;4.51;835;16;1868.00;11
4591;16;623680787;4591;394;5425;5436;5.47;0.34;248.50;4.51;834;16;1869.00;11
4596;16;623680795;4596;394;5425;5436;5.34;0.33;248.46;4.51;829;16;1870.00;11
4599;16;623680802;4599;393;5425;5436;5.30;0.33;248.38;4.51;826;16;1871.00;11
4601;16;623680811;4601;413;5498;5563;5.71;0.36;248.38;4.45;897;16;1872.00;65
4605;16;623680829;4605;404;5503;5564;5.71;0.36;248.34;4.45;898;16;1873.00;61
4609;16;623680839;4609;406;5511;5564;5.78;0.36;248.20;4.45;902;16;1874.00;53
4612;16;623680855;4612;404;5514;5564;5.80;0.36;248.18;4.45;902;16;1875.00;50
4616;16;623680865;4616;405;5520;5564;5.85;0.37;248.13;4.45;904;16;1876.00;44
4617;16;623680876;4617;400;5521;5564;5.90;0.37;248.26;4.45;904;16;1877.00;43
4620;16;623680889;4620;404;5524;5564;5.95;0.37;248.32;4.45;904;16;1878.00;40
4625;16;623680900;4625;396;5528;5564;6.00;0.37;248.27;4.45;903;16;1879.00;36
4626;16;623680911;4626;393;5530;5565;6.02;0.37;248.30;4.45;904;16;1880.00;35
4629;16;623680922;4629;395;5534;5566;6.02;0.37;248.31;4.45;905;16;1881.00;32
4634;16;623680933;4634;397;5539;5568;6.01;0.37;248.38;4.45;905;16;1882.00;29
4635;16;623680944;4635;396;5541;5569;6.00;0.37;248.35;4.45;906;16;1883.00;28
4640;16;623680955;4640;394;5542;5569;5.95;0.37;248.35;4.46;902;16;1884.00;27
4643;16;623680965;4643;404;5545;5569;5.98;0.37;248.33;4.46;902;16;1885.00;24
4644;16;623680977;4644;409;5548;5569;5.96;0.37;248.38;4.47;904;16;1886.00;21
4645;16;623680987;4645;412;5552;5573;5.96;0.37;248.35;4.47;907;16;1887.00;21
4649;16;623680998;4649;416;5554;5573;5.87;0.36;248.40;4.47;905;16;1888.00;19
4651;16;623681008;4651;417;5555;5573;5.83;0.36;248.38;4.47;904;16;1889.00;18
4653;16;623681020;4653;421;5558;5579;5.83;0.36;248.38;4.47;905;16;1890.00;21
4656;16;623681031;4656;412;5561;5579;5.80;0.36;248.42;4.47;905;16;1891.00;18
4659;16;623681044;4659;401;5561;5579;5.81;0.36;248.54;4.47;902;16;1892.00;18
4661;16;623681060;4661;392;5567;5583;5.85;0.36;248.58;4.47;906;16;1893.00;16
4664;16;623681072;4664;392;5568;5584;5.93;0.36;248.61;4.47;904;16;1894.00;16
4666;16;623681083;4666;391;5570;5584;5.99;0.37;248.64;4.48;904;16;1895.00;14
4671;16;623681094;4671;384;5574;5588;5.98;0.37;248.67;4.47;903;16;1896.00;14
4675;16;623681104;4675;375;5574;5588;6.01;0.37;248.68;4.47;899;16;1897.00;14
4678;16;623681120;4678;378;5574;5588;6.03;0.37;248.63;4.47;896;16;1898.00;14
4682;16;623681131;4682;378;5575;5589;6.05;0.37;248.79;4.47;893;16;1899.00;14
4687;16;623681144;4687;371;5575;5589;6.03;0.37;248.70;4.47;888;16;1900.00;14
4688;16;623681158;4688;368;5580;5595;6.08;0.37;248.70;4.47;892;16;1901.00;15
4691;16;623681177;4691;370;5580;5595;6.12;0.37;248.73;4.47;889;16;1902.00;15
4696;16;623681188;4696;371;5580;5596;6.12;0.37;248.73;4.47;884;16;1903.00;16
4698;16;623681198;4698;367;5580;5596;6.17;0.38;248.73;4.47;882;16;1904.00;16
4701;16;623681208;4701;363;5581;5596;6.18;0.38;248.75;4.49;880;16;1905.00;15
4707;16;623681225;4707;361;5581;5596;6.16;0.38;248.74;4.49;874;16;1906.00;15
4709;16;623681236;4709;360;5581;5596;6.16;0.38;248.76;4.49;872;16;1907.00;15
4712;16;623681246;4712;356;5590;5608;6.32;0.39;248.71;4.48;878;16;1908.00;18
4716;16;623681257;4716;353;5590;5608;6.30;0.39;248.68;4.48;874;16;1909.00;18
4719;16;623681268;4719;353;5592;5608;6.36;0.39;248.61;4.48;873;16;1910.00;16
4723;16;623681278;4723;347;5592;5608;6.36;0.39;248.64;4.48;869;16;1911.00;16
4724;16;623681289;4724;344;5592;5608;6.41;0.39;248.59;4.48;868;16;1912.00;16
4727;16;623681299;4727;337;5592;5608;6.50;0.40;248.51;4.48;865;16;1913.00;16
4728;16;623681309;4728;330;5595;5612;6.61;0.40;248.49;4.48;867;16;1914.00;17
4731;16;623681320;4731;323;5595;5612;6.62;0.40;248.62;4.48;864;16;1915.00;17
4732;16;623681330;4732;324;5599;5616;6.71;0.41;248.60;4.47;867;16;1916.00;17
4733;16;623681340;4733;311;5600;5617;6.76;0.41;248.64;4.47;867;16;1917.00;17
4734;16;623681352;4734;303;5600;5617;6.84;0.42;248.62;4.47;866;16;1918.00;17
4738;16;623681363;4738;292;5600;5617;6.89;0.42;248.65;4.47;862;16;1919.00;17
4741;16;623681377;4741;295;5624;5646;7.07;0.43;248.71;4.46;883;16;1920.00;22
4743;16;623681393;4743;288;5624;5646;7.15;0.43;248.76;4.46;881;16;1921.00;22
4745;16;623681405;4745;288;5625;5646;7.30;0.44;248.87;4.45;880;16;1922.00;21
4746;16;623681418;4746;283;5626;5647;7.42;0.45;248.94;4.45;880;16;1923.00;21
4746;16;623681435;4746;282;5626;5648;7.55;0.46;248.94;4.45;880;16;1924.00;22
4749;16;623681446;4749;278;5626;5648;7.60;0.46;249.08;4.45;877;16;1925.00;22
4749;16;623681457;4749;263;5629;5651;7.67;0.47;249.08;4.47;880;16;1926.00;22
4753;16;623681470;4753;252;5629;5651;7.70;0.47;249.09;4.47;876;16;1927.00;22
4754;16;623681491;4754;241;5630;5651;7.72;0.47;249.04;4.47;876;16;1928.00;21
4758;16;623681503;4758;240;5630;5651;7.79;0.47;249.14;4.47;872;16;1929.00;21
4760;16;623681515;4760;237;5635;5657;7.93;0.48;249.11;4.47;875;16;1930.00;22
4766;16;623681527;4766;231;5635;5657;7.99;0.49;249.34;4.47;869;16;1931.00;22
4769;16;623681539;4769;227;5635;5657;8.07;0.49;249.48;4.47;866;16;1932.00;22
4772;16;623681550;4772;222;5635;5657;8.19;0.50;249.56;4.47;863;16;1933.00;22
4776;16;623681562;4776;220;5638;5661;8.24;0.50;249.81;4.47;862;16;1934.00;23
4781;16;623681574;4781;216;5640;5663;8.30;0.50;249.92;4.47;859;16;1935.00;23
4782;16;623681586;4782;209;5640;5663;8.49;0.51;250.01;4.47;858;16;1936.00;23
4784;16;623681598;4784;213;5641;5664;8.62;0.52;249.99;4.47;857;16;1937.00;23
4787;16;623681609;4787;204;5641;5664;8.70;0.53;250.05;4.47;854;16;1938.00;23
4788;16;623681622;4788;205;5641;5664;8.87;0.54;250.07;4.47;853;16;1939.00;23
4793;16;623681633;4793;208;5641;5664;8.96;0.54;250.24;4.47;848;16;1940.00;23
4795;16;623681645;4795;205;5641;5664;9.07;0.55;250.29;4.47;846;16;1941.00;23
4795;16;623681657;4795;202;5641;5664;9.18;0.56;250.29;4.47;846;16;1942.00;23
4798;16;623681669;4798;195;5641;5664;9.28;0.56;250.41;4.47;843;16;1943.00;23
4799;16;623681680;4799;213;5683;5734;9.18;0.56;250.38;4.43;884;16;1944.00;51
4802;16;623681697;4802;202;5684;5735;9.29;0.56;250.44;4.46;882;16;1945.00;51
4804;16;623681709;4804;201;5689;5735;9.38;0.57;250.63;4.46;885;16;1946.00;46
4806;16;623681726;4806;195;5691;5735;9.55;0.58;250.62;4.46;885;16;1947.00;44
4809;16;623681738;4809;192;5693;5735;9.65;0.59;250.63;4.46;884;16;1948.00;42
4815;16;623681750;4815;196;5695;5735;9.71;0.59;250.77;4.46;880;16;1949.00;40
4819;16;623681764;4819;203;5700;5737;9.74;0.59;250.83;4.45;881;16;1950.00;37
4820;17;623681776;4820;198;5703;5737;9.80;0.60;250.86;4.46;883;17;1951.00;34
4823;17;623681794;4823;202;5705;5738;9.85;0.60;250.83;4.46;882;17;1952.00;33
4828;17;623681806;4828;203;5708;5739;9.85;0.60;250.99;4.46;880;17;1953.00;31
4829;17;623681819;4829;194;5709;5739;9.93;0.60;250.96;4.46;880;17;1954.00;30
4832;17;623681830;4832;202;5714;5743;9.94;0.60;250.99;4.46;882;17;1955.00;29
4832;17;623681842;4832;201;5715;5743;9.97;0.61;250.99;4.46;883;17;1956.00;28
4835;17;623681858;4835;200;5715;5743;9.99;0.61;251.01;4.46;880;17;1957.00;28
4840;17;623681870;4840;193;5715;5743;9.94;0.60;251.14;4.46;875;17;1958.00;28
4842;17;623681883;4842;195;5720;5749;9.96;0.60;251.17;4.46;878;17;1959.00;29
4844;17;623681897;4844;196;5720;5749;9.98;0.61;251.29;4.46;876;17;1960.00;29
4845;17;623681908;4845;195;5721;5749;10.02;0.61;251.27;4.48;876;17;1961.00;28
4847;17;623681920;4847;199;5724;5752;10.11;0.61;251.25;4.48;877;17;1962.00;28
4852;17;623681933;4852;201;5724;5752;10.18;0.62;251.34;4.48;872;17;1963.00;28
4856;17;623681945;4856;198;5724;5752;10.21;0.62;251.41;4.48;868;17;1964.00;28
4859;17;623681956;4859;203;5724;5753;10.24;0.62;251.53;4.48;865;17;1965.00;29
4862;17;623681970;4862;204;5725;5754;10.29;0.62;251.51;4.48;863;17;1966.00;29
4864;17;623681982;4864;208;5725;5754;10.30;0.62;251.54;4.48;861;17;1967.00;29
4865;17;623681993;4865;211;5735;5767;10.25;0.62;251.52;4.47;870;17;1968.00;32
4869;17;623682006;4869;206;5735;5767;10.28;0.62;251.48;4.47;866;17;1969.00;32
4872;17;623682017;4872;203;5735;5767;10.23;0.62;251.48;4.47;863;17;1970.00;32
4875;17;623682029;4875;201;5736;5768;10.23;0.62;251.62;4.47;861;17;1971.00;32
4877;17;623682041;4877;194;5736;5768;10.20;0.62;251.68;4.47;859;17;1972.00;32
4881;17;623682057;4881;190;5741;5772;10.21;0.62;251.72;4.47;860;17;1973.00;31
4888;17;623682074;4888;190;5742;5772;10.17;0.62;251.68;4.48;854;17;1974.00;30
4890;17;623682095;4890;191;5745;5776;10.15;0.62;251.68;4.48;855;17;1975.00;31
4895;17;623682116;4895;189;5746;5776;10.13;0.61;251.63;4.49;851;17;1976.00;30
4900;17;623682133;4900;189;5746;5776;10.08;0.61;251.71;4.49;846;17;1977.00;30
4903;17;623682152;4903;194;5746;5776;10.09;0.61;251.76;4.49;843;17;1978.00;30
4907;17;623682169;4907;188;5746;5776;10.05;0.61;251.71;4.49;839;17;1979.00;30
4911;17;623682184;4911;191;5767;5810;10.00;0.61;251.76;4.48;856;17;1980.00;43
4915;17;623682199;4915;191;5768;5810;9.94;0.61;251.69;4.48;853;17;1981.00;42
4918;17;623682212;4918;191;5770;5810;9.90;0.60;251.65;4.51;852;17;1982.00;40
4921;17;623682224;4921;187;5770;5810;9.84;0.60;251.86;4.51;849;17;1983.00;40
4923;17;623682236;4923;193;5771;5810;9.84;0.60;251.88;4.51;848;17;1984.00;39
4926;17;623682249;4926;191;5771;5810;9.84;0.60;251.94;4.51;845;17;1985.00;39
4927;17;623682261;4927;194;5771;5811;9.81;0.60;251.93;4.51;844;17;1986.00;40
4931;17;623682275;4931;188;5772;5811;9.82;0.60;252.00;4.51;841;17;1987.00;39
4933;17;623682287;4933;187;5776;5817;9.86;0.60;251.96;4.50;843;17;1988.00;41
4937;17;623682299;4937;187;5777;5818;9.82;0.60;251.96;4.50;840;17;1989.00;41
4941;17;623682311;4941;184;5777;5818;9.76;0.59;251.94;4.50;836;17;1990.00;41
4946;17;623682323;4946;185;5779;5818;9.70;0.59;251.98;4.51;833;17;1991.00;39
4950;17;623682334;4950;187;5783;5822;9.68;0.59;251.99;4.52;833;17;1992.00;39
4951;17;623682346;4951;194;5785;5822;9.63;0.58;252.08;4.52;834;17;1993.00;37
4953;17;623682358;4953;195;5785;5822;9.61;0.58;252.01;4.52;832;17;1994.00;37
4959;17;623682369;4959;198;5786;5823;9.54;0.58;252.16;4.52;827;17;1995.00;37
4961;17;623682381;4961;206;5791;5827;9.46;0.58;252.17;4.53;830;17;1996.00;36
4963;17;623682393;4963;210;5791;5827;9.43;0.57;252.21;4.53;828;17;1997.00;36
4966;17;623682405;4966;218;5793;5830;9.39;0.57;252.29;4.53;827;17;1998.00;37
4967;17;623682416;4967;219;5794;5830;9.33;0.57;252.33;4.53;827;17;1999.00;36
4968;17;623682430;4968;220;5796;5830;9.30;0.57;252.44;4.55;828;17;2000.00;34
4971;17;623682445;4971;229;5796;5830;9.24;0.56;252.47;4.55;825;17;2001.00;34
4973;17;623682456;4973;237;5801;5834;9.17;0.56;252.53;4.56;828;17;2002.00;33
4977;17;623682469;4977;239;5802;5834;9.08;0.55;252.60;4.57;825;17;2003.00;32
4979;17;623682480;4979;245;5802;5834;8.98;0.55;252.62;4.57;823;17;2004.00;32
4982;17;623682491;4982;250;5804;5834;8.84;0.54;252.71;4.59;822;17;2005.00;30
4985;17;623682502;4985;258;5804;5835;8.72;0.53;252.75;4.59;819;17;2006.00;31
4987;17;623682513;4987;266;5806;5836;8.58;0.52;252.74;4.60;819;17;2007.00;30
4989;17;623682523;4989;274;5807;5836;8.39;0.51;252.75;4.61;818;17;2008.00;29
4993;17;623682534;4993;278;5809;5837;8.24;0.50;252.83;4.62;816;17;2009.00;28
4993;17;623682546;4993;284;5809;5837;8.18;0.50;252.83;4.62;816;17;2010.00;28
4996;17;623682555;4996;293;5810;5837;8.06;0.49;252.78;4.63;814;17;2011.00;27
4999;17;623682567;4999;297;5811;5837;7.98;0.49;252.70;4.64;812;17;2012.00;26
5000;17;623682577;5000;307;5812;5837;7.90;0.48;252.67;4.65;812;17;2013.00;25
5003;17;623682586;5003;314;5814;5837;7.76;0.48;252.60;4.67;811;17;2014.00;23
5005;17;623682597;5005;320;5814;5837;7.61;0.47;252.57;4.67;809;17;2015.00;23
5006;17;623682606;5006;344;5878;5964;7.65;0.48;252.55;4.62;872;17;2016.00;86
5008;17;623682625;5008;348;5884;5965;7.49;0.47;252.51;4.63;876;17;2017.00;81
5009;17;623682636;5009;349;5894;5965;7.43;0.46;252.47;4.63;885;17;2018.00;71
5010;17;623682646;5010;344;5898;5965;7.38;0.46;252.43;4.65;888;17;2019.00;67
5013;17;623682656;5013;345;5907;5965;7.36;0.46;252.48;4.66;894;17;2020.00;58
5016;17;623682666;5016;339;5910;5965;7.25;0.45;252.36;4.66;894;17;2021.00;55
5017;17;623682677;5017;336;5915;5965;7.18;0.45;252.34;4.67;898;17;2022.00;50
5021;17;623682687;5021;333;5919;5965;7.14;0.44;252.30;4.67;898;17;2023.00;46
5025;17;623682697;5025;330;5920;5966;7.09;0.44;252.22;4.67;895;17;2024.00;46
5028;17;623682708;5028;332;5928;5968;7.10;0.44;252.15;4.68;900;17;2025.00;40
5030;17;623682718;5030;330;5929;5968;7.09;0.44;252.17;4.68;899;17;2026.00;39
5032;17;623682728;5032;331;5932;5969;7.08;0.44;252.12;4.68;900;17;2027.00;37
5033;17;623682738;5033;338;5937;5969;7.02;0.43;252.10;4.69;904;17;2028.00;32
5035;17;623682748;5035;344;5938;5969;6.92;0.43;252.08;4.69;903;17;2029.00;31
5037;17;623682765;5037;351;5939;5969;6.82;0.42;252.06;4.69;902;17;2030.00;30
5040;17;623682776;5040;364;5945;5973;6.76;0.42;252.09;4.70;905;17;2031.00;28
5043;17;623682787;5043;369;5947;5973;6.66;0.41;252.01;4.70;904;17;2032.00;26
5046;17;623682797;5046;381;5948;5973;6.53;0.40;252.02;4.70;902;17;2033.00;25
5048;17;623682807;5048;385;5953;5976;6.43;0.40;252.13;4.71;905;17;2034.00;23
5051;17;623682817;5051;393;5955;5976;6.27;0.39;252.17;4.71;904;17;2035.00;21
5051;17;623682826;5051;396;5957;5976;6.12;0.38;252.17;4.71;906;17;2036.00;19
5053;17;623682835;5053;401;5962;5980;5.95;0.37;252.23;4.71;909;17;2037.00;18
5057;17;623682845;5057;411;5964;5981;5.80;0.36;252.17;4.72;907;17;2038.00;17
5059;17;623682854;5059;415;5965;5981;5.63;0.35;252.16;4.72;906;17;2039.00;16
5062;17;623682865;5062;409;5969;5986;5.51;0.34;252.19;4.71;907;17;2040.00;17
5064;17;623682875;5064;413;5970;5986;5.43;0.33;252.18;4.71;906;17;2041.00;16
5066;17;623682884;5066;412;5971;5986;5.39;0.33;252.15;4.71;905;17;2042.00;15
5067;17;623682893;5067;403;5972;5987;5.40;0.33;252.18;4.71;905;17;2043.00;15
5069;17;623682903;5069;401;5972;5987;5.44;0.34;252.23;4.71;903;17;2044.00;15
5071;17;623682912;5071;398;5978;5993;5.52;0.34;252.23;4.71;907;17;2045.00;15
5073;17;623682923;5073;391;5978;5993;5.57;0.34;252.24;4.71;905;17;2046.00;15
5074;17;623682933;5074;383;5979;5994;5.63;0.35;252.27;4.71;905;17;2047.00;15
5079;17;623682951;5079;372;5979;5994;5.67;0.35;252.20;4.71;900;17;2048.00;15
5081;17;623682962;5081;371;5979;5994;5.77;0.36;252.18;4.71;898;17;2049.00;15
5082;17;623682973;5082;358;5979;5994;5.94;0.37;252.16;4.71;897;17;2050.00;15
5084;17;623682983;5084;353;5979;5994;5.97;0.37;252.13;4.71;895;17;2051.00;15
5088;17;623682999;5088;342;5990;6006;6.10;0.38;252.18;4.70;902;17;2052.00;16
5095;17;623683011;5095;341;5991;6006;6.19;0.38;252.00;4.70;896;17;2053.00;15
5096;17;623683022;5096;345;5991;6006;6.25;0.38;252.03;4.70;895;17;2054.00;15
5101;17;623683032;5101;344;5991;6006;6.24;0.38;252.05;4.70;890;17;2055.00;15
5101;17;623683043;5101;349;5991;6006;6.28;0.38;252.05;4.70;890;17;2056.00;15
5104;17;623683061;5104;346;5991;6006;6.34;0.39;252.06;4.70;887;17;2057.00;15
5106;17;623683071;5106;340;5995;6010;6.44;0.39;252.11;4.70;889;17;2058.00;15
5110;17;623683081;5110;343;5995;6010;6.46;0.39;252.07;4.70;885;17;2059.00;15
5111;17;623683093;5111;341;5999;6014;6.52;0.40;252.10;4.69;888;17;2060.00;15
5112;17;623683104;5112;339;6000;6015;6.53;0.40;252.12;4.69;888;17;2061.00;15
5117;17;623683114;5117;337;6000;6015;6.50;0.40;252.10;4.69;883;17;2062.00;15
5118;17;623683124;5118;334;6000;6015;6.43;0.39;252.14;4.69;882;17;2063.00;15
5122;17;623683134;5122;332;6013;6028;6.49;0.40;252.22;4.68;891;17;2064.00;15
5129;17;623683145;5129;334;6014;6028;6.48;0.39;252.21;4.73;885;17;2065.00;14
5136;17;623683156;5136;326;6014;6028;6.49;0.39;252.42;4.73;878;17;2066.00;14
5138;17;623683166;5138;325;6015;6029;6.53;0.40;252.50;4.73;877;17;2067.00;14
5142;17;623683176;5142;327;6016;6030;6.54;0.40;252.52;4.73;874;17;2068.00;14
5145;17;623683186;5145;322;6016;6030;6.56;0.40;252.52;4.73;871;17;2069.00;14
5148;17;623683198;5148;324;6020;6036;6.64;0.40;252.50;4.72;872;17;2070.00;16
5151;17;623683209;5151;318;6020;6036;6.67;0.40;252.56;4.72;869;17;2071.00;16
5156;17;623683219;5156;315;6022;6036;6.66;0.40;252.61;4.72;866;17;2072.00;14
5158;17;623683229;5158;311;6022;6036;6.61;0.40;252.65;4.72;864;17;2073.00;14
5164;17;623683239;5164;308;6027;6042;6.53;0.40;252.69;4.72;863;17;2074.00;15
5166;17;623683250;5166;304;6027;6042;6.52;0.40;252.67;4.72;861;17;2075.00;15
5170;17;623683260;5170;305;6027;6042;6.46;0.39;252.83;4.72;857;17;2076.00;15
5172;17;623683270;5172;302;6027;6042;6.43;0.39;252.87;4.72;855;17;2077.00;15
5175;17;623683281;5175;303;6030;6046;6.46;0.39;252.88;4.72;855;17;2078.00;16
5178;17;623683291;5178;307;6031;6047;6.46;0.39;252.98;4.72;853;17;2079.00;16
5179;17;623683301;5179;301;6031;6047;6.47;0.39;252.94;4.72;852;17;2080.00;16
5184;17;623683310;5184;301;6032;6048;6.43;0.39;253.04;4.71;848;17;2081.00;16
5186;17;623683320;5186;304;6032;6048;6.39;0.39;253.09;4.71;846;17;2082.00;16
5187;17;623683330;5187;305;6032;6048;6.39;0.39;253.10;4.71;845;17;2083.00;16
5189;17;623683342;5189;309;6032;6048;6.40;0.39;253.18;4.71;843;17;2084.00;16
5192;17;623683357;5192;307;6032;6048;6.43;0.39;253.28;4.71;840;17;2085.00;16
5193;17;623683368;5193;311;6032;6048;6.53;0.40;253.30;4.71;839;17;2086.00;16
5198;17;623683379;5198;299;6032;6048;6.57;0.40;253.46;4.71;834;17;2087.00;16
5202;17;623683390;5202;305;6075;6118;6.62;0.40;253.40;4.73;873;17;2088.00;43
5206;17;623683409;5206;294;6075;6119;6.78;0.41;253.60;4.73;869;17;2089.00;44
5207;17;623683421;5207;277;6079;6119;7.00;0.43;253.62;4.73;872;17;2090.00;40
5212;17;623683433;5212;269;6079;6119;7.11;0.43;253.72;4.73;867;17;2091.00;40
5213;17;623683445;5213;257;6083;6119;7.28;0.44;253.78;4.73;870;17;2092.00;36
5215;17;623683457;5215;253;6084;6119;7.43;0.45;253.81;4.73;869;17;2093.00;35
5216;17;623683470;5216;254;6087;6119;7.60;0.46;253.86;4.73;871;17;2094.00;32
5218;17;623683482;5218;252;6090;6119;7.75;0.47;253.89;4.73;872;17;2095.00;29
5220;17;623683495;5220;236;6092;6120;7.88;0.48;253.95;4.73;872;17;2096.00;28
5222;17;623683507;5222;222;6095;6121;7.98;0.48;254.00;4.73;873;17;2097.00;26
5225;17;623683520;5225;219;6098;6121;8.02;0.48;254.02;4.73;873;17;2098.00;23
5227;17;623683532;5227;217;6103;6125;8.00;0.48;254.14;4.73;876;17;2099.00;22
5227;17;623683548;5227;225;6108;6140;8.08;0.49;254.14;4.73;881;17;2100.00;32
5229;17;623683565;5229;223;6108;6140;8.18;0.50;254.19;4.73;879;17;2101.00;32
5231;17;623683579;5231;221;6108;6140;8.33;0.51;254.27;4.73;877;17;2102.00;32
5232;17;623683592;5232;221;6112;6146;8.47;0.51;254.35;4.73;880;17;2103.00;34
5234;17;623683606;5234;220;6112;6146;8.59;0.52;254.42;4.73;878;17;2104.00;34
5235;17;623683620;5235;221;6112;6146;8.67;0.53;254.48;4.73;877;17;2105.00;34
5235;17;623683633;5235;220;6117;6149;8.74;0.53;254.48;4.78;882;17;2106.00;32
5238;17;623683647;5238;221;6117;6149;8.82;0.54;254.51;4.78;879;17;2107.00;32
5242;17;623683660;5242;215;6118;6149;8.90;0.54;254.47;4.78;876;17;2108.00;31
5243;17;623683674;5243;211;6118;6150;9.03;0.55;254.48;4.78;875;17;2109.00;32
5248;17;623683688;5248;207;6119;6151;9.10;0.55;254.72;4.77;871;17;2110.00;32
5252;17;623683705;5252;209;6121;6151;9.16;0.56;254.76;4.78;869;17;2111.00;30
5258;17;623683717;5258;207;6130;6164;9.20;0.56;254.82;4.77;872;17;2112.00;34
5259;17;623683730;5259;204;6131;6164;9.27;0.56;254.92;4.77;872;17;2113.00;33
5262;17;623683746;5262;201;6131;6164;9.30;0.56;255.01;4.77;869;17;2114.00;33
5262;17;623683758;5262;194;6133;6166;9.41;0.57;255.01;4.77;871;17;2115.00;33
5265;17;623683770;5265;196;6133;6166;9.42;0.57;255.06;4.77;868;17;2116.00;33
5269;17;623683782;5269;195;6138;6170;9.46;0.57;255.13;4.77;869;17;2117.00;32
5271;17;623683795;5271;190;6138;6170;9.50;0.58;255.12;4.77;867;17;2118.00;32
5273;17;623683806;5273;189;6141;6174;9.47;0.58;255.08;4.77;868;17;2119.00;33
5275;17;623683819;5275;186;6141;6174;9.48;0.58;255.04;4.77;866;17;2120.00;33
5278;17;623683831;5278;189;6141;6174;9.50;0.58;255.04;4.77;863;17;2121.00;33
5280;17;623683844;5280;189;6141;6174;9.52;0.58;255.09;4.77;861;17;2122.00;33
5283;17;623683855;5283;192;6143;6174;9.60;0.58;255.12;4.77;860;17;2123.00;31
5288;17;623683872;5288;188;6152;6186;9.67;0.59;255.21;4.77;864;17;2124.00;34
5291;17;623683885;5291;188;6152;6186;9.71;0.59;255.21;4.77;861;17;2125.00;34
5294;17;623683897;5294;186;6155;6186;9.76;0.59;255.22;4.77;861;17;2126.00;31
5299;17;623683908;5299;182;6155;6186;9.74;0.59;255.38;4.77;856;17;2127.00;31
5302;17;623683920;5302;182;6157;6186;9.72;0.59;255.47;4.78;855;17;2128.00;29
5304;17;623683932;5304;181;6157;6186;9.79;0.59;255.52;4.78;853;17;2129.00;29
5308;17;623683948;5308;181;6158;6187;9.82;0.60;255.57;4.78;850;17;2130.00;29
5312;17;623683961;5312;182;6159;6187;9.81;0.59;255.59;4.83;847;17;2131.00;28
5314;18;623683975;5314;180;6164;6193;9.84;0.60;255.77;4.83;850;18;2132.00;29
5319;18;623683995;5319;181;6165;6194;9.84;0.60;255.89;4.82;846;18;2133.00;29
5321;18;623684013;5321;178;6165;6194;9.85;0.60;255.88;4.82;844;18;2134.00;29
5325;18;623684026;5325;178;6165;6194;9.72;0.59;256.11;4.82;840;18;2135.00;29
5331;18;623684038;5331;186;6168;6198;9.64;0.58;256.15;4.82;837;18;2136.00;30
5334;18;623684050;5334;190;6168;6198;9.58;0.58;256.40;4.82;834;18;2137.00;30
5338;18;623684067;5338;191;6168;6198;9.57;0.58;256.52;4.82;830;18;2138.00;30
5340;18;623684084;5340;190;6169;6199;9.59;0.58;256.52;4.82;829;18;2139.00;30
5343;18;623684102;5343;190;6172;6203;9.54;0.58;256.57;4.82;829;18;2140.00;31
5347;18;623684121;5347;188;6172;6203;9.49;0.58;256.71;4.82;825;18;2141.00;31
5349;18;623684137;5349;186;6174;6206;9.51;0.58;256.71;4.82;825;18;2142.00;32
5353;18;623684158;5353;181;6175;6206;9.44;0.57;256.70;4.82;822;18;2143.00;31
5355;18;623684174;5355;176;6175;6206;9.39;0.57;256.69;4.82;820;18;2144.00;31
5359;18;623684190;5359;186;6177;6206;9.35;0.57;256.62;4.84;818;18;2145.00;29
5364;18;623684206;5364;180;6181;6210;9.35;0.57;256.62;4.84;817;18;2146.00;29
5366;18;623684220;5366;183;6182;6210;9.35;0.57;256.59;4.89;816;18;2147.00;28
5369;18;623684232;5369;181;6182;6210;9.37;0.57;256.59;4.89;813;18;2148.00;28
5371;18;623684246;5371;186;6182;6210;9.42;0.57;256.61;4.89;811;18;2149.00;28
5376;18;623684259;5376;185;6182;6211;9.39;0.57;256.59;4.89;806;18;2150.00;29
5381;18;623684272;5381;186;6183;6212;9.33;0.57;256.67;4.89;802;18;2151.00;29
5385;18;623684285;5385;185;6183;6212;9.31;0.57;256.67;4.89;798;18;2152.00;29
5388;18;623684297;5388;194;6184;6213;9.33;0.57;256.66;4.89;796;18;2153.00;29
5392;18;623684309;5392;194;6184;6213;9.27;0.56;256.79;4.89;792;18;2154.00;29
5395;18;623684320;5395;202;6184;6213;9.21;0.56;256.76;4.89;789;18;2155.00;29
5398;19;623684332;5398;204;6184;6213;9.10;0.55;256.86;4.89;786;19;2156.00;29
5401;19;623684374;5401;208;6184;6213;8.98;0.55;256.91;4.89;783;19;2157.00;29
5402;19;623684393;5402;215;6184;6213;8.91;0.54;256.91;4.89;782;19;2158.00;29
5404;19;623684406;5404;218;6184;6213;8.85;0.54;256.94;4.89;780;19;2159.00;29
5406;19;623684419;5406;250;6278;6443;8.92;0.56;256.96;4.82;872;19;2160.00;165
5408;19;623684455;5408;248;6280;6444;8.84;0.55;257.02;4.82;872;19;2161.00;164
5410;19;623684469;5410;241;6291;6444;8.90;0.56;257.06;4.81;881;19;2162.00;153
5411;19;623684482;5411;243;6297;6444;8.90;0.56;257.09;4.81;886;19;2163.00;147
5415;19;623684494;5415;243;6306;6444;8.81;0.55;257.10;4.81;891;19;2164.00;138
5418;19;623684507;5418;244;6312;6444;8.71;0.54;257.01;4.81;894;19;2165.00;132
5418;19;623684520;5418;242;6320;6444;8.70;0.54;257.01;4.81;902;19;2166.00;124
5423;19;623684533;5423;248;6328;6444;8.63;0.54;256.93;4.81;905;19;2167.00;116
5424;20;623684546;5424;258;6335;6445;8.60;0.53;256.90;4.82;911;20;2168.00;110
5427;20;623684574;5427;262;6340;6446;8.56;0.53;256.92;4.82;913;20;2169.00;106
5428;20;623684588;5428;272;6349;6446;8.46;0.52;256.89;4.85;921;20;2170.00;97
5432;20;623684602;5432;279;6351;6447;8.30;0.51;256.85;4.85;919;20;2171.00;96
5435;20;623684622;5435;286;6356;6447;8.17;0.50;256.76;4.86;921;20;2172.00;91
5438;20;623684635;5438;289;6359;6447;8.01;0.49;256.66;4.87;921;20;2173.00;88
5440;20;623684649;5440;298;6362;6447;7.84;0.48;256.60;4.89;922;20;2174.00;85
5441;20;623684664;5441;305;6367;6451;7.62;0.47;256.57;4.90;926;20;2175.00;84
5444;20;623684681;5444;317;6370;6451;7.48;0.46;256.49;4.91;926;20;2176.00;81
5445;20;623684698;5445;323;6373;6451;7.34;0.45;256.49;4.92;928;20;2177.00;78
5446;20;623684714;5446;329;6375;6454;7.25;0.45;256.52;4.93;929;20;2178.00;79
5449;20;623684730;5449;336;6382;6454;7.20;0.44;256.49;4.97;933;20;2179.00;72
5451;20;623684747;5451;346;6385;6454;7.18;0.44;256.46;4.98;934;20;2180.00;69
5454;20;623684765;5454;352;6393;6458;7.06;0.43;256.42;4.99;939;20;2181.00;65
5454;20;623684783;5454;356;6396;6459;7.04;0.43;256.42;5.00;942;20;2182.00;63
5454;20;623684801;5454;371;6398;6459;6.96;0.43;256.42;5.01;944;20;2183.00;61
5457;20;623684819;5457;375;6400;6463;6.85;0.42;256.31;5.01;943;20;2184.00;63
5457;20;623684837;5457;380;6405;6463;6.79;0.42;256.31;5.03;948;20;2185.00;58
5457;20;623684853;5457;388;6407;6463;6.76;0.42;256.31;5.04;950;20;2186.00;56
5460;20;623684870;5460;395;6412;6464;6.66;0.41;256.27;5.06;952;20;2187.00;52
5460;20;623684887;5460;405;6412;6464;6.62;0.41;256.27;5.06;952;20;2188.00;52
5462;20;623684904;5462;407;6419;6470;6.54;0.40;256.29;5.07;957;20;2189.00;51
5463;20;623684925;5463;411;6421;6470;6.45;0.40;256.26;5.08;958;20;2190.00;49
5465;20;623684942;5465;416;6422;6471;6.35;0.39;256.23;5.08;957;20;2191.00;49
5468;20;623684960;5468;417;6424;6471;6.19;0.38;256.10;5.09;956;20;2192.00;47
5469;20;623684977;5469;420;6426;6471;6.05;0.37;256.08;5.10;957;20;2193.00;45
5471;20;623684993;5471;422;6426;6471;5.92;0.37;256.03;5.10;955;20;2194.00;45
5473;20;623685009;5473;422;6427;6471;5.82;0.36;256.03;5.10;954;20;2195.00;44
5475;20;623685031;5475;420;6440;6483;5.75;0.35;255.96;5.11;965;20;2196.00;43
5480;20;623685047;5480;419;6442;6483;5.63;0.35;255.94;5.12;962;20;2197.00;41
5480;20;623685066;5480;422;6443;6483;5.61;0.35;255.94;5.12;963;20;2198.00;40
5481;20;623685087;5481;424;6445;6483;5.56;0.34;255.90;5.13;964;20;2199.00;38
5482;20;623685108;5482;428;6447;6483;5.52;0.34;255.88;5.14;965;20;2200.00;36
5483;20;623685130;5483;424;6449;6483;5.47;0.34;255.85;5.14;966;20;2201.00;34
5486;20;623685153;5486;422;6453;6487;5.45;0.34;255.77;5.14;967;20;2202.00;34
5489;20;623685170;5489;427;6454;6487;5.41;0.33;255.70;5.15;965;20;2203.00;33
5492;20;623685186;5492;422;6458;6491;5.43;0.33;255.69;5.14;966;20;2204.00;33
5493;20;623685203;5493;415;6463;6493;5.45;0.34;255.68;5.15;970;20;2205.00;30
5495;20;623685225;5495;411;6463;6493;5.41;0.33;255.70;5.15;968;20;2206.00;30
5498;21;623685239;5498;413;6463;6493;5.39;0.33;255.72;5.15;965;21;2207.00;30
5499;21;623685281;5499;414;6474;6506;5.43;0.33;255.72;5.15;975;21;2208.00;32
5503;21;623685297;5503;422;6474;6506;5.40;0.33;255.65;5.15;971;21;2209.00;32
5506;21;623685311;5506;418;6478;6508;5.41;0.33;255.65;5.15;972;21;2210.00;30
5508;21;623685336;5508;413;6480;6509;5.48;0.34;255.64;5.15;972;21;2211.00;29
5509;21;623685351;5509;406;6480;6510;5.52;0.34;255.68;5.15;971;21;2212.00;30
5513;21;623685365;5513;397;6482;6510;5.55;0.34;255.72;5.15;969;21;2213.00;28
5516;21;623685379;5516;394;6484;6513;5.66;0.35;255.69;5.15;968;21;2214.00;29
5518;21;623685396;5518;390;6484;6513;5.76;0.35;255.75;5.15;966;21;2215.00;29
5523;21;623685412;5523;387;6485;6513;5.81;0.36;255.79;5.15;962;21;2216.00;28
5524;21;623685427;5524;380;6485;6513;5.89;0.36;255.78;5.15;961;21;2217.00;28
5526;21;623685441;5526;375;6489;6519;5.98;0.37;255.81;5.14;963;21;2218.00;30
5529;21;623685457;5529;365;6490;6519;6.00;0.37;255.87;5.14;961;21;2219.00;29
5532;21;623685477;5532;369;6490;6519;6.05;0.37;255.97;5.14;958;21;2220.00;29
5538;21;623685494;5538;363;6490;6519;6.02;0.37;256.00;5.14;952;21;2221.00;29
5542;21;623685510;5542;362;6493;6523;6.07;0.37;255.94;5.14;951;21;2222.00;30
5546;21;623685529;5546;358;6494;6524;6.09;0.37;256.02;5.14;948;21;2223.00;30
5550;21;623685545;5550;356;6494;6524;6.13;0.38;255.97;5.14;944;21;2224.00;30
5551;21;623685569;5551;352;6495;6525;6.17;0.38;255.98;5.14;944;21;2225.00;30
5554;21;623685586;5554;351;6495;6525;6.17;0.38;256.01;5.14;941;21;2226.00;30
5556;21;623685605;5556;350;6495;6525;6.16;0.38;256.01;5.14;939;21;2227.00;30
5562;21;623685628;5562;349;6495;6525;6.17;0.38;256.05;5.14;933;21;2228.00;30
5566;21;623685643;5566;348;6495;6525;6.20;0.38;256.12;5.14;929;21;2229.00;30
5567;21;623685658;5567;346;6495;6525;6.28;0.38;256.09;5.14;928;21;2230.00;30
5571;21;623685675;5571;338;6495;6525;6.32;0.39;256.17;5.14;924;21;2231.00;30
5576;21;623685693;5576;346;6532;6595;6.47;0.40;256.15;5.11;956;21;2232.00;63
5579;21;623685719;5579;345;6534;6596;6.51;0.40;256.23;5.11;955;21;2233.00;62
5581;21;623685738;5581;343;6541;6596;6.60;0.40;256.23;5.11;960;21;2234.00;55
5586;21;623685754;5586;338;6544;6596;6.57;0.40;256.31;5.10;958;21;2235.00;52
5588;21;623685769;5588;333;6547;6596;6.64;0.41;256.34;5.10;959;21;2236.00;49
5591;21;623685784;5591;327;6550;6596;6.67;0.41;256.39;5.10;959;21;2237.00;46
5596;21;623685801;5596;335;6553;6596;6.69;0.41;256.47;5.10;957;21;2238.00;43
5599;21;623685816;5599;328;6555;6596;6.73;0.41;256.54;5.10;956;21;2239.00;41
5603;21;623685833;5603;329;6556;6597;6.70;0.41;256.72;5.10;953;21;2240.00;41
5604;21;623685851;5604;325;6559;6598;6.69;0.41;256.71;5.11;955;21;2241.00;39
5607;21;623685867;5607;323;6560;6598;6.71;0.41;256.81;5.11;953;21;2242.00;38
5610;21;623685883;5610;313;6565;6602;6.75;0.41;256.88;5.11;955;21;2243.00;37
5613;21;623685900;5613;314;6566;6602;6.86;0.42;256.90;5.11;953;21;2244.00;36
5618;21;623685917;5618;310;6566;6602;6.88;0.42;256.96;5.11;948;21;2245.00;36
5621;21;623685935;5621;307;6566;6602;6.89;0.42;257.00;5.11;945;21;2246.00;36
5623;21;623685951;5623;304;6571;6608;6.97;0.43;257.00;5.10;948;21;2247.00;37
5627;21;623685965;5627;302;6571;6608;7.01;0.43;257.07;5.10;944;21;2248.00;37
5633;21;623685980;5633;309;6571;6608;7.02;0.43;256.99;5.10;938;21;2249.00;37
5637;21;623685997;5637;310;6575;6614;7.11;0.43;257.07;5.10;938;21;2250.00;39
5640;21;623686014;5640;306;6575;6614;7.12;0.43;257.15;5.10;935;21;2251.00;39
5642;21;623686028;5642;298;6577;6614;7.10;0.43;257.22;5.10;935;21;2252.00;37
5646;21;623686043;5646;298;6577;6615;7.07;0.43;257.30;5.10;931;21;2253.00;38
5649;21;623686061;5649;303;6579;6616;7.03;0.43;257.38;5.16;930;21;2254.00;37
5654;21;623686080;5654;304;6579;6616;6.95;0.42;257.38;5.16;925;21;2255.00;37
5658;21;623686098;5658;304;6590;6629;6.93;0.42;257.39;5.15;932;21;2256.00;39
5661;21;623686120;5661;287;6590;6629;6.97;0.42;257.45;5.15;929;21;2257.00;39
5662;21;623686143;5662;276;6590;6629;6.98;0.42;257.43;5.15;928;21;2258.00;39
5667;21;623686163;5667;277;6591;6630;6.99;0.42;257.51;5.15;924;21;2259.00;39
5668;21;623686189;5668;270;6591;6630;7.07;0.43;257.56;5.15;923;21;2260.00;39
5671;21;623686204;5671;263;6595;6634;7.17;0.44;257.64;5.14;924;21;2261.00;39
5676;21;623686221;5676;259;6595;6634;7.21;0.44;257.73;5.14;919;21;2262.00;39
5679;21;623686238;5679;255;6598;6638;7.29;0.44;257.87;5.14;919;21;2263.00;40
5681;21;623686255;5681;261;6598;6638;7.34;0.44;257.95;5.14;917;21;2264.00;40
5683;21;623686272;5683;260;6598;6638;7.38;0.45;257.89;5.14;915;21;2265.00;40
5685;21;623686289;5685;245;6598;6638;7.41;0.45;257.96;5.14;913;21;2266.00;40
5688;21;623686309;5688;242;6598;6638;7.48;0.45;258.04;5.14;910;21;2267.00;40
5692;21;623686328;5692;243;6608;6650;7.54;0.46;258.05;5.13;916;21;2268.00;42
5696;21;623686351;5696;234;6608;6650;7.57;0.46;258.12;5.13;912;21;2269.00;42
5699;21;623686377;5699;230;6609;6650;7.64;0.46;258.30;5.13;910;21;2270.00;41
5700;21;623686397;5700;227;6609;6650;7.67;0.47;258.30;5.13;909;21;2271.00;41
5705;21;623686418;5705;225;6609;6650;7.71;0.47;258.44;5.13;904;21;2272.00;41
5709;21;623686437;5709;225;6609;6650;7.73;0.47;258.49;5.13;900;21;2273.00;41
5713;21;623686457;5713;218;6610;6651;7.81;0.47;258.56;5.19;897;21;2274.00;41
5713;21;623686476;5713;217;6610;6651;7.95;0.48;258.56;5.19;897;21;2275.00;41
5715;21;623686495;5715;220;6615;6657;8.04;0.49;258.60;5.19;900;21;2276.00;42
5718;21;623686514;5718;214;6616;6658;8.12;0.49;258.66;5.19;898;21;2277.00;42
5720;21;623686534;5720;213;6616;6658;8.15;0.49;258.73;5.19;896;21;2278.00;42
5721;21;623686554;5721;211;6616;6658;8.18;0.49;258.78;5.19;895;21;2279.00;42
5722;21;623686575;5722;212;6620;6663;8.25;0.50;258.81;5.19;898;21;2280.00;43
5724;21;623686593;5724;206;6620;6663;8.29;0.50;258.85;5.19;896;21;2281.00;43
5726;21;623686613;5726;210;6620;6663;8.34;0.51;259.01;5.19;894;21;2282.00;43
5728;21;623686632;5728;209;6621;6664;8.45;0.51;259.14;5.19;893;21;2283.00;43
5732;21;623686651;5732;208;6624;6668;8.52;0.52;259.22;5.18;892;21;2284.00;44
5735;21;623686671;5735;210;6624;6668;8.58;0.52;259.20;5.18;889;21;2285.00;44
5739;21;623686690;5739;203;6626;6671;8.61;0.52;259.23;5.18;887;21;2286.00;45
5739;21;623686711;5739;202;6626;6671;8.64;0.52;259.23;5.18;887;21;2287.00;45
5742;21;623686728;5742;209;6627;6671;8.66;0.53;259.28;5.18;885;21;2288.00;44
5743;21;623686745;5743;202;6628;6671;8.66;0.53;259.29;5.24;885;21;2289.00;43
5748;21;623686764;5748;205;6632;6675;8.73;0.53;259.29;5.23;884;21;2290.00;43
5749;21;623686784;5749;200;6632;6675;8.81;0.54;259.35;5.23;883;21;2291.00;43
5752;21;623686802;5752;193;6632;6675;8.83;0.54;259.36;5.23;880;21;2292.00;43
5755;21;623686822;5755;196;6632;6675;8.85;0.54;259.43;5.23;877;21;2293.00;43
5756;21;623686840;5756;190;6632;6676;8.92;0.54;259.43;5.23;876;21;2294.00;44
5758;21;623686858;5758;190;6634;6678;8.95;0.54;259.41;5.23;876;21;2295.00;44
5761;21;623686877;5761;195;6634;6678;8.93;0.54;259.50;5.23;873;21;2296.00;44
5761;21;623686896;5761;192;6635;6679;8.96;0.54;259.50;5.23;874;21;2297.00;44
5765;21;623686919;5765;191;6635;6679;8.93;0.54;259.55;5.23;870;21;2298.00;44
5768;21;623686935;5768;185;6635;6679;8.89;0.54;259.66;5.23;867;21;2299.00;44
5772;21;623686957;5772;187;6635;6679;8.88;0.54;259.78;5.23;863;21;2300.00;44
5774;21;623686982;5774;195;6635;6679;8.86;0.54;259.83;5.23;861;21;2301.00;44
5778;21;623686998;5778;195;6636;6679;8.83;0.54;259.95;5.29;858;21;2302.00;43
5780;21;623687014;5780;197;6636;6679;8.77;0.53;259.94;5.29;856;21;2303.00;43
5783;21;623687033;5783;228;6707;6806;8.57;0.53;260.10;5.23;924;21;2304.00;99
5786;21;623687061;5786;221;6708;6807;8.51;0.52;260.21;5.23;922;21;2305.00;99
5790;21;623687080;5790;218;6715;6807;8.58;0.53;260.18;5.23;925;21;2306.00;92
5793;21;623687099;5793;215;6718;6807;8.64;0.53;260.29;5.23;925;21;2307.00;89
5798;21;623687113;5798;211;6724;6807;8.63;0.53;260.30;5.23;926;21;2308.00;83
5799;21;623687128;5799;201;6727;6807;8.64;0.53;260.30;5.23;928;21;2309.00;80
5805;21;623687153;5805;200;6730;6807;8.63;0.53;260.49;5.23;925;21;2310.00;77
5811;21;623687168;5811;202;6735;6807;8.68;0.53;260.58;5.28;924;21;2311.00;72
5813;21;623687182;5813;202;6736;6808;8.70;0.53;260.69;5.28;923;21;2312.00;72
5816;21;623687196;5816;203;6740;6809;8.69;0.54;260.83;5.28;924;21;2313.00;69
5821;21;623687211;5821;201;6742;6809;8.65;0.53;260.79;5.30;921;21;2314.00;67
5827;21;623687226;5827;209;6744;6810;8.55;0.53;260.91;5.31;917;21;2315.00;66
5828;21;623687241;5828;217;6749;6810;8.51;0.52;260.96;5.32;921;21;2316.00;61
5830;21;623687254;5830;219;6752;6810;8.49;0.52;260.95;5.32;922;21;2317.00;58
5834;21;623687267;5834;219;6753;6810;8.46;0.52;261.02;5.32;919;21;2318.00;57
5837;21;623687282;5837;219;6758;6814;8.44;0.52;261.01;5.32;921;21;2319.00;56
5841;21;623687298;5841;224;6760;6814;8.48;0.52;261.08;5.34;919;21;2320.00;54
5846;21;623687314;5846;222;6760;6814;8.45;0.52;260.97;5.34;914;21;2321.00;54
5850;21;623687329;5850;229;6762;6817;8.43;0.52;260.96;5.34;912;21;2322.00;55
5853;21;623687344;5853;236;6763;6817;8.44;0.52;260.93;5.34;910;21;2323.00;54
5856;21;623687358;5856;239;6764;6817;8.36;0.51;260.91;5.34;908;21;2324.00;53
5858;21;623687372;5858;243;6768;6821;8.33;0.51;260.91;5.34;910;21;2325.00;53
5860;21;623687393;5860;252;6769;6822;8.32;0.51;260.89;5.34;909;21;2326.00;53
5863;21;623687414;5863;257;6770;6822;8.24;0.51;260.88;5.34;907;21;2327.00;52
5867;21;623687429;5867;263;6773;6826;8.13;0.50;260.80;5.34;906;21;2328.00;53
5873;21;623687443;5873;263;6773;6826;8.07;0.50;260.63;5.34;900;21;2329.00;53
5876;21;623687456;5876;267;6774;6826;8.03;0.49;260.60;5.34;898;21;2330.00;52
5878;21;623687470;5878;278;6776;6827;7.95;0.49;260.57;5.39;898;21;2331.00;51
5883;21;623687483;5883;278;6776;6827;7.84;0.48;260.57;5.39;893;21;2332.00;51
5885;21;623687495;5885;287;6781;6833;7.83;0.48;260.57;5.39;896;21;2333.00;52
5889;21;623687510;5889;289;6781;6833;7.74;0.47;260.51;5.39;892;21;2334.00;52
5892;21;623687524;5892;299;6782;6834;7.60;0.46;260.45;5.40;890;21;2335.00;52
5896;21;623687538;5896;297;6782;6834;7.44;0.45;260.43;5.40;886;21;2336.00;52
5902;21;623687551;5902;310;6783;6834;7.26;0.44;260.46;5.42;881;21;2337.00;51
5903;21;623687565;5903;313;6784;6834;7.10;0.43;260.56;5.43;881;21;2338.00;50
5906;21;623687577;5906;319;6784;6834;6.99;0.43;260.47;5.43;878;21;2339.00;50
5906;21;623687593;5906;331;6811;6870;7.05;0.43;260.47;5.42;905;21;2340.00;59
5908;21;623687611;5908;336;6813;6870;6.99;0.43;260.42;5.43;905;21;2341.00;57
5909;21;623687623;5909;342;6816;6870;6.96;0.43;260.40;5.44;907;21;2342.00;54
5909;21;623687635;5909;350;6816;6870;6.90;0.42;260.40;5.44;907;21;2343.00;54
5911;21;623687648;5911;359;6818;6870;6.90;0.42;260.40;5.45;907;21;2344.00;52
5911;21;623687660;5911;363;6819;6870;6.84;0.42;260.40;5.45;908;21;2345.00;51
5911;21;623687673;5911;370;6824;6874;6.74;0.41;260.40;5.47;913;21;2346.00;50
5913;21;623687684;5913;363;6824;6874;6.69;0.41;260.38;5.47;911;21;2347.00;50
5915;21;623687707;5915;360;6830;6878;6.69;0.41;260.31;5.48;915;21;2348.00;48
5915;21;623687719;5915;356;6832;6879;6.68;0.41;260.31;5.49;917;21;2349.00;47
5916;21;623687732;5916;361;6833;6879;6.70;0.41;260.32;5.49;917;21;2350.00;46
5916;21;623687744;5916;360;6833;6879;6.70;0.41;260.32;5.49;917;21;2351.00;46
5917;21;623687755;5917;357;6846;6892;6.71;0.41;260.31;5.50;929;21;2352.00;46
5918;21;623687770;5918;356;6846;6892;6.67;0.41;260.30;5.50;928;21;2353.00;46
5921;21;623687782;5921;354;6847;6892;6.63;0.40;260.24;5.51;926;21;2354.00;45
5924;21;623687795;5924;354;6848;6893;6.63;0.40;260.31;5.51;924;21;2355.00;45
5924;21;623687807;5924;353;6851;6894;6.68;0.41;260.31;5.54;927;21;2356.00;43
5924;21;623687820;5924;355;6852;6894;6.66;0.41;260.31;5.55;928;21;2357.00;42
5925;21;623687832;5925;362;6855;6897;6.65;0.41;260.33;5.55;930;21;2358.00;42
5928;21;623687844;5928;352;6856;6897;6.65;0.41;260.25;5.56;928;21;2359.00;41
5928;21;623687857;5928;349;6857;6897;6.56;0.40;260.25;5.57;929;21;2360.00;40
5932;21;623687870;5932;349;6857;6897;6.46;0.39;260.18;5.57;925;21;2361.00;40
5934;21;623687884;5934;346;6865;6903;6.45;0.39;260.14;5.59;931;21;2362.00;38
5936;21;623687897;5936;348;6865;6903;6.42;0.39;260.18;5.59;929;21;2363.00;38
5939;21;623687908;5939;350;6866;6903;6.33;0.39;260.25;5.59;927;21;2364.00;37
5940;21;623687928;5940;344;6867;6903;6.24;0.38;260.24;5.59;927;21;2365.00;36
5941;21;623687940;5941;346;6870;6907;6.24;0.38;260.22;5.59;929;21;2366.00;37
5941;21;623687954;5941;348;6872;6908;6.26;0.38;260.22;5.60;931;21;2367.00;36
5943;21;623687966;5943;341;6875;6908;6.19;0.38;260.17;5.62;932;21;2368.00;33
5947;21;623687979;5947;347;6876;6909;6.17;0.38;260.12;5.62;929;21;2369.00;33
5948;21;623687993;5948;350;6876;6909;6.10;0.37;260.11;5.62;928;21;2370.00;33
5949;21;623688006;5949;351;6877;6909;6.07;0.37;260.12;5.62;928;21;2371.00;32
5951;21;623688018;5951;356;6877;6909;6.02;0.37;260.13;5.62;926;21;2372.00;32
5957;21;623688031;5957;363;6877;6909;5.93;0.36;260.07;5.62;920;21;2373.00;32
5959;21;623688044;5959;363;6880;6909;5.91;0.36;260.05;5.63;921;21;2374.00;29
5962;21;623688057;5962;365;6880;6909;5.85;0.36;260.09;5.63;918;21;2375.00;29
5965;21;623688072;5965;378;6926;6979;5.94;0.36;260.11;5.59;961;21;2376.00;53
5966;21;623688103;5966;373;6930;6980;5.94;0.36;260.10;5.59;964;21;2377.00;50
5970;21;623688120;5970;378;6933;6980;5.94;0.36;260.20;5.59;963;21;2378.00;47
5972;21;623688138;5972;386;6936;6980;5.93;0.36;260.24;5.60;964;21;2379.00;44
5974;21;623688153;5974;363;6937;6980;5.95;0.36;260.30;5.59;963;21;2380.00;43
5979;21;623688168;5979;362;6938;6980;5.95;0.36;260.33;5.60;959;21;2381.00;42
5982;21;623688188;5982;358;6940;6980;5.97;0.37;260.50;5.60;958;21;2382.00;40
5985;21;623688211;5985;355;6942;6980;6.03;0.37;260.54;5.60;957;21;2383.00;38
5989;21;623688228;5989;356;6944;6981;6.03;0.37;260.58;5.60;955;21;2384.00;37
5993;21;623688245;5993;360;6947;6983;6.01;0.37;260.60;5.60;954;21;2385.00;36
5994;21;623688260;5994;358;6947;6983;6.04;0.37;260.62;5.60;953;21;2386.00;36
5999;21;623688276;5999;358;6955;6987;6.06;0.37;260.73;5.60;956;21;2387.00;32
6003;21;623688291;6003;363;6957;6987;6.14;0.38;260.77;5.60;954;21;2388.00;30
6004;21;623688305;6004;361;6959;6987;6.23;0.38;260.77;5.60;955;21;2389.00;28
6007;21;623688320;6007;361;6960;6987;6.28;0.39;260.76;5.60;953;21;2390.00;27
6010;21;623688337;6010;356;6965;6993;6.32;0.39;260.80;5.60;955;21;2391.00;28
6015;21;623688355;6015;357;6965;6993;6.33;0.39;260.85;5.60;950;21;2392.00;28
6016;21;623688371;6016;349;6965;6993;6.38;0.39;260.87;5.60;949;21;2393.00;28
6021;21;623688387;6021;344;6967;6996;6.45;0.40;260.88;5.60;946;21;2394.00;29
6025;21;623688404;6025;349;6967;6996;6.49;0.40;260.88;5.60;942;21;2395.00;29
6029;21;623688420;6029;349;6968;6996;6.61;0.40;260.87;5.60;939;21;2396.00;28
6033;21;623688440;6033;337;6969;6997;6.68;0.41;260.96;5.59;936;21;2397.00;28
6040;21;623688459;6040;332;6970;6998;6.74;0.41;261.07;5.59;930;21;2398.00;28
6043;21;623688478;6043;326;6970;6998;6.82;0.41;261.21;5.59;927;21;2399.00;28
6046;21;623688499;6046;330;6993;7057;6.85;0.42;261.32;5.58;947;21;2400.00;64
6047;21;623688531;6047;325;6995;7057;6.88;0.42;261.31;5.57;948;21;2401.00;62
6050;21;623688548;6050;320;6996;7057;6.96;0.42;261.42;5.57;946;21;2402.00;61
6052;21;623688565;6052;324;6999;7058;7.07;0.43;261.42;5.57;947;21;2403.00;59
6054;21;623688583;6054;316;7000;7058;7.13;0.44;261.49;5.57;946;21;2404.00;58
6058;21;623688601;6058;319;7005;7062;7.13;0.44;261.55;5.57;947;21;2405.00;57
6063;21;623688618;6063;317;7006;7062;7.16;0.44;261.70;5.57;943;21;2406.00;56
6066;21;623688633;6066;318;7011;7066;7.20;0.44;261.77;5.57;945;21;2407.00;55
6070;21;623688650;6070;319;7011;7066;7.20;0.44;261.85;5.57;941;21;2408.00;55
6074;21;623688667;6074;315;7011;7066;7.19;0.44;261.94;5.57;937;21;2409.00;55
6077;21;623688683;6077;313;7011;7066;7.17;0.44;262.02;5.57;934;21;2410.00;55
6081;21;623688701;6081;318;7013;7066;7.10;0.43;262.05;5.57;932;21;2411.00;53
6088;21;623688716;6088;322;7019;7078;7.07;0.43;262.05;5.57;931;21;2412.00;59
6089;21;623688737;6089;327;7022;7078;7.01;0.43;262.05;5.57;933;21;2413.00;56
6094;21;623688754;6094;325;7024;7078;7.00;0.43;262.22;5.57;930;21;2414.00;54
6098;21;623688772;6098;327;7024;7078;6.96;0.42;262.24;5.57;926;21;2415.00;54
6101;21;623688788;6101;330;7024;7078;6.99;0.42;262.39;5.57;923;21;2416.00;54
6103;21;623688804;6103;325;7026;7078;6.99;0.42;262.39;5.57;923;21;2417.00;52
6108;21;623688820;6108;324;7027;7079;6.99;0.43;262.49;5.57;919;21;2418.00;52
6111;21;623688838;6111;325;7030;7079;7.04;0.43;262.41;5.63;919;21;2419.00;49
6114;21;623688854;6114;326;7034;7085;7.13;0.43;262.49;5.63;920;21;2420.00;51
6117;21;623688872;6117;328;7035;7086;7.17;0.44;262.60;5.63;918;21;2421.00;51
6120;21;623688889;6120;324;7036;7086;7.15;0.44;262.68;5.63;916;21;2422.00;50
6122;21;623688905;6122;325;7037;7086;7.09;0.43;262.67;5.64;915;21;2423.00;49
6127;21;623688921;6127;324;7039;7090;7.07;0.43;262.68;5.63;912;21;2424.00;51
6129;21;623688939;6129;326;7041;7090;7.00;0.43;262.81;5.64;912;21;2425.00;49
6131;21;623688959;6131;329;7041;7090;6.91;0.42;262.76;5.64;910;21;2426.00;49
6136;21;623688975;6136;314;7042;7091;6.84;0.42;262.76;5.64;906;21;2427.00;49
6139;21;623688994;6139;313;7045;7095;6.84;0.42;262.84;5.63;906;21;2428.00;50
6146;21;623689010;6146;304;7046;7095;6.82;0.42;263.06;5.64;900;21;2429.00;49
6149;21;623689029;6149;297;7051;7101;6.93;0.42;263.16;5.63;902;21;2430.00;50
6155;21;623689045;6155;296;7051;7101;6.95;0.42;263.35;5.63;896;21;2431.00;50
6158;21;623689061;6158;297;7052;7101;6.94;0.42;263.41;5.63;894;21;2432.00;49
6161;21;623689079;6161;297;7052;7101;6.99;0.43;263.52;5.63;891;21;2433.00;49
6166;21;623689094;6166;298;7056;7105;7.04;0.43;263.57;5.63;890;21;2434.00;49
6168;21;623689112;6168;292;7058;7105;7.03;0.43;263.62;5.69;890;21;2435.00;47
6172;21;623689126;6172;284;7058;7105;7.05;0.43;263.71;5.69;886;21;2436.00;47
6175;21;623689142;6175;278;7058;7105;7.13;0.43;263.77;5.69;883;21;2437.00;47
6179;21;623689157;6179;272;7058;7106;7.15;0.44;263.86;5.69;879;21;2438.00;48
6181;21;623689171;6181;270;7059;7107;7.16;0.44;263.90;5.69;878;21;2439.00;48
6181;21;623689186;6181;267;7059;7107;7.19;0.44;263.90;5.69;878;21;2440.00;48
6184;21;623689200;6184;271;7061;7108;7.21;0.44;263.99;5.70;877;21;2441.00;47
6187;21;623689223;6187;275;7061;7108;7.22;0.44;264.00;5.70;874;21;2442.00;47
6189;21;623689238;6189;275;7061;7108;7.24;0.44;264.02;5.70;872;21;2443.00;47
6191;21;623689254;6191;274;7061;7108;7.29;0.45;264.05;5.70;870;21;2444.00;47
6193;21;623689268;6193;276;7061;7108;7.32;0.45;264.07;5.70;868;21;2445.00;47
6197;21;623689282;6197;276;7062;7108;7.29;0.44;264.11;5.76;865;21;2446.00;46
6199;21;623689299;6199;271;7063;7108;7.36;0.45;264.12;5.76;864;21;2447.00;45
6204;21;623689319;6204;299;7128;7235;7.31;0.45;264.13;5.71;924;21;2448.00;107
6207;21;623689349;6207;287;7130;7236;7.36;0.45;264.11;5.71;923;21;2449.00;106
6210;21;623689369;6210;278;7135;7236;7.46;0.46;264.22;5.71;925;21;2450.00;101
6211;21;623689387;6211;279;7137;7236;7.51;0.46;264.24;5.71;926;21;2451.00;99
6211;21;623689401;6211;278;7141;7236;7.60;0.47;264.24;5.70;930;21;2452.00;95
6214;21;623689415;6214;268;7143;7236;7.59;0.47;264.40;5.71;929;21;2453.00;93
6217;21;623689429;6217;266;7149;7236;7.66;0.47;264.43;5.71;932;21;2454.00;87
6219;21;623689445;6219;269;7150;7236;7.71;0.47;264.48;5.71;931;21;2455.00;86
6222;21;623689457;6222;271;7153;7237;7.73;0.47;264.55;5.72;931;21;2456.00;84
6225;21;623689474;6225;271;7158;7238;7.72;0.47;264.59;5.72;933;21;2457.00;80
6227;21;623689489;6227;268;7162;7238;7.74;0.47;264.60;5.73;935;21;2458.00;76
6228;21;623689502;6228;260;7164;7239;7.75;0.48;264.64;5.73;936;21;2459.00;75
6231;21;623689519;6231;263;7167;7239;7.76;0.48;264.69;5.73;936;21;2460.00;72
6235;21;623689533;6235;260;7170;7239;7.71;0.47;264.74;5.78;935;21;2461.00;69
6237;21;623689548;6237;263;7175;7239;7.67;0.47;264.76;5.79;938;21;2462.00;64
6240;21;623689562;6240;268;7179;7243;7.61;0.47;264.89;5.80;939;21;2463.00;64
6243;21;623689577;6243;269;7181;7243;7.57;0.46;264.83;5.80;938;21;2464.00;62
6246;21;623689593;6246;277;7182;7243;7.63;0.47;264.89;5.80;936;21;2465.00;61
6248;21;623689607;6248;277;7183;7246;7.73;0.47;264.94;5.80;935;21;2466.00;63
6250;21;623689620;6250;276;7185;7246;7.81;0.48;264.98;5.80;935;21;2467.00;61
6254;21;623689633;6254;278;7185;7246;7.87;0.48;265.04;5.80;931;21;2468.00;61
6261;21;623689646;6261;281;7190;7250;7.89;0.48;264.97;5.81;929;21;2469.00;60
6261;21;623689660;6261;286;7191;7251;8.01;0.49;264.97;5.81;930;21;2470.00;60
6263;21;623689673;6263;282;7194;7251;8.06;0.49;264.94;5.82;931;21;2471.00;57
6265;21;623689686;6265;283;7196;7255;8.15;0.50;264.96;5.82;931;21;2472.00;59
6266;21;623689700;6266;288;7198;7255;8.26;0.50;265.01;5.82;932;21;2473.00;57
6269;21;623689713;6269;287;7199;7255;8.30;0.50;264.99;5.82;930;21;2474.00;56
6274;21;623689726;6274;289;7201;7257;8.30;0.50;264.91;5.82;927;21;2475.00;56
6275;21;623689740;6275;288;7201;7257;8.38;0.51;264.88;5.82;926;21;2476.00;56
6277;21;623689752;6277;295;7206;7263;8.37;0.51;264.85;5.82;929;21;2477.00;57
6278;21;623689766;6278;292;7206;7263;8.35;0.51;264.85;5.82;928;21;2478.00;57
6281;21;623689778;6281;290;7206;7264;8.30;0.50;264.82;5.82;925;21;2479.00;58
6282;21;623689790;6282;288;7206;7264;8.17;0.50;264.81;5.82;924;21;2480.00;58
6284;21;623689804;6284;289;7206;7264;8.05;0.49;264.75;5.82;922;21;2481.00;58
6289;21;623689817;6289;282;7206;7264;7.94;0.48;264.71;5.82;917;21;2482.00;58
6292;21;623689828;6292;280;7206;7264;7.83;0.48;264.65;5.82;914;21;2483.00;58
6293;21;623689840;6293;281;7216;7276;7.82;0.48;264.68;5.81;923;21;2484.00;60
6294;21;623689853;6294;280;7219;7276;7.78;0.47;264.65;5.83;925;21;2485.00;57
6296;21;623689865;6296;286;7219;7276;7.72;0.47;264.62;5.83;923;21;2486.00;57
6303;21;623689877;6303;284;7219;7276;7.65;0.46;264.53;5.83;916;21;2487.00;57
6305;21;623689888;6305;291;7219;7276;7.64;0.46;264.65;5.83;914;21;2488.00;57
6307;21;623689900;6307;295;7219;7276;7.68;0.47;264.59;5.83;912;21;2489.00;57
6310;21;623689913;6310;299;7223;7280;7.61;0.46;264.56;5.92;913;21;2490.00;57
6312;21;623689925;6312;303;7223;7280;7.64;0.46;264.56;5.92;911;21;2491.00;57
6314;21;623689943;6314;307;7227;7284;7.59;0.46;264.57;5.92;913;21;2492.00;57
6317;21;623689956;6317;313;7228;7285;7.60;0.46;264.50;5.92;911;21;2493.00;57
6318;21;623689968;6318;316;7228;7285;7.62;0.46;264.50;5.92;910;21;2494.00;57
6318;21;623689989;6318;318;7228;7285;7.65;0.47;264.50;5.92;910;21;2495.00;57
6319;21;623690000;6319;328;7238;7298;7.64;0.47;264.49;5.93;919;21;2496.00;60
6321;21;623690013;6321;331;7239;7298;7.65;0.47;264.45;5.94;918;21;2497.00;59
6322;21;623690028;6322;332;7239;7298;7.62;0.47;264.42;5.94;917;21;2498.00;59
6328;21;623690041;6328;320;7240;7299;7.54;0.46;264.33;5.94;912;21;2499.00;59
6330;21;623690054;6330;312;7240;7300;7.51;0.46;264.32;5.94;910;21;2500.00;60
6335;21;623690075;6335;307;7242;7300;7.44;0.45;264.22;5.96;907;21;2501.00;58
6339;21;623690093;6339;301;7244;7303;7.43;0.45;264.19;5.96;905;21;2502.00;59
6339;21;623690110;6339;307;7246;7303;7.51;0.46;264.19;5.96;907;21;2503.00;57
6340;21;623690126;6340;305;7246;7303;7.53;0.46;264.15;5.96;906;21;2504.00;57
6341;21;623690144;6341;304;7247;7303;7.56;0.46;264.12;5.97;906;21;2505.00;56
6343;21;623690169;6343;295;7253;7309;7.61;0.46;264.21;5.97;910;21;2506.00;56
6343;21;623690185;6343;299;7253;7309;7.65;0.46;264.21;5.97;910;21;2507.00;56
6347;21;623690199;6347;298;7254;7309;7.68;0.46;264.24;5.98;907;21;2508.00;55
6349;21;623690212;6349;299;7255;7309;7.71;0.47;264.20;5.98;906;21;2509.00;54
6350;21;623690226;6350;300;7259;7313;7.78;0.47;264.22;5.98;909;21;2510.00;54
6353;21;623690240;6353;304;7261;7314;7.82;0.47;264.35;5.99;908;21;2511.00;53
6354;21;623690255;6354;299;7261;7314;7.84;0.47;264.34;5.99;907;21;2512.00;53
6355;21;623690280;6355;300;7264;7315;7.81;0.47;264.30;6.02;909;21;2513.00;51
6356;21;623690293;6356;298;7265;7315;7.77;0.47;264.31;6.03;909;21;2514.00;50
6356;21;623690307;6356;306;7267;7315;7.67;0.46;264.31;6.05;911;21;2515.00;48
6357;21;623690322;6357;308;7267;7315;7.61;0.46;264.32;6.05;910;21;2516.00;48
6357;21;623690334;6357;313;7267;7315;7.52;0.46;264.32;6.05;910;21;2517.00;48
6357;21;623690347;6357;315;7270;7315;7.35;0.45;264.32;6.08;913;21;2518.00;45
6358;21;623690359;6358;321;7270;7315;7.25;0.44;264.36;6.08;912;21;2519.00;45
6359;21;623690376;6359;325;7327;7440;7.45;0.46;264.38;6.04;968;21;2520.00;113
6359;21;623690402;6359;324;7333;7441;7.40;0.46;264.38;6.04;974;21;2521.00;108
6361;21;623690416;6361;328;7345;7441;7.48;0.46;264.40;6.03;984;21;2522.00;96
6361;21;623690429;6361;327;7350;7441;7.51;0.46;264.40;6.03;989;21;2523.00;91
6364;22;623690441;6364;330;7359;7441;7.49;0.46;264.42;6.05;995;22;2524.00;82
6367;22;623690464;6367;326;7360;7441;7.43;0.46;264.40;6.05;993;22;2525.00;81
6370;22;623690478;6370;333;7367;7441;7.33;0.45;264.38;6.06;997;22;2526.00;74
6372;22;623690493;6372;337;7375;7441;7.26;0.44;264.34;6.06;1003;22;2527.00;66
6374;22;623690506;6374;339;7380;7442;7.20;0.44;264.43;6.07;1006;22;2528.00;62
6376;22;623690520;6376;342;7384;7443;7.15;0.44;264.41;6.07;1008;22;2529.00;59
6376;22;623690535;6376;348;7389;7443;7.10;0.44;264.41;6.08;1013;22;2530.00;54
6380;22;623690548;6380;349;7392;7447;7.04;0.43;264.40;6.08;1012;22;2531.00;55
6382;22;623690570;6382;350;7393;7447;6.99;0.43;264.34;6.09;1011;22;2532.00;54
6385;22;623690584;6385;344;7393;7447;6.96;0.43;264.38;6.09;1008;23;2533.00;54
6387;22;623690605;6387;345;7393;7447;6.92;0.42;264.39;6.09;1006;23;2534.00;54
6390;22;623690622;6390;348;7400;7453;6.88;0.42;264.44;6.10;1010;23;2535.00;53
6392;22;623690638;6392;351;7400;7453;6.83;0.42;264.42;6.10;1008;23;2536.00;53
6398;22;623690652;6398;356;7401;7455;6.71;0.41;264.54;6.10;1003;23;2537.00;54
6401;22;623690668;6401;360;7405;7458;6.65;0.41;264.70;6.10;1004;23;2538.00;53
6403;22;623690683;6403;370;7406;7458;6.57;0.40;264.76;6.10;1003;23;2539.00;52
6406;22;623690697;6406;368;7407;7458;6.48;0.40;264.86;6.11;1001;23;2540.00;51
6408;22;623690712;6408;371;7408;7459;6.43;0.39;264.94;6.12;1000;23;2541.00;51
6409;22;623690725;6409;375;7409;7460;6.38;0.39;264.93;6.12;1000;23;2542.00;51
6412;22;623690739;6412;375;7410;7460;6.31;0.39;264.98;6.13;998;23;2543.00;50
6417;22;623690753;6417;379;7422;7473;6.28;0.38;264.94;6.13;1005;23;2544.00;51
6418;22;623690769;6418;374;7422;7473;6.27;0.38;264.93;6.13;1004;23;2545.00;51
6423;22;623690782;6423;375;7423;7473;6.14;0.38;264.90;6.13;1000;23;2546.00;50
6427;22;623690796;6427;382;7425;7474;6.04;0.37;264.94;6.14;998;23;2547.00;49
6429;22;623690810;6429;383;7425;7474;6.02;0.37;264.94;6.14;996;23;2548.00;49
6432;22;623690823;6432;385;7430;7478;5.99;0.37;265.02;6.14;998;23;2549.00;48
6435;22;623690839;6435;387;7433;7481;5.94;0.37;265.04;6.15;998;23;2550.00;48
6438;22;623690855;6438;391;7438;7485;5.88;0.36;265.09;6.15;1000;23;2551.00;47
6440;22;623690869;6440;382;7439;7485;5.87;0.36;265.06;6.15;999;23;2552.00;46
6444;22;623690882;6444;387;7439;7485;5.87;0.36;265.11;6.15;995;23;2553.00;46
6446;22;623690896;6446;379;7440;7485;5.90;0.36;265.22;6.16;994;23;2554.00;45
6450;22;623690910;6450;382;7441;7485;5.88;0.36;265.32;6.16;991;23;2555.00;44
6452;22;623690922;6452;382;7452;7497;5.98;0.37;265.36;6.15;1000;23;2556.00;45
6455;22;623690944;6455;376;7454;7497;6.00;0.37;265.41;6.15;999;23;2557.00;43
6458;22;623690958;6458;378;7454;7497;5.99;0.37;265.42;6.15;996;23;2558.00;43
6461;22;623690976;6461;372;7455;7497;5.97;0.37;265.50;6.16;994;23;2559.00;42
6463;22;623690989;6463;362;7455;7497;5.96;0.37;265.50;6.16;992;23;2560.00;42
6467;22;623691003;6467;356;7455;7497;6.00;0.37;265.56;6.16;988;23;2561.00;42
6470;22;623691017;6470;353;7455;7498;6.01;0.37;265.59;6.16;985;23;2562.00;43
6473;22;623691031;6473;350;7455;7498;6.05;0.38;265.66;6.16;982;23;2563.00;43
6478;22;623691045;6478;341;7460;7504;6.19;0.38;265.69;6.15;982;23;2564.00;44
6482;22;623691060;6482;334;7461;7506;6.28;0.39;265.74;6.15;979;23;2565.00;45
6487;22;623691074;6487;336;7462;7506;6.37;0.39;265.76;6.15;975;23;2566.00;44
6490;22;623691091;6490;333;7462;7506;6.46;0.40;265.83;6.15;972;23;2567.00;44
6495;22;623691105;6495;332;7465;7510;6.57;0.40;265.82;6.15;970;23;2568.00;45
6497;22;623691118;6497;321;7465;7510;6.62;0.41;265.93;6.15;968;23;2569.00;45
6501;22;623691131;6501;324;7465;7510;6.66;0.41;265.87;6.15;964;23;2570.00;45
6505;22;623691143;6505;321;7466;7511;6.71;0.41;265.85;6.15;961;23;2571.00;45
6508;22;623691156;6508;322;7469;7515;6.72;0.41;265.96;6.15;961;23;2572.00;46
6512;22;623691169;6512;321;7469;7515;6.66;0.41;266.07;6.15;957;23;2573.00;46
6519;22;623691182;6519;321;7471;7518;6.64;0.41;266.21;6.14;952;23;2574.00;47
6523;22;623691195;6523;325;7471;7518;6.63;0.41;266.21;6.14;948;23;2575.00;47
6526;22;623691207;6526;321;7472;7518;6.63;0.41;266.32;6.14;946;23;2576.00;46
6533;22;623691225;6533;319;7472;7518;6.64;0.41;266.33;6.14;939;23;2577.00;46
6536;22;623691238;6536;316;7476;7522;6.72;0.41;266.31;6.14;940;23;2578.00;46
6542;22;623691251;6542;325;7476;7522;6.73;0.41;266.34;6.14;934;23;2579.00;46
6548;22;623691266;6548;319;7476;7522;6.71;0.41;266.39;6.14;928;23;2580.00;46
6552;22;623691278;6552;314;7476;7522;6.71;0.41;266.44;6.14;924;23;2581.00;46
6556;22;623691292;6556;313;7476;7523;6.70;0.41;266.37;6.14;920;23;2582.00;47
6562;22;623691304;6562;316;7477;7524;6.61;0.40;266.39;6.14;915;23;2583.00;47
6565;22;623691318;6565;318;7477;7524;6.58;0.40;266.48;6.14;912;23;2584.00;47
6571;22;623691330;6571;319;7478;7525;6.52;0.40;266.55;6.14;907;23;2585.00;47
6575;22;623691343;6575;318;7478;7525;6.49;0.40;266.65;6.14;903;23;2586.00;47
6580;22;623691356;6580;317;7479;7525;6.48;0.40;266.76;6.20;899;23;2587.00;46
6587;22;623691369;6587;314;7479;7525;6.44;0.39;266.86;6.20;892;23;2588.00;46
6592;22;623691382;6592;310;7479;7525;6.42;0.39;267.02;6.20;887;23;2589.00;46
6594;23;623691394;6594;306;7479;7525;6.38;0.39;267.04;6.20;885;24;2590.00;46
6598;23;623691421;6598;306;7479;7525;6.34;0.39;267.11;6.20;881;24;2591.00;46
6600;23;623691439;6600;320;7550;7652;6.41;0.40;267.21;6.14;950;24;2592.00;102
6603;23;623691465;6603;313;7552;7653;6.40;0.40;267.23;6.14;949;24;2593.00;101
6605;23;623691480;6605;320;7557;7653;6.50;0.40;267.26;6.13;952;24;2594.00;96
6609;23;623691493;6609;319;7559;7653;6.54;0.40;267.28;6.13;950;24;2595.00;94
6612;23;623691507;6612;326;7565;7653;6.68;0.41;267.29;6.13;953;24;2596.00;88
6614;23;623691524;6614;318;7567;7653;6.71;0.41;267.35;6.13;953;24;2597.00;86
6615;23;623691545;6615;319;7571;7653;6.77;0.42;267.41;6.13;956;24;2598.00;82
6619;23;623691558;6619;317;7573;7653;6.79;0.42;267.42;6.13;954;24;2599.00;80
6621;23;623691572;6621;324;7576;7654;6.80;0.42;267.42;6.13;955;24;2600.00;78
6622;23;623691590;6622;326;7582;7655;6.77;0.42;267.41;6.13;960;24;2601.00;73
6625;23;623691603;6625;331;7584;7655;6.72;0.41;267.44;6.19;959;24;2602.00;71
6626;23;623691622;6626;338;7587;7656;6.69;0.41;267.40;6.19;961;24;2603.00;69
6629;23;623691635;6629;339;7587;7656;6.66;0.41;267.52;6.19;958;24;2604.00;69
6630;23;623691655;6630;344;7591;7656;6.63;0.41;267.55;6.20;961;24;2605.00;65
6635;23;623691674;6635;344;7592;7656;6.59;0.40;267.61;6.20;957;24;2606.00;64
6637;23;623691688;6637;344;7596;7660;6.68;0.41;267.67;6.20;959;24;2607.00;64
6640;23;623691702;6640;343;7598;7660;6.69;0.41;267.76;6.20;958;24;2608.00;62
6643;23;623691715;6643;337;7600;7660;6.73;0.41;267.76;6.20;957;24;2609.00;60
6643;23;623691732;6643;329;7604;7666;6.76;0.41;267.76;6.20;961;24;2610.00;62
6646;23;623691745;6646;324;7606;7666;6.80;0.41;267.77;6.26;960;24;2611.00;60
6649;23;623691758;6649;314;7608;7666;6.85;0.42;267.88;6.26;959;24;2612.00;58
6649;23;623691770;6649;322;7612;7670;6.93;0.42;267.88;6.26;963;24;2613.00;58
6650;23;623691783;6650;320;7613;7671;7.03;0.43;267.95;6.26;963;24;2614.00;58
6656;23;623691795;6656;312;7613;7671;7.06;0.43;268.07;6.26;957;24;2615.00;58
6659;23;623691807;6659;315;7618;7675;7.12;0.43;268.11;6.26;959;24;2616.00;57
6661;23;623691819;6661;320;7618;7675;7.15;0.44;268.20;6.26;957;24;2617.00;57
6664;23;623691831;6664;318;7618;7675;7.21;0.44;268.17;6.26;954;24;2618.00;57
6667;23;623691843;6667;318;7619;7676;7.28;0.44;268.23;6.26;952;24;2619.00;57
6669;23;623691855;6669;324;7619;7676;7.37;0.45;268.30;6.26;950;24;2620.00;57
6674;23;623691867;6674;321;7624;7682;7.45;0.45;268.30;6.25;950;24;2621.00;58
6674;23;623691880;6674;317;7624;7682;7.47;0.45;268.30;6.25;950;24;2622.00;58
6676;23;623691892;6676;321;7624;7683;7.41;0.45;268.29;6.25;948;24;2623.00;59
6678;23;623691903;6678;321;7624;7683;7.42;0.45;268.34;6.25;946;24;2624.00;59
6680;23;623691914;6680;310;7624;7683;7.40;0.45;268.32;6.25;944;24;2625.00;59
6682;23;623691926;6682;308;7624;7683;7.36;0.45;268.30;6.25;942;24;2626.00;59
6686;23;623691937;6686;300;7624;7683;7.35;0.45;268.30;6.25;938;24;2627.00;59
6688;23;623691948;6688;306;7634;7695;7.37;0.45;268.26;6.24;946;24;2628.00;61
6691;23;623691960;6691;298;7634;7695;7.36;0.45;268.27;6.24;943;24;2629.00;61
6693;23;623691972;6693;303;7635;7695;7.41;0.45;268.33;6.24;942;24;2630.00;60
6694;23;623691984;6694;298;7635;7695;7.41;0.45;268.34;6.24;941;24;2631.00;60
6696;23;623691994;6696;298;7635;7695;7.43;0.45;268.30;6.24;939;24;2632.00;60
6697;23;623692006;6697;298;7635;7695;7.47;0.45;268.28;6.24;938;24;2633.00;60
6700;23;623692016;6700;302;7638;7699;7.47;0.45;268.21;6.24;938;24;2634.00;61
6701;23;623692027;6701;296;7638;7699;7.51;0.46;268.21;6.24;937;24;2635.00;61
6704;23;623692039;6704;292;7642;7703;7.53;0.46;268.20;6.24;938;24;2636.00;61
6708;23;623692050;6708;285;7643;7704;7.54;0.46;268.11;6.24;935;24;2637.00;61
6709;23;623692062;6709;281;7643;7704;7.56;0.46;268.12;6.24;934;24;2638.00;61
6712;23;623692080;6712;283;7643;7704;7.59;0.46;268.10;6.24;931;24;2639.00;61
6716;23;623692102;6716;295;7666;7733;7.63;0.46;268.02;6.22;950;24;2640.00;67
6717;23;623692124;6717;297;7666;7733;7.64;0.46;268.02;6.22;949;24;2641.00;67
6719;23;623692142;6719;296;7668;7733;7.74;0.47;268.02;6.22;949;24;2642.00;65
6720;23;623692159;6720;305;7670;7734;7.76;0.47;267.99;6.28;950;24;2643.00;64
6721;23;623692176;6721;305;7670;7735;7.82;0.48;267.99;6.28;949;24;2644.00;65
6722;23;623692190;6722;309;7670;7735;7.85;0.48;268.00;6.28;948;24;2645.00;65
6725;23;623692203;6725;302;7672;7738;7.90;0.48;268.05;6.28;947;24;2646.00;66
6726;23;623692215;6726;308;7672;7738;7.91;0.48;268.03;6.28;946;24;2647.00;66
6728;23;623692235;6728;315;7673;7738;7.92;0.48;268.00;6.28;945;24;2648.00;65
6730;23;623692246;6730;317;7673;7738;7.81;0.48;268.06;6.28;943;24;2649.00;65
6732;23;623692259;6732;317;7678;7744;7.74;0.47;268.03;6.27;946;24;2650.00;66
6734;23;623692272;6734;309;7679;7744;7.66;0.47;268.01;6.34;945;24;2651.00;65
6736;23;623692283;6736;295;7679;7744;7.58;0.46;267.99;6.34;943;24;2652.00;65
6738;23;623692295;6738;291;7679;7744;7.48;0.46;267.95;6.34;941;24;2653.00;65
6741;23;623692307;6741;284;7683;7748;7.43;0.45;268.01;6.35;942;24;2654.00;65
6742;23;623692320;6742;279;7686;7750;7.45;0.45;267.97;6.36;944;24;2655.00;64
6743;23;623692332;6743;272;7686;7750;7.48;0.46;267.94;6.36;943;24;2656.00;64
6744;23;623692345;6744;265;7687;7751;7.50;0.46;267.93;6.36;943;24;2657.00;64
6744;23;623692358;6744;271;7687;7751;7.58;0.46;267.93;6.36;943;24;2658.00;64
6747;23;623692369;6747;264;7687;7751;7.66;0.47;267.88;6.36;940;24;2659.00;64
6751;23;623692386;6751;262;7687;7751;7.62;0.46;267.88;6.36;936;24;2660.00;64
6754;23;623692403;6754;263;7687;7751;7.62;0.46;267.86;6.36;933;24;2661.00;64
6755;23;623692414;6755;263;7687;7751;7.63;0.46;267.88;6.36;932;24;2662.00;64
6758;23;623692425;6758;256;7687;7751;7.58;0.46;267.82;6.36;929;24;2663.00;64
6761;23;623692438;6761;254;7721;7821;7.81;0.47;267.80;6.33;960;24;2664.00;100
6763;23;623692454;6763;257;7723;7822;7.78;0.47;267.77;6.33;960;24;2665.00;99
6765;23;623692465;6765;259;7731;7822;7.82;0.48;267.77;6.32;966;24;2666.00;91
6768;23;623692478;6768;259;7733;7822;7.85;0.48;267.75;6.32;965;24;2667.00;89
6772;23;623692490;6772;257;7738;7822;7.84;0.47;267.75;6.32;966;24;2668.00;84
6772;23;623692501;6772;263;7743;7822;7.86;0.48;267.75;6.32;971;24;2669.00;79
6774;23;623692514;6774;262;7746;7822;7.83;0.47;267.70;6.32;972;24;2670.00;76
6775;23;623692525;6775;262;7749;7822;7.87;0.48;267.71;6.32;974;24;2671.00;73
6776;23;623692543;6776;264;7752;7823;7.86;0.48;267.71;6.32;976;24;2672.00;71
6779;23;623692555;6779;263;7754;7824;7.82;0.47;267.71;6.32;975;24;2673.00;70
6781;23;623692567;6781;265;7755;7824;7.76;0.47;267.75;6.32;974;24;2674.00;69
6782;23;623692578;6782;271;7758;7828;7.71;0.47;267.73;6.32;976;24;2675.00;70
6785;23;623692591;6785;275;7759;7828;7.69;0.47;267.75;6.33;974;24;2676.00;69
6787;23;623692604;6787;281;7759;7828;7.63;0.46;267.71;6.33;972;24;2677.00;69
6788;23;623692620;6788;286;7759;7828;7.61;0.46;267.71;6.33;971;24;2678.00;69
6789;23;623692638;6789;286;7764;7834;7.59;0.46;267.71;6.33;975;24;2679.00;70
6791;23;623692655;6791;295;7765;7834;7.59;0.46;267.66;6.34;974;24;2680.00;69
6794;23;623692667;6794;296;7766;7834;7.57;0.46;267.77;6.36;972;24;2681.00;68
6794;23;623692679;6794;302;7768;7837;7.63;0.46;267.77;6.36;974;24;2682.00;69
6795;23;623692698;6795;302;7770;7837;7.61;0.46;267.78;6.39;975;24;2683.00;67
6798;23;623692710;6798;305;7771;7837;7.61;0.46;267.81;6.38;973;24;2684.00;66
6800;23;623692721;6800;311;7773;7838;7.57;0.46;267.84;6.41;973;24;2685.00;65
6802;23;623692733;6802;313;7774;7839;7.50;0.46;267.83;6.41;972;24;2686.00;65
6804;24;623692745;6804;315;7776;7839;7.42;0.45;267.87;6.43;972;25;2687.00;63
6807;24;623692778;6807;322;7787;7852;7.33;0.45;267.88;6.42;980;25;2688.00;65
6811;24;623692799;6811;330;7789;7852;7.26;0.44;267.87;6.44;978;25;2689.00;63
6811;24;623692822;6811;334;7789;7852;7.20;0.44;267.87;6.44;978;25;2690.00;63
6815;24;623692834;6815;345;7792;7853;7.12;0.43;267.90;6.47;977;25;2691.00;61
6818;24;623692846;6818;349;7793;7853;7.06;0.43;267.99;6.48;975;25;2692.00;60
6820;24;623692857;6820;355;7798;7857;7.05;0.43;268.00;6.49;978;25;2693.00;59
6822;24;623692869;6822;356;7798;7857;6.97;0.42;268.09;6.49;976;25;2694.00;59
6826;24;623692881;6826;357;7803;7861;6.91;0.42;268.04;6.50;977;25;2695.00;58
6828;24;623692895;6828;356;7804;7861;6.84;0.41;268.06;6.51;976;25;2696.00;57
6829;24;623692907;6829;355;7805;7861;6.75;0.41;268.12;6.52;976;25;2697.00;56
6832;24;623692924;6832;358;7806;7861;6.68;0.41;268.20;6.53;974;25;2698.00;55
6832;24;623692936;6832;356;7807;7861;6.69;0.41;268.20;6.54;975;25;2699.00;54
6834;24;623692949;6834;354;7833;7910;6.80;0.42;268.25;6.52;999;25;2700.00;77
6838;24;623692970;6838;354;7836;7910;6.75;0.41;268.35;6.53;998;25;2701.00;74
6841;24;623692982;6841;355;7839;7910;6.78;0.41;268.36;6.52;998;25;2702.00;71
6842;24;623692994;6842;357;7840;7910;6.77;0.41;268.39;6.53;998;25;2703.00;70
6845;25;623693005;6845;349;7843;7910;6.72;0.41;268.50;6.53;998;26;2704.00;67
6848;25;623693028;6848;354;7844;7910;6.71;0.41;268.57;6.53;996;26;2705.00;66
6849;25;623693040;6849;354;7847;7911;6.67;0.41;268.56;6.55;998;26;2706.00;64
6851;25;623693052;6851;357;7848;7911;6.62;0.40;268.65;6.55;997;26;2707.00;63
6854;25;623693063;6854;353;7854;7917;6.62;0.40;268.67;6.55;1000;26;2708.00;63
6857;25;623693075;6857;359;7855;7918;6.58;0.40;268.71;6.55;998;26;2709.00;63
6859;25;623693087;6859;358;7857;7918;6.53;0.40;268.77;6.56;998;26;2710.00;61
6863;25;623693098;6863;367;7857;7918;6.46;0.40;268.75;6.56;994;26;2711.00;61
6865;25;623693109;6865;375;7861;7922;6.46;0.39;268.73;6.56;996;26;2712.00;61
6868;25;623693120;6868;383;7864;7922;6.39;0.39;268.83;6.57;996;26;2713.00;58
6872;25;623693131;6872;383;7864;7922;6.36;0.39;268.88;6.57;992;26;2714.00;58
6877;25;623693142;6877;382;7867;7923;6.29;0.38;268.93;6.57;990;26;2715.00;56
6883;25;623693152;6883;385;7870;7927;6.18;0.38;269.00;6.57;987;26;2716.00;57
6888;25;623693163;6888;381;7870;7927;6.06;0.37;269.08;6.57;982;26;2717.00;57
6894;25;623693176;6894;382;7875;7930;5.97;0.37;269.18;6.58;981;26;2718.00;55
6898;25;623693192;6898;387;7877;7930;5.88;0.36;269.26;6.58;979;26;2719.00;53
6902;25;623693210;6902;372;7877;7930;5.80;0.36;269.36;6.58;975;26;2720.00;53
6906;25;623693224;6906;368;7879;7930;5.75;0.35;269.43;6.58;973;26;2721.00;51
6907;25;623693235;6907;367;7882;7934;5.81;0.36;269.43;6.58;975;26;2722.00;52
6916;25;623693247;6916;367;7882;7934;5.73;0.35;269.55;6.58;966;26;2723.00;52
6919;25;623693259;6919;370;7885;7934;5.73;0.35;269.63;6.58;966;26;2724.00;49
6921;25;623693270;6921;368;7886;7934;5.76;0.35;269.74;6.59;965;26;2725.00;48
6926;25;623693285;6926;363;7888;7935;5.82;0.36;269.84;6.59;962;26;2726.00;47
6930;25;623693298;6930;354;7889;7936;5.86;0.36;269.97;6.59;959;26;2727.00;47
6936;25;623693309;6936;346;7890;7936;5.89;0.36;270.16;6.59;954;26;2728.00;46
6938;25;623693322;6938;340;7891;7937;5.98;0.37;270.25;6.59;953;26;2729.00;46
6942;25;623693339;6942;338;7893;7937;6.01;0.37;270.45;6.59;951;26;2730.00;44
6944;25;623693352;6944;329;7893;7937;6.08;0.37;270.50;6.59;949;26;2731.00;44
6946;25;623693363;6946;329;7893;7937;6.13;0.38;270.56;6.59;947;26;2732.00;44
6954;25;623693373;6954;319;7895;7937;6.12;0.37;270.66;6.59;941;26;2733.00;42
6958;25;623693384;6958;333;7895;7937;6.15;0.38;270.78;6.59;937;26;2734.00;42
6962;25;623693396;6962;331;7896;7937;6.20;0.38;270.87;6.60;934;26;2735.00;41
6967;25;623693407;6967;334;7966;8064;6.46;0.40;270.99;6.54;999;26;2736.00;98
6974;25;623693428;6974;327;7970;8065;6.48;0.40;271.10;6.54;996;26;2737.00;95
6976;25;623693441;6976;336;7977;8065;6.54;0.41;271.09;6.53;1001;26;2738.00;88
6979;25;623693453;6979;334;7981;8065;6.53;0.41;271.24;6.53;1002;26;2739.00;84
6986;25;623693467;6986;339;7984;8065;6.46;0.40;271.24;6.60;998;26;2740.00;81
6989;25;623693480;6989;338;7987;8065;6.45;0.40;271.25;6.60;998;26;2741.00;78
6993;25;623693492;6993;345;7990;8065;6.39;0.39;271.29;6.60;997;26;2742.00;75
6996;25;623693504;6996;347;7991;8065;6.32;0.39;271.45;6.60;995;26;2743.00;74
7001;25;623693516;7001;354;7993;8066;6.28;0.39;271.38;6.60;992;26;2744.00;73
7009;25;623693529;7009;353;7996;8068;6.13;0.38;271.55;6.60;987;26;2745.00;72
7012;25;623693541;7012;363;7999;8068;6.05;0.37;271.61;6.60;987;26;2746.00;69
7017;25;623693552;7017;364;8002;8069;6.02;0.37;271.66;6.61;985;26;2747.00;67
7022;25;623693563;7022;366;8003;8069;5.98;0.37;271.71;6.61;981;26;2748.00;66
7027;25;623693574;7027;365;8007;8069;5.91;0.37;271.78;6.61;980;26;2749.00;62
7031;25;623693586;7031;365;8009;8069;5.89;0.37;271.78;6.61;978;26;2750.00;60
7033;25;623693597;7033;363;8014;8073;5.93;0.37;271.87;6.61;981;26;2751.00;59
7040;25;623693608;7040;362;8016;8073;5.91;0.37;271.93;6.61;976;26;2752.00;57
7045;25;623693620;7045;364;8017;8073;5.91;0.37;271.92;6.61;972;26;2753.00;56
7048;25;623693631;7048;361;8018;8076;5.92;0.37;271.94;6.61;970;26;2754.00;58
7054;25;623693643;7054;363;8020;8076;5.93;0.37;271.92;6.61;966;26;2755.00;56
7057;25;623693654;7057;370;8021;8076;5.94;0.37;271.87;6.69;964;26;2756.00;55
7060;25;623693664;7060;365;8026;8080;5.99;0.37;271.87;6.69;966;26;2757.00;54
7063;25;623693675;7063;379;8027;8081;5.93;0.37;271.95;6.69;964;26;2758.00;54
7066;25;623693690;7066;388;8028;8081;5.98;0.37;271.96;6.69;962;26;2759.00;53
7069;25;623693703;7069;394;8032;8086;5.98;0.37;272.01;6.69;963;26;2760.00;54
7073;25;623693714;7073;399;8034;8086;5.99;0.37;272.01;6.69;961;26;2761.00;52
7082;25;623693727;7082;396;8035;8086;5.96;0.37;272.21;6.69;953;26;2762.00;51
7085;25;623693741;7085;403;8037;8087;5.94;0.36;272.25;6.76;952;26;2763.00;50
7088;25;623693753;7088;400;8037;8087;5.89;0.36;272.21;6.76;949;26;2764.00;50
7089;25;623693764;7089;398;8042;8093;5.89;0.36;272.21;6.76;953;26;2765.00;51
7093;25;623693776;7093;393;8042;8093;5.82;0.36;272.19;6.76;949;26;2766.00;51
7093;25;623693789;7093;381;8042;8094;5.85;0.36;272.19;6.76;949;26;2767.00;52
7094;25;623693800;7094;379;8042;8094;5.89;0.36;272.19;6.76;948;26;2768.00;52
7095;25;623693811;7095;375;8042;8094;5.90;0.36;272.17;6.76;947;26;2769.00;52
7096;25;623693823;7096;374;8042;8094;5.89;0.36;272.18;6.76;946;26;2770.00;52
7098;25;623693836;7098;380;8042;8094;5.91;0.36;272.21;6.76;944;26;2771.00;52
7099;25;623693848;7099;380;8052;8106;6.02;0.37;272.19;6.75;953;26;2772.00;54
7099;25;623693860;7099;384;8052;8106;6.03;0.37;272.19;6.75;953;26;2773.00;54
7102;25;623693872;7102;387;8053;8106;6.00;0.37;272.16;6.75;951;26;2774.00;53
7104;25;623693883;7104;394;8053;8106;5.97;0.37;272.13;6.75;949;26;2775.00;53
7107;25;623693894;7107;385;8053;8106;5.96;0.37;272.09;6.75;946;26;2776.00;53
7108;25;623693906;7108;370;8053;8106;6.01;0.37;272.07;6.75;945;26;2777.00;53
7110;25;623693917;7110;364;8056;8110;6.03;0.37;272.06;6.75;946;26;2778.00;54
7112;25;623693929;7112;358;8056;8110;6.09;0.37;272.04;6.75;944;26;2779.00;54
7114;25;623693941;7114;352;8060;8114;6.15;0.38;272.09;6.74;946;26;2780.00;54
7115;25;623693954;7115;347;8061;8115;6.16;0.38;272.06;6.74;946;26;2781.00;54
7118;25;623693965;7118;350;8061;8115;6.18;0.38;272.04;6.74;943;26;2782.00;54
7121;25;623693978;7121;350;8061;8115;6.21;0.38;272.05;6.74;940;26;2783.00;54
7122;25;623693991;7122;345;8072;8128;6.33;0.39;272.02;6.73;950;26;2784.00;56
7125;25;623694004;7125;347;8072;8128;6.43;0.39;272.04;6.73;947;26;2785.00;56
7127;25;623694019;7127;350;8072;8128;6.54;0.40;271.99;6.73;945;26;2786.00;56
7128;25;623694031;7128;352;8073;8129;6.58;0.40;271.97;6.73;945;26;2787.00;56
7131;25;623694043;7131;346;8073;8130;6.68;0.41;271.98;6.73;942;26;2788.00;57
7134;25;623694055;7134;350;8073;8130;6.72;0.41;271.97;6.73;939;26;2789.00;57
7136;25;623694072;7136;347;8077;8136;6.76;0.41;271.92;6.73;941;26;2790.00;59
7137;25;623694089;7137;338;8077;8136;6.79;0.41;271.93;6.73;940;26;2791.00;59
7138;25;623694110;7138;335;8079;8136;6.84;0.41;271.90;6.73;941;26;2792.00;57
7138;25;623694134;7138;333;8079;8136;6.85;0.42;271.90;6.73;941;26;2793.00;57
7140;25;623694154;7140;337;8084;8142;6.89;0.42;271.89;6.73;944;26;2794.00;58
7143;25;623694178;7143;335;8084;8142;6.88;0.42;271.87;6.73;941;26;2795.00;58
7143;25;623694195;7143;339;8084;8142;6.91;0.42;271.87;6.73;941;26;2796.00;58
7147;25;623694208;7147;343;8084;8142;6.93;0.42;271.96;6.73;937;26;2797.00;58
7147;25;623694222;7147;343;8088;8146;7.01;0.42;271.96;6.80;941;26;2798.00;58
7148;25;623694234;7148;337;8089;8147;7.08;0.43;271.93;6.80;941;26;2799.00;58
7152;25;623694249;7152;339;8089;8147;7.05;0.43;271.89;6.80;937;26;2800.00;58
7153;25;623694267;7153;340;8090;8148;7.08;0.43;271.88;6.80;937;26;2801.00;58
7154;25;623694282;7154;334;8090;8148;7.13;0.43;271.88;6.80;936;26;2802.00;58
7155;25;623694296;7155;315;8090;8148;7.20;0.44;271.87;6.80;935;26;2803.00;58
7156;25;623694310;7156;304;8090;8148;7.30;0.44;271.84;6.80;934;26;2804.00;58
7157;25;623694323;7157;289;8090;8148;7.37;0.45;271.85;6.80;933;26;2805.00;58
7157;25;623694336;7157;279;8090;8148;7.46;0.45;271.85;6.80;933;26;2806.00;58
7157;25;623694348;7157;272;8090;8148;7.59;0.46;271.85;6.80;933;26;2807.00;58
7158;25;623694361;7158;274;8130;8218;7.70;0.47;271.85;6.77;972;26;2808.00;88
7159;25;623694380;7159;261;8130;8219;7.85;0.48;271.85;6.77;971;26;2809.00;89
7160;25;623694399;7160;254;8137;8219;8.03;0.49;271.86;6.76;977;26;2810.00;82
7161;25;623694418;7161;250;8139;8219;8.19;0.50;271.85;6.76;978;26;2811.00;80
7161;25;623694432;7161;239;8143;8219;8.34;0.51;271.85;6.76;982;26;2812.00;76
7163;25;623694456;7163;231;8147;8219;8.47;0.51;271.84;6.84;984;26;2813.00;72
7166;25;623694472;7166;226;8149;8219;8.55;0.52;271.87;6.84;983;26;2814.00;70
7166;25;623694493;7166;226;8151;8219;8.64;0.52;271.87;6.84;985;26;2815.00;68
7166;25;623694506;7166;223;8154;8220;8.70;0.53;271.87;6.84;988;26;2816.00;66
7167;26;623694521;7167;223;8156;8221;8.64;0.52;271.87;6.84;989;27;2817.00;65
7170;26;623694544;7170;225;8157;8221;8.59;0.52;271.91;6.84;987;27;2818.00;64
7171;26;623694557;7171;229;8161;8225;8.53;0.52;271.90;6.84;990;27;2819.00;64
7175;26;623694572;7175;227;8162;8225;8.43;0.51;271.96;6.84;987;27;2820.00;63
7176;26;623694586;7176;230;8162;8225;8.33;0.50;271.96;6.84;986;27;2821.00;63
7177;26;623694602;7177;225;8162;8225;8.24;0.50;271.95;6.84;985;27;2822.00;63
7178;26;623694616;7178;224;8168;8231;8.19;0.50;271.98;6.91;990;27;2823.00;63
7182;26;623694635;7182;222;8168;8231;8.10;0.49;272.00;6.91;986;27;2824.00;63
7183;26;623694649;7183;220;8170;8231;8.07;0.49;271.97;6.93;987;27;2825.00;61
7188;26;623694664;7188;226;8172;8234;8.05;0.49;271.99;6.93;984;27;2826.00;62
7191;26;623694678;7191;222;8172;8234;8.05;0.49;272.00;6.93;981;27;2827.00;62
7192;26;623694690;7192;221;8173;8234;8.09;0.49;271.97;6.93;981;27;2828.00;61
7194;26;623694703;7194;227;8173;8235;8.09;0.49;271.98;6.93;979;27;2829.00;62
7198;26;623694715;7198;219;8174;8236;8.12;0.49;271.93;6.93;976;27;2830.00;62
7200;26;623694729;7200;220;8174;8236;8.18;0.50;271.94;6.93;974;27;2831.00;62
7204;26;623694742;7204;221;8184;8249;8.20;0.50;271.90;6.92;980;27;2832.00;65
7207;26;623694756;7207;211;8185;8249;8.22;0.50;271.91;6.92;978;27;2833.00;64
7210;26;623694769;7210;206;8185;8249;8.19;0.50;271.87;6.92;975;27;2834.00;64
7213;26;623694783;7213;213;8188;8251;8.16;0.50;271.89;7.00;975;27;2835.00;63
7216;26;623694798;7216;215;8188;8251;8.17;0.49;271.83;7.00;972;27;2836.00;63
7218;26;623694811;7218;226;8192;8255;8.21;0.50;271.81;7.00;974;27;2837.00;63
7222;26;623694825;7222;217;8192;8255;8.25;0.50;271.87;7.00;970;27;2838.00;63
7224;26;623694839;7224;221;8195;8259;8.21;0.50;271.90;7.00;971;27;2839.00;64
7224;26;623694858;7224;224;8195;8259;8.21;0.50;271.90;7.00;971;27;2840.00;64
7226;26;623694873;7226;230;8195;8259;8.22;0.50;271.90;7.00;969;27;2841.00;64
7230;26;623694887;7230;235;8195;8259;8.16;0.49;272.01;7.00;965;27;2842.00;64
7231;26;623694900;7231;230;8195;8259;8.13;0.49;272.06;7.00;964;27;2843.00;64
7233;26;623694915;7233;235;8205;8271;8.16;0.50;272.05;6.99;972;27;2844.00;66
7234;26;623694929;7234;239;8206;8271;8.16;0.50;272.03;6.99;972;27;2845.00;65
7237;26;623694944;7237;243;8206;8271;8.10;0.49;272.07;6.99;969;27;2846.00;65
7239;26;623694958;7239;242;8206;8271;8.11;0.49;272.09;6.99;967;27;2847.00;65
7241;26;623694973;7241;245;8206;8271;8.12;0.49;272.12;6.99;965;27;2848.00;65
7243;26;623694988;7243;251;8206;8271;8.14;0.50;272.15;6.99;963;27;2849.00;65
7247;26;623695005;7247;256;8208;8274;8.10;0.49;272.14;6.99;961;27;2850.00;66
7248;26;623695022;7248;257;8210;8274;8.10;0.49;272.13;7.01;962;27;2851.00;64
7253;26;623695049;7253;261;8215;8280;8.08;0.49;272.10;7.01;962;27;2852.00;65
7254;26;623695066;7254;265;8217;8281;8.05;0.49;272.12;7.02;963;27;2853.00;64
7256;26;623695089;7256;267;8218;8281;8.00;0.49;272.13;7.03;962;27;2854.00;63
7260;26;623695104;7260;272;8219;8281;7.93;0.48;272.13;7.05;959;27;2855.00;62
7263;26;623695118;7263;275;8223;8285;7.88;0.48;272.24;7.06;960;27;2856.00;62
7268;26;623695137;7268;285;8224;8285;7.78;0.47;272.28;7.07;956;27;2857.00;61
7273;26;623695149;7273;280;8225;8285;7.69;0.47;272.40;7.08;952;27;2858.00;60
7274;26;623695161;7274;287;8227;8286;7.64;0.47;272.40;7.09;953;27;2859.00;59
7277;26;623695173;7277;292;8231;8290;7.55;0.46;272.56;7.10;954;27;2860.00;59
7278;26;623695186;7278;296;8233;8290;7.53;0.46;272.54;7.12;955;27;2861.00;57
7282;26;623695198;7282;300;8236;8293;7.46;0.45;272.63;7.12;954;27;2862.00;57
7284;26;623695210;7284;303;8237;8293;7.41;0.45;272.67;7.13;953;27;2863.00;56
7286;26;623695221;7286;307;8240;8295;7.37;0.45;272.64;7.13;954;27;2864.00;55
7290;26;623695233;7290;311;8242;8295;7.26;0.44;272.67;7.14;952;27;2865.00;53
7293;26;623695245;7293;311;8246;8299;7.25;0.44;272.74;7.14;953;27;2866.00;53
7294;26;623695260;7294;318;8248;8299;7.18;0.44;272.75;7.15;954;27;2867.00;51
7296;26;623695279;7296;320;8248;8299;7.11;0.43;272.80;7.15;952;27;2868.00;51
7298;26;623695294;7298;320;8249;8299;7.04;0.43;272.83;7.16;951;27;2869.00;50
7299;26;623695314;7299;321;8249;8300;6.98;0.43;272.82;7.16;950;27;2870.00;51
7301;26;623695327;7301;322;8250;8301;6.92;0.42;272.93;7.16;949;27;2871.00;51
7306;26;623695340;7306;322;8251;8301;6.83;0.42;272.89;7.16;945;27;2872.00;50
7308;26;623695355;7308;318;8252;8302;6.78;0.41;272.93;7.16;944;27;2873.00;50
7309;26;623695369;7309;313;8255;8302;6.79;0.41;272.94;7.19;946;27;2874.00;47
7310;26;623695384;7310;315;8255;8302;6.82;0.42;272.96;7.19;945;27;2875.00;47
7311;26;623695399;7311;313;8256;8302;6.83;0.42;272.99;7.19;945;27;2876.00;46
7316;26;623695414;7316;314;8256;8302;6.77;0.41;273.06;7.19;940;27;2877.00;46
7317;26;623695428;7317;314;8256;8302;6.71;0.41;273.07;7.19;939;27;2878.00;46
7319;26;623695442;7319;311;8259;8302;6.69;0.41;273.13;7.21;940;27;2879.00;43
7321;26;623695460;7321;345;8362;8532;6.82;0.43;273.09;7.12;1041;27;2880.00;170
7324;26;623695497;7324;338;8367;8533;6.75;0.42;273.19;7.12;1043;27;2881.00;166
7331;26;623695514;7331;331;8378;8533;6.73;0.42;273.14;7.12;1047;27;2882.00;155
7336;26;623695528;7336;330;8382;8533;6.64;0.42;273.20;7.12;1046;27;2883.00;151
7337;26;623695543;7337;332;8392;8533;6.69;0.42;273.17;7.12;1055;27;2884.00;141
7344;26;623695564;7344;328;8396;8533;6.59;0.41;273.24;7.12;1052;27;2885.00;137
7347;26;623695581;7347;325;8402;8533;6.59;0.41;273.30;7.12;1055;27;2886.00;131
7349;26;623695599;7349;324;8411;8533;6.54;0.41;273.34;7.12;1062;27;2887.00;122
7353;26;623695614;7353;333;8417;8534;6.47;0.40;273.44;7.12;1064;27;2888.00;117
7354;26;623695634;7354;337;8425;8535;6.39;0.40;273.43;7.12;1071;27;2889.00;110
7361;26;623695648;7361;328;8431;8535;6.29;0.39;273.50;7.12;1070;27;2890.00;104
7364;26;623695663;7364;331;8434;8536;6.21;0.39;273.47;7.13;1070;27;2891.00;102
7368;26;623695684;7368;324;8437;8536;6.07;0.38;273.50;7.13;1069;27;2892.00;99
7374;26;623695698;7374;325;8441;8536;5.90;0.37;273.69;7.13;1067;27;2893.00;95
7378;26;623695713;7378;341;8445;8536;5.75;0.36;273.78;7.13;1067;27;2894.00;91
7381;26;623695735;7381;345;8449;8540;5.62;0.35;273.78;7.13;1068;27;2895.00;91
7382;26;623695749;7382;358;8452;8540;5.56;0.34;273.81;7.14;1070;27;2896.00;88
7384;26;623695762;7384;355;8454;8540;5.54;0.34;273.79;7.14;1070;27;2897.00;86
7387;26;623695783;7387;359;8456;8543;5.50;0.34;273.85;7.14;1069;27;2898.00;87
7388;26;623695800;7388;358;8457;8543;5.55;0.34;273.87;7.14;1069;27;2899.00;86
7391;26;623695815;7391;358;8460;8543;5.60;0.35;273.97;7.15;1069;27;2900.00;83
7395;26;623695835;7395;360;8466;8547;5.61;0.35;273.99;7.24;1071;27;2901.00;81
7398;26;623695849;7398;355;8470;8548;5.65;0.35;274.01;7.24;1072;27;2902.00;78
7403;26;623695861;7403;350;8472;8548;5.75;0.35;273.99;7.24;1069;27;2903.00;76
7408;26;623695873;7408;351;8477;8552;5.80;0.36;274.06;7.25;1069;27;2904.00;75
7412;26;623695885;7412;352;8478;8552;5.92;0.36;274.13;7.25;1066;27;2905.00;74
7417;26;623695897;7417;356;8481;8552;5.95;0.37;274.22;7.25;1064;27;2906.00;71
7419;26;623695909;7419;359;8482;8553;6.01;0.37;274.21;7.25;1063;27;2907.00;71
7424;26;623695920;7424;366;8483;8553;6.09;0.38;274.25;7.25;1059;27;2908.00;70
7425;26;623695933;7425;364;8488;8559;6.17;0.38;274.26;7.25;1063;27;2909.00;71
7430;26;623695947;7430;374;8490;8559;6.14;0.38;274.31;7.26;1060;27;2910.00;69
7434;26;623695959;7434;380;8490;8560;6.14;0.38;274.40;7.26;1056;27;2911.00;70
7436;26;623695972;7436;387;8490;8560;6.15;0.38;274.47;7.26;1054;27;2912.00;70
7440;26;623695983;7440;383;8491;8560;6.10;0.38;274.51;7.26;1051;27;2913.00;69
7443;26;623695995;7443;394;8492;8560;5.99;0.37;274.68;7.26;1049;27;2914.00;68
7449;26;623696008;7449;402;8493;8560;5.86;0.36;274.72;7.26;1044;27;2915.00;67
7452;26;623696020;7452;405;8501;8572;5.84;0.36;274.79;7.26;1049;27;2916.00;71
7457;26;623696033;7457;410;8502;8572;5.76;0.35;274.74;7.26;1045;27;2917.00;70
7461;26;623696045;7461;418;8505;8572;5.70;0.35;274.68;7.26;1044;27;2918.00;67
7466;26;623696056;7466;421;8505;8572;5.61;0.34;274.79;7.26;1039;27;2919.00;67
7469;26;623696070;7469;420;8507;8572;5.54;0.34;274.83;7.27;1038;27;2920.00;65
7471;26;623696090;7471;435;8507;8572;5.48;0.34;274.83;7.27;1036;27;2921.00;65
7478;26;623696108;7478;441;8510;8576;5.38;0.33;274.99;7.27;1032;27;2922.00;66
7481;26;623696128;7481;446;8510;8576;5.31;0.32;274.98;7.27;1029;27;2923.00;66
7484;26;623696145;7484;453;8515;8580;5.26;0.32;275.05;7.27;1031;27;2924.00;65
7487;26;623696162;7487;455;8518;8582;5.19;0.32;275.09;7.27;1031;27;2925.00;64
7489;26;623696180;7489;454;8518;8582;5.15;0.32;275.11;7.27;1029;27;2926.00;64
7494;26;623696194;7494;460;8519;8582;5.05;0.31;275.11;7.27;1025;27;2927.00;63
7499;26;623696206;7499;466;8529;8595;5.13;0.31;275.03;7.26;1030;27;2928.00;66
7501;26;623696219;7501;467;8530;8595;5.11;0.31;275.04;7.35;1029;27;2929.00;65
7503;26;623696231;7503;459;8531;8595;5.13;0.31;275.11;7.35;1028;27;2930.00;64
7507;26;623696243;7507;465;8532;8596;5.10;0.31;275.02;7.35;1025;27;2931.00;64
7510;26;623696255;7510;466;8532;8597;5.07;0.31;275.01;7.35;1022;27;2932.00;65
7513;26;623696266;7513;462;8532;8597;5.09;0.31;275.02;7.35;1019;27;2933.00;65
7516;26;623696278;7516;470;8535;8600;5.10;0.31;274.94;7.35;1019;27;2934.00;65
7519;26;623696290;7519;473;8535;8600;5.07;0.31;274.92;7.35;1016;27;2935.00;65
7521;26;623696302;7521;482;8535;8600;5.09;0.31;274.91;7.35;1014;27;2936.00;65
7523;26;623696314;7523;474;8535;8600;5.11;0.31;274.93;7.35;1012;27;2937.00;65
7527;26;623696324;7527;469;8540;8606;5.16;0.32;274.98;7.34;1013;27;2938.00;66
7532;26;623696336;7532;469;8540;8606;5.14;0.31;274.92;7.34;1008;27;2939.00;66
7533;26;623696351;7533;465;8540;8606;5.16;0.32;274.89;7.34;1007;27;2940.00;66
7539;26;623696362;7539;461;8540;8606;5.13;0.31;274.88;7.34;1001;27;2941.00;66
7541;26;623696375;7541;457;8543;8610;5.20;0.32;274.85;7.34;1002;27;2942.00;67
7543;26;623696387;7543;463;8544;8611;5.22;0.32;274.79;7.34;1001;27;2943.00;67
7544;26;623696399;7544;469;8545;8611;5.21;0.32;274.80;7.43;1001;27;2944.00;66
7546;26;623696412;7546;469;8546;8612;5.25;0.32;274.80;7.43;1000;27;2945.00;66
7549;26;623696425;7549;457;8546;8612;5.24;0.32;274.76;7.43;997;27;2946.00;66
7551;26;623696438;7551;447;8547;8612;5.25;0.32;274.71;7.52;996;27;2947.00;65
7556;26;623696449;7556;436;8547;8612;5.25;0.32;274.59;7.52;991;27;2948.00;65
7557;26;623696461;7557;422;8547;8612;5.31;0.32;274.59;7.52;990;27;2949.00;65
7560;26;623696480;7560;418;8547;8612;5.34;0.33;274.59;7.52;987;27;2950.00;65
7560;26;623696493;7560;402;8548;8612;5.44;0.33;274.59;7.60;988;27;2951.00;64
7561;26;623696505;7561;396;8580;8682;5.81;0.36;274.57;7.58;1019;27;2952.00;102
7563;26;623696527;7563;397;8581;8683;5.95;0.36;274.55;7.58;1018;27;2953.00;102
7563;26;623696540;7563;387;8588;8683;6.10;0.37;274.55;7.57;1025;27;2954.00;95
7564;26;623696554;7564;374;8591;8683;6.18;0.38;274.54;7.57;1027;27;2955.00;92
7565;26;623696568;7565;366;8594;8683;6.31;0.39;274.55;7.57;1029;27;2956.00;89
7566;26;623696582;7566;360;8597;8683;6.42;0.39;274.55;7.57;1031;27;2957.00;86
7567;26;623696604;7567;354;8600;8683;6.49;0.40;274.59;7.57;1033;27;2958.00;83
7569;26;623696617;7569;351;8602;8683;6.61;0.40;274.56;7.57;1033;27;2959.00;81
7571;26;623696630;7571;343;8604;8684;6.68;0.41;274.58;7.57;1033;27;2960.00;80
7574;26;623696644;7574;338;8606;8685;6.70;0.41;274.64;7.57;1032;27;2961.00;79
7575;26;623696665;7575;335;8608;8685;6.80;0.41;274.70;7.57;1033;27;2962.00;77
7576;26;623696678;7576;337;8611;8689;6.87;0.42;274.70;7.56;1035;27;2963.00;78
7577;26;623696692;7577;328;8611;8689;6.93;0.42;274.70;7.56;1034;27;2964.00;78
7578;26;623696705;7578;325;8611;8689;7.00;0.42;274.71;7.56;1033;27;2965.00;78
7580;26;623696718;7580;321;8611;8689;7.07;0.43;274.74;7.56;1031;27;2966.00;78
7582;26;623696731;7582;316;8615;8695;7.17;0.43;274.79;7.56;1033;27;2967.00;80
7584;26;623696745;7584;314;8615;8695;7.23;0.44;274.77;7.56;1031;27;2968.00;80
7584;26;623696759;7584;310;8615;8695;7.27;0.44;274.77;7.56;1031;27;2969.00;80
7585;26;623696774;7585;307;8619;8701;7.38;0.45;274.81;7.56;1034;27;2970.00;82
7585;26;623696788;7585;311;8620;8701;7.43;0.45;274.81;7.63;1035;27;2971.00;81
7586;26;623696808;7586;304;8622;8701;7.52;0.46;274.81;7.63;1036;27;2972.00;79
7590;26;623696830;7590;308;8622;8702;7.55;0.46;274.84;7.63;1032;27;2973.00;80
7591;26;623696844;7591;305;8623;8703;7.65;0.46;274.81;7.63;1032;27;2974.00;80
7594;26;623696857;7594;305;8623;8703;7.73;0.47;274.85;7.63;1029;27;2975.00;80
7595;26;623696870;7595;298;8631;8716;7.82;0.47;274.84;7.62;1036;27;2976.00;85
7596;26;623696888;7596;296;8632;8716;7.92;0.48;274.84;7.62;1036;27;2977.00;84
7600;26;623696901;7600;289;8632;8716;7.95;0.48;274.86;7.62;1032;27;2978.00;84
7601;26;623696915;7601;285;8633;8717;8.05;0.49;274.93;7.62;1032;27;2979.00;84
7603;26;623696928;7603;291;8633;8717;8.04;0.49;274.94;7.62;1030;27;2980.00;84
7604;26;623696941;7604;290;8636;8721;8.07;0.49;274.97;7.62;1032;27;2981.00;85
7607;26;623696955;7607;290;8636;8721;8.04;0.49;275.06;7.62;1029;27;2982.00;85
7610;26;623696969;7610;288;8639;8725;8.00;0.48;275.14;7.62;1029;27;2983.00;86
7613;26;623696983;7613;281;8639;8725;8.06;0.49;275.25;7.62;1026;27;2984.00;86
7615;26;623696996;7615;285;8639;8725;8.11;0.49;275.31;7.62;1024;27;2985.00;86
7616;26;623697009;7616;283;8640;8725;8.15;0.49;275.28;7.70;1024;27;2986.00;85
7617;26;623697024;7617;282;8640;8725;8.17;0.49;275.33;7.70;1023;27;2987.00;85
7619;26;623697038;7619;278;8650;8737;8.18;0.50;275.33;7.69;1031;27;2988.00;87
7622;26;623697053;7622;275;8651;8737;8.16;0.49;275.33;7.69;1029;27;2989.00;86
7624;26;623697069;7624;272;8652;8737;8.17;0.50;275.35;7.69;1028;27;2990.00;85
7625;26;623697086;7625;266;8652;8737;8.19;0.50;275.34;7.69;1027;27;2991.00;85
7626;26;623697101;7626;259;8652;8737;8.23;0.50;275.31;7.69;1026;27;2992.00;85
7630;26;623697114;7630;267;8652;8737;8.22;0.50;275.38;7.69;1022;27;2993.00;85
7633;26;623697127;7633;257;8655;8738;8.21;0.50;275.44;7.77;1022;27;2994.00;83
7636;26;623697140;7636;250;8656;8738;8.22;0.50;275.53;7.78;1020;27;2995.00;82
7639;26;623697154;7639;247;8661;8744;8.25;0.50;275.52;7.79;1022;27;2996.00;83
7642;26;623697167;7642;247;8661;8745;8.26;0.50;275.52;7.79;1019;27;2997.00;84
7647;26;623697188;7647;250;8662;8745;8.26;0.50;275.58;7.79;1015;27;2998.00;83
7650;26;623697206;7650;239;8662;8745;8.28;0.50;275.60;7.79;1012;27;2999.00;83
7657;26;623697222;7657;245;8667;8765;8.25;0.50;275.78;7.79;1010;27;3000.00;98
7659;26;623697246;7659;242;8667;8765;8.27;0.50;275.79;7.79;1008;27;3001.00;98
7664;26;623697265;7664;239;8667;8765;8.27;0.50;275.86;7.79;1003;27;3002.00;98
7666;26;623697278;7666;233;8668;8766;8.29;0.50;275.86;7.79;1002;27;3003.00;98
7670;26;623697290;7670;229;8671;8770;8.21;0.50;275.95;7.79;1001;27;3004.00;99
7673;26;623697304;7673;231;8672;8770;8.19;0.50;275.97;7.79;999;27;3005.00;98
7678;26;623697321;7678;227;8675;8773;8.28;0.50;276.00;7.78;997;27;3006.00;98
7682;26;623697338;7682;227;8677;8773;8.27;0.50;276.00;7.79;995;27;3007.00;96
7684;26;623697355;7684;230;8680;8773;8.31;0.51;276.02;7.81;996;27;3008.00;93
7687;26;623697369;7687;232;8680;8773;8.37;0.51;276.02;7.81;993;27;3009.00;93
7690;26;623697381;7690;235;8683;8777;8.33;0.51;276.07;7.81;993;27;3010.00;94
7692;26;623697394;7692;240;8687;8777;8.31;0.51;276.05;7.82;995;27;3011.00;90
7695;26;623697407;7695;243;8689;8777;8.29;0.50;276.13;7.83;994;27;3012.00;88
7697;26;623697420;7697;243;8691;8777;8.29;0.50;276.12;7.83;994;27;3013.00;86
7701;26;623697432;7701;250;8693;8778;8.30;0.50;276.18;7.83;992;27;3014.00;85
7702;26;623697444;7702;249;8695;8780;8.31;0.51;276.18;7.83;993;27;3015.00;85
7706;26;623697457;7706;256;8697;8780;8.24;0.50;276.20;7.83;991;27;3016.00;83
7708;26;623697470;7708;255;8699;8781;8.23;0.50;276.27;7.83;991;27;3017.00;82
7711;26;623697482;7711;261;8699;8781;8.23;0.50;276.34;7.83;988;27;3018.00;82
7714;26;623697494;7714;265;8699;8781;8.21;0.50;276.44;7.83;985;27;3019.00;82
7717;26;623697508;7717;269;8700;8781;8.19;0.50;276.54;7.85;983;27;3020.00;81
7721;26;623697521;7721;275;8702;8781;8.12;0.49;276.62;7.86;981;27;3021.00;79
7725;26;623697534;7725;276;8702;8781;8.10;0.49;276.64;7.86;977;27;3022.00;79
7728;26;623697547;7728;282;8704;8781;8.00;0.49;276.72;7.88;976;27;3023.00;77
7730;26;623697560;7730;306;8774;8908;7.91;0.49;276.79;7.83;1044;27;3024.00;134
7731;26;623697584;7731;298;8778;8909;7.86;0.48;276.83;7.84;1047;27;3025.00;131
7734;26;623697598;7734;300;8784;8909;7.78;0.48;276.90;7.85;1050;27;3026.00;125
7735;26;623697611;7735;306;8789;8909;7.71;0.47;276.97;7.85;1054;27;3027.00;120
7736;26;623697624;7736;318;8796;8909;7.69;0.47;276.95;7.87;1060;27;3028.00;113
7739;26;623697638;7739;319;8800;8909;7.61;0.47;277.06;7.87;1061;27;3029.00;109
7741;26;623697653;7741;323;8804;8909;7.59;0.47;277.03;7.88;1063;27;3030.00;105
7742;26;623697666;7742;323;8809;8909;7.52;0.46;277.10;7.90;1067;27;3031.00;100
7745;26;623697679;7745;325;8812;8910;7.46;0.46;277.12;7.90;1067;27;3032.00;98
7747;26;623697691;7747;330;8817;8911;7.47;0.46;277.20;7.90;1070;27;3033.00;94
7752;26;623697704;7752;336;8821;8911;7.44;0.46;277.17;7.91;1069;27;3034.00;90
7753;26;623697716;7753;341;8826;8912;7.37;0.45;277.23;7.93;1073;27;3035.00;86
7757;26;623697729;7757;348;8830;8912;7.30;0.45;277.20;7.93;1073;27;3036.00;82
7762;26;623697741;7762;353;8834;8912;7.18;0.44;277.23;7.94;1072;27;3037.00;78
7763;26;623697754;7763;362;8834;8912;7.09;0.44;277.30;7.94;1071;27;3038.00;78
7764;26;623697766;7764;364;8840;8916;6.99;0.43;277.28;7.95;1076;27;3039.00;76
7767;26;623697779;7767;374;8840;8916;6.89;0.42;277.32;7.95;1073;27;3040.00;76
7769;26;623697797;7769;380;8843;8916;6.83;0.42;277.42;7.96;1074;27;3041.00;73
7773;26;623697809;7773;378;8844;8919;6.73;0.41;277.56;7.96;1071;27;3042.00;75
7775;26;623697823;7775;376;8846;8919;6.69;0.41;277.53;7.97;1071;27;3043.00;73
7780;26;623697836;7780;374;8847;8919;6.59;0.40;277.58;7.97;1067;27;3044.00;72
7780;26;623697850;7780;380;8852;8923;6.53;0.40;277.58;7.98;1072;27;3045.00;71
7783;26;623697862;7783;388;8854;8924;6.43;0.39;277.55;7.99;1071;27;3046.00;70
7787;26;623697880;7787;390;8854;8924;6.39;0.39;277.52;7.99;1067;27;3047.00;70
7790;26;623697892;7790;389;8860;8928;6.36;0.39;277.55;7.99;1070;27;3048.00;68
7791;26;623697904;7791;389;8861;8928;6.34;0.39;277.52;8.00;1070;27;3049.00;67
7793;26;623697916;7793;387;8861;8928;6.35;0.39;277.58;8.00;1068;27;3050.00;67
7797;26;623697928;7797;385;8864;8929;6.31;0.39;277.66;8.01;1067;27;3051.00;65
7801;26;623697940;7801;383;8865;8929;6.25;0.38;277.71;8.02;1064;27;3052.00;64
7803;26;623697957;7803;386;8871;8935;6.27;0.38;277.78;8.01;1068;27;3053.00;64
7807;26;623697969;7807;387;8873;8935;6.23;0.38;277.90;8.02;1066;27;3054.00;62
7809;26;623697981;7809;390;8873;8936;6.18;0.38;277.89;8.02;1064;27;3055.00;63
7813;26;623697992;7813;388;8874;8936;6.08;0.37;278.01;8.03;1061;27;3056.00;62
7815;26;623698004;7815;393;8875;8936;6.02;0.37;278.05;8.03;1060;27;3057.00;61
7816;26;623698014;7816;402;8875;8936;5.89;0.36;278.06;8.03;1059;27;3058.00;61
7822;26;623698025;7822;403;8876;8936;5.73;0.35;278.21;8.04;1054;27;3059.00;60
7827;26;623698037;7827;404;8903;8972;5.76;0.36;278.22;8.02;1076;27;3060.00;69
7830;26;623698051;7830;399;8904;8972;5.67;0.35;278.21;8.02;1074;27;3061.00;68
7832;26;623698062;7832;398;8908;8972;5.61;0.35;278.30;8.02;1076;27;3062.00;64
7836;26;623698075;7836;397;8908;8972;5.54;0.34;278.35;8.02;1072;27;3063.00;64
7841;26;623698090;7841;398;8910;8972;5.48;0.34;278.48;8.02;1069;27;3064.00;62
7846;26;623698108;7846;400;8911;8972;5.41;0.33;278.53;8.03;1065;27;3065.00;61
7849;26;623698125;7849;409;8916;8976;5.39;0.33;278.60;8.03;1067;27;3066.00;60
7854;26;623698144;7854;407;8917;8976;5.39;0.33;278.67;8.03;1063;27;3067.00;59
7857;26;623698161;7857;409;8921;8980;5.38;0.33;278.70;8.02;1064;27;3068.00;59
7859;26;623698180;7859;407;8922;8981;5.38;0.33;278.78;8.02;1063;27;3069.00;59
7865;26;623698194;7865;408;8923;8981;5.32;0.33;278.98;8.03;1058;27;3070.00;58
7867;26;623698207;7867;412;8923;8981;5.33;0.33;279.07;8.03;1056;27;3071.00;58
7873;26;623698220;7873;416;8934;8994;5.39;0.33;279.21;8.02;1061;27;3072.00;60
7877;26;623698235;7877;422;8934;8994;5.38;0.33;279.29;8.02;1057;27;3073.00;60
7879;26;623698249;7879;430;8934;8994;5.37;0.33;279.33;8.02;1055;27;3074.00;60
7881;26;623698262;7881;436;8935;8995;5.33;0.33;279.39;8.02;1054;27;3075.00;60
7886;26;623698275;7886;435;8935;8996;5.27;0.32;279.40;8.02;1049;27;3076.00;61
7889;26;623698287;7889;435;8935;8996;5.22;0.32;279.43;8.02;1046;27;3077.00;61
7893;26;623698300;7893;446;8937;8999;5.15;0.32;279.42;8.01;1044;27;3078.00;62
7900;26;623698313;7900;449;8938;8999;5.09;0.31;279.39;8.01;1038;27;3079.00;61
7902;26;623698326;7902;453;8938;8999;5.10;0.31;279.36;8.01;1036;27;3080.00;61
7907;26;623698338;7907;451;8938;8999;5.02;0.31;279.43;8.01;1031;27;3081.00;61
7909;26;623698352;7909;448;8943;9005;5.01;0.31;279.43;8.01;1034;27;3082.00;62
7913;26;623698364;7913;459;8943;9005;4.91;0.30;279.42;8.01;1030;27;3083.00;62
7917;26;623698376;7917;460;8943;9005;4.86;0.30;279.38;8.01;1026;27;3084.00;62
7919;26;623698389;7919;466;8943;9005;4.85;0.30;279.37;8.01;1024;27;3085.00;62
7922;26;623698400;7922;476;8946;9009;4.83;0.30;279.37;8.01;1024;27;3086.00;63
7927;26;623698413;7927;478;8947;9010;4.80;0.30;279.32;8.01;1020;27;3087.00;63
7930;26;623698425;7930;481;8947;9010;4.77;0.29;279.30;8.01;1017;27;3088.00;63
7932;26;623698436;7932;481;8948;9011;4.77;0.29;279.25;8.01;1016;27;3089.00;63
7935;26;623698449;7935;488;8948;9011;4.70;0.29;279.26;8.01;1013;27;3090.00;63
7939;26;623698461;7939;487;8948;9011;4.64;0.29;279.18;8.01;1009;27;3091.00;63
7940;26;623698473;7940;480;8948;9011;4.65;0.29;279.19;8.01;1008;27;3092.00;63
7945;26;623698484;7945;481;8948;9011;4.65;0.29;279.17;8.01;1003;27;3093.00;63
7946;26;623698496;7946;476;8948;9011;4.72;0.29;279.18;8.01;1002;27;3094.00;63
7949;26;623698507;7949;478;8948;9011;4.72;0.29;279.13;8.01;999;27;3095.00;63
7953;26;623698518;7953;494;8989;9081;4.97;0.31;279.18;8.05;1036;27;3096.00;92
7956;26;623698538;7956;483;8990;9082;5.00;0.31;279.22;8.05;1034;27;3097.00;92
7961;26;623698550;7961;479;8997;9082;5.04;0.31;279.27;8.05;1036;27;3098.00;85
7964;26;623698562;7964;482;8997;9082;5.02;0.31;279.21;8.05;1033;27;3099.00;85
7967;26;623698575;7967;482;9000;9082;5.04;0.31;279.21;8.05;1033;27;3100.00;82
7973;26;623698593;7973;487;9002;9082;4.99;0.31;279.21;8.05;1029;27;3101.00;80
7975;26;623698607;7975;485;9003;9082;4.98;0.31;279.20;8.05;1028;27;3102.00;79
7978;26;623698619;7978;488;9006;9082;4.94;0.30;279.23;8.04;1028;27;3103.00;76
7982;26;623698631;7982;495;9006;9083;4.85;0.30;279.28;8.04;1024;27;3104.00;77
7984;26;623698643;7984;501;9010;9085;4.85;0.30;279.35;8.04;1026;27;3105.00;75
7989;26;623698655;7989;507;9011;9085;4.80;0.29;279.34;8.04;1022;27;3106.00;74
7991;26;623698667;7991;486;9017;9089;4.82;0.30;279.42;8.04;1026;27;3107.00;72
7993;26;623698680;7993;471;9020;9089;4.83;0.30;279.38;8.04;1027;27;3108.00;69
7998;26;623698692;7998;464;9021;9089;4.82;0.30;279.33;8.04;1023;27;3109.00;68
8001;26;623698703;8001;453;9021;9089;4.84;0.30;279.39;8.04;1020;27;3110.00;68
8002;26;623698715;8002;448;9026;9095;4.92;0.30;279.42;8.04;1024;27;3111.00;69
8003;26;623698727;8003;447;9026;9095;4.97;0.30;279.40;8.04;1023;27;3112.00;69
8005;27;623698739;8005;449;9026;9095;5.04;0.31;279.41;8.04;1021;28;3113.00;69
8007;27;623698778;8007;447;9028;9098;5.14;0.31;279.42;8.04;1021;28;3114.00;70
8010;27;623698792;8010;448;9028;9098;5.17;0.32;279.41;8.04;1018;28;3115.00;70
8011;27;623698810;8011;436;9030;9098;5.26;0.32;279.41;8.12;1019;28;3116.00;68
8014;27;623698823;8014;417;9030;9099;5.32;0.32;279.36;8.12;1016;28;3117.00;69
8015;27;623698837;8015;404;9031;9100;5.40;0.33;279.33;8.12;1016;28;3118.00;69
8016;27;623698850;8016;382;9031;9100;5.49;0.33;279.31;8.12;1015;28;3119.00;69
8018;27;623698865;8018;371;9052;9126;5.73;0.35;279.33;8.10;1034;28;3120.00;74
8019;27;623698880;8019;354;9052;9126;5.88;0.36;279.29;8.10;1033;28;3121.00;74
8022;27;623698900;8022;345;9053;9126;6.00;0.36;279.25;8.10;1031;28;3122.00;73
8022;27;623698913;8022;334;9054;9127;6.20;0.38;279.25;8.10;1032;28;3123.00;73
8023;27;623698927;8023;319;9054;9127;6.35;0.39;279.24;8.10;1031;28;3124.00;73
8024;27;623698940;8024;311;9058;9131;6.55;0.40;279.25;8.09;1034;28;3125.00;73
8024;27;623698954;8024;312;9058;9131;6.68;0.41;279.25;8.09;1034;28;3126.00;73
8025;27;623698967;8025;306;9061;9135;6.80;0.41;279.28;8.09;1036;28;3127.00;74
8029;27;623698981;8029;298;9061;9135;6.89;0.42;279.32;8.09;1032;28;3128.00;74
8030;27;623698994;8030;290;9061;9135;7.00;0.43;279.30;8.09;1031;28;3129.00;74
8034;27;623699008;8034;285;9061;9135;7.06;0.43;279.29;8.09;1027;28;3130.00;74
8035;27;623699022;8035;283;9061;9135;7.14;0.43;279.28;8.09;1026;28;3131.00;74
8038;27;623699035;8038;280;9070;9147;7.21;0.44;279.35;8.08;1032;28;3132.00;77
8041;27;623699050;8041;278;9070;9147;7.25;0.44;279.39;8.08;1029;28;3133.00;77
8043;27;623699063;8043;276;9072;9147;7.39;0.45;279.35;8.08;1029;28;3134.00;75
8045;27;623699080;8045;268;9072;9147;7.49;0.46;279.33;8.08;1027;28;3135.00;75
8048;27;623699094;8048;260;9072;9147;7.58;0.46;279.36;8.08;1024;28;3136.00;75
8051;27;623699108;8051;256;9072;9147;7.64;0.46;279.35;8.08;1021;28;3137.00;75
8058;27;623699122;8058;256;9072;9148;7.64;0.46;279.37;8.08;1014;28;3138.00;76
8060;27;623699137;8060;257;9072;9148;7.72;0.47;279.41;8.08;1012;28;3139.00;76
8062;27;623699150;8062;254;9077;9154;7.79;0.47;279.44;8.08;1015;28;3140.00;77
8065;27;623699164;8065;252;9078;9155;7.88;0.48;279.46;8.08;1013;28;3141.00;77
8066;27;623699176;8066;252;9078;9155;7.92;0.48;279.49;8.08;1012;28;3142.00;77
8069;27;623699190;8069;245;9078;9155;7.94;0.48;279.49;8.08;1009;28;3143.00;77
8071;27;623699202;8071;240;9081;9159;7.97;0.48;279.54;8.07;1010;28;3144.00;78
8077;27;623699215;8077;239;9081;9159;7.99;0.48;279.60;8.07;1004;28;3145.00;78
8080;27;623699231;8080;234;9081;9159;7.98;0.48;279.67;8.07;1001;28;3146.00;78
8082;27;623699245;8082;229;9082;9160;8.07;0.49;279.67;8.07;1000;28;3147.00;78
8084;27;623699260;8084;227;9085;9164;8.07;0.49;279.75;8.07;1001;28;3148.00;79
8084;27;623699274;8084;221;9085;9164;8.10;0.49;279.75;8.07;1001;28;3149.00;79
8085;27;623699290;8085;220;9089;9170;8.18;0.50;279.78;8.07;1004;28;3150.00;81
8088;27;623699305;8088;217;9089;9170;8.22;0.50;279.90;8.07;1001;28;3151.00;81
8089;27;623699320;8089;217;9092;9170;8.30;0.50;279.93;8.15;1003;28;3152.00;78
8091;27;623699334;8091;218;9092;9170;8.36;0.51;280.00;8.15;1001;28;3153.00;78
8093;27;623699349;8093;211;9096;9174;8.40;0.51;280.02;8.15;1003;28;3154.00;78
8096;27;623699364;8096;217;9096;9174;8.37;0.51;280.09;8.15;1000;28;3155.00;78
8098;27;623699379;8098;218;9096;9174;8.41;0.51;280.15;8.15;998;28;3156.00;78
8099;27;623699393;8099;220;9096;9174;8.42;0.51;280.18;8.15;997;28;3157.00;78
8102;27;623699408;8102;219;9096;9175;8.45;0.51;280.25;8.15;994;28;3158.00;79
8106;27;623699427;8106;214;9097;9176;8.44;0.51;280.31;8.14;991;28;3159.00;79
8108;27;623699441;8108;212;9097;9176;8.42;0.51;280.34;8.14;989;28;3160.00;79
8112;27;623699453;8112;206;9098;9177;8.34;0.51;280.33;8.14;986;28;3161.00;79
8115;27;623699466;8115;194;9098;9177;8.33;0.51;280.38;8.14;983;28;3162.00;79
8117;27;623699478;8117;195;9098;9177;8.29;0.50;280.39;8.14;981;28;3163.00;79
8120;27;623699491;8120;196;9099;9177;8.23;0.50;280.41;8.16;979;28;3164.00;78
8123;27;623699504;8123;198;9100;9177;8.15;0.50;280.43;8.17;977;28;3165.00;77
8129;27;623699516;8129;190;9100;9177;8.06;0.49;280.39;8.17;971;28;3166.00;77
8132;27;623699530;8132;194;9100;9177;8.07;0.49;280.37;8.17;968;28;3167.00;77
8134;27;623699544;8134;211;9167;9304;8.11;0.50;280.35;8.11;1033;28;3168.00;137
8137;27;623699569;8137;205;9171;9305;8.14;0.50;280.36;8.19;1034;28;3169.00;134
8139;27;623699583;8139;197;9176;9305;8.25;0.51;280.43;8.19;1037;28;3170.00;129
8144;27;623699597;8144;196;9176;9305;8.21;0.50;280.47;8.19;1032;28;3171.00;129
8147;27;623699611;8147;194;9184;9305;8.24;0.51;280.44;8.19;1037;28;3172.00;121
8149;27;623699630;8149;195;9184;9305;8.25;0.51;280.51;8.19;1035;28;3173.00;121
8150;27;623699643;8150;190;9187;9305;8.33;0.51;280.51;8.18;1037;28;3174.00;118
8153;28;623699656;8153;193;9190;9305;8.38;0.51;280.67;8.18;1037;29;3175.00;115
8158;28;623699676;8158;195;9194;9306;8.36;0.51;280.70;8.18;1036;29;3176.00;112
8161;28;623699689;8161;193;9199;9307;8.35;0.51;280.73;8.18;1038;29;3177.00;108
8165;28;623699705;8165;192;9205;9307;8.28;0.51;280.80;8.20;1040;29;3178.00;102
8168;28;623699718;8168;199;9207;9308;8.23;0.50;280.79;8.20;1039;29;3179.00;101
8171;28;623699739;8171;206;9212;9308;8.13;0.50;280.84;8.20;1041;29;3180.00;96
8174;28;623699752;8174;201;9216;9308;8.02;0.49;280.79;8.20;1042;29;3181.00;92
8177;28;623699765;8177;203;9216;9308;7.94;0.49;280.82;8.20;1039;29;3182.00;92
8178;28;623699777;8178;206;9220;9312;7.88;0.48;280.89;8.20;1042;29;3183.00;92
8183;28;623699790;8183;203;9221;9312;7.85;0.48;281.04;8.20;1038;29;3184.00;91
8186;28;623699803;8186;212;9223;9312;7.84;0.48;281.14;8.21;1037;29;3185.00;89
8190;28;623699816;8190;220;9225;9315;7.88;0.48;281.13;8.21;1035;29;3186.00;90
8195;28;623699829;8195;223;9226;9315;7.87;0.48;281.25;8.21;1031;29;3187.00;89
8197;28;623699841;8197;229;9227;9315;7.89;0.48;281.30;8.21;1030;29;3188.00;88
8200;28;623699854;8200;241;9231;9319;7.85;0.48;281.28;8.21;1031;29;3189.00;88
8206;28;623699867;8206;245;9234;9320;7.85;0.48;281.38;8.23;1028;29;3190.00;86
8209;28;623699880;8209;261;9238;9322;7.87;0.48;281.44;8.23;1029;29;3191.00;84
8213;28;623699893;8213;258;9241;9326;7.87;0.48;281.43;8.23;1028;29;3192.00;85
8216;28;623699906;8216;260;9242;9326;7.84;0.48;281.45;8.25;1026;29;3193.00;84
8218;28;623699919;8218;266;9243;9326;7.82;0.48;281.47;8.24;1025;29;3194.00;83
8223;28;623699931;8223;270;9247;9328;7.75;0.47;281.61;8.26;1024;29;3195.00;81
8224;28;623699944;8224;271;9247;9328;7.77;0.47;281.60;8.26;1023;29;3196.00;81
8227;28;623699956;8227;278;9253;9334;7.74;0.47;281.68;8.26;1026;29;3197.00;81
8229;28;623699969;8229;278;9254;9334;7.67;0.47;281.72;8.27;1025;29;3198.00;80
8231;28;623699981;8231;285;9254;9335;7.60;0.46;281.70;8.27;1023;29;3199.00;81
8233;28;623699995;8233;293;9255;9335;7.51;0.46;281.72;8.29;1022;29;3200.00;80
8236;28;623700016;8236;296;9256;9335;7.41;0.45;281.74;8.28;1020;29;3201.00;79
8240;28;623700035;8240;306;9257;9335;7.27;0.44;281.80;8.30;1017;29;3202.00;78
8242;28;623700050;8242;309;9259;9335;7.23;0.44;281.85;8.32;1017;29;3203.00;76
8246;28;623700064;8246;315;9269;9347;7.21;0.44;281.86;8.32;1023;29;3204.00;78
8249;28;623700082;8249;322;9269;9347;7.16;0.44;281.89;8.32;1020;29;3205.00;78
8250;28;623700101;8250;331;9271;9347;7.11;0.43;281.89;8.33;1021;29;3206.00;76
8254;28;623700120;8254;336;9274;9347;7.04;0.43;281.96;8.36;1020;29;3207.00;73
8254;28;623700144;8254;342;9275;9347;6.99;0.43;281.96;8.37;1021;29;3208.00;72
8258;28;623700164;8258;340;9275;9347;6.93;0.42;281.99;8.37;1017;29;3209.00;72
8262;28;623700183;8262;339;9280;9351;6.84;0.42;281.98;8.40;1018;29;3210.00;71
8265;28;623700199;8265;341;9281;9351;6.76;0.41;282.02;8.39;1016;29;3211.00;70
8268;28;623700212;8268;341;9286;9355;6.73;0.41;282.04;8.40;1018;29;3212.00;69
8271;28;623700225;8271;345;9287;9356;6.66;0.41;282.08;8.40;1016;29;3213.00;69
8272;28;623700237;8272;352;9287;9356;6.59;0.40;282.07;8.40;1015;29;3214.00;69
8275;28;623700249;8275;349;9290;9356;6.46;0.39;282.05;8.42;1015;29;3215.00;66
8278;28;623700262;8278;353;9301;9369;6.40;0.39;282.18;8.41;1023;29;3216.00;68
8282;28;623700275;8282;355;9301;9369;6.35;0.39;282.33;8.41;1019;29;3217.00;68
8282;28;623700287;8282;358;9302;9369;6.29;0.38;282.33;8.42;1020;29;3218.00;67
8285;28;623700297;8285;369;9305;9370;6.25;0.38;282.40;8.43;1020;29;3219.00;65
8287;28;623700308;8287;375;9305;9371;6.18;0.38;282.46;8.43;1018;29;3220.00;66
8288;28;623700320;8288;376;9308;9371;6.12;0.37;282.43;8.44;1020;29;3221.00;63
8291;28;623700330;8291;385;9311;9374;6.06;0.37;282.53;8.44;1020;29;3222.00;63
8294;28;623700341;8294;391;9311;9374;5.98;0.36;282.61;8.44;1017;29;3223.00;63
8299;28;623700352;8299;393;9312;9374;5.88;0.36;282.58;8.44;1013;29;3224.00;62
8303;28;623700363;8303;399;9314;9374;5.77;0.35;282.55;8.45;1011;29;3225.00;60
8305;28;623700374;8305;404;9319;9380;5.74;0.35;282.51;8.45;1014;29;3226.00;61
8307;28;623700385;8307;409;9321;9380;5.58;0.34;282.52;8.45;1014;29;3227.00;59
8308;28;623700395;8308;420;9322;9380;5.43;0.33;282.50;8.45;1014;29;3228.00;58
8311;28;623700405;8311;429;9322;9380;5.26;0.32;282.54;8.45;1011;29;3229.00;58
8315;28;623700416;8315;428;9326;9384;5.08;0.31;282.53;8.45;1011;29;3230.00;58
8318;28;623700427;8318;422;9327;9385;4.99;0.31;282.56;8.45;1009;29;3231.00;58
8319;28;623700438;8319;432;9327;9385;4.94;0.30;282.53;8.45;1008;29;3232.00;58
8323;28;623700448;8323;431;9331;9386;4.91;0.30;282.52;8.46;1008;29;3233.00;55
8326;28;623700458;8326;433;9331;9386;4.89;0.30;282.52;8.46;1005;29;3234.00;55
8329;28;623700468;8329;434;9331;9386;4.84;0.30;282.49;8.46;1002;29;3235.00;55
8333;28;623700479;8333;431;9332;9386;4.80;0.29;282.45;8.46;999;29;3236.00;54
8335;28;623700489;8335;430;9332;9386;4.79;0.29;282.43;8.46;997;29;3237.00;54
8338;28;623700501;8338;428;9332;9386;4.82;0.30;282.47;8.46;994;29;3238.00;54
8342;28;623700513;8342;426;9332;9386;4.82;0.30;282.53;8.46;990;29;3239.00;54
8344;28;623700524;8344;425;9387;9511;5.23;0.33;282.48;8.41;1043;29;3240.00;124
8347;28;623700544;8347;420;9392;9512;5.27;0.33;282.48;8.41;1045;29;3241.00;120
8349;28;623700555;8349;423;9404;9512;5.36;0.33;282.45;8.40;1055;29;3242.00;108
8356;28;623700566;8356;426;9405;9512;5.32;0.33;282.42;8.40;1049;29;3243.00;107
8360;28;623700579;8360;422;9412;9512;5.35;0.33;282.43;8.39;1052;29;3244.00;100
8363;28;623700590;8363;432;9413;9512;5.40;0.33;282.50;8.39;1050;29;3245.00;99
8366;28;623700610;8366;439;9418;9512;5.38;0.33;282.52;8.39;1052;29;3246.00;94
8371;28;623700622;8371;443;9421;9512;5.35;0.33;282.46;8.39;1050;29;3247.00;91
8374;29;623700633;8374;442;9425;9513;5.33;0.33;282.48;8.39;1051;30;3248.00;88
8377;29;623700669;8377;450;9428;9514;5.23;0.32;282.46;8.39;1051;30;3249.00;86
8383;29;623700682;8383;461;9431;9514;5.11;0.32;282.41;8.39;1048;30;3250.00;83
8385;29;623700695;8385;475;9436;9518;5.09;0.31;282.42;8.39;1051;30;3251.00;82
8388;29;623700707;8388;474;9437;9518;5.02;0.31;282.38;8.39;1049;30;3252.00;81
8391;29;623700719;8391;481;9438;9518;4.96;0.30;282.40;8.39;1047;30;3253.00;80
8393;29;623700731;8393;482;9439;9518;4.89;0.30;282.38;8.39;1046;30;3254.00;79
8396;29;623700743;8396;491;9443;9524;4.82;0.30;282.48;8.39;1047;30;3255.00;81
8397;29;623700755;8397;490;9444;9524;4.80;0.30;282.49;8.39;1047;30;3256.00;80
8400;29;623700766;8400;492;9445;9524;4.75;0.29;282.51;8.39;1045;30;3257.00;79
8405;29;623700783;8405;492;9447;9527;4.72;0.29;282.55;8.39;1042;30;3258.00;80
8408;29;623700795;8408;480;9449;9527;4.77;0.29;282.49;8.39;1041;30;3259.00;78
8411;29;623700807;8411;479;9449;9527;4.72;0.29;282.53;8.39;1038;30;3260.00;78
8415;29;623700819;8415;479;9449;9528;4.71;0.29;282.52;8.39;1034;30;3261.00;79
8416;29;623700830;8416;479;9450;9529;4.75;0.29;282.49;8.39;1034;30;3262.00;79
8421;29;623700842;8421;476;9451;9529;4.78;0.29;282.53;8.39;1030;30;3263.00;78
8424;29;623700854;8424;481;9461;9542;4.91;0.30;282.48;8.38;1037;30;3264.00;81
8425;29;623700867;8425;474;9462;9542;4.96;0.30;282.49;8.38;1037;30;3265.00;80
8430;29;623700886;8430;473;9462;9542;4.96;0.30;282.45;8.38;1032;30;3266.00;80
8432;29;623700898;8432;471;9462;9543;4.97;0.30;282.45;8.38;1030;30;3267.00;81
8435;29;623700910;8435;475;9463;9543;4.95;0.30;282.54;8.38;1028;30;3268.00;80
8441;29;623700922;8441;476;9468;9547;4.93;0.30;282.48;8.46;1027;30;3269.00;79
8446;29;623700938;8446;472;9468;9547;4.94;0.30;282.47;8.46;1022;30;3270.00;79
8449;29;623700949;8449;475;9471;9551;4.98;0.30;282.43;8.46;1022;30;3271.00;80
8452;29;623700961;8452;474;9471;9551;4.99;0.30;282.41;8.46;1019;30;3272.00;80
8452;29;623700981;8452;474;9471;9551;5.05;0.31;282.41;8.46;1019;30;3273.00;80
8452;29;623700993;8452;471;9471;9551;5.09;0.31;282.41;8.46;1019;30;3274.00;80
8454;29;623701006;8454;468;9471;9551;5.14;0.31;282.38;8.46;1017;30;3275.00;80
8454;29;623701019;8454;470;9481;9563;5.30;0.32;282.38;8.45;1027;30;3276.00;82
8456;29;623701034;8456;450;9481;9563;5.36;0.33;282.33;8.45;1025;30;3277.00;82
8457;29;623701047;8457;448;9482;9563;5.45;0.33;282.33;8.45;1025;30;3278.00;81
8458;29;623701061;8458;433;9482;9563;5.52;0.34;282.37;8.45;1024;30;3279.00;81
8458;29;623701074;8458;423;9482;9563;5.65;0.35;282.37;8.45;1024;30;3280.00;81
8460;29;623701088;8460;420;9482;9563;5.75;0.35;282.47;8.45;1022;30;3281.00;81
8462;29;623701102;8462;417;9482;9564;5.82;0.36;282.45;8.45;1020;30;3282.00;82
8463;29;623701115;8463;412;9482;9564;5.92;0.36;282.43;8.45;1019;30;3283.00;82
8466;29;623701129;8466;411;9488;9570;5.98;0.36;282.40;8.53;1022;30;3284.00;82
8467;29;623701144;8467;412;9490;9572;6.08;0.37;282.45;8.53;1023;30;3285.00;82
8469;29;623701157;8469;399;9490;9572;6.16;0.38;282.43;8.53;1021;30;3286.00;82
8470;29;623701175;8470;388;9490;9572;6.24;0.38;282.41;8.53;1020;30;3287.00;82
8473;29;623701193;8473;378;9493;9576;6.33;0.39;282.42;8.53;1020;30;3288.00;83
8474;29;623701210;8474;361;9493;9576;6.49;0.40;282.41;8.53;1019;30;3289.00;83
8478;29;623701223;8478;351;9493;9576;6.65;0.40;282.47;8.53;1015;30;3290.00;83
8479;29;623701236;8479;337;9494;9577;6.89;0.42;282.56;8.52;1015;30;3291.00;83
8482;29;623701249;8482;329;9497;9581;7.04;0.43;282.57;8.52;1015;30;3292.00;84
8485;29;623701262;8485;323;9497;9581;7.18;0.44;282.61;8.52;1012;30;3293.00;84
8487;29;623701276;8487;315;9499;9584;7.38;0.45;282.59;8.52;1012;30;3294.00;85
8490;29;623701290;8490;305;9499;9584;7.51;0.46;282.63;8.52;1009;31;3295.00;85
8492;29;623701315;8492;298;9500;9584;7.66;0.46;282.64;8.52;1008;31;3296.00;84
8495;30;623701328;8495;296;9500;9584;7.73;0.47;282.68;8.52;1005;32;3297.00;84
8501;30;623701347;8501;297;9504;9588;7.74;0.47;282.70;8.52;1003;32;3298.00;84
8504;30;623701365;8504;293;9505;9588;7.77;0.47;282.74;8.60;1001;32;3299.00;83
8508;30;623701381;8508;286;9510;9607;7.79;0.47;282.76;8.59;1002;32;3300.00;97
8509;30;623701400;8509;273;9510;9607;7.81;0.47;282.75;8.59;1001;32;3301.00;97
8512;30;623701418;8512;274;9510;9608;7.83;0.47;282.80;8.59;998;32;3302.00;98
8517;30;623701432;8517;267;9511;9609;7.85;0.48;282.93;8.59;994;32;3303.00;98
8520;30;623701445;8520;267;9511;9609;7.90;0.48;282.97;8.59;991;32;3304.00;98
8523;30;623701459;8523;257;9512;9610;7.95;0.48;283.13;8.59;989;32;3305.00;98
8526;30;623701472;8526;265;9514;9610;8.01;0.48;283.10;8.59;988;32;3306.00;96
8528;30;623701486;8528;251;9514;9610;8.07;0.49;283.15;8.59;986;32;3307.00;96
8530;30;623701499;8530;251;9514;9610;8.14;0.49;283.18;8.59;984;32;3308.00;96
8532;30;623701512;8532;254;9514;9610;8.17;0.49;283.23;8.59;982;32;3309.00;96
8534;30;623701525;8534;245;9514;9610;8.20;0.50;283.23;8.59;980;32;3310.00;96
8537;30;623701537;8537;240;9515;9610;8.26;0.50;283.29;8.59;978;32;3311.00;95
8539;30;623701550;8539;262;9583;9737;8.21;0.50;283.30;8.53;1044;32;3312.00;154
8542;30;623701572;8542;247;9583;9738;8.25;0.50;283.38;8.53;1041;32;3313.00;155
8542;30;623701586;8542;245;9587;9738;8.39;0.51;283.38;8.53;1045;32;3314.00;151
8543;30;623701599;8543;236;9587;9738;8.40;0.51;283.37;8.53;1044;32;3315.00;151
8546;30;623701612;8546;226;9591;9738;8.40;0.51;283.40;8.53;1045;32;3316.00;147
8547;30;623701625;8547;225;9592;9738;8.47;0.52;283.48;8.53;1045;32;3317.00;146
8548;30;623701639;8548;226;9597;9738;8.56;0.52;283.49;8.53;1049;32;3318.00;141
8550;30;623701653;8550;226;9599;9738;8.62;0.53;283.52;8.53;1049;32;3319.00;139
8553;30;623701667;8553;224;9603;9739;8.61;0.52;283.56;8.53;1050;32;3320.00;136
8554;30;623701682;8554;222;9605;9740;8.58;0.52;283.61;8.53;1051;32;3321.00;135
8554;30;623701696;8554;217;9608;9740;8.55;0.52;283.61;8.53;1054;32;3322.00;132
8556;30;623701710;8556;227;9612;9741;8.50;0.52;283.73;8.53;1056;32;3323.00;129
8559;30;623701724;8559;224;9614;9741;8.50;0.52;283.83;8.53;1055;32;3324.00;127
8561;30;623701739;8561;225;9617;9741;8.49;0.52;283.84;8.53;1056;32;3325.00;124
8565;30;623701752;8565;232;9619;9741;8.46;0.52;283.87;8.54;1054;32;3326.00;122
8567;30;623701766;8567;235;9621;9745;8.44;0.52;283.88;8.54;1054;32;3327.00;124
8571;30;623701779;8571;245;9623;9745;8.38;0.51;283.97;8.54;1052;32;3328.00;122
8574;30;623701794;8574;240;9626;9745;8.37;0.51;284.12;8.54;1052;32;3329.00;119
8578;30;623701809;8578;240;9630;9751;8.31;0.51;284.27;8.62;1052;32;3330.00;121
8580;30;623701824;8580;239;9631;9751;8.25;0.50;284.24;8.62;1051;32;3331.00;120
8585;30;623701837;8585;232;9634;9751;8.23;0.50;284.37;8.63;1049;32;3332.00;117
8588;30;623701852;8588;225;9639;9755;8.16;0.50;284.40;8.63;1051;32;3333.00;116
8593;30;623701865;8593;218;9642;9756;8.11;0.49;284.37;8.63;1049;32;3334.00;114
8595;30;623701879;8595;217;9649;9756;8.08;0.49;284.39;8.65;1054;32;3335.00;107
8598;30;623701893;8598;210;9651;9760;8.03;0.49;284.36;8.65;1053;32;3336.00;109
8602;30;623701913;8602;210;9653;9760;8.04;0.49;284.39;8.65;1051;32;3337.00;107
8605;30;623701927;8605;210;9653;9760;8.01;0.49;284.39;8.65;1048;32;3338.00;107
8607;30;623701940;8607;210;9654;9761;8.02;0.49;284.40;8.65;1047;32;3339.00;107
8609;30;623701953;8609;211;9655;9761;8.02;0.49;284.43;8.65;1046;32;3340.00;106
8612;30;623701966;8612;213;9661;9767;8.02;0.49;284.47;8.65;1049;32;3341.00;106
8613;30;623701981;8613;212;9661;9767;8.04;0.49;284.44;8.65;1048;32;3342.00;106
8618;30;623701994;8618;213;9663;9768;8.01;0.49;284.36;8.66;1045;32;3343.00;105
8620;30;623702008;8620;216;9664;9768;8.01;0.49;284.35;8.66;1044;32;3344.00;104
8622;30;623702022;8622;218;9664;9768;8.02;0.49;284.33;8.66;1042;32;3345.00;104
8625;30;623702035;8625;218;9664;9768;8.06;0.49;284.30;8.66;1039;32;3346.00;104
8629;30;623702047;8629;226;9665;9768;8.05;0.49;284.35;8.66;1036;32;3347.00;103
8631;30;623702061;8631;224;9675;9780;8.07;0.49;284.35;8.65;1044;32;3348.00;105
8632;30;623702074;8632;230;9676;9780;8.01;0.49;284.36;8.65;1044;32;3349.00;104
8634;30;623702096;8634;238;9676;9780;7.89;0.48;284.41;8.65;1042;32;3350.00;104
8637;30;623702115;8637;244;9678;9780;7.74;0.47;284.40;8.66;1041;32;3351.00;102
8641;30;623702136;8641;246;9678;9780;7.60;0.46;284.43;8.66;1037;32;3352.00;102
8644;30;623702154;8644;254;9679;9780;7.49;0.45;284.48;8.66;1035;32;3353.00;101
8645;30;623702171;8645;256;9683;9784;7.41;0.45;284.45;8.66;1038;32;3354.00;101
8647;30;623702190;8647;258;9683;9784;7.34;0.45;284.56;8.66;1036;32;3355.00;101
8651;30;623702204;8651;261;9688;9788;7.33;0.44;284.57;8.66;1037;32;3356.00;100
8655;30;623702226;8655;265;9689;9789;7.34;0.44;284.63;8.66;1034;32;3357.00;100
8659;30;623702239;8659;263;9689;9789;7.32;0.44;284.68;8.66;1030;32;3358.00;100
8661;30;623702253;8661;264;9689;9789;7.32;0.44;284.72;8.66;1028;32;3359.00;100
8663;30;623702268;8663;274;9712;9818;7.33;0.45;284.77;8.66;1049;32;3360.00;106
8665;30;623702285;8665;270;9712;9818;7.32;0.44;284.90;8.66;1047;32;3361.00;106
8667;30;623702298;8667;284;9715;9818;7.36;0.45;284.90;8.67;1048;32;3362.00;103
8668;30;623702318;8668;287;9719;9819;7.35;0.45;284.96;8.68;1051;32;3363.00;100
8671;30;623702331;8671;296;9719;9820;7.30;0.45;285.08;8.68;1048;32;3364.00;101
8674;30;623702345;8674;305;9721;9820;7.23;0.44;285.24;8.71;1047;32;3365.00;99
8676;30;623702358;8676;312;9723;9823;7.18;0.44;285.24;8.70;1047;32;3366.00;100
8679;30;623702372;8679;310;9723;9823;7.09;0.43;285.36;8.70;1044;32;3367.00;100
8683;30;623702385;8683;322;9726;9823;7.03;0.43;285.43;8.73;1043;32;3368.00;97
8686;30;623702398;8686;329;9726;9823;6.97;0.43;285.44;8.73;1040;32;3369.00;97
8691;30;623702410;8691;340;9733;9829;6.97;0.43;285.49;8.75;1042;32;3370.00;96
8694;30;623702424;8694;348;9733;9829;6.88;0.42;285.46;8.75;1039;32;3371.00;96
8697;30;623702435;8697;353;9734;9829;6.77;0.41;285.61;8.76;1037;32;3372.00;95
8700;30;623702447;8700;361;9736;9829;6.65;0.41;285.62;8.78;1036;32;3373.00;93
8702;30;623702459;8702;370;9739;9833;6.50;0.40;285.63;8.77;1037;32;3374.00;94
8703;30;623702479;8703;382;9741;9835;6.35;0.39;285.62;8.77;1038;32;3375.00;94
8705;30;623702491;8705;388;9742;9835;6.26;0.38;285.58;8.78;1037;32;3376.00;93
8705;30;623702502;8705;394;9743;9836;6.21;0.38;285.58;8.78;1038;32;3377.00;93
8707;30;623702514;8707;407;9745;9836;6.08;0.37;285.53;8.80;1038;32;3378.00;91
8707;30;623702525;8707;410;9747;9836;6.00;0.37;285.53;8.82;1040;32;3379.00;89
8707;30;623702536;8707;406;9747;9836;5.91;0.36;285.53;8.82;1040;32;3380.00;89
8712;30;623702548;8712;410;9749;9836;5.79;0.36;285.48;8.83;1037;32;3381.00;87
8715;30;623702560;8715;411;9749;9836;5.74;0.35;285.42;8.83;1034;32;3382.00;87
8717;30;623702572;8717;407;9749;9836;5.69;0.35;285.44;8.83;1032;32;3383.00;87
8720;30;623702583;8720;412;9784;9906;5.84;0.36;285.49;8.80;1064;32;3384.00;122
8720;30;623702600;8720;405;9791;9907;5.76;0.35;285.49;8.83;1071;32;3385.00;116
8723;30;623702612;8723;401;9799;9907;5.75;0.35;285.46;8.82;1076;32;3386.00;108
8726;30;623702624;8726;404;9804;9907;5.73;0.35;285.47;8.82;1078;32;3387.00;103
8728;30;623702635;8728;410;9807;9907;5.68;0.35;285.50;8.82;1079;32;3388.00;100
8732;30;623702647;8732;416;9809;9907;5.59;0.34;285.40;8.82;1077;32;3389.00;98
8732;30;623702660;8732;420;9815;9907;5.61;0.34;285.40;8.84;1083;32;3390.00;92
8735;30;623702671;8735;425;9818;9907;5.55;0.34;285.33;8.84;1083;32;3391.00;89
8739;30;623702682;8739;430;9820;9908;5.49;0.34;285.25;8.85;1081;32;3392.00;88
8741;30;623702693;8741;438;9823;9909;5.45;0.33;285.24;8.86;1082;32;3393.00;86
8747;30;623702704;8747;438;9827;9909;5.31;0.32;285.23;8.87;1080;32;3394.00;82
8750;30;623702716;8750;443;9831;9913;5.20;0.32;285.20;8.87;1081;32;3395.00;82
8755;30;623702728;8755;455;9833;9913;5.04;0.31;285.28;8.88;1078;32;3396.00;80
8756;30;623702739;8756;465;9833;9913;4.93;0.30;285.25;8.88;1077;32;3397.00;80
8762;30;623702750;8762;474;9833;9913;4.78;0.29;285.21;8.88;1071;32;3398.00;80
8763;30;623702761;8763;484;9839;9919;4.69;0.29;285.20;8.88;1076;32;3399.00;80
8765;30;623702776;8765;481;9839;9919;4.61;0.28;285.22;8.88;1074;32;3400.00;80
8767;30;623702792;8767;474;9840;9919;4.53;0.28;285.22;8.89;1073;32;3401.00;79
8770;30;623702803;8770;475;9843;9922;4.46;0.27;285.22;8.89;1073;32;3402.00;79
8774;30;623702815;8774;477;9843;9922;4.37;0.27;285.21;8.89;1069;32;3403.00;79
8774;30;623702826;8774;476;9844;9922;4.35;0.27;285.21;8.89;1070;32;3404.00;78
8778;30;623702837;8778;476;9845;9923;4.26;0.26;285.22;8.89;1067;32;3405.00;78
8780;30;623702848;8780;480;9847;9924;4.23;0.26;285.20;8.90;1067;32;3406.00;77
8782;30;623702859;8782;477;9847;9924;4.24;0.26;285.22;8.90;1065;32;3407.00;77
8787;30;623702870;8787;474;9856;9937;4.28;0.26;285.22;8.89;1069;32;3408.00;81
8790;30;623702881;8790;470;9857;9937;4.35;0.27;285.21;8.89;1067;32;3409.00;80
8794;30;623702891;8794;474;9858;9937;4.42;0.27;285.15;8.89;1064;32;3410.00;79
8796;30;623702903;8796;464;9858;9938;4.47;0.27;285.16;8.89;1062;32;3411.00;80
8798;30;623702913;8798;463;9859;9938;4.57;0.28;285.13;8.89;1061;32;3412.00;79
8801;30;623702925;8801;449;9862;9942;4.67;0.28;285.15;8.89;1061;32;3413.00;80
8802;30;623702937;8802;448;9862;9942;4.80;0.29;285.15;8.89;1060;32;3414.00;80
8809;30;623702948;8809;445;9866;9946;4.86;0.30;285.10;8.88;1057;32;3415.00;80
8811;30;623702961;8811;437;9866;9946;4.98;0.30;285.09;8.88;1055;32;3416.00;80
8815;30;623702973;8815;438;9867;9946;5.01;0.30;285.09;8.88;1052;32;3417.00;79
8818;30;623702985;8818;435;9867;9946;5.01;0.30;285.06;8.88;1049;32;3418.00;79
8822;30;623702997;8822;443;9869;9946;5.06;0.31;285.02;8.97;1047;32;3419.00;77
8824;30;623703011;8824;444;9896;9980;5.24;0.32;285.06;8.95;1072;32;3420.00;84
8826;30;623703026;8826;444;9896;9980;5.28;0.32;285.03;8.95;1070;32;3421.00;84
8827;30;623703038;8827;447;9897;9980;5.35;0.33;285.04;8.95;1070;32;3422.00;83
8832;30;623703050;8832;448;9898;9980;5.39;0.33;284.98;8.95;1066;32;3423.00;82
8834;30;623703063;8834;449;9899;9980;5.37;0.33;284.96;8.95;1065;32;3424.00;81
8835;30;623703082;8835;455;9899;9980;5.37;0.33;284.99;8.95;1064;32;3425.00;81
8839;30;623703101;8839;457;9899;9981;5.39;0.33;285.08;8.95;1060;32;3426.00;82
8842;30;623703113;8842;452;9899;9981;5.38;0.33;285.05;8.95;1057;32;3427.00;82
8845;30;623703125;8845;453;9904;9987;5.32;0.33;285.04;8.95;1059;32;3428.00;83
8847;30;623703137;8847;456;9905;9988;5.33;0.33;285.03;8.94;1058;32;3429.00;83
8849;30;623703149;8849;456;9905;9988;5.31;0.32;285.05;8.94;1056;32;3430.00;83
8851;30;623703161;8851;454;9905;9988;5.29;0.32;285.03;8.94;1054;32;3431.00;83
8855;30;623703172;8855;461;9908;9992;5.29;0.32;285.07;8.94;1053;32;3432.00;84
8859;30;623703190;8859;456;9908;9992;5.28;0.32;285.13;8.94;1049;32;3433.00;84
8862;30;623703201;8862;448;9908;9992;5.23;0.32;285.19;8.94;1046;32;3434.00;84
8866;30;623703213;8866;449;9909;9993;5.22;0.32;285.23;8.94;1043;32;3435.00;84
8869;30;623703225;8869;437;9912;9997;5.28;0.32;285.30;8.94;1043;32;3436.00;85
8870;30;623703252;8870;437;9912;9997;5.24;0.32;285.28;8.94;1042;32;3437.00;85
8873;30;623703264;8873;438;9914;10000;5.29;0.32;285.32;8.94;1041;32;3438.00;86
8876;30;623703275;8876;434;9914;10000;5.31;0.32;285.36;8.94;1038;32;3439.00;86
8878;30;623703287;8878;436;9915;10000;5.36;0.33;285.34;8.94;1037;32;3440.00;85
8884;30;623703298;8884;436;9915;10000;5.40;0.33;285.36;8.94;1031;32;3441.00;85
8888;30;623703309;8888;437;9919;10004;5.46;0.33;285.51;8.93;1031;32;3442.00;85
8890;30;623703321;8890;433;9919;10004;5.50;0.33;285.52;8.93;1029;32;3443.00;85
8892;30;623703333;8892;436;9919;10004;5.53;0.34;285.55;8.93;1027;32;3444.00;85
8896;30;623703345;8896;436;9919;10004;5.53;0.34;285.67;8.93;1023;32;3445.00;85
8899;30;623703356;8899;434;9919;10005;5.55;0.34;285.70;8.93;1020;32;3446.00;86
8902;30;623703368;8902;412;9920;10006;5.59;0.34;285.77;8.93;1018;32;3447.00;86
8906;30;623703380;8906;406;9920;10006;5.60;0.34;285.76;8.93;1014;32;3448.00;86
8910;30;623703392;8910;401;9921;10007;5.65;0.34;285.95;8.93;1011;32;3449.00;86
8913;30;623703406;8913;395;9921;10007;5.68;0.34;285.98;8.93;1008;32;3450.00;86
8917;30;623703418;8917;390;9921;10007;5.71;0.35;285.95;8.93;1004;32;3451.00;86
8918;30;623703429;8918;385;9921;10007;5.79;0.35;285.97;8.93;1003;32;3452.00;86
8922;30;623703441;8922;377;9921;10007;5.85;0.35;286.05;8.93;999;32;3453.00;86
8925;30;623703452;8925;373;9921;10007;5.93;0.36;286.13;8.93;996;32;3454.00;86
8927;30;623703464;8927;372;9921;10007;6.04;0.37;286.16;8.93;994;32;3455.00;86
8930;30;623703476;8930;384;9999;10134;6.18;0.38;286.25;8.86;1069;32;3456.00;135
8933;30;623703498;8933;365;9999;10135;6.31;0.39;286.25;8.86;1066;32;3457.00;136
8936;30;623703511;8936;342;10003;10135;6.44;0.40;286.30;8.86;1067;32;3458.00;132
8939;30;623703530;8939;331;10004;10135;6.52;0.40;286.37;8.95;1065;32;3459.00;131
8943;30;623703544;8943;320;10010;10135;6.64;0.41;286.35;8.95;1067;32;3460.00;125
8946;30;623703557;8946;313;10010;10135;6.67;0.41;286.41;8.95;1064;32;3461.00;125
8949;30;623703575;8949;309;10013;10135;6.78;0.42;286.47;8.95;1064;32;3462.00;122
8950;30;623703589;8950;304;10016;10135;6.89;0.42;286.50;8.95;1066;32;3463.00;119
8953;30;623703602;8953;297;10018;10136;7.01;0.43;286.59;8.95;1065;32;3464.00;118
8956;30;623703616;8956;299;10022;10138;7.07;0.43;286.57;8.95;1066;32;3465.00;116
8956;30;623703630;8956;289;10025;10138;7.15;0.44;286.57;8.95;1069;32;3466.00;113
8958;30;623703654;8958;292;10027;10139;7.23;0.44;286.59;8.95;1069;32;3467.00;112
8960;30;623703668;8960;291;10033;10139;7.27;0.44;286.61;8.95;1073;32;3468.00;106
8962;30;623703681;8962;291;10034;10139;7.33;0.45;286.63;8.95;1072;32;3469.00;105
8962;30;623703701;8962;289;10036;10139;7.36;0.45;286.63;8.95;1074;32;3470.00;103
8965;30;623703714;8965;289;10040;10143;7.39;0.45;286.73;8.95;1075;32;3471.00;103
8966;30;623703728;8966;297;10042;10143;7.45;0.45;286.71;8.95;1076;32;3472.00;101
8970;30;623703741;8970;299;10043;10143;7.48;0.46;286.80;8.95;1073;32;3473.00;100
8974;30;623703755;8974;299;10045;10146;7.53;0.46;286.80;8.95;1071;32;3474.00;101
8975;30;623703769;8975;297;10046;10146;7.60;0.46;286.78;8.95;1071;32;3475.00;100
8978;30;623703783;8978;301;10047;10146;7.66;0.47;286.81;8.95;1069;32;3476.00;99
8980;30;623703797;8980;302;10050;10150;7.66;0.47;286.81;8.95;1070;32;3477.00;100
8983;30;623703811;8983;309;10051;10151;7.71;0.47;286.96;8.95;1068;32;3478.00;100
8985;30;623703825;8985;308;10053;10151;7.75;0.47;286.93;8.95;1068;32;3479.00;98
8986;30;623703847;8986;305;10058;10156;7.77;0.47;286.98;8.94;1072;32;3480.00;98
8988;30;623703861;8988;296;10058;10156;7.79;0.47;287.09;8.94;1070;32;3481.00;98
8990;30;623703881;8990;296;10058;10156;7.83;0.48;287.14;8.94;1068;32;3482.00;98
8993;30;623703895;8993;288;10059;10157;7.89;0.48;287.14;8.94;1066;32;3483.00;98
8996;30;623703909;8996;284;10059;10157;7.93;0.48;287.23;8.94;1063;32;3484.00;98
8996;30;623703923;8996;281;10064;10163;8.01;0.49;287.23;8.94;1068;32;3485.00;99
8998;30;623703937;8998;273;10064;10163;8.11;0.49;287.32;8.94;1066;32;3486.00;99
9001;30;623703951;9001;267;10064;10164;8.21;0.50;287.33;8.94;1063;32;3487.00;100
9003;30;623703964;9003;263;10064;10164;8.30;0.50;287.31;8.94;1061;32;3488.00;100
9005;30;623703978;9005;255;10064;10164;8.36;0.51;287.37;8.94;1059;32;3489.00;100
9009;30;623703992;9009;249;10064;10164;8.37;0.51;287.49;8.94;1055;32;3490.00;100
9013;30;623704006;9013;246;10064;10164;8.41;0.51;287.48;8.94;1051;32;3491.00;100
9015;30;623704020;9015;243;10074;10176;8.45;0.51;287.50;8.93;1059;32;3492.00;102
9016;30;623704034;9016;236;10074;10176;8.45;0.51;287.51;8.93;1058;32;3493.00;102
9020;30;623704048;9020;233;10075;10176;8.43;0.51;287.55;8.93;1055;32;3494.00;101
9023;30;623704062;9023;234;10075;10176;8.46;0.51;287.57;8.93;1052;32;3495.00;101
9025;30;623704075;9025;238;10075;10176;8.52;0.52;287.61;8.93;1050;32;3496.00;101
9031;30;623704095;9031;237;10075;10176;8.51;0.52;287.79;8.93;1044;32;3497.00;101
9034;30;623704119;9034;238;10078;10180;8.47;0.51;287.85;8.93;1044;32;3498.00;102
9037;31;623704143;9037;241;10078;10180;8.42;0.51;287.85;8.93;1041;33;3499.00;102
9043;31;623704176;9043;236;10082;10184;8.34;0.50;288.01;8.92;1039;33;3500.00;102
9044;31;623704203;9044;237;10082;10185;8.32;0.50;288.02;8.92;1038;33;3501.00;103
9047;31;623704220;9047;233;10083;10185;8.29;0.50;288.02;8.92;1036;33;3502.00;102
9050;31;623704241;9050;233;10083;10185;8.19;0.50;288.10;8.92;1033;33;3503.00;102
9054;31;623704260;9054;241;10095;10198;8.08;0.49;288.13;8.93;1041;33;3504.00;103
9055;31;623704277;9055;238;10096;10198;8.04;0.49;288.13;8.94;1041;33;3505.00;102
9055;31;623704291;9055;244;10096;10198;7.99;0.48;288.13;8.94;1041;33;3506.00;102
9058;31;623704305;9058;234;10097;10199;7.97;0.48;288.16;8.94;1039;33;3507.00;102
9059;31;623704320;9059;235;10097;10200;7.97;0.48;288.20;8.94;1038;33;3508.00;103
9063;31;623704333;9063;234;10097;10200;7.94;0.48;288.13;8.94;1034;33;3509.00;103
9066;31;623704377;9066;235;10101;10206;7.92;0.48;288.13;8.93;1035;33;3510.00;105
9068;31;623704391;9068;234;10102;10206;7.92;0.48;288.14;8.93;1034;33;3511.00;104
9071;31;623704405;9071;237;10103;10206;7.98;0.49;288.13;8.93;1032;33;3512.00;103
9072;31;623704418;9072;242;10103;10206;8.01;0.49;288.21;8.93;1031;33;3513.00;103
9075;31;623704431;9075;241;10108;10212;8.01;0.49;288.23;8.93;1033;33;3514.00;104
9079;31;623704446;9079;241;10108;10212;8.00;0.49;288.21;8.93;1029;33;3515.00;104
9080;31;623704459;9080;234;10108;10212;7.99;0.49;288.20;8.93;1028;33;3516.00;104
9084;31;623704473;9084;233;10108;10212;7.95;0.48;288.21;8.93;1024;33;3517.00;104
9087;31;623704486;9087;242;10112;10216;7.90;0.48;288.30;8.94;1025;33;3518.00;104
9091;31;623704500;9091;245;10115;10219;7.80;0.47;288.34;8.94;1024;33;3519.00;104
9095;31;623704514;9095;246;10115;10219;7.71;0.47;288.51;8.94;1020;33;3520.00;104
9096;31;623704527;9096;249;10116;10220;7.68;0.47;288.56;8.94;1020;33;3521.00;104
9099;31;623704540;9099;255;10117;10220;7.65;0.46;288.67;8.95;1018;33;3522.00;103
9101;31;623704552;9101;257;10117;10220;7.60;0.46;288.71;8.95;1016;33;3523.00;103
9103;31;623704567;9103;260;10117;10220;7.57;0.46;288.80;8.95;1014;33;3524.00;103
9107;31;623704579;9107;270;10118;10220;7.46;0.45;288.84;8.96;1011;33;3525.00;102
9110;31;623704594;9110;277;10118;10220;7.39;0.45;288.92;8.96;1008;33;3526.00;102
9112;31;623704608;9112;279;10118;10220;7.25;0.44;289.01;8.96;1006;33;3527.00;102
9116;31;623704622;9116;289;10154;10290;7.25;0.44;289.02;8.93;1038;33;3528.00;136
9119;31;623704643;9119;293;10157;10291;7.15;0.44;289.07;8.93;1038;33;3529.00;134
9122;31;623704657;9122;294;10167;10291;7.08;0.43;289.07;8.94;1045;33;3530.00;124
9123;31;623704670;9123;304;10169;10291;7.00;0.43;289.05;8.95;1046;33;3531.00;122
9124;31;623704682;9124;310;10171;10291;6.99;0.43;289.05;8.95;1047;33;3532.00;120
9125;31;623704696;9125;318;10174;10291;6.99;0.43;289.03;8.95;1049;33;3533.00;117
9127;31;623704709;9127;322;10178;10291;6.97;0.43;288.98;8.97;1051;33;3534.00;113
9127;31;623704723;9127;330;10180;10291;6.94;0.43;288.98;8.97;1053;33;3535.00;111
9128;31;623704736;9128;328;10182;10292;6.96;0.43;288.96;8.98;1054;33;3536.00;110
9131;31;623704749;9131;336;10184;10293;6.89;0.42;288.92;8.98;1053;33;3537.00;109
9135;31;623704762;9135;342;10188;10293;6.80;0.42;288.92;9.00;1053;33;3538.00;105
9136;31;623704775;9136;348;10193;10297;6.71;0.41;288.92;9.00;1057;33;3539.00;104
9137;31;623704791;9137;354;10197;10297;6.60;0.41;288.93;9.01;1060;33;3540.00;100
9142;31;623704804;9142;364;10199;10297;6.44;0.39;288.83;9.02;1057;33;3541.00;98
9145;31;623704817;9145;368;10200;10297;6.30;0.39;288.88;9.02;1055;33;3542.00;97
9147;31;623704830;9147;379;10206;10303;6.26;0.38;288.84;9.02;1059;33;3543.00;97
9150;31;623704844;9150;383;10207;10303;6.14;0.38;288.84;9.03;1057;33;3544.00;96
9151;31;623704856;9151;388;10208;10303;6.05;0.37;288.81;9.04;1057;33;3545.00;95
9152;31;623704868;9152;393;10211;10306;5.96;0.37;288.83;9.03;1059;33;3546.00;95
9154;31;623704881;9154;402;10211;10306;5.83;0.36;288.79;9.03;1057;33;3547.00;95
9156;31;623704893;9156;412;10214;10306;5.68;0.35;288.76;9.06;1058;33;3548.00;92
9160;31;623704905;9160;418;10214;10307;5.54;0.34;288.71;9.06;1054;33;3549.00;93
9162;31;623704918;9162;416;10217;10308;5.46;0.34;288.69;9.08;1055;33;3550.00;91
9163;31;623704930;9163;426;10217;10308;5.37;0.33;288.69;9.08;1054;33;3551.00;91
9168;31;623704942;9168;434;10230;10321;5.31;0.33;288.59;9.09;1062;33;3552.00;91
9170;31;623704955;9170;434;10230;10321;5.25;0.32;288.62;9.09;1060;33;3553.00;91
9171;31;623704966;9171;431;10232;10321;5.24;0.32;288.61;9.10;1061;33;3554.00;89
9173;31;623704979;9173;436;10234;10323;5.23;0.32;288.56;9.10;1061;33;3555.00;89
9177;31;623704991;9177;439;10236;10323;5.17;0.32;288.53;9.12;1059;33;3556.00;87
9180;31;623705004;9180;449;10240;10327;5.18;0.32;288.49;9.12;1060;33;3557.00;87
9183;31;623705017;9183;446;10240;10327;5.13;0.31;288.46;9.12;1057;33;3558.00;87
9185;31;623705028;9185;448;10245;10331;5.04;0.31;288.43;9.13;1060;33;3559.00;86
9186;31;623705041;9186;455;10245;10331;4.94;0.30;288.42;9.13;1059;33;3560.00;86
9187;31;623705052;9187;456;10247;10331;4.84;0.30;288.39;9.15;1060;33;3561.00;84
9188;31;623705062;9188;461;10247;10331;4.72;0.29;288.39;9.15;1059;33;3562.00;84
9192;31;623705073;9192;456;10249;10331;4.62;0.28;288.32;9.16;1057;33;3563.00;82
9193;31;623705086;9193;452;10259;10343;4.63;0.28;288.31;9.15;1066;33;3564.00;84
9194;31;623705099;9194;452;10261;10343;4.61;0.28;288.30;9.16;1067;33;3565.00;82
9199;31;623705110;9199;460;10262;10343;4.55;0.28;288.34;9.16;1063;33;3566.00;81
9200;31;623705121;9200;454;10262;10343;4.56;0.28;288.37;9.16;1062;33;3567.00;81
9203;31;623705134;9203;460;10264;10343;4.56;0.28;288.35;9.17;1061;33;3568.00;79
9206;31;623705146;9206;460;10264;10343;4.56;0.28;288.38;9.17;1058;33;3569.00;79
9211;31;623705158;9211;463;10266;10344;4.51;0.28;288.44;9.18;1055;33;3570.00;78
9212;31;623705170;9212;459;10266;10344;4.47;0.27;288.46;9.18;1054;33;3571.00;78
9213;31;623705186;9213;451;10271;10350;4.56;0.28;288.47;9.17;1058;33;3572.00;79
9215;31;623705196;9215;448;10274;10351;4.57;0.28;288.49;9.18;1059;33;3573.00;77
9216;31;623705207;9216;440;10274;10351;4.66;0.29;288.51;9.18;1058;33;3574.00;77
9218;31;623705217;9218;439;10274;10351;4.70;0.29;288.50;9.18;1056;33;3575.00;77
9223;31;623705227;9223;439;10279;10355;4.72;0.29;288.48;9.18;1056;33;3576.00;76
9224;31;623705238;9224;435;10279;10355;4.77;0.29;288.49;9.18;1055;33;3577.00;76
9225;31;623705254;9225;432;10279;10355;4.85;0.30;288.49;9.18;1054;33;3578.00;76
9226;31;623705264;9226;423;10280;10356;4.97;0.31;288.50;9.18;1054;33;3579.00;76
9229;31;623705275;9229;421;10283;10360;5.07;0.31;288.52;9.18;1054;33;3580.00;77
9231;31;623705286;9231;414;10283;10360;5.16;0.32;288.53;9.18;1052;33;3581.00;77
9235;31;623705296;9235;407;10285;10363;5.21;0.32;288.50;9.18;1050;33;3582.00;78
9237;31;623705308;9237;403;10286;10363;5.29;0.32;288.50;9.18;1049;33;3583.00;77
9241;31;623705318;9241;395;10286;10363;5.31;0.32;288.50;9.18;1045;33;3584.00;77
9245;31;623705329;9245;392;10286;10363;5.37;0.33;288.51;9.18;1041;33;3585.00;77
9248;31;623705340;9248;384;10290;10367;5.52;0.34;288.50;9.17;1042;33;3586.00;77
9253;31;623705352;9253;385;10290;10367;5.55;0.34;288.64;9.17;1037;33;3587.00;77
9256;31;623705363;9256;382;10290;10367;5.60;0.34;288.75;9.17;1034;33;3588.00;77
9257;31;623705374;9257;381;10290;10367;5.66;0.35;288.83;9.17;1033;33;3589.00;77
9262;31;623705384;9262;383;10290;10368;5.70;0.35;288.84;9.17;1028;33;3590.00;78
9267;31;623705396;9267;382;10291;10369;5.67;0.35;288.90;9.17;1024;33;3591.00;78
9270;31;623705407;9270;382;10291;10369;5.68;0.35;288.99;9.17;1021;33;3592.00;78
9272;31;623705418;9272;380;10292;10370;5.69;0.35;288.98;9.17;1020;33;3593.00;78
9279;31;623705430;9279;383;10292;10370;5.67;0.34;289.11;9.17;1013;33;3594.00;78
9281;31;623705442;9281;381;10292;10370;5.73;0.35;289.19;9.17;1011;33;3595.00;78
9285;31;623705452;9285;388;10292;10370;5.72;0.35;289.26;9.17;1007;33;3596.00;78
9290;31;623705465;9290;386;10292;10370;5.75;0.35;289.43;9.17;1002;33;3597.00;78
9295;31;623705478;9295;391;10292;10370;5.77;0.35;289.55;9.17;997;33;3598.00;78
9299;31;623705490;9299;387;10292;10370;5.81;0.35;289.62;9.17;993;33;3599.00;78
9303;31;623705510;9303;427;10407;10623;6.01;0.38;289.67;9.07;1104;33;3600.00;216
9306;31;623705545;9306;419;10414;10624;6.01;0.37;289.65;9.06;1108;33;3601.00;210
9310;31;623705557;9310;416;10427;10624;6.01;0.37;289.71;9.06;1117;33;3602.00;197
9311;31;623705569;9311;418;10433;10624;5.98;0.37;289.71;9.05;1122;33;3603.00;191
9314;31;623705581;9314;419;10438;10624;5.99;0.37;289.73;9.05;1124;33;3604.00;186
9319;31;623705593;9319;419;10444;10624;6.03;0.37;289.75;9.05;1125;33;3605.00;180
9319;31;623705605;9319;426;10451;10624;6.00;0.37;289.75;9.04;1132;33;3606.00;173
9323;31;623705617;9323;418;10456;10624;6.02;0.37;289.89;9.04;1133;33;3607.00;168
9326;31;623705630;9326;417;10462;10625;6.00;0.37;289.93;9.04;1136;33;3608.00;163
9327;31;623705643;9327;419;10467;10626;6.00;0.37;289.95;9.04;1140;33;3609.00;159
9330;31;623705656;9330;418;10473;10626;5.98;0.37;289.98;9.04;1143;33;3610.00;153
9333;31;623705668;9333;432;10476;10627;5.90;0.37;289.97;9.04;1143;33;3611.00;151
9336;31;623705681;9336;441;10482;10627;5.81;0.36;290.02;9.05;1146;33;3612.00;145
9341;31;623705693;9341;443;10485;10627;5.74;0.36;290.02;9.05;1144;33;3613.00;142
9345;31;623705706;9345;452;10487;10627;5.72;0.35;290.08;9.05;1142;33;3614.00;140
9349;31;623705719;9349;456;10490;10631;5.73;0.35;290.10;9.05;1141;33;3615.00;141
9351;31;623705732;9351;461;10492;10631;5.79;0.36;290.14;9.05;1141;33;3616.00;139
9356;31;623705745;9356;457;10494;10631;5.76;0.36;290.16;9.05;1138;33;3617.00;137
9359;31;623705764;9359;459;10495;10634;5.80;0.36;290.16;9.05;1136;33;3618.00;139
9363;31;623705785;9363;458;10496;10634;5.85;0.36;290.29;9.05;1133;33;3619.00;138
9368;31;623705799;9368;444;10499;10634;5.94;0.37;290.36;9.05;1131;33;3620.00;135
9374;31;623705813;9374;445;10502;10638;5.96;0.37;290.46;9.05;1128;33;3621.00;136
9377;31;623705828;9377;440;10503;10639;6.05;0.37;290.49;9.05;1126;33;3622.00;136
9378;31;623705842;9378;445;10504;10639;6.20;0.38;290.52;9.05;1126;33;3623.00;135
9384;31;623705862;9384;442;10506;10643;6.28;0.38;290.63;9.05;1122;33;3624.00;137
9386;31;623705876;9386;440;10507;10643;6.40;0.39;290.68;9.05;1121;33;3625.00;136
9389;31;623705890;9389;424;10508;10643;6.45;0.39;290.67;9.05;1119;33;3626.00;135
9390;31;623705904;9390;405;10509;10644;6.48;0.40;290.64;9.05;1119;33;3627.00;135
9392;31;623705924;9392;406;10509;10644;6.58;0.40;290.65;9.05;1117;33;3628.00;135
9394;31;623705938;9394;396;10516;10650;6.67;0.41;290.71;9.05;1122;33;3629.00;134
9395;31;623705968;9395;386;10517;10650;6.77;0.41;290.71;9.06;1122;33;3630.00;133
9398;31;623705989;9398;379;10518;10651;6.81;0.42;290.67;9.06;1120;33;3631.00;133
9402;31;623706004;9402;372;10519;10651;6.88;0.42;290.69;9.06;1117;33;3632.00;132
9404;31;623706018;9404;366;10522;10651;6.99;0.43;290.74;9.06;1118;33;3633.00;129
9404;31;623706033;9404;355;10522;10651;7.08;0.43;290.74;9.06;1118;33;3634.00;129
9407;31;623706047;9407;353;10524;10651;7.19;0.44;290.83;9.06;1117;33;3635.00;127
9410;31;623706061;9410;361;10534;10663;7.26;0.44;290.89;9.05;1124;33;3636.00;129
9411;31;623706085;9411;363;10534;10663;7.29;0.44;290.90;9.05;1123;33;3637.00;129
9416;31;623706107;9416;357;10534;10663;7.30;0.44;290.95;9.05;1118;33;3638.00;129
9419;31;623706129;9419;357;10534;10663;7.36;0.45;291.03;9.05;1115;33;3639.00;129
9423;31;623706152;9423;353;10534;10663;7.42;0.45;291.00;9.05;1111;33;3640.00;129
9424;31;623706174;9424;354;10537;10663;7.47;0.45;291.01;9.06;1113;33;3641.00;126
9425;31;623706195;9425;352;10540;10667;7.47;0.46;291.03;9.05;1115;33;3642.00;127
9430;31;623706212;9430;353;10540;10667;7.46;0.45;291.08;9.05;1110;33;3643.00;127
9432;31;623706228;9432;347;10544;10671;7.51;0.46;291.16;9.05;1112;33;3644.00;127
9435;31;623706245;9435;346;10546;10673;7.59;0.46;291.21;9.05;1111;33;3645.00;127
9436;31;623706260;9436;343;10546;10673;7.63;0.47;291.24;9.05;1110;33;3646.00;127
9441;31;623706276;9441;337;10546;10673;7.60;0.46;291.30;9.05;1105;33;3647.00;127
9443;31;623706291;9443;335;10555;10686;7.70;0.47;291.30;9.04;1112;33;3648.00;131
9445;31;623706307;9445;335;10555;10686;7.73;0.47;291.35;9.04;1110;33;3649.00;131
9448;31;623706322;9448;334;10555;10686;7.77;0.48;291.51;9.04;1107;33;3650.00;131
9450;31;623706336;9450;337;10557;10687;7.80;0.48;291.48;9.15;1107;33;3651.00;130
9450;31;623706353;9450;335;10557;10688;7.82;0.48;291.48;9.15;1107;33;3652.00;131
9452;31;623706367;9452;338;10557;10688;7.78;0.48;291.54;9.15;1105;33;3653.00;131
9455;31;623706382;9455;329;10559;10691;7.74;0.47;291.63;9.15;1104;33;3654.00;132
9458;31;623706397;9458;324;10559;10691;7.69;0.47;291.62;9.15;1101;33;3655.00;132
9462;31;623706411;9462;322;10560;10691;7.67;0.47;291.72;9.15;1098;33;3656.00;131
9464;31;623706426;9464;324;10560;10691;7.69;0.47;291.75;9.15;1096;33;3657.00;131
9466;31;623706440;9466;322;10565;10697;7.70;0.47;291.81;9.14;1099;33;3658.00;132
9469;31;623706455;9469;324;10565;10697;7.67;0.47;291.87;9.14;1096;33;3659.00;132
9475;31;623706472;9475;318;10565;10697;7.68;0.47;291.92;9.14;1090;33;3660.00;132
9476;31;623706488;9476;311;10565;10697;7.69;0.47;291.97;9.14;1089;33;3661.00;132
9481;31;623706502;9481;311;10567;10701;7.68;0.47;292.06;9.14;1086;33;3662.00;134
9483;31;623706518;9483;312;10569;10702;7.69;0.47;292.08;9.14;1086;33;3663.00;133
9485;31;623706533;9485;313;10569;10702;7.65;0.47;292.06;9.14;1084;33;3664.00;133
9488;31;623706547;9488;317;10570;10703;7.64;0.46;292.13;9.14;1082;33;3665.00;133
9491;31;623706562;9491;320;10570;10703;7.58;0.46;292.18;9.14;1079;33;3666.00;133
9496;31;623706576;9496;325;10570;10703;7.50;0.46;292.35;9.14;1074;33;3667.00;133
9500;31;623706589;9500;331;10570;10703;7.45;0.45;292.46;9.14;1070;33;3668.00;133
9500;31;623706604;9500;335;10570;10703;7.47;0.45;292.46;9.14;1070;33;3669.00;133
9505;31;623706618;9505;333;10571;10703;7.40;0.45;292.45;9.14;1066;33;3670.00;132
9509;31;623706632;9509;332;10572;10703;7.36;0.45;292.63;9.25;1063;33;3671.00;131
9511;31;623706647;9511;333;10601;10773;7.32;0.45;292.61;9.23;1090;33;3672.00;172
9515;31;623706668;9515;331;10602;10774;7.25;0.44;292.63;9.23;1087;33;3673.00;172
9518;31;623706682;9518;330;10608;10774;7.25;0.44;292.67;9.22;1090;33;3674.00;166
9521;31;623706696;9521;319;10615;10774;7.18;0.44;292.74;9.25;1094;33;3675.00;159
9528;31;623706711;9528;319;10617;10774;7.13;0.44;292.69;9.25;1089;33;3676.00;157
9531;31;623706725;9531;312;10619;10774;7.12;0.44;292.68;9.24;1088;33;3677.00;155
9537;31;623706739;9537;320;10623;10774;7.10;0.43;292.71;9.24;1086;33;3678.00;151
9537;31;623706754;9537;320;10624;10774;7.05;0.43;292.71;9.24;1087;33;3679.00;150
9545;31;623706767;9545;309;10626;10775;6.99;0.43;292.71;9.24;1081;33;3680.00;149
9548;31;623706784;9548;312;10629;10776;6.98;0.42;292.83;9.24;1081;33;3681.00;147
9548;31;623706798;9548;312;10632;10776;6.96;0.42;292.83;9.24;1084;33;3682.00;144
9550;31;623706812;9550;318;10638;10780;6.94;0.42;292.87;9.24;1088;33;3683.00;142
9552;31;623706826;9552;319;10640;10780;6.92;0.42;292.91;9.24;1088;33;3684.00;140
9554;31;623706840;9554;325;10640;10780;6.91;0.42;292.99;9.24;1086;33;3685.00;140
9556;31;623706854;9556;323;10641;10780;6.90;0.42;293.05;9.35;1085;33;3686.00;139
9559;31;623706868;9559;332;10646;10786;6.88;0.42;293.09;9.35;1087;33;3687.00;140
9561;31;623706882;9561;331;10646;10786;6.82;0.42;293.15;9.35;1085;33;3688.00;140
9564;31;623706896;9564;333;10646;10786;6.74;0.41;293.09;9.35;1082;33;3689.00;140
9566;31;623706911;9566;332;10652;10792;6.72;0.41;293.05;9.47;1086;33;3690.00;140
9569;31;623706925;9569;333;10652;10792;6.66;0.41;293.05;9.47;1083;33;3691.00;140
9573;31;623706938;9573;338;10657;10792;6.56;0.40;292.98;9.47;1084;33;3692.00;135
9574;31;623706952;9574;344;10658;10793;6.48;0.40;292.99;9.48;1084;33;3693.00;135
9579;31;623706965;9579;349;10661;10794;6.35;0.39;293.02;9.48;1082;33;3694.00;133
9585;31;623706979;9585;359;10662;10794;6.24;0.38;293.14;9.49;1077;33;3695.00;132
9587;31;623706992;9587;356;10671;10807;6.21;0.38;293.20;9.48;1084;33;3696.00;136
9592;31;623707005;9592;363;10672;10807;6.19;0.38;293.25;9.48;1080;33;3697.00;135
9592;31;623707018;9592;367;10673;10807;6.15;0.37;293.25;9.49;1081;33;3698.00;134
9595;31;623707030;9595;374;10675;10808;6.16;0.38;293.28;9.50;1080;33;3699.00;133
9597;31;623707045;9597;373;10676;10808;6.21;0.38;293.27;9.52;1079;33;3700.00;132
9597;31;623707063;9597;379;10681;10812;6.22;0.38;293.27;9.52;1084;33;3701.00;131
9602;31;623707077;9602;383;10683;10812;6.17;0.38;293.23;9.54;1081;33;3702.00;129
9607;31;623707091;9607;384;10686;10816;6.14;0.37;293.12;9.54;1079;33;3703.00;130
9611;31;623707105;9611;392;10688;10816;6.08;0.37;293.05;9.56;1077;33;3704.00;128
9612;31;623707118;9612;395;10689;10816;6.07;0.37;293.11;9.57;1077;33;3705.00;127
9620;31;623707129;9620;403;10689;10816;5.96;0.36;293.07;9.57;1069;33;3706.00;127
9621;31;623707142;9621;404;10691;10816;5.92;0.36;293.05;9.59;1070;33;3707.00;125
9624;31;623707153;9624;413;10702;10828;5.91;0.36;292.99;9.59;1078;33;3708.00;126
9627;31;623707166;9627;418;10704;10828;5.82;0.36;292.94;9.60;1077;33;3709.00;124
9630;31;623707177;9630;426;10705;10828;5.74;0.35;292.98;9.61;1075;33;3710.00;123
9632;31;623707188;9632;430;10707;10828;5.65;0.34;292.94;9.63;1075;33;3711.00;121
9635;31;623707199;9635;441;10707;10828;5.59;0.34;293.01;9.63;1072;33;3712.00;121
9636;31;623707210;9636;448;10709;10828;5.57;0.34;292.99;9.65;1073;33;3713.00;119
9638;31;623707221;9638;453;10709;10829;5.53;0.34;292.97;9.65;1071;33;3714.00;120
9640;31;623707232;9640;453;10710;10829;5.44;0.33;292.95;9.66;1070;33;3715.00;119
9643;31;623707249;9643;449;10720;10835;5.44;0.33;293.04;9.69;1077;33;3716.00;115
9643;31;623707267;9643;444;10723;10836;5.43;0.33;293.04;9.71;1080;33;3717.00;113
9644;31;623707278;9644;450;10724;10836;5.38;0.33;293.02;9.71;1080;33;3718.00;112
9644;31;623707289;9644;444;10727;10836;5.35;0.33;293.02;9.73;1083;33;3719.00;109
9644;31;623707302;9644;441;10731;10841;5.38;0.33;293.02;9.73;1087;33;3720.00;110
9644;31;623707314;9644;432;10732;10841;5.36;0.33;293.02;9.73;1088;33;3721.00;109
9646;31;623707331;9646;430;10732;10841;5.37;0.33;293.00;9.73;1086;33;3722.00;109
9648;31;623707342;9648;430;10736;10842;5.38;0.33;292.95;9.76;1088;33;3723.00;106
9649;32;623707355;9649;430;10739;10846;5.42;0.33;293.02;9.76;1090;34;3724.00;107
9650;32;623707384;9650;432;10742;10846;5.43;0.33;292.99;9.78;1092;34;3725.00;104
9651;32;623707396;9651;426;10744;10849;5.44;0.33;292.98;9.78;1093;34;3726.00;105
9652;32;623707414;9652;423;10744;10849;5.43;0.33;292.96;9.78;1092;34;3727.00;105
9654;32;623707425;9654;421;10748;10849;5.44;0.33;292.92;9.79;1094;34;3728.00;101
9657;32;623707437;9657;423;10748;10849;5.46;0.33;292.89;9.79;1091;34;3729.00;101
9659;32;623707448;9659;430;10753;10853;5.52;0.34;292.86;9.79;1094;34;3730.00;100
9660;32;623707459;9660;427;10754;10853;5.55;0.34;292.87;9.80;1094;34;3731.00;99
9662;32;623707471;9662;431;10754;10853;5.53;0.34;292.86;9.80;1092;34;3732.00;99
9663;32;623707482;9663;433;10755;10853;5.46;0.33;292.87;9.80;1092;34;3733.00;98
9665;32;623707498;9665;430;10755;10854;5.42;0.33;292.87;9.80;1090;34;3734.00;99
9670;32;623707509;9670;425;10758;10856;5.35;0.32;292.85;9.81;1088;34;3735.00;98
9675;32;623707520;9675;428;10760;10856;5.28;0.32;292.80;9.82;1085;34;3736.00;96
9675;32;623707531;9675;435;10761;10857;5.26;0.32;292.80;9.82;1086;34;3737.00;96
9680;32;623707542;9680;440;10762;10857;5.14;0.31;292.81;9.83;1082;34;3738.00;95
9681;32;623707552;9681;441;10762;10857;5.13;0.31;292.80;9.83;1081;34;3739.00;95
9684;32;623707562;9684;429;10763;10857;5.09;0.31;292.90;9.83;1079;34;3740.00;94
9689;32;623707573;9689;435;10763;10857;5.07;0.31;292.95;9.83;1074;34;3741.00;94
9691;32;623707584;9691;436;10764;10857;5.10;0.31;292.97;9.84;1073;34;3742.00;93
9696;32;623707594;9696;427;10765;10857;5.14;0.31;292.92;9.84;1069;34;3743.00;92
9698;32;623707605;9698;437;10824;10984;5.51;0.34;292.94;9.80;1126;34;3744.00;160
9702;32;623707625;9702;424;10829;10985;5.57;0.34;293.02;9.80;1127;34;3745.00;156
9703;32;623707637;9703;429;10839;10985;5.74;0.35;293.01;9.79;1136;34;3746.00;146
9706;32;623707649;9706;427;10846;10985;5.75;0.36;293.03;9.79;1140;34;3747.00;139
9710;32;623707660;9710;429;10852;10985;5.81;0.36;293.09;9.79;1142;34;3748.00;133
9710;32;623707672;9710;426;10854;10985;5.86;0.36;293.09;9.79;1144;34;3749.00;131
9714;32;623707685;9714;429;10858;10990;5.82;0.36;293.10;9.78;1144;34;3750.00;132
9716;32;623707699;9716;424;10861;10990;5.86;0.36;293.18;9.90;1145;34;3751.00;129
9717;32;623707713;9717;430;10864;10991;5.94;0.37;293.23;9.90;1147;34;3752.00;127
9721;32;623707725;9721;426;10868;10992;5.99;0.37;293.22;9.90;1147;34;3753.00;124
9723;32;623707739;9723;427;10871;10992;6.01;0.37;293.28;9.89;1148;34;3754.00;121
9724;32;623707753;9724;429;10873;10993;6.02;0.37;293.28;9.89;1149;34;3755.00;120
9730;32;623707766;9730;434;10877;10993;5.99;0.37;293.28;9.89;1147;34;3756.00;116
9733;32;623707780;9733;440;10878;10993;6.00;0.37;293.33;9.89;1145;34;3757.00;115
9736;32;623707793;9736;434;10885;10993;5.97;0.37;293.31;9.90;1149;34;3758.00;108
9740;32;623707807;9740;431;10888;10997;5.95;0.37;293.36;9.90;1148;34;3759.00;109
9743;32;623707821;9743;428;10890;10997;5.97;0.37;293.40;9.90;1147;34;3760.00;107
9747;32;623707835;9747;427;10890;10997;5.95;0.37;293.47;9.90;1143;34;3761.00;107
9750;32;623707850;9750;433;10891;11000;5.95;0.37;293.58;9.89;1141;34;3762.00;109
9755;32;623707864;9755;427;10891;11000;5.93;0.37;293.66;9.89;1136;34;3763.00;109
9757;32;623707878;9757;429;10893;11000;5.88;0.36;293.67;9.90;1136;34;3764.00;107
9762;32;623707891;9762;425;10896;11004;5.83;0.36;293.79;9.89;1134;34;3765.00;108
9766;32;623707906;9766;432;10897;11005;5.80;0.36;293.78;9.89;1131;34;3766.00;108
9771;32;623707920;9771;433;10898;11005;5.77;0.35;293.80;9.89;1127;34;3767.00;107
9774;32;623707934;9774;430;10902;11009;5.78;0.35;293.77;9.89;1128;34;3768.00;107
9778;32;623707947;9778;436;10903;11009;5.78;0.35;293.83;9.89;1125;34;3769.00;106
9783;32;623707961;9783;434;10904;11009;5.78;0.35;293.97;9.89;1121;34;3770.00;105
9789;32;623707981;9789;434;10905;11010;5.75;0.35;294.08;9.89;1116;34;3771.00;105
9792;32;623707994;9792;435;10905;11010;5.74;0.35;294.07;9.89;1113;34;3772.00;105
9798;32;623708006;9798;433;10910;11016;5.76;0.35;294.05;9.89;1112;34;3773.00;106
9802;32;623708019;9802;436;10910;11016;5.77;0.35;294.06;9.89;1108;34;3774.00;106
9805;32;623708031;9805;439;10910;11017;5.77;0.35;294.12;9.89;1105;34;3775.00;107
9811;32;623708044;9811;438;10912;11017;5.73;0.35;294.09;9.89;1101;34;3776.00;105
9813;32;623708056;9813;437;10912;11017;5.74;0.35;294.10;9.89;1099;34;3777.00;105
9817;32;623708069;9817;438;10913;11017;5.70;0.35;294.11;9.89;1096;34;3778.00;104
9819;32;623708081;9819;433;10913;11017;5.65;0.34;294.09;9.89;1094;34;3779.00;104
9822;32;623708112;9822;437;10937;11053;5.76;0.35;294.10;9.87;1115;34;3780.00;116
9827;32;623708137;9827;438;10937;11053;5.75;0.35;294.12;9.87;1110;34;3781.00;116
9831;32;623708157;9831;437;10940;11053;5.78;0.35;294.15;9.87;1109;34;3782.00;113
9834;32;623708176;9834;426;10940;11053;5.81;0.35;294.19;9.87;1106;34;3783.00;113
9838;32;623708195;9838;430;10942;11053;5.82;0.35;294.31;9.87;1104;34;3784.00;111
9839;32;623708210;9839;426;10944;11053;5.83;0.36;294.31;9.98;1105;34;3785.00;109
9842;32;623708225;9842;422;10947;11057;5.84;0.36;294.36;9.98;1105;34;3786.00;110
9845;32;623708239;9845;411;10947;11057;5.81;0.35;294.44;9.98;1102;34;3787.00;110
9847;32;623708253;9847;402;10951;11061;5.78;0.35;294.46;9.98;1104;34;3788.00;110
9849;32;623708268;9849;399;10952;11062;5.82;0.36;294.52;9.98;1103;34;3789.00;110
9850;32;623708283;9850;393;10952;11062;5.88;0.36;294.53;9.98;1102;34;3790.00;110
9853;32;623708296;9853;395;10952;11062;5.89;0.36;294.69;9.98;1099;34;3791.00;110
9856;32;623708311;9856;396;10961;11075;6.00;0.37;294.72;9.97;1105;34;3792.00;114
9859;32;623708326;9859;396;10961;11075;6.05;0.37;294.74;9.97;1102;34;3793.00;114
9862;32;623708339;9862;407;10961;11075;6.07;0.37;294.74;9.97;1099;34;3794.00;114
9865;32;623708353;9865;407;10962;11076;6.12;0.37;294.75;9.97;1097;34;3795.00;114
9869;32;623708375;9869;395;10962;11077;6.18;0.38;294.81;9.97;1093;34;3796.00;115
9870;32;623708397;9870;390;10963;11077;6.21;0.38;294.85;9.97;1093;34;3797.00;114
9874;32;623708412;9874;383;10965;11080;6.30;0.38;294.85;9.97;1091;34;3798.00;115
9877;32;623708426;9877;384;10965;11080;6.36;0.39;294.87;9.97;1088;34;3799.00;115
9880;32;623708443;9880;377;10967;11080;6.45;0.39;294.89;9.97;1087;34;3800.00;113
9881;32;623708462;9881;373;10967;11080;6.51;0.40;294.89;9.97;1086;34;3801.00;113
9886;32;623708480;9886;369;10973;11086;6.58;0.40;295.02;9.97;1087;34;3802.00;113
9888;32;623708496;9888;368;10974;11086;6.59;0.40;295.07;10.08;1086;34;3803.00;112
9889;32;623708510;9889;371;10976;11086;6.63;0.40;295.08;10.08;1087;34;3804.00;110
9892;32;623708524;9892;372;10976;11086;6.65;0.41;295.09;10.08;1084;34;3805.00;110
9894;32;623708538;9894;381;10979;11090;6.66;0.41;295.19;10.08;1085;34;3806.00;111
9895;32;623708553;9895;377;10980;11091;6.68;0.41;295.17;10.08;1085;34;3807.00;111
9897;32;623708567;9897;363;10980;11091;6.64;0.40;295.23;10.08;1083;34;3808.00;111
9902;32;623708580;9902;366;10981;11092;6.59;0.40;295.39;10.08;1079;34;3809.00;111
9905;32;623708603;9905;363;10981;11092;6.57;0.40;295.37;10.08;1076;34;3810.00;111
9909;32;623708623;9909;369;10981;11092;6.57;0.40;295.49;10.08;1072;34;3811.00;111
9911;32;623708638;9911;358;10981;11092;6.57;0.40;295.51;10.08;1070;34;3812.00;111
9913;32;623708651;9913;356;10981;11092;6.57;0.40;295.55;10.08;1068;34;3813.00;111
9917;32;623708665;9917;351;10981;11092;6.58;0.40;295.56;10.08;1064;34;3814.00;111
9920;32;623708679;9920;354;10981;11092;6.62;0.40;295.58;10.08;1061;34;3815.00;111
9921;32;623708694;9921;364;11019;11162;6.66;0.41;295.63;10.16;1098;34;3816.00;143
9922;32;623708720;9922;356;11020;11163;6.71;0.41;295.67;10.16;1098;34;3817.00;143
9925;32;623708736;9925;353;11025;11163;6.81;0.41;295.78;10.16;1100;34;3818.00;138
9930;32;623708749;9930;352;11029;11163;6.88;0.42;295.79;10.16;1099;34;3819.00;134
9930;32;623708764;9930;353;11031;11163;6.96;0.42;295.79;10.15;1101;34;3820.00;132
9935;32;623708778;9935;359;11033;11163;6.99;0.43;295.88;10.15;1098;34;3821.00;130
9937;32;623708792;9937;360;11038;11163;7.05;0.43;295.92;10.15;1101;34;3822.00;125
9939;32;623708806;9939;362;11040;11163;7.11;0.43;295.95;10.15;1101;34;3823.00;123
9942;32;623708820;9942;368;11043;11164;7.17;0.44;295.98;10.15;1101;34;3824.00;121
9944;32;623708843;9944;371;11045;11166;7.15;0.43;295.98;10.15;1101;34;3825.00;121
9945;32;623708858;9945;372;11048;11166;7.13;0.43;296.00;10.15;1103;34;3826.00;118
9947;32;623708871;9947;371;11052;11170;7.18;0.44;296.00;10.15;1105;34;3827.00;118
9950;32;623708886;9950;370;11053;11170;7.27;0.44;296.05;10.15;1103;34;3828.00;117
9956;32;623708900;9956;374;11053;11170;7.26;0.44;296.18;10.15;1097;34;3829.00;117
9957;32;623708914;9957;370;11053;11170;7.31;0.44;296.18;10.15;1096;34;3830.00;117
9959;32;623708928;9959;372;11057;11176;7.38;0.45;296.24;10.14;1098;34;3831.00;119
9963;32;623708943;9963;366;11057;11176;7.38;0.45;296.35;10.14;1094;34;3832.00;119
9968;32;623708957;9968;370;11057;11176;7.32;0.44;296.31;10.14;1089;34;3833.00;119
9970;32;623708972;9970;366;11059;11179;7.33;0.45;296.27;10.14;1089;34;3834.00;120
9972;32;623708986;9972;369;11059;11179;7.24;0.44;296.23;10.14;1087;34;3835.00;120
9976;32;623709000;9976;374;11060;11179;7.19;0.44;296.18;10.14;1084;34;3836.00;119
9977;32;623709014;9977;374;11060;11180;7.12;0.43;296.16;10.14;1083;34;3837.00;120
9977;32;623709028;9977;373;11061;11181;7.05;0.43;296.16;10.14;1084;34;3838.00;120
9979;32;623709041;9979;368;11061;11181;6.94;0.42;296.20;10.14;1082;34;3839.00;120
9980;32;623709057;9980;371;11078;11207;6.86;0.42;296.19;10.12;1098;34;3840.00;129
9984;32;623709072;9984;362;11078;11207;6.78;0.41;296.15;10.12;1094;34;3841.00;129
9989;32;623709087;9989;358;11080;11207;6.73;0.41;296.17;10.12;1091;34;3842.00;127
9995;32;623709101;9995;354;11083;11208;6.65;0.40;296.10;10.24;1088;34;3843.00;125
9996;32;623709115;9996;357;11083;11208;6.64;0.40;296.08;10.24;1087;34;3844.00;125
10000;32;623709129;10000;362;11087;11212;6.60;0.40;296.00;10.25;1087;34;3845.00;125
10002;32;623709143;10002;358;11088;11214;6.54;0.40;295.96;10.25;1086;34;3846.00;126
10003;32;623709156;10003;363;11092;11218;6.48;0.40;296.00;10.25;1089;34;3847.00;126
10005;32;623709169;10005;360;11092;11218;6.48;0.40;296.00;10.25;1087;34;3848.00;126
10007;32;623709180;10007;355;11092;11218;6.45;0.39;295.99;10.25;1085;34;3849.00;126
10010;32;623709193;10010;356;11092;11218;6.45;0.39;295.96;10.25;1082;34;3850.00;126
10014;32;623709204;10014;353;11092;11218;6.41;0.39;295.93;10.25;1078;34;3851.00;126
10016;32;623709216;10016;353;11101;11230;6.38;0.39;295.90;10.24;1085;34;3852.00;129
10021;32;623709230;10021;354;11102;11230;6.36;0.39;295.88;10.24;1081;34;3853.00;128
10025;32;623709242;10025;355;11103;11230;6.32;0.38;295.79;10.24;1078;34;3854.00;127
10028;32;623709254;10028;353;11103;11230;6.36;0.39;295.82;10.24;1075;34;3855.00;127
10030;32;623709266;10030;355;11103;11230;6.30;0.38;295.78;10.24;1073;34;3856.00;127
10033;32;623709277;10033;360;11105;11230;6.24;0.38;295.77;10.24;1072;34;3857.00;125
10034;32;623709289;10034;364;11105;11231;6.23;0.38;295.78;10.24;1071;34;3858.00;126
10035;32;623709301;10035;353;11106;11231;6.22;0.38;295.75;10.35;1071;34;3859.00;125
10035;32;623709312;10035;362;11113;11237;6.27;0.38;295.75;10.36;1078;34;3860.00;124
10038;32;623709324;10038;362;11114;11238;6.21;0.38;295.72;10.36;1076;34;3861.00;124
10038;32;623709335;10038;373;11115;11238;6.21;0.38;295.72;10.36;1077;34;3862.00;123
10042;32;623709347;10042;378;11115;11238;6.12;0.37;295.71;10.36;1073;34;3863.00;123
10042;32;623709359;10042;377;11119;11242;6.08;0.37;295.71;10.36;1077;34;3864.00;123
10044;32;623709370;10044;384;11119;11242;5.99;0.36;295.68;10.36;1075;34;3865.00;123
10046;32;623709382;10046;391;11120;11242;5.91;0.36;295.73;10.37;1074;34;3866.00;122
10049;32;623709393;10049;385;11121;11243;5.81;0.35;295.71;10.37;1072;34;3867.00;122
10051;32;623709405;10051;384;11124;11247;5.77;0.35;295.67;10.37;1073;34;3868.00;123
10051;32;623709417;10051;375;11124;11247;5.77;0.35;295.67;10.37;1073;34;3869.00;123
10054;32;623709429;10054;380;11130;11253;5.75;0.35;295.65;10.39;1076;34;3870.00;123
10054;32;623709441;10054;382;11131;11253;5.72;0.35;295.65;10.38;1077;34;3871.00;122
10056;32;623709452;10056;384;11134;11253;5.70;0.35;295.66;10.40;1078;34;3872.00;119
10056;32;623709464;10056;379;11134;11253;5.67;0.35;295.66;10.40;1078;34;3873.00;119
10057;32;623709481;10057;381;11140;11257;5.71;0.35;295.65;10.42;1083;34;3874.00;117
10058;32;623709493;10058;380;11140;11257;5.75;0.35;295.64;10.42;1082;34;3875.00;117
10059;33;623709504;10059;382;11142;11257;5.75;0.35;295.63;10.44;1083;35;3876.00;115
10060;33;623709529;10060;389;11142;11257;5.72;0.35;295.64;10.44;1082;35;3877.00;115
10061;33;623709541;10061;386;11144;11258;5.75;0.35;295.63;10.46;1083;35;3878.00;114
10062;33;623709557;10062;398;11145;11259;5.76;0.35;295.63;10.46;1083;35;3879.00;114
10064;33;623709568;10064;403;11145;11259;5.68;0.35;295.60;10.46;1081;35;3880.00;114
10065;33;623709579;10065;400;11148;11260;5.62;0.34;295.65;10.48;1083;35;3881.00;112
10067;33;623709597;10067;401;11148;11260;5.58;0.34;295.65;10.48;1081;35;3882.00;112
10067;33;623709608;10067;409;11149;11260;5.53;0.34;295.65;10.48;1082;35;3883.00;111
10068;33;623709619;10068;412;11150;11260;5.46;0.33;295.64;10.49;1082;35;3884.00;110
10070;33;623709630;10070;419;11151;11260;5.40;0.33;295.65;10.49;1081;35;3885.00;109
10070;33;623709641;10070;418;11152;11260;5.37;0.33;295.65;10.51;1082;35;3886.00;108
10071;33;623709652;10071;430;11152;11260;5.34;0.33;295.63;10.51;1081;35;3887.00;108
10072;33;623709663;10072;441;11211;11387;5.64;0.35;295.64;10.45;1139;35;3888.00;176
10076;33;623709684;10076;435;11213;11388;5.60;0.35;295.62;10.46;1137;35;3889.00;175
10077;33;623709696;10077;426;11222;11388;5.64;0.35;295.62;10.46;1145;35;3890.00;166
10082;33;623709708;10082;427;11230;11388;5.56;0.35;295.60;10.47;1148;35;3891.00;158
10084;33;623709720;10084;424;11239;11388;5.57;0.35;295.58;10.47;1155;35;3892.00;149
10085;33;623709731;10085;425;11245;11388;5.58;0.35;295.56;10.49;1160;35;3893.00;143
10087;33;623709743;10087;428;11246;11388;5.57;0.34;295.55;10.49;1159;35;3894.00;142
10089;33;623709755;10089;438;11250;11388;5.57;0.34;295.59;10.51;1161;35;3895.00;138
10090;33;623709767;10090;436;11253;11389;5.63;0.35;295.59;10.51;1163;35;3896.00;136
10092;33;623709784;10092;441;11256;11390;5.63;0.35;295.65;10.51;1164;35;3897.00;134
10096;33;623709796;10096;441;11263;11390;5.62;0.35;295.68;10.52;1167;35;3898.00;127
10099;33;623709809;10099;441;11265;11391;5.57;0.34;295.69;10.52;1166;35;3899.00;126
10104;33;623709823;10104;441;11273;11406;5.46;0.33;295.66;10.52;1169;35;3900.00;133
10105;33;623709848;10105;429;11277;11406;5.47;0.34;295.72;10.54;1172;35;3901.00;129
10108;33;623709861;10108;440;11278;11406;5.41;0.33;295.77;10.54;1170;35;3902.00;128
10113;33;623709875;10113;442;11283;11410;5.37;0.33;295.70;10.55;1170;35;3903.00;127
10120;33;623709888;10120;441;11285;11410;5.30;0.32;295.76;10.55;1165;35;3904.00;125
10121;33;623709901;10121;441;11285;11410;5.27;0.32;295.78;10.55;1164;35;3905.00;125
10124;33;623709914;10124;441;11290;11413;5.22;0.32;295.83;10.56;1166;35;3906.00;123
10128;33;623709928;10128;453;11292;11413;5.18;0.32;295.93;10.57;1164;35;3907.00;121
10135;33;623709941;10135;451;11294;11413;5.13;0.31;296.08;10.57;1159;35;3908.00;119
10138;33;623709953;10138;445;11297;11417;5.12;0.31;296.12;10.57;1159;35;3909.00;120
10141;33;623709966;10141;445;11302;11418;5.14;0.31;296.20;10.58;1161;35;3910.00;116
10145;33;623709980;10145;444;11304;11418;5.16;0.32;296.16;10.58;1159;35;3911.00;114
10149;33;623709992;10149;439;11307;11422;5.24;0.32;296.20;10.58;1158;35;3912.00;115
10150;33;623710005;10150;439;11311;11422;5.28;0.32;296.25;10.59;1161;35;3913.00;111
10153;33;623710018;10153;444;11311;11422;5.30;0.32;296.28;10.59;1158;35;3914.00;111
10157;33;623710030;10157;439;11315;11424;5.31;0.32;296.46;10.59;1158;35;3915.00;109
10159;33;623710044;10159;440;11315;11424;5.35;0.33;296.46;10.59;1156;35;3916.00;109
10165;33;623710057;10165;439;11320;11430;5.37;0.33;296.53;10.59;1155;35;3917.00;110
10168;33;623710071;10168;433;11321;11430;5.41;0.33;296.58;10.59;1153;35;3918.00;109
10170;33;623710083;10170;426;11321;11431;5.44;0.33;296.63;10.59;1151;35;3919.00;110
10172;33;623710109;10172;416;11322;11431;5.50;0.33;296.71;10.59;1150;35;3920.00;109
10176;33;623710130;10176;414;11322;11431;5.52;0.34;296.78;10.59;1146;35;3921.00;109
10178;33;623710151;10178;411;11323;11431;5.57;0.34;296.85;10.60;1145;35;3922.00;108
10179;33;623710170;10179;406;11323;11431;5.63;0.34;296.92;10.60;1144;35;3923.00;108
10182;33;623710198;10182;407;11332;11443;5.71;0.35;296.96;10.59;1150;35;3924.00;111
10186;33;623710215;10186;406;11332;11443;5.77;0.35;296.97;10.59;1146;35;3925.00;111
10191;33;623710230;10191;402;11332;11443;5.81;0.35;296.96;10.59;1141;35;3926.00;111
10193;33;623710245;10193;399;11334;11443;5.86;0.36;296.98;10.59;1141;35;3927.00;109
10197;33;623710259;10197;397;11336;11443;5.92;0.36;297.10;10.59;1139;35;3928.00;107
10201;33;623710274;10201;390;11336;11443;6.01;0.37;297.10;10.59;1135;35;3929.00;107
10206;33;623710290;10206;386;11339;11447;6.07;0.37;297.12;10.59;1133;35;3930.00;108
10210;33;623710305;10210;378;11339;11447;6.14;0.37;297.24;10.59;1129;35;3931.00;108
10214;33;623710319;10214;380;11343;11451;6.14;0.37;297.37;10.59;1129;35;3932.00;108
10218;33;623710333;10218;376;11344;11452;6.18;0.38;297.40;10.58;1126;35;3933.00;108
10221;33;623710347;10221;375;11344;11452;6.16;0.37;297.46;10.58;1123;35;3934.00;108
10223;33;623710361;10223;373;11344;11452;6.14;0.37;297.53;10.58;1121;35;3935.00;108
10227;33;623710375;10227;365;11354;11465;6.09;0.37;297.61;10.69;1127;35;3936.00;111
10230;33;623710391;10230;363;11354;11465;6.05;0.37;297.65;10.69;1124;35;3937.00;111
10235;33;623710406;10235;365;11354;11465;6.07;0.37;297.65;10.69;1119;35;3938.00;111
10241;33;623710420;10241;361;11355;11466;6.09;0.37;297.83;10.69;1114;35;3939.00;111
10245;33;623710434;10245;364;11355;11467;6.11;0.37;297.90;10.69;1110;35;3940.00;112
10249;33;623710448;10249;366;11355;11467;6.13;0.37;297.99;10.69;1106;35;3941.00;112
10253;33;623710463;10253;367;11357;11470;6.15;0.38;298.10;10.69;1104;35;3942.00;113
10257;33;623710478;10257;373;11357;11470;6.13;0.37;298.08;10.69;1100;35;3943.00;113
10262;33;623710492;10262;374;11359;11470;6.08;0.37;298.19;10.69;1097;35;3944.00;111
10268;33;623710506;10268;377;11360;11470;6.03;0.37;298.22;10.70;1092;35;3945.00;110
10273;33;623710520;10273;378;11365;11476;5.99;0.37;298.33;10.69;1092;35;3946.00;111
10280;33;623710534;10280;386;11365;11476;5.96;0.36;298.44;10.69;1085;35;3947.00;111
10284;33;623710547;10284;395;11366;11476;5.91;0.36;298.49;10.70;1082;35;3948.00;110
10286;33;623710561;10286;405;11366;11476;5.90;0.36;298.54;10.70;1080;35;3949.00;110
10290;33;623710573;10290;405;11369;11480;5.90;0.36;298.59;10.70;1079;35;3950.00;111
10295;33;623710586;10295;410;11371;11481;5.86;0.36;298.66;10.70;1076;35;3951.00;110
10301;33;623710600;10301;402;11372;11481;5.84;0.36;298.72;10.81;1071;35;3952.00;109
10303;33;623710613;10303;396;11373;11482;5.83;0.36;298.73;10.81;1070;35;3953.00;109
10309;33;623710627;10309;396;11374;11482;5.79;0.35;298.81;10.82;1065;35;3954.00;108
10310;33;623710641;10310;408;11374;11482;5.81;0.36;298.80;10.82;1064;35;3955.00;108
10315;33;623710655;10315;411;11375;11482;5.71;0.35;298.88;10.82;1060;35;3956.00;107
10319;33;623710667;10319;400;11376;11482;5.66;0.35;298.87;10.93;1057;35;3957.00;106
10327;33;623710681;10327;393;11378;11482;5.57;0.34;298.97;10.94;1051;35;3958.00;104
10329;33;623710694;10329;384;11378;11482;5.54;0.34;298.99;10.94;1049;35;3959.00;104
10330;33;623710709;10330;406;11443;11607;5.64;0.35;299.01;10.88;1113;35;3960.00;164
10333;33;623710731;10333;397;11446;11608;5.62;0.35;299.00;10.88;1113;35;3961.00;162
10336;33;623710745;10336;385;11453;11608;5.70;0.35;298.95;10.87;1117;35;3962.00;155
10340;33;623710758;10340;386;11454;11608;5.69;0.35;298.94;10.87;1114;35;3963.00;154
10341;33;623710778;10341;392;11462;11608;5.78;0.36;298.96;10.86;1121;35;3964.00;146
10344;33;623710791;10344;395;11464;11608;5.87;0.36;299.00;10.86;1120;35;3965.00;144
10346;33;623710812;10346;382;11469;11608;5.94;0.36;299.01;10.86;1123;35;3966.00;139
10350;33;623710827;10350;379;11475;11608;5.94;0.36;299.08;10.86;1125;35;3967.00;133
10352;33;623710847;10352;383;11478;11609;5.93;0.36;299.14;10.86;1126;35;3968.00;131
10354;33;623710862;10354;381;11482;11610;5.92;0.36;299.19;10.86;1128;35;3969.00;128
10357;33;623710876;10357;383;11485;11610;5.87;0.36;299.23;10.97;1128;35;3970.00;125
10359;33;623710890;10359;378;11489;11614;5.87;0.36;299.24;10.97;1130;35;3971.00;125
10362;33;623710911;10362;381;11490;11614;5.86;0.36;299.33;10.97;1128;35;3972.00;124
10365;33;623710925;10365;389;11490;11614;5.80;0.35;299.37;10.97;1125;35;3973.00;124
10368;33;623710940;10368;386;11490;11614;5.81;0.35;299.39;10.97;1122;35;3974.00;124
10369;33;623710960;10369;399;11494;11620;5.82;0.36;299.43;10.96;1125;35;3975.00;126
10372;33;623710975;10372;405;11494;11620;5.84;0.36;299.58;10.96;1122;35;3976.00;126
10376;33;623710990;10376;408;11494;11620;5.90;0.36;299.62;10.96;1118;35;3977.00;126
10378;33;623711004;10378;407;11497;11623;5.97;0.36;299.73;10.96;1119;35;3978.00;126
10381;33;623711018;10381;412;11497;11623;5.98;0.36;299.78;10.96;1116;35;3979.00;126
10382;33;623711033;10382;410;11498;11623;5.99;0.36;299.79;10.96;1116;35;3980.00;125
10384;33;623711047;10384;407;11498;11624;6.01;0.37;299.86;10.96;1114;35;3981.00;126
10386;33;623711061;10386;399;11499;11625;6.03;0.37;299.88;10.96;1113;35;3982.00;126
10388;33;623711075;10388;403;11499;11625;6.10;0.37;299.84;10.96;1111;35;3983.00;126
10390;33;623711089;10390;399;11510;11638;6.12;0.37;299.86;10.95;1120;35;3984.00;128
10393;33;623711104;10393;395;11510;11638;6.14;0.38;299.93;10.95;1117;35;3985.00;128
10396;33;623711118;10396;390;11511;11638;6.21;0.38;299.93;11.06;1115;35;3986.00;127
10398;33;623711133;10398;389;11512;11639;6.22;0.38;299.97;11.06;1114;35;3987.00;127
10400;33;623711147;10400;391;11512;11639;6.27;0.38;299.96;11.06;1112;35;3988.00;127
10402;33;623711160;10402;403;11516;11643;6.36;0.39;299.97;11.05;1114;35;3989.00;127
10403;33;623711175;10403;399;11516;11643;6.45;0.39;299.98;11.05;1113;35;3990.00;127
10404;33;623711190;10404;393;11519;11647;6.46;0.40;300.00;11.05;1115;35;3991.00;128
10405;33;623711209;10405;399;11519;11647;6.46;0.39;300.05;11.05;1114;35;3992.00;128
10408;33;623711222;10408;392;11519;11647;6.43;0.39;300.08;11.05;1111;35;3993.00;128
10411;33;623711235;10411;400;11520;11647;6.39;0.39;300.07;11.16;1109;35;3994.00;127
10416;33;623711248;10416;402;11520;11647;6.37;0.39;300.16;11.16;1104;35;3995.00;127
10416;33;623711261;10416;401;11530;11659;6.40;0.39;300.16;11.15;1114;35;3996.00;129
10419;33;623711275;10419;408;11530;11659;6.39;0.39;300.12;11.15;1111;35;3997.00;129
10420;33;623711288;10420;405;11531;11659;6.39;0.39;300.10;11.15;1111;35;3998.00;128
10423;33;623711301;10423;407;11531;11659;6.36;0.39;300.05;11.15;1108;35;3999.00;128
10426;33;623711314;10426;411;11531;11659;6.35;0.39;300.12;11.15;1105;35;4000.00;128
10429;33;623711331;10429;414;11531;11659;6.37;0.39;300.16;11.15;1102;35;4001.00;128
10431;33;623711344;10431;410;11531;11660;6.39;0.39;300.15;11.15;1100;35;4002.00;129
10434;33;623711356;10434;412;11531;11660;6.38;0.39;300.12;11.15;1097;35;4003.00;129
10435;33;623711369;10435;410;11536;11666;6.40;0.39;300.11;11.15;1101;35;4004.00;130
10437;33;623711382;10437;417;11538;11668;6.36;0.39;300.09;11.15;1101;35;4005.00;130
10440;33;623711395;10440;421;11538;11668;6.29;0.38;300.02;11.15;1098;35;4006.00;130
10441;33;623711409;10441;421;11538;11668;6.22;0.38;300.01;11.15;1097;35;4007.00;130
10443;33;623711421;10443;432;11541;11672;6.20;0.38;300.00;11.14;1098;35;4008.00;131
10446;33;623711433;10446;432;11541;11672;6.12;0.37;299.96;11.14;1095;35;4009.00;131
10448;33;623711446;10448;433;11542;11672;6.08;0.37;299.96;11.25;1094;35;4010.00;130
10452;33;623711457;10452;436;11543;11673;6.06;0.37;299.95;11.25;1091;35;4011.00;130
10453;33;623711470;10453;431;11546;11677;5.99;0.36;299.94;11.25;1093;35;4012.00;131
10454;33;623711483;10454;435;11546;11677;5.91;0.36;299.92;11.25;1092;35;4013.00;131
10455;33;623711494;10455;438;11548;11680;5.86;0.36;299.92;11.25;1093;35;4014.00;132
10457;33;623711507;10457;438;11551;11680;5.79;0.35;299.88;11.27;1094;35;4015.00;129
10460;33;623711519;10460;435;11551;11680;5.68;0.34;299.84;11.27;1091;35;4016.00;129
10462;33;623711531;10462;433;11551;11680;5.63;0.34;299.83;11.27;1089;35;4017.00;129
10463;33;623711542;10463;435;11555;11684;5.66;0.34;299.82;11.27;1092;35;4018.00;129
10464;33;623711554;10464;415;11555;11684;5.62;0.34;299.80;11.27;1091;35;4019.00;129
10464;33;623711567;10464;402;11555;11684;5.61;0.34;299.80;11.27;1091;35;4020.00;129
10465;33;623711579;10465;402;11555;11684;5.64;0.34;299.84;11.27;1090;35;4021.00;129
10465;33;623711591;10465;397;11555;11685;5.69;0.35;299.84;11.27;1090;35;4022.00;130
10467;33;623711603;10467;391;11556;11686;5.66;0.34;299.81;11.26;1089;35;4023.00;130
10471;33;623711615;10471;391;11556;11686;5.69;0.35;299.84;11.26;1085;35;4024.00;130
10473;33;623711627;10473;394;11557;11687;5.71;0.35;299.83;11.26;1084;35;4025.00;130
10473;33;623711645;10473;386;11557;11687;5.74;0.35;299.83;11.26;1084;35;4026.00;130
10474;33;623711657;10474;381;11557;11687;5.80;0.35;299.82;11.26;1083;35;4027.00;130
10475;33;623711668;10475;389;11557;11687;5.89;0.36;299.83;11.26;1082;35;4028.00;130
10476;33;623711680;10476;395;11557;11687;5.95;0.36;299.82;11.26;1081;35;4029.00;130
10478;33;623711691;10478;394;11557;11687;5.96;0.36;299.83;11.26;1079;35;4030.00;130
10481;33;623711709;10481;398;11557;11687;5.98;0.37;299.85;11.26;1076;35;4031.00;130
10482;33;623711721;10482;413;11626;11814;6.27;0.39;299.85;11.20;1144;35;4032.00;188
10482;33;623711742;10482;402;11628;11815;6.27;0.39;299.85;11.20;1146;35;4033.00;187
10484;33;623711754;10484;396;11636;11815;6.29;0.39;299.86;11.19;1152;35;4034.00;179
10486;33;623711767;10486;401;11639;11815;6.26;0.39;299.85;11.19;1153;35;4035.00;176
10488;33;623711779;10488;392;11644;11815;6.18;0.38;299.89;11.18;1156;35;4036.00;171
10490;33;623711791;10490;395;11646;11815;6.12;0.38;299.87;11.18;1156;35;4037.00;169
10491;33;623711804;10491;398;11647;11815;6.06;0.37;299.86;11.18;1156;35;4038.00;168
10494;33;623711815;10494;401;11650;11815;6.01;0.37;299.89;11.18;1156;35;4039.00;165
10495;33;623711827;10495;403;11652;11816;6.00;0.37;299.90;11.19;1157;35;4040.00;164
10497;33;623711839;10497;401;11657;11817;5.94;0.37;299.92;11.19;1160;35;4041.00;160
10499;33;623711852;10499;402;11661;11817;5.89;0.36;299.92;11.20;1162;35;4042.00;156
10500;33;623711864;10500;407;11665;11818;5.83;0.36;299.91;11.23;1165;35;4043.00;153
10502;33;623711876;10502;410;11671;11818;5.82;0.36;299.94;11.23;1169;35;4044.00;147
10506;33;623711889;10506;419;11674;11818;5.77;0.36;299.92;11.23;1168;36;4045.00;144
10507;33;623711906;10507;423;11677;11818;5.71;0.35;299.93;11.25;1170;36;4046.00;141
10510;33;623711918;10510;430;11682;11822;5.70;0.35;299.93;11.25;1172;36;4047.00;140
10515;33;623711931;10515;429;11682;11822;5.68;0.35;299.94;11.25;1167;36;4048.00;140
10516;33;623711944;10516;431;11684;11822;5.64;0.35;299.94;11.26;1168;36;4049.00;138
10519;33;623711958;10519;440;11690;11828;5.66;0.35;300.00;11.27;1171;36;4050.00;138
10523;33;623711971;10523;442;11691;11828;5.63;0.35;299.95;11.28;1168;36;4051.00;137
10525;33;623711984;10525;446;11694;11828;5.64;0.35;299.99;11.29;1169;36;4052.00;134
10526;33;623711996;10526;448;11700;11832;5.61;0.35;300.01;11.30;1174;36;4053.00;132
10527;33;623712009;10527;438;11702;11833;5.64;0.35;300.05;11.31;1175;36;4054.00;131
10529;33;623712026;10529;446;11704;11833;5.60;0.35;300.06;11.32;1175;36;4055.00;129
10533;33;623712038;10533;444;11708;11837;5.59;0.34;300.14;11.32;1175;36;4056.00;129
10536;33;623712051;10536;446;11710;11837;5.54;0.34;300.10;11.33;1174;36;4057.00;127
10538;33;623712064;10538;450;11711;11837;5.48;0.34;300.16;11.34;1173;36;4058.00;126
10540;33;623712076;10540;450;11712;11838;5.47;0.34;300.16;11.34;1172;36;4059.00;126
10543;33;623712088;10543;445;11714;11838;5.47;0.34;300.25;11.35;1171;36;4060.00;124
10545;33;623712118;10545;450;11720;11844;5.51;0.34;300.23;11.35;1175;36;4061.00;124
10548;33;623712139;10548;455;11721;11844;5.44;0.33;300.27;11.36;1173;36;4062.00;123
10551;33;623712158;10551;454;11722;11845;5.40;0.33;300.25;11.36;1171;36;4063.00;123
10553;33;623712177;10553;447;11723;11845;5.37;0.33;300.29;11.37;1170;36;4064.00;122
10555;33;623712197;10555;449;11724;11845;5.32;0.33;300.27;11.37;1169;36;4065.00;121
10557;33;623712214;10557;439;11725;11845;5.32;0.33;300.26;11.38;1168;36;4066.00;120
10558;33;623712228;10558;439;11725;11845;5.35;0.33;300.27;11.38;1167;36;4067.00;120
10561;33;623712242;10561;436;11736;11857;5.41;0.33;300.36;11.37;1175;36;4068.00;121
10562;33;623712257;10562;432;11737;11857;5.46;0.34;300.35;11.38;1175;36;4069.00;120
10566;33;623712271;10566;426;11737;11857;5.51;0.34;300.39;11.38;1171;36;4070.00;120
10568;33;623712285;10568;421;11741;11857;5.52;0.34;300.44;11.42;1173;36;4071.00;116
10571;33;623712300;10571;422;11742;11857;5.55;0.34;300.43;11.43;1171;36;4072.00;115
10574;33;623712313;10574;421;11743;11857;5.57;0.34;300.45;11.44;1169;36;4073.00;114
10577;33;623712326;10577;414;11746;11861;5.58;0.34;300.44;11.44;1169;36;4074.00;115
10583;34;623712339;10583;405;11747;11861;5.57;0.34;300.43;11.45;1164;37;4075.00;114
10587;34;623712364;10587;405;11753;11865;5.56;0.34;300.50;11.46;1166;37;4076.00;112
10594;34;623712378;10594;402;11754;11866;5.50;0.34;300.58;11.46;1160;37;4077.00;112
10597;34;623712391;10597;408;11755;11866;5.48;0.34;300.61;11.46;1158;37;4078.00;111
10601;34;623712404;10601;408;11755;11866;5.41;0.33;300.63;11.46;1154;37;4079.00;111
10608;34;623712418;10608;414;11778;11895;5.42;0.33;300.68;11.45;1170;37;4080.00;117
10610;34;623712433;10610;405;11780;11895;5.44;0.33;300.73;11.45;1170;37;4081.00;115
10615;34;623712446;10615;402;11784;11895;5.41;0.33;300.79;11.46;1169;37;4082.00;111
10620;34;623712458;10620;392;11785;11896;5.36;0.33;300.96;11.46;1165;37;4083.00;111
10623;34;623712471;10623;392;11785;11897;5.39;0.33;300.92;11.46;1162;37;4084.00;112
10627;34;623712484;10627;392;11786;11897;5.38;0.33;301.05;11.47;1159;37;4085.00;111
10629;34;623712497;10629;401;11788;11900;5.39;0.33;301.10;11.46;1159;37;4086.00;112
10633;34;623712509;10633;398;11788;11900;5.40;0.33;301.15;11.46;1155;37;4087.00;112
10638;34;623712522;10638;397;11789;11900;5.42;0.33;301.31;11.46;1151;37;4088.00;111
10639;34;623712536;10639;396;11789;11900;5.50;0.34;301.30;11.46;1150;37;4089.00;111
10643;34;623712548;10643;382;11794;11906;5.64;0.34;301.37;11.46;1151;37;4090.00;112
10646;34;623712561;10646;379;11794;11906;5.68;0.35;301.36;11.46;1148;37;4091.00;112
10649;34;623712574;10649;370;11794;11906;5.78;0.35;301.36;11.46;1145;37;4092.00;112
10654;34;623712587;10654;365;11794;11906;5.81;0.35;301.47;11.46;1140;37;4093.00;112
10658;34;623712601;10658;364;11797;11910;5.84;0.36;301.49;11.46;1139;37;4094.00;113
10659;34;623712614;10659;360;11799;11912;5.92;0.36;301.50;11.45;1140;37;4095.00;113
10668;34;623712628;10668;352;11799;11912;5.86;0.36;301.66;11.45;1131;37;4096.00;113
10672;34;623712642;10672;346;11801;11913;5.84;0.35;301.70;11.57;1129;37;4097.00;112
10674;34;623712657;10674;343;11801;11913;5.89;0.36;301.68;11.57;1127;37;4098.00;112
10679;34;623712671;10679;333;11801;11913;5.87;0.36;301.78;11.57;1122;37;4099.00;112
10683;34;623712686;10683;337;11801;11913;5.93;0.36;301.87;11.57;1118;37;4100.00;112
10687;34;623712705;10687;342;11801;11913;5.98;0.36;301.97;11.57;1114;37;4101.00;112
10692;34;623712720;10692;351;11801;11913;5.98;0.36;301.96;11.57;1109;37;4102.00;112
10696;34;623712733;10696;349;11801;11913;6.01;0.36;302.11;11.57;1105;37;4103.00;112
10697;34;623712747;10697;358;11836;11983;6.12;0.37;302.16;11.53;1139;37;4104.00;147
10703;34;623712766;10703;355;11837;11984;6.10;0.37;302.31;11.53;1134;37;4105.00;147
10707;34;623712780;10707;353;11842;11984;6.18;0.38;302.41;11.53;1135;37;4106.00;142
10712;34;623712794;10712;354;11842;11984;6.18;0.38;302.42;11.53;1130;37;4107.00;142
10721;34;623712808;10721;357;11845;11984;6.10;0.37;302.55;11.53;1124;37;4108.00;139
10725;34;623712824;10725;352;11846;11984;6.08;0.37;302.59;11.53;1121;37;4109.00;138
10728;34;623712839;10728;353;11850;11984;6.06;0.37;302.63;11.52;1122;37;4110.00;134
10733;34;623712852;10733;351;11851;11984;5.97;0.36;302.66;11.52;1118;37;4111.00;133
10735;34;623712867;10735;358;11854;11985;5.94;0.36;302.68;11.52;1119;37;4112.00;131
10737;34;623712887;10737;362;11858;11986;5.93;0.36;302.66;11.63;1121;37;4113.00;128
10740;34;623712921;10740;365;11863;11986;5.92;0.36;302.64;11.63;1123;37;4114.00;123
10744;34;623712954;10744;355;11867;11990;5.89;0.36;302.70;11.63;1123;37;4115.00;123
10746;34;623712979;10746;353;11868;11990;5.89;0.36;302.73;11.63;1122;37;4116.00;122
10748;34;623712997;10748;361;11869;11990;5.93;0.36;302.73;11.63;1121;37;4117.00;121
10751;34;623713014;10751;361;11869;11990;5.93;0.36;302.74;11.63;1118;37;4118.00;121
10754;34;623713031;10754;368;11874;11996;5.94;0.36;302.75;11.62;1120;37;4119.00;122
10760;34;623713048;10760;372;11874;11996;5.88;0.36;302.80;11.62;1114;37;4120.00;122
10762;34;623713066;10762;377;11874;11996;5.87;0.36;302.85;11.62;1112;37;4121.00;122
10766;34;623713083;10766;384;11877;11999;5.86;0.36;302.81;11.62;1111;37;4122.00;122
10768;34;623713104;10768;393;11878;11999;5.80;0.36;302.87;11.62;1110;37;4123.00;121
10770;34;623713124;10770;393;11880;11999;5.75;0.35;302.89;11.73;1110;37;4124.00;119
10771;34;623713146;10771;398;11882;12000;5.70;0.35;302.88;11.73;1111;37;4125.00;118
10777;34;623713162;10777;404;11883;12001;5.57;0.34;302.87;11.73;1106;37;4126.00;118
10782;34;623713176;10782;404;11883;12001;5.51;0.34;302.90;11.73;1101;37;4127.00;118
10786;34;623713191;10786;406;11894;12014;5.56;0.34;302.97;11.71;1108;37;4128.00;120
10792;34;623713208;10792;402;11894;12014;5.53;0.34;303.01;11.71;1102;37;4129.00;120
10793;34;623713227;10793;401;11894;12014;5.56;0.34;303.01;11.71;1101;37;4130.00;120
10798;34;623713241;10798;412;11895;12015;5.63;0.34;303.14;11.71;1097;37;4131.00;120
10801;34;623713256;10801;413;11895;12015;5.70;0.35;303.14;11.71;1094;37;4132.00;120
10803;34;623713273;10803;418;11899;12019;5.78;0.35;303.15;11.71;1096;37;4133.00;120
10805;34;623713289;10805;417;11899;12019;5.81;0.35;303.16;11.71;1094;37;4134.00;120
10808;34;623713305;10808;427;11902;12023;5.80;0.35;303.17;11.71;1094;37;4135.00;121
10813;34;623713321;10813;415;11902;12023;5.78;0.35;303.24;11.71;1089;37;4136.00;121
10817;34;623713339;10817;408;11902;12023;5.81;0.35;303.28;11.71;1085;37;4137.00;121
10819;34;623713355;10819;403;11902;12023;5.81;0.35;303.28;11.71;1083;37;4138.00;121
10821;34;623713377;10821;393;11902;12023;5.79;0.35;303.36;11.71;1081;37;4139.00;121
10822;34;623713396;10822;396;11927;12057;5.84;0.36;303.38;11.68;1105;37;4140.00;130
10824;34;623713414;10824;395;11927;12057;5.88;0.36;303.36;11.68;1103;37;4141.00;130
10827;34;623713430;10827;393;11930;12057;5.93;0.36;303.39;11.68;1103;37;4142.00;127
10831;34;623713447;10831;388;11930;12057;5.94;0.36;303.44;11.68;1099;37;4143.00;127
10833;34;623713464;10833;388;11931;12057;5.98;0.37;303.44;11.68;1098;37;4144.00;126
10834;34;623713482;10834;385;11931;12057;6.02;0.37;303.43;11.68;1097;37;4145.00;126
10837;34;623713497;10837;381;11931;12058;6.07;0.37;303.45;11.68;1094;37;4146.00;127
10839;34;623713512;10839;384;11931;12058;6.17;0.38;303.53;11.68;1092;37;4147.00;127
10843;34;623713526;10843;386;11936;12064;6.25;0.38;303.52;11.68;1093;37;4148.00;128
10848;34;623713543;10848;396;11937;12065;6.26;0.38;303.53;11.67;1089;37;4149.00;128
10848;34;623713558;10848;393;11937;12065;6.28;0.38;303.53;11.67;1089;37;4150.00;128
10851;34;623713574;10851;389;11937;12065;6.23;0.38;303.54;11.67;1086;37;4151.00;128
10855;34;623713590;10855;385;11940;12069;6.16;0.37;303.57;11.67;1085;37;4152.00;129
10856;34;623713607;10856;380;11940;12069;6.13;0.37;303.61;11.67;1084;37;4153.00;129
10859;34;623713622;10859;380;11940;12069;6.15;0.37;303.60;11.67;1081;37;4154.00;129
10860;34;623713638;10860;389;11941;12070;6.23;0.38;303.58;11.67;1081;37;4155.00;129
10860;34;623713654;10860;387;11944;12074;6.31;0.38;303.58;11.67;1084;37;4156.00;130
10862;34;623713669;10862;386;11944;12074;6.32;0.38;303.61;11.67;1082;37;4157.00;130
10864;34;623713686;10864;389;11946;12077;6.35;0.39;303.67;11.67;1082;37;4158.00;131
10865;34;623713706;10865;379;11946;12077;6.38;0.39;303.67;11.67;1081;37;4159.00;131
10868;34;623713721;10868;377;11947;12077;6.36;0.39;303.64;11.67;1079;37;4160.00;130
10869;34;623713734;10869;378;11947;12077;6.33;0.38;303.65;11.67;1078;37;4161.00;130
10870;34;623713749;10870;380;11951;12081;6.35;0.39;303.64;11.66;1081;37;4162.00;130
10872;34;623713763;10872;377;11951;12081;6.34;0.39;303.64;11.66;1079;37;4163.00;130
10876;34;623713777;10876;373;11951;12081;6.35;0.39;303.59;11.66;1075;37;4164.00;130
10879;34;623713793;10879;369;11951;12081;6.37;0.39;303.63;11.66;1072;37;4165.00;130
10880;34;623713812;10880;366;11951;12082;6.37;0.39;303.62;11.66;1071;37;4166.00;131
10884;34;623713830;10884;366;11952;12083;6.34;0.38;303.65;11.66;1068;37;4167.00;131
10884;34;623713848;10884;366;11952;12083;6.35;0.39;303.65;11.66;1068;37;4168.00;131
10884;34;623713863;10884;363;11953;12084;6.40;0.39;303.65;11.66;1069;37;4169.00;131
10887;34;623713880;10887;358;11953;12084;6.42;0.39;303.65;11.66;1066;37;4170.00;131
10888;34;623713895;10888;347;11953;12084;6.48;0.39;303.63;11.66;1065;37;4171.00;131
10888;34;623713918;10888;338;11953;12084;6.54;0.40;303.63;11.66;1065;37;4172.00;131
10890;34;623713932;10890;334;11955;12086;6.51;0.39;303.60;11.66;1065;37;4173.00;131
10892;34;623713946;10892;326;11955;12086;6.49;0.39;303.57;11.66;1063;37;4174.00;131
10894;34;623713973;10894;326;11955;12086;6.51;0.39;303.56;11.66;1061;37;4175.00;131
10895;34;623713987;10895;351;12021;12213;6.60;0.41;303.54;11.59;1126;37;4176.00;192
10899;34;623714014;10899;336;12022;12214;6.62;0.41;303.54;11.59;1123;37;4177.00;192
10901;34;623714030;10901;325;12027;12214;6.70;0.41;303.49;11.59;1126;37;4178.00;187
10901;35;623714044;10901;313;12029;12214;6.77;0.42;303.49;11.59;1128;38;4179.00;185
10904;35;623714071;10904;311;12032;12214;6.80;0.42;303.45;11.59;1128;38;4180.00;182
10905;35;623714093;10905;313;12037;12214;6.85;0.42;303.45;11.58;1132;38;4181.00;177
10908;35;623714136;10908;303;12039;12214;6.91;0.42;303.59;11.58;1131;38;4182.00;175
10908;35;623714159;10908;306;12044;12214;6.92;0.42;303.59;11.58;1136;38;4183.00;170
10909;35;623714183;10909;305;12047;12215;6.95;0.43;303.58;11.59;1138;38;4184.00;168
10911;35;623714207;10911;311;12050;12217;6.96;0.43;303.58;11.59;1139;38;4185.00;167
10915;35;623714246;10915;309;12054;12217;6.93;0.42;303.58;11.60;1139;38;4186.00;163
10915;35;623714263;10915;308;12057;12218;6.92;0.42;303.58;11.60;1142;38;4187.00;161
10919;35;623714284;10919;303;12060;12218;6.89;0.42;303.65;11.60;1141;38;4188.00;158
10920;35;623714310;10920;303;12062;12218;6.87;0.42;303.67;11.60;1142;38;4189.00;156
10924;35;623714328;10924;303;12063;12218;6.78;0.41;303.64;11.60;1139;38;4190.00;155
10926;35;623714345;10926;306;12068;12222;6.83;0.42;303.63;11.60;1142;38;4191.00;154
10930;35;623714362;10930;310;12069;12222;6.84;0.42;303.64;11.60;1139;38;4192.00;153
10931;35;623714379;10931;317;12070;12222;6.82;0.42;303.66;11.60;1139;38;4193.00;152
10932;35;623714396;10932;322;12072;12225;6.87;0.42;303.65;11.60;1140;38;4194.00;153
10934;35;623714414;10934;331;12073;12225;6.87;0.42;303.70;11.60;1139;38;4195.00;152
10935;35;623714431;10935;328;12074;12225;6.89;0.42;303.72;11.60;1139;38;4196.00;151
10938;35;623714451;10938;332;12079;12229;6.83;0.42;303.69;11.60;1141;38;4197.00;150
10942;35;623714469;10942;335;12081;12230;6.87;0.42;303.72;11.60;1139;38;4198.00;149
10945;35;623714493;10945;330;12082;12230;6.87;0.42;303.69;11.60;1137;38;4199.00;148
10948;35;623714514;10948;336;12093;12264;6.84;0.42;303.70;11.59;1145;38;4200.00;171
10952;35;623714541;10952;336;12098;12264;6.86;0.42;303.74;11.59;1146;38;4201.00;166
10956;35;623714558;10956;335;12099;12264;6.85;0.42;303.76;11.59;1143;38;4202.00;165
10959;35;623714580;10959;334;12100;12265;6.86;0.42;303.79;11.59;1141;38;4203.00;165
10963;35;623714597;10963;334;12103;12265;6.84;0.42;303.80;11.59;1140;38;4204.00;162
10967;35;623714627;10967;335;12106;12271;6.83;0.41;303.80;11.59;1139;38;4205.00;165
10970;35;623714647;10970;342;12109;12271;6.74;0.41;303.79;11.59;1139;38;4206.00;162
10971;35;623714668;10971;340;12111;12272;6.66;0.40;303.80;11.60;1140;38;4207.00;161
10971;35;623714685;10971;354;12111;12272;6.59;0.40;303.80;11.60;1140;38;4208.00;161
10975;35;623714702;10975;360;12112;12272;6.51;0.40;303.79;11.60;1137;38;4209.00;160
10976;35;623714718;10976;366;12113;12272;6.46;0.39;303.85;11.60;1137;38;4210.00;159
10980;35;623714736;10980;370;12114;12272;6.45;0.39;303.83;11.62;1134;38;4211.00;158
10983;35;623714765;10983;382;12126;12284;6.44;0.39;303.81;11.61;1143;38;4212.00;158
10984;35;623714784;10984;376;12128;12284;6.41;0.39;303.82;11.63;1144;38;4213.00;156
10985;35;623714810;10985;383;12129;12284;6.37;0.39;303.82;11.63;1144;38;4214.00;155
10988;35;623714829;10988;386;12131;12284;6.33;0.39;303.84;11.64;1143;38;4215.00;153
10990;35;623714845;10990;385;12132;12284;6.22;0.38;303.94;11.65;1142;38;4216.00;152
10993;35;623714861;10993;391;12133;12284;6.19;0.38;303.97;11.66;1140;38;4217.00;151
10993;35;623714879;10993;397;12139;12288;6.16;0.38;303.97;11.67;1146;38;4218.00;149
10997;35;623714896;10997;396;12140;12288;6.17;0.38;303.97;11.68;1143;38;4219.00;148
10999;35;623714911;10999;402;12143;12292;6.20;0.38;304.01;11.68;1144;38;4220.00;149
11003;35;623714935;11003;407;12147;12293;6.20;0.38;303.99;11.71;1144;38;4221.00;146
11004;35;623714953;11004;404;12147;12293;6.18;0.38;303.96;11.71;1143;38;4222.00;146
11011;35;623714971;11011;412;12147;12293;6.11;0.37;303.98;11.71;1136;38;4223.00;146
11012;35;623714989;11012;410;12161;12306;6.02;0.37;303.99;11.72;1149;38;4224.00;145
11014;35;623715008;11014;408;12163;12306;5.93;0.36;304.09;11.74;1149;38;4225.00;143
11019;35;623715051;11019;412;12163;12306;5.85;0.36;304.11;11.74;1144;38;4226.00;143
11022;35;623715067;11022;414;12166;12307;5.84;0.36;304.14;11.74;1144;38;4227.00;141
11025;35;623715084;11025;420;12168;12308;5.83;0.36;304.14;11.76;1143;38;4228.00;140
11029;35;623715102;11029;415;12168;12308;5.75;0.35;304.19;11.76;1139;38;4229.00;140
11033;35;623715122;11033;414;12175;12314;5.73;0.35;304.29;11.78;1142;38;4230.00;139
11034;35;623715141;11034;412;12176;12314;5.73;0.35;304.32;11.79;1142;38;4231.00;138
11036;35;623715156;11036;413;12179;12314;5.74;0.35;304.35;11.80;1143;38;4232.00;135
11038;35;623715170;11038;406;12179;12314;5.73;0.35;304.39;11.80;1141;38;4233.00;135
11045;35;623715184;11045;409;12186;12320;5.69;0.35;304.37;11.82;1141;38;4234.00;134
11047;35;623715199;11047;408;12186;12320;5.66;0.35;304.41;11.82;1139;38;4235.00;134
11051;35;623715213;11051;412;12187;12320;5.60;0.34;304.49;11.82;1136;38;4236.00;133
11053;35;623715228;11053;413;12189;12320;5.58;0.34;304.51;11.84;1136;38;4237.00;131
11056;35;623715241;11056;420;12192;12324;5.54;0.34;304.53;11.83;1136;38;4238.00;132
11061;35;623715255;11061;424;12193;12325;5.45;0.33;304.61;11.83;1132;38;4239.00;132
11065;35;623715268;11065;426;12195;12325;5.45;0.33;304.62;11.85;1130;38;4240.00;130
11066;35;623715282;11066;425;12196;12326;5.47;0.34;304.66;11.85;1130;38;4241.00;130
11074;35;623715295;11074;435;12197;12326;5.42;0.33;304.67;11.85;1123;38;4242.00;129
11076;35;623715311;11076;433;12199;12326;5.41;0.33;304.76;11.87;1123;38;4243.00;127
11078;35;623715324;11078;431;12199;12326;5.39;0.33;304.82;11.87;1121;38;4244.00;127
11081;35;623715337;11081;432;12201;12326;5.35;0.33;304.90;11.88;1120;38;4245.00;125
11086;35;623715351;11086;430;12201;12326;5.27;0.32;304.89;11.88;1115;38;4246.00;125
11089;35;623715366;11089;434;12203;12326;5.19;0.32;304.94;11.89;1114;38;4247.00;123
11090;35;623715378;11090;446;12244;12396;5.25;0.32;304.95;11.86;1154;38;4248.00;152
11094;35;623715399;11094;436;12246;12397;5.21;0.32;304.98;11.85;1152;38;4249.00;151
11098;35;623715414;11098;431;12252;12397;5.13;0.32;305.07;11.86;1154;38;4250.00;145
11103;35;623715430;11103;430;12254;12397;5.09;0.31;305.08;11.86;1151;38;4251.00;143
11109;35;623715445;11109;433;12256;12397;5.05;0.31;305.09;11.86;1147;38;4252.00;141
11115;35;623715459;11115;432;12261;12397;5.03;0.31;305.19;11.87;1146;38;4253.00;136
11118;35;623715476;11118;428;12265;12397;5.05;0.31;305.25;11.87;1147;38;4254.00;132
11123;35;623715491;11123;427;12265;12397;5.05;0.31;305.41;11.87;1142;38;4255.00;132
11128;35;623715505;11128;425;12272;12398;5.09;0.31;305.53;11.88;1144;38;4256.00;126
11132;35;623715523;11132;420;12272;12399;5.18;0.32;305.54;11.88;1140;38;4257.00;127
11134;35;623715538;11134;410;12273;12399;5.28;0.32;305.55;11.88;1139;38;4258.00;126
11138;35;623715554;11138;407;12279;12403;5.36;0.33;305.70;11.89;1141;38;4259.00;124
11139;35;623715570;11139;401;12282;12403;5.51;0.34;305.74;12.00;1143;38;4260.00;121
11142;35;623715587;11142;402;12284;12403;5.58;0.34;305.81;12.01;1142;38;4261.00;119
11147;35;623715604;11147;398;12285;12403;5.63;0.34;305.83;12.01;1138;38;4262.00;118
11149;35;623715621;11149;396;12290;12409;5.70;0.35;305.87;12.01;1141;38;4263.00;119
11152;35;623715637;11152;401;12290;12409;5.75;0.35;305.86;12.01;1138;38;4264.00;119
11156;35;623715654;11156;400;12291;12409;5.78;0.35;305.90;12.01;1135;38;4265.00;118
11158;35;623715670;11158;393;12294;12412;5.83;0.36;305.96;12.01;1136;38;4266.00;118
11164;35;623715688;11164;393;12294;12412;5.85;0.36;306.04;12.01;1130;38;4267.00;118
11168;35;623715705;11168;397;12295;12412;5.79;0.35;306.23;12.01;1127;38;4268.00;117
11171;35;623715722;11171;402;12295;12413;5.76;0.35;306.20;12.01;1124;38;4269.00;118
11175;35;623715739;11175;399;12296;12414;5.73;0.35;306.19;12.01;1121;38;4270.00;118
11177;35;623715756;11177;397;12297;12414;5.68;0.35;306.16;12.01;1120;38;4271.00;117
11182;35;623715772;11182;401;12309;12427;5.66;0.34;306.22;12.00;1127;38;4272.00;118
11185;35;623715788;11185;409;12309;12427;5.58;0.34;306.23;12.00;1124;38;4273.00;118
11189;35;623715804;11189;411;12309;12427;5.46;0.33;306.31;12.00;1120;38;4274.00;118
11194;35;623715821;11194;410;12311;12429;5.40;0.33;306.30;11.99;1117;38;4275.00;118
11198;35;623715836;11198;416;12311;12429;5.32;0.32;306.43;11.99;1113;38;4276.00;118
11204;35;623715850;11204;412;12315;12433;5.30;0.32;306.51;11.99;1111;38;4277.00;118
11208;35;623715865;11208;406;12315;12433;5.22;0.32;306.59;11.99;1107;38;4278.00;118
11210;35;623715879;11210;410;12318;12437;5.22;0.32;306.62;11.99;1108;38;4279.00;119
11213;35;623715893;11213;410;12318;12437;5.19;0.32;306.69;11.99;1105;38;4280.00;119
11217;35;623715908;11217;418;12318;12437;5.10;0.31;306.68;11.99;1101;38;4281.00;119
11219;35;623715922;11219;412;12319;12437;5.09;0.31;306.71;12.10;1100;38;4282.00;118
11224;35;623715936;11224;421;12319;12437;5.04;0.31;306.71;12.10;1095;38;4283.00;118
11227;35;623715950;11227;418;12328;12449;5.07;0.31;306.72;12.09;1101;38;4284.00;121
11234;35;623715965;11234;419;12329;12449;4.96;0.30;306.77;12.09;1095;38;4285.00;120
11237;35;623715979;11237;424;12330;12449;4.93;0.30;306.81;12.09;1093;38;4286.00;119
11242;35;623715996;11242;428;12330;12449;4.93;0.30;306.87;12.09;1088;38;4287.00;119
11246;35;623716014;11246;433;12330;12449;4.94;0.30;306.90;12.09;1084;38;4288.00;119
11249;35;623716028;11249;436;12330;12449;4.94;0.30;306.90;12.09;1081;38;4289.00;119
11255;35;623716043;11255;450;12330;12450;4.90;0.30;306.94;12.09;1075;38;4290.00;120
11258;35;623716056;11258;446;12330;12450;4.85;0.30;306.92;12.09;1072;38;4291.00;120
11261;35;623716070;11261;455;12336;12456;4.81;0.29;306.89;12.20;1075;38;4292.00;120
11261;35;623716084;11261;461;12337;12457;4.80;0.29;306.89;12.20;1076;38;4293.00;120
11263;35;623716101;11263;462;12337;12457;4.77;0.29;306.94;12.20;1074;38;4294.00;120
11266;35;623716124;11266;470;12337;12457;4.70;0.29;306.89;12.20;1071;38;4295.00;120
11269;35;623716146;11269;478;12340;12461;4.64;0.28;306.90;12.20;1071;38;4296.00;121
11271;35;623716169;11271;475;12340;12461;4.57;0.28;306.90;12.20;1069;38;4297.00;121
11273;35;623716188;11273;473;12341;12461;4.55;0.28;306.91;12.31;1068;38;4298.00;120
11275;35;623716207;11275;467;12342;12462;4.52;0.28;306.92;12.31;1067;38;4299.00;120
11279;35;623716226;11279;462;12345;12466;4.56;0.28;306.94;12.31;1066;38;4300.00;121
11284;35;623716250;11284;464;12345;12466;4.55;0.28;306.89;12.31;1061;38;4301.00;121
11286;35;623716267;11286;459;12347;12469;4.59;0.28;306.90;12.30;1061;38;4302.00;122
11288;35;623716284;11288;458;12347;12469;4.61;0.28;306.86;12.30;1059;38;4303.00;122
11290;35;623716300;11290;462;12348;12469;4.68;0.29;306.88;12.30;1058;38;4304.00;121
11292;35;623716317;11292;461;12348;12469;4.70;0.29;306.84;12.30;1056;38;4305.00;121
11294;35;623716331;11294;448;12352;12473;4.80;0.29;306.91;12.30;1058;38;4306.00;121
11296;35;623716353;11296;437;12352;12473;4.83;0.30;306.91;12.30;1056;38;4307.00;121
11299;35;623716372;11299;416;12352;12473;4.84;0.30;306.90;12.30;1053;38;4308.00;121
11302;35;623716389;11302;410;12353;12473;4.87;0.30;306.90;12.41;1051;38;4309.00;120
11304;35;623716415;11304;406;12353;12474;4.95;0.30;306.86;12.41;1049;38;4310.00;121
11305;35;623716433;11305;401;12354;12475;5.02;0.31;306.85;12.41;1049;38;4311.00;121
11308;35;623716451;11308;392;12354;12475;5.04;0.31;306.85;12.41;1046;38;4312.00;121
11310;35;623716470;11310;395;12355;12476;5.10;0.31;306.83;12.41;1045;38;4313.00;121
11313;35;623716485;11313;398;12355;12476;5.19;0.32;306.79;12.41;1042;38;4314.00;121
11314;35;623716498;11314;389;12355;12476;5.28;0.32;306.78;12.41;1041;38;4315.00;121
11316;35;623716512;11316;388;12355;12476;5.36;0.33;306.77;12.41;1039;38;4316.00;121
11316;35;623716525;11316;384;12355;12476;5.46;0.33;306.77;12.41;1039;38;4317.00;121
11319;35;623716538;11319;386;12355;12476;5.49;0.33;306.78;12.41;1036;38;4318.00;121
11320;35;623716550;11320;379;12355;12476;5.56;0.34;306.77;12.41;1035;38;4319.00;121
11323;35;623716565;11323;426;12473;12706;5.84;0.37;306.76;12.29;1150;38;4320.00;233
11324;35;623716598;11324;413;12476;12707;5.90;0.37;306.74;12.29;1152;38;4321.00;231
11326;35;623716613;11326;396;12485;12707;6.02;0.38;306.72;12.28;1159;38;4322.00;222
11328;35;623716626;11328;376;12493;12707;6.11;0.38;306.77;12.28;1165;38;4323.00;214
11330;35;623716641;11330;358;12500;12707;6.16;0.38;306.75;12.39;1170;38;4324.00;207
11331;35;623716656;11331;355;12503;12707;6.24;0.39;306.75;12.39;1172;38;4325.00;204
11332;35;623716670;11332;343;12510;12707;6.33;0.39;306.78;12.38;1178;38;4326.00;197
11332;35;623716684;11332;339;12516;12707;6.39;0.40;306.78;12.38;1184;38;4327.00;191
11334;35;623716698;11334;331;12522;12708;6.44;0.40;306.78;12.38;1188;38;4328.00;186
11335;35;623716713;11335;328;12523;12709;6.50;0.40;306.80;12.38;1188;38;4329.00;186
11338;35;623716736;11338;322;12528;12709;6.53;0.40;306.78;12.38;1190;38;4330.00;181
11339;35;623716759;11339;328;12531;12710;6.58;0.41;306.81;12.38;1192;38;4331.00;179
11343;36;623716774;11343;327;12531;12710;6.65;0.41;306.86;12.38;1188;39;4332.00;179
11345;36;623716806;11345;333;12532;12710;6.68;0.41;306.87;12.38;1187;39;4333.00;178
11347;36;623716822;11347;336;12534;12710;6.70;0.41;306.85;12.38;1187;39;4334.00;176
11347;36;623716838;11347;338;12538;12714;6.70;0.41;306.85;12.38;1191;39;4335.00;176
11348;36;623716854;11348;341;12538;12714;6.69;0.41;306.85;12.38;1190;39;4336.00;176
11349;36;623716870;11349;348;12538;12714;6.68;0.41;306.86;12.38;1189;39;4337.00;176
11349;36;623716894;11349;344;12539;12717;6.67;0.41;306.86;12.37;1190;39;4338.00;178
11352;36;623716916;11352;344;12540;12717;6.67;0.41;306.89;12.38;1188;39;4339.00;177
11352;36;623716931;11352;339;12541;12717;6.72;0.41;306.89;12.49;1189;39;4340.00;176
11352;36;623716947;11352;337;12544;12721;6.82;0.42;306.89;12.49;1192;39;4341.00;177
11353;36;623716963;11353;341;12545;12722;6.93;0.42;306.88;12.49;1192;39;4342.00;177
11355;36;623716979;11355;341;12545;12722;6.94;0.42;306.86;12.49;1190;39;4343.00;177
11359;36;623716995;11359;342;12548;12726;6.97;0.42;306.85;12.49;1189;39;4344.00;178
11363;36;623717010;11363;343;12548;12726;6.94;0.42;306.93;12.49;1185;39;4345.00;178
11366;36;623717025;11366;345;12549;12726;6.91;0.42;306.93;12.49;1183;39;4346.00;177
11368;36;623717042;11368;341;12550;12727;6.86;0.42;306.96;12.49;1182;39;4347.00;177
11372;36;623717058;11372;350;12550;12727;6.84;0.42;306.99;12.49;1178;39;4348.00;177
11376;36;623717074;11376;337;12554;12733;6.86;0.42;307.07;12.49;1178;39;4349.00;179
11379;36;623717094;11379;344;12554;12733;6.81;0.41;307.13;12.49;1175;39;4350.00;179
11385;36;623717110;11385;350;12555;12734;6.74;0.41;307.10;12.49;1170;39;4351.00;179
11389;36;623717126;11389;351;12556;12734;6.69;0.41;307.14;12.49;1167;39;4352.00;178
11392;36;623717142;11392;354;12559;12734;6.65;0.40;307.18;12.49;1167;39;4353.00;175
11393;36;623717157;11393;346;12560;12734;6.66;0.41;307.17;12.61;1167;39;4354.00;174
11396;36;623717172;11396;351;12563;12734;6.66;0.40;307.15;12.63;1167;39;4355.00;171
11396;36;623717188;11396;354;12572;12746;6.74;0.41;307.15;12.62;1176;39;4356.00;174
11399;36;623717203;11399;347;12574;12746;6.76;0.41;307.19;12.63;1175;39;4357.00;172
11400;36;623717217;11400;350;12575;12746;6.77;0.41;307.20;12.63;1175;39;4358.00;171
11403;36;623717232;11403;347;12575;12746;6.79;0.41;307.22;12.63;1172;39;4359.00;171
11407;36;623717246;11407;351;12576;12746;6.78;0.41;307.26;12.63;1169;39;4360.00;170
11407;36;623717260;11407;354;12577;12746;6.83;0.42;307.26;12.63;1170;39;4361.00;169
11415;36;623717275;11415;356;12580;12750;6.81;0.41;307.32;12.63;1165;39;4362.00;170
11418;36;623717294;11418;354;12581;12750;6.85;0.42;307.29;12.63;1163;39;4363.00;169
11419;36;623717308;11419;360;12585;12754;6.90;0.42;307.29;12.62;1166;39;4364.00;169
11422;36;623717322;11422;363;12586;12756;6.85;0.42;307.28;12.62;1164;39;4365.00;170
11424;36;623717336;11424;361;12586;12756;6.80;0.41;307.34;12.62;1162;39;4366.00;170
11425;36;623717350;11425;361;12589;12756;6.77;0.41;307.39;12.63;1164;39;4367.00;167
11427;36;623717364;11427;363;12599;12769;6.79;0.41;307.39;12.62;1172;39;4368.00;170
11430;36;623717379;11430;360;12600;12769;6.73;0.41;307.42;12.62;1170;39;4369.00;169
11431;36;623717393;11431;360;12604;12769;6.69;0.41;307.41;12.74;1173;39;4370.00;165
11435;36;623717407;11435;365;12605;12770;6.61;0.40;307.51;12.74;1170;39;4371.00;165
11436;36;623717421;11436;369;12607;12771;6.56;0.40;307.51;12.75;1171;39;4372.00;164
11438;36;623717434;11438;373;12607;12771;6.51;0.40;307.57;12.75;1169;39;4373.00;164
11440;36;623717447;11440;381;12611;12774;6.49;0.40;307.64;12.75;1171;39;4374.00;163
11441;36;623717461;11441;381;12612;12774;6.46;0.39;307.65;12.75;1171;39;4375.00;162
11442;36;623717474;11442;385;12612;12774;6.47;0.39;307.66;12.75;1170;39;4376.00;162
11446;36;623717488;11446;389;12613;12774;6.51;0.40;307.76;12.75;1167;39;4377.00;161
11448;36;623717501;11448;395;12619;12780;6.57;0.40;307.79;12.75;1171;39;4378.00;161
11453;36;623717515;11453;402;12620;12780;6.56;0.40;307.78;12.76;1167;39;4379.00;160
11455;36;623717531;11455;405;12620;12780;6.56;0.40;307.84;12.76;1165;39;4380.00;160
11457;36;623717544;11457;411;12621;12780;6.54;0.40;307.87;12.76;1164;39;4381.00;159
11459;36;623717557;11459;421;12627;12784;6.45;0.39;307.84;12.79;1168;39;4382.00;157
11465;36;623717571;11465;424;12628;12785;6.39;0.39;307.95;12.79;1163;39;4383.00;157
11468;36;623717584;11468;432;12630;12785;6.35;0.39;308.00;12.81;1162;39;4384.00;155
11470;36;623717599;11470;435;12634;12786;6.30;0.38;308.02;12.83;1164;39;4385.00;152
11473;36;623717612;11473;442;12634;12786;6.26;0.38;308.08;12.83;1161;39;4386.00;152
11477;36;623717625;11477;444;12635;12786;6.20;0.38;308.09;12.84;1158;39;4387.00;151
11478;36;623717638;11478;442;12638;12786;6.15;0.38;308.09;12.86;1160;39;4388.00;148
11482;36;623717658;11482;454;12638;12786;6.06;0.37;308.08;12.86;1156;39;4389.00;148
11483;36;623717671;11483;460;12641;12786;6.04;0.37;308.09;12.88;1158;39;4390.00;145
11486;36;623717684;11486;466;12641;12786;5.98;0.37;308.21;12.88;1155;39;4391.00;145
11490;36;623717697;11490;467;12679;12856;6.00;0.37;308.25;12.86;1189;39;4392.00;177
11491;36;623717716;11491;462;12680;12857;5.98;0.37;308.27;12.86;1189;39;4393.00;177
11493;36;623717730;11493;459;12690;12857;5.98;0.37;308.27;12.87;1197;39;4394.00;167
11494;36;623717744;11494;460;12692;12857;5.93;0.36;308.30;12.87;1198;39;4395.00;165
11495;36;623717757;11495;458;12696;12857;5.96;0.37;308.29;12.88;1201;39;4396.00;161
11499;36;623717770;11499;456;12696;12857;5.93;0.36;308.33;12.88;1197;39;4397.00;161
11501;36;623717783;11501;465;12702;12857;5.94;0.36;308.34;12.89;1201;39;4398.00;155
11502;36;623717796;11502;463;12702;12857;5.89;0.36;308.33;12.89;1200;39;4399.00;155
11505;36;623717821;11505;461;12707;12858;5.87;0.36;308.35;12.91;1202;39;4400.00;151
11509;36;623717847;11509;463;12709;12859;5.82;0.36;308.43;12.91;1200;39;4401.00;150
11512;36;623717861;11512;464;12713;12859;5.72;0.35;308.42;12.92;1201;39;4402.00;146
11517;36;623717881;11517;459;12717;12863;5.67;0.35;308.48;12.92;1200;39;4403.00;146
11521;36;623717896;11521;462;12719;12863;5.62;0.34;308.49;12.93;1198;39;4404.00;144
11524;36;623717910;11524;462;12720;12863;5.58;0.34;308.52;12.93;1196;39;4405.00;143
11526;36;623717924;11526;455;12720;12863;5.60;0.34;308.57;12.93;1194;39;4406.00;143
11529;36;623717938;11529;461;12724;12869;5.66;0.34;308.54;12.93;1195;39;4407.00;145
11532;36;623717952;11532;467;12726;12869;5.66;0.34;308.59;12.94;1194;39;4408.00;143
11535;36;623717974;11535;469;12726;12869;5.66;0.34;308.62;12.94;1191;39;4409.00;143
11539;36;623717989;11539;475;12731;12875;5.67;0.34;308.66;12.95;1192;39;4410.00;144
11541;36;623718003;11541;477;12731;12875;5.69;0.35;308.72;12.95;1190;39;4411.00;144
11547;36;623718016;11547;480;12732;12875;5.67;0.34;308.72;12.95;1185;39;4412.00;143
11549;36;623718029;11549;483;12734;12876;5.63;0.34;308.75;12.96;1185;39;4413.00;142
11550;36;623718042;11550;484;12735;12877;5.64;0.34;308.80;12.96;1185;39;4414.00;142
11554;36;623718057;11554;486;12736;12877;5.58;0.34;308.79;12.96;1182;39;4415.00;141
11558;36;623718072;11558;485;12745;12890;5.53;0.34;308.82;12.96;1187;39;4416.00;145
11561;36;623718087;11561;483;12746;12890;5.50;0.34;308.88;12.95;1185;39;4417.00;144
11567;36;623718101;11567;483;12748;12890;5.40;0.33;308.94;12.96;1181;39;4418.00;142
11567;36;623718120;11567;486;12750;12891;5.37;0.33;308.94;12.98;1183;39;4419.00;141
11571;36;623718141;11571;480;12751;12891;5.32;0.32;308.94;12.99;1180;39;4420.00;140
11576;36;623718159;11576;464;12755;12895;5.32;0.33;309.00;12.99;1179;39;4421.00;140
11578;36;623718179;11578;466;12756;12895;5.25;0.32;309.05;12.99;1178;39;4422.00;139
11582;36;623718198;11582;467;12760;12899;5.27;0.32;309.07;12.99;1178;39;4423.00;139
11584;36;623718219;11584;458;12763;12899;5.29;0.32;309.11;13.00;1179;39;4424.00;136
11587;36;623718234;11587;462;12763;12899;5.34;0.33;309.12;13.00;1176;39;4425.00;136
11591;36;623718248;11591;461;12764;12899;5.35;0.33;309.21;13.01;1173;39;4426.00;135
11594;36;623718264;11594;453;12766;12899;5.37;0.33;309.25;13.02;1172;39;4427.00;133
11599;36;623718278;11599;443;12776;12911;5.42;0.33;309.29;13.02;1177;39;4428.00;135
11604;36;623718294;11604;445;12777;12911;5.44;0.33;309.28;13.02;1173;39;4429.00;134
11606;36;623718309;11606;433;12778;12911;5.44;0.33;309.32;13.02;1172;39;4430.00;133
11610;36;623718324;11610;435;12778;12911;5.47;0.33;309.44;13.02;1168;39;4431.00;133
11614;36;623718337;11614;430;12779;12911;5.49;0.33;309.49;13.02;1165;39;4432.00;132
11617;36;623718352;11617;429;12779;12911;5.54;0.34;309.46;13.02;1162;39;4433.00;132
11619;36;623718367;11619;432;12780;12912;5.54;0.34;309.49;13.02;1161;39;4434.00;132
11623;36;623718382;11623;431;12780;12912;5.55;0.34;309.46;13.02;1157;39;4435.00;132
11626;36;623718398;11626;432;12787;12918;5.58;0.34;309.44;13.02;1161;39;4436.00;131
11630;36;623718414;11630;437;12788;12919;5.56;0.34;309.43;13.01;1158;39;4437.00;131
11633;36;623718429;11633;439;12789;12919;5.57;0.34;309.48;13.01;1156;39;4438.00;130
11634;36;623718443;11634;443;12789;12919;5.58;0.34;309.47;13.01;1155;39;4439.00;130
11639;36;623718459;11639;441;12794;12924;5.54;0.34;309.51;13.01;1155;39;4440.00;130
11642;36;623718474;11642;445;12794;12924;5.50;0.34;309.53;13.01;1152;39;4441.00;130
11648;36;623718489;11648;441;12794;12924;5.44;0.33;309.57;13.01;1146;39;4442.00;130
11651;36;623718503;11651;442;12795;12925;5.38;0.33;309.55;13.01;1144;39;4443.00;130
11655;36;623718517;11655;443;12798;12929;5.33;0.33;309.59;13.01;1143;39;4444.00;131
11655;36;623718531;11655;443;12798;12929;5.30;0.32;309.59;13.01;1143;39;4445.00;131
11662;36;623718546;11662;443;12800;12932;5.19;0.32;309.57;13.00;1138;39;4446.00;132
11665;36;623718559;11665;446;12800;12932;5.16;0.32;309.54;13.00;1135;39;4447.00;132
11669;36;623718572;11669;449;12801;12932;5.11;0.31;309.58;13.00;1132;39;4448.00;131
11672;36;623718586;11672;445;12801;12932;5.08;0.31;309.55;13.00;1129;39;4449.00;131
11680;36;623718599;11680;449;12805;12936;5.06;0.31;309.55;13.00;1125;39;4450.00;131
11681;36;623718612;11681;454;12805;12936;5.02;0.31;309.56;13.00;1124;39;4451.00;131
11684;36;623718625;11684;453;12805;12936;4.98;0.31;309.54;13.00;1121;39;4452.00;131
11686;36;623718638;11686;459;12805;12936;4.92;0.30;309.52;13.00;1119;39;4453.00;131
11689;36;623718651;11689;475;12805;12937;4.87;0.30;309.51;13.00;1116;39;4454.00;132
11696;36;623718664;11696;478;12807;12939;4.85;0.30;309.53;13.00;1111;39;4455.00;132
11700;36;623718677;11700;471;12807;12939;4.76;0.29;309.65;13.00;1107;39;4456.00;132
11705;36;623718691;11705;474;12808;12940;4.71;0.29;309.61;13.00;1103;39;4457.00;132
11708;36;623718705;11708;479;12808;12940;4.67;0.29;309.57;13.00;1100;39;4458.00;132
11710;36;623718718;11710;480;12808;12940;4.60;0.28;309.57;13.00;1098;39;4459.00;132
11717;36;623718732;11717;475;12808;12940;4.50;0.28;309.49;13.00;1091;39;4460.00;132
11721;36;623718745;11721;479;12808;12940;4.40;0.27;309.52;13.00;1087;39;4461.00;132
11723;36;623718758;11723;483;12808;12940;4.39;0.27;309.50;13.00;1085;39;4462.00;132
11725;36;623718770;11725;483;12808;12940;4.35;0.27;309.49;13.00;1083;39;4463.00;132
11729;36;623718783;11729;493;12875;13067;4.73;0.30;309.50;12.93;1146;39;4464.00;192
11733;36;623718808;11733;493;12878;13068;4.67;0.29;309.48;12.93;1145;39;4465.00;190
11736;36;623718822;11736;499;12887;13068;4.69;0.29;309.43;12.92;1151;39;4466.00;181
11738;36;623718835;11738;487;12888;13068;4.68;0.29;309.44;12.92;1150;39;4467.00;180
11742;36;623718849;11742;487;12893;13068;4.67;0.29;309.40;12.91;1151;39;4468.00;175
11748;36;623718863;11748;485;12895;13068;4.62;0.29;309.39;12.91;1147;39;4469.00;173
11748;36;623718879;11748;480;12899;13068;4.66;0.29;309.39;13.03;1151;39;4470.00;169
11751;36;623718893;11751;482;12901;13068;4.61;0.28;309.37;13.03;1150;39;4471.00;167
11752;36;623718907;11752;483;12904;13069;4.55;0.28;309.37;13.03;1152;39;4472.00;165
11752;36;623718921;11752;487;12907;13070;4.50;0.28;309.37;13.03;1155;39;4473.00;163
11753;36;623718944;11753;491;12911;13070;4.49;0.28;309.38;13.03;1158;39;4474.00;159
11753;36;623718957;11753;483;12914;13071;4.49;0.28;309.38;13.03;1161;39;4475.00;157
11754;36;623718978;11754;477;12916;13071;4.53;0.28;309.38;13.03;1162;39;4476.00;155
11756;36;623718992;11756;455;12921;13071;4.63;0.29;309.40;13.03;1165;39;4477.00;150
11758;36;623719005;11758;451;12922;13071;4.74;0.29;309.42;13.03;1164;39;4478.00;149
11759;36;623719020;11759;442;12926;13075;4.87;0.30;309.41;13.03;1167;39;4479.00;149
11760;36;623719035;11760;432;12928;13075;5.00;0.31;309.40;13.03;1168;39;4480.00;147
11761;36;623719057;11761;428;12928;13075;5.12;0.31;309.42;13.03;1167;39;4481.00;147
11761;36;623719085;11761;417;12931;13078;5.26;0.32;309.42;13.03;1170;39;4482.00;147
11763;36;623719101;11763;409;12931;13078;5.38;0.33;309.42;13.03;1168;39;4483.00;147
11763;36;623719118;11763;401;12931;13078;5.51;0.34;309.42;13.03;1168;39;4484.00;147
11763;36;623719140;11763;401;12936;13082;5.61;0.34;309.42;13.02;1173;39;4485.00;146
11767;36;623719155;11767;397;12938;13083;5.69;0.35;309.38;13.02;1171;39;4486.00;145
11768;36;623719170;11768;397;12938;13083;5.81;0.35;309.36;13.02;1170;39;4487.00;145
11771;36;623719184;11771;392;12942;13087;5.88;0.36;309.38;13.02;1171;39;4488.00;145
11771;36;623719198;11771;380;12942;13087;5.98;0.36;309.38;13.02;1171;39;4489.00;145
11772;36;623719213;11772;377;12943;13087;6.05;0.37;309.40;13.02;1171;39;4490.00;144
11773;36;623719229;11773;370;12944;13088;6.11;0.37;309.43;13.02;1171;39;4491.00;144
11774;36;623719243;11774;366;12944;13088;6.17;0.38;309.43;13.02;1170;39;4492.00;144
11774;36;623719257;11774;361;12949;13094;6.26;0.38;309.43;13.01;1175;39;4493.00;145
11776;36;623719272;11776;349;12949;13094;6.32;0.38;309.43;13.01;1173;39;4494.00;145
11778;36;623719286;11778;350;12949;13095;6.32;0.38;309.39;13.01;1171;39;4495.00;146
11781;36;623719300;11781;348;12949;13095;6.36;0.38;309.46;13.01;1168;39;4496.00;146
11785;36;623719314;11785;338;12949;13095;6.35;0.38;309.41;13.01;1164;39;4497.00;146
11786;36;623719328;11786;329;12949;13095;6.45;0.39;309.42;13.01;1163;39;4498.00;146
11787;36;623719342;11787;332;12949;13095;6.50;0.39;309.43;13.01;1162;39;4499.00;146
11790;36;623719359;11790;324;12974;13145;6.57;0.40;309.48;12.99;1184;39;4500.00;171
11794;36;623719384;11794;321;12974;13147;6.63;0.40;309.52;12.99;1180;39;4501.00;173
11795;36;623719401;11795;328;12979;13147;6.75;0.41;309.57;12.98;1184;39;4502.00;168
11799;36;623719415;11799;320;12979;13147;6.83;0.42;309.54;12.98;1180;39;4503.00;168
11803;36;623719429;11803;318;12981;13147;6.91;0.42;309.63;12.98;1178;39;4504.00;166
11807;37;623719444;11807;320;12981;13147;6.98;0.42;309.69;12.98;1174;40;4505.00;166
11808;37;623719472;11808;317;12986;13151;6.99;0.42;309.69;12.98;1178;40;4506.00;165
11810;37;623719487;11810;314;12986;13151;7.09;0.43;309.66;12.98;1176;40;4507.00;165
11812;37;623719501;11812;309;12990;13155;7.11;0.43;309.70;12.98;1178;40;4508.00;165
11816;37;623719515;11816;305;12991;13156;7.13;0.43;309.77;12.97;1175;40;4509.00;165
11819;37;623719536;11819;304;12991;13156;7.17;0.43;309.83;12.97;1172;40;4510.00;165
11820;37;623719551;11820;300;12991;13156;7.16;0.43;309.83;12.97;1171;40;4511.00;165
11823;37;623719567;11823;301;13002;13169;7.16;0.43;309.86;12.96;1179;40;4512.00;167
11825;37;623719584;11825;301;13002;13169;7.20;0.44;309.90;12.96;1177;40;4513.00;167
11829;37;623719604;11829;293;13003;13169;7.20;0.44;309.93;12.96;1174;40;4514.00;166
11831;37;623719621;11831;299;13004;13170;7.20;0.44;309.96;12.96;1173;40;4515.00;166
11835;37;623719637;11835;299;13004;13171;7.21;0.44;310.00;12.96;1169;40;4516.00;167
11836;37;623719652;11836;297;13004;13171;7.22;0.44;309.99;12.96;1168;40;4517.00;167
11837;37;623719666;11837;302;13007;13174;7.22;0.44;310.00;12.96;1170;40;4518.00;167
11841;37;623719681;11841;301;13008;13174;7.16;0.43;310.14;12.96;1167;40;4519.00;166
11843;37;623719696;11843;296;13009;13174;7.14;0.43;310.25;12.96;1166;40;4520.00;165
11844;37;623719710;11844;295;13009;13174;7.15;0.43;310.28;12.96;1165;40;4521.00;165
11849;37;623719724;11849;290;13013;13180;7.12;0.43;310.42;12.96;1164;40;4522.00;167
11852;37;623719739;11852;292;13013;13180;7.18;0.44;310.57;12.96;1161;40;4523.00;167
11854;37;623719753;11854;286;13015;13180;7.21;0.44;310.56;12.97;1161;40;4524.00;165
11858;37;623719769;11858;286;13016;13180;7.25;0.44;310.56;12.97;1158;40;4525.00;164
11861;37;623719783;11861;279;13020;13184;7.29;0.44;310.57;12.99;1159;40;4526.00;164
11863;37;623719797;11863;277;13021;13185;7.40;0.45;310.56;12.98;1158;40;4527.00;164
11871;37;623719812;11871;275;13021;13185;7.40;0.45;310.54;12.98;1150;40;4528.00;164
11874;37;623719827;11874;275;13022;13186;7.43;0.45;310.51;12.98;1148;40;4529.00;164
11874;37;623719843;11874;283;13024;13186;7.49;0.46;310.51;12.99;1150;40;4530.00;162
11880;37;623719856;11880;284;13024;13186;7.46;0.45;310.56;12.99;1144;40;4531.00;162
11883;37;623719870;11883;283;13024;13186;7.46;0.45;310.53;12.99;1141;40;4532.00;162
11885;37;623719884;11885;288;13024;13186;7.45;0.45;310.55;12.99;1139;40;4533.00;162
11888;37;623719898;11888;293;13024;13186;7.46;0.45;310.51;12.99;1136;40;4534.00;162
11891;37;623719912;11891;302;13024;13186;7.44;0.45;310.62;12.99;1133;40;4535.00;162
11893;37;623719925;11893;310;13061;13256;7.41;0.45;310.68;12.95;1168;40;4536.00;195
11897;37;623719945;11897;310;13062;13257;7.39;0.45;310.74;12.95;1165;40;4537.00;195
11899;37;623719959;11899;312;13069;13257;7.40;0.45;310.78;12.95;1170;40;4538.00;188
11905;37;623719974;11905;307;13072;13257;7.39;0.45;310.90;12.95;1167;40;4539.00;185
11907;37;623719988;11907;307;13076;13257;7.41;0.45;310.88;12.95;1169;40;4540.00;181
11911;37;623720002;11911;308;13081;13257;7.43;0.45;310.91;12.94;1170;40;4541.00;176
11914;37;623720017;11914;307;13088;13257;7.45;0.45;310.93;12.94;1174;40;4542.00;169
11916;37;623720031;11916;306;13089;13257;7.46;0.45;310.94;12.94;1173;40;4543.00;168
11918;37;623720045;11918;313;13092;13258;7.50;0.46;310.89;12.94;1174;40;4544.00;166
11919;37;623720059;11919;316;13096;13260;7.48;0.46;310.89;12.94;1177;40;4545.00;164
11924;37;623720074;11924;317;13099;13260;7.43;0.45;310.91;12.95;1175;40;4546.00;161
11931;37;623720088;11931;319;13103;13264;7.30;0.44;310.97;12.94;1172;40;4547.00;161
11931;37;623720104;11931;324;13103;13264;7.19;0.44;310.97;12.94;1172;40;4548.00;161
11937;37;623720125;11937;326;13104;13264;7.04;0.43;311.08;12.95;1167;40;4549.00;160
11938;37;623720146;11938;336;13105;13264;6.88;0.42;311.07;12.96;1167;40;4550.00;159
11941;37;623720166;11941;341;13110;13270;6.77;0.41;311.13;12.96;1169;40;4551.00;160
11941;37;623720189;11941;348;13111;13270;6.71;0.41;311.13;12.97;1170;40;4552.00;159
11943;37;623720211;11943;355;13112;13270;6.67;0.41;311.17;12.98;1169;40;4553.00;158
11946;37;623720227;11946;357;13114;13273;6.66;0.40;311.18;12.98;1168;40;4554.00;159
11947;37;623720243;11947;367;13116;13273;6.70;0.41;311.15;13.00;1169;40;4555.00;157
11950;37;623720259;11950;372;13117;13273;6.69;0.41;311.17;13.00;1167;40;4556.00;156
11952;37;623720275;11952;378;13118;13274;6.64;0.40;311.20;13.01;1166;40;4557.00;156
11954;37;623720291;11954;383;13121;13275;6.61;0.40;311.23;13.03;1167;40;4558.00;154
11956;37;623720305;11956;380;13121;13275;6.56;0.40;311.26;13.03;1165;40;4559.00;154
11959;37;623720322;11959;391;13141;13301;6.54;0.40;311.23;13.03;1182;40;4560.00;160
11960;37;623720339;11960;389;13141;13301;6.50;0.39;311.22;13.03;1181;40;4561.00;160
11961;37;623720354;11961;394;13145;13301;6.47;0.39;311.24;13.04;1184;40;4562.00;156
11961;37;623720369;11961;398;13148;13302;6.42;0.39;311.24;13.05;1187;40;4563.00;154
11962;37;623720386;11962;398;13148;13302;6.39;0.39;311.22;13.05;1186;40;4564.00;154
11964;37;623720402;11964;410;13154;13306;6.31;0.38;311.22;13.06;1190;40;4565.00;152
11967;37;623720417;11967;412;13154;13306;6.19;0.38;311.24;13.06;1187;40;4566.00;152
11969;37;623720431;11969;419;13159;13310;6.10;0.37;311.23;13.08;1190;40;4567.00;151
11972;37;623720445;11972;423;13160;13310;5.97;0.36;311.31;13.09;1188;40;4568.00;150
11976;37;623720459;11976;425;13160;13310;5.90;0.36;311.34;13.09;1184;40;4569.00;150
11977;37;623720474;11977;421;13161;13310;5.82;0.35;311.39;13.09;1184;40;4570.00;149
11981;37;623720488;11981;419;13162;13310;5.76;0.35;311.39;13.10;1181;40;4571.00;148
11982;37;623720502;11982;424;13172;13322;5.79;0.35;311.38;13.09;1190;40;4572.00;150
11983;37;623720516;11983;427;13173;13322;5.74;0.35;311.43;13.10;1190;40;4573.00;149
11985;37;623720529;11985;424;13174;13322;5.69;0.35;311.50;13.10;1189;40;4574.00;148
11987;37;623720543;11987;428;13175;13322;5.66;0.35;311.49;13.10;1188;40;4575.00;147
11991;37;623720557;11991;440;13176;13322;5.60;0.34;311.64;13.11;1185;40;4576.00;146
11992;37;623720570;11992;452;13176;13322;5.61;0.34;311.69;13.11;1184;40;4577.00;146
11995;37;623720583;11995;455;13180;13323;5.58;0.34;311.79;13.16;1185;40;4578.00;143
11997;38;623720599;11997;451;13180;13323;5.54;0.34;311.81;13.16;1183;41;4579.00;143
11999;38;623720620;11999;455;13187;13329;5.57;0.34;311.86;13.16;1188;41;4580.00;142
12000;38;623720635;12000;458;13188;13330;5.56;0.34;311.91;13.16;1188;41;4581.00;142
12004;38;623720649;12004;464;13188;13330;5.48;0.33;311.96;13.16;1184;41;4582.00;142
12008;38;623720669;12008;464;13189;13330;5.34;0.33;311.92;13.17;1181;41;4583.00;141
12012;38;623720682;12012;466;13194;13334;5.31;0.32;311.95;13.19;1182;41;4584.00;140
12017;38;623720696;12017;472;13195;13334;5.23;0.32;311.96;13.20;1178;41;4585.00;139
12019;38;623720708;12019;471;13195;13334;5.10;0.31;312.03;13.20;1176;41;4586.00;139
12021;38;623720720;12021;474;13197;13335;5.01;0.31;312.03;13.20;1176;41;4587.00;138
12024;38;623720732;12024;480;13202;13339;4.85;0.30;312.06;13.22;1178;41;4588.00;137
12028;38;623720745;12028;488;13203;13339;4.67;0.28;312.13;13.23;1175;41;4589.00;136
12032;38;623720759;12032;486;13207;13345;4.59;0.28;312.10;13.22;1175;41;4590.00;138
12034;38;623720772;12034;487;13208;13345;4.48;0.27;312.12;13.23;1174;41;4591.00;137
12038;38;623720785;12038;485;13211;13345;4.41;0.27;312.21;13.24;1173;41;4592.00;134
12041;38;623720797;12041;489;13211;13345;4.36;0.27;312.21;13.24;1170;41;4593.00;134
12042;38;623720809;12042;483;13216;13349;4.46;0.27;312.22;13.24;1174;41;4594.00;133
12048;38;623720822;12048;481;13216;13349;4.44;0.27;312.26;13.24;1168;41;4595.00;133
12050;38;623720833;12050;486;13216;13349;4.46;0.27;312.28;13.24;1166;41;4596.00;133
12053;38;623720846;12053;479;13216;13349;4.45;0.27;312.27;13.24;1163;41;4597.00;133
12057;38;623720857;12057;475;13216;13350;4.40;0.27;312.30;13.24;1159;41;4598.00;134
12061;38;623720869;12061;474;13217;13351;4.38;0.27;312.35;13.24;1156;41;4599.00;134
12064;38;623720884;12064;475;13217;13351;4.39;0.27;312.42;13.24;1153;41;4600.00;134
12068;38;623720900;12068;472;13218;13352;4.38;0.27;312.43;13.24;1150;41;4601.00;134
12071;38;623720913;12071;468;13218;13352;4.38;0.27;312.48;13.24;1147;41;4602.00;134
12075;38;623720931;12075;467;13218;13352;4.38;0.27;312.54;13.24;1143;41;4603.00;134
12080;38;623720944;12080;475;13218;13352;4.36;0.27;312.55;13.24;1138;41;4604.00;134
12086;38;623720957;12086;478;13218;13352;4.39;0.27;312.54;13.24;1132;41;4605.00;134
12092;38;623720970;12092;476;13218;13352;4.43;0.27;312.55;13.24;1126;41;4606.00;134
12097;38;623720984;12097;476;13218;13352;4.45;0.27;312.52;13.24;1121;41;4607.00;134
12101;38;623720996;12101;478;13280;13479;5.01;0.31;312.51;13.18;1179;41;4608.00;199
12104;38;623721020;12104;475;13285;13480;5.06;0.32;312.57;13.17;1181;41;4609.00;195
12107;38;623721034;12107;472;13296;13480;5.14;0.32;312.57;13.16;1189;41;4610.00;184
12114;38;623721048;12114;475;13298;13480;5.08;0.32;312.50;13.16;1184;41;4611.00;182
12117;38;623721062;12117;474;13303;13480;5.05;0.31;312.46;13.16;1186;41;4612.00;177
12120;38;623721075;12120;482;13304;13480;4.97;0.31;312.43;13.16;1184;41;4613.00;176
12123;38;623721089;12123;490;13307;13480;4.91;0.31;312.43;13.16;1184;41;4614.00;173
12126;38;623721103;12126;495;13309;13480;4.83;0.30;312.47;13.15;1183;41;4615.00;171
12130;38;623721124;12130;499;13310;13481;4.73;0.29;312.50;13.15;1180;41;4616.00;171
12133;38;623721137;12133;503;13315;13482;4.72;0.29;312.50;13.15;1182;41;4617.00;167
12136;38;623721150;12136;511;13316;13482;4.63;0.29;312.48;13.15;1180;41;4618.00;166
12140;38;623721162;12140;518;13319;13483;4.55;0.28;312.48;13.15;1179;41;4619.00;164
12143;38;623721176;12143;517;13323;13483;4.53;0.28;312.48;13.15;1180;41;4620.00;160
12147;38;623721188;12147;525;13325;13483;4.52;0.28;312.43;13.15;1178;41;4621.00;158
12151;38;623721201;12151;527;13328;13483;4.48;0.28;312.40;13.28;1177;41;4622.00;155
12153;38;623721214;12153;529;13335;13487;4.48;0.28;312.39;13.28;1182;41;4623.00;152
12156;38;623721227;12156;541;13338;13487;4.46;0.28;312.37;13.28;1182;41;4624.00;149
12158;38;623721239;12158;530;13339;13487;4.41;0.27;312.36;13.28;1181;41;4625.00;148
12161;38;623721252;12161;532;13341;13490;4.40;0.27;312.32;13.28;1180;41;4626.00;149
12165;38;623721264;12165;531;13342;13490;4.38;0.27;312.32;13.28;1177;41;4627.00;148
12166;38;623721276;12166;520;13343;13490;4.40;0.27;312.32;13.28;1177;41;4628.00;147
12168;38;623721294;12168;516;13347;13494;4.44;0.28;312.32;13.28;1179;41;4629.00;147
12172;38;623721313;12172;515;13349;13495;4.43;0.27;312.31;13.27;1177;41;4630.00;146
12177;38;623721326;12177;511;13350;13495;4.43;0.27;312.31;13.27;1173;41;4631.00;145
12181;38;623721339;12181;514;13353;13499;4.41;0.27;312.26;13.27;1172;41;4632.00;146
12183;38;623721353;12183;510;13353;13499;4.43;0.27;312.26;13.27;1170;41;4633.00;146
12186;38;623721371;12186;501;13353;13499;4.44;0.27;312.32;13.27;1167;41;4634.00;146
12188;38;623721384;12188;503;13355;13501;4.51;0.28;312.32;13.27;1167;41;4635.00;146
12190;38;623721397;12190;495;13355;13501;4.54;0.28;312.37;13.27;1165;41;4636.00;146
12192;38;623721410;12192;476;13361;13507;4.61;0.28;312.32;13.39;1169;41;4637.00;146
12196;38;623721424;12196;465;13361;13507;4.61;0.28;312.33;13.39;1165;41;4638.00;146
12197;38;623721438;12197;458;13361;13508;4.62;0.28;312.34;13.39;1164;41;4639.00;147
12201;38;623721451;12201;447;13361;13508;4.62;0.28;312.30;13.39;1160;41;4640.00;147
12203;38;623721470;12203;448;13361;13508;4.67;0.28;312.27;13.39;1158;41;4641.00;147
12204;38;623721484;12204;454;13362;13508;4.72;0.29;312.27;13.53;1158;41;4642.00;146
12206;38;623721497;12206;453;13362;13508;4.75;0.29;312.28;13.53;1156;41;4643.00;146
12207;38;623721511;12207;459;13371;13520;4.88;0.30;312.29;13.52;1164;41;4644.00;149
12210;38;623721525;12210;463;13371;13520;4.97;0.30;312.34;13.52;1161;41;4645.00;149
12211;38;623721539;12211;452;13373;13520;5.12;0.31;312.34;13.51;1162;41;4646.00;147
12213;38;623721553;12213;440;13373;13520;5.26;0.32;312.35;13.51;1160;41;4647.00;147
12214;38;623721573;12214;425;13373;13520;5.42;0.33;312.36;13.51;1159;41;4648.00;147
12215;38;623721587;12215;410;13373;13520;5.60;0.34;312.42;13.51;1158;41;4649.00;147
12217;38;623721602;12217;402;13378;13526;5.75;0.35;312.47;13.51;1161;41;4650.00;148
12221;38;623721617;12221;392;13379;13526;5.88;0.36;312.52;13.64;1158;41;4651.00;147
12222;38;623721633;12222;384;13383;13530;6.05;0.37;312.51;13.64;1161;41;4652.00;147
12225;38;623721648;12225;373;13384;13531;6.14;0.37;312.59;13.64;1159;41;4653.00;147
12230;38;623721663;12230;362;13384;13531;6.19;0.37;312.62;13.64;1154;41;4654.00;147
12233;38;623721678;12233;355;13384;13531;6.22;0.38;312.63;13.64;1151;41;4655.00;147
12235;38;623721693;12235;351;13395;13544;6.31;0.38;312.70;13.63;1160;41;4656.00;149
12236;38;623721708;12236;346;13395;13544;6.39;0.39;312.68;13.63;1159;41;4657.00;149
12236;38;623721723;12236;337;13395;13544;6.45;0.39;312.68;13.63;1159;41;4658.00;149
12239;38;623721737;12239;335;13396;13545;6.50;0.39;312.71;13.62;1157;41;4659.00;149
12245;38;623721751;12245;331;13396;13546;6.52;0.39;312.85;13.62;1151;41;4660.00;150
12245;38;623721772;12245;334;13396;13546;6.59;0.40;312.85;13.62;1151;41;4661.00;150
12247;38;623721786;12247;330;13398;13549;6.69;0.40;312.88;13.62;1151;41;4662.00;151
12247;38;623721801;12247;332;13398;13549;6.72;0.41;312.88;13.62;1151;41;4663.00;151
12249;38;623721815;12249;340;13399;13549;6.75;0.41;312.86;13.62;1150;41;4664.00;150
12251;38;623721830;12251;334;13399;13549;6.79;0.41;312.90;13.62;1148;41;4665.00;150
12252;38;623721844;12252;334;13404;13555;6.83;0.41;312.96;13.62;1152;41;4666.00;151
12254;38;623721859;12254;336;13404;13555;6.83;0.41;312.93;13.62;1150;41;4667.00;151
12255;38;623721875;12255;341;13404;13555;6.82;0.41;312.97;13.62;1149;41;4668.00;151
12256;38;623721890;12256;340;13404;13555;6.82;0.41;313.01;13.62;1148;41;4669.00;151
12258;38;623721904;12258;343;13407;13559;6.81;0.41;313.01;13.61;1149;41;4670.00;152
12259;38;623721920;12259;346;13408;13560;6.87;0.42;313.06;13.61;1149;41;4671.00;152
12261;38;623721936;12261;346;13408;13560;6.93;0.42;313.03;13.61;1147;41;4672.00;152
12262;38;623721951;12262;347;13409;13561;6.99;0.42;313.08;13.61;1147;41;4673.00;152
12265;38;623721965;12265;342;13410;13561;7.03;0.43;313.12;13.74;1145;41;4674.00;151
12268;38;623721981;12268;337;13410;13561;7.06;0.43;313.17;13.74;1142;41;4675.00;151
12268;38;623721995;12268;334;13410;13561;7.07;0.43;313.17;13.74;1142;41;4676.00;151
12271;38;623722008;12271;332;13410;13561;7.06;0.43;313.21;13.74;1139;41;4677.00;151
12274;38;623722022;12274;328;13410;13561;7.08;0.43;313.30;13.74;1136;41;4678.00;151
12276;38;623722036;12276;328;13410;13561;7.06;0.43;313.34;13.74;1134;41;4679.00;151
12281;38;623722052;12281;353;13475;13686;7.01;0.43;313.35;13.68;1194;41;4680.00;211
12284;38;623722075;12284;340;13475;13687;7.04;0.43;313.48;13.68;1191;41;4681.00;212
12286;38;623722090;12286;328;13483;13687;7.12;0.44;313.49;13.67;1197;41;4682.00;204
12288;38;623722105;12288;329;13483;13687;7.14;0.44;313.54;13.67;1195;41;4683.00;204
12290;38;623722127;12290;332;13488;13687;7.19;0.44;313.60;13.67;1198;41;4684.00;199
12292;38;623722153;12292;331;13491;13687;7.18;0.44;313.70;13.67;1199;41;4685.00;196
12295;38;623722184;12295;334;13496;13687;7.16;0.44;313.67;13.66;1201;41;4686.00;191
12300;39;623722210;12300;340;13500;13687;7.13;0.44;313.69;13.66;1200;42;4687.00;187
12303;39;623722242;12303;348;13506;13688;7.07;0.43;313.68;13.66;1203;42;4688.00;182
12307;39;623722260;12307;353;13508;13689;7.00;0.43;313.76;13.66;1201;42;4689.00;181
12308;39;623722279;12308;351;13511;13689;6.94;0.42;313.77;13.66;1203;42;4690.00;178
12312;39;623722295;12312;350;13515;13693;6.91;0.42;313.80;13.65;1203;42;4691.00;178
12314;39;623722316;12314;354;13515;13693;6.89;0.42;313.83;13.65;1201;42;4692.00;178
12317;39;623722332;12317;352;13517;13693;6.86;0.42;313.87;13.65;1200;42;4693.00;176
12320;39;623722348;12320;360;13518;13693;6.81;0.42;313.92;13.67;1198;42;4694.00;175
12322;39;623722365;12322;349;13522;13699;6.82;0.42;313.96;13.66;1200;42;4695.00;177
12330;39;623722382;12330;355;13523;13699;6.75;0.41;313.96;13.68;1193;42;4696.00;176
12336;39;623722397;12336;362;13523;13699;6.75;0.41;313.98;13.68;1187;42;4697.00;176
12338;39;623722414;12338;361;13525;13702;6.80;0.41;314.01;13.68;1187;42;4698.00;177
12341;39;623722429;12341;359;13525;13702;6.76;0.41;313.98;13.68;1184;42;4699.00;177
12344;39;623722446;12344;364;13526;13702;6.79;0.41;314.00;13.67;1182;42;4700.00;176
12349;39;623722468;12349;356;13526;13703;6.80;0.41;314.08;13.67;1177;42;4701.00;177
12352;39;623722484;12352;358;13527;13704;6.83;0.42;314.10;13.67;1175;42;4702.00;177
12355;39;623722501;12355;358;13527;13704;6.81;0.42;314.11;13.67;1172;42;4703.00;177
12356;39;623722517;12356;353;13536;13717;6.78;0.41;314.08;13.66;1180;42;4704.00;181
12357;39;623722534;12357;346;13536;13717;6.75;0.41;314.12;13.66;1179;42;4705.00;181
12359;39;623722548;12359;354;13536;13717;6.71;0.41;314.18;13.66;1177;42;4706.00;181
12363;39;623722566;12363;352;13540;13718;6.65;0.41;314.21;13.68;1177;42;4707.00;178
12368;39;623722586;12368;349;13540;13718;6.58;0.40;314.23;13.68;1172;42;4708.00;178
12371;39;623722603;12371;349;13542;13722;6.55;0.40;314.29;13.67;1171;42;4709.00;180
12374;39;623722620;12374;358;13542;13722;6.46;0.39;314.27;13.67;1168;42;4710.00;180
12378;39;623722635;12378;353;13546;13726;6.40;0.39;314.25;13.67;1168;42;4711.00;180
12381;39;623722652;12381;350;13548;13726;6.41;0.39;314.27;13.67;1167;42;4712.00;178
12383;39;623722668;12383;347;13548;13726;6.40;0.39;314.34;13.67;1165;42;4713.00;178
12383;39;623722683;12383;344;13550;13726;6.39;0.39;314.34;13.68;1167;42;4714.00;176
12386;39;623722697;12386;349;13550;13726;6.32;0.39;314.37;13.68;1164;42;4715.00;176
12389;39;623722712;12389;352;13561;13738;6.35;0.39;314.43;13.67;1172;42;4716.00;177
12390;39;623722729;12390;354;13562;13738;6.29;0.38;314.42;13.67;1172;42;4717.00;176
12394;39;623722743;12394;357;13563;13738;6.26;0.38;314.53;13.67;1169;42;4718.00;175
12395;39;623722757;12395;367;13563;13738;6.22;0.38;314.58;13.67;1168;42;4719.00;175
12399;39;623722772;12399;375;13564;13738;6.19;0.38;314.57;13.68;1165;42;4720.00;174
12399;39;623722786;12399;382;13565;13738;6.16;0.38;314.57;13.69;1166;42;4721.00;173
12403;39;623722802;12403;388;13566;13739;6.13;0.37;314.63;13.70;1163;42;4722.00;173
12405;39;623722816;12405;397;13567;13739;6.09;0.37;314.64;13.71;1162;42;4723.00;172
12408;39;623722830;12408;397;13572;13745;6.11;0.37;314.75;13.71;1164;42;4724.00;173
12410;39;623722846;12410;405;13575;13747;6.03;0.37;314.85;13.71;1165;42;4725.00;172
12413;39;623722861;12413;412;13576;13747;5.98;0.36;314.90;13.72;1163;42;4726.00;171
12415;39;623722875;12415;419;13576;13747;5.97;0.36;314.92;13.72;1161;42;4727.00;171
12417;39;623722888;12417;420;13581;13751;5.96;0.36;314.97;13.74;1164;42;4728.00;170
12419;39;623722902;12419;425;13581;13751;5.96;0.36;314.99;13.74;1162;42;4729.00;170
12421;39;623722915;12421;426;13582;13751;5.90;0.36;314.98;13.75;1161;42;4730.00;169
12424;39;623722928;12424;433;13585;13752;5.90;0.36;314.98;13.77;1161;42;4731.00;167
12426;39;623722942;12426;437;13588;13756;5.90;0.36;315.00;13.76;1162;42;4732.00;168
12428;39;623722956;12428;442;13589;13756;5.90;0.36;315.02;13.78;1161;42;4733.00;167
12431;39;623722970;12431;445;13592;13759;5.87;0.36;315.11;13.78;1161;42;4734.00;167
12435;39;623722984;12435;447;13593;13759;5.82;0.36;315.19;13.79;1158;42;4735.00;166
12435;39;623722999;12435;449;13595;13759;5.80;0.35;315.19;13.80;1160;42;4736.00;164
12441;39;623723011;12441;454;13596;13759;5.72;0.35;315.31;13.80;1155;42;4737.00;163
12444;39;623723025;12444;452;13601;13763;5.71;0.35;315.34;13.81;1157;42;4738.00;162
12449;39;623723038;12449;456;13602;13763;5.63;0.34;315.35;13.81;1153;42;4739.00;161
12451;39;623723053;12451;455;13603;13763;5.58;0.34;315.39;13.82;1152;42;4740.00;160
12454;39;623723066;12454;456;13603;13763;5.55;0.34;315.40;13.82;1149;42;4741.00;160
12459;39;623723078;12459;465;13604;13764;5.48;0.34;315.47;13.82;1145;42;4742.00;160
12462;39;623723091;12462;461;13606;13765;5.39;0.33;315.43;13.83;1144;42;4743.00;159
12464;39;623723104;12464;455;13606;13765;5.32;0.33;315.44;13.83;1142;42;4744.00;159
12466;39;623723119;12466;457;13608;13766;5.31;0.33;315.45;13.85;1142;42;4745.00;158
12469;39;623723134;12469;458;13608;13766;5.26;0.32;315.46;13.85;1139;42;4746.00;158
12472;39;623723148;12472;452;13611;13766;5.27;0.32;315.48;13.88;1139;42;4747.00;155
12474;39;623723161;12474;457;13611;13766;5.23;0.32;315.47;13.88;1137;42;4748.00;155
12477;39;623723174;12477;451;13611;13766;5.18;0.32;315.43;13.88;1134;42;4749.00;155
12478;39;623723186;12478;456;13612;13766;5.12;0.31;315.41;13.89;1134;42;4750.00;154
12481;39;623723198;12481;454;13612;13766;5.04;0.31;315.37;13.89;1131;42;4751.00;154
12485;39;623723211;12485;472;13680;13893;5.30;0.33;315.35;13.82;1195;42;4752.00;213
12487;39;623723236;12487;467;13685;13894;5.23;0.33;315.36;13.83;1198;42;4753.00;209
12491;39;623723249;12491;464;13695;13894;5.20;0.32;315.34;13.82;1204;42;4754.00;199
12495;39;623723262;12495;469;13696;13894;5.08;0.32;315.28;13.82;1201;42;4755.00;198
12496;39;623723275;12496;463;13702;13894;4.97;0.31;315.28;13.83;1206;42;4756.00;192
12499;39;623723289;12499;465;13704;13894;4.87;0.30;315.34;13.83;1205;42;4757.00;190
12502;39;623723304;12502;473;13711;13894;4.78;0.30;315.37;13.86;1209;42;4758.00;183
12504;39;623723320;12504;481;13713;13894;4.73;0.29;315.40;13.85;1209;42;4759.00;181
12510;39;623723333;12510;468;13717;13895;4.66;0.29;315.45;13.85;1207;42;4760.00;178
12513;39;623723346;12513;466;13719;13896;4.66;0.29;315.51;13.86;1206;42;4761.00;177
12518;39;623723359;12518;467;13722;13896;4.64;0.29;315.45;13.86;1204;42;4762.00;174
12520;39;623723376;12520;467;13726;13897;4.62;0.29;315.51;13.89;1206;42;4763.00;171
12524;39;623723388;12524;469;13727;13897;4.61;0.29;315.45;13.89;1203;42;4764.00;170
12529;39;623723401;12529;469;13730;13897;4.57;0.28;315.41;13.90;1201;42;4765.00;167
12531;39;623723413;12531;472;13732;13897;4.54;0.28;315.37;13.90;1201;42;4766.00;165
12535;39;623723425;12535;475;13737;13901;4.51;0.28;315.38;13.92;1202;42;4767.00;164
12536;39;623723437;12536;475;13740;13901;4.54;0.28;315.39;13.91;1204;42;4768.00;161
12538;39;623723449;12538;469;13742;13901;4.55;0.28;315.37;13.92;1204;42;4769.00;159
12540;39;623723463;12540;468;13746;13907;4.59;0.28;315.38;13.93;1206;42;4770.00;161
12542;39;623723476;12542;468;13748;13907;4.61;0.28;315.40;13.93;1206;42;4771.00;159
12543;39;623723488;12543;457;13751;13907;4.62;0.28;315.40;13.93;1208;42;4772.00;156
12546;39;623723500;12546;462;13755;13911;4.59;0.28;315.46;13.92;1209;42;4773.00;156
12550;39;623723513;12550;464;13757;13912;4.56;0.28;315.43;13.92;1207;42;4774.00;155
12551;39;623723526;12551;458;13757;13912;4.60;0.28;315.43;13.92;1206;42;4775.00;155
12553;39;623723538;12553;469;13761;13916;4.64;0.28;315.45;13.92;1208;42;4776.00;155
12557;39;623723551;12557;481;13762;13916;4.65;0.29;315.48;13.92;1205;42;4777.00;154
12561;39;623723563;12561;483;13763;13916;4.67;0.29;315.44;13.92;1202;42;4778.00;153
12563;39;623723575;12563;468;13764;13917;4.73;0.29;315.44;13.92;1201;42;4779.00;153
12564;39;623723588;12564;456;13764;13917;4.78;0.29;315.45;13.92;1200;42;4780.00;153
12568;39;623723600;12568;456;13770;13923;4.83;0.29;315.42;13.92;1202;42;4781.00;153
12573;39;623723614;12573;452;13770;13923;4.82;0.29;315.37;13.92;1197;42;4782.00;153
12576;40;623723633;12576;451;13771;13924;4.80;0.29;315.35;13.92;1195;43;4783.00;153
12580;40;623723653;12580;450;13771;13924;4.81;0.29;315.29;13.92;1191;43;4784.00;153
12583;40;623723670;12583;452;13771;13924;4.83;0.29;315.27;13.92;1188;43;4785.00;153
12586;40;623723699;12586;447;13771;13924;4.87;0.30;315.23;13.92;1185;43;4786.00;153
12589;40;623723712;12589;447;13771;13924;4.87;0.30;315.28;13.92;1182;43;4787.00;153
12593;40;623723727;12593;445;13782;13936;4.92;0.30;315.26;14.04;1189;43;4788.00;154
12593;40;623723747;12593;442;13783;13936;4.99;0.30;315.26;14.04;1190;43;4789.00;153
12597;40;623723763;12597;450;13783;13936;4.99;0.30;315.24;14.04;1186;43;4790.00;153
12599;40;623723778;12599;449;13783;13936;5.00;0.30;315.22;14.04;1184;43;4791.00;153
12601;40;623723791;12601;443;13783;13936;5.03;0.31;315.22;14.04;1182;43;4792.00;153
12603;40;623723805;12603;440;13783;13936;5.08;0.31;315.24;14.04;1180;43;4793.00;153
12606;40;623723819;12606;447;13786;13940;5.15;0.31;315.25;14.04;1180;43;4794.00;154
12607;40;623723834;12607;442;13786;13940;5.18;0.32;315.23;14.04;1179;43;4795.00;154
12610;40;623723857;12610;439;13790;13944;5.22;0.32;315.22;14.03;1180;43;4796.00;154
12612;40;623723870;12612;437;13791;13945;5.23;0.32;315.23;14.03;1179;43;4797.00;154
12614;40;623723883;12614;436;13791;13945;5.17;0.31;315.21;14.03;1177;43;4798.00;154
12618;40;623723896;12618;442;13791;13945;5.14;0.31;315.18;14.03;1173;43;4799.00;154
12618;40;623723912;12618;436;13815;13986;5.26;0.32;315.18;14.01;1197;43;4800.00;171
12626;40;623723931;12626;437;13816;13986;5.23;0.32;315.18;14.01;1190;43;4801.00;170
12626;40;623723945;12626;431;13817;13986;5.27;0.32;315.18;14.00;1191;43;4802.00;169
12630;40;623723958;12630;433;13818;13987;5.29;0.32;315.25;14.00;1188;43;4803.00;169
12633;40;623723971;12633;431;13819;13988;5.26;0.32;315.24;14.00;1186;43;4804.00;169
12637;40;623723984;12637;430;13820;13988;5.24;0.32;315.22;14.13;1183;43;4805.00;168
12638;40;623723997;12638;437;13825;13991;5.30;0.32;315.22;14.13;1187;43;4806.00;166
12640;40;623724010;12640;428;13825;13991;5.32;0.32;315.27;14.13;1185;43;4807.00;166
12643;40;623724024;12643;422;13826;13991;5.32;0.32;315.28;14.13;1183;43;4808.00;165
12646;40;623724037;12646;411;13826;13991;5.38;0.33;315.37;14.13;1180;43;4809.00;165
12648;40;623724051;12648;409;13832;13997;5.45;0.33;315.42;14.12;1184;43;4810.00;165
12650;40;623724065;12650;405;13832;13997;5.51;0.34;315.46;14.12;1182;43;4811.00;165
12653;40;623724079;12653;409;13833;13997;5.59;0.34;315.46;14.12;1180;43;4812.00;164
12657;40;623724093;12657;410;13833;13997;5.59;0.34;315.55;14.12;1176;43;4813.00;164
12661;40;623724118;12661;407;13836;14001;5.57;0.34;315.55;14.12;1175;43;4814.00;165
12662;40;623724144;12662;410;13838;14003;5.61;0.34;315.57;14.12;1176;43;4815.00;165
12664;40;623724169;12664;394;13839;14003;5.66;0.35;315.59;14.12;1175;43;4816.00;164
12667;40;623724189;12667;380;13840;14004;5.70;0.35;315.63;14.12;1173;43;4817.00;164
12668;40;623724210;12668;364;13840;14004;5.75;0.35;315.68;14.12;1172;43;4818.00;164
12671;40;623724230;12671;352;13840;14004;5.78;0.35;315.73;14.12;1169;43;4819.00;164
12673;40;623724257;12673;345;13840;14004;5.81;0.35;315.79;14.12;1167;43;4820.00;164
12674;40;623724275;12674;338;13841;14004;5.85;0.36;315.76;14.12;1167;43;4821.00;163
12677;40;623724292;12677;332;13841;14004;5.92;0.36;315.82;14.12;1164;43;4822.00;163
12679;40;623724311;12679;329;13841;14004;5.98;0.36;315.80;14.12;1162;43;4823.00;163
12680;40;623724326;12680;337;13883;14074;6.09;0.37;315.85;14.07;1203;43;4824.00;191
12681;40;623724347;12681;330;13884;14075;6.16;0.38;315.90;14.07;1203;43;4825.00;191
12682;40;623724363;12682;324;13889;14075;6.22;0.38;315.88;14.07;1207;43;4826.00;186
12683;40;623724379;12683;318;13892;14075;6.33;0.39;315.89;14.07;1209;43;4827.00;183
12687;40;623724395;12687;318;13895;14077;6.34;0.39;315.89;14.06;1208;43;4828.00;182
12691;40;623724411;12691;316;13897;14077;6.39;0.39;315.95;14.06;1206;43;4829.00;180
12692;40;623724429;12692;319;13899;14077;6.47;0.39;315.96;14.06;1207;43;4830.00;178
12694;40;623724445;12694;327;13902;14077;6.54;0.40;316.01;14.06;1208;43;4831.00;175
12698;40;623724462;12698;329;13905;14078;6.54;0.40;316.06;14.06;1207;43;4832.00;173
12698;40;623724479;12698;334;13907;14079;6.56;0.40;316.06;14.06;1209;43;4833.00;172
12701;40;623724496;12701;334;13911;14079;6.51;0.39;316.15;14.19;1210;43;4834.00;168
12705;40;623724512;12705;333;13915;14083;6.45;0.39;316.26;14.19;1210;43;4835.00;168
12708;40;623724529;12708;338;13916;14083;6.45;0.39;316.27;14.19;1208;43;4836.00;167
12710;40;623724545;12710;341;13916;14083;6.49;0.39;316.31;14.19;1206;43;4837.00;167
12712;40;623724561;12712;345;13917;14083;6.48;0.39;316.40;14.19;1205;43;4838.00;166
12714;40;623724576;12714;342;13922;14089;6.51;0.40;316.43;14.18;1208;43;4839.00;167
12718;40;623724593;12718;343;13922;14089;6.56;0.40;316.49;14.18;1204;43;4840.00;167
12720;40;623724608;12720;348;13922;14089;6.55;0.40;316.54;14.18;1202;43;4841.00;167
12721;40;623724623;12721;342;13924;14092;6.60;0.40;316.58;14.18;1203;43;4842.00;168
12723;40;623724638;12723;341;13924;14092;6.59;0.40;316.62;14.18;1201;43;4843.00;168
12724;40;623724661;12724;340;13925;14092;6.62;0.40;316.61;14.18;1201;43;4844.00;167
12728;40;623724678;12728;341;13926;14093;6.62;0.40;316.78;14.31;1198;43;4845.00;167
12729;40;623724694;12729;339;13927;14094;6.61;0.40;316.84;14.31;1198;43;4846.00;167
12733;40;623724716;12733;336;13927;14094;6.60;0.40;316.93;14.31;1194;43;4847.00;167
12736;40;623724732;12736;338;13938;14107;6.63;0.40;317.01;14.30;1202;43;4848.00;169
12737;40;623724748;12737;327;13938;14107;6.64;0.40;317.02;14.30;1201;43;4849.00;169
12742;40;623724763;12742;324;13938;14107;6.65;0.40;317.16;14.30;1196;43;4850.00;169
12748;40;623724778;12748;324;13939;14108;6.64;0.40;317.20;14.29;1191;43;4851.00;169
12751;40;623724793;12751;324;13939;14108;6.65;0.40;317.32;14.29;1188;43;4852.00;169
12753;40;623724809;12753;315;13943;14112;6.72;0.41;317.37;14.29;1190;43;4853.00;169
12756;40;623724826;12756;314;13943;14112;6.73;0.41;317.45;14.29;1187;43;4854.00;169
12757;40;623724841;12757;320;13946;14116;6.77;0.41;317.50;14.29;1189;43;4855.00;170
12758;40;623724857;12758;317;13946;14116;6.79;0.41;317.54;14.29;1188;43;4856.00;170
12760;40;623724871;12760;320;13946;14116;6.81;0.41;317.59;14.29;1186;43;4857.00;170
12764;40;623724887;12764;316;13946;14116;6.78;0.41;317.68;14.29;1182;43;4858.00;170
12767;40;623724903;12767;319;13946;14116;6.77;0.41;317.71;14.29;1179;43;4859.00;170
12770;40;623724919;12770;318;13969;14150;6.75;0.41;317.74;14.26;1199;43;4860.00;181
12772;40;623724937;12772;317;13969;14150;6.75;0.41;317.78;14.26;1197;43;4861.00;181
12775;40;623724951;12775;306;13972;14150;6.79;0.41;317.77;14.39;1197;43;4862.00;178
12779;40;623724968;12779;296;13973;14150;6.79;0.41;317.78;14.39;1194;43;4863.00;177
12782;40;623724983;12782;294;13975;14150;6.80;0.41;317.76;14.39;1193;43;4864.00;175
12787;40;623724998;12787;292;13977;14150;6.83;0.42;317.73;14.42;1190;43;4865.00;173
12792;40;623725014;12792;291;13977;14151;6.83;0.42;317.77;14.42;1185;43;4866.00;174
12795;40;623725029;12795;294;13977;14151;6.82;0.42;317.77;14.42;1182;43;4867.00;174
12799;40;623725046;12799;293;13982;14157;6.77;0.41;317.74;14.41;1183;43;4868.00;175
12800;40;623725061;12800;291;13983;14158;6.75;0.41;317.72;14.41;1183;43;4869.00;175
12807;40;623725076;12807;287;13983;14158;6.70;0.41;317.74;14.41;1176;43;4870.00;175
12812;40;623725091;12812;289;13983;14158;6.61;0.40;317.79;14.41;1171;43;4871.00;175
12814;40;623725107;12814;296;13985;14162;6.60;0.40;317.89;14.41;1171;43;4872.00;177
12817;40;623725122;12817;297;13987;14162;6.59;0.40;317.95;14.41;1170;43;4873.00;175
12821;40;623725137;12821;299;13987;14162;6.57;0.40;317.97;14.41;1166;43;4874.00;175
12825;40;623725152;12825;301;13988;14163;6.57;0.40;318.05;14.41;1163;43;4875.00;175
12832;40;623725167;12832;308;13991;14167;6.53;0.40;318.07;14.40;1159;43;4876.00;176
12833;40;623725185;12833;309;13991;14167;6.50;0.40;318.08;14.40;1158;43;4877.00;176
12838;40;623725199;12838;318;13993;14170;6.50;0.40;318.05;14.40;1155;43;4878.00;177
12841;40;623725212;12841;317;13994;14170;6.52;0.40;318.18;14.40;1153;43;4879.00;176
12843;40;623725226;12843;320;13994;14170;6.56;0.40;318.16;14.40;1151;43;4880.00;176
12847;40;623725239;12847;326;13994;14170;6.57;0.40;318.20;14.40;1147;43;4881.00;176
12852;40;623725253;12852;325;13998;14174;6.55;0.40;318.20;14.40;1146;43;4882.00;176
12855;40;623725268;12855;328;13998;14174;6.54;0.40;318.21;14.40;1143;43;4883.00;176
12859;40;623725281;12859;334;13998;14174;6.50;0.40;318.32;14.40;1139;43;4884.00;176
12861;40;623725294;12861;331;13998;14174;6.46;0.39;318.40;14.40;1137;43;4885.00;176
12863;40;623725307;12863;336;13998;14175;6.39;0.39;318.39;14.40;1135;43;4886.00;177
12864;40;623725321;12864;341;13999;14176;6.36;0.39;318.42;14.40;1135;43;4887.00;177
12869;40;623725333;12869;344;13999;14176;6.29;0.39;318.42;14.40;1130;43;4888.00;177
12874;40;623725347;12874;345;14000;14177;6.21;0.38;318.49;14.39;1126;43;4889.00;177
12877;40;623725362;12877;355;14002;14177;6.12;0.37;318.50;14.42;1125;43;4890.00;175
12882;40;623725374;12882;364;14002;14177;6.01;0.37;318.59;14.42;1120;43;4891.00;175
12883;40;623725387;12883;374;14002;14177;5.96;0.36;318.65;14.42;1119;43;4892.00;175
12885;40;623725400;12885;379;14003;14177;5.85;0.36;318.69;14.43;1118;43;4893.00;174
12891;40;623725412;12891;383;14003;14177;5.72;0.35;318.67;14.43;1112;43;4894.00;174
12893;40;623725425;12893;386;14005;14177;5.65;0.34;318.69;14.46;1112;43;4895.00;172
12893;40;623725436;12893;411;14069;14304;5.81;0.36;318.69;14.39;1176;43;4896.00;235
12896;40;623725458;12896;409;14074;14305;5.78;0.36;318.77;14.41;1178;43;4897.00;231
12899;40;623725471;12899;405;14086;14305;5.86;0.36;318.79;14.41;1187;43;4898.00;219
12902;40;623725484;12902;405;14088;14305;5.78;0.36;318.79;14.42;1186;43;4899.00;217
12905;40;623725498;12905;405;14094;14305;5.73;0.35;318.81;14.43;1189;43;4900.00;211
12907;40;623725515;12907;406;14097;14305;5.68;0.35;318.78;14.44;1190;43;4901.00;208
12910;40;623725528;12910;411;14100;14305;5.65;0.35;318.73;14.45;1190;43;4902.00;205
12913;40;623725542;12913;405;14104;14305;5.58;0.34;318.71;14.48;1191;43;4903.00;201
12913;40;623725554;12913;403;14105;14306;5.57;0.34;318.71;14.48;1192;43;4904.00;201
12913;40;623725566;12913;413;14113;14308;5.51;0.34;318.71;14.50;1200;43;4905.00;195
12913;40;623725579;12913;417;14114;14308;5.48;0.34;318.71;14.50;1201;43;4906.00;194
12917;40;623725591;12917;417;14119;14309;5.38;0.33;318.73;14.52;1202;43;4907.00;190
12920;40;623725604;12920;420;14122;14309;5.29;0.33;318.68;14.52;1202;43;4908.00;187
12922;40;623725617;12922;422;14125;14309;5.17;0.32;318.69;14.53;1203;43;4909.00;184
12924;40;623725629;12924;423;14128;14309;5.09;0.31;318.66;14.54;1204;43;4910.00;181
12928;40;623725642;12928;422;14134;14313;5.03;0.31;318.62;14.53;1206;43;4911.00;179
12931;40;623725655;12931;427;14139;14313;4.93;0.30;318.57;14.55;1208;43;4912.00;174
12935;40;623725669;12935;435;14140;14313;4.84;0.30;318.56;14.55;1205;43;4913.00;173
12935;40;623725681;12935;433;14143;14316;4.80;0.30;318.56;14.55;1208;43;4914.00;173
12936;40;623725694;12936;441;14146;14316;4.75;0.29;318.55;14.57;1210;43;4915.00;170
12937;40;623725707;12937;440;14148;14316;4.80;0.30;318.56;14.57;1211;43;4916.00;168
12939;40;623725719;12939;451;14152;14320;4.83;0.30;318.53;14.58;1213;43;4917.00;168
12941;40;623725732;12941;452;14155;14321;4.85;0.30;318.51;14.59;1214;44;4918.00;166
12942;40;623725754;12942;457;14156;14321;4.88;0.30;318.56;14.59;1214;44;4919.00;165
12946;40;623725768;12946;459;14162;14326;4.84;0.30;318.56;14.60;1216;44;4920.00;164
12946;40;623725781;12946;458;14163;14326;4.81;0.29;318.56;14.60;1217;44;4921.00;163
12949;40;623725792;12949;465;14165;14326;4.68;0.29;318.51;14.61;1216;44;4922.00;161
12952;40;623725804;12952;471;14166;14327;4.57;0.28;318.47;14.61;1214;44;4923.00;161
12956;40;623725816;12956;472;14166;14327;4.49;0.27;318.53;14.61;1210;44;4924.00;161
12959;40;623725828;12959;476;14173;14333;4.45;0.27;318.49;14.62;1214;44;4925.00;160
12960;40;623725840;12960;481;14173;14333;4.39;0.27;318.47;14.62;1213;44;4926.00;160
12966;40;623725852;12966;487;14173;14334;4.23;0.26;318.47;14.62;1207;44;4927.00;161
12968;40;623725864;12968;505;14173;14334;4.15;0.25;318.48;14.62;1205;44;4928.00;161
12971;40;623725875;12971;504;14175;14334;4.03;0.25;318.46;14.64;1204;44;4929.00;159
12974;40;623725886;12974;511;14175;14334;3.92;0.24;318.45;14.64;1201;44;4930.00;159
12976;40;623725904;12976;489;14178;14334;3.85;0.24;318.47;14.66;1202;44;4931.00;156
12979;40;623725916;12979;489;14188;14346;3.88;0.24;318.46;14.65;1209;44;4932.00;158
12982;40;623725928;12982;477;14188;14346;3.89;0.24;318.45;14.65;1206;44;4933.00;158
12983;40;623725940;12983;468;14191;14346;3.94;0.24;318.46;14.66;1208;44;4934.00;155
12986;40;623725952;12986;468;14191;14346;3.97;0.24;318.46;14.66;1205;44;4935.00;155
12987;40;623725964;12987;455;14192;14346;4.01;0.24;318.46;14.67;1205;44;4936.00;154
12990;40;623725976;12990;437;14194;14346;4.07;0.25;318.49;14.67;1204;44;4937.00;152
12993;40;623725989;12993;436;14197;14350;4.13;0.25;318.50;14.67;1204;44;4938.00;153
12995;40;623726001;12995;421;14197;14350;4.22;0.26;318.49;14.67;1202;44;4939.00;153
12996;40;623726013;12996;418;14202;14354;4.34;0.27;318.49;14.67;1206;44;4940.00;152
13001;40;623726026;13001;407;14203;14355;4.38;0.27;318.48;14.67;1202;44;4941.00;152
13004;40;623726039;13004;409;14203;14355;4.46;0.27;318.46;14.67;1199;44;4942.00;152
13006;40;623726051;13006;404;14204;14355;4.54;0.28;318.46;14.80;1198;44;4943.00;151
13008;40;623726065;13008;401;14215;14368;4.71;0.29;318.47;14.79;1207;44;4944.00;153
13011;40;623726089;13011;394;14215;14368;4.77;0.29;318.45;14.79;1204;44;4945.00;153
13014;40;623726102;13014;396;14215;14368;4.81;0.29;318.45;14.79;1201;44;4946.00;153
13016;40;623726119;13016;402;14216;14369;4.88;0.30;318.41;14.79;1200;44;4947.00;153
13019;40;623726140;13019;404;14216;14370;4.88;0.30;318.45;14.79;1197;44;4948.00;154
13021;40;623726159;13021;399;14216;14370;4.91;0.30;318.47;14.79;1195;44;4949.00;154
13023;40;623726192;13023;397;14222;14379;4.97;0.30;318.51;14.79;1199;44;4950.00;157
13028;40;623726214;13028;394;14222;14379;4.96;0.30;318.56;14.79;1194;44;4951.00;157
13030;40;623726233;13030;391;14224;14379;4.99;0.30;318.54;14.78;1194;44;4952.00;155
13033;40;623726250;13033;389;14224;14379;4.99;0.30;318.52;14.78;1191;44;4953.00;155
13036;40;623726267;13036;388;14229;14385;5.04;0.31;318.52;14.78;1193;44;4954.00;156
13037;40;623726283;13037;390;14230;14385;5.07;0.31;318.53;14.78;1193;44;4955.00;155
13040;40;623726297;13040;393;14230;14385;5.08;0.31;318.53;14.78;1190;44;4956.00;155
13042;40;623726312;13042;391;14230;14385;5.13;0.31;318.52;14.78;1188;44;4957.00;155
13048;40;623726328;13048;388;14233;14389;5.14;0.31;318.56;14.78;1185;44;4958.00;156
13049;40;623726346;13049;386;14234;14390;5.22;0.32;318.57;14.77;1185;44;4959.00;156
13051;40;623726361;13051;388;14234;14390;5.21;0.32;318.61;14.77;1183;44;4960.00;156
13054;40;623726376;13054;398;14236;14391;5.26;0.32;318.60;14.90;1182;44;4961.00;155
13058;40;623726392;13058;399;14236;14391;5.30;0.32;318.61;14.90;1178;44;4962.00;155
13063;40;623726408;13063;399;14236;14391;5.32;0.32;318.61;14.90;1173;44;4963.00;155
13064;40;623726422;13064;404;14236;14391;5.36;0.33;318.59;14.90;1172;44;4964.00;155
13070;40;623726435;13070;408;14236;14391;5.33;0.32;318.63;14.90;1166;44;4965.00;155
13074;40;623726449;13074;407;14236;14391;5.30;0.32;318.68;14.90;1162;44;4966.00;155
13078;40;623726463;13078;410;14236;14391;5.32;0.32;318.67;14.90;1158;44;4967.00;155
13080;40;623726477;13080;426;14278;14461;5.36;0.33;318.67;14.86;1198;44;4968.00;183
13084;40;623726496;13084;418;14278;14462;5.37;0.33;318.72;14.86;1194;44;4969.00;184
13088;40;623726511;13088;417;14283;14462;5.42;0.33;318.76;14.86;1195;44;4970.00;179
13092;40;623726524;13092;407;14286;14462;5.48;0.33;318.80;14.85;1194;44;4971.00;176
13095;40;623726538;13095;408;14287;14462;5.51;0.34;318.88;14.85;1192;44;4972.00;175
13095;40;623726553;13095;400;14289;14462;5.61;0.34;318.88;14.85;1194;44;4973.00;173
13099;40;623726566;13099;401;14291;14462;5.62;0.34;318.93;14.85;1192;44;4974.00;171
13101;40;623726581;13101;395;14293;14462;5.62;0.34;318.95;14.85;1192;44;4975.00;169
13104;40;623726595;13104;402;14295;14463;5.66;0.34;318.96;14.98;1191;44;4976.00;168
13105;40;623726610;13105;386;14297;14464;5.72;0.35;318.98;14.98;1192;44;4977.00;167
13108;40;623726625;13108;370;14299;14464;5.73;0.35;319.03;14.97;1191;44;4978.00;165
13112;40;623726640;13112;369;14303;14468;5.74;0.35;319.07;14.97;1191;44;4979.00;165
13116;40;623726658;13116;366;14305;14468;5.75;0.35;319.07;14.97;1189;44;4980.00;163
13117;40;623726673;13117;362;14307;14468;5.85;0.36;319.09;14.97;1190;44;4981.00;161
13120;40;623726688;13120;363;14308;14468;5.85;0.36;319.14;14.97;1188;44;4982.00;160
13123;40;623726703;13123;368;14313;14474;5.89;0.36;319.18;14.96;1190;44;4983.00;161
13125;40;623726719;13125;370;14313;14474;5.91;0.36;319.22;14.96;1188;44;4984.00;161
13127;40;623726733;13127;373;14313;14474;5.88;0.36;319.20;14.96;1186;44;4985.00;161
13129;40;623726748;13129;362;14315;14477;5.89;0.36;319.25;14.96;1186;44;4986.00;162
13131;40;623726764;13131;351;14316;14477;5.95;0.36;319.29;15.09;1185;44;4987.00;161
13132;40;623726781;13132;343;14317;14477;6.02;0.37;319.33;15.09;1185;44;4988.00;160
13132;40;623726796;13132;337;14317;14478;6.10;0.37;319.33;15.09;1185;44;4989.00;161
13133;40;623726812;13133;335;14318;14479;6.20;0.38;319.38;15.09;1185;44;4990.00;161
13136;40;623726829;13136;324;14318;14479;6.20;0.38;319.49;15.09;1182;44;4991.00;161
13137;40;623726847;13137;322;14329;14492;6.30;0.38;319.51;15.21;1192;44;4992.00;163
13143;40;623726866;13143;324;14330;14492;6.29;0.38;319.51;15.21;1187;44;4993.00;162
13144;40;623726886;13144;326;14330;14492;6.33;0.38;319.55;15.21;1186;44;4994.00;162
13146;40;623726906;13146;330;14332;14494;6.39;0.39;319.60;15.20;1186;44;4995.00;162
13148;40;623726923;13148;323;14332;14494;6.39;0.39;319.61;15.20;1184;44;4996.00;162
13148;40;623726940;13148;325;14336;14498;6.51;0.40;319.61;15.20;1188;44;4997.00;162
13151;40;623726955;13151;320;14336;14498;6.46;0.39;319.64;15.20;1185;44;4998.00;162
13154;40;623726972;13154;315;14339;14502;6.49;0.39;319.75;15.20;1185;44;4999.00;163
13155;40;623726991;13155;317;14339;14502;6.52;0.40;319.77;15.20;1184;44;5000.00;163
13159;40;623727013;13159;306;14339;14502;6.56;0.40;319.86;15.20;1180;44;5001.00;163
13160;40;623727029;13160;307;14340;14502;6.57;0.40;319.89;15.32;1180;44;5002.00;162
13166;40;623727044;13166;310;14340;14502;6.53;0.40;320.05;15.32;1174;44;5003.00;162
13169;40;623727060;13169;301;14349;14514;6.59;0.40;320.07;15.31;1180;44;5004.00;165
13171;40;623727076;13171;300;14349;14514;6.60;0.40;320.17;15.31;1178;44;5005.00;165
13174;40;623727092;13174;301;14351;14514;6.63;0.40;320.24;15.31;1177;44;5006.00;163
13178;40;623727108;13178;296;14351;14514;6.64;0.40;320.23;15.31;1173;44;5007.00;163
13182;40;623727126;13182;292;14351;14514;6.61;0.40;320.28;15.31;1169;44;5008.00;163
13184;40;623727142;13184;294;14351;14514;6.60;0.40;320.30;15.31;1167;44;5009.00;163
13191;40;623727159;13191;289;14351;14515;6.60;0.40;320.31;15.31;1160;44;5010.00;164
13193;40;623727174;13193;291;14351;14515;6.60;0.40;320.40;15.31;1158;44;5011.00;164
13199;40;623727188;13199;294;14356;14521;6.56;0.40;320.53;15.31;1157;44;5012.00;165
13200;40;623727203;13200;285;14357;14522;6.56;0.40;320.56;15.31;1157;44;5013.00;165
13202;40;623727218;13202;284;14358;14522;6.55;0.40;320.60;15.43;1156;44;5014.00;164
13204;40;623727234;13204;289;14358;14522;6.52;0.40;320.66;15.43;1154;44;5015.00;164
13206;40;623727248;13206;293;14362;14526;6.54;0.40;320.72;15.55;1156;44;5016.00;164
13208;40;623727263;13208;289;14362;14526;6.57;0.40;320.82;15.55;1154;44;5017.00;164
13209;40;623727277;13209;283;14362;14526;6.59;0.40;320.81;15.55;1153;44;5018.00;164
13212;40;623727291;13212;287;14363;14527;6.60;0.40;320.87;15.55;1151;44;5019.00;164
13214;40;623727304;13214;287;14366;14531;6.59;0.40;320.91;15.54;1152;44;5020.00;165
13216;40;623727319;13216;283;14366;14531;6.53;0.40;320.91;15.54;1150;44;5021.00;165
13219;40;623727333;13219;280;14368;14534;6.51;0.40;320.98;15.54;1149;44;5022.00;166
13220;40;623727347;13220;282;14368;14534;6.52;0.40;320.97;15.54;1148;44;5023.00;166
13222;40;623727368;13222;273;14369;14534;6.54;0.40;321.05;15.54;1147;44;5024.00;165
13228;40;623727385;13228;273;14369;14534;6.46;0.39;321.02;15.54;1141;44;5025.00;165
13230;40;623727402;13230;277;14373;14538;6.49;0.40;321.02;15.54;1143;44;5026.00;165
13232;40;623727420;13232;277;14373;14538;6.53;0.40;321.03;15.54;1141;44;5027.00;165
13236;40;623727434;13236;280;14373;14538;6.50;0.40;321.06;15.54;1137;44;5028.00;165
13240;40;623727448;13240;272;14373;14538;6.45;0.39;321.05;15.54;1133;44;5029.00;165
13243;40;623727461;13243;268;14373;14539;6.40;0.39;321.07;15.54;1130;44;5030.00;166
13244;40;623727475;13244;266;14374;14540;6.36;0.39;321.08;15.53;1130;44;5031.00;166
13245;40;623727488;13245;270;14375;14540;6.33;0.38;321.08;15.66;1130;44;5032.00;165
13252;40;623727502;13252;260;14376;14541;6.29;0.38;321.22;15.66;1124;44;5033.00;165
13255;40;623727521;13255;262;14376;14541;6.24;0.38;321.24;15.66;1121;44;5034.00;165
13260;40;623727534;13260;262;14377;14541;6.22;0.38;321.28;15.67;1117;44;5035.00;164
13266;40;623727548;13266;263;14377;14541;6.15;0.37;321.33;15.67;1111;44;5036.00;164
13269;40;623727562;13269;259;14377;14541;6.11;0.37;321.42;15.67;1108;44;5037.00;164
13273;40;623727575;13273;259;14377;14541;6.12;0.37;321.45;15.67;1104;44;5038.00;164
13276;40;623727588;13276;271;14377;14541;6.13;0.37;321.45;15.67;1101;44;5039.00;164
13279;40;623727602;13279;302;14477;14771;6.31;0.39;321.47;15.56;1198;44;5040.00;294
13281;40;623727633;13281;305;14481;14772;6.31;0.39;321.47;15.56;1200;44;5041.00;291
13283;40;623727648;13283;293;14490;14772;6.37;0.40;321.46;15.55;1207;44;5042.00;282
13286;40;623727662;13286;294;14495;14772;6.37;0.40;321.51;15.54;1209;44;5043.00;277
13288;40;623727676;13288;294;14503;14772;6.39;0.40;321.51;15.54;1215;44;5044.00;269
13288;40;623727690;13288;304;14507;14772;6.42;0.40;321.51;15.54;1219;44;5045.00;265
13290;40;623727708;13290;302;14516;14772;6.46;0.40;321.53;15.53;1226;44;5046.00;256
13292;40;623727722;13292;307;14525;14772;6.48;0.40;321.56;15.52;1233;44;5047.00;247
13293;40;623727741;13293;308;14531;14773;6.48;0.40;321.57;15.52;1238;44;5048.00;242
13299;40;623727755;13299;317;14538;14774;6.40;0.40;321.58;15.52;1239;44;5049.00;236
13301;40;623727770;13301;319;14543;14774;6.36;0.39;321.60;15.52;1242;44;5050.00;231
13304;40;623727784;13304;333;14548;14775;6.25;0.39;321.66;15.51;1244;44;5051.00;227
13307;40;623727798;13307;332;14549;14775;6.15;0.38;321.62;15.51;1242;44;5052.00;226
13310;40;623727812;13310;336;14554;14775;6.05;0.37;321.62;15.51;1244;44;5053.00;221
13314;40;623727826;13314;339;14555;14775;5.96;0.37;321.58;15.51;1241;44;5054.00;220
13317;40;623727839;13317;355;14561;14779;5.88;0.36;321.66;15.52;1244;44;5055.00;218
13319;40;623727854;13319;364;14562;14779;5.79;0.36;321.68;15.52;1243;44;5056.00;217
13319;40;623727867;13319;365;14565;14779;5.78;0.35;321.68;15.52;1246;44;5057.00;214
13321;40;623727880;13321;376;14569;14782;5.76;0.35;321.73;15.54;1248;44;5058.00;213
13322;40;623727895;13322;381;14572;14782;5.70;0.35;321.71;15.56;1250;44;5059.00;210
13325;40;623727908;13325;394;14575;14782;5.62;0.35;321.76;15.56;1250;44;5060.00;207
13326;40;623727922;13326;399;14579;14786;5.60;0.34;321.74;15.56;1253;44;5061.00;207
13329;40;623727936;13329;410;14583;14787;5.55;0.34;321.72;15.58;1254;44;5062.00;204
13331;40;623727949;13331;418;14584;14787;5.48;0.34;321.69;15.58;1253;44;5063.00;203
13334;40;623727963;13334;417;14588;14791;5.44;0.33;321.69;15.59;1254;44;5064.00;203
13338;40;623727977;13338;433;14590;14791;5.38;0.33;321.72;15.60;1252;44;5065.00;201
13340;40;623727990;13340;427;14592;14791;5.33;0.33;321.73;15.62;1252;44;5066.00;199
13341;40;623728004;13341;436;14595;14792;5.31;0.33;321.73;15.63;1254;44;5067.00;197
13345;40;623728018;13345;437;14597;14792;5.24;0.32;321.68;15.64;1252;44;5068.00;195
13348;40;623728030;13348;443;14603;14798;5.22;0.32;321.67;15.63;1255;44;5069.00;195
13349;40;623728052;13349;455;14605;14798;5.09;0.31;321.65;15.65;1256;44;5070.00;193
13351;40;623728065;13351;463;14606;14799;4.96;0.30;321.64;15.65;1255;44;5071.00;193
13354;40;623728079;13354;469;14608;14799;4.84;0.30;321.66;15.66;1254;44;5072.00;191
13358;40;623728092;13358;479;14609;14799;4.69;0.29;321.66;15.67;1251;44;5073.00;190
13359;40;623728105;13359;489;14611;14799;4.65;0.28;321.66;15.68;1252;44;5074.00;188
13359;40;623728121;13359;493;14611;14799;4.57;0.28;321.66;15.68;1252;44;5075.00;188
13360;40;623728141;13360;499;14621;14811;4.57;0.28;321.64;15.69;1261;44;5076.00;190
13360;40;623728162;13360;501;14622;14811;4.52;0.28;321.64;15.69;1262;44;5077.00;189
13360;40;623728182;13360;511;14624;14811;4.48;0.27;321.64;15.69;1264;44;5078.00;187
13361;40;623728200;13361;512;14626;14811;4.45;0.27;321.63;15.70;1265;44;5079.00;185
13364;40;623728220;13364;515;14627;14811;4.39;0.27;321.68;15.70;1263;44;5080.00;184
13367;40;623728235;13367;517;14629;14811;4.37;0.27;321.64;15.71;1262;44;5081.00;182
13367;40;623728250;13367;520;14633;14815;4.37;0.27;321.64;15.71;1266;44;5082.00;182
13371;40;623728264;13371;513;14634;14815;4.35;0.27;321.61;15.72;1263;44;5083.00;181
13374;40;623728278;13374;509;14638;14819;4.35;0.27;321.63;15.73;1264;44;5084.00;181
13374;40;623728293;13374;510;14641;14821;4.35;0.27;321.63;15.73;1267;44;5085.00;180
13376;40;623728307;13376;508;14644;14821;4.35;0.27;321.60;15.73;1268;44;5086.00;177
13376;40;623728322;13376;499;14646;14821;4.38;0.27;321.60;15.74;1270;44;5087.00;175
13378;41;623728335;13378;498;14658;14834;4.46;0.27;321.55;15.73;1280;45;5088.00;176
13380;41;623728361;13380;501;14659;14834;4.47;0.27;321.54;15.73;1279;45;5089.00;175
13380;42;623728375;13380;498;14661;14834;4.51;0.28;321.54;15.74;1281;46;5090.00;173
13382;42;623728400;13382;494;14663;14835;4.55;0.28;321.55;15.74;1281;46;5091.00;172
13385;43;623728421;13385;489;14664;14836;4.51;0.27;321.56;15.75;1279;47;5092.00;172
13386;43;623728442;13386;487;14665;14836;4.49;0.27;321.55;15.75;1279;47;5093.00;171
13389;43;623728454;13389;485;14668;14839;4.46;0.27;321.51;15.75;1279;47;5094.00;171
13392;43;623728475;13392;488;14669;14839;4.44;0.27;321.49;15.76;1277;47;5095.00;170
13393;43;623728489;13393;489;14669;14839;4.40;0.27;321.47;15.76;1276;47;5096.00;170
13396;43;623728502;13396;487;14670;14839;4.34;0.26;321.46;15.77;1274;47;5097.00;169
13397;43;623728515;13397;479;14676;14845;4.34;0.26;321.46;15.77;1279;47;5098.00;169
13398;43;623728533;13398;482;14677;14845;4.32;0.26;321.47;15.78;1279;47;5099.00;168
13400;43;623728549;13400;482;14682;14864;4.31;0.26;321.48;15.77;1282;47;5100.00;182
13403;43;623728568;13403;466;14684;14864;4.32;0.26;321.47;15.79;1281;47;5101.00;180
13405;43;623728581;13405;458;14687;14868;4.34;0.26;321.48;15.79;1282;47;5102.00;181
13409;43;623728595;13409;454;14691;14869;4.32;0.26;321.56;15.81;1282;47;5103.00;178
13410;43;623728609;13410;450;14691;14869;4.37;0.27;321.55;15.81;1281;47;5104.00;178
13412;43;623728622;13412;444;14693;14870;4.39;0.27;321.58;15.81;1281;47;5105.00;177
13415;43;623728635;13415;445;14696;14870;4.39;0.27;321.63;15.82;1281;47;5106.00;174
13417;43;623728648;13417;441;14696;14870;4.41;0.27;321.65;15.82;1279;47;5107.00;174
13419;43;623728663;13419;444;14697;14870;4.47;0.27;321.67;15.83;1278;47;5108.00;173
13424;43;623728676;13424;442;14698;14870;4.48;0.27;321.69;15.84;1274;47;5109.00;172
13426;43;623728690;13426;433;14699;14870;4.52;0.28;321.72;15.84;1273;47;5110.00;171
13428;43;623728703;13428;427;14702;14870;4.54;0.28;321.72;15.85;1274;47;5111.00;168
13433;43;623728717;13433;439;14736;14940;4.66;0.28;321.76;15.81;1303;47;5112.00;204
13436;43;623728737;13436;425;14740;14941;4.77;0.29;321.80;15.81;1304;47;5113.00;201
13439;43;623728752;13439;422;14746;14941;4.87;0.30;321.83;15.80;1307;47;5114.00;195
13443;43;623728766;13443;424;14749;14941;4.94;0.30;321.85;15.80;1306;47;5115.00;192
13447;43;623728781;13447;419;14755;14941;5.00;0.31;321.87;15.80;1308;47;5116.00;186
13452;43;623728801;13452;422;14757;14941;5.04;0.31;321.87;15.80;1305;47;5117.00;184
13456;43;623728816;13456;424;14760;14941;5.13;0.31;321.87;15.80;1304;47;5118.00;181
13459;43;623728830;13459;414;14761;14941;5.16;0.31;321.86;15.80;1302;47;5119.00;180
13461;43;623728846;13461;410;14764;14942;5.21;0.32;321.85;15.79;1303;47;5120.00;178
13464;43;623728861;13464;412;14767;14943;5.21;0.32;321.91;15.79;1303;47;5121.00;176
13471;43;623728876;13471;406;14770;14943;5.18;0.32;321.99;15.79;1299;47;5122.00;173
13474;43;623728892;13474;400;14773;14947;5.20;0.32;321.98;15.79;1299;47;5123.00;174
13479;43;623728908;13479;398;14774;14947;5.18;0.32;322.03;15.79;1295;47;5124.00;173
13484;43;623728923;13484;405;14774;14947;5.16;0.32;322.07;15.79;1290;47;5125.00;173
13488;43;623728938;13488;400;14774;14947;5.22;0.32;322.19;15.79;1286;47;5126.00;173
13491;43;623728952;13491;406;14779;14953;5.21;0.32;322.19;15.78;1288;47;5127.00;174
13498;43;623728967;13498;415;14780;14953;5.18;0.31;322.22;15.79;1282;47;5128.00;173
13501;43;623728983;13501;418;14780;14953;5.14;0.31;322.25;15.79;1279;47;5129.00;173
13503;43;623728999;13503;424;14783;14959;5.15;0.31;322.24;15.78;1280;47;5130.00;176
13506;43;623729015;13506;415;14785;14959;5.17;0.31;322.28;15.78;1279;47;5131.00;174
13509;43;623729029;13509;419;14787;14959;5.17;0.31;322.31;15.78;1278;47;5132.00;172
13513;43;623729045;13513;424;14788;14960;5.11;0.31;322.34;15.78;1275;47;5133.00;172
13516;43;623729060;13516;425;14790;14961;5.13;0.31;322.37;15.78;1274;47;5134.00;171
13521;43;623729074;13521;416;14790;14961;5.11;0.31;322.38;15.78;1269;47;5135.00;171
13524;43;623729089;13524;413;14800;14974;5.11;0.31;322.44;15.77;1276;47;5136.00;174
13527;43;623729105;13527;417;14800;14974;5.10;0.31;322.49;15.77;1273;47;5137.00;174
13529;43;623729126;13529;410;14801;14974;5.10;0.31;322.48;15.77;1272;47;5138.00;173
13531;43;623729141;13531;410;14805;14975;5.12;0.31;322.53;15.90;1274;47;5139.00;170
13535;43;623729158;13535;405;14805;14975;5.15;0.31;322.58;15.90;1270;47;5140.00;170
13541;43;623729173;13541;401;14810;14979;5.15;0.31;322.63;15.89;1269;47;5141.00;169
13543;43;623729188;13543;396;14810;14979;5.19;0.31;322.62;15.89;1267;47;5142.00;169
13546;43;623729203;13546;392;14813;14983;5.17;0.31;322.67;15.89;1267;47;5143.00;170
13550;43;623729217;13550;390;14813;14983;5.17;0.31;322.70;15.89;1263;47;5144.00;170
13554;43;623729232;13554;399;14813;14983;5.19;0.32;322.73;15.89;1259;47;5145.00;170
13559;43;623729246;13559;401;14813;14983;5.15;0.31;322.81;15.89;1254;47;5146.00;170
13564;43;623729261;13564;392;14813;14983;5.16;0.31;322.86;15.89;1249;47;5147.00;170
13568;43;623729275;13568;385;14823;14995;5.23;0.32;322.95;15.88;1255;47;5148.00;172
13571;43;623729291;13571;383;14823;14995;5.27;0.32;322.99;15.88;1252;47;5149.00;172
13575;43;623729305;13575;376;14824;14995;5.31;0.32;323.06;15.88;1249;47;5150.00;171
13578;43;623729319;13578;376;14824;14995;5.36;0.33;323.13;15.88;1246;47;5151.00;171
13579;43;623729333;13579;385;14824;14995;5.37;0.33;323.18;15.88;1245;47;5152.00;171
13583;43;623729348;13583;379;14824;14995;5.39;0.33;323.26;15.88;1241;47;5153.00;171
13585;43;623729362;13585;380;14825;14996;5.40;0.33;323.27;16.01;1240;47;5154.00;171
13587;43;623729376;13587;385;14827;14998;5.37;0.33;323.32;16.00;1240;47;5155.00;171
13589;43;623729396;13589;375;14832;15004;5.41;0.33;323.35;16.00;1243;47;5156.00;172
13593;43;623729414;13593;360;14833;15005;5.43;0.33;323.41;16.00;1240;47;5157.00;172
13598;43;623729436;13598;358;14834;15005;5.45;0.33;323.47;16.13;1236;47;5158.00;171
13600;43;623729452;13600;350;14834;15005;5.49;0.33;323.44;16.13;1234;47;5159.00;171
13603;43;623729470;13603;339;14838;15010;5.55;0.34;323.50;16.12;1235;47;5160.00;172
13603;44;623729488;13603;342;14838;15010;5.62;0.34;323.50;16.12;1235;48;5161.00;172
13607;44;623729516;13607;339;14838;15010;5.64;0.34;323.63;16.12;1231;48;5162.00;172
13608;44;623729531;13608;345;14839;15011;5.67;0.35;323.68;16.12;1231;48;5163.00;172
13610;44;623729546;13610;341;14842;15015;5.67;0.35;323.66;16.12;1232;48;5164.00;173
13612;44;623729562;13612;347;14842;15015;5.67;0.34;323.69;16.12;1230;48;5165.00;173
13613;44;623729577;13613;349;14845;15018;5.68;0.35;323.69;16.24;1232;48;5166.00;173
13613;44;623729591;13613;345;14845;15018;5.70;0.35;323.69;16.24;1232;48;5167.00;173
13614;44;623729606;13614;345;14846;15018;5.70;0.35;323.71;16.24;1232;48;5168.00;172
13616;44;623729625;13616;346;14846;15018;5.71;0.35;323.73;16.24;1230;48;5169.00;172
13621;44;623729641;13621;346;14850;15022;5.75;0.35;323.87;16.24;1229;48;5170.00;172
13625;44;623729657;13625;342;14850;15022;5.75;0.35;323.89;16.24;1225;48;5171.00;172
13628;44;623729674;13628;333;14851;15022;5.81;0.35;323.87;16.37;1223;48;5172.00;171
13631;44;623729690;13631;331;14851;15022;5.79;0.35;323.86;16.37;1220;48;5173.00;171
13633;44;623729707;13633;331;14851;15023;5.76;0.35;323.90;16.37;1218;48;5174.00;172
13637;44;623729722;13637;326;14853;15025;5.70;0.35;323.99;16.37;1216;48;5175.00;172
13641;44;623729737;13641;323;14853;15025;5.63;0.34;323.94;16.37;1212;48;5176.00;172
13644;44;623729752;13644;331;14854;15026;5.61;0.34;323.95;16.37;1210;48;5177.00;172
13648;44;623729766;13648;324;14854;15026;5.56;0.34;324.00;16.37;1206;48;5178.00;172
13653;44;623729780;13653;317;14854;15026;5.57;0.34;324.06;16.37;1201;48;5179.00;172
13654;44;623729795;13654;323;14854;15026;5.65;0.34;324.10;16.37;1200;48;5180.00;172
13659;44;623729809;13659;315;14854;15026;5.68;0.35;324.19;16.37;1195;48;5181.00;172
13663;44;623729822;13663;315;14854;15026;5.72;0.35;324.18;16.37;1191;48;5182.00;172
13665;44;623729836;13665;310;14854;15026;5.78;0.35;324.19;16.37;1189;48;5183.00;172
13667;44;623729850;13667;329;14928;15153;5.92;0.37;324.23;16.28;1261;48;5184.00;225
13669;44;623729874;13669;330;14929;15154;5.93;0.37;324.28;16.28;1260;48;5185.00;225
13673;44;623729889;13673;325;14933;15154;5.93;0.36;324.29;16.28;1260;48;5186.00;221
13675;44;623729904;13675;315;14933;15154;5.96;0.37;324.34;16.28;1258;48;5187.00;221
13680;44;623729918;13680;318;14939;15154;5.98;0.37;324.36;16.27;1259;48;5188.00;215
13684;44;623729933;13684;318;14939;15154;5.94;0.37;324.43;16.27;1255;48;5189.00;215
13688;44;623729949;13688;314;14942;15154;5.97;0.37;324.42;16.27;1254;48;5190.00;212
13690;44;623729964;13690;328;14945;15154;5.98;0.37;324.41;16.27;1255;48;5191.00;209
13693;44;623729979;13693;334;14948;15155;5.97;0.37;324.41;16.27;1255;48;5192.00;207
13696;44;623729994;13696;335;14953;15156;6.02;0.37;324.41;16.27;1257;48;5193.00;203
13698;44;623730009;13698;329;14956;15156;6.01;0.37;324.41;16.27;1258;48;5194.00;200
13700;44;623730026;13700;334;14959;15157;5.99;0.37;324.45;16.26;1259;48;5195.00;198
13705;44;623730042;13705;340;14961;15157;5.96;0.37;324.46;16.26;1256;48;5196.00;196
13709;44;623730058;13709;343;14963;15157;5.92;0.36;324.48;16.26;1254;48;5197.00;194
13712;44;623730073;13712;352;14965;15157;5.88;0.36;324.53;16.26;1253;48;5198.00;192
13715;44;623730087;13715;353;14967;15161;5.86;0.36;324.63;16.26;1252;48;5199.00;194
13716;44;623730103;13716;354;14967;15161;5.85;0.36;324.66;16.26;1251;48;5200.00;194
13721;44;623730125;13721;357;14969;15161;5.79;0.35;324.81;16.26;1248;48;5201.00;192
13727;44;623730146;13727;358;14972;15164;5.75;0.35;324.78;16.26;1245;48;5202.00;192
13728;44;623730169;13728;352;14973;15164;5.74;0.35;324.81;16.26;1245;48;5203.00;191
13733;44;623730191;13733;352;14974;15164;5.65;0.35;324.82;16.26;1241;48;5204.00;190
13737;44;623730213;13737;348;14981;15168;5.67;0.35;324.88;16.28;1244;48;5205.00;187
13741;44;623730234;13741;347;14985;15169;5.66;0.35;324.85;16.28;1244;48;5206.00;184
13741;44;623730251;13741;352;14985;15169;5.68;0.35;324.85;16.28;1244;48;5207.00;184
13744;44;623730267;13744;351;14988;15173;5.69;0.35;324.81;16.28;1244;48;5208.00;185
13747;44;623730283;13747;354;14988;15173;5.70;0.35;324.82;16.28;1241;48;5209.00;185
13748;44;623730298;13748;354;14988;15173;5.69;0.35;324.81;16.28;1240;48;5210.00;185
13751;44;623730313;13751;348;14989;15174;5.71;0.35;324.82;16.28;1238;48;5211.00;185
13752;44;623730329;13752;351;14989;15174;5.74;0.35;324.82;16.28;1237;48;5212.00;185
13757;44;623730344;13757;361;14994;15180;5.73;0.35;324.85;16.27;1237;48;5213.00;186
13759;44;623730359;13759;368;14994;15180;5.72;0.35;324.85;16.27;1235;48;5214.00;186
13762;44;623730373;13762;375;14994;15180;5.67;0.35;324.79;16.27;1232;48;5215.00;186
13766;44;623730388;13766;382;14995;15181;5.58;0.34;324.85;16.27;1229;48;5216.00;186
13768;44;623730410;13768;393;14995;15181;5.51;0.34;324.85;16.27;1227;48;5217.00;186
13769;44;623730425;13769;394;14995;15181;5.46;0.33;324.85;16.27;1226;48;5218.00;186
13773;44;623730439;13773;409;14995;15181;5.39;0.33;324.80;16.27;1222;48;5219.00;186
13776;44;623730458;13776;418;15016;15217;5.41;0.33;324.80;16.25;1240;48;5220.00;201
13782;44;623730480;13782;421;15019;15217;5.28;0.32;324.71;16.25;1237;48;5221.00;198
13784;44;623730498;13784;424;15022;15217;5.23;0.32;324.67;16.24;1238;48;5222.00;195
13786;44;623730517;13786;432;15024;15217;5.20;0.32;324.64;16.24;1238;48;5223.00;193
13788;44;623730532;13788;435;15024;15217;5.14;0.31;324.64;16.24;1236;48;5224.00;193
13789;44;623730547;13789;434;15025;15217;5.10;0.31;324.62;16.24;1236;48;5225.00;192
13793;44;623730561;13793;435;15030;15221;5.10;0.31;324.73;16.24;1237;48;5226.00;191
13794;44;623730575;13794;448;15030;15221;5.07;0.31;324.71;16.24;1236;48;5227.00;191
13798;44;623730590;13798;459;15034;15225;5.04;0.31;324.82;16.23;1236;48;5228.00;191
13798;44;623730606;13798;466;15036;15226;5.01;0.31;324.82;16.25;1238;48;5229.00;190
13803;44;623730620;13803;470;15036;15226;4.94;0.30;324.82;16.25;1233;48;5230.00;190
13805;44;623730635;13805;478;15036;15226;4.87;0.30;324.82;16.25;1231;48;5231.00;190
13806;44;623730650;13806;483;15048;15239;4.81;0.29;324.85;16.26;1242;48;5232.00;191
13806;44;623730666;13806;489;15049;15239;4.78;0.29;324.85;16.26;1243;48;5233.00;190
13807;44;623730680;13807;498;15050;15239;4.78;0.29;324.84;16.26;1243;48;5234.00;189
13807;44;623730693;13807;493;15053;15240;4.80;0.29;324.84;16.28;1246;48;5235.00;187
13809;44;623730707;13809;486;15053;15241;4.81;0.29;324.85;16.28;1244;48;5236.00;188
13809;44;623730722;13809;484;15055;15241;4.81;0.29;324.85;16.30;1246;48;5237.00;186
13810;44;623730742;13810;490;15057;15244;4.81;0.29;324.84;16.30;1247;48;5238.00;187
13810;44;623730756;13810;494;15057;15244;4.79;0.29;324.84;16.30;1247;48;5239.00;187
13812;44;623730769;13812;488;15061;15244;4.76;0.29;324.81;16.32;1249;48;5240.00;183
13814;44;623730783;13814;485;15062;15244;4.76;0.29;324.83;16.33;1248;48;5241.00;182
13817;44;623730796;13817;483;15069;15250;4.82;0.29;324.83;16.34;1252;48;5242.00;181
13818;44;623730810;13818;479;15069;15250;4.82;0.30;324.82;16.34;1251;48;5243.00;181
13820;44;623730824;13820;476;15069;15250;4.80;0.29;324.84;16.34;1249;48;5244.00;181
13822;44;623730844;13822;474;15071;15250;4.74;0.29;324.85;16.35;1249;48;5245.00;179
13826;44;623730858;13826;474;15075;15254;4.69;0.29;324.79;16.35;1249;48;5246.00;179
13826;44;623730871;13826;481;15077;15255;4.65;0.28;324.79;16.36;1251;48;5247.00;178
13827;44;623730885;13827;480;15077;15255;4.58;0.28;324.78;16.36;1250;48;5248.00;178
13828;44;623730904;13828;471;15080;15256;4.57;0.28;324.77;16.37;1252;48;5249.00;176
13828;44;623730928;13828;472;15080;15256;4.52;0.28;324.77;16.37;1252;48;5250.00;176
13828;44;623730942;13828;478;15081;15256;4.51;0.28;324.77;16.38;1253;48;5251.00;175
13828;44;623730955;13828;472;15081;15256;4.48;0.27;324.77;16.38;1253;48;5252.00;175
13828;44;623730969;13828;469;15082;15256;4.46;0.27;324.77;16.40;1254;48;5253.00;174
13831;44;623730982;13831;459;15082;15256;4.46;0.27;324.81;16.40;1251;48;5254.00;174
13833;44;623730995;13833;470;15083;15256;4.49;0.27;324.78;16.41;1250;48;5255.00;173
13834;44;623731008;13834;465;15119;15326;4.69;0.29;324.77;16.37;1285;48;5256.00;207
13837;44;623731027;13837;470;15122;15327;4.70;0.29;324.81;16.37;1285;48;5257.00;205
13837;44;623731041;13837;471;15131;15327;4.72;0.29;324.81;16.37;1294;48;5258.00;196
13841;44;623731056;13841;469;15135;15327;4.75;0.29;324.83;16.37;1294;48;5259.00;192
13845;44;623731070;13845;472;15141;15327;4.74;0.29;324.88;16.38;1296;48;5260.00;186
13845;44;623731083;13845;479;15146;15327;4.77;0.29;324.88;16.40;1301;48;5261.00;181
13847;44;623731098;13847;487;15149;15327;4.74;0.29;324.87;16.41;1302;48;5262.00;178
13848;44;623731112;13848;493;15151;15327;4.73;0.29;324.86;16.40;1303;48;5263.00;176
13853;44;623731128;13853;487;15152;15328;4.66;0.28;324.82;16.40;1299;48;5264.00;176
13856;44;623731143;13856;487;15156;15330;4.58;0.28;324.88;16.41;1300;48;5265.00;174
13858;44;623731158;13858;489;15160;15330;4.56;0.28;324.88;16.43;1302;48;5266.00;170
13865;44;623731172;13865;491;15164;15334;4.50;0.27;324.92;16.44;1299;48;5267.00;170
13869;44;623731186;13869;498;15164;15334;4.47;0.27;325.00;16.44;1295;48;5268.00;170
13876;44;623731199;13876;501;15165;15334;4.38;0.27;325.01;16.45;1289;48;5269.00;169
13879;44;623731213;13879;499;15166;15334;4.36;0.27;325.08;16.46;1287;48;5270.00;168
13881;44;623731227;13881;503;15171;15340;4.40;0.27;325.12;16.45;1290;48;5271.00;169
13884;44;623731241;13884;502;15172;15340;4.41;0.27;325.19;16.46;1288;48;5272.00;168
13889;44;623731255;13889;493;15173;15340;4.43;0.27;325.17;16.46;1284;48;5273.00;167
13890;44;623731269;13890;487;15174;15343;4.46;0.27;325.22;16.46;1284;48;5274.00;169
13893;44;623731283;13893;481;15175;15343;4.47;0.27;325.27;16.47;1282;48;5275.00;168
13894;44;623731296;13894;475;15177;15343;4.53;0.28;325.25;16.49;1283;48;5276.00;166
13898;44;623731310;13898;470;15179;15344;4.56;0.28;325.25;16.49;1281;48;5277.00;165
13901;44;623731324;13901;466;15180;15345;4.61;0.28;325.23;16.49;1279;48;5278.00;165
13904;44;623731338;13904;465;15181;15345;4.61;0.28;325.32;16.50;1277;48;5279.00;164
13908;44;623731354;13908;468;15199;15371;4.75;0.29;325.34;16.48;1291;48;5280.00;172
13910;44;623731370;13910;465;15200;15371;4.78;0.29;325.34;16.48;1290;48;5281.00;171
13915;44;623731385;13915;456;15202;15371;4.80;0.29;325.37;16.48;1287;48;5282.00;169
13916;44;623731405;13916;456;15203;15372;4.88;0.30;325.37;16.48;1287;48;5283.00;169
13920;44;623731419;13920;459;15205;15372;4.93;0.30;325.35;16.48;1285;48;5284.00;167
13922;44;623731433;13922;455;15208;15376;4.98;0.30;325.36;16.47;1286;48;5285.00;168
13926;44;623731448;13926;455;15209;15376;5.00;0.30;325.37;16.47;1283;48;5286.00;167
13928;44;623731470;13928;461;15212;15379;5.00;0.30;325.36;16.47;1284;48;5287.00;167
13932;44;623731485;13932;461;15213;15380;5.01;0.30;325.32;16.47;1281;48;5288.00;167
13937;44;623731500;13937;446;15213;15380;5.02;0.31;325.34;16.47;1276;48;5289.00;167
13938;44;623731515;13938;439;15213;15380;5.08;0.31;325.33;16.47;1275;48;5290.00;167
13939;44;623731535;13939;435;15213;15380;5.14;0.31;325.32;16.47;1274;48;5291.00;167
13942;44;623731551;13942;432;15222;15392;5.22;0.32;325.31;16.46;1280;48;5292.00;170
13947;44;623731568;13947;431;15224;15392;5.23;0.32;325.40;16.46;1277;48;5293.00;168
13950;44;623731586;13950;432;15224;15392;5.25;0.32;325.39;16.46;1274;48;5294.00;168
13954;44;623731602;13954;435;15224;15392;5.24;0.32;325.45;16.46;1270;48;5295.00;168
13959;44;623731621;13959;436;15224;15392;5.28;0.32;325.54;16.46;1265;48;5296.00;168
13960;44;623731636;13960;437;15224;15392;5.28;0.32;325.53;16.46;1264;48;5297.00;168
13964;44;623731651;13964;441;15224;15393;5.30;0.32;325.54;16.46;1260;48;5298.00;169
13969;44;623731665;13969;443;15224;15393;5.31;0.32;325.54;16.46;1255;48;5299.00;169
13970;44;623731681;13970;434;15229;15399;5.38;0.33;325.54;16.45;1259;48;5300.00;170
13972;44;623731700;13972;427;15230;15400;5.41;0.33;325.60;16.45;1258;48;5301.00;170
13974;44;623731714;13974;428;15230;15400;5.43;0.33;325.60;16.45;1256;48;5302.00;170
13978;44;623731728;13978;424;15230;15400;5.38;0.33;325.68;16.45;1252;48;5303.00;170
13979;44;623731744;13979;430;15234;15404;5.41;0.33;325.70;16.58;1255;48;5304.00;170
13984;44;623731760;13984;435;15234;15404;5.34;0.32;325.72;16.58;1250;48;5305.00;170
13987;44;623731775;13987;428;15234;15404;5.32;0.32;325.79;16.58;1247;48;5306.00;170
13991;44;623731788;13991;428;15235;15405;5.30;0.32;325.87;16.58;1244;48;5307.00;170
13994;44;623731803;13994;422;15238;15409;5.28;0.32;325.90;16.58;1244;48;5308.00;171
13996;44;623731817;13996;425;15238;15409;5.28;0.32;325.95;16.58;1242;48;5309.00;171
14002;44;623731833;14002;413;15242;15415;5.31;0.32;326.01;16.57;1240;48;5310.00;173
14008;44;623731849;14008;412;15242;15415;5.26;0.32;326.00;16.57;1234;48;5311.00;173
14010;44;623731864;14010;409;15244;15415;5.25;0.32;326.05;16.57;1234;48;5312.00;171
14015;44;623731878;14015;418;15244;15415;5.21;0.32;326.07;16.57;1229;48;5313.00;171
14020;44;623731893;14020;420;15248;15419;5.23;0.32;326.12;16.57;1228;48;5314.00;171
14022;44;623731907;14022;420;15248;15419;5.20;0.32;326.15;16.57;1226;48;5315.00;171
14023;44;623731922;14023;419;15248;15419;5.22;0.32;326.18;16.57;1225;48;5316.00;171
14026;44;623731936;14026;414;15248;15419;5.21;0.32;326.22;16.57;1222;48;5317.00;171
14031;44;623731950;14031;409;15248;15420;5.20;0.32;326.25;16.57;1217;48;5318.00;172
14035;44;623731964;14035;409;15249;15421;5.22;0.32;326.26;16.57;1214;48;5319.00;172
14040;44;623731979;14040;410;15250;15421;5.22;0.32;326.35;16.70;1210;48;5320.00;171
14042;44;623731993;14042;407;15251;15422;5.27;0.32;326.38;16.70;1209;48;5321.00;171
14044;44;623732008;14044;403;15251;15422;5.29;0.32;326.45;16.70;1207;48;5322.00;171
14046;44;623732022;14046;409;15251;15422;5.28;0.32;326.52;16.70;1205;48;5323.00;171
14050;44;623732036;14050;406;15251;15422;5.24;0.32;326.63;16.70;1201;48;5324.00;171
14053;44;623732050;14053;406;15251;15422;5.14;0.32;326.64;16.70;1198;48;5325.00;171
14056;44;623732064;14056;398;15252;15422;5.08;0.31;326.73;16.84;1196;48;5326.00;170
14058;44;623732078;14058;396;15252;15422;5.06;0.31;326.80;16.84;1194;48;5327.00;170
14061;44;623732092;14061;415;15326;15549;5.17;0.32;326.89;16.76;1265;48;5328.00;223
14066;44;623732116;14066;400;15326;15550;5.14;0.32;326.89;16.76;1260;48;5329.00;224
14069;44;623732139;14069;394;15333;15550;5.22;0.33;326.97;16.88;1264;48;5330.00;217
14071;44;623732162;14071;388;15335;15550;5.30;0.33;326.99;16.88;1264;48;5331.00;215
14076;44;623732193;14076;390;15340;15550;5.38;0.33;326.97;17.01;1264;48;5332.00;210
14080;44;623732214;14080;388;15341;15550;5.47;0.34;326.99;17.01;1261;48;5333.00;209
14082;44;623732236;14082;386;15344;15550;5.58;0.34;326.96;17.01;1262;48;5334.00;206
14083;44;623732254;14083;388;15347;15550;5.68;0.35;326.99;17.01;1264;48;5335.00;203
14087;44;623732271;14087;389;15350;15551;5.74;0.35;327.03;17.01;1263;48;5336.00;201
14090;44;623732296;14090;388;15353;15552;5.73;0.35;327.02;17.01;1263;48;5337.00;199
14091;44;623732313;14091;386;15355;15552;5.72;0.35;327.04;17.01;1264;48;5338.00;197
14091;44;623732330;14091;390;15359;15553;5.77;0.35;327.04;17.14;1268;48;5339.00;194
14093;44;623732349;14093;392;15361;15553;5.74;0.35;327.05;17.13;1268;48;5340.00;192
14096;44;623732366;14096;387;15364;15553;5.70;0.35;327.11;17.13;1268;48;5341.00;189
14100;44;623732382;14100;390;15365;15553;5.68;0.35;327.14;17.13;1265;48;5342.00;188
14103;44;623732399;14103;383;15370;15557;5.69;0.35;327.17;17.13;1267;48;5343.00;187
14105;44;623732416;14105;385;15370;15557;5.65;0.35;327.27;17.13;1265;48;5344.00;187
14106;44;623732433;14106;383;15371;15557;5.62;0.34;327.27;17.13;1265;48;5345.00;186
14108;44;623732448;14108;388;15373;15560;5.62;0.34;327.28;17.13;1265;48;5346.00;187
14109;44;623732464;14109;380;15374;15560;5.58;0.34;327.28;17.13;1265;48;5347.00;186
14112;44;623732481;14112;387;15374;15560;5.57;0.34;327.24;17.13;1262;48;5348.00;186
14114;44;623732497;14114;395;15378;15564;5.59;0.34;327.26;17.12;1264;48;5349.00;186
14117;44;623732514;14117;391;15380;15565;5.64;0.34;327.35;17.12;1263;48;5350.00;185
14119;44;623732531;14119;389;15381;15565;5.67;0.35;327.36;17.12;1262;48;5351.00;184
14121;44;623732547;14121;396;15384;15569;5.73;0.35;327.40;17.12;1263;48;5352.00;185
14124;44;623732563;14124;395;15386;15569;5.73;0.35;327.48;17.12;1262;48;5353.00;183
14126;44;623732579;14126;403;15388;15569;5.74;0.35;327.52;17.25;1262;48;5354.00;181
14129;44;623732595;14129;400;15390;15571;5.72;0.35;327.57;17.25;1261;48;5355.00;181
14132;44;623732611;14132;400;15391;15571;5.69;0.35;327.69;17.25;1259;48;5356.00;180
14134;44;623732626;14134;400;15396;15577;5.67;0.34;327.74;17.25;1262;48;5357.00;181
14136;44;623732643;14136;398;15397;15577;5.61;0.34;327.73;17.25;1261;48;5358.00;180
14138;44;623732659;14138;392;15397;15577;5.62;0.34;327.70;17.25;1259;48;5359.00;180
14138;44;623732674;14138;402;15397;15578;5.62;0.34;327.70;17.25;1259;48;5360.00;181
14141;44;623732690;14141;404;15397;15578;5.59;0.34;327.70;17.25;1256;48;5361.00;181
14142;44;623732705;14142;408;15397;15578;5.60;0.34;327.69;17.25;1255;48;5362.00;181
14142;44;623732721;14142;419;15397;15578;5.59;0.34;327.69;17.25;1255;48;5363.00;181
14147;44;623732736;14147;426;15407;15590;5.62;0.34;327.76;17.23;1260;48;5364.00;183
14150;44;623732754;14150;423;15408;15590;5.59;0.34;327.81;17.36;1258;48;5365.00;182
14150;44;623732770;14150;427;15409;15590;5.60;0.34;327.81;17.36;1259;48;5366.00;181
14156;44;623732785;14156;432;15409;15590;5.54;0.34;327.80;17.36;1253;48;5367.00;181
14158;44;623732810;14158;437;15409;15590;5.49;0.33;327.81;17.36;1251;48;5368.00;181
14161;44;623732827;14161;442;15409;15590;5.48;0.33;327.80;17.36;1248;48;5369.00;181
14165;44;623732843;14165;444;15412;15594;5.45;0.33;327.91;17.36;1247;48;5370.00;182
14165;45;623732859;14165;443;15412;15594;5.44;0.33;327.91;17.36;1247;49;5371.00;182
14166;45;623732883;14166;437;15416;15598;5.49;0.33;327.92;17.36;1250;49;5372.00;182
14169;45;623732898;14169;443;15416;15599;5.44;0.33;327.88;17.36;1247;49;5373.00;183
14171;45;623732915;14171;438;15418;15599;5.39;0.33;327.86;17.37;1247;49;5374.00;181
14171;45;623732937;14171;431;15418;15599;5.36;0.33;327.86;17.37;1247;49;5375.00;181
14174;45;623732951;14174;435;15430;15612;5.34;0.33;327.88;17.37;1256;49;5376.00;182
14178;45;623732967;14178;430;15430;15612;5.33;0.32;327.86;17.37;1252;49;5377.00;182
14182;45;623732982;14182;433;15430;15612;5.33;0.32;327.81;17.37;1248;49;5378.00;182
14182;45;623732995;14182;430;15431;15613;5.35;0.33;327.81;17.37;1249;49;5379.00;182
14185;45;623733010;14185;426;15431;15614;5.33;0.33;327.84;17.37;1246;49;5380.00;183
14185;45;623733025;14185;426;15431;15614;5.29;0.32;327.84;17.37;1246;49;5381.00;183
14187;45;623733039;14187;419;15433;15617;5.27;0.32;327.84;17.37;1246;49;5382.00;184
14191;45;623733052;14191;425;15434;15617;5.25;0.32;327.82;17.36;1243;49;5383.00;183
14192;45;623733066;14192;430;15434;15617;5.24;0.32;327.80;17.36;1242;49;5384.00;183
14195;45;623733079;14195;429;15434;15617;5.20;0.32;327.75;17.36;1239;49;5385.00;183
14197;45;623733094;14197;443;15439;15623;5.22;0.32;327.77;17.36;1242;49;5386.00;184
14200;45;623733108;14200;433;15439;15623;5.15;0.31;327.78;17.36;1239;49;5387.00;184
14202;45;623733123;14202;427;15439;15623;5.08;0.31;327.78;17.36;1237;49;5388.00;184
14202;45;623733137;14202;427;15439;15623;5.06;0.31;327.78;17.36;1237;49;5389.00;184
14205;45;623733151;14205;422;15442;15627;5.05;0.31;327.77;17.36;1237;49;5390.00;185
14208;45;623733166;14208;418;15443;15628;5.04;0.31;327.74;17.35;1235;49;5391.00;185
14210;45;623733180;14210;417;15443;15628;5.02;0.31;327.72;17.35;1233;49;5392.00;185
14213;46;623733193;14213;417;15444;15629;5.02;0.31;327.75;17.35;1231;50;5393.00;185
14216;46;623733223;14216;413;15444;15629;5.00;0.31;327.77;17.35;1228;50;5394.00;185
14216;46;623733237;14216;414;15444;15629;5.02;0.31;327.77;17.35;1228;50;5395.00;185
14219;46;623733255;14219;414;15444;15629;5.02;0.31;327.76;17.35;1225;50;5396.00;185
14220;46;623733268;14220;415;15445;15629;5.00;0.31;327.75;17.36;1225;50;5397.00;184
14222;46;623733286;14222;417;15445;15629;4.98;0.30;327.72;17.36;1223;50;5398.00;184
14223;46;623733304;14223;421;15445;15629;4.97;0.30;327.72;17.36;1222;50;5399.00;184
