step_arrived;step_collisions;step_duration;step_ended;step_halting;step_inserted;step_loaded;step_meanSpeed;step_meanSpeedRelative;step_meanTravelTime;step_meanWaitingTime;step_running;step_teleports;step_time;step_waiting
0;0;623178038;0;1;89;245;16.21;1.14;-1.00;0.00;89;0;0.00;156
0;0;623178067;0;1;104;245;15.26;1.05;-1.00;0.14;104;0;1.00;141
0;0;623178068;0;0;124;245;14.53;0.99;-1.00;0.44;124;0;2.00;121
0;0;623178070;0;2;136;245;13.63;0.92;-1.00;0.67;136;0;3.00;109
0;0;623178071;0;4;151;245;12.45;0.83;-1.00;1.00;151;0;4.00;94
0;0;623178072;0;5;156;245;11.88;0.79;-1.00;1.13;156;0;5.00;89
0;0;623178074;0;9;170;245;10.94;0.73;-1.00;1.53;170;0;6.00;75
0;0;623178075;0;17;178;245;10.37;0.69;-1.00;1.78;178;0;7.00;67
0;0;623178077;0;22;184;246;9.84;0.65;-1.00;1.98;184;0;8.00;62
0;0;623178079;0;25;191;247;9.40;0.62;-1.00;2.24;191;0;9.00;56
0;0;623178081;0;31;195;247;9.17;0.61;-1.00;2.39;195;0;10.00;52
1;0;623178083;1;35;200;248;8.88;0.59;11.00;2.56;199;0;11.00;48
2;0;623178085;2;34;205;248;8.83;0.58;11.50;2.79;203;0;12.00;43
2;0;623178088;2;40;209;248;8.64;0.56;11.50;2.99;207;0;13.00;39
2;0;623178090;2;44;214;248;8.49;0.55;11.50;3.24;212;0;14.00;34
2;0;623178093;2;46;218;252;8.44;0.55;11.50;3.33;216;0;15.00;34
2;0;623178096;2;48;220;252;8.40;0.54;11.50;3.45;218;0;16.00;32
2;0;623178099;2;55;224;252;8.39;0.54;11.50;3.69;222;0;17.00;28
3;0;623178102;3;61;226;255;8.53;0.54;13.67;3.81;223;0;18.00;29
3;0;623178105;3;62;231;255;8.63;0.55;13.67;4.05;228;0;19.00;24
4;0;623178108;4;67;235;255;8.55;0.54;15.25;4.25;231;0;20.00;20
5;0;623178117;5;70;240;259;8.74;0.55;16.40;4.26;235;0;21.00;19
5;0;623178121;5;74;242;260;8.79;0.55;16.40;4.32;237;0;22.00;18
6;0;623178123;6;79;244;260;8.69;0.55;17.33;4.48;238;0;23.00;16
6;0;623178126;6;80;247;264;8.74;0.55;17.33;4.52;241;0;24.00;17
7;0;623178129;7;85;248;264;8.85;0.55;18.43;4.50;241;0;25.00;16
7;0;623178132;7;87;251;264;8.83;0.55;18.43;4.67;244;0;26.00;13
7;0;623178135;7;92;253;265;8.69;0.54;18.43;4.84;246;0;27.00;12
7;0;623178138;7;94;253;265;8.72;0.54;18.43;4.84;246;0;28.00;12
7;0;623178141;7;97;260;271;8.67;0.54;18.43;4.90;253;0;29.00;11
7;0;623178146;7;99;260;271;8.68;0.54;18.43;4.90;253;0;30.00;11
8;0;623178149;8;101;261;272;8.52;0.53;19.63;4.89;253;0;31.00;11
9;0;623178152;9;104;263;272;8.43;0.52;21.00;5.02;254;0;32.00;9
10;0;623178155;10;107;263;272;8.34;0.52;22.20;5.02;253;0;33.00;9
10;0;623178159;10;109;265;272;8.41;0.52;22.20;5.14;255;0;34.00;7
10;0;623178162;10;114;265;272;8.40;0.52;22.20;5.14;255;0;35.00;7
10;0;623178165;10;118;277;284;8.66;0.54;22.20;5.04;267;0;36.00;7
11;0;623178169;11;120;277;284;8.62;0.53;22.91;5.04;266;0;37.00;7
12;0;623178172;12;121;278;284;8.58;0.53;23.83;5.13;266;0;38.00;6
13;0;623178175;13;123;279;284;8.64;0.53;24.77;5.19;266;0;39.00;5
13;0;623178178;13;126;280;284;8.67;0.54;24.77;5.21;267;0;40.00;4
13;0;623178181;13;127;281;284;8.56;0.53;24.77;5.21;268;0;41.00;3
13;0;623178184;13;129;285;288;8.45;0.52;24.77;5.15;272;0;42.00;3
15;0;623178188;15;132;285;288;8.32;0.52;25.67;5.15;270;0;43.00;3
16;0;623178191;16;135;289;292;8.22;0.51;26.50;5.10;273;0;44.00;3
16;0;623178194;16;139;291;294;8.08;0.50;26.50;5.06;275;0;45.00;3
16;0;623178197;16;139;291;294;7.94;0.50;26.50;5.06;275;0;46.00;3
18;0;623178200;18;137;291;294;7.75;0.49;28.06;5.06;273;0;47.00;3
20;0;623178203;20;141;302;307;7.95;0.49;30.05;4.88;282;0;48.00;5
20;0;623178207;20;145;302;307;7.90;0.49;30.05;4.88;282;0;49.00;5
20;0;623178210;20;144;302;307;7.82;0.49;30.05;4.88;282;0;50.00;5
20;0;623178213;20;144;303;308;7.82;0.49;30.05;4.86;283;0;51.00;5
20;0;623178216;20;145;304;309;7.78;0.49;30.05;4.85;284;0;52.00;5
20;0;623178219;20;147;304;309;7.78;0.49;30.05;4.85;284;0;53.00;5
20;0;623178222;20;149;306;312;7.83;0.49;30.05;4.82;286;0;54.00;6
22;0;623178225;22;151;306;312;7.62;0.47;30.64;4.82;284;0;55.00;6
24;0;623178228;24;139;307;312;7.59;0.47;31.63;4.81;283;0;56.00;5
24;0;623178231;24;139;307;312;7.57;0.47;31.63;4.81;283;0;57.00;5
26;0;623178234;26;140;313;318;7.65;0.47;33.58;4.74;287;0;58.00;5
27;0;623178238;27;140;313;318;7.72;0.47;34.37;4.74;286;0;59.00;5
29;0;623178242;29;144;313;318;7.64;0.47;35.21;4.74;284;0;60.00;5
30;0;623178245;30;145;313;318;7.61;0.47;36.07;4.74;283;0;61.00;5
31;0;623178249;31;148;317;322;7.57;0.46;36.90;4.69;286;0;62.00;5
31;0;623178253;31;150;318;323;7.65;0.47;36.90;4.68;287;0;63.00;5
33;0;623178257;33;151;318;323;7.67;0.47;38.15;4.68;285;0;64.00;5
33;0;623178261;33;152;319;324;7.72;0.47;38.15;4.66;286;0;65.00;5
33;0;623178265;33;154;319;324;7.75;0.47;38.15;4.66;286;0;66.00;5
34;0;623178267;34;145;319;324;7.75;0.48;37.76;4.66;285;0;67.00;5
34;0;623178270;34;141;319;324;7.86;0.48;37.76;4.66;285;0;68.00;5
35;0;623178273;35;137;319;324;7.98;0.49;38.06;4.66;284;0;69.00;5
35;0;623178277;35;133;319;324;8.11;0.50;38.06;4.66;284;0;70.00;5
35;0;623178280;35;130;319;324;8.26;0.51;38.06;4.66;284;0;71.00;5
35;0;623178283;35;134;352;394;8.41;0.52;38.06;4.23;317;0;72.00;42
35;0;623178291;35;127;353;395;8.61;0.53;38.06;4.22;318;0;73.00;42
36;0;623178295;36;121;360;395;8.91;0.55;39.06;4.17;324;0;74.00;35
38;0;623178298;38;119;362;395;9.04;0.55;40.92;4.17;324;0;75.00;33
39;0;623178302;39;116;365;395;9.33;0.57;41.82;4.17;326;0;76.00;30
40;1;623178306;40;116;365;395;9.42;0.57;42.70;4.17;325;1;77.00;30
40;1;623178322;40;117;369;395;9.65;0.59;42.70;4.19;329;1;78.00;26
40;2;623178327;40;120;370;395;9.80;0.60;42.70;4.19;330;2;79.00;25
40;2;623178354;40;119;373;396;9.93;0.60;42.70;4.23;333;2;80.00;23
41;2;623178361;41;118;376;397;10.03;0.61;43.12;4.26;335;2;81.00;21
41;2;623178385;41;120;378;397;10.10;0.61;43.12;4.29;337;2;82.00;19
41;2;623178392;41;121;385;401;9.99;0.61;43.12;4.29;344;2;83.00;16
43;2;623178399;43;122;386;401;9.93;0.60;44.81;4.29;343;2;84.00;15
43;2;623178405;43;125;386;401;9.81;0.60;44.81;4.29;343;2;85.00;15
44;2;623178410;44;124;386;401;9.65;0.59;45.61;4.29;342;2;86.00;15
45;2;623178417;45;126;391;407;9.56;0.58;46.42;4.25;346;2;87.00;16
47;2;623178425;47;126;391;407;9.33;0.57;48.19;4.25;344;2;88.00;16
47;2;623178431;47;127;391;407;9.19;0.56;48.19;4.25;344;2;89.00;16
48;2;623178438;48;131;395;413;9.15;0.56;49.06;4.21;347;2;90.00;18
48;2;623178446;48;130;395;413;9.06;0.55;49.06;4.21;347;2;91.00;18
50;2;623178451;50;131;397;413;9.01;0.55;50.78;4.19;347;2;92.00;16
52;2;623178457;52;132;398;414;8.90;0.54;52.40;4.19;346;2;93.00;16
55;2;623178463;55;132;399;415;8.85;0.54;54.67;4.18;344;2;94.00;16
60;2;623178467;60;131;399;415;8.68;0.53;56.72;4.18;339;2;95.00;16
60;2;623178472;60;136;410;428;8.71;0.53;56.72;4.07;350;2;96.00;18
62;2;623178476;62;134;410;428;8.72;0.53;58.00;4.07;348;2;97.00;18
63;2;623178480;63;135;410;428;8.79;0.54;58.63;4.07;347;2;98.00;18
64;2;623178484;64;133;411;429;8.87;0.54;59.20;4.06;347;2;99.00;18
65;2;623178489;65;129;411;429;8.89;0.54;59.83;4.06;346;2;100.00;18
67;2;623178498;67;127;414;433;9.05;0.55;60.69;4.03;347;2;101.00;19
67;2;623178503;67;121;414;433;9.19;0.56;60.69;4.03;347;2;102.00;19
68;2;623178506;68;115;418;437;9.23;0.56;61.22;4.00;350;2;103.00;19
69;2;623178511;69;108;418;437;9.45;0.58;61.81;4.00;349;2;104.00;19
71;2;623178516;71;105;420;437;9.65;0.59;62.97;4.14;349;2;105.00;17
72;2;623178522;72;98;420;437;9.88;0.60;63.51;4.14;348;2;106.00;17
72;2;623178526;72;92;420;437;10.06;0.61;63.51;4.14;348;2;107.00;17
72;2;623178531;72;89;431;449;10.31;0.63;63.51;4.04;359;2;108.00;18
72;2;623178537;72;83;432;449;10.43;0.64;63.51;4.03;360;2;109.00;17
72;2;623178541;72;76;432;449;10.62;0.65;63.51;4.03;360;2;110.00;17
73;2;623178548;73;76;432;449;10.66;0.65;64.16;4.03;359;2;111.00;17
73;2;623178554;73;74;432;449;10.78;0.66;64.16;4.03;359;2;112.00;17
73;2;623178559;73;73;432;449;10.94;0.67;64.16;4.03;359;2;113.00;17
74;2;623178564;74;71;433;450;11.03;0.67;64.82;4.02;359;2;114.00;17
74;2;623178569;74;67;433;450;11.09;0.68;64.82;4.02;359;2;115.00;17
76;2;623178574;76;68;438;456;11.21;0.68;66.09;3.99;362;2;116.00;18
78;2;623178580;78;66;440;457;11.10;0.67;67.40;4.24;362;2;117.00;17
78;2;623178585;78;65;440;457;11.00;0.67;67.40;4.24;362;2;118.00;17
78;2;623178590;78;67;440;457;11.03;0.67;67.40;4.24;362;2;119.00;17
78;2;623178597;78;73;445;462;11.00;0.67;67.40;4.46;367;2;120.00;17
80;2;623178608;80;74;447;462;10.94;0.67;68.71;4.66;367;2;121.00;15
80;2;623178613;80;77;448;462;10.94;0.67;68.71;4.92;368;2;122.00;14
81;2;623178619;81;79;451;463;10.86;0.66;68.94;5.12;370;2;123.00;12
82;2;623178625;82;83;456;467;10.83;0.66;69.57;5.23;374;2;124.00;11
82;2;623178631;82;84;456;467;10.88;0.66;69.57;5.23;374;2;125.00;11
84;2;623178636;84;89;459;470;11.06;0.68;70.48;5.37;375;2;126.00;11
85;2;623178643;85;91;461;470;11.18;0.68;70.72;5.47;376;2;127.00;9
86;2;623178649;86;88;463;470;11.29;0.69;71.36;5.69;377;2;128.00;7
86;2;623178655;86;88;465;470;11.32;0.69;71.36;5.88;379;2;129.00;5
87;2;623178664;87;90;469;474;11.47;0.70;72.01;5.90;382;2;130.00;5
88;2;623178671;88;91;470;474;11.45;0.70;72.68;5.92;382;2;131.00;4
90;2;623178677;90;91;472;474;11.50;0.71;73.20;5.98;382;2;132.00;2
92;2;623178683;92;91;472;474;11.49;0.71;74.17;5.98;380;2;133.00;2
94;2;623178690;94;92;474;475;11.48;0.71;74.21;6.03;380;2;134.00;1
95;2;623178696;95;92;476;477;11.52;0.71;74.82;6.01;381;2;135.00;1
98;2;623178702;98;93;477;477;11.50;0.71;76.31;6.03;379;2;136.00;0
100;2;623178709;100;94;478;478;11.51;0.71;77.04;6.02;378;2;137.00;0
100;2;623178715;100;97;478;478;11.59;0.71;77.04;6.02;378;2;138.00;0
102;2;623178720;102;99;478;478;11.56;0.71;77.41;6.02;376;2;139.00;0
102;2;623178726;102;100;478;478;11.57;0.71;77.41;6.02;376;2;140.00;0
103;2;623178732;103;101;478;478;11.54;0.71;78.03;6.02;375;2;141.00;0
107;2;623178738;107;100;478;478;11.49;0.71;78.57;6.02;371;2;142.00;0
107;2;623178744;107;102;478;478;11.46;0.71;78.57;6.02;371;2;143.00;0
107;2;623178749;107;123;557;605;11.03;0.70;78.57;5.17;450;2;144.00;48
108;2;623178770;108;118;561;606;10.91;0.69;79.06;5.14;453;2;145.00;45
109;2;623178780;109;117;568;606;10.98;0.69;79.68;5.10;459;2;146.00;38
111;2;623178787;111;119;569;606;10.92;0.69;80.50;5.10;458;2;147.00;37
115;2;623178797;115;121;575;606;10.89;0.68;81.30;5.09;460;2;148.00;31
119;2;623178806;119;119;575;606;10.79;0.67;83.47;5.09;456;2;149.00;31
120;2;623178818;120;120;580;611;10.71;0.67;84.03;5.07;460;2;150.00;31
122;2;623178826;122;116;583;611;10.70;0.67;85.12;5.08;461;2;151.00;28
125;2;623178833;125;117;586;612;10.76;0.67;86.45;5.10;461;2;152.00;26
127;2;623178840;127;118;591;613;10.72;0.66;87.29;5.13;464;2;153.00;22
128;2;623178847;128;120;594;613;10.83;0.67;87.78;5.16;466;2;154.00;19
130;2;623178854;130;121;598;614;10.76;0.67;87.71;5.18;468;2;155.00;16
131;2;623178861;131;128;602;614;10.64;0.66;88.21;5.20;471;2;156.00;12
133;2;623178868;133;130;605;614;10.55;0.65;89.21;5.23;472;2;157.00;9
135;2;623178875;135;133;606;614;10.54;0.65;90.18;5.25;471;2;158.00;8
135;2;623178883;135;138;610;618;10.50;0.65;90.18;5.24;475;2;159.00;8
138;2;623178891;138;141;610;618;10.43;0.65;90.61;5.24;472;2;160.00;8
140;2;623178897;140;142;612;618;10.34;0.64;91.61;5.26;472;2;161.00;6
143;2;623178903;143;144;613;621;10.27;0.64;91.65;5.25;470;2;162.00;8
145;2;623178910;145;146;613;621;10.13;0.63;92.63;5.25;468;2;163.00;8
146;2;623178916;146;146;614;621;9.96;0.62;93.12;5.27;468;2;164.00;7
149;2;623178923;149;149;619;625;9.86;0.61;93.51;5.30;470;2;165.00;6
150;2;623178930;150;146;621;626;9.75;0.60;93.51;5.31;471;2;166.00;5
153;2;623178936;153;148;623;626;9.66;0.60;93.36;5.34;470;2;167.00;3
156;2;623178942;156;147;628;630;9.53;0.59;94.65;5.30;472;2;168.00;2
158;2;623178948;158;147;628;630;9.36;0.58;95.42;5.30;470;2;169.00;2
158;2;623178954;158;140;629;630;9.24;0.57;95.42;5.30;471;2;170.00;1
160;2;623178960;160;138;630;631;9.17;0.57;95.55;5.30;470;2;171.00;1
160;2;623178966;160;135;630;631;9.24;0.57;95.55;5.30;470;2;172.00;1
161;2;623178972;161;135;636;637;9.27;0.57;95.93;5.25;475;2;173.00;1
161;2;623178979;161;136;636;637;9.31;0.58;95.93;5.25;475;2;174.00;1
162;2;623178984;162;136;637;638;9.26;0.57;95.65;5.25;475;2;175.00;1
162;2;623178995;162;138;638;638;9.27;0.57;95.65;5.28;476;2;176.00;0
164;2;623179001;164;134;638;638;9.26;0.57;95.98;5.28;474;2;177.00;0
164;2;623179007;164;134;638;638;9.31;0.58;95.98;5.28;474;2;178.00;0
164;2;623179013;164;127;638;638;9.27;0.57;95.98;5.28;474;2;179.00;0
167;2;623179020;167;129;668;672;9.28;0.58;96.82;5.04;501;2;180.00;4
168;2;623179028;168;127;668;672;9.15;0.57;97.20;5.04;500;2;181.00;4
169;2;623179035;169;127;671;672;9.10;0.57;97.69;5.03;502;2;182.00;1
172;2;623179041;172;133;671;672;8.96;0.56;97.78;5.03;499;2;183.00;1
173;2;623179047;173;136;672;672;8.91;0.55;98.28;5.03;499;2;184.00;0
177;2;623179052;177;142;672;672;8.87;0.55;99.18;5.03;495;2;185.00;0
180;2;623179058;180;149;676;676;8.98;0.55;99.52;5.00;496;2;186.00;0
181;2;623179065;181;156;676;676;8.98;0.55;100.00;5.00;495;2;187.00;0
181;2;623179070;181;157;680;680;9.05;0.56;100.00;4.98;499;2;188.00;0
182;2;623179082;182;160;681;681;8.94;0.55;99.96;4.97;499;2;189.00;0
186;2;623179088;186;166;681;681;8.78;0.54;100.22;4.97;495;2;190.00;0
188;2;623179094;188;174;681;681;8.73;0.54;100.46;4.97;493;2;191.00;0
190;2;623179100;190;182;694;694;8.74;0.53;100.61;4.88;504;2;192.00;0
194;2;623179108;194;184;694;694;8.58;0.52;99.43;4.88;500;2;193.00;0
194;2;623179114;194;187;694;694;8.49;0.52;99.43;4.88;500;2;194.00;0
194;2;623179120;194;193;695;695;8.38;0.51;99.43;4.87;501;2;195.00;0
194;2;623179126;194;193;696;696;8.35;0.51;99.43;4.87;502;2;196.00;0
197;2;623179132;197;200;696;696;8.27;0.51;99.78;4.87;499;2;197.00;0
199;2;623179137;199;204;698;699;8.22;0.51;99.30;4.86;499;2;198.00;1
201;2;623179144;201;204;698;699;8.08;0.50;99.51;4.86;497;2;199.00;1
204;2;623179151;204;208;699;699;7.99;0.49;99.55;4.85;495;2;200.00;0
204;2;623179160;204;213;699;699;7.86;0.48;99.55;4.85;495;2;201.00;0
206;2;623179167;206;216;705;705;7.71;0.47;99.15;4.82;499;2;202.00;0
208;2;623179174;208;223;705;705;7.59;0.47;99.66;4.82;497;2;203.00;0
211;2;623179180;211;228;705;705;7.48;0.46;98.98;4.82;494;2;204.00;0
214;2;623179185;214;235;705;705;7.32;0.45;98.78;4.82;491;2;205.00;0
215;2;623179190;215;236;709;709;7.26;0.45;98.70;4.80;494;2;206.00;0
217;2;623179196;217;241;710;710;7.16;0.44;98.61;4.79;493;2;207.00;0
218;2;623179203;218;243;710;710;7.02;0.43;99.02;4.79;492;2;208.00;0
218;2;623179210;218;249;711;711;6.99;0.43;99.02;4.78;493;2;209.00;0
221;2;623179220;221;253;711;711;6.87;0.42;99.35;4.78;490;2;210.00;0
222;2;623179226;222;256;711;711;6.82;0.42;99.83;4.78;489;2;211.00;0
223;2;623179232;223;260;711;711;6.77;0.42;100.30;4.78;488;2;212.00;0
224;2;623179237;224;265;711;711;6.64;0.41;99.94;4.78;487;2;213.00;0
225;2;623179242;225;267;711;711;6.56;0.40;99.81;4.78;486;2;214.00;0
227;2;623179248;227;270;711;711;6.48;0.40;100.60;4.78;484;2;215.00;0
227;2;623179254;227;284;755;781;6.73;0.42;100.60;4.51;528;2;216.00;26
228;2;623179267;228;266;757;782;6.69;0.41;101.11;4.50;529;2;217.00;25
229;2;623179274;229;266;764;782;6.79;0.42;101.20;4.47;535;2;218.00;18
230;2;623179282;230;249;767;782;6.90;0.43;101.44;4.47;537;2;219.00;15
231;2;623179288;231;240;769;782;7.02;0.43;101.95;4.47;538;2;220.00;13
232;2;623179294;232;233;771;782;7.13;0.44;102.44;4.47;539;2;221.00;11
234;2;623179302;234;229;773;782;7.26;0.44;103.10;4.47;539;2;222.00;9
234;2;623179317;234;227;776;782;7.45;0.46;103.10;4.48;542;2;223.00;6
235;2;623179333;235;224;777;783;7.59;0.46;103.61;4.49;542;2;224.00;6
236;2;623179342;236;225;780;785;7.71;0.47;103.69;4.49;544;2;225.00;5
237;2;623179355;237;211;783;785;7.93;0.48;104.19;4.50;546;2;226.00;2
239;2;623179363;239;203;788;789;8.04;0.49;103.75;4.49;549;2;227.00;1
240;2;623179371;240;200;789;789;8.30;0.51;104.07;4.49;549;2;228.00;0
242;2;623179379;242;192;789;789;8.54;0.52;104.88;4.49;547;2;229.00;0
242;2;623179386;242;182;789;789;8.78;0.54;104.88;4.49;547;2;230.00;0
244;2;623179394;244;176;795;795;8.96;0.55;105.36;4.47;551;2;231.00;0
245;2;623179402;245;172;795;795;9.08;0.56;105.29;4.47;550;2;232.00;0
246;2;623179410;246;170;795;795;9.23;0.56;105.09;4.47;549;2;233.00;0
246;2;623179418;246;163;797;798;9.39;0.57;105.09;4.46;551;2;234.00;1
247;2;623179425;247;158;797;798;9.53;0.58;105.61;4.46;550;2;235.00;1
248;2;623179432;248;157;798;798;9.70;0.59;106.11;4.45;550;2;236.00;0
249;2;623179442;249;154;799;799;9.75;0.60;106.25;4.45;550;2;237.00;0
249;2;623179450;249;151;800;800;9.83;0.60;106.25;4.44;551;2;238.00;0
252;2;623179457;252;148;800;800;9.86;0.60;107.03;4.44;548;2;239.00;0
257;2;623179466;257;149;823;826;9.72;0.60;107.37;4.32;566;2;240.00;3
258;2;623179477;258;149;823;826;9.84;0.60;107.88;4.32;565;2;241.00;3
260;2;623179484;260;141;825;826;10.02;0.61;108.03;4.31;565;2;242.00;1
263;2;623179491;263;134;827;827;10.19;0.62;108.97;4.31;564;2;243.00;0
264;2;623179498;264;130;827;827;10.38;0.64;108.93;4.31;563;2;244.00;0
266;2;623179505;266;123;831;831;10.57;0.65;109.52;4.29;565;2;245.00;0
270;2;623179513;270;119;831;831;10.63;0.65;110.78;4.29;561;2;246.00;0
272;2;623179521;272;115;835;835;10.68;0.65;111.69;4.28;563;2;247.00;0
275;2;623179529;275;107;835;835;10.78;0.66;112.68;4.28;560;2;248.00;0
277;2;623179537;277;106;835;835;10.85;0.66;112.84;4.28;558;2;249.00;0
280;2;623179546;280;106;835;835;10.96;0.67;113.24;4.28;555;2;250.00;0
283;2;623179555;283;106;835;835;11.04;0.67;113.83;4.28;552;2;251.00;0
285;2;623179562;285;105;845;847;11.09;0.68;114.12;4.22;560;2;252.00;2
288;2;623179570;288;101;845;847;11.15;0.68;114.97;4.22;557;2;253.00;2
289;2;623179577;289;102;847;847;11.32;0.69;115.02;4.22;558;2;254.00;0
290;2;623179584;290;105;847;847;11.46;0.70;115.26;4.22;557;2;255.00;0
290;2;623179592;290;104;847;847;11.60;0.71;115.26;4.22;557;2;256.00;0
293;2;623179599;293;105;847;847;11.69;0.71;115.75;4.22;554;2;257.00;0
295;2;623179606;295;107;848;848;11.76;0.72;116.14;4.22;553;2;258.00;0
297;2;623179613;297;108;848;848;11.88;0.72;116.71;4.22;551;2;259.00;0
297;2;623179620;297;108;854;854;11.90;0.72;116.71;4.19;557;2;260.00;0
298;2;623179634;298;109;855;855;11.91;0.72;117.15;4.19;557;2;261.00;0
302;2;623179641;302;108;855;855;11.89;0.72;117.11;4.19;553;2;262.00;0
305;2;623179648;305;110;855;855;11.82;0.72;117.00;4.19;550;2;263.00;0
306;2;623179656;306;111;859;859;11.87;0.72;116.94;4.17;553;2;264.00;0
306;2;623179665;306;112;859;859;11.88;0.72;116.94;4.17;553;2;265.00;0
310;2;623179672;310;113;859;859;11.94;0.72;118.07;4.17;549;2;266.00;0
312;2;623179680;312;114;860;860;12.02;0.73;118.70;4.17;548;2;267.00;0
314;2;623179688;314;115;864;864;11.94;0.72;119.04;4.15;550;2;268.00;0
317;2;623179695;317;113;864;864;11.99;0.73;118.92;4.15;547;2;269.00;0
323;2;623179704;323;110;868;870;12.04;0.73;119.95;4.13;545;2;270.00;2
325;2;623179712;325;106;868;870;12.07;0.73;120.22;4.13;543;2;271.00;2
327;2;623179718;327;99;870;870;12.21;0.74;120.89;4.13;543;2;272.00;0
329;2;623179725;329;97;870;870;12.25;0.74;120.93;4.13;541;2;273.00;0
332;2;623179732;332;94;874;874;12.30;0.74;121.51;4.11;542;2;274.00;0
334;2;623179740;334;90;874;874;12.38;0.75;121.78;4.11;540;2;275.00;0
334;2;623179747;334;87;874;874;12.49;0.75;121.78;4.11;540;2;276.00;0
337;2;623179754;337;84;874;874;12.49;0.76;121.88;4.11;537;2;277.00;0
340;2;623179761;340;79;875;875;12.52;0.76;121.77;4.11;535;2;278.00;0
341;2;623179768;341;78;876;876;12.57;0.76;122.06;4.10;535;2;279.00;0
343;2;623179777;343;75;876;876;12.58;0.76;122.33;4.10;533;2;280.00;0
344;2;623179785;344;72;877;877;12.58;0.76;122.72;4.10;533;2;281.00;0
345;2;623179792;345;71;877;877;12.58;0.76;122.55;4.10;532;2;282.00;0
348;2;623179799;348;74;877;877;12.56;0.76;122.52;4.10;529;2;283.00;0
348;2;623179806;348;74;877;877;12.54;0.76;122.52;4.10;529;2;284.00;0
349;2;623179813;349;73;877;877;12.53;0.76;122.95;4.10;528;2;285.00;0
351;2;623179820;351;75;877;877;12.56;0.76;123.43;4.10;526;2;286.00;0
353;2;623179827;353;76;877;877;12.51;0.76;123.69;4.10;524;2;287.00;0
353;2;623179834;353;100;947;1004;12.04;0.74;123.69;3.80;594;2;288.00;57
355;2;623179851;355;87;951;1005;11.96;0.74;124.19;3.79;596;2;289.00;54
355;2;623179859;355;83;958;1005;11.93;0.73;124.19;3.78;603;2;290.00;47
355;2;623179866;355;86;960;1005;11.85;0.73;124.19;3.77;605;2;291.00;45
356;2;623179873;356;87;965;1005;11.92;0.73;124.19;3.78;609;2;292.00;40
357;2;623179883;357;93;969;1005;11.93;0.74;124.66;3.78;612;2;293.00;36
357;2;623179891;357;90;972;1005;11.94;0.74;124.66;3.79;615;2;294.00;33
361;2;623179899;361;90;975;1005;11.94;0.73;125.71;3.80;614;2;295.00;30
362;2;623179907;362;91;978;1006;11.96;0.73;125.52;3.81;616;2;296.00;28
364;2;623179915;364;99;983;1007;11.91;0.73;125.84;3.84;619;2;297.00;24
367;2;623179924;367;101;985;1007;11.83;0.72;125.22;3.85;618;2;298.00;22
369;2;623179931;369;109;988;1008;11.73;0.72;125.51;3.87;619;2;299.00;20
369;2;623179942;369;114;993;1014;11.57;0.71;125.51;3.89;624;2;300.00;21
371;2;623179955;371;115;994;1014;11.41;0.70;125.89;3.90;623;2;301.00;20
372;2;623179963;372;118;1000;1014;11.29;0.69;125.97;3.95;628;2;302.00;14
376;2;623179972;376;125;1002;1018;11.15;0.69;127.03;3.94;626;2;303.00;16
378;2;623179980;378;135;1003;1018;11.08;0.68;126.82;3.94;625;2;304.00;15
381;2;623179994;381;145;1006;1018;10.96;0.67;127.41;3.97;625;2;305.00;12
383;2;623180003;383;149;1011;1021;10.84;0.66;127.79;4.00;628;2;306.00;10
385;2;623180011;385;153;1011;1021;10.80;0.66;127.66;4.00;626;2;307.00;10
386;2;623180019;386;156;1011;1021;10.73;0.66;127.63;4.00;625;2;308.00;10
389;2;623180028;389;161;1016;1025;10.54;0.65;128.58;4.01;627;2;309.00;9
392;2;623180035;392;173;1019;1026;10.42;0.64;128.45;4.01;627;2;310.00;7
394;2;623180044;394;179;1021;1026;10.17;0.62;128.55;4.03;627;2;311.00;5
394;3;623180051;394;181;1024;1030;9.98;0.61;128.55;4.01;630;3;312.00;6
395;3;623180070;395;182;1025;1030;9.85;0.61;128.71;4.01;630;3;313.00;5
398;3;623180077;398;187;1026;1030;9.61;0.59;129.46;4.02;628;3;314.00;4
400;3;623180084;400;194;1028;1032;9.48;0.58;130.01;4.01;628;3;315.00;4
402;3;623180092;402;200;1028;1032;9.42;0.58;130.30;4.01;626;3;316.00;4
403;3;623180099;403;200;1034;1038;9.39;0.58;130.75;3.99;631;3;317.00;4
405;3;623180108;405;208;1034;1038;9.30;0.57;131.05;3.99;629;3;318.00;4
408;3;623180116;408;202;1035;1039;9.16;0.56;131.21;3.99;627;3;319.00;4
411;3;623180123;411;204;1035;1039;9.01;0.55;131.84;3.99;624;3;320.00;4
412;3;623180136;412;207;1037;1039;8.96;0.55;131.72;4.05;625;3;321.00;2
414;3;623180144;414;211;1037;1039;8.92;0.55;132.06;4.05;623;3;322.00;2
418;3;623180151;418;215;1037;1039;8.88;0.54;132.41;4.05;619;3;323.00;2
418;3;623180158;418;216;1049;1051;8.94;0.55;132.41;4.03;631;3;324.00;2
421;3;623180166;421;216;1049;1051;8.96;0.55;132.72;4.03;628;3;325.00;2
424;3;623180173;424;217;1051;1051;8.97;0.55;133.33;4.05;627;3;326.00;0
426;3;623180180;426;219;1051;1051;9.02;0.55;133.68;4.05;625;3;327.00;0
428;3;623180187;428;217;1051;1051;9.05;0.55;133.83;4.05;623;3;328.00;0
429;3;623180194;429;222;1051;1051;9.09;0.56;133.78;4.05;622;3;329.00;0
430;3;623180205;430;225;1055;1055;9.14;0.56;133.73;4.03;625;3;330.00;0
435;3;623180214;435;229;1055;1055;9.08;0.55;134.10;4.03;620;3;331.00;0
436;3;623180223;436;231;1059;1059;9.03;0.55;134.06;4.02;623;3;332.00;0
440;3;623180230;440;232;1060;1060;8.82;0.54;134.91;4.02;620;3;333.00;0
441;3;623180238;441;226;1060;1060;8.63;0.53;134.87;4.02;619;3;334.00;0
445;3;623180244;445;227;1060;1060;8.45;0.52;135.65;4.02;615;3;335.00;0
446;3;623180252;446;225;1073;1073;8.36;0.51;135.76;3.97;627;3;336.00;0
452;3;623180259;452;229;1073;1073;8.26;0.51;137.62;3.97;621;3;337.00;0
453;3;623180266;453;236;1073;1073;8.20;0.50;138.06;3.97;620;3;338.00;0
457;3;623180273;457;238;1074;1074;8.07;0.50;138.77;3.97;617;3;339.00;0
458;3;623180279;458;236;1075;1075;8.00;0.49;139.21;3.96;617;3;340.00;0
462;3;623180285;462;236;1075;1075;7.95;0.49;139.97;3.96;613;3;341.00;0
465;3;623180292;465;232;1078;1078;7.94;0.49;140.96;3.95;613;3;342.00;0
468;3;623180298;468;227;1078;1078;7.94;0.49;141.16;3.95;610;3;343.00;0
472;3;623180305;472;230;1078;1078;7.97;0.49;141.54;3.95;606;3;344.00;0
477;3;623180312;477;231;1078;1078;7.86;0.48;142.97;3.95;601;3;345.00;0
480;3;623180319;480;229;1084;1084;7.83;0.48;143.33;3.94;604;3;346.00;0
482;3;623180327;482;225;1084;1084;7.73;0.48;143.66;3.94;602;3;347.00;0
484;3;623180334;484;226;1084;1084;7.75;0.48;143.93;3.94;600;3;348.00;0
487;3;623180346;487;223;1084;1084;7.71;0.48;144.48;3.94;597;3;349.00;0
490;3;623180356;490;226;1088;1088;7.70;0.47;144.87;3.93;598;3;350.00;0
493;3;623180367;493;224;1089;1089;7.68;0.47;145.13;3.92;596;3;351.00;0
496;3;623180377;496;227;1089;1089;7.57;0.47;144.83;3.92;593;3;352.00;0
498;3;623180389;498;228;1090;1090;7.48;0.46;144.79;3.92;592;3;353.00;0
501;3;623180400;501;234;1090;1090;7.39;0.46;144.89;3.92;589;3;354.00;0
504;3;623180409;504;237;1090;1090;7.34;0.45;144.69;3.92;586;3;355.00;0
509;3;623180419;509;240;1090;1090;7.23;0.45;144.62;3.92;581;3;356.00;0
515;3;623180429;515;243;1090;1090;7.13;0.44;144.15;3.92;575;3;357.00;0
516;3;623180440;516;256;1090;1090;7.04;0.43;144.01;3.92;574;3;358.00;0
520;3;623180449;520;255;1090;1090;6.94;0.43;144.20;3.92;570;3;359.00;0
520;3;623180459;520;267;1151;1215;7.42;0.47;144.20;3.71;631;3;360.00;64
523;3;623180477;523;265;1159;1216;7.39;0.46;144.66;3.69;636;3;361.00;57
525;3;623180485;525;259;1174;1216;7.54;0.47;144.87;3.67;649;3;362.00;42
528;3;623180492;528;261;1177;1216;7.48;0.47;144.64;3.67;649;3;363.00;39
531;3;623180500;531;266;1184;1216;7.39;0.46;144.35;3.67;653;3;364.00;32
532;3;623180508;532;271;1185;1216;7.37;0.46;144.58;3.67;653;3;365.00;31
535;3;623180516;535;273;1190;1216;7.28;0.45;144.87;3.68;655;3;366.00;26
535;3;623180524;535;272;1193;1216;7.23;0.45;144.87;3.69;658;3;367.00;23
537;3;623180532;537;277;1198;1217;7.07;0.44;144.72;3.71;661;3;368.00;19
540;3;623180540;540;284;1202;1218;6.91;0.43;144.83;3.73;662;3;369.00;16
540;3;623180549;540;292;1204;1218;6.72;0.42;144.83;3.73;664;3;370.00;14
541;3;623180557;541;281;1211;1222;6.66;0.41;144.65;3.74;670;3;371.00;11
542;3;623180565;542;277;1213;1222;6.65;0.41;144.54;3.75;671;3;372.00;9
542;3;623180574;542;284;1216;1222;6.68;0.41;144.54;3.78;674;3;373.00;6
543;3;623180581;543;281;1218;1222;6.72;0.41;144.59;3.79;675;3;374.00;4
544;3;623180591;544;279;1224;1228;6.76;0.41;144.61;3.78;680;3;375.00;4
546;4;623180601;546;279;1226;1228;6.85;0.42;144.80;3.79;680;4;376.00;2
546;4;623180626;546;283;1226;1228;6.99;0.43;144.80;3.79;680;4;377.00;2
547;4;623180636;547;285;1228;1231;7.08;0.43;144.61;3.79;681;4;378.00;3
549;4;623180645;549;277;1229;1231;7.11;0.43;144.83;3.80;680;4;379.00;2
549;5;623180654;549;274;1229;1231;7.17;0.44;144.83;3.80;680;5;380.00;2
550;5;623180680;550;275;1230;1232;7.24;0.44;144.74;3.80;680;5;381.00;2
553;5;623180689;553;273;1233;1233;7.27;0.44;145.07;3.81;680;5;382.00;0
554;5;623180704;554;272;1233;1233;7.35;0.45;145.23;3.81;679;5;383.00;0
555;5;623180713;555;270;1245;1246;7.58;0.46;145.02;3.77;690;5;384.00;1
556;5;623180723;556;269;1245;1246;7.64;0.47;144.80;3.77;689;5;385.00;1
556;5;623180739;556;269;1245;1246;7.82;0.48;144.80;3.77;689;5;386.00;1
556;5;623180747;556;259;1246;1247;7.96;0.49;144.80;3.77;690;5;387.00;1
559;5;623180756;559;246;1247;1247;8.04;0.49;144.92;3.77;688;5;388.00;0
562;5;623180766;562;242;1250;1251;8.13;0.50;145.34;3.76;688;5;389.00;1
566;5;623180786;566;233;1250;1251;8.18;0.50;145.29;3.76;684;5;390.00;1
569;5;623180796;569;233;1254;1255;8.20;0.50;145.75;3.75;685;5;391.00;1
572;5;623180806;572;228;1255;1255;8.22;0.50;145.84;3.75;683;5;392.00;0
573;5;623180816;573;228;1255;1255;8.32;0.51;145.86;3.75;682;5;393.00;0
573;5;623180826;573;229;1255;1255;8.45;0.51;145.86;3.75;682;5;394.00;0
573;5;623180835;573;231;1255;1255;8.59;0.52;145.86;3.75;682;5;395.00;0
576;5;623180844;576;216;1265;1267;8.85;0.54;146.22;3.72;689;5;396.00;2
579;5;623180855;579;208;1265;1267;9.08;0.55;146.35;3.72;686;5;397.00;2
582;5;623180871;582;192;1267;1267;9.30;0.57;146.66;3.72;685;5;398.00;0
586;5;623180882;586;177;1267;1267;9.48;0.58;146.98;3.72;681;5;399.00;0
588;5;623180894;588;171;1267;1267;9.69;0.59;147.46;3.72;679;5;400.00;0
591;5;623180908;591;165;1267;1267;9.84;0.60;148.20;3.72;676;5;401.00;0
593;5;623180919;593;161;1268;1268;9.97;0.61;148.24;3.72;675;5;402.00;0
593;5;623180929;593;156;1268;1268;10.14;0.62;148.24;3.72;675;5;403.00;0
595;5;623180939;595;148;1274;1274;10.28;0.63;148.32;3.71;679;5;404.00;0
596;5;623180949;596;143;1276;1276;10.37;0.63;148.53;3.70;680;5;405.00;0
601;5;623180959;601;142;1276;1276;10.46;0.64;149.29;3.70;675;5;406.00;0
602;5;623180971;602;140;1276;1276;10.52;0.64;149.69;3.70;674;5;407.00;0
605;5;623180981;605;131;1280;1280;10.57;0.64;150.19;3.69;675;5;408.00;0
606;5;623180992;606;126;1280;1280;10.69;0.65;150.07;3.69;674;5;409.00;0
610;5;623181005;610;126;1280;1280;10.76;0.66;150.92;3.69;670;5;410.00;0
611;5;623181015;611;120;1281;1281;10.93;0.67;151.05;3.69;670;5;411.00;0
613;5;623181025;613;114;1285;1285;10.94;0.67;151.13;3.68;672;5;412.00;0
615;5;623181035;615;115;1285;1285;11.03;0.67;151.41;3.68;670;5;413.00;0
616;5;623181045;616;110;1287;1288;11.12;0.68;151.76;3.67;671;5;414.00;1
617;5;623181056;617;105;1287;1288;11.22;0.68;152.13;3.67;670;5;415.00;1
618;5;623181065;618;108;1288;1288;11.24;0.69;152.17;3.67;670;5;416.00;0
619;5;623181074;619;101;1288;1288;11.32;0.69;152.37;3.67;669;5;417.00;0
621;5;623181084;621;96;1292;1292;11.43;0.70;152.97;3.66;671;5;418.00;0
626;5;623181095;626;94;1292;1292;11.54;0.70;154.57;3.66;666;5;419.00;0
627;5;623181110;627;94;1292;1292;11.62;0.71;154.93;3.66;665;5;420.00;0
629;5;623181120;629;96;1292;1292;11.79;0.72;155.44;3.66;663;5;421.00;0
633;5;623181129;633;96;1293;1293;11.89;0.73;156.20;3.66;660;5;422.00;0
634;5;623181139;634;92;1294;1294;12.06;0.74;156.03;3.66;660;5;423.00;0
638;5;623181151;638;91;1294;1294;12.24;0.75;156.75;3.66;656;5;424.00;0
642;5;623181161;642;93;1295;1295;12.36;0.75;157.20;3.66;653;5;425.00;0
643;5;623181171;643;92;1295;1295;12.49;0.76;157.40;3.66;652;5;426.00;0
648;5;623181181;648;92;1295;1295;12.51;0.76;158.58;3.66;647;5;427.00;0
651;5;623181191;651;95;1295;1295;12.53;0.76;158.50;3.66;644;5;428.00;0
653;5;623181201;653;96;1295;1295;12.62;0.77;158.95;3.66;642;5;429.00;0
655;5;623181222;655;98;1295;1295;12.69;0.77;158.95;3.66;640;5;430.00;0
660;5;623181232;660;98;1295;1295;12.72;0.77;159.60;3.66;635;5;431.00;0
662;5;623181241;662;129;1374;1422;11.92;0.73;160.06;3.45;712;5;432.00;48
663;5;623181262;663;116;1375;1423;11.95;0.74;160.03;3.45;712;5;433.00;48
669;5;623181272;669;104;1380;1423;12.07;0.74;160.77;3.44;711;5;434.00;43
674;5;623181282;674;99;1381;1423;12.14;0.75;161.39;3.44;707;5;435.00;42
678;5;623181292;678;104;1384;1423;12.14;0.75;162.00;3.44;706;5;436.00;39
682;5;623181301;682;104;1386;1423;12.14;0.75;162.08;3.45;704;5;437.00;37
686;5;623181311;686;110;1390;1423;12.10;0.74;162.61;3.45;704;5;438.00;33
687;5;623181321;687;114;1393;1423;12.08;0.74;162.59;3.46;706;5;439.00;30
695;5;623181333;695;113;1395;1424;12.03;0.74;164.07;3.47;700;5;440.00;29
698;5;623181344;698;113;1400;1425;12.00;0.73;164.41;3.49;702;5;441.00;25
701;5;623181354;701;107;1402;1425;11.95;0.73;164.61;3.50;701;5;442.00;23
704;5;623181363;704;107;1407;1426;11.91;0.73;164.83;3.52;703;5;443.00;19
709;5;623181373;709;107;1408;1426;11.88;0.73;165.30;3.53;699;5;444.00;18
712;5;623181383;712;106;1413;1426;11.77;0.72;165.10;3.55;701;5;445.00;13
717;5;623181392;717;105;1414;1426;11.68;0.71;165.30;3.56;697;5;446.00;12
720;5;623181401;720;107;1417;1430;11.71;0.72;165.43;3.57;697;5;447.00;13
723;5;623181411;723;107;1418;1430;11.73;0.72;165.26;3.58;695;5;448.00;12
727;5;623181420;727;104;1420;1430;11.74;0.72;165.86;3.59;693;5;449.00;10
729;5;623181431;729;100;1425;1436;11.78;0.72;165.91;3.60;696;5;450.00;11
730;5;623181444;730;105;1426;1436;11.85;0.72;166.20;3.60;696;5;451.00;10
734;5;623181453;734;102;1429;1436;11.91;0.73;166.23;3.62;695;5;452.00;7
737;5;623181462;737;104;1432;1440;11.88;0.73;166.74;3.62;695;5;453.00;8
742;5;623181472;742;105;1434;1441;11.89;0.73;167.23;3.62;692;5;454.00;7
742;5;623181481;742;108;1435;1441;11.98;0.73;167.23;3.63;693;5;455.00;6
747;5;623181490;747;112;1438;1445;11.98;0.73;167.42;3.62;691;5;456.00;7
752;5;623181499;752;112;1439;1445;11.92;0.73;167.57;3.62;687;5;457.00;6
752;5;623181508;752;114;1439;1445;11.88;0.73;167.57;3.62;687;5;458.00;6
756;5;623181517;756;120;1440;1446;11.83;0.72;168.00;3.62;684;5;459.00;6
758;5;623181526;758;121;1441;1446;11.75;0.72;167.82;3.63;683;5;460.00;5
762;5;623181535;762;122;1446;1452;11.72;0.71;168.93;3.64;684;5;461.00;6
766;5;623181546;766;123;1447;1452;11.65;0.71;169.00;3.66;681;5;462.00;5
770;5;623181555;770;127;1447;1453;11.53;0.70;169.33;3.66;677;5;463.00;6
771;5;623181564;771;127;1448;1453;11.47;0.70;169.15;3.67;677;5;464.00;5
777;5;623181578;777;127;1448;1453;11.35;0.69;169.24;3.67;671;5;465.00;5
779;5;623181592;779;125;1449;1453;11.26;0.68;169.19;3.67;670;5;466.00;4
780;5;623181603;780;125;1449;1453;11.17;0.68;169.05;3.67;669;5;467.00;4
781;5;623181611;781;132;1459;1465;11.11;0.68;168.97;3.65;678;5;468.00;6
781;5;623181621;781;140;1460;1465;11.10;0.68;168.97;3.65;679;5;469.00;5
783;5;623181629;783;146;1462;1465;11.02;0.67;169.01;3.66;679;5;470.00;3
784;5;623181638;784;149;1462;1465;10.99;0.67;168.92;3.66;678;5;471.00;3
787;5;623181646;787;156;1463;1465;10.93;0.67;169.23;3.67;676;5;472.00;2
789;5;623181654;789;163;1463;1465;10.85;0.67;169.07;3.67;674;5;473.00;2
793;5;623181664;793;169;1467;1469;10.69;0.65;169.05;3.67;674;5;474.00;2
796;5;623181672;796;174;1467;1469;10.56;0.65;168.90;3.67;671;5;475.00;2
796;5;623181681;796;182;1473;1473;10.57;0.65;168.90;3.67;677;5;476.00;0
797;5;623181690;797;189;1474;1474;10.42;0.64;168.93;3.66;677;5;477.00;0
801;5;623181698;801;195;1474;1474;10.33;0.63;168.85;3.66;673;5;478.00;0
805;5;623181706;805;204;1474;1474;10.11;0.62;168.89;3.66;669;5;479.00;0
809;5;623181716;809;206;1496;1500;9.91;0.61;169.27;3.61;687;5;480.00;4
810;5;623181726;810;212;1497;1500;9.78;0.60;169.30;3.61;687;5;481.00;3
813;5;623181735;813;219;1500;1500;9.72;0.60;169.33;3.60;687;5;482.00;0
814;5;623181743;814;227;1501;1501;9.68;0.59;169.27;3.60;687;5;483.00;0
815;5;623181751;815;236;1502;1502;9.61;0.59;169.28;3.60;687;5;484.00;0
815;5;623181759;815;243;1502;1502;9.48;0.58;169.28;3.60;687;5;485.00;0
818;5;623181767;818;248;1504;1505;9.37;0.58;169.21;3.60;686;5;486.00;1
819;5;623181775;819;248;1504;1505;9.32;0.57;169.25;3.60;685;5;487.00;1
820;5;623181783;820;253;1505;1505;9.22;0.57;169.20;3.59;685;5;488.00;0
822;5;623181790;822;251;1505;1505;9.10;0.56;169.10;3.59;683;5;489.00;0
825;5;623181799;825;245;1511;1511;9.02;0.55;169.30;3.58;686;5;490.00;0
829;5;623181807;829;243;1511;1511;8.84;0.54;169.32;3.58;682;5;491.00;0
829;5;623181815;829;242;1511;1511;8.75;0.54;169.32;3.58;682;5;492.00;0
830;5;623181823;830;240;1511;1511;8.68;0.53;169.21;3.58;681;5;493.00;0
833;5;623181830;833;242;1515;1515;8.65;0.53;169.32;3.58;682;5;494.00;0
837;5;623181837;837;241;1517;1517;8.63;0.53;169.58;3.57;680;5;495.00;0
839;5;623181845;839;240;1517;1517;8.65;0.53;169.74;3.57;678;5;496.00;0
843;5;623181853;843;245;1518;1518;8.65;0.53;169.46;3.57;675;5;497.00;0
844;5;623181861;844;248;1518;1518;8.68;0.53;169.32;3.57;674;5;498.00;0
847;5;623181868;847;250;1518;1518;8.66;0.53;169.07;3.57;671;5;499.00;0
849;5;623181878;849;250;1518;1518;8.63;0.53;168.90;3.57;669;5;500.00;0
849;5;623181894;849;250;1518;1518;8.60;0.52;168.90;3.57;669;5;501.00;0
851;5;623181901;851;252;1518;1518;8.51;0.52;168.91;3.57;667;5;502.00;0
853;5;623181908;853;257;1518;1518;8.39;0.51;169.01;3.57;665;5;503.00;0
857;5;623181915;857;273;1564;1588;8.26;0.51;168.93;3.47;707;5;504.00;24
860;5;623181927;860;270;1567;1589;8.16;0.50;169.81;3.46;707;5;505.00;22
864;5;623181934;864;263;1572;1589;8.09;0.50;169.72;3.46;708;5;506.00;17
869;5;623181942;869;271;1577;1589;7.97;0.49;170.32;3.46;708;5;507.00;12
873;5;623181949;873;270;1579;1589;7.89;0.48;170.48;3.46;706;5;508.00;10
877;5;623181956;877;271;1581;1589;7.79;0.48;170.82;3.46;704;5;509.00;8
881;5;623181965;881;260;1583;1589;7.71;0.47;171.51;3.46;702;5;510.00;6
883;5;623181977;883;259;1584;1589;7.67;0.47;172.01;3.46;701;5;511.00;5
886;5;623181985;886;261;1585;1590;7.63;0.47;172.55;3.47;699;5;512.00;5
888;5;623181993;888;257;1587;1591;7.59;0.47;172.89;3.47;699;5;513.00;4
890;5;623182002;890;257;1589;1591;7.44;0.46;173.08;3.48;699;5;514.00;2
892;5;623182010;892;257;1593;1595;7.32;0.45;173.30;3.47;701;5;515.00;2
894;5;623182019;894;264;1593;1595;7.27;0.45;173.91;3.47;699;5;516.00;2
896;5;623182027;896;266;1594;1595;7.22;0.44;174.03;3.48;698;5;517.00;1
899;5;623182036;899;266;1595;1595;7.16;0.44;174.21;3.48;696;5;518.00;0
901;5;623182044;901;272;1600;1601;7.12;0.44;174.49;3.47;699;5;519.00;1
902;5;623182053;902;274;1601;1601;7.17;0.44;174.46;3.47;699;5;520.00;0
903;5;623182061;903;274;1601;1601;7.18;0.44;174.74;3.47;698;5;521.00;0
905;5;623182069;905;273;1604;1604;7.17;0.44;174.63;3.46;699;5;522.00;0
907;5;623182078;907;261;1604;1604;7.17;0.44;174.89;3.46;697;5;523.00;0
909;5;623182086;909;246;1604;1604;7.16;0.44;174.87;3.46;695;5;524.00;0
913;5;623182095;913;241;1605;1605;7.12;0.44;175.10;3.46;692;5;525.00;0
916;5;623182104;916;234;1606;1606;7.12;0.44;174.79;3.46;690;5;526.00;0
920;5;623182114;920;235;1606;1606;7.07;0.43;175.04;3.46;686;5;527.00;0
928;6;623182121;928;234;1619;1619;7.05;0.43;175.17;3.43;691;6;528.00;0
930;7;623182141;930;236;1619;1619;7.15;0.44;174.94;3.43;689;7;529.00;0
933;7;623182160;933;236;1619;1619;7.30;0.45;175.32;3.43;686;7;530.00;0
936;7;623182168;936;237;1620;1620;7.46;0.46;175.61;3.43;684;7;531.00;0
938;8;623182177;938;236;1620;1620;7.61;0.46;175.41;3.43;682;8;532.00;0
940;8;623182202;940;233;1624;1624;7.77;0.47;175.96;3.42;684;8;533.00;0
945;8;623182211;945;232;1624;1624;7.78;0.47;176.41;3.42;679;8;534.00;0
946;8;623182220;946;231;1628;1628;7.84;0.48;176.29;3.42;682;8;535.00;0
951;8;623182236;951;230;1628;1628;7.80;0.47;176.74;3.42;677;8;536.00;0
952;8;623182246;952;226;1628;1628;7.84;0.48;176.89;3.42;676;8;537.00;0
955;8;623182255;955;221;1628;1628;7.86;0.48;177.01;3.42;673;8;538.00;0
958;8;623182265;958;222;1628;1628;7.89;0.48;177.39;3.42;670;8;539.00;0
963;8;623182276;963;222;1658;1662;7.99;0.49;177.36;3.36;695;8;540.00;4
966;8;623182289;966;219;1658;1662;8.01;0.49;177.78;3.36;692;8;541.00;4
969;8;623182299;969;217;1661;1662;8.07;0.49;178.11;3.35;692;8;542.00;1
970;8;623182309;970;223;1661;1662;8.14;0.50;178.19;3.35;691;8;543.00;1
975;8;623182319;975;225;1662;1662;8.14;0.50;178.26;3.35;687;8;544.00;0
978;8;623182330;978;228;1662;1662;8.16;0.50;178.59;3.35;684;8;545.00;0
979;8;623182342;979;218;1663;1663;8.15;0.50;178.52;3.35;684;8;546.00;0
983;8;623182356;983;214;1663;1663;8.05;0.49;178.44;3.35;680;8;547.00;0
987;8;623182375;987;217;1669;1669;8.00;0.49;178.44;3.34;682;8;548.00;0
990;8;623182391;990;219;1670;1670;7.95;0.49;178.68;3.34;680;8;549.00;0
995;8;623182406;995;224;1670;1670;7.80;0.48;179.02;3.34;675;8;550.00;0
999;8;623182420;999;218;1670;1670;7.69;0.47;179.17;3.34;671;8;551.00;0
1001;8;623182432;1001;218;1674;1674;7.72;0.47;179.38;3.33;673;8;552.00;0
1006;8;623182448;1006;214;1674;1674;7.73;0.47;179.91;3.33;668;8;553.00;0
1009;8;623182460;1009;212;1674;1674;7.75;0.47;180.00;3.33;665;8;554.00;0
1011;8;623182471;1011;211;1675;1675;7.85;0.48;179.92;3.33;664;8;555.00;0
1013;8;623182480;1013;208;1679;1679;7.86;0.48;179.90;3.33;666;8;556.00;0
1013;8;623182489;1013;201;1679;1679;7.94;0.49;179.90;3.33;666;8;557.00;0
1016;8;623182499;1016;191;1681;1682;8.01;0.49;180.09;3.32;665;8;558.00;1
1017;8;623182515;1017;189;1681;1682;8.14;0.50;180.07;3.32;664;8;559.00;1
1019;8;623182525;1019;185;1682;1682;8.29;0.51;180.39;3.32;663;8;560.00;0
1021;8;623182535;1021;183;1682;1682;8.47;0.52;180.52;3.32;661;8;561.00;0
1025;8;623182545;1025;176;1686;1686;8.58;0.52;180.60;3.32;661;8;562.00;0
1028;8;623182559;1028;179;1686;1686;8.74;0.53;180.73;3.32;658;8;563.00;0
1031;8;623182571;1031;179;1686;1686;8.81;0.54;180.61;3.32;655;8;564.00;0
1032;8;623182581;1032;177;1686;1686;8.94;0.54;180.77;3.32;654;8;565.00;0
1033;8;623182592;1033;163;1687;1687;9.06;0.55;180.86;3.32;654;8;566.00;0
1033;8;623182608;1033;152;1688;1688;9.23;0.56;180.86;3.31;655;8;567.00;0
1035;8;623182618;1035;144;1688;1688;9.36;0.57;181.14;3.31;653;8;568.00;0
1038;8;623182629;1038;146;1689;1689;9.60;0.58;181.36;3.31;651;8;569.00;0
1042;8;623182641;1042;144;1689;1689;9.77;0.59;181.90;3.31;647;8;570.00;0
1043;8;623182652;1043;141;1689;1689;9.93;0.60;182.17;3.31;646;8;571.00;0
1043;9;623182666;1043;134;1689;1689;10.11;0.61;182.17;3.31;646;9;572.00;0
1046;9;623182689;1046;132;1689;1689;10.29;0.63;182.80;3.31;643;9;573.00;0
1050;9;623182700;1050;131;1689;1689;10.45;0.64;183.34;3.31;639;9;574.00;0
1053;9;623182709;1053;128;1689;1689;10.63;0.65;183.47;3.31;636;9;575.00;0
1054;9;623182720;1054;152;1769;1816;10.53;0.65;183.72;3.16;715;9;576.00;47
1058;9;623182740;1058;144;1772;1817;10.61;0.65;183.85;3.16;714;9;577.00;45
1060;9;623182751;1060;130;1780;1817;10.79;0.66;183.80;3.16;720;9;578.00;37
1062;9;623182762;1062;120;1781;1817;10.91;0.67;184.46;3.15;719;9;579.00;36
1064;9;623182774;1064;113;1786;1817;11.01;0.68;184.70;3.16;722;9;580.00;31
1065;9;623182787;1065;109;1788;1817;11.12;0.68;184.67;3.16;723;9;581.00;29
1067;9;623182797;1067;109;1791;1817;11.11;0.68;184.82;3.16;724;9;582.00;26
1070;9;623182807;1070;116;1794;1817;11.21;0.69;184.85;3.17;724;9;583.00;23
1072;9;623182818;1072;116;1797;1818;11.25;0.69;185.36;3.18;725;9;584.00;21
1076;9;623182835;1076;115;1803;1820;11.23;0.69;185.55;3.19;727;9;585.00;17
1078;10;623182846;1078;111;1806;1820;11.26;0.69;185.66;3.20;728;10;586.00;14
1079;10;623182870;1079;115;1808;1821;11.29;0.69;185.86;3.21;729;10;587.00;13
1081;10;623182883;1081;123;1812;1821;11.30;0.69;186.34;3.23;731;10;588.00;9
1084;10;623182896;1084;126;1813;1821;11.33;0.69;186.58;3.23;729;10;589.00;8
1089;10;623182907;1089;130;1816;1821;11.34;0.69;187.12;3.25;727;10;590.00;5
1092;10;623182918;1092;135;1821;1825;11.30;0.69;187.23;3.25;729;10;591.00;4
1095;10;623182929;1095;134;1821;1825;11.32;0.69;187.65;3.25;726;10;592.00;4
1099;10;623182940;1099;136;1822;1825;11.38;0.69;188.02;3.26;723;10;593.00;3
1100;10;623182951;1100;139;1824;1828;11.46;0.70;188.16;3.25;724;10;594.00;4
1104;10;623182961;1104;145;1825;1828;11.56;0.70;188.60;3.26;721;10;595.00;3
1107;10;623182974;1107;143;1825;1828;11.62;0.71;188.82;3.26;718;10;596.00;3
1110;10;623182985;1110;147;1831;1832;11.63;0.71;189.20;3.27;721;10;597.00;1
1112;10;623183000;1112;151;1832;1833;11.73;0.71;189.49;3.27;720;10;598.00;1
1113;10;623183011;1113;148;1833;1833;11.83;0.72;189.81;3.27;720;10;599.00;0
1119;10;623183026;1119;154;1844;1859;11.77;0.72;190.66;3.25;725;10;600.00;15
1120;10;623183047;1120;144;1844;1859;11.89;0.72;190.71;3.25;724;10;601.00;15
1124;10;623183057;1124;146;1846;1859;12.00;0.73;191.10;3.25;722;10;602.00;13
1130;10;623183068;1130;145;1847;1860;12.07;0.73;191.50;3.25;717;10;603.00;13
1132;10;623183079;1132;146;1848;1860;12.05;0.73;191.65;3.25;716;10;604.00;12
1135;10;623183089;1135;145;1855;1866;12.02;0.73;191.75;3.24;720;10;605.00;11
1139;10;623183100;1139;144;1855;1866;12.11;0.74;192.42;3.24;716;10;606.00;11
1141;10;623183111;1141;144;1856;1867;12.23;0.74;192.77;3.24;715;10;607.00;11
1143;10;623183122;1143;140;1858;1867;12.27;0.75;192.95;3.24;715;10;608.00;9
1149;10;623183132;1149;133;1858;1867;12.34;0.75;193.31;3.24;709;10;609.00;9
1155;10;623183142;1155;131;1858;1867;12.36;0.75;193.47;3.24;703;10;610.00;9
1159;10;623183152;1159;131;1859;1867;12.36;0.75;193.72;3.25;700;10;611.00;8
1163;10;623183163;1163;123;1869;1879;12.31;0.75;194.42;3.23;706;10;612.00;10
1169;10;623183174;1169;119;1869;1879;12.27;0.75;194.66;3.23;700;10;613.00;10
1172;10;623183191;1172;117;1871;1879;12.20;0.74;194.54;3.24;699;10;614.00;8
1177;10;623183202;1177;113;1871;1879;12.15;0.74;194.49;3.24;694;10;615.00;8
1180;10;623183212;1180;119;1871;1879;12.12;0.73;194.64;3.24;691;10;616.00;8
1184;10;623183226;1184;114;1872;1879;12.06;0.73;195.03;3.24;688;10;617.00;7
1187;10;623183236;1187;113;1876;1883;12.02;0.73;194.98;3.24;689;10;618.00;7
1193;10;623183247;1193;109;1876;1883;12.06;0.73;195.01;3.24;683;10;619.00;7
1196;10;623183257;1196;109;1881;1887;12.15;0.74;195.03;3.24;685;10;620.00;6
1200;10;623183267;1200;105;1881;1888;12.17;0.74;195.16;3.24;681;10;621.00;7
1202;10;623183277;1202;104;1882;1888;12.24;0.74;195.28;3.24;680;10;622.00;6
1206;10;623183287;1206;107;1883;1888;12.24;0.74;195.27;3.25;677;10;623.00;5
1211;10;623183297;1211;108;1892;1901;12.14;0.74;195.53;3.24;681;10;624.00;9
1215;10;623183308;1215;107;1892;1901;12.12;0.73;195.35;3.24;677;10;625.00;9
1218;10;623183318;1218;110;1893;1901;12.07;0.73;195.29;3.25;675;10;626.00;8
1220;10;623183331;1220;111;1894;1902;12.04;0.73;195.47;3.25;674;10;627.00;8
1223;10;623183342;1223;114;1894;1903;12.03;0.73;195.96;3.25;671;10;628.00;9
1225;10;623183352;1225;119;1896;1903;11.92;0.72;195.84;3.27;671;10;629.00;7
1225;10;623183364;1225;121;1900;1909;11.89;0.72;195.84;3.26;675;10;630.00;9
1229;10;623183373;1229;127;1903;1909;11.82;0.72;196.26;3.28;674;10;631.00;6
1232;10;623183382;1232;127;1904;1909;11.81;0.72;196.23;3.28;672;10;632.00;5
1232;10;623183393;1232;132;1904;1909;11.82;0.72;196.23;3.28;672;10;633.00;5
1234;10;623183402;1234;136;1909;1915;11.84;0.72;196.15;3.27;675;10;634.00;6
1236;10;623183411;1236;135;1909;1915;11.75;0.71;196.07;3.27;673;10;635.00;6
1240;10;623183420;1240;138;1909;1915;11.67;0.71;196.01;3.27;669;10;636.00;6
1242;10;623183429;1242;146;1911;1915;11.54;0.70;196.02;3.29;669;10;637.00;4
1244;10;623183438;1244;146;1914;1919;11.50;0.70;195.98;3.29;670;10;638.00;5
1245;10;623183448;1245;155;1916;1920;11.47;0.70;195.93;3.29;671;10;639.00;4
1245;10;623183462;1245;160;1918;1920;11.35;0.69;195.93;3.31;673;10;640.00;2
1247;10;623183471;1247;163;1919;1921;11.27;0.68;195.91;3.30;672;10;641.00;2
1248;10;623183479;1248;170;1919;1921;11.24;0.68;195.78;3.30;671;10;642.00;2
1250;10;623183488;1250;175;1921;1921;11.13;0.68;195.69;3.31;671;10;643.00;0
1252;10;623183496;1252;180;1921;1921;11.00;0.67;195.49;3.31;669;10;644.00;0
1254;10;623183504;1254;188;1921;1921;11.01;0.67;195.29;3.31;667;10;645.00;0
1256;10;623183512;1256;192;1921;1921;10.91;0.67;195.15;3.31;665;10;646.00;0
1256;10;623183520;1256;195;1921;1921;10.84;0.66;195.15;3.31;665;10;647.00;0
1260;10;623183528;1260;208;1960;1991;10.81;0.66;195.24;3.24;700;10;648.00;31
1260;10;623183542;1260;210;1962;1992;10.68;0.65;195.24;3.24;702;10;649.00;30
1260;10;623183552;1260;213;1973;1992;10.58;0.65;195.24;3.23;713;10;650.00;19
1260;10;623183561;1260;212;1977;1992;10.53;0.64;195.24;3.23;717;10;651.00;15
1261;10;623183569;1261;219;1979;1992;10.37;0.64;195.12;3.23;718;10;652.00;13
1263;10;623183576;1263;222;1981;1992;10.21;0.63;194.93;3.24;718;10;653.00;11
1264;10;623183585;1264;223;1983;1992;10.03;0.61;194.88;3.24;719;10;654.00;9
1265;10;623183593;1265;227;1986;1992;9.86;0.60;194.88;3.25;721;10;655.00;6
1267;10;623183601;1267;229;1987;1993;9.66;0.59;194.64;3.25;720;10;656.00;6
1271;10;623183609;1271;233;1989;1994;9.48;0.58;194.40;3.25;718;10;657.00;5
1273;10;623183618;1273;236;1992;1994;9.31;0.57;194.27;3.26;719;10;658.00;2
1274;10;623183626;1274;238;1997;1998;9.16;0.56;194.28;3.26;723;10;659.00;1
1276;10;623183636;1276;238;1998;1998;9.04;0.56;194.26;3.26;722;10;660.00;0
1278;10;623183645;1278;241;1998;1998;8.86;0.55;194.13;3.26;720;10;661.00;0
1281;10;623183653;1281;244;1998;1998;8.70;0.54;193.95;3.26;717;10;662.00;0
1282;10;623183662;1282;243;2004;2004;8.70;0.54;193.89;3.25;722;10;663.00;0
1282;10;623183671;1282;246;2004;2004;8.61;0.53;193.89;3.25;722;10;664.00;0
1283;10;623183685;1283;249;2004;2004;8.55;0.53;193.89;3.25;721;10;665.00;0
1286;10;623183692;1286;252;2006;2007;8.57;0.53;193.67;3.25;720;10;666.00;1
1289;10;623183701;1289;255;2006;2007;8.53;0.52;193.77;3.25;717;10;667.00;1
1289;10;623183709;1289;257;2007;2007;8.44;0.52;193.77;3.25;718;10;668.00;0
1291;10;623183717;1291;260;2008;2008;8.28;0.51;193.60;3.25;717;10;669.00;0
1294;10;623183725;1294;267;2009;2009;8.16;0.50;193.58;3.25;715;10;670.00;0
1297;10;623183734;1297;268;2009;2009;8.02;0.49;193.52;3.25;712;10;671.00;0
1300;10;623183742;1300;279;2021;2022;7.87;0.48;193.36;3.23;721;10;672.00;1
1303;10;623183750;1303;281;2022;2022;7.71;0.47;193.62;3.23;719;10;673.00;0
1306;10;623183758;1306;282;2022;2022;7.50;0.46;193.65;3.23;716;10;674.00;0
1309;10;623183766;1309;275;2024;2024;7.38;0.45;193.88;3.22;715;10;675.00;0
1311;10;623183775;1311;266;2024;2024;7.27;0.45;193.76;3.22;713;10;676.00;0
1316;10;623183783;1316;264;2028;2028;7.21;0.44;194.27;3.22;712;10;677.00;0
1319;10;623183792;1319;266;2028;2028;7.11;0.43;194.30;3.22;709;10;678.00;0
1320;10;623183799;1320;265;2032;2032;7.06;0.43;194.45;3.21;712;10;679.00;0
1324;10;623183806;1324;253;2032;2032;7.02;0.43;194.50;3.21;708;10;680.00;0
1327;10;623183814;1327;244;2032;2032;6.99;0.43;194.47;3.21;705;10;681.00;0
1328;10;623183827;1328;239;2032;2032;7.01;0.43;194.51;3.21;704;10;682.00;0
1332;10;623183835;1332;237;2032;2032;7.01;0.43;194.97;3.21;700;10;683.00;0
1334;11;623183843;1334;234;2043;2044;7.16;0.44;194.97;3.20;709;11;684.00;1
1337;11;623183862;1337;237;2043;2044;7.20;0.44;195.21;3.20;706;11;685.00;1
1339;11;623183870;1339;239;2044;2044;7.23;0.44;195.59;3.20;705;11;686.00;0
1343;11;623183885;1343;229;2044;2044;7.31;0.45;195.48;3.20;701;11;687.00;0
1345;11;623183893;1345;221;2044;2044;7.32;0.45;195.77;3.20;699;11;688.00;0
1348;11;623183901;1348;214;2044;2044;7.42;0.45;196.12;3.20;696;11;689.00;0
1349;11;623183911;1349;211;2045;2045;7.53;0.46;196.28;3.20;696;11;690.00;0
1351;11;623183919;1351;210;2045;2045;7.63;0.47;196.37;3.20;694;11;691.00;0
1353;11;623183927;1353;207;2051;2051;7.86;0.48;196.49;3.19;698;11;692.00;0
1354;11;623183936;1354;204;2052;2052;8.00;0.49;196.73;3.19;698;11;693.00;0
1357;11;623183944;1357;200;2052;2052;8.10;0.49;197.11;3.19;695;11;694.00;0
1362;11;623183953;1362;201;2052;2052;8.17;0.50;197.20;3.19;690;11;695.00;0
1366;11;623183961;1366;200;2056;2056;8.28;0.50;197.57;3.18;690;11;696.00;0
1369;11;623183971;1369;192;2056;2056;8.36;0.51;197.74;3.18;687;11;697.00;0
1371;11;623183979;1371;193;2056;2056;8.50;0.52;197.90;3.18;685;11;698.00;0
1374;11;623183988;1374;194;2057;2057;8.63;0.53;198.18;3.18;683;11;699.00;0
1379;11;623183997;1379;191;2061;2061;8.78;0.53;198.34;3.18;682;11;700.00;0
1384;11;623184010;1384;191;2061;2061;8.82;0.53;198.62;3.18;677;11;701.00;0
1387;11;623184019;1387;190;2063;2064;8.94;0.54;198.74;3.17;676;11;702.00;1
1393;11;623184028;1393;191;2063;2064;9.02;0.55;199.11;3.17;670;11;703.00;1
1396;11;623184037;1396;194;2064;2064;8.97;0.54;199.17;3.17;668;11;704.00;0
1402;11;623184045;1402;199;2064;2064;8.84;0.54;199.21;3.17;662;11;705.00;0
1406;11;623184054;1406;201;2068;2068;8.83;0.54;199.77;3.17;662;11;706.00;0
1409;11;623184063;1409;201;2068;2068;8.79;0.53;199.88;3.17;659;11;707.00;0
1412;11;623184072;1412;203;2068;2068;8.72;0.53;200.15;3.17;656;11;708.00;0
1416;11;623184080;1416;198;2068;2068;8.73;0.53;200.65;3.17;652;11;709.00;0
1418;11;623184088;1418;198;2069;2069;8.71;0.53;200.82;3.17;651;11;710.00;0
1421;11;623184097;1421;196;2070;2070;8.70;0.53;200.98;3.17;649;11;711.00;0
1426;11;623184107;1426;202;2070;2070;8.62;0.53;200.98;3.17;644;11;712.00;0
1430;11;623184115;1430;199;2071;2071;8.60;0.52;201.17;3.16;641;11;713.00;0
1432;11;623184124;1432;203;2071;2071;8.58;0.52;201.15;3.16;639;11;714.00;0
1436;11;623184132;1436;201;2071;2071;8.57;0.52;201.35;3.16;635;11;715.00;0
1437;11;623184141;1437;202;2071;2071;8.60;0.52;201.41;3.16;634;11;716.00;0
1443;11;623184149;1443;201;2071;2071;8.56;0.52;201.47;3.16;628;11;717.00;0
1447;11;623184158;1447;203;2071;2071;8.55;0.52;201.58;3.16;624;11;718.00;0
1450;11;623184166;1450;200;2071;2071;8.58;0.52;201.70;3.16;621;11;719.00;0
1452;11;623184175;1452;236;2194;2301;8.83;0.56;201.87;2.99;742;11;720.00;107
1457;11;623184202;1457;231;2202;2302;8.79;0.55;202.07;2.98;745;11;721.00;100
1461;11;623184211;1461;214;2215;2302;8.91;0.56;202.31;2.98;754;11;722.00;87
1465;11;623184222;1465;213;2226;2302;8.89;0.56;202.53;2.98;761;11;723.00;76
1468;11;623184232;1468;210;2233;2302;8.83;0.55;202.77;2.98;765;11;724.00;69
1472;11;623184241;1472;205;2239;2302;8.72;0.54;202.99;2.98;767;11;725.00;63
1475;11;623184251;1475;206;2245;2302;8.63;0.54;203.08;2.99;770;11;726.00;57
1477;11;623184260;1477;200;2249;2302;8.59;0.53;203.14;3.00;772;11;727.00;53
1480;11;623184270;1480;194;2257;2303;8.59;0.53;203.29;3.02;777;11;728.00;46
1482;11;623184281;1482;195;2260;2304;8.61;0.53;203.35;3.02;778;11;729.00;44
1484;11;623184291;1484;191;2265;2304;8.62;0.53;203.36;3.04;781;11;730.00;39
1485;11;623184301;1485;201;2272;2305;8.61;0.53;203.37;3.06;787;11;731.00;33
1488;11;623184311;1488;202;2275;2305;8.58;0.53;203.53;3.07;787;11;732.00;30
1490;11;623184321;1490;205;2278;2305;8.61;0.53;203.58;3.09;788;11;733.00;27
1493;11;623184331;1493;208;2281;2305;8.61;0.53;203.49;3.10;788;11;734.00;24
1496;11;623184342;1496;213;2285;2309;8.57;0.53;203.67;3.10;789;11;735.00;24
1497;11;623184358;1497;211;2285;2309;8.66;0.53;203.59;3.10;788;11;736.00;24
1498;11;623184382;1498;213;2285;2309;8.63;0.53;203.54;3.10;787;11;737.00;24
1499;11;623184422;1499;208;2288;2312;8.66;0.53;203.46;3.11;789;11;738.00;24
1502;11;623184462;1502;212;2288;2312;8.68;0.53;203.72;3.11;786;11;739.00;24
1504;11;623184475;1504;210;2289;2312;8.78;0.54;203.78;3.12;785;11;740.00;23
1507;11;623184486;1507;203;2294;2316;8.88;0.55;203.62;3.12;787;11;741.00;22
1511;11;623184499;1511;200;2295;2317;8.97;0.55;203.63;3.12;784;11;742.00;22
1516;11;623184512;1516;197;2295;2317;9.05;0.56;204.08;3.12;779;11;743.00;22
1517;11;623184524;1517;190;2298;2321;9.22;0.57;204.08;3.12;781;11;744.00;23
1520;11;623184537;1520;190;2298;2321;9.40;0.58;204.53;3.12;778;11;745.00;23
1523;11;623184549;1523;187;2299;2321;9.60;0.59;204.58;3.12;776;11;746.00;22
1524;11;623184561;1524;184;2299;2322;9.78;0.60;204.69;3.12;775;11;747.00;23
1527;11;623184573;1527;181;2299;2322;9.96;0.61;204.90;3.12;772;11;748.00;23
1529;11;623184584;1529;172;2306;2328;10.09;0.62;204.80;3.13;777;11;749.00;22
1531;11;623184598;1531;169;2306;2328;10.25;0.63;204.99;3.13;775;11;750.00;22
1532;11;623184609;1532;164;2308;2329;10.31;0.63;204.97;3.14;776;11;751.00;21
1536;11;623184620;1536;165;2309;2329;10.47;0.64;205.23;3.15;773;11;752.00;20
1540;11;623184632;1540;158;2309;2329;10.59;0.64;205.28;3.15;769;11;753.00;20
1543;11;623184644;1543;158;2310;2329;10.69;0.65;205.35;3.16;767;11;754.00;19
1546;11;623184656;1546;155;2311;2329;10.79;0.66;205.48;3.17;765;11;755.00;18
1549;11;623184668;1549;157;2324;2341;10.85;0.66;205.44;3.20;775;11;756.00;17
1553;11;623184681;1553;155;2325;2341;10.93;0.67;205.81;3.21;772;11;757.00;16
1556;11;623184693;1556;152;2326;2341;11.06;0.67;205.95;3.23;770;11;758.00;15
1557;11;623184705;1557;149;2326;2341;11.16;0.68;205.99;3.23;769;11;759.00;15
1558;11;623184720;1558;151;2328;2341;11.19;0.68;205.98;3.24;770;11;760.00;13
1562;12;623184732;1562;152;2328;2341;11.24;0.68;205.90;3.24;766;12;761.00;13
1564;12;623184760;1564;153;2334;2345;11.29;0.69;205.98;3.24;770;12;762.00;11
1565;12;623184775;1565;154;2335;2345;11.36;0.69;206.14;3.24;770;12;763.00;10
1566;12;623184787;1566;153;2338;2349;11.41;0.70;206.11;3.24;772;12;764.00;11
1571;12;623184798;1571;153;2341;2351;11.37;0.69;206.37;3.24;770;12;765.00;10
1573;12;623184810;1573;154;2341;2351;11.42;0.70;206.54;3.24;768;12;766.00;10
1574;12;623184820;1574;155;2341;2351;11.41;0.70;206.52;3.24;767;12;767.00;10
1577;12;623184831;1577;160;2352;2364;11.40;0.70;206.51;3.22;775;12;768.00;12
1580;12;623184843;1580;158;2352;2364;11.35;0.69;206.59;3.22;772;12;769.00;12
1582;12;623184853;1582;156;2352;2364;11.39;0.70;206.57;3.22;770;12;770.00;12
1588;12;623184864;1588;155;2353;2365;11.45;0.70;206.93;3.22;765;12;771.00;12
1592;12;623184876;1592;158;2354;2366;11.54;0.71;207.05;3.22;762;12;772.00;12
1598;12;623184888;1598;157;2354;2366;11.62;0.71;207.44;3.22;756;12;773.00;12
1602;12;623184900;1602;155;2356;2369;11.71;0.71;207.61;3.22;754;12;774.00;13
1606;12;623184911;1606;153;2356;2369;11.75;0.72;207.73;3.22;750;12;775.00;13
1608;12;623184922;1608;155;2357;2369;11.75;0.72;207.87;3.22;749;12;776.00;12
1616;12;623184933;1616;156;2358;2369;11.61;0.71;208.26;3.24;742;12;777.00;11
1619;12;623184944;1619;164;2363;2375;11.64;0.71;208.42;3.23;744;12;778.00;12
1619;12;623184955;1619;165;2363;2375;11.59;0.71;208.42;3.23;744;12;779.00;12
1624;12;623184969;1624;168;2363;2375;11.56;0.71;208.47;3.23;739;12;780.00;12
1628;12;623184979;1628;166;2363;2375;11.47;0.70;208.58;3.23;735;12;781.00;12
1630;12;623184990;1630;162;2366;2379;11.44;0.70;208.54;3.23;736;12;782.00;13
1636;12;623185001;1636;156;2367;2380;11.39;0.70;208.84;3.23;731;12;783.00;13
1642;12;623185012;1642;158;2367;2380;11.34;0.69;208.92;3.23;725;12;784.00;13
1648;12;623185030;1648;154;2370;2381;11.27;0.69;209.24;3.23;722;12;785.00;11
1651;12;623185041;1651;151;2370;2381;11.22;0.68;209.23;3.23;719;12;786.00;11
1655;12;623185051;1655;153;2370;2381;11.22;0.68;209.32;3.23;715;12;787.00;11
1659;12;623185061;1659;152;2370;2381;11.14;0.68;209.22;3.23;711;12;788.00;11
1664;12;623185070;1664;152;2370;2381;11.19;0.68;209.60;3.23;706;12;789.00;11
1666;12;623185080;1666;153;2370;2381;11.23;0.68;209.54;3.23;704;12;790.00;11
1667;12;623185090;1667;153;2370;2381;11.18;0.68;209.63;3.23;703;12;791.00;11
1670;12;623185101;1670;159;2401;2451;11.10;0.68;209.82;3.19;731;12;792.00;50
1671;12;623185118;1671;157;2402;2452;11.06;0.67;209.83;3.19;731;12;793.00;50
1673;12;623185128;1673;157;2409;2452;11.04;0.67;209.67;3.18;736;12;794.00;43
1676;12;623185138;1676;157;2411;2452;10.95;0.67;209.73;3.18;735;12;795.00;41
1680;13;623185148;1680;157;2413;2452;10.95;0.67;209.64;3.18;733;13;796.00;39
1682;13;623185176;1682;158;2416;2452;10.93;0.67;209.49;3.22;734;13;797.00;36
1685;13;623185187;1685;158;2418;2452;10.83;0.66;209.48;3.22;733;13;798.00;34
1687;13;623185197;1687;160;2421;2452;10.74;0.65;209.45;3.22;734;13;799.00;31
1688;13;623185215;1688;160;2424;2453;10.65;0.65;209.37;3.26;736;13;800.00;29
1689;13;623185231;1689;164;2427;2454;10.59;0.65;209.30;3.27;738;13;801.00;27
1692;13;623185248;1692;165;2430;2454;10.58;0.65;209.24;3.27;738;13;802.00;24
1694;13;623185258;1694;168;2436;2458;10.42;0.64;209.09;3.31;742;13;803.00;22
1696;13;623185269;1696;171;2438;2458;10.28;0.63;208.92;3.31;742;13;804.00;20
1698;13;623185279;1698;175;2440;2458;10.19;0.62;209.00;3.32;742;13;805.00;18
1704;13;623185289;1704;184;2443;2458;10.08;0.61;208.69;3.37;739;13;806.00;15
1705;13;623185299;1705;196;2448;2464;10.05;0.61;208.60;3.36;743;13;807.00;16
1706;13;623185309;1706;204;2449;2464;9.98;0.61;208.53;3.36;743;13;808.00;15
1710;13;623185320;1710;209;2451;2464;9.83;0.60;208.35;3.40;741;13;809.00;13
1712;13;623185332;1712;220;2456;2470;9.80;0.60;208.35;3.40;744;13;810.00;14
1712;13;623185346;1712;231;2457;2470;9.76;0.60;208.35;3.40;745;13;811.00;13
1714;13;623185359;1714;238;2460;2470;9.65;0.59;208.55;3.44;746;13;812.00;10
1715;13;623185370;1715;242;2461;2471;9.44;0.58;208.48;3.45;746;13;813.00;10
1720;13;623185379;1720;251;2464;2472;9.28;0.57;208.23;3.52;744;13;814.00;8
1722;13;623185389;1722;261;2466;2472;9.11;0.56;208.09;3.56;744;13;815.00;6
1724;13;623185399;1724;268;2476;2485;9.02;0.55;208.12;3.57;752;13;816.00;9
1726;13;623185408;1726;272;2477;2485;8.86;0.54;208.08;3.59;751;13;817.00;8
1728;13;623185417;1728;278;2479;2485;8.71;0.53;208.02;3.60;751;13;818.00;6
1731;13;623185425;1731;283;2483;2486;8.59;0.53;207.70;3.60;752;13;819.00;3
1734;13;623185435;1734;291;2483;2486;8.51;0.52;207.47;3.60;749;13;820.00;3
1736;13;623185444;1736;297;2488;2490;8.41;0.52;207.41;3.61;752;13;821.00;2
1738;13;623185452;1738;298;2488;2490;8.31;0.51;207.43;3.61;750;13;822.00;2
1739;13;623185460;1739;301;2493;2494;8.17;0.50;207.40;3.60;754;13;823.00;1
1745;13;623185469;1745;312;2493;2494;8.04;0.49;207.17;3.60;748;13;824.00;1
1747;13;623185477;1747;320;2494;2494;7.90;0.48;207.06;3.61;747;13;825.00;0
1747;13;623185486;1747;325;2494;2494;7.72;0.47;207.06;3.61;747;13;826.00;0
1747;13;623185494;1747;324;2494;2494;7.59;0.47;207.06;3.61;747;13;827.00;0
1747;13;623185502;1747;317;2505;2506;7.59;0.47;207.06;3.59;758;13;828.00;1
1748;13;623185511;1748;310;2505;2506;7.58;0.47;207.09;3.59;757;13;829.00;1
1751;13;623185521;1751;302;2506;2506;7.66;0.47;206.98;3.59;755;13;830.00;0
1752;13;623185529;1752;295;2506;2506;7.76;0.48;206.93;3.59;754;13;831.00;0
1753;13;623185538;1753;290;2506;2506;7.82;0.48;206.88;3.59;753;13;832.00;0
1754;13;623185547;1754;284;2506;2506;7.89;0.49;206.83;3.59;752;13;833.00;0
1756;13;623185562;1756;277;2507;2507;7.95;0.49;206.72;3.59;751;13;834.00;0
1758;13;623185571;1758;274;2507;2507;8.01;0.49;206.69;3.59;749;13;835.00;0
1758;13;623185580;1758;273;2513;2513;8.14;0.50;206.69;3.58;755;13;836.00;0
1759;13;623185595;1759;271;2514;2514;8.19;0.50;206.64;3.58;755;13;837.00;0
1762;13;623185605;1762;269;2514;2514;8.21;0.50;206.54;3.58;752;13;838.00;0
1763;13;623185614;1763;264;2514;2514;8.27;0.50;206.49;3.58;751;13;839.00;0
1766;13;623185624;1766;263;2519;2519;8.35;0.51;206.39;3.57;753;13;840.00;0
1768;13;623185633;1768;265;2519;2519;8.32;0.51;206.53;3.57;751;13;841.00;0
1770;13;623185648;1770;264;2519;2519;8.32;0.51;206.50;3.57;749;13;842.00;0
1773;13;623185658;1773;266;2520;2520;8.23;0.50;206.86;3.57;747;13;843.00;0
1774;13;623185667;1774;262;2524;2524;8.14;0.50;206.85;3.57;750;13;844.00;0
1778;13;623185675;1778;257;2524;2524;8.01;0.49;206.95;3.57;746;13;845.00;0
1779;13;623185684;1779;258;2526;2527;7.93;0.48;206.90;3.57;747;13;846.00;1
1783;13;623185692;1783;253;2526;2527;7.80;0.48;206.88;3.57;743;13;847.00;1
1786;13;623185700;1786;256;2527;2527;7.71;0.47;206.97;3.57;741;13;848.00;0
1788;13;623185708;1788;262;2527;2527;7.66;0.47;207.01;3.57;739;13;849.00;0
1790;13;623185716;1790;254;2531;2531;7.76;0.47;207.24;3.56;741;13;850.00;0
1796;13;623185724;1796;249;2531;2531;7.77;0.47;207.31;3.56;735;13;851.00;0
1798;13;623185733;1798;245;2531;2531;7.77;0.47;207.49;3.56;733;13;852.00;0
1801;13;623185741;1801;239;2531;2531;7.78;0.48;207.75;3.56;730;13;853.00;0
1805;13;623185749;1805;235;2532;2532;7.77;0.48;208.01;3.56;727;13;854.00;0
1811;13;623185757;1811;233;2534;2534;7.76;0.48;208.01;3.56;723;13;855.00;0
1813;13;623185768;1813;232;2534;2534;7.85;0.48;208.07;3.56;721;13;856.00;0
1816;13;623185777;1816;220;2535;2535;8.04;0.49;208.05;3.56;719;13;857.00;0
1819;13;623185786;1819;209;2535;2535;8.21;0.50;208.40;3.56;716;13;858.00;0
1821;13;623185795;1821;205;2535;2535;8.39;0.51;208.55;3.56;714;13;859.00;0
1827;13;623185803;1827;198;2535;2535;8.51;0.52;209.15;3.56;708;13;860.00;0
1828;13;623185812;1828;189;2535;2535;8.62;0.53;209.07;3.56;707;13;861.00;0
1831;13;623185820;1831;184;2535;2535;8.63;0.53;209.30;3.56;704;13;862.00;0
1835;13;623185834;1835;181;2535;2535;8.62;0.53;209.44;3.56;700;13;863.00;0
1839;13;623185842;1839;187;2611;2662;8.78;0.54;209.78;3.45;772;13;864.00;51
1847;13;623185861;1847;182;2616;2663;8.73;0.54;210.09;3.45;769;13;865.00;47
1850;13;623185871;1850;188;2625;2663;8.82;0.55;210.43;3.44;775;13;866.00;38
1857;13;623185880;1857;189;2625;2663;8.79;0.54;210.30;3.44;768;13;867.00;38
1861;13;623185890;1861;191;2631;2663;8.74;0.54;210.60;3.45;770;13;868.00;32
1862;13;623185900;1862;193;2632;2663;8.77;0.54;210.59;3.45;770;13;869.00;31
1866;13;623185911;1866;198;2634;2663;8.66;0.53;210.67;3.45;768;13;870.00;29
1868;13;623185920;1868;202;2635;2663;8.63;0.53;210.61;3.45;767;13;871.00;28
1871;13;623185929;1871;200;2637;2664;8.56;0.53;210.73;3.45;766;13;872.00;27
1876;13;623185939;1876;205;2639;2665;8.49;0.52;210.86;3.46;763;13;873.00;26
1879;13;623185949;1879;203;2641;2665;8.48;0.52;210.73;3.46;762;13;874.00;24
1883;13;623185959;1883;213;2646;2666;8.43;0.52;210.97;3.47;763;13;875.00;20
1887;13;623185970;1887;215;2649;2666;8.47;0.52;211.26;3.48;762;13;876.00;17
1889;13;623185980;1889;217;2650;2666;8.42;0.52;211.27;3.49;761;13;877.00;16
1896;13;623185992;1896;215;2652;2666;8.36;0.51;211.48;3.49;756;13;878.00;14
1899;13;623186003;1899;217;2657;2670;8.36;0.51;211.55;3.50;758;13;879.00;13
1907;13;623186013;1907;223;2660;2670;8.35;0.51;211.61;3.52;753;13;880.00;10
1907;13;623186024;1907;218;2662;2670;8.47;0.52;211.61;3.53;755;13;881.00;8
1911;13;623186034;1911;220;2665;2673;8.47;0.52;211.75;3.55;754;13;882.00;8
1912;13;623186044;1912;224;2666;2673;8.54;0.52;211.73;3.55;754;13;883.00;7
1916;13;623186053;1916;226;2667;2673;8.55;0.52;212.01;3.55;751;13;884.00;6
1919;13;623186063;1919;231;2674;2677;8.58;0.53;212.12;3.55;755;13;885.00;3
1926;13;623186080;1926;231;2675;2678;8.54;0.52;212.25;3.55;749;13;886.00;3
1929;13;623186090;1929;227;2677;2678;8.61;0.53;212.22;3.56;748;13;887.00;1
1934;13;623186102;1934;228;2680;2682;8.60;0.52;212.48;3.55;746;13;888.00;2
1938;13;623186113;1938;228;2682;2682;8.65;0.53;212.69;3.55;744;13;889.00;0
1941;13;623186123;1941;229;2682;2682;8.78;0.54;212.80;3.55;741;13;890.00;0
1942;13;623186132;1942;227;2683;2683;8.90;0.54;212.78;3.55;741;13;891.00;0
1944;13;623186142;1944;226;2683;2683;8.96;0.55;212.90;3.55;739;13;892.00;0
1947;13;623186152;1947;231;2689;2689;8.99;0.55;213.02;3.55;742;13;893.00;0
1948;13;623186163;1948;231;2689;2689;9.00;0.55;213.07;3.55;741;13;894.00;0
1954;13;623186172;1954;231;2690;2690;8.97;0.55;213.30;3.54;736;13;895.00;0
1958;13;623186182;1958;233;2690;2690;8.95;0.55;213.47;3.54;732;13;896.00;0
1960;13;623186192;1960;221;2690;2690;8.92;0.54;213.54;3.54;730;13;897.00;0
1964;13;623186202;1964;212;2690;2690;8.89;0.54;213.52;3.54;726;13;898.00;0
1969;13;623186213;1969;209;2690;2690;8.85;0.54;213.45;3.54;721;13;899.00;0
1971;13;623186226;1971;209;2721;2736;8.89;0.54;213.45;3.50;750;13;900.00;15
1974;13;623186245;1974;204;2722;2736;8.90;0.54;213.64;3.50;748;13;901.00;14
1977;13;623186256;1977;203;2725;2736;9.01;0.55;213.84;3.50;748;13;902.00;11
1979;13;623186273;1979;202;2725;2736;9.05;0.55;213.99;3.50;746;13;903.00;11
1981;13;623186289;1981;200;2727;2736;9.16;0.56;214.02;3.50;746;13;904.00;9
1982;13;623186306;1982;202;2728;2736;9.22;0.56;214.04;3.50;746;13;905.00;8
1987;13;623186319;1987;188;2733;2740;9.26;0.57;214.28;3.50;746;13;906.00;7
1988;13;623186331;1988;173;2734;2740;9.37;0.57;214.23;3.50;746;13;907.00;6
1991;13;623186342;1991;162;2737;2744;9.47;0.58;214.30;3.50;746;13;908.00;7
1995;13;623186357;1995;157;2738;2745;9.59;0.59;214.45;3.50;743;13;909.00;7
1997;13;623186375;1997;153;2738;2745;9.68;0.59;214.69;3.50;741;13;910.00;7
1999;13;623186391;1999;148;2739;2745;9.84;0.60;214.64;3.50;740;13;911.00;6
2002;13;623186409;2002;140;2752;2758;9.91;0.60;214.91;3.49;750;13;912.00;6
2003;13;623186427;2003;137;2752;2758;10.04;0.61;215.00;3.49;749;13;913.00;6
2006;13;623186445;2006;140;2752;2758;10.15;0.62;215.31;3.49;746;13;914.00;6
2009;13;623186460;2009;138;2753;2759;10.25;0.62;215.32;3.49;744;13;915.00;6
2010;13;623186475;2010;130;2754;2760;10.30;0.63;215.31;3.49;744;13;916.00;6
2015;13;623186487;2015;132;2755;2760;10.26;0.62;215.47;3.49;740;13;917.00;5
2018;13;623186499;2018;130;2758;2763;10.28;0.62;215.65;3.49;740;13;918.00;5
2021;13;623186513;2021;125;2758;2763;10.25;0.62;215.67;3.49;737;13;919.00;5
2024;13;623186524;2024;126;2759;2763;10.24;0.62;215.91;3.49;735;13;920.00;4
2026;13;623186536;2026;129;2759;2763;10.23;0.62;215.96;3.49;733;13;921.00;4
2030;13;623186546;2030;127;2765;2769;10.13;0.61;216.14;3.50;735;13;922.00;4
2032;13;623186558;2032;135;2767;2769;10.06;0.61;216.16;3.51;735;13;923.00;2
2036;13;623186573;2036;136;2767;2769;10.07;0.61;216.20;3.51;731;13;924.00;2
2038;13;623186585;2038;133;2769;2769;10.03;0.61;216.26;3.51;731;13;925.00;0
2041;13;623186596;2041;131;2773;2773;9.99;0.61;216.32;3.51;732;13;926.00;0
2042;13;623186615;2042;138;2774;2774;10.07;0.61;216.42;3.51;732;13;927.00;0
2043;13;623186631;2043;142;2774;2774;10.18;0.62;216.40;3.51;731;13;928.00;0
2047;14;623186642;2047;151;2775;2775;10.28;0.62;216.55;3.50;728;14;929.00;0
2050;14;623186667;2050;149;2775;2775;10.44;0.63;216.64;3.50;725;14;930.00;0
2053;14;623186677;2053;150;2775;2775;10.60;0.64;216.77;3.50;722;14;931.00;0
2056;14;623186688;2056;142;2775;2775;10.74;0.65;216.78;3.50;719;14;932.00;0
2059;14;623186698;2059;142;2775;2775;10.86;0.66;216.97;3.50;716;14;933.00;0
2059;14;623186707;2059;150;2775;2775;10.96;0.67;216.97;3.50;716;14;934.00;0
2063;14;623186717;2063;147;2775;2775;11.00;0.67;217.16;3.50;712;14;935.00;0
2063;14;623186727;2063;159;2813;2845;10.82;0.66;217.16;3.46;750;14;936.00;32
2069;14;623186742;2069;150;2814;2846;10.84;0.66;217.13;3.46;745;14;937.00;32
2072;14;623186752;2072;150;2821;2846;10.92;0.67;217.12;3.45;749;14;938.00;25
2074;14;623186763;2074;149;2822;2846;10.94;0.67;217.12;3.45;748;14;939.00;24
2078;14;623186779;2078;149;2826;2846;11.02;0.67;217.38;3.45;748;14;940.00;20
2080;14;623186790;2080;150;2829;2846;11.09;0.67;217.34;3.46;749;14;941.00;17
2080;14;623186801;2080;154;2832;2846;11.14;0.68;217.34;3.46;752;14;942.00;14
2084;14;623186811;2084;161;2835;2846;11.16;0.68;217.57;3.46;751;14;943.00;11
2088;14;623186822;2088;158;2837;2847;11.15;0.68;217.70;3.46;749;14;944.00;10
2093;14;623186838;2093;161;2840;2849;11.06;0.67;217.81;3.47;747;14;945.00;9
2094;14;623186849;2094;161;2842;2849;10.98;0.67;217.88;3.47;748;14;946.00;7
2099;14;623186859;2099;165;2847;2853;10.90;0.66;218.19;3.47;748;14;947.00;6
2100;14;623186869;2100;172;2848;2853;10.86;0.66;218.13;3.47;748;14;948.00;5
2106;14;623186880;2106;171;2848;2853;10.76;0.66;218.15;3.47;742;14;949.00;5
2110;14;623186891;2110;173;2848;2853;10.69;0.65;218.09;3.47;738;14;950.00;5
2113;14;623186901;2113;180;2852;2859;10.54;0.65;217.95;3.47;739;14;951.00;7
2121;14;623186911;2121;176;2852;2859;10.43;0.64;217.71;3.47;731;14;952.00;7
2122;14;623186921;2122;173;2852;2859;10.34;0.63;217.64;3.47;730;14;953.00;7
2126;14;623186930;2126;170;2854;2862;10.28;0.63;217.55;3.46;728;14;954.00;8
2128;14;623186940;2128;175;2858;2862;10.16;0.62;217.47;3.47;730;14;955.00;4
2130;14;623186949;2130;177;2858;2862;10.12;0.62;217.43;3.47;728;14;956.00;4
2134;14;623186959;2134;179;2859;2863;10.03;0.61;217.30;3.47;725;14;957.00;4
2139;14;623186969;2139;180;2860;2864;10.05;0.61;217.30;3.47;721;14;958.00;4
2141;14;623186978;2141;185;2860;2864;10.10;0.62;217.37;3.47;719;14;959.00;4
2143;14;623186988;2143;193;2878;2890;10.03;0.61;217.32;3.45;735;14;960.00;12
2146;14;623187000;2146;194;2878;2890;10.04;0.61;217.41;3.45;732;14;961.00;12
2149;14;623187009;2149;197;2880;2890;10.13;0.62;217.44;3.45;731;14;962.00;10
2155;14;623187019;2155;200;2882;2891;10.17;0.62;217.19;3.46;727;14;963.00;9
2156;14;623187028;2156;203;2884;2891;10.17;0.62;217.12;3.46;728;14;964.00;7
2159;14;623187037;2159;203;2887;2895;10.17;0.62;216.89;3.46;728;14;965.00;8
2161;14;623187046;2161;208;2888;2895;10.10;0.61;216.75;3.46;727;14;966.00;7
2163;14;623187055;2163;214;2891;2899;9.98;0.61;216.67;3.46;728;14;967.00;8
2164;14;623187064;2164;213;2891;2899;9.90;0.60;216.63;3.46;727;14;968.00;8
2167;14;623187072;2167;221;2892;2899;9.82;0.60;216.54;3.46;725;14;969.00;7
2168;14;623187081;2168;226;2893;2899;9.71;0.59;216.55;3.47;725;14;970.00;6
2170;14;623187089;2170;223;2893;2899;9.59;0.58;216.48;3.47;723;14;971.00;6
2172;14;623187098;2172;226;2902;2911;9.52;0.58;216.57;3.46;730;14;972.00;9
2172;14;623187109;2172;231;2904;2911;9.41;0.57;216.57;3.46;732;14;973.00;7
2174;14;623187118;2174;234;2907;2911;9.29;0.57;216.59;3.47;733;14;974.00;4
2175;14;623187126;2175;241;2907;2911;9.18;0.56;216.61;3.47;732;14;975.00;4
2176;14;623187135;2176;247;2907;2911;9.08;0.55;216.54;3.47;731;14;976.00;4
2181;14;623187143;2181;252;2907;2911;8.99;0.55;216.46;3.47;726;14;977.00;4
2181;14;623187158;2181;256;2907;2912;8.95;0.55;216.46;3.47;726;14;978.00;5
2181;14;623187166;2181;245;2907;2912;8.90;0.54;216.46;3.47;726;14;979.00;5
2181;14;623187175;2181;242;2914;2918;8.89;0.54;216.46;3.47;733;14;980.00;4
2184;14;623187183;2184;240;2914;2919;8.86;0.54;216.46;3.47;730;14;981.00;5
2186;14;623187193;2186;238;2916;2919;8.84;0.54;216.44;3.48;730;14;982.00;3
2189;14;623187201;2189;238;2916;2919;8.83;0.54;216.43;3.48;727;14;983.00;3
2189;14;623187210;2189;233;2919;2923;8.84;0.54;216.43;3.48;730;14;984.00;4
2193;14;623187221;2193;237;2920;2923;8.81;0.54;216.29;3.48;727;14;985.00;3
2194;14;623187238;2194;243;2921;2923;8.77;0.53;216.27;3.48;727;14;986.00;2
2194;14;623187247;2194;245;2923;2924;8.80;0.54;216.27;3.49;729;14;987.00;1
2196;14;623187257;2196;249;2928;2928;8.81;0.54;216.21;3.48;732;14;988.00;0
2197;14;623187266;2197;253;2928;2928;8.77;0.54;216.28;3.48;731;14;989.00;0
2197;14;623187276;2197;253;2932;2934;8.85;0.54;216.28;3.48;735;14;990.00;2
2201;14;623187291;2201;254;2932;2934;8.78;0.54;216.16;3.48;731;14;991.00;2
2203;14;623187300;2203;253;2934;2934;8.79;0.54;216.18;3.48;731;14;992.00;0
2204;14;623187309;2204;255;2934;2934;8.81;0.54;216.17;3.48;730;14;993.00;0
2207;14;623187318;2207;258;2938;2938;8.87;0.54;216.12;3.47;731;14;994.00;0
2209;14;623187328;2209;259;2938;2938;8.80;0.54;216.07;3.47;729;14;995.00;0
2210;14;623187338;2210;263;2938;2938;8.80;0.54;216.09;3.47;728;14;996.00;0
2211;14;623187348;2211;263;2938;2938;8.72;0.53;216.12;3.47;727;14;997.00;0
2211;14;623187359;2211;261;2939;2939;8.61;0.53;216.12;3.47;728;14;998.00;0
2214;14;623187368;2214;259;2940;2940;8.52;0.52;216.03;3.47;726;14;999.00;0
2214;14;623187378;2214;254;2940;2940;8.45;0.52;216.03;3.47;726;14;1000.00;0
2219;14;623187392;2219;252;2941;2941;8.38;0.51;216.01;3.47;722;14;1001.00;0
2219;14;623187401;2219;250;2941;2941;8.37;0.51;216.01;3.47;722;14;1002.00;0
2225;14;623187409;2225;246;2941;2941;8.29;0.51;216.21;3.47;716;14;1003.00;0
2227;14;623187417;2227;250;2941;2941;8.31;0.51;216.11;3.47;714;14;1004.00;0
2228;14;623187425;2228;245;2941;2941;8.26;0.51;216.11;3.47;713;14;1005.00;0
2232;14;623187434;2232;243;2941;2941;8.23;0.50;216.12;3.47;709;14;1006.00;0
2233;14;623187442;2233;242;2941;2941;8.27;0.51;216.12;3.47;708;14;1007.00;0
2235;14;623187451;2235;263;3012;3068;8.34;0.52;216.15;3.39;777;14;1008.00;56
2235;14;623187470;2235;254;3016;3069;8.29;0.51;216.15;3.39;781;14;1009.00;53
2237;14;623187479;2237;252;3026;3069;8.27;0.51;216.06;3.38;789;14;1010.00;43
2240;14;623187488;2240;244;3029;3069;8.19;0.51;216.16;3.38;789;14;1011.00;40
2241;14;623187496;2241;244;3037;3069;8.16;0.51;216.29;3.38;796;14;1012.00;32
2245;14;623187511;2245;242;3038;3069;8.03;0.50;216.18;3.38;793;14;1013.00;31
2250;14;623187525;2250;240;3042;3069;7.99;0.49;216.23;3.39;792;14;1014.00;27
2255;14;623187535;2255;243;3043;3069;7.91;0.49;216.37;3.39;788;14;1015.00;26
2258;14;623187544;2258;242;3045;3070;7.89;0.49;216.39;3.39;787;14;1016.00;25
2262;14;623187556;2262;246;3048;3071;7.85;0.48;216.50;3.40;786;14;1017.00;23
2265;14;623187567;2265;249;3051;3071;7.78;0.48;216.79;3.40;786;14;1018.00;20
2269;14;623187575;2269;246;3054;3072;7.69;0.48;216.91;3.41;785;14;1019.00;18
2274;14;623187586;2274;248;3057;3072;7.58;0.47;217.18;3.42;783;14;1020.00;15
2278;14;623187595;2278;243;3060;3072;7.51;0.47;217.30;3.43;782;14;1021.00;12
2281;14;623187604;2281;246;3062;3072;7.47;0.46;217.29;3.43;781;14;1022.00;10
2284;14;623187613;2284;243;3065;3076;7.51;0.47;217.57;3.43;781;14;1023.00;11
2287;14;623187623;2287;240;3069;3076;7.54;0.47;217.77;3.44;782;14;1024.00;7
2293;14;623187633;2293;241;3070;3076;7.57;0.47;218.13;3.44;777;14;1025.00;6
2295;14;623187642;2295;243;3073;3079;7.65;0.47;218.26;3.45;778;14;1026.00;6
2300;14;623187652;2300;236;3073;3079;7.69;0.48;218.48;3.45;773;14;1027.00;6
2305;14;623187669;2305;232;3075;3079;7.70;0.48;218.68;3.46;770;14;1028.00;4
2311;14;623187679;2311;231;3079;3083;7.71;0.47;218.63;3.45;768;14;1029.00;4
2316;14;623187689;2316;231;3080;3084;7.80;0.48;218.91;3.45;764;14;1030.00;4
2320;14;623187699;2320;224;3080;3084;7.87;0.48;219.11;3.45;760;14;1031.00;4
2322;14;623187708;2322;220;3087;3088;7.93;0.49;219.19;3.47;765;14;1032.00;1
2324;14;623187718;2324;214;3088;3088;7.96;0.49;219.36;3.47;764;14;1033.00;0
2326;14;623187728;2326;214;3088;3088;7.96;0.49;219.40;3.47;762;14;1034.00;0
2331;14;623187737;2331;215;3090;3090;7.99;0.49;219.29;3.47;759;14;1035.00;0
2335;14;623187747;2335;207;3090;3090;8.00;0.49;219.42;3.47;755;14;1036.00;0
2337;14;623187757;2337;207;3096;3096;8.05;0.49;219.55;3.46;759;14;1037.00;0
2341;14;623187766;2341;201;3096;3096;8.06;0.49;219.61;3.46;755;14;1038.00;0
2345;14;623187775;2345;202;3097;3097;8.06;0.49;219.72;3.46;752;14;1039.00;0
2347;14;623187786;2347;203;3097;3097;8.11;0.50;219.80;3.46;750;14;1040.00;0
2353;14;623187795;2353;203;3097;3097;8.09;0.49;219.80;3.46;744;14;1041.00;0
2357;14;623187805;2357;202;3097;3097;8.05;0.49;219.70;3.46;740;14;1042.00;0
2359;14;623187814;2359;196;3097;3097;8.05;0.49;219.91;3.46;738;14;1043.00;0
2362;14;623187824;2362;194;3108;3109;8.14;0.50;220.03;3.45;746;14;1044.00;1
2365;14;623187834;2365;204;3109;3109;8.17;0.50;220.18;3.45;744;14;1045.00;0
2369;14;623187843;2369;205;3109;3109;8.13;0.49;220.28;3.45;740;14;1046.00;0
2374;14;623187853;2374;204;3109;3109;8.08;0.49;220.58;3.45;735;14;1047.00;0
2377;14;623187862;2377;211;3109;3109;8.18;0.50;220.53;3.45;732;14;1048.00;0
2379;14;623187872;2379;206;3109;3109;8.22;0.50;220.57;3.45;730;14;1049.00;0
2382;14;623187883;2382;208;3115;3115;8.27;0.50;220.59;3.44;733;14;1050.00;0
2386;14;623187893;2386;204;3115;3115;8.27;0.50;220.55;3.44;729;14;1051.00;0
2389;14;623187903;2389;207;3119;3119;8.33;0.50;220.64;3.44;730;14;1052.00;0
2394;14;623187913;2394;209;3120;3120;8.38;0.51;220.83;3.44;726;14;1053.00;0
2396;14;623187922;2396;204;3120;3120;8.34;0.51;220.94;3.44;724;14;1054.00;0
2401;14;623187932;2401;207;3120;3120;8.33;0.51;221.15;3.44;719;14;1055.00;0
2403;14;623187941;2403;215;3133;3133;8.36;0.51;221.24;3.42;730;14;1056.00;0
2407;14;623187952;2407;208;3133;3133;8.42;0.51;221.16;3.42;726;14;1057.00;0
2411;14;623187967;2411;202;3133;3133;8.39;0.51;221.24;3.42;722;14;1058.00;0
2413;14;623187976;2413;200;3134;3134;8.43;0.51;221.28;3.42;721;14;1059.00;0
2414;14;623187986;2414;201;3135;3135;8.46;0.51;221.31;3.42;721;14;1060.00;0
2418;14;623187995;2418;201;3135;3135;8.45;0.51;221.46;3.42;717;14;1061.00;0
2423;14;623188005;2423;194;3137;3138;8.50;0.52;221.43;3.42;714;14;1062.00;1
2426;14;623188015;2426;194;3137;3138;8.55;0.52;221.47;3.42;711;14;1063.00;1
2429;14;623188025;2429;199;3138;3138;8.56;0.52;221.54;3.42;709;14;1064.00;0
2432;14;623188035;2432;199;3138;3138;8.53;0.52;221.69;3.42;706;14;1065.00;0
2433;14;623188044;2433;204;3144;3144;8.56;0.52;221.63;3.41;711;14;1066.00;0
2434;14;623188053;2434;194;3144;3144;8.64;0.53;221.67;3.41;710;14;1067.00;0
2437;14;623188063;2437;188;3144;3144;8.59;0.52;221.76;3.41;707;14;1068.00;0
2438;14;623188073;2438;182;3144;3144;8.61;0.52;221.75;3.41;706;14;1069.00;0
2443;14;623188082;2443;183;3148;3148;8.64;0.53;222.00;3.41;705;14;1070.00;0
2447;14;623188098;2447;186;3149;3149;8.64;0.53;221.97;3.41;702;14;1071.00;0
2451;14;623188108;2451;184;3149;3149;8.60;0.52;222.05;3.41;698;14;1072.00;0
2454;14;623188118;2454;182;3150;3150;8.67;0.53;222.08;3.41;696;14;1073.00;0
2458;14;623188128;2458;182;3150;3150;8.69;0.53;222.34;3.41;692;14;1074.00;0
2460;14;623188138;2460;182;3150;3150;8.72;0.53;222.31;3.41;690;14;1075.00;0
2461;14;623188148;2461;167;3150;3150;8.75;0.53;222.36;3.41;689;14;1076.00;0
2465;14;623188158;2465;157;3150;3150;8.84;0.54;222.57;3.41;685;14;1077.00;0
2466;14;623188168;2466;154;3150;3150;8.91;0.54;222.62;3.41;684;14;1078.00;0
2466;14;623188178;2466;149;3150;3150;9.00;0.55;222.62;3.41;684;14;1079.00;0
2468;14;623188195;2468;174;3241;3275;8.81;0.54;222.74;3.31;773;14;1080.00;34
2470;14;623188214;2470;168;3244;3276;8.85;0.55;222.66;3.31;774;14;1081.00;32
2470;14;623188226;2470;152;3250;3276;9.02;0.56;222.66;3.31;780;14;1082.00;26
2472;14;623188237;2472;150;3252;3276;9.13;0.56;222.61;3.31;780;14;1083.00;24
2475;14;623188247;2475;146;3256;3276;9.25;0.57;222.81;3.31;781;14;1084.00;20
2476;14;623188258;2476;140;3257;3276;9.39;0.58;222.78;3.31;781;14;1085.00;19
2478;14;623188269;2478;136;3262;3276;9.45;0.58;222.96;3.31;784;14;1086.00;14
2482;14;623188279;2482;144;3265;3276;9.46;0.58;223.04;3.32;783;14;1087.00;11
2486;14;623188290;2486;147;3269;3277;9.47;0.58;223.22;3.32;783;14;1088.00;8
2489;14;623188301;2489;151;3272;3278;9.41;0.58;223.30;3.33;783;14;1089.00;6
2491;14;623188311;2491;152;3274;3278;9.33;0.57;223.54;3.33;783;14;1090.00;4
2495;14;623188322;2495;157;3280;3282;9.31;0.57;223.51;3.33;785;14;1091.00;2
2499;14;623188341;2499;168;3280;3282;9.21;0.56;223.75;3.33;781;14;1092.00;2
2503;14;623188356;2503;174;3280;3282;9.25;0.57;223.86;3.33;777;14;1093.00;2
2504;14;623188372;2504;172;3281;3282;9.28;0.57;223.99;3.33;777;14;1094.00;1
2509;14;623188388;2509;182;3286;3288;9.27;0.57;224.13;3.33;777;14;1095.00;2
2510;14;623188406;2510;185;3287;3288;9.29;0.57;224.08;3.33;777;14;1096.00;1
2512;14;623188424;2512;192;3287;3288;9.25;0.57;224.14;3.33;775;14;1097.00;1
2513;14;623188441;2513;190;3289;3291;9.27;0.57;224.22;3.33;776;14;1098.00;2
2515;14;623188459;2515;195;3289;3291;9.26;0.57;224.20;3.33;774;14;1099.00;2
2516;14;623188474;2516;194;3289;3291;9.25;0.57;224.32;3.33;773;14;1100.00;2
2519;14;623188489;2519;199;3290;3292;9.25;0.57;224.26;3.33;771;14;1101.00;2
2522;14;623188500;2522;198;3292;3293;9.26;0.57;224.30;3.33;770;14;1102.00;1
2524;14;623188517;2524;204;3293;3293;9.25;0.57;224.34;3.33;769;14;1103.00;0
2529;14;623188528;2529;209;3304;3306;9.11;0.56;224.43;3.32;775;14;1104.00;2
2535;14;623188540;2535;209;3305;3306;9.09;0.55;224.36;3.32;770;14;1105.00;1
2537;14;623188552;2537;210;3306;3306;9.10;0.55;224.36;3.32;769;14;1106.00;0
2538;14;623188565;2538;209;3307;3307;9.16;0.56;224.31;3.32;769;14;1107.00;0
2542;14;623188575;2542;213;3307;3307;9.18;0.56;224.24;3.32;765;14;1108.00;0
2545;14;623188585;2545;213;3311;3311;9.24;0.56;224.22;3.32;766;14;1109.00;0
2548;14;623188598;2548;215;3311;3311;9.33;0.57;224.21;3.32;763;14;1110.00;0
2549;14;623188608;2549;223;3315;3315;9.38;0.57;224.17;3.31;766;14;1111.00;0
2550;14;623188618;2550;225;3315;3315;9.44;0.58;224.12;3.31;765;14;1112.00;0
2555;14;623188629;2555;225;3315;3315;9.50;0.58;224.13;3.31;760;14;1113.00;0
2557;14;623188639;2557;230;3315;3315;9.47;0.58;224.03;3.31;758;14;1114.00;0
2557;14;623188649;2557;232;3315;3315;9.48;0.58;224.03;3.31;758;14;1115.00;0
2559;14;623188660;2559;231;3325;3327;9.45;0.58;223.91;3.30;766;14;1116.00;2
2563;14;623188673;2563;232;3326;3327;9.35;0.57;223.83;3.30;763;14;1117.00;1
2565;14;623188683;2565;237;3326;3327;9.24;0.56;223.75;3.30;761;14;1118.00;1
2569;14;623188693;2569;240;3326;3327;9.17;0.56;223.60;3.30;757;14;1119.00;1
2571;14;623188703;2571;243;3326;3327;9.08;0.56;223.58;3.30;755;14;1120.00;1
2571;14;623188711;2571;240;3326;3327;9.06;0.55;223.58;3.30;755;14;1121.00;1
2575;14;623188720;2575;233;3326;3328;9.01;0.55;223.56;3.30;751;14;1122.00;2
2577;14;623188729;2577;236;3326;3328;9.02;0.55;223.54;3.30;749;14;1123.00;2
2578;14;623188739;2578;237;3331;3334;9.12;0.56;223.52;3.30;753;14;1124.00;3
2582;14;623188750;2582;239;3335;3336;9.16;0.56;223.41;3.30;753;14;1125.00;1
2587;14;623188759;2587;241;3335;3336;9.16;0.56;223.27;3.30;748;14;1126.00;1
2589;14;623188769;2589;242;3335;3336;9.17;0.56;223.28;3.30;746;14;1127.00;1
2592;14;623188781;2592;243;3338;3340;9.21;0.56;223.18;3.30;746;14;1128.00;2
2597;14;623188791;2597;240;3338;3340;9.13;0.56;222.96;3.30;741;14;1129.00;2
2599;14;623188802;2599;244;3338;3340;9.12;0.56;222.89;3.30;739;14;1130.00;2
2599;14;623188813;2599;237;3339;3341;9.25;0.56;222.89;3.29;740;14;1131.00;2
2601;14;623188824;2601;226;3342;3345;9.31;0.57;222.77;3.29;741;14;1132.00;3
2602;14;623188835;2602;219;3342;3345;9.36;0.57;222.78;3.29;740;14;1133.00;3
2602;14;623188846;2602;218;3344;3348;9.50;0.58;222.78;3.29;742;14;1134.00;4
2604;14;623188856;2604;219;3345;3348;9.51;0.58;222.68;3.29;741;14;1135.00;3
2607;14;623188865;2607;214;3345;3348;9.62;0.58;222.68;3.29;738;14;1136.00;3
2609;14;623188877;2609;210;3345;3348;9.72;0.59;222.59;3.29;736;14;1137.00;3
2609;14;623188890;2609;206;3349;3352;9.85;0.60;222.59;3.29;740;14;1138.00;3
2610;14;623188901;2610;206;3349;3352;9.99;0.61;222.59;3.29;739;14;1139.00;3
2611;14;623188913;2611;203;3349;3352;10.08;0.61;222.66;3.29;738;14;1140.00;3
2611;14;623188923;2611;201;3349;3352;10.13;0.62;222.66;3.29;738;14;1141.00;3
2615;14;623188932;2615;201;3349;3353;10.11;0.61;222.66;3.29;734;14;1142.00;4
2615;14;623188942;2615;202;3350;3354;10.16;0.62;222.66;3.29;735;14;1143.00;4
2617;14;623188952;2617;194;3350;3354;10.14;0.62;222.62;3.29;733;14;1144.00;4
2619;14;623188961;2619;194;3351;3355;10.11;0.61;222.58;3.29;732;14;1145.00;4
2622;14;623188973;2622;193;3351;3355;10.15;0.62;222.61;3.29;729;14;1146.00;4
2622;14;623188982;2622;193;3351;3355;10.12;0.62;222.61;3.29;729;14;1147.00;4
2623;14;623188991;2623;195;3351;3355;10.11;0.62;222.59;3.29;728;14;1148.00;4
2624;14;623189002;2624;198;3351;3355;10.09;0.61;222.55;3.29;727;14;1149.00;4
2627;14;623189012;2627;195;3353;3355;10.03;0.61;222.45;3.30;726;14;1150.00;2
2628;14;623189021;2628;193;3353;3355;9.99;0.61;222.47;3.30;725;14;1151.00;2
2630;14;623189031;2630;215;3419;3482;9.99;0.62;222.42;3.24;789;14;1152.00;63
2632;14;623189050;2632;208;3423;3483;9.89;0.61;222.55;3.24;791;14;1153.00;60
2635;14;623189060;2635;211;3432;3483;9.87;0.61;222.60;3.24;797;14;1154.00;51
2637;14;623189070;2637;204;3439;3483;9.77;0.60;222.72;3.24;802;14;1155.00;44
2637;14;623189080;2637;210;3447;3483;9.76;0.60;222.72;3.24;810;14;1156.00;36
2638;14;623189089;2638;212;3450;3483;9.66;0.60;222.84;3.24;812;14;1157.00;33
2639;14;623189101;2639;212;3452;3483;9.57;0.59;222.83;3.24;813;14;1158.00;31
2641;14;623189119;2641;222;3456;3483;9.58;0.59;222.82;3.25;815;14;1159.00;27
2642;14;623189135;2642;221;3461;3484;9.53;0.59;222.79;3.25;819;14;1160.00;23
2642;14;623189152;2642;225;3465;3485;9.48;0.58;222.79;3.26;823;14;1161.00;20
2643;14;623189163;2643;227;3469;3485;9.44;0.58;222.89;3.27;826;14;1162.00;16
2646;14;623189172;2646;231;3471;3486;9.43;0.58;222.93;3.27;825;14;1163.00;15
2650;14;623189182;2650;238;3475;3486;9.36;0.58;223.05;3.28;825;14;1164.00;11
2654;14;623189193;2654;244;3476;3486;9.29;0.57;223.05;3.28;822;14;1165.00;10
2657;14;623189203;2657;247;3477;3486;9.21;0.57;223.22;3.29;820;14;1166.00;9
2659;14;623189213;2659;252;3482;3490;9.06;0.56;223.21;3.29;823;14;1167.00;8
2661;14;623189232;2661;260;3483;3490;8.95;0.55;223.31;3.29;822;14;1168.00;7
2663;14;623189242;2663;260;3485;3490;8.87;0.55;223.49;3.30;822;14;1169.00;5
2666;14;623189263;2666;264;3489;3496;8.81;0.54;223.53;3.29;823;14;1170.00;7
2668;14;623189274;2668;262;3490;3496;8.71;0.54;223.60;3.30;822;14;1171.00;6
2674;14;623189284;2674;262;3491;3496;8.57;0.53;223.71;3.30;817;14;1172.00;5
2676;14;623189295;2676;262;3496;3500;8.50;0.52;223.85;3.30;820;14;1173.00;4
2683;14;623189305;2683;263;3498;3501;8.43;0.52;223.94;3.30;815;14;1174.00;3
2685;14;623189316;2685;264;3499;3501;8.37;0.51;224.00;3.31;814;14;1175.00;2
2687;14;623189326;2687;266;3504;3505;8.42;0.51;223.93;3.31;817;14;1176.00;1
2691;14;623189338;2691;265;3504;3505;8.46;0.52;224.05;3.31;813;14;1177.00;1
2693;14;623189349;2693;269;3505;3505;8.47;0.52;224.10;3.31;812;14;1178.00;0
2695;14;623189360;2695;270;3506;3506;8.47;0.52;224.25;3.31;811;14;1179.00;0
2698;14;623189375;2698;273;3506;3506;8.49;0.52;224.30;3.31;808;14;1180.00;0
2700;14;623189391;2700;272;3512;3512;8.52;0.52;224.37;3.31;812;14;1181.00;0
2702;14;623189401;2702;273;3512;3512;8.44;0.52;224.43;3.31;810;14;1182.00;0
2708;14;623189416;2708;272;3513;3513;8.32;0.51;224.58;3.31;805;14;1183.00;0
2712;14;623189426;2712;269;3513;3513;8.23;0.50;224.55;3.31;801;14;1184.00;0
2717;14;623189435;2717;272;3513;3513;8.09;0.49;224.92;3.31;796;14;1185.00;0
2722;14;623189444;2722;273;3513;3513;7.98;0.49;225.08;3.31;791;14;1186.00;0
2726;14;623189454;2726;277;3513;3513;7.75;0.47;225.18;3.31;787;14;1187.00;0
2730;14;623189469;2730;278;3524;3525;7.56;0.46;225.37;3.29;794;14;1188.00;1
2734;14;623189479;2734;278;3524;3525;7.45;0.45;225.48;3.29;790;14;1189.00;1
2738;14;623189488;2738;263;3525;3525;7.40;0.45;225.72;3.29;787;14;1190.00;0
2743;14;623189496;2743;263;3525;3525;7.36;0.45;225.88;3.29;782;14;1191.00;0
2745;14;623189506;2745;258;3525;3525;7.46;0.46;226.03;3.29;780;14;1192.00;0
2748;14;623189513;2748;261;3525;3525;7.55;0.46;226.18;3.29;777;14;1193.00;0
2753;14;623189522;2753;260;3529;3529;7.50;0.46;226.33;3.29;776;14;1194.00;0
2757;14;623189532;2757;257;3529;3529;7.52;0.46;226.45;3.29;772;14;1195.00;0
2763;14;623189541;2763;253;3533;3533;7.53;0.46;226.69;3.29;770;14;1196.00;0
2766;14;623189550;2766;247;3534;3534;7.52;0.46;226.79;3.29;768;14;1197.00;0
2771;14;623189559;2771;238;3534;3534;7.50;0.46;227.00;3.29;763;14;1198.00;0
2774;14;623189568;2774;236;3534;3534;7.47;0.46;227.09;3.29;760;14;1199.00;0
2778;14;623189579;2778;238;3560;3575;7.46;0.46;227.30;3.26;782;14;1200.00;15
2782;15;623189597;2782;226;3561;3575;7.52;0.46;227.46;3.26;779;15;1201.00;14
2786;15;623189614;2786;228;3564;3575;7.60;0.47;227.67;3.26;778;15;1202.00;11
2790;15;623189627;2790;217;3565;3576;7.72;0.47;227.81;3.26;775;15;1203.00;11
2794;15;623189636;2794;217;3569;3577;7.75;0.47;228.03;3.26;775;15;1204.00;8
2798;15;623189646;2798;217;3570;3577;7.83;0.48;228.14;3.26;772;15;1205.00;7
2804;15;623189655;2804;215;3572;3580;7.87;0.48;228.24;3.26;768;15;1206.00;8
2805;15;623189666;2805;218;3573;3580;7.92;0.49;228.29;3.26;768;15;1207.00;7
2811;15;623189675;2811;215;3575;3580;7.98;0.49;228.49;3.26;764;15;1208.00;5
2814;15;623189684;2814;216;3575;3580;8.04;0.49;228.64;3.26;761;15;1209.00;5
2818;15;623189693;2818;220;3582;3586;8.12;0.50;228.74;3.26;764;15;1210.00;4
2820;15;623189703;2820;218;3582;3586;8.12;0.50;228.79;3.26;762;15;1211.00;4
2825;15;623189712;2825;217;3582;3586;8.12;0.50;228.88;3.26;757;15;1212.00;4
2829;15;623189721;2829;214;3582;3586;8.09;0.49;228.88;3.26;753;15;1213.00;4
2833;15;623189731;2833;216;3586;3590;8.04;0.49;228.82;3.26;753;15;1214.00;4
2835;15;623189740;2835;218;3589;3592;8.10;0.50;228.89;3.26;754;15;1215.00;3
2841;15;623189750;2841;212;3589;3592;8.09;0.49;228.82;3.26;748;15;1216.00;3
2843;15;623189760;2843;212;3590;3593;8.14;0.50;228.85;3.26;747;15;1217.00;3
2844;15;623189769;2844;213;3590;3593;8.19;0.50;228.85;3.26;746;15;1218.00;3
2846;15;623189779;2846;212;3590;3593;8.17;0.50;228.93;3.26;744;15;1219.00;3
2849;15;623189788;2849;214;3590;3593;8.11;0.50;228.92;3.26;741;15;1220.00;3
2851;16;623189797;2851;213;3591;3593;8.04;0.49;228.87;3.26;740;16;1221.00;2
2857;16;623189817;2857;216;3591;3593;7.93;0.49;228.92;3.26;734;16;1222.00;2
2864;16;623189827;2864;220;3591;3593;7.81;0.48;228.95;3.26;727;16;1223.00;2
2867;16;623189836;2867;229;3632;3663;7.70;0.47;229.01;3.23;765;16;1224.00;31
2873;16;623189850;2873;225;3633;3664;7.64;0.47;228.91;3.23;760;16;1225.00;31
2880;16;623189860;2880;224;3640;3664;7.72;0.47;228.81;3.23;760;16;1226.00;24
2886;16;623189869;2886;227;3640;3664;7.75;0.47;228.73;3.23;754;16;1227.00;24
2890;16;623189878;2890;231;3646;3666;7.81;0.48;228.72;3.23;756;16;1228.00;20
2892;16;623189887;2892;233;3646;3666;7.84;0.48;228.67;3.23;754;16;1229.00;20
2894;16;623189899;2894;235;3648;3666;7.87;0.48;228.80;3.23;754;16;1230.00;18
2896;16;623189910;2896;231;3650;3666;7.93;0.49;228.83;3.23;754;16;1231.00;16
2897;16;623189919;2897;237;3654;3667;7.98;0.49;228.91;3.25;757;16;1232.00;13
2898;16;623189928;2898;244;3656;3668;7.97;0.49;229.04;3.25;758;16;1233.00;12
2898;16;623189938;2898;252;3658;3668;7.92;0.49;229.04;3.25;760;16;1234.00;10
2901;16;623189947;2901;253;3664;3672;7.86;0.48;229.04;3.26;763;16;1235.00;8
2904;16;623189957;2904;264;3666;3672;7.83;0.48;229.18;3.26;762;16;1236.00;6
2906;16;623189966;2906;257;3669;3672;7.82;0.48;229.12;3.27;763;16;1237.00;3
2909;16;623189977;2909;255;3672;3672;7.80;0.48;229.29;3.27;763;16;1238.00;0
2910;16;623189987;2910;253;3678;3678;7.79;0.48;229.32;3.27;768;16;1239.00;0
2912;16;623189998;2912;254;3678;3678;7.79;0.48;229.26;3.27;766;16;1240.00;0
2915;16;623190012;2915;258;3678;3678;7.80;0.48;229.37;3.27;763;16;1241.00;0
2918;16;623190025;2918;264;3680;3681;7.86;0.48;229.48;3.27;762;16;1242.00;1
2922;16;623190037;2922;264;3680;3681;7.88;0.48;229.69;3.27;758;16;1243.00;1
2926;16;623190048;2926;262;3681;3681;7.92;0.48;229.62;3.27;755;16;1244.00;0
2931;16;623190058;2931;272;3682;3682;7.83;0.48;229.66;3.27;751;16;1245.00;0
2934;16;623190069;2934;258;3683;3683;7.87;0.48;229.59;3.26;749;16;1246.00;0
2938;16;623190079;2938;251;3683;3683;7.83;0.48;229.58;3.26;745;16;1247.00;0
2939;16;623190089;2939;247;3696;3696;7.93;0.48;229.61;3.25;757;16;1248.00;0
2941;16;623190100;2941;238;3696;3696;7.99;0.49;229.49;3.25;755;16;1249.00;0
2942;16;623190110;2942;238;3696;3696;8.03;0.49;229.46;3.25;754;16;1250.00;0
2945;16;623190120;2945;238;3697;3697;8.10;0.49;229.35;3.25;752;16;1251.00;0
2945;16;623190131;2945;238;3697;3697;8.19;0.50;229.35;3.25;752;16;1252.00;0
2947;16;623190141;2947;234;3701;3701;8.25;0.50;229.26;3.25;754;16;1253.00;0
2948;16;623190151;2948;234;3701;3701;8.29;0.51;229.30;3.25;753;16;1254.00;0
2948;16;623190160;2948;227;3705;3705;8.36;0.51;229.30;3.25;757;16;1255.00;0
2952;16;623190170;2952;228;3705;3705;8.43;0.51;229.33;3.25;753;16;1256.00;0
2954;16;623190180;2954;227;3705;3705;8.45;0.52;229.33;3.25;751;16;1257.00;0
2954;16;623190190;2954;224;3705;3705;8.52;0.52;229.33;3.25;751;16;1258.00;0
2961;16;623190199;2961;222;3705;3705;8.54;0.52;229.32;3.25;744;16;1259.00;0
2965;16;623190210;2965;227;3736;3739;8.46;0.52;229.28;3.22;771;16;1260.00;3
2967;16;623190222;2967;230;3736;3739;8.49;0.52;229.27;3.22;769;16;1261.00;3
2968;16;623190231;2968;227;3738;3739;8.60;0.53;229.25;3.22;770;16;1262.00;1
2971;16;623190241;2971;228;3738;3739;8.60;0.53;229.19;3.22;767;16;1263.00;1
2971;16;623190250;2971;230;3739;3739;8.70;0.53;229.19;3.22;768;16;1264.00;0
2973;16;623190259;2973;232;3739;3739;8.69;0.53;229.14;3.22;766;16;1265.00;0
2976;16;623190269;2976;233;3740;3740;8.64;0.53;229.04;3.22;764;16;1266.00;0
2979;16;623190278;2979;237;3740;3740;8.68;0.53;228.95;3.22;761;16;1267.00;0
2979;16;623190288;2979;244;3746;3746;8.71;0.53;228.95;3.22;767;16;1268.00;0
2983;16;623190298;2983;243;3747;3747;8.66;0.53;228.77;3.21;764;16;1269.00;0
2987;16;623190307;2987;244;3747;3747;8.62;0.52;228.78;3.21;760;16;1270.00;0
2988;16;623190317;2988;244;3747;3747;8.58;0.52;228.79;3.21;759;16;1271.00;0
2989;16;623190326;2989;247;3751;3751;8.57;0.52;228.72;3.21;762;16;1272.00;0
2989;16;623190335;2989;246;3751;3751;8.57;0.52;228.72;3.21;762;16;1273.00;0
2992;16;623190351;2992;247;3751;3751;8.57;0.52;228.86;3.21;759;16;1274.00;0
2993;16;623190366;2993;257;3752;3752;8.58;0.52;228.87;3.21;759;16;1275.00;0
2994;16;623190387;2994;254;3755;3756;8.62;0.52;228.86;3.21;761;16;1276.00;1
2994;16;623190402;2994;255;3755;3756;8.71;0.53;228.86;3.21;761;16;1277.00;1
2995;16;623190418;2995;256;3757;3759;8.77;0.53;228.87;3.21;762;16;1278.00;2
2996;16;623190432;2996;257;3757;3759;8.82;0.54;228.80;3.21;761;16;1279.00;2
2997;16;623190446;2997;257;3758;3759;8.87;0.54;228.76;3.21;761;16;1280.00;1
2999;16;623190463;2999;255;3758;3759;8.89;0.54;228.86;3.21;759;16;1281.00;1
2999;16;623190476;2999;250;3762;3763;9.00;0.55;228.86;3.20;763;16;1282.00;1
3000;16;623190486;3000;240;3762;3763;9.07;0.55;228.83;3.20;762;16;1283.00;1
3004;16;623190497;3004;233;3762;3763;9.20;0.56;228.78;3.20;758;16;1284.00;1
3004;16;623190508;3004;226;3762;3763;9.33;0.57;228.78;3.20;758;16;1285.00;1
3006;16;623190518;3006;227;3762;3764;9.36;0.57;228.74;3.20;756;16;1286.00;2
3006;16;623190529;3006;221;3763;3765;9.39;0.57;228.74;3.20;757;16;1287.00;2
3010;16;623190540;3010;219;3763;3765;9.37;0.57;228.68;3.20;753;16;1288.00;2
3011;16;623190552;3011;215;3764;3766;9.40;0.57;228.67;3.20;753;16;1289.00;2
3013;16;623190567;3013;209;3764;3766;9.39;0.57;228.64;3.20;751;16;1290.00;2
3016;16;623190578;3016;202;3764;3766;9.46;0.57;228.55;3.20;748;16;1291.00;2
3019;16;623190589;3019;195;3764;3766;9.49;0.58;228.50;3.20;745;16;1292.00;2
3019;16;623190602;3019;188;3764;3766;9.63;0.58;228.50;3.20;745;16;1293.00;2
3019;16;623190611;3019;185;3765;3766;9.68;0.59;228.50;3.21;746;16;1294.00;1
3023;16;623190621;3023;177;3766;3766;9.76;0.59;228.47;3.21;743;16;1295.00;0
3024;16;623190630;3024;193;3829;3893;9.64;0.59;228.44;3.16;805;16;1296.00;64
3027;16;623190658;3027;185;3829;3894;9.65;0.59;228.36;3.16;802;16;1297.00;65
3030;16;623190670;3030;169;3836;3894;9.71;0.60;228.29;3.16;806;16;1298.00;58
3031;16;623190681;3031;164;3837;3894;9.72;0.60;228.25;3.16;806;16;1299.00;57
3032;16;623190694;3032;163;3842;3894;9.81;0.60;228.20;3.16;810;16;1300.00;52
3035;16;623190708;3035;165;3844;3894;9.82;0.60;228.23;3.16;809;16;1301.00;50
3035;16;623190718;3035;158;3846;3894;9.88;0.61;228.23;3.16;811;16;1302.00;48
3040;16;623190728;3040;161;3849;3894;9.98;0.61;228.22;3.16;809;16;1303.00;45
3040;16;623190739;3040;162;3851;3895;10.09;0.62;228.22;3.16;811;16;1304.00;44
3045;16;623190749;3045;167;3856;3897;10.13;0.62;228.11;3.17;811;16;1305.00;41
3045;16;623190760;3045;170;3858;3897;10.25;0.63;228.11;3.17;813;16;1306.00;39
3049;16;623190770;3049;167;3861;3898;10.30;0.63;228.27;3.18;812;16;1307.00;37
3052;16;623190780;3052;167;3863;3898;10.27;0.63;228.40;3.18;811;16;1308.00;35
3055;16;623190792;3055;169;3865;3898;10.21;0.62;228.43;3.19;810;16;1309.00;33
3057;16;623190802;3057;166;3867;3898;10.13;0.62;228.44;3.19;810;16;1310.00;31
3061;16;623190812;3061;169;3872;3902;10.11;0.62;228.46;3.20;811;16;1311.00;30
3065;16;623190824;3065;179;3875;3902;9.95;0.61;228.39;3.21;810;16;1312.00;27
3068;16;623190834;3068;177;3879;3902;9.81;0.60;228.31;3.23;811;16;1313.00;23
3069;16;623190845;3069;182;3881;3905;9.75;0.59;228.32;3.23;812;16;1314.00;24
3071;16;623190856;3071;189;3884;3905;9.65;0.59;228.32;3.25;813;16;1315.00;21
3072;16;623190873;3072;193;3887;3905;9.58;0.58;228.46;3.26;815;16;1316.00;18
3075;16;623190884;3075;200;3893;3909;9.49;0.58;228.49;3.27;818;16;1317.00;16
3078;16;623190895;3078;206;3895;3910;9.44;0.57;228.63;3.28;817;16;1318.00;15
3080;16;623190907;3080;211;3898;3910;9.42;0.57;228.75;3.28;818;16;1319.00;12
3084;16;623190925;3084;212;3904;3915;9.42;0.57;228.71;3.29;820;16;1320.00;11
3084;16;623190938;3084;218;3906;3915;9.38;0.57;228.71;3.30;822;16;1321.00;9
3088;16;623190948;3088;221;3907;3915;9.33;0.57;228.91;3.30;819;16;1322.00;8
3089;16;623190959;3089;225;3910;3916;9.29;0.56;228.91;3.30;821;16;1323.00;6
3091;16;623190970;3091;230;3910;3916;9.26;0.56;228.92;3.30;819;16;1324.00;6
3094;16;623190982;3094;231;3917;3922;9.17;0.56;228.92;3.31;823;16;1325.00;5
3095;16;623190993;3095;234;3918;3922;9.07;0.55;229.06;3.31;823;16;1326.00;4
3097;16;623191012;3097;238;3918;3923;9.00;0.55;229.06;3.31;821;16;1327.00;5
3101;16;623191024;3101;242;3920;3923;8.94;0.54;229.09;3.32;819;16;1328.00;3
3105;16;623191034;3105;239;3922;3923;8.89;0.54;229.37;3.33;817;16;1329.00;1
3108;16;623191045;3108;245;3922;3923;8.84;0.54;229.40;3.33;814;16;1330.00;1
3112;16;623191056;3112;247;3923;3923;8.78;0.53;229.55;3.33;811;16;1331.00;0
3116;16;623191067;3116;255;3934;3935;8.78;0.53;229.75;3.32;818;16;1332.00;1
3118;16;623191078;3118;252;3934;3935;8.77;0.53;229.90;3.32;816;16;1333.00;1
3120;16;623191088;3120;257;3935;3935;8.66;0.53;230.03;3.32;815;16;1334.00;0
3122;16;623191105;3122;257;3935;3935;8.56;0.52;230.13;3.32;813;16;1335.00;0
3124;16;623191115;3124;267;3935;3935;8.47;0.51;230.12;3.32;811;16;1336.00;0
3125;16;623191129;3125;270;3935;3935;8.38;0.51;230.24;3.32;810;16;1337.00;0
3128;16;623191140;3128;273;3939;3939;8.20;0.50;230.33;3.32;811;16;1338.00;0
3129;16;623191150;3129;268;3939;3939;8.13;0.49;230.43;3.32;810;16;1339.00;0
3133;16;623191161;3133;273;3943;3943;8.11;0.49;230.58;3.31;810;16;1340.00;0
3134;16;623191171;3134;271;3944;3944;8.08;0.49;230.71;3.31;810;16;1341.00;0
3134;16;623191181;3134;267;3944;3944;8.09;0.49;230.71;3.31;810;16;1342.00;0
3136;16;623191191;3136;259;3944;3944;8.04;0.49;230.74;3.31;808;16;1343.00;0
3138;16;623191200;3138;262;3957;3957;7.99;0.49;230.86;3.30;819;16;1344.00;0
3139;16;623191211;3139;260;3957;3957;7.96;0.49;230.79;3.30;818;16;1345.00;0
3143;16;623191222;3143;264;3957;3957;7.92;0.49;230.92;3.30;814;16;1346.00;0
3145;16;623191234;3145;267;3958;3958;7.96;0.49;231.03;3.30;813;16;1347.00;0
3146;16;623191245;3146;272;3959;3959;7.95;0.49;230.98;3.30;813;16;1348.00;0
3146;16;623191256;3146;272;3959;3959;7.97;0.49;230.98;3.30;813;16;1349.00;0
3148;16;623191267;3148;270;3966;3968;7.97;0.49;231.08;3.29;818;16;1350.00;2
3150;16;623191278;3150;264;3966;3968;8.02;0.49;231.23;3.29;816;16;1351.00;2
3153;16;623191288;3153;261;3967;3968;8.06;0.49;231.23;3.29;814;16;1352.00;1
3157;16;623191298;3157;260;3967;3968;8.03;0.49;231.31;3.29;810;16;1353.00;1
3161;16;623191308;3161;256;3973;3974;7.97;0.49;231.48;3.29;812;16;1354.00;1
3164;16;623191319;3164;255;3974;3974;7.93;0.49;231.57;3.29;810;16;1355.00;0
3170;16;623191328;3170;250;3974;3974;7.86;0.48;231.58;3.29;804;16;1356.00;0
3172;16;623191339;3172;254;3974;3974;7.80;0.48;231.63;3.29;802;16;1357.00;0
3178;16;623191351;3178;258;3978;3978;7.67;0.47;231.67;3.29;800;16;1358.00;0
3180;16;623191362;3180;259;3979;3979;7.60;0.46;231.60;3.29;799;16;1359.00;0
3186;16;623191372;3186;248;3979;3979;7.51;0.46;231.80;3.29;793;16;1360.00;0
3190;16;623191383;3190;247;3980;3980;7.46;0.46;231.86;3.29;790;16;1361.00;0
3195;16;623191393;3195;244;3980;3980;7.40;0.45;232.04;3.29;785;16;1362.00;0
3198;16;623191402;3198;246;3980;3980;7.37;0.45;232.20;3.29;782;16;1363.00;0
3201;16;623191412;3201;241;3980;3980;7.34;0.45;232.22;3.29;779;16;1364.00;0
3205;16;623191420;3205;237;3980;3980;7.35;0.45;232.27;3.29;775;16;1365.00;0
3209;16;623191430;3209;236;3980;3980;7.40;0.45;232.41;3.29;771;16;1366.00;0
3210;16;623191439;3210;232;3980;3980;7.45;0.46;232.45;3.29;770;16;1367.00;0
3214;16;623191448;3214;228;4019;4050;7.69;0.47;232.56;3.26;805;16;1368.00;31
3218;16;623191466;3218;222;4023;4051;7.70;0.47;232.57;3.25;805;16;1369.00;28
3220;16;623191476;3220;220;4030;4051;7.81;0.48;232.71;3.25;810;16;1370.00;21
3224;16;623191485;3224;217;4032;4051;7.87;0.48;232.83;3.25;808;16;1371.00;19
3229;16;623191494;3229;220;4034;4051;7.92;0.49;232.88;3.25;805;16;1372.00;17
3234;16;623191504;3234;222;4036;4051;7.86;0.48;232.99;3.25;802;16;1373.00;15
3235;16;623191514;3235;230;4038;4051;7.87;0.48;232.94;3.25;803;16;1374.00;13
3240;16;623191523;3240;240;4040;4051;7.80;0.48;233.03;3.25;800;16;1375.00;11
3245;16;623191533;3245;239;4043;4052;7.74;0.47;232.98;3.26;798;16;1376.00;9
3252;16;623191543;3252;241;4044;4053;7.67;0.47;233.27;3.26;792;16;1377.00;9
3257;16;623191552;3257;240;4046;4053;7.63;0.47;233.47;3.26;789;16;1378.00;7
3262;16;623191562;3262;243;4051;4057;7.67;0.47;233.45;3.26;789;16;1379.00;6
3266;16;623191574;3266;248;4053;4057;7.68;0.47;233.48;3.27;787;16;1380.00;4
3269;16;623191584;3269;243;4053;4057;7.66;0.47;233.75;3.27;784;16;1381.00;4
3273;16;623191593;3273;244;4053;4057;7.67;0.47;233.93;3.27;780;16;1382.00;4
3278;16;623191603;3278;240;4059;4063;7.77;0.48;234.16;3.26;781;16;1383.00;4
3284;16;623191613;3284;242;4059;4063;7.75;0.48;234.25;3.26;775;16;1384.00;4
3291;16;623191623;3291;242;4059;4063;7.78;0.48;234.35;3.26;768;16;1385.00;4
3295;16;623191632;3295;244;4062;4066;7.79;0.48;234.50;3.26;767;16;1386.00;4
3305;16;623191642;3305;250;4064;4066;7.71;0.47;234.83;3.27;759;16;1387.00;2
3308;16;623191652;3308;254;4065;4066;7.66;0.47;234.99;3.27;757;16;1388.00;1
3313;16;623191661;3313;256;4067;4067;7.52;0.46;235.07;3.27;754;16;1389.00;0
3318;16;623191670;3318;258;4068;4068;7.43;0.45;235.20;3.27;750;16;1390.00;0
3320;16;623191681;3320;262;4068;4068;7.36;0.45;235.23;3.27;748;16;1391.00;0
3327;16;623191690;3327;262;4081;4081;7.39;0.45;235.44;3.26;754;16;1392.00;0
3331;16;623191700;3331;272;4081;4081;7.29;0.44;235.59;3.26;750;16;1393.00;0
3335;16;623191709;3335;279;4081;4081;7.26;0.44;235.48;3.26;746;16;1394.00;0
3338;16;623191717;3338;288;4083;4083;7.26;0.44;235.59;3.26;745;16;1395.00;0
3344;16;623191726;3344;288;4083;4083;7.13;0.43;235.73;3.26;739;16;1396.00;0
3350;16;623191735;3350;291;4087;4087;6.99;0.42;235.57;3.26;737;16;1397.00;0
3354;16;623191745;3354;296;4087;4087;6.82;0.41;235.69;3.26;733;16;1398.00;0
3356;16;623191754;3356;301;4091;4091;6.69;0.41;235.74;3.26;735;16;1399.00;0
3359;16;623191764;3359;303;4091;4091;6.54;0.40;235.66;3.26;732;16;1400.00;0
3360;16;623191776;3360;306;4091;4091;6.48;0.39;235.66;3.26;731;16;1401.00;0
3361;16;623191785;3361;317;4091;4091;6.35;0.39;235.64;3.26;730;16;1402.00;0
3361;16;623191794;3361;319;4091;4091;6.31;0.38;235.64;3.26;730;16;1403.00;0
3361;16;623191802;3361;322;4101;4103;6.40;0.39;235.64;3.25;740;16;1404.00;2
3362;16;623191812;3362;331;4101;4103;6.41;0.39;235.60;3.25;739;16;1405.00;2
3363;16;623191820;3363;334;4103;4103;6.43;0.39;235.57;3.25;740;16;1406.00;0
3364;16;623191829;3364;328;4103;4103;6.41;0.39;235.53;3.25;739;16;1407.00;0
3366;16;623191838;3366;324;4103;4103;6.38;0.39;235.52;3.25;737;16;1408.00;0
3369;16;623191846;3369;314;4103;4103;6.40;0.39;235.49;3.25;734;16;1409.00;0
3371;16;623191857;3371;310;4104;4104;6.39;0.39;235.54;3.25;733;16;1410.00;0
3371;16;623191866;3371;308;4104;4104;6.45;0.39;235.54;3.25;733;16;1411.00;0
3373;16;623191875;3373;304;4110;4110;6.48;0.40;235.44;3.24;737;16;1412.00;0
3374;16;623191884;3374;300;4111;4111;6.51;0.40;235.41;3.24;737;16;1413.00;0
3377;16;623191893;3377;300;4111;4111;6.50;0.40;235.30;3.24;734;16;1414.00;0
3380;16;623191902;3380;306;4111;4111;6.55;0.40;235.21;3.24;731;16;1415.00;0
3380;16;623191911;3380;299;4114;4115;6.66;0.41;235.21;3.24;734;16;1416.00;1
3383;16;623191921;3383;288;4115;4115;6.73;0.41;235.18;3.24;732;16;1417.00;0
3387;16;623191930;3387;276;4115;4115;6.78;0.41;235.20;3.24;728;16;1418.00;0
3389;16;623191939;3389;271;4116;4116;6.84;0.41;235.15;3.24;727;16;1419.00;0
3389;16;623191955;3389;270;4120;4120;6.88;0.42;235.15;3.24;731;16;1420.00;0
3391;16;623191964;3391;268;4120;4120;6.93;0.42;235.10;3.24;729;16;1421.00;0
3392;16;623191974;3392;268;4122;4123;7.03;0.43;235.06;3.24;730;16;1422.00;1
3394;16;623191983;3394;269;4122;4123;7.13;0.43;234.99;3.24;728;16;1423.00;1
3394;16;623191992;3394;267;4123;4123;7.32;0.44;234.99;3.24;729;16;1424.00;0
3395;16;623192001;3395;269;4123;4123;7.35;0.44;234.96;3.24;728;16;1425.00;0
3396;16;623192010;3396;264;4127;4127;7.50;0.45;234.90;3.23;731;16;1426.00;0
3397;16;623192020;3397;262;4127;4127;7.56;0.46;234.93;3.23;730;16;1427.00;0
3400;16;623192028;3400;264;4127;4127;7.63;0.46;234.89;3.23;727;16;1428.00;0
3403;16;623192038;3403;259;4127;4127;7.77;0.47;234.82;3.23;724;16;1429.00;0
3403;16;623192046;3403;260;4128;4128;7.89;0.48;234.82;3.23;725;16;1430.00;0
3404;16;623192056;3404;256;4129;4129;8.04;0.49;234.82;3.23;725;16;1431.00;0
3405;16;623192070;3405;251;4129;4129;8.10;0.49;234.78;3.23;724;16;1432.00;0
3408;16;623192079;3408;249;4130;4130;8.10;0.49;234.75;3.23;722;16;1433.00;0
3409;16;623192088;3409;248;4130;4130;8.12;0.49;234.74;3.23;721;16;1434.00;0
3409;16;623192097;3409;232;4130;4130;8.17;0.49;234.74;3.23;721;16;1435.00;0
3409;16;623192106;3409;221;4130;4130;8.24;0.50;234.74;3.23;721;16;1436.00;0
3409;16;623192117;3409;221;4130;4130;8.39;0.51;234.74;3.23;721;16;1437.00;0
3410;16;623192126;3410;212;4130;4130;8.54;0.52;234.72;3.23;720;16;1438.00;0
3410;16;623192135;3410;207;4130;4130;8.71;0.53;234.72;3.23;720;16;1439.00;0
3411;16;623192146;3411;261;4265;4360;8.46;0.53;234.73;3.13;854;16;1440.00;95
3411;16;623192174;3411;240;4268;4361;8.57;0.53;234.73;3.13;857;16;1441.00;93
3411;16;623192185;3411;208;4276;4361;8.81;0.55;234.73;3.13;865;16;1442.00;85
3413;16;623192195;3413;199;4281;4361;8.97;0.56;234.71;3.13;868;16;1443.00;80
3414;16;623192205;3414;199;4287;4361;9.08;0.56;234.71;3.13;873;16;1444.00;74
3416;16;623192215;3416;189;4290;4361;9.15;0.57;234.72;3.13;874;16;1445.00;71
3416;16;623192226;3416;184;4296;4361;9.23;0.57;234.72;3.13;880;16;1446.00;65
3416;16;623192242;3416;183;4301;4361;9.34;0.58;234.72;3.14;885;16;1447.00;60
3419;17;623192253;3419;192;4305;4362;9.45;0.58;234.66;3.14;886;17;1448.00;57
3420;17;623192275;3420;191;4308;4363;9.52;0.59;234.64;3.15;888;17;1449.00;55
3423;17;623192286;3423;190;4314;4363;9.51;0.58;234.58;3.16;891;17;1450.00;49
3423;17;623192304;3423;201;4316;4364;9.53;0.59;234.58;3.16;893;17;1451.00;48
3424;17;623192316;3424;206;4318;4364;9.50;0.58;234.60;3.16;894;17;1452.00;46
3425;17;623192326;3425;212;4320;4364;9.45;0.58;234.62;3.17;895;17;1453.00;44
3426;17;623192337;3426;214;4322;4364;9.38;0.58;234.63;3.17;896;17;1454.00;42
3430;17;623192348;3430;221;4326;4368;9.25;0.57;234.74;3.18;896;17;1455.00;42
3432;17;623192364;3432;223;4327;4368;9.21;0.56;234.72;3.18;895;17;1456.00;41
3437;17;623192381;3437;226;4327;4368;9.09;0.56;234.84;3.18;890;17;1457.00;41
3437;17;623192398;3437;229;4329;4371;9.06;0.55;234.84;3.18;892;17;1458.00;42
3439;17;623192416;3439;233;4329;4371;9.06;0.55;234.91;3.18;890;17;1459.00;42
3442;17;623192433;3442;231;4329;4371;9.05;0.55;235.02;3.18;887;17;1460.00;42
3447;17;623192449;3447;230;4332;4375;9.07;0.55;235.01;3.18;885;17;1461.00;43
3448;17;623192464;3448;225;4333;4376;9.12;0.56;235.08;3.18;885;17;1462.00;43
3455;17;623192479;3455;223;4336;4376;9.17;0.56;235.09;3.19;881;17;1463.00;40
3458;17;623192492;3458;214;4338;4380;9.28;0.57;235.15;3.19;880;17;1464.00;42
3460;17;623192505;3460;213;4340;4380;9.33;0.57;235.14;3.20;880;17;1465.00;40
3466;17;623192518;3466;208;4341;4380;9.31;0.57;235.07;3.20;875;17;1466.00;39
3467;17;623192530;3467;211;4341;4381;9.36;0.57;235.04;3.20;874;17;1467.00;40
3470;17;623192542;3470;201;4341;4381;9.40;0.57;235.09;3.20;871;17;1468.00;40
3474;17;623192554;3474;193;4345;4387;9.45;0.58;235.14;3.21;871;17;1469.00;42
3478;17;623192577;3478;191;4347;4387;9.42;0.57;235.10;3.22;869;17;1470.00;40
3480;17;623192589;3480;190;4347;4388;9.44;0.57;235.11;3.22;867;17;1471.00;41
3484;17;623192601;3484;189;4349;4388;9.43;0.57;235.04;3.23;865;17;1472.00;39
3484;17;623192614;3484;191;4349;4388;9.40;0.57;235.04;3.23;865;17;1473.00;39
3487;17;623192631;3487;185;4349;4388;9.40;0.57;235.04;3.23;862;17;1474.00;39
3490;17;623192643;3490;187;4351;4388;9.44;0.57;235.18;3.24;861;17;1475.00;37
3490;17;623192655;3490;190;4359;4400;9.46;0.58;235.18;3.24;869;17;1476.00;41
3492;17;623192667;3492;194;4361;4400;9.46;0.58;235.24;3.24;869;17;1477.00;39
3496;17;623192679;3496;196;4363;4400;9.48;0.58;235.32;3.25;867;17;1478.00;37
3497;17;623192691;3497;196;4363;4400;9.47;0.58;235.32;3.25;866;17;1479.00;37
3498;17;623192702;3498;204;4366;4400;9.46;0.58;235.34;3.27;868;17;1480.00;34
3501;17;623192713;3501;203;4369;4400;9.45;0.58;235.42;3.29;868;17;1481.00;31
3504;17;623192725;3504;208;4374;4404;9.43;0.57;235.43;3.30;870;17;1482.00;30
3507;17;623192736;3507;211;4375;4404;9.36;0.57;235.55;3.30;868;17;1483.00;29
3509;17;623192748;3509;214;4381;4408;9.33;0.57;235.65;3.32;872;17;1484.00;27
3514;17;623192761;3514;222;4383;4410;9.34;0.57;235.89;3.32;869;17;1485.00;27
3518;17;623192773;3518;224;4385;4410;9.28;0.57;235.98;3.32;867;17;1486.00;25
3519;17;623192785;3519;232;4386;4410;9.29;0.57;235.94;3.33;867;17;1487.00;24
3522;17;623192797;3522;234;4395;4423;9.31;0.57;235.88;3.33;873;17;1488.00;28
3525;17;623192809;3525;233;4396;4423;9.28;0.57;235.91;3.34;871;17;1489.00;27
3526;17;623192821;3526;238;4396;4423;9.30;0.57;235.96;3.34;870;17;1490.00;27
3529;17;623192832;3529;243;4399;4424;9.27;0.57;235.96;3.35;870;17;1491.00;25
3534;18;623192843;3534;245;4400;4425;9.18;0.56;236.00;3.37;866;18;1492.00;25
3535;18;623192877;3535;252;4401;4425;9.10;0.56;236.03;3.37;866;18;1493.00;24
3540;18;623192890;3540;256;4406;4428;9.03;0.55;236.10;3.40;866;18;1494.00;22
3542;18;623192904;3542;260;4407;4428;8.97;0.55;236.12;3.41;865;18;1495.00;21
3543;18;623192918;3543;263;4410;4428;8.90;0.55;236.13;3.43;867;18;1496.00;18
3546;18;623192931;3546;269;4412;4428;8.89;0.54;236.11;3.45;866;18;1497.00;16
3547;18;623192950;3547;276;4419;4434;8.87;0.54;236.23;3.46;872;18;1498.00;15
3549;18;623192962;3549;281;4421;4434;8.83;0.54;236.26;3.46;872;18;1499.00;13
3552;18;623192981;3552;289;4427;4453;8.69;0.53;236.33;3.46;875;18;1500.00;26
3556;18;623193004;3556;292;4427;4453;8.64;0.53;236.50;3.46;871;18;1501.00;26
3557;18;623193017;3557;291;4432;4457;8.55;0.52;236.51;3.47;875;18;1502.00;25
3558;18;623193029;3558;291;4434;4458;8.55;0.52;236.61;3.47;876;18;1503.00;24
3559;19;623193040;3559;295;4435;4458;8.50;0.52;236.60;3.47;876;19;1504.00;23
3564;19;623193072;3564;300;4438;4459;8.37;0.51;236.63;3.47;874;19;1505.00;21
3566;19;623193084;3566;307;4440;4459;8.29;0.51;236.67;3.47;874;19;1506.00;19
3570;19;623193095;3570;310;4440;4459;8.25;0.50;236.70;3.47;870;19;1507.00;19
3572;19;623193106;3572;308;4440;4459;8.15;0.50;236.77;3.47;868;19;1508.00;19
3577;19;623193126;3577;305;4440;4459;8.04;0.49;236.79;3.47;863;19;1509.00;19
3578;19;623193137;3578;302;4440;4459;7.97;0.49;236.77;3.47;862;19;1510.00;19
3580;19;623193149;3580;308;4443;4459;7.86;0.48;236.91;3.47;863;19;1511.00;16
3581;19;623193160;3581;311;4478;4529;7.68;0.47;237.00;3.45;897;19;1512.00;51
3583;19;623193177;3583;304;4480;4530;7.64;0.47;237.15;3.45;897;19;1513.00;50
3586;19;623193189;3586;296;4487;4530;7.62;0.47;237.20;3.44;901;19;1514.00;43
3589;19;623193200;3589;301;4491;4530;7.56;0.46;237.23;3.44;902;19;1515.00;39
3593;19;623193211;3593;298;4494;4530;7.56;0.46;237.20;3.44;901;19;1516.00;36
3597;19;623193224;3597;300;4496;4530;7.55;0.46;237.16;3.45;899;19;1517.00;34
3598;19;623193237;3598;293;4500;4530;7.62;0.47;237.24;3.45;902;19;1518.00;30
3599;19;623193249;3599;289;4500;4530;7.67;0.47;237.22;3.45;901;19;1519.00;30
3601;19;623193261;3601;294;4503;4531;7.72;0.47;237.25;3.45;902;19;1520.00;28
3606;19;623193272;3606;297;4505;4532;7.65;0.47;237.22;3.46;899;19;1521.00;27
3608;19;623193285;3608;304;4507;4532;7.59;0.46;237.15;3.46;899;19;1522.00;25
3610;19;623193295;3610;304;4514;4536;7.44;0.45;237.31;3.47;904;19;1523.00;22
3614;19;623193306;3614;305;4514;4536;7.34;0.45;237.42;3.47;900;19;1524.00;22
3617;19;623193317;3617;309;4514;4536;7.25;0.44;237.42;3.47;897;19;1525.00;22
3622;19;623193328;3622;310;4514;4536;7.05;0.43;237.76;3.47;892;19;1526.00;22
3625;19;623193342;3625;313;4518;4542;7.04;0.43;237.85;3.47;893;19;1527.00;24
3627;19;623193354;3627;321;4519;4542;6.96;0.42;237.86;3.47;892;19;1528.00;23
3632;19;623193367;3632;317;4520;4542;6.84;0.42;238.12;3.48;888;19;1529.00;22
3635;19;623193379;3635;310;4522;4548;6.77;0.41;238.31;3.48;887;19;1530.00;26
3636;19;623193392;3636;309;4524;4548;6.77;0.41;238.26;3.48;888;19;1531.00;24
3642;19;623193403;3642;305;4525;4548;6.68;0.41;238.54;3.49;883;19;1532.00;23
3647;19;623193433;3647;304;4526;4549;6.70;0.41;238.56;3.49;879;19;1533.00;23
3651;19;623193443;3651;303;4529;4550;6.70;0.41;238.67;3.49;878;19;1534.00;21
3655;19;623193454;3655;300;4531;4550;6.82;0.42;238.65;3.50;876;19;1535.00;19
3658;19;623193464;3658;299;4543;4563;6.86;0.42;238.70;3.50;885;19;1536.00;20
3662;19;623193475;3662;301;4544;4563;6.90;0.42;238.86;3.50;882;19;1537.00;19
3664;19;623193485;3664;293;4545;4563;7.00;0.43;238.99;3.50;881;19;1538.00;18
3667;19;623193495;3667;287;4547;4564;7.03;0.43;239.01;3.50;880;19;1539.00;17
3669;19;623193505;3669;292;4548;4564;7.08;0.43;239.03;3.51;879;19;1540.00;16
3676;19;623193515;3676;288;4553;4568;7.10;0.43;239.22;3.52;877;19;1541.00;15
3677;19;623193526;3677;282;4555;4568;7.17;0.44;239.29;3.52;878;19;1542.00;13
3679;19;623193536;3679;284;4560;4572;7.16;0.44;239.38;3.52;881;19;1543.00;12
3684;19;623193546;3684;290;4562;4572;7.16;0.44;239.33;3.52;878;19;1544.00;10
3690;19;623193557;3690;292;4562;4572;7.12;0.43;239.47;3.52;872;19;1545.00;10
3696;19;623193567;3696;292;4563;4572;7.02;0.43;239.50;3.52;867;19;1546.00;9
3697;19;623193578;3697;290;4563;4572;6.99;0.43;239.54;3.52;866;19;1547.00;9
3700;19;623193587;3700;295;4575;4584;6.99;0.43;239.60;3.51;875;19;1548.00;9
3701;19;623193597;3701;299;4575;4584;6.98;0.43;239.67;3.51;874;19;1549.00;9
3704;19;623193607;3704;304;4575;4584;6.89;0.42;239.90;3.51;871;19;1550.00;9
3708;19;623193617;3708;314;4575;4584;6.80;0.42;240.13;3.51;867;19;1551.00;9
3712;19;623193627;3712;314;4575;4584;6.72;0.41;240.30;3.51;863;19;1552.00;9
3714;19;623193637;3714;310;4575;4584;6.71;0.41;240.34;3.51;861;19;1553.00;9
3716;19;623193646;3716;305;4576;4585;6.62;0.41;240.43;3.51;860;19;1554.00;9
3723;19;623193656;3723;308;4578;4587;6.42;0.39;240.41;3.51;855;19;1555.00;9
3727;19;623193666;3727;304;4584;4593;6.28;0.38;240.44;3.54;857;19;1556.00;9
3730;19;623193699;3730;305;4586;4594;6.20;0.38;240.40;3.53;856;19;1557.00;8
3733;19;623193709;3733;307;4586;4594;6.16;0.38;240.38;3.53;853;19;1558.00;8
3738;19;623193718;3738;313;4586;4594;6.08;0.37;240.35;3.53;848;19;1559.00;8
3740;19;623193729;3740;321;4591;4599;6.07;0.37;240.36;3.53;851;19;1560.00;8
3747;19;623193739;3747;325;4591;4599;6.04;0.37;240.36;3.53;844;19;1561.00;8
3749;19;623193749;3749;336;4591;4599;6.01;0.37;240.33;3.53;842;19;1562.00;8
3753;19;623193758;3753;335;4592;4600;6.00;0.37;240.31;3.53;839;19;1563.00;8
3755;19;623193768;3755;338;4596;4604;5.99;0.37;240.24;3.53;841;19;1564.00;8
3757;19;623193777;3757;339;4596;4604;5.93;0.36;240.25;3.53;839;19;1565.00;8
3759;19;623193787;3759;347;4598;4607;5.98;0.37;240.31;3.53;839;19;1566.00;9
3762;19;623193797;3762;346;4599;4607;5.95;0.36;240.29;3.53;837;19;1567.00;8
3765;19;623193806;3765;354;4599;4607;5.91;0.36;240.25;3.53;834;19;1568.00;8
3767;19;623193815;3767;361;4599;4607;5.87;0.36;240.29;3.53;832;19;1569.00;8
3769;19;623193824;3769;356;4603;4611;5.90;0.36;240.29;3.52;834;19;1570.00;8
3772;19;623193835;3772;365;4603;4611;5.85;0.36;240.33;3.52;831;19;1571.00;8
3775;19;623193844;3775;373;4603;4611;5.87;0.36;240.31;3.52;828;19;1572.00;8
3779;19;623193853;3779;373;4603;4611;5.88;0.36;240.31;3.52;824;19;1573.00;8
3784;19;623193862;3784;374;4604;4612;5.85;0.36;240.23;3.52;820;19;1574.00;8
3788;19;623193871;3788;380;4606;4614;5.87;0.36;240.12;3.52;818;19;1575.00;8
3789;19;623193881;3789;377;4606;4614;5.88;0.36;240.07;3.52;817;19;1576.00;8
3793;19;623193890;3793;370;4607;4615;5.89;0.36;239.95;3.52;814;19;1577.00;8
3796;19;623193899;3796;367;4607;4615;5.85;0.36;239.96;3.52;811;19;1578.00;8
3800;19;623193910;3800;361;4607;4615;5.78;0.35;240.07;3.52;807;19;1579.00;8
3803;19;623193919;3803;358;4607;4615;5.76;0.35;240.04;3.52;804;19;1580.00;8
3804;19;623193928;3804;361;4607;4615;5.78;0.35;240.05;3.52;803;19;1581.00;8
3809;19;623193937;3809;360;4608;4615;5.80;0.35;240.00;3.55;799;19;1582.00;7
3810;19;623193947;3810;363;4608;4615;5.86;0.36;240.05;3.55;798;19;1583.00;7
3811;19;623193956;3811;390;4681;4742;6.30;0.39;240.07;3.50;870;19;1584.00;61
3812;19;623193975;3812;386;4685;4743;6.34;0.39;240.06;3.49;873;19;1585.00;58
3814;19;623193996;3814;356;4694;4743;6.49;0.40;240.03;3.49;880;19;1586.00;49
3815;19;623194006;3815;327;4699;4743;6.63;0.41;240.03;3.52;884;19;1587.00;44
3816;19;623194018;3816;304;4705;4743;6.74;0.42;240.04;3.52;889;19;1588.00;38
3818;19;623194029;3818;291;4708;4743;6.81;0.42;240.00;3.52;890;19;1589.00;35
3821;19;623194041;3821;283;4711;4743;6.91;0.43;240.04;3.52;890;19;1590.00;32
3821;19;623194052;3821;274;4714;4743;7.00;0.43;240.04;3.53;893;19;1591.00;29
3822;19;623194062;3822;273;4716;4744;7.14;0.44;240.01;3.53;894;19;1592.00;28
3823;19;623194073;3823;273;4720;4745;7.26;0.45;240.04;3.53;897;19;1593.00;25
3827;19;623194089;3827;263;4721;4745;7.30;0.45;240.02;3.53;894;19;1594.00;24
3832;19;623194101;3832;270;4725;4746;7.34;0.45;240.02;3.54;893;19;1595.00;21
3832;19;623194120;3832;272;4726;4746;7.43;0.45;240.02;3.54;894;19;1596.00;20
3832;19;623194133;3832;270;4728;4746;7.49;0.46;240.02;3.54;896;19;1597.00;18
3833;19;623194150;3833;267;4731;4746;7.57;0.46;240.00;3.55;898;19;1598.00;15
3834;19;623194167;3834;262;4736;4750;7.69;0.47;239.96;3.59;902;19;1599.00;14
3835;19;623194179;3835;255;4738;4750;7.81;0.48;239.96;3.59;903;19;1600.00;12
3836;20;623194199;3836;257;4739;4750;7.89;0.48;239.92;3.59;903;20;1601.00;11
3836;20;623194217;3836;252;4742;4753;7.96;0.48;239.92;3.60;906;20;1602.00;11
3837;20;623194233;3837;249;4743;4753;8.07;0.49;239.96;3.63;906;20;1603.00;10
3837;20;623194245;3837;246;4744;4753;8.19;0.50;239.96;3.63;907;20;1604.00;9
3838;20;623194257;3838;241;4748;4757;8.25;0.50;239.97;3.63;910;20;1605.00;9
3840;20;623194268;3840;235;4750;4758;8.34;0.51;239.91;3.63;910;20;1606.00;8
3840;20;623194280;3840;227;4750;4758;8.48;0.52;239.91;3.63;910;20;1607.00;8
3843;20;623194291;3843;224;4754;4762;8.68;0.53;239.91;3.63;911;20;1608.00;8
3846;20;623194302;3846;215;4754;4762;8.79;0.53;239.84;3.63;908;20;1609.00;8
3849;20;623194314;3849;214;4754;4762;8.91;0.54;239.97;3.63;905;20;1610.00;8
3850;20;623194332;3850;209;4755;4763;9.06;0.55;240.04;3.63;905;20;1611.00;8
3852;20;623194344;3852;205;4755;4763;9.12;0.55;240.05;3.63;903;20;1612.00;8
3853;20;623194355;3853;204;4761;4769;9.25;0.56;240.04;3.66;908;20;1613.00;8
3857;20;623194377;3857;204;4761;4769;9.30;0.56;240.03;3.66;904;20;1614.00;8
3858;20;623194397;3858;202;4761;4770;9.41;0.57;240.11;3.66;903;20;1615.00;9
3863;20;623194417;3863;197;4761;4770;9.50;0.58;240.14;3.66;898;20;1616.00;9
3865;20;623194435;3865;196;4761;4770;9.61;0.58;240.25;3.66;896;20;1617.00;9
3869;20;623194453;3869;196;4761;4770;9.62;0.58;240.29;3.66;892;20;1618.00;9
3870;20;623194471;3870;192;4761;4770;9.72;0.59;240.37;3.66;891;20;1619.00;9
3874;20;623194490;3874;200;4787;4806;9.72;0.59;240.47;3.64;913;20;1620.00;19
3878;20;623194507;3878;199;4787;4806;9.75;0.59;240.53;3.64;909;20;1621.00;19
3883;20;623194521;3883;202;4790;4806;9.76;0.59;240.60;3.64;907;20;1622.00;16
3886;20;623194535;3886;199;4790;4806;9.77;0.59;240.60;3.64;904;20;1623.00;16
3887;20;623194548;3887;198;4792;4806;9.75;0.59;240.65;3.68;905;20;1624.00;14
3889;20;623194561;3889;198;4792;4806;9.71;0.59;240.79;3.68;903;20;1625.00;14
3892;20;623194586;3892;205;4796;4810;9.64;0.58;240.79;3.68;904;20;1626.00;14
3895;20;623194601;3895;206;4796;4810;9.67;0.59;240.90;3.68;901;20;1627.00;14
3895;20;623194614;3895;209;4800;4814;9.72;0.59;240.90;3.67;905;20;1628.00;14
3898;20;623194626;3898;206;4801;4815;9.74;0.59;240.89;3.67;903;20;1629.00;14
3899;20;623194639;3899;202;4801;4815;9.80;0.59;240.86;3.67;902;20;1630.00;14
3900;20;623194651;3900;199;4801;4815;9.85;0.60;240.82;3.67;901;20;1631.00;14
3905;20;623194663;3905;197;4812;4828;9.75;0.59;240.80;3.66;907;20;1632.00;16
3908;20;623194677;3908;189;4812;4828;9.72;0.59;240.83;3.66;904;20;1633.00;16
3910;20;623194689;3910;182;4813;4828;9.74;0.59;240.85;3.67;903;20;1634.00;15
3914;20;623194702;3914;180;4814;4829;9.83;0.60;240.83;3.67;900;20;1635.00;15
3918;20;623194716;3918;179;4815;4830;9.87;0.60;240.75;3.67;897;20;1636.00;15
3921;20;623194728;3921;178;4815;4830;9.88;0.60;240.75;3.67;894;20;1637.00;15
3926;20;623194741;3926;175;4817;4833;9.90;0.60;240.86;3.67;891;20;1638.00;16
3928;20;623194754;3928;176;4818;4833;9.95;0.61;240.79;3.71;890;20;1639.00;15
3931;20;623194766;3931;175;4819;4833;10.09;0.62;240.76;3.71;888;20;1640.00;14
3933;20;623194778;3933;174;4819;4833;10.20;0.62;240.71;3.71;886;20;1641.00;14
3938;20;623194791;3938;171;4824;4839;10.29;0.63;240.80;3.71;886;20;1642.00;15
3942;20;623194805;3942;169;4824;4839;10.36;0.63;240.80;3.71;882;20;1643.00;15
3948;20;623194817;3948;173;4824;4839;10.38;0.63;240.71;3.71;876;20;1644.00;15
3952;20;623194830;3952;168;4824;4839;10.36;0.63;240.80;3.71;872;20;1645.00;15
3954;20;623194844;3954;172;4828;4843;10.27;0.62;240.80;3.71;874;20;1646.00;15
3956;20;623194870;3956;178;4829;4844;10.24;0.62;240.87;3.71;873;20;1647.00;15
3960;20;623194882;3960;182;4829;4844;10.18;0.62;240.92;3.71;869;20;1648.00;15
3963;20;623194896;3963;184;4830;4845;10.12;0.61;240.92;3.71;867;20;1649.00;15
3965;20;623194911;3965;184;4830;4845;10.08;0.61;241.06;3.71;865;20;1650.00;15
3967;20;623194923;3967;191;4830;4845;10.06;0.61;241.12;3.71;863;20;1651.00;15
3970;20;623194935;3970;192;4830;4845;10.02;0.61;241.22;3.71;860;20;1652.00;15
3976;20;623194946;3976;194;4830;4845;9.94;0.60;241.31;3.71;854;20;1653.00;15
3976;20;623194958;3976;195;4830;4845;9.88;0.60;241.31;3.71;854;20;1654.00;15
3978;20;623194972;3978;202;4830;4845;9.78;0.59;241.46;3.71;852;20;1655.00;15
3979;20;623194983;3979;209;4869;4915;9.71;0.59;241.49;3.69;890;20;1656.00;46
3980;20;623195000;3980;210;4871;4916;9.58;0.59;241.49;3.69;891;20;1657.00;45
3985;20;623195012;3985;209;4878;4916;9.50;0.58;241.69;3.69;893;20;1658.00;38
3987;20;623195024;3987;214;4879;4916;9.43;0.58;241.70;3.70;892;20;1659.00;37
3990;20;623195035;3990;218;4882;4916;9.34;0.57;241.79;3.70;892;20;1660.00;34
3992;20;623195047;3992;226;4883;4916;9.28;0.57;241.95;3.70;891;20;1661.00;33
3994;20;623195059;3994;223;4889;4916;9.24;0.56;242.06;3.72;895;20;1662.00;27
3999;20;623195070;3999;224;4890;4916;9.11;0.56;242.21;3.72;891;20;1663.00;26
4003;20;623195083;4003;224;4892;4917;9.03;0.55;242.18;3.72;889;20;1664.00;25
4004;20;623195095;4004;229;4898;4919;9.01;0.55;242.21;3.73;894;20;1665.00;21
4010;20;623195107;4010;233;4901;4919;8.96;0.55;242.43;3.73;891;20;1666.00;18
4013;20;623195120;4013;232;4907;4923;8.96;0.55;242.34;3.74;894;20;1667.00;16
4016;20;623195133;4016;236;4909;4923;8.84;0.54;242.41;3.75;893;20;1668.00;14
4018;20;623195144;4018;236;4910;4923;8.77;0.53;242.44;3.76;892;20;1669.00;13
4023;20;623195156;4023;251;4910;4923;8.68;0.53;242.43;3.76;887;20;1670.00;13
4024;20;623195167;4024;252;4917;4929;8.73;0.53;242.49;3.76;893;20;1671.00;12
4025;20;623195180;4025;257;4918;4929;8.77;0.54;242.47;3.76;893;20;1672.00;11
4028;20;623195192;4028;261;4918;4929;8.68;0.53;242.59;3.76;890;20;1673.00;11
4029;20;623195206;4029;266;4920;4932;8.67;0.53;242.56;3.76;891;20;1674.00;12
4031;20;623195219;4031;271;4921;4932;8.59;0.53;242.74;3.76;890;20;1675.00;11
4033;20;623195229;4033;270;4922;4932;8.47;0.52;242.94;3.76;889;20;1676.00;10
4035;20;623195240;4035;276;4925;4933;8.29;0.51;242.96;3.76;890;20;1677.00;8
4039;20;623195252;4039;276;4926;4934;8.14;0.50;243.05;3.76;887;20;1678.00;8
4045;20;623195263;4045;280;4926;4934;7.93;0.49;243.16;3.76;881;20;1679.00;8
4047;20;623195276;4047;285;4944;4960;7.74;0.47;243.11;3.75;897;20;1680.00;16
4049;20;623195289;4049;281;4945;4960;7.57;0.46;243.18;3.75;896;20;1681.00;15
4052;20;623195300;4052;281;4947;4960;7.48;0.46;243.17;3.75;895;20;1682.00;13
4055;20;623195314;4055;279;4949;4961;7.40;0.45;243.22;3.75;894;20;1683.00;12
4059;20;623195325;4059;286;4950;4961;7.27;0.44;243.39;3.75;891;20;1684.00;11
4059;20;623195336;4059;288;4955;4965;7.20;0.44;243.39;3.75;896;20;1685.00;10
4062;20;623195346;4062;290;4955;4965;7.11;0.43;243.39;3.75;893;20;1686.00;10
4065;20;623195356;4065;288;4959;4969;7.01;0.43;243.40;3.75;894;20;1687.00;10
4067;20;623195370;4067;299;4959;4969;6.97;0.43;243.45;3.75;892;20;1688.00;10
4068;20;623195380;4068;300;4959;4969;6.95;0.42;243.50;3.75;891;20;1689.00;10
4071;20;623195390;4071;301;4959;4969;6.91;0.42;243.49;3.75;888;20;1690.00;10
4074;20;623195401;4074;313;4961;4969;6.89;0.42;243.48;3.75;887;20;1691.00;8
4077;20;623195411;4077;318;4971;4981;6.86;0.42;243.48;3.75;894;20;1692.00;10
4081;20;623195422;4081;321;4971;4981;6.77;0.41;243.59;3.75;890;20;1693.00;10
4084;20;623195432;4084;325;4973;4981;6.75;0.41;243.63;3.75;889;20;1694.00;8
4090;20;623195441;4090;326;4973;4981;6.59;0.40;243.68;3.75;883;20;1695.00;8
4093;20;623195450;4093;333;4973;4981;6.43;0.39;243.74;3.75;880;20;1696.00;8
4095;20;623195458;4095;331;4973;4981;6.25;0.38;243.74;3.75;878;20;1697.00;8
4098;20;623195466;4098;333;4974;4982;6.09;0.37;243.75;3.75;876;20;1698.00;8
4101;20;623195475;4101;335;4974;4982;5.97;0.37;243.73;3.75;873;20;1699.00;8
4106;20;623195483;4106;333;4980;4988;5.96;0.37;243.93;3.74;874;20;1700.00;8
4109;20;623195502;4109;333;4981;4989;5.92;0.36;244.03;3.74;872;20;1701.00;8
4111;20;623195510;4111;328;4981;4989;5.84;0.36;244.09;3.74;870;20;1702.00;8
4116;20;623195518;4116;330;4981;4989;5.76;0.35;244.23;3.74;865;20;1703.00;8
4121;20;623195527;4121;324;4985;4993;5.76;0.35;244.46;3.74;864;20;1704.00;8
4123;20;623195536;4123;319;4985;4993;5.74;0.35;244.45;3.74;862;20;1705.00;8
4126;20;623195545;4126;315;4985;4993;5.73;0.35;244.57;3.74;859;20;1706.00;8
4129;20;623195554;4129;310;4986;4994;5.77;0.35;244.60;3.74;857;20;1707.00;8
4133;20;623195562;4133;310;4990;4998;5.82;0.36;244.64;3.74;857;20;1708.00;8
4136;20;623195572;4136;312;4990;4998;5.87;0.36;244.65;3.74;854;20;1709.00;8
4141;20;623195581;4141;309;4994;5004;5.98;0.37;244.76;3.73;853;20;1710.00;10
4144;20;623195591;4144;311;4994;5004;6.06;0.37;244.71;3.73;850;20;1711.00;10
4146;20;623195600;4146;308;4996;5004;6.18;0.38;244.80;3.73;850;20;1712.00;8
4150;20;623195609;4150;309;4996;5004;6.21;0.38;244.90;3.73;846;20;1713.00;8
4155;20;623195618;4155;312;5000;5008;6.33;0.39;245.04;3.73;845;20;1714.00;8
4158;20;623195627;4158;316;5000;5008;6.29;0.39;245.20;3.73;842;20;1715.00;8
4162;20;623195636;4162;316;5000;5008;6.24;0.39;245.21;3.73;838;20;1716.00;8
4165;20;623195646;4165;320;5000;5008;6.24;0.39;245.14;3.73;835;20;1717.00;8
4168;20;623195656;4168;325;5001;5009;6.25;0.39;245.14;3.73;833;20;1718.00;8
4171;20;623195666;4171;327;5002;5010;6.21;0.38;245.09;3.73;831;20;1719.00;8
4177;20;623195675;4177;327;5002;5010;6.17;0.38;245.06;3.73;825;20;1720.00;8
4180;20;623195684;4180;336;5003;5011;6.12;0.38;244.97;3.73;823;20;1721.00;8
4188;20;623195693;4188;340;5003;5011;6.05;0.37;244.76;3.73;815;20;1722.00;8
4191;20;623195702;4191;338;5003;5011;6.04;0.37;244.77;3.73;812;20;1723.00;8
4194;20;623195710;4194;342;5003;5011;5.98;0.37;244.72;3.73;809;20;1724.00;8
4197;20;623195719;4197;335;5003;5011;5.93;0.36;244.67;3.73;806;20;1725.00;8
4201;20;623195727;4201;333;5003;5011;5.88;0.36;244.67;3.73;802;20;1726.00;8
4207;20;623195737;4207;342;5003;5011;5.84;0.36;244.55;3.73;796;20;1727.00;8
4210;20;623195745;4210;355;5080;5138;6.22;0.39;244.52;3.67;870;20;1728.00;58
4214;20;623195764;4214;354;5082;5139;6.15;0.38;244.50;3.67;868;20;1729.00;57
4215;20;623195774;4215;348;5089;5139;6.23;0.39;244.46;3.67;874;20;1730.00;50
4218;20;623195784;4218;345;5092;5139;6.20;0.39;244.51;3.67;874;20;1731.00;47
4219;20;623195792;4219;344;5098;5139;6.31;0.39;244.48;3.67;879;20;1732.00;41
4224;20;623195801;4224;348;5102;5139;6.28;0.39;244.53;3.67;878;20;1733.00;37
4226;20;623195810;4226;346;5106;5139;6.25;0.39;244.59;3.67;880;20;1734.00;33
4226;20;623195820;4226;355;5107;5139;6.26;0.39;244.59;3.67;881;20;1735.00;32
4229;20;623195829;4229;354;5109;5140;6.17;0.38;244.59;3.67;880;20;1736.00;31
4233;20;623195839;4233;362;5112;5141;6.13;0.38;244.75;3.68;879;20;1737.00;29
4236;20;623195849;4236;365;5114;5141;6.09;0.38;244.74;3.68;878;20;1738.00;27
4239;20;623195859;4239;358;5118;5142;6.08;0.38;244.76;3.68;879;20;1739.00;24
4243;20;623195870;4243;353;5121;5142;6.09;0.38;244.80;3.69;878;20;1740.00;21
4244;20;623195881;4244;348;5122;5142;6.17;0.38;244.79;3.69;878;20;1741.00;20
4245;20;623195891;4245;343;5125;5142;6.25;0.39;244.80;3.70;880;20;1742.00;17
4249;20;623195901;4249;342;5130;5146;6.29;0.39;244.77;3.70;881;20;1743.00;16
4253;20;623195913;4253;337;5130;5146;6.28;0.39;244.84;3.70;877;20;1744.00;16
4254;20;623195923;4254;329;5131;5146;6.38;0.39;244.85;3.70;877;20;1745.00;15
4256;20;623195939;4256;333;5133;5149;6.44;0.40;244.91;3.70;877;20;1746.00;16
4262;20;623195949;4262;321;5135;5149;6.48;0.40;244.93;3.70;873;20;1747.00;14
4264;20;623195965;4264;317;5136;5149;6.60;0.40;245.03;3.71;872;20;1748.00;13
4267;20;623195982;4267;311;5141;5153;6.72;0.41;245.06;3.71;874;20;1749.00;12
4270;20;623195995;4270;303;5143;5154;6.86;0.42;245.07;3.71;873;20;1750.00;11
4272;20;623196007;4272;302;5144;5154;6.99;0.43;245.00;3.71;872;20;1751.00;10
4273;20;623196023;4273;301;5147;5158;7.11;0.43;245.02;3.71;874;20;1752.00;11
4277;20;623196034;4277;300;5148;5158;7.17;0.44;244.91;3.71;871;20;1753.00;10
4278;20;623196050;4278;301;5148;5158;7.31;0.44;244.93;3.71;870;20;1754.00;10
4281;20;623196061;4281;300;5150;5160;7.38;0.45;244.99;3.70;869;20;1755.00;10
4283;20;623196072;4283;283;5150;5160;7.49;0.45;245.00;3.70;867;20;1756.00;10
4284;20;623196083;4284;268;5156;5166;7.66;0.46;244.95;3.70;872;20;1757.00;10
4284;20;623196096;4284;260;5156;5166;7.80;0.47;244.95;3.70;872;20;1758.00;10
4287;20;623196108;4287;249;5157;5167;7.92;0.48;245.01;3.70;870;20;1759.00;10
4289;20;623196125;4289;236;5157;5167;8.04;0.49;245.17;3.70;868;20;1760.00;10
4292;20;623196137;4292;227;5157;5167;8.16;0.49;245.13;3.70;865;20;1761.00;10
4294;20;623196149;4294;221;5157;5167;8.27;0.50;245.21;3.70;863;20;1762.00;10
4296;20;623196160;4296;224;5157;5167;8.48;0.51;245.30;3.70;861;20;1763.00;10
4297;20;623196172;4297;216;5168;5179;8.68;0.52;245.29;3.69;871;20;1764.00;11
4298;20;623196185;4298;215;5168;5179;8.80;0.53;245.40;3.69;870;20;1765.00;11
4302;20;623196197;4302;200;5170;5179;8.94;0.54;245.39;3.74;868;20;1766.00;9
4303;20;623196209;4303;192;5170;5179;9.06;0.55;245.48;3.74;867;20;1767.00;9
4305;20;623196222;4305;186;5170;5179;9.18;0.56;245.53;3.74;865;20;1768.00;9
4307;20;623196234;4307;183;5170;5179;9.29;0.56;245.51;3.74;863;20;1769.00;9
4310;20;623196248;4310;186;5174;5183;9.29;0.56;245.56;3.74;864;20;1770.00;9
4312;20;623196261;4312;178;5174;5183;9.34;0.56;245.63;3.74;862;20;1771.00;9
4315;20;623196273;4315;178;5178;5187;9.35;0.57;245.85;3.74;863;20;1772.00;9
4316;20;623196286;4316;177;5179;5188;9.43;0.57;245.83;3.74;863;20;1773.00;9
4318;20;623196304;4318;179;5179;5188;9.35;0.57;246.01;3.74;861;20;1774.00;9
4318;20;623196316;4318;179;5179;5188;9.44;0.57;246.01;3.74;861;20;1775.00;9
4321;20;623196328;4321;180;5191;5201;9.50;0.58;246.08;3.73;870;20;1776.00;10
4324;20;623196341;4324;175;5191;5201;9.54;0.58;246.20;3.73;867;20;1777.00;10
4327;20;623196352;4327;174;5191;5201;9.53;0.58;246.25;3.73;864;20;1778.00;10
4329;20;623196370;4329;174;5192;5202;9.54;0.58;246.43;3.73;863;20;1779.00;10
4332;20;623196393;4332;178;5192;5203;9.50;0.58;246.59;3.73;860;20;1780.00;11
4334;20;623196408;4334;176;5192;5203;9.49;0.58;246.62;3.73;858;20;1781.00;11
4338;20;623196428;4338;178;5195;5206;9.50;0.58;246.71;3.76;857;20;1782.00;11
4338;20;623196456;4338;187;5195;5206;9.51;0.58;246.71;3.76;857;20;1783.00;11
4342;20;623196471;4342;182;5196;5206;9.52;0.58;246.85;3.76;854;20;1784.00;10
4343;20;623196490;4343;180;5196;5206;9.54;0.58;246.96;3.76;853;20;1785.00;10
4347;20;623196503;4347;177;5201;5212;9.55;0.58;247.09;3.76;854;20;1786.00;11
4352;20;623196517;4352;172;5201;5212;9.54;0.58;247.13;3.76;849;20;1787.00;11
4352;20;623196529;4352;169;5201;5212;9.54;0.58;247.13;3.76;849;20;1788.00;11
4354;20;623196542;4354;171;5201;5212;9.55;0.58;247.17;3.76;847;20;1789.00;11
4357;20;623196554;4357;167;5204;5216;9.53;0.58;247.16;3.76;847;20;1790.00;12
4364;20;623196569;4364;165;5205;5217;9.63;0.58;247.15;3.76;841;20;1791.00;12
4365;20;623196582;4365;166;5205;5217;9.70;0.59;247.17;3.76;840;20;1792.00;12
4368;20;623196595;4368;167;5206;5218;9.77;0.59;247.22;3.76;838;20;1793.00;12
4373;20;623196607;4373;171;5206;5218;9.78;0.60;247.19;3.76;833;20;1794.00;12
4377;20;623196619;4377;168;5206;5218;9.78;0.60;247.19;3.76;829;20;1795.00;12
4381;20;623196631;4381;170;5206;5218;9.85;0.60;247.33;3.76;825;20;1796.00;12
4385;20;623196643;4385;170;5206;5218;9.89;0.60;247.29;3.76;821;20;1797.00;12
4388;20;623196655;4388;170;5206;5218;9.92;0.60;247.44;3.76;818;20;1798.00;12
4391;20;623196667;4391;169;5207;5218;9.89;0.60;247.47;3.80;816;20;1799.00;11
4394;20;623196685;4394;187;5271;5356;9.75;0.60;247.49;3.75;877;20;1800.00;85
4397;20;623196716;4397;180;5272;5357;9.73;0.60;247.44;3.75;875;20;1801.00;85
4401;20;623196728;4401;169;5282;5357;9.71;0.60;247.59;3.75;881;20;1802.00;75
4405;21;623196747;4405;164;5284;5357;9.73;0.60;247.72;3.75;879;21;1803.00;73
4406;21;623196769;4406;160;5288;5357;9.71;0.60;247.80;3.75;882;21;1804.00;69
4408;21;623196781;4408;164;5291;5357;9.69;0.60;247.85;3.75;883;21;1805.00;66
4412;21;623196795;4412;168;5298;5357;9.62;0.59;247.77;3.76;886;21;1806.00;59
4416;21;623196808;4416;172;5304;5357;9.61;0.59;247.79;3.76;888;21;1807.00;53
4424;21;623196827;4424;168;5309;5358;9.59;0.59;247.69;3.77;885;21;1808.00;49
4429;21;623196839;4429;161;5312;5359;9.69;0.59;247.69;3.77;883;21;1809.00;47
4430;21;623196856;4430;157;5314;5359;9.74;0.60;247.66;3.77;884;21;1810.00;45
4432;21;623196868;4432;157;5319;5363;9.72;0.60;247.69;3.77;887;21;1811.00;44
4436;21;623196880;4436;154;5322;5363;9.69;0.59;247.73;3.81;886;21;1812.00;41
4438;21;623196892;4438;157;5323;5363;9.68;0.59;247.71;3.81;885;21;1813.00;40
4443;21;623196906;4443;155;5323;5363;9.67;0.59;247.78;3.81;880;21;1814.00;40
4446;21;623196919;4446;156;5326;5369;9.70;0.59;247.72;3.81;880;21;1815.00;43
4453;21;623196934;4453;158;5327;5369;9.67;0.59;247.74;3.81;874;21;1816.00;42
4456;21;623196947;4456;166;5327;5369;9.66;0.59;247.75;3.81;871;21;1817.00;42
4457;21;623196960;4457;166;5330;5372;9.67;0.59;247.75;3.81;873;21;1818.00;42
4460;21;623196976;4460;162;5331;5372;9.63;0.59;247.72;3.81;871;21;1819.00;41
4465;21;623196989;4465;164;5332;5372;9.60;0.58;247.74;3.81;867;21;1820.00;40
4466;21;623197003;4466;169;5332;5373;9.63;0.59;247.75;3.81;866;21;1821.00;41
4468;21;623197019;4468;172;5335;5374;9.64;0.59;247.73;3.82;867;21;1822.00;39
4470;21;623197034;4470;171;5335;5374;9.65;0.59;247.73;3.82;865;21;1823.00;39
4471;21;623197046;4471;181;5349;5387;9.53;0.58;247.74;3.83;878;21;1824.00;38
4474;21;623197060;4474;179;5349;5387;9.57;0.58;248.04;3.83;875;21;1825.00;38
4479;21;623197075;4479;179;5350;5387;9.58;0.58;248.00;3.83;871;21;1826.00;37
4480;21;623197087;4480;179;5352;5388;9.59;0.58;248.00;3.83;872;21;1827.00;36
4484;21;623197100;4484;180;5352;5388;9.60;0.58;247.99;3.83;868;21;1828.00;36
4486;21;623197112;4486;181;5356;5392;9.57;0.58;248.01;3.83;870;21;1829.00;36
4488;21;623197127;4488;188;5358;5392;9.52;0.58;248.06;3.84;870;21;1830.00;34
4490;21;623197139;4490;190;5361;5396;9.42;0.57;248.18;3.84;871;21;1831.00;35
4492;21;623197152;4492;192;5362;5396;9.35;0.57;248.16;3.84;870;21;1832.00;34
4494;21;623197164;4494;194;5363;5396;9.26;0.57;248.26;3.85;869;21;1833.00;33
4497;21;623197175;4497;196;5364;5396;9.19;0.56;248.38;3.85;867;21;1834.00;32
4499;21;623197186;4499;208;5364;5396;9.11;0.56;248.46;3.85;865;21;1835.00;32
4503;21;623197197;4503;210;5375;5408;9.05;0.55;248.57;3.86;872;21;1836.00;33
4507;21;623197209;4507;217;5376;5408;8.95;0.55;248.66;3.87;869;21;1837.00;32
4509;21;623197220;4509;224;5379;5408;8.91;0.54;248.72;3.87;870;21;1838.00;29
4512;21;623197231;4512;237;5379;5408;8.77;0.54;248.82;3.87;867;21;1839.00;29
4515;21;623197242;4515;246;5381;5408;8.64;0.53;248.91;3.88;866;21;1840.00;27
4519;21;623197255;4519;254;5381;5408;8.49;0.52;248.92;3.88;862;21;1841.00;27
4521;21;623197266;4521;264;5382;5409;8.34;0.51;249.02;3.89;861;21;1842.00;27
4524;21;623197279;4524;269;5382;5409;8.28;0.51;249.02;3.89;858;21;1843.00;27
4526;21;623197289;4526;275;5388;5415;8.30;0.51;249.10;3.89;862;21;1844.00;27
4530;21;623197299;4530;284;5391;5417;8.18;0.50;249.21;3.89;861;21;1845.00;26
4534;21;623197310;4534;287;5391;5417;8.10;0.50;249.29;3.89;857;21;1846.00;26
4537;21;623197321;4537;294;5394;5417;7.98;0.49;249.27;3.90;857;21;1847.00;23
4540;21;623197331;4540;299;5397;5421;7.83;0.48;249.20;3.90;857;21;1848.00;24
4541;21;623197341;4541;297;5399;5421;7.74;0.48;249.29;3.90;858;21;1849.00;22
4543;21;623197352;4543;289;5400;5421;7.68;0.47;249.29;3.91;857;21;1850.00;21
4545;21;623197362;4545;289;5401;5422;7.62;0.47;249.28;3.91;856;21;1851.00;21
4545;21;623197373;4545;292;5404;5426;7.56;0.47;249.28;3.90;859;21;1852.00;22
4548;21;623197384;4548;288;5405;5426;7.47;0.46;249.28;3.90;857;21;1853.00;21
4551;21;623197394;4551;288;5408;5429;7.44;0.46;249.27;3.90;857;21;1854.00;21
4552;21;623197404;4552;290;5408;5429;7.33;0.45;249.26;3.90;856;21;1855.00;21
4556;21;623197414;4556;290;5409;5429;7.27;0.45;249.30;3.90;853;21;1856.00;20
4558;21;623197423;4558;298;5409;5429;7.22;0.44;249.31;3.90;851;21;1857.00;20
4559;21;623197432;4559;299;5413;5433;7.19;0.44;249.29;3.90;854;21;1858.00;20
4564;21;623197441;4564;301;5413;5433;7.04;0.43;249.17;3.90;849;21;1859.00;20
4567;21;623197452;4567;307;5413;5433;6.93;0.42;249.17;3.90;846;21;1860.00;20
4569;21;623197461;4569;313;5413;5433;6.75;0.41;249.11;3.90;844;21;1861.00;20
4571;21;623197471;4571;316;5414;5434;6.55;0.40;249.04;3.90;843;21;1862.00;20
4572;21;623197480;4572;322;5415;5435;6.43;0.39;249.02;3.90;843;21;1863.00;20
4576;21;623197490;4576;324;5415;5435;6.28;0.39;248.97;3.90;839;21;1864.00;20
4578;21;623197499;4578;323;5416;5436;6.16;0.38;248.97;3.90;838;21;1865.00;20
4579;21;623197522;4579;332;5416;5436;6.06;0.37;248.93;3.90;837;21;1866.00;20
4582;21;623197531;4582;336;5416;5436;5.94;0.37;248.90;3.90;834;21;1867.00;20
4583;21;623197539;4583;343;5416;5436;5.85;0.36;248.95;3.90;833;21;1868.00;20
4587;21;623197547;4587;353;5416;5436;5.75;0.36;248.93;3.90;829;21;1869.00;20
4592;21;623197554;4592;345;5416;5436;5.65;0.35;248.91;3.90;824;21;1870.00;20
4597;21;623197562;4597;350;5416;5436;5.59;0.35;248.87;3.90;819;21;1871.00;20
4599;21;623197570;4599;370;5488;5563;5.94;0.37;248.82;3.85;889;21;1872.00;75
4602;21;623197587;4602;366;5493;5564;5.93;0.37;248.88;3.84;891;21;1873.00;71
4603;21;623197597;4603;352;5502;5564;5.98;0.38;248.92;3.84;899;21;1874.00;62
4605;21;623197606;4605;353;5503;5564;5.96;0.37;248.83;3.84;898;21;1875.00;61
4610;21;623197615;4610;353;5509;5564;5.95;0.37;248.86;3.84;899;21;1876.00;55
4614;21;623197624;4614;343;5510;5564;5.96;0.37;248.81;3.84;896;21;1877.00;54
4615;21;623197634;4615;339;5512;5564;5.98;0.37;248.79;3.84;897;21;1878.00;52
4617;21;623197642;4617;343;5516;5564;6.02;0.37;248.82;3.84;899;21;1879.00;48
4619;21;623197651;4619;342;5517;5565;6.02;0.37;248.89;3.85;898;21;1880.00;48
4625;21;623197661;4625;349;5522;5566;5.93;0.37;248.80;3.85;897;21;1881.00;44
4630;21;623197670;4630;357;5525;5568;5.88;0.36;248.76;3.85;895;21;1882.00;43
4632;21;623197680;4632;358;5528;5569;5.86;0.36;248.80;3.85;896;21;1883.00;41
4635;21;623197689;4635;363;5530;5569;5.80;0.36;248.73;3.86;895;21;1884.00;39
4639;21;623197698;4639;372;5533;5569;5.78;0.36;248.73;3.86;894;21;1885.00;36
4640;21;623197708;4640;379;5535;5569;5.78;0.36;248.77;3.86;895;21;1886.00;34
4641;21;623197717;4641;381;5541;5573;5.77;0.36;248.78;3.87;900;21;1887.00;32
4643;21;623197727;4643;389;5543;5573;5.77;0.36;248.78;3.87;900;21;1888.00;30
4644;21;623197736;4644;385;5545;5573;5.75;0.35;248.82;3.88;901;21;1889.00;28
4646;21;623197747;4646;389;5548;5579;5.73;0.35;248.89;3.87;902;21;1890.00;31
4649;21;623197758;4649;384;5552;5579;5.73;0.35;248.88;3.88;903;21;1891.00;27
4652;21;623197768;4652;378;5552;5579;5.72;0.35;249.04;3.88;900;21;1892.00;27
4655;21;623197777;4655;372;5558;5583;5.79;0.35;249.12;3.88;903;21;1893.00;25
4663;21;623197788;4663;366;5559;5584;5.79;0.35;249.09;3.88;896;21;1894.00;25
4665;21;623197799;4665;357;5561;5584;5.85;0.36;249.14;3.88;896;21;1895.00;23
4668;21;623197809;4668;357;5565;5588;5.90;0.36;249.12;3.88;897;21;1896.00;23
4674;21;623197819;4674;357;5566;5588;5.96;0.36;249.14;3.88;892;21;1897.00;22
4676;21;623197841;4676;348;5566;5588;6.04;0.37;249.12;3.88;890;21;1898.00;22
4680;21;623197852;4680;351;5567;5589;6.10;0.37;249.19;3.88;887;21;1899.00;22
4684;21;623197863;4684;349;5567;5589;6.09;0.37;249.27;3.88;883;21;1900.00;22
4685;21;623197877;4685;348;5573;5595;6.17;0.38;249.29;3.88;888;21;1901.00;22
4686;21;623197888;4686;344;5574;5595;6.30;0.39;249.34;3.93;888;21;1902.00;21
4690;21;623197904;4690;344;5575;5596;6.35;0.39;249.33;3.93;885;21;1903.00;21
4691;21;623197914;4691;341;5575;5596;6.45;0.40;249.36;3.93;884;21;1904.00;21
4694;21;623197924;4694;338;5575;5596;6.52;0.40;249.42;3.93;881;21;1905.00;21
4700;21;623197942;4700;330;5575;5596;6.52;0.40;249.50;3.93;875;21;1906.00;21
4702;21;623197960;4702;328;5575;5596;6.53;0.40;249.43;3.93;873;21;1907.00;21
4706;21;623197971;4706;331;5585;5608;6.59;0.40;249.46;3.92;879;21;1908.00;23
4710;21;623197982;4710;332;5586;5608;6.64;0.41;249.36;3.92;876;21;1909.00;22
4713;21;623197992;4713;332;5587;5608;6.63;0.41;249.32;3.92;874;21;1910.00;21
4716;21;623198003;4716;331;5587;5608;6.68;0.41;249.32;3.92;871;21;1911.00;21
4718;21;623198014;4718;329;5587;5608;6.69;0.41;249.32;3.92;869;21;1912.00;21
4721;21;623198024;4721;331;5587;5608;6.69;0.41;249.33;3.92;866;21;1913.00;21
4725;21;623198035;4725;320;5591;5612;6.74;0.41;249.37;3.92;866;21;1914.00;21
4726;21;623198046;4726;321;5591;5612;6.76;0.41;249.37;3.92;865;21;1915.00;21
4731;21;623198058;4731;318;5595;5616;6.80;0.42;249.43;3.92;864;21;1916.00;21
4733;21;623198070;4733;305;5596;5617;6.88;0.42;249.39;3.92;863;21;1917.00;21
4734;21;623198081;4734;293;5596;5617;6.95;0.42;249.39;3.92;862;21;1918.00;21
4735;21;623198091;4735;284;5596;5617;7.04;0.43;249.43;3.92;861;21;1919.00;21
4737;21;623198103;4737;287;5621;5646;7.18;0.44;249.47;3.90;884;21;1920.00;25
4740;21;623198117;4740;278;5621;5646;7.27;0.44;249.51;3.90;881;21;1921.00;25
4743;21;623198128;4743;275;5622;5646;7.39;0.45;249.60;3.90;879;21;1922.00;24
4746;21;623198139;4746;272;5624;5647;7.49;0.46;249.58;3.90;878;21;1923.00;23
4748;21;623198150;4748;278;5625;5648;7.55;0.46;249.67;3.90;877;21;1924.00;23
4751;21;623198160;4751;276;5625;5648;7.62;0.46;249.72;3.90;874;21;1925.00;23
4754;21;623198173;4754;264;5627;5651;7.70;0.47;249.84;3.90;873;21;1926.00;24
4755;21;623198191;4755;258;5627;5651;7.80;0.47;249.88;3.90;872;21;1927.00;24
4760;21;623198208;4760;247;5628;5651;7.86;0.48;249.92;3.89;868;21;1928.00;23
4765;21;623198220;4765;248;5629;5651;7.92;0.48;250.12;3.94;864;21;1929.00;22
4766;21;623198232;4766;244;5634;5657;8.03;0.49;250.12;3.94;868;21;1930.00;23
4768;21;623198244;4768;235;5634;5657;8.10;0.49;250.19;3.94;866;21;1931.00;23
4770;21;623198257;4770;231;5634;5657;8.21;0.50;250.21;3.94;864;21;1932.00;23
4772;21;623198269;4772;228;5634;5657;8.25;0.50;250.36;3.94;862;21;1933.00;23
4776;21;623198282;4776;224;5637;5661;8.28;0.50;250.48;3.94;861;21;1934.00;24
4779;21;623198295;4779;221;5639;5663;8.33;0.50;250.50;3.94;860;21;1935.00;24
4781;21;623198307;4781;225;5639;5663;8.31;0.50;250.57;3.94;858;21;1936.00;24
4783;21;623198319;4783;221;5640;5664;8.30;0.50;250.61;3.94;857;21;1937.00;24
4785;21;623198331;4785;212;5640;5664;8.35;0.51;250.59;3.94;855;21;1938.00;24
4786;21;623198342;4786;213;5640;5664;8.45;0.51;250.68;3.94;854;21;1939.00;24
4787;21;623198353;4787;208;5640;5664;8.51;0.52;250.64;3.94;853;21;1940.00;24
4789;21;623198368;4789;212;5640;5664;8.54;0.52;250.69;3.94;851;21;1941.00;24
4790;21;623198384;4790;204;5640;5664;8.59;0.52;250.68;3.94;850;21;1942.00;24
4793;21;623198405;4793;208;5640;5664;8.66;0.53;250.67;3.94;847;21;1943.00;24
4796;21;623198425;4796;231;5683;5734;8.55;0.52;250.73;3.91;887;21;1944.00;51
4798;21;623198450;4798;224;5683;5735;8.70;0.53;250.87;3.91;885;21;1945.00;52
4800;21;623198468;4800;223;5688;5735;8.85;0.54;250.94;3.91;888;21;1946.00;47
4801;21;623198488;4801;223;5688;5735;8.98;0.55;250.90;3.91;887;21;1947.00;47
4804;21;623198502;4804;220;5690;5735;9.09;0.55;251.05;3.91;886;21;1948.00;45
4807;21;623198516;4807;216;5691;5735;9.12;0.55;251.11;3.91;884;21;1949.00;44
4809;21;623198531;4809;221;5695;5737;9.16;0.56;251.06;3.90;886;21;1950.00;42
4810;22;623198544;4810;222;5697;5737;9.27;0.56;251.13;3.91;887;22;1951.00;40
4811;22;623198564;4811;226;5699;5738;9.36;0.57;251.20;3.91;888;22;1952.00;39
4812;22;623198576;4812;235;5701;5739;9.43;0.57;251.16;3.91;889;22;1953.00;38
4814;22;623198589;4814;231;5703;5739;9.42;0.57;251.21;3.91;889;22;1954.00;36
4821;22;623198602;4821;225;5709;5743;9.40;0.57;251.45;3.91;888;22;1955.00;34
4826;22;623198616;4826;225;5712;5743;9.45;0.57;251.46;3.92;886;22;1956.00;31
4828;22;623198628;4828;219;5713;5743;9.51;0.58;251.45;3.92;885;22;1957.00;30
4829;22;623198646;4829;220;5713;5743;9.51;0.58;251.53;3.92;884;22;1958.00;30
4832;22;623198659;4832;220;5718;5749;9.52;0.58;251.64;3.91;886;22;1959.00;31
4834;22;623198671;4834;224;5718;5749;9.47;0.57;251.71;3.91;884;22;1960.00;31
4838;22;623198683;4838;223;5718;5749;9.44;0.57;251.96;3.91;880;22;1961.00;31
4839;22;623198695;4839;225;5720;5752;9.43;0.57;252.06;3.91;881;22;1962.00;32
4842;22;623198707;4842;217;5721;5752;9.40;0.57;252.09;3.96;879;22;1963.00;31
4844;22;623198719;4844;214;5722;5752;9.46;0.58;252.09;3.96;878;22;1964.00;30
4845;22;623198731;4845;211;5722;5753;9.55;0.58;252.07;3.96;877;22;1965.00;31
4850;22;623198745;4850;215;5723;5754;9.55;0.58;252.15;3.96;873;22;1966.00;31
4851;22;623198758;4851;216;5723;5754;9.52;0.58;252.14;3.96;872;22;1967.00;31
4855;22;623198770;4855;219;5733;5767;9.45;0.58;252.28;3.95;878;22;1968.00;34
4857;22;623198783;4857;216;5733;5767;9.37;0.57;252.36;3.95;876;22;1969.00;34
4863;23;623198795;4863;213;5733;5767;9.38;0.57;252.32;3.95;870;23;1970.00;34
4867;23;623198815;4867;211;5734;5768;9.35;0.57;252.34;3.95;867;23;1971.00;34
4872;23;623198832;4872;212;5734;5768;9.33;0.57;252.41;3.95;862;23;1972.00;34
4877;23;623198845;4877;205;5739;5772;9.35;0.57;252.53;3.95;862;23;1973.00;33
4879;23;623198858;4879;200;5740;5772;9.39;0.57;252.48;3.96;861;23;1974.00;32
4883;23;623198872;4883;196;5743;5776;9.41;0.57;252.44;3.96;860;23;1975.00;33
4884;23;623198886;4884;194;5744;5776;9.42;0.57;252.41;3.96;860;23;1976.00;32
4887;23;623198898;4887;189;5744;5776;9.51;0.58;252.52;3.96;857;23;1977.00;32
4890;23;623198911;4890;184;5744;5776;9.60;0.58;252.57;3.96;854;23;1978.00;32
4893;23;623198923;4893;182;5744;5776;9.63;0.58;252.65;3.96;851;23;1979.00;32
4896;23;623198937;4896;177;5765;5810;9.61;0.58;252.65;3.95;869;23;1980.00;45
4899;23;623198957;4899;172;5766;5810;9.61;0.58;252.74;3.95;867;23;1981.00;44
4903;23;623198970;4903;169;5767;5810;9.54;0.58;252.61;3.95;864;23;1982.00;43
4907;23;623198983;4907;173;5767;5810;9.48;0.58;252.83;3.95;860;23;1983.00;43
4910;23;623198995;4910;175;5768;5810;9.46;0.57;252.79;3.95;858;23;1984.00;42
4914;23;623199007;4914;172;5768;5810;9.46;0.57;252.97;3.95;854;23;1985.00;42
4916;23;623199019;4916;175;5768;5811;9.45;0.57;253.02;3.95;852;23;1986.00;43
4919;24;623199031;4919;176;5770;5811;9.43;0.57;253.08;3.96;851;24;1987.00;41
4923;24;623199054;4923;181;5774;5817;9.43;0.57;253.24;3.95;851;24;1988.00;43
4929;24;623199072;4929;185;5775;5818;9.33;0.57;253.20;3.95;846;24;1989.00;43
4929;24;623199084;4929;187;5775;5818;9.34;0.57;253.20;3.95;846;24;1990.00;43
4933;24;623199097;4933;194;5777;5818;9.24;0.56;253.21;3.95;844;24;1991.00;41
4936;24;623199108;4936;187;5780;5822;9.21;0.56;253.21;3.95;844;24;1992.00;42
4938;24;623199120;4938;187;5780;5822;9.14;0.56;253.20;3.95;842;24;1993.00;42
4940;24;623199131;4940;191;5782;5822;9.14;0.56;253.23;3.96;842;24;1994.00;40
4942;24;623199143;4942;199;5783;5823;9.10;0.55;253.21;3.96;841;24;1995.00;40
4943;24;623199155;4943;202;5787;5827;9.10;0.55;253.21;3.96;844;24;1996.00;40
4944;24;623199167;4944;207;5788;5827;9.01;0.55;253.23;3.96;844;24;1997.00;39
4948;24;623199178;4948;213;5790;5830;9.00;0.55;253.34;3.96;842;24;1998.00;40
4951;24;623199190;4951;225;5791;5830;8.93;0.54;253.36;3.96;840;24;1999.00;39
4952;24;623199204;4952;231;5792;5830;8.83;0.54;253.37;3.96;840;24;2000.00;38
4955;24;623199220;4955;238;5793;5830;8.73;0.53;253.42;3.97;838;24;2001.00;37
4958;24;623199232;4958;238;5798;5834;8.67;0.53;253.44;3.97;840;24;2002.00;36
4961;24;623199244;4961;244;5799;5834;8.58;0.52;253.46;3.98;838;24;2003.00;35
4961;24;623199257;4961;248;5799;5834;8.52;0.52;253.46;3.98;838;24;2004.00;35
4964;24;623199267;4964;254;5801;5834;8.33;0.51;253.53;3.99;837;24;2005.00;33
4966;24;623199278;4966;255;5801;5835;8.18;0.50;253.58;3.99;835;24;2006.00;34
4971;24;623199289;4971;260;5802;5836;8.04;0.49;253.70;3.99;831;24;2007.00;34
4971;24;623199301;4971;263;5804;5836;7.90;0.48;253.70;4.01;833;24;2008.00;32
4974;24;623199313;4974;260;5805;5837;7.81;0.48;253.69;4.01;831;24;2009.00;32
4976;24;623199326;4976;263;5805;5837;7.79;0.47;253.63;4.01;829;24;2010.00;32
4977;24;623199336;4977;270;5807;5837;7.71;0.47;253.61;4.02;830;24;2011.00;30
4980;24;623199347;4980;271;5807;5837;7.61;0.46;253.59;4.02;827;24;2012.00;30
4983;24;623199357;4983;279;5809;5837;7.51;0.46;253.56;4.03;826;24;2013.00;28
4983;24;623199370;4983;281;5810;5837;7.42;0.45;253.56;4.04;827;24;2014.00;27
4986;24;623199381;4986;281;5810;5837;7.34;0.45;253.57;4.04;824;24;2015.00;27
4990;24;623199391;4990;305;5879;5964;7.41;0.46;253.67;4.00;889;24;2016.00;85
4992;24;623199411;4992;305;5883;5965;7.28;0.45;253.63;4.00;891;24;2017.00;82
4993;24;623199421;4993;307;5895;5965;7.29;0.45;253.70;3.99;902;24;2018.00;70
4996;24;623199431;4996;306;5897;5965;7.18;0.44;253.69;3.99;901;24;2019.00;68
5000;24;623199441;5000;310;5904;5965;7.14;0.44;253.70;3.99;904;24;2020.00;61
5001;24;623199451;5001;305;5907;5965;7.12;0.44;253.67;3.99;906;24;2021.00;58
5004;24;623199461;5004;310;5909;5965;7.08;0.44;253.74;3.99;905;24;2022.00;56
5007;24;623199471;5007;305;5913;5965;7.05;0.44;253.69;4.00;906;24;2023.00;52
5008;24;623199481;5008;308;5916;5966;7.11;0.44;253.66;4.00;908;24;2024.00;50
5009;24;623199491;5009;316;5922;5968;7.15;0.44;253.62;4.00;913;24;2025.00;46
5013;24;623199501;5013;311;5928;5968;7.14;0.44;253.73;4.01;915;24;2026.00;40
5014;24;623199510;5014;314;5929;5969;7.15;0.44;253.70;4.01;915;24;2027.00;40
5018;24;623199520;5018;318;5934;5969;7.06;0.43;253.69;4.01;916;24;2028.00;35
5022;24;623199530;5022;321;5937;5969;7.02;0.43;253.73;4.02;915;24;2029.00;32
5023;24;623199541;5023;327;5937;5969;6.99;0.43;253.76;4.02;914;24;2030.00;32
5026;24;623199551;5026;332;5942;5973;6.91;0.42;253.64;4.02;916;24;2031.00;31
5028;24;623199562;5028;337;5942;5973;6.79;0.42;253.61;4.02;914;24;2032.00;31
5034;24;623199571;5034;347;5942;5973;6.56;0.40;253.74;4.02;908;24;2033.00;31
5036;24;623199581;5036;348;5945;5976;6.43;0.40;253.80;4.02;909;24;2034.00;31
5038;24;623199591;5038;356;5945;5976;6.29;0.39;253.79;4.02;907;24;2035.00;31
5039;24;623199600;5039;367;5945;5976;6.20;0.38;253.76;4.02;906;24;2036.00;31
5043;24;623199609;5043;373;5951;5980;6.08;0.38;253.77;4.02;908;24;2037.00;29
5047;24;623199618;5047;381;5952;5981;5.88;0.36;253.84;4.02;905;24;2038.00;29
5048;24;623199627;5048;385;5954;5981;5.76;0.36;253.81;4.03;906;24;2039.00;27
5051;24;623199638;5051;385;5959;5986;5.70;0.35;253.98;4.02;908;24;2040.00;27
5052;24;623199647;5052;383;5959;5986;5.64;0.35;253.94;4.02;907;24;2041.00;27
5057;24;623199657;5057;382;5960;5986;5.58;0.35;253.85;4.02;903;24;2042.00;26
5060;24;623199666;5060;369;5961;5987;5.59;0.35;253.81;4.02;901;24;2043.00;26
5061;24;623199675;5061;364;5961;5987;5.60;0.35;253.78;4.02;900;24;2044.00;26
5064;24;623199690;5064;363;5967;5993;5.70;0.35;253.81;4.02;903;24;2045.00;26
5066;24;623199700;5066;356;5967;5993;5.71;0.35;253.84;4.02;901;24;2046.00;26
5070;24;623199709;5070;350;5968;5994;5.74;0.35;253.75;4.02;898;24;2047.00;26
5074;24;623199719;5074;340;5968;5994;5.77;0.35;253.74;4.02;894;24;2048.00;26
5076;24;623199729;5076;338;5968;5994;5.84;0.36;253.79;4.02;892;24;2049.00;26
5078;24;623199744;5078;330;5968;5994;5.88;0.36;253.78;4.02;890;24;2050.00;26
5079;24;623199753;5079;318;5968;5994;6.04;0.37;253.79;4.02;889;24;2051.00;26
5082;24;623199763;5082;313;5979;6006;6.18;0.38;253.78;4.01;897;24;2052.00;27
5085;24;623199774;5085;308;5979;6006;6.21;0.38;253.73;4.01;894;24;2053.00;27
5089;24;623199784;5089;310;5980;6006;6.28;0.38;253.72;4.01;891;24;2054.00;26
5092;24;623199794;5092;307;5980;6006;6.38;0.39;253.71;4.01;888;24;2055.00;26
5095;24;623199804;5095;309;5980;6006;6.41;0.39;253.74;4.01;885;24;2056.00;26
5097;24;623199820;5097;310;5980;6006;6.50;0.40;253.75;4.01;883;24;2057.00;26
5100;24;623199830;5100;306;5984;6010;6.57;0.40;253.70;4.01;884;24;2058.00;26
5103;24;623199841;5103;306;5984;6010;6.59;0.40;253.77;4.01;881;24;2059.00;26
5106;24;623199851;5106;300;5988;6014;6.64;0.40;253.79;4.01;882;24;2060.00;26
5106;24;623199861;5106;302;5989;6015;6.70;0.41;253.79;4.01;883;24;2061.00;26
5106;24;623199871;5106;301;5989;6015;6.72;0.41;253.79;4.01;883;24;2062.00;26
5109;24;623199881;5109;300;5989;6015;6.69;0.41;253.85;4.01;880;24;2063.00;26
5112;24;623199892;5112;307;6002;6028;6.72;0.41;253.89;4.00;890;24;2064.00;26
5114;24;623199903;5114;310;6002;6028;6.75;0.41;253.87;4.00;888;24;2065.00;26
5119;24;623199919;5119;310;6002;6028;6.74;0.41;254.09;4.00;883;24;2066.00;26
5122;24;623199929;5122;304;6003;6029;6.74;0.41;254.18;4.00;881;24;2067.00;26
5125;24;623199939;5125;308;6004;6030;6.76;0.41;254.27;4.00;879;24;2068.00;26
5131;24;623199949;5131;303;6004;6030;6.80;0.41;254.20;4.00;873;24;2069.00;26
5136;24;623199962;5136;301;6008;6036;6.83;0.42;254.27;4.00;872;24;2070.00;28
5138;24;623199974;5138;303;6008;6036;6.84;0.42;254.35;4.00;870;24;2071.00;28
5141;24;623199983;5141;308;6010;6036;6.86;0.42;254.46;3.99;869;24;2072.00;26
5143;24;623199993;5143;303;6010;6036;6.85;0.42;254.50;3.99;867;24;2073.00;26
5147;24;623200003;5147;305;6016;6042;6.83;0.42;254.47;3.99;869;24;2074.00;26
5153;24;623200015;5153;301;6016;6042;6.81;0.42;254.50;3.99;863;24;2075.00;26
5154;24;623200025;5154;304;6016;6042;6.88;0.42;254.48;3.99;862;24;2076.00;26
5156;24;623200035;5156;302;6016;6042;6.93;0.43;254.57;3.99;860;24;2077.00;26
5160;24;623200045;5160;303;6020;6046;6.93;0.43;254.73;3.99;860;24;2078.00;26
5162;24;623200055;5162;308;6021;6047;6.93;0.43;254.73;3.99;859;24;2079.00;26
5166;24;623200065;5166;309;6021;6047;6.90;0.42;254.79;3.99;855;24;2080.00;26
5172;24;623200075;5172;309;6022;6048;6.86;0.42;254.94;3.99;850;24;2081.00;26
5176;24;623200086;5176;310;6022;6048;6.83;0.42;254.98;3.99;846;24;2082.00;26
5180;24;623200096;5180;307;6022;6048;6.80;0.42;255.07;3.99;842;24;2083.00;26
5186;24;623200107;5186;304;6022;6048;6.78;0.41;255.29;3.99;836;24;2084.00;26
5189;24;623200117;5189;310;6022;6048;6.77;0.41;255.40;3.99;833;24;2085.00;26
5193;24;623200127;5193;314;6022;6048;6.77;0.41;255.39;3.99;829;24;2086.00;26
5196;24;623200137;5196;302;6022;6048;6.84;0.42;255.47;3.99;826;24;2087.00;26
5198;24;623200147;5198;318;6069;6118;6.85;0.42;255.53;3.96;871;24;2088.00;49
5201;24;623200164;5201;306;6071;6119;6.94;0.42;255.53;3.96;870;24;2089.00;48
5202;24;623200174;5202;296;6076;6119;7.14;0.44;255.59;3.95;874;24;2090.00;43
5204;24;623200185;5204;284;6078;6119;7.32;0.45;255.68;3.95;874;24;2091.00;41
5206;24;623200197;5206;282;6081;6119;7.45;0.45;255.69;4.02;875;24;2092.00;38
5209;24;623200208;5209;280;6083;6119;7.56;0.46;255.76;4.02;874;24;2093.00;36
5211;25;623200220;5211;275;6086;6119;7.65;0.47;255.85;4.02;875;25;2094.00;33
5214;25;623200250;5214;272;6089;6119;7.71;0.47;255.88;4.02;875;25;2095.00;30
5216;25;623200262;5216;256;6091;6120;7.84;0.48;255.93;4.02;875;25;2096.00;29
5218;25;623200274;5218;248;6092;6121;8.03;0.49;255.94;4.03;874;25;2097.00;29
5221;25;623200286;5221;248;6093;6121;8.16;0.50;255.98;4.03;872;25;2098.00;28
5222;25;623200297;5222;244;6098;6125;8.26;0.50;255.95;4.03;876;25;2099.00;27
5224;25;623200312;5224;241;6103;6140;8.37;0.51;256.06;4.02;879;25;2100.00;37
5226;25;623200330;5226;237;6103;6140;8.50;0.52;256.12;4.02;877;25;2101.00;37
5228;25;623200343;5228;232;6103;6140;8.65;0.53;256.07;4.02;875;25;2102.00;37
5233;25;623200355;5233;228;6107;6146;8.70;0.53;256.17;4.02;874;25;2103.00;39
5234;25;623200373;5234;224;6107;6146;8.81;0.54;256.24;4.02;873;25;2104.00;39
5236;25;623200391;5236;230;6109;6146;8.88;0.54;256.29;4.02;873;25;2105.00;37
5239;25;623200409;5239;223;6111;6149;8.97;0.55;256.34;4.02;872;25;2106.00;38
5241;25;623200428;5241;227;6111;6149;9.07;0.55;256.48;4.02;870;25;2107.00;38
5246;25;623200445;5246;224;6112;6149;9.11;0.55;256.52;4.02;866;25;2108.00;37
5249;25;623200462;5249;221;6112;6150;9.17;0.56;256.60;4.02;863;25;2109.00;38
5255;25;623200480;5255;214;6113;6151;9.25;0.56;256.97;4.02;858;25;2110.00;38
5257;25;623200494;5257;217;6115;6151;9.29;0.56;257.03;4.02;858;25;2111.00;36
5260;25;623200506;5260;212;6125;6164;9.36;0.57;257.06;4.01;865;25;2112.00;39
5262;25;623200521;5262;205;6125;6164;9.42;0.57;257.10;4.01;863;25;2113.00;39
5266;25;623200534;5266;200;6125;6164;9.42;0.57;257.16;4.01;859;25;2114.00;39
5270;25;623200547;5270;198;6128;6166;9.48;0.58;257.15;4.08;858;25;2115.00;38
5277;25;623200561;5277;201;6130;6166;9.51;0.58;257.21;4.08;853;25;2116.00;36
5280;25;623200574;5280;201;6133;6170;9.54;0.58;257.34;4.08;853;25;2117.00;37
5286;25;623200587;5286;204;6133;6170;9.60;0.58;257.41;4.08;847;25;2118.00;37
5289;25;623200601;5289;201;6136;6174;9.63;0.58;257.46;4.08;847;25;2119.00;38
5294;25;623200613;5294;198;6136;6174;9.67;0.58;257.49;4.08;842;25;2120.00;38
5295;25;623200626;5295;188;6136;6174;9.76;0.59;257.49;4.08;841;25;2121.00;38
5299;25;623200638;5299;187;6138;6174;9.72;0.59;257.64;4.08;839;25;2122.00;36
5302;25;623200650;5302;185;6138;6174;9.65;0.58;257.71;4.08;836;25;2123.00;36
5304;25;623200662;5304;183;6148;6186;9.64;0.58;257.81;4.08;844;25;2124.00;38
5305;25;623200675;5305;188;6149;6186;9.63;0.58;257.88;4.08;844;25;2125.00;37
5307;25;623200687;5307;187;6150;6186;9.62;0.58;257.89;4.08;843;25;2126.00;36
5309;25;623200700;5309;189;6150;6186;9.74;0.59;257.86;4.08;841;25;2127.00;36
5312;25;623200712;5312;196;6152;6186;9.77;0.59;257.93;4.09;840;25;2128.00;34
5312;25;623200725;5312;202;6152;6186;9.81;0.59;257.93;4.09;840;25;2129.00;34
5314;25;623200738;5314;203;6153;6187;9.84;0.60;257.96;4.09;839;25;2130.00;34
5317;25;623200751;5317;205;6153;6187;9.86;0.59;257.95;4.09;836;25;2131.00;34
5319;25;623200762;5319;201;6158;6193;9.91;0.60;258.00;4.08;839;25;2132.00;35
5322;25;623200775;5322;203;6159;6194;9.87;0.60;257.95;4.08;837;25;2133.00;35
5323;25;623200787;5323;203;6159;6194;9.77;0.59;257.93;4.08;836;25;2134.00;35
5325;25;623200799;5325;202;6159;6194;9.68;0.59;257.98;4.08;834;25;2135.00;35
5326;25;623200811;5326;206;6162;6198;9.67;0.59;257.98;4.08;836;25;2136.00;36
5329;25;623200822;5329;205;6162;6198;9.65;0.58;257.95;4.08;833;25;2137.00;36
5332;25;623200833;5332;207;6162;6198;9.62;0.58;257.91;4.08;830;25;2138.00;36
5335;25;623200845;5335;196;6164;6199;9.60;0.58;258.04;4.15;829;25;2139.00;35
5336;25;623200862;5336;196;6167;6203;9.53;0.58;258.02;4.14;831;25;2140.00;36
5345;25;623200873;5345;195;6167;6203;9.38;0.57;257.97;4.14;822;25;2141.00;36
5347;25;623200884;5347;185;6169;6206;9.37;0.57;257.95;4.14;822;25;2142.00;37
5350;25;623200895;5350;190;6169;6206;9.34;0.57;257.92;4.14;819;25;2143.00;37
5353;25;623200907;5353;188;6170;6206;9.41;0.57;257.92;4.14;817;25;2144.00;36
5357;25;623200918;5357;190;6172;6206;9.46;0.57;257.87;4.15;815;25;2145.00;34
5358;25;623200929;5358;184;6176;6210;9.54;0.58;257.87;4.15;818;25;2146.00;34
5363;25;623200942;5363;180;6176;6210;9.60;0.58;257.88;4.15;813;25;2147.00;34
5368;25;623200953;5368;180;6176;6210;9.67;0.59;257.86;4.15;808;25;2148.00;34
5372;25;623200963;5372;176;6176;6210;9.69;0.59;257.90;4.15;804;25;2149.00;34
5376;25;623200976;5376;174;6176;6211;9.65;0.59;257.86;4.15;800;25;2150.00;35
5378;25;623200986;5378;176;6177;6212;9.64;0.59;257.84;4.15;799;25;2151.00;35
5380;25;623200997;5380;173;6177;6212;9.58;0.58;257.82;4.15;797;25;2152.00;35
5385;25;623201007;5385;176;6178;6213;9.52;0.58;257.84;4.15;793;25;2153.00;35
5389;25;623201019;5389;178;6178;6213;9.49;0.58;257.81;4.15;789;25;2154.00;35
5390;25;623201029;5390;180;6179;6213;9.41;0.57;257.90;4.21;789;25;2155.00;34
5394;25;623201039;5394;183;6179;6213;9.36;0.57;257.92;4.21;785;25;2156.00;34
5394;25;623201049;5394;185;6179;6213;9.36;0.57;257.92;4.21;785;25;2157.00;34
5396;25;623201058;5396;184;6179;6213;9.28;0.57;257.97;4.21;783;25;2158.00;34
5401;25;623201068;5401;185;6179;6213;9.25;0.56;257.98;4.21;778;25;2159.00;34
5402;25;623201080;5402;223;6277;6443;9.22;0.58;257.95;4.20;875;25;2160.00;166
5404;25;623201116;5404;218;6281;6444;9.11;0.57;257.97;4.20;877;25;2161.00;163
5408;25;623201128;5408;214;6291;6444;9.12;0.57;258.11;4.19;883;25;2162.00;153
5410;25;623201139;5410;214;6300;6444;9.13;0.57;258.15;4.19;890;25;2163.00;144
5412;25;623201150;5412;212;6310;6444;9.10;0.57;258.15;4.25;898;25;2164.00;134
5418;25;623201161;5418;211;6315;6444;8.96;0.56;258.13;4.25;897;25;2165.00;129
5422;25;623201181;5422;212;6324;6444;8.84;0.55;258.25;4.25;902;25;2166.00;120
5424;25;623201192;5424;221;6329;6444;8.79;0.55;258.27;4.26;905;25;2167.00;115
5428;25;623201202;5428;229;6337;6445;8.71;0.54;258.32;4.32;909;25;2168.00;108
5430;25;623201213;5430;236;6342;6446;8.62;0.54;258.38;4.32;912;25;2169.00;104
5433;25;623201225;5433;252;6349;6446;8.53;0.53;258.40;4.33;916;25;2170.00;97
5438;25;623201236;5438;262;6353;6447;8.42;0.52;258.34;4.34;915;25;2171.00;94
5442;25;623201255;5442;259;6358;6447;8.25;0.51;258.33;4.35;916;25;2172.00;89
5445;25;623201266;5445;268;6360;6447;8.11;0.50;258.38;4.36;915;25;2173.00;87
5447;25;623201278;5447;281;6366;6447;7.99;0.49;258.50;4.37;919;25;2174.00;81
5452;25;623201288;5452;287;6370;6451;7.81;0.48;258.45;4.38;918;25;2175.00;81
5455;25;623201300;5455;299;6374;6451;7.70;0.47;258.40;4.39;919;25;2176.00;77
5458;25;623201311;5458;305;6378;6451;7.62;0.47;258.31;4.41;920;25;2177.00;73
5459;25;623201321;5459;314;6381;6454;7.50;0.46;258.28;4.42;922;25;2178.00;73
5460;25;623201332;5460;322;6384;6454;7.37;0.45;258.25;4.43;924;25;2179.00;70
5461;25;623201342;5461;327;6387;6454;7.27;0.45;258.21;4.44;926;25;2180.00;67
5463;25;623201354;5463;336;6392;6458;7.14;0.44;258.24;4.44;929;25;2181.00;66
5465;25;623201370;5465;339;6394;6459;7.07;0.43;258.18;4.45;929;25;2182.00;65
5466;25;623201382;5466;345;6397;6459;6.98;0.43;258.15;4.46;931;25;2183.00;62
5468;25;623201395;5468;347;6401;6463;6.96;0.43;258.14;4.47;933;25;2184.00;62
5470;25;623201407;5470;354;6405;6463;6.95;0.43;258.13;4.47;935;25;2185.00;58
5471;25;623201419;5471;364;6407;6463;6.93;0.43;258.09;4.48;936;25;2186.00;56
5472;25;623201430;5472;369;6409;6464;6.94;0.43;258.07;4.49;937;25;2187.00;55
5472;25;623201442;5472;374;6411;6464;6.91;0.43;258.07;4.49;939;25;2188.00;53
5474;25;623201452;5474;372;6418;6470;6.84;0.42;258.02;4.50;944;25;2189.00;52
5474;25;623201465;5474;381;6418;6470;6.73;0.41;258.02;4.50;944;25;2190.00;52
5476;25;623201477;5476;375;6420;6471;6.60;0.41;257.98;4.51;944;25;2191.00;51
5480;25;623201488;5480;383;6422;6471;6.42;0.40;257.91;4.52;942;25;2192.00;49
5481;25;623201500;5481;380;6423;6471;6.31;0.39;257.89;4.52;942;25;2193.00;48
5485;25;623201511;5485;380;6423;6471;6.18;0.38;257.79;4.52;938;25;2194.00;48
5485;25;623201521;5485;372;6425;6471;6.12;0.38;257.79;4.52;940;25;2195.00;46
5486;25;623201532;5486;368;6435;6483;6.17;0.38;257.76;4.52;949;25;2196.00;48
5487;25;623201544;5487;360;6437;6483;6.12;0.38;257.76;4.53;950;25;2197.00;46
5487;25;623201554;5487;360;6437;6483;6.09;0.38;257.76;4.53;950;25;2198.00;46
5488;25;623201566;5488;354;6442;6483;6.10;0.38;257.72;4.54;954;25;2199.00;41
5488;25;623201578;5488;358;6444;6483;6.08;0.38;257.72;4.54;956;25;2200.00;39
5492;25;623201593;5492;357;6444;6483;6.00;0.37;257.66;4.54;952;25;2201.00;39
5495;25;623201611;5495;354;6449;6487;5.91;0.36;257.62;4.54;954;25;2202.00;38
5498;25;623201622;5498;356;6449;6487;5.85;0.36;257.58;4.54;951;25;2203.00;38
5501;25;623201631;5501;355;6453;6491;5.90;0.36;257.53;4.54;952;25;2204.00;38
5502;25;623201642;5502;357;6457;6493;5.89;0.36;257.49;4.54;955;25;2205.00;36
5507;25;623201652;5507;355;6457;6493;5.82;0.36;257.50;4.54;950;25;2206.00;36
5509;25;623201662;5509;359;6457;6493;5.81;0.36;257.48;4.54;948;25;2207.00;36
5512;25;623201671;5512;364;6468;6506;5.88;0.36;257.52;4.53;956;25;2208.00;38
5515;25;623201682;5515;365;6468;6506;5.88;0.36;257.50;4.53;953;25;2209.00;38
5516;25;623201692;5516;365;6472;6508;5.87;0.36;257.53;4.53;956;25;2210.00;36
5518;25;623201708;5518;356;6473;6509;5.88;0.36;257.57;4.53;955;25;2211.00;36
5521;25;623201718;5521;352;6474;6510;5.81;0.36;257.52;4.53;953;25;2212.00;36
5522;25;623201728;5522;355;6474;6510;5.83;0.36;257.49;4.53;952;25;2213.00;36
5524;25;623201738;5524;350;6476;6513;5.85;0.36;257.51;4.53;952;25;2214.00;37
5528;25;623201748;5528;349;6476;6513;5.84;0.36;257.52;4.53;948;25;2215.00;37
5530;25;623201758;5530;356;6476;6513;5.86;0.36;257.49;4.53;946;25;2216.00;37
5533;25;623201767;5533;352;6477;6513;5.88;0.36;257.46;4.53;944;25;2217.00;36
5538;25;623201777;5538;347;6482;6519;5.95;0.36;257.58;4.53;944;25;2218.00;37
5540;25;623201788;5540;339;6482;6519;5.98;0.37;257.69;4.53;942;25;2219.00;37
5543;25;623201800;5543;335;6482;6519;6.06;0.37;257.75;4.53;939;25;2220.00;37
5547;25;623201810;5547;335;6484;6519;6.08;0.37;257.89;4.59;937;25;2221.00;35
5548;25;623201821;5548;328;6488;6523;6.19;0.38;257.87;4.59;940;25;2222.00;35
5552;25;623201831;5552;326;6489;6524;6.24;0.38;257.98;4.59;937;25;2223.00;35
5558;25;623201842;5558;321;6489;6524;6.29;0.39;257.95;4.59;931;25;2224.00;35
5560;25;623201852;5560;321;6490;6525;6.38;0.39;257.89;4.59;930;25;2225.00;35
5565;25;623201862;5565;319;6490;6525;6.38;0.39;257.91;4.59;925;25;2226.00;35
5566;25;623201872;5566;323;6490;6525;6.43;0.39;257.88;4.59;924;25;2227.00;35
5571;25;623201882;5571;326;6490;6525;6.41;0.39;257.98;4.59;919;25;2228.00;35
5575;25;623201892;5575;330;6490;6525;6.38;0.39;258.00;4.59;915;25;2229.00;35
5577;25;623201902;5577;331;6490;6525;6.38;0.39;258.08;4.59;913;25;2230.00;35
5581;25;623201912;5581;324;6490;6525;6.41;0.39;258.10;4.59;909;25;2231.00;35
5585;25;623201922;5585;337;6533;6595;6.48;0.40;258.17;4.56;948;25;2232.00;62
5592;25;623201938;5592;323;6535;6596;6.45;0.39;258.26;4.56;943;25;2233.00;61
5594;25;623201949;5594;319;6539;6596;6.55;0.40;258.25;4.55;945;25;2234.00;57
5596;25;623201960;5596;319;6539;6596;6.59;0.40;258.30;4.55;943;25;2235.00;57
5600;25;623201970;5600;318;6541;6596;6.64;0.41;258.39;4.55;941;25;2236.00;55
5603;25;623201981;5603;316;6543;6596;6.68;0.41;258.50;4.55;940;25;2237.00;53
5607;25;623201997;5607;319;6545;6596;6.70;0.41;258.54;4.55;938;25;2238.00;51
5610;25;623202009;5610;318;6547;6596;6.75;0.41;258.52;4.56;937;25;2239.00;49
5612;25;623202019;5612;315;6548;6597;6.78;0.41;258.50;4.56;936;25;2240.00;49
5617;25;623202031;5617;314;6550;6598;6.79;0.41;258.64;4.56;933;25;2241.00;48
5620;25;623202041;5620;314;6552;6598;6.84;0.42;258.65;4.56;932;25;2242.00;46
5624;25;623202052;5624;314;6559;6602;6.88;0.42;258.82;4.56;935;25;2243.00;43
5628;25;623202064;5628;316;6561;6602;6.94;0.42;258.88;4.56;933;25;2244.00;41
5632;25;623202074;5632;316;6562;6602;7.04;0.43;259.05;4.56;930;25;2245.00;40
5635;25;623202086;5635;315;6563;6602;7.13;0.44;259.23;4.56;928;25;2246.00;39
5640;25;623202096;5640;317;6568;6608;7.15;0.44;259.31;4.56;928;25;2247.00;40
5643;25;623202108;5643;317;6569;6608;7.22;0.44;259.48;4.56;926;25;2248.00;39
5647;25;623202119;5647;312;6570;6608;7.23;0.44;259.47;4.57;923;25;2249.00;38
5652;25;623202131;5652;312;6574;6614;7.26;0.44;259.55;4.56;922;25;2250.00;40
5655;25;623202143;5655;310;6576;6614;7.25;0.44;259.58;4.63;921;25;2251.00;38
5660;25;623202154;5660;305;6578;6614;7.27;0.44;259.67;4.63;918;25;2252.00;36
5663;25;623202165;5663;301;6578;6615;7.27;0.44;259.70;4.63;915;25;2253.00;37
5666;25;623202176;5666;294;6579;6616;7.32;0.45;259.78;4.63;913;25;2254.00;37
5669;25;623202187;5669;298;6579;6616;7.33;0.45;259.83;4.63;910;25;2255.00;37
5675;25;623202198;5675;296;6588;6629;7.36;0.45;259.79;4.62;913;25;2256.00;41
5676;25;623202210;5676;286;6590;6629;7.35;0.45;259.80;4.62;914;25;2257.00;39
5680;25;623202221;5680;281;6590;6629;7.24;0.44;259.84;4.62;910;25;2258.00;39
5682;25;623202233;5682;276;6591;6630;7.26;0.44;259.92;4.62;909;25;2259.00;39
5684;25;623202244;5684;271;6591;6630;7.25;0.44;260.01;4.62;907;25;2260.00;39
5686;25;623202255;5686;271;6595;6634;7.32;0.45;260.12;4.62;909;25;2261.00;39
5689;25;623202267;5689;274;6595;6634;7.33;0.45;260.13;4.62;906;25;2262.00;39
5691;25;623202279;5691;267;6598;6638;7.33;0.45;260.21;4.62;907;25;2263.00;40
5693;25;623202291;5693;265;6598;6638;7.37;0.45;260.28;4.62;905;25;2264.00;40
5696;25;623202302;5696;271;6598;6638;7.41;0.45;260.32;4.62;902;25;2265.00;40
5698;25;623202313;5698;257;6599;6638;7.45;0.46;260.30;4.69;901;25;2266.00;39
5701;25;623202324;5701;251;6599;6638;7.56;0.46;260.39;4.69;898;25;2267.00;39
5707;25;623202336;5707;241;6608;6650;7.68;0.47;260.43;4.68;901;25;2268.00;42
5712;25;623202348;5712;234;6608;6650;7.76;0.47;260.47;4.68;896;25;2269.00;42
5714;25;623202360;5714;222;6610;6650;7.90;0.48;260.48;4.68;896;25;2270.00;40
5717;25;623202386;5717;219;6611;6650;8.01;0.49;260.61;4.75;894;25;2271.00;39
5718;25;623202413;5718;215;6611;6650;8.15;0.50;260.65;4.75;893;25;2272.00;39
5722;25;623202437;5722;207;6611;6650;8.29;0.50;260.71;4.75;889;25;2273.00;39
5726;25;623202455;5726;207;6611;6651;8.41;0.51;260.75;4.75;885;25;2274.00;40
5731;25;623202474;5731;201;6611;6651;8.54;0.52;260.95;4.75;880;25;2275.00;40
5734;25;623202491;5734;203;6616;6657;8.69;0.53;261.04;4.75;882;25;2276.00;41
5737;25;623202506;5737;202;6617;6658;8.81;0.53;261.14;4.75;880;25;2277.00;41
5739;25;623202520;5739;203;6617;6658;8.88;0.54;261.15;4.75;878;25;2278.00;41
5742;25;623202532;5742;206;6617;6658;9.00;0.55;261.24;4.75;875;25;2279.00;41
5745;25;623202548;5745;202;6621;6663;9.11;0.55;261.28;4.74;876;25;2280.00;42
5750;25;623202561;5750;200;6621;6663;9.20;0.56;261.36;4.74;871;25;2281.00;42
5752;25;623202573;5752;199;6622;6663;9.24;0.56;261.46;4.82;870;25;2282.00;41
5755;25;623202586;5755;203;6623;6664;9.36;0.57;261.41;4.82;868;25;2283.00;41
5759;25;623202599;5759;209;6626;6668;9.35;0.57;261.53;4.81;867;25;2284.00;42
5762;25;623202611;5762;202;6626;6668;9.43;0.57;261.51;4.81;864;25;2285.00;42
5765;25;623202623;5765;201;6628;6671;9.51;0.58;261.51;4.81;863;25;2286.00;43
5770;25;623202636;5770;202;6628;6671;9.51;0.58;261.58;4.81;858;25;2287.00;43
5773;25;623202649;5773;207;6629;6671;9.52;0.58;261.59;4.81;856;25;2288.00;42
5776;25;623202660;5776;205;6629;6671;9.49;0.58;261.60;4.81;853;25;2289.00;42
5779;25;623202672;5779;210;6633;6675;9.49;0.58;261.63;4.81;854;25;2290.00;42
5781;25;623202684;5781;206;6633;6675;9.49;0.58;261.66;4.81;852;25;2291.00;42
5785;25;623202695;5785;211;6633;6675;9.43;0.57;261.81;4.81;848;25;2292.00;42
5786;25;623202706;5786;216;6633;6675;9.47;0.58;261.79;4.81;847;25;2293.00;42
5790;25;623202717;5790;212;6633;6676;9.45;0.57;261.77;4.81;843;25;2294.00;43
5795;25;623202729;5795;215;6635;6678;9.37;0.57;261.75;4.81;840;25;2295.00;43
5797;25;623202747;5797;219;6635;6678;9.36;0.57;261.80;4.81;838;25;2296.00;43
5798;25;623202759;5798;218;6636;6679;9.33;0.57;261.84;4.81;838;25;2297.00;43
5802;25;623202770;5802;218;6636;6679;9.28;0.56;261.88;4.81;834;25;2298.00;43
5805;25;623202782;5805;215;6636;6679;9.30;0.56;261.95;4.81;831;25;2299.00;43
5807;25;623202794;5807;206;6637;6679;9.23;0.56;262.01;4.88;830;25;2300.00;42
5808;25;623202809;5808;208;6637;6679;9.23;0.56;262.01;4.88;829;25;2301.00;42
5809;25;623202820;5809;208;6637;6679;9.24;0.56;262.08;4.88;828;25;2302.00;42
5812;25;623202831;5812;209;6637;6679;9.27;0.56;262.09;4.88;825;25;2303.00;42
5815;25;623202841;5815;236;6707;6806;8.99;0.55;262.12;4.83;892;25;2304.00;99
5819;25;623202862;5819;225;6708;6807;8.94;0.55;262.07;4.83;889;25;2305.00;99
5821;25;623202873;5821;216;6714;6807;8.99;0.55;262.16;4.83;893;25;2306.00;93
5824;25;623202885;5824;213;6715;6807;9.06;0.56;262.11;4.83;891;25;2307.00;92
5827;25;623202896;5827;210;6720;6807;9.07;0.56;262.20;4.83;893;25;2308.00;87
5831;25;623202907;5831;207;6721;6807;9.07;0.56;262.27;4.83;890;25;2309.00;86
5834;25;623202920;5834;204;6725;6807;9.04;0.55;262.25;4.83;891;25;2310.00;82
5837;25;623202938;5837;207;6727;6807;9.02;0.55;262.26;4.83;890;25;2311.00;80
5839;25;623202949;5839;207;6731;6808;8.95;0.55;262.35;4.83;892;25;2312.00;77
5841;25;623202962;5841;212;6736;6809;8.86;0.54;262.33;4.83;895;25;2313.00;73
5847;25;623202975;5847;212;6739;6809;8.80;0.54;262.33;4.84;892;25;2314.00;70
5850;25;623202988;5850;211;6741;6810;8.78;0.54;262.30;4.85;891;25;2315.00;69
5855;25;623202999;5855;216;6745;6810;8.76;0.54;262.33;4.93;890;25;2316.00;65
5860;25;623203010;5860;217;6747;6810;8.73;0.54;262.25;4.94;887;25;2317.00;63
5862;25;623203022;5862;221;6749;6810;8.75;0.54;262.19;4.94;887;25;2318.00;61
5863;25;623203032;5863;222;6754;6814;8.73;0.54;262.22;4.94;891;25;2319.00;60
5866;25;623203044;5866;218;6757;6814;8.63;0.53;262.18;4.95;891;25;2320.00;57
5867;25;623203054;5867;217;6761;6814;8.51;0.52;262.17;5.03;894;25;2321.00;53
5871;25;623203065;5871;225;6763;6817;8.44;0.52;262.04;5.03;892;25;2322.00;54
5874;25;623203076;5874;224;6764;6817;8.40;0.51;262.05;5.03;890;25;2323.00;53
5876;25;623203087;5876;226;6765;6817;8.34;0.51;262.03;5.03;889;25;2324.00;52
5878;25;623203099;5878;230;6771;6821;8.27;0.51;262.06;5.10;893;25;2325.00;50
5881;25;623203110;5881;239;6772;6822;8.19;0.50;262.03;5.10;891;25;2326.00;50
5884;25;623203121;5884;234;6773;6822;8.16;0.50;262.07;5.10;889;25;2327.00;49
5886;25;623203137;5886;240;6776;6826;8.13;0.50;262.02;5.10;890;25;2328.00;50
5888;25;623203148;5888;245;6777;6826;8.05;0.49;262.03;5.18;889;25;2329.00;49
5891;25;623203159;5891;243;6777;6826;7.95;0.49;261.99;5.18;886;25;2330.00;49
5893;25;623203170;5893;248;6779;6827;7.82;0.48;262.00;5.25;886;25;2331.00;48
5897;25;623203181;5897;252;6779;6827;7.74;0.47;261.97;5.25;882;25;2332.00;48
5900;25;623203192;5900;255;6784;6833;7.71;0.47;261.90;5.24;884;25;2333.00;49
5901;25;623203203;5901;262;6784;6833;7.63;0.47;261.91;5.24;883;25;2334.00;49
5905;25;623203213;5905;268;6784;6834;7.50;0.46;261.88;5.24;879;25;2335.00;50
5908;25;623203224;5908;275;6784;6834;7.43;0.45;261.81;5.24;876;25;2336.00;50
5911;25;623203235;5911;280;6785;6834;7.37;0.45;261.81;5.25;874;25;2337.00;49
5911;25;623203245;5911;290;6785;6834;7.30;0.44;261.81;5.25;874;25;2338.00;49
5915;25;623203256;5915;295;6785;6834;7.22;0.44;261.83;5.25;870;25;2339.00;49
5916;25;623203268;5916;314;6813;6870;7.31;0.45;261.81;5.25;897;25;2340.00;57
5916;25;623203280;5916;324;6814;6870;7.23;0.44;261.81;5.25;898;25;2341.00;56
5916;25;623203291;5916;327;6817;6870;7.22;0.44;261.81;5.25;901;25;2342.00;53
5918;25;623203302;5918;336;6818;6870;7.15;0.44;261.79;5.26;900;25;2343.00;52
5919;25;623203312;5919;342;6819;6870;7.05;0.43;261.80;5.26;900;25;2344.00;51
5922;25;623203323;5922;345;6821;6870;6.94;0.42;261.75;5.27;899;25;2345.00;49
5923;25;623203332;5923;352;6825;6874;6.84;0.42;261.74;5.27;902;25;2346.00;49
5923;25;623203343;5923;346;6826;6874;6.82;0.42;261.74;5.27;903;25;2347.00;48
5924;25;623203354;5924;346;6831;6878;6.85;0.42;261.73;5.28;907;25;2348.00;47
5924;25;623203364;5924;345;6832;6879;6.88;0.42;261.73;5.28;908;25;2349.00;47
5927;25;623203379;5927;344;6834;6879;6.86;0.42;261.65;5.29;907;25;2350.00;45
5928;25;623203390;5928;340;6834;6879;6.85;0.42;261.64;5.29;906;25;2351.00;45
5929;25;623203401;5929;338;6846;6892;6.81;0.42;261.63;5.29;917;25;2352.00;46
5933;25;623203413;5933;336;6847;6892;6.71;0.41;261.55;5.30;914;25;2353.00;45
5933;25;623203430;5933;327;6847;6892;6.67;0.41;261.55;5.30;914;25;2354.00;45
5935;25;623203440;5935;329;6849;6893;6.60;0.40;261.53;5.31;914;25;2355.00;44
5936;25;623203450;5936;334;6849;6894;6.51;0.40;261.58;5.31;913;25;2356.00;45
5938;25;623203460;5938;339;6849;6894;6.45;0.39;261.55;5.31;911;25;2357.00;45
5938;25;623203469;5938;347;6852;6897;6.41;0.39;261.55;5.32;914;25;2358.00;45
5940;25;623203479;5940;348;6853;6897;6.37;0.39;261.52;5.32;913;25;2359.00;44
5941;25;623203488;5941;343;6854;6897;6.33;0.38;261.50;5.32;913;25;2360.00;43
5942;26;623203497;5942;344;6857;6897;6.30;0.38;261.48;5.34;915;26;2361.00;40
5944;26;623203519;5944;345;6863;6903;6.35;0.39;261.43;5.34;919;26;2362.00;40
5944;26;623203530;5944;349;6864;6903;6.31;0.38;261.43;5.35;920;26;2363.00;39
5945;26;623203540;5945;345;6864;6903;6.31;0.38;261.40;5.35;919;26;2364.00;39
5945;26;623203549;5945;337;6866;6903;6.34;0.39;261.40;5.36;921;26;2365.00;37
5945;26;623203558;5945;346;6869;6907;6.38;0.39;261.40;5.36;924;26;2366.00;38
5945;26;623203572;5945;342;6871;6908;6.39;0.39;261.40;5.36;926;26;2367.00;37
5947;26;623203581;5947;341;6871;6908;6.42;0.39;261.36;5.36;924;26;2368.00;37
5949;26;623203591;5949;345;6875;6909;6.42;0.39;261.42;5.37;926;26;2369.00;34
5951;26;623203602;5951;345;6875;6909;6.49;0.40;261.38;5.37;924;26;2370.00;34
5954;26;623203611;5954;342;6876;6909;6.47;0.39;261.37;5.37;922;26;2371.00;33
5956;26;623203621;5956;346;6876;6909;6.50;0.40;261.37;5.37;920;26;2372.00;33
5961;26;623203630;5961;347;6878;6909;6.46;0.39;261.36;5.38;917;26;2373.00;31
5963;26;623203639;5963;335;6878;6909;6.47;0.39;261.36;5.38;915;26;2374.00;31
5965;26;623203649;5965;333;6879;6909;6.43;0.39;261.38;5.38;914;26;2375.00;30
5968;26;623203658;5968;347;6926;6979;6.54;0.40;261.43;5.34;958;26;2376.00;53
5970;26;623203673;5970;342;6928;6980;6.54;0.40;261.49;5.34;958;26;2377.00;52
5973;26;623203682;5973;343;6934;6980;6.49;0.40;261.48;5.34;961;26;2378.00;46
5976;26;623203697;5976;347;6934;6980;6.42;0.39;261.50;5.34;958;26;2379.00;46
5978;26;623203707;5978;343;6937;6980;6.31;0.39;261.54;5.34;959;26;2380.00;43
5983;26;623203716;5983;342;6937;6980;6.21;0.38;261.61;5.34;954;26;2381.00;43
5986;26;623203726;5986;340;6938;6980;6.13;0.38;261.71;5.34;952;26;2382.00;42
5990;26;623203735;5990;340;6939;6980;6.10;0.37;261.84;5.34;949;26;2383.00;41
5993;26;623203750;5993;342;6940;6981;6.07;0.37;261.93;5.34;947;26;2384.00;41
5996;26;623203760;5996;346;6943;6983;6.04;0.37;261.89;5.34;947;26;2385.00;40
6002;26;623203770;6002;350;6943;6983;6.00;0.37;261.91;5.34;941;26;2386.00;40
6007;26;623203780;6007;355;6951;6987;6.03;0.37;261.97;5.34;944;26;2387.00;36
6009;26;623203791;6009;358;6953;6987;6.16;0.38;261.95;5.34;944;26;2388.00;34
6011;26;623203801;6011;359;6955;6987;6.30;0.38;261.99;5.34;944;26;2389.00;32
6014;26;623203811;6014;353;6955;6987;6.36;0.39;262.10;5.34;941;26;2390.00;32
6017;26;623203827;6017;351;6960;6993;6.43;0.39;262.17;5.34;943;26;2391.00;33
6020;26;623203839;6020;345;6962;6993;6.44;0.39;262.25;5.41;942;26;2392.00;31
6024;26;623203850;6024;347;6962;6993;6.45;0.39;262.21;5.41;938;26;2393.00;31
6028;26;623203861;6028;345;6965;6996;6.50;0.40;262.29;5.41;937;26;2394.00;31
6033;26;623203872;6033;343;6965;6996;6.47;0.39;262.34;5.41;932;26;2395.00;31
6037;26;623203883;6037;344;6965;6996;6.48;0.39;262.41;5.41;928;26;2396.00;31
6042;26;623203894;6042;338;6966;6997;6.51;0.40;262.40;5.41;924;26;2397.00;31
6047;26;623203904;6047;331;6967;6998;6.56;0.40;262.54;5.41;920;26;2398.00;31
6052;26;623203915;6052;327;6967;6998;6.62;0.40;262.55;5.41;915;26;2399.00;31
6055;26;623203929;6055;330;6991;7057;6.70;0.41;262.62;5.39;936;26;2400.00;66
6059;26;623203950;6059;318;6992;7057;6.77;0.41;262.71;5.39;933;26;2401.00;65
6063;26;623203961;6063;312;6994;7057;6.85;0.42;262.74;5.39;931;26;2402.00;63
6065;26;623203973;6065;307;6997;7058;6.90;0.42;262.77;5.39;932;26;2403.00;61
6066;26;623203984;6066;310;6998;7058;7.00;0.43;262.82;5.39;932;26;2404.00;60
6069;26;623203995;6069;311;7002;7062;7.08;0.43;262.82;5.38;933;26;2405.00;60
6074;26;623204006;6074;310;7003;7062;7.14;0.44;262.97;5.38;929;26;2406.00;59
6078;26;623204017;6078;319;7009;7066;7.20;0.44;263.09;5.38;931;26;2407.00;57
6079;26;623204028;6079;310;7009;7066;7.30;0.44;263.11;5.38;930;26;2408.00;57
6083;26;623204040;6083;309;7010;7066;7.33;0.45;263.26;5.38;927;26;2409.00;56
6085;26;623204051;6085;304;7010;7066;7.32;0.45;263.29;5.38;925;26;2410.00;56
6088;26;623204062;6088;304;7011;7066;7.27;0.44;263.35;5.39;923;26;2411.00;55
6093;26;623204073;6093;308;7019;7078;7.28;0.44;263.47;5.38;926;26;2412.00;59
6097;26;623204091;6097;313;7021;7078;7.21;0.44;263.47;5.38;924;26;2413.00;57
6099;26;623204102;6099;304;7022;7078;7.20;0.44;263.47;5.38;923;26;2414.00;56
6104;26;623204113;6104;304;7024;7078;7.14;0.44;263.53;5.46;920;26;2415.00;54
6107;26;623204124;6107;300;7024;7078;7.13;0.44;263.47;5.46;917;26;2416.00;54
6110;26;623204135;6110;301;7024;7078;7.08;0.43;263.56;5.46;914;26;2417.00;54
6115;26;623204147;6115;301;7027;7079;7.06;0.43;263.62;5.46;912;26;2418.00;52
6119;26;623204163;6119;303;7028;7079;7.04;0.43;263.67;5.46;909;26;2419.00;51
6122;26;623204174;6122;303;7032;7085;7.07;0.43;263.75;5.46;910;26;2420.00;53
6127;26;623204185;6127;306;7034;7086;7.07;0.43;263.78;5.46;907;26;2421.00;52
6130;26;623204197;6130;310;7034;7086;7.14;0.44;263.86;5.46;904;26;2422.00;52
6135;26;623204208;6135;308;7034;7086;7.13;0.44;263.92;5.46;899;26;2423.00;52
6140;26;623204219;6140;307;7037;7090;7.15;0.44;263.98;5.46;897;26;2424.00;53
6140;26;623204231;6140;308;7038;7090;7.16;0.44;263.98;5.46;898;26;2425.00;52
6143;26;623204241;6143;308;7040;7090;7.15;0.44;264.02;5.47;897;26;2426.00;50
6146;26;623204253;6146;300;7042;7091;7.21;0.44;264.08;5.47;896;26;2427.00;49
6151;26;623204265;6151;297;7045;7095;7.23;0.44;264.23;5.47;894;26;2428.00;50
6155;26;623204277;6155;297;7046;7095;7.27;0.44;264.27;5.47;891;26;2429.00;49
6157;26;623204290;6157;298;7051;7101;7.30;0.44;264.25;5.47;894;26;2430.00;50
6160;26;623204301;6160;299;7052;7101;7.29;0.44;264.26;5.47;892;26;2431.00;49
6165;26;623204313;6165;297;7054;7101;7.30;0.44;264.31;5.47;889;26;2432.00;47
6166;26;623204339;6166;301;7054;7101;7.31;0.44;264.29;5.47;888;26;2433.00;47
6171;26;623204350;6171;296;7059;7105;7.28;0.44;264.39;5.47;888;26;2434.00;46
6173;26;623204362;6173;296;7060;7105;7.29;0.44;264.42;5.54;887;26;2435.00;45
6177;26;623204385;6177;295;7060;7105;7.32;0.44;264.55;5.54;883;26;2436.00;45
6177;26;623204407;6177;280;7060;7105;7.37;0.45;264.55;5.54;883;26;2437.00;45
6179;26;623204423;6179;273;7061;7106;7.35;0.45;264.63;5.55;882;26;2438.00;45
6179;26;623204442;6179;269;7062;7107;7.33;0.45;264.63;5.55;883;26;2439.00;45
6183;26;623204467;6183;270;7062;7107;7.27;0.44;264.76;5.55;879;26;2440.00;45
6187;26;623204484;6187;272;7063;7108;7.29;0.44;264.80;5.55;876;26;2441.00;45
6190;26;623204500;6190;266;7063;7108;7.32;0.45;264.94;5.55;873;26;2442.00;45
6193;26;623204513;6193;269;7063;7108;7.35;0.45;264.90;5.55;870;26;2443.00;45
6198;26;623204525;6198;265;7064;7108;7.41;0.45;264.96;5.55;866;26;2444.00;44
6200;26;623204538;6200;266;7064;7108;7.55;0.46;265.06;5.55;864;26;2445.00;44
6205;26;623204550;6205;259;7064;7108;7.61;0.46;265.09;5.55;859;26;2446.00;44
6208;26;623204563;6208;258;7064;7108;7.68;0.47;265.13;5.55;856;26;2447.00;44
6213;26;623204575;6213;277;7131;7235;7.75;0.48;265.19;5.57;918;26;2448.00;104
6216;26;623204598;6216;273;7132;7236;7.76;0.48;265.17;5.57;916;26;2449.00;104
6220;26;623204611;6220;272;7138;7236;7.88;0.49;265.32;5.57;918;26;2450.00;98
6220;26;623204624;6220;269;7140;7236;7.92;0.49;265.32;5.57;920;26;2451.00;96
6224;26;623204635;6224;270;7145;7236;7.97;0.49;265.36;5.64;921;26;2452.00;91
6228;26;623204648;6228;269;7146;7236;8.01;0.49;265.43;5.64;918;26;2453.00;90
6230;26;623204666;6230;277;7151;7236;8.02;0.49;265.44;5.64;921;26;2454.00;85
6234;26;623204679;6234;275;7153;7236;8.03;0.49;265.60;5.64;919;26;2455.00;83
6236;26;623204691;6236;282;7157;7237;8.04;0.49;265.66;5.65;921;26;2456.00;80
6239;26;623204710;6239;278;7163;7238;8.01;0.49;265.77;5.65;924;26;2457.00;75
6242;26;623204722;6242;285;7166;7238;8.01;0.49;265.79;5.65;924;26;2458.00;72
6242;26;623204734;6242;291;7169;7239;8.03;0.49;265.79;5.66;927;26;2459.00;70
6246;26;623204748;6246;288;7171;7239;8.04;0.49;265.80;5.66;925;26;2460.00;68
6249;26;623204761;6249;291;7173;7239;8.05;0.49;265.83;5.66;924;26;2461.00;66
6251;26;623204773;6251;289;7177;7239;8.00;0.49;265.83;5.67;926;26;2462.00;62
6253;26;623204785;6253;285;7181;7243;7.96;0.49;265.89;5.67;928;26;2463.00;62
6254;26;623204797;6254;291;7182;7243;8.04;0.49;265.92;5.67;928;26;2464.00;61
6254;26;623204809;6254;292;7185;7243;8.02;0.49;265.92;5.74;931;26;2465.00;58
6256;26;623204821;6256;300;7186;7246;8.04;0.49;265.89;5.74;930;26;2466.00;60
6259;26;623204834;6259;301;7187;7246;8.00;0.49;265.89;5.74;928;26;2467.00;59
6262;26;623204854;6262;307;7190;7246;7.96;0.49;265.88;5.76;928;26;2468.00;56
6264;26;623204867;6264;308;7194;7250;7.93;0.48;265.85;5.76;930;26;2469.00;56
6265;26;623204879;6265;305;7196;7251;7.95;0.49;265.90;5.76;931;26;2470.00;55
6267;26;623204891;6267;309;7198;7251;7.97;0.49;266.00;5.76;931;26;2471.00;53
6268;26;623204903;6268;306;7201;7255;8.05;0.49;265.97;5.76;933;26;2472.00;54
6270;26;623204916;6270;309;7201;7255;8.14;0.50;265.91;5.76;931;26;2473.00;54
6271;26;623204927;6271;311;7202;7255;8.14;0.50;265.93;5.76;931;26;2474.00;53
6276;26;623204940;6276;309;7204;7257;8.15;0.50;266.07;5.76;928;26;2475.00;53
6280;26;623204952;6280;314;7204;7257;8.15;0.50;265.97;5.76;924;26;2476.00;53
6284;26;623204964;6284;312;7209;7263;8.15;0.50;265.93;5.76;925;26;2477.00;54
6287;26;623204977;6287;310;7209;7263;8.15;0.50;265.85;5.76;922;26;2478.00;54
6287;26;623204988;6287;305;7209;7264;8.16;0.50;265.85;5.76;922;26;2479.00;55
6288;26;623204999;6288;304;7210;7264;8.15;0.50;265.82;5.82;922;26;2480.00;54
6289;26;623205016;6289;298;7210;7264;8.18;0.50;265.82;5.82;921;26;2481.00;54
6292;26;623205027;6292;291;7210;7264;8.16;0.50;265.76;5.82;918;26;2482.00;54
6294;26;623205038;6294;284;7210;7264;8.12;0.50;265.74;5.82;916;26;2483.00;54
6297;26;623205048;6297;284;7221;7276;8.10;0.50;265.71;5.88;924;26;2484.00;55
6302;26;623205062;6302;278;7224;7276;8.05;0.49;265.66;5.89;922;26;2485.00;52
6303;26;623205074;6303;280;7224;7276;8.03;0.49;265.62;5.89;921;26;2486.00;52
6311;26;623205085;6311;284;7225;7276;7.96;0.49;265.50;5.95;914;26;2487.00;51
6315;26;623205096;6315;286;7225;7276;7.91;0.48;265.45;5.95;910;26;2488.00;51
6320;26;623205106;6320;287;7226;7276;7.79;0.47;265.38;5.99;906;26;2489.00;50
6323;26;623205119;6323;291;7229;7280;7.75;0.47;265.31;5.99;906;26;2490.00;51
6323;27;623205130;6323;296;7229;7280;7.77;0.47;265.31;5.99;906;27;2491.00;51
6324;27;623205149;6324;298;7234;7284;7.74;0.47;265.29;6.03;910;27;2492.00;50
6324;27;623205160;6324;301;7235;7285;7.80;0.47;265.29;6.03;911;27;2493.00;50
6325;27;623205171;6325;305;7236;7285;7.84;0.48;265.40;6.08;911;27;2494.00;49
6327;27;623205181;6327;303;7236;7285;7.92;0.48;265.39;6.08;909;27;2495.00;49
6331;27;623205198;6331;308;7246;7298;7.89;0.48;265.34;6.08;915;27;2496.00;52
6336;27;623205214;6336;305;7247;7298;7.87;0.48;265.45;6.13;911;27;2497.00;51
6339;27;623205225;6339;308;7247;7298;7.82;0.48;265.38;6.13;908;27;2498.00;51
6340;27;623205243;6340;296;7248;7299;7.85;0.48;265.37;6.13;908;27;2499.00;51
6343;27;623205256;6343;288;7249;7300;7.84;0.48;265.32;6.17;906;27;2500.00;51
6347;27;623205275;6347;285;7251;7300;7.81;0.47;265.25;6.19;904;27;2501.00;49
6347;27;623205287;6347;281;7253;7303;7.84;0.48;265.25;6.19;906;27;2502.00;50
6349;27;623205298;6349;275;7254;7303;7.84;0.48;265.23;6.20;905;27;2503.00;49
6349;27;623205309;6349;274;7255;7303;7.83;0.48;265.23;6.20;906;27;2504.00;48
6350;27;623205320;6350;275;7256;7303;7.85;0.48;265.21;6.20;906;27;2505.00;47
6353;27;623205331;6353;276;7261;7309;7.95;0.48;265.20;6.20;908;27;2506.00;48
6354;27;623205344;6354;275;7262;7309;7.90;0.48;265.18;6.21;908;27;2507.00;47
6356;27;623205355;6356;277;7262;7309;7.89;0.48;265.16;6.21;906;27;2508.00;47
6357;27;623205367;6357;275;7263;7309;7.81;0.47;265.15;6.21;906;27;2509.00;46
6358;27;623205379;6358;281;7267;7313;7.76;0.47;265.16;6.21;909;27;2510.00;46
6358;27;623205391;6358;279;7269;7314;7.73;0.47;265.16;6.22;911;27;2511.00;45
6360;27;623205403;6360;286;7271;7314;7.65;0.46;265.11;6.24;911;27;2512.00;43
6362;27;623205415;6362;292;7273;7315;7.61;0.46;265.08;6.25;911;27;2513.00;42
6362;27;623205427;6362;294;7274;7315;7.58;0.46;265.08;6.26;912;27;2514.00;41
6362;27;623205436;6362;299;7275;7315;7.54;0.46;265.08;6.26;913;27;2515.00;40
6362;27;623205446;6362;300;7276;7315;7.51;0.46;265.08;6.27;914;27;2516.00;39
6362;27;623205456;6362;301;7277;7315;7.47;0.45;265.08;6.28;915;27;2517.00;38
6363;27;623205466;6363;307;7278;7315;7.44;0.45;265.06;6.28;915;27;2518.00;37
6366;27;623205476;6366;312;7279;7315;7.45;0.45;265.07;6.29;913;27;2519.00;36
6367;27;623205487;6367;324;7337;7440;7.56;0.47;265.17;6.24;970;27;2520.00;103
6372;27;623205506;6372;325;7339;7441;7.48;0.46;265.36;6.24;967;27;2521.00;102
6373;27;623205517;6373;327;7352;7441;7.49;0.46;265.45;6.24;979;27;2522.00;89
6377;27;623205527;6377;333;7356;7441;7.46;0.46;265.50;6.24;979;27;2523.00;85
6378;27;623205537;6378;336;7363;7441;7.42;0.46;265.51;6.25;985;27;2524.00;78
6380;27;623205547;6380;337;7364;7441;7.36;0.45;265.53;6.25;984;27;2525.00;77
6380;27;623205564;6380;345;7371;7441;7.22;0.44;265.53;6.25;991;27;2526.00;70
6381;27;623205574;6381;349;7375;7441;7.13;0.44;265.55;6.26;994;27;2527.00;66
6386;27;623205584;6386;359;7381;7442;7.02;0.43;265.51;6.27;995;27;2528.00;61
6388;27;623205594;6388;359;7384;7443;6.97;0.43;265.51;6.27;996;27;2529.00;59
6391;27;623205605;6391;357;7387;7443;6.86;0.42;265.49;6.28;996;27;2530.00;56
6392;27;623205616;6392;355;7392;7447;6.80;0.42;265.50;6.28;1000;27;2531.00;55
6395;27;623205627;6395;356;7394;7447;6.73;0.41;265.53;6.28;999;27;2532.00;53
6397;27;623205638;6397;352;7397;7447;6.69;0.41;265.55;6.29;1000;27;2533.00;50
6398;27;623205649;6398;352;7399;7447;6.72;0.41;265.60;6.29;1001;27;2534.00;48
6401;27;623205660;6401;345;7404;7453;6.71;0.41;265.62;6.29;1003;27;2535.00;49
6402;27;623205676;6402;349;7407;7453;6.71;0.41;265.60;6.30;1005;27;2536.00;46
6404;27;623205699;6404;356;7408;7455;6.69;0.41;265.62;6.30;1004;27;2537.00;47
6405;27;623205711;6405;354;7411;7458;6.73;0.41;265.61;6.30;1006;27;2538.00;47
6409;27;623205722;6409;352;7413;7458;6.66;0.41;265.68;6.31;1004;27;2539.00;45
6410;27;623205739;6410;355;7413;7458;6.61;0.40;265.71;6.31;1003;27;2540.00;45
6412;27;623205749;6412;364;7415;7459;6.54;0.40;265.69;6.31;1003;27;2541.00;44
6416;27;623205760;6416;372;7418;7460;6.42;0.39;265.71;6.33;1002;27;2542.00;42
6419;27;623205771;6419;376;7419;7460;6.30;0.38;265.78;6.33;1000;27;2543.00;41
6422;27;623205781;6422;376;7429;7473;6.21;0.38;265.86;6.32;1007;27;2544.00;44
6426;27;623205793;6426;373;7430;7473;6.20;0.38;265.89;6.32;1004;27;2545.00;43
6431;27;623205804;6431;379;7431;7473;6.08;0.37;265.98;6.33;1000;27;2546.00;42
6434;27;623205815;6434;382;7434;7474;6.04;0.37;265.94;6.33;1000;27;2547.00;40
6435;27;623205825;6435;390;7434;7474;6.01;0.37;265.91;6.33;999;27;2548.00;40
6439;27;623205836;6439;399;7439;7478;5.97;0.37;266.05;6.33;1000;27;2549.00;39
6443;27;623205848;6443;391;7441;7481;5.94;0.36;266.07;6.33;998;27;2550.00;40
6446;27;623205859;6446;397;7446;7485;5.93;0.36;266.25;6.33;1000;27;2551.00;39
6450;27;623205870;6450;384;7447;7485;5.95;0.37;266.42;6.33;997;27;2552.00;38
6452;27;623205880;6452;387;7447;7485;6.01;0.37;266.43;6.33;995;27;2553.00;38
6458;27;623205890;6458;381;7448;7485;6.01;0.37;266.63;6.34;990;27;2554.00;37
6461;27;623205901;6461;377;7450;7485;6.04;0.37;266.66;6.34;989;27;2555.00;35
6464;27;623205911;6464;374;7457;7497;6.17;0.38;266.72;6.33;993;27;2556.00;40
6468;27;623205923;6468;369;7458;7497;6.24;0.39;266.76;6.33;990;27;2557.00;39
6472;27;623205934;6472;368;7460;7497;6.35;0.39;266.87;6.33;988;27;2558.00;37
6476;27;623205945;6476;366;7461;7497;6.45;0.40;267.04;6.33;985;27;2559.00;36
6479;27;623205956;6479;348;7461;7497;6.53;0.40;267.06;6.33;982;27;2560.00;36
6485;27;623205967;6485;349;7462;7497;6.59;0.41;267.12;6.38;977;27;2561.00;35
6490;27;623205979;6490;344;7463;7498;6.61;0.41;267.11;6.38;973;27;2562.00;35
6493;27;623205990;6493;338;7463;7498;6.64;0.41;267.28;6.38;970;27;2563.00;35
6501;27;623206000;6501;332;7468;7504;6.71;0.42;267.38;6.38;967;27;2564.00;36
6506;27;623206013;6506;327;7470;7506;6.75;0.42;267.43;6.38;964;27;2565.00;36
6509;27;623206024;6509;329;7470;7506;6.83;0.42;267.55;6.38;961;27;2566.00;36
6517;27;623206035;6517;329;7470;7506;6.79;0.42;267.56;6.38;953;27;2567.00;36
6521;27;623206046;6521;314;7474;7510;6.90;0.43;267.60;6.37;953;27;2568.00;36
6526;27;623206058;6526;317;7474;7510;6.95;0.43;267.66;6.37;948;27;2569.00;36
6531;27;623206069;6531;314;7474;7510;6.96;0.43;267.72;6.37;943;27;2570.00;36
6536;27;623206080;6536;313;7475;7511;6.97;0.43;267.69;6.37;939;27;2571.00;36
6540;27;623206091;6540;309;7478;7515;6.94;0.43;267.71;6.37;938;27;2572.00;37
6545;27;623206102;6545;308;7478;7515;7.00;0.43;267.76;6.37;933;27;2573.00;37
6551;27;623206113;6551;304;7480;7518;7.04;0.43;267.83;6.37;929;27;2574.00;38
6554;27;623206124;6554;306;7481;7518;7.12;0.44;267.77;6.37;927;27;2575.00;37
6561;27;623206135;6561;307;7481;7518;7.11;0.44;267.86;6.37;920;27;2576.00;37
6565;27;623206147;6565;306;7481;7518;7.19;0.44;267.99;6.37;916;27;2577.00;37
6567;27;623206158;6567;298;7485;7522;7.24;0.44;268.05;6.36;918;27;2578.00;37
6570;27;623206169;6570;307;7485;7522;7.23;0.44;268.16;6.36;915;27;2579.00;37
6574;27;623206182;6574;307;7485;7522;7.17;0.44;268.24;6.36;911;27;2580.00;37
6579;27;623206193;6579;312;7486;7522;7.07;0.43;268.25;6.37;907;27;2581.00;36
6585;27;623206204;6585;311;7486;7523;6.98;0.43;268.30;6.37;901;27;2582.00;37
6589;27;623206215;6589;312;7487;7524;6.88;0.42;268.33;6.37;898;27;2583.00;37
6596;27;623206227;6596;318;7488;7524;6.78;0.41;268.40;6.37;892;27;2584.00;36
6600;27;623206238;6600;311;7489;7525;6.77;0.41;268.42;6.37;889;27;2585.00;36
6605;27;623206249;6605;312;7489;7525;6.70;0.41;268.44;6.37;884;27;2586.00;36
6608;27;623206261;6608;315;7489;7525;6.66;0.41;268.41;6.37;881;27;2587.00;36
6613;27;623206272;6613;326;7490;7525;6.55;0.40;268.43;6.42;877;27;2588.00;35
6616;27;623206282;6616;322;7490;7525;6.50;0.40;268.46;6.42;874;27;2589.00;35
6618;27;623206292;6618;323;7490;7525;6.47;0.39;268.46;6.42;872;27;2590.00;35
6620;27;623206303;6620;324;7490;7525;6.42;0.39;268.50;6.42;870;27;2591.00;35
6624;27;623206313;6624;346;7556;7652;6.56;0.41;268.57;6.37;932;27;2592.00;96
6626;27;623206332;6626;336;7559;7653;6.51;0.40;268.60;6.37;933;27;2593.00;94
6629;27;623206343;6629;331;7566;7653;6.51;0.40;268.54;6.36;937;27;2594.00;87
6632;27;623206354;6632;329;7567;7653;6.54;0.40;268.52;6.36;935;27;2595.00;86
6633;27;623206365;6633;339;7573;7653;6.55;0.41;268.56;6.36;940;27;2596.00;80
6636;27;623206379;6636;330;7573;7653;6.51;0.40;268.57;6.36;937;27;2597.00;80
6637;27;623206394;6637;327;7577;7653;6.51;0.40;268.63;6.36;940;27;2598.00;76
6641;27;623206412;6641;326;7581;7653;6.48;0.40;268.76;6.36;940;27;2599.00;72
6643;27;623206436;6643;322;7585;7654;6.48;0.40;268.75;6.36;942;27;2600.00;69
6645;27;623206460;6645;323;7590;7655;6.47;0.40;268.74;6.36;945;27;2601.00;65
6647;27;623206477;6647;328;7594;7655;6.44;0.40;268.74;6.37;947;27;2602.00;61
6649;27;623206502;6649;332;7596;7656;6.42;0.40;268.81;6.37;947;27;2603.00;60
6650;27;623206515;6650;334;7600;7656;6.41;0.39;268.78;6.43;950;27;2604.00;56
6652;27;623206527;6652;335;7603;7656;6.44;0.40;268.81;6.43;951;27;2605.00;53
6654;27;623206547;6654;331;7604;7656;6.45;0.40;268.81;6.43;950;27;2606.00;52
6658;27;623206559;6658;338;7608;7660;6.48;0.40;268.75;6.43;950;27;2607.00;52
6661;27;623206572;6661;343;7610;7660;6.50;0.40;268.88;6.43;949;27;2608.00;50
6663;27;623206585;6663;340;7610;7660;6.52;0.40;268.88;6.43;947;27;2609.00;50
6665;27;623206600;6665;338;7615;7666;6.60;0.40;268.88;6.49;950;27;2610.00;51
6668;27;623206614;6668;339;7616;7666;6.67;0.41;268.93;6.49;948;27;2611.00;50
6671;27;623206627;6671;341;7618;7666;6.64;0.41;269.02;6.49;947;27;2612.00;48
6673;27;623206639;6673;342;7622;7670;6.71;0.41;268.98;6.49;949;27;2613.00;48
6675;27;623206652;6675;337;7623;7671;6.79;0.42;269.10;6.49;948;27;2614.00;48
6677;27;623206666;6677;334;7625;7671;6.85;0.42;269.11;6.49;948;27;2615.00;46
6681;27;623206677;6681;341;7627;7675;6.94;0.43;269.13;6.49;946;27;2616.00;48
6683;27;623206690;6683;336;7630;7675;7.04;0.43;269.12;6.55;947;27;2617.00;45
6685;27;623206702;6685;336;7630;7675;7.16;0.44;269.14;6.55;945;27;2618.00;45
6688;27;623206715;6688;341;7631;7676;7.27;0.44;269.10;6.54;943;27;2619.00;45
6689;27;623206729;6689;336;7631;7676;7.34;0.45;269.12;6.54;942;27;2620.00;45
6692;27;623206741;6692;331;7636;7682;7.37;0.45;269.16;6.54;944;27;2621.00;46
6695;27;623206753;6695;327;7636;7682;7.39;0.45;269.28;6.54;941;27;2622.00;46
6699;27;623206766;6699;331;7636;7683;7.40;0.45;269.29;6.54;937;27;2623.00;47
6701;27;623206778;6701;331;7636;7683;7.39;0.45;269.33;6.54;935;27;2624.00;47
6706;27;623206790;6706;332;7636;7683;7.37;0.45;269.34;6.54;930;27;2625.00;47
6710;27;623206803;6710;332;7636;7683;7.35;0.44;269.38;6.54;926;27;2626.00;47
6711;27;623206815;6711;334;7636;7683;7.38;0.45;269.38;6.54;925;27;2627.00;47
6712;27;623206826;6712;334;7646;7695;7.42;0.45;269.35;6.53;934;27;2628.00;49
6715;27;623206838;6715;331;7647;7695;7.41;0.45;269.32;6.53;932;27;2629.00;48
6715;27;623206857;6715;333;7647;7695;7.40;0.45;269.32;6.53;932;27;2630.00;48
6717;27;623206868;6717;336;7647;7695;7.36;0.45;269.37;6.53;930;27;2631.00;48
6718;27;623206886;6718;340;7647;7695;7.29;0.44;269.37;6.53;929;27;2632.00;48
6720;27;623206898;6720;345;7647;7695;7.24;0.44;269.38;6.53;927;27;2633.00;48
6725;27;623206911;6725;343;7650;7699;7.19;0.44;269.35;6.53;925;27;2634.00;49
6728;27;623206923;6728;342;7651;7699;7.15;0.44;269.35;6.59;923;27;2635.00;48
6728;27;623206936;6728;345;7655;7703;7.18;0.44;269.35;6.59;927;27;2636.00;48
6729;27;623206947;6729;336;7656;7704;7.20;0.44;269.35;6.59;927;27;2637.00;48
6731;27;623206958;6731;337;7656;7704;7.16;0.44;269.38;6.59;925;27;2638.00;48
6733;27;623206970;6733;337;7656;7704;7.18;0.44;269.40;6.59;923;27;2639.00;48
6737;27;623206982;6737;348;7679;7733;7.19;0.44;269.40;6.57;942;27;2640.00;54
6740;27;623206996;6740;347;7679;7733;7.24;0.44;269.31;6.57;939;27;2641.00;54
6743;27;623207007;6743;345;7681;7733;7.30;0.44;269.25;6.57;938;27;2642.00;52
6745;27;623207020;6745;345;7682;7734;7.40;0.45;269.20;6.57;937;27;2643.00;52
6747;27;623207032;6747;351;7682;7735;7.45;0.45;269.16;6.57;935;27;2644.00;53
6751;27;623207043;6751;351;7682;7735;7.46;0.45;269.20;6.57;931;27;2645.00;53
6754;27;623207054;6754;350;7684;7738;7.49;0.46;269.19;6.56;930;27;2646.00;54
6757;27;623207065;6757;350;7684;7738;7.50;0.46;269.18;6.56;927;27;2647.00;54
6758;27;623207075;6758;350;7685;7738;7.42;0.45;269.16;6.56;927;27;2648.00;53
6762;27;623207087;6762;348;7685;7738;7.39;0.45;269.11;6.56;923;27;2649.00;53
6763;27;623207098;6763;349;7690;7744;7.35;0.45;269.12;6.56;927;27;2650.00;54
6764;27;623207115;6764;335;7690;7744;7.35;0.45;269.11;6.56;926;27;2651.00;54
6767;27;623207126;6767;328;7690;7744;7.34;0.45;269.06;6.56;923;27;2652.00;54
6770;27;623207139;6770;317;7690;7744;7.28;0.44;269.10;6.56;920;27;2653.00;54
6772;27;623207149;6772;316;7694;7748;7.25;0.44;269.05;6.57;922;27;2654.00;54
6773;27;623207169;6773;317;7696;7750;7.26;0.44;269.04;6.57;923;27;2655.00;54
6774;27;623207181;6774;307;7697;7750;7.32;0.45;269.02;6.58;923;27;2656.00;53
6777;27;623207192;6777;302;7698;7751;7.38;0.45;268.97;6.58;921;27;2657.00;53
6781;27;623207215;6781;297;7698;7751;7.38;0.45;268.90;6.58;917;27;2658.00;53
6783;27;623207227;6783;300;7698;7751;7.45;0.45;268.89;6.58;915;27;2659.00;53
6785;27;623207238;6785;301;7698;7751;7.52;0.46;268.86;6.58;913;27;2660.00;53
6785;27;623207250;6785;302;7698;7751;7.62;0.46;268.86;6.58;913;27;2661.00;53
6787;27;623207261;6787;298;7698;7751;7.66;0.47;268.81;6.58;911;27;2662.00;53
6791;27;623207272;6791;297;7698;7751;7.72;0.47;268.75;6.58;907;27;2663.00;53
6793;27;623207284;6793;299;7732;7821;7.91;0.48;268.71;6.55;939;27;2664.00;89
6795;27;623207301;6795;300;7735;7822;7.92;0.48;268.71;6.54;940;27;2665.00;87
6796;27;623207314;6796;298;7742;7822;7.96;0.48;268.67;6.54;946;27;2666.00;80
6797;27;623207325;6797;295;7745;7822;7.88;0.48;268.64;6.54;948;27;2667.00;77
6799;27;623207337;6799;295;7750;7822;7.89;0.48;268.61;6.54;951;27;2668.00;72
6802;27;623207348;6802;295;7753;7822;7.89;0.48;268.56;6.54;951;27;2669.00;69
6802;27;623207361;6802;294;7757;7822;7.88;0.48;268.56;6.54;955;27;2670.00;65
6804;27;623207373;6804;289;7760;7822;7.86;0.48;268.57;6.54;956;27;2671.00;62
6805;27;623207387;6805;282;7763;7823;7.86;0.48;268.59;6.54;958;27;2672.00;60
6806;27;623207399;6806;284;7764;7824;7.86;0.48;268.56;6.54;958;27;2673.00;60
6809;27;623207411;6809;280;7764;7824;7.85;0.48;268.54;6.54;955;27;2674.00;60
6813;27;623207423;6813;285;7768;7828;7.88;0.48;268.49;6.54;955;27;2675.00;60
6815;27;623207435;6815;286;7769;7828;7.94;0.48;268.57;6.53;954;27;2676.00;59
6817;27;623207447;6817;289;7770;7828;7.95;0.48;268.53;6.54;953;27;2677.00;58
6819;27;623207458;6819;292;7770;7828;7.95;0.48;268.53;6.54;951;27;2678.00;58
6820;27;623207470;6820;297;7775;7834;7.98;0.48;268.52;6.54;955;27;2679.00;59
6822;27;623207482;6822;302;7777;7834;7.94;0.48;268.47;6.56;955;27;2680.00;57
6822;27;623207493;6822;305;7777;7834;7.89;0.48;268.47;6.56;955;27;2681.00;57
6822;27;623207503;6822;312;7779;7837;7.85;0.48;268.47;6.56;957;27;2682.00;58
6826;27;623207515;6826;315;7781;7837;7.78;0.47;268.54;6.58;955;27;2683.00;56
6828;27;623207526;6828;318;7782;7837;7.73;0.47;268.54;6.58;954;27;2684.00;55
6831;27;623207537;6831;325;7782;7838;7.66;0.47;268.56;6.58;951;27;2685.00;56
6833;27;623207548;6833;323;7786;7839;7.63;0.46;268.54;6.61;953;27;2686.00;53
6833;27;623207559;6833;324;7786;7839;7.59;0.46;268.54;6.61;953;27;2687.00;53
6838;27;623207570;6838;327;7797;7852;7.53;0.46;268.43;6.62;959;27;2688.00;55
6841;27;623207582;6841;331;7798;7852;7.48;0.46;268.52;6.62;957;27;2689.00;54
6842;27;623207594;6842;335;7800;7852;7.48;0.46;268.50;6.63;958;27;2690.00;52
6843;27;623207607;6843;341;7802;7853;7.41;0.45;268.54;6.63;959;27;2691.00;51
6844;27;623207619;6844;344;7802;7853;7.39;0.45;268.58;6.63;958;27;2692.00;51
6847;27;623207631;6847;347;7808;7857;7.37;0.45;268.57;6.64;961;28;2693.00;49
6848;27;623207647;6848;347;7808;7857;7.35;0.45;268.66;6.64;960;28;2694.00;49
6851;27;623207658;6851;352;7812;7861;7.24;0.44;268.72;6.65;961;28;2695.00;49
6852;27;623207669;6852;350;7813;7861;7.17;0.44;268.72;6.66;961;28;2696.00;48
6854;27;623207680;6854;358;7814;7861;7.09;0.43;268.78;6.67;960;28;2697.00;47
6855;27;623207696;6855;360;7814;7861;7.00;0.43;268.83;6.67;959;28;2698.00;47
6856;27;623207707;6856;357;7816;7861;6.91;0.42;268.82;6.68;960;28;2699.00;45
6862;27;623207726;6862;355;7842;7910;7.00;0.43;268.89;6.67;980;28;2700.00;68
6865;27;623207745;6865;353;7844;7910;6.97;0.43;268.98;6.67;979;28;2701.00;66
6867;27;623207756;6867;350;7849;7910;6.97;0.43;268.96;6.67;982;28;2702.00;61
6871;27;623207767;6871;353;7850;7910;6.95;0.43;269.02;6.68;979;28;2703.00;60
6872;27;623207782;6872;349;7853;7910;6.96;0.43;269.06;6.68;981;28;2704.00;57
6874;27;623207792;6874;346;7854;7910;6.90;0.42;269.01;6.68;980;28;2705.00;56
6878;27;623207803;6878;344;7855;7911;6.85;0.42;269.11;6.68;977;28;2706.00;56
6881;27;623207815;6881;343;7856;7911;6.86;0.42;269.21;6.68;975;28;2707.00;55
6884;27;623207826;6884;347;7864;7917;6.91;0.42;269.27;6.69;980;28;2708.00;53
6889;27;623207837;6889;346;7865;7918;6.87;0.42;269.26;6.69;976;28;2709.00;53
6890;27;623207849;6890;348;7867;7918;6.86;0.42;269.30;6.70;977;28;2710.00;51
6897;27;623207859;6897;351;7868;7918;6.76;0.41;269.37;6.70;971;28;2711.00;50
6899;27;623207871;6899;358;7872;7922;6.66;0.41;269.45;6.70;973;28;2712.00;50
6904;27;623207882;6904;364;7874;7922;6.62;0.40;269.46;6.70;970;28;2713.00;48
6909;27;623207892;6909;368;7875;7922;6.55;0.40;269.57;6.71;966;28;2714.00;47
6916;27;623207903;6916;362;7877;7923;6.50;0.40;269.62;6.70;961;28;2715.00;46
6921;27;623207914;6921;362;7881;7927;6.34;0.39;269.74;6.70;960;28;2716.00;46
6923;27;623207925;6923;359;7881;7927;6.24;0.38;269.80;6.70;958;28;2717.00;46
6927;27;623207936;6927;361;7884;7930;6.15;0.37;269.99;6.70;957;28;2718.00;46
6931;27;623207946;6931;362;7887;7930;6.06;0.37;269.99;6.71;956;28;2719.00;43
6934;27;623207956;6934;353;7888;7930;6.01;0.37;270.03;6.71;954;28;2720.00;42
6937;27;623207967;6937;352;7889;7930;5.98;0.37;270.08;6.71;952;28;2721.00;41
6940;27;623207977;6940;350;7892;7934;6.05;0.37;270.07;6.70;952;28;2722.00;42
6944;27;623207993;6944;351;7892;7934;6.11;0.37;270.14;6.70;948;28;2723.00;42
6946;27;623208008;6946;349;7893;7934;6.14;0.38;270.20;6.71;947;28;2724.00;41
6950;27;623208019;6950;351;7894;7934;6.16;0.38;270.29;6.71;944;28;2725.00;40
6954;27;623208029;6954;351;7895;7935;6.22;0.38;270.37;6.71;941;28;2726.00;40
6956;27;623208040;6956;349;7896;7936;6.28;0.38;270.38;6.71;940;28;2727.00;40
6961;27;623208050;6961;346;7896;7936;6.31;0.39;270.43;6.71;935;28;2728.00;40
6964;27;623208060;6964;345;7897;7937;6.40;0.39;270.45;6.71;933;28;2729.00;40
6967;27;623208072;6967;340;7898;7937;6.41;0.39;270.51;6.71;931;28;2730.00;39
6970;27;623208082;6970;335;7899;7937;6.39;0.39;270.60;6.71;929;28;2731.00;38
6973;27;623208092;6973;326;7901;7937;6.39;0.39;270.61;6.71;928;28;2732.00;36
6976;27;623208102;6976;323;7901;7937;6.44;0.40;270.69;6.71;925;28;2733.00;36
6980;27;623208113;6980;320;7901;7937;6.43;0.39;270.67;6.71;921;28;2734.00;36
6982;27;623208124;6982;316;7901;7937;6.45;0.40;270.77;6.71;919;28;2735.00;36
6988;27;623208134;6988;322;7968;8064;6.72;0.42;270.75;6.66;980;28;2736.00;96
6992;27;623208155;6992;312;7972;8065;6.73;0.42;270.77;6.66;980;28;2737.00;93
6995;27;623208166;6995;313;7982;8065;6.77;0.42;270.81;6.65;987;28;2738.00;83
6997;27;623208177;6997;313;7986;8065;6.72;0.42;270.89;6.65;989;28;2739.00;79
7001;27;623208188;7001;310;7989;8065;6.70;0.41;270.88;6.65;988;28;2740.00;76
7001;27;623208200;7001;313;7992;8065;6.64;0.41;270.88;6.65;991;28;2741.00;73
7004;27;623208211;7004;315;7996;8065;6.56;0.41;270.95;6.65;992;28;2742.00;69
7010;27;623208222;7010;317;7998;8065;6.46;0.40;271.07;6.65;988;28;2743.00;67
7014;27;623208234;7014;320;8003;8066;6.44;0.40;271.16;6.65;989;28;2744.00;63
7021;27;623208246;7021;322;8006;8068;6.39;0.39;271.17;6.65;985;28;2745.00;62
7025;27;623208258;7025;329;8008;8068;6.43;0.40;271.24;6.65;983;28;2746.00;60
7029;27;623208269;7029;330;8008;8069;6.46;0.40;271.22;6.65;979;28;2747.00;61
7035;27;623208281;7035;337;8010;8069;6.50;0.40;271.44;6.65;975;28;2748.00;59
7041;27;623208297;7041;344;8012;8069;6.49;0.40;271.54;6.65;971;28;2749.00;57
7048;27;623208308;7048;354;8017;8069;6.48;0.40;271.68;6.66;969;28;2750.00;52
7051;27;623208320;7051;352;8023;8073;6.52;0.40;271.76;6.66;972;28;2751.00;50
7058;27;623208331;7058;354;8025;8073;6.51;0.40;271.80;6.66;967;28;2752.00;48
7064;27;623208343;7064;363;8026;8073;6.49;0.40;271.78;6.66;962;28;2753.00;47
7068;27;623208355;7068;367;8029;8076;6.52;0.40;271.84;6.66;961;28;2754.00;47
7074;27;623208366;7074;365;8030;8076;6.46;0.40;271.88;6.66;956;28;2755.00;46
7076;27;623208378;7076;375;8031;8076;6.45;0.40;271.89;6.66;955;28;2756.00;45
7080;27;623208402;7080;380;8036;8080;6.36;0.39;271.96;6.66;956;28;2757.00;44
7083;27;623208419;7083;381;8037;8081;6.38;0.39;272.00;6.66;954;28;2758.00;44
7085;27;623208436;7085;390;8037;8081;6.32;0.39;272.08;6.66;952;28;2759.00;44
7088;27;623208453;7088;397;8042;8086;6.24;0.38;272.07;6.66;954;28;2760.00;44
7090;27;623208471;7090;406;8042;8086;6.16;0.38;272.20;6.66;952;28;2761.00;44
7094;27;623208488;7094;414;8042;8086;6.11;0.37;272.26;6.66;948;28;2762.00;44
7099;27;623208503;7099;425;8043;8087;6.04;0.37;272.27;6.66;944;28;2763.00;44
7100;27;623208516;7100;425;8043;8087;5.97;0.36;272.24;6.66;943;28;2764.00;44
7104;27;623208528;7104;428;8048;8093;5.88;0.36;272.37;6.66;944;28;2765.00;45
7105;27;623208540;7105;427;8048;8093;5.78;0.35;272.44;6.66;943;28;2766.00;45
7108;27;623208551;7108;418;8048;8094;5.72;0.35;272.44;6.66;940;28;2767.00;46
7112;27;623208563;7112;420;8048;8094;5.65;0.34;272.50;6.66;936;28;2768.00;46
7114;27;623208574;7114;419;8048;8094;5.60;0.34;272.48;6.66;934;28;2769.00;46
7118;27;623208587;7118;422;8048;8094;5.56;0.34;272.51;6.66;930;28;2770.00;46
7120;28;623208600;7120;428;8048;8094;5.59;0.34;272.50;6.66;928;29;2771.00;46
7121;28;623208624;7121;427;8058;8106;5.68;0.35;272.47;6.65;937;29;2772.00;48
7122;28;623208637;7122;432;8058;8106;5.72;0.35;272.47;6.65;936;29;2773.00;48
7123;28;623208649;7123;443;8059;8106;5.74;0.35;272.44;6.65;936;29;2774.00;47
7124;28;623208660;7124;444;8059;8106;5.78;0.35;272.43;6.65;935;29;2775.00;47
7125;28;623208678;7125;431;8059;8106;5.83;0.36;272.44;6.65;934;29;2776.00;47
7126;28;623208690;7126;421;8059;8106;5.85;0.36;272.49;6.65;933;29;2777.00;47
7129;28;623208701;7129;411;8062;8110;5.92;0.36;272.47;6.65;933;29;2778.00;48
7129;28;623208714;7129;403;8062;8110;5.99;0.37;272.47;6.65;933;29;2779.00;48
7134;28;623208726;7134;396;8066;8114;6.02;0.37;272.39;6.64;932;29;2780.00;48
7135;28;623208738;7135;392;8067;8115;6.06;0.37;272.37;6.64;932;29;2781.00;48
7138;28;623208750;7138;390;8067;8115;6.05;0.37;272.34;6.64;929;29;2782.00;48
7139;28;623208761;7139;390;8067;8115;6.08;0.37;272.32;6.64;928;29;2783.00;48
7139;28;623208773;7139;388;8078;8128;6.24;0.38;272.32;6.63;939;29;2784.00;50
7141;28;623208787;7141;392;8078;8128;6.23;0.38;272.32;6.63;937;29;2785.00;50
7145;28;623208798;7145;394;8078;8128;6.26;0.38;272.30;6.63;933;29;2786.00;50
7147;28;623208810;7147;387;8079;8129;6.35;0.39;272.26;6.63;932;29;2787.00;50
7151;28;623208821;7151;387;8079;8130;6.37;0.39;272.20;6.63;928;29;2788.00;51
7152;28;623208834;7152;382;8079;8130;6.47;0.39;272.18;6.63;927;29;2789.00;51
7152;28;623208847;7152;379;8083;8136;6.59;0.40;272.18;6.63;931;29;2790.00;53
7154;28;623208859;7154;369;8083;8136;6.64;0.40;272.21;6.63;929;29;2791.00;53
7155;28;623208870;7155;367;8085;8136;6.71;0.41;272.19;6.63;930;29;2792.00;51
7157;28;623208881;7157;367;8085;8136;6.72;0.41;272.19;6.63;928;29;2793.00;51
7158;28;623208893;7158;373;8090;8142;6.77;0.41;272.16;6.62;932;29;2794.00;52
7158;28;623208905;7158;375;8090;8142;6.77;0.41;272.16;6.62;932;29;2795.00;52
7159;28;623208917;7159;374;8090;8142;6.77;0.41;272.13;6.62;931;29;2796.00;52
7160;28;623208928;7160;375;8090;8142;6.77;0.41;272.10;6.62;930;29;2797.00;52
7162;28;623208939;7162;375;8093;8146;6.78;0.41;272.09;6.62;931;29;2798.00;53
7166;28;623208957;7166;370;8094;8147;6.76;0.41;272.00;6.62;928;29;2799.00;53
7166;28;623208969;7166;363;8094;8147;6.73;0.41;272.00;6.62;928;29;2800.00;53
7168;28;623208984;7168;361;8095;8148;6.74;0.41;272.00;6.62;927;29;2801.00;53
7168;28;623208996;7168;352;8095;8148;6.72;0.41;272.00;6.62;927;29;2802.00;53
7170;28;623209013;7170;339;8095;8148;6.71;0.41;271.96;6.62;925;29;2803.00;53
7171;28;623209026;7171;321;8095;8148;6.72;0.41;271.94;6.62;924;29;2804.00;53
7171;28;623209037;7171;307;8095;8148;6.77;0.41;271.94;6.62;924;29;2805.00;53
7171;28;623209049;7171;294;8095;8148;6.89;0.42;271.94;6.62;924;29;2806.00;53
7171;28;623209061;7171;290;8095;8148;7.05;0.43;271.94;6.62;924;29;2807.00;53
7171;28;623209072;7171;302;8134;8218;7.20;0.44;271.94;6.59;963;29;2808.00;84
7172;28;623209089;7172;294;8135;8219;7.40;0.45;271.94;6.67;963;29;2809.00;84
7172;28;623209102;7172;281;8142;8219;7.61;0.46;271.94;6.66;970;29;2810.00;77
7172;28;623209115;7172;268;8144;8219;7.72;0.47;271.94;6.66;972;29;2811.00;75
7173;28;623209127;7173;261;8148;8219;7.93;0.48;271.93;6.66;975;29;2812.00;71
7174;28;623209140;7174;258;8151;8219;8.01;0.49;271.92;6.66;977;29;2813.00;68
7176;28;623209153;7176;261;8154;8219;8.12;0.49;271.91;6.66;978;29;2814.00;65
7178;28;623209166;7178;259;8157;8219;8.23;0.50;271.91;6.66;979;29;2815.00;62
7178;28;623209178;7178;257;8159;8220;8.31;0.50;271.91;6.66;981;29;2816.00;61
7179;28;623209191;7179;254;8161;8221;8.39;0.51;271.90;6.66;982;29;2817.00;60
7180;28;623209203;7180;260;8162;8221;8.37;0.51;271.89;6.66;982;29;2818.00;59
7183;28;623209216;7183;262;8166;8225;8.30;0.50;271.88;6.66;983;29;2819.00;59
7186;28;623209232;7186;256;8167;8225;8.32;0.51;271.87;6.66;981;29;2820.00;58
7188;28;623209245;7188;254;8167;8225;8.29;0.50;271.86;6.66;979;29;2821.00;58
7190;29;623209265;7190;247;8167;8225;8.23;0.50;271.81;6.66;977;30;2822.00;58
7191;29;623209294;7191;244;8172;8231;8.20;0.50;271.79;6.66;981;30;2823.00;59
7193;29;623209310;7193;239;8172;8231;8.15;0.50;271.85;6.66;979;30;2824.00;59
7198;29;623209324;7198;240;8174;8231;8.16;0.50;271.86;6.68;976;30;2825.00;57
7199;29;623209338;7199;235;8176;8234;8.17;0.50;271.89;6.67;977;30;2826.00;58
7202;29;623209351;7202;231;8176;8234;8.15;0.49;271.85;6.67;974;30;2827.00;58
7206;29;623209365;7206;231;8177;8234;8.10;0.49;271.84;6.67;971;30;2828.00;57
7208;29;623209378;7208;231;8177;8235;8.09;0.49;271.83;6.67;969;30;2829.00;58
7210;29;623209391;7210;232;8178;8236;8.17;0.50;271.85;6.67;968;30;2830.00;58
7218;29;623209403;7218;232;8178;8236;8.13;0.49;271.77;6.67;960;30;2831.00;58
7223;29;623209417;7223;242;8188;8249;8.10;0.49;271.76;6.66;965;30;2832.00;61
7226;29;623209441;7226;231;8189;8249;8.15;0.49;271.78;6.66;963;30;2833.00;60
7229;29;623209453;7229;231;8189;8249;8.18;0.50;271.74;6.66;960;30;2834.00;60
7232;29;623209464;7232;233;8191;8251;8.19;0.50;271.78;6.66;959;30;2835.00;60
7234;29;623209477;7234;236;8191;8251;8.22;0.50;271.73;6.66;957;30;2836.00;60
7235;29;623209488;7235;242;8195;8255;8.32;0.50;271.75;6.66;960;30;2837.00;60
7238;29;623209500;7238;247;8195;8255;8.37;0.51;271.74;6.66;957;30;2838.00;60
7240;29;623209512;7240;249;8198;8259;8.40;0.51;271.81;6.66;958;30;2839.00;61
7242;29;623209524;7242;247;8198;8259;8.46;0.51;271.81;6.66;956;30;2840.00;61
7243;29;623209535;7243;250;8198;8259;8.43;0.51;271.83;6.66;955;30;2841.00;61
7247;29;623209547;7247;252;8198;8259;8.45;0.51;271.82;6.66;951;30;2842.00;61
7248;29;623209559;7248;251;8198;8259;8.42;0.51;271.82;6.66;950;30;2843.00;61
7253;29;623209571;7253;253;8208;8271;8.37;0.51;271.92;6.65;955;30;2844.00;63
7255;29;623209584;7255;253;8209;8271;8.35;0.51;271.90;6.65;954;30;2845.00;62
7257;29;623209595;7257;256;8209;8271;8.30;0.50;271.90;6.65;952;30;2846.00;62
7259;29;623209607;7259;261;8209;8271;8.31;0.50;271.91;6.65;950;30;2847.00;62
7260;29;623209618;7260;264;8209;8271;8.28;0.50;271.95;6.65;949;30;2848.00;62
7264;29;623209629;7264;263;8210;8271;8.24;0.50;272.06;6.66;946;30;2849.00;61
7265;29;623209643;7265;271;8213;8274;8.22;0.50;272.13;6.67;948;30;2850.00;61
7268;29;623209655;7268;275;8213;8274;8.12;0.49;272.19;6.67;945;30;2851.00;61
7270;29;623209667;7270;277;8219;8280;8.16;0.49;272.31;6.68;949;30;2852.00;61
7273;29;623209678;7273;277;8221;8281;8.09;0.49;272.35;6.69;948;30;2853.00;60
7274;29;623209690;7274;276;8221;8281;8.02;0.49;272.39;6.69;947;30;2854.00;60
7279;29;623209702;7279;280;8223;8281;7.88;0.48;272.38;6.71;944;30;2855.00;58
7280;29;623209714;7280;283;8226;8285;7.87;0.48;272.42;6.71;946;30;2856.00;59
7281;29;623209732;7281;285;8227;8285;7.81;0.48;272.49;6.72;946;30;2857.00;58
7282;29;623209744;7282;293;8228;8285;7.77;0.47;272.50;6.72;946;30;2858.00;57
7286;29;623209755;7286;294;8229;8286;7.74;0.47;272.57;6.72;943;30;2859.00;57
7289;29;623209767;7289;298;8234;8290;7.67;0.47;272.62;6.74;945;30;2860.00;56
7291;29;623209779;7291;303;8234;8290;7.62;0.46;272.64;6.74;943;30;2861.00;56
7294;29;623209789;7294;308;8237;8293;7.60;0.46;272.70;6.75;943;30;2862.00;56
7295;29;623209802;7295;312;8239;8293;7.63;0.46;272.69;6.76;944;30;2863.00;54
7297;29;623209812;7297;320;8242;8295;7.56;0.46;272.77;6.76;945;30;2864.00;53
7300;29;623209823;7300;320;8242;8295;7.51;0.46;272.79;6.76;942;30;2865.00;53
7302;29;623209834;7302;321;8248;8299;7.47;0.45;272.86;6.78;946;30;2866.00;51
7303;29;623209846;7303;317;8248;8299;7.40;0.45;272.83;6.78;945;30;2867.00;51
7308;29;623209856;7308;322;8250;8299;7.25;0.44;272.87;6.79;942;30;2868.00;49
7311;29;623209868;7311;320;8250;8299;7.16;0.44;272.87;6.79;939;30;2869.00;49
7312;30;623209879;7312;316;8252;8300;7.14;0.44;272.85;6.80;940;31;2870.00;48
7314;30;623209902;7314;318;8253;8301;7.08;0.43;272.89;6.80;939;31;2871.00;48
7316;30;623209913;7316;319;8253;8301;7.04;0.43;272.98;6.80;937;31;2872.00;48
7318;30;623209923;7318;307;8254;8302;7.01;0.43;272.94;6.80;936;31;2873.00;48
7321;30;623209934;7321;303;8258;8302;6.96;0.43;272.96;6.82;937;31;2874.00;44
7324;30;623209945;7324;301;8258;8302;6.99;0.43;272.97;6.82;934;31;2875.00;44
7326;30;623209960;7326;299;8260;8302;7.02;0.43;272.93;6.83;934;31;2876.00;42
7329;30;623209972;7329;300;8260;8302;7.03;0.43;272.99;6.83;931;31;2877.00;42
7331;30;623209983;7331;297;8262;8302;7.07;0.43;273.01;6.83;931;31;2878.00;40
7332;30;623209993;7332;299;8262;8302;7.05;0.43;273.07;6.83;930;31;2879.00;40
7335;30;623210006;7335;343;8365;8532;7.13;0.45;273.04;6.75;1030;31;2880.00;167
7338;30;623210034;7338;330;8369;8533;7.11;0.44;273.08;6.75;1031;31;2881.00;164
7340;30;623210045;7340;325;8376;8533;7.12;0.45;273.11;6.75;1036;31;2882.00;157
7345;30;623210056;7345;325;8384;8533;7.02;0.44;273.16;6.74;1039;31;2883.00;149
7349;30;623210067;7349;319;8394;8533;7.00;0.44;273.17;6.74;1045;31;2884.00;139
7351;30;623210078;7351;320;8399;8533;6.92;0.43;273.26;6.74;1048;31;2885.00;134
7355;30;623210089;7355;323;8409;8533;6.82;0.42;273.22;6.74;1054;31;2886.00;124
7358;30;623210101;7358;319;8414;8533;6.76;0.42;273.28;6.74;1056;31;2887.00;119
7362;30;623210112;7362;334;8421;8534;6.71;0.42;273.34;6.74;1059;31;2888.00;113
7364;30;623210123;7364;330;8427;8535;6.62;0.41;273.37;6.74;1063;31;2889.00;108
7367;30;623210134;7367;332;8433;8535;6.54;0.41;273.53;6.74;1066;31;2890.00;102
7368;30;623210146;7368;331;8439;8536;6.48;0.40;273.54;6.75;1071;31;2891.00;97
7370;30;623210158;7370;338;8443;8536;6.38;0.40;273.60;6.75;1073;31;2892.00;93
7372;30;623210169;7372;343;8447;8536;6.26;0.39;273.67;6.75;1075;31;2893.00;89
7376;31;623210186;7376;352;8449;8536;6.14;0.38;273.69;6.75;1073;32;2894.00;87
7380;31;623210216;7380;357;8453;8540;6.04;0.37;273.76;6.75;1073;32;2895.00;87
7386;31;623210228;7386;371;8456;8540;5.92;0.37;273.81;6.76;1070;32;2896.00;84
7387;31;623210239;7387;381;8458;8540;5.91;0.36;273.83;6.76;1071;32;2897.00;82
7392;31;623210252;7392;380;8461;8543;5.96;0.37;274.01;6.76;1069;32;2898.00;82
7399;31;623210266;7399;387;8463;8543;5.94;0.36;274.14;6.76;1064;32;2899.00;80
7401;31;623210279;7401;389;8465;8543;5.92;0.36;274.14;6.76;1064;32;2900.00;78
7405;31;623210295;7405;375;8470;8547;5.90;0.36;274.14;6.77;1065;32;2901.00;77
7406;31;623210307;7406;372;8476;8548;5.85;0.36;274.16;6.77;1070;32;2902.00;72
7410;31;623210319;7410;373;8476;8548;5.81;0.36;274.20;6.77;1066;32;2903.00;72
7415;31;623210331;7415;377;8482;8552;5.76;0.35;274.25;6.78;1067;32;2904.00;70
7420;31;623210343;7420;377;8483;8552;5.74;0.35;274.27;6.78;1063;32;2905.00;69
7425;31;623210355;7425;382;8485;8552;5.66;0.35;274.34;6.78;1060;32;2906.00;67
7428;31;623210367;7428;393;8486;8553;5.67;0.35;274.46;6.78;1058;32;2907.00;67
7430;31;623210381;7430;396;8486;8553;5.67;0.35;274.45;6.78;1056;32;2908.00;67
7435;31;623210396;7435;400;8491;8559;5.65;0.35;274.60;6.78;1056;32;2909.00;68
7440;31;623210417;7440;408;8493;8559;5.60;0.34;274.58;6.79;1053;32;2910.00;66
7443;31;623210438;7443;414;8493;8560;5.59;0.34;274.66;6.79;1050;32;2911.00;67
7449;31;623210455;7449;423;8493;8560;5.53;0.34;274.78;6.79;1044;32;2912.00;67
7451;31;623210472;7451;421;8495;8560;5.47;0.34;274.77;6.79;1044;32;2913.00;65
7456;31;623210489;7456;434;8495;8560;5.34;0.33;274.89;6.79;1039;32;2914.00;65
7458;31;623210503;7458;442;8496;8560;5.26;0.32;274.94;6.80;1038;32;2915.00;64
7459;31;623210516;7459;456;8505;8572;5.28;0.32;274.96;6.79;1046;32;2916.00;67
7462;31;623210529;7462;455;8507;8572;5.22;0.32;275.02;6.79;1045;32;2917.00;65
7466;31;623210542;7466;460;8507;8572;5.22;0.32;275.00;6.79;1041;32;2918.00;65
7471;31;623210553;7471;468;8509;8572;5.19;0.32;275.07;6.80;1038;32;2919.00;63
7476;31;623210566;7476;467;8509;8572;5.16;0.32;275.17;6.80;1033;32;2920.00;63
7482;31;623210578;7482;474;8509;8572;5.16;0.32;275.26;6.80;1027;32;2921.00;63
7487;31;623210590;7487;478;8512;8576;5.12;0.32;275.22;6.79;1025;32;2922.00;64
7491;31;623210603;7491;473;8514;8576;5.10;0.31;275.22;6.80;1023;32;2923.00;62
7492;31;623210615;7492;475;8518;8580;5.15;0.32;275.27;6.80;1026;32;2924.00;62
7495;31;623210627;7495;476;8521;8582;5.15;0.32;275.24;6.80;1026;32;2925.00;61
7499;31;623210639;7499;475;8522;8582;5.11;0.31;275.23;6.80;1023;32;2926.00;60
7499;31;623210652;7499;482;8522;8582;5.11;0.31;275.23;6.80;1023;32;2927.00;60
7504;31;623210664;7504;481;8532;8595;5.17;0.32;275.23;6.79;1028;32;2928.00;63
7509;31;623210676;7509;483;8533;8595;5.13;0.31;275.17;6.88;1024;32;2929.00;62
7511;31;623210689;7511;484;8534;8595;5.13;0.32;275.15;6.88;1023;32;2930.00;61
7515;31;623210700;7515;490;8535;8596;5.10;0.31;275.10;6.88;1020;32;2931.00;61
7519;31;623210712;7519;489;8535;8597;5.13;0.32;275.12;6.88;1016;32;2932.00;62
7522;31;623210724;7522;502;8535;8597;5.14;0.32;275.10;6.88;1013;32;2933.00;62
7526;31;623210735;7526;504;8538;8600;5.14;0.32;275.07;6.88;1012;32;2934.00;62
7528;31;623210747;7528;508;8538;8600;5.10;0.31;275.08;6.88;1010;32;2935.00;62
7532;31;623210758;7532;506;8538;8600;5.05;0.31;275.04;6.88;1006;32;2936.00;62
7535;31;623210770;7535;493;8538;8600;5.04;0.31;275.02;6.88;1003;32;2937.00;62
7538;31;623210781;7538;493;8543;8606;5.06;0.31;275.02;6.88;1005;32;2938.00;63
7540;31;623210794;7540;491;8543;8606;5.06;0.31;275.00;6.88;1003;32;2939.00;63
7545;31;623210807;7545;484;8543;8606;5.01;0.31;274.89;6.88;998;32;2940.00;63
7548;31;623210818;7548;491;8543;8606;4.92;0.30;274.86;6.88;995;32;2941.00;63
7549;31;623210829;7549;502;8546;8610;4.89;0.30;274.84;6.87;997;32;2942.00;64
7552;31;623210841;7552;508;8547;8611;4.85;0.30;274.93;6.87;995;32;2943.00;64
7553;31;623210852;7553;513;8547;8611;4.84;0.30;274.90;6.87;994;32;2944.00;64
7556;31;623210863;7556;515;8548;8612;4.84;0.30;274.90;6.87;992;32;2945.00;64
7558;31;623210873;7558;500;8548;8612;4.88;0.30;274.89;6.87;990;32;2946.00;64
7562;31;623210885;7562;489;8548;8612;4.91;0.30;274.81;6.87;986;32;2947.00;64
7562;31;623210897;7562;472;8548;8612;4.99;0.30;274.81;6.87;986;32;2948.00;64
7563;31;623210908;7563;458;8548;8612;5.05;0.31;274.82;6.87;985;32;2949.00;64
7565;31;623210921;7565;449;8548;8612;5.12;0.31;274.80;6.87;983;32;2950.00;64
7565;31;623210942;7565;442;8548;8612;5.22;0.32;274.80;6.87;983;32;2951.00;64
7565;31;623210953;7565;448;8581;8682;5.48;0.34;274.80;6.85;1016;32;2952.00;101
7565;31;623210974;7565;439;8581;8683;5.57;0.34;274.80;6.85;1016;32;2953.00;102
7569;31;623210985;7569;431;8587;8683;5.70;0.35;274.80;6.84;1018;32;2954.00;96
7569;31;623210998;7569;422;8588;8683;5.80;0.35;274.80;6.84;1019;32;2955.00;95
7570;31;623211009;7570;413;8590;8683;5.90;0.36;274.78;6.84;1020;32;2956.00;93
7570;31;623211022;7570;403;8592;8683;6.00;0.37;274.78;6.84;1022;32;2957.00;91
7571;31;623211033;7571;391;8594;8683;6.09;0.37;274.80;6.84;1023;32;2958.00;89
7574;31;623211045;7574;391;8596;8683;6.22;0.38;274.86;6.84;1022;32;2959.00;87
7577;31;623211058;7577;376;8597;8684;6.33;0.39;274.87;6.84;1020;32;2960.00;87
7578;31;623211070;7578;367;8599;8685;6.43;0.39;274.86;6.84;1021;32;2961.00;86
7579;31;623211089;7579;359;8601;8685;6.55;0.40;274.87;6.84;1022;32;2962.00;84
7581;31;623211102;7581;363;8607;8689;6.64;0.40;274.87;6.93;1026;32;2963.00;82
7586;31;623211114;7586;359;8609;8689;6.72;0.41;274.84;6.93;1023;32;2964.00;80
7586;31;623211128;7586;362;8610;8689;6.87;0.42;274.84;6.93;1024;32;2965.00;79
7589;31;623211142;7589;365;8611;8689;6.93;0.42;274.82;6.94;1022;32;2966.00;78
7589;31;623211156;7589;350;8615;8695;7.02;0.43;274.82;6.93;1026;32;2967.00;80
7590;31;623211169;7590;345;8616;8695;7.10;0.43;274.81;6.93;1026;32;2968.00;79
7591;31;623211182;7591;347;8617;8695;7.14;0.43;274.78;6.93;1026;32;2969.00;78
7592;31;623211197;7592;336;8621;8701;7.15;0.43;274.78;6.93;1029;32;2970.00;80
7594;31;623211217;7594;336;8621;8701;7.11;0.43;274.80;6.93;1027;32;2971.00;80
7596;31;623211230;7596;332;8623;8701;7.16;0.43;274.77;6.93;1027;32;2972.00;78
7596;31;623211243;7596;324;8623;8702;7.22;0.44;274.77;6.93;1027;32;2973.00;79
7596;31;623211256;7596;319;8624;8703;7.27;0.44;274.77;6.93;1028;32;2974.00;79
7597;31;623211269;7597;315;8624;8703;7.33;0.45;274.80;6.93;1027;32;2975.00;79
7599;31;623211283;7599;300;8633;8716;7.45;0.45;274.79;6.92;1034;32;2976.00;83
7600;31;623211297;7600;296;8633;8716;7.48;0.45;274.76;6.92;1033;32;2977.00;83
7601;31;623211310;7601;294;8633;8716;7.53;0.46;274.82;6.92;1032;32;2978.00;83
7603;31;623211323;7603;282;8634;8717;7.61;0.46;274.78;6.92;1031;32;2979.00;83
7605;31;623211335;7605;281;8634;8717;7.68;0.47;274.81;6.92;1029;32;2980.00;83
7605;31;623211348;7605;278;8638;8721;7.75;0.47;274.81;7.01;1033;32;2981.00;83
7606;31;623211361;7606;279;8638;8721;7.80;0.47;274.78;7.01;1032;32;2982.00;83
7607;31;623211374;7607;278;8641;8725;7.81;0.47;274.78;7.01;1034;32;2983.00;84
7611;31;623211391;7611;269;8641;8725;7.84;0.48;274.82;7.01;1030;32;2984.00;84
7614;31;623211404;7614;265;8641;8725;7.86;0.48;274.87;7.01;1027;32;2985.00;84
7617;31;623211418;7617;265;8641;8725;7.89;0.48;274.86;7.01;1024;32;2986.00;84
7619;31;623211432;7619;260;8641;8725;7.88;0.48;275.01;7.01;1022;32;2987.00;84
7623;31;623211445;7623;265;8651;8737;7.91;0.48;275.08;7.00;1028;32;2988.00;86
7628;31;623211459;7628;260;8652;8737;7.93;0.48;275.15;7.01;1024;32;2989.00;85
7632;31;623211473;7632;263;8653;8737;7.95;0.48;275.25;7.01;1021;32;2990.00;84
7635;31;623211486;7635;265;8653;8737;7.94;0.48;275.28;7.01;1018;32;2991.00;84
7636;31;623211498;7636;257;8653;8737;7.91;0.48;275.27;7.01;1017;32;2992.00;84
7641;31;623211510;7641;256;8653;8737;7.88;0.48;275.30;7.01;1012;32;2993.00;84
7646;31;623211522;7646;257;8655;8738;7.83;0.47;275.27;7.01;1009;32;2994.00;83
7649;31;623211535;7649;254;8657;8738;7.82;0.47;275.23;7.04;1008;32;2995.00;81
7651;31;623211548;7651;253;8662;8744;7.83;0.47;275.19;7.13;1011;32;2996.00;82
7652;31;623211561;7652;254;8662;8745;7.87;0.48;275.21;7.13;1010;32;2997.00;83
7654;31;623211573;7654;252;8663;8745;7.91;0.48;275.22;7.13;1009;32;2998.00;82
7657;31;623211586;7657;247;8664;8745;7.85;0.48;275.18;7.22;1007;32;2999.00;81
7662;31;623211601;7662;245;8669;8765;7.81;0.47;275.19;7.21;1007;32;3000.00;96
7662;31;623211619;7662;250;8669;8765;7.87;0.48;275.19;7.21;1007;32;3001.00;96
7665;31;623211632;7665;250;8669;8765;7.86;0.48;275.22;7.21;1004;32;3002.00;96
7666;31;623211645;7666;242;8670;8766;7.97;0.48;275.23;7.21;1004;32;3003.00;96
7670;31;623211657;7670;241;8673;8770;7.96;0.48;275.24;7.21;1003;32;3004.00;97
7672;31;623211670;7672;237;8673;8770;8.02;0.49;275.20;7.21;1001;32;3005.00;97
7673;31;623211681;7673;242;8677;8773;8.09;0.49;275.17;7.21;1004;32;3006.00;96
7678;31;623211694;7678;241;8678;8773;8.07;0.49;275.13;7.22;1000;32;3007.00;95
7682;31;623211707;7682;244;8681;8773;8.05;0.49;275.15;7.23;999;32;3008.00;92
7684;31;623211719;7684;243;8682;8773;8.08;0.49;275.13;7.23;998;32;3009.00;91
7686;31;623211731;7686;252;8684;8777;8.13;0.49;275.18;7.23;998;32;3010.00;93
7688;31;623211744;7688;250;8686;8777;8.17;0.50;275.20;7.24;998;32;3011.00;91
7690;31;623211756;7690;258;8690;8777;8.16;0.49;275.20;7.25;1000;32;3012.00;87
7691;31;623211768;7691;258;8693;8777;8.18;0.50;275.24;7.25;1002;32;3013.00;84
7696;31;623211780;7696;253;8693;8778;8.14;0.49;275.38;7.25;997;32;3014.00;85
7699;31;623211793;7699;256;8697;8780;8.11;0.49;275.39;7.25;998;32;3015.00;83
7704;31;623211805;7704;264;8697;8780;8.04;0.49;275.48;7.25;993;32;3016.00;83
7707;31;623211817;7707;264;8699;8781;8.01;0.49;275.52;7.25;992;32;3017.00;82
7709;31;623211830;7709;274;8700;8781;7.98;0.48;275.57;7.25;991;32;3018.00;81
7712;31;623211842;7712;270;8700;8781;8.00;0.49;275.63;7.25;988;32;3019.00;81
7712;31;623211854;7712;265;8702;8781;7.97;0.48;275.63;7.28;990;32;3020.00;79
7714;31;623211867;7714;265;8703;8781;7.97;0.48;275.71;7.28;989;32;3021.00;78
7718;31;623211879;7718;266;8703;8781;7.97;0.48;275.82;7.28;985;32;3022.00;78
7720;31;623211891;7720;264;8704;8781;7.94;0.48;275.90;7.29;984;32;3023.00;77
7725;31;623211903;7725;297;8776;8908;7.86;0.48;276.06;7.24;1051;32;3024.00;132
7728;31;623211926;7728;289;8777;8909;7.77;0.48;276.14;7.24;1049;32;3025.00;132
7729;31;623211939;7729;282;8785;8909;7.75;0.48;276.15;7.26;1056;32;3026.00;124
7732;31;623211951;7732;281;8789;8909;7.73;0.48;276.14;7.26;1057;32;3027.00;120
7734;31;623211964;7734;281;8794;8909;7.72;0.48;276.14;7.27;1060;32;3028.00;115
7735;31;623211976;7735;289;8798;8909;7.66;0.47;276.19;7.28;1063;32;3029.00;111
7737;31;623211990;7737;283;8802;8909;7.64;0.47;276.29;7.29;1065;32;3030.00;107
7739;31;623212003;7739;281;8807;8909;7.70;0.48;276.25;7.30;1068;32;3031.00;102
7742;31;623212015;7742;283;8810;8910;7.71;0.48;276.29;7.30;1068;32;3032.00;100
7747;31;623212028;7747;287;8815;8911;7.71;0.48;276.44;7.31;1068;32;3033.00;96
7748;31;623212041;7748;288;8817;8911;7.74;0.48;276.49;7.31;1069;32;3034.00;94
7754;31;623212053;7754;288;8819;8912;7.68;0.47;276.53;7.31;1065;32;3035.00;93
7756;31;623212069;7756;296;8825;8912;7.60;0.47;276.59;7.34;1069;32;3036.00;87
7760;31;623212081;7760;299;8829;8912;7.54;0.46;276.68;7.35;1069;32;3037.00;83
7761;31;623212094;7761;311;8834;8912;7.41;0.46;276.71;7.36;1073;32;3038.00;78
7764;31;623212105;7764;311;8840;8916;7.30;0.45;276.78;7.37;1076;32;3039.00;76
7774;31;623212118;7774;311;8841;8916;7.14;0.44;276.87;7.37;1067;32;3040.00;75
7776;31;623212131;7776;311;8844;8916;7.05;0.43;276.93;7.38;1068;32;3041.00;72
7781;31;623212144;7781;312;8845;8919;6.99;0.43;276.96;7.38;1064;32;3042.00;74
7783;31;623212157;7783;314;8850;8919;6.88;0.42;277.07;7.39;1067;32;3043.00;69
7788;31;623212169;7788;323;8850;8919;6.83;0.42;277.12;7.39;1062;32;3044.00;69
7789;31;623212182;7789;330;8853;8923;6.72;0.41;277.11;7.40;1064;32;3045.00;70
7791;31;623212194;7791;328;8855;8924;6.66;0.41;277.07;7.40;1064;32;3046.00;69
7794;31;623212206;7794;335;8856;8924;6.61;0.40;277.12;7.40;1062;32;3047.00;68
7795;31;623212218;7795;339;8861;8928;6.61;0.41;277.11;7.41;1066;32;3048.00;67
7798;31;623212231;7798;337;8862;8928;6.55;0.40;277.16;7.41;1064;32;3049.00;66
7799;31;623212243;7799;339;8866;8928;6.53;0.40;277.15;7.41;1067;32;3050.00;62
7802;31;623212256;7802;333;8868;8929;6.49;0.40;277.17;7.41;1066;32;3051.00;61
7805;31;623212268;7805;335;8870;8929;6.37;0.39;277.26;7.41;1065;32;3052.00;59
7810;31;623212286;7810;338;8876;8935;6.31;0.38;277.36;7.41;1066;32;3053.00;59
7813;31;623212306;7813;341;8877;8935;6.18;0.38;277.38;7.41;1064;32;3054.00;58
7816;31;623212319;7816;333;8877;8936;6.07;0.37;277.44;7.41;1061;32;3055.00;59
7819;31;623212331;7819;340;8877;8936;5.98;0.36;277.47;7.41;1058;32;3056.00;59
7821;31;623212343;7821;346;8878;8936;5.88;0.36;277.49;7.42;1057;32;3057.00;58
7824;31;623212355;7824;352;8878;8936;5.70;0.35;277.54;7.42;1054;32;3058.00;58
7825;31;623212367;7825;360;8878;8936;5.59;0.34;277.57;7.42;1053;32;3059.00;58
7830;31;623212380;7830;359;8906;8972;5.64;0.35;277.71;7.40;1076;32;3060.00;66
7831;31;623212403;7831;360;8906;8972;5.61;0.35;277.73;7.40;1075;32;3061.00;66
7833;31;623212422;7833;366;8910;8972;5.59;0.35;277.72;7.39;1077;32;3062.00;62
7838;31;623212443;7838;361;8910;8972;5.52;0.34;277.86;7.39;1072;32;3063.00;62
7840;32;623212460;7840;362;8912;8972;5.50;0.34;277.84;7.40;1072;33;3064.00;60
7842;32;623212494;7842;360;8912;8972;5.54;0.34;277.91;7.40;1070;33;3065.00;60
7846;32;623212510;7846;370;8919;8976;5.48;0.34;278.01;7.40;1073;33;3066.00;57
7849;32;623212523;7849;374;8919;8976;5.49;0.34;278.03;7.40;1070;33;3067.00;57
7852;32;623212546;7852;375;8923;8980;5.50;0.34;278.12;7.40;1071;33;3068.00;57
7856;32;623212559;7856;378;8924;8981;5.45;0.34;278.23;7.40;1068;33;3069.00;57
7864;32;623212572;7864;377;8924;8981;5.38;0.33;278.52;7.40;1060;33;3070.00;57
7866;32;623212585;7866;382;8924;8981;5.33;0.33;278.53;7.40;1058;33;3071.00;57
7870;32;623212598;7870;385;8935;8994;5.39;0.33;278.59;7.39;1065;33;3072.00;59
7871;32;623212611;7871;388;8935;8994;5.45;0.34;278.58;7.39;1064;33;3073.00;59
7876;32;623212623;7876;389;8935;8994;5.45;0.34;278.72;7.39;1059;33;3074.00;59
7884;32;623212636;7884;386;8937;8995;5.45;0.33;278.68;7.47;1053;33;3075.00;58
7884;32;623212649;7884;386;8937;8996;5.51;0.34;278.68;7.47;1053;33;3076.00;59
7889;32;623212661;7889;385;8937;8996;5.48;0.34;278.72;7.47;1048;33;3077.00;59
7893;32;623212673;7893;384;8939;8999;5.48;0.34;278.74;7.47;1046;33;3078.00;60
7897;32;623212685;7897;384;8939;8999;5.40;0.33;278.69;7.47;1042;33;3079.00;60
7897;32;623212697;7897;388;8940;8999;5.45;0.33;278.69;7.47;1043;33;3080.00;59
7904;32;623212709;7904;393;8940;8999;5.39;0.33;278.60;7.47;1036;33;3081.00;59
7907;32;623212722;7907;401;8945;9005;5.35;0.33;278.62;7.47;1038;33;3082.00;60
7910;32;623212734;7910;402;8945;9005;5.29;0.32;278.59;7.47;1035;33;3083.00;60
7915;32;623212746;7915;408;8945;9005;5.22;0.32;278.67;7.47;1030;33;3084.00;60
7921;32;623212758;7921;411;8945;9005;5.10;0.31;278.73;7.47;1024;33;3085.00;60
7922;32;623212769;7922;415;8948;9009;5.12;0.31;278.73;7.46;1026;33;3086.00;61
7927;32;623212782;7927;425;8949;9010;5.03;0.31;278.75;7.46;1022;33;3087.00;61
7930;32;623212794;7930;427;8949;9010;4.91;0.30;278.73;7.46;1019;33;3088.00;61
7934;32;623212812;7934;435;8950;9011;4.83;0.30;278.81;7.46;1016;33;3089.00;61
7936;32;623212825;7936;441;8950;9011;4.79;0.29;278.83;7.46;1014;33;3090.00;61
7941;32;623212836;7941;448;8950;9011;4.72;0.29;278.85;7.46;1009;33;3091.00;61
7942;32;623212848;7942;447;8950;9011;4.71;0.29;278.84;7.46;1008;33;3092.00;61
7948;32;623212858;7948;459;8950;9011;4.62;0.28;278.87;7.46;1002;33;3093.00;61
7953;32;623212870;7953;464;8950;9011;4.54;0.28;278.77;7.46;997;33;3094.00;61
7955;32;623212880;7955;464;8951;9011;4.54;0.28;278.77;7.55;996;33;3095.00;60
7960;32;623212892;7960;475;8989;9081;4.74;0.29;278.73;7.52;1029;33;3096.00;92
7964;32;623212908;7964;472;8990;9082;4.69;0.29;278.68;7.52;1026;33;3097.00;92
7968;32;623212919;7968;472;8997;9082;4.71;0.29;278.67;7.51;1029;33;3098.00;85
7970;32;623212930;7970;475;8998;9082;4.65;0.29;278.64;7.51;1028;33;3099.00;84
7973;32;623212942;7973;474;9000;9082;4.66;0.29;278.61;7.51;1027;33;3100.00;82
7976;32;623212957;7976;478;9001;9082;4.68;0.29;278.62;7.51;1025;33;3101.00;81
7981;32;623212969;7981;481;9003;9082;4.66;0.29;278.65;7.51;1022;33;3102.00;79
7983;32;623212980;7983;487;9005;9082;4.63;0.28;278.63;7.51;1022;33;3103.00;77
7986;32;623212991;7986;489;9005;9083;4.61;0.28;278.70;7.51;1019;33;3104.00;78
7987;32;623213002;7987;489;9008;9085;4.68;0.29;278.75;7.51;1021;33;3105.00;77
7990;32;623213013;7990;493;9010;9085;4.63;0.28;278.89;7.51;1020;33;3106.00;75
7991;32;623213024;7991;470;9014;9089;4.70;0.29;278.90;7.51;1023;33;3107.00;75
7995;32;623213035;7995;451;9017;9089;4.81;0.29;278.99;7.51;1022;33;3108.00;72
7997;32;623213047;7997;447;9017;9089;4.94;0.30;279.02;7.51;1020;33;3109.00;72
8000;32;623213058;8000;441;9019;9089;5.07;0.31;279.02;7.51;1019;33;3110.00;70
8001;32;623213070;8001;434;9025;9095;5.22;0.32;279.00;7.51;1024;33;3111.00;70
8006;32;623213082;8006;429;9027;9095;5.33;0.33;278.95;7.51;1021;33;3112.00;68
8008;32;623213101;8008;427;9028;9095;5.48;0.33;278.94;7.51;1020;33;3113.00;67
8011;32;623213114;8011;428;9030;9098;5.57;0.34;278.95;7.51;1019;33;3114.00;68
8013;32;623213127;8013;435;9030;9098;5.67;0.35;278.91;7.51;1017;33;3115.00;68
8017;32;623213139;8017;415;9031;9098;5.71;0.35;278.89;7.51;1014;33;3116.00;67
8018;32;623213164;8018;400;9031;9099;5.81;0.35;278.90;7.51;1013;33;3117.00;68
8019;32;623213177;8019;392;9032;9100;5.88;0.36;278.87;7.51;1013;33;3118.00;68
8020;32;623213189;8020;374;9032;9100;5.96;0.36;278.93;7.51;1012;33;3119.00;68
8022;32;623213204;8022;374;9053;9126;6.13;0.37;278.94;7.49;1031;33;3120.00;73
8023;32;623213220;8023;363;9053;9126;6.21;0.38;278.92;7.49;1030;33;3121.00;73
8026;32;623213234;8026;353;9054;9126;6.34;0.39;278.85;7.49;1028;33;3122.00;72
8027;32;623213247;8027;341;9055;9127;6.53;0.40;278.90;7.49;1028;33;3123.00;72
8027;32;623213261;8027;328;9055;9127;6.69;0.41;278.90;7.49;1028;33;3124.00;72
8029;32;623213274;8029;318;9059;9131;6.87;0.42;278.86;7.49;1030;33;3125.00;72
8031;32;623213288;8031;312;9059;9131;7.00;0.43;278.82;7.49;1028;33;3126.00;72
8031;32;623213302;8031;308;9062;9135;7.09;0.43;278.82;7.48;1031;33;3127.00;73
8033;32;623213316;8033;304;9062;9135;7.15;0.44;278.82;7.48;1029;33;3128.00;73
8035;32;623213329;8035;299;9062;9135;7.23;0.44;278.82;7.48;1027;33;3129.00;73
8036;32;623213344;8036;297;9062;9135;7.28;0.44;278.82;7.48;1026;33;3130.00;73
8038;32;623213356;8038;299;9062;9135;7.32;0.45;278.94;7.48;1024;33;3131.00;73
8041;32;623213370;8041;297;9072;9147;7.36;0.45;278.98;7.48;1031;33;3132.00;75
8043;32;623213387;8043;290;9072;9147;7.40;0.45;278.96;7.48;1029;33;3133.00;75
8049;32;623213403;8049;284;9073;9147;7.41;0.45;278.98;7.48;1024;33;3134.00;74
8051;32;623213418;8051;278;9073;9147;7.44;0.45;279.00;7.48;1022;33;3135.00;74
8054;32;623213433;8054;276;9073;9147;7.52;0.46;279.05;7.48;1019;33;3136.00;74
8058;32;623213447;8058;271;9073;9147;7.57;0.46;279.01;7.48;1015;33;3137.00;74
8060;32;623213461;8060;271;9073;9148;7.63;0.46;279.12;7.48;1013;33;3138.00;75
8061;32;623213475;8061;268;9073;9148;7.70;0.47;279.13;7.48;1012;33;3139.00;75
8062;32;623213488;8062;271;9078;9154;7.75;0.47;279.18;7.47;1016;33;3140.00;76
8064;32;623213502;8064;271;9079;9155;7.77;0.47;279.24;7.47;1015;33;3141.00;76
8064;32;623213515;8064;270;9079;9155;7.82;0.47;279.24;7.47;1015;33;3142.00;76
8066;32;623213528;8066;266;9079;9155;7.85;0.48;279.38;7.47;1013;33;3143.00;76
8066;32;623213540;8066;260;9082;9159;7.91;0.48;279.38;7.47;1016;33;3144.00;77
8069;32;623213553;8069;257;9082;9159;7.96;0.48;279.37;7.47;1013;33;3145.00;77
8071;32;623213571;8071;261;9082;9159;8.07;0.49;279.42;7.47;1011;33;3146.00;77
8073;32;623213585;8073;257;9083;9160;8.09;0.49;279.46;7.47;1010;33;3147.00;77
8075;32;623213598;8075;256;9086;9164;8.15;0.49;279.51;7.47;1011;33;3148.00;78
8081;32;623213611;8081;257;9086;9164;8.14;0.49;279.54;7.47;1005;33;3149.00;78
8084;32;623213626;8084;260;9091;9170;8.18;0.50;279.60;7.55;1007;33;3150.00;79
8088;32;623213640;8088;258;9091;9170;8.16;0.49;279.65;7.55;1003;33;3151.00;79
8088;32;623213653;8088;256;9093;9170;8.20;0.50;279.65;7.55;1005;33;3152.00;77
8092;32;623213666;8092;258;9093;9170;8.20;0.50;279.64;7.55;1001;33;3153.00;77
8097;32;623213679;8097;256;9097;9174;8.25;0.50;279.66;7.55;1000;33;3154.00;77
8100;32;623213693;8100;250;9097;9174;8.30;0.50;279.64;7.55;997;33;3155.00;77
8101;32;623213706;8101;246;9097;9174;8.39;0.51;279.68;7.55;996;33;3156.00;77
8103;32;623213718;8103;250;9097;9174;8.44;0.51;279.72;7.55;994;33;3157.00;77
8106;32;623213730;8106;248;9097;9175;8.41;0.51;279.78;7.55;991;33;3158.00;78
8110;32;623213743;8110;244;9098;9176;8.43;0.51;279.87;7.55;988;33;3159.00;78
8113;32;623213755;8113;240;9098;9176;8.41;0.51;279.93;7.55;985;33;3160.00;78
8120;32;623213768;8120;235;9099;9177;8.30;0.50;279.95;7.55;979;33;3161.00;78
8122;32;623213781;8122;231;9099;9177;8.23;0.50;279.95;7.55;977;33;3162.00;78
8125;32;623213793;8125;224;9099;9177;8.22;0.50;279.92;7.55;974;33;3163.00;78
8128;32;623213805;8128;226;9100;9177;8.23;0.50;279.89;7.56;972;33;3164.00;77
8131;32;623213819;8131;231;9101;9177;8.25;0.50;279.87;7.57;970;33;3165.00;76
8134;32;623213831;8134;229;9102;9177;8.25;0.50;279.93;7.66;968;33;3166.00;75
8137;32;623213844;8137;230;9102;9177;8.34;0.51;279.94;7.66;965;33;3167.00;75
8142;32;623213855;8142;246;9168;9304;8.28;0.51;280.02;7.60;1026;33;3168.00;136
8144;32;623213877;8144;234;9170;9305;8.32;0.51;280.04;7.60;1026;33;3169.00;135
8148;32;623213890;8148;226;9177;9305;8.34;0.51;280.02;7.60;1029;33;3170.00;128
8154;32;623213903;8154;227;9177;9305;8.35;0.51;280.12;7.60;1023;33;3171.00;128
8155;32;623213916;8155;226;9183;9305;8.36;0.51;280.10;7.59;1028;33;3172.00;122
8156;32;623213929;8156;230;9185;9305;8.43;0.52;280.12;7.59;1029;33;3173.00;120
8161;32;623213942;8161;228;9188;9305;8.43;0.52;280.07;7.59;1027;33;3174.00;117
8166;32;623213954;8166;231;9192;9305;8.36;0.51;280.10;7.59;1026;33;3175.00;113
8168;32;623213990;8168;238;9196;9306;8.40;0.51;280.15;7.68;1028;33;3176.00;110
8171;32;623214019;8171;238;9202;9307;8.42;0.51;280.18;7.68;1031;33;3177.00;105
8176;32;623214048;8176;239;9206;9307;8.50;0.52;280.16;7.68;1030;33;3178.00;101
8178;32;623214063;8178;240;9208;9308;8.52;0.52;280.18;7.68;1030;33;3179.00;100
8179;32;623214081;8179;249;9209;9308;8.49;0.52;280.17;7.68;1030;33;3180.00;99
8183;32;623214097;8183;248;9212;9308;8.40;0.51;280.28;7.68;1029;33;3181.00;96
8186;32;623214113;8186;253;9216;9308;8.29;0.51;280.31;7.69;1030;33;3182.00;92
8190;32;623214127;8190;251;9218;9312;8.20;0.50;280.36;7.69;1028;33;3183.00;94
8191;32;623214143;8191;261;9222;9312;8.17;0.50;280.43;7.69;1031;33;3184.00;90
8193;32;623214158;8193;264;9224;9312;8.17;0.50;280.53;7.69;1031;33;3185.00;88
8196;32;623214173;8196;272;9227;9315;8.12;0.50;280.48;7.70;1031;33;3186.00;88
8199;32;623214188;8199;280;9228;9315;8.13;0.50;280.52;7.70;1029;33;3187.00;87
8200;32;623214203;8200;286;9229;9315;8.11;0.50;280.55;7.70;1029;33;3188.00;86
8204;32;623214217;8204;288;9233;9319;8.05;0.49;280.59;7.71;1029;33;3189.00;86
8207;32;623214232;8207;287;9236;9320;7.98;0.49;280.61;7.72;1029;33;3190.00;84
8212;32;623214247;8212;294;9238;9322;7.88;0.48;280.70;7.72;1026;33;3191.00;84
8213;32;623214263;8213;292;9244;9326;7.89;0.48;280.71;7.73;1031;33;3192.00;82
8214;32;623214284;8214;301;9244;9326;7.81;0.48;280.76;7.73;1030;33;3193.00;82
8217;32;623214298;8217;302;9245;9326;7.77;0.47;280.88;7.74;1028;33;3194.00;81
8220;32;623214312;8220;312;9248;9328;7.75;0.47;280.85;7.75;1028;33;3195.00;80
8222;32;623214327;8222;314;9249;9328;7.71;0.47;280.88;7.75;1027;33;3196.00;79
8222;32;623214341;8222;318;9255;9334;7.74;0.47;280.88;7.76;1033;33;3197.00;79
8223;32;623214357;8223;325;9255;9334;7.66;0.47;280.87;7.76;1032;33;3198.00;79
8225;33;623214376;8225;329;9257;9335;7.54;0.46;280.97;7.77;1032;34;3199.00;78
8226;33;623214424;8226;337;9257;9335;7.41;0.45;281.03;7.77;1031;34;3200.00;78
8233;33;623214448;8233;350;9259;9335;7.29;0.45;281.24;7.79;1026;34;3201.00;76
8237;33;623214467;8237;359;9259;9335;7.20;0.44;281.24;7.79;1022;34;3202.00;76
8240;33;623214485;8240;362;9260;9335;7.10;0.43;281.33;7.80;1020;34;3203.00;75
8243;33;623214502;8243;367;9270;9347;7.08;0.43;281.35;7.79;1027;34;3204.00;77
8245;33;623214519;8245;369;9271;9347;6.99;0.43;281.40;7.80;1026;34;3205.00;76
8249;33;623214535;8249;377;9275;9347;6.87;0.42;281.51;7.83;1026;34;3206.00;72
8252;33;623214554;8252;373;9275;9347;6.77;0.41;281.50;7.83;1023;34;3207.00;72
8256;33;623214569;8256;379;9276;9347;6.62;0.40;281.60;7.83;1020;34;3208.00;71
8259;33;623214583;8259;376;9276;9347;6.49;0.40;281.70;7.83;1017;34;3209.00;71
8262;33;623214601;8262;378;9279;9351;6.41;0.39;281.79;7.84;1017;34;3210.00;72
8263;33;623214616;8263;374;9281;9351;6.28;0.38;281.78;7.85;1018;34;3211.00;70
8264;33;623214641;8264;376;9285;9355;6.32;0.39;281.82;7.84;1021;34;3212.00;70
8269;33;623214656;8269;372;9289;9356;6.24;0.38;281.97;7.86;1020;34;3213.00;67
8269;33;623214671;8269;377;9289;9356;6.21;0.38;281.97;7.86;1020;34;3214.00;67
8272;33;623214685;8272;383;9289;9356;6.16;0.38;281.99;7.86;1017;34;3215.00;67
8274;33;623214700;8274;382;9301;9369;6.11;0.38;282.00;7.86;1027;34;3216.00;68
8276;33;623214716;8276;385;9301;9369;6.10;0.37;281.98;7.86;1025;34;3217.00;68
8277;33;623214731;8277;388;9305;9369;6.13;0.38;281.97;7.88;1028;34;3218.00;64
8277;33;623214746;8277;386;9306;9370;6.19;0.38;281.97;7.88;1029;34;3219.00;64
8282;33;623214760;8282;386;9307;9371;6.14;0.38;281.95;7.88;1025;34;3220.00;64
8286;33;623214775;8286;389;9308;9371;6.10;0.37;281.98;7.89;1022;34;3221.00;63
8292;33;623214789;8292;387;9311;9374;6.03;0.37;281.99;7.88;1019;34;3222.00;63
8295;33;623214805;8295;390;9313;9374;5.97;0.37;282.02;7.89;1018;34;3223.00;61
8299;33;623214820;8299;385;9313;9374;5.93;0.36;282.03;7.89;1014;34;3224.00;61
8302;33;623214835;8302;385;9313;9374;5.89;0.36;282.07;7.89;1011;34;3225.00;61
8305;33;623214848;8305;387;9320;9380;5.90;0.36;282.13;7.89;1015;34;3226.00;60
8311;33;623214864;8311;385;9320;9380;5.74;0.35;282.23;7.89;1009;34;3227.00;60
8313;33;623214876;8313;388;9322;9380;5.57;0.34;282.26;7.90;1009;34;3228.00;58
8317;33;623214890;8317;391;9322;9380;5.45;0.33;282.23;7.90;1005;34;3229.00;58
8320;33;623214903;8320;390;9326;9384;5.34;0.33;282.30;7.89;1006;34;3230.00;58
8326;33;623214918;8326;382;9328;9385;5.26;0.32;282.37;7.89;1002;34;3231.00;57
8330;33;623214931;8330;389;9328;9385;5.25;0.32;282.28;7.89;998;34;3232.00;57
8333;33;623214944;8333;389;9331;9386;5.24;0.32;282.26;7.89;998;34;3233.00;55
8338;33;623214958;8338;389;9331;9386;5.26;0.32;282.28;7.89;993;34;3234.00;55
8340;33;623214972;8340;391;9331;9386;5.34;0.33;282.38;7.89;991;34;3235.00;55
8343;33;623214987;8343;396;9332;9386;5.37;0.33;282.38;7.89;989;34;3236.00;54
8345;33;623215000;8345;392;9332;9386;5.45;0.34;282.42;7.89;987;34;3237.00;54
8348;33;623215014;8348;396;9332;9386;5.50;0.34;282.39;7.89;984;34;3238.00;54
8350;33;623215034;8350;394;9332;9386;5.52;0.34;282.43;7.89;982;34;3239.00;54
8355;33;623215057;8355;396;9392;9511;5.82;0.36;282.54;7.84;1037;34;3240.00;119
8358;33;623215082;8358;400;9397;9512;5.82;0.36;282.46;7.84;1039;34;3241.00;115
8362;33;623215097;8362;402;9407;9512;5.82;0.36;282.50;7.83;1045;34;3242.00;105
8367;33;623215111;8367;400;9409;9512;5.76;0.36;282.48;7.83;1042;34;3243.00;103
8370;33;623215127;8370;407;9417;9512;5.75;0.36;282.46;7.92;1047;34;3244.00;95
8375;33;623215144;8375;415;9418;9512;5.67;0.35;282.49;7.92;1043;34;3245.00;94
8379;33;623215160;8379;420;9423;9512;5.60;0.35;282.49;7.92;1044;34;3246.00;89
8383;33;623215173;8383;415;9427;9512;5.53;0.34;282.44;7.92;1044;34;3247.00;85
8388;33;623215192;8388;429;9432;9513;5.43;0.34;282.43;7.92;1044;34;3248.00;81
8391;33;623215208;8391;434;9434;9514;5.31;0.33;282.43;7.92;1043;34;3249.00;80
8397;33;623215224;8397;435;9436;9514;5.24;0.32;282.42;7.92;1039;34;3250.00;78
8398;33;623215238;8398;446;9440;9518;5.19;0.32;282.45;7.91;1042;34;3251.00;78
8400;33;623215259;8400;450;9442;9518;5.16;0.32;282.44;7.92;1042;34;3252.00;76
8401;33;623215274;8401;459;9442;9518;5.07;0.31;282.42;7.92;1041;34;3253.00;76
8405;33;623215290;8405;462;9444;9518;4.99;0.31;282.40;7.92;1039;34;3254.00;74
8408;33;623215304;8408;466;9448;9524;4.91;0.30;282.45;7.91;1040;34;3255.00;76
8410;33;623215319;8410;469;9449;9524;4.86;0.30;282.43;7.91;1039;34;3256.00;75
8413;33;623215332;8413;473;9449;9524;4.82;0.30;282.41;7.91;1036;34;3257.00;75
8416;33;623215345;8416;476;9451;9527;4.78;0.30;282.44;7.91;1035;34;3258.00;76
8419;33;623215358;8419;463;9452;9527;4.73;0.29;282.41;7.91;1033;34;3259.00;75
8423;33;623215372;8423;451;9453;9527;4.74;0.29;282.48;7.91;1030;34;3260.00;74
8429;33;623215391;8429;450;9453;9528;4.78;0.29;282.44;7.91;1024;34;3261.00;75
8433;33;623215406;8433;450;9454;9529;4.83;0.30;282.46;7.91;1021;34;3262.00;75
8436;33;623215425;8436;447;9454;9529;4.92;0.30;282.45;7.91;1018;34;3263.00;75
8441;33;623215443;8441;456;9464;9542;5.11;0.31;282.51;7.90;1023;34;3264.00;78
8444;33;623215457;8444;452;9466;9542;5.13;0.31;282.51;7.99;1022;34;3265.00;76
8449;33;623215479;8449;448;9466;9542;5.16;0.32;282.46;7.99;1017;34;3266.00;76
8453;33;623215492;8453;448;9467;9543;5.16;0.31;282.41;7.99;1014;34;3267.00;76
8455;33;623215505;8455;453;9467;9543;5.21;0.32;282.44;7.99;1012;34;3268.00;76
8459;33;623215525;8459;450;9471;9547;5.18;0.32;282.44;7.99;1012;34;3269.00;76
8459;33;623215540;8459;452;9471;9547;5.19;0.32;282.44;7.99;1012;34;3270.00;76
8464;33;623215552;8464;452;9474;9551;5.18;0.32;282.42;7.99;1010;34;3271.00;77
8464;33;623215569;8464;446;9474;9551;5.24;0.32;282.42;7.99;1010;34;3272.00;77
8467;33;623215582;8467;445;9474;9551;5.26;0.32;282.38;7.99;1007;34;3273.00;77
8467;33;623215601;8467;442;9474;9551;5.27;0.32;282.38;7.99;1007;34;3274.00;77
8468;33;623215613;8468;442;9474;9551;5.28;0.32;282.35;7.99;1006;34;3275.00;77
8471;33;623215626;8471;439;9484;9563;5.40;0.33;282.32;7.98;1013;34;3276.00;79
8472;33;623215638;8472;431;9484;9563;5.41;0.33;282.30;7.98;1012;34;3277.00;79
8472;33;623215651;8472;413;9485;9563;5.43;0.33;282.30;7.98;1013;34;3278.00;78
8472;33;623215662;8472;410;9485;9563;5.45;0.33;282.30;7.98;1013;34;3279.00;78
8473;33;623215673;8473;393;9485;9563;5.46;0.33;282.27;7.98;1012;34;3280.00;78
8476;33;623215692;8476;393;9485;9563;5.52;0.34;282.34;7.98;1009;34;3281.00;78
8478;33;623215706;8478;390;9485;9564;5.64;0.34;282.41;7.98;1007;34;3282.00;79
8480;33;623215719;8480;384;9485;9564;5.68;0.35;282.48;7.98;1005;34;3283.00;79
8480;33;623215733;8480;379;9490;9570;5.81;0.35;282.48;7.97;1010;34;3284.00;80
8483;33;623215747;8483;372;9492;9572;5.91;0.36;282.45;7.97;1009;34;3285.00;80
8485;33;623215761;8485;355;9492;9572;6.00;0.37;282.49;7.97;1007;34;3286.00;80
8491;33;623215782;8491;344;9492;9572;6.09;0.37;282.58;7.97;1001;34;3287.00;80
8492;33;623215809;8492;335;9495;9576;6.26;0.38;282.63;7.97;1003;34;3288.00;81
8495;33;623215821;8495;326;9495;9576;6.43;0.39;282.66;7.97;1000;34;3289.00;81
8495;33;623215835;8495;317;9495;9576;6.63;0.40;282.66;7.97;1000;34;3290.00;81
8496;33;623215849;8496;301;9496;9577;6.80;0.41;282.70;7.97;1000;34;3291.00;81
8500;33;623215873;8500;299;9500;9581;6.85;0.42;282.81;8.05;1000;34;3292.00;81
8501;33;623215889;8501;292;9500;9581;6.92;0.42;282.79;8.05;999;34;3293.00;81
8503;33;623215904;8503;280;9502;9584;6.99;0.42;282.84;8.05;999;34;3294.00;82
8505;33;623215919;8505;281;9502;9584;7.02;0.43;282.86;8.05;997;34;3295.00;82
8509;33;623215933;8509;279;9503;9584;7.11;0.43;282.92;8.05;994;34;3296.00;81
8512;33;623215947;8512;283;9503;9584;7.19;0.44;282.96;8.05;991;34;3297.00;81
8517;33;623215962;8517;275;9507;9588;7.32;0.44;282.99;8.05;990;34;3298.00;81
8518;33;623215979;8518;273;9507;9588;7.43;0.45;282.97;8.05;989;34;3299.00;81
8522;33;623215995;8522;275;9512;9607;7.45;0.45;283.12;8.04;990;34;3300.00;95
8525;33;623216017;8525;269;9512;9607;7.51;0.46;283.12;8.04;987;34;3301.00;95
8526;33;623216033;8526;264;9512;9608;7.58;0.46;283.10;8.04;986;34;3302.00;96
8526;33;623216053;8526;260;9513;9609;7.68;0.47;283.10;8.04;987;34;3303.00;96
8528;33;623216069;8528;256;9513;9609;7.73;0.47;283.18;8.04;985;34;3304.00;96
8530;33;623216091;8530;253;9514;9610;7.77;0.47;283.20;8.04;984;34;3305.00;96
8531;33;623216108;8531;251;9516;9610;7.84;0.48;283.22;8.04;985;34;3306.00;94
8536;33;623216123;8536;248;9516;9610;7.86;0.48;283.20;8.04;980;34;3307.00;94
8540;33;623216139;8540;244;9516;9610;7.92;0.48;283.26;8.04;976;34;3308.00;94
8541;33;623216154;8541;245;9516;9610;7.96;0.48;283.29;8.04;975;34;3309.00;94
8544;33;623216169;8544;239;9516;9610;7.99;0.48;283.37;8.04;972;34;3310.00;94
8545;33;623216184;8545;232;9517;9610;8.05;0.49;283.38;8.04;972;34;3311.00;93
8547;33;623216200;8547;257;9585;9737;8.06;0.49;283.37;7.99;1038;34;3312.00;152
8548;33;623216230;8548;244;9585;9738;8.10;0.50;283.44;7.99;1037;34;3313.00;153
8550;33;623216245;8550;241;9589;9738;8.19;0.50;283.52;7.98;1039;34;3314.00;149
8550;33;623216259;8550;238;9589;9738;8.26;0.51;283.52;7.98;1039;34;3315.00;149
8551;33;623216273;8551;239;9592;9738;8.31;0.51;283.52;7.98;1041;34;3316.00;146
8552;33;623216289;8552;241;9593;9738;8.36;0.51;283.52;7.98;1041;34;3317.00;145
8556;33;623216304;8556;241;9597;9738;8.40;0.51;283.53;7.98;1041;34;3318.00;141
8558;33;623216320;8558;236;9598;9738;8.45;0.52;283.53;7.98;1040;34;3319.00;140
8559;33;623216334;8559;242;9600;9739;8.47;0.52;283.52;7.98;1041;34;3320.00;139
8561;34;623216348;8561;244;9602;9740;8.49;0.52;283.53;7.99;1041;35;3321.00;138
8563;34;623216386;8563;246;9604;9740;8.47;0.52;283.52;7.99;1041;35;3322.00;136
8566;34;623216408;8566;243;9607;9741;8.50;0.52;283.64;7.99;1041;35;3323.00;134
8567;34;623216428;8567;253;9611;9741;8.51;0.52;283.66;7.99;1044;35;3324.00;130
8572;34;623216452;8572;253;9614;9741;8.48;0.52;283.73;7.99;1042;35;3325.00;127
8574;34;623216475;8574;259;9617;9741;8.44;0.51;283.82;7.99;1043;35;3326.00;124
8577;34;623216498;8577;264;9620;9745;8.41;0.51;283.89;8.00;1043;35;3327.00;125
8579;34;623216519;8579;271;9623;9745;8.39;0.51;283.94;8.00;1044;35;3328.00;122
8581;34;623216539;8581;271;9625;9745;8.35;0.51;283.92;8.00;1044;35;3329.00;120
8582;34;623216562;8582;268;9629;9751;8.32;0.51;283.94;8.00;1047;35;3330.00;122
8589;34;623216613;8589;264;9630;9751;8.23;0.50;284.00;8.00;1041;35;3331.00;121
8594;34;623216630;8594;257;9634;9751;8.15;0.50;283.97;8.01;1040;35;3332.00;117
8596;34;623216651;8596;251;9638;9755;8.10;0.49;283.99;8.01;1042;35;3333.00;117
8601;34;623216671;8601;249;9641;9756;8.09;0.49;284.03;8.01;1040;35;3334.00;115
8604;34;623216689;8604;249;9645;9756;8.11;0.49;284.09;8.01;1041;35;3335.00;111
8606;34;623216706;8606;254;9650;9760;8.12;0.49;284.17;8.02;1044;35;3336.00;110
8609;34;623216725;8609;247;9652;9760;8.13;0.50;284.19;8.02;1043;35;3337.00;108
8612;34;623216743;8612;247;9652;9760;8.18;0.50;284.17;8.02;1040;35;3338.00;108
8617;34;623216760;8617;248;9654;9761;8.15;0.50;284.23;8.02;1037;35;3339.00;107
8623;34;623216781;8623;251;9656;9761;8.14;0.50;284.22;8.03;1033;35;3340.00;105
8627;34;623216803;8627;252;9662;9767;8.12;0.49;284.26;8.03;1035;35;3341.00;105
8630;34;623216829;8630;249;9662;9767;8.06;0.49;284.32;8.03;1032;35;3342.00;105
8633;34;623216846;8633;245;9663;9768;8.04;0.49;284.33;8.03;1030;35;3343.00;105
8636;34;623216867;8636;247;9663;9768;8.02;0.49;284.31;8.03;1027;35;3344.00;105
8641;34;623216886;8641;242;9663;9768;7.96;0.48;284.35;8.03;1022;35;3345.00;105
8645;34;623216908;8645;247;9664;9768;7.94;0.48;284.38;8.03;1019;35;3346.00;104
8647;34;623216925;8647;251;9665;9768;7.95;0.48;284.34;8.03;1018;35;3347.00;103
8649;34;623216943;8649;255;9675;9780;7.96;0.48;284.39;8.02;1026;35;3348.00;105
8651;34;623216961;8651;256;9675;9780;7.93;0.48;284.47;8.02;1024;35;3349.00;105
8657;34;623216979;8657;259;9676;9780;7.84;0.47;284.64;8.02;1019;35;3350.00;104
8658;34;623217003;8658;257;9678;9780;7.76;0.47;284.62;8.03;1020;35;3351.00;102
8660;34;623217020;8660;264;9678;9780;7.72;0.47;284.67;8.03;1018;35;3352.00;102
8663;34;623217037;8663;265;9678;9780;7.66;0.46;284.74;8.03;1015;35;3353.00;102
8666;34;623217054;8666;273;9682;9784;7.65;0.46;284.78;8.03;1016;35;3354.00;102
8669;34;623217070;8669;272;9682;9784;7.63;0.46;284.88;8.03;1013;35;3355.00;102
8672;34;623217085;8672;277;9686;9788;7.58;0.46;284.89;8.03;1014;35;3356.00;102
8676;34;623217103;8676;282;9688;9789;7.57;0.46;285.00;8.03;1012;35;3357.00;101
8677;34;623217119;8677;293;9689;9789;7.51;0.46;284.99;8.03;1012;35;3358.00;100
8679;34;623217135;8679;292;9689;9789;7.49;0.45;285.12;8.03;1010;35;3359.00;100
8685;34;623217154;8685;309;9712;9818;7.42;0.45;285.23;8.04;1027;35;3360.00;106
8686;34;623217172;8686;307;9714;9818;7.41;0.45;285.22;8.04;1028;35;3361.00;104
8688;34;623217194;8688;314;9716;9818;7.41;0.45;285.31;8.03;1028;35;3362.00;102
8690;34;623217211;8690;321;9719;9819;7.42;0.45;285.35;8.06;1029;35;3363.00;100
8692;34;623217227;8692;326;9719;9820;7.37;0.45;285.38;8.06;1027;35;3364.00;101
8695;34;623217244;8695;335;9721;9820;7.27;0.44;285.40;8.08;1026;35;3365.00;99
8698;34;623217261;8698;327;9724;9823;7.24;0.44;285.44;8.09;1026;35;3366.00;99
8699;34;623217277;8699;338;9725;9823;7.19;0.44;285.49;8.10;1026;35;3367.00;98
8700;34;623217294;8700;344;9727;9823;7.22;0.44;285.55;8.11;1027;35;3368.00;96
8701;34;623217311;8701;344;9728;9823;7.16;0.44;285.55;8.12;1027;35;3369.00;95
8704;34;623217329;8704;350;9733;9829;7.13;0.43;285.71;8.11;1029;35;3370.00;96
8705;34;623217345;8705;358;9735;9829;7.03;0.43;285.68;8.13;1030;35;3371.00;94
8708;34;623217362;8708;361;9735;9829;6.92;0.42;285.69;8.13;1027;35;3372.00;94
8711;34;623217378;8711;365;9736;9829;6.80;0.42;285.82;8.14;1025;35;3373.00;93
8711;34;623217396;8711;370;9741;9833;6.64;0.41;285.82;8.16;1030;35;3374.00;92
8715;34;623217415;8715;382;9743;9835;6.46;0.40;285.87;8.15;1028;35;3375.00;92
8717;34;623217430;8717;395;9743;9835;6.35;0.39;285.90;8.15;1026;35;3376.00;92
8719;34;623217446;8719;403;9746;9836;6.22;0.38;285.93;8.17;1027;35;3377.00;90
8721;34;623217459;8721;404;9746;9836;6.10;0.38;285.92;8.17;1025;35;3378.00;90
8724;34;623217473;8724;412;9746;9836;6.00;0.37;285.86;8.17;1022;35;3379.00;90
8727;34;623217487;8727;404;9746;9836;5.90;0.36;285.81;8.17;1019;35;3380.00;90
8728;34;623217502;8728;409;9749;9836;5.82;0.36;285.86;8.19;1021;35;3381.00;87
8733;34;623217521;8733;412;9749;9836;5.70;0.35;285.83;8.19;1016;35;3382.00;87
8738;34;623217538;8738;408;9750;9836;5.62;0.34;285.78;8.20;1012;35;3383.00;86
8738;34;623217553;8738;414;9783;9906;5.80;0.36;285.78;8.17;1045;35;3384.00;123
8741;34;623217580;8741;415;9786;9907;5.75;0.35;285.74;8.17;1045;35;3385.00;121
8743;34;623217595;8743;407;9799;9907;5.77;0.35;285.73;8.19;1056;35;3386.00;108
8743;34;623217609;8743;410;9803;9907;5.74;0.35;285.73;8.19;1060;35;3387.00;104
8744;34;623217621;8744;415;9807;9907;5.65;0.35;285.70;8.20;1063;35;3388.00;100
8750;34;623217633;8750;420;9811;9907;5.60;0.34;285.65;8.20;1061;35;3389.00;96
8754;34;623217648;8754;423;9813;9907;5.55;0.34;285.57;8.21;1059;35;3390.00;94
8755;34;623217660;8755;427;9815;9907;5.51;0.34;285.54;8.21;1060;35;3391.00;92
8759;34;623217670;8759;426;9819;9908;5.43;0.33;285.49;8.21;1060;35;3392.00;89
8761;34;623217681;8761;429;9822;9909;5.36;0.33;285.45;8.21;1061;35;3393.00;87
8763;34;623217691;8763;432;9826;9909;5.26;0.32;285.42;8.22;1063;35;3394.00;83
8767;34;623217702;8767;443;9832;9913;5.16;0.32;285.40;8.22;1065;35;3395.00;81
8772;34;623217712;8772;449;9832;9913;5.06;0.31;285.41;8.22;1060;35;3396.00;81
8774;34;623217723;8774;457;9833;9913;4.97;0.31;285.38;8.22;1059;35;3397.00;80
8775;34;623217733;8775;462;9833;9913;4.87;0.30;285.39;8.22;1058;35;3398.00;80
8780;34;623217743;8780;468;9838;9919;4.78;0.29;285.31;8.22;1058;35;3399.00;81
8784;34;623217755;8784;467;9839;9919;4.64;0.29;285.33;8.22;1055;35;3400.00;80
8785;34;623217770;8785;464;9839;9919;4.61;0.28;285.32;8.22;1054;35;3401.00;80
8788;34;623217781;8788;463;9842;9922;4.58;0.28;285.34;8.23;1054;35;3402.00;80
8790;34;623217791;8790;460;9842;9922;4.54;0.28;285.34;8.23;1052;35;3403.00;80
8793;34;623217801;8793;461;9843;9922;4.50;0.28;285.35;8.23;1050;35;3404.00;79
8795;34;623217812;8795;459;9843;9923;4.46;0.27;285.38;8.23;1048;35;3405.00;80
8797;34;623217822;8797;463;9845;9924;4.45;0.27;285.37;8.23;1048;35;3406.00;79
8799;34;623217832;8799;463;9846;9924;4.46;0.27;285.36;8.24;1047;35;3407.00;78
8801;34;623217843;8801;459;9857;9937;4.57;0.28;285.36;8.23;1056;35;3408.00;80
8801;34;623217855;8801;458;9857;9937;4.63;0.28;285.36;8.23;1056;35;3409.00;80
8804;34;623217865;8804;458;9857;9937;4.63;0.28;285.36;8.23;1053;35;3410.00;80
8806;34;623217875;8806;447;9858;9938;4.70;0.29;285.32;8.23;1052;35;3411.00;80
8814;34;623217886;8814;440;9858;9938;4.72;0.29;285.30;8.23;1044;35;3412.00;80
8816;34;623217898;8816;432;9861;9942;4.84;0.30;285.33;8.23;1045;35;3413.00;81
8818;34;623217909;8818;426;9863;9942;4.93;0.30;285.30;8.23;1045;35;3414.00;79
8822;34;623217921;8822;423;9867;9946;5.07;0.31;285.30;8.22;1045;35;3415.00;79
8825;34;623217932;8825;420;9867;9946;5.19;0.32;285.27;8.22;1042;35;3416.00;79
8828;34;623217944;8828;419;9867;9946;5.26;0.32;285.25;8.22;1039;35;3417.00;79
8834;34;623217964;8834;419;9868;9946;5.32;0.32;285.29;8.22;1034;35;3418.00;78
8834;34;623217977;8834;414;9868;9946;5.38;0.33;285.29;8.22;1034;35;3419.00;78
8836;34;623217990;8836;413;9894;9980;5.60;0.34;285.32;8.20;1058;35;3420.00;86
8840;34;623218004;8840;415;9894;9980;5.65;0.35;285.31;8.20;1054;35;3421.00;86
8843;34;623218017;8843;416;9896;9980;5.72;0.35;285.25;8.20;1053;35;3422.00;84
8847;34;623218028;8847;417;9896;9980;5.70;0.35;285.30;8.20;1049;35;3423.00;84
8851;34;623218040;8851;419;9897;9980;5.72;0.35;285.29;8.20;1046;35;3424.00;83
8852;34;623218052;8852;424;9897;9980;5.71;0.35;285.31;8.20;1045;35;3425.00;83
8857;34;623218070;8857;428;9897;9981;5.70;0.35;285.27;8.20;1040;35;3426.00;84
8860;34;623218082;8860;425;9898;9981;5.62;0.34;285.33;8.30;1038;35;3427.00;83
8861;34;623218095;8861;420;9903;9987;5.63;0.34;285.35;8.30;1042;35;3428.00;84
8863;34;623218107;8863;425;9904;9988;5.60;0.34;285.38;8.29;1041;35;3429.00;84
8866;34;623218118;8866;428;9904;9988;5.59;0.34;285.35;8.29;1038;35;3430.00;84
8871;34;623218130;8871;439;9904;9988;5.57;0.34;285.29;8.29;1033;35;3431.00;84
8877;34;623218141;8877;437;9907;9992;5.57;0.34;285.32;8.29;1030;35;3432.00;85
8880;34;623218154;8880;432;9907;9992;5.56;0.34;285.43;8.29;1027;35;3433.00;85
8882;34;623218165;8882;440;9907;9992;5.54;0.34;285.44;8.29;1025;35;3434.00;85
8886;34;623218177;8886;436;9908;9993;5.53;0.34;285.40;8.29;1022;35;3435.00;85
8888;34;623218189;8888;432;9911;9997;5.53;0.34;285.40;8.29;1023;35;3436.00;86
8890;34;623218200;8890;431;9911;9997;5.49;0.33;285.38;8.29;1021;35;3437.00;86
8895;34;623218212;8895;430;9913;10000;5.48;0.33;285.40;8.29;1018;35;3438.00;87
8897;34;623218224;8897;423;9913;10000;5.47;0.33;285.42;8.29;1016;35;3439.00;87
8900;34;623218236;8900;421;9914;10000;5.44;0.33;285.50;8.29;1014;35;3440.00;86
8903;34;623218248;8903;422;9914;10000;5.44;0.33;285.55;8.29;1011;35;3441.00;86
8906;34;623218259;8906;415;9918;10004;5.53;0.34;285.56;8.28;1012;35;3442.00;86
8910;34;623218271;8910;415;9918;10004;5.54;0.34;285.59;8.28;1008;35;3443.00;86
8914;34;623218283;8914;413;9918;10004;5.53;0.34;285.67;8.28;1004;35;3444.00;86
8916;34;623218295;8916;411;9919;10004;5.58;0.34;285.66;8.38;1003;35;3445.00;85
8917;34;623218307;8917;413;9919;10005;5.60;0.34;285.69;8.38;1002;35;3446.00;86
8921;34;623218318;8921;396;9920;10006;5.64;0.34;285.72;8.38;999;35;3447.00;86
8922;34;623218331;8922;395;9920;10006;5.69;0.35;285.73;8.38;998;35;3448.00;86
8924;34;623218342;8924;384;9921;10007;5.74;0.35;285.81;8.37;997;35;3449.00;86
8927;34;623218356;8927;375;9921;10007;5.81;0.35;285.80;8.37;994;35;3450.00;86
8930;34;623218368;8930;365;9921;10007;5.87;0.36;285.89;8.37;991;35;3451.00;86
8932;34;623218380;8932;364;9921;10007;5.95;0.36;285.87;8.37;989;35;3452.00;86
8935;34;623218398;8935;366;9921;10007;5.99;0.36;285.93;8.37;986;35;3453.00;86
8939;34;623218420;8939;360;9921;10007;6.03;0.37;285.96;8.37;982;35;3454.00;86
8940;34;623218437;8940;356;9921;10007;6.13;0.37;285.98;8.37;981;35;3455.00;86
8942;35;623218464;8942;363;9992;10134;6.43;0.40;285.97;8.32;1050;36;3456.00;142
8943;35;623218521;8943;344;9994;10135;6.55;0.41;285.97;8.31;1051;36;3457.00;141
8946;35;623218536;8946;330;10002;10135;6.70;0.41;285.98;8.31;1056;36;3458.00;133
8948;35;623218550;8948;314;10005;10135;6.84;0.42;286.02;8.31;1057;36;3459.00;130
8950;35;623218564;8950;302;10011;10135;6.97;0.43;286.12;8.40;1061;36;3460.00;124
8954;35;623218584;8954;294;10013;10135;7.10;0.44;286.14;8.40;1059;36;3461.00;122
8958;35;623218599;8958;300;10016;10135;7.17;0.44;286.24;8.40;1058;36;3462.00;119
8959;35;623218614;8959;294;10018;10135;7.23;0.44;286.22;8.40;1059;36;3463.00;117
8961;35;623218642;8961;290;10020;10136;7.31;0.45;286.20;8.40;1059;36;3464.00;116
8962;35;623218658;8962;293;10027;10138;7.37;0.45;286.20;8.49;1065;36;3465.00;111
8964;35;623218672;8964;288;10030;10138;7.45;0.45;286.19;8.49;1066;37;3466.00;108
8967;35;623218698;8967;292;10031;10139;7.44;0.45;286.27;8.49;1064;37;3467.00;108
8970;35;623218713;8970;290;10033;10139;7.52;0.46;286.30;8.49;1063;37;3468.00;106
8974;35;623218729;8974;295;10034;10139;7.53;0.46;286.36;8.49;1060;37;3469.00;105
8975;35;623218744;8975;298;10036;10139;7.53;0.46;286.39;8.49;1061;37;3470.00;103
8980;35;623218766;8980;301;10043;10143;7.63;0.47;286.43;8.49;1063;37;3471.00;100
8980;35;623218782;8980;303;10043;10143;7.73;0.47;286.43;8.49;1063;37;3472.00;100
8984;35;623218797;8984;304;10044;10143;7.75;0.47;286.44;8.49;1060;37;3473.00;99
8986;36;623218812;8986;303;10045;10146;7.83;0.48;286.54;8.49;1059;38;3474.00;101
8989;36;623218844;8989;302;10046;10146;7.81;0.48;286.63;8.49;1057;38;3475.00;100
8993;36;623218864;8993;303;10047;10146;7.82;0.48;286.72;8.49;1054;38;3476.00;99
8995;36;623218880;8995;303;10051;10150;7.88;0.48;286.76;8.49;1056;38;3477.00;99
8995;36;623218895;8995;305;10052;10151;7.99;0.49;286.76;8.49;1057;38;3478.00;99
8998;36;623218909;8998;306;10054;10151;8.05;0.49;286.80;8.49;1056;38;3479.00;97
9000;36;623218926;9000;297;10057;10156;8.16;0.50;286.85;8.49;1057;38;3480.00;99
9005;36;623218942;9005;293;10058;10156;8.22;0.50;286.88;8.49;1053;38;3481.00;98
9007;36;623218957;9007;285;10059;10156;8.25;0.50;286.89;8.49;1052;38;3482.00;97
9013;36;623218972;9013;284;10060;10157;8.27;0.50;287.02;8.49;1047;38;3483.00;97
9015;36;623218993;9015;280;10060;10157;8.34;0.51;286.99;8.49;1045;38;3484.00;97
9018;36;623219008;9018;274;10065;10163;8.41;0.51;287.12;8.48;1047;38;3485.00;98
9018;36;623219023;9018;269;10065;10163;8.46;0.51;287.12;8.48;1047;38;3486.00;98
9021;36;623219037;9021;256;10065;10164;8.54;0.52;287.18;8.48;1044;38;3487.00;99
9024;36;623219052;9024;249;10065;10164;8.57;0.52;287.19;8.48;1041;38;3488.00;99
9026;36;623219068;9026;244;10065;10164;8.62;0.52;287.23;8.48;1039;38;3489.00;99
9027;36;623219082;9027;243;10065;10164;8.68;0.53;287.27;8.48;1038;38;3490.00;99
9029;36;623219097;9029;241;10065;10164;8.74;0.53;287.27;8.48;1036;38;3491.00;99
9030;36;623219111;9030;243;10075;10176;8.83;0.54;287.27;8.47;1045;38;3492.00;101
9035;36;623219127;9035;241;10075;10176;8.87;0.54;287.34;8.47;1040;38;3493.00;101
9039;36;623219141;9039;239;10076;10176;8.85;0.53;287.46;8.47;1037;38;3494.00;100
9041;36;623219156;9041;239;10076;10176;8.83;0.53;287.48;8.47;1035;38;3495.00;100
9043;36;623219170;9043;234;10076;10176;8.82;0.53;287.51;8.47;1033;38;3496.00;100
9047;36;623219185;9047;232;10076;10176;8.80;0.53;287.60;8.47;1029;38;3497.00;100
9051;36;623219199;9051;233;10079;10180;8.77;0.53;287.66;8.47;1028;38;3498.00;101
9055;36;623219213;9055;230;10079;10180;8.73;0.53;287.65;8.47;1024;38;3499.00;101
9060;36;623219228;9060;226;10083;10184;8.70;0.53;287.64;8.47;1023;38;3500.00;101
9062;36;623219247;9062;231;10084;10185;8.65;0.52;287.68;8.47;1022;38;3501.00;101
9064;36;623219263;9064;219;10084;10185;8.59;0.52;287.65;8.47;1020;38;3502.00;101
9069;36;623219278;9069;221;10084;10185;8.48;0.51;287.79;8.47;1015;38;3503.00;101
9073;36;623219292;9073;227;10095;10198;8.41;0.51;287.81;8.46;1022;38;3504.00;103
9073;36;623219307;9073;219;10096;10198;8.37;0.51;287.81;8.47;1023;38;3505.00;102
9077;36;623219323;9077;220;10097;10198;8.32;0.50;287.82;8.48;1020;38;3506.00;101
9082;36;623219336;9082;225;10098;10199;8.30;0.50;287.93;8.48;1016;38;3507.00;101
9087;36;623219350;9087;220;10098;10200;8.27;0.50;287.95;8.48;1011;38;3508.00;102
9092;36;623219363;9092;223;10098;10200;8.22;0.50;287.95;8.48;1006;38;3509.00;102
9093;36;623219378;9093;215;10102;10206;8.14;0.49;287.94;8.48;1009;38;3510.00;104
9097;36;623219395;9097;217;10103;10206;8.13;0.49;287.93;8.48;1006;38;3511.00;103
9102;36;623219408;9102;211;10105;10206;8.03;0.49;287.99;8.57;1003;38;3512.00;101
9104;36;623219422;9104;218;10105;10206;8.03;0.49;287.96;8.57;1001;38;3513.00;101
9109;36;623219435;9109;224;10110;10212;8.06;0.49;288.01;8.57;1001;38;3514.00;102
9112;36;623219449;9112;231;10110;10212;8.01;0.49;288.07;8.57;998;38;3515.00;102
9115;36;623219462;9115;230;10110;10212;7.98;0.48;288.05;8.57;995;38;3516.00;102
9118;36;623219474;9118;233;10110;10212;7.87;0.48;288.10;8.57;992;38;3517.00;102
9119;36;623219486;9119;243;10113;10216;7.81;0.47;288.11;8.57;994;38;3518.00;103
9122;36;623219498;9122;253;10116;10219;7.65;0.46;288.11;8.57;994;38;3519.00;103
9122;36;623219511;9122;254;10116;10219;7.58;0.46;288.11;8.57;994;38;3520.00;103
9125;36;623219524;9125;253;10117;10220;7.49;0.46;288.23;8.57;992;38;3521.00;103
9128;36;623219536;9128;257;10117;10220;7.46;0.45;288.29;8.57;989;38;3522.00;103
9131;36;623219548;9131;263;10117;10220;7.43;0.45;288.29;8.57;986;38;3523.00;103
9133;36;623219559;9133;266;10117;10220;7.44;0.45;288.41;8.57;984;38;3524.00;103
9137;36;623219571;9137;272;10117;10220;7.44;0.45;288.44;8.57;980;38;3525.00;103
9140;36;623219582;9140;280;10118;10220;7.42;0.45;288.56;8.58;978;38;3526.00;102
9144;36;623219594;9144;283;10118;10220;7.39;0.45;288.59;8.58;974;38;3527.00;102
9146;36;623219605;9146;297;10152;10290;7.53;0.46;288.74;8.55;1006;38;3528.00;138
9150;36;623219622;9150;304;10153;10291;7.49;0.46;288.75;8.56;1003;38;3529.00;138
9151;36;623219634;9151;307;10160;10291;7.52;0.46;288.74;8.56;1009;38;3530.00;131
9155;36;623219645;9155;313;10165;10291;7.47;0.46;288.73;8.57;1010;38;3531.00;126
9157;36;623219657;9157;329;10170;10291;7.46;0.46;288.70;8.57;1013;38;3532.00;121
9157;36;623219668;9157;329;10172;10291;7.42;0.46;288.70;8.57;1015;38;3533.00;119
9160;36;623219680;9160;333;10175;10291;7.32;0.45;288.70;8.59;1015;38;3534.00;116
9165;36;623219691;9165;334;10178;10291;7.23;0.44;288.67;8.60;1013;38;3535.00;113
9166;36;623219703;9166;336;10181;10292;7.17;0.44;288.64;8.61;1015;38;3536.00;111
9170;36;623219720;9170;344;10183;10293;7.08;0.44;288.61;8.61;1013;38;3537.00;110
9171;36;623219732;9171;341;10186;10293;7.03;0.43;288.59;8.63;1015;38;3538.00;107
9175;36;623219743;9175;348;10192;10297;6.97;0.43;288.55;8.63;1017;38;3539.00;105
9177;36;623219756;9177;350;10194;10297;6.93;0.43;288.56;8.63;1017;38;3540.00;103
9178;36;623219768;9178;356;10197;10297;6.84;0.42;288.53;8.65;1019;38;3541.00;100
9179;36;623219779;9179;364;10199;10297;6.81;0.42;288.51;8.66;1020;38;3542.00;98
9182;36;623219789;9182;370;10205;10303;6.80;0.42;288.49;8.66;1023;38;3543.00;98
9185;36;623219801;9185;371;10208;10303;6.71;0.41;288.45;8.67;1023;38;3544.00;95
9188;36;623219812;9188;382;10209;10303;6.62;0.41;288.40;8.67;1021;38;3545.00;94
9190;36;623219823;9190;386;10212;10306;6.56;0.40;288.38;8.67;1022;38;3546.00;94
9192;36;623219834;9192;388;10213;10306;6.43;0.40;288.34;8.68;1021;38;3547.00;93
9193;36;623219845;9193;392;10214;10306;6.31;0.39;288.32;8.68;1021;38;3548.00;92
9194;36;623219856;9194;397;10215;10307;6.20;0.38;288.30;8.69;1021;38;3549.00;92
9198;36;623219867;9198;401;10216;10308;6.11;0.38;288.23;8.69;1018;38;3550.00;92
9198;36;623219878;9198;404;10216;10308;6.03;0.37;288.23;8.69;1018;38;3551.00;92
9203;36;623219888;9203;403;10227;10321;5.97;0.37;288.16;8.69;1024;38;3552.00;94
9207;36;623219906;9207;405;10228;10321;5.90;0.36;288.18;8.70;1021;38;3553.00;93
9211;36;623219917;9211;407;10229;10321;5.82;0.36;288.17;8.70;1018;38;3554.00;92
9213;36;623219928;9213;404;10234;10323;5.82;0.36;288.21;8.73;1021;38;3555.00;89
9214;36;623219939;9214;411;10234;10323;5.75;0.35;288.19;8.73;1020;38;3556.00;89
9215;36;623219950;9215;417;10238;10327;5.72;0.35;288.17;8.72;1023;38;3557.00;89
9217;36;623219960;9217;421;10239;10327;5.69;0.35;288.15;8.73;1022;38;3558.00;88
9218;36;623219972;9218;415;10242;10331;5.64;0.34;288.12;8.73;1024;38;3559.00;89
9220;36;623219982;9220;421;10245;10331;5.58;0.34;288.13;8.76;1025;38;3560.00;86
9222;36;623219992;9222;421;10245;10331;5.45;0.33;288.17;8.76;1023;38;3561.00;86
9227;36;623220004;9227;422;10245;10331;5.27;0.32;288.16;8.76;1018;38;3562.00;86
9227;36;623220020;9227;417;10246;10331;5.20;0.32;288.16;8.77;1019;38;3563.00;85
9230;36;623220034;9230;405;10258;10343;5.20;0.32;288.12;8.77;1028;38;3564.00;85
9232;36;623220047;9232;403;10259;10343;5.15;0.31;288.12;8.78;1027;38;3565.00;84
9234;36;623220058;9234;408;10261;10343;5.15;0.31;288.14;8.78;1027;38;3566.00;82
9235;36;623220069;9235;399;10261;10343;5.13;0.31;288.15;8.78;1026;38;3567.00;82
9236;36;623220079;9236;399;10264;10343;5.12;0.31;288.13;8.80;1028;38;3568.00;79
9241;36;623220089;9241;398;10264;10343;5.07;0.31;288.15;8.80;1023;38;3569.00;79
9245;36;623220107;9245;392;10264;10344;5.04;0.31;288.13;8.80;1019;38;3570.00;80
9247;36;623220117;9247;387;10265;10344;5.01;0.31;288.16;8.80;1018;38;3571.00;79
9247;36;623220127;9247;385;10271;10350;5.10;0.31;288.16;8.80;1024;38;3572.00;79
9252;36;623220139;9252;381;10273;10351;5.11;0.31;288.15;8.80;1021;38;3573.00;78
9253;36;623220150;9253;384;10273;10351;5.18;0.32;288.15;8.80;1020;38;3574.00;78
9255;36;623220160;9255;381;10273;10351;5.24;0.32;288.16;8.80;1018;38;3575.00;78
9260;36;623220171;9260;378;10279;10355;5.33;0.33;288.21;8.81;1019;38;3576.00;76
9262;36;623220182;9262;377;10279;10355;5.37;0.33;288.23;8.81;1017;38;3577.00;76
9266;36;623220199;9266;367;10280;10355;5.42;0.33;288.22;8.81;1014;38;3578.00;75
9268;36;623220211;9268;360;10281;10356;5.52;0.34;288.25;8.81;1013;38;3579.00;75
9271;36;623220227;9271;357;10284;10360;5.58;0.34;288.26;8.81;1013;38;3580.00;76
9271;36;623220238;9271;344;10284;10360;5.65;0.34;288.26;8.81;1013;38;3581.00;76
9274;36;623220250;9274;344;10286;10363;5.70;0.35;288.28;8.81;1012;38;3582.00;77
9276;36;623220261;9276;336;10286;10363;5.71;0.35;288.27;8.81;1010;38;3583.00;77
9279;36;623220273;9279;331;10287;10363;5.71;0.35;288.31;8.81;1008;38;3584.00;76
9283;36;623220284;9283;325;10287;10363;5.68;0.35;288.30;8.81;1004;38;3585.00;76
9286;36;623220295;9286;331;10291;10367;5.75;0.35;288.37;8.80;1005;38;3586.00;76
9290;36;623220306;9290;332;10291;10367;5.78;0.35;288.43;8.80;1001;38;3587.00;76
9292;36;623220317;9292;326;10291;10367;5.84;0.36;288.46;8.80;999;38;3588.00;76
9294;36;623220328;9294;334;10291;10367;5.92;0.36;288.47;8.80;997;38;3589.00;76
9300;36;623220339;9300;332;10291;10368;5.92;0.36;288.53;8.80;991;38;3590.00;77
9302;36;623220350;9302;332;10292;10369;5.99;0.36;288.56;8.80;990;38;3591.00;77
9305;36;623220361;9305;336;10292;10369;6.05;0.37;288.58;8.80;987;38;3592.00;77
9310;36;623220373;9310;340;10293;10370;6.08;0.37;288.59;8.80;983;38;3593.00;77
9312;36;623220385;9312;336;10293;10370;6.12;0.37;288.60;8.80;981;38;3594.00;77
9317;36;623220400;9317;341;10293;10370;6.15;0.37;288.66;8.80;976;38;3595.00;77
9320;36;623220421;9320;345;10293;10370;6.21;0.38;288.61;8.80;973;38;3596.00;77
9324;36;623220438;9324;340;10293;10370;6.22;0.38;288.68;8.80;969;38;3597.00;77
9328;36;623220456;9328;337;10293;10370;6.23;0.38;288.74;8.80;965;38;3598.00;77
9330;36;623220473;9330;333;10293;10370;6.28;0.38;288.84;8.80;963;38;3599.00;77
9334;36;623220494;9334;368;10407;10623;6.59;0.41;288.91;8.71;1073;38;3600.00;216
9338;36;623220538;9338;362;10412;10624;6.61;0.41;289.04;8.70;1074;38;3601.00;212
9340;36;623220553;9340;349;10426;10624;6.68;0.42;289.05;8.69;1086;38;3602.00;198
9343;36;623220566;9343;344;10435;10624;6.67;0.42;289.14;8.69;1092;38;3603.00;189
9347;36;623220580;9347;356;10441;10624;6.68;0.42;289.20;8.68;1094;38;3604.00;183
9350;36;623220594;9350;346;10447;10624;6.63;0.41;289.32;8.79;1097;38;3605.00;177
9355;36;623220611;9355;346;10454;10624;6.61;0.41;289.32;8.78;1099;38;3606.00;170
9357;36;623220626;9357;348;10457;10624;6.58;0.41;289.37;8.78;1100;38;3607.00;167
9361;36;623220640;9361;340;10464;10625;6.51;0.40;289.38;8.78;1103;38;3608.00;161
9363;36;623220655;9363;342;10468;10626;6.50;0.40;289.41;8.78;1105;38;3609.00;158
9368;36;623220669;9368;344;10473;10626;6.50;0.40;289.45;8.78;1105;38;3610.00;153
9371;36;623220685;9371;354;10477;10627;6.43;0.40;289.43;8.78;1106;38;3611.00;150
9376;36;623220698;9376;358;10479;10627;6.39;0.40;289.44;8.79;1103;38;3612.00;148
9378;36;623220711;9378;364;10480;10627;6.32;0.39;289.48;8.79;1102;38;3613.00;147
9381;36;623220725;9381;374;10486;10627;6.28;0.39;289.47;8.79;1105;38;3614.00;141
9387;36;623220738;9387;379;10490;10631;6.22;0.39;289.53;8.79;1103;38;3615.00;141
9389;36;623220752;9389;395;10492;10631;6.20;0.38;289.53;8.79;1103;38;3616.00;139
9396;36;623220766;9396;390;10494;10631;6.11;0.38;289.50;8.79;1098;38;3617.00;137
9398;36;623220779;9398;382;10496;10634;6.16;0.38;289.59;8.79;1098;38;3618.00;138
9404;36;623220793;9404;382;10497;10634;6.18;0.38;289.70;8.79;1093;38;3619.00;137
9409;36;623220808;9409;370;10498;10634;6.21;0.38;289.75;8.79;1089;38;3620.00;136
9410;37;623220823;9410;371;10502;10638;6.33;0.39;289.76;8.79;1092;39;3621.00;136
9416;37;623220847;9416;371;10504;10639;6.35;0.39;289.79;8.79;1088;39;3622.00;135
9419;37;623220861;9419;372;10505;10639;6.44;0.40;289.78;8.79;1086;39;3623.00;134
9425;37;623220877;9425;378;10506;10643;6.46;0.40;289.79;8.79;1081;39;3624.00;137
9432;37;623220891;9432;380;10508;10643;6.47;0.40;289.89;8.79;1076;39;3625.00;135
9437;37;623220905;9437;371;10508;10643;6.56;0.40;290.02;8.79;1071;39;3626.00;135
9439;37;623220921;9439;357;10508;10644;6.67;0.41;290.06;8.79;1069;39;3627.00;136
9441;37;623220938;9441;358;10510;10644;6.75;0.41;290.06;8.79;1069;39;3628.00;134
9443;37;623220952;9443;346;10515;10650;6.84;0.42;290.09;8.79;1072;39;3629.00;135
9448;37;623220970;9448;346;10515;10650;6.92;0.42;290.15;8.79;1067;39;3630.00;135
9453;37;623220987;9453;338;10517;10651;6.98;0.43;290.19;8.79;1064;39;3631.00;134
9457;37;623221010;9457;326;10517;10651;7.05;0.43;290.32;8.79;1060;39;3632.00;134
9459;37;623221033;9459;317;10519;10651;7.12;0.43;290.33;8.80;1060;39;3633.00;132
9460;37;623221048;9460;316;10520;10651;7.17;0.44;290.32;8.80;1060;39;3634.00;131
9463;37;623221068;9463;317;10522;10651;7.24;0.44;290.38;8.81;1059;39;3635.00;129
9465;37;623221082;9465;315;10530;10663;7.34;0.45;290.40;8.80;1065;39;3636.00;133
9466;37;623221105;9466;317;10532;10663;7.42;0.45;290.44;8.80;1066;39;3637.00;131
9469;37;623221119;9469;313;10533;10663;7.50;0.46;290.46;8.80;1064;39;3638.00;130
9472;37;623221134;9472;306;10534;10663;7.53;0.46;290.49;8.80;1062;39;3639.00;129
9474;37;623221148;9474;302;10538;10663;7.58;0.46;290.61;8.81;1064;39;3640.00;125
9482;37;623221169;9482;296;10538;10663;7.62;0.46;290.66;8.81;1056;39;3641.00;125
9483;37;623221184;9483;299;10541;10667;7.67;0.47;290.66;8.80;1058;39;3642.00;126
9487;37;623221198;9487;300;10542;10667;7.69;0.47;290.81;8.80;1055;39;3643.00;125
9488;37;623221212;9488;294;10546;10671;7.75;0.47;290.83;8.80;1058;39;3644.00;125
9489;37;623221229;9489;297;10548;10673;7.83;0.48;290.83;8.80;1059;39;3645.00;125
9492;37;623221244;9492;296;10548;10673;7.89;0.48;290.81;8.80;1056;39;3646.00;125
9495;37;623221260;9495;294;10548;10673;7.98;0.49;290.81;8.80;1053;39;3647.00;125
9497;37;623221276;9497;294;10557;10686;8.08;0.49;290.80;8.79;1060;39;3648.00;129
9501;37;623221292;9501;291;10557;10686;8.14;0.50;290.91;8.79;1056;39;3649.00;129
9503;37;623221307;9503;283;10557;10686;8.23;0.50;290.87;8.79;1054;39;3650.00;129
9508;37;623221322;9508;284;10558;10687;8.29;0.51;290.93;8.79;1050;39;3651.00;129
9510;37;623221337;9510;276;10558;10688;8.37;0.51;291.00;8.79;1048;39;3652.00;130
9515;37;623221351;9515;276;10558;10688;8.38;0.51;291.05;8.79;1043;39;3653.00;130
9517;37;623221366;9517;279;10560;10691;8.41;0.51;291.05;8.79;1043;39;3654.00;131
9521;37;623221380;9521;275;10560;10691;8.34;0.51;291.04;8.79;1039;39;3655.00;131
9522;37;623221402;9522;276;10561;10691;8.33;0.51;291.11;8.79;1039;39;3656.00;130
9525;37;623221416;9525;275;10561;10691;8.30;0.50;291.12;8.79;1036;39;3657.00;130
9525;37;623221430;9525;274;10567;10697;8.32;0.50;291.12;8.89;1042;39;3658.00;130
9528;37;623221445;9528;272;10567;10697;8.33;0.51;291.17;8.89;1039;39;3659.00;130
9531;37;623221460;9531;273;10567;10697;8.30;0.50;291.17;8.89;1036;39;3660.00;130
9535;37;623221474;9535;274;10567;10697;8.24;0.50;291.19;8.89;1032;39;3661.00;130
9538;37;623221488;9538;270;10569;10701;8.18;0.50;291.21;8.89;1031;39;3662.00;132
9540;37;623221503;9540;274;10570;10702;8.18;0.50;291.18;8.89;1030;39;3663.00;132
9543;37;623221516;9543;272;10570;10702;8.12;0.49;291.38;8.89;1027;39;3664.00;132
9546;37;623221529;9546;279;10572;10703;8.09;0.49;291.45;8.89;1026;39;3665.00;131
9548;37;623221545;9548;283;10572;10703;8.09;0.49;291.50;8.89;1024;39;3666.00;131
9552;37;623221558;9552;288;10572;10703;8.01;0.49;291.51;8.89;1020;39;3667.00;131
9554;37;623221570;9554;287;10572;10703;7.98;0.48;291.61;8.89;1018;39;3668.00;131
9556;37;623221583;9556;292;10572;10703;7.94;0.48;291.57;8.89;1016;39;3669.00;131
9561;37;623221596;9561;297;10572;10703;7.90;0.48;291.58;8.89;1011;39;3670.00;131
9563;37;623221615;9563;298;10573;10703;7.83;0.48;291.66;8.90;1010;39;3671.00;130
9565;37;623221628;9565;301;10604;10773;7.78;0.47;291.67;8.87;1039;39;3672.00;169
9568;37;623221648;9568;299;10605;10774;7.72;0.47;291.83;8.87;1037;39;3673.00;169
9573;37;623221661;9573;292;10611;10774;7.65;0.47;291.86;8.97;1038;39;3674.00;163
9575;37;623221675;9575;291;10616;10774;7.56;0.46;291.91;8.99;1041;39;3675.00;158
9580;37;623221697;9580;289;10618;10774;7.53;0.46;291.86;8.99;1038;39;3676.00;156
9584;37;623221710;9584;293;10623;10774;7.48;0.45;291.82;9.00;1039;39;3677.00;151
9585;37;623221724;9585;290;10625;10774;7.50;0.46;291.80;9.00;1040;39;3678.00;149
9587;37;623221736;9587;293;10628;10774;7.50;0.46;291.83;9.00;1041;39;3679.00;146
9591;37;623221749;9591;295;10629;10775;7.49;0.45;291.91;9.00;1038;39;3680.00;146
9591;37;623221761;9591;279;10631;10776;7.49;0.46;291.91;9.00;1040;39;3681.00;145
9595;37;623221773;9595;281;10633;10776;7.49;0.46;291.94;9.00;1038;39;3682.00;143
9597;37;623221787;9597;279;10638;10780;7.48;0.46;291.90;8.99;1041;39;3683.00;142
9599;37;623221800;9599;273;10640;10780;7.47;0.46;291.89;8.99;1041;39;3684.00;140
9603;37;623221812;9603;280;10641;10780;7.42;0.45;291.85;8.99;1038;39;3685.00;139
9606;37;623221825;9606;285;10642;10780;7.34;0.45;291.80;8.99;1036;39;3686.00;138
9607;37;623221837;9607;293;10647;10786;7.36;0.45;291.87;9.00;1040;39;3687.00;139
9613;37;623221850;9613;292;10647;10786;7.30;0.44;291.88;9.00;1034;39;3688.00;139
9616;37;623221862;9616;294;10647;10786;7.22;0.44;291.88;9.00;1031;39;3689.00;139
9617;37;623221876;9617;300;10652;10792;7.20;0.44;291.87;9.00;1035;39;3690.00;140
9619;37;623221888;9619;308;10655;10792;7.17;0.44;291.84;9.00;1036;39;3691.00;137
9622;37;623221900;9622;314;10657;10792;7.09;0.43;291.83;9.01;1035;39;3692.00;135
9624;37;623221912;9624;322;10657;10793;7.03;0.43;291.79;9.01;1033;39;3693.00;136
9625;37;623221925;9625;322;10661;10794;7.00;0.42;291.87;9.02;1036;39;3694.00;133
9628;37;623221937;9628;329;10661;10794;6.93;0.42;291.82;9.02;1033;39;3695.00;133
9630;37;623221949;9630;335;10671;10807;6.92;0.42;291.79;9.02;1041;39;3696.00;136
9634;37;623221962;9634;335;10672;10807;6.89;0.42;291.72;9.02;1038;39;3697.00;135
9634;37;623221974;9634;341;10673;10807;6.87;0.42;291.72;9.03;1039;39;3698.00;134
9637;37;623221986;9637;348;10675;10808;6.84;0.41;291.67;9.04;1038;39;3699.00;133
9639;37;623221999;9639;352;10677;10808;6.78;0.41;291.63;9.06;1038;39;3700.00;131
9641;37;623222015;9641;351;10682;10812;6.75;0.41;291.58;9.06;1041;39;3701.00;130
9642;37;623222027;9642;354;10684;10812;6.67;0.40;291.56;9.08;1042;39;3702.00;128
9644;37;623222039;9644;361;10688;10816;6.63;0.40;291.55;9.09;1044;39;3703.00;128
9645;37;623222051;9645;371;10688;10816;6.61;0.40;291.62;9.09;1043;39;3704.00;128
9645;37;623222063;9645;378;10690;10816;6.49;0.40;291.62;9.11;1045;39;3705.00;126
9646;37;623222074;9646;387;10691;10816;6.44;0.39;291.61;9.12;1045;39;3706.00;125
9649;37;623222085;9649;388;10693;10816;6.33;0.39;291.53;9.14;1044;39;3707.00;123
9651;37;623222096;9651;390;10704;10828;6.29;0.39;291.49;9.14;1053;39;3708.00;124
9651;37;623222108;9651;396;10705;10828;6.25;0.38;291.49;9.14;1054;39;3709.00;123
9655;37;623222119;9655;404;10707;10828;6.17;0.38;291.43;9.16;1052;39;3710.00;121
9659;37;623222131;9659;418;10711;10828;6.09;0.37;291.43;9.19;1052;39;3711.00;117
9660;37;623222142;9660;419;10713;10828;6.03;0.37;291.42;9.20;1053;39;3712.00;115
9662;37;623222153;9662;425;10714;10828;5.91;0.36;291.39;9.21;1052;39;3713.00;114
9662;37;623222164;9662;432;10715;10829;5.80;0.36;291.39;9.22;1053;39;3714.00;114
9665;37;623222174;9665;426;10716;10829;5.71;0.35;291.34;9.23;1051;39;3715.00;113
9666;37;623222191;9666;425;10723;10835;5.72;0.35;291.38;9.24;1057;39;3716.00;112
9667;37;623222203;9667;423;10726;10836;5.68;0.35;291.36;9.24;1059;39;3717.00;110
9670;37;623222214;9670;421;10726;10836;5.65;0.35;291.39;9.24;1056;39;3718.00;110
9670;37;623222226;9670;411;10726;10836;5.64;0.35;291.39;9.24;1056;39;3719.00;110
9670;37;623222240;9670;404;10732;10841;5.64;0.35;291.39;9.26;1062;39;3720.00;109
9672;37;623222252;9672;401;10734;10841;5.60;0.34;291.36;9.28;1062;39;3721.00;107
9674;37;623222269;9674;395;10736;10841;5.58;0.34;291.37;9.29;1062;39;3722.00;105
9677;37;623222281;9677;393;10737;10842;5.59;0.34;291.36;9.29;1060;39;3723.00;105
9679;37;623222292;9679;384;10741;10846;5.59;0.34;291.34;9.29;1062;39;3724.00;105
9682;37;623222304;9682;383;10743;10846;5.64;0.35;291.26;9.30;1061;39;3725.00;103
9685;37;623222316;9685;382;10745;10849;5.70;0.35;291.24;9.30;1060;39;3726.00;104
9689;37;623222328;9689;377;10747;10849;5.74;0.35;291.26;9.31;1058;39;3727.00;102
9692;37;623222339;9692;377;10749;10849;5.78;0.35;291.23;9.32;1057;39;3728.00;100
9693;37;623222351;9693;377;10749;10849;5.84;0.36;291.23;9.32;1056;39;3729.00;100
9693;37;623222362;9693;378;10753;10853;5.98;0.36;291.23;9.32;1060;39;3730.00;100
9697;37;623222373;9697;378;10754;10853;5.98;0.36;291.16;9.32;1057;39;3731.00;99
9697;37;623222385;9697;376;10754;10853;6.00;0.36;291.16;9.32;1057;39;3732.00;99
9698;37;623222400;9698;382;10754;10853;5.95;0.36;291.15;9.32;1056;39;3733.00;99
9699;37;623222418;9699;378;10755;10854;5.88;0.36;291.15;9.33;1056;39;3734.00;99
9701;37;623222435;9701;372;10758;10856;5.81;0.35;291.12;9.34;1057;39;3735.00;98
9704;37;623222455;9704;372;10759;10856;5.75;0.35;291.15;9.34;1055;39;3736.00;97
9707;37;623222473;9707;373;10761;10857;5.67;0.35;291.13;9.35;1054;39;3737.00;96
9711;37;623222490;9711;372;10761;10857;5.60;0.34;291.24;9.35;1050;39;3738.00;96
9715;37;623222505;9715;374;10762;10857;5.51;0.34;291.25;9.35;1047;39;3739.00;95
9717;37;623222519;9717;373;10763;10857;5.47;0.33;291.24;9.36;1046;39;3740.00;94
9722;37;623222531;9722;360;10765;10857;5.46;0.33;291.26;9.37;1043;39;3741.00;92
9726;37;623222543;9726;355;10765;10857;5.45;0.33;291.30;9.37;1039;39;3742.00;92
9730;37;623222555;9730;353;10765;10857;5.47;0.33;291.36;9.37;1035;39;3743.00;92
9733;37;623222567;9733;359;10827;10984;5.84;0.36;291.47;9.32;1094;39;3744.00;157
9735;37;623222590;9735;357;10831;10985;5.86;0.36;291.46;9.32;1096;39;3745.00;154
9737;37;623222602;9737;358;10841;10985;5.94;0.37;291.48;9.31;1104;39;3746.00;144
9741;37;623222615;9741;355;10846;10985;5.97;0.37;291.51;9.31;1105;39;3747.00;139
9745;37;623222627;9745;355;10853;10985;5.99;0.37;291.61;9.31;1108;39;3748.00;132
9748;37;623222639;9748;350;10856;10985;5.95;0.37;291.71;9.31;1108;39;3749.00;129
9751;37;623222653;9751;352;10860;10990;5.94;0.37;291.73;9.31;1109;39;3750.00;130
9754;38;623222667;9754;350;10863;10990;5.93;0.37;291.85;9.30;1109;40;3751.00;127
9757;38;623222696;9757;350;10865;10991;5.96;0.37;291.82;9.30;1108;40;3752.00;126
9760;38;623222710;9760;354;10869;10992;5.99;0.37;291.89;9.30;1109;40;3753.00;123
9764;38;623222723;9764;357;10873;10992;5.97;0.37;291.96;9.30;1109;40;3754.00;119
9767;38;623222737;9767;359;10875;10993;6.06;0.37;291.92;9.30;1108;40;3755.00;118
9771;38;623222761;9771;358;10878;10993;6.06;0.37;291.98;9.30;1107;40;3756.00;115
9774;38;623222776;9774;362;10882;10993;6.10;0.38;292.03;9.31;1108;40;3757.00;111
9779;38;623222791;9779;359;10884;10993;6.14;0.38;292.10;9.31;1105;40;3758.00;109
9784;38;623222806;9784;368;10888;10997;6.18;0.38;292.16;9.30;1104;40;3759.00;109
9787;38;623222821;9787;365;10889;10997;6.25;0.38;292.16;9.30;1102;40;3760.00;108
9789;38;623222835;9789;360;10890;10997;6.33;0.39;292.25;9.30;1101;40;3761.00;107
9795;38;623222849;9795;364;10892;11000;6.32;0.39;292.31;9.30;1097;40;3762.00;108
9797;38;623222863;9797;361;10893;11000;6.37;0.39;292.36;9.30;1096;40;3763.00;107
9800;38;623222877;9800;365;10893;11000;6.38;0.39;292.43;9.30;1093;40;3764.00;107
9805;38;623222891;9805;362;10896;11004;6.42;0.39;292.51;9.30;1091;40;3765.00;108
9810;38;623222904;9810;361;10898;11005;6.44;0.39;292.68;9.30;1088;40;3766.00;107
9812;38;623222919;9812;365;10900;11005;6.45;0.40;292.75;9.30;1088;40;3767.00;105
9818;38;623222933;9818;367;10902;11009;6.45;0.39;292.77;9.30;1084;40;3768.00;107
9819;38;623222948;9819;363;10905;11009;6.46;0.39;292.77;9.30;1086;40;3769.00;104
9823;38;623222960;9823;366;10905;11009;6.39;0.39;292.75;9.30;1082;40;3770.00;104
9825;38;623222975;9825;364;10906;11010;6.38;0.39;292.76;9.30;1081;40;3771.00;104
9829;38;623222988;9829;374;10906;11010;6.34;0.39;292.80;9.30;1077;40;3772.00;104
9832;38;623223001;9832;381;10911;11016;6.34;0.39;292.85;9.30;1079;40;3773.00;105
9835;38;623223015;9835;387;10911;11016;6.32;0.39;292.82;9.30;1076;40;3774.00;105
9841;38;623223029;9841;381;10911;11017;6.29;0.38;292.89;9.30;1070;40;3775.00;106
9848;38;623223042;9848;380;10911;11017;6.31;0.38;292.93;9.30;1063;40;3776.00;106
9850;38;623223055;9850;385;10911;11017;6.33;0.39;292.99;9.30;1061;40;3777.00;106
9852;38;623223068;9852;382;10911;11017;6.36;0.39;292.99;9.30;1059;40;3778.00;106
9854;38;623223081;9854;384;10911;11017;6.36;0.39;293.02;9.30;1057;40;3779.00;106
9857;38;623223096;9857;382;10934;11053;6.48;0.40;293.03;9.28;1077;40;3780.00;119
9861;38;623223111;9861;382;10937;11053;6.40;0.39;293.03;9.28;1076;40;3781.00;116
9862;38;623223135;9862;377;10940;11053;6.41;0.39;293.09;9.28;1078;40;3782.00;113
9864;38;623223149;9864;378;10940;11053;6.33;0.39;293.11;9.28;1076;40;3783.00;113
9868;38;623223169;9868;378;10941;11053;6.24;0.38;293.25;9.28;1073;40;3784.00;112
9871;38;623223183;9871;391;10943;11053;6.19;0.38;293.27;9.28;1072;40;3785.00;110
9872;38;623223197;9872;390;10947;11057;6.14;0.38;293.26;9.39;1075;40;3786.00;110
9875;38;623223212;9875;380;10947;11057;6.14;0.38;293.29;9.39;1072;40;3787.00;110
9878;38;623223227;9878;372;10952;11061;6.12;0.38;293.36;9.39;1074;40;3788.00;109
9880;38;623223241;9880;370;10953;11062;6.13;0.38;293.40;9.39;1073;40;3789.00;109
9883;38;623223255;9883;365;10953;11062;6.16;0.38;293.41;9.39;1070;40;3790.00;109
9884;38;623223269;9884;365;10953;11062;6.19;0.38;293.45;9.39;1069;40;3791.00;109
9887;38;623223282;9887;360;10963;11075;6.34;0.39;293.46;9.38;1076;40;3792.00;112
9892;38;623223297;9892;354;10964;11075;6.35;0.39;293.51;9.38;1072;40;3793.00;111
9895;38;623223310;9895;351;10964;11075;6.37;0.39;293.56;9.38;1069;40;3794.00;111
9900;38;623223324;9900;358;10965;11076;6.37;0.39;293.54;9.38;1065;40;3795.00;111
9903;38;623223348;9903;351;10965;11077;6.41;0.39;293.60;9.38;1062;40;3796.00;112
9906;38;623223362;9906;346;10965;11077;6.46;0.40;293.65;9.38;1059;40;3797.00;112
9911;38;623223377;9911;344;10967;11080;6.52;0.40;293.66;9.38;1056;40;3798.00;113
9914;38;623223396;9914;332;10967;11080;6.51;0.40;293.69;9.38;1053;40;3799.00;113
9917;38;623223424;9917;326;10968;11080;6.52;0.40;293.72;9.37;1051;40;3800.00;112
9919;38;623223443;9919;326;10969;11080;6.48;0.40;293.75;9.49;1050;40;3801.00;111
9921;38;623223462;9921;321;10974;11086;6.51;0.40;293.81;9.49;1053;40;3802.00;112
9924;38;623223476;9924;308;10974;11086;6.55;0.40;293.85;9.49;1050;40;3803.00;112
9929;38;623223489;9929;315;10974;11086;6.58;0.40;293.90;9.49;1045;40;3804.00;112
9931;38;623223503;9931;312;10974;11086;6.59;0.40;293.89;9.49;1043;40;3805.00;112
9937;38;623223516;9937;307;10977;11090;6.58;0.40;293.92;9.48;1040;40;3806.00;113
9940;38;623223529;9940;316;10978;11091;6.59;0.40;293.99;9.48;1038;40;3807.00;113
9942;38;623223542;9942;318;10978;11091;6.58;0.40;293.96;9.48;1036;40;3808.00;113
9944;38;623223555;9944;306;10979;11092;6.59;0.40;294.02;9.48;1035;40;3809.00;113
9944;38;623223570;9944;305;10979;11092;6.64;0.41;294.02;9.48;1035;40;3810.00;113
9949;38;623223583;9949;301;10979;11092;6.62;0.40;294.09;9.48;1030;40;3811.00;113
9952;38;623223596;9952;291;10979;11092;6.68;0.41;294.06;9.48;1027;40;3812.00;113
9956;38;623223609;9956;286;10979;11092;6.72;0.41;294.06;9.48;1023;40;3813.00;113
9960;38;623223621;9960;284;10979;11092;6.77;0.41;294.12;9.48;1019;40;3814.00;113
9961;38;623223634;9961;284;10979;11092;6.87;0.42;294.10;9.48;1018;40;3815.00;113
9965;38;623223647;9965;293;11015;11162;6.92;0.42;294.19;9.45;1050;40;3816.00;147
9970;38;623223666;9970;283;11016;11163;7.02;0.43;294.20;9.45;1046;40;3817.00;147
9972;38;623223679;9972;287;11022;11163;7.15;0.44;294.20;9.45;1050;40;3818.00;141
9975;38;623223692;9975;284;11024;11163;7.24;0.44;294.20;9.45;1049;40;3819.00;139
9979;38;623223705;9979;291;11026;11163;7.29;0.44;294.19;9.44;1047;40;3820.00;137
9982;38;623223718;9982;295;11031;11163;7.37;0.45;294.20;9.44;1049;40;3821.00;132
9985;38;623223731;9985;297;11033;11163;7.42;0.45;294.23;9.44;1048;40;3822.00;130
9988;38;623223743;9988;297;11035;11163;7.43;0.45;294.28;9.44;1047;40;3823.00;128
9991;38;623223756;9991;303;11036;11164;7.43;0.45;294.31;9.44;1045;40;3824.00;128
9993;38;623223768;9993;297;11039;11166;7.44;0.45;294.34;9.44;1046;40;3825.00;127
9997;38;623223781;9997;299;11041;11166;7.44;0.45;294.34;9.44;1044;40;3826.00;125
10000;38;623223794;10000;303;11046;11170;7.46;0.45;294.45;9.44;1046;40;3827.00;124
10004;38;623223807;10004;301;11048;11170;7.49;0.45;294.56;9.44;1044;40;3828.00;122
10005;38;623223819;10005;307;11049;11170;7.50;0.45;294.55;9.44;1044;40;3829.00;121
10009;38;623223832;10009;307;11050;11170;7.45;0.45;294.61;9.44;1041;40;3830.00;120
10010;38;623223846;10010;311;11054;11176;7.51;0.46;294.61;9.44;1044;40;3831.00;122
10013;38;623223859;10013;312;11054;11176;7.51;0.46;294.69;9.44;1041;40;3832.00;122
10015;38;623223872;10015;317;11054;11176;7.51;0.46;294.69;9.44;1039;40;3833.00;122
10017;38;623223885;10017;313;11056;11179;7.54;0.46;294.72;9.43;1039;40;3834.00;123
10021;38;623223898;10021;319;11056;11179;7.50;0.46;294.83;9.43;1035;40;3835.00;123
10023;38;623223910;10023;317;11057;11179;7.46;0.45;294.90;9.43;1034;40;3836.00;122
10028;38;623223922;10028;318;11057;11180;7.33;0.44;294.92;9.43;1029;40;3837.00;123
10031;38;623223935;10031;317;11058;11181;7.22;0.44;294.96;9.43;1027;40;3838.00;123
10033;38;623223947;10033;316;11058;11181;7.11;0.43;295.01;9.43;1025;40;3839.00;123
10036;38;623223960;10036;316;11076;11207;7.08;0.43;295.04;9.54;1040;40;3840.00;131
10042;38;623223975;10042;316;11076;11207;7.02;0.43;294.98;9.54;1034;40;3841.00;131
10043;38;623223987;10043;308;11078;11207;7.03;0.43;294.96;9.53;1035;40;3842.00;129
10044;38;623224000;10044;303;11080;11208;7.08;0.43;294.96;9.53;1036;40;3843.00;128
10047;38;623224012;10047;303;11081;11208;7.04;0.43;294.96;9.55;1034;40;3844.00;127
10053;38;623224025;10053;311;11085;11212;7.04;0.43;294.97;9.56;1032;40;3845.00;127
10055;38;623224038;10055;312;11086;11214;7.02;0.43;294.94;9.55;1031;40;3846.00;128
10059;38;623224051;10059;316;11090;11218;7.03;0.43;294.93;9.55;1031;40;3847.00;128
10063;38;623224064;10063;306;11090;11218;7.01;0.43;294.92;9.55;1027;40;3848.00;128
10069;38;623224075;10069;308;11090;11218;6.97;0.42;294.87;9.55;1021;40;3849.00;128
10069;38;623224087;10069;306;11090;11218;7.01;0.43;294.87;9.55;1021;40;3850.00;128
10072;38;623224098;10072;312;11090;11218;6.95;0.42;294.91;9.55;1018;40;3851.00;128
10075;38;623224109;10075;311;11100;11230;6.93;0.42;294.86;9.54;1025;40;3852.00;130
10079;38;623224121;10079;317;11101;11230;6.92;0.42;294.83;9.54;1022;40;3853.00;129
10083;38;623224133;10083;322;11101;11230;6.89;0.42;294.80;9.54;1018;40;3854.00;129
10084;38;623224144;10084;327;11102;11230;6.86;0.42;294.77;9.66;1018;40;3855.00;128
10086;38;623224156;10086;327;11102;11230;6.81;0.42;294.73;9.66;1016;40;3856.00;128
10087;38;623224167;10087;334;11103;11230;6.83;0.42;294.73;9.66;1016;40;3857.00;127
10091;38;623224177;10091;335;11104;11231;6.78;0.41;294.75;9.78;1013;40;3858.00;127
10091;38;623224189;10091;340;11106;11231;6.79;0.41;294.75;9.79;1015;40;3859.00;125
10094;38;623224199;10094;346;11110;11237;6.82;0.42;294.70;9.79;1016;40;3860.00;127
10095;38;623224217;10095;347;11112;11238;6.75;0.41;294.69;9.79;1017;40;3861.00;126
10097;38;623224228;10097;345;11113;11238;6.66;0.41;294.67;9.79;1016;40;3862.00;125
10098;38;623224239;10098;353;11113;11238;6.56;0.40;294.66;9.79;1015;40;3863.00;125
10099;38;623224251;10099;363;11118;11242;6.48;0.40;294.65;9.79;1019;40;3864.00;124
10101;38;623224262;10101;367;11118;11242;6.39;0.39;294.61;9.79;1017;40;3865.00;124
10101;38;623224273;10101;374;11119;11242;6.30;0.39;294.61;9.80;1018;40;3866.00;123
10103;38;623224284;10103;362;11120;11243;6.28;0.38;294.60;9.80;1017;40;3867.00;123
10106;38;623224295;10106;360;11123;11247;6.28;0.38;294.58;9.80;1017;40;3868.00;124
10107;38;623224307;10107;352;11123;11247;6.25;0.38;294.56;9.80;1016;40;3869.00;124
10109;38;623224320;10109;356;11128;11253;6.30;0.38;294.57;9.80;1019;40;3870.00;125
10114;38;623224332;10114;351;11130;11253;6.25;0.38;294.54;9.81;1016;40;3871.00;123
10116;38;623224344;10116;358;11131;11253;6.22;0.38;294.52;9.81;1015;40;3872.00;122
10116;39;623224356;10116;355;11133;11253;6.19;0.38;294.52;9.83;1017;41;3873.00;120
10118;39;623224378;10118;366;11137;11257;6.20;0.38;294.50;9.83;1019;41;3874.00;120
10118;39;623224389;10118;370;11139;11257;6.21;0.38;294.50;9.86;1021;41;3875.00;118
10120;39;623224406;10120;369;11139;11257;6.17;0.38;294.50;9.86;1019;41;3876.00;118
10120;39;623224444;10120;364;11139;11257;6.16;0.38;294.50;9.86;1019;41;3877.00;118
10121;39;623224461;10121;364;11140;11258;6.15;0.38;294.50;9.87;1019;41;3878.00;118
10121;39;623224481;10121;370;11143;11259;6.14;0.38;294.50;9.89;1022;41;3879.00;116
10125;39;623224499;10125;368;11143;11259;6.08;0.37;294.49;9.89;1018;41;3880.00;116
10126;39;623224516;10126;371;11145;11260;6.04;0.37;294.47;9.90;1019;41;3881.00;115
10127;39;623224529;10127;374;11146;11260;6.02;0.37;294.46;9.91;1019;41;3882.00;114
10127;39;623224541;10127;371;11147;11260;6.00;0.37;294.46;9.92;1020;41;3883.00;113
10127;39;623224553;10127;381;11148;11260;5.99;0.37;294.46;9.93;1021;41;3884.00;112
10128;39;623224564;10128;383;11150;11260;5.95;0.37;294.45;9.95;1022;41;3885.00;110
10129;39;623224576;10129;386;11152;11260;5.89;0.36;294.45;9.97;1023;41;3886.00;108
10131;39;623224588;10131;394;11152;11260;5.91;0.36;294.45;9.97;1021;41;3887.00;108
10133;39;623224599;10133;413;11210;11387;6.14;0.38;294.48;9.92;1077;41;3888.00;177
10134;39;623224621;10134;403;11213;11388;6.09;0.38;294.48;9.94;1079;41;3889.00;175
10136;39;623224633;10136;397;11224;11388;6.10;0.38;294.53;9.93;1088;41;3890.00;164
10143;39;623224646;10143;396;11232;11388;5.99;0.37;294.65;9.94;1089;41;3891.00;156
10146;39;623224657;10146;391;11238;11388;5.95;0.37;294.68;9.94;1092;41;3892.00;150
10150;39;623224670;10150;394;11244;11388;5.85;0.36;294.63;9.95;1094;41;3893.00;144
10152;39;623224683;10152;396;11245;11388;5.81;0.36;294.71;9.95;1093;41;3894.00;143
10155;39;623224695;10155;404;11248;11388;5.79;0.36;294.73;9.95;1093;41;3895.00;140
10158;39;623224708;10158;406;11253;11389;5.74;0.35;294.76;9.97;1095;41;3896.00;136
10160;39;623224721;10160;406;11256;11390;5.75;0.35;294.88;9.96;1096;41;3897.00;134
10160;39;623224733;10160;412;11261;11390;5.75;0.35;294.88;9.96;1101;41;3898.00;129
10160;39;623224746;10160;416;11266;11391;5.72;0.35;294.88;9.98;1106;41;3899.00;125
10162;39;623224761;10162;431;11274;11406;5.63;0.35;294.84;9.97;1112;41;3900.00;132
10164;39;623224780;10164;421;11275;11406;5.61;0.34;294.80;9.97;1111;41;3901.00;131
10169;39;623224793;10169;424;11280;11406;5.50;0.34;294.78;9.99;1111;41;3902.00;126
10174;39;623224806;10174;434;11283;11410;5.43;0.33;294.91;9.99;1109;41;3903.00;127
10176;39;623224819;10176;429;11286;11410;5.45;0.33;294.86;10.00;1110;41;3904.00;124
10179;39;623224831;10179;432;11287;11410;5.42;0.33;294.89;10.00;1108;41;3905.00;123
10182;39;623224844;10182;444;11291;11413;5.39;0.33;294.98;10.00;1109;41;3906.00;122
10184;39;623224857;10184;448;11293;11413;5.38;0.33;295.00;10.01;1109;41;3907.00;120
10188;39;623224869;10188;460;11294;11413;5.36;0.33;295.10;10.01;1106;41;3908.00;119
10192;39;623224881;10192;460;11299;11417;5.33;0.33;295.12;10.01;1107;41;3909.00;118
10197;39;623224894;10197;453;11301;11418;5.36;0.33;295.21;10.01;1104;41;3910.00;117
10200;39;623224907;10200;463;11303;11418;5.34;0.33;295.27;10.01;1103;41;3911.00;115
10207;39;623224919;10207;459;11309;11422;5.35;0.33;295.29;10.02;1102;41;3912.00;113
10212;39;623224933;10212;460;11309;11422;5.38;0.33;295.34;10.02;1097;41;3913.00;113
10214;39;623224955;10214;455;11313;11422;5.41;0.33;295.34;10.03;1099;41;3914.00;109
10219;39;623224969;10219;450;11314;11424;5.41;0.33;295.46;10.03;1095;41;3915.00;110
10220;39;623224983;10220;441;11315;11424;5.46;0.33;295.48;10.02;1095;41;3916.00;109
10223;39;623224996;10223;438;11323;11430;5.52;0.34;295.60;10.03;1100;41;3917.00;107
10226;39;623225010;10226;432;11323;11430;5.59;0.34;295.60;10.03;1097;41;3918.00;107
10229;39;623225023;10229;427;11323;11431;5.64;0.34;295.66;10.03;1094;41;3919.00;108
10231;39;623225036;10231;427;11324;11431;5.69;0.35;295.68;10.03;1093;41;3920.00;107
10233;39;623225049;10233;422;11324;11431;5.75;0.35;295.71;10.03;1091;41;3921.00;107
10235;39;623225063;10235;420;11324;11431;5.79;0.35;295.70;10.03;1089;41;3922.00;107
10240;39;623225075;10240;420;11326;11431;5.81;0.35;295.73;10.03;1086;41;3923.00;105
10244;39;623225089;10244;416;11334;11443;5.93;0.36;295.75;10.15;1090;41;3924.00;109
10246;39;623225104;10246;417;11336;11443;6.02;0.37;295.74;10.15;1090;41;3925.00;107
10249;39;623225117;10249;410;11337;11443;6.10;0.37;295.85;10.15;1088;41;3926.00;106
10252;39;623225131;10252;407;11337;11443;6.13;0.37;295.97;10.15;1085;41;3927.00;106
10253;39;623225144;10253;405;11337;11443;6.17;0.38;295.98;10.15;1084;41;3928.00;106
10258;39;623225157;10258;404;11339;11443;6.21;0.38;296.10;10.15;1081;41;3929.00;104
10262;39;623225173;10262;403;11342;11447;6.23;0.38;296.14;10.15;1080;41;3930.00;105
10266;39;623225186;10266;403;11342;11447;6.22;0.38;296.23;10.15;1076;41;3931.00;105
10272;39;623225200;10272;400;11346;11451;6.28;0.38;296.34;10.14;1074;41;3932.00;105
10276;39;623225215;10276;400;11347;11452;6.31;0.39;296.40;10.14;1071;41;3933.00;105
10281;39;623225229;10281;408;11347;11452;6.30;0.38;296.38;10.14;1066;41;3934.00;105
10286;39;623225243;10286;407;11347;11452;6.30;0.38;296.48;10.14;1061;41;3935.00;105
10292;39;623225256;10292;406;11356;11465;6.28;0.38;296.55;10.13;1064;41;3936.00;109
10295;39;623225279;10295;404;11356;11465;6.25;0.38;296.64;10.13;1061;41;3937.00;109
10299;39;623225293;10299;400;11356;11465;6.23;0.38;296.71;10.13;1057;41;3938.00;109
10305;39;623225307;10305;396;11357;11466;6.21;0.38;296.68;10.13;1052;41;3939.00;109
10306;39;623225321;10306;393;11358;11467;6.20;0.38;296.72;10.14;1052;41;3940.00;109
10312;39;623225333;10312;397;11358;11467;6.15;0.38;296.76;10.14;1046;41;3941.00;109
10315;39;623225347;10315;401;11361;11470;6.15;0.37;296.75;10.14;1046;41;3942.00;109
10320;39;623225360;10320;403;11361;11470;6.10;0.37;296.74;10.14;1041;41;3943.00;109
10323;39;623225373;10323;406;11362;11470;6.04;0.37;296.71;10.14;1039;41;3944.00;108
10327;39;623225392;10327;411;11363;11470;6.00;0.36;296.76;10.14;1036;41;3945.00;107
10331;39;623225407;10331;404;11368;11476;6.03;0.37;296.79;10.14;1037;41;3946.00;108
10335;39;623225421;10335;409;11368;11476;6.01;0.37;296.78;10.14;1033;41;3947.00;108
10336;39;623225435;10336;412;11369;11476;6.02;0.37;296.77;10.14;1033;41;3948.00;107
10339;39;623225448;10339;409;11369;11476;5.98;0.36;296.86;10.14;1030;41;3949.00;107
10344;39;623225459;10344;410;11372;11480;5.96;0.36;296.92;10.13;1028;41;3950.00;108
10345;39;623225472;10345;413;11374;11481;5.98;0.36;296.92;10.13;1029;41;3951.00;107
10347;39;623225484;10347;413;11374;11481;5.93;0.36;296.94;10.13;1027;41;3952.00;107
10351;39;623225496;10351;418;11377;11482;5.92;0.36;297.00;10.25;1026;41;3953.00;105
10353;39;623225508;10353;422;11377;11482;5.95;0.36;296.99;10.25;1024;41;3954.00;105
10355;39;623225520;10355;421;11377;11482;5.93;0.36;297.03;10.25;1022;41;3955.00;105
10360;39;623225531;10360;424;11377;11482;5.88;0.36;297.14;10.25;1017;41;3956.00;105
10362;39;623225543;10362;417;11377;11482;5.87;0.36;297.15;10.25;1015;41;3957.00;105
10368;39;623225555;10368;405;11377;11482;5.79;0.36;297.20;10.25;1009;41;3958.00;105
10374;39;623225567;10374;406;11377;11482;5.69;0.35;297.20;10.25;1003;41;3959.00;105
10376;39;623225581;10376;427;11446;11607;5.75;0.36;297.18;10.19;1070;41;3960.00;161
10381;39;623225602;10381;418;11449;11608;5.69;0.35;297.30;10.19;1068;41;3961.00;159
10383;39;623225615;10383;407;11456;11608;5.75;0.35;297.26;10.18;1073;41;3962.00;152
10387;39;623225627;10387;401;11458;11608;5.77;0.36;297.26;10.18;1071;41;3963.00;150
10390;39;623225640;10390;407;11463;11608;5.84;0.36;297.34;10.18;1073;41;3964.00;145
10391;39;623225652;10391;410;11466;11608;5.89;0.36;297.34;10.18;1075;41;3965.00;142
10394;39;623225665;10394;397;11471;11608;5.90;0.36;297.37;10.18;1077;41;3966.00;137
10395;39;623225683;10395;390;11472;11608;5.91;0.36;297.36;10.18;1077;41;3967.00;136
10398;39;623225696;10398;385;11476;11609;5.89;0.36;297.35;10.29;1078;41;3968.00;133
10401;39;623225710;10401;391;11481;11610;5.92;0.36;297.37;10.29;1080;41;3969.00;129
10404;39;623225723;10404;397;11483;11610;5.95;0.36;297.42;10.29;1079;41;3970.00;127
10406;39;623225737;10406;399;11488;11614;5.91;0.36;297.39;10.29;1082;41;3971.00;126
10409;39;623225752;10409;394;11488;11614;5.92;0.36;297.40;10.29;1079;41;3972.00;126
10413;39;623225765;10413;395;11488;11614;5.92;0.36;297.54;10.29;1075;41;3973.00;126
10414;39;623225779;10414;394;11488;11614;5.92;0.36;297.58;10.29;1074;41;3974.00;126
10417;39;623225794;10417;392;11493;11620;5.94;0.36;297.62;10.29;1076;41;3975.00;127
10417;39;623225807;10417;398;11494;11620;5.98;0.37;297.62;10.40;1077;42;3976.00;126
10418;39;623225830;10418;398;11494;11620;6.02;0.37;297.67;10.40;1076;42;3977.00;126
10422;39;623225844;10422;392;11496;11623;6.09;0.37;297.78;10.40;1074;42;3978.00;127
10423;39;623225857;10423;396;11496;11623;6.17;0.38;297.83;10.40;1073;42;3979.00;127
10428;39;623225870;10428;400;11497;11623;6.18;0.38;297.77;10.40;1069;42;3980.00;126
10432;39;623225883;10432;398;11497;11624;6.22;0.38;297.88;10.40;1065;42;3981.00;127
10434;39;623225896;10434;394;11498;11625;6.29;0.38;297.94;10.40;1064;42;3982.00;127
10437;39;623225909;10437;389;11498;11625;6.38;0.39;297.96;10.40;1061;42;3983.00;127
10440;39;623225921;10440;388;11508;11638;6.41;0.39;298.04;10.39;1068;42;3984.00;130
10443;39;623225935;10443;389;11508;11638;6.44;0.39;298.11;10.39;1065;42;3985.00;130
10445;39;623225948;10445;387;11509;11638;6.49;0.40;298.13;10.39;1064;42;3986.00;129
10449;39;623225961;10449;383;11510;11639;6.53;0.40;298.07;10.39;1061;42;3987.00;129
10452;39;623225975;10452;387;11510;11639;6.58;0.40;298.09;10.39;1058;42;3988.00;129
10453;39;623225987;10453;387;11513;11643;6.67;0.41;298.09;10.39;1060;42;3989.00;130
10455;39;623226002;10455;391;11514;11643;6.73;0.41;298.07;10.38;1059;42;3990.00;129
10458;39;623226014;10458;394;11517;11647;6.77;0.41;298.07;10.38;1059;42;3991.00;130
10461;39;623226027;10461;393;11517;11647;6.79;0.41;298.09;10.38;1056;42;3992.00;130
10463;39;623226040;10463;393;11517;11647;6.81;0.41;298.05;10.38;1054;42;3993.00;130
10466;39;623226052;10466;394;11517;11647;6.80;0.41;298.11;10.38;1051;42;3994.00;130
10468;39;623226064;10468;399;11517;11647;6.81;0.41;298.11;10.38;1049;42;3995.00;130
10470;39;623226076;10470;399;11526;11659;6.85;0.42;298.15;10.37;1056;42;3996.00;133
10471;39;623226090;10471;398;11527;11659;6.84;0.42;298.13;10.37;1056;42;3997.00;132
10474;39;623226102;10474;403;11528;11659;6.84;0.42;298.23;10.37;1054;42;3998.00;131
10475;39;623226114;10475;404;11528;11659;6.82;0.41;298.20;10.37;1053;42;3999.00;131
10476;39;623226129;10476;400;11528;11659;6.80;0.41;298.18;10.37;1052;42;4000.00;131
10478;39;623226147;10478;407;11528;11659;6.78;0.41;298.17;10.37;1050;42;4001.00;131
10478;39;623226159;10478;405;11528;11660;6.80;0.41;298.17;10.37;1050;42;4002.00;132
10479;39;623226171;10479;402;11528;11660;6.77;0.41;298.14;10.37;1049;42;4003.00;132
10486;39;623226183;10486;404;11533;11666;6.69;0.41;298.10;10.37;1047;42;4004.00;133
10487;39;623226195;10487;400;11535;11668;6.63;0.40;298.07;10.37;1048;42;4005.00;133
10490;39;623226207;10490;396;11535;11668;6.56;0.40;298.14;10.37;1045;42;4006.00;133
10491;39;623226219;10491;394;11536;11668;6.52;0.40;298.11;10.48;1045;42;4007.00;132
10492;39;623226231;10492;399;11539;11672;6.50;0.40;298.13;10.48;1047;42;4008.00;133
10494;39;623226242;10494;394;11539;11672;6.47;0.39;298.14;10.48;1045;42;4009.00;133
10496;39;623226254;10496;396;11539;11672;6.45;0.39;298.13;10.48;1043;42;4010.00;133
10499;39;623226265;10499;401;11540;11673;6.37;0.39;298.09;10.48;1041;42;4011.00;133
10502;39;623226276;10502;397;11543;11677;6.27;0.38;298.07;10.48;1041;42;4012.00;134
10505;39;623226288;10505;397;11543;11677;6.19;0.38;298.04;10.48;1038;42;4013.00;134
10506;39;623226299;10506;391;11545;11680;6.18;0.38;298.02;10.48;1039;42;4014.00;135
10508;39;623226310;10508;394;11548;11680;6.20;0.38;298.00;10.50;1040;42;4015.00;132
10509;39;623226322;10509;391;11548;11680;6.24;0.38;298.01;10.50;1039;42;4016.00;132
10513;39;623226333;10513;390;11548;11680;6.26;0.38;297.96;10.50;1035;42;4017.00;132
10516;39;623226344;10516;389;11552;11684;6.28;0.38;297.94;10.49;1036;42;4018.00;132
10516;39;623226356;10516;377;11552;11684;6.37;0.39;297.94;10.49;1036;42;4019.00;132
10520;39;623226369;10520;368;11552;11684;6.42;0.39;297.95;10.49;1032;42;4020.00;132
10521;39;623226381;10521;356;11552;11684;6.47;0.39;297.93;10.49;1031;42;4021.00;132
10523;39;623226393;10523;355;11552;11685;6.52;0.40;297.97;10.49;1029;42;4022.00;133
10523;39;623226410;10523;354;11553;11686;6.58;0.40;297.97;10.49;1030;42;4023.00;133
10525;39;623226431;10525;352;11553;11686;6.55;0.40;297.96;10.49;1028;42;4024.00;133
10526;39;623226451;10526;351;11554;11687;6.58;0.40;297.93;10.49;1028;42;4025.00;133
10529;39;623226470;10529;354;11554;11687;6.57;0.40;297.94;10.49;1025;42;4026.00;133
10531;39;623226487;10531;352;11554;11687;6.57;0.40;297.92;10.49;1023;42;4027.00;133
10532;39;623226505;10532;353;11554;11687;6.56;0.40;297.94;10.49;1022;42;4028.00;133
10533;39;623226528;10533;351;11554;11687;6.57;0.40;297.93;10.49;1021;42;4029.00;133
10535;39;623226542;10535;351;11554;11687;6.57;0.40;297.98;10.49;1019;42;4030.00;133
10537;39;623226554;10537;347;11554;11687;6.57;0.40;297.97;10.49;1017;42;4031.00;133
10538;39;623226567;10538;358;11620;11814;6.77;0.42;297.99;10.43;1082;42;4032.00;194
10539;39;623226598;10539;351;11622;11815;6.78;0.42;297.99;10.43;1083;42;4033.00;193
10541;39;623226610;10541;351;11631;11815;6.78;0.42;298.01;10.42;1090;42;4034.00;184
10543;39;623226624;10543;347;11633;11815;6.71;0.41;297.99;10.42;1090;42;4035.00;182
10545;39;623226637;10545;335;11640;11815;6.74;0.41;297.99;10.42;1095;42;4036.00;175
10546;39;623226650;10546;337;11643;11815;6.68;0.41;297.99;10.42;1097;42;4037.00;172
10546;39;623226670;10546;330;11646;11815;6.65;0.41;297.99;10.42;1100;42;4038.00;169
10546;39;623226682;10546;340;11649;11815;6.63;0.41;297.99;10.41;1103;42;4039.00;166
10548;39;623226694;10548;343;11653;11816;6.60;0.41;298.05;10.44;1105;42;4040.00;163
10552;39;623226706;10552;347;11655;11817;6.54;0.40;298.01;10.44;1103;42;4041.00;162
10555;39;623226719;10555;352;11657;11817;6.52;0.40;298.05;10.44;1102;42;4042.00;160
10556;39;623226734;10556;353;11661;11818;6.48;0.40;298.05;10.45;1105;42;4043.00;157
10560;39;623226747;10560;366;11663;11818;6.48;0.40;298.01;10.46;1103;42;4044.00;155
10562;39;623226759;10562;369;11666;11818;6.45;0.40;297.98;10.48;1104;42;4045.00;152
10566;39;623226772;10566;366;11669;11818;6.39;0.39;297.97;10.50;1103;42;4046.00;149
10568;39;623226785;10568;377;11673;11822;6.46;0.40;297.98;10.50;1105;42;4047.00;149
10569;39;623226797;10569;387;11677;11822;6.42;0.39;298.01;10.52;1108;42;4048.00;145
10572;39;623226810;10572;394;11679;11822;6.32;0.39;298.01;10.52;1107;42;4049.00;143
10573;39;623226824;10573;401;11684;11828;6.27;0.39;298.01;10.54;1111;42;4050.00;144
10575;39;623226837;10575;409;11687;11828;6.24;0.38;298.10;10.55;1112;42;4051.00;141
10577;39;623226856;10577;406;11688;11828;6.18;0.38;298.13;10.55;1111;42;4052.00;140
10578;39;623226868;10578;416;11695;11832;6.09;0.38;298.11;10.56;1117;42;4053.00;137
10582;39;623226880;10582;419;11697;11833;5.99;0.37;298.13;10.57;1115;42;4054.00;136
10585;39;623226893;10585;427;11699;11833;5.95;0.37;298.15;10.57;1114;42;4055.00;134
10585;39;623226906;10585;436;11704;11837;5.95;0.37;298.15;10.59;1119;42;4056.00;133
10588;39;623226925;10588;441;11707;11837;5.86;0.36;298.16;10.60;1119;42;4057.00;130
10591;39;623226939;10591;445;11708;11837;5.78;0.35;298.19;10.61;1117;42;4058.00;129
10593;39;623226952;10593;438;11711;11838;5.76;0.35;298.20;10.61;1118;42;4059.00;127
10595;39;623226965;10595;438;11712;11838;5.66;0.35;298.20;10.62;1117;42;4060.00;126
10597;39;623226978;10597;440;11718;11844;5.65;0.35;298.26;10.62;1121;42;4061.00;126
10600;39;623226991;10600;436;11718;11844;5.59;0.34;298.25;10.62;1118;42;4062.00;126
10601;39;623227003;10601;430;11720;11845;5.55;0.34;298.23;10.63;1119;42;4063.00;125
10604;39;623227016;10604;435;11721;11845;5.56;0.34;298.26;10.64;1117;42;4064.00;124
10604;39;623227028;10604;435;11721;11845;5.59;0.34;298.26;10.64;1117;42;4065.00;124
10609;39;623227040;10609;428;11722;11845;5.58;0.34;298.28;10.65;1113;42;4066.00;123
10611;39;623227052;10611;429;11723;11845;5.60;0.34;298.33;10.65;1112;42;4067.00;122
10612;39;623227065;10612;430;11735;11857;5.71;0.35;298.33;10.65;1123;42;4068.00;122
10613;39;623227077;10613;435;11736;11857;5.75;0.35;298.38;10.65;1123;42;4069.00;121
10614;39;623227090;10614;427;11736;11857;5.81;0.36;298.36;10.65;1122;42;4070.00;121
10617;39;623227101;10617;424;11738;11857;5.80;0.36;298.48;10.66;1121;42;4071.00;119
10621;39;623227113;10621;431;11738;11857;5.75;0.35;298.50;10.66;1117;42;4072.00;119
10625;39;623227126;10625;427;11739;11857;5.70;0.35;298.63;10.67;1114;42;4073.00;118
10628;40;623227138;10628;425;11742;11861;5.67;0.35;298.71;10.66;1114;43;4074.00;119
10630;40;623227159;10630;421;11742;11861;5.64;0.35;298.69;10.66;1112;43;4075.00;119
10631;40;623227172;10631;424;11747;11865;5.64;0.35;298.75;10.67;1116;43;4076.00;118
10636;40;623227184;10636;424;11749;11866;5.58;0.34;298.79;10.68;1113;43;4077.00;117
10641;40;623227197;10641;429;11749;11866;5.52;0.34;298.76;10.68;1108;43;4078.00;117
10645;40;623227209;10645;431;11750;11866;5.52;0.34;298.80;10.68;1105;43;4079.00;116
10650;40;623227224;10650;424;11773;11895;5.49;0.34;298.86;10.67;1123;43;4080.00;122
10655;40;623227244;10655;409;11775;11895;5.49;0.34;298.86;10.68;1120;43;4081.00;120
10659;40;623227256;10659;403;11778;11895;5.52;0.34;298.91;10.68;1119;43;4082.00;117
10662;40;623227269;10662;403;11779;11896;5.55;0.34;298.98;10.68;1117;43;4083.00;117
10668;40;623227282;10668;400;11780;11897;5.54;0.34;299.05;10.69;1112;43;4084.00;117
10674;40;623227295;10674;399;11781;11897;5.60;0.34;299.16;10.69;1107;43;4085.00;116
10678;40;623227309;10678;399;11784;11900;5.66;0.35;299.27;10.69;1106;43;4086.00;116
10683;40;623227321;10683;400;11785;11900;5.72;0.35;299.36;10.70;1102;43;4087.00;115
10685;40;623227335;10685;396;11785;11900;5.80;0.35;299.36;10.70;1100;43;4088.00;115
10689;40;623227348;10689;401;11785;11900;5.86;0.36;299.39;10.70;1096;43;4089.00;115
10691;40;623227361;10691;399;11790;11906;6.04;0.37;299.45;10.69;1099;43;4090.00;116
10695;40;623227375;10695;395;11790;11906;6.11;0.37;299.55;10.69;1095;43;4091.00;116
10700;40;623227389;10700;391;11790;11906;6.18;0.38;299.61;10.69;1090;43;4092.00;116
10704;40;623227409;10704;381;11790;11906;6.25;0.38;299.66;10.69;1086;43;4093.00;116
10708;40;623227423;10708;378;11793;11910;6.31;0.38;299.72;10.69;1085;43;4094.00;117
10709;40;623227437;10709;375;11795;11912;6.42;0.39;299.77;10.69;1086;43;4095.00;117
10714;40;623227450;10714;366;11795;11912;6.46;0.39;299.77;10.69;1081;43;4096.00;117
10720;40;623227463;10720;360;11796;11913;6.47;0.39;299.89;10.69;1076;43;4097.00;117
10721;40;623227476;10721;364;11796;11913;6.50;0.40;299.87;10.69;1075;43;4098.00;117
10725;40;623227489;10725;363;11796;11913;6.51;0.40;299.99;10.69;1071;43;4099.00;117
10729;40;623227502;10729;365;11796;11913;6.47;0.40;299.95;10.69;1067;43;4100.00;117
10733;40;623227518;10733;360;11797;11913;6.44;0.39;299.96;10.81;1064;43;4101.00;116
10736;40;623227533;10736;360;11797;11913;6.39;0.39;300.04;10.81;1061;43;4102.00;116
10741;40;623227545;10741;363;11797;11913;6.30;0.38;300.03;10.81;1056;43;4103.00;116
10744;40;623227557;10744;380;11831;11983;6.27;0.38;300.05;10.78;1087;43;4104.00;152
10751;40;623227575;10751;369;11831;11984;6.18;0.38;300.09;10.78;1080;43;4105.00;153
10754;40;623227588;10754;374;11836;11984;6.21;0.38;300.11;10.77;1082;43;4106.00;148
10758;40;623227601;10758;370;11836;11984;6.20;0.38;300.18;10.77;1078;43;4107.00;148
10760;40;623227613;10760;374;11839;11984;6.25;0.38;300.19;10.77;1079;43;4108.00;145
10763;40;623227626;10763;379;11842;11984;6.26;0.38;300.23;10.77;1079;43;4109.00;142
10767;40;623227640;10767;385;11844;11984;6.29;0.38;300.23;10.77;1077;43;4110.00;140
10771;40;623227653;10771;385;11847;11984;6.31;0.39;300.27;10.77;1076;43;4111.00;137
10773;40;623227666;10773;379;11850;11985;6.30;0.39;300.30;10.77;1077;43;4112.00;135
10776;40;623227679;10776;377;11854;11986;6.32;0.39;300.30;10.77;1078;43;4113.00;132
10782;40;623227691;10782;378;11857;11986;6.28;0.38;300.25;10.76;1075;43;4114.00;129
10788;40;623227703;10788;381;11860;11990;6.26;0.38;300.40;10.76;1072;43;4115.00;130
10790;40;623227717;10790;387;11862;11990;6.23;0.38;300.39;10.76;1072;43;4116.00;128
10795;40;623227729;10795;391;11863;11990;6.19;0.38;300.55;10.76;1068;43;4117.00;127
10800;40;623227742;10800;392;11863;11990;6.10;0.37;300.60;10.76;1063;43;4118.00;127
10807;40;623227754;10807;390;11870;11996;6.02;0.37;300.65;10.76;1063;43;4119.00;126
10810;40;623227768;10810;394;11871;11996;5.98;0.37;300.71;10.76;1061;43;4120.00;125
10812;40;623227786;10812;407;11871;11996;5.91;0.36;300.77;10.76;1059;43;4121.00;125
10820;40;623227803;10820;413;11874;11999;5.85;0.36;300.79;10.76;1054;43;4122.00;125
10823;40;623227817;10823;420;11875;11999;5.83;0.36;300.86;10.88;1052;43;4123.00;124
10828;40;623227830;10828;422;11877;11999;5.77;0.35;300.86;10.88;1049;43;4124.00;122
10833;40;623227843;10833;426;11877;12000;5.69;0.35;300.99;10.88;1044;43;4125.00;123
10836;40;623227855;10836;428;11878;12001;5.65;0.34;301.03;10.88;1042;43;4126.00;123
10839;40;623227868;10839;426;11878;12001;5.59;0.34;301.12;10.88;1039;43;4127.00;123
10843;40;623227880;10843;426;11888;12014;5.61;0.34;301.14;10.87;1045;43;4128.00;126
10848;40;623227893;10848;428;11889;12014;5.57;0.34;301.21;10.87;1041;43;4129.00;125
10852;40;623227905;10852;427;11889;12014;5.55;0.34;301.25;10.87;1037;43;4130.00;125
10852;40;623227917;10852;431;11890;12015;5.56;0.34;301.25;10.87;1038;43;4131.00;125
10854;40;623227929;10854;436;11890;12015;5.57;0.34;301.24;10.87;1036;43;4132.00;125
10858;40;623227941;10858;435;11894;12019;5.60;0.34;301.33;10.86;1036;43;4133.00;125
10862;40;623227954;10862;440;11894;12019;5.53;0.34;301.35;10.86;1032;43;4134.00;125
10863;40;623227966;10863;440;11897;12023;5.54;0.34;301.37;10.86;1034;43;4135.00;126
10868;40;623227979;10868;433;11897;12023;5.51;0.34;301.41;10.86;1029;43;4136.00;126
10869;40;623227992;10869;426;11897;12023;5.54;0.34;301.44;10.86;1028;43;4137.00;126
10871;40;623228004;10871;426;11897;12023;5.50;0.34;301.47;10.86;1026;43;4138.00;126
10871;40;623228016;10871;426;11898;12023;5.48;0.33;301.47;10.98;1027;43;4139.00;125
10874;40;623228029;10874;428;11924;12057;5.48;0.34;301.44;10.96;1050;43;4140.00;133
10876;40;623228051;10876;430;11924;12057;5.45;0.33;301.42;10.96;1048;43;4141.00;133
10877;40;623228063;10877;431;11926;12057;5.52;0.34;301.41;10.95;1049;43;4142.00;131
10881;40;623228075;10881;434;11926;12057;5.53;0.34;301.44;10.95;1045;43;4143.00;131
10884;40;623228087;10884;435;11927;12057;5.57;0.34;301.39;10.95;1043;43;4144.00;130
10886;40;623228100;10886;434;11927;12057;5.61;0.34;301.43;10.95;1041;43;4145.00;130
10886;40;623228112;10886;433;11927;12058;5.70;0.35;301.43;10.95;1041;43;4146.00;131
10887;40;623228124;10887;435;11927;12058;5.73;0.35;301.41;10.95;1040;43;4147.00;131
10888;40;623228135;10888;440;11932;12064;5.81;0.36;301.41;10.95;1044;43;4148.00;132
10890;40;623228149;10890;440;11933;12065;5.89;0.36;301.39;10.95;1043;43;4149.00;132
10893;40;623228161;10893;437;11933;12065;5.91;0.36;301.37;10.95;1040;43;4150.00;132
10894;40;623228173;10894;436;11933;12065;5.96;0.36;301.36;10.95;1039;43;4151.00;132
10897;40;623228191;10897;433;11936;12069;5.97;0.37;301.41;10.95;1039;43;4152.00;133
10898;40;623228203;10898;435;11936;12069;5.95;0.36;301.46;10.95;1038;43;4153.00;133
10904;40;623228215;10904;430;11936;12069;5.91;0.36;301.45;10.95;1032;43;4154.00;133
10905;40;623228227;10905;430;11937;12070;5.91;0.36;301.43;10.94;1032;43;4155.00;133
10907;40;623228239;10907;431;11940;12074;5.97;0.36;301.39;10.94;1033;43;4156.00;134
10908;40;623228251;10908;431;11940;12074;6.05;0.37;301.40;10.94;1032;43;4157.00;134
10912;40;623228263;10912;434;11942;12077;6.11;0.37;301.36;10.94;1030;43;4158.00;135
10915;40;623228275;10915;437;11942;12077;6.13;0.37;301.38;10.94;1027;43;4159.00;135
10917;40;623228287;10917;432;11943;12077;6.16;0.37;301.36;10.94;1026;43;4160.00;134
10919;40;623228299;10919;430;11943;12077;6.11;0.37;301.33;10.94;1024;43;4161.00;134
10921;40;623228310;10921;425;11947;12081;6.15;0.37;301.36;10.94;1026;43;4162.00;134
10921;40;623228322;10921;423;11947;12081;6.17;0.38;301.36;10.94;1026;43;4163.00;134
10922;40;623228334;10922;419;11947;12081;6.22;0.38;301.35;10.94;1025;43;4164.00;134
10923;40;623228345;10923;415;11947;12081;6.23;0.38;301.39;10.94;1024;43;4165.00;134
10923;40;623228356;10923;411;11947;12082;6.24;0.38;301.39;10.94;1024;43;4166.00;135
10924;40;623228368;10924;412;11948;12083;6.27;0.38;301.39;10.94;1024;43;4167.00;135
10926;40;623228379;10926;407;11948;12083;6.29;0.38;301.39;10.94;1022;43;4168.00;135
10927;40;623228391;10927;402;11950;12084;6.36;0.39;301.40;11.05;1023;43;4169.00;134
10927;40;623228411;10927;395;11950;12084;6.39;0.39;301.40;11.05;1023;43;4170.00;134
10928;40;623228440;10928;375;11950;12084;6.48;0.39;301.41;11.05;1022;43;4171.00;134
10929;40;623228461;10929;367;11950;12084;6.57;0.40;301.41;11.05;1021;43;4172.00;134
10930;40;623228479;10930;357;11952;12086;6.60;0.40;301.40;11.05;1022;43;4173.00;134
10934;40;623228497;10934;346;11952;12086;6.67;0.40;301.42;11.05;1018;43;4174.00;134
10935;40;623228516;10935;343;11952;12086;6.76;0.41;301.41;11.05;1017;43;4175.00;134
10941;40;623228531;10941;358;12020;12213;6.88;0.42;301.48;10.99;1079;43;4176.00;193
10941;40;623228563;10941;336;12021;12214;6.96;0.43;301.48;10.99;1080;43;4177.00;193
10944;40;623228583;10944;330;12026;12214;7.04;0.43;301.45;10.99;1082;43;4178.00;188
10946;40;623228597;10946;315;12030;12214;7.13;0.44;301.43;10.98;1084;43;4179.00;184
10950;40;623228611;10950;310;12035;12214;7.21;0.44;301.48;10.98;1085;43;4180.00;179
10951;40;623228624;10951;309;12039;12214;7.25;0.44;301.47;10.98;1088;43;4181.00;175
10953;40;623228638;10953;298;12042;12214;7.34;0.45;301.44;10.98;1089;43;4182.00;172
10955;40;623228651;10955;293;12045;12214;7.38;0.45;301.43;10.98;1090;43;4183.00;169
10958;40;623228665;10958;295;12049;12215;7.42;0.45;301.39;10.99;1091;43;4184.00;166
10958;40;623228680;10958;294;12052;12217;7.45;0.45;301.39;11.00;1094;43;4185.00;165
10961;40;623228706;10961;297;12054;12217;7.42;0.45;301.35;11.00;1093;43;4186.00;163
10963;40;623228721;10963;301;12055;12218;7.40;0.45;301.34;11.00;1092;43;4187.00;163
10966;40;623228735;10966;302;12059;12218;7.38;0.45;301.34;11.00;1093;43;4188.00;159
10967;40;623228748;10967;307;12060;12218;7.34;0.45;301.33;11.00;1093;43;4189.00;158
10969;40;623228761;10969;307;12062;12218;7.30;0.45;301.32;11.00;1093;43;4190.00;156
10970;40;623228774;10970;305;12065;12222;7.25;0.44;301.32;11.00;1095;43;4191.00;157
10974;40;623228788;10974;307;12066;12222;7.23;0.44;301.30;11.00;1092;43;4192.00;156
10977;40;623228802;10977;314;12068;12222;7.23;0.44;301.31;11.00;1091;43;4193.00;154
10979;40;623228815;10979;314;12070;12225;7.31;0.45;301.28;11.00;1091;43;4194.00;155
10980;40;623228829;10980;318;12071;12225;7.33;0.45;301.26;11.00;1091;43;4195.00;154
10986;40;623228844;10986;320;12072;12225;7.30;0.44;301.28;11.00;1086;43;4196.00;153
10987;40;623228858;10987;325;12077;12229;7.28;0.44;301.26;11.00;1090;43;4197.00;152
10989;40;623228872;10989;330;12079;12230;7.26;0.44;301.26;11.00;1090;43;4198.00;151
10991;40;623228885;10991;334;12080;12230;7.25;0.44;301.23;11.00;1089;43;4199.00;150
10994;40;623228902;10994;345;12092;12264;7.23;0.44;301.17;10.99;1098;43;4200.00;172
10996;40;623228924;10996;348;12096;12264;7.22;0.44;301.16;10.99;1100;43;4201.00;168
10997;40;623228938;10997;354;12096;12264;7.16;0.44;301.16;10.99;1099;43;4202.00;168
11000;40;623228952;11000;353;12097;12265;7.08;0.43;301.21;10.99;1097;43;4203.00;168
11000;40;623228967;11000;349;12098;12265;7.09;0.43;301.21;10.99;1098;43;4204.00;167
11003;40;623228981;11003;354;12105;12271;7.05;0.43;301.19;10.98;1102;43;4205.00;166
11008;40;623228995;11008;347;12108;12271;6.95;0.42;301.38;10.99;1100;43;4206.00;163
11009;40;623229008;11009;358;12108;12272;6.88;0.42;301.38;10.99;1099;43;4207.00;164
11011;40;623229022;11011;358;12108;12272;6.84;0.42;301.40;10.99;1097;43;4208.00;164
11015;40;623229035;11015;363;12108;12272;6.78;0.41;301.46;10.99;1093;43;4209.00;164
11017;40;623229049;11017;367;12109;12272;6.78;0.41;301.54;11.00;1092;43;4210.00;163
11018;40;623229062;11018;375;12112;12272;6.80;0.41;301.54;11.01;1094;43;4211.00;160
11021;40;623229075;11021;380;12123;12284;6.84;0.42;301.53;11.01;1102;43;4212.00;161
11022;40;623229089;11022;378;12124;12284;6.83;0.42;301.59;11.02;1102;43;4213.00;160
11025;40;623229116;11025;383;12126;12284;6.82;0.41;301.62;11.03;1101;43;4214.00;158
11026;40;623229131;11026;389;12127;12284;6.82;0.42;301.62;11.05;1101;43;4215.00;157
11029;40;623229145;11029;390;12128;12284;6.76;0.41;301.66;11.05;1099;43;4216.00;156
11033;40;623229158;11033;392;12131;12284;6.72;0.41;301.65;11.07;1098;43;4217.00;153
11037;40;623229172;11037;393;12136;12288;6.69;0.41;301.65;11.08;1099;43;4218.00;152
11039;40;623229187;11039;399;12138;12288;6.70;0.41;301.68;11.11;1099;43;4219.00;150
11041;40;623229207;11041;405;12141;12292;6.66;0.41;301.71;11.11;1100;43;4220.00;151
11045;40;623229221;11045;401;12144;12293;6.60;0.40;301.84;11.13;1099;43;4221.00;149
11047;40;623229234;11047;405;12146;12293;6.49;0.40;301.83;11.13;1099;43;4222.00;147
11050;40;623229248;11050;409;12147;12293;6.38;0.39;301.83;11.14;1097;43;4223.00;146
11053;40;623229261;11053;417;12159;12306;6.33;0.39;301.81;11.14;1106;43;4224.00;147
11056;40;623229276;11056;422;12160;12306;6.28;0.39;301.82;11.16;1104;43;4225.00;146
11056;40;623229289;11056;427;12160;12306;6.24;0.38;301.82;11.16;1104;43;4226.00;146
11059;40;623229302;11059;434;12165;12307;6.18;0.38;301.89;11.18;1106;43;4227.00;142
11061;40;623229316;11061;432;12166;12308;6.11;0.38;301.89;11.18;1105;43;4228.00;142
11067;40;623229335;11067;426;12168;12308;6.04;0.37;301.91;11.20;1101;43;4229.00;140
11067;40;623229357;11067;419;12172;12314;6.00;0.37;301.91;11.19;1105;43;4230.00;142
11071;40;623229377;11071;416;12172;12314;5.97;0.37;301.91;11.19;1101;43;4231.00;142
11073;40;623229392;11073;413;12176;12314;5.92;0.36;301.90;11.21;1103;43;4232.00;138
11074;40;623229407;11074;414;12176;12314;5.88;0.36;301.93;11.21;1102;43;4233.00;138
11079;40;623229419;11079;416;12184;12320;5.86;0.36;301.88;11.22;1105;43;4234.00;136
11082;40;623229432;11082;413;12184;12320;5.86;0.36;301.95;11.22;1102;43;4235.00;136
11085;40;623229445;11085;407;12185;12320;5.87;0.36;301.96;11.23;1100;43;4236.00;135
11092;40;623229458;11092;413;12186;12320;5.82;0.36;302.08;11.24;1094;43;4237.00;134
11094;40;623229471;11094;412;12189;12324;5.86;0.36;302.13;11.24;1095;43;4238.00;135
11095;40;623229483;11095;416;12193;12325;5.92;0.36;302.15;11.25;1098;43;4239.00;132
11097;40;623229495;11097;415;12193;12325;5.93;0.36;302.14;11.25;1096;43;4240.00;132
11101;40;623229507;11101;409;12196;12326;5.97;0.37;302.24;11.26;1095;43;4241.00;130
11107;40;623229519;11107;408;12196;12326;5.91;0.36;302.32;11.26;1089;43;4242.00;130
11109;40;623229531;11109;408;12196;12326;5.90;0.36;302.28;11.26;1087;43;4243.00;130
11114;40;623229542;11114;399;12197;12326;5.86;0.36;302.31;11.27;1083;43;4244.00;129
11118;40;623229554;11118;400;12199;12326;5.79;0.35;302.35;11.28;1081;43;4245.00;127
11122;40;623229566;11122;397;12200;12326;5.70;0.35;302.40;11.29;1078;43;4246.00;126
11126;40;623229578;11126;397;12201;12326;5.63;0.34;302.40;11.29;1075;43;4247.00;125
11131;40;623229589;11131;408;12241;12396;5.61;0.34;302.56;11.26;1110;43;4248.00;155
11136;40;623229606;11136;405;12243;12397;5.57;0.34;302.63;11.27;1107;43;4249.00;154
11139;40;623229617;11139;395;12247;12397;5.57;0.34;302.72;11.26;1108;43;4250.00;150
11146;40;623229629;11146;389;12251;12397;5.52;0.34;302.82;11.27;1105;43;4251.00;146
11152;40;623229640;11152;385;12258;12397;5.51;0.34;302.87;11.28;1106;43;4252.00;139
11157;40;623229652;11157;387;12260;12397;5.49;0.34;302.92;11.28;1103;43;4253.00;137
11160;40;623229664;11160;386;12263;12397;5.47;0.33;303.01;11.28;1103;43;4254.00;134
11164;40;623229675;11164;390;12267;12397;5.48;0.34;303.01;11.29;1103;43;4255.00;130
11166;40;623229687;11166;397;12269;12398;5.48;0.34;303.12;11.29;1103;43;4256.00;129
11169;40;623229698;11169;386;12271;12399;5.44;0.33;303.17;11.28;1102;43;4257.00;128
11172;40;623229710;11172;388;12275;12399;5.43;0.33;303.18;11.30;1103;43;4258.00;124
11176;40;623229723;11176;390;12277;12403;5.45;0.33;303.24;11.29;1101;43;4259.00;126
11179;40;623229737;11179;385;12280;12403;5.46;0.33;303.29;11.30;1101;43;4260.00;123
11179;40;623229749;11179;383;12281;12403;5.51;0.34;303.29;11.30;1102;43;4261.00;122
11183;40;623229761;11183;383;12282;12403;5.51;0.34;303.35;11.30;1099;43;4262.00;121
11187;40;623229773;11187;387;12286;12409;5.52;0.34;303.32;11.30;1099;43;4263.00;123
11188;40;623229786;11188;388;12287;12409;5.56;0.34;303.36;11.30;1099;43;4264.00;122
11194;40;623229798;11194;383;12287;12409;5.55;0.34;303.34;11.30;1093;43;4265.00;122
11197;40;623229811;11197;390;12290;12412;5.64;0.35;303.31;11.30;1093;43;4266.00;122
11200;40;623229824;11200;387;12291;12412;5.67;0.35;303.35;11.30;1091;43;4267.00;121
11205;40;623229838;11205;388;12291;12412;5.67;0.35;303.29;11.30;1086;43;4268.00;121
11210;40;623229850;11210;386;12293;12413;5.69;0.35;303.41;11.30;1083;43;4269.00;120
11214;40;623229863;11214;378;12294;12414;5.73;0.35;303.47;11.30;1080;43;4270.00;120
11218;40;623229877;11218;384;12294;12414;5.77;0.35;303.53;11.30;1076;43;4271.00;120
11221;40;623229891;11221;381;12305;12427;5.85;0.36;303.56;11.29;1084;43;4272.00;122
11225;40;623229905;11225;373;12305;12427;5.88;0.36;303.62;11.29;1080;43;4273.00;122
11228;40;623229918;11228;371;12305;12427;5.89;0.36;303.73;11.29;1077;43;4274.00;122
11232;40;623229931;11232;376;12307;12429;5.91;0.36;303.78;11.28;1075;43;4275.00;122
11235;40;623229944;11235;381;12307;12429;5.93;0.36;303.86;11.28;1072;43;4276.00;122
11239;40;623229956;11239;376;12311;12433;5.94;0.36;303.90;11.28;1072;43;4277.00;122
11241;40;623229970;11241;386;12311;12433;5.95;0.36;303.95;11.28;1070;43;4278.00;122
11245;40;623229983;11245;398;12314;12437;5.94;0.36;303.94;11.28;1069;43;4279.00;123
11251;40;623229995;11251;401;12314;12437;5.90;0.36;303.97;11.28;1063;43;4280.00;123
11255;40;623230008;11255;404;12314;12437;5.86;0.36;304.02;11.28;1059;43;4281.00;123
11258;40;623230021;11258;407;12314;12437;5.81;0.35;304.06;11.28;1056;43;4282.00;123
11259;40;623230033;11259;410;12314;12437;5.77;0.35;304.06;11.28;1055;43;4283.00;123
11265;40;623230044;11265;415;12323;12449;5.71;0.35;304.11;11.27;1058;43;4284.00;126
11267;40;623230056;11267;427;12323;12449;5.65;0.35;304.10;11.27;1056;43;4285.00;126
11272;40;623230069;11272;426;12325;12449;5.56;0.34;304.11;11.27;1053;43;4286.00;124
11276;40;623230080;11276;431;12325;12449;5.46;0.33;304.10;11.27;1049;43;4287.00;124
11281;40;623230092;11281;432;12325;12449;5.38;0.33;304.09;11.27;1044;43;4288.00;124
11285;40;623230104;11285;437;12325;12449;5.29;0.32;304.12;11.27;1040;43;4289.00;124
11287;40;623230117;11287;434;12325;12450;5.22;0.32;304.10;11.27;1038;43;4290.00;125
11291;40;623230128;11291;442;12325;12450;5.11;0.31;304.11;11.27;1034;43;4291.00;125
11295;40;623230139;11295;452;12330;12456;5.08;0.31;304.10;11.26;1035;43;4292.00;126
11300;40;623230151;11300;456;12331;12457;4.98;0.30;304.02;11.26;1031;43;4293.00;126
11302;40;623230162;11302;460;12331;12457;4.92;0.30;304.02;11.26;1029;43;4294.00;126
11305;40;623230174;11305;475;12331;12457;4.86;0.30;304.03;11.26;1026;43;4295.00;126
11308;40;623230185;11308;477;12334;12461;4.84;0.30;304.00;11.26;1026;43;4296.00;127
11310;40;623230197;11310;461;12334;12461;4.84;0.30;304.04;11.26;1024;43;4297.00;127
11313;40;623230208;11313;452;12334;12461;4.82;0.30;304.07;11.26;1021;43;4298.00;127
11317;40;623230220;11317;454;12335;12462;4.82;0.30;304.00;11.26;1018;43;4299.00;127
11318;40;623230232;11318;454;12338;12466;4.91;0.30;304.05;11.26;1020;43;4300.00;128
11320;40;623230248;11320;454;12338;12466;4.95;0.30;304.04;11.26;1018;43;4301.00;128
11322;40;623230259;11322;451;12340;12469;5.04;0.31;304.03;11.26;1018;43;4302.00;129
11324;40;623230271;11324;458;12340;12469;5.04;0.31;303.99;11.26;1016;43;4303.00;129
11326;40;623230282;11326;459;12341;12469;5.07;0.31;304.03;11.26;1015;43;4304.00;128
11329;40;623230294;11329;461;12341;12469;5.07;0.31;304.01;11.26;1012;43;4305.00;128
11332;40;623230311;11332;445;12345;12473;5.16;0.32;304.02;11.25;1013;43;4306.00;128
11337;40;623230323;11337;433;12345;12473;5.15;0.31;304.00;11.25;1008;43;4307.00;128
11340;40;623230334;11340;422;12345;12473;5.14;0.31;303.95;11.25;1005;43;4308.00;128
11342;40;623230346;11342;420;12345;12473;5.16;0.31;303.92;11.25;1003;43;4309.00;128
11343;40;623230357;11343;412;12345;12474;5.20;0.32;303.90;11.25;1002;43;4310.00;129
11344;40;623230369;11344;405;12346;12475;5.28;0.32;303.91;11.25;1002;43;4311.00;129
11346;40;623230381;11346;405;12346;12475;5.30;0.32;303.88;11.25;1000;43;4312.00;129
11347;40;623230392;11347;401;12347;12476;5.40;0.33;303.89;11.25;1000;43;4313.00;129
11349;40;623230406;11349;402;12347;12476;5.47;0.33;303.89;11.25;998;43;4314.00;129
11351;40;623230424;11351;403;12347;12476;5.55;0.34;303.87;11.25;996;43;4315.00;129
11351;40;623230443;11351;408;12347;12476;5.62;0.34;303.87;11.25;996;43;4316.00;129
11353;40;623230464;11353;403;12347;12476;5.70;0.35;303.89;11.25;994;43;4317.00;129
11354;40;623230481;11354;398;12347;12476;5.76;0.35;303.89;11.25;993;43;4318.00;129
11355;40;623230498;11355;396;12347;12476;5.85;0.36;303.91;11.25;992;43;4319.00;129
11355;40;623230520;11355;437;12470;12706;6.06;0.38;303.91;11.14;1115;43;4320.00;236
11359;40;623230554;11359;422;12473;12707;6.12;0.38;303.92;11.14;1114;43;4321.00;234
11359;40;623230568;11359;403;12481;12707;6.24;0.39;303.92;11.13;1122;43;4322.00;226
11362;40;623230582;11362;379;12484;12707;6.28;0.39;303.87;11.13;1122;43;4323.00;223
11363;40;623230597;11363;365;12490;12707;6.35;0.40;303.86;11.13;1127;43;4324.00;217
11363;40;623230611;11363;354;12493;12707;6.41;0.40;303.86;11.12;1130;43;4325.00;214
11363;40;623230625;11363;341;12499;12707;6.44;0.40;303.86;11.12;1136;43;4326.00;208
11367;40;623230639;11367;336;12503;12707;6.51;0.40;303.95;11.12;1136;43;4327.00;204
11367;40;623230654;11367;328;12507;12708;6.62;0.41;303.95;11.12;1140;43;4328.00;201
11369;41;623230670;11369;325;12510;12709;6.59;0.41;303.93;11.12;1141;44;4329.00;199
11370;41;623230704;11370;324;12513;12709;6.63;0.41;303.91;11.12;1143;44;4330.00;196
11370;42;623230720;11370;329;12517;12710;6.69;0.41;303.91;11.25;1147;45;4331.00;193
11370;42;623230750;11370;329;12519;12710;6.76;0.42;303.91;11.25;1149;45;4332.00;191
11373;42;623230764;11373;323;12521;12710;6.77;0.42;303.89;11.25;1148;45;4333.00;189
11376;42;623230779;11376;319;12523;12710;6.79;0.42;303.89;11.25;1147;45;4334.00;187
11377;42;623230800;11377;326;12525;12714;6.80;0.42;303.89;11.25;1148;45;4335.00;189
11379;42;623230815;11379;326;12526;12714;6.83;0.42;303.87;11.25;1147;45;4336.00;188
11379;42;623230837;11379;326;12528;12714;6.88;0.42;303.87;11.25;1149;45;4337.00;186
11381;42;623230858;11381;336;12529;12717;6.93;0.42;303.86;11.25;1148;45;4338.00;188
11381;42;623230874;11381;336;12530;12717;7.00;0.43;303.86;11.25;1149;45;4339.00;187
11385;42;623230889;11385;332;12532;12717;7.01;0.43;303.85;11.25;1147;45;4340.00;185
11386;42;623230917;11386;331;12536;12721;7.03;0.43;303.84;11.25;1150;45;4341.00;185
11387;42;623230933;11387;328;12537;12722;7.12;0.43;303.82;11.25;1150;45;4342.00;185
11387;42;623230950;11387;331;12538;12722;7.22;0.44;303.82;11.24;1151;45;4343.00;184
11390;42;623230964;11390;333;12539;12726;7.24;0.44;303.85;11.24;1149;45;4344.00;187
11392;42;623230980;11392;331;12540;12726;7.23;0.44;303.84;11.24;1148;45;4345.00;186
11396;42;623230996;11396;330;12541;12726;7.18;0.44;303.85;11.24;1145;45;4346.00;185
11400;42;623231011;11400;334;12543;12727;7.15;0.44;303.82;11.37;1143;45;4347.00;184
11402;42;623231027;11402;340;12544;12727;7.12;0.43;303.80;11.37;1142;45;4348.00;183
11406;42;623231042;11406;335;12548;12733;7.13;0.43;303.80;11.37;1142;45;4349.00;185
11410;42;623231059;11410;340;12548;12733;7.12;0.43;303.91;11.37;1138;45;4350.00;185
11412;42;623231074;11412;344;12548;12734;7.12;0.43;303.89;11.37;1136;45;4351.00;186
11415;42;623231088;11415;339;12551;12734;7.08;0.43;303.90;11.37;1136;45;4352.00;183
11416;42;623231103;11416;336;12555;12734;7.04;0.43;303.94;11.38;1139;45;4353.00;179
11422;42;623231117;11422;334;12555;12734;7.01;0.43;303.98;11.38;1133;45;4354.00;179
11424;42;623231132;11424;328;12558;12734;6.97;0.42;304.01;11.39;1134;45;4355.00;176
11430;42;623231147;11430;325;12569;12746;7.02;0.43;303.96;11.39;1139;45;4356.00;177
11432;42;623231163;11432;326;12570;12746;7.02;0.43;304.01;11.39;1138;45;4357.00;176
11434;42;623231177;11434;325;12571;12746;7.10;0.43;304.04;11.39;1137;45;4358.00;175
11436;42;623231191;11436;320;12572;12746;7.14;0.43;304.02;11.39;1136;45;4359.00;174
11440;42;623231206;11440;327;12572;12746;7.13;0.43;304.08;11.39;1132;45;4360.00;174
11444;42;623231227;11444;329;12572;12746;7.12;0.43;304.13;11.39;1128;45;4361.00;174
11449;42;623231243;11449;330;12575;12750;7.10;0.43;304.22;11.39;1126;45;4362.00;175
11454;42;623231258;11454;325;12575;12750;7.11;0.43;304.22;11.39;1121;45;4363.00;175
11454;42;623231272;11454;320;12578;12754;7.22;0.44;304.22;11.39;1124;45;4364.00;176
11456;42;623231287;11456;332;12580;12756;7.22;0.44;304.21;11.38;1124;45;4365.00;176
11457;42;623231301;11457;330;12580;12756;7.22;0.44;304.21;11.38;1123;45;4366.00;176
11459;42;623231315;11459;329;12581;12756;7.20;0.44;304.24;11.39;1122;45;4367.00;175
11461;42;623231330;11461;335;12592;12769;7.17;0.44;304.24;11.38;1131;45;4368.00;177
11465;42;623231345;11465;330;12592;12769;7.15;0.44;304.27;11.38;1127;45;4369.00;177
11466;42;623231359;11466;337;12593;12769;7.07;0.43;304.28;11.39;1127;45;4370.00;176
11470;42;623231380;11470;333;12595;12770;7.06;0.43;304.34;11.39;1125;45;4371.00;175
11470;42;623231396;11470;344;12596;12771;7.08;0.43;304.34;11.39;1126;45;4372.00;175
11471;42;623231410;11471;350;12598;12771;7.10;0.43;304.36;11.39;1127;45;4373.00;173
11476;42;623231424;11476;352;12600;12774;7.08;0.43;304.40;11.39;1124;45;4374.00;174
11476;42;623231440;11476;356;12601;12774;7.06;0.43;304.40;11.39;1125;45;4375.00;173
11479;42;623231454;11479;354;12602;12774;7.04;0.43;304.41;11.39;1123;45;4376.00;172
11482;42;623231467;11482;365;12603;12774;7.00;0.43;304.45;11.40;1121;45;4377.00;171
11483;42;623231481;11483;371;12609;12780;6.99;0.43;304.45;11.40;1126;45;4378.00;171
11488;42;623231494;11488;368;12609;12780;6.94;0.42;304.51;11.40;1121;45;4379.00;171
11489;42;623231509;11489;375;12610;12780;6.89;0.42;304.55;11.40;1121;45;4380.00;170
11495;42;623231522;11495;373;12610;12780;6.82;0.42;304.51;11.40;1115;45;4381.00;170
11499;42;623231536;11499;380;12615;12784;6.77;0.41;304.52;11.42;1116;45;4382.00;169
11502;42;623231550;11502;384;12618;12785;6.77;0.41;304.53;11.44;1116;45;4383.00;167
11505;42;623231563;11505;393;12621;12785;6.70;0.41;304.56;11.47;1116;45;4384.00;164
11507;42;623231576;11507;393;12623;12786;6.62;0.40;304.58;11.48;1116;45;4385.00;163
11508;42;623231606;11508;407;12625;12786;6.60;0.40;304.61;11.49;1117;45;4386.00;161
11511;42;623231619;11511;413;12628;12786;6.53;0.40;304.60;11.52;1117;45;4387.00;158
11513;42;623231632;11513;421;12629;12786;6.48;0.40;304.58;11.52;1116;45;4388.00;157
11513;42;623231645;11513;425;12631;12786;6.49;0.40;304.58;11.53;1118;45;4389.00;155
11516;42;623231657;11516;425;12633;12786;6.46;0.40;304.55;11.55;1117;45;4390.00;153
11521;42;623231670;11521;422;12633;12786;6.41;0.39;304.59;11.55;1112;45;4391.00;153
11521;42;623231683;11521;434;12669;12856;6.52;0.40;304.59;11.52;1148;45;4392.00;187
11527;42;623231701;11527;431;12673;12857;6.44;0.40;304.67;11.53;1146;45;4393.00;184
11531;42;623231715;11531;427;12680;12857;6.38;0.39;304.72;11.52;1149;45;4394.00;177
11532;42;623231731;11532;430;12681;12857;6.32;0.39;304.75;11.54;1149;45;4395.00;176
11534;42;623231744;11534;434;12688;12857;6.27;0.38;304.72;11.55;1154;45;4396.00;169
11537;42;623231758;11537;435;12690;12857;6.19;0.38;304.74;11.55;1153;45;4397.00;167
11540;42;623231771;11540;431;12694;12857;6.12;0.38;304.73;11.55;1154;45;4398.00;163
11540;43;623231784;11540;424;12700;12857;6.10;0.37;304.73;11.56;1160;46;4399.00;157
11542;43;623231804;11542;415;12704;12858;6.03;0.37;304.77;11.56;1162;46;4400.00;154
11545;43;623231821;11545;413;12707;12859;5.97;0.37;304.76;11.57;1162;46;4401.00;152
11548;43;623231835;11548;405;12708;12859;5.92;0.36;304.75;11.58;1160;46;4402.00;151
11553;43;623231848;11553;405;12711;12863;5.89;0.36;304.79;11.59;1158;46;4403.00;152
11558;43;623231866;11558;404;12711;12863;5.84;0.36;304.82;11.59;1153;46;4404.00;152
11561;43;623231880;11561;402;12712;12863;5.90;0.36;304.79;11.59;1151;46;4405.00;151
11562;43;623231893;11562;403;12713;12863;5.95;0.36;304.84;11.60;1151;46;4406.00;150
11565;43;623231906;11565;403;12719;12869;6.02;0.37;304.86;11.60;1154;46;4407.00;150
11568;43;623231920;11568;408;12719;12869;6.06;0.37;304.94;11.60;1151;46;4408.00;150
11571;43;623231934;11571;409;12722;12869;6.07;0.37;304.96;11.61;1151;46;4409.00;147
11574;43;623231949;11574;415;12727;12875;6.09;0.37;305.08;11.61;1153;46;4410.00;148
11578;43;623231963;11578;417;12727;12875;6.01;0.37;305.20;11.61;1149;46;4411.00;148
11581;43;623231977;11581;422;12730;12875;5.89;0.36;305.24;11.62;1149;46;4412.00;145
11588;43;623231996;11588;430;12730;12876;5.73;0.35;305.31;11.62;1142;46;4413.00;146
11591;43;623232009;11591;432;12732;12877;5.62;0.34;305.32;11.62;1141;46;4414.00;145
11593;43;623232022;11593;441;12732;12877;5.53;0.34;305.35;11.62;1139;46;4415.00;145
11599;43;623232034;11599;434;12743;12890;5.44;0.33;305.42;11.62;1144;46;4416.00;147
11603;43;623232047;11603;432;12745;12890;5.34;0.32;305.44;11.64;1142;46;4417.00;145
11606;43;623232060;11606;438;12746;12890;5.23;0.32;305.48;11.64;1140;46;4418.00;144
11609;43;623232072;11609;435;12747;12891;5.12;0.31;305.56;11.65;1138;46;4419.00;144
11611;43;623232083;11611;426;12747;12891;5.06;0.31;305.55;11.65;1136;46;4420.00;144
11614;43;623232096;11614;429;12753;12895;5.05;0.31;305.61;11.65;1139;46;4421.00;142
11619;43;623232109;11619;423;12755;12895;5.03;0.31;305.69;11.67;1136;46;4422.00;140
11621;43;623232121;11621;422;12758;12899;5.03;0.31;305.74;11.67;1137;46;4423.00;141
11626;43;623232134;11626;411;12760;12899;5.04;0.31;305.76;11.67;1134;46;4424.00;139
11630;43;623232146;11630;400;12760;12899;5.12;0.31;305.82;11.67;1130;46;4425.00;139
11634;43;623232158;11634;396;12761;12899;5.15;0.31;305.87;11.68;1127;46;4426.00;138
11635;43;623232171;11635;395;12762;12899;5.27;0.32;305.88;11.68;1127;46;4427.00;137
11640;43;623232183;11640;399;12771;12911;5.37;0.33;305.96;11.67;1131;46;4428.00;140
11642;43;623232197;11642;389;12772;12911;5.42;0.33;306.02;11.67;1130;46;4429.00;139
11647;43;623232209;11647;393;12775;12911;5.48;0.33;306.10;11.67;1128;46;4430.00;136
11649;43;623232221;11649;389;12775;12911;5.52;0.34;306.13;11.67;1126;46;4431.00;136
11651;43;623232233;11651;382;12775;12911;5.56;0.34;306.17;11.67;1124;46;4432.00;136
11656;43;623232246;11656;380;12775;12911;5.60;0.34;306.21;11.67;1119;46;4433.00;136
11659;43;623232259;11659;373;12775;12912;5.62;0.34;306.28;11.67;1116;46;4434.00;137
11665;43;623232271;11665;381;12775;12912;5.62;0.34;306.35;11.67;1110;46;4435.00;137
11670;43;623232285;11670;378;12780;12918;5.70;0.35;306.41;11.67;1110;46;4436.00;138
11674;43;623232298;11674;378;12781;12919;5.70;0.35;306.44;11.67;1107;46;4437.00;138
11680;43;623232311;11680;383;12781;12919;5.70;0.35;306.54;11.67;1101;46;4438.00;138
11683;43;623232324;11683;386;12781;12919;5.67;0.34;306.50;11.67;1098;46;4439.00;138
11687;43;623232338;11687;388;12785;12924;5.70;0.35;306.56;11.66;1098;46;4440.00;139
11691;43;623232352;11691;385;12785;12924;5.63;0.34;306.54;11.66;1094;46;4441.00;139
11695;43;623232364;11695;382;12785;12924;5.59;0.34;306.55;11.66;1090;46;4442.00;139
11698;43;623232377;11698;386;12786;12925;5.55;0.34;306.58;11.66;1088;46;4443.00;139
11701;43;623232389;11701;392;12789;12929;5.53;0.34;306.56;11.66;1088;46;4444.00;140
11702;43;623232403;11702;394;12789;12929;5.49;0.33;306.54;11.66;1087;46;4445.00;140
11704;43;623232422;11704;397;12791;12932;5.54;0.34;306.55;11.66;1087;46;4446.00;141
11711;43;623232443;11711;402;12791;12932;5.47;0.33;306.53;11.66;1080;46;4447.00;141
11712;43;623232464;11712;409;12792;12932;5.46;0.33;306.51;11.66;1080;46;4448.00;140
11715;43;623232482;11715;419;12792;12932;5.37;0.33;306.53;11.66;1077;46;4449.00;140
11715;43;623232500;11715;421;12796;12936;5.35;0.33;306.53;11.65;1081;46;4450.00;140
11719;43;623232518;11719;424;12796;12936;5.21;0.32;306.52;11.65;1077;46;4451.00;140
11724;43;623232532;11724;419;12796;12936;5.07;0.31;306.50;11.65;1072;46;4452.00;140
11724;43;623232546;11724;421;12796;12936;4.99;0.30;306.50;11.65;1072;46;4453.00;140
11727;43;623232559;11727;422;12796;12937;4.89;0.30;306.49;11.65;1069;46;4454.00;141
11729;43;623232572;11729;425;12798;12939;4.84;0.30;306.51;11.65;1069;46;4455.00;141
11730;43;623232586;11730;432;12798;12939;4.84;0.30;306.52;11.65;1068;46;4456.00;141
11735;43;623232600;11735;432;12799;12940;4.76;0.29;306.54;11.65;1064;46;4457.00;141
11737;43;623232612;11737;437;12799;12940;4.74;0.29;306.53;11.65;1062;46;4458.00;141
11744;43;623232624;11744;438;12799;12940;4.64;0.28;306.45;11.65;1055;46;4459.00;141
11747;43;623232637;11747;432;12799;12940;4.56;0.28;306.39;11.65;1052;46;4460.00;141
11748;43;623232649;11748;434;12799;12940;4.50;0.27;306.37;11.65;1051;46;4461.00;141
11752;43;623232661;11752;432;12799;12940;4.38;0.27;306.30;11.65;1047;46;4462.00;141
11757;43;623232672;11757;438;12799;12940;4.33;0.26;306.25;11.65;1042;46;4463.00;141
11760;43;623232684;11760;450;12864;13067;4.78;0.29;306.20;11.59;1104;46;4464.00;203
11762;43;623232706;11762;442;12868;13068;4.73;0.29;306.19;11.59;1106;46;4465.00;200
11762;43;623232718;11762;443;12877;13068;4.80;0.30;306.19;11.58;1115;46;4466.00;191
11764;43;623232730;11764;441;12878;13068;4.77;0.29;306.22;11.58;1114;46;4467.00;190
11766;43;623232743;11766;432;12885;13068;4.82;0.30;306.20;11.58;1119;46;4468.00;183
11768;43;623232755;11768;427;12886;13068;4.80;0.30;306.20;11.58;1118;46;4469.00;182
11769;43;623232769;11769;419;12890;13068;4.82;0.30;306.23;11.57;1121;46;4470.00;178
11771;43;623232782;11771;419;12891;13068;4.77;0.29;306.22;11.57;1120;46;4471.00;177
11772;44;623232794;11772;427;12894;13069;4.71;0.29;306.22;11.57;1122;47;4472.00;175
11772;44;623232822;11772;426;12898;13070;4.73;0.29;306.22;11.57;1126;47;4473.00;172
11774;44;623232835;11774;438;12901;13070;4.74;0.29;306.20;11.57;1127;47;4474.00;169
11774;44;623232853;11774;428;12903;13071;4.75;0.29;306.20;11.57;1129;47;4475.00;168
11774;44;623232866;11774;418;12908;13071;4.79;0.29;306.20;11.57;1134;47;4476.00;163
11776;44;623232880;11776;409;12911;13071;4.88;0.30;306.19;11.57;1135;47;4477.00;160
11776;44;623232895;11776;393;12913;13071;5.02;0.31;306.19;11.57;1137;47;4478.00;158
11776;44;623232915;11776;390;12917;13075;5.17;0.32;306.19;11.57;1141;47;4479.00;158
11777;44;623232937;11777;381;12917;13075;5.33;0.33;306.17;11.57;1140;47;4480.00;158
11779;45;623232956;11779;368;12919;13075;5.48;0.34;306.14;11.57;1140;48;4481.00;156
11780;45;623232984;11780;353;12920;13078;5.64;0.35;306.12;11.57;1140;48;4482.00;158
11780;45;623232999;11780;351;12922;13078;5.84;0.36;306.12;11.57;1142;48;4483.00;156
11781;45;623233014;11781;341;12922;13078;5.96;0.37;306.13;11.57;1141;48;4484.00;156
11783;45;623233029;11783;337;12926;13082;6.08;0.37;306.10;11.57;1143;48;4485.00;156
11786;46;623233044;11786;333;12928;13083;6.21;0.38;306.06;11.57;1142;49;4486.00;155
11788;46;623233072;11788;335;12929;13083;6.28;0.38;306.02;11.57;1141;49;4487.00;154
11788;46;623233088;11788;333;12932;13087;6.40;0.39;306.02;11.56;1144;49;4488.00;155
11790;46;623233104;11790;325;12932;13087;6.47;0.39;306.00;11.56;1142;49;4489.00;155
11791;46;623233119;11791;318;12933;13087;6.53;0.40;306.06;11.56;1142;49;4490.00;154
11794;46;623233135;11794;317;12934;13088;6.57;0.40;306.01;11.56;1140;49;4491.00;154
11796;46;623233150;11796;317;12934;13088;6.62;0.40;306.01;11.56;1138;49;4492.00;154
11799;46;623233165;11799;312;12939;13094;6.68;0.41;305.98;11.56;1140;49;4493.00;155
11801;46;623233182;11801;304;12939;13094;6.73;0.41;305.96;11.56;1138;49;4494.00;155
11802;46;623233197;11802;300;12939;13095;6.85;0.42;305.96;11.56;1137;49;4495.00;156
11807;46;623233211;11807;295;12939;13095;6.89;0.42;306.04;11.56;1132;49;4496.00;156
11810;46;623233227;11810;279;12939;13095;6.96;0.42;306.07;11.56;1129;49;4497.00;156
11810;46;623233243;11810;277;12939;13095;7.04;0.43;306.07;11.56;1129;49;4498.00;156
11812;46;623233259;11812;274;12939;13095;7.09;0.43;306.10;11.56;1127;49;4499.00;156
11813;46;623233278;11813;270;12965;13145;7.14;0.44;306.10;11.54;1152;49;4500.00;180
11816;46;623233302;11816;275;12966;13147;7.17;0.44;306.16;11.54;1150;49;4501.00;181
11818;46;623233329;11818;271;12969;13147;7.27;0.44;306.21;11.53;1151;49;4502.00;178
11821;46;623233345;11821;276;12969;13147;7.30;0.44;306.19;11.53;1148;49;4503.00;178
11824;46;623233360;11824;275;12971;13147;7.34;0.45;306.23;11.53;1147;49;4504.00;176
11826;46;623233379;11826;282;12973;13147;7.36;0.45;306.20;11.53;1147;49;4505.00;174
11828;46;623233398;11828;277;12977;13151;7.39;0.45;306.24;11.53;1149;49;4506.00;174
11830;46;623233418;11830;273;12977;13151;7.41;0.45;306.28;11.53;1147;49;4507.00;174
11831;46;623233434;11831;270;12980;13155;7.47;0.45;306.26;11.53;1149;49;4508.00;175
11834;46;623233449;11834;268;12981;13156;7.53;0.46;306.32;11.52;1147;49;4509.00;175
11836;46;623233465;11836;260;12981;13156;7.56;0.46;306.37;11.52;1145;49;4510.00;175
11837;46;623233481;11837;262;12982;13156;7.58;0.46;306.43;11.52;1145;49;4511.00;174
11837;46;623233495;11837;265;12993;13169;7.67;0.46;306.43;11.52;1156;49;4512.00;176
11839;46;623233511;11839;261;12993;13169;7.69;0.47;306.45;11.52;1154;49;4513.00;176
11842;46;623233525;11842;263;12993;13169;7.77;0.47;306.48;11.52;1151;49;4514.00;176
11845;46;623233541;11845;262;12994;13170;7.79;0.47;306.46;11.52;1149;49;4515.00;176
11850;46;623233555;11850;262;12994;13171;7.80;0.47;306.52;11.52;1144;49;4516.00;177
11853;46;623233571;11853;268;12996;13171;7.80;0.47;306.52;11.52;1143;49;4517.00;175
11856;46;623233584;11856;271;12998;13174;7.82;0.47;306.51;11.51;1142;49;4518.00;176
11860;46;623233600;11860;268;12998;13174;7.77;0.47;306.57;11.51;1138;49;4519.00;176
11863;46;623233620;11863;266;12999;13174;7.74;0.47;306.64;11.51;1136;49;4520.00;175
11865;46;623233635;11865;264;12999;13174;7.74;0.47;306.68;11.51;1134;49;4521.00;175
11873;46;623233649;11873;258;13004;13180;7.74;0.47;306.77;11.64;1131;49;4522.00;176
11876;46;623233665;11876;260;13006;13180;7.73;0.47;306.84;11.64;1130;49;4523.00;174
11880;46;623233679;11880;254;13007;13180;7.72;0.47;306.87;11.65;1127;49;4524.00;173
11885;46;623233700;11885;256;13008;13180;7.72;0.47;306.95;11.66;1123;49;4525.00;172
11888;46;623233715;11888;255;13011;13184;7.73;0.47;306.98;11.66;1123;49;4526.00;173
11892;46;623233729;11892;253;13012;13185;7.79;0.47;307.00;11.66;1120;49;4527.00;173
11898;46;623233743;11898;251;13012;13185;7.78;0.47;307.04;11.66;1114;49;4528.00;173
11904;46;623233757;11904;252;13015;13186;7.80;0.47;307.04;11.66;1111;49;4529.00;171
11907;46;623233773;11907;249;13015;13186;7.87;0.48;307.06;11.66;1108;49;4530.00;171
11911;46;623233787;11911;249;13015;13186;7.90;0.48;307.20;11.66;1104;49;4531.00;171
11914;46;623233800;11914;246;13015;13186;7.90;0.48;307.29;11.66;1101;49;4532.00;171
11916;46;623233814;11916;251;13015;13186;7.94;0.48;307.33;11.66;1099;49;4533.00;171
11921;46;623233828;11921;253;13016;13186;7.91;0.48;307.38;11.66;1095;49;4534.00;170
11923;46;623233843;11923;259;13017;13186;7.90;0.48;307.42;11.67;1094;49;4535.00;169
11925;46;623233856;11925;266;13054;13256;7.92;0.48;307.48;11.63;1129;49;4536.00;202
11930;46;623233876;11930;266;13057;13257;7.82;0.47;307.55;11.63;1127;49;4537.00;200
11932;46;623233891;11932;267;13062;13257;7.76;0.47;307.52;11.63;1130;49;4538.00;195
11935;46;623233905;11935;268;13068;13257;7.72;0.47;307.60;11.63;1133;49;4539.00;189
11938;46;623233920;11938;263;13071;13257;7.67;0.47;307.67;11.63;1133;49;4540.00;186
11940;46;623233936;11940;266;13078;13257;7.60;0.46;307.72;11.63;1138;49;4541.00;179
11943;46;623233951;11943;271;13080;13257;7.56;0.46;307.73;11.63;1137;49;4542.00;177
11945;46;623233966;11945;266;13085;13257;7.58;0.46;307.78;11.62;1140;49;4543.00;172
11948;46;623233980;11948;269;13087;13258;7.56;0.46;307.80;11.62;1139;49;4544.00;171
11951;46;623233997;11951;271;13089;13260;7.53;0.46;307.84;11.62;1138;49;4545.00;171
11952;46;623234011;11952;277;13090;13260;7.49;0.46;307.90;11.62;1138;49;4546.00;170
11954;46;623234025;11954;280;13094;13264;7.41;0.45;307.90;11.63;1140;49;4547.00;170
11957;46;623234040;11957;288;13094;13264;7.33;0.45;307.88;11.63;1137;49;4548.00;170
11959;46;623234054;11959;292;13094;13264;7.27;0.44;307.95;11.63;1135;49;4549.00;170
11967;46;623234069;11967;295;13095;13264;7.17;0.44;307.96;11.64;1128;49;4550.00;169
11970;46;623234082;11970;298;13101;13270;7.18;0.44;307.98;11.64;1131;49;4551.00;169
11972;46;623234097;11972;309;13101;13270;7.13;0.43;307.99;11.64;1129;49;4552.00;169
11978;46;623234110;11978;312;13104;13270;7.07;0.43;308.05;11.67;1126;49;4553.00;166
11980;46;623234125;11980;314;13106;13273;7.13;0.43;308.05;11.66;1126;49;4554.00;167
11981;46;623234139;11981;325;13108;13273;7.14;0.44;308.03;11.68;1127;49;4555.00;165
11984;46;623234152;11984;333;13109;13273;7.13;0.43;308.03;11.68;1125;49;4556.00;164
11990;46;623234166;11990;329;13109;13274;7.08;0.43;307.96;11.68;1119;49;4557.00;165
11990;46;623234180;11990;334;13112;13275;7.06;0.43;307.96;11.70;1122;49;4558.00;163
11993;46;623234194;11993;330;13112;13275;7.02;0.43;307.99;11.70;1119;49;4559.00;163
11996;46;623234209;11996;342;13131;13301;7.03;0.43;308.04;11.70;1135;49;4560.00;170
11999;46;623234225;11999;340;13134;13301;7.00;0.43;308.05;11.71;1135;49;4561.00;167
12003;46;623234238;12003;344;13136;13301;7.00;0.43;308.03;11.71;1133;49;4562.00;165
12004;46;623234253;12004;344;13138;13302;6.98;0.43;308.05;11.72;1134;49;4563.00;164
12007;46;623234266;12007;350;13139;13302;6.94;0.42;308.11;11.73;1132;49;4564.00;163
12009;46;623234279;12009;356;13144;13306;6.88;0.42;308.17;11.72;1135;49;4565.00;162
12014;46;623234293;12014;356;13145;13306;6.75;0.41;308.26;11.74;1131;49;4566.00;161
12016;46;623234307;12016;365;13149;13310;6.62;0.40;308.28;11.74;1133;49;4567.00;161
12020;46;623234320;12020;371;13150;13310;6.44;0.39;308.29;11.75;1130;49;4568.00;160
12021;46;623234333;12021;374;13150;13310;6.31;0.38;308.33;11.75;1129;49;4569.00;160
12023;46;623234345;12023;385;13151;13310;6.18;0.38;308.32;11.76;1128;49;4570.00;159
12025;46;623234358;12025;383;13151;13310;6.10;0.37;308.34;11.76;1126;49;4571.00;159
12025;46;623234370;12025;389;13162;13322;6.11;0.37;308.34;11.76;1137;49;4572.00;160
12029;46;623234383;12029;395;13164;13322;6.02;0.37;308.39;11.79;1135;49;4573.00;158
12031;46;623234395;12031;398;13166;13322;5.96;0.36;308.38;11.79;1135;49;4574.00;156
12033;46;623234409;12033;405;13167;13322;5.92;0.36;308.41;11.80;1134;49;4575.00;155
12035;46;623234427;12035;404;13167;13322;5.89;0.36;308.44;11.80;1132;49;4576.00;155
12040;46;623234448;12040;405;13168;13322;5.83;0.36;308.42;11.81;1128;49;4577.00;154
12042;46;623234468;12042;408;13170;13323;5.80;0.35;308.48;11.83;1128;49;4578.00;153
12044;46;623234487;12044;408;13171;13323;5.74;0.35;308.48;11.84;1127;49;4579.00;152
12047;46;623234505;12047;420;13177;13329;5.72;0.35;308.50;11.84;1130;49;4580.00;152
12049;46;623234523;12049;426;13178;13330;5.66;0.34;308.55;11.84;1129;49;4581.00;152
12052;46;623234537;12052;425;13179;13330;5.64;0.34;308.62;11.85;1127;49;4582.00;151
12055;46;623234550;12055;427;13179;13330;5.59;0.34;308.61;11.85;1124;49;4583.00;151
12059;46;623234564;12059;426;13183;13334;5.56;0.34;308.65;11.85;1124;49;4584.00;151
12066;46;623234577;12066;429;13185;13334;5.47;0.33;308.63;11.87;1119;49;4585.00;149
12070;46;623234591;12070;429;13186;13334;5.37;0.33;308.67;11.88;1116;49;4586.00;148
12074;46;623234604;12074;435;13187;13335;5.26;0.32;308.76;11.88;1113;49;4587.00;148
12076;46;623234617;12076;439;13190;13339;5.16;0.31;308.78;11.88;1114;49;4588.00;149
12079;46;623234629;12079;447;13191;13339;5.02;0.31;308.81;11.88;1112;49;4589.00;148
12082;46;623234643;12082;448;13197;13345;4.94;0.30;308.83;11.90;1115;49;4590.00;148
12085;46;623234656;12085;443;13197;13345;4.88;0.30;308.90;11.90;1112;49;4591.00;148
12087;46;623234667;12087;443;13200;13345;4.87;0.30;308.89;11.90;1113;49;4592.00;145
12092;46;623234679;12092;444;13200;13345;4.84;0.30;308.93;11.90;1108;49;4593.00;145
12095;46;623234691;12095;442;13205;13349;4.91;0.30;308.95;11.91;1110;49;4594.00;144
12100;46;623234704;12100;442;13207;13349;4.90;0.30;309.01;11.92;1107;49;4595.00;142
12103;46;623234716;12103;443;13208;13349;4.90;0.30;309.04;11.93;1105;49;4596.00;141
12104;46;623234728;12104;440;13208;13349;4.92;0.30;309.05;11.93;1104;49;4597.00;141
12107;46;623234740;12107;438;13208;13350;4.92;0.30;309.08;11.93;1101;49;4598.00;142
12110;46;623234753;12110;436;13209;13351;4.90;0.30;309.11;11.93;1099;49;4599.00;142
12112;46;623234765;12112;439;13209;13351;4.91;0.30;309.10;11.93;1097;49;4600.00;142
12115;46;623234782;12115;433;13210;13352;4.93;0.30;309.10;11.93;1095;49;4601.00;142
12117;46;623234795;12117;436;13210;13352;4.96;0.30;309.15;11.93;1093;49;4602.00;142
12120;46;623234807;12120;430;13210;13352;4.95;0.30;309.14;11.93;1090;49;4603.00;142
12124;46;623234820;12124;427;13211;13352;4.92;0.30;309.15;12.06;1087;49;4604.00;141
12127;46;623234833;12127;423;13211;13352;4.90;0.30;309.14;12.06;1084;49;4605.00;141
12130;46;623234845;12130;426;13211;13352;4.88;0.30;309.15;12.06;1081;49;4606.00;141
12136;46;623234857;12136;427;13211;13352;4.85;0.30;309.08;12.06;1075;49;4607.00;141
12137;46;623234869;12137;430;13276;13479;5.39;0.34;309.07;12.00;1139;49;4608.00;203
12143;46;623234891;12143;429;13280;13480;5.33;0.33;309.06;12.00;1137;49;4609.00;200
12147;46;623234904;12147;429;13290;13480;5.37;0.33;309.06;11.99;1143;49;4610.00;190
12148;46;623234916;12148;433;13292;13480;5.36;0.33;309.06;11.99;1144;49;4611.00;188
12153;46;623234930;12153;442;13297;13480;5.38;0.33;309.11;11.99;1144;49;4612.00;183
12155;46;623234946;12155;444;13300;13480;5.36;0.33;309.13;11.98;1145;49;4613.00;180
12159;46;623234965;12159;453;13302;13480;5.31;0.33;309.14;11.98;1143;49;4614.00;178
12164;46;623234978;12164;454;13304;13480;5.21;0.32;309.15;11.98;1140;49;4615.00;176
12167;46;623234992;12167;453;13306;13481;5.14;0.32;309.13;11.98;1139;49;4616.00;175
12171;46;623235005;12171;456;13310;13482;5.03;0.31;309.09;11.98;1139;49;4617.00;172
12176;46;623235017;12176;465;13312;13482;4.92;0.30;309.05;11.98;1136;49;4618.00;170
12180;46;623235030;12180;476;13314;13483;4.83;0.30;309.01;11.98;1134;49;4619.00;169
12184;46;623235044;12184;484;13316;13483;4.73;0.29;308.98;11.98;1132;49;4620.00;167
12188;46;623235057;12188;491;13318;13483;4.72;0.29;308.93;11.98;1130;49;4621.00;165
12190;46;623235069;12190;497;13321;13483;4.67;0.29;308.94;11.98;1131;49;4622.00;162
12193;46;623235081;12193;504;13326;13487;4.64;0.29;308.93;11.98;1133;49;4623.00;161
12194;46;623235094;12194;506;13327;13487;4.62;0.29;308.94;11.98;1133;49;4624.00;160
12196;46;623235106;12196;507;13328;13487;4.63;0.29;308.92;11.98;1132;49;4625.00;159
12201;46;623235118;12201;511;13331;13490;4.60;0.29;308.87;11.98;1130;49;4626.00;159
12204;46;623235130;12204;502;13333;13490;4.66;0.29;308.89;11.98;1129;49;4627.00;157
12206;46;623235142;12206;492;13335;13490;4.68;0.29;308.87;11.98;1129;49;4628.00;155
12208;46;623235162;12208;485;13340;13494;4.74;0.29;308.86;11.98;1132;49;4629.00;154
12212;46;623235175;12212;473;13341;13495;4.77;0.29;308.90;11.98;1129;49;4630.00;154
12216;46;623235189;12216;473;13342;13495;4.79;0.30;308.86;11.98;1126;49;4631.00;153
12219;46;623235202;12219;466;13346;13499;4.85;0.30;308.84;12.10;1127;49;4632.00;153
12222;46;623235216;12222;462;13346;13499;4.85;0.30;308.83;12.10;1124;49;4633.00;153
12224;47;623235241;12224;455;13346;13499;4.89;0.30;308.84;12.10;1122;50;4634.00;153
12226;47;623235272;12226;453;13348;13501;4.93;0.30;308.84;12.10;1122;50;4635.00;153
12231;47;623235286;12231;451;13348;13501;4.93;0.30;308.80;12.10;1117;50;4636.00;153
12235;47;623235299;12235;435;13353;13507;4.96;0.30;308.76;12.10;1118;50;4637.00;154
12240;47;623235313;12240;426;13353;13507;4.96;0.30;308.75;12.10;1113;50;4638.00;154
12243;47;623235326;12243;409;13353;13508;5.01;0.31;308.77;12.10;1110;50;4639.00;155
12245;47;623235339;12245;399;13353;13508;5.03;0.31;308.77;12.10;1108;50;4640.00;155
12249;47;623235352;12249;402;13353;13508;5.07;0.31;308.71;12.10;1104;50;4641.00;155
12251;47;623235366;12251;396;13353;13508;5.16;0.32;308.73;12.10;1102;50;4642.00;155
12253;47;623235379;12253;396;13353;13508;5.24;0.32;308.72;12.10;1100;50;4643.00;155
12254;47;623235399;12254;389;13363;13520;5.43;0.33;308.70;12.09;1109;50;4644.00;157
12256;47;623235414;12256;389;13363;13520;5.58;0.34;308.70;12.09;1107;50;4645.00;157
12257;47;623235427;12257;367;13364;13520;5.69;0.35;308.74;12.09;1107;50;4646.00;156
12260;47;623235440;12260;349;13364;13520;5.79;0.35;308.74;12.09;1104;50;4647.00;156
12263;47;623235454;12263;337;13364;13520;5.91;0.36;308.79;12.09;1101;50;4648.00;156
12267;47;623235468;12267;333;13364;13520;5.99;0.37;308.82;12.09;1097;50;4649.00;156
12272;47;623235489;12272;324;13369;13526;6.08;0.37;308.92;12.08;1097;50;4650.00;157
12277;47;623235503;12277;310;13369;13526;6.22;0.38;308.97;12.08;1092;50;4651.00;157
12280;47;623235518;12280;310;13373;13530;6.33;0.38;308.96;12.08;1093;50;4652.00;157
12281;47;623235532;12281;301;13374;13531;6.44;0.39;308.95;12.08;1093;50;4653.00;157
12284;47;623235551;12284;297;13374;13531;6.51;0.39;308.93;12.08;1090;50;4654.00;157
12285;47;623235565;12285;288;13374;13531;6.53;0.39;308.99;12.08;1089;50;4655.00;157
12287;47;623235579;12287;284;13385;13544;6.61;0.40;309.02;12.07;1098;50;4656.00;159
12289;47;623235594;12289;281;13385;13544;6.67;0.40;309.00;12.07;1096;50;4657.00;159
12292;47;623235608;12292;269;13385;13544;6.73;0.41;309.07;12.07;1093;50;4658.00;159
12294;47;623235622;12294;268;13386;13545;6.81;0.41;309.06;12.07;1092;50;4659.00;159
12296;47;623235636;12296;263;13386;13546;6.88;0.42;309.12;12.07;1090;50;4660.00;160
12299;47;623235650;12299;259;13387;13546;6.92;0.42;309.11;12.20;1088;50;4661.00;159
12299;47;623235665;12299;256;13389;13549;6.97;0.42;309.11;12.20;1090;50;4662.00;160
12302;47;623235679;12302;250;13389;13549;6.94;0.42;309.12;12.20;1087;50;4663.00;160
12304;47;623235693;12304;258;13390;13549;7.02;0.42;309.13;12.20;1086;50;4664.00;159
12305;47;623235707;12305;255;13390;13549;7.01;0.42;309.12;12.20;1085;50;4665.00;159
12305;47;623235721;12305;252;13395;13555;7.05;0.43;309.12;12.19;1090;50;4666.00;160
12309;47;623235736;12309;247;13395;13555;7.03;0.43;309.16;12.19;1086;50;4667.00;160
12310;47;623235749;12310;251;13395;13555;7.08;0.43;309.21;12.19;1085;50;4668.00;160
12312;47;623235764;12312;241;13395;13555;7.14;0.43;309.20;12.19;1083;50;4669.00;160
12315;47;623235777;12315;243;13398;13559;7.18;0.43;309.24;12.19;1083;50;4670.00;161
12318;47;623235791;12318;247;13399;13560;7.20;0.44;309.25;12.19;1081;50;4671.00;161
12321;47;623235805;12321;247;13399;13560;7.26;0.44;309.36;12.19;1078;50;4672.00;161
12322;47;623235819;12322;246;13400;13561;7.34;0.45;309.40;12.19;1078;50;4673.00;161
12323;47;623235833;12323;240;13400;13561;7.46;0.45;309.46;12.19;1077;50;4674.00;161
12328;47;623235846;12328;243;13400;13561;7.49;0.45;309.47;12.19;1072;50;4675.00;161
12329;47;623235860;12329;237;13401;13561;7.61;0.46;309.52;12.32;1072;50;4676.00;160
12331;47;623235873;12331;233;13401;13561;7.73;0.47;309.54;12.32;1070;50;4677.00;160
12333;47;623235887;12333;225;13401;13561;7.83;0.48;309.58;12.32;1068;50;4678.00;160
12335;47;623235901;12335;229;13401;13561;7.90;0.48;309.61;12.32;1066;50;4679.00;160
12337;47;623235916;12337;256;13467;13686;7.87;0.48;309.68;12.26;1130;50;4680.00;219
12339;47;623235940;12339;243;13468;13687;7.88;0.48;309.74;12.26;1129;50;4681.00;219
12343;47;623235954;12343;237;13474;13687;7.90;0.48;309.72;12.26;1131;50;4682.00;213
12347;47;623235969;12347;235;13475;13687;7.90;0.48;309.77;12.26;1128;50;4683.00;212
12352;47;623235983;12352;234;13480;13687;7.90;0.48;309.87;12.25;1128;50;4684.00;207
12354;47;623235998;12354;233;13482;13687;7.89;0.48;309.86;12.25;1128;50;4685.00;205
12359;47;623236012;12359;241;13486;13687;7.94;0.48;309.90;12.25;1127;50;4686.00;201
12362;47;623236028;12362;254;13489;13687;7.95;0.48;309.97;12.25;1127;50;4687.00;198
12364;47;623236044;12364;261;13493;13688;7.92;0.48;309.95;12.25;1129;50;4688.00;195
12366;47;623236059;12366;274;13495;13689;7.88;0.48;310.04;12.25;1129;50;4689.00;194
12367;47;623236074;12367;271;13498;13689;7.85;0.48;310.03;12.25;1131;50;4690.00;191
12370;47;623236088;12370;267;13502;13693;7.80;0.48;310.03;12.24;1132;50;4691.00;191
12372;47;623236103;12372;264;13504;13693;7.76;0.48;310.06;12.38;1132;50;4692.00;189
12375;47;623236118;12375;264;13507;13693;7.64;0.47;310.16;12.38;1132;50;4693.00;186
12377;47;623236132;12377;261;13508;13693;7.57;0.47;310.14;12.38;1131;50;4694.00;185
12383;47;623236146;12383;263;13513;13699;7.51;0.46;310.17;12.39;1130;50;4695.00;186
12388;47;623236162;12388;262;13514;13699;7.49;0.46;310.23;12.39;1126;50;4696.00;185
12392;47;623236176;12392;257;13514;13699;7.46;0.46;310.27;12.39;1122;50;4697.00;185
12395;47;623236190;12395;259;13517;13702;7.49;0.46;310.25;12.38;1122;50;4698.00;185
12398;47;623236204;12398;263;13517;13702;7.53;0.46;310.23;12.38;1119;50;4699.00;185
12402;47;623236219;12402;267;13517;13702;7.51;0.46;310.23;12.38;1115;50;4700.00;185
12406;47;623236237;12406;255;13517;13703;7.50;0.46;310.30;12.38;1111;50;4701.00;186
12409;47;623236252;12409;260;13518;13704;7.53;0.46;310.31;12.38;1109;50;4702.00;186
12417;47;623236301;12417;264;13518;13704;7.48;0.46;310.37;12.38;1101;50;4703.00;186
12422;47;623236315;12422;266;13528;13717;7.43;0.45;310.36;12.38;1106;50;4704.00;189
12427;47;623236331;12427;264;13529;13717;7.37;0.45;310.46;12.38;1102;50;4705.00;188
12433;47;623236345;12433;274;13529;13717;7.31;0.44;310.49;12.38;1096;50;4706.00;188
12437;47;623236358;12437;275;13531;13718;7.27;0.44;310.51;12.38;1094;50;4707.00;187
12439;47;623236372;12439;274;13531;13718;7.25;0.44;310.52;12.38;1092;50;4708.00;187
12444;47;623236386;12444;273;13534;13722;7.27;0.44;310.54;12.38;1090;50;4709.00;188
12446;47;623236401;12446;275;13534;13722;7.23;0.44;310.54;12.38;1088;50;4710.00;188
12447;47;623236419;12447;280;13539;13726;7.20;0.44;310.60;12.38;1092;50;4711.00;187
12449;47;623236440;12449;282;13539;13726;7.18;0.44;310.65;12.38;1090;50;4712.00;187
12453;47;623236461;12453;278;13540;13726;7.06;0.43;310.73;12.38;1087;50;4713.00;186
12456;47;623236489;12456;277;13541;13726;6.99;0.42;310.78;12.38;1085;50;4714.00;185
12457;47;623236507;12457;278;13541;13726;6.94;0.42;310.80;12.38;1084;50;4715.00;185
12460;47;623236527;12460;286;13552;13738;6.95;0.42;310.84;12.38;1092;50;4716.00;186
12462;47;623236542;12462;291;13553;13738;6.90;0.42;310.83;12.38;1091;50;4717.00;185
12464;47;623236555;12464;293;13554;13738;6.82;0.41;310.93;12.38;1090;50;4718.00;184
12467;47;623236570;12467;294;13554;13738;6.77;0.41;311.03;12.38;1087;50;4719.00;184
12470;47;623236583;12470;304;13555;13738;6.66;0.41;311.10;12.38;1085;50;4720.00;183
12473;47;623236597;12473;310;13556;13738;6.56;0.40;311.10;12.40;1083;50;4721.00;182
12474;47;623236610;12474;317;13557;13739;6.49;0.40;311.13;12.40;1083;50;4722.00;182
12476;47;623236623;12476;323;13558;13739;6.40;0.39;311.17;12.41;1082;50;4723.00;181
12477;47;623236637;12477;328;13563;13745;6.40;0.39;311.20;12.41;1086;50;4724.00;182
12479;47;623236651;12479;332;13566;13747;6.35;0.39;311.30;12.41;1087;50;4725.00;181
12482;47;623236665;12482;336;13567;13747;6.32;0.39;311.26;12.42;1085;50;4726.00;180
12484;47;623236679;12484;335;13567;13747;6.25;0.38;311.27;12.42;1083;50;4727.00;180
12485;47;623236691;12485;344;13571;13751;6.31;0.39;311.28;12.44;1086;50;4728.00;180
12489;47;623236704;12489;354;13572;13751;6.28;0.38;311.30;12.44;1083;50;4729.00;179
12491;47;623236717;12491;353;13573;13751;6.25;0.38;311.29;12.45;1082;50;4730.00;178
12494;47;623236729;12494;354;13575;13752;6.26;0.38;311.32;12.46;1081;50;4731.00;177
12496;47;623236742;12496;364;13579;13756;6.21;0.38;311.36;12.47;1083;50;4732.00;177
12500;47;623236755;12500;366;13581;13756;6.15;0.38;311.39;12.48;1081;50;4733.00;175
12504;47;623236768;12504;373;13584;13759;6.10;0.37;311.41;12.48;1080;50;4734.00;175
12509;47;623236781;12509;379;13584;13759;6.04;0.37;311.51;12.48;1075;50;4735.00;175
12512;47;623236794;12512;382;13586;13759;5.98;0.37;311.48;12.50;1074;50;4736.00;173
12515;47;623236806;12515;390;13587;13759;5.91;0.36;311.55;12.50;1072;50;4737.00;172
12516;47;623236818;12516;396;13592;13763;5.91;0.36;311.56;12.51;1076;50;4738.00;171
12518;47;623236830;12518;396;13593;13763;5.84;0.36;311.58;12.51;1075;50;4739.00;170
12520;47;623236845;12520;405;13594;13763;5.78;0.35;311.55;12.52;1074;50;4740.00;169
12521;47;623236856;12521;403;13594;13763;5.71;0.35;311.54;12.52;1073;50;4741.00;169
12523;47;623236868;12523;401;13594;13764;5.67;0.35;311.56;12.52;1071;50;4742.00;170
12525;47;623236880;12525;401;13596;13765;5.64;0.34;311.56;12.53;1071;50;4743.00;169
12526;47;623236892;12526;406;13596;13765;5.56;0.34;311.54;12.53;1070;50;4744.00;169
12526;47;623236904;12526;412;13598;13766;5.54;0.34;311.54;12.55;1072;50;4745.00;168
12529;47;623236915;12529;416;13599;13766;5.51;0.34;311.49;12.56;1070;50;4746.00;167
12531;47;623236927;12531;424;13599;13766;5.49;0.34;311.47;12.56;1068;50;4747.00;167
12536;47;623236939;12536;429;13602;13766;5.41;0.33;311.49;12.59;1066;50;4748.00;164
12539;47;623236952;12539;429;13602;13766;5.41;0.33;311.43;12.59;1063;50;4749.00;164
12539;47;623236964;12539;425;13602;13766;5.38;0.33;311.43;12.59;1063;50;4750.00;164
12539;47;623236975;12539;432;13603;13766;5.35;0.33;311.43;12.60;1064;50;4751.00;163
12543;47;623236986;12543;454;13667;13893;5.62;0.35;311.38;12.55;1124;50;4752.00;226
12547;47;623237008;12547;449;13668;13894;5.55;0.34;311.33;12.54;1121;50;4753.00;226
12548;47;623237021;12548;443;13679;13894;5.57;0.34;311.33;12.55;1131;50;4754.00;215
12552;47;623237034;12552;443;13683;13894;5.49;0.34;311.28;12.54;1131;50;4755.00;211
12555;47;623237058;12555;438;13690;13894;5.40;0.33;311.26;12.55;1135;50;4756.00;204
12556;47;623237070;12556;444;13694;13894;5.24;0.32;311.27;12.55;1138;50;4757.00;200
12559;47;623237082;12559;451;13703;13894;5.11;0.32;311.23;12.58;1144;50;4758.00;191
12563;47;623237095;12563;457;13707;13894;5.00;0.31;311.22;12.57;1144;50;4759.00;187
12565;47;623237107;12565;452;13711;13895;4.91;0.30;311.22;12.58;1146;50;4760.00;184
12566;47;623237119;12566;451;13713;13896;4.89;0.30;311.25;12.58;1147;50;4761.00;183
12568;47;623237132;12568;455;13717;13896;4.85;0.30;311.24;12.60;1149;50;4762.00;179
12571;47;623237144;12571;468;13719;13897;4.83;0.30;311.24;12.60;1148;50;4763.00;178
12572;47;623237157;12572;473;13723;13897;4.80;0.30;311.29;12.61;1151;50;4764.00;174
12576;47;623237169;12576;481;13725;13897;4.73;0.29;311.31;12.62;1149;50;4765.00;172
12578;47;623237181;12578;487;13728;13897;4.71;0.29;311.33;12.62;1150;50;4766.00;169
12578;47;623237194;12578;489;13734;13901;4.69;0.29;311.33;12.63;1156;50;4767.00;167
12580;47;623237205;12580;490;13734;13901;4.64;0.29;311.33;12.63;1154;50;4768.00;167
12583;47;623237218;12583;483;13735;13901;4.60;0.28;311.33;12.63;1152;50;4769.00;166
12584;47;623237232;12584;489;13741;13907;4.62;0.28;311.36;12.64;1157;50;4770.00;166
12587;47;623237245;12587;485;13742;13907;4.59;0.28;311.37;12.64;1155;50;4771.00;165
12589;47;623237258;12589;489;13744;13907;4.59;0.28;311.40;12.64;1155;50;4772.00;163
12590;47;623237270;12590;489;13748;13911;4.66;0.29;311.39;12.64;1158;50;4773.00;163
12594;47;623237283;12594;492;13749;13912;4.70;0.29;311.33;12.64;1155;50;4774.00;163
12597;47;623237296;12597;486;13751;13912;4.68;0.29;311.28;12.64;1154;50;4775.00;161
12599;47;623237309;12599;501;13754;13916;4.71;0.29;311.26;12.64;1155;50;4776.00;162
12603;47;623237322;12603;502;13755;13916;4.71;0.29;311.24;12.64;1152;50;4777.00;161
12605;47;623237335;12605;506;13756;13916;4.68;0.29;311.23;12.64;1151;50;4778.00;160
12606;47;623237348;12606;501;13756;13917;4.70;0.29;311.24;12.64;1150;50;4779.00;161
12610;47;623237361;12610;493;13756;13917;4.67;0.29;311.21;12.64;1146;50;4780.00;161
12614;47;623237374;12614;489;13761;13923;4.65;0.29;311.19;12.64;1147;50;4781.00;162
12616;47;623237388;12616;486;13762;13923;4.68;0.29;311.19;12.64;1146;50;4782.00;161
12620;47;623237402;12620;481;13762;13924;4.66;0.29;311.15;12.64;1142;50;4783.00;162
12622;48;623237417;12622;488;13762;13924;4.68;0.29;311.14;12.64;1140;51;4784.00;162
12624;48;623237444;12624;483;13762;13924;4.71;0.29;311.10;12.64;1138;51;4785.00;162
12628;48;623237463;12628;487;13762;13924;4.73;0.29;311.14;12.64;1134;51;4786.00;162
12632;48;623237476;12632;490;13762;13924;4.76;0.29;311.20;12.64;1130;51;4787.00;162
12633;48;623237489;12633;481;13772;13936;4.89;0.30;311.17;12.63;1139;51;4788.00;164
12638;48;623237508;12638;477;13772;13936;4.90;0.30;311.19;12.63;1134;51;4789.00;164
12638;48;623237521;12638;471;13773;13936;5.01;0.31;311.19;12.63;1135;51;4790.00;163
12642;48;623237539;12642;464;13773;13936;5.03;0.31;311.23;12.63;1131;51;4791.00;163
12645;48;623237552;12645;454;13773;13936;5.05;0.31;311.21;12.63;1128;51;4792.00;163
12647;48;623237565;12647;447;13773;13936;5.11;0.31;311.20;12.63;1126;51;4793.00;163
12650;48;623237577;12650;448;13776;13940;5.21;0.32;311.19;12.62;1126;51;4794.00;164
12654;48;623237590;12654;445;13777;13940;5.16;0.31;311.16;12.76;1123;51;4795.00;163
12657;48;623237604;12657;439;13781;13944;5.19;0.32;311.17;12.76;1124;51;4796.00;163
12660;48;623237616;12660;439;13782;13945;5.18;0.31;311.16;12.76;1122;51;4797.00;163
12664;48;623237629;12664;435;13782;13945;5.14;0.31;311.13;12.76;1118;51;4798.00;163
12665;48;623237641;12665;431;13782;13945;5.14;0.31;311.11;12.76;1117;51;4799.00;163
12670;48;623237656;12670;427;13804;13986;5.27;0.32;311.13;12.74;1134;51;4800.00;182
12673;48;623237676;12673;426;13804;13986;5.29;0.32;311.19;12.74;1131;51;4801.00;182
12676;48;623237689;12676;424;13807;13986;5.36;0.33;311.26;12.73;1131;51;4802.00;179
12679;48;623237702;12679;415;13809;13987;5.40;0.33;311.28;12.73;1130;51;4803.00;178
12682;48;623237714;12682;405;13809;13988;5.42;0.33;311.25;12.73;1127;51;4804.00;179
12686;48;623237727;12686;410;13811;13988;5.40;0.33;311.24;12.73;1125;51;4805.00;177
12690;48;623237740;12690;409;13814;13991;5.46;0.33;311.25;12.73;1124;51;4806.00;177
12692;48;623237753;12692;397;13814;13991;5.51;0.34;311.24;12.73;1122;51;4807.00;177
12695;48;623237767;12695;386;13816;13991;5.52;0.34;311.30;12.73;1121;51;4808.00;175
12696;48;623237780;12696;383;13817;13991;5.55;0.34;311.31;12.87;1121;51;4809.00;174
12700;48;623237793;12700;380;13822;13997;5.61;0.34;311.39;12.86;1122;51;4810.00;175
12704;48;623237807;12704;381;13823;13997;5.63;0.34;311.40;12.86;1119;51;4811.00;174
12706;48;623237821;12706;378;13825;13997;5.69;0.35;311.41;13.00;1119;51;4812.00;172
12708;48;623237834;12708;377;13825;13997;5.72;0.35;311.47;13.00;1117;51;4813.00;172
12709;48;623237849;12709;375;13828;14001;5.78;0.35;311.49;13.00;1119;51;4814.00;173
12713;48;623237862;12713;374;13830;14003;5.79;0.35;311.57;13.00;1117;51;4815.00;173
12717;48;623237881;12717;367;13831;14003;5.83;0.36;311.56;13.00;1114;51;4816.00;172
12718;48;623237895;12718;349;13832;14004;5.90;0.36;311.54;13.00;1114;51;4817.00;172
12722;48;623237909;12722;337;13833;14004;5.93;0.36;311.58;13.14;1111;51;4818.00;171
12723;48;623237922;12723;323;13833;14004;6.05;0.37;311.62;13.14;1110;51;4819.00;171
12723;48;623237941;12723;316;13833;14004;6.18;0.38;311.62;13.14;1110;51;4820.00;171
12727;48;623237954;12727;306;13833;14004;6.26;0.38;311.66;13.14;1106;51;4821.00;171
12729;48;623237969;12729;294;13834;14004;6.34;0.39;311.69;13.14;1105;51;4822.00;170
12730;48;623237983;12730;291;13834;14004;6.40;0.39;311.73;13.14;1104;51;4823.00;170
12733;48;623238003;12733;299;13876;14074;6.52;0.40;311.76;13.10;1143;51;4824.00;198
12736;48;623238024;12736;290;13877;14075;6.57;0.40;311.86;13.10;1141;51;4825.00;198
12739;48;623238041;12739;290;13881;14075;6.68;0.41;311.88;13.09;1142;51;4826.00;194
12742;48;623238056;12742;285;13882;14075;6.75;0.41;311.93;13.23;1140;51;4827.00;193
12745;48;623238072;12745;278;13888;14077;6.83;0.42;312.03;13.23;1143;51;4828.00;189
12747;48;623238088;12747;275;13888;14077;6.90;0.42;312.06;13.23;1141;51;4829.00;189
12754;48;623238105;12754;277;13891;14077;6.95;0.42;312.12;13.23;1137;51;4830.00;186
12756;48;623238120;12756;271;13894;14077;7.05;0.43;312.17;13.23;1138;51;4831.00;183
12759;48;623238134;12759;278;13897;14078;7.14;0.43;312.23;13.22;1138;51;4832.00;181
12762;48;623238149;12762;277;13902;14079;7.16;0.43;312.26;13.23;1140;51;4833.00;177
12765;48;623238164;12765;275;13904;14079;7.21;0.44;312.35;13.22;1139;51;4834.00;175
12767;48;623238179;12767;282;13908;14083;7.27;0.44;312.37;13.22;1141;51;4835.00;175
12770;48;623238194;12770;281;13909;14083;7.33;0.45;312.40;13.22;1139;51;4836.00;174
12773;48;623238208;12773;279;13909;14083;7.39;0.45;312.51;13.22;1136;51;4837.00;174
12775;48;623238223;12775;277;13910;14083;7.43;0.45;312.51;13.22;1135;51;4838.00;173
12777;48;623238237;12777;268;13916;14089;7.47;0.45;312.54;13.36;1139;51;4839.00;173
12780;48;623238253;12780;269;13916;14089;7.47;0.46;312.58;13.36;1136;51;4840.00;173
12784;48;623238273;12784;268;13916;14089;7.46;0.45;312.70;13.36;1132;51;4841.00;173
12788;48;623238288;12788;263;13918;14092;7.51;0.46;312.77;13.35;1130;51;4842.00;174
12791;48;623238303;12791;259;13918;14092;7.50;0.46;312.79;13.35;1127;51;4843.00;174
12796;48;623238318;12796;257;13920;14092;7.46;0.45;312.88;13.49;1124;51;4844.00;172
12799;48;623238333;12799;260;13920;14093;7.45;0.45;312.92;13.49;1121;51;4845.00;173
12804;48;623238347;12804;254;13922;14094;7.45;0.45;313.02;13.63;1118;51;4846.00;172
12808;48;623238362;12808;252;13922;14094;7.45;0.45;313.04;13.63;1114;51;4847.00;172
12809;48;623238376;12809;253;13932;14107;7.52;0.46;313.05;13.62;1123;51;4848.00;175
12812;48;623238392;12812;247;13934;14107;7.58;0.46;313.08;13.76;1122;51;4849.00;173
12815;48;623238407;12815;241;13934;14107;7.58;0.46;313.13;13.76;1119;51;4850.00;173
12818;48;623238427;12818;238;13935;14108;7.58;0.46;313.15;13.76;1117;51;4851.00;173
12820;48;623238450;12820;240;13936;14108;7.52;0.46;313.17;13.90;1116;51;4852.00;172
12823;48;623238474;12823;234;13939;14112;7.51;0.46;313.16;13.90;1116;51;4853.00;173
12824;48;623238498;12824;229;13939;14112;7.50;0.45;313.17;13.90;1115;51;4854.00;173
12825;48;623238519;12825;232;13942;14116;7.49;0.45;313.17;13.90;1117;51;4855.00;174
12827;48;623238539;12827;227;13942;14116;7.50;0.45;313.20;13.90;1115;51;4856.00;174
12828;48;623238555;12828;232;13943;14116;7.55;0.46;313.20;14.03;1115;51;4857.00;173
12832;48;623238571;12832;232;13943;14116;7.59;0.46;313.16;14.03;1111;51;4858.00;173
12835;48;623238587;12835;229;13943;14116;7.57;0.46;313.14;14.03;1108;51;4859.00;173
12838;48;623238605;12838;225;13963;14150;7.61;0.46;313.17;14.01;1125;51;4860.00;187
12842;48;623238623;12842;233;13963;14150;7.57;0.46;313.22;14.01;1121;51;4861.00;187
12844;48;623238637;12844;230;13968;14150;7.54;0.46;313.20;14.01;1124;51;4862.00;182
12849;48;623238653;12849;231;13968;14150;7.51;0.46;313.20;14.01;1119;51;4863.00;182
12851;48;623238668;12851;222;13970;14150;7.51;0.46;313.25;14.01;1119;51;4864.00;180
12856;48;623238683;12856;223;13972;14150;7.48;0.45;313.23;14.03;1116;51;4865.00;178
12859;48;623238699;12859;223;13972;14151;7.45;0.45;313.25;14.03;1113;51;4866.00;179
12860;48;623238713;12860;228;13972;14151;7.50;0.46;313.29;14.03;1112;51;4867.00;179
12867;48;623238736;12867;229;13976;14157;7.50;0.46;313.38;14.03;1109;51;4868.00;181
12870;48;623238751;12870;228;13976;14158;7.41;0.45;313.38;14.03;1106;51;4869.00;182
12874;48;623238766;12874;230;13977;14158;7.35;0.45;313.44;14.03;1103;51;4870.00;181
12878;48;623238780;12878;239;13977;14158;7.25;0.44;313.41;14.03;1099;51;4871.00;181
12880;48;623238796;12880;248;13979;14162;7.23;0.44;313.40;14.03;1099;51;4872.00;183
12884;48;623238811;12884;247;13980;14162;7.14;0.44;313.42;14.03;1096;51;4873.00;182
12887;48;623238826;12887;253;13981;14162;7.14;0.43;313.45;14.03;1094;51;4874.00;181
12888;48;623238841;12888;256;13982;14163;7.19;0.44;313.49;14.03;1094;51;4875.00;181
12892;48;623238855;12892;256;13985;14167;7.19;0.44;313.51;14.02;1093;51;4876.00;182
12897;48;623238870;12897;269;13986;14167;7.15;0.44;313.52;14.15;1089;51;4877.00;181
12902;48;623238884;12902;268;13990;14170;7.13;0.43;313.61;14.15;1088;51;4878.00;180
12906;48;623238898;12906;271;13991;14170;7.11;0.43;313.60;14.15;1085;51;4879.00;179
12908;48;623238912;12908;275;13992;14170;7.06;0.43;313.61;14.15;1084;51;4880.00;178
12912;48;623238926;12912;283;13992;14170;6.96;0.42;313.64;14.15;1080;51;4881.00;178
12915;48;623238940;12915;277;13996;14174;6.98;0.42;313.64;14.15;1081;51;4882.00;178
12918;48;623238954;12918;282;13996;14174;6.92;0.42;313.66;14.15;1078;51;4883.00;178
12921;48;623238969;12921;294;13996;14174;6.88;0.42;313.72;14.15;1075;51;4884.00;178
12922;48;623238983;12922;301;13996;14174;6.88;0.42;313.73;14.15;1074;51;4885.00;178
12925;48;623238996;12925;302;13996;14175;6.83;0.42;313.76;14.15;1071;51;4886.00;179
12926;48;623239009;12926;308;13997;14176;6.76;0.41;313.78;14.15;1071;51;4887.00;179
12931;48;623239023;12931;317;13997;14176;6.62;0.40;313.86;14.15;1066;51;4888.00;179
12934;48;623239038;12934;320;13998;14177;6.53;0.40;313.99;14.15;1064;51;4889.00;179
12937;48;623239054;12937;324;14000;14177;6.46;0.39;313.99;14.17;1063;51;4890.00;177
12939;48;623239067;12939;336;14000;14177;6.38;0.39;313.97;14.17;1061;51;4891.00;177
12940;48;623239079;12940;341;14000;14177;6.31;0.38;314.00;14.17;1060;51;4892.00;177
12942;48;623239092;12942;346;14000;14177;6.26;0.38;314.04;14.17;1058;51;4893.00;177
12944;48;623239104;12944;359;14001;14177;6.21;0.38;314.11;14.18;1057;51;4894.00;176
12947;48;623239116;12947;360;14002;14177;6.11;0.37;314.17;14.20;1055;51;4895.00;175
12949;48;623239128;12949;378;14067;14304;6.36;0.39;314.19;14.15;1118;51;4896.00;237
12954;48;623239150;12954;378;14071;14305;6.20;0.38;314.23;14.16;1117;51;4897.00;234
12956;48;623239164;12956;372;14082;14305;6.21;0.38;314.30;14.16;1126;51;4898.00;223
12958;48;623239176;12958;373;14084;14305;6.16;0.38;314.32;14.17;1126;51;4899.00;221
12963;48;623239190;12963;379;14092;14305;6.11;0.38;314.34;14.18;1129;51;4900.00;213
12965;48;623239207;12965;386;14098;14305;6.03;0.37;314.36;14.20;1133;51;4901.00;207
12967;48;623239222;12967;387;14102;14305;5.97;0.37;314.38;14.21;1135;51;4902.00;203
12969;48;623239238;12969;396;14106;14305;5.92;0.36;314.41;14.22;1137;51;4903.00;199
12970;48;623239252;12970;406;14110;14306;5.86;0.36;314.39;14.23;1140;51;4904.00;196
12972;48;623239265;12972;412;14116;14308;5.77;0.35;314.41;14.24;1144;51;4905.00;192
12973;48;623239279;12973;419;14121;14308;5.72;0.35;314.39;14.26;1148;51;4906.00;187
12977;48;623239291;12977;421;14125;14309;5.58;0.34;314.39;14.28;1148;51;4907.00;184
12979;48;623239306;12979;438;14127;14309;5.49;0.34;314.36;14.28;1148;51;4908.00;182
12980;48;623239320;12980;441;14131;14309;5.35;0.33;314.40;14.30;1151;51;4909.00;178
12981;48;623239332;12981;443;14133;14309;5.24;0.32;314.38;14.30;1152;51;4910.00;176
12983;48;623239347;12983;442;14139;14313;5.15;0.32;314.37;14.32;1156;51;4911.00;174
12985;48;623239360;12985;457;14140;14313;5.06;0.31;314.34;14.32;1155;51;4912.00;173
12988;48;623239372;12988;467;14143;14313;4.96;0.31;314.34;14.32;1155;51;4913.00;170
12992;48;623239385;12992;471;14146;14316;4.90;0.30;314.35;14.33;1154;51;4914.00;170
12992;48;623239398;12992;477;14147;14316;4.87;0.30;314.35;14.33;1155;51;4915.00;169
12996;48;623239411;12996;483;14149;14316;4.81;0.30;314.30;14.35;1153;51;4916.00;167
12997;48;623239424;12997;499;14153;14320;4.84;0.30;314.27;14.34;1156;51;4917.00;167
12997;48;623239437;12997;495;14154;14321;4.84;0.30;314.27;14.34;1157;51;4918.00;167
12998;48;623239455;12998;502;14157;14321;4.82;0.30;314.26;14.36;1159;51;4919.00;164
13000;48;623239470;13000;502;14161;14326;4.79;0.29;314.22;14.35;1161;51;4920.00;165
13003;48;623239482;13003;505;14161;14326;4.70;0.29;314.17;14.35;1158;51;4921.00;165
13005;48;623239499;13005;506;14162;14326;4.60;0.28;314.17;14.35;1157;51;4922.00;164
13008;48;623239510;13008;513;14165;14327;4.54;0.28;314.18;14.38;1157;51;4923.00;162
13012;48;623239522;13012;513;14165;14327;4.43;0.27;314.13;14.38;1153;51;4924.00;162
13012;48;623239533;13012;516;14173;14333;4.42;0.27;314.13;14.39;1161;51;4925.00;160
13015;48;623239545;13015;515;14174;14333;4.35;0.27;314.12;14.39;1159;51;4926.00;159
13020;48;623239555;13020;513;14176;14334;4.26;0.26;314.10;14.40;1156;51;4927.00;158
13020;48;623239567;13020;521;14177;14334;4.17;0.26;314.10;14.40;1157;51;4928.00;157
13026;48;623239577;13026;519;14178;14334;4.00;0.25;314.04;14.41;1152;51;4929.00;156
13030;48;623239588;13030;511;14178;14334;3.88;0.24;314.09;14.41;1148;51;4930.00;156
13031;48;623239599;13031;500;14180;14334;3.85;0.24;314.12;14.42;1149;51;4931.00;154
13033;48;623239610;13033;493;14190;14346;3.91;0.24;314.12;14.41;1157;51;4932.00;156
13034;48;623239623;13034;481;14191;14346;3.93;0.24;314.13;14.41;1157;51;4933.00;155
13035;48;623239633;13035;481;14193;14346;4.00;0.25;314.14;14.41;1158;51;4934.00;153
13038;48;623239645;13038;477;14193;14346;4.05;0.25;314.15;14.41;1155;51;4935.00;153
13038;48;623239657;13038;477;14193;14346;4.16;0.26;314.15;14.41;1155;51;4936.00;153
13040;48;623239674;13040;465;14193;14346;4.27;0.26;314.17;14.41;1153;51;4937.00;153
13042;48;623239692;13042;461;14196;14350;4.41;0.27;314.15;14.41;1154;51;4938.00;154
13043;48;623239704;13043;458;14196;14350;4.51;0.28;314.16;14.41;1153;51;4939.00;154
13046;48;623239716;13046;450;14200;14354;4.63;0.28;314.15;14.41;1154;51;4940.00;154
13047;48;623239734;13047;441;14201;14355;4.70;0.29;314.16;14.41;1154;51;4941.00;154
13051;48;623239747;13051;435;14201;14355;4.76;0.29;314.12;14.41;1150;51;4942.00;154
13054;48;623239759;13054;435;14201;14355;4.82;0.29;314.12;14.41;1147;51;4943.00;154
13056;48;623239772;13056;434;14212;14368;4.96;0.30;314.12;14.39;1156;51;4944.00;156
13060;48;623239785;13060;424;14212;14368;5.05;0.31;314.07;14.39;1152;51;4945.00;156
13062;48;623239798;13062;430;14212;14368;5.10;0.31;314.06;14.39;1150;51;4946.00;156
13064;48;623239811;13064;428;14213;14369;5.13;0.31;314.06;14.39;1149;51;4947.00;156
13069;48;623239823;13069;428;14213;14370;5.12;0.31;314.06;14.39;1144;51;4948.00;157
13071;48;623239836;13071;420;14213;14370;5.13;0.31;314.04;14.39;1142;51;4949.00;157
13072;48;623239850;13072;420;14219;14379;5.15;0.31;314.05;14.39;1147;51;4950.00;160
13072;48;623239864;13072;420;14220;14379;5.15;0.31;314.05;14.39;1148;51;4951.00;159
13077;48;623239876;13077;423;14221;14379;5.11;0.31;314.03;14.39;1144;51;4952.00;158
13081;48;623239889;13081;420;14221;14379;5.11;0.31;314.10;14.39;1140;51;4953.00;158
13083;48;623239902;13083;427;14226;14385;5.13;0.31;314.12;14.38;1143;51;4954.00;159
13087;48;623239917;13087;417;14227;14385;5.14;0.31;314.11;14.38;1140;51;4955.00;158
13088;48;623239930;13088;411;14227;14385;5.14;0.31;314.12;14.38;1139;51;4956.00;158
13090;48;623239943;13090;408;14227;14385;5.17;0.31;314.15;14.38;1137;51;4957.00;158
13094;48;623239955;13094;408;14230;14389;5.15;0.31;314.20;14.38;1136;51;4958.00;159
13094;48;623239968;13094;401;14231;14390;5.20;0.32;314.20;14.38;1137;51;4959.00;159
13100;48;623239981;13100;403;14231;14390;5.21;0.32;314.24;14.38;1131;51;4960.00;159
13104;48;623239994;13104;391;14232;14391;5.27;0.32;314.27;14.38;1128;51;4961.00;159
13110;48;623240006;13110;400;14232;14391;5.27;0.32;314.28;14.38;1122;51;4962.00;159
13114;48;623240020;13114;404;14232;14391;5.28;0.32;314.29;14.38;1118;51;4963.00;159
13118;48;623240032;13118;401;14232;14391;5.30;0.32;314.28;14.38;1114;51;4964.00;159
13122;48;623240045;13122;405;14232;14391;5.29;0.32;314.30;14.38;1110;51;4965.00;159
13125;48;623240057;13125;405;14232;14391;5.33;0.33;314.31;14.38;1107;51;4966.00;159
13127;48;623240069;13127;406;14232;14391;5.36;0.33;314.34;14.38;1105;51;4967.00;159
13131;48;623240082;13131;416;14274;14461;5.53;0.34;314.41;14.33;1143;51;4968.00;187
13132;48;623240100;13132;408;14277;14462;5.61;0.35;314.41;14.33;1145;51;4969.00;185
13138;48;623240112;13138;415;14280;14462;5.61;0.35;314.51;14.33;1142;51;4970.00;182
13143;48;623240126;13143;413;14281;14462;5.62;0.34;314.57;14.33;1138;51;4971.00;181
13143;48;623240139;13143;408;14283;14462;5.66;0.35;314.57;14.33;1140;51;4972.00;179
13150;48;623240153;13150;402;14284;14462;5.62;0.34;314.59;14.32;1134;51;4973.00;178
13155;48;623240167;13155;401;14287;14462;5.63;0.34;314.59;14.32;1132;51;4974.00;175
13155;48;623240181;13155;400;14288;14462;5.65;0.35;314.59;14.32;1133;51;4975.00;174
13159;48;623240194;13159;399;14290;14463;5.57;0.34;314.55;14.32;1131;51;4976.00;173
13162;48;623240208;13162;387;14291;14464;5.51;0.34;314.58;14.32;1129;51;4977.00;173
13167;48;623240223;13167;380;14293;14464;5.43;0.33;314.62;14.32;1126;51;4978.00;171
13169;48;623240238;13169;371;14298;14468;5.46;0.33;314.72;14.32;1129;51;4979.00;170
13171;48;623240254;13171;371;14299;14468;5.51;0.34;314.75;14.32;1128;51;4980.00;169
13175;48;623240268;13175;371;14301;14468;5.56;0.34;314.81;14.32;1126;51;4981.00;167
13177;48;623240282;13177;376;14302;14468;5.64;0.34;314.78;14.45;1125;51;4982.00;166
13179;48;623240295;13179;372;14308;14474;5.73;0.35;314.80;14.45;1129;51;4983.00;166
13181;48;623240309;13181;373;14309;14474;5.77;0.35;314.82;14.45;1128;51;4984.00;165
13185;48;623240328;13185;381;14309;14474;5.79;0.35;314.88;14.45;1124;51;4985.00;165
13186;48;623240343;13186;371;14311;14477;5.83;0.36;314.89;14.44;1125;51;4986.00;166
13189;48;623240356;13189;366;14311;14477;5.86;0.36;314.99;14.44;1122;51;4987.00;166
13190;48;623240375;13190;352;14312;14477;5.99;0.37;314.98;14.44;1122;51;4988.00;165
13192;48;623240389;13192;349;14312;14478;6.07;0.37;315.04;14.44;1120;51;4989.00;166
13194;48;623240403;13194;342;14313;14479;6.15;0.38;315.05;14.44;1119;51;4990.00;166
13198;48;623240418;13198;335;14313;14479;6.21;0.38;315.10;14.44;1115;51;4991.00;166
13201;48;623240441;13201;335;14324;14492;6.32;0.39;315.12;14.43;1123;51;4992.00;168
13204;48;623240465;13204;325;14324;14492;6.38;0.39;315.16;14.43;1120;51;4993.00;168
13208;48;623240487;13208;323;14324;14492;6.44;0.39;315.16;14.43;1116;51;4994.00;168
13209;48;623240508;13209;322;14326;14494;6.56;0.40;315.16;14.43;1117;51;4995.00;168
13213;48;623240528;13213;325;14326;14494;6.61;0.40;315.19;14.43;1113;51;4996.00;168
13214;48;623240546;13214;321;14330;14498;6.72;0.41;315.18;14.43;1116;51;4997.00;168
13217;48;623240562;13217;328;14330;14498;6.79;0.41;315.31;14.43;1113;51;4998.00;168
13219;48;623240577;13219;326;14333;14502;6.84;0.42;315.29;14.42;1114;51;4999.00;169
13223;48;623240594;13223;325;14333;14502;6.89;0.42;315.33;14.42;1110;51;5000.00;169
13225;48;623240616;13225;317;14333;14502;6.93;0.42;315.36;14.42;1108;51;5001.00;169
13227;48;623240634;13227;320;14333;14502;6.97;0.42;315.36;14.42;1106;51;5002.00;169
13229;48;623240650;13229;316;14333;14502;7.00;0.43;315.41;14.42;1104;51;5003.00;169
13233;48;623240666;13233;312;14343;14514;7.03;0.43;315.42;14.55;1110;51;5004.00;171
13234;48;623240684;13234;307;14343;14514;7.01;0.43;315.41;14.55;1109;51;5005.00;171
13238;48;623240699;13238;304;14346;14514;7.01;0.43;315.40;14.69;1108;51;5006.00;168
13240;48;623240716;13240;295;14346;14514;7.02;0.43;315.46;14.69;1106;51;5007.00;168
13241;48;623240732;13241;298;14346;14514;7.07;0.43;315.45;14.69;1105;51;5008.00;168
13245;48;623240747;13245;291;14346;14514;7.13;0.43;315.44;14.69;1101;51;5009.00;168
13248;48;623240765;13248;289;14346;14515;7.18;0.44;315.48;14.69;1098;51;5010.00;169
13248;48;623240781;13248;288;14346;14515;7.21;0.44;315.48;14.69;1098;51;5011.00;169
13249;48;623240803;13249;286;14351;14521;7.20;0.44;315.51;14.68;1102;51;5012.00;170
13251;48;623240818;13251;289;14352;14522;7.20;0.44;315.60;14.68;1101;51;5013.00;170
13255;48;623240833;13255;289;14352;14522;7.17;0.43;315.61;14.68;1097;51;5014.00;170
13256;48;623240848;13256;292;14352;14522;7.19;0.44;315.61;14.68;1096;51;5015.00;170
13260;48;623240863;13260;288;14355;14526;7.27;0.44;315.65;14.68;1095;51;5016.00;171
13265;48;623240877;13265;291;14355;14526;7.25;0.44;315.69;14.68;1090;51;5017.00;171
13267;48;623240892;13267;289;14355;14526;7.30;0.44;315.69;14.68;1088;51;5018.00;171
13269;48;623240906;13269;289;14356;14527;7.30;0.44;315.68;14.68;1087;51;5019.00;171
13275;48;623240920;13275;285;14359;14531;7.26;0.44;315.69;14.67;1084;51;5020.00;172
13278;48;623240937;13278;277;14359;14531;7.27;0.44;315.68;14.67;1081;51;5021.00;172
13281;48;623240951;13281;278;14361;14534;7.33;0.44;315.78;14.67;1080;51;5022.00;173
13284;48;623240967;13284;279;14361;14534;7.35;0.45;315.83;14.67;1077;51;5023.00;173
13286;48;623240982;13286;279;14362;14534;7.37;0.45;315.84;14.67;1076;51;5024.00;172
13289;48;623240997;13289;281;14362;14534;7.37;0.45;315.87;14.67;1073;51;5025.00;172
13290;48;623241012;13290;274;14366;14538;7.47;0.45;315.87;14.67;1076;51;5026.00;172
13295;48;623241026;13295;278;14366;14538;7.46;0.45;315.91;14.67;1071;51;5027.00;172
13299;48;623241041;13299;280;14366;14538;7.43;0.45;316.01;14.67;1067;51;5028.00;172
13299;48;623241054;13299;281;14366;14538;7.45;0.45;316.01;14.67;1067;51;5029.00;172
13303;48;623241068;13303;275;14366;14539;7.38;0.45;316.06;14.67;1063;51;5030.00;173
13305;48;623241082;13305;276;14367;14540;7.31;0.44;316.05;14.67;1062;51;5031.00;173
13308;48;623241095;13308;276;14367;14540;7.23;0.44;316.04;14.67;1059;51;5032.00;173
13310;48;623241131;13310;287;14368;14541;7.16;0.44;316.03;14.66;1058;51;5033.00;173
13313;48;623241146;13313;279;14368;14541;7.06;0.43;316.04;14.66;1055;51;5034.00;173
13317;48;623241160;13317;281;14369;14541;7.00;0.43;316.05;14.68;1052;51;5035.00;172
13323;48;623241176;13323;278;14369;14541;6.93;0.42;316.03;14.68;1046;51;5036.00;172
13328;48;623241189;13328;287;14369;14541;6.88;0.42;316.08;14.68;1041;51;5037.00;172
13333;48;623241204;13333;288;14369;14541;6.82;0.41;316.12;14.68;1036;51;5038.00;172
13334;48;623241218;13334;287;14369;14541;6.84;0.41;316.11;14.68;1035;51;5039.00;172
13340;48;623241235;13340;324;14469;14771;6.96;0.43;316.18;14.58;1129;51;5040.00;302
13343;48;623241268;13343;318;14474;14772;6.94;0.43;316.21;14.57;1131;51;5041.00;298
13347;48;623241282;13347;305;14482;14772;7.03;0.44;316.16;14.56;1135;51;5042.00;290
13351;48;623241296;13351;306;14487;14772;6.98;0.43;316.26;14.56;1136;51;5043.00;285
13354;48;623241310;13354;313;14496;14772;6.97;0.43;316.32;14.55;1142;51;5044.00;276
13356;48;623241324;13356;316;14501;14772;6.96;0.43;316.32;14.55;1145;51;5045.00;271
13359;48;623241339;13359;317;14508;14772;6.90;0.43;316.38;14.55;1149;51;5046.00;264
13361;48;623241354;13361;319;14515;14772;6.86;0.42;316.45;14.54;1154;51;5047.00;257
13362;48;623241369;13362;318;14523;14773;6.85;0.42;316.44;14.54;1161;51;5048.00;250
13364;48;623241384;13364;318;14528;14774;6.87;0.43;316.44;14.54;1164;51;5049.00;246
13366;48;623241399;13366;322;14535;14774;6.83;0.42;316.48;14.53;1169;51;5050.00;239
13368;48;623241414;13368;328;14540;14775;6.75;0.42;316.45;14.53;1172;51;5051.00;235
13370;48;623241428;13370;332;14543;14775;6.70;0.41;316.49;14.53;1173;51;5052.00;232
13374;48;623241442;13374;339;14546;14775;6.66;0.41;316.49;14.53;1172;51;5053.00;229
13377;48;623241456;13377;348;14552;14775;6.61;0.41;316.51;14.53;1175;51;5054.00;223
13380;48;623241477;13380;365;14556;14779;6.56;0.40;316.47;14.53;1176;51;5055.00;223
13382;48;623241497;13382;359;14559;14779;6.45;0.40;316.47;14.55;1177;51;5056.00;220
13383;48;623241510;13383;366;14560;14779;6.36;0.39;316.47;14.56;1177;51;5057.00;219
13387;48;623241524;13387;379;14562;14782;6.26;0.38;316.43;14.55;1175;51;5058.00;220
13390;48;623241538;13390;385;14564;14782;6.18;0.38;316.43;14.57;1174;51;5059.00;218
13392;48;623241557;13392;390;14565;14782;6.02;0.37;316.48;14.58;1173;51;5060.00;217
13393;48;623241571;13393;395;14569;14786;5.95;0.36;316.51;14.58;1176;51;5061.00;217
13396;48;623241584;13396;404;14573;14787;5.89;0.36;316.53;14.58;1177;51;5062.00;214
13401;48;623241597;13401;417;14576;14787;5.76;0.35;316.49;14.60;1175;51;5063.00;211
13406;48;623241610;13406;416;14579;14791;5.67;0.35;316.43;14.60;1173;51;5064.00;212
13408;48;623241624;13408;419;14584;14791;5.60;0.34;316.46;14.62;1176;51;5065.00;207
13410;48;623241637;13410;430;14585;14791;5.53;0.34;316.50;14.63;1175;51;5066.00;206
13413;48;623241650;13413;429;14587;14792;5.46;0.33;316.48;14.64;1174;51;5067.00;205
13416;48;623241663;13416;444;14590;14792;5.37;0.33;316.43;14.65;1174;51;5068.00;202
13416;48;623241675;13416;447;14596;14798;5.37;0.33;316.43;14.66;1180;51;5069.00;202
13417;48;623241690;13417;449;14596;14798;5.30;0.32;316.44;14.66;1179;51;5070.00;202
13420;48;623241702;13420;453;14600;14799;5.20;0.32;316.47;14.68;1180;51;5071.00;199
13421;48;623241715;13421;464;14603;14799;5.09;0.31;316.52;14.69;1182;51;5072.00;196
13422;48;623241727;13422;474;14605;14799;5.03;0.31;316.50;14.69;1183;51;5073.00;194
13422;48;623241739;13422;479;14605;14799;4.98;0.31;316.50;14.69;1183;51;5074.00;194
13424;48;623241751;13424;500;14608;14799;4.89;0.30;316.49;14.71;1184;51;5075.00;191
13425;48;623241764;13425;498;14617;14811;4.86;0.30;316.47;14.70;1192;51;5076.00;194
13426;48;623241777;13426;507;14620;14811;4.76;0.29;316.46;14.71;1194;51;5077.00;191
13427;48;623241794;13427;519;14621;14811;4.67;0.29;316.45;14.71;1194;51;5078.00;190
13428;48;623241806;13428;526;14623;14811;4.61;0.28;316.43;14.72;1195;51;5079.00;188
13431;48;623241818;13431;529;14625;14811;4.54;0.28;316.38;14.73;1194;51;5080.00;186
13433;48;623241830;13433;529;14628;14811;4.47;0.27;316.37;14.74;1195;51;5081.00;183
13436;48;623241843;13436;537;14632;14815;4.44;0.27;316.31;14.74;1196;51;5082.00;183
13437;48;623241855;13437;525;14632;14815;4.46;0.27;316.31;14.74;1195;51;5083.00;183
13438;48;623241868;13438;514;14639;14819;4.48;0.27;316.30;14.75;1201;51;5084.00;180
13441;48;623241886;13441;514;14641;14821;4.46;0.27;316.26;14.75;1200;51;5085.00;180
13442;48;623241899;13442;510;14643;14821;4.44;0.27;316.24;14.76;1201;51;5086.00;178
13443;48;623241911;13443;508;14643;14821;4.46;0.27;316.22;14.76;1200;51;5087.00;178
13443;49;623241923;13443;511;14653;14834;4.53;0.28;316.22;14.75;1210;52;5088.00;181
13444;49;623241947;13444;513;14654;14834;4.55;0.28;316.20;14.76;1210;52;5089.00;180
13445;49;623241959;13445;514;14656;14834;4.60;0.28;316.25;14.77;1211;52;5090.00;178
13446;49;623241972;13446;514;14657;14835;4.64;0.28;316.25;14.77;1211;52;5091.00;178
13448;49;623241983;13448;524;14660;14836;4.65;0.28;316.26;14.80;1212;52;5092.00;176
13452;49;623241997;13452;526;14660;14836;4.64;0.28;316.22;14.80;1208;52;5093.00;176
13456;49;623242009;13456;528;14663;14839;4.60;0.28;316.18;14.79;1207;52;5094.00;176
13459;49;623242022;13459;532;14664;14839;4.59;0.28;316.19;14.80;1205;52;5095.00;175
13460;49;623242034;13460;534;14664;14839;4.60;0.28;316.20;14.80;1204;52;5096.00;175
13462;50;623242046;13462;530;14665;14839;4.56;0.28;316.19;14.81;1203;53;5097.00;174
13463;50;623242065;13463;532;14672;14845;4.61;0.28;316.20;14.82;1209;53;5098.00;173
13464;50;623242078;13464;544;14672;14845;4.63;0.28;316.21;14.82;1208;53;5099.00;173
13466;50;623242093;13466;529;14678;14864;4.60;0.28;316.22;14.82;1212;53;5100.00;186
13467;50;623242112;13467;518;14678;14864;4.62;0.28;316.23;14.82;1211;53;5101.00;186
13470;50;623242125;13470;518;14684;14868;4.59;0.28;316.25;14.84;1214;53;5102.00;184
13472;50;623242140;13472;511;14685;14869;4.61;0.28;316.26;14.84;1213;53;5103.00;184
13476;50;623242162;13476;507;14686;14869;4.61;0.28;316.34;14.85;1210;53;5104.00;183
13477;50;623242175;13477;506;14688;14870;4.68;0.29;316.34;14.85;1211;53;5105.00;182
13482;50;623242189;13482;508;14690;14870;4.70;0.29;316.39;14.85;1208;53;5106.00;180
13484;50;623242202;13484;494;14690;14870;4.78;0.29;316.46;14.85;1206;53;5107.00;180
13486;50;623242214;13486;480;14690;14870;4.89;0.30;316.47;14.85;1204;53;5108.00;180
13488;50;623242227;13488;472;14690;14870;5.00;0.31;316.48;14.85;1202;53;5109.00;180
13492;50;623242240;13492;465;14690;14870;5.09;0.31;316.47;14.85;1198;53;5110.00;180
13494;50;623242253;13494;455;14691;14870;5.14;0.31;316.46;14.84;1197;53;5111.00;179
13496;50;623242266;13496;460;14728;14940;5.24;0.32;316.46;14.81;1232;53;5112.00;212
13502;50;623242285;13502;446;14730;14941;5.30;0.33;316.52;14.81;1228;53;5113.00;211
13504;50;623242299;13504;446;14737;14941;5.40;0.33;316.55;14.80;1233;53;5114.00;204
13509;50;623242313;13509;449;14739;14941;5.43;0.33;316.58;14.80;1230;53;5115.00;202
13514;50;623242326;13514;450;14744;14941;5.47;0.33;316.54;14.80;1230;53;5116.00;197
13518;50;623242339;13518;449;14745;14941;5.53;0.34;316.55;14.80;1227;53;5117.00;196
13522;50;623242353;13522;451;14750;14941;5.56;0.34;316.60;14.79;1228;53;5118.00;191
13523;50;623242368;13523;453;14752;14941;5.64;0.34;316.60;14.79;1229;53;5119.00;189
13530;50;623242381;13530;448;14754;14942;5.63;0.34;316.63;14.79;1224;53;5120.00;188
13532;50;623242396;13532;449;14756;14943;5.60;0.34;316.68;14.79;1224;53;5121.00;187
13534;50;623242410;13534;459;14759;14943;5.59;0.34;316.69;14.79;1225;53;5122.00;184
13538;50;623242428;13538;454;14763;14947;5.55;0.34;316.75;14.79;1225;53;5123.00;184
13540;50;623242452;13540;463;14764;14947;5.54;0.34;316.75;14.79;1224;53;5124.00;183
13546;50;623242474;13546;466;14764;14947;5.50;0.34;316.82;14.79;1218;53;5125.00;183
13551;50;623242499;13551;472;14764;14947;5.50;0.34;316.89;14.79;1213;53;5126.00;183
13554;50;623242520;13554;475;14769;14953;5.52;0.34;316.91;14.78;1215;53;5127.00;184
13558;50;623242539;13558;475;14769;14953;5.51;0.34;316.92;14.78;1211;53;5128.00;184
13561;50;623242555;13561;480;14769;14953;5.51;0.34;316.94;14.78;1208;53;5129.00;184
13564;50;623242573;13564;488;14775;14959;5.51;0.34;317.00;14.78;1211;53;5130.00;184
13568;50;623242590;13568;479;14775;14959;5.44;0.33;317.01;14.78;1207;53;5131.00;184
13570;50;623242605;13570;476;14776;14959;5.46;0.33;317.09;14.78;1206;53;5132.00;183
13574;50;623242620;13574;467;14779;14960;5.44;0.33;317.08;14.92;1205;53;5133.00;181
13578;50;623242638;13578;467;14780;14961;5.44;0.33;317.10;14.92;1202;53;5134.00;181
13582;50;623242654;13582;465;14780;14961;5.48;0.33;317.15;14.92;1198;53;5135.00;181
13583;50;623242668;13583;465;14791;14974;5.55;0.34;317.14;14.91;1208;53;5136.00;183
13587;50;623242684;13587;452;14792;14974;5.58;0.34;317.24;14.91;1205;53;5137.00;182
13591;50;623242699;13591;453;14792;14974;5.59;0.34;317.31;14.91;1201;53;5138.00;182
13593;50;623242714;13593;456;14793;14975;5.63;0.34;317.34;14.91;1200;53;5139.00;182
13600;50;623242729;13600;445;14793;14975;5.59;0.34;317.40;14.91;1193;53;5140.00;182
13604;50;623242744;13604;442;14799;14979;5.62;0.34;317.44;14.91;1195;53;5141.00;180
13608;50;623242759;13608;442;14799;14979;5.58;0.34;317.51;14.91;1191;53;5142.00;180
13610;50;623242774;13610;441;14803;14983;5.55;0.34;317.51;14.90;1193;53;5143.00;180
13614;50;623242790;13614;444;14803;14983;5.50;0.34;317.57;14.90;1189;53;5144.00;180
13618;50;623242805;13618;440;14803;14983;5.50;0.34;317.66;14.90;1185;53;5145.00;180
13619;50;623242820;13619;451;14803;14983;5.50;0.34;317.66;14.90;1184;53;5146.00;180
13624;50;623242834;13624;440;14803;14983;5.51;0.34;317.72;14.90;1179;53;5147.00;180
13624;50;623242850;13624;428;14811;14995;5.60;0.34;317.72;14.90;1187;53;5148.00;184
13628;50;623242866;13628;427;14812;14995;5.63;0.34;317.84;14.89;1184;53;5149.00;183
13632;50;623242881;13632;422;14814;14995;5.67;0.35;317.91;14.89;1182;53;5150.00;181
13636;50;623242896;13636;423;14814;14995;5.71;0.35;317.94;14.89;1178;53;5151.00;181
13638;50;623242912;13638;427;14814;14995;5.74;0.35;317.99;14.89;1176;53;5152.00;181
13642;50;623242933;13642;425;14814;14995;5.77;0.35;318.05;14.89;1172;53;5153.00;181
13644;50;623242949;13644;429;14814;14996;5.81;0.35;318.10;14.89;1170;53;5154.00;182
13647;50;623242965;13647;431;14816;14998;5.83;0.36;318.13;14.89;1169;53;5155.00;182
13650;50;623242988;13650;414;14821;15004;5.87;0.36;318.11;14.89;1171;53;5156.00;183
13655;50;623243003;13655;411;14822;15005;5.91;0.36;318.16;14.89;1167;53;5157.00;183
13658;50;623243020;13658;406;14822;15005;5.96;0.36;318.20;14.89;1164;53;5158.00;183
13661;50;623243035;13661;398;14822;15005;5.97;0.36;318.22;14.89;1161;53;5159.00;183
13664;50;623243052;13664;384;14826;15010;5.97;0.36;318.23;14.88;1162;53;5160.00;184
13666;50;623243069;13666;390;14826;15010;6.04;0.37;318.27;14.88;1160;53;5161.00;184
13668;50;623243084;13668;387;14826;15010;6.13;0.37;318.29;14.88;1158;53;5162.00;184
13673;50;623243100;13673;387;14827;15011;6.19;0.38;318.38;14.88;1154;53;5163.00;184
13674;50;623243116;13674;384;14830;15015;6.21;0.38;318.42;14.88;1156;53;5164.00;185
13677;50;623243132;13677;390;14830;15015;6.25;0.38;318.47;14.88;1153;53;5165.00;185
13681;50;623243148;13681;387;14832;15018;6.30;0.38;318.51;14.88;1151;53;5166.00;186
13683;50;623243164;13683;389;14832;15018;6.33;0.38;318.52;14.88;1149;53;5167.00;186
13689;50;623243180;13689;388;14833;15018;6.36;0.39;318.53;14.87;1144;53;5168.00;185
13690;50;623243196;13690;392;14833;15018;6.41;0.39;318.59;14.87;1143;53;5169.00;185
13693;50;623243211;13693;393;14837;15022;6.46;0.39;318.57;14.87;1144;53;5170.00;185
13697;50;623243227;13697;386;14837;15022;6.49;0.39;318.61;14.87;1140;53;5171.00;185
13699;50;623243244;13699;383;14837;15022;6.54;0.40;318.66;14.87;1138;53;5172.00;185
13701;50;623243259;13701;382;14837;15022;6.57;0.40;318.71;14.87;1136;53;5173.00;185
13703;50;623243274;13703;385;14837;15023;6.58;0.40;318.81;14.87;1134;53;5174.00;186
13704;50;623243289;13704;390;14839;15025;6.57;0.40;318.79;14.87;1135;53;5175.00;186
13706;50;623243304;13706;382;14839;15025;6.53;0.40;318.82;14.87;1133;53;5176.00;186
13709;51;623243320;13709;386;14840;15026;6.54;0.40;318.82;14.87;1131;54;5177.00;186
13710;51;623243347;13710;382;14840;15026;6.51;0.40;318.86;14.87;1130;54;5178.00;186
13712;51;623243361;13712;383;14840;15026;6.52;0.40;318.94;14.87;1128;54;5179.00;186
13716;51;623243376;13716;380;14840;15026;6.45;0.39;318.93;14.87;1124;54;5180.00;186
13718;51;623243391;13718;379;14840;15026;6.38;0.39;318.90;14.87;1122;54;5181.00;186
13719;51;623243406;13719;374;14840;15026;6.33;0.39;318.92;14.87;1121;54;5182.00;186
13722;51;623243420;13722;379;14840;15026;6.29;0.38;318.94;14.87;1118;54;5183.00;186
13725;51;623243441;13725;403;14910;15153;6.42;0.40;318.97;14.80;1185;54;5184.00;243
13726;51;623243466;13726;395;14910;15154;6.48;0.40;318.96;14.80;1184;54;5185.00;244
13727;51;623243480;13727;378;14916;15154;6.60;0.41;318.96;14.79;1189;54;5186.00;238
13729;51;623243494;13729;374;14916;15154;6.62;0.41;318.99;14.79;1187;54;5187.00;238
13730;51;623243507;13730;375;14923;15154;6.69;0.41;319.00;14.79;1193;54;5188.00;231
13732;51;623243522;13732;372;14923;15154;6.68;0.41;319.02;14.79;1191;54;5189.00;231
13736;51;623243543;13736;363;14927;15154;6.71;0.41;318.99;14.79;1191;54;5190.00;227
13742;51;623243557;13742;374;14930;15154;6.70;0.41;319.08;14.78;1188;54;5191.00;224
13743;51;623243572;13743;377;14935;15155;6.71;0.41;319.06;14.78;1192;54;5192.00;220
13746;51;623243586;13746;383;14938;15156;6.69;0.41;319.14;14.78;1192;54;5193.00;218
13748;51;623243601;13748;377;14940;15156;6.69;0.41;319.16;14.78;1192;54;5194.00;216
13751;51;623243614;13751;376;14943;15157;6.70;0.41;319.24;14.78;1192;54;5195.00;214
13753;51;623243629;13753;383;14946;15157;6.67;0.41;319.26;14.92;1193;54;5196.00;211
13756;51;623243644;13756;383;14948;15157;6.62;0.40;319.25;14.92;1192;54;5197.00;209
13759;51;623243658;13759;394;14949;15157;6.56;0.40;319.28;14.92;1190;54;5198.00;208
13765;51;623243672;13765;396;14952;15161;6.51;0.40;319.28;14.92;1187;54;5199.00;209
13768;51;623243688;13768;399;14953;15161;6.43;0.39;319.29;14.92;1185;54;5200.00;208
13773;51;623243705;13773;395;14955;15161;6.37;0.39;319.39;14.92;1182;54;5201.00;206
13778;51;623243720;13778;397;14956;15164;6.31;0.39;319.44;14.92;1178;54;5202.00;208
13780;51;623243734;13780;400;14958;15164;6.23;0.38;319.44;14.92;1178;54;5203.00;206
13785;51;623243747;13785;402;14960;15164;6.13;0.38;319.54;14.92;1175;54;5204.00;204
13789;51;623243767;13789;404;14967;15168;6.11;0.37;319.55;14.94;1178;54;5205.00;201
13789;51;623243782;13789;407;14968;15169;6.09;0.37;319.55;14.94;1179;54;5206.00;201
13795;51;623243796;13795;405;14970;15169;6.06;0.37;319.60;14.94;1175;54;5207.00;199
13795;51;623243810;13795;404;14972;15173;6.09;0.37;319.60;14.94;1177;54;5208.00;201
13800;51;623243824;13800;403;14973;15173;6.05;0.37;319.55;14.94;1173;54;5209.00;200
13802;51;623243838;13802;404;14974;15173;6.06;0.37;319.56;14.94;1172;54;5210.00;199
13803;51;623243852;13803;413;14975;15174;6.08;0.37;319.54;14.94;1172;54;5211.00;199
13804;51;623243866;13804;411;14976;15174;6.02;0.37;319.52;14.94;1172;54;5212.00;198
13805;51;623243879;13805;423;14981;15180;6.03;0.37;319.56;14.93;1176;54;5213.00;199
13807;51;623243892;13807;427;14981;15180;6.02;0.37;319.54;14.93;1174;54;5214.00;199
13809;51;623243905;13809;435;14981;15180;5.94;0.36;319.53;14.93;1172;54;5215.00;199
13812;51;623243918;13812;429;14982;15181;5.90;0.36;319.54;14.93;1170;54;5216.00;199
13815;51;623243932;13815;434;14982;15181;5.84;0.36;319.60;14.93;1167;54;5217.00;199
13820;51;623243945;13820;428;14982;15181;5.72;0.35;319.56;14.93;1162;54;5218.00;199
13824;51;623243957;13824;443;14982;15181;5.62;0.34;319.64;14.93;1158;54;5219.00;199
13825;51;623243973;13825;453;15003;15217;5.70;0.35;319.65;14.91;1178;54;5220.00;214
13829;51;623243988;13829;460;15005;15217;5.60;0.34;319.59;14.91;1176;54;5221.00;212
13831;51;623244001;13831;460;15009;15217;5.57;0.34;319.58;14.91;1178;54;5222.00;208
13834;51;623244014;13834;470;15009;15217;5.50;0.34;319.58;14.91;1175;54;5223.00;208
13839;51;623244027;13839;474;15012;15217;5.46;0.33;319.60;14.90;1173;54;5224.00;205
13843;51;623244040;13843;474;15012;15217;5.39;0.33;319.61;14.90;1169;54;5225.00;205
13845;51;623244053;13845;485;15016;15221;5.38;0.33;319.62;14.90;1171;54;5226.00;205
13849;51;623244066;13849;491;15017;15221;5.30;0.32;319.58;14.90;1168;54;5227.00;204
13849;51;623244084;13849;501;15021;15225;5.27;0.32;319.58;14.90;1172;54;5228.00;204
13851;51;623244096;13851;502;15022;15226;5.22;0.32;319.57;14.90;1171;54;5229.00;204
13852;51;623244109;13852;505;15023;15226;5.15;0.31;319.56;14.91;1171;54;5230.00;203
13853;51;623244121;13853;509;15023;15226;5.06;0.31;319.55;14.91;1170;54;5231.00;203
13855;51;623244133;13855;514;15034;15239;4.99;0.30;319.50;14.90;1179;54;5232.00;205
13856;51;623244146;13856;515;15036;15239;4.93;0.30;319.48;14.93;1180;54;5233.00;203
13859;51;623244158;13859;521;15036;15239;4.88;0.30;319.46;14.93;1177;54;5234.00;203
13861;51;623244170;13861;517;15039;15240;4.90;0.30;319.45;14.95;1178;54;5235.00;201
13863;51;623244182;13863;512;15039;15241;4.87;0.30;319.49;14.95;1176;54;5236.00;202
13866;51;623244195;13866;506;15041;15241;4.89;0.30;319.48;14.96;1175;54;5237.00;200
13867;51;623244207;13867;501;15044;15244;4.91;0.30;319.48;14.98;1177;54;5238.00;200
13868;51;623244220;13868;505;15044;15244;4.93;0.30;319.48;14.98;1176;54;5239.00;200
13870;51;623244232;13870;506;15047;15244;4.93;0.30;319.45;14.99;1177;54;5240.00;197
13870;51;623244245;13870;507;15048;15244;4.98;0.30;319.45;15.00;1178;54;5241.00;196
13870;51;623244263;13870;505;15054;15250;5.06;0.31;319.45;15.00;1184;54;5242.00;196
13871;52;623244276;13871;508;15055;15250;5.07;0.31;319.46;15.01;1184;55;5243.00;195
13872;52;623244304;13872;500;15056;15250;5.10;0.31;319.44;15.02;1184;55;5244.00;194
13874;52;623244317;13874;504;15058;15250;5.03;0.31;319.46;15.03;1184;55;5245.00;192
13874;52;623244335;13874;508;15061;15254;4.97;0.30;319.46;15.03;1187;55;5246.00;193
13875;52;623244348;13875;500;15062;15255;4.94;0.30;319.43;15.03;1187;55;5247.00;193
13877;52;623244360;13877;499;15064;15255;4.89;0.30;319.44;15.04;1187;55;5248.00;191
13878;52;623244383;13878;491;15065;15256;4.89;0.30;319.44;15.04;1187;55;5249.00;191
13878;52;623244396;13878;487;15067;15256;4.87;0.30;319.44;15.06;1189;55;5250.00;189
13879;52;623244409;13879;484;15068;15256;4.86;0.30;319.43;15.07;1189;55;5251.00;188
13880;52;623244421;13880;478;15069;15256;4.86;0.30;319.44;15.08;1189;55;5252.00;187
13880;52;623244440;13880;474;15070;15256;4.91;0.30;319.44;15.08;1190;55;5253.00;186
13882;52;623244460;13882;465;15070;15256;4.93;0.30;319.41;15.08;1188;55;5254.00;186
13884;52;623244481;13884;466;15071;15256;4.89;0.30;319.45;15.10;1187;55;5255.00;185
13886;52;623244500;13886;469;15107;15326;5.07;0.31;319.54;15.06;1221;55;5256.00;219
13888;52;623244530;13888;470;15111;15327;5.10;0.31;319.52;15.07;1223;55;5257.00;216
13890;52;623244547;13890;467;15119;15327;5.13;0.31;319.55;15.06;1229;55;5258.00;208
13892;52;623244562;13892;468;15126;15327;5.14;0.31;319.52;15.07;1234;55;5259.00;201
13893;52;623244577;13893;467;15130;15327;5.16;0.32;319.57;15.08;1237;55;5260.00;197
13897;52;623244591;13897;466;15133;15327;5.15;0.32;319.56;15.09;1236;55;5261.00;194
13899;52;623244606;13899;472;15136;15327;5.15;0.32;319.55;15.10;1237;55;5262.00;191
13903;52;623244621;13903;467;15138;15327;5.16;0.32;319.53;15.10;1235;55;5263.00;189
13907;53;623244636;13907;471;15141;15328;5.11;0.31;319.55;15.11;1234;56;5264.00;187
13909;53;623244671;13909;468;15145;15330;5.07;0.31;319.61;15.12;1236;56;5265.00;185
13913;53;623244685;13913;471;15147;15330;4.99;0.31;319.65;15.13;1234;56;5266.00;183
13915;53;623244699;13915;481;15152;15334;4.92;0.30;319.63;15.13;1237;56;5267.00;182
13923;53;623244714;13923;481;15152;15334;4.90;0.30;319.62;15.13;1229;56;5268.00;182
13927;53;623244728;13927;491;15153;15334;4.85;0.30;319.70;15.14;1226;56;5269.00;181
13930;53;623244741;13930;477;15154;15334;4.82;0.30;319.69;15.15;1224;56;5270.00;180
13935;53;623244754;13935;479;15159;15340;4.84;0.30;319.73;15.16;1224;56;5271.00;181
13940;53;623244770;13940;476;15161;15340;4.87;0.30;319.78;15.16;1221;56;5272.00;179
13943;53;623244784;13943;467;15161;15340;4.91;0.30;319.79;15.16;1218;56;5273.00;179
13949;53;623244797;13949;463;15164;15343;4.95;0.30;319.84;15.17;1215;56;5274.00;179
13950;53;623244812;13950;458;15164;15343;5.05;0.31;319.85;15.17;1214;56;5275.00;179
13953;53;623244825;13953;453;15164;15343;5.06;0.31;319.84;15.17;1211;56;5276.00;179
13957;53;623244839;13957;442;15165;15344;5.06;0.31;319.83;15.18;1208;56;5277.00;179
13962;53;623244854;13962;441;15167;15345;5.09;0.31;319.89;15.18;1205;56;5278.00;178
13963;53;623244869;13963;432;15167;15345;5.12;0.31;319.89;15.18;1204;56;5279.00;178
13966;53;623244884;13966;438;15185;15371;5.15;0.32;319.93;15.16;1219;56;5280.00;186
13971;53;623244900;13971;436;15186;15371;5.12;0.31;319.91;15.16;1215;56;5281.00;185
13973;53;623244921;13973;425;15189;15371;5.17;0.32;319.89;15.16;1216;56;5282.00;182
13976;53;623244935;13976;424;15190;15372;5.25;0.32;319.90;15.16;1214;56;5283.00;182
13980;53;623244949;13980;419;15190;15372;5.32;0.33;319.88;15.16;1210;56;5284.00;182
13985;53;623244964;13985;410;15193;15376;5.43;0.33;319.95;15.15;1208;56;5285.00;183
13987;53;623244980;13987;401;15194;15376;5.51;0.34;319.96;15.15;1207;56;5286.00;182
13992;53;623244995;13992;399;15197;15379;5.55;0.34;319.99;15.15;1205;56;5287.00;182
13994;53;623245011;13994;397;15199;15380;5.62;0.34;320.02;15.29;1205;56;5288.00;181
14001;53;623245027;14001;391;15200;15380;5.61;0.34;320.03;15.29;1199;56;5289.00;180
14002;53;623245042;14002;388;15200;15380;5.70;0.35;320.01;15.29;1198;56;5290.00;180
14009;53;623245056;14009;390;15200;15380;5.70;0.35;320.03;15.29;1191;56;5291.00;180
14012;53;623245072;14012;383;15211;15392;5.83;0.35;320.06;15.28;1199;56;5292.00;181
14015;53;623245088;14015;377;15211;15392;5.83;0.35;320.08;15.28;1196;56;5293.00;181
14020;53;623245104;14020;374;15211;15392;5.79;0.35;320.15;15.28;1191;56;5294.00;181
14023;53;623245119;14023;371;15211;15392;5.78;0.35;320.18;15.28;1188;56;5295.00;181
14024;53;623245134;14024;359;15211;15392;5.80;0.35;320.16;15.28;1187;56;5296.00;181
14029;53;623245149;14029;357;15211;15392;5.74;0.35;320.15;15.28;1182;56;5297.00;181
14032;53;623245164;14032;361;15211;15393;5.68;0.34;320.19;15.28;1179;56;5298.00;182
14036;53;623245179;14036;365;15211;15393;5.65;0.34;320.22;15.28;1175;56;5299.00;182
14039;53;623245200;14039;366;15216;15399;5.67;0.34;320.19;15.27;1177;56;5300.00;183
14044;53;623245221;14044;371;15217;15400;5.65;0.34;320.27;15.27;1173;56;5301.00;183
14049;53;623245235;14049;369;15217;15400;5.63;0.34;320.29;15.27;1168;56;5302.00;183
14053;53;623245250;14053;375;15217;15400;5.64;0.34;320.34;15.27;1164;56;5303.00;183
14057;53;623245265;14057;374;15220;15404;5.61;0.34;320.33;15.27;1163;56;5304.00;184
14060;53;623245280;14060;373;15220;15404;5.54;0.34;320.37;15.27;1160;56;5305.00;184
14065;53;623245294;14065;371;15220;15404;5.50;0.34;320.48;15.27;1155;56;5306.00;184
14068;53;623245315;14068;362;15221;15405;5.51;0.34;320.45;15.27;1153;56;5307.00;184
14071;53;623245330;14071;363;15224;15409;5.56;0.34;320.47;15.27;1153;56;5308.00;185
14075;53;623245345;14075;363;15225;15409;5.59;0.34;320.53;15.41;1150;56;5309.00;184
14076;53;623245362;14076;362;15229;15415;5.70;0.35;320.52;15.41;1153;56;5310.00;186
14079;53;623245377;14079;358;15230;15415;5.74;0.35;320.55;15.40;1151;56;5311.00;185
14084;53;623245392;14084;354;15231;15415;5.78;0.35;320.59;15.40;1147;56;5312.00;184
14090;53;623245408;14090;351;15231;15415;5.77;0.35;320.55;15.40;1141;56;5313.00;184
14095;53;623245423;14095;357;15235;15419;5.82;0.35;320.66;15.40;1140;56;5314.00;184
14098;53;623245441;14098;357;15235;15419;5.84;0.36;320.64;15.40;1137;56;5315.00;184
14104;53;623245455;14104;349;15235;15419;5.83;0.35;320.72;15.40;1131;56;5316.00;184
14108;53;623245471;14108;338;15235;15419;5.86;0.36;320.72;15.40;1127;56;5317.00;184
14111;53;623245487;14111;331;15235;15420;5.88;0.36;320.74;15.40;1124;56;5318.00;185
14114;53;623245500;14114;328;15236;15421;5.89;0.36;320.73;15.40;1122;56;5319.00;185
14118;53;623245515;14118;322;15236;15421;5.92;0.36;320.80;15.40;1118;56;5320.00;185
14121;53;623245529;14121;329;15237;15422;5.92;0.36;320.88;15.40;1116;56;5321.00;185
14124;53;623245543;14124;331;15237;15422;5.97;0.36;320.90;15.40;1113;56;5322.00;185
14125;53;623245556;14125;333;15237;15422;6.00;0.36;320.89;15.40;1112;56;5323.00;185
14127;53;623245570;14127;339;15238;15422;6.03;0.37;320.88;15.54;1111;56;5324.00;184
14131;53;623245583;14131;339;15238;15422;5.99;0.36;320.94;15.54;1107;56;5325.00;184
14133;53;623245598;14133;333;15238;15422;5.97;0.36;321.06;15.54;1105;56;5326.00;184
14137;53;623245611;14137;332;15238;15422;5.94;0.36;321.07;15.54;1101;56;5327.00;184
14138;53;623245625;14138;348;15313;15549;6.04;0.37;321.11;15.46;1175;56;5328.00;236
14143;53;623245649;14143;334;15313;15550;6.01;0.37;321.18;15.46;1170;56;5329.00;237
14143;53;623245663;14143;328;15318;15550;6.11;0.38;321.18;15.46;1175;56;5330.00;232
14146;53;623245678;14146;322;15318;15550;6.19;0.38;321.20;15.46;1172;56;5331.00;232
14149;53;623245692;14149;317;15322;15550;6.30;0.39;321.25;15.46;1173;56;5332.00;228
14153;53;623245707;14153;321;15323;15550;6.37;0.39;321.27;15.45;1170;56;5333.00;227
14156;53;623245729;14156;325;15324;15550;6.43;0.40;321.32;15.45;1168;56;5334.00;226
14157;53;623245745;14157;320;15328;15550;6.56;0.40;321.31;15.45;1171;56;5335.00;222
14159;53;623245761;14159;319;15331;15551;6.60;0.40;321.32;15.59;1172;56;5336.00;220
14160;53;623245778;14160;321;15337;15552;6.61;0.41;321.34;15.59;1177;56;5337.00;215
14163;53;623245793;14163;318;15340;15552;6.61;0.40;321.39;15.59;1177;56;5338.00;212
14165;53;623245809;14165;325;15344;15553;6.58;0.40;321.52;15.59;1179;56;5339.00;209
14169;53;623245827;14169;324;15347;15553;6.55;0.40;321.53;15.72;1178;56;5340.00;206
14174;53;623245843;14174;322;15350;15553;6.48;0.40;321.58;15.72;1176;56;5341.00;203
14176;53;623245859;14176;329;15353;15553;6.45;0.40;321.61;15.72;1177;56;5342.00;200
14180;53;623245875;14180;330;15358;15557;6.35;0.39;321.62;15.72;1178;56;5343.00;199
14183;53;623245892;14183;327;15359;15557;6.33;0.39;321.64;15.72;1176;56;5344.00;198
14184;53;623245908;14184;337;15359;15557;6.37;0.39;321.67;15.72;1175;56;5345.00;198
14187;53;623245923;14187;339;15360;15560;6.37;0.39;321.75;15.72;1173;56;5346.00;200
14190;53;623245940;14190;329;15361;15560;6.36;0.39;321.80;15.72;1171;56;5347.00;199
14192;53;623245955;14192;340;15363;15560;6.36;0.39;321.85;15.72;1171;56;5348.00;197
14194;53;623245978;14194;345;15367;15564;6.34;0.39;321.85;15.71;1173;56;5349.00;197
14197;53;623245994;14197;338;15370;15565;6.35;0.39;321.88;15.85;1173;56;5350.00;195
14199;53;623246011;14199;338;15370;15565;6.39;0.39;321.93;15.85;1171;56;5351.00;195
14201;53;623246027;14201;334;15373;15569;6.42;0.39;321.98;15.85;1172;56;5352.00;196
14205;53;623246043;14205;337;15373;15569;6.47;0.39;321.97;15.85;1168;56;5353.00;196
14208;53;623246058;14208;340;15375;15569;6.46;0.39;321.97;15.85;1167;56;5354.00;194
14210;53;623246073;14210;337;15377;15571;6.45;0.39;321.99;15.84;1167;56;5355.00;194
14212;53;623246089;14212;339;15377;15571;6.48;0.39;322.03;15.84;1165;56;5356.00;194
14213;53;623246104;14213;341;15382;15577;6.48;0.39;322.01;15.84;1169;56;5357.00;195
14216;53;623246119;14216;347;15382;15577;6.46;0.39;321.99;15.84;1166;56;5358.00;195
14217;53;623246134;14217;350;15382;15577;6.42;0.39;322.00;15.84;1165;56;5359.00;195
14219;53;623246149;14219;351;15382;15578;6.40;0.39;322.03;15.84;1163;56;5360.00;196
14220;53;623246164;14220;349;15382;15578;6.45;0.39;322.09;15.84;1162;56;5361.00;196
14226;53;623246178;14226;351;15382;15578;6.41;0.39;322.11;15.84;1156;56;5362.00;196
14228;53;623246194;14228;353;15382;15578;6.36;0.39;322.12;15.84;1154;56;5363.00;196
14229;53;623246209;14229;350;15392;15590;6.38;0.39;322.18;15.83;1163;56;5364.00;198
14230;53;623246226;14230;357;15392;15590;6.34;0.39;322.19;15.83;1162;56;5365.00;198
14233;53;623246241;14233;357;15393;15590;6.30;0.38;322.16;15.83;1160;56;5366.00;197
14236;53;623246255;14236;361;15393;15590;6.23;0.38;322.19;15.83;1157;56;5367.00;197
14239;53;623246269;14239;365;15393;15590;6.21;0.38;322.20;15.83;1154;56;5368.00;197
14243;53;623246282;14243;363;15394;15590;6.18;0.38;322.17;15.96;1151;56;5369.00;196
14248;53;623246298;14248;368;15397;15594;6.13;0.37;322.14;15.96;1149;56;5370.00;197
14251;53;623246313;14251;364;15397;15594;6.14;0.37;322.10;15.96;1146;56;5371.00;197
14254;54;623246330;14254;363;15401;15598;6.17;0.38;322.11;15.96;1147;57;5372.00;197
14262;54;623246352;14262;358;15402;15599;6.12;0.37;322.13;15.96;1140;57;5373.00;197
14264;54;623246371;14264;361;15403;15599;6.10;0.37;322.16;15.97;1139;57;5374.00;196
14269;54;623246385;14269;358;15403;15599;6.07;0.37;322.09;15.97;1134;57;5375.00;196
14273;54;623246398;14273;364;15415;15612;6.07;0.37;322.08;15.97;1142;57;5376.00;197
14277;54;623246422;14277;363;15415;15612;5.98;0.36;322.08;15.97;1138;57;5377.00;197
14279;54;623246440;14279;368;15416;15612;5.90;0.36;322.06;15.98;1137;57;5378.00;196
14281;54;623246460;14281;371;15417;15613;5.84;0.35;322.03;15.98;1136;57;5379.00;196
14283;54;623246479;14283;376;15417;15614;5.76;0.35;321.99;15.98;1134;57;5380.00;197
14284;54;623246512;14284;380;15417;15614;5.69;0.35;321.99;15.98;1133;57;5381.00;197
14286;54;623246530;14286;385;15419;15617;5.67;0.34;321.97;15.97;1133;57;5382.00;198
14289;54;623246547;14289;395;15420;15617;5.60;0.34;321.96;15.97;1131;57;5383.00;197
14290;54;623246561;14290;396;15420;15617;5.53;0.34;321.94;15.97;1130;57;5384.00;197
14290;54;623246582;14290;416;15420;15617;5.53;0.34;321.94;15.97;1130;57;5385.00;197
14292;54;623246596;14292;418;15425;15623;5.58;0.34;321.97;15.97;1133;57;5386.00;198
14292;54;623246610;14292;405;15425;15623;5.59;0.34;321.97;15.97;1133;57;5387.00;198
14295;54;623246624;14295;405;15425;15623;5.62;0.34;321.96;15.97;1130;57;5388.00;198
14296;54;623246638;14296;402;15425;15623;5.64;0.34;321.99;15.97;1129;57;5389.00;198
14297;54;623246652;14297;407;15428;15627;5.70;0.35;321.99;15.97;1131;57;5390.00;199
14297;54;623246665;14297;401;15429;15628;5.72;0.35;321.99;15.96;1132;57;5391.00;199
14298;54;623246678;14298;395;15429;15628;5.74;0.35;321.97;15.96;1131;57;5392.00;199
14300;54;623246691;14300;394;15430;15629;5.74;0.35;321.98;15.96;1130;57;5393.00;199
14300;54;623246713;14300;390;15430;15629;5.74;0.35;321.98;15.96;1130;57;5394.00;199
14301;54;623246725;14301;385;15430;15629;5.72;0.35;321.98;15.96;1129;57;5395.00;199
14303;54;623246739;14303;387;15431;15629;5.72;0.35;321.98;15.97;1128;57;5396.00;198
14306;54;623246751;14306;392;15431;15629;5.70;0.35;321.97;15.97;1125;57;5397.00;198
14309;54;623246764;14309;393;15431;15629;5.64;0.34;321.99;15.97;1122;57;5398.00;198
14310;54;623246788;14310;394;15431;15629;5.61;0.34;321.99;15.97;1121;57;5399.00;198
