step_arrived;step_collisions;step_duration;step_ended;step_halting;step_inserted;step_loaded;step_meanSpeed;step_meanSpeedRelative;step_meanTravelTime;step_meanWaitingTime;step_running;step_teleports;step_time;step_waiting
0;0;624294259;0;1;88;245;16.08;1.13;-1.00;0.00;88;0;0.00;157
0;0;624294286;0;1;102;245;15.06;1.04;-1.00;0.14;102;0;1.00;143
0;0;624294287;0;1;122;245;14.58;0.99;-1.00;0.44;122;0;2.00;123
0;0;624294289;0;3;135;245;13.65;0.92;-1.00;0.69;135;0;3.00;110
0;0;624294290;0;4;150;245;12.57;0.84;-1.00;1.02;150;0;4.00;95
0;0;624294291;0;5;158;245;11.84;0.79;-1.00;1.22;158;0;5.00;87
0;0;624294293;0;8;172;245;10.93;0.73;-1.00;1.61;172;0;6.00;73
0;0;624294294;0;12;180;245;10.32;0.69;-1.00;1.85;180;0;7.00;65
0;0;624294296;0;17;190;246;9.59;0.63;-1.00;2.17;190;0;8.00;56
0;0;624294298;0;23;196;247;9.28;0.61;-1.00;2.38;196;0;9.00;51
0;0;624294300;0;24;203;247;9.01;0.60;-1.00;2.65;203;0;10.00;44
0;0;624294302;0;24;207;248;8.87;0.58;-1.00;2.76;207;0;11.00;41
1;0;624294305;1;32;211;248;8.60;0.57;12.00;2.93;210;0;12.00;37
2;0;624294307;2;35;217;248;8.40;0.54;12.50;3.21;215;0;13.00;31
2;0;624294309;2;40;218;248;8.38;0.54;12.50;3.26;216;0;14.00;30
2;0;624294312;2;42;223;252;8.33;0.54;12.50;3.37;221;0;15.00;29
2;0;624294315;2;49;225;252;8.28;0.53;12.50;3.42;223;0;16.00;27
2;0;624294318;2;50;229;252;8.18;0.52;12.50;3.66;227;0;17.00;23
2;0;624294320;2;58;230;255;8.34;0.53;12.50;3.64;228;0;18.00;25
2;0;624294323;2;64;233;255;8.44;0.53;12.50;3.84;231;0;19.00;22
2;0;624294333;2;66;235;255;8.57;0.54;12.50;3.97;233;0;20.00;20
5;0;624294335;5;71;241;259;8.66;0.55;17.60;4.07;236;0;21.00;18
6;0;624294339;6;74;244;260;8.73;0.55;18.17;4.14;238;0;22.00;16
6;0;624294342;6;78;244;260;8.85;0.56;18.17;4.14;238;0;23.00;16
7;0;624294345;7;84;250;264;8.89;0.56;19.00;4.24;243;0;24.00;14
7;0;624294348;7;86;252;264;8.95;0.56;19.00;4.40;245;0;25.00;12
7;0;624294351;7;87;254;264;8.96;0.56;19.00;4.50;247;0;26.00;10
7;0;624294354;7;91;254;265;9.00;0.56;19.00;4.50;247;0;27.00;11
7;0;624294357;7;90;255;265;8.94;0.56;19.00;4.59;248;0;28.00;10
7;0;624294360;7;93;261;271;8.90;0.55;19.00;4.51;254;0;29.00;10
7;0;624294365;7;94;262;271;8.82;0.55;19.00;4.61;255;0;30.00;9
8;0;624294368;8;97;263;272;8.61;0.54;20.13;4.59;255;0;31.00;9
9;0;624294371;9;102;265;272;8.48;0.53;21.44;4.80;256;0;32.00;7
10;0;624294374;10;105;265;272;8.41;0.52;22.60;4.80;255;0;33.00;7
10;0;624294377;10;109;267;272;8.45;0.52;22.60;4.99;257;0;34.00;5
10;0;624294380;10;112;268;272;8.50;0.53;22.60;5.03;258;0;35.00;4
11;0;624294383;11;114;279;284;8.74;0.54;23.27;4.83;268;0;36.00;5
11;0;624294388;11;117;280;284;8.68;0.54;23.27;4.85;269;0;37.00;4
12;0;624294391;12;119;280;284;8.52;0.53;24.17;4.85;268;0;38.00;4
12;0;624294394;12;122;281;284;8.37;0.52;24.17;4.84;269;0;39.00;3
13;0;624294397;13;123;281;284;8.18;0.51;25.00;4.84;268;0;40.00;3
14;0;624294400;14;129;281;284;8.09;0.50;25.93;4.84;267;0;41.00;3
14;0;624294403;14;133;285;288;8.13;0.51;25.93;4.79;271;0;42.00;3
16;0;624294406;16;134;285;288;7.88;0.49;26.25;4.79;269;0;43.00;3
17;0;624294409;17;137;289;292;7.81;0.48;27.18;4.74;272;0;44.00;3
19;0;624294412;19;141;291;294;7.69;0.47;28.89;4.70;272;0;45.00;3
20;0;624294417;20;141;291;294;7.46;0.46;29.45;4.70;271;0;46.00;3
20;0;624294423;20;141;291;294;7.36;0.46;29.45;4.70;271;0;47.00;3
20;0;624294427;20;145;301;307;7.59;0.47;29.45;4.55;281;0;48.00;6
20;0;624294433;20;145;302;307;7.55;0.47;29.45;4.54;282;0;49.00;5
21;0;624294437;21;147;302;307;7.46;0.46;30.43;4.54;281;0;50.00;5
21;0;624294442;21;150;303;308;7.51;0.47;30.43;4.52;282;0;51.00;5
21;0;624294446;21;150;304;309;7.47;0.46;30.43;4.51;283;0;52.00;5
23;0;624294450;23;153;304;309;7.37;0.46;30.78;4.51;281;0;53.00;5
23;0;624294454;23;155;306;312;7.43;0.46;30.78;4.48;283;0;54.00;6
24;0;624294458;24;157;306;312;7.31;0.45;31.71;4.48;282;0;55.00;6
25;0;624294462;25;146;307;312;7.28;0.45;31.72;4.48;282;0;56.00;5
26;0;624294468;26;142;307;312;7.26;0.45;32.69;4.48;281;0;57.00;5
27;0;624294472;27;141;312;318;7.30;0.45;32.70;4.42;285;0;58.00;6
27;0;624294477;27;143;312;318;7.35;0.45;32.70;4.42;285;0;59.00;6
27;0;624294482;27;144;312;318;7.37;0.46;32.70;4.42;285;0;60.00;6
28;0;624294487;28;146;312;318;7.48;0.46;33.57;4.42;284;0;61.00;6
28;0;624294491;28;147;316;322;7.49;0.46;33.57;4.38;288;0;62.00;6
30;0;624294496;30;148;317;323;7.56;0.47;34.13;4.36;287;0;63.00;6
30;0;624294500;30;150;317;323;7.66;0.47;34.13;4.36;287;0;64.00;6
31;0;624294505;31;151;318;324;7.68;0.47;35.13;4.35;287;0;65.00;6
31;0;624294509;31;151;318;324;7.68;0.47;35.13;4.35;287;0;66.00;6
32;0;624294513;32;143;318;324;7.76;0.48;36.13;4.35;286;0;67.00;6
32;0;624294518;32;138;318;324;7.87;0.48;36.13;4.35;286;0;68.00;6
34;0;624294522;34;134;318;324;7.98;0.49;37.85;4.35;284;0;69.00;6
35;0;624294526;35;130;318;324;8.12;0.49;38.60;4.35;283;0;70.00;6
35;0;624294530;35;125;318;324;8.20;0.50;38.60;4.35;283;0;71.00;6
37;0;624294533;37;130;352;394;8.35;0.51;40.38;3.93;315;0;72.00;42
37;0;624294542;37;126;353;395;8.51;0.52;40.38;3.92;316;0;73.00;42
37;0;624294546;37;118;360;395;8.83;0.54;40.38;3.89;323;0;74.00;35
37;1;624294550;37;117;364;395;9.17;0.56;40.38;3.88;327;1;75.00;31
37;1;624294565;37;115;366;395;9.42;0.58;40.38;3.88;329;1;76.00;29
37;2;624294568;37;114;368;395;9.64;0.59;40.38;3.88;331;2;77.00;27
38;2;624294581;38;114;371;395;9.77;0.60;40.82;3.90;333;2;78.00;24
40;2;624294585;40;115;374;395;9.90;0.60;42.25;3.93;334;2;79.00;21
40;2;624294590;40;117;377;396;9.98;0.60;42.25;3.96;337;2;80.00;19
41;3;624294594;41;115;378;397;9.96;0.60;43.20;3.95;337;3;81.00;19
41;3;624294610;41;119;379;397;10.05;0.61;43.20;3.97;338;3;82.00;18
41;3;624294613;41;121;384;401;9.93;0.60;43.20;3.96;343;3;83.00;17
41;3;624294628;41;121;385;401;9.98;0.60;43.20;3.95;344;3;84.00;16
41;3;624294632;41;123;385;401;9.90;0.60;43.20;3.95;344;3;85.00;16
42;3;624294635;42;123;385;401;9.74;0.59;44.00;3.95;343;3;86.00;16
44;3;624294639;44;124;390;407;9.59;0.58;45.86;3.92;346;3;87.00;17
45;3;624294644;45;126;390;407;9.48;0.58;46.80;3.92;345;3;88.00;17
45;3;624294647;45;126;390;407;9.38;0.57;46.80;3.92;345;3;89.00;17
45;3;624294653;45;127;394;413;9.43;0.58;46.80;3.88;349;3;90.00;19
45;3;624294657;45;128;394;413;9.42;0.58;46.80;3.88;349;3;91.00;19
48;3;624294661;48;132;396;413;9.35;0.57;49.63;3.87;348;3;92.00;17
51;3;624294665;51;133;397;414;9.27;0.57;52.18;3.86;346;3;93.00;17
52;3;624294669;52;132;398;415;9.21;0.57;52.98;3.85;346;3;94.00;17
54;3;624294673;54;133;398;415;9.14;0.56;54.35;3.85;344;3;95.00;17
57;3;624294677;57;135;409;428;9.00;0.55;55.25;3.75;352;3;96.00;19
60;3;624294682;60;135;409;428;8.95;0.55;57.33;3.75;349;3;97.00;19
61;3;624294686;61;136;409;428;9.00;0.55;58.00;3.75;348;3;98.00;19
62;3;624294690;62;134;410;429;9.08;0.56;58.66;3.74;348;3;99.00;19
65;3;624294698;65;132;410;429;9.08;0.56;60.49;3.74;345;3;100.00;19
66;3;624294707;66;131;413;433;9.15;0.56;61.09;3.72;347;3;101.00;20
66;3;624294711;66;126;413;433;9.17;0.56;61.09;3.72;347;3;102.00;20
66;3;624294715;66;122;419;437;9.13;0.56;61.09;4.03;353;3;103.00;18
68;3;624294721;68;116;419;437;9.29;0.57;61.99;4.03;351;3;104.00;18
69;3;624294725;69;115;419;437;9.42;0.58;62.55;4.03;350;3;105.00;18
70;3;624294729;70;110;420;437;9.57;0.58;63.13;4.27;350;3;106.00;17
71;3;624294733;71;102;420;437;9.69;0.59;63.73;4.27;349;3;107.00;17
71;3;624294738;71;98;431;449;9.85;0.60;63.73;4.16;360;3;108.00;18
71;3;624294743;71;93;432;449;9.97;0.61;63.73;4.16;361;3;109.00;17
72;3;624294748;72;83;432;449;10.12;0.62;64.38;4.16;360;3;110.00;17
72;3;624294752;72;75;433;449;10.24;0.63;64.38;4.40;361;3;111.00;16
72;3;624294757;72;74;433;449;10.35;0.63;64.38;4.40;361;3;112.00;16
73;3;624294761;73;74;433;449;10.50;0.64;65.01;4.40;360;3;113.00;16
73;3;624294767;73;74;434;450;10.64;0.65;65.01;4.40;361;3;114.00;16
74;3;624294772;74;70;434;450;10.68;0.66;65.69;4.40;360;3;115.00;16
76;3;624294777;76;69;440;456;10.74;0.66;66.93;4.50;364;3;116.00;16
76;3;624294783;76;68;440;457;10.76;0.66;66.93;4.50;364;3;117.00;17
77;3;624294788;77;68;442;457;10.78;0.66;67.57;4.59;365;3;118.00;15
78;3;624294793;78;73;443;457;10.83;0.66;68.22;4.74;365;3;119.00;14
79;3;624294799;79;75;448;462;11.01;0.67;68.87;4.79;369;3;120.00;14
80;3;624294805;80;79;449;462;11.03;0.67;69.53;4.89;369;3;121.00;13
81;3;624294817;81;81;451;462;11.08;0.68;69.90;5.09;370;3;122.00;11
82;3;624294822;82;82;452;463;11.12;0.68;70.52;5.08;370;3;123.00;11
85;3;624294827;85;81;456;467;11.08;0.68;72.28;5.05;371;3;124.00;11
85;3;624294834;85;84;458;467;11.10;0.68;72.28;5.26;373;3;125.00;9
88;3;624294840;88;87;461;470;11.14;0.68;73.40;5.34;373;3;126.00;9
89;3;624294846;89;89;464;470;11.20;0.68;73.98;5.49;375;3;127.00;6
90;3;624294852;90;90;465;470;11.29;0.69;74.18;5.60;375;3;128.00;5
91;3;624294858;91;92;468;470;11.21;0.69;74.38;5.79;377;3;129.00;2
92;3;624294863;92;91;471;474;11.31;0.69;74.73;5.76;379;3;130.00;3
93;3;624294870;93;94;473;474;11.40;0.70;75.25;5.79;380;3;131.00;1
95;3;624294875;95;93;473;474;11.44;0.70;75.38;5.79;378;3;132.00;1
95;3;624294882;95;93;474;474;11.48;0.70;75.38;5.79;379;3;133.00;0
96;3;624294888;96;96;475;475;11.41;0.70;74.86;5.78;379;3;134.00;0
96;3;624294895;96;96;477;477;11.38;0.70;74.86;5.75;381;3;135.00;0
97;3;624294900;97;99;477;477;11.39;0.70;75.34;5.75;380;3;136.00;0
98;3;624294906;98;101;478;478;11.44;0.70;75.93;5.74;380;3;137.00;0
98;3;624294912;98;101;478;478;11.50;0.71;75.93;5.74;380;3;138.00;0
100;3;624294917;100;104;478;478;11.43;0.70;76.30;5.74;378;3;139.00;0
103;3;624294923;103;108;478;478;11.41;0.70;77.61;5.74;375;3;140.00;0
104;3;624294928;104;109;478;478;11.37;0.70;78.22;5.74;374;3;141.00;0
105;3;624294933;105;108;478;478;11.38;0.70;78.83;5.74;373;3;142.00;0
109;3;624294939;109;109;478;478;11.33;0.70;79.99;5.74;369;3;143.00;0
111;3;624294945;111;133;553;605;10.96;0.69;81.13;4.97;442;3;144.00;52
114;3;624294961;114;127;559;606;10.94;0.69;82.32;4.93;445;3;145.00;47
115;3;624294969;115;121;568;606;10.95;0.69;82.87;4.88;453;3;146.00;38
117;3;624294974;117;121;569;606;10.87;0.68;83.93;4.88;452;3;147.00;37
117;3;624294980;117;123;575;606;10.87;0.68;83.93;4.87;458;3;148.00;31
121;3;624294986;121;119;576;606;10.84;0.68;84.38;4.87;455;3;149.00;30
123;3;624294997;123;121;581;611;10.81;0.67;85.43;4.86;458;3;150.00;30
125;3;624295008;125;117;583;611;10.80;0.67;86.45;4.86;458;3;151.00;28
126;3;624295016;126;116;586;612;10.87;0.67;86.96;4.88;460;3;152.00;26
126;3;624295024;126;118;589;613;10.97;0.68;86.96;4.90;463;3;153.00;24
130;3;624295034;130;115;591;613;10.95;0.68;88.95;4.92;461;3;154.00;22
130;3;624295043;130;116;596;614;10.91;0.68;88.95;4.95;466;3;155.00;18
133;3;624295051;133;121;602;614;10.78;0.67;89.22;5.00;469;3;156.00;12
135;3;624295058;135;121;604;614;10.70;0.66;89.99;5.03;469;3;157.00;10
136;3;624295065;136;127;606;614;10.67;0.66;90.49;5.05;470;3;158.00;8
138;3;624295071;138;131;609;618;10.55;0.65;89.91;5.05;471;3;159.00;9
140;3;624295077;140;139;611;618;10.38;0.64;90.91;5.06;471;3;160.00;7
141;3;624295084;141;139;612;618;10.27;0.63;91.37;5.08;471;3;161.00;6
141;3;624295091;141;142;614;621;10.17;0.63;91.37;5.10;473;3;162.00;7
145;3;624295097;145;146;614;621;10.02;0.62;92.63;5.10;469;3;163.00;7
147;3;624295103;147;148;615;621;9.91;0.61;92.76;5.11;468;3;164.00;6
148;3;624295109;148;150;620;625;9.71;0.60;93.18;5.11;472;3;165.00;5
148;3;624295115;148;147;621;626;9.61;0.59;93.18;5.11;473;3;166.00;5
149;3;624295121;149;151;623;626;9.46;0.59;92.71;5.10;474;3;167.00;3
152;3;624295127;152;152;626;630;9.18;0.57;93.72;5.08;474;3;168.00;4
153;3;624295134;153;156;628;630;8.97;0.56;93.97;5.11;475;3;169.00;2
155;3;624295139;155;152;629;630;8.87;0.55;94.63;5.11;474;3;170.00;1
157;3;624295145;157;153;630;631;8.85;0.55;95.10;5.10;473;3;171.00;1
157;3;624295151;157;149;630;631;8.86;0.55;95.10;5.10;473;3;172.00;1
159;3;624295156;159;148;636;637;8.92;0.55;95.53;5.06;477;3;173.00;1
159;3;624295162;159;148;636;637;8.90;0.55;95.53;5.06;477;3;174.00;1
160;3;624295168;160;145;637;638;8.86;0.55;95.30;5.06;477;3;175.00;1
162;3;624295174;162;146;637;638;8.78;0.54;95.07;5.06;475;3;176.00;1
163;3;624295179;163;142;637;638;8.78;0.54;95.12;5.06;474;3;177.00;1
163;3;624295185;163;141;638;638;8.92;0.55;95.12;5.09;475;3;178.00;0
163;3;624295191;163;139;638;638;8.92;0.55;95.12;5.09;475;3;179.00;0
165;3;624295198;165;139;666;672;9.14;0.57;95.58;4.88;501;3;180.00;6
168;3;624295206;168;137;668;672;9.12;0.56;96.14;4.87;500;3;181.00;4
171;3;624295212;171;128;670;672;9.12;0.56;96.85;4.86;499;3;182.00;2
172;3;624295217;172;127;671;672;9.07;0.56;97.34;4.86;499;3;183.00;1
174;3;624295223;174;132;672;672;9.04;0.56;97.14;4.85;498;3;184.00;0
175;3;624295229;175;144;672;672;9.00;0.55;97.37;4.85;497;3;185.00;0
177;3;624295235;177;147;676;676;8.95;0.55;97.95;4.83;499;3;186.00;0
177;3;624295241;177;157;676;676;8.89;0.55;97.95;4.83;499;3;187.00;0
179;3;624295247;179;157;680;680;8.82;0.54;98.15;4.81;501;3;188.00;0
182;3;624295254;182;165;681;681;8.68;0.53;98.90;4.80;499;3;189.00;0
183;3;624295260;183;171;681;681;8.55;0.52;99.00;4.80;498;3;190.00;0
184;3;624295266;184;176;681;681;8.49;0.52;98.59;4.80;497;3;191.00;0
186;3;624295272;186;184;694;694;8.53;0.52;98.82;4.71;508;3;192.00;0
189;3;624295279;189;181;694;694;8.42;0.52;98.49;4.71;505;3;193.00;0
189;3;624295286;189;180;694;694;8.44;0.52;98.49;4.71;505;3;194.00;0
194;3;624295291;194;188;695;695;8.38;0.52;98.57;4.71;501;3;195.00;0
194;3;624295298;194;191;696;696;8.36;0.51;98.57;4.70;502;3;196.00;0
199;3;624295303;199;194;696;696;8.29;0.51;99.05;4.70;497;3;197.00;0
199;3;624295309;199;200;698;699;8.28;0.51;99.05;4.69;499;3;198.00;1
201;3;624295315;201;209;698;699;8.15;0.50;98.92;4.69;497;3;199.00;1
201;3;624295322;201;209;699;699;8.01;0.49;98.92;4.68;498;3;200.00;0
202;3;624295332;202;212;699;699;7.94;0.49;98.71;4.68;497;3;201.00;0
203;3;624295338;203;216;705;705;7.85;0.48;98.71;4.65;502;3;202.00;0
204;3;624295344;204;222;705;705;7.77;0.48;98.51;4.65;501;3;203.00;0
208;3;624295350;208;228;705;705;7.69;0.47;98.75;4.65;497;3;204.00;0
210;3;624295356;210;232;705;705;7.60;0.47;98.22;4.65;495;3;205.00;0
211;3;624295361;211;236;709;709;7.53;0.46;98.71;4.63;498;3;206.00;0
215;3;624295367;215;239;710;710;7.38;0.45;98.91;4.63;495;3;207.00;0
216;3;624295373;216;243;710;710;7.26;0.45;99.42;4.63;494;3;208.00;0
218;3;624295378;218;248;711;711;7.19;0.44;99.62;4.62;493;3;209.00;0
218;3;624295386;218;254;711;711;7.07;0.43;99.62;4.62;493;3;210.00;0
221;3;624295392;221;259;711;711;6.95;0.42;100.26;4.62;490;3;211.00;0
221;3;624295397;221;262;711;711;6.85;0.42;100.26;4.62;490;3;212.00;0
222;3;624295402;222;265;711;711;6.69;0.41;99.90;4.62;489;3;213.00;0
223;3;624295408;223;268;711;711;6.54;0.40;99.77;4.62;488;3;214.00;0
224;3;624295414;224;272;711;711;6.39;0.39;100.25;4.62;487;3;215.00;0
224;3;624295420;224;287;753;781;6.59;0.41;100.25;4.36;529;3;216.00;28
224;3;624295433;224;272;755;782;6.53;0.40;100.25;4.35;531;3;217.00;27
224;3;624295440;224;262;761;782;6.64;0.41;100.25;4.34;537;3;218.00;21
225;3;624295445;225;246;762;782;6.78;0.42;100.78;4.33;537;3;219.00;20
227;3;624295451;227;233;766;782;7.01;0.43;101.63;4.33;539;3;220.00;16
228;3;624295458;228;225;767;782;7.14;0.44;102.15;4.33;539;3;221.00;15
229;3;624295464;229;227;770;782;7.30;0.45;102.41;4.34;541;3;222.00;12
231;3;624295472;231;227;773;782;7.46;0.46;103.41;4.35;542;3;223.00;9
231;3;624295479;231;223;775;783;7.55;0.46;103.41;4.36;544;3;224.00;8
233;3;624295486;233;222;779;785;7.64;0.47;104.09;4.37;546;3;225.00;6
234;3;624295494;234;211;782;785;7.83;0.48;104.20;4.39;548;3;226.00;3
234;3;624295501;234;201;788;789;7.97;0.49;104.20;4.38;554;3;227.00;1
235;3;624295521;235;198;789;789;8.25;0.50;104.52;4.38;554;3;228.00;0
236;3;624295529;236;188;789;789;8.52;0.52;104.17;4.38;553;3;229.00;0
236;3;624295537;236;179;789;789;8.70;0.53;104.17;4.38;553;3;230.00;0
237;3;624295544;237;170;795;795;8.91;0.54;104.68;4.36;558;3;231.00;0
237;3;624295553;237;164;795;795;9.13;0.56;104.68;4.36;558;3;232.00;0
240;3;624295561;240;158;795;795;9.33;0.57;105.62;4.36;555;3;233.00;0
240;3;624295569;240;153;797;798;9.57;0.58;105.62;4.35;557;3;234.00;1
240;3;624295577;240;149;797;798;9.83;0.60;105.62;4.35;557;3;235.00;1
241;3;624295584;241;143;798;798;10.04;0.61;105.73;4.34;557;3;236.00;0
244;3;624295592;244;139;799;799;10.25;0.63;106.18;4.34;555;3;237.00;0
246;3;624295600;246;133;800;800;10.44;0.64;106.57;4.33;554;3;238.00;0
251;3;624295608;251;130;800;800;10.47;0.64;107.56;4.33;549;3;239.00;0
253;3;624295618;253;133;823;826;10.37;0.63;107.47;4.21;570;3;240.00;3
255;3;624295628;255;124;823;826;10.47;0.64;108.14;4.21;568;3;241.00;3
255;3;624295638;255;122;825;826;10.64;0.65;108.14;4.21;570;3;242.00;1
258;3;624295647;258;115;827;827;10.81;0.66;108.95;4.20;569;3;243.00;0
259;3;624295657;259;111;827;827;10.92;0.67;108.92;4.20;568;3;244.00;0
263;3;624295667;263;110;831;831;11.02;0.67;110.12;4.19;568;3;245.00;0
265;3;624295682;265;106;831;831;11.10;0.67;110.71;4.19;566;3;246.00;0
267;3;624295691;267;102;835;835;11.12;0.68;111.19;4.17;568;3;247.00;0
270;4;624295699;270;99;835;835;11.15;0.68;111.78;4.17;565;4;248.00;0
272;4;624295726;272;99;835;835;11.30;0.69;112.74;4.17;563;4;249.00;0
274;4;624295738;274;101;835;835;11.38;0.69;112.80;4.17;561;4;250.00;0
278;4;624295748;278;100;835;835;11.42;0.69;113.21;4.17;557;4;251.00;0
279;4;624295757;279;97;846;847;11.50;0.70;113.19;4.12;567;4;252.00;1
282;4;624295767;282;98;846;847;11.60;0.71;113.65;4.12;564;4;253.00;1
285;4;624295779;285;100;847;847;11.65;0.71;114.42;4.11;562;4;254.00;0
287;4;624295792;287;100;847;847;11.69;0.71;115.12;4.11;560;4;255.00;0
289;4;624295804;289;103;847;847;11.74;0.71;115.49;4.11;558;4;256.00;0
290;5;624295824;290;106;847;847;11.81;0.72;115.98;4.11;557;5;257.00;0
290;5;624295845;290;109;848;848;11.87;0.72;115.98;4.11;558;5;258.00;0
291;5;624295852;291;110;848;848;11.96;0.73;115.81;4.11;557;5;259.00;0
294;5;624295859;294;111;854;854;11.92;0.72;116.51;4.09;560;5;260.00;0
294;5;624295866;294;111;855;855;12.04;0.73;116.51;4.08;561;5;261.00;0
298;5;624295873;298;111;855;855;12.13;0.74;117.16;4.08;557;5;262.00;0
300;5;624295880;300;113;855;855;12.09;0.73;117.73;4.08;555;5;263.00;0
301;5;624295887;301;113;859;859;12.07;0.73;117.74;4.06;558;5;264.00;0
302;5;624295895;302;116;859;859;12.06;0.73;117.63;4.06;557;5;265.00;0
302;5;624295902;302;117;859;859;12.14;0.74;117.63;4.06;557;5;266.00;0
304;5;624295909;304;116;860;860;12.16;0.74;117.74;4.06;556;5;267.00;0
306;5;624295915;306;120;864;864;12.07;0.73;117.51;4.05;558;5;268.00;0
309;5;624295923;309;116;864;864;12.04;0.73;118.05;4.05;555;5;269.00;0
310;5;624295931;310;116;868;870;12.04;0.73;118.50;4.03;558;5;270.00;2
313;5;624295939;313;117;868;870;11.96;0.72;119.72;4.03;555;5;271.00;2
316;5;624295945;316;113;870;870;12.00;0.73;120.41;4.02;554;5;272.00;0
321;5;624295953;321;111;870;870;12.02;0.73;121.13;4.02;549;5;273.00;0
326;5;624295960;326;104;874;874;12.02;0.73;122.06;4.01;548;5;274.00;0
328;5;624295968;328;100;874;874;12.10;0.73;122.29;4.01;546;5;275.00;0
329;5;624295976;329;95;874;874;12.14;0.74;122.58;4.01;545;5;276.00;0
330;5;624295983;330;91;874;874;12.17;0.74;122.70;4.01;544;5;277.00;0
333;5;624295989;333;86;875;875;12.22;0.74;122.80;4.01;542;5;278.00;0
337;5;624295997;337;82;876;876;12.21;0.74;123.15;4.00;539;5;279.00;0
339;5;624296005;339;79;876;876;12.10;0.73;123.33;4.00;537;5;280.00;0
340;5;624296012;340;75;877;877;12.09;0.73;123.37;4.00;537;5;281.00;0
341;5;624296019;341;77;877;877;12.01;0.73;123.21;4.00;536;5;282.00;0
342;5;624296026;342;75;877;877;12.02;0.73;123.64;4.00;535;5;283.00;0
345;5;624296033;345;77;877;877;12.01;0.73;123.35;4.00;532;5;284.00;0
346;5;624296040;346;80;877;877;12.06;0.73;123.18;4.00;531;5;285.00;0
346;5;624296047;346;81;877;877;12.09;0.74;123.18;4.00;531;5;286.00;0
348;5;624296054;348;78;877;877;12.14;0.74;123.30;4.00;529;5;287.00;0
351;5;624296062;351;96;948;1004;11.71;0.73;123.56;3.70;597;5;288.00;56
351;5;624296078;351;90;952;1005;11.70;0.72;123.56;3.69;601;5;289.00;53
354;5;624296085;354;85;957;1005;11.75;0.73;124.28;3.68;603;5;290.00;48
354;5;624296094;354;84;961;1005;11.74;0.73;124.28;3.68;607;5;291.00;44
355;5;624296101;355;86;966;1005;11.65;0.72;124.28;3.68;611;5;292.00;39
357;5;624296108;357;86;967;1005;11.67;0.72;124.29;3.68;610;5;293.00;38
358;5;624296116;358;89;971;1005;11.58;0.71;124.75;3.69;613;5;294.00;34
360;5;624296124;360;93;975;1005;11.62;0.71;125.67;3.70;615;5;295.00;30
360;5;624296132;360;95;978;1006;11.68;0.72;125.67;3.72;618;5;296.00;28
362;5;624296139;362;100;981;1007;11.74;0.72;126.32;3.73;619;5;297.00;26
365;5;624296147;365;100;983;1007;11.71;0.72;126.50;3.75;618;5;298.00;24
369;5;624296156;369;105;985;1008;11.66;0.71;126.95;3.76;616;5;299.00;23
370;5;624296168;370;109;993;1014;11.39;0.70;126.64;3.80;623;5;300.00;21
373;5;624296182;373;112;995;1014;11.22;0.69;127.01;3.82;622;5;301.00;19
376;5;624296192;376;120;997;1014;11.10;0.68;128.09;3.84;621;5;302.00;17
378;5;624296204;378;127;1001;1018;11.00;0.67;127.86;3.87;623;5;303.00;17
378;5;624296218;378;138;1002;1018;10.89;0.67;127.86;3.86;624;5;304.00;16
380;5;624296226;380;144;1005;1018;10.83;0.66;128.19;3.89;625;5;305.00;13
380;5;624296235;380;152;1009;1021;10.71;0.66;128.19;3.89;629;5;306.00;12
381;5;624296248;381;154;1010;1021;10.70;0.66;128.52;3.90;629;5;307.00;11
383;5;624296261;383;162;1012;1021;10.66;0.65;128.70;3.92;629;5;308.00;9
384;5;624296272;384;169;1016;1025;10.57;0.65;128.80;3.93;632;5;309.00;9
386;5;624296283;386;173;1017;1026;10.52;0.65;129.26;3.93;631;5;310.00;9
387;5;624296291;387;176;1018;1026;10.38;0.64;129.69;3.94;631;5;311.00;8
390;5;624296298;390;176;1024;1030;10.30;0.63;130.41;3.94;634;5;312.00;6
390;5;624296307;390;179;1025;1030;10.16;0.63;130.41;3.94;635;5;313.00;5
394;5;624296315;394;179;1026;1030;9.96;0.61;130.24;3.95;632;5;314.00;4
395;5;624296323;395;181;1028;1032;9.79;0.60;130.66;3.94;633;5;315.00;4
398;5;624296331;398;182;1028;1032;9.60;0.59;131.59;3.94;630;5;316.00;4
400;5;624296338;400;190;1034;1038;9.50;0.59;132.13;3.92;634;5;317.00;4
405;5;624296347;405;195;1034;1038;9.24;0.57;133.02;3.92;629;5;318.00;4
409;5;624296355;409;192;1035;1039;9.05;0.56;133.32;3.92;626;5;319.00;4
412;5;624296363;412;193;1036;1039;8.94;0.55;134.22;3.95;624;5;320.00;3
412;5;624296372;412;193;1037;1039;8.87;0.54;134.22;3.98;625;5;321.00;2
413;5;624296379;413;198;1037;1039;8.80;0.54;134.23;3.98;624;5;322.00;2
414;5;624296388;414;200;1037;1039;8.85;0.54;134.16;3.98;623;5;323.00;2
418;5;624296395;418;201;1048;1051;8.83;0.54;134.11;3.94;630;5;324.00;3
422;5;624296404;422;202;1049;1051;8.80;0.54;134.52;3.97;627;5;325.00;2
422;5;624296412;422;202;1051;1051;8.77;0.54;134.52;3.98;629;5;326.00;0
423;5;624296422;423;204;1051;1051;8.76;0.54;134.67;3.98;628;5;327.00;0
423;5;624296433;423;202;1051;1051;8.80;0.54;134.67;3.98;628;5;328.00;0
427;5;624296445;427;204;1051;1051;8.76;0.54;135.16;3.98;624;5;329.00;0
429;5;624296458;429;209;1055;1055;8.72;0.54;135.64;3.97;626;5;330.00;0
429;5;624296471;429;214;1055;1055;8.73;0.54;135.64;3.97;626;5;331.00;0
431;5;624296482;431;216;1059;1059;8.75;0.54;135.66;3.96;628;5;332.00;0
431;5;624296492;431;222;1060;1060;8.71;0.54;135.66;3.95;629;5;333.00;0
435;5;624296502;435;225;1060;1060;8.58;0.53;136.64;3.95;625;5;334.00;0
438;5;624296514;438;228;1060;1060;8.46;0.52;136.96;3.95;622;5;335.00;0
443;5;624296524;443;233;1073;1073;8.34;0.51;137.61;3.90;630;5;336.00;0
448;5;624296534;448;236;1073;1073;8.14;0.50;138.58;3.90;625;5;337.00;0
453;5;624296542;453;240;1073;1073;7.88;0.49;140.25;3.90;620;5;338.00;0
455;5;624296550;455;243;1074;1074;7.75;0.48;140.72;3.90;619;5;339.00;0
458;5;624296558;458;237;1075;1075;7.57;0.47;142.02;3.90;617;5;340.00;0
461;5;624296565;461;235;1075;1075;7.45;0.46;142.29;3.90;614;5;341.00;0
465;5;624296572;465;233;1077;1078;7.37;0.46;143.03;3.89;612;5;342.00;1
469;5;624296579;469;237;1077;1078;7.41;0.46;143.59;3.89;608;5;343.00;1
471;5;624296586;471;236;1078;1078;7.42;0.46;143.93;3.89;607;5;344.00;0
474;5;624296594;474;242;1078;1078;7.41;0.46;144.59;3.89;604;5;345.00;0
476;5;624296602;476;238;1084;1084;7.44;0.46;144.83;3.87;608;5;346.00;0
481;5;624296609;481;234;1084;1084;7.40;0.46;145.84;3.87;603;5;347.00;0
483;5;624296618;483;233;1084;1084;7.36;0.45;146.39;3.87;601;5;348.00;0
486;5;624296627;486;230;1084;1084;7.35;0.45;146.72;3.87;598;5;349.00;0
488;5;624296636;488;227;1088;1088;7.37;0.46;147.26;3.86;600;5;350.00;0
491;5;624296646;491;228;1089;1089;7.36;0.45;147.35;3.86;598;5;351.00;0
492;5;624296654;492;229;1089;1089;7.33;0.45;147.47;3.86;597;5;352.00;0
496;5;624296668;496;228;1090;1090;7.33;0.45;147.23;3.86;594;5;353.00;0
501;5;624296675;501;228;1090;1090;7.24;0.45;147.07;3.86;589;5;354.00;0
504;5;624296682;504;227;1090;1090;7.14;0.44;146.96;3.86;586;5;355.00;0
511;5;624296697;511;233;1090;1090;7.00;0.43;146.92;3.86;579;5;356.00;0
513;5;624296704;513;238;1090;1090;6.92;0.43;146.64;3.86;577;5;357.00;0
515;5;624296711;515;240;1090;1090;6.89;0.42;146.83;3.86;575;5;358.00;0
519;5;624296719;519;255;1090;1090;6.81;0.42;146.35;3.86;571;5;359.00;0
522;5;624296729;522;264;1151;1215;7.35;0.46;146.39;3.65;629;5;360.00;64
525;5;624296748;525;268;1158;1216;7.35;0.46;146.62;3.64;633;5;361.00;58
528;5;624296757;528;266;1171;1216;7.43;0.47;146.31;3.62;643;5;362.00;45
529;5;624296768;529;266;1177;1216;7.49;0.47;146.71;3.62;648;5;363.00;39
534;5;624296776;534;266;1186;1216;7.48;0.47;146.72;3.62;652;5;364.00;30
535;5;624296786;535;275;1189;1216;7.44;0.46;146.75;3.62;654;5;365.00;27
537;5;624296794;537;275;1196;1216;7.39;0.46;146.88;3.64;659;5;366.00;20
539;5;624296803;539;285;1199;1216;7.30;0.45;146.68;3.64;660;5;367.00;17
539;5;624296812;539;290;1205;1217;7.11;0.44;146.68;3.67;666;5;368.00;12
540;5;624296822;540;298;1208;1218;6.97;0.43;146.64;3.68;668;5;369.00;10
541;5;624296831;541;295;1211;1218;6.86;0.42;146.79;3.69;670;5;370.00;7
542;5;624296839;542;282;1217;1222;6.80;0.42;146.87;3.69;675;5;371.00;5
543;5;624296849;543;278;1218;1222;6.77;0.42;147.14;3.69;675;5;372.00;4
546;5;624296857;546;282;1218;1222;6.71;0.41;147.08;3.69;672;5;373.00;4
548;5;624296867;548;287;1219;1222;6.72;0.41;146.79;3.70;671;5;374.00;3
549;5;624296875;549;279;1225;1228;6.78;0.42;146.57;3.69;676;5;375.00;3
549;5;624296885;549;282;1225;1228;6.89;0.42;146.57;3.69;676;5;376.00;3
551;5;624296894;551;279;1226;1228;6.93;0.42;146.58;3.70;675;5;377.00;2
551;5;624296910;551;277;1229;1231;7.04;0.43;146.58;3.69;678;5;378.00;2
551;5;624296919;551;277;1230;1231;7.11;0.43;146.58;3.70;679;5;379.00;1
552;5;624296929;552;275;1230;1231;7.18;0.44;146.63;3.70;678;5;380.00;1
552;5;624296940;552;274;1232;1232;7.26;0.44;146.63;3.71;680;5;381.00;0
553;5;624296950;553;269;1233;1233;7.39;0.45;146.65;3.71;680;5;382.00;0
556;5;624296968;556;268;1233;1233;7.40;0.45;146.03;3.71;677;5;383.00;0
558;5;624296979;558;269;1246;1246;7.50;0.45;145.97;3.67;688;5;384.00;0
558;5;624296997;558;267;1246;1246;7.54;0.46;145.97;3.67;688;5;385.00;0
558;5;624297009;558;268;1246;1246;7.61;0.46;145.97;3.67;688;5;386.00;0
561;5;624297019;561;253;1247;1247;7.65;0.47;145.65;3.67;686;5;387.00;0
562;5;624297031;562;247;1247;1247;7.74;0.47;145.94;3.67;685;5;388.00;0
563;5;624297042;563;243;1251;1251;7.90;0.48;146.11;3.66;688;5;389.00;0
563;5;624297056;563;234;1251;1251;8.01;0.49;146.11;3.66;688;5;390.00;0
565;5;624297069;565;230;1255;1255;8.14;0.49;146.16;3.65;690;5;391.00;0
568;5;624297081;568;226;1255;1255;8.16;0.50;146.66;3.65;687;5;392.00;0
571;5;624297094;571;226;1255;1255;8.26;0.50;146.72;3.65;684;5;393.00;0
571;5;624297108;571;227;1255;1255;8.35;0.51;146.72;3.65;684;5;394.00;0
573;5;624297120;573;224;1255;1255;8.42;0.51;146.77;3.65;682;5;395.00;0
578;5;624297141;578;208;1266;1267;8.58;0.52;147.39;3.62;688;5;396.00;1
578;5;624297153;578;198;1266;1267;8.76;0.53;147.39;3.62;688;5;397.00;1
578;5;624297164;578;185;1267;1267;9.00;0.55;147.39;3.62;689;5;398.00;0
578;5;624297175;578;171;1267;1267;9.22;0.56;147.39;3.62;689;5;399.00;0
579;5;624297186;579;160;1267;1267;9.49;0.58;147.51;3.62;688;5;400.00;0
581;5;624297201;581;152;1267;1267;9.76;0.60;147.66;3.62;686;5;401.00;0
584;5;624297212;584;139;1268;1268;9.98;0.61;148.47;3.62;684;5;402.00;0
586;5;624297223;586;130;1268;1268;10.19;0.62;148.85;3.62;682;5;403.00;0
588;5;624297240;588;126;1274;1274;10.40;0.64;149.19;3.60;686;5;404.00;0
590;5;624297253;590;123;1276;1276;10.62;0.65;149.35;3.60;686;5;405.00;0
591;5;624297264;591;115;1276;1276;10.77;0.66;149.30;3.60;685;5;406.00;0
595;5;624297275;595;109;1276;1276;10.85;0.66;149.50;3.60;681;5;407.00;0
599;5;624297286;599;106;1280;1280;10.96;0.67;150.70;3.59;681;5;408.00;0
600;5;624297297;600;110;1280;1280;11.09;0.68;150.62;3.59;680;5;409.00;0
601;5;624297308;601;105;1280;1280;11.20;0.68;150.99;3.59;679;5;410.00;0
602;5;624297319;602;106;1281;1281;11.34;0.69;151.08;3.59;679;5;411.00;0
608;5;624297333;608;105;1285;1285;11.37;0.69;151.57;3.58;677;5;412.00;0
610;5;624297349;610;107;1285;1285;11.46;0.70;152.07;3.58;675;5;413.00;0
611;5;624297361;611;98;1287;1288;11.63;0.71;151.92;3.57;676;5;414.00;1
614;5;624297373;614;93;1287;1288;11.72;0.71;152.72;3.57;673;5;415.00;1
615;5;624297385;615;91;1288;1288;11.76;0.72;153.10;3.57;673;5;416.00;0
615;5;624297395;615;92;1288;1288;11.84;0.72;153.10;3.57;673;5;417.00;0
618;5;624297405;618;94;1292;1292;11.91;0.73;153.52;3.56;674;5;418.00;0
621;5;624297416;621;92;1292;1292;11.99;0.73;154.29;3.56;671;5;419.00;0
623;5;624297429;623;95;1292;1292;12.13;0.74;154.84;3.56;669;5;420.00;0
628;5;624297440;628;95;1292;1292;12.18;0.74;156.10;3.56;664;5;421.00;0
633;5;624297450;633;92;1293;1293;12.19;0.74;156.35;3.56;660;5;422.00;0
635;5;624297461;635;93;1294;1294;12.22;0.75;156.52;3.56;659;5;423.00;0
636;5;624297472;636;94;1294;1294;12.20;0.74;156.93;3.56;658;5;424.00;0
638;5;624297481;638;89;1295;1295;12.26;0.75;157.66;3.56;657;5;425.00;0
642;5;624297490;642;91;1295;1295;12.31;0.75;158.21;3.56;653;5;426.00;0
651;5;624297500;651;88;1295;1295;12.29;0.75;159.46;3.56;644;5;427.00;0
652;5;624297516;652;89;1295;1295;12.33;0.75;159.81;3.56;643;5;428.00;0
657;5;624297527;657;89;1295;1295;12.45;0.76;160.32;3.56;638;5;429.00;0
661;5;624297537;661;91;1295;1295;12.53;0.76;160.20;3.56;634;5;430.00;0
667;5;624297546;667;90;1295;1295;12.67;0.77;161.03;3.56;628;5;431.00;0
669;5;624297555;669;125;1374;1422;12.08;0.75;161.71;3.35;705;5;432.00;48
673;5;624297576;673;111;1374;1423;12.17;0.75;162.58;3.35;701;5;433.00;49
679;5;624297586;679;102;1380;1423;12.29;0.76;163.09;3.35;701;5;434.00;43
680;5;624297596;680;100;1382;1423;12.36;0.76;163.07;3.35;702;5;435.00;41
682;5;624297606;682;100;1387;1423;12.37;0.76;163.81;3.35;705;5;436.00;36
687;5;624297616;687;104;1389;1423;12.33;0.76;164.24;3.35;702;5;437.00;34
693;5;624297626;693;105;1392;1423;12.24;0.75;164.85;3.36;699;5;438.00;31
695;5;624297635;695;107;1394;1423;12.31;0.75;165.11;3.36;699;5;439.00;29
698;5;624297645;698;104;1396;1424;12.30;0.75;165.46;3.37;698;5;440.00;28
700;5;624297659;700;107;1401;1425;12.31;0.75;165.61;3.39;701;5;441.00;24
705;5;624297669;705;98;1403;1425;12.33;0.76;165.92;3.40;698;5;442.00;22
708;5;624297678;708;101;1407;1426;12.21;0.75;166.35;3.42;699;5;443.00;19
713;5;624297688;713;100;1410;1426;12.11;0.74;166.64;3.44;697;5;444.00;16
715;5;624297698;715;101;1413;1426;12.07;0.74;166.77;3.46;698;5;445.00;13
716;5;624297709;716;100;1415;1426;12.07;0.74;166.75;3.47;699;5;446.00;11
721;5;624297718;721;100;1417;1430;12.05;0.74;167.16;3.48;696;5;447.00;13
723;5;624297729;723;98;1421;1430;12.03;0.74;167.41;3.51;698;5;448.00;9
728;5;624297739;728;99;1422;1430;12.04;0.74;167.36;3.51;694;5;449.00;8
730;6;624297751;730;102;1427;1436;11.94;0.73;167.29;3.52;697;6;450.00;9
735;6;624297773;735;99;1427;1436;12.01;0.73;167.65;3.52;692;6;451.00;9
742;6;624297786;742;100;1428;1436;12.01;0.73;168.39;3.52;686;6;452.00;8
743;6;624297796;743;98;1431;1440;12.03;0.73;168.58;3.51;688;6;453.00;9
749;6;624297806;749;99;1432;1441;12.08;0.74;168.58;3.51;683;6;454.00;9
751;6;624297816;751;100;1433;1441;12.12;0.74;168.52;3.51;682;6;455.00;8
754;6;624297826;754;99;1437;1445;12.19;0.74;168.57;3.51;683;6;456.00;8
757;6;624297836;757;105;1437;1445;12.17;0.74;168.89;3.51;680;6;457.00;8
764;6;624297847;764;110;1438;1445;12.18;0.74;168.92;3.51;674;6;458.00;7
767;6;624297866;767;109;1439;1446;12.23;0.74;168.83;3.51;672;6;459.00;7
767;6;624297883;767;109;1439;1446;12.28;0.75;168.83;3.51;672;6;460.00;7
770;6;624297895;770;112;1445;1452;12.22;0.74;168.92;3.54;675;6;461.00;7
771;6;624297906;771;114;1445;1452;12.15;0.74;169.06;3.54;674;6;462.00;7
774;6;624297916;774;114;1445;1453;12.02;0.73;169.17;3.54;671;6;463.00;8
775;6;624297929;775;118;1447;1453;11.89;0.72;169.20;3.57;672;6;464.00;6
777;6;624297940;777;125;1447;1453;11.77;0.71;169.36;3.57;670;6;465.00;6
779;6;624297949;779;126;1447;1453;11.64;0.71;169.33;3.57;668;6;466.00;6
780;6;624297959;780;130;1448;1453;11.59;0.70;169.67;3.57;668;6;467.00;5
782;6;624297968;782;137;1457;1465;11.54;0.70;170.12;3.55;675;6;468.00;8
785;6;624297979;785;142;1457;1465;11.44;0.70;170.29;3.55;672;6;469.00;8
788;6;624297988;788;149;1461;1465;11.38;0.69;170.36;3.57;673;6;470.00;4
790;6;624297996;790;153;1461;1465;11.23;0.69;170.65;3.57;671;6;471.00;4
794;6;624298005;794;157;1461;1465;11.17;0.68;170.43;3.57;667;6;472.00;4
795;6;624298014;795;161;1462;1465;11.08;0.68;170.36;3.58;667;6;473.00;3
797;6;624298023;797;167;1465;1469;10.95;0.67;170.29;3.57;668;6;474.00;4
799;6;624298033;799;170;1466;1469;10.91;0.67;170.16;3.58;667;6;475.00;3
804;6;624298042;804;175;1471;1473;10.85;0.66;170.06;3.58;667;6;476.00;2
805;6;624298053;805;183;1474;1474;10.81;0.66;170.08;3.58;669;6;477.00;0
809;6;624298063;809;187;1474;1474;10.69;0.65;170.28;3.58;665;6;478.00;0
810;6;624298072;810;192;1474;1474;10.57;0.65;170.36;3.58;664;6;479.00;0
811;6;624298088;811;201;1495;1500;10.48;0.64;170.17;3.53;684;6;480.00;5
814;6;624298100;814;205;1497;1500;10.41;0.64;170.07;3.53;683;6;481.00;3
815;6;624298109;815;212;1500;1500;10.30;0.63;170.18;3.53;685;6;482.00;0
816;6;624298118;816;213;1501;1501;10.22;0.63;170.26;3.53;685;6;483.00;0
819;6;624298127;819;218;1502;1502;10.07;0.62;170.49;3.52;683;6;484.00;0
820;6;624298136;820;228;1502;1502;9.93;0.61;170.44;3.52;682;6;485.00;0
823;6;624298145;823;231;1504;1505;9.77;0.60;170.44;3.52;681;6;486.00;1
825;6;624298154;825;233;1504;1505;9.58;0.59;170.60;3.52;679;6;487.00;1
827;6;624298163;827;237;1505;1505;9.42;0.58;170.39;3.52;678;6;488.00;0
827;6;624298172;827;240;1505;1505;9.30;0.57;170.39;3.52;678;6;489.00;0
829;6;624298180;829;242;1511;1511;9.21;0.56;170.36;3.51;682;6;490.00;0
830;6;624298191;830;242;1511;1511;9.06;0.56;170.25;3.51;681;6;491.00;0
831;6;624298199;831;245;1511;1511;8.86;0.54;170.21;3.51;680;6;492.00;0
832;6;624298207;832;244;1511;1511;8.72;0.54;170.08;3.51;679;6;493.00;0
833;6;624298216;833;249;1515;1515;8.64;0.53;170.11;3.50;682;6;494.00;0
836;6;624298225;836;248;1517;1517;8.56;0.53;170.12;3.50;681;6;495.00;0
837;6;624298234;837;253;1517;1517;8.48;0.52;170.08;3.50;680;6;496.00;0
841;6;624298243;841;250;1518;1518;8.42;0.52;169.80;3.50;677;6;497.00;0
844;6;624298253;844;258;1518;1518;8.41;0.52;169.67;3.50;674;6;498.00;0
846;6;624298261;846;258;1518;1518;8.40;0.52;169.60;3.50;672;6;499.00;0
848;6;624298270;848;260;1518;1518;8.30;0.51;169.36;3.50;670;6;500.00;0
851;6;624298284;851;260;1518;1518;8.20;0.50;169.31;3.50;667;6;501.00;0
856;6;624298293;856;262;1518;1518;8.09;0.50;169.20;3.50;662;6;502.00;0
860;6;624298301;860;261;1518;1518;7.98;0.49;169.49;3.50;658;6;503.00;0
864;6;624298309;864;268;1560;1588;8.09;0.50;169.37;3.40;696;6;504.00;28
866;6;624298323;866;263;1563;1589;7.99;0.49;170.03;3.40;697;6;505.00;26
870;6;624298334;870;262;1570;1589;7.95;0.49;170.58;3.39;700;6;506.00;19
872;6;624298343;872;260;1573;1589;7.85;0.48;171.10;3.39;701;6;507.00;16
875;6;624298352;875;260;1573;1589;7.75;0.48;171.46;3.39;698;6;508.00;16
878;6;624298359;878;269;1576;1589;7.65;0.47;171.38;3.39;698;6;509.00;13
881;6;624298368;881;258;1577;1589;7.52;0.46;171.89;3.39;696;6;510.00;12
883;6;624298375;883;258;1579;1589;7.50;0.46;171.94;3.40;696;6;511.00;10
885;6;624298382;885;252;1582;1590;7.50;0.46;172.53;3.41;697;6;512.00;8
888;6;624298390;888;250;1585;1591;7.44;0.46;172.78;3.42;697;6;513.00;6
892;6;624298398;892;247;1587;1591;7.35;0.45;173.56;3.43;695;6;514.00;4
895;6;624298405;895;255;1592;1595;7.31;0.45;173.66;3.43;697;6;515.00;3
899;6;624298414;899;263;1594;1595;7.27;0.44;173.87;3.43;695;6;516.00;1
903;6;624298424;903;265;1595;1595;7.23;0.44;174.38;3.43;692;6;517.00;0
903;6;624298438;903;262;1595;1595;7.30;0.45;174.38;3.43;692;6;518.00;0
906;6;624298449;906;259;1601;1601;7.31;0.45;174.84;3.42;695;6;519.00;0
907;6;624298462;907;260;1601;1601;7.38;0.45;175.14;3.42;694;6;520.00;0
908;6;624298475;908;260;1601;1601;7.40;0.45;175.49;3.42;693;6;521.00;0
911;6;624298487;911;257;1603;1604;7.40;0.45;175.95;3.42;692;6;522.00;1
914;6;624298500;914;243;1604;1604;7.39;0.45;176.12;3.42;690;6;523.00;0
916;6;624298514;916;229;1604;1604;7.42;0.45;175.93;3.42;688;6;524.00;0
918;6;624298526;918;225;1605;1605;7.48;0.46;176.53;3.42;687;6;525.00;0
925;6;624298540;925;227;1606;1606;7.48;0.46;176.65;3.41;681;6;526.00;0
928;6;624298549;928;229;1606;1606;7.54;0.46;176.67;3.41;678;6;527.00;0
934;6;624298559;934;225;1617;1619;7.74;0.47;176.82;3.39;683;6;528.00;2
937;6;624298569;937;229;1618;1619;7.81;0.48;177.55;3.39;681;6;529.00;1
938;6;624298585;938;225;1619;1619;8.01;0.49;177.46;3.39;681;6;530.00;0
942;6;624298595;942;226;1620;1620;8.15;0.50;177.67;3.39;678;6;531.00;0
944;6;624298604;944;224;1620;1620;8.23;0.50;177.86;3.39;676;6;532.00;0
945;6;624298621;945;231;1624;1624;8.35;0.51;178.14;3.38;679;6;533.00;0
950;6;624298638;950;232;1624;1624;8.35;0.51;178.64;3.38;674;6;534.00;0
953;6;624298648;953;231;1628;1628;8.34;0.51;178.55;3.37;675;6;535.00;0
957;6;624298658;957;226;1628;1628;8.34;0.51;178.65;3.37;671;6;536.00;0
961;6;624298667;961;223;1628;1628;8.31;0.50;178.97;3.37;667;6;537.00;0
962;6;624298676;962;222;1628;1628;8.35;0.51;178.95;3.37;666;6;538.00;0
964;6;624298688;964;221;1628;1628;8.33;0.51;179.05;3.37;664;6;539.00;0
967;6;624298706;967;231;1658;1662;8.33;0.51;179.28;3.31;691;6;540.00;4
969;6;624298719;969;223;1658;1662;8.35;0.51;179.38;3.31;689;6;541.00;4
971;6;624298729;971;220;1661;1662;8.37;0.51;179.74;3.31;690;6;542.00;1
975;6;624298739;975;222;1661;1662;8.29;0.51;179.86;3.31;686;6;543.00;1
978;6;624298747;978;224;1662;1662;8.24;0.50;179.98;3.31;684;6;544.00;0
981;6;624298757;981;222;1662;1662;8.17;0.50;180.01;3.31;681;6;545.00;0
984;6;624298774;984;219;1663;1663;8.04;0.49;179.84;3.31;679;6;546.00;0
989;6;624298785;989;222;1663;1663;7.99;0.49;180.15;3.31;674;6;547.00;0
992;6;624298794;992;217;1669;1669;8.02;0.49;180.16;3.30;677;6;548.00;0
995;6;624298805;995;214;1670;1670;8.08;0.49;180.16;3.30;675;6;549.00;0
997;6;624298816;997;220;1670;1670;8.12;0.50;180.18;3.30;673;6;550.00;0
998;6;624298825;998;220;1670;1670;8.20;0.50;180.31;3.30;672;6;551.00;0
998;6;624298836;998;216;1674;1674;8.23;0.50;180.31;3.29;676;6;552.00;0
1001;6;624298847;1001;217;1674;1674;8.26;0.51;180.30;3.29;673;6;553.00;0
1003;6;624298858;1003;216;1674;1674;8.26;0.51;180.51;3.29;671;6;554.00;0
1005;6;624298867;1005;217;1675;1675;8.25;0.50;180.75;3.29;670;6;555.00;0
1007;6;624298877;1007;216;1679;1679;8.24;0.50;180.90;3.29;672;6;556.00;0
1010;6;624298887;1010;206;1679;1679;8.24;0.50;180.85;3.29;669;6;557.00;0
1012;6;624298897;1012;199;1681;1682;8.31;0.51;181.02;3.28;669;6;558.00;1
1016;6;624298907;1016;194;1681;1682;8.34;0.51;180.86;3.28;665;6;559.00;1
1018;6;624298916;1018;190;1682;1682;8.43;0.51;181.13;3.28;664;6;560.00;0
1019;6;624298926;1019;188;1682;1682;8.53;0.52;181.22;3.28;663;6;561.00;0
1022;6;624298936;1022;184;1686;1686;8.60;0.52;181.60;3.28;664;6;562.00;0
1024;6;624298949;1024;178;1686;1686;8.70;0.53;181.92;3.28;662;6;563.00;0
1028;6;624298959;1028;183;1686;1686;8.82;0.54;182.13;3.28;658;6;564.00;0
1029;6;624298970;1029;178;1686;1686;8.92;0.54;182.22;3.28;657;6;565.00;0
1030;6;624298979;1030;158;1687;1687;9.13;0.56;182.21;3.27;657;6;566.00;0
1035;6;624298989;1035;149;1688;1688;9.24;0.56;182.77;3.27;653;6;567.00;0
1037;6;624298999;1037;140;1688;1688;9.41;0.57;182.82;3.27;651;6;568.00;0
1041;6;624299010;1041;134;1689;1689;9.54;0.58;183.12;3.27;648;6;569.00;0
1042;6;624299021;1042;132;1689;1689;9.73;0.59;183.45;3.27;647;6;570.00;0
1045;6;624299032;1045;125;1689;1689;9.88;0.60;183.50;3.27;644;6;571.00;0
1047;6;624299042;1047;120;1689;1689;10.08;0.61;183.63;3.27;642;6;572.00;0
1049;6;624299052;1049;117;1689;1689;10.19;0.62;183.58;3.27;640;6;573.00;0
1052;6;624299062;1052;115;1689;1689;10.35;0.63;183.65;3.27;637;6;574.00;0
1053;6;624299072;1053;113;1689;1689;10.54;0.64;183.78;3.27;636;6;575.00;0
1057;6;624299081;1057;133;1771;1816;10.48;0.65;184.36;3.12;714;6;576.00;45
1059;6;624299108;1059;122;1774;1817;10.58;0.65;184.65;3.12;715;6;577.00;43
1062;6;624299118;1062;116;1781;1817;10.78;0.66;184.73;3.11;719;6;578.00;36
1065;6;624299129;1065;107;1782;1817;10.90;0.67;185.42;3.11;717;6;579.00;35
1067;6;624299139;1067;100;1786;1817;11.02;0.68;185.84;3.11;719;6;580.00;31
1071;6;624299150;1071;95;1787;1817;11.05;0.68;185.98;3.12;716;6;581.00;30
1071;6;624299161;1071;97;1788;1817;11.16;0.69;185.98;3.12;717;6;582.00;29
1072;6;624299178;1072;101;1790;1817;11.21;0.69;185.97;3.12;718;6;583.00;27
1074;6;624299201;1074;102;1791;1818;11.23;0.69;186.23;3.12;717;6;584.00;27
1074;6;624299216;1074;109;1795;1820;11.29;0.69;186.23;3.13;721;6;585.00;25
1077;6;624299228;1077;111;1797;1820;11.27;0.69;186.81;3.14;720;6;586.00;23
1078;6;624299240;1078;120;1801;1821;11.35;0.70;186.91;3.15;723;6;587.00;20
1086;6;624299251;1086;121;1802;1821;11.38;0.70;187.65;3.16;716;6;588.00;19
1089;6;624299265;1089;127;1805;1821;11.44;0.70;187.99;3.17;716;6;589.00;16
1089;6;624299280;1089;128;1806;1821;11.55;0.71;187.99;3.18;717;6;590.00;15
1093;6;624299291;1093;129;1810;1825;11.59;0.71;188.64;3.18;717;6;591.00;15
1097;6;624299303;1097;134;1812;1825;11.62;0.71;188.80;3.20;715;6;592.00;13
1101;6;624299313;1101;132;1812;1825;11.66;0.71;189.12;3.20;711;6;593.00;13
1105;6;624299330;1105;135;1816;1828;11.77;0.72;189.38;3.23;711;6;594.00;12
1112;6;624299342;1112;131;1816;1828;11.76;0.71;190.48;3.23;704;6;595.00;12
1114;6;624299353;1114;133;1819;1828;11.79;0.72;190.41;3.26;705;6;596.00;9
1116;6;624299363;1116;136;1825;1832;11.76;0.71;190.91;3.26;709;6;597.00;7
1118;6;624299374;1118;136;1827;1833;11.84;0.72;190.93;3.28;709;6;598.00;6
1122;6;624299385;1122;137;1829;1833;11.83;0.72;191.23;3.29;707;6;599.00;4
1123;6;624299399;1123;140;1841;1859;11.79;0.72;191.36;3.28;718;6;600.00;18
1125;6;624299418;1125;134;1842;1859;11.85;0.72;191.15;3.28;717;6;601.00;17
1126;6;624299431;1126;133;1843;1859;11.91;0.72;191.33;3.28;717;6;602.00;16
1126;6;624299443;1126;132;1846;1860;11.97;0.73;191.33;3.28;720;6;603.00;14
1131;6;624299453;1131;133;1848;1860;11.98;0.73;191.93;3.28;717;6;604.00;12
1135;6;624299464;1135;132;1852;1866;12.03;0.73;192.09;3.28;717;6;605.00;14
1139;6;624299475;1139;133;1854;1866;12.08;0.73;192.11;3.28;715;6;606.00;12
1142;6;624299485;1142;134;1855;1867;12.17;0.74;192.31;3.28;713;6;607.00;12
1145;6;624299495;1145;134;1855;1867;12.21;0.74;192.54;3.28;710;6;608.00;12
1148;6;624299505;1148;131;1857;1867;12.24;0.74;192.50;3.28;709;6;609.00;10
1149;6;624299514;1149;128;1857;1867;12.23;0.74;192.55;3.28;708;6;610.00;10
1153;6;624299524;1153;131;1857;1867;12.23;0.74;192.90;3.28;704;6;611.00;10
1159;6;624299534;1159;124;1866;1879;12.19;0.74;193.51;3.27;707;6;612.00;13
1159;6;624299544;1159;117;1866;1879;12.16;0.74;193.51;3.27;707;6;613.00;13
1164;6;624299553;1164;117;1867;1879;12.14;0.73;193.55;3.27;703;6;614.00;12
1167;6;624299563;1167;115;1871;1879;12.05;0.73;193.78;3.28;704;6;615.00;8
1169;6;624299572;1169;114;1871;1879;12.02;0.73;193.76;3.28;702;6;616.00;8
1172;6;624299582;1172;116;1872;1879;12.03;0.73;194.16;3.29;700;6;617.00;7
1177;6;624299591;1177;116;1875;1883;12.04;0.73;194.51;3.29;698;6;618.00;8
1181;7;624299601;1181;113;1875;1883;12.13;0.73;194.65;3.29;694;7;619.00;8
1186;7;624299626;1186;109;1880;1887;12.12;0.73;194.75;3.29;694;7;620.00;7
1188;7;624299636;1188;107;1880;1888;12.11;0.73;194.84;3.29;692;7;621.00;8
1191;7;624299645;1191;111;1881;1888;12.10;0.73;194.86;3.29;690;7;622.00;7
1193;7;624299654;1193;107;1882;1888;12.06;0.73;194.92;3.30;689;7;623.00;6
1198;7;624299664;1198;112;1890;1901;11.95;0.72;194.88;3.29;692;7;624.00;11
1199;7;624299675;1199;117;1890;1901;11.92;0.72;194.87;3.29;691;7;625.00;11
1202;7;624299683;1202;120;1890;1901;11.92;0.72;195.05;3.29;688;7;626.00;11
1205;7;624299693;1205;124;1892;1902;11.92;0.72;195.20;3.30;687;7;627.00;10
1208;7;624299702;1208;130;1892;1903;11.90;0.72;195.35;3.30;684;7;628.00;11
1210;7;624299711;1210;133;1894;1903;11.88;0.72;195.33;3.32;684;7;629.00;9
1212;7;624299721;1212;137;1898;1909;11.91;0.72;195.44;3.31;686;7;630.00;11
1215;7;624299731;1215;142;1900;1909;11.90;0.72;195.19;3.31;685;7;631.00;9
1218;7;624299740;1218;141;1901;1909;11.79;0.72;195.45;3.31;683;7;632.00;8
1224;7;624299749;1224;145;1902;1909;11.72;0.71;195.77;3.33;678;7;633.00;7
1228;7;624299758;1228;142;1907;1915;11.71;0.71;196.04;3.32;679;7;634.00;8
1234;7;624299767;1234;151;1907;1915;11.59;0.70;196.53;3.32;673;7;635.00;8
1238;7;624299776;1238;153;1907;1915;11.40;0.69;196.70;3.32;669;7;636.00;8
1239;7;624299788;1239;158;1907;1915;11.33;0.69;196.65;3.32;668;7;637.00;8
1241;7;624299797;1241;162;1910;1919;11.23;0.68;197.03;3.32;669;7;638.00;9
1244;7;624299805;1244;171;1913;1920;11.13;0.68;197.21;3.34;669;7;639.00;7
1246;7;624299814;1246;175;1915;1920;10.96;0.67;197.30;3.35;669;7;640.00;5
1247;7;624299822;1247;183;1917;1921;10.85;0.66;197.37;3.36;670;7;641.00;4
1252;7;624299830;1252;190;1917;1921;10.69;0.65;197.50;3.36;665;7;642.00;4
1252;7;624299838;1252;195;1918;1921;10.63;0.65;197.50;3.37;666;7;643.00;3
1254;7;624299846;1254;198;1919;1921;10.45;0.64;197.48;3.38;665;7;644.00;2
1256;7;624299853;1256;200;1920;1921;10.32;0.63;197.31;3.38;664;7;645.00;1
1257;7;624299861;1257;205;1921;1921;10.30;0.63;197.26;3.39;664;7;646.00;0
1260;7;624299869;1260;215;1921;1921;10.28;0.63;197.18;3.39;661;7;647.00;0
1261;7;624299877;1261;226;1960;1991;10.34;0.63;197.07;3.32;699;7;648.00;31
1263;7;624299890;1263;225;1963;1992;10.22;0.63;196.98;3.32;700;7;649.00;29
1264;7;624299898;1264;224;1973;1992;10.15;0.62;196.86;3.31;709;7;650.00;19
1265;7;624299907;1265;228;1976;1992;10.10;0.62;196.81;3.31;711;7;651.00;16
1265;7;624299914;1265;232;1979;1992;9.96;0.61;196.81;3.31;714;7;652.00;13
1265;7;624299923;1265;235;1981;1992;9.81;0.60;196.81;3.31;716;7;653.00;11
1267;7;624299932;1267;240;1984;1992;9.65;0.59;196.71;3.32;717;7;654.00;8
1273;7;624299941;1273;245;1986;1992;9.50;0.58;196.67;3.32;713;7;655.00;6
1274;7;624299949;1274;244;1987;1993;9.35;0.57;196.67;3.32;713;7;656.00;6
1278;7;624299957;1278;248;1990;1994;9.20;0.56;196.44;3.33;712;7;657.00;4
1279;7;624299965;1279;255;1992;1994;9.08;0.55;196.39;3.33;713;7;658.00;2
1280;7;624299974;1280;252;1997;1998;8.94;0.55;196.30;3.33;717;7;659.00;1
1283;7;624299984;1283;253;1998;1998;8.77;0.54;196.05;3.33;715;7;660.00;0
1284;7;624299992;1284;251;1998;1998;8.67;0.53;195.96;3.33;714;7;661.00;0
1285;7;624299999;1285;253;1998;1998;8.55;0.52;195.83;3.33;713;7;662.00;0
1287;7;624300011;1287;260;2004;2004;8.49;0.52;195.69;3.33;717;7;663.00;0
1288;7;624300024;1288;264;2004;2004;8.36;0.51;195.63;3.33;716;7;664.00;0
1290;7;624300035;1290;266;2004;2004;8.20;0.50;195.54;3.33;714;7;665.00;0
1291;7;624300046;1291;268;2006;2007;8.14;0.50;195.49;3.32;715;7;666.00;1
1293;7;624300054;1293;270;2006;2007;8.08;0.49;195.33;3.32;713;7;667.00;1
1295;7;624300062;1295;272;2007;2007;7.97;0.49;195.27;3.32;712;7;668.00;0
1297;7;624300070;1297;275;2008;2008;7.83;0.48;195.21;3.32;711;7;669.00;0
1297;7;624300077;1297;285;2009;2009;7.73;0.47;195.21;3.32;712;7;670.00;0
1300;7;624300084;1300;289;2009;2009;7.55;0.46;195.33;3.32;709;7;671.00;0
1301;7;624300093;1301;294;2022;2022;7.40;0.45;195.40;3.30;721;7;672.00;0
1304;7;624300101;1304;295;2022;2022;7.25;0.44;195.19;3.30;718;7;673.00;0
1310;7;624300108;1310;304;2022;2022;7.12;0.44;194.92;3.30;712;7;674.00;0
1314;7;624300115;1314;298;2024;2024;7.03;0.43;194.96;3.29;710;7;675.00;0
1316;7;624300122;1316;291;2024;2024;6.90;0.42;195.26;3.29;708;7;676.00;0
1318;7;624300130;1318;283;2028;2028;7.00;0.43;195.58;3.29;710;7;677.00;0
1322;7;624300137;1322;279;2028;2028;6.97;0.43;195.72;3.29;706;7;678.00;0
1328;7;624300145;1328;282;2032;2032;6.86;0.42;195.72;3.29;704;7;679.00;0
1332;7;624300154;1332;271;2032;2032;6.92;0.42;195.96;3.29;700;7;680.00;0
1333;7;624300162;1333;264;2032;2032;7.00;0.43;196.12;3.29;699;7;681.00;0
1337;7;624300175;1337;255;2032;2032;7.03;0.43;196.48;3.29;695;7;682.00;0
1342;7;624300183;1342;243;2032;2032;7.09;0.43;196.88;3.29;690;7;683.00;0
1344;7;624300191;1344;241;2043;2044;7.26;0.44;197.17;3.27;699;7;684.00;1
1346;7;624300205;1346;243;2044;2044;7.34;0.45;197.46;3.27;698;7;685.00;0
1350;7;624300213;1350;245;2044;2044;7.42;0.45;197.64;3.27;694;7;686.00;0
1352;7;624300220;1352;235;2044;2044;7.54;0.46;197.90;3.27;692;7;687.00;0
1354;7;624300234;1354;226;2044;2044;7.59;0.47;198.14;3.27;690;7;688.00;0
1357;7;624300242;1357;222;2044;2044;7.66;0.47;198.17;3.27;687;7;689.00;0
1358;7;624300251;1358;216;2045;2045;7.77;0.48;198.37;3.27;687;7;690.00;0
1361;7;624300259;1361;215;2045;2045;7.86;0.48;198.52;3.27;684;7;691.00;0
1363;7;624300267;1363;211;2051;2051;8.05;0.49;198.90;3.26;688;7;692.00;0
1365;7;624300276;1365;205;2052;2052;8.17;0.50;199.02;3.26;687;7;693.00;0
1368;7;624300284;1368;198;2052;2052;8.24;0.51;199.09;3.26;684;7;694.00;0
1368;7;624300300;1368;193;2052;2052;8.40;0.52;199.09;3.26;684;7;695.00;0
1373;7;624300308;1373;187;2056;2056;8.46;0.52;199.06;3.25;683;7;696.00;0
1378;7;624300317;1378;189;2056;2056;8.51;0.52;199.13;3.25;678;7;697.00;0
1382;7;624300325;1382;191;2056;2056;8.48;0.52;199.06;3.25;674;7;698.00;0
1385;7;624300334;1385;189;2057;2057;8.58;0.53;199.32;3.25;672;7;699.00;0
1389;7;624300343;1389;189;2061;2061;8.64;0.53;199.37;3.25;672;7;700.00;0
1392;7;624300355;1392;180;2061;2061;8.66;0.53;199.35;3.25;669;7;701.00;0
1397;7;624300364;1397;177;2063;2064;8.70;0.53;199.45;3.24;666;7;702.00;1
1403;7;624300373;1403;174;2063;2064;8.67;0.53;199.53;3.24;660;7;703.00;1
1410;7;624300381;1410;179;2064;2064;8.63;0.53;199.35;3.24;654;7;704.00;0
1415;7;624300391;1415;179;2064;2064;8.61;0.52;199.42;3.24;649;7;705.00;0
1419;7;624300399;1419;174;2068;2068;8.72;0.53;199.52;3.24;649;7;706.00;0
1424;7;624300409;1424;172;2068;2068;8.75;0.53;199.51;3.24;644;7;707.00;0
1427;7;624300417;1427;175;2068;2068;8.77;0.53;199.66;3.24;641;7;708.00;0
1429;7;624300428;1429;178;2068;2068;8.80;0.53;199.81;3.24;639;7;709.00;0
1432;7;624300442;1432;178;2069;2069;8.82;0.54;199.95;3.24;637;7;710.00;0
1437;7;624300455;1437;180;2070;2070;8.74;0.53;200.01;3.23;633;7;711.00;0
1439;7;624300470;1439;180;2070;2070;8.72;0.53;200.09;3.23;631;7;712.00;0
1443;7;624300483;1443;178;2071;2071;8.70;0.53;200.25;3.23;628;7;713.00;0
1445;7;624300495;1445;182;2071;2071;8.74;0.53;200.48;3.23;626;7;714.00;0
1451;7;624300506;1451;177;2071;2071;8.63;0.52;200.33;3.23;620;7;715.00;0
1451;7;624300520;1451;180;2071;2071;8.68;0.53;200.33;3.23;620;7;716.00;0
1454;7;624300532;1454;178;2071;2071;8.67;0.53;200.60;3.23;617;7;717.00;0
1458;7;624300542;1458;177;2071;2071;8.67;0.53;200.93;3.23;613;7;718.00;0
1459;7;624300550;1459;176;2071;2071;8.60;0.52;200.89;3.23;612;7;719.00;0
1465;7;624300561;1465;220;2193;2301;8.80;0.55;200.99;3.06;728;7;720.00;108
1467;7;624300590;1467;212;2204;2302;8.76;0.55;201.15;3.04;737;7;721.00;98
1470;7;624300600;1470;196;2217;2302;8.81;0.55;201.23;3.04;747;7;722.00;85
1474;7;624300611;1474;200;2226;2302;8.83;0.55;201.54;3.04;752;7;723.00;76
1476;7;624300622;1476;198;2236;2302;8.83;0.55;201.66;3.04;760;7;724.00;66
1477;7;624300631;1477;192;2240;2302;8.84;0.55;201.65;3.05;763;7;725.00;62
1480;7;624300643;1480;190;2247;2302;8.85;0.55;201.66;3.06;767;7;726.00;55
1481;7;624300652;1481;182;2251;2302;8.89;0.55;201.73;3.06;770;7;727.00;51
1483;7;624300663;1483;167;2258;2303;8.89;0.55;201.85;3.08;775;7;728.00;45
1485;7;624300674;1485;169;2263;2304;8.93;0.55;201.93;3.09;778;7;729.00;41
1487;7;624300685;1487;160;2269;2304;8.91;0.55;202.12;3.11;782;7;730.00;35
1491;7;624300696;1491;167;2275;2305;8.83;0.55;202.19;3.13;784;7;731.00;30
1494;7;624300706;1494;169;2276;2305;8.80;0.54;202.19;3.13;782;7;732.00;29
1495;7;624300717;1495;173;2280;2305;8.69;0.54;202.30;3.15;785;7;733.00;25
1498;7;624300727;1498;183;2281;2305;8.71;0.54;202.60;3.15;783;7;734.00;24
1502;7;624300738;1502;183;2285;2309;8.68;0.54;202.92;3.15;783;7;735.00;24
1503;7;624300761;1503;187;2286;2309;8.75;0.54;203.13;3.15;783;7;736.00;23
1505;7;624300774;1505;181;2287;2309;8.84;0.54;203.15;3.16;782;7;737.00;22
1507;7;624300786;1507;174;2289;2312;8.95;0.55;203.33;3.16;782;7;738.00;23
1509;7;624300798;1509;171;2289;2312;9.05;0.56;203.41;3.16;780;7;739.00;23
1511;7;624300810;1511;173;2291;2312;9.19;0.56;203.47;3.18;780;7;740.00;21
1513;7;624300828;1513;174;2295;2316;9.30;0.57;203.58;3.17;782;7;741.00;21
1517;7;624300842;1517;173;2296;2317;9.48;0.58;203.83;3.17;779;7;742.00;21
1517;7;624300854;1517;171;2298;2317;9.64;0.59;203.83;3.18;781;7;743.00;19
1518;7;624300874;1518;171;2301;2321;9.79;0.60;203.95;3.18;783;7;744.00;20
1523;7;624300887;1523;170;2303;2321;9.98;0.61;204.07;3.19;780;7;745.00;18
1524;7;624300899;1524;171;2303;2321;10.13;0.62;204.27;3.19;779;7;746.00;18
1526;7;624300911;1526;171;2304;2322;10.28;0.63;204.19;3.20;778;7;747.00;18
1528;7;624300924;1528;170;2305;2322;10.35;0.63;204.15;3.21;777;7;748.00;17
1531;7;624300936;1531;170;2312;2328;10.41;0.64;204.52;3.22;781;7;749.00;16
1533;7;624300950;1533;170;2314;2328;10.51;0.64;204.40;3.24;781;7;750.00;14
1535;7;624300962;1535;167;2315;2329;10.65;0.65;204.54;3.24;780;7;751.00;14
1538;7;624300974;1538;166;2316;2329;10.75;0.65;204.60;3.25;778;7;752.00;13
1541;7;624300985;1541;162;2317;2329;10.87;0.66;204.64;3.25;776;7;753.00;12
1542;7;624300996;1542;157;2317;2329;10.99;0.67;204.82;3.25;775;7;754.00;12
1544;7;624301009;1544;154;2318;2329;11.11;0.68;204.79;3.25;774;7;755.00;11
1544;7;624301022;1544;156;2329;2341;11.25;0.68;204.79;3.23;785;7;756.00;12
1548;7;624301035;1548;156;2330;2341;11.30;0.69;204.92;3.23;782;7;757.00;11
1551;7;624301046;1551;153;2330;2341;11.38;0.69;204.89;3.23;779;7;758.00;11
1556;7;624301057;1556;152;2330;2341;11.43;0.70;205.21;3.23;774;7;759.00;11
1557;7;624301075;1557;151;2330;2341;11.46;0.70;205.26;3.23;773;7;760.00;11
1559;7;624301086;1559;149;2330;2341;11.51;0.70;205.32;3.23;771;7;761.00;11
1561;8;624301097;1561;152;2334;2345;11.43;0.70;205.33;3.23;773;8;762.00;11
1567;9;624301115;1567;150;2334;2345;11.51;0.70;205.58;3.23;767;9;763.00;11
1569;9;624301145;1569;152;2338;2349;11.53;0.70;205.90;3.23;769;9;764.00;11
1572;9;624301162;1572;152;2340;2351;11.54;0.70;206.17;3.22;768;9;765.00;11
1575;9;624301173;1575;154;2341;2351;11.43;0.70;206.43;3.24;766;9;766.00;10
1578;9;624301183;1578;157;2341;2351;11.46;0.70;206.40;3.24;763;9;767.00;10
1582;9;624301194;1582;160;2351;2364;11.42;0.70;206.41;3.23;769;9;768.00;13
1583;9;624301205;1583;157;2351;2364;11.50;0.70;206.50;3.23;768;9;769.00;13
1586;9;624301215;1586;159;2351;2364;11.59;0.71;206.76;3.23;765;9;770.00;13
1589;9;624301226;1589;162;2353;2365;11.55;0.71;206.79;3.25;764;9;771.00;12
1591;9;624301236;1591;167;2353;2366;11.52;0.71;207.04;3.25;762;9;772.00;13
1593;9;624301246;1593;168;2353;2366;11.53;0.71;207.09;3.25;760;9;773.00;13
1600;9;624301262;1600;168;2355;2369;11.48;0.70;207.78;3.24;755;9;774.00;14
1605;9;624301273;1605;170;2355;2369;11.42;0.70;207.91;3.24;750;9;775.00;14
1609;9;624301284;1609;172;2356;2369;11.36;0.69;207.99;3.24;747;9;776.00;13
1612;9;624301294;1612;179;2356;2369;11.29;0.69;208.23;3.24;744;9;777.00;13
1617;9;624301304;1617;183;2361;2375;11.26;0.69;208.52;3.24;744;9;778.00;14
1618;9;624301314;1618;179;2361;2375;11.21;0.68;208.47;3.24;743;9;779.00;14
1626;9;624301326;1626;179;2361;2375;11.16;0.68;208.88;3.24;735;9;780.00;14
1629;9;624301336;1629;179;2361;2375;11.14;0.68;209.16;3.24;732;9;781.00;14
1632;9;624301346;1632;173;2364;2379;11.09;0.68;209.26;3.24;732;9;782.00;15
1635;9;624301356;1635;172;2365;2380;11.11;0.68;209.46;3.23;730;9;783.00;15
1642;9;624301366;1642;169;2365;2380;11.03;0.67;209.55;3.23;723;9;784.00;15
1645;9;624301376;1645;165;2368;2381;10.95;0.67;209.76;3.24;723;9;785.00;13
1650;9;624301386;1650;165;2368;2381;10.93;0.67;209.94;3.24;718;9;786.00;13
1653;9;624301396;1653;161;2368;2381;10.95;0.67;209.87;3.24;715;9;787.00;13
1656;9;624301406;1656;159;2368;2381;11.05;0.67;210.14;3.24;712;9;788.00;13
1660;9;624301416;1660;158;2368;2381;11.07;0.67;210.10;3.24;708;9;789.00;13
1662;9;624301427;1662;160;2369;2381;11.12;0.68;210.01;3.25;707;9;790.00;12
1664;9;624301438;1664;162;2369;2381;11.09;0.67;209.98;3.25;705;9;791.00;12
1665;9;624301453;1665;168;2402;2451;11.09;0.68;210.17;3.20;737;9;792.00;49
1668;9;624301471;1668;168;2403;2452;11.03;0.67;210.25;3.20;735;9;793.00;49
1669;9;624301481;1669;167;2411;2452;11.03;0.67;210.17;3.20;742;9;794.00;41
1673;9;624301490;1673;172;2414;2452;10.90;0.66;210.17;3.20;741;9;795.00;38
1675;9;624301500;1675;171;2417;2452;10.88;0.66;210.18;3.23;742;9;796.00;35
1678;9;624301509;1678;174;2419;2452;10.81;0.66;210.07;3.23;741;9;797.00;33
1678;9;624301518;1678;176;2423;2452;10.76;0.66;210.07;3.24;745;9;798.00;29
1679;9;624301527;1679;181;2427;2452;10.65;0.65;210.24;3.27;748;9;799.00;25
1680;9;624301537;1680;184;2428;2453;10.59;0.65;210.16;3.27;748;9;800.00;25
1680;9;624301550;1680;190;2432;2454;10.45;0.64;210.16;3.31;752;9;801.00;22
1684;9;624301559;1684;195;2435;2454;10.36;0.63;209.94;3.32;751;9;802.00;19
1685;9;624301569;1685;198;2442;2458;10.16;0.62;209.86;3.36;757;9;803.00;16
1688;9;624301578;1688;201;2443;2458;10.09;0.61;209.68;3.36;755;9;804.00;15
1690;9;624301587;1690;215;2443;2458;9.97;0.61;209.52;3.36;753;9;805.00;15
1692;9;624301596;1692;218;2444;2458;9.79;0.60;209.50;3.39;752;9;806.00;14
1693;9;624301606;1693;224;2449;2464;9.70;0.59;209.43;3.39;756;9;807.00;15
1696;9;624301615;1696;233;2450;2464;9.51;0.58;209.23;3.42;754;9;808.00;14
1698;9;624301625;1698;238;2451;2464;9.38;0.57;209.06;3.43;753;9;809.00;13
1701;9;624301635;1701;248;2457;2470;9.29;0.57;208.86;3.47;756;9;810.00;13
1703;9;624301645;1703;254;2458;2470;9.21;0.56;208.81;3.46;755;9;811.00;12
1704;9;624301654;1704;256;2462;2470;9.13;0.56;208.81;3.54;758;9;812.00;8
1706;9;624301664;1706;257;2463;2471;8.98;0.55;208.83;3.56;757;9;813.00;8
1707;9;624301673;1707;263;2466;2472;8.82;0.54;208.72;3.57;759;9;814.00;6
1710;9;624301681;1710;267;2466;2472;8.68;0.53;208.58;3.57;756;9;815.00;6
1711;9;624301690;1711;276;2476;2485;8.55;0.52;208.51;3.58;765;9;816.00;9
1715;9;624301699;1715;278;2478;2485;8.40;0.51;208.41;3.59;763;9;817.00;7
1717;9;624301708;1717;285;2478;2485;8.34;0.51;208.37;3.59;761;9;818.00;7
1718;9;624301716;1718;294;2481;2486;8.27;0.51;208.26;3.60;763;9;819.00;5
1719;9;624301724;1719;298;2483;2486;8.25;0.51;208.25;3.61;764;9;820.00;3
1720;9;624301732;1720;307;2489;2490;8.25;0.51;208.26;3.60;769;9;821.00;1
1724;9;624301741;1724;310;2490;2490;8.19;0.50;208.23;3.60;766;9;822.00;0
1727;9;624301750;1727;314;2494;2494;8.04;0.49;207.95;3.60;767;9;823.00;0
1730;9;624301759;1730;319;2494;2494;7.91;0.48;207.82;3.60;764;9;824.00;0
1732;9;624301767;1732;327;2494;2494;7.82;0.48;207.81;3.60;762;9;825.00;0
1733;9;624301776;1733;332;2494;2494;7.68;0.47;207.79;3.60;761;9;826.00;0
1736;9;624301784;1736;322;2494;2494;7.56;0.46;207.57;3.60;758;9;827.00;0
1736;9;624301792;1736;323;2504;2506;7.51;0.46;207.57;3.58;768;9;828.00;2
1736;9;624301801;1736;317;2505;2506;7.46;0.46;207.57;3.58;769;9;829.00;1
1737;9;624301809;1737;314;2506;2506;7.43;0.46;207.54;3.58;769;9;830.00;0
1740;9;624301817;1740;309;2506;2506;7.38;0.45;207.46;3.58;766;9;831.00;0
1742;9;624301831;1742;302;2506;2506;7.35;0.45;207.43;3.58;764;9;832.00;0
1742;9;624301840;1742;299;2506;2506;7.35;0.45;207.43;3.58;764;9;833.00;0
1743;9;624301848;1743;286;2507;2507;7.38;0.45;207.41;3.58;764;9;834.00;0
1744;9;624301857;1744;287;2507;2507;7.47;0.46;207.41;3.58;763;9;835.00;0
1745;9;624301866;1745;283;2513;2513;7.65;0.47;207.43;3.58;768;9;836.00;0
1746;9;624301875;1746;284;2514;2514;7.76;0.48;207.38;3.57;768;9;837.00;0
1749;9;624301884;1749;286;2514;2514;7.84;0.48;207.38;3.57;765;9;838.00;0
1750;9;624301893;1750;281;2514;2514;7.87;0.48;207.32;3.57;764;9;839.00;0
1755;9;624301903;1755;279;2519;2519;7.91;0.48;207.09;3.57;764;9;840.00;0
1757;9;624301918;1757;279;2519;2519;7.89;0.48;207.03;3.57;762;9;841.00;0
1758;9;624301926;1758;283;2519;2519;7.85;0.48;207.00;3.57;761;9;842.00;0
1762;9;624301934;1762;287;2520;2520;7.79;0.48;206.98;3.57;758;9;843.00;0
1766;9;624301942;1766;288;2524;2524;7.70;0.47;206.89;3.56;758;9;844.00;0
1768;9;624301952;1768;283;2524;2524;7.67;0.47;206.88;3.56;756;9;845.00;0
1770;9;624301960;1770;282;2526;2527;7.66;0.47;206.83;3.56;756;9;846.00;1
1774;9;624301969;1774;276;2527;2527;7.61;0.47;206.94;3.56;753;9;847.00;0
1778;9;624301976;1778;272;2527;2527;7.52;0.46;207.14;3.56;749;9;848.00;0
1782;9;624301985;1782;275;2527;2527;7.47;0.46;207.05;3.56;745;9;849.00;0
1786;9;624301992;1786;272;2531;2531;7.50;0.46;207.48;3.55;745;9;850.00;0
1788;9;624302001;1788;266;2531;2531;7.46;0.46;207.81;3.55;743;9;851.00;0
1794;9;624302008;1794;261;2531;2531;7.39;0.45;207.95;3.55;737;9;852.00;0
1796;9;624302017;1796;249;2531;2531;7.35;0.45;208.05;3.55;735;9;853.00;0
1803;9;624302025;1803;241;2532;2532;7.25;0.44;208.53;3.55;729;9;854.00;0
1805;9;624302034;1805;244;2534;2534;7.28;0.44;208.81;3.55;729;9;855.00;0
1809;9;624302043;1809;239;2534;2534;7.35;0.45;208.79;3.55;725;9;856.00;0
1811;9;624302051;1811;232;2535;2535;7.52;0.46;208.83;3.55;724;9;857.00;0
1814;9;624302060;1814;227;2535;2535;7.67;0.47;209.27;3.55;721;9;858.00;0
1815;9;624302068;1815;218;2535;2535;7.83;0.48;209.33;3.55;720;9;859.00;0
1819;9;624302076;1819;211;2535;2535;7.99;0.49;209.71;3.55;716;9;860.00;0
1821;9;624302085;1821;201;2535;2535;8.04;0.49;209.99;3.55;714;9;861.00;0
1822;9;624302099;1822;189;2535;2535;8.15;0.50;209.99;3.55;713;9;862.00;0
1826;9;624302107;1826;182;2535;2535;8.18;0.50;210.34;3.55;709;9;863.00;0
1826;9;624302116;1826;188;2614;2662;8.43;0.52;210.34;3.44;788;9;864.00;48
1832;9;624302134;1832;187;2617;2663;8.44;0.52;210.53;3.44;785;9;865.00;46
1834;9;624302144;1834;193;2625;2663;8.49;0.53;210.38;3.44;791;9;866.00;38
1840;9;624302154;1840;191;2628;2663;8.44;0.52;210.54;3.44;788;9;867.00;35
1844;9;624302163;1844;193;2634;2663;8.40;0.52;210.80;3.44;790;9;868.00;29
1848;9;624302173;1848;193;2636;2663;8.34;0.52;210.59;3.44;788;9;869.00;27
1853;9;624302184;1853;199;2638;2663;8.21;0.51;210.65;3.44;785;9;870.00;25
1856;9;624302193;1856;203;2640;2663;8.22;0.51;210.76;3.44;784;9;871.00;23
1862;9;624302203;1862;202;2643;2664;8.24;0.51;210.87;3.45;781;9;872.00;21
1866;9;624302213;1866;204;2648;2665;8.21;0.51;211.08;3.46;782;9;873.00;17
1867;9;624302223;1867;211;2651;2665;8.18;0.50;211.09;3.47;784;9;874.00;14
1873;9;624302232;1873;215;2654;2666;8.02;0.49;211.66;3.47;781;9;875.00;12
1877;9;624302243;1877;219;2657;2666;7.99;0.49;211.74;3.48;780;9;876.00;9
1878;9;624302253;1878;226;2658;2666;8.02;0.49;211.71;3.48;780;9;877.00;8
1881;9;624302268;1881;233;2660;2666;7.99;0.49;211.89;3.49;779;9;878.00;6
1888;9;624302278;1888;236;2664;2670;7.97;0.49;212.00;3.50;776;9;879.00;6
1890;9;624302289;1890;241;2666;2670;8.00;0.49;212.03;3.50;776;9;880.00;4
1897;9;624302299;1897;240;2666;2670;8.00;0.49;211.94;3.50;769;9;881.00;4
1898;9;624302309;1898;240;2669;2673;8.06;0.49;211.95;3.50;771;9;882.00;4
1901;9;624302319;1901;237;2669;2673;8.08;0.49;212.06;3.50;768;9;883.00;4
1904;9;624302329;1904;235;2670;2673;8.02;0.49;212.25;3.50;766;9;884.00;3
1908;9;624302338;1908;239;2675;2677;8.02;0.49;212.37;3.51;767;9;885.00;2
1912;9;624302349;1912;235;2677;2678;8.07;0.49;212.54;3.51;765;9;886.00;1
1914;9;624302364;1914;234;2678;2678;8.11;0.49;212.82;3.51;764;9;887.00;0
1919;9;624302374;1919;230;2681;2682;8.11;0.49;212.82;3.51;762;9;888.00;1
1923;9;624302384;1923;229;2682;2682;8.20;0.50;212.90;3.50;759;9;889.00;0
1926;9;624302394;1926;229;2682;2682;8.22;0.50;212.90;3.50;756;9;890.00;0
1929;9;624302404;1929;227;2683;2683;8.28;0.50;212.90;3.50;754;9;891.00;0
1934;9;624302414;1934;222;2683;2683;8.35;0.51;212.86;3.50;749;9;892.00;0
1934;9;624302426;1934;223;2689;2689;8.45;0.51;212.86;3.50;755;9;893.00;0
1935;9;624302439;1935;225;2689;2689;8.58;0.52;212.91;3.50;754;9;894.00;0
1936;9;624302457;1936;221;2690;2690;8.66;0.53;212.89;3.50;754;9;895.00;0
1939;9;624302474;1939;221;2690;2690;8.72;0.53;212.87;3.50;751;9;896.00;0
1939;9;624302490;1939;205;2690;2690;8.78;0.53;212.87;3.50;751;9;897.00;0
1943;9;624302506;1943;200;2690;2690;8.83;0.54;212.98;3.50;747;9;898.00;0
1948;9;624302521;1948;191;2690;2690;8.85;0.54;213.41;3.50;742;9;899.00;0
1950;9;624302540;1950;192;2720;2736;8.84;0.54;213.64;3.46;770;9;900.00;16
1954;9;624302562;1954;189;2721;2736;8.90;0.54;213.77;3.46;767;9;901.00;15
1957;9;624302573;1957;188;2725;2736;9.03;0.55;213.99;3.46;768;9;902.00;11
1961;9;624302584;1961;187;2725;2736;9.19;0.56;214.08;3.46;764;9;903.00;11
1966;9;624302596;1966;186;2727;2736;9.19;0.56;214.33;3.46;761;9;904.00;9
1967;9;624302608;1967;184;2727;2736;9.33;0.57;214.34;3.46;760;9;905.00;9
1968;9;624302625;1968;172;2732;2740;9.42;0.58;214.28;3.45;764;9;906.00;8
1972;9;624302637;1972;160;2733;2740;9.48;0.58;214.46;3.45;761;9;907.00;7
1975;9;624302648;1975;151;2737;2744;9.58;0.59;214.52;3.45;762;9;908.00;7
1978;9;624302662;1978;140;2738;2745;9.67;0.59;214.71;3.45;760;9;909.00;7
1982;9;624302673;1982;138;2738;2745;9.76;0.60;214.70;3.45;756;9;910.00;7
1983;9;624302685;1983;134;2738;2745;9.88;0.61;214.72;3.45;755;9;911.00;7
1984;9;624302696;1984;137;2751;2758;9.98;0.61;214.89;3.44;767;9;912.00;7
1987;9;624302708;1987;134;2752;2758;10.02;0.61;215.16;3.44;765;9;913.00;6
1990;9;624302719;1990;129;2752;2758;10.09;0.62;215.16;3.44;762;9;914.00;6
1991;9;624302730;1991;125;2753;2759;10.09;0.62;215.29;3.44;762;9;915.00;6
1995;9;624302741;1995;127;2754;2760;10.10;0.62;215.47;3.44;759;9;916.00;6
1999;9;624302753;1999;122;2754;2760;10.06;0.61;215.67;3.44;755;9;917.00;6
2004;9;624302765;2004;122;2758;2763;10.05;0.61;215.82;3.45;754;9;918.00;5
2005;9;624302776;2005;122;2758;2763;10.01;0.61;215.86;3.45;753;9;919.00;5
2007;9;624302787;2007;117;2759;2763;10.07;0.61;215.86;3.45;752;9;920.00;4
2010;9;624302797;2010;124;2759;2763;10.05;0.61;215.77;3.45;749;9;921.00;4
2013;9;624302808;2013;125;2764;2769;10.08;0.61;215.74;3.45;751;9;922.00;5
2015;9;624302819;2015;125;2765;2769;10.14;0.62;215.78;3.45;750;9;923.00;4
2016;9;624302831;2016;127;2767;2769;10.17;0.62;215.81;3.46;751;9;924.00;2
2018;9;624302841;2018;126;2767;2769;10.23;0.62;215.88;3.46;749;9;925.00;2
2021;9;624302851;2021;131;2773;2773;10.23;0.62;215.88;3.47;752;9;926.00;0
2021;9;624302863;2021;129;2774;2774;10.30;0.63;215.88;3.46;753;9;927.00;0
2025;9;624302873;2025;131;2774;2774;10.39;0.63;215.77;3.46;749;9;928.00;0
2029;9;624302884;2029;139;2775;2775;10.45;0.64;215.88;3.46;746;9;929.00;0
2033;9;624302897;2033;146;2775;2775;10.47;0.64;215.93;3.46;742;9;930.00;0
2034;9;624302908;2034;150;2775;2775;10.56;0.64;215.84;3.46;741;9;931.00;0
2037;9;624302918;2037;152;2775;2775;10.61;0.64;215.97;3.46;738;9;932.00;0
2043;9;624302929;2043;154;2775;2775;10.74;0.65;215.91;3.46;732;9;933.00;0
2045;9;624302939;2045;155;2775;2775;10.77;0.65;216.00;3.46;730;9;934.00;0
2047;9;624302948;2047;156;2775;2775;10.85;0.66;216.10;3.46;728;9;935.00;0
2049;9;624302958;2049;164;2811;2845;10.69;0.65;216.05;3.42;762;9;936.00;34
2053;9;624302976;2053;159;2811;2846;10.73;0.65;216.10;3.42;758;9;937.00;35
2056;9;624302986;2056;158;2817;2846;10.82;0.65;216.12;3.42;761;9;938.00;29
2058;9;624302996;2058;165;2821;2846;10.87;0.66;216.12;3.42;763;9;939.00;25
2059;9;624303006;2059;166;2825;2846;10.93;0.66;216.24;3.42;766;9;940.00;21
2061;9;624303016;2061;166;2828;2846;10.96;0.66;216.24;3.42;767;9;941.00;18
2062;9;624303026;2062;169;2831;2846;11.09;0.67;216.37;3.42;769;9;942.00;15
2065;9;624303038;2065;168;2834;2846;11.11;0.67;216.48;3.42;769;9;943.00;12
2070;9;624303048;2070;169;2836;2847;11.08;0.67;216.71;3.43;766;9;944.00;11
2073;9;624303058;2073;170;2838;2849;11.06;0.67;216.75;3.43;765;9;945.00;11
2075;9;624303068;2075;170;2840;2849;11.06;0.67;216.77;3.43;765;9;946.00;9
2079;9;624303078;2079;176;2844;2853;11.04;0.67;216.85;3.43;765;9;947.00;9
2081;9;624303088;2081;176;2845;2853;11.00;0.67;216.91;3.43;764;9;948.00;8
2085;9;624303099;2085;175;2845;2853;11.00;0.67;216.90;3.43;760;9;949.00;8
2087;9;624303108;2087;179;2845;2853;10.98;0.67;217.16;3.43;758;9;950.00;8
2094;9;624303118;2094;182;2849;2859;10.96;0.67;217.31;3.43;755;9;951.00;10
2096;9;624303128;2096;180;2849;2859;10.88;0.67;217.24;3.43;753;9;952.00;10
2099;9;624303137;2099;180;2849;2859;10.78;0.66;217.15;3.43;750;9;953.00;10
2103;9;624303147;2103;179;2851;2862;10.70;0.66;217.06;3.42;748;9;954.00;11
2108;9;624303162;2108;181;2854;2862;10.56;0.65;217.27;3.44;746;9;955.00;8
2110;9;624303172;2110;185;2855;2862;10.49;0.64;217.24;3.44;745;9;956.00;7
2117;9;624303180;2117;191;2855;2863;10.31;0.63;217.24;3.44;738;9;957.00;8
2122;9;624303196;2122;192;2856;2864;10.24;0.62;217.14;3.44;734;9;958.00;8
2127;9;624303205;2127;201;2856;2864;10.17;0.62;217.11;3.44;729;9;959.00;8
2129;9;624303216;2129;200;2874;2890;10.07;0.61;217.00;3.42;745;9;960.00;16
2133;10;624303227;2133;202;2874;2890;10.10;0.62;217.00;3.42;741;10;961.00;16
2138;10;624303252;2138;201;2876;2890;10.03;0.61;216.88;3.42;738;10;962.00;14
2139;10;624303261;2139;205;2878;2891;10.01;0.61;216.89;3.42;739;10;963.00;13
2141;10;624303270;2141;208;2879;2891;9.97;0.61;216.77;3.42;738;10;964.00;12
2146;10;624303279;2146;206;2882;2895;9.96;0.61;216.64;3.42;736;10;965.00;13
2148;10;624303288;2148;209;2883;2895;9.97;0.61;216.78;3.42;735;10;966.00;12
2150;10;624303297;2150;212;2886;2899;9.93;0.61;216.72;3.42;736;10;967.00;13
2153;10;624303306;2153;217;2886;2899;9.89;0.60;216.79;3.42;733;10;968.00;13
2159;10;624303314;2159;220;2887;2899;9.81;0.60;217.02;3.42;728;10;969.00;12
2161;10;624303324;2161;224;2887;2899;9.70;0.59;217.11;3.42;726;10;970.00;12
2163;10;624303332;2163;230;2890;2899;9.56;0.58;216.97;3.45;727;10;971.00;9
2167;10;624303341;2167;236;2900;2911;9.49;0.58;217.04;3.43;733;10;972.00;11
2169;10;624303350;2169;242;2901;2911;9.32;0.57;216.97;3.43;732;10;973.00;10
2170;10;624303359;2170;245;2903;2911;9.18;0.56;216.92;3.44;733;10;974.00;8
2172;10;624303367;2172;251;2903;2911;8.99;0.55;216.95;3.44;731;10;975.00;8
2174;10;624303376;2174;254;2903;2911;8.87;0.54;217.15;3.44;729;10;976.00;8
2174;10;624303384;2174;259;2903;2911;8.74;0.53;217.15;3.44;729;10;977.00;8
2174;10;624303393;2174;263;2903;2912;8.66;0.53;217.15;3.44;729;10;978.00;9
2176;10;624303401;2176;253;2903;2912;8.65;0.53;217.01;3.44;727;10;979.00;9
2177;10;624303411;2177;249;2910;2918;8.64;0.53;216.98;3.46;733;10;980.00;8
2179;10;624303421;2179;250;2910;2919;8.66;0.53;216.99;3.46;731;10;981.00;9
2181;10;624303434;2181;248;2911;2919;8.73;0.53;217.01;3.46;730;10;982.00;8
2184;10;624303443;2184;248;2913;2919;8.71;0.53;216.78;3.47;729;10;983.00;6
2186;10;624303453;2186;247;2916;2923;8.79;0.54;216.67;3.47;730;10;984.00;7
2187;10;624303463;2187;250;2916;2923;8.83;0.54;216.69;3.47;729;10;985.00;7
2191;10;624303473;2191;255;2917;2923;8.82;0.54;216.66;3.48;726;10;986.00;6
2192;10;624303488;2192;255;2918;2924;8.90;0.54;216.68;3.48;726;10;987.00;6
2194;10;624303497;2194;252;2921;2928;8.94;0.55;216.62;3.47;727;10;988.00;7
2197;10;624303506;2197;251;2922;2928;8.95;0.55;216.62;3.48;725;10;989.00;6
2198;10;624303517;2198;250;2927;2934;9.08;0.56;216.53;3.49;729;10;990.00;7
2201;10;624303527;2201;246;2929;2934;9.14;0.56;216.51;3.49;728;10;991.00;5
2203;10;624303536;2203;245;2931;2934;9.16;0.56;216.52;3.50;728;10;992.00;3
2203;10;624303544;2203;245;2932;2934;9.11;0.56;216.52;3.50;729;10;993.00;2
2205;10;624303553;2205;246;2938;2938;9.06;0.56;216.56;3.50;733;10;994.00;0
2209;10;624303567;2209;248;2938;2938;8.91;0.55;216.53;3.50;729;10;995.00;0
2210;10;624303576;2210;248;2938;2938;8.79;0.54;216.54;3.50;728;10;996.00;0
2211;10;624303584;2211;251;2938;2938;8.65;0.53;216.52;3.50;727;10;997.00;0
2212;10;624303592;2212;253;2939;2939;8.55;0.53;216.52;3.50;727;10;998.00;0
2212;10;624303600;2212;250;2940;2940;8.52;0.52;216.52;3.50;728;10;999.00;0
2215;10;624303609;2215;249;2940;2940;8.38;0.52;216.72;3.50;725;10;1000.00;0
2216;10;624303621;2216;247;2941;2941;8.30;0.51;216.68;3.50;725;10;1001.00;0
2219;10;624303635;2219;249;2941;2941;8.18;0.50;216.59;3.50;722;10;1002.00;0
2223;10;624303644;2223;249;2941;2941;8.13;0.50;216.58;3.50;718;10;1003.00;0
2226;10;624303653;2226;245;2941;2941;8.06;0.49;216.70;3.50;715;10;1004.00;0
2230;10;624303666;2230;245;2941;2941;8.03;0.49;216.98;3.50;711;10;1005.00;0
2232;10;624303675;2232;251;2941;2941;7.99;0.49;216.90;3.50;709;10;1006.00;0
2234;10;624303683;2234;248;2941;2941;7.97;0.49;216.87;3.50;707;10;1007.00;0
2237;10;624303691;2237;274;3016;3068;8.13;0.50;217.02;3.41;779;10;1008.00;52
2240;10;624303709;2240;264;3019;3069;8.07;0.50;217.07;3.41;779;10;1009.00;50
2240;10;624303718;2240;259;3029;3069;8.09;0.50;217.07;3.41;789;10;1010.00;40
2242;10;624303726;2242;264;3034;3069;7.97;0.49;217.10;3.41;792;10;1011.00;35
2246;10;624303735;2246;262;3040;3069;7.90;0.49;217.37;3.41;794;10;1012.00;29
2249;10;624303744;2249;261;3042;3069;7.83;0.48;217.41;3.41;793;10;1013.00;27
2252;10;624303752;2252;262;3046;3069;7.77;0.48;217.47;3.41;794;10;1014.00;23
2257;10;624303761;2257;264;3048;3069;7.73;0.48;217.28;3.42;791;10;1015.00;21
2261;10;624303770;2261;264;3049;3070;7.66;0.47;217.43;3.42;788;10;1016.00;21
2263;10;624303778;2263;264;3051;3071;7.62;0.47;217.63;3.42;788;10;1017.00;20
2266;10;624303787;2266;268;3052;3071;7.63;0.47;217.83;3.42;786;10;1018.00;19
2269;10;624303795;2269;274;3056;3072;7.52;0.46;217.80;3.43;787;10;1019.00;16
2273;10;624303806;2273;265;3060;3072;7.46;0.46;218.04;3.44;787;10;1020.00;12
2278;10;624303815;2278;263;3062;3072;7.38;0.46;218.08;3.45;784;10;1021.00;10
2281;10;624303824;2281;254;3063;3072;7.33;0.45;218.29;3.45;782;10;1022.00;9
2282;10;624303834;2282;249;3068;3076;7.36;0.45;218.39;3.45;786;10;1023.00;8
2286;10;624303844;2286;255;3069;3076;7.34;0.45;218.62;3.45;783;10;1024.00;7
2287;10;624303853;2287;253;3070;3076;7.40;0.46;218.73;3.46;783;10;1025.00;6
2291;10;624303868;2291;258;3072;3079;7.43;0.46;218.92;3.46;781;10;1026.00;7
2295;10;624303878;2295;251;3073;3079;7.44;0.46;219.19;3.47;778;10;1027.00;6
2301;10;624303893;2301;243;3074;3079;7.50;0.46;219.41;3.47;773;10;1028.00;5
2302;10;624303903;2302;241;3079;3083;7.61;0.47;219.48;3.47;777;10;1029.00;4
2306;10;624303912;2306;238;3081;3084;7.67;0.47;219.82;3.48;775;10;1030.00;3
2309;10;624303922;2309;230;3082;3084;7.75;0.48;220.06;3.48;773;10;1031.00;2
2316;10;624303932;2316;226;3086;3088;7.91;0.48;220.28;3.48;770;10;1032.00;2
2317;10;624303942;2317;217;3088;3088;8.00;0.49;220.32;3.48;771;10;1033.00;0
2323;10;624303951;2323;210;3088;3088;8.08;0.49;220.48;3.48;765;10;1034.00;0
2329;10;624303961;2329;210;3090;3090;8.16;0.50;220.68;3.48;761;10;1035.00;0
2334;10;624303976;2334;210;3090;3090;8.20;0.50;220.77;3.48;756;10;1036.00;0
2338;10;624303991;2338;211;3096;3096;8.31;0.51;220.95;3.47;758;10;1037.00;0
2342;10;624304001;2342;214;3096;3096;8.41;0.51;221.00;3.47;754;10;1038.00;0
2346;10;624304011;2346;213;3097;3097;8.50;0.52;221.09;3.47;751;10;1039.00;0
2351;10;624304021;2351;213;3097;3097;8.50;0.52;221.23;3.47;746;10;1040.00;0
2354;10;624304031;2354;220;3097;3097;8.50;0.52;221.32;3.47;743;10;1041.00;0
2359;10;624304040;2359;214;3097;3097;8.47;0.51;221.44;3.47;738;10;1042.00;0
2360;10;624304050;2360;219;3097;3097;8.41;0.51;221.51;3.47;737;10;1043.00;0
2363;10;624304059;2363;216;3108;3109;8.49;0.52;221.62;3.46;745;10;1044.00;1
2369;10;624304069;2369;213;3108;3109;8.47;0.52;221.95;3.46;739;10;1045.00;1
2373;10;624304079;2373;211;3109;3109;8.56;0.52;222.13;3.46;736;10;1046.00;0
2377;10;624304088;2377;203;3109;3109;8.58;0.52;222.23;3.46;732;10;1047.00;0
2382;10;624304098;2382;206;3109;3109;8.60;0.52;222.46;3.46;727;10;1048.00;0
2385;10;624304107;2385;207;3109;3109;8.64;0.53;222.45;3.46;724;10;1049.00;0
2387;10;624304118;2387;206;3115;3115;8.66;0.53;222.59;3.45;728;10;1050.00;0
2391;10;624304128;2391;202;3115;3115;8.70;0.53;222.64;3.45;724;10;1051.00;0
2395;10;624304137;2395;206;3119;3119;8.81;0.54;222.65;3.45;724;10;1052.00;0
2396;10;624304147;2396;205;3120;3120;8.77;0.54;222.63;3.45;724;10;1053.00;0
2401;10;624304156;2401;209;3120;3120;8.76;0.54;222.89;3.45;719;10;1054.00;0
2403;10;624304166;2403;205;3120;3120;8.77;0.54;222.92;3.45;717;10;1055.00;0
2407;10;624304174;2407;203;3133;3133;8.76;0.54;222.95;3.44;726;10;1056.00;0
2413;10;624304184;2413;205;3133;3133;8.72;0.53;223.30;3.44;720;10;1057.00;0
2417;10;624304194;2417;203;3133;3133;8.75;0.54;223.46;3.44;716;10;1058.00;0
2421;10;624304203;2421;201;3134;3134;8.85;0.54;223.45;3.43;713;10;1059.00;0
2430;10;624304212;2430;198;3135;3135;8.89;0.54;223.60;3.43;705;10;1060.00;0
2433;10;624304222;2433;194;3135;3135;8.92;0.54;223.64;3.43;702;10;1061.00;0
2437;10;624304231;2437;195;3137;3138;8.99;0.55;223.59;3.43;700;10;1062.00;1
2439;10;624304241;2439;200;3137;3138;8.98;0.55;223.73;3.43;698;10;1063.00;1
2442;10;624304251;2442;208;3138;3138;9.00;0.55;223.68;3.43;696;10;1064.00;0
2445;10;624304260;2445;208;3138;3138;9.01;0.55;223.78;3.43;693;10;1065.00;0
2449;10;624304268;2449;210;3144;3144;9.04;0.55;223.90;3.43;695;10;1066.00;0
2453;10;624304279;2453;205;3144;3144;9.00;0.55;224.03;3.43;691;10;1067.00;0
2456;10;624304288;2456;199;3144;3144;9.00;0.55;224.08;3.43;688;10;1068.00;0
2457;10;624304297;2457;198;3144;3144;8.96;0.55;224.30;3.43;687;10;1069.00;0
2462;10;624304306;2462;195;3148;3148;8.91;0.54;224.26;3.42;686;10;1070.00;0
2466;10;624304316;2466;193;3149;3149;8.91;0.54;224.32;3.42;683;10;1071.00;0
2470;10;624304325;2470;193;3149;3149;8.84;0.54;224.32;3.42;679;10;1072.00;0
2473;10;624304334;2473;192;3150;3150;8.82;0.54;224.43;3.42;677;10;1073.00;0
2476;10;624304344;2476;192;3150;3150;8.81;0.54;224.32;3.42;674;10;1074.00;0
2478;10;624304353;2478;196;3150;3150;8.76;0.53;224.29;3.42;672;10;1075.00;0
2480;10;624304362;2480;182;3150;3150;8.79;0.54;224.28;3.42;670;10;1076.00;0
2481;10;624304371;2481;174;3150;3150;8.85;0.54;224.26;3.42;669;10;1077.00;0
2482;10;624304385;2482;174;3150;3150;8.88;0.54;224.36;3.42;668;10;1078.00;0
2486;10;624304394;2486;168;3150;3150;8.91;0.54;224.40;3.42;664;10;1079.00;0
2491;10;624304409;2491;199;3236;3275;8.80;0.54;224.42;3.33;745;10;1080.00;39
2493;10;624304433;2493;188;3240;3276;8.87;0.54;224.40;3.33;747;10;1081.00;36
2494;10;624304447;2494;184;3247;3276;9.03;0.55;224.46;3.32;753;10;1082.00;29
2497;10;624304463;2497;177;3249;3276;9.19;0.56;224.38;3.32;752;10;1083.00;27
2498;10;624304481;2498;178;3254;3276;9.31;0.57;224.40;3.33;756;10;1084.00;22
2502;10;624304505;2502;174;3255;3276;9.36;0.57;224.51;3.33;753;10;1085.00;21
2506;10;624304521;2506;170;3259;3276;9.49;0.58;224.63;3.33;753;10;1086.00;17
2509;10;624304537;2509;172;3260;3276;9.52;0.58;224.73;3.33;751;10;1087.00;16
2510;10;624304552;2510;176;3264;3277;9.57;0.59;224.85;3.34;754;10;1088.00;13
2513;10;624304567;2513;181;3268;3278;9.56;0.59;224.93;3.34;755;10;1089.00;10
2519;10;624304578;2519;178;3271;3278;9.53;0.58;224.82;3.35;752;10;1090.00;7
2520;10;624304590;2520;186;3277;3282;9.46;0.58;224.84;3.35;757;10;1091.00;5
2521;10;624304602;2521;187;3277;3282;9.40;0.57;224.78;3.35;756;10;1092.00;5
2522;10;624304615;2522;190;3277;3282;9.33;0.57;225.00;3.35;755;10;1093.00;5
2524;10;624304626;2524;196;3277;3282;9.30;0.57;224.98;3.35;753;10;1094.00;5
2524;10;624304638;2524;196;3282;3288;9.26;0.57;224.98;3.34;758;10;1095.00;6
2525;10;624304649;2525;201;3282;3288;9.29;0.57;224.92;3.34;757;10;1096.00;6
2528;10;624304660;2528;202;3282;3288;9.29;0.57;224.92;3.34;754;10;1097.00;6
2528;10;624304671;2528;204;3284;3291;9.39;0.57;224.92;3.34;756;10;1098.00;7
2529;10;624304681;2529;205;3284;3291;9.41;0.57;224.90;3.34;755;10;1099.00;7
2530;10;624304693;2530;206;3285;3291;9.43;0.58;224.93;3.34;755;10;1100.00;6
2530;10;624304708;2530;203;3285;3292;9.46;0.58;224.93;3.34;755;10;1101.00;7
2534;10;624304718;2534;201;3286;3293;9.47;0.58;224.82;3.34;752;10;1102.00;7
2538;10;624304729;2538;206;3286;3293;9.38;0.57;224.67;3.34;748;10;1103.00;7
2538;10;624304740;2538;210;3296;3306;9.39;0.57;224.67;3.33;758;10;1104.00;10
2541;10;624304751;2541;208;3296;3306;9.43;0.58;224.71;3.33;755;10;1105.00;10
2543;10;624304761;2543;213;3297;3306;9.51;0.58;224.64;3.33;754;10;1106.00;9
2545;10;624304771;2545;212;3298;3307;9.61;0.59;224.59;3.33;753;10;1107.00;9
2547;10;624304782;2547;213;3298;3307;9.69;0.59;224.46;3.33;751;10;1108.00;9
2552;10;624304792;2552;213;3301;3311;9.77;0.60;224.33;3.33;749;10;1109.00;10
2553;10;624304804;2553;215;3302;3311;9.82;0.60;224.25;3.33;749;10;1110.00;9
2556;10;624304814;2556;220;3305;3315;9.85;0.60;224.16;3.32;749;10;1111.00;10
2559;10;624304824;2559;220;3305;3315;9.93;0.61;224.10;3.32;746;10;1112.00;10
2559;10;624304835;2559;224;3306;3315;9.95;0.61;224.10;3.33;747;10;1113.00;9
2562;10;624304845;2562;226;3306;3315;9.91;0.60;224.06;3.33;744;10;1114.00;9
2565;10;624304855;2565;228;3306;3315;9.92;0.60;224.01;3.33;741;10;1115.00;9
2568;10;624304866;2568;232;3316;3327;9.94;0.61;223.93;3.32;748;10;1116.00;11
2568;10;624304876;2568;235;3316;3327;9.88;0.60;223.93;3.32;748;10;1117.00;11
2570;10;624304886;2570;235;3317;3327;9.87;0.60;223.88;3.32;747;10;1118.00;10
2574;10;624304896;2574;235;3317;3327;9.87;0.60;223.72;3.32;743;10;1119.00;10
2575;10;624304905;2575;236;3317;3327;9.85;0.60;223.70;3.32;742;10;1120.00;10
2577;10;624304915;2577;237;3317;3327;9.79;0.60;223.66;3.32;740;10;1121.00;10
2580;10;624304924;2580;229;3317;3328;9.73;0.59;223.61;3.32;737;10;1122.00;11
2584;10;624304934;2584;230;3317;3328;9.67;0.59;223.55;3.32;733;10;1123.00;11
2585;10;624304944;2585;231;3322;3334;9.72;0.59;223.51;3.32;737;10;1124.00;12
2587;10;624304955;2587;232;3327;3336;9.68;0.59;223.43;3.35;740;10;1125.00;9
2590;10;624304969;2590;237;3327;3336;9.66;0.59;223.41;3.35;737;10;1126.00;9
2591;10;624304979;2591;239;3327;3336;9.64;0.59;223.36;3.35;736;10;1127.00;9
2596;10;624304988;2596;243;3330;3340;9.56;0.58;223.24;3.34;734;10;1128.00;10
2598;10;624304999;2598;244;3330;3340;9.60;0.58;223.19;3.34;732;10;1129.00;10
2601;10;624305009;2601;241;3330;3340;9.63;0.59;223.07;3.34;729;10;1130.00;10
2602;10;624305020;2602;227;3332;3341;9.64;0.59;223.07;3.36;730;10;1131.00;9
2604;10;624305029;2604;214;3335;3345;9.67;0.59;223.05;3.36;731;10;1132.00;10
2605;10;624305039;2605;208;3335;3345;9.71;0.59;222.97;3.36;730;10;1133.00;10
2605;10;624305049;2605;202;3337;3348;9.80;0.59;222.97;3.35;732;10;1134.00;11
2608;10;624305059;2608;197;3338;3348;9.80;0.59;222.85;3.35;730;10;1135.00;10
2609;10;624305068;2609;194;3338;3348;9.84;0.60;222.79;3.35;729;10;1136.00;10
2610;10;624305077;2610;191;3338;3348;9.89;0.60;222.79;3.35;728;10;1137.00;10
2610;10;624305087;2610;190;3342;3352;10.00;0.61;222.79;3.35;732;10;1138.00;10
2611;10;624305099;2611;194;3342;3352;10.05;0.61;222.76;3.35;731;10;1139.00;10
2611;10;624305110;2611;195;3342;3352;10.08;0.61;222.76;3.35;731;10;1140.00;10
2611;10;624305119;2611;196;3342;3352;10.08;0.61;222.76;3.35;731;10;1141.00;10
2615;10;624305135;2615;194;3342;3353;10.08;0.61;222.68;3.35;727;10;1142.00;11
2616;10;624305144;2616;191;3343;3354;10.09;0.61;222.69;3.35;727;10;1143.00;11
2618;10;624305154;2618;187;3343;3354;10.06;0.61;222.71;3.35;725;10;1144.00;11
2619;10;624305176;2619;186;3344;3355;10.02;0.61;222.69;3.35;725;10;1145.00;11
2619;10;624305185;2619;183;3344;3355;9.96;0.61;222.69;3.35;725;10;1146.00;11
2621;10;624305194;2621;185;3344;3355;9.94;0.60;222.73;3.35;723;10;1147.00;11
2623;10;624305204;2623;186;3344;3355;9.96;0.61;222.72;3.35;721;10;1148.00;11
2624;10;624305213;2624;190;3344;3355;9.98;0.61;222.66;3.35;720;10;1149.00;11
2626;10;624305223;2626;188;3345;3355;10.01;0.61;222.62;3.36;719;10;1150.00;10
2626;10;624305232;2626;188;3346;3355;10.01;0.61;222.62;3.38;720;10;1151.00;9
2628;10;624305241;2628;207;3414;3482;10.03;0.62;222.60;3.33;786;10;1152.00;68
2628;10;624305261;2628;203;3417;3483;9.97;0.61;222.60;3.33;789;10;1153.00;66
2632;10;624305271;2632;204;3429;3483;9.84;0.61;222.79;3.35;797;10;1154.00;54
2633;10;624305281;2633;207;3434;3483;9.77;0.60;222.90;3.35;801;10;1155.00;49
2638;10;624305291;2638;207;3442;3483;9.68;0.60;223.10;3.37;804;10;1156.00;41
2639;10;624305301;2639;209;3445;3483;9.57;0.59;223.08;3.37;806;10;1157.00;38
2640;10;624305311;2640;213;3449;3483;9.45;0.58;223.02;3.39;809;10;1158.00;34
2642;10;624305320;2642;217;3450;3483;9.33;0.57;223.26;3.39;808;10;1159.00;33
2644;10;624305329;2644;220;3452;3484;9.27;0.57;223.26;3.39;808;10;1160.00;32
2647;10;624305340;2647;223;3457;3485;9.24;0.57;223.44;3.40;810;10;1161.00;28
2650;10;624305350;2650;231;3459;3485;9.18;0.56;223.51;3.41;809;10;1162.00;26
2654;10;624305360;2654;239;3464;3486;9.04;0.56;223.63;3.42;810;10;1163.00;22
2657;10;624305370;2657;242;3466;3486;8.94;0.55;223.72;3.43;809;10;1164.00;20
2659;10;624305380;2659;247;3469;3486;8.82;0.54;223.74;3.44;810;10;1165.00;17
2659;10;624305390;2659;252;3475;3486;8.67;0.53;223.74;3.46;816;10;1166.00;11
2663;10;624305400;2663;263;3480;3490;8.52;0.53;223.76;3.47;817;10;1167.00;10
2667;10;624305411;2667;269;3481;3490;8.38;0.52;223.95;3.47;814;10;1168.00;9
2668;10;624305423;2668;269;3483;3490;8.29;0.51;223.94;3.47;815;10;1169.00;7
2672;10;624305441;2672;268;3487;3496;8.18;0.50;224.36;3.47;815;10;1170.00;9
2678;10;624305452;2678;265;3491;3496;8.07;0.50;224.40;3.49;813;10;1171.00;5
2681;10;624305463;2681;267;3493;3496;7.97;0.49;224.50;3.49;812;10;1172.00;3
2682;10;624305481;2682;270;3496;3500;7.94;0.49;224.63;3.49;814;10;1173.00;4
2683;10;624305491;2683;272;3500;3501;7.94;0.49;224.73;3.49;817;10;1174.00;1
2684;10;624305501;2684;274;3501;3501;7.95;0.49;224.80;3.49;817;10;1175.00;0
2689;10;624305511;2689;270;3505;3505;7.96;0.49;224.68;3.49;816;10;1176.00;0
2691;10;624305521;2691;275;3505;3505;7.95;0.49;224.81;3.49;814;10;1177.00;0
2692;10;624305531;2692;273;3505;3505;7.94;0.49;224.88;3.49;813;10;1178.00;0
2694;10;624305540;2694;273;3506;3506;7.96;0.49;224.78;3.48;812;10;1179.00;0
2697;10;624305549;2697;276;3506;3506;7.95;0.49;224.94;3.48;809;10;1180.00;0
2701;10;624305558;2701;279;3512;3512;7.98;0.49;224.99;3.48;811;10;1181.00;0
2704;10;624305568;2704;281;3512;3512;7.96;0.49;225.15;3.48;808;10;1182.00;0
2706;10;624305577;2706;281;3513;3513;7.92;0.48;225.29;3.48;807;10;1183.00;0
2712;10;624305587;2712;280;3513;3513;7.86;0.48;225.48;3.48;801;10;1184.00;0
2717;10;624305602;2717;284;3513;3513;7.84;0.48;225.64;3.48;796;10;1185.00;0
2718;10;624305611;2718;285;3513;3513;7.82;0.48;225.73;3.48;795;10;1186.00;0
2723;10;624305620;2723;289;3513;3513;7.82;0.48;225.95;3.48;790;10;1187.00;0
2728;10;624305629;2728;282;3525;3525;7.82;0.48;226.18;3.47;797;10;1188.00;0
2731;10;624305638;2731;282;3525;3525;7.81;0.48;226.33;3.47;794;10;1189.00;0
2735;10;624305647;2735;270;3525;3525;7.83;0.48;226.51;3.47;790;10;1190.00;0
2738;10;624305655;2738;264;3525;3525;7.85;0.48;226.79;3.47;787;10;1191.00;0
2743;10;624305664;2743;256;3525;3525;7.84;0.48;227.20;3.47;782;10;1192.00;0
2746;10;624305673;2746;245;3525;3525;7.85;0.48;227.45;3.47;779;10;1193.00;0
2754;10;624305682;2754;244;3529;3529;7.89;0.48;227.49;3.47;775;10;1194.00;0
2758;10;624305692;2758;241;3529;3529;7.96;0.49;227.68;3.47;771;10;1195.00;0
2763;10;624305701;2763;235;3533;3533;8.08;0.50;228.09;3.46;770;10;1196.00;0
2767;10;624305710;2767;232;3534;3534;8.11;0.50;228.31;3.46;767;10;1197.00;0
2772;10;624305720;2772;231;3534;3534;8.11;0.50;228.51;3.46;762;10;1198.00;0
2775;10;624305729;2775;225;3534;3534;8.12;0.50;228.62;3.46;759;10;1199.00;0
2780;10;624305741;2780;232;3561;3575;8.03;0.49;228.93;3.44;781;10;1200.00;14
2783;10;624305759;2783;222;3562;3575;8.07;0.49;229.11;3.43;779;10;1201.00;13
2786;10;624305768;2786;215;3563;3575;8.14;0.50;229.17;3.43;777;10;1202.00;12
2793;10;624305777;2793;213;3567;3576;8.14;0.50;229.41;3.43;774;10;1203.00;9
2797;10;624305787;2797;211;3568;3577;8.16;0.50;229.52;3.43;771;10;1204.00;9
2802;10;624305797;2802;213;3569;3577;8.21;0.50;229.68;3.43;767;10;1205.00;8
2808;10;624305806;2808;209;3571;3580;8.34;0.51;229.80;3.43;763;10;1206.00;9
2812;10;624305816;2812;207;3572;3580;8.44;0.51;229.76;3.43;760;10;1207.00;8
2818;10;624305826;2818;203;3573;3580;8.50;0.52;229.79;3.43;755;10;1208.00;7
2822;10;624305835;2822;209;3575;3580;8.49;0.52;229.87;3.43;753;10;1209.00;5
2823;10;624305844;2823;202;3582;3586;8.45;0.52;229.84;3.43;759;10;1210.00;4
2834;10;624305854;2834;201;3582;3586;8.34;0.51;230.02;3.43;748;10;1211.00;4
2834;10;624305864;2834;206;3582;3586;8.34;0.51;230.02;3.43;748;10;1212.00;4
2835;10;624305873;2835;202;3582;3586;8.39;0.51;230.04;3.43;747;10;1213.00;4
2839;10;624305882;2839;202;3587;3590;8.40;0.51;230.00;3.43;748;10;1214.00;3
2843;10;624305892;2843;205;3589;3592;8.37;0.51;229.98;3.43;746;10;1215.00;3
2845;10;624305902;2845;205;3589;3592;8.40;0.51;229.91;3.43;744;10;1216.00;3
2848;10;624305911;2848;208;3590;3593;8.42;0.51;229.95;3.43;742;10;1217.00;3
2853;10;624305920;2853;215;3590;3593;8.43;0.52;230.00;3.43;737;10;1218.00;3
2854;10;624305929;2854;216;3591;3593;8.47;0.52;229.96;3.43;737;10;1219.00;2
2857;10;624305939;2857;218;3591;3593;8.45;0.52;230.01;3.43;734;10;1220.00;2
2861;10;624305948;2861;224;3591;3593;8.35;0.51;230.02;3.43;730;10;1221.00;2
2866;10;624305957;2866;230;3591;3593;8.22;0.50;229.84;3.43;725;10;1222.00;2
2870;10;624305966;2870;234;3591;3593;8.13;0.50;229.94;3.43;721;10;1223.00;2
2874;10;624305975;2874;250;3632;3663;7.92;0.49;229.79;3.40;758;10;1224.00;31
2881;10;624305990;2881;246;3634;3664;7.82;0.48;229.80;3.40;753;10;1225.00;30
2885;10;624305999;2885;245;3639;3664;7.82;0.48;229.90;3.40;754;10;1226.00;25
2890;10;624306008;2890;242;3639;3664;7.80;0.48;229.74;3.40;749;10;1227.00;25
2892;10;624306017;2892;238;3642;3666;7.80;0.48;229.78;3.40;750;10;1228.00;24
2892;10;624306027;2892;240;3643;3666;7.85;0.48;229.78;3.40;751;10;1229.00;23
2894;10;624306038;2894;241;3647;3666;7.85;0.48;229.85;3.40;753;10;1230.00;19
2895;10;624306047;2895;248;3650;3666;7.82;0.48;229.84;3.41;755;10;1231.00;16
2899;10;624306056;2899;249;3652;3667;7.77;0.47;229.86;3.41;753;10;1232.00;15
2901;10;624306066;2901;254;3655;3668;7.73;0.47;229.92;3.42;754;10;1233.00;13
2903;10;624306075;2903;267;3658;3668;7.72;0.47;229.85;3.42;755;10;1234.00;10
2907;10;624306084;2907;271;3666;3672;7.64;0.47;229.87;3.43;759;10;1235.00;6
2910;10;624306094;2910;275;3669;3672;7.63;0.47;230.03;3.43;759;10;1236.00;3
2913;10;624306103;2913;269;3671;3672;7.68;0.47;230.01;3.44;758;10;1237.00;1
2916;10;624306113;2916;262;3672;3672;7.67;0.47;230.15;3.44;756;10;1238.00;0
2921;10;624306122;2921;259;3678;3678;7.70;0.47;230.28;3.44;757;10;1239.00;0
2924;10;624306132;2924;256;3678;3678;7.78;0.48;230.37;3.44;754;10;1240.00;0
2926;10;624306143;2926;256;3678;3678;7.88;0.48;230.40;3.44;752;10;1241.00;0
2929;10;624306152;2929;257;3680;3681;7.93;0.48;230.35;3.43;751;10;1242.00;1
2930;10;624306162;2930;257;3680;3681;8.01;0.49;230.38;3.43;750;10;1243.00;1
2933;10;624306172;2933;261;3681;3681;8.04;0.49;230.43;3.43;748;10;1244.00;0
2935;10;624306181;2935;266;3682;3682;8.02;0.49;230.44;3.43;747;10;1245.00;0
2937;10;624306192;2937;256;3683;3683;8.00;0.49;230.47;3.43;746;10;1246.00;0
2939;10;624306201;2939;249;3683;3683;7.94;0.48;230.38;3.43;744;10;1247.00;0
2942;10;624306211;2942;244;3693;3696;8.08;0.49;230.35;3.42;751;10;1248.00;3
2944;10;624306221;2944;241;3694;3696;8.10;0.49;230.27;3.42;750;10;1249.00;2
2948;10;624306231;2948;240;3694;3696;8.09;0.49;230.18;3.42;746;10;1250.00;2
2948;10;624306241;2948;241;3695;3697;8.16;0.50;230.18;3.42;747;10;1251.00;2
2951;10;624306252;2951;238;3695;3697;8.14;0.49;230.08;3.42;744;10;1252.00;2
2952;10;624306261;2952;237;3699;3701;8.20;0.50;230.23;3.42;747;10;1253.00;2
2954;10;624306271;2954;241;3699;3701;8.24;0.50;230.26;3.42;745;10;1254.00;2
2955;10;624306280;2955;237;3702;3705;8.27;0.50;230.21;3.42;747;10;1255.00;3
2956;10;624306290;2956;238;3702;3705;8.30;0.50;230.24;3.42;746;10;1256.00;3
2956;10;624306300;2956;233;3702;3705;8.39;0.51;230.24;3.42;746;10;1257.00;3
2957;10;624306309;2957;230;3702;3705;8.46;0.52;230.20;3.42;745;10;1258.00;3
2960;10;624306319;2960;230;3702;3705;8.58;0.52;230.17;3.42;742;10;1259.00;3
2964;10;624306329;2964;243;3729;3739;8.62;0.53;230.02;3.39;765;10;1260.00;10
2966;10;624306341;2966;233;3729;3739;8.73;0.53;230.00;3.39;763;10;1261.00;10
2968;10;624306351;2968;231;3732;3739;8.81;0.54;229.89;3.39;764;10;1262.00;7
2970;10;624306360;2970;234;3732;3739;8.83;0.54;229.88;3.39;762;10;1263.00;7
2972;10;624306369;2972;234;3733;3739;8.90;0.54;229.82;3.39;761;10;1264.00;6
2973;10;624306379;2973;236;3733;3739;8.92;0.54;229.79;3.39;760;10;1265.00;6
2975;10;624306388;2975;239;3733;3740;8.97;0.55;229.74;3.39;758;10;1266.00;7
2978;10;624306398;2978;242;3733;3740;8.94;0.54;229.66;3.39;755;10;1267.00;7
2978;10;624306407;2978;240;3738;3746;9.03;0.55;229.66;3.39;760;10;1268.00;8
2981;10;624306417;2981;238;3739;3747;9.08;0.55;229.48;3.39;758;10;1269.00;8
2983;10;624306427;2983;243;3739;3747;9.09;0.56;229.42;3.39;756;10;1270.00;8
2988;10;624306441;2988;240;3739;3747;9.08;0.55;229.41;3.39;751;10;1271.00;8
2990;10;624306458;2990;239;3742;3751;9.07;0.55;229.40;3.38;752;10;1272.00;9
2992;10;624306472;2992;244;3742;3751;9.08;0.55;229.52;3.38;750;10;1273.00;9
2993;10;624306487;2993;245;3742;3751;9.12;0.56;229.53;3.38;749;10;1274.00;9
2997;10;624306501;2997;248;3743;3752;9.19;0.56;229.44;3.38;746;10;1275.00;9
2999;10;624306515;2999;249;3746;3756;9.23;0.56;229.36;3.38;747;10;1276.00;10
2999;10;624306531;2999;247;3746;3756;9.29;0.56;229.36;3.38;747;10;1277.00;10
2999;10;624306547;2999;246;3748;3759;9.37;0.57;229.36;3.38;749;10;1278.00;11
2999;10;624306558;2999;243;3748;3759;9.44;0.57;229.36;3.38;749;10;1279.00;11
2999;10;624306568;2999;247;3749;3759;9.49;0.58;229.36;3.38;750;10;1280.00;10
3002;10;624306578;3002;247;3749;3759;9.47;0.58;229.42;3.38;747;10;1281.00;10
3002;10;624306588;3002;243;3753;3763;9.49;0.58;229.42;3.38;751;10;1282.00;10
3002;10;624306598;3002;231;3753;3763;9.53;0.58;229.42;3.38;751;10;1283.00;10
3005;10;624306608;3005;222;3753;3763;9.57;0.58;229.40;3.38;748;10;1284.00;10
3007;10;624306619;3007;220;3753;3763;9.64;0.59;229.40;3.38;746;10;1285.00;10
3008;10;624306629;3008;218;3753;3764;9.69;0.59;229.39;3.38;745;10;1286.00;11
3009;10;624306639;3009;208;3754;3765;9.71;0.59;229.36;3.38;745;10;1287.00;11
3011;10;624306649;3011;207;3754;3765;9.69;0.59;229.31;3.38;743;10;1288.00;11
3014;10;624306660;3014;199;3755;3766;9.69;0.59;229.30;3.38;741;10;1289.00;11
3017;10;624306683;3017;199;3755;3766;9.73;0.59;229.23;3.38;738;10;1290.00;11
3019;10;624306694;3019;190;3755;3766;9.76;0.59;229.18;3.38;736;10;1291.00;11
3019;10;624306703;3019;185;3755;3766;9.86;0.60;229.18;3.38;736;10;1292.00;11
3020;10;624306711;3020;183;3755;3766;9.95;0.61;229.15;3.38;735;10;1293.00;11
3023;10;624306721;3023;179;3756;3766;9.95;0.61;229.11;3.39;733;10;1294.00;10
3027;10;624306731;3027;170;3757;3766;9.99;0.61;228.99;3.40;730;10;1295.00;9
3027;10;624306741;3027;183;3821;3893;9.93;0.61;228.99;3.34;794;10;1296.00;72
3032;10;624306761;3032;174;3821;3894;9.92;0.61;228.85;3.34;789;10;1297.00;73
3033;10;624306779;3033;171;3828;3894;10.05;0.62;228.80;3.34;795;10;1298.00;66
3036;10;624306789;3036;168;3829;3894;10.12;0.62;228.70;3.34;793;10;1299.00;65
3037;10;624306806;3037;161;3836;3894;10.22;0.63;228.72;3.34;799;10;1300.00;58
3040;10;624306821;3040;153;3839;3894;10.31;0.63;228.70;3.34;799;10;1301.00;55
3042;10;624306831;3042;149;3841;3894;10.25;0.63;228.71;3.34;799;10;1302.00;53
3047;10;624306841;3047;154;3844;3894;10.18;0.62;228.66;3.35;797;10;1303.00;50
3049;11;624306852;3049;153;3847;3895;10.18;0.62;228.57;3.35;798;11;1304.00;48
3051;11;624306882;3051;151;3853;3897;10.20;0.62;228.57;3.36;802;11;1305.00;44
3054;11;624306893;3054;155;3855;3897;10.33;0.63;228.50;3.36;801;11;1306.00;42
3056;11;624306904;3056;156;3860;3898;10.36;0.63;228.55;3.37;804;11;1307.00;38
3061;11;624306915;3061;156;3862;3898;10.35;0.63;228.71;3.37;801;11;1308.00;36
3061;11;624306926;3061;157;3865;3898;10.30;0.63;228.71;3.38;804;11;1309.00;33
3063;11;624306937;3063;153;3869;3898;10.21;0.62;228.62;3.39;806;11;1310.00;29
3065;11;624306947;3065;154;3873;3902;10.15;0.62;228.62;3.40;808;11;1311.00;29
3067;11;624306957;3067;160;3877;3902;10.07;0.62;228.57;3.40;810;11;1312.00;25
3071;11;624306969;3071;164;3878;3902;9.95;0.61;228.78;3.41;807;11;1313.00;24
3073;11;624306980;3073;171;3882;3905;9.86;0.60;228.84;3.42;809;11;1314.00;23
3075;11;624306990;3075;180;3882;3905;9.77;0.60;228.88;3.42;807;11;1315.00;23
3079;11;624307000;3079;182;3885;3905;9.70;0.59;228.89;3.44;806;11;1316.00;20
3080;11;624307010;3080;194;3889;3909;9.61;0.59;229.01;3.44;809;11;1317.00;20
3084;11;624307022;3084;203;3891;3910;9.54;0.58;229.11;3.44;807;11;1318.00;19
3086;11;624307032;3086;205;3893;3910;9.46;0.58;229.09;3.45;807;11;1319.00;17
3089;11;624307044;3089;207;3899;3915;9.42;0.57;229.08;3.48;810;11;1320.00;16
3093;11;624307055;3093;211;3899;3915;9.33;0.57;229.22;3.48;806;11;1321.00;16
3095;11;624307065;3095;215;3900;3915;9.22;0.56;229.29;3.48;805;11;1322.00;15
3099;11;624307075;3099;224;3902;3916;9.13;0.55;229.36;3.50;803;11;1323.00;14
3103;11;624307086;3103;226;3902;3916;9.10;0.55;229.50;3.50;799;11;1324.00;14
3106;11;624307097;3106;231;3908;3922;9.07;0.55;229.53;3.50;802;11;1325.00;14
3109;11;624307109;3109;236;3909;3922;8.97;0.55;229.57;3.52;800;11;1326.00;13
3111;11;624307119;3111;246;3910;3923;8.88;0.54;229.70;3.52;799;11;1327.00;13
3113;11;624307130;3113;252;3910;3923;8.80;0.54;229.73;3.52;797;11;1328.00;13
3115;11;624307139;3115;257;3911;3923;8.68;0.53;229.81;3.53;796;11;1329.00;12
3119;11;624307149;3119;260;3911;3923;8.54;0.52;229.95;3.53;792;11;1330.00;12
3120;11;624307160;3120;260;3912;3923;8.45;0.51;229.98;3.54;792;11;1331.00;11
3122;11;624307169;3122;260;3925;3935;8.48;0.52;230.02;3.56;803;11;1332.00;10
3122;11;624307179;3122;263;3925;3935;8.51;0.52;230.02;3.56;803;11;1333.00;10
3123;11;624307189;3123;268;3926;3935;8.51;0.52;230.05;3.56;803;11;1334.00;9
3127;11;624307198;3127;270;3928;3935;8.48;0.52;230.22;3.58;801;11;1335.00;7
3129;11;624307208;3129;273;3928;3935;8.44;0.51;230.19;3.58;799;11;1336.00;7
3131;11;624307217;3131;271;3930;3935;8.38;0.51;230.23;3.60;799;11;1337.00;5
3134;11;624307227;3134;276;3934;3939;8.31;0.51;230.48;3.60;800;11;1338.00;5
3134;11;624307238;3134;271;3935;3939;8.32;0.51;230.48;3.61;801;11;1339.00;4
3138;11;624307247;3138;273;3939;3943;8.38;0.51;230.64;3.60;801;11;1340.00;4
3141;11;624307258;3141;270;3943;3944;8.34;0.51;230.85;3.61;802;11;1341.00;1
3141;11;624307268;3141;264;3943;3944;8.33;0.51;230.85;3.61;802;11;1342.00;1
3144;11;624307277;3144;264;3944;3944;8.27;0.51;230.95;3.61;800;11;1343.00;0
3145;11;624307288;3145;268;3955;3957;8.35;0.51;230.93;3.60;810;11;1344.00;2
3149;11;624307298;3149;270;3956;3957;8.30;0.51;231.09;3.60;807;11;1345.00;1
3152;11;624307308;3152;270;3957;3957;8.27;0.51;231.03;3.60;805;11;1346.00;0
3154;11;624307318;3154;275;3958;3958;8.31;0.51;231.18;3.60;804;11;1347.00;0
3155;11;624307328;3155;272;3959;3959;8.32;0.51;231.30;3.60;804;11;1348.00;0
3157;11;624307337;3157;275;3959;3959;8.27;0.51;231.32;3.60;802;11;1349.00;0
3160;11;624307350;3160;272;3965;3968;8.20;0.50;231.53;3.60;805;11;1350.00;3
3162;11;624307361;3162;267;3965;3968;8.13;0.50;231.60;3.60;803;11;1351.00;3
3167;11;624307370;3167;274;3967;3968;8.08;0.49;231.78;3.59;800;11;1352.00;1
3174;11;624307380;3174;269;3967;3968;7.91;0.48;232.04;3.59;793;11;1353.00;1
3177;11;624307389;3177;266;3973;3974;7.83;0.48;232.23;3.59;796;11;1354.00;1
3185;11;624307400;3185;268;3974;3974;7.69;0.47;232.30;3.59;789;11;1355.00;0
3190;11;624307410;3190;269;3974;3974;7.61;0.46;232.32;3.59;784;11;1356.00;0
3193;11;624307419;3193;271;3974;3974;7.54;0.46;232.55;3.59;781;11;1357.00;0
3196;11;624307428;3196;268;3978;3978;7.49;0.46;232.61;3.59;782;11;1358.00;0
3200;11;624307438;3200;272;3979;3979;7.47;0.46;232.95;3.59;779;11;1359.00;0
3202;11;624307448;3202;266;3979;3979;7.43;0.46;233.05;3.59;777;11;1360.00;0
3209;11;624307457;3209;261;3980;3980;7.38;0.45;233.31;3.59;771;11;1361.00;0
3217;11;624307466;3217;258;3980;3980;7.30;0.45;233.40;3.59;763;11;1362.00;0
3219;11;624307476;3219;257;3980;3980;7.36;0.45;233.44;3.59;761;11;1363.00;0
3226;11;624307486;3226;252;3980;3980;7.36;0.45;233.43;3.59;754;11;1364.00;0
3231;11;624307495;3231;252;3980;3980;7.36;0.45;233.56;3.59;749;11;1365.00;0
3232;11;624307504;3232;250;3980;3980;7.36;0.45;233.56;3.59;748;11;1366.00;0
3236;11;624307512;3236;247;3980;3980;7.37;0.45;233.65;3.59;744;11;1367.00;0
3240;11;624307521;3240;247;4018;4050;7.57;0.46;233.76;3.55;778;11;1368.00;32
3243;11;624307535;3243;244;4022;4051;7.66;0.47;233.84;3.55;779;11;1369.00;29
3248;11;624307545;3248;240;4029;4051;7.75;0.47;233.99;3.55;781;11;1370.00;22
3251;11;624307554;3251;248;4029;4051;7.84;0.48;234.04;3.55;778;11;1371.00;22
3255;11;624307563;3255;249;4032;4051;7.87;0.48;234.22;3.55;777;11;1372.00;19
3259;11;624307572;3259;249;4035;4051;7.86;0.48;234.33;3.55;776;11;1373.00;16
3260;11;624307581;3260;257;4038;4051;7.86;0.48;234.37;3.55;778;11;1374.00;13
3264;11;624307590;3264;258;4041;4051;7.81;0.48;234.44;3.55;777;11;1375.00;10
3269;11;624307599;3269;258;4043;4052;7.72;0.47;234.50;3.56;774;11;1376.00;9
3272;11;624307608;3272;261;4046;4053;7.64;0.47;234.59;3.56;774;11;1377.00;7
3277;11;624307618;3277;267;4047;4053;7.59;0.46;234.63;3.56;770;11;1378.00;6
3281;11;624307626;3281;273;4051;4057;7.51;0.46;234.75;3.56;770;11;1379.00;6
3285;11;624307637;3285;276;4054;4057;7.48;0.46;234.82;3.56;769;11;1380.00;3
3288;11;624307646;3288;285;4054;4057;7.48;0.46;234.84;3.56;766;11;1381.00;3
3293;11;624307655;3293;285;4054;4057;7.42;0.45;234.84;3.56;761;11;1382.00;3
3297;11;624307664;3297;289;4060;4063;7.44;0.45;235.00;3.56;763;11;1383.00;3
3300;11;624307674;3300;289;4060;4063;7.47;0.46;235.13;3.56;760;11;1384.00;3
3307;11;624307683;3307;288;4061;4063;7.45;0.45;235.22;3.56;754;11;1385.00;2
3310;11;624307693;3310;286;4063;4066;7.54;0.46;235.27;3.56;753;11;1386.00;3
3315;11;624307702;3315;287;4064;4066;7.52;0.46;235.42;3.57;749;11;1387.00;2
3319;11;624307712;3319;287;4066;4066;7.50;0.46;235.40;3.57;747;11;1388.00;0
3323;11;624307721;3323;282;4067;4067;7.46;0.45;235.49;3.57;744;11;1389.00;0
3328;11;624307730;3328;278;4068;4068;7.46;0.45;235.67;3.57;740;11;1390.00;0
3332;11;624307739;3332;281;4068;4068;7.42;0.45;235.80;3.57;736;11;1391.00;0
3336;11;624307748;3336;279;4081;4081;7.50;0.46;235.87;3.55;745;11;1392.00;0
3341;11;624307758;3341;275;4081;4081;7.40;0.45;235.96;3.55;740;11;1393.00;0
3344;11;624307767;3344;280;4081;4081;7.37;0.45;236.08;3.55;737;11;1394.00;0
3348;11;624307776;3348;285;4083;4083;7.33;0.45;236.06;3.55;735;11;1395.00;0
3353;11;624307785;3353;284;4083;4083;7.24;0.44;236.03;3.55;730;11;1396.00;0
3356;11;624307794;3356;285;4087;4087;7.24;0.44;236.00;3.55;731;11;1397.00;0
3363;11;624307804;3363;285;4087;4087;7.13;0.43;236.06;3.55;724;11;1398.00;0
3365;11;624307814;3365;288;4091;4091;7.06;0.43;236.02;3.55;726;11;1399.00;0
3367;11;624307824;3367;290;4091;4091;6.92;0.42;236.12;3.55;724;11;1400.00;0
3368;11;624307837;3368;289;4091;4091;6.85;0.42;236.10;3.55;723;11;1401.00;0
3371;11;624307846;3371;290;4091;4091;6.78;0.41;236.22;3.55;720;11;1402.00;0
3372;11;624307855;3372;296;4091;4091;6.72;0.41;236.20;3.55;719;11;1403.00;0
3374;11;624307864;3374;302;4102;4103;6.81;0.41;236.18;3.54;728;11;1404.00;1
3376;11;624307873;3376;312;4102;4103;6.79;0.41;236.24;3.54;726;11;1405.00;1
3376;11;624307882;3376;319;4103;4103;6.87;0.42;236.24;3.54;727;11;1406.00;0
3377;11;624307890;3377;313;4103;4103;6.86;0.42;236.22;3.54;726;11;1407.00;0
3378;11;624307899;3378;305;4103;4103;6.85;0.42;236.30;3.54;725;11;1408.00;0
3380;11;624307908;3380;302;4103;4103;6.89;0.42;236.34;3.54;723;11;1409.00;0
3381;11;624307918;3381;304;4104;4104;6.90;0.42;236.34;3.54;723;11;1410.00;0
3381;11;624307927;3381;303;4104;4104;6.98;0.43;236.34;3.54;723;11;1411.00;0
3384;11;624307935;3384;300;4110;4110;7.00;0.43;236.31;3.53;726;11;1412.00;0
3386;11;624307945;3386;302;4111;4111;6.96;0.43;236.19;3.53;725;11;1413.00;0
3390;11;624307954;3390;301;4111;4111;6.96;0.43;236.13;3.53;721;11;1414.00;0
3393;11;624307963;3393;305;4111;4111;6.96;0.43;236.01;3.53;718;11;1415.00;0
3396;11;624307973;3396;294;4115;4115;7.06;0.43;235.91;3.53;719;11;1416.00;0
3397;11;624307982;3397;288;4115;4115;7.18;0.44;235.94;3.53;718;11;1417.00;0
3398;11;624307991;3398;282;4115;4115;7.26;0.44;235.90;3.53;717;11;1418.00;0
3400;11;624308000;3400;282;4116;4116;7.40;0.45;235.95;3.53;716;11;1419.00;0
3403;11;624308009;3403;276;4120;4120;7.46;0.45;235.85;3.53;717;11;1420.00;0
3405;11;624308018;3405;280;4120;4120;7.52;0.46;235.90;3.53;715;11;1421.00;0
3407;11;624308033;3407;273;4122;4123;7.58;0.46;235.82;3.52;715;11;1422.00;1
3408;11;624308042;3408;269;4122;4123;7.61;0.46;235.80;3.52;714;11;1423.00;1
3409;11;624308051;3409;271;4123;4123;7.68;0.47;235.79;3.52;714;11;1424.00;0
3410;11;624308059;3410;271;4123;4123;7.77;0.47;235.80;3.52;713;11;1425.00;0
3413;11;624308069;3413;273;4127;4127;7.86;0.48;235.71;3.52;714;11;1426.00;0
3415;11;624308079;3415;276;4127;4127;7.99;0.48;235.63;3.52;712;11;1427.00;0
3419;11;624308089;3419;271;4127;4127;8.05;0.49;235.56;3.52;708;11;1428.00;0
3420;11;624308098;3420;266;4127;4127;8.17;0.49;235.50;3.52;707;11;1429.00;0
3420;11;624308107;3420;264;4127;4128;8.26;0.50;235.50;3.52;707;11;1430.00;1
3421;11;624308117;3421;259;4128;4129;8.35;0.51;235.48;3.52;707;11;1431.00;1
3422;11;624308126;3422;262;4128;4129;8.37;0.51;235.51;3.52;706;11;1432.00;1
3423;11;624308136;3423;257;4129;4130;8.46;0.51;235.47;3.52;706;11;1433.00;1
3424;11;624308145;3424;254;4129;4130;8.54;0.52;235.45;3.52;705;11;1434.00;1
3425;11;624308155;3425;244;4129;4130;8.65;0.53;235.45;3.52;704;11;1435.00;1
3428;11;624308165;3428;234;4129;4130;8.81;0.53;235.49;3.52;701;11;1436.00;1
3430;11;624308175;3430;228;4129;4130;8.92;0.54;235.52;3.52;699;11;1437.00;1
3431;11;624308184;3431;221;4129;4130;9.02;0.55;235.53;3.52;698;11;1438.00;1
3432;11;624308194;3432;216;4129;4130;9.13;0.55;235.48;3.52;697;11;1439.00;1
3434;11;624308206;3434;265;4253;4360;8.84;0.55;235.47;3.42;819;11;1440.00;107
3435;11;624308238;3435;247;4255;4361;9.03;0.56;235.51;3.42;820;11;1441.00;106
3435;11;624308249;3435;230;4264;4361;9.24;0.58;235.51;3.41;829;11;1442.00;97
3437;11;624308260;3437;222;4267;4361;9.37;0.58;235.48;3.41;830;11;1443.00;94
3437;11;624308276;3437;211;4274;4361;9.52;0.59;235.48;3.41;837;11;1444.00;87
3438;11;624308292;3438;200;4278;4361;9.56;0.59;235.46;3.42;840;11;1445.00;83
3439;11;624308302;3439;191;4284;4361;9.63;0.60;235.46;3.42;845;11;1446.00;77
3441;11;624308317;3441;186;4289;4361;9.70;0.60;235.46;3.42;848;11;1447.00;72
3441;11;624308327;3441;190;4295;4362;9.76;0.60;235.46;3.43;854;11;1448.00;67
3442;11;624308337;3442;191;4299;4363;9.83;0.61;235.43;3.43;857;11;1449.00;64
3443;11;624308348;3443;195;4304;4363;9.84;0.61;235.39;3.44;861;11;1450.00;59
3444;11;624308358;3444;202;4307;4364;9.90;0.61;235.37;3.45;863;11;1451.00;57
3444;11;624308368;3444;202;4308;4364;9.93;0.61;235.37;3.45;864;11;1452.00;56
3445;11;624308378;3445;208;4310;4364;9.92;0.61;235.39;3.45;865;11;1453.00;54
3446;11;624308390;3446;210;4311;4364;9.92;0.61;235.37;3.46;865;11;1454.00;53
3448;11;624308400;3448;220;4313;4368;9.90;0.61;235.35;3.46;865;11;1455.00;55
3450;11;624308411;3450;222;4315;4368;9.83;0.60;235.41;3.46;865;11;1456.00;53
3455;11;624308422;3455;222;4317;4368;9.80;0.60;235.49;3.47;862;11;1457.00;51
3458;11;624308436;3458;226;4318;4371;9.82;0.60;235.42;3.47;860;11;1458.00;53
3460;11;624308466;3460;223;4319;4371;9.83;0.60;235.64;3.47;859;11;1459.00;52
3464;11;624308519;3464;225;4320;4371;9.80;0.60;235.65;3.47;856;11;1460.00;51
3470;11;624308536;3470;224;4324;4375;9.72;0.60;235.74;3.48;854;11;1461.00;51
3472;11;624308550;3472;220;4325;4376;9.78;0.60;235.73;3.47;853;11;1462.00;51
3475;11;624308563;3475;218;4328;4376;9.77;0.60;235.81;3.49;853;11;1463.00;48
3479;11;624308574;3479;214;4331;4380;9.80;0.60;235.81;3.49;852;11;1464.00;49
3483;11;624308586;3483;214;4334;4380;9.76;0.60;235.83;3.51;851;11;1465.00;46
3487;11;624308607;3487;209;4335;4380;9.79;0.60;235.99;3.51;848;11;1466.00;45
3490;11;624308619;3490;209;4335;4381;9.80;0.60;235.95;3.51;845;11;1467.00;46
3492;11;624308631;3492;207;4337;4381;9.86;0.60;236.00;3.52;845;11;1468.00;44
3492;11;624308644;3492;206;4341;4387;10.01;0.61;236.00;3.53;849;11;1469.00;46
3495;11;624308658;3495;201;4341;4387;10.03;0.61;235.98;3.53;846;11;1470.00;46
3497;11;624308670;3497;195;4343;4388;10.08;0.62;235.92;3.54;846;11;1471.00;45
3501;11;624308681;3501;191;4344;4388;10.10;0.62;235.92;3.55;843;11;1472.00;44
3506;11;624308694;3506;196;4345;4388;10.06;0.61;236.01;3.55;839;11;1473.00;43
3509;11;624308709;3509;188;4347;4388;10.01;0.61;235.96;3.56;838;11;1474.00;41
3513;11;624308725;3513;196;4348;4388;9.97;0.61;235.89;3.56;835;11;1475.00;40
3513;11;624308737;3513;199;4357;4400;10.00;0.61;235.89;3.56;844;11;1476.00;43
3517;11;624308750;3517;200;4358;4400;9.98;0.61;235.99;3.57;841;11;1477.00;42
3517;11;624308762;3517;199;4361;4400;10.05;0.61;235.99;3.58;844;11;1478.00;39
3521;11;624308773;3521;198;4362;4400;10.04;0.61;236.04;3.59;841;11;1479.00;38
3523;11;624308785;3523;204;4364;4400;10.03;0.61;236.07;3.60;841;11;1480.00;36
3527;11;624308796;3527;204;4366;4400;9.99;0.61;236.09;3.62;839;11;1481.00;34
3529;11;624308807;3529;205;4371;4404;9.88;0.60;236.20;3.62;842;11;1482.00;33
3532;11;624308819;3532;206;4372;4404;9.79;0.59;236.39;3.62;840;11;1483.00;32
3533;11;624308831;3533;206;4377;4408;9.71;0.59;236.49;3.64;844;11;1484.00;31
3535;11;624308844;3535;208;4379;4410;9.66;0.59;236.47;3.64;844;11;1485.00;31
3536;11;624308855;3536;214;4380;4410;9.61;0.58;236.56;3.65;844;11;1486.00;30
3539;11;624308867;3539;216;4382;4410;9.54;0.58;236.69;3.65;843;11;1487.00;28
3539;11;624308878;3539;222;4392;4423;9.50;0.58;236.69;3.65;853;11;1488.00;31
3541;11;624308890;3541;233;4392;4423;9.42;0.57;236.83;3.65;851;11;1489.00;31
3543;11;624308902;3543;242;4395;4423;9.35;0.57;236.90;3.68;852;11;1490.00;28
3543;11;624308913;3543;248;4396;4424;9.27;0.57;236.90;3.68;853;11;1491.00;28
3547;11;624308923;3547;252;4398;4425;9.15;0.56;236.94;3.71;851;11;1492.00;27
3549;11;624308935;3549;252;4400;4425;8.97;0.55;237.04;3.73;851;11;1493.00;25
3552;11;624308948;3552;265;4402;4428;8.93;0.55;236.97;3.73;850;11;1494.00;26
3553;11;624308958;3553;273;4403;4428;8.87;0.54;237.04;3.74;850;11;1495.00;25
3555;11;624308971;3555;278;4406;4428;8.78;0.54;237.06;3.76;851;11;1496.00;22
3557;11;624308982;3557;282;4408;4428;8.75;0.53;237.02;3.78;851;11;1497.00;20
3559;11;624308994;3559;286;4414;4434;8.78;0.53;237.00;3.79;855;11;1498.00;20
3562;11;624309005;3562;288;4416;4434;8.70;0.53;237.09;3.82;854;11;1499.00;18
3565;11;624309020;3565;291;4422;4453;8.63;0.53;237.11;3.84;857;11;1500.00;31
3568;11;624309040;3568;288;4424;4453;8.57;0.52;237.25;3.86;856;11;1501.00;29
3570;11;624309052;3570;292;4428;4457;8.53;0.52;237.20;3.86;858;11;1502.00;29
3574;11;624309066;3574;291;4430;4458;8.51;0.52;237.23;3.86;856;11;1503.00;28
3577;11;624309078;3577;291;4432;4458;8.52;0.52;237.44;3.88;855;11;1504.00;26
3578;11;624309089;3578;292;4436;4459;8.49;0.52;237.49;3.89;858;11;1505.00;23
3582;11;624309101;3582;294;4439;4459;8.40;0.51;237.65;3.91;857;11;1506.00;20
3586;11;624309113;3586;298;4439;4459;8.31;0.51;237.64;3.91;853;11;1507.00;20
3589;11;624309125;3589;300;4441;4459;8.28;0.50;237.78;3.92;852;11;1508.00;18
3590;11;624309136;3590;299;4441;4459;8.26;0.51;237.83;3.92;851;11;1509.00;18
3594;11;624309147;3594;293;4441;4459;8.22;0.50;237.93;3.92;847;11;1510.00;18
3599;11;624309158;3599;295;4446;4459;8.16;0.50;238.03;3.93;847;11;1511.00;13
3601;11;624309169;3601;303;4485;4529;8.13;0.50;238.06;3.90;884;11;1512.00;44
3605;11;624309186;3605;302;4490;4530;8.06;0.49;238.09;3.90;885;11;1513.00;40
3607;11;624309198;3607;295;4495;4530;8.07;0.49;238.10;3.90;888;11;1514.00;35
3608;11;624309209;3608;298;4499;4530;8.09;0.50;238.13;3.90;891;11;1515.00;31
3612;11;624309222;3612;305;4501;4530;8.07;0.49;238.27;3.91;889;11;1516.00;29
3616;11;624309232;3616;308;4503;4530;8.10;0.50;238.39;3.91;887;11;1517.00;27
3617;11;624309244;3617;307;4504;4530;8.12;0.50;238.33;3.91;887;11;1518.00;26
3623;11;624309256;3623;312;4505;4530;8.10;0.49;238.27;3.91;882;11;1519.00;25
3627;11;624309267;3627;320;4510;4531;8.05;0.49;238.17;3.92;883;11;1520.00;21
3630;11;624309279;3630;316;4511;4532;8.03;0.49;238.15;3.92;881;11;1521.00;21
3632;11;624309290;3632;315;4514;4532;7.91;0.48;238.21;3.92;882;11;1522.00;18
3634;11;624309300;3634;320;4519;4536;7.81;0.48;238.25;3.93;885;11;1523.00;17
3637;11;624309311;3637;320;4519;4536;7.75;0.47;238.41;3.93;882;11;1524.00;17
3639;11;624309322;3639;320;4519;4536;7.64;0.47;238.55;3.93;880;11;1525.00;17
3645;11;624309332;3645;320;4519;4536;7.48;0.46;238.61;3.93;874;11;1526.00;17
3650;11;624309343;3650;321;4523;4542;7.42;0.45;238.88;3.92;873;11;1527.00;19
3654;11;624309354;3654;320;4525;4542;7.32;0.45;238.94;3.93;871;11;1528.00;17
3658;11;624309363;3658;322;4525;4542;7.21;0.44;238.97;3.93;867;11;1529.00;17
3664;11;624309375;3664;314;4529;4548;7.12;0.44;239.21;3.94;865;11;1530.00;19
3665;11;624309386;3665;312;4529;4548;7.05;0.43;239.29;3.94;864;11;1531.00;19
3671;11;624309396;3671;303;4529;4548;6.97;0.43;239.40;3.94;858;11;1532.00;19
3676;11;624309407;3676;293;4534;4549;6.86;0.42;239.63;3.95;858;11;1533.00;15
3679;11;624309417;3679;288;4537;4550;6.86;0.42;239.73;3.96;858;11;1534.00;13
3683;11;624309428;3683;288;4538;4550;6.86;0.42;239.80;3.96;855;11;1535.00;12
3685;11;624309440;3685;284;4549;4563;6.85;0.42;239.77;3.95;864;11;1536.00;14
3688;11;624309451;3688;281;4551;4563;6.83;0.42;239.94;3.95;863;11;1537.00;12
3690;11;624309461;3690;281;4552;4563;6.80;0.42;240.11;3.96;862;11;1538.00;11
3694;11;624309473;3694;282;4556;4564;6.76;0.41;240.15;3.98;862;11;1539.00;8
3698;11;624309483;3698;282;4556;4564;6.72;0.41;240.11;3.98;858;11;1540.00;8
3701;11;624309494;3701;280;4562;4568;6.77;0.41;240.12;4.00;861;11;1541.00;6
3703;11;624309504;3703;275;4564;4568;6.78;0.42;240.16;4.01;861;11;1542.00;4
3708;11;624309515;3708;274;4568;4572;6.75;0.41;240.20;4.00;860;11;1543.00;4
3712;11;624309525;3712;278;4569;4572;6.73;0.41;240.11;4.00;857;11;1544.00;3
3720;11;624309536;3720;283;4570;4572;6.65;0.41;240.29;4.00;850;11;1545.00;2
3723;11;624309547;3723;283;4570;4572;6.65;0.41;240.24;4.00;847;11;1546.00;2
3726;11;624309556;3726;285;4571;4572;6.67;0.41;240.32;4.00;845;11;1547.00;1
3728;11;624309566;3728;294;4582;4584;6.73;0.41;240.32;4.00;854;11;1548.00;2
3729;11;624309576;3729;301;4583;4584;6.74;0.41;240.30;3.99;854;11;1549.00;1
3730;11;624309585;3730;299;4583;4584;6.75;0.41;240.34;3.99;853;11;1550.00;1
3731;11;624309595;3731;296;4583;4584;6.75;0.41;240.30;3.99;852;11;1551.00;1
3732;11;624309604;3732;296;4583;4584;6.79;0.41;240.36;3.99;851;11;1552.00;1
3736;11;624309614;3736;298;4583;4584;6.75;0.41;240.30;3.99;847;11;1553.00;1
3738;11;624309624;3738;303;4584;4585;6.75;0.41;240.32;3.99;846;11;1554.00;1
3743;11;624309634;3743;304;4586;4587;6.67;0.41;240.45;3.99;843;11;1555.00;1
3747;11;624309644;3747;299;4592;4593;6.59;0.40;240.42;3.99;845;11;1556.00;1
3751;11;624309654;3751;297;4593;4594;6.53;0.40;240.45;3.99;842;11;1557.00;1
3753;11;624309664;3753;299;4594;4594;6.50;0.40;240.46;4.00;841;11;1558.00;0
3758;11;624309673;3758;302;4594;4594;6.45;0.39;240.32;4.00;836;11;1559.00;0
3762;11;624309684;3762;308;4599;4599;6.42;0.39;240.33;3.99;837;11;1560.00;0
3763;11;624309694;3763;316;4599;4599;6.40;0.39;240.30;3.99;836;11;1561.00;0
3768;11;624309703;3768;325;4599;4599;6.37;0.39;240.23;3.99;831;11;1562.00;0
3773;11;624309712;3773;332;4600;4600;6.35;0.39;240.19;3.99;827;11;1563.00;0
3776;11;624309721;3776;331;4604;4604;6.33;0.39;240.25;3.99;828;11;1564.00;0
3780;11;624309730;3780;336;4604;4604;6.24;0.38;240.17;3.99;824;11;1565.00;0
3784;11;624309739;3784;340;4606;4607;6.21;0.38;240.23;3.99;822;11;1566.00;1
3786;11;624309748;3786;340;4606;4607;6.12;0.37;240.14;3.99;820;11;1567.00;1
3792;11;624309757;3792;344;4607;4607;5.98;0.36;240.14;3.99;815;11;1568.00;0
3795;11;624309766;3795;353;4607;4607;5.84;0.36;240.17;3.99;812;11;1569.00;0
3798;11;624309775;3798;357;4611;4611;5.79;0.35;240.10;3.98;813;11;1570.00;0
3800;11;624309784;3800;363;4611;4611;5.74;0.35;240.08;3.98;811;11;1571.00;0
3804;11;624309793;3804;369;4611;4611;5.67;0.34;240.00;3.98;807;11;1572.00;0
3806;11;624309801;3806;380;4611;4611;5.58;0.34;239.98;3.98;805;11;1573.00;0
3807;11;624309809;3807;383;4612;4612;5.49;0.33;239.97;3.98;805;11;1574.00;0
3808;11;624309818;3808;386;4614;4614;5.37;0.33;240.00;3.98;806;11;1575.00;0
3812;11;624309826;3812;393;4614;4614;5.22;0.32;239.97;3.98;802;11;1576.00;0
3814;11;624309835;3814;383;4615;4615;5.19;0.32;239.96;3.98;801;11;1577.00;0
3815;11;624309844;3815;378;4615;4615;5.23;0.32;240.07;3.98;800;11;1578.00;0
3818;11;624309852;3818;371;4615;4615;5.20;0.32;240.04;3.98;797;11;1579.00;0
3820;11;624309861;3820;362;4615;4615;5.27;0.32;240.12;3.98;795;11;1580.00;0
3821;11;624309869;3821;360;4615;4615;5.32;0.33;240.10;3.98;794;11;1581.00;0
3823;11;624309878;3823;359;4615;4615;5.35;0.33;240.16;3.98;792;11;1582.00;0
3827;11;624309886;3827;362;4615;4615;5.36;0.33;240.15;3.98;788;11;1583.00;0
3829;11;624309895;3829;377;4682;4742;5.94;0.37;240.12;3.93;853;11;1584.00;60
3830;11;624309913;3830;380;4685;4743;5.99;0.37;240.09;3.92;855;11;1585.00;58
3833;11;624309922;3833;364;4694;4743;6.14;0.38;240.04;3.92;861;11;1586.00;49
3833;11;624309932;3833;332;4697;4743;6.26;0.39;240.04;3.92;864;11;1587.00;46
3837;11;624309941;3837;313;4702;4743;6.43;0.40;239.94;3.92;865;11;1588.00;41
3838;11;624309951;3838;300;4704;4743;6.52;0.40;239.95;3.92;866;11;1589.00;39
3838;11;624309963;3838;290;4707;4743;6.71;0.41;239.95;3.92;869;11;1590.00;36
3839;12;624309974;3839;280;4710;4743;6.88;0.42;239.98;3.92;871;12;1591.00;33
3841;12;624310001;3841;278;4712;4744;7.07;0.44;239.97;3.92;871;12;1592.00;32
3843;12;624310022;3843;275;4715;4745;7.21;0.44;239.99;3.93;872;12;1593.00;30
3844;12;624310039;3844;268;4717;4745;7.31;0.45;239.98;3.93;873;12;1594.00;28
3844;12;624310050;3844;265;4719;4746;7.43;0.46;239.98;3.93;875;12;1595.00;27
3845;12;624310061;3845;260;4724;4746;7.52;0.46;239.95;3.94;879;12;1596.00;22
3848;12;624310077;3848;267;4726;4746;7.61;0.47;239.90;3.95;878;12;1597.00;20
3848;12;624310088;3848;262;4727;4746;7.76;0.48;239.90;3.95;879;12;1598.00;19
3849;12;624310099;3849;266;4732;4750;7.89;0.48;239.90;3.95;883;12;1599.00;18
3852;12;624310111;3852;261;4735;4750;8.03;0.49;239.84;3.96;883;12;1600.00;15
3852;12;624310127;3852;260;4737;4750;8.17;0.50;239.84;3.96;885;12;1601.00;13
3855;12;624310140;3855;260;4739;4753;8.26;0.50;239.84;3.96;884;12;1602.00;14
3856;12;624310151;3856;253;4740;4753;8.34;0.51;239.82;3.96;884;12;1603.00;13
3857;12;624310163;3857;251;4741;4753;8.41;0.51;239.78;3.97;884;12;1604.00;12
3858;12;624310174;3858;246;4745;4757;8.43;0.51;239.76;3.97;887;12;1605.00;12
3858;12;624310186;3858;236;4746;4758;8.55;0.52;239.76;3.97;888;12;1606.00;12
3860;12;624310197;3860;236;4746;4758;8.58;0.52;239.76;3.97;886;12;1607.00;12
3863;12;624310208;3863;232;4750;4762;8.69;0.53;239.83;3.97;887;12;1608.00;12
3865;12;624310220;3865;230;4751;4762;8.80;0.54;239.83;3.97;886;12;1609.00;11
3868;12;624310231;3868;229;4751;4762;8.89;0.54;239.89;3.97;883;12;1610.00;11
3870;12;624310242;3870;229;4752;4763;8.95;0.54;239.90;3.97;882;12;1611.00;11
3871;12;624310253;3871;225;4752;4763;9.01;0.55;239.92;3.97;881;12;1612.00;11
3873;12;624310263;3873;221;4757;4769;9.01;0.55;239.92;3.96;884;12;1613.00;12
3874;12;624310275;3874;222;4757;4769;9.13;0.56;239.88;3.96;883;12;1614.00;12
3876;12;624310286;3876;219;4757;4770;9.21;0.56;239.86;3.96;881;12;1615.00;13
3878;12;624310297;3878;215;4757;4770;9.32;0.57;239.90;3.96;879;12;1616.00;13
3881;12;624310307;3881;210;4757;4770;9.39;0.57;239.90;3.96;876;12;1617.00;13
3882;12;624310319;3882;210;4757;4770;9.47;0.57;239.91;3.96;875;12;1618.00;13
3886;12;624310329;3886;213;4757;4770;9.53;0.58;240.01;3.96;871;12;1619.00;13
3888;12;624310342;3888;216;4783;4806;9.57;0.58;240.00;3.94;895;12;1620.00;23
3891;12;624310356;3891;214;4783;4806;9.63;0.59;240.02;3.94;892;12;1621.00;23
3897;12;624310367;3897;215;4788;4806;9.72;0.59;239.95;3.94;891;12;1622.00;18
3900;12;624310379;3900;212;4788;4806;9.80;0.60;239.99;3.94;888;12;1623.00;18
3902;12;624310390;3902;212;4789;4806;9.84;0.60;240.00;3.94;887;12;1624.00;17
3904;12;624310401;3904;212;4789;4806;9.91;0.60;240.00;3.94;885;12;1625.00;17
3907;12;624310413;3907;210;4793;4810;9.85;0.60;240.03;3.94;886;12;1626.00;17
3909;12;624310425;3909;211;4793;4810;9.86;0.60;240.01;3.94;884;12;1627.00;17
3912;12;624310442;3912;217;4797;4814;9.89;0.60;240.02;3.93;885;12;1628.00;17
3917;12;624310463;3917;213;4798;4815;9.85;0.60;240.09;3.93;881;12;1629.00;17
3919;12;624310480;3919;211;4798;4815;9.79;0.60;240.11;3.93;879;12;1630.00;17
3921;12;624310501;3921;196;4798;4815;9.71;0.59;240.21;3.93;877;12;1631.00;17
3925;12;624310520;3925;202;4809;4828;9.62;0.59;240.38;3.92;884;12;1632.00;19
3928;12;624310538;3928;193;4809;4828;9.59;0.59;240.48;3.92;881;12;1633.00;19
3933;12;624310554;3933;194;4810;4828;9.58;0.59;240.57;3.93;877;12;1634.00;18
3936;12;624310569;3936;190;4811;4829;9.65;0.59;240.61;3.93;875;12;1635.00;18
3943;12;624310581;3943;188;4812;4830;9.66;0.59;240.70;3.94;869;12;1636.00;18
3949;12;624310594;3949;186;4812;4830;9.69;0.59;240.78;3.94;863;12;1637.00;18
3953;12;624310607;3953;187;4814;4833;9.77;0.60;240.74;3.94;861;12;1638.00;19
3958;12;624310622;3958;190;4815;4833;9.80;0.60;240.65;3.94;857;12;1639.00;18
3962;12;624310637;3962;190;4815;4833;9.82;0.60;240.55;3.94;853;12;1640.00;18
3964;12;624310654;3964;189;4815;4833;9.89;0.60;240.55;3.94;851;12;1641.00;18
3970;12;624310667;3970;186;4820;4839;9.91;0.60;240.72;3.94;850;12;1642.00;19
3973;12;624310690;3973;184;4820;4839;9.89;0.60;240.78;3.94;847;12;1643.00;19
3975;12;624310704;3975;185;4820;4839;9.84;0.60;240.75;3.94;845;12;1644.00;19
3978;12;624310720;3978;188;4820;4839;9.81;0.60;240.82;3.94;842;12;1645.00;19
3979;12;624310735;3979;194;4823;4843;9.74;0.59;240.92;3.94;844;12;1646.00;20
3980;12;624310750;3980;194;4824;4844;9.73;0.59;240.93;3.94;844;12;1647.00;20
3984;12;624310764;3984;198;4824;4844;9.72;0.59;240.95;3.94;840;12;1648.00;20
3985;12;624310779;3985;204;4825;4845;9.72;0.59;241.04;3.94;840;12;1649.00;20
3988;12;624310795;3988;212;4825;4845;9.70;0.59;241.12;3.94;837;12;1650.00;20
3991;12;624310810;3991;210;4825;4845;9.66;0.59;241.12;3.94;834;12;1651.00;20
3992;12;624310823;3992;216;4825;4845;9.65;0.59;241.20;3.94;833;12;1652.00;20
3996;12;624310834;3996;216;4826;4845;9.63;0.59;241.38;3.95;830;12;1653.00;19
3998;12;624310845;3998;216;4826;4845;9.61;0.59;241.36;3.95;828;12;1654.00;19
3999;12;624310856;3999;215;4826;4845;9.61;0.59;241.36;3.95;827;12;1655.00;19
4000;12;624310867;4000;223;4866;4915;9.59;0.59;241.44;3.93;866;12;1656.00;49
4005;12;624310884;4005;218;4868;4916;9.53;0.58;241.50;3.93;863;12;1657.00;48
4006;12;624310896;4006;221;4874;4916;9.56;0.58;241.49;3.93;868;12;1658.00;42
4010;12;624310907;4010;224;4874;4916;9.50;0.58;241.68;3.93;864;12;1659.00;42
4013;12;624310919;4013;225;4879;4916;9.45;0.58;241.84;3.95;866;12;1660.00;37
4016;12;624310930;4016;230;4879;4916;9.38;0.57;241.90;3.95;863;12;1661.00;37
4018;12;624310942;4018;232;4884;4916;9.39;0.57;241.90;3.97;866;12;1662.00;32
4022;12;624310954;4022;232;4886;4916;9.30;0.57;242.07;3.98;864;12;1663.00;30
4026;12;624310965;4026;226;4890;4917;9.26;0.56;242.19;3.99;864;12;1664.00;27
4029;12;624310978;4029;228;4894;4919;9.19;0.56;242.20;4.00;865;12;1665.00;25
4033;12;624310996;4033;226;4897;4919;9.12;0.56;242.28;4.02;864;12;1666.00;22
4035;12;624311008;4035;226;4901;4923;9.09;0.55;242.28;4.02;866;12;1667.00;22
4037;12;624311019;4037;224;4905;4923;9.09;0.55;242.31;4.04;868;12;1668.00;18
4040;12;624311030;4040;232;4907;4923;9.01;0.55;242.36;4.05;867;12;1669.00;16
4041;12;624311041;4041;234;4908;4923;9.02;0.55;242.39;4.06;867;12;1670.00;15
4043;12;624311052;4043;237;4914;4929;9.12;0.56;242.36;4.06;871;12;1671.00;15
4046;12;624311064;4046;246;4915;4929;9.07;0.55;242.40;4.07;869;12;1672.00;14
4050;12;624311074;4050;248;4917;4929;9.01;0.55;242.50;4.08;867;12;1673.00;12
4052;12;624311086;4052;249;4919;4932;8.97;0.55;242.48;4.08;867;12;1674.00;13
4057;12;624311097;4057;253;4920;4932;8.85;0.54;242.65;4.09;863;12;1675.00;12
4060;12;624311107;4060;261;4921;4932;8.76;0.53;242.70;4.09;861;12;1676.00;11
4064;12;624311118;4064;260;4921;4933;8.61;0.52;242.78;4.09;857;12;1677.00;12
4066;12;624311129;4066;264;4925;4934;8.43;0.51;242.82;4.12;859;12;1678.00;9
4070;12;624311139;4070;267;4925;4934;8.25;0.50;242.79;4.12;855;12;1679.00;9
4071;12;624311151;4071;271;4945;4960;8.18;0.50;242.74;4.11;874;12;1680.00;15
4073;12;624311164;4073;264;4946;4960;8.10;0.49;242.83;4.11;873;12;1681.00;14
4074;12;624311175;4074;271;4949;4960;8.13;0.50;242.86;4.11;875;12;1682.00;11
4075;12;624311185;4075;266;4953;4961;8.12;0.50;242.89;4.13;878;12;1683.00;8
4077;12;624311195;4077;270;4953;4961;8.12;0.50;242.97;4.13;876;12;1684.00;8
4079;12;624311205;4079;270;4959;4965;8.13;0.50;243.03;4.13;880;12;1685.00;6
4081;12;624311218;4081;266;4959;4965;8.07;0.49;243.02;4.13;878;12;1686.00;6
4083;12;624311235;4083;271;4962;4969;7.99;0.49;242.96;4.13;879;12;1687.00;7
4084;12;624311245;4084;280;4965;4969;7.87;0.48;242.93;4.14;881;12;1688.00;4
4086;12;624311255;4086;280;4966;4969;7.79;0.48;242.99;4.14;880;12;1689.00;3
4088;12;624311265;4088;283;4967;4969;7.68;0.47;243.14;4.14;879;12;1690.00;2
4092;12;624311275;4092;281;4967;4969;7.54;0.46;243.09;4.14;875;12;1691.00;2
4096;12;624311286;4096;285;4978;4981;7.42;0.45;243.17;4.13;882;12;1692.00;3
4100;12;624311296;4100;291;4978;4981;7.28;0.44;243.22;4.13;878;12;1693.00;3
4104;12;624311306;4104;295;4981;4981;7.17;0.44;243.20;4.13;877;12;1694.00;0
4108;12;624311316;4108;296;4981;4981;7.05;0.43;243.28;4.13;873;12;1695.00;0
4111;12;624311325;4111;298;4981;4981;6.91;0.42;243.33;4.13;870;12;1696.00;0
4114;12;624311334;4114;301;4981;4981;6.80;0.42;243.37;4.13;867;12;1697.00;0
4118;12;624311344;4118;303;4982;4982;6.69;0.41;243.53;4.13;864;12;1698.00;0
4121;12;624311353;4121;310;4982;4982;6.57;0.40;243.59;4.13;861;12;1699.00;0
4126;12;624311363;4126;307;4988;4988;6.54;0.40;243.82;4.13;862;12;1700.00;0
4131;12;624311377;4131;305;4989;4989;6.43;0.40;244.01;4.13;858;12;1701.00;0
4134;12;624311387;4134;307;4989;4989;6.34;0.39;244.01;4.13;855;12;1702.00;0
4136;12;624311397;4136;303;4989;4989;6.27;0.39;244.04;4.13;853;12;1703.00;0
4137;12;624311407;4137;306;4993;4993;6.28;0.39;244.09;4.12;856;12;1704.00;0
4143;12;624311416;4143;303;4993;4993;6.20;0.38;244.39;4.12;850;12;1705.00;0
4146;12;624311426;4146;304;4993;4993;6.23;0.38;244.48;4.12;847;12;1706.00;0
4148;12;624311436;4148;299;4994;4994;6.25;0.39;244.47;4.12;846;12;1707.00;0
4151;12;624311446;4151;302;4998;4998;6.30;0.39;244.55;4.12;847;12;1708.00;0
4155;12;624311456;4155;302;4998;4998;6.30;0.39;244.60;4.12;843;12;1709.00;0
4158;12;624311468;4158;298;5002;5004;6.34;0.39;244.57;4.12;844;12;1710.00;2
4162;12;624311478;4162;293;5003;5004;6.33;0.39;244.55;4.12;841;12;1711.00;1
4163;12;624311488;4163;292;5004;5004;6.32;0.39;244.61;4.12;841;12;1712.00;0
4165;12;624311496;4165;290;5004;5004;6.36;0.39;244.65;4.12;839;12;1713.00;0
4167;12;624311505;4167;293;5008;5008;6.46;0.40;244.61;4.11;841;12;1714.00;0
4172;12;624311514;4172;283;5008;5008;6.41;0.40;244.55;4.11;836;12;1715.00;0
4176;12;624311523;4176;291;5008;5008;6.40;0.40;244.54;4.11;832;12;1716.00;0
4180;12;624311533;4180;291;5008;5008;6.43;0.40;244.53;4.11;828;12;1717.00;0
4183;12;624311542;4183;297;5009;5009;6.45;0.40;244.48;4.11;826;12;1718.00;0
4189;12;624311550;4189;299;5010;5010;6.47;0.40;244.36;4.11;821;12;1719.00;0
4192;12;624311560;4192;298;5010;5010;6.46;0.40;244.31;4.11;818;12;1720.00;0
4197;12;624311568;4197;299;5011;5011;6.44;0.40;244.21;4.11;814;12;1721.00;0
4199;12;624311577;4199;301;5011;5011;6.39;0.39;244.15;4.11;812;12;1722.00;0
4205;12;624311586;4205;304;5011;5011;6.31;0.39;244.13;4.11;806;12;1723.00;0
4208;12;624311595;4208;305;5011;5011;6.28;0.39;244.20;4.11;803;12;1724.00;0
4213;12;624311603;4213;300;5011;5011;6.21;0.38;244.14;4.11;798;12;1725.00;0
4219;12;624311612;4219;306;5011;5011;6.18;0.38;244.06;4.11;792;12;1726.00;0
4223;12;624311621;4223;313;5011;5011;6.18;0.38;244.13;4.11;788;12;1727.00;0
4228;12;624311629;4228;324;5088;5138;6.54;0.41;244.20;4.05;860;12;1728.00;50
4229;12;624311647;4229;324;5091;5139;6.52;0.41;244.21;4.05;862;12;1729.00;48
4233;12;624311657;4233;315;5099;5139;6.61;0.41;244.26;4.04;866;12;1730.00;40
4236;12;624311666;4236;320;5101;5139;6.62;0.41;244.23;4.04;865;12;1731.00;38
4238;12;624311676;4238;325;5106;5139;6.62;0.41;244.22;4.04;868;12;1732.00;33
4243;12;624311685;4243;325;5108;5139;6.55;0.41;244.14;4.04;865;12;1733.00;31
4247;12;624311694;4247;328;5111;5139;6.49;0.40;244.15;4.05;864;12;1734.00;28
4249;12;624311703;4249;332;5114;5139;6.50;0.40;244.10;4.05;865;12;1735.00;25
4252;12;624311712;4252;341;5116;5140;6.45;0.40;244.07;4.05;864;12;1736.00;24
4253;12;624311722;4253;348;5119;5141;6.34;0.39;244.08;4.05;866;12;1737.00;22
4255;12;624311732;4255;352;5121;5141;6.29;0.39;244.07;4.05;866;12;1738.00;20
4258;12;624311741;4258;340;5123;5142;6.23;0.38;244.10;4.06;865;12;1739.00;19
4259;12;624311753;4259;337;5128;5142;6.21;0.38;244.13;4.06;869;12;1740.00;14
4260;12;624311762;4260;330;5130;5142;6.23;0.38;244.16;4.07;870;12;1741.00;12
4261;12;624311771;4261;333;5133;5142;6.25;0.39;244.21;4.07;872;12;1742.00;9
4265;12;624311782;4265;331;5137;5146;6.23;0.38;244.23;4.07;872;12;1743.00;9
4268;12;624311792;4268;332;5138;5146;6.26;0.38;244.26;4.08;870;12;1744.00;8
4269;12;624311802;4269;333;5140;5146;6.25;0.38;244.30;4.08;871;12;1745.00;6
4273;12;624311824;4273;332;5142;5149;6.23;0.38;244.30;4.08;869;12;1746.00;7
4274;12;624311835;4274;328;5143;5149;6.31;0.39;244.30;4.08;869;12;1747.00;6
4276;12;624311845;4276;314;5144;5149;6.36;0.39;244.45;4.08;868;12;1748.00;5
4278;12;624311855;4278;312;5148;5153;6.48;0.40;244.48;4.08;870;12;1749.00;5
4280;12;624311872;4280;308;5150;5154;6.58;0.40;244.47;4.08;870;12;1750.00;4
4281;12;624311882;4281;309;5150;5154;6.72;0.41;244.44;4.08;869;12;1751.00;4
4287;12;624311893;4287;308;5153;5158;6.87;0.42;244.38;4.08;866;12;1752.00;5
4288;12;624311904;4288;304;5154;5158;6.98;0.43;244.33;4.08;866;12;1753.00;4
4290;12;624311915;4290;299;5154;5158;7.10;0.43;244.36;4.08;864;12;1754.00;4
4293;12;624311925;4293;298;5156;5160;7.23;0.44;244.43;4.08;863;12;1755.00;4
4294;12;624311936;4294;282;5156;5160;7.30;0.44;244.45;4.08;862;12;1756.00;4
4295;12;624311947;4295;271;5161;5166;7.45;0.45;244.43;4.08;866;12;1757.00;5
4297;12;624311959;4297;259;5161;5166;7.53;0.46;244.42;4.08;864;12;1758.00;5
4300;12;624311970;4300;244;5161;5167;7.57;0.46;244.41;4.08;861;12;1759.00;6
4302;12;624311982;4302;237;5161;5167;7.67;0.47;244.45;4.08;859;12;1760.00;6
4306;12;624311993;4306;236;5161;5167;7.76;0.47;244.44;4.08;855;12;1761.00;6
4309;12;624312004;4309;231;5161;5167;7.80;0.47;244.51;4.08;852;12;1762.00;6
4310;12;624312016;4310;223;5161;5167;7.93;0.48;244.50;4.08;851;12;1763.00;6
4314;12;624312027;4314;221;5171;5179;8.14;0.49;244.66;4.07;857;12;1764.00;8
4318;12;624312040;4318;217;5171;5179;8.28;0.50;244.60;4.07;853;12;1765.00;8
4323;12;624312051;4323;208;5172;5179;8.44;0.51;244.73;4.07;849;12;1766.00;7
4325;12;624312063;4325;204;5172;5179;8.60;0.52;244.80;4.07;847;12;1767.00;7
4327;12;624312074;4327;199;5172;5179;8.73;0.53;244.85;4.07;845;12;1768.00;7
4328;12;624312085;4328;189;5172;5179;8.91;0.54;244.84;4.07;844;12;1769.00;7
4331;12;624312099;4331;182;5175;5183;9.02;0.55;244.99;4.07;844;12;1770.00;8
4333;13;624312110;4333;171;5175;5183;9.12;0.55;245.11;4.07;842;13;1771.00;8
4336;13;624312134;4336;165;5179;5187;9.26;0.56;245.25;4.07;843;13;1772.00;8
4338;13;624312146;4338;156;5180;5188;9.35;0.57;245.28;4.07;842;13;1773.00;8
4338;13;624312158;4338;154;5180;5188;9.41;0.57;245.28;4.07;842;13;1774.00;8
4339;13;624312175;4339;152;5180;5188;9.46;0.57;245.32;4.07;841;13;1775.00;8
4340;13;624312187;4340;154;5191;5201;9.64;0.58;245.35;4.06;851;13;1776.00;10
4344;13;624312199;4344;156;5191;5201;9.70;0.59;245.33;4.06;847;13;1777.00;10
4348;13;624312210;4348;153;5191;5201;9.80;0.59;245.46;4.06;843;13;1778.00;10
4349;13;624312222;4349;151;5192;5202;9.93;0.60;245.50;4.06;843;13;1779.00;10
4350;13;624312233;4350;152;5192;5203;10.06;0.61;245.47;4.06;842;13;1780.00;11
4352;13;624312244;4352;144;5192;5203;10.11;0.61;245.52;4.06;840;13;1781.00;11
4356;13;624312255;4356;142;5194;5206;10.17;0.61;245.54;4.05;838;13;1782.00;12
4357;13;624312268;4357;142;5194;5206;10.22;0.62;245.61;4.05;837;13;1783.00;12
4361;13;624312279;4361;143;5195;5206;10.33;0.62;245.57;4.05;834;13;1784.00;11
4363;13;624312291;4363;144;5195;5206;10.37;0.63;245.74;4.05;832;13;1785.00;11
4367;13;624312308;4367;143;5200;5212;10.47;0.63;245.65;4.05;833;13;1786.00;12
4371;13;624312328;4371;149;5200;5212;10.49;0.63;245.85;4.05;829;13;1787.00;12
4373;13;624312339;4373;150;5200;5212;10.51;0.64;245.92;4.05;827;13;1788.00;12
4375;13;624312350;4375;150;5200;5212;10.54;0.64;245.98;4.05;825;13;1789.00;12
4377;13;624312361;4377;153;5203;5216;10.53;0.64;246.06;4.05;826;13;1790.00;13
4382;13;624312373;4382;149;5204;5217;10.54;0.64;246.05;4.05;822;13;1791.00;13
4383;13;624312385;4383;152;5204;5217;10.59;0.64;246.07;4.05;821;13;1792.00;13
4388;13;624312396;4388;157;5205;5218;10.60;0.64;246.14;4.05;817;13;1793.00;13
4392;13;624312409;4392;154;5205;5218;10.62;0.64;246.31;4.05;813;13;1794.00;13
4395;13;624312421;4395;158;5205;5218;10.61;0.64;246.45;4.05;810;13;1795.00;13
4399;13;624312432;4399;165;5205;5218;10.61;0.64;246.53;4.05;806;13;1796.00;13
4407;13;624312449;4407;163;5205;5218;10.57;0.64;246.65;4.05;798;13;1797.00;13
4414;13;624312469;4414;163;5205;5218;10.56;0.64;246.69;4.05;791;13;1798.00;13
4416;13;624312486;4416;164;5205;5218;10.54;0.64;246.73;4.05;789;13;1799.00;13
4420;13;624312505;4420;189;5273;5356;10.11;0.62;246.80;4.00;853;13;1800.00;83
4423;13;624312547;4423;179;5273;5357;10.11;0.62;246.79;4.00;850;13;1801.00;84
4423;13;624312562;4423;165;5284;5357;10.10;0.62;246.79;3.99;861;13;1802.00;73
4427;13;624312574;4427;157;5284;5357;10.06;0.62;246.73;3.99;857;13;1803.00;73
4431;13;624312587;4431;156;5289;5357;10.08;0.62;246.73;3.99;858;13;1804.00;68
4433;13;624312602;4433;154;5292;5357;10.06;0.62;246.76;4.02;859;13;1805.00;65
4435;13;624312617;4435;152;5298;5357;10.15;0.62;246.76;4.02;863;13;1806.00;59
4438;13;624312631;4438;159;5305;5357;10.19;0.62;246.82;4.02;867;13;1807.00;52
4442;13;624312645;4442;159;5309;5358;10.20;0.62;246.88;4.03;867;13;1808.00;49
4443;13;624312659;4443;159;5312;5359;10.24;0.63;246.85;4.03;869;13;1809.00;47
4448;13;624312671;4448;155;5314;5359;10.23;0.63;246.84;4.03;866;13;1810.00;45
4453;13;624312684;4453;151;5319;5363;10.17;0.62;246.91;4.03;866;13;1811.00;44
4457;13;624312698;4457;158;5322;5363;10.02;0.61;246.97;4.04;865;13;1812.00;41
4459;13;624312711;4459;152;5323;5363;9.98;0.61;247.00;4.04;864;13;1813.00;40
4464;13;624312723;4464;149;5324;5363;10.01;0.61;247.11;4.04;860;13;1814.00;39
4467;13;624312736;4467;151;5327;5369;10.04;0.61;247.08;4.04;860;13;1815.00;42
4470;13;624312749;4470;159;5328;5369;10.01;0.61;247.15;4.04;858;13;1816.00;41
4474;13;624312761;4474;156;5329;5369;10.03;0.61;247.18;4.04;855;13;1817.00;40
4476;13;624312774;4476;157;5333;5372;10.07;0.62;247.22;4.05;857;13;1818.00;39
4480;13;624312788;4480;159;5335;5372;10.10;0.62;247.19;4.05;855;13;1819.00;37
4485;13;624312800;4485;165;5335;5372;10.16;0.62;247.22;4.05;850;13;1820.00;37
4487;13;624312813;4487;163;5338;5373;10.14;0.62;247.17;4.05;851;13;1821.00;35
4489;13;624312826;4489;156;5339;5374;10.16;0.62;247.26;4.05;850;13;1822.00;35
4492;13;624312839;4492;161;5339;5374;10.16;0.62;247.27;4.05;847;13;1823.00;35
4495;13;624312853;4495;166;5350;5387;10.04;0.62;247.32;4.05;855;13;1824.00;37
4498;13;624312867;4498;170;5353;5387;10.04;0.61;247.31;4.06;855;13;1825.00;34
4503;13;624312880;4503;170;5353;5387;9.98;0.61;247.35;4.06;850;13;1826.00;34
4508;14;624312902;4508;178;5356;5388;9.91;0.61;247.41;4.06;848;14;1827.00;32
4510;14;624312943;4510;181;5356;5388;9.94;0.61;247.48;4.06;846;14;1828.00;32
4517;14;624312955;4517;182;5361;5392;9.84;0.60;247.45;4.07;844;14;1829.00;31
4521;14;624312970;4521;189;5361;5392;9.76;0.59;247.56;4.07;840;14;1830.00;31
4521;14;624312987;4521;196;5365;5396;9.62;0.59;247.56;4.08;844;14;1831.00;31
4524;14;624312999;4524;204;5366;5396;9.43;0.57;247.58;4.09;842;14;1832.00;30
4527;14;624313010;4527;206;5366;5396;9.33;0.57;247.63;4.09;839;14;1833.00;30
4528;14;624313021;4528;210;5368;5396;9.22;0.56;247.66;4.11;840;14;1834.00;28
4531;14;624313031;4531;212;5368;5396;9.13;0.56;247.76;4.11;837;14;1835.00;28
4532;14;624313042;4532;214;5379;5408;9.11;0.56;247.77;4.11;847;14;1836.00;29
4534;14;624313053;4534;224;5380;5408;9.01;0.55;247.71;4.13;846;14;1837.00;28
4534;14;624313070;4534;229;5381;5408;8.92;0.54;247.71;4.12;847;14;1838.00;27
4537;14;624313087;4537;234;5383;5408;8.83;0.54;247.77;4.14;846;14;1839.00;25
4538;14;624313097;4538;240;5383;5408;8.75;0.53;247.81;4.14;845;14;1840.00;25
4542;14;624313107;4542;248;5384;5408;8.63;0.53;247.97;4.16;842;14;1841.00;24
4545;14;624313118;4545;256;5385;5409;8.46;0.52;247.96;4.17;840;14;1842.00;24
4549;14;624313129;4549;260;5386;5409;8.27;0.51;248.18;4.18;837;14;1843.00;23
4551;14;624313140;4551;268;5392;5415;8.20;0.50;248.20;4.18;841;14;1844.00;23
4555;14;624313151;4555;278;5395;5417;8.05;0.49;248.27;4.19;840;14;1845.00;22
4560;14;624313163;4560;290;5396;5417;7.92;0.48;248.36;4.20;836;14;1846.00;21
4563;14;624313175;4563;289;5397;5417;7.77;0.47;248.29;4.21;834;14;1847.00;20
4564;14;624313186;4564;288;5401;5421;7.72;0.47;248.27;4.22;837;14;1848.00;20
4566;14;624313196;4566;295;5401;5421;7.57;0.46;248.38;4.22;835;14;1849.00;20
4570;14;624313206;4570;288;5402;5421;7.47;0.46;248.35;4.23;832;14;1850.00;19
4572;14;624313216;4572;293;5404;5422;7.37;0.45;248.36;4.23;832;14;1851.00;18
4575;14;624313228;4575;289;5409;5426;7.31;0.45;248.33;4.24;834;14;1852.00;17
4578;14;624313239;4578;291;5410;5426;7.31;0.45;248.39;4.25;832;14;1853.00;16
4581;14;624313250;4581;293;5412;5429;7.31;0.45;248.54;4.25;831;14;1854.00;17
4581;14;624313261;4581;292;5412;5429;7.39;0.45;248.54;4.25;831;14;1855.00;17
4583;14;624313271;4583;298;5414;5429;7.40;0.45;248.51;4.25;831;14;1856.00;15
4585;14;624313280;4585;297;5414;5429;7.43;0.46;248.43;4.25;829;14;1857.00;15
4587;14;624313290;4587;295;5420;5433;7.50;0.46;248.46;4.26;833;14;1858.00;13
4589;14;624313299;4589;301;5421;5433;7.44;0.46;248.45;4.27;832;14;1859.00;12
4590;14;624313310;4590;301;5421;5433;7.37;0.45;248.41;4.27;831;14;1860.00;12
4591;14;624313319;4591;308;5422;5433;7.28;0.45;248.39;4.27;831;14;1861.00;11
4591;14;624313328;4591;305;5424;5434;7.14;0.44;248.39;4.28;833;14;1862.00;10
4595;14;624313337;4595;310;5426;5435;6.95;0.43;248.35;4.28;831;14;1863.00;9
4600;14;624313347;4600;313;5426;5435;6.78;0.42;248.33;4.28;826;14;1864.00;9
4605;14;624313356;4605;314;5428;5436;6.63;0.41;248.25;4.28;823;14;1865.00;8
4608;14;624313365;4608;324;5429;5436;6.50;0.40;248.17;4.28;821;14;1866.00;7
4611;14;624313373;4611;331;5429;5436;6.35;0.40;248.19;4.28;818;14;1867.00;7
4615;14;624313381;4615;332;5429;5436;6.16;0.38;248.27;4.28;814;14;1868.00;7
4619;14;624313391;4619;339;5429;5436;6.01;0.37;248.20;4.28;810;14;1869.00;7
4623;14;624313399;4623;335;5429;5436;5.86;0.37;248.20;4.28;806;14;1870.00;7
4626;14;624313408;4626;338;5429;5436;5.70;0.36;248.26;4.28;803;14;1871.00;7
4628;14;624313416;4628;358;5500;5563;6.05;0.38;248.24;4.23;872;14;1872.00;63
4631;14;624313438;4631;342;5504;5564;6.00;0.38;248.27;4.23;873;14;1873.00;60
4634;14;624313447;4634;343;5513;5564;6.02;0.38;248.33;4.22;879;14;1874.00;51
4637;14;624313455;4637;348;5514;5564;5.96;0.38;248.31;4.22;877;14;1875.00;50
4640;14;624313464;4640;348;5521;5564;5.93;0.37;248.27;4.22;881;14;1876.00;43
4645;14;624313474;4645;347;5522;5564;5.86;0.37;248.16;4.22;877;14;1877.00;42
4648;14;624313483;4648;349;5527;5564;5.87;0.37;248.11;4.22;879;14;1878.00;37
4652;14;624313493;4652;352;5528;5564;5.88;0.37;248.02;4.23;876;14;1879.00;36
4653;14;624313502;4653;355;5531;5565;5.92;0.37;248.04;4.23;878;14;1880.00;34
4655;14;624313510;4655;360;5535;5566;6.03;0.38;248.05;4.23;880;14;1881.00;31
4658;14;624313519;4658;367;5540;5568;6.10;0.38;248.10;4.23;882;14;1882.00;28
4661;14;624313528;4661;374;5542;5569;6.15;0.38;248.02;4.24;881;14;1883.00;27
4665;14;624313537;4665;373;5547;5569;6.15;0.38;247.92;4.24;882;14;1884.00;22
4670;14;624313545;4670;375;5549;5569;6.08;0.38;247.99;4.25;879;14;1885.00;20
4672;14;624313555;4672;377;5551;5569;6.08;0.38;247.97;4.25;879;14;1886.00;18
4675;14;624313564;4675;381;5556;5573;6.07;0.38;247.98;4.25;881;14;1887.00;17
4677;14;624313573;4677;381;5556;5573;6.05;0.37;248.00;4.25;879;14;1888.00;17
4678;14;624313582;4678;384;5557;5573;6.05;0.37;248.02;4.25;879;14;1889.00;16
4682;14;624313593;4682;389;5561;5579;6.01;0.37;247.92;4.25;879;14;1890.00;18
4685;14;624313602;4685;375;5563;5579;6.00;0.37;247.96;4.25;878;14;1891.00;16
4687;14;624313612;4687;366;5563;5579;5.97;0.37;247.96;4.25;876;14;1892.00;16
4690;14;624313621;4690;362;5568;5583;6.01;0.37;247.99;4.25;878;14;1893.00;15
4694;14;624313631;4694;361;5569;5584;6.05;0.37;247.98;4.25;875;14;1894.00;15
4697;14;624313641;4697;356;5569;5584;6.14;0.38;247.91;4.25;872;14;1895.00;15
4702;14;624313651;4702;352;5574;5588;6.14;0.38;248.08;4.27;872;14;1896.00;14
4706;14;624313662;4706;355;5576;5588;6.14;0.38;248.10;4.27;870;14;1897.00;12
4710;14;624313690;4710;354;5576;5588;6.12;0.37;248.30;4.27;866;14;1898.00;12
4715;14;624313701;4715;357;5577;5589;6.08;0.37;248.23;4.27;862;14;1899.00;12
4718;14;624313714;4718;350;5577;5589;6.08;0.37;248.33;4.27;859;14;1900.00;12
4721;14;624313727;4721;354;5582;5595;6.08;0.37;248.35;4.27;861;14;1901.00;13
4724;14;624313743;4724;354;5582;5595;6.10;0.37;248.35;4.27;858;14;1902.00;13
4727;14;624313752;4727;350;5582;5596;6.10;0.37;248.41;4.27;855;14;1903.00;14
4732;14;624313762;4732;349;5582;5596;6.05;0.37;248.32;4.27;850;14;1904.00;14
4734;14;624313771;4734;345;5582;5596;6.04;0.37;248.30;4.27;848;14;1905.00;14
4737;14;624313781;4737;350;5582;5596;5.99;0.36;248.32;4.27;845;14;1906.00;14
4740;14;624313790;4740;344;5582;5596;6.02;0.37;248.25;4.27;842;14;1907.00;14
4742;14;624313800;4742;349;5591;5608;6.14;0.37;248.16;4.26;849;14;1908.00;17
4744;14;624313810;4744;343;5591;5608;6.17;0.37;248.20;4.26;847;14;1909.00;17
4745;14;624313819;4745;334;5593;5608;6.26;0.38;248.24;4.26;848;14;1910.00;15
4746;14;624313836;4746;333;5593;5608;6.36;0.39;248.24;4.26;847;14;1911.00;15
4747;14;624313846;4747;326;5594;5608;6.43;0.39;248.30;4.28;847;14;1912.00;14
4750;14;624313862;4750;324;5594;5608;6.50;0.39;248.43;4.28;844;14;1913.00;14
4751;14;624313872;4751;320;5597;5612;6.59;0.40;248.43;4.28;846;14;1914.00;15
4752;14;624313883;4752;314;5597;5612;6.65;0.40;248.41;4.28;845;14;1915.00;15
4753;14;624313892;4753;316;5601;5616;6.73;0.41;248.44;4.28;848;14;1916.00;15
4755;14;624313902;4755;302;5602;5617;6.80;0.41;248.49;4.28;847;14;1917.00;15
4758;14;624313913;4758;289;5602;5617;6.90;0.42;248.45;4.28;844;14;1918.00;15
4758;14;624313942;4758;282;5602;5617;6.99;0.42;248.45;4.28;844;14;1919.00;15
4761;14;624313954;4761;278;5626;5646;7.26;0.44;248.57;4.26;865;14;1920.00;20
4762;14;624313966;4762;272;5626;5646;7.39;0.45;248.62;4.26;864;14;1921.00;20
4763;14;624313977;4763;272;5627;5646;7.53;0.46;248.66;4.26;864;14;1922.00;19
4764;14;624313987;4764;273;5628;5647;7.68;0.47;248.61;4.26;864;14;1923.00;19
4765;14;624313998;4765;273;5628;5648;7.78;0.47;248.61;4.26;863;14;1924.00;20
4770;14;624314009;4770;269;5628;5648;7.82;0.47;248.70;4.26;858;14;1925.00;20
4773;14;624314027;4773;252;5630;5651;7.94;0.48;248.84;4.25;857;14;1926.00;21
4773;14;624314038;4773;245;5630;5651;8.05;0.49;248.84;4.25;857;14;1927.00;21
4775;14;624314050;4775;236;5631;5651;8.15;0.49;248.96;4.25;856;14;1928.00;20
4777;14;624314061;4777;231;5631;5651;8.25;0.50;248.88;4.25;854;14;1929.00;20
4779;14;624314072;4779;226;5636;5657;8.39;0.51;248.98;4.25;857;14;1930.00;21
4779;14;624314085;4779;226;5636;5657;8.54;0.52;248.98;4.25;857;14;1931.00;21
4781;14;624314097;4781;226;5636;5657;8.67;0.53;249.04;4.25;855;14;1932.00;21
4783;14;624314108;4783;222;5636;5657;8.82;0.54;249.03;4.25;853;14;1933.00;21
4785;14;624314120;4785;217;5639;5661;8.92;0.54;249.10;4.25;854;14;1934.00;22
4786;14;624314131;4786;212;5641;5663;9.01;0.55;249.15;4.25;855;14;1935.00;22
4788;14;624314144;4788;206;5641;5663;9.09;0.55;249.20;4.25;853;14;1936.00;22
4792;14;624314161;4792;205;5642;5664;9.22;0.56;249.18;4.25;850;14;1937.00;22
4795;14;624314173;4795;202;5642;5664;9.33;0.57;249.15;4.25;847;14;1938.00;22
4797;14;624314185;4797;201;5642;5664;9.42;0.57;249.26;4.25;845;14;1939.00;22
4803;14;624314196;4803;197;5642;5664;9.49;0.57;249.43;4.25;839;14;1940.00;22
4805;14;624314208;4805;195;5642;5664;9.66;0.58;249.46;4.25;837;14;1941.00;22
4808;14;624314219;4808;198;5642;5664;9.75;0.59;249.62;4.25;834;14;1942.00;22
4812;14;624314231;4812;194;5642;5664;9.82;0.59;249.73;4.25;830;14;1943.00;22
4814;14;624314242;4814;210;5684;5734;9.67;0.59;249.73;4.22;870;14;1944.00;50
4815;14;624314259;4815;200;5684;5735;9.73;0.59;249.76;4.22;869;14;1945.00;51
4818;14;624314271;4818;196;5689;5735;9.78;0.59;249.79;4.21;871;14;1946.00;46
4821;14;624314286;4821;195;5691;5735;9.90;0.60;249.76;4.21;870;14;1947.00;44
4824;14;624314298;4824;193;5694;5735;10.00;0.61;249.84;4.21;870;14;1948.00;41
4827;14;624314310;4827;198;5697;5735;10.07;0.61;249.84;4.21;870;14;1949.00;38
4828;14;624314325;4828;200;5702;5737;10.17;0.62;249.88;4.21;874;14;1950.00;35
4833;14;624314338;4833;201;5705;5737;10.14;0.61;250.02;4.22;872;14;1951.00;32
4836;14;624314351;4836;203;5706;5738;10.11;0.61;250.14;4.22;870;14;1952.00;32
4841;14;624314370;4841;205;5708;5739;10.08;0.61;250.29;4.22;867;14;1953.00;31
4843;14;624314384;4843;207;5710;5739;10.09;0.61;250.31;4.22;867;14;1954.00;29
4846;14;624314397;4846;208;5715;5743;10.03;0.61;250.36;4.24;869;14;1955.00;28
4851;14;624314415;4851;207;5716;5743;10.04;0.61;250.51;4.24;865;14;1956.00;27
4851;14;624314426;4851;207;5716;5743;10.06;0.61;250.51;4.24;865;14;1957.00;27
4853;14;624314439;4853;207;5716;5743;10.06;0.61;250.63;4.24;863;14;1958.00;27
4856;14;624314458;4856;204;5721;5749;10.05;0.61;250.64;4.24;865;14;1959.00;28
4859;14;624314477;4859;202;5721;5749;10.00;0.61;250.69;4.24;862;14;1960.00;28
4862;14;624314495;4862;199;5721;5749;10.00;0.61;250.69;4.24;859;14;1961.00;28
4862;14;624314512;4862;197;5723;5752;10.06;0.61;250.69;4.24;861;14;1962.00;29
4865;14;624314530;4865;194;5723;5752;10.10;0.61;250.71;4.24;858;14;1963.00;29
4866;14;624314547;4866;190;5724;5752;10.17;0.62;250.70;4.24;858;14;1964.00;28
4875;14;624314563;4875;190;5724;5753;10.19;0.62;250.69;4.24;849;14;1965.00;29
4878;14;624314577;4878;187;5725;5754;10.29;0.62;250.61;4.24;847;14;1966.00;29
4883;14;624314590;4883;187;5725;5754;10.29;0.62;250.64;4.24;842;14;1967.00;29
4887;14;624314605;4887;190;5735;5767;10.20;0.62;250.74;4.23;848;14;1968.00;32
4892;14;624314620;4892;186;5735;5767;10.21;0.62;250.66;4.23;843;14;1969.00;32
4897;14;624314633;4897;186;5735;5767;10.15;0.61;250.69;4.23;838;14;1970.00;32
4902;14;624314647;4902;186;5736;5768;10.16;0.61;250.68;4.23;834;14;1971.00;32
4904;14;624314660;4904;179;5736;5768;10.17;0.62;250.62;4.23;832;14;1972.00;32
4904;14;624314674;4904;175;5742;5772;10.20;0.62;250.62;4.26;838;14;1973.00;30
4906;14;624314687;4906;175;5743;5772;10.19;0.62;250.60;4.27;837;14;1974.00;29
4910;14;624314700;4910;170;5747;5776;10.19;0.62;250.61;4.29;837;14;1975.00;29
4911;14;624314713;4911;172;5747;5776;10.33;0.63;250.62;4.29;836;14;1976.00;29
4915;14;624314724;4915;169;5747;5776;10.38;0.63;250.65;4.29;832;14;1977.00;29
4916;14;624314737;4916;168;5747;5776;10.39;0.63;250.66;4.29;831;14;1978.00;29
4922;14;624314749;4922;170;5747;5776;10.33;0.63;250.71;4.29;825;14;1979.00;29
4925;14;624314764;4925;164;5768;5810;10.34;0.63;250.79;4.27;843;14;1980.00;42
4930;14;624314781;4930;159;5769;5810;10.35;0.63;250.83;4.27;839;14;1981.00;41
4935;14;624314794;4935;156;5770;5810;10.27;0.63;250.81;4.27;835;14;1982.00;40
4941;14;624314807;4941;154;5771;5810;10.21;0.62;250.90;4.27;830;14;1983.00;39
4941;14;624314820;4941;154;5771;5810;10.19;0.62;250.90;4.27;830;14;1984.00;39
4943;14;624314834;4943;159;5772;5810;10.20;0.62;250.95;4.30;829;14;1985.00;38
4946;14;624314848;4946;162;5773;5811;10.20;0.62;250.90;4.30;827;14;1986.00;38
4949;14;624314861;4949;160;5773;5811;10.17;0.62;250.91;4.30;824;14;1987.00;38
4951;14;624314874;4951;167;5778;5817;10.19;0.62;250.96;4.33;827;14;1988.00;39
4958;14;624314886;4958;164;5778;5818;10.12;0.61;251.02;4.33;820;14;1989.00;40
4960;14;624314898;4960;168;5781;5818;10.12;0.61;251.08;4.33;821;14;1990.00;37
4962;14;624314911;4962;171;5782;5818;10.08;0.61;251.10;4.35;820;14;1991.00;36
4963;14;624314922;4963;172;5785;5822;10.08;0.61;251.09;4.35;822;14;1992.00;37
4967;14;624314934;4967;176;5785;5822;10.01;0.61;251.09;4.35;818;14;1993.00;37
4970;14;624314944;4970;179;5787;5822;9.90;0.60;251.21;4.35;817;14;1994.00;35
4971;14;624314955;4971;187;5788;5823;9.82;0.60;251.28;4.35;817;14;1995.00;35
4972;14;624314966;4972;193;5793;5827;9.76;0.59;251.30;4.36;821;14;1996.00;34
4974;14;624314979;4974;197;5793;5827;9.65;0.59;251.43;4.36;819;14;1997.00;34
4979;14;624314990;4979;198;5795;5830;9.60;0.58;251.52;4.36;816;14;1998.00;35
4981;14;624315001;4981;207;5798;5830;9.52;0.58;251.53;4.38;817;14;1999.00;32
4984;14;624315012;4984;214;5798;5830;9.39;0.57;251.61;4.38;814;14;2000.00;32
4984;14;624315027;4984;216;5798;5830;9.37;0.57;251.61;4.38;814;14;2001.00;32
4987;14;624315037;4987;218;5804;5834;9.27;0.56;251.66;4.41;817;14;2002.00;30
4990;14;624315049;4990;228;5804;5834;9.17;0.56;251.75;4.41;814;14;2003.00;30
4991;14;624315060;4991;232;5805;5834;9.05;0.55;251.83;4.41;814;14;2004.00;29
4994;14;624315070;4994;233;5806;5834;8.96;0.55;251.86;4.43;812;14;2005.00;28
4995;14;624315080;4995;239;5806;5835;8.86;0.54;251.85;4.43;811;14;2006.00;29
4997;14;624315090;4997;237;5807;5836;8.75;0.53;251.90;4.43;810;14;2007.00;29
4999;14;624315100;4999;247;5809;5836;8.63;0.53;251.93;4.45;810;14;2008.00;27
5001;14;624315110;5001;253;5811;5837;8.53;0.52;251.97;4.45;810;14;2009.00;26
5004;14;624315122;5004;261;5811;5837;8.38;0.51;251.97;4.45;807;14;2010.00;26
5006;14;624315132;5006;265;5812;5837;8.26;0.50;251.98;4.46;806;14;2011.00;25
5009;14;624315141;5009;274;5812;5837;8.14;0.50;252.07;4.46;803;14;2012.00;25
5011;14;624315151;5011;281;5814;5837;8.05;0.49;252.17;4.50;803;14;2013.00;23
5014;14;624315161;5014;281;5815;5837;7.88;0.48;252.20;4.51;801;14;2014.00;22
5018;14;624315171;5018;285;5815;5837;7.72;0.47;252.22;4.51;797;14;2015.00;22
5019;14;624315180;5019;308;5881;5964;7.85;0.49;252.19;4.49;862;14;2016.00;83
5024;14;624315199;5024;306;5884;5965;7.66;0.48;252.15;4.50;860;14;2017.00;81
5026;14;624315210;5026;304;5895;5965;7.60;0.47;252.20;4.49;869;14;2018.00;70
5031;14;624315220;5031;300;5900;5965;7.47;0.46;252.16;4.50;869;14;2019.00;65
5035;14;624315230;5035;303;5908;5965;7.36;0.46;252.14;4.50;873;14;2020.00;57
5038;14;624315240;5038;303;5912;5965;7.21;0.45;252.11;4.51;874;14;2021.00;53
5041;14;624315249;5041;302;5914;5965;7.11;0.44;252.04;4.51;873;14;2022.00;51
5043;14;624315259;5043;302;5919;5965;7.04;0.44;251.99;4.53;876;14;2023.00;46
5045;14;624315270;5045;297;5922;5966;7.06;0.44;251.97;4.53;877;14;2024.00;44
5046;14;624315280;5046;298;5928;5968;7.02;0.43;251.94;4.55;882;14;2025.00;40
5049;14;624315291;5049;294;5931;5968;7.04;0.43;251.92;4.56;882;14;2026.00;37
5051;14;624315301;5051;302;5934;5969;7.05;0.43;251.87;4.56;883;14;2027.00;35
5054;14;624315311;5054;305;5938;5969;7.00;0.43;251.81;4.57;884;14;2028.00;31
5056;14;624315320;5056;311;5940;5969;6.97;0.43;251.73;4.58;884;14;2029.00;29
5056;14;624315331;5056;314;5941;5969;6.94;0.43;251.73;4.58;885;14;2030.00;28
5060;14;624315340;5060;320;5947;5973;6.84;0.42;251.72;4.59;887;14;2031.00;26
5061;14;624315350;5061;329;5949;5973;6.74;0.41;251.68;4.59;888;14;2032.00;24
5061;14;624315359;5061;340;5951;5973;6.66;0.41;251.68;4.60;890;14;2033.00;22
5063;14;624315369;5063;349;5953;5976;6.56;0.41;251.65;4.59;890;14;2034.00;23
5064;14;624315378;5064;356;5953;5976;6.44;0.40;251.62;4.59;889;14;2035.00;23
5066;14;624315387;5066;364;5956;5976;6.26;0.39;251.61;4.60;890;14;2036.00;20
5069;14;624315396;5069;367;5960;5980;6.09;0.38;251.65;4.60;891;14;2037.00;20
5072;14;624315406;5072;375;5964;5981;5.95;0.37;251.57;4.61;892;14;2038.00;17
5075;14;624315416;5075;384;5965;5981;5.78;0.36;251.62;4.61;890;14;2039.00;16
5081;14;624315427;5081;381;5971;5986;5.62;0.35;251.51;4.62;890;14;2040.00;15
5084;14;624315437;5084;380;5973;5986;5.50;0.34;251.50;4.62;889;14;2041.00;13
5086;14;624315447;5086;379;5975;5986;5.41;0.34;251.55;4.62;889;14;2042.00;11
5087;14;624315456;5087;367;5975;5987;5.42;0.34;251.59;4.62;888;14;2043.00;12
5093;14;624315465;5093;361;5976;5987;5.40;0.33;251.63;4.62;883;14;2044.00;11
5095;14;624315475;5095;355;5982;5993;5.48;0.34;251.70;4.62;887;14;2045.00;11
5096;14;624315485;5096;349;5983;5993;5.58;0.34;251.67;4.62;887;14;2046.00;10
5100;14;624315496;5100;344;5984;5994;5.64;0.35;251.66;4.62;884;14;2047.00;10
5101;14;624315511;5101;329;5984;5994;5.76;0.35;251.64;4.62;883;14;2048.00;10
5104;14;624315520;5104;326;5984;5994;5.87;0.36;251.67;4.62;880;14;2049.00;10
5109;14;624315530;5109;318;5984;5994;5.95;0.36;251.69;4.62;875;14;2050.00;10
5110;14;624315539;5110;318;5984;5994;6.02;0.37;251.65;4.62;874;14;2051.00;10
5114;14;624315549;5114;311;5994;6006;6.15;0.38;251.62;4.61;880;14;2052.00;12
5117;14;624315559;5117;308;5995;6006;6.22;0.38;251.64;4.61;878;14;2053.00;11
5117;14;624315569;5117;311;5996;6006;6.34;0.39;251.64;4.61;879;14;2054.00;10
5121;14;624315578;5121;303;5996;6006;6.41;0.39;251.68;4.61;875;14;2055.00;10
5121;14;624315587;5121;311;5996;6006;6.47;0.39;251.68;4.61;875;14;2056.00;10
5123;14;624315603;5123;306;5996;6006;6.54;0.40;251.69;4.61;873;14;2057.00;10
5127;14;624315612;5127;305;6000;6010;6.59;0.40;251.73;4.61;873;14;2058.00;10
5129;14;624315622;5129;300;6000;6010;6.65;0.41;251.66;4.61;871;14;2059.00;10
5132;14;624315632;5132;302;6004;6014;6.72;0.41;251.71;4.60;872;14;2060.00;10
5135;14;624315642;5135;302;6005;6015;6.76;0.41;251.71;4.60;870;14;2061.00;10
5136;14;624315652;5136;303;6005;6015;6.77;0.41;251.72;4.60;869;14;2062.00;10
5139;14;624315662;5139;299;6005;6015;6.75;0.41;251.72;4.60;866;14;2063.00;10
5143;14;624315672;5143;301;6016;6028;6.82;0.42;251.67;4.60;873;14;2064.00;12
5146;14;624315683;5146;298;6016;6028;6.83;0.42;251.82;4.60;870;14;2065.00;12
5154;14;624315693;5154;295;6016;6028;6.79;0.41;251.97;4.60;862;14;2066.00;12
5158;14;624315709;5158;286;6017;6029;6.78;0.41;251.92;4.59;859;14;2067.00;12
5160;14;624315719;5160;282;6017;6030;6.80;0.41;251.94;4.59;857;14;2068.00;13
5167;14;624315729;5167;279;6017;6030;6.74;0.41;251.98;4.59;850;14;2069.00;13
5168;14;624315741;5168;281;6021;6036;6.83;0.41;252.00;4.59;853;14;2070.00;15
5169;14;624315752;5169;277;6021;6036;6.82;0.42;252.03;4.59;852;14;2071.00;15
5172;14;624315762;5172;281;6023;6036;6.90;0.42;252.10;4.59;851;14;2072.00;13
5175;14;624315772;5175;278;6023;6036;6.91;0.42;252.10;4.59;848;14;2073.00;13
5181;14;624315783;5181;277;6028;6042;6.95;0.42;252.23;4.59;847;14;2074.00;14
5182;14;624315794;5182;282;6028;6042;7.01;0.43;252.20;4.59;846;14;2075.00;14
5185;14;624315804;5185;278;6028;6042;7.08;0.43;252.22;4.59;843;14;2076.00;14
5187;14;624315813;5187;280;6028;6042;7.16;0.44;252.28;4.59;841;14;2077.00;14
5192;14;624315823;5192;283;6031;6046;7.13;0.43;252.36;4.59;839;14;2078.00;15
5194;14;624315833;5194;277;6032;6047;7.20;0.44;252.37;4.59;838;14;2079.00;15
5197;14;624315843;5197;275;6032;6047;7.19;0.44;252.42;4.59;835;14;2080.00;15
5201;14;624315853;5201;276;6033;6048;7.25;0.44;252.43;4.58;832;14;2081.00;15
5202;14;624315863;5202;277;6034;6048;7.25;0.44;252.46;4.62;832;14;2082.00;14
5207;14;624315873;5207;282;6034;6048;7.24;0.44;252.65;4.62;827;14;2083.00;14
5210;14;624315883;5210;281;6034;6048;7.23;0.44;252.73;4.62;824;14;2084.00;14
5213;14;624315894;5213;282;6034;6048;7.21;0.44;252.76;4.62;821;14;2085.00;14
5216;14;624315904;5216;282;6034;6048;7.21;0.44;252.88;4.62;818;14;2086.00;14
5220;14;624315914;5220;272;6034;6048;7.27;0.44;252.95;4.62;814;14;2087.00;14
5225;14;624315924;5225;277;6075;6118;7.40;0.45;253.01;4.59;850;14;2088.00;43
5230;14;624315940;5230;261;6076;6119;7.45;0.45;253.16;4.59;846;14;2089.00;43
5233;14;624315951;5233;251;6081;6119;7.65;0.47;253.24;4.58;848;14;2090.00;38
5235;14;624315961;5235;247;6081;6119;7.80;0.47;253.32;4.58;846;14;2091.00;38
5239;14;624315972;5239;243;6085;6119;7.94;0.48;253.43;4.58;846;14;2092.00;34
5241;14;624315984;5241;238;6086;6119;8.12;0.49;253.52;4.58;845;14;2093.00;33
5244;14;624315995;5244;239;6089;6119;8.26;0.50;253.64;4.59;845;14;2094.00;30
5245;14;624316006;5245;241;6092;6119;8.33;0.51;253.68;4.59;847;14;2095.00;27
5248;14;624316017;5248;225;6094;6120;8.42;0.51;253.71;4.59;846;14;2096.00;26
5250;14;624316028;5250;220;6097;6121;8.47;0.52;253.76;4.59;847;14;2097.00;24
5254;14;624316040;5254;213;6101;6121;8.52;0.52;253.81;4.63;847;14;2098.00;20
5254;14;624316051;5254;210;6105;6125;8.58;0.52;253.81;4.63;851;14;2099.00;20
5259;14;624316065;5259;215;6110;6140;8.66;0.53;253.82;4.62;851;14;2100.00;30
5261;14;624316083;5261;214;6110;6140;8.74;0.53;253.91;4.62;849;14;2101.00;30
5264;14;624316095;5264;215;6110;6140;8.83;0.54;253.89;4.62;846;14;2102.00;30
5265;14;624316107;5265;221;6114;6146;8.93;0.54;253.90;4.62;849;14;2103.00;32
5267;14;624316119;5267;216;6114;6146;9.02;0.55;253.98;4.62;847;14;2104.00;32
5268;14;624316130;5268;220;6116;6146;9.08;0.55;253.96;4.62;848;14;2105.00;30
5273;14;624316142;5273;219;6118;6149;9.19;0.56;254.05;4.62;845;14;2106.00;31
5276;14;624316154;5276;213;6118;6149;9.31;0.56;254.07;4.62;842;14;2107.00;31
5280;14;624316166;5280;208;6119;6149;9.38;0.57;254.22;4.62;839;14;2108.00;30
5283;14;624316177;5283;202;6120;6150;9.48;0.57;254.21;4.65;837;14;2109.00;30
5284;14;624316189;5284;202;6121;6151;9.63;0.58;254.17;4.65;837;14;2110.00;30
5286;14;624316200;5286;199;6123;6151;9.65;0.59;254.20;4.65;837;14;2111.00;28
5289;14;624316212;5289;200;6133;6164;9.67;0.59;254.25;4.64;844;14;2112.00;31
5293;14;624316224;5293;191;6133;6164;9.68;0.59;254.29;4.64;840;14;2113.00;31
5295;14;624316236;5295;191;6133;6164;9.66;0.59;254.29;4.64;838;14;2114.00;31
5296;14;624316247;5296;190;6135;6166;9.71;0.59;254.29;4.64;839;14;2115.00;31
5300;14;624316258;5300;189;6135;6166;9.76;0.59;254.34;4.64;835;14;2116.00;31
5302;14;624316270;5302;191;6140;6170;9.83;0.60;254.39;4.64;838;14;2117.00;30
5306;14;624316282;5306;196;6140;6170;9.82;0.60;254.47;4.64;834;14;2118.00;30
5310;14;624316293;5310;188;6143;6174;9.76;0.59;254.50;4.64;833;14;2119.00;31
5314;14;624316305;5314;182;6143;6174;9.74;0.59;254.58;4.64;829;14;2120.00;31
5317;14;624316316;5317;182;6143;6174;9.77;0.60;254.64;4.64;826;14;2121.00;31
5323;14;624316327;5323;178;6145;6174;9.73;0.59;254.73;4.65;822;14;2122.00;29
5327;14;624316338;5327;181;6145;6174;9.80;0.59;254.78;4.65;818;14;2123.00;29
5329;14;624316350;5329;180;6155;6186;9.85;0.60;254.75;4.67;826;14;2124.00;31
5331;14;624316361;5331;183;6156;6186;9.84;0.60;254.72;4.68;825;14;2125.00;30
5333;14;624316372;5333;182;6158;6186;9.86;0.60;254.76;4.68;825;14;2126.00;28
5336;14;624316382;5336;189;6158;6186;9.86;0.60;254.82;4.68;822;14;2127.00;28
5338;14;624316393;5338;186;6160;6186;9.90;0.60;254.80;4.68;822;14;2128.00;26
5339;14;624316404;5339;186;6161;6186;9.92;0.60;254.77;4.68;822;14;2129.00;25
5339;14;624316416;5339;184;6161;6187;9.91;0.60;254.77;4.68;822;14;2130.00;26
5341;14;624316427;5341;186;6161;6187;9.92;0.60;254.82;4.68;820;14;2131.00;26
5347;14;624316438;5347;186;6166;6193;9.88;0.60;254.92;4.68;819;14;2132.00;27
5352;14;624316455;5352;190;6167;6194;9.85;0.60;254.99;4.68;815;14;2133.00;27
5354;14;624316473;5354;190;6167;6194;9.77;0.59;254.98;4.68;813;14;2134.00;27
5357;14;624316491;5357;190;6167;6194;9.77;0.59;254.96;4.68;810;14;2135.00;27
5362;14;624316507;5362;193;6170;6198;9.74;0.59;254.98;4.68;808;14;2136.00;28
5364;14;624316525;5364;188;6170;6198;9.77;0.59;254.95;4.68;806;14;2137.00;28
5368;14;624316540;5368;188;6170;6198;9.78;0.59;254.93;4.68;802;14;2138.00;28
5370;14;624316554;5370;182;6171;6199;9.84;0.60;254.95;4.68;801;14;2139.00;28
5373;14;624316565;5373;182;6174;6203;9.80;0.59;254.99;4.67;801;14;2140.00;29
5377;14;624316578;5377;183;6174;6203;9.83;0.60;255.01;4.67;797;14;2141.00;29
5380;14;624316589;5380;175;6176;6206;9.88;0.60;255.05;4.67;796;14;2142.00;30
5382;14;624316600;5382;174;6177;6206;9.86;0.60;255.03;4.67;795;14;2143.00;29
5386;14;624316611;5386;174;6177;6206;9.84;0.60;255.08;4.67;791;14;2144.00;29
5392;14;624316622;5392;171;6178;6206;9.91;0.60;255.19;4.68;786;14;2145.00;28
5395;14;624316634;5395;165;6184;6210;9.95;0.60;255.24;4.75;789;14;2146.00;26
5396;14;624316647;5396;166;6184;6210;9.94;0.60;255.21;4.75;788;14;2147.00;26
5401;14;624316660;5401;162;6184;6210;9.96;0.60;255.23;4.75;783;14;2148.00;26
5406;15;624316671;5406;162;6185;6210;9.92;0.60;255.15;4.78;779;15;2149.00;25
5407;15;624316703;5407;160;6185;6211;9.88;0.60;255.22;4.78;778;15;2150.00;26
5411;15;624316715;5411;163;6186;6212;9.83;0.60;255.18;4.78;775;15;2151.00;26
5415;15;624316726;5415;165;6186;6212;9.73;0.59;255.29;4.78;771;15;2152.00;26
5417;15;624316736;5417;166;6187;6213;9.68;0.59;255.29;4.78;770;15;2153.00;26
5422;15;624316747;5422;168;6188;6213;9.56;0.58;255.31;4.81;766;15;2154.00;25
5422;15;624316757;5422;172;6188;6213;9.58;0.58;255.31;4.81;766;15;2155.00;25
5424;15;624316767;5424;178;6188;6213;9.59;0.58;255.45;4.81;764;15;2156.00;25
5426;15;624316777;5426;179;6188;6213;9.55;0.58;255.42;4.81;762;15;2157.00;25
5429;15;624316788;5429;182;6188;6213;9.52;0.58;255.52;4.81;759;15;2158.00;25
5432;15;624316798;5432;188;6188;6213;9.47;0.58;255.67;4.81;756;15;2159.00;25
5432;15;624316810;5432;223;6286;6443;9.47;0.59;255.67;4.73;854;15;2160.00;157
5436;15;624316838;5436;221;6291;6444;9.39;0.59;255.60;4.73;855;15;2161.00;153
5437;15;624316850;5437;216;6303;6444;9.38;0.59;255.57;4.73;866;15;2162.00;141
5441;15;624316860;5441;217;6306;6444;9.22;0.58;255.64;4.72;865;15;2163.00;138
5442;15;624316871;5442;208;6315;6444;9.18;0.57;255.66;4.72;873;15;2164.00;129
5445;15;624316881;5445;215;6320;6444;9.11;0.57;255.65;4.72;875;15;2165.00;124
5446;15;624316892;5446;219;6328;6444;9.09;0.57;255.62;4.75;882;15;2166.00;116
5448;15;624316902;5448;227;6336;6444;8.99;0.56;255.56;4.76;888;15;2167.00;108
5451;15;624316913;5451;234;6341;6445;8.95;0.56;255.49;4.76;890;15;2168.00;104
5453;15;624316923;5453;242;6347;6446;8.86;0.55;255.47;4.76;894;15;2169.00;99
5455;15;624316934;5455;241;6352;6446;8.72;0.54;255.42;4.78;897;15;2170.00;94
5457;15;624316944;5457;239;6357;6447;8.64;0.54;255.38;4.80;900;15;2171.00;90
5459;15;624316955;5459;247;6361;6447;8.57;0.53;255.35;4.80;902;15;2172.00;86
5460;15;624316965;5460;255;6365;6447;8.54;0.53;255.30;4.82;905;15;2173.00;82
5461;15;624316978;5461;266;6369;6447;8.43;0.52;255.27;4.84;908;15;2174.00;78
5464;15;624316988;5464;268;6374;6451;8.32;0.52;255.25;4.86;910;15;2175.00;77
5467;15;624316999;5467;274;6378;6451;8.19;0.51;255.16;4.87;911;15;2176.00;73
5470;15;624317011;5470;279;6380;6451;8.03;0.50;255.18;4.88;910;15;2177.00;71
5472;15;624317022;5472;288;6385;6454;7.91;0.49;255.27;4.91;913;15;2178.00;69
5474;15;624317034;5474;299;6387;6454;7.79;0.48;255.28;4.91;913;15;2179.00;67
5475;15;624317044;5475;308;6390;6454;7.67;0.47;255.24;4.92;915;15;2180.00;64
5477;15;624317055;5477;318;6395;6458;7.51;0.46;255.26;4.92;918;15;2181.00;63
5479;15;624317066;5479;324;6397;6459;7.43;0.46;255.27;4.92;918;15;2182.00;62
5481;15;624317076;5481;334;6401;6459;7.38;0.45;255.24;4.95;920;15;2183.00;58
5485;15;624317087;5485;339;6408;6463;7.31;0.45;255.17;4.97;923;15;2184.00;55
5487;15;624317098;5487;346;6411;6463;7.23;0.45;255.15;4.98;924;15;2185.00;52
5491;15;624317109;5491;349;6412;6463;7.07;0.43;255.09;4.98;921;15;2186.00;51
5492;15;624317119;5492;356;6414;6464;6.97;0.43;255.11;4.99;922;15;2187.00;50
5493;15;624317129;5493;362;6414;6464;6.87;0.42;255.11;4.99;921;15;2188.00;50
5495;15;624317140;5495;365;6425;6470;6.84;0.42;255.06;5.05;930;15;2189.00;45
5495;15;624317152;5495;365;6425;6470;6.73;0.41;255.06;5.05;930;15;2190.00;45
5496;15;624317169;5496;367;6430;6471;6.65;0.41;255.12;5.07;934;15;2191.00;41
5498;15;624317180;5498;378;6431;6471;6.46;0.40;255.06;5.08;933;15;2192.00;40
5498;15;624317191;5498;379;6432;6471;6.39;0.39;255.06;5.08;934;15;2193.00;39
5499;15;624317200;5499;374;6435;6471;6.28;0.39;255.05;5.09;936;15;2194.00;36
5501;15;624317210;5501;370;6437;6471;6.19;0.38;255.09;5.10;936;15;2195.00;34
5504;15;624317221;5504;367;6447;6483;6.20;0.38;255.04;5.10;943;15;2196.00;36
5505;15;624317233;5505;361;6447;6483;6.19;0.38;255.02;5.10;942;15;2197.00;36
5507;15;624317245;5507;362;6450;6483;6.18;0.38;254.95;5.11;943;15;2198.00;33
5508;15;624317257;5508;360;6451;6483;6.16;0.38;254.91;5.11;943;15;2199.00;32
5509;15;624317271;5509;367;6453;6483;6.15;0.38;254.87;5.12;944;15;2200.00;30
5511;16;624317287;5511;369;6454;6483;6.17;0.38;254.83;5.12;943;16;2201.00;29
5515;16;624317320;5515;369;6458;6487;6.10;0.37;254.77;5.12;943;16;2202.00;29
5518;17;624317334;5518;374;6459;6487;6.06;0.37;254.72;5.13;941;17;2203.00;28
5520;17;624317356;5520;372;6463;6491;6.05;0.37;254.72;5.12;943;17;2204.00;28
5521;17;624317367;5521;369;6466;6493;5.99;0.37;254.68;5.13;945;17;2205.00;27
5525;17;624317383;5525;367;6468;6493;5.88;0.36;254.67;5.14;943;17;2206.00;25
5527;17;624317394;5527;362;6468;6493;5.81;0.36;254.60;5.14;941;17;2207.00;25
5531;17;624317404;5531;374;6480;6506;5.76;0.35;254.65;5.14;949;17;2208.00;26
5532;17;624317416;5532;377;6480;6506;5.78;0.35;254.61;5.14;948;17;2209.00;26
5537;18;624317426;5537;369;6483;6508;5.76;0.35;254.56;5.14;946;18;2210.00;25
5540;18;624317452;5540;371;6485;6509;5.76;0.35;254.59;5.14;945;18;2211.00;24
5540;19;624317462;5540;364;6485;6510;5.85;0.36;254.59;5.14;945;19;2212.00;25
5544;19;624317486;5544;364;6486;6510;5.89;0.36;254.65;5.15;942;19;2213.00;24
5544;19;624317497;5544;358;6489;6513;6.02;0.37;254.65;5.15;945;19;2214.00;24
5548;19;624317507;5548;348;6491;6513;6.08;0.37;254.64;5.15;943;19;2215.00;22
5551;19;624317518;5551;342;6492;6513;6.17;0.38;254.70;5.15;941;19;2216.00;21
5555;19;624317527;5555;335;6492;6513;6.24;0.38;254.77;5.15;937;19;2217.00;21
5558;19;624317538;5558;327;6497;6519;6.38;0.39;254.78;5.14;939;19;2218.00;22
5561;19;624317549;5561;325;6497;6519;6.48;0.40;254.93;5.14;936;19;2219.00;22
5564;19;624317561;5564;323;6497;6519;6.52;0.40;254.99;5.14;933;19;2220.00;22
5568;19;624317571;5568;318;6497;6519;6.55;0.40;254.97;5.14;929;19;2221.00;22
5573;19;624317581;5573;312;6501;6523;6.61;0.40;255.06;5.17;928;19;2222.00;22
5576;19;624317592;5576;303;6502;6524;6.69;0.41;255.11;5.17;926;19;2223.00;22
5577;19;624317603;5577;298;6502;6524;6.78;0.42;255.15;5.17;925;19;2224.00;22
5581;19;624317613;5581;299;6503;6525;6.85;0.42;255.20;5.17;922;19;2225.00;22
5587;19;624317624;5587;293;6503;6525;6.84;0.42;255.32;5.17;916;19;2226.00;22
5591;19;624317634;5591;297;6503;6525;6.90;0.42;255.39;5.17;912;19;2227.00;22
5594;19;624317645;5594;301;6503;6525;6.93;0.42;255.40;5.17;909;19;2228.00;22
5598;19;624317656;5598;296;6503;6525;6.94;0.43;255.40;5.17;905;19;2229.00;22
5602;19;624317666;5602;299;6503;6525;7.02;0.43;255.42;5.17;901;19;2230.00;22
5604;19;624317676;5604;302;6503;6525;7.06;0.43;255.41;5.17;899;19;2231.00;22
5607;19;624317687;5607;307;6542;6595;7.26;0.45;255.46;5.14;935;19;2232.00;53
5611;19;624317703;5611;299;6544;6596;7.26;0.45;255.63;5.14;933;19;2233.00;52
5615;19;624317714;5615;299;6551;6596;7.22;0.45;255.70;5.14;936;19;2234.00;45
5620;19;624317725;5620;297;6553;6596;7.24;0.44;255.73;5.14;933;19;2235.00;43
5624;19;624317743;5624;299;6556;6596;7.19;0.44;255.79;5.14;932;19;2236.00;40
5627;19;624317754;5627;299;6558;6596;7.18;0.44;255.88;5.14;931;19;2237.00;38
5631;19;624317765;5631;300;6561;6596;7.21;0.44;256.03;5.14;930;19;2238.00;35
5638;19;624317777;5638;295;6563;6596;7.19;0.44;256.09;5.14;925;19;2239.00;33
5643;19;624317788;5643;299;6565;6597;7.18;0.44;256.23;5.14;922;19;2240.00;32
5647;19;624317799;5647;299;6566;6598;7.15;0.44;256.22;5.14;919;19;2241.00;32
5651;19;624317810;5651;295;6569;6598;7.19;0.44;256.30;5.14;918;19;2242.00;29
5654;19;624317821;5654;300;6573;6602;7.29;0.44;256.31;5.14;919;19;2243.00;29
5658;19;624317833;5658;298;6574;6602;7.33;0.45;256.38;5.14;916;19;2244.00;28
5661;19;624317845;5661;298;6574;6602;7.35;0.45;256.41;5.14;913;19;2245.00;28
5662;19;624317856;5662;293;6574;6602;7.40;0.45;256.46;5.14;912;19;2246.00;28
5665;19;624317867;5665;295;6579;6608;7.49;0.46;256.51;5.13;914;19;2247.00;29
5669;19;624317879;5669;295;6579;6608;7.53;0.46;256.59;5.13;910;19;2248.00;29
5674;19;624317889;5674;297;6579;6608;7.59;0.46;256.71;5.13;905;19;2249.00;29
5678;19;624317902;5678;290;6583;6614;7.66;0.47;256.78;5.13;905;19;2250.00;31
5681;19;624317913;5681;297;6583;6614;7.68;0.47;256.76;5.13;902;19;2251.00;31
5688;19;624317924;5688;301;6585;6614;7.64;0.46;256.89;5.13;897;19;2252.00;29
5689;19;624317936;5689;298;6585;6615;7.65;0.47;256.94;5.13;896;19;2253.00;30
5697;19;624317947;5697;294;6586;6616;7.54;0.46;256.99;5.13;889;19;2254.00;30
5697;19;624317959;5697;301;6586;6616;7.52;0.46;256.99;5.13;889;19;2255.00;30
5703;19;624317970;5703;301;6596;6629;7.55;0.46;257.05;5.12;893;19;2256.00;33
5707;19;624317983;5707;286;6597;6629;7.59;0.46;257.12;5.12;890;19;2257.00;32
5712;19;624317993;5712;280;6597;6629;7.59;0.46;257.18;5.12;885;19;2258.00;32
5716;19;624318005;5716;275;6598;6630;7.57;0.46;257.28;5.12;882;19;2259.00;32
5721;19;624318016;5721;273;6598;6630;7.53;0.46;257.49;5.12;877;19;2260.00;32
5724;19;624318027;5724;274;6602;6634;7.61;0.46;257.49;5.12;878;19;2261.00;32
5729;19;624318039;5729;273;6602;6634;7.56;0.46;257.62;5.12;873;19;2262.00;32
5732;19;624318050;5732;273;6605;6638;7.62;0.46;257.70;5.12;873;19;2263.00;33
5737;19;624318062;5737;267;6606;6638;7.60;0.46;257.68;5.15;869;19;2264.00;32
5740;19;624318073;5740;262;6606;6638;7.62;0.46;257.80;5.15;866;19;2265.00;32
5743;19;624318084;5743;251;6606;6638;7.65;0.47;257.88;5.15;863;19;2266.00;32
5747;19;624318095;5747;241;6606;6638;7.67;0.47;257.91;5.15;859;19;2267.00;32
5748;19;624318106;5748;238;6616;6650;7.78;0.48;257.95;5.15;868;19;2268.00;34
5749;19;624318118;5749;229;6616;6650;7.90;0.48;257.97;5.15;867;19;2269.00;34
5752;19;624318135;5752;232;6617;6650;7.98;0.49;257.95;5.14;865;19;2270.00;33
5755;19;624318147;5755;225;6617;6650;8.09;0.49;257.87;5.14;862;19;2271.00;33
5758;19;624318159;5758;214;6617;6650;8.18;0.50;257.97;5.14;859;19;2272.00;33
5761;19;624318171;5761;209;6617;6650;8.31;0.51;258.01;5.14;856;19;2273.00;33
5764;19;624318182;5764;207;6617;6651;8.43;0.51;258.05;5.14;853;19;2274.00;34
5765;19;624318194;5765;200;6617;6651;8.49;0.52;258.10;5.14;852;19;2275.00;34
5768;19;624318205;5768;196;6622;6657;8.61;0.52;258.12;5.14;854;19;2276.00;35
5771;19;624318217;5771;202;6623;6658;8.72;0.53;258.13;5.14;852;19;2277.00;35
5772;19;624318229;5772;197;6623;6658;8.74;0.53;258.16;5.14;851;19;2278.00;35
5775;19;624318240;5775;194;6623;6658;8.70;0.53;258.19;5.14;848;19;2279.00;35
5778;19;624318259;5778;186;6628;6663;8.66;0.53;258.19;5.17;850;19;2280.00;35
5782;19;624318271;5782;178;6628;6663;8.69;0.53;258.26;5.17;846;19;2281.00;35
5786;19;624318282;5786;171;6628;6663;8.72;0.53;258.37;5.17;842;19;2282.00;35
5789;19;624318293;5789;174;6629;6664;8.80;0.53;258.39;5.17;840;19;2283.00;35
5791;19;624318305;5791;173;6632;6668;8.88;0.54;258.38;5.16;841;19;2284.00;36
5793;19;624318316;5793;177;6632;6668;8.97;0.54;258.37;5.16;839;19;2285.00;36
5798;19;624318327;5798;174;6634;6671;9.02;0.55;258.43;5.16;836;19;2286.00;37
5799;19;624318338;5799;170;6634;6671;9.08;0.55;258.47;5.16;835;19;2287.00;37
5805;19;624318349;5805;173;6636;6671;9.08;0.55;258.46;5.18;831;19;2288.00;35
5810;19;624318360;5810;170;6636;6671;9.12;0.55;258.51;5.18;826;19;2289.00;35
5812;19;624318371;5812;176;6640;6675;9.22;0.56;258.53;5.18;828;19;2290.00;35
5813;19;624318381;5813;179;6640;6675;9.29;0.56;258.57;5.18;827;19;2291.00;35
5816;19;624318393;5816;182;6640;6675;9.36;0.57;258.60;5.18;824;19;2292.00;35
5820;19;624318404;5820;176;6640;6675;9.40;0.57;258.59;5.18;820;19;2293.00;35
5821;19;624318420;5821;178;6640;6676;9.52;0.58;258.68;5.18;819;19;2294.00;36
5826;19;624318431;5826;183;6642;6678;9.53;0.58;258.61;5.18;816;19;2295.00;36
5829;19;624318444;5829;179;6642;6678;9.60;0.58;258.61;5.18;813;19;2296.00;36
5831;19;624318460;5831;177;6643;6679;9.71;0.59;258.59;5.18;812;19;2297.00;36
5834;19;624318480;5834;175;6643;6679;9.76;0.59;258.69;5.18;809;19;2298.00;36
5837;19;624318497;5837;181;6643;6679;9.75;0.59;258.65;5.18;806;19;2299.00;36
5842;19;624318514;5842;182;6643;6679;9.72;0.59;258.80;5.18;801;19;2300.00;36
5843;19;624318537;5843;180;6643;6679;9.72;0.59;258.82;5.18;800;19;2301.00;36
5847;19;624318557;5847;183;6643;6679;9.68;0.59;258.89;5.18;796;19;2302.00;36
5852;19;624318571;5852;186;6643;6679;9.62;0.58;259.06;5.18;791;19;2303.00;36
5853;19;624318582;5853;215;6716;6806;9.37;0.58;259.06;5.12;863;19;2304.00;90
5857;19;624318604;5857;203;6717;6807;9.29;0.57;259.06;5.12;860;19;2305.00;90
5861;19;624318616;5861;195;6724;6807;9.30;0.57;259.09;5.14;863;19;2306.00;83
5864;19;624318629;5864;191;6727;6807;9.33;0.57;259.11;5.14;863;19;2307.00;80
5868;19;624318641;5868;191;6732;6807;9.33;0.57;259.18;5.14;864;19;2308.00;75
5871;19;624318653;5871;191;6735;6807;9.39;0.58;259.29;5.13;864;19;2309.00;72
5874;19;624318667;5874;188;6738;6807;9.37;0.58;259.22;5.14;864;19;2310.00;69
5877;19;624318678;5877;182;6739;6807;9.39;0.58;259.24;5.14;862;19;2311.00;68
5878;19;624318689;5878;186;6742;6808;9.42;0.58;259.22;5.14;864;19;2312.00;66
5880;19;624318700;5880;185;6744;6809;9.38;0.58;259.37;5.14;864;19;2313.00;65
5883;19;624318711;5883;185;6747;6809;9.31;0.57;259.34;5.15;864;19;2314.00;62
5885;19;624318724;5885;191;6751;6810;9.32;0.57;259.30;5.17;866;19;2315.00;59
5887;19;624318735;5887;193;6753;6810;9.30;0.57;259.28;5.17;866;19;2316.00;57
5890;19;624318746;5890;197;6756;6810;9.28;0.57;259.22;5.19;866;19;2317.00;54
5895;19;624318757;5895;195;6760;6810;9.19;0.56;259.12;5.20;865;19;2318.00;50
5899;19;624318776;5899;199;6765;6814;9.12;0.56;259.09;5.20;866;19;2319.00;49
5902;19;624318787;5902;210;6767;6814;9.06;0.55;259.04;5.22;865;19;2320.00;47
5907;19;624318798;5907;213;6768;6814;8.92;0.54;259.10;5.22;861;19;2321.00;46
5910;19;624318810;5910;217;6770;6817;8.88;0.54;259.04;5.22;860;19;2322.00;47
5914;19;624318823;5914;223;6771;6817;8.90;0.54;259.04;5.22;857;19;2323.00;46
5918;19;624318836;5918;225;6772;6817;8.86;0.54;258.98;5.22;854;19;2324.00;45
5920;19;624318848;5920;226;6776;6821;8.80;0.54;258.92;5.22;856;19;2325.00;45
5922;19;624318860;5922;229;6777;6822;8.73;0.53;258.86;5.22;855;19;2326.00;45
5925;19;624318872;5925;234;6778;6822;8.62;0.52;258.80;5.22;853;19;2327.00;44
5929;19;624318884;5929;237;6781;6826;8.53;0.52;258.70;5.22;852;19;2328.00;45
5931;19;624318895;5931;239;6782;6826;8.43;0.51;258.71;5.22;851;19;2329.00;44
5931;19;624318907;5931;240;6782;6826;8.36;0.51;258.71;5.22;851;19;2330.00;44
5933;19;624318917;5933;245;6783;6827;8.30;0.50;258.71;5.22;850;19;2331.00;44
5934;19;624318928;5934;246;6783;6827;8.22;0.50;258.68;5.22;849;19;2332.00;44
5938;19;624318940;5938;252;6788;6833;8.14;0.49;258.58;5.22;850;19;2333.00;45
5939;19;624318952;5939;255;6788;6833;8.07;0.49;258.67;5.22;849;19;2334.00;45
5940;19;624318962;5940;263;6788;6834;7.93;0.48;258.63;5.22;848;19;2335.00;46
5945;19;624318974;5945;271;6789;6834;7.78;0.47;258.58;5.23;844;19;2336.00;45
5945;19;624318986;5945;277;6789;6834;7.63;0.46;258.58;5.23;844;19;2337.00;45
5946;19;624318997;5946;284;6789;6834;7.51;0.46;258.59;5.23;843;19;2338.00;45
5948;19;624319007;5948;294;6790;6834;7.40;0.45;258.54;5.24;842;19;2339.00;44
5949;19;624319020;5949;302;6815;6870;7.42;0.45;258.52;5.23;866;19;2340.00;55
5949;19;624319034;5949;308;6817;6870;7.38;0.45;258.52;5.24;868;19;2341.00;53
5950;19;624319043;5950;317;6821;6870;7.36;0.45;258.51;5.25;871;19;2342.00;49
5951;19;624319054;5951;323;6821;6870;7.31;0.45;258.49;5.25;870;19;2343.00;49
5952;19;624319065;5952;332;6823;6870;7.26;0.45;258.48;5.26;871;19;2344.00;47
5955;19;624319076;5955;341;6824;6870;7.17;0.44;258.48;5.27;869;19;2345.00;46
5959;19;624319087;5959;346;6829;6874;7.07;0.43;258.42;5.28;870;19;2346.00;45
5959;19;624319098;5959;326;6830;6874;6.96;0.43;258.42;5.29;871;19;2347.00;44
5960;19;624319114;5960;326;6835;6878;6.97;0.43;258.46;5.30;875;19;2348.00;43
5962;19;624319125;5962;320;6837;6879;6.93;0.42;258.44;5.32;875;19;2349.00;42
5962;19;624319135;5962;319;6838;6879;6.87;0.42;258.44;5.32;876;19;2350.00;41
5963;19;624319146;5963;321;6838;6879;6.83;0.42;258.40;5.32;875;19;2351.00;41
5967;19;624319157;5967;327;6851;6892;6.82;0.42;258.39;5.33;884;19;2352.00;41
5967;19;624319169;5967;327;6852;6892;6.82;0.42;258.39;5.34;885;19;2353.00;40
5967;19;624319185;5967;330;6853;6892;6.80;0.42;258.39;5.35;886;19;2354.00;39
5967;19;624319196;5967;339;6855;6893;6.82;0.42;258.39;5.36;888;19;2355.00;38
5969;19;624319211;5969;338;6855;6894;6.75;0.41;258.38;5.36;886;19;2356.00;39
5969;19;624319224;5969;342;6857;6894;6.72;0.41;258.38;5.39;888;19;2357.00;37
5970;19;624319234;5970;349;6859;6897;6.69;0.41;258.34;5.39;889;19;2358.00;38
5973;19;624319244;5973;343;6861;6897;6.59;0.40;258.32;5.41;888;19;2359.00;36
5974;19;624319255;5974;337;6862;6897;6.54;0.40;258.30;5.41;888;19;2360.00;35
5974;19;624319265;5974;334;6864;6897;6.46;0.39;258.30;5.42;890;19;2361.00;33
5974;19;624319275;5974;332;6869;6903;6.46;0.39;258.30;5.42;895;19;2362.00;34
5976;19;624319285;5976;332;6869;6903;6.40;0.39;258.36;5.42;893;19;2363.00;34
5976;19;624319295;5976;327;6871;6903;6.33;0.38;258.36;5.44;895;19;2364.00;32
5979;19;624319313;5979;323;6871;6903;6.31;0.38;258.30;5.44;892;19;2365.00;32
5979;19;624319323;5979;330;6876;6907;6.30;0.38;258.30;5.45;897;19;2366.00;31
5982;19;624319333;5982;327;6877;6908;6.32;0.38;258.23;5.45;895;19;2367.00;31
5982;19;624319344;5982;330;6877;6908;6.40;0.39;258.23;5.45;895;19;2368.00;31
5984;19;624319354;5984;337;6880;6909;6.42;0.39;258.23;5.47;896;19;2369.00;29
5985;19;624319366;5985;340;6880;6909;6.45;0.39;258.28;5.47;895;19;2370.00;29
5987;19;624319377;5987;343;6880;6909;6.45;0.39;258.31;5.47;893;19;2371.00;29
5988;19;624319387;5988;342;6882;6909;6.46;0.39;258.30;5.48;894;19;2372.00;27
5989;19;624319396;5989;346;6883;6909;6.45;0.39;258.26;5.48;894;19;2373.00;26
5992;19;624319405;5992;345;6884;6909;6.43;0.39;258.22;5.49;892;19;2374.00;25
5996;19;624319414;5996;343;6885;6909;6.38;0.39;258.29;5.49;889;19;2375.00;24
5999;19;624319424;5999;360;6929;6979;6.37;0.39;258.37;5.46;930;19;2376.00;50
6002;19;624319442;6002;349;6932;6980;6.28;0.39;258.39;5.46;930;19;2377.00;48
6004;19;624319454;6004;353;6939;6980;6.20;0.38;258.40;5.46;935;19;2378.00;41
6006;19;624319463;6006;359;6942;6980;6.11;0.38;258.41;5.46;936;19;2379.00;38
6010;19;624319473;6010;344;6944;6980;6.04;0.37;258.45;5.46;934;19;2380.00;36
6014;19;624319483;6014;351;6948;6980;5.99;0.37;258.53;5.47;934;19;2381.00;32
6017;19;624319494;6017;345;6950;6980;5.98;0.37;258.55;5.47;933;19;2382.00;30
6019;19;624319503;6019;340;6952;6980;5.95;0.37;258.61;5.47;933;19;2383.00;28
6019;19;624319512;6019;343;6954;6981;5.97;0.37;258.61;5.47;935;19;2384.00;27
6026;19;624319522;6026;348;6957;6983;5.96;0.37;258.69;5.47;931;19;2385.00;26
6029;19;624319533;6029;350;6958;6983;5.97;0.37;258.71;5.47;929;19;2386.00;25
6032;19;624319543;6032;351;6964;6987;6.01;0.37;258.71;5.47;932;19;2387.00;23
6034;19;624319555;6034;358;6965;6987;6.15;0.38;258.72;5.47;931;19;2388.00;22
6039;19;624319567;6039;352;6966;6987;6.28;0.38;258.75;5.47;927;19;2389.00;21
6045;19;624319578;6045;354;6966;6987;6.37;0.39;258.82;5.47;921;19;2390.00;21
6049;19;624319588;6049;347;6971;6993;6.44;0.39;258.87;5.47;922;19;2391.00;22
6054;19;624319601;6054;346;6972;6993;6.44;0.39;259.02;5.50;918;19;2392.00;21
6057;19;624319612;6057;343;6972;6993;6.49;0.40;259.01;5.50;915;19;2393.00;21
6060;19;624319622;6060;343;6974;6996;6.54;0.40;259.04;5.50;914;19;2394.00;22
6065;19;624319633;6065;336;6974;6996;6.55;0.40;259.09;5.50;909;19;2395.00;22
6067;19;624319643;6067;333;6975;6996;6.62;0.40;259.11;5.50;908;19;2396.00;21
6069;19;624319654;6069;321;6975;6997;6.63;0.40;259.12;5.50;906;19;2397.00;22
6074;19;624319664;6074;323;6976;6998;6.66;0.40;259.09;5.50;902;19;2398.00;22
6075;19;624319674;6075;319;6976;6998;6.71;0.41;259.12;5.50;901;19;2399.00;22
6078;19;624319688;6078;326;7002;7057;6.82;0.41;259.21;5.48;924;19;2400.00;55
6082;19;624319708;6082;317;7002;7057;6.92;0.42;259.33;5.48;920;19;2401.00;55
6085;19;624319719;6085;309;7004;7057;7.00;0.43;259.39;5.47;919;19;2402.00;53
6088;19;624319730;6088;310;7005;7058;7.05;0.43;259.36;5.47;917;19;2403.00;53
6091;19;624319740;6091;319;7007;7058;7.11;0.43;259.42;5.47;916;19;2404.00;51
6095;19;624319752;6095;313;7011;7062;7.13;0.43;259.46;5.47;916;19;2405.00;51
6096;19;624319763;6096;313;7013;7062;7.15;0.44;259.47;5.47;917;19;2406.00;49
6104;19;624319773;6104;309;7016;7066;7.19;0.44;259.69;5.47;912;19;2407.00;50
6106;19;624319784;6106;312;7018;7066;7.21;0.44;259.71;5.50;912;19;2408.00;48
6111;19;624319795;6111;312;7018;7066;7.22;0.44;259.82;5.50;907;19;2409.00;48
6116;19;624319806;6116;316;7019;7066;7.25;0.44;259.96;5.50;903;19;2410.00;47
6119;19;624319816;6119;308;7021;7066;7.25;0.44;260.02;5.51;902;19;2411.00;45
6123;19;624319827;6123;307;7028;7078;7.36;0.45;260.16;5.50;905;19;2412.00;50
6126;19;624319839;6126;314;7030;7078;7.35;0.45;260.21;5.50;904;19;2413.00;48
6133;19;624319851;6133;307;7031;7078;7.33;0.45;260.31;5.50;898;19;2414.00;47
6137;19;624319862;6137;311;7032;7078;7.32;0.45;260.37;5.54;895;19;2415.00;46
6140;19;624319872;6140;312;7033;7078;7.35;0.45;260.38;5.54;893;19;2416.00;45
6146;19;624319883;6146;312;7035;7078;7.32;0.45;260.35;5.54;889;19;2417.00;43
6150;19;624319894;6150;308;7035;7079;7.31;0.45;260.35;5.54;885;19;2418.00;44
6155;19;624319905;6155;310;7037;7079;7.31;0.45;260.41;5.54;882;19;2419.00;42
6158;19;624319916;6158;310;7041;7085;7.36;0.45;260.46;5.54;883;19;2420.00;44
6164;19;624319927;6164;308;7042;7086;7.35;0.45;260.54;5.54;878;19;2421.00;44
6166;19;624319938;6166;306;7044;7086;7.34;0.45;260.60;5.58;878;19;2422.00;42
6170;19;624319948;6170;306;7045;7086;7.28;0.44;260.64;5.58;875;19;2423.00;41
6174;19;624319962;6174;308;7047;7090;7.28;0.44;260.63;5.58;873;19;2424.00;43
6178;19;624319984;6178;310;7047;7090;7.21;0.44;260.63;5.58;869;19;2425.00;43
6181;19;624319999;6181;311;7049;7090;7.16;0.44;260.72;5.58;868;19;2426.00;41
6182;19;624320010;6182;299;7050;7091;7.14;0.43;260.70;5.58;868;19;2427.00;41
6186;19;624320023;6186;288;7054;7095;7.12;0.43;260.71;5.58;868;19;2428.00;41
6189;19;624320036;6189;286;7054;7095;7.19;0.44;260.78;5.58;865;19;2429.00;41
6194;19;624320049;6194;283;7059;7101;7.27;0.44;260.80;5.58;865;19;2430.00;42
6197;19;624320060;6197;283;7059;7101;7.28;0.44;261.02;5.58;862;19;2431.00;42
6198;19;624320072;6198;282;7060;7101;7.31;0.44;261.06;5.58;862;19;2432.00;41
6201;20;624320082;6201;282;7060;7101;7.32;0.44;261.10;5.58;859;20;2433.00;41
6205;20;624320100;6205;278;7065;7105;7.35;0.45;261.23;5.58;860;20;2434.00;40
6209;20;624320111;6209;284;7065;7105;7.31;0.44;261.33;5.58;856;20;2435.00;40
6212;20;624320125;6212;270;7065;7105;7.27;0.44;261.32;5.58;853;20;2436.00;40
6216;20;624320136;6216;270;7065;7105;7.26;0.44;261.36;5.58;849;20;2437.00;40
6216;20;624320147;6216;262;7066;7106;7.26;0.44;261.36;5.62;850;20;2438.00;40
6219;20;624320157;6219;259;7067;7107;7.26;0.44;261.39;5.62;848;20;2439.00;40
6221;21;624320168;6221;254;7068;7107;7.33;0.45;261.39;5.62;847;21;2440.00;39
6222;21;624320196;6222;248;7069;7108;7.42;0.45;261.37;5.62;847;21;2441.00;39
6224;21;624320213;6224;248;7069;7108;7.47;0.45;261.40;5.62;845;21;2442.00;39
6228;21;624320224;6228;248;7069;7108;7.49;0.45;261.48;5.62;841;21;2443.00;39
6230;21;624320234;6230;249;7069;7108;7.53;0.46;261.56;5.62;839;21;2444.00;39
6233;21;624320245;6233;250;7070;7108;7.61;0.46;261.60;5.63;837;21;2445.00;38
6236;21;624320256;6236;245;7070;7108;7.67;0.47;261.64;5.63;834;21;2446.00;38
6239;21;624320267;6239;252;7070;7108;7.75;0.47;261.68;5.63;831;21;2447.00;38
6240;21;624320277;6240;267;7135;7235;7.80;0.48;261.76;5.58;895;21;2448.00;100
6245;21;624320297;6245;264;7139;7236;7.78;0.48;261.79;5.62;894;21;2449.00;97
6246;21;624320308;6246;256;7144;7236;7.87;0.49;261.77;5.61;898;21;2450.00;92
6249;21;624320320;6249;259;7146;7236;7.85;0.49;261.87;5.62;897;21;2451.00;90
6253;21;624320330;6253;258;7152;7236;7.89;0.49;261.95;5.62;899;21;2452.00;84
6256;21;624320341;6256;254;7155;7236;7.95;0.49;262.06;5.62;899;21;2453.00;81
6257;21;624320352;6257;247;7158;7236;7.99;0.49;262.03;5.62;901;21;2454.00;78
6258;21;624320363;6258;251;7162;7236;8.02;0.49;262.05;5.62;904;21;2455.00;74
6261;21;624320374;6261;255;7164;7237;8.03;0.49;262.10;5.62;903;21;2456.00;73
6262;21;624320391;6262;255;7168;7238;8.06;0.50;262.13;5.63;906;21;2457.00;70
6265;21;624320402;6265;251;7170;7238;8.05;0.49;262.14;5.63;905;21;2458.00;68
6268;21;624320414;6268;246;7171;7239;8.13;0.50;262.26;5.63;903;21;2459.00;68
6269;21;624320427;6269;254;7174;7239;8.17;0.50;262.25;5.63;905;21;2460.00;65
6271;21;624320439;6271;255;7177;7239;8.17;0.50;262.23;5.64;906;21;2461.00;62
6274;21;624320454;6274;255;7179;7239;8.10;0.50;262.27;5.64;905;21;2462.00;60
6276;21;624320474;6276;262;7183;7243;8.08;0.49;262.23;5.65;907;21;2463.00;60
6278;21;624320492;6278;264;7184;7243;8.11;0.50;262.19;5.65;906;21;2464.00;59
6279;21;624320508;6279;264;7186;7243;8.13;0.50;262.19;5.65;907;21;2465.00;57
6280;21;624320526;6280;269;7188;7246;8.19;0.50;262.20;5.65;908;21;2466.00;58
6282;21;624320544;6282;275;7189;7246;8.22;0.50;262.21;5.65;907;21;2467.00;57
6285;21;624320561;6285;284;7191;7246;8.21;0.50;262.16;5.70;906;21;2468.00;55
6287;21;624320574;6287;279;7197;7250;8.19;0.50;262.12;5.71;910;21;2469.00;53
6289;21;624320586;6289;279;7199;7251;8.18;0.50;262.06;5.71;910;21;2470.00;52
6291;21;624320598;6291;281;7201;7251;8.17;0.50;262.07;5.72;910;21;2471.00;50
6292;21;624320610;6292;282;7205;7255;8.22;0.50;262.07;5.72;913;21;2472.00;50
6292;21;624320623;6292;282;7206;7255;8.24;0.50;262.07;5.72;914;21;2473.00;49
6295;21;624320634;6295;293;7206;7255;8.19;0.50;262.03;5.72;911;21;2474.00;49
6297;22;624320646;6297;294;7209;7257;8.21;0.50;262.00;5.72;912;22;2475.00;48
6303;22;624320670;6303;298;7209;7257;8.18;0.50;261.89;5.72;906;22;2476.00;48
6306;22;624320681;6306;298;7214;7263;8.11;0.49;261.82;5.71;908;22;2477.00;49
6306;22;624320694;6306;296;7214;7263;8.07;0.49;261.82;5.71;908;22;2478.00;49
6307;22;624320704;6307;291;7214;7264;8.02;0.49;261.79;5.71;907;22;2479.00;50
6310;22;624320715;6310;286;7214;7264;8.01;0.49;261.75;5.71;904;22;2480.00;50
6311;22;624320726;6311;286;7214;7264;7.97;0.49;261.74;5.71;903;22;2481.00;50
6313;22;624320738;6313;270;7214;7264;7.96;0.49;261.70;5.71;901;22;2482.00;50
6320;22;624320749;6320;262;7214;7264;7.93;0.48;261.85;5.71;894;22;2483.00;50
6322;22;624320759;6322;260;7225;7276;7.95;0.48;261.82;5.75;903;22;2484.00;51
6325;22;624320771;6325;258;7228;7276;7.95;0.48;261.73;5.78;903;22;2485.00;48
6330;22;624320782;6330;254;7228;7276;7.98;0.49;261.67;5.78;898;22;2486.00;48
6330;22;624320793;6330;256;7228;7276;7.99;0.49;261.67;5.78;898;22;2487.00;48
6334;22;624320804;6334;258;7228;7276;8.03;0.49;261.65;5.78;894;22;2488.00;48
6335;22;624320815;6335;255;7228;7276;8.02;0.49;261.61;5.78;893;22;2489.00;48
6339;22;624320827;6339;261;7231;7280;8.02;0.49;261.56;5.78;892;22;2490.00;49
6340;22;624320838;6340;259;7231;7280;8.05;0.49;261.56;5.78;891;22;2491.00;49
6344;22;624320849;6344;260;7235;7284;8.10;0.49;261.52;5.77;891;22;2492.00;49
6346;22;624320860;6346;264;7236;7285;8.05;0.49;261.54;5.82;890;22;2493.00;49
6346;22;624320872;6346;265;7237;7285;8.04;0.49;261.54;5.82;891;22;2494.00;48
6346;23;624320883;6346;275;7237;7285;8.05;0.49;261.54;5.82;891;23;2495.00;48
6348;23;624320911;6348;280;7247;7298;8.03;0.49;261.53;5.82;899;23;2496.00;51
6350;23;624320923;6350;274;7247;7298;8.01;0.49;261.51;5.82;897;23;2497.00;51
6353;23;624320935;6353;278;7247;7298;8.00;0.49;261.45;5.82;894;23;2498.00;51
6355;23;624320946;6355;269;7248;7299;8.01;0.49;261.41;5.82;893;23;2499.00;51
6358;23;624320957;6358;263;7248;7300;8.01;0.49;261.37;5.82;890;23;2500.00;52
6361;23;624320972;6361;257;7248;7300;8.08;0.49;261.35;5.82;887;23;2501.00;52
6364;23;624320983;6364;259;7252;7303;8.13;0.49;261.29;5.84;888;23;2502.00;51
6368;23;624320994;6368;256;7253;7303;8.13;0.49;261.28;5.84;885;23;2503.00;50
6370;23;624321005;6370;259;7255;7303;8.15;0.49;261.27;5.85;885;23;2504.00;48
6371;23;624321017;6371;258;7256;7303;8.14;0.49;261.29;5.90;885;23;2505.00;47
6371;23;624321027;6371;254;7261;7309;8.17;0.50;261.29;5.90;890;23;2506.00;48
6373;23;624321039;6373;254;7263;7309;8.15;0.49;261.40;5.91;890;23;2507.00;46
6376;23;624321050;6376;257;7263;7309;8.10;0.49;261.37;5.91;887;23;2508.00;46
6376;23;624321061;6376;258;7263;7309;8.13;0.49;261.37;5.91;887;23;2509.00;46
6376;23;624321077;6376;260;7267;7313;8.13;0.49;261.37;5.91;891;23;2510.00;46
6377;23;624321100;6377;261;7271;7314;8.18;0.50;261.35;5.94;894;23;2511.00;43
6378;23;624321112;6378;262;7271;7314;8.22;0.50;261.34;5.94;893;23;2512.00;43
6379;23;624321129;6379;270;7274;7315;8.20;0.50;261.37;5.97;895;23;2513.00;41
6381;23;624321139;6381;271;7274;7315;8.24;0.50;261.32;5.97;893;23;2514.00;41
6382;23;624321168;6382;268;7274;7315;8.27;0.50;261.33;5.97;892;23;2515.00;41
6382;23;624321183;6382;272;7274;7315;8.29;0.50;261.33;5.97;892;23;2516.00;41
6383;23;624321194;6383;268;7275;7315;8.23;0.50;261.31;5.98;892;23;2517.00;40
6384;23;624321204;6384;271;7278;7315;8.20;0.50;261.33;6.02;894;23;2518.00;37
6385;23;624321215;6385;267;7279;7315;8.13;0.49;261.35;6.04;894;23;2519.00;36
6387;23;624321227;6387;275;7336;7440;8.21;0.50;261.31;6.02;949;23;2520.00;104
6388;23;624321248;6388;281;7338;7441;8.09;0.50;261.29;6.02;950;23;2521.00;103
6392;23;624321259;6392;273;7350;7441;7.99;0.49;261.49;6.01;958;23;2522.00;91
6396;23;624321271;6396;283;7359;7441;7.83;0.48;261.59;6.03;963;23;2523.00;82
6398;23;624321285;6398;285;7365;7441;7.71;0.47;261.67;6.03;967;23;2524.00;76
6398;23;624321296;6398;289;7369;7441;7.61;0.47;261.67;6.04;971;23;2525.00;72
6401;23;624321307;6401;299;7375;7441;7.47;0.46;261.73;6.04;974;23;2526.00;66
6402;23;624321318;6402;302;7380;7441;7.40;0.45;261.72;6.05;978;23;2527.00;61
6404;23;624321329;6404;303;7386;7442;7.31;0.45;261.74;6.06;982;23;2528.00;56
6406;23;624321342;6406;307;7388;7443;7.20;0.44;261.78;6.06;982;23;2529.00;55
6408;23;624321354;6408;310;7392;7443;7.11;0.44;261.77;6.06;984;23;2530.00;51
6410;23;624321369;6410;317;7397;7447;7.01;0.43;261.80;6.07;987;23;2531.00;50
6414;23;624321382;6414;324;7399;7447;6.92;0.42;261.71;6.07;985;23;2532.00;48
6418;23;624321394;6418;329;7401;7447;6.90;0.42;261.72;6.09;983;23;2533.00;46
6419;23;624321406;6419;330;7403;7447;6.91;0.42;261.77;6.09;984;23;2534.00;44
6421;23;624321419;6421;328;7409;7453;6.91;0.42;261.82;6.10;988;23;2535.00;44
6425;23;624321434;6425;335;7410;7453;6.91;0.42;261.82;6.10;985;23;2536.00;43
6427;23;624321448;6427;339;7412;7455;6.85;0.42;261.80;6.10;985;23;2537.00;43
6428;23;624321464;6428;329;7416;7458;6.85;0.42;261.79;6.12;988;23;2538.00;42
6430;23;624321478;6430;339;7418;7458;6.82;0.42;261.81;6.12;988;23;2539.00;40
6430;23;624321491;6430;334;7418;7458;6.84;0.42;261.81;6.12;988;23;2540.00;40
6433;23;624321501;6433;340;7420;7459;6.79;0.41;261.83;6.12;987;23;2541.00;39
6435;23;624321512;6435;347;7422;7460;6.74;0.41;261.90;6.13;987;23;2542.00;38
6437;23;624321528;6437;343;7422;7460;6.71;0.41;261.91;6.13;985;23;2543.00;38
6438;23;624321539;6438;344;7432;7473;6.71;0.41;261.92;6.13;994;23;2544.00;41
6441;23;624321551;6441;340;7435;7473;6.66;0.41;261.93;6.15;994;23;2545.00;38
6445;23;624321562;6445;337;7436;7473;6.60;0.40;261.99;6.15;991;23;2546.00;37
6450;23;624321573;6450;342;7437;7474;6.53;0.40;262.00;6.15;987;23;2547.00;37
6452;23;624321584;6452;343;7439;7474;6.48;0.40;262.01;6.16;987;23;2548.00;35
6455;23;624321594;6455;348;7443;7478;6.48;0.40;261.98;6.16;988;23;2549.00;35
6460;23;624321607;6460;338;7446;7481;6.40;0.39;262.03;6.16;986;23;2550.00;35
6465;23;624321619;6465;340;7451;7485;6.37;0.39;262.12;6.16;986;23;2551.00;34
6469;23;624321629;6469;333;7451;7485;6.36;0.39;262.21;6.16;982;23;2552.00;34
6477;23;624321640;6477;331;7452;7485;6.31;0.39;262.37;6.16;975;23;2553.00;33
6480;23;624321652;6480;327;7452;7485;6.35;0.39;262.43;6.16;972;23;2554.00;33
6482;23;624321663;6482;327;7453;7485;6.38;0.39;262.48;6.17;971;23;2555.00;32
6487;23;624321680;6487;330;7464;7497;6.47;0.40;262.65;6.16;977;23;2556.00;33
6490;23;624321692;6490;326;7464;7497;6.50;0.40;262.71;6.16;974;23;2557.00;33
6493;23;624321702;6493;328;7464;7497;6.56;0.41;262.76;6.16;971;23;2558.00;33
6498;23;624321713;6498;322;7464;7497;6.58;0.41;262.88;6.16;966;23;2559.00;33
6501;23;624321724;6501;321;7464;7497;6.62;0.41;262.95;6.16;963;23;2560.00;33
6502;23;624321735;6502;316;7464;7497;6.72;0.42;262.97;6.16;962;23;2561.00;33
6505;23;624321746;6505;316;7464;7498;6.71;0.42;262.99;6.16;959;23;2562.00;34
6507;23;624321757;6507;315;7464;7498;6.72;0.42;263.01;6.16;957;23;2563.00;34
6512;23;624321768;6512;313;7469;7504;6.75;0.42;263.11;6.16;957;23;2564.00;35
6517;23;624321780;6517;315;7470;7506;6.79;0.42;263.23;6.16;953;23;2565.00;36
6521;24;624321791;6521;311;7471;7506;6.81;0.42;263.31;6.15;950;24;2566.00;35
6526;24;624321813;6526;309;7471;7506;6.85;0.42;263.38;6.15;945;24;2567.00;35
6529;24;624321824;6529;305;7474;7510;6.94;0.43;263.36;6.15;945;24;2568.00;36
6538;24;624321835;6538;298;7474;7510;6.97;0.43;263.30;6.15;936;24;2569.00;36
6542;24;624321847;6542;293;7474;7510;6.97;0.43;263.41;6.15;932;24;2570.00;36
6544;24;624321858;6544;288;7475;7511;7.02;0.43;263.37;6.15;931;24;2571.00;36
6548;24;624321869;6548;284;7478;7515;7.02;0.43;263.40;6.15;930;24;2572.00;37
6550;24;624321881;6550;288;7478;7515;7.06;0.43;263.49;6.15;928;24;2573.00;37
6554;24;624321892;6554;285;7480;7518;7.13;0.44;263.49;6.15;926;24;2574.00;38
6559;24;624321904;6559;281;7481;7518;7.16;0.44;263.58;6.15;922;24;2575.00;37
6561;24;624321915;6561;288;7481;7518;7.27;0.45;263.53;6.15;920;24;2576.00;37
6568;24;624321925;6568;287;7482;7518;7.24;0.44;263.53;6.20;914;24;2577.00;36
6575;24;624321937;6575;295;7486;7522;7.25;0.44;263.61;6.20;911;24;2578.00;36
6576;24;624321949;6576;292;7486;7522;7.27;0.45;263.61;6.20;910;24;2579.00;36
6580;24;624321961;6580;290;7486;7522;7.27;0.45;263.71;6.20;906;24;2580.00;36
6584;24;624321973;6584;293;7486;7522;7.29;0.45;263.77;6.20;902;24;2581.00;36
6592;24;624321984;6592;293;7486;7523;7.21;0.44;263.79;6.20;894;24;2582.00;37
6599;24;624321995;6599;293;7487;7524;7.13;0.44;263.80;6.20;888;24;2583.00;37
6605;24;624322006;6605;293;7487;7524;7.02;0.43;263.73;6.20;882;24;2584.00;37
6609;24;624322017;6609;301;7489;7525;6.96;0.42;263.71;6.25;880;24;2585.00;36
6611;24;624322027;6611;313;7489;7525;6.93;0.42;263.73;6.25;878;24;2586.00;36
6614;24;624322037;6614;317;7489;7525;6.88;0.42;263.76;6.25;875;24;2587.00;36
6618;24;624322048;6618;317;7489;7525;6.81;0.42;263.75;6.25;871;24;2588.00;36
6623;24;624322058;6623;318;7489;7525;6.75;0.41;263.81;6.25;866;24;2589.00;36
6627;24;624322068;6627;321;7489;7525;6.66;0.41;263.76;6.25;862;24;2590.00;36
6633;24;624322078;6633;324;7489;7525;6.53;0.40;263.73;6.25;856;24;2591.00;36
6634;24;624322088;6634;346;7558;7652;6.60;0.41;263.76;6.20;924;24;2592.00;94
6636;24;624322108;6636;335;7562;7653;6.58;0.41;263.84;6.19;926;24;2593.00;91
6637;24;624322119;6637;336;7567;7653;6.66;0.41;263.87;6.19;930;24;2594.00;86
6638;24;624322130;6638;345;7567;7653;6.67;0.42;263.87;6.19;929;24;2595.00;86
6639;24;624322140;6639;339;7572;7653;6.67;0.42;263.91;6.19;933;24;2596.00;81
6645;24;624322151;6645;332;7576;7653;6.67;0.41;263.90;6.25;931;24;2597.00;77
6648;24;624322162;6648;329;7578;7653;6.69;0.41;263.92;6.25;930;24;2598.00;75
6650;24;624322173;6650;327;7581;7653;6.73;0.42;264.00;6.25;931;24;2599.00;72
6655;24;624322185;6655;327;7583;7654;6.71;0.41;264.06;6.25;928;24;2600.00;71
6660;24;624322199;6660;333;7587;7655;6.70;0.41;264.13;6.25;927;24;2601.00;68
6663;24;624322211;6663;340;7589;7655;6.75;0.41;264.17;6.25;926;24;2602.00;66
6666;24;624322228;6666;350;7591;7656;6.73;0.41;264.19;6.25;925;24;2603.00;65
6670;24;624322239;6670;358;7593;7656;6.71;0.41;264.41;6.25;923;24;2604.00;63
6671;24;624322251;6671;367;7595;7656;6.73;0.41;264.38;6.25;924;24;2605.00;61
6674;24;624322262;6674;364;7597;7656;6.71;0.41;264.42;6.26;923;24;2606.00;59
6675;24;624322273;6675;360;7601;7660;6.71;0.41;264.42;6.26;926;24;2607.00;59
6678;24;624322291;6678;364;7603;7660;6.72;0.41;264.48;6.26;925;24;2608.00;57
6679;24;624322302;6679;372;7606;7660;6.67;0.41;264.52;6.26;927;24;2609.00;54
6680;24;624322316;6680;369;7609;7666;6.67;0.41;264.50;6.26;929;24;2610.00;57
6683;24;624322327;6683;365;7611;7666;6.67;0.41;264.53;6.26;928;24;2611.00;55
6687;24;624322339;6687;367;7612;7666;6.70;0.41;264.58;6.26;925;24;2612.00;54
6688;24;624322350;6688;364;7617;7670;6.74;0.41;264.62;6.26;929;24;2613.00;53
6691;24;624322362;6691;358;7619;7671;6.79;0.41;264.57;6.31;928;24;2614.00;52
6692;24;624322374;6692;358;7620;7671;6.86;0.42;264.62;6.31;928;24;2615.00;51
6694;24;624322386;6694;363;7624;7675;6.90;0.42;264.76;6.31;930;24;2616.00;51
6695;24;624322397;6695;362;7625;7675;6.94;0.42;264.78;6.31;930;24;2617.00;50
6698;24;624322408;6698;361;7626;7675;6.96;0.43;264.79;6.31;928;24;2618.00;49
6700;24;624322419;6700;362;7627;7676;6.99;0.43;264.81;6.32;927;24;2619.00;49
6700;24;624322430;6700;363;7628;7676;7.04;0.43;264.81;6.32;928;24;2620.00;48
6704;24;624322441;6704;362;7633;7682;7.12;0.43;264.85;6.31;929;24;2621.00;49
6706;24;624322459;6706;362;7635;7682;7.13;0.43;264.91;6.35;929;24;2622.00;47
6708;24;624322476;6708;353;7635;7683;7.10;0.43;264.94;6.35;927;24;2623.00;48
6709;24;624322492;6709;347;7635;7683;7.17;0.44;264.99;6.35;926;24;2624.00;48
6712;24;624322509;6712;346;7635;7683;7.19;0.44;264.94;6.35;923;24;2625.00;48
6714;24;624322528;6714;343;7635;7683;7.25;0.44;265.04;6.35;921;24;2626.00;48
6716;24;624322546;6716;337;7635;7683;7.29;0.44;265.09;6.35;919;24;2627.00;48
6718;24;624322563;6718;339;7644;7695;7.30;0.45;265.05;6.35;926;24;2628.00;51
6720;24;624322588;6720;338;7644;7695;7.31;0.45;265.13;6.35;924;24;2629.00;51
6721;24;624322601;6721;339;7647;7695;7.33;0.45;265.17;6.39;926;24;2630.00;48
6723;24;624322613;6723;338;7647;7695;7.37;0.45;265.23;6.39;924;24;2631.00;48
6729;24;624322624;6729;337;7647;7695;7.31;0.45;265.22;6.39;918;24;2632.00;48
6732;24;624322636;6732;336;7647;7695;7.36;0.45;265.20;6.39;915;24;2633.00;48
6734;24;624322647;6734;342;7650;7699;7.39;0.45;265.24;6.38;916;24;2634.00;49
6738;24;624322660;6738;339;7650;7699;7.42;0.45;265.19;6.38;912;24;2635.00;49
6740;24;624322672;6740;336;7654;7703;7.54;0.46;265.16;6.38;914;24;2636.00;49
6741;24;624322683;6741;341;7655;7704;7.60;0.46;265.13;6.38;914;24;2637.00;49
6742;24;624322696;6742;335;7655;7704;7.61;0.46;265.20;6.38;913;24;2638.00;49
6744;24;624322707;6744;331;7655;7704;7.63;0.47;265.21;6.38;911;24;2639.00;49
6747;24;624322720;6747;340;7678;7733;7.60;0.46;265.18;6.36;931;24;2640.00;55
6748;24;624322734;6748;333;7678;7733;7.67;0.47;265.16;6.36;930;24;2641.00;55
6752;24;624322746;6752;333;7680;7733;7.74;0.47;265.08;6.36;928;24;2642.00;53
6753;24;624322758;6753;333;7681;7734;7.82;0.48;265.09;6.36;928;24;2643.00;53
6755;24;624322769;6755;337;7681;7735;7.86;0.48;265.10;6.36;926;24;2644.00;54
6760;24;624322782;6760;341;7681;7735;7.80;0.48;265.04;6.36;921;24;2645.00;54
6762;24;624322794;6762;346;7683;7738;7.86;0.48;265.02;6.36;921;24;2646.00;55
6765;24;624322806;6765;349;7683;7738;7.89;0.48;265.08;6.36;918;24;2647.00;55
6768;24;624322817;6768;352;7684;7738;7.86;0.48;265.04;6.36;916;24;2648.00;54
6769;24;624322828;6769;353;7684;7738;7.78;0.47;265.04;6.36;915;24;2649.00;54
6771;24;624322838;6771;356;7689;7744;7.77;0.47;265.02;6.35;918;24;2650.00;55
6773;24;624322850;6773;342;7689;7744;7.70;0.47;265.01;6.35;916;24;2651.00;55
6778;24;624322861;6778;331;7689;7744;7.66;0.47;264.95;6.35;911;24;2652.00;55
6780;24;624322872;6780;323;7689;7744;7.66;0.47;264.93;6.35;909;24;2653.00;55
6785;24;624322883;6785;313;7693;7748;7.63;0.47;264.85;6.37;908;24;2654.00;55
6785;24;624322895;6785;311;7696;7750;7.65;0.47;264.85;6.38;911;24;2655.00;54
6787;24;624322907;6787;306;7696;7750;7.74;0.47;264.87;6.38;909;24;2656.00;54
6788;24;624322919;6788;305;7697;7751;7.76;0.47;264.85;6.38;909;24;2657.00;54
6791;24;624322931;6791;300;7697;7751;7.78;0.47;264.77;6.38;906;24;2658.00;54
6795;24;624322943;6795;295;7697;7751;7.79;0.47;264.70;6.38;902;24;2659.00;54
6799;24;624322953;6799;292;7697;7751;7.87;0.48;264.66;6.38;898;24;2660.00;54
6799;24;624322972;6799;286;7697;7751;7.92;0.48;264.66;6.38;898;24;2661.00;54
6801;24;624322983;6801;289;7697;7751;7.95;0.48;264.60;6.38;896;24;2662.00;54
6801;24;624322994;6801;284;7697;7751;7.99;0.49;264.60;6.38;896;24;2663.00;54
6807;24;624323005;6807;288;7729;7821;8.10;0.49;264.52;6.36;922;24;2664.00;92
6807;24;624323023;6807;288;7732;7822;8.08;0.49;264.52;6.35;925;24;2665.00;90
6810;24;624323036;6810;286;7739;7822;8.09;0.49;264.57;6.35;929;24;2666.00;83
6813;24;624323046;6813;294;7744;7822;8.07;0.49;264.50;6.35;931;24;2667.00;78
6816;24;624323057;6816;293;7746;7822;7.98;0.48;264.50;6.35;930;24;2668.00;76
6817;24;624323069;6817;289;7750;7822;7.94;0.48;264.51;6.35;933;24;2669.00;72
6819;24;624323089;6819;288;7753;7822;7.93;0.48;264.47;6.35;934;24;2670.00;69
6819;24;624323100;6819;288;7755;7822;7.93;0.48;264.47;6.35;936;24;2671.00;67
6821;24;624323111;6821;280;7756;7823;7.86;0.48;264.49;6.35;935;24;2672.00;67
6822;24;624323123;6822;275;7758;7824;7.88;0.48;264.52;6.35;936;24;2673.00;66
6823;24;624323134;6823;280;7760;7824;7.87;0.48;264.53;6.35;937;24;2674.00;64
6827;24;624323145;6827;281;7766;7828;7.79;0.47;264.51;6.35;939;24;2675.00;62
6828;24;624323158;6828;286;7769;7828;7.77;0.47;264.52;6.36;941;24;2676.00;59
6830;24;624323169;6830;287;7769;7828;7.71;0.47;264.51;6.36;939;24;2677.00;59
6832;24;624323180;6832;294;7769;7828;7.64;0.47;264.51;6.36;937;24;2678.00;59
6834;24;624323192;6834;303;7775;7834;7.63;0.47;264.55;6.37;941;24;2679.00;59
6835;24;624323204;6835;303;7776;7834;7.64;0.47;264.54;6.38;941;24;2680.00;58
6838;24;624323215;6838;305;7776;7834;7.61;0.46;264.54;6.38;938;24;2681.00;58
6838;24;624323228;6838;310;7779;7837;7.61;0.46;264.54;6.39;941;24;2682.00;58
6841;24;624323239;6841;309;7780;7837;7.57;0.46;264.54;6.39;939;24;2683.00;57
6842;24;624323251;6842;314;7781;7837;7.46;0.45;264.55;6.41;939;24;2684.00;56
6842;24;624323261;6842;311;7782;7838;7.40;0.45;264.55;6.42;940;24;2685.00;56
6843;24;624323273;6843;316;7784;7839;7.33;0.45;264.53;6.43;941;24;2686.00;55
6843;24;624323284;6843;320;7785;7839;7.25;0.44;264.53;6.45;942;24;2687.00;54
6848;24;624323297;6848;329;7796;7852;7.20;0.44;264.70;6.46;948;24;2688.00;56
6851;24;624323315;6851;330;7796;7852;7.15;0.44;264.76;6.46;945;24;2689.00;56
6853;24;624323333;6853;333;7797;7852;7.18;0.44;264.76;6.46;944;24;2690.00;55
6855;24;624323347;6855;341;7800;7853;7.13;0.44;264.80;6.48;945;24;2691.00;53
6858;24;624323359;6858;345;7800;7853;7.09;0.43;264.79;6.48;942;24;2692.00;53
6861;24;624323369;6861;342;7805;7857;7.07;0.43;264.87;6.49;944;24;2693.00;52
6862;24;624323381;6862;349;7808;7857;6.99;0.43;264.85;6.53;946;24;2694.00;49
6865;24;624323393;6865;350;7811;7861;6.87;0.42;264.91;6.53;946;24;2695.00;50
6868;24;624323404;6868;348;7813;7861;6.80;0.42;264.92;6.55;945;24;2696.00;48
6871;24;624323415;6871;353;7813;7861;6.77;0.41;265.02;6.55;942;24;2697.00;48
6872;24;624323426;6872;364;7815;7861;6.73;0.41;264.99;6.58;943;24;2698.00;46
6873;24;624323438;6873;361;7816;7861;6.68;0.41;265.05;6.59;943;24;2699.00;45
6877;24;624323453;6877;358;7843;7910;6.81;0.42;265.09;6.58;966;24;2700.00;67
6878;24;624323475;6878;364;7844;7910;6.75;0.42;265.15;6.58;966;24;2701.00;66
6881;24;624323485;6881;357;7849;7910;6.70;0.41;265.22;6.60;968;24;2702.00;61
6885;24;624323497;6885;357;7849;7910;6.61;0.41;265.31;6.60;964;24;2703.00;61
6886;24;624323508;6886;354;7851;7910;6.61;0.41;265.31;6.60;965;24;2704.00;59
6892;24;624323518;6892;348;7853;7910;6.51;0.40;265.42;6.62;961;24;2705.00;57
6894;24;624323536;6894;356;7854;7911;6.52;0.40;265.46;6.62;960;24;2706.00;57
6896;24;624323546;6896;353;7857;7911;6.51;0.40;265.53;6.63;961;24;2707.00;54
6897;24;624323557;6897;350;7862;7917;6.57;0.40;265.53;6.63;965;24;2708.00;55
6903;24;624323568;6903;344;7863;7918;6.55;0.40;265.58;6.63;960;24;2709.00;55
6907;24;624323579;6907;349;7865;7918;6.44;0.39;265.58;6.65;958;24;2710.00;53
6912;24;624323590;6912;353;7865;7918;6.40;0.39;265.58;6.65;953;24;2711.00;53
6916;24;624323601;6916;361;7869;7922;6.35;0.39;265.60;6.65;953;24;2712.00;53
6920;24;624323612;6920;367;7871;7922;6.30;0.38;265.65;6.66;951;24;2713.00;51
6923;24;624323622;6923;370;7872;7922;6.29;0.38;265.67;6.66;949;24;2714.00;50
6927;24;624323632;6927;377;7875;7923;6.23;0.38;265.69;6.67;948;24;2715.00;48
6932;24;624323643;6932;375;7879;7927;6.17;0.38;265.79;6.67;947;24;2716.00;48
6933;24;624323653;6933;376;7880;7927;6.16;0.38;265.85;6.68;947;24;2717.00;47
6939;24;624323663;6939;376;7883;7930;6.08;0.37;265.91;6.68;944;24;2718.00;47
6942;24;624323673;6942;380;7885;7930;6.08;0.37;266.04;6.68;943;24;2719.00;45
6946;24;624323683;6946;374;7887;7930;6.01;0.37;266.08;6.69;941;24;2720.00;43
6952;24;624323693;6952;376;7888;7930;5.89;0.36;266.10;6.69;936;24;2721.00;42
6952;24;624323704;6952;371;7892;7934;5.97;0.37;266.10;6.69;940;24;2722.00;42
6956;24;624323713;6956;371;7893;7934;5.96;0.36;266.17;6.69;937;24;2723.00;41
6960;24;624323724;6960;375;7895;7934;5.90;0.36;266.26;6.70;935;24;2724.00;39
6962;24;624323739;6962;375;7897;7934;5.95;0.37;266.29;6.70;935;24;2725.00;37
6968;24;624323749;6968;364;7897;7935;5.95;0.37;266.35;6.70;929;24;2726.00;38
6972;24;624323760;6972;357;7899;7936;6.01;0.37;266.35;6.70;927;24;2727.00;37
6972;24;624323770;6972;347;7899;7936;6.17;0.38;266.35;6.70;927;24;2728.00;37
6974;24;624323780;6974;348;7900;7937;6.31;0.39;266.44;6.70;926;24;2729.00;37
6976;24;624323792;6976;347;7901;7937;6.37;0.39;266.46;6.71;925;24;2730.00;36
6980;24;624323802;6980;344;7902;7937;6.43;0.39;266.54;6.71;922;24;2731.00;35
6984;24;624323813;6984;337;7904;7937;6.47;0.40;266.56;6.71;920;24;2732.00;33
6989;24;624323823;6989;338;7904;7937;6.47;0.40;266.61;6.71;915;24;2733.00;33
6989;24;624323834;6989;332;7904;7937;6.56;0.40;266.61;6.71;915;24;2734.00;33
6993;24;624323844;6993;326;7904;7937;6.63;0.41;266.67;6.71;911;24;2735.00;33
6998;24;624323854;6998;336;7974;8064;6.90;0.43;266.78;6.66;976;24;2736.00;90
7001;24;624323874;7001;333;7979;8065;6.94;0.43;266.77;6.65;978;24;2737.00;86
7005;24;624323886;7005;328;7984;8065;6.98;0.43;266.77;6.65;979;24;2738.00;81
7011;24;624323897;7011;330;7988;8065;6.95;0.43;266.80;6.65;977;24;2739.00;77
7016;24;624323908;7016;332;7991;8065;6.95;0.43;267.03;6.65;975;24;2740.00;74
7021;24;624323919;7021;329;7993;8065;6.89;0.43;267.00;6.65;972;24;2741.00;72
7026;24;624323930;7026;338;7994;8065;6.85;0.42;267.11;6.65;968;24;2742.00;71
7034;24;624323941;7034;339;7997;8065;6.81;0.42;267.19;6.65;963;24;2743.00;68
7036;24;624323953;7036;347;8002;8066;6.80;0.42;267.17;6.65;966;24;2744.00;64
7043;24;624323964;7043;357;8004;8068;6.71;0.41;267.18;6.65;961;24;2745.00;64
7046;24;624323976;7046;356;8006;8068;6.64;0.41;267.27;6.65;960;24;2746.00;62
7049;24;624323987;7049;361;8009;8069;6.61;0.41;267.33;6.65;960;24;2747.00;60
7054;24;624323998;7054;363;8011;8069;6.54;0.40;267.44;6.65;957;24;2748.00;58
7060;24;624324009;7060;367;8016;8069;6.44;0.39;267.54;6.66;956;24;2749.00;53
7063;24;624324020;7063;370;8018;8069;6.37;0.39;267.60;6.66;955;24;2750.00;51
7067;24;624324031;7067;376;8022;8073;6.34;0.39;267.67;6.66;955;24;2751.00;51
7072;24;624324043;7072;375;8025;8073;6.32;0.39;267.69;6.66;953;24;2752.00;48
7075;24;624324054;7075;380;8026;8073;6.28;0.39;267.74;6.66;951;24;2753.00;47
7081;24;624324065;7081;382;8029;8076;6.34;0.39;267.77;6.66;948;24;2754.00;47
7088;24;624324076;7088;386;8029;8076;6.27;0.38;267.82;6.66;941;24;2755.00;47
7089;24;624324087;7089;385;8029;8076;6.19;0.38;267.82;6.66;940;24;2756.00;47
7092;24;624324098;7092;398;8035;8080;6.16;0.38;267.82;6.66;943;24;2757.00;45
7094;24;624324108;7094;402;8037;8081;6.12;0.37;267.88;6.66;943;24;2758.00;44
7097;24;624324119;7097;404;8037;8081;6.08;0.37;267.94;6.66;940;24;2759.00;44
7099;24;624324132;7099;416;8041;8086;6.03;0.37;268.05;6.66;942;24;2760.00;45
7100;24;624324148;7100;423;8041;8086;5.96;0.36;268.10;6.66;941;24;2761.00;45
7103;24;624324158;7103;423;8041;8086;5.89;0.36;268.15;6.66;938;24;2762.00;45
7105;24;624324168;7105;426;8042;8087;5.89;0.36;268.14;6.66;937;24;2763.00;45
7108;24;624324180;7108;426;8042;8087;5.82;0.36;268.20;6.66;934;24;2764.00;45
7108;24;624324190;7108;428;8047;8093;5.80;0.36;268.20;6.65;939;24;2765.00;46
7108;24;624324201;7108;433;8047;8093;5.79;0.36;268.20;6.65;939;24;2766.00;46
7108;24;624324211;7108;430;8047;8094;5.82;0.36;268.20;6.65;939;24;2767.00;47
7112;24;624324222;7112;423;8047;8094;5.79;0.35;268.15;6.65;935;24;2768.00;47
7114;24;624324233;7114;422;8047;8094;5.83;0.36;268.10;6.65;933;24;2769.00;47
7117;24;624324243;7117;417;8047;8094;5.85;0.36;268.12;6.65;930;24;2770.00;47
7119;24;624324254;7119;424;8047;8094;5.82;0.36;268.07;6.65;928;24;2771.00;47
7122;24;624324266;7122;427;8057;8106;5.87;0.36;268.12;6.64;935;24;2772.00;49
7125;24;624324283;7125;430;8058;8106;5.86;0.36;268.13;6.64;933;24;2773.00;48
7126;24;624324294;7126;430;8058;8106;5.84;0.36;268.11;6.64;932;24;2774.00;48
7127;24;624324305;7127;434;8058;8106;5.81;0.35;268.08;6.64;931;24;2775.00;48
7129;24;624324322;7129;422;8058;8106;5.78;0.35;268.03;6.64;929;24;2776.00;48
7129;24;624324332;7129;410;8058;8106;5.80;0.35;268.03;6.64;929;24;2777.00;48
7131;24;624324343;7131;404;8061;8110;5.82;0.35;267.99;6.64;930;24;2778.00;49
7131;24;624324354;7131;395;8062;8110;5.87;0.36;267.99;6.69;931;24;2779.00;48
7132;24;624324366;7132;384;8066;8114;5.98;0.36;267.98;6.69;934;24;2780.00;48
7132;24;624324377;7132;380;8067;8115;6.07;0.37;267.98;6.69;935;24;2781.00;48
7133;24;624324389;7133;376;8067;8115;6.15;0.38;267.97;6.69;934;24;2782.00;48
7134;24;624324400;7134;376;8067;8115;6.22;0.38;267.99;6.69;933;24;2783.00;48
7136;24;624324411;7136;372;8078;8128;6.33;0.39;268.02;6.68;942;24;2784.00;50
7137;24;624324424;7137;370;8078;8128;6.36;0.39;268.00;6.68;941;24;2785.00;50
7141;24;624324435;7141;362;8078;8128;6.39;0.39;267.95;6.68;937;24;2786.00;50
7144;24;624324446;7144;361;8079;8129;6.49;0.39;267.87;6.68;935;24;2787.00;50
7148;24;624324462;7148;362;8079;8130;6.61;0.40;267.82;6.68;931;24;2788.00;51
7151;24;624324480;7151;362;8079;8130;6.71;0.41;267.76;6.68;928;24;2789.00;51
7153;24;624324501;7153;356;8083;8136;6.85;0.42;267.70;6.68;930;24;2790.00;53
7155;24;624324518;7155;350;8083;8136;6.94;0.42;267.67;6.68;928;24;2791.00;53
7156;24;624324538;7156;346;8085;8136;7.03;0.43;267.64;6.68;929;24;2792.00;51
7159;24;624324555;7159;340;8085;8136;7.02;0.43;267.70;6.68;926;24;2793.00;51
7160;24;624324569;7160;336;8090;8142;7.05;0.43;267.70;6.67;930;24;2794.00;52
7162;24;624324583;7162;335;8090;8142;7.02;0.42;267.67;6.67;928;24;2795.00;52
7165;24;624324595;7165;345;8090;8142;6.96;0.42;267.70;6.67;925;24;2796.00;52
7165;24;624324609;7165;347;8090;8142;6.88;0.42;267.70;6.67;925;24;2797.00;52
7165;24;624324621;7165;343;8093;8146;6.83;0.41;267.70;6.67;928;24;2798.00;53
7165;24;624324633;7165;348;8094;8147;6.76;0.41;267.70;6.67;929;24;2799.00;53
7166;24;624324647;7166;348;8094;8147;6.71;0.41;267.67;6.67;928;24;2800.00;53
7167;24;624324663;7167;351;8095;8148;6.72;0.41;267.66;6.67;928;24;2801.00;53
7167;24;624324675;7167;347;8095;8148;6.72;0.41;267.66;6.67;928;24;2802.00;53
7168;24;624324686;7168;335;8095;8148;6.71;0.41;267.64;6.67;927;24;2803.00;53
7168;24;624324697;7168;328;8096;8148;6.76;0.41;267.64;6.73;928;24;2804.00;52
7170;24;624324708;7170;319;8096;8148;6.80;0.41;267.63;6.73;926;24;2805.00;52
7173;24;624324720;7173;316;8096;8148;6.88;0.42;267.64;6.73;923;24;2806.00;52
7174;24;624324732;7174;311;8096;8148;7.01;0.42;267.64;6.73;922;24;2807.00;52
7174;24;624324744;7174;313;8135;8218;7.11;0.43;267.64;6.69;961;24;2808.00;83
7175;24;624324762;7175;302;8135;8219;7.18;0.44;267.65;6.69;960;24;2809.00;84
7178;24;624324780;7178;292;8142;8219;7.38;0.45;267.71;6.69;964;24;2810.00;77
7178;24;624324792;7178;280;8146;8219;7.52;0.46;267.71;6.69;968;24;2811.00;73
7179;24;624324811;7179;265;8148;8219;7.59;0.46;267.74;6.69;969;24;2812.00;71
7179;24;624324823;7179;259;8150;8219;7.73;0.47;267.74;6.69;971;24;2813.00;69
7182;24;624324836;7182;255;8154;8219;7.83;0.47;267.71;6.69;972;24;2814.00;65
7183;24;624324849;7183;252;8156;8219;7.97;0.48;267.69;6.69;973;24;2815.00;63
7184;24;624324869;7184;251;8158;8220;8.13;0.49;267.70;6.69;974;24;2816.00;62
7185;24;624324881;7185;250;8159;8221;8.20;0.50;267.68;6.69;974;24;2817.00;62
7188;24;624324900;7188;248;8161;8221;8.21;0.50;267.68;6.69;973;24;2818.00;60
7189;24;624324913;7189;243;8166;8225;8.21;0.50;267.68;6.69;977;24;2819.00;59
7191;24;624324928;7191;241;8167;8225;8.21;0.50;267.67;6.69;976;24;2820.00;58
7195;24;624324941;7195;248;8167;8225;8.17;0.50;267.66;6.69;972;24;2821.00;58
7196;24;624324953;7196;244;8167;8225;8.09;0.49;267.64;6.69;971;24;2822.00;58
7199;24;624324964;7199;237;8172;8231;8.05;0.49;267.63;6.68;973;24;2823.00;59
7199;24;624324978;7199;235;8172;8231;8.04;0.49;267.63;6.68;973;24;2824.00;59
7202;24;624324991;7202;236;8174;8231;8.05;0.49;267.71;6.71;972;24;2825.00;57
7204;24;624325004;7204;236;8176;8234;8.13;0.49;267.74;6.71;972;24;2826.00;58
7207;24;624325017;7207;230;8177;8234;8.16;0.50;267.73;6.71;970;24;2827.00;57
7211;24;624325037;7211;228;8177;8234;8.20;0.50;267.72;6.71;966;24;2828.00;57
7214;24;624325051;7214;225;8178;8235;8.19;0.50;267.69;6.76;964;24;2829.00;57
7217;24;624325064;7217;219;8179;8236;8.16;0.50;267.63;6.76;962;24;2830.00;57
7223;24;624325077;7223;216;8179;8236;8.13;0.49;267.57;6.76;956;24;2831.00;57
7225;24;624325089;7225;212;8189;8249;8.10;0.49;267.53;6.75;964;24;2832.00;60
7229;24;624325103;7229;205;8190;8249;8.03;0.49;267.54;6.75;961;24;2833.00;59
7231;24;624325114;7231;203;8190;8249;8.02;0.49;267.54;6.75;959;24;2834.00;59
7236;24;624325126;7236;203;8192;8251;7.99;0.48;267.55;6.75;956;24;2835.00;59
7237;24;624325139;7237;207;8192;8251;8.04;0.49;267.59;6.75;955;24;2836.00;59
7239;24;624325150;7239;208;8195;8255;8.15;0.49;267.62;6.75;956;24;2837.00;60
7240;24;624325162;7240;212;8195;8255;8.21;0.50;267.62;6.75;955;24;2838.00;60
7245;24;624325174;7245;216;8198;8259;8.20;0.50;267.71;6.75;953;24;2839.00;61
7246;24;624325186;7246;218;8198;8259;8.25;0.50;267.71;6.75;952;24;2840.00;61
7250;24;624325199;7250;221;8199;8259;8.23;0.50;267.76;6.75;949;24;2841.00;60
7252;24;624325210;7252;215;8199;8259;8.22;0.50;267.74;6.75;947;24;2842.00;60
7255;24;624325222;7255;215;8199;8259;8.18;0.50;267.73;6.75;944;24;2843.00;60
7255;24;624325233;7255;216;8209;8271;8.20;0.50;267.73;6.74;954;24;2844.00;62
7258;24;624325246;7258;223;8210;8271;8.16;0.50;267.82;6.74;952;24;2845.00;61
7259;24;624325258;7259;220;8210;8271;8.05;0.49;267.82;6.74;951;24;2846.00;61
7261;24;624325271;7261;227;8210;8271;8.02;0.49;267.88;6.74;949;24;2847.00;61
7266;24;624325283;7266;228;8210;8271;8.01;0.49;267.97;6.74;944;24;2848.00;61
7266;24;624325295;7266;229;8210;8271;8.02;0.49;267.97;6.74;944;24;2849.00;61
7266;24;624325308;7266;239;8214;8274;7.97;0.48;267.97;6.77;948;24;2850.00;60
7268;24;624325321;7268;241;8214;8274;7.94;0.48;267.97;6.77;946;24;2851.00;60
7270;24;624325334;7270;245;8219;8280;8.01;0.49;268.01;6.76;949;24;2852.00;61
7273;24;624325349;7273;245;8222;8281;7.98;0.48;268.10;6.79;949;24;2853.00;59
7277;24;624325362;7277;253;8222;8281;7.97;0.48;268.11;6.79;945;24;2854.00;59
7279;24;624325375;7279;254;8223;8281;7.93;0.48;268.11;6.81;944;24;2855.00;58
7279;24;624325387;7279;257;8227;8285;7.93;0.48;268.11;6.81;948;24;2856.00;58
7281;24;624325400;7281;259;8228;8285;7.94;0.48;268.10;6.83;947;24;2857.00;57
7282;24;624325413;7282;260;8228;8285;7.94;0.48;268.09;6.83;946;24;2858.00;57
7285;24;624325425;7285;259;8231;8286;7.92;0.48;268.15;6.85;946;24;2859.00;55
7287;24;624325437;7287;264;8235;8290;7.82;0.48;268.14;6.87;948;24;2860.00;55
7290;24;624325451;7290;266;8236;8290;7.74;0.47;268.19;6.88;946;24;2861.00;54
7293;24;624325467;7293;267;8240;8293;7.67;0.47;268.27;6.90;947;24;2862.00;53
7298;24;624325481;7298;269;8240;8293;7.61;0.46;268.33;6.90;942;24;2863.00;53
7300;24;624325494;7300;279;8244;8295;7.61;0.46;268.39;6.91;944;24;2864.00;51
7301;24;624325507;7301;285;8245;8295;7.58;0.46;268.43;6.93;944;24;2865.00;50
7305;24;624325519;7305;288;8249;8299;7.51;0.46;268.54;6.92;944;24;2866.00;50
7308;24;624325531;7308;291;8251;8299;7.38;0.45;268.69;6.95;943;24;2867.00;48
7308;24;624325542;7308;293;8251;8299;7.30;0.45;268.69;6.95;943;24;2868.00;48
7315;24;624325553;7315;289;8253;8299;7.26;0.44;268.79;6.97;938;24;2869.00;46
7320;24;624325565;7320;281;8254;8300;7.27;0.44;268.89;6.98;934;24;2870.00;46
7321;24;624325576;7321;276;8255;8301;7.28;0.45;268.94;6.98;934;24;2871.00;46
7324;24;624325592;7324;271;8256;8301;7.28;0.45;269.05;6.99;932;24;2872.00;45
7325;24;624325603;7325;266;8257;8302;7.28;0.45;269.08;6.98;932;24;2873.00;45
7329;24;624325615;7329;267;8260;8302;7.26;0.45;269.13;7.01;931;24;2874.00;42
7334;24;624325625;7334;262;8261;8302;7.24;0.44;269.18;7.02;927;24;2875.00;41
7337;24;624325636;7337;256;8261;8302;7.29;0.45;269.11;7.02;924;24;2876.00;41
7340;24;624325647;7340;262;8263;8302;7.28;0.45;269.22;7.03;923;24;2877.00;39
7343;24;624325658;7343;259;8263;8302;7.30;0.45;269.31;7.03;920;24;2878.00;39
7346;24;624325668;7346;253;8263;8302;7.26;0.44;269.32;7.03;917;24;2879.00;39
7349;24;624325680;7349;292;8366;8532;7.32;0.46;269.34;6.96;1017;24;2880.00;166
7351;24;624325716;7351;281;8371;8533;7.28;0.46;269.33;6.96;1020;24;2881.00;162
7356;24;624325728;7356;269;8379;8533;7.25;0.45;269.32;6.95;1023;24;2882.00;154
7362;24;624325740;7362;267;8386;8533;7.13;0.44;269.22;6.96;1024;24;2883.00;147
7366;24;624325751;7366;267;8395;8533;7.11;0.44;269.32;6.96;1029;24;2884.00;138
7367;24;624325772;7367;269;8401;8533;7.05;0.44;269.34;6.97;1034;24;2885.00;132
7373;24;624325785;7373;269;8408;8533;7.00;0.44;269.49;6.97;1035;24;2886.00;125
7377;24;624325796;7377;277;8413;8533;6.96;0.43;269.53;6.97;1036;24;2887.00;120
7380;24;624325807;7380;282;8424;8534;6.92;0.43;269.64;6.98;1044;24;2888.00;110
7384;24;624325819;7384;296;8429;8535;6.84;0.42;269.82;6.98;1045;24;2889.00;106
7386;24;624325830;7386;293;8435;8535;6.78;0.42;269.80;6.98;1049;24;2890.00;100
7388;24;624325841;7388;288;8439;8536;6.77;0.42;269.82;6.99;1051;24;2891.00;97
7394;24;624325853;7394;294;8443;8536;6.67;0.41;269.98;6.99;1049;24;2892.00;93
7399;24;624325865;7399;293;8447;8536;6.57;0.41;270.06;7.00;1048;24;2893.00;89
7402;24;624325876;7402;301;8451;8536;6.49;0.40;270.13;7.00;1049;24;2894.00;85
7405;24;624325887;7405;312;8454;8540;6.35;0.39;270.25;7.00;1049;24;2895.00;86
7407;24;624325899;7407;326;8458;8540;6.27;0.39;270.28;7.00;1051;24;2896.00;82
7410;24;624325910;7410;325;8461;8540;6.19;0.38;270.37;7.00;1051;24;2897.00;79
7412;24;624325921;7412;324;8465;8543;6.14;0.38;270.44;7.01;1053;24;2898.00;78
7418;24;624325933;7418;326;8466;8543;6.12;0.38;270.52;7.01;1048;24;2899.00;77
7420;24;624325946;7420;329;8468;8543;6.12;0.38;270.53;7.01;1048;24;2900.00;75
7424;24;624325960;7424;326;8473;8547;6.09;0.37;270.70;7.02;1049;24;2901.00;74
7428;24;624325973;7428;330;8477;8548;6.09;0.38;270.77;7.02;1049;24;2902.00;71
7431;24;624325985;7431;329;8478;8548;6.12;0.38;270.77;7.02;1047;24;2903.00;70
7433;24;624325996;7433;334;8482;8552;6.13;0.38;270.85;7.03;1049;24;2904.00;70
7439;24;624326008;7439;333;8483;8552;6.13;0.38;270.89;7.03;1044;24;2905.00;69
7442;24;624326020;7442;339;8486;8552;6.03;0.37;270.83;7.03;1044;24;2906.00;66
7444;24;624326032;7444;338;8488;8553;5.98;0.37;270.91;7.03;1044;24;2907.00;65
7447;24;624326043;7447;346;8488;8553;5.91;0.36;270.96;7.03;1041;24;2908.00;65
7452;24;624326054;7452;343;8495;8559;5.86;0.36;271.03;7.09;1043;24;2909.00;64
7454;24;624326069;7454;349;8496;8559;5.84;0.36;270.98;7.09;1042;24;2910.00;63
7456;24;624326080;7456;362;8496;8560;5.80;0.36;271.07;7.09;1040;24;2911.00;64
7458;24;624326091;7458;367;8497;8560;5.76;0.36;271.06;7.10;1039;24;2912.00;63
7463;24;624326102;7463;379;8497;8560;5.74;0.35;271.15;7.10;1034;24;2913.00;63
7468;24;624326113;7468;387;8497;8560;5.74;0.35;271.18;7.10;1029;24;2914.00;63
7475;24;624326124;7475;391;8498;8560;5.70;0.35;271.19;7.10;1023;24;2915.00;62
7483;24;624326136;7483;395;8507;8572;5.69;0.35;271.32;7.09;1024;24;2916.00;65
7485;24;624326149;7485;404;8507;8572;5.67;0.35;271.38;7.09;1022;24;2917.00;65
7490;24;624326160;7490;407;8508;8572;5.63;0.35;271.35;7.09;1018;24;2918.00;64
7493;24;624326171;7493;417;8510;8572;5.60;0.34;271.35;7.10;1017;24;2919.00;62
7496;24;624326181;7496;420;8510;8572;5.54;0.34;271.33;7.10;1014;24;2920.00;62
7499;24;624326193;7499;425;8511;8572;5.52;0.34;271.35;7.10;1012;24;2921.00;61
7505;24;624326204;7505;430;8514;8576;5.51;0.34;271.36;7.10;1009;24;2922.00;62
7506;24;624326216;7506;437;8516;8576;5.50;0.34;271.33;7.10;1010;24;2923.00;60
7511;24;624326226;7511;451;8519;8580;5.47;0.34;271.36;7.10;1008;24;2924.00;61
7513;24;624326238;7513;450;8521;8582;5.40;0.33;271.34;7.10;1008;24;2925.00;61
7516;24;624326249;7516;455;8522;8582;5.31;0.33;271.32;7.10;1006;24;2926.00;60
7521;24;624326259;7521;447;8523;8582;5.24;0.32;271.35;7.10;1002;24;2927.00;59
7522;24;624326271;7522;448;8532;8595;5.32;0.33;271.39;7.10;1010;24;2928.00;63
7526;24;624326282;7526;450;8534;8595;5.28;0.32;271.44;7.10;1008;24;2929.00;61
7530;24;624326294;7530;453;8535;8595;5.24;0.32;271.40;7.10;1005;24;2930.00;60
7533;24;624326304;7533;457;8536;8596;5.28;0.32;271.41;7.10;1003;24;2931.00;60
7535;24;624326314;7535;461;8536;8597;5.28;0.32;271.34;7.10;1001;24;2932.00;61
7539;24;624326325;7539;465;8536;8597;5.26;0.32;271.39;7.10;997;24;2933.00;61
7543;24;624326335;7543;468;8538;8600;5.27;0.32;271.33;7.09;995;24;2934.00;62
7547;24;624326347;7547;473;8538;8600;5.24;0.32;271.29;7.09;991;24;2935.00;62
7549;24;624326357;7549;478;8539;8600;5.21;0.32;271.28;7.09;990;24;2936.00;61
7551;24;624326368;7551;473;8539;8600;5.22;0.32;271.22;7.09;988;24;2937.00;61
7554;24;624326379;7554;471;8544;8606;5.26;0.32;271.16;7.09;990;24;2938.00;62
7555;24;624326390;7555;473;8544;8606;5.28;0.32;271.18;7.09;989;24;2939.00;62
7559;24;624326402;7559;471;8544;8606;5.26;0.32;271.16;7.09;985;24;2940.00;62
7560;24;624326413;7560;469;8544;8606;5.32;0.33;271.14;7.09;984;24;2941.00;62
7562;24;624326423;7562;476;8547;8610;5.40;0.33;271.15;7.09;985;24;2942.00;63
7564;24;624326434;7564;482;8548;8611;5.44;0.33;271.12;7.09;984;24;2943.00;63
7565;24;624326445;7565;482;8548;8611;5.49;0.34;271.13;7.09;983;24;2944.00;63
7565;24;624326460;7565;484;8549;8612;5.55;0.34;271.13;7.09;984;24;2945.00;63
7568;24;624326477;7568;477;8549;8612;5.60;0.34;271.05;7.09;981;24;2946.00;63
7570;24;624326496;7570;471;8549;8612;5.62;0.34;271.06;7.09;979;24;2947.00;63
7572;24;624326514;7572;459;8549;8612;5.60;0.34;271.03;7.09;977;24;2948.00;63
7574;24;624326542;7574;447;8549;8612;5.58;0.34;271.01;7.09;975;24;2949.00;63
7575;24;624326559;7575;434;8549;8612;5.57;0.34;271.04;7.09;974;24;2950.00;63
7576;24;624326575;7576;426;8549;8612;5.56;0.34;271.14;7.09;973;24;2951.00;63
7577;24;624326588;7577;424;8583;8682;5.82;0.36;271.11;7.06;1006;24;2952.00;99
7580;24;624326606;7580;418;8584;8683;5.88;0.36;271.07;7.06;1004;24;2953.00;99
7584;24;624326619;7584;417;8591;8683;5.96;0.36;271.10;7.05;1007;24;2954.00;92
7586;24;624326632;7586;406;8594;8683;6.05;0.37;271.11;7.05;1008;24;2955.00;89
7586;24;624326648;7586;404;8596;8683;6.15;0.37;271.11;7.05;1010;24;2956.00;87
7587;24;624326666;7587;393;8598;8683;6.25;0.38;271.15;7.05;1011;24;2957.00;85
7589;24;624326678;7589;382;8600;8683;6.30;0.38;271.16;7.05;1011;24;2958.00;83
7589;24;624326691;7589;379;8602;8683;6.41;0.39;271.16;7.05;1013;24;2959.00;81
7590;24;624326703;7590;373;8604;8684;6.51;0.39;271.14;7.05;1014;24;2960.00;80
7591;24;624326715;7591;371;8607;8685;6.59;0.40;271.11;7.05;1016;24;2961.00;78
7592;24;624326729;7592;369;8610;8685;6.66;0.40;271.10;7.12;1018;24;2962.00;75
7595;24;624326741;7595;366;8613;8689;6.71;0.41;271.18;7.11;1018;24;2963.00;76
7596;24;624326754;7596;362;8614;8689;6.77;0.41;271.18;7.11;1018;24;2964.00;75
7598;24;624326767;7598;353;8615;8689;6.83;0.42;271.17;7.11;1017;24;2965.00;74
7599;24;624326781;7599;348;8615;8689;6.92;0.42;271.16;7.11;1016;24;2966.00;74
7603;24;624326799;7603;344;8619;8695;6.94;0.42;271.14;7.11;1016;24;2967.00;76
7605;24;624326813;7605;338;8619;8695;6.99;0.42;271.14;7.11;1014;24;2968.00;76
7606;24;624326826;7606;332;8619;8695;6.99;0.42;271.11;7.11;1013;24;2969.00;76
7607;24;624326847;7607;335;8623;8701;7.06;0.43;271.09;7.11;1016;24;2970.00;78
7608;24;624326860;7608;327;8623;8701;7.12;0.43;271.08;7.11;1015;24;2971.00;78
7610;24;624326873;7610;328;8625;8701;7.21;0.44;271.15;7.11;1015;24;2972.00;76
7611;24;624326886;7611;321;8625;8702;7.25;0.44;271.15;7.11;1014;24;2973.00;77
7612;24;624326898;7612;312;8626;8703;7.32;0.44;271.12;7.11;1014;24;2974.00;77
7614;24;624326911;7614;302;8626;8703;7.41;0.45;271.12;7.11;1012;24;2975.00;77
7615;24;624326924;7615;305;8635;8716;7.53;0.46;271.12;7.10;1020;24;2976.00;81
7617;24;624326937;7617;303;8635;8716;7.59;0.46;271.22;7.10;1018;24;2977.00;81
7620;24;624326950;7620;301;8636;8716;7.65;0.47;271.22;7.16;1016;24;2978.00;80
7622;24;624326962;7622;300;8637;8717;7.78;0.47;271.19;7.16;1015;24;2979.00;80
7624;24;624326976;7624;299;8637;8717;7.91;0.48;271.21;7.16;1013;24;2980.00;80
7627;24;624326989;7627;297;8640;8721;8.05;0.49;271.15;7.16;1013;24;2981.00;81
7631;24;624327003;7631;293;8640;8721;8.08;0.49;271.21;7.16;1009;24;2982.00;81
7634;24;624327016;7634;290;8643;8725;8.12;0.49;271.20;7.15;1009;24;2983.00;82
7635;24;624327030;7635;294;8644;8725;8.15;0.50;271.23;7.22;1009;24;2984.00;81
7638;24;624327043;7638;293;8644;8725;8.22;0.50;271.28;7.22;1006;24;2985.00;81
7641;24;624327057;7641;285;8644;8725;8.29;0.50;271.24;7.22;1003;24;2986.00;81
7646;24;624327072;7646;279;8645;8725;8.24;0.50;271.33;7.27;999;24;2987.00;80
7649;24;624327086;7649;276;8655;8737;8.27;0.50;271.35;7.26;1006;24;2988.00;82
7653;24;624327104;7653;274;8656;8737;8.25;0.50;271.38;7.26;1003;24;2989.00;81
7655;24;624327120;7655;269;8658;8737;8.25;0.50;271.41;7.32;1003;24;2990.00;79
7658;24;624327135;7658;274;8658;8737;8.25;0.50;271.43;7.32;1000;24;2991.00;79
7660;24;624327151;7660;269;8659;8737;8.25;0.50;271.50;7.37;999;24;2992.00;78
7663;24;624327176;7663;273;8659;8737;8.24;0.50;271.43;7.37;996;24;2993.00;78
7666;24;624327189;7666;268;8662;8738;8.23;0.50;271.39;7.43;996;24;2994.00;76
7669;24;624327202;7669;259;8664;8738;8.23;0.50;271.50;7.46;995;24;2995.00;74
7674;24;624327230;7674;256;8668;8744;8.25;0.50;271.60;7.45;994;24;2996.00;76
7677;24;624327250;7677;250;8669;8745;8.25;0.50;271.59;7.51;992;24;2997.00;76
7682;24;624327263;7682;253;8671;8745;8.28;0.50;271.62;7.51;989;24;2998.00;74
7685;24;624327276;7685;249;8671;8745;8.27;0.50;271.64;7.51;986;24;2999.00;74
7688;24;624327293;7688;249;8676;8765;8.32;0.50;271.66;7.51;988;24;3000.00;89
7692;24;624327314;7692;246;8676;8765;8.39;0.51;271.71;7.51;984;24;3001.00;89
7695;24;624327329;7695;236;8676;8765;8.40;0.51;271.77;7.51;981;24;3002.00;89
7696;24;624327344;7696;232;8677;8766;8.46;0.51;271.74;7.51;981;24;3003.00;89
7700;24;624327358;7700;230;8680;8770;8.43;0.51;271.78;7.50;980;24;3004.00;90
7701;25;624327378;7701;231;8682;8770;8.40;0.51;271.83;7.56;981;25;3005.00;88
7704;25;624327401;7704;230;8685;8773;8.48;0.51;271.86;7.56;981;25;3006.00;88
7707;25;624327414;7707;228;8688;8773;8.51;0.51;271.93;7.57;981;25;3007.00;85
7712;25;624327427;7712;229;8688;8773;8.55;0.52;272.07;7.57;976;25;3008.00;85
7714;25;624327441;7714;232;8689;8773;8.58;0.52;272.05;7.57;975;25;3009.00;84
7718;25;624327454;7718;230;8692;8777;8.58;0.52;272.11;7.58;974;25;3010.00;85
7719;25;624327467;7719;241;8695;8777;8.53;0.52;272.12;7.58;976;25;3011.00;82
7721;25;624327482;7721;240;8699;8777;8.53;0.52;272.10;7.64;978;25;3012.00;78
7722;25;624327496;7722;242;8700;8777;8.54;0.52;272.13;7.64;978;25;3013.00;77
7724;25;624327508;7724;239;8702;8778;8.56;0.52;272.19;7.65;978;25;3014.00;76
7726;25;624327521;7726;243;8704;8780;8.51;0.51;272.25;7.64;978;25;3015.00;76
7728;25;624327533;7728;244;8705;8780;8.47;0.51;272.30;7.64;977;25;3016.00;75
7730;25;624327546;7730;243;8707;8781;8.39;0.51;272.31;7.64;977;25;3017.00;74
7732;25;624327558;7732;244;8707;8781;8.36;0.51;272.36;7.64;975;25;3018.00;74
7734;25;624327575;7734;245;8708;8781;8.25;0.50;272.39;7.65;974;25;3019.00;73
7736;25;624327588;7736;250;8708;8781;8.23;0.50;272.41;7.65;972;25;3020.00;73
7739;25;624327601;7739;251;8710;8781;8.19;0.50;272.38;7.68;971;25;3021.00;71
7742;25;624327613;7742;263;8710;8781;8.08;0.49;272.40;7.68;968;25;3022.00;71
7743;25;624327627;7743;271;8712;8781;8.06;0.49;272.45;7.69;969;25;3023.00;69
7746;25;624327638;7746;290;8778;8908;8.07;0.50;272.40;7.65;1032;25;3024.00;130
7749;25;624327661;7749;283;8781;8909;8.03;0.49;272.51;7.67;1032;25;3025.00;128
7750;25;624327673;7750;284;8789;8909;8.02;0.49;272.51;7.68;1039;25;3026.00;120
7751;25;624327686;7751;285;8792;8909;7.95;0.49;272.57;7.69;1041;25;3027.00;117
7752;25;624327699;7752;290;8803;8909;7.90;0.49;272.57;7.70;1051;25;3028.00;106
7756;25;624327711;7756;302;8808;8909;7.80;0.48;272.63;7.72;1052;25;3029.00;101
7759;25;624327726;7759;306;8813;8909;7.76;0.48;272.70;7.73;1054;25;3030.00;96
7761;25;624327738;7761;305;8818;8909;7.73;0.48;272.84;7.76;1057;25;3031.00;91
7765;25;624327751;7765;308;8822;8910;7.67;0.47;272.87;7.77;1057;25;3032.00;88
7766;25;624327764;7766;309;8827;8911;7.59;0.47;272.92;7.78;1061;25;3033.00;84
7772;25;624327776;7772;299;8830;8911;7.51;0.46;273.00;7.79;1058;25;3034.00;81
7773;25;624327789;7773;306;8833;8912;7.43;0.46;273.02;7.80;1060;25;3035.00;79
7778;25;624327802;7778;316;8837;8912;7.32;0.45;273.22;7.80;1059;25;3036.00;75
7778;25;624327815;7778;316;8842;8912;7.27;0.45;273.22;7.82;1064;25;3037.00;70
7783;25;624327827;7783;317;8843;8912;7.17;0.44;273.18;7.82;1060;25;3038.00;69
7789;25;624327839;7789;319;8848;8916;7.09;0.44;273.19;7.83;1059;25;3039.00;68
7793;25;624327853;7793;319;8849;8916;7.03;0.43;273.30;7.84;1056;25;3040.00;67
7794;25;624327865;7794;327;8851;8916;6.95;0.43;273.29;7.85;1057;25;3041.00;65
7797;25;624327877;7797;329;8854;8919;6.93;0.43;273.27;7.85;1057;25;3042.00;65
7801;25;624327890;7801;330;8854;8919;6.92;0.42;273.30;7.85;1053;25;3043.00;65
7801;25;624327902;7801;333;8857;8919;6.91;0.42;273.30;7.86;1056;25;3044.00;62
7806;25;624327915;7806;337;8861;8923;6.85;0.42;273.44;7.87;1055;25;3045.00;62
7809;25;624327928;7809;336;8865;8924;6.83;0.42;273.38;7.88;1056;25;3046.00;59
7811;25;624327939;7811;336;8867;8924;6.78;0.41;273.43;7.89;1056;25;3047.00;57
7815;25;624327952;7815;338;8870;8928;6.72;0.41;273.49;7.88;1055;25;3048.00;58
7816;25;624327965;7816;350;8872;8928;6.68;0.41;273.51;7.89;1056;25;3049.00;56
7818;25;624327977;7818;349;8873;8928;6.69;0.41;273.56;7.89;1055;25;3050.00;55
7820;25;624327989;7820;347;8875;8929;6.62;0.40;273.60;7.90;1055;25;3051.00;54
7822;25;624328006;7822;351;8876;8929;6.58;0.40;273.63;7.90;1054;25;3052.00;53
7826;25;624328018;7826;351;8883;8935;6.59;0.40;273.76;7.91;1057;25;3053.00;52
7831;25;624328031;7831;354;8884;8935;6.47;0.39;273.78;7.92;1053;25;3054.00;51
7832;25;624328042;7832;355;8885;8936;6.34;0.39;273.79;7.92;1053;25;3055.00;51
7836;25;624328053;7836;367;8885;8936;6.20;0.38;273.82;7.92;1049;25;3056.00;51
7840;25;624328065;7840;369;8886;8936;6.03;0.37;273.87;7.93;1046;25;3057.00;50
7844;25;624328076;7844;370;8886;8936;5.86;0.36;273.96;7.93;1042;25;3058.00;50
7848;25;624328086;7848;378;8887;8936;5.74;0.35;274.01;7.93;1039;25;3059.00;49
7854;25;624328099;7854;373;8915;8972;5.80;0.36;274.18;7.92;1061;25;3060.00;57
7856;25;624328112;7856;370;8917;8972;5.71;0.35;274.17;7.93;1061;25;3061.00;55
7857;25;624328123;7857;368;8919;8972;5.67;0.35;274.25;7.92;1062;25;3062.00;53
7862;25;624328137;7862;369;8920;8972;5.56;0.34;274.33;7.93;1058;25;3063.00;52
7865;25;624328149;7865;374;8922;8972;5.49;0.34;274.44;7.93;1057;25;3064.00;50
7868;25;624328161;7868;375;8922;8972;5.50;0.34;274.49;7.93;1054;25;3065.00;50
7870;25;624328173;7870;383;8926;8976;5.48;0.34;274.56;7.93;1056;25;3066.00;50
7875;25;624328185;7875;382;8926;8976;5.40;0.33;274.66;7.93;1051;25;3067.00;50
7877;25;624328197;7877;383;8930;8980;5.42;0.33;274.68;7.92;1053;25;3068.00;50
7881;25;624328214;7881;387;8931;8981;5.38;0.33;274.74;7.92;1050;25;3069.00;50
7886;25;624328226;7886;387;8931;8981;5.30;0.33;274.74;7.92;1045;25;3070.00;50
7890;25;624328238;7890;389;8931;8981;5.25;0.32;274.81;7.92;1041;25;3071.00;50
7893;25;624328250;7893;397;8942;8994;5.34;0.33;274.81;7.91;1049;25;3072.00;52
7896;25;624328263;7896;395;8942;8994;5.39;0.33;274.87;7.91;1046;25;3073.00;52
7896;25;624328274;7896;391;8942;8994;5.50;0.34;274.87;7.91;1046;25;3074.00;52
7899;25;624328286;7899;392;8943;8995;5.53;0.34;274.86;7.91;1044;25;3075.00;52
7903;25;624328298;7903;390;8943;8996;5.55;0.34;274.92;7.91;1040;25;3076.00;53
7909;25;624328310;7909;382;8943;8996;5.52;0.34;274.97;7.91;1034;25;3077.00;53
7914;25;624328322;7914;390;8945;8999;5.49;0.34;274.88;7.91;1031;25;3078.00;54
7920;25;624328334;7920;387;8946;8999;5.49;0.34;274.87;7.91;1026;25;3079.00;53
7921;25;624328351;7921;388;8946;8999;5.48;0.34;274.90;7.91;1025;25;3080.00;53
7928;25;624328362;7928;391;8946;8999;5.40;0.33;274.99;7.91;1018;25;3081.00;53
7934;25;624328373;7934;395;8951;9005;5.36;0.33;275.15;7.91;1017;25;3082.00;54
7938;25;624328384;7938;386;8951;9005;5.33;0.33;275.19;7.91;1013;25;3083.00;54
7943;25;624328395;7943;386;8951;9005;5.29;0.32;275.21;7.91;1008;25;3084.00;54
7946;25;624328406;7946;392;8951;9005;5.24;0.32;275.22;7.91;1005;25;3085.00;54
7950;25;624328416;7950;392;8954;9009;5.30;0.33;275.21;7.90;1004;25;3086.00;55
7954;25;624328427;7954;408;8955;9010;5.28;0.33;275.18;7.90;1001;25;3087.00;55
7959;25;624328437;7959;415;8955;9010;5.23;0.32;275.19;7.90;996;25;3088.00;55
7962;25;624328448;7962;419;8956;9011;5.22;0.32;275.15;7.90;994;25;3089.00;55
7967;25;624328464;7967;406;8956;9011;5.18;0.32;275.22;7.90;989;25;3090.00;55
7972;25;624328482;7972;413;8956;9011;5.12;0.31;275.18;7.90;984;25;3091.00;55
7974;25;624328499;7974;412;8956;9011;5.05;0.31;275.14;7.90;982;25;3092.00;55
7977;25;624328516;7977;422;8956;9011;5.02;0.31;275.18;7.90;979;25;3093.00;55
7979;25;624328532;7979;428;8957;9011;4.94;0.30;275.18;7.97;978;25;3094.00;54
7982;25;624328548;7982;437;8957;9011;4.90;0.30;275.16;7.97;975;25;3095.00;54
7986;25;624328563;7986;456;8996;9081;5.06;0.31;275.12;7.93;1010;25;3096.00;85
7989;25;624328582;7989;454;8997;9082;5.00;0.31;275.14;7.93;1008;25;3097.00;85
7991;25;624328594;7991;453;9003;9082;5.02;0.31;275.17;7.93;1012;25;3098.00;79
7994;25;624328606;7994;455;9004;9082;4.97;0.31;275.13;7.93;1010;25;3099.00;78
7999;25;624328617;7999;450;9006;9082;4.95;0.31;275.13;7.93;1007;25;3100.00;76
8002;25;624328633;8002;458;9008;9082;4.86;0.30;275.07;7.92;1006;25;3101.00;74
8006;25;624328646;8006;460;9010;9082;4.82;0.30;275.11;7.92;1004;25;3102.00;72
8006;25;624328658;8006;465;9012;9082;4.77;0.29;275.11;7.92;1006;25;3103.00;70
8008;25;624328669;8008;456;9012;9083;4.69;0.29;275.13;7.92;1004;25;3104.00;71
8011;25;624328680;8011;464;9016;9085;4.66;0.29;275.17;7.92;1005;25;3105.00;69
8013;25;624328691;8013;474;9017;9085;4.62;0.28;275.16;7.92;1004;25;3106.00;68
8016;25;624328701;8016;457;9023;9089;4.68;0.29;275.12;7.92;1007;25;3107.00;66
8017;25;624328713;8017;442;9026;9089;4.73;0.29;275.13;7.92;1009;25;3108.00;63
8017;25;624328724;8017;434;9028;9089;4.81;0.30;275.13;7.92;1011;25;3109.00;61
8019;25;624328735;8019;433;9029;9089;4.88;0.30;275.09;7.92;1010;25;3110.00;60
8024;25;624328747;8024;434;9034;9095;4.93;0.30;275.11;7.92;1010;25;3111.00;61
8026;25;624328761;8026;431;9034;9095;5.00;0.31;275.10;7.92;1008;25;3112.00;61
8027;25;624328773;8027;433;9034;9095;5.08;0.31;275.12;7.92;1007;25;3113.00;61
8029;25;624328798;8029;433;9036;9098;5.19;0.32;275.11;7.92;1007;25;3114.00;62
8029;25;624328809;8029;429;9036;9098;5.31;0.33;275.11;7.92;1007;25;3115.00;62
8031;25;624328821;8031;411;9037;9098;5.46;0.34;275.19;7.92;1006;25;3116.00;61
8032;25;624328839;8032;398;9038;9099;5.53;0.34;275.16;7.98;1006;25;3117.00;61
8036;25;624328857;8036;394;9039;9100;5.62;0.35;275.16;7.98;1003;25;3118.00;61
8038;25;624328869;8038;379;9039;9100;5.80;0.36;275.12;7.98;1001;25;3119.00;61
8042;25;624328883;8042;375;9059;9126;6.09;0.37;275.11;7.96;1017;25;3120.00;67
8044;25;624328898;8044;366;9059;9126;6.28;0.38;275.07;7.96;1015;25;3121.00;67
8045;25;624328913;8045;359;9061;9126;6.40;0.39;275.04;7.96;1016;25;3122.00;65
8048;25;624328929;8048;350;9062;9127;6.54;0.40;275.03;7.96;1014;25;3123.00;65
8050;25;624328941;8050;344;9062;9127;6.66;0.41;275.03;7.96;1012;25;3124.00;65
8053;25;624328953;8053;334;9067;9131;6.75;0.41;275.00;8.03;1014;25;3125.00;64
8053;25;624328968;8053;334;9067;9131;6.79;0.41;275.00;8.03;1014;25;3126.00;64
8056;25;624328981;8056;327;9070;9135;6.79;0.41;275.01;8.02;1014;25;3127.00;65
8062;25;624328994;8062;324;9070;9135;6.75;0.41;275.10;8.02;1008;25;3128.00;65
8063;25;624329008;8063;318;9070;9135;6.80;0.41;275.09;8.02;1007;25;3129.00;65
8065;25;624329020;8065;310;9070;9135;6.83;0.41;275.19;8.02;1005;25;3130.00;65
8069;25;624329033;8069;307;9070;9135;6.87;0.42;275.23;8.02;1001;25;3131.00;65
8072;25;624329045;8072;302;9079;9147;7.01;0.42;275.31;8.01;1007;25;3132.00;68
8074;25;624329058;8074;298;9079;9147;7.08;0.43;275.28;8.01;1005;25;3133.00;68
8075;25;624329071;8075;288;9081;9147;7.22;0.44;275.26;8.01;1006;25;3134.00;66
8077;25;624329083;8077;285;9081;9147;7.28;0.44;275.31;8.01;1004;25;3135.00;66
8082;25;624329096;8082;282;9081;9147;7.32;0.44;275.34;8.01;999;25;3136.00;66
8082;25;624329109;8082;277;9081;9147;7.42;0.45;275.34;8.01;999;25;3137.00;66
8085;25;624329121;8085;277;9081;9148;7.49;0.45;275.36;8.01;996;25;3138.00;67
8086;25;624329134;8086;272;9081;9148;7.57;0.46;275.41;8.01;995;25;3139.00;67
8088;25;624329147;8088;266;9086;9154;7.66;0.46;275.39;8.01;998;25;3140.00;68
8090;25;624329160;8090;270;9087;9155;7.69;0.47;275.44;8.01;997;25;3141.00;68
8092;25;624329172;8092;267;9087;9155;7.71;0.47;275.48;8.01;995;25;3142.00;68
8094;25;624329184;8094;264;9087;9155;7.78;0.47;275.51;8.01;993;25;3143.00;68
8096;25;624329196;8096;261;9090;9159;7.82;0.47;275.58;8.01;994;25;3144.00;69
8098;25;624329209;8098;270;9090;9159;7.82;0.47;275.64;8.01;992;25;3145.00;69
8101;25;624329222;8101;266;9090;9159;7.81;0.47;275.62;8.01;989;25;3146.00;69
8102;25;624329234;8102;263;9092;9160;7.81;0.47;275.62;8.07;990;25;3147.00;68
8103;25;624329246;8103;262;9095;9164;7.79;0.47;275.69;8.07;992;25;3148.00;69
8104;25;624329259;8104;258;9095;9164;7.88;0.48;275.71;8.07;991;25;3149.00;69
8104;25;624329273;8104;258;9099;9170;8.00;0.48;275.71;8.07;995;25;3150.00;71
8105;25;624329287;8105;257;9099;9170;8.04;0.49;275.71;8.07;994;25;3151.00;71
8107;25;624329299;8107;256;9101;9170;8.12;0.49;275.68;8.07;994;25;3152.00;69
8109;25;624329312;8109;253;9101;9170;8.18;0.50;275.68;8.07;992;25;3153.00;69
8111;25;624329324;8111;249;9105;9174;8.27;0.50;275.71;8.06;994;25;3154.00;69
8115;25;624329336;8115;253;9105;9174;8.24;0.50;275.76;8.06;990;25;3155.00;69
8119;25;624329350;8119;250;9105;9174;8.26;0.50;275.86;8.06;986;25;3156.00;69
8122;25;624329362;8122;253;9105;9174;8.33;0.51;275.93;8.06;983;25;3157.00;69
8125;25;624329375;8125;253;9105;9175;8.33;0.51;275.97;8.06;980;25;3158.00;70
8128;25;624329388;8128;251;9106;9176;8.38;0.51;276.01;8.06;978;25;3159.00;70
8132;25;624329400;8132;245;9106;9176;8.27;0.50;276.03;8.06;974;25;3160.00;70
8137;25;624329413;8137;247;9107;9177;8.24;0.50;276.10;8.06;970;25;3161.00;70
8137;25;624329425;8137;244;9107;9177;8.22;0.50;276.10;8.06;970;25;3162.00;70
8140;25;624329437;8140;242;9107;9177;8.14;0.49;276.16;8.06;967;25;3163.00;70
8145;25;624329449;8145;245;9107;9177;8.12;0.49;276.14;8.06;962;25;3164.00;70
8149;25;624329463;8149;250;9107;9177;8.11;0.49;276.18;8.06;958;25;3165.00;70
8150;25;624329476;8150;251;9108;9177;8.13;0.49;276.23;8.08;958;25;3166.00;69
8154;25;624329488;8154;243;9108;9177;8.15;0.49;276.25;8.08;954;25;3167.00;69
8159;25;624329500;8159;269;9176;9304;8.11;0.50;276.25;8.02;1017;25;3168.00;128
8161;25;624329523;8161;257;9178;9305;8.18;0.50;276.24;8.02;1017;25;3169.00;127
8164;25;624329536;8164;255;9184;9305;8.21;0.50;276.31;8.01;1020;25;3170.00;121
8165;25;624329548;8165;247;9187;9305;8.23;0.50;276.29;8.01;1022;25;3171.00;118
8170;25;624329562;8170;249;9193;9305;8.24;0.51;276.38;8.01;1023;25;3172.00;112
8171;25;624329576;8171;246;9194;9305;8.30;0.51;276.37;8.01;1023;25;3173.00;111
8174;25;624329589;8174;244;9196;9305;8.32;0.51;276.38;8.01;1022;25;3174.00;109
8177;25;624329607;8177;243;9199;9305;8.40;0.51;276.47;8.01;1022;25;3175.00;106
8180;25;624329620;8180;241;9203;9306;8.48;0.52;276.54;8.01;1023;25;3176.00;103
8187;25;624329639;8187;240;9208;9307;8.47;0.52;276.58;8.01;1021;25;3177.00;99
8189;25;624329653;8189;237;9212;9307;8.50;0.52;276.55;8.01;1023;25;3178.00;95
8191;25;624329665;8191;236;9214;9308;8.52;0.52;276.62;8.01;1023;25;3179.00;94
8192;25;624329680;8192;241;9215;9308;8.51;0.52;276.67;8.01;1023;25;3180.00;93
8196;25;624329698;8196;241;9220;9308;8.40;0.51;276.75;8.01;1024;25;3181.00;88
8199;25;624329712;8199;246;9222;9308;8.34;0.51;276.84;8.01;1023;25;3182.00;86
8201;25;624329725;8201;244;9226;9312;8.34;0.51;276.86;8.02;1025;25;3183.00;86
8203;25;624329740;8203;245;9228;9312;8.29;0.51;276.87;8.03;1025;25;3184.00;84
8209;25;624329756;8209;247;9229;9312;8.24;0.50;276.96;8.02;1020;25;3185.00;83
8213;25;624329771;8213;254;9233;9315;8.18;0.50;276.93;8.04;1020;25;3186.00;82
8216;25;624329785;8216;259;9233;9315;8.16;0.50;276.95;8.04;1017;25;3187.00;82
8218;25;624329801;8218;263;9234;9315;8.17;0.50;276.99;8.04;1016;25;3188.00;81
8221;25;624329816;8221;265;9239;9319;8.12;0.50;277.06;8.05;1018;25;3189.00;80
8223;25;624329829;8223;271;9242;9320;8.04;0.49;277.03;8.06;1019;25;3190.00;78
8225;25;624329842;8225;280;9244;9322;7.99;0.49;277.04;8.06;1019;25;3191.00;78
8227;25;624329855;8227;278;9250;9326;7.96;0.49;277.15;8.09;1023;25;3192.00;76
8229;25;624329867;8229;283;9250;9326;7.99;0.49;277.15;8.09;1021;25;3193.00;76
8231;25;624329880;8231;287;9250;9326;7.96;0.49;277.23;8.09;1019;25;3194.00;76
8233;25;624329893;8233;286;9254;9328;7.97;0.49;277.26;8.11;1021;25;3195.00;74
8237;25;624329906;8237;288;9254;9328;7.96;0.49;277.32;8.11;1017;25;3196.00;74
8238;25;624329918;8238;288;9261;9334;7.89;0.48;277.33;8.13;1023;25;3197.00;73
8243;25;624329932;8243;294;9261;9334;7.74;0.47;277.40;8.13;1018;25;3198.00;73
8246;25;624329944;8246;299;9262;9335;7.58;0.46;277.45;8.14;1016;25;3199.00;73
8249;25;624329957;8249;300;9264;9335;7.41;0.45;277.44;8.16;1015;25;3200.00;71
8250;25;624329973;8250;308;9264;9335;7.29;0.45;277.42;8.16;1014;25;3201.00;71
8254;25;624329985;8254;318;9265;9335;7.17;0.44;277.48;8.18;1011;25;3202.00;70
8258;25;624329997;8258;321;9266;9335;7.08;0.43;277.48;8.18;1008;25;3203.00;69
8259;25;624330012;8259;330;9276;9347;7.04;0.43;277.53;8.19;1017;25;3204.00;71
8261;25;624330026;8261;338;9277;9347;6.92;0.42;277.56;8.19;1016;25;3205.00;70
8265;25;624330039;8265;349;9280;9347;6.84;0.42;277.57;8.20;1015;25;3206.00;67
8269;25;624330051;8269;357;9281;9347;6.72;0.41;277.58;8.21;1012;25;3207.00;66
8270;25;624330062;8270;365;9282;9347;6.63;0.40;277.63;8.23;1012;25;3208.00;65
8272;25;624330073;8272;360;9282;9347;6.54;0.40;277.67;8.23;1010;25;3209.00;65
8274;25;624330085;8274;365;9287;9351;6.52;0.40;277.72;8.25;1013;25;3210.00;64
8276;25;624330097;8276;365;9287;9351;6.45;0.39;277.76;8.25;1011;25;3211.00;64
8280;25;624330108;8280;368;9291;9355;6.43;0.39;277.81;8.25;1011;25;3212.00;64
8282;25;624330119;8282;366;9294;9356;6.38;0.39;277.83;8.27;1012;25;3213.00;62
8286;25;624330129;8286;365;9294;9356;6.31;0.39;277.90;8.27;1008;25;3214.00;62
8291;25;624330140;8291;365;9295;9356;6.31;0.38;277.89;8.28;1004;25;3215.00;61
8292;25;624330150;8292;369;9307;9369;6.33;0.39;277.92;8.28;1015;25;3216.00;62
8295;25;624330162;8295;373;9307;9369;6.35;0.39;277.89;8.28;1012;25;3217.00;62
8296;25;624330173;8296;376;9309;9369;6.35;0.39;277.90;8.30;1013;25;3218.00;60
8300;25;624330184;8300;374;9311;9370;6.37;0.39;277.96;8.31;1011;25;3219.00;59
8301;25;624330194;8301;378;9312;9371;6.33;0.39;277.97;8.32;1011;25;3220.00;59
8304;25;624330205;8304;377;9312;9371;6.25;0.38;277.99;8.32;1008;25;3221.00;59
8310;25;624330216;8310;376;9315;9374;6.15;0.37;278.07;8.32;1005;25;3222.00;59
8310;25;624330226;8310;382;9318;9374;6.05;0.37;278.07;8.34;1008;25;3223.00;56
8316;25;624330236;8316;388;9318;9374;5.91;0.36;278.11;8.34;1002;25;3224.00;56
8317;25;624330247;8317;387;9319;9374;5.81;0.35;278.12;8.35;1002;25;3225.00;55
8320;25;624330257;8320;381;9325;9380;5.72;0.35;278.12;8.35;1005;25;3226.00;55
8323;25;624330268;8323;386;9325;9380;5.61;0.34;278.13;8.35;1002;25;3227.00;55
8326;25;624330278;8326;383;9326;9380;5.48;0.33;278.17;8.35;1000;25;3228.00;54
8330;25;624330288;8330;387;9326;9380;5.34;0.33;278.16;8.35;996;25;3229.00;54
8334;25;624330297;8334;376;9329;9384;5.24;0.32;278.14;8.35;995;25;3230.00;55
8337;25;624330307;8337;383;9333;9385;5.11;0.31;278.12;8.37;996;25;3231.00;52
8340;25;624330317;8340;379;9333;9385;5.06;0.31;278.18;8.37;993;25;3232.00;52
8343;25;624330326;8343;384;9334;9386;5.05;0.31;278.22;8.37;991;25;3233.00;52
8348;25;624330336;8348;385;9335;9386;5.06;0.31;278.26;8.37;987;25;3234.00;51
8353;25;624330346;8353;384;9335;9386;5.06;0.31;278.31;8.37;982;25;3235.00;51
8355;25;624330355;8355;382;9338;9386;5.06;0.31;278.27;8.39;983;25;3236.00;48
8360;25;624330364;8360;390;9338;9386;5.02;0.31;278.30;8.39;978;25;3237.00;48
8364;25;624330374;8364;382;9338;9386;5.02;0.31;278.31;8.39;974;25;3238.00;48
8367;25;624330384;8367;385;9339;9386;5.03;0.31;278.30;8.40;972;25;3239.00;47
8371;25;624330395;8371;383;9397;9511;5.43;0.34;278.26;8.34;1026;25;3240.00;114
8374;25;624330414;8374;380;9402;9512;5.47;0.34;278.23;8.34;1028;25;3241.00;110
8377;25;624330425;8377;379;9414;9512;5.52;0.34;278.24;8.33;1037;25;3242.00;98
8377;25;624330435;8377;379;9418;9512;5.61;0.35;278.24;8.33;1041;25;3243.00;94
8383;25;624330445;8383;383;9422;9512;5.62;0.35;278.21;8.33;1039;25;3244.00;90
8387;25;624330456;8387;388;9423;9512;5.61;0.35;278.27;8.33;1036;25;3245.00;89
8389;25;624330474;8389;394;9429;9512;5.62;0.35;278.26;8.33;1040;25;3246.00;83
8396;25;624330495;8396;395;9430;9512;5.52;0.34;278.21;8.33;1034;25;3247.00;82
8400;25;624330513;8400;396;9434;9513;5.49;0.34;278.21;8.33;1034;25;3248.00;79
8401;25;624330531;8401;404;9440;9514;5.45;0.34;278.18;8.33;1039;25;3249.00;74
8405;25;624330553;8405;408;9443;9514;5.38;0.33;278.23;8.33;1038;25;3250.00;71
8407;25;624330571;8407;415;9448;9518;5.36;0.33;278.22;8.32;1041;25;3251.00;70
8411;25;624330584;8411;428;9449;9518;5.32;0.33;278.23;8.32;1038;25;3252.00;69
8412;25;624330597;8412;430;9449;9518;5.33;0.33;278.24;8.32;1037;25;3253.00;69
8415;25;624330609;8415;438;9449;9518;5.27;0.32;278.23;8.32;1034;25;3254.00;69
8419;25;624330622;8419;445;9454;9524;5.25;0.32;278.24;8.32;1035;25;3255.00;70
8421;25;624330634;8421;450;9454;9524;5.26;0.32;278.29;8.32;1033;25;3256.00;70
8423;25;624330648;8423;452;9454;9524;5.26;0.32;278.27;8.32;1031;25;3257.00;70
8428;25;624330661;8428;456;9456;9527;5.15;0.32;278.25;8.32;1028;25;3258.00;71
8431;25;624330674;8431;442;9456;9527;5.08;0.31;278.30;8.32;1025;25;3259.00;71
8434;25;624330687;8434;441;9457;9527;5.03;0.31;278.22;8.32;1023;25;3260.00;70
8437;25;624330698;8437;435;9457;9528;5.01;0.31;278.23;8.32;1020;25;3261.00;71
8440;25;624330710;8440;431;9458;9529;5.03;0.31;278.25;8.32;1018;25;3262.00;71
8443;25;624330722;8443;429;9458;9529;5.06;0.31;278.25;8.32;1015;25;3263.00;71
8444;25;624330734;8444;429;9468;9542;5.23;0.32;278.26;8.31;1024;25;3264.00;74
8447;25;624330747;8447;424;9468;9542;5.23;0.32;278.27;8.31;1021;25;3265.00;74
8450;25;624330766;8450;425;9469;9542;5.30;0.32;278.27;8.31;1019;25;3266.00;73
8453;25;624330778;8453;427;9470;9543;5.33;0.33;278.29;8.31;1017;25;3267.00;73
8458;26;624330790;8458;429;9470;9543;5.33;0.32;278.27;8.31;1012;26;3268.00;73
8462;26;624330811;8462;432;9473;9547;5.36;0.33;278.32;8.30;1011;26;3269.00;74
8464;26;624330830;8464;442;9474;9547;5.35;0.33;278.31;8.30;1010;26;3270.00;73
8468;26;624330847;8468;437;9477;9551;5.36;0.33;278.29;8.30;1009;26;3271.00;74
8468;26;624330866;8468;438;9477;9551;5.39;0.33;278.29;8.30;1009;26;3272.00;74
8470;26;624330879;8470;437;9477;9551;5.40;0.33;278.24;8.30;1007;26;3273.00;74
8470;26;624330891;8470;436;9477;9551;5.43;0.33;278.24;8.30;1007;26;3274.00;74
8471;26;624330903;8471;436;9477;9551;5.46;0.33;278.24;8.30;1006;26;3275.00;74
8472;26;624330915;8472;436;9487;9563;5.62;0.34;278.21;8.29;1015;26;3276.00;76
8473;26;624330929;8473;425;9488;9563;5.66;0.35;278.18;8.29;1015;26;3277.00;75
8474;26;624330942;8474;409;9488;9563;5.66;0.35;278.18;8.29;1014;26;3278.00;75
8476;26;624330954;8476;406;9488;9563;5.67;0.35;278.15;8.29;1012;26;3279.00;75
8476;26;624330965;8476;394;9488;9563;5.76;0.35;278.15;8.29;1012;26;3280.00;75
8478;26;624330979;8478;392;9488;9563;5.82;0.36;278.18;8.29;1010;26;3281.00;75
8481;26;624330993;8481;386;9488;9564;5.86;0.36;278.18;8.29;1007;26;3282.00;76
8482;26;624331006;8482;389;9488;9564;5.95;0.36;278.23;8.29;1006;26;3283.00;76
8484;26;624331019;8484;382;9493;9570;6.05;0.37;278.21;8.29;1009;26;3284.00;77
8486;26;624331032;8486;376;9495;9572;6.11;0.37;278.20;8.29;1009;26;3285.00;77
8488;26;624331051;8488;355;9495;9572;6.21;0.38;278.18;8.29;1007;26;3286.00;77
8490;26;624331071;8490;340;9495;9572;6.30;0.38;278.16;8.29;1005;26;3287.00;77
8493;26;624331083;8493;325;9498;9576;6.41;0.39;278.24;8.28;1005;26;3288.00;78
8493;26;624331096;8493;320;9498;9576;6.55;0.40;278.24;8.28;1005;26;3289.00;78
8494;26;624331109;8494;308;9498;9576;6.66;0.41;278.32;8.28;1004;26;3290.00;78
8495;26;624331122;8495;294;9499;9577;6.81;0.41;278.39;8.28;1004;26;3291.00;78
8499;26;624331134;8499;287;9502;9581;6.91;0.42;278.54;8.28;1003;26;3292.00;79
8501;26;624331148;8501;285;9502;9581;7.02;0.43;278.53;8.28;1001;26;3293.00;79
8504;26;624331161;8504;283;9504;9584;7.13;0.43;278.54;8.28;1000;26;3294.00;80
8507;26;624331174;8507;282;9504;9584;7.19;0.44;278.55;8.28;997;26;3295.00;80
8508;26;624331187;8508;283;9505;9584;7.30;0.44;278.54;8.28;997;26;3296.00;79
8509;26;624331200;8509;277;9505;9584;7.36;0.45;278.58;8.28;996;26;3297.00;79
8517;26;624331219;8517;269;9509;9588;7.48;0.45;278.61;8.27;992;26;3298.00;79
8519;26;624331232;8519;266;9510;9588;7.58;0.46;278.61;8.36;991;26;3299.00;78
8524;26;624331250;8524;267;9515;9607;7.60;0.46;278.66;8.35;991;26;3300.00;92
8526;26;624331270;8526;265;9515;9607;7.72;0.47;278.70;8.35;989;26;3301.00;92
8530;26;624331284;8530;260;9515;9608;7.75;0.47;278.70;8.35;985;26;3302.00;93
8534;26;624331297;8534;253;9516;9609;7.81;0.47;278.81;8.35;982;26;3303.00;93
8536;26;624331312;8536;250;9516;9609;7.86;0.47;278.91;8.35;980;26;3304.00;93
8537;26;624331327;8537;249;9517;9610;7.91;0.48;278.90;8.35;980;26;3305.00;93
8539;26;624331340;8539;248;9519;9610;7.93;0.48;278.99;8.35;980;26;3306.00;91
8541;26;624331354;8541;243;9519;9610;8.02;0.48;279.03;8.35;978;26;3307.00;91
8545;26;624331368;8545;236;9519;9610;8.11;0.49;279.15;8.35;974;26;3308.00;91
8549;26;624331388;8549;238;9519;9610;8.17;0.49;279.22;8.35;970;26;3309.00;91
8550;26;624331403;8550;237;9519;9610;8.30;0.50;279.21;8.35;969;26;3310.00;91
8555;26;624331417;8555;232;9519;9610;8.38;0.51;279.25;8.35;964;26;3311.00;91
8558;26;624331431;8558;259;9589;9737;8.37;0.51;279.29;8.29;1031;26;3312.00;148
8561;26;624331457;8561;244;9589;9738;8.37;0.51;279.36;8.29;1028;26;3313.00;149
8563;26;624331474;8563;238;9593;9738;8.41;0.51;279.38;8.29;1030;26;3314.00;145
8567;26;624331488;8567;233;9594;9738;8.40;0.51;279.49;8.37;1027;26;3315.00;144
8568;26;624331503;8568;234;9598;9738;8.41;0.52;279.56;8.37;1030;26;3316.00;140
8571;26;624331516;8571;239;9599;9738;8.41;0.52;279.60;8.37;1028;26;3317.00;139
8574;26;624331529;8574;238;9604;9738;8.47;0.52;279.65;8.44;1030;26;3318.00;134
8575;26;624331542;8575;237;9607;9738;8.56;0.52;279.71;8.44;1032;26;3319.00;131
8578;27;624331555;8578;234;9611;9739;8.64;0.53;279.75;8.52;1033;27;3320.00;128
8581;27;624331575;8581;238;9614;9740;8.68;0.53;279.83;8.52;1033;27;3321.00;126
8581;27;624331588;8581;242;9617;9740;8.71;0.53;279.83;8.52;1036;27;3322.00;123
8584;27;624331601;8584;250;9622;9741;8.63;0.53;279.83;8.52;1038;27;3323.00;119
8587;27;624331614;8587;251;9623;9741;8.63;0.53;279.82;8.52;1036;27;3324.00;118
8590;27;624331627;8590;258;9627;9741;8.60;0.53;279.85;8.59;1037;27;3325.00;114
8594;27;624331641;8594;261;9628;9741;8.56;0.52;279.83;8.60;1034;27;3326.00;113
8598;27;624331654;8598;264;9630;9745;8.51;0.52;279.85;8.59;1032;27;3327.00;115
8601;27;624331668;8601;266;9633;9745;8.48;0.52;279.88;8.60;1032;27;3328.00;112
8606;27;624331680;8606;267;9634;9745;8.36;0.51;279.92;8.60;1028;27;3329.00;111
8608;27;624331695;8608;261;9637;9751;8.31;0.51;280.05;8.60;1029;27;3330.00;114
8614;27;624331708;8614;254;9640;9751;8.22;0.50;280.08;8.60;1026;27;3331.00;111
8617;27;624331721;8617;253;9641;9751;8.20;0.50;280.06;8.60;1024;27;3332.00;110
8620;27;624331733;8620;253;9647;9755;8.10;0.50;280.11;8.67;1027;27;3333.00;108
8623;27;624331750;8623;249;9651;9756;8.06;0.49;280.08;8.67;1028;27;3334.00;105
8626;27;624331764;8626;253;9657;9756;8.04;0.49;280.10;8.70;1031;27;3335.00;99
8628;27;624331778;8628;252;9659;9760;8.08;0.49;280.10;8.70;1031;27;3336.00;101
8630;27;624331792;8630;254;9661;9760;8.12;0.50;280.09;8.70;1031;27;3337.00;99
8633;27;624331805;8633;252;9662;9760;8.13;0.50;280.12;8.70;1029;27;3338.00;98
8638;27;624331818;8638;258;9664;9761;8.13;0.50;280.10;8.70;1026;27;3339.00;97
8641;27;624331831;8641;255;9664;9761;8.12;0.49;280.16;8.70;1023;27;3340.00;97
8642;27;624331845;8642;256;9669;9767;8.12;0.49;280.14;8.70;1027;27;3341.00;98
8645;27;624331858;8645;250;9671;9767;8.11;0.49;280.12;8.77;1026;27;3342.00;96
8647;27;624331871;8647;251;9673;9768;8.09;0.49;280.08;8.78;1026;27;3343.00;95
8652;27;624331883;8652;250;9674;9768;8.13;0.50;280.26;8.78;1022;27;3344.00;94
8653;27;624331897;8653;253;9675;9768;8.14;0.50;280.24;8.85;1022;27;3345.00;93
8659;27;624331915;8659;250;9675;9768;8.14;0.50;280.18;8.85;1016;27;3346.00;93
8662;27;624331927;8662;252;9676;9768;8.11;0.49;280.18;8.85;1014;27;3347.00;92
8665;27;624331940;8665;256;9685;9780;8.13;0.50;280.20;8.84;1020;27;3348.00;95
8668;27;624331953;8668;261;9686;9780;8.10;0.49;280.28;8.84;1018;27;3349.00;94
8671;27;624331965;8671;252;9687;9780;8.01;0.49;280.27;8.84;1016;27;3350.00;93
8674;27;624331978;8674;250;9689;9780;7.89;0.48;280.34;8.84;1015;27;3351.00;91
8676;27;624331990;8676;257;9689;9780;7.79;0.48;280.43;8.84;1013;27;3352.00;91
8682;27;624332003;8682;265;9689;9780;7.79;0.47;280.41;8.84;1007;27;3353.00;91
8686;27;624332015;8686;269;9693;9784;7.72;0.47;280.42;8.84;1007;27;3354.00;91
8688;27;624332027;8688;275;9694;9784;7.74;0.47;280.47;8.85;1006;27;3355.00;90
8692;27;624332038;8692;279;9698;9788;7.74;0.47;280.55;8.84;1006;27;3356.00;90
8693;27;624332050;8693;288;9700;9789;7.74;0.47;280.52;8.84;1007;27;3357.00;89
8696;27;624332063;8696;296;9700;9789;7.73;0.47;280.57;8.84;1004;27;3358.00;89
8698;27;624332075;8698;298;9701;9789;7.70;0.47;280.60;8.91;1003;27;3359.00;88
8699;27;624332089;8699;306;9723;9818;7.63;0.46;280.61;8.91;1024;27;3360.00;95
8701;27;624332102;8701;305;9724;9818;7.60;0.46;280.65;8.92;1023;27;3361.00;94
8702;27;624332114;8702;304;9726;9818;7.58;0.46;280.68;8.92;1024;27;3362.00;92
8705;27;624332126;8705;311;9730;9819;7.56;0.46;280.80;8.94;1025;27;3363.00;89
8713;27;624332138;8713;320;9731;9820;7.48;0.46;280.83;8.94;1018;27;3364.00;89
8714;27;624332150;8714;325;9732;9820;7.44;0.45;280.82;8.95;1018;27;3365.00;88
8718;27;624332162;8718;331;9735;9823;7.38;0.45;280.88;8.97;1017;27;3366.00;88
8721;27;624332174;8721;339;9735;9823;7.33;0.45;281.07;8.97;1014;27;3367.00;88
8723;27;624332185;8723;345;9738;9823;7.24;0.44;281.09;8.99;1015;27;3368.00;85
8725;27;624332197;8725;352;9739;9823;7.16;0.44;281.16;9.00;1014;27;3369.00;84
8729;27;624332208;8729;360;9745;9829;7.05;0.43;281.22;9.01;1016;27;3370.00;84
8731;27;624332220;8731;360;9746;9829;6.93;0.42;281.29;9.03;1015;27;3371.00;83
8731;27;624332231;8731;368;9747;9829;6.83;0.42;281.29;9.04;1016;27;3372.00;82
8733;27;624332242;8733;379;9748;9829;6.65;0.41;281.31;9.05;1015;27;3373.00;81
8737;27;624332253;8737;388;9752;9833;6.50;0.40;281.37;9.06;1015;27;3374.00;81
8738;27;624332265;8738;400;9754;9835;6.38;0.39;281.38;9.06;1016;27;3375.00;81
8741;27;624332275;8741;410;9756;9835;6.25;0.38;281.38;9.08;1015;27;3376.00;79
8742;27;624332286;8742;416;9757;9836;6.17;0.38;281.37;9.08;1015;27;3377.00;79
8746;27;624332297;8746;426;9758;9836;6.01;0.37;281.34;9.09;1012;27;3378.00;78
8748;27;624332307;8748;423;9759;9836;5.88;0.36;281.37;9.10;1011;27;3379.00;77
8751;27;624332318;8751;423;9759;9836;5.75;0.35;281.37;9.10;1008;27;3380.00;77
8755;27;624332328;8755;424;9759;9836;5.67;0.35;281.29;9.10;1004;27;3381.00;77
8758;27;624332338;8758;428;9763;9836;5.58;0.34;281.29;9.14;1005;27;3382.00;73
8761;27;624332349;8761;419;9764;9836;5.51;0.34;281.34;9.15;1003;27;3383.00;72
8763;27;624332359;8763;427;9803;9906;5.69;0.35;281.30;9.13;1040;27;3384.00;103
8766;27;624332374;8766;424;9806;9907;5.63;0.35;281.23;9.13;1040;27;3385.00;101
8770;27;624332385;8770;427;9814;9907;5.63;0.35;281.23;9.12;1044;27;3386.00;93
8773;27;624332396;8773;425;9818;9907;5.59;0.34;281.16;9.13;1045;27;3387.00;89
8773;27;624332407;8773;432;9824;9907;5.60;0.34;281.16;9.13;1051;27;3388.00;83
8773;27;624332417;8773;426;9828;9907;5.61;0.35;281.16;9.14;1055;27;3389.00;79
8775;27;624332429;8775;430;9830;9907;5.59;0.34;281.13;9.13;1055;27;3390.00;77
8778;27;624332441;8778;439;9832;9907;5.56;0.34;281.07;9.13;1054;27;3391.00;75
8784;27;624332451;8784;444;9835;9908;5.54;0.34;281.02;9.14;1051;27;3392.00;73
8786;27;624332463;8786;446;9836;9909;5.50;0.34;280.98;9.14;1050;27;3393.00;73
8790;27;624332478;8790;446;9839;9909;5.46;0.33;280.95;9.15;1049;27;3394.00;70
8792;27;624332496;8792;445;9842;9913;5.44;0.33;280.99;9.15;1050;27;3395.00;71
8800;27;624332516;8800;441;9843;9913;5.33;0.33;280.93;9.16;1043;27;3396.00;70
8804;27;624332534;8804;449;9843;9913;5.21;0.32;280.93;9.16;1039;27;3397.00;70
8805;27;624332549;8805;462;9845;9913;5.12;0.31;280.93;9.18;1040;27;3398.00;68
8809;27;624332564;8809;462;9851;9919;5.04;0.31;280.90;9.18;1042;27;3399.00;68
8810;27;624332579;8810;455;9851;9919;4.94;0.30;280.89;9.18;1041;27;3400.00;68
8812;27;624332596;8812;454;9852;9919;4.83;0.30;280.92;9.19;1040;27;3401.00;67
8815;27;624332608;8815;454;9854;9922;4.81;0.30;280.94;9.19;1039;27;3402.00;68
8816;27;624332620;8816;450;9854;9922;4.78;0.29;280.91;9.19;1038;27;3403.00;68
8819;27;624332631;8819;446;9855;9922;4.71;0.29;280.93;9.20;1036;27;3404.00;67
8821;27;624332643;8821;446;9855;9923;4.68;0.29;280.94;9.20;1034;27;3405.00;68
8822;27;624332655;8822;451;9858;9924;4.69;0.29;280.98;9.21;1036;27;3406.00;66
8824;27;624332666;8824;447;9859;9924;4.69;0.29;281.01;9.22;1035;27;3407.00;65
8829;27;624332678;8829;452;9870;9937;4.68;0.29;280.92;9.21;1041;27;3408.00;67
8830;27;624332690;8830;449;9870;9937;4.69;0.29;280.90;9.21;1040;27;3409.00;67
8832;27;624332700;8832;455;9870;9937;4.69;0.29;280.90;9.21;1038;27;3410.00;67
8834;27;624332711;8834;440;9871;9938;4.74;0.29;280.88;9.21;1037;27;3411.00;67
8837;27;624332723;8837;425;9871;9938;4.82;0.30;280.91;9.21;1034;27;3412.00;67
8839;27;624332734;8839;412;9874;9942;4.99;0.31;280.92;9.21;1035;27;3413.00;68
8840;27;624332746;8840;408;9874;9942;5.11;0.31;280.93;9.21;1034;27;3414.00;68
8847;27;624332758;8847;404;9878;9946;5.20;0.32;280.90;9.21;1031;27;3415.00;68
8850;27;624332770;8850;396;9878;9946;5.30;0.32;280.88;9.21;1028;27;3416.00;68
8854;27;624332782;8854;399;9879;9946;5.42;0.33;280.83;9.21;1025;27;3417.00;67
8859;27;624332807;8859;392;9880;9946;5.49;0.33;280.84;9.21;1021;27;3418.00;66
8862;27;624332819;8862;388;9881;9946;5.50;0.33;280.86;9.21;1019;27;3419.00;65
8865;27;624332833;8865;393;9907;9980;5.66;0.35;280.82;9.18;1042;27;3420.00;73
8868;27;624332848;8868;389;9907;9980;5.68;0.35;280.80;9.18;1039;27;3421.00;73
8870;27;624332860;8870;387;9909;9980;5.75;0.35;280.79;9.18;1039;27;3422.00;71
8873;27;624332873;8873;390;9909;9980;5.75;0.35;280.83;9.18;1036;27;3423.00;71
8875;27;624332884;8875;391;9910;9980;5.78;0.35;280.84;9.18;1035;27;3424.00;70
8876;27;624332902;8876;384;9910;9980;5.79;0.35;280.87;9.18;1034;27;3425.00;70
8880;27;624332915;8880;387;9910;9981;5.74;0.35;280.94;9.18;1030;27;3426.00;71
8883;27;624332927;8883;389;9910;9981;5.72;0.35;280.93;9.18;1027;27;3427.00;71
8886;27;624332942;8886;386;9915;9987;5.71;0.35;280.89;9.18;1029;27;3428.00;72
8887;27;624332954;8887;390;9916;9988;5.73;0.35;280.90;9.18;1029;27;3429.00;72
8888;27;624332967;8888;402;9916;9988;5.72;0.35;280.91;9.18;1028;27;3430.00;72
8893;27;624332979;8893;408;9916;9988;5.66;0.34;280.97;9.18;1023;27;3431.00;72
8896;27;624332991;8896;405;9919;9992;5.64;0.34;280.99;9.17;1023;27;3432.00;73
8899;27;624333004;8899;408;9919;9992;5.67;0.35;281.05;9.17;1020;27;3433.00;73
8903;27;624333027;8903;409;9919;9992;5.66;0.34;281.06;9.17;1016;27;3434.00;73
8907;27;624333039;8907;405;9920;9993;5.65;0.34;281.13;9.17;1013;27;3435.00;73
8909;27;624333051;8909;397;9923;9997;5.68;0.35;281.12;9.17;1014;27;3436.00;74
8913;27;624333063;8913;396;9923;9997;5.66;0.34;281.12;9.17;1010;27;3437.00;74
8916;27;624333075;8916;393;9925;10000;5.66;0.34;281.18;9.17;1009;27;3438.00;75
8920;27;624333087;8920;393;9925;10000;5.62;0.34;281.11;9.17;1005;27;3439.00;75
8923;27;624333099;8923;394;9926;10000;5.61;0.34;281.14;9.17;1003;27;3440.00;74
8927;27;624333111;8927;395;9926;10000;5.60;0.34;281.25;9.17;999;27;3441.00;74
8929;27;624333122;8929;391;9930;10004;5.68;0.35;281.30;9.16;1001;27;3442.00;74
8933;27;624333134;8933;397;9931;10004;5.73;0.35;281.38;9.23;998;27;3443.00;73
8936;27;624333148;8936;394;9931;10004;5.77;0.35;281.39;9.23;995;27;3444.00;73
8936;27;624333161;8936;401;9931;10004;5.87;0.36;281.39;9.23;995;27;3445.00;73
8941;27;624333172;8941;395;9931;10005;5.83;0.36;281.50;9.23;990;27;3446.00;74
8944;27;624333184;8944;373;9932;10006;5.89;0.36;281.49;9.23;988;27;3447.00;74
8945;27;624333196;8945;361;9932;10006;5.93;0.36;281.50;9.23;987;27;3448.00;74
8948;27;624333208;8948;354;9933;10007;5.99;0.36;281.54;9.23;985;27;3449.00;74
8952;27;624333228;8952;351;9933;10007;6.04;0.37;281.64;9.23;981;27;3450.00;74
8955;27;624333240;8955;345;9933;10007;6.13;0.37;281.70;9.23;978;27;3451.00;74
8958;27;624333253;8958;349;9933;10007;6.20;0.38;281.76;9.23;975;27;3452.00;74
8960;27;624333266;8960;343;9933;10007;6.29;0.38;281.75;9.23;973;27;3453.00;74
8964;27;624333278;8964;343;9933;10007;6.35;0.38;281.79;9.23;969;27;3454.00;74
8967;27;624333291;8967;341;9933;10007;6.45;0.39;281.82;9.23;966;27;3455.00;74
8967;27;624333309;8967;349;10012;10134;6.67;0.41;281.82;9.16;1045;27;3456.00;122
8967;27;624333332;8967;332;10012;10135;6.79;0.42;281.82;9.16;1045;27;3457.00;123
8968;27;624333346;8968;312;10017;10135;6.95;0.43;281.86;9.16;1049;27;3458.00;118
8970;27;624333359;8970;297;10019;10135;7.15;0.44;281.95;9.16;1049;27;3459.00;116
8971;28;624333374;8971;286;10024;10135;7.31;0.45;281.93;9.22;1053;28;3460.00;111
8974;28;624333407;8974;276;10025;10135;7.45;0.46;282.04;9.22;1051;28;3461.00;110
8974;28;624333422;8974;266;10028;10135;7.61;0.47;282.04;9.22;1054;28;3462.00;107
8974;28;624333435;8974;267;10030;10135;7.76;0.48;282.04;9.22;1056;28;3463.00;105
8978;28;624333449;8978;267;10032;10136;7.82;0.48;282.06;9.22;1054;28;3464.00;104
8980;28;624333468;8980;268;10037;10138;7.84;0.48;282.13;9.22;1057;28;3465.00;101
8984;28;624333482;8984;270;10040;10138;7.93;0.48;282.16;9.22;1056;28;3466.00;98
8985;28;624333497;8985;268;10042;10139;7.96;0.49;282.22;9.22;1057;28;3467.00;97
8990;28;624333512;8990;269;10044;10139;7.96;0.49;282.24;9.22;1054;28;3468.00;95
8992;28;624333527;8992;277;10047;10139;7.94;0.49;282.29;9.22;1055;28;3469.00;92
8995;28;624333541;8995;285;10049;10139;7.96;0.49;282.43;9.22;1054;28;3470.00;90
8997;28;624333555;8997;286;10054;10143;7.91;0.48;282.46;9.22;1057;28;3471.00;89
8998;28;624333569;8998;293;10054;10143;7.81;0.48;282.48;9.22;1056;28;3472.00;89
9003;28;624333582;9003;297;10055;10143;7.74;0.47;282.67;9.22;1052;28;3473.00;88
9004;28;624333596;9004;299;10058;10146;7.75;0.48;282.71;9.22;1054;28;3474.00;88
9005;28;624333610;9005;303;10058;10146;7.73;0.47;282.74;9.22;1053;28;3475.00;88
9011;28;624333623;9011;309;10059;10146;7.73;0.47;282.86;9.22;1048;28;3476.00;87
9014;28;624333637;9014;310;10062;10150;7.67;0.47;282.98;9.22;1048;28;3477.00;88
9016;28;624333651;9016;306;10064;10151;7.70;0.47;282.95;9.22;1048;28;3478.00;87
9017;28;624333666;9017;300;10066;10151;7.73;0.47;282.99;9.22;1049;28;3479.00;85
9021;28;624333684;9021;294;10069;10156;7.74;0.47;283.07;9.22;1048;28;3480.00;87
9023;28;624333698;9023;290;10071;10156;7.76;0.48;283.14;9.28;1048;28;3481.00;85
9025;28;624333711;9025;291;10071;10156;7.79;0.48;283.11;9.28;1046;28;3482.00;85
9032;28;624333724;9032;290;10072;10157;7.79;0.48;283.17;9.28;1040;28;3483.00;85
9036;28;624333739;9036;289;10072;10157;7.82;0.48;283.17;9.28;1036;28;3484.00;85
9039;28;624333751;9039;283;10077;10163;7.83;0.48;283.20;9.28;1038;28;3485.00;86
9043;28;624333765;9043;283;10077;10163;7.84;0.48;283.28;9.28;1034;28;3486.00;86
9046;28;624333778;9046;274;10077;10164;7.87;0.48;283.40;9.28;1031;28;3487.00;87
9048;28;624333791;9048;275;10077;10164;7.87;0.48;283.46;9.28;1029;28;3488.00;87
9050;28;624333803;9050;274;10077;10164;7.86;0.48;283.51;9.28;1027;28;3489.00;87
9051;28;624333816;9051;278;10077;10164;7.88;0.48;283.51;9.28;1026;28;3490.00;87
9054;28;624333829;9054;280;10077;10164;7.80;0.47;283.55;9.28;1023;28;3491.00;87
9056;28;624333842;9056;279;10087;10176;7.82;0.48;283.57;9.27;1031;28;3492.00;89
9062;28;624333856;9062;275;10087;10176;7.80;0.48;283.57;9.27;1025;28;3493.00;89
9064;28;624333869;9064;269;10088;10176;7.84;0.48;283.63;9.27;1024;28;3494.00;88
9067;28;624333881;9067;269;10088;10176;7.88;0.48;283.63;9.27;1021;28;3495.00;88
9070;28;624333894;9070;270;10089;10176;7.89;0.48;283.75;9.33;1019;28;3496.00;87
9072;28;624333906;9072;265;10089;10176;7.93;0.48;283.80;9.33;1017;28;3497.00;87
9076;28;624333919;9076;265;10092;10180;7.91;0.48;283.88;9.33;1016;28;3498.00;88
9082;28;624333931;9082;271;10093;10180;7.92;0.48;283.92;9.39;1011;28;3499.00;87
9085;28;624333945;9085;280;10097;10184;7.97;0.48;283.95;9.38;1012;28;3500.00;87
9088;28;624333961;9088;283;10097;10185;7.97;0.48;283.96;9.38;1009;28;3501.00;88
9091;28;624333974;9091;278;10098;10185;7.94;0.48;283.96;9.38;1007;28;3502.00;87
9093;28;624333991;9093;274;10098;10185;7.89;0.48;284.06;9.38;1005;28;3503.00;87
9095;28;624334003;9095;275;10109;10198;7.84;0.48;284.05;9.37;1014;28;3504.00;89
9098;28;624334016;9098;271;10110;10198;7.83;0.48;284.09;9.39;1012;28;3505.00;88
9103;28;624334029;9103;273;10110;10198;7.88;0.48;284.13;9.39;1007;28;3506.00;88
9105;28;624334042;9105;271;10111;10199;7.99;0.49;284.18;9.39;1006;28;3507.00;88
9108;28;624334054;9108;267;10111;10200;8.05;0.49;284.14;9.39;1003;28;3508.00;89
9112;28;624334066;9112;272;10111;10200;8.12;0.50;284.16;9.39;999;28;3509.00;89
9117;28;624334081;9117;269;10115;10206;8.14;0.50;284.15;9.38;998;28;3510.00;91
9118;28;624334094;9118;264;10116;10206;8.09;0.49;284.12;9.38;998;28;3511.00;90
9121;28;624334106;9121;259;10117;10206;8.03;0.49;284.13;9.38;996;28;3512.00;89
9123;28;624334118;9123;265;10117;10206;8.07;0.49;284.18;9.38;994;28;3513.00;89
9128;28;624334129;9128;270;10122;10212;8.15;0.50;284.14;9.38;994;28;3514.00;90
9132;28;624334143;9132;276;10122;10212;8.16;0.50;284.15;9.38;990;28;3515.00;90
9134;28;624334155;9134;279;10122;10212;8.20;0.50;284.23;9.38;988;28;3516.00;90
9138;28;624334167;9138;277;10122;10212;8.21;0.50;284.26;9.38;984;28;3517.00;90
9141;28;624334179;9141;283;10125;10216;8.16;0.50;284.35;9.37;984;28;3518.00;91
9144;28;624334191;9144;284;10128;10219;8.02;0.49;284.31;9.37;984;28;3519.00;91
9147;28;624334202;9147;285;10129;10219;7.96;0.48;284.40;9.38;982;28;3520.00;90
9149;28;624334214;9149;288;10130;10220;7.89;0.48;284.45;9.38;981;28;3521.00;90
9155;28;624334231;9155;296;10130;10220;7.82;0.48;284.52;9.38;975;28;3522.00;90
9156;28;624334243;9156;296;10130;10220;7.82;0.48;284.57;9.38;974;28;3523.00;90
9158;28;624334256;9158;298;10130;10220;7.79;0.47;284.54;9.38;972;28;3524.00;90
9162;28;624334267;9162;309;10130;10220;7.74;0.47;284.55;9.38;968;28;3525.00;90
9165;28;624334278;9165;316;10131;10220;7.66;0.47;284.62;9.39;966;28;3526.00;89
9167;28;624334289;9167;318;10131;10220;7.58;0.46;284.72;9.39;964;28;3527.00;89
9171;28;624334300;9171;327;10167;10290;7.66;0.47;284.75;9.36;996;28;3528.00;123
9173;28;624334317;9173;330;10168;10291;7.57;0.46;284.84;9.37;995;28;3529.00;123
9175;28;624334329;9175;330;10177;10291;7.59;0.46;284.83;9.38;1002;28;3530.00;114
9176;28;624334340;9176;331;10181;10291;7.56;0.46;284.81;9.38;1005;28;3531.00;110
9179;28;624334351;9179;331;10186;10291;7.47;0.46;284.76;9.40;1007;28;3532.00;105
9179;28;624334364;9179;339;10188;10291;7.38;0.45;284.76;9.40;1009;28;3533.00;103
9183;28;624334376;9183;346;10191;10291;7.26;0.44;284.72;9.42;1008;28;3534.00;100
9184;28;624334388;9184;355;10194;10291;7.17;0.44;284.73;9.42;1010;28;3535.00;97
9188;28;624334399;9188;352;10196;10292;7.08;0.43;284.66;9.44;1008;28;3536.00;96
9190;28;624334411;9190;357;10200;10293;7.03;0.43;284.71;9.44;1010;28;3537.00;93
9191;28;624334422;9191;364;10204;10293;6.98;0.43;284.68;9.46;1013;28;3538.00;89
9192;28;624334432;9192;371;10210;10297;6.95;0.43;284.68;9.46;1018;28;3539.00;87
9196;28;624334446;9196;378;10215;10297;6.83;0.42;284.80;9.50;1019;28;3540.00;82
9200;28;624334458;9200;385;10215;10297;6.68;0.41;284.75;9.50;1015;28;3541.00;82
9202;28;624334473;9202;396;10216;10297;6.59;0.40;284.76;9.51;1014;28;3542.00;81
9203;28;624334488;9203;405;10222;10303;6.61;0.41;284.73;9.52;1019;28;3543.00;81
9205;28;624334507;9205;412;10222;10303;6.58;0.40;284.69;9.52;1017;28;3544.00;81
9208;28;624334526;9208;417;10223;10303;6.50;0.40;284.64;9.53;1015;28;3545.00;80
9210;28;624334542;9210;423;10226;10306;6.41;0.39;284.70;9.54;1016;28;3546.00;80
9212;28;624334559;9212;426;10227;10306;6.29;0.39;284.73;9.54;1015;28;3547.00;79
9213;28;624334577;9213;435;10229;10306;6.20;0.38;284.72;9.56;1016;28;3548.00;77
9214;28;624334594;9214;429;10229;10307;6.11;0.38;284.71;9.56;1015;28;3549.00;78
9218;28;624334607;9218;430;10232;10308;6.03;0.37;284.68;9.58;1014;28;3550.00;76
9220;28;624334621;9220;428;10232;10308;5.97;0.37;284.63;9.58;1012;28;3551.00;76
9222;28;624334634;9222;437;10244;10321;5.93;0.36;284.60;9.58;1022;28;3552.00;77
9223;28;624334648;9223;431;10245;10321;5.85;0.36;284.58;9.60;1022;28;3553.00;76
9225;28;624334663;9225;435;10245;10321;5.79;0.35;284.55;9.60;1020;28;3554.00;76
9226;28;624334678;9226;430;10249;10323;5.74;0.35;284.53;9.62;1023;28;3555.00;74
9227;28;624334690;9227;433;10249;10323;5.69;0.35;284.51;9.62;1022;28;3556.00;74
9229;28;624334702;9229;432;10254;10327;5.73;0.35;284.49;9.63;1025;28;3557.00;73
9230;28;624334714;9230;438;10255;10327;5.72;0.35;284.46;9.64;1025;28;3558.00;72
9232;28;624334727;9232;438;10258;10331;5.64;0.35;284.44;9.64;1026;28;3559.00;73
9234;28;624334740;9234;441;10260;10331;5.54;0.34;284.43;9.66;1026;28;3560.00;71
9236;28;624334752;9236;449;10260;10331;5.45;0.33;284.45;9.66;1024;28;3561.00;71
9241;28;624334763;9241;453;10260;10331;5.30;0.32;284.48;9.66;1019;28;3562.00;71
9243;28;624334774;9243;438;10262;10331;5.23;0.32;284.45;9.67;1019;28;3563.00;69
9246;28;624334786;9246;433;10272;10343;5.29;0.32;284.41;9.66;1026;28;3564.00;71
9249;28;624334799;9249;433;10274;10343;5.24;0.32;284.40;9.68;1025;28;3565.00;69
9251;28;624334812;9251;431;10276;10343;5.22;0.32;284.36;9.69;1025;28;3566.00;67
9256;28;624334823;9256;431;10277;10343;5.20;0.32;284.39;9.70;1021;28;3567.00;66
9257;28;624334835;9257;436;10277;10343;5.20;0.32;284.38;9.70;1020;28;3568.00;66
9260;28;624334847;9260;433;10277;10343;5.19;0.32;284.40;9.70;1017;28;3569.00;66
9261;28;624334861;9261;419;10280;10344;5.21;0.32;284.42;9.73;1019;28;3570.00;64
9262;28;624334872;9262;416;10280;10344;5.24;0.32;284.43;9.73;1018;28;3571.00;64
9266;28;624334883;9266;411;10285;10350;5.31;0.32;284.43;9.72;1019;28;3572.00;65
9269;28;624334896;9269;409;10288;10351;5.32;0.32;284.39;9.73;1019;28;3573.00;63
9270;28;624334909;9270;402;10288;10351;5.37;0.33;284.41;9.73;1018;28;3574.00;63
9273;28;624334920;9273;404;10289;10351;5.41;0.33;284.40;9.73;1016;28;3575.00;62
9276;28;624334932;9276;405;10292;10355;5.48;0.33;284.45;9.73;1016;28;3576.00;63
9278;28;624334944;9278;395;10294;10355;5.53;0.34;284.48;9.74;1016;28;3577.00;61
9280;28;624334962;9280;392;10294;10355;5.61;0.34;284.48;9.74;1014;28;3578.00;61
9282;28;624334976;9282;382;10295;10356;5.64;0.34;284.52;9.74;1013;28;3579.00;61
9285;28;624334988;9285;380;10298;10360;5.71;0.35;284.53;9.74;1013;28;3580.00;62
9285;28;624335000;9285;369;10298;10360;5.75;0.35;284.53;9.74;1013;28;3581.00;62
9288;28;624335014;9288;360;10300;10363;5.81;0.35;284.57;9.74;1012;28;3582.00;63
9292;28;624335026;9292;357;10301;10363;5.88;0.36;284.63;9.74;1009;28;3583.00;62
9293;28;624335039;9293;358;10301;10363;5.93;0.36;284.62;9.74;1008;28;3584.00;62
9297;28;624335051;9297;352;10301;10363;5.95;0.36;284.70;9.74;1004;28;3585.00;62
9301;28;624335064;9301;350;10305;10367;6.03;0.37;284.69;9.73;1004;28;3586.00;62
9303;28;624335077;9303;343;10305;10367;6.10;0.37;284.73;9.73;1002;28;3587.00;62
9307;28;624335090;9307;344;10305;10367;6.12;0.37;284.74;9.73;998;28;3588.00;62
9311;28;624335103;9311;339;10305;10367;6.14;0.37;284.74;9.73;994;28;3589.00;62
9315;28;624335116;9315;339;10306;10368;6.15;0.37;284.71;9.80;991;28;3590.00;62
9318;28;624335130;9318;334;10307;10369;6.20;0.38;284.74;9.80;989;28;3591.00;62
9324;28;624335144;9324;333;10307;10369;6.17;0.37;284.78;9.80;983;28;3592.00;62
9327;28;624335157;9327;335;10308;10370;6.19;0.37;284.77;9.80;981;28;3593.00;62
9330;28;624335171;9330;336;10308;10370;6.25;0.38;284.77;9.80;978;28;3594.00;62
9333;28;624335183;9333;337;10308;10370;6.24;0.38;284.77;9.80;975;28;3595.00;62
9337;28;624335196;9337;339;10308;10370;6.27;0.38;284.83;9.80;971;28;3596.00;62
9339;28;624335209;9339;341;10308;10370;6.26;0.38;284.89;9.80;969;28;3597.00;62
9343;28;624335223;9343;350;10308;10370;6.25;0.38;284.97;9.80;965;28;3598.00;62
9346;28;624335235;9346;345;10308;10370;6.23;0.38;284.99;9.80;962;28;3599.00;62
9349;28;624335251;9349;393;10421;10623;6.45;0.40;284.99;9.69;1072;28;3600.00;202
9353;28;624335293;9353;387;10428;10624;6.42;0.40;285.05;9.69;1075;28;3601.00;196
9355;28;624335307;9355;382;10440;10624;6.49;0.41;285.04;9.68;1085;28;3602.00;184
9356;28;624335324;9356;375;10445;10624;6.52;0.41;285.04;9.68;1089;28;3603.00;179
9361;28;624335339;9361;377;10456;10624;6.46;0.40;285.04;9.67;1095;28;3604.00;168
9366;28;624335362;9366;374;10459;10624;6.44;0.40;285.14;9.67;1093;28;3605.00;165
9368;28;624335376;9368;369;10467;10624;6.45;0.40;285.14;9.67;1099;28;3606.00;157
9371;28;624335388;9371;376;10470;10624;6.45;0.40;285.19;9.66;1099;28;3607.00;154
9375;28;624335403;9375;374;10476;10625;6.44;0.40;285.31;9.66;1101;28;3608.00;149
9379;28;624335418;9379;374;10482;10626;6.44;0.40;285.31;9.66;1103;28;3609.00;144
9382;28;624335431;9382;370;10489;10626;6.40;0.40;285.37;9.66;1107;28;3610.00;137
9385;28;624335445;9385;371;10493;10627;6.36;0.39;285.45;9.66;1108;28;3611.00;134
9388;28;624335461;9388;377;10497;10627;6.32;0.39;285.42;9.66;1109;28;3612.00;130
9392;28;624335477;9392;377;10500;10627;6.29;0.39;285.54;9.67;1108;28;3613.00;127
9397;28;624335491;9397;387;10504;10627;6.24;0.39;285.64;9.67;1107;28;3614.00;123
9401;28;624335505;9401;394;10507;10631;6.21;0.39;285.73;9.66;1106;28;3615.00;124
9402;28;624335520;9402;406;10508;10631;6.22;0.39;285.72;9.66;1106;28;3616.00;123
9405;28;624335533;9405;409;10511;10631;6.20;0.38;285.79;9.67;1106;28;3617.00;120
9410;28;624335546;9410;400;10512;10634;6.24;0.39;285.77;9.67;1102;28;3618.00;122
9415;28;624335559;9415;395;10512;10634;6.27;0.39;285.81;9.67;1097;28;3619.00;122
9419;28;624335573;9419;396;10513;10634;6.31;0.39;285.89;9.67;1094;28;3620.00;121
9422;28;624335586;9422;388;10516;10638;6.36;0.39;285.93;9.66;1094;28;3621.00;122
9423;28;624335600;9423;384;10518;10639;6.51;0.40;285.95;9.66;1095;28;3622.00;121
9428;28;624335613;9428;383;10518;10639;6.61;0.41;285.92;9.66;1090;28;3623.00;121
9431;28;624335627;9431;383;10519;10643;6.74;0.41;285.98;9.66;1088;28;3624.00;124
9435;28;624335641;9435;389;10521;10643;6.82;0.42;286.03;9.66;1086;28;3625.00;122
9440;28;624335662;9440;376;10522;10643;6.85;0.42;286.06;9.67;1082;28;3626.00;121
9442;28;624335677;9442;368;10523;10644;6.89;0.42;286.05;9.67;1081;28;3627.00;121
9447;28;624335692;9447;356;10523;10644;6.94;0.42;286.16;9.67;1076;28;3628.00;121
9449;28;624335708;9449;351;10527;10650;6.97;0.42;286.14;9.66;1078;28;3629.00;123
9453;28;624335725;9453;345;10529;10650;6.97;0.42;286.21;9.67;1076;28;3630.00;121
9459;28;624335740;9459;346;10531;10651;6.98;0.42;286.31;9.67;1072;28;3631.00;120
9459;28;624335756;9459;335;10532;10651;7.08;0.43;286.31;9.67;1073;28;3632.00;119
9461;28;624335771;9461;338;10533;10651;7.14;0.43;286.38;9.67;1072;28;3633.00;118
9467;28;624335785;9467;342;10535;10651;7.19;0.44;286.43;9.68;1068;28;3634.00;116
9469;28;624335800;9469;337;10536;10651;7.27;0.44;286.46;9.68;1067;28;3635.00;115
9473;28;624335815;9473;335;10544;10663;7.32;0.44;286.57;9.68;1071;28;3636.00;119
9476;28;624335832;9476;335;10544;10663;7.40;0.45;286.56;9.68;1068;28;3637.00;119
9481;28;624335852;9481;330;10546;10663;7.42;0.45;286.64;9.67;1065;28;3638.00;117
9483;28;624335867;9483;331;10547;10663;7.47;0.45;286.65;9.67;1064;28;3639.00;116
9484;28;624335883;9484;329;10547;10663;7.52;0.46;286.63;9.67;1063;28;3640.00;116
9486;28;624335896;9486;325;10550;10663;7.52;0.46;286.64;9.68;1064;28;3641.00;113
9489;28;624335911;9489;326;10555;10667;7.44;0.45;286.72;9.68;1066;28;3642.00;112
9491;28;624335927;9491;317;10556;10667;7.46;0.45;286.80;9.75;1065;28;3643.00;111
9494;28;624335942;9494;318;10561;10671;7.55;0.46;286.95;9.75;1067;28;3644.00;110
9497;28;624335957;9497;309;10563;10673;7.61;0.46;286.96;9.74;1066;28;3645.00;110
9500;28;624335973;9500;309;10563;10673;7.66;0.46;287.05;9.74;1063;28;3646.00;110
9501;28;624335987;9501;314;10563;10673;7.69;0.47;287.09;9.74;1062;28;3647.00;110
9504;28;624336006;9504;313;10572;10686;7.84;0.48;287.07;9.73;1068;28;3648.00;114
9505;28;624336020;9505;317;10572;10686;7.89;0.48;287.09;9.73;1067;28;3649.00;114
9507;28;624336034;9507;322;10572;10686;7.96;0.48;287.17;9.73;1065;28;3650.00;114
9510;28;624336047;9510;321;10573;10687;8.01;0.49;287.21;9.73;1063;28;3651.00;114
9514;28;624336060;9514;325;10573;10688;7.94;0.48;287.29;9.73;1059;28;3652.00;115
9515;28;624336074;9515;325;10573;10688;7.92;0.48;287.33;9.73;1058;28;3653.00;115
9517;28;624336085;9517;326;10575;10691;7.91;0.48;287.41;9.73;1058;28;3654.00;116
9517;28;624336099;9517;326;10575;10691;7.84;0.48;287.41;9.73;1058;28;3655.00;116
9519;28;624336111;9519;327;10576;10691;7.80;0.48;287.52;9.73;1057;28;3656.00;115
9524;28;624336123;9524;327;10576;10691;7.69;0.47;287.59;9.73;1052;28;3657.00;115
9526;28;624336136;9526;327;10581;10697;7.71;0.47;287.61;9.73;1055;28;3658.00;116
9530;28;624336149;9530;321;10581;10697;7.69;0.47;287.75;9.73;1051;28;3659.00;116
9532;28;624336163;9532;317;10581;10697;7.69;0.47;287.83;9.73;1049;28;3660.00;116
9533;28;624336176;9533;319;10581;10697;7.72;0.47;287.82;9.73;1048;28;3661.00;116
9536;28;624336190;9536;325;10583;10701;7.71;0.47;287.80;9.73;1047;28;3662.00;118
9541;28;624336203;9541;320;10585;10702;7.72;0.47;287.90;9.80;1044;28;3663.00;117
9547;28;624336217;9547;329;10585;10702;7.69;0.47;287.87;9.80;1038;28;3664.00;117
9549;28;624336231;9549;332;10586;10703;7.67;0.47;287.86;9.80;1037;28;3665.00;117
9549;28;624336244;9549;324;10586;10703;7.64;0.46;287.86;9.80;1037;28;3666.00;117
9550;28;624336257;9550;334;10586;10703;7.63;0.46;287.86;9.80;1036;28;3667.00;117
9552;28;624336271;9552;333;10587;10703;7.60;0.46;287.85;9.80;1035;28;3668.00;116
9555;28;624336285;9555;326;10587;10703;7.57;0.46;287.88;9.80;1032;28;3669.00;116
9561;28;624336299;9561;322;10587;10703;7.57;0.46;287.86;9.80;1026;28;3670.00;116
9563;28;624336313;9563;319;10588;10703;7.55;0.46;287.89;9.80;1025;28;3671.00;115
9567;28;624336326;9567;314;10616;10773;7.54;0.46;288.00;9.78;1049;28;3672.00;157
9572;28;624336347;9572;320;10619;10774;7.50;0.46;288.03;9.78;1047;28;3673.00;155
9575;28;624336366;9575;313;10625;10774;7.47;0.46;288.02;9.78;1050;28;3674.00;149
9580;28;624336380;9580;311;10630;10774;7.32;0.45;288.02;9.80;1050;28;3675.00;144
9582;28;624336395;9582;321;10634;10774;7.28;0.44;288.00;9.80;1052;28;3676.00;140
9585;28;624336408;9585;323;10638;10774;7.23;0.44;288.03;9.80;1053;28;3677.00;136
9590;28;624336420;9590;329;10642;10774;7.18;0.44;288.08;9.87;1052;28;3678.00;132
9591;28;624336433;9591;334;10645;10774;7.17;0.44;288.07;9.87;1054;28;3679.00;129
9597;28;624336446;9597;323;10646;10775;7.20;0.44;288.16;9.87;1049;28;3680.00;129
9600;28;624336459;9600;325;10649;10776;7.23;0.44;288.19;9.94;1049;28;3681.00;127
9601;28;624336477;9601;325;10650;10776;7.26;0.44;288.18;9.94;1049;28;3682.00;126
9603;28;624336496;9603;330;10653;10780;7.26;0.44;288.24;9.94;1050;28;3683.00;127
9609;28;624336519;9609;331;10655;10780;7.22;0.44;288.23;10.02;1046;28;3684.00;125
9611;28;624336551;9611;342;10656;10780;7.21;0.44;288.20;10.02;1045;28;3685.00;124
9614;28;624336584;9614;341;10656;10780;7.15;0.44;288.23;10.02;1042;28;3686.00;124
9617;28;624336611;9617;352;10662;10786;7.13;0.44;288.19;10.10;1045;28;3687.00;124
9619;28;624336629;9619;352;10662;10786;7.06;0.43;288.20;10.10;1043;28;3688.00;124
9623;28;624336645;9623;350;10662;10786;7.00;0.43;288.24;10.10;1039;28;3689.00;124
9623;28;624336664;9623;347;10667;10792;6.97;0.43;288.24;10.10;1044;28;3690.00;125
9624;28;624336681;9624;350;10667;10792;6.94;0.42;288.28;10.10;1043;28;3691.00;125
9627;28;624336698;9627;353;10672;10792;6.92;0.42;288.25;10.11;1045;28;3692.00;120
9632;28;624336713;9632;357;10672;10793;6.84;0.42;288.19;10.11;1040;28;3693.00;121
9633;28;624336729;9633;367;10674;10794;6.84;0.42;288.18;10.11;1041;28;3694.00;120
9636;28;624336745;9636;368;10675;10794;6.80;0.41;288.21;10.12;1039;28;3695.00;119
9641;28;624336761;9641;369;10684;10807;6.83;0.42;288.13;10.11;1043;28;3696.00;123
9646;28;624336779;9646;378;10684;10807;6.76;0.41;288.06;10.11;1038;28;3697.00;123
9649;28;624336794;9649;384;10686;10807;6.73;0.41;288.08;10.13;1037;28;3698.00;121
9651;28;624336810;9651;388;10687;10808;6.69;0.40;288.04;10.13;1036;28;3699.00;121
9652;28;624336825;9652;401;10689;10808;6.66;0.40;288.02;10.15;1037;28;3700.00;119
9654;28;624336845;9654;404;10694;10812;6.62;0.40;287.97;10.15;1040;28;3701.00;118
9656;28;624336860;9656;408;10696;10812;6.61;0.40;288.00;10.18;1040;28;3702.00;116
9660;28;624336876;9660;413;10699;10816;6.55;0.40;287.95;10.18;1039;28;3703.00;117
9661;28;624336892;9661;411;10700;10816;6.50;0.39;287.96;10.18;1039;28;3704.00;116
9661;28;624336905;9661;418;10702;10816;6.46;0.39;287.96;10.21;1041;28;3705.00;114
9662;28;624336923;9662;423;10703;10816;6.39;0.39;287.94;10.22;1041;28;3706.00;113
9665;28;624336939;9665;424;10705;10816;6.28;0.38;287.91;10.24;1040;28;3707.00;111
9667;28;624336954;9667;428;10713;10828;6.35;0.39;287.87;10.23;1046;28;3708.00;115
9670;28;624336970;9670;435;10715;10828;6.33;0.39;287.87;10.24;1045;28;3709.00;113
9672;28;624336985;9672;437;10716;10828;6.26;0.38;287.82;10.26;1044;28;3710.00;112
9674;28;624336998;9674;444;10718;10828;6.20;0.38;287.80;10.27;1044;28;3711.00;110
9677;28;624337012;9677;449;10718;10828;6.15;0.38;287.79;10.27;1041;28;3712.00;110
9679;28;624337026;9679;447;10719;10828;6.08;0.37;287.81;10.29;1040;28;3713.00;109
9681;28;624337038;9681;459;10721;10829;6.00;0.37;287.87;10.32;1040;28;3714.00;108
9681;28;624337050;9681;450;10721;10829;5.90;0.36;287.87;10.32;1040;28;3715.00;108
9681;28;624337062;9681;448;10727;10835;5.91;0.36;287.87;10.32;1046;28;3716.00;108
9682;28;624337075;9682;447;10731;10836;5.86;0.36;287.85;10.36;1049;28;3717.00;105
9684;28;624337090;9684;446;10735;10836;5.77;0.35;287.82;10.38;1051;28;3718.00;101
9688;28;624337107;9688;443;10737;10836;5.64;0.35;287.82;10.40;1049;28;3719.00;99
9690;28;624337125;9690;434;10741;10841;5.63;0.34;287.78;10.40;1051;28;3720.00;100
9691;28;624337143;9691;433;10744;10841;5.59;0.34;287.76;10.42;1053;28;3721.00;97
9692;28;624337167;9692;430;10745;10841;5.56;0.34;287.74;10.42;1053;28;3722.00;96
9693;28;624337182;9693;430;10748;10842;5.54;0.34;287.72;10.42;1055;28;3723.00;94
9693;28;624337196;9693;421;10751;10846;5.53;0.34;287.72;10.41;1058;28;3724.00;95
9694;28;624337218;9694;419;10753;10846;5.53;0.34;287.70;10.43;1059;28;3725.00;93
9695;28;624337233;9695;417;10755;10849;5.55;0.34;287.69;10.42;1060;28;3726.00;94
9696;28;624337249;9696;417;10756;10849;5.62;0.34;287.68;10.43;1060;28;3727.00;93
9699;28;624337264;9699;418;10757;10849;5.71;0.35;287.62;10.43;1058;28;3728.00;92
9703;28;624337279;9703;415;10757;10849;5.74;0.35;287.57;10.43;1054;28;3729.00;92
9704;28;624337302;9704;423;10762;10853;5.82;0.35;287.55;10.44;1058;28;3730.00;91
9708;28;624337324;9708;413;10764;10853;5.81;0.35;287.50;10.46;1056;28;3731.00;89
9709;28;624337338;9709;413;10765;10853;5.76;0.35;287.50;10.47;1056;28;3732.00;88
9711;28;624337351;9711;411;10765;10853;5.78;0.35;287.49;10.47;1054;28;3733.00;88
9712;28;624337366;9712;405;10766;10854;5.74;0.35;287.48;10.49;1054;28;3734.00;88
9715;28;624337387;9715;399;10769;10856;5.71;0.35;287.48;10.50;1054;28;3735.00;87
9718;28;624337403;9718;396;10769;10856;5.69;0.35;287.52;10.50;1051;28;3736.00;87
9721;28;624337417;9721;398;10771;10857;5.68;0.35;287.52;10.50;1050;28;3737.00;86
9726;28;624337431;9726;393;10772;10857;5.62;0.34;287.48;10.51;1046;28;3738.00;85
9730;28;624337445;9730;393;10772;10857;5.59;0.34;287.44;10.51;1042;28;3739.00;85
9731;28;624337460;9731;386;10773;10857;5.59;0.34;287.43;10.52;1042;28;3740.00;84
9735;28;624337478;9735;382;10774;10857;5.62;0.34;287.51;10.53;1039;28;3741.00;83
9738;28;624337493;9738;372;10774;10857;5.65;0.34;287.52;10.53;1036;28;3742.00;83
9742;28;624337507;9742;368;10775;10857;5.68;0.35;287.73;10.54;1033;28;3743.00;82
9747;28;624337523;9747;373;10828;10984;6.05;0.37;287.77;10.50;1081;28;3744.00;156
9749;28;624337548;9749;373;10832;10985;6.12;0.38;287.83;10.49;1083;28;3745.00;153
9751;28;624337560;9751;376;10843;10985;6.16;0.38;287.86;10.49;1092;28;3746.00;142
9755;28;624337573;9755;368;10845;10985;6.14;0.38;287.95;10.49;1090;28;3747.00;140
9758;28;624337586;9758;362;10854;10985;6.15;0.38;287.99;10.50;1096;28;3748.00;131
9760;28;624337600;9760;355;10856;10985;6.12;0.38;288.03;10.50;1096;28;3749.00;129
9763;28;624337616;9763;361;10860;10990;6.01;0.37;288.14;10.49;1097;28;3750.00;130
9768;28;624337630;9768;356;10863;10990;5.99;0.37;288.19;10.49;1095;28;3751.00;127
9769;28;624337646;9769;364;10866;10991;6.01;0.37;288.25;10.49;1097;28;3752.00;125
9771;28;624337660;9771;368;10869;10992;6.01;0.37;288.30;10.49;1098;28;3753.00;123
9775;28;624337680;9775;370;10875;10992;6.00;0.37;288.40;10.49;1100;28;3754.00;117
9781;28;624337695;9781;376;10877;10993;6.02;0.37;288.35;10.49;1096;28;3755.00;116
9788;28;624337712;9788;377;10881;10993;6.01;0.37;288.36;10.49;1093;28;3756.00;112
9793;28;624337727;9793;375;10882;10993;6.02;0.37;288.40;10.49;1089;28;3757.00;111
9795;28;624337744;9795;374;10886;10993;6.07;0.37;288.42;10.49;1091;28;3758.00;107
9798;28;624337760;9798;373;10890;10997;6.13;0.38;288.50;10.49;1092;28;3759.00;107
9802;28;624337777;9802;375;10892;10997;6.18;0.38;288.56;10.49;1090;28;3760.00;105
9806;28;624337793;9806;370;10894;10997;6.20;0.38;288.62;10.49;1088;28;3761.00;103
9807;28;624337807;9807;359;10895;11000;6.26;0.38;288.66;10.49;1088;28;3762.00;105
9812;28;624337822;9812;360;10897;11000;6.28;0.39;288.70;10.49;1085;28;3763.00;103
9813;28;624337838;9813;356;10898;11000;6.32;0.39;288.72;10.49;1085;28;3764.00;102
9817;28;624337854;9817;352;10901;11004;6.38;0.39;288.76;10.49;1084;28;3765.00;103
9821;28;624337869;9821;350;10903;11005;6.38;0.39;288.83;10.49;1082;28;3766.00;102
9823;28;624337884;9823;347;10904;11005;6.40;0.39;288.82;10.48;1081;28;3767.00;101
9827;28;624337900;9827;342;10906;11009;6.38;0.39;288.84;10.48;1079;28;3768.00;103
9835;28;624337915;9835;342;10906;11009;6.30;0.39;288.89;10.48;1071;28;3769.00;103
9837;28;624337936;9837;342;10909;11009;6.29;0.38;288.95;10.50;1072;28;3770.00;100
9843;28;624337951;9843;335;10910;11010;6.30;0.38;289.13;10.50;1067;28;3771.00;100
9849;28;624337968;9849;336;10910;11010;6.33;0.39;289.17;10.50;1061;28;3772.00;100
9851;28;624337985;9851;340;10915;11016;6.31;0.38;289.24;10.49;1064;28;3773.00;101
9855;28;624338000;9855;342;10917;11016;6.30;0.38;289.21;10.51;1062;28;3774.00;99
9860;28;624338016;9860;349;10917;11017;6.31;0.38;289.28;10.51;1057;28;3775.00;100
9863;28;624338030;9863;351;10918;11017;6.31;0.38;289.38;10.51;1055;28;3776.00;99
9870;28;624338045;9870;356;10919;11017;6.26;0.38;289.39;10.52;1049;28;3777.00;98
9876;28;624338066;9876;351;10919;11017;6.21;0.38;289.40;10.52;1043;28;3778.00;98
9878;28;624338080;9878;359;10920;11017;6.20;0.38;289.45;10.52;1042;28;3779.00;97
9880;28;624338096;9880;360;10944;11053;6.32;0.39;289.50;10.50;1064;28;3780.00;109
9882;28;624338113;9882;355;10945;11053;6.38;0.39;289.58;10.50;1063;28;3781.00;108
9884;28;624338128;9884;348;10948;11053;6.50;0.40;289.63;10.50;1064;28;3782.00;105
9886;28;624338141;9886;357;10948;11053;6.56;0.40;289.74;10.50;1062;28;3783.00;105
9890;29;624338155;9890;358;10951;11053;6.60;0.40;289.76;10.51;1061;29;3784.00;102
9894;29;624338187;9894;363;10951;11053;6.58;0.40;289.82;10.51;1057;29;3785.00;102
9898;29;624338204;9898;365;10955;11057;6.51;0.40;289.86;10.50;1057;29;3786.00;102
9901;29;624338218;9901;351;10956;11057;6.48;0.39;289.88;10.51;1055;29;3787.00;101
9905;30;624338234;9905;345;10960;11061;6.48;0.39;289.87;10.50;1055;30;3788.00;101
9907;30;624338259;9907;338;10961;11062;6.48;0.39;289.90;10.50;1054;30;3789.00;101
9909;30;624338276;9909;334;10961;11062;6.53;0.40;289.96;10.50;1052;30;3790.00;101
9913;30;624338291;9913;337;10961;11062;6.57;0.40;290.02;10.50;1048;30;3791.00;101
9915;30;624338306;9915;340;10971;11075;6.70;0.41;290.06;10.50;1056;30;3792.00;104
9916;30;624338322;9916;343;10971;11075;6.67;0.41;290.08;10.50;1055;30;3793.00;104
9922;30;624338337;9922;346;10972;11075;6.65;0.41;290.10;10.50;1050;30;3794.00;103
9923;30;624338358;9923;344;10973;11076;6.66;0.41;290.14;10.50;1050;30;3795.00;103
9927;30;624338384;9927;329;10975;11077;6.60;0.40;290.16;10.50;1048;30;3796.00;102
9930;30;624338398;9930;322;10975;11077;6.64;0.40;290.16;10.50;1045;30;3797.00;102
9931;30;624338415;9931;315;10977;11080;6.72;0.41;290.17;10.50;1046;30;3798.00;103
9932;30;624338431;9932;317;10977;11080;6.72;0.41;290.21;10.50;1045;30;3799.00;103
9935;30;624338447;9935;317;10979;11080;6.72;0.41;290.20;10.51;1044;30;3800.00;101
9940;31;624338479;9940;318;10979;11080;6.70;0.41;290.33;10.51;1039;31;3801.00;101
9941;31;624338525;9941;315;10984;11086;6.76;0.41;290.36;10.50;1043;31;3802.00;102
9943;31;624338549;9943;313;10987;11086;6.79;0.41;290.42;10.51;1044;31;3803.00;99
9943;31;624338572;9943;305;10987;11086;6.85;0.42;290.42;10.51;1044;31;3804.00;99
9947;31;624338593;9947;306;10987;11086;6.80;0.41;290.40;10.51;1040;31;3805.00;99
9948;31;624338611;9948;300;10990;11090;6.83;0.41;290.42;10.50;1042;31;3806.00;100
9950;31;624338631;9950;303;10992;11091;6.86;0.42;290.48;10.51;1042;31;3807.00;99
9955;31;624338650;9955;305;10992;11091;6.85;0.42;290.48;10.51;1037;31;3808.00;99
9957;31;624338669;9957;305;10994;11092;6.87;0.42;290.53;10.51;1037;31;3809.00;98
9959;31;624338688;9959;300;10994;11092;6.87;0.42;290.53;10.51;1035;31;3810.00;98
9959;31;624338704;9959;299;10995;11092;6.89;0.42;290.53;10.51;1036;31;3811.00;97
9960;31;624338721;9960;289;10995;11092;6.89;0.42;290.57;10.51;1035;31;3812.00;97
9962;31;624338737;9962;293;10995;11092;6.88;0.42;290.55;10.51;1033;31;3813.00;97
9962;31;624338754;9962;285;10995;11092;6.98;0.43;290.55;10.51;1033;31;3814.00;97
9966;31;624338771;9966;288;10995;11092;7.02;0.43;290.68;10.51;1029;31;3815.00;97
9966;31;624338788;9966;293;11032;11162;7.07;0.43;290.68;10.48;1066;31;3816.00;130
9970;31;624338810;9970;289;11032;11163;7.10;0.43;290.66;10.48;1062;31;3817.00;131
9972;31;624338827;9972;295;11039;11163;7.22;0.44;290.67;10.47;1067;31;3818.00;124
9976;31;624338847;9976;298;11042;11163;7.26;0.44;290.69;10.47;1066;31;3819.00;121
9980;31;624338864;9980;298;11045;11163;7.27;0.44;290.73;10.47;1065;31;3820.00;118
9982;31;624338884;9982;302;11048;11163;7.24;0.44;290.69;10.47;1066;31;3821.00;115
9987;31;624338901;9987;305;11052;11163;7.25;0.44;290.75;10.47;1065;31;3822.00;111
9992;31;624338917;9992;309;11054;11163;7.20;0.44;290.73;10.46;1062;31;3823.00;109
9994;31;624338932;9994;314;11056;11164;7.22;0.44;290.76;10.46;1062;31;3824.00;108
9997;31;624338955;9997;317;11059;11166;7.25;0.44;290.81;10.46;1062;31;3825.00;107
10001;31;624338973;10001;313;11061;11166;7.19;0.44;290.92;10.46;1060;31;3826.00;105
10002;31;624338988;10002;314;11066;11170;7.20;0.44;290.98;10.46;1064;31;3827.00;104
10007;31;624339005;10007;308;11066;11170;7.13;0.43;291.00;10.46;1059;31;3828.00;104
10007;31;624339021;10007;319;11067;11170;7.14;0.43;291.00;10.54;1060;31;3829.00;103
10009;31;624339038;10009;317;11067;11170;7.14;0.43;291.06;10.54;1058;31;3830.00;103
10011;31;624339054;10011;323;11071;11176;7.19;0.44;291.09;10.54;1060;31;3831.00;105
10012;31;624339080;10012;335;11071;11176;7.17;0.44;291.11;10.54;1059;31;3832.00;105
10016;31;624339097;10016;333;11071;11176;7.16;0.44;291.16;10.54;1055;31;3833.00;105
10017;31;624339114;10017;333;11073;11179;7.14;0.44;291.14;10.54;1056;31;3834.00;106
10021;31;624339130;10021;338;11073;11179;7.07;0.43;291.08;10.54;1052;31;3835.00;106
10024;31;624339147;10024;343;11074;11179;7.03;0.43;291.10;10.54;1050;31;3836.00;105
10029;31;624339162;10029;348;11074;11180;7.01;0.43;291.22;10.54;1045;31;3837.00;106
10029;31;624339180;10029;347;11075;11181;6.98;0.43;291.22;10.54;1046;31;3838.00;106
10033;31;624339196;10033;351;11075;11181;6.91;0.42;291.23;10.54;1042;31;3839.00;106
10035;31;624339216;10035;356;11091;11207;6.84;0.42;291.24;10.52;1056;31;3840.00;116
10040;31;624339233;10040;351;11091;11207;6.80;0.42;291.16;10.52;1051;31;3841.00;116
10044;31;624339250;10044;357;11094;11207;6.85;0.42;291.20;10.52;1050;31;3842.00;113
10048;31;624339264;10048;352;11096;11208;6.83;0.42;291.16;10.52;1048;31;3843.00;112
10050;31;624339280;10050;360;11097;11208;6.83;0.42;291.15;10.53;1047;31;3844.00;111
10056;31;624339297;10056;359;11101;11212;6.83;0.41;291.06;10.62;1045;31;3845.00;111
10060;31;624339313;10060;360;11103;11214;6.76;0.41;290.99;10.63;1043;31;3846.00;111
10063;31;624339334;10063;366;11107;11218;6.69;0.41;290.95;10.63;1044;31;3847.00;111
10065;31;624339351;10065;359;11107;11218;6.65;0.40;290.92;10.63;1042;31;3848.00;111
10071;31;624339365;10071;361;11107;11218;6.60;0.40;290.84;10.63;1036;31;3849.00;111
10073;31;624339381;10073;364;11107;11218;6.58;0.40;290.82;10.63;1034;31;3850.00;111
10074;31;624339398;10074;365;11107;11218;6.51;0.40;290.82;10.63;1033;31;3851.00;111
10080;31;624339414;10080;365;11116;11230;6.47;0.39;290.76;10.62;1036;31;3852.00;114
10083;31;624339434;10083;373;11117;11230;6.41;0.39;290.75;10.62;1034;31;3853.00;113
10084;31;624339448;10084;377;11118;11230;6.40;0.39;290.72;10.62;1034;31;3854.00;112
10086;31;624339463;10086;386;11118;11230;6.35;0.39;290.73;10.62;1032;31;3855.00;112
10088;31;624339479;10088;388;11118;11230;6.34;0.39;290.70;10.62;1030;31;3856.00;112
10088;31;624339494;10088;387;11119;11230;6.37;0.39;290.70;10.62;1031;31;3857.00;111
10090;31;624339508;10090;388;11119;11231;6.39;0.39;290.67;10.62;1029;31;3858.00;112
10091;31;624339524;10091;390;11120;11231;6.35;0.39;290.66;10.62;1029;31;3859.00;111
10091;31;624339537;10091;394;11126;11237;6.39;0.39;290.66;10.62;1035;31;3860.00;111
10094;31;624339551;10094;396;11127;11238;6.39;0.39;290.64;10.62;1033;31;3861.00;111
10097;31;624339564;10097;388;11127;11238;6.36;0.39;290.59;10.62;1030;31;3862.00;111
10100;31;624339578;10100;392;11129;11238;6.33;0.38;290.55;10.62;1029;31;3863.00;109
10102;31;624339591;10102;396;11132;11242;6.32;0.38;290.60;10.62;1030;31;3864.00;110
10103;31;624339604;10103;402;11132;11242;6.27;0.38;290.61;10.62;1029;31;3865.00;110
10105;31;624339617;10105;404;11133;11242;6.20;0.38;290.59;10.63;1028;31;3866.00;109
10107;31;624339630;10107;401;11134;11243;6.19;0.38;290.58;10.62;1027;31;3867.00;109
10110;31;624339643;10110;398;11137;11247;6.19;0.38;290.52;10.62;1027;31;3868.00;110
10112;31;624339656;10112;382;11138;11247;6.18;0.38;290.49;10.63;1026;31;3869.00;109
10112;31;624339672;10112;375;11143;11253;6.28;0.38;290.49;10.64;1031;31;3870.00;110
10113;31;624339685;10113;376;11145;11253;6.26;0.38;290.48;10.65;1032;31;3871.00;108
10116;31;624339697;10116;377;11146;11253;6.32;0.38;290.43;10.65;1030;31;3872.00;107
10116;31;624339711;10116;378;11147;11253;6.33;0.39;290.43;10.67;1031;31;3873.00;106
10116;31;624339724;10116;378;11152;11257;6.40;0.39;290.43;10.67;1036;31;3874.00;105
10117;31;624339738;10117;381;11153;11257;6.41;0.39;290.42;10.69;1036;31;3875.00;104
10119;31;624339753;10119;384;11153;11257;6.40;0.39;290.44;10.69;1034;31;3876.00;104
10120;31;624339780;10120;383;11154;11257;6.37;0.39;290.45;10.69;1034;31;3877.00;103
10123;31;624339797;10123;386;11155;11258;6.36;0.39;290.44;10.71;1032;31;3878.00;103
10123;31;624339811;10123;381;11157;11259;6.38;0.39;290.44;10.71;1034;31;3879.00;102
10124;31;624339827;10124;387;11158;11259;6.32;0.39;290.44;10.73;1034;31;3880.00;101
10125;31;624339840;10125;388;11160;11260;6.29;0.38;290.43;10.73;1035;31;3881.00;100
10127;31;624339861;10127;386;11161;11260;6.22;0.38;290.42;10.73;1034;31;3882.00;99
10128;31;624339874;10128;390;11162;11260;6.17;0.38;290.42;10.75;1034;31;3883.00;98
10129;31;624339886;10129;392;11162;11260;6.12;0.37;290.43;10.75;1033;31;3884.00;98
10129;31;624339900;10129;394;11163;11260;6.08;0.37;290.43;10.76;1034;31;3885.00;97
10131;31;624339912;10131;398;11163;11260;6.03;0.37;290.40;10.76;1032;31;3886.00;97
10133;31;624339925;10133;400;11166;11260;5.97;0.37;290.40;10.81;1033;31;3887.00;94
10136;31;624339940;10136;410;11219;11387;6.22;0.39;290.36;10.75;1083;31;3888.00;168
10137;31;624339964;10137;408;11224;11388;6.09;0.38;290.39;10.77;1087;31;3889.00;164
10139;31;624339978;10139;401;11232;11388;6.06;0.38;290.41;10.76;1093;31;3890.00;156
10141;31;624339991;10141;403;11239;11388;5.99;0.37;290.49;10.77;1098;31;3891.00;149
10145;31;624340005;10145;398;11244;11388;5.90;0.37;290.48;10.76;1099;31;3892.00;144
10147;31;624340019;10147;393;11247;11388;5.79;0.36;290.46;10.78;1100;31;3893.00;141
10149;31;624340032;10149;397;11251;11388;5.76;0.36;290.47;10.77;1102;31;3894.00;137
10151;31;624340047;10151;400;11252;11388;5.72;0.35;290.53;10.77;1101;31;3895.00;136
10151;31;624340063;10151;403;11256;11389;5.73;0.35;290.53;10.80;1105;31;3896.00;133
10152;31;624340077;10152;405;11260;11390;5.73;0.35;290.53;10.81;1108;31;3897.00;130
10154;31;624340092;10154;411;11262;11390;5.74;0.35;290.53;10.82;1108;31;3898.00;128
10158;31;624340106;10158;414;11263;11391;5.70;0.35;290.57;10.82;1105;31;3899.00;128
10161;31;624340123;10161;422;11275;11406;5.67;0.35;290.52;10.86;1114;31;3900.00;131
10165;31;624340143;10165;419;11276;11406;5.65;0.35;290.62;10.86;1111;31;3901.00;130
10169;31;624340158;10169;421;11278;11406;5.64;0.35;290.64;10.86;1109;31;3902.00;128
10171;31;624340172;10171;425;11284;11410;5.62;0.35;290.66;10.89;1113;31;3903.00;126
10172;31;624340188;10172;422;11286;11410;5.66;0.35;290.65;10.89;1114;31;3904.00;124
10174;31;624340202;10174;430;11290;11410;5.66;0.35;290.63;10.89;1116;31;3905.00;120
10179;31;624340219;10179;433;11297;11413;5.59;0.34;290.67;10.91;1118;31;3906.00;116
10182;31;624340232;10182;428;11298;11413;5.59;0.34;290.66;10.91;1116;31;3907.00;115
10185;31;624340244;10185;430;11300;11413;5.54;0.34;290.69;10.91;1115;31;3908.00;113
10191;31;624340255;10191;438;11306;11417;5.44;0.33;290.80;10.92;1115;31;3909.00;111
10194;31;624340268;10194;421;11308;11418;5.40;0.33;290.77;10.92;1114;31;3910.00;110
10198;31;624340280;10198;414;11313;11418;5.35;0.33;290.73;10.93;1115;31;3911.00;105
10202;31;624340293;10202;414;11318;11422;5.41;0.33;290.73;10.94;1116;31;3912.00;104
10203;31;624340306;10203;412;11319;11422;5.47;0.34;290.74;10.94;1116;31;3913.00;103
10208;31;624340319;10208;413;11322;11422;5.53;0.34;290.88;10.95;1114;31;3914.00;100
10212;31;624340331;10212;405;11324;11424;5.59;0.34;291.02;10.95;1112;31;3915.00;100
10214;31;624340344;10214;407;11326;11424;5.63;0.35;291.01;10.96;1112;31;3916.00;98
10217;31;624340357;10217;404;11331;11430;5.73;0.35;291.11;10.96;1114;31;3917.00;99
10220;31;624340370;10220;403;11333;11430;5.74;0.35;291.19;10.97;1113;31;3918.00;97
10223;31;624340383;10223;401;11333;11431;5.78;0.36;291.27;10.97;1110;31;3919.00;98
10229;31;624340396;10229;398;11333;11431;5.78;0.35;291.30;10.97;1104;31;3920.00;98
10232;31;624340409;10232;403;11333;11431;5.77;0.35;291.38;10.97;1101;31;3921.00;98
10234;31;624340421;10234;403;11334;11431;5.80;0.36;291.37;10.97;1100;31;3922.00;97
10238;31;624340434;10238;399;11334;11431;5.83;0.36;291.42;10.97;1096;31;3923.00;97
10243;31;624340446;10243;403;11341;11443;5.91;0.36;291.45;10.96;1098;31;3924.00;102
10247;31;624340459;10247;399;11342;11443;5.95;0.36;291.47;10.96;1095;31;3925.00;101
10254;31;624340473;10254;394;11345;11443;6.00;0.37;291.54;10.96;1091;31;3926.00;98
10257;31;624340492;10257;381;11345;11443;6.09;0.37;291.61;10.96;1088;31;3927.00;98
10258;31;624340517;10258;379;11345;11443;6.17;0.38;291.62;10.96;1087;31;3928.00;98
10264;31;624340543;10264;367;11348;11443;6.18;0.38;291.69;11.05;1084;31;3929.00;95
10265;31;624340567;10265;359;11351;11447;6.25;0.38;291.70;11.05;1086;31;3930.00;96
10270;31;624340586;10270;347;11351;11447;6.24;0.38;291.77;11.05;1081;31;3931.00;96
10275;31;624340600;10275;347;11355;11451;6.27;0.38;291.79;11.05;1080;31;3932.00;96
10279;31;624340615;10279;348;11356;11452;6.25;0.38;291.79;11.05;1077;31;3933.00;96
10281;31;624340636;10281;345;11356;11452;6.25;0.38;291.82;11.05;1075;31;3934.00;96
10290;31;624340650;10290;342;11356;11452;6.15;0.38;292.10;11.05;1066;31;3935.00;96
10293;31;624340664;10293;346;11365;11465;6.11;0.37;292.08;11.04;1072;31;3936.00;100
10295;31;624340679;10295;337;11365;11465;6.12;0.37;292.14;11.04;1070;31;3937.00;100
10301;31;624340692;10301;336;11365;11465;6.06;0.37;292.20;11.04;1064;31;3938.00;100
10307;31;624340705;10307;339;11366;11466;6.07;0.37;292.30;11.04;1059;31;3939.00;100
10313;31;624340719;10313;345;11366;11467;6.00;0.37;292.36;11.04;1053;31;3940.00;101
10316;31;624340732;10316;344;11367;11467;5.98;0.36;292.41;11.04;1051;31;3941.00;100
10323;31;624340745;10323;346;11370;11470;5.94;0.36;292.44;11.04;1047;31;3942.00;100
10325;31;624340759;10325;352;11370;11470;5.96;0.36;292.47;11.04;1045;31;3943.00;100
10328;31;624340772;10328;360;11372;11470;5.95;0.36;292.47;11.05;1044;31;3944.00;98
10329;31;624340785;10329;362;11373;11470;5.94;0.36;292.51;11.14;1044;31;3945.00;97
10335;31;624340798;10335;363;11378;11476;5.91;0.36;292.54;11.13;1043;31;3946.00;98
10337;31;624340812;10337;363;11379;11476;5.92;0.36;292.57;11.14;1042;31;3947.00;97
10340;31;624340824;10340;363;11379;11476;5.91;0.36;292.59;11.14;1039;31;3948.00;97
10344;31;624340836;10344;362;11380;11476;5.82;0.35;292.61;11.14;1036;31;3949.00;96
10347;31;624340849;10347;368;11383;11480;5.77;0.35;292.62;11.14;1036;31;3950.00;97
10350;31;624340861;10350;357;11384;11481;5.73;0.35;292.61;11.14;1034;31;3951.00;97
10353;31;624340873;10353;361;11384;11481;5.69;0.35;292.62;11.14;1031;31;3952.00;97
10356;31;624340885;10356;367;11387;11482;5.66;0.34;292.64;11.15;1031;31;3953.00;95
10358;31;624340900;10358;373;11387;11482;5.64;0.34;292.60;11.15;1029;31;3954.00;95
10361;31;624340913;10361;374;11389;11482;5.58;0.34;292.62;11.15;1028;31;3955.00;93
10364;31;624340925;10364;375;11389;11482;5.56;0.34;292.61;11.15;1025;31;3956.00;93
10366;31;624340938;10366;369;11390;11482;5.54;0.34;292.57;11.16;1024;31;3957.00;92
10368;31;624340950;10368;359;11390;11482;5.53;0.34;292.56;11.16;1022;31;3958.00;92
10371;31;624340962;10371;349;11390;11482;5.52;0.34;292.63;11.16;1019;31;3959.00;92
10374;31;624340977;10374;363;11456;11607;5.61;0.35;292.68;11.09;1082;31;3960.00;151
10377;31;624340998;10377;347;11458;11608;5.62;0.35;292.68;11.09;1081;31;3961.00;150
10377;31;624341012;10377;339;11464;11608;5.73;0.35;292.68;11.09;1087;31;3962.00;144
10379;31;624341025;10379;333;11465;11608;5.77;0.36;292.75;11.09;1086;31;3963.00;143
10383;31;624341043;10383;334;11471;11608;5.81;0.36;292.83;11.08;1088;31;3964.00;137
10387;31;624341056;10387;340;11473;11608;5.85;0.36;292.88;11.08;1086;31;3965.00;135
10387;31;624341069;10387;327;11478;11608;5.94;0.37;292.88;11.08;1091;31;3966.00;130
10388;31;624341081;10388;322;11481;11608;6.01;0.37;292.86;11.08;1093;31;3967.00;127
10389;31;624341095;10389;321;11486;11609;6.00;0.37;292.84;11.08;1097;31;3968.00;123
10390;31;624341110;10390;321;11489;11610;6.04;0.37;292.87;11.08;1099;31;3969.00;121
10392;31;624341124;10392;324;11493;11610;6.03;0.37;292.95;11.08;1101;31;3970.00;117
10394;31;624341147;10394;327;11498;11614;6.03;0.37;292.95;11.07;1104;31;3971.00;116
10396;31;624341161;10396;336;11501;11614;6.02;0.37;293.01;11.07;1105;31;3972.00;113
10401;31;624341174;10401;343;11501;11614;6.02;0.37;293.06;11.07;1100;31;3973.00;113
10402;31;624341188;10402;344;11501;11614;6.02;0.37;293.07;11.07;1099;31;3974.00;113
10407;31;624341202;10407;342;11507;11620;6.01;0.37;293.22;11.07;1100;31;3975.00;113
10409;31;624341215;10409;356;11507;11620;6.05;0.37;293.31;11.07;1098;32;3976.00;113
10410;31;624341238;10410;362;11507;11620;6.08;0.37;293.33;11.07;1097;32;3977.00;113
10415;31;624341252;10415;361;11509;11623;6.10;0.37;293.35;11.07;1094;32;3978.00;114
10419;31;624341266;10419;365;11509;11623;6.13;0.37;293.34;11.07;1090;32;3979.00;114
10422;31;624341280;10422;365;11510;11623;6.14;0.37;293.33;11.16;1088;32;3980.00;113
10423;31;624341294;10423;368;11510;11624;6.16;0.38;293.38;11.16;1087;32;3981.00;114
10425;31;624341307;10425;365;11511;11625;6.15;0.37;293.35;11.16;1086;32;3982.00;114
10429;31;624341320;10429;365;11512;11625;6.13;0.37;293.43;11.16;1083;32;3983.00;113
10431;31;624341333;10431;360;11523;11638;6.12;0.37;293.45;11.15;1092;32;3984.00;115
10433;31;624341347;10433;358;11523;11638;6.11;0.37;293.51;11.15;1090;32;3985.00;115
10436;31;624341367;10436;366;11523;11638;6.11;0.37;293.55;11.15;1087;32;3986.00;115
10437;31;624341380;10437;361;11524;11639;6.16;0.38;293.53;11.15;1087;32;3987.00;115
10439;31;624341393;10439;366;11524;11639;6.19;0.38;293.55;11.15;1085;32;3988.00;115
10442;31;624341405;10442;371;11528;11643;6.27;0.38;293.72;11.15;1086;32;3989.00;115
10446;31;624341420;10446;374;11528;11643;6.29;0.38;293.73;11.15;1082;32;3990.00;115
10448;31;624341432;10448;371;11531;11647;6.33;0.39;293.73;11.14;1083;32;3991.00;116
10451;31;624341446;10451;373;11531;11647;6.38;0.39;293.72;11.14;1080;32;3992.00;116
10455;31;624341459;10455;368;11531;11647;6.40;0.39;293.78;11.14;1076;32;3993.00;116
10456;31;624341474;10456;372;11531;11647;6.42;0.39;293.80;11.14;1075;32;3994.00;116
10457;31;624341488;10457;375;11531;11647;6.50;0.40;293.77;11.14;1074;32;3995.00;116
10461;31;624341500;10461;375;11541;11659;6.55;0.40;293.83;11.13;1080;32;3996.00;118
10463;31;624341514;10463;382;11541;11659;6.56;0.40;293.87;11.13;1078;32;3997.00;118
10464;31;624341530;10464;388;11542;11659;6.60;0.40;293.85;11.13;1078;32;3998.00;117
10469;31;624341549;10469;391;11542;11659;6.59;0.40;293.95;11.13;1073;32;3999.00;117
10470;31;624341564;10470;394;11542;11659;6.61;0.40;293.93;11.13;1072;32;4000.00;117
10473;31;624341581;10473;406;11542;11659;6.60;0.40;293.94;11.13;1069;32;4001.00;117
10476;31;624341594;10476;398;11542;11660;6.57;0.40;293.89;11.13;1066;32;4002.00;118
10479;31;624341606;10479;401;11542;11660;6.55;0.40;293.86;11.13;1063;32;4003.00;118
10479;31;624341617;10479;399;11547;11666;6.60;0.40;293.86;11.13;1068;32;4004.00;119
10482;31;624341630;10482;406;11549;11668;6.55;0.40;293.88;11.13;1067;32;4005.00;119
10486;31;624341642;10486;407;11549;11668;6.47;0.39;293.90;11.13;1063;32;4006.00;119
10491;31;624341654;10491;415;11549;11668;6.38;0.39;293.89;11.13;1058;32;4007.00;119
10494;31;624341665;10494;421;11552;11672;6.34;0.38;293.89;11.12;1058;32;4008.00;120
10497;31;624341677;10497;426;11552;11672;6.26;0.38;293.87;11.12;1055;32;4009.00;120
10497;31;624341690;10497;421;11552;11672;6.22;0.38;293.87;11.12;1055;32;4010.00;120
10501;31;624341701;10501;424;11553;11673;6.13;0.37;293.82;11.12;1052;32;4011.00;120
10502;31;624341712;10502;415;11556;11677;6.11;0.37;293.84;11.12;1054;32;4012.00;121
10505;31;624341723;10505;422;11556;11677;6.10;0.37;293.83;11.12;1051;32;4013.00;121
10505;31;624341734;10505;415;11558;11680;6.10;0.37;293.83;11.12;1053;32;4014.00;122
10507;31;624341751;10507;416;11560;11680;6.10;0.37;293.81;11.13;1053;32;4015.00;120
10510;31;624341763;10510;423;11561;11680;6.06;0.37;293.79;11.15;1051;32;4016.00;119
10512;31;624341774;10512;420;11561;11680;6.01;0.37;293.77;11.15;1049;32;4017.00;119
10515;31;624341785;10515;421;11565;11684;6.00;0.37;293.76;11.14;1050;32;4018.00;119
10517;31;624341797;10517;406;11565;11684;5.99;0.37;293.72;11.14;1048;32;4019.00;119
10519;31;624341810;10519;407;11565;11684;6.01;0.37;293.70;11.14;1046;32;4020.00;119
10523;31;624341822;10523;398;11565;11684;6.03;0.37;293.73;11.14;1042;32;4021.00;119
10524;31;624341833;10524;392;11565;11685;6.05;0.37;293.73;11.14;1041;32;4022.00;120
10525;31;624341845;10525;390;11566;11686;6.08;0.37;293.71;11.14;1041;32;4023.00;120
10526;31;624341857;10526;389;11566;11686;6.07;0.37;293.69;11.14;1040;32;4024.00;120
10529;31;624341869;10529;390;11567;11687;6.03;0.37;293.64;11.14;1038;32;4025.00;120
10532;31;624341889;10532;387;11567;11687;6.06;0.37;293.66;11.14;1035;32;4026.00;120
10535;31;624341903;10535;389;11567;11687;6.07;0.37;293.61;11.14;1032;32;4027.00;120
10537;31;624341916;10537;391;11567;11687;6.09;0.37;293.59;11.14;1030;32;4028.00;120
10537;31;624341928;10537;391;11567;11687;6.14;0.37;293.59;11.14;1030;32;4029.00;120
10539;31;624341940;10539;388;11567;11687;6.15;0.37;293.56;11.14;1028;32;4030.00;120
10541;31;624341951;10541;388;11567;11687;6.16;0.38;293.52;11.14;1026;32;4031.00;120
10545;31;624341962;10545;410;11634;11814;6.39;0.39;293.50;11.08;1089;32;4032.00;180
10547;31;624341983;10547;404;11636;11815;6.42;0.40;293.47;11.08;1089;32;4033.00;179
10548;31;624341996;10548;395;11644;11815;6.52;0.40;293.46;11.07;1096;32;4034.00;171
10549;31;624342008;10549;392;11647;11815;6.58;0.41;293.49;11.07;1098;32;4035.00;168
10550;31;624342020;10550;390;11654;11815;6.66;0.41;293.48;11.06;1104;32;4036.00;161
10552;31;624342031;10552;389;11655;11815;6.60;0.41;293.52;11.06;1103;32;4037.00;160
10555;31;624342049;10555;387;11658;11815;6.55;0.40;293.50;11.06;1103;32;4038.00;157
10557;31;624342061;10557;386;11661;11815;6.50;0.40;293.51;11.06;1104;32;4039.00;154
10557;31;624342073;10557;391;11664;11816;6.47;0.40;293.51;11.08;1107;32;4040.00;152
10561;31;624342085;10561;398;11668;11817;6.45;0.40;293.48;11.07;1107;32;4041.00;149
10564;31;624342098;10564;398;11672;11817;6.42;0.39;293.51;11.09;1108;32;4042.00;145
10566;31;624342110;10566;393;11674;11818;6.44;0.40;293.51;11.10;1108;32;4043.00;144
10567;31;624342122;10567;401;11678;11818;6.48;0.40;293.49;11.12;1111;32;4044.00;140
10570;31;624342133;10570;407;11681;11818;6.51;0.40;293.53;11.13;1111;32;4045.00;137
10571;31;624342146;10571;407;11687;11818;6.53;0.40;293.55;11.15;1116;32;4046.00;131
10577;31;624342158;10577;414;11692;11822;6.53;0.40;293.56;11.15;1115;32;4047.00;130
10578;31;624342170;10578;418;11693;11822;6.51;0.40;293.56;11.15;1115;32;4048.00;129
10579;31;624342182;10579;432;11696;11822;6.48;0.40;293.56;11.17;1117;32;4049.00;126
10581;31;624342196;10581;440;11700;11828;6.44;0.39;293.61;11.16;1119;32;4050.00;128
10586;31;624342214;10586;442;11702;11828;6.34;0.39;293.66;11.19;1116;32;4051.00;126
10587;31;624342227;10587;446;11706;11828;6.27;0.38;293.70;11.19;1119;32;4052.00;122
10588;31;624342238;10588;455;11711;11832;6.19;0.38;293.69;11.20;1123;32;4053.00;121
10590;31;624342251;10590;456;11715;11833;6.11;0.37;293.74;11.22;1125;32;4054.00;118
10595;31;624342263;10595;458;11717;11833;5.97;0.36;293.80;11.23;1122;32;4055.00;116
10598;31;624342276;10598;468;11720;11837;5.93;0.36;293.77;11.24;1122;32;4056.00;117
10600;31;624342288;10600;465;11721;11837;5.85;0.36;293.83;11.24;1121;32;4057.00;116
10602;31;624342300;10602;467;11724;11837;5.75;0.35;293.91;11.26;1122;32;4058.00;113
10605;31;624342313;10605;466;11725;11838;5.65;0.34;293.92;11.26;1120;32;4059.00;113
10606;31;624342325;10606;466;11727;11838;5.55;0.34;293.95;11.28;1121;32;4060.00;111
10608;31;624342337;10608;458;11732;11844;5.53;0.34;294.00;11.27;1124;32;4061.00;112
10608;31;624342350;10608;464;11734;11844;5.49;0.33;294.00;11.29;1126;32;4062.00;110
10608;31;624342361;10608;457;11734;11845;5.47;0.33;294.00;11.29;1126;32;4063.00;111
10611;31;624342373;10611;454;11734;11845;5.42;0.33;293.98;11.29;1123;32;4064.00;111
10612;31;624342385;10612;452;11736;11845;5.40;0.33;293.96;11.30;1124;32;4065.00;109
10614;31;624342397;10614;453;11736;11845;5.37;0.33;294.04;11.30;1122;32;4066.00;109
10617;31;624342409;10617;454;11737;11845;5.38;0.33;294.07;11.31;1120;32;4067.00;108
10619;31;624342421;10619;451;11748;11857;5.50;0.33;294.09;11.30;1129;32;4068.00;109
10620;31;624342434;10620;452;11748;11857;5.53;0.34;294.08;11.30;1128;32;4069.00;109
10622;31;624342446;10622;453;11749;11857;5.56;0.34;294.16;11.32;1127;32;4070.00;108
10624;31;624342458;10624;457;11751;11857;5.61;0.34;294.19;11.34;1127;32;4071.00;106
10625;31;624342471;10625;454;11751;11857;5.64;0.34;294.23;11.34;1126;32;4072.00;106
10627;31;624342487;10627;456;11752;11857;5.62;0.34;294.26;11.35;1125;32;4073.00;105
10630;31;624342505;10630;453;11756;11861;5.59;0.34;294.34;11.36;1126;32;4074.00;105
10635;31;624342526;10635;448;11756;11861;5.57;0.34;294.39;11.36;1121;32;4075.00;105
10636;32;624342559;10636;457;11761;11865;5.61;0.34;294.42;11.37;1125;33;4076.00;104
10641;32;624342609;10641;451;11763;11866;5.58;0.34;294.52;11.38;1122;33;4077.00;103
10645;32;624342624;10645;455;11764;11866;5.49;0.34;294.64;11.39;1119;33;4078.00;102
10647;32;624342637;10647;461;11764;11866;5.42;0.33;294.64;11.39;1117;33;4079.00;102
10654;32;624342659;10654;458;11786;11895;5.40;0.33;294.70;11.38;1132;33;4080.00;109
10658;32;624342675;10658;447;11786;11895;5.41;0.33;294.81;11.38;1128;33;4081.00;109
10662;32;624342689;10662;443;11789;11895;5.41;0.33;294.86;11.38;1127;33;4082.00;106
10668;32;624342702;10668;439;11792;11896;5.47;0.34;294.88;11.39;1124;33;4083.00;104
10672;32;624342715;10672;434;11794;11897;5.47;0.34;294.92;11.40;1122;33;4084.00;103
10676;32;624342727;10676;430;11795;11897;5.46;0.34;294.99;11.41;1119;33;4085.00;102
10678;32;624342741;10678;430;11797;11900;5.56;0.34;295.03;11.41;1119;33;4086.00;103
10683;32;624342754;10683;427;11798;11900;5.62;0.34;295.04;11.41;1115;33;4087.00;102
10688;32;624342767;10688;418;11799;11900;5.69;0.35;295.21;11.41;1111;33;4088.00;101
10689;32;624342782;10689;416;11799;11900;5.79;0.35;295.22;11.41;1110;33;4089.00;101
10693;32;624342795;10693;401;11804;11906;5.88;0.36;295.38;11.41;1111;33;4090.00;102
10696;32;624342809;10696;397;11804;11906;5.93;0.36;295.47;11.41;1108;33;4091.00;102
10699;32;624342823;10699;392;11804;11906;6.00;0.37;295.48;11.41;1105;33;4092.00;102
10703;32;624342835;10703;392;11804;11906;6.09;0.37;295.57;11.41;1101;33;4093.00;102
10709;32;624342849;10709;394;11807;11910;6.10;0.37;295.67;11.41;1098;33;4094.00;103
10714;32;624342862;10714;395;11809;11912;6.15;0.37;295.67;11.40;1095;33;4095.00;103
10716;32;624342877;10716;391;11809;11912;6.21;0.38;295.67;11.40;1093;33;4096.00;103
10720;32;624342893;10720;395;11810;11913;6.18;0.38;295.80;11.40;1090;33;4097.00;103
10723;32;624342907;10723;392;11810;11913;6.16;0.37;295.81;11.40;1087;33;4098.00;103
10728;32;624342920;10728;393;11810;11913;6.12;0.37;295.93;11.40;1082;33;4099.00;103
10734;32;624342934;10734;395;11810;11913;6.11;0.37;295.99;11.40;1076;33;4100.00;103
10737;32;624342952;10737;395;11810;11913;6.07;0.37;296.00;11.40;1073;33;4101.00;103
10741;32;624342967;10741;390;11810;11913;6.04;0.37;296.10;11.40;1069;33;4102.00;103
10746;32;624342980;10746;394;11810;11913;6.04;0.37;296.11;11.40;1064;33;4103.00;103
10749;32;624342993;10749;401;11845;11983;6.06;0.37;296.17;11.37;1096;33;4104.00;138
10752;32;624343013;10752;394;11845;11984;6.00;0.37;296.26;11.37;1093;33;4105.00;139
10758;32;624343026;10758;387;11850;11984;6.02;0.37;296.29;11.37;1092;33;4106.00;134
10760;32;624343040;10760;384;11852;11984;6.02;0.37;296.27;11.36;1092;33;4107.00;132
10767;32;624343053;10767;387;11854;11984;5.96;0.36;296.36;11.36;1087;33;4108.00;130
10771;32;624343066;10771;381;11856;11984;5.94;0.36;296.41;11.36;1085;33;4109.00;128
10775;32;624343080;10775;381;11858;11984;5.93;0.36;296.45;11.36;1083;33;4110.00;126
10781;32;624343093;10781;381;11861;11984;5.86;0.36;296.50;11.36;1080;33;4111.00;123
10786;32;624343106;10786;382;11865;11985;5.82;0.35;296.54;11.36;1079;33;4112.00;120
10790;32;624343119;10790;391;11866;11986;5.73;0.35;296.60;11.36;1076;33;4113.00;120
10793;32;624343131;10793;396;11868;11986;5.73;0.35;296.63;11.36;1075;33;4114.00;118
10796;32;624343144;10796;394;11873;11990;5.71;0.35;296.66;11.36;1077;33;4115.00;117
10799;32;624343157;10799;392;11875;11990;5.63;0.34;296.68;11.35;1076;33;4116.00;115
10805;32;624343169;10805;387;11876;11990;5.56;0.34;296.76;11.35;1071;33;4117.00;114
10811;32;624343182;10811;387;11876;11990;5.47;0.33;296.76;11.35;1065;33;4118.00;114
10811;32;624343195;10811;388;11881;11996;5.47;0.33;296.76;11.35;1070;33;4119.00;115
10814;32;624343208;10814;397;11882;11996;5.46;0.33;296.79;11.35;1068;33;4120.00;114
10817;32;624343221;10817;407;11882;11996;5.43;0.33;296.83;11.35;1065;33;4121.00;114
10822;32;624343233;10822;414;11886;11999;5.44;0.33;296.94;11.35;1064;33;4122.00;113
10824;32;624343246;10824;413;11886;11999;5.43;0.33;296.96;11.35;1062;33;4123.00;113
10827;32;624343259;10827;417;11888;11999;5.40;0.33;296.98;11.35;1061;33;4124.00;111
10830;32;624343271;10830;416;11890;12000;5.43;0.33;297.03;11.45;1060;33;4125.00;110
10831;32;624343285;10831;418;11891;12001;5.49;0.34;297.01;11.45;1060;33;4126.00;110
10834;32;624343298;10834;406;11891;12001;5.47;0.33;297.05;11.45;1057;33;4127.00;110
10835;32;624343311;10835;399;11901;12014;5.56;0.34;297.04;11.44;1066;33;4128.00;113
10838;32;624343324;10838;394;11902;12014;5.59;0.34;297.18;11.44;1064;33;4129.00;112
10845;32;624343338;10845;392;11902;12014;5.55;0.34;297.28;11.44;1057;33;4130.00;112
10846;32;624343352;10846;396;11903;12015;5.60;0.34;297.29;11.44;1057;33;4131.00;112
10848;32;624343365;10848;399;11903;12015;5.59;0.34;297.36;11.44;1055;33;4132.00;112
10851;32;624343378;10851;402;11907;12019;5.63;0.34;297.38;11.44;1056;33;4133.00;112
10852;32;624343393;10852;403;11907;12019;5.65;0.35;297.43;11.44;1055;33;4134.00;112
10854;32;624343405;10854;413;11910;12023;5.65;0.35;297.50;11.44;1056;33;4135.00;113
10858;32;624343419;10858;407;11910;12023;5.62;0.34;297.52;11.44;1052;33;4136.00;113
10861;32;624343431;10861;397;11910;12023;5.56;0.34;297.55;11.44;1049;33;4137.00;113
10863;32;624343445;10863;395;11910;12023;5.55;0.34;297.61;11.44;1047;33;4138.00;113
10868;32;624343458;10868;389;11910;12023;5.52;0.34;297.58;11.44;1042;33;4139.00;113
10868;32;624343482;10868;395;11936;12057;5.57;0.34;297.58;11.41;1068;33;4140.00;121
10868;32;624343498;10868;396;11936;12057;5.63;0.35;297.58;11.41;1068;33;4141.00;121
10870;32;624343510;10870;398;11938;12057;5.65;0.35;297.56;11.41;1068;33;4142.00;119
10871;32;624343524;10871;397;11938;12057;5.70;0.35;297.56;11.41;1067;33;4143.00;119
10874;32;624343537;10874;389;11939;12057;5.74;0.35;297.56;11.41;1065;33;4144.00;118
10877;32;624343551;10877;386;11939;12057;5.78;0.35;297.62;11.41;1062;33;4145.00;118
10882;32;624343563;10882;388;11939;12058;5.82;0.36;297.61;11.41;1057;33;4146.00;119
10886;32;624343575;10886;396;11939;12058;5.86;0.36;297.60;11.41;1053;33;4147.00;119
10889;32;624343588;10889;393;11944;12064;5.92;0.36;297.61;11.40;1055;33;4148.00;120
10891;32;624343601;10891;383;11945;12065;5.94;0.36;297.59;11.40;1054;33;4149.00;120
10892;32;624343615;10892;380;11945;12065;5.97;0.36;297.58;11.40;1053;33;4150.00;120
10895;32;624343627;10895;385;11945;12065;5.98;0.36;297.54;11.40;1050;33;4151.00;120
10896;32;624343640;10896;380;11948;12069;5.99;0.37;297.52;11.40;1052;33;4152.00;121
10899;32;624343652;10899;377;11948;12069;5.99;0.36;297.46;11.40;1049;33;4153.00;121
10902;32;624343665;10902;383;11948;12069;5.93;0.36;297.39;11.40;1046;33;4154.00;121
10902;32;624343676;10902;379;11950;12070;5.95;0.36;297.39;11.50;1048;33;4155.00;120
10907;32;624343689;10907;380;11953;12074;5.87;0.36;297.37;11.50;1046;33;4156.00;121
10909;32;624343702;10909;383;11953;12074;5.78;0.35;297.33;11.50;1044;33;4157.00;121
10910;32;624343713;10910;387;11955;12077;5.79;0.35;297.31;11.50;1045;33;4158.00;122
10913;32;624343725;10913;388;11955;12077;5.77;0.35;297.29;11.50;1042;33;4159.00;122
10914;32;624343736;10914;388;11956;12077;5.72;0.35;297.30;11.50;1042;33;4160.00;121
10915;32;624343748;10915;385;11956;12077;5.68;0.34;297.35;11.50;1041;33;4161.00;121
10915;32;624343759;10915;384;11960;12081;5.70;0.34;297.35;11.50;1045;33;4162.00;121
10915;32;624343771;10915;391;11960;12081;5.71;0.35;297.35;11.50;1045;33;4163.00;121
10916;32;624343783;10916;386;11960;12081;5.68;0.34;297.34;11.50;1044;33;4164.00;121
10918;32;624343799;10918;386;11960;12081;5.70;0.34;297.35;11.50;1042;33;4165.00;121
10918;32;624343811;10918;386;11960;12082;5.73;0.35;297.35;11.50;1042;33;4166.00;122
10918;32;624343823;10918;388;11961;12083;5.81;0.35;297.35;11.50;1043;33;4167.00;122
10919;32;624343836;10919;392;11961;12083;5.81;0.35;297.35;11.50;1042;33;4168.00;122
10922;32;624343847;10922;382;11962;12084;5.87;0.36;297.35;11.49;1040;33;4169.00;122
10923;32;624343861;10923;379;11962;12084;5.93;0.36;297.35;11.49;1039;33;4170.00;122
10923;32;624343873;10923;365;11962;12084;6.01;0.36;297.35;11.49;1039;33;4171.00;122
10923;32;624343884;10923;365;11962;12084;6.08;0.37;297.35;11.49;1039;33;4172.00;122
10923;32;624343896;10923;361;11964;12086;6.11;0.37;297.35;11.49;1041;33;4173.00;122
10925;32;624343909;10925;349;11965;12086;6.20;0.38;297.33;11.59;1040;33;4174.00;121
10927;32;624343921;10927;338;11965;12086;6.27;0.38;297.36;11.59;1038;33;4175.00;121
10929;32;624343932;10929;355;12032;12213;6.43;0.40;297.35;11.53;1103;33;4176.00;181
10931;32;624343954;10931;344;12033;12214;6.52;0.40;297.33;11.53;1102;33;4177.00;181
10934;32;624343967;10934;342;12037;12214;6.61;0.41;297.29;11.53;1103;33;4178.00;177
10936;32;624343980;10936;328;12042;12214;6.72;0.41;297.27;11.52;1106;33;4179.00;172
10940;32;624343992;10940;321;12045;12214;6.81;0.42;297.23;11.52;1105;33;4180.00;169
10941;32;624344010;10941;323;12051;12214;6.88;0.42;297.24;11.52;1110;33;4181.00;163
10943;32;624344022;10943;316;12053;12214;6.94;0.43;297.21;11.52;1110;33;4182.00;161
10945;32;624344035;10945;319;12059;12214;6.96;0.43;297.25;11.51;1114;33;4183.00;155
10947;32;624344047;10947;313;12064;12215;6.94;0.43;297.22;11.53;1117;33;4184.00;151
10949;32;624344061;10949;311;12066;12217;6.93;0.43;297.21;11.53;1117;33;4185.00;151
10951;32;624344074;10951;308;12069;12217;6.99;0.43;297.20;11.54;1118;33;4186.00;148
10953;32;624344093;10953;309;12069;12218;7.00;0.43;297.19;11.54;1116;33;4187.00;149
10953;32;624344106;10953;317;12074;12218;7.07;0.43;297.19;11.56;1121;33;4188.00;144
10954;32;624344118;10954;314;12075;12218;7.06;0.43;297.18;11.56;1121;33;4189.00;143
10957;32;624344135;10957;314;12078;12218;7.03;0.43;297.19;11.56;1121;33;4190.00;140
10959;32;624344148;10959;311;12082;12222;7.04;0.43;297.21;11.56;1123;33;4191.00;140
10960;32;624344162;10960;315;12082;12222;7.05;0.43;297.20;11.56;1122;33;4192.00;140
10961;32;624344174;10961;315;12084;12222;7.06;0.43;297.18;11.56;1123;33;4193.00;138
10965;32;624344187;10965;315;12085;12225;7.07;0.43;297.22;11.55;1120;33;4194.00;140
10968;32;624344207;10968;324;12087;12225;7.07;0.43;297.25;11.55;1119;33;4195.00;138
10971;32;624344219;10971;330;12087;12225;7.07;0.43;297.32;11.55;1116;33;4196.00;138
10974;32;624344232;10974;335;12091;12229;6.97;0.42;297.36;11.55;1117;33;4197.00;138
10977;32;624344245;10977;340;12093;12230;7.02;0.43;297.31;11.55;1116;33;4198.00;137
10982;32;624344258;10982;341;12094;12230;6.93;0.42;297.29;11.55;1112;33;4199.00;136
10984;32;624344274;10984;348;12105;12264;6.89;0.42;297.26;11.54;1121;33;4200.00;159
10987;32;624344294;10987;347;12108;12264;6.84;0.42;297.30;11.54;1121;33;4201.00;156
10988;32;624344307;10988;352;12109;12264;6.77;0.41;297.31;11.54;1121;33;4202.00;155
10989;32;624344320;10989;357;12110;12265;6.76;0.41;297.33;11.54;1121;33;4203.00;155
10989;32;624344332;10989;360;12112;12265;6.73;0.41;297.33;11.54;1123;33;4204.00;153
10994;32;624344345;10994;366;12115;12271;6.74;0.41;297.28;11.54;1121;33;4205.00;156
10996;32;624344359;10996;375;12120;12271;6.73;0.41;297.33;11.55;1124;33;4206.00;151
10999;32;624344372;10999;377;12122;12272;6.69;0.41;297.32;11.55;1123;33;4207.00;150
10999;32;624344386;10999;382;12123;12272;6.70;0.41;297.32;11.55;1124;33;4208.00;149
11001;32;624344398;11001;387;12123;12272;6.66;0.41;297.33;11.55;1122;33;4209.00;149
11004;32;624344411;11004;387;12124;12272;6.61;0.40;297.37;11.56;1120;33;4210.00;148
11008;32;624344424;11008;397;12126;12272;6.60;0.40;297.42;11.57;1118;33;4211.00;146
11010;32;624344436;11010;397;12135;12284;6.59;0.40;297.47;11.57;1125;33;4212.00;149
11011;32;624344455;11011;403;12139;12284;6.49;0.40;297.50;11.57;1128;33;4213.00;145
11014;32;624344469;11014;398;12141;12284;6.44;0.39;297.49;11.59;1127;33;4214.00;143
11016;32;624344482;11016;407;12142;12284;6.41;0.39;297.54;11.59;1126;33;4215.00;142
11019;32;624344503;11019;417;12143;12284;6.33;0.39;297.54;11.61;1124;33;4216.00;141
11021;32;624344523;11021;419;12145;12284;6.28;0.38;297.57;11.61;1124;33;4217.00;139
11022;32;624344543;11022;427;12151;12288;6.27;0.38;297.64;11.63;1129;33;4218.00;137
11024;32;624344563;11024;427;12151;12288;6.29;0.38;297.63;11.63;1127;33;4219.00;137
11026;32;624344581;11026;430;12155;12292;6.33;0.39;297.70;11.64;1129;33;4220.00;137
11029;32;624344600;11029;434;12157;12293;6.31;0.39;297.67;11.64;1128;33;4221.00;136
11033;32;624344614;11033;439;12158;12293;6.29;0.38;297.73;11.66;1125;33;4222.00;135
11039;32;624344629;11039;444;12162;12293;6.17;0.38;297.75;11.68;1123;33;4223.00;131
11042;32;624344643;11042;441;12172;12306;6.14;0.37;297.82;11.67;1130;33;4224.00;134
11048;32;624344659;11048;437;12175;12306;6.08;0.37;297.89;11.68;1127;33;4225.00;131
11051;32;624344672;11051;440;12176;12306;6.02;0.37;297.90;11.69;1125;33;4226.00;130
11055;32;624344687;11055;441;12177;12307;6.00;0.37;297.89;11.69;1122;33;4227.00;130
11057;32;624344701;11057;441;12178;12308;5.97;0.36;297.91;11.70;1121;33;4228.00;130
11059;32;624344714;11059;435;12181;12308;5.94;0.36;297.94;11.73;1122;33;4229.00;127
11060;32;624344729;11060;433;12187;12314;5.99;0.37;297.97;11.74;1127;33;4230.00;127
11062;32;624344743;11062;431;12189;12314;5.96;0.36;298.01;11.77;1127;33;4231.00;125
11064;32;624344756;11064;432;12190;12314;5.98;0.37;298.06;11.77;1126;33;4232.00;124
11067;32;624344770;11067;431;12192;12314;5.96;0.36;298.14;11.79;1125;33;4233.00;122
11069;32;624344783;11069;435;12198;12320;5.95;0.36;298.16;11.79;1129;33;4234.00;122
11072;32;624344796;11072;434;12198;12320;5.94;0.36;298.19;11.79;1126;33;4235.00;122
11074;32;624344809;11074;435;12200;12320;5.93;0.36;298.26;11.81;1126;33;4236.00;120
11077;33;624344822;11077;437;12200;12320;5.88;0.36;298.22;11.81;1123;34;4237.00;120
11081;33;624344850;11081;443;12206;12324;5.84;0.36;298.29;11.84;1125;34;4238.00;118
11085;33;624344864;11085;439;12207;12325;5.79;0.35;298.37;11.84;1122;34;4239.00;118
11086;33;624344876;11086;438;12209;12325;5.78;0.35;298.41;11.85;1123;34;4240.00;116
11090;33;624344889;11090;436;12210;12326;5.75;0.35;298.46;11.85;1120;34;4241.00;116
11093;33;624344902;11093;441;12210;12326;5.69;0.35;298.54;11.85;1117;34;4242.00;116
11097;33;624344922;11097;437;12213;12326;5.61;0.34;298.57;11.88;1116;34;4243.00;113
11103;33;624344940;11103;433;12213;12326;5.55;0.34;298.67;11.88;1110;34;4244.00;113
11103;33;624344953;11103;433;12213;12326;5.54;0.34;298.67;11.88;1110;34;4245.00;113
11107;33;624344966;11107;439;12215;12326;5.41;0.33;298.73;11.89;1108;34;4246.00;111
11109;33;624344979;11109;444;12216;12326;5.30;0.32;298.80;11.90;1107;34;4247.00;110
11113;33;624344992;11113;453;12257;12396;5.23;0.32;298.81;11.86;1144;34;4248.00;139
11117;33;624345010;11117;454;12261;12397;5.16;0.32;298.79;11.87;1144;34;4249.00;136
11120;33;624345023;11120;439;12265;12397;5.06;0.31;298.80;11.86;1145;34;4250.00;132
11123;33;624345036;11123;433;12268;12397;5.05;0.31;298.83;11.87;1145;34;4251.00;129
11126;33;624345048;11126;441;12273;12397;5.00;0.31;298.88;11.87;1147;34;4252.00;124
11129;33;624345061;11129;431;12275;12397;4.97;0.30;298.88;11.87;1146;34;4253.00;122
11135;33;624345074;11135;438;12281;12397;4.93;0.30;299.03;11.88;1146;34;4254.00;116
11138;33;624345086;11138;440;12282;12397;4.90;0.30;299.03;11.88;1144;34;4255.00;115
11141;33;624345100;11141;442;12284;12398;4.92;0.30;299.09;11.89;1143;34;4256.00;114
11144;33;624345112;11144;440;12287;12399;4.96;0.30;299.10;11.89;1143;34;4257.00;112
11148;33;624345125;11148;439;12287;12399;5.00;0.31;299.09;11.89;1139;34;4258.00;112
11150;33;624345139;11150;436;12290;12403;5.03;0.31;299.12;11.88;1140;34;4259.00;113
11154;33;624345154;11154;439;12292;12403;5.07;0.31;299.26;11.88;1138;34;4260.00;111
11157;33;624345167;11157;431;12292;12403;5.09;0.31;299.26;11.88;1135;34;4261.00;111
11160;33;624345180;11160;434;12292;12403;5.15;0.32;299.25;11.88;1132;34;4262.00;111
11162;33;624345194;11162;431;12298;12409;5.18;0.32;299.23;11.88;1136;34;4263.00;111
11164;33;624345208;11164;430;12298;12409;5.22;0.32;299.29;11.88;1134;34;4264.00;111
11169;33;624345220;11169;429;12299;12409;5.28;0.33;299.34;11.88;1130;34;4265.00;110
11173;33;624345234;11173;427;12301;12412;5.34;0.33;299.32;11.88;1128;34;4266.00;111
11178;33;624345247;11178;428;12301;12412;5.33;0.33;299.40;11.88;1123;34;4267.00;111
11182;33;624345261;11182;428;12303;12412;5.32;0.33;299.35;11.88;1121;34;4268.00;109
11186;33;624345275;11186;430;12304;12413;5.30;0.33;299.44;11.88;1118;34;4269.00;109
11190;33;624345289;11190;433;12305;12414;5.31;0.33;299.52;11.88;1115;34;4270.00;109
11194;33;624345302;11194;434;12305;12414;5.26;0.32;299.63;11.88;1111;34;4271.00;109
11197;33;624345315;11197;434;12316;12427;5.29;0.32;299.76;11.87;1119;34;4272.00;111
11201;33;624345329;11201;431;12316;12427;5.23;0.32;299.72;11.87;1115;34;4273.00;111
11209;33;624345342;11209;433;12316;12427;5.14;0.31;299.75;11.87;1107;34;4274.00;111
11213;33;624345355;11213;430;12318;12429;5.10;0.31;299.79;11.86;1105;34;4275.00;111
11214;33;624345369;11214;434;12318;12429;5.05;0.31;299.79;11.86;1104;34;4276.00;111
11221;33;624345381;11221;429;12322;12433;5.03;0.31;299.82;11.86;1101;34;4277.00;111
11222;33;624345395;11222;429;12322;12433;5.06;0.31;299.80;11.86;1100;34;4278.00;111
11227;33;624345407;11227;422;12325;12437;5.01;0.31;299.80;11.86;1098;34;4279.00;112
11231;33;624345421;11231;434;12325;12437;5.03;0.31;299.80;11.86;1094;34;4280.00;112
11234;33;624345434;11234;437;12325;12437;5.03;0.31;299.75;11.86;1091;34;4281.00;112
11239;33;624345446;11239;439;12325;12437;4.97;0.30;299.77;11.86;1086;34;4282.00;112
11240;33;624345459;11240;436;12325;12437;4.95;0.30;299.75;11.86;1085;34;4283.00;112
11244;33;624345471;11244;434;12334;12449;4.98;0.30;299.80;11.85;1090;34;4284.00;115
11249;33;624345486;11249;431;12335;12449;4.90;0.30;299.84;11.85;1086;34;4285.00;114
11251;33;624345498;11251;437;12336;12449;4.83;0.29;299.86;11.85;1085;34;4286.00;113
11253;33;624345510;11253;447;12336;12449;4.79;0.29;299.88;11.85;1083;34;4287.00;113
11256;33;624345522;11256;444;12336;12449;4.74;0.29;299.93;11.85;1080;34;4288.00;113
11260;33;624345535;11260;442;12336;12449;4.71;0.29;299.89;11.85;1076;34;4289.00;113
11262;33;624345547;11262;445;12336;12450;4.69;0.29;299.93;11.85;1074;34;4290.00;114
11267;33;624345559;11267;447;12336;12450;4.69;0.29;299.94;11.85;1069;34;4291.00;114
11271;33;624345571;11271;441;12341;12456;4.67;0.28;299.97;11.84;1070;34;4292.00;115
11277;33;624345582;11277;449;12342;12457;4.58;0.28;300.01;11.84;1065;34;4293.00;115
11281;33;624345595;11281;451;12342;12457;4.52;0.27;299.95;11.84;1061;34;4294.00;115
11286;33;624345606;11286;452;12342;12457;4.43;0.27;300.00;11.84;1056;34;4295.00;115
11289;33;624345617;11289;454;12345;12461;4.44;0.27;299.97;11.84;1056;34;4296.00;116
11290;33;624345629;11290;443;12345;12461;4.46;0.27;300.03;11.84;1055;34;4297.00;116
11294;33;624345640;11294;445;12345;12461;4.44;0.27;300.02;11.84;1051;34;4298.00;116
11296;33;624345651;11296;441;12346;12462;4.43;0.27;300.00;11.84;1050;34;4299.00;116
11298;33;624345663;11298;440;12349;12466;4.46;0.27;299.97;11.84;1051;34;4300.00;117
11302;33;624345678;11302;440;12349;12466;4.42;0.27;299.94;11.84;1047;34;4301.00;117
11304;33;624345690;11304;442;12351;12469;4.40;0.27;299.91;11.83;1047;34;4302.00;118
11305;33;624345702;11305;446;12351;12469;4.40;0.27;299.90;11.83;1046;34;4303.00;118
11306;33;624345713;11306;443;12352;12469;4.44;0.27;299.88;11.83;1046;34;4304.00;117
11309;33;624345724;11309;450;12352;12469;4.38;0.27;299.88;11.83;1043;34;4305.00;117
11312;33;624345740;11312;432;12356;12473;4.38;0.27;299.83;11.83;1044;34;4306.00;117
11314;33;624345752;11314;421;12356;12473;4.38;0.27;299.86;11.83;1042;34;4307.00;117
11316;33;624345764;11316;410;12356;12473;4.39;0.27;299.83;11.83;1040;34;4308.00;117
11317;33;624345775;11317;401;12356;12473;4.45;0.27;299.81;11.83;1039;34;4309.00;117
11318;33;624345787;11318;396;12356;12474;4.55;0.28;299.80;11.83;1038;34;4310.00;118
11319;33;624345798;11319;392;12357;12475;4.64;0.28;299.80;11.83;1038;34;4311.00;118
11319;33;624345810;11319;392;12357;12475;4.76;0.29;299.80;11.83;1038;34;4312.00;118
11321;33;624345821;11321;385;12358;12476;4.86;0.30;299.79;11.83;1037;34;4313.00;118
11321;33;624345833;11321;378;12358;12476;4.98;0.30;299.79;11.83;1037;34;4314.00;118
11322;33;624345845;11322;383;12358;12476;5.08;0.31;299.79;11.83;1036;34;4315.00;118
11322;33;624345857;11322;382;12358;12476;5.17;0.32;299.79;11.83;1036;34;4316.00;118
11324;33;624345868;11324;382;12358;12476;5.24;0.32;299.78;11.83;1034;34;4317.00;118
11325;33;624345880;11325;391;12358;12476;5.36;0.33;299.76;11.83;1033;34;4318.00;118
11328;33;624345891;11328;385;12358;12476;5.45;0.33;299.81;11.83;1030;34;4319.00;118
11329;33;624345905;11329;436;12478;12706;5.71;0.36;299.81;11.71;1149;34;4320.00;228
11330;33;624345934;11330;429;12480;12707;5.77;0.36;299.87;11.71;1150;34;4321.00;227
11331;33;624345947;11331;410;12490;12707;5.89;0.37;299.85;11.81;1159;34;4322.00;217
11332;33;624345962;11332;388;12493;12707;5.93;0.37;299.86;11.81;1161;34;4323.00;214
11335;33;624345978;11335;369;12499;12707;5.97;0.37;299.81;11.80;1164;34;4324.00;208
11336;33;624345997;11336;361;12503;12707;6.05;0.38;299.80;11.80;1167;34;4325.00;204
11337;33;624346010;11337;353;12510;12707;6.13;0.38;299.81;11.80;1173;34;4326.00;197
11338;33;624346023;11338;351;12516;12707;6.19;0.38;299.87;11.79;1178;34;4327.00;191
11338;33;624346038;11338;351;12522;12708;6.31;0.39;299.87;11.79;1184;34;4328.00;186
11339;33;624346052;11339;345;12525;12709;6.34;0.39;299.86;11.79;1186;34;4329.00;184
11341;33;624346072;11341;336;12530;12709;6.37;0.39;299.85;11.79;1189;34;4330.00;179
11342;33;624346086;11342;338;12532;12710;6.36;0.39;299.87;11.79;1190;34;4331.00;178
11344;33;624346099;11344;339;12536;12710;6.30;0.39;299.87;11.79;1192;34;4332.00;174
11344;33;624346119;11344;342;12536;12710;6.28;0.39;299.87;11.79;1192;34;4333.00;174
11344;33;624346132;11344;339;12538;12710;6.27;0.39;299.87;11.79;1194;34;4334.00;172
11345;33;624346146;11345;342;12540;12714;6.24;0.38;299.85;11.79;1195;34;4335.00;174
11345;33;624346160;11345;340;12541;12714;6.23;0.38;299.85;11.79;1196;34;4336.00;173
11346;33;624346174;11346;340;12543;12714;6.26;0.38;299.85;11.79;1197;34;4337.00;171
11347;33;624346187;11347;347;12543;12717;6.29;0.39;299.85;11.79;1196;34;4338.00;174
11350;33;624346207;11350;342;12545;12717;6.35;0.39;299.89;11.89;1195;34;4339.00;172
11353;33;624346221;11353;342;12545;12717;6.42;0.39;299.90;11.89;1192;34;4340.00;172
11353;33;624346240;11353;337;12548;12721;6.47;0.40;299.90;11.89;1195;34;4341.00;173
11354;33;624346255;11354;335;12549;12722;6.57;0.40;299.97;11.89;1195;34;4342.00;173
11358;33;624346269;11358;334;12549;12722;6.61;0.40;299.96;11.89;1191;34;4343.00;173
11359;33;624346285;11359;332;12551;12726;6.71;0.41;300.04;11.89;1192;34;4344.00;175
11361;33;624346299;11361;336;12551;12726;6.79;0.41;300.01;11.89;1190;34;4345.00;175
11364;33;624346314;11364;340;12552;12726;6.83;0.42;300.00;11.89;1188;34;4346.00;174
11367;33;624346333;11367;338;12553;12727;6.81;0.41;299.97;11.89;1186;34;4347.00;174
11370;33;624346348;11370;343;12553;12727;6.83;0.41;300.03;11.89;1183;34;4348.00;174
11372;33;624346362;11372;340;12557;12733;6.87;0.42;299.99;11.89;1185;34;4349.00;176
11376;33;624346378;11376;342;12558;12733;6.85;0.42;300.06;11.89;1182;34;4350.00;175
11377;33;624346392;11377;338;12559;12734;6.82;0.41;300.05;11.89;1182;34;4351.00;175
11380;33;624346406;11380;335;12559;12734;6.77;0.41;300.08;11.89;1179;34;4352.00;175
11383;33;624346419;11383;338;12563;12734;6.71;0.41;300.09;11.89;1180;34;4353.00;171
11386;33;624346434;11386;326;12564;12734;6.69;0.41;300.12;11.90;1178;34;4354.00;170
11389;33;624346447;11389;324;12565;12734;6.70;0.41;300.11;11.91;1176;34;4355.00;169
11392;33;624346462;11392;332;12575;12746;6.74;0.41;300.20;11.90;1183;34;4356.00;171
11393;33;624346477;11393;338;12578;12746;6.76;0.41;300.19;12.01;1185;34;4357.00;168
11394;33;624346497;11394;326;12579;12746;6.74;0.41;300.19;12.01;1185;34;4358.00;167
11396;33;624346521;11396;334;12580;12746;6.74;0.41;300.16;12.01;1184;34;4359.00;166
11400;33;624346548;11400;327;12581;12746;6.76;0.41;300.22;12.01;1181;34;4360.00;165
11405;33;624346572;11405;327;12582;12746;6.71;0.41;300.33;12.01;1177;34;4361.00;164
11408;33;624346595;11408;329;12586;12750;6.70;0.41;300.28;12.01;1178;34;4362.00;164
11412;33;624346614;11412;329;12586;12750;6.71;0.41;300.33;12.01;1174;34;4363.00;164
11416;33;624346629;11416;333;12589;12754;6.71;0.41;300.29;12.01;1173;34;4364.00;165
11417;33;624346645;11417;337;12591;12756;6.70;0.41;300.30;12.01;1174;34;4365.00;165
11420;33;624346661;11420;340;12591;12756;6.75;0.41;300.30;12.01;1171;34;4366.00;165
11423;33;624346675;11423;342;12592;12756;6.76;0.41;300.39;12.01;1169;34;4367.00;164
11424;33;624346690;11424;345;12603;12769;6.77;0.41;300.43;12.00;1179;34;4368.00;166
11425;33;624346705;11425;345;12604;12769;6.73;0.41;300.42;12.01;1179;34;4369.00;165
11428;33;624346720;11428;347;12604;12769;6.68;0.41;300.44;12.01;1176;34;4370.00;165
11432;33;624346734;11432;349;12606;12770;6.61;0.40;300.51;12.01;1174;34;4371.00;164
11435;33;624346748;11435;357;12608;12771;6.57;0.40;300.57;12.01;1173;34;4372.00;163
11438;33;624346762;11438;359;12609;12771;6.52;0.40;300.62;12.01;1171;34;4373.00;162
11443;33;624346777;11443;365;12611;12774;6.49;0.39;300.74;12.01;1168;34;4374.00;163
11443;33;624346792;11443;366;12612;12774;6.43;0.39;300.74;12.01;1169;34;4375.00;162
11445;33;624346805;11445;376;12614;12774;6.41;0.39;300.84;12.02;1169;34;4376.00;160
11449;33;624346820;11449;385;12614;12774;6.36;0.39;300.87;12.02;1165;34;4377.00;160
11452;33;624346835;11452;393;12620;12780;6.36;0.39;300.87;12.02;1168;34;4378.00;160
11455;33;624346849;11455;397;12620;12780;6.30;0.38;300.93;12.02;1165;34;4379.00;160
11459;33;624346865;11459;406;12623;12780;6.24;0.38;300.95;12.05;1164;34;4380.00;157
11463;33;624346879;11463;412;12623;12780;6.23;0.38;301.01;12.05;1160;34;4381.00;157
11464;33;624346893;11464;418;12628;12784;6.20;0.38;301.08;12.07;1164;34;4382.00;156
11468;33;624346907;11468;421;12630;12785;6.18;0.38;301.12;12.08;1162;34;4383.00;155
11470;33;624346922;11470;418;12631;12785;6.16;0.38;301.17;12.08;1161;34;4384.00;154
11472;33;624346936;11472;423;12633;12786;6.18;0.38;301.19;12.08;1161;34;4385.00;153
11474;33;624346951;11474;426;12636;12786;6.18;0.38;301.25;12.12;1162;34;4386.00;150
11475;33;624346965;11475;426;12638;12786;6.18;0.38;301.30;12.13;1163;34;4387.00;148
11479;33;624346981;11479;428;12639;12786;6.12;0.37;301.26;12.14;1160;34;4388.00;147
11482;33;624347006;11482;441;12640;12786;6.06;0.37;301.26;12.15;1158;34;4389.00;146
11483;33;624347022;11483;446;12642;12786;6.04;0.37;301.30;12.15;1159;34;4390.00;144
11484;33;624347038;11484;448;12644;12786;5.98;0.37;301.35;12.17;1160;34;4391.00;142
11487;33;624347052;11487;457;12680;12856;6.05;0.37;301.31;12.16;1193;34;4392.00;176
11489;33;624347073;11489;449;12683;12857;6.02;0.37;301.34;12.16;1194;34;4393.00;174
11491;33;624347088;11491;447;12689;12857;5.97;0.37;301.38;12.17;1198;34;4394.00;168
11493;33;624347103;11493;453;12694;12857;5.91;0.36;301.39;12.17;1201;34;4395.00;163
11497;33;624347117;11497;441;12699;12857;5.87;0.36;301.44;12.19;1202;34;4396.00;158
11501;33;624347131;11501;444;12701;12857;5.84;0.36;301.56;12.19;1200;34;4397.00;156
11504;33;624347153;11504;448;12706;12857;5.81;0.36;301.60;12.20;1202;34;4398.00;151
11507;33;624347166;11507;448;12709;12857;5.77;0.35;301.67;12.20;1202;34;4399.00;148
11509;33;624347182;11509;454;12712;12858;5.75;0.35;301.67;12.22;1203;34;4400.00;146
11515;33;624347202;11515;443;12714;12859;5.72;0.35;301.66;12.22;1199;34;4401.00;145
11516;33;624347217;11516;439;12718;12859;5.72;0.35;301.65;12.24;1202;34;4402.00;141
11518;33;624347232;11518;443;12723;12863;5.68;0.35;301.65;12.25;1205;34;4403.00;140
11519;33;624347248;11519;439;12723;12863;5.70;0.35;301.70;12.25;1204;34;4404.00;140
11523;33;624347263;11523;441;12723;12863;5.67;0.35;301.77;12.25;1200;34;4405.00;140
11525;33;624347285;11525;441;12725;12863;5.72;0.35;301.82;12.28;1200;34;4406.00;138
11528;33;624347300;11528;443;12729;12869;5.79;0.35;301.84;12.28;1201;34;4407.00;140
11530;33;624347314;11530;441;12731;12869;5.79;0.35;301.85;12.30;1201;34;4408.00;138
11533;33;624347328;11533;443;12731;12869;5.80;0.35;301.91;12.30;1198;34;4409.00;138
11535;33;624347343;11535;446;12736;12875;5.84;0.36;301.90;12.32;1201;34;4410.00;139
11539;33;624347358;11539;449;12736;12875;5.81;0.35;302.05;12.32;1197;34;4411.00;139
11543;33;624347372;11543;449;12738;12875;5.78;0.35;302.04;12.32;1195;34;4412.00;137
11547;33;624347386;11547;449;12739;12876;5.68;0.35;302.23;12.34;1192;34;4413.00;137
11549;33;624347400;11549;458;12741;12877;5.65;0.34;302.20;12.33;1192;34;4414.00;136
11553;33;624347413;11553;459;12742;12877;5.55;0.34;302.26;12.35;1189;34;4415.00;135
11557;33;624347427;11557;462;12752;12890;5.48;0.33;302.34;12.34;1195;34;4416.00;138
11561;33;624347441;11561;459;12753;12890;5.32;0.32;302.39;12.35;1192;34;4417.00;137
11563;33;624347455;11563;463;12755;12890;5.14;0.31;302.44;12.36;1192;34;4418.00;135
11571;33;624347468;11571;465;12755;12891;4.99;0.30;302.51;12.36;1184;34;4419.00;136
11574;33;624347482;11574;456;12757;12891;4.91;0.30;302.56;12.38;1183;34;4420.00;134
11579;33;624347495;11579;452;12761;12895;4.89;0.30;302.55;12.38;1182;34;4421.00;134
11583;33;624347508;11583;457;12764;12895;4.84;0.29;302.61;12.40;1181;34;4422.00;131
11586;33;624347528;11586;460;12767;12899;4.88;0.30;302.65;12.40;1181;34;4423.00;132
11588;33;624347542;11588;460;12767;12899;4.89;0.30;302.69;12.40;1179;34;4424.00;132
11591;33;624347554;11591;459;12770;12899;4.93;0.30;302.74;12.42;1179;34;4425.00;129
11593;33;624347567;11593;459;12770;12899;4.98;0.30;302.77;12.42;1177;34;4426.00;129
11596;33;624347580;11596;456;12770;12899;5.01;0.31;302.83;12.42;1174;34;4427.00;129
11600;33;624347592;11600;451;12779;12911;5.09;0.31;302.91;12.41;1179;34;4428.00;132
11602;33;624347607;11602;451;12782;12911;5.15;0.32;302.91;12.41;1180;34;4429.00;129
11604;33;624347619;11604;448;12784;12911;5.19;0.32;302.90;12.41;1180;34;4430.00;127
11607;33;624347631;11607;453;12785;12911;5.21;0.32;302.89;12.41;1178;34;4431.00;126
11611;33;624347644;11611;451;12785;12911;5.27;0.32;302.90;12.41;1174;34;4432.00;126
11616;33;624347657;11616;446;12786;12911;5.31;0.33;302.97;12.41;1170;34;4433.00;125
11619;33;624347670;11619;445;12787;12912;5.36;0.33;302.98;12.41;1168;34;4434.00;125
11622;33;624347683;11622;446;12788;12912;5.39;0.33;303.02;12.41;1166;34;4435.00;124
11626;33;624347696;11626;453;12792;12918;5.43;0.33;303.19;12.40;1166;34;4436.00;126
11628;33;624347709;11628;453;12794;12919;5.45;0.33;303.18;12.40;1166;34;4437.00;125
11633;33;624347723;11633;458;12794;12919;5.43;0.33;303.20;12.40;1161;34;4438.00;125
11638;33;624347736;11638;448;12794;12919;5.40;0.33;303.25;12.40;1156;34;4439.00;125
11643;33;624347751;11643;450;12798;12924;5.40;0.33;303.29;12.40;1155;34;4440.00;126
11645;33;624347764;11645;451;12798;12924;5.36;0.33;303.33;12.40;1153;34;4441.00;126
11652;33;624347777;11652;457;12798;12924;5.29;0.32;303.41;12.40;1146;34;4442.00;126
11659;33;624347789;11659;463;12799;12925;5.15;0.31;303.50;12.40;1140;34;4443.00;126
11666;33;624347802;11666;465;12802;12929;5.09;0.31;303.52;12.40;1136;34;4444.00;127
11669;33;624347816;11669;467;12802;12929;5.03;0.31;303.53;12.40;1133;34;4445.00;127
11672;33;624347828;11672;475;12804;12932;4.98;0.30;303.55;12.39;1132;34;4446.00;128
11674;33;624347841;11674;476;12804;12932;4.99;0.30;303.57;12.39;1130;34;4447.00;128
11679;33;624347853;11679;479;12805;12932;4.93;0.30;303.54;12.39;1126;34;4448.00;127
11682;33;624347866;11682;486;12805;12932;4.84;0.30;303.50;12.39;1123;34;4449.00;127
11686;33;624347878;11686;492;12809;12936;4.81;0.29;303.48;12.39;1123;34;4450.00;127
11688;33;624347891;11688;493;12809;12936;4.79;0.29;303.46;12.39;1121;34;4451.00;127
11690;33;624347902;11690;488;12809;12936;4.78;0.29;303.52;12.39;1119;34;4452.00;127
11694;33;624347915;11694;496;12809;12936;4.76;0.29;303.51;12.39;1115;34;4453.00;127
11695;33;624347926;11695;499;12809;12937;4.70;0.29;303.52;12.39;1114;34;4454.00;128
11698;33;624347939;11698;500;12812;12939;4.64;0.28;303.50;12.50;1114;34;4455.00;127
11702;33;624347952;11702;507;12812;12939;4.59;0.28;303.48;12.50;1110;34;4456.00;127
11703;33;624347964;11703;514;12813;12940;4.57;0.28;303.46;12.49;1110;34;4457.00;127
11705;33;624347976;11705;508;12813;12940;4.58;0.28;303.45;12.49;1108;34;4458.00;127
11709;33;624347987;11709;506;12813;12940;4.50;0.28;303.42;12.49;1104;34;4459.00;127
11711;33;624347999;11711;504;12813;12940;4.49;0.28;303.41;12.49;1102;34;4460.00;127
11714;33;624348011;11714;505;12813;12940;4.45;0.27;303.39;12.49;1099;34;4461.00;127
11719;33;624348023;11719;501;12813;12940;4.36;0.27;303.43;12.49;1094;34;4462.00;127
11721;33;624348035;11721;502;12813;12940;4.35;0.27;303.43;12.49;1092;34;4463.00;127
11725;33;624348045;11725;514;12883;13067;4.77;0.30;303.42;12.43;1158;34;4464.00;184
11727;33;624348066;11727;509;12885;13068;4.70;0.29;303.41;12.42;1158;34;4465.00;183
11731;33;624348077;11731;511;12893;13068;4.70;0.29;303.45;12.42;1162;34;4466.00;175
11734;33;624348090;11734;507;12893;13068;4.64;0.29;303.45;12.42;1159;34;4467.00;175
11737;33;624348102;11737;501;12898;13068;4.65;0.29;303.44;12.41;1161;34;4468.00;170
11739;33;624348113;11739;497;12900;13068;4.63;0.29;303.43;12.41;1161;34;4469.00;168
11742;33;624348127;11742;497;12904;13068;4.63;0.29;303.37;12.41;1162;34;4470.00;164
11744;33;624348139;11744;500;12905;13068;4.61;0.28;303.35;12.41;1161;34;4471.00;163
11746;33;624348151;11746;514;12908;13069;4.58;0.28;303.32;12.41;1162;34;4472.00;161
11750;33;624348165;11750;518;12912;13070;4.49;0.28;303.32;12.41;1162;34;4473.00;158
11750;33;624348177;11750;525;12916;13070;4.47;0.28;303.32;12.41;1166;34;4474.00;154
11754;33;624348190;11754;521;12919;13071;4.46;0.27;303.33;12.41;1165;34;4475.00;152
11755;33;624348202;11755;505;12922;13071;4.55;0.28;303.33;12.41;1167;34;4476.00;149
11756;33;624348215;11756;498;12925;13071;4.65;0.29;303.33;12.41;1169;34;4477.00;146
11759;33;624348228;11759;493;12927;13071;4.75;0.29;303.31;12.41;1168;34;4478.00;144
11760;33;624348242;11760;477;12931;13075;4.88;0.30;303.32;12.41;1171;34;4479.00;144
11760;33;624348263;11760;454;12932;13075;5.00;0.31;303.32;12.41;1172;34;4480.00;143
11761;33;624348282;11761;444;12933;13075;5.16;0.32;303.34;12.41;1172;34;4481.00;142
11761;33;624348302;11761;437;12936;13078;5.25;0.32;303.34;12.40;1175;34;4482.00;142
11761;33;624348318;11761;432;12936;13078;5.34;0.33;303.34;12.40;1175;34;4483.00;142
11761;33;624348331;11761;422;12937;13078;5.41;0.33;303.34;12.40;1176;34;4484.00;141
11761;34;624348350;11761;419;12940;13082;5.46;0.33;303.34;12.40;1179;35;4485.00;142
11763;34;624348372;11763;410;12943;13083;5.55;0.34;303.30;12.40;1180;35;4486.00;140
11766;34;624348387;11766;396;12944;13083;5.68;0.35;303.33;12.40;1178;35;4487.00;139
11770;34;624348407;11770;393;12947;13087;5.80;0.35;303.29;12.40;1177;35;4488.00;140
11772;34;624348421;11772;389;12947;13087;5.89;0.36;303.28;12.40;1175;35;4489.00;140
11772;34;624348436;11772;386;12947;13087;5.97;0.36;303.28;12.40;1175;35;4490.00;140
11773;34;624348449;11773;382;12948;13088;6.09;0.37;303.28;12.40;1175;35;4491.00;140
11774;34;624348469;11774;375;12948;13088;6.20;0.38;303.28;12.40;1174;35;4492.00;140
11779;34;624348483;11779;370;12953;13094;6.23;0.38;303.33;12.39;1174;35;4493.00;141
11780;34;624348503;11780;360;12953;13094;6.28;0.38;303.32;12.39;1173;35;4494.00;141
11781;34;624348525;11781;350;12953;13095;6.31;0.38;303.30;12.39;1172;35;4495.00;142
11783;34;624348549;11783;344;12953;13095;6.35;0.38;303.32;12.39;1170;35;4496.00;142
11787;34;624348574;11787;343;12954;13095;6.37;0.39;303.33;12.50;1167;35;4497.00;141
11790;34;624348599;11790;340;12954;13095;6.44;0.39;303.36;12.50;1164;35;4498.00;141
11792;34;624348616;11792;332;12954;13095;6.47;0.39;303.43;12.50;1162;35;4499.00;141
11796;34;624348636;11796;334;12979;13145;6.53;0.40;303.52;12.48;1183;35;4500.00;166
11796;34;624348664;11796;321;12980;13147;6.57;0.40;303.52;12.47;1184;35;4501.00;167
11796;34;624348681;11796;319;12984;13147;6.69;0.41;303.52;12.47;1188;35;4502.00;163
11800;34;624348698;11800;315;12984;13147;6.76;0.41;303.48;12.47;1184;35;4503.00;163
11803;34;624348714;11803;311;12986;13147;6.88;0.42;303.57;12.47;1183;35;4504.00;161
11807;34;624348731;11807;304;12987;13147;6.96;0.42;303.59;12.47;1180;35;4505.00;160
11811;35;624348747;11811;302;12992;13151;7.03;0.43;303.67;12.47;1181;36;4506.00;159
11813;35;624348772;11813;299;12992;13151;7.12;0.43;303.73;12.47;1179;36;4507.00;159
11814;35;624348795;11814;291;12995;13155;7.24;0.44;303.72;12.46;1181;36;4508.00;160
11817;35;624348812;11817;298;12996;13156;7.28;0.44;303.76;12.46;1179;36;4509.00;160
11820;35;624348829;11820;298;12996;13156;7.33;0.45;303.80;12.46;1176;36;4510.00;160
11821;35;624348848;11821;295;12996;13156;7.32;0.44;303.80;12.46;1175;36;4511.00;160
11823;35;624348863;11823;297;13008;13169;7.28;0.44;303.79;12.45;1185;36;4512.00;161
11824;35;624348885;11824;289;13009;13169;7.20;0.44;303.80;12.56;1185;36;4513.00;160
11827;35;624348909;11827;296;13009;13169;7.17;0.44;303.85;12.56;1182;36;4514.00;160
11827;35;624348926;11827;301;13010;13170;7.16;0.43;303.85;12.56;1183;36;4515.00;160
11830;35;624348943;11830;304;13010;13171;7.11;0.43;303.88;12.56;1180;36;4516.00;161
11833;35;624348959;11833;308;13012;13171;7.08;0.43;303.96;12.56;1179;36;4517.00;159
11834;35;624348976;11834;310;13014;13174;7.10;0.43;303.97;12.56;1180;36;4518.00;160
11835;35;624348992;11835;312;13014;13174;7.05;0.43;303.97;12.56;1179;36;4519.00;160
11836;35;624349008;11836;306;13015;13174;7.01;0.43;303.96;12.56;1179;36;4520.00;159
11839;35;624349025;11839;305;13015;13174;6.94;0.42;304.06;12.56;1176;36;4521.00;159
11843;35;624349041;11843;307;13019;13180;6.91;0.42;304.12;12.55;1176;36;4522.00;161
11844;35;624349058;11844;300;13021;13180;6.89;0.42;304.11;12.55;1177;36;4523.00;159
11847;35;624349074;11847;294;13021;13180;6.93;0.42;304.14;12.55;1174;36;4524.00;159
11852;35;624349090;11852;296;13023;13180;6.90;0.42;304.20;12.58;1171;36;4525.00;157
11857;35;624349108;11857;290;13026;13184;6.87;0.42;304.19;12.58;1169;36;4526.00;158
11861;35;624349126;11861;286;13027;13185;6.92;0.42;304.18;12.58;1166;36;4527.00;158
11866;35;624349142;11866;289;13027;13185;6.97;0.42;304.24;12.58;1161;36;4528.00;158
11871;35;624349158;11871;299;13030;13186;6.99;0.43;304.21;12.58;1159;36;4529.00;156
11875;36;624349177;11875;298;13030;13186;7.00;0.43;304.18;12.58;1155;37;4530.00;156
11878;36;624349200;11878;299;13030;13186;7.03;0.43;304.26;12.58;1152;37;4531.00;156
11883;36;624349219;11883;299;13030;13186;7.06;0.43;304.25;12.58;1147;37;4532.00;156
11886;36;624349234;11886;307;13030;13186;7.12;0.43;304.25;12.58;1144;37;4533.00;156
11888;36;624349250;11888;311;13030;13186;7.16;0.44;304.28;12.58;1142;37;4534.00;156
11889;36;624349265;11889;315;13032;13186;7.22;0.44;304.30;12.59;1143;37;4535.00;154
11891;36;624349279;11891;325;13069;13256;7.23;0.44;304.38;12.55;1178;37;4536.00;187
11895;36;624349300;11895;325;13073;13257;7.17;0.44;304.47;12.67;1178;37;4537.00;184
11896;36;624349315;11896;324;13077;13257;7.18;0.44;304.45;12.66;1181;37;4538.00;180
11899;36;624349337;11899;330;13079;13257;7.14;0.43;304.50;12.66;1180;37;4539.00;178
11902;36;624349352;11902;319;13085;13257;7.10;0.43;304.51;12.66;1183;37;4540.00;172
11902;36;624349367;11902;322;13089;13257;7.07;0.43;304.51;12.66;1187;37;4541.00;168
11904;36;624349382;11904;320;13092;13257;7.08;0.43;304.54;12.66;1188;37;4542.00;165
11906;36;624349397;11906;318;13095;13257;7.06;0.43;304.59;12.66;1189;37;4543.00;162
11909;36;624349413;11909;326;13100;13258;7.01;0.43;304.54;12.66;1191;37;4544.00;158
11911;36;624349427;11911;328;13104;13260;6.96;0.42;304.59;12.65;1193;37;4545.00;156
11914;36;624349442;11914;325;13106;13260;6.86;0.42;304.67;12.65;1192;37;4546.00;154
11916;36;624349457;11916;339;13109;13264;6.76;0.41;304.68;12.65;1193;37;4547.00;155
11921;36;624349473;11921;342;13109;13264;6.68;0.41;304.80;12.65;1188;37;4548.00;155
11923;36;624349489;11923;342;13109;13264;6.61;0.40;304.83;12.65;1186;37;4549.00;155
11924;36;624349504;11924;343;13111;13264;6.53;0.40;304.87;12.68;1187;37;4550.00;153
11925;36;624349517;11925;349;13116;13270;6.51;0.40;304.90;12.68;1191;37;4551.00;154
11927;36;624349533;11927;358;13117;13270;6.41;0.39;304.94;12.70;1190;37;4552.00;153
11929;36;624349548;11929;362;13118;13270;6.32;0.38;304.97;12.70;1189;37;4553.00;152
11932;36;624349562;11932;369;13120;13273;6.27;0.38;305.10;12.70;1188;37;4554.00;153
11933;36;624349576;11933;378;13122;13273;6.20;0.38;305.08;12.72;1189;37;4555.00;151
11938;36;624349594;11938;373;13123;13273;6.09;0.37;305.13;12.72;1185;37;4556.00;150
11943;36;624349608;11943;382;13124;13274;6.04;0.37;305.15;12.74;1181;37;4557.00;150
11944;36;624349622;11944;374;13126;13275;6.02;0.37;305.20;12.75;1182;37;4558.00;149
11947;36;624349636;11947;383;13126;13275;6.01;0.36;305.23;12.75;1179;37;4559.00;149
11947;36;624349652;11947;387;13145;13301;6.02;0.37;305.23;12.75;1198;37;4560.00;156
11949;36;624349667;11949;387;13146;13301;6.02;0.37;305.26;12.75;1197;37;4561.00;155
11953;36;624349681;11953;391;13149;13301;6.00;0.36;305.26;12.76;1196;37;4562.00;152
11954;36;624349694;11954;395;13151;13302;6.01;0.36;305.30;12.76;1197;37;4563.00;151
11956;36;624349707;11956;396;13153;13302;5.98;0.36;305.33;12.79;1197;37;4564.00;149
11958;36;624349720;11958;405;13157;13306;5.98;0.36;305.39;12.79;1199;37;4565.00;149
11961;36;624349734;11961;414;13159;13306;5.88;0.36;305.42;12.82;1198;37;4566.00;147
11961;36;624349747;11961;414;13162;13310;5.80;0.35;305.42;12.82;1201;37;4567.00;148
11963;36;624349760;11963;421;13162;13310;5.72;0.35;305.46;12.82;1199;37;4568.00;148
11964;36;624349773;11964;422;13164;13310;5.68;0.35;305.52;12.85;1200;37;4569.00;146
11968;36;624349786;11968;417;13164;13310;5.58;0.34;305.52;12.85;1196;37;4570.00;146
11972;36;624349799;11972;415;13165;13310;5.52;0.34;305.61;12.85;1193;37;4571.00;145
11973;36;624349811;11973;417;13176;13322;5.55;0.34;305.66;12.85;1203;37;4572.00;146
11976;36;624349825;11976;418;13177;13322;5.53;0.34;305.68;12.86;1201;37;4573.00;145
11978;36;624349838;11978;419;13180;13322;5.49;0.34;305.66;12.87;1202;37;4574.00;142
11983;36;624349851;11983;420;13180;13322;5.48;0.34;305.70;12.87;1197;37;4575.00;142
11985;36;624349864;11985;420;13180;13322;5.45;0.33;305.73;12.87;1195;37;4576.00;142
11987;36;624349876;11987;427;13182;13322;5.43;0.33;305.78;12.90;1195;37;4577.00;140
11989;36;624349889;11989;432;13182;13323;5.42;0.33;305.84;12.90;1193;37;4578.00;141
11994;36;624349902;11994;440;13185;13323;5.36;0.33;305.91;12.94;1191;37;4579.00;138
11995;36;624349915;11995;446;13190;13329;5.40;0.33;305.89;12.93;1195;37;4580.00;139
11996;36;624349927;11996;448;13192;13330;5.32;0.32;305.94;12.94;1196;37;4581.00;138
11999;36;624349940;11999;457;13192;13330;5.21;0.32;305.90;12.94;1193;37;4582.00;138
12003;36;624349952;12003;453;13192;13330;5.09;0.31;305.94;12.94;1189;37;4583.00;138
12007;36;624349965;12007;461;13198;13334;4.99;0.31;305.95;12.97;1191;37;4584.00;136
12010;36;624349977;12010;457;13198;13334;4.87;0.30;305.97;12.97;1188;37;4585.00;136
12013;36;624349990;12013;455;13199;13334;4.76;0.29;306.06;12.98;1186;37;4586.00;135
12019;36;624350002;12019;456;13200;13335;4.59;0.28;306.13;12.98;1181;37;4587.00;135
12021;36;624350014;12021;453;13206;13339;4.50;0.27;306.15;13.01;1185;37;4588.00;133
12026;36;624350025;12026;463;13206;13339;4.36;0.27;306.18;13.01;1180;37;4589.00;133
12029;36;624350038;12029;448;13210;13345;4.37;0.27;306.21;13.00;1181;37;4590.00;135
12035;36;624350051;12035;454;13210;13345;4.37;0.27;306.30;13.00;1175;37;4591.00;135
12036;36;624350063;12036;454;13216;13345;4.43;0.27;306.33;13.04;1180;37;4592.00;129
12040;36;624350076;12040;447;13216;13345;4.46;0.27;306.29;13.04;1176;37;4593.00;129
12043;36;624350088;12043;443;13221;13349;4.53;0.28;306.30;13.04;1178;37;4594.00;128
12046;36;624350101;12046;440;13221;13349;4.56;0.28;306.36;13.04;1175;37;4595.00;128
12050;36;624350114;12050;444;13221;13349;4.56;0.28;306.41;13.04;1171;37;4596.00;128
12051;36;624350125;12051;443;13222;13349;4.58;0.28;306.41;13.05;1171;37;4597.00;127
12055;36;624350138;12055;443;13223;13350;4.55;0.28;306.48;13.06;1168;37;4598.00;127
12058;36;624350150;12058;448;13225;13351;4.56;0.28;306.53;13.06;1167;37;4599.00;126
12059;36;624350163;12059;449;13226;13351;4.59;0.28;306.54;13.07;1167;37;4600.00;125
12062;36;624350178;12062;447;13227;13352;4.58;0.28;306.55;13.07;1165;37;4601.00;125
12067;36;624350191;12067;451;13227;13352;4.54;0.28;306.54;13.07;1160;37;4602.00;125
12068;36;624350204;12068;448;13227;13352;4.56;0.28;306.58;13.07;1159;37;4603.00;125
12074;36;624350216;12074;451;13227;13352;4.53;0.28;306.60;13.07;1153;37;4604.00;125
12080;36;624350230;12080;455;13228;13352;4.50;0.28;306.65;13.18;1148;37;4605.00;124
12084;36;624350243;12084;463;13228;13352;4.50;0.27;306.69;13.18;1144;37;4606.00;124
12089;36;624350257;12089;465;13228;13352;4.43;0.27;306.71;13.18;1139;37;4607.00;124
12091;36;624350270;12091;470;13288;13479;4.86;0.30;306.74;13.12;1197;37;4608.00;191
12094;36;624350298;12094;469;13294;13480;4.82;0.30;306.74;13.12;1200;37;4609.00;186
12098;37;624350311;12098;466;13304;13480;4.85;0.30;306.82;13.11;1206;38;4610.00;176
12101;37;624350334;12101;475;13307;13480;4.80;0.30;306.81;13.11;1206;38;4611.00;173
12104;37;624350347;12104;481;13313;13480;4.84;0.30;306.84;13.10;1209;38;4612.00;167
12106;37;624350359;12106;484;13317;13480;4.84;0.30;306.82;13.10;1211;38;4613.00;163
12111;37;624350372;12111;487;13320;13480;4.79;0.30;306.82;13.10;1209;38;4614.00;160
12114;37;624350385;12114;480;13322;13480;4.74;0.29;306.82;13.10;1208;38;4615.00;158
12116;37;624350398;12116;490;13324;13481;4.71;0.29;306.82;13.10;1208;38;4616.00;157
12122;37;624350410;12122;490;13327;13482;4.62;0.29;306.79;13.10;1205;38;4617.00;155
12126;37;624350423;12126;494;13332;13482;4.60;0.28;306.80;13.10;1206;38;4618.00;150
12129;37;624350435;12129;500;13335;13483;4.55;0.28;306.78;13.09;1206;38;4619.00;148
12133;37;624350450;12133;509;13337;13483;4.45;0.27;306.79;13.09;1204;38;4620.00;146
12138;37;624350462;12138;507;13338;13483;4.36;0.27;306.83;13.09;1200;38;4621.00;145
12142;37;624350475;12142;511;13343;13483;4.35;0.27;306.86;13.09;1201;38;4622.00;140
12143;37;624350488;12143;518;13347;13487;4.35;0.27;306.85;13.09;1204;38;4623.00;140
12147;37;624350508;12147;521;13348;13487;4.29;0.27;306.84;13.09;1201;38;4624.00;139
12151;37;624350526;12151;527;13349;13487;4.22;0.26;306.84;13.09;1198;38;4625.00;138
12154;37;624350546;12154;530;13351;13490;4.20;0.26;306.82;13.09;1197;38;4626.00;139
12156;37;624350565;12156;520;13352;13490;4.17;0.26;306.85;13.20;1196;38;4627.00;138
12157;37;624350585;12157;514;13354;13490;4.18;0.26;306.86;13.20;1197;38;4628.00;136
12158;37;624350614;12158;502;13358;13494;4.22;0.26;306.87;13.20;1200;38;4629.00;136
12160;37;624350627;12160;498;13359;13495;4.22;0.26;306.90;13.19;1199;38;4630.00;136
12162;37;624350641;12162;489;13360;13495;4.23;0.26;306.86;13.19;1198;38;4631.00;135
12165;37;624350656;12165;487;13362;13499;4.29;0.27;306.83;13.19;1197;38;4632.00;137
12166;37;624350671;12166;481;13363;13499;4.39;0.27;306.85;13.19;1197;38;4633.00;136
12173;37;624350691;12173;474;13363;13499;4.41;0.27;306.78;13.19;1190;38;4634.00;136
12174;37;624350706;12174;469;13365;13501;4.47;0.28;306.77;13.19;1191;38;4635.00;136
12178;37;624350721;12178;471;13365;13501;4.53;0.28;306.78;13.19;1187;38;4636.00;136
12182;37;624350734;12182;455;13370;13507;4.59;0.28;306.76;13.18;1188;38;4637.00;137
12184;37;624350749;12184;446;13370;13507;4.65;0.29;306.73;13.18;1186;38;4638.00;137
12187;37;624350764;12187;440;13370;13508;4.76;0.29;306.67;13.18;1183;38;4639.00;138
12192;37;624350784;12192;431;13370;13508;4.84;0.30;306.67;13.18;1178;38;4640.00;138
12197;37;624350804;12197;425;13370;13508;4.90;0.30;306.68;13.18;1173;38;4641.00;138
12200;37;624350819;12200;422;13371;13508;4.97;0.30;306.70;13.29;1171;38;4642.00;137
12203;37;624350833;12203;414;13371;13508;5.06;0.31;306.68;13.29;1168;38;4643.00;137
12204;37;624350848;12204;420;13381;13520;5.26;0.32;306.68;13.28;1177;38;4644.00;139
12205;37;624350863;12205;423;13382;13520;5.34;0.33;306.74;13.28;1177;38;4645.00;138
12205;37;624350877;12205;407;13382;13520;5.45;0.33;306.74;13.28;1177;38;4646.00;138
12206;37;624350903;12206;398;13382;13520;5.54;0.34;306.78;13.28;1176;38;4647.00;138
12208;37;624350917;12208;378;13382;13520;5.61;0.34;306.79;13.28;1174;38;4648.00;138
12211;37;624350933;12211;373;13382;13520;5.68;0.35;306.83;13.28;1171;38;4649.00;138
12212;37;624350950;12212;365;13388;13526;5.75;0.35;306.85;13.38;1176;38;4650.00;138
12217;37;624350965;12217;355;13388;13526;5.82;0.35;306.92;13.38;1171;38;4651.00;138
12219;37;624350981;12219;349;13392;13530;5.95;0.36;306.96;13.38;1173;38;4652.00;138
12219;37;624350995;12219;345;13393;13531;6.08;0.37;306.96;13.38;1174;38;4653.00;138
12223;37;624351011;12223;346;13393;13531;6.10;0.37;306.97;13.38;1170;38;4654.00;138
12226;37;624351027;12226;343;13393;13531;6.19;0.38;307.00;13.38;1167;38;4655.00;138
12228;37;624351043;12228;343;13404;13544;6.31;0.38;307.03;13.37;1176;38;4656.00;140
12229;37;624351058;12229;334;13404;13544;6.37;0.39;307.07;13.37;1175;38;4657.00;140
12230;37;624351073;12230;331;13404;13544;6.44;0.39;307.06;13.37;1174;38;4658.00;140
12232;37;624351088;12232;322;13405;13545;6.51;0.40;307.11;13.37;1173;38;4659.00;140
12235;37;624351103;12235;310;13405;13546;6.57;0.40;307.20;13.37;1170;38;4660.00;141
12236;37;624351118;12236;310;13405;13546;6.62;0.40;307.24;13.37;1169;38;4661.00;141
12238;37;624351139;12238;302;13408;13549;6.69;0.41;307.30;13.47;1170;38;4662.00;141
12241;37;624351155;12241;299;13408;13549;6.74;0.41;307.33;13.47;1167;38;4663.00;141
12241;37;624351170;12241;292;13409;13549;6.80;0.41;307.33;13.47;1168;38;4664.00;140
12243;37;624351184;12243;292;13409;13549;6.82;0.41;307.37;13.47;1166;38;4665.00;140
12245;37;624351199;12245;295;13414;13555;6.84;0.42;307.41;13.46;1169;38;4666.00;141
12248;37;624351214;12248;291;13414;13555;6.83;0.41;307.42;13.46;1166;38;4667.00;141
12253;37;624351229;12253;292;13414;13555;6.85;0.42;307.53;13.46;1161;38;4668.00;141
12254;37;624351244;12254;293;13414;13555;6.88;0.42;307.59;13.46;1160;38;4669.00;141
12256;37;624351260;12256;289;13417;13559;6.89;0.42;307.69;13.46;1161;38;4670.00;142
12257;37;624351275;12257;282;13418;13560;6.96;0.42;307.69;13.46;1161;38;4671.00;142
12260;37;624351290;12260;284;13418;13560;7.00;0.42;307.77;13.46;1158;38;4672.00;142
12263;37;624351305;12263;283;13419;13561;7.05;0.43;307.81;13.46;1156;38;4673.00;142
12266;37;624351321;12266;293;13419;13561;7.09;0.43;307.87;13.46;1153;38;4674.00;142
12269;37;624351335;12269;293;13419;13561;7.13;0.43;307.89;13.46;1150;38;4675.00;142
12273;37;624351350;12273;291;13419;13561;7.15;0.43;307.94;13.46;1146;38;4676.00;142
12279;37;624351365;12279;284;13420;13561;7.16;0.43;308.09;13.57;1141;38;4677.00;141
12284;37;624351380;12284;279;13420;13561;7.17;0.43;308.28;13.57;1136;38;4678.00;141
12285;37;624351395;12285;281;13420;13561;7.16;0.43;308.31;13.57;1135;38;4679.00;141
12292;37;624351411;12292;302;13485;13686;7.18;0.44;308.45;13.50;1193;38;4680.00;201
12294;37;624351436;12294;290;13485;13687;7.23;0.44;308.43;13.50;1191;38;4681.00;202
12298;37;624351452;12298;282;13492;13687;7.27;0.44;308.50;13.49;1194;38;4682.00;195
12301;37;624351470;12301;271;13493;13687;7.31;0.45;308.55;13.49;1192;38;4683.00;194
12302;37;624351487;12302;277;13497;13687;7.32;0.45;308.60;13.49;1195;38;4684.00;190
12304;37;624351509;12304;269;13499;13687;7.33;0.45;308.64;13.49;1195;38;4685.00;188
12308;37;624351524;12308;275;13505;13687;7.35;0.45;308.67;13.49;1197;38;4686.00;182
12311;37;624351541;12311;278;13507;13687;7.33;0.45;308.72;13.48;1196;38;4687.00;180
12314;37;624351555;12314;284;13512;13688;7.30;0.44;308.71;13.48;1198;38;4688.00;176
12316;37;624351570;12316;280;13515;13689;7.21;0.44;308.71;13.48;1199;38;4689.00;174
12317;37;624351585;12317;284;13519;13689;7.18;0.44;308.70;13.48;1202;38;4690.00;170
12320;37;624351599;12320;295;13524;13693;7.10;0.43;308.73;13.48;1204;38;4691.00;169
12323;37;624351613;12323;293;13525;13693;7.03;0.43;308.75;13.48;1202;38;4692.00;168
12327;37;624351628;12327;288;13527;13693;6.87;0.42;308.76;13.48;1200;38;4693.00;166
12331;37;624351648;12331;290;13527;13693;6.83;0.42;308.75;13.48;1196;38;4694.00;166
12333;37;624351663;12333;286;13533;13699;6.75;0.41;308.84;13.50;1200;38;4695.00;166
12338;37;624351680;12338;286;13533;13699;6.68;0.41;308.87;13.50;1195;38;4696.00;166
12341;37;624351695;12341;287;13533;13699;6.68;0.41;308.94;13.50;1192;38;4697.00;166
12345;37;624351710;12345;286;13535;13702;6.68;0.41;309.01;13.50;1190;38;4698.00;167
12350;37;624351724;12350;288;13535;13702;6.64;0.41;309.01;13.50;1185;38;4699.00;167
12353;37;624351740;12353;291;13535;13702;6.67;0.41;309.07;13.50;1182;38;4700.00;167
12360;37;624351758;12360;292;13536;13703;6.64;0.41;309.14;13.50;1176;38;4701.00;167
12365;37;624351773;12365;280;13538;13704;6.68;0.41;309.17;13.60;1173;38;4702.00;166
12368;37;624351789;12368;278;13538;13704;6.68;0.41;309.13;13.60;1170;38;4703.00;166
12372;37;624351803;12372;281;13547;13717;6.66;0.41;309.19;13.59;1175;38;4704.00;170
12373;37;624351819;12373;282;13547;13717;6.70;0.41;309.21;13.59;1174;38;4705.00;170
12377;37;624351833;12377;276;13547;13717;6.76;0.41;309.23;13.59;1170;38;4706.00;170
12381;37;624351847;12381;277;13549;13718;6.75;0.41;309.29;13.59;1168;38;4707.00;169
12384;37;624351862;12384;279;13550;13718;6.78;0.41;309.31;13.59;1166;38;4708.00;168
12386;37;624351876;12386;282;13552;13722;6.79;0.41;309.32;13.59;1166;38;4709.00;170
12389;37;624351894;12389;286;13552;13722;6.77;0.41;309.41;13.59;1163;38;4710.00;170
12392;37;624351910;12392;279;13557;13726;6.72;0.41;309.44;13.59;1165;38;4711.00;169
12394;37;624351925;12394;276;13558;13726;6.66;0.40;309.42;13.59;1164;38;4712.00;168
12396;37;624351941;12396;285;13558;13726;6.62;0.40;309.43;13.59;1162;38;4713.00;168
12399;37;624351955;12399;287;13560;13726;6.58;0.40;309.51;13.59;1161;38;4714.00;166
12403;37;624351971;12403;290;13560;13726;6.54;0.40;309.60;13.59;1157;38;4715.00;166
12408;37;624351986;12408;294;13570;13738;6.56;0.40;309.63;13.58;1162;38;4716.00;168
12410;37;624352003;12410;293;13571;13738;6.54;0.40;309.66;13.58;1161;38;4717.00;167
12413;37;624352017;12413;293;13572;13738;6.48;0.39;309.81;13.58;1159;38;4718.00;166
12414;37;624352032;12414;310;13572;13738;6.47;0.39;309.82;13.58;1158;38;4719.00;166
12418;37;624352046;12418;322;13574;13738;6.37;0.39;309.85;13.61;1156;38;4720.00;164
12419;37;624352061;12419;328;13574;13738;6.34;0.39;309.87;13.61;1155;38;4721.00;164
12421;37;624352075;12421;330;13574;13739;6.31;0.38;309.92;13.61;1153;38;4722.00;165
12426;37;624352090;12426;331;13574;13739;6.28;0.38;309.96;13.61;1148;38;4723.00;165
12427;37;624352104;12427;335;13581;13745;6.33;0.39;309.94;13.64;1154;38;4724.00;164
12428;37;624352119;12428;333;13584;13747;6.30;0.38;310.00;13.65;1156;38;4725.00;163
12431;37;624352133;12431;334;13587;13747;6.25;0.38;310.01;13.69;1156;38;4726.00;160
12433;37;624352148;12433;341;13587;13747;6.22;0.38;310.00;13.69;1154;38;4727.00;160
12437;37;624352162;12437;344;13591;13751;6.22;0.38;310.09;13.70;1154;38;4728.00;160
12437;37;624352177;12437;351;13593;13751;6.21;0.38;310.09;13.72;1156;38;4729.00;158
12442;37;624352191;12442;354;13593;13751;6.18;0.38;310.22;13.72;1151;38;4730.00;158
12449;37;624352205;12449;363;13595;13752;6.10;0.37;310.31;13.73;1146;38;4731.00;157
12449;37;624352220;12449;376;13599;13756;6.09;0.37;310.31;13.73;1150;38;4732.00;157
12451;37;624352234;12451;381;13601;13756;6.06;0.37;310.34;13.75;1150;38;4733.00;155
12452;37;624352248;12452;381;13604;13759;5.99;0.37;310.39;13.76;1152;38;4734.00;155
12454;37;624352262;12454;385;13605;13759;5.87;0.36;310.42;13.77;1151;38;4735.00;154
12457;37;624352275;12457;387;13606;13759;5.79;0.35;310.49;13.77;1149;38;4736.00;153
12459;37;624352289;12459;395;13607;13759;5.68;0.35;310.46;13.78;1148;38;4737.00;152
12461;37;624352303;12461;408;13613;13763;5.66;0.35;310.50;13.78;1152;38;4738.00;150
12462;37;624352316;12462;406;13614;13763;5.58;0.34;310.52;13.80;1152;38;4739.00;149
12463;37;624352342;12463;407;13615;13763;5.52;0.34;310.50;13.80;1152;38;4740.00;148
12463;37;624352356;12463;401;13616;13763;5.49;0.34;310.50;13.81;1153;38;4741.00;147
12463;37;624352369;12463;405;13616;13764;5.43;0.33;310.50;13.81;1153;38;4742.00;148
12466;37;624352381;12466;405;13619;13765;5.39;0.33;310.49;13.83;1153;38;4743.00;146
12468;37;624352395;12468;407;13619;13765;5.39;0.33;310.48;13.83;1151;38;4744.00;146
12470;37;624352408;12470;408;13621;13766;5.38;0.33;310.45;13.83;1151;38;4745.00;145
12473;37;624352422;12473;408;13622;13766;5.37;0.33;310.42;13.84;1149;38;4746.00;144
12473;37;624352435;12473;414;13623;13766;5.35;0.33;310.42;13.85;1150;38;4747.00;143
12473;37;624352448;12473;415;13624;13766;5.36;0.33;310.42;13.85;1151;38;4748.00;142
12476;37;624352459;12476;416;13625;13766;5.30;0.32;310.41;13.86;1149;38;4749.00;141
12480;37;624352472;12480;427;13625;13766;5.24;0.32;310.40;13.86;1145;38;4750.00;141
12481;37;624352484;12481;434;13625;13766;5.21;0.32;310.38;13.86;1144;38;4751.00;141
12483;37;624352498;12483;445;13694;13893;5.41;0.33;310.39;13.80;1211;38;4752.00;199
12486;37;624352531;12486;441;13697;13894;5.33;0.33;310.41;13.80;1211;38;4753.00;197
12491;37;624352550;12491;442;13708;13894;5.29;0.33;310.35;13.80;1217;38;4754.00;186
12494;37;624352568;12494;441;13709;13894;5.23;0.32;310.37;13.80;1215;38;4755.00;185
12497;37;624352587;12497;431;13716;13894;5.15;0.32;310.31;13.80;1219;38;4756.00;178
12499;37;624352604;12499;433;13721;13894;5.06;0.31;310.33;13.80;1222;38;4757.00;173
12503;37;624352618;12503;433;13725;13894;4.98;0.31;310.35;13.80;1222;38;4758.00;169
12506;38;624352632;12506;448;13730;13894;4.93;0.30;310.40;13.81;1224;39;4759.00;164
12509;38;624352664;12509;446;13734;13895;4.86;0.30;310.39;13.82;1225;39;4760.00;161
12510;38;624352678;12510;447;13737;13896;4.86;0.30;310.38;13.82;1227;39;4761.00;159
12514;38;624352692;12514;451;13740;13896;4.83;0.30;310.42;13.83;1226;39;4762.00;156
12517;38;624352705;12517;451;13745;13897;4.83;0.30;310.44;13.84;1228;39;4763.00;152
12520;38;624352718;12520;459;13745;13897;4.82;0.30;310.40;13.84;1225;39;4764.00;152
12522;38;624352731;12522;471;13747;13897;4.81;0.30;310.42;13.85;1225;39;4765.00;150
12524;38;624352744;12524;476;13750;13897;4.80;0.30;310.42;13.86;1226;39;4766.00;147
12525;38;624352756;12525;482;13753;13901;4.83;0.30;310.42;13.86;1228;39;4767.00;148
12526;38;624352770;12526;477;13756;13901;4.80;0.30;310.43;13.87;1230;39;4768.00;145
12528;38;624352783;12528;479;13757;13901;4.80;0.30;310.44;13.87;1229;39;4769.00;144
12528;38;624352798;12528;482;13761;13907;4.84;0.30;310.44;13.86;1233;39;4770.00;146
12533;38;624352811;12533;481;13761;13907;4.75;0.29;310.39;13.86;1228;39;4771.00;146
12537;38;624352824;12537;486;13763;13907;4.70;0.29;310.38;13.86;1226;39;4772.00;144
12539;38;624352837;12539;492;13766;13911;4.73;0.29;310.37;13.86;1227;39;4773.00;145
12543;38;624352852;12543;496;13769;13912;4.70;0.29;310.33;13.86;1226;39;4774.00;143
12547;38;624352867;12547;501;13770;13912;4.65;0.28;310.29;13.86;1223;39;4775.00;142
12551;38;624352880;12551;500;13774;13916;4.67;0.29;310.31;13.86;1223;39;4776.00;142
12552;38;624352894;12552;505;13774;13916;4.65;0.29;310.32;13.86;1222;39;4777.00;142
12554;38;624352908;12554;497;13774;13916;4.60;0.28;310.29;13.86;1220;39;4778.00;142
12556;38;624352922;12556;481;13775;13917;4.58;0.28;310.29;13.85;1219;39;4779.00;142
12558;38;624352937;12558;477;13775;13917;4.59;0.28;310.29;13.85;1217;39;4780.00;142
12561;38;624352950;12561;466;13780;13923;4.57;0.28;310.28;13.85;1219;39;4781.00;143
12564;38;624352966;12564;458;13780;13923;4.60;0.28;310.33;13.85;1216;39;4782.00;143
12565;38;624352981;12565;451;13780;13924;4.64;0.28;310.30;13.85;1215;39;4783.00;144
12571;38;624352995;12571;453;13780;13924;4.67;0.29;310.27;13.85;1209;39;4784.00;144
12573;38;624353010;12573;453;13780;13924;4.69;0.29;310.28;13.85;1207;39;4785.00;144
12576;38;624353036;12576;450;13780;13924;4.70;0.29;310.26;13.85;1204;39;4786.00;144
12581;38;624353049;12581;454;13780;13924;4.63;0.28;310.29;13.85;1199;39;4787.00;144
12585;38;624353064;12585;449;13790;13936;4.67;0.28;310.23;13.84;1205;39;4788.00;146
12587;38;624353078;12587;449;13791;13936;4.64;0.28;310.20;13.95;1204;39;4789.00;145
12590;38;624353093;12590;452;13792;13936;4.68;0.28;310.21;13.95;1202;39;4790.00;144
12590;38;624353107;12590;448;13792;13936;4.70;0.29;310.21;13.95;1202;39;4791.00;144
12592;38;624353119;12592;437;13792;13936;4.72;0.29;310.22;13.95;1200;39;4792.00;144
12595;38;624353133;12595;432;13792;13936;4.69;0.29;310.22;13.95;1197;39;4793.00;144
12596;38;624353147;12596;436;13795;13940;4.72;0.29;310.21;13.95;1199;39;4794.00;145
12601;38;624353161;12601;431;13795;13940;4.68;0.28;310.18;13.95;1194;39;4795.00;145
12604;38;624353174;12604;431;13799;13944;4.66;0.28;310.17;13.94;1195;39;4796.00;145
12605;38;624353188;12605;429;13800;13945;4.66;0.28;310.18;13.94;1195;39;4797.00;145
12607;38;624353201;12607;432;13800;13945;4.69;0.29;310.19;13.94;1193;39;4798.00;145
12610;38;624353214;12610;434;13800;13945;4.67;0.28;310.17;13.94;1190;39;4799.00;145
12613;38;624353230;12613;441;13824;13986;4.83;0.29;310.16;13.92;1211;39;4800.00;162
12614;38;624353252;12614;434;13825;13986;4.90;0.30;310.15;13.92;1211;39;4801.00;161
12620;38;624353267;12620;423;13826;13986;4.93;0.30;310.17;13.92;1206;39;4802.00;160
12624;38;624353282;12624;426;13828;13987;5.00;0.30;310.18;13.91;1204;39;4803.00;159
12627;38;624353297;12627;423;13828;13988;5.05;0.31;310.22;13.91;1201;39;4804.00;160
12628;38;624353311;12628;420;13829;13988;5.08;0.31;310.20;13.91;1201;39;4805.00;159
12631;38;624353325;12631;418;13832;13991;5.14;0.31;310.19;13.91;1201;39;4806.00;159
12634;38;624353339;12634;417;13833;13991;5.16;0.32;310.19;13.91;1199;39;4807.00;158
12635;38;624353354;12635;406;13834;13991;5.19;0.32;310.22;13.91;1199;39;4808.00;157
12639;38;624353368;12639;404;13835;13991;5.23;0.32;310.24;13.91;1196;39;4809.00;156
12642;38;624353382;12642;399;13840;13997;5.31;0.32;310.34;13.90;1198;39;4810.00;157
12644;38;624353398;12644;400;13840;13997;5.34;0.33;310.35;13.90;1196;39;4811.00;157
12648;38;624353412;12648;402;13841;13997;5.40;0.33;310.40;13.90;1193;39;4812.00;156
12651;38;624353427;12651;403;13841;13997;5.44;0.33;310.43;13.90;1190;39;4813.00;156
12655;38;624353441;12655;401;13845;14001;5.47;0.33;310.49;13.90;1190;39;4814.00;156
12658;38;624353481;12658;397;13848;14003;5.50;0.34;310.57;14.01;1190;39;4815.00;155
12659;38;624353505;12659;381;13848;14003;5.56;0.34;310.57;14.01;1189;39;4816.00;155
12664;38;624353522;12664;367;13849;14004;5.57;0.34;310.63;14.01;1185;39;4817.00;155
12667;38;624353537;12667;362;13849;14004;5.65;0.34;310.69;14.01;1182;39;4818.00;155
12670;38;624353553;12670;353;13849;14004;5.71;0.35;310.72;14.01;1179;39;4819.00;155
12674;38;624353569;12674;351;13850;14004;5.77;0.35;310.77;14.01;1176;39;4820.00;154
12679;38;624353584;12679;345;13850;14004;5.84;0.35;310.82;14.01;1171;39;4821.00;154
12680;38;624353601;12680;339;13850;14004;5.92;0.36;310.82;14.01;1170;39;4822.00;154
12681;38;624353617;12681;327;13850;14004;6.06;0.37;310.87;14.01;1169;39;4823.00;154
12685;38;624353632;12685;349;13893;14074;6.22;0.38;310.89;13.97;1208;39;4824.00;181
12686;38;624353655;12686;330;13893;14075;6.31;0.38;310.89;13.97;1207;39;4825.00;182
12688;38;624353672;12688;327;13899;14075;6.40;0.39;310.93;13.97;1211;39;4826.00;176
12690;38;624353688;12690;318;13901;14075;6.45;0.39;310.95;13.96;1211;39;4827.00;174
12692;38;624353704;12692;313;13905;14077;6.48;0.39;310.92;13.96;1213;39;4828.00;172
12697;38;624353722;12697;305;13906;14077;6.50;0.40;311.05;13.96;1209;39;4829.00;171
12702;38;624353740;12702;303;13910;14077;6.53;0.40;311.14;14.07;1208;39;4830.00;167
12703;38;624353756;12703;306;13912;14077;6.59;0.40;311.15;14.07;1209;39;4831.00;165
12705;38;624353773;12705;310;13916;14078;6.63;0.40;311.20;14.07;1211;39;4832.00;162
12707;38;624353790;12707;315;13918;14079;6.66;0.40;311.27;14.07;1211;39;4833.00;161
12710;38;624353806;12710;309;13919;14079;6.64;0.40;311.30;14.07;1209;39;4834.00;160
12713;38;624353823;12713;311;13924;14083;6.69;0.41;311.40;14.07;1211;39;4835.00;159
12716;38;624353840;12716;301;13925;14083;6.76;0.41;311.44;14.07;1209;39;4836.00;158
12719;38;624353856;12719;306;13926;14083;6.77;0.41;311.39;14.06;1207;39;4837.00;157
12723;38;624353873;12723;303;13926;14083;6.76;0.41;311.51;14.06;1203;39;4838.00;157
12725;38;624353888;12725;296;13931;14089;6.77;0.41;311.55;14.06;1206;39;4839.00;158
12726;38;624353905;12726;290;13931;14089;6.80;0.41;311.54;14.06;1205;39;4840.00;158
12728;38;624353921;12728;294;13931;14089;6.83;0.41;311.55;14.06;1203;39;4841.00;158
12731;38;624353937;12731;291;13934;14092;6.84;0.42;311.58;14.17;1203;39;4842.00;158
12731;38;624353953;12731;291;13934;14092;6.84;0.42;311.58;14.17;1203;39;4843.00;158
12734;38;624353976;12734;287;13935;14092;6.89;0.42;311.65;14.17;1201;39;4844.00;157
12735;38;624353991;12735;280;13935;14093;6.92;0.42;311.65;14.17;1200;39;4845.00;158
12738;38;624354006;12738;286;13936;14094;6.98;0.42;311.74;14.17;1198;39;4846.00;158
12742;38;624354021;12742;278;13936;14094;7.01;0.43;311.84;14.17;1194;39;4847.00;158
12745;38;624354036;12745;281;13947;14107;7.04;0.43;311.89;14.16;1202;39;4848.00;160
12749;38;624354051;12749;271;13947;14107;7.09;0.43;311.91;14.16;1198;39;4849.00;160
12750;38;624354066;12750;278;13947;14107;7.17;0.44;311.92;14.16;1197;39;4850.00;160
12755;38;624354083;12755;278;13948;14108;7.17;0.44;312.06;14.16;1193;39;4851.00;160
12759;38;624354099;12759;276;13948;14108;7.19;0.44;312.16;14.16;1189;39;4852.00;160
12760;38;624354114;12760;277;13952;14112;7.29;0.44;312.18;14.15;1192;39;4853.00;160
12767;38;624354129;12767;272;13952;14112;7.26;0.44;312.30;14.15;1185;39;4854.00;160
12768;38;624354144;12768;273;13956;14116;7.31;0.44;312.36;14.27;1188;39;4855.00;160
12771;38;624354160;12771;274;13956;14116;7.36;0.45;312.45;14.27;1185;39;4856.00;160
12779;38;624354176;12779;270;13956;14116;7.31;0.44;312.50;14.27;1177;39;4857.00;160
12784;38;624354192;12784;273;13956;14116;7.32;0.45;312.56;14.27;1172;39;4858.00;160
12788;38;624354206;12788;269;13956;14116;7.28;0.44;312.57;14.27;1168;39;4859.00;160
12793;38;624354223;12793;269;13977;14150;7.27;0.44;312.61;14.24;1184;39;4860.00;173
12796;38;624354241;12796;263;13978;14150;7.19;0.44;312.65;14.24;1182;39;4861.00;172
12804;38;624354257;12804;262;13981;14150;7.10;0.43;312.76;14.24;1177;39;4862.00;169
12810;38;624354272;12810;260;13981;14150;7.06;0.43;312.73;14.24;1171;39;4863.00;169
12812;38;624354286;12812;259;13984;14150;7.02;0.43;312.77;14.26;1172;39;4864.00;166
12819;38;624354301;12819;265;13985;14150;6.97;0.42;312.76;14.37;1166;39;4865.00;165
12823;38;624354316;12823;264;13986;14151;6.88;0.42;312.85;14.39;1163;39;4866.00;165
12826;38;624354335;12826;266;13986;14151;6.79;0.41;312.81;14.39;1160;39;4867.00;165
12829;38;624354349;12829;260;13991;14157;6.83;0.42;312.88;14.39;1162;39;4868.00;166
12831;38;624354364;12831;254;13992;14158;6.77;0.41;312.92;14.39;1161;39;4869.00;166
12836;38;624354383;12836;245;13992;14158;6.69;0.41;312.93;14.39;1156;39;4870.00;166
12838;38;624354397;12838;247;13992;14158;6.68;0.41;312.91;14.39;1154;39;4871.00;166
12841;38;624354411;12841;248;13994;14162;6.70;0.41;312.93;14.39;1153;39;4872.00;168
12841;38;624354425;12841;251;13995;14162;6.67;0.41;312.93;14.38;1154;39;4873.00;167
12845;38;624354437;12845;255;13996;14162;6.64;0.40;312.91;14.38;1151;39;4874.00;166
12850;38;624354451;12850;253;13997;14163;6.66;0.41;313.00;14.38;1147;39;4875.00;166
12854;38;624354465;12854;257;14000;14167;6.60;0.40;313.00;14.38;1146;39;4876.00;167
12855;38;624354479;12855;263;14000;14167;6.57;0.40;313.01;14.38;1145;39;4877.00;167
12859;38;624354493;12859;260;14004;14170;6.55;0.40;313.06;14.38;1145;39;4878.00;166
12861;38;624354515;12861;268;14005;14170;6.56;0.40;313.18;14.38;1144;39;4879.00;165
12866;38;624354536;12866;276;14005;14170;6.52;0.40;313.23;14.38;1139;39;4880.00;165
12868;38;624354558;12868;270;14005;14170;6.48;0.40;313.29;14.38;1137;39;4881.00;165
12871;38;624354577;12871;274;14009;14174;6.48;0.39;313.31;14.37;1138;39;4882.00;165
12876;38;624354598;12876;280;14009;14174;6.47;0.39;313.36;14.37;1133;39;4883.00;165
12880;38;624354616;12880;282;14009;14174;6.41;0.39;313.44;14.37;1129;39;4884.00;165
12884;38;624354631;12884;279;14009;14174;6.38;0.39;313.47;14.37;1125;39;4885.00;165
12885;38;624354647;12885;282;14009;14175;6.36;0.39;313.47;14.37;1124;39;4886.00;166
12890;38;624354662;12890;286;14010;14176;6.30;0.38;313.53;14.37;1120;39;4887.00;166
12893;38;624354676;12893;300;14010;14176;6.23;0.38;313.63;14.37;1117;39;4888.00;166
12897;38;624354690;12897;307;14011;14177;6.18;0.38;313.67;14.37;1114;39;4889.00;166
12899;38;624354707;12899;313;14012;14177;6.15;0.38;313.68;14.39;1113;39;4890.00;165
12900;38;624354721;12900;328;14013;14177;6.10;0.37;313.66;14.40;1113;39;4891.00;164
12901;38;624354733;12901;335;14014;14177;5.99;0.37;313.67;14.41;1113;39;4892.00;163
12904;38;624354746;12904;337;14015;14177;5.90;0.36;313.69;14.42;1111;39;4893.00;162
12906;38;624354759;12906;346;14016;14177;5.86;0.36;313.66;14.42;1110;39;4894.00;161
12909;38;624354772;12909;343;14017;14177;5.81;0.35;313.65;14.44;1108;39;4895.00;160
12910;38;624354786;12910;358;14083;14304;6.08;0.38;313.64;14.37;1173;39;4896.00;221
12914;38;624354810;12914;360;14088;14305;6.03;0.37;313.61;14.39;1174;39;4897.00;217
12916;38;624354825;12916;354;14098;14305;6.03;0.37;313.59;14.38;1182;39;4898.00;207
12918;38;624354839;12918;361;14102;14305;6.00;0.37;313.57;14.39;1184;39;4899.00;203
12920;38;624354854;12920;368;14109;14305;5.95;0.37;313.53;14.39;1189;39;4900.00;196
12921;38;624354871;12921;367;14112;14305;5.90;0.36;313.56;14.40;1191;39;4901.00;193
12922;38;624354884;12922;369;14115;14305;5.84;0.36;313.56;14.41;1193;39;4902.00;190
12924;38;624354897;12924;373;14120;14305;5.81;0.36;313.55;14.42;1196;39;4903.00;185
12925;38;624354917;12925;376;14122;14306;5.77;0.35;313.53;14.42;1197;39;4904.00;184
12925;38;624354931;12925;383;14129;14308;5.72;0.35;313.53;14.43;1204;39;4905.00;179
12930;38;624354944;12930;385;14133;14308;5.65;0.35;313.44;14.45;1203;39;4906.00;175
12932;38;624354956;12932;395;14136;14309;5.53;0.34;313.43;14.45;1204;39;4907.00;173
12934;38;624354971;12934;394;14138;14309;5.45;0.33;313.40;14.45;1204;39;4908.00;171
12934;38;624354983;12934;391;14142;14309;5.37;0.33;313.40;14.46;1208;39;4909.00;167
12938;38;624354997;12938;397;14144;14309;5.27;0.32;313.34;14.46;1206;39;4910.00;165
12941;38;624355010;12941;401;14149;14313;5.21;0.32;313.35;14.47;1208;39;4911.00;164
12943;38;624355023;12943;406;14151;14313;5.13;0.31;313.34;14.49;1208;39;4912.00;162
12945;38;624355037;12945;408;14151;14313;5.05;0.31;313.38;14.49;1206;39;4913.00;162
12947;38;624355051;12947;424;14155;14316;4.96;0.30;313.37;14.50;1208;39;4914.00;161
12948;38;624355064;12948;431;14157;14316;4.86;0.30;313.35;14.51;1209;39;4915.00;159
12948;38;624355077;12948;441;14158;14316;4.81;0.29;313.35;14.53;1210;39;4916.00;158
12948;38;624355090;12948;454;14163;14320;4.79;0.29;313.35;14.54;1215;39;4917.00;157
12948;38;624355102;12948;463;14165;14321;4.78;0.29;313.35;14.54;1217;39;4918.00;156
12948;38;624355115;12948;466;14167;14321;4.76;0.29;313.35;14.55;1219;39;4919.00;154
12954;38;624355128;12954;479;14172;14326;4.71;0.29;313.36;14.56;1218;39;4920.00;154
12955;38;624355148;12955;485;14175;14326;4.67;0.29;313.34;14.57;1220;39;4921.00;151
12957;38;624355161;12957;492;14176;14326;4.59;0.28;313.32;14.59;1219;39;4922.00;150
12958;38;624355173;12958;496;14177;14327;4.51;0.28;313.32;14.58;1219;39;4923.00;150
12962;38;624355187;12962;490;14178;14327;4.43;0.27;313.31;14.60;1216;39;4924.00;149
12964;38;624355200;12964;489;14184;14333;4.42;0.27;313.29;14.60;1220;39;4925.00;149
12968;38;624355213;12968;498;14184;14333;4.31;0.26;313.31;14.60;1216;39;4926.00;149
12971;38;624355225;12971;504;14186;14334;4.24;0.26;313.29;14.61;1215;39;4927.00;148
12975;38;624355237;12975;523;14186;14334;4.07;0.25;313.26;14.61;1211;39;4928.00;148
12978;38;624355251;12978;521;14188;14334;3.95;0.24;313.24;14.64;1210;39;4929.00;146
12982;38;624355262;12982;517;14189;14334;3.88;0.24;313.21;14.65;1207;39;4930.00;145
12987;38;624355275;12987;507;14189;14334;3.80;0.23;313.21;14.65;1202;39;4931.00;145
12988;38;624355287;12988;488;14200;14346;3.88;0.24;313.22;14.65;1212;39;4932.00;146
12992;38;624355300;12992;484;14200;14346;3.89;0.24;313.22;14.65;1208;39;4933.00;146
12993;38;624355312;12993;481;14202;14346;3.92;0.24;313.23;14.66;1209;39;4934.00;144
12997;38;624355324;12997;482;14202;14346;3.97;0.24;313.27;14.66;1205;39;4935.00;144
12998;38;624355337;12998;477;14202;14346;4.09;0.25;313.25;14.66;1204;39;4936.00;144
13000;38;624355350;13000;468;14202;14346;4.19;0.26;313.27;14.66;1202;39;4937.00;144
13002;38;624355369;13002;469;14205;14350;4.29;0.26;313.28;14.66;1203;39;4938.00;145
13006;38;624355382;13006;456;14205;14350;4.38;0.27;313.26;14.66;1199;39;4939.00;145
13012;38;624355395;13012;448;14209;14354;4.47;0.27;313.28;14.65;1197;39;4940.00;145
13014;38;624355410;13014;440;14210;14355;4.54;0.28;313.26;14.65;1196;39;4941.00;145
13017;39;624355424;13017;429;14210;14355;4.62;0.28;313.26;14.65;1193;40;4942.00;145
13019;39;624355449;13019;426;14210;14355;4.67;0.28;313.28;14.65;1191;40;4943.00;145
13020;39;624355462;13020;436;14221;14368;4.80;0.29;313.28;14.64;1201;40;4944.00;147
13023;39;624355484;13023;438;14221;14368;4.83;0.29;313.26;14.64;1198;40;4945.00;147
13026;39;624355500;13026;442;14221;14368;4.87;0.30;313.27;14.64;1195;40;4946.00;147
13029;39;624355514;13029;443;14222;14369;4.96;0.30;313.27;14.64;1193;40;4947.00;147
13033;39;624355527;13033;436;14222;14370;5.01;0.30;313.23;14.64;1189;40;4948.00;148
13035;39;624355542;13035;439;14222;14370;5.05;0.31;313.24;14.64;1187;40;4949.00;148
13038;39;624355556;13038;444;14228;14379;5.08;0.31;313.24;14.63;1190;40;4950.00;151
13038;39;624355571;13038;432;14229;14379;5.12;0.31;313.24;14.63;1191;40;4951.00;150
13042;39;624355583;13042;429;14230;14379;5.09;0.31;313.24;14.63;1188;40;4952.00;149
13045;39;624355596;13045;419;14230;14379;5.08;0.31;313.26;14.63;1185;40;4953.00;149
13049;39;624355609;13049;421;14236;14385;5.11;0.31;313.27;14.63;1187;40;4954.00;149
13054;39;624355623;13054;407;14236;14385;5.15;0.31;313.33;14.63;1182;40;4955.00;149
13056;39;624355636;13056;400;14236;14385;5.21;0.32;313.32;14.63;1180;40;4956.00;149
13058;39;624355650;13058;401;14236;14385;5.23;0.32;313.37;14.63;1178;40;4957.00;149
13061;39;624355663;13061;399;14239;14389;5.25;0.32;313.38;14.62;1178;40;4958.00;150
13064;39;624355676;13064;396;14240;14390;5.27;0.32;313.39;14.62;1176;40;4959.00;150
13065;39;624355689;13065;397;14240;14390;5.30;0.32;313.40;14.62;1175;40;4960.00;150
13071;39;624355702;13071;398;14241;14391;5.35;0.33;313.34;14.62;1170;40;4961.00;150
13073;39;624355716;13073;401;14241;14391;5.34;0.33;313.40;14.62;1168;40;4962.00;150
13077;39;624355728;13077;394;14241;14391;5.33;0.33;313.44;14.62;1164;40;4963.00;150
13080;39;624355742;13080;397;14241;14391;5.30;0.33;313.46;14.62;1161;40;4964.00;150
13088;39;624355755;13088;397;14241;14391;5.28;0.32;313.45;14.62;1153;40;4965.00;150
13090;39;624355768;13090;389;14241;14391;5.30;0.32;313.42;14.62;1151;40;4966.00;150
13094;39;624355780;13094;390;14241;14391;5.30;0.33;313.46;14.62;1147;40;4967.00;150
13098;39;624355793;13098;408;14284;14461;5.43;0.33;313.57;14.58;1186;40;4968.00;177
13099;39;624355812;13099;390;14285;14462;5.50;0.34;313.59;14.58;1186;40;4969.00;177
13104;39;624355825;13104;391;14290;14462;5.56;0.34;313.59;14.57;1186;40;4970.00;172
13109;39;624355838;13109;388;14291;14462;5.54;0.34;313.60;14.69;1182;40;4971.00;171
13112;39;624355853;13112;383;14295;14462;5.54;0.34;313.67;14.69;1183;40;4972.00;167
13116;39;624355866;13116;389;14298;14462;5.53;0.34;313.69;14.69;1182;40;4973.00;164
13119;39;624355879;13119;383;14301;14462;5.54;0.34;313.73;14.68;1182;40;4974.00;161
13125;39;624355893;13125;376;14304;14462;5.52;0.34;313.80;14.68;1179;40;4975.00;158
13126;39;624355906;13126;383;14307;14463;5.52;0.34;313.85;14.68;1181;40;4976.00;156
13132;39;624355920;13132;375;14307;14464;5.50;0.33;313.91;14.68;1175;40;4977.00;157
13135;39;624355933;13135;363;14308;14464;5.48;0.33;314.00;14.68;1173;40;4978.00;156
13135;39;624355947;13135;353;14312;14468;5.55;0.34;314.00;14.68;1177;40;4979.00;156
13136;39;624355962;13136;351;14313;14468;5.58;0.34;314.00;14.68;1177;40;4980.00;155
13139;39;624355976;13139;353;14313;14468;5.64;0.34;314.08;14.68;1174;40;4981.00;155
13140;39;624355989;13140;345;14313;14468;5.72;0.35;314.10;14.68;1173;40;4982.00;155
13142;39;624356003;13142;339;14318;14474;5.77;0.35;314.21;14.67;1176;40;4983.00;156
13145;39;624356017;13145;351;14318;14474;5.77;0.35;314.28;14.67;1173;40;4984.00;156
13146;39;624356031;13146;349;14318;14474;5.77;0.35;314.30;14.67;1172;40;4985.00;156
13150;39;624356045;13150;347;14320;14477;5.81;0.35;314.36;14.67;1170;40;4986.00;157
13150;39;624356059;13150;337;14320;14477;5.89;0.36;314.36;14.67;1170;40;4987.00;157
13152;39;624356074;13152;319;14321;14477;5.96;0.36;314.35;14.67;1169;40;4988.00;156
13155;39;624356088;13155;311;14321;14478;6.02;0.37;314.38;14.67;1166;40;4989.00;157
13157;39;624356103;13157;299;14322;14479;6.16;0.37;314.43;14.67;1165;40;4990.00;157
13158;39;624356120;13158;293;14322;14479;6.26;0.38;314.43;14.67;1164;40;4991.00;157
13163;39;624356142;13163;292;14332;14492;6.39;0.39;314.48;14.66;1169;40;4992.00;160
13165;39;624356157;13165;291;14333;14492;6.52;0.40;314.51;14.66;1168;40;4993.00;159
13167;39;624356172;13167;286;14333;14492;6.62;0.40;314.52;14.66;1166;40;4994.00;159
13170;39;624356200;13170;283;14335;14494;6.71;0.41;314.60;14.66;1165;40;4995.00;159
13174;39;624356215;13174;288;14335;14494;6.82;0.41;314.69;14.66;1161;40;4996.00;159
13177;39;624356230;13177;278;14339;14498;6.94;0.42;314.66;14.65;1162;40;4997.00;159
13178;39;624356246;13178;277;14339;14498;6.97;0.42;314.65;14.65;1161;40;4998.00;159
13183;39;624356265;13183;273;14342;14502;6.94;0.42;314.70;14.65;1159;40;4999.00;160
13185;39;624356286;13185;277;14342;14502;6.90;0.42;314.75;14.65;1157;40;5000.00;160
13186;39;624356304;13186;273;14342;14502;6.90;0.42;314.76;14.65;1156;40;5001.00;160
13187;39;624356319;13187;273;14342;14502;6.90;0.42;314.77;14.65;1155;40;5002.00;160
13190;39;624356333;13190;278;14342;14502;6.93;0.42;314.80;14.65;1152;40;5003.00;160
13194;39;624356347;13194;277;14352;14514;6.98;0.42;314.83;14.64;1158;40;5004.00;162
13196;39;624356365;13196;279;14352;14514;7.01;0.42;314.85;14.64;1156;40;5005.00;162
13198;39;624356380;13198;274;14353;14514;7.07;0.43;314.88;14.64;1155;40;5006.00;161
13201;39;624356395;13201;270;14353;14514;7.11;0.43;314.96;14.64;1152;40;5007.00;161
13204;39;624356409;13204;271;14353;14514;7.13;0.43;314.95;14.64;1149;40;5008.00;161
13206;39;624356424;13206;271;14353;14514;7.18;0.44;314.98;14.64;1147;40;5009.00;161
13208;39;624356441;13208;276;14353;14515;7.20;0.44;315.00;14.64;1145;40;5010.00;162
13210;39;624356455;13210;271;14353;14515;7.18;0.44;315.00;14.64;1143;40;5011.00;162
13212;39;624356471;13212;270;14358;14521;7.21;0.44;315.04;14.63;1146;40;5012.00;163
13213;39;624356486;13213;262;14359;14522;7.26;0.44;315.09;14.63;1146;40;5013.00;163
13217;39;624356505;13217;264;14359;14522;7.23;0.44;315.15;14.63;1142;40;5014.00;163
13220;39;624356527;13220;259;14359;14522;7.19;0.44;315.19;14.63;1139;40;5015.00;163
13223;39;624356549;13223;261;14362;14526;7.24;0.44;315.24;14.63;1139;40;5016.00;164
13226;39;624356571;13226;258;14362;14526;7.25;0.44;315.34;14.63;1136;40;5017.00;164
13229;39;624356594;13229;255;14362;14526;7.23;0.44;315.35;14.63;1133;40;5018.00;164
13232;39;624356610;13232;251;14363;14527;7.19;0.44;315.42;14.63;1131;40;5019.00;164
13235;39;624356628;13235;256;14366;14531;7.16;0.43;315.38;14.62;1131;40;5020.00;165
13237;39;624356644;13237;255;14366;14531;7.18;0.44;315.38;14.62;1129;40;5021.00;165
13241;39;624356660;13241;262;14368;14534;7.18;0.44;315.50;14.62;1127;40;5022.00;166
13243;39;624356677;13243;258;14368;14534;7.13;0.43;315.53;14.62;1125;40;5023.00;166
13246;39;624356692;13246;261;14369;14534;7.09;0.43;315.65;14.62;1123;40;5024.00;165
13251;39;624356708;13251;262;14369;14534;7.02;0.43;315.70;14.62;1118;40;5025.00;165
13256;39;624356723;13256;262;14373;14538;7.03;0.43;315.68;14.62;1117;40;5026.00;165
13259;39;624356738;13259;263;14373;14538;7.01;0.43;315.72;14.62;1114;40;5027.00;165
13263;39;624356752;13263;264;14373;14538;6.96;0.42;315.85;14.62;1110;40;5028.00;165
13266;39;624356767;13266;268;14373;14538;6.96;0.42;315.84;14.62;1107;40;5029.00;165
13270;39;624356781;13270;269;14373;14539;6.93;0.42;315.93;14.62;1103;40;5030.00;166
13272;39;624356796;13272;269;14374;14540;6.90;0.42;315.91;14.62;1102;40;5031.00;166
13273;39;624356810;13273;259;14374;14540;6.87;0.42;315.90;14.62;1101;40;5032.00;166
13276;39;624356824;13276;263;14375;14541;6.85;0.42;315.98;14.62;1099;40;5033.00;166
13281;39;624356838;13281;259;14376;14541;6.83;0.42;316.07;14.63;1095;40;5034.00;165
13286;39;624356853;13286;262;14377;14541;6.78;0.41;316.01;14.65;1091;40;5035.00;164
13290;39;624356868;13290;267;14377;14541;6.76;0.41;316.07;14.65;1087;40;5036.00;164
13290;39;624356881;13290;265;14377;14541;6.76;0.41;316.07;14.65;1087;40;5037.00;164
13292;39;624356895;13292;268;14377;14541;6.72;0.41;316.04;14.65;1085;40;5038.00;164
13296;39;624356908;13296;268;14377;14541;6.72;0.41;316.06;14.65;1081;40;5039.00;164
13299;39;624356924;13299;307;14477;14771;6.80;0.43;316.04;14.55;1178;40;5040.00;294
13301;39;624356956;13301;300;14481;14772;6.73;0.42;316.06;14.67;1180;40;5041.00;291
13305;39;624356973;13305;294;14491;14772;6.78;0.42;316.09;14.66;1186;40;5042.00;281
13308;39;624356987;13308;295;14495;14772;6.82;0.43;316.13;14.66;1187;40;5043.00;277
13313;39;624357002;13313;291;14507;14772;6.80;0.42;316.19;14.65;1194;40;5044.00;265
13314;40;624357018;13314;293;14512;14772;6.74;0.42;316.18;14.65;1198;41;5045.00;260
13317;40;624357048;13317;287;14519;14772;6.72;0.42;316.28;14.64;1202;41;5046.00;253
13320;40;624357063;13320;296;14525;14772;6.73;0.42;316.32;14.64;1205;41;5047.00;247
13323;40;624357088;13323;300;14534;14773;6.75;0.42;316.34;14.63;1211;41;5048.00;239
13327;40;624357103;13327;303;14537;14774;6.65;0.41;316.34;14.63;1210;41;5049.00;237
13332;40;624357119;13332;299;14544;14774;6.56;0.41;316.34;14.63;1212;41;5050.00;230
13336;40;624357133;13336;300;14547;14775;6.49;0.40;316.42;14.63;1211;41;5051.00;228
13340;40;624357147;13340;303;14552;14775;6.39;0.39;316.48;14.63;1212;41;5052.00;223
13342;40;624357168;13342;318;14554;14775;6.27;0.39;316.45;14.63;1212;41;5053.00;221
13342;40;624357182;13342;322;14556;14775;6.19;0.38;316.45;14.63;1214;41;5054.00;219
13343;40;624357195;13343;334;14559;14779;6.12;0.38;316.43;14.63;1216;41;5055.00;220
13344;40;624357209;13344;340;14563;14779;6.00;0.37;316.46;14.63;1219;41;5056.00;216
13347;40;624357223;13347;355;14564;14779;5.90;0.36;316.47;14.63;1217;41;5057.00;215
13351;40;624357236;13351;365;14566;14782;5.79;0.35;316.54;14.63;1215;41;5058.00;216
13351;40;624357259;13351;368;14567;14782;5.69;0.35;316.54;14.63;1216;41;5059.00;215
13353;40;624357273;13353;372;14571;14782;5.64;0.34;316.54;14.66;1218;41;5060.00;211
13354;40;624357287;13354;380;14575;14786;5.60;0.34;316.52;14.65;1221;41;5061.00;211
13355;40;624357301;13355;399;14577;14787;5.58;0.34;316.50;14.65;1222;41;5062.00;210
13359;40;624357315;13359;408;14581;14787;5.51;0.34;316.51;14.68;1222;41;5063.00;206
13360;40;624357329;13360;412;14584;14791;5.49;0.34;316.49;14.68;1224;41;5064.00;207
13364;40;624357343;13364;418;14586;14791;5.45;0.33;316.56;14.68;1222;41;5065.00;205
13364;40;624357357;13364;423;14588;14791;5.41;0.33;316.56;14.70;1224;41;5066.00;203
13365;40;624357370;13365;432;14589;14792;5.36;0.33;316.60;14.70;1224;41;5067.00;203
13365;40;624357384;13365;440;14592;14792;5.34;0.33;316.60;14.72;1227;41;5068.00;200
13365;40;624357398;13365;444;14600;14798;5.31;0.33;316.60;14.73;1235;41;5069.00;198
13365;40;624357414;13365;447;14600;14798;5.21;0.32;316.60;14.73;1235;41;5070.00;198
13371;40;624357428;13371;456;14602;14799;5.07;0.31;316.52;14.75;1231;41;5071.00;197
13373;40;624357442;13373;472;14606;14799;4.98;0.30;316.50;14.75;1233;41;5072.00;193
13375;40;624357455;13375;478;14606;14799;4.90;0.30;316.48;14.75;1231;41;5073.00;193
13376;40;624357469;13376;494;14610;14799;4.83;0.30;316.50;14.77;1234;41;5074.00;189
13377;40;624357482;13377;508;14611;14799;4.77;0.29;316.48;14.78;1234;41;5075.00;188
13378;40;624357495;13378;513;14620;14811;4.69;0.29;316.47;14.77;1242;41;5076.00;191
13379;40;624357509;13379;524;14623;14811;4.61;0.28;316.45;14.79;1244;41;5077.00;188
13380;40;624357521;13380;525;14625;14811;4.52;0.28;316.45;14.78;1245;41;5078.00;186
13382;40;624357534;13382;527;14626;14811;4.42;0.27;316.45;14.78;1244;41;5079.00;185
13385;40;624357548;13385;534;14628;14811;4.31;0.27;316.41;14.80;1243;41;5080.00;183
13385;40;624357560;13385;534;14629;14811;4.31;0.27;316.41;14.80;1244;41;5081.00;182
13386;40;624357572;13386;534;14633;14815;4.29;0.26;316.39;14.82;1247;41;5082.00;182
13389;41;624357584;13389;527;14634;14815;4.29;0.26;316.37;14.82;1245;42;5083.00;181
13391;41;624357608;13391;516;14640;14819;4.35;0.27;316.37;14.83;1249;42;5084.00;179
13393;41;624357621;13393;514;14643;14821;4.38;0.27;316.35;14.85;1250;42;5085.00;178
13395;41;624357634;13395;517;14644;14821;4.37;0.27;316.33;14.85;1249;42;5086.00;177
13397;41;624357652;13397;514;14648;14821;4.42;0.27;316.38;14.89;1251;42;5087.00;173
13397;41;624357666;13397;513;14659;14834;4.51;0.28;316.38;14.88;1262;42;5088.00;175
13398;41;624357679;13398;516;14659;14834;4.53;0.28;316.36;14.88;1261;42;5089.00;175
13401;41;624357698;13401;513;14661;14834;4.53;0.28;316.33;14.90;1260;42;5090.00;173
13402;41;624357711;13402;512;14662;14835;4.55;0.28;316.31;14.90;1260;42;5091.00;173
13403;41;624357723;13403;508;14665;14836;4.57;0.28;316.30;14.94;1262;42;5092.00;171
13404;41;624357736;13404;517;14665;14836;4.59;0.28;316.29;14.94;1261;42;5093.00;171
13407;41;624357748;13407;504;14669;14839;4.59;0.28;316.26;14.95;1262;42;5094.00;170
13413;41;624357761;13413;494;14669;14839;4.56;0.28;316.22;14.95;1256;42;5095.00;170
13416;41;624357774;13416;491;14669;14839;4.54;0.28;316.19;14.95;1253;42;5096.00;170
13420;41;624357787;13420;488;14672;14839;4.50;0.28;316.28;14.99;1252;42;5097.00;167
13421;41;624357800;13421;483;14678;14845;4.58;0.28;316.28;14.99;1257;42;5098.00;167
13424;41;624357813;13424;485;14679;14845;4.55;0.28;316.30;15.01;1255;42;5099.00;166
13424;41;624357828;13424;482;14685;14864;4.53;0.28;316.30;15.02;1261;42;5100.00;179
13426;41;624357847;13426;461;14686;14864;4.53;0.28;316.32;15.01;1260;42;5101.00;178
13427;41;624357859;13427;457;14690;14868;4.61;0.28;316.33;15.02;1263;42;5102.00;178
13429;41;624357873;13429;460;14691;14869;4.67;0.29;316.32;15.02;1262;42;5103.00;178
13433;41;624357885;13433;446;14691;14869;4.73;0.29;316.34;15.02;1258;42;5104.00;178
13437;41;624357898;13437;440;14695;14870;4.77;0.29;316.37;15.04;1258;42;5105.00;175
13440;41;624357912;13440;439;14697;14870;4.78;0.29;316.36;15.04;1257;42;5106.00;173
13443;41;624357924;13443;423;14699;14870;4.78;0.29;316.39;15.07;1256;42;5107.00;171
13445;41;624357938;13445;416;14699;14870;4.84;0.30;316.43;15.07;1254;42;5108.00;171
13448;41;624357950;13448;408;14699;14870;4.88;0.30;316.45;15.07;1251;42;5109.00;171
13449;41;624357963;13449;408;14699;14870;4.92;0.30;316.43;15.07;1250;42;5110.00;171
13452;41;624357977;13452;407;14700;14870;4.98;0.31;316.49;15.07;1248;42;5111.00;170
13455;41;624357991;13455;407;14736;14940;5.12;0.31;316.49;15.03;1281;42;5112.00;204
13459;41;624358009;13459;388;14739;14941;5.21;0.32;316.50;15.03;1280;42;5113.00;202
13462;41;624358023;13462;389;14744;14941;5.26;0.32;316.56;15.02;1282;42;5114.00;197
13464;41;624358037;13464;390;14744;14941;5.34;0.33;316.57;15.02;1280;42;5115.00;197
13472;41;624358051;13472;379;14750;14941;5.34;0.33;316.61;15.02;1278;42;5116.00;191
13475;41;624358065;13475;371;14751;14941;5.36;0.33;316.66;15.02;1276;42;5117.00;190
13479;41;624358079;13479;376;14756;14941;5.40;0.33;316.70;15.02;1277;42;5118.00;185
13484;41;624358093;13484;365;14756;14941;5.46;0.33;316.68;15.02;1272;42;5119.00;185
13487;41;624358108;13487;376;14760;14942;5.50;0.34;316.72;15.01;1273;42;5120.00;182
13494;41;624358122;13494;376;14760;14943;5.53;0.34;316.76;15.01;1266;42;5121.00;183
13498;41;624358137;13498;380;14765;14943;5.59;0.34;316.74;15.14;1267;42;5122.00;178
13504;41;624358153;13504;384;14770;14947;5.60;0.34;316.79;15.14;1266;42;5123.00;177
13507;41;624358167;13507;388;14774;14947;5.61;0.34;316.86;15.13;1267;42;5124.00;173
13513;41;624358182;13513;387;14774;14947;5.61;0.34;316.91;15.13;1261;42;5125.00;173
13517;41;624358197;13517;387;14774;14947;5.61;0.34;316.99;15.13;1257;42;5126.00;173
13522;41;624358211;13522;387;14778;14953;5.60;0.34;317.00;15.13;1256;42;5127.00;175
13530;41;624358226;13530;389;14778;14953;5.54;0.34;317.12;15.13;1248;42;5128.00;175
13531;41;624358241;13531;393;14779;14953;5.51;0.34;317.10;15.13;1248;42;5129.00;174
13535;41;624358257;13535;394;14783;14959;5.51;0.33;317.14;15.13;1248;42;5130.00;176
13537;41;624358275;13537;391;14783;14959;5.51;0.33;317.19;15.13;1246;42;5131.00;176
13540;41;624358290;13540;398;14784;14959;5.52;0.33;317.19;15.13;1244;42;5132.00;175
13546;41;624358304;13546;395;14786;14960;5.48;0.33;317.13;15.13;1240;42;5133.00;174
13549;41;624358320;13549;391;14787;14961;5.46;0.33;317.15;15.13;1238;42;5134.00;174
13552;41;624358336;13552;394;14789;14961;5.45;0.33;317.20;15.13;1237;42;5135.00;172
13554;41;624358351;13554;388;14799;14974;5.50;0.33;317.24;15.12;1245;42;5136.00;175
13555;41;624358366;13555;391;14800;14974;5.48;0.33;317.23;15.12;1245;42;5137.00;174
13558;41;624358380;13558;394;14800;14974;5.46;0.33;317.22;15.12;1242;42;5138.00;174
13562;41;624358395;13562;393;14803;14975;5.42;0.33;317.22;15.24;1241;42;5139.00;172
13565;41;624358410;13565;396;14805;14975;5.41;0.33;317.24;15.24;1240;42;5140.00;170
13569;41;624358424;13569;398;14809;14979;5.38;0.33;317.32;15.24;1240;42;5141.00;170
13573;41;624358439;13573;399;14810;14979;5.32;0.32;317.30;15.24;1237;42;5142.00;169
13577;41;624358453;13577;395;14813;14983;5.28;0.32;317.33;15.24;1236;42;5143.00;170
13581;41;624358468;13581;392;14813;14983;5.27;0.32;317.42;15.24;1232;42;5144.00;170
13583;41;624358483;13583;399;14813;14983;5.30;0.32;317.40;15.24;1230;42;5145.00;170
13586;41;624358498;13586;405;14813;14983;5.26;0.32;317.49;15.24;1227;42;5146.00;170
13588;41;624358519;13588;400;14813;14983;5.20;0.32;317.50;15.24;1225;42;5147.00;170
13589;41;624358549;13589;393;14823;14995;5.28;0.32;317.50;15.22;1234;42;5148.00;172
13591;41;624358572;13591;395;14823;14995;5.28;0.32;317.58;15.22;1232;42;5149.00;172
13593;41;624358594;13593;392;14824;14995;5.31;0.32;317.61;15.22;1231;42;5150.00;171
13596;41;624358614;13596;394;14824;14995;5.38;0.33;317.70;15.22;1228;42;5151.00;171
13598;41;624358631;13598;397;14824;14995;5.42;0.33;317.79;15.22;1226;42;5152.00;171
13602;41;624358647;13602;396;14824;14995;5.45;0.33;317.84;15.22;1222;42;5153.00;171
13608;41;624358663;13608;401;14825;14996;5.41;0.33;317.84;15.35;1217;42;5154.00;171
13609;41;624358680;13609;401;14827;14998;5.38;0.33;317.87;15.35;1218;42;5155.00;171
13611;41;624358706;13611;382;14832;15004;5.41;0.33;317.90;15.34;1221;42;5156.00;172
13612;41;624358722;13612;377;14833;15005;5.44;0.33;317.96;15.34;1221;42;5157.00;172
13616;41;624358744;13616;361;14833;15005;5.46;0.33;318.00;15.34;1217;42;5158.00;172
13617;41;624358760;13617;358;14833;15005;5.51;0.33;318.01;15.34;1216;42;5159.00;172
13619;41;624358778;13619;349;14837;15010;5.58;0.34;318.00;15.34;1218;42;5160.00;173
13622;41;624358795;13622;340;14837;15010;5.65;0.34;318.12;15.34;1215;42;5161.00;173
13625;41;624358811;13625;342;14837;15010;5.71;0.35;318.19;15.34;1212;42;5162.00;173
13626;41;624358826;13626;340;14838;15011;5.75;0.35;318.22;15.33;1212;42;5163.00;173
13627;41;624358843;13627;340;14841;15015;5.81;0.35;318.27;15.33;1214;42;5164.00;174
13629;41;624358860;13629;341;14841;15015;5.89;0.36;318.34;15.33;1212;43;5165.00;174
13631;41;624358885;13631;339;14843;15018;5.97;0.36;318.32;15.33;1212;43;5166.00;175
13632;41;624358903;13632;342;14843;15018;5.98;0.36;318.34;15.33;1211;43;5167.00;175
13635;41;624358919;13635;344;14844;15018;5.96;0.36;318.37;15.33;1209;43;5168.00;174
13636;41;624358935;13636;354;14844;15018;5.97;0.36;318.40;15.33;1208;43;5169.00;174
13638;41;624358950;13638;353;14848;15022;6.01;0.37;318.43;15.32;1210;43;5170.00;174
13640;41;624358968;13640;351;14848;15022;6.00;0.36;318.50;15.32;1208;43;5171.00;174
13645;41;624358983;13645;350;14848;15022;5.96;0.36;318.55;15.32;1203;43;5172.00;174
13646;41;624358998;13646;346;14848;15022;5.94;0.36;318.60;15.32;1202;43;5173.00;174
13648;41;624359013;13648;342;14848;15023;5.89;0.36;318.60;15.32;1200;43;5174.00;175
13652;41;624359027;13652;344;14850;15025;5.85;0.35;318.72;15.32;1198;43;5175.00;175
13654;41;624359043;13654;349;14850;15025;5.82;0.35;318.73;15.32;1196;43;5176.00;175
13658;41;624359057;13658;346;14851;15026;5.77;0.35;318.76;15.32;1193;43;5177.00;175
13660;41;624359073;13660;341;14851;15026;5.81;0.35;318.82;15.32;1191;43;5178.00;175
13661;41;624359087;13661;341;14851;15026;5.81;0.35;318.86;15.32;1190;43;5179.00;175
13665;41;624359102;13665;335;14851;15026;5.85;0.36;318.92;15.32;1186;43;5180.00;175
13668;41;624359116;13668;329;14851;15026;5.90;0.36;318.92;15.32;1183;43;5181.00;175
13669;41;624359131;13669;330;14851;15026;5.95;0.36;318.93;15.32;1182;43;5182.00;175
13672;41;624359146;13672;337;14851;15026;5.96;0.36;318.95;15.32;1179;43;5183.00;175
13675;41;624359160;13675;359;14920;15153;6.06;0.37;318.97;15.25;1245;43;5184.00;233
13679;41;624359185;13679;344;14920;15154;6.08;0.37;318.99;15.25;1241;43;5185.00;234
13681;41;624359202;13681;328;14926;15154;6.18;0.38;319.02;15.25;1245;43;5186.00;228
13686;41;624359217;13686;328;14928;15154;6.19;0.38;319.11;15.24;1242;43;5187.00;226
13689;41;624359232;13689;332;14934;15154;6.23;0.38;319.17;15.24;1245;43;5188.00;220
13691;41;624359248;13691;328;14938;15154;6.26;0.38;319.20;15.24;1247;43;5189.00;216
13692;41;624359265;13692;334;14942;15154;6.30;0.39;319.22;15.23;1250;43;5190.00;212
13693;41;624359282;13693;333;14945;15154;6.28;0.38;319.28;15.23;1252;43;5191.00;209
13696;41;624359298;13696;333;14947;15155;6.28;0.38;319.31;15.23;1251;43;5192.00;208
13698;41;624359320;13698;337;14952;15156;6.23;0.38;319.33;15.35;1254;43;5193.00;204
13699;41;624359337;13699;333;14955;15156;6.23;0.38;319.32;15.35;1256;43;5194.00;201
13702;41;624359353;13702;343;14956;15157;6.18;0.38;319.30;15.35;1254;43;5195.00;201
13703;41;624359369;13703;349;14961;15157;6.14;0.38;319.36;15.35;1258;43;5196.00;196
13707;41;624359384;13707;353;14962;15157;6.09;0.37;319.38;15.35;1255;43;5197.00;195
13709;41;624359399;13709;354;14963;15157;6.02;0.37;319.38;15.35;1254;43;5198.00;194
13713;41;624359414;13713;358;14967;15161;5.97;0.36;319.39;15.35;1254;43;5199.00;194
13715;41;624359430;13715;360;14968;15161;5.94;0.36;319.43;15.35;1253;43;5200.00;193
13718;41;624359449;13718;359;14969;15161;5.83;0.36;319.44;15.35;1251;43;5201.00;192
13722;41;624359463;13722;355;14971;15164;5.78;0.35;319.49;15.34;1249;43;5202.00;193
13724;41;624359479;13724;360;14972;15164;5.75;0.35;319.49;15.34;1248;43;5203.00;192
13727;41;624359493;13727;356;14973;15164;5.65;0.35;319.50;15.34;1246;43;5204.00;191
13734;41;624359508;13734;359;14981;15168;5.55;0.34;319.44;15.37;1247;43;5205.00;187
13737;41;624359525;13737;360;14983;15169;5.54;0.34;319.44;15.37;1246;43;5206.00;186
13741;41;624359539;13741;358;14984;15169;5.49;0.34;319.37;15.37;1243;43;5207.00;185
13742;41;624359554;13742;360;14986;15173;5.51;0.34;319.36;15.37;1244;43;5208.00;187
13747;41;624359568;13747;354;14986;15173;5.47;0.33;319.42;15.37;1239;43;5209.00;187
13750;41;624359581;13750;362;14986;15173;5.40;0.33;319.42;15.37;1236;43;5210.00;187
13754;41;624359595;13754;371;14987;15174;5.40;0.33;319.45;15.37;1233;43;5211.00;187
13755;41;624359613;13755;369;14987;15174;5.39;0.33;319.43;15.37;1232;43;5212.00;187
13759;41;624359627;13759;382;14992;15180;5.38;0.33;319.43;15.37;1233;43;5213.00;188
13759;41;624359642;13759;384;14992;15180;5.40;0.33;319.43;15.37;1233;43;5214.00;188
13761;41;624359654;13761;390;14992;15180;5.36;0.33;319.44;15.37;1231;43;5215.00;188
13762;41;624359667;13762;402;14993;15181;5.39;0.33;319.42;15.37;1231;43;5216.00;188
13765;41;624359680;13765;406;14993;15181;5.33;0.32;319.39;15.37;1228;43;5217.00;188
13768;41;624359693;13768;419;14993;15181;5.27;0.32;319.41;15.37;1225;43;5218.00;188
13772;41;624359705;13772;425;14993;15181;5.18;0.31;319.38;15.37;1221;43;5219.00;188
13772;41;624359719;13772;435;15016;15217;5.25;0.32;319.38;15.34;1244;43;5220.00;201
13775;41;624359735;13775;442;15017;15217;5.17;0.32;319.32;15.34;1242;43;5221.00;200
13776;41;624359747;13776;441;15020;15217;5.14;0.31;319.31;15.34;1244;43;5222.00;197
13777;41;624359760;13777;440;15021;15217;5.12;0.31;319.31;15.34;1244;43;5223.00;196
13781;41;624359773;13781;443;15023;15217;5.07;0.31;319.26;15.34;1242;43;5224.00;194
13782;41;624359786;13782;446;15023;15217;5.04;0.31;319.24;15.34;1241;43;5225.00;194
13782;41;624359798;13782;448;15028;15221;5.01;0.31;319.24;15.33;1246;43;5226.00;193
13784;41;624359811;13784;452;15028;15221;4.96;0.30;319.21;15.33;1244;43;5227.00;193
13787;41;624359823;13787;455;15032;15225;4.94;0.30;319.27;15.33;1245;43;5228.00;193
13787;41;624359836;13787;467;15033;15226;4.92;0.30;319.27;15.33;1246;43;5229.00;193
13789;41;624359849;13789;472;15034;15226;4.83;0.29;319.29;15.35;1245;43;5230.00;192
13790;41;624359861;13790;476;15035;15226;4.75;0.29;319.28;15.36;1245;43;5231.00;191
13791;41;624359873;13791;474;15046;15239;4.66;0.28;319.26;15.35;1255;43;5232.00;193
13792;41;624359886;13792;478;15047;15239;4.56;0.28;319.25;15.37;1255;43;5233.00;192
13792;41;624359898;13792;489;15048;15239;4.53;0.28;319.25;15.39;1256;43;5234.00;191
13793;41;624359910;13793;478;15049;15240;4.51;0.28;319.26;15.39;1256;43;5235.00;191
13794;41;624359927;13794;477;15050;15241;4.55;0.28;319.26;15.40;1256;43;5236.00;191
13795;41;624359940;13795;483;15051;15241;4.54;0.28;319.31;15.42;1256;43;5237.00;190
13796;41;624359952;13796;486;15054;15244;4.51;0.28;319.32;15.43;1258;43;5238.00;190
13798;41;624359972;13798;484;15055;15244;4.52;0.28;319.29;15.45;1257;43;5239.00;189
13801;41;624359984;13801;481;15057;15244;4.52;0.28;319.32;15.46;1256;43;5240.00;187
13803;41;624359997;13803;485;15058;15244;4.49;0.27;319.32;15.48;1255;43;5241.00;186
13805;41;624360015;13805;487;15064;15250;4.57;0.28;319.29;15.49;1259;43;5242.00;186
13808;41;624360036;13808;486;15065;15250;4.58;0.28;319.32;15.50;1257;43;5243.00;185
13809;41;624360052;13809;486;15066;15250;4.60;0.28;319.33;15.52;1257;43;5244.00;184
13811;41;624360065;13811;482;15067;15250;4.57;0.28;319.38;15.53;1256;43;5245.00;183
13811;41;624360078;13811;485;15072;15254;4.57;0.28;319.38;15.56;1261;43;5246.00;182
13814;41;624360091;13814;486;15075;15255;4.56;0.28;319.38;15.58;1261;43;5247.00;180
13815;41;624360104;13815;487;15075;15255;4.53;0.28;319.39;15.58;1260;43;5248.00;180
13815;41;624360117;13815;486;15078;15256;4.51;0.27;319.39;15.61;1263;43;5249.00;178
13817;41;624360132;13817;487;15078;15256;4.49;0.27;319.40;15.61;1261;43;5250.00;178
13817;41;624360146;13817;483;15078;15256;4.47;0.27;319.40;15.61;1261;43;5251.00;178
13818;41;624360159;13818;481;15080;15256;4.43;0.27;319.39;15.63;1262;43;5252.00;176
13818;41;624360172;13818;479;15080;15256;4.48;0.27;319.39;15.63;1262;43;5253.00;176
13819;41;624360185;13819;477;15083;15256;4.45;0.27;319.39;15.67;1264;43;5254.00;173
13820;41;624360197;13820;475;15083;15256;4.43;0.27;319.42;15.67;1263;43;5255.00;173
13821;41;624360209;13821;483;15118;15326;4.63;0.28;319.40;15.63;1297;43;5256.00;208
13824;41;624360227;13824;485;15122;15327;4.61;0.28;319.39;15.64;1298;43;5257.00;205
13825;41;624360241;13825;485;15130;15327;4.62;0.28;319.45;15.63;1305;43;5258.00;197
13829;41;624360254;13829;489;15137;15327;4.62;0.28;319.46;15.64;1308;43;5259.00;190
13829;41;624360267;13829;481;15142;15327;4.63;0.28;319.46;15.66;1313;43;5260.00;185
13831;41;624360280;13831;483;15145;15327;4.60;0.28;319.48;15.66;1314;43;5261.00;182
13834;41;624360294;13834;489;15147;15327;4.57;0.28;319.47;15.66;1313;43;5262.00;180
13837;41;624360307;13837;483;15152;15327;4.54;0.28;319.56;15.68;1315;43;5263.00;175
13841;41;624360325;13841;485;15154;15328;4.48;0.27;319.51;15.68;1313;43;5264.00;174
13843;41;624360339;13843;478;15157;15330;4.45;0.27;319.53;15.68;1314;43;5265.00;173
13848;41;624360353;13848;480;15161;15330;4.48;0.27;319.57;15.69;1313;43;5266.00;169
13852;41;624360367;13852;486;15165;15334;4.50;0.28;319.58;15.69;1313;43;5267.00;169
13856;41;624360380;13856;496;15166;15334;4.44;0.27;319.58;15.70;1310;43;5268.00;168
13861;41;624360394;13861;501;15166;15334;4.41;0.27;319.68;15.70;1305;43;5269.00;168
13864;41;624360408;13864;499;15167;15334;4.39;0.27;319.68;15.71;1303;43;5270.00;167
13868;41;624360421;13868;499;15172;15340;4.37;0.27;319.76;15.71;1304;43;5271.00;168
13872;41;624360435;13872;502;15173;15340;4.38;0.27;319.76;15.71;1301;43;5272.00;167
13876;41;624360448;13876;498;15175;15340;4.41;0.27;319.76;15.72;1299;43;5273.00;165
13879;41;624360460;13879;503;15176;15343;4.41;0.27;319.80;15.72;1297;43;5274.00;167
13882;41;624360475;13882;503;15177;15343;4.41;0.27;319.81;15.73;1295;43;5275.00;166
13886;41;624360489;13886;499;15177;15343;4.39;0.27;319.88;15.73;1291;43;5276.00;166
13887;41;624360504;13887;500;15177;15344;4.38;0.27;319.89;15.73;1290;43;5277.00;167
13891;41;624360527;13891;499;15180;15345;4.39;0.27;319.93;15.74;1289;43;5278.00;165
13894;41;624360560;13894;493;15180;15345;4.39;0.27;319.90;15.74;1286;43;5279.00;165
13895;41;624360582;13895;491;15198;15371;4.47;0.27;319.90;15.72;1303;43;5280.00;173
13901;41;624360604;13901;486;15200;15371;4.51;0.28;319.93;15.72;1299;43;5281.00;171
13906;41;624360623;13906;471;15202;15371;4.57;0.28;319.99;15.72;1296;43;5282.00;169
13910;41;624360640;13910;466;15203;15372;4.62;0.28;319.99;15.72;1293;43;5283.00;169
13912;41;624360655;13912;460;15204;15372;4.65;0.28;320.03;15.72;1292;43;5284.00;168
13915;41;624360670;13915;454;15207;15376;4.74;0.29;320.07;15.71;1292;43;5285.00;169
13919;41;624360685;13919;454;15207;15376;4.80;0.29;320.05;15.71;1288;43;5286.00;169
13922;41;624360701;13922;454;15210;15379;4.86;0.30;320.09;15.71;1288;43;5287.00;169
13923;41;624360716;13923;463;15211;15380;4.94;0.30;320.08;15.71;1288;43;5288.00;169
13928;41;624360731;13928;461;15211;15380;4.98;0.31;320.11;15.71;1283;43;5289.00;169
13931;41;624360746;13931;459;15212;15380;5.03;0.31;320.18;15.71;1281;43;5290.00;168
13935;41;624360761;13935;469;15212;15380;5.08;0.31;320.22;15.71;1277;43;5291.00;168
13941;41;624360784;13941;470;15222;15392;5.16;0.31;320.34;15.70;1281;43;5292.00;170
13945;41;624360801;13945;471;15222;15392;5.14;0.31;320.35;15.70;1277;43;5293.00;170
13951;41;624360819;13951;474;15223;15392;5.16;0.31;320.30;15.70;1272;43;5294.00;169
13954;41;624360834;13954;478;15223;15392;5.16;0.31;320.35;15.70;1269;43;5295.00;169
13958;41;624360849;13958;478;15223;15392;5.16;0.31;320.37;15.70;1265;43;5296.00;169
13961;41;624360863;13961;487;15223;15392;5.16;0.31;320.49;15.70;1262;43;5297.00;169
13967;41;624360878;13967;482;15224;15393;5.16;0.31;320.56;15.82;1257;43;5298.00;169
13970;41;624360894;13970;482;15224;15393;5.17;0.32;320.60;15.82;1254;43;5299.00;169
13974;41;624360909;13974;480;15229;15399;5.18;0.32;320.59;15.82;1255;43;5300.00;170
13979;41;624360930;13979;482;15229;15400;5.14;0.31;320.61;15.82;1250;43;5301.00;171
13983;41;624360945;13983;483;15230;15400;5.11;0.31;320.68;15.82;1247;43;5302.00;170
13988;41;624360959;13988;490;15230;15400;5.07;0.31;320.72;15.82;1242;43;5303.00;170
13991;41;624360975;13991;477;15233;15404;5.08;0.31;320.77;15.81;1242;43;5304.00;171
13995;41;624360990;13995;470;15233;15404;5.09;0.31;320.81;15.81;1238;43;5305.00;171
13999;41;624361004;13999;459;15233;15404;5.10;0.31;320.87;15.81;1234;43;5306.00;171
14005;41;624361018;14005;451;15234;15405;5.08;0.31;320.87;15.81;1229;43;5307.00;171
14008;41;624361032;14008;452;15237;15409;5.10;0.31;320.94;15.81;1229;43;5308.00;172
14011;41;624361047;14011;449;15237;15409;5.12;0.31;320.94;15.81;1226;43;5309.00;172
14016;41;624361063;14016;446;15241;15415;5.14;0.31;321.02;15.81;1225;43;5310.00;174
14017;41;624361078;14017;456;15241;15415;5.20;0.32;321.01;15.81;1224;43;5311.00;174
14022;41;624361092;14022;449;15243;15415;5.19;0.32;321.09;15.80;1221;43;5312.00;172
14026;41;624361106;14026;452;15243;15415;5.16;0.31;321.09;15.80;1217;43;5313.00;172
14032;41;624361120;14032;456;15248;15419;5.15;0.31;321.23;15.93;1216;43;5314.00;171
14036;41;624361136;14036;454;15248;15419;5.18;0.31;321.24;15.93;1212;43;5315.00;171
14039;41;624361149;14039;451;15248;15419;5.16;0.31;321.29;15.93;1209;43;5316.00;171
14042;41;624361164;14042;437;15248;15419;5.10;0.31;321.35;15.93;1206;43;5317.00;171
14044;41;624361177;14044;426;15248;15420;5.09;0.31;321.42;15.93;1204;43;5318.00;172
14046;41;624361192;14046;419;15249;15421;5.13;0.31;321.45;15.93;1203;43;5319.00;172
14048;41;624361206;14048;421;15249;15421;5.17;0.32;321.52;15.93;1201;43;5320.00;172
14051;41;624361220;14051;420;15250;15422;5.20;0.32;321.55;15.92;1199;43;5321.00;172
14054;41;624361234;14054;422;15251;15422;5.19;0.32;321.57;16.05;1197;43;5322.00;171
14056;41;624361248;14056;422;15251;15422;5.15;0.32;321.62;16.05;1195;43;5323.00;171
14061;41;624361263;14061;427;15251;15422;5.10;0.31;321.68;16.05;1190;43;5324.00;171
14061;41;624361277;14061;429;15251;15422;5.07;0.31;321.68;16.05;1190;43;5325.00;171
14065;41;624361292;14065;423;15252;15422;4.96;0.30;321.71;16.17;1187;43;5326.00;170
14069;41;624361306;14069;418;15252;15422;4.92;0.30;321.83;16.17;1183;43;5327.00;170
14071;41;624361319;14071;436;15321;15549;5.17;0.32;321.87;16.10;1250;43;5328.00;228
14075;41;624361343;14075;419;15323;15550;5.18;0.32;321.91;16.10;1248;43;5329.00;227
14081;41;624361358;14081;409;15331;15550;5.23;0.32;321.97;16.21;1250;43;5330.00;219
14083;41;624361374;14083;402;15332;15550;5.30;0.33;321.95;16.21;1249;43;5331.00;218
14087;41;624361389;14087;402;15337;15550;5.39;0.33;322.01;16.21;1250;43;5332.00;213
14091;41;624361403;14091;398;15337;15550;5.46;0.34;322.12;16.21;1246;43;5333.00;213
14091;41;624361419;14091;394;15341;15550;5.55;0.34;322.12;16.20;1250;43;5334.00;209
14094;41;624361434;14094;393;15342;15550;5.64;0.35;322.20;16.20;1248;43;5335.00;208
14095;41;624361448;14095;400;15347;15551;5.65;0.35;322.22;16.20;1252;43;5336.00;204
14098;41;624361463;14098;393;15352;15552;5.62;0.35;322.25;16.20;1254;43;5337.00;200
14099;41;624361486;14099;392;15355;15552;5.63;0.35;322.28;16.20;1256;43;5338.00;197
14102;41;624361501;14102;398;15358;15553;5.61;0.34;322.31;16.20;1256;43;5339.00;195
14106;41;624361520;14106;404;15363;15553;5.60;0.34;322.35;16.20;1257;43;5340.00;190
14109;41;624361535;14109;409;15366;15553;5.62;0.34;322.38;16.19;1257;43;5341.00;187
14112;41;624361551;14112;418;15366;15553;5.60;0.34;322.47;16.19;1254;43;5342.00;187
14112;41;624361565;14112;430;15371;15557;5.61;0.34;322.47;16.19;1259;43;5343.00;186
14114;41;624361580;14114;420;15371;15557;5.64;0.35;322.49;16.19;1257;43;5344.00;186
14116;41;624361594;14116;424;15372;15557;5.66;0.35;322.50;16.19;1256;43;5345.00;185
14120;41;624361609;14120;430;15375;15560;5.69;0.35;322.48;16.19;1255;43;5346.00;185
14122;41;624361624;14122;429;15376;15560;5.75;0.35;322.51;16.31;1254;43;5347.00;184
14125;41;624361651;14125;428;15378;15560;5.76;0.35;322.52;16.31;1253;43;5348.00;182
14128;41;624361666;14128;428;15382;15564;5.84;0.36;322.55;16.31;1254;43;5349.00;182
14132;41;624361681;14132;427;15383;15565;5.85;0.36;322.59;16.31;1251;43;5350.00;182
14135;41;624361695;14135;431;15384;15565;5.84;0.36;322.65;16.31;1249;43;5351.00;181
14136;41;624361710;14136;428;15387;15569;5.86;0.36;322.66;16.30;1251;43;5352.00;182
14138;41;624361729;14138;423;15388;15569;5.87;0.36;322.66;16.30;1250;43;5353.00;181
14141;41;624361743;14141;424;15388;15569;5.82;0.36;322.74;16.30;1247;43;5354.00;181
14142;41;624361758;14142;423;15390;15571;5.80;0.35;322.76;16.30;1248;43;5355.00;181
14145;41;624361777;14145;417;15390;15571;5.76;0.35;322.78;16.30;1245;43;5356.00;181
14148;41;624361791;14148;412;15395;15577;5.79;0.35;322.79;16.30;1247;43;5357.00;182
14150;41;624361806;14150;407;15395;15577;5.81;0.36;322.87;16.30;1245;43;5358.00;182
14156;41;624361821;14156;409;15395;15577;5.76;0.35;322.87;16.30;1239;43;5359.00;182
14157;41;624361836;14157;407;15395;15578;5.74;0.35;322.92;16.30;1238;43;5360.00;183
14161;41;624361850;14161;412;15395;15578;5.69;0.35;322.94;16.30;1234;43;5361.00;183
14165;41;624361864;14165;422;15395;15578;5.63;0.34;323.09;16.30;1230;43;5362.00;183
14166;41;624361877;14166;419;15396;15578;5.63;0.34;323.13;16.41;1230;43;5363.00;182
14168;41;624361891;14168;422;15405;15590;5.63;0.34;323.10;16.40;1237;43;5364.00;185
14171;41;624361912;14171;423;15405;15590;5.62;0.34;323.14;16.40;1234;43;5365.00;185
14173;41;624361925;14173;431;15407;15590;5.61;0.34;323.13;16.40;1234;43;5366.00;183
14176;41;624361939;14176;431;15407;15590;5.58;0.34;323.14;16.40;1231;43;5367.00;183
14177;41;624361952;14177;429;15407;15590;5.60;0.34;323.15;16.40;1230;43;5368.00;183
14182;41;624361966;14182;418;15407;15590;5.57;0.34;323.20;16.40;1225;43;5369.00;183
14184;41;624361981;14184;415;15411;15594;5.53;0.34;323.19;16.51;1227;43;5370.00;183
14185;41;624361994;14185;418;15411;15594;5.48;0.33;323.18;16.51;1226;43;5371.00;183
14188;41;624362007;14188;413;15415;15598;5.46;0.33;323.23;16.51;1227;43;5372.00;183
14190;41;624362020;14190;406;15417;15599;5.45;0.33;323.21;16.62;1227;43;5373.00;182
14194;41;624362034;14194;413;15417;15599;5.41;0.33;323.22;16.62;1223;43;5374.00;182
14197;41;624362046;14197;418;15418;15599;5.35;0.33;323.23;16.64;1221;43;5375.00;181
14201;41;624362061;14201;423;15430;15612;5.33;0.33;323.17;16.74;1229;43;5376.00;182
14205;41;624362075;14205;414;15430;15612;5.28;0.32;323.20;16.74;1225;43;5377.00;182
14210;41;624362088;14210;417;15430;15612;5.22;0.32;323.16;16.74;1220;43;5378.00;182
14213;41;624362101;14213;421;15431;15613;5.22;0.32;323.15;16.74;1218;43;5379.00;182
14217;41;624362114;14217;427;15432;15614;5.18;0.32;323.13;16.85;1215;43;5380.00;182
14217;41;624362128;14217;426;15432;15614;5.24;0.32;323.13;16.85;1215;43;5381.00;182
14219;41;624362140;14219;427;15434;15617;5.31;0.32;323.11;16.85;1215;43;5382.00;183
14222;41;624362153;14222;430;15435;15617;5.29;0.32;323.09;16.85;1213;43;5383.00;182
14225;41;624362165;14225;437;15435;15617;5.32;0.32;323.05;16.85;1210;43;5384.00;182
14227;41;624362178;14227;440;15435;15617;5.33;0.32;323.09;16.85;1208;43;5385.00;182
14230;41;624362190;14230;439;15440;15623;5.32;0.32;323.15;16.85;1210;43;5386.00;183
14232;41;624362203;14232;429;15440;15623;5.32;0.32;323.15;16.85;1208;43;5387.00;183
14232;41;624362216;14232;420;15440;15623;5.27;0.32;323.15;16.85;1208;43;5388.00;183
14233;41;624362228;14233;420;15440;15623;5.27;0.32;323.13;16.85;1207;43;5389.00;183
14234;41;624362241;14234;422;15443;15627;5.20;0.32;323.11;16.84;1209;43;5390.00;184
14236;41;624362255;14236;416;15444;15628;5.16;0.31;323.13;16.84;1208;43;5391.00;184
14239;41;624362268;14239;418;15444;15628;5.15;0.31;323.12;16.84;1205;43;5392.00;184
14241;41;624362282;14241;414;15445;15629;5.15;0.31;323.12;16.84;1204;43;5393.00;184
14243;42;624362301;14243;416;15445;15629;5.14;0.31;323.14;16.84;1202;44;5394.00;184
14243;42;624362324;14243;423;15445;15629;5.17;0.31;323.14;16.84;1202;44;5395.00;184
14244;43;624362337;14244;425;15446;15629;5.20;0.32;323.15;16.85;1202;45;5396.00;183
14244;43;624362361;14244;422;15446;15629;5.21;0.32;323.15;16.85;1202;45;5397.00;183
14245;43;624362376;14245;424;15446;15629;5.20;0.32;323.14;16.85;1201;45;5398.00;183
14246;43;624362395;14246;422;15447;15629;5.22;0.32;323.15;16.86;1201;45;5399.00;182
