step_arrived;step_collisions;step_duration;step_ended;step_halting;step_inserted;step_loaded;step_meanSpeed;step_meanSpeedRelative;step_meanTravelTime;step_meanWaitingTime;step_running;step_teleports;step_time;step_waiting
0;0;623802600;0;1;89;245;16.02;1.12;-1.00;0.00;89;0;0.00;156
0;0;623802634;0;0;101;245;15.14;1.05;-1.00;0.12;101;0;1.00;144
0;0;623802636;0;1;124;245;14.26;0.97;-1.00;0.47;124;0;2.00;121
0;0;623802637;0;2;137;245;13.19;0.89;-1.00;0.71;137;0;3.00;108
0;0;623802638;0;3;148;245;12.25;0.82;-1.00;0.95;148;0;4.00;97
0;0;623802640;0;5;158;245;11.44;0.77;-1.00;1.21;158;0;5.00;87
0;0;623802642;0;8;168;245;10.71;0.71;-1.00;1.49;168;0;6.00;77
0;0;623802644;0;14;178;245;10.04;0.66;-1.00;1.80;178;0;7.00;67
0;0;623802646;0;18;185;246;9.47;0.62;-1.00;2.04;185;0;8.00;61
0;0;623802648;0;23;189;247;9.27;0.61;-1.00;2.19;189;0;9.00;58
0;0;623802650;0;23;195;247;8.95;0.59;-1.00;2.43;195;0;10.00;52
0;0;623802652;0;26;199;248;8.79;0.58;-1.00;2.55;199;0;11.00;49
2;0;623802655;2;30;205;248;8.54;0.56;12.00;2.82;203;0;12.00;43
2;0;623802658;2;38;209;248;8.45;0.55;12.00;3.02;207;0;13.00;39
2;0;623802660;2;41;210;248;8.48;0.55;12.00;3.07;208;0;14.00;38
2;0;623802663;2;44;217;252;8.28;0.54;12.00;3.33;215;0;15.00;35
2;0;623802666;2;47;219;252;8.13;0.52;12.00;3.44;217;0;16.00;33
2;0;623802669;2;58;223;252;7.97;0.51;12.00;3.69;221;0;17.00;29
2;0;623802671;2;59;226;255;7.92;0.50;12.00;3.88;224;0;18.00;29
2;0;623802674;2;68;229;255;7.83;0.50;12.00;4.07;227;0;19.00;26
4;0;623802676;4;74;232;255;7.84;0.50;16.00;4.28;228;0;20.00;23
5;0;623802679;5;79;238;259;8.01;0.51;17.00;4.37;233;0;21.00;21
6;0;623802682;6;81;239;260;8.10;0.51;17.67;4.41;233;0;22.00;21
6;0;623802685;6;83;243;260;8.20;0.52;17.67;4.58;237;0;23.00;17
6;0;623802687;6;87;248;264;8.23;0.52;17.67;4.60;242;0;24.00;16
6;0;623802692;6;87;249;264;8.42;0.53;17.67;4.59;243;0;25.00;15
6;0;623802694;6;89;250;264;8.55;0.53;17.67;4.67;244;0;26.00;14
6;0;623802697;6;91;251;265;8.67;0.54;17.67;4.76;245;0;27.00;14
6;0;623802700;6;92;253;265;8.69;0.54;17.67;4.89;247;0;28.00;12
6;0;623802703;6;93;258;271;8.65;0.54;17.67;4.81;252;0;29.00;13
7;0;623802708;7;94;259;271;8.70;0.54;19.43;4.91;252;0;30.00;12
7;0;623802711;7;95;261;272;8.65;0.54;19.43;5.00;254;0;31.00;11
8;0;623802714;8;95;262;272;8.62;0.53;20.63;5.10;254;0;32.00;10
10;0;623802717;10;99;262;272;8.58;0.53;23.10;5.10;252;0;33.00;10
10;0;623802720;10;101;264;272;8.57;0.53;23.10;5.32;254;0;34.00;8
10;0;623802723;10;104;265;272;8.60;0.53;23.10;5.40;255;0;35.00;7
11;0;623802726;11;108;275;284;8.81;0.55;23.64;5.20;264;0;36.00;9
11;0;623802730;11;110;278;284;8.85;0.55;23.64;5.32;267;0;37.00;6
11;0;623802733;11;111;278;284;8.82;0.55;23.64;5.32;267;0;38.00;6
11;0;623802736;11;113;279;284;8.79;0.54;23.64;5.34;268;0;39.00;5
12;0;623802740;12;116;280;284;8.66;0.54;24.67;5.33;268;0;40.00;4
13;0;623802743;13;119;281;284;8.43;0.52;25.54;5.33;268;0;41.00;3
13;0;623802746;13;123;285;288;8.43;0.52;25.54;5.27;272;0;42.00;3
14;0;623802749;14;126;285;288;8.20;0.51;25.29;5.27;271;0;43.00;3
15;0;623802752;15;127;289;292;8.03;0.50;26.33;5.21;274;0;44.00;3
15;0;623802755;15;131;291;294;7.89;0.49;26.33;5.18;276;0;45.00;3
18;0;623802758;18;135;291;294;7.58;0.47;29.11;5.18;273;0;46.00;3
19;0;623802761;19;134;291;294;7.45;0.46;29.74;5.18;272;0;47.00;3
19;0;623802764;19;140;302;307;7.82;0.48;29.74;4.99;283;0;48.00;5
19;0;623802767;19;141;302;307;7.66;0.48;29.74;4.99;283;0;49.00;5
19;0;623802770;19;142;302;307;7.60;0.48;29.74;4.99;283;0;50.00;5
19;0;623802773;19;144;303;308;7.65;0.48;29.74;4.97;284;0;51.00;5
20;0;623802775;20;146;304;309;7.54;0.47;30.85;4.96;284;0;52.00;5
21;0;623802778;21;150;304;309;7.43;0.46;31.90;4.96;283;0;53.00;5
23;0;623802782;23;151;306;312;7.37;0.46;32.22;4.93;283;0;54.00;6
24;0;623802785;24;155;306;312;7.27;0.45;33.04;4.93;282;0;55.00;6
25;0;623802787;25;142;307;312;7.22;0.45;33.00;4.92;282;0;56.00;5
28;0;623802791;28;140;307;312;7.14;0.44;34.68;4.92;279;0;57.00;5
28;0;623802794;28;138;313;318;7.18;0.44;34.68;4.84;285;0;58.00;5
28;0;623802797;28;141;313;318;7.15;0.44;34.68;4.84;285;0;59.00;5
28;0;623802802;28;142;313;318;7.23;0.44;34.68;4.84;285;0;60.00;5
29;0;623802805;29;144;313;318;7.26;0.45;34.14;4.84;284;0;61.00;5
29;0;623802807;29;147;317;322;7.35;0.45;34.14;4.79;288;0;62.00;5
30;0;623802811;30;148;318;323;7.50;0.46;35.00;4.78;288;0;63.00;5
30;0;623802814;30;148;318;323;7.67;0.47;35.00;4.78;288;0;64.00;5
30;0;623802819;30;148;319;324;7.79;0.48;35.00;4.77;289;0;65.00;5
31;0;623802823;31;149;319;324;7.81;0.48;36.00;4.77;288;0;66.00;5
31;0;623802826;31;141;319;324;7.82;0.48;36.00;4.77;288;0;67.00;5
31;0;623802829;31;136;319;324;7.89;0.48;36.00;4.77;288;0;68.00;5
31;0;623802832;31;133;319;324;7.89;0.48;36.00;4.77;288;0;69.00;5
32;0;623802835;32;130;319;324;7.98;0.49;37.06;4.77;287;0;70.00;5
34;0;623802837;34;128;319;324;8.06;0.49;38.82;4.77;285;0;71.00;5
35;0;623802840;35;132;352;394;8.21;0.50;39.17;4.32;317;0;72.00;42
35;0;623802849;35;128;353;395;8.36;0.51;39.17;4.31;318;0;73.00;42
35;0;623802852;35;120;359;395;8.71;0.53;39.17;4.27;324;0;74.00;36
36;0;623802855;36;120;361;395;8.93;0.55;40.17;4.27;325;0;75.00;34
38;0;623802859;38;118;365;395;9.18;0.56;41.89;4.26;327;0;76.00;30
38;0;623802868;38;117;368;395;9.33;0.57;41.89;4.27;330;0;77.00;27
38;0;623802872;38;118;371;395;9.50;0.58;41.89;4.28;333;0;78.00;24
38;0;623802875;38;120;374;395;9.51;0.58;41.89;4.30;336;0;79.00;21
40;0;623802884;40;120;376;396;9.45;0.57;43.33;4.32;336;0;80.00;20
41;0;623802894;41;121;381;397;9.45;0.57;44.24;4.36;340;0;81.00;16
41;0;623802897;41;119;382;397;9.50;0.58;44.24;4.36;341;0;82.00;15
41;0;623802901;41;126;386;401;9.47;0.58;44.24;4.32;345;0;83.00;15
42;0;623802905;42;124;386;401;9.47;0.58;44.93;4.32;344;0;84.00;15
43;0;623802909;43;125;386;401;9.43;0.57;45.86;4.32;343;0;85.00;15
43;0;623802912;43;125;386;401;9.31;0.57;45.86;4.32;343;0;86.00;15
43;0;623802915;43;125;391;407;9.24;0.56;45.86;4.28;348;0;87.00;16
43;0;623802920;43;125;391;407;9.20;0.56;45.86;4.28;348;0;88.00;16
46;0;623802924;46;126;391;407;9.14;0.56;48.59;4.28;345;0;89.00;16
48;0;623802929;48;125;395;413;9.12;0.56;50.31;4.24;347;0;90.00;18
51;0;623802933;51;126;395;413;8.96;0.55;52.61;4.24;344;0;91.00;18
53;0;623802937;53;130;397;413;8.95;0.54;54.09;4.23;344;0;92.00;16
54;0;623802941;54;133;398;414;8.87;0.54;53.48;4.22;344;0;93.00;16
55;0;623802945;55;134;399;415;8.79;0.53;54.22;4.21;344;0;94.00;16
56;0;623802949;56;133;399;415;8.67;0.53;54.95;4.21;343;0;95.00;16
57;0;623802952;57;136;410;428;8.56;0.52;55.67;4.10;353;0;96.00;18
59;0;623802957;59;136;410;428;8.49;0.52;57.07;4.10;351;0;97.00;18
61;0;623802960;61;138;410;428;8.49;0.52;58.31;4.10;349;0;98.00;18
62;0;623802964;62;135;411;429;8.61;0.53;58.87;4.09;349;0;99.00;18
64;0;623802969;64;131;411;429;8.63;0.53;60.06;4.09;347;0;100.00;18
64;0;623802978;64;127;414;433;8.76;0.53;60.06;4.07;350;0;101.00;19
64;0;623802982;64;123;414;433;8.80;0.54;60.06;4.07;350;0;102.00;19
64;0;623802986;64;117;418;437;8.80;0.54;60.06;4.04;354;0;103.00;19
66;0;623802990;66;111;418;437;8.85;0.54;61.33;4.04;352;0;104.00;19
68;0;623802994;68;106;420;437;8.89;0.54;62.59;4.17;352;0;105.00;17
69;0;623803000;69;100;420;437;9.06;0.55;62.91;4.17;351;0;106.00;17
69;0;623803005;69;93;420;437;9.20;0.56;62.91;4.17;351;0;107.00;17
70;0;623803009;70;86;430;449;9.41;0.58;63.51;4.08;360;0;108.00;19
70;0;623803015;70;81;431;449;9.58;0.59;63.51;4.07;361;0;109.00;18
72;0;623803019;72;76;432;449;9.84;0.60;64.78;4.06;360;0;110.00;17
72;0;623803023;72;71;432;449;10.01;0.61;64.78;4.06;360;0;111.00;17
73;0;623803027;73;71;432;449;10.23;0.63;65.42;4.06;359;0;112.00;17
73;0;623803032;73;72;432;449;10.37;0.64;65.42;4.06;359;0;113.00;17
74;0;623803037;74;69;433;450;10.55;0.65;66.03;4.06;359;0;114.00;17
75;0;623803041;75;67;433;450;10.64;0.65;66.65;4.06;358;0;115.00;17
75;0;623803046;75;67;439;456;10.76;0.66;66.65;4.28;364;0;116.00;17
77;0;623803051;77;66;439;457;10.86;0.66;67.94;4.28;362;0;117.00;18
77;0;623803056;77;66;440;457;10.97;0.67;67.94;4.27;363;0;118.00;17
77;0;623803061;77;65;441;457;10.92;0.67;67.94;4.53;364;0;119.00;16
79;0;623803068;79;68;445;462;10.98;0.67;69.25;4.49;366;0;120.00;17
79;0;623803073;79;69;447;462;10.95;0.67;69.25;4.69;368;0;121.00;15
80;0;623803079;80;72;448;462;10.83;0.66;69.89;4.95;368;0;122.00;14
81;0;623803084;81;72;449;463;10.79;0.66;70.10;4.94;368;0;123.00;14
82;0;623803089;82;80;455;467;10.61;0.65;70.46;5.11;373;0;124.00;12
82;0;623803095;82;82;456;467;10.67;0.65;70.46;5.27;374;0;125.00;11
83;0;623803100;83;84;458;470;10.95;0.67;70.98;5.25;375;0;126.00;12
84;0;623803106;84;87;460;470;11.08;0.68;71.21;5.52;376;0;127.00;10
84;0;623803111;84;87;462;470;11.37;0.70;71.21;5.62;378;0;128.00;8
84;0;623803116;84;88;463;470;11.44;0.70;71.21;5.73;379;0;129.00;7
86;0;623803122;86;89;468;474;11.53;0.71;72.10;5.83;382;0;130.00;6
87;0;623803128;87;89;469;474;11.66;0.71;72.76;5.95;382;0;131.00;5
89;0;623803134;89;89;471;474;11.77;0.72;73.27;6.03;382;0;132.00;3
91;0;623803140;91;90;472;474;11.72;0.72;73.34;6.03;381;0;133.00;2
92;0;623803146;92;91;473;475;11.68;0.72;74.00;6.02;381;0;134.00;2
93;0;623803152;93;91;476;477;11.54;0.71;74.63;6.06;383;0;135.00;1
97;0;623803158;97;91;476;477;11.35;0.69;76.99;6.06;379;0;136.00;1
97;0;623803165;97;93;478;478;11.25;0.69;76.99;6.08;381;0;137.00;0
99;0;623803171;99;96;478;478;11.09;0.68;78.14;6.08;379;0;138.00;0
101;0;623803176;101;100;478;478;10.96;0.67;78.62;6.08;377;0;139.00;0
102;0;623803182;102;100;478;478;10.94;0.67;78.66;6.08;376;0;140.00;0
103;0;623803188;103;102;478;478;10.86;0.67;79.26;6.08;375;0;141.00;0
106;0;623803194;106;102;478;478;10.80;0.67;79.99;6.08;372;0;142.00;0
106;0;623803200;106;104;478;478;10.84;0.67;79.99;6.08;372;0;143.00;0
108;0;623803206;108;126;551;605;10.54;0.67;80.77;5.28;443;0;144.00;54
110;0;623803224;110;121;557;606;10.43;0.66;81.80;5.23;447;0;145.00;49
112;0;623803231;112;114;567;606;10.52;0.66;82.91;5.17;455;0;146.00;39
115;0;623803237;115;112;570;606;10.49;0.66;83.49;5.16;455;0;147.00;36
116;0;623803244;116;116;573;606;10.48;0.66;83.89;5.16;457;0;148.00;33
117;0;623803250;117;112;575;606;10.51;0.66;84.44;5.15;458;0;149.00;31
118;0;623803258;118;111;578;611;10.51;0.66;84.69;5.14;460;0;150.00;33
120;0;623803266;120;111;579;611;10.61;0.66;85.67;5.14;459;0;151.00;32
122;0;623803273;122;109;582;612;10.74;0.67;86.12;5.16;460;0;152.00;30
124;0;623803280;124;110;583;613;10.89;0.68;87.20;5.16;459;0;153.00;30
124;0;623803286;124;113;588;613;10.99;0.68;87.20;5.20;464;0;154.00;25
128;0;623803292;128;115;593;614;10.89;0.68;87.79;5.23;465;0;155.00;21
129;0;623803299;129;118;597;614;10.77;0.67;88.31;5.26;468;0;156.00;17
131;0;623803305;131;118;599;614;10.70;0.66;89.31;5.29;468;0;157.00;15
132;0;623803312;132;122;602;614;10.61;0.66;89.77;5.33;470;0;158.00;12
133;0;623803320;133;127;607;618;10.55;0.65;90.26;5.33;474;0;159.00;11
135;0;623803328;135;134;608;618;10.48;0.65;90.19;5.35;473;0;160.00;10
136;0;623803335;136;136;610;618;10.37;0.64;90.68;5.36;474;0;161.00;8
136;0;623803344;136;139;612;621;10.25;0.63;90.68;5.37;476;0;162.00;9
139;0;623803353;139;140;613;621;10.08;0.62;92.03;5.40;474;0;163.00;8
141;0;623803363;141;142;614;621;10.00;0.62;93.04;5.42;473;0;164.00;7
145;0;623803372;145;144;618;625;9.82;0.60;93.03;5.42;473;0;165.00;7
148;0;623803379;148;144;621;626;9.64;0.59;94.15;5.47;473;0;166.00;5
150;0;623803386;150;142;622;626;9.49;0.58;94.87;5.48;472;0;167.00;4
151;0;623803393;151;144;627;630;9.32;0.58;95.11;5.45;476;0;168.00;3
151;0;623803399;151;148;627;630;9.15;0.57;95.11;5.45;476;0;169.00;3
153;0;623803405;153;143;628;630;9.10;0.56;95.29;5.45;475;0;170.00;2
154;0;623803411;154;147;629;631;9.06;0.56;95.77;5.45;475;0;171.00;2
156;0;623803417;156;143;629;631;9.03;0.56;96.20;5.45;473;0;172.00;2
157;0;623803423;157;139;635;637;9.14;0.57;96.43;5.40;478;0;173.00;2
158;0;623803430;158;136;635;637;9.13;0.56;96.92;5.40;477;0;174.00;2
158;0;623803436;158;132;636;638;9.05;0.56;96.92;5.40;478;0;175.00;2
159;0;623803441;159;137;638;638;9.03;0.56;97.42;5.44;479;0;176.00;0
161;0;623803447;161;137;638;638;9.07;0.56;96.88;5.44;477;0;177.00;0
162;0;623803453;162;131;638;638;9.22;0.57;97.36;5.44;476;0;178.00;0
162;0;623803459;162;127;638;638;9.40;0.58;97.36;5.44;476;0;179.00;0
163;0;623803466;163;126;669;672;9.58;0.59;97.52;5.19;506;0;180.00;3
165;0;623803475;165;119;669;672;9.71;0.60;98.45;5.19;504;0;181.00;3
165;0;623803482;165;117;671;672;9.83;0.61;98.45;5.18;506;0;182.00;1
165;0;623803487;165;121;671;672;9.85;0.61;98.45;5.18;506;0;183.00;1
169;0;623803493;169;126;672;672;9.84;0.61;99.21;5.18;503;0;184.00;0
173;0;623803500;173;129;672;672;9.85;0.61;99.20;5.18;499;0;185.00;0
175;0;623803506;175;134;676;676;9.86;0.61;99.49;5.15;501;0;186.00;0
176;0;623803513;176;141;676;676;9.82;0.60;99.49;5.15;500;0;187.00;0
178;0;623803519;178;142;680;680;9.73;0.60;99.94;5.13;502;0;188.00;0
179;0;623803526;179;151;681;681;9.64;0.59;99.85;5.12;502;0;189.00;0
182;0;623803532;182;155;681;681;9.56;0.59;100.22;5.12;499;0;190.00;0
185;0;623803539;185;159;681;681;9.44;0.58;100.23;5.12;496;0;191.00;0
187;0;623803545;187;167;694;694;9.38;0.57;100.08;5.02;507;0;192.00;0
188;0;623803553;188;169;694;694;9.16;0.56;100.00;5.02;506;0;193.00;0
189;0;623803559;189;171;694;694;9.06;0.56;100.50;5.02;505;0;194.00;0
192;0;623803565;192;172;695;695;8.92;0.55;100.00;5.02;503;0;195.00;0
193;0;623803571;193;176;696;696;8.79;0.54;99.75;5.01;503;0;196.00;0
194;0;623803577;194;183;696;696;8.73;0.54;99.86;5.01;502;0;197.00;0
196;0;623803584;196;185;698;699;8.63;0.53;100.83;5.00;502;0;198.00;1
199;0;623803590;199;191;698;699;8.45;0.52;101.13;5.00;499;0;199.00;1
201;0;623803598;201;193;699;699;8.32;0.51;100.68;4.99;498;0;200.00;0
204;0;623803609;204;201;699;699;8.17;0.50;99.87;4.99;495;0;201.00;0
206;0;623803615;206;209;705;705;8.05;0.49;100.02;4.96;499;0;202.00;0
210;0;623803622;210;215;705;705;7.84;0.48;99.43;4.96;495;0;203.00;0
210;0;623803628;210;223;705;705;7.69;0.47;99.43;4.96;495;0;204.00;0
213;0;623803634;213;230;705;705;7.52;0.46;99.62;4.96;492;0;205.00;0
214;0;623803640;214;235;709;709;7.47;0.46;99.44;4.94;495;0;206.00;0
214;0;623803646;214;239;710;710;7.34;0.45;99.44;4.93;496;0;207.00;0
215;0;623803652;215;243;710;710;7.20;0.44;99.52;4.93;495;0;208.00;0
215;0;623803657;215;247;711;711;7.09;0.43;99.52;4.92;496;0;209.00;0
218;0;623803664;218;252;711;711;6.89;0.42;98.65;4.92;493;0;210.00;0
218;0;623803669;218;258;711;711;6.73;0.41;98.65;4.92;493;0;211.00;0
219;0;623803675;219;263;711;711;6.55;0.40;98.97;4.92;492;0;212.00;0
220;0;623803680;220;269;711;711;6.41;0.39;99.07;4.92;491;0;213.00;0
220;0;623803685;220;276;711;711;6.29;0.39;99.07;4.92;491;0;214.00;0
220;0;623803690;220;278;711;711;6.20;0.38;99.07;4.92;491;0;215.00;0
220;0;623803695;220;294;754;781;6.42;0.40;99.07;4.64;534;0;216.00;27
221;0;623803706;221;277;756;782;6.38;0.40;99.17;4.63;535;0;217.00;26
221;0;623803712;221;267;762;782;6.55;0.41;99.17;4.61;541;0;218.00;20
223;0;623803719;223;249;763;782;6.61;0.41;99.96;4.61;540;0;219.00;19
224;0;623803725;224;243;765;782;6.77;0.42;100.50;4.61;541;0;220.00;17
224;0;623803731;224;236;768;782;6.95;0.43;100.50;4.61;544;0;221.00;14
225;0;623803737;225;232;770;782;7.05;0.44;100.67;4.61;545;0;222.00;12
226;0;623803744;226;230;772;782;7.18;0.44;101.20;4.62;546;0;223.00;10
230;0;623803750;230;229;773;783;7.25;0.44;103.30;4.62;543;0;224.00;10
230;0;623803758;230;229;776;785;7.35;0.45;103.30;4.63;546;0;225.00;9
230;0;623803764;230;217;778;785;7.57;0.47;103.30;4.64;548;0;226.00;7
233;0;623803772;233;207;783;789;7.76;0.47;104.82;4.63;550;0;227.00;6
234;0;623803779;234;200;785;789;8.01;0.49;105.32;4.65;551;0;228.00;4
234;0;623803787;234;194;787;789;8.27;0.51;105.32;4.66;553;0;229.00;2
236;1;623803793;236;184;788;789;8.57;0.52;106.20;4.67;552;1;230.00;1
239;1;623803820;239;181;794;795;8.79;0.54;106.63;4.65;555;1;231.00;1
241;1;623803829;241;177;795;795;8.99;0.55;106.39;4.65;554;1;232.00;0
242;1;623803837;242;171;795;795;9.28;0.56;106.59;4.65;553;1;233.00;0
244;1;623803845;244;163;797;798;9.57;0.58;106.86;4.64;553;1;234.00;1
245;1;623803853;245;162;797;798;9.79;0.60;107.33;4.64;552;1;235.00;1
246;1;623803861;246;160;798;798;10.03;0.61;107.46;4.64;552;1;236.00;0
247;1;623803869;247;156;799;799;10.16;0.62;107.49;4.63;552;1;237.00;0
251;1;623803876;251;147;800;800;10.31;0.63;108.41;4.63;549;1;238.00;0
254;1;623803884;254;146;800;800;10.39;0.63;109.32;4.63;546;1;239.00;0
255;1;623803894;255;150;825;826;10.36;0.63;109.82;4.49;570;1;240.00;1
255;1;623803903;255;139;825;826;10.48;0.64;109.82;4.49;570;1;241.00;1
257;1;623803911;257;132;826;826;10.52;0.64;109.73;4.48;569;1;242.00;0
259;1;623803925;259;131;827;827;10.67;0.65;109.84;4.48;568;1;243.00;0
260;1;623803933;260;124;827;827;10.84;0.66;110.35;4.48;567;1;244.00;0
262;1;623803941;262;122;831;831;10.98;0.67;110.41;4.46;569;1;245.00;0
266;1;623803949;266;117;831;831;11.06;0.68;111.51;4.46;565;1;246.00;0
270;1;623803955;270;115;835;835;11.09;0.68;112.00;4.45;565;1;247.00;0
273;1;623803963;273;112;835;835;11.23;0.68;112.66;4.45;562;1;248.00;0
275;1;623803971;275;114;835;835;11.41;0.69;112.91;4.45;560;1;249.00;0
278;1;623803978;278;112;835;835;11.57;0.70;113.32;4.45;557;1;250.00;0
281;1;623803985;281;107;835;835;11.61;0.70;113.73;4.45;554;1;251.00;0
281;1;623803993;281;106;846;847;11.71;0.71;113.73;4.39;565;1;252.00;1
284;1;623804000;284;103;846;847;11.74;0.71;114.25;4.39;562;1;253.00;1
286;1;623804008;286;105;847;847;11.87;0.72;114.98;4.38;561;1;254.00;0
288;1;623804016;288;104;847;847;11.95;0.73;115.34;4.38;559;1;255.00;0
289;1;623804023;289;107;847;847;12.07;0.73;115.58;4.38;558;1;256.00;0
291;1;623804030;291;109;847;847;11.97;0.73;116.15;4.38;556;1;257.00;0
292;1;623804037;292;112;848;848;11.99;0.73;116.59;4.38;556;1;258.00;0
293;1;623804044;293;111;848;848;12.01;0.73;116.61;4.38;555;1;259.00;0
293;1;623804051;293;113;854;854;12.09;0.73;116.61;4.36;561;1;260.00;0
296;1;623804058;296;111;855;855;12.21;0.74;117.11;4.35;559;1;261.00;0
296;1;623804066;296;113;855;855;12.26;0.74;117.11;4.35;559;1;262.00;0
296;1;623804073;296;113;855;855;12.21;0.74;117.11;4.35;559;1;263.00;0
297;1;623804080;297;115;859;859;12.20;0.74;117.12;4.33;562;1;264.00;0
299;1;623804088;299;114;859;859;12.18;0.74;117.02;4.33;560;1;265.00;0
303;1;623804102;303;115;859;859;12.16;0.74;117.96;4.33;556;1;266.00;0
305;1;623804110;305;116;860;860;12.21;0.74;118.16;4.33;555;1;267.00;0
308;1;623804117;308;118;864;864;12.12;0.74;118.83;4.31;556;1;268.00;0
312;1;623804124;312;114;864;864;12.11;0.73;119.98;4.31;552;1;269.00;0
314;1;623804133;314;112;868;870;12.12;0.74;119.87;4.29;554;1;270.00;2
317;1;623804141;317;108;868;870;12.15;0.74;120.24;4.29;551;1;271.00;2
319;1;623804148;319;104;870;870;12.14;0.74;120.40;4.29;551;1;272.00;0
327;1;623804156;327;100;870;870;12.06;0.73;121.82;4.29;543;1;273.00;0
327;1;623804164;327;101;874;874;12.10;0.73;121.82;4.27;547;1;274.00;0
329;2;623804171;329;98;874;874;12.11;0.73;121.96;4.27;545;2;275.00;0
330;2;623804185;330;97;874;874;12.12;0.73;121.99;4.27;544;2;276.00;0
333;2;623804192;333;90;874;874;12.17;0.74;122.03;4.27;541;2;277.00;0
339;2;623804199;339;87;875;875;12.17;0.74;123.25;4.27;536;2;278.00;0
341;2;623804207;341;84;876;876;12.25;0.74;123.32;4.26;535;2;279.00;0
344;2;623804219;344;78;876;876;12.27;0.74;123.56;4.26;532;2;280.00;0
345;2;623804229;345;76;877;877;12.32;0.75;123.39;4.26;532;2;281.00;0
346;2;623804240;346;69;877;877;12.34;0.75;123.23;4.26;531;2;282.00;0
350;2;623804250;350;73;877;877;12.42;0.75;123.49;4.26;527;2;283.00;0
351;2;623804263;351;73;877;877;12.49;0.76;123.90;4.26;526;2;284.00;0
351;2;623804273;351;75;877;877;12.59;0.76;123.90;4.26;526;2;285.00;0
351;2;623804283;351;74;877;877;12.67;0.77;123.90;4.26;526;2;286.00;0
351;2;623804293;351;75;877;877;12.69;0.77;123.90;4.26;526;2;287.00;0
353;2;623804302;353;91;949;1004;12.20;0.75;124.20;3.94;596;2;288.00;55
354;2;623804337;354;83;953;1005;12.16;0.75;124.25;3.93;599;2;289.00;52
357;2;623804348;357;82;961;1005;12.17;0.75;124.78;3.91;604;2;290.00;44
359;2;623804357;359;88;965;1005;12.06;0.74;125.65;3.91;606;2;291.00;40
359;2;623804365;359;90;969;1005;12.05;0.74;125.65;3.91;610;2;292.00;36
359;2;623804379;359;91;970;1005;12.03;0.74;125.65;3.91;611;2;293.00;35
362;2;623804387;362;92;973;1005;11.89;0.73;126.03;3.92;611;2;294.00;32
362;2;623804398;362;93;975;1005;11.91;0.73;126.03;3.92;613;2;295.00;30
363;2;623804407;363;94;978;1006;11.88;0.73;125.83;3.93;615;2;296.00;28
365;2;623804416;365;101;982;1007;11.88;0.73;125.84;3.96;617;2;297.00;25
366;2;623804425;366;107;984;1007;11.76;0.72;125.90;3.97;618;2;298.00;23
366;2;623804433;366;109;988;1008;11.66;0.71;125.90;4.00;622;2;299.00;20
367;2;623804445;367;109;992;1014;11.45;0.70;126.36;4.00;625;2;300.00;22
369;2;623804458;369;111;993;1014;11.32;0.70;126.14;4.01;624;2;301.00;21
370;2;623804467;370;114;1001;1014;11.16;0.69;126.30;4.09;631;2;302.00;13
372;2;623804476;372;121;1004;1018;11.07;0.68;126.09;4.09;632;2;303.00;14
372;2;623804485;372;128;1004;1018;10.97;0.68;126.09;4.09;632;2;304.00;14
373;2;623804494;373;137;1007;1018;10.72;0.66;125.79;4.12;634;2;305.00;11
374;2;623804503;374;143;1010;1021;10.62;0.65;125.79;4.12;636;2;306.00;11
377;2;623804511;377;148;1010;1021;10.53;0.65;126.19;4.12;633;2;307.00;11
381;2;623804520;381;152;1012;1021;10.32;0.64;126.63;4.14;631;2;308.00;9
381;2;623804528;381;159;1015;1025;10.17;0.63;126.63;4.13;634;2;309.00;10
382;2;623804536;382;167;1018;1026;10.03;0.62;126.72;4.13;636;2;310.00;8
387;2;623804543;387;174;1019;1026;9.84;0.61;127.97;4.14;632;2;311.00;7
388;2;623804552;388;179;1024;1030;9.80;0.60;128.43;4.13;636;2;312.00;6
389;2;623804560;389;180;1025;1030;9.69;0.60;128.86;4.13;636;2;313.00;5
389;2;623804568;389;186;1026;1030;9.56;0.59;128.86;4.15;637;2;314.00;4
390;2;623804575;390;191;1030;1032;9.45;0.58;129.34;4.18;640;2;315.00;2
393;2;623804597;393;191;1030;1032;9.32;0.58;129.44;4.18;637;2;316.00;2
395;2;623804611;395;196;1036;1038;9.21;0.57;130.31;4.19;641;2;317.00;2
395;2;623804620;395;200;1037;1038;9.06;0.56;130.31;4.18;642;2;318.00;1
399;2;623804628;399;196;1038;1039;8.98;0.56;130.23;4.18;639;2;319.00;1
400;2;623804635;400;199;1038;1039;8.92;0.55;130.41;4.18;638;2;320.00;1
401;2;623804644;401;203;1038;1039;8.87;0.55;130.43;4.18;637;2;321.00;1
409;2;623804651;409;202;1039;1039;8.78;0.54;131.84;4.19;630;2;322.00;0
411;2;623804660;411;203;1039;1039;8.71;0.54;132.05;4.19;628;2;323.00;0
414;2;623804668;414;209;1050;1051;8.72;0.54;132.78;4.15;636;2;324.00;1
420;2;623804677;420;211;1050;1051;8.66;0.53;133.61;4.15;630;2;325.00;1
421;2;623804684;421;218;1051;1051;8.66;0.53;134.02;4.14;630;2;326.00;0
423;2;623804692;423;217;1051;1051;8.76;0.54;134.59;4.14;628;2;327.00;0
426;2;623804699;426;219;1051;1051;8.78;0.54;134.74;4.14;625;2;328.00;0
428;2;623804706;428;225;1051;1051;8.79;0.54;135.21;4.14;623;2;329.00;0
431;2;623804715;431;226;1055;1055;8.76;0.54;135.03;4.13;624;2;330.00;0
434;2;623804723;434;225;1055;1055;8.75;0.54;135.31;4.13;621;2;331.00;0
438;2;623804730;438;228;1059;1059;8.70;0.53;135.79;4.12;621;2;332.00;0
440;2;623804738;440;232;1060;1060;8.59;0.53;136.14;4.12;620;2;333.00;0
443;2;623804746;443;239;1060;1060;8.45;0.52;136.94;4.12;617;2;334.00;0
447;2;623804752;447;243;1060;1060;8.30;0.51;137.41;4.12;613;2;335.00;0
451;2;623804759;451;247;1073;1073;8.12;0.50;138.44;4.07;622;2;336.00;0
457;2;623804768;457;251;1073;1073;7.89;0.48;138.63;4.07;616;2;337.00;0
461;2;623804774;461;257;1073;1073;7.68;0.47;139.79;4.07;612;2;338.00;0
465;2;623804781;465;260;1074;1074;7.46;0.46;140.96;4.06;609;2;339.00;0
467;2;623804787;467;256;1075;1075;7.31;0.45;141.49;4.06;608;2;340.00;0
471;2;623804794;471;258;1075;1075;7.15;0.44;142.13;4.06;604;2;341.00;0
473;2;623804800;473;253;1078;1078;7.13;0.44;142.48;4.05;605;2;342.00;0
476;2;623804807;476;252;1078;1078;7.09;0.44;142.98;4.05;602;2;343.00;0
481;2;623804814;481;249;1078;1078;7.05;0.44;143.31;4.05;597;2;344.00;0
483;2;623804820;483;245;1078;1078;7.08;0.44;143.50;4.05;595;2;345.00;0
487;2;623804827;487;245;1084;1084;7.15;0.44;143.45;4.03;597;2;346.00;0
492;2;623804833;492;235;1084;1084;7.04;0.43;144.02;4.03;592;2;347.00;0
493;2;623804840;493;235;1084;1084;7.01;0.43;144.14;4.03;591;2;348.00;0
497;2;623804846;497;238;1084;1084;6.92;0.43;144.14;4.03;587;2;349.00;0
498;2;623804853;498;238;1088;1088;6.86;0.42;144.37;4.02;590;2;350.00;0
499;2;623804859;499;238;1089;1089;6.85;0.42;144.20;4.02;590;2;351.00;0
502;2;623804865;502;235;1089;1089;6.74;0.41;143.80;4.02;587;2;352.00;0
502;2;623804872;502;240;1090;1090;6.74;0.42;143.80;4.02;588;2;353.00;0
505;2;623804879;505;243;1090;1090;6.76;0.42;144.28;4.02;585;2;354.00;0
506;2;623804886;506;244;1090;1090;6.79;0.42;144.08;4.02;584;2;355.00;0
509;2;623804893;509;247;1090;1090;6.75;0.42;143.92;4.02;581;2;356.00;0
511;2;623804900;511;255;1090;1090;6.66;0.41;143.68;4.02;579;2;357.00;0
513;2;623804907;513;262;1090;1090;6.60;0.41;143.99;4.02;577;2;358.00;0
516;2;623804913;516;261;1090;1090;6.53;0.40;143.84;4.02;574;2;359.00;0
517;2;623804921;517;274;1153;1215;7.10;0.45;143.63;3.80;636;2;360.00;62
519;2;623804939;519;272;1160;1216;7.12;0.45;143.57;3.78;641;2;361.00;56
520;2;623804947;520;276;1172;1216;7.24;0.45;143.53;3.76;652;2;362.00;44
522;2;623804954;522;280;1177;1216;7.21;0.45;143.66;3.76;655;2;363.00;39
523;2;623804961;523;283;1185;1216;7.19;0.45;143.53;3.76;662;2;364.00;31
524;2;623804969;524;284;1187;1216;7.15;0.44;143.61;3.76;663;2;365.00;29
526;2;623804977;526;284;1195;1216;7.08;0.44;143.88;3.78;669;2;366.00;21
527;2;623804985;527;288;1201;1216;7.02;0.44;143.96;3.79;674;2;367.00;15
529;2;623804992;529;291;1205;1217;6.91;0.43;143.81;3.81;676;2;368.00;12
531;2;623805000;531;291;1210;1218;6.76;0.42;143.84;3.83;679;2;369.00;8
533;2;623805008;533;301;1213;1218;6.65;0.41;144.05;3.83;680;2;370.00;5
536;2;623805017;536;289;1217;1222;6.57;0.41;144.12;3.82;681;2;371.00;5
539;2;623805025;539;279;1218;1222;6.52;0.40;144.41;3.83;679;2;372.00;4
541;2;623805034;541;276;1218;1222;6.53;0.40;144.20;3.83;677;2;373.00;4
541;2;623805048;541;282;1219;1222;6.52;0.40;144.20;3.84;678;2;374.00;3
543;2;623805057;543;284;1224;1228;6.47;0.40;144.76;3.82;681;2;375.00;4
544;2;623805066;544;286;1226;1228;6.50;0.40;144.92;3.83;682;2;376.00;2
546;3;623805074;546;289;1226;1228;6.59;0.40;144.83;3.83;680;3;377.00;2
546;3;623805104;546;291;1228;1231;6.72;0.41;144.83;3.83;682;3;378.00;3
546;3;623805114;546;293;1229;1231;6.81;0.42;144.83;3.84;683;3;379.00;2
546;3;623805122;546;293;1229;1231;6.88;0.42;144.83;3.84;683;3;380.00;2
546;4;623805130;546;290;1231;1232;6.96;0.43;144.83;3.85;685;4;381.00;1
548;4;623805152;548;289;1232;1233;7.05;0.43;145.06;3.85;684;4;382.00;1
548;4;623805167;548;291;1233;1233;7.08;0.43;145.06;3.85;685;4;383.00;0
548;4;623805181;548;294;1245;1246;7.26;0.44;145.06;3.81;697;4;384.00;1
552;4;623805191;552;287;1245;1246;7.32;0.45;144.47;3.81;693;4;385.00;1
554;4;623805199;554;286;1246;1246;7.36;0.45;144.71;3.81;692;4;386.00;0
555;4;623805216;555;272;1247;1247;7.43;0.45;144.50;3.81;692;4;387.00;0
556;4;623805226;556;259;1247;1247;7.54;0.46;144.61;3.81;691;4;388.00;0
557;4;623805235;557;247;1251;1251;7.69;0.47;145.03;3.80;694;4;389.00;0
559;4;623805248;559;237;1251;1251;7.81;0.47;145.10;3.80;692;4;390.00;0
560;4;623805257;560;235;1255;1255;7.85;0.48;145.10;3.79;695;4;391.00;0
562;4;623805266;562;227;1255;1255;7.92;0.48;145.10;3.79;693;4;392.00;0
565;4;623805275;565;223;1255;1255;8.02;0.49;146.08;3.79;690;4;393.00;0
566;4;623805285;566;224;1255;1255;8.15;0.49;146.05;3.79;689;4;394.00;0
567;4;623805293;567;223;1255;1255;8.20;0.50;146.10;3.79;688;4;395.00;0
570;4;623805302;570;206;1265;1267;8.40;0.51;146.16;3.76;695;4;396.00;2
571;4;623805312;571;190;1265;1267;8.63;0.52;146.36;3.76;694;4;397.00;2
572;4;623805327;572;183;1267;1267;8.85;0.54;146.29;3.76;695;4;398.00;0
574;4;623805337;574;171;1267;1267;9.08;0.55;146.42;3.76;693;4;399.00;0
575;4;623805347;575;159;1267;1267;9.33;0.57;146.86;3.76;692;4;400.00;0
575;4;623805360;575;158;1267;1267;9.62;0.59;146.86;3.76;692;4;401.00;0
577;4;623805369;577;149;1268;1268;9.81;0.60;147.17;3.75;691;4;402.00;0
581;4;623805379;581;144;1268;1268;9.99;0.61;147.93;3.75;687;4;403.00;0
581;4;623805389;581;135;1274;1274;10.18;0.62;147.93;3.74;693;4;404.00;0
584;4;623805399;584;133;1276;1276;10.33;0.63;148.39;3.74;692;4;405.00;0
585;4;623805409;585;127;1276;1276;10.47;0.64;148.27;3.74;691;4;406.00;0
588;4;623805418;588;125;1276;1276;10.64;0.65;149.04;3.74;688;4;407.00;0
593;4;623805427;593;119;1280;1280;10.71;0.65;149.49;3.72;687;4;408.00;0
597;4;623805437;597;115;1280;1280;10.84;0.66;150.48;3.72;683;4;409.00;0
600;4;623805452;600;117;1280;1280;10.93;0.67;150.78;3.72;680;4;410.00;0
601;4;623805461;601;117;1281;1281;11.08;0.67;150.86;3.72;680;4;411.00;0
603;4;623805471;603;122;1285;1285;11.13;0.68;151.47;3.71;682;4;412.00;0
604;4;623805481;604;123;1285;1285;11.24;0.68;151.85;3.71;681;4;413.00;0
607;4;623805490;607;120;1287;1288;11.32;0.69;152.47;3.71;680;4;414.00;1
610;4;623805503;610;118;1287;1288;11.49;0.70;153.45;3.71;677;4;415.00;1
611;4;623805513;611;116;1288;1288;11.61;0.71;153.54;3.71;677;4;416.00;0
614;4;623805523;614;118;1288;1288;11.65;0.71;154.15;3.71;674;4;417.00;0
617;4;623805532;617;115;1292;1292;11.73;0.71;154.73;3.70;675;4;418.00;0
617;4;623805542;617;110;1292;1292;11.78;0.72;154.73;3.70;675;4;419.00;0
619;4;623805553;619;107;1292;1292;11.82;0.72;155.50;3.70;673;4;420.00;0
619;4;623805563;619;103;1292;1292;11.93;0.73;155.50;3.70;673;4;421.00;0
621;4;623805571;621;98;1293;1293;11.96;0.73;156.01;3.70;672;4;422.00;0
624;4;623805580;624;99;1294;1294;12.01;0.73;156.34;3.69;670;4;423.00;0
630;4;623805590;630;103;1294;1294;12.00;0.73;156.84;3.69;664;4;424.00;0
634;4;623805600;634;102;1295;1295;12.16;0.74;158.01;3.69;661;4;425.00;0
636;4;623805610;636;100;1295;1295;12.21;0.74;158.23;3.69;659;4;426.00;0
637;4;623805619;637;95;1295;1295;12.25;0.75;158.37;3.69;658;4;427.00;0
641;4;623805628;641;94;1295;1295;12.37;0.75;158.55;3.69;654;4;428.00;0
645;4;623805637;645;91;1295;1295;12.51;0.76;159.56;3.69;650;4;429.00;0
648;5;623805646;648;92;1295;1295;12.63;0.77;159.77;3.69;647;5;430.00;0
652;5;623805666;652;93;1295;1295;12.69;0.77;160.50;3.69;643;5;431.00;0
655;5;623805676;655;123;1375;1422;12.01;0.74;160.65;3.48;720;5;432.00;47
661;5;623805695;661;111;1375;1423;12.10;0.75;160.97;3.48;714;5;433.00;48
666;5;623805704;666;102;1380;1423;12.24;0.75;161.55;3.47;714;5;434.00;43
669;5;623805714;669;98;1382;1423;12.40;0.76;162.28;3.47;713;5;435.00;41
670;5;623805723;670;95;1387;1423;12.47;0.77;162.46;3.47;717;5;436.00;36
675;5;623805732;675;102;1389;1423;12.49;0.77;163.23;3.48;714;5;437.00;34
683;5;623805742;683;104;1392;1423;12.52;0.77;164.55;3.48;709;5;438.00;31
687;5;623805751;687;108;1395;1423;12.55;0.77;164.52;3.49;708;5;439.00;28
693;5;623805761;693;112;1398;1424;12.48;0.76;165.10;3.50;705;5;440.00;26
697;5;623805776;697;113;1401;1425;12.43;0.76;165.56;3.51;704;5;441.00;24
700;5;623805786;700;112;1403;1425;12.39;0.76;165.51;3.52;703;5;442.00;22
705;5;623805795;705;108;1407;1426;12.30;0.75;166.21;3.54;702;5;443.00;19
707;5;623805804;707;107;1407;1426;12.28;0.75;166.69;3.54;700;5;444.00;19
711;5;623805815;711;104;1410;1426;12.22;0.75;167.16;3.56;699;5;445.00;16
714;5;623805824;714;102;1411;1426;12.13;0.74;167.61;3.57;697;5;446.00;15
716;5;623805834;716;107;1415;1430;12.01;0.74;167.94;3.58;699;5;447.00;15
717;5;623805849;717;104;1418;1430;12.01;0.73;168.11;3.60;701;5;448.00;12
722;5;623805858;722;109;1419;1430;11.97;0.73;169.28;3.60;697;5;449.00;11
725;5;623805869;725;109;1423;1436;11.95;0.73;169.67;3.61;698;5;450.00;13
727;5;623805885;727;109;1425;1436;11.96;0.73;169.44;3.63;698;5;451.00;11
731;5;623805894;731;110;1426;1436;11.96;0.73;169.46;3.63;695;5;452.00;10
732;5;623805904;732;105;1431;1440;11.96;0.73;169.61;3.64;699;5;453.00;9
735;5;623805913;735;105;1433;1441;12.02;0.73;169.78;3.64;698;5;454.00;8
738;5;623805923;738;106;1434;1441;12.02;0.73;169.61;3.65;696;5;455.00;7
743;5;623805932;743;103;1437;1445;12.07;0.74;170.01;3.64;694;5;456.00;8
747;5;623805942;747;108;1438;1445;12.07;0.74;169.71;3.64;691;5;457.00;7
751;5;623805952;751;109;1438;1445;12.15;0.74;170.08;3.64;687;5;458.00;7
752;5;623805961;752;106;1439;1446;12.15;0.74;170.08;3.64;687;5;459.00;7
758;5;623805971;758;109;1439;1446;12.16;0.74;170.24;3.64;681;5;460.00;7
760;5;623805981;760;113;1445;1452;12.12;0.74;170.37;3.67;685;5;461.00;7
764;5;623805990;764;115;1445;1452;12.03;0.73;170.35;3.67;681;5;462.00;7
765;5;623805998;765;117;1445;1453;11.90;0.73;170.41;3.67;680;5;463.00;8
767;5;623806007;767;124;1447;1453;11.81;0.72;170.39;3.70;680;5;464.00;6
769;5;623806019;769;127;1447;1453;11.74;0.72;170.31;3.70;678;5;465.00;6
770;5;623806028;770;127;1448;1453;11.59;0.71;170.32;3.70;678;5;466.00;5
772;5;623806036;772;128;1448;1453;11.48;0.70;170.78;3.70;676;5;467.00;5
774;5;623806045;774;133;1458;1465;11.44;0.70;170.94;3.68;684;5;468.00;7
777;5;623806054;777;140;1458;1465;11.29;0.69;170.73;3.68;681;5;469.00;7
783;5;623806063;783;147;1461;1465;11.16;0.68;170.74;3.70;678;5;470.00;4
784;5;623806072;784;150;1461;1465;11.12;0.68;170.84;3.70;677;5;471.00;4
786;5;623806080;786;155;1461;1465;11.10;0.68;171.13;3.70;675;5;472.00;4
788;5;623806089;788;161;1462;1465;11.04;0.67;171.25;3.71;674;5;473.00;3
788;5;623806097;788;162;1465;1469;11.00;0.67;171.25;3.70;677;5;474.00;4
790;5;623806106;790;174;1466;1469;10.97;0.67;171.35;3.71;676;5;475.00;3
795;5;623806114;795;179;1471;1473;10.94;0.67;171.45;3.71;676;5;476.00;2
798;5;623806124;798;189;1473;1474;10.93;0.67;171.15;3.71;675;5;477.00;1
799;5;623806132;799;193;1474;1474;10.86;0.66;171.08;3.71;675;5;478.00;0
802;5;623806140;802;195;1474;1474;10.77;0.66;170.77;3.71;672;5;479.00;0
804;5;623806150;804;199;1495;1500;10.61;0.65;170.55;3.66;691;5;480.00;5
805;5;623806160;805;194;1495;1500;10.49;0.64;170.55;3.66;690;5;481.00;5
808;5;623806169;808;198;1498;1500;10.45;0.64;170.64;3.66;690;5;482.00;2
809;5;623806177;809;205;1501;1501;10.39;0.64;170.67;3.66;692;5;483.00;0
812;5;623806185;812;208;1502;1502;10.26;0.63;170.65;3.65;690;5;484.00;0
812;5;623806194;812;211;1502;1502;10.15;0.62;170.65;3.65;690;5;485.00;0
812;5;623806202;812;216;1504;1505;10.01;0.61;170.65;3.65;692;5;486.00;1
813;5;623806210;813;222;1504;1505;9.89;0.61;170.69;3.65;691;5;487.00;1
818;5;623806222;818;236;1505;1505;9.79;0.60;170.57;3.65;687;5;488.00;0
821;5;623806234;821;233;1505;1505;9.67;0.59;170.38;3.65;684;5;489.00;0
822;5;623806250;822;231;1511;1511;9.61;0.59;170.24;3.64;689;5;490.00;0
826;5;623806262;826;229;1511;1511;9.42;0.57;170.07;3.64;685;5;491.00;0
827;5;623806276;827;226;1511;1511;9.21;0.56;169.96;3.64;684;5;492.00;0
828;5;623806288;828;230;1511;1511;9.06;0.55;169.83;3.64;683;5;493.00;0
830;5;623806300;830;230;1515;1515;8.83;0.54;169.74;3.63;685;5;494.00;0
833;5;623806312;833;232;1517;1517;8.68;0.53;169.44;3.63;684;5;495.00;0
834;5;623806324;834;237;1517;1517;8.64;0.53;169.28;3.63;683;5;496.00;0
836;5;623806334;836;245;1518;1518;8.54;0.52;169.12;3.62;682;5;497.00;0
838;5;623806343;838;248;1518;1518;8.50;0.52;168.97;3.62;680;5;498.00;0
840;5;623806351;840;250;1518;1518;8.45;0.52;169.15;3.62;678;5;499.00;0
843;5;623806361;843;253;1518;1518;8.40;0.51;169.02;3.62;675;5;500.00;0
844;5;623806373;844;252;1518;1518;8.31;0.51;169.07;3.62;674;5;501.00;0
848;5;623806381;848;253;1518;1518;8.16;0.50;169.15;3.62;670;5;502.00;0
849;5;623806389;849;253;1518;1518;8.03;0.49;169.12;3.62;669;5;503.00;0
854;5;623806396;854;261;1560;1588;8.02;0.49;169.77;3.53;706;5;504.00;28
856;5;623806410;856;261;1563;1589;7.90;0.48;169.75;3.52;707;5;505.00;26
859;5;623806418;859;262;1570;1589;7.79;0.48;170.25;3.51;711;5;506.00;19
866;5;623806425;866;263;1572;1589;7.61;0.46;170.29;3.51;706;5;507.00;17
868;5;623806433;868;266;1573;1589;7.47;0.46;170.87;3.51;705;5;508.00;16
870;5;623806440;870;271;1575;1589;7.36;0.45;171.33;3.52;705;5;509.00;14
874;5;623806449;874;259;1575;1589;7.32;0.45;171.44;3.52;701;5;510.00;14
878;5;623806457;878;254;1578;1589;7.35;0.45;171.78;3.52;700;5;511.00;11
881;5;623806464;881;250;1579;1590;7.39;0.45;171.91;3.53;698;5;512.00;11
881;5;623806472;881;249;1581;1591;7.43;0.46;171.91;3.53;700;5;513.00;10
882;5;623806480;882;245;1584;1591;7.45;0.46;172.20;3.54;702;5;514.00;7
884;5;623806488;884;250;1591;1595;7.43;0.46;172.52;3.55;707;5;515.00;4
886;5;623806500;886;255;1593;1595;7.45;0.46;172.78;3.56;707;5;516.00;2
889;5;623806510;889;256;1595;1595;7.42;0.46;172.93;3.56;706;5;517.00;0
890;5;623806519;890;254;1595;1595;7.47;0.46;173.15;3.56;705;5;518.00;0
892;5;623806526;892;256;1600;1601;7.58;0.47;173.42;3.56;708;5;519.00;1
894;5;623806535;894;259;1601;1601;7.67;0.47;174.08;3.56;707;5;520.00;0
896;5;623806543;896;257;1601;1601;7.72;0.47;174.04;3.56;705;5;521.00;0
900;5;623806552;900;258;1603;1604;7.71;0.47;174.12;3.55;703;5;522.00;1
903;5;623806560;903;241;1604;1604;7.67;0.47;174.56;3.55;701;5;523.00;0
905;5;623806568;905;229;1604;1604;7.69;0.47;174.68;3.55;699;5;524.00;0
910;5;623806576;910;225;1605;1605;7.64;0.47;175.20;3.55;695;5;525.00;0
913;5;623806585;913;224;1606;1606;7.73;0.47;175.34;3.55;693;5;526.00;0
916;5;623806594;916;227;1606;1606;7.79;0.48;175.53;3.55;690;5;527.00;0
923;5;623806603;923;220;1619;1619;7.94;0.48;175.95;3.52;696;5;528.00;0
926;5;623806613;926;218;1619;1619;7.98;0.49;175.95;3.52;693;5;529.00;0
929;5;623806634;929;219;1619;1619;8.03;0.49;175.93;3.52;690;5;530.00;0
934;5;623806644;934;220;1620;1620;8.06;0.49;176.21;3.52;686;5;531.00;0
939;5;623806653;939;224;1620;1620;8.09;0.49;176.49;3.52;681;5;532.00;0
940;5;623806663;940;220;1624;1624;8.20;0.50;176.52;3.51;684;5;533.00;0
943;5;623806682;943;224;1624;1624;8.14;0.50;176.69;3.51;681;5;534.00;0
947;5;623806692;947;223;1628;1628;8.17;0.50;177.02;3.50;681;5;535.00;0
949;5;623806702;949;222;1628;1628;8.20;0.50;177.07;3.50;679;5;536.00;0
952;5;623806711;952;219;1628;1628;8.13;0.50;177.15;3.50;676;5;537.00;0
956;5;623806720;956;217;1628;1628;8.15;0.50;177.66;3.50;672;5;538.00;0
958;5;623806730;958;218;1628;1628;8.15;0.50;178.08;3.50;670;5;539.00;0
961;5;623806741;961;222;1658;1662;8.25;0.51;178.25;3.44;697;5;540.00;4
962;5;623806753;962;214;1658;1662;8.29;0.51;178.55;3.44;696;5;541.00;4
966;5;623806762;966;214;1661;1662;8.37;0.51;178.69;3.44;695;5;542.00;1
968;5;623806772;968;219;1661;1662;8.38;0.51;178.81;3.44;693;5;543.00;1
970;5;623806780;970;216;1662;1662;8.39;0.51;179.06;3.44;692;5;544.00;0
974;5;623806789;974;217;1662;1662;8.41;0.51;179.32;3.44;688;5;545.00;0
981;5;623806798;981;220;1663;1663;8.34;0.51;179.32;3.44;682;5;546.00;0
985;5;623806807;985;221;1663;1663;8.32;0.51;179.29;3.44;678;5;547.00;0
987;6;623806818;987;219;1669;1669;8.37;0.51;179.55;3.43;682;6;548.00;0
989;6;623806838;989;222;1670;1670;8.34;0.51;179.57;3.43;681;6;549.00;0
993;6;623806854;993;225;1670;1670;8.30;0.51;179.87;3.43;677;6;550.00;0
996;6;623806865;996;227;1670;1670;8.35;0.51;179.89;3.43;674;6;551.00;0
1000;6;623806874;1000;232;1674;1674;8.42;0.51;180.23;3.42;674;6;552.00;0
1002;6;623806884;1002;231;1674;1674;8.52;0.52;180.51;3.42;672;6;553.00;0
1002;6;623806894;1002;231;1674;1674;8.56;0.52;180.51;3.42;672;6;554.00;0
1003;6;623806903;1003;231;1675;1675;8.64;0.53;180.64;3.42;672;6;555.00;0
1007;6;623806913;1007;230;1679;1679;8.69;0.53;180.87;3.41;672;6;556.00;0
1009;6;623806922;1009;217;1679;1679;8.84;0.54;180.97;3.41;670;6;557.00;0
1010;6;623806932;1010;209;1681;1682;9.02;0.55;181.13;3.41;671;6;558.00;1
1013;6;623806942;1013;203;1681;1682;9.14;0.56;181.18;3.41;668;6;559.00;1
1018;6;623806951;1018;199;1682;1682;9.22;0.56;181.32;3.41;664;6;560.00;0
1022;6;623806961;1022;193;1682;1682;9.34;0.57;181.48;3.41;660;6;561.00;0
1025;6;623806971;1025;194;1686;1686;9.45;0.58;181.73;3.40;661;6;562.00;0
1028;6;623806981;1028;189;1686;1686;9.57;0.58;182.02;3.40;658;6;563.00;0
1032;6;623806991;1032;189;1686;1686;9.65;0.59;182.13;3.40;654;6;564.00;0
1036;6;623807007;1036;190;1686;1686;9.74;0.59;182.30;3.40;650;6;565.00;0
1039;6;623807017;1039;174;1687;1687;9.83;0.60;182.82;3.40;648;6;566.00;0
1041;6;623807028;1041;161;1688;1688;9.95;0.60;182.94;3.40;647;6;567.00;0
1043;6;623807039;1043;153;1688;1688;10.07;0.61;183.19;3.40;645;6;568.00;0
1045;6;623807056;1045;143;1689;1689;10.27;0.62;183.18;3.39;644;6;569.00;0
1046;6;623807069;1046;142;1689;1689;10.42;0.63;183.37;3.39;643;6;570.00;0
1048;6;623807079;1048;141;1689;1689;10.52;0.64;183.56;3.39;641;6;571.00;0
1048;6;623807089;1048;139;1689;1689;10.64;0.65;183.56;3.39;641;6;572.00;0
1049;6;623807099;1049;137;1689;1689;10.70;0.65;183.78;3.39;640;6;573.00;0
1052;6;623807109;1052;135;1689;1689;10.79;0.66;184.35;3.39;637;6;574.00;0
1054;6;623807119;1054;139;1689;1689;10.90;0.66;184.39;3.39;635;6;575.00;0
1056;6;623807129;1056;160;1771;1816;10.72;0.66;184.70;3.24;715;6;576.00;45
1057;6;623807151;1057;146;1774;1817;10.86;0.67;184.76;3.24;717;6;577.00;43
1062;6;623807162;1062;130;1782;1817;11.03;0.68;185.22;3.23;720;6;578.00;35
1068;6;623807173;1068;125;1784;1817;11.12;0.68;185.43;3.23;716;6;579.00;33
1068;6;623807183;1068;119;1788;1817;11.18;0.69;185.43;3.23;720;6;580.00;29
1069;6;623807194;1069;117;1790;1817;11.21;0.69;185.71;3.23;721;6;581.00;27
1070;6;623807206;1070;120;1792;1817;11.23;0.69;185.95;3.24;722;6;582.00;25
1070;6;623807217;1070;121;1794;1817;11.30;0.69;185.95;3.24;724;6;583.00;23
1073;6;623807227;1073;124;1796;1818;11.29;0.69;186.36;3.25;723;6;584.00;22
1075;6;623807238;1075;124;1802;1820;11.25;0.69;186.68;3.26;727;6;585.00;18
1077;6;623807259;1077;122;1804;1820;11.23;0.69;186.88;3.27;727;6;586.00;16
1083;6;623807271;1083;126;1806;1821;11.20;0.69;187.02;3.27;723;6;587.00;15
1086;7;623807281;1086;132;1808;1821;11.23;0.69;187.28;3.28;722;7;588.00;13
1091;7;623807301;1091;137;1810;1821;11.30;0.69;187.59;3.29;719;7;589.00;11
1093;7;623807311;1093;138;1812;1821;11.32;0.69;187.96;3.30;719;7;590.00;9
1096;7;623807321;1096;138;1819;1825;11.32;0.69;188.15;3.32;723;7;591.00;6
1098;7;623807331;1098;137;1820;1825;11.40;0.70;188.43;3.32;722;7;592.00;5
1103;7;623807341;1103;142;1821;1825;11.49;0.70;188.74;3.33;718;7;593.00;4
1106;7;623807350;1106;141;1823;1828;11.57;0.71;189.47;3.33;717;7;594.00;5
1111;7;623807360;1111;144;1823;1828;11.67;0.71;189.93;3.33;712;7;595.00;5
1115;7;623807370;1115;142;1823;1828;11.73;0.71;190.68;3.33;708;7;596.00;5
1119;7;623807380;1119;146;1829;1832;11.75;0.71;191.22;3.35;710;7;597.00;3
1120;7;623807390;1120;139;1830;1833;11.92;0.72;191.13;3.35;710;7;598.00;3
1126;7;623807400;1126;138;1831;1833;12.05;0.73;191.82;3.35;705;7;599.00;2
1130;7;623807413;1130;149;1843;1859;11.99;0.73;192.37;3.33;713;7;600.00;16
1130;7;623807429;1130;143;1845;1859;12.18;0.74;192.37;3.33;715;7;601.00;14
1136;7;623807440;1136;141;1846;1859;12.32;0.75;193.08;3.33;710;7;602.00;13
1138;7;623807450;1138;140;1847;1860;12.42;0.75;193.42;3.33;709;7;603.00;13
1140;7;623807459;1140;140;1848;1860;12.44;0.76;193.87;3.33;708;7;604.00;12
1144;7;623807470;1144;138;1853;1866;12.40;0.75;194.46;3.33;709;7;605.00;13
1149;7;623807481;1149;138;1854;1866;12.32;0.75;194.50;3.33;705;7;606.00;12
1154;7;623807491;1154;138;1856;1867;12.17;0.74;194.99;3.33;702;7;607.00;11
1158;7;623807501;1158;135;1856;1867;12.15;0.74;195.05;3.33;698;7;608.00;11
1161;7;623807510;1161;133;1857;1867;12.13;0.73;195.32;3.33;696;7;609.00;10
1163;7;623807520;1163;131;1857;1867;12.09;0.73;195.27;3.33;694;7;610.00;10
1167;7;623807529;1167;133;1858;1867;11.99;0.73;195.55;3.34;691;7;611.00;9
1169;7;623807538;1169;126;1867;1879;11.86;0.72;195.65;3.32;698;7;612.00;12
1173;7;623807548;1173;124;1869;1879;11.76;0.71;196.21;3.32;696;7;613.00;10
1175;7;623807565;1175;127;1869;1879;11.71;0.71;196.30;3.32;694;7;614.00;10
1178;7;623807575;1178;120;1871;1879;11.68;0.71;196.32;3.33;693;7;615.00;8
1179;7;623807585;1179;125;1872;1879;11.75;0.71;196.54;3.33;693;7;616.00;7
1182;7;623807595;1182;119;1872;1879;11.89;0.72;196.78;3.33;690;7;617.00;7
1188;7;623807605;1188;119;1875;1883;11.93;0.73;197.06;3.33;687;7;618.00;8
1189;7;623807616;1189;119;1875;1883;12.05;0.73;197.11;3.33;686;7;619.00;8
1193;7;623807625;1193;118;1880;1887;12.10;0.74;197.12;3.33;687;7;620.00;7
1196;7;623807634;1196;116;1881;1888;12.17;0.74;197.25;3.33;685;7;621.00;7
1201;7;623807644;1201;119;1882;1888;12.16;0.74;197.03;3.34;681;7;622.00;6
1204;7;623807653;1204;118;1882;1888;12.15;0.74;197.05;3.34;678;7;623.00;6
1206;8;623807662;1206;121;1890;1901;12.10;0.73;197.19;3.33;684;8;624.00;11
1209;8;623807688;1209;119;1890;1901;11.99;0.73;197.24;3.33;681;8;625.00;11
1213;8;623807697;1213;122;1890;1901;12.01;0.73;197.36;3.33;677;8;626.00;11
1219;8;623807710;1219;131;1892;1902;11.94;0.72;197.58;3.34;673;8;627.00;10
1221;8;623807721;1221;135;1894;1903;11.84;0.71;197.75;3.36;673;8;628.00;9
1222;9;623807730;1222;131;1894;1903;11.82;0.71;197.91;3.36;672;9;629.00;9
1226;9;623807751;1226;133;1899;1909;11.83;0.71;198.30;3.35;673;9;630.00;10
1230;9;623807760;1230;134;1900;1909;11.75;0.71;198.06;3.35;670;9;631.00;9
1231;9;623807768;1231;141;1901;1909;11.74;0.71;198.22;3.35;670;9;632.00;8
1233;9;623807777;1233;148;1902;1909;11.67;0.71;197.94;3.37;669;9;633.00;7
1234;9;623807786;1234;149;1907;1915;11.66;0.71;197.92;3.36;673;9;634.00;8
1236;9;623807795;1236;148;1907;1915;11.57;0.70;197.84;3.36;671;9;635.00;8
1236;9;623807803;1236;153;1907;1915;11.47;0.70;197.84;3.36;671;9;636.00;8
1237;9;623807812;1237;158;1907;1915;11.41;0.69;197.90;3.36;670;9;637.00;8
1240;9;623807820;1240;164;1912;1919;11.35;0.69;197.94;3.38;672;9;638.00;7
1240;10;623807829;1240;168;1913;1920;11.31;0.69;197.94;3.38;673;10;639.00;7
1241;10;623807844;1241;176;1916;1920;11.14;0.68;197.95;3.40;675;10;640.00;4
1243;10;623807853;1243;179;1917;1921;11.06;0.67;198.06;3.40;674;10;641.00;4
1243;10;623807865;1243;189;1919;1921;10.95;0.67;198.06;3.42;676;10;642.00;2
1246;10;623807873;1246;192;1919;1921;10.89;0.66;198.10;3.42;673;10;643.00;2
1248;10;623807881;1248;196;1921;1921;10.80;0.66;197.89;3.42;673;10;644.00;0
1251;10;623807889;1251;198;1921;1921;10.65;0.65;197.80;3.42;670;10;645.00;0
1252;10;623807898;1252;205;1921;1921;10.46;0.64;197.75;3.42;669;10;646.00;0
1252;10;623807906;1252;208;1921;1921;10.34;0.63;197.75;3.42;669;10;647.00;0
1252;10;623807914;1252;220;1960;1991;10.23;0.63;197.75;3.35;708;10;648.00;31
1255;10;623807927;1255;220;1963;1992;10.05;0.62;197.57;3.35;708;10;649.00;29
1255;10;623807937;1255;220;1973;1992;9.96;0.61;197.57;3.34;718;10;650.00;19
1256;10;623807944;1256;224;1976;1992;9.82;0.60;197.56;3.34;720;10;651.00;16
1257;10;623807958;1257;223;1980;1992;9.71;0.60;197.48;3.34;723;10;652.00;12
1259;10;623807966;1259;226;1981;1992;9.58;0.59;197.46;3.34;722;10;653.00;11
1260;10;623807975;1260;228;1983;1992;9.52;0.59;197.36;3.35;723;10;654.00;9
1264;10;623807982;1264;231;1985;1992;9.42;0.58;197.15;3.35;721;10;655.00;7
1267;10;623807991;1267;235;1988;1993;9.28;0.57;196.82;3.36;721;10;656.00;5
1270;10;623807999;1270;240;1990;1994;9.11;0.56;196.83;3.36;720;10;657.00;4
1273;10;623808008;1273;252;1992;1994;8.93;0.55;196.79;3.37;719;10;658.00;2
1275;10;623808016;1275;252;1998;1998;8.72;0.54;196.80;3.36;723;10;659.00;0
1278;10;623808026;1278;252;1998;1998;8.56;0.53;196.59;3.36;720;10;660.00;0
1281;10;623808034;1281;256;1998;1998;8.45;0.52;196.51;3.36;717;10;661.00;0
1282;10;623808042;1282;260;1998;1998;8.32;0.51;196.45;3.36;716;10;662.00;0
1285;10;623808050;1285;264;2004;2004;8.21;0.50;196.16;3.36;719;10;663.00;0
1287;10;623808059;1287;266;2004;2004;8.12;0.50;196.19;3.36;717;10;664.00;0
1287;10;623808067;1287;269;2004;2004;8.05;0.49;196.19;3.36;717;10;665.00;0
1287;10;623808075;1287;273;2007;2007;8.08;0.50;196.19;3.35;720;10;666.00;0
1290;10;623808082;1290;277;2007;2007;8.04;0.49;196.22;3.35;717;10;667.00;0
1291;10;623808090;1291;287;2007;2007;7.95;0.49;196.19;3.35;716;10;668.00;0
1293;10;623808098;1293;284;2008;2008;7.85;0.48;196.06;3.35;715;10;669.00;0
1294;10;623808106;1294;281;2009;2009;7.76;0.47;196.14;3.35;715;10;670.00;0
1296;10;623808114;1296;287;2009;2009;7.62;0.47;196.14;3.35;713;10;671.00;0
1298;10;623808121;1298;294;2022;2022;7.50;0.46;196.18;3.33;724;10;672.00;0
1301;10;623808129;1301;299;2022;2022;7.32;0.45;195.96;3.33;721;10;673.00;0
1305;10;623808137;1305;296;2022;2022;7.23;0.44;195.97;3.33;717;10;674.00;0
1307;10;623808144;1307;287;2024;2024;7.16;0.44;196.30;3.33;717;10;675.00;0
1308;10;623808151;1308;271;2024;2024;7.11;0.44;196.47;3.33;716;10;676.00;0
1314;10;623808159;1314;270;2028;2028;7.11;0.43;196.39;3.32;714;10;677.00;0
1318;10;623808167;1318;269;2028;2028;6.98;0.43;196.66;3.32;710;10;678.00;0
1319;10;623808174;1319;265;2032;2032;6.86;0.42;196.70;3.32;713;10;679.00;0
1323;10;623808182;1323;253;2032;2032;6.78;0.42;196.80;3.32;709;10;680.00;0
1326;11;623808193;1326;251;2032;2032;6.71;0.41;196.79;3.32;706;11;681.00;0
1329;11;623808214;1329;244;2032;2032;6.68;0.41;196.76;3.32;703;11;682.00;0
1330;11;623808225;1330;237;2032;2032;6.72;0.41;196.97;3.32;702;11;683.00;0
1335;11;623808235;1335;235;2042;2044;6.81;0.42;197.10;3.30;707;11;684.00;2
1337;11;623808250;1337;238;2042;2044;6.86;0.42;197.41;3.30;705;11;685.00;2
1337;11;623808262;1337;235;2044;2044;7.00;0.43;197.41;3.30;707;11;686.00;0
1340;11;623808276;1340;231;2044;2044;7.10;0.44;197.71;3.30;704;11;687.00;0
1343;11;623808301;1343;218;2044;2044;7.24;0.44;198.01;3.30;701;11;688.00;0
1346;11;623808316;1346;208;2044;2044;7.40;0.45;198.16;3.30;698;11;689.00;0
1348;11;623808332;1348;208;2045;2045;7.55;0.46;198.16;3.30;697;11;690.00;0
1352;11;623808342;1352;199;2045;2045;7.61;0.47;198.68;3.30;693;11;691.00;0
1355;11;623808353;1355;200;2051;2051;7.80;0.48;198.89;3.29;696;11;692.00;0
1357;11;623808363;1357;195;2052;2052;7.93;0.48;198.95;3.29;695;11;693.00;0
1359;11;623808373;1359;189;2052;2052;8.07;0.49;199.10;3.29;693;11;694.00;0
1362;11;623808384;1362;188;2052;2052;8.14;0.50;199.08;3.29;690;11;695.00;0
1368;11;623808394;1368;189;2056;2056;8.26;0.50;199.21;3.28;688;11;696.00;0
1369;11;623808405;1369;185;2056;2056;8.35;0.51;199.32;3.28;687;11;697.00;0
1373;11;623808414;1373;185;2056;2056;8.43;0.52;199.48;3.28;683;11;698.00;0
1376;11;623808423;1376;185;2057;2057;8.45;0.52;199.56;3.28;681;11;699.00;0
1379;11;623808434;1379;188;2061;2061;8.49;0.52;199.64;3.28;682;11;700.00;0
1384;11;623808454;1384;187;2061;2061;8.48;0.52;199.70;3.28;677;11;701.00;0
1389;11;623808465;1389;185;2063;2064;8.53;0.52;199.84;3.27;674;11;702.00;1
1394;11;623808476;1394;184;2063;2064;8.49;0.52;200.00;3.27;669;11;703.00;1
1397;11;623808485;1397;179;2064;2064;8.53;0.52;200.13;3.27;667;11;704.00;0
1400;11;623808495;1400;184;2064;2064;8.58;0.52;200.21;3.27;664;11;705.00;0
1406;11;623808505;1406;180;2068;2068;8.58;0.52;200.42;3.27;662;11;706.00;0
1407;11;623808516;1407;181;2068;2068;8.62;0.53;200.48;3.27;661;11;707.00;0
1410;11;623808525;1410;184;2068;2068;8.60;0.52;200.65;3.27;658;11;708.00;0
1415;11;623808534;1415;187;2068;2068;8.54;0.52;200.58;3.27;653;11;709.00;0
1419;11;623808542;1419;188;2069;2069;8.47;0.52;200.65;3.27;650;11;710.00;0
1424;11;623808550;1424;190;2070;2070;8.49;0.52;201.07;3.27;646;11;711.00;0
1429;11;623808565;1429;187;2070;2070;8.58;0.52;201.16;3.27;641;11;712.00;0
1432;11;623808575;1432;188;2071;2071;8.57;0.52;201.51;3.27;639;11;713.00;0
1436;11;623808583;1436;189;2071;2071;8.58;0.52;201.63;3.27;635;11;714.00;0
1440;11;623808591;1440;184;2071;2071;8.61;0.52;201.64;3.27;631;11;715.00;0
1445;11;623808600;1445;183;2071;2071;8.56;0.52;201.97;3.27;626;11;716.00;0
1450;11;623808608;1450;186;2071;2071;8.50;0.52;202.04;3.27;621;11;717.00;0
1452;11;623808618;1452;192;2071;2071;8.48;0.52;202.24;3.27;619;11;718.00;0
1454;11;623808626;1454;188;2071;2071;8.51;0.52;202.39;3.27;617;11;719.00;0
1460;11;623808636;1460;223;2189;2301;8.55;0.54;202.56;3.09;729;11;720.00;112
1462;11;623808674;1462;217;2199;2302;8.55;0.54;202.70;3.08;737;11;721.00;103
1463;11;623808684;1463;202;2211;2302;8.63;0.54;202.76;3.08;748;11;722.00;91
1467;11;623808694;1467;196;2219;2302;8.64;0.54;202.85;3.08;752;11;723.00;83
1470;11;623808703;1470;192;2231;2302;8.60;0.54;202.85;3.08;761;11;724.00;71
1474;11;623808713;1474;192;2236;2302;8.53;0.53;203.21;3.08;762;11;725.00;66
1478;11;623808723;1478;197;2246;2302;8.44;0.53;203.26;3.10;768;11;726.00;56
1481;11;623808733;1481;186;2254;2302;8.43;0.52;203.27;3.11;773;11;727.00;48
1482;11;623808744;1482;184;2260;2303;8.47;0.53;203.25;3.12;778;11;728.00;43
1483;11;623808755;1483;176;2264;2304;8.54;0.53;203.27;3.13;781;11;729.00;40
1485;11;623808766;1485;178;2269;2304;8.53;0.53;203.35;3.15;784;11;730.00;35
1487;11;623808777;1487;176;2272;2305;8.52;0.53;203.32;3.16;785;11;731.00;33
1489;11;623808788;1489;176;2275;2305;8.54;0.53;203.30;3.17;786;11;732.00;30
1490;11;623808799;1490;188;2277;2305;8.52;0.53;203.37;3.18;787;11;733.00;28
1495;11;623808810;1495;195;2278;2305;8.53;0.53;203.63;3.18;783;11;734.00;27
1496;11;623808828;1496;211;2281;2309;8.57;0.53;203.64;3.18;785;11;735.00;28
1501;11;623808849;1501;201;2283;2309;8.69;0.53;203.64;3.20;782;11;736.00;26
1505;11;623808861;1505;190;2286;2309;8.82;0.54;203.84;3.21;781;11;737.00;23
1505;11;623808879;1505;190;2287;2312;8.93;0.55;203.84;3.21;782;11;738.00;25
1507;11;623808891;1507;190;2289;2312;9.02;0.55;203.97;3.22;782;11;739.00;23
1510;11;623808902;1510;191;2289;2312;9.09;0.56;204.02;3.22;779;11;740.00;23
1512;11;623808914;1512;193;2293;2316;9.15;0.56;204.08;3.21;781;11;741.00;23
1515;11;623808926;1515;193;2295;2317;9.26;0.57;204.13;3.22;780;11;742.00;22
1518;11;623808938;1518;183;2295;2317;9.43;0.58;204.41;3.22;777;11;743.00;22
1521;11;623808950;1521;184;2299;2321;9.56;0.59;204.86;3.21;778;11;744.00;22
1523;11;623808961;1523;184;2300;2321;9.65;0.59;205.10;3.22;777;11;745.00;21
1525;11;623808973;1525;185;2300;2321;9.81;0.60;205.25;3.22;775;11;746.00;21
1526;11;623808984;1526;181;2301;2322;9.93;0.61;205.26;3.23;775;11;747.00;21
1529;11;623808995;1529;175;2302;2322;10.12;0.62;205.48;3.25;773;11;748.00;20
1533;11;623809007;1533;169;2308;2328;10.25;0.63;205.82;3.25;775;11;749.00;20
1535;11;623809021;1535;168;2308;2328;10.48;0.64;205.78;3.25;773;11;750.00;20
1537;11;623809032;1537;161;2311;2329;10.58;0.65;205.84;3.27;774;11;751.00;18
1542;11;623809043;1542;158;2311;2329;10.71;0.65;205.85;3.27;769;11;752.00;18
1544;11;623809055;1544;155;2311;2329;10.85;0.66;205.88;3.27;767;11;753.00;18
1549;11;623809066;1549;146;2313;2329;10.90;0.67;206.14;3.29;764;11;754.00;16
1553;11;623809077;1553;147;2315;2329;10.94;0.67;206.38;3.31;762;11;755.00;14
1557;11;623809089;1557;147;2326;2341;10.99;0.67;206.38;3.30;769;11;756.00;15
1558;11;623809102;1558;143;2326;2341;11.05;0.67;206.36;3.30;768;11;757.00;15
1561;11;623809114;1561;142;2327;2341;11.14;0.68;206.57;3.31;766;11;758.00;14
1564;11;623809126;1564;142;2328;2341;11.19;0.68;206.61;3.31;764;11;759.00;13
1566;11;623809137;1566;144;2329;2341;11.27;0.69;206.91;3.31;763;11;760.00;12
1569;11;623809155;1569;141;2330;2341;11.34;0.69;207.26;3.31;761;11;761.00;11
1573;11;623809168;1573;143;2334;2345;11.36;0.69;207.30;3.31;761;11;762.00;11
1577;11;623809179;1577;148;2334;2345;11.47;0.70;207.25;3.31;757;11;763.00;11
1578;11;623809199;1578;146;2339;2349;11.58;0.70;207.25;3.32;761;11;764.00;10
1581;11;623809213;1581;150;2341;2351;11.55;0.70;207.39;3.32;760;11;765.00;10
1582;11;623809231;1582;155;2341;2351;11.59;0.71;207.50;3.32;759;11;766.00;10
1587;11;623809243;1587;158;2341;2351;11.57;0.71;207.66;3.32;754;11;767.00;10
1591;11;623809256;1591;159;2352;2364;11.52;0.70;207.80;3.30;761;11;768.00;12
1594;11;623809268;1594;159;2352;2364;11.54;0.70;207.91;3.30;758;11;769.00;12
1596;11;623809279;1596;163;2352;2364;11.58;0.71;207.97;3.30;756;11;770.00;12
1599;11;623809290;1599;163;2353;2365;11.66;0.71;208.11;3.30;754;11;771.00;12
1602;11;623809302;1602;163;2354;2366;11.66;0.71;208.07;3.32;752;11;772.00;12
1604;11;623809313;1604;166;2354;2366;11.70;0.71;208.11;3.32;750;11;773.00;12
1609;11;623809323;1609;166;2356;2369;11.70;0.71;208.46;3.32;747;11;774.00;13
1610;11;623809335;1610;165;2356;2369;11.72;0.72;208.50;3.32;746;11;775.00;13
1613;11;623809345;1613;171;2357;2369;11.71;0.71;208.46;3.32;744;11;776.00;12
1616;11;623809356;1616;170;2357;2369;11.72;0.72;208.64;3.32;741;11;777.00;12
1618;11;623809368;1618;170;2362;2375;11.61;0.71;208.45;3.31;744;11;778.00;13
1623;11;623809379;1623;169;2362;2375;11.48;0.70;208.54;3.31;739;11;779.00;13
1627;11;623809391;1627;166;2362;2375;11.42;0.70;208.66;3.31;735;11;780.00;13
1630;11;623809402;1630;168;2362;2375;11.46;0.70;208.87;3.31;732;11;781.00;13
1634;11;623809413;1634;167;2365;2379;11.37;0.70;209.03;3.31;731;11;782.00;14
1637;11;623809429;1637;162;2366;2380;11.45;0.70;209.14;3.31;729;11;783.00;14
1639;11;623809438;1639;159;2366;2380;11.44;0.70;209.28;3.31;727;11;784.00;14
1643;11;623809448;1643;154;2367;2381;11.44;0.70;209.94;3.31;724;11;785.00;14
1648;11;623809458;1648;150;2369;2381;11.38;0.70;209.98;3.31;721;11;786.00;12
1650;11;623809468;1650;152;2369;2381;11.38;0.70;210.16;3.31;719;11;787.00;12
1656;11;623809478;1656;148;2369;2381;11.34;0.69;209.95;3.31;713;11;788.00;12
1660;11;623809488;1660;148;2369;2381;11.34;0.69;209.93;3.31;709;11;789.00;12
1662;11;623809500;1662;146;2369;2381;11.34;0.69;209.93;3.31;707;11;790.00;12
1668;11;623809513;1668;146;2369;2381;11.27;0.69;210.21;3.31;701;11;791.00;12
1669;11;623809522;1669;149;2402;2451;11.20;0.69;210.17;3.27;733;11;792.00;49
1671;11;623809536;1671;147;2403;2452;11.13;0.68;210.19;3.27;732;11;793.00;49
1673;11;623809546;1673;149;2411;2452;11.11;0.68;210.47;3.26;738;11;794.00;41
1677;11;623809555;1677;153;2414;2452;11.12;0.68;210.28;3.26;737;11;795.00;38
1680;11;623809570;1680;150;2418;2452;11.07;0.68;210.45;3.29;738;11;796.00;34
1681;11;623809579;1681;152;2419;2452;11.02;0.67;210.37;3.29;738;11;797.00;33
1684;11;623809588;1684;156;2424;2452;10.95;0.67;210.34;3.30;740;11;798.00;28
1687;11;623809598;1687;160;2427;2452;10.87;0.66;210.44;3.33;740;11;799.00;25
1690;11;623809608;1690;162;2430;2453;10.82;0.66;210.38;3.34;740;11;800.00;23
1695;11;623809621;1695;162;2435;2454;10.68;0.65;210.36;3.38;740;11;801.00;19
1698;11;623809631;1698;167;2437;2454;10.59;0.65;210.37;3.38;739;11;802.00;17
1699;11;623809640;1699;172;2443;2458;10.47;0.64;210.36;3.42;744;11;803.00;15
1701;11;623809649;1701;179;2443;2458;10.36;0.63;210.31;3.42;742;11;804.00;15
1705;11;623809657;1705;190;2444;2458;10.21;0.62;210.22;3.45;739;11;805.00;14
1707;11;623809666;1707;192;2444;2458;10.12;0.62;210.14;3.45;737;11;806.00;14
1708;11;623809675;1708;200;2450;2464;10.06;0.62;210.04;3.48;742;11;807.00;14
1710;11;623809684;1710;203;2450;2464;9.92;0.61;209.86;3.48;740;11;808.00;14
1714;11;623809693;1714;212;2451;2464;9.80;0.60;210.06;3.51;737;11;809.00;13
1716;11;623809703;1716;220;2456;2470;9.67;0.59;210.03;3.54;740;11;810.00;14
1720;11;623809712;1720;228;2459;2470;9.54;0.58;209.93;3.56;739;11;811.00;11
1722;11;623809721;1722;236;2461;2470;9.44;0.57;209.93;3.60;739;11;812.00;9
1725;11;623809730;1725;244;2462;2471;9.33;0.57;209.75;3.60;737;11;813.00;9
1727;11;623809739;1727;251;2464;2472;9.24;0.56;209.78;3.61;737;11;814.00;8
1730;11;623809747;1730;257;2466;2472;9.13;0.56;209.59;3.64;736;11;815.00;6
1732;11;623809756;1732;264;2476;2485;9.06;0.55;209.41;3.64;744;11;816.00;9
1733;11;623809765;1733;269;2478;2485;8.96;0.55;209.35;3.65;745;11;817.00;7
1735;11;623809773;1735;277;2479;2485;8.84;0.54;209.37;3.66;744;11;818.00;6
1736;11;623809781;1736;282;2481;2486;8.81;0.54;209.30;3.66;745;11;819.00;5
1738;11;623809789;1738;288;2484;2486;8.70;0.53;209.21;3.67;746;11;820.00;2
1742;11;623809797;1742;294;2488;2490;8.61;0.53;209.07;3.66;746;11;821.00;2
1743;11;623809806;1743;298;2488;2490;8.53;0.52;208.97;3.66;745;11;822.00;2
1748;11;623809814;1748;307;2493;2494;8.42;0.51;208.76;3.66;745;11;823.00;1
1750;11;623809823;1750;312;2493;2494;8.28;0.50;208.70;3.66;743;11;824.00;1
1752;11;623809831;1752;319;2494;2494;8.18;0.50;208.50;3.66;742;11;825.00;0
1753;11;623809838;1753;324;2494;2494;8.08;0.49;208.57;3.66;741;11;826.00;0
1753;11;623809846;1753;317;2494;2494;7.96;0.49;208.57;3.66;741;11;827.00;0
1754;11;623809853;1754;313;2504;2506;7.84;0.48;208.51;3.65;750;11;828.00;2
1756;11;623809862;1756;305;2505;2506;7.72;0.47;208.51;3.64;749;11;829.00;1
1757;11;623809870;1757;305;2506;2506;7.64;0.47;208.51;3.64;749;11;830.00;0
1759;11;623809878;1759;305;2506;2506;7.56;0.46;208.41;3.64;747;11;831.00;0
1759;11;623809887;1759;297;2506;2506;7.59;0.47;208.41;3.64;747;11;832.00;0
1759;11;623809895;1759;298;2506;2506;7.56;0.47;208.41;3.64;747;11;833.00;0
1760;11;623809903;1760;295;2507;2507;7.56;0.47;208.35;3.64;747;11;834.00;0
1761;11;623809912;1761;293;2507;2507;7.66;0.47;208.25;3.64;746;11;835.00;0
1761;11;623809925;1761;290;2513;2513;7.77;0.48;208.25;3.64;752;11;836.00;0
1766;11;623809933;1766;290;2514;2514;7.83;0.48;208.21;3.64;748;11;837.00;0
1766;11;623809943;1766;287;2514;2514;7.88;0.48;208.21;3.64;748;11;838.00;0
1770;11;623809951;1770;284;2514;2514;7.77;0.47;208.06;3.64;744;11;839.00;0
1770;11;623809961;1770;283;2519;2519;7.81;0.48;208.06;3.63;749;11;840.00;0
1772;11;623809970;1772;285;2519;2519;7.73;0.47;207.90;3.63;747;11;841.00;0
1773;11;623809983;1773;285;2519;2519;7.70;0.47;207.85;3.63;746;11;842.00;0
1780;11;623809991;1780;284;2520;2520;7.57;0.46;207.91;3.63;740;11;843.00;0
1781;11;623809999;1781;283;2524;2524;7.51;0.46;207.86;3.62;743;11;844.00;0
1784;11;623810007;1784;276;2524;2524;7.38;0.45;207.73;3.62;740;11;845.00;0
1786;11;623810015;1786;273;2526;2527;7.26;0.44;207.93;3.62;740;11;846.00;1
1789;11;623810023;1789;269;2527;2527;7.18;0.44;207.97;3.62;738;11;847.00;0
1793;11;623810031;1793;272;2527;2527;7.11;0.44;208.16;3.62;734;11;848.00;0
1797;11;623810039;1797;272;2527;2527;7.04;0.43;208.42;3.62;730;11;849.00;0
1798;11;623810046;1798;266;2531;2531;7.07;0.44;208.51;3.61;733;11;850.00;0
1801;11;623810054;1801;257;2531;2531;7.08;0.44;208.54;3.61;730;11;851.00;0
1804;11;623810062;1804;256;2531;2531;7.11;0.44;208.57;3.61;727;11;852.00;0
1807;11;623810070;1807;247;2531;2531;7.17;0.44;208.44;3.61;724;11;853.00;0
1811;11;623810077;1811;246;2532;2532;7.26;0.45;208.68;3.61;721;11;854.00;0
1816;11;623810085;1816;239;2534;2534;7.36;0.45;208.73;3.61;718;11;855.00;0
1818;11;623810094;1818;237;2534;2534;7.49;0.46;208.87;3.61;716;11;856.00;0
1821;11;623810102;1821;231;2535;2535;7.68;0.47;209.06;3.61;714;11;857.00;0
1823;11;623810110;1823;223;2535;2535;7.88;0.48;209.26;3.61;712;11;858.00;0
1825;11;623810118;1825;214;2535;2535;8.04;0.49;209.22;3.61;710;11;859.00;0
1828;11;623810126;1828;206;2535;2535;8.13;0.50;209.23;3.61;707;11;860.00;0
1831;11;623810135;1831;203;2535;2535;8.20;0.50;209.70;3.61;704;11;861.00;0
1835;11;623810143;1835;198;2535;2535;8.24;0.50;209.98;3.61;700;11;862.00;0
1842;11;623810152;1842;196;2535;2535;8.23;0.50;210.47;3.61;693;11;863.00;0
1843;11;623810161;1843;207;2613;2662;8.47;0.53;210.48;3.50;770;11;864.00;49
1849;11;623810178;1849;199;2617;2663;8.44;0.52;210.47;3.50;768;11;865.00;46
1850;11;623810187;1850;201;2625;2663;8.47;0.53;210.58;3.49;775;11;866.00;38
1855;11;623810196;1855;199;2627;2663;8.42;0.52;210.57;3.49;772;11;867.00;36
1862;11;623810205;1862;192;2631;2663;8.39;0.52;210.97;3.50;769;11;868.00;32
1865;11;623810214;1865;200;2631;2663;8.35;0.52;211.00;3.50;766;11;869.00;32
1871;11;623810228;1871;203;2635;2663;8.38;0.52;211.11;3.50;764;11;870.00;28
1873;11;623810244;1873;205;2636;2663;8.33;0.51;211.27;3.50;763;11;871.00;27
1875;11;623810261;1875;203;2639;2664;8.42;0.52;211.27;3.51;764;11;872.00;25
1879;11;623810278;1879;207;2643;2665;8.41;0.52;211.49;3.51;764;11;873.00;22
1884;11;623810292;1884;206;2646;2665;8.34;0.51;211.70;3.52;762;11;874.00;19
1885;11;623810307;1885;216;2650;2666;8.39;0.52;211.78;3.53;765;11;875.00;16
1891;11;623810322;1891;221;2653;2666;8.37;0.52;211.63;3.54;762;11;876.00;13
1897;11;623810338;1897;227;2656;2666;8.37;0.51;212.09;3.55;759;11;877.00;10
1902;11;623810351;1902;225;2658;2666;8.41;0.52;212.09;3.56;756;11;878.00;8
1906;11;623810362;1906;227;2663;2670;8.40;0.52;212.49;3.56;757;11;879.00;7
1908;11;623810373;1908;230;2664;2670;8.50;0.52;212.64;3.56;756;11;880.00;6
1916;11;623810390;1916;228;2665;2670;8.49;0.52;212.76;3.56;749;11;881.00;5
1919;11;623810411;1919;228;2667;2673;8.52;0.52;212.81;3.56;748;11;882.00;6
1923;11;623810423;1923;228;2668;2673;8.50;0.52;212.89;3.57;745;11;883.00;5
1926;11;623810434;1926;226;2668;2673;8.53;0.52;213.00;3.57;742;11;884.00;5
1930;11;623810444;1930;221;2672;2677;8.50;0.52;213.05;3.56;742;11;885.00;5
1934;11;623810456;1934;225;2674;2678;8.56;0.52;212.82;3.57;740;11;886.00;4
1942;11;623810466;1942;224;2676;2678;8.52;0.52;212.98;3.58;734;11;887.00;2
1944;11;623810479;1944;233;2681;2682;8.52;0.52;213.08;3.58;737;11;888.00;1
1948;11;623810489;1948;235;2682;2682;8.56;0.52;213.10;3.58;734;11;889.00;0
1950;11;623810500;1950;234;2682;2682;8.60;0.52;213.13;3.58;732;11;890.00;0
1951;11;623810510;1951;233;2683;2683;8.67;0.53;213.29;3.58;732;11;891.00;0
1953;11;623810521;1953;228;2683;2683;8.66;0.52;213.36;3.58;730;11;892.00;0
1954;11;623810531;1954;232;2689;2689;8.74;0.53;213.41;3.58;735;11;893.00;0
1957;11;623810542;1957;231;2689;2689;8.77;0.53;213.61;3.58;732;11;894.00;0
1961;11;623810552;1961;224;2690;2690;8.73;0.53;213.93;3.58;729;11;895.00;0
1964;11;623810563;1964;226;2690;2690;8.77;0.53;213.96;3.58;726;11;896.00;0
1965;11;623810573;1965;213;2690;2690;8.80;0.53;214.05;3.58;725;11;897.00;0
1971;11;623810583;1971;206;2690;2690;8.80;0.53;214.36;3.58;719;11;898.00;0
1973;11;623810594;1973;207;2690;2690;8.85;0.54;214.71;3.58;717;11;899.00;0
1976;11;623810607;1976;204;2720;2736;8.84;0.54;214.93;3.54;744;11;900.00;16
1978;11;623810628;1978;197;2721;2736;8.92;0.55;214.91;3.54;743;11;901.00;15
1980;11;623810638;1980;194;2725;2736;9.09;0.56;214.83;3.53;745;11;902.00;11
1981;11;623810650;1981;196;2725;2736;9.19;0.56;214.86;3.53;744;11;903.00;11
1984;11;623810661;1984;193;2727;2736;9.29;0.57;214.85;3.53;743;11;904.00;9
1984;11;623810672;1984;192;2727;2736;9.35;0.57;214.85;3.53;743;11;905.00;9
1988;11;623810688;1988;177;2733;2740;9.33;0.57;214.80;3.53;745;11;906.00;7
1993;11;623810699;1993;168;2734;2740;9.38;0.58;214.82;3.53;741;11;907.00;6
1997;11;623810710;1997;165;2737;2744;9.47;0.58;215.01;3.53;740;11;908.00;7
1999;11;623810721;1999;153;2738;2745;9.54;0.58;214.99;3.53;739;11;909.00;7
2003;11;623810732;2003;151;2738;2745;9.58;0.58;215.14;3.53;735;11;910.00;7
2007;11;623810743;2007;146;2738;2745;9.63;0.59;215.13;3.53;731;11;911.00;7
2010;11;623810755;2010;148;2752;2758;9.68;0.59;215.34;3.52;742;11;912.00;6
2012;11;623810767;2012;138;2752;2758;9.74;0.59;215.52;3.52;740;11;913.00;6
2015;11;623810778;2015;136;2752;2758;9.86;0.60;215.78;3.52;737;11;914.00;6
2017;11;623810789;2017;134;2753;2759;9.97;0.61;215.92;3.52;736;11;915.00;6
2019;11;623810800;2019;137;2754;2760;10.01;0.61;216.04;3.52;735;11;916.00;6
2020;11;623810812;2020;131;2754;2760;10.06;0.61;216.00;3.52;734;11;917.00;6
2023;11;623810823;2023;129;2758;2763;10.07;0.61;216.14;3.53;735;11;918.00;5
2025;11;623810834;2025;124;2758;2763;10.09;0.61;216.20;3.53;733;11;919.00;5
2027;11;623810845;2027;126;2759;2763;10.06;0.61;216.18;3.53;732;11;920.00;4
2028;11;623810856;2028;127;2759;2763;10.11;0.61;216.30;3.53;731;11;921.00;4
2029;11;623810868;2029;126;2764;2769;10.15;0.62;216.42;3.52;735;11;922.00;5
2031;11;623810879;2031;127;2765;2769;10.11;0.61;216.30;3.53;734;11;923.00;4
2033;11;623810890;2033;129;2767;2769;10.13;0.62;216.42;3.54;734;11;924.00;2
2037;11;623810901;2037;128;2768;2769;10.13;0.61;216.54;3.54;731;11;925.00;1
2039;11;623810911;2039;129;2773;2773;10.11;0.61;216.60;3.54;734;11;926.00;0
2040;11;623810923;2040;129;2774;2774;10.20;0.62;216.71;3.54;734;11;927.00;0
2044;11;623810935;2044;141;2774;2774;10.27;0.62;216.68;3.54;730;11;928.00;0
2046;11;623810946;2046;144;2775;2775;10.36;0.63;216.57;3.54;729;11;929.00;0
2052;11;623810958;2052;145;2775;2775;10.42;0.63;216.83;3.54;723;11;930.00;0
2053;11;623810972;2053;148;2775;2775;10.50;0.64;216.95;3.54;722;11;931.00;0
2056;11;623810982;2056;147;2775;2775;10.60;0.64;216.98;3.54;719;11;932.00;0
2061;11;623810992;2061;146;2775;2775;10.71;0.65;217.35;3.54;714;11;933.00;0
2063;11;623811002;2063;150;2775;2775;10.80;0.65;217.43;3.54;712;11;934.00;0
2065;11;623811012;2065;148;2775;2775;10.87;0.66;217.49;3.54;710;11;935.00;0
2068;11;623811022;2068;158;2812;2845;10.72;0.65;217.44;3.49;744;11;936.00;33
2069;11;623811038;2069;149;2812;2846;10.78;0.66;217.51;3.49;743;11;937.00;34
2072;11;623811048;2072;149;2818;2846;10.92;0.66;217.54;3.49;746;11;938.00;28
2074;11;623811058;2074;148;2821;2846;10.94;0.67;217.55;3.49;747;11;939.00;25
2076;11;623811068;2076;149;2823;2846;10.93;0.67;217.62;3.49;747;11;940.00;23
2080;11;623811078;2080;151;2824;2846;11.00;0.67;217.50;3.49;744;11;941.00;22
2081;11;623811088;2081;156;2828;2846;11.12;0.68;217.57;3.49;747;11;942.00;18
2085;11;623811099;2085;158;2829;2846;11.14;0.68;217.57;3.49;744;11;943.00;17
2087;11;623811110;2087;156;2830;2847;11.19;0.68;217.78;3.50;743;11;944.00;17
2088;11;623811120;2088;157;2833;2849;11.19;0.68;217.76;3.50;745;11;945.00;16
2093;11;623811131;2093;160;2834;2849;11.18;0.68;217.71;3.50;741;11;946.00;15
2096;11;623811141;2096;165;2840;2853;11.18;0.68;217.56;3.51;744;11;947.00;13
2101;11;623811152;2101;170;2844;2853;11.15;0.68;217.63;3.51;743;11;948.00;9
2104;11;623811162;2104;170;2846;2853;11.05;0.67;217.59;3.52;742;11;949.00;7
2106;11;623811172;2106;171;2847;2853;10.94;0.67;217.56;3.52;741;11;950.00;6
2108;11;623811181;2108;173;2851;2859;10.93;0.67;217.45;3.52;743;11;951.00;8
2110;11;623811197;2110;170;2851;2859;10.87;0.66;217.46;3.52;741;11;952.00;8
2112;11;623811207;2112;178;2851;2859;10.80;0.66;217.38;3.52;739;11;953.00;8
2115;11;623811217;2115;176;2853;2862;10.73;0.65;217.29;3.52;738;11;954.00;9
2120;11;623811227;2120;178;2856;2862;10.63;0.65;217.01;3.53;736;11;955.00;6
2122;11;623811237;2122;181;2858;2862;10.49;0.64;216.92;3.53;736;11;956.00;4
2125;11;623811247;2125;181;2858;2863;10.37;0.63;216.81;3.53;733;11;957.00;5
2128;11;623811257;2128;189;2859;2864;10.29;0.63;216.70;3.53;731;11;958.00;5
2131;11;623811268;2131;185;2859;2864;10.19;0.62;216.67;3.53;728;11;959.00;5
2134;11;623811278;2134;196;2876;2890;10.09;0.61;216.57;3.51;742;11;960.00;14
2137;11;623811289;2137;198;2876;2890;10.00;0.61;216.53;3.51;739;11;961.00;14
2140;11;623811297;2140;202;2878;2890;9.97;0.61;216.38;3.51;738;11;962.00;12
2143;11;623811306;2143;203;2882;2891;9.94;0.61;216.24;3.51;739;11;963.00;9
2149;11;623811315;2149;211;2882;2891;9.87;0.60;215.99;3.51;733;11;964.00;9
2152;11;623811323;2152;209;2885;2895;9.82;0.60;215.83;3.51;733;11;965.00;10
2152;11;623811333;2152;212;2885;2895;9.77;0.59;215.83;3.51;733;11;966.00;10
2154;11;623811341;2154;208;2889;2899;9.69;0.59;215.76;3.51;735;11;967.00;10
2155;11;623811350;2155;214;2889;2899;9.62;0.58;215.74;3.51;734;11;968.00;10
2155;11;623811358;2155;212;2890;2899;9.56;0.58;215.74;3.51;735;11;969.00;9
2156;11;623811367;2156;217;2891;2899;9.48;0.57;215.74;3.52;735;11;970.00;8
2158;11;623811375;2158;218;2892;2899;9.37;0.57;215.61;3.53;734;11;971.00;7
2159;11;623811383;2159;225;2902;2911;9.28;0.56;215.58;3.52;743;11;972.00;9
2160;11;623811393;2160;228;2903;2911;9.16;0.56;215.49;3.52;743;11;973.00;8
2160;11;623811401;2160;237;2906;2911;9.03;0.55;215.49;3.53;746;11;974.00;5
2161;11;623811409;2161;238;2906;2911;8.94;0.55;215.51;3.53;745;11;975.00;5
2162;11;623811418;2162;246;2906;2911;8.89;0.54;215.51;3.53;744;11;976.00;5
2162;11;623811425;2162;249;2906;2911;8.79;0.54;215.51;3.53;744;11;977.00;5
2164;11;623811433;2164;256;2906;2912;8.76;0.54;215.44;3.53;742;11;978.00;6
2166;11;623811442;2166;248;2906;2912;8.82;0.54;215.39;3.53;740;11;979.00;6
2169;11;623811450;2169;243;2912;2918;8.88;0.54;215.36;3.54;743;11;980.00;6
2170;11;623811460;2170;243;2914;2919;8.86;0.54;215.37;3.53;744;11;981.00;5
2174;11;623811469;2174;242;2914;2919;8.87;0.54;215.28;3.53;740;11;982.00;5
2174;11;623811478;2174;246;2915;2919;8.83;0.54;215.28;3.54;741;11;983.00;4
2175;11;623811486;2175;247;2919;2923;8.77;0.53;215.30;3.54;744;11;984.00;4
2177;11;623811495;2177;247;2921;2923;8.64;0.53;215.30;3.55;744;11;985.00;2
2180;11;623811509;2180;251;2921;2923;8.52;0.52;215.18;3.55;741;11;986.00;2
2180;11;623811523;2180;258;2923;2924;8.50;0.52;215.18;3.55;743;11;987.00;1
2180;11;623811531;2180;263;2927;2928;8.47;0.52;215.18;3.55;747;11;988.00;1
2183;11;623811539;2183;267;2928;2928;8.45;0.52;215.07;3.55;745;11;989.00;0
2185;11;623811549;2185;268;2932;2934;8.52;0.52;215.08;3.55;747;11;990.00;2
2186;11;623811558;2186;262;2933;2934;8.51;0.52;214.99;3.54;747;11;991.00;1
2187;11;623811566;2187;262;2934;2934;8.55;0.53;215.07;3.54;747;11;992.00;0
2188;11;623811574;2188;262;2934;2934;8.54;0.53;215.05;3.54;746;11;993.00;0
2189;11;623811582;2189;262;2938;2938;8.58;0.53;215.04;3.54;749;11;994.00;0
2192;11;623811591;2192;261;2938;2938;8.54;0.53;214.96;3.54;746;11;995.00;0
2192;11;623811602;2192;263;2938;2938;8.48;0.52;214.96;3.54;746;11;996.00;0
2193;11;623811611;2193;263;2938;2938;8.42;0.52;214.98;3.54;745;11;997.00;0
2194;11;623811620;2194;263;2939;2939;8.36;0.52;214.94;3.54;745;11;998.00;0
2197;11;623811629;2197;265;2940;2940;8.30;0.51;214.98;3.54;743;11;999.00;0
2198;11;623811639;2198;265;2940;2940;8.25;0.51;215.09;3.54;742;11;1000.00;0
2201;11;623811651;2201;257;2941;2941;8.12;0.50;215.15;3.54;740;11;1001.00;0
2206;11;623811660;2206;255;2941;2941;8.03;0.49;215.09;3.54;735;11;1002.00;0
2210;11;623811668;2210;252;2941;2941;8.02;0.49;215.37;3.54;731;11;1003.00;0
2213;11;623811677;2213;251;2941;2941;7.92;0.49;215.42;3.54;728;11;1004.00;0
2217;11;623811685;2217;250;2941;2941;7.91;0.48;215.43;3.54;724;11;1005.00;0
2221;11;623811693;2221;246;2941;2941;7.91;0.49;215.64;3.54;720;11;1006.00;0
2224;11;623811701;2224;242;2941;2941;7.92;0.49;215.70;3.54;717;11;1007.00;0
2227;11;623811709;2227;258;3015;3068;8.08;0.50;215.97;3.45;788;11;1008.00;53
2228;11;623811727;2228;251;3020;3069;8.09;0.50;215.94;3.45;792;11;1009.00;49
2230;11;623811736;2230;247;3030;3069;8.13;0.51;215.99;3.44;800;11;1010.00;39
2234;11;623811745;2234;248;3034;3069;8.08;0.50;216.03;3.44;800;11;1011.00;35
2235;11;623811754;2235;246;3040;3069;7.99;0.50;215.98;3.44;805;11;1012.00;29
2240;11;623811762;2240;255;3042;3069;7.86;0.49;216.09;3.44;802;11;1013.00;27
2245;11;623811771;2245;248;3044;3069;7.83;0.49;216.33;3.45;799;11;1014.00;25
2251;11;623811780;2251;249;3046;3069;7.80;0.48;216.41;3.45;795;11;1015.00;23
2256;11;623811789;2256;254;3049;3070;7.75;0.48;216.48;3.45;793;11;1016.00;21
2262;11;623811797;2262;260;3051;3071;7.69;0.47;216.73;3.46;789;11;1017.00;20
2267;11;623811812;2267;255;3052;3071;7.57;0.46;217.09;3.46;785;11;1018.00;19
2270;11;623811821;2270;262;3055;3072;7.37;0.45;217.27;3.46;785;11;1019.00;17
2274;11;623811831;2274;256;3058;3072;7.27;0.45;217.35;3.47;784;11;1020.00;14
2275;11;623811840;2275;257;3061;3072;7.20;0.44;217.45;3.48;786;11;1021.00;11
2279;11;623811849;2279;259;3065;3072;7.18;0.44;217.74;3.49;786;11;1022.00;7
2282;11;623811859;2282;262;3069;3076;7.25;0.45;217.90;3.49;787;11;1023.00;7
2286;11;623811868;2286;255;3070;3076;7.27;0.45;218.21;3.50;784;11;1024.00;6
2287;11;623811878;2287;252;3071;3076;7.41;0.46;218.25;3.50;784;11;1025.00;5
2289;11;623811887;2289;254;3072;3079;7.55;0.46;218.39;3.50;783;11;1026.00;7
2293;11;623811897;2293;249;3072;3079;7.60;0.47;218.48;3.50;779;11;1027.00;7
2295;11;623811907;2295;242;3075;3079;7.71;0.47;218.54;3.51;780;11;1028.00;4
2298;11;623811916;2298;235;3080;3083;7.76;0.47;218.72;3.51;782;11;1029.00;3
2300;11;623811926;2300;234;3082;3084;7.89;0.48;218.82;3.52;782;11;1030.00;2
2302;11;623811935;2302;227;3083;3084;8.02;0.49;218.92;3.52;781;11;1031.00;1
2308;11;623811945;2308;224;3086;3088;8.11;0.50;219.08;3.51;778;11;1032.00;2
2311;11;623811955;2311;216;3086;3088;8.19;0.50;219.07;3.51;775;11;1033.00;2
2317;11;623811965;2317;215;3087;3088;8.14;0.50;219.37;3.51;770;11;1034.00;1
2322;11;623811975;2322;211;3090;3090;8.10;0.49;219.51;3.51;768;11;1035.00;0
2324;11;623811985;2324;215;3090;3090;8.17;0.50;219.81;3.51;766;11;1036.00;0
2327;11;623811995;2327;212;3096;3096;8.23;0.50;220.05;3.51;769;11;1037.00;0
2330;11;623812005;2330;208;3096;3096;8.30;0.51;219.99;3.51;766;11;1038.00;0
2333;11;623812016;2333;213;3097;3097;8.33;0.51;220.06;3.51;764;11;1039.00;0
2336;11;623812025;2336;212;3097;3097;8.39;0.51;220.06;3.51;761;11;1040.00;0
2338;11;623812035;2338;205;3097;3097;8.36;0.51;220.09;3.51;759;11;1041.00;0
2342;11;623812044;2342;205;3097;3097;8.29;0.51;220.12;3.51;755;11;1042.00;0
2345;11;623812053;2345;205;3097;3097;8.30;0.51;220.13;3.51;752;11;1043.00;0
2345;11;623812063;2345;209;3107;3109;8.43;0.52;220.13;3.50;762;11;1044.00;2
2352;11;623812073;2352;206;3107;3109;8.36;0.51;220.26;3.50;755;11;1045.00;2
2357;11;623812083;2357;205;3109;3109;8.37;0.51;220.65;3.50;752;11;1046.00;0
2359;11;623812093;2359;206;3109;3109;8.39;0.51;220.57;3.50;750;11;1047.00;0
2362;11;623812102;2362;209;3109;3109;8.40;0.51;220.70;3.50;747;11;1048.00;0
2364;11;623812112;2364;209;3109;3109;8.42;0.51;220.65;3.50;745;11;1049.00;0
2367;11;623812128;2367;216;3115;3115;8.38;0.51;220.75;3.49;748;11;1050.00;0
2371;11;623812139;2371;215;3115;3115;8.38;0.51;220.83;3.49;744;11;1051.00;0
2374;11;623812148;2374;213;3119;3119;8.36;0.51;220.80;3.49;745;11;1052.00;0
2382;11;623812158;2382;215;3120;3120;8.31;0.51;220.76;3.49;738;11;1053.00;0
2384;11;623812169;2384;221;3120;3120;8.32;0.51;220.81;3.49;736;11;1054.00;0
2388;11;623812178;2388;223;3120;3120;8.38;0.51;220.83;3.49;732;11;1055.00;0
2394;11;623812188;2394;222;3133;3133;8.46;0.52;221.00;3.47;739;11;1056.00;0
2396;11;623812198;2396;218;3133;3133;8.49;0.52;220.99;3.47;737;11;1057.00;0
2399;11;623812207;2399;218;3133;3133;8.55;0.52;221.25;3.47;734;11;1058.00;0
2404;11;623812217;2404;214;3134;3134;8.56;0.52;221.31;3.47;730;11;1059.00;0
2407;11;623812229;2407;213;3135;3135;8.58;0.53;221.51;3.47;728;11;1060.00;0
2412;11;623812242;2412;213;3135;3135;8.60;0.53;221.43;3.47;723;11;1061.00;0
2415;11;623812260;2415;218;3137;3138;8.68;0.53;221.32;3.47;722;11;1062.00;1
2417;11;623812275;2417;218;3137;3138;8.69;0.53;221.44;3.47;720;11;1063.00;1
2420;11;623812291;2420;220;3138;3138;8.65;0.53;221.47;3.47;718;11;1064.00;0
2425;11;623812304;2425;216;3138;3138;8.65;0.53;221.66;3.47;713;11;1065.00;0
2430;11;623812318;2430;219;3144;3144;8.60;0.53;221.86;3.46;714;11;1066.00;0
2435;11;623812336;2435;209;3144;3144;8.59;0.52;221.97;3.46;709;11;1067.00;0
2436;11;623812349;2436;198;3144;3144;8.53;0.52;221.99;3.46;708;11;1068.00;0
2439;11;623812360;2439;200;3144;3144;8.47;0.52;222.33;3.46;705;11;1069.00;0
2442;11;623812370;2442;194;3148;3148;8.44;0.52;222.41;3.46;706;11;1070.00;0
2447;11;623812381;2447;195;3149;3149;8.38;0.51;222.44;3.46;702;11;1071.00;0
2450;11;623812392;2450;198;3149;3149;8.40;0.51;222.58;3.46;699;11;1072.00;0
2453;12;623812403;2453;205;3150;3150;8.45;0.51;222.57;3.46;697;12;1073.00;0
2457;12;623812426;2457;203;3150;3150;8.43;0.51;222.68;3.46;693;12;1074.00;0
2459;12;623812437;2459;208;3150;3150;8.46;0.51;222.67;3.46;691;12;1075.00;0
2465;12;623812447;2465;188;3150;3150;8.51;0.52;222.74;3.46;685;12;1076.00;0
2467;12;623812459;2467;182;3150;3150;8.59;0.52;222.70;3.46;683;12;1077.00;0
2470;12;623812471;2470;173;3150;3150;8.63;0.52;222.77;3.46;680;12;1078.00;0
2471;12;623812481;2471;166;3150;3150;8.73;0.53;222.72;3.46;679;12;1079.00;0
2473;12;623812499;2473;184;3233;3275;8.75;0.54;222.70;3.37;760;12;1080.00;42
2474;12;623812520;2474;175;3238;3276;8.86;0.55;222.75;3.36;764;12;1081.00;38
2475;12;623812533;2475;165;3244;3276;8.98;0.55;222.87;3.36;769;12;1082.00;32
2478;12;623812545;2478;164;3247;3276;9.10;0.56;222.87;3.36;769;12;1083.00;29
2479;12;623812558;2479;163;3252;3276;9.22;0.57;222.87;3.36;773;12;1084.00;24
2485;12;623812570;2485;157;3254;3276;9.25;0.57;223.11;3.36;769;12;1085.00;22
2485;12;623812581;2485;158;3259;3276;9.31;0.57;223.11;3.37;774;12;1086.00;17
2487;12;623812594;2487;157;3261;3276;9.35;0.57;223.10;3.37;774;12;1087.00;15
2490;12;623812609;2490;161;3265;3277;9.31;0.57;223.25;3.38;775;12;1088.00;12
2494;12;623812621;2494;167;3269;3278;9.21;0.56;223.39;3.38;775;12;1089.00;9
2496;12;623812632;2496;167;3273;3278;9.21;0.56;223.72;3.39;777;12;1090.00;5
2499;12;623812642;2499;170;3279;3282;9.11;0.55;223.92;3.39;780;12;1091.00;3
2500;12;623812654;2500;169;3279;3282;9.10;0.56;223.92;3.39;779;12;1092.00;3
2504;12;623812664;2504;178;3280;3282;9.04;0.55;224.32;3.39;776;12;1093.00;2
2507;12;623812675;2507;183;3280;3282;9.04;0.55;224.30;3.39;773;12;1094.00;2
2507;12;623812686;2507;186;3286;3288;8.98;0.55;224.30;3.39;779;12;1095.00;2
2510;12;623812696;2510;189;3287;3288;8.95;0.54;224.39;3.39;777;12;1096.00;1
2511;12;623812707;2511;193;3287;3288;8.99;0.55;224.45;3.39;776;12;1097.00;1
2512;12;623812718;2512;194;3289;3291;8.98;0.55;224.47;3.39;777;12;1098.00;2
2514;12;623812728;2514;200;3290;3291;8.96;0.55;224.51;3.39;776;12;1099.00;1
2515;12;623812740;2515;201;3290;3291;9.01;0.55;224.54;3.39;775;12;1100.00;1
2517;12;623812755;2517;199;3291;3292;8.98;0.55;224.61;3.39;774;12;1101.00;1
2521;12;623812766;2521;203;3292;3293;9.00;0.55;224.48;3.39;771;12;1102.00;1
2521;12;623812776;2521;201;3292;3293;9.01;0.55;224.48;3.39;771;12;1103.00;1
2524;12;623812785;2524;206;3304;3306;9.03;0.55;224.31;3.38;780;12;1104.00;2
2528;12;623812796;2528;203;3304;3306;9.06;0.55;224.27;3.38;776;12;1105.00;2
2532;12;623812806;2532;201;3304;3306;9.10;0.56;224.12;3.38;772;12;1106.00;2
2533;12;623812816;2533;204;3305;3307;9.21;0.56;224.15;3.38;772;12;1107.00;2
2535;12;623812826;2535;207;3305;3307;9.30;0.57;224.06;3.38;770;12;1108.00;2
2537;12;623812836;2537;208;3308;3311;9.37;0.57;224.00;3.38;771;12;1109.00;3
2537;12;623812849;2537;212;3309;3311;9.45;0.58;224.00;3.38;772;12;1110.00;2
2540;12;623812859;2540;210;3312;3315;9.57;0.58;223.93;3.38;772;12;1111.00;3
2543;12;623812870;2543;215;3312;3315;9.72;0.59;224.04;3.38;769;12;1112.00;3
2544;12;623812880;2544;214;3312;3315;9.84;0.60;223.96;3.38;768;12;1113.00;3
2549;12;623812890;2549;219;3313;3315;9.90;0.60;223.87;3.38;764;12;1114.00;2
2550;12;623812901;2550;221;3313;3315;9.95;0.61;223.84;3.38;763;12;1115.00;2
2553;12;623812910;2553;224;3323;3327;9.96;0.61;223.68;3.37;770;12;1116.00;4
2556;12;623812921;2556;229;3324;3327;9.91;0.60;223.70;3.37;768;12;1117.00;3
2560;12;623812931;2560;237;3324;3327;9.82;0.60;223.61;3.37;764;12;1118.00;3
2561;12;623812941;2561;233;3324;3327;9.78;0.60;223.62;3.37;763;12;1119.00;3
2567;12;623812950;2567;236;3324;3327;9.69;0.59;223.54;3.37;757;12;1120.00;3
2569;12;623812959;2569;238;3324;3327;9.62;0.59;223.48;3.37;755;12;1121.00;3
2571;12;623812970;2571;233;3324;3328;9.51;0.58;223.43;3.37;753;12;1122.00;4
2571;12;623812979;2571;238;3324;3328;9.46;0.58;223.43;3.37;753;12;1123.00;4
2575;12;623812988;2575;235;3329;3334;9.41;0.57;223.31;3.36;754;12;1124.00;5
2575;12;623812998;2575;239;3333;3336;9.33;0.57;223.31;3.37;758;12;1125.00;3
2577;12;623813007;2577;238;3333;3336;9.28;0.57;223.28;3.37;756;12;1126.00;3
2584;12;623813016;2584;237;3333;3336;9.18;0.56;223.13;3.37;749;12;1127.00;3
2585;12;623813026;2585;241;3336;3340;9.19;0.56;223.14;3.37;751;12;1128.00;4
2590;12;623813036;2590;245;3336;3340;9.07;0.55;222.98;3.37;746;12;1129.00;4
2591;12;623813045;2591;247;3336;3340;9.06;0.55;222.91;3.37;745;12;1130.00;4
2593;12;623813055;2593;239;3337;3341;9.09;0.55;222.84;3.37;744;12;1131.00;4
2594;12;623813064;2594;233;3340;3345;9.11;0.56;222.80;3.36;746;12;1132.00;5
2596;12;623813073;2596;229;3340;3345;9.19;0.56;222.80;3.36;744;12;1133.00;5
2598;12;623813083;2598;224;3342;3348;9.29;0.56;222.68;3.36;744;12;1134.00;6
2599;12;623813093;2599;218;3343;3348;9.42;0.57;222.64;3.36;744;12;1135.00;5
2600;12;623813103;2600;217;3343;3348;9.55;0.58;222.56;3.36;743;12;1136.00;5
2602;12;623813119;2602;210;3343;3348;9.60;0.58;222.57;3.36;741;12;1137.00;5
2602;12;623813129;2602;213;3347;3352;9.70;0.59;222.57;3.36;745;12;1138.00;5
2602;12;623813140;2602;213;3347;3352;9.77;0.59;222.57;3.36;745;12;1139.00;5
2602;12;623813151;2602;212;3347;3352;9.84;0.60;222.57;3.36;745;12;1140.00;5
2603;12;623813161;2603;211;3347;3352;9.84;0.60;222.56;3.36;744;12;1141.00;5
2605;12;623813170;2605;211;3347;3353;9.88;0.60;222.54;3.36;742;12;1142.00;6
2605;12;623813186;2605;209;3348;3354;9.84;0.60;222.54;3.36;743;12;1143.00;6
2607;12;623813196;2607;210;3348;3354;9.78;0.60;222.43;3.36;741;12;1144.00;6
2608;12;623813205;2608;207;3349;3355;9.75;0.59;222.45;3.36;741;12;1145.00;6
2609;12;623813220;2609;210;3349;3355;9.64;0.59;222.50;3.36;740;12;1146.00;6
2613;12;623813230;2613;215;3349;3355;9.60;0.59;222.35;3.36;736;12;1147.00;6
2615;12;623813240;2615;221;3349;3355;9.56;0.58;222.28;3.36;734;12;1148.00;6
2615;12;623813249;2615;223;3349;3355;9.59;0.59;222.28;3.36;734;12;1149.00;6
2616;12;623813259;2616;228;3351;3355;9.54;0.58;222.26;3.37;735;12;1150.00;4
2620;12;623813268;2620;225;3351;3355;9.47;0.58;222.44;3.37;731;12;1151.00;4
2620;12;623813278;2620;243;3417;3482;9.48;0.59;222.44;3.31;797;12;1152.00;65
2623;12;623813296;2623;238;3423;3483;9.41;0.58;222.48;3.32;800;12;1153.00;60
2625;12;623813306;2625;234;3434;3483;9.37;0.58;222.57;3.32;809;12;1154.00;49
2626;12;623813315;2626;235;3440;3483;9.29;0.57;222.67;3.32;814;12;1155.00;43
2628;12;623813324;2628;231;3447;3483;9.18;0.57;222.80;3.33;819;12;1156.00;36
2628;12;623813334;2628;235;3449;3483;9.10;0.56;222.80;3.33;821;12;1157.00;34
2629;12;623813343;2629;235;3452;3483;9.04;0.56;222.78;3.33;823;12;1158.00;31
2631;12;623813352;2631;239;3455;3483;8.98;0.56;222.93;3.33;824;12;1159.00;28
2632;12;623813366;2632;246;3459;3484;9.00;0.56;222.92;3.34;827;12;1160.00;25
2637;12;623813375;2637;250;3466;3485;9.03;0.56;222.90;3.35;829;12;1161.00;19
2637;12;623813385;2637;255;3469;3485;9.01;0.56;222.90;3.35;832;12;1162.00;16
2640;12;623813394;2640;255;3473;3486;8.92;0.55;223.06;3.36;833;12;1163.00;13
2645;12;623813404;2645;263;3476;3486;8.74;0.54;223.14;3.37;831;12;1164.00;10
2648;12;623813413;2648;269;3477;3486;8.53;0.53;223.18;3.37;829;12;1165.00;9
2648;12;623813422;2648;271;3477;3486;8.43;0.52;223.18;3.37;829;12;1166.00;9
2651;12;623813431;2651;277;3485;3490;8.33;0.51;223.22;3.38;834;12;1167.00;5
2656;12;623813441;2656;286;3486;3490;8.19;0.50;223.28;3.38;830;12;1168.00;4
2660;12;623813450;2660;290;3486;3490;8.04;0.49;223.48;3.38;826;12;1169.00;4
2662;12;623813461;2662;290;3489;3496;7.98;0.49;223.62;3.38;827;12;1170.00;7
2663;12;623813471;2663;288;3490;3496;7.88;0.49;223.62;3.38;827;12;1171.00;6
2664;12;623813480;2664;293;3492;3496;7.86;0.48;223.63;3.38;828;12;1172.00;4
2667;12;623813489;2667;291;3496;3500;7.80;0.48;223.68;3.38;829;12;1173.00;4
2671;12;623813499;2671;288;3497;3501;7.82;0.48;223.80;3.38;826;12;1174.00;4
2674;12;623813514;2674;293;3499;3501;7.85;0.48;223.91;3.39;825;12;1175.00;2
2674;12;623813524;2674;291;3503;3505;7.92;0.49;223.91;3.39;829;12;1176.00;2
2677;12;623813534;2677;293;3503;3505;7.97;0.49;224.01;3.39;826;12;1177.00;2
2681;12;623813543;2681;288;3505;3505;7.95;0.49;224.07;3.39;824;12;1178.00;0
2681;12;623813553;2681;291;3505;3506;7.94;0.49;224.07;3.39;824;12;1179.00;1
2685;12;623813562;2685;295;3506;3506;7.86;0.48;224.22;3.39;821;12;1180.00;0
2688;12;623813577;2688;302;3511;3512;7.79;0.48;224.29;3.39;823;12;1181.00;1
2692;12;623813586;2692;300;3511;3512;7.71;0.47;224.31;3.39;819;12;1182.00;1
2697;12;623813596;2697;302;3513;3513;7.58;0.46;224.43;3.39;816;12;1183.00;0
2701;12;623813604;2701;301;3513;3513;7.52;0.46;224.47;3.39;812;12;1184.00;0
2709;12;623813614;2709;302;3513;3513;7.41;0.45;224.66;3.39;804;12;1185.00;0
2710;12;623813623;2710;306;3513;3513;7.38;0.45;224.70;3.39;803;12;1186.00;0
2717;12;623813631;2717;303;3513;3513;7.29;0.44;225.08;3.39;796;12;1187.00;0
2721;12;623813640;2721;297;3524;3525;7.30;0.44;225.23;3.38;803;12;1188.00;1
2724;12;623813651;2724;299;3524;3525;7.29;0.44;225.42;3.38;800;12;1189.00;1
2728;12;623813660;2728;289;3524;3525;7.25;0.44;225.65;3.38;796;12;1190.00;1
2731;12;623813669;2731;284;3524;3525;7.26;0.44;225.87;3.38;793;12;1191.00;1
2737;12;623813678;2737;271;3524;3525;7.29;0.44;226.29;3.38;787;12;1192.00;1
2740;12;623813687;2740;261;3525;3525;7.42;0.45;226.36;3.38;785;12;1193.00;0
2743;12;623813695;2743;254;3529;3529;7.54;0.46;226.44;3.38;786;12;1194.00;0
2747;12;623813704;2747;248;3529;3529;7.64;0.47;226.71;3.38;782;12;1195.00;0
2749;12;623813713;2749;249;3532;3533;7.82;0.48;226.75;3.37;783;12;1196.00;1
2754;12;623813722;2754;239;3534;3534;7.82;0.48;227.02;3.37;780;12;1197.00;0
2760;12;623813732;2760;233;3534;3534;7.82;0.48;227.21;3.37;774;12;1198.00;0
2761;12;623813741;2761;224;3534;3534;7.91;0.48;227.25;3.37;773;12;1199.00;0
2764;12;623813753;2764;229;3560;3575;7.89;0.48;227.29;3.35;796;12;1200.00;15
2766;12;623813771;2766;224;3561;3575;7.96;0.49;227.32;3.35;795;12;1201.00;14
2770;12;623813783;2770;211;3564;3575;8.00;0.49;227.26;3.35;794;12;1202.00;11
2774;12;623813792;2774;210;3566;3576;8.09;0.50;227.66;3.34;792;12;1203.00;10
2779;12;623813802;2779;207;3568;3577;8.12;0.50;227.74;3.34;789;12;1204.00;9
2783;12;623813812;2783;209;3570;3577;8.10;0.50;227.97;3.35;787;12;1205.00;7
2786;12;623813822;2786;212;3573;3580;8.11;0.50;228.11;3.34;787;12;1206.00;7
2792;12;623813833;2792;216;3573;3580;8.08;0.49;228.34;3.34;781;12;1207.00;7
2795;12;623813844;2795;216;3575;3580;8.05;0.49;228.40;3.35;780;12;1208.00;5
2802;12;623813853;2802;209;3575;3580;7.99;0.49;228.49;3.35;773;12;1209.00;5
2805;12;623813863;2805;217;3581;3586;7.96;0.49;228.65;3.34;776;12;1210.00;5
2809;12;623813873;2809;215;3582;3586;7.91;0.48;228.71;3.34;773;12;1211.00;4
2815;12;623813882;2815;215;3582;3586;7.96;0.49;228.77;3.34;767;12;1212.00;4
2817;12;623813892;2817;214;3582;3586;8.07;0.49;228.85;3.34;765;12;1213.00;4
2820;12;623813901;2820;216;3586;3590;8.06;0.49;228.91;3.34;766;12;1214.00;4
2824;12;623813911;2824;216;3588;3592;8.04;0.49;229.04;3.34;764;12;1215.00;4
2826;12;623813921;2826;218;3589;3592;8.09;0.49;229.12;3.34;763;12;1216.00;3
2834;12;623813931;2834;221;3590;3593;8.11;0.49;229.30;3.34;756;12;1217.00;3
2837;12;623813940;2837;225;3590;3593;8.14;0.50;229.37;3.34;753;12;1218.00;3
2842;12;623813950;2842;221;3590;3593;8.16;0.50;229.55;3.34;748;12;1219.00;3
2843;12;623813959;2843;222;3590;3593;8.16;0.50;229.59;3.34;747;12;1220.00;3
2848;12;623813969;2848;219;3591;3593;8.08;0.49;229.69;3.35;743;12;1221.00;2
2854;12;623813978;2854;221;3591;3593;7.93;0.48;229.66;3.35;737;12;1222.00;2
2859;12;623813987;2859;223;3591;3593;7.73;0.47;229.59;3.35;732;12;1223.00;2
2864;12;623813996;2864;236;3632;3663;7.52;0.46;229.56;3.31;768;12;1224.00;31
2868;12;623814011;2868;232;3633;3664;7.49;0.46;229.66;3.31;765;12;1225.00;31
2870;12;623814021;2870;232;3639;3664;7.56;0.46;229.67;3.31;769;12;1226.00;25
2874;12;623814030;2874;235;3640;3664;7.58;0.46;229.78;3.31;766;12;1227.00;24
2877;12;623814040;2877;235;3645;3666;7.60;0.46;229.92;3.31;768;12;1228.00;21
2881;12;623814049;2881;235;3646;3666;7.64;0.47;229.89;3.31;765;12;1229.00;20
2884;12;623814060;2884;246;3649;3666;7.61;0.46;229.77;3.32;765;12;1230.00;17
2887;12;623814069;2887;242;3652;3666;7.59;0.46;229.78;3.32;765;12;1231.00;14
2891;12;623814080;2891;246;3654;3667;7.56;0.46;229.77;3.32;763;12;1232.00;13
2892;12;623814089;2892;249;3659;3668;7.55;0.46;229.80;3.34;767;12;1233.00;9
2895;12;623814098;2895;250;3661;3668;7.50;0.46;229.86;3.34;766;12;1234.00;7
2897;12;623814108;2897;260;3668;3672;7.52;0.46;229.89;3.34;771;12;1235.00;4
2898;12;623814117;2898;265;3670;3672;7.52;0.46;230.03;3.34;772;12;1236.00;2
2899;12;623814127;2899;256;3670;3672;7.57;0.47;230.06;3.34;771;12;1237.00;2
2903;12;623814137;2903;254;3671;3672;7.50;0.46;230.18;3.35;768;12;1238.00;1
2904;12;623814146;2904;255;3678;3678;7.51;0.46;230.13;3.34;774;12;1239.00;0
2908;12;623814157;2908;251;3678;3678;7.49;0.46;230.26;3.34;770;12;1240.00;0
2910;12;623814167;2910;248;3678;3678;7.52;0.46;230.28;3.34;768;12;1241.00;0
2914;12;623814177;2914;252;3680;3681;7.55;0.46;230.20;3.34;766;12;1242.00;1
2916;12;623814186;2916;255;3680;3681;7.55;0.46;230.32;3.34;764;12;1243.00;1
2919;12;623814196;2919;253;3681;3681;7.54;0.46;230.35;3.34;762;12;1244.00;0
2921;12;623814205;2921;263;3682;3682;7.49;0.46;230.35;3.34;761;12;1245.00;0
2924;12;623814215;2924;249;3683;3683;7.51;0.46;230.30;3.34;759;12;1246.00;0
2924;12;623814225;2924;247;3683;3683;7.56;0.46;230.30;3.34;759;12;1247.00;0
2928;12;623814241;2928;247;3695;3696;7.55;0.46;230.24;3.33;767;12;1248.00;1
2931;12;623814262;2931;237;3696;3696;7.52;0.46;230.23;3.33;765;12;1249.00;0
2932;12;623814278;2932;239;3696;3696;7.50;0.46;230.24;3.33;764;12;1250.00;0
2935;12;623814294;2935;236;3697;3697;7.62;0.46;230.31;3.33;762;12;1251.00;0
2935;12;623814309;2935;239;3697;3697;7.70;0.47;230.31;3.33;762;12;1252.00;0
2938;12;623814324;2938;237;3701;3701;7.78;0.47;230.24;3.33;763;12;1253.00;0
2942;12;623814339;2942;237;3701;3701;7.82;0.48;230.37;3.33;759;12;1254.00;0
2945;12;623814353;2945;239;3705;3705;7.87;0.48;230.23;3.32;760;12;1255.00;0
2947;12;623814365;2947;242;3705;3705;7.86;0.48;230.22;3.32;758;12;1256.00;0
2948;12;623814375;2948;243;3705;3705;7.86;0.48;230.22;3.32;757;12;1257.00;0
2948;12;623814386;2948;241;3705;3705;7.82;0.47;230.22;3.32;757;12;1258.00;0
2950;12;623814397;2950;240;3705;3705;7.80;0.47;230.14;3.32;755;12;1259.00;0
2951;12;623814409;2951;251;3736;3739;7.78;0.48;230.12;3.30;785;12;1260.00;3
2953;12;623814423;2953;243;3736;3739;7.78;0.47;230.22;3.30;783;12;1261.00;3
2954;12;623814433;2954;238;3738;3739;7.88;0.48;230.27;3.30;784;12;1262.00;1
2954;12;623814444;2954;243;3738;3739;7.95;0.49;230.27;3.30;784;12;1263.00;1
2958;13;623814454;2958;242;3739;3739;8.01;0.49;230.24;3.30;781;13;1264.00;0
2963;13;623814477;2963;250;3739;3739;8.00;0.49;230.07;3.30;776;13;1265.00;0
2964;13;623814487;2964;251;3739;3740;8.08;0.49;230.01;3.30;775;13;1266.00;1
2965;14;623814497;2965;257;3739;3740;8.18;0.50;229.96;3.30;774;14;1267.00;1
2965;14;623814518;2965;258;3744;3746;8.32;0.51;229.96;3.29;779;14;1268.00;2
2969;14;623814528;2969;261;3745;3747;8.39;0.51;229.81;3.29;776;14;1269.00;2
2972;14;623814539;2972;263;3745;3747;8.46;0.51;229.71;3.29;773;14;1270.00;2
2973;14;623814549;2973;266;3745;3747;8.46;0.51;229.70;3.29;772;14;1271.00;2
2977;14;623814565;2977;261;3748;3751;8.45;0.51;229.61;3.29;771;14;1272.00;3
2978;14;623814575;2978;262;3748;3751;8.48;0.51;229.62;3.29;770;14;1273.00;3
2979;14;623814585;2979;260;3748;3751;8.48;0.51;229.70;3.29;769;14;1274.00;3
2980;14;623814595;2980;262;3749;3752;8.56;0.52;229.69;3.29;769;14;1275.00;3
2981;14;623814605;2981;264;3752;3756;8.52;0.52;229.83;3.29;771;14;1276.00;4
2982;14;623814615;2982;260;3752;3756;8.53;0.52;229.80;3.29;770;14;1277.00;4
2984;14;623814624;2984;264;3754;3759;8.56;0.52;229.72;3.28;770;14;1278.00;5
2985;14;623814634;2985;265;3754;3759;8.57;0.52;229.72;3.28;769;14;1279.00;5
2987;14;623814644;2987;267;3755;3759;8.59;0.52;229.71;3.28;768;14;1280.00;4
2989;14;623814654;2989;266;3755;3759;8.59;0.52;229.71;3.28;766;14;1281.00;4
2990;14;623814664;2990;260;3759;3763;8.67;0.53;229.70;3.28;769;14;1282.00;4
2990;14;623814674;2990;243;3759;3763;8.76;0.53;229.70;3.28;769;14;1283.00;4
2993;14;623814684;2993;236;3759;3763;8.80;0.53;229.62;3.28;766;14;1284.00;4
2993;14;623814694;2993;231;3759;3763;8.91;0.54;229.62;3.28;766;14;1285.00;4
2995;14;623814703;2995;230;3759;3764;9.00;0.55;229.61;3.28;764;14;1286.00;5
2995;14;623814713;2995;231;3760;3765;9.12;0.55;229.61;3.28;765;14;1287.00;5
2997;14;623814723;2997;232;3760;3765;9.19;0.56;229.57;3.28;763;14;1288.00;5
3000;14;623814733;3000;226;3761;3766;9.20;0.56;229.61;3.28;761;14;1289.00;5
3001;14;623814746;3001;218;3761;3766;9.29;0.56;229.60;3.28;760;14;1290.00;5
3002;14;623814756;3002;218;3761;3766;9.38;0.57;229.60;3.28;759;14;1291.00;5
3003;14;623814775;3003;212;3761;3766;9.42;0.57;229.57;3.28;758;14;1292.00;5
3006;14;623814793;3006;212;3761;3766;9.50;0.58;229.58;3.28;755;14;1293.00;5
3008;14;623814803;3008;208;3762;3766;9.56;0.58;229.49;3.29;754;14;1294.00;4
3009;14;623814814;3009;203;3763;3766;9.62;0.58;229.47;3.29;754;14;1295.00;3
3010;14;623814824;3010;216;3826;3893;9.50;0.58;229.48;3.24;816;14;1296.00;67
3013;14;623814853;3013;204;3826;3894;9.56;0.59;229.46;3.24;813;14;1297.00;68
3013;14;623814864;3013;197;3833;3894;9.67;0.59;229.46;3.24;820;14;1298.00;61
3017;14;623814874;3017;193;3834;3894;9.71;0.60;229.35;3.24;817;14;1299.00;60
3017;14;623814887;3017;186;3839;3894;9.77;0.60;229.35;3.24;822;14;1300.00;55
3018;14;623814904;3018;178;3840;3894;9.81;0.60;229.33;3.24;822;14;1301.00;54
3018;14;623814916;3018;174;3842;3894;9.90;0.61;229.33;3.24;824;14;1302.00;52
3021;14;623814927;3021;170;3844;3894;9.94;0.61;229.23;3.24;823;14;1303.00;50
3024;14;623814938;3024;170;3846;3895;9.98;0.61;229.27;3.24;822;14;1304.00;49
3028;14;623814950;3028;173;3851;3897;10.03;0.61;229.16;3.25;823;14;1305.00;46
3029;14;623814962;3029;176;3852;3897;10.08;0.62;229.16;3.25;823;14;1306.00;45
3030;14;623814974;3030;178;3855;3898;10.12;0.62;229.18;3.26;825;14;1307.00;43
3032;14;623814985;3032;175;3861;3898;10.04;0.61;229.16;3.27;829;14;1308.00;37
3032;14;623814996;3032;177;3864;3898;9.99;0.61;229.16;3.28;832;14;1309.00;34
3037;14;623815008;3037;184;3868;3898;9.91;0.61;229.18;3.30;831;14;1310.00;30
3041;14;623815027;3041;186;3874;3902;9.87;0.60;229.09;3.31;833;14;1311.00;28
3045;14;623815040;3045;196;3876;3902;9.81;0.60;229.07;3.31;831;14;1312.00;26
3047;14;623815051;3047;204;3880;3902;9.73;0.59;229.04;3.33;833;14;1313.00;22
3049;14;623815062;3049;208;3882;3905;9.64;0.59;229.11;3.33;833;14;1314.00;23
3050;14;623815079;3050;212;3885;3905;9.57;0.58;229.07;3.34;835;14;1315.00;20
3054;14;623815100;3054;215;3887;3905;9.43;0.57;229.12;3.34;833;14;1316.00;18
3055;14;623815112;3055;229;3892;3909;9.30;0.57;229.24;3.35;837;14;1317.00;17
3057;14;623815123;3057;231;3895;3910;9.22;0.56;229.31;3.36;838;14;1318.00;15
3059;14;623815133;3059;239;3898;3910;9.10;0.55;229.45;3.38;839;14;1319.00;12
3061;14;623815146;3061;243;3903;3915;9.04;0.55;229.50;3.38;842;14;1320.00;12
3061;14;623815157;3061;247;3905;3915;9.00;0.55;229.50;3.38;844;14;1321.00;10
3061;14;623815169;3061;252;3906;3915;8.98;0.55;229.50;3.39;845;14;1322.00;9
3065;14;623815180;3065;258;3907;3916;8.94;0.54;229.56;3.39;842;14;1323.00;9
3069;14;623815192;3069;258;3907;3916;8.88;0.54;229.80;3.39;838;14;1324.00;9
3071;14;623815202;3071;258;3914;3922;8.83;0.54;229.88;3.39;843;14;1325.00;8
3072;14;623815214;3072;260;3914;3922;8.75;0.53;229.88;3.39;842;14;1326.00;8
3074;14;623815234;3074;267;3915;3923;8.70;0.53;229.85;3.40;841;14;1327.00;8
3076;14;623815247;3076;266;3916;3923;8.64;0.53;229.95;3.41;840;14;1328.00;7
3079;14;623815263;3079;266;3918;3923;8.60;0.52;230.08;3.42;839;14;1329.00;5
3082;14;623815275;3082;261;3918;3923;8.51;0.52;230.21;3.42;836;14;1330.00;5
3084;14;623815285;3084;269;3918;3923;8.48;0.52;230.23;3.42;834;14;1331.00;5
3086;14;623815294;3086;275;3931;3935;8.46;0.52;230.41;3.43;845;14;1332.00;4
3090;14;623815305;3090;279;3932;3935;8.43;0.51;230.39;3.43;842;14;1333.00;3
3092;14;623815315;3092;285;3934;3935;8.40;0.51;230.49;3.43;842;14;1334.00;1
3094;14;623815325;3094;288;3934;3935;8.34;0.51;230.68;3.43;840;14;1335.00;1
3095;14;623815334;3095;293;3935;3935;8.32;0.51;230.67;3.43;840;14;1336.00;0
3097;14;623815344;3097;295;3935;3935;8.30;0.51;230.72;3.43;838;14;1337.00;0
3098;14;623815353;3098;300;3939;3939;8.20;0.50;230.86;3.43;841;14;1338.00;0
3100;14;623815363;3100;298;3939;3939;8.08;0.49;231.01;3.43;839;14;1339.00;0
3105;14;623815373;3105;298;3943;3943;8.07;0.49;231.20;3.43;838;14;1340.00;0
3110;14;623815384;3110;299;3944;3944;7.97;0.49;231.36;3.43;834;14;1341.00;0
3112;14;623815394;3112;300;3944;3944;7.94;0.49;231.47;3.43;832;14;1342.00;0
3117;14;623815404;3117;297;3944;3944;7.82;0.48;231.39;3.43;827;14;1343.00;0
3119;14;623815414;3119;296;3957;3957;7.75;0.48;231.66;3.42;838;14;1344.00;0
3122;14;623815425;3122;300;3957;3957;7.73;0.47;231.61;3.42;835;14;1345.00;0
3122;14;623815434;3122;301;3957;3957;7.77;0.48;231.61;3.42;835;14;1346.00;0
3126;14;623815443;3126;301;3958;3958;7.75;0.47;231.71;3.42;832;14;1347.00;0
3127;14;623815453;3127;302;3959;3959;7.76;0.48;231.66;3.41;832;14;1348.00;0
3129;14;623815463;3129;298;3959;3959;7.79;0.48;231.70;3.41;830;14;1349.00;0
3133;14;623815474;3133;304;3966;3968;7.84;0.48;231.87;3.41;833;14;1350.00;2
3136;14;623815484;3136;305;3966;3968;7.89;0.48;231.92;3.41;830;14;1351.00;2
3139;14;623815494;3139;308;3967;3968;7.82;0.48;232.13;3.41;828;14;1352.00;1
3143;14;623815503;3143;305;3967;3968;7.79;0.48;232.27;3.41;824;14;1353.00;1
3148;14;623815512;3148;297;3973;3974;7.77;0.47;232.33;3.41;825;14;1354.00;1
3152;14;623815522;3152;296;3974;3974;7.72;0.47;232.47;3.41;822;14;1355.00;0
3156;14;623815531;3156;296;3974;3974;7.69;0.47;232.70;3.41;818;14;1356.00;0
3159;14;623815540;3159;297;3974;3974;7.59;0.46;232.74;3.41;815;14;1357.00;0
3164;14;623815549;3164;300;3978;3978;7.40;0.45;232.95;3.40;814;14;1358.00;0
3169;14;623815558;3169;302;3979;3979;7.29;0.44;232.82;3.40;810;14;1359.00;0
3175;14;623815567;3175;293;3979;3979;7.21;0.44;232.94;3.40;804;14;1360.00;0
3180;14;623815576;3180;286;3980;3980;7.26;0.44;233.22;3.40;800;14;1361.00;0
3182;14;623815585;3182;282;3980;3980;7.30;0.45;233.32;3.40;798;14;1362.00;0
3185;14;623815594;3185;276;3980;3980;7.34;0.45;233.44;3.40;795;14;1363.00;0
3189;14;623815603;3189;279;3980;3980;7.35;0.45;233.62;3.40;791;14;1364.00;0
3192;14;623815612;3192;276;3980;3980;7.39;0.45;233.60;3.40;788;14;1365.00;0
3196;14;623815621;3196;273;3980;3980;7.35;0.45;233.94;3.40;784;14;1366.00;0
3202;14;623815629;3202;265;3980;3980;7.30;0.45;234.03;3.40;778;14;1367.00;0
3205;14;623815639;3205;264;4015;4050;7.45;0.46;234.05;3.37;810;14;1368.00;35
3207;14;623815653;3207;263;4019;4051;7.48;0.46;234.17;3.37;812;14;1369.00;32
3210;14;623815662;3210;259;4025;4051;7.61;0.47;234.22;3.37;815;14;1370.00;26
3215;14;623815671;3215;252;4029;4051;7.62;0.47;234.35;3.37;814;14;1371.00;22
3219;14;623815680;3219;257;4032;4051;7.61;0.46;234.50;3.37;813;14;1372.00;19
3222;14;623815690;3222;262;4035;4051;7.57;0.46;234.60;3.37;813;14;1373.00;16
3225;14;623815699;3225;254;4038;4051;7.55;0.46;234.51;3.37;813;14;1374.00;13
3230;14;623815709;3230;258;4040;4051;7.48;0.46;234.53;3.37;810;14;1375.00;11
3233;14;623815718;3233;259;4041;4052;7.42;0.45;234.58;3.37;808;14;1376.00;11
3237;14;623815728;3237;256;4044;4053;7.43;0.45;234.58;3.38;807;14;1377.00;9
3242;14;623815738;3242;257;4045;4053;7.38;0.45;234.85;3.38;803;14;1378.00;8
3244;14;623815748;3244;255;4050;4057;7.37;0.45;234.79;3.38;806;14;1379.00;7
3248;14;623815759;3248;257;4052;4057;7.34;0.45;234.86;3.38;804;14;1380.00;5
3253;14;623815768;3253;256;4052;4057;7.28;0.45;234.86;3.38;799;14;1381.00;5
3256;14;623815778;3256;252;4052;4057;7.30;0.45;234.86;3.38;796;14;1382.00;5
3259;14;623815788;3259;253;4059;4063;7.32;0.45;235.00;3.38;800;14;1383.00;4
3264;14;623815798;3264;255;4061;4063;7.32;0.45;235.24;3.39;797;14;1384.00;2
3267;14;623815807;3267;251;4062;4063;7.32;0.45;235.38;3.39;795;14;1385.00;1
3269;14;623815817;3269;252;4065;4066;7.34;0.45;235.35;3.39;796;14;1386.00;1
3273;14;623815826;3273;252;4065;4066;7.38;0.45;235.45;3.39;792;14;1387.00;1
3276;14;623815836;3276;255;4066;4066;7.45;0.46;235.50;3.39;790;14;1388.00;0
3280;14;623815845;3280;258;4067;4067;7.42;0.45;235.61;3.39;787;14;1389.00;0
3284;14;623815855;3284;259;4068;4068;7.40;0.45;235.64;3.39;784;14;1390.00;0
3287;14;623815864;3287;261;4068;4068;7.39;0.45;235.73;3.39;781;14;1391.00;0
3295;14;623815873;3295;264;4080;4081;7.39;0.45;235.62;3.38;785;14;1392.00;1
3298;14;623815883;3298;268;4081;4081;7.29;0.45;235.66;3.38;783;14;1393.00;0
3303;14;623815892;3303;274;4081;4081;7.26;0.44;235.82;3.38;778;14;1394.00;0
3310;14;623815901;3310;278;4083;4083;7.16;0.44;235.96;3.38;773;14;1395.00;0
3314;14;623815910;3314;280;4083;4083;7.08;0.43;235.93;3.38;769;14;1396.00;0
3317;14;623815919;3317;286;4087;4087;7.02;0.43;236.10;3.37;770;14;1397.00;0
3320;14;623815929;3320;292;4087;4087;6.89;0.42;236.09;3.37;767;14;1398.00;0
3325;14;623815938;3325;293;4091;4091;6.86;0.42;236.04;3.37;766;14;1399.00;0
3332;14;623815948;3332;301;4091;4091;6.72;0.41;236.11;3.37;759;14;1400.00;0
3334;14;623815961;3334;304;4091;4091;6.67;0.40;236.10;3.37;757;14;1401.00;0
3337;14;623815970;3337;307;4091;4091;6.58;0.40;236.21;3.37;754;14;1402.00;0
3339;14;623815979;3339;311;4091;4091;6.51;0.40;236.23;3.37;752;14;1403.00;0
3342;14;623815988;3342;319;4102;4103;6.55;0.40;236.23;3.36;760;14;1404.00;1
3344;14;623815997;3344;320;4102;4103;6.42;0.39;236.32;3.36;758;14;1405.00;1
3349;14;623816006;3349;324;4103;4103;6.38;0.39;236.70;3.36;754;14;1406.00;0
3350;14;623816014;3350;317;4103;4103;6.34;0.39;236.66;3.36;753;14;1407.00;0
3351;14;623816023;3351;315;4103;4103;6.35;0.39;236.68;3.36;752;14;1408.00;0
3352;14;623816032;3352;311;4103;4103;6.39;0.39;236.65;3.36;751;14;1409.00;0
3354;14;623816043;3354;314;4104;4104;6.39;0.39;236.65;3.36;750;14;1410.00;0
3357;14;623816051;3357;311;4104;4104;6.39;0.39;236.51;3.36;747;14;1411.00;0
3357;14;623816060;3357;310;4110;4110;6.44;0.39;236.51;3.36;753;14;1412.00;0
3358;14;623816069;3358;313;4111;4111;6.47;0.39;236.51;3.36;753;14;1413.00;0
3361;14;623816079;3361;314;4111;4111;6.49;0.40;236.43;3.36;750;14;1414.00;0
3362;14;623816087;3362;322;4111;4111;6.50;0.40;236.39;3.36;749;14;1415.00;0
3365;14;623816096;3365;308;4115;4115;6.61;0.40;236.27;3.35;750;14;1416.00;0
3365;14;623816105;3365;305;4115;4115;6.68;0.41;236.27;3.35;750;14;1417.00;0
3368;14;623816114;3368;300;4115;4115;6.74;0.41;236.21;3.35;747;14;1418.00;0
3371;14;623816123;3371;295;4116;4116;6.85;0.42;236.13;3.35;745;14;1419.00;0
3372;14;623816132;3372;289;4120;4120;6.92;0.42;236.10;3.35;748;14;1420.00;0
3373;14;623816148;3373;293;4120;4120;6.95;0.42;236.05;3.35;747;14;1421.00;0
3376;14;623816158;3376;291;4122;4123;7.02;0.43;235.99;3.35;746;14;1422.00;1
3377;14;623816167;3377;286;4122;4123;7.08;0.43;236.00;3.35;745;14;1423.00;1
3379;14;623816176;3379;288;4123;4123;7.21;0.44;235.88;3.35;744;14;1424.00;0
3380;14;623816185;3380;284;4123;4123;7.35;0.45;235.86;3.35;743;14;1425.00;0
3380;14;623816194;3380;281;4127;4127;7.50;0.46;235.86;3.35;747;14;1426.00;0
3382;14;623816203;3382;280;4127;4127;7.53;0.46;235.88;3.35;745;14;1427.00;0
3384;14;623816213;3384;279;4127;4127;7.56;0.46;235.79;3.35;743;14;1428.00;0
3385;14;623816221;3385;275;4127;4127;7.59;0.46;235.80;3.35;742;14;1429.00;0
3389;14;623816233;3389;277;4128;4128;7.59;0.46;235.83;3.35;739;14;1430.00;0
3390;14;623816247;3390;270;4129;4129;7.66;0.46;235.86;3.35;739;14;1431.00;0
3391;14;623816267;3391;269;4129;4129;7.69;0.47;235.83;3.35;738;14;1432.00;0
3392;14;623816284;3392;271;4130;4130;7.80;0.47;235.82;3.35;738;14;1433.00;0
3394;14;623816297;3394;272;4130;4130;7.88;0.48;235.79;3.35;736;14;1434.00;0
3395;14;623816309;3395;261;4130;4130;8.03;0.49;235.80;3.35;735;14;1435.00;0
3395;14;623816322;3395;251;4130;4130;8.13;0.49;235.80;3.35;735;14;1436.00;0
3396;14;623816335;3396;247;4130;4130;8.26;0.50;235.76;3.35;734;14;1437.00;0
3397;14;623816349;3397;243;4130;4130;8.34;0.51;235.74;3.35;733;14;1438.00;0
3399;14;623816360;3399;235;4130;4130;8.52;0.52;235.66;3.35;731;14;1439.00;0
3399;14;623816372;3399;281;4252;4360;8.45;0.53;235.66;3.25;853;14;1440.00;108
3403;14;623816404;3403;263;4259;4361;8.61;0.54;235.75;3.25;856;14;1441.00;102
3407;14;623816415;3407;240;4268;4361;8.83;0.55;235.72;3.24;861;14;1442.00;93
3408;14;623816426;3408;224;4273;4361;9.01;0.56;235.65;3.24;865;14;1443.00;88
3410;14;623816436;3410;217;4281;4361;9.16;0.57;235.64;3.24;871;14;1444.00;80
3411;14;623816454;3411;206;4285;4361;9.27;0.57;235.65;3.25;874;14;1445.00;76
3411;15;623816465;3411;206;4292;4361;9.39;0.58;235.65;3.25;881;15;1446.00;69
3411;15;623816508;3411;200;4297;4361;9.42;0.58;235.65;3.26;886;15;1447.00;64
3411;15;623816526;3411;203;4301;4362;9.44;0.58;235.65;3.26;890;15;1448.00;61
3411;15;623816543;3411;207;4305;4363;9.38;0.58;235.65;3.26;894;15;1449.00;58
3412;15;623816554;3412;203;4311;4363;9.36;0.58;235.63;3.27;899;15;1450.00;52
3413;15;623816565;3413;207;4312;4364;9.36;0.58;235.62;3.28;899;15;1451.00;52
3413;15;623816576;3413;213;4316;4364;9.29;0.57;235.62;3.28;903;15;1452.00;48
3415;15;623816587;3415;215;4317;4364;9.24;0.57;235.64;3.29;902;15;1453.00;47
3417;15;623816599;3417;218;4318;4364;9.21;0.57;235.64;3.29;901;15;1454.00;46
3417;15;623816611;3417;220;4321;4368;9.19;0.56;235.64;3.29;904;15;1455.00;47
3420;15;623816623;3420;231;4322;4368;9.16;0.56;235.65;3.29;902;15;1456.00;46
3424;15;623816635;3424;232;4322;4368;9.12;0.56;235.69;3.29;898;15;1457.00;46
3426;15;623816650;3426;236;4324;4371;9.11;0.56;235.72;3.29;898;15;1458.00;47
3428;15;623816663;3428;240;4324;4371;9.10;0.56;235.70;3.29;896;15;1459.00;47
3431;15;623816675;3431;241;4324;4371;9.16;0.56;235.67;3.29;893;15;1460.00;47
3436;15;623816687;3436;241;4328;4375;9.08;0.56;235.76;3.30;892;15;1461.00;47
3439;15;623816699;3439;238;4329;4376;9.14;0.56;235.85;3.30;890;15;1462.00;47
3442;15;623816714;3442;232;4333;4376;9.17;0.56;235.89;3.31;891;15;1463.00;43
3445;15;623816726;3445;233;4336;4380;9.23;0.57;236.02;3.32;891;15;1464.00;44
3446;15;623816738;3446;227;4339;4380;9.33;0.57;235.96;3.33;893;15;1465.00;41
3454;15;623816751;3454;225;4340;4380;9.42;0.57;236.11;3.34;886;15;1466.00;40
3455;15;623816771;3455;226;4341;4381;9.52;0.58;236.22;3.34;886;15;1467.00;40
3457;15;623816783;3457;220;4342;4381;9.64;0.59;236.19;3.35;885;15;1468.00;39
3460;15;623816794;3460;214;4346;4387;9.72;0.59;236.25;3.35;886;15;1469.00;41
3464;15;623816814;3464;208;4349;4387;9.73;0.59;236.23;3.37;885;15;1470.00;38
3466;15;623816826;3466;210;4350;4388;9.79;0.60;236.26;3.37;884;15;1471.00;38
3468;15;623816838;3468;205;4351;4388;9.85;0.60;236.18;3.38;883;15;1472.00;37
3470;15;623816850;3470;204;4352;4388;9.93;0.60;236.18;3.38;882;15;1473.00;36
3472;15;623816862;3472;204;4354;4388;9.99;0.61;236.12;3.38;882;15;1474.00;34
3473;15;623816874;3473;204;4354;4388;9.98;0.61;236.14;3.38;881;15;1475.00;34
3479;15;623816885;3479;205;4365;4400;10.00;0.61;236.24;3.37;886;15;1476.00;35
3482;15;623816898;3482;206;4366;4400;10.00;0.61;236.35;3.38;884;15;1477.00;34
3486;15;623816910;3486;205;4367;4400;9.96;0.61;236.49;3.39;881;15;1478.00;33
3487;15;623816923;3487;208;4367;4400;10.01;0.61;236.51;3.39;880;15;1479.00;33
3489;15;623816935;3489;217;4367;4400;10.03;0.61;236.69;3.39;878;15;1480.00;33
3493;15;623816946;3493;212;4370;4400;9.94;0.61;236.73;3.41;877;15;1481.00;30
3496;15;623816958;3496;218;4373;4404;9.87;0.60;236.84;3.41;877;15;1482.00;31
3499;15;623816971;3499;221;4374;4404;9.84;0.60;236.98;3.42;875;15;1483.00;30
3501;15;623816982;3501;226;4378;4408;9.82;0.60;237.00;3.42;877;15;1484.00;30
3504;15;623816994;3504;229;4381;4410;9.73;0.59;237.12;3.43;877;15;1485.00;29
3505;15;623817007;3505;226;4383;4410;9.67;0.59;237.11;3.44;878;15;1486.00;27
3507;15;623817018;3507;237;4383;4410;9.63;0.59;237.19;3.44;876;15;1487.00;27
3512;15;623817030;3512;241;4392;4423;9.54;0.58;237.30;3.43;880;15;1488.00;31
3513;16;623817043;3513;246;4393;4423;9.54;0.58;237.32;3.44;880;16;1489.00;30
3517;16;623817067;3517;252;4394;4423;9.50;0.58;237.46;3.45;877;16;1490.00;29
3518;16;623817079;3518;258;4396;4424;9.48;0.58;237.56;3.46;878;16;1491.00;28
3519;16;623817090;3519;257;4398;4425;9.38;0.57;237.55;3.48;879;16;1492.00;27
3524;16;623817101;3524;257;4399;4425;9.27;0.57;237.75;3.49;875;16;1493.00;26
3528;16;623817112;3528;262;4403;4428;9.21;0.56;237.76;3.51;875;16;1494.00;25
3533;16;623817125;3533;266;4405;4428;9.19;0.56;237.87;3.53;872;16;1495.00;23
3535;16;623817136;3535;267;4407;4428;9.19;0.56;237.93;3.54;872;16;1496.00;21
3538;16;623817147;3538;271;4410;4428;9.13;0.56;237.86;3.57;872;16;1497.00;18
3540;16;623817159;3540;274;4416;4434;9.07;0.55;238.06;3.58;876;16;1498.00;18
3546;16;623817174;3546;281;4417;4434;8.93;0.54;238.12;3.59;871;16;1499.00;17
3547;16;623817188;3547;285;4424;4453;8.76;0.53;238.13;3.61;877;16;1500.00;29
3549;16;623817206;3549;288;4424;4453;8.63;0.53;238.14;3.61;875;16;1501.00;29
3552;16;623817217;3552;293;4427;4457;8.42;0.51;238.29;3.61;875;16;1502.00;30
3553;16;623817229;3553;299;4430;4458;8.35;0.51;238.34;3.61;877;16;1503.00;28
3558;16;623817242;3558;301;4432;4458;8.22;0.50;238.37;3.62;874;16;1504.00;26
3559;16;623817253;3559;305;4435;4459;8.17;0.50;238.47;3.63;876;16;1505.00;24
3559;16;623817264;3559;311;4438;4459;8.15;0.50;238.47;3.63;879;16;1506.00;21
3561;16;623817274;3561;316;4439;4459;8.04;0.49;238.61;3.63;878;16;1507.00;20
3566;16;623817285;3566;316;4440;4459;7.96;0.49;238.71;3.64;874;16;1508.00;19
3568;16;623817295;3568;313;4440;4459;7.94;0.48;238.65;3.64;872;16;1509.00;19
3569;16;623817306;3569;309;4440;4459;7.96;0.49;238.62;3.64;871;16;1510.00;19
3571;16;623817316;3571;304;4443;4459;7.97;0.49;238.66;3.64;872;16;1511.00;16
3573;16;623817326;3573;304;4473;4529;7.99;0.49;238.83;3.62;900;16;1512.00;56
3576;16;623817342;3576;296;4478;4530;8.00;0.49;238.86;3.62;902;16;1513.00;52
3579;16;623817353;3579;294;4489;4530;7.99;0.49;238.86;3.63;910;16;1514.00;41
3582;16;623817364;3582;294;4493;4530;8.03;0.49;239.04;3.63;911;16;1515.00;37
3584;16;623817375;3584;296;4499;4530;8.02;0.49;239.18;3.63;915;16;1516.00;31
3586;16;623817385;3586;296;4502;4530;8.02;0.49;239.20;3.64;916;16;1517.00;28
3589;16;623817396;3589;298;4505;4530;8.04;0.49;239.28;3.64;916;16;1518.00;25
3593;16;623817406;3593;297;4508;4530;8.04;0.49;239.24;3.64;915;16;1519.00;22
3596;16;623817417;3596;294;4509;4531;8.05;0.49;239.23;3.64;913;16;1520.00;22
3599;16;623817428;3599;297;4512;4532;8.02;0.49;239.31;3.65;913;16;1521.00;20
3601;16;623817439;3601;297;4513;4532;7.97;0.49;239.47;3.65;912;16;1522.00;19
3606;16;623817450;3606;299;4517;4536;7.84;0.48;239.54;3.65;911;16;1523.00;19
3609;16;623817461;3609;297;4517;4536;7.72;0.47;239.66;3.65;908;16;1524.00;19
3613;16;623817472;3613;304;4517;4536;7.60;0.47;239.68;3.65;904;16;1525.00;19
3619;16;623817482;3619;302;4517;4536;7.43;0.46;239.77;3.65;898;16;1526.00;19
3622;16;623817493;3622;310;4522;4542;7.29;0.45;239.85;3.65;900;16;1527.00;20
3625;16;623817503;3625;317;4523;4542;7.09;0.43;239.85;3.66;898;16;1528.00;19
3629;16;623817514;3629;319;4523;4542;6.90;0.42;240.01;3.66;894;16;1529.00;19
3634;16;623817525;3634;312;4527;4548;6.72;0.41;239.96;3.66;893;16;1530.00;21
3637;16;623817536;3637;311;4527;4548;6.60;0.41;240.06;3.66;890;16;1531.00;21
3640;16;623817546;3640;308;4529;4548;6.52;0.40;240.15;3.67;889;16;1532.00;19
3642;16;623817555;3642;304;4532;4549;6.45;0.40;240.20;3.67;890;16;1533.00;17
3649;16;623817565;3649;304;4533;4550;6.38;0.39;240.42;3.67;884;16;1534.00;17
3653;16;623817575;3653;307;4534;4550;6.40;0.39;240.42;3.68;881;16;1535.00;16
3655;16;623817585;3655;309;4545;4563;6.43;0.39;240.53;3.67;890;16;1536.00;18
3660;16;623817596;3660;306;4546;4563;6.46;0.40;240.70;3.67;886;16;1537.00;17
3661;16;623817606;3661;309;4547;4563;6.55;0.40;240.78;3.67;886;16;1538.00;16
3668;16;623817616;3668;305;4550;4564;6.57;0.40;240.91;3.69;882;16;1539.00;14
3670;16;623817626;3670;306;4552;4564;6.62;0.41;241.03;3.70;882;16;1540.00;12
3677;16;623817635;3677;302;4558;4568;6.68;0.41;241.05;3.70;881;16;1541.00;10
3681;16;623817646;3681;300;4560;4568;6.71;0.41;241.00;3.70;879;16;1542.00;8
3684;16;623817656;3684;298;4563;4572;6.75;0.41;241.07;3.70;879;16;1543.00;9
3690;16;623817667;3690;300;4565;4572;6.76;0.41;241.20;3.70;875;16;1544.00;7
3691;16;623817677;3691;303;4565;4572;6.82;0.42;241.31;3.70;874;16;1545.00;7
3695;16;623817687;3695;307;4566;4572;6.80;0.42;241.44;3.70;871;16;1546.00;6
3697;16;623817696;3697;305;4566;4572;6.81;0.42;241.62;3.70;869;16;1547.00;6
3700;16;623817706;3700;306;4577;4584;6.90;0.42;241.70;3.69;877;16;1548.00;7
3703;16;623817716;3703;301;4578;4584;6.89;0.42;241.72;3.69;875;16;1549.00;6
3707;16;623817725;3707;305;4578;4584;6.83;0.42;241.77;3.69;871;16;1550.00;6
3710;16;623817736;3710;308;4578;4584;6.76;0.41;241.82;3.69;868;16;1551.00;6
3711;16;623817745;3711;305;4578;4584;6.74;0.41;241.82;3.69;867;16;1552.00;6
3716;16;623817755;3716;302;4578;4584;6.70;0.41;241.82;3.69;862;16;1553.00;6
3718;16;623817765;3718;303;4579;4585;6.69;0.41;241.82;3.69;861;16;1554.00;6
3721;16;623817774;3721;305;4581;4587;6.64;0.41;241.83;3.69;860;16;1555.00;6
3725;16;623817784;3725;300;4587;4593;6.56;0.40;241.98;3.69;862;16;1556.00;6
3727;16;623817794;3727;308;4588;4594;6.55;0.40;241.96;3.69;861;16;1557.00;6
3731;16;623817804;3731;311;4588;4594;6.50;0.40;242.03;3.69;857;16;1558.00;6
3737;16;623817814;3737;307;4588;4594;6.43;0.40;241.94;3.69;851;16;1559.00;6
3741;16;623817825;3741;319;4593;4599;6.41;0.40;242.06;3.68;852;16;1560.00;6
3743;16;623817835;3743;322;4593;4599;6.39;0.39;242.12;3.68;850;16;1561.00;6
3750;16;623817844;3750;323;4593;4599;6.30;0.39;241.99;3.68;843;16;1562.00;6
3754;16;623817854;3754;327;4594;4600;6.30;0.39;241.92;3.68;840;16;1563.00;6
3755;16;623817864;3755;335;4598;4604;6.34;0.39;241.94;3.68;843;16;1564.00;6
3763;16;623817873;3763;340;4598;4604;6.28;0.38;241.94;3.68;835;16;1565.00;6
3766;16;623817884;3766;344;4600;4607;6.21;0.38;241.96;3.68;834;16;1566.00;7
3771;16;623817894;3771;343;4601;4607;6.13;0.37;241.81;3.68;830;16;1567.00;6
3776;16;623817903;3776;348;4601;4607;6.01;0.37;241.85;3.68;825;16;1568.00;6
3781;16;623817913;3781;352;4601;4607;5.89;0.36;241.89;3.68;820;16;1569.00;6
3783;16;623817922;3783;358;4605;4611;5.85;0.36;241.88;3.67;822;16;1570.00;6
3789;16;623817932;3789;363;4605;4611;5.72;0.35;241.67;3.67;816;16;1571.00;6
3793;16;623817941;3793;364;4605;4611;5.64;0.34;241.60;3.67;812;16;1572.00;6
3795;16;623817950;3795;372;4605;4611;5.55;0.34;241.64;3.67;810;16;1573.00;6
3798;16;623817958;3798;375;4606;4612;5.41;0.33;241.64;3.67;808;16;1574.00;6
3799;16;623817966;3799;376;4609;4614;5.34;0.32;241.65;3.70;810;16;1575.00;5
3801;16;623817976;3801;377;4609;4614;5.27;0.32;241.61;3.70;808;16;1576.00;5
3805;16;623817985;3805;368;4610;4615;5.26;0.32;241.65;3.70;805;16;1577.00;5
3805;16;623817994;3805;363;4610;4615;5.25;0.32;241.65;3.70;805;16;1578.00;5
3805;16;623818003;3805;362;4610;4615;5.26;0.32;241.65;3.70;805;16;1579.00;5
3806;16;623818012;3806;359;4610;4615;5.33;0.33;241.60;3.70;804;16;1580.00;5
3807;16;623818020;3807;356;4610;4615;5.38;0.33;241.58;3.70;803;16;1581.00;5
3807;16;623818029;3807;352;4610;4615;5.47;0.33;241.58;3.70;803;16;1582.00;5
3809;16;623818038;3809;351;4610;4615;5.53;0.34;241.54;3.70;801;16;1583.00;5
3812;16;623818046;3812;372;4682;4742;5.95;0.37;241.52;3.64;870;16;1584.00;60
3812;16;623818065;3812;366;4685;4743;6.02;0.37;241.52;3.64;873;16;1585.00;58
3813;16;623818076;3813;346;4695;4743;6.17;0.38;241.50;3.64;882;16;1586.00;48
3815;16;623818087;3815;320;4697;4743;6.26;0.39;241.51;3.64;882;16;1587.00;46
3816;16;623818110;3816;301;4702;4743;6.39;0.40;241.45;3.64;886;16;1588.00;41
3817;16;623818122;3817;282;4703;4743;6.45;0.40;241.43;3.64;886;16;1589.00;40
3817;16;623818134;3817;277;4705;4743;6.58;0.41;241.43;3.64;888;16;1590.00;38
3820;16;623818148;3820;267;4708;4743;6.69;0.41;241.52;3.67;888;16;1591.00;35
3821;16;623818163;3821;263;4709;4744;6.82;0.42;241.50;3.67;888;16;1592.00;35
3822;16;623818174;3822;259;4713;4745;6.96;0.43;241.51;3.68;891;16;1593.00;32
3824;16;623818198;3824;263;4714;4745;7.07;0.44;241.51;3.68;890;16;1594.00;31
3825;16;623818215;3825;270;4716;4746;7.20;0.44;241.54;3.68;891;16;1595.00;30
3827;16;623818233;3827;265;4721;4746;7.30;0.45;241.50;3.69;894;16;1596.00;25
3828;16;623818252;3828;262;4724;4746;7.45;0.46;241.47;3.70;896;16;1597.00;22
3830;16;623818272;3830;257;4726;4746;7.60;0.47;241.41;3.70;896;16;1598.00;20
3831;16;623818293;3831;258;4732;4750;7.70;0.47;241.39;3.71;901;16;1599.00;18
3832;16;623818314;3832;252;4735;4750;7.79;0.48;241.37;3.75;903;16;1600.00;15
3834;16;623818337;3834;252;4737;4750;7.87;0.48;241.41;3.75;903;16;1601.00;13
3834;16;623818354;3834;248;4739;4753;7.96;0.49;241.41;3.75;905;16;1602.00;14
3835;16;623818367;3835;245;4740;4753;8.08;0.49;241.42;3.75;905;16;1603.00;13
3839;16;623818380;3839;249;4742;4753;8.15;0.50;241.38;3.76;903;16;1604.00;11
3840;16;623818394;3840;243;4746;4757;8.28;0.50;241.33;3.76;906;16;1605.00;11
3841;16;623818407;3841;242;4748;4758;8.39;0.51;241.34;3.76;907;16;1606.00;10
3843;16;623818420;3843;234;4749;4758;8.54;0.52;241.28;3.76;906;16;1607.00;9
3845;16;623818432;3845;236;4753;4762;8.65;0.53;241.32;3.76;908;16;1608.00;9
3848;16;623818445;3848;230;4753;4762;8.75;0.53;241.26;3.76;905;16;1609.00;9
3850;17;623818458;3850;224;4753;4762;8.81;0.53;241.38;3.76;903;17;1610.00;9
3853;17;623818490;3853;227;4754;4763;8.86;0.54;241.33;3.76;901;17;1611.00;9
3856;18;623818504;3856;220;4754;4763;8.87;0.54;241.42;3.76;898;18;1612.00;9
3858;18;623818527;3858;215;4759;4769;8.96;0.54;241.40;3.76;901;18;1613.00;10
3860;18;623818540;3860;217;4759;4769;9.02;0.55;241.40;3.76;899;18;1614.00;10
3861;18;623818552;3861;213;4759;4770;9.10;0.55;241.41;3.76;898;18;1615.00;11
3865;18;623818571;3865;215;4760;4770;9.11;0.55;241.40;3.79;895;18;1616.00;10
3866;18;623818585;3866;211;4760;4770;9.17;0.55;241.42;3.79;894;18;1617.00;10
3867;18;623818600;3867;211;4760;4770;9.19;0.56;241.44;3.79;893;18;1618.00;10
3869;18;623818614;3869;208;4760;4770;9.18;0.56;241.44;3.79;891;18;1619.00;10
3870;18;623818636;3870;213;4786;4806;9.19;0.56;241.42;3.77;916;18;1620.00;20
3871;18;623818655;3871;208;4786;4806;9.28;0.56;241.45;3.77;915;18;1621.00;20
3873;18;623818669;3873;209;4789;4806;9.34;0.57;241.45;3.77;916;18;1622.00;17
3875;18;623818690;3875;203;4789;4806;9.38;0.57;241.48;3.77;914;18;1623.00;17
3876;18;623818708;3876;207;4790;4806;9.45;0.57;241.46;3.77;914;18;1624.00;16
3879;18;623818722;3879;212;4790;4806;9.48;0.58;241.58;3.77;911;18;1625.00;16
3882;18;623818736;3882;214;4794;4810;9.46;0.58;241.70;3.77;912;18;1626.00;16
3885;18;623818749;3885;213;4794;4810;9.45;0.57;241.74;3.77;909;18;1627.00;16
3888;18;623818763;3888;212;4798;4814;9.53;0.58;241.71;3.77;910;18;1628.00;16
3894;18;623818778;3894;212;4799;4815;9.50;0.58;241.82;3.77;905;18;1629.00;16
3897;18;623818792;3897;202;4799;4815;9.46;0.58;241.88;3.77;902;18;1630.00;16
3899;18;623818806;3899;196;4799;4815;9.40;0.57;241.89;3.77;900;18;1631.00;16
3902;18;623818820;3902;194;4810;4828;9.34;0.57;241.92;3.76;908;18;1632.00;18
3906;18;623818837;3906;188;4811;4828;9.30;0.57;241.96;3.80;905;18;1633.00;17
3908;18;623818851;3908;191;4811;4828;9.34;0.57;241.95;3.80;903;18;1634.00;17
3913;18;623818863;3913;187;4813;4829;9.37;0.57;242.02;3.81;900;18;1635.00;16
3917;18;623818875;3917;186;4813;4830;9.34;0.57;242.07;3.81;896;18;1636.00;17
3921;18;623818897;3921;188;4813;4830;9.36;0.57;242.11;3.81;892;18;1637.00;17
3925;18;623818909;3925;186;4815;4833;9.43;0.58;242.20;3.81;890;18;1638.00;18
3929;18;623818921;3929;186;4816;4833;9.56;0.58;242.24;3.80;887;18;1639.00;17
3930;18;623818933;3930;188;4816;4833;9.66;0.59;242.21;3.80;886;18;1640.00;17
3935;18;623818944;3935;182;4816;4833;9.70;0.59;242.29;3.80;881;18;1641.00;17
3939;18;623818957;3939;182;4822;4839;9.78;0.60;242.29;3.83;883;18;1642.00;17
3942;18;623818970;3942;187;4822;4839;9.84;0.60;242.49;3.83;880;18;1643.00;17
3946;18;623818981;3946;187;4822;4839;9.85;0.60;242.43;3.83;876;18;1644.00;17
3953;18;623818994;3953;186;4822;4839;9.79;0.60;242.54;3.83;869;18;1645.00;17
3956;18;623819007;3956;191;4825;4843;9.70;0.59;242.52;3.83;869;18;1646.00;18
3959;18;623819020;3959;198;4826;4844;9.68;0.59;242.80;3.83;867;18;1647.00;18
3962;18;623819032;3962;205;4827;4844;9.56;0.58;242.95;3.84;865;18;1648.00;17
3965;18;623819044;3965;201;4829;4845;9.51;0.58;243.10;3.85;864;18;1649.00;16
3969;18;623819058;3969;198;4830;4845;9.48;0.57;243.27;3.85;861;18;1650.00;15
3971;18;623819071;3971;202;4830;4845;9.42;0.57;243.32;3.85;859;18;1651.00;15
3975;18;623819085;3975;207;4830;4845;9.39;0.57;243.30;3.85;855;18;1652.00;15
3977;18;623819101;3977;208;4830;4845;9.37;0.57;243.44;3.85;853;18;1653.00;15
3979;18;623819119;3979;212;4830;4845;9.30;0.56;243.53;3.85;851;18;1654.00;15
3980;18;623819131;3980;214;4830;4845;9.25;0.56;243.59;3.85;850;18;1655.00;15
3984;18;623819144;3984;223;4868;4915;9.23;0.56;243.62;3.83;884;18;1656.00;47
3985;18;623819163;3985;227;4870;4916;9.22;0.56;243.72;3.83;885;18;1657.00;46
3985;18;623819176;3985;223;4876;4916;9.25;0.56;243.72;3.83;891;18;1658.00;40
3986;18;623819194;3986;224;4877;4916;9.20;0.56;243.78;3.84;891;18;1659.00;39
3987;18;623819207;3987;230;4880;4916;9.18;0.56;243.76;3.84;893;18;1660.00;36
3989;18;623819221;3989;242;4882;4916;9.11;0.56;243.91;3.85;893;18;1661.00;34
3991;18;623819234;3991;234;4886;4916;9.01;0.55;243.99;3.85;895;18;1662.00;30
3992;18;623819247;3992;237;4890;4916;8.98;0.55;243.98;3.86;898;18;1663.00;26
3995;18;623819260;3995;238;4892;4917;8.96;0.55;244.05;3.87;897;18;1664.00;25
4002;18;623819293;4002;243;4897;4919;8.89;0.54;243.96;3.87;895;18;1665.00;22
4004;18;623819305;4004;242;4900;4919;8.90;0.54;243.92;3.87;896;18;1666.00;19
4008;18;623819317;4008;247;4905;4923;8.90;0.54;244.00;3.89;897;18;1667.00;18
4012;18;623819328;4012;248;4907;4923;8.89;0.54;244.01;3.89;895;18;1668.00;16
4016;18;623819340;4016;251;4908;4923;8.85;0.54;243.92;3.89;892;18;1669.00;15
4018;18;623819352;4018;252;4908;4923;8.82;0.54;244.00;3.89;890;18;1670.00;15
4019;18;623819364;4019;258;4915;4929;8.82;0.54;244.07;3.90;896;18;1671.00;14
4020;18;623819376;4020;262;4917;4929;8.77;0.53;244.14;3.91;897;18;1672.00;12
4021;18;623819386;4021;265;4918;4929;8.70;0.53;244.22;3.92;897;18;1673.00;11
4023;18;623819398;4023;269;4921;4932;8.67;0.53;244.19;3.92;898;18;1674.00;11
4026;18;623819409;4026;272;4921;4932;8.59;0.52;244.26;3.92;895;18;1675.00;11
4030;18;623819420;4030;280;4923;4932;8.51;0.52;244.50;3.93;893;18;1676.00;9
4030;18;623819433;4030;286;4924;4933;8.47;0.52;244.50;3.93;894;18;1677.00;9
4031;18;623819444;4031;287;4925;4934;8.39;0.51;244.63;3.93;894;18;1678.00;9
4033;18;623819454;4033;283;4928;4934;8.26;0.51;244.59;3.94;895;18;1679.00;6
4034;18;623819468;4034;288;4945;4960;8.20;0.50;244.62;3.92;911;18;1680.00;15
4037;18;623819481;4037;282;4946;4960;8.09;0.50;244.73;3.92;909;18;1681.00;14
4042;18;623819494;4042;276;4948;4960;7.95;0.49;244.77;3.92;906;18;1682.00;12
4046;18;623819508;4046;275;4951;4961;7.88;0.48;244.81;3.92;905;18;1683.00;10
4047;18;623819521;4047;277;4951;4961;7.82;0.48;244.77;3.92;904;18;1684.00;10
4050;18;623819534;4050;279;4955;4965;7.85;0.48;244.77;3.92;905;18;1685.00;10
4055;18;623819546;4055;279;4955;4965;7.81;0.48;244.86;3.92;900;18;1686.00;10
4057;18;623819558;4057;286;4959;4969;7.71;0.47;245.01;3.92;902;18;1687.00;10
4062;18;623819569;4062;291;4960;4969;7.67;0.47;244.89;3.92;898;18;1688.00;9
4065;18;623819579;4065;289;4960;4969;7.62;0.47;245.10;3.92;895;18;1689.00;9
4070;18;623819590;4070;295;4960;4969;7.53;0.46;245.07;3.92;890;18;1690.00;9
4073;18;623819600;4073;303;4962;4969;7.41;0.45;245.07;3.93;889;18;1691.00;7
4076;18;623819610;4076;307;4972;4981;7.29;0.45;245.12;3.92;896;18;1692.00;9
4082;18;623819621;4082;304;4973;4981;7.15;0.44;245.02;3.92;891;18;1693.00;8
4087;18;623819631;4087;304;4975;4981;7.05;0.43;245.11;3.92;888;18;1694.00;6
4091;18;623819641;4091;306;4975;4981;6.94;0.42;245.19;3.92;884;18;1695.00;6
4093;18;623819651;4093;308;4975;4981;6.91;0.42;245.26;3.92;882;18;1696.00;6
4097;18;623819661;4097;314;4975;4981;6.81;0.42;245.34;3.92;878;18;1697.00;6
4104;18;623819670;4104;321;4976;4982;6.61;0.40;245.39;3.92;872;18;1698.00;6
4109;18;623819679;4109;321;4976;4982;6.41;0.39;245.48;3.92;867;18;1699.00;6
4111;18;623819689;4111;317;4982;4988;6.36;0.39;245.55;3.92;871;18;1700.00;6
4115;18;623819702;4115;314;4983;4989;6.25;0.38;245.61;3.91;868;18;1701.00;6
4119;18;623819712;4119;318;4983;4989;6.17;0.38;245.77;3.91;864;18;1702.00;6
4122;18;623819724;4122;314;4983;4989;6.12;0.37;245.83;3.91;861;18;1703.00;6
4122;18;623819736;4122;309;4987;4993;6.13;0.37;245.83;3.91;865;18;1704.00;6
4124;18;623819747;4124;311;4987;4993;6.11;0.37;245.82;3.91;863;18;1705.00;6
4125;18;623819757;4125;314;4987;4993;6.10;0.37;245.79;3.91;862;18;1706.00;6
4127;18;623819766;4127;313;4988;4994;6.09;0.37;245.90;3.91;861;18;1707.00;6
4128;18;623819776;4128;308;4992;4998;6.10;0.37;245.94;3.91;864;18;1708.00;6
4129;18;623819785;4129;302;4992;4998;6.07;0.37;245.98;3.91;863;18;1709.00;6
4133;18;623819796;4133;307;4996;5004;6.03;0.37;245.98;3.91;863;18;1710.00;8
4135;18;623819805;4135;311;4996;5004;6.02;0.37;245.98;3.91;861;18;1711.00;8
4137;18;623819815;4137;307;4998;5004;6.01;0.37;246.06;3.90;861;18;1712.00;6
4139;18;623819823;4139;306;4998;5004;6.01;0.37;246.08;3.90;859;18;1713.00;6
4142;18;623819832;4142;304;5002;5008;6.02;0.37;246.08;3.90;860;18;1714.00;6
4145;18;623819842;4145;314;5002;5008;5.98;0.37;246.08;3.90;857;18;1715.00;6
4147;18;623819850;4147;308;5002;5008;5.99;0.37;246.06;3.90;855;18;1716.00;6
4154;18;623819859;4154;309;5002;5008;5.94;0.37;246.12;3.90;848;18;1717.00;6
4158;18;623819869;4158;312;5003;5009;5.96;0.37;246.14;3.90;845;18;1718.00;6
4162;18;623819878;4162;317;5004;5010;5.96;0.37;246.14;3.90;842;18;1719.00;6
4169;18;623819887;4169;319;5004;5010;5.92;0.36;246.26;3.90;835;18;1720.00;6
4172;18;623819903;4172;321;5005;5011;5.97;0.37;246.17;3.90;833;18;1721.00;6
4178;18;623819914;4178;328;5005;5011;5.95;0.36;246.05;3.90;827;18;1722.00;6
4181;18;623819924;4181;335;5005;5011;5.95;0.37;246.08;3.90;824;18;1723.00;6
4187;18;623819933;4187;329;5005;5011;5.90;0.36;246.03;3.90;818;18;1724.00;6
4193;18;623819942;4193;332;5005;5011;5.88;0.36;245.97;3.90;812;18;1725.00;6
4196;18;623819951;4196;332;5005;5011;5.81;0.36;246.01;3.90;809;18;1726.00;6
4200;18;623819960;4200;334;5005;5011;5.74;0.35;245.98;3.90;805;18;1727.00;6
4205;18;623819970;4205;347;5081;5138;6.12;0.38;245.96;3.84;876;18;1728.00;57
4208;18;623819989;4208;340;5087;5139;6.14;0.38;245.91;3.84;879;18;1729.00;52
4212;18;623819998;4212;337;5091;5139;6.18;0.38;245.92;3.84;879;18;1730.00;48
4216;18;623820014;4216;338;5093;5139;6.13;0.38;245.89;3.84;877;18;1731.00;46
4219;18;623820025;4219;339;5098;5139;6.09;0.38;245.89;3.84;879;18;1732.00;41
4222;18;623820037;4222;341;5101;5139;6.08;0.38;245.95;3.84;879;18;1733.00;38
4226;18;623820051;4226;344;5105;5139;6.08;0.37;245.95;3.84;879;18;1734.00;34
4229;18;623820061;4229;349;5108;5139;6.03;0.37;245.90;3.84;879;18;1735.00;31
4232;18;623820077;4232;346;5111;5140;6.02;0.37;245.88;3.84;879;18;1736.00;29
4234;18;623820088;4234;351;5115;5141;5.96;0.37;245.89;3.85;881;18;1737.00;26
4235;18;623820099;4235;352;5118;5141;5.90;0.36;245.92;3.85;883;18;1738.00;23
4237;18;623820110;4237;348;5120;5142;5.85;0.36;245.91;3.85;883;18;1739.00;22
4240;18;623820121;4240;347;5125;5142;5.88;0.36;245.97;3.86;885;18;1740.00;17
4241;18;623820132;4241;348;5129;5142;5.93;0.36;245.99;3.89;888;18;1741.00;13
4242;18;623820144;4242;344;5129;5142;5.97;0.37;245.99;3.89;887;18;1742.00;13
4244;18;623820156;4244;341;5134;5146;6.02;0.37;245.99;3.89;890;18;1743.00;12
4245;18;623820168;4245;342;5134;5146;6.10;0.37;246.02;3.89;889;18;1744.00;12
4246;18;623820179;4246;338;5135;5146;6.13;0.38;246.05;3.90;889;18;1745.00;11
4247;18;623820196;4247;337;5137;5149;6.28;0.38;246.07;3.90;890;18;1746.00;12
4252;18;623820208;4252;322;5138;5149;6.37;0.39;246.21;3.90;886;18;1747.00;11
4253;18;623820222;4253;314;5139;5149;6.48;0.40;246.16;3.90;886;18;1748.00;10
4255;18;623820234;4255;307;5144;5153;6.54;0.40;246.13;3.90;889;18;1749.00;9
4256;18;623820254;4256;300;5146;5154;6.65;0.41;246.08;3.90;890;18;1750.00;8
4260;18;623820275;4260;298;5146;5154;6.68;0.41;246.25;3.90;886;18;1751.00;8
4260;18;623820308;4260;287;5150;5158;6.77;0.41;246.25;3.90;890;18;1752.00;8
4261;18;623820335;4261;286;5150;5158;6.83;0.42;246.27;3.90;889;18;1753.00;8
4263;18;623820369;4263;284;5151;5158;6.90;0.42;246.21;3.90;888;18;1754.00;7
4266;18;623820383;4266;283;5153;5160;6.93;0.42;246.08;3.90;887;18;1755.00;7
4267;18;623820407;4267;276;5153;5160;7.00;0.42;246.03;3.90;886;18;1756.00;7
4269;18;623820421;4269;265;5160;5166;7.11;0.43;245.98;3.92;891;18;1757.00;6
4271;18;623820436;4271;253;5160;5166;7.22;0.44;246.03;3.92;889;18;1758.00;6
4272;18;623820457;4272;246;5161;5167;7.29;0.44;245.98;3.92;889;18;1759.00;6
4273;18;623820479;4273;232;5161;5167;7.37;0.45;246.03;3.92;888;18;1760.00;6
4275;18;623820493;4275;227;5161;5167;7.45;0.45;246.07;3.92;886;18;1761.00;6
4276;18;623820506;4276;228;5161;5167;7.53;0.46;246.05;3.92;885;18;1762.00;6
4280;18;623820520;4280;217;5161;5167;7.61;0.46;246.16;3.92;881;18;1763.00;6
4282;18;623820535;4282;214;5171;5179;7.77;0.47;246.32;3.91;889;18;1764.00;8
4283;18;623820550;4283;209;5171;5179;7.89;0.48;246.30;3.91;888;18;1765.00;8
4285;18;623820563;4285;205;5173;5179;8.08;0.49;246.28;3.91;888;18;1766.00;6
4286;18;623820576;4286;211;5173;5179;8.22;0.50;246.26;3.91;887;18;1767.00;6
4287;18;623820589;4287;203;5173;5179;8.32;0.50;246.23;3.91;886;18;1768.00;6
4289;18;623820604;4289;200;5173;5179;8.37;0.51;246.33;3.91;884;18;1769.00;6
4291;18;623820627;4291;200;5176;5183;8.43;0.51;246.43;3.91;885;18;1770.00;7
4293;18;623820643;4293;196;5176;5183;8.46;0.51;246.46;3.91;883;18;1771.00;7
4294;18;623820657;4294;190;5180;5187;8.56;0.52;246.48;3.91;886;18;1772.00;7
4296;18;623820673;4296;186;5182;5188;8.63;0.52;246.62;3.94;886;18;1773.00;6
4298;18;623820688;4298;187;5182;5188;8.76;0.53;246.70;3.94;884;18;1774.00;6
4302;18;623820709;4302;185;5182;5188;8.84;0.54;246.78;3.94;880;18;1775.00;6
4302;18;623820729;4302;186;5193;5201;8.99;0.55;246.78;3.93;891;18;1776.00;8
4304;18;623820750;4304;186;5193;5201;9.07;0.55;246.85;3.93;889;18;1777.00;8
4304;18;623820766;4304;185;5194;5201;9.11;0.55;246.85;3.95;890;18;1778.00;7
4306;19;623820791;4306;188;5195;5202;9.15;0.56;246.98;3.95;889;19;1779.00;7
4308;19;623820816;4308;193;5195;5203;9.25;0.56;246.99;3.95;887;19;1780.00;8
4310;19;623820831;4310;182;5195;5203;9.29;0.56;247.02;3.95;885;19;1781.00;8
4314;19;623820845;4314;180;5197;5206;9.39;0.57;247.18;3.95;883;19;1782.00;9
4316;19;623820860;4316;177;5198;5206;9.42;0.57;247.25;3.97;882;19;1783.00;8
4317;19;623820876;4317;179;5199;5206;9.46;0.58;247.32;3.97;882;19;1784.00;7
4319;19;623820893;4319;181;5199;5206;9.52;0.58;247.27;3.97;880;19;1785.00;7
4321;19;623820913;4321;187;5204;5212;9.58;0.58;247.28;3.97;883;19;1786.00;8
4323;19;623820928;4323;186;5204;5212;9.61;0.59;247.30;3.97;881;19;1787.00;8
4325;19;623820941;4325;188;5204;5212;9.66;0.59;247.37;3.97;879;19;1788.00;8
4328;19;623820954;4328;186;5204;5212;9.66;0.59;247.31;3.97;876;19;1789.00;8
4331;19;623820968;4331;187;5208;5216;9.64;0.59;247.39;3.98;877;19;1790.00;8
4333;19;623820980;4333;185;5209;5217;9.66;0.59;247.49;3.98;876;19;1791.00;8
4339;19;623820994;4339;187;5209;5217;9.56;0.58;247.65;3.98;870;19;1792.00;8
4344;19;623821007;4344;182;5210;5218;9.55;0.58;247.70;3.98;866;19;1793.00;8
4347;19;623821019;4347;188;5210;5218;9.54;0.58;247.77;3.98;863;19;1794.00;8
4352;19;623821032;4352;197;5210;5218;9.53;0.58;248.21;3.98;858;19;1795.00;8
4355;19;623821044;4355;193;5210;5218;9.52;0.58;248.32;3.98;855;19;1796.00;8
4357;19;623821056;4357;199;5210;5218;9.46;0.57;248.38;3.98;853;19;1797.00;8
4359;19;623821068;4359;207;5210;5218;9.42;0.57;248.43;3.98;851;19;1798.00;8
4363;19;623821079;4363;207;5210;5218;9.32;0.57;248.59;3.98;847;19;1799.00;8
4365;19;623821094;4365;232;5273;5356;9.08;0.56;248.64;3.95;908;19;1800.00;83
4367;19;623821123;4367;220;5273;5357;9.04;0.56;248.75;3.95;906;19;1801.00;84
4373;19;623821140;4373;207;5284;5357;9.03;0.55;248.86;3.95;911;19;1802.00;73
4377;19;623821156;4377;200;5284;5357;9.02;0.55;248.94;3.95;907;19;1803.00;73
4381;19;623821168;4381;197;5290;5357;9.04;0.56;249.02;3.95;909;19;1804.00;67
4384;19;623821181;4384;196;5295;5357;9.06;0.56;249.06;3.96;911;19;1805.00;62
4387;19;623821194;4387;199;5303;5357;9.06;0.56;249.07;3.96;916;19;1806.00;54
4388;19;623821206;4388;199;5311;5357;9.08;0.56;249.11;3.96;923;19;1807.00;46
4392;19;623821218;4392;199;5314;5358;9.16;0.56;249.12;3.97;922;19;1808.00;44
4396;19;623821231;4396;201;5317;5359;9.20;0.57;249.29;3.97;921;19;1809.00;42
4403;19;623821245;4403;202;5320;5359;9.11;0.56;249.33;3.97;917;19;1810.00;39
4406;19;623821258;4406;202;5324;5363;9.10;0.56;249.40;3.97;918;19;1811.00;39
4409;19;623821270;4409;204;5326;5363;9.11;0.56;249.40;3.97;917;19;1812.00;37
4412;19;623821289;4412;196;5326;5363;9.17;0.56;249.47;3.97;914;19;1813.00;37
4417;19;623821301;4417;200;5326;5363;9.18;0.56;249.41;3.97;909;19;1814.00;37
4421;19;623821312;4421;205;5330;5369;9.23;0.57;249.45;3.97;909;19;1815.00;39
4428;19;623821325;4428;199;5330;5369;9.24;0.56;249.50;3.97;902;19;1816.00;39
4432;19;623821336;4432;206;5330;5369;9.23;0.56;249.65;3.97;898;19;1817.00;39
4439;19;623821348;4439;211;5333;5372;9.15;0.56;249.66;3.97;894;19;1818.00;39
4445;19;623821360;4445;218;5334;5372;9.10;0.55;249.73;3.97;889;19;1819.00;38
4446;19;623821372;4446;221;5334;5372;9.06;0.55;249.82;3.97;888;19;1820.00;38
4449;19;623821383;4449;220;5336;5373;9.02;0.55;249.83;3.98;887;19;1821.00;37
4451;19;623821394;4451;227;5338;5374;8.99;0.55;249.91;3.98;887;19;1822.00;36
4453;19;623821405;4453;235;5340;5374;8.97;0.55;249.86;3.99;887;19;1823.00;34
4456;19;623821416;4456;236;5351;5387;8.86;0.54;249.85;3.99;895;19;1824.00;36
4458;19;623821434;4458;233;5352;5387;8.83;0.54;249.97;3.99;894;19;1825.00;35
4460;19;623821445;4460;235;5353;5387;8.81;0.54;249.93;3.99;893;19;1826.00;34
4464;19;623821456;4464;241;5354;5388;8.74;0.53;250.00;3.99;890;19;1827.00;34
4467;19;623821468;4467;238;5354;5388;8.71;0.53;250.10;3.99;887;19;1828.00;34
4468;19;623821478;4468;238;5357;5392;8.71;0.53;250.07;3.99;889;19;1829.00;35
4473;19;623821491;4473;239;5359;5392;8.63;0.53;250.13;4.00;886;19;1830.00;33
4477;19;623821502;4477;244;5363;5396;8.47;0.52;250.14;4.00;886;19;1831.00;33
4479;19;623821513;4479;246;5363;5396;8.36;0.51;250.29;4.00;884;19;1832.00;33
4482;19;623821524;4482;252;5366;5396;8.28;0.51;250.39;4.02;884;19;1833.00;30
4484;19;623821535;4484;252;5366;5396;8.20;0.50;250.40;4.02;882;19;1834.00;30
4486;19;623821545;4486;255;5367;5396;8.15;0.50;250.35;4.02;881;19;1835.00;29
4489;19;623821555;4489;254;5379;5408;8.10;0.50;250.45;4.03;890;19;1836.00;29
4489;19;623821566;4489;259;5381;5408;8.06;0.49;250.45;4.03;892;19;1837.00;27
4491;19;623821576;4491;264;5382;5408;8.03;0.49;250.53;4.04;891;19;1838.00;26
4495;19;623821586;4495;274;5382;5408;7.96;0.49;250.54;4.04;887;19;1839.00;26
4498;19;623821597;4498;283;5383;5408;7.91;0.48;250.66;4.05;885;19;1840.00;25
4501;19;623821607;4501;291;5384;5408;7.84;0.48;250.70;4.05;883;19;1841.00;24
4504;19;623821617;4504;298;5385;5409;7.74;0.47;250.69;4.06;881;19;1842.00;24
4509;19;623821627;4509;306;5387;5409;7.64;0.47;250.80;4.07;878;19;1843.00;22
4513;19;623821637;4513;318;5392;5415;7.64;0.47;250.94;4.07;879;19;1844.00;23
4516;19;623821647;4516;321;5395;5417;7.56;0.46;251.03;4.07;879;19;1845.00;22
4520;19;623821658;4520;332;5396;5417;7.45;0.46;251.02;4.08;876;19;1846.00;21
4522;19;623821668;4522;339;5397;5417;7.30;0.45;251.05;4.08;875;19;1847.00;20
4525;19;623821677;4525;341;5402;5421;7.21;0.44;250.99;4.08;877;19;1848.00;19
4529;19;623821687;4529;338;5402;5421;7.06;0.43;250.99;4.08;873;19;1849.00;19
4531;19;623821696;4531;339;5403;5421;6.94;0.43;251.03;4.09;872;19;1850.00;18
4533;19;623821706;4533;336;5405;5422;6.88;0.42;251.04;4.09;872;19;1851.00;17
4536;19;623821716;4536;333;5409;5426;6.83;0.42;251.02;4.09;873;19;1852.00;17
4537;19;623821732;4537;334;5409;5426;6.75;0.42;251.05;4.09;872;19;1853.00;17
4538;19;623821741;4538;335;5411;5429;6.77;0.42;251.05;4.09;873;19;1854.00;18
4538;19;623821751;4538;334;5412;5429;6.77;0.42;251.05;4.09;874;19;1855.00;17
4539;19;623821760;4539;333;5414;5429;6.78;0.42;251.03;4.09;875;19;1856.00;15
4541;19;623821769;4541;334;5414;5429;6.75;0.42;251.07;4.09;873;19;1857.00;15
4544;19;623821778;4544;334;5418;5433;6.81;0.42;251.03;4.08;874;19;1858.00;15
4545;19;623821787;4545;340;5418;5433;6.82;0.42;251.03;4.08;873;19;1859.00;15
4549;19;623821797;4549;344;5418;5433;6.78;0.42;251.00;4.08;869;19;1860.00;15
4551;19;623821805;4551;344;5418;5433;6.70;0.41;251.11;4.08;867;19;1861.00;15
4552;19;623821814;4552;351;5419;5434;6.61;0.41;251.11;4.08;867;19;1862.00;15
4557;19;623821824;4557;356;5420;5435;6.50;0.40;250.96;4.08;863;19;1863.00;15
4560;19;623821832;4560;362;5420;5435;6.40;0.39;250.88;4.08;860;19;1864.00;15
4564;19;623821841;4564;365;5421;5436;6.34;0.39;250.87;4.08;857;19;1865.00;15
4567;19;623821849;4567;376;5421;5436;6.21;0.38;250.77;4.08;854;19;1866.00;15
4572;19;623821857;4572;377;5421;5436;6.05;0.37;250.91;4.08;849;19;1867.00;15
4576;19;623821866;4576;383;5421;5436;5.87;0.36;250.91;4.08;845;19;1868.00;15
4579;19;623821874;4579;388;5421;5436;5.69;0.35;250.88;4.08;842;19;1869.00;15
4583;19;623821882;4583;384;5421;5436;5.52;0.34;251.01;4.08;838;19;1870.00;15
4586;19;623821889;4586;386;5421;5436;5.43;0.33;250.88;4.08;835;19;1871.00;15
4590;19;623821897;4590;409;5492;5563;5.69;0.36;250.91;4.03;902;19;1872.00;71
4590;19;623821915;4590;400;5497;5564;5.71;0.36;250.91;4.03;907;19;1873.00;67
4593;19;623821923;4593;393;5507;5564;5.76;0.36;250.96;4.02;914;19;1874.00;57
4596;19;623821932;4596;391;5508;5564;5.71;0.36;251.00;4.02;912;19;1875.00;56
4599;19;623821940;4599;391;5513;5564;5.77;0.36;250.94;4.02;914;19;1876.00;51
4602;19;623821948;4602;386;5515;5564;5.75;0.36;250.91;4.02;913;19;1877.00;49
4604;19;623821956;4604;380;5518;5564;5.74;0.36;250.93;4.03;914;19;1878.00;46
4607;19;623821965;4607;384;5520;5564;5.73;0.36;250.88;4.03;913;19;1879.00;44
4609;19;623821975;4609;382;5523;5565;5.78;0.36;250.87;4.03;914;19;1880.00;42
4611;19;623821984;4611;384;5526;5566;5.82;0.36;250.88;4.03;915;19;1881.00;40
4612;19;623821992;4612;392;5533;5568;5.84;0.36;250.88;4.04;921;19;1882.00;35
4614;19;623822001;4614;395;5537;5569;5.87;0.37;250.91;4.04;923;19;1883.00;32
4616;19;623822010;4616;398;5539;5569;5.90;0.37;250.93;4.04;923;19;1884.00;30
4620;19;623822019;4620;406;5540;5569;5.84;0.36;250.88;4.04;920;19;1885.00;29
4622;19;623822028;4622;410;5545;5569;5.83;0.36;250.90;4.05;923;19;1886.00;24
4626;19;623822037;4626;414;5547;5573;5.79;0.36;250.88;4.05;921;19;1887.00;26
4630;19;623822047;4630;420;5550;5573;5.74;0.36;250.91;4.06;920;19;1888.00;23
4635;19;623822056;4635;422;5552;5573;5.69;0.35;250.98;4.06;917;19;1889.00;21
4637;19;623822067;4637;425;5555;5579;5.68;0.35;251.04;4.05;918;19;1890.00;24
4642;19;623822077;4642;417;5558;5579;5.68;0.35;251.06;4.06;916;19;1891.00;21
4645;19;623822086;4645;410;5558;5579;5.67;0.35;251.06;4.06;913;19;1892.00;21
4650;19;623822097;4650;409;5563;5583;5.73;0.35;251.03;4.06;913;19;1893.00;20
4656;19;623822108;4656;410;5564;5584;5.74;0.35;251.08;4.06;908;19;1894.00;20
4659;19;623822118;4659;402;5566;5584;5.82;0.36;251.05;4.06;907;19;1895.00;18
4661;19;623822128;4661;395;5570;5588;5.88;0.36;251.11;4.06;909;19;1896.00;18
4665;19;623822139;4665;392;5571;5588;5.87;0.36;251.15;4.06;906;19;1897.00;17
4667;19;623822154;4667;389;5571;5588;5.87;0.36;251.17;4.06;904;19;1898.00;17
4671;19;623822164;4671;391;5572;5589;5.84;0.36;251.16;4.06;901;19;1899.00;17
4674;19;623822175;4674;389;5573;5589;5.77;0.35;251.19;4.09;899;19;1900.00;16
4675;19;623822190;4675;382;5579;5595;5.71;0.35;251.20;4.08;904;19;1901.00;16
4678;19;623822206;4678;378;5579;5595;5.67;0.35;251.17;4.08;901;19;1902.00;16
4682;19;623822216;4682;380;5580;5596;5.66;0.35;251.18;4.08;898;19;1903.00;16
4683;19;623822227;4683;381;5580;5596;5.66;0.35;251.18;4.08;897;19;1904.00;16
4685;19;623822236;4685;378;5580;5596;5.73;0.35;251.17;4.08;895;19;1905.00;16
4689;19;623822275;4689;376;5580;5596;5.70;0.35;251.13;4.08;891;19;1906.00;16
4691;19;623822290;4691;381;5580;5596;5.74;0.35;251.11;4.08;889;19;1907.00;16
4694;19;623822307;4694;385;5590;5608;5.85;0.36;251.08;4.08;896;19;1908.00;18
4696;19;623822323;4696;380;5590;5608;5.84;0.36;251.02;4.08;894;19;1909.00;18
4702;19;623822338;4702;383;5592;5608;5.89;0.36;251.01;4.08;890;19;1910.00;16
4703;19;623822353;4703;381;5592;5608;5.98;0.36;250.98;4.08;889;19;1911.00;16
4703;19;623822366;4703;377;5592;5608;6.02;0.37;250.98;4.08;889;19;1912.00;16
4706;19;623822377;4706;376;5592;5608;6.08;0.37;251.07;4.08;886;19;1913.00;16
4706;19;623822389;4706;370;5596;5612;6.21;0.38;251.07;4.07;890;19;1914.00;16
4709;19;623822401;4709;369;5596;5612;6.22;0.38;251.16;4.07;887;19;1915.00;16
4711;19;623822413;4711;358;5600;5616;6.34;0.39;251.20;4.07;889;19;1916.00;16
4712;19;623822425;4712;343;5601;5617;6.38;0.39;251.24;4.07;889;19;1917.00;16
4716;19;623822437;4716;333;5601;5617;6.39;0.39;251.35;4.07;885;19;1918.00;16
4718;19;623822449;4718;320;5601;5617;6.48;0.39;251.34;4.07;883;19;1919.00;16
4721;19;623822463;4721;315;5626;5646;6.76;0.41;251.43;4.05;905;19;1920.00;20
4723;19;623822478;4723;309;5626;5646;6.90;0.42;251.53;4.05;903;19;1921.00;20
4723;19;623822493;4723;299;5628;5646;7.07;0.43;251.53;4.07;905;19;1922.00;18
4726;19;623822506;4726;294;5629;5647;7.20;0.44;251.63;4.07;903;19;1923.00;18
4728;19;623822518;4728;292;5629;5648;7.29;0.44;251.68;4.07;901;19;1924.00;19
4732;19;623822530;4732;289;5629;5648;7.38;0.45;251.68;4.07;897;19;1925.00;19
4736;19;623822543;4736;272;5631;5651;7.48;0.45;251.73;4.07;895;19;1926.00;20
4737;19;623822562;4737;258;5631;5651;7.56;0.46;251.83;4.07;894;19;1927.00;20
4738;19;623822580;4738;253;5632;5651;7.67;0.46;251.78;4.07;894;19;1928.00;19
4741;19;623822593;4741;247;5632;5651;7.79;0.47;251.85;4.07;891;19;1929.00;19
4743;19;623822606;4743;245;5637;5657;7.91;0.48;251.97;4.07;894;19;1930.00;20
4744;19;623822619;4744;241;5637;5657;8.02;0.48;252.01;4.07;893;19;1931.00;20
4746;19;623822633;4746;235;5637;5657;8.17;0.49;252.07;4.07;891;19;1932.00;20
4747;19;623822647;4747;235;5637;5657;8.29;0.50;252.14;4.07;890;19;1933.00;20
4748;19;623822669;4748;228;5640;5661;8.41;0.51;252.18;4.07;892;19;1934.00;21
4751;19;623822691;4751;226;5642;5663;8.56;0.52;252.26;4.07;891;19;1935.00;21
4753;19;623822705;4753;219;5642;5663;8.67;0.52;252.41;4.07;889;19;1936.00;21
4755;19;623822718;4755;216;5643;5664;8.82;0.53;252.45;4.06;888;19;1937.00;21
4757;19;623822731;4757;215;5643;5664;8.89;0.54;252.50;4.06;886;19;1938.00;21
4760;19;623822744;4760;213;5643;5664;8.97;0.54;252.59;4.06;883;19;1939.00;21
4763;19;623822758;4763;212;5643;5664;9.09;0.55;252.66;4.06;880;19;1940.00;21
4766;19;623822770;4766;206;5643;5664;9.19;0.56;252.71;4.06;877;19;1941.00;21
4770;19;623822783;4770;201;5643;5664;9.28;0.56;252.82;4.06;873;19;1942.00;21
4771;19;623822796;4771;198;5643;5664;9.38;0.57;252.78;4.06;872;19;1943.00;21
4773;19;623822808;4773;214;5686;5734;9.25;0.56;252.89;4.03;913;19;1944.00;48
4776;19;623822826;4776;205;5687;5735;9.37;0.57;253.02;4.06;911;19;1945.00;48
4779;19;623822840;4779;195;5692;5735;9.47;0.57;253.00;4.06;913;19;1946.00;43
4782;19;623822854;4782;189;5692;5735;9.51;0.58;253.18;4.06;910;19;1947.00;43
4785;19;623822866;4785;186;5695;5735;9.53;0.58;253.22;4.06;910;19;1948.00;40
4787;19;623822881;4787;187;5696;5735;9.60;0.58;253.26;4.06;909;19;1949.00;39
4789;19;623822910;4789;196;5700;5737;9.55;0.58;253.41;4.06;911;19;1950.00;37
4791;19;623822938;4791;198;5702;5737;9.56;0.58;253.50;4.06;911;19;1951.00;35
4793;19;623822957;4793;196;5702;5738;9.58;0.58;253.63;4.06;909;19;1952.00;36
4795;19;623822972;4795;200;5705;5739;9.59;0.58;253.75;4.06;910;19;1953.00;34
4798;19;623822985;4798;204;5708;5739;9.65;0.58;253.87;4.06;910;19;1954.00;31
4800;19;623822998;4800;206;5713;5743;9.66;0.58;253.90;4.06;913;19;1955.00;30
4804;19;623823011;4804;207;5715;5743;9.67;0.59;254.11;4.07;911;19;1956.00;28
4806;19;623823024;4806;200;5717;5743;9.76;0.59;254.19;4.07;911;19;1957.00;26
4808;19;623823038;4808;198;5717;5743;9.80;0.59;254.38;4.07;909;19;1958.00;26
4810;19;623823051;4810;198;5722;5749;9.92;0.60;254.45;4.06;912;19;1959.00;27
4811;19;623823065;4811;202;5722;5749;10.05;0.61;254.47;4.06;911;19;1960.00;27
4813;19;623823079;4813;206;5722;5749;10.11;0.61;254.59;4.06;909;19;1961.00;27
4818;19;623823092;4818;207;5725;5752;10.21;0.62;254.71;4.09;907;19;1962.00;27
4823;19;623823106;4823;208;5725;5752;10.28;0.62;254.93;4.09;902;19;1963.00;27
4826;19;623823119;4826;206;5726;5752;10.31;0.62;255.02;4.09;900;19;1964.00;26
4831;19;623823133;4831;205;5726;5753;10.32;0.62;255.07;4.09;895;19;1965.00;27
4834;19;623823147;4834;207;5727;5754;10.37;0.63;255.12;4.09;893;19;1966.00;27
4838;19;623823161;4838;208;5727;5754;10.35;0.63;255.23;4.09;889;19;1967.00;27
4841;19;623823173;4841;213;5738;5767;10.32;0.62;255.31;4.11;897;19;1968.00;29
4845;19;623823187;4845;209;5738;5767;10.22;0.62;255.35;4.11;893;19;1969.00;29
4850;19;623823201;4850;207;5738;5767;10.16;0.62;255.36;4.11;888;19;1970.00;29
4851;19;623823214;4851;211;5739;5768;10.12;0.61;255.36;4.11;888;19;1971.00;29
4856;19;623823228;4856;208;5739;5768;9.99;0.61;255.44;4.11;883;19;1972.00;29
4859;19;623823243;4859;203;5744;5772;9.98;0.61;255.43;4.11;885;19;1973.00;28
4862;19;623823258;4862;206;5745;5772;9.90;0.60;255.49;4.12;883;19;1974.00;27
4865;19;623823273;4865;204;5748;5776;9.86;0.60;255.55;4.12;883;19;1975.00;28
4867;19;623823286;4867;205;5749;5776;9.92;0.60;255.53;4.12;882;19;1976.00;27
4870;19;623823298;4870;203;5749;5776;9.91;0.60;255.56;4.12;879;19;1977.00;27
4873;19;623823309;4873;203;5749;5776;10.00;0.61;255.54;4.12;876;19;1978.00;27
4878;19;623823321;4878;204;5749;5776;10.04;0.61;255.55;4.12;871;19;1979.00;27
4882;19;623823334;4882;202;5770;5810;9.98;0.61;255.46;4.11;888;19;1980.00;40
4885;19;623823348;4885;201;5772;5810;10.00;0.61;255.48;4.14;887;19;1981.00;38
4889;19;623823360;4889;204;5773;5810;9.94;0.61;255.41;4.14;884;19;1982.00;37
4892;19;623823371;4892;201;5774;5810;9.85;0.60;255.48;4.14;882;19;1983.00;36
4895;19;623823382;4895;205;5774;5810;9.79;0.60;255.53;4.14;879;19;1984.00;36
4899;19;623823394;4899;209;5774;5810;9.73;0.59;255.53;4.14;875;19;1985.00;36
4901;19;623823411;4901;219;5775;5811;9.66;0.59;255.53;4.15;874;19;1986.00;36
4901;19;623823428;4901;225;5776;5811;9.59;0.59;255.53;4.15;875;19;1987.00;35
4911;19;623823439;4911;224;5780;5817;9.59;0.58;255.40;4.15;869;19;1988.00;37
4914;19;623823450;4914;229;5780;5818;9.51;0.58;255.41;4.15;866;19;1989.00;38
4919;19;623823461;4919;229;5781;5818;9.42;0.57;255.30;4.15;862;19;1990.00;37
4922;19;623823472;4922;231;5783;5818;9.33;0.57;255.34;4.15;861;19;1991.00;35
4924;19;623823483;4924;235;5786;5822;9.31;0.57;255.37;4.15;862;19;1992.00;36
4930;19;623823493;4930;235;5788;5822;9.18;0.56;255.34;4.15;858;19;1993.00;34
4931;19;623823505;4931;238;5788;5822;9.14;0.56;255.42;4.15;857;19;1994.00;34
4934;19;623823515;4934;237;5789;5823;9.09;0.55;255.37;4.15;855;19;1995.00;34
4937;19;623823526;4937;239;5794;5827;9.01;0.55;255.52;4.16;857;19;1996.00;33
4938;19;623823543;4938;241;5794;5827;8.89;0.54;255.57;4.16;856;19;1997.00;33
4942;19;623823553;4942;245;5796;5830;8.86;0.54;255.76;4.15;854;19;1998.00;34
4945;19;623823564;4945;252;5797;5830;8.79;0.53;255.88;4.15;852;19;1999.00;33
4947;19;623823576;4947;254;5799;5830;8.69;0.53;255.92;4.17;852;19;2000.00;31
4948;19;623823590;4948;259;5799;5830;8.60;0.52;255.94;4.17;851;19;2001.00;31
4955;19;623823601;4955;262;5804;5834;8.48;0.52;256.12;4.17;849;19;2002.00;30
4956;19;623823612;4956;263;5805;5834;8.38;0.51;256.14;4.18;849;19;2003.00;29
4958;19;623823622;4958;263;5805;5834;8.30;0.51;256.22;4.18;847;19;2004.00;29
4960;19;623823632;4960;270;5807;5834;8.20;0.50;256.30;4.19;847;19;2005.00;27
4961;19;623823644;4961;274;5807;5835;8.15;0.50;256.31;4.19;846;19;2006.00;28
4964;19;623823654;4964;279;5809;5836;8.01;0.49;256.27;4.20;845;19;2007.00;27
4965;19;623823665;4965;285;5809;5836;7.92;0.48;256.25;4.20;844;19;2008.00;27
4969;19;623823674;4969;296;5811;5837;7.81;0.48;256.22;4.21;842;19;2009.00;26
4970;19;623823686;4970;295;5811;5837;7.73;0.47;256.19;4.21;841;19;2010.00;26
4972;19;623823696;4972;303;5813;5837;7.63;0.47;256.12;4.22;841;19;2011.00;24
4973;19;623823706;4973;307;5814;5837;7.56;0.46;256.10;4.23;841;19;2012.00;23
4974;19;623823715;4974;312;5815;5837;7.53;0.46;256.08;4.24;841;19;2013.00;22
4975;19;623823725;4975;315;5815;5837;7.49;0.46;256.05;4.24;840;19;2014.00;22
4976;19;623823733;4976;318;5816;5837;7.44;0.46;256.01;4.24;840;19;2015.00;21
4979;19;623823742;4979;336;5882;5964;7.61;0.47;256.05;4.20;903;19;2016.00;82
4981;19;623823761;4981;333;5887;5965;7.51;0.47;256.00;4.20;906;19;2017.00;78
4984;19;623823771;4984;331;5897;5965;7.47;0.46;255.96;4.20;913;19;2018.00;68
4984;19;623823781;4984;328;5900;5965;7.41;0.46;255.96;4.20;916;19;2019.00;65
4988;19;623823791;4988;324;5907;5965;7.34;0.46;256.05;4.20;919;19;2020.00;58
4990;19;623823801;4990;325;5913;5965;7.24;0.45;256.03;4.21;923;19;2021.00;52
4994;19;623823811;4994;321;5916;5965;7.15;0.44;256.08;4.21;922;19;2022.00;49
4999;19;623823822;4999;322;5920;5965;7.08;0.44;256.01;4.21;921;19;2023.00;45
5001;19;623823832;5001;318;5922;5966;7.10;0.44;255.95;4.21;921;19;2024.00;44
5004;19;623823844;5004;326;5931;5968;7.10;0.44;255.96;4.22;927;19;2025.00;37
5004;19;623823854;5004;324;5932;5968;7.11;0.44;255.96;4.22;928;19;2026.00;36
5006;19;623823864;5006;323;5935;5969;7.07;0.44;255.99;4.22;929;19;2027.00;34
5007;19;623823874;5007;334;5936;5969;7.03;0.43;256.00;4.23;929;19;2028.00;33
5011;19;623823884;5011;340;5940;5969;6.94;0.43;255.84;4.23;929;19;2029.00;29
5013;19;623823895;5013;341;5945;5969;6.87;0.42;255.81;4.24;932;19;2030.00;24
5019;19;623823904;5019;352;5949;5973;6.80;0.42;255.75;4.24;930;19;2031.00;24
5020;19;623823914;5020;355;5949;5973;6.70;0.41;255.73;4.24;929;19;2032.00;24
5020;19;623823925;5020;366;5950;5973;6.52;0.40;255.73;4.24;930;19;2033.00;23
5020;19;623823934;5020;369;5952;5976;6.39;0.40;255.73;4.24;932;19;2034.00;24
5023;19;623823944;5023;383;5952;5976;6.24;0.39;255.72;4.24;929;19;2035.00;24
5028;19;623823952;5028;395;5953;5976;6.06;0.37;255.64;4.24;925;19;2036.00;23
5030;19;623823962;5030;400;5958;5980;5.95;0.37;255.59;4.24;928;19;2037.00;22
5035;19;623823972;5035;408;5959;5981;5.75;0.35;255.66;4.24;924;19;2038.00;22
5038;19;623823981;5038;416;5959;5981;5.61;0.35;255.84;4.24;921;19;2039.00;22
5039;19;623823991;5039;408;5966;5986;5.55;0.34;255.80;4.24;927;19;2040.00;20
5044;19;623824001;5044;407;5966;5986;5.42;0.34;255.77;4.24;922;19;2041.00;20
5046;19;623824010;5046;405;5966;5986;5.34;0.33;255.84;4.24;920;19;2042.00;20
5047;19;623824019;5047;391;5967;5987;5.35;0.33;255.82;4.24;920;19;2043.00;20
5051;19;623824028;5051;377;5968;5987;5.36;0.33;255.90;4.24;917;19;2044.00;19
5053;19;623824043;5053;375;5974;5993;5.52;0.34;255.92;4.24;921;19;2045.00;19
5057;19;623824052;5057;371;5974;5993;5.60;0.34;255.91;4.24;917;19;2046.00;19
5060;19;623824062;5060;360;5976;5994;5.67;0.35;255.94;4.24;916;19;2047.00;18
5064;19;623824072;5064;349;5976;5994;5.74;0.35;255.87;4.24;912;19;2048.00;18
5067;19;623824087;5067;347;5976;5994;5.83;0.36;255.84;4.24;909;19;2049.00;18
5070;19;623824103;5070;349;5976;5994;5.93;0.36;255.80;4.24;906;19;2050.00;18
5072;19;623824113;5072;343;5976;5994;6.00;0.37;255.74;4.24;904;19;2051.00;18
5075;19;623824122;5075;335;5987;6006;6.10;0.37;255.71;4.23;912;19;2052.00;19
5078;19;623824134;5078;329;5988;6006;6.13;0.37;255.74;4.23;910;19;2053.00;18
5081;19;623824144;5081;332;5988;6006;6.12;0.37;255.71;4.23;907;19;2054.00;18
5084;19;623824155;5084;325;5988;6006;6.17;0.38;255.68;4.23;904;19;2055.00;18
5087;19;623824165;5087;323;5988;6006;6.14;0.37;255.63;4.23;901;19;2056.00;18
5088;19;623824174;5088;323;5988;6006;6.16;0.38;255.67;4.23;900;19;2057.00;18
5092;19;623824184;5092;319;5992;6010;6.22;0.38;255.69;4.23;900;19;2058.00;18
5095;19;623824195;5095;317;5992;6010;6.31;0.38;255.66;4.23;897;19;2059.00;18
5097;19;623824205;5097;314;5996;6014;6.44;0.39;255.79;4.23;899;19;2060.00;18
5099;19;623824215;5099;303;5997;6015;6.54;0.40;255.79;4.23;898;19;2061.00;18
5099;19;623824226;5099;307;5997;6015;6.59;0.40;255.79;4.23;898;19;2062.00;18
5104;19;623824235;5104;307;5997;6015;6.53;0.40;255.76;4.23;893;19;2063.00;18
5106;19;623824251;5106;308;6010;6028;6.55;0.40;255.83;4.22;904;19;2064.00;18
5110;19;623824270;5110;303;6010;6028;6.50;0.40;255.87;4.22;900;19;2065.00;18
5114;19;623824286;5114;310;6010;6028;6.50;0.40;255.94;4.22;896;19;2066.00;18
5119;19;623824305;5119;307;6011;6029;6.51;0.39;255.97;4.22;892;19;2067.00;18
5122;19;623824322;5122;303;6012;6030;6.49;0.39;256.02;4.22;890;19;2068.00;18
5126;19;623824337;5126;308;6012;6030;6.49;0.39;256.03;4.22;886;19;2069.00;18
5129;19;623824355;5129;298;6016;6036;6.54;0.40;256.05;4.21;887;19;2070.00;20
5131;19;623824370;5131;303;6016;6036;6.57;0.40;256.01;4.21;885;19;2071.00;20
5134;19;623824382;5134;293;6018;6036;6.62;0.40;256.13;4.21;884;19;2072.00;18
5139;19;623824392;5139;291;6018;6036;6.62;0.40;256.17;4.21;879;19;2073.00;18
5141;19;623824404;5141;290;6024;6042;6.67;0.41;256.10;4.21;883;19;2074.00;18
5146;19;623824416;5146;284;6025;6042;6.65;0.41;256.20;4.26;879;19;2075.00;17
5148;19;623824428;5148;285;6025;6042;6.71;0.41;256.25;4.26;877;19;2076.00;17
5151;19;623824439;5151;286;6025;6042;6.80;0.42;256.27;4.26;874;19;2077.00;17
5155;19;623824451;5155;284;6029;6046;6.87;0.42;256.40;4.25;874;19;2078.00;17
5158;19;623824464;5158;285;6030;6047;6.89;0.42;256.39;4.25;872;19;2079.00;17
5161;19;623824476;5161;283;6030;6047;6.94;0.42;256.48;4.25;869;19;2080.00;17
5165;19;623824487;5165;279;6031;6048;7.02;0.43;256.58;4.25;866;19;2081.00;17
5168;19;623824498;5168;280;6031;6048;7.01;0.43;256.76;4.25;863;19;2082.00;17
5171;19;623824510;5171;286;6031;6048;7.02;0.43;256.74;4.25;860;19;2083.00;17
5176;19;623824520;5176;287;6031;6048;7.05;0.43;256.67;4.25;855;19;2084.00;17
5182;19;623824532;5182;288;6032;6048;6.99;0.43;256.94;4.30;850;19;2085.00;16
5185;19;623824543;5185;285;6032;6048;6.97;0.42;256.97;4.30;847;19;2086.00;16
5188;19;623824572;5188;280;6032;6048;6.99;0.43;257.05;4.30;844;19;2087.00;16
5191;19;623824584;5191;282;6079;6118;7.00;0.43;257.16;4.27;888;19;2088.00;39
5193;19;623824601;5193;273;6079;6119;7.07;0.43;257.23;4.27;886;19;2089.00;40
5195;19;623824613;5195;269;6084;6119;7.18;0.44;257.39;4.26;889;19;2090.00;35
5198;19;623824626;5198;265;6086;6119;7.27;0.44;257.52;4.26;888;19;2091.00;33
5201;19;623824638;5201;261;6089;6119;7.39;0.45;257.63;4.31;888;19;2092.00;30
5205;19;623824650;5205;260;6091;6119;7.55;0.46;257.70;4.31;886;19;2093.00;28
5210;19;623824663;5210;258;6094;6119;7.69;0.47;257.76;4.31;884;19;2094.00;25
5211;19;623824675;5211;259;6096;6119;7.84;0.48;257.77;4.31;885;19;2095.00;23
5216;19;623824687;5216;243;6098;6120;7.89;0.48;257.97;4.31;882;19;2096.00;22
5217;19;623824708;5217;236;6099;6121;7.96;0.48;257.95;4.31;882;19;2097.00;22
5220;19;623824721;5220;233;6102;6121;7.96;0.48;258.04;4.32;882;19;2098.00;19
5226;19;623824734;5226;234;6106;6125;7.99;0.49;258.02;4.32;880;19;2099.00;19
5228;19;623824751;5228;236;6111;6140;7.99;0.49;258.09;4.31;883;19;2100.00;29
5230;19;623824772;5230;220;6111;6140;8.06;0.49;258.18;4.31;881;19;2101.00;29
5231;19;623824787;5231;225;6111;6140;8.13;0.49;258.15;4.31;880;19;2102.00;29
5233;19;623824801;5233;224;6115;6146;8.21;0.50;258.22;4.31;882;19;2103.00;31
5233;19;623824816;5233;225;6115;6146;8.29;0.50;258.22;4.31;882;19;2104.00;31
5235;19;623824830;5235;225;6117;6146;8.33;0.51;258.25;4.31;882;19;2105.00;29
5236;19;623824847;5236;224;6119;6149;8.47;0.52;258.32;4.31;883;19;2106.00;30
5242;19;623824861;5242;222;6119;6149;8.55;0.52;258.33;4.31;877;19;2107.00;30
5244;19;623824875;5244;212;6120;6149;8.64;0.53;258.35;4.31;876;19;2108.00;29
5247;19;623824891;5247;215;6120;6150;8.72;0.53;258.32;4.31;873;19;2109.00;30
5250;19;623824908;5250;215;6121;6151;8.76;0.53;258.33;4.31;871;19;2110.00;30
5251;19;623824922;5251;207;6123;6151;8.82;0.54;258.43;4.31;872;19;2111.00;28
5252;19;623824936;5252;204;6134;6164;8.89;0.54;258.41;4.35;882;19;2112.00;30
5260;19;623824952;5260;196;6134;6164;8.93;0.54;258.42;4.35;874;19;2113.00;30
5263;19;623824966;5263;192;6134;6164;9.02;0.55;258.43;4.35;871;19;2114.00;30
5266;19;623824980;5266;189;6136;6166;9.07;0.55;258.46;4.35;870;19;2115.00;30
5268;19;623824994;5268;192;6137;6166;9.21;0.56;258.54;4.35;869;19;2116.00;29
5273;19;623825008;5273;185;6141;6170;9.28;0.56;258.55;4.35;868;19;2117.00;29
5274;19;623825023;5274;182;6141;6170;9.37;0.57;258.62;4.35;867;19;2118.00;29
5276;19;623825037;5276;182;6144;6174;9.38;0.57;258.65;4.35;868;19;2119.00;30
5280;19;623825050;5280;175;6144;6174;9.37;0.57;258.71;4.35;864;19;2120.00;30
5282;19;623825064;5282;179;6144;6174;9.49;0.57;258.80;4.35;862;19;2121.00;30
5284;19;623825077;5284;177;6145;6174;9.59;0.58;258.90;4.36;861;19;2122.00;29
5286;19;623825090;5286;175;6146;6174;9.61;0.58;258.93;4.36;860;19;2123.00;28
5289;19;623825104;5289;175;6154;6186;9.64;0.58;258.95;4.35;865;19;2124.00;32
5290;19;623825119;5290;169;6156;6186;9.68;0.59;258.94;4.36;866;19;2125.00;30
5293;19;623825133;5293;172;6158;6186;9.74;0.59;258.98;4.36;865;19;2126.00;28
5294;19;623825145;5294;172;6158;6186;9.78;0.59;258.98;4.36;864;19;2127.00;28
5296;19;623825160;5296;169;6160;6186;9.82;0.60;259.05;4.36;864;19;2128.00;26
5299;19;623825173;5299;169;6160;6186;9.95;0.60;259.04;4.36;861;19;2129.00;26
5302;19;623825188;5302;172;6161;6187;9.97;0.60;259.09;4.36;859;19;2130.00;26
5305;19;623825201;5305;171;6161;6187;9.91;0.60;259.05;4.36;856;19;2131.00;26
5307;19;623825215;5307;175;6166;6193;9.97;0.60;259.05;4.36;859;19;2132.00;27
5308;19;623825230;5308;176;6167;6194;9.96;0.60;259.07;4.36;859;19;2133.00;27
5309;19;623825251;5309;174;6167;6194;9.95;0.60;259.09;4.36;858;19;2134.00;27
5312;19;623825265;5312;179;6167;6194;9.87;0.60;259.11;4.36;855;19;2135.00;27
5317;19;623825277;5317;184;6169;6198;9.83;0.60;259.15;4.36;852;19;2136.00;29
5321;19;623825291;5321;186;6170;6198;9.78;0.59;259.14;4.36;849;19;2137.00;28
5322;19;623825303;5322;188;6171;6198;9.75;0.59;259.15;4.41;849;19;2138.00;27
5326;19;623825314;5326;182;6172;6199;9.71;0.59;259.20;4.41;846;19;2139.00;27
5331;19;623825326;5331;177;6175;6203;9.58;0.58;259.23;4.41;844;19;2140.00;28
5336;19;623825338;5336;179;6175;6203;9.52;0.58;259.19;4.41;839;19;2141.00;28
5339;19;623825348;5339;174;6177;6206;9.44;0.57;259.23;4.41;838;19;2142.00;29
5342;19;623825360;5342;177;6178;6206;9.43;0.57;259.28;4.41;836;19;2143.00;28
5346;19;623825371;5346;177;6178;6206;9.42;0.57;259.35;4.41;832;19;2144.00;28
5348;19;623825382;5348;176;6180;6206;9.43;0.57;259.34;4.42;832;19;2145.00;26
5352;19;623825394;5352;174;6184;6210;9.48;0.58;259.36;4.42;832;19;2146.00;26
5356;19;623825405;5356;175;6184;6210;9.51;0.58;259.44;4.42;828;19;2147.00;26
5362;19;623825416;5362;171;6184;6210;9.48;0.58;259.46;4.42;822;19;2148.00;26
5366;19;623825427;5366;176;6184;6210;9.51;0.58;259.41;4.42;818;19;2149.00;26
5369;19;623825437;5369;173;6184;6211;9.56;0.58;259.43;4.42;815;19;2150.00;27
5369;19;623825448;5369;171;6185;6212;9.58;0.58;259.43;4.42;816;19;2151.00;27
5372;19;623825458;5372;177;6185;6212;9.57;0.58;259.41;4.42;813;19;2152.00;27
5377;19;623825469;5377;180;6186;6213;9.55;0.58;259.57;4.42;809;19;2153.00;27
5379;19;623825479;5379;191;6187;6213;9.51;0.58;259.62;4.47;808;19;2154.00;26
5385;19;623825489;5385;194;6187;6213;9.35;0.57;259.62;4.47;802;19;2155.00;26
5388;19;623825499;5388;202;6187;6213;9.29;0.57;259.59;4.47;799;19;2156.00;26
5389;19;623825509;5389;204;6187;6213;9.25;0.56;259.65;4.47;798;19;2157.00;26
5392;19;623825519;5392;205;6187;6213;9.25;0.56;259.58;4.47;795;19;2158.00;26
5393;19;623825529;5393;213;6187;6213;9.21;0.56;259.56;4.47;794;19;2159.00;26
5396;19;623825540;5396;247;6283;6443;9.11;0.57;259.70;4.41;887;19;2160.00;160
5400;19;623825567;5400;246;6286;6444;9.00;0.56;259.81;4.41;886;19;2161.00;158
5402;19;623825578;5402;238;6295;6444;9.03;0.56;259.85;4.40;893;19;2162.00;149
5402;19;623825588;5402;233;6301;6444;8.97;0.56;259.85;4.40;899;19;2163.00;143
5405;19;623825599;5405;238;6311;6444;8.90;0.55;259.90;4.40;906;19;2164.00;133
5409;19;623825609;5409;239;6315;6444;8.77;0.54;259.95;4.40;906;19;2165.00;129
5412;19;623825626;5412;230;6326;6444;8.74;0.54;260.12;4.40;914;19;2166.00;118
5416;19;623825637;5416;242;6331;6444;8.66;0.54;260.15;4.41;915;19;2167.00;113
5418;19;623825648;5418;247;6338;6445;8.64;0.54;260.13;4.41;920;19;2168.00;107
5422;19;623825658;5422;255;6343;6446;8.63;0.53;260.10;4.41;921;19;2169.00;103
5424;19;623825669;5424;258;6353;6446;8.56;0.53;260.12;4.43;929;19;2170.00;93
5426;19;623825679;5426;266;6356;6447;8.45;0.52;260.07;4.43;930;19;2171.00;91
5430;19;623825690;5430;268;6362;6447;8.32;0.51;259.92;4.45;932;19;2172.00;85
5433;19;623825706;5433;278;6366;6447;8.15;0.50;260.06;4.46;933;19;2173.00;81
5436;19;623825716;5436;287;6370;6447;7.93;0.49;260.01;4.47;934;19;2174.00;77
5437;19;623825726;5437;293;6374;6451;7.76;0.48;260.12;4.48;937;19;2175.00;77
5441;19;623825743;5441;298;6377;6451;7.61;0.47;260.16;4.48;936;19;2176.00;74
5444;19;623825754;5444;303;6380;6451;7.46;0.46;260.12;4.50;936;19;2177.00;71
5447;19;623825764;5447;305;6381;6454;7.37;0.46;260.08;4.50;934;19;2178.00;73
5448;19;623825775;5448;318;6384;6454;7.31;0.45;260.14;4.52;936;19;2179.00;70
5451;19;623825785;5451;325;6388;6454;7.25;0.45;260.07;4.53;937;19;2180.00;66
5452;19;623825795;5452;334;6394;6458;7.21;0.44;260.07;4.55;942;19;2181.00;64
5456;19;623825805;5456;342;6399;6459;7.12;0.44;260.00;4.56;943;19;2182.00;60
5458;19;623825815;5458;342;6401;6459;7.00;0.43;260.02;4.57;943;19;2183.00;58
5461;19;623825826;5461;351;6406;6463;6.95;0.43;259.98;4.58;945;19;2184.00;57
5461;19;623825836;5461;363;6408;6463;6.91;0.43;259.98;4.58;947;19;2185.00;55
5463;19;623825846;5463;369;6410;6463;6.85;0.42;259.97;4.59;947;19;2186.00;53
5464;19;623825856;5464;377;6414;6464;6.77;0.42;259.93;4.61;950;19;2187.00;50
5465;19;623825865;5465;385;6415;6464;6.66;0.41;259.89;4.61;950;19;2188.00;49
5466;19;623825875;5466;391;6422;6470;6.58;0.41;259.87;4.61;956;19;2189.00;48
5469;19;623825887;5469;391;6424;6470;6.45;0.40;259.79;4.62;955;19;2190.00;46
5474;19;623825897;5474;400;6425;6471;6.28;0.38;259.69;4.62;951;19;2191.00;46
5475;19;623825908;5475;402;6426;6471;6.15;0.38;259.65;4.62;951;19;2192.00;45
5475;19;623825918;5475;403;6429;6471;5.97;0.36;259.65;4.64;954;19;2193.00;42
5475;19;623825927;5475;414;6429;6471;5.88;0.36;259.65;4.64;954;19;2194.00;42
5476;19;623825937;5476;403;6432;6471;5.81;0.36;259.62;4.65;956;19;2195.00;39
5478;19;623825947;5478;401;6443;6483;5.84;0.36;259.55;4.65;965;19;2196.00;40
5478;19;623825958;5478;396;6445;6483;5.80;0.36;259.55;4.65;967;19;2197.00;38
5478;19;623825969;5478;397;6447;6483;5.82;0.36;259.55;4.66;969;19;2198.00;36
5480;19;623825979;5480;399;6448;6483;5.82;0.36;259.49;4.66;968;19;2199.00;35
5482;19;623825990;5482;397;6449;6483;5.81;0.36;259.55;4.67;967;19;2200.00;34
5484;19;623826005;5484;393;6450;6483;5.80;0.35;259.50;4.67;966;19;2201.00;33
5488;19;623826020;5488;396;6453;6487;5.78;0.35;259.57;4.66;965;19;2202.00;34
5489;20;623826031;5489;391;6455;6487;5.86;0.36;259.55;4.67;966;20;2203.00;32
5495;20;623826052;5495;391;6460;6491;5.84;0.36;259.47;4.67;965;20;2204.00;31
5495;20;623826063;5495;387;6462;6493;5.78;0.35;259.47;4.67;967;20;2205.00;31
5498;20;623826073;5498;389;6463;6493;5.72;0.35;259.49;4.67;965;20;2206.00;30
5500;20;623826088;5500;390;6464;6493;5.62;0.35;259.45;4.67;964;20;2207.00;29
5504;20;623826098;5504;388;6475;6506;5.56;0.34;259.46;4.66;971;20;2208.00;31
5505;20;623826109;5505;392;6475;6506;5.51;0.34;259.48;4.66;970;20;2209.00;31
5507;20;623826119;5507;386;6479;6508;5.46;0.34;259.47;4.66;972;20;2210.00;29
5510;20;623826129;5510;383;6480;6509;5.49;0.34;259.44;4.66;970;20;2211.00;29
5512;20;623826139;5512;374;6481;6510;5.48;0.34;259.45;4.66;969;20;2212.00;29
5514;20;623826155;5514;366;6481;6510;5.54;0.34;259.50;4.66;967;20;2213.00;29
5514;20;623826166;5514;368;6483;6513;5.62;0.35;259.50;4.66;969;20;2214.00;30
5516;20;623826176;5516;367;6483;6513;5.69;0.35;259.51;4.66;967;20;2215.00;30
5518;20;623826186;5518;361;6484;6513;5.71;0.35;259.51;4.65;966;20;2216.00;29
5520;20;623826196;5520;359;6484;6513;5.77;0.36;259.50;4.65;964;20;2217.00;29
5522;20;623826206;5522;354;6489;6519;5.89;0.36;259.48;4.65;967;20;2218.00;30
5526;20;623826218;5526;352;6489;6519;5.92;0.36;259.50;4.65;963;20;2219.00;30
5528;20;623826231;5528;346;6490;6519;5.97;0.37;259.44;4.65;962;20;2220.00;29
5532;20;623826241;5532;340;6490;6519;6.09;0.37;259.47;4.65;958;20;2221.00;29
5538;20;623826258;5538;342;6494;6523;6.21;0.38;259.51;4.65;956;20;2222.00;29
5540;20;623826280;5540;342;6495;6524;6.35;0.39;259.57;4.65;955;20;2223.00;29
5544;20;623826300;5544;337;6495;6524;6.44;0.40;259.55;4.65;951;20;2224.00;29
5549;20;623826316;5549;334;6496;6525;6.45;0.40;259.51;4.65;947;20;2225.00;29
5550;20;623826333;5550;328;6496;6525;6.49;0.40;259.58;4.65;946;20;2226.00;29
5555;20;623826349;5555;334;6496;6525;6.51;0.40;259.67;4.65;941;20;2227.00;29
5562;20;623826363;5562;335;6496;6525;6.45;0.40;259.73;4.65;934;20;2228.00;29
5565;20;623826375;5565;333;6496;6525;6.47;0.40;259.80;4.65;931;20;2229.00;29
5569;20;623826386;5569;324;6496;6525;6.51;0.40;259.75;4.65;927;20;2230.00;29
5574;20;623826397;5574;324;6496;6525;6.51;0.40;259.74;4.65;922;20;2231.00;29
5578;20;623826409;5578;331;6538;6595;6.72;0.41;259.72;4.62;960;20;2232.00;57
5581;20;623826426;5581;327;6541;6596;6.75;0.41;259.84;4.62;960;20;2233.00;55
5587;20;623826439;5587;327;6549;6596;6.73;0.41;259.99;4.61;962;20;2234.00;47
5590;20;623826451;5590;327;6549;6596;6.75;0.41;260.24;4.61;959;20;2235.00;47
5594;20;623826463;5594;318;6552;6596;6.75;0.41;260.39;4.61;958;20;2236.00;44
5596;20;623826475;5596;326;6553;6596;6.76;0.41;260.45;4.61;957;20;2237.00;43
5603;20;623826486;5603;323;6556;6596;6.74;0.41;260.61;4.61;953;20;2238.00;40
5605;20;623826497;5605;323;6559;6596;6.81;0.42;260.61;4.62;954;20;2239.00;37
5608;20;623826509;5608;329;6561;6597;6.90;0.42;260.70;4.62;953;20;2240.00;36
5614;20;623826521;5614;322;6564;6598;6.87;0.42;260.89;4.62;950;20;2241.00;34
5621;20;623826534;5621;322;6565;6598;6.86;0.42;260.89;4.62;944;20;2242.00;33
5627;20;623826547;5627;318;6569;6602;6.84;0.42;260.98;4.62;942;20;2243.00;33
5629;20;623826558;5629;317;6570;6602;6.87;0.42;261.01;4.62;941;20;2244.00;32
5632;20;623826570;5632;316;6570;6602;6.88;0.42;261.09;4.62;938;20;2245.00;32
5635;20;623826581;5635;321;6570;6602;6.89;0.42;261.15;4.62;935;20;2246.00;32
5638;20;623826593;5638;320;6575;6608;6.97;0.43;261.30;4.61;937;20;2247.00;33
5639;20;623826605;5639;316;6575;6608;7.01;0.43;261.30;4.61;936;20;2248.00;33
5644;20;623826616;5644;319;6575;6608;7.01;0.43;261.34;4.61;931;20;2249.00;33
5647;20;623826630;5647;315;6580;6614;7.04;0.43;261.45;4.68;933;20;2250.00;34
5649;20;623826643;5649;313;6580;6614;7.02;0.43;261.53;4.68;931;20;2251.00;34
5652;20;623826655;5652;317;6582;6614;7.04;0.43;261.62;4.68;930;20;2252.00;32
5655;20;623826666;5655;315;6582;6615;7.02;0.43;261.73;4.68;927;20;2253.00;33
5659;20;623826677;5659;317;6583;6616;6.97;0.42;261.79;4.68;924;20;2254.00;33
5662;20;623826689;5662;318;6583;6616;6.90;0.42;261.85;4.68;921;20;2255.00;33
5664;20;623826700;5664;326;6594;6629;6.96;0.42;261.89;4.67;930;20;2256.00;35
5668;20;623826712;5668;312;6594;6629;6.91;0.42;262.01;4.67;926;20;2257.00;35
5674;20;623826724;5674;301;6594;6629;6.91;0.42;262.03;4.67;920;20;2258.00;35
5677;20;623826735;5677;292;6595;6630;6.94;0.42;262.15;4.67;918;20;2259.00;35
5680;20;623826747;5680;295;6595;6630;7.01;0.43;262.29;4.67;915;20;2260.00;35
5683;20;623826759;5683;289;6599;6634;7.07;0.43;262.30;4.67;916;20;2261.00;35
5688;20;623826770;5688;281;6599;6634;7.05;0.43;262.38;4.67;911;20;2262.00;35
5692;20;623826789;5692;283;6602;6638;7.03;0.43;262.36;4.67;910;20;2263.00;36
5694;20;623826801;5694;280;6602;6638;7.09;0.43;262.38;4.67;908;20;2264.00;36
5701;20;623826813;5701;282;6602;6638;7.11;0.43;262.43;4.67;901;20;2265.00;36
5704;20;623826824;5704;272;6603;6638;7.13;0.43;262.49;4.74;899;20;2266.00;35
5705;20;623826836;5705;263;6603;6638;7.26;0.44;262.54;4.74;898;20;2267.00;35
5709;20;623826848;5709;258;6613;6650;7.44;0.45;262.64;4.73;904;20;2268.00;37
5710;20;623826862;5710;247;6613;6650;7.56;0.46;262.64;4.73;903;20;2269.00;37
5713;20;623826875;5713;233;6614;6650;7.72;0.47;262.65;4.73;901;20;2270.00;36
5716;20;623826887;5716;225;6614;6650;7.85;0.48;262.63;4.73;898;20;2271.00;36
5719;20;623826905;5719;218;6614;6650;7.98;0.48;262.64;4.73;895;20;2272.00;36
5723;20;623826918;5723;212;6614;6650;8.04;0.49;262.72;4.73;891;20;2273.00;36
5727;20;623826931;5727;205;6614;6651;8.18;0.49;262.70;4.73;887;20;2274.00;37
5727;21;623826944;5727;198;6614;6651;8.26;0.50;262.70;4.73;887;21;2275.00;37
5732;21;623826970;5732;195;6620;6657;8.32;0.50;262.72;4.79;888;21;2276.00;37
5733;21;623826983;5733;190;6621;6658;8.43;0.51;262.76;4.78;888;21;2277.00;37
5734;21;623826995;5734;189;6621;6658;8.49;0.51;262.76;4.78;887;21;2278.00;37
5737;21;623827008;5737;190;6621;6658;8.52;0.51;262.79;4.78;884;21;2279.00;37
5739;21;623827026;5739;191;6625;6663;8.55;0.52;262.83;4.78;886;21;2280.00;38
5740;21;623827039;5740;187;6625;6663;8.64;0.52;262.88;4.78;885;21;2281.00;38
5744;21;623827050;5744;190;6625;6663;8.66;0.52;262.97;4.78;881;21;2282.00;38
5746;21;623827063;5746;186;6626;6664;8.72;0.53;262.95;4.78;880;21;2283.00;38
5746;21;623827075;5746;190;6629;6668;8.75;0.53;262.95;4.78;883;21;2284.00;39
5750;21;623827087;5750;192;6629;6668;8.68;0.53;263.05;4.78;879;21;2285.00;39
5754;21;623827099;5754;191;6631;6671;8.65;0.52;263.10;4.78;877;21;2286.00;40
5754;21;623827111;5754;194;6632;6671;8.65;0.53;263.10;4.84;878;21;2287.00;39
5758;21;623827128;5758;201;6633;6671;8.64;0.52;263.12;4.84;875;21;2288.00;38
5759;21;623827140;5759;202;6633;6671;8.65;0.52;263.09;4.84;874;21;2289.00;38
5762;21;623827152;5762;196;6637;6675;8.60;0.52;263.25;4.84;875;21;2290.00;38
5764;21;623827163;5764;197;6637;6675;8.54;0.52;263.44;4.84;873;21;2291.00;38
5767;21;623827174;5767;195;6637;6675;8.52;0.52;263.41;4.84;870;21;2292.00;38
5769;21;623827186;5769;198;6637;6675;8.55;0.52;263.48;4.84;868;21;2293.00;38
5770;21;623827196;5770;203;6637;6676;8.59;0.52;263.54;4.84;867;21;2294.00;39
5773;21;623827207;5773;198;6639;6678;8.62;0.52;263.55;4.84;866;21;2295.00;39
5776;21;623827219;5776;195;6639;6678;8.68;0.53;263.58;4.84;863;21;2296.00;39
5776;21;623827230;5776;189;6640;6679;8.77;0.53;263.58;4.83;864;21;2297.00;39
5777;21;623827241;5777;187;6640;6679;8.80;0.54;263.58;4.83;863;21;2298.00;39
5778;21;623827256;5778;187;6640;6679;8.86;0.54;263.54;4.83;862;21;2299.00;39
5783;21;623827268;5783;183;6640;6679;8.92;0.54;263.58;4.83;857;21;2300.00;39
5783;21;623827300;5783;187;6640;6679;8.99;0.55;263.58;4.83;857;21;2301.00;39
5785;21;623827312;5785;186;6640;6679;9.00;0.55;263.53;4.83;855;21;2302.00;39
5786;21;623827322;5786;187;6641;6679;9.11;0.55;263.53;4.89;855;21;2303.00;38
5788;21;623827333;5788;219;6712;6806;8.97;0.55;263.62;4.84;924;21;2304.00;94
5792;21;623827354;5792;203;6713;6807;9.00;0.55;263.64;4.84;921;21;2305.00;94
5795;21;623827366;5795;194;6718;6807;9.09;0.56;263.74;4.84;923;21;2306.00;89
5796;21;623827377;5796;195;6718;6807;9.14;0.56;263.72;4.84;922;21;2307.00;89
5801;21;623827388;5801;189;6724;6807;9.19;0.57;263.86;4.84;923;21;2308.00;83
5806;21;623827399;5806;191;6725;6807;9.16;0.56;263.90;4.84;919;21;2309.00;82
5811;21;623827412;5811;192;6728;6807;9.18;0.56;263.89;4.84;917;21;2310.00;79
5815;21;623827423;5815;197;6730;6807;9.24;0.57;263.85;4.84;915;21;2311.00;77
5818;21;623827435;5818;196;6731;6808;9.23;0.57;263.86;4.84;913;21;2312.00;77
5821;21;623827446;5821;198;6735;6809;9.19;0.56;263.94;4.84;914;21;2313.00;74
5823;21;623827458;5823;202;6738;6809;9.12;0.56;263.91;4.90;915;21;2314.00;71
5825;21;623827469;5825;210;6740;6810;9.08;0.56;263.87;4.91;915;21;2315.00;70
5827;21;623827481;5827;219;6742;6810;9.08;0.56;263.96;4.92;915;21;2316.00;68
5835;21;623827493;5835;213;6742;6810;8.97;0.55;264.04;4.92;907;21;2317.00;68
5839;21;623827505;5839;208;6745;6810;8.94;0.55;263.95;4.93;906;21;2318.00;65
5844;21;623827516;5844;209;6754;6814;8.86;0.54;264.02;4.93;910;21;2319.00;60
5848;21;623827528;5848;215;6757;6814;8.79;0.54;263.97;4.94;909;21;2320.00;57
5852;21;623827539;5852;218;6759;6814;8.73;0.54;264.00;4.94;907;21;2321.00;55
5858;22;623827549;5858;221;6762;6817;8.64;0.53;263.96;4.95;904;22;2322.00;55
5862;22;623827577;5862;224;6763;6817;8.61;0.53;263.94;4.95;901;22;2323.00;54
5867;22;623827588;5867;230;6764;6817;8.56;0.53;263.91;4.95;897;22;2324.00;53
5868;22;623827598;5868;231;6770;6821;8.52;0.52;263.93;4.95;902;22;2325.00;51
5871;22;623827609;5871;235;6771;6822;8.48;0.52;263.91;4.95;900;22;2326.00;51
5875;22;623827620;5875;241;6773;6822;8.39;0.52;263.90;4.96;898;22;2327.00;49
5879;22;623827630;5879;247;6776;6826;8.32;0.51;263.87;4.96;897;22;2328.00;50
5884;22;623827642;5884;252;6777;6826;8.21;0.50;263.82;4.95;893;22;2329.00;49
5886;22;623827657;5886;259;6778;6826;8.20;0.50;263.75;4.96;892;22;2330.00;48
5891;22;623827673;5891;264;6779;6827;8.09;0.49;263.74;4.95;888;22;2331.00;48
5894;22;623827683;5894;277;6779;6827;8.01;0.49;263.80;4.95;885;22;2332.00;48
5896;22;623827693;5896;278;6784;6833;8.04;0.49;263.85;4.95;888;22;2333.00;49
5897;22;623827704;5897;282;6784;6833;8.01;0.49;263.83;4.95;887;22;2334.00;49
5902;22;623827714;5902;289;6784;6834;7.86;0.48;263.84;4.95;882;22;2335.00;50
5903;22;623827725;5903;294;6784;6834;7.72;0.47;263.84;4.95;881;22;2336.00;50
5906;22;623827735;5906;302;6785;6834;7.60;0.46;263.83;4.96;879;22;2337.00;49
5908;22;623827745;5908;311;6785;6834;7.47;0.46;263.78;4.96;877;22;2338.00;49
5909;22;623827755;5909;311;6785;6834;7.41;0.45;263.76;4.96;876;22;2339.00;49
5910;22;623827770;5910;325;6812;6870;7.50;0.46;263.76;4.96;902;22;2340.00;58
5915;22;623827782;5915;320;6813;6870;7.44;0.46;263.68;4.96;898;22;2341.00;57
5915;22;623827792;5915;327;6817;6870;7.45;0.46;263.68;4.97;902;22;2342.00;53
5915;22;623827801;5915;334;6818;6870;7.42;0.46;263.68;4.98;903;22;2343.00;52
5917;22;623827811;5917;339;6820;6870;7.36;0.45;263.66;4.99;903;22;2344.00;50
5918;22;623827825;5918;345;6820;6870;7.35;0.45;263.71;4.99;902;22;2345.00;50
5921;22;623827835;5921;354;6826;6874;7.21;0.44;263.68;5.00;905;22;2346.00;48
5923;22;623827851;5923;350;6826;6874;7.14;0.44;263.65;5.00;903;22;2347.00;48
5924;22;623827867;5924;348;6831;6878;7.12;0.44;263.63;5.01;907;22;2348.00;47
5925;22;623827877;5925;347;6833;6879;7.12;0.44;263.62;5.01;908;22;2349.00;46
5928;22;623827887;5928;346;6834;6879;7.12;0.44;263.60;5.02;906;22;2350.00;45
5930;22;623827897;5930;337;6835;6879;7.08;0.43;263.55;5.02;905;22;2351.00;44
5935;22;623827907;5935;340;6847;6892;7.02;0.43;263.53;5.02;912;22;2352.00;45
5936;22;623827918;5936;339;6847;6892;6.96;0.43;263.51;5.02;911;22;2353.00;45
5937;22;623827933;5937;341;6848;6892;6.88;0.42;263.50;5.03;911;22;2354.00;44
5937;22;623827943;5937;347;6850;6893;6.81;0.42;263.50;5.04;913;22;2355.00;43
5940;22;623827953;5940;348;6850;6894;6.65;0.41;263.44;5.04;910;22;2356.00;44
5941;22;623827962;5941;354;6853;6894;6.54;0.40;263.51;5.07;912;22;2357.00;41
5941;22;623827973;5941;351;6856;6897;6.44;0.39;263.51;5.06;915;22;2358.00;41
5944;22;623827982;5944;349;6856;6897;6.38;0.39;263.54;5.06;912;22;2359.00;41
5944;22;623827992;5944;343;6857;6897;6.30;0.38;263.54;5.07;913;22;2360.00;40
5946;22;623828001;5946;340;6857;6897;6.21;0.38;263.59;5.07;911;22;2361.00;40
5947;22;623828011;5947;337;6865;6903;6.22;0.38;263.57;5.09;918;22;2362.00;38
5948;22;623828021;5948;341;6865;6903;6.17;0.38;263.55;5.09;917;22;2363.00;38
5949;22;623828031;5949;339;6867;6903;6.15;0.38;263.53;5.10;918;22;2364.00;36
5952;22;623828040;5952;332;6867;6903;6.12;0.37;263.50;5.10;915;22;2365.00;36
5953;22;623828055;5953;331;6871;6907;6.15;0.37;263.47;5.10;918;22;2366.00;36
5953;22;623828065;5953;323;6872;6908;6.18;0.38;263.47;5.10;919;22;2367.00;36
5957;22;623828074;5957;321;6872;6908;6.20;0.38;263.51;5.10;915;22;2368.00;36
5959;22;623828084;5959;328;6876;6909;6.23;0.38;263.65;5.11;917;22;2369.00;33
5961;22;623828095;5961;323;6876;6909;6.26;0.38;263.72;5.11;915;22;2370.00;33
5965;22;623828104;5965;330;6876;6909;6.33;0.38;263.70;5.11;911;22;2371.00;33
5968;22;623828113;5968;332;6877;6909;6.39;0.39;263.69;5.12;909;22;2372.00;32
5970;22;623828123;5970;335;6877;6909;6.49;0.39;263.66;5.12;907;22;2373.00;32
5974;22;623828132;5974;327;6880;6909;6.54;0.40;263.74;5.12;906;22;2374.00;29
5976;22;623828141;5976;326;6880;6909;6.57;0.40;263.75;5.12;904;22;2375.00;29
5977;22;623828151;5977;334;6928;6979;6.64;0.41;263.76;5.09;951;22;2376.00;51
5980;22;623828166;5980;329;6930;6980;6.66;0.41;263.77;5.09;950;22;2377.00;50
5983;22;623828177;5983;332;6934;6980;6.64;0.41;263.85;5.09;951;22;2378.00;46
5986;22;623828186;5986;335;6935;6980;6.58;0.40;263.91;5.09;949;22;2379.00;45
5989;22;623828195;5989;328;6936;6980;6.56;0.40;263.96;5.09;947;22;2380.00;44
5991;22;623828205;5991;321;6938;6980;6.53;0.40;263.93;5.09;947;22;2381.00;42
5994;22;623828221;5994;321;6939;6980;6.50;0.40;264.08;5.09;945;22;2382.00;41
5997;22;623828230;5997;320;6940;6980;6.46;0.40;264.17;5.09;943;22;2383.00;40
6000;22;623828240;6000;320;6941;6981;6.44;0.40;264.13;5.09;941;22;2384.00;40
6003;22;623828255;6003;327;6943;6983;6.40;0.39;264.19;5.09;940;22;2385.00;40
6005;22;623828272;6005;335;6944;6983;6.44;0.39;264.25;5.09;939;22;2386.00;39
6008;22;623828288;6008;330;6951;6987;6.50;0.40;264.22;5.09;943;22;2387.00;36
6011;22;623828306;6011;331;6953;6987;6.58;0.40;264.28;5.09;942;22;2388.00;34
6017;22;623828322;6017;332;6954;6987;6.64;0.40;264.32;5.09;937;22;2389.00;33
6019;22;623828337;6019;324;6956;6987;6.72;0.41;264.31;5.09;937;22;2390.00;31
6021;22;623828354;6021;320;6963;6993;6.79;0.41;264.41;5.09;942;22;2391.00;30
6023;22;623828371;6023;319;6964;6993;6.86;0.42;264.51;5.09;941;22;2392.00;29
6027;22;623828383;6027;313;6964;6993;6.95;0.42;264.54;5.09;937;22;2393.00;29
6030;22;623828397;6030;308;6966;6996;7.06;0.43;264.62;5.09;936;22;2394.00;30
6036;22;623828409;6036;301;6966;6996;7.07;0.43;264.73;5.09;930;22;2395.00;30
6038;22;623828422;6038;304;6967;6996;7.10;0.43;264.74;5.09;929;22;2396.00;29
6044;22;623828434;6044;304;6968;6997;7.08;0.43;264.82;5.09;924;22;2397.00;29
6050;22;623828448;6050;304;6969;6998;7.06;0.43;264.73;5.09;919;22;2398.00;29
6052;22;623828463;6052;297;6969;6998;7.02;0.43;264.79;5.09;917;22;2399.00;29
6055;22;623828479;6055;299;6994;7057;7.05;0.43;264.84;5.07;939;22;2400.00;63
6060;22;623828508;6060;290;6996;7057;7.01;0.42;264.94;5.07;936;22;2401.00;61
6061;22;623828521;6061;290;6999;7057;7.02;0.42;264.95;5.07;938;22;2402.00;58
6063;22;623828533;6063;284;7000;7058;7.02;0.43;265.05;5.07;937;22;2403.00;58
6066;22;623828545;6066;287;7002;7058;7.05;0.43;265.16;5.06;936;22;2404.00;56
6070;22;623828558;6070;295;7006;7062;7.08;0.43;265.23;5.06;936;22;2405.00;56
6074;22;623828571;6074;295;7008;7062;7.00;0.43;265.33;5.06;934;22;2406.00;54
6077;22;623828582;6077;293;7013;7066;7.03;0.43;265.34;5.06;936;22;2407.00;53
6079;22;623828595;6079;298;7013;7066;7.09;0.43;265.40;5.06;934;22;2408.00;53
6081;22;623828608;6081;302;7013;7066;7.10;0.43;265.44;5.06;932;22;2409.00;53
6082;22;623828619;6082;300;7014;7066;7.15;0.43;265.45;5.06;932;22;2410.00;52
6087;22;623828631;6087;302;7015;7066;7.15;0.43;265.64;5.06;928;22;2411.00;51
6092;22;623828646;6092;299;7023;7078;7.19;0.44;265.75;5.06;931;22;2412.00;55
6094;22;623828660;6094;300;7024;7078;7.22;0.44;265.75;5.06;930;22;2413.00;54
6099;22;623828672;6099;300;7025;7078;7.21;0.44;265.86;5.06;926;22;2414.00;53
6104;22;623828683;6104;294;7026;7078;7.18;0.44;266.03;5.06;922;22;2415.00;52
6106;22;623828697;6106;298;7027;7078;7.19;0.44;266.01;5.06;921;22;2416.00;51
6110;22;623828714;6110;297;7028;7078;7.16;0.44;266.02;5.06;918;22;2417.00;50
6112;22;623828728;6112;302;7031;7079;7.15;0.43;265.99;5.07;919;22;2418.00;48
6115;22;623828740;6115;304;7031;7079;7.14;0.43;266.13;5.07;916;22;2419.00;48
6121;22;623828752;6121;302;7035;7085;7.12;0.43;266.08;5.06;914;22;2420.00;50
6125;22;623828765;6125;306;7037;7086;7.12;0.43;266.09;5.07;912;22;2421.00;49
6128;22;623828777;6128;306;7037;7086;7.17;0.44;266.20;5.07;909;22;2422.00;49
6133;22;623828789;6133;306;7037;7086;7.10;0.43;266.30;5.07;904;22;2423.00;49
6134;22;623828801;6134;310;7040;7090;7.11;0.43;266.27;5.07;906;22;2424.00;50
6136;22;623828813;6136;312;7040;7090;7.11;0.43;266.32;5.07;904;22;2425.00;50
6140;22;623828825;6140;316;7041;7090;7.04;0.43;266.33;5.07;901;22;2426.00;49
6142;22;623828837;6142;305;7044;7091;7.04;0.43;266.37;5.07;902;22;2427.00;47
6147;22;623828850;6147;300;7047;7095;7.01;0.42;266.47;5.07;900;22;2428.00;48
6151;22;623828862;6151;296;7047;7095;7.05;0.43;266.58;5.07;896;22;2429.00;48
6155;22;623828876;6155;289;7052;7101;7.14;0.43;266.76;5.07;897;22;2430.00;49
6158;22;623828889;6158;289;7052;7101;7.23;0.44;266.76;5.07;894;22;2431.00;49
6164;22;623828900;6164;282;7053;7101;7.28;0.44;266.81;5.07;889;22;2432.00;48
6166;22;623828913;6166;273;7054;7101;7.31;0.44;266.83;5.07;888;22;2433.00;47
6167;22;623828926;6167;266;7058;7105;7.40;0.45;266.88;5.07;891;22;2434.00;47
6171;22;623828941;6171;272;7058;7105;7.40;0.45;266.94;5.07;887;22;2435.00;47
6174;22;623828956;6174;256;7058;7105;7.42;0.45;267.02;5.07;884;22;2436.00;47
6178;22;623828969;6178;241;7058;7105;7.38;0.45;267.04;5.07;880;22;2437.00;47
6181;22;623828982;6181;242;7059;7106;7.26;0.44;267.08;5.07;878;22;2438.00;47
6185;22;623829002;6185;239;7060;7107;7.21;0.44;267.12;5.07;875;22;2439.00;47
6188;22;623829015;6188;228;7060;7107;7.16;0.44;267.10;5.07;872;22;2440.00;47
6191;22;623829027;6191;223;7062;7108;7.15;0.43;267.16;5.14;871;22;2441.00;46
6192;22;623829040;6192;229;7062;7108;7.19;0.44;267.18;5.14;870;22;2442.00;46
6193;22;623829051;6193;232;7062;7108;7.20;0.44;267.25;5.14;869;22;2443.00;46
6198;22;623829063;6198;234;7063;7108;7.15;0.43;267.32;5.15;865;22;2444.00;45
6200;22;623829075;6200;236;7063;7108;7.23;0.44;267.36;5.15;863;22;2445.00;45
6202;22;623829087;6202;233;7063;7108;7.24;0.44;267.37;5.15;861;22;2446.00;45
6204;22;623829099;6204;234;7063;7108;7.24;0.44;267.33;5.15;859;22;2447.00;45
6205;22;623829110;6205;254;7130;7235;7.38;0.46;267.35;5.10;925;22;2448.00;105
6209;22;623829131;6209;252;7131;7236;7.40;0.46;267.46;5.10;922;22;2449.00;105
6211;22;623829143;6211;239;7138;7236;7.52;0.46;267.46;5.10;927;22;2450.00;98
6214;22;623829156;6214;234;7141;7236;7.64;0.47;267.66;5.10;927;22;2451.00;95
6218;22;623829169;6218;230;7145;7236;7.77;0.48;267.68;5.10;927;22;2452.00;91
6219;22;623829180;6219;221;7149;7236;7.88;0.48;267.68;5.10;930;22;2453.00;87
6222;22;623829192;6222;221;7151;7236;7.98;0.49;267.73;5.10;929;22;2454.00;85
6222;22;623829204;6222;228;7154;7236;8.12;0.50;267.73;5.10;932;22;2455.00;82
6225;22;623829215;6225;231;7158;7237;8.19;0.50;267.71;5.11;933;22;2456.00;79
6229;22;623829228;6229;228;7163;7238;8.19;0.50;267.67;5.12;934;22;2457.00;75
6230;22;623829240;6230;230;7166;7238;8.21;0.50;267.72;5.12;936;22;2458.00;72
6232;22;623829253;6232;229;7169;7239;8.19;0.50;267.71;5.12;937;22;2459.00;70
6236;22;623829268;6236;234;7170;7239;8.16;0.50;267.79;5.12;934;22;2460.00;69
6238;22;623829280;6238;232;7172;7239;8.16;0.50;267.82;5.12;934;22;2461.00;67
6240;22;623829294;6240;236;7173;7239;8.07;0.49;267.83;5.13;933;22;2462.00;66
6244;22;623829305;6244;242;7178;7243;8.00;0.49;267.92;5.13;934;22;2463.00;65
6247;22;623829317;6247;245;7180;7243;8.07;0.50;268.06;5.13;933;22;2464.00;63
6250;22;623829328;6250;247;7180;7243;8.10;0.50;268.03;5.13;930;22;2465.00;63
6251;22;623829339;6251;246;7184;7246;8.18;0.50;268.00;5.20;933;22;2466.00;62
6255;22;623829351;6255;247;7185;7246;8.14;0.50;268.10;5.20;930;22;2467.00;61
6257;22;623829368;6257;254;7188;7246;8.10;0.50;268.15;5.22;931;22;2468.00;58
6260;22;623829379;6260;257;7191;7250;8.11;0.50;268.17;5.22;931;22;2469.00;59
6262;22;623829391;6262;253;7194;7251;8.19;0.50;268.17;5.22;932;22;2470.00;57
6263;22;623829408;6263;258;7195;7251;8.26;0.51;268.21;5.22;932;22;2471.00;56
6267;22;623829419;6267;258;7197;7255;8.35;0.51;268.21;5.22;930;22;2472.00;58
6268;22;623829431;6268;264;7199;7255;8.43;0.52;268.22;5.22;931;22;2473.00;56
6273;22;623829442;6273;264;7199;7255;8.47;0.52;268.16;5.22;926;22;2474.00;56
6277;22;623829454;6277;266;7201;7257;8.51;0.52;268.25;5.22;924;22;2475.00;56
6280;22;623829465;6280;269;7201;7257;8.52;0.52;268.26;5.22;921;22;2476.00;56
6281;22;623829477;6281;270;7206;7263;8.59;0.53;268.26;5.22;925;22;2477.00;57
6284;22;623829490;6284;277;7206;7263;8.58;0.52;268.25;5.22;922;22;2478.00;57
6286;22;623829501;6286;273;7206;7264;8.56;0.52;268.21;5.22;920;22;2479.00;58
6293;22;623829512;6293;271;7206;7264;8.44;0.52;268.19;5.22;913;22;2480.00;58
6296;22;623829523;6296;272;7207;7264;8.37;0.51;268.22;5.29;911;22;2481.00;57
6302;22;623829533;6302;270;7207;7264;8.26;0.50;268.11;5.29;905;22;2482.00;57
6305;22;623829544;6305;271;7207;7264;8.21;0.50;268.05;5.29;902;22;2483.00;57
6308;22;623829554;6308;273;7217;7276;8.14;0.50;268.02;5.28;909;22;2484.00;59
6311;22;623829566;6311;274;7220;7276;8.14;0.50;267.96;5.30;909;22;2485.00;56
6315;22;623829577;6315;277;7220;7276;8.10;0.49;267.93;5.30;905;22;2486.00;56
6317;22;623829587;6317;278;7220;7276;8.04;0.49;267.87;5.30;903;22;2487.00;56
6321;22;623829597;6321;286;7220;7276;8.01;0.49;267.95;5.30;899;22;2488.00;56
6324;22;623829607;6324;289;7220;7276;7.97;0.48;267.89;5.30;896;22;2489.00;56
6326;22;623829619;6326;292;7223;7280;7.96;0.48;267.87;5.30;897;22;2490.00;57
6329;22;623829630;6329;294;7223;7280;8.00;0.49;267.82;5.30;894;22;2491.00;57
6331;22;623829640;6331;299;7227;7284;8.04;0.49;267.78;5.30;896;22;2492.00;57
6332;22;623829650;6332;302;7227;7285;8.00;0.49;267.84;5.30;895;22;2493.00;58
6332;22;623829661;6332;301;7228;7285;8.02;0.49;267.84;5.29;896;22;2494.00;57
6334;22;623829670;6334;306;7228;7285;8.01;0.49;267.92;5.29;894;22;2495.00;57
6337;23;623829680;6337;312;7238;7298;7.96;0.48;267.88;5.30;901;23;2496.00;60
6338;23;623829702;6338;311;7238;7298;7.96;0.48;267.87;5.30;900;23;2497.00;60
6342;23;623829713;6342;310;7238;7298;7.96;0.48;267.78;5.30;896;23;2498.00;60
6343;23;623829723;6343;306;7239;7299;7.98;0.49;267.75;5.30;896;23;2499.00;60
6348;23;623829733;6348;299;7239;7300;7.92;0.48;267.69;5.30;891;23;2500.00;61
6351;23;623829752;6351;293;7239;7300;7.96;0.49;267.63;5.30;888;23;2501.00;61
6352;23;623829762;6352;291;7243;7303;7.97;0.49;267.65;5.32;891;23;2502.00;60
6356;23;623829772;6356;289;7244;7303;7.97;0.49;267.61;5.32;888;23;2503.00;59
6359;23;623829782;6359;286;7245;7303;7.91;0.48;267.69;5.32;886;23;2504.00;58
6361;23;623829793;6361;291;7247;7303;7.85;0.48;267.69;5.34;886;23;2505.00;56
6362;23;623829813;6362;288;7253;7309;7.88;0.48;267.68;5.34;891;23;2506.00;56
6363;23;623829824;6363;282;7254;7309;7.87;0.48;267.68;5.34;891;23;2507.00;55
6364;23;623829834;6364;283;7254;7309;7.86;0.48;267.70;5.34;890;23;2508.00;55
6366;23;623829845;6366;289;7254;7309;7.81;0.47;267.67;5.34;888;23;2509.00;55
6368;23;623829855;6368;290;7258;7313;7.77;0.47;267.75;5.34;890;23;2510.00;55
6370;23;623829865;6370;292;7259;7314;7.74;0.47;267.74;5.34;889;23;2511.00;55
6371;23;623829876;6371;291;7259;7314;7.67;0.46;267.77;5.34;888;23;2512.00;55
6373;23;623829886;6373;295;7262;7315;7.61;0.46;267.76;5.37;889;23;2513.00;53
6375;23;623829896;6375;294;7263;7315;7.52;0.45;267.69;5.38;888;23;2514.00;52
6375;23;623829906;6375;300;7265;7315;7.45;0.45;267.69;5.40;890;23;2515.00;50
6375;23;623829916;6375;306;7266;7315;7.37;0.45;267.69;5.41;891;23;2516.00;49
6375;23;623829925;6375;306;7266;7315;7.31;0.44;267.69;5.41;891;23;2517.00;49
6375;23;623829935;6375;312;7269;7315;7.23;0.44;267.69;5.43;894;23;2518.00;46
6375;23;623829945;6375;312;7269;7315;7.19;0.44;267.69;5.43;894;23;2519.00;46
6376;23;623829956;6376;324;7325;7440;7.37;0.45;267.75;5.40;949;23;2520.00;115
6378;23;623829975;6378;325;7329;7441;7.33;0.45;267.81;5.40;951;23;2521.00;112
6379;23;623829985;6379;323;7342;7441;7.36;0.45;267.83;5.40;963;23;2522.00;99
6382;23;623829995;6382;325;7345;7441;7.27;0.45;267.92;5.40;963;23;2523.00;96
6386;23;623830006;6386;328;7353;7441;7.26;0.45;267.91;5.41;967;23;2524.00;88
6386;23;623830017;6386;332;7354;7441;7.20;0.44;267.91;5.41;968;23;2525.00;87
6389;23;623830026;6389;336;7364;7441;7.14;0.44;267.98;5.42;975;23;2526.00;77
6394;23;623830037;6394;340;7366;7441;7.06;0.43;267.92;5.42;972;23;2527.00;75
6396;23;623830047;6396;352;7374;7442;6.98;0.43;267.99;5.43;978;23;2528.00;68
6398;23;623830057;6398;354;7377;7443;6.92;0.43;267.94;5.43;979;23;2529.00;66
6400;23;623830068;6400;350;7382;7443;6.85;0.42;267.94;5.44;982;23;2530.00;61
6402;23;623830078;6402;346;7386;7447;6.80;0.42;267.94;5.44;984;23;2531.00;61
6405;23;623830089;6405;348;7390;7447;6.75;0.41;267.99;5.45;985;23;2532.00;57
6407;23;623830100;6407;348;7392;7447;6.70;0.41;268.05;5.46;985;23;2533.00;55
6409;23;623830110;6409;353;7392;7447;6.68;0.41;268.08;5.46;983;23;2534.00;55
6414;23;623830121;6414;355;7399;7453;6.62;0.41;268.07;5.46;985;23;2535.00;54
6415;23;623830138;6415;361;7399;7453;6.59;0.40;268.08;5.46;984;23;2536.00;54
6418;23;623830149;6418;362;7401;7455;6.55;0.40;268.10;5.47;983;23;2537.00;54
6419;23;623830160;6419;358;7404;7458;6.55;0.40;268.08;5.46;985;23;2538.00;54
6422;23;623830170;6422;360;7405;7458;6.52;0.40;268.10;5.46;983;23;2539.00;53
6426;23;623830181;6426;363;7406;7458;6.46;0.39;268.11;5.47;980;23;2540.00;52
6426;23;623830192;6426;375;7408;7459;6.41;0.39;268.11;5.48;982;23;2541.00;51
6428;23;623830201;6428;376;7409;7460;6.37;0.39;268.17;5.48;981;23;2542.00;51
6432;23;623830212;6432;383;7410;7460;6.33;0.39;268.17;5.49;978;23;2543.00;50
6433;23;623830223;6433;383;7420;7473;6.27;0.38;268.15;5.48;987;23;2544.00;53
6437;24;623830233;6437;381;7422;7473;6.22;0.38;268.17;5.48;985;24;2545.00;51
6438;24;623830260;6438;385;7423;7473;6.22;0.38;268.19;5.49;985;24;2546.00;50
6445;24;623830280;6445;382;7425;7474;6.13;0.38;268.19;5.49;980;24;2547.00;49
6447;24;623830297;6447;391;7426;7474;6.03;0.37;268.27;5.49;979;24;2548.00;48
6454;24;623830326;6454;396;7430;7478;5.94;0.36;268.27;5.49;976;24;2549.00;48
6460;24;623830346;6460;388;7433;7481;5.87;0.36;268.28;5.49;973;24;2550.00;48
6463;24;623830365;6463;386;7439;7485;5.85;0.36;268.36;5.49;976;24;2551.00;46
6465;24;623830379;6465;379;7440;7485;5.85;0.36;268.41;5.49;975;24;2552.00;45
6470;24;623830391;6470;376;7440;7485;5.86;0.36;268.48;5.49;970;24;2553.00;45
6473;24;623830403;6473;376;7440;7485;5.97;0.37;268.53;5.49;967;24;2554.00;45
6476;24;623830415;6476;377;7441;7485;6.04;0.37;268.60;5.49;965;24;2555.00;44
6479;24;623830426;6479;378;7453;7497;6.17;0.38;268.62;5.49;974;24;2556.00;44
6480;24;623830440;6480;372;7453;7497;6.31;0.39;268.63;5.49;973;24;2557.00;44
6484;24;623830451;6484;366;7454;7497;6.34;0.39;268.84;5.49;970;24;2558.00;43
6487;24;623830470;6487;356;7454;7497;6.39;0.39;268.93;5.49;967;24;2559.00;43
6491;24;623830484;6491;354;7454;7497;6.41;0.40;269.03;5.49;963;24;2560.00;43
6494;24;623830495;6494;348;7454;7497;6.41;0.40;269.08;5.49;960;24;2561.00;43
6499;24;623830506;6499;347;7454;7498;6.48;0.40;269.18;5.49;955;24;2562.00;44
6502;24;623830518;6502;343;7454;7498;6.53;0.40;269.24;5.49;952;24;2563.00;44
6503;24;623830530;6503;339;7459;7504;6.67;0.41;269.21;5.48;956;24;2564.00;45
6507;24;623830542;6507;346;7461;7506;6.74;0.42;269.32;5.48;954;24;2565.00;45
6511;24;623830554;6511;343;7461;7506;6.77;0.42;269.31;5.48;950;24;2566.00;45
6514;24;623830565;6514;336;7461;7506;6.89;0.43;269.39;5.48;947;24;2567.00;45
6521;24;623830576;6521;340;7464;7510;7.01;0.43;269.26;5.48;943;24;2568.00;46
6526;24;623830588;6526;332;7464;7510;7.09;0.44;269.41;5.48;938;24;2569.00;46
6530;24;623830600;6530;326;7464;7510;7.13;0.44;269.44;5.48;934;24;2570.00;46
6535;24;623830612;6535;321;7465;7511;7.12;0.44;269.39;5.48;930;24;2571.00;46
6540;24;623830623;6540;321;7468;7515;7.09;0.43;269.44;5.48;928;24;2572.00;47
6543;24;623830635;6543;320;7468;7515;7.08;0.43;269.47;5.48;925;24;2573.00;47
6547;24;623830648;6547;322;7470;7518;7.10;0.43;269.58;5.48;923;24;2574.00;48
6553;24;623830660;6553;329;7471;7518;7.11;0.44;269.67;5.48;918;24;2575.00;47
6559;24;623830672;6559;328;7471;7518;7.10;0.43;269.85;5.48;912;24;2576.00;47
6563;24;623830684;6563;326;7471;7518;7.11;0.44;269.78;5.48;908;24;2577.00;47
6570;24;623830695;6570;325;7475;7522;7.10;0.43;269.90;5.47;905;24;2578.00;47
6576;24;623830707;6576;320;7475;7522;7.04;0.43;270.12;5.47;899;24;2579.00;47
6581;24;623830720;6581;322;7475;7522;7.00;0.43;270.08;5.47;894;24;2580.00;47
6586;24;623830732;6586;326;7475;7522;7.02;0.43;270.12;5.47;889;24;2581.00;47
6590;24;623830744;6590;325;7475;7523;6.99;0.43;270.21;5.47;885;24;2582.00;48
6592;24;623830755;6592;327;7476;7524;6.98;0.43;270.19;5.47;884;24;2583.00;48
6599;24;623830766;6599;328;7477;7524;6.89;0.42;270.24;5.55;878;24;2584.00;47
6604;24;623830777;6604;326;7478;7525;6.84;0.42;270.25;5.55;874;24;2585.00;47
6607;24;623830790;6607;332;7478;7525;6.72;0.41;270.22;5.55;871;24;2586.00;47
6611;24;623830802;6611;329;7478;7525;6.63;0.40;270.25;5.55;867;24;2587.00;47
6613;24;623830813;6613;331;7478;7525;6.60;0.40;270.23;5.55;865;24;2588.00;47
6616;24;623830824;6616;333;7478;7525;6.54;0.40;270.29;5.55;862;24;2589.00;47
6619;24;623830834;6619;325;7478;7525;6.43;0.39;270.27;5.55;859;24;2590.00;47
6621;24;623830846;6621;325;7478;7525;6.38;0.39;270.24;5.55;857;24;2591.00;47
6624;24;623830856;6624;338;7550;7652;6.51;0.40;270.29;5.49;926;24;2592.00;102
6629;24;623830877;6629;326;7552;7653;6.48;0.40;270.38;5.49;923;24;2593.00;101
6630;24;623830889;6630;329;7558;7653;6.58;0.41;270.39;5.49;928;24;2594.00;95
6632;24;623830899;6632;325;7560;7653;6.61;0.41;270.48;5.49;928;24;2595.00;93
6634;24;623830912;6634;324;7564;7653;6.60;0.41;270.57;5.49;930;24;2596.00;89
6636;24;623830923;6636;319;7566;7653;6.70;0.42;270.52;5.49;930;24;2597.00;87
6640;24;623830935;6640;306;7569;7653;6.71;0.42;270.57;5.49;929;24;2598.00;84
6642;24;623830948;6642;311;7573;7653;6.77;0.42;270.64;5.49;931;24;2599.00;80
6647;24;623830960;6647;313;7577;7654;6.79;0.42;270.73;5.57;930;24;2600.00;77
6651;24;623830977;6651;311;7582;7655;6.81;0.42;270.84;5.57;931;24;2601.00;73
6652;24;623830990;6652;310;7585;7655;6.82;0.42;270.90;5.57;933;24;2602.00;70
6657;24;623831001;6657;320;7588;7656;6.73;0.41;270.92;5.57;931;24;2603.00;68
6660;24;623831020;6660;319;7590;7656;6.68;0.41;271.09;5.57;930;24;2604.00;66
6661;24;623831038;6661;327;7594;7656;6.64;0.41;271.13;5.58;933;24;2605.00;62
6665;24;623831050;6665;315;7594;7656;6.63;0.41;271.17;5.58;929;24;2606.00;62
6668;24;623831062;6668;308;7598;7660;6.61;0.41;271.23;5.58;930;24;2607.00;62
6671;24;623831080;6671;306;7598;7660;6.64;0.41;271.29;5.58;927;24;2608.00;62
6673;24;623831093;6673;308;7598;7660;6.72;0.41;271.26;5.58;925;24;2609.00;62
6676;24;623831107;6676;308;7603;7666;6.83;0.42;271.30;5.58;927;24;2610.00;63
6677;24;623831120;6677;308;7603;7666;6.94;0.42;271.28;5.58;926;24;2611.00;63
6678;24;623831132;6678;310;7607;7666;7.03;0.43;271.30;5.65;929;24;2612.00;59
6682;24;623831145;6682;305;7610;7670;7.07;0.43;271.37;5.65;928;24;2613.00;60
6684;24;623831165;6684;304;7611;7671;7.19;0.44;271.41;5.65;927;24;2614.00;60
6685;24;623831177;6685;306;7612;7671;7.24;0.44;271.41;5.65;927;24;2615.00;59
6687;24;623831190;6687;310;7616;7675;7.30;0.44;271.43;5.65;929;24;2616.00;59
6688;24;623831203;6688;308;7616;7675;7.32;0.45;271.48;5.65;928;24;2617.00;59
6690;24;623831216;6690;311;7617;7675;7.40;0.45;271.51;5.64;927;24;2618.00;58
6692;24;623831227;6692;314;7618;7676;7.41;0.45;271.59;5.64;926;24;2619.00;58
6694;24;623831240;6694;312;7618;7676;7.43;0.45;271.66;5.64;924;24;2620.00;58
6696;24;623831255;6696;308;7623;7682;7.40;0.45;271.60;5.64;927;24;2621.00;59
6700;24;623831268;6700;311;7623;7682;7.31;0.44;271.58;5.64;923;24;2622.00;59
6700;24;623831280;6700;314;7623;7683;7.25;0.44;271.58;5.64;923;24;2623.00;60
6704;24;623831292;6704;309;7623;7683;7.12;0.43;271.57;5.64;919;24;2624.00;60
6705;24;623831303;6705;308;7623;7683;7.14;0.44;271.54;5.64;918;24;2625.00;60
6709;24;623831315;6709;299;7623;7683;7.09;0.43;271.48;5.64;914;24;2626.00;60
6710;24;623831325;6710;300;7623;7683;7.04;0.43;271.50;5.64;913;24;2627.00;60
6715;24;623831336;6715;300;7633;7695;7.09;0.43;271.64;5.63;918;24;2628.00;62
6716;24;623831349;6716;306;7634;7695;7.16;0.44;271.61;5.63;918;24;2629.00;61
6717;24;623831360;6717;311;7634;7695;7.17;0.44;271.62;5.63;917;24;2630.00;61
6721;24;623831389;6721;306;7635;7695;7.17;0.44;271.53;5.69;914;24;2631.00;60
6723;24;623831400;6723;306;7635;7695;7.21;0.44;271.49;5.69;912;24;2632.00;60
6726;24;623831411;6726;305;7635;7695;7.28;0.44;271.45;5.69;909;24;2633.00;60
6729;24;623831421;6729;304;7638;7699;7.36;0.45;271.46;5.69;909;24;2634.00;61
6731;24;623831432;6731;304;7638;7699;7.44;0.45;271.42;5.69;907;24;2635.00;61
6734;24;623831443;6734;306;7642;7703;7.49;0.46;271.36;5.69;908;24;2636.00;61
6737;24;623831454;6737;302;7643;7704;7.51;0.46;271.31;5.69;906;24;2637.00;61
6739;24;623831465;6739;301;7643;7704;7.50;0.46;271.27;5.69;904;24;2638.00;61
6740;24;623831476;6740;304;7643;7704;7.54;0.46;271.31;5.69;903;24;2639.00;61
6742;24;623831488;6742;313;7666;7733;7.53;0.46;271.32;5.67;924;24;2640.00;67
6743;24;623831501;6743;303;7666;7733;7.59;0.46;271.35;5.67;923;24;2641.00;67
6744;24;623831512;6744;303;7668;7733;7.66;0.47;271.33;5.67;924;24;2642.00;65
6746;24;623831522;6746;302;7669;7734;7.73;0.47;271.40;5.67;923;24;2643.00;65
6746;24;623831533;6746;303;7669;7735;7.78;0.47;271.40;5.67;923;24;2644.00;66
6748;24;623831544;6748;306;7669;7735;7.75;0.47;271.38;5.67;921;24;2645.00;66
6750;24;623831554;6750;307;7671;7738;7.79;0.47;271.35;5.67;921;24;2646.00;67
6753;24;623831565;6753;310;7672;7738;7.80;0.47;271.35;5.73;919;24;2647.00;66
6756;24;623831576;6756;316;7673;7738;7.79;0.47;271.34;5.73;917;24;2648.00;65
6759;24;623831586;6759;309;7673;7738;7.73;0.47;271.33;5.73;914;24;2649.00;65
6761;24;623831596;6761;304;7678;7744;7.69;0.47;271.39;5.73;917;24;2650.00;66
6763;24;623831607;6763;297;7678;7744;7.66;0.47;271.36;5.73;915;24;2651.00;66
6766;24;623831617;6766;285;7678;7744;7.59;0.46;271.38;5.73;912;24;2652.00;66
6769;24;623831628;6769;278;7678;7744;7.57;0.46;271.35;5.73;909;24;2653.00;66
6770;24;623831643;6770;276;7682;7748;7.56;0.46;271.32;5.74;912;24;2654.00;66
6770;24;623831660;6770;261;7685;7750;7.62;0.46;271.32;5.75;915;24;2655.00;65
6772;24;623831671;6772;256;7685;7750;7.64;0.47;271.32;5.75;913;24;2656.00;65
6774;24;623831681;6774;259;7686;7751;7.72;0.47;271.30;5.75;912;24;2657.00;65
6775;24;623831697;6775;258;7686;7751;7.82;0.48;271.28;5.75;911;24;2658.00;65
6776;24;623831707;6776;256;7686;7751;7.89;0.48;271.24;5.75;910;24;2659.00;65
6780;24;623831723;6780;254;7686;7751;7.90;0.48;271.17;5.75;906;24;2660.00;65
6780;24;623831733;6780;253;7686;7751;7.97;0.49;271.17;5.75;906;24;2661.00;65
6783;24;623831744;6783;250;7686;7751;8.04;0.49;271.15;5.75;903;24;2662.00;65
6785;24;623831754;6785;248;7686;7751;8.10;0.49;271.14;5.75;901;24;2663.00;65
6787;24;623831765;6787;256;7718;7821;8.34;0.51;271.11;5.72;931;24;2664.00;103
6790;24;623831781;6790;260;7721;7822;8.43;0.51;271.11;5.72;931;24;2665.00;101
6795;24;623831798;6795;257;7729;7822;8.46;0.51;271.06;5.72;934;24;2666.00;93
6796;24;623831809;6796;256;7732;7822;8.42;0.51;271.05;5.72;936;24;2667.00;90
6800;24;623831820;6800;249;7736;7822;8.45;0.51;271.00;5.71;936;24;2668.00;86
6803;24;623831831;6803;252;7739;7822;8.42;0.51;270.96;5.71;936;24;2669.00;83
6804;24;623831844;6804;251;7742;7822;8.42;0.51;270.96;5.71;938;24;2670.00;80
6806;24;623831856;6806;248;7745;7822;8.43;0.51;270.93;5.71;939;24;2671.00;77
6809;24;623831867;6809;248;7747;7823;8.40;0.51;270.89;5.72;938;24;2672.00;76
6812;24;623831878;6812;247;7750;7824;8.35;0.51;270.87;5.72;938;24;2673.00;74
6813;24;623831890;6813;243;7752;7824;8.26;0.50;270.91;5.72;939;24;2674.00;72
6814;24;623831901;6814;246;7756;7828;8.28;0.50;270.99;5.72;942;24;2675.00;72
6818;24;623831913;6818;247;7757;7828;8.32;0.51;270.98;5.72;939;24;2676.00;71
6821;24;623831925;6821;253;7758;7828;8.32;0.51;270.94;5.73;937;24;2677.00;70
6822;24;623831937;6822;259;7758;7828;8.35;0.51;270.93;5.73;936;24;2678.00;70
6822;24;623831948;6822;265;7764;7834;8.42;0.51;270.93;5.74;942;24;2679.00;70
6827;24;623831965;6827;275;7765;7834;8.34;0.51;270.86;5.75;938;24;2680.00;69
6828;24;623831977;6828;287;7765;7834;8.33;0.51;270.83;5.75;937;24;2681.00;69
6830;24;623831988;6830;288;7767;7837;8.35;0.51;270.88;5.75;937;24;2682.00;70
6834;24;623831999;6834;294;7769;7837;8.24;0.50;270.98;5.77;935;24;2683.00;68
6836;24;623832010;6836;297;7770;7837;8.15;0.50;270.93;5.77;934;24;2684.00;67
6841;24;623832022;6841;306;7771;7838;8.04;0.49;271.06;5.78;930;24;2685.00;67
6843;24;623832033;6843;308;7773;7839;7.94;0.48;271.04;5.79;930;24;2686.00;66
6844;24;623832044;6844;316;7773;7839;7.79;0.47;271.03;5.79;929;24;2687.00;66
6848;24;623832059;6848;318;7785;7852;7.65;0.47;271.09;5.80;937;24;2688.00;67
6851;24;623832071;6851;332;7785;7852;7.57;0.46;271.18;5.80;934;24;2689.00;67
6852;24;623832081;6852;335;7787;7852;7.47;0.46;271.19;5.81;935;24;2690.00;65
6852;24;623832091;6852;339;7789;7853;7.43;0.45;271.19;5.81;937;24;2691.00;64
6854;24;623832101;6854;341;7790;7853;7.39;0.45;271.23;5.82;936;24;2692.00;63
6857;24;623832112;6857;347;7795;7857;7.36;0.45;271.27;5.83;938;24;2693.00;62
6857;24;623832123;6857;346;7796;7857;7.35;0.45;271.27;5.85;939;24;2694.00;61
6859;24;623832133;6859;350;7800;7861;7.28;0.44;271.28;5.85;941;24;2695.00;61
6861;24;623832143;6861;344;7801;7861;7.24;0.44;271.28;5.86;940;24;2696.00;60
6863;24;623832154;6863;352;7803;7861;7.11;0.43;271.33;5.88;940;24;2697.00;58
6865;24;623832164;6865;357;7803;7861;6.99;0.43;271.37;5.88;938;24;2698.00;58
6870;24;623832175;6870;359;7803;7861;6.85;0.42;271.36;5.88;933;24;2699.00;58
6874;24;623832187;6874;351;7831;7910;6.93;0.42;271.41;5.88;957;24;2700.00;79
6875;24;623832206;6875;351;7831;7910;6.87;0.42;271.44;5.88;956;24;2701.00;79
6879;24;623832217;6879;362;7837;7910;6.77;0.41;271.50;5.89;958;24;2702.00;73
6881;24;623832232;6881;362;7837;7910;6.69;0.41;271.48;5.89;956;24;2703.00;73
6883;24;623832243;6883;364;7839;7910;6.68;0.41;271.46;5.89;956;24;2704.00;71
6885;24;623832266;6885;363;7839;7910;6.64;0.41;271.46;5.89;954;24;2705.00;71
6887;24;623832283;6887;361;7842;7911;6.64;0.41;271.47;5.91;955;24;2706.00;69
6888;24;623832299;6888;357;7844;7911;6.62;0.40;271.54;5.91;956;24;2707.00;67
6892;24;623832317;6892;363;7850;7917;6.67;0.41;271.54;5.91;958;24;2708.00;67
6893;24;623832334;6893;360;7851;7918;6.67;0.41;271.58;5.91;958;24;2709.00;67
6894;24;623832350;6894;362;7851;7918;6.61;0.40;271.57;5.91;957;24;2710.00;67
6894;24;623832365;6894;363;7853;7918;6.56;0.40;271.57;5.92;959;24;2711.00;65
6898;24;623832377;6898;370;7858;7922;6.49;0.40;271.51;5.92;960;24;2712.00;64
6900;24;623832390;6900;370;7860;7922;6.44;0.39;271.57;5.93;960;24;2713.00;62
6904;24;623832401;6904;372;7860;7922;6.43;0.39;271.65;5.93;956;24;2714.00;62
6907;24;623832413;6907;369;7861;7923;6.40;0.39;271.60;5.93;954;24;2715.00;62
6910;24;623832424;6910;362;7866;7927;6.32;0.39;271.75;5.93;956;24;2716.00;61
6914;24;623832436;6914;362;7866;7927;6.30;0.39;271.84;5.93;952;24;2717.00;61
6920;24;623832448;6920;363;7871;7930;6.23;0.38;271.92;5.93;951;24;2718.00;59
6923;24;623832460;6923;370;7874;7930;6.20;0.38;271.97;5.94;951;24;2719.00;56
6929;24;623832472;6929;363;7875;7930;6.17;0.38;272.09;5.94;946;24;2720.00;55
6931;24;623832484;6931;358;7875;7930;6.18;0.38;272.13;5.94;944;24;2721.00;55
6936;24;623832494;6936;355;7878;7934;6.15;0.38;272.16;5.94;942;24;2722.00;56
6939;24;623832505;6939;352;7880;7934;6.08;0.37;272.18;5.94;941;24;2723.00;54
6941;25;623832516;6941;357;7882;7934;6.05;0.37;272.23;5.94;941;25;2724.00;52
6944;25;623832546;6944;353;7882;7934;6.01;0.37;272.21;5.94;938;25;2725.00;52
6947;25;623832557;6947;351;7884;7935;5.94;0.37;272.28;5.95;937;25;2726.00;51
6952;25;623832568;6952;346;7885;7936;5.89;0.36;272.32;5.94;933;25;2727.00;51
6956;25;623832578;6956;343;7885;7936;5.92;0.36;272.39;5.94;929;25;2728.00;51
6963;25;623832588;6963;339;7888;7937;5.89;0.36;272.51;5.95;925;25;2729.00;49
6967;25;623832602;6967;333;7889;7937;5.91;0.36;272.56;5.95;922;25;2730.00;48
6968;25;623832612;6968;331;7889;7937;6.03;0.37;272.64;5.95;921;25;2731.00;48
6972;25;623832623;6972;327;7891;7937;6.10;0.37;272.74;5.95;919;25;2732.00;46
6975;25;623832634;6975;321;7891;7937;6.21;0.38;272.79;5.95;916;25;2733.00;46
6979;25;623832645;6979;320;7891;7937;6.30;0.39;272.78;5.95;912;25;2734.00;46
6982;25;623832656;6982;318;7892;7937;6.38;0.39;272.83;5.96;910;25;2735.00;45
6986;25;623832668;6986;321;7963;8064;6.60;0.41;272.90;5.90;977;25;2736.00;101
6990;25;623832690;6990;314;7968;8065;6.65;0.41;272.92;5.90;978;25;2737.00;97
6993;25;623832701;6993;320;7974;8065;6.69;0.41;272.94;5.90;981;25;2738.00;91
6996;25;623832712;6996;312;7979;8065;6.71;0.42;272.98;5.90;983;25;2739.00;86
6999;25;623832725;6999;317;7984;8065;6.75;0.42;272.98;5.90;985;25;2740.00;81
7003;25;623832737;7003;317;7986;8065;6.73;0.42;273.05;5.89;983;25;2741.00;79
7008;25;623832749;7008;314;7989;8065;6.75;0.42;273.04;5.89;981;25;2742.00;76
7013;25;623832761;7013;318;7990;8065;6.70;0.41;273.14;5.89;977;25;2743.00;75
7015;25;623832773;7015;315;7994;8066;6.74;0.41;273.09;5.90;979;25;2744.00;72
7022;25;623832785;7022;316;7996;8068;6.61;0.41;273.16;5.90;974;25;2745.00;72
7024;25;623832798;7024;323;7999;8068;6.57;0.40;273.21;5.90;975;25;2746.00;69
7030;25;623832811;7030;323;8000;8069;6.47;0.40;273.27;5.90;970;25;2747.00;69
7039;25;623832822;7039;329;8001;8069;6.38;0.39;273.50;5.90;962;25;2748.00;68
7042;25;623832834;7042;332;8003;8069;6.39;0.39;273.55;5.90;961;25;2749.00;66
7048;25;623832847;7048;344;8005;8069;6.36;0.39;273.54;5.90;957;25;2750.00;64
7052;25;623832859;7052;346;8009;8073;6.31;0.39;273.58;5.90;957;25;2751.00;64
7054;25;623832871;7054;348;8013;8073;6.33;0.39;273.59;5.90;959;25;2752.00;60
7058;25;623832884;7058;353;8014;8073;6.29;0.39;273.65;5.91;956;25;2753.00;59
7062;25;623832896;7062;357;8016;8076;6.25;0.38;273.68;5.91;954;25;2754.00;60
7069;25;623832909;7069;362;8017;8076;6.16;0.38;273.65;5.91;948;25;2755.00;59
7073;25;623832921;7073;372;8018;8076;6.10;0.37;273.69;5.91;945;25;2756.00;58
7074;25;623832934;7074;381;8022;8080;6.10;0.37;273.68;5.91;948;25;2757.00;58
7078;25;623832946;7078;387;8024;8081;6.06;0.37;273.74;5.91;946;25;2758.00;57
7080;25;623832958;7080;397;8025;8081;6.08;0.37;273.89;5.91;945;25;2759.00;56
7082;25;623832971;7082;399;8029;8086;6.08;0.37;273.96;5.91;947;25;2760.00;57
7084;25;623832983;7084;396;8030;8086;6.10;0.37;273.95;5.91;946;25;2761.00;56
7086;25;623832994;7086;395;8031;8086;6.04;0.37;274.02;5.91;945;25;2762.00;55
7087;25;623833006;7087;400;8032;8087;6.00;0.37;274.00;5.91;945;25;2763.00;55
7088;25;623833018;7088;405;8032;8087;6.00;0.37;273.99;5.91;944;25;2764.00;55
7089;25;623833030;7089;408;8037;8093;6.01;0.37;274.00;5.91;948;25;2765.00;56
7089;25;623833043;7089;408;8037;8093;5.95;0.37;274.00;5.91;948;25;2766.00;56
7094;25;623833057;7094;404;8037;8094;5.91;0.36;273.88;5.91;943;25;2767.00;57
7097;25;623833068;7097;396;8037;8094;5.87;0.36;273.88;5.91;940;25;2768.00;57
7098;25;623833080;7098;392;8037;8094;5.82;0.36;273.84;5.91;939;25;2769.00;57
7101;25;623833091;7101;396;8037;8094;5.79;0.35;273.89;5.91;936;25;2770.00;57
7103;25;623833105;7103;391;8037;8094;5.78;0.35;273.90;5.91;934;25;2771.00;57
7106;25;623833117;7106;398;8046;8106;5.87;0.36;273.94;5.90;940;25;2772.00;60
7107;25;623833130;7107;399;8046;8106;5.87;0.36;273.99;5.90;939;25;2773.00;60
7112;25;623833142;7112;400;8048;8106;5.84;0.36;273.99;5.90;936;25;2774.00;58
7114;25;623833153;7114;396;8048;8106;5.82;0.36;274.01;5.90;934;25;2775.00;58
7115;25;623833165;7115;383;8048;8106;5.83;0.36;274.06;5.90;933;25;2776.00;58
7115;25;623833176;7115;375;8048;8106;5.90;0.36;274.06;5.90;933;25;2777.00;58
7118;25;623833187;7118;364;8052;8110;5.97;0.37;273.98;5.97;934;25;2778.00;58
7121;25;623833200;7121;348;8052;8110;6.09;0.37;273.99;5.97;931;25;2779.00;58
7126;25;623833211;7126;338;8056;8114;6.18;0.38;273.92;5.97;930;25;2780.00;58
7127;25;623833230;7127;338;8057;8115;6.26;0.38;273.92;5.97;930;25;2781.00;58
7130;25;623833243;7130;340;8057;8115;6.31;0.39;273.91;5.97;927;25;2782.00;58
7134;25;623833259;7134;334;8057;8115;6.32;0.39;273.88;5.97;923;25;2783.00;58
7135;25;623833272;7135;343;8068;8128;6.43;0.39;273.91;5.96;933;25;2784.00;60
7136;25;623833285;7136;342;8068;8128;6.42;0.39;273.88;5.96;932;25;2785.00;60
7138;25;623833296;7138;342;8068;8128;6.46;0.40;273.84;5.96;930;25;2786.00;60
7140;25;623833308;7140;330;8069;8129;6.50;0.40;273.92;5.96;929;25;2787.00;60
7142;25;623833320;7142;321;8069;8130;6.56;0.40;273.86;5.96;927;25;2788.00;61
7144;25;623833331;7144;323;8069;8130;6.59;0.40;273.80;5.96;925;25;2789.00;61
7145;25;623833343;7145;321;8073;8136;6.67;0.41;273.77;5.96;928;25;2790.00;63
7146;25;623833355;7146;322;8073;8136;6.70;0.41;273.82;5.96;927;25;2791.00;63
7149;25;623833365;7149;315;8075;8136;6.70;0.41;273.78;5.96;926;25;2792.00;61
7151;25;623833376;7151;310;8075;8136;6.67;0.41;273.76;5.96;924;25;2793.00;61
7154;25;623833388;7154;307;8080;8142;6.72;0.41;273.74;5.95;926;25;2794.00;62
7155;25;623833400;7155;309;8080;8142;6.74;0.41;273.75;5.95;925;25;2795.00;62
7156;25;623833411;7156;316;8080;8142;6.81;0.41;273.75;5.95;924;25;2796.00;62
7158;25;623833422;7158;320;8080;8142;6.88;0.42;273.69;5.95;922;25;2797.00;62
7162;25;623833432;7162;316;8083;8146;6.94;0.42;273.67;5.95;921;25;2798.00;63
7165;25;623833443;7165;317;8085;8147;7.02;0.43;273.68;6.03;920;25;2799.00;62
7168;25;623833455;7168;317;8085;8147;7.08;0.43;273.68;6.03;917;25;2800.00;62
7168;25;623833470;7168;315;8086;8148;7.17;0.43;273.68;6.03;918;25;2801.00;62
7169;25;623833486;7169;316;8086;8148;7.24;0.44;273.65;6.03;917;25;2802.00;62
7169;25;623833497;7169;296;8086;8148;7.34;0.44;273.65;6.03;917;25;2803.00;62
7171;25;623833507;7171;285;8086;8148;7.42;0.45;273.68;6.03;915;25;2804.00;62
7173;25;623833518;7173;273;8086;8148;7.49;0.45;273.73;6.03;913;25;2805.00;62
7175;25;623833528;7175;265;8086;8148;7.60;0.46;273.74;6.03;911;25;2806.00;62
7177;25;623833540;7177;257;8086;8148;7.75;0.47;273.73;6.03;909;25;2807.00;62
7179;25;623833551;7179;268;8124;8218;7.78;0.47;273.70;6.00;945;25;2808.00;94
7181;25;623833568;7181;251;8124;8219;7.88;0.48;273.69;6.00;943;25;2809.00;95
7183;25;623833580;7183;239;8131;8219;8.09;0.49;273.69;6.00;948;25;2810.00;88
7183;25;623833592;7183;229;8135;8219;8.23;0.50;273.69;6.00;952;25;2811.00;84
7184;25;623833604;7184;219;8138;8219;8.33;0.50;273.69;5.99;954;25;2812.00;81
7184;25;623833616;7184;219;8141;8219;8.45;0.51;273.69;5.99;957;25;2813.00;78
7185;25;623833635;7185;219;8144;8219;8.58;0.52;273.70;5.99;959;25;2814.00;75
7187;25;623833647;7187;215;8148;8219;8.65;0.52;273.68;6.07;961;25;2815.00;71
7187;25;623833660;7187;218;8148;8220;8.76;0.53;273.68;6.07;961;25;2816.00;72
7188;25;623833677;7188;217;8151;8221;8.87;0.54;273.68;6.08;963;25;2817.00;70
7189;25;623833689;7189;219;8152;8221;8.90;0.54;273.70;6.08;963;25;2818.00;69
7190;25;623833701;7190;217;8157;8225;8.88;0.54;273.70;6.07;967;25;2819.00;68
7191;25;623833715;7191;219;8158;8225;8.87;0.54;273.69;6.07;967;25;2820.00;67
7191;25;623833727;7191;218;8158;8225;8.80;0.53;273.69;6.07;967;25;2821.00;67
7192;25;623833739;7192;210;8158;8225;8.74;0.53;273.68;6.07;966;25;2822.00;67
7194;25;623833751;7194;215;8163;8231;8.69;0.53;273.68;6.07;969;25;2823.00;68
7196;25;623833764;7196;220;8163;8231;8.63;0.52;273.67;6.07;967;25;2824.00;68
7200;25;623833781;7200;223;8165;8231;8.53;0.52;273.69;6.09;965;25;2825.00;66
7204;25;623833794;7204;220;8167;8234;8.51;0.52;273.83;6.09;963;25;2826.00;67
7208;25;623833806;7208;227;8167;8234;8.54;0.52;273.78;6.09;959;25;2827.00;67
7211;25;623833817;7211;230;8168;8234;8.54;0.52;273.81;6.09;957;25;2828.00;66
7214;25;623833829;7214;222;8168;8235;8.52;0.52;273.81;6.09;954;25;2829.00;67
7217;25;623833841;7217;221;8169;8236;8.52;0.52;273.79;6.09;952;25;2830.00;67
7220;25;623833853;7220;227;8169;8236;8.47;0.51;273.88;6.09;949;25;2831.00;67
7223;25;623833865;7223;229;8179;8249;8.49;0.51;273.89;6.08;956;25;2832.00;70
7227;25;623833878;7227;224;8180;8249;8.48;0.51;273.90;6.08;953;25;2833.00;69
7232;25;623833891;7232;223;8180;8249;8.46;0.51;273.97;6.08;948;25;2834.00;69
7232;25;623833903;7232;226;8182;8251;8.51;0.52;273.97;6.08;950;25;2835.00;69
7236;25;623833914;7236;227;8182;8251;8.46;0.51;274.03;6.08;946;25;2836.00;69
7238;25;623833926;7238;233;8186;8255;8.46;0.51;274.07;6.08;948;25;2837.00;69
7240;25;623833939;7240;234;8186;8255;8.40;0.51;274.08;6.08;946;25;2838.00;69
7245;25;623833951;7245;238;8189;8259;8.34;0.50;274.04;6.07;944;25;2839.00;70
7245;25;623833963;7245;236;8190;8259;8.37;0.51;274.04;6.16;945;25;2840.00;69
7250;25;623833976;7250;240;8190;8259;8.39;0.51;274.06;6.16;940;25;2841.00;69
7251;25;623833988;7251;238;8190;8259;8.43;0.51;274.09;6.16;939;25;2842.00;69
7252;25;623834004;7252;242;8190;8259;8.43;0.51;274.11;6.16;938;25;2843.00;69
7254;25;623834021;7254;243;8200;8271;8.40;0.51;274.18;6.15;946;25;2844.00;71
7255;25;623834033;7255;249;8201;8271;8.38;0.51;274.16;6.15;946;25;2845.00;70
7258;25;623834045;7258;250;8201;8271;8.37;0.51;274.20;6.15;943;25;2846.00;70
7258;25;623834061;7258;252;8201;8271;8.35;0.51;274.20;6.15;943;25;2847.00;70
7262;25;623834073;7262;253;8201;8271;8.30;0.50;274.23;6.15;939;25;2848.00;70
7264;25;623834090;7264;264;8201;8271;8.21;0.50;274.23;6.15;937;25;2849.00;70
7266;25;623834104;7266;267;8205;8274;8.16;0.50;274.25;6.17;939;25;2850.00;69
7271;25;623834116;7271;273;8205;8274;8.15;0.49;274.31;6.17;934;25;2851.00;69
7273;25;623834128;7273;271;8210;8280;8.19;0.50;274.29;6.17;937;25;2852.00;70
7273;25;623834140;7273;272;8211;8281;8.22;0.50;274.29;6.17;938;25;2853.00;70
7275;25;623834151;7275;282;8213;8281;8.17;0.50;274.30;6.20;938;25;2854.00;68
7277;25;623834163;7277;287;8213;8281;8.10;0.49;274.36;6.20;936;25;2855.00;68
7279;25;623834174;7279;291;8218;8285;8.09;0.49;274.31;6.22;939;25;2856.00;67
7281;25;623834186;7281;294;8218;8285;8.00;0.49;274.31;6.22;937;25;2857.00;67
7283;25;623834197;7283;294;8220;8285;7.92;0.48;274.34;6.24;937;25;2858.00;65
7286;25;623834208;7286;294;8222;8286;7.86;0.48;274.34;6.25;936;25;2859.00;64
7289;25;623834219;7289;306;8227;8290;7.80;0.48;274.40;6.26;938;25;2860.00;63
7292;25;623834230;7292;310;8228;8290;7.72;0.47;274.46;6.27;936;25;2861.00;62
7294;25;623834241;7294;303;8231;8293;7.71;0.47;274.55;6.28;937;25;2862.00;62
7298;25;623834253;7298;302;8233;8293;7.71;0.47;274.69;6.28;935;25;2863.00;60
7302;25;623834269;7302;307;8237;8295;7.65;0.47;274.72;6.30;935;25;2864.00;58
7303;25;623834291;7303;307;8238;8295;7.62;0.47;274.79;6.30;935;25;2865.00;57
7306;25;623834308;7306;314;8243;8299;7.62;0.47;274.80;6.31;937;25;2866.00;56
7307;25;623834325;7307;315;8243;8299;7.63;0.47;274.88;6.31;936;25;2867.00;56
7311;25;623834340;7311;316;8245;8299;7.54;0.46;274.94;6.32;934;25;2868.00;54
7314;25;623834366;7314;314;8245;8299;7.48;0.46;274.90;6.32;931;25;2869.00;54
7319;25;623834379;7319;310;8247;8300;7.38;0.45;275.05;6.33;928;25;2870.00;53
7322;25;623834392;7322;307;8248;8301;7.31;0.45;275.12;6.33;926;25;2871.00;53
7322;25;623834404;7322;297;8250;8301;7.25;0.44;275.12;6.34;928;25;2872.00;51
7325;25;623834415;7325;297;8251;8302;7.21;0.44;275.18;6.33;926;25;2873.00;51
7328;25;623834427;7328;300;8253;8302;7.15;0.44;275.25;6.34;925;25;2874.00;49
7328;25;623834439;7328;304;8253;8302;7.18;0.44;275.25;6.34;925;25;2875.00;49
7332;25;623834450;7332;293;8254;8302;7.13;0.44;275.28;6.34;922;25;2876.00;48
7338;25;623834463;7338;299;8254;8302;7.13;0.44;275.41;6.34;916;25;2877.00;48
7341;25;623834476;7341;294;8255;8302;7.08;0.43;275.37;6.35;914;25;2878.00;47
7345;25;623834487;7345;293;8255;8302;7.04;0.43;275.43;6.35;910;25;2879.00;47
7345;25;623834500;7345;333;8356;8532;7.08;0.44;275.43;6.28;1011;25;2880.00;176
7348;25;623834529;7348;325;8361;8533;7.02;0.44;275.44;6.27;1013;25;2881.00;172
7349;25;623834542;7349;317;8373;8533;7.05;0.44;275.43;6.27;1024;25;2882.00;160
7352;25;623834553;7352;322;8378;8533;7.02;0.44;275.48;6.27;1026;25;2883.00;155
7357;25;623834564;7357;321;8388;8533;7.00;0.44;275.51;6.26;1031;25;2884.00;145
7361;25;623834576;7361;322;8395;8533;6.95;0.43;275.58;6.26;1034;25;2885.00;138
7363;25;623834587;7363;327;8403;8533;6.83;0.43;275.60;6.26;1040;25;2886.00;130
7367;25;623834609;7367;336;8410;8533;6.75;0.42;275.55;6.26;1043;25;2887.00;123
7369;25;623834621;7369;341;8418;8534;6.63;0.41;275.61;6.26;1049;25;2888.00;116
7372;25;623834632;7372;359;8425;8535;6.57;0.41;275.55;6.27;1053;25;2889.00;110
7374;25;623834644;7374;344;8431;8535;6.47;0.40;275.61;6.27;1057;25;2890.00;104
7377;25;623834655;7377;337;8436;8536;6.34;0.39;275.69;6.27;1059;25;2891.00;100
7379;25;623834668;7379;348;8439;8536;6.25;0.39;275.70;6.27;1060;25;2892.00;97
7384;25;623834680;7384;349;8442;8536;6.10;0.38;275.73;6.28;1058;25;2893.00;94
7385;25;623834692;7385;353;8445;8536;5.96;0.37;275.70;6.28;1060;25;2894.00;91
7392;25;623834709;7392;363;8449;8540;5.79;0.36;275.77;6.28;1057;25;2895.00;91
7396;25;623834722;7396;376;8451;8540;5.69;0.35;275.81;6.28;1055;25;2896.00;89
7397;25;623834734;7397;371;8454;8540;5.63;0.35;275.84;6.28;1057;25;2897.00;86
7401;25;623834745;7401;378;8457;8543;5.57;0.34;275.91;6.28;1056;25;2898.00;86
7404;25;623834758;7404;367;8457;8543;5.61;0.34;276.04;6.28;1053;25;2899.00;86
7406;25;623834770;7406;369;8459;8543;5.65;0.35;276.14;6.29;1053;25;2900.00;84
7407;25;623834785;7407;362;8464;8547;5.72;0.35;276.15;6.29;1057;25;2901.00;83
7412;25;623834798;7412;359;8467;8548;5.71;0.35;276.21;6.29;1055;25;2902.00;81
7414;25;623834810;7414;365;8470;8548;5.75;0.35;276.22;6.30;1056;25;2903.00;78
7417;25;623834823;7417;371;8475;8552;5.82;0.36;276.33;6.30;1058;25;2904.00;77
7425;25;623834835;7425;373;8478;8552;5.81;0.36;276.39;6.31;1053;25;2905.00;74
7428;25;623834848;7428;375;8479;8552;5.88;0.36;276.56;6.31;1051;25;2906.00;73
7430;25;623834860;7430;379;8481;8553;5.87;0.36;276.56;6.31;1051;25;2907.00;72
7435;25;623834872;7435;383;8484;8553;5.90;0.36;276.58;6.32;1049;25;2908.00;69
7440;25;623834884;7440;391;8488;8559;5.96;0.37;276.67;6.32;1048;25;2909.00;71
7443;25;623834899;7443;394;8490;8559;5.99;0.37;276.72;6.32;1047;25;2910.00;69
7448;25;623834917;7448;400;8490;8560;5.93;0.37;276.70;6.32;1042;25;2911.00;70
7453;25;623834930;7453;408;8490;8560;5.93;0.37;276.71;6.32;1037;25;2912.00;70
7455;25;623834942;7455;415;8492;8560;5.91;0.36;276.65;6.33;1037;25;2913.00;68
7462;25;623834954;7462;421;8493;8560;5.86;0.36;276.79;6.33;1031;25;2914.00;67
7465;25;623834967;7465;433;8494;8560;5.81;0.36;276.81;6.33;1029;25;2915.00;66
7469;25;623834980;7469;441;8503;8572;5.86;0.36;276.90;6.32;1034;25;2916.00;69
7474;25;623834993;7474;456;8504;8572;5.79;0.36;277.07;6.32;1030;25;2917.00;68
7477;25;623835005;7477;466;8505;8572;5.76;0.35;277.08;6.32;1028;25;2918.00;67
7482;25;623835017;7482;478;8506;8572;5.65;0.35;277.12;6.32;1024;25;2919.00;66
7486;25;623835029;7486;482;8507;8572;5.58;0.34;277.10;6.32;1021;25;2920.00;65
7489;25;623835040;7489;476;8507;8572;5.53;0.34;277.19;6.32;1018;25;2921.00;65
7494;25;623835052;7494;474;8510;8576;5.48;0.34;277.21;6.32;1016;25;2922.00;66
7498;25;623835063;7498;474;8510;8576;5.36;0.33;277.26;6.32;1012;25;2923.00;66
7501;25;623835074;7501;478;8514;8580;5.26;0.32;277.31;6.32;1013;25;2924.00;66
7505;25;623835085;7505;486;8516;8582;5.20;0.32;277.32;6.32;1011;25;2925.00;66
7507;25;623835096;7507;494;8516;8582;5.14;0.32;277.28;6.32;1009;25;2926.00;66
7513;25;623835107;7513;495;8516;8582;5.05;0.31;277.24;6.32;1003;25;2927.00;66
7515;25;623835118;7515;501;8526;8595;5.09;0.31;277.23;6.31;1011;25;2928.00;69
7518;25;623835130;7518;501;8526;8595;5.12;0.32;277.20;6.31;1008;25;2929.00;69
7521;25;623835141;7521;503;8526;8595;5.12;0.32;277.18;6.31;1005;25;2930.00;69
7524;25;623835152;7524;500;8527;8596;5.13;0.32;277.14;6.31;1003;25;2931.00;69
7528;25;623835163;7528;499;8527;8597;5.12;0.32;277.13;6.31;999;25;2932.00;70
7532;25;623835177;7532;491;8527;8597;5.13;0.32;277.21;6.31;995;25;2933.00;70
7539;25;623835188;7539;497;8529;8600;5.12;0.31;277.24;6.31;990;25;2934.00;71
7541;25;623835200;7541;500;8529;8600;5.14;0.32;277.23;6.31;988;25;2935.00;71
7544;25;623835211;7544;510;8530;8600;5.17;0.32;277.26;6.31;986;25;2936.00;70
7547;25;623835222;7547;496;8530;8600;5.20;0.32;277.23;6.31;983;25;2937.00;70
7553;25;623835233;7553;487;8535;8606;5.23;0.32;277.28;6.30;982;25;2938.00;71
7556;25;623835245;7556;484;8535;8606;5.27;0.32;277.23;6.30;979;25;2939.00;71
7557;25;623835259;7557;475;8535;8606;5.30;0.33;277.25;6.30;978;25;2940.00;71
7560;25;623835270;7560;467;8535;8606;5.28;0.32;277.18;6.30;975;25;2941.00;71
7561;25;623835282;7561;464;8538;8610;5.35;0.33;277.16;6.30;977;25;2942.00;72
7564;25;623835294;7564;457;8539;8611;5.33;0.33;277.20;6.30;975;25;2943.00;72
7565;25;623835305;7565;458;8539;8611;5.34;0.33;277.18;6.30;974;25;2944.00;72
7568;25;623835316;7568;456;8540;8612;5.35;0.33;277.13;6.30;972;25;2945.00;72
7570;25;623835326;7570;443;8540;8612;5.41;0.33;277.18;6.30;970;25;2946.00;72
7575;25;623835336;7575;431;8541;8612;5.41;0.33;277.14;6.39;966;25;2947.00;71
7578;25;623835347;7578;423;8541;8612;5.46;0.33;277.16;6.39;963;25;2948.00;71
7581;25;623835358;7581;402;8541;8612;5.51;0.34;277.17;6.39;960;25;2949.00;71
7582;25;623835374;7582;398;8541;8612;5.63;0.34;277.16;6.39;959;25;2950.00;71
7584;25;623835385;7584;388;8541;8612;5.70;0.35;277.10;6.39;957;25;2951.00;71
7584;25;623835396;7584;393;8573;8682;5.89;0.36;277.10;6.37;989;25;2952.00;109
7588;25;623835412;7588;384;8573;8683;5.93;0.36;277.08;6.37;985;25;2953.00;110
7588;26;623835423;7588;385;8580;8683;6.08;0.37;277.08;6.37;992;26;2954.00;103
7589;26;623835443;7589;378;8582;8683;6.21;0.38;277.06;6.36;993;26;2955.00;101
7589;26;623835455;7589;371;8583;8683;6.28;0.38;277.06;6.36;994;26;2956.00;100
7593;26;623835467;7593;361;8586;8683;6.37;0.39;277.10;6.36;993;26;2957.00;97
7594;26;623835479;7594;357;8587;8683;6.45;0.39;277.10;6.36;993;26;2958.00;96
7597;26;623835491;7597;359;8590;8683;6.56;0.40;277.12;6.36;993;26;2959.00;93
7601;26;623835502;7601;353;8593;8684;6.66;0.40;277.17;6.36;992;26;2960.00;91
7602;26;623835515;7602;352;8595;8685;6.72;0.41;277.14;6.36;993;26;2961.00;90
7602;26;623835532;7602;344;8598;8685;6.81;0.41;277.14;6.37;996;26;2962.00;87
7602;26;623835544;7602;333;8604;8689;6.93;0.42;277.14;6.37;1002;26;2963.00;85
7602;26;623835556;7602;335;8605;8689;7.01;0.43;277.14;6.36;1003;26;2964.00;84
7606;26;623835568;7606;330;8605;8689;7.04;0.43;277.12;6.36;999;26;2965.00;84
7607;26;623835579;7607;322;8605;8689;7.10;0.43;277.15;6.36;998;26;2966.00;84
7609;26;623835591;7609;318;8609;8695;7.20;0.44;277.12;6.36;1000;26;2967.00;86
7609;26;623835604;7609;313;8609;8695;7.29;0.44;277.12;6.36;1000;26;2968.00;86
7610;26;623835616;7610;307;8609;8695;7.36;0.44;277.12;6.36;999;26;2969.00;86
7610;26;623835629;7610;306;8613;8701;7.48;0.45;277.12;6.36;1003;26;2970.00;88
7610;26;623835643;7610;303;8613;8701;7.51;0.45;277.12;6.36;1003;26;2971.00;88
7611;26;623835655;7611;300;8615;8701;7.56;0.46;277.11;6.36;1004;26;2972.00;86
7612;26;623835666;7612;293;8615;8702;7.66;0.46;277.19;6.36;1003;26;2973.00;87
7615;26;623835678;7615;287;8617;8703;7.74;0.47;277.14;6.45;1002;26;2974.00;86
7618;26;623835691;7618;286;8617;8703;7.79;0.47;277.19;6.45;999;26;2975.00;86
7618;26;623835703;7618;281;8626;8716;7.91;0.48;277.19;6.44;1008;26;2976.00;90
7620;26;623835715;7620;274;8626;8716;7.95;0.48;277.19;6.44;1006;26;2977.00;90
7624;26;623835728;7624;271;8626;8716;7.97;0.48;277.32;6.44;1002;26;2978.00;90
7625;26;623835740;7625;266;8627;8717;8.11;0.49;277.32;6.44;1002;26;2979.00;90
7628;26;623835752;7628;264;8627;8717;8.19;0.50;277.37;6.44;999;26;2980.00;90
7629;26;623835765;7629;259;8630;8721;8.32;0.50;277.35;6.44;1001;26;2981.00;91
7631;26;623835778;7631;258;8630;8721;8.38;0.51;277.34;6.44;999;26;2982.00;91
7632;26;623835791;7632;256;8633;8725;8.36;0.51;277.35;6.44;1001;26;2983.00;92
7633;26;623835809;7633;250;8633;8725;8.45;0.51;277.35;6.44;1000;26;2984.00;92
7635;26;623835821;7635;256;8633;8725;8.49;0.52;277.41;6.44;998;26;2985.00;92
7638;26;623835834;7638;252;8633;8725;8.50;0.52;277.48;6.44;995;26;2986.00;92
7639;26;623835847;7639;251;8633;8725;8.50;0.52;277.46;6.44;994;26;2987.00;92
7643;26;623835859;7643;253;8642;8737;8.48;0.52;277.57;6.43;999;26;2988.00;95
7649;26;623835872;7649;246;8644;8737;8.41;0.51;277.68;6.53;995;26;2989.00;93
7655;26;623835885;7655;250;8646;8737;8.44;0.51;277.75;6.53;991;26;2990.00;91
7658;26;623835897;7658;251;8646;8737;8.45;0.51;277.76;6.53;988;26;2991.00;91
7660;26;623835909;7660;251;8646;8737;8.47;0.51;277.83;6.53;986;26;2992.00;91
7662;26;623835921;7662;251;8646;8737;8.48;0.52;277.80;6.53;984;26;2993.00;91
7667;26;623835934;7667;247;8648;8738;8.44;0.51;277.75;6.54;981;26;2994.00;90
7671;26;623835946;7671;250;8650;8738;8.43;0.51;277.80;6.56;979;26;2995.00;88
7674;26;623835959;7674;245;8654;8744;8.44;0.51;277.81;6.56;980;26;2996.00;90
7677;26;623835978;7677;245;8655;8745;8.45;0.51;277.78;6.56;978;26;2997.00;90
7679;26;623835991;7679;243;8655;8745;8.44;0.51;277.85;6.56;976;26;2998.00;90
7684;26;623836002;7684;241;8655;8745;8.41;0.51;277.83;6.56;971;26;2999.00;90
7687;26;623836017;7687;245;8660;8765;8.42;0.51;277.79;6.55;973;26;3000.00;105
7691;26;623836036;7691;239;8660;8765;8.46;0.51;277.89;6.55;969;26;3001.00;105
7694;26;623836048;7694;238;8660;8765;8.44;0.51;277.87;6.55;966;26;3002.00;105
7695;26;623836060;7695;238;8661;8766;8.50;0.52;277.86;6.55;966;26;3003.00;105
7700;26;623836073;7700;242;8664;8770;8.48;0.51;277.86;6.55;964;26;3004.00;106
7703;26;623836085;7703;239;8665;8770;8.49;0.52;277.91;6.55;962;26;3005.00;105
7706;26;623836097;7706;242;8668;8773;8.52;0.52;277.94;6.55;962;26;3006.00;105
7708;26;623836109;7708;239;8669;8773;8.51;0.52;277.90;6.55;961;26;3007.00;104
7710;26;623836121;7710;246;8673;8773;8.45;0.51;277.90;6.57;963;26;3008.00;100
7713;26;623836132;7713;247;8673;8773;8.40;0.51;277.91;6.57;960;26;3009.00;100
7716;26;623836145;7716;251;8677;8777;8.38;0.51;277.94;6.58;961;26;3010.00;100
7719;26;623836157;7719;253;8680;8777;8.31;0.50;277.94;6.59;961;26;3011.00;97
7723;26;623836169;7723;251;8682;8777;8.28;0.50;277.99;6.59;959;26;3012.00;95
7724;26;623836181;7724;255;8684;8777;8.24;0.50;277.99;6.59;960;26;3013.00;93
7727;26;623836192;7727;255;8686;8778;8.19;0.50;278.04;6.59;959;26;3014.00;92
7728;26;623836204;7728;249;8688;8780;8.22;0.50;278.04;6.59;960;26;3015.00;92
7731;26;623836216;7731;249;8688;8780;8.19;0.50;277.99;6.59;957;26;3016.00;92
7736;26;623836228;7736;248;8690;8781;8.12;0.49;277.99;6.59;954;26;3017.00;91
7737;26;623836241;7737;252;8691;8781;8.08;0.49;278.06;6.59;954;26;3018.00;90
7742;26;623836253;7742;251;8691;8781;8.03;0.49;278.10;6.59;949;26;3019.00;90
7743;26;623836271;7743;246;8693;8781;7.98;0.49;278.10;6.62;950;26;3020.00;88
7744;26;623836290;7744;244;8694;8781;7.94;0.48;278.15;6.62;950;26;3021.00;87
7746;26;623836308;7746;247;8696;8781;7.93;0.48;278.13;6.64;950;26;3022.00;85
7749;26;623836326;7749;252;8697;8781;7.90;0.48;278.13;6.64;948;26;3023.00;84
7750;26;623836344;7750;269;8766;8908;7.91;0.49;278.16;6.60;1016;26;3024.00;142
7752;26;623836376;7752;269;8769;8909;7.92;0.49;278.18;6.60;1017;26;3025.00;140
7753;26;623836390;7753;267;8776;8909;7.93;0.49;278.19;6.60;1023;26;3026.00;133
7754;26;623836403;7754;269;8781;8909;7.87;0.49;278.26;6.61;1027;26;3027.00;128
7758;26;623836417;7758;274;8787;8909;7.88;0.49;278.37;6.62;1029;26;3028.00;122
7761;26;623836430;7761;282;8790;8909;7.81;0.48;278.39;6.63;1029;26;3029.00;119
7765;26;623836445;7765;283;8796;8909;7.77;0.48;278.41;6.64;1031;26;3030.00;113
7769;26;623836458;7769;289;8801;8909;7.76;0.48;278.56;6.66;1032;26;3031.00;108
7772;26;623836473;7772;297;8804;8910;7.79;0.48;278.58;6.66;1032;26;3032.00;106
7773;26;623836486;7773;302;8810;8911;7.81;0.48;278.61;6.68;1037;26;3033.00;101
7777;26;623836499;7777;308;8812;8911;7.75;0.48;278.70;6.68;1035;26;3034.00;99
7781;26;623836511;7781;316;8818;8912;7.65;0.47;278.64;6.68;1037;26;3035.00;94
7783;26;623836524;7783;322;8818;8912;7.53;0.46;278.72;6.68;1035;26;3036.00;94
7785;26;623836536;7785;324;8827;8912;7.43;0.46;278.69;6.70;1042;26;3037.00;85
7790;26;623836548;7790;328;8827;8912;7.36;0.45;278.85;6.70;1037;26;3038.00;85
7794;26;623836561;7794;322;8831;8916;7.30;0.45;278.84;6.70;1037;26;3039.00;85
7797;26;623836576;7797;325;8832;8916;7.25;0.45;278.86;6.70;1035;26;3040.00;84
7799;26;623836588;7799;332;8833;8916;7.21;0.44;278.91;6.71;1034;26;3041.00;83
7799;26;623836601;7799;332;8835;8919;7.19;0.44;278.91;6.71;1036;26;3042.00;84
7803;26;623836613;7803;332;8839;8919;7.12;0.44;279.03;6.73;1036;26;3043.00;80
7806;26;623836626;7806;329;8841;8919;7.12;0.44;279.07;6.73;1035;26;3044.00;78
7810;26;623836639;7810;328;8844;8923;7.08;0.43;279.19;6.73;1034;26;3045.00;79
7812;26;623836652;7812;331;8846;8924;7.07;0.43;279.18;6.74;1034;26;3046.00;78
7815;26;623836665;7815;332;8848;8924;7.03;0.43;279.28;6.75;1033;26;3047.00;76
7818;26;623836677;7818;332;8851;8928;6.99;0.43;279.38;6.75;1033;26;3048.00;77
7819;26;623836689;7819;334;8854;8928;6.97;0.43;279.45;6.75;1035;26;3049.00;74
7821;26;623836701;7821;342;8856;8928;6.97;0.43;279.51;6.76;1035;26;3050.00;72
7827;26;623836713;7827;343;8859;8929;6.90;0.42;279.58;6.76;1032;26;3051.00;70
7831;26;623836726;7831;341;8860;8929;6.83;0.42;279.54;6.76;1029;26;3052.00;69
7836;26;623836745;7836;348;8867;8935;6.75;0.41;279.58;6.76;1031;26;3053.00;68
7839;26;623836757;7839;352;8869;8935;6.66;0.41;279.55;6.77;1030;26;3054.00;66
7841;26;623836769;7841;354;8869;8936;6.53;0.40;279.54;6.77;1028;26;3055.00;67
7846;26;623836780;7846;360;8870;8936;6.36;0.39;279.67;6.77;1024;26;3056.00;66
7849;26;623836792;7849;362;8872;8936;6.18;0.38;279.79;6.77;1023;26;3057.00;64
7853;26;623836803;7853;365;8872;8936;6.02;0.37;279.86;6.77;1019;26;3058.00;64
7855;26;623836815;7855;376;8873;8936;5.90;0.36;279.91;6.77;1018;26;3059.00;63
7857;26;623836827;7857;369;8901;8972;5.95;0.37;279.93;6.75;1044;26;3060.00;71
7865;26;623836840;7865;375;8903;8972;5.80;0.36;280.14;6.75;1038;26;3061.00;69
7867;26;623836852;7867;376;8904;8972;5.74;0.36;280.15;6.75;1037;26;3062.00;68
7872;26;623836862;7872;373;8905;8972;5.67;0.35;280.17;6.75;1033;26;3063.00;67
7876;26;623836872;7876;380;8906;8972;5.55;0.34;280.22;6.75;1030;26;3064.00;66
7878;26;623836883;7878;389;8906;8972;5.49;0.34;280.21;6.75;1028;26;3065.00;66
7882;26;623836894;7882;401;8910;8976;5.38;0.33;280.26;6.75;1028;26;3066.00;66
7882;26;623836904;7882;396;8910;8976;5.35;0.33;280.26;6.75;1028;26;3067.00;66
7884;26;623836915;7884;404;8914;8980;5.35;0.33;280.27;6.75;1030;26;3068.00;66
7888;26;623836933;7888;401;8915;8981;5.31;0.33;280.26;6.75;1027;26;3069.00;66
7890;26;623836943;7890;401;8915;8981;5.29;0.33;280.22;6.75;1025;26;3070.00;66
7891;26;623836953;7891;398;8915;8981;5.28;0.33;280.24;6.75;1024;26;3071.00;66
7895;26;623836963;7895;404;8926;8994;5.34;0.33;280.29;6.74;1031;26;3072.00;68
7899;26;623836977;7899;412;8926;8994;5.31;0.33;280.28;6.74;1027;26;3073.00;68
7902;26;623836988;7902;416;8926;8994;5.30;0.33;280.36;6.74;1024;26;3074.00;68
7907;26;623836998;7907;413;8927;8995;5.30;0.33;280.33;6.74;1020;26;3075.00;68
7910;26;623837009;7910;419;8927;8996;5.29;0.33;280.35;6.74;1017;26;3076.00;69
7913;26;623837026;7913;420;8927;8996;5.32;0.33;280.39;6.74;1014;26;3077.00;69
7920;26;623837037;7920;417;8929;8999;5.26;0.32;280.25;6.74;1009;26;3078.00;70
7922;26;623837048;7922;408;8930;8999;5.24;0.32;280.24;6.74;1008;26;3079.00;69
7924;26;623837058;7924;412;8930;8999;5.19;0.32;280.24;6.74;1006;26;3080.00;69
7928;26;623837069;7928;412;8930;8999;5.11;0.31;280.23;6.74;1002;26;3081.00;69
7931;26;623837080;7931;409;8935;9005;5.11;0.31;280.19;6.73;1004;26;3082.00;70
7935;26;623837091;7935;420;8935;9005;5.07;0.31;280.15;6.73;1000;26;3083.00;70
7941;26;623837103;7941;429;8935;9005;4.96;0.30;280.15;6.73;994;26;3084.00;70
7942;26;623837114;7942;430;8935;9005;4.94;0.30;280.16;6.73;993;26;3085.00;70
7946;26;623837126;7946;438;8939;9009;4.95;0.30;280.12;6.83;993;26;3086.00;70
7948;26;623837137;7948;445;8940;9010;4.95;0.31;280.16;6.83;992;26;3087.00;70
7955;26;623837152;7955;449;8940;9010;4.88;0.30;280.10;6.83;985;26;3088.00;70
7959;26;623837163;7959;449;8941;9011;4.80;0.30;280.06;6.83;982;26;3089.00;70
7960;26;623837176;7960;460;8941;9011;4.73;0.29;280.07;6.83;981;26;3090.00;70
7964;26;623837186;7964;461;8941;9011;4.64;0.29;280.10;6.83;977;26;3091.00;70
7965;26;623837196;7965;469;8941;9011;4.64;0.29;280.07;6.83;976;26;3092.00;70
7971;26;623837209;7971;469;8941;9011;4.52;0.28;280.01;6.83;970;26;3093.00;70
7972;26;623837219;7972;475;8941;9011;4.51;0.28;280.00;6.83;969;26;3094.00;70
7978;26;623837228;7978;485;8941;9011;4.45;0.27;279.91;6.83;963;26;3095.00;70
7983;26;623837238;7983;497;8979;9081;4.65;0.29;279.92;6.80;996;26;3096.00;102
7986;26;623837254;7986;493;8980;9082;4.66;0.29;279.91;6.80;994;26;3097.00;102
7990;26;623837267;7990;496;8987;9082;4.73;0.29;279.93;6.80;997;26;3098.00;95
7992;26;623837277;7992;489;8988;9082;4.72;0.29;279.91;6.80;996;26;3099.00;94
7994;26;623837287;7994;496;8991;9082;4.74;0.29;279.89;6.80;997;26;3100.00;91
7997;26;623837302;7997;499;8994;9082;4.71;0.29;279.87;6.80;997;26;3101.00;88
8000;26;623837313;8000;502;8996;9082;4.67;0.28;279.85;6.80;996;26;3102.00;86
8002;26;623837323;8002;507;8998;9082;4.64;0.28;279.85;6.80;996;26;3103.00;84
8003;26;623837333;8003;509;9000;9083;4.63;0.28;279.84;6.80;997;26;3104.00;83
8003;26;623837343;8003;514;9003;9085;4.64;0.28;279.84;6.80;1000;26;3105.00;82
8006;26;623837353;8006;521;9006;9085;4.56;0.28;279.80;6.80;1000;26;3106.00;79
8006;26;623837369;8006;501;9011;9089;4.63;0.28;279.80;6.80;1005;26;3107.00;78
8007;26;623837379;8007;487;9013;9089;4.70;0.29;279.77;6.80;1006;26;3108.00;76
8009;26;623837390;8009;472;9013;9089;4.76;0.29;279.77;6.80;1004;26;3109.00;76
8010;26;623837400;8010;475;9013;9089;4.84;0.30;279.77;6.80;1003;26;3110.00;76
8012;26;623837411;8012;467;9018;9095;4.97;0.30;279.81;6.79;1006;26;3111.00;77
8012;26;623837422;8012;467;9018;9095;5.06;0.31;279.81;6.79;1006;26;3112.00;77
8013;26;623837433;8013;461;9018;9095;5.15;0.31;279.82;6.79;1005;26;3113.00;77
8013;26;623837444;8013;457;9020;9098;5.27;0.32;279.82;6.79;1007;26;3114.00;78
8015;26;623837455;8015;460;9020;9098;5.36;0.33;279.79;6.79;1005;26;3115.00;78
8016;26;623837467;8016;445;9021;9098;5.48;0.33;279.77;6.79;1005;26;3116.00;77
8017;26;623837490;8017;433;9021;9099;5.58;0.34;279.76;6.79;1004;26;3117.00;78
8019;26;623837507;8019;416;9022;9100;5.67;0.35;279.71;6.79;1003;26;3118.00;78
8023;26;623837519;8023;402;9022;9100;5.71;0.35;279.61;6.79;999;26;3119.00;78
8025;26;623837533;8025;396;9042;9126;5.89;0.36;279.58;6.78;1017;26;3120.00;84
8025;26;623837552;8025;386;9042;9126;5.99;0.36;279.58;6.78;1017;26;3121.00;84
8025;26;623837569;8025;369;9043;9126;6.12;0.37;279.58;6.78;1018;26;3122.00;83
8026;26;623837587;8026;366;9045;9127;6.26;0.38;279.56;6.77;1019;26;3123.00;82
8026;26;623837600;8026;351;9045;9127;6.37;0.39;279.56;6.77;1019;26;3124.00;82
8026;26;623837625;8026;353;9049;9131;6.46;0.39;279.56;6.77;1023;26;3125.00;82
8026;26;623837656;8026;343;9049;9131;6.53;0.40;279.56;6.77;1023;26;3126.00;82
8026;26;623837686;8026;333;9052;9135;6.55;0.40;279.56;6.77;1026;26;3127.00;83
8029;26;623837702;8029;325;9052;9135;6.56;0.40;279.63;6.77;1023;26;3128.00;83
8032;26;623837716;8032;316;9052;9135;6.60;0.40;279.61;6.77;1020;26;3129.00;83
8034;26;623837731;8034;309;9052;9135;6.72;0.41;279.58;6.77;1018;26;3130.00;83
8036;26;623837745;8036;301;9052;9135;6.79;0.41;279.61;6.77;1016;26;3131.00;83
8038;26;623837760;8038;302;9062;9147;6.95;0.42;279.62;6.76;1024;26;3132.00;85
8043;26;623837775;8043;289;9062;9147;6.96;0.42;279.66;6.76;1019;26;3133.00;85
8046;26;623837789;8046;281;9063;9147;7.06;0.43;279.70;6.76;1017;26;3134.00;84
8048;26;623837803;8048;270;9063;9147;7.21;0.44;279.71;6.76;1015;26;3135.00;84
8050;26;623837826;8050;272;9063;9147;7.33;0.44;279.78;6.76;1013;26;3136.00;84
8053;26;623837846;8053;267;9063;9147;7.41;0.45;279.75;6.76;1010;26;3137.00;84
8055;26;623837860;8055;264;9063;9148;7.52;0.45;279.73;6.76;1008;26;3138.00;85
8057;26;623837875;8057;263;9063;9148;7.63;0.46;279.83;6.76;1006;26;3139.00;85
8057;26;623837890;8057;263;9068;9154;7.75;0.47;279.83;6.76;1011;26;3140.00;86
8059;27;623837906;8059;261;9069;9155;7.87;0.48;279.86;6.76;1010;27;3141.00;86
8060;27;623837935;8060;257;9069;9155;7.95;0.48;279.91;6.76;1009;27;3142.00;86
8062;27;623837949;8062;257;9069;9155;8.06;0.49;279.98;6.76;1007;27;3143.00;86
8064;27;623837963;8064;250;9073;9159;8.09;0.49;280.04;6.86;1009;27;3144.00;86
8066;27;623837979;8066;249;9073;9159;8.13;0.49;280.05;6.86;1007;27;3145.00;86
8070;27;623837995;8070;244;9073;9159;8.17;0.49;280.11;6.86;1003;27;3146.00;86
8071;27;623838011;8071;243;9074;9160;8.18;0.49;280.16;6.86;1003;27;3147.00;86
8071;27;623838025;8071;239;9077;9164;8.23;0.50;280.16;6.86;1006;27;3148.00;87
8074;27;623838047;8074;240;9077;9164;8.26;0.50;280.29;6.86;1003;27;3149.00;87
8077;27;623838069;8077;238;9081;9170;8.31;0.50;280.28;6.86;1004;27;3150.00;89
8079;27;623838083;8079;234;9081;9170;8.29;0.50;280.27;6.86;1002;27;3151.00;89
8080;27;623838104;8080;236;9083;9170;8.35;0.51;280.28;6.86;1003;27;3152.00;87
8085;27;623838120;8085;234;9083;9170;8.36;0.51;280.41;6.86;998;27;3153.00;87
8088;27;623838136;8088;234;9087;9174;8.47;0.51;280.52;6.85;999;27;3154.00;87
8091;27;623838158;8091;227;9087;9174;8.46;0.51;280.51;6.85;996;27;3155.00;87
8092;27;623838174;8092;226;9087;9174;8.44;0.51;280.55;6.85;995;27;3156.00;87
8095;27;623838190;8095;215;9087;9174;8.47;0.51;280.63;6.85;992;27;3157.00;87
8097;27;623838204;8097;217;9087;9175;8.42;0.51;280.65;6.85;990;27;3158.00;88
8101;27;623838220;8101;215;9088;9176;8.40;0.51;280.61;6.85;987;27;3159.00;88
8103;27;623838235;8103;209;9088;9176;8.43;0.51;280.64;6.85;985;27;3160.00;88
8105;27;623838250;8105;208;9089;9177;8.42;0.51;280.70;6.85;984;27;3161.00;88
8109;27;623838270;8109;201;9089;9177;8.40;0.51;280.76;6.85;980;27;3162.00;88
8110;27;623838302;8110;198;9089;9177;8.45;0.51;280.76;6.85;979;27;3163.00;88
8115;27;623838322;8115;194;9090;9177;8.43;0.51;280.81;6.86;975;27;3164.00;87
8116;27;623838343;8116;195;9090;9177;8.44;0.51;280.85;6.86;974;27;3165.00;87
8119;27;623838365;8119;193;9091;9177;8.40;0.51;280.87;6.87;972;27;3166.00;86
8122;27;623838382;8122;202;9091;9177;8.39;0.51;280.93;6.87;969;27;3167.00;86
8123;27;623838399;8123;225;9160;9304;8.33;0.51;280.91;6.82;1037;27;3168.00;144
8127;27;623838437;8127;219;9162;9305;8.27;0.51;280.91;6.82;1035;27;3169.00;143
8131;27;623838453;8131;220;9169;9305;8.19;0.50;280.85;6.82;1038;27;3170.00;136
8134;27;623838471;8134;215;9169;9305;8.17;0.50;280.90;6.82;1035;27;3171.00;136
8136;27;623838485;8136;214;9176;9305;8.13;0.50;281.01;6.81;1040;27;3172.00;129
8140;27;623838500;8140;216;9176;9305;8.12;0.50;281.06;6.81;1036;27;3173.00;129
8141;27;623838517;8141;215;9179;9305;8.13;0.50;281.06;6.96;1038;27;3174.00;126
8142;27;623838534;8142;207;9181;9305;8.19;0.50;281.06;6.96;1039;27;3175.00;124
8143;27;623838549;8143;213;9184;9306;8.26;0.51;281.12;6.98;1041;27;3176.00;122
8148;27;623838584;8148;211;9189;9307;8.30;0.51;281.19;6.98;1041;27;3177.00;118
8150;27;623838612;8150;201;9193;9307;8.38;0.51;281.27;6.98;1043;27;3178.00;114
8155;27;623838629;8155;204;9195;9308;8.36;0.51;281.28;6.98;1040;27;3179.00;113
8161;27;623838650;8161;202;9198;9308;8.29;0.51;281.31;6.98;1037;27;3180.00;110
8163;27;623838667;8163;203;9200;9308;8.28;0.50;281.35;6.98;1037;27;3181.00;108
8165;27;623838684;8165;210;9201;9308;8.22;0.50;281.41;6.98;1036;27;3182.00;107
8166;27;623838700;8166;209;9207;9312;8.15;0.50;281.42;6.98;1041;27;3183.00;105
8171;27;623838717;8171;214;9209;9312;8.11;0.50;281.49;6.99;1038;27;3184.00;103
8177;27;623838741;8177;217;9210;9312;8.11;0.49;281.48;6.99;1033;27;3185.00;102
8178;27;623838760;8178;228;9213;9315;8.15;0.50;281.48;6.99;1035;27;3186.00;102
8180;27;623838776;8180;228;9215;9315;8.13;0.50;281.55;7.00;1035;27;3187.00;100
8182;27;623838793;8182;240;9218;9315;8.15;0.50;281.55;7.00;1036;27;3188.00;97
8185;27;623838811;8185;243;9223;9319;8.11;0.50;281.61;7.00;1038;27;3189.00;96
8188;27;623838828;8188;246;9226;9320;8.06;0.49;281.68;7.01;1038;27;3190.00;94
8191;27;623838846;8191;253;9229;9322;7.98;0.49;281.67;7.02;1038;27;3191.00;93
8193;27;623838866;8193;256;9232;9326;8.00;0.49;281.66;7.02;1039;27;3192.00;94
8196;27;623838883;8196;258;9233;9326;7.99;0.49;281.73;7.03;1037;27;3193.00;93
8198;27;623838899;8198;260;9234;9326;8.02;0.49;281.72;7.04;1036;27;3194.00;92
8204;27;623838916;8204;267;9237;9328;8.00;0.49;281.76;7.04;1033;27;3195.00;91
8208;27;623838933;8208;270;9238;9328;7.94;0.48;281.92;7.05;1030;27;3196.00;90
8212;27;623838950;8212;276;9244;9334;7.87;0.48;281.88;7.05;1032;27;3197.00;90
8215;27;623838969;8215;272;9245;9334;7.80;0.47;281.92;7.06;1030;27;3198.00;89
8217;27;623838985;8217;278;9246;9335;7.71;0.47;281.99;7.07;1029;27;3199.00;89
8218;27;623838999;8218;284;9247;9335;7.59;0.46;282.01;7.08;1029;27;3200.00;88
8221;27;623839027;8221;288;9248;9335;7.52;0.46;282.16;7.09;1027;27;3201.00;87
8225;27;623839044;8225;287;9248;9335;7.45;0.45;282.30;7.09;1023;27;3202.00;87
8225;27;623839059;8225;301;9249;9335;7.37;0.45;282.30;7.09;1024;27;3203.00;86
8228;27;623839075;8228;296;9259;9347;7.34;0.45;282.39;7.09;1031;27;3204.00;88
8231;27;623839092;8231;304;9259;9347;7.28;0.45;282.40;7.09;1028;27;3205.00;88
8234;27;623839107;8234;310;9262;9347;7.15;0.44;282.47;7.10;1028;27;3206.00;85
8236;27;623839123;8236;314;9264;9347;7.04;0.43;282.55;7.12;1028;27;3207.00;83
8241;27;623839138;8241;324;9264;9347;6.92;0.42;282.65;7.12;1023;27;3208.00;83
8242;27;623839156;8242;322;9267;9347;6.89;0.42;282.64;7.14;1025;27;3209.00;80
8245;27;623839173;8245;329;9270;9351;6.82;0.42;282.74;7.14;1025;27;3210.00;81
8246;27;623839189;8246;325;9271;9351;6.81;0.42;282.75;7.15;1025;27;3211.00;80
8250;27;623839203;8250;330;9275;9355;6.81;0.42;282.90;7.15;1025;27;3212.00;80
8255;27;623839226;8255;330;9276;9356;6.75;0.41;282.96;7.15;1021;27;3213.00;80
8258;27;623839242;8258;330;9279;9356;6.66;0.40;283.00;7.16;1021;27;3214.00;77
8260;27;623839257;8260;325;9279;9356;6.57;0.40;283.05;7.16;1019;27;3215.00;77
8262;27;623839272;8262;329;9290;9369;6.52;0.40;283.04;7.16;1028;27;3216.00;79
8265;27;623839289;8265;329;9291;9369;6.47;0.39;283.10;7.16;1026;27;3217.00;78
8268;27;623839307;8268;336;9291;9369;6.44;0.39;283.12;7.16;1023;27;3218.00;78
8269;27;623839320;8269;340;9295;9370;6.40;0.39;283.16;7.17;1026;27;3219.00;75
8269;27;623839332;8269;343;9295;9371;6.34;0.39;283.16;7.17;1026;27;3220.00;76
8270;27;623839344;8270;346;9295;9371;6.30;0.38;283.16;7.17;1025;27;3221.00;76
8275;27;623839355;8275;354;9299;9374;6.18;0.38;283.12;7.18;1024;27;3222.00;75
8281;27;623839367;8281;356;9299;9374;6.02;0.37;283.22;7.18;1018;27;3223.00;75
8284;27;623839380;8284;350;9299;9374;5.90;0.36;283.21;7.18;1015;27;3224.00;75
8288;27;623839392;8288;355;9302;9374;5.79;0.35;283.23;7.19;1014;27;3225.00;72
8294;27;623839405;8294;361;9307;9380;5.71;0.35;283.29;7.19;1013;27;3226.00;73
8297;27;623839417;8297;365;9308;9380;5.54;0.34;283.27;7.19;1011;27;3227.00;72
8300;27;623839430;8300;373;9309;9380;5.38;0.33;283.33;7.19;1009;27;3228.00;71
8306;27;623839442;8306;382;9309;9380;5.21;0.32;283.37;7.19;1003;27;3229.00;71
8309;27;623839454;8309;375;9313;9384;5.07;0.31;283.49;7.19;1004;27;3230.00;71
8314;27;623839466;8314;374;9314;9385;4.93;0.30;283.48;7.19;1000;27;3231.00;71
8317;27;623839479;8317;381;9317;9385;4.85;0.30;283.46;7.19;1000;27;3232.00;68
8324;27;623839490;8324;385;9318;9386;4.77;0.29;283.43;7.19;994;27;3233.00;68
8329;27;623839505;8329;389;9318;9386;4.72;0.29;283.44;7.19;989;27;3234.00;68
8332;27;623839517;8332;394;9319;9386;4.70;0.29;283.47;7.19;987;27;3235.00;67
8338;27;623839528;8338;402;9319;9386;4.69;0.29;283.45;7.19;981;27;3236.00;67
8340;27;623839539;8340;401;9321;9386;4.65;0.29;283.40;7.19;981;27;3237.00;65
8342;27;623839552;8342;398;9321;9386;4.63;0.29;283.38;7.19;979;27;3238.00;65
8345;27;623839563;8345;399;9321;9386;4.63;0.28;283.34;7.19;976;27;3239.00;65
8347;27;623839576;8347;401;9380;9511;4.99;0.31;283.36;7.15;1033;27;3240.00;131
8348;27;623839609;8348;403;9386;9512;4.99;0.31;283.38;7.15;1038;27;3241.00;126
8351;27;623839620;8351;401;9398;9512;5.10;0.32;283.37;7.25;1047;27;3242.00;114
8354;27;623839633;8354;400;9401;9512;5.10;0.32;283.35;7.25;1047;27;3243.00;111
8357;27;623839649;8357;410;9408;9512;5.12;0.32;283.34;7.25;1051;27;3244.00;104
8361;27;623839666;8361;407;9410;9512;5.12;0.32;283.33;7.25;1049;27;3245.00;102
8363;27;623839680;8363;407;9416;9512;5.11;0.32;283.33;7.25;1053;27;3246.00;96
8366;27;623839693;8366;408;9420;9512;5.06;0.31;283.31;7.25;1054;27;3247.00;92
8369;27;623839706;8369;416;9423;9513;5.02;0.31;283.28;7.25;1054;27;3248.00;90
8371;27;623839719;8371;409;9426;9514;4.97;0.31;283.27;7.25;1055;27;3249.00;88
8374;27;623839732;8374;414;9428;9514;4.94;0.31;283.22;7.25;1054;27;3250.00;86
8378;27;623839745;8378;422;9433;9518;4.92;0.30;283.21;7.25;1055;27;3251.00;85
8381;27;623839759;8381;428;9434;9518;4.87;0.30;283.18;7.25;1053;27;3252.00;84
8382;27;623839772;8382;438;9434;9518;4.85;0.30;283.17;7.25;1052;27;3253.00;84
8388;27;623839785;8388;441;9434;9518;4.78;0.30;283.12;7.25;1046;27;3254.00;84
8389;27;623839799;8389;449;9439;9524;4.78;0.29;283.11;7.24;1050;27;3255.00;85
8392;27;623839812;8392;456;9439;9524;4.76;0.29;283.20;7.24;1047;27;3256.00;85
8396;27;623839826;8396;456;9440;9524;4.73;0.29;283.27;7.36;1044;27;3257.00;84
8400;27;623839839;8400;457;9442;9527;4.69;0.29;283.25;7.36;1042;27;3258.00;85
8404;27;623839853;8404;443;9442;9527;4.67;0.29;283.25;7.36;1038;27;3259.00;85
8406;27;623839865;8406;445;9442;9527;4.70;0.29;283.24;7.36;1036;27;3260.00;85
8408;27;623839878;8408;447;9442;9528;4.73;0.29;283.27;7.36;1034;27;3261.00;86
8413;27;623839890;8413;451;9443;9529;4.73;0.29;283.27;7.36;1030;27;3262.00;86
8414;27;623839903;8414;449;9444;9529;4.82;0.30;283.28;7.36;1030;27;3263.00;85
8420;27;623839915;8420;444;9454;9542;4.90;0.30;283.25;7.35;1034;27;3264.00;88
8424;27;623839928;8424;441;9455;9542;4.92;0.30;283.22;7.35;1031;27;3265.00;87
8428;27;623839941;8428;441;9455;9542;4.93;0.30;283.20;7.35;1027;27;3266.00;87
8430;27;623839954;8430;446;9456;9543;5.03;0.31;283.20;7.35;1026;27;3267.00;87
8431;27;623839965;8431;443;9456;9543;5.11;0.31;283.21;7.35;1025;27;3268.00;87
8434;27;623839979;8434;440;9460;9547;5.18;0.32;283.21;7.35;1026;27;3269.00;87
8436;27;623839994;8436;442;9460;9547;5.23;0.32;283.17;7.35;1024;27;3270.00;87
8438;27;623840006;8438;434;9463;9551;5.31;0.33;283.17;7.34;1025;27;3271.00;88
8440;27;623840020;8440;439;9463;9551;5.32;0.33;283.20;7.34;1023;27;3272.00;88
8441;27;623840032;8441;446;9463;9551;5.33;0.33;283.18;7.34;1022;27;3273.00;88
8444;27;623840043;8444;436;9463;9551;5.27;0.32;283.19;7.34;1019;27;3274.00;88
8448;27;623840055;8448;435;9463;9551;5.29;0.32;283.17;7.34;1015;27;3275.00;88
8449;27;623840068;8449;430;9473;9563;5.42;0.33;283.18;7.34;1024;27;3276.00;90
8452;27;623840082;8452;420;9473;9563;5.44;0.33;283.17;7.34;1021;27;3277.00;90
8453;27;623840096;8453;414;9474;9563;5.50;0.34;283.15;7.34;1021;27;3278.00;89
8454;27;623840110;8454;405;9474;9563;5.56;0.34;283.16;7.34;1020;27;3279.00;89
8455;27;623840122;8455;396;9474;9563;5.61;0.34;283.13;7.34;1019;27;3280.00;89
8459;27;623840135;8459;394;9474;9563;5.64;0.35;283.18;7.34;1015;27;3281.00;89
8461;27;623840150;8461;391;9474;9564;5.70;0.35;283.18;7.34;1013;27;3282.00;90
8464;27;623840163;8464;387;9474;9564;5.77;0.35;283.23;7.34;1010;27;3283.00;90
8466;27;623840176;8466;383;9479;9570;5.91;0.36;283.24;7.33;1013;27;3284.00;91
8469;27;623840190;8469;376;9481;9572;6.03;0.37;283.25;7.33;1012;27;3285.00;91
8474;27;623840213;8474;361;9481;9572;6.14;0.37;283.26;7.33;1007;27;3286.00;91
8476;27;623840232;8476;343;9481;9572;6.30;0.38;283.27;7.33;1005;27;3287.00;91
8479;27;623840247;8479;329;9485;9576;6.46;0.39;283.34;7.45;1006;27;3288.00;91
8482;27;623840281;8482;315;9485;9576;6.65;0.40;283.37;7.45;1003;27;3289.00;91
8484;27;623840304;8484;313;9485;9576;6.81;0.41;283.38;7.45;1001;27;3290.00;91
8485;27;623840335;8485;292;9486;9577;6.99;0.43;283.40;7.45;1001;27;3291.00;91
8488;27;623840357;8488;293;9489;9581;7.10;0.43;283.38;7.44;1001;27;3292.00;92
8489;27;623840376;8489;294;9489;9581;7.21;0.44;283.36;7.44;1000;27;3293.00;92
8490;27;623840396;8490;286;9491;9584;7.32;0.45;283.43;7.44;1001;27;3294.00;93
8493;27;623840414;8493;279;9491;9584;7.40;0.45;283.49;7.44;998;27;3295.00;93
8498;27;623840432;8498;273;9492;9584;7.45;0.45;283.53;7.44;994;27;3296.00;92
8502;27;623840448;8502;268;9492;9584;7.51;0.46;283.53;7.44;990;27;3297.00;92
8502;27;623840467;8502;268;9496;9588;7.65;0.46;283.53;7.44;994;27;3298.00;92
8505;27;623840486;8505;259;9496;9588;7.73;0.47;283.61;7.44;991;27;3299.00;92
8507;27;623840508;8507;263;9501;9607;7.74;0.47;283.66;7.43;994;27;3300.00;106
8508;27;623840540;8508;256;9501;9607;7.82;0.47;283.73;7.43;993;27;3301.00;106
8510;27;623840558;8510;256;9501;9608;7.90;0.48;283.73;7.43;991;27;3302.00;107
8513;27;623840577;8513;249;9502;9609;7.97;0.48;283.78;7.43;989;27;3303.00;107
8515;27;623840595;8515;241;9502;9609;7.99;0.48;283.81;7.43;987;27;3304.00;107
8518;27;623840609;8518;244;9504;9610;8.03;0.49;283.89;7.43;986;27;3305.00;106
8522;27;623840625;8522;242;9505;9610;7.99;0.48;283.96;7.43;983;27;3306.00;105
8525;27;623840644;8525;236;9505;9610;8.00;0.48;284.00;7.43;980;27;3307.00;105
8528;27;623840661;8528;235;9505;9610;8.03;0.49;284.07;7.43;977;27;3308.00;105
8530;27;623840678;8530;234;9505;9610;8.12;0.49;284.09;7.43;975;27;3309.00;105
8534;27;623840696;8534;227;9505;9610;8.23;0.50;284.15;7.43;971;27;3310.00;105
8535;27;623840714;8535;227;9506;9610;8.35;0.50;284.19;7.43;971;27;3311.00;104
8538;27;623840730;8538;246;9574;9737;8.35;0.51;284.25;7.38;1036;27;3312.00;163
8540;27;623840759;8540;235;9574;9738;8.44;0.52;284.31;7.38;1034;27;3313.00;164
8542;27;623840778;8542;230;9578;9738;8.57;0.52;284.35;7.38;1036;27;3314.00;160
8542;27;623840797;8542;229;9578;9738;8.65;0.53;284.35;7.38;1036;27;3315.00;160
8547;27;623840815;8547;221;9581;9738;8.66;0.53;284.41;7.38;1034;27;3316.00;157
8549;27;623840834;8549;223;9583;9738;8.63;0.53;284.49;7.38;1034;27;3317.00;155
8551;27;623840851;8551;218;9586;9738;8.66;0.53;284.57;7.38;1035;27;3318.00;152
8551;27;623840876;8551;221;9587;9738;8.74;0.53;284.57;7.38;1036;27;3319.00;151
8554;27;623840903;8554;214;9589;9739;8.70;0.53;284.59;7.38;1035;27;3320.00;150
8557;27;623840931;8557;216;9591;9740;8.69;0.53;284.65;7.38;1034;27;3321.00;149
8560;27;623840950;8560;217;9592;9740;8.64;0.53;284.68;7.38;1032;27;3322.00;148
8563;27;623840968;8563;223;9596;9741;8.56;0.52;284.74;7.38;1033;27;3323.00;145
8567;27;623840986;8567;222;9598;9741;8.52;0.52;284.74;7.39;1031;27;3324.00;143
8570;27;623841004;8570;223;9601;9741;8.55;0.52;284.71;7.39;1031;27;3325.00;140
8573;27;623841023;8573;225;9603;9741;8.49;0.52;284.71;7.39;1030;27;3326.00;138
8574;27;623841041;8574;223;9605;9745;8.42;0.51;284.77;7.39;1031;27;3327.00;140
8577;27;623841058;8577;235;9607;9745;8.42;0.51;284.87;7.39;1030;27;3328.00;138
8580;27;623841079;8580;241;9611;9745;8.36;0.51;284.97;7.40;1031;27;3329.00;134
8583;27;623841099;8583;241;9614;9751;8.31;0.51;285.07;7.40;1031;27;3330.00;137
8588;27;623841117;8588;245;9618;9751;8.26;0.50;285.04;7.41;1030;27;3331.00;133
8591;27;623841135;8591;242;9620;9751;8.24;0.50;285.11;7.41;1029;27;3332.00;131
8595;27;623841153;8595;243;9626;9755;8.19;0.50;285.19;7.41;1031;27;3333.00;129
8596;27;623841172;8596;238;9629;9756;8.19;0.50;285.18;7.41;1033;27;3334.00;127
8597;27;623841189;8597;238;9637;9756;8.16;0.50;285.17;7.43;1040;27;3335.00;119
8599;27;623841207;8599;227;9640;9760;8.17;0.50;285.28;7.43;1041;27;3336.00;120
8604;27;623841223;8604;224;9641;9760;8.14;0.50;285.25;7.43;1037;27;3337.00;119
8609;27;623841247;8609;221;9643;9760;8.12;0.49;285.25;7.43;1034;27;3338.00;117
8611;27;623841268;8611;218;9645;9761;8.17;0.50;285.29;7.43;1034;27;3339.00;116
8616;27;623841288;8616;222;9645;9761;8.14;0.50;285.37;7.43;1029;27;3340.00;116
8619;27;623841311;8619;219;9651;9767;8.15;0.50;285.37;7.43;1032;27;3341.00;116
8623;27;623841328;8623;223;9651;9767;8.14;0.49;285.43;7.43;1028;27;3342.00;116
8624;27;623841346;8624;216;9653;9768;8.07;0.49;285.42;7.43;1029;27;3343.00;115
8628;27;623841366;8628;225;9653;9768;8.00;0.49;285.46;7.43;1025;27;3344.00;115
8633;27;623841381;8633;219;9653;9768;8.00;0.49;285.48;7.43;1020;27;3345.00;115
8639;27;623841394;8639;219;9654;9768;7.96;0.48;285.55;7.44;1015;27;3346.00;114
8641;27;623841409;8641;217;9655;9768;7.97;0.48;285.64;7.44;1014;27;3347.00;113
8644;27;623841430;8644;216;9663;9780;7.97;0.48;285.70;7.43;1019;27;3348.00;117
8645;27;623841445;8645;213;9664;9780;7.93;0.48;285.69;7.43;1019;27;3349.00;116
8648;27;623841459;8648;219;9666;9780;7.98;0.49;285.73;7.43;1018;27;3350.00;114
8648;27;623841471;8648;217;9667;9780;7.94;0.48;285.73;7.43;1019;27;3351.00;113
8653;27;623841483;8653;227;9667;9780;7.91;0.48;285.71;7.43;1014;27;3352.00;113
8655;27;623841496;8655;231;9668;9780;7.89;0.48;285.80;7.44;1013;27;3353.00;112
8659;27;623841508;8659;233;9672;9784;7.86;0.48;285.85;7.44;1013;27;3354.00;112
8662;27;623841521;8662;241;9673;9784;7.82;0.48;285.91;7.44;1011;27;3355.00;111
8668;27;623841533;8668;237;9676;9788;7.83;0.48;285.92;7.44;1008;27;3356.00;112
8672;27;623841551;8672;253;9679;9789;7.74;0.47;286.02;7.44;1007;27;3357.00;110
8677;27;623841564;8677;255;9679;9789;7.68;0.47;285.97;7.44;1002;27;3358.00;110
8678;27;623841575;8678;269;9679;9789;7.59;0.46;286.03;7.44;1001;27;3359.00;110
8680;27;623841589;8680;279;9702;9818;7.58;0.46;286.03;7.44;1022;27;3360.00;116
8685;27;623841603;8685;284;9702;9818;7.49;0.46;286.03;7.44;1017;27;3361.00;116
8687;27;623841615;8687;288;9705;9818;7.49;0.45;286.08;7.45;1018;27;3362.00;113
8690;27;623841627;8690;290;9708;9819;7.49;0.46;286.09;7.46;1018;27;3363.00;111
8692;27;623841639;8692;297;9710;9820;7.44;0.45;286.09;7.47;1018;27;3364.00;110
8694;27;623841652;8694;299;9710;9820;7.39;0.45;286.14;7.47;1016;27;3365.00;110
8695;27;623841664;8695;311;9712;9823;7.36;0.45;286.17;7.47;1017;27;3366.00;111
8697;27;623841676;8697;319;9714;9823;7.35;0.45;286.21;7.49;1017;27;3367.00;109
8697;27;623841687;8697;320;9715;9823;7.36;0.45;286.21;7.49;1018;27;3368.00;108
8699;27;623841698;8699;328;9717;9823;7.30;0.45;286.26;7.52;1018;27;3369.00;106
8703;27;623841709;8703;331;9723;9829;7.24;0.44;286.32;7.52;1020;27;3370.00;106
8704;27;623841722;8704;337;9724;9829;7.17;0.44;286.35;7.53;1020;27;3371.00;105
8708;27;623841733;8708;339;9724;9829;6.99;0.43;286.36;7.53;1016;27;3372.00;105
8709;27;623841744;8709;347;9726;9829;6.84;0.42;286.35;7.55;1017;27;3373.00;103
8713;27;623841755;8713;353;9729;9833;6.69;0.41;286.39;7.55;1016;27;3374.00;104
8717;27;623841767;8717;361;9734;9835;6.54;0.40;286.32;7.57;1017;27;3375.00;101
8718;27;623841778;8718;363;9734;9835;6.43;0.40;286.39;7.57;1016;27;3376.00;101
8719;27;623841789;8719;374;9735;9836;6.32;0.39;286.42;7.57;1016;27;3377.00;101
8724;27;623841799;8724;381;9737;9836;6.17;0.38;286.36;7.59;1013;27;3378.00;99
8728;27;623841811;8728;382;9738;9836;6.06;0.37;286.36;7.59;1010;27;3379.00;98
8733;27;623841822;8733;384;9740;9836;5.96;0.37;286.25;7.61;1007;27;3380.00;96
8734;27;623841833;8734;384;9740;9836;5.86;0.36;286.24;7.61;1006;27;3381.00;96
8735;27;623841844;8735;384;9740;9836;5.80;0.36;286.22;7.61;1005;27;3382.00;96
8738;27;623841854;8738;391;9743;9836;5.73;0.35;286.24;7.63;1005;27;3383.00;93
8741;27;623841865;8741;390;9776;9906;5.85;0.36;286.20;7.60;1035;27;3384.00;130
8741;27;623841881;8741;391;9777;9907;5.79;0.36;286.20;7.60;1036;27;3385.00;130
8744;27;623841892;8744;394;9788;9907;5.80;0.36;286.22;7.61;1044;27;3386.00;119
8745;27;623841903;8745;402;9796;9907;5.83;0.36;286.21;7.60;1051;27;3387.00;111
8746;27;623841913;8746;406;9802;9907;5.77;0.35;286.19;7.61;1056;27;3388.00;105
8748;27;623841923;8748;415;9803;9907;5.67;0.35;286.14;7.61;1055;27;3389.00;104
8749;27;623841936;8749;421;9807;9907;5.61;0.35;286.11;7.61;1058;27;3390.00;100
8752;27;623841946;8752;426;9809;9907;5.53;0.34;286.05;7.61;1057;27;3391.00;98
8758;27;623841956;8758;436;9810;9908;5.40;0.33;285.91;7.61;1052;27;3392.00;98
8761;27;623841967;8761;438;9812;9909;5.32;0.33;285.90;7.62;1051;27;3393.00;97
8764;27;623841978;8764;438;9814;9909;5.22;0.32;285.94;7.62;1050;27;3394.00;95
8770;27;623841988;8770;446;9821;9913;5.08;0.31;285.92;7.63;1051;27;3395.00;92
8771;27;623842000;8771;452;9823;9913;4.99;0.31;285.94;7.63;1052;27;3396.00;90
8774;27;623842009;8774;457;9823;9913;4.91;0.30;285.91;7.63;1049;27;3397.00;90
8777;27;623842019;8777;467;9824;9913;4.79;0.29;285.93;7.64;1047;27;3398.00;89
8779;27;623842029;8779;475;9829;9919;4.76;0.29;285.92;7.63;1050;27;3399.00;90
8782;27;623842041;8782;471;9829;9919;4.70;0.29;285.92;7.63;1047;27;3400.00;90
8788;27;623842055;8788;465;9830;9919;4.62;0.28;285.99;7.64;1042;27;3401.00;89
8790;27;623842067;8790;459;9833;9922;4.61;0.28;285.97;7.64;1043;27;3402.00;89
8792;27;623842077;8792;454;9834;9922;4.59;0.28;286.00;7.64;1042;27;3403.00;88
8794;27;623842087;8794;446;9834;9922;4.61;0.28;286.01;7.64;1040;27;3404.00;88
8795;27;623842097;8795;455;9834;9923;4.60;0.28;286.02;7.64;1039;27;3405.00;89
8796;27;623842107;8796;461;9835;9924;4.60;0.28;285.99;7.64;1039;27;3406.00;89
8801;27;623842117;8801;463;9835;9924;4.57;0.28;285.99;7.64;1034;27;3407.00;89
8805;27;623842127;8805;467;9845;9937;4.59;0.28;285.93;7.63;1040;27;3408.00;92
8807;27;623842138;8807;466;9846;9937;4.60;0.28;285.88;7.63;1039;27;3409.00;91
8812;27;623842149;8812;463;9846;9937;4.61;0.28;285.85;7.63;1034;27;3410.00;91
8813;27;623842160;8813;454;9847;9938;4.65;0.28;285.86;7.63;1034;27;3411.00;91
8816;27;623842170;8816;446;9847;9938;4.68;0.28;285.84;7.63;1031;27;3412.00;91
8820;27;623842181;8820;437;9851;9942;4.75;0.29;285.87;7.63;1031;27;3413.00;91
8823;27;623842192;8823;431;9851;9942;4.80;0.29;285.88;7.63;1028;27;3414.00;91
8824;27;623842203;8824;426;9854;9946;4.92;0.30;285.86;7.63;1030;27;3415.00;92
8828;27;623842214;8828;422;9855;9946;5.00;0.30;285.80;7.63;1027;27;3416.00;91
8832;27;623842225;8832;425;9855;9946;5.05;0.31;285.75;7.63;1023;27;3417.00;91
8836;27;623842236;8836;424;9855;9946;5.07;0.31;285.75;7.63;1019;27;3418.00;91
8838;27;623842247;8838;429;9856;9946;5.10;0.31;285.73;7.63;1018;27;3419.00;90
8841;27;623842260;8841;426;9883;9980;5.29;0.32;285.73;7.61;1042;27;3420.00;97
8842;27;623842299;8842;424;9883;9980;5.36;0.33;285.74;7.61;1041;27;3421.00;97
8846;27;623842316;8846;429;9885;9980;5.39;0.33;285.74;7.61;1039;27;3422.00;95
8849;27;623842334;8849;427;9885;9980;5.46;0.33;285.80;7.61;1036;27;3423.00;95
8851;27;623842352;8851;430;9886;9980;5.50;0.33;285.83;7.61;1035;27;3424.00;94
8855;27;623842369;8855;428;9886;9980;5.50;0.33;285.84;7.61;1031;27;3425.00;94
8856;27;623842384;8856;426;9886;9981;5.53;0.34;285.85;7.61;1030;27;3426.00;95
8860;27;623842398;8860;428;9886;9981;5.45;0.33;285.84;7.61;1026;27;3427.00;95
8861;27;623842411;8861;419;9891;9987;5.45;0.33;285.84;7.61;1030;27;3428.00;96
8863;27;623842425;8863;427;9892;9988;5.43;0.33;285.82;7.60;1029;27;3429.00;96
8866;27;623842445;8866;434;9892;9988;5.35;0.32;285.82;7.60;1026;27;3430.00;96
8867;27;623842458;8867;439;9892;9988;5.36;0.33;285.86;7.60;1025;27;3431.00;96
8870;27;623842471;8870;437;9895;9992;5.37;0.33;285.87;7.60;1025;27;3432.00;97
8875;27;623842484;8875;438;9895;9992;5.34;0.32;285.98;7.60;1020;27;3433.00;97
8876;27;623842497;8876;427;9895;9992;5.35;0.33;286.03;7.60;1019;27;3434.00;97
8879;27;623842509;8879;426;9896;9993;5.38;0.33;286.01;7.60;1017;27;3435.00;97
8882;27;623842520;8882;421;9899;9997;5.46;0.33;285.99;7.60;1017;27;3436.00;98
8885;27;623842533;8885;411;9899;9997;5.45;0.33;286.00;7.60;1014;27;3437.00;98
8890;27;623842545;8890;418;9901;10000;5.43;0.33;286.06;7.60;1011;27;3438.00;99
8892;27;623842557;8892;419;9901;10000;5.42;0.33;286.09;7.60;1009;27;3439.00;99
8895;27;623842569;8895;419;9902;10000;5.41;0.33;286.07;7.60;1007;27;3440.00;98
8899;27;623842581;8899;425;9902;10000;5.42;0.33;286.26;7.60;1003;27;3441.00;98
8901;27;623842594;8901;423;9906;10004;5.46;0.33;286.28;7.59;1005;27;3442.00;98
8905;27;623842606;8905;426;9907;10004;5.50;0.34;286.28;7.72;1002;27;3443.00;97
8910;27;623842619;8910;429;9907;10004;5.52;0.34;286.31;7.72;997;27;3444.00;97
8913;27;623842637;8913;425;9907;10004;5.57;0.34;286.37;7.72;994;27;3445.00;97
8916;27;623842650;8916;420;9907;10005;5.59;0.34;286.43;7.72;991;27;3446.00;98
8918;27;623842662;8918;402;9908;10006;5.69;0.35;286.43;7.72;990;27;3447.00;98
8920;27;623842674;8920;389;9908;10006;5.73;0.35;286.52;7.72;988;27;3448.00;98
8924;27;623842686;8924;378;9909;10007;5.79;0.35;286.55;7.72;985;27;3449.00;98
8927;27;623842700;8927;373;9909;10007;5.89;0.36;286.64;7.72;982;27;3450.00;98
8927;27;623842713;8927;367;9909;10007;5.97;0.36;286.64;7.72;982;27;3451.00;98
8930;27;623842725;8930;364;9909;10007;6.01;0.37;286.70;7.72;979;27;3452.00;98
8936;27;623842737;8936;366;9909;10007;5.99;0.36;286.75;7.72;973;27;3453.00;98
8937;27;623842749;8937;366;9909;10007;6.02;0.37;286.75;7.72;972;27;3454.00;98
8938;27;623842761;8938;367;9909;10007;6.04;0.37;286.76;7.72;971;27;3455.00;98
8940;27;623842779;8940;375;9981;10134;6.31;0.39;286.78;7.67;1041;27;3456.00;153
8942;27;623842803;8942;346;9983;10135;6.41;0.39;286.85;7.67;1041;27;3457.00;152
8944;27;623842816;8944;331;9990;10135;6.59;0.41;286.91;7.66;1046;27;3458.00;145
8945;27;623842830;8945;327;9991;10135;6.67;0.41;286.91;7.66;1046;27;3459.00;144
8947;27;623842843;8947;316;9996;10135;6.82;0.42;286.93;7.66;1049;27;3460.00;139
8948;27;623842856;8948;302;9999;10135;6.94;0.43;286.95;7.79;1051;27;3461.00;136
8949;27;623842871;8949;295;10002;10135;7.08;0.43;286.95;7.79;1053;27;3462.00;133
8952;27;623842884;8952;290;10005;10135;7.18;0.44;287.00;7.79;1053;27;3463.00;130
8953;27;623842898;8953;295;10007;10136;7.22;0.44;287.01;7.79;1054;27;3464.00;129
8956;27;623842918;8956;297;10011;10138;7.19;0.44;287.07;7.79;1055;27;3465.00;127
8959;27;623842932;8959;290;10014;10138;7.19;0.44;287.10;7.79;1055;27;3466.00;124
8959;27;623842953;8959;298;10015;10139;7.21;0.44;287.10;7.79;1056;27;3467.00;124
8961;27;623842966;8961;300;10020;10139;7.22;0.44;287.09;7.79;1059;27;3468.00;119
8965;27;623842981;8965;297;10023;10139;7.23;0.44;287.18;7.79;1058;27;3469.00;116
8965;27;623842995;8965;299;10024;10139;7.27;0.44;287.18;7.79;1059;27;3470.00;115
8970;27;623843009;8970;296;10029;10143;7.31;0.45;287.37;7.79;1059;27;3471.00;114
8971;27;623843023;8971;295;10030;10143;7.37;0.45;287.36;7.79;1059;27;3472.00;113
8975;27;623843038;8975;298;10031;10143;7.44;0.45;287.53;7.79;1056;27;3473.00;112
8977;27;623843052;8977;298;10034;10146;7.52;0.46;287.57;7.79;1057;27;3474.00;112
8978;27;623843067;8978;295;10034;10146;7.62;0.47;287.59;7.79;1056;27;3475.00;112
8979;27;623843080;8979;295;10034;10146;7.71;0.47;287.65;7.79;1055;27;3476.00;112
8982;27;623843094;8982;287;10037;10150;7.81;0.48;287.68;7.79;1055;27;3477.00;113
8985;27;623843108;8985;284;10040;10151;7.89;0.48;287.70;7.91;1055;27;3478.00;111
8990;27;623843129;8990;282;10041;10151;7.95;0.49;287.75;7.91;1051;27;3479.00;110
8993;27;623843145;8993;276;10045;10156;8.03;0.49;287.86;7.91;1052;27;3480.00;111
8995;27;623843160;8995;271;10047;10156;8.16;0.50;287.93;7.91;1052;27;3481.00;109
8998;27;623843174;8998;270;10047;10156;8.26;0.50;287.92;7.91;1049;27;3482.00;109
9002;27;623843188;9002;270;10048;10157;8.37;0.51;287.98;7.91;1046;27;3483.00;109
9004;27;623843203;9004;267;10048;10157;8.47;0.52;288.00;7.91;1044;27;3484.00;109
9009;27;623843218;9009;261;10053;10163;8.54;0.52;288.06;7.91;1044;27;3485.00;110
9010;27;623843233;9010;263;10053;10163;8.59;0.52;288.12;7.91;1043;27;3486.00;110
9015;27;623843248;9015;254;10053;10164;8.63;0.52;288.26;7.91;1038;27;3487.00;111
9020;27;623843264;9020;251;10053;10164;8.63;0.52;288.36;7.91;1033;27;3488.00;111
9022;27;623843279;9022;245;10053;10164;8.66;0.52;288.40;7.91;1031;27;3489.00;111
9028;27;623843294;9028;244;10053;10164;8.65;0.52;288.51;7.91;1025;27;3490.00;111
9029;27;623843309;9029;238;10053;10164;8.64;0.52;288.57;7.91;1024;27;3491.00;111
9030;27;623843323;9030;238;10063;10176;8.66;0.52;288.57;7.90;1033;27;3492.00;113
9035;27;623843337;9035;233;10063;10176;8.66;0.52;288.60;7.90;1028;27;3493.00;113
9038;27;623843350;9038;231;10064;10176;8.68;0.52;288.72;7.90;1026;27;3494.00;112
9040;27;623843364;9040;224;10064;10176;8.65;0.52;288.85;7.90;1024;27;3495.00;112
9042;27;623843378;9042;227;10064;10176;8.56;0.52;288.90;7.90;1022;27;3496.00;112
9044;27;623843391;9044;229;10064;10176;8.50;0.51;288.94;7.90;1020;27;3497.00;112
9048;27;623843405;9048;230;10067;10180;8.47;0.51;289.04;7.90;1019;27;3498.00;113
9051;27;623843418;9051;231;10067;10180;8.43;0.51;289.06;7.90;1016;27;3499.00;113
9054;27;623843432;9054;226;10071;10184;8.40;0.51;289.10;7.89;1017;27;3500.00;113
9058;27;623843456;9058;226;10072;10185;8.31;0.50;289.20;7.89;1014;27;3501.00;113
9059;27;623843470;9059;224;10072;10185;8.28;0.50;289.26;7.89;1013;27;3502.00;113
9061;27;623843483;9061;225;10072;10185;8.22;0.50;289.22;7.89;1011;27;3503.00;113
9063;27;623843495;9063;232;10083;10198;8.21;0.50;289.22;7.88;1020;27;3504.00;115
9067;27;623843509;9067;226;10084;10198;8.19;0.50;289.32;7.90;1017;27;3505.00;114
9070;27;623843523;9070;226;10085;10198;8.17;0.49;289.30;7.91;1015;27;3506.00;113
9076;27;623843536;9076;223;10086;10199;8.09;0.49;289.33;7.91;1010;27;3507.00;113
9078;27;623843549;9078;226;10086;10200;8.07;0.49;289.31;7.91;1008;27;3508.00;114
9085;27;623843561;9085;218;10086;10200;8.06;0.49;289.34;7.91;1001;27;3509.00;114
9087;27;623843576;9087;221;10090;10206;8.10;0.49;289.36;7.90;1003;27;3510.00;116
9090;27;623843589;9090;217;10091;10206;8.12;0.49;289.36;7.90;1001;27;3511.00;115
9092;27;623843602;9092;216;10092;10206;8.17;0.49;289.39;7.90;1000;27;3512.00;114
9096;27;623843614;9096;218;10092;10206;8.15;0.49;289.40;7.90;996;27;3513.00;114
9099;27;623843627;9099;221;10097;10212;8.17;0.49;289.40;7.90;998;27;3514.00;115
9101;27;623843640;9101;219;10098;10212;8.14;0.49;289.42;8.02;997;27;3515.00;114
9102;27;623843653;9102;220;10098;10212;8.11;0.49;289.48;8.02;996;27;3516.00;114
9104;27;623843665;9104;215;10098;10212;8.07;0.49;289.54;8.02;994;27;3517.00;114
9108;27;623843676;9108;215;10101;10216;8.01;0.49;289.55;8.02;993;27;3518.00;115
9109;27;623843688;9109;220;10104;10219;7.96;0.48;289.55;8.01;995;27;3519.00;115
9112;27;623843701;9112;230;10104;10219;7.89;0.48;289.69;8.01;992;27;3520.00;115
9116;27;623843712;9116;234;10106;10220;7.84;0.48;289.76;8.02;990;27;3521.00;114
9117;27;623843725;9117;241;10106;10220;7.80;0.47;289.80;8.02;989;27;3522.00;114
9123;27;623843736;9123;245;10106;10220;7.73;0.47;289.93;8.02;983;27;3523.00;114
9124;27;623843748;9124;253;10106;10220;7.67;0.47;289.93;8.02;982;27;3524.00;114
9128;27;623843759;9128;263;10107;10220;7.59;0.46;289.93;8.03;979;27;3525.00;113
9129;27;623843770;9129;269;10107;10220;7.53;0.46;289.95;8.03;978;27;3526.00;113
9130;27;623843782;9130;276;10107;10220;7.43;0.45;290.00;8.03;977;27;3527.00;113
9132;27;623843793;9132;290;10141;10290;7.53;0.46;289.99;8.01;1009;27;3528.00;149
9132;27;623843810;9132;300;10142;10291;7.47;0.45;289.99;8.02;1010;27;3529.00;149
9133;27;623843822;9133;306;10150;10291;7.47;0.45;289.97;8.01;1017;27;3530.00;141
9134;27;623843834;9134;313;10155;10291;7.33;0.45;289.95;8.03;1021;27;3531.00;136
9135;27;623843846;9135;312;10159;10291;7.18;0.44;289.95;8.03;1024;27;3532.00;132
9138;27;623843859;9138;327;10162;10291;7.08;0.43;290.04;8.04;1024;27;3533.00;129
9140;27;623843870;9140;330;10165;10291;6.97;0.42;290.02;8.05;1025;27;3534.00;126
9143;27;623843882;9143;339;10168;10291;6.89;0.42;289.97;8.06;1025;27;3535.00;123
9145;27;623843893;9145;343;10170;10292;6.84;0.42;289.95;8.06;1025;27;3536.00;122
9146;27;623843910;9146;343;10173;10293;6.83;0.42;289.92;8.08;1027;27;3537.00;120
9147;27;623843921;9147;352;10176;10293;6.76;0.41;289.89;8.09;1029;27;3538.00;117
9149;27;623843933;9149;357;10182;10297;6.70;0.41;289.85;8.10;1033;27;3539.00;115
9150;27;623843946;9150;363;10184;10297;6.64;0.41;289.86;8.10;1034;27;3540.00;113
9151;27;623843957;9151;369;10185;10297;6.53;0.40;289.83;8.10;1034;27;3541.00;112
9155;27;623843969;9155;373;10189;10297;6.43;0.39;289.75;8.13;1034;27;3542.00;108
9157;27;623843980;9157;379;10195;10303;6.41;0.39;289.73;8.14;1038;27;3543.00;108
9160;27;623843992;9160;388;10196;10303;6.31;0.39;289.78;8.14;1036;27;3544.00;107
9162;27;623844003;9162;397;10200;10303;6.26;0.38;289.74;8.17;1038;27;3545.00;103
9162;27;623844014;9162;402;10202;10306;6.19;0.38;289.74;8.17;1040;27;3546.00;104
9167;27;623844025;9167;412;10204;10306;6.04;0.37;289.88;8.18;1037;27;3547.00;102
9167;27;623844036;9167;424;10205;10306;5.96;0.37;289.88;8.18;1038;27;3548.00;101
9169;27;623844046;9169;424;10207;10307;5.84;0.36;289.84;8.19;1038;27;3549.00;100
9170;27;623844057;9170;426;10208;10308;5.72;0.35;289.81;8.19;1038;27;3550.00;100
9170;27;623844067;9170;427;10210;10308;5.63;0.35;289.81;8.20;1040;27;3551.00;98
9170;27;623844077;9170;427;10220;10321;5.58;0.34;289.81;8.19;1050;27;3552.00;101
9175;27;623844088;9175;427;10221;10321;5.51;0.34;289.76;8.20;1046;27;3553.00;100
9176;27;623844100;9176;433;10224;10321;5.44;0.33;289.75;8.21;1048;27;3554.00;97
9176;27;623844110;9176;431;10226;10323;5.39;0.33;289.75;8.21;1050;27;3555.00;97
9178;27;623844120;9178;436;10227;10323;5.36;0.33;289.70;8.22;1049;27;3556.00;96
9179;27;623844131;9179;440;10232;10327;5.37;0.33;289.68;8.22;1053;27;3557.00;95
9182;27;623844141;9182;443;10232;10327;5.31;0.32;289.61;8.22;1050;27;3558.00;95
9182;27;623844152;9182;441;10237;10331;5.27;0.32;289.61;8.23;1055;27;3559.00;94
9182;27;623844162;9182;447;10237;10331;5.21;0.32;289.61;8.23;1055;27;3560.00;94
9182;27;623844172;9182;454;10238;10331;5.13;0.31;289.61;8.24;1056;27;3561.00;93
9186;27;623844182;9186;456;10239;10331;5.00;0.30;289.57;8.24;1053;27;3562.00;92
9189;27;623844192;9189;451;10239;10331;4.89;0.30;289.60;8.24;1050;27;3563.00;92
9191;27;623844202;9191;447;10250;10343;4.89;0.30;289.59;8.24;1059;27;3564.00;93
9194;27;623844213;9194;442;10250;10343;4.84;0.29;289.58;8.24;1056;27;3565.00;93
9199;27;623844224;9199;439;10253;10343;4.80;0.29;289.54;8.25;1054;27;3566.00;90
9200;27;623844234;9200;442;10254;10343;4.83;0.29;289.54;8.25;1054;27;3567.00;89
9202;27;623844244;9202;443;10254;10343;4.82;0.29;289.60;8.25;1052;27;3568.00;89
9204;27;623844261;9204;447;10256;10343;4.83;0.29;289.60;8.26;1052;27;3569.00;87
9207;27;623844277;9207;441;10256;10344;4.84;0.30;289.64;8.26;1049;27;3570.00;88
9211;27;623844296;9211;435;10256;10344;4.84;0.30;289.61;8.26;1045;27;3571.00;88
9212;27;623844312;9212;430;10263;10350;4.91;0.30;289.63;8.26;1051;27;3572.00;87
9214;27;623844329;9214;432;10263;10351;4.88;0.30;289.64;8.26;1049;27;3573.00;88
9215;27;623844346;9215;433;10266;10351;4.89;0.30;289.65;8.26;1051;27;3574.00;85
9217;27;623844362;9217;434;10266;10351;4.93;0.30;289.64;8.26;1049;27;3575.00;85
9219;27;623844376;9219;435;10271;10355;5.00;0.31;289.66;8.26;1052;27;3576.00;84
9221;27;623844389;9221;427;10271;10355;5.08;0.31;289.68;8.26;1050;27;3577.00;84
9223;27;623844401;9223;431;10271;10355;5.15;0.32;289.66;8.26;1048;27;3578.00;84
9225;27;623844412;9225;425;10272;10356;5.25;0.32;289.68;8.26;1047;27;3579.00;84
9227;27;623844424;9227;420;10275;10360;5.33;0.33;289.68;8.25;1048;27;3580.00;85
9230;27;623844437;9230;416;10275;10360;5.34;0.33;289.69;8.25;1045;27;3581.00;85
9234;27;623844449;9234;409;10277;10363;5.33;0.33;289.68;8.25;1043;27;3582.00;86
9236;27;623844462;9236;413;10278;10363;5.35;0.33;289.67;8.25;1042;27;3583.00;85
9239;27;623844475;9239;418;10278;10363;5.34;0.33;289.80;8.25;1039;27;3584.00;85
9241;27;623844487;9241;415;10278;10363;5.35;0.33;289.80;8.25;1037;27;3585.00;85
9245;27;623844499;9245;410;10282;10367;5.41;0.33;289.80;8.25;1037;27;3586.00;85
9247;27;623844511;9247;410;10282;10367;5.47;0.33;289.77;8.25;1035;27;3587.00;85
9250;27;623844523;9250;410;10282;10367;5.46;0.33;289.76;8.25;1032;27;3588.00;85
9253;27;623844534;9253;409;10282;10367;5.50;0.33;289.74;8.25;1029;27;3589.00;85
9256;27;623844545;9256;412;10282;10368;5.52;0.34;289.77;8.25;1026;27;3590.00;86
9259;27;623844557;9259;408;10283;10369;5.54;0.34;289.81;8.25;1024;27;3591.00;86
9262;27;623844569;9262;407;10283;10369;5.53;0.34;289.80;8.25;1021;27;3592.00;86
9264;27;623844580;9264;407;10284;10370;5.60;0.34;289.86;8.25;1020;27;3593.00;86
9269;27;623844593;9269;413;10284;10370;5.56;0.34;289.97;8.25;1015;27;3594.00;86
9272;27;623844604;9272;403;10284;10370;5.51;0.34;290.02;8.25;1012;27;3595.00;86
9276;27;623844616;9276;406;10284;10370;5.53;0.34;290.04;8.25;1008;27;3596.00;86
9281;27;623844628;9281;401;10284;10370;5.56;0.34;290.13;8.25;1003;27;3597.00;86
9286;27;623844640;9286;402;10284;10370;5.52;0.34;290.21;8.25;998;27;3598.00;86
9290;27;623844652;9290;393;10284;10370;5.53;0.34;290.21;8.25;994;27;3599.00;86
9294;27;623844667;9294;423;10397;10623;5.92;0.37;290.25;8.16;1103;27;3600.00;226
9297;27;623844704;9297;408;10403;10624;5.89;0.37;290.26;8.15;1106;27;3601.00;221
9300;27;623844716;9300;399;10415;10624;5.94;0.37;290.28;8.15;1115;27;3602.00;209
9305;27;623844729;9305;395;10426;10624;5.91;0.37;290.39;8.27;1121;27;3603.00;198
9307;27;623844744;9307;397;10432;10624;5.95;0.37;290.39;8.26;1125;27;3604.00;192
9310;27;623844756;9310;385;10438;10624;5.93;0.37;290.42;8.26;1128;27;3605.00;186
9312;27;623844769;9312;391;10443;10624;5.91;0.37;290.45;8.26;1131;27;3606.00;181
9318;27;623844782;9318;377;10449;10624;5.89;0.37;290.47;8.26;1131;27;3607.00;175
9320;27;623844802;9320;388;10457;10625;5.90;0.37;290.47;8.26;1137;27;3608.00;168
9326;27;623844816;9326;398;10462;10626;5.80;0.36;290.53;8.26;1136;27;3609.00;164
9329;27;623844829;9329;396;10466;10626;5.75;0.36;290.58;8.26;1137;27;3610.00;160
9333;27;623844843;9333;396;10470;10627;5.70;0.35;290.62;8.26;1137;27;3611.00;157
9336;27;623844856;9336;405;10473;10627;5.64;0.35;290.69;8.26;1137;27;3612.00;154
9338;27;623844869;9338;401;10474;10627;5.63;0.35;290.71;8.26;1136;27;3613.00;153
9342;27;623844883;9342;409;10477;10627;5.60;0.35;290.72;8.27;1135;27;3614.00;150
9345;27;623844896;9345;413;10481;10631;5.62;0.35;290.73;8.26;1136;27;3615.00;150
9350;27;623844911;9350;411;10484;10631;5.65;0.35;290.86;8.39;1134;27;3616.00;147
9355;27;623844926;9355;402;10487;10631;5.65;0.35;290.87;8.39;1132;27;3617.00;144
9359;27;623844940;9359;395;10490;10634;5.67;0.35;290.87;8.39;1131;27;3618.00;144
9360;27;623844954;9360;402;10492;10634;5.76;0.36;290.87;8.39;1132;27;3619.00;142
9363;27;623844968;9363;400;10493;10634;5.80;0.36;290.94;8.51;1130;27;3620.00;141
9366;27;623844982;9366;406;10497;10638;5.85;0.36;291.01;8.51;1131;27;3621.00;141
9371;28;623844998;9371;416;10500;10639;5.90;0.36;290.99;8.51;1129;28;3622.00;139
9372;28;623845026;9372;409;10500;10639;5.96;0.37;291.02;8.51;1128;28;3623.00;139
9376;28;623845041;9376;412;10502;10643;5.97;0.37;291.13;8.51;1126;28;3624.00;141
9378;28;623845061;9378;415;10504;10643;5.99;0.37;291.16;8.51;1126;28;3625.00;139
9382;28;623845075;9382;406;10504;10643;6.04;0.37;291.19;8.51;1122;28;3626.00;139
9386;28;623845089;9386;390;10504;10644;6.10;0.37;291.27;8.51;1118;28;3627.00;140
9389;28;623845110;9389;381;10506;10644;6.20;0.38;291.35;8.52;1117;28;3628.00;138
9391;28;623845130;9391;369;10511;10650;6.36;0.39;291.40;8.63;1120;28;3629.00;139
9395;28;623845147;9395;358;10513;10650;6.42;0.39;291.38;8.63;1118;28;3630.00;137
9399;28;623845163;9399;348;10514;10651;6.53;0.40;291.47;8.63;1115;28;3631.00;137
9400;28;623845178;9400;337;10516;10651;6.65;0.41;291.48;8.64;1116;28;3632.00;135
9403;28;623845193;9403;340;10516;10651;6.72;0.41;291.52;8.64;1113;28;3633.00;135
9405;28;623845214;9405;331;10518;10651;6.81;0.42;291.57;8.76;1113;28;3634.00;133
9408;28;623845229;9408;337;10521;10651;6.88;0.42;291.60;8.76;1113;28;3635.00;130
9410;28;623845245;9410;334;10529;10663;6.96;0.43;291.63;8.75;1119;28;3636.00;134
9413;28;623845263;9413;335;10530;10663;7.00;0.43;291.70;8.75;1117;28;3637.00;133
9417;28;623845279;9417;328;10531;10663;7.07;0.43;291.88;8.75;1114;28;3638.00;132
9418;28;623845293;9418;333;10533;10663;7.07;0.43;291.92;8.76;1115;28;3639.00;130
9422;28;623845315;9422;329;10533;10663;7.10;0.43;291.99;8.76;1111;28;3640.00;130
9426;28;623845329;9426;326;10534;10663;7.10;0.43;292.03;8.75;1108;28;3641.00;129
9429;28;623845344;9429;324;10537;10667;7.11;0.44;292.06;8.75;1108;28;3642.00;130
9432;28;623845360;9432;312;10537;10667;7.14;0.44;292.16;8.75;1105;28;3643.00;130
9432;28;623845375;9432;317;10542;10671;7.27;0.45;292.16;8.87;1110;28;3644.00;129
9437;28;623845389;9437;320;10544;10673;7.33;0.45;292.27;8.87;1107;28;3645.00;129
9442;28;623845404;9442;313;10544;10673;7.37;0.45;292.30;8.87;1102;28;3646.00;129
9444;28;623845419;9444;310;10544;10673;7.41;0.45;292.30;8.87;1100;28;3647.00;129
9445;28;623845432;9445;306;10554;10686;7.50;0.46;292.32;8.97;1109;28;3648.00;132
9449;28;623845447;9449;309;10554;10686;7.49;0.46;292.38;8.97;1105;28;3649.00;132
9450;28;623845461;9450;309;10554;10686;7.55;0.46;292.39;8.97;1104;28;3650.00;132
9455;28;623845475;9455;310;10555;10687;7.60;0.46;292.43;8.97;1100;28;3651.00;132
9458;28;623845489;9458;304;10555;10688;7.58;0.46;292.48;8.97;1097;28;3652.00;133
9461;28;623845502;9461;309;10555;10688;7.57;0.46;292.54;8.97;1094;28;3653.00;133
9463;28;623845516;9463;313;10557;10691;7.55;0.46;292.52;8.97;1094;28;3654.00;134
9466;28;623845529;9466;312;10557;10691;7.50;0.46;292.49;8.97;1091;28;3655.00;134
9469;28;623845542;9469;312;10559;10691;7.45;0.45;292.49;9.08;1090;28;3656.00;132
9473;28;623845556;9473;308;10559;10691;7.46;0.46;292.54;9.08;1086;28;3657.00;132
9478;28;623845569;9478;314;10564;10697;7.41;0.45;292.61;9.08;1086;28;3658.00;133
9480;28;623845583;9480;311;10564;10697;7.44;0.45;292.62;9.08;1084;28;3659.00;133
9483;28;623845599;9483;308;10565;10697;7.51;0.46;292.72;9.18;1082;28;3660.00;132
9485;28;623845612;9485;306;10565;10697;7.47;0.45;292.72;9.18;1080;28;3661.00;132
9486;28;623845625;9486;314;10567;10701;7.44;0.45;292.71;9.18;1081;28;3662.00;134
9490;28;623845638;9490;307;10569;10702;7.40;0.45;292.76;9.18;1079;28;3663.00;133
9494;28;623845652;9494;313;10569;10702;7.37;0.45;292.88;9.18;1075;28;3664.00;133
9498;28;623845666;9498;315;10570;10703;7.37;0.45;292.86;9.18;1072;28;3665.00;133
9500;28;623845679;9500;319;10570;10703;7.31;0.44;292.97;9.18;1070;28;3666.00;133
9502;28;623845692;9502;316;10570;10703;7.30;0.44;292.98;9.18;1068;28;3667.00;133
9505;28;623845704;9505;321;10570;10703;7.27;0.44;293.02;9.18;1065;28;3668.00;133
9509;28;623845718;9509;322;10571;10703;7.25;0.44;293.15;9.19;1062;28;3669.00;132
9510;28;623845730;9510;320;10571;10703;7.19;0.44;293.22;9.19;1061;28;3670.00;132
9514;28;623845743;9514;319;10572;10703;7.09;0.43;293.31;9.29;1058;28;3671.00;131
9514;28;623845755;9514;326;10603;10773;7.09;0.43;293.31;9.27;1089;28;3672.00;170
9518;29;623845773;9518;323;10605;10774;7.05;0.43;293.34;9.27;1087;29;3673.00;169
9521;29;623845805;9521;319;10610;10774;7.08;0.43;293.38;9.26;1089;29;3674.00;164
9525;29;623845818;9525;321;10618;10774;7.05;0.43;293.39;9.28;1093;29;3675.00;156
9528;29;623845832;9528;316;10620;10774;7.01;0.43;293.40;9.28;1092;29;3676.00;154
9531;29;623845845;9531;308;10624;10774;6.94;0.42;293.40;9.28;1093;29;3677.00;150
9532;29;623845859;9532;312;10626;10774;6.97;0.42;293.43;9.28;1094;29;3678.00;148
9535;29;623845872;9535;304;10628;10774;7.03;0.43;293.43;9.28;1093;29;3679.00;146
9539;29;623845886;9539;302;10630;10775;7.04;0.43;293.55;9.28;1091;29;3680.00;145
9542;29;623845900;9542;302;10632;10776;7.04;0.43;293.65;9.28;1090;29;3681.00;144
9545;29;623845913;9545;300;10635;10776;7.05;0.43;293.69;9.39;1090;29;3682.00;141
9550;29;623845926;9550;301;10640;10780;7.00;0.42;293.70;9.39;1090;29;3683.00;140
9553;29;623845940;9553;303;10641;10780;6.98;0.42;293.69;9.38;1088;29;3684.00;139
9556;29;623845953;9556;306;10641;10780;6.98;0.42;293.73;9.38;1085;29;3685.00;139
9558;29;623845965;9558;312;10642;10780;6.98;0.42;293.77;9.49;1084;29;3686.00;138
9561;29;623845978;9561;317;10646;10786;6.99;0.42;293.86;9.49;1085;29;3687.00;140
9562;29;623845991;9562;325;10647;10786;6.90;0.42;293.84;9.50;1085;29;3688.00;139
9563;29;623846003;9563;329;10647;10786;6.85;0.42;293.86;9.50;1084;29;3689.00;139
9566;29;623846017;9566;334;10652;10792;6.83;0.42;293.87;9.50;1086;29;3690.00;140
9569;29;623846030;9569;342;10654;10792;6.72;0.41;293.89;9.50;1085;29;3691.00;138
9572;29;623846042;9572;345;10656;10792;6.67;0.41;293.86;9.50;1084;29;3692.00;136
9577;29;623846054;9577;357;10657;10793;6.57;0.40;293.89;9.51;1080;29;3693.00;136
9579;29;623846066;9579;362;10658;10794;6.54;0.40;293.92;9.51;1079;29;3694.00;136
9582;29;623846078;9582;367;10661;10794;6.48;0.39;293.92;9.52;1079;29;3695.00;133
9585;29;623846090;9585;380;10670;10807;6.46;0.39;293.89;9.51;1085;29;3696.00;137
9589;29;623846103;9589;384;10672;10807;6.39;0.39;293.83;9.52;1083;29;3697.00;135
9589;29;623846115;9589;393;10673;10807;6.38;0.39;293.83;9.53;1084;29;3698.00;134
9590;29;623846126;9590;401;10674;10808;6.38;0.39;293.84;9.53;1084;29;3699.00;134
9594;29;623846138;9594;412;10677;10808;6.31;0.38;293.81;9.55;1083;29;3700.00;131
9595;29;623846153;9595;417;10681;10812;6.30;0.38;293.80;9.55;1086;29;3701.00;131
9599;29;623846165;9599;419;10682;10812;6.21;0.38;293.75;9.56;1083;29;3702.00;130
9602;29;623846177;9602;427;10687;10816;6.15;0.37;293.79;9.58;1085;29;3703.00;129
9605;29;623846189;9605;434;10687;10816;6.07;0.37;293.77;9.58;1082;29;3704.00;129
9606;29;623846200;9606;437;10690;10816;6.05;0.37;293.75;9.60;1084;29;3705.00;126
9610;29;623846211;9610;442;10690;10816;5.94;0.36;293.74;9.60;1080;29;3706.00;126
9614;29;623846229;9614;446;10692;10816;5.85;0.36;293.77;9.62;1078;29;3707.00;124
9616;29;623846240;9616;445;10702;10828;5.82;0.35;293.75;9.61;1086;29;3708.00;126
9617;29;623846252;9617;451;10704;10828;5.75;0.35;293.72;9.62;1087;29;3709.00;124
9619;29;623846264;9619;464;10706;10828;5.66;0.34;293.69;9.64;1087;29;3710.00;122
9623;29;623846280;9623;469;10707;10828;5.59;0.34;293.63;9.65;1084;29;3711.00;121
9623;29;623846300;9623;474;10707;10828;5.56;0.34;293.63;9.65;1084;29;3712.00;121
9624;29;623846320;9624;481;10708;10828;5.51;0.34;293.61;9.66;1084;29;3713.00;120
9624;29;623846337;9624;481;10713;10829;5.44;0.33;293.61;9.69;1089;29;3714.00;116
9624;29;623846354;9624;468;10714;10829;5.39;0.33;293.61;9.70;1090;29;3715.00;115
9625;29;623846372;9625;465;10722;10835;5.38;0.33;293.61;9.72;1097;29;3716.00;113
9629;29;623846386;9629;458;10725;10836;5.42;0.33;293.72;9.72;1096;29;3717.00;111
9629;29;623846400;9629;460;10725;10836;5.43;0.33;293.72;9.72;1096;29;3718.00;111
9633;29;623846413;9633;459;10728;10836;5.40;0.33;293.66;9.74;1095;29;3719.00;108
9635;29;623846428;9635;449;10733;10841;5.46;0.34;293.63;9.74;1098;29;3720.00;108
9637;29;623846441;9637;443;10734;10841;5.49;0.34;293.62;9.75;1097;29;3721.00;107
9637;29;623846454;9637;438;10735;10841;5.53;0.34;293.62;9.75;1098;29;3722.00;106
9640;29;623846468;9640;435;10737;10842;5.59;0.34;293.60;9.76;1097;29;3723.00;105
9642;29;623846481;9642;432;10740;10846;5.67;0.35;293.58;9.75;1098;29;3724.00;106
9642;29;623846493;9642;434;10740;10846;5.68;0.35;293.58;9.75;1098;29;3725.00;106
9644;29;623846505;9644;423;10743;10849;5.80;0.35;293.56;9.76;1099;29;3726.00;106
9648;29;623846524;9648;427;10744;10849;5.83;0.36;293.49;9.76;1096;29;3727.00;105
9649;29;623846537;9649;424;10744;10849;5.82;0.35;293.48;9.76;1095;29;3728.00;105
9651;29;623846549;9651;429;10745;10849;5.79;0.35;293.44;9.77;1094;29;3729.00;104
9652;29;623846561;9652;437;10750;10853;5.82;0.35;293.42;9.77;1098;29;3730.00;103
9654;29;623846573;9654;436;10750;10853;5.78;0.35;293.40;9.77;1096;29;3731.00;103
9659;29;623846585;9659;438;10751;10853;5.69;0.35;293.36;9.78;1092;29;3732.00;102
9661;29;623846597;9661;436;10753;10853;5.64;0.34;293.35;9.79;1092;29;3733.00;100
9663;29;623846609;9663;433;10753;10854;5.57;0.34;293.42;9.79;1090;29;3734.00;101
9665;29;623846620;9665;431;10756;10856;5.55;0.34;293.43;9.80;1091;29;3735.00;100
9666;29;623846632;9666;428;10756;10856;5.52;0.34;293.42;9.80;1090;29;3736.00;100
9670;29;623846644;9670;432;10758;10857;5.48;0.33;293.38;9.80;1088;29;3737.00;99
9674;29;623846656;9674;436;10759;10857;5.41;0.33;293.36;9.81;1085;29;3738.00;98
9679;29;623846667;9679;440;10760;10857;5.34;0.33;293.43;9.92;1081;29;3739.00;97
9683;29;623846679;9683;430;10761;10857;5.27;0.32;293.43;9.93;1078;29;3740.00;96
9686;29;623846691;9686;435;10762;10857;5.20;0.32;293.48;9.93;1076;29;3741.00;95
9688;29;623846703;9688;431;10762;10857;5.21;0.32;293.53;9.93;1074;29;3742.00;95
9691;29;623846714;9691;432;10763;10857;5.16;0.31;293.54;9.94;1072;29;3743.00;94
9695;29;623846726;9695;440;10824;10984;5.45;0.34;293.56;9.89;1129;29;3744.00;160
9700;29;623846747;9700;431;10826;10985;5.49;0.34;293.69;9.88;1126;29;3745.00;159
9702;29;623846760;9702;423;10837;10985;5.57;0.34;293.73;9.88;1135;29;3746.00;148
9707;29;623846772;9707;423;10842;10985;5.57;0.34;293.79;9.88;1135;29;3747.00;143
9709;29;623846784;9709;420;10849;10985;5.63;0.35;293.79;9.88;1140;29;3748.00;136
9710;29;623846796;9710;412;10851;10985;5.70;0.35;293.83;9.88;1141;29;3749.00;134
9713;29;623846812;9713;411;10856;10990;5.68;0.35;293.87;9.87;1143;29;3750.00;134
9714;29;623846825;9714;409;10859;10990;5.72;0.35;293.88;9.88;1145;29;3751.00;131
9718;29;623846838;9718;403;10861;10991;5.74;0.35;293.88;9.88;1143;29;3752.00;130
9720;29;623846851;9720;411;10864;10992;5.83;0.36;293.90;9.88;1144;29;3753.00;128
9723;29;623846864;9723;411;10867;10992;5.86;0.36;293.98;9.88;1144;29;3754.00;125
9727;29;623846878;9727;416;10868;10993;5.88;0.36;293.95;9.88;1141;29;3755.00;125
9728;29;623846891;9728;425;10874;10993;5.86;0.36;293.96;9.88;1146;29;3756.00;119
9734;29;623846911;9734;428;10876;10993;5.76;0.35;294.07;9.88;1142;29;3757.00;117
9737;29;623846925;9737;421;10877;10993;5.78;0.36;294.03;9.88;1140;29;3758.00;116
9743;29;623846947;9743;419;10881;10997;5.77;0.35;294.08;9.88;1138;29;3759.00;116
9745;29;623846961;9745;425;10883;10997;5.77;0.35;294.09;9.88;1138;29;3760.00;114
9750;29;623846976;9750;422;10885;10997;5.74;0.35;294.21;9.88;1135;29;3761.00;112
9755;29;623846990;9755;418;10888;11000;5.66;0.35;294.22;9.88;1133;29;3762.00;112
9758;29;623847004;9758;412;10889;11000;5.69;0.35;294.19;9.88;1131;29;3763.00;111
9760;29;623847017;9760;408;10891;11000;5.72;0.35;294.20;9.88;1131;29;3764.00;109
9763;29;623847030;9763;410;10896;11004;5.75;0.35;294.19;9.88;1133;29;3765.00;108
9767;29;623847045;9767;406;10898;11005;5.76;0.35;294.17;9.88;1131;29;3766.00;107
9770;29;623847059;9770;411;10899;11005;5.74;0.35;294.16;9.88;1129;29;3767.00;106
9772;29;623847072;9772;410;10903;11009;5.76;0.35;294.18;9.99;1131;29;3768.00;106
9776;29;623847085;9776;412;10905;11009;5.72;0.35;294.17;9.99;1129;29;3769.00;104
9780;29;623847100;9780;406;10906;11009;5.71;0.35;294.18;9.99;1126;29;3770.00;103
9782;29;623847113;9782;403;10907;11010;5.69;0.35;294.19;9.99;1125;29;3771.00;103
9786;29;623847127;9786;410;10907;11010;5.64;0.34;294.22;9.99;1121;29;3772.00;103
9790;29;623847140;9790;411;10912;11016;5.65;0.34;294.26;9.99;1122;29;3773.00;104
9795;29;623847154;9795;413;10913;11016;5.67;0.35;294.31;9.99;1118;29;3774.00;103
9798;29;623847167;9798;410;10913;11017;5.70;0.35;294.31;9.99;1115;29;3775.00;104
9799;29;623847180;9799;418;10913;11017;5.76;0.35;294.31;9.99;1114;29;3776.00;104
9802;29;623847193;9802;415;10913;11017;5.77;0.35;294.33;9.99;1111;29;3777.00;104
9804;29;623847206;9804;417;10913;11017;5.76;0.35;294.38;9.99;1109;29;3778.00;104
9807;29;623847220;9807;424;10913;11017;5.74;0.35;294.46;9.99;1106;29;3779.00;104
9809;29;623847234;9809;426;10939;11053;5.88;0.36;294.45;9.97;1130;29;3780.00;114
9812;29;623847251;9812;422;10940;11053;5.82;0.36;294.53;9.97;1128;29;3781.00;113
9816;29;623847264;9816;421;10943;11053;5.83;0.36;294.56;9.97;1127;29;3782.00;110
9819;29;623847279;9819;421;10943;11053;5.82;0.36;294.53;9.97;1124;29;3783.00;110
9824;29;623847292;9824;421;10944;11053;5.82;0.36;294.66;9.97;1120;29;3784.00;109
9825;29;623847305;9825;424;10944;11053;5.86;0.36;294.68;9.97;1119;29;3785.00;109
9834;29;623847319;9834;426;10950;11057;5.81;0.35;294.81;10.08;1116;29;3786.00;107
9838;29;623847332;9838;408;10950;11057;5.82;0.36;294.96;10.08;1112;29;3787.00;107
9840;29;623847345;9840;398;10954;11061;5.93;0.36;294.97;10.08;1114;29;3788.00;107
9844;29;623847358;9844;394;10955;11062;6.01;0.37;295.06;10.07;1111;29;3789.00;107
9846;29;623847371;9846;387;10955;11062;6.03;0.37;295.14;10.07;1109;29;3790.00;107
9850;29;623847384;9850;383;10955;11062;6.05;0.37;295.15;10.07;1105;29;3791.00;107
9855;29;623847397;9855;387;10963;11075;6.14;0.37;295.15;10.07;1108;29;3792.00;112
9857;29;623847411;9857;384;10965;11075;6.16;0.38;295.16;10.07;1108;29;3793.00;110
9859;29;623847424;9859;388;10965;11075;6.18;0.38;295.15;10.07;1106;29;3794.00;110
9861;29;623847436;9861;387;10966;11076;6.17;0.38;295.24;10.06;1105;29;3795.00;110
9864;29;623847455;9864;374;10967;11077;6.17;0.38;295.27;10.06;1103;29;3796.00;110
9865;29;623847474;9865;370;10967;11077;6.20;0.38;295.26;10.06;1102;29;3797.00;110
9868;29;623847488;9868;360;10969;11080;6.25;0.38;295.33;10.06;1101;29;3798.00;111
9870;29;623847501;9870;357;10969;11080;6.29;0.38;295.32;10.06;1099;29;3799.00;111
9873;29;623847516;9873;348;10970;11080;6.37;0.39;295.37;10.06;1097;29;3800.00;110
9874;29;623847533;9874;338;10970;11080;6.44;0.39;295.41;10.06;1096;29;3801.00;110
9876;29;623847547;9876;335;10976;11086;6.47;0.39;295.44;10.17;1100;29;3802.00;110
9880;29;623847560;9880;333;10976;11086;6.48;0.39;295.57;10.17;1096;29;3803.00;110
9883;29;623847574;9883;330;10976;11086;6.47;0.39;295.66;10.17;1093;29;3804.00;110
9885;29;623847587;9885;338;10976;11086;6.47;0.39;295.67;10.17;1091;29;3805.00;110
9886;29;623847601;9886;340;10979;11090;6.45;0.39;295.74;10.17;1093;29;3806.00;111
9888;29;623847614;9888;336;10980;11091;6.43;0.39;295.82;10.17;1092;29;3807.00;111
9891;29;623847628;9891;331;10980;11091;6.45;0.39;295.90;10.17;1089;29;3808.00;111
9894;29;623847641;9894;338;10981;11092;6.48;0.39;295.86;10.17;1087;29;3809.00;111
9896;29;623847656;9896;334;10981;11092;6.55;0.40;295.87;10.17;1085;29;3810.00;111
9897;29;623847669;9897;334;10981;11092;6.62;0.40;295.95;10.17;1084;29;3811.00;111
9899;29;623847682;9899;331;10981;11092;6.66;0.41;295.99;10.17;1082;29;3812.00;111
9901;29;623847696;9901;332;10982;11092;6.71;0.41;295.98;10.29;1081;29;3813.00;110
9903;29;623847708;9903;324;10982;11092;6.75;0.41;296.03;10.29;1079;29;3814.00;110
9907;29;623847722;9907;327;10982;11092;6.78;0.41;296.05;10.29;1075;29;3815.00;110
9909;29;623847735;9909;335;11019;11162;6.76;0.41;296.05;10.25;1110;29;3816.00;143
9911;29;623847755;9911;326;11020;11163;6.77;0.41;296.05;10.25;1109;29;3817.00;143
9915;29;623847768;9915;321;11025;11163;6.85;0.42;296.18;10.25;1110;29;3818.00;138
9918;29;623847782;9918;325;11027;11163;6.88;0.42;296.15;10.25;1109;29;3819.00;136
9922;29;623847795;9922;323;11030;11163;6.87;0.42;296.24;10.24;1108;29;3820.00;133
9924;29;623847808;9924;325;11033;11163;6.87;0.42;296.27;10.24;1109;29;3821.00;130
9926;29;623847827;9926;323;11039;11163;6.91;0.42;296.36;10.36;1113;29;3822.00;124
9929;29;623847841;9929;323;11041;11163;6.94;0.42;296.38;10.36;1112;29;3823.00;122
9933;29;623847855;9933;323;11042;11164;6.95;0.42;296.46;10.36;1109;29;3824.00;122
9936;29;623847868;9936;326;11046;11166;6.94;0.42;296.54;10.36;1110;29;3825.00;120
9939;29;623847881;9939;326;11048;11166;6.94;0.42;296.59;10.36;1109;29;3826.00;118
9939;29;623847894;9939;326;11053;11170;6.95;0.42;296.59;10.35;1114;29;3827.00;117
9942;29;623847907;9942;333;11054;11170;6.93;0.42;296.67;10.35;1112;29;3828.00;116
9943;29;623847921;9943;335;11054;11170;6.96;0.42;296.67;10.35;1111;29;3829.00;116
9945;29;623847934;9945;333;11054;11170;6.98;0.42;296.72;10.35;1109;29;3830.00;116
9947;29;623847947;9947;331;11058;11176;6.99;0.42;296.76;10.35;1111;29;3831.00;118
9948;29;623847961;9948;334;11058;11176;7.01;0.43;296.79;10.35;1110;29;3832.00;118
9950;29;623847975;9950;341;11058;11176;7.04;0.43;296.78;10.35;1108;29;3833.00;118
9952;29;623847988;9952;337;11060;11179;7.04;0.43;296.76;10.35;1108;29;3834.00;119
9956;29;623848008;9956;339;11060;11179;6.99;0.42;296.82;10.35;1104;29;3835.00;119
9958;29;623848021;9958;341;11061;11179;7.01;0.43;296.81;10.35;1103;29;3836.00;118
9964;29;623848034;9964;344;11061;11180;6.87;0.42;296.92;10.35;1097;29;3837.00;119
9967;29;623848048;9967;347;11062;11181;6.82;0.41;296.95;10.34;1095;29;3838.00;119
9970;29;623848060;9970;339;11063;11181;6.71;0.41;296.94;10.46;1093;29;3839.00;118
9972;29;623848075;9972;344;11080;11207;6.68;0.41;296.97;10.45;1108;29;3840.00;127
9978;30;623848090;9978;336;11080;11207;6.60;0.40;296.97;10.45;1102;30;3841.00;127
9979;30;623848119;9979;337;11082;11207;6.60;0.40;296.95;10.45;1103;30;3842.00;125
9981;30;623848131;9981;331;11084;11208;6.56;0.40;297.01;10.44;1103;30;3843.00;124
9984;30;623848144;9984;330;11085;11208;6.56;0.40;296.99;10.46;1101;30;3844.00;123
9988;30;623848158;9988;329;11089;11212;6.59;0.40;296.95;10.46;1101;30;3845.00;123
9992;30;623848171;9992;324;11091;11214;6.56;0.40;296.93;10.46;1099;30;3846.00;123
9997;30;623848184;9997;326;11094;11218;6.53;0.40;296.98;10.46;1097;30;3847.00;124
10004;30;623848197;10004;335;11094;11218;6.50;0.40;296.94;10.46;1090;30;3848.00;124
10007;30;623848209;10007;333;11094;11218;6.51;0.40;296.97;10.46;1087;30;3849.00;124
10011;30;623848221;10011;330;11094;11218;6.50;0.40;296.92;10.46;1083;30;3850.00;124
10018;30;623848234;10018;327;11094;11218;6.44;0.39;296.96;10.46;1076;30;3851.00;124
10019;30;623848246;10019;322;11104;11230;6.42;0.39;296.94;10.45;1085;30;3852.00;126
10022;30;623848265;10022;323;11105;11230;6.40;0.39;296.90;10.45;1083;30;3853.00;125
10027;30;623848286;10027;323;11106;11230;6.30;0.38;296.82;10.57;1079;30;3854.00;124
10029;30;623848307;10029;325;11106;11230;6.27;0.38;296.83;10.57;1077;30;3855.00;124
10032;30;623848325;10032;329;11106;11230;6.24;0.38;296.85;10.57;1074;30;3856.00;124
10033;30;623848344;10033;338;11107;11230;6.18;0.38;296.85;10.57;1074;30;3857.00;123
10035;30;623848364;10035;343;11108;11231;6.13;0.37;296.81;10.58;1073;30;3858.00;123
10040;30;623848383;10040;341;11108;11231;6.02;0.37;296.76;10.58;1068;30;3859.00;123
10041;30;623848398;10041;352;11113;11237;6.02;0.37;296.77;10.57;1072;30;3860.00;124
10041;30;623848412;10041;352;11115;11238;5.93;0.36;296.77;10.58;1074;30;3861.00;123
10042;30;623848424;10042;355;11116;11238;5.89;0.36;296.76;10.58;1074;30;3862.00;122
10046;30;623848437;10046;358;11116;11238;5.81;0.35;296.72;10.58;1070;30;3863.00;122
10047;30;623848449;10047;360;11121;11242;5.76;0.35;296.73;10.57;1074;30;3864.00;121
10048;30;623848462;10048;368;11121;11242;5.72;0.35;296.72;10.57;1073;30;3865.00;121
10053;30;623848475;10053;373;11122;11242;5.65;0.35;296.68;10.58;1069;30;3866.00;120
10054;30;623848486;10054;362;11123;11243;5.65;0.35;296.67;10.58;1069;30;3867.00;120
10057;30;623848498;10057;362;11126;11247;5.62;0.34;296.70;10.58;1069;30;3868.00;121
10058;30;623848511;10058;360;11128;11247;5.64;0.34;296.69;10.60;1070;30;3869.00;119
10060;30;623848525;10060;354;11132;11253;5.68;0.35;296.66;10.59;1072;30;3870.00;121
10062;30;623848539;10062;356;11133;11253;5.73;0.35;296.73;10.59;1071;30;3871.00;120
10064;30;623848551;10064;354;11136;11253;5.76;0.35;296.71;10.61;1072;30;3872.00;117
10064;30;623848564;10064;352;11136;11253;5.77;0.35;296.71;10.61;1072;30;3873.00;117
10067;30;623848583;10067;353;11140;11257;5.83;0.36;296.72;10.61;1073;30;3874.00;117
10069;30;623848596;10069;352;11141;11257;5.81;0.35;296.69;10.62;1072;30;3875.00;116
10072;30;623848608;10072;352;11142;11257;5.74;0.35;296.71;10.62;1070;30;3876.00;115
10072;30;623848621;10072;356;11143;11257;5.69;0.35;296.71;10.63;1071;30;3877.00;114
10073;30;623848633;10073;359;11144;11258;5.66;0.35;296.72;10.64;1071;30;3878.00;114
10073;30;623848646;10073;358;11146;11259;5.66;0.35;296.72;10.65;1073;30;3879.00;113
10074;30;623848658;10074;362;11147;11259;5.62;0.34;296.71;10.65;1073;30;3880.00;112
10075;30;623848670;10075;366;11149;11260;5.62;0.34;296.73;10.66;1074;30;3881.00;111
10077;30;623848681;10077;369;11150;11260;5.57;0.34;296.72;10.67;1073;30;3882.00;110
10078;30;623848693;10078;380;11150;11260;5.53;0.34;296.73;10.67;1072;30;3883.00;110
10079;30;623848705;10079;379;11150;11260;5.52;0.34;296.72;10.67;1071;30;3884.00;110
10081;30;623848716;10081;385;11151;11260;5.53;0.34;296.71;10.68;1070;30;3885.00;109
10082;30;623848728;10082;391;11151;11260;5.50;0.34;296.75;10.68;1069;30;3886.00;109
10083;30;623848739;10083;391;11154;11260;5.40;0.33;296.75;10.71;1071;30;3887.00;106
10087;30;623848751;10087;414;11220;11387;5.57;0.35;296.80;10.67;1133;30;3888.00;167
10088;30;623848773;10088;409;11226;11388;5.51;0.34;296.85;10.68;1138;30;3889.00;162
10090;30;623848785;10090;405;11236;11388;5.54;0.34;296.88;10.67;1146;30;3890.00;152
10090;30;623848797;10090;405;11241;11388;5.56;0.35;296.88;10.68;1151;30;3891.00;147
10092;30;623848810;10092;407;11249;11388;5.57;0.35;296.88;10.69;1157;30;3892.00;139
10096;30;623848822;10096;407;11252;11388;5.52;0.34;296.88;10.69;1156;30;3893.00;136
10096;30;623848835;10096;405;11257;11388;5.49;0.34;296.88;10.70;1161;30;3894.00;131
10100;30;623848847;10100;408;11259;11388;5.44;0.34;296.90;10.70;1159;30;3895.00;129
10104;30;623848860;10104;410;11264;11389;5.41;0.33;296.93;10.71;1160;30;3896.00;125
10104;30;623848872;10104;417;11265;11390;5.45;0.33;296.93;10.71;1161;30;3897.00;125
10105;30;623848885;10105;420;11270;11390;5.47;0.34;296.94;10.72;1165;30;3898.00;120
10105;30;623848897;10105;427;11273;11391;5.43;0.33;296.94;10.72;1168;30;3899.00;118
10110;30;623848912;10110;432;11279;11406;5.33;0.33;296.88;10.72;1169;30;3900.00;127
10111;30;623848930;10111;434;11284;11406;5.27;0.32;296.92;10.73;1173;30;3901.00;122
10113;30;623848943;10113;433;11285;11406;5.17;0.32;296.90;10.73;1172;30;3902.00;121
10116;30;623848956;10116;436;11291;11410;5.08;0.31;296.92;10.74;1175;30;3903.00;119
10121;30;623848971;10121;447;11293;11410;4.94;0.30;296.95;10.74;1172;30;3904.00;117
10122;30;623848984;10122;456;11298;11410;4.86;0.30;296.94;10.74;1176;30;3905.00;112
10123;30;623848996;10123;454;11300;11413;4.84;0.30;296.96;10.74;1177;30;3906.00;113
10129;30;623849008;10129;451;11300;11413;4.79;0.30;296.99;10.74;1171;30;3907.00;113
10132;30;623849021;10132;464;11302;11413;4.75;0.29;296.97;10.75;1170;30;3908.00;111
10136;30;623849033;10136;466;11306;11417;4.68;0.29;296.96;10.75;1170;30;3909.00;111
10139;30;623849051;10139;463;11311;11418;4.72;0.29;296.94;10.75;1172;30;3910.00;107
10142;30;623849064;10142;460;11312;11418;4.74;0.29;297.00;10.75;1170;30;3911.00;106
10146;30;623849077;10146;459;11315;11422;4.81;0.30;297.15;10.75;1169;30;3912.00;107
10149;30;623849111;10149;467;11317;11422;4.84;0.30;297.13;10.75;1168;30;3913.00;105
10153;30;623849123;10153;467;11319;11422;4.86;0.30;297.23;10.75;1166;30;3914.00;103
10156;30;623849136;10156;463;11321;11424;4.86;0.30;297.32;10.75;1165;30;3915.00;103
10160;30;623849148;10160;465;11323;11424;4.88;0.30;297.30;10.75;1163;30;3916.00;101
10163;30;623849161;10163;455;11328;11430;4.96;0.30;297.41;10.74;1165;30;3917.00;102
10169;30;623849175;10169;449;11328;11430;4.99;0.31;297.51;10.74;1159;30;3918.00;102
10170;30;623849188;10170;452;11329;11431;5.11;0.31;297.53;10.74;1159;30;3919.00;102
10174;30;623849201;10174;448;11330;11431;5.15;0.31;297.58;10.87;1156;30;3920.00;101
10178;30;623849215;10178;446;11330;11431;5.17;0.32;297.57;10.87;1152;30;3921.00;101
10181;30;623849228;10181;439;11332;11431;5.22;0.32;297.58;10.87;1151;30;3922.00;99
10185;30;623849241;10185;440;11332;11431;5.28;0.32;297.57;10.87;1147;30;3923.00;99
10188;30;623849255;10188;435;11340;11443;5.36;0.33;297.57;10.86;1152;30;3924.00;103
10193;30;623849277;10193;428;11342;11443;5.36;0.33;297.62;10.86;1149;30;3925.00;101
10196;30;623849291;10196;425;11343;11443;5.43;0.33;297.63;10.86;1147;30;3926.00;100
10198;30;623849304;10198;429;11343;11443;5.47;0.33;297.70;10.86;1145;30;3927.00;100
10203;30;623849317;10203;423;11343;11443;5.44;0.33;297.82;10.86;1140;30;3928.00;100
10206;30;623849330;10206;420;11343;11443;5.46;0.33;297.88;10.86;1137;30;3929.00;100
10207;30;623849344;10207;421;11346;11447;5.52;0.34;297.88;10.86;1139;30;3930.00;101
10213;30;623849356;10213;426;11346;11447;5.48;0.33;297.94;10.86;1133;30;3931.00;101
10217;30;623849369;10217;422;11350;11451;5.47;0.33;298.00;10.85;1133;30;3932.00;101
10220;30;623849382;10220;416;11351;11452;5.49;0.33;298.12;10.85;1131;30;3933.00;101
10225;30;623849395;10225;420;11351;11452;5.49;0.33;298.17;10.85;1126;30;3934.00;101
10227;30;623849407;10227;421;11351;11452;5.48;0.33;298.29;10.85;1124;30;3935.00;101
10232;30;623849420;10232;421;11360;11465;5.47;0.33;298.33;10.85;1128;30;3936.00;105
10234;30;623849435;10234;414;11360;11465;5.49;0.33;298.32;10.85;1126;30;3937.00;105
10237;30;623849448;10237;408;11360;11465;5.51;0.33;298.41;10.85;1123;30;3938.00;105
10242;30;623849462;10242;404;11361;11466;5.52;0.34;298.47;10.84;1119;30;3939.00;105
10244;30;623849476;10244;402;11361;11467;5.53;0.34;298.43;10.84;1117;30;3940.00;106
10249;30;623849490;10249;404;11362;11467;5.51;0.33;298.44;10.84;1113;30;3941.00;105
10254;30;623849503;10254;410;11364;11470;5.52;0.34;298.51;10.84;1110;30;3942.00;106
10255;30;623849518;10255;412;11364;11470;5.56;0.34;298.52;10.84;1109;30;3943.00;106
10258;30;623849531;10258;408;11366;11470;5.55;0.34;298.52;10.85;1108;30;3944.00;104
10261;30;623849543;10261;404;11368;11470;5.52;0.34;298.50;10.97;1107;30;3945.00;102
10264;30;623849555;10264;404;11373;11476;5.59;0.34;298.49;10.96;1109;30;3946.00;103
10267;30;623849574;10267;403;11374;11476;5.54;0.34;298.56;10.96;1107;30;3947.00;102
10272;30;623849587;10272;407;11374;11476;5.49;0.33;298.63;10.96;1102;30;3948.00;102
10274;30;623849600;10274;407;11374;11476;5.51;0.34;298.62;10.96;1100;30;3949.00;102
10280;30;623849613;10280;411;11378;11480;5.52;0.34;298.78;10.96;1098;30;3950.00;102
10285;30;623849626;10285;418;11379;11481;5.56;0.34;298.89;10.96;1094;30;3951.00;102
10289;30;623849639;10289;425;11379;11481;5.55;0.34;298.96;10.96;1090;30;3952.00;102
10291;30;623849651;10291;426;11380;11482;5.59;0.34;298.97;10.96;1089;30;3953.00;102
10296;30;623849664;10296;429;11380;11482;5.54;0.34;299.06;10.96;1084;30;3954.00;102
10299;30;623849677;10299;430;11380;11482;5.56;0.34;299.06;10.96;1081;30;3955.00;102
10302;30;623849689;10302;434;11380;11482;5.54;0.34;299.14;10.96;1078;30;3956.00;102
10304;30;623849701;10304;413;11380;11482;5.51;0.34;299.25;10.96;1076;30;3957.00;102
10306;30;623849713;10306;403;11380;11482;5.48;0.34;299.35;10.96;1074;30;3958.00;102
10312;30;623849726;10312;395;11380;11482;5.42;0.33;299.39;10.96;1068;30;3959.00;102
10316;30;623849740;10316;409;11451;11607;5.51;0.34;299.40;10.89;1135;30;3960.00;156
10321;30;623849762;10321;387;11454;11608;5.48;0.34;299.36;11.01;1133;30;3961.00;154
10323;30;623849775;10323;383;11459;11608;5.61;0.34;299.38;11.00;1136;30;3962.00;149
10325;30;623849788;10325;382;11459;11608;5.66;0.35;299.42;11.00;1134;30;3963.00;149
10326;30;623849800;10326;381;11463;11608;5.70;0.35;299.42;11.00;1137;30;3964.00;145
10328;30;623849813;10328;386;11463;11608;5.71;0.35;299.48;11.00;1135;30;3965.00;145
10333;30;623849826;10333;380;11469;11608;5.72;0.35;299.51;11.00;1136;30;3966.00;139
10336;30;623849839;10336;376;11471;11608;5.76;0.35;299.56;11.00;1135;30;3967.00;137
10339;31;623849853;10339;368;11475;11609;5.76;0.35;299.63;10.99;1136;31;3968.00;134
10340;31;623849873;10340;372;11478;11610;5.79;0.36;299.62;10.99;1138;31;3969.00;132
10345;31;623849887;10345;376;11483;11610;5.79;0.35;299.63;10.99;1138;31;3970.00;127
10346;31;623849901;10346;373;11489;11614;5.80;0.36;299.63;10.99;1143;31;3971.00;125
10349;31;623849915;10349;370;11491;11614;5.76;0.35;299.72;10.99;1142;31;3972.00;123
10353;31;623849936;10353;376;11491;11614;5.74;0.35;299.79;10.99;1138;31;3973.00;123
10356;31;623849954;10356;379;11492;11614;5.75;0.35;299.87;11.11;1136;31;3974.00;122
10356;31;623849968;10356;381;11497;11620;5.76;0.35;299.87;11.10;1141;31;3975.00;123
10358;31;623849981;10358;388;11497;11620;5.80;0.36;299.85;11.10;1139;31;3976.00;123
10360;31;623849994;10360;386;11497;11620;5.86;0.36;299.94;11.10;1137;32;3977.00;123
10361;31;623850019;10361;389;11499;11623;5.96;0.37;299.97;11.10;1138;32;3978.00;124
10363;31;623850036;10363;398;11499;11623;6.03;0.37;299.99;11.10;1136;32;3979.00;124
10367;31;623850050;10367;400;11499;11623;6.04;0.37;300.02;11.10;1132;32;3980.00;124
10373;31;623850065;10373;397;11500;11624;6.04;0.37;300.20;11.10;1127;32;3981.00;124
10376;31;623850078;10376;397;11501;11625;6.07;0.37;300.29;11.10;1125;32;3982.00;124
10379;31;623850091;10379;404;11501;11625;6.06;0.37;300.38;11.10;1122;32;3983.00;124
10385;31;623850105;10385;400;11510;11638;5.96;0.36;300.46;11.09;1125;32;3984.00;128
10385;31;623850119;10385;405;11511;11638;5.94;0.36;300.46;11.09;1126;32;3985.00;127
10390;31;623850131;10390;400;11511;11638;5.91;0.36;300.48;11.09;1121;32;3986.00;127
10391;31;623850144;10391;405;11513;11639;5.92;0.36;300.49;11.09;1122;32;3987.00;126
10392;31;623850164;10392;406;11513;11639;5.95;0.36;300.50;11.09;1121;32;3988.00;126
10392;31;623850177;10392;407;11518;11643;5.97;0.37;300.50;11.20;1126;32;3989.00;125
10394;31;623850192;10394;401;11518;11643;5.97;0.37;300.49;11.20;1124;32;3990.00;125
10398;31;623850204;10398;401;11521;11647;5.90;0.36;300.46;11.20;1123;32;3991.00;126
10400;31;623850218;10400;398;11522;11647;5.91;0.36;300.50;11.31;1122;32;3992.00;125
10402;31;623850230;10402;397;11522;11647;5.90;0.36;300.53;11.31;1120;32;3993.00;125
10406;31;623850242;10406;399;11522;11647;5.90;0.36;300.51;11.31;1116;32;3994.00;125
10410;31;623850255;10410;391;11522;11647;5.88;0.36;300.46;11.31;1112;32;3995.00;125
10414;31;623850268;10414;398;11532;11659;5.90;0.36;300.45;11.30;1118;32;3996.00;127
10416;31;623850287;10416;402;11532;11659;5.90;0.36;300.44;11.30;1116;32;3997.00;127
10419;31;623850309;10419;402;11533;11659;5.87;0.36;300.46;11.30;1114;32;3998.00;126
10422;31;623850329;10422;407;11533;11659;5.83;0.36;300.51;11.30;1111;32;3999.00;126
10423;31;623850351;10423;406;11533;11659;5.87;0.36;300.49;11.30;1110;32;4000.00;126
10424;31;623850378;10424;411;11533;11659;5.91;0.36;300.49;11.30;1109;32;4001.00;126
10426;31;623850395;10426;408;11533;11660;5.89;0.36;300.47;11.30;1107;32;4002.00;127
10426;31;623850410;10426;401;11534;11660;5.94;0.36;300.47;11.41;1108;32;4003.00;126
10428;31;623850423;10428;404;11539;11666;5.97;0.36;300.46;11.41;1111;32;4004.00;127
10429;31;623850438;10429;403;11541;11668;5.99;0.36;300.43;11.41;1112;32;4005.00;127
10432;31;623850453;10432;401;11541;11668;5.95;0.36;300.42;11.41;1109;32;4006.00;127
10434;31;623850467;10434;408;11541;11668;5.92;0.36;300.40;11.41;1107;32;4007.00;127
10436;31;623850482;10436;407;11544;11672;5.93;0.36;300.40;11.40;1108;32;4008.00;128
10437;31;623850495;10437;412;11544;11672;5.91;0.36;300.42;11.40;1107;32;4009.00;128
10441;31;623850508;10441;410;11544;11672;5.84;0.36;300.39;11.40;1103;32;4010.00;128
10441;31;623850522;10441;409;11545;11673;5.79;0.35;300.39;11.40;1104;32;4011.00;128
10441;31;623850534;10441;405;11548;11677;5.71;0.35;300.39;11.40;1107;32;4012.00;129
10444;31;623850546;10444;405;11548;11677;5.66;0.35;300.34;11.40;1104;32;4013.00;129
10447;31;623850559;10447;403;11550;11680;5.65;0.35;300.38;11.40;1103;32;4014.00;130
10450;31;623850571;10450;398;11553;11680;5.68;0.35;300.38;11.42;1103;32;4015.00;127
10453;31;623850586;10453;406;11553;11680;5.67;0.35;300.37;11.42;1100;32;4016.00;127
10454;31;623850599;10454;408;11553;11680;5.67;0.35;300.36;11.42;1099;32;4017.00;127
10457;31;623850617;10457;408;11557;11684;5.72;0.35;300.33;11.41;1100;32;4018.00;127
10458;31;623850629;10458;394;11557;11684;5.74;0.35;300.33;11.41;1099;32;4019.00;127
10460;31;623850645;10460;384;11557;11684;5.73;0.35;300.33;11.41;1097;32;4020.00;127
10460;31;623850658;10460;378;11557;11684;5.73;0.35;300.33;11.41;1097;32;4021.00;127
10463;31;623850670;10463;361;11558;11685;5.69;0.35;300.34;11.53;1095;32;4022.00;127
10466;31;623850683;10466;353;11559;11686;5.68;0.35;300.36;11.52;1093;32;4023.00;127
10468;31;623850696;10468;345;11559;11686;5.67;0.35;300.36;11.52;1091;32;4024.00;127
10471;31;623850709;10471;346;11560;11687;5.66;0.35;300.34;11.52;1089;32;4025.00;127
10474;31;623850723;10474;340;11560;11687;5.68;0.35;300.34;11.52;1086;32;4026.00;127
10475;31;623850735;10475;335;11560;11687;5.77;0.35;300.34;11.52;1085;32;4027.00;127
10476;31;623850748;10476;338;11560;11687;5.82;0.36;300.35;11.52;1084;32;4028.00;127
10476;31;623850760;10476;334;11560;11687;5.89;0.36;300.35;11.52;1084;32;4029.00;127
10478;31;623850772;10478;336;11560;11687;5.96;0.37;300.34;11.52;1082;32;4030.00;127
10479;31;623850784;10479;334;11560;11687;6.00;0.37;300.33;11.52;1081;32;4031.00;127
10480;31;623850796;10480;347;11629;11814;6.29;0.39;300.31;11.46;1149;32;4032.00;185
10481;31;623850821;10481;345;11631;11815;6.29;0.39;300.30;11.45;1150;32;4033.00;184
10485;31;623850834;10485;332;11639;11815;6.37;0.39;300.37;11.45;1154;32;4034.00;176
10488;31;623850847;10488;335;11642;11815;6.33;0.39;300.38;11.44;1154;32;4035.00;173
10489;31;623850860;10489;328;11649;11815;6.36;0.39;300.40;11.44;1160;32;4036.00;166
10491;31;623850874;10491;328;11652;11815;6.34;0.39;300.42;11.44;1161;32;4037.00;163
10493;31;623850888;10493;334;11655;11815;6.26;0.39;300.41;11.44;1162;32;4038.00;160
10493;31;623850901;10493;338;11658;11815;6.27;0.39;300.41;11.44;1165;32;4039.00;157
10494;31;623850913;10494;339;11663;11816;6.24;0.38;300.40;11.46;1169;32;4040.00;153
10497;31;623850926;10497;345;11667;11817;6.23;0.38;300.45;11.46;1170;32;4041.00;150
10499;31;623850941;10499;355;11669;11817;6.17;0.38;300.46;11.46;1170;32;4042.00;148
10501;31;623850955;10501;362;11671;11818;6.11;0.38;300.42;11.47;1170;32;4043.00;147
10504;31;623850969;10504;365;11672;11818;6.05;0.37;300.48;11.47;1168;32;4044.00;146
10506;31;623850982;10506;371;11675;11818;6.01;0.37;300.49;11.48;1169;32;4045.00;143
10508;31;623850996;10508;373;11677;11818;5.99;0.37;300.57;11.49;1169;32;4046.00;141
10508;31;623851009;10508;376;11684;11822;5.98;0.37;300.57;11.50;1176;32;4047.00;138
10514;31;623851023;10514;389;11686;11822;5.90;0.36;300.52;11.52;1172;32;4048.00;136
10516;31;623851037;10516;391;11687;11822;5.84;0.36;300.57;11.52;1171;32;4049.00;135
10518;31;623851052;10518;407;11691;11828;5.82;0.36;300.60;11.52;1173;32;4050.00;137
10520;31;623851066;10520;409;11695;11828;5.76;0.35;300.59;11.54;1175;32;4051.00;133
10522;31;623851079;10522;416;11698;11828;5.75;0.35;300.62;11.54;1176;32;4052.00;130
10524;31;623851093;10524;420;11702;11832;5.70;0.35;300.64;11.54;1178;32;4053.00;130
10526;31;623851106;10526;425;11704;11833;5.66;0.35;300.65;11.55;1178;32;4054.00;129
10529;31;623851119;10529;430;11706;11833;5.63;0.35;300.65;11.55;1177;32;4055.00;127
10531;31;623851132;10531;436;11712;11837;5.65;0.35;300.69;11.58;1181;32;4056.00;125
10533;31;623851146;10533;441;11713;11837;5.66;0.35;300.70;11.58;1180;32;4057.00;124
10535;31;623851160;10535;443;11715;11837;5.62;0.35;300.72;11.59;1180;32;4058.00;122
10537;31;623851182;10537;443;11716;11838;5.62;0.35;300.72;11.59;1179;32;4059.00;122
10539;31;623851195;10539;435;11717;11838;5.58;0.34;300.72;11.60;1178;32;4060.00;121
10539;31;623851209;10539;428;11723;11844;5.61;0.34;300.72;11.60;1184;32;4061.00;121
10543;31;623851224;10543;428;11724;11844;5.56;0.34;300.82;11.61;1181;32;4062.00;120
10545;31;623851238;10545;423;11724;11845;5.53;0.34;300.87;11.61;1179;32;4063.00;121
10547;31;623851253;10547;421;11726;11845;5.47;0.34;300.87;11.62;1179;32;4064.00;119
10549;31;623851266;10549;414;11726;11845;5.43;0.33;300.91;11.62;1177;32;4065.00;119
10553;31;623851280;10553;411;11728;11845;5.42;0.33;300.92;11.63;1175;32;4066.00;117
10557;31;623851302;10557;413;11728;11845;5.35;0.33;301.00;11.63;1171;32;4067.00;117
10561;31;623851316;10561;414;11740;11857;5.40;0.33;301.03;11.63;1179;32;4068.00;117
10565;31;623851330;10565;420;11740;11857;5.43;0.33;301.09;11.63;1175;32;4069.00;117
10565;31;623851342;10565;415;11741;11857;5.44;0.33;301.09;11.63;1176;32;4070.00;116
10567;31;623851354;10567;413;11742;11857;5.46;0.33;301.13;11.63;1175;32;4071.00;115
10570;31;623851366;10570;418;11742;11857;5.48;0.34;301.18;11.63;1172;32;4072.00;115
10573;31;623851379;10573;425;11744;11857;5.52;0.34;301.27;11.65;1171;32;4073.00;113
10574;31;623851392;10574;419;11748;11861;5.54;0.34;301.26;11.65;1174;32;4074.00;113
10579;31;623851404;10579;418;11748;11861;5.57;0.34;301.26;11.65;1169;32;4075.00;113
10583;31;623851416;10583;420;11752;11865;5.58;0.34;301.27;11.65;1169;32;4076.00;113
10586;31;623851429;10586;418;11754;11866;5.54;0.34;301.34;11.66;1168;32;4077.00;112
10589;31;623851441;10589;427;11756;11866;5.50;0.34;301.36;11.67;1167;32;4078.00;110
10595;31;623851453;10595;432;11757;11866;5.42;0.33;301.33;11.67;1162;32;4079.00;109
10599;31;623851469;10599;431;11779;11895;5.38;0.33;301.45;11.65;1180;32;4080.00;116
10602;31;623851483;10602;423;11779;11895;5.37;0.33;301.44;11.65;1177;32;4081.00;116
10605;31;623851496;10605;421;11782;11895;5.39;0.33;301.50;11.66;1177;32;4082.00;113
10610;31;623851508;10610;422;11786;11896;5.37;0.33;301.60;11.66;1176;32;4083.00;110
10615;31;623851520;10615;428;11786;11897;5.33;0.33;301.75;11.66;1171;32;4084.00;111
10619;31;623851533;10619;425;11787;11897;5.35;0.33;301.77;11.67;1168;32;4085.00;110
10622;31;623851545;10622;423;11790;11900;5.35;0.33;301.84;11.66;1168;32;4086.00;110
10628;31;623851558;10628;419;11791;11900;5.33;0.33;301.91;11.67;1163;32;4087.00;109
10633;31;623851571;10633;423;11791;11900;5.31;0.32;302.02;11.67;1158;32;4088.00;109
10638;31;623851584;10638;416;11791;11900;5.31;0.32;302.13;11.67;1153;32;4089.00;109
10641;32;623851596;10641;414;11796;11906;5.39;0.33;302.14;11.66;1155;33;4090.00;110
10646;32;623851624;10646;408;11796;11906;5.40;0.33;302.23;11.66;1150;33;4091.00;110
10652;32;623851642;10652;406;11796;11906;5.41;0.33;302.38;11.66;1144;33;4092.00;110
10653;32;623851656;10653;403;11796;11906;5.46;0.33;302.39;11.66;1143;33;4093.00;110
10661;32;623851670;10661;399;11799;11910;5.50;0.34;302.48;11.66;1138;33;4094.00;111
10662;32;623851684;10662;393;11801;11912;5.61;0.34;302.49;11.66;1139;33;4095.00;111
10667;32;623851697;10667;389;11801;11912;5.61;0.34;302.57;11.66;1134;33;4096.00;111
10671;32;623851710;10671;389;11802;11913;5.63;0.34;302.60;11.66;1131;33;4097.00;111
10679;32;623851723;10679;388;11802;11913;5.59;0.34;302.69;11.66;1123;33;4098.00;111
10681;32;623851737;10681;388;11802;11913;5.57;0.34;302.68;11.66;1121;33;4099.00;111
10687;32;623851750;10687;390;11802;11913;5.55;0.34;302.62;11.66;1115;33;4100.00;111
10691;32;623851767;10691;390;11802;11913;5.58;0.34;302.66;11.66;1111;33;4101.00;111
10693;32;623851779;10693;387;11802;11913;5.59;0.34;302.67;11.66;1109;33;4102.00;111
10697;32;623851791;10697;385;11802;11913;5.58;0.34;302.70;11.66;1105;33;4103.00;111
10699;33;623851803;10699;386;11836;11983;5.63;0.35;302.71;11.62;1137;34;4104.00;147
10704;33;623851832;10704;387;11837;11984;5.60;0.34;302.76;11.62;1133;34;4105.00;147
10707;33;623851845;10707;388;11842;11984;5.63;0.34;302.81;11.62;1135;34;4106.00;142
10712;33;623851857;10712;390;11842;11984;5.60;0.34;302.81;11.62;1130;34;4107.00;142
10715;33;623851869;10715;384;11844;11984;5.63;0.34;302.81;11.62;1129;34;4108.00;140
10719;33;623851881;10719;382;11845;11984;5.63;0.34;302.80;11.62;1126;34;4109.00;139
10723;33;623851896;10723;389;11850;11984;5.61;0.34;302.88;11.61;1127;34;4110.00;134
10728;33;623851908;10728;391;11852;11984;5.58;0.34;302.89;11.61;1124;34;4111.00;132
10729;33;623851920;10729;396;11854;11985;5.63;0.34;302.90;11.61;1125;34;4112.00;131
10731;33;623851932;10731;394;11857;11986;5.64;0.34;302.91;11.61;1126;34;4113.00;129
10735;33;623851945;10735;382;11861;11986;5.60;0.34;302.93;11.61;1126;34;4114.00;125
10740;33;623851957;10740;375;11865;11990;5.56;0.34;302.94;11.61;1125;34;4115.00;125
10741;33;623851970;10741;378;11867;11990;5.51;0.34;302.93;11.61;1126;34;4116.00;123
10746;33;623851983;10746;384;11867;11990;5.47;0.33;302.97;11.61;1121;34;4117.00;123
10754;33;623851995;10754;389;11868;11990;5.39;0.33;302.91;11.61;1114;34;4118.00;122
10758;33;623852008;10758;387;11873;11996;5.38;0.33;302.95;11.60;1115;34;4119.00;123
10760;33;623852021;10760;394;11874;11996;5.38;0.33;303.01;11.60;1114;34;4120.00;122
10760;33;623852033;10760;405;11875;11996;5.39;0.33;303.01;11.72;1115;34;4121.00;121
10765;33;623852046;10765;410;11877;11999;5.39;0.33;302.95;11.72;1112;34;4122.00;122
10769;33;623852058;10769;410;11878;11999;5.39;0.33;303.04;11.72;1109;34;4123.00;121
10771;33;623852071;10771;409;11880;11999;5.34;0.33;303.06;11.72;1109;34;4124.00;119
10773;33;623852083;10773;412;11881;12000;5.32;0.32;303.10;11.72;1108;34;4125.00;119
10775;33;623852095;10775;409;11882;12001;5.29;0.32;303.12;11.72;1107;34;4126.00;119
10780;33;623852107;10780;403;11883;12001;5.26;0.32;303.23;11.72;1103;34;4127.00;118
10781;33;623852120;10781;400;11894;12014;5.39;0.33;303.20;11.71;1113;34;4128.00;120
10787;33;623852133;10787;399;11894;12014;5.38;0.33;303.24;11.71;1107;34;4129.00;120
10788;33;623852146;10788;404;11894;12014;5.42;0.33;303.29;11.71;1106;34;4130.00;120
10793;33;623852159;10793;406;11895;12015;5.40;0.33;303.36;11.71;1102;34;4131.00;120
10794;33;623852173;10794;413;11895;12015;5.41;0.33;303.41;11.71;1101;34;4132.00;120
10796;33;623852185;10796;420;11899;12019;5.44;0.33;303.42;11.70;1103;34;4133.00;120
10799;33;623852199;10799;421;11899;12019;5.41;0.33;303.49;11.70;1100;34;4134.00;120
10801;33;623852211;10801;426;11902;12023;5.37;0.33;303.50;11.70;1101;34;4135.00;121
10803;33;623852224;10803;414;11902;12023;5.32;0.32;303.49;11.70;1099;34;4136.00;121
10804;33;623852237;10804;405;11902;12023;5.33;0.32;303.54;11.70;1098;34;4137.00;121
10806;33;623852250;10806;398;11902;12023;5.37;0.33;303.58;11.70;1096;34;4138.00;121
10808;33;623852263;10808;401;11902;12023;5.38;0.33;303.65;11.70;1094;34;4139.00;121
10810;33;623852280;10810;398;11927;12057;5.47;0.33;303.69;11.68;1117;34;4140.00;130
10812;33;623852303;10812;395;11927;12057;5.52;0.34;303.69;11.68;1115;34;4141.00;130
10813;33;623852335;10813;398;11930;12057;5.59;0.34;303.75;11.67;1117;34;4142.00;127
10815;33;623852355;10815;394;11930;12057;5.65;0.34;303.76;11.67;1115;34;4143.00;127
10817;33;623852374;10817;393;11931;12057;5.73;0.35;303.77;11.67;1114;34;4144.00;126
10819;33;623852393;10819;391;11931;12057;5.80;0.35;303.81;11.67;1112;34;4145.00;126
10821;33;623852409;10821;388;11931;12058;5.86;0.36;303.88;11.67;1110;34;4146.00;127
10823;33;623852423;10823;380;11931;12058;5.93;0.36;303.86;11.67;1108;34;4147.00;127
10825;33;623852438;10825;377;11936;12064;5.99;0.37;303.85;11.67;1111;34;4148.00;128
10828;33;623852453;10828;379;11937;12065;5.98;0.37;303.84;11.67;1109;34;4149.00;128
10833;33;623852469;10833;383;11937;12065;5.96;0.36;303.80;11.67;1104;34;4150.00;128
10836;33;623852484;10836;380;11937;12065;5.91;0.36;303.84;11.67;1101;34;4151.00;128
10838;33;623852497;10838;385;11940;12069;5.94;0.36;303.80;11.66;1102;34;4152.00;129
10840;33;623852510;10840;381;11940;12069;5.92;0.36;303.78;11.66;1100;34;4153.00;129
10841;33;623852524;10841;385;11940;12069;5.93;0.36;303.78;11.66;1099;34;4154.00;129
10841;33;623852537;10841;386;11941;12070;5.93;0.36;303.78;11.66;1100;34;4155.00;129
10844;33;623852550;10844;388;11944;12074;5.91;0.36;303.76;11.66;1100;34;4156.00;130
10846;33;623852563;10846;391;11944;12074;5.93;0.36;303.73;11.66;1098;34;4157.00;130
10850;33;623852576;10850;385;11946;12077;5.99;0.37;303.71;11.66;1096;34;4158.00;131
10855;33;623852589;10855;378;11946;12077;5.93;0.36;303.69;11.66;1091;34;4159.00;131
10855;33;623852603;10855;378;11947;12077;5.94;0.36;303.69;11.66;1092;34;4160.00;130
10857;33;623852616;10857;369;11947;12077;5.95;0.36;303.66;11.66;1090;34;4161.00;130
10860;33;623852628;10860;368;11951;12081;5.99;0.36;303.64;11.66;1091;34;4162.00;130
10862;33;623852641;10862;373;11951;12081;5.99;0.36;303.62;11.66;1089;34;4163.00;130
10862;33;623852653;10862;370;11951;12081;6.03;0.37;303.62;11.66;1089;34;4164.00;130
10863;33;623852666;10863;367;11952;12081;6.04;0.37;303.63;11.77;1089;34;4165.00;129
10866;33;623852679;10866;360;11952;12082;6.01;0.37;303.68;11.77;1086;34;4166.00;130
10867;33;623852692;10867;357;11953;12083;6.06;0.37;303.66;11.77;1086;34;4167.00;130
10868;33;623852704;10868;353;11953;12083;6.06;0.37;303.68;11.77;1085;34;4168.00;130
10869;33;623852718;10869;345;11954;12084;6.02;0.37;303.68;11.77;1085;34;4169.00;130
10872;33;623852732;10872;343;11954;12084;6.02;0.36;303.66;11.77;1082;34;4170.00;130
10875;33;623852745;10875;331;11954;12084;6.04;0.36;303.65;11.77;1079;34;4171.00;130
10875;33;623852758;10875;324;11954;12084;6.06;0.37;303.65;11.77;1079;34;4172.00;130
10875;33;623852771;10875;315;11956;12086;6.13;0.37;303.65;11.77;1081;34;4173.00;130
10880;33;623852785;10880;304;11956;12086;6.15;0.37;303.68;11.77;1076;34;4174.00;130
10881;33;623852798;10881;304;11956;12086;6.23;0.38;303.68;11.77;1075;34;4175.00;130
10882;33;623852811;10882;317;12023;12213;6.36;0.39;303.67;11.70;1141;34;4176.00;190
10882;33;623852835;10882;304;12024;12214;6.43;0.40;303.67;11.70;1142;34;4177.00;190
10883;33;623852849;10883;298;12030;12214;6.56;0.40;303.68;11.70;1147;34;4178.00;184
10884;33;623852862;10884;295;12031;12214;6.62;0.41;303.73;11.70;1147;34;4179.00;183
10884;33;623852876;10884;295;12035;12214;6.76;0.41;303.73;11.70;1151;34;4180.00;179
10889;33;623852890;10889;293;12040;12214;6.80;0.42;303.71;11.69;1151;34;4181.00;174
10890;33;623852904;10890;292;12043;12214;6.88;0.42;303.71;11.69;1153;34;4182.00;171
10893;33;623852924;10893;286;12049;12214;6.95;0.42;303.75;11.69;1156;34;4183.00;165
10893;33;623852946;10893;281;12052;12215;7.04;0.43;303.75;11.70;1159;34;4184.00;163
10894;34;623852961;10894;283;12057;12217;7.02;0.43;303.74;11.70;1163;35;4185.00;160
10896;34;623852991;10896;284;12061;12217;7.02;0.43;303.74;11.71;1165;35;4186.00;156
10899;34;623853006;10899;275;12062;12218;7.00;0.43;303.77;11.71;1163;35;4187.00;156
10900;34;623853020;10900;274;12065;12218;6.94;0.42;303.76;11.71;1165;35;4188.00;153
10902;34;623853035;10902;273;12069;12218;6.89;0.42;303.73;11.71;1167;35;4189.00;149
10903;34;623853049;10903;280;12071;12218;6.82;0.42;303.72;11.72;1168;35;4190.00;147
10907;34;623853064;10907;279;12074;12222;6.71;0.41;303.75;11.72;1167;35;4191.00;148
10909;34;623853078;10909;285;12075;12222;6.62;0.40;303.80;11.72;1166;35;4192.00;147
10914;34;623853097;10914;282;12076;12222;6.62;0.40;303.81;11.72;1162;35;4193.00;146
10915;34;623853112;10915;275;12079;12225;6.65;0.40;303.80;11.72;1164;35;4194.00;146
10918;34;623853125;10918;280;12080;12225;6.67;0.41;303.80;11.72;1162;35;4195.00;145
10919;34;623853140;10919;283;12081;12225;6.63;0.40;303.83;11.72;1162;35;4196.00;144
10923;34;623853154;10923;293;12086;12229;6.68;0.41;303.82;11.71;1163;35;4197.00;143
10926;34;623853169;10926;292;12087;12230;6.69;0.41;303.77;11.71;1161;35;4198.00;143
10928;34;623853183;10928;298;12087;12230;6.71;0.41;303.80;11.71;1159;35;4199.00;143
10932;34;623853200;10932;302;12097;12264;6.69;0.41;303.82;11.70;1165;35;4200.00;167
10933;34;623853223;10933;303;12100;12264;6.62;0.40;303.86;11.70;1167;35;4201.00;164
10935;34;623853236;10935;307;12100;12264;6.62;0.40;303.99;11.70;1165;35;4202.00;164
10937;34;623853251;10937;314;12105;12265;6.61;0.40;304.01;11.70;1168;35;4203.00;160
10938;34;623853264;10938;309;12105;12265;6.67;0.41;304.03;11.70;1167;35;4204.00;160
10939;34;623853279;10939;316;12109;12271;6.70;0.41;304.09;11.70;1170;35;4205.00;162
10944;34;623853294;10944;315;12110;12271;6.64;0.41;304.14;11.70;1166;35;4206.00;161
10948;34;623853308;10948;327;12112;12272;6.60;0.40;304.13;11.71;1164;35;4207.00;160
10949;34;623853322;10949;332;12112;12272;6.60;0.40;304.14;11.71;1163;35;4208.00;160
10952;34;623853336;10952;339;12114;12272;6.57;0.40;304.13;11.71;1162;35;4209.00;158
10955;34;623853349;10955;344;12116;12272;6.56;0.40;304.22;11.72;1161;35;4210.00;156
10960;34;623853368;10960;343;12117;12272;6.53;0.40;304.23;11.74;1157;35;4211.00;155
10963;34;623853381;10963;348;12127;12284;6.48;0.39;304.30;11.75;1164;35;4212.00;157
10964;34;623853396;10964;352;12127;12284;6.50;0.40;304.31;11.75;1163;35;4213.00;157
10966;34;623853409;10966;353;12129;12284;6.51;0.40;304.34;11.75;1163;35;4214.00;155
10968;34;623853422;10968;359;12134;12284;6.51;0.40;304.33;11.77;1166;35;4215.00;150
10974;34;623853436;10974;358;12135;12284;6.48;0.40;304.38;11.78;1161;35;4216.00;149
10974;34;623853449;10974;359;12138;12284;6.52;0.40;304.38;11.80;1164;35;4217.00;146
10978;34;623853461;10978;359;12141;12288;6.48;0.40;304.45;11.79;1163;35;4218.00;147
10978;34;623853476;10978;365;12143;12288;6.47;0.40;304.45;11.81;1165;35;4219.00;145
10979;34;623853488;10979;366;12147;12292;6.48;0.40;304.51;11.81;1168;35;4220.00;145
10982;34;623853508;10982;369;12150;12293;6.43;0.39;304.57;11.83;1168;35;4221.00;143
10985;34;623853521;10985;374;12152;12293;6.37;0.39;304.55;11.84;1167;35;4222.00;141
10989;34;623853535;10989;377;12154;12293;6.32;0.39;304.60;11.85;1165;35;4223.00;139
10993;34;623853549;10993;378;12168;12306;6.28;0.38;304.58;11.86;1175;35;4224.00;138
10996;34;623853565;10996;376;12168;12306;6.18;0.38;304.59;11.86;1172;35;4225.00;138
10997;34;623853578;10997;376;12170;12306;6.14;0.38;304.60;11.87;1173;35;4226.00;136
10999;34;623853592;10999;374;12171;12307;6.09;0.37;304.59;11.87;1172;35;4227.00;136
11002;34;623853605;11002;376;12173;12308;5.98;0.37;304.61;11.89;1171;35;4228.00;135
11006;34;623853619;11006;377;12174;12308;5.91;0.36;304.72;11.89;1168;35;4229.00;134
11007;34;623853633;11007;376;12181;12314;5.86;0.36;304.73;11.90;1174;35;4230.00;133
11011;34;623853647;11011;372;12181;12314;5.79;0.35;304.88;11.90;1170;35;4231.00;133
11013;34;623853660;11013;378;12183;12314;5.77;0.35;304.92;11.90;1170;35;4232.00;131
11014;34;623853672;11014;375;12184;12314;5.82;0.36;304.90;11.91;1170;35;4233.00;130
11017;34;623853685;11017;380;12190;12320;5.88;0.36;305.01;11.91;1173;35;4234.00;130
11019;34;623853698;11019;389;12192;12320;5.88;0.36;305.04;11.92;1173;35;4235.00;128
11020;34;623853710;11020;385;12192;12320;5.90;0.36;305.04;11.92;1172;35;4236.00;128
11023;34;623853723;11023;383;12192;12320;5.89;0.36;305.03;11.92;1169;35;4237.00;128
11026;34;623853736;11026;388;12197;12324;5.83;0.36;305.13;11.93;1171;35;4238.00;127
11027;34;623853749;11027;383;12198;12325;5.81;0.36;305.13;11.93;1171;35;4239.00;127
11028;34;623853761;11028;383;12198;12325;5.81;0.36;305.12;11.93;1170;35;4240.00;127
11034;34;623853773;11034;384;12202;12326;5.73;0.35;305.14;11.94;1168;35;4241.00;124
11039;34;623853786;11039;390;12202;12326;5.71;0.35;305.25;11.94;1163;35;4242.00;124
11043;34;623853798;11043;393;12202;12326;5.68;0.35;305.27;11.94;1159;35;4243.00;124
11051;34;623853811;11051;388;12204;12326;5.59;0.34;305.36;11.95;1153;35;4244.00;122
11056;34;623853824;11056;394;12204;12326;5.57;0.34;305.37;11.95;1148;35;4245.00;122
11059;34;623853837;11059;397;12206;12326;5.45;0.33;305.43;11.96;1147;35;4246.00;120
11065;34;623853849;11065;404;12207;12326;5.33;0.33;305.39;11.96;1142;35;4247.00;119
11068;34;623853861;11068;416;12249;12396;5.28;0.32;305.47;11.92;1181;35;4248.00;147
11070;34;623853878;11070;406;12253;12397;5.19;0.32;305.54;11.93;1183;35;4249.00;144
11075;34;623853890;11075;397;12256;12397;5.12;0.31;305.62;11.92;1181;35;4250.00;141
11078;34;623853902;11078;391;12258;12397;5.05;0.31;305.64;11.93;1180;35;4251.00;139
11083;34;623853914;11083;392;12261;12397;4.99;0.31;305.77;11.94;1178;35;4252.00;136
11086;34;623853926;11086;390;12262;12397;4.98;0.31;305.86;11.94;1176;35;4253.00;135
11088;34;623853937;11088;395;12267;12397;4.99;0.31;305.84;11.95;1179;35;4254.00;130
11092;34;623853950;11092;395;12268;12397;5.01;0.31;305.91;11.94;1176;35;4255.00;129
11096;34;623853961;11096;394;12271;12398;5.07;0.31;305.95;11.94;1175;35;4256.00;127
11099;34;623853974;11099;391;12274;12399;5.12;0.32;305.96;11.95;1175;35;4257.00;125
11104;34;623853986;11104;384;12275;12399;5.15;0.32;306.06;11.95;1171;35;4258.00;124
11108;34;623853999;11108;384;12279;12403;5.20;0.32;306.03;11.95;1171;35;4259.00;124
11113;34;623854013;11113;385;12283;12403;5.19;0.32;306.10;11.95;1170;35;4260.00;120
11115;34;623854025;11115;379;12285;12403;5.24;0.32;306.17;11.95;1170;35;4261.00;118
11119;34;623854038;11119;379;12287;12403;5.28;0.32;306.16;11.95;1168;35;4262.00;116
11124;34;623854050;11124;389;12293;12409;5.23;0.32;306.26;11.95;1169;35;4263.00;116
11129;34;623854068;11129;384;12293;12409;5.26;0.32;306.35;11.95;1164;35;4264.00;116
11132;34;623854081;11132;387;12293;12409;5.30;0.32;306.40;11.95;1161;35;4265.00;116
11138;34;623854094;11138;384;12295;12412;5.29;0.32;306.45;11.95;1157;35;4266.00;117
11140;34;623854106;11140;392;12296;12412;5.34;0.33;306.44;11.95;1156;35;4267.00;116
11146;34;623854119;11146;390;12296;12412;5.34;0.33;306.43;11.95;1150;35;4268.00;116
11150;34;623854131;11150;396;12299;12413;5.36;0.33;306.44;12.06;1149;35;4269.00;114
11151;34;623854145;11151;390;12300;12414;5.44;0.33;306.42;12.06;1149;35;4270.00;114
11156;34;623854157;11156;387;12301;12414;5.43;0.33;306.45;12.06;1145;35;4271.00;113
11162;34;623854170;11162;392;12311;12427;5.46;0.33;306.52;12.05;1149;35;4272.00;116
11165;34;623854184;11165;395;12311;12427;5.37;0.33;306.52;12.05;1146;35;4273.00;116
11172;34;623854197;11172;399;12312;12427;5.32;0.32;306.48;12.05;1140;35;4274.00;115
11176;34;623854209;11176;406;12314;12429;5.31;0.32;306.60;12.05;1138;35;4275.00;115
11180;34;623854222;11180;406;12314;12429;5.25;0.32;306.72;12.05;1134;35;4276.00;115
11182;34;623854235;11182;402;12318;12433;5.24;0.32;306.73;12.05;1136;35;4277.00;115
11186;34;623854248;11186;398;12318;12433;5.18;0.32;306.83;12.05;1132;35;4278.00;115
11189;34;623854260;11189;396;12321;12437;5.18;0.32;306.88;12.05;1132;35;4279.00;116
11194;34;623854272;11194;398;12321;12437;5.15;0.31;306.96;12.05;1127;35;4280.00;116
11197;34;623854288;11197;404;12321;12437;5.12;0.31;306.92;12.05;1124;35;4281.00;116
11202;34;623854307;11202;404;12321;12437;5.06;0.31;306.97;12.05;1119;35;4282.00;116
11205;34;623854325;11205;414;12321;12437;4.98;0.30;306.96;12.05;1116;35;4283.00;116
11209;34;623854346;11209;419;12331;12449;4.96;0.30;306.95;12.04;1122;35;4284.00;118
11211;34;623854365;11211;428;12331;12449;4.89;0.30;306.96;12.04;1120;35;4285.00;118
11215;34;623854384;11215;435;12332;12449;4.86;0.30;306.98;12.03;1117;35;4286.00;117
11218;34;623854400;11218;445;12332;12449;4.82;0.29;307.00;12.03;1114;35;4287.00;117
11219;34;623854413;11219;448;12332;12449;4.80;0.29;307.00;12.03;1113;35;4288.00;117
11227;34;623854424;11227;454;12332;12449;4.68;0.29;306.88;12.03;1105;35;4289.00;117
11229;34;623854440;11229;457;12332;12450;4.61;0.28;306.92;12.03;1103;35;4290.00;118
11231;34;623854452;11231;453;12332;12450;4.57;0.28;306.90;12.03;1101;35;4291.00;118
11234;34;623854465;11234;453;12337;12456;4.55;0.28;306.96;12.03;1103;35;4292.00;119
11235;34;623854479;11235;450;12338;12457;4.55;0.28;306.94;12.03;1103;35;4293.00;119
11237;34;623854490;11237;452;12338;12457;4.50;0.28;306.93;12.03;1101;35;4294.00;119
11237;34;623854502;11237;449;12338;12457;4.47;0.27;306.93;12.03;1101;35;4295.00;119
11240;34;623854515;11240;449;12341;12461;4.42;0.27;306.88;12.03;1101;35;4296.00;120
11245;34;623854529;11245;436;12341;12461;4.36;0.27;306.88;12.03;1096;35;4297.00;120
11245;34;623854542;11245;434;12341;12461;4.37;0.27;306.88;12.03;1096;35;4298.00;120
11246;34;623854556;11246;437;12342;12462;4.42;0.27;306.85;12.03;1096;35;4299.00;120
11248;34;623854570;11248;436;12345;12466;4.49;0.27;306.90;12.02;1097;35;4300.00;121
11250;34;623854588;11250;437;12345;12466;4.53;0.28;306.94;12.02;1095;35;4301.00;121
11251;34;623854600;11251;439;12347;12469;4.65;0.28;306.92;12.02;1096;35;4302.00;122
11255;34;623854613;11255;439;12347;12469;4.68;0.29;306.92;12.02;1092;35;4303.00;122
11255;34;623854625;11255;432;12348;12469;4.75;0.29;306.92;12.02;1093;35;4304.00;121
11257;34;623854637;11257;435;12348;12469;4.78;0.29;306.89;12.02;1091;35;4305.00;121
11260;34;623854655;11260;421;12353;12473;4.84;0.30;306.87;12.13;1093;35;4306.00;120
11260;34;623854668;11260;421;12353;12473;4.93;0.30;306.87;12.13;1093;35;4307.00;120
11261;34;623854686;11261;414;12353;12473;4.98;0.31;306.85;12.13;1092;35;4308.00;120
11264;34;623854698;11264;408;12353;12473;5.01;0.31;306.82;12.13;1089;35;4309.00;120
11268;34;623854709;11268;392;12353;12474;5.05;0.31;306.81;12.13;1085;35;4310.00;121
11269;34;623854727;11269;385;12354;12475;5.13;0.31;306.81;12.13;1085;35;4311.00;121
11269;34;623854740;11269;384;12354;12475;5.15;0.32;306.81;12.13;1085;35;4312.00;121
11272;34;623854752;11272;386;12355;12476;5.18;0.32;306.81;12.13;1083;35;4313.00;121
11274;34;623854765;11274;379;12355;12476;5.18;0.32;306.80;12.13;1081;35;4314.00;121
11278;34;623854777;11278;377;12355;12476;5.18;0.31;306.80;12.13;1077;35;4315.00;121
11280;34;623854789;11280;387;12355;12476;5.17;0.31;306.81;12.13;1075;35;4316.00;121
11282;34;623854801;11282;374;12355;12476;5.21;0.32;306.78;12.13;1073;35;4317.00;121
11284;34;623854813;11284;369;12355;12476;5.23;0.32;306.77;12.13;1071;35;4318.00;121
11285;34;623854825;11285;364;12355;12476;5.30;0.32;306.75;12.13;1070;35;4319.00;121
11286;34;623854839;11286;410;12469;12706;5.67;0.35;306.74;12.02;1183;35;4320.00;237
11289;34;623854870;11289;401;12474;12707;5.70;0.36;306.74;12.13;1185;35;4321.00;233
11291;34;623854883;11291;381;12485;12707;5.77;0.36;306.77;12.12;1194;35;4322.00;222
11293;34;623854896;11293;365;12490;12707;5.80;0.36;306.77;12.12;1197;35;4323.00;217
11296;34;623854909;11296;353;12496;12707;5.80;0.36;306.82;12.11;1200;35;4324.00;211
11298;34;623854922;11298;349;12500;12707;5.89;0.37;306.88;12.11;1202;35;4325.00;207
11298;34;623854935;11298;334;12504;12707;5.95;0.37;306.88;12.11;1206;35;4326.00;203
11301;34;623854948;11301;333;12510;12707;5.97;0.37;306.92;12.11;1209;35;4327.00;197
11302;34;623854962;11302;335;12514;12708;6.05;0.38;306.92;12.10;1212;35;4328.00;194
11302;34;623854976;11302;327;12520;12709;6.07;0.38;306.92;12.10;1218;35;4329.00;189
11302;34;623854990;11302;321;12526;12709;6.07;0.38;306.92;12.10;1224;35;4330.00;183
11303;34;623855003;11303;329;12528;12710;6.12;0.38;306.93;12.10;1225;35;4331.00;182
11306;34;623855017;11306;332;12532;12710;6.12;0.38;306.94;12.10;1226;35;4332.00;178
11307;34;623855031;11307;330;12533;12710;6.13;0.38;306.95;12.10;1226;35;4333.00;177
11307;34;623855046;11307;329;12534;12710;6.18;0.38;306.95;12.10;1227;35;4334.00;176
11309;34;623855059;11309;332;12537;12714;6.17;0.38;306.96;12.10;1228;35;4335.00;177
11312;34;623855074;11312;340;12537;12714;6.17;0.38;306.99;12.10;1225;35;4336.00;177
11315;34;623855089;11315;339;12538;12714;6.16;0.38;307.00;12.10;1223;35;4337.00;176
11316;34;623855103;11316;342;12539;12717;6.20;0.38;306.99;12.10;1223;35;4338.00;178
11317;34;623855117;11317;339;12539;12717;6.29;0.38;306.98;12.10;1222;35;4339.00;178
11319;34;623855132;11319;336;12540;12717;6.35;0.39;306.98;12.10;1221;35;4340.00;177
11319;34;623855147;11319;338;12543;12721;6.40;0.39;306.98;12.10;1224;35;4341.00;178
11321;34;623855168;11321;341;12544;12722;6.43;0.39;306.98;12.10;1223;35;4342.00;178
11323;34;623855183;11323;341;12544;12722;6.50;0.40;306.98;12.10;1221;35;4343.00;178
11324;34;623855198;11324;343;12546;12726;6.59;0.40;306.96;12.09;1222;35;4344.00;180
11325;34;623855213;11325;345;12546;12726;6.61;0.40;306.96;12.09;1221;35;4345.00;180
11329;34;623855228;11329;346;12547;12726;6.59;0.40;307.01;12.10;1218;35;4346.00;179
11331;35;623855250;11331;344;12547;12727;6.59;0.40;307.04;12.10;1216;36;4347.00;180
11336;35;623855278;11336;337;12549;12727;6.56;0.40;307.07;12.21;1213;36;4348.00;178
11340;35;623855295;11340;335;12553;12733;6.55;0.40;307.12;12.21;1213;36;4349.00;180
11343;35;623855312;11343;334;12554;12733;6.47;0.39;307.10;12.21;1211;36;4350.00;179
11348;35;623855327;11348;337;12554;12734;6.43;0.39;307.16;12.21;1206;36;4351.00;180
11349;35;623855343;11349;336;12555;12734;6.43;0.39;307.20;12.21;1206;36;4352.00;179
11351;35;623855361;11351;332;12558;12734;6.39;0.39;307.18;12.22;1207;36;4353.00;176
11354;35;623855375;11354;330;12558;12734;6.43;0.39;307.16;12.22;1204;36;4354.00;176
11355;35;623855390;11355;332;12561;12734;6.48;0.39;307.19;12.24;1206;36;4355.00;173
11357;35;623855405;11357;335;12569;12746;6.54;0.40;307.19;12.23;1212;36;4356.00;177
11362;35;623855420;11362;333;12570;12746;6.53;0.40;307.27;12.23;1208;36;4357.00;176
11364;35;623855434;11364;332;12573;12746;6.51;0.40;307.25;12.23;1209;36;4358.00;173
11366;35;623855448;11366;323;12573;12746;6.55;0.40;307.25;12.23;1207;36;4359.00;173
11369;35;623855462;11369;315;12573;12746;6.57;0.40;307.32;12.23;1204;36;4360.00;173
11371;35;623855477;11371;313;12575;12746;6.60;0.40;307.32;12.24;1204;36;4361.00;171
11376;35;623855491;11376;312;12579;12750;6.60;0.40;307.28;12.24;1203;36;4362.00;171
11379;35;623855505;11379;315;12579;12750;6.63;0.40;307.34;12.24;1200;36;4363.00;171
11380;35;623855519;11380;315;12581;12754;6.69;0.41;307.33;12.24;1201;36;4364.00;173
11382;35;623855534;11382;308;12585;12756;6.69;0.41;307.37;12.23;1203;36;4365.00;171
11388;35;623855548;11388;319;12587;12756;6.63;0.40;307.38;12.23;1199;36;4366.00;169
11390;35;623855562;11390;321;12587;12756;6.62;0.40;307.38;12.23;1197;36;4367.00;169
11392;35;623855576;11392;330;12600;12769;6.60;0.40;307.45;12.23;1208;36;4368.00;169
11393;35;623855592;11393;332;12600;12769;6.58;0.40;307.47;12.23;1207;36;4369.00;169
11394;35;623855606;11394;335;12600;12769;6.60;0.40;307.54;12.23;1206;36;4370.00;169
11400;35;623855619;11400;336;12604;12770;6.56;0.40;307.57;12.24;1204;36;4371.00;166
11403;35;623855633;11403;333;12604;12771;6.51;0.40;307.60;12.24;1201;36;4372.00;167
11404;35;623855648;11404;329;12604;12771;6.50;0.40;307.62;12.24;1200;36;4373.00;167
11406;35;623855661;11406;329;12609;12774;6.51;0.40;307.61;12.24;1203;36;4374.00;165
11407;35;623855675;11407;337;12609;12774;6.54;0.40;307.61;12.24;1202;36;4375.00;165
11407;35;623855689;11407;341;12610;12774;6.54;0.40;307.61;12.24;1203;36;4376.00;164
11409;35;623855702;11409;342;12610;12774;6.53;0.40;307.65;12.24;1201;36;4377.00;164
11411;35;623855715;11411;343;12615;12780;6.53;0.40;307.66;12.24;1204;36;4378.00;165
11414;35;623855730;11414;345;12616;12780;6.49;0.40;307.69;12.24;1202;36;4379.00;164
11416;35;623855745;11416;349;12617;12780;6.45;0.39;307.71;12.25;1201;36;4380.00;163
11420;35;623855759;11420;356;12618;12780;6.41;0.39;307.76;12.26;1198;36;4381.00;162
11422;35;623855773;11422;361;12621;12784;6.36;0.39;307.75;12.25;1199;36;4382.00;163
11428;35;623855786;11428;366;12625;12785;6.35;0.39;307.79;12.28;1197;36;4383.00;160
11431;35;623855800;11431;367;12626;12785;6.31;0.39;307.84;12.29;1195;36;4384.00;159
11433;35;623855814;11433;375;12630;12786;6.29;0.38;307.86;12.31;1197;36;4385.00;156
11435;35;623855827;11435;381;12632;12786;6.31;0.39;307.94;12.32;1197;36;4386.00;154
11437;35;623855841;11437;385;12633;12786;6.34;0.39;307.92;12.33;1196;36;4387.00;153
11443;35;623855854;11443;385;12636;12786;6.33;0.39;307.96;12.35;1193;36;4388.00;150
11447;35;623855874;11447;389;12638;12786;6.31;0.38;307.94;12.36;1191;36;4389.00;148
11449;35;623855891;11449;390;12639;12786;6.30;0.38;308.02;12.36;1190;36;4390.00;147
11452;35;623855905;11452;398;12641;12786;6.26;0.38;308.08;12.37;1189;36;4391.00;145
11455;35;623855918;11455;408;12682;12856;6.27;0.38;308.06;12.34;1227;36;4392.00;174
11456;35;623855938;11456;409;12684;12857;6.22;0.38;308.04;12.34;1228;36;4393.00;173
11458;35;623855951;11458;411;12690;12857;6.19;0.38;308.03;12.35;1232;36;4394.00;167
11460;35;623855965;11460;419;12691;12857;6.14;0.38;308.16;12.35;1231;36;4395.00;166
11463;35;623855979;11463;427;12693;12857;6.10;0.37;308.24;12.35;1230;36;4396.00;164
11466;35;623855999;11466;434;12696;12857;6.05;0.37;308.34;12.37;1230;36;4397.00;161
11468;35;623856012;11468;431;12697;12857;6.04;0.37;308.45;12.37;1229;36;4398.00;160
11470;35;623856026;11470;423;12699;12857;6.05;0.37;308.48;12.38;1229;36;4399.00;158
11472;35;623856040;11472;417;12700;12858;6.01;0.37;308.49;12.38;1228;36;4400.00;158
11474;35;623856064;11474;413;12704;12859;5.98;0.37;308.52;12.39;1230;36;4401.00;155
11477;35;623856078;11477;420;12706;12859;5.95;0.36;308.50;12.40;1229;36;4402.00;153
11483;35;623856092;11483;414;12711;12863;5.91;0.36;308.56;12.41;1228;36;4403.00;152
11484;35;623856106;11484;412;12714;12863;5.95;0.36;308.56;12.41;1230;36;4404.00;149
11487;35;623856119;11487;411;12716;12863;5.95;0.36;308.52;12.42;1229;36;4405.00;147
11492;35;623856133;11492;410;12717;12863;5.97;0.36;308.63;12.42;1225;36;4406.00;146
11494;35;623856147;11494;416;12722;12869;6.03;0.37;308.68;12.41;1228;36;4407.00;147
11499;35;623856161;11499;417;12725;12869;6.06;0.37;308.72;12.42;1226;36;4408.00;144
11501;35;623856175;11501;420;12725;12869;6.09;0.37;308.79;12.42;1224;36;4409.00;144
11504;35;623856190;11504;425;12728;12875;6.10;0.37;308.79;12.42;1224;36;4410.00;147
11507;35;623856204;11507;427;12729;12875;6.09;0.37;308.82;12.42;1222;36;4411.00;146
11511;35;623856218;11511;424;12730;12875;6.09;0.37;308.80;12.42;1219;36;4412.00;145
11515;35;623856231;11515;427;12730;12876;5.99;0.37;308.85;12.42;1215;36;4413.00;146
11521;35;623856245;11521;423;12732;12877;5.89;0.36;308.98;12.43;1211;36;4414.00;145
11524;35;623856259;11524;429;12733;12877;5.82;0.35;309.02;12.44;1209;36;4415.00;144
11528;35;623856273;11528;427;12742;12890;5.79;0.35;309.09;12.43;1214;36;4416.00;148
11533;35;623856292;11533;428;12743;12890;5.70;0.35;309.11;12.43;1210;36;4417.00;147
11538;35;623856312;11538;438;12745;12890;5.60;0.34;309.26;12.44;1207;36;4418.00;145
11539;35;623856331;11539;438;12746;12891;5.53;0.34;309.28;12.45;1207;36;4419.00;145
11544;35;623856350;11544;439;12747;12891;5.43;0.33;309.43;12.45;1203;36;4420.00;144
11547;35;623856369;11547;429;12752;12895;5.40;0.33;309.49;12.45;1205;36;4421.00;143
11550;35;623856388;11550;421;12753;12895;5.35;0.33;309.53;12.45;1203;36;4422.00;142
11553;35;623856404;11553;412;12757;12899;5.35;0.33;309.62;12.46;1204;36;4423.00;142
11558;35;623856418;11558;398;12758;12899;5.31;0.32;309.61;12.47;1200;36;4424.00;141
11562;35;623856432;11562;392;12758;12899;5.29;0.32;309.70;12.47;1196;36;4425.00;141
11564;35;623856446;11564;400;12760;12899;5.31;0.32;309.75;12.47;1196;36;4426.00;139
11565;35;623856461;11565;393;12762;12899;5.34;0.33;309.75;12.47;1197;36;4427.00;137
11567;35;623856476;11567;395;12772;12911;5.44;0.33;309.81;12.47;1205;36;4428.00;139
11569;35;623856491;11569;389;12773;12911;5.43;0.33;309.87;12.47;1204;36;4429.00;138
11572;35;623856505;11572;390;12773;12911;5.42;0.33;309.85;12.47;1201;36;4430.00;138
11576;35;623856519;11576;388;12774;12911;5.44;0.33;309.92;12.47;1198;36;4431.00;137
11581;35;623856533;11581;386;12775;12911;5.48;0.33;309.95;12.47;1194;36;4432.00;136
11584;35;623856547;11584;391;12775;12911;5.49;0.34;309.95;12.47;1191;36;4433.00;136
11586;35;623856560;11586;399;12777;12912;5.54;0.34;309.94;12.47;1191;36;4434.00;135
11589;35;623856573;11589;395;12777;12912;5.53;0.34;310.00;12.47;1188;36;4435.00;135
11593;35;623856588;11593;401;12782;12918;5.56;0.34;310.04;12.47;1189;36;4436.00;136
11597;35;623856603;11597;403;12784;12919;5.51;0.34;310.15;12.47;1187;36;4437.00;135
11600;35;623856617;11600;404;12785;12919;5.51;0.34;310.13;12.47;1185;36;4438.00;134
11602;35;623856629;11602;405;12786;12919;5.50;0.34;310.16;12.47;1184;36;4439.00;133
11606;35;623856645;11606;405;12791;12924;5.52;0.34;310.14;12.46;1185;36;4440.00;133
11612;35;623856658;11612;409;12791;12924;5.43;0.33;310.12;12.46;1179;36;4441.00;133
11615;35;623856672;11615;413;12791;12924;5.41;0.33;310.10;12.46;1176;36;4442.00;133
11621;35;623856685;11621;421;12792;12925;5.36;0.33;310.11;12.46;1171;36;4443.00;133
11627;35;623856699;11627;423;12795;12929;5.34;0.33;310.09;12.46;1168;36;4444.00;134
11629;35;623856712;11629;428;12795;12929;5.30;0.32;310.13;12.46;1166;36;4445.00;134
11634;35;623856726;11634;429;12797;12932;5.27;0.32;310.17;12.46;1163;36;4446.00;135
11638;35;623856740;11638;434;12798;12932;5.24;0.32;310.16;12.46;1160;36;4447.00;134
11643;35;623856753;11643;438;12798;12932;5.19;0.32;310.14;12.46;1155;36;4448.00;134
11645;35;623856766;11645;438;12798;12932;5.17;0.32;310.11;12.46;1153;36;4449.00;134
11649;35;623856780;11649;439;12802;12936;5.18;0.32;310.11;12.45;1153;36;4450.00;134
11655;35;623856794;11655;442;12802;12936;5.08;0.31;310.08;12.45;1147;36;4451.00;134
11658;35;623856808;11658;447;12802;12936;5.04;0.31;310.10;12.45;1144;36;4452.00;134
11661;35;623856822;11661;446;12802;12936;5.01;0.31;310.10;12.45;1141;36;4453.00;134
11665;35;623856834;11665;447;12802;12937;4.89;0.30;310.08;12.45;1137;36;4454.00;135
11669;35;623856847;11669;457;12804;12939;4.86;0.30;309.99;12.45;1135;36;4455.00;135
11672;35;623856860;11672;455;12804;12939;4.81;0.29;309.99;12.45;1132;36;4456.00;135
11674;35;623856872;11674;458;12805;12940;4.80;0.29;310.00;12.45;1131;36;4457.00;135
11681;35;623856884;11681;464;12805;12940;4.73;0.29;309.94;12.45;1124;36;4458.00;135
11688;35;623856896;11688;464;12805;12940;4.68;0.29;309.87;12.45;1117;36;4459.00;135
11692;35;623856909;11692;467;12805;12940;4.64;0.28;309.88;12.45;1113;36;4460.00;135
11696;35;623856921;11696;470;12805;12940;4.57;0.28;309.83;12.45;1109;36;4461.00;135
11700;35;623856933;11700;475;12805;12940;4.51;0.28;309.80;12.45;1105;36;4462.00;135
11703;35;623856945;11703;486;12805;12940;4.45;0.27;309.80;12.45;1102;36;4463.00;135
11707;35;623856956;11707;511;12870;13067;4.86;0.30;309.80;12.39;1163;36;4464.00;197
11708;35;623856978;11708;512;12874;13068;4.91;0.30;309.79;12.38;1166;36;4465.00;194
11712;35;623856990;11712;515;12885;13068;4.92;0.30;309.75;12.37;1173;36;4466.00;183
11714;35;623857002;11714;504;12888;13068;4.90;0.30;309.74;12.37;1174;36;4467.00;180
11717;35;623857014;11717;490;12893;13068;4.92;0.31;309.73;12.37;1176;36;4468.00;175
11721;35;623857027;11721;487;12895;13068;4.88;0.30;309.78;12.37;1174;36;4469.00;173
11723;35;623857041;11723;484;12897;13068;4.86;0.30;309.79;12.37;1174;36;4470.00;171
11726;35;623857062;11726;487;12900;13068;4.86;0.30;309.79;12.37;1174;36;4471.00;168
11727;35;623857076;11727;492;12902;13069;4.86;0.30;309.78;12.36;1175;36;4472.00;167
11727;35;623857089;11727;488;12904;13070;4.83;0.30;309.78;12.36;1177;36;4473.00;166
11728;35;623857103;11728;489;12906;13070;4.76;0.29;309.77;12.36;1178;36;4474.00;164
11729;35;623857116;11729;477;12908;13071;4.76;0.29;309.79;12.36;1179;36;4475.00;163
11731;35;623857130;11731;458;12910;13071;4.81;0.30;309.84;12.36;1179;36;4476.00;161
11732;35;623857144;11732;440;12912;13071;4.90;0.30;309.85;12.36;1180;36;4477.00;159
11732;35;623857158;11732;427;12914;13071;5.01;0.31;309.85;12.36;1182;36;4478.00;157
11733;35;623857172;11733;408;12918;13075;5.19;0.32;309.86;12.36;1185;36;4479.00;157
11735;35;623857187;11735;389;12920;13075;5.33;0.33;309.83;12.36;1185;36;4480.00;155
11738;35;623857202;11738;382;12920;13075;5.42;0.33;309.80;12.36;1182;36;4481.00;155
11738;36;623857231;11738;375;12923;13078;5.56;0.34;309.80;12.36;1185;37;4482.00;155
11739;36;623857262;11739;364;12923;13078;5.72;0.35;309.82;12.36;1184;37;4483.00;155
11739;36;623857281;11739;360;12925;13078;5.82;0.35;309.82;12.36;1186;37;4484.00;153
11739;36;623857301;11739;356;12929;13082;5.90;0.36;309.82;12.48;1190;37;4485.00;153
11740;36;623857318;11740;349;12931;13083;6.02;0.37;309.79;12.48;1191;37;4486.00;152
11740;36;623857334;11740;346;12932;13083;6.10;0.37;309.79;12.48;1192;37;4487.00;151
11741;36;623857349;11741;336;12935;13087;6.18;0.38;309.80;12.48;1194;37;4488.00;152
11743;36;623857364;11743;334;12937;13087;6.24;0.38;309.78;12.48;1194;37;4489.00;150
11744;36;623857385;11744;322;12938;13087;6.29;0.39;309.77;12.48;1194;37;4490.00;149
11746;36;623857399;11746;322;12939;13088;6.34;0.39;309.78;12.48;1193;37;4491.00;149
11748;36;623857418;11748;321;12939;13088;6.39;0.39;309.77;12.48;1191;37;4492.00;149
11751;36;623857432;11751;319;12944;13094;6.47;0.40;309.80;12.48;1193;37;4493.00;150
11753;36;623857447;11753;322;12945;13094;6.53;0.40;309.79;12.48;1192;37;4494.00;149
11756;36;623857461;11756;317;12946;13095;6.60;0.40;309.75;12.48;1190;37;4495.00;149
11761;36;623857477;11761;319;12946;13095;6.59;0.40;309.76;12.48;1185;37;4496.00;149
11762;36;623857491;11762;308;12946;13095;6.63;0.40;309.75;12.48;1184;37;4497.00;149
11767;36;623857505;11767;310;12946;13095;6.64;0.40;309.77;12.48;1179;37;4498.00;149
11770;36;623857519;11770;311;12946;13095;6.63;0.40;309.83;12.48;1176;37;4499.00;149
11772;36;623857538;11772;307;12971;13145;6.65;0.41;309.85;12.45;1199;37;4500.00;174
11775;36;623857560;11775;306;12972;13147;6.67;0.41;309.83;12.45;1197;37;4501.00;175
11780;36;623857575;11780;308;12976;13147;6.70;0.41;309.96;12.45;1196;37;4502.00;171
11782;36;623857590;11782;306;12976;13147;6.74;0.41;309.98;12.45;1194;37;4503.00;171
11785;36;623857604;11785;306;12978;13147;6.78;0.41;310.03;12.45;1193;37;4504.00;169
11789;36;623857619;11789;299;12978;13147;6.81;0.41;310.11;12.45;1189;37;4505.00;169
11790;36;623857634;11790;304;12983;13151;6.84;0.42;310.13;12.44;1193;37;4506.00;168
11791;36;623857650;11791;311;12984;13151;6.93;0.42;310.18;12.44;1193;37;4507.00;167
11793;36;623857672;11793;305;12987;13155;7.01;0.43;310.24;12.44;1194;37;4508.00;168
11795;36;623857689;11795;301;12988;13156;7.07;0.43;310.28;12.44;1193;37;4509.00;168
11797;36;623857704;11797;305;12988;13156;7.13;0.43;310.38;12.44;1191;37;4510.00;168
11797;36;623857720;11797;306;12989;13156;7.16;0.43;310.38;12.44;1192;37;4511.00;167
11798;36;623857734;11798;304;12999;13169;7.21;0.44;310.43;12.43;1201;37;4512.00;170
11802;36;623857750;11802;301;13000;13169;7.15;0.43;310.44;12.43;1198;37;4513.00;169
11806;36;623857765;11806;296;13000;13169;7.04;0.43;310.53;12.43;1194;37;4514.00;169
11808;36;623857780;11808;290;13001;13170;7.02;0.42;310.53;12.43;1193;37;4515.00;169
11811;36;623857795;11811;303;13001;13171;6.98;0.42;310.54;12.43;1190;37;4516.00;170
11814;36;623857811;11814;299;13002;13171;6.98;0.42;310.59;12.43;1188;37;4517.00;169
11814;36;623857826;11814;300;13004;13174;6.99;0.42;310.59;12.43;1190;37;4518.00;170
11817;36;623857841;11817;294;13005;13174;6.97;0.42;310.64;12.43;1188;37;4519.00;169
11821;36;623857856;11821;292;13006;13174;6.97;0.42;310.66;12.43;1185;37;4520.00;168
11822;36;623857870;11822;296;13006;13174;6.95;0.42;310.66;12.43;1184;37;4521.00;168
11824;36;623857884;11824;286;13010;13180;6.94;0.42;310.64;12.42;1186;37;4522.00;170
11828;36;623857899;11828;281;13011;13180;6.85;0.42;310.69;12.42;1183;37;4523.00;169
11830;36;623857914;11830;275;13012;13180;6.90;0.42;310.74;12.44;1182;37;4524.00;168
11834;36;623857930;11834;273;13014;13180;6.87;0.42;310.76;12.45;1180;37;4525.00;166
11838;36;623857945;11838;269;13017;13184;6.84;0.42;310.78;12.45;1179;37;4526.00;167
11841;36;623857960;11841;271;13018;13185;6.86;0.42;310.83;12.45;1177;37;4527.00;167
11843;36;623857975;11843;272;13018;13185;6.90;0.42;310.82;12.45;1175;37;4528.00;167
11846;36;623857989;11846;274;13020;13186;6.93;0.42;310.83;12.45;1174;37;4529.00;166
11847;36;623858006;11847;271;13021;13186;6.89;0.42;310.83;12.57;1174;37;4530.00;165
11850;36;623858020;11850;264;13022;13186;6.90;0.42;310.86;12.57;1172;37;4531.00;164
11856;36;623858035;11856;261;13022;13186;6.83;0.41;310.82;12.57;1166;37;4532.00;164
11859;36;623858049;11859;267;13022;13186;6.78;0.41;310.82;12.57;1163;37;4533.00;164
11863;36;623858063;11863;265;13022;13186;6.74;0.41;310.88;12.57;1159;37;4534.00;164
11866;36;623858077;11866;270;13023;13186;6.72;0.41;310.93;12.58;1157;37;4535.00;163
11867;36;623858090;11867;286;13059;13256;6.78;0.41;310.96;12.54;1192;37;4536.00;197
11870;36;623858110;11870;292;13061;13257;6.77;0.41;310.95;12.54;1191;37;4537.00;196
11872;36;623858124;11872;284;13067;13257;6.83;0.42;310.93;12.54;1195;37;4538.00;190
11878;36;623858138;11878;284;13070;13257;6.79;0.41;310.99;12.54;1192;37;4539.00;187
11880;36;623858153;11880;282;13074;13257;6.81;0.41;311.04;12.54;1194;37;4540.00;183
11882;36;623858167;11882;286;13078;13257;6.81;0.41;311.08;12.53;1196;37;4541.00;179
11885;36;623858180;11885;289;13081;13257;6.77;0.41;311.09;12.54;1196;37;4542.00;176
11888;36;623858195;11888;293;13083;13257;6.74;0.41;311.18;12.54;1195;37;4543.00;174
11890;36;623858208;11890;295;13087;13258;6.77;0.41;311.21;12.53;1197;37;4544.00;171
11894;37;623858222;11894;294;13091;13260;6.76;0.41;311.24;12.53;1197;38;4545.00;169
11897;37;623858242;11897;283;13092;13260;6.74;0.41;311.27;12.53;1195;38;4546.00;168
11899;37;623858257;11899;294;13099;13264;6.72;0.41;311.26;12.54;1200;38;4547.00;165
11903;37;623858272;11903;297;13100;13264;6.68;0.41;311.34;12.54;1197;38;4548.00;164
11903;37;623858287;11903;298;13101;13264;6.69;0.41;311.34;12.54;1198;38;4549.00;163
11905;37;623858306;11905;309;13102;13264;6.65;0.40;311.39;12.55;1197;38;4550.00;162
11907;37;623858329;11907;320;13108;13270;6.63;0.40;311.47;12.55;1201;38;4551.00;162
11908;37;623858353;11908;325;13108;13270;6.65;0.41;311.47;12.55;1200;38;4552.00;162
11912;37;623858372;11912;329;13110;13270;6.61;0.40;311.50;12.57;1198;38;4553.00;160
11915;37;623858392;11915;331;13112;13273;6.56;0.40;311.54;12.57;1197;38;4554.00;161
11916;37;623858409;11916;334;13114;13273;6.54;0.40;311.52;12.58;1198;38;4555.00;159
11918;37;623858424;11918;344;13115;13273;6.51;0.40;311.58;12.58;1197;38;4556.00;158
11921;37;623858444;11921;346;13116;13274;6.49;0.40;311.58;12.60;1195;38;4557.00;158
11927;37;623858459;11927;346;13117;13275;6.44;0.39;311.67;12.60;1190;38;4558.00;158
11931;37;623858476;11931;351;13119;13275;6.38;0.39;311.72;12.61;1188;38;4559.00;156
11934;37;623858494;11934;359;13138;13301;6.33;0.38;311.79;12.61;1204;38;4560.00;163
11935;37;623858510;11935;361;13140;13301;6.30;0.38;311.83;12.61;1205;38;4561.00;161
11941;37;623858525;11941;364;13143;13301;6.28;0.38;311.90;12.62;1202;38;4562.00;158
11944;37;623858539;11944;369;13144;13302;6.26;0.38;311.99;12.62;1200;38;4563.00;158
11948;37;623858554;11948;368;13146;13302;6.17;0.37;312.02;12.63;1198;38;4564.00;156
11951;37;623858568;11951;371;13150;13306;6.10;0.37;312.12;12.63;1199;38;4565.00;156
11953;37;623858583;11953;373;13153;13306;6.00;0.36;312.20;12.65;1200;38;4566.00;153
11955;37;623858597;11955;382;13156;13310;5.86;0.36;312.29;12.64;1201;38;4567.00;154
11959;37;623858610;11959;379;13157;13310;5.76;0.35;312.42;12.65;1198;38;4568.00;153
11961;37;623858623;11961;380;13158;13310;5.71;0.35;312.42;12.66;1197;38;4569.00;152
11964;37;623858638;11964;377;13159;13310;5.63;0.34;312.49;12.67;1195;38;4570.00;151
11964;37;623858652;11964;382;13159;13310;5.61;0.34;312.49;12.67;1195;38;4571.00;151
11968;37;623858666;11968;384;13169;13322;5.63;0.34;312.62;12.67;1201;38;4572.00;153
11970;37;623858680;11970;381;13169;13322;5.63;0.34;312.60;12.67;1199;38;4573.00;153
11971;37;623858694;11971;378;13171;13322;5.65;0.35;312.66;12.67;1200;38;4574.00;151
11975;37;623858707;11975;390;13173;13322;5.63;0.34;312.73;12.68;1198;38;4575.00;149
11977;37;623858721;11977;393;13173;13322;5.65;0.35;312.73;12.68;1196;38;4576.00;149
11979;37;623858734;11979;393;13174;13322;5.66;0.35;312.76;12.69;1195;38;4577.00;148
11984;37;623858747;11984;395;13176;13323;5.62;0.35;312.83;12.71;1192;38;4578.00;147
11987;37;623858761;11987;395;13177;13323;5.63;0.35;312.85;12.72;1190;38;4579.00;146
11989;37;623858774;11989;407;13183;13329;5.67;0.35;312.91;12.71;1194;38;4580.00;146
11994;37;623858788;11994;407;13184;13330;5.62;0.35;313.08;12.71;1190;38;4581.00;146
11994;38;623858801;11994;412;13185;13330;5.56;0.34;313.08;12.72;1191;39;4582.00;145
11999;38;623858833;11999;408;13185;13330;5.41;0.33;313.15;12.72;1186;39;4583.00;145
12006;38;623858847;12006;411;13188;13334;5.32;0.33;313.20;12.72;1182;39;4584.00;146
12007;38;623858861;12007;414;13189;13334;5.20;0.32;313.21;12.72;1182;39;4585.00;145
12012;38;623858873;12012;416;13192;13334;5.05;0.31;313.20;12.75;1180;39;4586.00;142
12017;38;623858885;12017;430;13194;13335;4.91;0.30;313.24;12.76;1177;39;4587.00;141
12021;38;623858899;12021;437;13198;13339;4.83;0.30;313.23;12.76;1177;39;4588.00;141
12024;38;623858912;12024;436;13198;13339;4.74;0.29;313.35;12.76;1174;39;4589.00;141
12027;38;623858926;12027;428;13203;13345;4.69;0.29;313.33;12.77;1176;39;4590.00;142
12031;38;623858939;12031;427;13204;13345;4.60;0.28;313.36;12.77;1173;39;4591.00;141
12038;38;623858951;12038;429;13206;13345;4.54;0.28;313.39;12.77;1168;39;4592.00;139
12041;38;623858963;12041;422;13207;13345;4.53;0.28;313.42;12.78;1166;39;4593.00;138
12043;38;623858976;12043;427;13212;13349;4.57;0.28;313.42;12.78;1169;39;4594.00;137
12047;38;623858988;12047;434;13213;13349;4.54;0.28;313.41;12.79;1166;39;4595.00;136
12049;38;623859001;12049;434;13213;13349;4.56;0.28;313.40;12.79;1164;39;4596.00;136
12051;38;623859014;12051;431;13213;13349;4.57;0.28;313.44;12.79;1162;39;4597.00;136
12054;38;623859026;12054;417;13213;13350;4.56;0.28;313.42;12.79;1159;39;4598.00;137
12056;38;623859039;12056;415;13214;13351;4.54;0.28;313.44;12.79;1158;39;4599.00;137
12061;38;623859052;12061;409;13214;13351;4.51;0.28;313.38;12.79;1153;39;4600.00;137
12063;38;623859069;12063;406;13216;13352;4.51;0.28;313.35;12.92;1153;39;4601.00;136
12068;38;623859083;12068;402;13216;13352;4.46;0.27;313.31;12.92;1148;39;4602.00;136
12072;38;623859095;12072;399;13216;13352;4.43;0.27;313.33;12.92;1144;39;4603.00;136
12076;38;623859108;12076;399;13216;13352;4.45;0.27;313.33;12.92;1140;39;4604.00;136
12079;38;623859120;12079;394;13216;13352;4.47;0.27;313.33;12.92;1137;39;4605.00;136
12084;38;623859132;12084;394;13216;13352;4.43;0.27;313.29;12.92;1132;39;4606.00;136
12087;38;623859145;12087;395;13216;13352;4.45;0.27;313.23;12.92;1129;39;4607.00;136
12090;38;623859157;12090;403;13279;13479;4.92;0.31;313.21;12.85;1189;39;4608.00;200
12094;38;623859178;12094;402;13283;13480;4.94;0.31;313.18;12.85;1189;39;4609.00;197
12099;38;623859191;12099;406;13291;13480;5.01;0.31;313.19;12.84;1192;39;4610.00;189
12103;38;623859204;12103;406;13295;13480;5.02;0.31;313.15;12.84;1192;39;4611.00;185
12106;38;623859217;12106;406;13300;13480;5.06;0.31;313.11;12.84;1194;39;4612.00;180
12108;38;623859230;12108;413;13304;13480;5.03;0.31;313.11;12.84;1196;39;4613.00;176
12111;38;623859244;12111;421;13306;13480;4.94;0.31;313.11;12.83;1195;39;4614.00;174
12114;38;623859257;12114;424;13308;13480;4.89;0.30;313.14;12.83;1194;39;4615.00;172
12117;38;623859270;12117;438;13310;13481;4.86;0.30;313.13;12.83;1193;39;4616.00;171
12121;38;623859283;12121;441;13312;13482;4.77;0.29;313.15;12.83;1191;39;4617.00;170
12122;38;623859297;12122;439;13315;13482;4.72;0.29;313.16;12.83;1193;39;4618.00;167
12124;38;623859310;12124;453;13317;13483;4.64;0.29;313.17;12.83;1193;39;4619.00;166
12126;38;623859324;12126;459;13318;13483;4.58;0.28;313.15;12.83;1192;39;4620.00;165
12129;38;623859336;12129;461;13322;13483;4.56;0.28;313.15;12.83;1193;39;4621.00;161
12131;38;623859349;12131;462;13325;13483;4.56;0.28;313.14;12.96;1194;39;4622.00;158
12133;38;623859362;12133;467;13329;13487;4.54;0.28;313.16;12.96;1196;39;4623.00;158
12137;38;623859374;12137;467;13332;13487;4.54;0.28;313.14;12.96;1195;39;4624.00;155
12139;38;623859387;12139;474;13333;13487;4.56;0.28;313.16;12.96;1194;39;4625.00;154
12143;38;623859399;12143;470;13336;13490;4.53;0.28;313.11;12.96;1193;39;4626.00;154
12145;38;623859417;12145;460;13338;13490;4.55;0.28;313.12;12.96;1193;39;4627.00;152
12146;38;623859429;12146;448;13339;13490;4.60;0.28;313.13;12.96;1193;39;4628.00;151
12149;38;623859441;12149;441;13344;13494;4.65;0.29;313.13;12.96;1195;39;4629.00;150
12152;38;623859454;12152;439;13346;13495;4.70;0.29;313.09;12.96;1194;39;4630.00;149
12153;38;623859466;12153;434;13347;13495;4.74;0.29;313.07;12.96;1194;39;4631.00;148
12157;38;623859479;12157;433;13350;13499;4.76;0.29;313.15;12.95;1193;39;4632.00;149
12161;38;623859492;12161;431;13351;13499;4.77;0.29;313.12;12.95;1190;39;4633.00;148
12162;38;623859512;12162;430;13351;13499;4.83;0.30;313.10;12.95;1189;39;4634.00;148
12165;38;623859530;12165;434;13353;13501;4.82;0.30;313.09;12.95;1188;39;4635.00;148
12166;38;623859542;12166;437;13354;13501;4.83;0.30;313.09;13.08;1188;39;4636.00;147
12171;38;623859562;12171;423;13359;13507;4.88;0.30;313.05;13.08;1188;39;4637.00;148
12173;39;623859575;12173;420;13359;13507;4.94;0.30;313.03;13.08;1186;40;4638.00;148
12175;39;623859595;12175;408;13360;13508;5.00;0.31;312.99;13.21;1185;40;4639.00;148
12177;40;623859612;12177;402;13360;13508;5.07;0.31;313.02;13.21;1183;41;4640.00;148
12180;40;623859637;12180;396;13360;13508;5.12;0.31;313.00;13.21;1180;41;4641.00;148
12182;40;623859651;12182;395;13361;13508;5.20;0.32;313.00;13.34;1179;41;4642.00;147
12186;40;623859671;12186;402;13361;13508;5.24;0.32;312.96;13.34;1175;41;4643.00;147
12187;40;623859684;12187;399;13370;13520;5.37;0.33;312.96;13.33;1183;41;4644.00;150
12189;40;623859698;12189;405;13370;13520;5.40;0.33;312.99;13.33;1181;41;4645.00;150
12191;40;623859717;12191;393;13373;13520;5.47;0.33;313.00;13.46;1182;41;4646.00;147
12193;40;623859731;12193;382;13373;13520;5.53;0.34;313.01;13.46;1180;41;4647.00;147
12195;40;623859745;12195;369;13373;13520;5.59;0.34;313.03;13.46;1178;41;4648.00;147
12196;40;623859759;12196;359;13373;13520;5.68;0.35;313.06;13.46;1177;41;4649.00;147
12197;40;623859774;12197;356;13378;13526;5.81;0.35;313.09;13.45;1181;41;4650.00;148
12200;40;623859789;12200;338;13378;13526;5.93;0.36;313.12;13.45;1178;41;4651.00;148
12203;40;623859804;12203;332;13382;13530;6.07;0.37;313.13;13.45;1179;41;4652.00;148
12204;40;623859819;12204;327;13383;13531;6.21;0.38;313.18;13.45;1179;41;4653.00;148
12205;40;623859833;12205;325;13383;13531;6.28;0.38;313.18;13.45;1178;41;4654.00;148
12208;40;623859848;12208;317;13383;13531;6.37;0.39;313.19;13.45;1175;41;4655.00;148
12211;40;623859862;12211;320;13394;13544;6.48;0.39;313.19;13.44;1183;41;4656.00;150
12212;40;623859878;12212;313;13394;13544;6.56;0.40;313.22;13.44;1182;41;4657.00;150
12216;40;623859892;12216;301;13394;13544;6.60;0.40;313.32;13.44;1178;41;4658.00;150
12218;40;623859906;12218;302;13395;13545;6.69;0.41;313.36;13.44;1177;41;4659.00;150
12219;40;623859921;12219;294;13395;13546;6.75;0.41;313.37;13.44;1176;41;4660.00;151
12221;40;623859936;12221;287;13396;13546;6.78;0.41;313.45;13.57;1175;41;4661.00;150
12222;40;623859951;12222;282;13398;13549;6.82;0.42;313.45;13.57;1176;41;4662.00;151
12225;40;623859972;12225;285;13398;13549;6.87;0.42;313.48;13.57;1173;41;4663.00;151
12226;40;623859987;12226;285;13399;13549;6.93;0.42;313.50;13.57;1173;41;4664.00;150
12231;40;623860001;12231;283;13399;13549;6.95;0.42;313.61;13.57;1168;41;4665.00;150
12233;40;623860016;12233;285;13404;13555;6.97;0.42;313.68;13.56;1171;41;4666.00;151
12237;40;623860031;12237;291;13404;13555;6.94;0.42;313.68;13.56;1167;41;4667.00;151
12239;40;623860048;12239;288;13404;13555;6.94;0.42;313.73;13.56;1165;41;4668.00;151
12242;40;623860063;12242;295;13404;13555;6.94;0.42;313.77;13.56;1162;41;4669.00;151
12246;40;623860077;12246;296;13407;13559;6.91;0.42;313.83;13.56;1161;41;4670.00;152
12248;40;623860092;12248;296;13408;13560;6.95;0.42;313.92;13.56;1160;41;4671.00;152
12251;40;623860107;12251;290;13408;13560;6.97;0.42;313.98;13.56;1157;41;4672.00;152
12252;40;623860122;12252;290;13409;13561;7.03;0.43;313.99;13.56;1157;41;4673.00;152
12258;40;623860136;12258;290;13409;13561;6.97;0.42;313.98;13.56;1151;41;4674.00;152
12260;40;623860151;12260;284;13409;13561;7.00;0.43;314.00;13.56;1149;41;4675.00;152
12264;40;623860165;12264;283;13409;13561;7.00;0.43;314.00;13.56;1145;41;4676.00;152
12266;40;623860180;12266;278;13409;13561;7.02;0.43;314.06;13.56;1143;41;4677.00;152
12271;40;623860194;12271;280;13409;13561;7.04;0.43;314.13;13.56;1138;41;4678.00;152
12272;41;623860208;12272;273;13409;13561;7.09;0.43;314.14;13.56;1137;42;4679.00;152
12275;41;623860235;12275;298;13473;13686;7.10;0.43;314.14;13.49;1198;42;4680.00;213
12278;41;623860259;12278;290;13473;13687;7.15;0.44;314.14;13.49;1195;42;4681.00;214
12281;41;623860274;12281;285;13480;13687;7.23;0.44;314.17;13.49;1199;42;4682.00;207
12282;41;623860292;12282;282;13481;13687;7.31;0.45;314.25;13.49;1199;42;4683.00;206
12283;41;623860317;12283;277;13486;13687;7.38;0.45;314.29;13.48;1203;42;4684.00;201
12285;41;623860353;12285;281;13486;13687;7.39;0.45;314.28;13.48;1201;42;4685.00;201
12287;42;623860374;12287;289;13490;13687;7.43;0.45;314.27;13.48;1203;43;4686.00;197
12291;42;623860411;12291;285;13492;13687;7.41;0.45;314.38;13.48;1201;43;4687.00;195
12294;42;623860427;12294;294;13494;13688;7.40;0.45;314.37;13.48;1200;43;4688.00;194
12299;42;623860443;12299;294;13499;13689;7.35;0.45;314.55;13.48;1200;43;4689.00;190
12302;42;623860460;12302;292;13501;13689;7.29;0.44;314.59;13.48;1199;43;4690.00;188
12304;43;623860477;12304;293;13505;13693;7.18;0.44;314.62;13.47;1201;44;4691.00;188
12307;43;623860507;12307;292;13507;13693;7.13;0.44;314.71;13.47;1200;44;4692.00;186
12311;43;623860523;12311;286;13509;13693;7.03;0.43;314.75;13.47;1198;44;4693.00;184
12313;43;623860539;12313;284;13512;13693;7.00;0.43;314.78;13.49;1199;44;4694.00;181
12314;43;623860556;12314;284;13518;13699;6.94;0.42;314.78;13.50;1204;44;4695.00;181
12317;43;623860579;12317;286;13520;13699;6.93;0.42;314.79;13.50;1203;44;4696.00;179
12319;43;623860601;12319;297;13521;13699;6.88;0.42;314.78;13.50;1202;44;4697.00;178
12323;43;623860621;12323;295;13523;13702;6.85;0.42;314.86;13.49;1200;44;4698.00;179
12328;43;623860636;12328;301;13524;13702;6.87;0.42;314.83;13.49;1196;44;4699.00;178
12330;43;623860653;12330;304;13524;13702;6.85;0.42;314.92;13.49;1194;44;4700.00;178
12334;43;623860672;12334;301;13524;13703;6.80;0.42;314.96;13.49;1190;44;4701.00;179
12338;43;623860688;12338;298;13525;13704;6.79;0.41;314.97;13.49;1187;44;4702.00;179
12342;43;623860703;12342;303;13525;13704;6.76;0.41;315.01;13.49;1183;44;4703.00;179
12345;43;623860717;12345;297;13534;13717;6.74;0.41;315.00;13.48;1189;44;4704.00;183
12350;43;623860734;12350;295;13535;13717;6.72;0.41;315.06;13.50;1185;44;4705.00;182
12354;43;623860749;12354;303;13536;13717;6.75;0.41;315.07;13.50;1182;44;4706.00;181
12357;43;623860765;12357;294;13538;13718;6.78;0.41;315.09;13.49;1181;44;4707.00;180
12361;43;623860780;12361;291;13538;13718;6.78;0.41;315.13;13.49;1177;44;4708.00;180
12364;43;623860795;12364;294;13540;13722;6.83;0.41;315.18;13.49;1176;44;4709.00;182
12368;43;623860812;12368;297;13541;13722;6.85;0.42;315.30;13.50;1173;44;4710.00;181
12371;43;623860827;12371;300;13547;13726;6.83;0.41;315.34;13.50;1176;44;4711.00;179
12373;43;623860844;12373;298;13547;13726;6.86;0.42;315.39;13.50;1174;44;4712.00;179
12375;43;623860858;12375;297;13549;13726;6.86;0.42;315.48;13.50;1174;44;4713.00;177
12376;43;623860872;12376;298;13549;13726;6.85;0.42;315.53;13.50;1173;44;4714.00;177
12378;43;623860888;12378;299;13550;13726;6.85;0.42;315.58;13.50;1172;44;4715.00;176
12378;43;623860903;12378;298;13561;13738;6.84;0.42;315.58;13.50;1183;44;4716.00;177
12383;43;623860918;12383;303;13562;13738;6.77;0.41;315.72;13.50;1179;44;4717.00;176
12384;43;623860940;12384;315;13563;13738;6.70;0.41;315.71;13.50;1179;44;4718.00;175
12385;43;623860955;12385;322;13563;13738;6.60;0.40;315.73;13.50;1178;44;4719.00;175
12390;43;623860969;12390;333;13565;13738;6.51;0.40;315.83;13.52;1175;44;4720.00;173
12393;43;623860984;12393;340;13565;13738;6.44;0.39;315.98;13.52;1172;44;4721.00;173
12396;43;623860998;12396;346;13567;13739;6.35;0.39;316.00;13.53;1171;44;4722.00;172
12401;43;623861013;12401;352;13567;13739;6.23;0.38;316.12;13.53;1166;44;4723.00;172
12404;43;623861027;12404;350;13574;13745;6.21;0.38;316.12;13.54;1170;44;4724.00;171
12407;43;623861042;12407;357;13576;13747;6.14;0.37;316.14;13.54;1169;44;4725.00;171
12411;43;623861055;12411;361;13578;13747;6.06;0.37;316.25;13.56;1167;44;4726.00;169
12411;43;623861069;12411;368;13578;13747;6.07;0.37;316.25;13.56;1167;44;4727.00;169
12415;43;623861082;12415;376;13582;13751;6.07;0.37;316.24;13.57;1167;44;4728.00;169
12419;43;623861096;12419;384;13584;13751;6.00;0.37;316.31;13.58;1165;44;4729.00;167
12421;43;623861109;12421;390;13584;13751;6.00;0.37;316.39;13.58;1163;44;4730.00;167
12423;43;623861123;12423;401;13587;13752;5.93;0.36;316.48;13.59;1164;44;4731.00;165
12426;43;623861135;12426;400;13590;13756;5.87;0.36;316.46;13.59;1164;44;4732.00;166
12429;43;623861149;12429;407;13590;13756;5.82;0.35;316.50;13.59;1161;44;4733.00;166
12430;43;623861163;12430;415;13594;13759;5.76;0.35;316.54;13.60;1164;44;4734.00;165
12433;43;623861176;12433;417;13594;13759;5.67;0.35;316.62;13.60;1161;44;4735.00;165
12436;43;623861189;12436;417;13595;13759;5.58;0.34;316.60;13.60;1159;44;4736.00;164
12437;43;623861202;12437;410;13597;13759;5.48;0.33;316.58;13.62;1160;44;4737.00;162
12439;43;623861214;12439;418;13601;13763;5.40;0.33;316.62;13.61;1162;44;4738.00;162
12443;43;623861227;12443;417;13602;13763;5.28;0.32;316.66;13.61;1159;44;4739.00;161
12444;43;623861243;12444;419;13603;13763;5.20;0.32;316.70;13.63;1159;44;4740.00;160
12445;43;623861255;12445;420;13604;13763;5.14;0.31;316.72;13.64;1159;44;4741.00;159
12446;43;623861268;12446;426;13604;13764;5.10;0.31;316.72;13.64;1158;44;4742.00;160
12446;43;623861282;12446;424;13608;13765;5.04;0.31;316.72;13.67;1162;44;4743.00;157
12448;43;623861296;12448;423;13608;13765;5.01;0.31;316.74;13.67;1160;44;4744.00;157
12450;43;623861308;12450;424;13611;13766;5.08;0.31;316.70;13.69;1161;44;4745.00;155
12452;43;623861322;12452;425;13612;13766;5.06;0.31;316.77;13.70;1160;44;4746.00;154
12452;43;623861334;12452;422;13612;13766;5.12;0.31;316.77;13.70;1160;44;4747.00;154
12454;43;623861348;12454;426;13612;13766;5.15;0.32;316.81;13.70;1158;44;4748.00;154
12455;43;623861371;12455;433;13615;13766;5.19;0.32;316.80;13.72;1160;44;4749.00;151
12459;43;623861384;12459;428;13615;13766;5.18;0.32;316.79;13.72;1156;44;4750.00;151
12462;43;623861396;12462;437;13616;13766;5.16;0.32;316.79;13.73;1154;44;4751.00;150
12466;43;623861407;12466;451;13680;13893;5.35;0.33;316.79;13.67;1214;44;4752.00;213
12470;43;623861429;12470;447;13682;13894;5.32;0.33;316.74;13.68;1212;44;4753.00;212
12474;43;623861441;12474;440;13693;13894;5.36;0.33;316.78;13.67;1219;44;4754.00;201
12478;43;623861453;12478;444;13698;13894;5.34;0.33;316.78;13.66;1220;44;4755.00;196
12481;43;623861466;12481;446;13707;13894;5.28;0.33;316.78;13.67;1226;44;4756.00;187
12487;43;623861478;12487;438;13710;13894;5.13;0.32;316.78;13.67;1223;44;4757.00;184
12492;43;623861490;12492;442;13716;13894;5.00;0.31;316.71;13.68;1224;44;4758.00;178
12494;43;623861504;12494;450;13720;13894;4.89;0.30;316.70;13.68;1226;44;4759.00;174
12500;43;623861516;12500;446;13727;13895;4.74;0.29;316.66;13.70;1227;44;4760.00;168
12502;43;623861535;12502;436;13729;13896;4.64;0.29;316.65;13.70;1227;44;4761.00;167
12504;43;623861547;12504;443;13731;13896;4.58;0.28;316.66;13.70;1227;44;4762.00;165
12507;43;623861558;12507;446;13735;13897;4.49;0.28;316.64;13.70;1228;44;4763.00;162
12509;43;623861570;12509;455;13735;13897;4.42;0.27;316.61;13.70;1226;44;4764.00;162
12511;43;623861582;12511;460;13738;13897;4.37;0.27;316.63;13.71;1227;44;4765.00;159
12513;43;623861595;12513;467;13741;13897;4.35;0.27;316.61;13.71;1228;44;4766.00;156
12516;43;623861607;12516;460;13745;13901;4.36;0.27;316.61;13.71;1229;44;4767.00;156
12519;43;623861620;12519;458;13746;13901;4.38;0.27;316.61;13.71;1227;44;4768.00;155
12519;43;623861632;12519;459;13747;13901;4.43;0.27;316.61;13.71;1228;44;4769.00;154
12522;43;623861647;12522;451;13751;13907;4.49;0.28;316.65;13.71;1229;44;4770.00;156
12525;43;623861660;12525;450;13752;13907;4.49;0.28;316.65;13.71;1227;44;4771.00;155
12528;43;623861672;12528;452;13754;13907;4.48;0.28;316.60;13.71;1226;44;4772.00;153
12531;43;623861685;12531;450;13757;13911;4.51;0.28;316.60;13.71;1226;44;4773.00;154
12535;43;623861698;12535;461;13760;13912;4.54;0.28;316.57;13.70;1225;44;4774.00;152
12538;43;623861711;12538;458;13760;13912;4.55;0.28;316.54;13.70;1222;44;4775.00;152
12541;43;623861723;12541;457;13765;13916;4.62;0.28;316.54;13.70;1224;44;4776.00;151
12545;43;623861737;12545;462;13765;13916;4.62;0.28;316.58;13.70;1220;44;4777.00;151
12546;43;623861751;12546;462;13765;13916;4.63;0.28;316.58;13.70;1219;44;4778.00;151
12549;43;623861764;12549;450;13766;13917;4.61;0.28;316.59;13.70;1217;44;4779.00;151
12555;43;623861778;12555;446;13766;13917;4.55;0.28;316.59;13.70;1211;44;4780.00;151
12558;43;623861792;12558;448;13771;13923;4.60;0.28;316.56;13.69;1213;44;4781.00;152
12559;43;623861805;12559;445;13771;13923;4.60;0.28;316.54;13.69;1212;44;4782.00;152
12563;43;623861820;12563;445;13771;13924;4.60;0.28;316.52;13.69;1208;44;4783.00;153
12566;43;623861833;12566;443;13771;13924;4.60;0.28;316.52;13.69;1205;44;4784.00;153
12568;43;623861846;12568;433;13771;13924;4.59;0.28;316.51;13.69;1203;44;4785.00;153
12570;43;623861860;12570;444;13771;13924;4.65;0.28;316.52;13.69;1201;44;4786.00;153
12573;43;623861872;12573;446;13771;13924;4.67;0.28;316.48;13.69;1198;44;4787.00;153
12575;43;623861892;12575;443;13781;13936;4.76;0.29;316.49;13.68;1206;44;4788.00;155
12578;43;623861913;12578;445;13781;13936;4.75;0.29;316.46;13.68;1203;44;4789.00;155
12582;43;623861927;12582;438;13782;13936;4.75;0.29;316.44;13.68;1200;44;4790.00;154
12583;43;623861942;12583;434;13782;13936;4.75;0.29;316.44;13.68;1199;44;4791.00;154
12588;43;623861957;12588;440;13782;13936;4.71;0.28;316.46;13.68;1194;44;4792.00;154
12590;43;623861972;12590;443;13782;13936;4.70;0.28;316.48;13.68;1192;44;4793.00;154
12591;43;623861986;12591;442;13785;13940;4.74;0.29;316.49;13.68;1194;44;4794.00;155
12592;43;623862000;12592;440;13785;13940;4.77;0.29;316.49;13.68;1193;44;4795.00;155
12594;43;623862013;12594;441;13789;13944;4.80;0.29;316.50;13.68;1195;44;4796.00;155
12595;43;623862028;12595;433;13790;13945;4.85;0.29;316.48;13.68;1195;44;4797.00;155
12599;43;623862042;12599;434;13790;13945;4.83;0.29;316.46;13.68;1191;44;4798.00;155
12601;43;623862055;12601;431;13790;13945;4.78;0.29;316.46;13.68;1189;44;4799.00;155
12604;43;623862071;12604;438;13813;13986;4.89;0.30;316.52;13.65;1209;44;4800.00;173
12608;43;623862093;12608;434;13813;13986;4.92;0.30;316.50;13.65;1205;44;4801.00;173
12611;43;623862107;12611;429;13814;13986;4.94;0.30;316.55;13.65;1203;44;4802.00;172
12613;43;623862120;12613;429;13816;13987;5.03;0.31;316.54;13.65;1203;44;4803.00;171
12616;43;623862133;12616;430;13817;13988;5.07;0.31;316.60;13.65;1201;44;4804.00;171
12618;43;623862146;12618;430;13819;13988;5.10;0.31;316.58;13.65;1201;44;4805.00;169
12622;43;623862159;12622;419;13823;13991;5.11;0.31;316.63;13.78;1201;44;4806.00;168
12626;43;623862174;12626;415;13823;13991;5.14;0.31;316.69;13.78;1197;44;4807.00;168
12628;43;623862188;12628;403;13824;13991;5.17;0.32;316.67;13.78;1196;44;4808.00;167
12632;43;623862202;12632;403;13824;13991;5.16;0.31;316.78;13.78;1192;44;4809.00;167
12634;43;623862216;12634;414;13830;13997;5.21;0.32;316.84;13.78;1196;44;4810.00;167
12636;43;623862230;12636;399;13832;13997;5.28;0.32;316.84;13.78;1196;44;4811.00;165
12639;43;623862250;12639;402;13832;13997;5.33;0.33;316.91;13.78;1193;44;4812.00;165
12642;43;623862271;12642;396;13832;13997;5.36;0.33;316.97;13.78;1190;44;4813.00;165
12645;43;623862285;12645;396;13835;14001;5.37;0.33;316.97;13.78;1190;44;4814.00;166
12649;43;623862305;12649;381;13837;14003;5.36;0.33;317.03;13.77;1188;44;4815.00;166
12654;43;623862331;12654;377;13838;14003;5.40;0.33;317.14;13.77;1184;44;4816.00;165
12656;43;623862355;12656;364;13839;14004;5.49;0.33;317.11;13.77;1183;44;4817.00;165
12660;43;623862378;12660;360;13839;14004;5.51;0.34;317.16;13.77;1179;44;4818.00;165
12662;43;623862402;12662;351;13839;14004;5.56;0.34;317.18;13.77;1177;44;4819.00;165
12665;43;623862419;12665;341;13839;14004;5.66;0.34;317.20;13.77;1174;44;4820.00;165
12668;43;623862434;12668;334;13839;14004;5.72;0.35;317.25;13.77;1171;44;4821.00;165
12669;43;623862450;12669;330;13841;14004;5.83;0.35;317.27;13.91;1172;44;4822.00;163
12671;43;623862465;12671;318;13841;14004;5.95;0.36;317.33;13.91;1170;44;4823.00;163
12674;43;623862481;12674;329;13882;14074;6.09;0.37;317.37;13.87;1208;44;4824.00;192
12677;43;623862502;12677;322;13883;14075;6.13;0.37;317.42;13.87;1206;44;4825.00;192
12679;43;623862525;12679;317;13887;14075;6.27;0.38;317.46;13.87;1208;44;4826.00;188
12680;43;623862542;12680;318;13887;14075;6.32;0.38;317.45;13.87;1207;44;4827.00;188
12685;43;623862557;12685;317;13891;14077;6.35;0.39;317.54;13.87;1206;44;4828.00;186
12686;43;623862573;12686;314;13892;14077;6.39;0.39;317.55;13.87;1206;44;4829.00;185
12690;43;623862590;12690;318;13896;14077;6.43;0.39;317.66;13.86;1206;44;4830.00;181
12693;43;623862611;12693;323;13897;14077;6.46;0.39;317.69;13.86;1204;44;4831.00;180
12695;43;623862627;12695;324;13900;14078;6.51;0.39;317.70;13.86;1205;44;4832.00;178
12699;43;623862643;12699;330;13902;14079;6.53;0.40;317.67;13.86;1203;44;4833.00;177
12701;43;623862658;12701;333;13907;14079;6.55;0.40;317.68;13.86;1206;44;4834.00;172
12702;43;623862673;12702;341;13913;14083;6.53;0.40;317.72;13.86;1211;44;4835.00;170
12703;43;623862689;12703;339;13915;14083;6.55;0.40;317.77;13.86;1212;44;4836.00;168
12705;43;623862704;12705;343;13915;14083;6.61;0.40;317.77;13.86;1210;44;4837.00;168
12707;43;623862720;12707;340;13916;14083;6.62;0.40;317.77;14.00;1209;44;4838.00;167
12710;43;623862735;12710;345;13922;14089;6.64;0.40;317.80;13.99;1212;44;4839.00;167
12714;43;623862750;12714;342;13922;14089;6.56;0.40;317.82;13.99;1208;44;4840.00;167
12714;43;623862766;12714;345;13922;14089;6.59;0.40;317.82;13.99;1208;44;4841.00;167
12715;43;623862782;12715;343;13924;14092;6.61;0.40;317.83;13.99;1209;44;4842.00;168
12718;43;623862797;12718;340;13924;14092;6.58;0.40;317.87;13.99;1206;44;4843.00;168
12720;43;623862812;12720;342;13925;14092;6.59;0.40;317.87;13.99;1205;44;4844.00;167
12724;43;623862827;12724;335;13925;14093;6.63;0.40;317.90;13.99;1201;44;4845.00;168
12727;43;623862842;12727;329;13926;14094;6.58;0.40;317.96;13.99;1199;44;4846.00;168
12730;43;623862857;12730;325;13926;14094;6.59;0.40;317.95;13.99;1196;44;4847.00;168
12732;43;623862872;12732;333;13937;14107;6.67;0.40;317.99;13.98;1205;44;4848.00;170
12732;43;623862888;12732;319;13937;14107;6.71;0.41;317.99;13.98;1205;44;4849.00;170
12738;43;623862903;12738;310;13937;14107;6.73;0.41;317.99;13.98;1199;44;4850.00;170
12741;43;623862918;12741;306;13938;14108;6.80;0.41;318.01;13.98;1197;44;4851.00;170
12744;43;623862934;12744;312;13938;14108;6.76;0.41;318.05;13.98;1194;44;4852.00;170
12749;43;623862949;12749;313;13941;14112;6.79;0.41;318.15;13.97;1192;44;4853.00;171
12750;43;623862965;12750;305;13942;14112;6.82;0.41;318.14;14.11;1192;44;4854.00;170
12751;43;623862980;12751;304;13945;14116;6.87;0.42;318.16;14.11;1194;44;4855.00;171
12754;43;623862996;12754;302;13945;14116;6.87;0.42;318.15;14.11;1191;44;4856.00;171
12756;43;623863010;12756;297;13945;14116;6.91;0.42;318.17;14.11;1189;44;4857.00;171
12758;43;623863025;12758;292;13945;14116;6.88;0.42;318.21;14.11;1187;44;4858.00;171
12761;43;623863039;12761;289;13945;14116;6.87;0.42;318.23;14.11;1184;44;4859.00;171
12762;43;623863055;12762;291;13966;14150;6.95;0.42;318.27;14.09;1204;44;4860.00;184
12766;43;623863072;12766;291;13967;14150;6.96;0.43;318.40;14.09;1201;44;4861.00;183
12769;43;623863087;12769;287;13970;14150;6.94;0.42;318.45;14.09;1201;44;4862.00;180
12770;43;623863101;12770;283;13971;14150;6.95;0.43;318.50;14.09;1201;44;4863.00;179
12774;43;623863115;12774;274;13972;14150;6.99;0.43;318.49;14.08;1198;44;4864.00;178
12776;43;623863131;12776;284;13974;14150;6.98;0.43;318.51;14.11;1198;44;4865.00;176
12781;43;623863148;12781;280;13974;14151;6.96;0.43;318.47;14.11;1193;44;4866.00;177
12784;43;623863163;12784;282;13974;14151;6.95;0.43;318.48;14.11;1190;44;4867.00;177
12791;43;623863179;12791;280;13978;14157;6.91;0.42;318.59;14.11;1187;44;4868.00;179
12795;43;623863194;12795;278;13979;14158;6.80;0.42;318.63;14.10;1184;44;4869.00;179
12799;43;623863209;12799;273;13979;14158;6.73;0.41;318.64;14.10;1180;44;4870.00;179
12803;43;623863224;12803;273;13979;14158;6.65;0.41;318.64;14.10;1176;44;4871.00;179
12808;43;623863238;12808;280;13981;14162;6.58;0.40;318.72;14.10;1173;44;4872.00;181
12809;43;623863254;12809;284;13982;14162;6.58;0.40;318.71;14.10;1173;44;4873.00;180
12816;43;623863268;12816;284;13983;14162;6.54;0.40;318.76;14.10;1167;44;4874.00;179
12819;43;623863283;12819;280;13984;14163;6.49;0.40;318.77;14.10;1165;44;4875.00;179
12824;43;623863297;12824;279;13987;14167;6.42;0.39;318.92;14.10;1163;44;4876.00;180
12827;43;623863312;12827;282;13989;14167;6.38;0.39;318.90;14.10;1162;44;4877.00;178
12832;43;623863326;12832;278;13991;14170;6.36;0.39;318.96;14.10;1159;44;4878.00;179
12835;43;623863341;12835;277;13992;14170;6.41;0.39;318.93;14.10;1157;44;4879.00;178
12836;43;623863355;12836;268;13993;14170;6.44;0.39;318.90;14.10;1157;44;4880.00;177
12841;43;623863368;12841;281;13993;14170;6.47;0.39;318.95;14.10;1152;44;4881.00;177
12842;43;623863382;12842;281;13997;14174;6.49;0.39;319.01;14.09;1155;44;4882.00;177
12844;43;623863397;12844;282;13997;14174;6.50;0.40;319.04;14.09;1153;44;4883.00;177
12847;43;623863414;12847;278;13997;14174;6.53;0.40;319.09;14.09;1150;44;4884.00;177
12848;43;623863428;12848;278;13997;14174;6.53;0.40;319.10;14.09;1149;44;4885.00;177
12851;43;623863443;12851;274;13997;14175;6.46;0.39;319.10;14.09;1146;44;4886.00;178
12852;43;623863457;12852;278;13998;14176;6.44;0.39;319.08;14.09;1146;44;4887.00;178
12854;43;623863471;12854;280;13998;14176;6.40;0.39;319.11;14.09;1144;44;4888.00;178
12857;43;623863485;12857;289;13999;14177;6.39;0.39;319.14;14.09;1142;44;4889.00;178
12859;43;623863500;12859;294;13999;14177;6.34;0.39;319.17;14.09;1140;44;4890.00;178
12862;43;623863513;12862;296;14001;14177;6.30;0.38;319.18;14.11;1139;44;4891.00;176
12864;43;623863526;12864;303;14001;14177;6.22;0.38;319.22;14.11;1137;44;4892.00;176
12869;43;623863538;12869;305;14002;14177;6.14;0.37;319.34;14.12;1133;44;4893.00;175
12871;43;623863551;12871;315;14002;14177;6.11;0.37;319.37;14.12;1131;44;4894.00;175
12873;43;623863563;12873;318;14004;14177;6.07;0.37;319.40;14.15;1131;44;4895.00;173
12874;43;623863576;12874;344;14069;14304;6.24;0.39;319.38;14.08;1195;44;4896.00;235
12877;43;623863597;12877;343;14073;14305;6.20;0.38;319.44;14.09;1196;44;4897.00;232
12880;43;623863610;12880;341;14084;14305;6.22;0.38;319.43;14.10;1204;44;4898.00;221
12881;43;623863623;12881;346;14087;14305;6.19;0.38;319.41;14.11;1206;44;4899.00;218
12883;43;623863636;12883;347;14095;14305;6.15;0.38;319.41;14.13;1212;44;4900.00;210
12884;43;623863652;12884;350;14099;14305;6.11;0.38;319.39;14.14;1215;44;4901.00;206
12885;43;623863672;12885;351;14102;14305;6.03;0.37;319.38;14.13;1217;44;4902.00;203
12885;43;623863684;12885;354;14108;14305;6.02;0.37;319.38;14.15;1223;44;4903.00;197
12885;43;623863697;12885;362;14112;14306;5.99;0.37;319.38;14.16;1227;44;4904.00;194
12889;43;623863710;12889;369;14119;14308;5.88;0.36;319.37;14.17;1230;44;4905.00;189
12889;43;623863723;12889;376;14121;14308;5.80;0.36;319.37;14.17;1232;44;4906.00;187
12894;43;623863736;12894;387;14125;14309;5.66;0.35;319.36;14.19;1231;44;4907.00;184
12896;43;623863750;12896;387;14126;14309;5.59;0.34;319.44;14.20;1230;44;4908.00;183
12898;43;623863762;12898;381;14128;14309;5.53;0.34;319.44;14.21;1230;44;4909.00;181
12900;43;623863775;12900;382;14133;14309;5.40;0.33;319.43;14.21;1233;44;4910.00;176
12902;43;623863788;12902;386;14138;14313;5.35;0.33;319.41;14.22;1236;44;4911.00;175
12903;43;623863801;12903;395;14140;14313;5.31;0.33;319.38;14.22;1237;44;4912.00;173
12906;43;623863814;12906;396;14142;14313;5.23;0.32;319.35;14.24;1236;44;4913.00;171
12908;43;623863827;12908;401;14144;14316;5.17;0.32;319.32;14.24;1236;44;4914.00;172
12910;43;623863841;12910;401;14144;14316;5.09;0.31;319.28;14.24;1234;44;4915.00;172
12913;43;623863855;12913;413;14147;14316;5.02;0.31;319.23;14.25;1234;44;4916.00;169
12914;43;623863868;12914;421;14151;14320;5.03;0.31;319.24;14.25;1237;44;4917.00;169
12914;43;623863881;12914;433;14155;14321;4.99;0.31;319.24;14.26;1241;44;4918.00;166
12915;43;623863894;12915;445;14155;14321;4.92;0.30;319.22;14.26;1240;44;4919.00;166
12918;43;623863909;12918;451;14160;14326;4.86;0.30;319.18;14.26;1242;44;4920.00;166
12926;43;623863927;12926;454;14162;14326;4.69;0.29;319.08;14.26;1236;44;4921.00;164
12926;43;623863940;12926;460;14162;14326;4.63;0.28;319.08;14.26;1236;44;4922.00;164
12928;43;623863952;12928;473;14166;14327;4.54;0.28;319.08;14.28;1238;44;4923.00;161
12930;43;623863964;12930;478;14166;14327;4.46;0.27;319.07;14.28;1236;44;4924.00;161
12933;43;623863977;12933;487;14174;14333;4.40;0.27;319.03;14.29;1241;44;4925.00;159
12937;43;623863989;12937;494;14174;14333;4.29;0.26;319.06;14.29;1237;44;4926.00;159
12941;43;623864001;12941;496;14174;14334;4.15;0.26;319.02;14.29;1233;44;4927.00;160
12944;43;623864013;12944;501;14176;14334;4.04;0.25;319.00;14.30;1232;44;4928.00;158
12948;43;623864025;12948;518;14177;14334;3.92;0.24;318.99;14.31;1229;44;4929.00;157
12951;43;623864036;12951;515;14177;14334;3.86;0.24;319.04;14.31;1226;44;4930.00;157
12952;43;623864047;12952;498;14179;14334;3.85;0.24;319.03;14.32;1227;44;4931.00;155
12956;43;623864059;12956;485;14190;14346;3.95;0.24;318.98;14.31;1234;44;4932.00;156
12959;43;623864072;12959;477;14190;14346;3.97;0.24;318.95;14.31;1231;44;4933.00;156
12962;43;623864084;12962;478;14192;14346;3.96;0.24;318.94;14.31;1230;44;4934.00;154
12964;43;623864096;12964;476;14192;14346;4.03;0.25;318.92;14.31;1228;44;4935.00;154
12968;43;623864108;12968;477;14193;14346;4.05;0.25;318.92;14.32;1225;44;4936.00;153
12968;43;623864121;12968;471;14193;14346;4.10;0.25;318.92;14.32;1225;44;4937.00;153
12969;43;623864134;12969;468;14196;14350;4.17;0.26;318.90;14.31;1227;44;4938.00;154
12971;43;623864146;12971;462;14197;14350;4.28;0.26;318.90;14.32;1226;44;4939.00;153
12971;43;623864159;12971;455;14201;14354;4.39;0.27;318.90;14.32;1230;44;4940.00;153
12973;43;623864172;12973;451;14202;14355;4.44;0.27;318.92;14.32;1229;44;4941.00;153
12974;43;623864185;12974;438;14202;14355;4.51;0.28;318.93;14.32;1228;44;4942.00;153
12978;43;623864198;12978;441;14202;14355;4.55;0.28;318.95;14.32;1224;44;4943.00;153
12980;43;623864211;12980;431;14213;14368;4.73;0.29;318.95;14.30;1233;44;4944.00;155
12986;43;623864225;12986;423;14213;14368;4.79;0.29;318.95;14.30;1227;44;4945.00;155
12988;43;623864238;12988;421;14213;14368;4.90;0.30;318.94;14.30;1225;44;4946.00;155
12989;43;623864252;12989;411;14215;14369;5.06;0.31;318.95;14.44;1226;44;4947.00;154
12993;43;623864267;12993;407;14215;14370;5.16;0.31;318.95;14.44;1222;44;4948.00;155
12994;43;623864280;12994;402;14215;14370;5.28;0.32;318.94;14.44;1221;44;4949.00;155
12997;43;623864298;12997;397;14221;14379;5.36;0.33;318.93;14.44;1224;44;4950.00;158
13001;43;623864320;13001;390;14221;14379;5.42;0.33;318.90;14.44;1220;44;4951.00;158
13003;43;623864340;13003;383;14223;14379;5.48;0.33;318.93;14.43;1220;44;4952.00;156
13008;43;623864362;13008;382;14224;14379;5.47;0.33;319.05;14.43;1216;44;4953.00;155
13013;43;623864382;13013;382;14228;14385;5.48;0.33;319.10;14.43;1215;44;4954.00;157
13016;43;623864405;13016;379;14229;14385;5.48;0.33;319.14;14.43;1213;44;4955.00;156
13019;43;623864423;13019;383;14229;14385;5.50;0.33;319.16;14.43;1210;44;4956.00;156
13022;43;623864440;13022;388;14229;14385;5.56;0.34;319.16;14.43;1207;44;4957.00;156
13024;43;623864455;13024;396;14232;14389;5.57;0.34;319.25;14.43;1208;44;4958.00;157
13028;43;623864472;13028;395;14233;14390;5.60;0.34;319.28;14.43;1205;44;4959.00;157
13032;43;623864489;13032;385;14233;14390;5.59;0.34;319.28;14.43;1201;44;4960.00;157
13036;43;623864505;13036;384;14234;14391;5.60;0.34;319.30;14.42;1198;44;4961.00;157
13042;43;623864520;13042;395;14234;14391;5.52;0.34;319.38;14.42;1192;44;4962.00;157
13049;43;623864534;13049;395;14234;14391;5.44;0.33;319.45;14.42;1185;44;4963.00;157
13056;44;623864548;13056;396;14234;14391;5.37;0.33;319.44;14.42;1178;45;4964.00;157
13060;44;623864580;13060;389;14234;14391;5.33;0.32;319.55;14.42;1174;45;4965.00;157
13062;44;623864595;13062;399;14234;14391;5.32;0.32;319.61;14.42;1172;45;4966.00;157
13067;44;623864608;13067;403;14235;14391;5.27;0.32;319.68;14.56;1168;45;4967.00;156
13069;44;623864622;13069;419;14275;14461;5.43;0.33;319.73;14.52;1206;45;4968.00;186
13073;44;623864641;13073;410;14278;14462;5.40;0.33;319.73;14.65;1205;45;4969.00;184
13077;44;623864656;13077;404;14282;14462;5.44;0.33;319.78;14.65;1205;45;4970.00;180
13079;44;623864670;13079;400;14282;14462;5.51;0.34;319.82;14.65;1203;45;4971.00;180
13082;44;623864684;13082;398;14285;14462;5.57;0.34;319.84;14.65;1203;45;4972.00;177
13087;44;623864698;13087;400;14287;14462;5.59;0.34;319.82;14.65;1200;45;4973.00;175
13091;44;623864713;13091;409;14289;14462;5.56;0.34;319.87;14.65;1198;45;4974.00;173
13095;44;623864727;13095;408;14291;14462;5.57;0.34;319.92;14.65;1196;45;4975.00;171
13100;44;623864749;13100;416;14294;14463;5.52;0.34;320.04;14.64;1194;45;4976.00;169
13104;44;623864763;13104;400;14297;14464;5.51;0.34;320.14;14.64;1193;45;4977.00;167
13107;44;623864777;13107;399;14298;14464;5.50;0.33;320.17;14.64;1191;45;4978.00;166
13114;44;623864791;13114;389;14303;14468;5.48;0.33;320.21;14.64;1189;45;4979.00;165
13116;44;623864807;13116;389;14306;14468;5.52;0.34;320.19;14.64;1190;45;4980.00;162
13119;44;623864822;13119;385;14307;14468;5.57;0.34;320.30;14.64;1188;45;4981.00;161
13122;44;623864836;13122;390;14307;14468;5.65;0.34;320.33;14.64;1185;45;4982.00;161
13126;44;623864851;13126;387;14313;14474;5.70;0.35;320.44;14.77;1187;45;4983.00;161
13127;44;623864866;13127;396;14313;14474;5.73;0.35;320.48;14.77;1186;45;4984.00;161
13128;44;623864881;13128;400;14313;14474;5.78;0.35;320.51;14.77;1185;45;4985.00;161
13133;44;623864895;13133;386;14315;14477;5.83;0.35;320.58;14.77;1182;45;4986.00;162
13133;44;623864916;13133;378;14315;14477;5.93;0.36;320.58;14.77;1182;45;4987.00;162
13137;44;623864930;13137;365;14316;14477;6.00;0.37;320.60;14.77;1179;45;4988.00;161
13138;44;623864945;13138;353;14317;14478;6.11;0.37;320.59;14.90;1179;45;4989.00;161
13141;44;623864960;13141;346;14318;14479;6.19;0.38;320.69;14.90;1177;45;4990.00;161
13143;44;623864975;13143;342;14318;14479;6.25;0.38;320.79;14.90;1175;45;4991.00;161
13149;44;623864991;13149;337;14329;14492;6.41;0.39;320.84;14.89;1180;45;4992.00;163
13152;44;623865008;13152;331;14329;14492;6.45;0.39;320.91;14.89;1177;45;4993.00;163
13154;44;623865023;13154;324;14329;14492;6.53;0.40;320.97;14.89;1175;45;4994.00;163
13154;44;623865039;13154;327;14331;14494;6.61;0.40;320.97;14.88;1177;45;4995.00;163
13158;44;623865055;13158;331;14331;14494;6.66;0.41;321.03;14.88;1173;45;4996.00;163
13162;44;623865070;13162;327;14335;14498;6.75;0.41;321.10;14.88;1173;45;4997.00;163
13166;44;623865086;13166;322;14335;14498;6.76;0.41;321.19;14.88;1169;45;4998.00;163
13168;44;623865101;13168;317;14338;14502;6.78;0.41;321.26;14.88;1170;45;4999.00;164
13171;44;623865118;13171;310;14338;14502;6.80;0.41;321.28;14.88;1167;45;5000.00;164
13173;44;623865138;13173;305;14338;14502;6.86;0.42;321.36;14.88;1165;45;5001.00;164
13179;44;623865155;13179;302;14338;14502;6.86;0.42;321.36;14.88;1159;45;5002.00;164
13180;44;623865171;13180;300;14338;14502;6.93;0.42;321.36;14.88;1158;45;5003.00;164
13181;44;623865186;13181;291;14348;14514;7.02;0.43;321.40;14.87;1167;45;5004.00;166
13184;44;623865202;13184;294;14348;14514;7.00;0.43;321.44;14.87;1164;45;5005.00;166
13187;44;623865217;13187;290;14349;14514;7.01;0.43;321.47;14.87;1162;45;5006.00;165
13191;44;623865232;13191;282;14349;14514;6.99;0.43;321.54;14.87;1158;45;5007.00;165
13196;44;623865251;13196;281;14349;14514;6.95;0.42;321.64;14.87;1153;45;5008.00;165
13199;44;623865275;13199;279;14349;14514;6.98;0.42;321.67;14.87;1150;45;5009.00;165
13202;44;623865293;13202;272;14349;14515;7.01;0.43;321.75;14.87;1147;45;5010.00;166
13206;44;623865315;13206;267;14349;14515;6.96;0.42;321.76;14.87;1143;45;5011.00;166
13210;44;623865336;13210;267;14354;14521;6.94;0.42;321.86;14.86;1144;45;5012.00;167
13217;44;623865356;13217;257;14355;14522;6.91;0.42;321.89;14.86;1138;45;5013.00;167
13220;44;623865375;13220;262;14355;14522;6.86;0.42;321.89;14.86;1135;45;5014.00;167
13224;44;623865408;13224;260;14356;14522;6.88;0.42;321.90;15.00;1132;45;5015.00;166
13228;44;623865436;13228;259;14359;14526;6.87;0.42;321.94;14.99;1131;45;5016.00;167
13231;44;623865463;13231;261;14359;14526;6.86;0.42;321.94;14.99;1128;45;5017.00;167
13232;44;623865490;13232;256;14359;14526;6.90;0.42;321.93;14.99;1127;45;5018.00;167
13233;44;623865512;13233;250;14360;14527;6.92;0.42;321.92;14.99;1127;45;5019.00;167
13234;44;623865532;13234;260;14363;14531;6.90;0.42;321.92;14.99;1129;45;5020.00;168
13235;44;623865556;13235;255;14363;14531;6.91;0.42;321.91;14.99;1128;45;5021.00;168
13237;44;623865573;13237;251;14365;14534;6.88;0.42;321.90;14.99;1128;45;5022.00;169
13239;44;623865589;13239;248;14365;14534;6.85;0.42;321.94;14.99;1126;45;5023.00;169
13242;44;623865604;13242;246;14366;14534;6.81;0.41;321.93;14.99;1124;45;5024.00;168
13244;44;623865620;13244;245;14366;14534;6.80;0.41;321.91;14.99;1122;45;5025.00;168
13246;44;623865636;13246;239;14370;14538;6.84;0.42;321.94;14.98;1124;45;5026.00;168
13250;44;623865652;13250;234;14370;14538;6.82;0.41;322.01;14.98;1120;45;5027.00;168
13252;44;623865666;13252;233;14370;14538;6.81;0.42;322.00;14.98;1118;45;5028.00;168
13256;44;623865683;13256;237;14370;14538;6.82;0.42;322.11;14.98;1114;45;5029.00;168
13260;44;623865700;13260;235;14370;14539;6.78;0.41;322.16;14.98;1110;45;5030.00;169
13262;44;623865714;13262;234;14371;14540;6.74;0.41;322.14;14.98;1109;45;5031.00;169
13265;44;623865728;13265;228;14372;14540;6.64;0.40;322.17;15.11;1107;45;5032.00;168
13270;44;623865742;13270;237;14373;14541;6.61;0.40;322.22;15.11;1103;45;5033.00;168
13272;44;623865759;13272;237;14373;14541;6.57;0.40;322.24;15.11;1101;45;5034.00;168
13274;44;623865774;13274;238;14374;14541;6.57;0.40;322.24;15.12;1100;45;5035.00;167
13277;44;623865789;13277;235;14374;14541;6.57;0.40;322.24;15.12;1097;45;5036.00;167
13278;44;623865803;13278;237;14374;14541;6.59;0.40;322.25;15.12;1096;45;5037.00;167
13287;44;623865828;13287;238;14374;14541;6.54;0.40;322.19;15.12;1087;45;5038.00;167
13291;44;623865848;13291;243;14374;14541;6.51;0.39;322.26;15.12;1083;45;5039.00;167
13298;44;623865870;13298;277;14475;14771;6.70;0.42;322.36;15.02;1177;45;5040.00;296
13301;44;623865921;13301;277;14479;14772;6.75;0.42;322.39;15.02;1178;45;5041.00;293
13305;44;623865941;13305;273;14489;14772;6.81;0.42;322.35;15.01;1184;45;5042.00;283
13307;44;623865960;13307;277;14492;14772;6.84;0.42;322.32;15.00;1185;45;5043.00;280
13309;45;623865976;13309;280;14503;14772;6.86;0.42;322.33;15.13;1194;46;5044.00;269
13310;45;623866013;13310;277;14507;14772;6.88;0.43;322.36;15.13;1197;46;5045.00;265
13310;45;623866030;13310;280;14511;14772;6.89;0.43;322.36;15.12;1201;46;5046.00;261
13314;45;623866046;13314;286;14520;14772;6.89;0.43;322.34;15.12;1206;46;5047.00;252
13315;45;623866063;13315;291;14526;14773;6.91;0.43;322.34;15.11;1211;46;5048.00;247
13319;45;623866086;13319;295;14532;14774;6.89;0.43;322.36;15.11;1213;46;5049.00;242
13323;45;623866103;13323;296;14536;14774;6.76;0.42;322.45;15.11;1213;46;5050.00;238
13328;45;623866121;13328;300;14540;14775;6.72;0.41;322.50;15.11;1212;46;5051.00;235
13333;45;623866138;13333;295;14543;14775;6.58;0.40;322.53;15.11;1210;46;5052.00;232
13336;45;623866155;13336;300;14545;14775;6.48;0.40;322.51;15.11;1209;46;5053.00;230
13338;45;623866171;13338;302;14547;14775;6.40;0.39;322.54;15.11;1209;46;5054.00;228
13339;46;623866187;13339;308;14552;14779;6.33;0.39;322.56;15.11;1213;47;5055.00;227
13340;46;623866225;13340;317;14556;14779;6.26;0.38;322.56;15.13;1216;47;5056.00;223
13341;46;623866241;13341;331;14558;14779;6.17;0.38;322.54;15.13;1217;47;5057.00;221
13344;46;623866258;13344;338;14560;14782;6.07;0.37;322.59;15.13;1216;47;5058.00;222
13344;46;623866274;13344;345;14564;14782;5.99;0.37;322.59;15.15;1220;47;5059.00;218
13345;46;623866290;13345;346;14567;14782;5.88;0.36;322.57;15.15;1222;47;5060.00;215
13346;46;623866308;13346;355;14572;14786;5.81;0.36;322.59;15.15;1226;47;5061.00;214
13346;46;623866326;13346;364;14577;14787;5.76;0.35;322.59;15.17;1231;47;5062.00;210
13352;46;623866344;13352;374;14579;14787;5.69;0.35;322.55;15.17;1227;47;5063.00;208
13354;46;623866361;13354;378;14583;14791;5.69;0.35;322.59;15.17;1229;47;5064.00;208
13357;46;623866378;13357;387;14586;14791;5.67;0.35;322.55;15.19;1229;47;5065.00;205
13359;46;623866393;13359;402;14587;14791;5.64;0.35;322.57;15.19;1228;47;5066.00;204
13360;46;623866409;13360;403;14590;14792;5.64;0.35;322.55;15.19;1230;47;5067.00;202
13362;46;623866426;13362;411;14592;14792;5.66;0.35;322.52;15.20;1230;47;5068.00;200
13363;46;623866440;13363;418;14597;14798;5.68;0.35;322.50;15.20;1234;47;5069.00;201
13364;46;623866456;13364;429;14600;14798;5.61;0.34;322.49;15.23;1236;47;5070.00;198
13364;46;623866470;13364;436;14601;14799;5.51;0.34;322.49;15.23;1237;47;5071.00;198
13366;46;623866485;13366;447;14605;14799;5.40;0.33;322.50;15.25;1239;47;5072.00;194
13368;46;623866498;13368;458;14605;14799;5.29;0.32;322.46;15.25;1237;47;5073.00;194
13369;46;623866512;13369;467;14607;14799;5.19;0.32;322.44;15.26;1238;47;5074.00;192
13370;46;623866526;13370;477;14609;14799;5.08;0.31;322.42;15.26;1239;47;5075.00;190
13371;46;623866544;13371;488;14619;14811;4.98;0.31;322.39;15.27;1248;47;5076.00;192
13374;46;623866557;13374;493;14620;14811;4.85;0.30;322.39;15.27;1246;47;5077.00;191
13377;46;623866574;13377;508;14624;14811;4.75;0.29;322.44;15.28;1247;47;5078.00;187
13377;46;623866596;13377;509;14626;14811;4.64;0.29;322.44;15.29;1249;47;5079.00;185
13377;46;623866610;13377;511;14627;14811;4.59;0.28;322.44;15.30;1250;47;5080.00;184
13379;46;623866623;13379;522;14629;14811;4.52;0.28;322.41;15.30;1250;47;5081.00;182
13381;46;623866635;13381;518;14635;14815;4.45;0.27;322.38;15.31;1254;47;5082.00;180
13384;46;623866648;13384;507;14636;14815;4.39;0.27;322.35;15.31;1252;47;5083.00;179
13388;46;623866660;13388;505;14640;14819;4.40;0.27;322.31;15.30;1252;47;5084.00;179
13389;46;623866673;13389;504;14643;14821;4.38;0.27;322.31;15.31;1254;47;5085.00;178
13392;46;623866686;13392;495;14645;14821;4.35;0.27;322.29;15.31;1253;47;5086.00;176
13392;46;623866698;13392;501;14646;14821;4.36;0.27;322.29;15.32;1254;47;5087.00;175
13396;46;623866710;13396;511;14658;14834;4.38;0.27;322.24;15.32;1262;47;5088.00;176
13399;47;623866724;13399;510;14659;14834;4.39;0.27;322.21;15.33;1260;48;5089.00;175
13400;47;623866747;13400;510;14660;14834;4.42;0.27;322.21;15.32;1260;48;5090.00;174
13402;47;623866758;13402;513;14663;14835;4.41;0.27;322.21;15.33;1261;48;5091.00;172
13404;47;623866771;13404;517;14663;14836;4.38;0.27;322.18;15.33;1259;48;5092.00;173
13407;47;623866789;13407;517;14664;14836;4.33;0.26;322.17;15.34;1257;48;5093.00;172
13408;47;623866801;13408;514;14667;14839;4.36;0.27;322.20;15.34;1259;48;5094.00;172
13412;47;623866830;13412;515;14667;14839;4.36;0.27;322.20;15.34;1255;48;5095.00;172
13413;47;623866842;13413;523;14668;14839;4.38;0.27;322.21;15.35;1255;48;5096.00;171
13415;47;623866854;13415;522;14671;14839;4.37;0.27;322.19;15.37;1256;48;5097.00;168
13416;47;623866866;13416;525;14676;14845;4.40;0.27;322.20;15.37;1260;48;5098.00;169
13420;47;623866878;13420;521;14678;14845;4.35;0.27;322.21;15.39;1258;48;5099.00;167
13422;47;623866893;13422;513;14683;14864;4.34;0.27;322.20;15.38;1261;48;5100.00;181
13425;47;623866911;13425;493;14684;14864;4.37;0.27;322.18;15.39;1259;48;5101.00;180
13426;47;623866924;13426;485;14688;14868;4.48;0.27;322.19;15.39;1262;48;5102.00;180
13431;47;623866936;13431;482;14690;14869;4.52;0.28;322.20;15.39;1259;48;5103.00;179
13433;47;623866950;13433;468;14691;14869;4.57;0.28;322.19;15.40;1258;48;5104.00;178
13435;47;623866963;13435;463;14692;14870;4.64;0.28;322.21;15.39;1257;48;5105.00;178
13441;47;623866976;13441;455;14695;14870;4.62;0.28;322.25;15.39;1254;48;5106.00;175
13442;47;623866989;13442;447;14697;14870;4.64;0.28;322.25;15.41;1255;48;5107.00;173
13445;47;623867001;13445;444;14697;14870;4.71;0.29;322.30;15.41;1252;48;5108.00;173
13448;47;623867014;13448;443;14697;14870;4.78;0.29;322.29;15.41;1249;48;5109.00;173
13450;47;623867027;13450;435;14697;14870;4.83;0.30;322.30;15.41;1247;48;5110.00;173
13451;47;623867040;13451;438;14698;14870;4.89;0.30;322.28;15.41;1247;48;5111.00;172
13456;47;623867053;13456;441;14733;14940;4.99;0.31;322.35;15.37;1277;48;5112.00;207
13458;47;623867072;13458;437;14736;14941;5.05;0.31;322.36;15.50;1278;48;5113.00;205
13463;47;623867087;13463;446;14744;14941;5.14;0.32;322.40;15.50;1281;48;5114.00;197
13468;47;623867100;13468;444;14744;14941;5.16;0.32;322.40;15.50;1276;48;5115.00;197
13471;47;623867114;13471;433;14748;14941;5.23;0.32;322.38;15.49;1277;48;5116.00;193
13473;47;623867128;13473;427;14750;14941;5.24;0.32;322.41;15.49;1277;48;5117.00;191
13475;47;623867142;13475;434;14754;14941;5.28;0.32;322.45;15.49;1279;48;5118.00;187
13477;47;623867156;13477;434;14756;14941;5.36;0.33;322.44;15.49;1279;48;5119.00;185
13485;47;623867170;13485;434;14759;14942;5.39;0.33;322.46;15.49;1274;48;5120.00;183
13489;47;623867184;13489;438;14762;14943;5.39;0.33;322.58;15.49;1273;48;5121.00;181
13490;47;623867198;13490;439;14766;14943;5.39;0.33;322.58;15.48;1276;48;5122.00;177
13492;47;623867212;13492;439;14771;14947;5.38;0.33;322.58;15.48;1279;48;5123.00;176
13499;47;623867226;13499;443;14772;14947;5.32;0.32;322.63;15.48;1273;48;5124.00;175
13502;47;623867241;13502;446;14772;14947;5.30;0.32;322.66;15.48;1270;48;5125.00;175
13506;47;623867257;13506;452;14772;14947;5.29;0.32;322.72;15.48;1266;48;5126.00;175
13510;47;623867271;13510;456;14776;14953;5.25;0.32;322.70;15.48;1266;48;5127.00;177
13512;47;623867286;13512;467;14777;14953;5.22;0.32;322.69;15.48;1265;48;5128.00;176
13515;47;623867301;13515;471;14778;14953;5.20;0.32;322.77;15.48;1263;48;5129.00;175
13522;47;623867316;13522;468;14782;14959;5.19;0.32;322.79;15.61;1260;48;5130.00;177
13525;47;623867331;13525;465;14784;14959;5.18;0.31;322.85;15.61;1259;48;5131.00;175
13530;47;623867346;13530;457;14785;14959;5.19;0.31;322.92;15.61;1255;48;5132.00;174
13532;47;623867360;13532;456;14785;14960;5.20;0.32;322.92;15.61;1253;48;5133.00;175
13536;47;623867375;13536;455;14787;14961;5.18;0.31;322.98;15.61;1251;48;5134.00;174
13540;47;623867389;13540;445;14788;14961;5.13;0.31;322.99;15.61;1248;48;5135.00;173
13542;47;623867403;13542;439;14798;14974;5.17;0.31;322.99;15.60;1256;48;5136.00;176
13545;47;623867418;13545;432;14799;14974;5.20;0.32;323.05;15.60;1254;48;5137.00;175
13546;47;623867432;13546;429;14800;14974;5.24;0.32;323.06;15.59;1254;48;5138.00;174
13549;47;623867446;13549;435;14801;14975;5.27;0.32;323.06;15.59;1252;48;5139.00;174
13554;47;623867460;13554;431;14804;14975;5.27;0.32;323.12;15.73;1250;48;5140.00;171
13559;47;623867475;13559;429;14808;14979;5.33;0.32;323.18;15.72;1249;48;5141.00;171
13564;47;623867489;13564;423;14809;14979;5.31;0.32;323.22;15.72;1245;48;5142.00;170
13568;47;623867504;13568;423;14812;14983;5.35;0.33;323.31;15.72;1244;48;5143.00;171
13572;47;623867518;13572;424;14812;14983;5.32;0.32;323.31;15.72;1240;48;5144.00;171
13574;47;623867533;13574;424;14812;14983;5.32;0.32;323.34;15.72;1238;48;5145.00;171
13576;47;623867546;13576;424;14812;14983;5.31;0.32;323.38;15.72;1236;48;5146.00;171
13576;47;623867560;13576;417;14812;14983;5.34;0.33;323.38;15.72;1236;48;5147.00;171
13580;47;623867573;13580;408;14820;14995;5.43;0.33;323.53;15.71;1240;48;5148.00;175
13581;47;623867589;13581;403;14822;14995;5.51;0.34;323.58;15.71;1241;48;5149.00;173
13587;47;623867602;13587;402;14823;14995;5.59;0.34;323.67;15.71;1236;48;5150.00;172
13591;47;623867617;13591;398;14823;14995;5.63;0.34;323.67;15.71;1232;48;5151.00;172
13596;47;623867631;13596;392;14823;14995;5.68;0.35;323.80;15.71;1227;48;5152.00;172
13597;47;623867645;13597;390;14823;14995;5.76;0.35;323.81;15.71;1226;48;5153.00;172
13600;47;623867660;13600;383;14823;14996;5.83;0.36;323.90;15.71;1223;48;5154.00;173
13605;47;623867674;13605;385;14825;14998;5.84;0.36;324.01;15.71;1220;48;5155.00;173
13609;47;623867695;13609;375;14830;15004;5.92;0.36;324.09;15.70;1221;48;5156.00;174
13614;47;623867711;13614;368;14831;15005;5.97;0.36;324.25;15.70;1217;48;5157.00;174
13615;47;623867726;13615;359;14832;15005;6.04;0.37;324.29;15.83;1217;48;5158.00;173
13617;47;623867741;13617;354;14832;15005;6.12;0.37;324.37;15.83;1215;48;5159.00;173
13619;47;623867757;13619;350;14836;15010;6.15;0.38;324.40;15.83;1217;48;5160.00;174
13622;47;623867773;13622;349;14836;15010;6.16;0.38;324.44;15.83;1214;48;5161.00;174
13625;47;623867788;13625;346;14836;15010;6.20;0.38;324.43;15.83;1211;48;5162.00;174
13627;47;623867807;13627;350;14837;15011;6.26;0.38;324.47;15.82;1210;48;5163.00;174
13631;47;623867832;13631;352;14840;15015;6.29;0.39;324.49;15.82;1209;48;5164.00;175
13634;47;623867857;13634;353;14840;15015;6.28;0.38;324.58;15.82;1206;48;5165.00;175
13639;47;623867880;13639;350;14842;15018;6.29;0.38;324.61;15.82;1203;48;5166.00;176
13643;47;623867902;13643;346;14842;15018;6.25;0.38;324.67;15.82;1199;48;5167.00;176
13647;47;623867921;13647;343;14843;15018;6.25;0.38;324.72;15.82;1196;48;5168.00;175
13650;47;623867939;13650;344;14843;15018;6.26;0.38;324.70;15.82;1193;48;5169.00;175
13651;47;623867954;13651;348;14847;15022;6.25;0.38;324.71;15.81;1196;48;5170.00;175
13655;47;623867972;13655;346;14847;15022;6.22;0.38;324.79;15.81;1192;48;5171.00;175
13660;47;623867994;13660;344;14847;15022;6.17;0.37;324.80;15.81;1187;48;5172.00;175
13661;47;623868011;13661;334;14847;15022;6.16;0.37;324.86;15.81;1186;48;5173.00;175
13665;47;623868026;13665;333;14847;15023;6.08;0.37;324.86;15.81;1182;48;5174.00;176
13665;47;623868043;13665;329;14849;15025;6.04;0.37;324.86;15.81;1184;48;5175.00;176
13670;47;623868057;13670;333;14849;15025;5.89;0.36;324.94;15.81;1179;48;5176.00;176
13674;47;623868072;13674;329;14850;15026;5.87;0.36;324.94;15.81;1176;48;5177.00;176
13676;47;623868086;13676;331;14850;15026;5.88;0.36;324.99;15.81;1174;48;5178.00;176
13678;47;623868101;13678;335;14850;15026;5.90;0.36;325.04;15.81;1172;48;5179.00;176
13679;47;623868117;13679;325;14850;15026;6.00;0.37;325.05;15.81;1171;48;5180.00;176
13681;47;623868132;13681;321;14850;15026;6.09;0.37;325.07;15.81;1169;48;5181.00;176
13682;47;623868147;13682;316;14850;15026;6.14;0.37;325.05;15.81;1168;48;5182.00;176
13684;47;623868161;13684;312;14850;15026;6.14;0.37;325.03;15.81;1166;48;5183.00;176
13686;47;623868176;13686;336;14922;15153;6.26;0.39;325.07;15.74;1236;48;5184.00;231
13688;47;623868203;13688;324;14923;15154;6.31;0.39;325.07;15.73;1235;48;5185.00;231
13688;47;623868219;13688;317;14928;15154;6.37;0.39;325.07;15.73;1240;48;5186.00;226
13692;47;623868233;13692;317;14929;15154;6.38;0.39;325.12;15.73;1237;48;5187.00;225
13694;47;623868248;13694;317;14933;15154;6.45;0.40;325.13;15.73;1239;48;5188.00;221
13700;47;623868264;13700;316;14934;15154;6.40;0.39;325.16;15.72;1234;48;5189.00;220
13702;47;623868283;13702;313;14938;15154;6.41;0.39;325.16;15.72;1236;48;5190.00;216
13704;47;623868298;13704;311;14939;15154;6.47;0.40;325.17;15.72;1235;48;5191.00;215
13705;47;623868319;13705;317;14942;15155;6.54;0.40;325.16;15.72;1237;48;5192.00;213
13708;47;623868336;13708;316;14947;15156;6.56;0.40;325.20;15.72;1239;48;5193.00;209
13708;47;623868352;13708;311;14950;15156;6.64;0.41;325.20;15.72;1242;48;5194.00;206
13713;47;623868368;13713;318;14953;15157;6.66;0.41;325.21;15.72;1240;48;5195.00;204
13715;47;623868384;13715;321;14957;15157;6.63;0.41;325.24;15.71;1242;48;5196.00;200
13720;47;623868400;13720;325;14960;15157;6.58;0.40;325.35;15.71;1240;48;5197.00;197
13722;47;623868415;13722;333;14962;15157;6.51;0.40;325.35;15.71;1240;48;5198.00;195
13726;47;623868430;13726;336;14965;15161;6.46;0.40;325.41;15.71;1239;48;5199.00;196
13729;47;623868445;13729;335;14966;15161;6.36;0.39;325.44;15.71;1237;48;5200.00;195
13732;47;623868464;13732;343;14967;15161;6.26;0.38;325.43;15.71;1235;48;5201.00;194
13737;47;623868487;13737;344;14969;15164;6.26;0.38;325.44;15.71;1232;48;5202.00;195
13740;47;623868502;13740;341;14969;15164;6.25;0.38;325.46;15.71;1229;48;5203.00;195
13742;47;623868517;13742;347;14970;15164;6.21;0.38;325.44;15.71;1228;48;5204.00;194
13746;47;623868532;13746;350;14979;15168;6.15;0.38;325.43;15.73;1233;48;5205.00;189
13750;47;623868548;13750;344;14980;15169;6.11;0.37;325.40;15.73;1230;48;5206.00;189
13754;47;623868563;13754;345;14981;15169;6.06;0.37;325.41;15.73;1227;48;5207.00;188
13756;47;623868577;13756;346;14984;15173;6.04;0.37;325.46;15.73;1228;48;5208.00;189
13762;47;623868591;13762;342;14984;15173;5.99;0.37;325.43;15.73;1222;48;5209.00;189
13765;47;623868605;13765;352;14984;15173;5.95;0.36;325.46;15.73;1219;48;5210.00;189
13767;47;623868618;13767;359;14985;15174;5.89;0.36;325.48;15.73;1218;48;5211.00;189
13769;47;623868639;13769;365;14985;15174;5.83;0.36;325.46;15.73;1216;48;5212.00;189
13772;47;623868652;13772;371;14990;15180;5.85;0.36;325.50;15.72;1218;48;5213.00;190
13775;47;623868667;13775;381;14990;15180;5.81;0.36;325.51;15.72;1215;48;5214.00;190
13777;47;623868681;13777;385;14990;15180;5.81;0.35;325.52;15.72;1213;48;5215.00;190
13779;47;623868695;13779;381;14991;15181;5.78;0.35;325.53;15.72;1212;48;5216.00;190
13780;47;623868708;13780;384;14991;15181;5.79;0.35;325.57;15.72;1211;48;5217.00;190
13782;47;623868721;13782;386;14991;15181;5.81;0.36;325.56;15.72;1209;48;5218.00;190
13784;47;623868733;13784;389;14991;15181;5.77;0.35;325.53;15.72;1207;48;5219.00;190
13787;47;623868748;13787;404;15014;15217;5.85;0.36;325.49;15.70;1227;48;5220.00;203
13793;47;623868764;13793;407;15016;15217;5.76;0.35;325.53;15.70;1223;48;5221.00;201
13797;47;623868778;13797;406;15018;15217;5.71;0.35;325.64;15.70;1221;48;5222.00;199
13798;47;623868792;13798;408;15018;15217;5.65;0.35;325.62;15.70;1220;48;5223.00;199
13800;47;623868812;13800;419;15021;15217;5.58;0.34;325.61;15.69;1221;48;5224.00;196
13802;47;623868825;13802;420;15021;15217;5.53;0.34;325.67;15.69;1219;48;5225.00;196
13806;47;623868839;13806;427;15026;15221;5.49;0.34;325.66;15.69;1220;48;5226.00;195
13808;47;623868854;13808;431;15026;15221;5.47;0.33;325.62;15.69;1218;48;5227.00;195
13812;47;623868868;13812;439;15030;15225;5.40;0.33;325.63;15.68;1218;48;5228.00;195
13814;47;623868880;13814;454;15031;15226;5.35;0.33;325.60;15.68;1217;48;5229.00;195
13818;47;623868893;13818;462;15032;15226;5.25;0.32;325.56;15.70;1214;48;5230.00;194
13818;47;623868906;13818;469;15032;15226;5.19;0.32;325.56;15.70;1214;48;5231.00;194
13821;47;623868918;13821;479;15044;15239;5.16;0.31;325.52;15.69;1223;48;5232.00;195
13824;47;623868932;13824;483;15045;15239;5.06;0.31;325.51;15.71;1221;48;5233.00;194
13825;47;623868944;13825;491;15046;15239;4.98;0.30;325.50;15.71;1221;48;5234.00;193
13826;47;623868956;13826;486;15049;15240;4.93;0.30;325.50;15.73;1223;48;5235.00;191
13826;47;623868969;13826;482;15049;15241;4.87;0.30;325.50;15.73;1223;48;5236.00;192
13826;47;623868982;13826;484;15051;15241;4.82;0.29;325.50;15.75;1225;48;5237.00;190
13826;47;623868994;13826;483;15053;15244;4.80;0.29;325.50;15.75;1227;48;5238.00;191
13827;47;623869008;13827;486;15054;15244;4.83;0.29;325.52;15.76;1227;48;5239.00;190
13828;47;623869020;13828;487;15056;15244;4.81;0.29;325.53;15.76;1228;48;5240.00;188
13828;47;623869033;13828;493;15057;15244;4.80;0.29;325.53;15.77;1229;48;5241.00;187
13828;47;623869050;13828;490;15062;15250;4.87;0.30;325.53;15.77;1234;48;5242.00;188
13830;47;623869064;13830;492;15064;15250;4.87;0.30;325.52;15.78;1234;48;5243.00;186
13832;47;623869076;13832;494;15065;15250;4.87;0.30;325.55;15.78;1233;48;5244.00;185
13833;47;623869094;13833;503;15067;15250;4.85;0.30;325.57;15.80;1234;48;5245.00;183
13834;47;623869107;13834;502;15070;15254;4.84;0.30;325.56;15.79;1236;48;5246.00;184
13836;47;623869120;13836;508;15072;15255;4.84;0.29;325.56;15.81;1236;48;5247.00;183
13838;47;623869133;13838;510;15073;15255;4.74;0.29;325.55;15.81;1235;48;5248.00;182
13838;47;623869145;13838;521;15075;15256;4.70;0.29;325.55;15.82;1237;48;5249.00;181
13840;47;623869160;13840;511;15076;15256;4.69;0.28;325.52;15.82;1236;48;5250.00;180
13841;47;623869172;13841;509;15077;15256;4.69;0.28;325.51;15.83;1236;48;5251.00;179
13841;47;623869184;13841;504;15077;15256;4.66;0.28;325.51;15.83;1236;48;5252.00;179
13841;47;623869196;13841;503;15078;15256;4.68;0.28;325.51;15.84;1237;48;5253.00;178
13841;47;623869209;13841;497;15078;15256;4.68;0.28;325.51;15.84;1237;48;5254.00;178
13843;47;623869221;13843;499;15079;15256;4.67;0.28;325.50;15.85;1236;48;5255.00;177
13845;47;623869233;13845;502;15116;15326;4.86;0.30;325.51;15.81;1271;48;5256.00;210
13847;47;623869251;13847;494;15118;15327;4.84;0.29;325.54;15.81;1271;48;5257.00;209
13849;47;623869264;13849;493;15128;15327;4.86;0.30;325.51;15.81;1279;48;5258.00;199
13852;47;623869277;13852;491;15134;15327;4.82;0.29;325.59;15.81;1282;48;5259.00;193
13853;47;623869290;13853;492;15138;15327;4.83;0.29;325.62;15.80;1285;48;5260.00;189
13854;47;623869304;13854;501;15140;15327;4.80;0.29;325.61;15.81;1286;48;5261.00;187
13858;47;623869316;13858;497;15144;15327;4.73;0.29;325.64;15.82;1286;48;5262.00;183
13859;47;623869329;13859;501;15146;15327;4.70;0.29;325.63;15.82;1287;48;5263.00;181
13863;47;623869342;13863;498;15149;15328;4.68;0.29;325.61;15.83;1286;48;5264.00;179
13867;47;623869355;13867;499;15153;15330;4.64;0.28;325.64;15.84;1286;48;5265.00;177
13869;47;623869369;13869;504;15153;15330;4.63;0.28;325.74;15.84;1284;48;5266.00;177
13876;47;623869383;13876;514;15157;15334;4.57;0.28;325.70;15.85;1281;48;5267.00;177
13879;47;623869396;13879;522;15159;15334;4.55;0.28;325.80;15.87;1280;48;5268.00;175
13881;47;623869410;13881;521;15160;15334;4.57;0.28;325.79;15.87;1279;48;5269.00;174
13886;47;623869426;13886;519;15160;15334;4.57;0.28;325.80;15.87;1274;48;5270.00;174
13887;47;623869439;13887;509;15166;15340;4.63;0.28;325.80;15.88;1279;48;5271.00;174
13891;47;623869453;13891;515;15166;15340;4.64;0.28;325.77;15.88;1275;48;5272.00;174
13895;47;623869466;13895;498;15166;15340;4.67;0.28;325.79;15.88;1271;48;5273.00;174
13896;47;623869481;13896;490;15168;15343;4.71;0.29;325.79;15.89;1272;48;5274.00;175
13899;47;623869494;13899;482;15168;15343;4.71;0.29;325.89;15.89;1269;48;5275.00;175
13902;47;623869507;13902;475;15169;15343;4.73;0.29;325.93;15.89;1267;48;5276.00;174
13905;47;623869520;13905;465;15169;15344;4.76;0.29;325.90;15.89;1264;48;5277.00;175
13907;47;623869538;13907;456;15172;15345;4.83;0.30;325.93;15.90;1265;48;5278.00;173
13913;47;623869556;13913;448;15174;15345;4.80;0.29;325.92;15.91;1261;48;5279.00;171
13917;47;623869593;13917;446;15193;15371;4.93;0.30;325.94;15.90;1276;48;5280.00;178
13921;47;623869618;13921;444;15195;15371;4.97;0.30;326.01;15.90;1274;48;5281.00;176
13926;47;623869639;13926;436;15198;15371;4.99;0.31;326.06;15.90;1272;48;5282.00;173
13929;47;623869659;13929;433;15200;15372;5.01;0.31;326.09;15.91;1271;48;5283.00;172
13933;47;623869675;13933;432;15201;15372;5.10;0.31;326.17;15.91;1268;48;5284.00;171
13938;47;623869690;13938;432;15204;15376;5.16;0.31;326.19;15.90;1266;48;5285.00;172
13940;47;623869706;13940;431;15204;15376;5.17;0.32;326.19;15.90;1264;48;5286.00;172
13946;47;623869721;13946;433;15207;15379;5.18;0.31;326.20;15.90;1261;48;5287.00;172
13951;47;623869736;13951;431;15208;15380;5.16;0.31;326.22;15.90;1257;48;5288.00;172
13954;47;623869751;13954;431;15209;15380;5.16;0.31;326.21;15.90;1255;48;5289.00;171
13959;47;623869767;13959;430;15209;15380;5.18;0.31;326.36;15.90;1250;48;5290.00;171
13963;47;623869781;13963;429;15209;15380;5.22;0.32;326.40;15.90;1246;48;5291.00;171
13968;47;623869795;13968;437;15220;15392;5.30;0.32;326.37;15.89;1252;48;5292.00;172
13972;47;623869811;13972;442;15220;15392;5.26;0.32;326.46;15.89;1248;48;5293.00;172
13976;47;623869825;13976;448;15220;15392;5.21;0.32;326.57;15.89;1244;48;5294.00;172
13979;47;623869839;13979;444;15220;15392;5.23;0.32;326.56;15.89;1241;48;5295.00;172
13983;47;623869859;13983;445;15220;15392;5.23;0.32;326.60;15.89;1237;48;5296.00;172
13987;47;623869890;13987;441;15220;15392;5.25;0.32;326.68;15.89;1233;48;5297.00;172
13992;47;623869911;13992;439;15220;15393;5.28;0.32;326.74;15.89;1228;48;5298.00;173
13996;47;623869931;13996;432;15220;15393;5.30;0.32;326.72;15.89;1224;48;5299.00;173
14001;47;623869954;14001;425;15225;15399;5.33;0.32;326.75;15.88;1224;48;5300.00;174
14005;47;623869979;14005;422;15226;15400;5.35;0.32;326.85;15.88;1221;48;5301.00;174
14008;47;623870007;14008;429;15226;15400;5.38;0.33;326.83;15.88;1218;48;5302.00;174
14011;47;623870023;14011;418;15226;15400;5.37;0.33;326.80;15.88;1215;48;5303.00;174
14012;47;623870039;14012;417;15230;15404;5.43;0.33;326.84;16.01;1218;48;5304.00;174
14014;47;623870059;14014;422;15230;15404;5.39;0.33;326.85;16.01;1216;48;5305.00;174
14019;47;623870075;14019;410;15230;15404;5.36;0.33;326.95;16.01;1211;48;5306.00;174
14020;47;623870091;14020;405;15231;15405;5.36;0.33;327.00;16.01;1211;48;5307.00;174
14026;47;623870105;14026;402;15234;15409;5.37;0.33;327.03;16.01;1208;48;5308.00;175
14030;47;623870120;14030;405;15234;15409;5.38;0.33;327.08;16.01;1204;48;5309.00;175
14035;47;623870136;14035;393;15238;15415;5.40;0.33;327.16;16.01;1203;48;5310.00;177
14038;47;623870152;14038;387;15238;15415;5.44;0.33;327.21;16.01;1200;48;5311.00;177
14044;47;623870167;14044;399;15240;15415;5.45;0.33;327.25;16.00;1196;48;5312.00;175
14046;47;623870182;14046;397;15240;15415;5.47;0.33;327.26;16.00;1194;48;5313.00;175
14051;47;623870198;14051;402;15244;15419;5.53;0.34;327.30;16.00;1193;48;5314.00;175
14055;47;623870212;14055;398;15244;15419;5.57;0.34;327.29;16.00;1189;48;5315.00;175
14060;47;623870227;14060;393;15244;15419;5.58;0.34;327.35;16.00;1184;48;5316.00;175
14063;47;623870242;14063;388;15244;15419;5.59;0.34;327.40;16.00;1181;48;5317.00;175
14069;47;623870257;14069;375;15245;15420;5.57;0.34;327.52;16.14;1176;48;5318.00;175
14074;47;623870272;14074;370;15246;15421;5.60;0.34;327.53;16.13;1172;48;5319.00;175
14078;47;623870288;14078;363;15246;15421;5.58;0.34;327.63;16.13;1168;48;5320.00;175
14082;47;623870304;14082;363;15247;15422;5.60;0.34;327.67;16.13;1165;48;5321.00;175
14084;47;623870319;14084;366;15247;15422;5.57;0.34;327.67;16.13;1163;48;5322.00;175
14087;47;623870334;14087;362;15248;15422;5.52;0.34;327.77;16.27;1161;48;5323.00;174
14090;47;623870350;14090;371;15248;15422;5.45;0.33;327.81;16.27;1158;48;5324.00;174
14092;47;623870365;14092;380;15248;15422;5.38;0.33;327.85;16.27;1156;48;5325.00;174
14094;47;623870380;14094;363;15248;15422;5.27;0.32;327.92;16.27;1154;48;5326.00;174
14099;47;623870395;14099;363;15248;15422;5.20;0.32;328.00;16.27;1149;48;5327.00;174
14102;47;623870411;14102;385;15318;15549;5.28;0.33;328.03;16.19;1216;48;5328.00;231
14104;47;623870437;14104;369;15319;15550;5.27;0.33;328.03;16.19;1215;48;5329.00;231
14105;47;623870453;14105;356;15327;15550;5.37;0.33;328.02;16.32;1222;48;5330.00;223
14107;47;623870469;14107;342;15329;15550;5.45;0.34;328.04;16.32;1222;48;5331.00;221
14110;47;623870485;14110;339;15333;15550;5.53;0.34;328.06;16.32;1223;48;5332.00;217
14113;47;623870500;14113;333;15336;15550;5.60;0.35;328.07;16.45;1223;48;5333.00;214
14115;47;623870516;14115;329;15337;15550;5.65;0.35;328.07;16.45;1222;48;5334.00;213
14116;47;623870532;14116;328;15341;15550;5.77;0.35;328.10;16.45;1225;48;5335.00;209
14120;47;623870553;14120;324;15346;15551;5.86;0.36;328.13;16.58;1226;48;5336.00;205
14121;47;623870570;14121;323;15352;15552;5.99;0.37;328.16;16.58;1231;48;5337.00;200
14126;47;623870585;14126;316;15354;15552;6.06;0.37;328.32;16.58;1228;48;5338.00;198
14128;47;623870602;14128;312;15356;15553;6.04;0.37;328.38;16.58;1228;48;5339.00;197
14129;47;623870619;14129;306;15359;15553;6.07;0.37;328.39;16.58;1230;48;5340.00;194
14132;47;623870633;14132;306;15363;15553;6.12;0.38;328.48;16.71;1231;48;5341.00;190
14134;47;623870649;14134;306;15365;15553;6.11;0.38;328.50;16.71;1231;48;5342.00;188
14137;47;623870664;14137;308;15370;15557;6.08;0.37;328.53;16.71;1233;48;5343.00;187
14140;47;623870679;14140;321;15371;15557;6.03;0.37;328.59;16.71;1231;48;5344.00;186
14142;47;623870694;14142;318;15371;15557;6.00;0.37;328.63;16.71;1229;48;5345.00;186
14147;47;623870708;14147;333;15374;15560;5.97;0.37;328.66;16.70;1227;48;5346.00;186
14152;47;623870724;14152;335;15375;15560;5.93;0.36;328.60;16.71;1223;48;5347.00;185
14154;47;623870739;14154;345;15376;15560;5.87;0.36;328.63;16.71;1222;48;5348.00;184
14158;47;623870754;14158;352;15380;15564;5.83;0.36;328.67;16.70;1222;48;5349.00;184
14163;47;623870769;14163;360;15382;15565;5.79;0.36;328.71;16.70;1219;48;5350.00;183
14164;47;623870783;14164;361;15382;15565;5.78;0.35;328.71;16.70;1218;48;5351.00;183
14166;47;623870797;14166;362;15385;15569;5.77;0.35;328.74;16.70;1219;48;5352.00;184
14169;47;623870812;14169;369;15385;15569;5.75;0.35;328.71;16.70;1216;48;5353.00;184
14169;47;623870826;14169;371;15386;15569;5.75;0.35;328.71;16.70;1217;48;5354.00;183
14172;47;623870840;14172;378;15388;15571;5.69;0.35;328.71;16.69;1216;48;5355.00;183
14173;47;623870854;14173;381;15388;15571;5.69;0.35;328.71;16.69;1215;48;5356.00;183
14180;47;623870868;14180;380;15393;15577;5.69;0.35;328.70;16.69;1213;48;5357.00;184
14182;47;623870882;14182;376;15393;15577;5.69;0.35;328.71;16.69;1211;48;5358.00;184
14183;47;623870897;14183;371;15393;15577;5.67;0.34;328.77;16.69;1210;48;5359.00;184
14186;47;623870911;14186;370;15393;15578;5.67;0.34;328.83;16.69;1207;48;5360.00;185
14191;47;623870925;14191;366;15393;15578;5.61;0.34;328.88;16.69;1202;48;5361.00;185
14191;47;623870940;14191;366;15393;15578;5.62;0.34;328.88;16.69;1202;48;5362.00;185
14194;47;623870953;14194;369;15393;15578;5.62;0.34;328.87;16.69;1199;48;5363.00;185
14198;47;623870967;14198;365;15403;15590;5.67;0.35;328.87;16.68;1205;48;5364.00;187
14202;47;623870982;14202;374;15403;15590;5.69;0.35;328.88;16.68;1201;48;5365.00;187
14206;47;623870995;14206;377;15404;15590;5.72;0.35;328.88;16.68;1198;48;5366.00;186
14207;47;623871009;14207;380;15404;15590;5.74;0.35;328.89;16.68;1197;48;5367.00;186
14210;47;623871023;14210;384;15404;15590;5.76;0.35;328.94;16.68;1194;48;5368.00;186
14211;47;623871036;14211;383;15404;15590;5.77;0.35;328.93;16.68;1193;48;5369.00;186
14218;47;623871050;14218;388;15407;15594;5.75;0.35;328.87;16.67;1189;48;5370.00;187
14220;47;623871064;14220;381;15407;15594;5.74;0.35;328.84;16.67;1187;48;5371.00;187
14223;47;623871077;14223;375;15411;15598;5.76;0.35;328.80;16.67;1188;48;5372.00;187
14229;47;623871090;14229;380;15411;15599;5.69;0.35;328.74;16.67;1182;48;5373.00;188
14231;47;623871104;14231;375;15413;15599;5.66;0.34;328.70;16.68;1182;48;5374.00;186
14235;47;623871118;14235;374;15414;15599;5.61;0.34;328.72;16.69;1179;48;5375.00;185
14237;47;623871131;14237;382;15424;15612;5.55;0.34;328.71;16.68;1187;48;5376.00;188
14240;47;623871146;14240;381;15425;15612;5.52;0.34;328.74;16.68;1185;48;5377.00;187
14243;47;623871158;14243;380;15425;15612;5.51;0.33;328.73;16.68;1182;48;5378.00;187
14247;47;623871172;14247;392;15426;15613;5.48;0.33;328.68;16.68;1179;48;5379.00;187
14250;47;623871185;14250;385;15426;15614;5.42;0.33;328.66;16.68;1176;48;5380.00;188
14251;47;623871197;14251;390;15426;15614;5.45;0.33;328.64;16.68;1175;48;5381.00;188
14252;47;623871209;14252;398;15428;15617;5.46;0.33;328.62;16.68;1176;48;5382.00;189
14253;47;623871222;14253;405;15429;15617;5.48;0.33;328.62;16.68;1176;48;5383.00;188
14254;47;623871235;14254;409;15429;15617;5.49;0.33;328.60;16.68;1175;48;5384.00;188
14254;47;623871248;14254;407;15429;15617;5.48;0.33;328.60;16.68;1175;48;5385.00;188
14255;47;623871260;14255;407;15434;15623;5.53;0.34;328.63;16.67;1179;48;5386.00;189
14257;47;623871274;14257;403;15434;15623;5.54;0.34;328.63;16.67;1177;48;5387.00;189
14258;47;623871287;14258;396;15434;15623;5.52;0.34;328.67;16.67;1176;48;5388.00;189
14260;47;623871300;14260;399;15434;15623;5.51;0.33;328.67;16.67;1174;48;5389.00;189
14261;47;623871313;14261;395;15437;15627;5.54;0.34;328.66;16.67;1176;48;5390.00;190
14265;47;623871326;14265;393;15438;15628;5.54;0.34;328.75;16.67;1173;48;5391.00;190
14268;47;623871339;14268;392;15438;15628;5.56;0.34;328.72;16.67;1170;48;5392.00;190
14269;47;623871352;14269;388;15439;15629;5.52;0.34;328.76;16.67;1170;48;5393.00;190
14270;47;623871365;14270;390;15439;15629;5.50;0.33;328.77;16.67;1169;48;5394.00;190
14274;47;623871377;14274;384;15439;15629;5.45;0.33;328.74;16.67;1165;48;5395.00;190
14274;47;623871391;14274;385;15440;15629;5.44;0.33;328.74;16.67;1166;48;5396.00;189
14275;47;623871409;14275;387;15440;15629;5.40;0.33;328.77;16.67;1165;48;5397.00;189
14277;47;623871422;14277;377;15440;15629;5.38;0.33;328.77;16.67;1163;48;5398.00;189
14277;47;623871435;14277;378;15440;15629;5.36;0.33;328.77;16.67;1163;48;5399.00;189
