step_arrived;step_collisions;step_duration;step_ended;step_halting;step_inserted;step_loaded;step_meanSpeed;step_meanSpeedRelative;step_meanTravelTime;step_meanWaitingTime;step_running;step_teleports;step_time;step_waiting
0;0;624363202;0;1;89;245;16.45;1.16;-1.00;0.00;89;0;0.00;156
0;0;624363230;0;1;101;245;15.73;1.09;-1.00;0.12;101;0;1.00;144
0;0;624363231;0;2;122;245;15.01;1.02;-1.00;0.44;122;0;2.00;123
0;0;624363232;0;4;138;245;13.82;0.93;-1.00;0.74;138;0;3.00;107
0;0;624363234;0;2;151;245;12.69;0.85;-1.00;1.02;151;0;4.00;94
0;0;624363235;0;3;160;245;11.86;0.79;-1.00;1.24;160;0;5.00;85
0;0;624363237;0;8;172;245;10.80;0.72;-1.00;1.58;172;0;6.00;73
0;0;624363238;0;12;181;245;10.33;0.68;-1.00;1.85;181;0;7.00;64
0;0;624363240;0;19;190;246;9.83;0.65;-1.00;2.14;190;0;8.00;56
0;0;624363242;0;22;196;247;9.59;0.63;-1.00;2.35;196;0;9.00;51
0;0;624363244;0;27;203;247;9.15;0.60;-1.00;2.61;203;0;10.00;44
0;0;624363246;0;29;206;248;9.02;0.59;-1.00;2.68;206;0;11.00;42
2;0;624363250;2;33;212;248;8.89;0.58;12.00;2.95;210;0;12.00;36
2;0;624363252;2;36;214;248;8.67;0.57;12.00;3.04;212;0;13.00;34
2;0;624363254;2;37;218;248;8.61;0.56;12.00;3.24;216;0;14.00;30
2;0;624363257;2;40;223;252;8.71;0.56;12.00;3.35;221;0;15.00;29
2;0;624363260;2;46;226;252;8.78;0.56;12.00;3.46;224;0;16.00;26
2;0;624363263;2;54;229;252;8.68;0.55;12.00;3.63;227;0;17.00;23
3;0;624363265;3;57;232;255;8.71;0.55;14.00;3.74;229;0;18.00;23
4;0;624363268;4;59;234;255;8.70;0.55;15.25;3.87;230;0;19.00;21
4;0;624363270;4;67;236;255;8.76;0.55;15.25;4.01;232;0;20.00;19
4;0;624363280;4;73;242;259;8.83;0.56;15.25;4.10;238;0;21.00;17
6;0;624363283;6;77;245;260;8.71;0.55;17.33;4.23;239;0;22.00;15
6;0;624363286;6;80;246;260;8.63;0.54;17.33;4.31;240;0;23.00;14
7;0;624363288;7;84;251;264;8.50;0.53;18.29;4.32;244;0;24.00;13
7;0;624363291;7;90;252;264;8.49;0.53;18.29;4.35;245;0;25.00;12
7;0;624363294;7;93;253;264;8.45;0.53;18.29;4.43;246;0;26.00;11
7;0;624363297;7;97;253;265;8.34;0.52;18.29;4.43;246;0;27.00;12
7;0;624363300;7;97;254;265;8.31;0.52;18.29;4.52;247;0;28.00;11
7;0;624363303;7;102;259;271;8.21;0.51;18.29;4.46;252;0;29.00;12
7;0;624363308;7;104;261;271;8.06;0.50;18.29;4.58;254;0;30.00;10
7;0;624363311;7;103;262;272;8.01;0.50;18.29;4.57;255;0;31.00;10
9;0;624363314;9;109;263;272;7.93;0.49;21.00;4.57;254;0;32.00;9
10;0;624363317;10;109;263;272;7.91;0.49;22.20;4.57;253;0;33.00;9
10;0;624363320;10;115;265;272;8.00;0.49;22.20;4.79;255;0;34.00;7
11;0;624363323;11;116;266;272;7.98;0.49;22.82;4.90;255;0;35.00;6
11;0;624363326;11;120;277;284;8.38;0.52;22.82;4.81;266;0;36.00;7
11;0;624363330;11;123;278;284;8.40;0.52;22.82;4.79;267;0;37.00;6
11;0;624363333;11;123;278;284;8.42;0.52;22.82;4.79;267;0;38.00;6
11;0;624363336;11;123;279;284;8.43;0.52;22.82;4.85;268;0;39.00;5
12;0;624363339;12;124;279;284;8.39;0.52;23.75;4.85;267;0;40.00;5
12;0;624363343;12;123;280;284;8.30;0.51;23.75;4.88;268;0;41.00;4
12;0;624363345;12;126;285;288;8.30;0.51;23.75;4.83;273;0;42.00;3
13;0;624363349;13;129;285;288;8.17;0.51;25.23;4.83;272;0;43.00;3
15;0;624363352;15;131;289;292;8.02;0.50;26.07;4.78;274;0;44.00;3
15;0;624363355;15;137;291;294;7.85;0.49;26.07;4.75;276;0;45.00;3
15;0;624363357;15;141;291;294;7.66;0.48;26.07;4.75;276;0;46.00;3
15;0;624363360;15;137;291;294;7.58;0.47;26.07;4.75;276;0;47.00;3
16;0;624363363;16;143;302;307;7.88;0.49;27.25;4.57;286;0;48.00;5
16;0;624363367;16;143;302;307;7.81;0.49;27.25;4.57;286;0;49.00;5
18;0;624363370;18;144;302;307;7.75;0.48;29.67;4.57;284;0;50.00;5
19;0;624363373;19;145;303;308;7.73;0.48;30.26;4.56;284;0;51.00;5
19;0;624363376;19;147;304;309;7.62;0.48;30.26;4.55;285;0;52.00;5
20;0;624363379;20;149;304;309;7.61;0.47;31.35;4.55;284;0;53.00;5
20;0;624363382;20;149;306;312;7.60;0.47;31.35;4.52;286;0;54.00;6
25;0;624363385;25;154;306;312;7.41;0.46;34.80;4.52;281;0;55.00;6
27;0;624363389;27;144;307;312;7.40;0.46;35.04;4.51;280;0;56.00;5
27;0;624363392;27;139;307;312;7.37;0.45;35.04;4.51;280;0;57.00;5
27;0;624363395;27;139;313;318;7.43;0.46;35.04;4.44;286;0;58.00;5
28;0;624363398;28;142;313;318;7.43;0.46;34.96;4.44;285;0;59.00;5
28;0;624363403;28;144;313;318;7.51;0.46;34.96;4.44;285;0;60.00;5
29;0;624363406;29;147;313;318;7.56;0.46;35.72;4.44;284;0;61.00;5
29;0;624363409;29;148;317;322;7.54;0.46;35.72;4.40;288;0;62.00;5
30;0;624363412;30;150;318;323;7.65;0.47;36.63;4.39;288;0;63.00;5
32;0;624363415;32;150;318;323;7.66;0.47;38.25;4.39;286;0;64.00;5
32;0;624363418;32;151;319;324;7.75;0.47;38.25;4.38;287;0;65.00;5
33;0;624363421;33;152;319;324;7.77;0.48;37.82;4.38;286;0;66.00;5
34;0;624363424;34;143;319;324;7.79;0.48;38.47;4.38;285;0;67.00;5
34;0;624363427;34;139;319;324;7.84;0.48;38.47;4.38;285;0;68.00;5
34;0;624363430;34;135;319;324;7.89;0.48;38.47;4.38;285;0;69.00;5
34;0;624363432;34;132;319;324;7.98;0.49;38.47;4.38;285;0;70.00;5
35;0;624363436;35;130;319;324;8.12;0.50;39.26;4.38;284;0;71.00;5
35;0;624363439;35;134;353;394;8.41;0.52;39.26;3.95;318;0;72.00;41
35;0;624363450;35;126;354;395;8.54;0.53;39.26;3.95;319;0;73.00;41
36;0;624363454;36;118;361;395;8.86;0.54;40.22;3.91;325;0;74.00;34
37;0;624363458;37;119;363;395;9.09;0.56;41.16;3.90;326;0;75.00;32
38;0;624363461;38;115;366;395;9.37;0.57;42.05;3.90;328;0;76.00;29
39;0;624363471;39;115;367;395;9.56;0.58;42.95;3.91;328;0;77.00;28
39;0;624363475;39;114;370;395;9.69;0.59;42.95;3.92;331;0;78.00;25
41;0;624363479;41;117;373;395;9.72;0.59;44.20;3.95;332;0;79.00;22
42;0;624363488;42;117;375;396;9.66;0.58;44.57;3.97;333;0;80.00;21
43;0;624363498;43;118;378;397;9.61;0.58;45.42;4.01;335;0;81.00;19
43;0;624363502;43;122;380;397;9.61;0.58;45.42;4.02;337;0;82.00;17
43;0;624363506;43;123;385;401;9.53;0.58;45.42;4.01;342;0;83.00;16
43;0;624363510;43;126;386;401;9.52;0.58;45.42;4.01;343;0;84.00;15
44;0;624363514;44;125;386;401;9.43;0.57;46.11;4.01;342;0;85.00;15
44;0;624363517;44;125;386;401;9.35;0.57;46.11;4.01;342;0;86.00;15
44;0;624363521;44;127;391;407;9.33;0.57;46.11;3.97;347;0;87.00;16
44;0;624363525;44;128;391;407;9.34;0.57;46.11;3.97;347;0;88.00;16
46;0;624363528;46;126;391;407;9.29;0.57;47.98;3.97;345;0;89.00;16
48;0;624363533;48;130;395;413;9.29;0.57;49.48;3.93;347;0;90.00;18
50;0;624363538;50;130;395;413;9.26;0.56;51.14;3.93;345;0;91.00;18
52;0;624363541;52;133;397;413;9.32;0.57;52.60;3.92;345;0;92.00;16
55;0;624363546;55;133;398;414;9.17;0.56;54.80;3.91;343;0;93.00;16
55;0;624363550;55;135;399;415;9.20;0.56;54.80;3.90;344;0;94.00;16
57;0;624363554;57;135;399;415;9.13;0.56;56.21;3.90;342;0;95.00;16
59;0;624363558;59;134;409;428;9.03;0.55;57.56;3.81;350;0;96.00;19
62;0;624363563;62;132;410;428;9.00;0.55;59.13;3.80;348;0;97.00;18
63;0;624363567;63;135;410;428;9.06;0.55;59.71;3.80;347;0;98.00;18
65;0;624363571;65;134;411;429;9.07;0.55;60.92;3.79;346;0;99.00;18
66;0;624363575;66;130;411;429;9.13;0.56;60.42;3.79;345;0;100.00;18
67;0;624363583;67;127;414;433;9.28;0.57;60.97;3.77;347;0;101.00;19
68;0;624363587;68;121;414;433;9.37;0.57;61.49;3.77;346;0;102.00;19
68;0;624363592;68;115;418;437;9.39;0.57;61.49;3.75;350;0;103.00;19
69;0;624363596;69;108;418;437;9.51;0.58;62.06;3.75;349;0;104.00;19
70;0;624363600;70;104;420;437;9.69;0.59;62.61;3.89;350;0;105.00;17
70;0;624363606;70;99;420;437;9.85;0.60;62.61;3.89;350;0;106.00;17
72;0;624363610;72;92;420;437;9.98;0.61;63.76;3.89;348;0;107.00;17
72;0;624363615;72;87;431;449;10.12;0.62;63.76;3.79;359;0;108.00;18
72;0;624363620;72;83;432;449;10.23;0.62;63.76;3.78;360;0;109.00;17
72;0;624363625;72;75;432;449;10.36;0.63;63.76;3.78;360;0;110.00;17
73;0;624363629;73;70;432;449;10.46;0.64;64.41;3.78;359;0;111.00;17
73;0;624363634;73;73;432;449;10.59;0.65;64.41;3.78;359;0;112.00;17
73;0;624363639;73;71;432;449;10.75;0.66;64.41;3.78;359;0;113.00;17
73;0;624363646;73;69;433;450;10.87;0.67;64.41;3.77;360;0;114.00;17
73;0;624363652;73;68;433;450;10.92;0.67;64.41;3.77;360;0;115.00;17
75;0;624363658;75;69;438;456;11.06;0.67;65.79;3.74;363;0;116.00;18
75;0;624363665;75;66;439;457;11.03;0.67;65.79;4.00;364;0;117.00;18
78;0;624363670;78;67;440;457;11.01;0.67;67.33;3.99;362;0;118.00;17
78;0;624363676;78;70;440;457;11.05;0.67;67.33;3.99;362;0;119.00;17
80;0;624363683;80;76;446;462;11.01;0.67;68.61;4.32;366;0;120.00;16
80;0;624363689;80;77;447;462;10.98;0.67;68.61;4.42;367;0;121.00;15
80;0;624363694;80;80;448;462;10.89;0.67;68.61;4.68;368;0;122.00;14
81;0;624363699;81;82;449;463;10.99;0.67;69.26;4.67;368;0;123.00;14
81;0;624363704;81;83;455;467;10.89;0.67;69.26;4.90;374;0;124.00;12
82;0;624363710;82;86;456;467;10.87;0.66;69.93;5.00;374;0;125.00;11
82;0;624363716;82;92;461;470;10.88;0.67;69.93;5.35;379;0;126.00;9
83;0;624363721;83;92;462;470;10.95;0.67;70.31;5.34;379;0;127.00;8
85;0;624363726;85;93;465;470;10.95;0.67;71.22;5.58;380;0;128.00;5
85;0;624363732;85;94;465;470;10.97;0.67;71.22;5.58;380;0;129.00;5
86;0;624363737;86;97;471;474;10.99;0.67;71.90;5.67;385;0;130.00;3
88;0;624363744;88;95;471;474;11.02;0.67;73.03;5.67;383;0;131.00;3
90;0;624363749;90;95;472;474;11.04;0.67;73.52;5.74;382;0;132.00;2
91;0;624363755;91;96;472;474;11.15;0.68;74.15;5.74;381;0;133.00;2
93;0;624363761;93;95;474;475;11.25;0.69;74.19;5.80;381;0;134.00;1
94;0;624363768;94;95;477;477;11.31;0.69;74.84;5.79;383;0;135.00;0
95;0;624363773;95;96;477;477;11.34;0.69;75.15;5.79;382;0;136.00;0
95;0;624363779;95;97;478;478;11.49;0.70;75.15;5.78;383;0;137.00;0
96;0;624363785;96;98;478;478;11.54;0.71;75.80;5.78;382;0;138.00;0
98;0;624363792;98;101;478;478;11.58;0.71;76.73;5.78;380;0;139.00;0
100;0;624363797;100;102;478;478;11.66;0.72;77.18;5.78;378;0;140.00;0
100;0;624363810;100;103;478;478;11.65;0.72;77.18;5.78;378;0;141.00;0
100;0;624363821;100;103;478;478;11.59;0.72;77.18;5.78;378;0;142.00;0
101;0;624363826;101;104;478;478;11.55;0.71;77.12;5.78;377;0;143.00;0
104;0;624363833;104;125;550;605;11.14;0.70;78.96;5.03;446;0;144.00;55
105;0;624363849;105;120;554;606;11.11;0.70;79.46;5.00;449;0;145.00;52
108;0;624363855;108;114;566;606;11.11;0.70;80.83;4.94;458;0;146.00;40
110;0;624363861;110;115;568;606;11.10;0.70;81.97;4.93;458;0;147.00;38
112;0;624363867;112;121;574;606;11.06;0.69;83.15;4.92;462;0;148.00;32
116;0;624363872;116;117;574;606;10.92;0.68;84.36;4.92;458;0;149.00;32
120;0;624363881;120;116;579;611;10.77;0.67;86.17;4.91;459;0;150.00;32
122;0;624363889;122;116;580;611;10.75;0.67;86.84;4.91;458;0;151.00;31
124;0;624363895;124;119;583;612;10.82;0.67;87.85;4.93;459;0;152.00;29
125;0;624363901;125;118;588;613;10.92;0.68;88.36;4.96;463;0;153.00;25
127;0;624363907;127;120;591;613;11.02;0.69;88.91;4.99;464;0;154.00;22
129;0;624363913;129;124;595;614;10.94;0.68;88.81;5.01;466;0;155.00;19
131;0;624363919;131;124;599;614;10.84;0.67;89.79;5.04;468;0;156.00;15
133;0;624363925;133;124;602;614;10.76;0.67;90.23;5.08;469;0;157.00;12
133;0;624363932;133;125;603;614;10.76;0.67;90.23;5.08;470;0;158.00;11
135;0;624363938;135;132;609;618;10.63;0.66;90.15;5.11;474;0;159.00;9
136;0;624363955;136;139;609;618;10.63;0.66;90.39;5.11;473;0;160.00;9
139;0;624363963;139;141;610;618;10.54;0.65;91.37;5.13;471;0;161.00;8
140;0;624363971;140;142;612;621;10.33;0.64;91.34;5.12;472;0;162.00;9
144;0;624363981;144;141;612;621;10.18;0.63;92.78;5.12;468;0;163.00;9
147;0;624363990;147;142;614;621;10.00;0.62;93.74;5.17;467;0;164.00;7
147;0;624363998;147;148;619;625;9.88;0.61;93.74;5.20;472;0;165.00;6
148;0;624364006;148;149;620;626;9.76;0.61;94.07;5.19;472;0;166.00;6
151;0;624364012;151;149;623;626;9.67;0.60;95.30;5.23;472;0;167.00;3
153;0;624364019;153;147;628;630;9.64;0.60;95.12;5.20;475;0;168.00;2
154;0;624364025;154;148;628;630;9.56;0.59;95.44;5.20;474;0;169.00;2
159;0;624364031;159;142;628;630;9.45;0.59;96.55;5.20;469;0;170.00;2
160;0;624364037;160;139;629;631;9.36;0.58;96.90;5.19;469;0;171.00;2
160;0;624364044;160;138;629;631;9.29;0.57;96.90;5.19;469;0;172.00;2
161;0;624364049;161;136;635;637;9.31;0.58;96.63;5.15;474;0;173.00;2
161;0;624364055;161;134;635;637;9.33;0.58;96.63;5.15;474;0;174.00;2
163;0;624364061;163;136;636;638;9.27;0.57;97.17;5.15;473;0;175.00;2
163;0;624364067;163;135;638;638;9.30;0.57;97.17;5.19;475;0;176.00;0
163;0;624364073;163;133;638;638;9.34;0.57;97.17;5.19;475;0;177.00;0
163;0;624364078;163;133;638;638;9.37;0.58;97.17;5.19;475;0;178.00;0
166;0;624364084;166;132;638;638;9.33;0.57;97.10;5.19;472;0;179.00;0
167;0;624364092;167;132;668;672;9.45;0.58;97.14;4.96;501;0;180.00;4
167;0;624364100;167;125;668;672;9.53;0.59;97.14;4.96;501;0;181.00;4
168;0;624364106;168;126;671;672;9.67;0.60;97.02;4.94;503;0;182.00;1
169;0;624364112;169;127;671;672;9.67;0.60;97.16;4.94;502;0;183.00;1
171;0;624364118;171;132;672;672;9.71;0.60;97.65;4.94;501;0;184.00;0
174;0;624364124;174;137;672;672;9.64;0.60;98.45;4.94;498;0;185.00;0
174;0;624364131;174;142;676;676;9.75;0.60;98.45;4.92;502;0;186.00;0
176;0;624364137;176;150;676;676;9.76;0.60;99.17;4.92;500;0;187.00;0
177;0;624364144;177;157;680;680;9.73;0.60;99.16;4.90;503;0;188.00;0
178;0;624364150;178;162;681;681;9.59;0.59;99.13;4.89;503;0;189.00;0
181;0;624364156;181;162;681;681;9.43;0.58;98.76;4.89;500;0;190.00;0
184;0;624364163;184;167;681;681;9.27;0.57;99.37;4.89;497;0;191.00;0
187;0;624364169;187;172;694;694;9.22;0.57;99.26;4.80;507;0;192.00;0
189;0;624364176;189;175;694;694;9.08;0.56;99.68;4.80;505;0;193.00;0
189;0;624364182;189;180;694;694;8.97;0.55;99.68;4.80;505;0;194.00;0
194;0;624364188;194;188;695;695;8.77;0.54;99.87;4.79;501;0;195.00;0
197;0;624364194;197;191;696;696;8.58;0.53;99.62;4.79;499;0;196.00;0
199;0;624364202;199;199;696;696;8.32;0.51;99.46;4.79;497;0;197.00;0
201;0;624364208;201;201;698;699;8.16;0.50;99.23;4.77;497;0;198.00;1
202;0;624364214;202;208;698;699;7.91;0.48;99.21;4.77;496;0;199.00;1
203;0;624364221;203;212;699;699;7.71;0.47;98.84;4.77;496;0;200.00;0
204;0;624364231;204;212;699;699;7.62;0.47;98.98;4.77;495;0;201.00;0
205;0;624364236;205;220;705;705;7.48;0.46;98.78;4.74;500;0;202.00;0
207;0;624364243;207;225;705;705;7.35;0.45;98.40;4.74;498;0;203.00;0
207;0;624364250;207;234;705;705;7.23;0.44;98.40;4.74;498;0;204.00;0
208;0;624364255;208;235;705;705;7.19;0.44;98.45;4.74;497;0;205.00;0
211;0;624364261;211;238;709;709;7.16;0.44;98.25;4.72;498;0;206.00;0
214;0;624364267;214;241;710;710;7.14;0.44;97.45;4.71;496;0;207.00;0
216;0;624364273;216;245;710;710;7.08;0.43;98.36;4.71;494;0;208.00;0
217;0;624364279;217;250;711;711;7.02;0.43;98.04;4.70;494;0;209.00;0
218;0;624364286;218;253;711;711;6.96;0.43;98.54;4.70;493;0;210.00;0
220;0;624364292;220;256;711;711;6.85;0.42;98.66;4.70;491;0;211.00;0
221;0;624364298;221;262;711;711;6.75;0.41;98.76;4.70;490;0;212.00;0
221;0;624364303;221;268;711;711;6.65;0.41;98.76;4.70;490;0;213.00;0
224;0;624364308;224;270;711;711;6.52;0.40;99.54;4.70;487;0;214.00;0
225;0;624364314;225;272;711;711;6.36;0.39;100.03;4.70;486;0;215.00;0
228;0;624364320;228;286;755;781;6.58;0.41;101.25;4.43;527;0;216.00;26
228;0;624364331;228;276;757;782;6.56;0.40;101.25;4.42;529;0;217.00;25
228;0;624364337;228;267;764;782;6.64;0.41;101.25;4.40;536;0;218.00;18
228;0;624364343;228;250;767;782;6.77;0.42;101.25;4.39;539;0;219.00;15
228;0;624364350;228;240;769;782;6.96;0.43;101.25;4.39;541;0;220.00;13
230;0;624364356;230;232;771;782;7.07;0.43;101.95;4.39;541;0;221.00;11
231;0;624364362;231;228;773;782;7.24;0.44;102.11;4.40;542;0;222.00;9
231;0;624364368;231;226;775;782;7.40;0.45;102.11;4.41;544;0;223.00;7
232;0;624364374;232;226;777;783;7.52;0.46;102.61;4.41;545;0;224.00;6
233;0;624364382;233;229;780;785;7.64;0.47;103.12;4.42;547;0;225.00;5
234;0;624364389;234;216;782;785;7.83;0.48;103.65;4.43;548;0;226.00;3
235;0;624364396;235;208;788;789;8.00;0.49;104.17;4.43;553;0;227.00;1
236;0;624364404;236;200;789;789;8.24;0.50;104.69;4.42;553;0;228.00;0
238;0;624364421;238;197;789;789;8.45;0.52;104.84;4.42;551;0;229.00;0
239;0;624364429;239;183;789;789;8.67;0.53;105.33;4.42;550;0;230.00;0
241;0;624364443;241;177;795;795;8.98;0.55;105.22;4.40;554;0;231.00;0
242;0;624364451;242;166;795;795;9.21;0.56;105.54;4.40;553;0;232.00;0
244;0;624364459;244;163;795;795;9.38;0.58;106.00;4.40;551;0;233.00;0
246;0;624364467;246;158;797;798;9.59;0.59;106.61;4.39;551;0;234.00;1
246;0;624364476;246;154;797;798;9.75;0.60;106.61;4.39;551;0;235.00;1
248;0;624364483;248;150;798;798;9.90;0.61;107.12;4.38;550;0;236.00;0
249;0;624364491;249;144;799;799;10.09;0.62;107.06;4.38;550;0;237.00;0
252;0;624364498;252;138;800;800;10.22;0.63;108.17;4.38;548;0;238.00;0
253;0;624364508;253;134;800;800;10.31;0.63;108.67;4.38;547;0;239.00;0
257;0;624364523;257;135;825;826;10.30;0.63;109.85;4.24;568;0;240.00;1
260;0;624364543;260;126;825;826;10.36;0.63;109.88;4.24;565;0;241.00;1
262;0;624364556;262;121;826;826;10.50;0.64;109.79;4.24;564;0;242.00;0
263;0;624364568;263;118;827;827;10.68;0.65;109.89;4.23;564;0;243.00;0
266;0;624364580;266;114;827;827;10.83;0.66;109.98;4.23;561;0;244.00;0
267;0;624364591;267;108;831;831;10.97;0.67;110.48;4.22;564;0;245.00;0
268;0;624364603;268;107;831;831;11.06;0.67;110.75;4.22;563;0;246.00;0
270;0;624364614;270;106;835;835;11.07;0.67;111.27;4.20;565;0;247.00;0
274;0;624364623;274;101;835;835;11.09;0.67;112.39;4.20;561;0;248.00;0
277;0;624364631;277;101;835;835;11.14;0.68;113.04;4.20;558;0;249.00;0
279;0;624364646;279;102;835;835;11.30;0.69;113.92;4.20;556;0;250.00;0
281;0;624364654;281;101;835;835;11.34;0.69;114.38;4.20;554;0;251.00;0
283;0;624364662;283;103;845;847;11.44;0.70;114.85;4.15;562;0;252.00;2
283;0;624364671;283;105;845;847;11.53;0.70;114.85;4.15;562;0;253.00;2
288;0;624364678;288;104;847;847;11.66;0.71;116.10;4.15;559;0;254.00;0
291;0;624364686;291;104;847;847;11.72;0.71;116.79;4.15;556;0;255.00;0
295;0;624364693;295;105;847;847;11.75;0.71;117.17;4.15;552;0;256.00;0
296;0;624364701;296;107;847;847;11.86;0.72;117.23;4.15;551;0;257.00;0
296;0;624364708;296;107;848;848;11.93;0.72;117.23;4.15;552;0;258.00;0
298;0;624364715;298;108;848;848;12.00;0.73;117.45;4.15;550;0;259.00;0
299;0;624364729;299;110;854;854;12.09;0.73;117.91;4.12;555;0;260.00;0
299;0;624364737;299;109;855;855;12.24;0.74;117.91;4.12;556;0;261.00;0
301;0;624364744;301;111;855;855;12.28;0.74;118.47;4.12;554;0;262.00;0
302;0;624364752;302;112;855;855;12.30;0.74;118.31;4.12;553;0;263.00;0
302;0;624364759;302;113;859;859;12.37;0.75;118.31;4.10;557;0;264.00;0
305;0;624364767;305;112;859;859;12.35;0.75;118.63;4.10;554;0;265.00;0
308;0;624364774;308;113;859;859;12.29;0.74;118.55;4.10;551;0;266.00;0
310;0;624364782;310;112;860;860;12.32;0.75;118.78;4.10;550;0;267.00;0
313;0;624364789;313;115;864;864;12.12;0.73;119.83;4.08;551;0;268.00;0
317;0;624364796;317;111;864;864;12.02;0.73;120.90;4.08;547;0;269.00;0
319;0;624364805;319;111;868;870;12.04;0.73;121.02;4.06;549;0;270.00;2
320;0;624364813;320;111;868;870;12.07;0.73;120.93;4.06;548;0;271.00;2
321;0;624364819;321;102;870;870;12.11;0.74;120.84;4.06;549;0;272.00;0
324;0;624364833;324;101;870;870;12.12;0.74;121.01;4.06;546;0;273.00;0
326;0;624364841;326;99;874;874;12.13;0.74;121.72;4.04;548;0;274.00;0
328;0;624364849;328;97;874;874;12.17;0.74;121.92;4.04;546;0;275.00;0
331;0;624364857;331;91;874;874;12.14;0.74;122.11;4.04;543;0;276.00;0
332;0;624364864;332;88;874;874;12.22;0.74;122.14;4.04;542;0;277.00;0
334;0;624364871;334;85;875;875;12.23;0.74;122.18;4.04;541;0;278.00;0
335;0;624364879;335;83;876;876;12.31;0.75;122.22;4.04;541;0;279.00;0
340;0;624364887;340;83;876;876;12.25;0.74;122.47;4.04;536;0;280.00;0
342;0;624364895;342;78;877;877;12.27;0.74;122.75;4.03;535;0;281.00;0
346;0;624364903;346;76;877;877;12.38;0.75;123.90;4.03;531;0;282.00;0
347;0;624364910;347;75;877;877;12.49;0.76;123.95;4.03;530;0;283.00;0
351;0;624364918;351;78;877;877;12.52;0.76;124.08;4.03;526;0;284.00;0
351;0;624364925;351;77;877;877;12.64;0.77;124.08;4.03;526;0;285.00;0
352;0;624364931;352;76;877;877;12.75;0.77;124.12;4.03;525;0;286.00;0
354;0;624364940;354;77;877;877;12.84;0.78;124.31;4.03;523;0;287.00;0
356;0;624364947;356;98;950;1004;12.38;0.76;124.61;3.73;594;0;288.00;54
356;0;624364965;356;91;954;1005;12.36;0.76;124.61;3.71;598;0;289.00;51
357;0;624364974;357;84;961;1005;12.35;0.76;124.67;3.70;604;0;290.00;44
359;0;624364983;359;88;965;1005;12.21;0.75;124.73;3.70;606;0;291.00;40
359;0;624364991;359;93;969;1005;12.15;0.75;124.73;3.70;610;0;292.00;36
359;0;624364999;359;90;972;1005;12.02;0.74;124.73;3.70;613;0;293.00;33
359;0;624365015;359;94;974;1005;11.94;0.73;124.73;3.71;615;0;294.00;31
360;0;624365023;360;91;975;1005;11.87;0.73;124.53;3.71;615;0;295.00;30
364;0;624365032;364;92;978;1006;11.92;0.73;125.76;3.72;614;0;296.00;28
367;0;624365041;367;97;981;1007;11.91;0.73;126.21;3.74;614;0;297.00;26
370;0;624365049;370;101;984;1007;11.80;0.72;126.50;3.76;614;0;298.00;23
371;0;624365065;371;108;987;1008;11.67;0.71;126.19;3.78;616;0;299.00;21
371;0;624365078;371;115;992;1014;11.46;0.70;126.19;3.80;621;0;300.00;22
372;0;624365091;372;120;995;1014;11.37;0.70;126.37;3.82;623;0;301.00;19
372;0;624365100;372;119;998;1014;11.15;0.68;126.37;3.85;626;0;302.00;16
372;0;624365108;372;130;1003;1018;11.00;0.68;126.37;3.86;631;0;303.00;15
374;0;624365117;374;130;1003;1018;10.89;0.67;126.50;3.86;629;0;304.00;15
375;0;624365126;375;138;1004;1018;10.79;0.66;126.71;3.88;629;0;305.00;14
381;0;624365135;381;147;1009;1021;10.62;0.65;128.50;3.89;628;0;306.00;12
382;0;624365152;382;151;1010;1021;10.53;0.65;128.40;3.90;628;0;307.00;11
383;0;624365161;383;157;1011;1021;10.60;0.65;128.86;3.91;628;0;308.00;10
386;0;624365169;386;162;1015;1025;10.55;0.65;129.08;3.92;629;0;309.00;10
387;0;624365178;387;165;1018;1026;10.49;0.64;129.24;3.94;631;0;310.00;8
387;0;624365187;387;170;1019;1026;10.42;0.64;129.24;3.95;632;0;311.00;7
390;0;624365196;390;176;1023;1030;10.33;0.63;129.83;3.94;633;0;312.00;7
391;0;624365204;391;180;1023;1030;10.25;0.63;129.56;3.94;632;0;313.00;7
394;0;624365213;394;179;1026;1030;10.18;0.63;130.24;3.95;632;0;314.00;4
398;0;624365221;398;186;1028;1032;9.99;0.61;131.19;3.95;630;0;315.00;4
398;0;624365229;398;193;1029;1032;9.75;0.60;131.19;3.97;631;0;316.00;3
400;0;624365236;400;192;1036;1038;9.58;0.59;131.67;3.98;636;0;317.00;2
402;0;624365244;402;200;1036;1038;9.35;0.58;131.83;3.98;634;0;318.00;2
404;0;624365253;404;201;1037;1039;9.13;0.56;131.97;3.97;633;0;319.00;2
408;0;624365260;408;200;1037;1039;8.97;0.55;132.65;3.97;629;0;320.00;2
410;0;624365269;410;205;1039;1039;8.81;0.54;133.41;4.01;629;0;321.00;0
412;0;624365277;412;211;1039;1039;8.71;0.54;133.53;4.01;627;0;322.00;0
414;0;624365284;414;211;1039;1039;8.65;0.53;133.82;4.01;625;0;323.00;0
416;0;624365291;416;214;1050;1051;8.65;0.53;133.61;3.97;634;0;324.00;1
419;0;624365299;419;212;1050;1051;8.61;0.53;134.03;3.97;631;0;325.00;1
424;0;624365307;424;213;1051;1051;8.64;0.53;134.36;3.97;627;0;326.00;0
427;0;624365315;427;213;1051;1051;8.69;0.53;134.77;3.97;624;0;327.00;0
427;0;624365323;427;211;1051;1051;8.77;0.54;134.77;3.97;624;0;328.00;0
428;0;624365331;428;219;1051;1051;8.89;0.55;135.21;3.97;623;0;329.00;0
428;0;624365340;428;221;1055;1055;8.92;0.55;135.21;3.96;627;0;330.00;0
430;0;624365347;430;221;1055;1055;8.98;0.55;135.46;3.96;625;0;331.00;0
432;0;624365354;432;222;1059;1059;9.09;0.56;135.91;3.94;627;0;332.00;0
435;0;624365362;435;227;1060;1060;9.02;0.55;136.11;3.94;625;0;333.00;0
439;0;624365370;439;226;1060;1060;8.93;0.55;136.63;3.94;621;0;334.00;0
441;0;624365377;441;227;1060;1060;8.80;0.54;136.99;3.94;619;0;335.00;0
443;0;624365384;443;227;1072;1073;8.55;0.53;137.89;3.90;629;0;336.00;1
449;0;624365392;449;226;1073;1073;8.32;0.51;138.76;3.89;624;0;337.00;0
453;0;624365399;453;235;1073;1073;8.16;0.50;139.59;3.89;620;0;338.00;0
459;0;624365407;459;236;1074;1074;7.98;0.49;141.01;3.89;615;0;339.00;0
462;0;624365414;462;228;1075;1075;7.87;0.49;141.61;3.89;613;0;340.00;0
464;0;624365421;464;231;1075;1075;7.84;0.49;141.90;3.89;611;0;341.00;0
470;0;624365428;470;228;1077;1078;7.79;0.48;143.17;3.88;607;0;342.00;1
473;0;624365435;473;230;1077;1078;7.83;0.49;143.81;3.88;604;0;343.00;1
477;0;624365442;477;225;1078;1078;7.75;0.48;144.34;3.88;601;0;344.00;0
481;0;624365449;481;226;1078;1078;7.66;0.47;144.96;3.88;597;0;345.00;0
483;0;624365455;483;222;1084;1084;7.67;0.47;144.90;3.86;601;0;346.00;0
485;0;624365463;485;221;1084;1084;7.63;0.47;145.60;3.86;599;0;347.00;0
487;0;624365470;487;217;1084;1084;7.65;0.47;145.64;3.86;597;0;348.00;0
490;0;624365477;490;214;1084;1084;7.64;0.47;146.01;3.86;594;0;349.00;0
494;0;624365483;494;218;1088;1088;7.64;0.47;146.28;3.85;594;0;350.00;0
496;0;624365491;496;221;1089;1089;7.66;0.47;146.18;3.85;593;0;351.00;0
502;0;624365498;502;224;1089;1089;7.60;0.47;146.47;3.85;587;0;352.00;0
507;0;624365505;507;227;1090;1090;7.60;0.47;146.62;3.85;583;0;353.00;0
512;0;624365520;512;230;1090;1090;7.55;0.46;146.27;3.85;578;0;354.00;0
515;0;624365527;515;234;1090;1090;7.38;0.45;146.03;3.85;575;0;355.00;0
518;0;624365535;518;234;1090;1090;7.25;0.45;145.62;3.85;572;0;356.00;0
521;0;624365541;521;240;1090;1090;7.20;0.44;145.58;3.85;569;0;357.00;0
522;0;624365548;522;241;1090;1090;7.13;0.44;145.49;3.85;568;0;358.00;0
526;0;624365554;526;244;1090;1090;6.98;0.43;145.47;3.85;564;0;359.00;0
527;0;624365562;527;252;1150;1215;7.56;0.47;145.60;3.65;623;0;360.00;65
529;0;624365580;529;250;1158;1216;7.46;0.47;145.97;3.63;629;0;361.00;58
532;0;624365588;532;251;1170;1216;7.48;0.47;146.07;3.61;638;0;362.00;46
534;0;624365595;534;259;1175;1216;7.40;0.46;145.80;3.61;641;0;363.00;41
534;0;624365607;534;261;1181;1216;7.34;0.46;145.80;3.61;647;0;364.00;35
536;0;624365614;536;264;1184;1216;7.22;0.45;145.72;3.61;648;0;365.00;32
537;0;624365622;537;269;1191;1216;7.10;0.44;145.60;3.63;654;0;366.00;25
538;0;624365635;538;271;1193;1216;6.91;0.43;145.65;3.63;655;0;367.00;23
539;0;624365643;539;284;1196;1217;6.77;0.42;145.62;3.64;657;0;368.00;21
541;0;624365650;541;288;1203;1218;6.64;0.41;145.99;3.68;662;0;369.00;15
542;0;624365658;542;296;1204;1218;6.52;0.40;146.03;3.68;662;0;370.00;14
543;0;624365665;543;282;1211;1222;6.48;0.40;145.85;3.68;668;0;371.00;11
545;0;624365674;545;276;1212;1222;6.47;0.40;145.82;3.69;667;0;372.00;10
547;0;624365681;547;276;1215;1222;6.51;0.40;145.72;3.71;668;0;373.00;7
548;0;624365690;548;280;1217;1222;6.56;0.40;145.50;3.73;669;0;374.00;5
548;0;624365698;548;281;1224;1228;6.62;0.41;145.50;3.73;676;0;375.00;4
549;0;624365707;549;277;1226;1228;6.76;0.42;145.51;3.74;677;0;376.00;2
549;0;624365716;549;276;1226;1228;6.87;0.42;145.51;3.74;677;0;377.00;2
550;0;624365736;550;269;1230;1231;6.92;0.42;145.54;3.74;680;0;378.00;1
551;0;624365745;551;271;1230;1231;6.99;0.43;145.31;3.74;679;0;379.00;1
553;0;624365754;553;270;1230;1231;7.07;0.43;145.28;3.74;677;0;380.00;1
554;0;624365764;554;272;1232;1232;7.12;0.44;145.19;3.75;678;0;381.00;0
556;0;624365773;556;272;1233;1233;7.24;0.44;145.09;3.75;677;0;382.00;0
556;0;624365782;556;271;1233;1233;7.36;0.45;145.09;3.75;677;0;383.00;0
557;0;624365791;557;267;1246;1246;7.51;0.46;145.06;3.71;689;0;384.00;0
560;0;624365800;560;265;1246;1246;7.58;0.46;145.19;3.71;686;0;385.00;0
560;0;624365809;560;268;1246;1246;7.68;0.47;145.19;3.71;686;0;386.00;0
561;0;624365818;561;253;1247;1247;7.76;0.47;144.98;3.71;686;0;387.00;0
562;0;624365827;562;247;1247;1247;7.86;0.48;145.35;3.71;685;0;388.00;0
563;0;624365836;563;240;1251;1251;7.95;0.48;145.37;3.70;688;0;389.00;0
564;0;624365847;564;235;1251;1251;7.99;0.49;145.29;3.70;687;0;390.00;0
566;0;624365863;566;233;1255;1255;8.02;0.49;145.58;3.69;689;0;391.00;0
568;0;624365873;568;230;1255;1255;8.10;0.49;145.75;3.69;687;0;392.00;0
570;0;624365882;570;232;1255;1255;8.20;0.50;146.08;3.69;685;0;393.00;0
573;0;624365891;573;232;1255;1255;8.29;0.51;146.50;3.69;682;0;394.00;0
576;0;624365901;576;228;1255;1255;8.31;0.51;146.41;3.69;679;0;395.00;0
576;0;624365911;576;208;1266;1267;8.52;0.52;146.41;3.66;690;0;396.00;1
580;0;624365921;580;197;1266;1267;8.65;0.53;146.80;3.66;686;0;397.00;1
582;0;624365932;582;185;1267;1267;8.88;0.54;146.82;3.66;685;0;398.00;0
582;0;624365948;582;175;1267;1267;9.09;0.55;146.82;3.66;685;0;399.00;0
583;0;624365965;583;170;1267;1267;9.30;0.57;147.26;3.66;684;0;400.00;0
583;0;624365979;583;159;1267;1267;9.56;0.58;147.26;3.66;684;0;401.00;0
585;0;624365990;585;150;1268;1268;9.80;0.60;147.39;3.66;683;0;402.00;0
587;0;624366001;587;144;1268;1268;10.06;0.61;147.36;3.66;681;0;403.00;0
588;0;624366011;588;139;1274;1274;10.27;0.62;147.60;3.64;686;0;404.00;0
589;0;624366022;589;133;1276;1276;10.50;0.64;148.03;3.64;687;0;405.00;0
591;0;624366032;591;129;1276;1276;10.65;0.65;148.24;3.64;685;0;406.00;0
595;0;624366041;595;125;1276;1276;10.76;0.66;149.52;3.64;681;0;407.00;0
597;0;624366051;597;120;1280;1280;10.81;0.66;149.78;3.63;683;0;408.00;0
599;0;624366062;599;117;1280;1280;10.86;0.66;150.12;3.63;681;0;409.00;0
600;0;624366078;600;110;1280;1280;11.00;0.67;150.30;3.63;680;0;410.00;0
604;0;624366089;604;105;1281;1281;11.16;0.68;151.49;3.63;677;0;411.00;0
605;0;624366098;605;103;1285;1285;11.21;0.68;151.32;3.62;680;0;412.00;0
609;0;624366108;609;105;1285;1285;11.26;0.69;152.10;3.62;676;0;413.00;0
611;0;624366117;611;100;1287;1288;11.39;0.69;152.64;3.61;676;0;414.00;1
613;0;624366127;613;99;1287;1288;11.55;0.70;153.20;3.61;674;0;415.00;1
614;0;624366136;614;94;1288;1288;11.75;0.72;153.55;3.61;674;0;416.00;0
620;0;624366147;620;94;1288;1288;11.81;0.72;154.21;3.61;668;0;417.00;0
623;0;624366156;623;94;1292;1292;11.98;0.73;154.39;3.60;669;0;418.00;0
626;0;624366166;626;92;1292;1292;12.11;0.74;154.77;3.60;666;0;419.00;0
629;0;624366177;629;90;1292;1292;12.23;0.74;155.38;3.60;663;0;420.00;0
632;0;624366187;632;89;1292;1292;12.32;0.75;156.09;3.60;660;0;421.00;0
634;0;624366196;634;89;1293;1293;12.32;0.75;156.43;3.60;659;0;422.00;0
637;0;624366206;637;88;1294;1294;12.37;0.76;156.91;3.60;657;0;423.00;0
640;0;624366215;640;86;1294;1294;12.39;0.76;157.74;3.60;654;0;424.00;0
644;0;624366225;644;88;1295;1295;12.43;0.76;158.20;3.60;651;0;425.00;0
646;0;624366234;646;89;1295;1295;12.50;0.77;158.78;3.60;649;0;426.00;0
648;0;624366243;648;89;1295;1295;12.57;0.77;158.53;3.60;647;0;427.00;0
652;0;624366252;652;92;1295;1295;12.58;0.77;159.21;3.60;643;0;428.00;0
654;0;624366261;654;91;1295;1295;12.71;0.78;159.44;3.60;641;0;429.00;0
660;0;624366270;660;92;1295;1295;12.77;0.78;159.94;3.60;635;0;430.00;0
660;0;624366279;660;93;1295;1295;12.82;0.79;159.94;3.60;635;0;431.00;0
666;0;624366289;666;128;1376;1422;12.08;0.75;160.37;3.39;710;0;432.00;46
671;0;624366313;671;113;1376;1423;12.21;0.75;160.96;3.39;705;0;433.00;47
673;0;624366324;673;102;1381;1423;12.30;0.76;161.22;3.38;708;0;434.00;42
677;0;624366333;677;95;1383;1423;12.34;0.76;162.05;3.38;706;0;435.00;40
682;0;624366343;682;98;1386;1423;12.38;0.76;163.00;3.38;704;0;436.00;37
689;0;624366352;689;103;1387;1423;12.36;0.76;164.13;3.38;698;0;437.00;36
692;0;624366362;692;105;1390;1423;12.33;0.76;164.47;3.39;698;0;438.00;33
694;0;624366376;694;110;1392;1423;12.30;0.76;164.73;3.39;698;0;439.00;31
700;0;624366384;700;109;1394;1424;12.19;0.75;165.40;3.40;694;0;440.00;30
703;0;624366394;703;114;1398;1425;12.15;0.75;165.58;3.42;695;0;441.00;27
707;0;624366403;707;107;1400;1425;12.11;0.74;166.78;3.43;693;0;442.00;25
710;0;624366413;710;104;1405;1426;11.95;0.73;167.05;3.45;695;0;443.00;21
711;0;624366423;711;102;1406;1426;11.94;0.73;167.00;3.46;695;0;444.00;20
717;0;624366432;717;97;1412;1426;11.77;0.72;167.07;3.50;695;0;445.00;14
721;0;624366443;721;99;1414;1426;11.66;0.72;167.04;3.51;693;0;446.00;12
721;0;624366453;721;100;1417;1430;11.65;0.72;167.04;3.53;696;0;447.00;13
728;0;624366462;728;100;1420;1430;11.60;0.71;167.14;3.54;692;0;448.00;10
730;0;624366480;730;100;1423;1430;11.61;0.71;167.56;3.56;693;0;449.00;7
731;0;624366492;731;101;1426;1436;11.70;0.72;167.54;3.55;695;0;450.00;10
736;0;624366502;736;104;1428;1436;11.84;0.72;167.21;3.56;692;0;451.00;8
738;0;624366516;738;103;1429;1436;12.03;0.73;167.64;3.56;691;0;452.00;7
745;0;624366530;745;102;1432;1440;12.07;0.73;167.43;3.55;687;0;453.00;8
750;0;624366548;750;96;1435;1441;12.13;0.74;167.43;3.57;685;0;454.00;6
752;0;624366565;752;94;1436;1441;12.18;0.74;167.58;3.57;684;0;455.00;5
755;0;624366579;755;98;1439;1445;12.14;0.74;167.25;3.56;684;0;456.00;6
760;0;624366594;760;105;1439;1445;12.05;0.73;167.89;3.56;679;0;457.00;6
762;0;624366612;762;105;1439;1445;12.02;0.73;167.88;3.56;677;0;458.00;6
765;0;624366625;765;114;1440;1446;11.94;0.72;168.11;3.56;675;0;459.00;6
766;0;624366636;766;112;1440;1446;11.92;0.72;168.02;3.56;674;0;460.00;6
770;0;624366647;770;118;1445;1452;11.84;0.72;168.22;3.57;675;0;461.00;7
771;0;624366659;771;119;1445;1452;11.68;0.71;168.27;3.57;674;0;462.00;7
773;0;624366669;773;123;1447;1453;11.46;0.70;168.60;3.60;674;0;463.00;6
774;0;624366679;774;128;1447;1453;11.32;0.69;168.64;3.60;673;0;464.00;6
776;0;624366688;776;128;1447;1453;11.26;0.68;169.15;3.60;671;0;465.00;6
778;0;624366697;778;134;1448;1453;11.10;0.68;169.59;3.60;670;0;466.00;5
779;0;624366707;779;131;1448;1453;11.04;0.67;169.69;3.60;669;0;467.00;5
782;0;624366717;782;139;1458;1465;11.04;0.67;169.90;3.58;676;0;468.00;7
783;0;624366727;783;141;1458;1465;11.03;0.67;169.87;3.58;675;0;469.00;7
787;0;624366736;787;143;1461;1465;10.98;0.67;170.07;3.60;674;0;470.00;4
790;0;624366745;790;150;1461;1465;11.03;0.67;170.17;3.60;671;0;471.00;4
795;0;624366755;795;155;1462;1465;11.02;0.67;170.30;3.61;667;0;472.00;3
796;0;624366764;796;157;1462;1465;11.00;0.67;170.34;3.61;666;0;473.00;3
802;0;624366772;802;164;1465;1469;10.84;0.66;171.15;3.60;663;0;474.00;4
805;0;624366783;805;168;1466;1469;10.80;0.66;171.15;3.61;661;0;475.00;3
806;0;624366792;806;175;1470;1473;10.80;0.66;171.02;3.61;664;0;476.00;3
806;0;624366801;806;181;1471;1474;10.80;0.66;171.02;3.61;665;0;477.00;3
807;0;624366810;807;189;1474;1474;10.72;0.65;170.96;3.62;667;0;478.00;0
811;0;624366819;811;193;1474;1474;10.55;0.64;170.56;3.62;663;0;479.00;0
815;0;624366829;815;201;1495;1500;10.41;0.64;170.49;3.57;680;0;480.00;5
816;0;624366841;816;206;1497;1500;10.25;0.63;170.50;3.56;681;0;481.00;3
816;0;624366850;816;208;1500;1500;10.14;0.62;170.50;3.56;684;0;482.00;0
817;0;624366859;817;216;1501;1501;10.11;0.62;170.53;3.56;684;0;483.00;0
819;0;624366868;819;221;1502;1502;10.02;0.61;170.68;3.56;683;0;484.00;0
821;0;624366877;821;222;1502;1502;9.94;0.61;170.82;3.56;681;0;485.00;0
824;0;624366886;824;223;1504;1505;9.79;0.60;170.73;3.55;680;0;486.00;1
824;0;624366895;824;231;1504;1505;9.61;0.59;170.73;3.55;680;0;487.00;1
825;0;624366904;825;233;1505;1505;9.43;0.58;170.93;3.55;680;0;488.00;0
826;0;624366913;826;233;1505;1505;9.27;0.57;170.88;3.55;679;0;489.00;0
827;0;624366921;827;233;1511;1511;9.17;0.56;170.81;3.54;684;0;490.00;0
829;0;624366930;829;235;1511;1511;9.02;0.55;170.59;3.54;682;0;491.00;0
833;0;624366938;833;234;1511;1511;8.83;0.54;170.46;3.54;678;0;492.00;0
836;0;624366946;836;238;1511;1511;8.70;0.53;170.39;3.54;675;0;493.00;0
836;0;624366954;836;243;1515;1515;8.61;0.53;170.39;3.54;679;0;494.00;0
837;0;624366963;837;239;1517;1517;8.52;0.52;170.28;3.53;680;0;495.00;0
841;0;624366972;841;242;1517;1517;8.46;0.52;170.07;3.53;676;0;496.00;0
841;0;624366979;841;248;1518;1518;8.48;0.52;170.07;3.53;677;0;497.00;0
842;0;624366987;842;250;1518;1518;8.46;0.52;169.95;3.53;676;0;498.00;0
844;0;624366994;844;253;1518;1518;8.49;0.52;169.82;3.53;674;0;499.00;0
846;0;624367002;846;251;1518;1518;8.50;0.52;169.82;3.53;672;0;500.00;0
849;0;624367014;849;253;1518;1518;8.47;0.52;169.77;3.53;669;0;501.00;0
851;0;624367021;851;252;1518;1518;8.40;0.51;169.53;3.53;667;0;502.00;0
854;0;624367029;854;254;1518;1518;8.22;0.50;169.86;3.53;664;0;503.00;0
860;0;624367035;860;262;1557;1588;8.27;0.51;169.78;3.44;697;0;504.00;31
864;0;624367049;864;258;1562;1589;8.03;0.49;170.65;3.43;698;0;505.00;27
865;0;624367058;865;254;1570;1589;7.91;0.49;170.49;3.43;705;0;506.00;19
870;0;624367066;870;249;1572;1589;7.73;0.47;170.60;3.42;702;0;507.00;17
872;0;624367073;872;249;1574;1589;7.59;0.47;170.48;3.43;702;0;508.00;15
875;0;624367082;875;253;1575;1589;7.42;0.46;170.82;3.43;700;0;509.00;14
879;0;624367093;879;247;1576;1589;7.37;0.45;171.20;3.43;697;0;510.00;13
880;0;624367100;880;250;1579;1589;7.31;0.45;171.57;3.44;699;0;511.00;10
882;1;624367107;882;244;1582;1590;7.40;0.45;171.80;3.44;700;1;512.00;8
884;1;624367132;884;246;1582;1591;7.39;0.45;172.06;3.44;698;1;513.00;9
889;1;624367140;889;246;1585;1591;7.42;0.45;172.86;3.46;696;1;514.00;6
890;1;624367148;890;251;1592;1595;7.48;0.46;173.13;3.46;702;1;515.00;3
894;1;624367156;894;259;1594;1595;7.49;0.46;173.36;3.47;700;1;516.00;1
897;1;624367164;897;258;1595;1595;7.61;0.47;174.09;3.47;698;1;517.00;0
899;1;624367172;899;257;1595;1595;7.71;0.47;174.42;3.47;696;1;518.00;0
904;1;624367180;904;260;1601;1601;7.73;0.47;174.78;3.46;697;1;519.00;0
907;1;624367188;907;259;1601;1601;7.75;0.47;175.22;3.46;694;1;520.00;0
909;1;624367196;909;258;1601;1601;7.75;0.47;175.66;3.46;692;1;521.00;0
911;1;624367204;911;260;1604;1604;7.73;0.47;175.80;3.46;693;1;522.00;0
914;1;624367212;914;249;1604;1604;7.69;0.47;176.33;3.46;690;1;523.00;0
918;1;624367221;918;238;1604;1604;7.65;0.47;176.41;3.46;686;1;524.00;0
920;1;624367229;920;233;1605;1605;7.70;0.47;176.37;3.45;685;1;525.00;0
926;1;624367237;926;233;1606;1606;7.75;0.47;176.95;3.45;680;1;526.00;0
929;1;624367247;929;232;1606;1606;7.76;0.47;177.05;3.45;677;1;527.00;0
932;1;624367256;932;227;1617;1619;7.82;0.48;177.05;3.43;685;1;528.00;2
936;2;624367266;936;223;1618;1619;7.84;0.48;177.31;3.43;682;2;529.00;1
939;2;624367296;939;222;1619;1619;7.83;0.48;176.85;3.43;680;2;530.00;0
942;2;624367305;942;219;1620;1620;7.88;0.48;177.12;3.42;678;2;531.00;0
946;2;624367320;946;219;1620;1620;7.91;0.48;177.12;3.42;674;2;532.00;0
948;2;624367329;948;222;1624;1624;7.97;0.49;177.36;3.42;676;2;533.00;0
952;2;624367344;952;220;1624;1624;7.96;0.48;177.90;3.42;672;2;534.00;0
953;2;624367353;953;219;1628;1628;8.09;0.49;178.10;3.41;675;2;535.00;0
956;2;624367362;956;216;1628;1628;8.10;0.49;178.40;3.41;672;2;536.00;0
959;2;624367371;959;220;1628;1628;8.17;0.50;178.67;3.41;669;2;537.00;0
963;2;624367380;963;218;1628;1628;8.15;0.50;178.60;3.41;665;2;538.00;0
964;2;624367389;964;215;1628;1628;8.22;0.50;178.81;3.41;664;2;539.00;0
965;2;624367400;965;223;1658;1662;8.35;0.51;178.77;3.35;693;2;540.00;4
968;2;624367411;968;217;1658;1662;8.37;0.51;179.26;3.35;690;2;541.00;4
970;2;624367421;970;220;1661;1662;8.44;0.52;179.36;3.35;691;2;542.00;1
973;2;624367429;973;215;1661;1662;8.45;0.52;179.22;3.35;688;2;543.00;1
976;2;624367438;976;212;1662;1662;8.54;0.52;179.75;3.35;686;2;544.00;0
980;2;624367448;980;211;1662;1662;8.56;0.52;179.83;3.35;682;2;545.00;0
982;2;624367456;982;212;1663;1663;8.60;0.53;179.96;3.35;681;2;546.00;0
986;2;624367466;986;210;1663;1663;8.57;0.53;180.21;3.35;677;2;547.00;0
990;2;624367477;990;209;1669;1669;8.52;0.52;180.43;3.34;679;2;548.00;0
994;2;624367487;994;206;1670;1670;8.54;0.52;180.33;3.34;676;2;549.00;0
998;2;624367497;998;205;1670;1670;8.45;0.52;180.87;3.34;672;2;550.00;0
1002;2;624367511;1002;205;1670;1670;8.44;0.52;180.84;3.34;668;2;551.00;0
1006;2;624367522;1006;208;1674;1674;8.53;0.52;181.06;3.33;668;2;552.00;0
1011;2;624367532;1011;208;1674;1674;8.55;0.52;181.28;3.33;663;2;553.00;0
1016;2;624367542;1016;208;1674;1674;8.52;0.52;181.56;3.33;658;2;554.00;0
1018;2;624367551;1018;211;1675;1675;8.58;0.52;181.46;3.33;657;2;555.00;0
1019;2;624367561;1019;218;1679;1679;8.59;0.52;181.51;3.32;660;2;556.00;0
1022;2;624367570;1022;209;1679;1679;8.62;0.52;181.70;3.32;657;2;557.00;0
1024;2;624367579;1024;206;1681;1682;8.60;0.52;181.83;3.32;657;2;558.00;1
1027;2;624367588;1027;198;1681;1682;8.58;0.52;181.85;3.32;654;2;559.00;1
1029;2;624367597;1029;193;1682;1682;8.65;0.53;181.65;3.32;653;2;560.00;0
1030;2;624367606;1030;193;1682;1682;8.67;0.53;181.80;3.32;652;2;561.00;0
1033;2;624367615;1033;191;1686;1686;8.74;0.53;182.00;3.31;653;2;562.00;0
1034;2;624367624;1034;192;1686;1686;8.79;0.53;181.95;3.31;652;2;563.00;0
1037;2;624367633;1037;195;1686;1686;8.81;0.54;182.35;3.31;649;2;564.00;0
1039;2;624367642;1039;197;1686;1686;8.80;0.54;182.76;3.31;647;2;565.00;0
1039;2;624367651;1039;181;1687;1687;8.90;0.54;182.76;3.31;648;2;566.00;0
1040;2;624367660;1040;177;1688;1688;9.02;0.55;182.65;3.31;648;2;567.00;0
1043;2;624367669;1043;161;1688;1688;9.10;0.55;183.09;3.31;645;2;568.00;0
1044;2;624367678;1044;150;1689;1689;9.19;0.56;183.39;3.31;645;2;569.00;0
1045;2;624367689;1045;145;1689;1689;9.34;0.57;183.33;3.31;644;2;570.00;0
1046;2;624367698;1046;138;1689;1689;9.52;0.58;183.61;3.31;643;2;571.00;0
1048;2;624367707;1048;134;1689;1689;9.65;0.59;184.02;3.31;641;2;572.00;0
1049;2;624367716;1049;126;1689;1689;9.80;0.59;184.03;3.31;640;2;573.00;0
1052;2;624367726;1052;121;1689;1689;9.91;0.60;184.71;3.31;637;2;574.00;0
1054;2;624367735;1054;118;1689;1689;10.14;0.62;185.12;3.31;635;2;575.00;0
1058;2;624367744;1058;145;1772;1816;10.13;0.62;185.36;3.15;714;2;576.00;44
1063;2;624367764;1063;133;1775;1817;10.30;0.63;185.94;3.15;712;2;577.00;42
1064;2;624367774;1064;119;1781;1817;10.57;0.65;185.96;3.15;717;2;578.00;36
1065;2;624367784;1065;114;1782;1817;10.74;0.66;186.06;3.15;717;2;579.00;35
1066;2;624367794;1066;108;1788;1817;10.98;0.68;186.29;3.15;722;2;580.00;29
1068;2;624367804;1068;106;1788;1817;11.11;0.68;186.40;3.15;720;2;581.00;29
1070;2;624367814;1070;104;1791;1817;11.20;0.69;186.25;3.15;721;2;582.00;26
1072;2;624367824;1072;105;1794;1817;11.29;0.69;186.59;3.16;722;2;583.00;23
1077;2;624367846;1077;113;1797;1818;11.29;0.69;186.45;3.17;720;2;584.00;21
1079;2;624367857;1079;114;1803;1820;11.27;0.69;186.77;3.18;724;2;585.00;17
1083;2;624367867;1083;114;1805;1820;11.24;0.69;187.23;3.19;722;2;586.00;15
1086;2;624367877;1086;124;1809;1821;11.20;0.69;187.54;3.20;723;2;587.00;12
1093;2;624367888;1093;122;1811;1821;11.24;0.69;188.19;3.21;718;2;588.00;10
1097;2;624367898;1097;125;1814;1821;11.33;0.69;188.55;3.22;717;2;589.00;7
1099;2;624367908;1099;127;1814;1821;11.34;0.69;188.72;3.22;715;2;590.00;7
1104;2;624367917;1104;130;1818;1825;11.39;0.69;189.20;3.22;714;2;591.00;7
1108;2;624367928;1108;136;1819;1825;11.41;0.70;189.48;3.23;711;2;592.00;6
1108;2;624367938;1108;139;1821;1825;11.39;0.69;189.48;3.24;713;2;593.00;4
1111;2;624367953;1111;133;1822;1828;11.47;0.70;190.08;3.24;711;2;594.00;6
1118;2;624367963;1118;137;1824;1828;11.47;0.70;190.55;3.25;706;2;595.00;4
1121;2;624367974;1121;136;1824;1828;11.59;0.71;190.98;3.25;703;2;596.00;4
1123;2;624367983;1123;137;1828;1832;11.59;0.71;191.40;3.24;705;2;597.00;4
1126;2;624367994;1126;136;1831;1833;11.69;0.71;191.38;3.26;705;2;598.00;2
1131;2;624368009;1131;132;1832;1833;11.77;0.72;192.02;3.27;701;2;599.00;1
1134;2;624368021;1134;137;1844;1859;11.74;0.71;192.59;3.25;710;2;600.00;15
1134;2;624368039;1134;132;1845;1859;11.84;0.72;192.59;3.25;711;2;601.00;14
1135;2;624368049;1135;130;1845;1859;11.96;0.73;192.64;3.25;710;2;602.00;14
1137;2;624368059;1137;132;1847;1860;12.02;0.73;192.57;3.25;710;2;603.00;13
1138;2;624368069;1138;134;1848;1860;12.02;0.73;192.61;3.25;710;2;604.00;12
1141;2;624368079;1141;135;1852;1866;12.07;0.74;193.04;3.24;711;2;605.00;14
1143;2;624368089;1143;139;1854;1866;12.15;0.74;193.26;3.24;711;2;606.00;12
1145;2;624368099;1145;134;1855;1867;12.17;0.74;193.30;3.24;710;2;607.00;12
1148;2;624368114;1148;137;1856;1867;12.17;0.74;193.63;3.24;708;2;608.00;11
1157;2;624368123;1157;133;1857;1867;12.12;0.74;194.06;3.25;700;2;609.00;10
1162;2;624368134;1162;129;1857;1867;12.09;0.74;194.00;3.25;695;2;610.00;10
1166;2;624368148;1166;126;1857;1867;12.11;0.74;194.34;3.25;691;2;611.00;10
1172;2;624368158;1172;122;1866;1879;12.02;0.73;194.88;3.24;694;2;612.00;13
1176;2;624368168;1176;119;1866;1879;11.93;0.72;195.19;3.24;690;2;613.00;13
1179;2;624368177;1179;116;1869;1879;11.89;0.72;195.32;3.24;690;2;614.00;10
1183;2;624368186;1183;114;1870;1879;11.83;0.72;195.68;3.25;687;2;615.00;9
1186;2;624368196;1186;116;1871;1879;11.80;0.71;195.92;3.25;685;2;616.00;8
1189;2;624368205;1189;120;1872;1879;11.84;0.72;196.19;3.25;683;2;617.00;7
1192;2;624368213;1192;117;1875;1883;11.86;0.72;196.85;3.25;683;2;618.00;8
1197;2;624368223;1197;117;1875;1883;11.98;0.73;197.07;3.25;678;2;619.00;8
1202;2;624368231;1202;113;1880;1887;12.00;0.73;197.10;3.25;678;2;620.00;7
1206;2;624368241;1206;111;1880;1888;12.01;0.73;197.04;3.25;674;2;621.00;8
1208;2;624368256;1208;108;1881;1888;12.02;0.73;197.12;3.25;673;2;622.00;7
1209;2;624368265;1209;109;1882;1888;11.96;0.72;197.30;3.26;673;2;623.00;6
1213;2;624368274;1213;110;1890;1901;11.83;0.72;197.11;3.25;677;2;624.00;11
1213;2;624368285;1213;115;1890;1901;11.77;0.71;197.11;3.25;677;2;625.00;11
1217;2;624368293;1217;119;1890;1901;11.73;0.71;197.16;3.25;673;2;626.00;11
1219;2;624368301;1219;123;1892;1902;11.72;0.71;197.32;3.26;673;2;627.00;10
1219;2;624368310;1219;123;1892;1903;11.66;0.71;197.32;3.26;673;2;628.00;11
1222;2;624368318;1222;126;1894;1903;11.60;0.71;197.35;3.28;672;2;629.00;9
1224;2;624368329;1224;125;1898;1909;11.69;0.71;197.32;3.28;674;2;630.00;11
1226;2;624368338;1226;129;1900;1909;11.74;0.71;197.32;3.28;674;2;631.00;9
1230;2;624368347;1230;136;1902;1909;11.70;0.71;197.39;3.29;672;2;632.00;7
1234;2;624368355;1234;141;1902;1909;11.59;0.70;197.54;3.29;668;2;633.00;7
1236;2;624368364;1236;142;1907;1915;11.62;0.71;197.26;3.28;671;2;634.00;8
1239;2;624368373;1239;145;1907;1915;11.61;0.71;197.08;3.28;668;2;635.00;8
1240;2;624368382;1240;145;1907;1915;11.53;0.70;197.02;3.28;667;2;636.00;8
1242;2;624368397;1242;144;1907;1915;11.52;0.70;197.03;3.28;665;2;637.00;8
1244;2;624368406;1244;155;1912;1919;11.52;0.70;197.11;3.30;668;2;638.00;7
1246;2;624368414;1246;154;1913;1920;11.53;0.70;197.04;3.30;667;2;639.00;7
1246;2;624368423;1246;158;1915;1920;11.38;0.69;197.04;3.32;669;2;640.00;5
1246;2;624368431;1246;162;1916;1921;11.23;0.68;197.04;3.32;670;2;641.00;5
1248;2;624368439;1248;169;1917;1921;11.05;0.67;197.33;3.33;669;2;642.00;4
1250;2;624368451;1250;172;1918;1921;10.87;0.66;197.10;3.33;668;2;643.00;3
1253;2;624368461;1253;179;1919;1921;10.79;0.66;196.81;3.34;666;2;644.00;2
1256;2;624368471;1256;184;1921;1921;10.59;0.65;196.60;3.35;665;2;645.00;0
1256;2;624368479;1256;186;1921;1921;10.41;0.64;196.60;3.35;665;2;646.00;0
1257;2;624368487;1257;189;1921;1921;10.25;0.63;196.61;3.35;664;2;647.00;0
1258;2;624368495;1258;199;1961;1991;10.25;0.63;196.54;3.28;703;2;648.00;30
1259;2;624368508;1259;201;1962;1992;10.12;0.62;196.62;3.28;703;2;649.00;30
1261;2;624368521;1261;203;1971;1992;10.10;0.62;196.46;3.27;710;2;650.00;21
1263;2;624368534;1263;208;1975;1992;10.01;0.61;196.38;3.27;712;2;651.00;17
1264;2;624368546;1264;211;1980;1992;9.87;0.61;196.32;3.27;716;2;652.00;12
1266;2;624368562;1266;213;1983;1992;9.75;0.60;196.24;3.28;717;2;653.00;9
1269;2;624368574;1269;216;1986;1992;9.55;0.59;196.03;3.28;717;2;654.00;6
1273;2;624368589;1273;218;1988;1992;9.40;0.58;195.91;3.28;715;2;655.00;4
1277;2;624368603;1277;226;1989;1993;9.20;0.56;195.91;3.29;712;2;656.00;4
1277;2;624368614;1277;234;1991;1994;9.03;0.55;195.91;3.29;714;2;657.00;3
1279;2;624368625;1279;238;1992;1994;8.87;0.54;195.95;3.29;713;2;658.00;2
1281;2;624368634;1281;242;1997;1998;8.74;0.54;195.82;3.29;716;2;659.00;1
1282;2;624368645;1282;242;1998;1998;8.56;0.53;195.68;3.29;716;2;660.00;0
1283;2;624368654;1283;242;1998;1998;8.43;0.52;195.68;3.29;715;2;661.00;0
1286;2;624368662;1286;245;1998;1998;8.26;0.51;195.47;3.29;712;2;662.00;0
1287;2;624368670;1287;251;2004;2004;8.27;0.51;195.60;3.28;717;2;663.00;0
1287;2;624368679;1287;259;2004;2004;8.21;0.51;195.60;3.28;717;2;664.00;0
1289;2;624368687;1289;267;2004;2004;8.09;0.50;195.54;3.28;715;2;665.00;0
1292;2;624368697;1292;269;2006;2007;8.02;0.49;195.41;3.28;714;2;666.00;1
1295;2;624368709;1295;272;2006;2007;7.99;0.49;195.28;3.28;711;2;667.00;1
1296;2;624368720;1296;275;2007;2007;7.91;0.48;195.23;3.28;711;2;668.00;0
1297;2;624368728;1297;274;2008;2008;7.83;0.48;195.29;3.28;711;2;669.00;0
1299;2;624368736;1299;272;2009;2009;7.75;0.47;195.06;3.28;710;2;670.00;0
1301;2;624368744;1301;274;2009;2009;7.67;0.47;194.97;3.28;708;2;671.00;0
1304;2;624368751;1304;283;2021;2022;7.53;0.46;194.86;3.26;717;2;672.00;1
1308;2;624368760;1308;289;2022;2022;7.42;0.45;194.77;3.26;714;2;673.00;0
1312;2;624368769;1312;283;2022;2022;7.31;0.45;194.84;3.26;710;2;674.00;0
1317;2;624368776;1317;269;2024;2024;7.20;0.44;195.11;3.25;707;2;675.00;0
1320;2;624368785;1320;257;2024;2024;7.11;0.43;195.24;3.25;704;2;676.00;0
1322;2;624368792;1322;252;2028;2028;7.10;0.43;195.40;3.25;706;2;677.00;0
1325;2;624368800;1325;252;2028;2028;7.01;0.43;195.70;3.25;703;2;678.00;0
1328;2;624368808;1328;253;2032;2032;6.95;0.42;195.44;3.25;704;2;679.00;0
1330;2;624368816;1330;241;2032;2032;6.94;0.42;195.48;3.25;702;2;680.00;0
1334;2;624368824;1334;234;2032;2032;6.89;0.42;195.77;3.25;698;2;681.00;0
1336;2;624368833;1336;224;2032;2032;6.93;0.42;195.74;3.25;696;2;682.00;0
1338;2;624368841;1338;219;2032;2032;6.95;0.42;196.04;3.25;694;2;683.00;0
1340;2;624368849;1340;219;2042;2044;7.13;0.44;196.35;3.23;702;2;684.00;2
1343;2;624368858;1343;216;2042;2044;7.22;0.44;196.51;3.23;699;2;685.00;2
1346;2;624368866;1346;211;2044;2044;7.37;0.45;196.86;3.23;698;2;686.00;0
1350;2;624368874;1350;206;2044;2044;7.48;0.46;197.06;3.23;694;2;687.00;0
1351;2;624368882;1351;199;2044;2044;7.60;0.47;197.21;3.23;693;2;688.00;0
1352;2;624368890;1352;196;2044;2044;7.77;0.48;197.36;3.23;692;2;689.00;0
1355;2;624368899;1355;193;2045;2045;7.87;0.48;197.55;3.23;690;2;690.00;0
1358;2;624368908;1358;186;2045;2045;7.98;0.49;197.74;3.23;687;2;691.00;0
1359;2;624368917;1359;181;2051;2051;8.17;0.50;197.69;3.22;692;2;692.00;0
1362;2;624368926;1362;184;2052;2052;8.23;0.50;197.76;3.22;690;2;693.00;0
1364;2;624368941;1364;181;2052;2052;8.27;0.51;197.88;3.22;688;2;694.00;0
1364;2;624368950;1364;179;2052;2052;8.34;0.51;197.88;3.22;688;2;695.00;0
1369;2;624368958;1369;182;2056;2056;8.42;0.51;198.19;3.21;687;2;696.00;0
1375;2;624368967;1375;180;2056;2056;8.52;0.52;198.32;3.21;681;2;697.00;0
1379;2;624368976;1379;178;2056;2056;8.63;0.53;198.13;3.21;677;2;698.00;0
1382;2;624368985;1382;174;2057;2057;8.73;0.53;198.11;3.21;675;2;699.00;0
1385;2;624368995;1385;171;2061;2061;8.84;0.54;198.38;3.21;676;2;700.00;0
1392;2;624369009;1392;170;2061;2061;8.80;0.54;198.59;3.21;669;2;701.00;0
1397;2;624369018;1397;169;2063;2064;8.82;0.54;198.75;3.21;666;2;702.00;1
1401;2;624369027;1401;174;2063;2064;8.81;0.54;198.75;3.21;662;2;703.00;1
1408;2;624369037;1408;172;2064;2064;8.81;0.54;198.69;3.20;656;2;704.00;0
1413;2;624369046;1413;180;2064;2064;8.79;0.54;198.79;3.20;651;2;705.00;0
1415;2;624369055;1415;185;2068;2068;8.75;0.53;198.96;3.20;653;2;706.00;0
1416;2;624369064;1416;179;2068;2068;8.77;0.54;199.07;3.20;652;2;707.00;0
1420;2;624369072;1420;182;2068;2068;8.73;0.53;199.18;3.20;648;2;708.00;0
1423;2;624369081;1423;181;2068;2068;8.70;0.53;199.44;3.20;645;2;709.00;0
1425;2;624369090;1425;178;2069;2069;8.75;0.54;199.59;3.20;644;2;710.00;0
1430;2;624369098;1430;175;2070;2070;8.75;0.53;199.71;3.20;640;2;711.00;0
1432;2;624369108;1432;177;2070;2070;8.82;0.54;199.72;3.20;638;2;712.00;0
1436;2;624369116;1436;173;2071;2071;8.93;0.54;199.75;3.20;635;2;713.00;0
1439;2;624369125;1439;173;2071;2071;8.96;0.55;199.97;3.20;632;2;714.00;0
1442;2;624369134;1442;170;2071;2071;8.97;0.55;200.00;3.20;629;2;715.00;0
1447;2;624369143;1447;170;2071;2071;8.98;0.55;200.35;3.20;624;2;716.00;0
1449;2;624369151;1449;168;2071;2071;8.90;0.54;200.31;3.20;622;2;717.00;0
1452;2;624369162;1452;168;2071;2071;8.89;0.54;200.42;3.20;619;2;718.00;0
1458;2;624369171;1458;166;2071;2071;8.75;0.53;200.46;3.20;613;2;719.00;0
1464;2;624369181;1464;207;2190;2301;8.79;0.55;200.80;3.02;726;2;720.00;111
1466;2;624369209;1466;202;2200;2302;8.71;0.55;201.01;3.02;734;2;721.00;102
1471;2;624369219;1471;185;2214;2302;8.73;0.55;201.29;3.01;743;2;722.00;88
1473;2;624369228;1473;182;2220;2302;8.77;0.55;201.32;3.01;747;2;723.00;82
1475;2;624369237;1475;184;2231;2302;8.74;0.55;201.47;3.01;756;2;724.00;71
1480;2;624369247;1480;182;2236;2302;8.77;0.55;201.75;3.02;756;2;725.00;66
1481;2;624369258;1481;181;2246;2302;8.74;0.55;201.71;3.03;765;2;726.00;56
1482;2;624369268;1482;176;2251;2302;8.81;0.55;201.73;3.04;769;2;727.00;51
1486;2;624369279;1486;170;2259;2303;8.84;0.55;201.82;3.06;773;2;728.00;44
1488;2;624369289;1488;171;2263;2304;8.79;0.55;201.88;3.07;775;2;729.00;41
1491;2;624369299;1491;168;2269;2304;8.78;0.55;201.83;3.09;778;2;730.00;35
1493;2;624369310;1493;169;2272;2305;8.75;0.54;201.87;3.09;779;2;731.00;33
1496;2;624369321;1496;173;2276;2305;8.68;0.54;202.13;3.11;780;2;732.00;29
1499;2;624369332;1499;181;2277;2305;8.63;0.53;201.95;3.11;778;2;733.00;28
1502;2;624369343;1502;191;2280;2305;8.64;0.53;202.09;3.13;778;2;734.00;25
1504;2;624369353;1504;197;2282;2309;8.60;0.53;202.34;3.12;778;2;735.00;27
1508;2;624369365;1508;190;2283;2309;8.59;0.53;202.27;3.13;775;2;736.00;26
1511;2;624369377;1511;186;2286;2309;8.67;0.53;202.47;3.14;775;2;737.00;23
1512;2;624369394;1512;189;2288;2312;8.70;0.53;202.35;3.14;776;2;738.00;24
1515;2;624369404;1515;185;2289;2312;8.69;0.53;202.49;3.15;774;2;739.00;23
1517;2;624369416;1517;194;2289;2312;8.74;0.53;202.77;3.15;772;2;740.00;23
1519;2;624369427;1519;199;2293;2316;8.76;0.54;203.11;3.15;774;2;741.00;23
1520;2;624369439;1520;192;2295;2317;8.84;0.54;202.99;3.16;775;2;742.00;22
1523;2;624369450;1523;188;2295;2317;8.94;0.55;203.12;3.16;772;2;743.00;22
1524;2;624369460;1524;184;2299;2321;9.16;0.56;203.14;3.15;775;2;744.00;22
1527;2;624369473;1527;174;2299;2321;9.23;0.57;203.44;3.15;772;2;745.00;22
1530;2;624369491;1530;172;2299;2321;9.33;0.57;203.56;3.15;769;2;746.00;22
1531;2;624369502;1531;171;2301;2322;9.43;0.58;203.69;3.17;770;2;747.00;21
1533;2;624369523;1533;166;2301;2322;9.59;0.59;204.03;3.17;768;2;748.00;21
1537;2;624369538;1537;166;2306;2328;9.76;0.60;204.11;3.17;769;2;749.00;22
1540;2;624369552;1540;159;2306;2328;9.97;0.61;204.26;3.17;766;2;750.00;22
1544;2;624369565;1544;159;2309;2329;10.13;0.62;204.38;3.18;765;2;751.00;20
1549;2;624369576;1549;151;2309;2329;10.29;0.63;204.61;3.18;760;2;752.00;20
1555;2;624369586;1555;152;2310;2329;10.47;0.64;205.03;3.20;755;2;753.00;19
1556;2;624369597;1556;154;2311;2329;10.66;0.65;205.20;3.21;755;2;754.00;18
1560;2;624369608;1560;151;2312;2329;10.79;0.66;205.21;3.22;752;2;755.00;17
1561;2;624369618;1561;150;2323;2341;10.92;0.67;205.24;3.22;762;2;756.00;18
1564;2;624369630;1564;147;2324;2341;11.04;0.67;205.30;3.23;760;2;757.00;17
1567;2;624369641;1567;147;2325;2341;11.15;0.68;205.44;3.24;758;2;758.00;16
1571;2;624369651;1571;147;2325;2341;11.26;0.68;205.56;3.24;754;2;759.00;16
1571;3;624369662;1571;148;2326;2341;11.40;0.69;205.56;3.25;755;3;760.00;15
1574;3;624369682;1574;152;2329;2341;11.41;0.69;205.55;3.27;755;3;761.00;12
1575;3;624369692;1575;154;2333;2345;11.42;0.70;205.65;3.27;758;3;762.00;12
1578;4;624369703;1578;151;2334;2345;11.50;0.70;205.78;3.27;756;4;763.00;11
1582;4;624369719;1582;154;2337;2349;11.58;0.71;205.92;3.27;755;4;764.00;12
1585;5;624369730;1585;152;2341;2351;11.57;0.71;205.95;3.27;756;5;765.00;10
1587;5;624369751;1587;152;2341;2351;11.61;0.71;206.13;3.27;754;5;766.00;10
1591;5;624369761;1591;156;2341;2351;11.61;0.71;206.38;3.27;750;5;767.00;10
1594;5;624369775;1594;152;2350;2364;11.65;0.71;206.52;3.26;756;5;768.00;14
1596;5;624369786;1596;150;2350;2364;11.66;0.71;206.60;3.26;754;5;769.00;14
1598;5;624369796;1598;153;2350;2364;11.77;0.72;206.70;3.26;752;5;770.00;14
1601;5;624369806;1601;152;2352;2365;11.79;0.72;206.82;3.27;751;5;771.00;13
1602;5;624369817;1602;155;2352;2366;11.80;0.72;206.92;3.27;750;5;772.00;14
1605;5;624369831;1605;157;2352;2366;11.86;0.72;206.99;3.27;747;5;773.00;14
1607;5;624369840;1607;157;2354;2369;11.90;0.73;207.19;3.27;747;5;774.00;15
1611;5;624369850;1611;155;2354;2369;11.92;0.73;207.28;3.27;743;5;775.00;15
1618;5;624369860;1618;156;2355;2369;11.90;0.73;207.32;3.27;737;5;776.00;14
1621;5;624369871;1621;161;2355;2369;11.84;0.72;207.44;3.27;734;5;777.00;14
1624;5;624369880;1624;166;2360;2375;11.82;0.72;207.57;3.27;736;5;778.00;15
1625;5;624369891;1625;165;2360;2375;11.80;0.72;207.71;3.27;735;5;779.00;15
1628;5;624369902;1628;166;2360;2375;11.75;0.72;207.61;3.27;732;5;780.00;15
1632;5;624369912;1632;165;2360;2375;11.73;0.72;207.96;3.27;728;5;781.00;15
1635;5;624369921;1635;165;2363;2379;11.63;0.71;207.96;3.26;728;5;782.00;16
1639;5;624369931;1639;163;2364;2380;11.53;0.70;208.26;3.26;725;5;783.00;16
1646;5;624369941;1646;159;2364;2380;11.45;0.70;208.49;3.26;718;5;784.00;16
1649;5;624369950;1649;161;2367;2381;11.37;0.69;208.63;3.27;718;5;785.00;14
1655;5;624369960;1655;160;2367;2381;11.30;0.69;208.82;3.27;712;5;786.00;14
1659;5;624369969;1659;162;2367;2381;11.29;0.69;208.70;3.27;708;5;787.00;14
1663;5;624369979;1663;160;2367;2381;11.32;0.69;208.86;3.27;704;5;788.00;14
1664;5;624369988;1664;163;2367;2381;11.35;0.69;209.04;3.27;703;5;789.00;14
1666;5;624369997;1666;165;2367;2381;11.34;0.69;208.90;3.27;701;5;790.00;14
1666;5;624370006;1666;165;2367;2381;11.34;0.69;208.90;3.27;701;5;791.00;14
1668;5;624370015;1668;168;2400;2451;11.23;0.69;209.26;3.23;732;5;792.00;51
1673;5;624370029;1673;168;2401;2452;11.12;0.68;209.26;3.23;728;5;793.00;51
1674;5;624370038;1674;173;2409;2452;11.11;0.68;209.29;3.22;735;5;794.00;43
1678;5;624370048;1678;176;2412;2452;11.05;0.67;209.13;3.22;734;5;795.00;40
1681;5;624370057;1681;172;2414;2452;10.98;0.67;209.31;3.22;733;5;796.00;38
1683;5;624370066;1683;177;2417;2452;10.97;0.67;209.32;3.26;734;5;797.00;35
1685;5;624370076;1685;178;2422;2452;10.94;0.67;209.29;3.26;737;5;798.00;30
1686;5;624370085;1686;178;2426;2452;10.93;0.67;209.30;3.30;740;5;799.00;26
1688;5;624370095;1688;177;2431;2453;10.87;0.66;209.22;3.31;743;5;800.00;22
1688;5;624370112;1688;180;2434;2454;10.80;0.66;209.22;3.34;746;5;801.00;20
1692;5;624370122;1692;184;2435;2454;10.69;0.65;209.14;3.34;743;5;802.00;19
1695;5;624370131;1695;191;2441;2458;10.53;0.64;208.97;3.38;746;5;803.00;17
1698;5;624370140;1698;195;2441;2458;10.40;0.64;208.87;3.38;743;5;804.00;17
1703;5;624370150;1703;197;2441;2458;10.20;0.62;208.72;3.38;738;5;805.00;17
1704;5;624370159;1704;203;2442;2458;10.02;0.61;208.65;3.41;738;5;806.00;16
1707;5;624370167;1707;210;2447;2464;9.91;0.60;208.59;3.40;740;5;807.00;17
1712;5;624370177;1712;220;2448;2464;9.73;0.59;208.43;3.44;736;5;808.00;16
1715;5;624370186;1715;231;2449;2464;9.62;0.59;208.33;3.45;734;5;809.00;15
1717;5;624370196;1717;240;2455;2470;9.57;0.58;208.61;3.49;738;5;810.00;15
1720;5;624370206;1720;249;2457;2470;9.54;0.58;208.57;3.53;737;5;811.00;13
1723;5;624370215;1723;253;2459;2470;9.50;0.58;208.41;3.54;736;5;812.00;11
1723;5;624370224;1723;257;2461;2471;9.35;0.57;208.41;3.58;738;5;813.00;10
1723;5;624370232;1723;263;2463;2472;9.21;0.56;208.41;3.58;740;5;814.00;9
1724;5;624370241;1724;269;2464;2472;9.06;0.55;208.34;3.59;740;5;815.00;8
1725;5;624370248;1725;280;2475;2485;8.89;0.54;208.27;3.61;750;5;816.00;10
1729;5;624370258;1729;286;2475;2485;8.78;0.54;208.19;3.61;746;5;817.00;10
1732;5;624370267;1732;290;2476;2485;8.69;0.53;207.97;3.62;744;5;818.00;9
1733;5;624370275;1733;295;2479;2486;8.56;0.52;207.91;3.64;746;5;819.00;7
1734;5;624370283;1734;300;2480;2486;8.47;0.52;207.91;3.65;746;5;820.00;6
1737;5;624370291;1737;307;2485;2490;8.34;0.51;207.77;3.64;748;5;821.00;5
1738;5;624370299;1738;312;2486;2490;8.27;0.51;207.74;3.65;748;5;822.00;4
1738;5;624370307;1738;318;2493;2494;8.15;0.50;207.74;3.66;755;5;823.00;1
1738;5;624370315;1738;329;2493;2494;8.11;0.50;207.74;3.66;755;5;824.00;1
1741;5;624370323;1741;337;2494;2494;8.03;0.49;207.57;3.66;753;5;825.00;0
1743;5;624370331;1743;344;2494;2494;7.89;0.48;207.45;3.66;751;5;826.00;0
1745;5;624370339;1745;333;2494;2494;7.76;0.48;207.28;3.66;749;5;827.00;0
1748;5;624370347;1748;327;2505;2506;7.72;0.47;207.12;3.64;757;5;828.00;1
1749;5;624370356;1749;320;2506;2506;7.67;0.47;207.02;3.64;757;5;829.00;0
1749;5;624370365;1749;315;2506;2506;7.63;0.47;207.02;3.64;757;5;830.00;0
1753;5;624370373;1753;318;2506;2506;7.55;0.46;206.92;3.64;753;5;831.00;0
1754;5;624370382;1754;310;2506;2506;7.53;0.46;206.87;3.64;752;5;832.00;0
1755;5;624370391;1755;309;2506;2506;7.50;0.46;206.90;3.64;751;5;833.00;0
1757;5;624370410;1757;302;2507;2507;7.53;0.46;206.96;3.64;750;5;834.00;0
1757;5;624370420;1757;296;2507;2507;7.60;0.47;206.96;3.64;750;5;835.00;0
1759;5;624370428;1759;299;2513;2513;7.67;0.47;206.89;3.63;754;5;836.00;0
1760;5;624370438;1760;293;2514;2514;7.79;0.48;206.84;3.63;754;5;837.00;0
1762;5;624370446;1762;292;2514;2514;7.82;0.48;206.70;3.63;752;5;838.00;0
1763;5;624370455;1763;289;2514;2514;7.81;0.48;206.65;3.63;751;5;839.00;0
1764;5;624370465;1764;289;2519;2519;7.81;0.48;206.63;3.62;755;5;840.00;0
1765;5;624370480;1765;295;2519;2519;7.71;0.47;206.58;3.62;754;5;841.00;0
1767;5;624370488;1767;291;2519;2519;7.60;0.46;206.49;3.62;752;5;842.00;0
1770;5;624370496;1770;289;2520;2520;7.52;0.46;206.37;3.62;750;5;843.00;0
1773;5;624370504;1773;286;2524;2524;7.44;0.45;206.31;3.62;751;5;844.00;0
1776;5;624370513;1776;285;2524;2524;7.34;0.45;206.35;3.62;748;5;845.00;0
1777;5;624370526;1777;288;2526;2527;7.41;0.45;206.39;3.62;749;5;846.00;1
1783;5;624370540;1783;286;2526;2527;7.30;0.45;206.60;3.62;743;5;847.00;1
1786;5;624370554;1786;287;2527;2527;7.23;0.44;206.73;3.62;741;5;848.00;0
1790;5;624370569;1790;288;2527;2527;7.19;0.44;207.09;3.62;737;5;849.00;0
1793;5;624370580;1793;279;2531;2531;7.21;0.44;207.16;3.61;738;5;850.00;0
1796;5;624370594;1796;269;2531;2531;7.19;0.44;207.18;3.61;735;5;851.00;0
1800;5;624370605;1800;265;2531;2531;7.22;0.44;207.28;3.61;731;5;852.00;0
1804;5;624370618;1804;254;2531;2531;7.20;0.44;207.52;3.61;727;5;853.00;0
1807;5;624370631;1807;250;2532;2532;7.26;0.45;207.52;3.61;725;5;854.00;0
1810;5;624370645;1810;248;2534;2534;7.37;0.45;207.59;3.61;724;5;855.00;0
1813;5;624370655;1813;250;2534;2534;7.44;0.46;207.59;3.61;721;5;856.00;0
1817;5;624370665;1817;239;2535;2535;7.58;0.47;207.69;3.61;718;5;857.00;0
1821;5;624370675;1821;230;2535;2535;7.73;0.47;207.85;3.61;714;5;858.00;0
1823;5;624370686;1823;227;2535;2535;7.87;0.48;208.04;3.61;712;5;859.00;0
1825;5;624370697;1825;220;2535;2535;7.93;0.49;208.11;3.61;710;5;860.00;0
1827;5;624370709;1827;212;2535;2535;7.91;0.48;208.42;3.61;708;5;861.00;0
1829;5;624370720;1829;202;2535;2535;7.96;0.49;208.66;3.61;706;5;862.00;0
1830;5;624370732;1830;199;2535;2535;7.99;0.49;208.58;3.61;705;5;863.00;0
1835;5;624370750;1835;207;2615;2662;8.17;0.51;208.93;3.50;780;5;864.00;47
1837;5;624370771;1837;197;2619;2663;8.19;0.51;209.11;3.49;782;5;865.00;44
1842;5;624370783;1842;198;2624;2663;8.25;0.51;209.41;3.49;782;5;866.00;39
1846;5;624370793;1846;201;2628;2663;8.27;0.51;209.48;3.49;782;5;867.00;35
1849;5;624370803;1849;203;2632;2663;8.38;0.52;209.57;3.49;783;5;868.00;31
1851;5;624370813;1851;194;2635;2663;8.48;0.52;209.58;3.49;784;5;869.00;28
1856;5;624370824;1856;194;2636;2663;8.44;0.52;209.68;3.49;780;5;870.00;27
1863;5;624370834;1863;197;2638;2663;8.43;0.52;210.00;3.50;775;5;871.00;25
1867;5;624370845;1867;195;2640;2664;8.43;0.52;209.98;3.50;773;5;872.00;24
1872;5;624370856;1872;193;2642;2665;8.44;0.52;210.01;3.50;770;5;873.00;23
1877;5;624370866;1877;199;2646;2665;8.36;0.51;210.34;3.51;769;5;874.00;19
1882;5;624370876;1882;207;2649;2666;8.37;0.51;210.76;3.52;767;5;875.00;17
1885;5;624370893;1885;208;2651;2666;8.31;0.51;210.81;3.52;766;5;876.00;15
1891;5;624370903;1891;216;2653;2666;8.28;0.51;210.97;3.53;762;5;877.00;13
1896;5;624370914;1896;219;2655;2666;8.31;0.51;211.04;3.54;759;5;878.00;11
1898;5;624370924;1898;228;2659;2670;8.34;0.51;211.07;3.54;761;5;879.00;11
1901;5;624370936;1901;225;2661;2670;8.35;0.51;211.19;3.55;760;5;880.00;9
1907;5;624370947;1907;227;2662;2670;8.33;0.51;211.05;3.56;755;5;881.00;8
1910;5;624370957;1910;222;2665;2673;8.29;0.51;211.09;3.57;755;5;882.00;8
1912;5;624370967;1912;225;2666;2673;8.30;0.51;211.28;3.57;754;5;883.00;7
1914;5;624370978;1914;219;2668;2673;8.29;0.51;211.27;3.57;754;5;884.00;5
1918;5;624370989;1918;217;2674;2677;8.27;0.50;211.24;3.58;756;5;885.00;3
1922;5;624371000;1922;224;2677;2678;8.29;0.51;211.24;3.59;755;5;886.00;1
1925;5;624371010;1925;219;2677;2678;8.38;0.51;211.24;3.59;752;5;887.00;1
1929;5;624371021;1929;220;2682;2682;8.49;0.52;211.35;3.58;753;5;888.00;0
1932;5;624371031;1932;223;2682;2682;8.57;0.52;211.36;3.58;750;5;889.00;0
1936;5;624371041;1936;225;2682;2682;8.58;0.52;211.43;3.58;746;5;890.00;0
1939;5;624371052;1939;227;2683;2683;8.62;0.52;211.46;3.58;744;5;891.00;0
1943;5;624371063;1943;232;2683;2683;8.69;0.53;211.53;3.58;740;5;892.00;0
1947;5;624371073;1947;231;2689;2689;8.66;0.53;211.65;3.58;742;5;893.00;0
1952;5;624371083;1952;232;2689;2689;8.67;0.53;211.84;3.58;737;5;894.00;0
1954;5;624371100;1954;227;2690;2690;8.69;0.53;211.93;3.57;736;5;895.00;0
1961;5;624371111;1961;228;2690;2690;8.68;0.53;212.31;3.57;729;5;896.00;0
1964;5;624371121;1964;220;2690;2690;8.70;0.53;212.42;3.57;726;5;897.00;0
1966;5;624371132;1966;211;2690;2690;8.72;0.53;212.54;3.57;724;5;898.00;0
1968;5;624371143;1968;200;2690;2690;8.77;0.53;212.73;3.57;722;5;899.00;0
1969;5;624371157;1969;201;2721;2736;8.81;0.54;212.82;3.53;752;5;900.00;15
1972;5;624371177;1972;195;2722;2736;8.87;0.54;212.88;3.53;750;5;901.00;14
1975;5;624371188;1975;193;2725;2736;9.01;0.55;213.02;3.53;750;5;902.00;11
1976;5;624371199;1976;189;2725;2736;9.19;0.56;213.15;3.53;749;5;903.00;11
1979;5;624371210;1979;187;2727;2736;9.27;0.57;213.22;3.53;748;5;904.00;9
1982;5;624371221;1982;186;2728;2736;9.30;0.57;213.45;3.53;746;5;905.00;8
1983;5;624371243;1983;175;2732;2740;9.36;0.57;213.54;3.53;749;5;906.00;8
1987;5;624371254;1987;161;2734;2740;9.43;0.58;213.75;3.53;747;5;907.00;6
1991;6;624371266;1991;153;2737;2744;9.55;0.58;213.93;3.53;746;6;908.00;7
1992;6;624371291;1992;151;2738;2745;9.70;0.59;213.99;3.53;746;6;909.00;7
1996;6;624371302;1996;146;2738;2745;9.78;0.60;214.12;3.53;742;6;910.00;7
1998;6;624371313;1998;144;2739;2745;9.89;0.60;214.29;3.53;741;6;911.00;6
2003;6;624371325;2003;136;2752;2758;10.00;0.61;214.54;3.52;749;6;912.00;6
2003;6;624371337;2003;134;2752;2758;10.14;0.62;214.54;3.52;749;6;913.00;6
2007;6;624371349;2007;134;2752;2758;10.16;0.62;214.57;3.52;745;6;914.00;6
2011;6;624371361;2011;137;2753;2759;10.17;0.62;214.63;3.52;742;6;915.00;6
2011;6;624371372;2011;140;2755;2760;10.15;0.62;214.63;3.52;744;6;916.00;5
2015;6;624371383;2015;133;2756;2760;10.05;0.61;214.85;3.52;741;6;917.00;4
2016;6;624371394;2016;130;2758;2763;10.05;0.61;214.86;3.52;742;6;918.00;5
2020;6;624371405;2020;133;2758;2763;9.96;0.61;215.06;3.52;738;6;919.00;5
2021;6;624371416;2021;135;2759;2763;9.98;0.61;215.14;3.52;738;6;920.00;4
2023;6;624371431;2023;142;2759;2763;9.99;0.61;215.19;3.52;736;6;921.00;4
2027;6;624371448;2027;140;2765;2769;10.02;0.61;215.30;3.52;738;6;922.00;4
2029;6;624371459;2029;135;2767;2769;10.07;0.61;215.39;3.53;738;6;923.00;2
2031;6;624371471;2031;134;2767;2769;10.17;0.62;215.37;3.53;736;6;924.00;2
2034;6;624371482;2034;137;2769;2769;10.24;0.62;215.50;3.54;735;6;925.00;0
2040;6;624371492;2040;134;2773;2773;10.25;0.62;215.66;3.54;733;6;926.00;0
2043;6;624371504;2043;140;2774;2774;10.27;0.62;215.72;3.53;731;6;927.00;0
2044;6;624371516;2044;142;2774;2774;10.39;0.63;215.67;3.53;730;6;928.00;0
2049;6;624371529;2049;145;2775;2775;10.43;0.63;215.73;3.53;726;6;929.00;0
2052;6;624371543;2052;144;2775;2775;10.48;0.64;215.72;3.53;723;6;930.00;0
2055;6;624371553;2055;146;2775;2775;10.54;0.64;215.73;3.53;720;6;931.00;0
2060;6;624371565;2060;147;2775;2775;10.62;0.64;215.82;3.53;715;6;932.00;0
2062;6;624371575;2062;151;2775;2775;10.68;0.65;215.83;3.53;713;6;933.00;0
2063;6;624371584;2063;153;2775;2775;10.78;0.65;215.96;3.53;712;6;934.00;0
2068;6;624371593;2068;153;2775;2775;10.83;0.66;216.07;3.53;707;6;935.00;0
2068;6;624371603;2068;164;2813;2845;10.74;0.65;216.07;3.49;745;6;936.00;32
2069;6;624371617;2069;157;2813;2846;10.79;0.66;216.21;3.49;744;6;937.00;33
2073;6;624371627;2073;159;2820;2846;10.86;0.66;216.21;3.48;747;6;938.00;26
2075;6;624371637;2075;159;2823;2846;10.91;0.66;216.38;3.48;748;6;939.00;23
2079;6;624371647;2079;160;2826;2846;10.88;0.66;216.66;3.48;747;6;940.00;20
2079;6;624371657;2079;164;2828;2846;10.92;0.66;216.66;3.48;749;6;941.00;18
2081;6;624371667;2081;169;2830;2846;11.00;0.67;216.70;3.48;749;6;942.00;16
2084;6;624371676;2084;170;2832;2846;11.03;0.67;216.90;3.49;748;6;943.00;14
2088;6;624371685;2088;171;2834;2847;11.05;0.67;217.01;3.49;746;6;944.00;13
2090;6;624371695;2090;171;2837;2849;11.04;0.67;216.97;3.49;747;6;945.00;12
2090;6;624371705;2090;173;2839;2849;10.97;0.67;216.97;3.50;749;6;946.00;10
2095;6;624371714;2095;179;2844;2853;10.88;0.66;216.80;3.50;749;6;947.00;9
2097;6;624371725;2097;178;2845;2853;10.77;0.66;216.72;3.50;748;6;948.00;8
2100;6;624371734;2100;177;2845;2853;10.69;0.65;216.73;3.50;745;6;949.00;8
2103;6;624371744;2103;183;2845;2853;10.62;0.65;216.67;3.50;742;6;950.00;8
2105;6;624371753;2105;188;2849;2859;10.58;0.65;216.68;3.49;744;6;951.00;10
2108;6;624371762;2108;183;2849;2859;10.53;0.64;216.69;3.49;741;6;952.00;10
2111;6;624371772;2111;181;2849;2859;10.46;0.64;216.68;3.49;738;6;953.00;10
2116;6;624371781;2116;185;2851;2862;10.39;0.63;216.81;3.49;735;6;954.00;11
2118;6;624371791;2118;190;2854;2862;10.34;0.63;216.75;3.51;736;6;955.00;8
2118;6;624371801;2118;190;2855;2862;10.32;0.63;216.75;3.51;737;6;956.00;7
2122;6;624371810;2122;196;2855;2863;10.23;0.62;216.65;3.51;733;6;957.00;8
2128;6;624371820;2128;197;2856;2864;10.19;0.62;216.47;3.51;728;6;958.00;8
2134;6;624371829;2134;203;2856;2864;10.05;0.61;216.19;3.51;722;6;959.00;8
2136;6;624371839;2136;205;2873;2890;9.87;0.60;216.07;3.49;737;6;960.00;17
2142;6;624371850;2142;199;2873;2890;9.79;0.60;216.07;3.49;731;6;961.00;17
2144;6;624371858;2144;201;2876;2890;9.70;0.59;216.07;3.49;732;6;962.00;14
2146;6;624371867;2146;205;2878;2891;9.70;0.59;215.91;3.49;732;6;963.00;13
2153;6;624371876;2153;207;2878;2891;9.72;0.59;215.75;3.49;725;6;964.00;13
2157;6;624371884;2157;210;2881;2895;9.77;0.60;215.47;3.49;724;6;965.00;14
2157;6;624371893;2157;210;2882;2895;9.76;0.60;215.47;3.49;725;6;966.00;13
2162;6;624371901;2162;215;2885;2899;9.75;0.59;215.41;3.49;723;6;967.00;14
2164;6;624371911;2164;214;2885;2899;9.79;0.60;215.42;3.49;721;6;968.00;14
2165;6;624371919;2165;216;2886;2899;9.74;0.59;215.33;3.49;721;6;969.00;13
2167;6;624371927;2167;216;2886;2899;9.66;0.59;215.35;3.49;719;6;970.00;13
2167;6;624371936;2167;222;2889;2899;9.53;0.58;215.35;3.51;722;6;971.00;10
2170;6;624371944;2170;226;2899;2911;9.50;0.58;215.20;3.50;729;6;972.00;12
2172;6;624371953;2172;228;2901;2911;9.38;0.57;215.20;3.50;729;6;973.00;10
2172;6;624371962;2172;233;2902;2911;9.29;0.56;215.20;3.51;730;6;974.00;9
2172;6;624371970;2172;239;2903;2911;9.21;0.56;215.20;3.51;731;6;975.00;8
2176;6;624371978;2176;242;2903;2911;9.14;0.56;215.27;3.51;727;6;976.00;8
2176;6;624371986;2176;251;2903;2911;9.18;0.56;215.27;3.51;727;6;977.00;8
2180;6;624371995;2180;256;2903;2912;9.14;0.56;215.23;3.51;723;6;978.00;9
2182;6;624372003;2182;251;2903;2912;9.10;0.55;215.27;3.51;721;6;979.00;9
2184;6;624372011;2184;248;2910;2918;9.03;0.55;215.37;3.53;726;6;980.00;8
2184;6;624372020;2184;251;2911;2919;8.97;0.55;215.37;3.53;727;6;981.00;8
2185;6;624372028;2185;248;2911;2919;8.97;0.55;215.39;3.53;726;6;982.00;8
2186;6;624372037;2186;246;2913;2919;8.91;0.54;215.29;3.54;727;6;983.00;6
2188;6;624372045;2188;250;2916;2923;8.89;0.54;215.26;3.54;728;6;984.00;7
2190;6;624372054;2190;253;2917;2923;8.88;0.54;215.19;3.55;727;6;985.00;6
2192;6;624372062;2192;256;2917;2923;8.84;0.54;215.13;3.55;725;6;986.00;6
2195;6;624372071;2195;255;2919;2924;8.81;0.54;215.13;3.55;724;6;987.00;5
2197;6;624372079;2197;255;2923;2928;8.80;0.54;215.15;3.56;726;6;988.00;5
2199;6;624372088;2199;257;2924;2928;8.84;0.54;215.09;3.57;725;6;989.00;4
2200;6;624372098;2200;260;2929;2934;8.90;0.54;215.17;3.57;729;6;990.00;5
2202;6;624372112;2202;259;2931;2934;8.96;0.55;215.10;3.57;729;6;991.00;3
2204;6;624372120;2204;257;2934;2934;8.93;0.55;215.18;3.57;730;6;992.00;0
2205;6;624372133;2205;258;2934;2934;8.92;0.55;215.14;3.57;729;6;993.00;0
2205;6;624372141;2205;255;2938;2938;8.99;0.55;215.14;3.57;733;6;994.00;0
2205;6;624372150;2205;258;2938;2938;8.91;0.55;215.14;3.57;733;6;995.00;0
2206;6;624372157;2206;261;2938;2938;8.83;0.54;215.13;3.57;732;6;996.00;0
2206;6;624372166;2206;260;2938;2938;8.75;0.54;215.13;3.57;732;6;997.00;0
2209;6;624372174;2209;266;2939;2939;8.64;0.53;215.11;3.57;730;6;998.00;0
2209;6;624372182;2209;267;2940;2940;8.50;0.52;215.11;3.57;731;6;999.00;0
2210;6;624372191;2210;264;2940;2940;8.37;0.51;215.07;3.57;730;6;1000.00;0
2211;6;624372203;2211;262;2941;2941;8.32;0.51;215.06;3.56;730;6;1001.00;0
2218;6;624372211;2218;261;2941;2941;8.24;0.51;215.20;3.56;723;6;1002.00;0
2220;6;624372219;2220;259;2941;2941;8.27;0.51;215.15;3.56;721;6;1003.00;0
2222;6;624372227;2222;260;2941;2941;8.33;0.51;215.28;3.56;719;6;1004.00;0
2224;6;624372236;2224;259;2941;2941;8.37;0.51;215.25;3.56;717;6;1005.00;0
2226;6;624372244;2226;253;2941;2941;8.38;0.51;215.24;3.56;715;6;1006.00;0
2230;6;624372252;2230;248;2941;2941;8.38;0.51;215.30;3.56;711;6;1007.00;0
2231;6;624372260;2231;269;3013;3068;8.37;0.52;215.34;3.48;782;6;1008.00;55
2236;6;624372278;2236;256;3019;3069;8.34;0.52;215.40;3.48;783;6;1009.00;50
2237;6;624372287;2237;247;3027;3069;8.33;0.52;215.52;3.47;790;6;1010.00;42
2241;6;624372295;2241;244;3031;3069;8.29;0.51;215.59;3.47;790;6;1011.00;38
2244;6;624372304;2244;245;3037;3069;8.25;0.51;215.66;3.47;793;6;1012.00;32
2246;6;624372313;2246;248;3038;3069;8.17;0.51;215.57;3.47;792;6;1013.00;31
2251;6;624372321;2251;243;3041;3069;8.03;0.50;215.54;3.47;790;6;1014.00;28
2256;6;624372329;2256;243;3042;3069;7.95;0.49;215.67;3.48;786;6;1015.00;27
2258;6;624372338;2258;245;3045;3070;8.02;0.49;215.88;3.48;787;6;1016.00;25
2262;6;624372346;2262;247;3048;3071;8.01;0.49;215.87;3.49;786;6;1017.00;23
2268;6;624372355;2268;253;3049;3071;7.93;0.49;216.01;3.49;781;6;1018.00;22
2272;6;624372364;2272;253;3052;3072;7.79;0.48;216.27;3.49;780;6;1019.00;20
2278;6;624372374;2278;250;3056;3072;7.68;0.47;216.23;3.50;778;6;1020.00;16
2279;6;624372383;2279;249;3058;3072;7.61;0.47;216.23;3.51;779;6;1021.00;14
2283;6;624372391;2283;246;3061;3072;7.55;0.46;216.48;3.52;778;6;1022.00;11
2287;6;624372400;2287;247;3066;3076;7.52;0.46;216.53;3.53;779;6;1023.00;10
2290;6;624372410;2290;244;3067;3076;7.57;0.46;216.56;3.53;777;6;1024.00;9
2294;6;624372418;2294;248;3068;3076;7.59;0.47;216.93;3.54;774;6;1025.00;8
2297;6;624372428;2297;249;3071;3079;7.65;0.47;217.08;3.55;774;6;1026.00;8
2298;6;624372437;2298;245;3072;3079;7.74;0.47;217.22;3.54;774;6;1027.00;7
2301;6;624372452;2301;238;3074;3079;7.77;0.48;217.39;3.55;773;6;1028.00;5
2306;6;624372461;2306;233;3078;3083;7.80;0.48;217.58;3.55;772;6;1029.00;5
2307;6;624372472;2307;227;3081;3084;7.88;0.48;217.62;3.56;774;6;1030.00;3
2310;6;624372481;2310;227;3081;3084;7.99;0.49;217.77;3.56;771;6;1031.00;3
2312;6;624372491;2312;222;3087;3088;8.09;0.49;217.77;3.56;775;6;1032.00;1
2314;6;624372501;2314;219;3088;3088;8.12;0.50;217.94;3.56;774;6;1033.00;0
2317;6;624372510;2317;218;3088;3088;8.15;0.50;218.06;3.56;771;6;1034.00;0
2323;6;624372524;2323;221;3090;3090;8.19;0.50;218.07;3.56;767;6;1035.00;0
2326;6;624372542;2326;221;3090;3090;8.18;0.50;218.13;3.56;764;6;1036.00;0
2331;6;624372559;2331;217;3096;3096;8.23;0.50;218.33;3.55;765;6;1037.00;0
2336;6;624372576;2336;211;3096;3096;8.22;0.50;218.26;3.55;760;6;1038.00;0
2340;6;624372590;2340;214;3097;3097;8.21;0.50;218.37;3.55;757;6;1039.00;0
2343;6;624372605;2343;216;3097;3097;8.23;0.50;218.67;3.55;754;6;1040.00;0
2344;6;624372619;2344;215;3097;3097;8.27;0.50;218.73;3.55;753;6;1041.00;0
2348;6;624372634;2348;214;3097;3097;8.26;0.50;218.79;3.55;749;6;1042.00;0
2351;6;624372648;2351;210;3097;3097;8.31;0.50;218.87;3.55;746;6;1043.00;0
2352;6;624372659;2352;206;3107;3109;8.43;0.51;218.84;3.54;755;6;1044.00;2
2356;6;624372672;2356;204;3108;3109;8.44;0.51;218.93;3.54;752;6;1045.00;1
2359;6;624372683;2359;198;3109;3109;8.49;0.52;219.01;3.54;750;6;1046.00;0
2361;6;624372693;2361;201;3109;3109;8.50;0.52;219.04;3.54;748;6;1047.00;0
2366;6;624372703;2366;200;3109;3109;8.52;0.52;219.24;3.54;743;6;1048.00;0
2371;6;624372715;2371;204;3109;3109;8.46;0.52;219.32;3.54;738;6;1049.00;0
2374;6;624372727;2374;204;3115;3115;8.46;0.52;219.54;3.53;741;6;1050.00;0
2377;6;624372739;2377;199;3115;3115;8.50;0.52;219.50;3.53;738;6;1051.00;0
2381;6;624372750;2381;196;3119;3119;8.53;0.52;219.77;3.53;738;6;1052.00;0
2383;6;624372760;2383;195;3120;3120;8.51;0.52;219.80;3.53;737;6;1053.00;0
2387;6;624372771;2387;191;3120;3120;8.47;0.52;219.87;3.53;733;6;1054.00;0
2392;6;624372781;2392;195;3120;3120;8.51;0.52;220.04;3.53;728;6;1055.00;0
2395;6;624372791;2395;188;3133;3133;8.65;0.53;220.22;3.51;738;6;1056.00;0
2399;6;624372803;2399;191;3133;3133;8.72;0.53;220.23;3.51;734;6;1057.00;0
2401;6;624372814;2401;192;3133;3133;8.80;0.54;220.35;3.51;732;6;1058.00;0
2405;6;624372823;2405;193;3134;3134;8.90;0.55;220.59;3.51;729;6;1059.00;0
2412;6;624372833;2412;191;3135;3135;8.92;0.55;220.75;3.51;723;6;1060.00;0
2419;6;624372843;2419;193;3135;3135;8.94;0.55;220.86;3.51;716;6;1061.00;0
2422;6;624372853;2422;197;3137;3138;8.92;0.55;220.94;3.51;715;6;1062.00;1
2423;6;624372864;2423;197;3137;3138;8.92;0.55;220.88;3.51;714;6;1063.00;1
2430;6;624372874;2430;195;3138;3138;8.84;0.54;221.13;3.51;708;6;1064.00;0
2432;6;624372884;2432;194;3138;3138;8.87;0.54;221.10;3.51;706;6;1065.00;0
2437;6;624372894;2437;203;3144;3144;8.86;0.54;221.08;3.50;707;6;1066.00;0
2438;6;624372905;2438;200;3144;3144;8.88;0.54;221.29;3.50;706;6;1067.00;0
2442;6;624372915;2442;200;3144;3144;8.96;0.55;221.51;3.50;702;6;1068.00;0
2445;6;624372925;2445;198;3144;3144;9.02;0.55;221.53;3.50;699;6;1069.00;0
2447;6;624372935;2447;197;3148;3148;9.09;0.55;221.49;3.50;701;6;1070.00;0
2453;6;624372946;2453;197;3149;3149;9.04;0.55;221.82;3.50;696;6;1071.00;0
2458;6;624372956;2458;194;3149;3149;8.97;0.55;221.75;3.50;691;6;1072.00;0
2461;6;624372966;2461;193;3150;3150;8.92;0.54;221.86;3.50;689;6;1073.00;0
2466;6;624372978;2466;194;3150;3150;8.83;0.54;221.99;3.50;684;6;1074.00;0
2468;6;624372987;2468;192;3150;3150;8.77;0.53;221.96;3.50;682;6;1075.00;0
2472;6;624372999;2472;182;3150;3150;8.74;0.53;222.12;3.50;678;6;1076.00;0
2473;6;624373009;2473;177;3150;3150;8.82;0.54;222.05;3.50;677;6;1077.00;0
2475;6;624373020;2475;177;3150;3150;8.83;0.54;222.20;3.50;675;6;1078.00;0
2478;6;624373030;2478;171;3150;3150;8.86;0.54;222.19;3.50;672;6;1079.00;0
2478;6;624373042;2478;190;3231;3275;8.93;0.55;222.19;3.41;753;6;1080.00;44
2481;6;624373062;2481;182;3238;3276;8.95;0.55;222.35;3.41;757;6;1081.00;38
2484;6;624373079;2484;180;3245;3276;9.06;0.56;222.39;3.40;761;6;1082.00;31
2486;6;624373090;2486;164;3247;3276;9.15;0.56;222.37;3.40;761;6;1083.00;29
2488;6;624373101;2488;165;3252;3276;9.25;0.57;222.50;3.40;764;6;1084.00;24
2491;6;624373118;2491;155;3253;3276;9.34;0.57;222.54;3.40;762;6;1085.00;23
2491;6;624373128;2491;155;3257;3276;9.45;0.58;222.54;3.41;766;6;1086.00;19
2494;6;624373139;2494;160;3258;3276;9.44;0.58;222.68;3.41;764;6;1087.00;18
2498;6;624373150;2498;158;3261;3277;9.46;0.58;222.86;3.41;763;6;1088.00;16
2500;6;624373161;2500;171;3267;3278;9.50;0.58;222.92;3.42;767;6;1089.00;11
2506;6;624373171;2506;170;3269;3278;9.53;0.58;223.01;3.43;763;6;1090.00;9
2509;6;624373182;2509;171;3274;3282;9.53;0.58;223.25;3.42;765;6;1091.00;8
2514;6;624373194;2514;174;3274;3282;9.50;0.58;223.42;3.42;760;6;1092.00;8
2514;6;624373205;2514;176;3274;3282;9.49;0.58;223.42;3.42;760;6;1093.00;8
2517;6;624373215;2517;186;3274;3282;9.40;0.58;223.44;3.42;757;6;1094.00;8
2517;6;624373225;2517;185;3280;3288;9.31;0.57;223.44;3.42;763;6;1095.00;8
2521;6;624373236;2521;194;3280;3288;9.23;0.57;223.35;3.42;759;6;1096.00;8
2521;6;624373254;2521;193;3280;3288;9.23;0.57;223.35;3.42;759;6;1097.00;8
2525;6;624373264;2525;196;3283;3291;9.18;0.56;223.29;3.42;758;6;1098.00;8
2527;6;624373275;2527;198;3283;3291;9.19;0.56;223.25;3.42;756;6;1099.00;8
2527;6;624373286;2527;197;3283;3291;9.21;0.56;223.25;3.42;756;6;1100.00;8
2530;6;624373300;2530;204;3283;3292;9.22;0.56;223.48;3.42;753;6;1101.00;9
2531;6;624373311;2531;202;3284;3293;9.32;0.57;223.47;3.42;753;6;1102.00;9
2533;6;624373321;2533;200;3284;3293;9.40;0.58;223.35;3.42;751;6;1103.00;9
2537;6;624373331;2537;209;3294;3306;9.41;0.58;223.22;3.41;757;6;1104.00;12
2538;6;624373342;2538;206;3294;3306;9.51;0.58;223.25;3.41;756;6;1105.00;12
2542;6;624373352;2542;208;3295;3306;9.57;0.59;223.17;3.41;753;6;1106.00;11
2542;6;624373363;2542;210;3296;3307;9.61;0.59;223.17;3.41;754;6;1107.00;11
2546;6;624373373;2546;213;3296;3307;9.64;0.59;222.99;3.41;750;6;1108.00;11
2547;6;624373384;2547;213;3301;3311;9.68;0.59;222.92;3.41;754;6;1109.00;10
2549;6;624373398;2549;217;3301;3311;9.77;0.60;222.86;3.41;752;6;1110.00;10
2549;6;624373408;2549;219;3304;3315;9.84;0.60;222.86;3.41;755;6;1111.00;11
2554;6;624373418;2554;220;3305;3315;9.94;0.61;222.68;3.42;751;6;1112.00;10
2556;6;624373428;2556;223;3305;3315;9.96;0.61;222.60;3.42;749;6;1113.00;10
2556;6;624373438;2556;224;3305;3315;10.01;0.61;222.60;3.42;749;6;1114.00;10
2559;6;624373447;2559;227;3306;3315;10.01;0.61;222.53;3.43;747;6;1115.00;9
2561;6;624373458;2561;225;3316;3327;10.00;0.61;222.44;3.42;755;6;1116.00;11
2564;6;624373469;2564;227;3316;3327;9.98;0.61;222.42;3.42;752;6;1117.00;11
2567;6;624373481;2567;232;3318;3327;10.00;0.61;222.38;3.43;751;6;1118.00;9
2570;6;624373491;2570;232;3318;3327;9.92;0.60;222.34;3.43;748;6;1119.00;9
2572;6;624373500;2572;230;3319;3327;9.90;0.60;222.26;3.44;747;6;1120.00;8
2575;6;624373510;2575;234;3319;3327;9.86;0.60;222.23;3.44;744;6;1121.00;8
2579;6;624373521;2579;228;3319;3328;9.76;0.59;222.08;3.44;740;6;1122.00;9
2581;6;624373531;2581;235;3320;3328;9.71;0.59;222.04;3.45;739;6;1123.00;8
2582;6;624373541;2582;234;3325;3334;9.72;0.59;222.02;3.45;743;6;1124.00;9
2584;6;624373551;2584;232;3330;3336;9.68;0.59;221.99;3.47;746;6;1125.00;6
2585;6;624373561;2585;235;3330;3336;9.62;0.59;221.95;3.47;745;6;1126.00;6
2588;6;624373571;2588;238;3330;3336;9.55;0.58;221.88;3.47;742;6;1127.00;6
2591;6;624373579;2591;238;3333;3340;9.54;0.58;221.76;3.47;742;6;1128.00;7
2594;6;624373588;2594;246;3333;3340;9.53;0.58;221.69;3.47;739;6;1129.00;7
2594;6;624373597;2594;243;3333;3340;9.49;0.58;221.69;3.47;739;6;1130.00;7
2597;6;624373605;2597;231;3334;3341;9.47;0.57;221.54;3.47;737;6;1131.00;7
2597;6;624373614;2597;221;3337;3345;9.44;0.57;221.54;3.47;740;6;1132.00;8
2599;6;624373623;2599;214;3337;3345;9.46;0.57;221.54;3.47;738;6;1133.00;8
2601;6;624373632;2601;210;3339;3348;9.50;0.57;221.50;3.46;738;6;1134.00;9
2602;6;624373642;2602;209;3340;3348;9.58;0.58;221.46;3.46;738;6;1135.00;8
2603;6;624373651;2603;204;3340;3348;9.62;0.58;221.39;3.46;737;6;1136.00;8
2603;6;624373666;2603;199;3340;3348;9.68;0.59;221.39;3.46;737;6;1137.00;8
2605;6;624373675;2605;194;3344;3352;9.76;0.59;221.33;3.46;739;6;1138.00;8
2606;6;624373684;2606;190;3344;3352;9.85;0.60;221.32;3.46;738;6;1139.00;8
2608;6;624373695;2608;184;3344;3352;9.88;0.60;221.27;3.46;736;6;1140.00;8
2608;7;624373704;2608;181;3344;3352;9.93;0.60;221.27;3.46;736;7;1141.00;8
2609;7;624373720;2609;182;3344;3353;9.91;0.60;221.27;3.46;735;7;1142.00;9
2609;7;624373729;2609;180;3345;3354;9.92;0.60;221.27;3.46;736;7;1143.00;9
2610;7;624373738;2610;182;3345;3354;9.93;0.60;221.21;3.46;735;7;1144.00;9
2612;7;624373752;2612;179;3346;3355;9.94;0.60;221.15;3.46;734;7;1145.00;9
2612;7;624373767;2612;183;3346;3355;9.89;0.60;221.15;3.46;734;7;1146.00;9
2612;7;624373775;2612;181;3346;3355;9.84;0.60;221.15;3.46;734;7;1147.00;9
2613;7;624373784;2613;183;3346;3355;9.81;0.60;221.17;3.46;733;7;1148.00;9
2613;7;624373793;2613;184;3346;3355;9.81;0.60;221.17;3.46;733;7;1149.00;9
2615;7;624373802;2615;189;3347;3355;9.79;0.60;221.10;3.46;732;7;1150.00;8
2618;7;624373810;2618;189;3348;3355;9.75;0.60;221.15;3.48;730;7;1151.00;7
2619;7;624373819;2619;209;3412;3482;9.88;0.61;221.17;3.41;793;7;1152.00;70
2622;7;624373843;2622;204;3415;3483;9.83;0.61;221.27;3.44;793;7;1153.00;68
2625;7;624373853;2625;205;3424;3483;9.83;0.61;221.31;3.43;799;7;1154.00;59
2626;7;624373863;2626;202;3431;3483;9.79;0.60;221.28;3.45;805;7;1155.00;52
2628;7;624373872;2628;201;3438;3483;9.75;0.60;221.40;3.45;810;7;1156.00;45
2633;7;624373881;2633;198;3440;3483;9.63;0.59;221.46;3.45;807;7;1157.00;43
2635;7;624373892;2635;204;3444;3483;9.54;0.59;221.67;3.46;809;7;1158.00;39
2636;7;624373906;2636;209;3447;3483;9.51;0.59;221.81;3.47;811;7;1159.00;36
2638;7;624373915;2638;213;3451;3484;9.46;0.58;221.89;3.48;813;7;1160.00;33
2641;7;624373925;2641;221;3458;3485;9.40;0.58;222.00;3.49;817;7;1161.00;27
2644;7;624373935;2644;223;3462;3485;9.41;0.58;221.90;3.50;818;7;1162.00;23
2650;7;624373945;2650;224;3466;3486;9.36;0.58;221.97;3.51;816;7;1163.00;20
2654;7;624373955;2654;223;3470;3486;9.29;0.57;222.16;3.52;816;7;1164.00;16
2655;7;624373964;2655;225;3474;3486;9.24;0.57;222.15;3.53;819;7;1165.00;12
2657;7;624373975;2657;224;3476;3486;9.12;0.56;222.19;3.53;819;7;1166.00;10
2661;7;624373989;2661;229;3481;3490;9.06;0.56;222.41;3.54;820;7;1167.00;9
2664;7;624374000;2664;241;3483;3490;8.98;0.55;222.27;3.55;819;7;1168.00;7
2666;7;624374009;2666;243;3486;3490;8.89;0.55;222.52;3.55;820;7;1169.00;4
2670;7;624374020;2670;247;3490;3496;8.80;0.54;222.70;3.55;820;7;1170.00;6
2672;7;624374031;2672;244;3491;3496;8.75;0.54;222.92;3.56;819;7;1171.00;5
2675;7;624374040;2675;249;3492;3496;8.65;0.53;222.96;3.56;817;7;1172.00;4
2681;7;624374050;2681;249;3498;3500;8.53;0.52;223.18;3.56;817;7;1173.00;2
2683;7;624374060;2683;250;3500;3501;8.44;0.52;223.35;3.56;817;7;1174.00;1
2686;7;624374070;2686;253;3500;3501;8.44;0.52;223.38;3.56;814;7;1175.00;1
2690;7;624374079;2690;248;3505;3505;8.40;0.51;223.49;3.56;815;7;1176.00;0
2691;7;624374089;2691;250;3505;3505;8.41;0.51;223.57;3.56;814;7;1177.00;0
2694;7;624374099;2694;252;3505;3505;8.42;0.51;223.90;3.56;811;7;1178.00;0
2695;7;624374108;2695;254;3506;3506;8.49;0.52;223.90;3.55;811;7;1179.00;0
2698;7;624374118;2698;255;3506;3506;8.48;0.52;224.05;3.55;808;7;1180.00;0
2703;7;624374128;2703;259;3512;3512;8.50;0.52;224.08;3.55;809;7;1181.00;0
2708;7;624374138;2708;263;3512;3512;8.39;0.51;224.34;3.55;804;7;1182.00;0
2710;7;624374148;2710;263;3513;3513;8.33;0.51;224.35;3.55;803;7;1183.00;0
2716;7;624374157;2716;260;3513;3513;8.29;0.51;224.71;3.55;797;7;1184.00;0
2717;7;624374167;2717;266;3513;3513;8.30;0.51;224.80;3.55;796;7;1185.00;0
2722;7;624374176;2722;261;3513;3513;8.21;0.50;225.12;3.55;791;7;1186.00;0
2727;7;624374185;2727;260;3513;3513;8.01;0.49;225.35;3.55;786;7;1187.00;0
2730;7;624374200;2730;260;3525;3525;7.84;0.48;225.29;3.54;795;7;1188.00;0
2736;7;624374209;2736;264;3525;3525;7.62;0.47;225.73;3.54;789;7;1189.00;0
2738;7;624374218;2738;257;3525;3525;7.54;0.46;225.66;3.54;787;7;1190.00;0
2745;7;624374227;2745;257;3525;3525;7.42;0.46;225.93;3.54;780;7;1191.00;0
2750;7;624374235;2750;255;3525;3525;7.35;0.45;225.96;3.54;775;7;1192.00;0
2756;7;624374244;2756;254;3525;3525;7.31;0.45;226.38;3.54;769;7;1193.00;0
2761;7;624374253;2761;249;3529;3529;7.24;0.44;226.44;3.53;768;7;1194.00;0
2764;7;624374263;2764;240;3529;3529;7.19;0.44;226.61;3.53;765;7;1195.00;0
2768;7;624374272;2768;245;3533;3533;7.28;0.45;226.73;3.53;765;7;1196.00;0
2770;7;624374281;2770;240;3534;3534;7.37;0.45;226.76;3.53;764;7;1197.00;0
2774;7;624374290;2774;236;3534;3534;7.42;0.45;226.87;3.53;760;7;1198.00;0
2776;7;624374298;2776;233;3534;3534;7.53;0.46;226.87;3.53;758;7;1199.00;0
2778;7;624374310;2778;238;3558;3575;7.65;0.47;226.99;3.51;780;7;1200.00;17
2779;7;624374328;2779;226;3559;3575;7.74;0.48;226.97;3.51;780;7;1201.00;16
2785;7;624374338;2785;224;3562;3575;7.81;0.48;226.90;3.51;777;7;1202.00;13
2787;7;624374348;2787;218;3564;3576;7.87;0.48;226.92;3.50;777;7;1203.00;12
2789;7;624374357;2789;216;3566;3577;7.91;0.48;226.97;3.50;777;7;1204.00;11
2790;7;624374368;2790;218;3568;3577;8.02;0.49;226.95;3.50;778;7;1205.00;9
2796;7;624374378;2796;215;3571;3580;8.11;0.50;227.03;3.50;775;7;1206.00;9
2802;7;624374389;2802;212;3572;3580;8.14;0.50;227.12;3.50;770;7;1207.00;8
2806;7;624374398;2806;211;3574;3580;8.12;0.50;226.95;3.51;768;7;1208.00;6
2809;7;624374408;2809;212;3574;3580;8.12;0.50;227.08;3.51;765;7;1209.00;6
2813;7;624374417;2813;210;3581;3586;8.12;0.50;227.38;3.50;768;7;1210.00;5
2816;7;624374427;2816;215;3581;3586;8.12;0.50;227.48;3.50;765;7;1211.00;5
2818;7;624374437;2818;213;3581;3586;8.15;0.50;227.52;3.50;763;7;1212.00;5
2822;7;624374446;2822;213;3581;3586;8.16;0.50;227.62;3.50;759;7;1213.00;5
2825;7;624374455;2825;213;3585;3590;8.19;0.50;227.65;3.50;760;7;1214.00;5
2827;7;624374465;2827;214;3587;3592;8.20;0.50;227.67;3.50;760;7;1215.00;5
2833;7;624374476;2833;212;3588;3592;8.08;0.50;227.78;3.50;755;7;1216.00;4
2834;7;624374485;2834;225;3589;3593;8.05;0.49;227.74;3.50;755;7;1217.00;4
2837;7;624374494;2837;229;3589;3593;7.99;0.49;227.85;3.50;752;7;1218.00;4
2842;7;624374504;2842;233;3589;3593;7.93;0.49;227.76;3.50;747;7;1219.00;4
2844;7;624374513;2844;241;3589;3593;7.89;0.49;227.68;3.50;745;7;1220.00;4
2851;7;624374527;2851;243;3590;3593;7.79;0.48;227.94;3.51;739;7;1221.00;3
2857;7;624374540;2857;245;3590;3593;7.68;0.47;227.97;3.51;733;7;1222.00;3
2861;7;624374556;2861;251;3590;3593;7.60;0.47;227.91;3.51;729;7;1223.00;3
2868;7;624374572;2868;257;3628;3663;7.54;0.46;227.90;3.47;760;7;1224.00;35
2874;7;624374594;2874;256;3630;3664;7.48;0.46;228.03;3.47;756;7;1225.00;34
2877;7;624374608;2877;252;3637;3664;7.55;0.46;228.03;3.46;760;7;1226.00;27
2880;7;624374622;2880;253;3638;3664;7.49;0.46;228.01;3.47;758;7;1227.00;26
2882;7;624374635;2882;254;3642;3666;7.55;0.46;227.97;3.47;760;7;1228.00;24
2884;7;624374646;2884;251;3645;3666;7.60;0.47;227.97;3.47;761;7;1229.00;21
2888;7;624374658;2888;255;3647;3666;7.53;0.46;228.08;3.47;759;7;1230.00;19
2890;7;624374669;2890;256;3649;3666;7.51;0.46;228.19;3.48;759;7;1231.00;17
2891;7;624374678;2891;263;3650;3667;7.50;0.46;228.18;3.48;759;7;1232.00;17
2894;7;624374688;2894;266;3655;3668;7.45;0.46;228.26;3.50;761;7;1233.00;13
2898;7;624374699;2898;265;3659;3668;7.48;0.46;228.30;3.50;761;7;1234.00;9
2899;7;624374709;2899;273;3664;3672;7.45;0.46;228.39;3.51;765;7;1235.00;8
2903;7;624374721;2903;276;3667;3672;7.42;0.45;228.42;3.51;764;7;1236.00;5
2905;7;624374732;2905;273;3669;3672;7.41;0.45;228.55;3.51;764;7;1237.00;3
2909;7;624374745;2909;269;3670;3672;7.36;0.45;228.61;3.51;761;7;1238.00;2
2910;7;624374756;2910;265;3677;3678;7.41;0.45;228.61;3.51;767;7;1239.00;1
2912;7;624374768;2912;259;3677;3678;7.50;0.46;228.59;3.51;765;7;1240.00;1
2915;7;624374779;2915;262;3677;3678;7.57;0.46;228.66;3.51;762;7;1241.00;1
2921;7;624374791;2921;264;3679;3681;7.63;0.46;228.67;3.51;758;7;1242.00;2
2924;7;624374805;2924;266;3679;3681;7.68;0.47;228.64;3.51;755;7;1243.00;2
2930;7;624374817;2930;269;3680;3681;7.63;0.46;228.59;3.51;750;7;1244.00;1
2932;7;624374827;2932;274;3681;3682;7.55;0.46;228.64;3.51;749;7;1245.00;1
2932;7;624374838;2932;260;3682;3683;7.67;0.47;228.64;3.51;750;7;1246.00;1
2937;7;624374849;2937;261;3682;3683;7.66;0.46;228.78;3.51;745;7;1247.00;1
2939;7;624374861;2939;255;3695;3696;7.79;0.47;228.77;3.50;756;7;1248.00;1
2939;7;624374873;2939;258;3695;3696;7.86;0.48;228.77;3.50;756;7;1249.00;1
2941;7;624374883;2941;251;3695;3696;7.97;0.48;229.01;3.50;754;7;1250.00;1
2943;7;624374895;2943;253;3696;3697;8.04;0.49;228.92;3.50;753;7;1251.00;1
2945;7;624374906;2945;249;3696;3697;8.05;0.49;228.97;3.50;751;7;1252.00;1
2947;7;624374917;2947;249;3700;3701;8.08;0.49;229.07;3.49;753;7;1253.00;1
2947;7;624374928;2947;254;3700;3701;8.11;0.49;229.07;3.49;753;7;1254.00;1
2950;7;624374939;2950;257;3704;3705;8.09;0.49;228.96;3.49;754;7;1255.00;1
2950;7;624374950;2950;260;3704;3705;8.10;0.49;228.96;3.49;754;7;1256.00;1
2951;7;624374960;2951;261;3704;3705;8.10;0.49;229.00;3.49;753;7;1257.00;1
2954;7;624374971;2954;256;3704;3705;8.07;0.49;228.87;3.49;750;7;1258.00;1
2955;7;624374981;2955;260;3704;3705;8.13;0.49;228.90;3.49;749;7;1259.00;1
2957;7;624374992;2957;261;3729;3739;8.16;0.50;228.78;3.47;772;7;1260.00;10
2962;7;624375004;2962;261;3729;3739;8.14;0.50;228.80;3.47;767;7;1261.00;10
2963;7;624375014;2963;254;3732;3739;8.23;0.50;228.76;3.47;769;7;1262.00;7
2964;7;624375024;2964;254;3732;3739;8.24;0.50;228.69;3.47;768;7;1263.00;7
2967;7;624375034;2967;257;3733;3739;8.20;0.50;228.71;3.47;766;7;1264.00;6
2969;7;624375043;2969;263;3733;3739;8.13;0.50;228.62;3.47;764;7;1265.00;6
2969;7;624375053;2969;264;3733;3740;8.15;0.50;228.62;3.47;764;7;1266.00;7
2970;7;624375069;2970;262;3733;3740;8.20;0.50;228.61;3.47;763;7;1267.00;7
2971;7;624375079;2971;256;3738;3746;8.25;0.50;228.57;3.46;767;7;1268.00;8
2972;7;624375089;2972;260;3739;3747;8.26;0.50;228.51;3.46;767;7;1269.00;8
2974;7;624375104;2974;257;3739;3747;8.25;0.50;228.46;3.46;765;7;1270.00;8
2974;7;624375113;2974;255;3739;3747;8.21;0.50;228.46;3.46;765;7;1271.00;8
2975;7;624375123;2975;263;3742;3751;8.21;0.50;228.54;3.46;767;7;1272.00;9
2976;7;624375132;2976;260;3742;3751;8.19;0.50;228.49;3.46;766;7;1273.00;9
2978;7;624375141;2978;261;3742;3751;8.17;0.50;228.37;3.46;764;7;1274.00;9
2981;7;624375151;2981;264;3743;3752;8.17;0.50;228.25;3.46;762;7;1275.00;9
2985;7;624375160;2985;263;3747;3756;8.16;0.50;228.21;3.47;762;7;1276.00;9
2985;7;624375170;2985;261;3747;3756;8.22;0.50;228.21;3.47;762;7;1277.00;9
2985;7;624375179;2985;265;3749;3759;8.33;0.51;228.21;3.47;764;7;1278.00;10
2985;7;624375189;2985;267;3749;3759;8.45;0.52;228.21;3.47;764;7;1279.00;10
2988;7;624375198;2988;267;3750;3759;8.51;0.52;228.22;3.47;762;7;1280.00;9
2989;7;624375207;2989;263;3750;3759;8.64;0.53;228.36;3.47;761;7;1281.00;9
2991;7;624375216;2991;261;3754;3763;8.74;0.53;228.32;3.46;763;7;1282.00;9
2991;7;624375227;2991;247;3754;3763;8.84;0.54;228.32;3.46;763;7;1283.00;9
2993;7;624375237;2993;240;3754;3763;8.98;0.55;228.33;3.46;761;7;1284.00;9
2994;7;624375247;2994;235;3754;3763;9.05;0.55;228.32;3.46;760;7;1285.00;9
2994;7;624375257;2994;231;3754;3764;9.21;0.56;228.32;3.46;760;7;1286.00;10
2995;7;624375269;2995;226;3755;3765;9.33;0.57;228.37;3.46;760;7;1287.00;10
2998;7;624375279;2998;222;3755;3765;9.38;0.57;228.33;3.46;757;7;1288.00;10
2999;7;624375289;2999;216;3756;3766;9.45;0.57;228.32;3.46;757;7;1289.00;10
3003;7;624375301;3003;210;3756;3766;9.47;0.57;228.28;3.46;753;7;1290.00;10
3005;7;624375311;3005;209;3756;3766;9.63;0.58;228.29;3.46;751;7;1291.00;10
3010;7;624375321;3010;202;3756;3766;9.67;0.59;228.23;3.46;746;7;1292.00;10
3011;7;624375336;3011;195;3756;3766;9.80;0.59;228.20;3.46;745;7;1293.00;10
3013;7;624375347;3013;192;3757;3766;9.90;0.60;228.15;3.47;744;7;1294.00;9
3015;7;624375356;3015;182;3757;3766;9.95;0.60;228.10;3.47;742;7;1295.00;9
3017;7;624375367;3017;195;3817;3893;9.92;0.61;228.05;3.43;800;7;1296.00;76
3019;7;624375394;3019;188;3817;3894;9.93;0.61;228.08;3.43;798;7;1297.00;77
3023;7;624375404;3023;179;3826;3894;10.02;0.61;227.97;3.42;803;7;1298.00;68
3023;7;624375415;3023;176;3828;3894;9.99;0.61;227.97;3.42;805;7;1299.00;66
3024;7;624375427;3024;169;3834;3894;10.03;0.61;227.95;3.42;810;7;1300.00;60
3025;7;624375442;3025;167;3837;3894;10.07;0.62;227.89;3.42;812;7;1301.00;57
3027;7;624375452;3027;163;3840;3894;10.08;0.62;227.91;3.43;813;7;1302.00;54
3029;7;624375463;3029;163;3844;3894;10.09;0.62;228.00;3.43;815;7;1303.00;50
3031;7;624375474;3031;171;3847;3895;10.09;0.62;227.92;3.43;816;7;1304.00;48
3034;7;624375485;3034;172;3852;3897;10.07;0.61;227.89;3.44;818;7;1305.00;45
3037;7;624375496;3037;171;3854;3897;10.05;0.61;227.86;3.44;817;7;1306.00;43
3038;7;624375507;3038;174;3859;3898;10.02;0.61;227.86;3.45;821;7;1307.00;39
3040;7;624375520;3040;177;3863;3898;9.97;0.61;228.03;3.46;823;7;1308.00;35
3043;7;624375538;3043;183;3866;3898;9.89;0.60;228.07;3.47;823;7;1309.00;32
3044;7;624375549;3044;184;3868;3898;9.80;0.60;228.07;3.47;824;7;1310.00;30
3047;7;624375559;3047;189;3871;3902;9.76;0.60;228.14;3.47;824;7;1311.00;31
3051;7;624375571;3051;192;3875;3902;9.60;0.59;228.07;3.48;824;7;1312.00;27
3052;7;624375581;3052;189;3875;3902;9.55;0.58;228.18;3.48;823;7;1313.00;27
3056;7;624375591;3056;192;3878;3905;9.52;0.58;228.13;3.48;822;7;1314.00;27
3059;7;624375601;3059;200;3880;3905;9.50;0.58;228.24;3.49;821;7;1315.00;25
3062;7;624375612;3062;202;3882;3905;9.46;0.58;228.37;3.51;820;7;1316.00;23
3064;7;624375622;3064;207;3888;3909;9.46;0.58;228.38;3.52;824;7;1317.00;21
3067;7;624375638;3067;206;3890;3910;9.48;0.58;228.48;3.53;823;7;1318.00;20
3069;7;624375648;3069;208;3891;3910;9.48;0.58;228.72;3.53;822;7;1319.00;19
3070;7;624375660;3070;209;3897;3915;9.43;0.57;228.74;3.56;827;7;1320.00;18
3074;7;624375671;3074;216;3897;3915;9.43;0.57;228.84;3.56;823;7;1321.00;18
3075;7;624375681;3075;220;3898;3915;9.42;0.57;228.96;3.56;823;7;1322.00;17
3075;7;624375691;3075;226;3901;3916;9.36;0.57;228.96;3.57;826;7;1323.00;15
3079;7;624375701;3079;224;3901;3916;9.31;0.57;229.02;3.57;822;7;1324.00;15
3081;7;624375711;3081;227;3908;3922;9.29;0.56;229.15;3.58;827;7;1325.00;14
3081;7;624375721;3081;229;3909;3922;9.30;0.57;229.15;3.59;828;7;1326.00;13
3087;7;624375731;3087;235;3910;3923;9.27;0.56;229.22;3.59;823;7;1327.00;13
3088;7;624375742;3088;238;3910;3923;9.19;0.56;229.23;3.59;822;7;1328.00;13
3089;7;624375751;3089;243;3911;3923;9.09;0.55;229.32;3.60;822;7;1329.00;12
3094;7;624375761;3094;248;3911;3923;9.00;0.55;229.49;3.60;817;7;1330.00;12
3100;7;624375771;3100;255;3912;3923;8.91;0.54;229.51;3.61;812;7;1331.00;11
3101;7;624375781;3101;257;3924;3935;8.85;0.54;229.47;3.61;823;7;1332.00;11
3103;7;624375792;3103;264;3925;3935;8.76;0.53;229.62;3.62;822;7;1333.00;10
3106;7;624375802;3106;268;3926;3935;8.68;0.53;229.70;3.62;820;7;1334.00;9
3111;7;624375812;3111;272;3926;3935;8.57;0.52;229.62;3.62;815;7;1335.00;9
3113;7;624375822;3113;276;3926;3935;8.47;0.51;229.73;3.62;813;7;1336.00;9
3114;7;624375830;3114;284;3927;3935;8.37;0.51;229.81;3.63;813;7;1337.00;8
3116;7;624375840;3116;290;3933;3939;8.21;0.50;229.94;3.64;817;7;1338.00;6
3117;7;624375849;3117;291;3934;3939;8.13;0.50;229.98;3.64;817;7;1339.00;5
3118;7;624375858;3118;290;3938;3943;8.15;0.50;230.06;3.64;820;7;1340.00;5
3119;7;624375868;3119;283;3940;3944;8.09;0.49;230.07;3.63;821;7;1341.00;4
3121;7;624375878;3121;278;3940;3944;8.04;0.49;230.14;3.63;819;7;1342.00;4
3124;7;624375887;3124;278;3940;3944;7.99;0.49;230.23;3.63;816;7;1343.00;4
3125;7;624375896;3125;281;3953;3957;7.98;0.49;230.19;3.62;828;7;1344.00;4
3128;7;624375907;3128;279;3953;3957;7.98;0.49;230.23;3.62;825;7;1345.00;4
3129;7;624375916;3129;277;3953;3957;8.02;0.49;230.30;3.62;824;7;1346.00;4
3130;7;624375925;3130;279;3954;3958;8.08;0.49;230.34;3.62;824;7;1347.00;4
3132;7;624375935;3132;279;3955;3959;8.06;0.49;230.44;3.62;823;7;1348.00;4
3136;7;624375944;3136;279;3955;3959;8.04;0.49;230.42;3.62;819;7;1349.00;4
3137;7;624375955;3137;284;3962;3968;8.00;0.49;230.45;3.62;825;7;1350.00;6
3144;7;624375966;3144;283;3962;3968;7.82;0.48;230.60;3.62;818;7;1351.00;6
3147;7;624375976;3147;286;3963;3968;7.69;0.47;230.90;3.61;816;7;1352.00;5
3149;7;624375985;3149;285;3963;3968;7.62;0.47;230.94;3.61;814;7;1353.00;5
3153;7;624375994;3153;283;3969;3974;7.59;0.47;231.15;3.61;816;7;1354.00;5
3156;7;624376003;3156;283;3970;3974;7.58;0.47;231.30;3.61;814;7;1355.00;4
3159;7;624376012;3159;285;3970;3974;7.52;0.46;231.39;3.61;811;7;1356.00;4
3166;7;624376021;3166;283;3970;3974;7.40;0.45;231.62;3.61;804;7;1357.00;4
3172;7;624376030;3172;284;3974;3978;7.28;0.45;231.92;3.61;802;7;1358.00;4
3176;7;624376039;3176;285;3975;3979;7.26;0.45;231.89;3.61;799;7;1359.00;4
3183;7;624376048;3183;274;3975;3979;7.17;0.44;232.00;3.61;792;7;1360.00;4
3190;7;624376057;3190;269;3976;3980;7.14;0.44;232.19;3.61;786;7;1361.00;4
3193;7;624376066;3193;268;3976;3980;7.17;0.44;232.40;3.61;783;7;1362.00;4
3197;7;624376074;3197;265;3976;3980;7.18;0.44;232.47;3.61;779;7;1363.00;4
3202;7;624376083;3202;264;3976;3980;7.22;0.45;232.70;3.61;774;7;1364.00;4
3209;7;624376091;3209;260;3976;3980;7.22;0.44;232.64;3.61;767;7;1365.00;4
3212;7;624376106;3212;260;3976;3980;7.23;0.44;232.69;3.61;764;7;1366.00;4
3218;7;624376114;3218;250;3976;3980;7.25;0.44;232.71;3.61;758;7;1367.00;4
3223;7;624376123;3223;251;4012;4050;7.42;0.45;232.90;3.57;789;7;1368.00;38
3224;7;624376137;3224;246;4016;4051;7.49;0.46;232.96;3.57;792;7;1369.00;35
3228;7;624376146;3228;239;4021;4051;7.58;0.46;233.17;3.57;793;7;1370.00;30
3231;7;624376156;3231;231;4023;4051;7.56;0.46;233.24;3.57;792;7;1371.00;28
3234;7;624376164;3234;234;4026;4051;7.58;0.46;233.37;3.57;792;7;1372.00;25
3236;7;624376173;3236;239;4027;4051;7.60;0.46;233.39;3.57;791;7;1373.00;24
3241;7;624376183;3241;243;4030;4051;7.58;0.46;233.35;3.57;789;7;1374.00;21
3243;7;624376192;3243;251;4033;4051;7.58;0.46;233.36;3.57;790;7;1375.00;18
3249;7;624376200;3249;255;4036;4052;7.48;0.46;233.43;3.58;787;7;1376.00;16
3252;7;624376210;3252;247;4038;4053;7.52;0.46;233.48;3.58;786;7;1377.00;15
3256;7;624376219;3256;251;4041;4053;7.48;0.46;233.49;3.59;785;7;1378.00;12
3259;7;624376229;3259;251;4046;4057;7.44;0.45;233.49;3.59;787;7;1379.00;11
3262;7;624376239;3262;257;4049;4057;7.38;0.45;233.50;3.59;787;7;1380.00;8
3268;7;624376249;3268;258;4049;4057;7.34;0.45;233.55;3.59;781;7;1381.00;8
3269;7;624376259;3269;261;4049;4057;7.35;0.45;233.55;3.59;780;7;1382.00;8
3273;7;624376268;3273;268;4055;4063;7.36;0.45;233.45;3.59;782;7;1383.00;8
3279;7;624376278;3279;265;4055;4063;7.30;0.45;233.54;3.59;776;7;1384.00;8
3282;7;624376288;3282;268;4055;4063;7.34;0.45;233.57;3.59;773;7;1385.00;8
3289;7;624376297;3289;272;4057;4066;7.28;0.44;233.81;3.58;768;7;1386.00;9
3293;7;624376307;3293;272;4059;4066;7.22;0.44;234.04;3.59;766;7;1387.00;7
3296;7;624376317;3296;274;4061;4066;7.24;0.44;234.13;3.62;765;7;1388.00;5
3299;7;624376326;3299;273;4062;4067;7.22;0.44;234.26;3.62;763;7;1389.00;5
3304;7;624376335;3304;274;4063;4068;7.20;0.44;234.41;3.62;759;7;1390.00;5
3309;7;624376345;3309;281;4064;4068;7.20;0.44;234.51;3.62;755;7;1391.00;4
3312;7;624376354;3312;282;4077;4081;7.26;0.44;234.60;3.61;765;7;1392.00;4
3314;7;624376363;3314;276;4077;4081;7.22;0.44;234.63;3.61;763;7;1393.00;4
3319;7;624376372;3319;278;4077;4081;7.17;0.44;234.59;3.61;758;7;1394.00;4
3325;7;624376381;3325;283;4079;4083;7.13;0.44;234.56;3.61;754;7;1395.00;4
3328;7;624376390;3328;283;4079;4083;7.12;0.43;234.51;3.61;751;7;1396.00;4
3332;7;624376399;3332;284;4083;4087;7.12;0.43;234.53;3.61;751;7;1397.00;4
3335;7;624376408;3335;288;4083;4087;7.02;0.43;234.46;3.61;748;7;1398.00;4
3337;7;624376417;3337;288;4087;4091;6.98;0.43;234.59;3.60;750;7;1399.00;4
3342;7;624376426;3342;291;4087;4091;6.93;0.42;234.59;3.60;745;7;1400.00;4
3344;7;624376439;3344;291;4087;4091;6.88;0.42;234.65;3.60;743;7;1401.00;4
3344;7;624376448;3344;297;4087;4091;6.82;0.42;234.65;3.60;743;7;1402.00;4
3346;7;624376456;3346;305;4088;4091;6.69;0.41;234.66;3.64;742;7;1403.00;3
3347;7;624376464;3347;312;4099;4103;6.75;0.41;234.62;3.63;752;7;1404.00;4
3349;7;624376475;3349;316;4099;4103;6.62;0.40;234.58;3.63;750;7;1405.00;4
3351;7;624376484;3351;324;4100;4103;6.53;0.40;234.75;3.63;749;7;1406.00;3
3352;7;624376493;3352;313;4100;4103;6.47;0.40;234.72;3.63;748;7;1407.00;3
3355;7;624376502;3355;315;4100;4103;6.42;0.39;234.83;3.63;745;7;1408.00;3
3357;7;624376510;3357;313;4100;4103;6.38;0.39;234.82;3.63;743;7;1409.00;3
3360;7;624376522;3360;314;4102;4104;6.36;0.39;234.91;3.65;742;7;1410.00;2
3363;7;624376537;3363;315;4102;4104;6.36;0.39;234.94;3.65;739;7;1411.00;2
3365;7;624376554;3365;313;4108;4110;6.38;0.39;234.97;3.65;743;7;1412.00;2
3368;7;624376567;3368;315;4109;4111;6.43;0.39;234.89;3.65;741;7;1413.00;2
3371;7;624376586;3371;319;4110;4111;6.47;0.40;234.96;3.68;739;7;1414.00;1
3373;7;624376600;3373;318;4110;4111;6.47;0.40;234.93;3.68;737;7;1415.00;1
3375;7;624376614;3375;311;4114;4115;6.57;0.40;234.88;3.67;739;7;1416.00;1
3376;7;624376631;3376;305;4114;4115;6.68;0.41;234.85;3.67;738;7;1417.00;1
3377;7;624376643;3377;304;4114;4115;6.74;0.41;234.85;3.67;737;7;1418.00;1
3378;7;624376653;3378;299;4115;4116;6.89;0.42;234.81;3.67;737;7;1419.00;1
3381;7;624376671;3381;298;4119;4120;6.98;0.43;234.75;3.67;738;7;1420.00;1
3383;7;624376681;3383;291;4119;4120;7.13;0.44;234.66;3.67;736;7;1421.00;1
3387;7;624376691;3387;287;4121;4123;7.23;0.44;234.56;3.67;734;7;1422.00;2
3390;7;624376702;3390;281;4121;4123;7.30;0.44;234.50;3.67;731;7;1423.00;2
3391;7;624376711;3391;273;4122;4123;7.40;0.45;234.47;3.67;731;7;1424.00;1
3392;7;624376721;3392;273;4122;4123;7.49;0.46;234.41;3.67;730;7;1425.00;1
3394;7;624376731;3394;272;4126;4127;7.57;0.46;234.30;3.67;732;7;1426.00;1
3395;7;624376742;3395;274;4126;4127;7.63;0.46;234.28;3.67;731;7;1427.00;1
3397;7;624376752;3397;273;4126;4127;7.69;0.47;234.33;3.67;729;7;1428.00;1
3399;7;624376761;3399;267;4126;4127;7.76;0.47;234.31;3.67;727;7;1429.00;1
3401;7;624376771;3401;266;4127;4128;7.85;0.48;234.30;3.67;726;7;1430.00;1
3402;7;624376781;3402;270;4128;4129;7.94;0.48;234.24;3.66;726;7;1431.00;1
3404;7;624376790;3404;271;4128;4129;8.00;0.49;234.17;3.66;724;7;1432.00;1
3406;7;624376799;3406;268;4129;4130;8.06;0.49;234.17;3.66;723;7;1433.00;1
3407;7;624376809;3407;268;4129;4130;8.07;0.49;234.21;3.66;722;7;1434.00;1
3409;7;624376820;3409;258;4129;4130;8.16;0.49;234.19;3.66;720;7;1435.00;1
3410;7;624376829;3410;243;4129;4130;8.30;0.50;234.14;3.66;719;7;1436.00;1
3410;7;624376839;3410;229;4129;4130;8.45;0.51;234.14;3.66;719;7;1437.00;1
3411;7;624376848;3411;223;4130;4130;8.55;0.52;234.12;3.68;719;7;1438.00;0
3413;7;624376858;3413;213;4130;4130;8.71;0.53;234.08;3.68;717;7;1439.00;0
3414;7;624376869;3414;251;4246;4360;8.70;0.54;234.08;3.58;832;7;1440.00;114
3415;7;624376903;3415;238;4251;4361;8.82;0.55;234.16;3.58;836;7;1441.00;110
3418;7;624376914;3418;213;4260;4361;8.95;0.56;234.11;3.57;842;7;1442.00;101
3419;7;624376925;3419;208;4265;4361;9.10;0.56;234.08;3.57;846;7;1443.00;96
3419;7;624376935;3419;199;4272;4361;9.18;0.57;234.08;3.57;853;7;1444.00;89
3420;7;624376952;3420;199;4276;4361;9.24;0.57;234.09;3.58;856;7;1445.00;85
3421;7;624376970;3421;191;4283;4361;9.35;0.58;234.12;3.58;862;7;1446.00;78
3421;7;624376987;3421;190;4289;4361;9.44;0.58;234.12;3.58;868;7;1447.00;72
3424;7;624376998;3424;195;4294;4362;9.49;0.58;234.27;3.59;870;7;1448.00;68
3424;7;624377009;3424;195;4297;4363;9.52;0.59;234.27;3.59;873;7;1449.00;66
3425;7;624377020;3425;194;4302;4363;9.51;0.58;234.28;3.60;877;7;1450.00;61
3428;7;624377031;3428;198;4304;4364;9.53;0.59;234.32;3.60;876;7;1451.00;60
3429;7;624377042;3429;206;4308;4364;9.51;0.58;234.30;3.61;879;7;1452.00;56
3429;7;624377054;3429;212;4309;4364;9.52;0.58;234.30;3.61;880;7;1453.00;55
3430;7;624377065;3430;214;4311;4364;9.52;0.58;234.27;3.62;881;7;1454.00;53
3431;7;624377077;3431;216;4312;4368;9.48;0.58;234.29;3.62;881;7;1455.00;56
3435;7;624377088;3435;227;4313;4368;9.41;0.58;234.21;3.62;878;7;1456.00;55
3436;7;624377100;3436;231;4313;4368;9.37;0.57;234.29;3.62;877;7;1457.00;55
3438;7;624377111;3438;232;4314;4371;9.30;0.57;234.42;3.61;876;7;1458.00;57
3439;7;624377123;3439;232;4314;4371;9.27;0.57;234.37;3.61;875;7;1459.00;57
3443;7;624377135;3443;237;4315;4371;9.26;0.57;234.33;3.62;872;7;1460.00;56
3450;7;624377147;3450;233;4318;4375;9.22;0.56;234.47;3.62;868;7;1461.00;57
3452;8;624377159;3452;228;4319;4376;9.24;0.56;234.44;3.62;867;8;1462.00;57
3454;8;624377183;3454;224;4323;4376;9.29;0.57;234.49;3.63;869;8;1463.00;53
3457;8;624377206;3457;220;4325;4380;9.39;0.57;234.40;3.63;868;8;1464.00;55
3460;8;624377224;3460;220;4328;4380;9.44;0.58;234.34;3.65;868;8;1465.00;52
3462;8;624377236;3462;213;4328;4380;9.46;0.58;234.41;3.65;866;8;1466.00;52
3464;8;624377247;3464;207;4328;4381;9.51;0.58;234.32;3.65;864;8;1467.00;53
3470;8;624377259;3470;203;4328;4381;9.54;0.58;234.45;3.65;858;8;1468.00;53
3472;8;624377271;3472;199;4331;4387;9.65;0.59;234.51;3.65;859;8;1469.00;56
3473;8;624377292;3473;192;4332;4387;9.73;0.59;234.54;3.65;859;8;1470.00;55
3476;8;624377302;3476;186;4333;4388;9.76;0.59;234.55;3.65;857;8;1471.00;55
3482;8;624377321;3482;184;4333;4388;9.75;0.59;234.57;3.65;851;8;1472.00;55
3484;8;624377333;3484;183;4334;4388;9.79;0.60;234.63;3.66;850;8;1473.00;54
3486;8;624377344;3486;183;4334;4388;9.82;0.60;234.59;3.66;848;8;1474.00;54
3489;8;624377356;3489;183;4335;4388;9.88;0.60;234.66;3.66;846;8;1475.00;53
3491;8;624377374;3491;185;4343;4400;9.86;0.60;234.78;3.66;852;8;1476.00;57
3492;8;624377387;3492;181;4344;4400;9.88;0.60;234.86;3.67;852;8;1477.00;56
3494;8;624377404;3494;181;4346;4400;9.88;0.60;234.88;3.67;852;8;1478.00;54
3496;8;624377416;3496;180;4347;4400;9.82;0.60;234.88;3.68;851;8;1479.00;53
3499;8;624377428;3499;185;4348;4400;9.87;0.60;235.07;3.69;849;8;1480.00;52
3500;8;624377439;3500;186;4350;4400;9.83;0.60;235.16;3.71;850;8;1481.00;50
3504;8;624377451;3504;190;4356;4404;9.77;0.59;235.21;3.72;852;8;1482.00;48
3508;9;624377463;3508;190;4358;4404;9.70;0.59;235.28;3.73;850;9;1483.00;46
3511;9;624377484;3511;186;4362;4408;9.65;0.59;235.52;3.75;851;9;1484.00;46
3511;9;624377496;3511;191;4364;4410;9.61;0.59;235.52;3.75;853;9;1485.00;46
3514;9;624377508;3514;194;4366;4410;9.53;0.58;235.54;3.76;852;9;1486.00;44
3515;9;624377519;3515;198;4367;4410;9.49;0.58;235.53;3.77;852;9;1487.00;43
3519;9;624377531;3519;204;4377;4423;9.41;0.57;235.73;3.78;858;9;1488.00;46
3520;9;624377549;3520;212;4380;4423;9.34;0.57;235.69;3.79;860;9;1489.00;43
3523;9;624377561;3523;218;4385;4423;9.19;0.56;235.89;3.83;862;9;1490.00;38
3526;9;624377573;3526;222;4386;4424;9.14;0.56;235.98;3.83;860;9;1491.00;38
3530;9;624377584;3530;230;4389;4425;9.04;0.55;235.89;3.86;859;9;1492.00;36
3533;9;624377595;3533;242;4391;4425;8.99;0.55;236.02;3.87;858;9;1493.00;34
3536;9;624377605;3536;250;4395;4428;8.98;0.55;236.03;3.89;859;9;1494.00;33
3537;9;624377616;3537;253;4397;4428;9.00;0.55;235.99;3.90;860;9;1495.00;31
3539;9;624377627;3539;257;4398;4428;8.94;0.55;236.06;3.91;859;9;1496.00;30
3543;9;624377638;3543;259;4399;4428;8.88;0.54;236.05;3.92;856;9;1497.00;29
3546;9;624377649;3546;262;4406;4434;8.87;0.54;236.20;3.94;860;9;1498.00;28
3550;9;624377661;3550;271;4408;4434;8.83;0.54;236.26;3.95;858;9;1499.00;26
3552;9;624377674;3552;270;4413;4453;8.75;0.53;236.28;3.96;861;9;1500.00;40
3554;9;624377692;3554;272;4414;4453;8.70;0.53;236.27;3.96;860;9;1501.00;39
3555;9;624377703;3555;278;4419;4457;8.60;0.53;236.38;3.97;864;9;1502.00;38
3558;9;624377713;3558;282;4421;4458;8.53;0.52;236.56;3.97;863;9;1503.00;37
3563;9;624377724;3563;287;4422;4458;8.44;0.52;236.79;3.98;859;9;1504.00;36
3565;9;624377735;3565;292;4425;4459;8.35;0.51;236.86;3.98;860;9;1505.00;34
3567;9;624377746;3567;296;4427;4459;8.28;0.51;236.88;3.99;860;9;1506.00;32
3571;9;624377756;3571;302;4428;4459;8.16;0.50;236.96;3.99;857;9;1507.00;31
3574;9;624377767;3574;308;4428;4459;8.12;0.50;237.10;3.99;854;9;1508.00;31
3577;9;624377777;3577;304;4429;4459;8.08;0.49;237.20;3.99;852;9;1509.00;30
3579;9;624377787;3579;302;4431;4459;8.05;0.49;237.29;4.00;852;9;1510.00;28
3581;9;624377797;3581;300;4433;4459;7.99;0.49;237.34;4.00;852;9;1511.00;26
3583;9;624377813;3583;308;4473;4529;7.86;0.48;237.46;3.97;890;9;1512.00;56
3587;9;624377828;3587;302;4476;4530;7.81;0.48;237.39;3.97;889;9;1513.00;54
3593;9;624377839;3593;300;4481;4530;7.77;0.48;237.54;3.97;888;9;1514.00;49
3595;9;624377849;3595;299;4483;4530;7.78;0.48;237.61;3.97;888;9;1515.00;47
3598;9;624377859;3598;303;4488;4530;7.80;0.48;237.68;3.97;890;9;1516.00;42
3601;9;624377870;3601;305;4491;4530;7.85;0.48;237.77;3.98;890;9;1517.00;39
3603;9;624377880;3603;302;4496;4530;7.85;0.48;237.72;3.98;893;9;1518.00;34
3605;9;624377891;3605;305;4497;4530;7.83;0.48;237.77;3.98;892;9;1519.00;33
3607;9;624377901;3607;312;4498;4531;7.90;0.48;237.77;3.98;891;9;1520.00;33
3610;9;624377911;3610;309;4500;4532;7.88;0.48;237.83;3.98;890;9;1521.00;32
3614;9;624377922;3614;314;4501;4532;7.76;0.47;237.89;3.99;887;9;1522.00;31
3617;9;624377933;3617;315;4506;4536;7.59;0.46;237.91;3.99;889;9;1523.00;30
3619;9;624377944;3619;316;4506;4536;7.52;0.46;238.06;3.99;887;9;1524.00;30
3625;9;624377954;3625;321;4506;4536;7.37;0.45;238.12;3.99;881;9;1525.00;30
3626;9;624377964;3626;324;4506;4536;7.19;0.44;238.16;3.99;880;9;1526.00;30
3627;9;624377979;3627;330;4511;4542;7.10;0.44;238.21;3.99;884;9;1527.00;31
3633;9;624378011;3633;337;4511;4542;6.87;0.42;238.43;3.99;878;9;1528.00;31
3636;9;624378021;3636;338;4512;4542;6.71;0.41;238.42;4.00;876;9;1529.00;30
3639;9;624378033;3639;327;4516;4548;6.60;0.41;238.56;4.00;877;9;1530.00;32
3646;9;624378043;3646;329;4516;4548;6.50;0.40;238.79;4.00;870;9;1531.00;32
3648;9;624378053;3648;326;4518;4548;6.48;0.40;238.84;4.01;870;9;1532.00;30
3652;9;624378062;3652;323;4520;4549;6.45;0.40;238.88;4.01;868;9;1533.00;29
3658;9;624378072;3658;321;4522;4550;6.46;0.40;239.03;4.02;864;9;1534.00;28
3662;9;624378082;3662;312;4524;4550;6.51;0.40;239.02;4.02;862;9;1535.00;26
3666;9;624378091;3666;313;4535;4563;6.57;0.40;239.01;4.01;869;9;1536.00;28
3670;9;624378102;3670;315;4536;4563;6.62;0.41;239.12;4.01;866;9;1537.00;27
3672;9;624378112;3672;309;4538;4563;6.73;0.41;239.11;4.02;866;9;1538.00;25
3674;9;624378122;3674;302;4540;4564;6.73;0.41;239.19;4.03;866;9;1539.00;24
3678;9;624378132;3678;302;4542;4564;6.73;0.41;239.28;4.04;864;9;1540.00;22
3682;9;624378141;3682;298;4546;4568;6.74;0.41;239.44;4.04;864;9;1541.00;22
3685;9;624378152;3685;306;4549;4568;6.75;0.41;239.48;4.04;864;9;1542.00;19
3691;9;624378161;3691;298;4554;4572;6.73;0.41;239.56;4.04;863;9;1543.00;18
3697;9;624378172;3697;295;4555;4572;6.76;0.41;239.72;4.04;858;9;1544.00;17
3700;9;624378182;3700;298;4555;4572;6.80;0.41;239.78;4.04;855;9;1545.00;17
3703;9;624378191;3703;304;4555;4572;6.87;0.42;239.93;4.04;852;9;1546.00;17
3706;9;624378201;3706;305;4556;4572;6.85;0.42;239.95;4.04;850;9;1547.00;16
3710;9;624378210;3710;305;4567;4584;6.92;0.42;240.08;4.03;857;9;1548.00;17
3714;9;624378221;3714;309;4567;4584;6.90;0.42;239.99;4.03;853;9;1549.00;17
3719;9;624378231;3719;312;4568;4584;6.87;0.42;240.28;4.03;849;9;1550.00;16
3723;9;624378241;3723;321;4568;4584;6.85;0.42;240.51;4.03;845;9;1551.00;16
3725;9;624378251;3725;318;4568;4584;6.79;0.42;240.47;4.03;843;9;1552.00;16
3730;9;624378260;3730;323;4568;4584;6.67;0.41;240.54;4.03;838;9;1553.00;16
3733;10;624378270;3733;320;4569;4585;6.59;0.40;240.54;4.03;836;10;1554.00;16
3739;10;624378287;3739;324;4571;4587;6.48;0.40;240.62;4.03;832;10;1555.00;16
3742;10;624378296;3742;323;4577;4593;6.40;0.39;240.56;4.03;835;10;1556.00;16
3747;10;624378306;3747;323;4578;4594;6.31;0.39;240.52;4.03;831;10;1557.00;16
3750;10;624378316;3750;326;4578;4594;6.27;0.38;240.53;4.03;828;10;1558.00;16
3756;10;624378324;3756;328;4578;4594;6.15;0.38;240.48;4.03;822;10;1559.00;16
3757;10;624378335;3757;331;4583;4599;6.16;0.38;240.51;4.02;826;10;1560.00;16
3758;10;624378345;3758;337;4583;4599;6.15;0.38;240.48;4.02;825;10;1561.00;16
3761;10;624378354;3761;339;4583;4599;6.10;0.37;240.42;4.02;822;10;1562.00;16
3766;10;624378363;3766;343;4584;4600;6.09;0.37;240.36;4.02;818;10;1563.00;16
3769;10;624378372;3769;350;4588;4604;6.06;0.37;240.36;4.02;819;10;1564.00;16
3770;10;624378381;3770;353;4588;4604;6.01;0.37;240.37;4.02;818;10;1565.00;16
3773;10;624378391;3773;354;4590;4607;6.01;0.37;240.41;4.02;817;10;1566.00;17
3779;10;624378400;3779;354;4591;4607;5.95;0.36;240.26;4.02;812;10;1567.00;16
3783;10;624378409;3783;358;4591;4607;5.86;0.36;240.24;4.02;808;10;1568.00;16
3786;10;624378418;3786;358;4592;4607;5.79;0.35;240.14;4.04;806;10;1569.00;15
3792;10;624378427;3792;362;4596;4611;5.79;0.35;240.12;4.04;804;10;1570.00;15
3794;10;624378436;3794;359;4596;4611;5.74;0.35;240.08;4.04;802;10;1571.00;15
3795;10;624378445;3795;363;4596;4611;5.73;0.35;240.03;4.04;801;10;1572.00;15
3799;10;624378454;3799;367;4596;4611;5.72;0.35;240.07;4.04;797;10;1573.00;15
3800;10;624378462;3800;370;4597;4612;5.73;0.35;240.04;4.04;797;10;1574.00;15
3802;10;624378473;3802;380;4599;4614;5.77;0.35;239.97;4.04;797;10;1575.00;15
3803;10;624378482;3803;381;4599;4614;5.70;0.35;239.94;4.04;796;10;1576.00;15
3804;10;624378491;3804;372;4600;4615;5.75;0.35;239.98;4.04;796;10;1577.00;15
3807;10;624378500;3807;365;4600;4615;5.72;0.35;240.08;4.04;793;10;1578.00;15
3809;10;624378509;3809;362;4600;4615;5.74;0.35;240.05;4.04;791;10;1579.00;15
3814;10;624378518;3814;353;4600;4615;5.72;0.35;240.12;4.04;786;10;1580.00;15
3815;10;624378532;3815;351;4600;4615;5.79;0.35;240.12;4.04;785;10;1581.00;15
3815;10;624378545;3815;352;4600;4615;5.88;0.36;240.12;4.04;785;10;1582.00;15
3816;10;624378559;3816;352;4600;4615;5.97;0.36;240.10;4.04;784;10;1583.00;15
3817;10;624378581;3817;367;4670;4742;6.42;0.40;240.11;3.98;853;10;1584.00;72
3818;10;624378609;3818;364;4673;4743;6.46;0.40;240.11;3.98;855;10;1585.00;70
3819;10;624378631;3819;341;4682;4743;6.62;0.41;240.09;3.97;863;10;1586.00;61
3820;10;624378643;3820;319;4686;4743;6.75;0.42;240.10;3.97;866;10;1587.00;57
3822;10;624378661;3822;299;4692;4743;6.87;0.42;240.02;3.97;870;10;1588.00;51
3823;10;624378673;3823;282;4695;4743;7.01;0.43;240.04;3.97;872;10;1589.00;48
3823;10;624378686;3823;272;4698;4743;7.13;0.44;240.04;3.97;875;10;1590.00;45
3823;10;624378697;3823;263;4700;4743;7.29;0.45;240.04;3.97;877;10;1591.00;43
3825;10;624378709;3825;254;4702;4744;7.48;0.46;240.08;3.98;877;10;1592.00;42
3825;10;624378722;3825;250;4706;4745;7.63;0.47;240.08;4.01;881;10;1593.00;39
3826;10;624378734;3826;250;4707;4745;7.79;0.48;240.11;4.01;881;10;1594.00;38
3827;10;624378747;3827;250;4709;4746;7.91;0.49;240.08;4.02;882;10;1595.00;37
3827;10;624378758;3827;255;4711;4746;8.08;0.50;240.08;4.02;884;10;1596.00;35
3828;10;624378771;3828;253;4711;4746;8.15;0.50;240.05;4.02;883;10;1597.00;35
3830;10;624378790;3830;252;4713;4746;8.22;0.50;240.06;4.02;883;10;1598.00;33
3832;10;624378811;3832;260;4718;4750;8.30;0.51;240.07;4.03;886;10;1599.00;32
3832;10;624378825;3832;259;4720;4750;8.34;0.51;240.07;4.03;888;10;1600.00;30
3833;10;624378852;3833;255;4723;4750;8.36;0.51;240.06;4.03;890;10;1601.00;27
3836;10;624378866;3836;251;4725;4753;8.38;0.51;239.98;4.04;889;10;1602.00;28
3838;10;624378878;3838;252;4726;4753;8.37;0.51;239.94;4.04;888;10;1603.00;27
3839;10;624378897;3839;250;4727;4753;8.47;0.52;239.92;4.04;888;10;1604.00;26
3839;10;624378911;3839;248;4731;4757;8.53;0.52;239.92;4.04;892;10;1605.00;26
3841;10;624378923;3841;248;4734;4758;8.58;0.52;239.86;4.05;893;10;1606.00;24
3844;10;624378936;3844;238;4734;4758;8.68;0.53;239.98;4.05;890;10;1607.00;24
3847;10;624378947;3847;232;4738;4762;8.84;0.54;239.90;4.05;891;10;1608.00;24
3852;10;624378960;3852;233;4739;4762;8.89;0.54;239.99;4.05;887;10;1609.00;23
3855;10;624378973;3855;227;4739;4762;8.92;0.54;240.02;4.05;884;10;1610.00;23
3857;10;624378993;3857;231;4740;4763;9.03;0.55;239.99;4.05;883;10;1611.00;23
3860;10;624379006;3860;226;4740;4763;9.11;0.55;239.98;4.05;880;10;1612.00;23
3861;10;624379017;3861;220;4745;4769;9.18;0.56;239.96;4.04;884;10;1613.00;24
3863;10;624379030;3863;213;4745;4769;9.26;0.56;240.04;4.04;882;10;1614.00;24
3866;10;624379043;3866;218;4745;4770;9.33;0.56;240.05;4.04;879;10;1615.00;25
3868;10;624379055;3868;212;4745;4770;9.32;0.56;240.04;4.04;877;10;1616.00;25
3869;10;624379067;3869;209;4746;4770;9.36;0.57;240.01;4.08;877;10;1617.00;24
3870;10;624379079;3870;210;4746;4770;9.37;0.57;240.10;4.08;876;10;1618.00;24
3870;10;624379091;3870;211;4746;4770;9.44;0.57;240.10;4.08;876;10;1619.00;24
3873;10;624379105;3873;209;4771;4806;9.46;0.58;240.07;4.06;898;10;1620.00;35
3877;10;624379120;3877;209;4772;4806;9.52;0.58;240.08;4.06;895;10;1621.00;34
3878;10;624379132;3878;211;4775;4806;9.61;0.58;240.06;4.06;897;10;1622.00;31
3880;10;624379150;3880;206;4775;4806;9.66;0.59;240.16;4.06;895;10;1623.00;31
3882;10;624379162;3882;203;4776;4806;9.74;0.59;240.18;4.06;894;10;1624.00;30
3883;10;624379175;3883;206;4777;4806;9.80;0.60;240.17;4.06;894;10;1625.00;29
3886;10;624379187;3886;197;4780;4810;9.83;0.60;240.21;4.06;894;10;1626.00;30
3890;10;624379199;3890;199;4780;4810;9.91;0.60;240.18;4.06;890;10;1627.00;30
3894;10;624379212;3894;202;4784;4814;9.99;0.60;240.28;4.05;890;10;1628.00;30
3899;10;624379226;3899;202;4785;4815;9.95;0.60;240.43;4.05;886;10;1629.00;30
3901;10;624379239;3901;195;4785;4815;9.83;0.60;240.46;4.05;884;10;1630.00;30
3904;10;624379251;3904;191;4785;4815;9.74;0.59;240.49;4.05;881;10;1631.00;30
3906;10;624379262;3906;191;4796;4828;9.67;0.59;240.53;4.08;890;10;1632.00;32
3906;10;624379276;3906;190;4797;4828;9.65;0.58;240.53;4.08;891;10;1633.00;31
3910;10;624379288;3910;187;4797;4828;9.59;0.58;240.53;4.08;887;10;1634.00;31
3912;10;624379300;3912;181;4800;4829;9.59;0.58;240.58;4.13;888;10;1635.00;29
3914;10;624379314;3914;182;4800;4830;9.60;0.58;240.55;4.13;886;10;1636.00;30
3917;10;624379326;3917;184;4800;4830;9.63;0.58;240.59;4.13;883;10;1637.00;30
3920;10;624379337;3920;183;4802;4833;9.68;0.59;240.60;4.13;882;10;1638.00;31
3923;10;624379350;3923;190;4803;4833;9.71;0.59;240.57;4.13;880;10;1639.00;30
3927;10;624379377;3927;193;4803;4833;9.73;0.59;240.53;4.13;876;10;1640.00;30
3929;10;624379388;3929;192;4803;4833;9.75;0.59;240.57;4.13;874;10;1641.00;30
3932;10;624379400;3932;192;4808;4839;9.75;0.59;240.61;4.13;876;10;1642.00;31
3934;10;624379418;3934;193;4808;4839;9.76;0.59;240.55;4.13;874;10;1643.00;31
3936;10;624379430;3936;197;4808;4839;9.70;0.59;240.60;4.13;872;10;1644.00;31
3942;10;624379441;3942;198;4808;4839;9.64;0.59;240.71;4.13;866;10;1645.00;31
3942;10;624379452;3942;201;4811;4843;9.52;0.58;240.71;4.12;869;10;1646.00;32
3944;10;624379463;3944;199;4812;4844;9.51;0.58;240.68;4.12;868;10;1647.00;32
3947;10;624379476;3947;202;4812;4844;9.47;0.57;240.67;4.12;865;10;1648.00;32
3948;10;624379487;3948;208;4813;4845;9.45;0.58;240.75;4.12;865;10;1649.00;32
3950;10;624379501;3950;210;4814;4845;9.45;0.58;240.81;4.14;864;10;1650.00;31
3952;10;624379512;3952;213;4814;4845;9.43;0.57;240.82;4.14;862;10;1651.00;31
3954;10;624379525;3954;213;4814;4845;9.49;0.58;240.73;4.14;860;10;1652.00;31
3955;10;624379537;3955;211;4814;4845;9.55;0.58;240.75;4.14;859;10;1653.00;31
3956;10;624379552;3956;211;4814;4845;9.52;0.58;240.82;4.14;858;10;1654.00;31
3958;10;624379564;3958;208;4814;4845;9.45;0.58;240.80;4.14;856;10;1655.00;31
3961;10;624379575;3961;218;4851;4915;9.47;0.58;240.93;4.11;890;10;1656.00;64
3964;10;624379592;3964;215;4852;4916;9.41;0.58;241.01;4.11;888;10;1657.00;64
3968;10;624379603;3968;212;4857;4916;9.46;0.58;241.15;4.11;889;10;1658.00;59
3970;10;624379614;3970;215;4860;4916;9.43;0.58;241.21;4.11;890;10;1659.00;56
3978;10;624379625;3978;220;4866;4916;9.39;0.57;241.41;4.12;888;10;1660.00;50
3982;10;624379636;3982;223;4868;4916;9.35;0.57;241.38;4.13;886;10;1661.00;48
3983;10;624379648;3983;226;4871;4916;9.35;0.57;241.43;4.13;888;10;1662.00;45
3985;10;624379659;3985;228;4876;4916;9.32;0.57;241.39;4.16;891;10;1663.00;40
3987;10;624379670;3987;232;4877;4917;9.31;0.57;241.38;4.16;890;10;1664.00;40
3988;10;624379686;3988;236;4882;4919;9.29;0.57;241.37;4.18;894;10;1665.00;37
3993;10;624379697;3993;235;4885;4919;9.25;0.56;241.42;4.18;892;10;1666.00;34
3994;10;624379708;3994;234;4890;4923;9.20;0.56;241.51;4.19;896;10;1667.00;33
3998;10;624379719;3998;238;4892;4923;9.17;0.56;241.57;4.19;894;10;1668.00;31
3999;10;624379730;3999;243;4894;4923;9.08;0.55;241.62;4.21;895;10;1669.00;29
4003;10;624379740;4003;247;4894;4923;9.08;0.55;241.77;4.21;891;10;1670.00;29
4007;10;624379752;4007;248;4900;4929;9.07;0.55;241.79;4.20;893;10;1671.00;29
4009;10;624379764;4009;255;4901;4929;9.06;0.55;241.81;4.21;892;10;1672.00;28
4013;10;624379775;4013;260;4901;4929;9.01;0.55;241.88;4.21;888;10;1673.00;28
4015;10;624379786;4015;264;4904;4932;9.02;0.55;241.90;4.22;889;10;1674.00;28
4017;10;624379797;4017;266;4904;4932;8.94;0.54;241.96;4.22;887;10;1675.00;28
4020;10;624379808;4020;270;4905;4932;8.83;0.54;242.22;4.22;885;10;1676.00;27
4021;10;624379819;4021;274;4908;4933;8.67;0.53;242.31;4.25;887;10;1677.00;25
4022;10;624379829;4022;278;4909;4934;8.57;0.52;242.37;4.25;887;10;1678.00;25
4026;10;624379839;4026;279;4909;4934;8.44;0.52;242.35;4.25;883;10;1679.00;25
4031;10;624379851;4031;281;4927;4960;8.25;0.50;242.47;4.24;896;10;1680.00;33
4035;10;624379864;4035;279;4927;4960;8.18;0.50;242.50;4.24;892;10;1681.00;33
4037;10;624379875;4037;273;4929;4960;8.11;0.49;242.52;4.24;892;10;1682.00;31
4039;10;624379884;4039;275;4935;4961;8.03;0.49;242.69;4.26;896;10;1683.00;26
4041;10;624379895;4041;278;4935;4961;7.96;0.49;242.71;4.26;894;10;1684.00;26
4045;10;624379905;4045;275;4941;4965;7.90;0.48;242.75;4.26;896;10;1685.00;24
4047;10;624379915;4047;280;4942;4965;7.85;0.48;242.78;4.27;895;10;1686.00;23
4049;10;624379925;4049;285;4946;4969;7.74;0.47;242.83;4.27;897;10;1687.00;23
4052;10;624379936;4052;285;4946;4969;7.66;0.47;242.91;4.27;894;10;1688.00;23
4055;10;624379946;4055;293;4948;4969;7.63;0.47;242.88;4.27;893;10;1689.00;21
4058;10;624379956;4058;298;4949;4969;7.55;0.46;242.93;4.27;891;10;1690.00;20
4060;10;624379972;4060;302;4950;4969;7.45;0.46;243.00;4.27;890;10;1691.00;19
4063;10;624379982;4063;304;4960;4981;7.42;0.46;243.00;4.26;897;10;1692.00;21
4068;10;624379994;4068;305;4961;4981;7.28;0.45;243.07;4.27;893;10;1693.00;20
4072;10;624380004;4072;305;4963;4981;7.18;0.44;243.18;4.26;891;10;1694.00;18
4075;10;624380015;4075;307;4963;4981;7.09;0.44;243.20;4.26;888;10;1695.00;18
4077;10;624380026;4077;311;4963;4981;7.01;0.43;243.20;4.26;886;10;1696.00;18
4084;10;624380037;4084;314;4963;4981;6.86;0.42;243.13;4.26;879;10;1697.00;18
4091;10;624380047;4091;324;4964;4982;6.71;0.41;243.28;4.26;873;10;1698.00;18
4097;10;624380057;4097;329;4964;4982;6.47;0.40;243.42;4.26;867;10;1699.00;18
4100;10;624380068;4100;330;4970;4988;6.46;0.40;243.48;4.26;870;10;1700.00;18
4105;10;624380082;4105;328;4971;4989;6.36;0.39;243.68;4.26;866;10;1701.00;18
4108;10;624380092;4108;320;4971;4989;6.23;0.38;243.79;4.26;863;10;1702.00;18
4110;10;624380101;4110;321;4971;4989;6.19;0.38;243.89;4.26;861;10;1703.00;18
4113;10;624380109;4113;314;4975;4993;6.15;0.38;243.93;4.26;862;10;1704.00;18
4115;10;624380119;4115;314;4975;4993;6.14;0.38;244.03;4.26;860;10;1705.00;18
4119;10;624380127;4119;307;4975;4993;6.13;0.38;244.09;4.26;856;10;1706.00;18
4122;10;624380136;4122;303;4976;4994;6.11;0.38;244.17;4.25;854;10;1707.00;18
4125;10;624380145;4125;305;4980;4998;6.17;0.38;244.21;4.25;855;10;1708.00;18
4129;10;624380154;4129;299;4980;4998;6.20;0.38;244.15;4.25;851;10;1709.00;18
4130;10;624380164;4130;298;4984;5004;6.30;0.39;244.21;4.25;854;10;1710.00;20
4132;10;624380173;4132;299;4984;5004;6.31;0.39;244.16;4.25;852;10;1711.00;20
4133;10;624380182;4133;296;4986;5004;6.36;0.39;244.13;4.25;853;10;1712.00;18
4136;10;624380191;4136;295;4986;5004;6.34;0.39;244.13;4.25;850;10;1713.00;18
4139;10;624380200;4139;296;4990;5008;6.41;0.39;244.20;4.25;851;10;1714.00;18
4143;10;624380210;4143;306;4990;5008;6.42;0.39;244.26;4.25;847;10;1715.00;18
4147;10;624380219;4147;308;4990;5008;6.47;0.40;244.23;4.25;843;10;1716.00;18
4151;10;624380227;4151;314;4990;5008;6.46;0.40;244.31;4.25;839;10;1717.00;18
4155;10;624380236;4155;314;4991;5009;6.41;0.39;244.36;4.24;836;10;1718.00;18
4159;10;624380245;4159;315;4992;5010;6.44;0.39;244.32;4.24;833;10;1719.00;18
4167;10;624380254;4167;320;4992;5010;6.33;0.39;244.23;4.24;825;10;1720.00;18
4173;10;624380263;4173;317;4993;5011;6.20;0.38;244.07;4.24;820;10;1721.00;18
4177;10;624380272;4177;312;4994;5011;6.14;0.37;243.99;4.30;817;10;1722.00;17
4182;10;624380281;4182;318;4994;5011;6.06;0.37;243.91;4.30;812;10;1723.00;17
4184;10;624380290;4184;315;4994;5011;5.97;0.36;243.91;4.30;810;10;1724.00;17
4187;10;624380298;4187;313;4994;5011;5.90;0.36;243.90;4.30;807;10;1725.00;17
4190;10;624380307;4190;316;4994;5011;5.85;0.36;243.96;4.30;804;10;1726.00;17
4192;10;624380316;4192;316;4994;5011;5.84;0.36;243.95;4.30;802;10;1727.00;17
4195;10;624380324;4195;327;5071;5138;6.23;0.39;243.91;4.23;876;10;1728.00;67
4201;10;624380341;4201;327;5074;5139;6.20;0.39;243.81;4.23;873;10;1729.00;65
4202;10;624380351;4202;318;5080;5139;6.28;0.39;243.79;4.23;878;10;1730.00;59
4207;10;624380360;4207;319;5080;5139;6.26;0.39;243.88;4.23;873;10;1731.00;59
4211;10;624380369;4211;321;5086;5139;6.29;0.39;243.87;4.23;875;10;1732.00;53
4213;10;624380378;4213;325;5090;5139;6.31;0.39;243.90;4.23;877;10;1733.00;49
4216;10;624380387;4216;324;5094;5139;6.27;0.39;243.97;4.23;878;10;1734.00;45
4220;10;624380397;4220;326;5096;5139;6.23;0.38;243.98;4.23;876;10;1735.00;43
4221;10;624380406;4221;324;5098;5140;6.23;0.38;244.02;4.23;877;10;1736.00;42
4225;10;624380416;4225;327;5100;5141;6.14;0.38;244.03;4.24;875;10;1737.00;41
4227;10;624380425;4227;333;5102;5141;6.15;0.38;244.08;4.24;875;10;1738.00;39
4229;10;624380435;4229;321;5107;5142;6.12;0.38;244.10;4.30;878;10;1739.00;35
4231;10;624380446;4231;322;5110;5142;6.14;0.38;244.13;4.30;879;10;1740.00;32
4232;10;624380455;4232;318;5112;5142;6.20;0.38;244.13;4.31;880;10;1741.00;30
4235;10;624380465;4235;321;5114;5142;6.31;0.39;244.28;4.31;879;10;1742.00;28
4237;10;624380476;4237;314;5119;5146;6.38;0.39;244.39;4.31;882;10;1743.00;27
4238;10;624380486;4238;311;5120;5146;6.41;0.40;244.41;4.32;882;10;1744.00;26
4240;10;624380496;4240;316;5122;5146;6.45;0.40;244.43;4.32;882;10;1745.00;24
4242;10;624380511;4242;315;5124;5149;6.50;0.40;244.48;4.32;882;10;1746.00;25
4245;10;624380522;4245;305;5127;5149;6.63;0.41;244.44;4.32;882;10;1747.00;22
4246;10;624380537;4246;293;5128;5149;6.75;0.41;244.47;4.33;882;10;1748.00;21
4250;10;624380568;4250;288;5132;5153;6.81;0.42;244.67;4.32;882;10;1749.00;21
4252;10;624380588;4252;283;5135;5154;6.92;0.43;244.61;4.33;883;10;1750.00;19
4257;10;624380606;4257;283;5135;5154;7.01;0.43;244.67;4.33;878;10;1751.00;19
4258;10;624380622;4258;276;5140;5158;7.12;0.44;244.66;4.39;882;10;1752.00;18
4261;11;624380640;4261;278;5140;5158;7.14;0.44;244.66;4.39;879;11;1753.00;18
4264;11;624380669;4264;282;5141;5158;7.24;0.44;244.59;4.38;877;11;1754.00;17
4268;11;624380680;4268;283;5143;5160;7.28;0.44;244.55;4.38;875;11;1755.00;17
4272;11;624380699;4272;266;5143;5160;7.28;0.44;244.45;4.38;871;11;1756.00;17
4275;11;624380712;4275;259;5148;5166;7.35;0.45;244.45;4.38;873;11;1757.00;18
4277;11;624380726;4277;249;5148;5166;7.37;0.45;244.48;4.38;871;11;1758.00;18
4279;11;624380738;4279;237;5148;5167;7.45;0.45;244.48;4.38;869;11;1759.00;19
4282;11;624380755;4282;230;5148;5167;7.49;0.46;244.54;4.38;866;11;1760.00;19
4284;11;624380767;4284;225;5148;5167;7.56;0.46;244.53;4.38;864;11;1761.00;19
4286;11;624380780;4286;219;5149;5167;7.62;0.46;244.52;4.44;863;11;1762.00;18
4287;11;624380792;4287;215;5149;5167;7.80;0.47;244.54;4.44;862;11;1763.00;18
4289;11;624380804;4289;208;5159;5179;8.06;0.49;244.65;4.43;870;11;1764.00;20
4290;11;624380817;4290;207;5159;5179;8.21;0.50;244.63;4.43;869;11;1765.00;20
4291;11;624380828;4291;202;5160;5179;8.43;0.51;244.60;4.43;869;11;1766.00;19
4293;11;624380841;4293;200;5160;5179;8.58;0.52;244.66;4.43;867;11;1767.00;19
4296;11;624380855;4296;196;5161;5179;8.72;0.53;244.70;4.50;865;11;1768.00;18
4299;11;624380867;4299;194;5161;5179;8.78;0.53;244.80;4.50;862;11;1769.00;18
4302;11;624380881;4302;193;5164;5183;8.84;0.54;244.85;4.49;862;11;1770.00;19
4304;11;624380893;4304;191;5164;5183;8.89;0.54;244.92;4.49;860;11;1771.00;19
4306;11;624380905;4306;190;5168;5187;8.93;0.54;244.92;4.49;862;11;1772.00;19
4308;11;624380918;4308;193;5169;5188;8.98;0.54;244.99;4.49;861;11;1773.00;19
4310;11;624380931;4310;195;5169;5188;8.96;0.54;245.17;4.49;859;11;1774.00;19
4312;11;624380943;4312;191;5170;5188;8.94;0.54;245.24;4.55;858;11;1775.00;18
4313;11;624380955;4313;194;5180;5201;9.02;0.55;245.30;4.54;867;11;1776.00;21
4317;11;624380970;4317;198;5181;5201;9.08;0.55;245.39;4.54;864;11;1777.00;20
4318;11;624380982;4318;196;5182;5201;9.14;0.55;245.48;4.61;864;11;1778.00;19
4320;11;624380994;4320;190;5183;5202;9.18;0.56;245.50;4.61;863;11;1779.00;19
4322;11;624381007;4322;193;5183;5203;9.21;0.56;245.60;4.61;861;11;1780.00;20
4324;11;624381020;4324;190;5183;5203;9.25;0.56;245.59;4.61;859;11;1781.00;20
4327;11;624381033;4327;187;5185;5206;9.24;0.56;245.71;4.61;858;11;1782.00;21
4331;11;624381045;4331;185;5186;5206;9.22;0.56;245.84;4.67;855;11;1783.00;20
4331;11;624381057;4331;181;5187;5206;9.27;0.56;245.84;4.67;856;11;1784.00;19
4335;11;624381070;4335;175;5187;5206;9.28;0.56;245.91;4.67;852;11;1785.00;19
4336;11;624381082;4336;178;5192;5212;9.35;0.57;246.01;4.67;856;11;1786.00;20
4339;11;624381094;4339;173;5192;5212;9.42;0.57;246.14;4.67;853;11;1787.00;20
4342;11;624381106;4342;177;5192;5212;9.43;0.57;246.23;4.67;850;11;1788.00;20
4347;11;624381124;4347;179;5192;5212;9.46;0.57;246.26;4.67;845;11;1789.00;20
4348;11;624381136;4348;175;5195;5216;9.49;0.57;246.40;4.67;847;11;1790.00;21
4355;11;624381149;4355;178;5196;5217;9.50;0.57;246.52;4.66;841;11;1791.00;21
4359;11;624381162;4359;183;5196;5217;9.50;0.58;246.63;4.66;837;11;1792.00;21
4360;11;624381175;4360;181;5197;5218;9.54;0.58;246.61;4.66;837;11;1793.00;21
4362;11;624381187;4362;185;5197;5218;9.59;0.58;246.71;4.66;835;11;1794.00;21
4364;11;624381199;4364;183;5197;5218;9.62;0.58;246.74;4.66;833;11;1795.00;21
4366;11;624381210;4366;187;5197;5218;9.69;0.59;246.75;4.66;831;11;1796.00;21
4370;11;624381222;4370;190;5197;5218;9.70;0.59;246.78;4.66;827;11;1797.00;21
4374;11;624381233;4374;191;5198;5218;9.68;0.59;246.77;4.73;824;11;1798.00;20
4377;11;624381245;4377;188;5198;5218;9.69;0.59;246.73;4.73;821;11;1799.00;20
4384;11;624381261;4384;214;5261;5356;9.52;0.58;246.69;4.67;877;11;1800.00;95
4387;11;624381290;4387;208;5261;5357;9.53;0.58;246.81;4.67;874;11;1801.00;96
4393;11;624381302;4393;201;5270;5357;9.47;0.58;246.80;4.67;877;11;1802.00;87
4396;11;624381320;4396;196;5272;5357;9.49;0.58;246.91;4.67;876;11;1803.00;85
4400;11;624381331;4400;193;5279;5357;9.53;0.58;247.00;4.67;879;11;1804.00;78
4404;11;624381343;4404;189;5281;5357;9.42;0.57;246.89;4.69;877;11;1805.00;76
4406;11;624381356;4406;194;5290;5357;9.35;0.57;246.92;4.76;884;11;1806.00;67
4407;11;624381367;4407;190;5294;5357;9.33;0.57;247.01;4.76;887;11;1807.00;63
4409;11;624381378;4409;186;5300;5358;9.27;0.56;247.02;4.76;891;11;1808.00;58
4411;11;624381391;4411;183;5302;5359;9.28;0.57;247.01;4.76;891;11;1809.00;57
4415;11;624381403;4415;192;5306;5359;9.27;0.57;247.11;4.76;891;11;1810.00;53
4417;11;624381414;4417;197;5310;5363;9.28;0.57;247.05;4.76;893;11;1811.00;53
4420;11;624381426;4420;193;5312;5363;9.30;0.57;247.18;4.77;892;11;1812.00;51
4420;11;624381437;4420;188;5315;5363;9.30;0.57;247.18;4.82;895;11;1813.00;48
4424;11;624381449;4424;189;5315;5363;9.28;0.57;247.34;4.82;891;11;1814.00;48
4428;11;624381462;4428;194;5319;5369;9.24;0.56;247.32;4.82;891;11;1815.00;50
4431;11;624381483;4431;196;5319;5369;9.22;0.56;247.37;4.82;888;11;1816.00;50
4437;11;624381495;4437;200;5319;5369;9.22;0.56;247.55;4.82;882;11;1817.00;50
4439;11;624381507;4439;201;5321;5372;9.24;0.57;247.49;4.82;882;11;1818.00;51
4443;11;624381519;4443;196;5323;5372;9.28;0.57;247.61;4.82;880;11;1819.00;49
4450;11;624381532;4450;199;5323;5372;9.26;0.56;247.62;4.82;873;11;1820.00;49
4452;11;624381546;4452;199;5324;5373;9.26;0.57;247.76;4.82;872;11;1821.00;49
4457;11;624381558;4457;204;5327;5374;9.22;0.56;248.00;4.83;870;11;1822.00;47
4458;11;624381570;4458;208;5327;5374;9.20;0.56;248.03;4.83;869;11;1823.00;47
4463;11;624381582;4463;219;5336;5387;9.10;0.56;248.06;4.83;873;11;1824.00;51
4465;11;624381594;4465;224;5341;5387;8.96;0.55;248.03;4.84;876;11;1825.00;46
4469;11;624381605;4469;227;5341;5387;8.84;0.54;247.97;4.84;872;11;1826.00;46
4471;11;624381621;4471;231;5344;5388;8.79;0.54;247.98;4.84;873;11;1827.00;44
4473;11;624381632;4473;236;5344;5388;8.73;0.53;247.88;4.84;871;11;1828.00;44
4476;11;624381643;4476;246;5347;5392;8.68;0.53;247.96;4.83;871;11;1829.00;45
4476;11;624381656;4476;255;5348;5392;8.69;0.53;247.96;4.85;872;11;1830.00;44
4479;11;624381666;4479;257;5353;5396;8.61;0.53;248.01;4.85;874;11;1831.00;43
4480;11;624381683;4480;257;5354;5396;8.50;0.52;248.06;4.86;874;11;1832.00;42
4483;11;624381693;4483;259;5355;5396;8.43;0.52;248.11;4.87;872;11;1833.00;41
4485;11;624381704;4485;265;5355;5396;8.41;0.51;248.12;4.87;870;11;1834.00;41
4489;11;624381719;4489;271;5357;5396;8.38;0.51;248.21;4.89;868;11;1835.00;39
4489;11;624381730;4489;278;5368;5408;8.45;0.52;248.21;4.88;879;11;1836.00;40
4493;11;624381741;4493;279;5370;5408;8.35;0.51;248.30;4.90;877;11;1837.00;38
4496;11;624381751;4496;288;5371;5408;8.26;0.50;248.23;4.90;875;11;1838.00;37
4501;11;624381762;4501;298;5372;5408;8.16;0.50;248.34;4.91;871;11;1839.00;36
4503;11;624381772;4503;311;5373;5408;8.09;0.49;248.41;4.91;870;11;1840.00;35
4504;11;624381781;4504;317;5374;5408;8.08;0.49;248.43;4.92;870;11;1841.00;34
4507;11;624381792;4507;323;5374;5409;7.95;0.49;248.52;4.92;867;11;1842.00;35
4510;11;624381801;4510;329;5376;5409;7.86;0.48;248.50;4.94;866;11;1843.00;33
4511;11;624381812;4511;331;5381;5415;7.88;0.48;248.46;4.93;870;11;1844.00;34
4517;11;624381823;4517;339;5385;5417;7.77;0.47;248.57;4.94;868;11;1845.00;32
4520;11;624381833;4520;345;5385;5417;7.71;0.47;248.73;4.94;865;11;1846.00;32
4522;11;624381842;4522;350;5385;5417;7.63;0.47;248.69;4.94;863;11;1847.00;32
4525;11;624381852;4525;349;5389;5421;7.57;0.46;248.71;4.94;864;11;1848.00;32
4527;11;624381861;4527;346;5390;5421;7.42;0.45;248.81;4.95;863;11;1849.00;31
4532;11;624381871;4532;341;5391;5421;7.28;0.45;249.01;4.96;859;11;1850.00;30
4533;11;624381880;4533;345;5394;5422;7.27;0.45;249.01;4.96;861;11;1851.00;28
4536;11;624381890;4536;348;5397;5426;7.24;0.44;249.23;4.96;861;11;1852.00;29
4536;11;624381900;4536;343;5398;5426;7.21;0.44;249.23;4.96;862;11;1853.00;28
4539;11;624381909;4539;342;5400;5429;7.16;0.44;249.29;4.96;861;11;1854.00;29
4540;11;624381918;4540;331;5401;5429;7.15;0.44;249.33;4.97;861;11;1855.00;28
4545;11;624381927;4545;331;5402;5429;7.13;0.44;249.34;4.97;857;11;1856.00;27
4547;11;624381937;4547;327;5402;5429;7.11;0.44;249.29;4.97;855;11;1857.00;27
4548;11;624381946;4548;333;5407;5433;7.11;0.44;249.27;4.97;859;11;1858.00;26
4554;11;624381955;4554;336;5407;5433;7.02;0.43;249.25;4.97;853;11;1859.00;26
4557;11;624381967;4557;339;5410;5433;6.88;0.42;249.22;4.97;853;11;1860.00;23
4558;11;624381976;4558;346;5410;5433;6.81;0.42;249.19;4.97;852;11;1861.00;23
4560;11;624381984;4560;352;5411;5434;6.70;0.41;249.14;4.97;851;11;1862.00;23
4565;11;624381993;4565;355;5412;5435;6.54;0.40;249.02;4.97;847;11;1863.00;23
4568;11;624382002;4568;360;5412;5435;6.36;0.39;249.05;4.97;844;11;1864.00;23
4571;11;624382010;4571;362;5413;5436;6.23;0.38;249.04;4.97;842;11;1865.00;23
4573;11;624382018;4573;367;5413;5436;6.10;0.38;249.03;4.97;840;11;1866.00;23
4575;11;624382026;4575;368;5413;5436;5.93;0.37;249.04;4.97;838;11;1867.00;23
4579;11;624382034;4579;371;5413;5436;5.77;0.36;248.99;4.97;834;11;1868.00;23
4581;11;624382042;4581;376;5413;5436;5.63;0.35;248.90;4.97;832;11;1869.00;23
4587;11;624382050;4587;375;5413;5436;5.45;0.34;248.82;4.97;826;11;1870.00;23
4589;11;624382058;4589;374;5413;5436;5.34;0.33;248.75;4.97;824;11;1871.00;23
4592;11;624382065;4592;396;5481;5563;5.58;0.35;248.74;4.91;889;11;1872.00;82
4594;11;624382082;4594;379;5484;5564;5.56;0.35;248.81;4.90;890;11;1873.00;80
4598;11;624382090;4598;379;5495;5564;5.70;0.36;248.81;4.90;897;11;1874.00;69
4599;11;624382099;4599;373;5497;5564;5.70;0.36;248.85;4.90;898;11;1875.00;67
4602;11;624382107;4602;373;5505;5564;5.76;0.36;248.90;4.90;903;11;1876.00;59
4604;11;624382115;4604;366;5509;5564;5.84;0.37;248.89;4.90;905;11;1877.00;55
4607;11;624382124;4607;362;5513;5564;5.86;0.37;248.85;4.90;906;11;1878.00;51
4610;11;624382133;4610;357;5516;5564;5.86;0.37;248.85;4.90;906;11;1879.00;48
4612;11;624382147;4612;357;5519;5565;5.86;0.37;248.89;4.90;907;11;1880.00;46
4615;11;624382162;4615;362;5525;5566;5.86;0.37;248.90;4.96;910;11;1881.00;41
4618;11;624382171;4618;370;5529;5568;5.84;0.36;248.85;4.96;911;11;1882.00;39
4623;11;624382181;4623;375;5532;5569;5.82;0.36;248.83;4.96;909;11;1883.00;37
4624;11;624382190;4624;378;5534;5569;5.81;0.36;248.85;4.96;910;11;1884.00;35
4629;11;624382199;4629;380;5538;5569;5.73;0.35;248.75;4.97;909;11;1885.00;31
4630;11;624382208;4630;381;5540;5569;5.66;0.35;248.78;4.97;910;11;1886.00;29
4631;11;624382217;4631;384;5543;5573;5.57;0.34;248.74;4.97;912;11;1887.00;30
4632;11;624382226;4632;387;5544;5573;5.52;0.34;248.78;4.97;912;11;1888.00;29
4634;11;624382235;4634;393;5545;5573;5.53;0.34;248.82;4.97;911;11;1889.00;28
4640;11;624382245;4640;389;5549;5579;5.53;0.34;248.77;4.97;909;11;1890.00;30
4643;11;624382255;4643;379;5550;5579;5.53;0.34;248.77;4.97;907;11;1891.00;29
4645;11;624382265;4645;373;5552;5579;5.58;0.34;248.76;4.97;907;11;1892.00;27
4647;11;624382274;4647;362;5556;5583;5.70;0.35;248.73;4.97;909;11;1893.00;27
4649;11;624382284;4649;363;5558;5584;5.84;0.36;248.87;4.97;909;11;1894.00;26
4652;11;624382294;4652;359;5558;5584;5.89;0.36;248.87;4.97;906;11;1895.00;26
4657;11;624382303;4657;348;5562;5588;5.92;0.36;248.89;4.97;905;11;1896.00;26
4661;11;624382314;4661;348;5564;5588;5.97;0.37;248.80;4.97;903;11;1897.00;24
4665;11;624382329;4665;345;5564;5588;5.94;0.36;248.91;4.97;899;11;1898.00;24
4668;11;624382339;4668;350;5565;5589;5.93;0.36;248.93;4.97;897;11;1899.00;24
4673;11;624382349;4673;349;5565;5589;5.90;0.36;248.80;4.97;892;11;1900.00;24
4676;11;624382368;4676;353;5571;5595;5.90;0.36;248.84;4.96;895;11;1901.00;24
4679;11;624382379;4679;351;5571;5595;5.97;0.36;248.79;4.96;892;11;1902.00;24
4682;11;624382389;4682;353;5572;5596;5.96;0.36;248.82;4.96;890;11;1903.00;24
4683;11;624382399;4683;349;5572;5596;5.99;0.37;248.77;4.96;889;11;1904.00;24
4685;11;624382409;4685;355;5572;5596;6.05;0.37;248.84;4.96;887;11;1905.00;24
4688;11;624382419;4688;358;5572;5596;6.03;0.37;248.89;4.96;884;11;1906.00;24
4691;11;624382428;4691;363;5572;5596;6.01;0.37;248.87;4.96;881;11;1907.00;24
4693;11;624382438;4693;363;5582;5608;6.18;0.38;248.84;4.95;889;11;1908.00;26
4695;11;624382454;4695;358;5582;5608;6.20;0.38;248.86;4.95;887;11;1909.00;26
4697;11;624382464;4697;358;5584;5608;6.25;0.38;248.88;5.01;887;11;1910.00;24
4701;11;624382474;4701;342;5584;5608;6.27;0.38;248.91;5.01;883;11;1911.00;24
4704;11;624382485;4704;330;5584;5608;6.31;0.38;248.95;5.01;880;11;1912.00;24
4707;11;624382495;4707;332;5584;5608;6.34;0.39;248.97;5.01;877;11;1913.00;24
4709;11;624382505;4709;330;5587;5612;6.47;0.39;248.95;5.01;878;11;1914.00;25
4712;11;624382515;4712;328;5587;5612;6.51;0.40;249.05;5.01;875;11;1915.00;25
4715;11;624382526;4715;332;5591;5616;6.54;0.40;249.13;5.01;876;11;1916.00;25
4718;11;624382544;4718;317;5592;5617;6.59;0.40;249.21;5.00;874;11;1917.00;25
4720;11;624382563;4720;309;5592;5617;6.61;0.40;249.31;5.00;872;11;1918.00;25
4722;11;624382580;4722;312;5592;5617;6.63;0.40;249.37;5.00;870;11;1919.00;25
4726;11;624382600;4726;313;5615;5646;6.81;0.41;249.56;4.98;889;11;1920.00;31
4726;11;624382619;4726;302;5615;5646;6.86;0.42;249.56;4.98;889;11;1921.00;31
4728;11;624382635;4728;301;5617;5646;6.99;0.43;249.74;4.98;889;11;1922.00;29
4731;11;624382649;4731;295;5618;5647;7.09;0.43;249.86;4.98;887;11;1923.00;29
4736;11;624382662;4736;294;5618;5648;7.16;0.44;249.85;4.98;882;11;1924.00;30
4737;11;624382674;4737;289;5618;5648;7.25;0.44;249.91;4.98;881;11;1925.00;30
4738;11;624382695;4738;275;5620;5651;7.36;0.45;250.00;4.98;882;11;1926.00;31
4740;11;624382708;4740;262;5620;5651;7.39;0.45;250.00;4.98;880;11;1927.00;31
4741;11;624382720;4741;246;5621;5651;7.45;0.45;250.08;4.98;880;11;1928.00;30
4742;11;624382732;4742;238;5621;5651;7.52;0.46;250.15;4.98;879;11;1929.00;30
4742;11;624382744;4742;233;5626;5657;7.66;0.47;250.15;4.98;884;11;1930.00;31
4745;11;624382757;4745;229;5626;5657;7.76;0.47;250.21;4.98;881;11;1931.00;31
4746;11;624382770;4746;226;5626;5657;7.87;0.48;250.29;4.98;880;11;1932.00;31
4751;11;624382788;4751;228;5626;5657;7.96;0.48;250.35;4.98;875;11;1933.00;31
4752;11;624382801;4752;228;5629;5661;8.04;0.49;250.40;4.97;877;11;1934.00;32
4755;11;624382814;4755;226;5631;5663;8.17;0.50;250.45;4.97;876;11;1935.00;32
4759;11;624382826;4759;223;5631;5663;8.21;0.50;250.65;4.97;872;11;1936.00;32
4759;11;624382839;4759;221;5632;5664;8.38;0.51;250.65;4.97;873;11;1937.00;32
4760;11;624382852;4760;217;5632;5664;8.47;0.51;250.70;4.97;872;11;1938.00;32
4764;11;624382863;4764;215;5632;5664;8.57;0.52;250.79;4.97;868;11;1939.00;32
4765;11;624382876;4765;215;5632;5664;8.69;0.53;250.75;4.97;867;11;1940.00;32
4768;11;624382888;4768;210;5632;5664;8.79;0.53;250.80;4.97;864;11;1941.00;32
4770;11;624382900;4770;208;5632;5664;8.91;0.54;250.94;4.97;862;11;1942.00;32
4770;11;624382913;4770;206;5632;5664;9.01;0.55;250.94;4.97;862;11;1943.00;32
4775;11;624382926;4775;223;5674;5734;8.92;0.54;251.07;4.94;899;11;1944.00;60
4777;11;624382946;4777;212;5675;5735;9.07;0.55;251.14;4.99;898;11;1945.00;60
4781;11;624382961;4781;205;5680;5735;9.16;0.56;251.16;4.99;899;11;1946.00;55
4785;11;624382974;4785;198;5681;5735;9.21;0.56;251.19;4.99;896;11;1947.00;54
4789;11;624382987;4789;203;5682;5735;9.27;0.56;251.26;4.99;893;11;1948.00;53
4792;11;624383007;4792;203;5685;5735;9.33;0.57;251.34;4.99;893;11;1949.00;50
4795;11;624383022;4795;205;5688;5737;9.33;0.57;251.54;4.99;893;11;1950.00;49
4796;11;624383035;4796;211;5691;5737;9.44;0.57;251.53;4.99;895;11;1951.00;46
4801;11;624383049;4801;209;5693;5738;9.57;0.58;251.76;4.99;892;11;1952.00;45
4801;11;624383063;4801;209;5696;5739;9.65;0.59;251.76;4.99;895;11;1953.00;43
4802;11;624383075;4802;213;5698;5739;9.70;0.59;251.72;4.99;896;11;1954.00;41
4802;11;624383087;4802;212;5703;5743;9.75;0.59;251.72;4.99;901;11;1955.00;40
4804;11;624383100;4804;211;5705;5743;9.84;0.60;251.76;4.99;901;11;1956.00;38
4805;11;624383113;4805;213;5706;5743;9.87;0.60;251.78;4.99;901;11;1957.00;37
4807;11;624383125;4807;207;5706;5743;9.94;0.60;251.77;4.99;899;11;1958.00;37
4812;11;624383143;4812;206;5711;5749;9.93;0.60;251.86;4.99;899;11;1959.00;38
4813;12;624383160;4813;204;5711;5749;9.94;0.60;251.87;4.99;898;12;1960.00;38
4817;12;624383205;4817;208;5712;5749;9.91;0.60;251.95;5.05;895;12;1961.00;37
4825;12;624383218;4825;209;5714;5752;9.96;0.60;252.10;5.05;889;12;1962.00;38
4827;12;624383239;4827;207;5714;5752;9.99;0.61;252.12;5.05;887;12;1963.00;38
4831;12;624383253;4831;211;5715;5752;9.94;0.60;252.19;5.05;884;12;1964.00;37
4835;12;624383266;4835;211;5715;5753;9.86;0.60;252.13;5.05;880;12;1965.00;38
4838;12;624383279;4838;214;5716;5754;9.81;0.60;252.15;5.05;878;12;1966.00;38
4838;12;624383292;4838;210;5716;5754;9.79;0.60;252.15;5.05;878;12;1967.00;38
4841;12;624383304;4841;216;5725;5767;9.74;0.59;252.07;5.04;884;12;1968.00;42
4841;12;624383323;4841;216;5726;5767;9.74;0.59;252.07;5.04;885;12;1969.00;41
4846;12;624383335;4846;215;5726;5767;9.73;0.59;252.05;5.04;880;12;1970.00;41
4849;12;624383348;4849;214;5728;5768;9.69;0.59;252.14;5.09;879;12;1971.00;40
4849;12;624383360;4849;213;5728;5768;9.67;0.59;252.14;5.09;879;12;1972.00;40
4851;12;624383373;4851;209;5733;5772;9.66;0.59;252.11;5.09;882;12;1973.00;39
4857;12;624383385;4857;211;5734;5772;9.66;0.59;252.23;5.10;877;12;1974.00;38
4861;12;624383399;4861;214;5738;5776;9.63;0.59;252.27;5.11;877;12;1975.00;38
4865;12;624383412;4865;212;5738;5776;9.66;0.59;252.24;5.11;873;12;1976.00;38
4873;12;624383424;4873;213;5738;5776;9.63;0.58;252.33;5.11;865;12;1977.00;38
4877;12;624383436;4877;205;5738;5776;9.61;0.58;252.40;5.11;861;12;1978.00;38
4878;12;624383449;4878;206;5738;5776;9.60;0.58;252.42;5.11;860;12;1979.00;38
4881;12;624383462;4881;207;5759;5810;9.62;0.59;252.39;5.09;878;12;1980.00;51
4885;12;624383477;4885;205;5760;5810;9.55;0.58;252.37;5.09;875;12;1981.00;50
4888;12;624383490;4888;200;5761;5810;9.54;0.58;252.31;5.09;873;12;1982.00;49
4890;12;624383501;4890;201;5762;5810;9.54;0.58;252.37;5.09;872;12;1983.00;48
4893;12;624383512;4893;208;5762;5810;9.53;0.58;252.39;5.09;869;12;1984.00;48
4896;12;624383527;4896;209;5762;5810;9.56;0.58;252.39;5.09;866;12;1985.00;48
4899;12;624383539;4899;219;5762;5811;9.57;0.58;252.43;5.09;863;12;1986.00;49
4902;12;624383550;4902;216;5763;5811;9.54;0.58;252.46;5.09;861;12;1987.00;48
4904;12;624383562;4904;221;5767;5817;9.56;0.58;252.49;5.08;863;12;1988.00;50
4909;12;624383573;4909;221;5768;5818;9.54;0.58;252.41;5.09;859;12;1989.00;50
4911;12;624383585;4911;219;5769;5818;9.45;0.58;252.40;5.09;858;12;1990.00;49
4916;12;624383597;4916;221;5771;5818;9.32;0.57;252.35;5.09;855;12;1991.00;47
4918;12;624383607;4918;232;5774;5822;9.28;0.56;252.27;5.09;856;12;1992.00;48
4921;12;624383618;4921;233;5774;5822;9.22;0.56;252.33;5.09;853;12;1993.00;48
4926;12;624383629;4926;239;5776;5822;9.11;0.55;252.56;5.09;850;12;1994.00;46
4928;12;624383641;4928;242;5777;5823;9.05;0.55;252.57;5.09;849;12;1995.00;46
4930;12;624383652;4930;250;5782;5827;9.00;0.55;252.62;5.10;852;12;1996.00;45
4935;12;624383663;4935;247;5782;5827;8.94;0.54;252.77;5.10;847;12;1997.00;45
4936;12;624383674;4936;251;5784;5830;8.90;0.54;252.79;5.10;848;12;1998.00;46
4938;12;624383684;4938;260;5786;5830;8.83;0.54;252.74;5.10;848;12;1999.00;44
4939;12;624383695;4939;268;5787;5830;8.76;0.53;252.82;5.12;848;12;2000.00;43
4942;12;624383710;4942;267;5787;5830;8.74;0.53;252.81;5.12;845;12;2001.00;43
4944;12;624383720;4944;270;5792;5834;8.68;0.53;252.87;5.13;848;12;2002.00;42
4947;12;624383731;4947;279;5793;5834;8.64;0.53;252.94;5.13;846;12;2003.00;41
4947;12;624383742;4947;286;5793;5834;8.59;0.52;252.94;5.13;846;12;2004.00;41
4950;12;624383752;4950;292;5795;5834;8.57;0.52;253.08;5.15;845;12;2005.00;39
4951;12;624383761;4951;292;5795;5835;8.49;0.52;253.09;5.15;844;12;2006.00;40
4954;12;624383771;4954;299;5798;5836;8.36;0.51;253.24;5.16;844;12;2007.00;38
4957;12;624383782;4957;299;5799;5836;8.22;0.50;253.25;5.17;842;12;2008.00;37
4959;12;624383792;4959;306;5800;5837;8.14;0.50;253.23;5.17;841;12;2009.00;37
4961;12;624383803;4961;313;5801;5837;8.08;0.49;253.33;5.18;840;12;2010.00;36
4965;12;624383813;4965;322;5801;5837;8.02;0.49;253.26;5.18;836;12;2011.00;36
4966;12;624383823;4966;321;5801;5837;7.95;0.49;253.36;5.18;835;12;2012.00;36
4969;12;624383833;4969;328;5802;5837;7.82;0.48;253.43;5.19;833;12;2013.00;35
4969;12;624383842;4969;326;5805;5837;7.71;0.47;253.43;5.22;836;12;2014.00;32
4971;12;624383851;4971;331;5805;5837;7.59;0.46;253.38;5.22;834;12;2015.00;32
4976;12;624383860;4976;351;5872;5964;7.69;0.48;253.49;5.17;896;12;2016.00;92
4976;12;624383879;4976;349;5874;5965;7.67;0.48;253.49;5.16;898;12;2017.00;91
4979;12;624383888;4979;344;5885;5965;7.66;0.48;253.56;5.17;906;12;2018.00;80
4980;12;624383898;4980;343;5890;5965;7.65;0.48;253.65;5.16;910;12;2019.00;75
4986;12;624383908;4986;335;5898;5965;7.55;0.47;253.63;5.17;912;12;2020.00;67
4988;12;624383918;4988;337;5901;5965;7.47;0.46;253.61;5.17;913;12;2021.00;64
4992;12;624383927;4992;342;5904;5965;7.41;0.46;253.66;5.17;912;12;2022.00;61
4994;12;624383938;4994;341;5908;5965;7.38;0.46;253.62;5.17;914;12;2023.00;57
4996;12;624383947;4996;344;5912;5966;7.37;0.45;253.56;5.19;916;12;2024.00;54
5001;12;624383957;5001;349;5918;5968;7.29;0.45;253.50;5.19;917;12;2025.00;50
5004;12;624383967;5004;351;5920;5968;7.26;0.45;253.47;5.19;916;12;2026.00;48
5006;12;624383977;5006;364;5924;5969;7.15;0.44;253.40;5.19;918;12;2027.00;45
5008;12;624383988;5008;364;5926;5969;7.01;0.43;253.40;5.20;918;12;2028.00;43
5011;12;624383998;5011;369;5930;5969;6.87;0.42;253.36;5.20;919;12;2029.00;39
5012;12;624384007;5012;375;5931;5969;6.80;0.42;253.34;5.20;919;12;2030.00;38
5013;12;624384016;5013;387;5935;5973;6.74;0.41;253.29;5.20;922;12;2031.00;38
5015;12;624384026;5015;399;5939;5973;6.59;0.40;253.24;5.21;924;12;2032.00;34
5017;12;624384036;5017;410;5939;5973;6.44;0.39;253.27;5.21;922;12;2033.00;34
5019;12;624384045;5019;414;5944;5976;6.28;0.39;253.25;5.21;925;12;2034.00;32
5021;12;624384055;5021;425;5944;5976;6.09;0.37;253.30;5.21;923;12;2035.00;32
5023;12;624384065;5023;429;5945;5976;5.91;0.36;253.23;5.21;922;12;2036.00;31
5025;12;624384073;5025;433;5950;5980;5.71;0.35;253.28;5.21;925;12;2037.00;30
5026;12;624384083;5026;442;5952;5981;5.57;0.34;253.31;5.21;926;13;2038.00;29
5028;12;624384100;5028;449;5953;5981;5.44;0.34;253.34;5.22;925;13;2039.00;28
5032;12;624384111;5032;439;5958;5986;5.38;0.33;253.32;5.21;926;13;2040.00;28
5035;12;624384121;5035;440;5959;5986;5.29;0.33;253.29;5.21;924;13;2041.00;27
5042;12;624384130;5042;435;5959;5986;5.17;0.32;253.35;5.21;917;13;2042.00;27
5042;12;624384139;5042;423;5960;5987;5.15;0.32;253.35;5.21;918;13;2043.00;27
5045;12;624384148;5045;415;5960;5987;5.14;0.32;253.41;5.21;915;13;2044.00;27
5048;12;624384157;5048;402;5966;5993;5.25;0.32;253.53;5.21;918;13;2045.00;27
5049;12;624384167;5049;403;5966;5993;5.30;0.33;253.49;5.21;917;13;2046.00;27
5052;12;624384176;5052;397;5967;5994;5.36;0.33;253.43;5.21;915;13;2047.00;27
5054;12;624384187;5054;391;5967;5994;5.44;0.34;253.44;5.21;913;13;2048.00;27
5055;12;624384196;5055;382;5967;5994;5.55;0.34;253.47;5.21;912;13;2049.00;27
5057;12;624384206;5057;378;5967;5994;5.61;0.35;253.44;5.21;910;13;2050.00;27
5059;12;624384215;5059;371;5967;5994;5.71;0.35;253.42;5.21;908;13;2051.00;27
5062;13;624384225;5062;363;5977;6006;5.88;0.36;253.38;5.20;915;14;2052.00;29
5067;13;624384248;5067;358;5978;6006;5.99;0.37;253.31;5.20;911;14;2053.00;28
5070;13;624384258;5070;357;5979;6006;6.08;0.37;253.27;5.20;909;14;2054.00;27
5074;13;624384268;5074;353;5979;6006;6.15;0.38;253.28;5.20;905;14;2055.00;27
5075;13;624384278;5075;349;5979;6006;6.32;0.39;253.28;5.20;904;14;2056.00;27
5075;13;624384288;5075;345;5979;6006;6.44;0.40;253.28;5.20;904;14;2057.00;27
5077;13;624384297;5077;342;5983;6010;6.53;0.40;253.32;5.19;906;14;2058.00;27
5080;13;624384312;5080;347;5983;6010;6.61;0.40;253.30;5.19;903;14;2059.00;27
5082;13;624384322;5082;341;5987;6014;6.71;0.41;253.34;5.19;905;14;2060.00;27
5088;13;624384333;5088;335;5988;6015;6.71;0.41;253.27;5.19;900;14;2061.00;27
5092;13;624384344;5092;328;5988;6015;6.68;0.41;253.29;5.19;896;14;2062.00;27
5095;13;624384354;5095;329;5988;6015;6.63;0.40;253.32;5.19;893;14;2063.00;27
5098;13;624384364;5098;324;6001;6028;6.73;0.41;253.46;5.18;903;14;2064.00;27
5105;13;624384376;5105;319;6001;6028;6.69;0.41;253.68;5.18;896;14;2065.00;27
5109;13;624384386;5109;311;6001;6028;6.68;0.41;253.79;5.18;892;14;2066.00;27
5115;13;624384397;5115;306;6002;6029;6.71;0.41;253.70;5.18;887;14;2067.00;27
5120;13;624384407;5120;303;6003;6030;6.70;0.41;253.81;5.18;883;14;2068.00;27
5123;13;624384418;5123;307;6003;6030;6.70;0.41;253.86;5.18;880;14;2069.00;27
5125;13;624384430;5125;306;6007;6036;6.75;0.41;253.82;5.17;882;14;2070.00;29
5129;13;624384441;5129;302;6007;6036;6.74;0.41;253.87;5.17;878;14;2071.00;29
5134;13;624384451;5134;300;6009;6036;6.75;0.41;253.84;5.17;875;14;2072.00;27
5136;13;624384462;5136;300;6009;6036;6.74;0.41;253.83;5.17;873;14;2073.00;27
5139;13;624384473;5139;303;6015;6042;6.78;0.41;253.91;5.17;876;14;2074.00;27
5145;13;624384484;5145;304;6015;6042;6.76;0.41;254.05;5.17;870;14;2075.00;27
5147;13;624384500;5147;309;6015;6042;6.77;0.41;254.05;5.17;868;14;2076.00;27
5149;13;624384510;5149;308;6015;6042;6.76;0.41;254.12;5.17;866;14;2077.00;27
5151;13;624384520;5151;310;6019;6046;6.74;0.41;254.16;5.16;868;14;2078.00;27
5153;13;624384543;5153;310;6020;6047;6.72;0.41;254.21;5.16;867;14;2079.00;27
5154;13;624384564;5154;311;6020;6047;6.68;0.41;254.20;5.16;866;14;2080.00;27
5160;13;624384581;5160;305;6021;6048;6.66;0.40;254.30;5.16;861;14;2081.00;27
5164;13;624384596;5164;303;6021;6048;6.62;0.40;254.39;5.16;857;14;2082.00;27
5168;13;624384611;5168;309;6021;6048;6.57;0.40;254.49;5.16;853;14;2083.00;27
5172;13;624384628;5172;306;6021;6048;6.51;0.40;254.62;5.16;849;14;2084.00;27
5174;13;624384644;5174;308;6021;6048;6.52;0.40;254.64;5.16;847;14;2085.00;27
5178;13;624384656;5178;306;6021;6048;6.54;0.40;254.81;5.16;843;14;2086.00;27
5179;13;624384667;5179;294;6021;6048;6.64;0.40;254.85;5.16;842;14;2087.00;27
5183;13;624384678;5183;304;6066;6118;6.74;0.41;254.90;5.13;883;14;2088.00;52
5187;13;624384703;5187;287;6067;6119;6.80;0.41;255.10;5.12;880;14;2089.00;52
5188;13;624384716;5188;279;6072;6119;6.98;0.43;255.08;5.12;884;14;2090.00;47
5190;13;624384728;5190;276;6074;6119;7.10;0.43;255.17;5.12;884;14;2091.00;45
5192;13;624384740;5192;271;6077;6119;7.23;0.44;255.24;5.12;885;14;2092.00;42
5194;13;624384752;5194;268;6078;6119;7.41;0.45;255.29;5.12;884;14;2093.00;41
5197;13;624384764;5197;272;6081;6119;7.57;0.46;255.33;5.12;884;14;2094.00;38
5199;13;624384776;5199;271;6083;6119;7.72;0.47;255.46;5.12;884;14;2095.00;36
5200;13;624384796;5200;251;6085;6120;7.84;0.48;255.49;5.12;885;14;2096.00;35
5203;13;624384810;5203;236;6087;6121;7.88;0.48;255.56;5.12;884;14;2097.00;34
5205;13;624384823;5205;227;6088;6121;7.94;0.48;255.67;5.12;883;14;2098.00;33
5208;13;624384836;5208;223;6093;6125;7.97;0.49;255.77;5.12;885;14;2099.00;32
5210;13;624384852;5210;219;6098;6140;8.02;0.49;255.80;5.12;888;14;2100.00;42
5213;13;624384872;5213;215;6098;6140;8.11;0.49;255.93;5.12;885;14;2101.00;42
5216;13;624384886;5216;212;6098;6140;8.18;0.50;256.00;5.12;882;14;2102.00;42
5220;13;624384899;5220;208;6102;6146;8.23;0.50;256.04;5.12;882;14;2103.00;44
5221;13;624384912;5221;207;6102;6146;8.34;0.51;256.04;5.12;881;14;2104.00;44
5223;13;624384932;5223;209;6102;6146;8.44;0.51;256.18;5.12;879;14;2105.00;44
5226;13;624384945;5226;207;6106;6149;8.54;0.52;256.23;5.12;880;14;2106.00;43
5231;13;624384958;5231;203;6106;6149;8.65;0.53;256.35;5.12;875;14;2107.00;43
5233;13;624384971;5233;199;6107;6149;8.82;0.54;256.38;5.12;874;14;2108.00;42
5235;13;624384984;5235;201;6107;6150;8.92;0.54;256.42;5.12;872;14;2109.00;43
5237;13;624384997;5237;199;6108;6151;9.04;0.55;256.47;5.11;871;14;2110.00;43
5241;13;624385011;5241;203;6108;6151;9.15;0.56;256.67;5.11;867;14;2111.00;43
5245;13;624385024;5245;203;6120;6164;9.22;0.56;256.56;5.11;875;14;2112.00;44
5248;13;624385039;5248;198;6120;6164;9.29;0.56;256.75;5.11;872;14;2113.00;44
5250;13;624385051;5250;202;6120;6164;9.34;0.57;256.77;5.11;870;14;2114.00;44
5252;13;624385066;5252;204;6122;6166;9.43;0.57;256.81;5.11;870;14;2115.00;44
5253;13;624385079;5253;203;6122;6166;9.46;0.57;256.86;5.11;869;14;2116.00;44
5257;13;624385092;5257;197;6125;6170;9.50;0.58;257.06;5.10;868;14;2117.00;45
5259;13;624385105;5259;197;6127;6170;9.46;0.57;257.07;5.11;868;14;2118.00;43
5264;13;624385119;5264;195;6130;6174;9.41;0.57;257.12;5.11;866;14;2119.00;44
5265;13;624385131;5265;191;6131;6174;9.38;0.57;257.15;5.18;866;14;2120.00;43
5267;13;624385144;5267;192;6131;6174;9.45;0.57;257.22;5.18;864;14;2121.00;43
5270;13;624385157;5270;199;6131;6174;9.42;0.57;257.28;5.18;861;14;2122.00;43
5273;13;624385176;5273;191;6132;6174;9.39;0.57;257.37;5.18;859;14;2123.00;42
5274;13;624385188;5274;192;6142;6186;9.45;0.57;257.36;5.18;868;14;2124.00;44
5277;13;624385206;5277;199;6142;6186;9.53;0.58;257.39;5.18;865;14;2125.00;44
5281;13;624385220;5281;190;6143;6186;9.56;0.58;257.40;5.18;862;14;2126.00;43
5284;13;624385232;5284;185;6145;6186;9.63;0.58;257.40;5.18;861;14;2127.00;41
5286;13;624385244;5286;177;6145;6186;9.77;0.59;257.45;5.18;859;14;2128.00;41
5287;13;624385257;5287;178;6148;6186;9.84;0.60;257.41;5.19;861;14;2129.00;38
5288;13;624385277;5288;170;6148;6187;9.89;0.60;257.40;5.19;860;14;2130.00;39
5289;13;624385290;5289;170;6148;6187;9.99;0.61;257.36;5.19;859;14;2131.00;39
5294;13;624385303;5294;167;6153;6193;10.05;0.61;257.52;5.18;859;14;2132.00;40
5297;13;624385316;5297;170;6154;6194;10.12;0.62;257.66;5.18;857;14;2133.00;40
5299;13;624385329;5299;169;6154;6194;10.08;0.61;257.83;5.18;855;14;2134.00;40
5302;13;624385341;5302;172;6154;6194;10.04;0.61;257.83;5.18;852;14;2135.00;40
5306;13;624385353;5306;174;6158;6198;9.93;0.60;257.84;5.25;852;14;2136.00;40
5311;13;624385366;5311;177;6158;6198;9.86;0.60;257.77;5.25;847;14;2137.00;40
5313;13;624385378;5313;180;6158;6198;9.84;0.60;257.78;5.25;845;14;2138.00;40
5316;13;624385390;5316;178;6159;6199;9.83;0.60;257.84;5.25;843;14;2139.00;40
5318;13;624385402;5318;178;6162;6203;9.86;0.60;257.88;5.25;844;14;2140.00;41
5323;13;624385415;5323;180;6162;6203;9.83;0.60;257.88;5.25;839;14;2141.00;41
5325;13;624385427;5325;178;6164;6206;9.85;0.60;257.88;5.25;839;14;2142.00;42
5330;13;624385440;5330;182;6166;6206;9.78;0.59;257.92;5.31;836;14;2143.00;40
5336;13;624385452;5336;181;6166;6206;9.80;0.60;257.89;5.31;830;14;2144.00;40
5337;13;624385463;5337;186;6167;6206;9.78;0.60;257.88;5.32;830;14;2145.00;39
5342;13;624385476;5342;185;6172;6210;9.77;0.59;257.87;5.39;830;14;2146.00;38
5346;13;624385489;5346;193;6172;6210;9.71;0.59;257.91;5.39;826;14;2147.00;38
5348;13;624385501;5348;193;6172;6210;9.72;0.59;257.86;5.39;824;14;2148.00;38
5351;13;624385512;5351;191;6173;6210;9.71;0.59;257.89;5.44;822;14;2149.00;37
5355;13;624385523;5355;196;6173;6211;9.63;0.59;257.90;5.44;818;14;2150.00;38
5361;13;624385539;5361;197;6174;6212;9.54;0.58;257.98;5.44;813;14;2151.00;38
5363;13;624385556;5363;203;6174;6212;9.47;0.58;257.99;5.44;811;14;2152.00;38
5366;13;624385567;5366;203;6175;6213;9.44;0.57;257.99;5.44;809;14;2153.00;38
5373;13;624385579;5373;209;6175;6213;9.38;0.57;257.95;5.44;802;14;2154.00;38
5375;13;624385589;5375;216;6176;6213;9.35;0.57;257.98;5.50;801;14;2155.00;37
5378;13;624385600;5378;218;6176;6213;9.31;0.56;258.09;5.50;798;14;2156.00;37
5379;13;624385610;5379;220;6176;6213;9.30;0.56;258.07;5.50;797;14;2157.00;37
5383;13;624385620;5383;221;6176;6213;9.20;0.56;258.04;5.50;793;14;2158.00;37
5386;13;624385630;5386;226;6176;6213;9.11;0.55;258.13;5.50;790;14;2159.00;37
5388;13;624385642;5388;266;6273;6443;9.04;0.56;258.13;5.41;885;14;2160.00;170
5391;13;624385669;5391;258;6278;6444;8.96;0.56;258.23;5.41;887;14;2161.00;166
5393;13;624385680;5393;254;6289;6444;8.98;0.56;258.30;5.40;896;14;2162.00;155
5395;13;624385691;5395;257;6295;6444;8.87;0.55;258.35;5.40;900;14;2163.00;149
5399;13;624385701;5399;251;6305;6444;8.78;0.55;258.45;5.40;906;14;2164.00;139
5402;13;624385717;5402;250;6311;6444;8.66;0.54;258.42;5.40;909;14;2165.00;133
5402;13;624385733;5402;251;6322;6444;8.62;0.54;258.42;5.40;920;14;2166.00;122
5404;14;624385744;5404;251;6329;6444;8.55;0.53;258.39;5.40;925;15;2167.00;115
5405;14;624385776;5405;253;6334;6445;8.51;0.53;258.36;5.40;929;15;2168.00;111
5405;14;624385787;5405;264;6339;6446;8.51;0.53;258.36;5.42;934;15;2169.00;107
5408;14;624385798;5408;275;6346;6446;8.43;0.52;258.33;5.42;938;15;2170.00;100
5413;14;624385809;5413;279;6349;6447;8.35;0.52;258.40;5.43;936;15;2171.00;98
5415;14;624385820;5415;279;6354;6447;8.30;0.51;258.32;5.44;939;15;2172.00;93
5415;14;624385831;5415;290;6358;6447;8.18;0.51;258.32;5.46;943;15;2173.00;89
5417;14;624385841;5417;303;6363;6447;8.03;0.50;258.25;5.47;946;15;2174.00;84
5419;14;624385852;5419;307;6365;6451;7.91;0.49;258.18;5.47;946;15;2175.00;86
5422;14;624385863;5422;311;6369;6451;7.82;0.48;258.17;5.48;947;15;2176.00;82
5427;14;624385874;5427;310;6371;6451;7.65;0.47;258.25;5.48;944;15;2177.00;80
5430;14;624385885;5430;317;6374;6454;7.53;0.46;258.18;5.49;944;15;2178.00;80
5433;14;624385907;5433;328;6376;6454;7.45;0.46;258.34;5.51;943;15;2179.00;78
5436;14;624385918;5436;336;6380;6454;7.38;0.45;258.30;5.53;944;15;2180.00;74
5438;14;624385928;5438;338;6386;6458;7.31;0.45;258.26;5.54;948;15;2181.00;72
5440;14;624385939;5440;350;6389;6459;7.26;0.45;258.29;5.55;949;15;2182.00;70
5442;14;624385949;5442;352;6391;6459;7.15;0.44;258.27;5.56;949;15;2183.00;68
5446;14;624385959;5446;361;6397;6463;6.97;0.43;258.30;5.57;951;15;2184.00;66
5448;14;624385976;5448;377;6399;6463;6.90;0.43;258.31;5.58;951;15;2185.00;64
5452;14;624385986;5452;383;6401;6463;6.75;0.42;258.32;5.59;949;15;2186.00;62
5454;14;624385997;5454;390;6406;6464;6.67;0.41;258.29;5.60;952;15;2187.00;58
5454;14;624386007;5454;396;6408;6464;6.56;0.40;258.29;5.61;954;15;2188.00;56
5458;14;624386017;5458;399;6415;6470;6.46;0.40;258.23;5.62;957;15;2189.00;55
5461;14;624386029;5461;397;6416;6470;6.29;0.39;258.13;5.62;955;15;2190.00;54
5462;14;624386039;5462;400;6416;6471;6.21;0.38;258.21;5.62;954;15;2191.00;55
5464;14;624386049;5464;402;6418;6471;6.10;0.38;258.23;5.62;954;15;2192.00;53
5467;14;624386059;5467;413;6420;6471;5.98;0.37;258.23;5.63;953;15;2193.00;51
5469;14;624386069;5469;412;6421;6471;5.88;0.36;258.19;5.63;952;15;2194.00;50
5471;14;624386079;5471;407;6422;6471;5.81;0.36;258.13;5.64;951;15;2195.00;49
5471;14;624386089;5471;407;6431;6483;5.86;0.36;258.13;5.63;960;15;2196.00;52
5471;14;624386100;5471;404;6434;6483;5.85;0.36;258.13;5.64;963;15;2197.00;49
5473;14;624386110;5473;399;6435;6483;5.91;0.36;258.17;5.64;962;15;2198.00;48
5475;14;624386120;5475;399;6438;6483;5.97;0.37;258.15;5.65;963;15;2199.00;45
5477;14;624386131;5477;397;6440;6483;5.99;0.37;258.07;5.66;963;15;2200.00;43
5479;14;624386145;5479;397;6440;6483;5.99;0.37;258.00;5.66;961;15;2201.00;43
5481;14;624386155;5481;399;6445;6487;5.98;0.37;258.03;5.66;964;15;2202.00;42
5483;14;624386172;5483;404;6445;6487;5.98;0.37;258.02;5.66;962;15;2203.00;42
5485;15;624386182;5485;402;6451;6491;6.00;0.37;258.06;5.66;966;16;2204.00;40
5489;15;624386209;5489;401;6454;6493;5.90;0.36;258.02;5.66;965;16;2205.00;39
5490;15;624386219;5490;400;6454;6493;5.80;0.36;258.01;5.66;964;16;2206.00;39
5493;15;624386229;5493;396;6455;6493;5.71;0.35;258.03;5.66;962;16;2207.00;38
5495;15;624386239;5495;399;6465;6506;5.68;0.35;258.02;5.65;970;16;2208.00;41
5496;15;624386250;5496;404;6466;6506;5.63;0.35;258.03;5.65;970;16;2209.00;40
5499;15;624386260;5499;396;6469;6508;5.64;0.35;258.06;5.65;970;16;2210.00;39
5504;15;624386270;5504;392;6470;6509;5.62;0.35;258.06;5.65;966;16;2211.00;39
5504;15;624386281;5504;385;6472;6510;5.70;0.35;258.06;5.64;968;16;2212.00;38
5506;15;624386291;5506;383;6472;6510;5.77;0.36;257.98;5.64;966;16;2213.00;38
5509;15;624386308;5509;381;6473;6513;5.89;0.36;258.01;5.64;964;16;2214.00;40
5511;15;624386320;5511;369;6473;6513;5.99;0.37;258.11;5.64;962;16;2215.00;40
5517;15;624386330;5517;368;6473;6513;6.08;0.38;258.14;5.64;956;16;2216.00;40
5521;15;624386341;5521;355;6474;6513;6.16;0.38;258.24;5.64;953;16;2217.00;39
5522;15;624386353;5522;345;6479;6519;6.33;0.39;258.21;5.64;957;16;2218.00;40
5529;15;624386364;5529;345;6479;6519;6.32;0.39;258.45;5.64;950;16;2219.00;40
5531;15;624386377;5531;338;6480;6519;6.37;0.39;258.51;5.64;949;16;2220.00;39
5535;15;624386388;5535;333;6480;6519;6.39;0.39;258.49;5.64;945;16;2221.00;39
5540;15;624386398;5540;327;6484;6523;6.47;0.40;258.52;5.64;944;16;2222.00;39
5547;15;624386409;5547;324;6486;6524;6.52;0.40;258.50;5.64;939;16;2223.00;38
5548;15;624386420;5548;325;6486;6524;6.65;0.41;258.52;5.64;938;16;2224.00;38
5555;15;624386431;5555;327;6487;6525;6.69;0.41;258.64;5.64;932;16;2225.00;38
5559;15;624386442;5559;329;6487;6525;6.70;0.41;258.71;5.64;928;16;2226.00;38
5561;15;624386455;5561;328;6487;6525;6.76;0.41;258.74;5.64;926;16;2227.00;38
5568;15;624386465;5568;325;6487;6525;6.69;0.41;258.74;5.64;919;16;2228.00;38
5572;15;624386476;5572;325;6487;6525;6.65;0.41;258.75;5.64;915;16;2229.00;38
5577;15;624386487;5577;326;6487;6525;6.57;0.40;258.71;5.64;910;16;2230.00;38
5583;15;624386499;5583;321;6487;6525;6.50;0.40;258.72;5.64;904;16;2231.00;38
5586;15;624386510;5586;333;6525;6595;6.63;0.41;258.72;5.60;939;16;2232.00;70
5588;15;624386526;5588;331;6527;6596;6.58;0.40;258.73;5.60;939;16;2233.00;69
5595;15;624386541;5595;346;6533;6596;6.62;0.40;258.77;5.60;938;16;2234.00;63
5600;15;624386561;5600;344;6538;6596;6.61;0.40;258.90;5.60;938;16;2235.00;58
5601;15;624386577;5601;338;6541;6596;6.71;0.41;258.93;5.60;940;16;2236.00;55
5605;15;624386594;5605;342;6544;6596;6.74;0.41;259.02;5.59;939;16;2237.00;52
5608;15;624386611;5608;343;6547;6596;6.75;0.41;258.99;5.59;939;16;2238.00;49
5615;15;624386630;5615;341;6549;6596;6.72;0.41;259.08;5.60;934;16;2239.00;47
5619;15;624386646;5619;342;6551;6597;6.69;0.41;259.15;5.60;932;16;2240.00;46
5620;15;624386661;5620;334;6552;6598;6.71;0.41;259.17;5.60;932;16;2241.00;46
5626;15;624386673;5626;327;6554;6598;6.74;0.41;259.26;5.60;928;16;2242.00;44
5629;15;624386686;5629;322;6559;6602;6.75;0.41;259.26;5.60;930;16;2243.00;43
5632;15;624386699;5632;322;6560;6602;6.78;0.41;259.33;5.60;928;16;2244.00;42
5636;15;624386711;5636;317;6560;6602;6.80;0.41;259.25;5.60;924;16;2245.00;42
5639;15;624386724;5639;313;6560;6602;6.85;0.42;259.31;5.60;921;16;2246.00;42
5642;15;624386746;5642;312;6566;6608;6.88;0.42;259.39;5.66;924;16;2247.00;42
5645;15;624386761;5645;314;6566;6608;6.91;0.42;259.41;5.66;921;16;2248.00;42
5648;15;624386774;5648;315;6566;6608;6.93;0.42;259.57;5.66;918;16;2249.00;42
5652;15;624386788;5652;311;6570;6614;7.00;0.43;259.56;5.66;918;16;2250.00;44
5653;15;624386800;5653;308;6570;6614;7.01;0.43;259.58;5.66;917;16;2251.00;44
5659;15;624386813;5659;301;6572;6614;7.00;0.43;259.72;5.66;913;16;2252.00;42
5660;15;624386825;5660;301;6572;6615;7.04;0.43;259.73;5.66;912;16;2253.00;43
5664;15;624386837;5664;298;6573;6616;7.08;0.43;259.83;5.65;909;16;2254.00;43
5666;15;624386849;5666;300;6573;6616;7.10;0.43;259.92;5.65;907;16;2255.00;43
5669;15;624386860;5669;300;6584;6629;7.18;0.44;259.95;5.65;915;16;2256.00;45
5672;15;624386873;5672;285;6584;6629;7.22;0.44;259.95;5.65;912;16;2257.00;45
5678;15;624386886;5678;278;6584;6629;7.21;0.44;260.12;5.65;906;16;2258.00;45
5681;15;624386898;5681;269;6585;6630;7.26;0.44;260.23;5.64;904;16;2259.00;45
5683;15;624386911;5683;267;6585;6630;7.29;0.44;260.30;5.64;902;16;2260.00;45
5685;15;624386924;5685;260;6589;6634;7.39;0.45;260.31;5.64;904;16;2261.00;45
5689;15;624386947;5689;260;6589;6634;7.42;0.45;260.33;5.64;900;16;2262.00;45
5690;15;624386961;5690;257;6592;6638;7.48;0.45;260.30;5.64;902;16;2263.00;46
5692;15;624386976;5692;255;6592;6638;7.56;0.46;260.42;5.64;900;16;2264.00;46
5695;15;624386988;5695;255;6592;6638;7.67;0.47;260.48;5.64;897;16;2265.00;46
5698;15;624387008;5698;242;6592;6638;7.75;0.47;260.64;5.64;894;16;2266.00;46
5702;15;624387023;5702;234;6592;6638;7.80;0.48;260.68;5.64;890;16;2267.00;46
5704;15;624387036;5704;221;6601;6650;7.92;0.48;260.71;5.63;897;16;2268.00;49
5708;15;624387053;5708;215;6601;6650;8.01;0.49;260.78;5.63;893;16;2269.00;49
5713;15;624387077;5713;207;6603;6650;8.17;0.50;260.86;5.63;890;16;2270.00;47
5714;15;624387091;5714;201;6604;6650;8.26;0.50;260.86;5.70;890;16;2271.00;46
5716;15;624387106;5716;196;6604;6650;8.39;0.51;260.90;5.70;888;16;2272.00;46
5718;15;624387120;5718;194;6604;6650;8.50;0.52;260.96;5.70;886;16;2273.00;46
5721;15;624387133;5721;191;6604;6651;8.67;0.53;260.97;5.70;883;16;2274.00;47
5724;15;624387146;5724;187;6604;6651;8.73;0.53;261.02;5.70;880;16;2275.00;47
5726;15;624387160;5726;183;6609;6657;8.85;0.54;261.09;5.70;883;16;2276.00;48
5728;15;624387172;5728;176;6610;6658;8.95;0.54;261.11;5.70;882;16;2277.00;48
5731;15;624387186;5731;174;6610;6658;9.04;0.55;261.19;5.70;879;16;2278.00;48
5736;15;624387199;5736;177;6610;6658;9.06;0.55;261.25;5.70;874;16;2279.00;48
5739;15;624387214;5739;172;6614;6663;9.05;0.55;261.22;5.69;875;16;2280.00;49
5741;15;624387227;5741;173;6614;6663;9.05;0.55;261.32;5.69;873;16;2281.00;49
5743;15;624387240;5743;174;6614;6663;9.09;0.55;261.26;5.69;871;16;2282.00;49
5745;15;624387253;5745;178;6615;6664;9.10;0.55;261.35;5.69;870;16;2283.00;49
5746;15;624387265;5746;176;6618;6668;9.07;0.55;261.33;5.69;872;16;2284.00;50
5748;15;624387278;5748;176;6618;6668;8.97;0.54;261.27;5.69;870;16;2285.00;50
5751;15;624387291;5751;182;6620;6671;8.98;0.54;261.31;5.69;869;16;2286.00;51
5753;15;624387304;5753;179;6620;6671;8.92;0.54;261.29;5.69;867;16;2287.00;51
5755;15;624387316;5755;178;6622;6671;8.88;0.54;261.27;5.76;867;16;2288.00;49
5756;15;624387336;5756;178;6622;6671;8.87;0.54;261.28;5.76;866;16;2289.00;49
5758;15;624387349;5758;179;6626;6675;8.96;0.54;261.29;5.76;868;16;2290.00;49
5762;15;624387362;5762;179;6626;6675;9.00;0.55;261.26;5.76;864;16;2291.00;49
5766;15;624387375;5766;180;6626;6675;9.06;0.55;261.45;5.76;860;16;2292.00;49
5766;15;624387387;5766;177;6626;6675;9.15;0.56;261.45;5.76;860;16;2293.00;49
5769;15;624387399;5769;177;6626;6676;9.26;0.56;261.54;5.76;857;16;2294.00;50
5773;15;624387411;5773;175;6628;6678;9.30;0.56;261.52;5.76;855;16;2295.00;50
5775;15;624387424;5775;178;6628;6678;9.32;0.57;261.49;5.76;853;16;2296.00;50
5776;15;624387436;5776;172;6629;6679;9.36;0.57;261.51;5.76;853;16;2297.00;50
5779;15;624387448;5779;174;6629;6679;9.47;0.57;261.56;5.76;850;16;2298.00;50
5780;15;624387469;5780;176;6629;6679;9.53;0.58;261.55;5.76;849;16;2299.00;50
5783;15;624387484;5783;175;6630;6679;9.54;0.58;261.56;5.83;847;16;2300.00;49
5785;15;624387502;5785;175;6630;6679;9.64;0.59;261.62;5.83;845;16;2301.00;49
5788;15;624387515;5788;173;6630;6679;9.70;0.59;261.63;5.83;842;16;2302.00;49
5789;15;624387528;5789;176;6630;6679;9.74;0.59;261.61;5.83;841;16;2303.00;49
5792;15;624387543;5792;206;6702;6806;9.64;0.59;261.64;5.77;910;16;2304.00;104
5794;15;624387566;5794;193;6703;6807;9.68;0.59;261.66;5.77;909;16;2305.00;104
5796;15;624387579;5796;183;6709;6807;9.88;0.61;261.74;5.76;913;16;2306.00;98
5798;15;624387591;5798;182;6711;6807;9.90;0.61;261.76;5.76;913;16;2307.00;96
5803;15;624387603;5803;188;6718;6807;9.90;0.61;261.93;5.76;915;16;2308.00;89
5804;15;624387615;5804;190;6721;6807;9.84;0.60;261.93;5.76;917;16;2309.00;86
5810;15;624387628;5810;192;6725;6807;9.74;0.60;261.96;5.76;915;16;2310.00;82
5812;15;624387639;5812;192;6727;6807;9.66;0.59;261.97;5.76;915;16;2311.00;80
5818;15;624387656;5818;199;6729;6808;9.57;0.59;262.09;5.76;911;16;2312.00;79
5822;15;624387669;5822;203;6735;6809;9.44;0.58;262.06;5.84;913;16;2313.00;74
5827;15;624387680;5827;211;6736;6809;9.36;0.57;262.19;5.84;909;16;2314.00;73
5830;15;624387692;5830;215;6739;6810;9.26;0.57;262.15;5.85;909;16;2315.00;71
5832;15;624387709;5832;220;6740;6810;9.27;0.57;262.13;5.85;908;16;2316.00;70
5835;15;624387721;5835;218;6741;6810;9.21;0.56;262.19;5.86;906;16;2317.00;69
5842;15;624387732;5842;214;6747;6810;9.03;0.55;262.15;5.86;905;16;2318.00;63
5845;15;624387743;5845;217;6751;6814;8.97;0.55;262.12;5.86;906;16;2319.00;63
5846;15;624387754;5846;218;6751;6814;8.93;0.55;262.16;5.86;905;16;2320.00;63
5850;15;624387765;5850;216;6752;6814;8.89;0.54;262.15;5.86;902;16;2321.00;62
5853;15;624387776;5853;218;6754;6817;8.85;0.54;262.11;5.86;901;16;2322.00;63
5856;15;624387793;5856;221;6755;6817;8.82;0.54;262.01;5.86;899;16;2323.00;62
5861;15;624387809;5861;231;6755;6817;8.79;0.54;261.92;5.86;894;16;2324.00;62
5863;15;624387820;5863;233;6760;6821;8.74;0.54;261.98;5.86;897;16;2325.00;61
5869;15;624387831;5869;240;6761;6822;8.69;0.53;261.93;5.86;892;16;2326.00;61
5873;15;624387842;5873;246;6763;6822;8.65;0.53;261.89;5.94;890;16;2327.00;59
5876;15;624387853;5876;252;6767;6826;8.63;0.53;261.85;5.94;891;16;2328.00;59
5881;15;624387869;5881;254;6767;6826;8.56;0.52;261.94;5.94;886;16;2329.00;59
5885;15;624387880;5885;260;6767;6826;8.44;0.51;261.91;5.94;882;16;2330.00;59
5886;15;624387891;5886;265;6768;6827;8.38;0.51;261.87;5.94;882;16;2331.00;59
5891;15;624387903;5891;272;6768;6827;8.27;0.50;261.93;5.94;877;16;2332.00;59
5891;15;624387913;5891;275;6773;6833;8.19;0.50;261.93;5.93;882;16;2333.00;60
5894;15;624387924;5894;282;6773;6833;8.05;0.49;261.92;5.93;879;16;2334.00;60
5894;15;624387935;5894;290;6773;6834;7.95;0.48;261.92;5.93;879;16;2335.00;61
5899;15;624387945;5899;298;6774;6834;7.81;0.48;261.81;5.95;875;16;2336.00;60
5901;15;624387955;5901;303;6774;6834;7.67;0.47;261.75;5.95;873;16;2337.00;60
5904;15;624387965;5904;307;6775;6834;7.59;0.46;261.71;6.03;871;16;2338.00;59
5907;15;624387976;5907;319;6776;6834;7.47;0.45;261.65;6.04;869;16;2339.00;58
5908;15;624387988;5908;333;6802;6870;7.49;0.46;261.64;6.03;894;16;2340.00;68
5909;15;624388000;5909;338;6802;6870;7.41;0.45;261.65;6.03;893;16;2341.00;68
5912;15;624388010;5912;338;6807;6870;7.31;0.45;261.63;6.04;895;16;2342.00;63
5912;15;624388020;5912;344;6808;6870;7.22;0.44;261.63;6.05;896;16;2343.00;62
5912;15;624388029;5912;352;6810;6870;7.14;0.44;261.63;6.05;898;16;2344.00;60
5912;15;624388038;5912;360;6811;6870;7.08;0.43;261.63;6.07;899;16;2345.00;59
5913;15;624388052;5913;362;6816;6874;6.99;0.43;261.61;6.07;903;16;2346.00;58
5915;15;624388062;5915;358;6817;6874;6.93;0.42;261.57;6.08;902;16;2347.00;57
5918;15;624388072;5918;357;6822;6878;6.96;0.42;261.51;6.08;904;16;2348.00;56
5920;15;624388082;5920;356;6825;6879;6.94;0.42;261.51;6.09;905;16;2349.00;54
5920;15;624388092;5920;359;6825;6879;6.82;0.41;261.51;6.09;905;16;2350.00;54
5920;15;624388102;5920;359;6826;6879;6.81;0.42;261.51;6.10;906;16;2351.00;53
5922;15;624388112;5922;365;6839;6892;6.75;0.41;261.48;6.10;917;16;2352.00;53
5922;15;624388123;5922;365;6839;6892;6.73;0.41;261.48;6.10;917;16;2353.00;53
5922;15;624388144;5922;368;6840;6892;6.73;0.41;261.48;6.11;918;16;2354.00;52
5923;15;624388153;5923;368;6841;6893;6.67;0.41;261.46;6.11;918;16;2355.00;52
5924;15;624388163;5924;369;6842;6894;6.65;0.41;261.44;6.12;918;16;2356.00;52
5926;15;624388172;5926;368;6842;6894;6.61;0.41;261.50;6.12;916;16;2357.00;52
5927;15;624388182;5927;373;6844;6897;6.61;0.41;261.47;6.12;917;16;2358.00;53
5930;15;624388192;5930;374;6847;6897;6.47;0.40;261.44;6.14;917;16;2359.00;50
5932;15;624388202;5932;370;6848;6897;6.42;0.39;261.42;6.14;916;16;2360.00;49
5933;15;624388211;5933;371;6849;6897;6.36;0.39;261.39;6.15;916;16;2361.00;48
5936;15;624388221;5936;370;6856;6903;6.37;0.39;261.44;6.16;920;16;2362.00;47
5937;15;624388231;5937;369;6857;6903;6.36;0.39;261.43;6.16;920;16;2363.00;46
5939;15;624388246;5939;364;6857;6903;6.25;0.38;261.38;6.16;918;16;2364.00;46
5940;15;624388257;5940;366;6858;6903;6.23;0.38;261.37;6.17;918;16;2365.00;45
5940;15;624388266;5940;363;6861;6907;6.22;0.38;261.37;6.17;921;16;2366.00;46
5940;15;624388275;5940;363;6865;6908;6.24;0.38;261.37;6.18;925;16;2367.00;43
5942;15;624388285;5942;362;6865;6908;6.26;0.38;261.43;6.18;923;16;2368.00;43
5945;15;624388294;5945;355;6867;6909;6.31;0.38;261.36;6.19;922;16;2369.00;42
5948;15;624388305;5948;355;6867;6909;6.30;0.38;261.41;6.19;919;16;2370.00;42
5950;15;624388320;5950;357;6867;6909;6.24;0.38;261.46;6.19;917;16;2371.00;42
5953;15;624388330;5953;359;6870;6909;6.16;0.37;261.47;6.20;917;16;2372.00;39
5957;15;624388339;5957;360;6870;6909;6.07;0.37;261.53;6.20;913;16;2373.00;39
5961;15;624388348;5961;362;6870;6909;5.94;0.36;261.52;6.20;909;16;2374.00;39
5963;15;624388357;5963;361;6871;6909;5.89;0.36;261.50;6.20;908;16;2375.00;38
5968;15;624388366;5968;377;6918;6979;5.95;0.36;261.59;6.16;950;16;2376.00;61
5972;15;624388381;5972;381;6921;6980;5.87;0.36;261.60;6.16;949;16;2377.00;59
5974;15;624388391;5974;374;6926;6980;5.86;0.36;261.68;6.15;952;16;2378.00;54
5976;15;624388401;5976;375;6928;6980;5.85;0.36;261.72;6.15;952;16;2379.00;52
5981;16;624388416;5981;365;6933;6980;5.87;0.36;261.79;6.15;952;17;2380.00;47
5981;16;624388432;5981;356;6935;6980;5.88;0.36;261.79;6.15;954;17;2381.00;45
5983;16;624388442;5983;354;6936;6980;5.90;0.36;261.83;6.15;953;17;2382.00;44
5986;16;624388452;5986;357;6938;6980;5.89;0.36;261.86;6.15;952;17;2383.00;42
5988;16;624388461;5988;359;6941;6981;5.86;0.36;261.87;6.15;953;17;2384.00;40
5991;16;624388482;5991;362;6944;6983;5.87;0.36;261.89;6.15;953;17;2385.00;39
5993;16;624388493;5993;365;6945;6983;5.89;0.36;261.95;6.15;952;17;2386.00;38
5995;16;624388503;5995;367;6949;6987;5.93;0.36;261.91;6.15;954;17;2387.00;38
5999;16;624388514;5999;364;6949;6987;5.98;0.37;261.97;6.15;950;17;2388.00;38
6003;16;624388524;6003;362;6949;6987;5.99;0.37;262.10;6.15;946;17;2389.00;38
6004;16;624388538;6004;357;6950;6987;6.08;0.37;262.07;6.15;946;17;2390.00;37
6009;16;624388552;6009;355;6956;6993;6.14;0.38;262.13;6.15;947;17;2391.00;37
6011;16;624388572;6011;347;6956;6993;6.23;0.38;262.21;6.15;945;17;2392.00;37
6014;16;624388589;6014;346;6956;6993;6.30;0.39;262.27;6.15;942;17;2393.00;37
6021;16;624388603;6021;348;6959;6996;6.35;0.39;262.34;6.14;938;17;2394.00;37
6025;16;624388621;6025;344;6959;6996;6.42;0.39;262.23;6.14;934;17;2395.00;37
6031;16;624388637;6031;345;6959;6996;6.45;0.39;262.39;6.14;928;17;2396.00;37
6035;16;624388654;6035;348;6960;6997;6.47;0.39;262.49;6.14;925;17;2397.00;37
6040;16;624388667;6040;344;6961;6998;6.51;0.40;262.56;6.14;921;17;2398.00;37
6045;16;624388679;6045;346;6961;6998;6.58;0.40;262.61;6.14;916;17;2399.00;37
6051;16;624388695;6051;353;6986;7057;6.68;0.41;262.74;6.12;935;17;2400.00;71
6054;16;624388719;6054;347;6987;7057;6.74;0.41;262.79;6.12;933;17;2401.00;70
6059;16;624388732;6059;351;6990;7057;6.79;0.41;262.91;6.12;931;17;2402.00;67
6063;16;624388744;6063;347;6992;7058;6.91;0.42;263.02;6.12;929;17;2403.00;66
6065;16;624388756;6065;346;6993;7058;7.01;0.43;263.02;6.12;928;17;2404.00;65
6070;16;624388769;6070;341;6998;7062;7.07;0.43;263.06;6.11;928;17;2405.00;64
6074;16;624388781;6074;338;6999;7062;7.10;0.43;263.24;6.11;925;17;2406.00;63
6076;16;624388793;6076;330;7002;7066;7.15;0.44;263.34;6.11;926;17;2407.00;64
6081;16;624388805;6081;329;7003;7066;7.12;0.43;263.42;6.11;922;17;2408.00;63
6084;16;624388817;6084;325;7004;7066;7.14;0.43;263.45;6.11;920;17;2409.00;62
6089;16;624388828;6089;322;7005;7066;7.12;0.43;263.60;6.11;916;17;2410.00;61
6093;16;624388841;6093;321;7006;7066;7.09;0.43;263.75;6.11;913;17;2411.00;60
6094;16;624388854;6094;315;7014;7078;7.15;0.44;263.77;6.11;920;17;2412.00;64
6097;16;624388866;6097;311;7014;7078;7.10;0.43;263.92;6.11;917;17;2413.00;64
6099;16;624388878;6099;315;7016;7078;7.11;0.43;263.87;6.11;917;17;2414.00;62
6104;16;624388889;6104;315;7018;7078;7.09;0.43;264.00;6.11;914;17;2415.00;60
6108;16;624388917;6108;317;7018;7078;7.12;0.44;264.08;6.11;910;17;2416.00;60
6113;16;624388929;6113;317;7019;7078;7.13;0.43;264.03;6.11;906;17;2417.00;59
6117;16;624388942;6117;316;7019;7079;7.12;0.43;264.03;6.11;902;17;2418.00;60
6120;16;624388954;6120;310;7019;7079;7.15;0.44;264.14;6.11;899;17;2419.00;60
6127;16;624388965;6127;319;7026;7085;7.16;0.44;264.14;6.11;899;17;2420.00;59
6130;16;624388979;6130;316;7028;7086;7.21;0.44;264.19;6.20;898;17;2421.00;58
6137;16;624388992;6137;315;7028;7086;7.18;0.44;264.26;6.20;891;17;2422.00;58
6140;16;624389004;6140;317;7029;7086;7.16;0.43;264.19;6.20;889;17;2423.00;57
6144;16;624389016;6144;316;7031;7090;7.17;0.43;264.22;6.20;887;17;2424.00;59
6146;16;624389028;6146;314;7032;7090;7.16;0.43;264.21;6.20;886;17;2425.00;58
6148;16;624389040;6148;314;7033;7090;7.09;0.43;264.24;6.20;885;17;2426.00;57
6151;16;624389051;6151;301;7035;7091;7.03;0.43;264.28;6.20;884;17;2427.00;56
6155;16;624389064;6155;297;7038;7095;6.94;0.42;264.26;6.20;883;17;2428.00;57
6158;16;624389076;6158;290;7038;7095;6.90;0.42;264.46;6.20;880;17;2429.00;57
6163;16;624389090;6163;286;7043;7101;6.94;0.42;264.56;6.20;880;17;2430.00;58
6163;16;624389103;6163;282;7043;7101;7.01;0.42;264.56;6.20;880;17;2431.00;58
6168;16;624389114;6168;274;7045;7101;7.03;0.43;264.63;6.20;877;17;2432.00;56
6171;16;624389126;6171;273;7045;7101;7.11;0.43;264.71;6.20;874;17;2433.00;56
6173;16;624389138;6173;266;7049;7105;7.25;0.44;264.73;6.20;876;17;2434.00;56
6177;16;624389150;6177;262;7049;7105;7.24;0.44;264.79;6.20;872;17;2435.00;56
6179;16;624389162;6179;247;7049;7105;7.25;0.44;264.80;6.20;870;17;2436.00;56
6181;16;624389173;6181;239;7050;7105;7.32;0.45;264.92;6.29;869;17;2437.00;55
6184;17;624389185;6184;229;7051;7106;7.34;0.45;265.03;6.29;867;18;2438.00;55
6188;17;624389204;6188;218;7052;7107;7.41;0.45;265.12;6.29;864;18;2439.00;55
6190;17;624389217;6190;207;7052;7107;7.48;0.46;265.10;6.29;862;18;2440.00;55
6192;17;624389233;6192;201;7054;7108;7.59;0.46;265.14;6.38;862;18;2441.00;54
6195;17;624389246;6195;198;7054;7108;7.66;0.47;265.22;6.38;859;18;2442.00;54
6197;17;624389258;6197;191;7055;7108;7.79;0.47;265.25;6.38;858;18;2443.00;53
6201;17;624389271;6201;185;7055;7108;7.86;0.48;265.44;6.38;854;18;2444.00;53
6204;17;624389283;6204;182;7055;7108;7.93;0.48;265.38;6.38;851;18;2445.00;53
6207;17;624389295;6207;178;7055;7108;8.00;0.49;265.44;6.38;848;18;2446.00;53
6210;17;624389308;6210;179;7056;7108;8.01;0.49;265.45;6.48;846;18;2447.00;52
6212;17;624389322;6212;197;7123;7235;8.11;0.50;265.50;6.42;911;18;2448.00;112
6212;17;624389345;6212;190;7125;7236;8.14;0.50;265.50;6.42;913;18;2449.00;111
6214;17;624389358;6214;185;7132;7236;8.24;0.51;265.48;6.42;918;18;2450.00;104
6217;17;624389371;6217;175;7134;7236;8.27;0.51;265.54;6.42;917;18;2451.00;102
6221;17;624389384;6221;173;7140;7236;8.38;0.52;265.52;6.50;919;18;2452.00;96
6222;17;624389399;6222;169;7144;7236;8.51;0.52;265.54;6.50;922;18;2453.00;92
6228;17;624389410;6228;166;7150;7236;8.54;0.53;265.59;6.59;922;18;2454.00;86
6230;17;624389424;6230;166;7154;7236;8.58;0.53;265.64;6.67;924;18;2455.00;82
6231;17;624389437;6231;167;7156;7237;8.62;0.53;265.64;6.67;925;18;2456.00;81
6234;17;624389449;6234;175;7162;7238;8.62;0.53;265.72;6.75;928;18;2457.00;76
6236;17;624389462;6236;170;7164;7238;8.61;0.53;265.71;6.75;928;18;2458.00;74
6238;17;624389475;6238;169;7167;7239;8.64;0.53;265.71;6.76;929;18;2459.00;72
6240;17;624389490;6240;173;7170;7239;8.61;0.53;265.76;6.84;930;18;2460.00;69
6243;17;624389503;6243;174;7172;7239;8.61;0.53;265.92;6.84;929;18;2461.00;67
6245;17;624389516;6245;187;7174;7239;8.62;0.53;265.92;6.84;929;18;2462.00;65
6248;17;624389529;6248;192;7178;7243;8.70;0.53;265.93;6.84;930;18;2463.00;65
6252;17;624389544;6252;197;7179;7243;8.69;0.53;265.97;6.91;927;18;2464.00;64
6257;17;624389556;6257;194;7183;7243;8.72;0.53;265.98;6.92;926;18;2465.00;60
6257;17;624389576;6257;199;7185;7246;8.80;0.54;265.98;6.99;928;18;2466.00;61
6260;17;624389589;6260;200;7186;7246;8.82;0.54;265.97;6.99;926;18;2467.00;60
6262;17;624389601;6262;199;7189;7246;8.79;0.54;266.04;6.99;927;18;2468.00;57
6263;17;624389613;6263;204;7192;7250;8.71;0.53;266.03;6.99;929;18;2469.00;58
6263;17;624389625;6263;203;7194;7251;8.73;0.53;266.03;6.99;931;18;2470.00;57
6267;17;624389636;6267;208;7196;7251;8.72;0.53;266.04;7.06;929;18;2471.00;55
6271;17;624389648;6271;218;7199;7255;8.66;0.53;266.04;7.06;928;18;2472.00;56
6271;17;624389660;6271;218;7199;7255;8.68;0.53;266.04;7.06;928;18;2473.00;56
6276;17;624389672;6276;226;7199;7255;8.64;0.53;265.98;7.06;923;18;2474.00;56
6278;17;624389683;6278;228;7201;7257;8.62;0.53;265.98;7.06;923;18;2475.00;56
6280;17;624389695;6280;230;7201;7257;8.59;0.52;265.95;7.06;921;18;2476.00;56
6282;17;624389706;6282;237;7207;7263;8.50;0.52;265.91;7.12;925;18;2477.00;56
6284;17;624389719;6284;241;7207;7263;8.43;0.51;265.90;7.12;923;18;2478.00;56
6288;17;624389730;6288;242;7207;7264;8.30;0.51;265.91;7.12;919;18;2479.00;57
6290;17;624389741;6290;237;7208;7264;8.23;0.50;265.95;7.18;918;18;2480.00;56
6293;17;624389752;6293;241;7208;7264;8.18;0.50;266.05;7.18;915;18;2481.00;56
6297;17;624389764;6297;232;7208;7264;8.11;0.50;265.98;7.18;911;18;2482.00;56
6299;17;624389774;6299;231;7208;7264;8.07;0.49;265.96;7.18;909;18;2483.00;56
6302;17;624389785;6302;234;7219;7276;8.03;0.49;265.90;7.22;917;18;2484.00;57
6304;17;624389797;6304;231;7222;7276;8.01;0.49;265.85;7.24;918;18;2485.00;54
6308;17;624389808;6308;233;7222;7276;7.97;0.49;265.79;7.24;914;18;2486.00;54
6313;17;624389824;6313;240;7222;7276;7.96;0.49;265.70;7.24;909;18;2487.00;54
6314;17;624389835;6314;243;7222;7276;7.94;0.49;265.71;7.24;908;18;2488.00;54
6316;17;624389846;6316;243;7222;7276;7.93;0.49;265.65;7.24;906;18;2489.00;54
6318;17;624389858;6318;251;7226;7280;7.88;0.48;265.64;7.28;908;18;2490.00;54
6323;17;624389869;6323;250;7226;7280;7.89;0.48;265.56;7.28;903;18;2491.00;54
6327;17;624389879;6327;250;7230;7284;7.88;0.48;265.54;7.28;903;18;2492.00;54
6332;17;624389891;6332;259;7230;7285;7.83;0.48;265.64;7.28;898;18;2493.00;55
6333;17;624389901;6333;268;7231;7285;7.80;0.48;265.63;7.28;898;18;2494.00;54
6336;17;624389911;6336;267;7231;7285;7.83;0.48;265.61;7.28;895;18;2495.00;54
6337;17;624389921;6337;267;7241;7298;7.85;0.48;265.59;7.28;904;18;2496.00;57
6338;17;624389932;6338;265;7241;7298;7.83;0.48;265.56;7.28;903;18;2497.00;57
6341;17;624389943;6341;273;7241;7298;7.78;0.48;265.53;7.28;900;18;2498.00;57
6342;17;624389953;6342;261;7242;7299;7.82;0.48;265.50;7.28;900;18;2499.00;57
6344;17;624389964;6344;256;7242;7300;7.82;0.48;265.45;7.28;898;18;2500.00;58
6348;17;624389979;6348;248;7242;7300;7.86;0.48;265.42;7.28;894;18;2501.00;58
6353;17;624389990;6353;251;7244;7303;7.87;0.48;265.37;7.28;891;18;2502.00;59
6356;17;624390001;6356;247;7247;7303;7.89;0.48;265.40;7.30;891;18;2503.00;56
6358;17;624390013;6358;248;7247;7303;7.92;0.48;265.38;7.30;889;18;2504.00;56
6359;17;624390026;6359;255;7249;7303;7.97;0.48;265.48;7.31;890;18;2505.00;54
6364;17;624390038;6364;254;7254;7309;8.06;0.49;265.51;7.31;890;18;2506.00;55
6365;17;624390056;6365;252;7254;7309;8.12;0.49;265.51;7.31;889;18;2507.00;55
6365;17;624390067;6365;253;7255;7309;8.18;0.50;265.51;7.32;890;18;2508.00;54
6366;17;624390077;6366;248;7256;7309;8.18;0.50;265.52;7.32;890;18;2509.00;53
6366;17;624390087;6366;245;7260;7313;8.17;0.50;265.52;7.33;894;18;2510.00;53
6366;17;624390098;6366;247;7262;7314;8.16;0.50;265.52;7.33;896;18;2511.00;52
6367;17;624390115;6367;244;7262;7314;8.11;0.49;265.51;7.33;895;18;2512.00;52
6369;17;624390130;6369;252;7264;7315;8.06;0.49;265.49;7.33;895;18;2513.00;51
6370;17;624390144;6370;251;7266;7315;7.97;0.48;265.51;7.36;896;18;2514.00;49
6372;17;624390154;6372;254;7267;7315;7.89;0.48;265.52;7.37;895;18;2515.00;48
6373;17;624390165;6373;266;7269;7315;7.82;0.48;265.61;7.39;896;18;2516.00;46
6377;17;624390181;6377;266;7270;7315;7.71;0.47;265.60;7.40;893;18;2517.00;45
6377;17;624390191;6377;274;7270;7315;7.67;0.47;265.60;7.40;893;18;2518.00;45
6377;17;624390201;6377;269;7273;7315;7.60;0.46;265.60;7.43;896;18;2519.00;42
6379;17;624390212;6379;274;7329;7440;7.75;0.48;265.58;7.37;950;18;2520.00;111
6381;17;624390231;6381;272;7333;7441;7.68;0.47;265.54;7.38;952;18;2521.00;108
6385;17;624390242;6385;276;7344;7441;7.64;0.47;265.55;7.37;959;18;2522.00;97
6385;17;624390253;6385;279;7351;7441;7.59;0.47;265.55;7.36;966;18;2523.00;90
6386;17;624390262;6386;287;7359;7441;7.47;0.46;265.53;7.37;973;18;2524.00;82
6388;17;624390272;6388;294;7360;7441;7.36;0.45;265.60;7.37;972;18;2525.00;81
6389;17;624390283;6389;300;7369;7441;7.26;0.45;265.61;7.38;980;18;2526.00;72
6392;17;624390292;6392;312;7373;7441;7.11;0.44;265.65;7.38;981;18;2527.00;68
6392;17;624390303;6392;322;7376;7442;6.98;0.43;265.65;7.38;984;18;2528.00;66
6394;17;624390312;6394;325;7383;7443;6.86;0.42;265.67;7.39;989;18;2529.00;60
6397;17;624390323;6397;332;7386;7443;6.82;0.42;265.61;7.39;989;18;2530.00;57
6400;17;624390334;6400;338;7394;7447;6.67;0.41;265.68;7.40;994;18;2531.00;53
6401;17;624390346;6401;330;7394;7447;6.63;0.41;265.67;7.40;993;18;2532.00;53
6406;17;624390356;6406;335;7395;7447;6.57;0.40;265.67;7.41;989;18;2533.00;52
6408;17;624390366;6408;340;7395;7447;6.49;0.40;265.69;7.41;987;18;2534.00;52
6410;17;624390377;6410;343;7401;7453;6.50;0.40;265.66;7.40;991;18;2535.00;52
6413;17;624390388;6413;339;7402;7453;6.47;0.40;265.76;7.41;989;18;2536.00;51
6419;17;624390399;6419;347;7403;7455;6.45;0.39;265.80;7.41;984;18;2537.00;52
6422;17;624390411;6422;348;7406;7458;6.43;0.39;265.81;7.41;984;18;2538.00;52
6424;17;624390422;6424;345;7407;7458;6.42;0.39;265.91;7.42;983;18;2539.00;51
6426;17;624390433;6426;349;7407;7458;6.46;0.40;265.91;7.42;981;18;2540.00;51
6429;17;624390444;6429;353;7409;7459;6.38;0.39;266.05;7.43;980;18;2541.00;50
6432;17;624390454;6432;355;7411;7460;6.37;0.39;265.98;7.44;979;18;2542.00;49
6436;17;624390465;6436;364;7411;7460;6.33;0.39;266.13;7.44;975;18;2543.00;49
6442;17;624390477;6442;365;7422;7473;6.27;0.38;266.25;7.44;980;18;2544.00;51
6447;17;624390488;6447;372;7423;7473;6.22;0.38;266.21;7.44;976;18;2545.00;50
6449;17;624390499;6449;377;7425;7473;6.29;0.39;266.22;7.44;976;18;2546.00;48
6453;17;624390509;6453;375;7426;7474;6.27;0.38;266.28;7.45;973;18;2547.00;48
6455;17;624390520;6455;383;7427;7474;6.24;0.38;266.28;7.45;972;18;2548.00;47
6459;17;624390530;6459;383;7433;7478;6.21;0.38;266.36;7.45;974;18;2549.00;45
6465;17;624390548;6465;374;7436;7481;6.17;0.38;266.45;7.45;971;18;2550.00;45
6466;17;624390577;6466;374;7440;7485;6.16;0.38;266.47;7.45;974;18;2551.00;45
6470;17;624390596;6470;366;7440;7485;6.14;0.38;266.64;7.45;970;18;2552.00;45
6474;17;624390613;6474;359;7441;7485;6.13;0.38;266.80;7.45;967;18;2553.00;44
6476;17;624390630;6476;351;7441;7485;6.13;0.38;266.80;7.45;965;18;2554.00;44
6481;17;624390647;6481;349;7443;7485;6.12;0.38;266.78;7.46;962;18;2555.00;42
6482;17;624390660;6482;349;7454;7497;6.32;0.39;266.79;7.45;972;18;2556.00;43
6486;17;624390673;6486;346;7455;7497;6.36;0.39;266.83;7.45;969;18;2557.00;42
6488;17;624390687;6488;343;7455;7497;6.47;0.40;266.90;7.45;967;18;2558.00;42
6492;17;624390699;6492;335;7456;7497;6.51;0.40;266.90;7.45;964;18;2559.00;41
6496;17;624390710;6496;331;7456;7497;6.56;0.41;267.07;7.45;960;18;2560.00;41
6498;17;624390723;6498;322;7456;7497;6.67;0.41;267.17;7.45;958;18;2561.00;41
6504;17;624390735;6504;322;7456;7498;6.68;0.41;267.27;7.45;952;18;2562.00;42
6508;17;624390748;6508;324;7456;7498;6.68;0.41;267.34;7.45;948;18;2563.00;42
6511;17;624390759;6511;311;7461;7504;6.79;0.42;267.40;7.45;950;18;2564.00;43
6516;17;624390772;6516;309;7463;7506;6.82;0.42;267.43;7.44;947;18;2565.00;43
6519;17;624390786;6519;312;7463;7506;6.87;0.42;267.42;7.44;944;18;2566.00;43
6522;17;624390808;6522;311;7463;7506;6.97;0.43;267.48;7.44;941;18;2567.00;43
6525;17;624390822;6525;317;7466;7510;7.08;0.44;267.44;7.44;941;18;2568.00;44
6529;17;624390835;6529;310;7466;7510;7.12;0.44;267.56;7.44;937;18;2569.00;44
6530;17;624390847;6530;305;7467;7510;7.19;0.44;267.59;7.50;937;18;2570.00;43
6537;17;624390860;6537;301;7468;7511;7.22;0.45;267.57;7.49;931;18;2571.00;43
6540;17;624390873;6540;303;7471;7515;7.28;0.45;267.61;7.49;931;18;2572.00;44
6542;17;624390885;6542;299;7471;7515;7.27;0.45;267.67;7.49;929;18;2573.00;44
6550;17;624390897;6550;297;7473;7518;7.22;0.44;267.54;7.49;923;18;2574.00;45
6558;17;624390910;6558;297;7474;7518;7.19;0.44;267.48;7.49;916;18;2575.00;44
6563;17;624390923;6563;297;7474;7518;7.16;0.44;267.55;7.49;911;18;2576.00;44
6566;17;624390935;6566;304;7474;7518;7.18;0.44;267.54;7.49;908;18;2577.00;44
6569;17;624390947;6569;302;7478;7522;7.25;0.44;267.55;7.49;909;18;2578.00;44
6576;17;624390959;6576;302;7478;7522;7.23;0.44;267.78;7.49;902;18;2579.00;44
6579;17;624390973;6579;307;7478;7522;7.20;0.44;267.75;7.49;899;18;2580.00;44
6586;17;624390994;6586;305;7478;7522;7.10;0.43;267.89;7.49;892;18;2581.00;44
6588;17;624391006;6588;303;7478;7523;7.15;0.44;267.97;7.49;890;18;2582.00;45
6593;17;624391017;6593;303;7479;7524;7.13;0.43;267.95;7.48;886;18;2583.00;45
6597;17;624391030;6597;303;7480;7524;7.09;0.43;267.92;7.54;883;18;2584.00;44
6599;17;624391042;6599;310;7481;7525;7.09;0.43;267.99;7.54;882;18;2585.00;44
6603;17;624391055;6603;307;7481;7525;6.98;0.43;268.03;7.54;878;18;2586.00;44
6608;17;624391067;6608;308;7481;7525;6.86;0.42;268.11;7.54;873;18;2587.00;44
6608;17;624391080;6608;302;7482;7525;6.88;0.42;268.11;7.60;874;18;2588.00;43
6612;17;624391092;6612;311;7482;7525;6.83;0.42;268.15;7.60;870;18;2589.00;43
6614;17;624391104;6614;314;7482;7525;6.80;0.42;268.12;7.60;868;18;2590.00;43
6619;17;624391117;6619;319;7482;7525;6.73;0.41;268.07;7.60;863;18;2591.00;43
6626;17;624391129;6626;336;7547;7652;6.99;0.43;268.04;7.53;921;18;2592.00;105
6631;17;624391157;6631;333;7551;7653;6.93;0.43;268.06;7.53;920;18;2593.00;102
6633;17;624391171;6633;331;7559;7653;6.97;0.43;268.06;7.52;926;18;2594.00;94
6639;17;624391182;6639;331;7560;7653;6.89;0.43;268.15;7.52;921;18;2595.00;93
6644;17;624391195;6644;336;7565;7653;6.88;0.42;268.24;7.52;921;18;2596.00;88
6646;17;624391210;6646;323;7568;7653;6.91;0.43;268.23;7.52;922;18;2597.00;85
6651;17;624391222;6651;311;7571;7653;6.90;0.43;268.38;7.52;920;18;2598.00;82
6652;17;624391234;6652;305;7575;7653;6.91;0.43;268.43;7.52;923;18;2599.00;78
6654;17;624391249;6654;300;7578;7654;6.89;0.42;268.52;7.52;924;18;2600.00;76
6658;17;624391267;6658;302;7583;7655;6.91;0.42;268.62;7.52;925;18;2601.00;72
6658;17;624391281;6658;306;7586;7655;6.98;0.43;268.62;7.52;928;18;2602.00;69
6661;17;624391299;6661;304;7589;7656;6.96;0.43;268.62;7.52;928;18;2603.00;67
6663;17;624391312;6663;303;7590;7656;6.97;0.43;268.61;7.52;927;18;2604.00;66
6665;17;624391325;6665;304;7591;7656;6.98;0.43;268.67;7.52;926;18;2605.00;65
6666;17;624391345;6666;295;7594;7656;7.05;0.43;268.73;7.52;928;18;2606.00;62
6669;17;624391358;6669;292;7598;7660;7.13;0.44;268.83;7.52;929;18;2607.00;62
6673;17;624391371;6673;290;7600;7660;7.14;0.44;268.90;7.53;927;18;2608.00;60
6676;17;624391384;6676;291;7603;7660;7.19;0.44;268.93;7.53;927;18;2609.00;57
6681;17;624391398;6681;288;7607;7666;7.20;0.44;268.88;7.52;926;18;2610.00;59
6682;17;624391411;6682;285;7607;7666;7.21;0.44;268.86;7.52;925;18;2611.00;59
6685;17;624391424;6685;285;7610;7666;7.22;0.44;268.94;7.52;925;18;2612.00;56
6687;17;624391436;6687;293;7615;7670;7.26;0.44;268.92;7.58;928;18;2613.00;55
6692;17;624391450;6692;293;7616;7671;7.33;0.45;268.93;7.58;924;18;2614.00;55
6695;17;624391464;6695;292;7617;7671;7.44;0.45;268.93;7.58;922;18;2615.00;54
6697;17;624391477;6697;291;7620;7675;7.53;0.46;268.89;7.58;923;18;2616.00;55
6699;18;624391491;6699;288;7620;7675;7.55;0.46;268.90;7.58;921;19;2617.00;55
6700;18;624391521;6700;293;7620;7675;7.60;0.46;268.88;7.58;920;19;2618.00;55
6701;18;624391538;6701;292;7621;7676;7.65;0.47;268.92;7.58;920;19;2619.00;55
6704;18;624391552;6704;295;7621;7676;7.66;0.47;268.98;7.58;917;19;2620.00;55
6706;18;624391566;6706;295;7626;7682;7.64;0.47;268.98;7.57;920;19;2621.00;56
6709;18;624391580;6709;289;7626;7682;7.68;0.47;269.03;7.57;917;19;2622.00;56
6710;18;624391593;6710;291;7626;7683;7.70;0.47;269.03;7.57;916;19;2623.00;57
6713;18;624391604;6713;290;7626;7683;7.65;0.47;269.03;7.57;913;19;2624.00;57
6715;18;624391616;6715;285;7626;7683;7.62;0.47;269.00;7.57;911;19;2625.00;57
6720;18;624391627;6720;283;7626;7683;7.58;0.46;269.01;7.57;906;19;2626.00;57
6724;18;624391639;6724;283;7626;7683;7.57;0.46;269.04;7.57;902;19;2627.00;57
6726;18;624391650;6726;282;7636;7695;7.65;0.47;269.04;7.56;910;19;2628.00;59
6730;18;624391662;6730;277;7636;7695;7.65;0.47;269.04;7.56;906;19;2629.00;59
6731;18;624391674;6731;272;7638;7695;7.73;0.47;269.00;7.62;907;19;2630.00;57
6734;18;624391687;6734;276;7638;7695;7.80;0.48;269.00;7.62;904;19;2631.00;57
6737;18;624391698;6737;268;7638;7695;7.81;0.48;269.06;7.62;901;19;2632.00;57
6741;18;624391708;6741;263;7638;7695;7.83;0.48;269.08;7.62;897;19;2633.00;57
6745;18;624391720;6745;266;7641;7699;7.87;0.48;269.08;7.62;896;19;2634.00;58
6746;18;624391731;6746;269;7641;7699;7.88;0.48;269.05;7.62;895;19;2635.00;58
6749;18;624391741;6749;277;7645;7703;7.94;0.48;269.01;7.62;896;19;2636.00;58
6751;18;624391752;6751;275;7646;7704;7.97;0.48;269.00;7.61;895;19;2637.00;58
6752;18;624391763;6752;271;7646;7704;8.02;0.49;268.97;7.61;894;19;2638.00;58
6754;18;624391774;6754;275;7646;7704;8.01;0.49;268.94;7.61;892;19;2639.00;58
6758;18;624391786;6758;284;7668;7733;7.98;0.48;268.94;7.59;910;19;2640.00;65
6759;18;624391799;6759;282;7668;7733;8.01;0.48;268.94;7.59;909;19;2641.00;65
6761;18;624391810;6761;278;7670;7733;8.05;0.49;268.91;7.59;909;19;2642.00;63
6762;18;624391821;6762;277;7672;7734;8.09;0.49;268.92;7.59;910;19;2643.00;62
6765;18;624391832;6765;276;7672;7735;8.13;0.49;268.98;7.59;907;19;2644.00;63
6766;18;624391843;6766;273;7673;7735;8.10;0.49;268.99;7.65;907;19;2645.00;62
6767;18;624391854;6767;277;7675;7738;8.14;0.49;269.01;7.65;908;19;2646.00;63
6770;18;624391865;6770;281;7675;7738;8.10;0.49;268.99;7.65;905;19;2647.00;63
6771;18;624391876;6771;286;7676;7738;8.03;0.49;268.98;7.65;905;19;2648.00;62
6773;18;624391886;6773;288;7676;7738;7.91;0.48;268.98;7.65;903;19;2649.00;62
6776;18;624391896;6776;290;7681;7744;7.81;0.47;268.97;7.64;905;19;2650.00;63
6780;18;624391907;6780;276;7681;7744;7.68;0.47;268.93;7.64;901;19;2651.00;63
6780;18;624391917;6780;264;7681;7744;7.59;0.46;268.93;7.64;901;19;2652.00;63
6781;18;624391932;6781;257;7681;7744;7.61;0.46;268.90;7.64;900;19;2653.00;63
6781;18;624391942;6781;251;7685;7748;7.68;0.47;268.90;7.66;904;19;2654.00;63
6783;18;624391954;6783;243;7687;7750;7.75;0.47;268.87;7.65;904;19;2655.00;63
6783;18;624391964;6783;241;7688;7750;7.81;0.47;268.87;7.67;905;19;2656.00;62
6785;18;624391975;6785;242;7689;7751;7.87;0.48;268.86;7.67;904;19;2657.00;62
6787;18;624391986;6787;240;7689;7751;7.94;0.48;268.83;7.67;902;19;2658.00;62
6789;18;624391997;6789;244;7689;7751;8.01;0.49;268.82;7.67;900;19;2659.00;62
6789;18;624392007;6789;236;7690;7751;8.14;0.50;268.82;7.68;901;19;2660.00;61
6792;18;624392018;6792;235;7691;7751;8.22;0.50;268.83;7.74;899;19;2661.00;60
6794;18;624392034;6794;232;7691;7751;8.32;0.51;268.80;7.74;897;19;2662.00;60
6798;18;624392044;6798;230;7691;7751;8.36;0.51;268.78;7.74;893;19;2663.00;60
6799;18;624392054;6799;237;7725;7821;8.57;0.52;268.78;7.71;926;19;2664.00;96
6800;19;624392070;6800;229;7727;7822;8.61;0.53;268.74;7.71;927;20;2665.00;95
6804;19;624392093;6804;229;7734;7822;8.70;0.53;268.64;7.70;930;20;2666.00;88
6805;19;624392105;6805;233;7738;7822;8.68;0.53;268.62;7.70;933;20;2667.00;84
6808;19;624392115;6808;232;7741;7822;8.64;0.53;268.59;7.70;933;20;2668.00;81
6810;19;624392131;6810;238;7745;7822;8.64;0.53;268.59;7.70;935;20;2669.00;77
6810;19;624392149;6810;241;7748;7822;8.57;0.52;268.59;7.70;938;20;2670.00;74
6812;19;624392160;6812;240;7751;7822;8.54;0.52;268.65;7.69;939;20;2671.00;71
6813;19;624392175;6813;234;7753;7823;8.48;0.51;268.61;7.69;940;20;2672.00;70
6816;19;624392186;6816;231;7755;7824;8.46;0.51;268.61;7.70;939;20;2673.00;69
6818;19;624392197;6818;237;7757;7824;8.37;0.51;268.59;7.69;939;20;2674.00;67
6819;19;624392208;6819;235;7761;7828;8.28;0.50;268.56;7.69;942;20;2675.00;67
6822;19;624392220;6822;241;7763;7828;8.24;0.50;268.49;7.71;941;20;2676.00;65
6824;19;624392231;6824;246;7763;7828;8.26;0.50;268.49;7.71;939;20;2677.00;65
6828;19;624392242;6828;250;7763;7828;8.22;0.50;268.43;7.71;935;20;2678.00;65
6828;19;624392253;6828;258;7768;7834;8.25;0.50;268.43;7.70;940;20;2679.00;66
6831;19;624392264;6831;264;7770;7834;8.19;0.50;268.46;7.73;939;20;2680.00;64
6832;19;624392275;6832;270;7770;7834;8.13;0.50;268.45;7.73;938;20;2681.00;64
6834;19;624392286;6834;275;7772;7837;8.15;0.50;268.45;7.72;938;20;2682.00;65
6837;19;624392296;6837;279;7774;7837;8.11;0.50;268.46;7.75;937;20;2683.00;63
6839;19;624392307;6839;282;7775;7837;8.03;0.49;268.52;7.75;936;20;2684.00;62
6843;19;624392317;6843;289;7776;7838;7.87;0.48;268.56;7.76;933;20;2685.00;62
6848;19;624392334;6848;292;7780;7839;7.74;0.47;268.61;7.77;932;20;2686.00;59
6851;19;624392345;6851;290;7780;7839;7.65;0.47;268.64;7.77;929;20;2687.00;59
6854;19;624392355;6854;296;7790;7852;7.59;0.46;268.68;7.76;936;20;2688.00;62
6858;20;624392368;6858;305;7792;7852;7.50;0.46;268.84;7.78;934;21;2689.00;60
6862;20;624392391;6862;309;7793;7852;7.50;0.46;268.85;7.78;931;21;2690.00;59
6865;20;624392401;6865;310;7794;7853;7.49;0.46;268.86;7.78;929;21;2691.00;59
6865;20;624392412;6865;311;7796;7853;7.51;0.46;268.86;7.80;931;21;2692.00;57
6869;20;624392421;6869;316;7800;7857;7.53;0.46;268.90;7.80;931;21;2693.00;57
6870;20;624392432;6870;318;7802;7857;7.45;0.46;268.93;7.82;932;21;2694.00;55
6872;20;624392443;6872;320;7806;7861;7.38;0.45;268.93;7.83;934;21;2695.00;55
6874;20;624392454;6874;321;7806;7861;7.33;0.45;268.99;7.83;932;21;2696.00;55
6877;20;624392464;6877;323;7806;7861;7.25;0.44;268.98;7.83;929;21;2697.00;55
6879;20;624392475;6879;325;7809;7861;7.13;0.44;268.97;7.86;930;21;2698.00;52
6880;20;624392485;6880;323;7809;7861;6.99;0.43;268.97;7.86;929;21;2699.00;52
6884;20;624392497;6884;322;7837;7910;7.02;0.43;268.96;7.85;953;21;2700.00;73
6886;20;624392517;6886;318;7838;7910;6.96;0.43;269.09;7.84;952;21;2701.00;72
6889;20;624392528;6889;317;7842;7910;6.97;0.43;269.03;7.84;953;21;2702.00;68
6892;20;624392540;6892;312;7843;7910;6.95;0.43;269.04;7.85;951;21;2703.00;67
6898;21;624392557;6898;311;7845;7910;6.96;0.43;269.07;7.85;947;22;2704.00;65
6901;21;624392597;6901;309;7846;7910;6.98;0.43;269.16;7.86;945;22;2705.00;64
6903;21;624392618;6903;306;7847;7911;6.99;0.43;269.18;7.86;944;22;2706.00;64
6907;21;624392634;6907;310;7849;7911;6.96;0.42;269.13;7.86;942;22;2707.00;62
6907;21;624392652;6907;313;7856;7917;7.00;0.43;269.13;7.88;949;22;2708.00;61
6909;21;624392667;6909;311;7857;7918;7.00;0.43;269.13;7.88;948;22;2709.00;61
6915;21;624392680;6915;317;7859;7918;6.86;0.42;269.17;7.88;944;22;2710.00;59
6916;21;624392692;6916;318;7859;7918;6.76;0.41;269.15;7.88;943;22;2711.00;59
6920;21;624392704;6920;317;7864;7922;6.71;0.41;269.23;7.89;944;22;2712.00;58
6923;21;624392716;6923;326;7865;7922;6.59;0.40;269.23;7.89;942;22;2713.00;57
6928;21;624392727;6928;323;7867;7922;6.54;0.40;269.23;7.90;939;22;2714.00;55
6931;21;624392740;6931;324;7868;7923;6.53;0.40;269.35;7.90;937;22;2715.00;55
6934;21;624392752;6934;319;7871;7927;6.49;0.40;269.38;7.90;937;22;2716.00;56
6937;21;624392764;6937;320;7875;7927;6.45;0.39;269.40;7.91;938;22;2717.00;52
6943;21;624392775;6943;325;7877;7930;6.44;0.39;269.48;7.91;934;22;2718.00;53
6947;21;624392787;6947;332;7879;7930;6.39;0.39;269.47;7.91;932;22;2719.00;51
6952;21;624392797;6952;326;7879;7930;6.35;0.39;269.52;7.91;927;22;2720.00;51
6956;21;624392808;6956;322;7883;7930;6.33;0.39;269.55;7.92;927;22;2721.00;47
6958;21;624392819;6958;325;7887;7934;6.39;0.39;269.58;7.92;929;22;2722.00;47
6964;21;624392830;6964;323;7888;7934;6.37;0.39;269.70;7.92;924;22;2723.00;46
6965;21;624392841;6965;320;7888;7934;6.47;0.40;269.79;7.92;923;22;2724.00;46
6968;21;624392852;6968;320;7890;7934;6.50;0.40;269.84;7.92;922;22;2725.00;44
6972;21;624392863;6972;321;7891;7935;6.55;0.40;269.91;7.92;919;22;2726.00;44
6975;21;624392875;6975;316;7892;7936;6.58;0.40;270.03;7.92;917;22;2727.00;44
6982;21;624392886;6982;314;7894;7936;6.61;0.40;270.18;7.92;912;22;2728.00;42
6985;21;624392897;6985;309;7895;7937;6.68;0.41;270.28;7.92;910;22;2729.00;42
6989;21;624392910;6989;311;7897;7937;6.71;0.41;270.38;7.93;908;22;2730.00;40
6992;21;624392921;6992;304;7898;7937;6.73;0.41;270.50;7.93;906;22;2731.00;39
6995;21;624392932;6995;303;7898;7937;6.76;0.41;270.59;7.93;903;22;2732.00;39
6999;21;624392942;6999;304;7898;7937;6.78;0.41;270.57;7.93;899;22;2733.00;39
7004;21;624392953;7004;310;7898;7937;6.77;0.41;270.70;7.93;894;22;2734.00;39
7010;21;624392963;7010;311;7898;7937;6.73;0.41;270.64;7.93;888;22;2735.00;39
7015;21;624392975;7015;319;7968;8064;6.99;0.43;270.77;7.86;953;22;2736.00;96
7018;21;624392998;7018;309;7972;8065;6.95;0.43;270.92;7.86;954;22;2737.00;93
7018;21;624393009;7018;314;7981;8065;7.00;0.43;270.92;7.85;963;22;2738.00;84
7024;21;624393021;7024;314;7981;8065;6.93;0.43;271.02;7.85;957;22;2739.00;84
7028;21;624393033;7028;323;7987;8065;6.90;0.43;270.93;7.85;959;22;2740.00;78
7031;21;624393044;7031;327;7990;8065;6.84;0.43;271.01;7.85;959;22;2741.00;75
7035;21;624393056;7035;333;7992;8065;6.75;0.42;271.03;7.85;957;22;2742.00;73
7038;21;624393067;7038;329;7993;8065;6.70;0.42;271.01;7.85;955;22;2743.00;72
7046;21;624393079;7046;336;7995;8066;6.55;0.41;271.07;7.85;949;22;2744.00;71
7051;21;624393092;7051;336;8001;8068;6.43;0.40;271.06;7.85;950;22;2745.00;67
7055;21;624393111;7055;337;8003;8068;6.37;0.39;271.06;7.85;948;22;2746.00;65
7063;21;624393128;7063;340;8007;8069;6.25;0.38;271.09;7.85;944;22;2747.00;62
7068;21;624393140;7068;346;8008;8069;6.20;0.38;271.22;7.85;940;22;2748.00;61
7072;21;624393152;7072;348;8012;8069;6.15;0.38;271.24;7.85;940;22;2749.00;57
7076;21;624393163;7076;354;8013;8069;6.08;0.38;271.29;7.86;937;22;2750.00;56
7077;21;624393175;7077;358;8019;8073;6.11;0.38;271.34;7.85;942;22;2751.00;54
7080;21;624393187;7080;356;8020;8073;6.11;0.38;271.39;7.85;940;22;2752.00;53
7083;21;624393199;7083;352;8021;8073;6.13;0.38;271.41;7.85;938;22;2753.00;52
7087;21;624393211;7087;361;8024;8076;6.14;0.38;271.45;7.85;937;22;2754.00;52
7090;21;624393223;7090;369;8024;8076;6.16;0.38;271.46;7.85;934;22;2755.00;52
7096;21;624393235;7096;372;8025;8076;6.11;0.37;271.43;7.86;929;22;2756.00;51
7098;21;624393246;7098;373;8030;8080;6.13;0.37;271.43;7.86;932;22;2757.00;50
7105;21;624393259;7105;375;8031;8081;6.10;0.37;271.39;7.86;926;22;2758.00;50
7109;21;624393270;7109;377;8032;8081;6.09;0.37;271.39;7.86;923;22;2759.00;49
7110;21;624393284;7110;382;8036;8086;6.12;0.37;271.37;7.85;926;22;2760.00;50
7114;21;624393296;7114;389;8036;8086;6.08;0.37;271.41;7.85;922;22;2761.00;50
7118;21;624393307;7118;391;8037;8086;6.05;0.37;271.48;7.85;919;22;2762.00;49
7120;21;624393324;7120;386;8038;8087;6.00;0.37;271.46;7.85;918;22;2763.00;49
7124;21;624393335;7124;388;8038;8087;5.93;0.36;271.49;7.85;914;22;2764.00;49
7126;21;624393346;7126;393;8043;8093;5.92;0.36;271.48;7.85;917;22;2765.00;50
7128;21;624393358;7128;397;8043;8093;5.86;0.36;271.50;7.85;915;22;2766.00;50
7130;21;624393369;7130;394;8043;8094;5.83;0.35;271.55;7.85;913;22;2767.00;51
7131;21;624393380;7131;392;8043;8094;5.79;0.35;271.57;7.85;912;22;2768.00;51
7133;21;624393392;7133;384;8043;8094;5.72;0.35;271.59;7.85;910;22;2769.00;51
7136;21;624393403;7136;386;8043;8094;5.70;0.35;271.53;7.85;907;22;2770.00;51
7138;21;624393414;7138;386;8043;8094;5.72;0.35;271.57;7.85;905;22;2771.00;51
7140;21;624393425;7140;390;8053;8106;5.84;0.35;271.54;7.84;913;22;2772.00;53
7141;21;624393438;7141;389;8053;8106;5.79;0.35;271.51;7.84;912;22;2773.00;53
7142;21;624393455;7142;395;8054;8106;5.84;0.36;271.49;7.84;912;22;2774.00;52
7142;21;624393466;7142;396;8054;8106;5.87;0.36;271.49;7.84;912;22;2775.00;52
7143;21;624393478;7143;387;8054;8106;5.96;0.36;271.45;7.84;911;22;2776.00;52
7145;21;624393489;7145;373;8054;8106;6.06;0.37;271.43;7.84;909;22;2777.00;52
7148;21;624393503;7148;369;8057;8110;6.10;0.37;271.37;7.83;909;22;2778.00;53
7148;21;624393515;7148;368;8057;8110;6.17;0.38;271.37;7.83;909;22;2779.00;53
7148;21;624393527;7148;362;8061;8114;6.25;0.38;271.37;7.83;913;22;2780.00;53
7150;21;624393541;7150;358;8062;8115;6.29;0.38;271.45;7.83;912;22;2781.00;53
7152;21;624393553;7152;354;8062;8115;6.30;0.38;271.42;7.83;910;22;2782.00;53
7153;21;624393564;7153;348;8062;8115;6.38;0.39;271.40;7.83;909;22;2783.00;53
7157;21;624393576;7157;349;8073;8128;6.49;0.40;271.30;7.82;916;22;2784.00;55
7157;21;624393589;7157;343;8073;8128;6.55;0.40;271.30;7.82;916;22;2785.00;55
7160;21;624393600;7160;338;8073;8128;6.56;0.40;271.28;7.82;913;22;2786.00;55
7164;21;624393611;7164;336;8074;8129;6.56;0.40;271.23;7.82;910;22;2787.00;55
7166;21;624393622;7166;338;8074;8130;6.58;0.40;271.20;7.82;908;22;2788.00;56
7169;21;624393633;7169;336;8074;8130;6.65;0.40;271.14;7.82;905;22;2789.00;56
7169;21;624393646;7169;329;8078;8136;6.79;0.41;271.14;7.81;909;22;2790.00;58
7171;21;624393657;7171;330;8078;8136;6.80;0.41;271.14;7.81;907;22;2791.00;58
7173;21;624393668;7173;327;8080;8136;6.86;0.42;271.12;7.81;907;22;2792.00;56
7176;21;624393678;7176;323;8080;8136;6.86;0.42;271.09;7.81;904;22;2793.00;56
7178;21;624393689;7178;324;8085;8142;6.89;0.42;271.06;7.81;907;22;2794.00;57
7180;21;624393701;7180;324;8085;8142;6.89;0.42;271.14;7.81;905;22;2795.00;57
7180;21;624393711;7180;326;8085;8142;6.94;0.42;271.14;7.81;905;22;2796.00;57
7183;21;624393722;7183;326;8085;8142;6.96;0.42;271.14;7.81;902;22;2797.00;57
7183;21;624393733;7183;326;8089;8146;6.94;0.42;271.14;7.88;906;22;2798.00;57
7184;21;624393744;7184;321;8090;8147;7.02;0.43;271.12;7.88;906;22;2799.00;57
7187;21;624393755;7187;327;8090;8147;7.00;0.42;271.06;7.88;903;22;2800.00;57
7189;21;624393769;7189;328;8091;8148;7.02;0.43;271.08;7.88;902;22;2801.00;57
7189;21;624393780;7189;329;8091;8148;7.07;0.43;271.08;7.88;902;22;2802.00;57
7191;21;624393791;7191;318;8091;8148;7.12;0.43;271.05;7.88;900;22;2803.00;57
7192;21;624393802;7192;307;8091;8148;7.21;0.44;271.06;7.88;899;22;2804.00;57
7192;21;624393813;7192;290;8091;8148;7.34;0.44;271.06;7.88;899;22;2805.00;57
7193;21;624393823;7193;288;8091;8148;7.46;0.45;271.05;7.88;898;22;2806.00;57
7195;21;624393835;7195;279;8091;8148;7.60;0.46;271.05;7.88;896;22;2807.00;57
7195;22;624393846;7195;286;8130;8218;7.73;0.47;271.05;7.84;935;23;2808.00;88
7196;22;624393879;7196;276;8130;8219;7.90;0.48;271.07;7.84;934;23;2809.00;89
7196;22;624393897;7196;264;8137;8219;8.08;0.49;271.07;7.84;941;23;2810.00;82
7196;22;624393909;7196;257;8141;8219;8.22;0.50;271.07;7.84;945;23;2811.00;78
7196;22;624393920;7196;256;8143;8219;8.30;0.50;271.07;7.84;947;23;2812.00;76
7197;22;624393932;7197;257;8145;8219;8.34;0.50;271.05;7.84;948;23;2813.00;74
7197;22;624393944;7197;258;8147;8219;8.40;0.51;271.05;7.84;950;23;2814.00;72
7197;22;624393955;7197;260;8150;8219;8.51;0.51;271.05;7.83;953;23;2815.00;69
7200;22;624393973;7200;257;8154;8220;8.51;0.51;271.04;7.91;954;23;2816.00;66
7202;23;624393997;7202;259;8155;8221;8.53;0.51;271.03;7.91;953;24;2817.00;66
7203;23;624394019;7203;257;8157;8221;8.58;0.52;271.03;7.91;954;24;2818.00;64
7204;24;624394031;7204;258;8161;8225;8.55;0.52;271.02;7.91;957;25;2819.00;64
7206;24;624394051;7206;255;8162;8225;8.55;0.52;270.97;7.91;956;25;2820.00;63
7207;24;624394063;7207;260;8163;8225;8.51;0.52;270.97;7.91;956;25;2821.00;62
7209;24;624394080;7209;251;8163;8225;8.50;0.52;270.95;7.91;954;25;2822.00;62
7213;24;624394092;7213;244;8168;8231;8.43;0.51;270.93;7.91;955;25;2823.00;63
7215;24;624394104;7215;245;8168;8231;8.34;0.51;270.94;7.91;953;25;2824.00;63
7217;24;624394115;7217;245;8169;8231;8.26;0.50;270.92;7.92;952;25;2825.00;62
7218;24;624394127;7218;243;8171;8234;8.28;0.50;270.93;7.92;953;25;2826.00;63
7220;24;624394139;7220;245;8171;8234;8.24;0.50;270.98;7.92;951;25;2827.00;63
7224;24;624394150;7224;243;8172;8234;8.22;0.50;270.98;7.91;948;25;2828.00;62
7226;24;624394162;7226;243;8172;8235;8.19;0.50;271.02;7.91;946;25;2829.00;63
7230;24;624394177;7230;242;8173;8236;8.20;0.50;271.03;7.91;943;25;2830.00;63
7232;24;624394189;7232;246;8173;8236;8.19;0.50;270.98;7.91;941;25;2831.00;63
7236;24;624394200;7236;244;8184;8249;8.23;0.50;270.95;7.90;948;25;2832.00;65
7239;24;624394213;7239;237;8184;8249;8.32;0.50;270.92;7.90;945;25;2833.00;65
7242;24;624394224;7242;237;8184;8249;8.37;0.51;270.92;7.90;942;25;2834.00;65
7245;24;624394235;7245;232;8186;8251;8.48;0.51;271.09;7.90;941;25;2835.00;65
7250;24;624394248;7250;232;8186;8251;8.54;0.52;271.06;7.90;936;25;2836.00;65
7253;24;624394265;7253;230;8189;8255;8.59;0.52;271.05;7.90;936;25;2837.00;66
7256;24;624394277;7256;233;8189;8255;8.60;0.52;271.06;7.90;933;25;2838.00;66
7257;24;624394287;7257;235;8192;8259;8.60;0.52;271.05;7.90;935;25;2839.00;67
7258;24;624394304;7258;239;8193;8259;8.62;0.52;271.12;7.90;935;25;2840.00;66
7263;24;624394316;7263;237;8193;8259;8.60;0.52;271.20;7.90;930;25;2841.00;66
7263;24;624394327;7263;242;8193;8259;8.62;0.52;271.20;7.90;930;25;2842.00;66
7266;24;624394337;7266;237;8193;8259;8.61;0.52;271.25;7.90;927;25;2843.00;66
7268;24;624394349;7268;237;8203;8271;8.69;0.53;271.29;7.89;935;25;2844.00;68
7269;24;624394361;7269;242;8204;8271;8.70;0.53;271.36;7.89;935;25;2845.00;67
7272;24;624394373;7272;239;8204;8271;8.64;0.53;271.40;7.89;932;25;2846.00;67
7277;24;624394385;7277;240;8204;8271;8.61;0.53;271.45;7.89;927;25;2847.00;67
7279;24;624394396;7279;237;8204;8271;8.58;0.52;271.42;7.89;925;25;2848.00;67
7281;24;624394407;7281;238;8204;8271;8.56;0.52;271.39;7.89;923;25;2849.00;67
7284;24;624394419;7284;244;8208;8274;8.48;0.52;271.42;7.91;924;25;2850.00;66
7286;24;624394431;7286;243;8208;8274;8.45;0.51;271.44;7.91;922;25;2851.00;66
7288;24;624394443;7288;246;8214;8280;8.43;0.51;271.48;7.92;926;25;2852.00;66
7294;24;624394455;7294;250;8216;8281;8.35;0.51;271.67;7.93;922;25;2853.00;65
7296;24;624394466;7296;248;8217;8281;8.33;0.51;271.71;7.94;921;25;2854.00;64
7298;24;624394478;7298;251;8217;8281;8.27;0.50;271.84;7.94;919;25;2855.00;64
7301;24;624394490;7301;253;8222;8285;8.22;0.50;271.90;7.96;921;25;2856.00;63
7304;24;624394502;7304;256;8222;8285;8.12;0.49;271.87;7.96;918;25;2857.00;63
7304;24;624394513;7304;256;8223;8285;8.08;0.49;271.87;7.97;919;25;2858.00;62
7305;24;624394524;7305;258;8226;8286;7.99;0.49;271.92;7.99;921;25;2859.00;60
7307;24;624394534;7307;264;8230;8290;7.88;0.48;272.03;8.00;923;25;2860.00;60
7310;24;624394550;7310;269;8230;8290;7.83;0.48;272.06;8.00;920;25;2861.00;60
7314;24;624394568;7314;267;8234;8293;7.80;0.48;272.13;8.01;920;25;2862.00;59
7318;24;624394584;7318;272;8235;8293;7.77;0.48;272.19;8.01;917;25;2863.00;58
7322;24;624394602;7322;278;8239;8295;7.74;0.47;272.24;8.03;917;25;2864.00;56
7325;24;624394620;7325;285;8241;8295;7.68;0.47;272.29;8.03;916;25;2865.00;54
7328;24;624394636;7328;284;8246;8299;7.69;0.47;272.37;8.04;918;25;2866.00;53
7331;24;624394653;7331;288;8246;8299;7.62;0.47;272.40;8.04;915;25;2867.00;53
7335;24;624394668;7335;290;8247;8299;7.51;0.46;272.49;8.05;912;25;2868.00;52
7340;24;624394680;7340;287;8247;8299;7.45;0.46;272.60;8.05;907;25;2869.00;52
7341;24;624394691;7341;284;8250;8300;7.39;0.45;272.58;8.07;909;25;2870.00;50
7345;24;624394703;7345;286;8251;8301;7.34;0.45;272.65;8.07;906;25;2871.00;50
7349;24;624394715;7349;286;8252;8301;7.23;0.44;272.74;8.08;903;25;2872.00;49
7351;24;624394727;7351;284;8253;8302;7.20;0.44;272.80;8.08;902;25;2873.00;49
7357;24;624394739;7357;282;8253;8302;7.18;0.44;272.78;8.08;896;25;2874.00;49
7360;24;624394750;7360;280;8256;8302;7.17;0.44;272.90;8.09;896;25;2875.00;46
7360;24;624394762;7360;278;8256;8302;7.21;0.44;272.90;8.09;896;25;2876.00;46
7362;24;624394779;7362;280;8256;8302;7.25;0.44;272.89;8.09;894;25;2877.00;46
7364;24;624394796;7364;284;8257;8302;7.20;0.44;272.85;8.09;893;25;2878.00;45
7368;24;624394807;7368;288;8257;8302;7.21;0.44;273.03;8.09;889;25;2879.00;45
7372;24;624394819;7372;323;8361;8532;7.32;0.46;273.13;8.01;989;25;2880.00;171
7374;24;624394849;7374;315;8366;8533;7.29;0.46;273.11;8.00;992;25;2881.00;167
7377;24;624394862;7377;307;8378;8533;7.33;0.46;273.21;8.00;1001;25;2882.00;155
7380;24;624394873;7380;302;8383;8533;7.29;0.45;273.17;7.99;1003;25;2883.00;150
7386;24;624394885;7386;308;8390;8533;7.23;0.45;273.22;7.99;1004;25;2884.00;143
7392;24;624394897;7392;308;8398;8533;7.15;0.44;273.30;7.99;1006;25;2885.00;135
7396;24;624394908;7396;314;8406;8533;7.14;0.44;273.31;7.99;1010;25;2886.00;127
7399;24;624394919;7399;313;8415;8533;7.12;0.44;273.33;7.99;1016;25;2887.00;118
7404;24;624394931;7404;321;8422;8534;7.04;0.44;273.41;7.99;1018;25;2888.00;112
7404;24;624394949;7404;314;8425;8535;7.00;0.43;273.41;7.99;1021;25;2889.00;110
7409;24;624394961;7409;321;8432;8535;6.84;0.43;273.52;7.99;1023;25;2890.00;103
7411;24;624394973;7411;312;8436;8536;6.72;0.42;273.49;7.99;1025;25;2891.00;100
7415;24;624394985;7415;311;8441;8536;6.58;0.41;273.50;7.99;1026;25;2892.00;95
7416;24;624394996;7416;319;8445;8536;6.46;0.40;273.52;8.00;1029;25;2893.00;91
7421;24;624395008;7421;322;8446;8536;6.33;0.39;273.56;8.00;1025;25;2894.00;90
7423;24;624395026;7423;331;8453;8540;6.17;0.38;273.55;8.00;1030;25;2895.00;87
7426;24;624395038;7426;335;8455;8540;6.08;0.38;273.64;8.00;1029;25;2896.00;85
7430;24;624395049;7430;330;8458;8540;6.04;0.37;273.73;8.00;1028;25;2897.00;82
7432;24;624395062;7432;332;8459;8543;6.05;0.37;273.70;8.00;1027;25;2898.00;84
7436;24;624395073;7436;340;8459;8543;6.07;0.38;273.81;8.00;1023;25;2899.00;84
7440;24;624395094;7440;335;8464;8543;6.07;0.37;273.85;8.01;1024;25;2900.00;79
7441;24;624395110;7441;337;8468;8547;6.12;0.38;273.90;8.01;1027;25;2901.00;79
7444;24;624395122;7444;331;8469;8548;6.18;0.38;273.91;8.01;1025;25;2902.00;79
7449;24;624395133;7449;333;8473;8548;6.22;0.38;273.91;8.01;1024;25;2903.00;75
7452;24;624395146;7452;340;8477;8552;6.25;0.38;273.98;8.02;1025;25;2904.00;75
7458;24;624395159;7458;344;8480;8552;6.25;0.38;273.93;8.02;1022;25;2905.00;72
7461;24;624395171;7461;350;8481;8552;6.32;0.39;273.98;8.02;1020;25;2906.00;71
7464;24;624395184;7464;353;8482;8553;6.36;0.39;274.08;8.02;1018;25;2907.00;71
7466;24;624395196;7466;354;8485;8553;6.47;0.40;274.08;8.03;1019;25;2908.00;68
7474;24;624395208;7474;361;8489;8559;6.42;0.39;274.16;8.02;1015;25;2909.00;70
7475;24;624395231;7475;364;8490;8559;6.47;0.40;274.18;8.03;1015;25;2910.00;69
7477;24;624395244;7477;369;8491;8560;6.46;0.40;274.21;8.03;1014;25;2911.00;69
7482;24;624395259;7482;376;8491;8560;6.39;0.39;274.16;8.03;1009;25;2912.00;69
7487;24;624395272;7487;371;8492;8560;6.34;0.39;274.13;8.11;1005;25;2913.00;68
7488;24;624395286;7488;378;8493;8560;6.30;0.39;274.14;8.12;1005;25;2914.00;67
7490;24;624395299;7490;378;8496;8560;6.24;0.38;274.12;8.13;1006;25;2915.00;64
7497;24;624395313;7497;386;8505;8572;6.15;0.38;274.24;8.12;1008;25;2916.00;67
7501;24;624395326;7501;391;8505;8572;6.09;0.37;274.30;8.12;1004;25;2917.00;67
7507;24;624395338;7507;401;8507;8572;5.99;0.37;274.40;8.12;1000;25;2918.00;65
7511;24;624395351;7511;407;8508;8572;5.89;0.36;274.43;8.12;997;25;2919.00;64
7514;24;624395362;7514;409;8510;8572;5.78;0.36;274.47;8.12;996;25;2920.00;62
7517;24;624395375;7517;413;8510;8572;5.71;0.35;274.56;8.12;993;25;2921.00;62
7522;24;624395386;7522;405;8513;8576;5.67;0.35;274.61;8.12;991;25;2922.00;63
7524;24;624395398;7524;410;8513;8576;5.59;0.34;274.58;8.12;989;25;2923.00;63
7528;24;624395410;7528;413;8517;8580;5.53;0.34;274.54;8.12;989;25;2924.00;63
7533;24;624395422;7533;424;8518;8582;5.45;0.33;274.56;8.11;985;25;2925.00;64
7537;24;624395434;7537;428;8519;8582;5.42;0.33;274.56;8.11;982;25;2926.00;63
7541;24;624395446;7541;436;8519;8582;5.36;0.33;274.48;8.11;978;25;2927.00;63
7543;24;624395457;7543;439;8530;8595;5.45;0.33;274.49;8.10;987;25;2928.00;65
7545;24;624395470;7545;440;8531;8595;5.37;0.33;274.44;8.19;986;25;2929.00;64
7546;24;624395481;7546;437;8531;8595;5.37;0.33;274.45;8.19;985;25;2930.00;64
7548;24;624395492;7548;440;8532;8596;5.34;0.33;274.42;8.19;984;25;2931.00;64
7551;24;624395503;7551;441;8532;8597;5.27;0.32;274.41;8.19;981;25;2932.00;65
7557;24;624395515;7557;442;8532;8597;5.20;0.32;274.40;8.19;975;25;2933.00;65
7560;24;624395526;7560;441;8534;8600;5.19;0.32;274.43;8.19;974;25;2934.00;66
7561;24;624395538;7561;444;8534;8600;5.17;0.32;274.41;8.19;973;25;2935.00;66
7565;24;624395551;7565;444;8535;8600;5.13;0.31;274.39;8.19;970;25;2936.00;65
7568;24;624395562;7568;441;8535;8600;5.11;0.31;274.35;8.19;967;25;2937.00;65
7571;24;624395574;7571;433;8540;8606;5.07;0.31;274.34;8.18;969;25;2938.00;66
7574;24;624395586;7574;432;8541;8606;5.00;0.31;274.25;8.27;967;25;2939.00;65
7577;24;624395602;7577;423;8541;8606;5.00;0.31;274.20;8.27;964;25;2940.00;65
7579;24;624395613;7579;426;8541;8606;5.03;0.31;274.20;8.27;962;25;2941.00;65
7581;24;624395624;7581;429;8544;8610;5.11;0.31;274.20;8.27;963;25;2942.00;66
7583;24;624395635;7583;428;8545;8611;5.18;0.32;274.20;8.27;962;25;2943.00;66
7585;24;624395647;7585;431;8545;8611;5.21;0.32;274.15;8.27;960;25;2944.00;66
7587;24;624395657;7587;429;8546;8612;5.23;0.32;274.22;8.27;959;25;2945.00;66
7588;24;624395668;7588;415;8546;8612;5.32;0.33;274.19;8.27;958;25;2946.00;66
7589;24;624395679;7589;400;8546;8612;5.39;0.33;274.17;8.27;957;25;2947.00;66
7590;24;624395689;7590;388;8546;8612;5.53;0.34;274.19;8.27;956;25;2948.00;66
7595;24;624395699;7595;380;8547;8612;5.60;0.34;274.15;8.36;952;25;2949.00;65
7597;24;624395718;7597;371;8547;8612;5.68;0.35;274.11;8.36;950;25;2950.00;65
7600;24;624395729;7600;373;8547;8612;5.73;0.35;274.06;8.36;947;25;2951.00;65
7602;24;624395740;7602;377;8580;8682;5.99;0.37;274.01;8.33;978;25;2952.00;102
7603;24;624395756;7603;373;8582;8683;6.05;0.37;274.02;8.42;979;25;2953.00;101
7605;24;624395768;7605;371;8589;8683;6.20;0.38;274.04;8.41;984;25;2954.00;94
7606;24;624395779;7606;362;8590;8683;6.29;0.38;274.02;8.41;984;25;2955.00;93
7606;24;624395791;7606;348;8593;8683;6.41;0.39;274.02;8.41;987;25;2956.00;90
7607;24;624395802;7607;340;8594;8683;6.52;0.40;274.00;8.50;987;25;2957.00;89
7609;24;624395814;7609;339;8598;8683;6.64;0.40;274.01;8.50;989;25;2958.00;85
7610;24;624395826;7610;331;8599;8683;6.76;0.41;274.08;8.50;989;25;2959.00;84
7610;24;624395838;7610;330;8602;8684;6.85;0.42;274.08;8.50;992;25;2960.00;82
7610;24;624395850;7610;324;8605;8685;6.96;0.42;274.08;8.50;995;25;2961.00;80
7611;24;624395862;7611;319;8607;8685;7.02;0.43;274.06;8.50;996;25;2962.00;78
7614;24;624395875;7614;316;8613;8689;7.06;0.43;274.03;8.50;999;25;2963.00;76
7615;24;624395887;7615;317;8615;8689;7.10;0.43;274.00;8.50;1000;25;2964.00;74
7615;24;624395910;7615;320;8616;8689;7.15;0.43;274.00;8.58;1001;25;2965.00;73
7617;24;624395922;7617;310;8616;8689;7.18;0.44;273.97;8.58;999;25;2966.00;73
7618;24;624395940;7618;312;8620;8695;7.24;0.44;273.98;8.58;1002;25;2967.00;75
7621;24;624395953;7621;308;8620;8695;7.31;0.44;274.00;8.58;999;25;2968.00;75
7621;24;624395965;7621;303;8620;8695;7.35;0.45;274.00;8.58;999;25;2969.00;75
7622;24;624395980;7622;302;8624;8701;7.40;0.45;274.04;8.58;1002;25;2970.00;77
7624;24;624395993;7624;299;8624;8701;7.39;0.45;274.05;8.58;1000;25;2971.00;77
7625;24;624396005;7625;289;8626;8701;7.45;0.45;274.06;8.58;1001;25;2972.00;75
7626;24;624396017;7626;288;8626;8702;7.46;0.45;274.06;8.58;1000;25;2973.00;76
7626;24;624396028;7626;287;8627;8703;7.52;0.46;274.06;8.57;1001;25;2974.00;76
7626;24;624396040;7626;284;8627;8703;7.58;0.46;274.06;8.57;1001;25;2975.00;76
7627;24;624396053;7627;279;8636;8716;7.71;0.47;274.13;8.57;1009;25;2976.00;80
7629;24;624396065;7629;275;8636;8716;7.79;0.47;274.17;8.57;1007;25;2977.00;80
7632;24;624396077;7632;271;8636;8716;7.84;0.48;274.20;8.57;1004;25;2978.00;80
7634;24;624396089;7634;271;8637;8717;7.90;0.48;274.18;8.56;1003;25;2979.00;80
7636;24;624396101;7636;267;8637;8717;8.01;0.49;274.22;8.56;1001;25;2980.00;80
7639;24;624396113;7639;260;8640;8721;8.05;0.49;274.20;8.56;1001;25;2981.00;81
7641;24;624396126;7641;257;8640;8721;8.13;0.49;274.22;8.56;999;25;2982.00;81
7642;24;624396138;7642;252;8643;8725;8.16;0.49;274.25;8.56;1001;25;2983.00;82
7643;24;624396151;7643;246;8644;8725;8.18;0.50;274.31;8.64;1001;25;2984.00;81
7648;24;624396163;7648;248;8644;8725;8.21;0.50;274.35;8.64;996;25;2985.00;81
7649;24;624396176;7649;249;8644;8725;8.24;0.50;274.38;8.64;995;25;2986.00;81
7650;24;624396189;7650;252;8644;8725;8.24;0.50;274.37;8.64;994;25;2987.00;81
7653;24;624396201;7653;249;8653;8737;8.27;0.50;274.35;8.63;1000;25;2988.00;84
7656;24;624396214;7656;253;8653;8737;8.27;0.50;274.44;8.63;997;25;2989.00;84
7658;24;624396226;7658;250;8655;8737;8.25;0.50;274.43;8.63;997;25;2990.00;82
7659;24;624396238;7659;250;8655;8737;8.22;0.50;274.43;8.63;996;25;2991.00;82
7661;24;624396250;7661;245;8655;8737;8.22;0.50;274.49;8.63;994;25;2992.00;82
7665;24;624396262;7665;235;8658;8737;8.21;0.50;274.50;8.64;993;25;2993.00;79
7670;24;624396275;7670;230;8658;8738;8.19;0.50;274.51;8.64;988;25;2994.00;80
7671;24;624396293;7671;229;8660;8738;8.26;0.50;274.53;8.66;989;25;2995.00;78
7673;25;624396309;7673;230;8664;8744;8.33;0.51;274.51;8.66;991;26;2996.00;80
7679;25;624396333;7679;229;8665;8745;8.35;0.51;274.50;8.66;986;26;2997.00;80
7680;25;624396345;7680;224;8666;8745;8.36;0.51;274.50;8.66;986;26;2998.00;79
7682;25;624396363;7682;222;8666;8745;8.42;0.51;274.48;8.66;984;26;2999.00;79
7687;25;624396377;7687;223;8672;8765;8.39;0.51;274.49;8.66;985;26;3000.00;93
7693;25;624396396;7693;218;8672;8765;8.36;0.51;274.53;8.66;979;26;3001.00;93
7695;25;624396408;7695;207;8672;8765;8.36;0.51;274.55;8.66;977;26;3002.00;93
7700;25;624396420;7700;201;8673;8766;8.37;0.51;274.64;8.66;973;26;3003.00;93
7704;25;624396432;7704;200;8676;8770;8.42;0.51;274.59;8.65;972;26;3004.00;94
7706;25;624396445;7706;201;8676;8770;8.52;0.52;274.65;8.65;970;26;3005.00;94
7709;25;624396457;7709;206;8680;8773;8.57;0.52;274.67;8.65;971;26;3006.00;93
7714;25;624396470;7714;203;8682;8773;8.59;0.52;274.66;8.65;968;26;3007.00;91
7719;25;624396482;7719;205;8683;8773;8.56;0.52;274.68;8.66;964;26;3008.00;90
7720;25;624396495;7720;206;8683;8773;8.61;0.52;274.75;8.66;963;26;3009.00;90
7721;25;624396506;7721;206;8688;8777;8.63;0.52;274.80;8.66;967;26;3010.00;89
7723;25;624396518;7723;212;8688;8777;8.62;0.52;274.86;8.66;965;26;3011.00;89
7726;25;624396531;7726;214;8691;8777;8.59;0.52;274.90;8.67;965;26;3012.00;86
7727;25;624396543;7727;211;8691;8777;8.64;0.53;274.89;8.67;964;26;3013.00;86
7730;25;624396560;7730;215;8692;8778;8.67;0.53;274.93;8.67;962;26;3014.00;86
7738;25;624396581;7738;218;8696;8780;8.61;0.52;275.03;8.66;958;26;3015.00;84
7738;25;624396603;7738;221;8696;8780;8.65;0.53;275.03;8.66;958;26;3016.00;84
7746;25;624396621;7746;227;8698;8781;8.63;0.52;275.13;8.66;952;26;3017.00;83
7749;25;624396638;7749;232;8699;8781;8.54;0.52;275.22;8.67;950;26;3018.00;82
7753;25;624396657;7753;233;8699;8781;8.51;0.52;275.21;8.67;946;26;3019.00;82
7754;25;624396672;7754;246;8700;8781;8.44;0.51;275.26;8.68;946;26;3020.00;81
7756;25;624396686;7756;252;8701;8781;8.39;0.51;275.31;8.69;945;26;3021.00;80
7759;25;624396698;7759;261;8702;8781;8.26;0.50;275.33;8.69;943;26;3022.00;79
7761;25;624396711;7761;256;8704;8781;8.13;0.49;275.39;8.72;943;26;3023.00;77
7762;25;624396723;7762;276;8775;8908;8.04;0.49;275.44;8.65;1013;26;3024.00;133
7766;25;624396746;7766;272;8780;8909;7.94;0.49;275.52;8.64;1014;26;3025.00;129
7766;25;624396759;7766;275;8787;8909;7.92;0.49;275.52;8.66;1021;26;3026.00;122
7769;25;624396771;7769;275;8790;8909;7.88;0.49;275.63;8.66;1021;26;3027.00;119
7770;25;624396784;7770;273;8794;8909;7.87;0.49;275.67;8.66;1024;26;3028.00;115
7774;25;624396796;7774;281;8799;8909;7.82;0.48;275.74;8.68;1025;26;3029.00;110
7776;25;624396811;7776;289;8801;8909;7.78;0.48;275.80;8.68;1025;26;3030.00;108
7781;25;624396823;7781;288;8803;8909;7.73;0.48;275.81;8.69;1022;26;3031.00;106
7786;25;624396842;7786;292;8808;8910;7.75;0.47;275.75;8.71;1022;26;3032.00;102
7788;25;624396854;7788;297;8810;8911;7.80;0.48;275.84;8.71;1022;26;3033.00;101
7789;25;624396867;7789;308;8816;8911;7.77;0.48;275.90;8.73;1027;26;3034.00;95
7791;25;624396878;7791;309;8820;8912;7.69;0.47;275.88;8.74;1029;26;3035.00;92
7795;25;624396890;7795;310;8824;8912;7.61;0.47;275.94;8.74;1029;26;3036.00;88
7797;25;624396902;7797;314;8828;8912;7.53;0.46;276.09;8.75;1031;26;3037.00;84
7798;25;624396915;7798;319;8830;8912;7.44;0.46;276.14;8.75;1032;26;3038.00;82
7803;25;624396927;7803;326;8836;8916;7.38;0.46;276.16;8.76;1033;26;3039.00;80
7805;25;624396940;7805;327;8838;8916;7.34;0.45;276.24;8.77;1033;26;3040.00;78
7807;25;624396952;7807;330;8838;8916;7.35;0.45;276.21;8.77;1031;26;3041.00;78
7810;25;624396964;7810;333;8844;8919;7.30;0.45;276.30;8.79;1034;26;3042.00;75
7811;25;624396986;7811;329;8845;8919;7.33;0.45;276.31;8.79;1034;26;3043.00;74
7817;25;624396999;7817;337;8847;8919;7.25;0.45;276.36;8.80;1030;26;3044.00;72
7821;25;624397012;7821;339;8849;8923;7.19;0.44;276.34;8.80;1028;26;3045.00;74
7827;25;624397025;7827;341;8852;8924;7.08;0.44;276.47;8.80;1025;26;3046.00;72
7831;25;624397039;7831;340;8854;8924;7.00;0.43;276.52;8.81;1023;26;3047.00;70
7834;25;624397051;7834;338;8860;8928;6.92;0.42;276.59;8.81;1026;26;3048.00;68
7836;25;624397064;7836;339;8860;8928;6.83;0.42;276.66;8.81;1024;26;3049.00;68
7837;25;624397077;7837;343;8862;8928;6.79;0.42;276.63;8.82;1025;26;3050.00;66
7841;25;624397089;7841;344;8864;8929;6.72;0.41;276.79;8.82;1023;26;3051.00;65
7846;25;624397109;7846;345;8864;8929;6.60;0.40;276.82;8.82;1018;26;3052.00;65
7847;25;624397128;7847;344;8871;8935;6.62;0.41;276.82;8.82;1024;26;3053.00;64
7859;25;624397141;7859;348;8871;8935;6.45;0.39;276.86;8.82;1012;26;3054.00;64
7862;25;624397154;7862;351;8872;8936;6.33;0.39;276.80;8.83;1010;26;3055.00;64
7866;25;624397166;7866;352;8872;8936;6.22;0.38;276.90;8.83;1006;26;3056.00;64
7869;25;624397178;7869;358;8873;8936;6.02;0.37;276.91;8.83;1004;26;3057.00;63
7871;25;624397189;7871;369;8873;8936;5.88;0.36;276.96;8.83;1002;26;3058.00;63
7876;25;624397200;7876;380;8873;8936;5.69;0.35;277.08;8.83;997;26;3059.00;63
7879;25;624397212;7879;386;8903;8972;5.69;0.35;277.13;8.81;1024;26;3060.00;69
7882;25;624397226;7882;380;8903;8972;5.56;0.34;277.22;8.81;1021;26;3061.00;69
7887;25;624397237;7887;387;8905;8972;5.48;0.34;277.24;8.81;1018;26;3062.00;67
7889;25;624397248;7889;384;8906;8972;5.42;0.34;277.30;8.81;1017;26;3063.00;66
7898;25;624397259;7898;384;8907;8972;5.37;0.33;277.38;8.81;1009;26;3064.00;65
7903;25;624397271;7903;386;8908;8972;5.34;0.33;277.53;8.81;1005;26;3065.00;64
7908;25;624397290;7908;390;8914;8976;5.27;0.32;277.47;8.82;1006;26;3066.00;62
7910;25;624397302;7910;396;8915;8976;5.28;0.32;277.53;8.82;1005;26;3067.00;61
7913;25;624397314;7913;394;8919;8980;5.28;0.32;277.61;8.82;1006;26;3068.00;61
7915;25;624397325;7915;395;8920;8981;5.29;0.32;277.57;8.82;1005;26;3069.00;61
7917;25;624397337;7917;390;8921;8981;5.24;0.32;277.59;8.82;1004;26;3070.00;60
7919;25;624397349;7919;397;8921;8981;5.20;0.32;277.65;8.82;1002;26;3071.00;60
7921;25;624397360;7921;397;8932;8994;5.24;0.32;277.72;8.81;1011;26;3072.00;62
7923;25;624397373;7923;393;8932;8994;5.22;0.32;277.67;8.81;1009;26;3073.00;62
7924;25;624397384;7924;392;8932;8994;5.23;0.32;277.69;8.81;1008;26;3074.00;62
7928;25;624397395;7928;389;8933;8995;5.24;0.32;277.67;8.81;1005;26;3075.00;62
7931;25;624397407;7931;396;8933;8996;5.25;0.32;277.64;8.81;1002;26;3076.00;63
7933;25;624397418;7933;397;8933;8996;5.23;0.32;277.62;8.81;1000;26;3077.00;63
7937;25;624397428;7937;405;8935;8999;5.20;0.32;277.63;8.81;998;26;3078.00;64
7940;25;624397440;7940;405;8935;8999;5.13;0.31;277.61;8.81;995;26;3079.00;64
7941;25;624397450;7941;406;8936;8999;5.11;0.31;277.62;8.81;995;26;3080.00;63
7945;25;624397460;7945;406;8936;8999;5.03;0.31;277.59;8.81;991;26;3081.00;63
7947;25;624397473;7947;417;8941;9005;5.00;0.31;277.58;8.80;994;26;3082.00;64
7950;25;624397484;7950;425;8941;9005;4.92;0.30;277.59;8.80;991;26;3083.00;64
7955;25;624397495;7955;431;8941;9005;4.84;0.30;277.53;8.80;986;26;3084.00;64
7959;25;624397506;7959;430;8941;9005;4.80;0.29;277.48;8.80;982;26;3085.00;64
7964;25;624397521;7964;435;8944;9009;4.79;0.29;277.44;8.80;980;26;3086.00;65
7966;25;624397533;7966;434;8945;9010;4.77;0.29;277.48;8.80;979;26;3087.00;65
7970;25;624397544;7970;437;8945;9010;4.72;0.29;277.47;8.80;975;26;3088.00;65
7975;25;624397556;7975;439;8946;9011;4.67;0.29;277.46;8.80;971;26;3089.00;65
7977;25;624397569;7977;449;8946;9011;4.62;0.28;277.46;8.80;969;26;3090.00;65
7982;25;624397580;7982;455;8946;9011;4.50;0.28;277.43;8.80;964;26;3091.00;65
7984;25;624397591;7984;459;8946;9011;4.46;0.27;277.41;8.80;962;26;3092.00;65
7991;25;624397602;7991;465;8946;9011;4.38;0.27;277.42;8.80;955;26;3093.00;65
7993;25;624397613;7993;466;8946;9011;4.33;0.26;277.45;8.80;953;26;3094.00;65
7994;25;624397623;7994;474;8946;9011;4.32;0.26;277.47;8.80;952;26;3095.00;65
7994;25;624397633;7994;493;8985;9081;4.60;0.28;277.47;8.76;991;26;3096.00;96
8000;25;624397648;8000;483;8986;9082;4.55;0.28;277.44;8.76;986;26;3097.00;96
8002;25;624397658;8002;482;8994;9082;4.62;0.28;277.41;8.84;992;26;3098.00;88
8004;25;624397669;8004;486;8995;9082;4.63;0.28;277.43;8.84;991;26;3099.00;87
8009;25;624397680;8009;485;8997;9082;4.63;0.28;277.43;8.84;988;26;3100.00;85
8009;25;624397696;8009;490;8999;9082;4.62;0.28;277.43;8.84;990;26;3101.00;83
8011;25;624397706;8011;497;9000;9082;4.60;0.28;277.42;8.84;989;26;3102.00;82
8012;25;624397716;8012;492;9002;9082;4.59;0.28;277.41;8.84;990;26;3103.00;80
8014;25;624397726;8014;498;9003;9083;4.55;0.28;277.40;8.84;989;26;3104.00;80
8015;25;624397736;8015;497;9006;9085;4.56;0.28;277.38;8.84;991;26;3105.00;79
8015;25;624397746;8015;507;9008;9085;4.57;0.28;277.38;8.84;993;26;3106.00;77
8016;25;624397755;8016;478;9012;9089;4.67;0.29;277.39;8.84;996;26;3107.00;77
8018;25;624397767;8018;455;9015;9089;4.72;0.29;277.37;8.84;997;26;3108.00;74
8019;25;624397777;8019;446;9018;9089;4.83;0.30;277.42;8.84;999;26;3109.00;71
8019;25;624397788;8019;441;9019;9089;4.92;0.30;277.42;8.84;1000;26;3110.00;70
8021;25;624397798;8021;428;9024;9095;5.05;0.31;277.37;8.83;1003;26;3111.00;71
8021;25;624397809;8021;426;9024;9095;5.15;0.32;277.37;8.83;1003;26;3112.00;71
8022;25;624397820;8022;426;9024;9095;5.23;0.32;277.36;8.83;1002;26;3113.00;71
8025;25;624397845;8025;426;9026;9098;5.30;0.33;277.35;8.83;1001;26;3114.00;72
8027;25;624397858;8027;426;9026;9098;5.36;0.33;277.34;8.83;999;26;3115.00;72
8028;25;624397869;8028;408;9027;9098;5.46;0.34;277.34;8.83;999;26;3116.00;71
8030;25;624397887;8030;398;9027;9099;5.55;0.34;277.31;8.83;997;26;3117.00;72
8035;25;624397900;8035;389;9028;9100;5.69;0.35;277.43;8.83;993;26;3118.00;72
8037;25;624397913;8037;369;9028;9100;5.82;0.35;277.38;8.83;991;26;3119.00;72
8040;25;624397927;8040;365;9048;9126;6.10;0.37;277.39;8.81;1008;26;3120.00;78
8041;25;624397943;8041;355;9049;9126;6.24;0.38;277.38;8.81;1008;26;3121.00;77
8043;25;624397962;8043;337;9050;9126;6.40;0.39;277.33;8.81;1007;26;3122.00;76
8043;25;624397974;8043;328;9051;9127;6.56;0.40;277.33;8.81;1008;26;3123.00;76
8046;25;624397986;8046;314;9051;9127;6.69;0.41;277.32;8.81;1005;26;3124.00;76
8047;25;624397998;8047;311;9055;9131;6.81;0.41;277.33;8.80;1008;26;3125.00;76
8048;25;624398011;8048;302;9055;9131;6.88;0.42;277.32;8.80;1007;26;3126.00;76
8050;25;624398023;8050;295;9058;9135;6.89;0.42;277.29;8.80;1008;26;3127.00;77
8053;25;624398036;8053;283;9058;9135;6.95;0.42;277.29;8.80;1005;26;3128.00;77
8054;25;624398049;8054;280;9058;9135;7.02;0.43;277.34;8.80;1004;26;3129.00;77
8056;25;624398061;8056;280;9058;9135;7.08;0.43;277.32;8.80;1002;26;3130.00;77
8059;25;624398073;8059;274;9058;9135;7.06;0.43;277.31;8.80;999;26;3131.00;77
8062;25;624398092;8062;277;9068;9147;7.11;0.43;277.34;8.79;1006;26;3132.00;79
8066;25;624398106;8066;270;9068;9147;7.19;0.44;277.40;8.79;1002;26;3133.00;79
8070;25;624398119;8070;260;9069;9147;7.28;0.44;277.50;8.79;999;26;3134.00;78
8072;25;624398131;8072;255;9070;9147;7.35;0.45;277.61;8.88;998;26;3135.00;77
8075;25;624398145;8075;251;9070;9147;7.42;0.45;277.68;8.88;995;26;3136.00;77
8080;25;624398157;8080;242;9070;9147;7.49;0.45;277.78;8.88;990;26;3137.00;77
8082;25;624398170;8082;238;9070;9148;7.57;0.46;277.88;8.88;988;26;3138.00;78
8087;25;624398182;8087;242;9070;9148;7.57;0.46;277.98;8.88;983;26;3139.00;78
8088;25;624398195;8088;234;9075;9154;7.68;0.47;277.97;8.87;987;26;3140.00;79
8088;25;624398208;8088;229;9076;9155;7.78;0.47;277.97;8.87;988;26;3141.00;79
8088;25;624398225;8088;223;9076;9155;7.85;0.48;277.97;8.87;988;26;3142.00;79
8090;25;624398237;8090;222;9076;9155;7.90;0.48;277.99;8.87;986;26;3143.00;79
8091;25;624398250;8091;220;9079;9159;8.01;0.49;277.99;8.87;988;26;3144.00;80
8091;25;624398263;8091;219;9079;9159;8.02;0.49;277.99;8.87;988;26;3145.00;80
8093;25;624398275;8093;222;9079;9159;8.07;0.49;278.09;8.87;986;26;3146.00;80
8094;25;624398288;8094;220;9080;9160;8.13;0.49;278.12;8.87;986;26;3147.00;80
8095;25;624398300;8095;219;9083;9164;8.08;0.49;278.19;8.86;988;26;3148.00;81
8096;25;624398313;8096;220;9083;9164;8.10;0.49;278.19;8.86;987;26;3149.00;81
8098;25;624398327;8098;221;9087;9170;8.17;0.50;278.18;8.86;989;26;3150.00;83
8099;25;624398341;8099;222;9087;9170;8.27;0.50;278.19;8.86;988;26;3151.00;83
8102;25;624398354;8102;219;9089;9170;8.34;0.51;278.23;8.86;987;26;3152.00;81
8104;25;624398367;8104;215;9089;9170;8.36;0.51;278.24;8.86;985;26;3153.00;81
8105;25;624398380;8105;210;9093;9174;8.44;0.51;278.25;8.86;988;26;3154.00;81
8107;25;624398394;8107;210;9093;9174;8.44;0.51;278.24;8.86;986;26;3155.00;81
8111;25;624398406;8111;213;9093;9174;8.45;0.51;278.42;8.86;982;26;3156.00;81
8115;25;624398419;8115;214;9093;9174;8.45;0.51;278.43;8.86;978;26;3157.00;81
8117;25;624398432;8117;214;9093;9175;8.50;0.52;278.48;8.86;976;26;3158.00;82
8120;25;624398444;8120;220;9094;9176;8.55;0.52;278.47;8.86;974;26;3159.00;82
8123;25;624398457;8123;215;9095;9176;8.54;0.52;278.51;8.94;972;26;3160.00;81
8129;25;624398471;8129;213;9096;9177;8.45;0.51;278.54;8.94;967;26;3161.00;81
8131;25;624398490;8131;207;9096;9177;8.46;0.51;278.56;8.94;965;26;3162.00;81
8136;25;624398503;8136;203;9096;9177;8.41;0.51;278.53;8.94;960;26;3163.00;81
8140;25;624398515;8140;204;9097;9177;8.36;0.51;278.56;8.96;957;26;3164.00;80
8142;25;624398528;8142;198;9097;9177;8.36;0.51;278.56;8.96;955;26;3165.00;80
8144;25;624398540;8144;199;9098;9177;8.36;0.51;278.55;8.97;954;26;3166.00;79
8144;25;624398556;8144;201;9098;9177;8.42;0.51;278.55;8.97;954;26;3167.00;79
8151;25;624398574;8151;215;9163;9304;8.40;0.52;278.57;8.91;1012;26;3168.00;141
8154;25;624398608;8154;207;9165;9305;8.40;0.52;278.65;8.91;1011;26;3169.00;140
8160;25;624398627;8160;197;9171;9305;8.40;0.52;278.78;8.90;1011;26;3170.00;134
8161;25;624398647;8161;193;9173;9305;8.38;0.51;278.78;8.90;1012;26;3171.00;132
8166;25;624398666;8166;188;9177;9305;8.31;0.51;278.79;8.90;1011;26;3172.00;128
8168;25;624398680;8168;176;9180;9305;8.37;0.51;278.80;8.90;1012;26;3173.00;125
8171;25;624398694;8171;181;9180;9305;8.35;0.51;278.79;8.90;1009;26;3174.00;125
8176;25;624398708;8176;188;9183;9305;8.35;0.51;278.86;8.90;1007;26;3175.00;122
8178;25;624398731;8178;181;9184;9306;8.42;0.51;278.87;8.90;1006;26;3176.00;122
8181;25;624398745;8181;180;9189;9307;8.43;0.52;278.82;8.90;1008;26;3177.00;118
8185;25;624398759;8185;186;9193;9307;8.48;0.52;278.92;8.90;1008;26;3178.00;114
8187;25;624398772;8187;183;9195;9308;8.52;0.52;278.93;8.90;1008;26;3179.00;113
8189;25;624398789;8189;177;9200;9308;8.48;0.52;278.89;8.90;1011;26;3180.00;108
8191;25;624398801;8191;177;9203;9308;8.47;0.52;278.86;8.90;1012;26;3181.00;105
8194;25;624398816;8194;179;9206;9308;8.41;0.51;278.93;8.90;1012;26;3182.00;102
8196;25;624398828;8196;182;9208;9312;8.41;0.51;278.97;8.90;1012;26;3183.00;104
8198;25;624398843;8198;192;9213;9312;8.36;0.51;279.00;8.90;1015;26;3184.00;99
8205;25;624398856;8205;200;9217;9312;8.32;0.51;279.14;8.93;1012;26;3185.00;95
8208;25;624398870;8208;207;9218;9315;8.27;0.50;279.22;8.93;1010;26;3186.00;97
8210;25;624398886;8210;213;9220;9315;8.22;0.50;279.22;8.93;1010;26;3187.00;95
8213;25;624398918;8213;220;9221;9315;8.17;0.50;279.30;8.93;1008;26;3188.00;94
8213;25;624398951;8213;230;9226;9319;8.10;0.49;279.30;8.94;1013;26;3189.00;93
8216;25;624398977;8216;239;9229;9320;8.04;0.49;279.35;8.96;1013;26;3190.00;91
8219;25;624398994;8219;246;9232;9322;7.97;0.48;279.44;8.96;1013;26;3191.00;90
8220;25;624399020;8220;251;9235;9326;7.99;0.49;279.46;8.96;1015;26;3192.00;91
8224;25;624399037;8224;253;9238;9326;7.95;0.48;279.54;8.98;1014;26;3193.00;88
8224;25;624399053;8224;257;9239;9326;7.92;0.48;279.54;8.98;1015;26;3194.00;87
8225;25;624399069;8225;258;9244;9328;7.88;0.48;279.53;9.00;1019;26;3195.00;84
8227;25;624399086;8227;261;9244;9328;7.78;0.47;279.57;9.00;1017;26;3196.00;84
8229;25;624399105;8229;265;9251;9334;7.71;0.47;279.61;9.01;1022;26;3197.00;83
8231;25;624399130;8231;272;9251;9334;7.60;0.46;279.65;9.01;1020;26;3198.00;83
8234;25;624399145;8234;274;9252;9335;7.49;0.46;279.82;9.02;1018;26;3199.00;83
8238;25;624399170;8238;279;9254;9335;7.37;0.45;279.87;9.05;1016;26;3200.00;81
8239;25;624399191;8239;281;9254;9335;7.33;0.45;279.89;9.05;1015;26;3201.00;81
8244;25;624399207;8244;295;9256;9335;7.29;0.45;279.95;9.07;1012;26;3202.00;79
8247;25;624399235;8247;299;9256;9335;7.26;0.44;279.97;9.07;1009;26;3203.00;79
8250;25;624399249;8250;299;9268;9347;7.27;0.44;280.00;9.07;1018;26;3204.00;79
8252;25;624399270;8252;308;9269;9347;7.21;0.44;280.06;9.07;1017;26;3205.00;78
8256;25;624399285;8256;311;9271;9347;7.13;0.44;280.11;9.08;1015;26;3206.00;76
8258;25;624399298;8258;317;9272;9347;7.07;0.43;280.08;9.08;1014;26;3207.00;75
8261;25;624399316;8261;326;9273;9347;6.97;0.43;280.15;9.09;1012;26;3208.00;74
8262;25;624399331;8262;326;9273;9347;6.85;0.42;280.20;9.09;1011;26;3209.00;74
8265;25;624399346;8265;328;9276;9351;6.78;0.42;280.28;9.10;1011;26;3210.00;75
8269;25;624399368;8269;327;9280;9351;6.72;0.41;280.30;9.12;1011;26;3211.00;71
8273;25;624399385;8273;333;9284;9355;6.69;0.41;280.29;9.12;1011;26;3212.00;71
8273;25;624399401;8273;331;9286;9356;6.65;0.41;280.29;9.13;1013;26;3213.00;70
8277;25;624399416;8277;328;9286;9356;6.51;0.40;280.31;9.13;1009;26;3214.00;70
8280;25;624399431;8280;332;9289;9356;6.40;0.39;280.37;9.14;1009;26;3215.00;67
8282;25;624399449;8282;342;9300;9369;6.39;0.39;280.36;9.13;1018;26;3216.00;69
8288;25;624399464;8288;346;9300;9369;6.25;0.38;280.34;9.13;1012;26;3217.00;69
8290;25;624399481;8290;347;9300;9369;6.24;0.38;280.33;9.13;1010;26;3218.00;69
8292;25;624399497;8292;350;9304;9370;6.26;0.38;280.39;9.15;1012;26;3219.00;66
8295;25;624399512;8295;357;9304;9371;6.16;0.37;280.42;9.15;1009;26;3220.00;67
8295;25;624399526;8295;360;9306;9371;6.05;0.37;280.42;9.16;1011;26;3221.00;65
8299;25;624399540;8299;365;9309;9374;5.98;0.36;280.43;9.15;1010;26;3222.00;65
8303;25;624399555;8303;367;9311;9374;5.83;0.35;280.47;9.16;1008;26;3223.00;63
8307;25;624399568;8307;373;9311;9374;5.68;0.35;280.46;9.16;1004;26;3224.00;63
8312;25;624399584;8312;373;9311;9374;5.62;0.34;280.53;9.16;999;26;3225.00;63
8317;25;624399597;8317;378;9318;9380;5.57;0.34;280.57;9.16;1001;26;3226.00;62
8321;25;624399609;8321;390;9318;9380;5.44;0.33;280.51;9.16;997;26;3227.00;62
8326;25;624399621;8326;391;9320;9380;5.33;0.33;280.55;9.17;994;26;3228.00;60
8330;25;624399632;8330;397;9320;9380;5.22;0.32;280.58;9.17;990;26;3229.00;60
8333;25;624399642;8333;388;9323;9384;5.14;0.32;280.62;9.16;990;26;3230.00;61
8336;25;624399654;8336;381;9326;9385;5.02;0.31;280.62;9.17;990;26;3231.00;59
8338;25;624399671;8338;385;9326;9385;4.96;0.31;280.68;9.17;988;26;3232.00;59
8341;25;624399685;8341;381;9329;9386;4.89;0.30;280.66;9.17;988;26;3233.00;57
8345;25;624399696;8345;389;9329;9386;4.79;0.30;280.67;9.17;984;26;3234.00;57
8348;25;624399706;8348;394;9329;9386;4.76;0.29;280.64;9.17;981;26;3235.00;57
8353;25;624399717;8353;399;9329;9386;4.71;0.29;280.56;9.17;976;26;3236.00;57
8355;25;624399727;8355;400;9329;9386;4.74;0.29;280.52;9.17;974;26;3237.00;57
8359;25;624399743;8359;403;9329;9386;4.72;0.29;280.45;9.17;970;26;3238.00;57
8360;25;624399755;8360;406;9329;9386;4.74;0.29;280.47;9.17;969;26;3239.00;57
8364;25;624399768;8364;408;9383;9511;5.06;0.31;280.42;9.11;1019;26;3240.00;128
8366;25;624399788;8366;405;9388;9512;5.08;0.31;280.42;9.11;1022;26;3241.00;124
8370;25;624399800;8370;405;9400;9512;5.11;0.31;280.41;9.10;1030;26;3242.00;112
8374;25;624399811;8374;410;9404;9512;5.06;0.31;280.40;9.10;1030;26;3243.00;108
8375;25;624399823;8375;414;9411;9512;5.11;0.31;280.38;9.09;1036;26;3244.00;101
8378;25;624399834;8378;411;9411;9512;5.11;0.31;280.36;9.09;1033;26;3245.00;101
8381;25;624399846;8381;414;9418;9512;5.13;0.31;280.35;9.09;1037;26;3246.00;94
8382;25;624399858;8382;417;9422;9512;5.16;0.32;280.37;9.09;1040;26;3247.00;90
8385;25;624399868;8385;427;9426;9513;5.11;0.31;280.34;9.09;1041;26;3248.00;87
8386;25;624399880;8386;436;9429;9514;5.06;0.31;280.32;9.09;1043;26;3249.00;85
8388;25;624399892;8388;443;9434;9514;5.00;0.31;280.31;9.09;1046;26;3250.00;80
8392;25;624399905;8392;442;9439;9518;5.03;0.31;280.33;9.09;1047;26;3251.00;79
8393;25;624399918;8393;443;9439;9518;4.97;0.31;280.29;9.09;1046;26;3252.00;79
8396;25;624399935;8396;451;9439;9518;4.87;0.30;280.34;9.09;1043;26;3253.00;79
8399;25;624399948;8399;462;9439;9518;4.80;0.30;280.34;9.09;1040;26;3254.00;79
8399;25;624399963;8399;465;9444;9524;4.76;0.29;280.34;9.08;1045;26;3255.00;80
8404;25;624399977;8404;468;9444;9524;4.69;0.29;280.41;9.08;1040;26;3256.00;80
8406;25;624399990;8406;476;9444;9524;4.68;0.29;280.45;9.08;1038;26;3257.00;80
8408;25;624400006;8408;483;9445;9527;4.65;0.29;280.42;9.08;1037;26;3258.00;82
8411;25;624400019;8411;476;9446;9527;4.57;0.28;280.43;9.08;1035;26;3259.00;81
8412;25;624400035;8412;475;9446;9527;4.54;0.28;280.42;9.08;1034;26;3260.00;81
8415;25;624400048;8415;476;9446;9528;4.52;0.28;280.40;9.08;1031;26;3261.00;82
8419;25;624400061;8419;471;9447;9529;4.52;0.28;280.36;9.08;1028;26;3262.00;82
8420;25;624400075;8420;465;9447;9529;4.58;0.28;280.33;9.08;1027;26;3263.00;82
8425;25;624400086;8425;464;9456;9542;4.71;0.29;280.27;9.07;1031;26;3264.00;86
8427;25;624400104;8427;460;9456;9542;4.75;0.29;280.29;9.07;1029;26;3265.00;86
8429;25;624400124;8429;463;9457;9542;4.81;0.29;280.28;9.07;1028;26;3266.00;85
8431;25;624400137;8431;466;9458;9543;4.88;0.30;280.27;9.07;1027;26;3267.00;85
8436;25;624400149;8436;469;9459;9543;4.91;0.30;280.24;9.07;1023;26;3268.00;84
8438;25;624400161;8438;466;9462;9547;4.95;0.30;280.23;9.07;1024;26;3269.00;85
8440;25;624400176;8440;467;9462;9547;4.98;0.30;280.23;9.07;1022;26;3270.00;85
8442;25;624400195;8442;465;9466;9551;5.02;0.31;280.23;9.06;1024;26;3271.00;85
8444;25;624400213;8444;464;9466;9551;5.02;0.31;280.18;9.06;1022;26;3272.00;85
8448;25;624400227;8448;464;9467;9551;5.02;0.31;280.16;9.06;1019;26;3273.00;84
8449;25;624400240;8449;463;9467;9551;5.02;0.31;280.15;9.06;1018;26;3274.00;84
8450;25;624400256;8450;464;9467;9551;5.05;0.31;280.19;9.06;1017;26;3275.00;84
8453;25;624400276;8453;453;9476;9563;5.16;0.31;280.14;9.05;1023;26;3276.00;87
8455;25;624400292;8455;444;9476;9563;5.21;0.32;280.17;9.05;1021;26;3277.00;87
8456;25;624400306;8456;435;9478;9563;5.27;0.32;280.18;9.05;1022;26;3278.00;85
8457;25;624400319;8457;425;9478;9563;5.36;0.33;280.19;9.05;1021;26;3279.00;85
8459;25;624400333;8459;410;9478;9563;5.48;0.33;280.19;9.05;1019;26;3280.00;85
8461;25;624400347;8461;414;9478;9563;5.53;0.34;280.23;9.05;1017;26;3281.00;85
8463;25;624400360;8463;411;9478;9564;5.60;0.34;280.19;9.05;1015;26;3282.00;86
8467;25;624400373;8467;404;9478;9564;5.66;0.35;280.25;9.05;1011;26;3283.00;86
8470;25;624400391;8470;399;9483;9570;5.73;0.35;280.27;9.05;1013;26;3284.00;87
8471;25;624400408;8471;405;9485;9572;5.87;0.36;280.28;9.05;1014;26;3285.00;87
8474;25;624400427;8474;386;9485;9572;6.00;0.37;280.29;9.05;1011;26;3286.00;87
8476;25;624400449;8476;372;9485;9572;6.12;0.37;280.32;9.05;1009;26;3287.00;87
8478;25;624400463;8478;363;9488;9576;6.30;0.38;280.28;9.04;1010;26;3288.00;88
8481;25;624400478;8481;353;9488;9576;6.43;0.39;280.30;9.04;1007;26;3289.00;88
8482;25;624400497;8482;347;9488;9576;6.63;0.40;280.32;9.04;1006;26;3290.00;88
8482;25;624400511;8482;336;9490;9577;6.81;0.42;280.32;9.14;1008;26;3291.00;87
8485;25;624400526;8485;330;9493;9581;6.94;0.42;280.38;9.14;1008;26;3292.00;88
8486;25;624400540;8486;325;9493;9581;7.06;0.43;280.37;9.14;1007;26;3293.00;88
8490;25;624400559;8490;312;9495;9584;7.18;0.44;280.39;9.13;1005;26;3294.00;89
8491;25;624400581;8491;301;9495;9584;7.31;0.45;280.45;9.13;1004;26;3295.00;89
8492;25;624400604;8492;303;9496;9584;7.43;0.45;280.46;9.13;1004;26;3296.00;88
8494;25;624400629;8494;293;9496;9584;7.50;0.46;280.53;9.13;1002;26;3297.00;88
8499;25;624400651;8499;290;9500;9588;7.62;0.46;280.61;9.13;1001;26;3298.00;88
8500;25;624400674;8500;281;9500;9588;7.73;0.47;280.67;9.13;1000;26;3299.00;88
8506;25;624400698;8506;284;9505;9607;7.74;0.47;280.84;9.12;999;26;3300.00;102
8508;25;624400732;8508;273;9505;9607;7.83;0.47;280.83;9.12;997;26;3301.00;102
8511;25;624400749;8511;269;9505;9608;7.92;0.48;280.94;9.12;994;26;3302.00;103
8512;25;624400766;8512;268;9506;9609;8.07;0.49;280.99;9.12;994;26;3303.00;103
8514;25;624400783;8514;263;9506;9609;8.18;0.49;280.99;9.12;992;26;3304.00;103
8517;25;624400803;8517;267;9509;9610;8.26;0.50;281.05;9.12;992;26;3305.00;101
8521;25;624400822;8521;262;9509;9610;8.28;0.50;281.12;9.12;988;26;3306.00;101
8526;25;624400841;8526;262;9509;9610;8.33;0.50;281.21;9.12;983;26;3307.00;101
8527;25;624400861;8527;266;9509;9610;8.37;0.51;281.27;9.12;982;26;3308.00;101
8530;25;624400877;8530;262;9509;9610;8.38;0.51;281.33;9.12;979;26;3309.00;101
8531;25;624400896;8531;256;9510;9610;8.38;0.51;281.37;9.12;979;26;3310.00;100
8533;25;624400913;8533;255;9511;9610;8.41;0.51;281.41;9.12;978;26;3311.00;99
8536;25;624400937;8536;278;9579;9737;8.35;0.51;281.57;9.06;1043;26;3312.00;158
8538;25;624400965;8538;262;9579;9738;8.31;0.51;281.67;9.06;1041;26;3313.00;159
8543;25;624400984;8543;261;9583;9738;8.39;0.51;281.81;9.06;1040;26;3314.00;155
8546;25;624401003;8546;259;9583;9738;8.40;0.51;281.86;9.06;1037;26;3315.00;155
8547;25;624401025;8547;253;9588;9738;8.51;0.52;281.91;9.15;1041;26;3316.00;150
8548;25;624401043;8548;250;9589;9738;8.57;0.53;281.93;9.15;1041;26;3317.00;149
8551;25;624401061;8551;255;9594;9738;8.63;0.53;281.93;9.15;1043;26;3318.00;144
8553;25;624401080;8553;256;9594;9738;8.67;0.53;282.00;9.15;1041;26;3319.00;144
8555;25;624401098;8555;249;9598;9739;8.73;0.53;282.14;9.15;1043;26;3320.00;141
8560;25;624401125;8560;246;9600;9740;8.69;0.53;282.18;9.15;1040;26;3321.00;140
8561;25;624401141;8561;249;9604;9740;8.68;0.53;282.21;9.15;1043;26;3322.00;136
8564;25;624401164;8564;249;9608;9741;8.67;0.53;282.27;9.15;1044;26;3323.00;133
8566;25;624401181;8566;242;9611;9741;8.70;0.53;282.28;9.15;1045;26;3324.00;130
8568;25;624401198;8568;248;9613;9741;8.74;0.54;282.32;9.15;1045;26;3325.00;128
8574;25;624401216;8574;242;9615;9741;8.69;0.53;282.44;9.15;1041;26;3326.00;126
8575;25;624401236;8575;248;9617;9745;8.74;0.53;282.46;9.15;1042;26;3327.00;128
8578;25;624401252;8578;245;9621;9745;8.67;0.53;282.50;9.16;1043;26;3328.00;124
8580;25;624401278;8580;237;9622;9745;8.61;0.53;282.52;9.16;1042;26;3329.00;123
8581;25;624401306;8581;236;9625;9751;8.52;0.52;282.54;9.16;1044;26;3330.00;126
8583;25;624401323;8583;245;9629;9751;8.48;0.52;282.57;9.26;1046;26;3331.00;122
8587;25;624401339;8587;241;9631;9751;8.39;0.51;282.59;9.26;1044;26;3332.00;120
8590;25;624401357;8590;235;9635;9755;8.31;0.51;282.59;9.26;1045;26;3333.00;120
8594;25;624401383;8594;234;9640;9756;8.30;0.51;282.69;9.35;1046;26;3334.00;116
8599;25;624401406;8599;226;9645;9756;8.31;0.51;282.75;9.37;1046;26;3335.00;111
8602;25;624401426;8602;227;9649;9760;8.29;0.50;282.85;9.46;1047;26;3336.00;111
8606;25;624401443;8606;223;9649;9760;8.22;0.50;282.96;9.46;1043;26;3337.00;111
8609;25;624401462;8609;223;9652;9760;8.23;0.50;283.00;9.55;1043;26;3338.00;108
8614;25;624401480;8614;225;9654;9761;8.24;0.50;283.14;9.55;1040;26;3339.00;107
8617;25;624401499;8617;222;9655;9761;8.22;0.50;283.16;9.55;1038;26;3340.00;106
8620;25;624401522;8620;223;9660;9767;8.19;0.50;283.27;9.63;1040;26;3341.00;107
8622;25;624401543;8622;220;9661;9767;8.24;0.50;283.31;9.63;1039;26;3342.00;106
8626;25;624401570;8626;224;9663;9768;8.20;0.50;283.36;9.64;1037;26;3343.00;105
8629;25;624401590;8629;224;9664;9768;8.14;0.50;283.38;9.72;1035;26;3344.00;104
8631;25;624401608;8631;221;9664;9768;8.13;0.50;283.42;9.72;1033;26;3345.00;104
8633;25;624401630;8633;220;9664;9768;8.10;0.49;283.40;9.72;1031;26;3346.00;104
8636;25;624401648;8636;226;9666;9768;8.11;0.49;283.36;9.81;1030;26;3347.00;102
8639;25;624401664;8639;231;9677;9780;8.16;0.50;283.37;9.80;1038;26;3348.00;103
8644;25;624401691;8644;227;9678;9780;8.13;0.50;283.39;9.80;1034;26;3349.00;102
8648;25;624401707;8648;226;9679;9780;8.10;0.49;283.37;9.80;1031;26;3350.00;101
8650;25;624401722;8650;228;9679;9780;8.04;0.49;283.38;9.80;1029;26;3351.00;101
8652;25;624401737;8652;232;9679;9780;7.98;0.49;283.39;9.80;1027;26;3352.00;101
8655;25;624401752;8655;238;9681;9780;7.88;0.48;283.43;9.81;1026;26;3353.00;99
8658;25;624401768;8658;237;9684;9784;7.85;0.48;283.42;9.80;1026;26;3354.00;100
8661;25;624401783;8661;240;9684;9784;7.85;0.48;283.47;9.80;1023;26;3355.00;100
8664;25;624401807;8664;245;9689;9788;7.88;0.48;283.48;9.80;1025;26;3356.00;99
8669;25;624401822;8669;248;9691;9789;7.87;0.48;283.59;9.80;1022;26;3357.00;98
8672;25;624401837;8672;244;9691;9789;7.80;0.47;283.62;9.80;1019;26;3358.00;98
8674;25;624401851;8674;249;9692;9789;7.73;0.47;283.63;9.81;1018;26;3359.00;97
8679;25;624401867;8679;257;9715;9818;7.60;0.46;283.65;9.80;1036;26;3360.00;103
8684;25;624401885;8684;264;9715;9818;7.52;0.46;283.64;9.80;1031;26;3361.00;103
8684;25;624401900;8684;266;9718;9818;7.53;0.46;283.64;9.81;1034;26;3362.00;100
8689;25;624401914;8689;280;9721;9819;7.52;0.46;283.70;9.82;1032;26;3363.00;98
8691;25;624401928;8691;282;9721;9820;7.46;0.45;283.77;9.82;1030;26;3364.00;99
8694;25;624401942;8694;292;9723;9820;7.43;0.45;283.84;9.84;1029;26;3365.00;97
8699;25;624401956;8699;306;9725;9823;7.35;0.45;283.83;9.84;1026;26;3366.00;98
8703;25;624401975;8703;311;9727;9823;7.28;0.44;283.82;9.87;1024;26;3367.00;96
8704;25;624401988;8704;315;9729;9823;7.26;0.44;283.81;9.88;1025;26;3368.00;94
8708;25;624402003;8708;316;9729;9823;7.22;0.44;283.80;9.88;1021;26;3369.00;94
8710;25;624402017;8710;320;9735;9829;7.20;0.44;283.89;9.88;1025;26;3370.00;94
8711;25;624402033;8711;325;9736;9829;7.15;0.44;283.92;9.89;1025;26;3371.00;93
8713;25;624402046;8713;332;9736;9829;7.07;0.43;283.92;9.89;1023;26;3372.00;93
8714;25;624402060;8714;336;9738;9829;6.97;0.43;283.90;9.91;1024;26;3373.00;91
8715;25;624402073;8715;341;9741;9833;6.84;0.42;283.92;9.91;1026;26;3374.00;92
8717;25;624402091;8717;354;9744;9835;6.74;0.41;283.97;9.92;1027;26;3375.00;91
8719;25;624402112;8719;353;9744;9835;6.62;0.41;283.98;9.92;1025;26;3376.00;91
8723;25;624402125;8723;361;9746;9836;6.55;0.40;284.01;9.93;1023;26;3377.00;90
8723;25;624402141;8723;371;9747;9836;6.40;0.39;284.01;9.93;1024;26;3378.00;89
8726;25;624402155;8726;367;9748;9836;6.30;0.39;283.96;9.94;1022;26;3379.00;88
8729;25;624402175;8729;362;9748;9836;6.16;0.38;283.99;9.94;1019;26;3380.00;88
8733;25;624402192;8733;365;9749;9836;6.04;0.37;283.96;9.95;1016;26;3381.00;87
8736;25;624402205;8736;366;9749;9836;5.98;0.37;283.93;9.95;1013;26;3382.00;87
8738;25;624402219;8738;366;9750;9836;5.93;0.36;283.99;9.96;1012;26;3383.00;86
8740;25;624402231;8740;370;9787;9906;6.06;0.37;283.97;9.93;1047;26;3384.00;119
8742;25;624402251;8742;368;9789;9907;6.03;0.37;284.08;9.93;1047;26;3385.00;118
8744;25;624402268;8744;370;9797;9907;6.07;0.37;284.12;9.93;1053;26;3386.00;110
8748;25;624402282;8748;373;9800;9907;6.10;0.38;284.21;9.93;1052;26;3387.00;107
8752;25;624402295;8752;381;9807;9907;6.06;0.37;284.16;9.96;1055;26;3388.00;100
8755;25;624402313;8755;380;9810;9907;6.03;0.37;284.10;9.96;1055;26;3389.00;97
8758;25;624402328;8758;385;9813;9907;5.98;0.37;284.07;9.96;1055;26;3390.00;94
8762;25;624402341;8762;385;9815;9907;5.86;0.36;284.03;9.97;1053;26;3391.00;92
8764;25;624402352;8764;393;9817;9908;5.77;0.36;284.01;9.97;1053;26;3392.00;91
8772;25;624402363;8772;399;9820;9909;5.61;0.35;283.88;9.97;1048;26;3393.00;89
8775;25;624402377;8775;404;9822;9909;5.52;0.34;283.84;9.97;1047;26;3394.00;87
8781;25;624402390;8781;407;9826;9913;5.41;0.33;283.84;9.97;1045;26;3395.00;87
8784;25;624402403;8784;420;9828;9913;5.27;0.33;283.84;9.98;1044;26;3396.00;85
8790;25;624402421;8790;423;9832;9913;5.10;0.32;283.77;9.99;1042;26;3397.00;81
8793;25;624402433;8793;434;9834;9913;5.01;0.31;283.78;10.00;1041;26;3398.00;79
8798;25;624402445;8798;437;9839;9919;4.97;0.31;283.74;10.00;1041;26;3399.00;80
8799;25;624402462;8799;432;9841;9919;4.96;0.31;283.76;10.00;1042;26;3400.00;78
8801;25;624402482;8801;431;9841;9919;4.91;0.30;283.76;10.00;1040;26;3401.00;78
8804;25;624402498;8804;423;9843;9922;4.89;0.30;283.70;10.01;1039;26;3402.00;79
8808;25;624402513;8808;422;9844;9922;4.86;0.30;283.65;10.01;1036;26;3403.00;78
8814;25;624402526;8814;413;9845;9922;4.83;0.30;283.65;10.02;1031;26;3404.00;77
8816;25;624402542;8816;416;9846;9923;4.83;0.30;283.61;10.02;1030;26;3405.00;77
8819;25;624402559;8819;415;9848;9924;4.84;0.30;283.62;10.02;1029;26;3406.00;76
8821;25;624402575;8821;412;9849;9924;4.85;0.30;283.61;10.03;1028;26;3407.00;75
8823;25;624402594;8823;407;9858;9937;4.95;0.30;283.62;10.02;1035;26;3408.00;79
8828;25;624402615;8828;403;9859;9937;4.96;0.30;283.59;10.02;1031;26;3409.00;78
8832;25;624402632;8832;408;9860;9937;5.00;0.30;283.59;10.02;1028;26;3410.00;77
8834;25;624402648;8834;391;9861;9938;5.03;0.31;283.59;10.01;1027;26;3411.00;77
8838;25;624402665;8838;375;9861;9938;5.10;0.31;283.58;10.01;1023;26;3412.00;77
8839;25;624402678;8839;373;9864;9942;5.27;0.32;283.66;10.01;1025;26;3413.00;78
8842;25;624402691;8842;368;9864;9942;5.38;0.33;283.67;10.01;1022;26;3414.00;78
8846;25;624402703;8846;369;9868;9946;5.51;0.33;283.64;10.01;1022;26;3415.00;78
8852;25;624402716;8852;366;9868;9946;5.55;0.34;283.62;10.01;1016;26;3416.00;78
8854;25;624402729;8854;367;9868;9946;5.66;0.34;283.63;10.01;1014;26;3417.00;78
8857;25;624402748;8857;359;9869;9946;5.70;0.35;283.60;10.01;1012;26;3418.00;77
8861;25;624402760;8861;359;9869;9946;5.70;0.35;283.55;10.01;1008;26;3419.00;77
8862;25;624402774;8862;362;9895;9980;5.92;0.36;283.52;9.98;1033;26;3420.00;85
8866;25;624402789;8866;363;9895;9980;5.94;0.36;283.51;9.98;1029;26;3421.00;85
8868;25;624402801;8868;367;9898;9980;5.98;0.36;283.54;9.98;1030;26;3422.00;82
8869;25;624402814;8869;375;9898;9980;6.02;0.37;283.52;9.98;1029;26;3423.00;82
8872;25;624402826;8872;374;9899;9980;6.00;0.37;283.51;9.98;1027;26;3424.00;81
8875;27;624402839;8875;378;9899;9980;5.99;0.36;283.56;9.98;1024;28;3425.00;81
8878;27;624402876;8878;374;9899;9981;5.95;0.36;283.58;9.98;1021;28;3426.00;82
8880;27;624402888;8880;369;9899;9981;5.95;0.36;283.55;9.98;1019;28;3427.00;82
8881;27;624402907;8881;368;9904;9987;5.94;0.36;283.58;9.98;1023;28;3428.00;83
8883;27;624402927;8883;369;9905;9988;5.91;0.36;283.58;9.98;1022;28;3429.00;83
8885;27;624402945;8885;373;9905;9988;5.84;0.36;283.61;9.98;1020;28;3430.00;83
8888;27;624402963;8888;368;9906;9988;5.81;0.35;283.61;10.07;1018;28;3431.00;82
8890;27;624402981;8890;374;9909;9992;5.82;0.35;283.59;10.06;1019;28;3432.00;83
8894;27;624402994;8894;366;9909;9992;5.85;0.36;283.65;10.06;1015;28;3433.00;83
8896;27;624403007;8896;363;9909;9992;5.88;0.36;283.74;10.06;1013;28;3434.00;83
8899;27;624403019;8899;360;9910;9993;5.87;0.36;283.75;10.06;1011;28;3435.00;83
8903;27;624403031;8903;358;9913;9997;5.91;0.36;283.76;10.06;1010;28;3436.00;84
8906;27;624403044;8906;365;9913;9997;5.93;0.36;283.76;10.06;1007;28;3437.00;84
8911;27;624403056;8911;362;9915;10000;5.91;0.36;283.84;10.06;1004;28;3438.00;85
8912;27;624403068;8912;368;9915;10000;5.91;0.36;283.81;10.06;1003;28;3439.00;85
8915;27;624403080;8915;370;9916;10000;5.90;0.36;283.79;10.06;1001;28;3440.00;84
8918;27;624403094;8918;373;9916;10000;5.91;0.36;283.81;10.06;998;28;3441.00;84
8922;27;624403106;8922;375;9920;10004;5.94;0.36;283.89;10.05;998;28;3442.00;84
8925;27;624403119;8925;374;9920;10004;5.96;0.37;283.93;10.05;995;28;3443.00;84
8929;27;624403130;8929;378;9920;10004;5.93;0.36;284.01;10.05;991;28;3444.00;84
8931;27;624403142;8931;374;9920;10004;5.88;0.36;283.97;10.05;989;28;3445.00;84
8935;27;624403155;8935;382;9920;10005;5.86;0.36;284.00;10.05;985;28;3446.00;85
8939;27;624403167;8939;368;9921;10006;5.89;0.36;284.01;10.05;982;28;3447.00;85
8941;27;624403180;8941;349;9921;10006;5.91;0.36;284.10;10.05;980;28;3448.00;85
8946;27;624403192;8946;331;9922;10007;5.93;0.36;284.17;10.05;976;28;3449.00;85
8952;27;624403206;8952;325;9922;10007;5.97;0.36;284.25;10.05;970;28;3450.00;85
8953;27;624403219;8953;323;9922;10007;6.09;0.37;284.26;10.05;969;28;3451.00;85
8955;27;624403231;8955;321;9923;10007;6.19;0.38;284.33;10.14;968;28;3452.00;84
8958;27;624403243;8958;314;9923;10007;6.31;0.38;284.39;10.14;965;28;3453.00;84
8959;27;624403263;8959;313;9923;10007;6.43;0.39;284.39;10.14;964;28;3454.00;84
8963;27;624403275;8963;313;9923;10007;6.52;0.40;284.43;10.14;960;28;3455.00;84
8966;27;624403295;8966;315;9997;10134;6.88;0.42;284.53;10.07;1031;28;3456.00;137
8968;27;624403319;8968;293;9999;10135;7.01;0.43;284.53;10.07;1031;28;3457.00;136
8970;27;624403332;8970;271;10005;10135;7.21;0.44;284.62;10.06;1035;28;3458.00;130
8971;27;624403347;8971;265;10006;10135;7.35;0.45;284.65;10.06;1035;28;3459.00;129
8973;27;624403366;8973;253;10010;10135;7.52;0.46;284.71;10.06;1037;28;3460.00;125
8977;27;624403381;8977;246;10011;10135;7.61;0.47;284.73;10.06;1034;28;3461.00;124
8980;27;624403397;8980;238;10013;10135;7.70;0.47;284.70;10.06;1033;28;3462.00;122
8981;27;624403411;8981;243;10015;10135;7.81;0.48;284.77;10.06;1034;28;3463.00;120
8983;27;624403426;8983;245;10017;10136;7.84;0.48;284.81;10.06;1034;28;3464.00;119
8984;27;624403440;8984;251;10022;10138;7.90;0.48;284.83;10.06;1038;28;3465.00;116
8986;27;624403463;8986;254;10024;10138;7.96;0.49;284.90;10.06;1038;28;3466.00;114
8988;27;624403480;8988;255;10026;10139;8.01;0.49;284.92;10.06;1038;28;3467.00;113
8992;27;624403495;8992;255;10029;10139;8.06;0.49;285.01;10.06;1037;28;3468.00;110
8993;27;624403511;8993;263;10031;10139;8.15;0.50;285.04;10.06;1038;28;3469.00;108
8999;27;624403527;8999;264;10033;10139;8.21;0.50;285.23;10.06;1034;28;3470.00;106
9001;27;624403544;9001;269;10038;10143;8.21;0.50;285.30;10.06;1037;28;3471.00;105
9003;27;624403563;9003;271;10039;10143;8.23;0.50;285.35;10.06;1036;28;3472.00;104
9007;27;624403578;9007;271;10040;10143;8.26;0.50;285.45;10.06;1033;28;3473.00;103
9008;27;624403593;9008;273;10043;10146;8.25;0.50;285.50;10.06;1035;28;3474.00;103
9011;27;624403609;9011;269;10045;10146;8.22;0.50;285.59;10.06;1034;28;3475.00;101
9017;27;624403623;9017;272;10048;10146;8.20;0.50;285.66;10.06;1031;28;3476.00;98
9019;27;624403636;9019;275;10052;10150;8.18;0.50;285.76;10.06;1033;28;3477.00;98
9020;27;624403650;9020;270;10054;10151;8.19;0.50;285.80;10.06;1034;28;3478.00;97
9025;27;624403664;9025;270;10055;10151;8.19;0.50;285.81;10.06;1030;28;3479.00;96
9026;27;624403679;9026;264;10058;10156;8.24;0.50;285.88;10.05;1032;28;3480.00;98
9027;27;624403693;9027;266;10059;10156;8.32;0.51;285.90;10.05;1032;28;3481.00;97
9032;27;624403705;9032;263;10059;10156;8.32;0.51;286.00;10.05;1027;28;3482.00;97
9033;27;624403719;9033;262;10060;10157;8.33;0.51;286.01;10.05;1027;28;3483.00;97
9036;27;624403731;9036;267;10060;10157;8.31;0.50;286.01;10.05;1024;28;3484.00;97
9039;27;624403745;9039;256;10065;10163;8.32;0.51;286.09;10.05;1026;28;3485.00;98
9042;27;624403759;9042;245;10065;10163;8.35;0.51;286.09;10.05;1023;28;3486.00;98
9047;27;624403772;9047;245;10065;10164;8.40;0.51;286.21;10.05;1018;28;3487.00;99
9049;27;624403787;9049;234;10065;10164;8.45;0.51;286.25;10.05;1016;28;3488.00;99
9051;27;624403799;9051;222;10065;10164;8.44;0.51;286.23;10.05;1014;28;3489.00;99
9053;27;624403819;9053;229;10065;10164;8.47;0.51;286.28;10.05;1012;28;3490.00;99
9055;27;624403833;9055;224;10065;10164;8.42;0.51;286.29;10.05;1010;28;3491.00;99
9056;27;624403846;9056;231;10075;10176;8.49;0.52;286.34;10.04;1019;28;3492.00;101
9060;27;624403860;9060;225;10075;10176;8.50;0.52;286.40;10.04;1015;28;3493.00;101
9062;27;624403873;9062;224;10076;10176;8.56;0.52;286.40;10.04;1014;28;3494.00;100
9066;27;624403887;9066;227;10076;10176;8.57;0.52;286.37;10.04;1010;28;3495.00;100
9071;27;624403900;9071;227;10076;10176;8.59;0.52;286.42;10.04;1005;28;3496.00;100
9073;27;624403913;9073;222;10076;10176;8.63;0.52;286.42;10.04;1003;28;3497.00;100
9079;27;624403926;9079;225;10079;10180;8.48;0.51;286.42;10.03;1000;28;3498.00;101
9080;27;624403940;9080;230;10079;10180;8.45;0.51;286.49;10.03;999;28;3499.00;101
9085;27;624403953;9085;232;10083;10184;8.45;0.51;286.69;10.03;998;28;3500.00;101
9088;27;624403976;9088;231;10083;10185;8.42;0.51;286.71;10.03;995;28;3501.00;102
9091;27;624403989;9091;232;10084;10185;8.38;0.51;286.66;10.03;993;28;3502.00;101
9093;27;624404001;9093;228;10084;10185;8.33;0.51;286.69;10.03;991;28;3503.00;101
9096;27;624404013;9096;242;10095;10198;8.22;0.50;286.71;10.02;999;28;3504.00;103
9099;27;624404026;9099;237;10096;10198;8.18;0.50;286.76;10.03;997;28;3505.00;102
9103;27;624404047;9103;244;10097;10198;8.15;0.49;286.78;10.04;994;28;3506.00;101
9106;27;624404059;9106;241;10098;10199;8.21;0.50;286.82;10.04;992;28;3507.00;101
9109;27;624404073;9109;233;10098;10200;8.22;0.50;286.81;10.04;989;28;3508.00;102
9114;27;624404085;9114;233;10098;10200;8.20;0.50;286.88;10.04;984;28;3509.00;102
9119;27;624404099;9119;233;10102;10206;8.20;0.50;286.91;10.04;983;28;3510.00;104
9122;27;624404112;9122;233;10103;10206;8.25;0.50;287.01;10.04;981;28;3511.00;103
9126;27;624404124;9126;236;10104;10206;8.27;0.50;287.04;10.04;978;28;3512.00;102
9131;27;624404136;9131;242;10104;10206;8.31;0.50;287.07;10.04;973;28;3513.00;102
9133;27;624404148;9133;245;10109;10212;8.41;0.51;287.16;10.03;976;28;3514.00;103
9138;27;624404161;9138;248;10109;10212;8.38;0.51;287.19;10.03;971;28;3515.00;103
9139;27;624404173;9139;250;10109;10212;8.38;0.51;287.16;10.03;970;28;3516.00;103
9143;27;624404184;9143;252;10109;10212;8.32;0.50;287.19;10.03;966;28;3517.00;103
9145;27;624404196;9145;257;10113;10216;8.21;0.50;287.25;10.04;968;28;3518.00;103
9147;27;624404208;9147;256;10116;10219;8.13;0.49;287.25;10.04;969;28;3519.00;103
9150;27;624404220;9150;262;10116;10219;8.11;0.49;287.33;10.04;966;28;3520.00;103
9154;27;624404231;9154;265;10117;10220;8.05;0.49;287.31;10.04;963;28;3521.00;103
9159;27;624404242;9159;266;10117;10220;8.01;0.49;287.25;10.04;958;28;3522.00;103
9162;27;624404254;9162;267;10117;10220;7.97;0.48;287.32;10.04;955;28;3523.00;103
9164;27;624404266;9164;267;10117;10220;7.98;0.49;287.37;10.04;953;28;3524.00;103
9166;27;624404277;9166;265;10117;10220;7.97;0.49;287.39;10.04;951;28;3525.00;103
9170;27;624404288;9170;267;10118;10220;7.93;0.48;287.48;10.05;948;28;3526.00;102
9173;27;624404299;9173;275;10118;10220;7.93;0.48;287.46;10.05;945;28;3527.00;102
9175;27;624404310;9175;280;10154;10290;8.05;0.49;287.43;10.01;979;28;3528.00;136
9178;27;624404327;9178;279;10156;10291;7.92;0.48;287.40;10.01;978;28;3529.00;135
9180;27;624404338;9180;285;10166;10291;7.90;0.48;287.38;10.03;986;28;3530.00;125
9183;27;624404350;9183;284;10167;10291;7.79;0.48;287.37;10.03;984;28;3531.00;124
9184;27;624404361;9184;282;10170;10291;7.73;0.47;287.35;10.04;986;28;3532.00;121
9185;27;624404372;9185;290;10172;10291;7.68;0.47;287.33;10.05;987;28;3533.00;119
9186;27;624404384;9186;290;10177;10291;7.64;0.47;287.31;10.05;991;28;3534.00;114
9187;27;624404395;9187;299;10179;10291;7.55;0.46;287.30;10.07;992;28;3535.00;112
9188;27;624404406;9188;299;10181;10292;7.52;0.46;287.28;10.07;993;28;3536.00;111
9189;27;624404418;9189;301;10185;10293;7.48;0.46;287.25;10.08;996;28;3537.00;108
9192;27;624404429;9192;312;10191;10293;7.41;0.46;287.23;10.10;999;28;3538.00;102
9194;27;624404440;9194;319;10196;10297;7.35;0.45;287.22;10.10;1002;28;3539.00;101
9199;27;624404453;9199;322;10200;10297;7.27;0.45;287.12;10.12;1001;28;3540.00;97
9201;27;624404465;9201;326;10201;10297;7.20;0.44;287.10;10.12;1000;28;3541.00;96
9201;27;624404476;9201;335;10203;10297;7.15;0.44;287.10;10.13;1002;28;3542.00;94
9202;27;624404487;9202;340;10208;10303;7.16;0.44;287.08;10.12;1006;28;3543.00;95
9203;27;624404500;9203;350;10209;10303;7.10;0.44;287.05;10.12;1006;28;3544.00;94
9205;27;624404510;9205;356;10211;10303;6.96;0.43;287.02;10.15;1006;28;3545.00;92
9208;27;624404521;9208;362;10214;10306;6.89;0.42;287.05;10.16;1006;28;3546.00;92
9213;27;624404533;9213;370;10214;10306;6.73;0.41;287.02;10.16;1001;28;3547.00;92
9213;27;624404543;9213;373;10217;10306;6.63;0.41;287.02;10.18;1004;28;3548.00;89
9216;27;624404554;9216;374;10217;10307;6.51;0.40;286.97;10.18;1001;28;3549.00;90
9219;27;624404572;9219;377;10218;10308;6.44;0.39;287.00;10.18;999;28;3550.00;90
9221;27;624404602;9221;378;10220;10308;6.34;0.39;286.98;10.20;999;28;3551.00;88
9225;27;624404621;9225;373;10230;10321;6.30;0.38;286.92;10.19;1005;28;3552.00;91
9226;27;624404642;9226;372;10232;10321;6.29;0.38;286.90;10.19;1006;28;3553.00;89
9227;27;624404659;9227;371;10233;10321;6.25;0.38;286.88;10.20;1006;28;3554.00;88
9230;27;624404675;9230;375;10235;10323;6.19;0.38;286.82;10.20;1005;28;3555.00;88
9231;27;624404688;9231;382;10237;10323;6.15;0.38;286.79;10.22;1006;28;3556.00;86
9232;27;624404699;9232;385;10241;10327;6.16;0.38;286.77;10.21;1009;28;3557.00;86
9234;27;624404712;9234;390;10241;10327;6.12;0.37;286.78;10.21;1007;28;3558.00;86
9236;27;624404723;9236;391;10248;10331;6.06;0.37;286.76;10.24;1012;28;3559.00;83
9238;27;624404735;9238;404;10248;10331;5.94;0.36;286.72;10.24;1010;28;3560.00;83
9240;27;624404746;9240;409;10248;10331;5.80;0.35;286.68;10.24;1008;28;3561.00;83
9240;27;624404757;9240;407;10250;10331;5.68;0.35;286.68;10.26;1010;28;3562.00;81
9244;27;624404768;9244;399;10250;10331;5.57;0.34;286.64;10.26;1006;28;3563.00;81
9245;27;624404780;9245;395;10262;10343;5.58;0.34;286.64;10.26;1017;28;3564.00;81
9249;27;624404792;9249;391;10262;10343;5.50;0.33;286.57;10.26;1013;28;3565.00;81
9251;27;624404803;9251;397;10263;10343;5.48;0.33;286.54;10.26;1012;28;3566.00;80
9252;27;624404814;9252;396;10263;10343;5.43;0.33;286.54;10.26;1011;28;3567.00;80
9255;27;624404825;9255;397;10265;10343;5.34;0.32;286.53;10.27;1010;28;3568.00;78
9256;27;624404835;9256;402;10266;10343;5.25;0.32;286.54;10.27;1010;28;3569.00;77
9260;27;624404847;9260;402;10267;10344;5.21;0.32;286.50;10.28;1007;28;3570.00;77
9262;27;624404858;9262;393;10267;10344;5.17;0.32;286.53;10.28;1005;28;3571.00;77
9266;27;624404868;9266;393;10274;10350;5.25;0.32;286.52;10.28;1008;28;3572.00;76
9268;27;624404880;9268;387;10275;10351;5.30;0.32;286.53;10.28;1007;28;3573.00;76
9269;27;624404891;9269;382;10277;10351;5.35;0.33;286.54;10.29;1008;28;3574.00;74
9271;27;624404901;9271;379;10277;10351;5.37;0.33;286.54;10.29;1006;28;3575.00;74
9273;27;624404919;9273;377;10280;10355;5.47;0.33;286.53;10.28;1007;28;3576.00;75
9275;27;624404931;9275;377;10280;10355;5.48;0.33;286.54;10.28;1005;28;3577.00;75
9276;27;624404948;9276;374;10280;10355;5.51;0.34;286.56;10.28;1004;28;3578.00;75
9278;27;624404959;9278;373;10281;10356;5.55;0.34;286.60;10.28;1003;28;3579.00;75
9279;27;624404971;9279;373;10284;10360;5.58;0.34;286.59;10.28;1005;28;3580.00;76
9281;27;624404982;9281;372;10284;10360;5.54;0.34;286.60;10.28;1003;28;3581.00;76
9281;27;624404993;9281;369;10286;10363;5.59;0.34;286.60;10.28;1005;28;3582.00;77
9283;27;624405005;9283;370;10287;10363;5.61;0.34;286.59;10.28;1004;28;3583.00;76
9289;27;624405016;9289;376;10287;10363;5.59;0.34;286.56;10.28;998;28;3584.00;76
9292;27;624405027;9292;372;10287;10363;5.57;0.34;286.55;10.28;995;28;3585.00;76
9295;27;624405039;9295;377;10291;10367;5.62;0.34;286.61;10.27;996;28;3586.00;76
9298;27;624405051;9298;379;10291;10367;5.56;0.34;286.64;10.27;993;28;3587.00;76
9302;27;624405062;9302;379;10291;10367;5.51;0.33;286.62;10.27;989;28;3588.00;76
9306;27;624405074;9306;379;10292;10367;5.48;0.33;286.62;10.38;986;28;3589.00;75
9307;27;624405086;9307;375;10292;10368;5.56;0.34;286.64;10.38;985;28;3590.00;76
9310;27;624405098;9310;381;10293;10369;5.62;0.34;286.69;10.37;983;28;3591.00;76
9313;27;624405109;9313;379;10293;10369;5.65;0.34;286.66;10.37;980;28;3592.00;76
9318;27;624405120;9318;378;10294;10370;5.67;0.35;286.62;10.37;976;28;3593.00;76
9322;27;624405132;9322;374;10294;10370;5.67;0.35;286.64;10.37;972;28;3594.00;76
9328;27;624405144;9328;372;10294;10370;5.68;0.35;286.62;10.37;966;28;3595.00;76
9331;27;624405157;9331;375;10294;10370;5.67;0.35;286.66;10.37;963;28;3596.00;76
9334;27;624405168;9334;361;10294;10370;5.68;0.35;286.67;10.37;960;28;3597.00;76
9338;27;624405179;9338;362;10294;10370;5.67;0.35;286.68;10.37;956;28;3598.00;76
9341;27;624405191;9341;364;10294;10370;5.67;0.35;286.70;10.37;953;28;3599.00;76
9345;27;624405205;9345;389;10408;10623;6.02;0.38;286.76;10.26;1063;28;3600.00;215
9348;27;624405241;9348;382;10413;10624;6.10;0.38;286.75;10.26;1065;28;3601.00;211
9351;27;624405272;9351;377;10427;10624;6.22;0.39;286.78;10.24;1076;28;3602.00;197
9353;27;624405285;9353;372;10434;10624;6.25;0.39;286.78;10.24;1081;28;3603.00;190
9356;27;624405297;9356;365;10439;10624;6.29;0.39;286.81;10.24;1083;28;3604.00;185
9357;27;624405315;9357;360;10444;10624;6.35;0.40;286.82;10.23;1087;28;3605.00;180
9363;27;624405328;9363;360;10452;10624;6.36;0.40;286.96;10.23;1089;28;3606.00;172
9365;27;624405341;9365;356;10456;10624;6.46;0.40;286.95;10.23;1091;28;3607.00;168
9371;27;624405354;9371;366;10463;10625;6.45;0.40;287.04;10.23;1092;28;3608.00;162
9375;27;624405367;9375;370;10468;10626;6.43;0.40;287.03;10.23;1093;28;3609.00;158
9378;27;624405380;9378;365;10474;10626;6.42;0.40;287.10;10.23;1096;28;3610.00;152
9384;27;624405393;9384;369;10478;10627;6.37;0.40;287.18;10.23;1094;28;3611.00;149
9390;27;624405406;9390;375;10482;10627;6.32;0.39;287.21;10.23;1092;28;3612.00;145
9391;27;624405420;9391;370;10486;10627;6.28;0.39;287.28;10.23;1095;28;3613.00;141
9393;27;624405433;9393;376;10488;10627;6.28;0.39;287.30;10.23;1095;28;3614.00;139
9398;27;624405446;9398;385;10492;10631;6.25;0.39;287.38;10.23;1094;28;3615.00;139
9399;27;624405460;9399;387;10495;10631;6.25;0.39;287.36;10.23;1096;28;3616.00;136
9404;27;624405474;9404;376;10496;10631;6.23;0.39;287.47;10.23;1092;28;3617.00;135
9407;27;624405488;9407;366;10497;10634;6.28;0.39;287.56;10.23;1090;28;3618.00;137
9413;27;624405502;9413;366;10498;10634;6.29;0.39;287.68;10.23;1085;28;3619.00;136
9419;27;624405517;9419;366;10503;10634;6.30;0.39;287.79;10.23;1084;28;3620.00;131
9425;27;624405531;9425;364;10506;10638;6.30;0.39;287.86;10.23;1081;28;3621.00;132
9430;27;624405546;9430;370;10507;10639;6.33;0.39;287.98;10.23;1077;28;3622.00;132
9434;27;624405561;9434;368;10507;10639;6.36;0.39;287.99;10.23;1073;28;3623.00;132
9436;27;624405575;9436;377;10509;10643;6.33;0.39;288.04;10.23;1073;28;3624.00;134
9441;27;624405595;9441;385;10510;10643;6.27;0.38;288.18;10.23;1069;28;3625.00;133
9446;27;624405610;9446;376;10511;10643;6.28;0.38;288.19;10.23;1065;28;3626.00;132
9448;27;624405624;9448;365;10511;10644;6.33;0.38;288.21;10.23;1063;28;3627.00;133
9448;27;624405637;9448;350;10511;10644;6.43;0.39;288.21;10.23;1063;28;3628.00;133
9449;27;624405651;9449;339;10515;10650;6.56;0.40;288.25;10.23;1066;28;3629.00;135
9450;27;624405672;9450;330;10516;10650;6.72;0.41;288.31;10.23;1066;28;3630.00;134
9456;27;624405686;9456;315;10517;10651;6.83;0.41;288.39;10.23;1061;28;3631.00;134
9456;27;624405706;9456;307;10518;10651;6.92;0.42;288.39;10.23;1062;28;3632.00;133
9457;27;624405720;9457;302;10519;10651;7.02;0.43;288.44;10.23;1062;28;3633.00;132
9461;27;624405734;9461;300;10519;10651;7.10;0.43;288.45;10.23;1058;28;3634.00;132
9463;27;624405754;9463;294;10520;10651;7.22;0.44;288.56;10.23;1057;28;3635.00;131
9465;27;624405767;9465;293;10528;10663;7.32;0.45;288.53;10.23;1063;28;3636.00;135
9467;27;624405782;9467;292;10531;10663;7.44;0.45;288.60;10.24;1064;28;3637.00;132
9471;27;624405797;9471;281;10533;10663;7.57;0.46;288.70;10.34;1062;28;3638.00;130
9475;27;624405812;9475;276;10535;10663;7.63;0.46;288.76;10.34;1060;28;3639.00;128
9479;27;624405826;9479;266;10536;10663;7.72;0.47;288.81;10.34;1057;28;3640.00;127
9482;27;624405839;9482;266;10536;10663;7.77;0.47;288.90;10.34;1054;28;3641.00;127
9485;27;624405854;9485;262;10541;10667;7.84;0.48;288.97;10.34;1056;28;3642.00;126
9491;27;624405868;9491;256;10542;10667;7.87;0.48;289.03;10.34;1051;28;3643.00;125
9492;27;624405882;9492;256;10547;10671;7.93;0.48;289.01;10.34;1055;28;3644.00;124
9495;27;624405896;9495;261;10548;10673;7.97;0.48;289.13;10.34;1053;28;3645.00;125
9497;27;624405910;9497;257;10549;10673;7.99;0.49;289.15;10.34;1052;28;3646.00;124
9498;27;624405924;9498;259;10549;10673;8.01;0.49;289.15;10.34;1051;28;3647.00;124
9500;27;624405938;9500;253;10558;10686;8.11;0.49;289.26;10.33;1058;28;3648.00;128
9503;27;624405952;9503;253;10559;10686;8.14;0.49;289.30;10.33;1056;28;3649.00;127
9504;27;624405966;9504;249;10559;10686;8.16;0.50;289.30;10.33;1055;28;3650.00;127
9507;27;624405979;9507;248;10560;10687;8.20;0.50;289.37;10.33;1053;28;3651.00;127
9510;27;624405993;9510;249;10560;10688;8.21;0.50;289.39;10.33;1050;28;3652.00;128
9513;27;624406007;9513;250;10560;10688;8.24;0.50;289.42;10.33;1047;28;3653.00;128
9516;27;624406021;9516;251;10562;10691;8.26;0.50;289.44;10.33;1046;28;3654.00;129
9517;27;624406035;9517;257;10562;10691;8.22;0.50;289.51;10.33;1045;28;3655.00;129
9521;27;624406048;9521;252;10563;10691;8.19;0.50;289.60;10.33;1042;28;3656.00;128
9523;27;624406062;9523;248;10563;10691;8.22;0.50;289.71;10.33;1040;28;3657.00;128
9525;27;624406075;9525;251;10568;10697;8.29;0.50;289.68;10.32;1043;28;3658.00;129
9527;27;624406089;9527;246;10568;10697;8.28;0.50;289.66;10.32;1041;28;3659.00;129
9531;27;624406104;9531;244;10568;10697;8.29;0.50;289.70;10.32;1037;28;3660.00;129
9533;27;624406118;9533;238;10568;10697;8.29;0.50;289.71;10.32;1035;28;3661.00;129
9537;27;624406131;9537;239;10570;10701;8.26;0.50;289.72;10.32;1033;28;3662.00;131
9539;27;624406145;9539;234;10572;10702;8.22;0.50;289.78;10.32;1033;28;3663.00;130
9540;27;624406159;9540;240;10572;10702;8.24;0.50;289.78;10.32;1032;28;3664.00;130
9542;27;624406172;9542;246;10573;10703;8.25;0.50;289.89;10.32;1031;28;3665.00;130
9547;27;624406185;9547;247;10573;10703;8.23;0.50;289.98;10.32;1026;28;3666.00;130
9551;27;624406199;9551;248;10573;10703;8.20;0.50;289.97;10.32;1022;28;3667.00;130
9557;27;624406211;9557;252;10573;10703;8.15;0.49;290.04;10.32;1016;28;3668.00;130
9561;27;624406225;9561;250;10574;10703;8.05;0.49;290.03;10.32;1013;28;3669.00;129
9565;27;624406238;9565;249;10574;10703;8.02;0.49;290.07;10.32;1009;28;3670.00;129
9570;27;624406251;9570;248;10574;10703;7.91;0.48;290.16;10.32;1004;28;3671.00;129
9574;27;624406263;9574;248;10604;10773;7.88;0.48;290.18;10.29;1030;28;3672.00;169
9578;27;624406281;9578;247;10606;10774;7.88;0.48;290.21;10.40;1028;28;3673.00;168
9581;27;624406295;9581;237;10611;10774;7.91;0.48;290.23;10.40;1030;28;3674.00;163
9583;27;624406308;9583;235;10620;10774;7.87;0.48;290.26;10.42;1037;28;3675.00;154
9588;27;624406322;9588;229;10624;10774;7.84;0.48;290.35;10.41;1036;28;3676.00;150
9590;27;624406335;9590;231;10627;10774;7.80;0.47;290.31;10.41;1037;28;3677.00;147
9595;27;624406349;9595;233;10630;10774;7.74;0.47;290.33;10.41;1035;28;3678.00;144
9599;27;624406361;9599;235;10633;10774;7.67;0.47;290.32;10.41;1034;28;3679.00;141
9600;27;624406374;9600;238;10634;10775;7.60;0.46;290.29;10.41;1034;28;3680.00;141
9601;27;624406387;9601;237;10636;10776;7.61;0.46;290.28;10.41;1035;28;3681.00;140
9601;27;624406400;9601;236;10637;10776;7.59;0.46;290.28;10.41;1036;28;3682.00;139
9605;27;624406412;9605;233;10641;10780;7.55;0.46;290.28;10.41;1036;28;3683.00;139
9607;27;624406425;9607;232;10642;10780;7.52;0.46;290.28;10.41;1035;28;3684.00;138
9611;27;624406438;9611;228;10642;10780;7.46;0.46;290.22;10.41;1031;28;3685.00;138
9612;27;624406450;9612;234;10642;10780;7.41;0.45;290.21;10.41;1030;28;3686.00;138
9614;27;624406469;9614;238;10647;10786;7.37;0.45;290.23;10.41;1033;28;3687.00;139
9618;27;624406481;9618;243;10647;10786;7.30;0.45;290.26;10.41;1029;28;3688.00;139
9619;27;624406494;9619;247;10649;10786;7.24;0.44;290.28;10.52;1030;28;3689.00;137
9624;27;624406508;9624;253;10654;10792;7.24;0.44;290.21;10.52;1030;28;3690.00;138
9628;27;624406521;9628;266;10655;10792;7.18;0.44;290.19;10.52;1027;28;3691.00;137
9630;27;624406533;9630;273;10659;10792;7.13;0.43;290.15;10.54;1029;28;3692.00;133
9632;27;624406545;9632;279;10661;10793;7.08;0.43;290.19;10.54;1029;28;3693.00;132
9635;27;624406557;9635;287;10663;10794;7.04;0.43;290.18;10.55;1028;28;3694.00;131
9639;27;624406577;9639;297;10663;10794;7.00;0.43;290.29;10.55;1024;28;3695.00;131
9644;27;624406597;9644;312;10673;10807;6.92;0.42;290.26;10.54;1029;28;3696.00;134
9645;27;624406618;9645;317;10675;10807;6.89;0.42;290.31;10.55;1030;28;3697.00;132
9653;27;624406636;9653;319;10675;10807;6.83;0.41;290.30;10.55;1022;28;3698.00;132
9656;27;624406655;9656;328;10676;10808;6.76;0.41;290.30;10.55;1020;28;3699.00;132
9657;27;624406674;9657;339;10677;10808;6.77;0.41;290.27;10.56;1020;28;3700.00;131
9657;27;624406693;9657;345;10682;10812;6.78;0.41;290.27;10.57;1025;28;3701.00;130
9661;27;624406706;9661;359;10684;10812;6.74;0.41;290.20;10.59;1023;28;3702.00;128
9661;27;624406719;9661;364;10687;10816;6.70;0.41;290.20;10.59;1026;28;3703.00;129
9665;27;624406731;9665;367;10689;10816;6.62;0.40;290.21;10.61;1024;28;3704.00;127
9668;27;624406744;9668;379;10690;10816;6.51;0.40;290.20;10.62;1022;28;3705.00;126
9670;27;624406756;9670;380;10692;10816;6.45;0.39;290.17;10.64;1022;28;3706.00;124
9674;27;624406769;9674;388;10692;10816;6.36;0.39;290.09;10.64;1018;28;3707.00;124
9677;27;624406780;9677;388;10701;10828;6.31;0.38;290.13;10.63;1024;28;3708.00;127
9679;27;624406792;9679;399;10705;10828;6.26;0.38;290.10;10.66;1026;28;3709.00;123
9679;27;624406804;9679;405;10706;10828;6.25;0.38;290.10;10.66;1027;28;3710.00;122
9681;27;624406821;9681;413;10707;10828;6.16;0.38;290.15;10.67;1026;28;3711.00;121
9685;27;624406833;9685;421;10708;10828;6.09;0.37;290.12;10.68;1023;28;3712.00;120
9686;27;624406845;9686;426;10713;10828;5.99;0.37;290.10;10.71;1027;28;3713.00;115
9688;27;624406856;9688;434;10715;10829;5.89;0.36;290.07;10.73;1027;28;3714.00;114
9688;27;624406868;9688;426;10718;10829;5.79;0.35;290.07;10.74;1030;28;3715.00;111
9690;27;624406879;9690;421;10726;10835;5.78;0.35;290.05;10.76;1036;28;3716.00;109
9694;27;624406891;9694;425;10727;10836;5.71;0.35;289.97;10.76;1033;28;3717.00;109
9694;27;624406903;9694;428;10729;10836;5.65;0.35;289.97;10.78;1035;28;3718.00;107
9696;27;624406915;9696;428;10729;10836;5.58;0.34;290.02;10.78;1033;28;3719.00;107
9696;27;624406928;9696;416;10733;10841;5.64;0.35;290.02;10.77;1037;28;3720.00;108
9696;27;624406941;9696;417;10735;10841;5.63;0.34;290.02;10.79;1039;28;3721.00;106
9697;27;624406952;9697;414;10736;10841;5.64;0.35;289.99;10.80;1039;28;3722.00;105
9698;27;624406963;9698;411;10738;10842;5.66;0.35;289.97;10.81;1040;28;3723.00;104
9698;27;624406976;9698;410;10741;10846;5.70;0.35;289.97;10.81;1043;28;3724.00;105
9700;27;624406988;9700;410;10741;10846;5.78;0.35;289.93;10.81;1041;28;3725.00;105
9703;27;624407000;9703;410;10743;10849;5.80;0.36;289.89;10.81;1040;28;3726.00;106
9704;27;624407012;9704;412;10747;10849;5.88;0.36;289.87;10.83;1043;28;3727.00;102
9706;27;624407024;9706;410;10747;10849;5.92;0.36;289.84;10.83;1041;28;3728.00;102
9707;27;624407037;9707;420;10750;10849;5.95;0.36;289.82;10.85;1043;28;3729.00;99
9709;27;624407049;9709;421;10754;10853;6.02;0.37;289.79;10.85;1045;28;3730.00;99
9711;27;624407061;9711;422;10755;10853;6.01;0.37;289.79;10.86;1044;28;3731.00;98
9714;27;624407073;9714;423;10757;10853;5.95;0.36;289.74;10.86;1043;28;3732.00;96
9717;27;624407084;9717;425;10758;10853;5.86;0.36;289.72;10.87;1041;28;3733.00;95
9718;27;624407096;9718;427;10758;10854;5.83;0.36;289.72;10.87;1040;28;3734.00;96
9720;27;624407107;9720;427;10761;10856;5.79;0.35;289.74;10.87;1041;28;3735.00;95
9722;27;624407118;9722;432;10762;10856;5.72;0.35;289.72;10.88;1040;28;3736.00;94
9727;27;624407130;9727;428;10763;10857;5.71;0.35;289.67;10.87;1036;28;3737.00;94
9732;27;624407142;9732;439;10764;10857;5.69;0.35;289.63;10.88;1032;28;3738.00;93
9735;27;624407154;9735;434;10764;10857;5.67;0.35;289.64;10.88;1029;28;3739.00;93
9739;27;624407165;9739;426;10764;10857;5.63;0.34;289.61;10.88;1025;28;3740.00;93
9741;27;624407176;9741;425;10765;10857;5.61;0.34;289.58;10.89;1024;28;3741.00;92
9746;27;624407187;9746;421;10767;10857;5.53;0.34;289.62;10.90;1021;28;3742.00;90
9747;27;624407199;9747;420;10768;10857;5.52;0.34;289.66;10.90;1021;28;3743.00;89
9753;27;624407209;9753;435;10830;10984;5.81;0.36;289.69;10.84;1077;28;3744.00;154
9755;27;624407232;9755;435;10833;10985;5.74;0.36;289.72;10.84;1078;28;3745.00;152
9756;27;624407244;9756;436;10844;10985;5.77;0.36;289.74;10.83;1088;28;3746.00;141
9758;27;624407255;9758;435;10848;10985;5.75;0.36;289.75;10.83;1090;28;3747.00;137
9761;27;624407268;9761;426;10855;10985;5.73;0.36;289.75;10.83;1094;28;3748.00;130
9764;27;624407280;9764;422;10858;10985;5.63;0.35;289.82;10.82;1094;28;3749.00;127
9767;27;624407293;9767;425;10863;10990;5.57;0.34;289.82;10.82;1096;28;3750.00;127
9772;27;624407305;9772;417;10866;10990;5.50;0.34;289.91;10.93;1094;28;3751.00;124
9773;27;624407318;9773;415;10868;10991;5.44;0.34;289.96;10.93;1095;28;3752.00;123
9775;27;624407330;9775;419;10872;10992;5.40;0.33;289.98;10.93;1097;28;3753.00;120
9778;27;624407343;9778;428;10876;10992;5.38;0.33;289.96;10.93;1098;28;3754.00;116
9781;27;624407355;9781;422;10878;10993;5.44;0.34;290.01;10.93;1097;28;3755.00;115
9784;27;624407368;9784;437;10881;10993;5.47;0.34;290.01;10.93;1097;28;3756.00;112
9788;27;624407380;9788;435;10884;10993;5.55;0.34;290.02;10.93;1096;28;3757.00;109
9791;27;624407393;9791;430;10885;10993;5.60;0.35;290.00;10.93;1094;28;3758.00;108
9794;27;624407405;9794;427;10891;10997;5.65;0.35;290.08;10.93;1097;28;3759.00;106
9799;27;624407419;9799;421;10893;10997;5.70;0.35;290.09;10.93;1094;28;3760.00;104
9803;27;624407432;9803;415;10895;10997;5.73;0.35;290.08;10.93;1092;28;3761.00;102
9808;27;624407446;9808;422;10897;11000;5.72;0.35;290.05;10.93;1089;28;3762.00;103
9811;27;624407459;9811;422;10898;11000;5.81;0.36;290.07;10.93;1087;28;3763.00;102
9815;27;624407472;9815;419;10898;11000;5.85;0.36;290.02;10.93;1083;28;3764.00;102
9820;27;624407486;9820;422;10902;11004;5.90;0.36;290.07;10.93;1082;28;3765.00;102
9824;27;624407499;9824;416;10904;11005;5.90;0.36;290.04;10.93;1080;28;3766.00;101
9826;27;624407513;9826;428;10905;11005;5.95;0.36;290.08;10.93;1079;28;3767.00;100
9832;27;624407525;9832;431;10910;11009;5.92;0.36;290.07;11.04;1078;28;3768.00;99
9836;27;624407539;9836;434;10911;11009;5.94;0.36;290.18;11.04;1075;28;3769.00;98
9840;27;624407553;9840;433;10911;11009;5.90;0.36;290.21;11.04;1071;28;3770.00;98
9845;27;624407570;9845;438;10912;11010;5.88;0.36;290.25;11.04;1067;28;3771.00;98
9848;27;624407585;9848;433;10912;11010;5.84;0.36;290.38;11.04;1064;28;3772.00;98
9849;27;624407598;9849;438;10917;11016;5.90;0.36;290.39;11.03;1068;28;3773.00;99
9852;27;624407612;9852;434;10917;11016;5.95;0.36;290.39;11.03;1065;28;3774.00;99
9856;27;624407626;9856;443;10917;11017;5.94;0.36;290.39;11.03;1061;28;3775.00;100
9861;27;624407638;9861;451;10917;11017;5.96;0.36;290.48;11.03;1056;28;3776.00;100
9866;27;624407651;9866;448;10917;11017;5.99;0.37;290.48;11.03;1051;28;3777.00;100
9866;27;624407663;9866;444;10917;11017;6.05;0.37;290.48;11.03;1051;28;3778.00;100
9872;27;624407674;9872;446;10917;11017;6.04;0.37;290.55;11.03;1045;28;3779.00;100
9875;27;624407689;9875;440;10943;11053;6.18;0.38;290.65;11.01;1068;28;3780.00;110
9880;27;624407703;9880;440;10944;11053;6.16;0.38;290.77;11.00;1064;28;3781.00;109
9882;27;624407721;9882;427;10947;11053;6.23;0.38;290.80;11.12;1065;28;3782.00;106
9886;27;624407733;9886;430;10947;11053;6.29;0.39;290.89;11.12;1061;28;3783.00;106
9891;27;624407746;9891;420;10948;11053;6.34;0.39;290.87;11.12;1057;28;3784.00;105
9896;27;624407758;9896;412;10949;11053;6.33;0.39;290.94;11.12;1053;28;3785.00;104
9898;27;624407771;9898;404;10952;11057;6.35;0.39;290.93;11.11;1054;28;3786.00;105
9900;27;624407784;9900;391;10952;11057;6.34;0.39;290.99;11.11;1052;28;3787.00;105
9903;27;624407796;9903;380;10956;11061;6.36;0.39;291.10;11.11;1053;28;3788.00;105
9906;27;624407809;9906;376;10957;11062;6.37;0.39;291.19;11.11;1051;28;3789.00;105
9909;27;624407821;9909;374;10958;11062;6.37;0.39;291.21;11.22;1049;28;3790.00;104
9911;27;624407834;9911;371;10958;11062;6.38;0.39;291.22;11.22;1047;28;3791.00;104
9915;27;624407846;9915;369;10969;11075;6.47;0.40;291.30;11.21;1054;28;3792.00;106
9919;27;624407860;9919;370;10969;11075;6.50;0.40;291.39;11.21;1050;28;3793.00;106
9923;27;624407873;9923;363;10969;11075;6.50;0.40;291.46;11.21;1046;28;3794.00;106
9927;27;624407885;9927;366;10970;11076;6.55;0.40;291.54;11.20;1043;28;3795.00;106
9929;27;624407904;9929;354;10970;11077;6.53;0.40;291.55;11.20;1041;28;3796.00;107
9933;27;624407917;9933;347;10970;11077;6.48;0.40;291.65;11.20;1037;28;3797.00;107
9937;27;624407929;9937;337;10972;11080;6.53;0.40;291.76;11.20;1035;28;3798.00;108
9940;27;624407942;9940;337;10972;11080;6.53;0.40;291.77;11.20;1032;28;3799.00;108
9942;27;624407956;9942;330;10973;11080;6.57;0.40;291.89;11.20;1031;28;3800.00;107
9944;27;624407974;9944;323;10973;11080;6.58;0.40;291.90;11.20;1029;28;3801.00;107
9946;27;624407988;9946;322;10978;11086;6.68;0.41;291.93;11.20;1032;28;3802.00;108
9950;27;624408001;9950;321;10979;11086;6.75;0.41;291.98;11.31;1029;28;3803.00;107
9951;27;624408014;9951;317;10979;11086;6.83;0.42;292.04;11.31;1028;28;3804.00;107
9954;27;624408027;9954;311;10979;11086;6.91;0.42;292.07;11.31;1025;28;3805.00;107
9956;27;624408039;9956;306;10982;11090;6.93;0.42;292.13;11.30;1026;28;3806.00;108
9961;27;624408052;9961;308;10983;11091;6.99;0.43;292.13;11.30;1022;28;3807.00;108
9961;27;624408066;9961;306;10983;11091;7.04;0.43;292.13;11.30;1022;28;3808.00;108
9966;27;624408078;9966;306;10984;11092;7.05;0.43;292.12;11.30;1018;28;3809.00;108
9968;27;624408093;9968;306;10984;11092;7.05;0.43;292.10;11.30;1016;28;3810.00;108
9971;27;624408105;9971;301;10984;11092;7.04;0.43;292.11;11.30;1013;28;3811.00;108
9973;27;624408118;9973;290;10984;11092;7.05;0.43;292.10;11.30;1011;28;3812.00;108
9975;27;624408131;9975;287;10984;11092;7.06;0.43;292.16;11.30;1009;28;3813.00;108
9977;27;624408144;9977;281;10984;11092;7.12;0.43;292.16;11.30;1007;28;3814.00;108
9980;27;624408157;9980;277;10984;11092;7.14;0.43;292.21;11.30;1004;28;3815.00;108
9984;27;624408169;9984;289;11021;11162;7.18;0.44;292.23;11.26;1037;28;3816.00;141
9986;27;624408188;9986;281;11021;11163;7.28;0.45;292.22;11.26;1035;28;3817.00;142
9988;27;624408201;9988;275;11027;11163;7.42;0.45;292.32;11.26;1039;28;3818.00;136
9991;27;624408214;9991;274;11032;11163;7.49;0.46;292.32;11.36;1041;28;3819.00;131
9994;27;624408227;9994;270;11034;11163;7.53;0.46;292.42;11.36;1040;28;3820.00;129
9998;27;624408240;9998;268;11037;11163;7.57;0.46;292.49;11.36;1039;28;3821.00;126
10004;27;624408252;10004;270;11041;11163;7.58;0.46;292.62;11.36;1037;28;3822.00;122
10007;27;624408265;10007;274;11043;11163;7.63;0.46;292.65;11.36;1036;28;3823.00;120
10009;27;624408278;10009;274;11045;11164;7.70;0.47;292.68;11.36;1036;28;3824.00;119
10012;27;624408291;10012;267;11048;11166;7.74;0.47;292.67;11.35;1036;28;3825.00;118
10015;27;624408304;10015;265;11050;11166;7.75;0.47;292.75;11.35;1035;28;3826.00;116
10019;27;624408318;10019;270;11054;11170;7.71;0.47;292.80;11.35;1035;28;3827.00;116
10021;27;624408331;10021;269;11055;11170;7.71;0.47;292.81;11.35;1034;28;3828.00;115
10023;27;624408344;10023;275;11056;11170;7.69;0.47;292.88;11.35;1033;28;3829.00;114
10023;27;624408357;10023;267;11057;11170;7.69;0.47;292.88;11.46;1034;28;3830.00;113
10024;27;624408369;10024;266;11061;11176;7.66;0.47;292.87;11.45;1037;28;3831.00;115
10026;27;624408382;10026;270;11061;11176;7.61;0.46;292.88;11.45;1035;28;3832.00;115
10028;27;624408396;10028;276;11061;11176;7.54;0.46;292.88;11.45;1033;28;3833.00;115
10030;27;624408408;10030;276;11063;11179;7.53;0.46;292.87;11.45;1033;28;3834.00;116
10031;27;624408421;10031;276;11063;11179;7.48;0.46;292.85;11.45;1032;28;3835.00;116
10034;27;624408433;10034;280;11064;11179;7.45;0.45;292.87;11.45;1030;28;3836.00;115
10037;27;624408446;10037;283;11064;11180;7.41;0.45;292.86;11.45;1027;28;3837.00;116
10038;27;624408458;10038;282;11065;11181;7.37;0.45;292.84;11.45;1027;28;3838.00;116
10040;27;624408471;10040;275;11065;11181;7.31;0.45;292.89;11.45;1025;28;3839.00;116
10042;27;624408484;10042;277;11081;11207;7.23;0.44;292.88;11.43;1039;28;3840.00;126
10043;27;624408498;10043;283;11082;11207;7.20;0.44;292.85;11.43;1039;28;3841.00;125
10045;27;624408510;10045;284;11084;11207;7.21;0.44;292.84;11.43;1039;28;3842.00;123
10048;27;624408523;10048;277;11086;11208;7.19;0.44;292.82;11.43;1038;28;3843.00;122
10055;27;624408535;10055;284;11086;11208;7.16;0.44;292.85;11.43;1031;28;3844.00;122
10057;27;624408548;10057;290;11091;11212;7.18;0.44;292.82;11.54;1034;28;3845.00;121
10059;27;624408563;10059;291;11093;11214;7.20;0.44;292.78;11.54;1034;28;3846.00;121
10065;27;624408583;10065;295;11096;11218;7.19;0.44;292.69;11.54;1031;28;3847.00;122
10068;27;624408615;10068;292;11096;11218;7.15;0.43;292.65;11.54;1028;28;3848.00;122
10071;27;624408634;10071;290;11096;11218;7.15;0.43;292.69;11.54;1025;28;3849.00;122
10072;27;624408651;10072;287;11096;11218;7.11;0.43;292.66;11.54;1024;28;3850.00;122
10076;27;624408670;10076;291;11096;11218;7.03;0.43;292.60;11.54;1020;28;3851.00;122
10081;27;624408685;10081;295;11106;11230;7.00;0.43;292.54;11.53;1025;28;3852.00;124
10084;27;624408701;10084;296;11107;11230;7.00;0.43;292.53;11.53;1023;28;3853.00;123
10087;27;624408713;10087;299;11107;11230;6.94;0.42;292.48;11.53;1020;28;3854.00;123
10087;27;624408727;10087;304;11107;11230;6.92;0.42;292.48;11.53;1020;28;3855.00;123
10088;27;624408740;10088;306;11107;11230;6.91;0.42;292.46;11.53;1019;28;3856.00;123
10091;27;624408753;10091;306;11108;11230;6.91;0.42;292.43;11.53;1017;28;3857.00;122
10093;27;624408765;10093;306;11108;11231;6.89;0.42;292.39;11.53;1015;28;3858.00;123
10095;27;624408778;10095;302;11109;11231;6.82;0.41;292.38;11.53;1014;28;3859.00;122
10098;27;624408797;10098;307;11114;11237;6.75;0.41;292.37;11.53;1016;28;3860.00;123
10099;27;624408810;10099;313;11116;11238;6.72;0.41;292.39;11.53;1017;28;3861.00;122
10099;27;624408822;10099;317;11116;11238;6.66;0.40;292.39;11.53;1017;28;3862.00;122
10100;27;624408834;10100;325;11116;11238;6.61;0.40;292.41;11.53;1016;28;3863.00;122
10101;27;624408846;10101;332;11121;11242;6.56;0.40;292.39;11.52;1020;28;3864.00;121
10103;27;624408858;10103;343;11122;11242;6.53;0.40;292.37;11.53;1019;28;3865.00;120
10106;27;624408870;10106;353;11123;11242;6.50;0.39;292.43;11.54;1017;28;3866.00;119
10108;27;624408883;10108;341;11124;11243;6.44;0.39;292.40;11.54;1016;28;3867.00;119
10111;27;624408895;10111;335;11127;11247;6.38;0.39;292.35;11.54;1016;28;3868.00;120
10114;27;624408907;10114;330;11129;11247;6.30;0.38;292.33;11.56;1015;28;3869.00;118
10114;27;624408921;10114;327;11133;11253;6.36;0.38;292.33;11.56;1019;28;3870.00;120
10115;27;624408933;10115;326;11134;11253;6.39;0.39;292.31;11.55;1019;28;3871.00;119
10116;27;624408945;10116;332;11137;11253;6.39;0.39;292.33;11.57;1021;28;3872.00;116
10117;27;624408958;10117;335;11137;11253;6.43;0.39;292.33;11.57;1020;28;3873.00;116
10117;27;624408970;10117;337;11143;11257;6.46;0.39;292.33;11.59;1026;28;3874.00;114
10117;27;624408984;10117;335;11143;11257;6.47;0.39;292.33;11.59;1026;28;3875.00;114
10120;27;624408995;10120;336;11144;11257;6.39;0.39;292.33;11.59;1024;28;3876.00;113
10122;27;624409007;10122;340;11145;11257;6.38;0.39;292.32;11.61;1023;28;3877.00;112
10122;27;624409019;10122;340;11146;11258;6.31;0.38;292.32;11.61;1024;28;3878.00;112
10123;27;624409031;10123;344;11148;11259;6.24;0.38;292.30;11.62;1025;28;3879.00;111
10124;27;624409043;10124;348;11150;11259;6.14;0.37;292.29;11.64;1026;28;3880.00;109
10124;27;624409055;10124;350;11151;11260;6.08;0.37;292.29;11.64;1027;28;3881.00;109
10125;27;624409066;10125;357;11151;11260;5.91;0.36;292.27;11.64;1026;28;3882.00;109
10128;27;624409078;10128;357;11153;11260;5.74;0.35;292.26;11.66;1025;28;3883.00;107
10128;27;624409089;10128;365;11153;11260;5.63;0.34;292.26;11.66;1025;28;3884.00;107
10128;27;624409102;10128;371;11153;11260;5.55;0.34;292.26;11.66;1025;28;3885.00;107
10128;27;624409113;10128;377;11153;11260;5.55;0.34;292.26;11.66;1025;28;3886.00;107
10128;27;624409123;10128;387;11156;11260;5.54;0.34;292.26;11.70;1028;28;3887.00;104
10129;27;624409134;10129;403;11218;11387;5.76;0.36;292.33;11.63;1089;28;3888.00;169
10130;27;624409156;10130;397;11223;11388;5.75;0.36;292.34;11.65;1093;28;3889.00;165
10131;27;624409168;10131;379;11233;11388;5.81;0.36;292.34;11.66;1102;28;3890.00;155
10135;27;624409180;10135;374;11240;11388;5.79;0.36;292.30;11.66;1105;28;3891.00;148
10137;27;624409192;10137;364;11247;11388;5.85;0.36;292.28;11.66;1110;28;3892.00;141
10138;27;624409204;10138;365;11251;11388;5.84;0.36;292.26;11.65;1113;28;3893.00;137
10140;27;624409216;10140;361;11254;11388;5.88;0.36;292.28;11.65;1114;28;3894.00;134
10141;27;624409228;10141;359;11259;11388;5.91;0.36;292.28;11.67;1118;28;3895.00;129
10141;27;624409241;10141;357;11261;11389;5.96;0.37;292.28;11.67;1120;28;3896.00;128
10143;27;624409254;10143;363;11265;11390;6.02;0.37;292.29;11.69;1122;28;3897.00;125
10144;27;624409268;10144;362;11270;11390;6.01;0.37;292.37;11.69;1126;28;3898.00;120
10145;27;624409280;10145;366;11273;11391;5.96;0.37;292.42;11.69;1128;28;3899.00;118
10149;27;624409296;10149;373;11283;11406;5.81;0.36;292.36;11.71;1134;28;3900.00;123
10151;27;624409321;10151;375;11286;11406;5.75;0.36;292.40;11.71;1135;28;3901.00;120
10157;27;624409334;10157;371;11288;11406;5.65;0.35;292.44;11.72;1131;28;3902.00;118
10160;27;624409348;10160;383;11291;11410;5.62;0.35;292.46;11.72;1131;28;3903.00;119
10164;27;624409360;10164;391;11294;11410;5.53;0.34;292.42;11.72;1130;28;3904.00;116
10171;27;624409373;10171;402;11296;11410;5.43;0.33;292.42;11.72;1125;28;3905.00;114
10173;27;624409386;10173;405;11300;11413;5.42;0.33;292.42;11.72;1127;28;3906.00;113
10176;27;624409400;10176;414;11302;11413;5.39;0.33;292.49;11.73;1126;28;3907.00;111
10178;27;624409412;10178;420;11302;11413;5.37;0.33;292.51;11.73;1124;28;3908.00;111
10183;27;624409424;10183;425;11307;11417;5.30;0.33;292.56;11.72;1124;28;3909.00;110
10186;27;624409437;10186;419;11310;11418;5.31;0.33;292.59;11.73;1124;28;3910.00;108
10191;27;624409450;10191;419;11313;11418;5.33;0.33;292.70;11.74;1122;28;3911.00;105
10195;27;624409462;10195;414;11318;11422;5.36;0.33;292.76;11.74;1123;28;3912.00;104
10198;27;624409476;10198;412;11319;11422;5.41;0.33;292.80;11.74;1121;28;3913.00;103
10202;27;624409489;10202;412;11319;11422;5.46;0.34;292.86;11.74;1117;28;3914.00;103
10205;27;624409502;10205;409;11322;11424;5.49;0.34;292.98;11.75;1117;28;3915.00;102
10207;27;624409515;10207;407;11322;11424;5.55;0.34;293.03;11.75;1115;28;3916.00;102
10210;27;624409527;10210;408;11327;11430;5.64;0.35;293.03;11.74;1117;28;3917.00;103
10213;27;624409540;10213;405;11328;11430;5.69;0.35;293.03;11.74;1115;28;3918.00;102
10213;27;624409553;10213;400;11328;11431;5.77;0.35;293.03;11.74;1115;28;3919.00;103
10218;27;624409581;10218;391;11328;11431;5.82;0.36;293.13;11.74;1110;28;3920.00;103
10220;27;624409594;10220;389;11328;11431;5.89;0.36;293.20;11.74;1108;28;3921.00;103
10225;27;624409606;10225;388;11328;11431;5.92;0.36;293.29;11.74;1103;28;3922.00;103
10230;27;624409627;10230;387;11329;11431;5.92;0.36;293.35;11.75;1099;28;3923.00;102
10233;27;624409639;10233;386;11339;11443;6.04;0.37;293.36;11.74;1106;28;3924.00;104
10240;27;624409658;10240;383;11340;11443;6.07;0.37;293.48;11.74;1100;28;3925.00;103
10244;27;624409670;10244;376;11341;11443;6.07;0.37;293.52;11.74;1097;28;3926.00;102
10247;27;624409683;10247;369;11342;11443;6.13;0.37;293.56;11.74;1095;28;3927.00;101
10253;27;624409696;10253;371;11342;11443;6.12;0.37;293.62;11.74;1089;28;3928.00;101
10257;27;624409708;10257;369;11342;11443;6.14;0.37;293.66;11.74;1085;28;3929.00;101
10262;27;624409722;10262;374;11348;11447;6.16;0.37;293.70;11.84;1086;28;3930.00;99
10268;27;624409736;10268;370;11348;11447;6.11;0.37;293.71;11.84;1080;28;3931.00;99
10271;27;624409754;10271;372;11352;11451;6.14;0.37;293.79;11.84;1081;28;3932.00;99
10275;27;624409768;10275;376;11353;11452;6.14;0.37;293.84;11.84;1078;28;3933.00;99
10279;27;624409780;10279;370;11353;11452;6.15;0.37;293.96;11.84;1074;28;3934.00;99
10283;27;624409793;10283;378;11353;11452;6.17;0.37;294.01;11.84;1070;28;3935.00;99
10286;27;624409805;10286;380;11364;11465;6.19;0.38;294.16;11.83;1078;28;3936.00;101
10289;27;624409818;10289;378;11364;11465;6.14;0.37;294.18;11.83;1075;28;3937.00;101
10294;27;624409831;10294;380;11364;11465;6.11;0.37;294.25;11.83;1070;28;3938.00;101
10302;27;624409844;10302;381;11365;11466;6.06;0.37;294.24;11.83;1063;28;3939.00;101
10304;27;624409856;10304;378;11365;11467;6.02;0.37;294.22;11.83;1061;28;3940.00;102
10306;27;624409868;10306;376;11365;11467;6.04;0.37;294.24;11.83;1059;28;3941.00;102
10310;27;624409880;10310;380;11367;11470;6.05;0.37;294.25;11.82;1057;28;3942.00;103
10315;27;624409893;10315;377;11367;11470;6.03;0.37;294.36;11.82;1052;28;3943.00;103
10319;27;624409905;10319;380;11368;11470;6.08;0.37;294.34;11.82;1049;28;3944.00;102
10325;27;624409918;10325;382;11368;11470;6.05;0.37;294.31;11.82;1043;28;3945.00;102
10328;27;624409930;10328;376;11373;11476;6.05;0.37;294.31;11.82;1045;28;3946.00;103
10331;27;624409943;10331;372;11373;11476;5.99;0.36;294.34;11.82;1042;28;3947.00;103
10335;27;624409955;10335;372;11373;11476;5.94;0.36;294.39;11.82;1038;28;3948.00;103
10339;27;624409967;10339;374;11373;11476;5.86;0.36;294.41;11.82;1034;28;3949.00;103
10343;27;624409979;10343;377;11377;11480;5.79;0.35;294.44;11.92;1034;28;3950.00;103
10346;27;624409991;10346;380;11378;11481;5.80;0.35;294.41;11.92;1032;28;3951.00;103
10349;27;624410003;10349;389;11378;11481;5.78;0.35;294.49;11.92;1029;28;3952.00;103
10354;27;624410015;10354;390;11379;11482;5.71;0.35;294.56;11.92;1025;28;3953.00;103
10358;27;624410027;10358;392;11379;11482;5.64;0.34;294.54;11.92;1021;28;3954.00;103
10361;27;624410039;10361;391;11379;11482;5.58;0.34;294.59;11.92;1018;28;3955.00;103
10364;27;624410051;10364;385;11379;11482;5.55;0.34;294.58;11.92;1015;28;3956.00;103
10367;27;624410063;10367;374;11379;11482;5.47;0.33;294.61;11.92;1012;28;3957.00;103
10369;27;624410076;10369;362;11379;11482;5.41;0.33;294.67;11.92;1010;28;3958.00;103
10373;27;624410087;10373;358;11379;11482;5.34;0.33;294.67;11.92;1006;28;3959.00;103
10377;27;624410101;10377;379;11447;11607;5.49;0.34;294.71;11.85;1070;28;3960.00;160
10379;27;624410122;10379;372;11449;11608;5.52;0.34;294.69;11.85;1070;28;3961.00;159
10383;27;624410134;10383;367;11457;11608;5.62;0.35;294.70;11.84;1074;28;3962.00;151
10385;27;624410146;10385;369;11457;11608;5.67;0.35;294.70;11.84;1072;28;3963.00;151
10387;27;624410159;10387;372;11461;11608;5.74;0.35;294.79;11.84;1074;28;3964.00;147
10388;27;624410171;10388;380;11462;11608;5.83;0.36;294.80;11.95;1074;28;3965.00;146
10391;27;624410182;10391;360;11468;11608;5.95;0.37;294.89;11.94;1077;28;3966.00;140
10394;27;624410195;10394;358;11469;11608;6.01;0.37;295.02;12.05;1075;28;3967.00;139
10398;27;624410208;10398;353;11473;11609;6.02;0.37;295.17;12.05;1075;28;3968.00;136
10402;27;624410221;10402;365;11477;11610;6.04;0.37;295.32;12.05;1075;28;3969.00;133
10407;27;624410234;10407;362;11482;11610;5.99;0.37;295.42;12.15;1075;28;3970.00;128
10408;27;624410253;10408;367;11488;11614;6.02;0.37;295.44;12.14;1080;28;3971.00;126
10411;27;624410267;10411;374;11491;11614;6.01;0.37;295.54;12.14;1080;28;3972.00;123
10412;27;624410279;10412;373;11492;11614;6.03;0.37;295.55;12.14;1080;28;3973.00;122
10414;27;624410292;10414;372;11492;11614;6.07;0.37;295.60;12.14;1078;28;3974.00;122
10418;27;624410305;10418;367;11497;11620;6.12;0.37;295.62;12.14;1079;28;3975.00;123
10418;27;624410318;10418;368;11497;11620;6.23;0.38;295.62;12.14;1079;28;3976.00;123
10422;27;624410331;10422;369;11497;11620;6.31;0.39;295.70;12.14;1075;28;3977.00;123
10425;27;624410344;10425;369;11500;11623;6.35;0.39;295.76;12.23;1075;28;3978.00;123
10428;27;624410357;10428;373;11500;11623;6.43;0.39;295.83;12.23;1072;28;3979.00;123
10430;27;624410370;10430;370;11500;11623;6.50;0.40;295.86;12.23;1070;28;3980.00;123
10433;27;624410383;10433;373;11501;11624;6.54;0.40;295.85;12.23;1068;28;3981.00;123
10436;27;624410396;10436;365;11502;11625;6.53;0.40;295.93;12.23;1066;28;3982.00;123
10437;27;624410409;10437;358;11502;11625;6.56;0.40;295.98;12.23;1065;28;3983.00;123
10440;27;624410422;10440;360;11512;11638;6.58;0.40;296.03;12.22;1072;28;3984.00;126
10447;27;624410435;10447;355;11512;11638;6.57;0.40;295.99;12.22;1065;28;3985.00;126
10449;27;624410448;10449;359;11512;11638;6.59;0.40;296.03;12.22;1063;28;3986.00;126
10451;27;624410461;10451;359;11513;11639;6.65;0.41;296.05;12.22;1062;28;3987.00;126
10454;27;624410474;10454;359;11514;11639;6.67;0.41;296.07;12.21;1060;28;3988.00;125
10457;27;624410486;10457;362;11517;11643;6.71;0.41;296.06;12.21;1060;28;3989.00;126
10458;27;624410503;10458;364;11518;11643;6.74;0.41;296.12;12.21;1060;28;3990.00;125
10460;27;624410517;10460;365;11521;11647;6.73;0.41;296.14;12.21;1061;28;3991.00;126
10461;27;624410530;10461;367;11521;11647;6.71;0.41;296.13;12.21;1060;28;3992.00;126
10462;27;624410544;10462;376;11521;11647;6.72;0.41;296.16;12.21;1059;28;3993.00;126
10465;27;624410557;10465;383;11521;11647;6.69;0.41;296.13;12.21;1056;28;3994.00;126
10467;27;624410577;10467;382;11521;11647;6.64;0.40;296.17;12.21;1054;28;3995.00;126
10469;27;624410599;10469;382;11532;11659;6.67;0.41;296.18;12.20;1063;28;3996.00;127
10474;27;624410620;10474;384;11532;11659;6.67;0.41;296.16;12.20;1058;28;3997.00;127
10476;27;624410636;10476;387;11532;11659;6.63;0.40;296.21;12.20;1056;28;3998.00;127
10479;27;624410656;10479;394;11532;11659;6.62;0.40;296.20;12.20;1053;28;3999.00;127
10481;27;624410676;10481;396;11532;11659;6.64;0.40;296.18;12.20;1051;28;4000.00;127
10482;27;624410696;10482;394;11532;11659;6.62;0.40;296.25;12.20;1050;28;4001.00;127
10486;27;624410710;10486;398;11532;11660;6.64;0.40;296.24;12.20;1046;28;4002.00;128
10488;27;624410725;10488;394;11532;11660;6.62;0.40;296.22;12.20;1044;28;4003.00;128
10489;27;624410738;10489;399;11537;11666;6.63;0.40;296.20;12.19;1048;28;4004.00;129
10492;27;624410753;10492;401;11539;11668;6.59;0.40;296.17;12.19;1047;28;4005.00;129
10494;27;624410766;10494;400;11539;11668;6.50;0.40;296.18;12.19;1045;28;4006.00;129
10495;27;624410779;10495;405;11539;11668;6.44;0.39;296.15;12.19;1044;28;4007.00;129
10497;27;624410792;10497;403;11542;11672;6.38;0.39;296.22;12.19;1045;28;4008.00;130
10501;27;624410804;10501;401;11543;11672;6.25;0.38;296.17;12.28;1042;28;4009.00;129
10504;27;624410818;10504;401;11543;11672;6.17;0.38;296.21;12.28;1039;28;4010.00;129
10505;27;624410829;10505;401;11544;11673;6.11;0.37;296.20;12.28;1039;28;4011.00;129
10506;27;624410841;10506;401;11547;11677;6.02;0.37;296.17;12.28;1041;28;4012.00;130
10510;27;624410853;10510;409;11547;11677;5.95;0.36;296.16;12.28;1037;28;4013.00;130
10512;27;624410865;10512;407;11550;11680;5.90;0.36;296.14;12.29;1038;28;4014.00;130
10515;27;624410880;10515;413;11551;11680;5.87;0.36;296.16;12.29;1036;28;4015.00;129
10516;27;624410892;10516;414;11552;11680;5.83;0.35;296.16;12.30;1036;28;4016.00;128
10519;28;624410904;10519;419;11552;11680;5.74;0.35;296.12;12.30;1033;29;4017.00;128
10521;28;624410931;10521;419;11556;11684;5.76;0.35;296.11;12.30;1035;29;4018.00;128
10522;28;624410948;10522;408;11556;11684;5.74;0.35;296.09;12.30;1034;29;4019.00;128
10526;28;624410960;10526;394;11556;11684;5.72;0.35;296.08;12.30;1030;29;4020.00;128
10526;28;624410975;10526;387;11556;11684;5.79;0.35;296.08;12.30;1030;29;4021.00;128
10526;28;624410986;10526;387;11556;11685;5.83;0.35;296.08;12.30;1030;29;4022.00;129
10528;28;624410998;10528;380;11557;11686;5.86;0.35;296.11;12.30;1029;29;4023.00;129
10529;28;624411010;10529;376;11557;11686;5.90;0.36;296.10;12.30;1028;29;4024.00;129
10530;28;624411022;10530;375;11558;11687;5.98;0.36;296.08;12.30;1028;29;4025.00;129
10530;28;624411034;10530;373;11558;11687;6.02;0.37;296.08;12.30;1028;29;4026.00;129
10532;28;624411046;10532;369;11558;11687;6.04;0.37;296.06;12.30;1026;29;4027.00;129
10533;28;624411057;10533;364;11558;11687;6.09;0.37;296.06;12.30;1025;29;4028.00;129
10534;28;624411069;10534;363;11558;11687;6.15;0.37;296.06;12.30;1024;29;4029.00;129
10534;28;624411081;10534;363;11558;11687;6.18;0.38;296.06;12.30;1024;29;4030.00;129
10537;28;624411093;10537;364;11559;11687;6.15;0.37;296.11;12.39;1022;29;4031.00;128
10538;28;624411105;10538;377;11623;11814;6.37;0.39;296.09;12.33;1085;29;4032.00;191
10540;28;624411128;10540;371;11626;11815;6.36;0.39;296.07;12.32;1086;29;4033.00;189
10542;28;624411149;10542;365;11635;11815;6.43;0.40;296.05;12.32;1093;29;4034.00;180
10543;28;624411161;10543;369;11638;11815;6.41;0.40;296.05;12.31;1095;29;4035.00;177
10543;28;624411174;10543;370;11647;11815;6.46;0.40;296.05;12.32;1104;29;4036.00;168
10547;28;624411186;10547;367;11648;11815;6.40;0.39;296.08;12.32;1101;29;4037.00;167
10548;28;624411199;10548;373;11651;11815;6.36;0.39;296.05;12.31;1103;29;4038.00;164
10549;28;624411211;10549;376;11655;11815;6.37;0.39;296.09;12.32;1106;29;4039.00;160
10549;28;624411224;10549;382;11659;11816;6.36;0.39;296.09;12.33;1110;29;4040.00;157
10551;28;624411236;10551;386;11664;11817;6.37;0.39;296.07;12.33;1113;29;4041.00;153
10555;28;624411249;10555;386;11667;11817;6.36;0.39;296.07;12.33;1112;29;4042.00;150
10557;28;624411262;10557;386;11673;11818;6.23;0.38;296.08;12.35;1116;29;4043.00;145
10561;28;624411275;10561;392;11673;11818;6.17;0.38;296.04;12.35;1112;29;4044.00;145
10563;28;624411287;10563;392;11678;11818;6.10;0.38;296.01;12.37;1115;29;4045.00;140
10566;28;624411300;10566;399;11678;11818;6.02;0.37;296.05;12.37;1112;29;4046.00;140
10568;28;624411312;10568;401;11684;11822;6.02;0.37;296.02;12.39;1116;29;4047.00;138
10569;28;624411325;10569;409;11687;11822;5.96;0.37;296.08;12.39;1118;29;4048.00;135
10572;28;624411338;10572;407;11690;11822;5.90;0.36;296.08;12.41;1118;29;4049.00;132
10573;28;624411352;10573;414;11695;11828;5.88;0.36;296.08;12.42;1122;29;4050.00;133
10576;28;624411366;10576;426;11697;11828;5.82;0.36;296.13;12.43;1121;29;4051.00;131
10578;28;624411379;10578;426;11699;11828;5.82;0.36;296.20;12.43;1121;29;4052.00;129
10581;28;624411391;10581;427;11704;11832;5.76;0.35;296.19;12.44;1123;29;4053.00;128
10584;28;624411404;10584;440;11708;11833;5.73;0.35;296.19;12.46;1124;29;4054.00;125
10586;28;624411417;10586;449;11710;11833;5.70;0.35;296.25;12.47;1124;29;4055.00;123
10590;28;624411430;10590;452;11714;11837;5.68;0.35;296.28;12.47;1124;29;4056.00;123
10592;28;624411443;10592;453;11715;11837;5.61;0.35;296.24;12.48;1123;29;4057.00;122
10593;28;624411456;10593;456;11716;11837;5.62;0.35;296.26;12.48;1123;29;4058.00;121
10598;28;624411470;10598;443;11718;11838;5.53;0.34;296.34;12.49;1120;29;4059.00;120
10600;28;624411483;10600;454;11719;11838;5.48;0.34;296.32;12.50;1119;29;4060.00;119
10602;28;624411496;10602;455;11725;11844;5.49;0.34;296.30;12.50;1123;29;4061.00;119
10603;28;624411516;10603;457;11726;11844;5.46;0.33;296.31;12.51;1123;29;4062.00;118
10607;28;624411529;10607;458;11726;11845;5.38;0.33;296.27;12.51;1119;29;4063.00;119
10608;28;624411541;10608;461;11728;11845;5.35;0.33;296.27;12.53;1120;29;4064.00;117
10608;28;624411553;10608;456;11728;11845;5.36;0.33;296.27;12.53;1120;29;4065.00;117
10609;28;624411567;10609;464;11729;11845;5.37;0.33;296.34;12.53;1120;29;4066.00;116
10610;28;624411580;10610;470;11730;11845;5.39;0.33;296.33;12.54;1120;29;4067.00;115
10611;28;624411593;10611;466;11741;11857;5.49;0.34;296.39;12.53;1130;29;4068.00;116
10612;28;624411606;10612;473;11741;11857;5.58;0.34;296.39;12.53;1129;29;4069.00;116
10614;28;624411618;10614;469;11743;11857;5.58;0.34;296.43;12.55;1129;29;4070.00;114
10614;28;624411630;10614;462;11743;11857;5.59;0.34;296.43;12.55;1129;29;4071.00;114
10618;28;624411649;10618;465;11745;11857;5.54;0.34;296.46;12.57;1127;29;4072.00;112
10623;28;624411661;10623;472;11745;11857;5.50;0.34;296.53;12.57;1122;29;4073.00;112
10627;28;624411675;10627;465;11750;11861;5.40;0.33;296.49;12.59;1123;29;4074.00;111
10633;28;624411688;10633;454;11750;11861;5.31;0.32;296.58;12.59;1117;29;4075.00;111
10638;28;624411705;10638;447;11754;11865;5.25;0.32;296.68;12.58;1116;29;4076.00;111
10640;28;624411718;10640;450;11757;11866;5.20;0.32;296.66;12.60;1117;29;4077.00;109
10645;28;624411731;10645;451;11757;11866;5.07;0.31;296.68;12.60;1112;29;4078.00;109
10648;28;624411743;10648;452;11757;11866;5.01;0.31;296.79;12.60;1109;29;4079.00;109
10651;28;624411756;10651;450;11781;11895;5.03;0.31;296.83;12.59;1130;29;4080.00;114
10657;28;624411770;10657;448;11781;11895;5.01;0.31;296.86;12.59;1124;29;4081.00;114
10662;28;624411782;10662;440;11785;11895;5.05;0.31;296.94;12.60;1123;29;4082.00;110
10664;28;624411793;10664;435;11787;11896;5.18;0.32;296.92;12.60;1123;29;4083.00;109
10669;28;624411805;10669;428;11789;11897;5.17;0.32;296.99;12.61;1120;29;4084.00;108
10671;28;624411823;10671;423;11789;11897;5.24;0.32;297.01;12.61;1118;29;4085.00;108
10674;28;624411835;10674;429;11792;11900;5.33;0.33;297.11;12.61;1118;29;4086.00;108
10677;28;624411847;10677;422;11794;11900;5.44;0.33;297.08;12.62;1117;29;4087.00;106
10680;28;624411859;10680;414;11794;11900;5.54;0.34;297.20;12.62;1114;29;4088.00;106
10682;28;624411872;10682;407;11794;11900;5.63;0.34;297.25;12.62;1112;29;4089.00;106
10686;28;624411884;10686;403;11799;11906;5.74;0.35;297.27;12.62;1113;29;4090.00;107
10692;28;624411896;10692;399;11799;11906;5.77;0.35;297.42;12.62;1107;29;4091.00;107
10695;28;624411909;10695;396;11799;11906;5.85;0.36;297.48;12.62;1104;29;4092.00;107
10699;28;624411921;10699;399;11799;11906;5.94;0.36;297.54;12.62;1100;29;4093.00;107
10704;28;624411934;10704;394;11802;11910;6.00;0.37;297.57;12.61;1098;29;4094.00;108
10710;28;624411947;10710;398;11804;11912;6.07;0.37;297.73;12.61;1094;29;4095.00;108
10712;28;624411960;10712;396;11804;11912;6.14;0.37;297.78;12.61;1092;29;4096.00;108
10714;28;624411973;10714;400;11805;11913;6.21;0.38;297.80;12.61;1091;29;4097.00;108
10720;28;624411985;10720;393;11805;11913;6.26;0.38;297.82;12.61;1085;29;4098.00;108
10721;28;624411998;10721;401;11805;11913;6.29;0.38;297.82;12.61;1084;29;4099.00;108
10727;28;624412011;10727;397;11805;11913;6.25;0.38;297.94;12.61;1078;29;4100.00;108
10733;28;624412028;10733;395;11805;11913;6.23;0.38;297.98;12.61;1072;29;4101.00;108
10737;28;624412040;10737;398;11805;11913;6.18;0.38;297.99;12.61;1068;29;4102.00;108
10740;28;624412052;10740;402;11805;11913;6.14;0.37;298.03;12.61;1065;29;4103.00;108
10743;28;624412065;10743;408;11844;11983;6.10;0.37;298.00;12.57;1101;29;4104.00;139
10747;28;624412088;10747;407;11844;11984;6.07;0.37;298.08;12.57;1097;29;4105.00;140
10752;28;624412101;10752;409;11848;11984;6.05;0.37;298.11;12.56;1096;29;4106.00;136
10755;28;624412113;10755;410;11848;11984;6.06;0.37;298.20;12.56;1093;29;4107.00;136
10761;28;624412125;10761;411;11850;11984;6.05;0.37;298.21;12.56;1089;29;4108.00;134
10766;28;624412138;10766;414;11852;11984;6.03;0.37;298.23;12.56;1086;29;4109.00;132
10769;28;624412152;10769;415;11854;11984;6.02;0.37;298.23;12.56;1085;29;4110.00;130
10772;28;624412165;10772;415;11856;11984;5.97;0.37;298.28;12.56;1084;29;4111.00;128
10777;28;624412177;10777;424;11857;11985;5.87;0.36;298.23;12.56;1080;29;4112.00;128
10782;28;624412189;10782;425;11859;11986;5.76;0.35;298.26;12.56;1077;29;4113.00;127
10784;28;624412201;10784;428;11861;11986;5.69;0.35;298.25;12.56;1077;29;4114.00;125
10788;28;624412212;10788;432;11865;11990;5.68;0.35;298.28;12.56;1077;29;4115.00;125
10794;28;624412225;10794;447;11869;11990;5.63;0.34;298.22;12.66;1075;29;4116.00;121
10796;28;624412239;10796;448;11871;11990;5.69;0.35;298.24;12.66;1075;29;4117.00;119
10798;28;624412252;10798;456;11872;11990;5.71;0.35;298.22;12.66;1074;29;4118.00;118
10801;28;624412264;10801;452;11878;11996;5.74;0.35;298.25;12.65;1077;29;4119.00;118
10804;28;624412276;10804;457;11879;11996;5.72;0.35;298.34;12.66;1075;29;4120.00;117
10807;28;624412288;10807;453;11880;11996;5.72;0.35;298.41;12.66;1073;29;4121.00;116
10810;28;624412301;10810;457;11882;11999;5.69;0.35;298.44;12.65;1072;29;4122.00;117
10815;28;624412313;10815;463;11884;11999;5.62;0.34;298.57;12.65;1069;29;4123.00;115
10818;28;624412326;10818;466;11885;11999;5.66;0.34;298.61;12.65;1067;29;4124.00;114
10821;28;624412337;10821;476;11885;12000;5.60;0.34;298.70;12.65;1064;29;4125.00;115
10825;28;624412350;10825;478;11886;12001;5.54;0.34;298.75;12.65;1061;29;4126.00;115
10828;28;624412363;10828;475;11886;12001;5.48;0.33;298.78;12.65;1058;29;4127.00;115
10831;28;624412375;10831;473;11896;12014;5.47;0.33;298.72;12.64;1065;29;4128.00;118
10834;28;624412388;10834;464;11896;12014;5.40;0.33;298.74;12.64;1062;29;4129.00;118
10838;28;624412400;10838;452;11897;12014;5.34;0.32;298.79;12.64;1059;29;4130.00;117
10840;28;624412413;10840;450;11899;12015;5.32;0.32;298.79;12.74;1059;29;4131.00;116
10841;28;624412425;10841;459;11899;12015;5.32;0.32;298.81;12.74;1058;29;4132.00;116
10844;28;624412436;10844;461;11903;12019;5.40;0.33;298.82;12.74;1059;29;4133.00;116
10846;28;624412448;10846;461;11903;12019;5.45;0.33;298.85;12.74;1057;29;4134.00;116
10847;28;624412461;10847;465;11906;12023;5.45;0.33;298.85;12.73;1059;29;4135.00;117
10851;28;624412479;10851;456;11906;12023;5.44;0.33;298.91;12.73;1055;29;4136.00;117
10852;28;624412492;10852;457;11906;12023;5.45;0.33;298.97;12.73;1054;29;4137.00;117
10853;28;624412503;10853;447;11906;12023;5.49;0.34;299.02;12.73;1053;29;4138.00;117
10856;28;624412516;10856;443;11906;12023;5.53;0.34;299.06;12.73;1050;29;4139.00;117
10857;28;624412530;10857;441;11931;12057;5.63;0.35;299.11;12.71;1074;29;4140.00;126
10859;28;624412545;10859;442;11931;12057;5.68;0.35;299.08;12.71;1072;29;4141.00;126
10861;28;624412557;10861;428;11935;12057;5.77;0.36;299.12;12.81;1074;29;4142.00;122
10864;28;624412575;10864;427;11935;12057;5.81;0.36;299.11;12.81;1071;29;4143.00;122
10867;28;624412595;10867;417;11936;12057;5.90;0.36;299.09;12.81;1069;29;4144.00;121
10872;28;624412617;10872;414;11936;12057;5.89;0.36;299.08;12.81;1064;29;4145.00;121
10874;28;624412642;10874;419;11936;12058;5.96;0.37;299.10;12.81;1062;29;4146.00;122
10877;28;624412661;10877;415;11936;12058;6.01;0.37;299.07;12.81;1059;29;4147.00;122
10880;28;624412683;10880;414;11941;12064;6.08;0.37;299.07;12.80;1061;29;4148.00;123
10885;28;624412699;10885;410;11942;12065;6.13;0.37;299.09;12.80;1057;29;4149.00;123
10887;28;624412712;10887;411;11942;12065;6.17;0.38;299.08;12.80;1055;29;4150.00;123
10888;28;624412726;10888;417;11942;12065;6.20;0.38;299.06;12.80;1054;29;4151.00;123
10892;28;624412741;10892;419;11945;12069;6.21;0.38;299.03;12.80;1053;29;4152.00;124
10895;28;624412755;10895;423;11945;12069;6.19;0.38;299.03;12.80;1050;29;4153.00;124
10896;28;624412769;10896;421;11946;12069;6.22;0.38;299.01;12.91;1050;29;4154.00;123
10897;28;624412782;10897;420;11947;12070;6.23;0.38;299.01;12.90;1050;29;4155.00;123
10900;28;624412795;10900;416;11950;12074;6.21;0.38;298.96;12.90;1050;29;4156.00;124
10903;28;624412808;10903;414;11950;12074;6.19;0.38;298.93;12.90;1047;29;4157.00;124
10904;28;624412821;10904;408;11952;12077;6.27;0.38;298.94;12.90;1048;29;4158.00;125
10905;28;624412834;10905;401;11952;12077;6.30;0.38;298.92;12.90;1047;29;4159.00;125
10905;28;624412847;10905;408;11953;12077;6.30;0.38;298.92;12.90;1048;29;4160.00;124
10905;28;624412860;10905;400;11953;12077;6.28;0.38;298.92;12.90;1048;29;4161.00;124
10906;28;624412872;10906;404;11957;12081;6.29;0.38;298.93;12.89;1051;29;4162.00;124
10908;28;624412886;10908;400;11957;12081;6.28;0.38;298.94;12.89;1049;29;4163.00;124
10909;28;624412899;10909;398;11957;12081;6.32;0.38;298.95;12.89;1048;29;4164.00;124
10910;28;624412912;10910;398;11957;12081;6.35;0.38;298.97;12.89;1047;29;4165.00;124
10911;28;624412925;10911;396;11957;12082;6.38;0.39;299.00;12.89;1046;29;4166.00;125
10912;28;624412938;10912;397;11958;12083;6.37;0.39;299.02;12.89;1046;29;4167.00;125
10912;28;624412951;10912;398;11958;12083;6.38;0.39;299.02;12.89;1046;29;4168.00;125
10912;28;624412963;10912;395;11959;12084;6.43;0.39;299.02;12.89;1047;29;4169.00;125
10913;28;624412979;10913;395;11959;12084;6.48;0.39;299.04;12.89;1046;29;4170.00;125
10914;28;624412992;10914;376;11959;12084;6.54;0.39;299.06;12.89;1045;29;4171.00;125
10916;28;624413007;10916;366;11959;12084;6.63;0.40;299.16;12.89;1043;29;4172.00;125
10917;28;624413021;10917;360;11961;12086;6.71;0.41;299.16;12.89;1044;29;4173.00;125
10919;28;624413041;10919;351;11961;12086;6.79;0.41;299.15;12.89;1042;29;4174.00;125
10920;28;624413055;10920;346;11961;12086;6.85;0.41;299.14;12.89;1041;29;4175.00;125
10922;28;624413068;10922;361;12027;12213;6.95;0.43;299.19;12.82;1105;29;4176.00;186
10924;28;624413092;10924;350;12028;12214;6.99;0.43;299.16;12.82;1104;29;4177.00;186
10925;28;624413106;10925;342;12033;12214;7.05;0.43;299.15;12.81;1108;29;4178.00;181
10927;28;624413121;10927;334;12035;12214;7.09;0.43;299.14;12.81;1108;29;4179.00;179
10929;28;624413134;10929;331;12040;12214;7.11;0.44;299.13;12.81;1111;29;4180.00;174
10932;28;624413148;10932;331;12044;12214;7.08;0.43;299.10;12.81;1112;29;4181.00;170
10932;28;624413163;10932;318;12047;12214;7.09;0.43;299.10;12.80;1115;29;4182.00;167
10935;28;624413176;10935;313;12051;12214;7.12;0.43;299.10;12.80;1116;29;4183.00;163
10939;28;624413191;10939;309;12056;12215;7.16;0.44;299.08;12.80;1117;29;4184.00;159
10939;28;624413205;10939;307;12063;12217;7.14;0.44;299.08;12.93;1124;29;4185.00;154
10939;29;624413222;10939;305;12065;12217;7.15;0.44;299.08;12.93;1126;30;4186.00;152
10940;29;624413255;10940;303;12068;12218;7.11;0.43;299.07;12.93;1128;30;4187.00;150
10943;29;624413269;10943;303;12069;12218;7.05;0.43;299.07;12.93;1126;30;4188.00;149
10945;29;624413283;10945;308;12070;12218;7.00;0.43;299.05;12.93;1125;30;4189.00;148
10946;29;624413296;10946;311;12073;12218;6.97;0.43;299.07;12.93;1127;30;4190.00;145
10948;29;624413310;10948;306;12078;12222;6.94;0.42;299.05;12.93;1130;30;4191.00;144
10950;29;624413324;10950;299;12079;12222;6.92;0.42;299.05;12.93;1129;30;4192.00;143
10953;29;624413337;10953;304;12082;12222;6.87;0.42;299.08;12.93;1129;30;4193.00;140
10953;29;624413352;10953;299;12083;12225;6.86;0.42;299.08;12.93;1130;30;4194.00;142
10957;29;624413372;10957;299;12086;12225;6.88;0.42;299.11;12.93;1129;30;4195.00;139
10959;29;624413388;10959;304;12086;12225;6.88;0.42;299.10;12.93;1127;30;4196.00;139
10960;29;624413402;10960;311;12090;12229;6.92;0.42;299.08;12.92;1130;30;4197.00;139
10965;29;624413416;10965;312;12092;12230;6.87;0.42;299.21;12.92;1127;30;4198.00;138
10968;29;624413431;10968;314;12092;12230;6.87;0.42;299.20;12.92;1124;30;4199.00;138
10974;29;624413448;10974;321;12102;12264;6.85;0.42;299.17;12.91;1128;30;4200.00;162
10977;29;624413472;10977;324;12106;12264;6.79;0.41;299.28;12.91;1129;30;4201.00;158
10980;29;624413486;10980;325;12106;12264;6.75;0.41;299.28;12.91;1126;30;4202.00;158
10981;29;624413501;10981;327;12107;12265;6.78;0.41;299.27;12.91;1126;30;4203.00;158
10984;29;624413515;10984;330;12108;12265;6.77;0.41;299.24;12.91;1124;30;4204.00;157
10987;29;624413528;10987;336;12115;12271;6.78;0.41;299.30;12.91;1128;30;4205.00;156
10990;29;624413543;10990;334;12116;12271;6.72;0.41;299.32;12.91;1126;30;4206.00;155
10994;29;624413556;10994;340;12117;12272;6.71;0.41;299.36;12.91;1123;30;4207.00;155
10996;29;624413578;10996;344;12117;12272;6.74;0.41;299.37;12.91;1121;30;4208.00;155
10998;29;624413592;10998;341;12117;12272;6.75;0.41;299.35;12.91;1119;30;4209.00;155
11000;29;624413606;11000;349;12118;12272;6.69;0.41;299.40;12.92;1118;30;4210.00;154
11002;29;624413620;11002;354;12122;12272;6.66;0.40;299.47;12.93;1120;30;4211.00;150
11004;30;624413633;11004;348;12130;12284;6.70;0.41;299.47;12.93;1126;31;4212.00;154
11006;30;624413659;11006;357;12133;12284;6.70;0.41;299.46;12.95;1127;31;4213.00;151
11009;30;624413683;11009;367;12135;12284;6.69;0.41;299.53;12.94;1126;31;4214.00;149
11012;30;624413696;11012;364;12136;12284;6.66;0.41;299.59;12.95;1124;31;4215.00;148
11014;30;624413709;11014;370;12138;12284;6.58;0.40;299.61;12.95;1124;31;4216.00;146
11017;30;624413722;11017;373;12142;12284;6.51;0.40;299.62;13.00;1125;31;4217.00;142
11018;30;624413735;11018;369;12145;12288;6.47;0.39;299.64;12.99;1127;31;4218.00;143
11021;30;624413748;11021;379;12146;12288;6.44;0.39;299.69;13.01;1125;31;4219.00;142
11023;30;624413761;11023;382;12150;12292;6.41;0.39;299.68;13.01;1127;31;4220.00;142
11027;30;624413774;11027;383;12151;12293;6.34;0.39;299.73;13.01;1124;31;4221.00;142
11031;30;624413787;11031;386;12153;12293;6.28;0.38;299.82;13.01;1122;31;4222.00;140
11033;30;624413800;11033;385;12156;12293;6.21;0.38;299.87;13.04;1123;31;4223.00;137
11036;30;624413816;11036;386;12168;12306;6.12;0.37;299.88;13.03;1132;31;4224.00;138
11040;30;624413830;11040;391;12170;12306;6.07;0.37;299.93;13.05;1130;31;4225.00;136
11041;30;624413843;11041;401;12172;12306;6.00;0.37;299.93;13.07;1131;31;4226.00;134
11043;30;624413855;11043;401;12173;12307;5.99;0.37;299.98;13.07;1130;31;4227.00;134
11045;30;624413867;11045;402;12175;12308;5.91;0.36;300.10;13.09;1130;31;4228.00;133
11045;30;624413880;11045;408;12177;12308;5.93;0.36;300.10;13.10;1132;31;4229.00;131
11051;30;624413894;11051;412;12182;12314;5.97;0.37;300.13;13.11;1131;31;4230.00;132
11052;30;624413908;11052;407;12182;12314;5.99;0.37;300.11;13.11;1130;31;4231.00;132
11055;30;624413920;11055;407;12186;12314;5.97;0.37;300.22;13.12;1131;31;4232.00;128
11057;30;624413932;11057;407;12186;12314;5.97;0.37;300.24;13.12;1129;31;4233.00;128
11060;30;624413944;11060;405;12193;12320;5.98;0.37;300.28;13.13;1133;31;4234.00;127
11060;30;624413957;11060;413;12194;12320;6.01;0.37;300.28;13.13;1134;31;4235.00;126
11061;30;624413970;11061;410;12194;12320;6.02;0.37;300.29;13.13;1133;31;4236.00;126
11066;30;624413985;11066;404;12196;12320;5.95;0.36;300.32;13.15;1130;31;4237.00;124
11068;30;624413998;11068;409;12199;12324;5.98;0.37;300.36;13.15;1131;31;4238.00;125
11069;30;624414010;11069;400;12202;12325;5.97;0.37;300.41;13.16;1133;31;4239.00;123
11071;30;624414023;11071;402;12203;12325;5.97;0.37;300.40;13.16;1132;31;4240.00;122
11077;30;624414035;11077;398;12204;12326;5.95;0.36;300.52;13.16;1127;31;4241.00;122
11079;30;624414049;11079;404;12206;12326;5.89;0.36;300.52;13.17;1127;31;4242.00;120
11082;30;624414060;11082;403;12206;12326;5.84;0.36;300.54;13.17;1124;31;4243.00;120
11089;30;624414073;11089;396;12206;12326;5.76;0.35;300.58;13.17;1117;31;4244.00;120
11092;30;624414085;11092;394;12208;12326;5.72;0.35;300.59;13.19;1116;31;4245.00;118
11097;30;624414098;11097;390;12209;12326;5.62;0.34;300.59;13.19;1112;31;4246.00;117
11100;30;624414110;11100;389;12211;12326;5.55;0.34;300.60;13.20;1111;31;4247.00;115
11102;30;624414121;11102;397;12251;12396;5.53;0.34;300.57;13.16;1149;31;4248.00;145
11107;30;624414139;11107;392;12253;12397;5.41;0.33;300.59;13.17;1146;31;4249.00;144
11110;30;624414151;11110;383;12257;12397;5.41;0.33;300.63;13.17;1147;31;4250.00;140
11113;30;624414163;11113;384;12259;12397;5.36;0.33;300.73;13.16;1146;31;4251.00;138
11115;30;624414175;11115;381;12265;12397;5.39;0.33;300.76;13.17;1150;31;4252.00;132
11118;30;624414187;11118;383;12267;12397;5.42;0.33;300.78;13.18;1149;31;4253.00;130
11122;30;624414199;11122;387;12271;12397;5.46;0.33;300.86;13.18;1149;31;4254.00;126
11127;30;624414210;11127;381;12276;12397;5.52;0.34;300.97;13.19;1149;31;4255.00;121
11129;30;624414223;11129;385;12278;12398;5.59;0.34;301.01;13.18;1149;31;4256.00;120
11135;30;624414235;11135;382;12283;12399;5.63;0.34;301.07;13.19;1148;31;4257.00;116
11139;30;624414248;11139;384;12284;12399;5.67;0.35;301.12;13.19;1145;31;4258.00;115
11144;30;624414260;11144;382;12286;12403;5.65;0.35;301.15;13.19;1142;31;4259.00;117
11149;30;624414275;11149;381;12290;12403;5.63;0.34;301.12;13.20;1141;31;4260.00;113
11153;30;624414287;11153;378;12290;12403;5.64;0.34;301.12;13.20;1137;31;4261.00;113
11156;30;624414300;11156;380;12291;12403;5.61;0.34;301.24;13.20;1135;31;4262.00;112
11158;30;624414313;11158;375;12296;12409;5.61;0.34;301.28;13.20;1138;31;4263.00;113
11163;30;624414326;11163;374;12296;12409;5.56;0.34;301.25;13.20;1133;31;4264.00;113
11166;30;624414339;11166;375;12297;12409;5.58;0.34;301.26;13.20;1131;31;4265.00;112
11170;30;624414350;11170;380;12299;12412;5.57;0.34;301.33;13.19;1129;31;4266.00;113
11174;30;624414363;11174;383;12300;12412;5.58;0.34;301.36;13.19;1126;31;4267.00;112
11177;30;624414376;11177;381;12301;12412;5.60;0.34;301.37;13.19;1124;31;4268.00;111
11181;30;624414388;11181;380;12301;12413;5.63;0.34;301.41;13.19;1120;31;4269.00;112
11186;30;624414401;11186;382;12302;12414;5.65;0.34;301.37;13.19;1116;31;4270.00;112
11188;30;624414414;11188;383;12303;12414;5.65;0.34;301.38;13.19;1115;31;4271.00;111
11191;30;624414426;11191;383;12314;12427;5.74;0.35;301.40;13.18;1123;31;4272.00;113
11193;30;624414440;11193;389;12315;12427;5.72;0.35;301.38;13.18;1122;31;4273.00;112
11200;30;624414452;11200;393;12315;12427;5.62;0.34;301.38;13.18;1115;31;4274.00;112
11201;30;624414465;11201;397;12317;12429;5.63;0.34;301.37;13.18;1116;31;4275.00;112
11208;30;624414477;11208;396;12317;12429;5.54;0.34;301.42;13.18;1109;31;4276.00;112
11212;30;624414490;11212;397;12321;12433;5.54;0.34;301.49;13.17;1109;31;4277.00;112
11218;30;624414503;11218;399;12321;12433;5.45;0.33;301.48;13.17;1103;31;4278.00;112
11219;30;624414515;11219;397;12324;12437;5.53;0.34;301.49;13.17;1105;31;4279.00;113
11226;30;624414527;11226;405;12324;12437;5.45;0.33;301.58;13.17;1098;31;4280.00;113
11228;30;624414539;11228;409;12324;12437;5.39;0.33;301.63;13.17;1096;31;4281.00;113
11231;30;624414551;11231;408;12324;12437;5.38;0.33;301.68;13.17;1093;31;4282.00;113
11235;30;624414563;11235;420;12324;12437;5.33;0.33;301.74;13.17;1089;31;4283.00;113
11240;30;624414579;11240;422;12333;12449;5.39;0.33;301.74;13.16;1093;31;4284.00;116
11248;30;624414603;11248;423;12333;12449;5.28;0.32;301.82;13.16;1085;31;4285.00;116
11250;30;624414626;11250;423;12335;12449;5.22;0.32;301.88;13.16;1085;31;4286.00;114
11255;30;624414643;11255;423;12335;12449;5.12;0.31;302.05;13.16;1080;31;4287.00;114
11259;30;624414662;11259;432;12335;12449;5.09;0.31;302.06;13.16;1076;31;4288.00;114
11262;30;624414681;11262;438;12335;12449;5.02;0.31;302.08;13.16;1073;31;4289.00;114
11267;30;624414698;11267;441;12335;12450;4.94;0.30;302.06;13.16;1068;31;4290.00;115
11269;30;624414710;11269;448;12335;12450;4.85;0.30;302.02;13.16;1066;31;4291.00;115
11273;30;624414724;11273;459;12340;12456;4.76;0.29;301.94;13.16;1067;31;4292.00;116
11275;30;624414737;11275;464;12340;12457;4.68;0.29;301.92;13.16;1065;31;4293.00;117
11278;30;624414750;11278;470;12341;12457;4.65;0.28;301.98;13.15;1063;31;4294.00;116
11279;30;624414762;11279;469;12341;12457;4.64;0.28;302.03;13.15;1062;31;4295.00;116
11282;30;624414775;11282;479;12344;12461;4.61;0.28;302.04;13.15;1062;31;4296.00;117
11286;30;624414788;11286;465;12344;12461;4.61;0.28;302.07;13.15;1058;31;4297.00;117
11287;30;624414801;11287;461;12344;12461;4.65;0.28;302.07;13.15;1057;31;4298.00;117
11288;30;624414813;11288;466;12345;12462;4.67;0.29;302.08;13.15;1057;31;4299.00;117
11295;30;624414826;11295;464;12348;12466;4.66;0.29;302.10;13.15;1053;31;4300.00;118
11295;30;624414843;11295;465;12348;12466;4.69;0.29;302.10;13.15;1053;31;4301.00;118
11299;30;624414855;11299;466;12350;12469;4.75;0.29;302.12;13.15;1051;31;4302.00;119
11305;30;624414869;11305;471;12350;12469;4.73;0.29;302.08;13.15;1045;31;4303.00;119
11307;30;624414882;11307;477;12351;12469;4.74;0.29;302.05;13.14;1044;31;4304.00;118
11310;30;624414895;11310;476;12351;12469;4.72;0.29;302.00;13.14;1041;31;4305.00;118
11312;30;624414921;11312;465;12355;12473;4.78;0.29;302.00;13.14;1043;31;4306.00;118
11312;30;624414935;11312;453;12355;12473;4.88;0.30;302.00;13.14;1043;31;4307.00;118
11313;30;624414947;11313;445;12355;12473;4.93;0.30;302.00;13.14;1042;31;4308.00;118
11314;30;624414959;11314;431;12355;12473;4.99;0.31;301.98;13.14;1041;31;4309.00;118
11317;30;624414973;11317;425;12355;12474;5.08;0.31;301.99;13.14;1038;31;4310.00;119
11318;30;624414986;11318;422;12356;12475;5.18;0.32;301.97;13.14;1038;31;4311.00;119
11320;30;624414999;11320;418;12356;12475;5.24;0.32;301.96;13.14;1036;31;4312.00;119
11323;30;624415011;11323;414;12357;12476;5.28;0.32;301.93;13.14;1034;31;4313.00;119
11325;30;624415025;11325;410;12357;12476;5.36;0.33;301.98;13.14;1032;31;4314.00;119
11326;30;624415037;11326;404;12357;12476;5.48;0.34;302.00;13.14;1031;31;4315.00;119
11329;30;624415049;11329;407;12357;12476;5.54;0.34;302.04;13.14;1028;32;4316.00;119
11329;30;624415072;11329;408;12357;12476;5.65;0.34;302.04;13.14;1028;32;4317.00;119
11331;30;624415084;11331;408;12357;12476;5.75;0.35;302.08;13.14;1026;32;4318.00;119
11332;30;624415098;11332;398;12357;12476;5.77;0.35;302.07;13.14;1025;32;4319.00;119
11333;30;624415116;11333;439;12473;12706;6.10;0.38;302.08;13.02;1140;32;4320.00;233
11334;30;624415146;11334;425;12477;12707;6.17;0.39;302.07;13.01;1143;32;4321.00;230
11336;30;624415160;11336;407;12488;12707;6.29;0.39;302.08;13.00;1152;32;4322.00;219
11340;30;624415173;11340;388;12494;12707;6.31;0.39;302.14;13.00;1154;32;4323.00;213
11343;30;624415187;11343;368;12501;12707;6.26;0.39;302.10;12.99;1158;32;4324.00;206
11344;30;624415201;11344;359;12504;12707;6.33;0.39;302.10;12.99;1160;32;4325.00;203
11346;30;624415214;11346;356;12510;12707;6.41;0.40;302.16;13.10;1164;32;4326.00;197
11347;30;624415230;11347;345;12514;12707;6.47;0.40;302.16;13.10;1167;32;4327.00;193
11348;30;624415244;11348;345;12519;12708;6.49;0.40;302.16;13.10;1171;32;4328.00;189
11349;30;624415259;11349;341;12523;12709;6.54;0.40;302.17;13.10;1174;32;4329.00;186
11350;30;624415282;11350;341;12527;12709;6.57;0.41;302.20;13.10;1177;32;4330.00;182
11352;30;624415296;11352;339;12529;12710;6.58;0.41;302.21;13.10;1177;32;4331.00;181
11353;30;624415312;11353;342;12532;12710;6.60;0.41;302.25;13.10;1179;32;4332.00;178
11353;30;624415326;11353;344;12534;12710;6.61;0.41;302.25;13.10;1181;32;4333.00;176
11353;30;624415340;11353;341;12537;12710;6.62;0.41;302.25;13.10;1184;32;4334.00;173
11355;30;624415354;11355;345;12539;12714;6.55;0.40;302.25;13.10;1184;32;4335.00;175
11355;30;624415369;11355;352;12540;12714;6.56;0.40;302.25;13.10;1185;32;4336.00;174
11358;30;624415390;11358;352;12542;12714;6.56;0.40;302.33;13.09;1184;32;4337.00;172
11360;30;624415405;11360;355;12544;12717;6.58;0.40;302.33;13.09;1184;32;4338.00;173
11362;30;624415422;11362;359;12545;12717;6.54;0.40;302.35;13.09;1183;32;4339.00;172
11364;30;624415438;11364;358;12545;12717;6.57;0.40;302.35;13.09;1181;32;4340.00;172
11364;30;624415453;11364;354;12548;12721;6.67;0.41;302.35;13.09;1184;32;4341.00;173
11366;30;624415469;11366;356;12551;12722;6.75;0.41;302.41;13.21;1185;32;4342.00;171
11367;30;624415485;11367;343;12551;12722;6.80;0.41;302.42;13.21;1184;32;4343.00;171
11371;30;624415500;11371;346;12553;12726;6.84;0.42;302.39;13.20;1182;32;4344.00;173
11374;30;624415516;11374;337;12553;12726;6.87;0.42;302.40;13.20;1179;32;4345.00;173
11376;30;624415538;11376;339;12555;12726;6.85;0.42;302.40;13.20;1179;32;4346.00;171
11379;30;624415554;11379;344;12555;12727;6.78;0.41;302.47;13.20;1176;32;4347.00;172
11381;30;624415581;11381;342;12555;12727;6.79;0.41;302.56;13.20;1174;32;4348.00;172
11382;30;624415597;11382;347;12559;12733;6.75;0.41;302.54;13.20;1177;32;4349.00;174
11387;30;624415615;11387;342;12561;12733;6.71;0.41;302.52;13.21;1174;32;4350.00;172
11392;30;624415630;11392;343;12562;12734;6.65;0.40;302.57;13.21;1170;32;4351.00;172
11396;30;624415644;11396;336;12563;12734;6.58;0.40;302.54;13.21;1167;32;4352.00;171
11399;30;624415658;11399;335;12566;12734;6.53;0.40;302.65;13.21;1167;32;4353.00;168
11404;30;624415673;11404;330;12566;12734;6.51;0.40;302.68;13.21;1162;32;4354.00;168
11404;30;624415687;11404;325;12568;12734;6.53;0.40;302.68;13.21;1164;32;4355.00;166
11406;30;624415700;11406;329;12581;12746;6.57;0.40;302.68;13.22;1175;32;4356.00;165
11408;30;624415715;11408;325;12581;12746;6.53;0.40;302.72;13.22;1173;32;4357.00;165
11409;30;624415729;11409;330;12582;12746;6.50;0.40;302.73;13.22;1173;32;4358.00;164
11412;30;624415743;11412;323;12582;12746;6.52;0.40;302.73;13.22;1170;32;4359.00;164
11414;30;624415758;11414;321;12582;12746;6.53;0.40;302.70;13.22;1168;32;4360.00;164
11418;30;624415781;11418;324;12582;12746;6.52;0.40;302.73;13.22;1164;32;4361.00;164
11420;30;624415795;11420;315;12585;12750;6.54;0.40;302.70;13.22;1165;32;4362.00;165
11422;30;624415810;11422;312;12585;12750;6.53;0.40;302.71;13.22;1163;32;4363.00;165
11426;30;624415824;11426;311;12588;12754;6.57;0.40;302.76;13.22;1162;32;4364.00;166
11428;30;624415839;11428;310;12590;12756;6.59;0.40;302.81;13.21;1162;32;4365.00;166
11428;30;624415853;11428;307;12590;12756;6.63;0.40;302.81;13.21;1162;32;4366.00;166
11433;30;624415867;11433;305;12591;12756;6.65;0.40;302.89;13.22;1158;32;4367.00;165
11434;30;624415880;11434;307;12601;12769;6.73;0.41;302.88;13.21;1167;32;4368.00;168
11436;30;624415895;11436;306;12601;12769;6.74;0.41;302.88;13.21;1165;32;4369.00;168
11437;30;624415909;11437;298;12602;12769;6.76;0.41;302.93;13.21;1165;32;4370.00;167
11438;30;624415922;11438;304;12605;12770;6.77;0.41;302.93;13.22;1167;32;4371.00;165
11442;30;624415935;11442;307;12606;12771;6.74;0.41;302.93;13.22;1164;32;4372.00;165
11444;30;624415949;11444;311;12608;12771;6.75;0.41;302.92;13.22;1164;32;4373.00;163
11448;30;624415962;11448;320;12611;12774;6.76;0.41;302.92;13.22;1163;32;4374.00;163
11452;30;624415977;11452;322;12611;12774;6.73;0.41;302.94;13.22;1159;32;4375.00;163
11453;30;624415999;11453;325;12612;12774;6.77;0.41;302.95;13.22;1159;32;4376.00;162
11457;30;624416013;11457;332;12613;12774;6.73;0.41;303.03;13.22;1156;32;4377.00;161
11461;30;624416027;11461;339;12618;12780;6.71;0.41;303.09;13.22;1157;32;4378.00;162
11464;30;624416043;11464;339;12618;12780;6.64;0.40;303.20;13.22;1154;32;4379.00;162
11466;30;624416059;11466;343;12619;12780;6.58;0.40;303.21;13.22;1153;32;4380.00;161
11470;30;624416072;11470;351;12620;12780;6.49;0.39;303.33;13.23;1150;32;4381.00;160
11474;30;624416085;11474;357;12625;12784;6.40;0.39;303.31;13.25;1151;32;4382.00;159
11477;30;624416098;11477;363;12628;12785;6.32;0.38;303.37;13.27;1151;32;4383.00;157
11479;30;624416112;11479;365;12630;12785;6.26;0.38;303.40;13.29;1151;32;4384.00;155
11482;30;624416125;11482;370;12633;12786;6.23;0.38;303.46;13.30;1151;32;4385.00;153
11484;30;624416138;11484;373;12634;12786;6.18;0.38;303.52;13.31;1150;32;4386.00;152
11486;30;624416151;11486;379;12636;12786;6.17;0.38;303.48;13.33;1150;32;4387.00;150
11490;30;624416164;11490;384;12638;12786;6.12;0.37;303.51;13.34;1148;32;4388.00;148
11492;30;624416177;11492;390;12640;12786;6.12;0.37;303.52;13.35;1148;32;4389.00;146
11495;30;624416190;11495;394;12641;12786;6.12;0.37;303.55;13.36;1146;32;4390.00;145
11498;30;624416203;11498;391;12642;12786;6.12;0.38;303.60;13.36;1144;32;4391.00;144
11501;30;624416215;11501;398;12678;12856;6.24;0.38;303.62;13.34;1177;32;4392.00;178
11503;30;624416233;11503;398;12683;12857;6.21;0.38;303.63;13.35;1180;32;4393.00;174
11504;30;624416246;11504;398;12689;12857;6.20;0.38;303.65;13.34;1185;32;4394.00;168
11507;30;624416259;11507;399;12694;12857;6.18;0.38;303.62;13.35;1187;32;4395.00;163
11510;30;624416273;11510;402;12699;12857;6.16;0.38;303.67;13.36;1189;32;4396.00;158
11512;30;624416286;11512;402;12700;12857;6.16;0.38;303.76;13.36;1188;32;4397.00;157
11515;30;624416300;11515;405;12704;12857;6.10;0.37;303.75;13.38;1189;32;4398.00;153
11519;31;624416312;11519;403;12708;12857;6.08;0.37;303.77;13.37;1189;33;4399.00;149
11524;31;624416336;11524;401;12711;12858;6.09;0.37;303.78;13.37;1187;33;4400.00;147
11526;31;624416353;11526;400;12716;12859;6.11;0.37;303.80;13.39;1190;33;4401.00;143
11527;31;624416366;11527;402;12717;12859;6.11;0.37;303.84;13.39;1190;33;4402.00;142
11530;31;624416379;11530;398;12719;12863;6.10;0.37;303.85;13.38;1189;33;4403.00;144
11532;31;624416394;11532;398;12721;12863;6.09;0.37;303.81;13.40;1189;33;4404.00;142
11534;31;624416407;11534;395;12721;12863;6.12;0.37;303.85;13.40;1187;33;4405.00;142
11538;31;624416421;11538;398;12722;12863;6.17;0.38;303.99;13.41;1184;33;4406.00;141
11541;31;624416434;11541;398;12728;12869;6.26;0.38;304.00;13.41;1187;33;4407.00;141
11545;31;624416449;11545;407;12728;12869;6.30;0.38;304.03;13.41;1183;33;4408.00;141
11550;31;624416462;11550;408;12730;12869;6.32;0.39;304.07;13.42;1180;33;4409.00;139
11553;31;624416477;11553;414;12735;12875;6.29;0.38;304.17;13.42;1182;33;4410.00;140
11556;31;624416491;11556;410;12736;12875;6.18;0.38;304.18;13.43;1180;33;4411.00;139
11560;31;624416510;11560;412;12739;12875;6.06;0.37;304.26;13.43;1179;33;4412.00;136
11563;31;624416522;11563;410;12739;12876;5.92;0.36;304.31;13.43;1176;33;4413.00;137
11566;31;624416535;11566;412;12741;12877;5.81;0.35;304.38;13.43;1175;33;4414.00;136
11571;31;624416548;11571;417;12742;12877;5.66;0.34;304.40;13.44;1171;33;4415.00;135
11572;31;624416560;11572;415;12753;12890;5.58;0.34;304.44;13.43;1181;33;4416.00;137
11577;31;624416577;11577;407;12753;12890;5.51;0.34;304.49;13.43;1176;33;4417.00;137
11579;31;624416597;11579;410;12754;12890;5.44;0.33;304.51;13.44;1175;33;4418.00;136
11582;31;624416615;11582;414;12755;12891;5.38;0.33;304.49;13.44;1173;33;4419.00;136
11585;31;624416638;11585;406;12756;12891;5.38;0.33;304.56;13.45;1171;33;4420.00;135
11587;31;624416658;11587;404;12761;12895;5.46;0.33;304.57;13.46;1174;33;4421.00;134
11589;31;624416679;11589;401;12763;12895;5.48;0.34;304.59;13.46;1174;33;4422.00;132
11594;31;624416696;11594;399;12768;12899;5.49;0.34;304.65;13.47;1174;33;4423.00;131
11596;31;624416711;11596;398;12768;12899;5.59;0.34;304.66;13.47;1172;33;4424.00;131
11600;31;624416726;11600;399;12770;12899;5.66;0.35;304.65;13.47;1170;33;4425.00;129
11604;31;624416741;11604;397;12771;12899;5.67;0.35;304.67;13.48;1167;33;4426.00;128
11607;31;624416755;11607;391;12771;12899;5.71;0.35;304.77;13.48;1164;33;4427.00;128
11609;31;624416769;11609;387;12782;12911;5.83;0.36;304.82;13.48;1173;33;4428.00;129
11614;31;624416786;11614;391;12784;12911;5.78;0.35;304.95;13.48;1170;33;4429.00;127
11617;31;624416800;11617;394;12784;12911;5.80;0.35;305.06;13.48;1167;33;4430.00;127
11618;31;624416814;11618;396;12784;12911;5.78;0.35;305.07;13.48;1166;33;4431.00;127
11622;31;624416827;11622;395;12785;12911;5.72;0.35;305.14;13.48;1163;33;4432.00;126
11625;31;624416841;11625;398;12785;12911;5.73;0.35;305.18;13.48;1160;33;4433.00;126
11630;31;624416854;11630;402;12785;12912;5.71;0.35;305.16;13.48;1155;33;4434.00;127
11633;31;624416868;11633;397;12785;12912;5.72;0.35;305.20;13.48;1152;33;4435.00;127
11638;31;624416881;11638;400;12790;12918;5.78;0.35;305.25;13.47;1152;33;4436.00;128
11644;31;624416895;11644;404;12791;12919;5.79;0.35;305.35;13.47;1147;33;4437.00;128
11647;31;624416910;11647;399;12791;12919;5.84;0.36;305.36;13.47;1144;33;4438.00;128
11651;31;624416923;11651;406;12791;12919;5.88;0.36;305.39;13.47;1140;33;4439.00;128
11656;31;624416938;11656;407;12795;12924;5.91;0.36;305.38;13.47;1139;33;4440.00;129
11660;31;624416953;11660;406;12795;12924;5.90;0.36;305.45;13.47;1135;33;4441.00;129
11663;31;624416967;11663;407;12795;12924;5.89;0.36;305.45;13.47;1132;33;4442.00;129
11667;31;624416983;11667;411;12796;12925;5.82;0.36;305.46;13.47;1129;33;4443.00;129
11673;31;624416998;11673;409;12799;12929;5.73;0.35;305.45;13.46;1126;33;4444.00;130
11681;31;624417012;11681;413;12799;12929;5.65;0.34;305.47;13.46;1118;33;4445.00;130
11684;31;624417025;11684;422;12801;12932;5.62;0.34;305.51;13.46;1117;33;4446.00;131
11689;31;624417045;11689;426;12801;12932;5.57;0.34;305.48;13.46;1112;33;4447.00;131
11692;31;624417058;11692;426;12802;12932;5.57;0.34;305.51;13.46;1110;33;4448.00;130
11694;31;624417072;11694;427;12802;12932;5.47;0.33;305.56;13.46;1108;33;4449.00;130
11700;31;624417084;11700;427;12806;12936;5.39;0.33;305.52;13.46;1106;33;4450.00;130
11704;31;624417098;11704;425;12806;12936;5.36;0.33;305.54;13.46;1102;33;4451.00;130
11708;31;624417112;11708;437;12806;12936;5.29;0.32;305.50;13.46;1098;33;4452.00;130
11711;31;624417125;11711;444;12806;12936;5.27;0.32;305.50;13.46;1095;33;4453.00;130
11716;31;624417138;11716;447;12806;12937;5.16;0.32;305.48;13.46;1090;33;4454.00;131
11721;31;624417151;11721;451;12808;12939;5.08;0.31;305.42;13.45;1087;33;4455.00;131
11724;31;624417164;11724;460;12808;12939;5.00;0.31;305.41;13.45;1084;33;4456.00;131
11726;31;624417176;11726;462;12809;12940;4.90;0.30;305.38;13.45;1083;33;4457.00;131
11727;31;624417188;11727;465;12809;12940;4.82;0.30;305.37;13.45;1082;33;4458.00;131
11732;31;624417200;11732;465;12809;12940;4.75;0.29;305.37;13.45;1077;33;4459.00;131
11736;31;624417212;11736;479;12809;12940;4.67;0.29;305.33;13.45;1073;33;4460.00;131
11740;31;624417223;11740;480;12809;12940;4.62;0.28;305.30;13.45;1069;33;4461.00;131
11743;31;624417235;11743;492;12809;12940;4.58;0.28;305.29;13.45;1066;33;4462.00;131
11748;31;624417246;11748;500;12809;12940;4.51;0.28;305.27;13.45;1061;33;4463.00;131
11750;31;624417258;11750;520;12875;13067;4.97;0.31;305.25;13.38;1125;33;4464.00;192
11752;31;624417280;11752;523;12878;13068;4.97;0.31;305.24;13.38;1126;33;4465.00;190
11756;31;624417299;11756;525;12887;13068;5.01;0.31;305.22;13.37;1131;33;4466.00;181
11758;31;624417311;11758;516;12888;13068;4.98;0.31;305.21;13.37;1130;33;4467.00;180
11761;31;624417323;11761;511;12894;13068;4.98;0.31;305.22;13.37;1133;33;4468.00;174
11764;31;624417336;11764;506;12897;13068;4.95;0.31;305.25;13.37;1133;33;4469.00;171
11767;31;624417350;11767;497;12900;13068;4.91;0.30;305.24;13.36;1133;33;4470.00;168
11769;31;624417369;11769;497;12904;13068;4.87;0.30;305.24;13.36;1135;33;4471.00;164
11770;31;624417383;11770;503;12907;13069;4.85;0.30;305.24;13.36;1137;33;4472.00;162
11773;31;624417395;11773;500;12911;13070;4.80;0.30;305.23;13.36;1138;33;4473.00;159
11774;31;624417409;11774;506;12913;13070;4.81;0.30;305.22;13.36;1139;33;4474.00;157
11778;31;624417422;11778;498;12916;13071;4.78;0.30;305.19;13.36;1138;33;4475.00;155
11779;31;624417435;11779;477;12916;13071;4.85;0.30;305.21;13.36;1137;33;4476.00;155
11782;31;624417449;11782;465;12921;13071;4.96;0.31;305.26;13.36;1139;33;4477.00;150
11784;31;624417462;11784;456;12921;13071;5.09;0.31;305.24;13.36;1137;33;4478.00;150
11785;31;624417478;11785;445;12927;13075;5.24;0.32;305.24;13.36;1142;33;4479.00;148
11786;31;624417494;11786;440;12928;13075;5.35;0.33;305.23;13.36;1142;33;4480.00;147
11787;31;624417509;11787;431;12929;13075;5.51;0.34;305.22;13.35;1142;33;4481.00;146
11788;31;624417531;11788;424;12932;13078;5.66;0.35;305.22;13.35;1144;33;4482.00;146
11789;31;624417547;11789;416;12933;13078;5.80;0.36;305.21;13.35;1144;33;4483.00;145
11792;31;624417562;11792;408;12934;13078;5.93;0.36;305.21;13.35;1142;33;4484.00;144
11795;31;624417590;11795;404;12938;13082;6.03;0.37;305.20;13.35;1143;33;4485.00;144
11797;31;624417606;11797;395;12940;13083;6.18;0.38;305.17;13.35;1143;33;4486.00;143
11797;31;624417622;11797;390;12940;13083;6.31;0.38;305.17;13.35;1143;33;4487.00;143
11799;31;624417636;11799;383;12942;13087;6.43;0.39;305.21;13.35;1143;33;4488.00;145
11802;31;624417651;11802;383;12942;13087;6.50;0.40;305.20;13.35;1140;33;4489.00;145
11804;31;624417665;11804;375;12943;13087;6.55;0.40;305.19;13.35;1139;33;4490.00;144
11805;31;624417679;11805;370;12944;13088;6.63;0.40;305.20;13.35;1139;33;4491.00;144
11806;31;624417694;11806;364;12944;13088;6.65;0.40;305.23;13.35;1138;33;4492.00;144
11807;31;624417708;11807;358;12949;13094;6.71;0.41;305.22;13.34;1142;33;4493.00;145
11808;31;624417723;11808;350;12949;13094;6.72;0.41;305.22;13.34;1141;33;4494.00;145
11809;31;624417737;11809;355;12949;13095;6.75;0.41;305.21;13.34;1140;33;4495.00;146
11811;31;624417751;11811;344;12949;13095;6.80;0.41;305.24;13.34;1138;33;4496.00;146
11816;31;624417766;11816;334;12949;13095;6.78;0.41;305.28;13.34;1133;33;4497.00;146
11817;31;624417780;11817;329;12950;13095;6.82;0.41;305.31;13.46;1133;33;4498.00;145
11821;31;624417795;11821;325;12950;13095;6.85;0.41;305.36;13.46;1129;33;4499.00;145
11822;31;624417812;11822;318;12976;13145;6.87;0.42;305.35;13.44;1154;33;4500.00;169
11822;31;624417834;11822;317;12977;13147;6.86;0.42;305.35;13.44;1155;33;4501.00;170
11826;31;624417849;11826;318;12980;13147;6.90;0.42;305.33;13.43;1154;33;4502.00;167
11827;31;624417863;11827;313;12980;13147;6.95;0.42;305.36;13.43;1153;33;4503.00;167
11827;31;624417878;11827;312;12982;13147;6.98;0.43;305.36;13.43;1155;33;4504.00;165
11828;31;624417892;11828;312;12983;13147;7.01;0.43;305.35;13.43;1155;33;4505.00;164
11828;31;624417906;11828;315;12987;13151;7.02;0.43;305.35;13.43;1159;33;4506.00;164
11832;31;624417920;11832;310;12988;13151;6.97;0.42;305.32;13.43;1156;33;4507.00;163
11834;31;624417934;11834;309;12991;13155;7.01;0.43;305.33;13.42;1157;33;4508.00;164
11836;31;624417949;11836;306;12992;13156;7.02;0.43;305.38;13.42;1156;33;4509.00;164
11838;31;624417963;11838;307;12993;13156;7.02;0.43;305.41;13.42;1155;33;4510.00;163
11839;31;624417978;11839;312;12993;13156;7.00;0.43;305.42;13.42;1154;33;4511.00;163
11842;31;624417993;11842;315;13004;13169;6.99;0.42;305.48;13.41;1162;33;4512.00;165
11846;31;624418009;11846;312;13004;13169;7.00;0.42;305.54;13.41;1158;33;4513.00;165
11848;31;624418023;11848;307;13005;13169;7.01;0.43;305.54;13.54;1157;33;4514.00;164
11850;31;624418037;11850;314;13007;13170;7.10;0.43;305.58;13.54;1157;33;4515.00;163
11852;31;624418052;11852;309;13007;13171;7.12;0.43;305.62;13.54;1155;33;4516.00;164
11856;31;624418067;11856;313;13007;13171;7.13;0.43;305.64;13.54;1151;33;4517.00;164
11858;31;624418081;11858;319;13010;13174;7.16;0.43;305.64;13.54;1152;33;4518.00;164
11861;31;624418096;11861;303;13010;13174;7.19;0.44;305.62;13.54;1149;33;4519.00;164
11865;31;624418111;11865;308;13011;13174;7.18;0.44;305.67;13.53;1146;33;4520.00;163
11867;31;624418124;11867;302;13012;13174;7.17;0.44;305.64;13.53;1145;33;4521.00;162
11871;31;624418138;11871;292;13016;13180;7.19;0.44;305.65;13.53;1145;33;4522.00;164
11875;31;624418153;11875;286;13016;13180;7.19;0.44;305.73;13.53;1141;33;4523.00;164
11881;31;624418167;11881;289;13018;13180;7.18;0.44;305.79;13.55;1137;33;4524.00;162
11883;31;624418182;11883;279;13018;13180;7.25;0.44;305.82;13.55;1135;33;4525.00;162
11885;31;624418197;11885;273;13022;13184;7.23;0.44;305.80;13.56;1137;33;4526.00;162
11890;31;624418211;11890;280;13024;13185;7.25;0.44;305.82;13.56;1134;33;4527.00;161
11893;31;624418225;11893;272;13024;13185;7.30;0.44;305.90;13.56;1131;33;4528.00;161
11896;31;624418239;11896;272;13026;13186;7.37;0.45;305.87;13.68;1130;33;4529.00;160
11898;31;624418256;11898;271;13027;13186;7.39;0.45;305.85;13.68;1129;33;4530.00;159
11903;31;624418270;11903;270;13027;13186;7.40;0.45;305.87;13.68;1124;33;4531.00;159
11907;31;624418284;11907;268;13027;13186;7.42;0.45;305.91;13.68;1120;33;4532.00;159
11910;31;624418298;11910;272;13028;13186;7.43;0.45;305.87;13.68;1118;33;4533.00;158
11914;31;624418314;11914;270;13028;13186;7.39;0.45;305.87;13.68;1114;33;4534.00;158
11916;31;624418328;11916;279;13028;13186;7.45;0.45;305.94;13.68;1112;33;4535.00;158
11918;31;624418341;11918;285;13066;13256;7.48;0.45;305.95;13.65;1148;33;4536.00;190
11922;31;624418361;11922;286;13069;13257;7.42;0.45;306.00;13.65;1147;33;4537.00;188
11926;31;624418375;11926;288;13074;13257;7.39;0.45;306.06;13.64;1148;33;4538.00;183
11927;31;624418390;11927;284;13079;13257;7.38;0.45;306.07;13.64;1152;33;4539.00;178
11928;31;624418403;11928;288;13084;13257;7.29;0.44;306.08;13.63;1156;33;4540.00;173
11931;31;624418418;11931;285;13085;13257;7.28;0.44;306.10;13.63;1154;33;4541.00;172
11933;31;624418431;11933;288;13090;13257;7.26;0.44;306.11;13.64;1157;33;4542.00;167
11934;31;624418446;11934;290;13092;13257;7.30;0.44;306.12;13.63;1158;33;4543.00;165
11936;31;624418459;11936;284;13096;13258;7.32;0.45;306.10;13.63;1160;33;4544.00;162
11937;31;624418479;11937;287;13100;13260;7.34;0.45;306.09;13.63;1163;33;4545.00;160
11939;31;624418500;11939;288;13102;13260;7.34;0.45;306.11;13.64;1163;33;4546.00;158
11944;31;624418513;11944;295;13106;13264;7.26;0.44;306.13;13.63;1162;33;4547.00;158
11946;31;624418527;11946;303;13106;13264;7.20;0.44;306.12;13.63;1160;33;4548.00;158
11949;31;624418542;11949;311;13106;13264;7.10;0.43;306.17;13.63;1157;33;4549.00;158
11953;31;624418555;11953;317;13107;13264;6.99;0.43;306.21;13.64;1154;33;4550.00;157
11956;31;624418570;11956;324;13113;13270;6.95;0.42;306.23;13.65;1157;33;4551.00;157
11958;31;624418590;11958;330;13113;13270;6.88;0.42;306.21;13.65;1155;33;4552.00;157
11961;31;624418612;11961;329;13115;13270;6.82;0.41;306.21;13.67;1154;33;4553.00;155
11962;31;624418645;11962;329;13117;13273;6.85;0.42;306.26;13.67;1155;33;4554.00;156
11965;31;624418666;11965;333;13118;13273;6.85;0.42;306.26;13.67;1153;33;4555.00;155
11967;31;624418686;11967;338;13120;13273;6.78;0.41;306.32;13.68;1153;33;4556.00;153
11969;31;624418704;11969;342;13120;13274;6.75;0.41;306.31;13.68;1151;33;4557.00;154
11972;31;624418719;11972;347;13123;13275;6.70;0.41;306.34;13.70;1151;33;4558.00;152
11973;31;624418734;11973;353;13123;13275;6.62;0.40;306.32;13.70;1150;33;4559.00;152
11977;31;624418750;11977;358;13142;13301;6.60;0.40;306.43;13.69;1165;33;4560.00;159
11978;31;624418768;11978;356;13144;13301;6.66;0.41;306.42;13.70;1166;33;4561.00;157
11979;31;624418782;11979;358;13146;13301;6.67;0.41;306.46;13.70;1167;33;4562.00;155
11981;31;624418797;11981;359;13148;13302;6.64;0.41;306.50;13.71;1167;33;4563.00;154
11984;31;624418811;11984;362;13148;13302;6.59;0.40;306.60;13.71;1164;33;4564.00;154
11988;31;624418825;11988;368;13155;13306;6.57;0.40;306.61;13.74;1167;33;4565.00;151
11992;31;624418841;11992;374;13157;13306;6.40;0.39;306.64;13.77;1165;33;4566.00;149
11996;31;624418862;11996;379;13160;13310;6.26;0.38;306.67;13.77;1164;33;4567.00;150
11998;31;624418876;11998;394;13160;13310;6.13;0.37;306.75;13.77;1162;33;4568.00;150
11999;31;624418891;11999;388;13162;13310;6.00;0.37;306.82;13.79;1163;33;4569.00;148
12000;31;624418904;12000;387;13163;13310;5.91;0.36;306.86;13.80;1163;33;4570.00;147
12003;31;624418917;12003;393;13164;13310;5.84;0.36;306.90;13.81;1161;33;4571.00;146
12008;31;624418930;12008;400;13174;13322;5.83;0.36;306.87;13.80;1166;33;4572.00;148
12010;31;624418943;12010;403;13176;13322;5.77;0.35;306.93;13.82;1166;33;4573.00;146
12010;31;624418956;12010;406;13178;13322;5.75;0.35;306.93;13.82;1168;33;4574.00;144
12015;31;624418969;12015;404;13180;13322;5.70;0.35;306.94;13.84;1165;33;4575.00;142
12017;31;624418982;12017;400;13180;13322;5.67;0.35;306.98;13.84;1163;33;4576.00;142
12017;31;624418995;12017;403;13180;13322;5.65;0.34;306.98;13.84;1163;33;4577.00;142
12020;31;624419007;12020;403;13182;13323;5.64;0.34;307.05;13.85;1162;33;4578.00;141
12022;31;624419021;12022;406;13183;13323;5.64;0.34;307.03;13.86;1161;33;4579.00;140
12023;32;624419033;12023;415;13189;13329;5.67;0.35;307.10;13.87;1166;34;4580.00;140
12025;32;624419053;12025;415;13190;13330;5.60;0.34;307.14;13.86;1165;34;4581.00;140
12028;32;624419065;12028;414;13192;13330;5.50;0.34;307.29;13.88;1164;34;4582.00;138
12029;32;624419076;12029;418;13192;13330;5.44;0.33;307.29;13.88;1163;34;4583.00;138
12032;32;624419088;12032;422;13197;13334;5.40;0.33;307.34;13.89;1165;34;4584.00;137
12041;32;624419101;12041;425;13197;13334;5.20;0.32;307.41;13.89;1156;34;4585.00;137
12045;32;624419114;12045;431;13199;13334;5.06;0.31;307.42;13.91;1154;34;4586.00;135
12049;32;624419131;12049;430;13200;13335;4.94;0.30;307.49;13.91;1151;34;4587.00;135
12053;32;624419147;12053;441;13203;13339;4.76;0.29;307.51;13.90;1150;34;4588.00;136
12059;32;624419159;12059;444;13205;13339;4.60;0.28;307.49;13.92;1146;34;4589.00;134
12063;32;624419171;12063;442;13209;13345;4.53;0.28;307.50;13.91;1146;34;4590.00;136
12066;32;624419183;12066;443;13210;13345;4.43;0.27;307.48;13.91;1144;34;4591.00;135
12068;32;624419194;12068;440;13213;13345;4.38;0.27;307.49;13.92;1145;34;4592.00;132
12073;32;624419205;12073;429;13213;13345;4.35;0.27;307.52;13.92;1140;34;4593.00;132
12076;32;624419217;12076;424;13218;13349;4.42;0.27;307.54;13.92;1142;34;4594.00;131
12081;32;624419229;12081;424;13219;13349;4.42;0.27;307.58;13.93;1138;34;4595.00;130
12084;32;624419240;12084;416;13219;13349;4.46;0.27;307.56;13.93;1135;34;4596.00;130
12089;32;624419252;12089;414;13219;13349;4.47;0.27;307.60;13.93;1130;34;4597.00;130
12091;32;624419265;12091;409;13219;13350;4.46;0.27;307.57;13.93;1128;34;4598.00;131
12094;32;624419276;12094;415;13220;13351;4.50;0.28;307.54;13.93;1126;34;4599.00;131
12096;32;624419289;12096;419;13220;13351;4.55;0.28;307.55;13.93;1124;34;4600.00;131
12100;32;624419304;12100;418;13221;13352;4.62;0.28;307.59;13.93;1121;34;4601.00;131
12102;32;624419316;12102;416;13221;13352;4.66;0.29;307.59;13.93;1119;34;4602.00;131
12105;32;624419327;12105;414;13221;13352;4.66;0.29;307.58;13.93;1116;34;4603.00;131
12111;32;624419339;12111;417;13221;13352;4.66;0.29;307.59;13.93;1110;34;4604.00;131
12112;32;624419351;12112;415;13221;13352;4.71;0.29;307.60;13.93;1109;34;4605.00;131
12116;32;624419363;12116;413;13221;13352;4.77;0.29;307.62;13.93;1105;34;4606.00;131
12123;32;624419375;12123;420;13221;13352;4.80;0.29;307.56;13.93;1098;34;4607.00;131
12125;32;624419387;12125;421;13283;13479;5.37;0.33;307.55;13.86;1158;34;4608.00;196
12131;32;624419409;12131;423;13287;13480;5.38;0.33;307.54;13.86;1156;34;4609.00;193
12135;32;624419421;12135;424;13295;13480;5.40;0.33;307.49;13.85;1160;34;4610.00;185
12136;32;624419433;12136;433;13299;13480;5.40;0.33;307.50;13.85;1163;34;4611.00;181
12141;32;624419446;12141;434;13306;13480;5.37;0.33;307.56;13.84;1165;34;4612.00;174
12143;33;624419459;12143;434;13308;13480;5.33;0.33;307.54;13.84;1165;35;4613.00;172
12148;33;624419484;12148;447;13313;13480;5.21;0.32;307.48;13.84;1165;35;4614.00;167
12151;33;624419496;12151;442;13318;13480;5.13;0.32;307.47;13.83;1167;35;4615.00;162
12155;33;624419508;12155;449;13319;13481;5.09;0.31;307.48;13.83;1164;35;4616.00;162
12159;33;624419521;12159;448;13321;13482;5.01;0.31;307.46;13.83;1162;35;4617.00;161
12162;33;624419534;12162;463;13323;13482;4.91;0.30;307.44;13.83;1161;35;4618.00;159
12163;33;624419546;12163;471;13325;13483;4.83;0.30;307.45;13.83;1162;35;4619.00;158
12168;33;624419561;12168;474;13326;13483;4.72;0.29;307.44;13.83;1158;35;4620.00;157
12170;33;624419574;12170;476;13329;13483;4.66;0.29;307.45;13.83;1159;35;4621.00;154
12174;33;624419588;12174;484;13331;13483;4.60;0.28;307.50;13.83;1157;35;4622.00;152
12176;33;624419606;12176;485;13336;13487;4.56;0.28;307.51;13.83;1160;35;4623.00;151
12178;33;624419619;12178;490;13336;13487;4.48;0.28;307.51;13.83;1158;35;4624.00;151
12181;33;624419631;12181;494;13337;13487;4.42;0.27;307.49;13.83;1156;35;4625.00;150
12182;33;624419643;12182;500;13339;13490;4.44;0.27;307.50;13.83;1157;35;4626.00;151
12185;33;624419655;12185;494;13340;13490;4.42;0.27;307.51;13.83;1155;35;4627.00;150
12191;33;624419667;12191;485;13341;13490;4.37;0.27;307.47;13.96;1150;35;4628.00;149
12196;33;624419681;12196;480;13345;13494;4.41;0.27;307.44;13.95;1149;35;4629.00;149
12197;33;624419694;12197;474;13347;13495;4.47;0.27;307.43;13.95;1150;35;4630.00;148
12200;33;624419706;12200;473;13348;13495;4.49;0.28;307.40;13.95;1148;35;4631.00;147
12203;33;624419718;12203;472;13351;13499;4.57;0.28;307.40;13.95;1148;35;4632.00;148
12205;33;624419731;12205;466;13352;13499;4.63;0.28;307.39;13.95;1147;35;4633.00;147
12208;33;624419754;12208;462;13353;13499;4.69;0.29;307.43;13.95;1145;35;4634.00;146
12209;34;624419766;12209;462;13355;13501;4.80;0.29;307.43;13.95;1146;36;4635.00;146
12210;34;624419795;12210;464;13356;13501;4.89;0.30;307.43;13.95;1146;36;4636.00;145
12212;34;624419807;12212;447;13361;13507;4.96;0.30;307.42;13.95;1149;36;4637.00;146
12216;34;624419827;12216;437;13362;13507;5.03;0.31;307.37;13.95;1146;36;4638.00;145
12219;34;624419840;12219;427;13362;13508;5.10;0.31;307.36;13.95;1143;36;4639.00;146
12220;34;624419854;12220;424;13363;13508;5.17;0.31;307.36;13.95;1143;36;4640.00;145
12222;34;624419869;12222;418;13363;13508;5.26;0.32;307.37;13.95;1141;36;4641.00;145
12224;34;624419883;12224;416;13363;13508;5.34;0.32;307.36;13.95;1139;36;4642.00;145
12224;34;624419897;12224;418;13363;13508;5.39;0.33;307.36;13.95;1139;36;4643.00;145
12225;34;624419910;12225;418;13373;13520;5.50;0.33;307.34;13.94;1148;36;4644.00;147
12226;34;624419932;12226;420;13373;13520;5.51;0.33;307.36;13.94;1147;36;4645.00;147
12227;34;624419946;12227;415;13374;13520;5.54;0.34;307.36;13.94;1147;36;4646.00;146
12229;34;624419960;12229;405;13374;13520;5.61;0.34;307.41;13.94;1145;36;4647.00;146
12232;34;624419974;12232;391;13374;13520;5.68;0.34;307.42;13.94;1142;36;4648.00;146
12233;34;624419988;12233;388;13374;13520;5.75;0.35;307.44;13.94;1141;36;4649.00;146
12234;34;624420007;12234;374;13379;13526;5.87;0.36;307.45;13.93;1145;36;4650.00;147
12237;34;624420027;12237;360;13379;13526;5.96;0.36;307.46;13.93;1142;36;4651.00;147
12237;34;624420044;12237;352;13383;13530;6.08;0.37;307.46;13.93;1146;36;4652.00;147
12239;34;624420058;12239;348;13384;13531;6.21;0.38;307.48;13.93;1145;36;4653.00;147
12242;34;624420073;12242;339;13385;13531;6.28;0.38;307.56;14.06;1143;36;4654.00;146
12243;34;624420087;12243;330;13385;13531;6.38;0.39;307.61;14.06;1142;36;4655.00;146
12246;34;624420102;12246;325;13396;13544;6.51;0.40;307.62;14.05;1150;36;4656.00;148
12249;34;624420117;12249;321;13396;13544;6.62;0.40;307.71;14.05;1147;36;4657.00;148
12253;34;624420132;12253;321;13396;13544;6.70;0.41;307.77;14.05;1143;36;4658.00;148
12257;34;624420146;12257;317;13397;13545;6.79;0.41;307.81;14.05;1140;36;4659.00;148
12259;34;624420162;12259;311;13397;13546;6.89;0.42;307.84;14.05;1138;36;4660.00;149
12260;34;624420176;12260;312;13397;13546;6.92;0.42;307.87;14.05;1137;36;4661.00;149
12265;34;624420191;12265;306;13399;13549;6.96;0.42;307.99;14.04;1134;36;4662.00;150
12269;34;624420205;12269;310;13399;13549;6.98;0.42;308.03;14.04;1130;36;4663.00;150
12270;34;624420220;12270;307;13400;13549;7.05;0.43;308.07;14.04;1130;36;4664.00;149
12274;34;624420234;12274;308;13400;13549;7.05;0.43;308.16;14.04;1126;36;4665.00;149
12277;34;624420249;12277;309;13405;13555;7.08;0.43;308.21;14.04;1128;36;4666.00;150
12280;34;624420264;12280;308;13405;13555;7.09;0.43;308.21;14.04;1125;36;4667.00;150
12282;34;624420278;12282;315;13405;13555;7.06;0.43;308.30;14.04;1123;36;4668.00;150
12285;34;624420292;12285;313;13405;13555;7.06;0.43;308.35;14.04;1120;36;4669.00;150
12288;34;624420306;12288;315;13408;13559;7.06;0.43;308.38;14.03;1120;36;4670.00;151
12290;34;624420321;12290;317;13409;13560;7.10;0.43;308.44;14.03;1119;36;4671.00;151
12292;34;624420335;12292;318;13409;13560;7.14;0.43;308.50;14.03;1117;36;4672.00;151
12292;34;624420349;12292;325;13410;13561;7.22;0.44;308.50;14.03;1118;36;4673.00;151
12299;34;624420362;12299;311;13410;13561;7.19;0.44;308.54;14.03;1111;36;4674.00;151
12302;34;624420377;12302;313;13410;13561;7.20;0.44;308.58;14.03;1108;36;4675.00;151
12306;34;624420391;12306;310;13410;13561;7.19;0.44;308.65;14.03;1104;36;4676.00;151
12307;34;624420404;12307;308;13410;13561;7.21;0.44;308.67;14.03;1103;36;4677.00;151
12308;34;624420419;12308;301;13410;13561;7.19;0.44;308.70;14.03;1102;36;4678.00;151
12309;34;624420432;12309;301;13410;13561;7.23;0.44;308.70;14.03;1101;36;4679.00;151
12312;34;624420448;12312;324;13475;13686;7.22;0.44;308.70;13.96;1163;36;4680.00;211
12314;34;624420471;12314;311;13476;13687;7.24;0.44;308.74;13.96;1162;36;4681.00;211
12316;34;624420486;12316;301;13484;13687;7.32;0.45;308.75;13.96;1168;36;4682.00;203
12319;34;624420500;12319;299;13486;13687;7.35;0.45;308.76;13.96;1167;36;4683.00;201
12322;34;624420515;12322;298;13491;13687;7.31;0.45;308.76;13.95;1169;36;4684.00;196
12325;34;624420530;12325;292;13493;13687;7.32;0.45;308.79;14.08;1168;36;4685.00;194
12327;34;624420545;12327;293;13497;13687;7.38;0.45;308.82;14.08;1170;36;4686.00;190
12329;35;624420561;12329;305;13499;13687;7.44;0.46;308.83;14.08;1170;37;4687.00;188
12333;35;624420601;12333;305;13504;13688;7.46;0.46;308.88;14.08;1171;37;4688.00;184
12335;35;624420625;12335;306;13509;13689;7.45;0.46;308.93;14.08;1174;37;4689.00;180
12339;35;624420658;12339;306;13513;13689;7.38;0.45;308.99;14.07;1174;37;4690.00;176
12344;35;624420679;12344;308;13517;13693;7.26;0.44;309.15;14.07;1173;37;4691.00;176
12345;35;624420702;12345;306;13517;13693;7.12;0.44;309.19;14.07;1172;37;4692.00;176
12353;35;624420718;12353;298;13517;13693;6.99;0.43;309.17;14.07;1164;37;4693.00;176
12359;35;624420742;12359;309;13517;13693;6.85;0.42;309.32;14.07;1158;37;4694.00;176
12362;35;624420758;12362;310;13523;13699;6.75;0.41;309.37;14.09;1161;37;4695.00;176
12365;35;624420777;12365;311;13523;13699;6.71;0.41;309.41;14.09;1158;37;4696.00;176
12368;35;624420793;12368;313;13523;13699;6.65;0.41;309.44;14.09;1155;37;4697.00;176
12373;35;624420810;12373;318;13525;13702;6.66;0.41;309.48;14.09;1152;37;4698.00;177
12378;36;624420827;12378;318;13525;13702;6.68;0.41;309.54;14.09;1147;38;4699.00;177
12380;36;624420861;12380;316;13525;13702;6.69;0.41;309.57;14.09;1145;38;4700.00;177
12383;36;624420882;12383;316;13525;13703;6.65;0.41;309.58;14.09;1142;38;4701.00;178
12387;36;624420897;12387;314;13526;13704;6.66;0.41;309.57;14.09;1139;38;4702.00;178
12391;36;624420912;12391;310;13527;13704;6.63;0.40;309.52;14.09;1136;38;4703.00;177
12393;36;624420926;12393;313;13536;13717;6.74;0.41;309.53;14.08;1143;38;4704.00;181
12398;36;624420943;12398;312;13537;13717;6.75;0.41;309.48;14.08;1139;38;4705.00;180
12403;36;624420958;12403;309;13537;13717;6.77;0.41;309.51;14.08;1134;38;4706.00;180
12408;36;624420978;12408;307;13538;13718;6.78;0.41;309.50;14.08;1130;38;4707.00;180
12410;36;624420994;12410;304;13538;13718;6.78;0.41;309.53;14.08;1128;38;4708.00;180
12411;36;624421007;12411;299;13540;13722;6.79;0.41;309.54;14.07;1129;38;4709.00;182
12416;36;624421024;12416;300;13540;13722;6.73;0.41;309.54;14.07;1124;38;4710.00;182
12420;36;624421039;12420;307;13546;13726;6.71;0.41;309.61;14.07;1126;38;4711.00;180
12422;36;624421053;12422;300;13546;13726;6.74;0.41;309.63;14.07;1124;38;4712.00;180
12422;36;624421067;12422;304;13546;13726;6.81;0.41;309.63;14.07;1124;38;4713.00;180
12424;36;624421081;12424;300;13549;13726;6.81;0.41;309.67;14.07;1125;38;4714.00;177
12424;36;624421095;12424;298;13549;13726;6.86;0.42;309.67;14.07;1125;38;4715.00;177
12429;36;624421110;12429;301;13560;13738;6.90;0.42;309.76;14.06;1131;38;4716.00;178
12429;36;624421125;12429;306;13560;13738;6.83;0.42;309.76;14.06;1131;38;4717.00;178
12432;36;624421139;12432;305;13562;13738;6.72;0.41;309.78;14.06;1130;38;4718.00;176
12434;36;624421151;12434;320;13562;13738;6.63;0.40;309.80;14.06;1128;38;4719.00;176
12437;36;624421165;12437;326;13562;13738;6.57;0.40;309.81;14.06;1125;38;4720.00;176
12439;36;624421178;12439;341;13562;13738;6.49;0.40;309.81;14.06;1123;38;4721.00;176
12440;36;624421194;12440;350;13563;13739;6.45;0.39;309.82;14.08;1123;38;4722.00;176
12443;36;624421215;12443;353;13565;13739;6.40;0.39;309.89;14.10;1122;38;4723.00;174
12447;36;624421228;12447;354;13570;13745;6.41;0.39;309.91;14.10;1123;38;4724.00;175
12448;36;624421243;12448;360;13575;13747;6.35;0.39;309.95;14.14;1127;38;4725.00;172
12450;36;624421257;12450;369;13575;13747;6.27;0.38;309.98;14.14;1125;38;4726.00;172
12453;36;624421270;12453;373;13576;13747;6.19;0.38;309.97;14.15;1123;38;4727.00;171
12457;36;624421283;12457;382;13581;13751;6.14;0.38;310.11;14.17;1124;38;4728.00;170
12459;36;624421297;12459;387;13582;13751;6.12;0.38;310.18;14.18;1123;38;4729.00;169
12459;36;624421310;12459;389;13583;13751;6.12;0.38;310.18;14.19;1124;38;4730.00;168
12460;36;624421323;12460;388;13585;13752;6.13;0.38;310.18;14.20;1125;38;4731.00;167
12464;36;624421336;12464;396;13589;13756;6.06;0.37;310.23;14.20;1125;38;4732.00;167
12466;36;624421350;12466;401;13591;13756;5.99;0.37;310.22;14.22;1125;38;4733.00;165
12468;36;624421363;12468;407;13593;13759;5.96;0.37;310.23;14.22;1125;38;4734.00;166
12472;36;624421376;12472;412;13594;13759;5.86;0.36;310.24;14.23;1122;38;4735.00;165
12476;36;624421389;12476;413;13597;13759;5.79;0.35;310.30;14.24;1121;38;4736.00;162
12476;36;624421401;12476;421;13599;13759;5.77;0.35;310.30;14.25;1123;38;4737.00;160
12478;36;624421414;12478;420;13603;13763;5.76;0.35;310.35;14.25;1125;38;4738.00;160
12482;36;624421427;12482;419;13605;13763;5.67;0.35;310.46;14.26;1123;38;4739.00;158
12484;36;624421441;12484;413;13605;13763;5.61;0.34;310.47;14.26;1121;38;4740.00;158
12487;36;624421455;12487;413;13606;13763;5.60;0.34;310.48;14.27;1119;38;4741.00;157
12489;36;624421469;12489;414;13607;13764;5.56;0.34;310.47;14.28;1118;38;4742.00;157
12492;36;624421482;12492;411;13609;13765;5.50;0.34;310.50;14.29;1117;38;4743.00;156
12494;36;624421495;12494;416;13610;13765;5.49;0.34;310.61;14.29;1116;38;4744.00;155
12497;36;624421506;12497;417;13612;13766;5.47;0.33;310.59;14.30;1115;38;4745.00;154
12499;36;624421519;12499;420;13613;13766;5.42;0.33;310.58;14.30;1114;38;4746.00;153
12499;36;624421531;12499;425;13613;13766;5.41;0.33;310.58;14.30;1114;38;4747.00;153
12503;36;624421543;12503;425;13614;13766;5.40;0.33;310.65;14.31;1111;38;4748.00;152
12505;36;624421555;12505;429;13615;13766;5.40;0.33;310.61;14.31;1110;38;4749.00;151
12511;36;624421567;12511;432;13615;13766;5.32;0.33;310.55;14.31;1104;38;4750.00;151
12512;36;624421580;12512;432;13616;13766;5.28;0.32;310.55;14.32;1104;38;4751.00;150
12514;36;624421593;12514;450;13681;13893;5.57;0.35;310.52;14.25;1167;38;4752.00;212
12516;36;624421615;12516;441;13683;13894;5.53;0.34;310.50;14.26;1167;38;4753.00;211
12519;36;624421628;12519;432;13695;13894;5.56;0.34;310.47;14.25;1176;38;4754.00;199
12521;36;624421640;12521;432;13700;13894;5.58;0.35;310.44;14.25;1179;38;4755.00;194
12526;36;624421652;12526;428;13708;13894;5.52;0.34;310.45;14.25;1182;38;4756.00;186
12528;36;624421664;12528;433;13711;13894;5.44;0.34;310.43;14.25;1183;38;4757.00;183
12532;36;624421676;12532;435;13714;13894;5.35;0.33;310.36;14.25;1182;38;4758.00;180
12534;36;624421688;12534;441;13721;13894;5.28;0.33;310.42;14.27;1187;38;4759.00;173
12538;36;624421699;12538;433;13724;13895;5.19;0.32;310.38;14.27;1186;38;4760.00;171
12540;36;624421711;12540;442;13726;13896;5.14;0.32;310.37;14.27;1186;38;4761.00;170
12543;36;624421723;12543;441;13729;13896;5.10;0.32;310.35;14.28;1186;38;4762.00;167
12547;36;624421735;12547;449;13731;13897;4.99;0.31;310.35;14.29;1184;38;4763.00;166
12549;36;624421747;12549;446;13734;13897;4.92;0.30;310.35;14.30;1185;38;4764.00;163
12551;36;624421759;12551;446;13737;13897;4.86;0.30;310.41;14.30;1186;38;4765.00;160
12553;36;624421770;12553;457;13739;13897;4.79;0.30;310.40;14.29;1186;38;4766.00;158
12555;36;624421782;12555;454;13743;13901;4.74;0.29;310.42;14.29;1188;38;4767.00;158
12557;36;624421795;12557;454;13744;13901;4.74;0.29;310.38;14.29;1187;38;4768.00;157
12561;36;624421806;12561;458;13744;13901;4.69;0.29;310.37;14.29;1183;38;4769.00;157
12564;36;624421820;12564;453;13748;13907;4.68;0.29;310.38;14.29;1184;38;4770.00;159
12565;36;624421833;12565;456;13749;13907;4.65;0.29;310.39;14.29;1184;38;4771.00;158
12568;36;624421845;12568;456;13751;13907;4.60;0.28;310.42;14.29;1183;38;4772.00;156
12572;36;624421857;12572;454;13755;13911;4.62;0.28;310.45;14.29;1183;38;4773.00;156
12575;36;624421870;12575;457;13756;13912;4.66;0.29;310.44;14.28;1181;38;4774.00;156
12578;36;624421882;12578;450;13758;13912;4.71;0.29;310.39;14.29;1180;38;4775.00;154
12581;36;624421894;12581;452;13762;13916;4.83;0.30;310.36;14.28;1181;38;4776.00;154
12582;36;624421907;12582;459;13762;13916;4.90;0.30;310.34;14.28;1180;38;4777.00;154
12585;36;624421919;12585;460;13763;13916;4.90;0.30;310.36;14.28;1178;38;4778.00;153
12587;36;624421931;12587;445;13764;13917;4.93;0.30;310.36;14.28;1177;38;4779.00;153
12591;36;624421944;12591;441;13764;13917;4.94;0.30;310.39;14.28;1173;38;4780.00;153
12596;36;624421956;12596;435;13769;13923;4.96;0.30;310.35;14.28;1173;38;4781.00;154
12598;36;624421971;12598;436;13769;13923;4.98;0.30;310.38;14.28;1171;38;4782.00;154
12604;36;624421984;12604;435;13769;13924;4.92;0.30;310.38;14.28;1165;38;4783.00;155
12607;36;624421997;12607;441;13769;13924;4.90;0.30;310.37;14.28;1162;38;4784.00;155
12609;36;624422010;12609;440;13769;13924;4.92;0.30;310.34;14.28;1160;38;4785.00;155
12613;36;624422028;12613;448;13769;13924;4.91;0.30;310.33;14.28;1156;38;4786.00;155
12615;36;624422041;12615;446;13769;13924;4.89;0.30;310.33;14.28;1154;38;4787.00;155
12620;36;624422054;12620;447;13778;13936;4.96;0.30;310.34;14.27;1158;38;4788.00;158
12622;36;624422073;12622;449;13778;13936;4.96;0.30;310.33;14.27;1156;38;4789.00;158
12626;36;624422086;12626;451;13780;13936;4.97;0.30;310.31;14.26;1154;38;4790.00;156
12630;36;624422098;12630;451;13780;13936;4.97;0.30;310.28;14.26;1150;38;4791.00;156
12630;36;624422111;12630;444;13780;13936;5.03;0.31;310.28;14.26;1150;38;4792.00;156
12632;36;624422123;12632;443;13780;13936;5.03;0.31;310.29;14.26;1148;38;4793.00;156
12635;36;624422135;12635;449;13783;13940;5.05;0.31;310.29;14.26;1148;38;4794.00;157
12636;36;624422148;12636;447;13783;13940;5.12;0.31;310.29;14.26;1147;38;4795.00;157
12639;36;624422160;12639;442;13787;13944;5.17;0.31;310.30;14.26;1148;38;4796.00;157
12642;36;624422172;12642;445;13788;13945;5.17;0.31;310.29;14.26;1146;38;4797.00;157
12642;36;624422184;12642;442;13788;13945;5.17;0.31;310.29;14.26;1146;38;4798.00;157
12645;36;624422197;12645;436;13788;13945;5.13;0.31;310.29;14.26;1143;38;4799.00;157
12650;36;624422211;12650;443;13812;13986;5.20;0.32;310.25;14.23;1162;38;4800.00;174
12652;36;624422231;12652;432;13812;13986;5.22;0.32;310.36;14.23;1160;38;4801.00;174
12656;36;624422244;12656;429;13814;13986;5.28;0.32;310.32;14.23;1158;38;4802.00;172
12659;36;624422256;12659;427;13816;13987;5.28;0.32;310.42;14.23;1157;38;4803.00;171
12662;36;624422269;12662;419;13816;13988;5.27;0.32;310.47;14.23;1154;38;4804.00;172
12663;36;624422281;12663;418;13817;13988;5.31;0.32;310.53;14.23;1154;38;4805.00;171
12669;36;624422293;12669;416;13820;13991;5.35;0.33;310.73;14.22;1151;38;4806.00;171
12671;36;624422306;12671;405;13821;13991;5.42;0.33;310.72;14.22;1150;38;4807.00;170
12675;36;624422319;12675;396;13822;13991;5.46;0.33;310.72;14.22;1147;38;4808.00;169
12679;36;624422331;12679;396;13823;13991;5.53;0.34;310.74;14.22;1144;38;4809.00;168
12683;36;624422345;12683;390;13828;13997;5.60;0.34;310.83;14.22;1145;38;4810.00;169
12685;36;624422358;12685;391;13828;13997;5.62;0.34;310.88;14.22;1143;38;4811.00;169
12690;36;624422371;12690;382;13829;13997;5.63;0.34;310.94;14.22;1139;38;4812.00;168
12690;36;624422385;12690;389;13830;13997;5.73;0.35;310.94;14.35;1140;38;4813.00;167
12694;36;624422399;12694;379;13834;14001;5.77;0.35;310.95;14.35;1140;38;4814.00;167
12697;36;624422413;12697;382;13836;14003;5.82;0.35;310.98;14.35;1139;38;4815.00;167
12699;36;624422427;12699;373;13836;14003;5.87;0.36;310.97;14.35;1137;38;4816.00;167
12702;36;624422440;12702;361;13837;14004;5.95;0.36;311.07;14.35;1135;38;4817.00;167
12704;36;624422454;12704;358;13837;14004;5.99;0.36;311.17;14.35;1133;38;4818.00;167
12706;36;624422468;12706;354;13837;14004;6.06;0.37;311.18;14.35;1131;38;4819.00;167
12708;36;624422481;12708;344;13838;14004;6.10;0.37;311.15;14.35;1130;38;4820.00;166
12710;36;624422500;12710;344;13838;14004;6.17;0.38;311.20;14.35;1128;38;4821.00;166
12713;36;624422514;12713;335;13838;14004;6.22;0.38;311.24;14.35;1125;38;4822.00;166
12717;36;624422528;12717;334;13838;14004;6.24;0.38;311.31;14.35;1121;38;4823.00;166
12720;36;624422542;12720;342;13881;14074;6.22;0.38;311.35;14.30;1161;38;4824.00;193
12723;36;624422562;12723;330;13881;14075;6.25;0.38;311.39;14.30;1158;38;4825.00;194
12725;36;624422576;12725;329;13887;14075;6.34;0.39;311.41;14.30;1162;38;4826.00;188
12727;36;624422599;12727;322;13889;14075;6.44;0.39;311.41;14.30;1162;38;4827.00;186
12731;36;624422622;12731;323;13892;14077;6.48;0.39;311.46;14.29;1161;38;4828.00;185
12732;36;624422647;12732;313;13894;14077;6.62;0.40;311.49;14.29;1162;38;4829.00;183
12733;36;624422670;12733;319;13897;14077;6.75;0.41;311.49;14.29;1164;38;4830.00;180
12735;36;624422693;12735;323;13902;14077;6.86;0.42;311.54;14.29;1167;38;4831.00;175
12738;36;624422710;12738;325;13904;14078;6.94;0.42;311.61;14.29;1166;38;4832.00;174
12740;36;624422726;12740;328;13905;14079;7.04;0.43;311.63;14.29;1165;38;4833.00;174
12741;36;624422743;12741;324;13907;14079;7.08;0.43;311.68;14.29;1166;38;4834.00;172
12745;36;624422766;12745;325;13911;14083;7.06;0.43;311.77;14.28;1166;38;4835.00;172
12748;36;624422782;12748;323;13912;14083;7.04;0.43;311.84;14.28;1164;38;4836.00;171
12752;37;624422798;12752;324;13913;14083;6.97;0.42;311.91;14.28;1161;39;4837.00;170
12756;37;624422821;12756;326;13913;14083;6.97;0.42;311.96;14.28;1157;39;4838.00;170
12758;37;624422841;12758;324;13918;14089;7.06;0.43;311.96;14.28;1160;39;4839.00;171
12763;37;624422857;12763;318;13918;14089;7.03;0.43;312.05;14.28;1155;39;4840.00;171
12765;37;624422873;12765;315;13918;14089;7.01;0.43;312.07;14.28;1153;39;4841.00;171
12774;37;624422888;12774;317;13920;14092;6.93;0.42;312.04;14.28;1146;39;4842.00;172
12777;37;624422904;12777;323;13920;14092;6.88;0.42;312.08;14.28;1143;39;4843.00;172
12779;37;624422919;12779;326;13921;14092;6.87;0.42;312.13;14.28;1142;39;4844.00;171
12782;37;624422933;12782;324;13921;14093;6.87;0.42;312.18;14.28;1139;39;4845.00;172
12783;37;624422948;12783;307;13922;14094;6.90;0.42;312.19;14.27;1139;39;4846.00;172
12786;37;624422962;12786;303;13922;14094;6.87;0.42;312.29;14.27;1136;39;4847.00;172
12787;37;624422994;12787;304;13933;14107;6.93;0.42;312.30;14.26;1146;39;4848.00;174
12791;37;624423010;12791;299;13933;14107;6.93;0.42;312.38;14.26;1142;39;4849.00;174
12795;37;624423025;12795;298;13933;14107;6.92;0.42;312.40;14.26;1138;39;4850.00;174
12798;37;624423041;12798;289;13934;14108;6.94;0.42;312.45;14.26;1136;39;4851.00;174
12800;37;624423056;12800;285;13934;14108;6.99;0.43;312.52;14.26;1134;39;4852.00;174
12805;37;624423071;12805;282;13937;14112;7.05;0.43;312.61;14.26;1132;39;4853.00;175
12805;37;624423086;12805;275;13938;14112;7.11;0.43;312.61;14.39;1133;39;4854.00;174
12808;37;624423100;12808;277;13941;14116;7.12;0.43;312.63;14.39;1133;39;4855.00;175
12812;37;624423117;12812;283;13941;14116;7.09;0.43;312.58;14.39;1129;39;4856.00;175
12814;37;624423132;12814;271;13941;14116;7.09;0.43;312.59;14.39;1127;39;4857.00;175
12816;37;624423146;12816;271;13941;14116;7.08;0.43;312.61;14.39;1125;39;4858.00;175
12818;37;624423160;12818;264;13941;14116;7.09;0.43;312.62;14.39;1123;39;4859.00;175
12820;37;624423176;12820;266;13961;14150;7.17;0.44;312.62;14.37;1141;39;4860.00;189
12824;37;624423194;12824;264;13962;14150;7.12;0.44;312.66;14.37;1138;39;4861.00;188
12827;37;624423208;12827;266;13966;14150;7.16;0.44;312.62;14.36;1139;39;4862.00;184
12830;37;624423224;12830;263;13967;14150;7.18;0.44;312.59;14.36;1137;39;4863.00;183
12834;37;624423238;12834;263;13969;14150;7.19;0.44;312.59;14.38;1135;39;4864.00;181
12842;37;624423254;12842;263;13970;14150;7.13;0.43;312.67;14.39;1128;39;4865.00;180
12846;37;624423269;12846;267;13970;14151;7.12;0.43;312.63;14.39;1124;39;4866.00;181
12854;37;624423284;12854;267;13970;14151;7.03;0.43;312.63;14.39;1116;39;4867.00;181
12858;37;624423298;12858;265;13975;14157;7.01;0.43;312.65;14.40;1117;39;4868.00;182
12859;37;624423313;12859;268;13976;14158;7.01;0.43;312.64;14.40;1117;39;4869.00;182
12864;37;624423334;12864;273;13976;14158;6.91;0.42;312.64;14.40;1112;39;4870.00;182
12867;37;624423348;12867;276;13976;14158;6.86;0.42;312.65;14.40;1109;39;4871.00;182
12868;37;624423362;12868;277;13979;14162;6.83;0.41;312.66;14.40;1111;39;4872.00;183
12872;37;624423375;12872;273;13979;14162;6.83;0.41;312.72;14.40;1107;39;4873.00;183
12876;37;624423390;12876;276;13980;14162;6.78;0.41;312.78;14.40;1104;39;4874.00;182
12877;37;624423405;12877;278;13981;14163;6.74;0.41;312.79;14.40;1104;39;4875.00;182
12882;37;624423418;12882;279;13984;14167;6.75;0.41;312.81;14.39;1102;39;4876.00;183
12884;37;624423432;12884;280;13985;14167;6.72;0.41;312.79;14.39;1101;39;4877.00;182
12889;37;624423446;12889;282;13989;14170;6.71;0.41;312.88;14.39;1100;39;4878.00;181
12892;37;624423460;12892;284;13990;14170;6.70;0.41;312.86;14.39;1098;39;4879.00;180
12896;37;624423474;12896;284;13990;14170;6.64;0.40;312.90;14.39;1094;39;4880.00;180
12897;37;624423488;12897;275;13990;14170;6.67;0.40;312.94;14.39;1093;39;4881.00;180
12898;37;624423502;12898;276;13994;14174;6.69;0.41;312.95;14.39;1096;39;4882.00;180
12900;37;624423516;12900;277;13994;14174;6.71;0.41;312.95;14.39;1094;39;4883.00;180
12904;37;624423530;12904;275;13994;14174;6.61;0.40;313.06;14.39;1090;39;4884.00;180
12907;37;624423544;12907;273;13994;14174;6.62;0.40;313.10;14.39;1087;39;4885.00;180
12909;37;624423559;12909;277;13995;14175;6.61;0.40;313.11;14.39;1086;39;4886.00;180
12913;37;624423572;12913;282;13996;14176;6.54;0.40;313.12;14.39;1083;39;4887.00;180
12914;37;624423587;12914;291;13996;14176;6.46;0.39;313.14;14.39;1082;39;4888.00;180
12915;37;624423601;12915;299;13997;14177;6.40;0.39;313.16;14.39;1082;39;4889.00;180
12920;37;624423616;12920;306;13998;14177;6.30;0.38;313.19;14.41;1078;39;4890.00;179
12921;37;624423630;12921;310;13998;14177;6.22;0.38;313.21;14.41;1077;39;4891.00;179
12926;37;624423642;12926;314;13998;14177;6.13;0.37;313.25;14.41;1072;39;4892.00;179
12929;37;624423654;12929;321;13999;14177;6.07;0.37;313.27;14.41;1070;39;4893.00;178
12930;37;624423667;12930;322;14000;14177;6.05;0.37;313.28;14.43;1070;39;4894.00;177
12933;37;624423678;12933;333;14001;14177;6.00;0.37;313.32;14.43;1068;39;4895.00;176
12933;37;624423691;12933;349;14066;14304;6.25;0.39;313.32;14.38;1133;39;4896.00;238
12937;37;624423712;12937;355;14072;14305;6.17;0.38;313.41;14.38;1135;39;4897.00;233
12940;37;624423725;12940;352;14083;14305;6.15;0.38;313.41;14.39;1143;39;4898.00;222
12941;37;624423737;12941;354;14087;14305;6.05;0.37;313.40;14.39;1146;39;4899.00;218
12941;37;624423750;12941;353;14094;14305;5.99;0.37;313.40;14.40;1153;39;4900.00;211
12944;37;624423765;12944;359;14098;14305;5.91;0.37;313.36;14.41;1154;39;4901.00;207
12947;37;624423778;12947;362;14100;14305;5.82;0.36;313.39;14.41;1153;39;4902.00;205
12948;37;624423791;12948;369;14104;14305;5.86;0.36;313.39;14.42;1156;39;4903.00;201
12949;38;624423804;12949;379;14107;14306;5.81;0.36;313.37;14.43;1158;40;4904.00;199
12951;38;624423832;12951;376;14113;14308;5.77;0.36;313.33;14.42;1162;40;4905.00;195
12952;38;624423851;12952;378;14116;14308;5.71;0.35;313.33;14.44;1164;40;4906.00;192
12957;38;624423868;12957;387;14121;14309;5.59;0.34;313.27;14.44;1164;40;4907.00;188
12961;38;624423881;12961;393;14124;14309;5.49;0.34;313.24;14.45;1163;40;4908.00;185
12963;38;624423893;12963;396;14126;14309;5.44;0.34;313.21;14.45;1163;40;4909.00;183
12964;38;624423905;12964;395;14129;14309;5.43;0.33;313.24;14.46;1165;40;4910.00;180
12967;38;624423917;12967;399;14133;14313;5.39;0.33;313.20;14.46;1166;40;4911.00;180
12968;38;624423930;12968;400;14136;14313;5.36;0.33;313.18;14.46;1168;40;4912.00;177
12971;38;624423942;12971;412;14137;14313;5.26;0.32;313.13;14.46;1166;40;4913.00;176
12972;38;624423954;12972;413;14140;14316;5.19;0.32;313.13;14.47;1168;40;4914.00;176
12973;38;624423969;12973;419;14143;14316;5.11;0.31;313.13;14.50;1170;40;4915.00;173
12974;38;624423981;12974;430;14144;14316;5.05;0.31;313.12;14.51;1170;40;4916.00;172
12976;38;624423993;12976;434;14148;14320;4.95;0.30;313.08;14.51;1172;40;4917.00;172
12979;38;624424006;12979;441;14149;14321;4.89;0.30;313.08;14.51;1170;40;4918.00;172
12980;38;624424019;12980;441;14151;14321;4.85;0.30;313.08;14.52;1171;40;4919.00;170
12984;38;624424036;12984;445;14157;14326;4.81;0.29;313.00;14.54;1173;40;4920.00;169
12984;38;624424050;12984;454;14159;14326;4.72;0.29;313.00;14.55;1175;40;4921.00;167
12987;38;624424063;12987;455;14160;14326;4.61;0.28;313.02;14.55;1173;40;4922.00;166
12991;38;624424076;12991;463;14162;14327;4.51;0.28;312.98;14.56;1171;40;4923.00;165
12992;38;624424088;12992;467;14163;14327;4.44;0.27;312.97;14.57;1171;40;4924.00;164
12993;38;624424100;12993;472;14168;14333;4.41;0.27;312.97;14.56;1175;40;4925.00;165
12996;38;624424112;12996;485;14170;14333;4.29;0.26;313.03;14.57;1174;40;4926.00;163
13002;38;624424123;13002;482;14170;14334;4.18;0.26;312.99;14.57;1168;40;4927.00;164
13004;38;624424134;13004;488;14170;14334;4.10;0.25;313.00;14.57;1166;40;4928.00;164
13010;38;624424144;13010;493;14171;14334;3.95;0.24;313.01;14.59;1161;40;4929.00;163
13012;38;624424160;13012;492;14171;14334;3.87;0.24;313.03;14.59;1159;40;4930.00;163
13013;38;624424171;13013;477;14173;14334;3.86;0.24;313.03;14.61;1160;40;4931.00;161
13015;38;624424181;13015;474;14184;14346;3.92;0.24;313.02;14.60;1169;40;4932.00;162
13016;38;624424193;13016;470;14185;14346;3.97;0.24;313.00;14.61;1169;40;4933.00;161
13021;38;624424203;13021;467;14185;14346;4.02;0.25;313.01;14.61;1164;40;4934.00;161
13022;38;624424215;13022;464;14186;14346;4.11;0.25;312.99;14.62;1164;40;4935.00;160
13026;38;624424226;13026;460;14186;14346;4.16;0.25;312.99;14.62;1160;40;4936.00;160
13027;38;624424238;13027;451;14186;14346;4.29;0.26;313.00;14.62;1159;40;4937.00;160
13029;38;624424250;13029;448;14189;14350;4.39;0.27;313.00;14.61;1160;40;4938.00;161
13032;38;624424261;13032;442;14189;14350;4.50;0.28;312.99;14.61;1157;40;4939.00;161
13034;38;624424273;13034;426;14193;14354;4.62;0.28;312.99;14.61;1159;40;4940.00;161
13035;38;624424286;13035;420;14193;14355;4.75;0.29;312.99;14.61;1158;40;4941.00;162
13036;38;624424298;13036;414;14194;14355;4.86;0.30;313.00;14.61;1158;40;4942.00;161
13040;38;624424310;13040;409;14194;14355;4.94;0.30;312.98;14.61;1154;40;4943.00;161
13041;38;624424322;13041;412;14204;14368;5.12;0.31;312.99;14.60;1163;40;4944.00;164
13044;38;624424335;13044;409;14204;14368;5.16;0.32;312.97;14.60;1160;40;4945.00;164
13051;38;624424348;13051;408;14205;14368;5.16;0.31;312.95;14.60;1154;40;4946.00;163
13053;38;624424361;13053;413;14206;14369;5.25;0.32;312.97;14.60;1153;40;4947.00;163
13055;38;624424373;13055;406;14206;14370;5.34;0.33;313.01;14.60;1151;40;4948.00;164
13058;38;624424386;13058;406;14207;14370;5.41;0.33;312.98;14.73;1149;40;4949.00;163
13061;38;624424402;13061;400;14214;14379;5.49;0.33;312.97;14.72;1153;40;4950.00;165
13065;38;624424415;13065;393;14214;14379;5.51;0.33;312.99;14.72;1149;40;4951.00;165
13066;38;624424428;13066;386;14215;14379;5.55;0.34;312.98;14.72;1149;40;4952.00;164
13073;38;624424440;13073;382;14215;14379;5.54;0.34;312.99;14.72;1142;40;4953.00;164
13075;38;624424453;13075;377;14220;14385;5.60;0.34;313.02;14.72;1145;40;4954.00;165
13080;38;624424466;13080;372;14221;14385;5.58;0.34;313.11;14.72;1141;40;4955.00;164
13082;38;624424484;13082;369;14221;14385;5.56;0.34;313.15;14.72;1139;40;4956.00;164
13087;38;624424497;13087;374;14221;14385;5.50;0.33;313.27;14.72;1134;40;4957.00;164
13091;38;624424509;13091;373;14224;14389;5.51;0.34;313.29;14.71;1133;40;4958.00;165
13095;38;624424522;13095;377;14225;14390;5.49;0.34;313.33;14.71;1130;40;4959.00;165
13099;38;624424535;13099;381;14225;14390;5.45;0.33;313.45;14.71;1126;40;4960.00;165
13103;38;624424548;13103;383;14226;14391;5.46;0.33;313.53;14.71;1123;40;4961.00;165
13108;38;624424560;13108;388;14226;14391;5.43;0.33;313.56;14.71;1118;40;4962.00;165
13113;38;624424572;13113;385;14226;14391;5.42;0.33;313.64;14.71;1113;40;4963.00;165
13120;38;624424589;13120;383;14226;14391;5.42;0.33;313.69;14.71;1106;40;4964.00;165
13125;38;624424608;13125;386;14226;14391;5.40;0.33;313.72;14.71;1101;40;4965.00;165
13128;38;624424627;13128;394;14227;14391;5.39;0.33;313.69;14.84;1099;40;4966.00;164
13132;38;624424646;13132;397;14227;14391;5.33;0.32;313.81;14.84;1095;40;4967.00;164
13135;38;624424673;13135;408;14268;14461;5.39;0.33;313.80;14.80;1133;40;4968.00;193
13140;38;624424703;13140;393;14269;14462;5.35;0.33;313.84;14.80;1129;40;4969.00;193
13143;38;624424718;13143;399;14274;14462;5.38;0.33;313.91;14.80;1131;40;4970.00;188
13145;38;624424732;13145;396;14276;14462;5.43;0.33;313.96;14.79;1131;40;4971.00;186
13148;38;624424746;13148;391;14278;14462;5.47;0.33;314.06;14.79;1130;40;4972.00;184
13149;38;624424759;13149;394;14280;14462;5.52;0.34;314.10;14.79;1131;40;4973.00;182
13153;38;624424774;13153;384;14283;14462;5.55;0.34;314.22;14.79;1130;40;4974.00;179
13155;38;624424797;13155;385;14285;14462;5.62;0.34;314.19;14.79;1130;40;4975.00;177
13158;38;624424810;13158;383;14286;14463;5.61;0.34;314.26;14.79;1128;40;4976.00;177
13158;38;624424824;13158;372;14288;14464;5.69;0.35;314.26;14.79;1130;40;4977.00;176
13159;38;624424838;13159;358;14290;14464;5.75;0.35;314.31;14.79;1131;40;4978.00;174
13162;38;624424852;13162;356;14297;14468;5.81;0.35;314.37;14.92;1135;40;4979.00;171
13162;38;624424868;13162;347;14299;14468;5.94;0.36;314.37;14.91;1137;40;4980.00;169
13164;38;624424882;13164;340;14299;14468;6.07;0.37;314.37;14.91;1135;40;4981.00;169
13165;38;624424896;13165;341;14299;14468;6.17;0.38;314.41;14.91;1134;40;4982.00;169
13168;38;624424910;13168;344;14304;14474;6.27;0.38;314.45;14.91;1136;40;4983.00;170
13169;38;624424926;13169;349;14304;14474;6.38;0.39;314.46;14.91;1135;40;4984.00;170
13170;38;624424939;13170;349;14304;14474;6.51;0.40;314.46;14.91;1134;40;4985.00;170
13172;38;624424954;13172;339;14306;14477;6.62;0.40;314.51;14.91;1134;40;4986.00;171
13176;38;624424968;13176;327;14306;14477;6.72;0.41;314.56;14.91;1130;40;4987.00;171
13178;38;624424984;13178;323;14307;14477;6.81;0.42;314.60;14.91;1129;40;4988.00;170
13182;38;624424999;13182;312;14307;14478;6.81;0.41;314.69;14.91;1125;40;4989.00;171
13184;38;624425015;13184;310;14308;14479;6.90;0.42;314.71;14.91;1124;40;4990.00;171
13187;38;624425029;13187;312;14308;14479;6.98;0.42;314.74;14.91;1121;40;4991.00;171
13191;38;624425045;13191;314;14319;14492;7.05;0.43;314.80;14.89;1128;40;4992.00;173
13195;38;624425062;13195;301;14319;14492;7.09;0.43;314.85;14.89;1124;40;4993.00;173
13197;38;624425077;13197;297;14319;14492;7.13;0.43;314.91;14.89;1122;40;4994.00;173
13199;38;624425093;13199;300;14321;14494;7.15;0.43;314.94;14.89;1122;40;4995.00;173
13200;38;624425108;13200;301;14321;14494;7.20;0.44;314.97;14.89;1121;40;4996.00;173
13207;38;624425124;13207;301;14325;14498;7.25;0.44;315.03;14.89;1118;40;4997.00;173
13209;38;624425141;13209;305;14325;14498;7.26;0.44;315.00;14.89;1116;40;4998.00;173
13210;38;624425156;13210;297;14328;14502;7.30;0.44;315.05;14.89;1118;40;4999.00;174
13211;38;624425172;13211;293;14328;14502;7.30;0.44;315.09;14.89;1117;40;5000.00;174
13214;38;624425192;13214;291;14328;14502;7.34;0.45;315.10;14.89;1114;40;5001.00;174
13217;38;624425207;13217;292;14328;14502;7.35;0.45;315.10;14.89;1111;40;5002.00;174
13218;38;624425222;13218;291;14329;14502;7.37;0.45;315.11;15.02;1111;40;5003.00;173
13221;38;624425237;13221;284;14338;14514;7.41;0.45;315.13;15.01;1117;40;5004.00;176
13222;38;624425253;13222;288;14338;14514;7.42;0.45;315.19;15.01;1116;40;5005.00;176
13229;38;624425268;13229;283;14340;14514;7.44;0.45;315.18;15.01;1111;40;5006.00;174
13230;38;624425283;13230;285;14340;14514;7.44;0.45;315.22;15.01;1110;40;5007.00;174
13234;38;624425298;13234;285;14340;14514;7.47;0.45;315.34;15.01;1106;40;5008.00;174
13239;38;624425313;13239;283;14340;14514;7.52;0.45;315.39;15.01;1101;40;5009.00;174
13241;38;624425330;13241;288;14340;14515;7.51;0.45;315.42;15.01;1099;40;5010.00;175
13243;38;624425345;13243;287;14340;14515;7.56;0.46;315.46;15.01;1097;40;5011.00;175
13245;38;624425360;13245;284;14345;14521;7.52;0.45;315.53;15.01;1100;40;5012.00;176
13245;38;624425376;13245;287;14346;14522;7.53;0.45;315.53;15.01;1101;40;5013.00;176
13249;38;624425391;13249;286;14346;14522;7.50;0.45;315.58;15.01;1097;40;5014.00;176
13251;38;624425406;13251;289;14346;14522;7.47;0.45;315.63;15.01;1095;40;5015.00;176
13254;38;624425420;13254;285;14349;14526;7.49;0.45;315.67;15.00;1095;40;5016.00;177
13255;38;624425436;13255;291;14349;14526;7.48;0.45;315.70;15.00;1094;40;5017.00;177
13258;38;624425450;13258;287;14349;14526;7.44;0.45;315.71;15.00;1091;40;5018.00;177
13259;39;624425465;13259;293;14350;14527;7.41;0.45;315.73;15.00;1091;41;5019.00;177
13260;39;624425489;13260;294;14353;14531;7.39;0.45;315.73;15.00;1093;41;5020.00;178
13262;39;624425509;13262;294;14353;14531;7.36;0.45;315.78;15.00;1091;41;5021.00;178
13264;39;624425525;13264;297;14355;14534;7.29;0.44;315.83;15.00;1091;41;5022.00;179
13265;39;624425540;13265;295;14355;14534;7.28;0.44;315.83;15.00;1090;41;5023.00;179
13267;39;624425554;13267;293;14356;14534;7.27;0.44;315.86;15.00;1089;41;5024.00;178
13272;39;624425569;13272;295;14356;14534;7.23;0.44;315.90;15.00;1084;41;5025.00;178
13275;39;624425584;13275;284;14360;14538;7.25;0.44;315.88;14.99;1085;41;5026.00;178
13277;39;624425599;13277;283;14360;14538;7.20;0.44;315.90;14.99;1083;41;5027.00;178
13280;39;624425613;13280;280;14360;14538;7.11;0.43;315.96;14.99;1080;41;5028.00;178
13280;39;624425628;13280;286;14360;14538;7.09;0.43;315.96;14.99;1080;41;5029.00;178
13284;39;624425641;13284;281;14360;14539;7.00;0.43;316.03;14.99;1076;41;5030.00;179
13285;39;624425655;13285;284;14361;14540;6.94;0.42;316.03;14.99;1076;41;5031.00;179
13289;39;624425668;13289;281;14362;14540;6.83;0.42;316.02;15.13;1073;41;5032.00;178
13292;39;624425688;13292;280;14363;14541;6.80;0.42;315.98;15.12;1071;41;5033.00;178
13295;39;624425701;13295;284;14364;14541;6.77;0.41;316.07;15.14;1069;41;5034.00;177
13300;39;624425716;13300;285;14364;14541;6.70;0.41;316.04;15.14;1064;41;5035.00;177
13301;39;624425729;13301;288;14365;14541;6.66;0.41;316.02;15.16;1064;41;5036.00;176
13305;39;624425742;13305;296;14365;14541;6.64;0.41;316.06;15.16;1060;41;5037.00;176
13307;39;624425754;13307;295;14365;14541;6.66;0.41;316.08;15.16;1058;41;5038.00;176
13312;39;624425767;13312;294;14365;14541;6.65;0.41;316.08;15.16;1053;41;5039.00;176
13314;39;624425781;13314;328;14465;14771;6.84;0.43;316.13;15.05;1151;41;5040.00;306
13318;39;624425812;13318;320;14469;14772;6.81;0.43;316.17;15.05;1151;41;5041.00;303
13322;39;624425825;13322;311;14479;14772;6.84;0.43;316.14;15.04;1157;41;5042.00;293
13328;39;624425838;13328;306;14483;14772;6.80;0.42;316.17;15.04;1155;41;5043.00;289
13329;39;624425852;13329;311;14494;14772;6.79;0.42;316.16;15.03;1165;41;5044.00;278
13332;39;624425865;13332;308;14498;14772;6.76;0.42;316.23;15.02;1166;41;5045.00;274
13333;39;624425878;13333;303;14504;14772;6.73;0.42;316.27;15.02;1171;41;5046.00;268
13335;39;624425891;13335;299;14511;14772;6.68;0.41;316.28;15.02;1176;41;5047.00;261
13336;39;624425904;13336;296;14518;14773;6.70;0.42;316.29;15.01;1182;41;5048.00;255
13337;39;624425918;13337;301;14522;14774;6.63;0.41;316.34;15.01;1185;41;5049.00;252
13341;39;624425930;13341;302;14531;14774;6.57;0.41;316.40;15.01;1190;41;5050.00;243
13344;39;624425944;13344;309;14534;14775;6.56;0.41;316.38;15.01;1190;41;5051.00;241
13348;39;624425957;13348;314;14539;14775;6.49;0.40;316.34;15.01;1191;41;5052.00;236
13354;39;624425971;13354;320;14541;14775;6.43;0.40;316.37;15.01;1187;41;5053.00;234
13355;39;624425984;13355;321;14544;14775;6.39;0.40;316.35;15.01;1189;41;5054.00;231
13361;39;624425998;13361;327;14549;14779;6.28;0.39;316.40;15.01;1188;41;5055.00;230
13365;39;624426011;13365;340;14552;14779;6.20;0.38;316.42;15.01;1187;41;5056.00;227
13366;39;624426032;13366;341;14552;14779;6.14;0.38;316.42;15.01;1186;41;5057.00;227
13371;39;624426045;13371;352;14555;14782;6.06;0.37;316.56;15.01;1184;41;5058.00;227
13373;39;624426058;13373;361;14558;14782;5.97;0.37;316.58;15.01;1185;41;5059.00;224
13376;39;624426071;13376;365;14559;14782;5.92;0.36;316.60;15.02;1183;41;5060.00;223
13380;39;624426084;13380;382;14565;14786;5.80;0.35;316.65;15.03;1185;41;5061.00;221
13382;39;624426098;13382;389;14568;14787;5.72;0.35;316.69;15.03;1186;41;5062.00;219
13384;39;624426111;13384;398;14570;14787;5.64;0.35;316.66;15.05;1186;41;5063.00;217
13388;39;624426123;13388;405;14574;14791;5.62;0.35;316.73;15.05;1186;41;5064.00;217
13391;39;624426137;13391;415;14575;14791;5.57;0.34;316.75;15.05;1184;41;5065.00;216
13395;39;624426149;13395;418;14577;14791;5.51;0.34;316.69;15.07;1182;41;5066.00;214
13397;39;624426163;13397;424;14579;14792;5.45;0.33;316.72;15.07;1182;41;5067.00;213
13399;39;624426175;13399;430;14582;14792;5.39;0.33;316.73;15.09;1183;41;5068.00;210
13400;39;624426188;13400;437;14587;14798;5.36;0.33;316.70;15.09;1187;41;5069.00;211
13403;39;624426202;13403;447;14589;14798;5.31;0.33;316.73;15.10;1186;41;5070.00;209
13404;39;624426214;13404;448;14591;14799;5.27;0.32;316.75;15.10;1187;41;5071.00;208
13405;39;624426227;13405;451;14594;14799;5.22;0.32;316.74;15.14;1189;41;5072.00;205
13407;39;624426239;13407;457;14594;14799;5.20;0.32;316.73;15.14;1187;41;5073.00;205
13409;39;624426252;13409;465;14597;14799;5.13;0.31;316.73;15.17;1188;41;5074.00;202
13411;39;624426264;13411;475;14599;14799;5.03;0.31;316.76;15.17;1188;41;5075.00;200
13413;39;624426276;13413;488;14608;14811;5.03;0.31;316.77;15.17;1195;41;5076.00;203
13414;39;624426288;13414;492;14611;14811;4.90;0.30;316.77;15.21;1197;41;5077.00;200
13417;39;624426300;13417;501;14613;14811;4.82;0.30;316.75;15.20;1196;41;5078.00;198
13418;39;624426313;13418;502;14613;14811;4.77;0.29;316.76;15.20;1195;41;5079.00;198
13422;39;624426324;13422;499;14616;14811;4.67;0.29;316.80;15.23;1194;41;5080.00;195
13424;39;624426336;13424;507;14617;14811;4.62;0.28;316.76;15.25;1193;41;5081.00;194
13425;39;624426347;13425;510;14625;14815;4.55;0.28;316.80;15.28;1200;41;5082.00;190
13426;39;624426365;13426;506;14625;14815;4.49;0.28;316.78;15.28;1199;41;5083.00;190
13428;39;624426377;13428;501;14631;14819;4.48;0.28;316.76;15.30;1203;41;5084.00;188
13431;39;624426390;13431;489;14633;14821;4.46;0.28;316.72;15.30;1202;41;5085.00;188
13434;39;624426402;13434;491;14634;14821;4.46;0.27;316.69;15.30;1200;41;5086.00;187
13436;39;624426414;13436;485;14636;14821;4.47;0.28;316.69;15.32;1200;41;5087.00;185
13437;39;624426426;13437;488;14646;14834;4.55;0.28;316.72;15.31;1209;41;5088.00;188
13439;39;624426439;13439;485;14648;14834;4.60;0.28;316.71;15.31;1209;41;5089.00;186
13440;39;624426451;13440;484;14651;14834;4.60;0.28;316.70;15.32;1211;41;5090.00;183
13444;39;624426463;13444;480;14652;14835;4.63;0.28;316.71;15.32;1208;41;5091.00;183
13445;40;624426475;13445;475;14653;14836;4.66;0.29;316.71;15.32;1208;42;5092.00;183
13450;40;624426498;13450;474;14654;14836;4.64;0.28;316.68;15.33;1204;42;5093.00;182
13452;40;624426510;13452;472;14656;14839;4.67;0.29;316.68;15.33;1204;42;5094.00;183
13453;40;624426528;13453;473;14659;14839;4.67;0.29;316.67;15.35;1206;42;5095.00;180
13456;40;624426541;13456;478;14659;14839;4.69;0.29;316.65;15.35;1203;42;5096.00;180
13458;40;624426553;13458;479;14659;14839;4.71;0.29;316.62;15.35;1201;42;5097.00;180
13462;40;624426571;13462;481;14666;14845;4.72;0.29;316.59;15.37;1204;42;5098.00;179
13467;40;624426583;13467;485;14666;14845;4.65;0.28;316.52;15.37;1199;42;5099.00;179
13469;40;624426607;13469;481;14673;14864;4.61;0.28;316.53;15.39;1204;42;5100.00;191
13472;40;624426636;13472;467;14673;14864;4.65;0.28;316.52;15.39;1201;42;5101.00;191
13474;40;624426659;13474;458;14676;14868;4.74;0.29;316.51;15.38;1202;42;5102.00;192
13477;40;624426679;13477;445;14679;14869;4.79;0.29;316.50;15.40;1202;42;5103.00;190
13480;40;624426697;13480;446;14679;14869;4.89;0.30;316.50;15.40;1199;42;5104.00;190
13484;40;624426712;13484;439;14682;14870;4.99;0.31;316.49;15.42;1198;42;5105.00;188
13488;40;624426726;13488;436;14685;14870;5.04;0.31;316.48;15.42;1197;42;5106.00;185
13491;40;624426741;13491;418;14685;14870;5.14;0.31;316.48;15.42;1194;42;5107.00;185
13494;40;624426755;13494;417;14687;14870;5.21;0.32;316.54;15.43;1193;42;5108.00;183
13496;40;624426769;13496;413;14687;14870;5.23;0.32;316.54;15.43;1191;42;5109.00;183
13497;40;624426783;13497;407;14687;14870;5.27;0.32;316.55;15.43;1190;42;5110.00;183
13502;40;624426797;13502;396;14688;14870;5.23;0.32;316.56;15.43;1186;42;5111.00;182
13506;40;624426811;13506;400;14721;14940;5.28;0.32;316.55;15.40;1215;42;5112.00;219
13507;40;624426830;13507;385;14723;14941;5.34;0.33;316.61;15.40;1216;42;5113.00;218
13511;40;624426844;13511;393;14729;14941;5.46;0.33;316.60;15.39;1218;42;5114.00;212
13515;40;624426858;13515;395;14732;14941;5.51;0.34;316.71;15.39;1217;42;5115.00;209
13518;40;624426873;13518;393;14737;14941;5.62;0.34;316.69;15.39;1219;42;5116.00;204
13522;40;624426887;13522;394;14741;14941;5.67;0.35;316.77;15.38;1219;42;5117.00;200
13525;40;624426901;13525;396;14745;14941;5.73;0.35;316.76;15.38;1220;42;5118.00;196
13530;40;624426916;13530;399;14746;14941;5.70;0.35;316.79;15.38;1216;42;5119.00;195
13533;40;624426930;13533;399;14749;14942;5.74;0.35;316.80;15.38;1216;42;5120.00;193
13536;40;624426944;13536;397;14751;14943;5.70;0.35;316.79;15.38;1215;42;5121.00;192
13540;40;624426959;13540;408;14754;14943;5.66;0.35;316.79;15.38;1214;42;5122.00;189
13542;40;624426974;13542;410;14760;14947;5.68;0.35;316.81;15.37;1218;42;5123.00;187
13548;40;624426989;13548;415;14761;14947;5.64;0.34;316.78;15.37;1213;42;5124.00;186
13551;40;624427005;13551;418;14761;14947;5.65;0.35;316.79;15.37;1210;42;5125.00;186
13556;40;624427019;13556;416;14761;14947;5.64;0.34;316.80;15.37;1205;42;5126.00;186
13562;40;624427035;13562;414;14765;14953;5.62;0.34;316.83;15.37;1203;42;5127.00;188
13567;40;624427050;13567;418;14766;14953;5.59;0.34;316.92;15.37;1199;42;5128.00;187
13569;40;624427065;13569;422;14766;14953;5.59;0.34;316.91;15.37;1197;42;5129.00;187
13572;40;624427081;13572;418;14770;14959;5.64;0.34;316.91;15.37;1198;42;5130.00;189
13573;40;624427097;13573;409;14770;14959;5.63;0.34;316.95;15.37;1197;42;5131.00;189
13576;40;624427111;13576;409;14771;14959;5.62;0.34;316.95;15.37;1195;42;5132.00;188
13582;40;624427126;13582;411;14773;14960;5.59;0.34;316.96;15.37;1191;42;5133.00;187
13584;40;624427140;13584;413;14775;14961;5.59;0.34;316.97;15.37;1191;42;5134.00;186
13588;40;624427154;13588;409;14776;14961;5.53;0.34;317.01;15.37;1188;42;5135.00;185
13592;40;624427168;13592;412;14786;14974;5.52;0.33;317.10;15.36;1194;42;5136.00;188
13594;40;624427183;13594;399;14787;14974;5.53;0.34;317.09;15.36;1193;42;5137.00;187
13598;40;624427197;13598;399;14787;14974;5.51;0.33;317.12;15.36;1189;42;5138.00;187
13602;40;624427211;13602;403;14791;14975;5.54;0.34;317.18;15.36;1189;42;5139.00;184
13605;40;624427226;13605;395;14791;14975;5.57;0.34;317.21;15.36;1186;42;5140.00;184
13607;40;624427240;13607;393;14796;14979;5.61;0.34;317.25;15.35;1189;42;5141.00;183
13611;40;624427256;13611;397;14796;14979;5.59;0.34;317.26;15.35;1185;42;5142.00;183
13613;40;624427270;13613;397;14799;14983;5.61;0.34;317.31;15.35;1186;42;5143.00;184
13617;40;624427284;13617;401;14799;14983;5.60;0.34;317.30;15.35;1182;42;5144.00;184
13621;40;624427298;13621;410;14799;14983;5.61;0.34;317.35;15.35;1178;42;5145.00;184
13625;40;624427312;13625;412;14799;14983;5.58;0.34;317.44;15.35;1174;42;5146.00;184
13628;40;624427326;13628;410;14799;14983;5.62;0.34;317.47;15.35;1171;42;5147.00;184
13630;40;624427340;13630;405;14809;14995;5.70;0.35;317.52;15.34;1179;42;5148.00;186
13633;40;624427356;13633;406;14809;14995;5.70;0.35;317.63;15.34;1176;42;5149.00;186
13635;40;624427370;13635;396;14810;14995;5.70;0.35;317.66;15.34;1175;42;5150.00;185
13637;40;624427386;13637;398;14810;14995;5.72;0.35;317.69;15.34;1173;42;5151.00;185
13640;40;624427401;13640;401;14810;14995;5.71;0.35;317.71;15.34;1170;42;5152.00;185
13641;40;624427428;13641;401;14810;14995;5.75;0.35;317.76;15.34;1169;42;5153.00;185
13645;40;624427443;13645;402;14810;14996;5.76;0.35;317.77;15.34;1165;42;5154.00;186
13646;40;624427457;13646;406;14812;14998;5.76;0.35;317.81;15.34;1166;42;5155.00;186
13650;40;624427473;13650;395;14817;15004;5.83;0.36;317.94;15.33;1167;42;5156.00;187
13652;40;624427489;13652;390;14818;15005;5.86;0.36;317.92;15.33;1166;42;5157.00;187
13655;40;624427503;13655;383;14818;15005;5.90;0.36;318.02;15.33;1163;42;5158.00;187
13655;40;624427519;13655;373;14818;15005;5.95;0.36;318.02;15.33;1163;42;5159.00;187
13658;40;624427535;13658;372;14822;15010;6.01;0.37;318.09;15.33;1164;42;5160.00;188
13661;40;624427550;13661;369;14822;15010;6.03;0.37;318.05;15.33;1161;42;5161.00;188
13668;40;624427565;13668;368;14822;15010;6.09;0.37;318.06;15.33;1154;42;5162.00;188
13670;40;624427580;13670;361;14823;15011;6.18;0.38;318.08;15.33;1153;42;5163.00;188
13673;40;624427598;13673;364;14826;15015;6.23;0.38;318.11;15.32;1153;42;5164.00;189
13677;40;624427613;13677;360;14826;15015;6.34;0.38;318.14;15.32;1149;42;5165.00;189
13680;40;624427631;13680;357;14828;15018;6.43;0.39;318.17;15.32;1148;42;5166.00;190
13681;40;624427651;13681;354;14828;15018;6.48;0.39;318.17;15.32;1147;42;5167.00;190
13684;40;624427670;13684;354;14829;15018;6.49;0.39;318.23;15.32;1145;42;5168.00;189
13686;40;624427686;13686;357;14829;15018;6.49;0.39;318.28;15.32;1143;42;5169.00;189
13688;40;624427700;13688;355;14833;15022;6.56;0.40;318.32;15.32;1145;42;5170.00;189
13690;40;624427714;13690;351;14833;15022;6.63;0.40;318.35;15.32;1143;42;5171.00;189
13696;40;624427729;13696;352;14833;15022;6.66;0.40;318.38;15.32;1137;42;5172.00;189
13700;40;624427745;13700;347;14833;15022;6.69;0.41;318.44;15.32;1133;42;5173.00;189
13703;40;624427766;13703;344;14833;15023;6.72;0.41;318.43;15.32;1130;42;5174.00;190
13705;40;624427781;13705;347;14835;15025;6.72;0.41;318.48;15.32;1130;42;5175.00;190
13710;40;624427795;13710;342;14835;15025;6.65;0.40;318.57;15.32;1125;42;5176.00;190
13713;40;624427810;13713;341;14836;15026;6.66;0.40;318.63;15.31;1123;42;5177.00;190
13717;40;624427826;13717;342;14836;15026;6.67;0.40;318.68;15.31;1119;42;5178.00;190
13718;40;624427848;13718;336;14836;15026;6.68;0.40;318.67;15.31;1118;42;5179.00;190
13720;40;624427868;13720;329;14836;15026;6.70;0.41;318.72;15.31;1116;42;5180.00;190
13721;40;624427886;13721;327;14836;15026;6.74;0.41;318.74;15.31;1115;42;5181.00;190
13724;40;624427902;13724;324;14836;15026;6.74;0.41;318.77;15.31;1112;42;5182.00;190
13726;40;624427917;13726;322;14836;15026;6.76;0.41;318.83;15.31;1110;42;5183.00;190
13730;40;624427937;13730;349;14910;15153;6.73;0.41;318.88;15.24;1180;42;5184.00;243
13733;40;624427964;13733;342;14911;15154;6.71;0.41;318.93;15.24;1178;42;5185.00;243
13734;40;624427982;13734;327;14917;15154;6.78;0.41;318.93;15.23;1183;42;5186.00;237
13735;40;624428002;13735;325;14917;15154;6.81;0.42;318.95;15.23;1182;42;5187.00;237
13737;40;624428018;13737;328;14923;15154;6.83;0.42;318.92;15.23;1186;42;5188.00;231
13740;40;624428034;13740;325;14923;15154;6.83;0.42;318.94;15.23;1183;42;5189.00;231
13743;40;624428050;13743;330;14926;15154;6.85;0.42;318.99;15.23;1183;42;5190.00;228
13745;40;624428068;13745;338;14929;15154;6.85;0.42;319.00;15.22;1184;42;5191.00;225
13748;40;624428084;13748;337;14932;15155;6.86;0.42;319.03;15.22;1184;42;5192.00;223
13750;40;624428099;13750;344;14937;15156;6.80;0.42;319.02;15.22;1187;42;5193.00;219
13752;40;624428116;13752;348;14940;15156;6.74;0.41;319.09;15.22;1188;42;5194.00;216
13754;40;624428133;13754;353;14942;15157;6.69;0.41;319.11;15.22;1188;42;5195.00;215
13755;40;624428150;13755;351;14944;15157;6.63;0.41;319.16;15.22;1189;42;5196.00;213
13756;40;624428164;13756;364;14947;15157;6.55;0.40;319.18;15.22;1191;42;5197.00;210
13757;40;624428178;13757;368;14947;15157;6.52;0.40;319.18;15.22;1190;42;5198.00;210
13760;40;624428192;13760;372;14950;15161;6.45;0.40;319.17;15.22;1190;42;5199.00;211
13764;40;624428207;13764;371;14951;15161;6.36;0.39;319.23;15.22;1187;42;5200.00;210
13765;40;624428225;13765;373;14953;15161;6.29;0.39;319.25;15.22;1188;42;5201.00;208
13772;40;624428239;13772;370;14956;15164;6.23;0.38;319.31;15.21;1184;42;5202.00;208
13774;40;624428253;13774;364;14956;15164;6.24;0.38;319.30;15.21;1182;42;5203.00;208
13776;40;624428267;13776;365;14957;15164;6.23;0.38;319.28;15.21;1181;42;5204.00;207
13781;40;624428282;13781;361;14965;15168;6.21;0.38;319.24;15.24;1184;42;5205.00;203
13784;40;624428298;13784;358;14967;15169;6.26;0.38;319.21;15.24;1183;42;5206.00;202
13786;40;624428313;13786;356;14968;15169;6.24;0.38;319.21;15.24;1182;42;5207.00;201
13793;40;624428327;13793;360;14969;15173;6.23;0.38;319.20;15.24;1176;42;5208.00;204
13799;40;624428342;13799;359;14970;15173;6.17;0.38;319.19;15.24;1171;42;5209.00;203
13800;40;624428357;13800;357;14970;15173;6.15;0.37;319.19;15.24;1170;42;5210.00;203
13802;40;624428372;13802;367;14971;15174;6.11;0.37;319.21;15.24;1169;42;5211.00;203
13802;40;624428387;13802;376;14971;15174;6.04;0.37;319.21;15.24;1169;42;5212.00;203
13803;40;624428401;13803;386;14976;15180;6.03;0.37;319.19;15.23;1173;42;5213.00;204
13808;40;624428415;13808;385;14977;15180;5.96;0.36;319.13;15.37;1169;42;5214.00;203
13812;40;624428432;13812;398;14977;15180;5.92;0.36;319.10;15.37;1165;42;5215.00;203
13814;40;624428446;13814;400;14977;15181;5.92;0.36;319.09;15.37;1163;42;5216.00;204
13815;40;624428459;13815;403;14978;15181;5.86;0.36;319.07;15.37;1163;42;5217.00;203
13817;40;624428474;13817;409;14978;15181;5.81;0.35;319.04;15.37;1161;42;5218.00;203
13819;40;624428488;13819;417;14978;15181;5.73;0.35;319.02;15.37;1159;42;5219.00;203
13822;40;624428503;13822;420;15000;15217;5.74;0.35;318.97;15.35;1178;42;5220.00;217
13825;40;624428520;13825;425;15001;15217;5.61;0.34;318.94;15.35;1176;42;5221.00;216
13827;40;624428534;13827;434;15005;15217;5.58;0.34;318.92;15.34;1178;42;5222.00;212
13830;40;624428547;13830;429;15006;15217;5.45;0.33;318.87;15.34;1176;42;5223.00;211
13830;40;624428560;13830;435;15008;15217;5.44;0.33;318.87;15.34;1178;42;5224.00;209
13831;40;624428573;13831;440;15009;15217;5.36;0.33;318.85;15.34;1178;42;5225.00;208
13833;40;624428586;13833;448;15013;15221;5.29;0.32;318.87;15.34;1180;42;5226.00;208
13835;40;624428607;13835;454;15013;15221;5.24;0.32;318.88;15.34;1178;42;5227.00;208
13837;40;624428629;13837;453;15017;15225;5.22;0.32;318.88;15.33;1180;42;5228.00;208
13839;40;624428660;13839;457;15018;15226;5.18;0.32;318.88;15.33;1179;42;5229.00;208
13839;40;624428681;13839;459;15020;15226;5.17;0.31;318.88;15.36;1181;42;5230.00;206
13843;40;624428703;13843;467;15020;15226;5.11;0.31;318.90;15.36;1177;42;5231.00;206
13846;40;624428732;13846;469;15031;15239;5.05;0.31;318.87;15.35;1185;42;5232.00;208
13848;40;624428749;13848;474;15033;15239;4.97;0.30;318.89;15.38;1185;42;5233.00;206
13848;40;624428765;13848;477;15033;15239;4.94;0.30;318.89;15.38;1185;42;5234.00;206
13850;40;624428778;13850;471;15034;15240;4.93;0.30;318.89;15.38;1184;42;5235.00;206
13850;40;624428794;13850;463;15036;15241;4.93;0.30;318.89;15.41;1186;42;5236.00;205
13850;40;624428811;13850;462;15036;15241;4.93;0.30;318.89;15.41;1186;42;5237.00;205
13851;40;624428834;13851;465;15038;15244;4.93;0.30;318.90;15.41;1187;42;5238.00;206
13851;40;624428853;13851;472;15040;15244;4.92;0.30;318.90;15.43;1189;42;5239.00;204
13851;40;624428875;13851;471;15041;15244;4.94;0.30;318.90;15.43;1190;42;5240.00;203
13852;40;624428889;13852;466;15043;15244;4.93;0.30;318.91;15.46;1191;42;5241.00;201
13853;40;624428908;13853;467;15049;15250;4.96;0.30;318.92;15.47;1196;42;5242.00;201
13855;40;624428928;13855;467;15050;15250;4.92;0.30;318.90;15.48;1195;42;5243.00;200
13855;40;624428946;13855;464;15051;15250;4.91;0.30;318.90;15.49;1196;42;5244.00;199
13855;40;624428962;13855;474;15053;15250;4.90;0.30;318.90;15.52;1198;42;5245.00;197
13855;40;624428977;13855;472;15056;15254;4.87;0.30;318.90;15.51;1201;42;5246.00;198
13855;40;624428990;13855;478;15059;15255;4.86;0.30;318.90;15.54;1204;42;5247.00;196
13856;40;624429004;13856;486;15059;15255;4.82;0.29;318.88;15.54;1203;42;5248.00;196
13857;40;624429017;13857;478;15062;15256;4.74;0.29;318.87;15.56;1205;42;5249.00;194
13857;40;624429040;13857;475;15062;15256;4.75;0.29;318.87;15.56;1205;42;5250.00;194
13857;40;624429054;13857;479;15065;15256;4.74;0.29;318.87;15.59;1208;42;5251.00;191
13859;40;624429069;13859;470;15066;15256;4.66;0.28;318.89;15.60;1207;42;5252.00;190
13859;40;624429083;13859;474;15066;15256;4.65;0.28;318.89;15.60;1207;42;5253.00;190
13861;40;624429097;13861;474;15068;15256;4.64;0.28;318.88;15.62;1207;42;5254.00;188
13862;40;624429111;13862;472;15068;15256;4.63;0.28;318.90;15.62;1206;42;5255.00;188
13863;40;624429123;13863;468;15102;15326;4.84;0.30;318.95;15.59;1239;42;5256.00;224
13865;40;624429144;13865;463;15106;15327;4.83;0.30;318.93;15.60;1241;42;5257.00;221
13867;40;624429160;13867;460;15113;15327;4.88;0.30;318.90;15.60;1246;42;5258.00;214
13869;40;624429178;13869;461;15124;15327;4.91;0.30;318.89;15.61;1255;42;5259.00;203
13873;40;624429194;13873;461;15128;15327;4.89;0.30;318.90;15.62;1255;42;5260.00;199
13876;40;624429210;13876;464;15131;15327;4.88;0.30;318.89;15.61;1255;42;5261.00;196
13877;40;624429225;13877;461;15133;15327;4.84;0.30;318.87;15.61;1256;42;5262.00;194
13882;40;624429238;13882;466;15136;15327;4.75;0.29;318.91;15.63;1254;42;5263.00;191
13885;40;624429258;13885;465;15138;15328;4.67;0.29;318.89;15.64;1253;42;5264.00;190
13888;40;624429272;13888;458;15144;15330;4.64;0.28;318.90;15.66;1256;42;5265.00;186
13891;40;624429286;13891;461;15146;15330;4.61;0.28;318.93;15.66;1255;42;5266.00;184
13893;40;624429300;13893;472;15149;15334;4.59;0.28;318.92;15.66;1256;42;5267.00;185
13898;40;624429315;13898;466;15151;15334;4.56;0.28;318.96;15.67;1253;42;5268.00;183
13903;40;624429329;13903;474;15151;15334;4.52;0.28;319.02;15.67;1248;42;5269.00;183
13903;40;624429343;13903;473;15152;15334;4.57;0.28;319.02;15.68;1249;42;5270.00;182
13907;40;624429359;13907;470;15157;15340;4.56;0.28;319.06;15.68;1250;42;5271.00;183
13911;40;624429375;13911;465;15158;15340;4.62;0.28;319.08;15.69;1247;42;5272.00;182
13914;40;624429390;13914;461;15159;15340;4.66;0.29;319.09;15.69;1245;42;5273.00;181
13917;40;624429405;13917;451;15160;15343;4.71;0.29;319.13;15.69;1243;42;5274.00;183
13920;40;624429419;13920;453;15160;15343;4.73;0.29;319.13;15.69;1240;42;5275.00;183
13927;40;624429434;13927;448;15160;15343;4.69;0.29;319.22;15.69;1233;42;5276.00;183
13929;40;624429449;13929;437;15161;15344;4.74;0.29;319.25;15.69;1232;42;5277.00;183
13933;40;624429463;13933;438;15162;15345;4.75;0.29;319.29;15.69;1229;42;5278.00;183
13935;40;624429479;13935;430;15162;15345;4.79;0.29;319.30;15.69;1227;42;5279.00;183
13936;40;624429495;13936;428;15180;15371;4.91;0.30;319.28;15.67;1244;42;5280.00;191
13940;40;624429519;13940;426;15182;15371;4.90;0.30;319.34;15.67;1242;42;5281.00;189
13944;40;624429546;13944;424;15184;15371;4.95;0.30;319.34;15.67;1240;42;5282.00;187
13949;40;624429564;13949;415;15186;15372;5.00;0.31;319.37;15.66;1237;42;5283.00;186
13952;40;624429581;13952;417;15187;15372;5.11;0.31;319.37;15.66;1235;42;5284.00;185
13956;40;624429597;13956;413;15191;15376;5.21;0.32;319.40;15.80;1235;42;5285.00;185
13962;40;624429618;13962;407;15192;15376;5.25;0.32;319.46;15.80;1230;42;5286.00;184
13963;40;624429635;13963;402;15195;15379;5.32;0.32;319.47;15.80;1232;42;5287.00;184
13968;40;624429652;13968;403;15196;15380;5.34;0.33;319.46;15.80;1228;42;5288.00;184
13973;40;624429667;13973;396;15196;15380;5.34;0.33;319.47;15.80;1223;42;5289.00;184
13975;40;624429682;13975;400;15196;15380;5.34;0.33;319.54;15.80;1221;42;5290.00;184
13980;40;624429697;13980;394;15196;15380;5.28;0.32;319.61;15.80;1216;42;5291.00;184
13981;40;624429712;13981;385;15206;15392;5.37;0.33;319.60;15.79;1225;42;5292.00;186
13984;40;624429727;13984;391;15206;15392;5.37;0.33;319.63;15.79;1222;42;5293.00;186
13987;40;624429744;13987;371;15207;15392;5.39;0.33;319.70;15.79;1220;42;5294.00;185
13993;40;624429764;13993;382;15207;15392;5.35;0.33;319.71;15.79;1214;42;5295.00;185
13997;40;624429785;13997;375;15207;15392;5.31;0.32;319.77;15.79;1210;42;5296.00;185
14001;40;624429811;14001;378;15207;15392;5.29;0.32;319.80;15.79;1206;42;5297.00;185
14003;40;624429827;14003;379;15207;15393;5.29;0.32;319.85;15.79;1204;42;5298.00;186
14008;40;624429844;14008;379;15207;15393;5.28;0.32;319.88;15.79;1199;42;5299.00;186
14011;40;624429863;14011;373;15213;15399;5.29;0.32;319.91;15.92;1202;42;5300.00;186
14014;40;624429887;14014;371;15213;15400;5.31;0.32;319.92;15.92;1199;42;5301.00;187
14016;40;624429902;14016;371;15214;15400;5.33;0.32;319.91;15.92;1198;42;5302.00;186
14022;40;624429917;14022;376;15214;15400;5.32;0.32;320.00;15.92;1192;42;5303.00;186
14025;40;624429933;14025;375;15217;15404;5.39;0.33;320.00;15.92;1192;42;5304.00;187
14029;40;624429948;14029;373;15217;15404;5.42;0.33;319.99;15.92;1188;42;5305.00;187
14032;40;624429963;14032;368;15217;15404;5.43;0.33;319.98;15.92;1185;42;5306.00;187
14038;40;624429979;14038;363;15218;15405;5.44;0.33;320.06;15.92;1180;42;5307.00;187
14042;40;624429995;14042;367;15221;15409;5.43;0.33;320.06;15.91;1179;42;5308.00;188
14044;40;624430011;14044;368;15222;15409;5.41;0.33;320.10;16.05;1178;42;5309.00;187
14049;40;624430028;14049;365;15226;15415;5.44;0.33;320.14;16.05;1177;42;5310.00;189
14051;40;624430044;14051;363;15227;15415;5.45;0.33;320.17;16.05;1176;42;5311.00;188
14055;40;624430059;14055;375;15228;15415;5.48;0.33;320.16;16.05;1173;42;5312.00;187
14058;40;624430074;14058;374;15228;15415;5.49;0.33;320.18;16.05;1170;42;5313.00;187
14061;40;624430088;14061;378;15232;15419;5.57;0.34;320.28;16.04;1171;42;5314.00;187
14064;40;624430104;14064;381;15233;15419;5.60;0.34;320.33;16.18;1169;42;5315.00;186
14067;40;624430119;14067;378;15233;15419;5.60;0.34;320.41;16.18;1166;42;5316.00;186
14073;40;624430134;14073;365;15233;15419;5.61;0.34;320.54;16.18;1160;42;5317.00;186
14076;40;624430150;14076;356;15233;15420;5.62;0.34;320.60;16.18;1157;42;5318.00;187
14083;40;624430167;14083;355;15234;15421;5.63;0.34;320.69;16.18;1151;42;5319.00;187
14085;40;624430184;14085;350;15234;15421;5.68;0.35;320.71;16.18;1149;42;5320.00;187
14088;40;624430201;14088;351;15235;15422;5.72;0.35;320.79;16.18;1147;42;5321.00;187
14095;40;624430217;14095;352;15235;15422;5.69;0.35;320.85;16.18;1140;42;5322.00;187
14098;40;624430232;14098;360;15236;15422;5.66;0.35;320.96;16.31;1138;42;5323.00;186
14105;40;624430247;14105;366;15236;15422;5.61;0.34;320.97;16.31;1131;42;5324.00;186
14108;40;624430262;14108;372;15236;15422;5.63;0.34;321.03;16.31;1128;42;5325.00;186
14113;40;624430282;14113;361;15236;15422;5.59;0.34;321.13;16.31;1123;42;5326.00;186
14118;40;624430301;14118;360;15237;15422;5.49;0.34;321.15;16.45;1119;42;5327.00;185
14120;40;624430323;14120;389;15311;15549;5.49;0.34;321.18;16.37;1191;42;5328.00;238
14126;40;624430347;14126;371;15311;15550;5.45;0.34;321.25;16.37;1185;42;5329.00;239
14128;40;624430362;14128;361;15317;15550;5.51;0.34;321.30;16.50;1189;42;5330.00;233
14132;40;624430376;14132;356;15317;15550;5.56;0.34;321.38;16.50;1185;42;5331.00;233
14137;40;624430391;14137;357;15321;15550;5.67;0.35;321.42;16.50;1184;42;5332.00;229
14140;40;624430406;14140;354;15322;15550;5.80;0.36;321.43;16.49;1182;42;5333.00;228
14144;40;624430421;14144;354;15324;15550;5.91;0.36;321.45;16.49;1180;42;5334.00;226
14145;40;624430435;14145;352;15326;15550;6.07;0.37;321.43;16.49;1181;42;5335.00;224
14148;40;624430449;14148;356;15330;15551;6.17;0.38;321.47;16.49;1182;42;5336.00;221
14149;40;624430464;14149;351;15335;15552;6.26;0.38;321.48;16.49;1186;42;5337.00;217
14150;40;624430481;14150;346;15338;15552;6.32;0.39;321.52;16.49;1188;42;5338.00;214
14153;40;624430502;14153;345;15341;15553;6.35;0.39;321.58;16.48;1188;42;5339.00;212
14155;40;624430519;14155;343;15342;15553;6.32;0.39;321.57;16.48;1187;42;5340.00;211
14156;40;624430533;14156;341;15345;15553;6.28;0.39;321.62;16.62;1189;42;5341.00;208
14159;40;624430547;14159;338;15347;15553;6.29;0.39;321.70;16.62;1188;42;5342.00;206
14160;40;624430561;14160;346;15352;15557;6.25;0.38;321.74;16.62;1192;42;5343.00;205
14163;40;624430576;14163;346;15354;15557;6.22;0.38;321.80;16.62;1191;42;5344.00;203
14165;40;624430592;14165;349;15355;15557;6.24;0.38;321.77;16.62;1190;42;5345.00;202
14166;40;624430616;14166;355;15358;15560;6.28;0.38;321.81;16.62;1192;42;5346.00;202
14173;40;624430640;14173;362;15359;15560;6.28;0.38;321.85;16.62;1186;42;5347.00;201
14175;40;624430662;14175;366;15361;15560;6.27;0.38;321.92;16.62;1186;42;5348.00;199
14177;40;624430684;14177;375;15366;15564;6.26;0.38;321.91;16.61;1189;42;5349.00;198
14180;40;624430707;14180;379;15369;15565;6.20;0.38;322.01;16.61;1189;42;5350.00;196
14183;40;624430732;14183;383;15370;15565;6.16;0.38;322.04;16.61;1187;42;5351.00;195
14183;40;624430749;14183;382;15372;15569;6.19;0.38;322.04;16.61;1189;42;5352.00;197
14186;40;624430764;14186;381;15373;15569;6.16;0.38;322.09;16.61;1187;42;5353.00;196
14187;40;624430781;14187;383;15373;15569;6.18;0.38;322.07;16.61;1186;42;5354.00;196
14191;40;624430796;14191;391;15375;15571;6.23;0.38;322.05;16.60;1184;42;5355.00;196
14194;40;624430812;14194;393;15375;15571;6.20;0.38;322.10;16.60;1181;42;5356.00;196
14196;40;624430827;14196;390;15380;15577;6.21;0.38;322.10;16.60;1184;42;5357.00;197
14198;40;624430844;14198;389;15380;15577;6.22;0.38;322.12;16.60;1182;42;5358.00;197
14200;40;624430859;14200;391;15380;15577;6.23;0.38;322.18;16.60;1180;42;5359.00;197
14204;40;624430874;14204;386;15381;15578;6.17;0.38;322.20;16.74;1177;42;5360.00;197
14206;40;624430897;14206;388;15381;15578;6.16;0.38;322.19;16.74;1175;42;5361.00;197
14209;40;624430912;14209;384;15381;15578;6.10;0.37;322.25;16.74;1172;42;5362.00;197
14213;40;624430928;14213;376;15381;15578;6.10;0.37;322.32;16.74;1168;42;5363.00;197
14217;40;624430943;14217;379;15391;15590;6.15;0.37;322.29;16.72;1174;42;5364.00;199
14218;40;624430959;14218;373;15391;15590;6.22;0.38;322.28;16.72;1173;42;5365.00;199
14219;40;624430974;14219;376;15392;15590;6.24;0.38;322.27;16.72;1173;42;5366.00;198
14220;40;624430988;14220;380;15392;15590;6.22;0.38;322.27;16.72;1172;42;5367.00;198
14224;40;624431002;14224;380;15392;15590;6.17;0.38;322.35;16.72;1168;42;5368.00;198
14228;40;624431017;14228;379;15392;15590;6.09;0.37;322.35;16.72;1164;42;5369.00;198
14232;40;624431034;14232;387;15395;15594;6.06;0.37;322.37;16.72;1163;42;5370.00;199
14235;40;624431048;14235;391;15395;15594;5.96;0.36;322.33;16.72;1160;42;5371.00;199
14239;40;624431062;14239;387;15399;15598;5.92;0.36;322.32;16.72;1160;42;5372.00;199
14242;40;624431076;14242;389;15400;15599;5.88;0.36;322.33;16.72;1158;42;5373.00;199
14244;40;624431089;14244;388;15402;15599;5.82;0.35;322.33;16.87;1158;42;5374.00;197
14247;40;624431104;14247;389;15402;15599;5.74;0.35;322.29;16.87;1155;42;5375.00;197
14250;40;624431117;14250;391;15414;15612;5.71;0.35;322.29;16.87;1164;42;5376.00;198
14252;40;624431132;14252;390;15414;15612;5.70;0.35;322.30;16.87;1162;42;5377.00;198
14257;40;624431146;14257;394;15414;15612;5.66;0.35;322.28;16.87;1157;42;5378.00;198
14258;40;624431160;14258;400;15415;15613;5.72;0.35;322.26;16.87;1157;42;5379.00;198
14263;40;624431175;14263;402;15415;15614;5.69;0.35;322.25;16.87;1152;42;5380.00;199
14264;40;624431189;14264;405;15415;15614;5.72;0.35;322.24;16.87;1151;42;5381.00;199
14265;40;624431202;14265;405;15417;15617;5.77;0.35;322.22;16.86;1152;42;5382.00;200
14268;40;624431215;14268;409;15417;15617;5.75;0.35;322.22;16.86;1149;42;5383.00;200
14271;40;624431228;14271;421;15418;15617;5.70;0.35;322.22;16.86;1147;42;5384.00;199
14272;40;624431241;14272;420;15418;15617;5.60;0.34;322.21;16.86;1146;42;5385.00;199
14276;40;624431253;14276;425;15423;15623;5.57;0.34;322.15;16.86;1147;42;5386.00;200
14277;40;624431267;14277;418;15423;15623;5.56;0.34;322.15;16.86;1146;42;5387.00;200
14278;40;624431280;14278;415;15423;15623;5.54;0.34;322.15;16.86;1145;42;5388.00;200
14281;40;624431293;14281;410;15423;15623;5.52;0.34;322.17;16.86;1142;42;5389.00;200
14284;40;624431306;14284;413;15426;15627;5.56;0.34;322.17;16.85;1142;42;5390.00;201
14287;40;624431319;14287;412;15427;15628;5.57;0.34;322.15;16.85;1140;42;5391.00;201
14288;40;624431333;14288;410;15427;15628;5.57;0.34;322.19;16.85;1139;42;5392.00;201
14288;40;624431346;14288;411;15428;15629;5.61;0.34;322.19;16.85;1140;42;5393.00;201
14290;40;624431365;14290;411;15428;15629;5.56;0.34;322.17;16.85;1138;42;5394.00;201
14292;40;624431378;14292;411;15428;15629;5.51;0.34;322.19;16.85;1136;42;5395.00;201
14293;40;624431398;14293;413;15429;15629;5.54;0.34;322.19;16.87;1136;42;5396.00;200
14294;40;624431411;14294;412;15430;15629;5.52;0.34;322.18;16.88;1136;42;5397.00;199
14294;40;624431424;14294;411;15430;15629;5.48;0.33;322.18;16.88;1136;42;5398.00;199
14295;40;624431436;14295;415;15430;15629;5.46;0.33;322.18;16.88;1135;42;5399.00;199
