step_arrived;step_collisions;step_duration;step_ended;step_halting;step_inserted;step_loaded;step_meanSpeed;step_meanSpeedRelative;step_meanTravelTime;step_meanWaitingTime;step_running;step_teleports;step_time;step_waiting
0;0;623522858;0;1;88;245;16.12;1.13;-1.00;0.00;88;0;0.00;157
0;0;623522891;0;0;102;245;15.49;1.07;-1.00;0.14;102;0;1.00;143
0;0;623522893;0;1;124;245;14.62;0.99;-1.00;0.47;124;0;2.00;121
0;0;623522894;0;1;137;245;13.75;0.93;-1.00;0.71;137;0;3.00;108
0;0;623522895;0;2;152;245;12.53;0.84;-1.00;1.03;152;0;4.00;93
0;0;623522897;0;5;159;245;11.78;0.79;-1.00;1.21;159;0;5.00;86
0;0;623522898;0;7;171;245;10.78;0.72;-1.00;1.54;171;0;6.00;74
0;0;623522900;0;10;179;245;10.15;0.67;-1.00;1.79;179;0;7.00;66
0;0;623522902;0;18;190;246;9.55;0.63;-1.00;2.15;190;0;8.00;56
0;0;623522905;0;19;194;247;9.30;0.61;-1.00;2.29;194;0;9.00;53
0;0;623522907;0;27;202;247;8.88;0.59;-1.00;2.59;202;0;10.00;45
0;0;623522909;0;27;205;248;8.61;0.57;-1.00;2.67;205;0;11.00;43
1;0;623522911;1;31;210;248;8.46;0.56;12.00;2.89;209;0;12.00;38
2;0;623522914;2;34;212;248;8.40;0.55;12.50;2.99;210;0;13.00;36
2;0;623522916;2;39;217;248;8.28;0.54;12.50;3.24;215;0;14.00;31
2;0;623522919;2;45;223;252;8.20;0.53;12.50;3.40;221;0;15.00;29
2;0;623522923;2;47;225;252;8.14;0.52;12.50;3.51;223;0;16.00;27
2;0;623522925;2;50;229;252;8.00;0.51;12.50;3.69;227;0;17.00;23
2;0;623522928;2;59;231;255;8.03;0.51;12.50;3.73;229;0;18.00;24
2;0;623522931;2;58;235;255;8.00;0.51;12.50;3.99;233;0;19.00;20
3;0;623522934;3;67;237;255;7.97;0.51;15.00;4.13;234;0;20.00;18
4;0;623522936;4;70;242;259;8.20;0.52;16.50;4.14;238;0;21.00;17
5;0;623522940;5;76;244;260;8.18;0.52;17.60;4.20;239;0;22.00;16
5;0;623522949;5;79;245;260;8.18;0.52;17.60;4.28;240;0;23.00;15
6;0;623522952;6;82;250;264;8.32;0.52;18.50;4.29;244;0;24.00;14
6;0;623522955;6;87;251;264;8.53;0.53;18.50;4.37;245;0;25.00;13
6;0;623522958;6;88;253;264;8.61;0.54;18.50;4.49;247;0;26.00;11
6;0;623522961;6;92;253;265;8.70;0.54;18.50;4.49;247;0;27.00;12
6;0;623522964;6;93;254;265;8.67;0.54;18.50;4.58;248;0;28.00;11
6;0;623522967;6;94;259;271;8.64;0.54;18.50;4.51;253;0;29.00;12
6;0;623522972;6;94;260;271;8.63;0.54;18.50;4.54;254;0;30.00;11
8;0;623522975;8;95;261;272;8.51;0.53;21.25;4.53;253;0;31.00;11
8;0;623522979;8;97;262;272;8.50;0.53;21.25;4.63;254;0;32.00;10
9;0;623522981;9;100;264;272;8.53;0.53;22.56;4.85;255;0;33.00;8
9;0;623522984;9;105;265;272;8.54;0.53;22.56;4.96;256;0;34.00;7
10;0;623522987;10;108;267;272;8.48;0.52;23.80;5.04;257;0;35.00;5
11;0;623522990;11;111;276;284;8.63;0.53;24.36;4.88;265;0;36.00;8
11;0;623522994;11;113;277;284;8.65;0.54;24.36;4.93;266;0;37.00;7
12;0;623522997;12;116;279;284;8.59;0.53;25.17;4.91;267;0;38.00;5
14;0;623523000;14;118;280;284;8.45;0.52;26.57;4.94;266;0;39.00;4
14;0;623523003;14;118;280;284;8.43;0.52;26.57;4.94;266;0;40.00;4
14;0;623523006;14;122;281;284;8.32;0.52;26.57;4.94;267;0;41.00;3
14;0;623523010;14;127;285;288;8.26;0.51;26.57;4.88;271;0;42.00;3
14;0;623523013;14;129;285;288;8.15;0.51;26.57;4.88;271;0;43.00;3
16;0;623523016;16;132;289;292;8.13;0.50;28.63;4.83;273;0;44.00;3
17;0;623523019;17;134;290;294;7.90;0.49;29.00;4.81;273;0;45.00;4
18;0;623523022;18;135;291;294;7.75;0.48;28.78;4.80;273;0;46.00;3
19;0;623523025;19;135;291;294;7.61;0.47;29.32;4.80;272;0;47.00;3
19;0;623523028;19;139;302;307;7.94;0.49;29.32;4.62;283;0;48.00;5
19;0;623523032;19;139;302;307;7.78;0.49;29.32;4.62;283;0;49.00;5
19;0;623523035;19;142;302;307;7.71;0.48;29.32;4.62;283;0;50.00;5
19;0;623523038;19;145;303;308;7.71;0.48;29.32;4.61;284;0;51.00;5
20;0;623523041;20;146;304;309;7.58;0.47;30.45;4.60;284;0;52.00;5
20;0;623523044;20;148;304;309;7.47;0.47;30.45;4.60;284;0;53.00;5
21;0;623523047;21;149;306;312;7.46;0.47;31.52;4.57;285;0;54.00;6
24;0;623523050;24;152;306;312;7.26;0.45;32.75;4.57;282;0;55.00;6
25;0;623523053;25;140;307;312;7.22;0.45;33.68;4.56;282;0;56.00;5
26;0;623523056;26;136;307;312;7.24;0.45;33.65;4.56;281;0;57.00;5
26;0;623523058;26;138;313;318;7.35;0.46;33.65;4.49;287;0;58.00;5
29;0;623523063;29;138;313;318;7.36;0.45;35.31;4.49;284;0;59.00;5
29;0;623523068;29;143;313;318;7.44;0.46;35.31;4.49;284;0;60.00;5
29;0;623523073;29;146;313;318;7.45;0.46;35.31;4.49;284;0;61.00;5
31;0;623523076;31;150;317;322;7.49;0.46;36.87;4.45;286;0;62.00;5
31;0;623523079;31;150;318;323;7.60;0.46;36.87;4.43;287;0;63.00;5
31;0;623523082;31;149;318;323;7.71;0.47;36.87;4.43;287;0;64.00;5
32;0;623523085;32;152;319;324;7.79;0.48;36.44;4.42;287;0;65.00;5
33;0;623523088;33;152;319;324;7.78;0.48;37.33;4.42;286;0;66.00;5
33;0;623523092;33;142;319;324;7.83;0.48;37.33;4.42;286;0;67.00;5
33;0;623523095;33;140;319;324;7.86;0.48;37.33;4.42;286;0;68.00;5
35;0;623523098;35;136;319;324;7.84;0.48;38.97;4.42;284;0;69.00;5
35;0;623523101;35;133;319;324;7.97;0.49;38.97;4.42;284;0;70.00;5
36;0;623523104;36;130;319;324;8.10;0.49;39.86;4.42;283;0;71.00;5
36;0;623523107;36;135;353;394;8.33;0.51;39.86;4.00;317;0;72.00;41
37;0;623523116;37;128;354;395;8.52;0.52;40.19;3.99;317;0;73.00;41
39;0;623523119;39;122;361;395;8.84;0.54;41.90;3.95;322;0;74.00;34
39;0;623523123;39;121;365;395;9.12;0.56;41.90;3.94;326;0;75.00;30
39;0;623523126;39;117;367;395;9.38;0.57;41.90;3.94;328;0;76.00;28
39;0;623523136;39;117;369;395;9.49;0.58;41.90;3.95;330;0;77.00;26
39;0;623523139;39;117;371;395;9.54;0.58;41.90;3.96;332;0;78.00;24
39;0;623523145;39;117;373;395;9.57;0.58;41.90;3.97;334;0;79.00;22
41;0;623523149;41;116;375;396;9.64;0.58;43.32;3.99;334;0;80.00;21
42;0;623523159;42;121;377;397;9.65;0.58;44.21;4.02;335;0;81.00;20
42;0;623523163;42;119;379;397;9.64;0.58;44.21;4.05;337;0;82.00;18
42;0;623523166;42;124;385;401;9.55;0.58;44.21;4.04;343;0;83.00;16
42;0;623523171;42;125;386;401;9.57;0.58;44.21;4.04;344;0;84.00;15
42;0;623523176;42;125;386;401;9.53;0.58;44.21;4.04;344;0;85.00;15
42;0;623523179;42;126;386;401;9.43;0.58;44.21;4.04;344;0;86.00;15
43;0;623523183;43;127;391;407;9.42;0.58;45.21;4.00;348;0;87.00;16
44;0;623523187;44;130;391;407;9.29;0.57;46.18;4.00;347;0;88.00;16
45;0;623523191;45;129;391;407;9.22;0.56;47.00;4.00;346;0;89.00;16
47;0;623523196;47;130;395;413;9.23;0.56;48.74;3.96;348;0;90.00;18
48;0;623523200;48;132;395;413;9.18;0.56;49.63;3.96;347;0;91.00;18
52;0;623523204;52;136;397;413;9.17;0.56;52.88;3.95;345;0;92.00;16
53;0;623523208;53;135;398;414;9.07;0.55;53.64;3.94;345;0;93.00;16
55;0;623523211;55;135;399;415;9.00;0.55;55.11;3.93;344;0;94.00;16
56;0;623523215;56;137;399;415;8.88;0.54;55.82;3.93;343;0;95.00;16
58;0;623523219;58;142;409;428;8.70;0.53;56.84;3.84;351;0;96.00;19
61;0;623523223;61;139;409;428;8.56;0.52;57.54;3.84;348;0;97.00;19
63;0;623523227;63;139;410;428;8.53;0.52;58.76;3.83;347;0;98.00;18
63;0;623523231;63;136;411;429;8.56;0.52;58.76;3.82;348;0;99.00;18
64;0;623523236;64;133;411;429;8.60;0.52;59.28;3.82;347;0;100.00;18
64;0;623523246;64;127;414;433;8.73;0.53;59.28;3.80;350;0;101.00;19
65;0;623523251;65;122;414;433;8.76;0.54;59.94;3.80;349;0;102.00;19
66;0;623523255;66;118;418;437;8.78;0.54;60.48;3.78;352;0;103.00;19
67;0;623523259;67;112;418;437;8.95;0.55;61.13;3.78;351;0;104.00;19
68;0;623523264;68;107;420;437;9.11;0.56;61.75;3.91;352;0;105.00;17
69;0;623523269;69;100;420;437;9.33;0.57;62.35;3.91;351;0;106.00;17
69;0;623523273;69;92;420;437;9.45;0.58;62.35;3.91;351;0;107.00;17
69;0;623523277;69;89;431;449;9.73;0.60;62.35;3.81;362;0;108.00;18
70;0;623523283;70;83;432;449;9.97;0.61;63.01;3.81;362;0;109.00;17
71;0;623523288;71;80;432;449;10.13;0.62;63.62;3.81;361;0;110.00;17
72;0;623523293;72;72;432;449;10.35;0.63;64.28;3.81;360;0;111.00;17
73;0;623523298;73;72;432;449;10.54;0.64;64.85;3.81;359;0;112.00;17
73;0;623523302;73;72;432;449;10.75;0.66;64.85;3.81;359;0;113.00;17
75;0;623523307;75;70;433;450;10.82;0.66;66.16;3.80;358;0;114.00;17
75;0;623523312;75;68;433;450;10.92;0.67;66.16;3.80;358;0;115.00;17
75;0;623523317;75;66;438;456;11.01;0.67;66.16;3.77;363;0;116.00;18
75;0;623523323;75;66;439;457;11.00;0.67;66.16;4.03;364;0;117.00;18
76;0;623523328;76;65;440;457;10.99;0.67;66.84;4.02;364;0;118.00;17
77;0;623523334;77;70;440;457;11.02;0.67;67.49;4.02;363;0;119.00;17
79;0;623523341;79;72;445;462;11.14;0.68;68.80;4.24;366;0;120.00;17
80;0;623523347;80;75;447;462;11.18;0.68;69.42;4.45;367;0;121.00;15
81;0;623523352;81;74;448;462;11.23;0.68;70.04;4.71;367;0;122.00;14
81;0;623523358;81;78;451;463;11.21;0.68;70.04;4.90;370;0;123.00;12
81;0;623523363;81;82;456;467;11.07;0.67;70.04;5.03;375;0;124.00;11
81;0;623523369;81;84;459;467;10.99;0.67;70.04;5.39;378;0;125.00;8
82;0;623523374;82;88;461;470;11.03;0.67;70.55;5.37;379;0;126.00;9
84;0;623523380;84;86;463;470;11.09;0.68;71.37;5.47;379;0;127.00;7
84;0;623523386;84;88;464;470;11.15;0.68;71.37;5.55;380;0;128.00;6
85;0;623523401;85;90;465;470;11.19;0.69;71.62;5.60;380;0;129.00;5
86;0;623523408;86;92;469;474;11.30;0.69;72.29;5.68;383;0;130.00;5
88;0;623523414;88;94;471;474;11.31;0.69;73.47;5.69;383;0;131.00;3
91;0;623523420;91;96;471;474;11.27;0.69;74.30;5.69;380;0;132.00;3
92;0;623523427;92;95;472;474;11.36;0.69;74.93;5.76;380;0;133.00;2
92;0;623523433;92;95;473;475;11.44;0.70;74.93;5.75;381;0;134.00;2
93;0;623523440;93;97;476;477;11.46;0.70;75.32;5.79;383;0;135.00;1
95;0;623523446;95;98;476;477;11.45;0.70;76.60;5.79;381;0;136.00;1
96;0;623523452;96;99;477;478;11.48;0.70;76.86;5.78;381;0;137.00;1
98;0;623523458;98;100;478;478;11.44;0.70;77.38;5.81;380;0;138.00;0
101;0;623523464;101;102;478;478;11.42;0.70;79.06;5.81;377;0;139.00;0
101;0;623523471;101;104;478;478;11.42;0.70;79.06;5.81;377;0;140.00;0
102;0;623523477;102;104;478;478;11.47;0.71;78.96;5.81;376;0;141.00;0
103;0;623523483;103;106;478;478;11.55;0.71;79.15;5.81;375;0;142.00;0
106;0;623523488;106;109;478;478;11.49;0.71;80.79;5.81;372;0;143.00;0
106;0;623523494;106;131;553;605;11.03;0.70;80.79;5.03;447;0;144.00;52
109;0;623523510;109;123;558;606;11.03;0.69;81.03;4.99;449;0;145.00;48
111;0;623523519;111;118;566;606;10.97;0.69;81.03;4.95;455;0;146.00;40
111;1;623523525;111;114;568;606;10.88;0.68;81.03;4.94;457;1;147.00;38
113;1;623523544;113;121;575;606;10.75;0.67;81.73;4.93;462;1;148.00;31
113;1;623523550;113;119;577;606;10.57;0.66;81.73;4.93;464;1;149.00;29
114;1;623523558;114;120;582;611;10.47;0.65;82.31;4.92;468;1;150.00;29
116;1;623523570;116;115;584;611;10.46;0.65;82.84;4.93;468;1;151.00;27
119;1;623523578;119;114;585;612;10.49;0.65;84.20;4.93;466;1;152.00;27
121;1;623523586;121;115;588;613;10.58;0.66;85.34;4.95;467;1;153.00;25
122;1;623523594;122;116;591;613;10.75;0.67;85.89;4.98;469;1;154.00;22
126;1;623523612;126;119;594;614;10.77;0.67;88.05;4.98;468;1;155.00;20
127;1;623523622;127;121;600;614;10.77;0.67;87.45;5.04;473;1;156.00;14
128;1;623523629;128;120;602;614;10.72;0.66;87.99;5.07;474;1;157.00;12
129;1;623523637;129;125;604;614;10.70;0.66;88.50;5.10;475;1;158.00;10
129;1;623523645;129;128;608;618;10.65;0.66;88.50;5.11;479;1;159.00;10
132;1;623523651;132;135;610;618;10.62;0.66;88.99;5.12;478;1;160.00;8
133;1;623523658;133;137;611;618;10.53;0.65;89.53;5.14;478;1;161.00;7
135;1;623523664;135;137;612;621;10.40;0.65;90.54;5.13;477;1;162.00;9
139;1;623523671;139;139;614;621;10.29;0.64;92.33;5.17;475;1;163.00;7
140;1;623523677;140;139;614;621;10.19;0.63;92.84;5.17;474;1;164.00;7
144;1;623523683;144;143;619;625;10.02;0.62;93.75;5.19;475;1;165.00;6
146;1;623523689;146;141;620;626;9.87;0.61;93.75;5.18;474;1;166.00;6
147;1;623523695;147;140;620;626;9.70;0.60;93.44;5.18;473;1;167.00;6
149;1;623523701;149;146;626;630;9.59;0.60;94.36;5.16;477;1;168.00;4
151;1;623523707;151;149;627;630;9.50;0.59;94.99;5.19;476;1;169.00;3
156;1;623523712;156;142;627;630;9.33;0.58;95.99;5.19;471;1;170.00;3
157;1;623523718;157;137;628;631;9.34;0.58;96.22;5.18;471;1;171.00;3
158;1;623523724;158;134;629;631;9.35;0.58;96.61;5.19;471;1;172.00;2
158;1;623523730;158;132;635;637;9.43;0.58;96.61;5.15;477;1;173.00;2
161;1;623523737;161;127;635;637;9.39;0.58;97.58;5.15;474;1;174.00;2
162;1;623523743;162;133;636;638;9.37;0.58;97.98;5.14;474;1;175.00;2
163;1;623523749;163;130;636;638;9.42;0.58;97.70;5.14;473;1;176.00;2
163;1;623523755;163;128;638;638;9.49;0.59;97.70;5.19;475;1;177.00;0
163;1;623523760;163;129;638;638;9.46;0.58;97.70;5.19;475;1;178.00;0
164;1;623523766;164;125;638;638;9.45;0.58;97.74;5.19;474;1;179.00;0
166;1;623523773;166;119;666;672;9.57;0.59;98.70;4.97;500;1;180.00;6
168;1;623523782;168;118;668;672;9.57;0.59;98.37;4.96;500;1;181.00;4
169;1;623523788;169;115;670;672;9.55;0.59;98.83;4.95;501;1;182.00;2
171;1;623523794;171;117;672;672;9.58;0.59;99.30;4.95;501;1;183.00;0
172;1;623523800;172;121;672;672;9.57;0.59;99.44;4.95;500;1;184.00;0
178;1;623523812;178;126;672;672;9.59;0.59;100.35;4.95;494;1;185.00;0
178;1;623523824;178;133;676;676;9.76;0.60;100.35;4.92;498;1;186.00;0
179;1;623523831;179;142;676;676;9.83;0.60;100.84;4.92;497;1;187.00;0
181;1;623523838;181;147;680;680;9.75;0.60;100.86;4.90;499;1;188.00;0
184;1;623523847;184;152;681;681;9.67;0.59;100.40;4.89;497;1;189.00;0
184;1;623523858;184;160;681;681;9.56;0.59;100.40;4.89;497;1;190.00;0
184;1;623523866;184;169;681;681;9.49;0.58;100.40;4.89;497;1;191.00;0
185;1;623523875;185;180;694;694;9.43;0.58;100.89;4.80;509;1;192.00;0
187;1;623523886;187;175;694;694;9.30;0.57;100.42;4.80;507;1;193.00;0
188;1;623523899;188;179;694;694;9.20;0.57;100.53;4.80;506;1;194.00;0
189;1;623523914;189;185;695;695;9.09;0.56;100.64;4.80;506;1;195.00;0
194;1;623523923;194;190;696;696;8.90;0.55;100.46;4.79;502;1;196.00;0
197;1;623523936;197;191;696;696;8.72;0.54;100.08;4.79;499;1;197.00;0
197;1;623523944;197;194;698;699;8.65;0.53;100.08;4.78;501;1;198.00;1
200;1;623523953;200;200;698;699;8.43;0.52;100.03;4.78;498;1;199.00;1
203;1;623523963;203;202;699;699;8.25;0.51;99.79;4.77;496;1;200.00;0
205;1;623523975;205;209;699;699;8.02;0.49;99.71;4.77;494;1;201.00;0
206;1;623523982;206;214;705;705;7.86;0.48;99.70;4.74;499;1;202.00;0
206;1;623523988;206;222;705;705;7.69;0.47;99.70;4.74;499;1;203.00;0
210;1;623523994;210;224;705;705;7.56;0.46;99.77;4.74;495;1;204.00;0
211;1;623524000;211;229;705;705;7.45;0.46;99.90;4.74;494;1;205.00;0
213;1;623524006;213;229;709;709;7.32;0.45;99.64;4.72;496;1;206.00;0
214;1;623524013;214;233;710;710;7.22;0.44;99.36;4.71;496;1;207.00;0
214;1;623524019;214;238;710;710;7.15;0.44;99.36;4.71;496;1;208.00;0
215;1;623524024;215;249;711;711;7.05;0.43;99.00;4.71;496;1;209.00;0
216;1;623524032;216;253;711;711;6.98;0.43;99.09;4.71;495;1;210.00;0
218;1;623524038;218;258;711;711;6.91;0.42;99.77;4.71;493;1;211.00;0
221;1;623524044;221;261;711;711;6.77;0.42;99.58;4.71;490;1;212.00;0
221;1;623524049;221;264;711;711;6.67;0.41;99.58;4.71;490;1;213.00;0
223;1;623524054;223;268;711;711;6.47;0.40;99.94;4.71;488;1;214.00;0
224;1;623524061;224;271;711;711;6.33;0.39;100.17;4.71;487;1;215.00;0
224;1;623524066;224;290;754;781;6.53;0.40;100.17;4.44;530;1;216.00;27
225;1;623524077;225;270;756;782;6.49;0.40;100.27;4.43;531;1;217.00;26
225;1;623524083;225;266;762;782;6.66;0.41;100.27;4.41;537;1;218.00;20
228;1;623524089;228;251;763;782;6.76;0.42;101.79;4.41;535;1;219.00;19
229;1;623524096;229;238;767;782;6.98;0.43;101.94;4.41;538;1;220.00;15
230;1;623524102;230;230;768;782;7.20;0.44;102.43;4.41;538;1;221.00;14
232;1;623524108;232;228;770;782;7.36;0.45;103.01;4.41;538;1;222.00;12
232;1;623524115;232;223;773;782;7.60;0.46;103.01;4.42;541;1;223.00;9
232;1;623524122;232;223;776;783;7.83;0.48;103.01;4.44;544;1;224.00;7
233;1;623524130;233;225;779;785;7.94;0.49;103.37;4.44;546;1;225.00;6
234;1;623524138;234;212;781;785;8.11;0.50;103.37;4.46;547;1;226.00;4
237;1;623524146;237;203;787;789;8.25;0.50;104.88;4.45;550;1;227.00;2
237;1;623524154;237;197;789;789;8.44;0.52;104.88;4.45;552;1;228.00;0
239;1;623524161;239;191;789;789;8.65;0.53;105.28;4.45;550;1;229.00;0
240;1;623524169;240;186;789;789;8.86;0.54;105.60;4.45;549;1;230.00;0
241;1;623524176;241;178;795;795;9.07;0.56;105.53;4.43;554;1;231.00;0
241;1;623524184;241;176;795;795;9.28;0.57;105.53;4.43;554;1;232.00;0
244;1;623524193;244;169;795;795;9.48;0.58;105.66;4.43;551;1;233.00;0
246;1;623524200;246;162;797;798;9.69;0.59;106.49;4.42;551;1;234.00;1
247;1;623524208;247;155;797;798;9.86;0.60;106.18;4.42;550;1;235.00;1
248;1;623524216;248;155;798;798;10.05;0.62;106.70;4.41;550;1;236.00;0
248;1;623524224;248;153;799;799;10.19;0.63;106.70;4.41;551;1;237.00;0
250;1;623524231;250;144;800;800;10.29;0.63;107.00;4.41;550;1;238.00;0
251;1;623524239;251;138;800;800;10.42;0.64;107.49;4.41;549;1;239.00;0
255;1;623524249;255;142;825;826;10.28;0.63;108.24;4.27;570;1;240.00;1
259;1;623524259;259;134;825;826;10.36;0.63;108.90;4.27;566;1;241.00;1
262;1;623524268;262;129;826;826;10.43;0.64;109.82;4.27;564;1;242.00;0
265;1;623524275;265;122;827;827;10.53;0.64;111.30;4.26;562;1;243.00;0
266;1;623524283;266;116;827;827;10.73;0.65;111.48;4.26;561;1;244.00;0
267;1;623524290;267;115;831;831;10.88;0.66;111.45;4.25;564;1;245.00;0
268;1;623524298;268;112;831;831;10.92;0.67;111.54;4.25;563;1;246.00;0
272;1;623524305;272;110;835;835;10.92;0.67;111.75;4.23;563;1;247.00;0
274;1;623524314;274;107;835;835;11.07;0.67;112.70;4.23;561;1;248.00;0
280;1;623524321;280;106;835;835;11.18;0.68;113.81;4.23;555;1;249.00;0
282;1;623524328;282;106;835;835;11.33;0.69;114.24;4.23;553;1;250.00;0
284;1;623524336;284;110;835;835;11.44;0.69;115.17;4.23;551;1;251.00;0
285;1;623524344;285;108;846;847;11.49;0.70;115.62;4.18;561;1;252.00;1
287;1;623524352;287;106;846;847;11.56;0.70;116.06;4.18;559;1;253.00;1
289;1;623524359;289;105;847;847;11.72;0.71;116.51;4.17;558;1;254.00;0
290;1;623524366;290;106;847;847;11.83;0.72;116.73;4.17;557;1;255.00;0
292;1;623524374;292;106;847;847;11.95;0.72;117.28;4.17;555;1;256.00;0
293;1;623524381;293;105;847;847;12.07;0.73;117.27;4.17;554;1;257.00;0
294;1;623524389;294;110;848;848;12.11;0.73;117.39;4.17;554;1;258.00;0
297;1;623524395;297;109;848;848;12.11;0.73;117.57;4.17;551;1;259.00;0
299;1;623524403;299;109;854;854;12.18;0.74;117.64;4.15;555;1;260.00;0
301;1;623524411;301;110;855;855;12.17;0.74;117.66;4.14;554;1;261.00;0
302;1;623524419;302;110;855;855;12.18;0.74;117.67;4.14;553;1;262.00;0
304;1;623524426;304;108;855;855;12.17;0.74;118.29;4.14;551;1;263.00;0
304;1;623524434;304;112;859;859;12.06;0.73;118.29;4.12;555;1;264.00;0
305;1;623524441;305;114;859;859;12.03;0.73;118.30;4.12;554;1;265.00;0
309;1;623524448;309;112;859;859;11.96;0.72;119.28;4.12;550;1;266.00;0
310;1;623524456;310;116;860;860;12.07;0.73;119.14;4.12;550;1;267.00;0
311;1;623524462;311;119;864;864;12.05;0.73;119.08;4.11;553;1;268.00;0
312;1;623524471;312;114;864;864;12.12;0.73;119.33;4.11;552;1;269.00;0
315;1;623524480;315;110;868;870;12.18;0.74;120.26;4.09;553;1;270.00;2
319;1;623524488;319;108;868;870;12.14;0.74;120.29;4.09;549;1;271.00;2
320;1;623524496;320;104;870;870;12.15;0.74;120.23;4.08;550;1;272.00;0
324;1;623524504;324;102;870;870;12.13;0.73;120.53;4.08;546;1;273.00;0
325;1;623524511;325;99;874;874;12.20;0.74;120.78;4.07;549;1;274.00;0
329;1;623524519;329;96;874;874;12.27;0.74;121.91;4.07;545;1;275.00;0
330;1;623524527;330;93;874;874;12.26;0.74;122.02;4.07;544;1;276.00;0
331;1;623524535;331;88;874;874;12.26;0.74;122.40;4.07;543;1;277.00;0
334;1;623524543;334;87;875;875;12.22;0.74;122.40;4.07;541;1;278.00;0
336;1;623524551;336;89;876;876;12.24;0.74;122.69;4.06;540;1;279.00;0
339;1;623524559;339;87;876;876;12.25;0.74;122.88;4.06;537;1;280.00;0
339;1;623524567;339;84;877;877;12.24;0.74;122.88;4.06;538;1;281.00;0
340;1;623524575;340;80;877;877;12.24;0.74;122.71;4.06;537;1;282.00;0
342;1;623524582;342;82;877;877;12.26;0.74;122.88;4.06;535;1;283.00;0
345;1;623524596;345;80;877;877;12.25;0.74;123.23;4.06;532;1;284.00;0
345;1;623524604;345;80;877;877;12.29;0.74;123.23;4.06;532;1;285.00;0
346;1;623524612;346;81;877;877;12.21;0.74;123.28;4.06;531;1;286.00;0
349;1;623524619;349;83;877;877;12.20;0.74;123.48;4.06;528;1;287.00;0
349;1;623524627;349;98;948;1004;11.64;0.72;123.48;3.76;599;1;288.00;56
351;1;623524646;351;92;952;1005;11.61;0.72;123.91;3.74;601;1;289.00;53
352;1;623524654;352;90;959;1005;11.58;0.72;123.96;3.73;607;1;290.00;46
353;1;623524663;353;90;961;1005;11.49;0.71;124.21;3.73;608;1;291.00;44
354;1;623524671;354;94;966;1005;11.47;0.71;124.62;3.73;612;1;292.00;39
354;1;623524678;354;95;968;1005;11.49;0.71;124.62;3.73;614;1;293.00;37
355;1;623524687;355;95;972;1005;11.50;0.71;125.08;3.74;617;1;294.00;33
355;1;623524695;355;94;975;1005;11.47;0.71;125.08;3.75;620;1;295.00;30
356;1;623524703;356;94;977;1006;11.42;0.71;125.41;3.76;621;1;296.00;29
356;1;623524710;356;96;981;1007;11.45;0.71;125.41;3.78;625;1;297.00;26
358;1;623524721;358;100;985;1007;11.41;0.70;125.92;3.81;627;1;298.00;22
363;1;623524729;363;104;990;1008;11.31;0.70;126.67;3.85;627;1;299.00;18
366;1;623524741;366;113;992;1014;11.22;0.69;127.25;3.84;626;1;300.00;22
370;1;623524755;370;115;995;1014;11.16;0.69;127.83;3.87;625;1;301.00;19
372;1;623524765;372;120;996;1014;11.11;0.69;128.17;3.88;624;1;302.00;18
377;1;623524773;377;128;1001;1018;10.95;0.68;128.61;3.90;624;1;303.00;17
378;1;623524783;378;134;1004;1018;10.98;0.68;128.56;3.93;626;1;304.00;14
379;1;623524791;379;140;1006;1018;10.94;0.67;128.71;3.93;627;1;305.00;12
379;1;623524800;379;152;1011;1021;10.83;0.67;128.71;3.96;632;1;306.00;10
380;1;623524808;380;156;1011;1021;10.82;0.66;128.79;3.96;631;1;307.00;10
381;1;623524817;381;159;1011;1021;10.80;0.66;128.70;3.96;630;1;308.00;10
384;1;623524825;384;165;1016;1025;10.63;0.65;129.61;3.97;632;1;309.00;9
386;1;623524834;386;170;1017;1026;10.59;0.65;129.60;3.97;631;1;310.00;9
388;1;623524843;388;177;1019;1026;10.45;0.64;129.79;3.98;631;1;311.00;7
390;1;623524852;390;181;1024;1030;10.28;0.63;130.14;3.98;634;1;312.00;6
393;1;623524861;393;178;1024;1030;10.08;0.62;130.35;3.98;631;1;313.00;6
393;1;623524869;393;186;1025;1030;9.97;0.61;130.35;3.98;632;1;314.00;5
395;1;623524877;395;192;1028;1032;9.72;0.60;131.25;3.98;633;1;315.00;4
397;1;623524886;397;196;1029;1032;9.50;0.58;131.56;4.00;632;1;316.00;3
397;1;623524894;397;206;1036;1038;9.46;0.58;131.56;4.01;639;1;317.00;2
402;1;623524902;402;214;1036;1038;9.22;0.57;133.12;4.01;634;1;318.00;2
405;1;623524910;405;214;1037;1039;8.98;0.55;133.53;4.01;632;1;319.00;2
406;1;623524919;406;214;1037;1039;8.84;0.54;133.54;4.01;631;1;320.00;2
408;1;623524926;408;214;1038;1039;8.75;0.54;133.74;4.04;630;1;321.00;1
412;1;623524934;412;219;1039;1039;8.67;0.53;134.29;4.05;627;1;322.00;0
415;1;623524941;415;221;1039;1039;8.70;0.53;134.53;4.05;624;1;323.00;0
415;1;623524949;415;223;1050;1051;8.84;0.54;134.53;4.00;635;1;324.00;1
418;1;623524957;418;221;1050;1051;8.90;0.55;134.96;4.00;632;1;325.00;1
419;1;623524965;419;217;1051;1051;8.93;0.55;134.90;4.00;632;1;326.00;0
422;1;623524974;422;220;1051;1051;8.90;0.54;134.84;4.00;629;1;327.00;0
425;1;623524982;425;221;1051;1051;8.96;0.55;134.70;4.00;626;1;328.00;0
428;1;623524991;428;221;1051;1051;8.93;0.55;135.91;4.00;623;1;329.00;0
428;1;623525000;428;225;1055;1055;8.85;0.54;135.91;3.99;627;1;330.00;0
430;1;623525008;430;230;1055;1055;8.79;0.54;136.03;3.99;625;1;331.00;0
433;1;623525016;433;232;1059;1059;8.72;0.53;136.21;3.98;626;1;332.00;0
437;1;623525024;437;233;1060;1060;8.60;0.53;136.84;3.97;623;1;333.00;0
439;1;623525031;439;231;1060;1060;8.48;0.52;137.73;3.97;621;1;334.00;0
440;1;623525038;440;234;1060;1060;8.40;0.52;137.85;3.97;620;1;335.00;0
443;1;623525045;443;237;1072;1073;8.25;0.51;138.65;3.93;629;1;336.00;1
448;1;623525053;448;236;1072;1073;8.16;0.50;139.74;3.93;624;1;337.00;1
449;1;623525061;449;239;1073;1073;8.09;0.50;140.18;3.93;624;1;338.00;0
452;1;623525067;452;249;1074;1074;7.92;0.49;140.68;3.93;622;1;339.00;0
456;1;623525074;456;239;1075;1075;7.68;0.47;141.22;3.92;619;1;340.00;0
457;1;623525080;457;240;1075;1075;7.55;0.47;141.66;3.92;618;1;341.00;0
462;1;623525086;462;235;1078;1078;7.47;0.46;143.12;3.91;616;1;342.00;0
464;1;623525094;464;234;1078;1078;7.43;0.46;143.59;3.91;614;1;343.00;0
465;1;623525101;465;230;1078;1078;7.43;0.46;144.02;3.91;613;1;344.00;0
472;1;623525107;472;226;1078;1078;7.45;0.46;144.61;3.91;606;1;345.00;0
478;1;623525114;478;225;1084;1084;7.54;0.47;144.65;3.90;606;1;346.00;0
483;1;623525122;483;222;1084;1084;7.55;0.47;145.32;3.90;601;1;347.00;0
485;1;623525129;485;219;1084;1084;7.58;0.47;146.12;3.90;599;1;348.00;0
488;1;623525135;488;215;1084;1084;7.57;0.47;146.19;3.90;596;1;349.00;0
494;1;623525142;494;220;1088;1088;7.46;0.46;146.99;3.89;594;1;350.00;0
498;1;623525148;498;221;1089;1089;7.42;0.46;147.45;3.88;591;1;351.00;0
499;1;623525155;499;217;1089;1089;7.38;0.46;147.42;3.88;590;1;352.00;0
503;1;623525161;503;222;1090;1090;7.26;0.45;147.44;3.88;587;1;353.00;0
507;1;623525168;507;229;1090;1090;7.11;0.44;147.13;3.88;583;1;354.00;0
514;1;623525174;514;232;1090;1090;6.87;0.42;147.03;3.88;576;1;355.00;0
517;1;623525181;517;241;1090;1090;6.76;0.42;146.95;3.88;573;1;356.00;0
519;1;623525187;519;246;1090;1090;6.60;0.41;146.66;3.88;571;1;357.00;0
521;1;623525194;521;253;1090;1090;6.48;0.40;146.81;3.88;569;1;358.00;0
522;1;623525200;522;251;1090;1090;6.44;0.40;146.67;3.88;568;1;359.00;0
525;1;623525208;525;267;1157;1215;6.94;0.44;146.60;3.65;632;1;360.00;58
525;1;623525230;525;266;1163;1216;6.98;0.44;146.60;3.64;638;1;361.00;53
528;1;623525238;528;263;1175;1216;7.03;0.44;146.46;3.62;647;1;362.00;41
530;1;623525246;530;261;1177;1216;7.00;0.44;146.41;3.62;647;1;363.00;39
532;1;623525256;532;260;1187;1216;7.05;0.44;146.27;3.63;655;1;364.00;29
533;1;623525264;533;265;1187;1216;7.06;0.44;146.05;3.63;654;1;365.00;29
534;1;623525273;534;266;1194;1216;7.06;0.44;146.19;3.64;660;1;366.00;22
534;1;623525281;534;274;1197;1216;6.99;0.43;146.19;3.65;663;1;367.00;19
536;1;623525288;536;277;1201;1217;6.97;0.43;146.65;3.66;665;1;368.00;16
539;1;623525297;539;281;1209;1218;6.83;0.42;146.68;3.70;670;1;369.00;9
539;1;623525306;539;288;1213;1218;6.71;0.41;146.68;3.71;674;1;370.00;5
540;1;623525317;540;281;1219;1222;6.68;0.41;146.50;3.71;679;1;371.00;3
541;1;623525326;541;270;1219;1222;6.64;0.41;146.29;3.71;678;1;372.00;3
543;1;623525334;543;270;1219;1222;6.63;0.41;146.15;3.71;676;1;373.00;3
546;1;623525343;546;268;1220;1222;6.63;0.41;146.45;3.72;674;1;374.00;2
546;1;623525351;546;268;1226;1228;6.66;0.41;146.45;3.70;680;1;375.00;2
547;1;623525360;547;272;1227;1228;6.78;0.42;146.34;3.71;680;1;376.00;1
547;1;623525369;547;268;1227;1228;6.85;0.42;146.34;3.71;680;1;377.00;1
547;1;623525384;547;269;1229;1231;6.98;0.43;146.34;3.71;682;1;378.00;2
548;1;623525393;548;272;1230;1231;7.07;0.43;146.51;3.72;682;1;379.00;1
549;1;623525402;549;276;1231;1231;7.07;0.43;146.41;3.72;682;1;380.00;0
550;1;623525411;550;273;1232;1232;7.10;0.43;146.46;3.72;682;1;381.00;0
550;2;623525419;550;270;1233;1233;7.17;0.44;146.46;3.71;683;2;382.00;0
552;2;623525436;552;270;1233;1233;7.25;0.44;146.62;3.71;681;2;383.00;0
554;2;623525444;554;269;1245;1246;7.40;0.45;146.68;3.68;691;2;384.00;1
558;2;623525459;558;266;1245;1246;7.45;0.45;146.77;3.68;687;2;385.00;1
558;2;623525469;558;267;1245;1246;7.54;0.46;146.77;3.68;687;2;386.00;1
560;2;623525477;560;253;1247;1247;7.69;0.47;146.53;3.68;687;2;387.00;0
560;2;623525486;560;246;1247;1247;7.81;0.48;146.53;3.68;687;2;388.00;0
560;2;623525494;560;240;1251;1251;7.96;0.48;146.53;3.67;691;2;389.00;0
561;2;623525505;561;233;1251;1251;8.07;0.49;146.64;3.67;690;2;390.00;0
564;2;623525518;564;229;1255;1255;8.17;0.50;147.27;3.66;691;2;391.00;0
566;2;623525527;566;228;1255;1255;8.26;0.50;147.58;3.66;689;2;392.00;0
570;2;623525536;570;228;1255;1255;8.33;0.51;148.13;3.66;685;2;393.00;0
572;2;623525546;572;223;1255;1255;8.40;0.51;148.33;3.66;683;2;394.00;0
574;2;623525554;574;221;1255;1255;8.46;0.52;148.80;3.66;681;2;395.00;0
576;2;623525563;576;204;1266;1267;8.62;0.53;148.88;3.63;690;2;396.00;1
579;2;623525573;579;191;1266;1267;8.79;0.54;148.55;3.63;687;2;397.00;1
582;2;623525582;582;177;1267;1267;8.89;0.54;148.91;3.63;685;2;398.00;0
585;2;623525591;585;167;1267;1267;9.05;0.55;148.86;3.63;682;2;399.00;0
587;2;623525601;587;163;1267;1267;9.25;0.56;149.28;3.63;680;2;400.00;0
590;2;623525615;590;156;1267;1267;9.43;0.57;149.64;3.63;677;2;401.00;0
592;2;623525625;592;147;1268;1268;9.63;0.59;149.71;3.62;676;2;402.00;0
594;2;623525634;594;142;1268;1268;9.83;0.60;149.84;3.62;674;2;403.00;0
595;2;623525643;595;136;1274;1274;10.02;0.61;150.02;3.61;679;2;404.00;0
599;2;623525653;599;131;1276;1276;10.21;0.62;150.71;3.61;677;2;405.00;0
601;2;623525662;601;127;1276;1276;10.36;0.63;151.19;3.61;675;2;406.00;0
602;2;623525671;602;121;1276;1276;10.48;0.64;151.37;3.61;674;2;407.00;0
605;2;623525680;605;113;1280;1280;10.60;0.64;152.11;3.59;675;2;408.00;0
607;2;623525690;607;109;1280;1280;10.76;0.65;152.62;3.59;673;2;409.00;0
610;2;623525699;610;108;1280;1280;10.95;0.67;153.60;3.59;670;2;410.00;0
611;2;623525714;611;107;1281;1281;11.07;0.68;153.78;3.59;670;2;411.00;0
612;2;623525723;612;108;1285;1285;11.16;0.68;154.10;3.58;673;2;412.00;0
616;2;623525733;616;107;1285;1285;11.24;0.69;154.54;3.58;669;2;413.00;0
619;2;623525742;619;104;1287;1288;11.35;0.69;155.25;3.58;668;2;414.00;1
622;2;623525752;622;102;1287;1288;11.45;0.70;155.76;3.58;665;2;415.00;1
625;2;623525762;625;99;1288;1288;11.60;0.71;155.97;3.58;663;2;416.00;0
626;2;623525771;626;99;1288;1288;11.66;0.71;156.33;3.58;662;2;417.00;0
629;2;623525781;629;95;1292;1292;11.84;0.72;156.49;3.57;663;2;418.00;0
632;2;623525805;632;94;1292;1292;11.94;0.73;157.08;3.57;660;2;419.00;0
632;2;623525832;632;92;1292;1292;12.01;0.73;157.08;3.57;660;2;420.00;0
634;2;623525860;634;90;1292;1292;12.12;0.74;157.61;3.57;658;2;421.00;0
639;2;623525878;639;94;1293;1293;12.08;0.74;157.75;3.57;654;2;422.00;0
640;2;623525893;640;93;1294;1294;12.15;0.74;158.05;3.56;654;2;423.00;0
642;2;623525908;642;93;1294;1294;12.28;0.75;158.22;3.56;652;2;424.00;0
644;2;623525924;644;91;1295;1295;12.41;0.76;158.69;3.56;651;2;425.00;0
648;2;623525938;648;90;1295;1295;12.49;0.76;159.47;3.56;647;2;426.00;0
651;2;623525952;651;89;1295;1295;12.56;0.77;159.93;3.56;644;2;427.00;0
654;2;623525966;654;90;1295;1295;12.65;0.77;160.07;3.56;641;2;428.00;0
659;2;623525980;659;92;1295;1295;12.72;0.77;160.34;3.56;636;2;429.00;0
659;2;623525993;659;93;1295;1295;12.84;0.78;160.34;3.56;636;2;430.00;0
664;2;623526004;664;95;1295;1295;12.88;0.78;161.09;3.56;631;2;431.00;0
666;2;623526017;666;123;1374;1422;12.13;0.75;161.40;3.36;708;2;432.00;48
670;2;623526042;670;109;1374;1423;12.21;0.75;161.89;3.36;704;2;433.00;49
671;2;623526057;671;102;1379;1423;12.38;0.76;162.17;3.35;708;2;434.00;44
676;2;623526070;676;100;1381;1423;12.44;0.76;162.76;3.35;705;2;435.00;42
679;2;623526081;679;99;1386;1423;12.50;0.77;163.24;3.36;707;2;436.00;37
685;2;623526095;685;101;1389;1423;12.58;0.77;163.76;3.36;704;2;437.00;34
690;2;623526106;690;102;1391;1423;12.54;0.77;164.34;3.36;701;2;438.00;32
692;2;623526122;692;109;1394;1423;12.58;0.77;164.88;3.37;702;2;439.00;29
697;2;623526134;697;108;1396;1424;12.59;0.77;165.03;3.38;699;2;440.00;28
701;2;623526149;701;109;1398;1425;12.58;0.77;165.98;3.39;697;2;441.00;27
701;2;623526162;701;107;1401;1425;12.52;0.77;165.98;3.40;700;2;442.00;24
702;2;623526173;702;102;1407;1426;12.40;0.76;166.27;3.43;705;2;443.00;19
707;2;623526185;707;99;1409;1426;12.29;0.75;167.04;3.44;702;2;444.00;17
712;2;623526199;712;105;1413;1426;12.12;0.74;167.25;3.47;701;2;445.00;13
715;2;623526221;715;109;1415;1426;12.08;0.74;168.14;3.49;700;2;446.00;11
720;2;623526240;720;106;1419;1430;12.00;0.73;168.66;3.50;699;2;447.00;11
724;2;623526255;724;105;1421;1430;11.92;0.73;168.90;3.51;697;2;448.00;9
728;2;623526269;728;107;1423;1430;11.89;0.73;169.22;3.53;695;2;449.00;7
733;2;623526284;733;107;1427;1436;11.85;0.72;169.18;3.53;694;2;450.00;9
737;2;623526297;737;105;1428;1436;11.83;0.72;169.92;3.54;691;2;451.00;8
741;2;623526310;741;107;1430;1436;11.80;0.72;170.11;3.54;689;2;452.00;6
743;2;623526322;743;110;1433;1440;11.80;0.72;170.20;3.53;690;2;453.00;7
749;2;623526334;749;107;1436;1441;11.84;0.72;170.20;3.53;687;2;454.00;5
751;2;623526345;751;111;1436;1441;11.84;0.72;170.05;3.53;685;2;455.00;5
753;2;623526364;753;114;1437;1445;11.87;0.72;169.97;3.53;684;2;456.00;8
754;2;623526378;754;118;1438;1445;11.83;0.72;170.03;3.53;684;2;457.00;7
756;2;623526390;756;118;1439;1445;11.84;0.72;169.92;3.53;683;2;458.00;6
757;2;623526414;757;119;1440;1446;11.86;0.72;169.92;3.52;683;2;459.00;6
762;2;623526424;762;122;1440;1446;11.72;0.71;169.89;3.52;678;2;460.00;6
765;2;623526438;765;128;1445;1452;11.63;0.71;170.31;3.54;680;2;461.00;7
766;2;623526452;766;123;1445;1452;11.47;0.70;170.40;3.54;679;2;462.00;7
771;2;623526463;771;124;1447;1453;11.30;0.69;170.45;3.56;676;2;463.00;6
774;2;623526476;774;129;1447;1453;11.19;0.68;170.34;3.56;673;2;464.00;6
774;2;623526486;774;131;1447;1453;11.23;0.68;170.34;3.56;673;2;465.00;6
778;2;623526497;778;135;1448;1453;11.22;0.68;170.25;3.57;670;2;466.00;5
780;2;623526508;780;135;1448;1453;11.23;0.68;170.46;3.57;668;2;467.00;5
781;2;623526522;781;145;1457;1465;11.24;0.68;170.46;3.54;676;2;468.00;8
783;2;623526537;783;152;1458;1465;11.19;0.68;170.60;3.56;675;2;469.00;7
785;2;623526548;785;156;1461;1465;11.19;0.68;170.38;3.56;676;2;470.00;4
786;2;623526561;786;159;1461;1465;11.20;0.68;170.49;3.56;675;2;471.00;4
788;2;623526571;788;168;1461;1465;11.18;0.68;171.14;3.56;673;2;472.00;4
791;2;623526584;791;171;1462;1465;11.15;0.68;171.33;3.57;671;2;473.00;3
793;2;623526595;793;172;1466;1469;11.09;0.68;171.36;3.58;673;2;474.00;3
799;2;623526610;799;178;1467;1469;11.00;0.67;171.55;3.58;668;2;475.00;2
803;2;623526622;803;181;1472;1473;10.98;0.67;171.59;3.58;669;2;476.00;1
805;2;623526634;805;182;1474;1474;10.95;0.67;171.72;3.58;669;2;477.00;0
807;2;623526651;807;186;1474;1474;10.84;0.66;171.49;3.58;667;2;478.00;0
812;2;623526672;812;191;1474;1474;10.62;0.65;171.18;3.58;662;2;479.00;0
812;2;623526684;812;200;1494;1500;10.47;0.64;171.18;3.53;682;2;480.00;6
814;2;623526698;814;200;1495;1500;10.38;0.64;171.05;3.53;681;2;481.00;5
814;2;623526709;814;204;1498;1500;10.39;0.64;171.05;3.53;684;2;482.00;2
816;2;623526721;816;212;1501;1501;10.28;0.63;171.11;3.52;685;2;483.00;0
816;2;623526731;816;217;1502;1502;10.21;0.63;171.11;3.52;686;2;484.00;0
819;2;623526743;819;221;1502;1502;10.07;0.62;171.43;3.52;683;2;485.00;0
821;2;623526754;821;226;1504;1505;9.95;0.61;171.66;3.52;683;2;486.00;1
825;2;623526763;825;231;1504;1505;9.76;0.60;171.34;3.52;679;2;487.00;1
826;2;623526774;826;236;1505;1505;9.65;0.59;171.28;3.52;679;2;488.00;0
828;2;623526784;828;237;1505;1505;9.61;0.59;171.25;3.52;677;2;489.00;0
829;2;623526793;829;236;1511;1511;9.57;0.59;171.29;3.51;682;2;490.00;0
831;2;623526807;831;238;1511;1511;9.37;0.57;171.04;3.51;680;2;491.00;0
833;2;623526817;833;236;1511;1511;9.23;0.56;171.11;3.51;678;2;492.00;0
833;2;623526828;833;239;1511;1511;9.06;0.56;171.11;3.51;678;2;493.00;0
834;2;623526838;834;242;1515;1515;8.93;0.55;171.15;3.50;681;2;494.00;0
834;2;623526848;834;244;1517;1517;8.80;0.54;171.15;3.50;683;2;495.00;0
836;2;623526860;836;249;1517;1517;8.71;0.53;171.14;3.50;681;2;496.00;0
837;2;623526870;837;253;1518;1518;8.67;0.53;171.01;3.49;681;2;497.00;0
838;2;623526881;838;253;1518;1518;8.60;0.53;171.10;3.49;680;2;498.00;0
840;2;623526891;840;252;1518;1518;8.54;0.53;170.82;3.49;678;2;499.00;0
845;2;623526906;845;255;1518;1518;8.49;0.52;170.74;3.49;673;2;500.00;0
848;2;623526921;848;254;1518;1518;8.48;0.52;170.41;3.49;670;2;501.00;0
851;2;623526930;851;258;1518;1518;8.43;0.52;170.30;3.49;667;2;502.00;0
857;2;623526937;857;261;1518;1518;8.27;0.51;170.39;3.49;661;2;503.00;0
858;2;623526946;858;264;1557;1588;8.32;0.51;170.36;3.41;699;2;504.00;31
864;2;623526961;864;261;1562;1589;8.07;0.50;171.16;3.40;698;2;505.00;27
868;2;623526971;868;259;1570;1589;7.98;0.49;171.16;3.39;702;2;506.00;19
872;2;623526980;872;261;1572;1589;7.77;0.48;171.56;3.39;700;2;507.00;17
874;2;623526987;874;263;1574;1589;7.61;0.47;171.70;3.39;700;2;508.00;15
879;2;623526995;879;268;1575;1589;7.40;0.46;171.96;3.39;696;2;509.00;14
881;2;623527005;881;263;1579;1589;7.33;0.45;172.05;3.40;698;2;510.00;10
886;2;623527014;886;265;1580;1589;7.18;0.44;172.63;3.40;694;2;511.00;9
889;2;623527022;889;261;1582;1590;7.22;0.44;173.27;3.41;693;2;512.00;8
891;2;623527035;891;262;1584;1591;7.26;0.45;173.09;3.41;693;2;513.00;7
893;2;623527043;893;259;1587;1591;7.26;0.44;173.20;3.43;694;2;514.00;4
896;2;623527051;896;263;1593;1595;7.24;0.44;173.56;3.43;697;2;515.00;2
897;2;623527060;897;268;1594;1595;7.24;0.44;173.78;3.43;697;2;516.00;1
898;2;623527068;898;266;1595;1595;7.28;0.45;174.00;3.43;697;2;517.00;0
901;2;623527077;901;267;1595;1595;7.39;0.45;174.71;3.43;694;2;518.00;0
904;2;623527090;904;265;1601;1601;7.39;0.45;175.29;3.42;697;2;519.00;0
905;2;623527100;905;265;1601;1601;7.45;0.46;175.19;3.42;696;2;520.00;0
910;2;623527109;910;265;1601;1601;7.40;0.45;176.17;3.42;691;2;521.00;0
913;2;623527119;913;263;1604;1604;7.42;0.45;176.33;3.42;691;2;522.00;0
915;2;623527131;915;250;1604;1604;7.43;0.45;176.54;3.42;689;2;523.00;0
918;2;623527142;918;237;1604;1604;7.42;0.45;176.71;3.42;686;2;524.00;0
919;2;623527152;919;231;1605;1605;7.47;0.46;176.57;3.41;686;2;525.00;0
923;2;623527161;923;227;1606;1606;7.51;0.46;176.83;3.41;683;2;526.00;0
925;2;623527171;925;223;1606;1606;7.49;0.46;177.09;3.41;681;2;527.00;0
929;2;623527180;929;223;1619;1619;7.58;0.46;177.11;3.39;690;2;528.00;0
933;2;623527191;933;222;1619;1619;7.61;0.46;177.05;3.39;686;2;529.00;0
937;2;623527211;937;223;1619;1619;7.68;0.47;177.49;3.39;682;2;530.00;0
940;2;623527222;940;227;1620;1620;7.77;0.47;177.34;3.38;680;2;531.00;0
943;2;623527232;943;222;1620;1620;7.80;0.48;177.70;3.38;677;2;532.00;0
946;2;623527242;946;220;1624;1624;7.88;0.48;178.17;3.38;678;2;533.00;0
946;2;623527257;946;228;1624;1624;7.94;0.48;178.17;3.38;678;2;534.00;0
951;2;623527267;951;229;1628;1628;7.98;0.49;178.66;3.37;677;2;535.00;0
954;2;623527277;954;227;1628;1628;8.00;0.49;178.73;3.37;674;2;536.00;0
959;2;623527290;959;225;1628;1628;8.03;0.49;178.68;3.37;669;2;537.00;0
961;2;623527301;961;223;1628;1628;8.06;0.49;178.51;3.37;667;2;538.00;0
965;2;623527314;965;223;1628;1628;8.04;0.49;178.57;3.37;663;2;539.00;0
968;2;623527326;968;225;1658;1662;8.18;0.50;178.84;3.31;690;2;540.00;4
969;2;623527338;969;221;1658;1662;8.24;0.50;179.00;3.31;689;2;541.00;4
971;2;623527349;971;222;1661;1662;8.32;0.51;179.20;3.31;690;2;542.00;1
972;2;623527358;972;213;1661;1662;8.40;0.51;179.15;3.31;689;2;543.00;1
979;2;623527368;979;208;1662;1662;8.34;0.51;179.32;3.31;683;2;544.00;0
981;2;623527377;981;205;1662;1662;8.32;0.51;179.39;3.31;681;2;545.00;0
985;2;623527388;985;205;1663;1663;8.34;0.51;179.46;3.31;678;2;546.00;0
986;2;623527400;986;201;1663;1663;8.33;0.51;179.55;3.31;677;2;547.00;0
989;2;623527410;989;203;1669;1669;8.32;0.51;179.50;3.30;680;2;548.00;0
992;2;623527420;992;204;1670;1670;8.36;0.51;179.70;3.30;678;2;549.00;0
994;2;623527430;994;206;1670;1670;8.37;0.51;179.78;3.30;676;2;550.00;0
998;2;623527439;998;210;1670;1670;8.38;0.51;179.83;3.30;672;2;551.00;0
1004;2;623527451;1004;215;1674;1674;8.36;0.51;180.41;3.29;670;2;552.00;0
1005;2;623527462;1005;215;1674;1674;8.40;0.51;180.49;3.29;669;2;553.00;0
1012;2;623527473;1012;210;1674;1674;8.43;0.51;180.97;3.29;662;2;554.00;0
1013;2;623527483;1013;211;1675;1675;8.46;0.52;180.98;3.29;662;2;555.00;0
1014;2;623527491;1014;214;1679;1679;8.56;0.52;181.03;3.28;665;2;556.00;0
1015;2;623527500;1015;205;1679;1679;8.65;0.53;181.05;3.28;664;2;557.00;0
1017;2;623527510;1017;204;1681;1682;8.76;0.54;181.15;3.28;664;2;558.00;1
1020;2;623527519;1020;200;1681;1682;8.84;0.54;181.47;3.28;661;2;559.00;1
1024;2;623527528;1024;193;1682;1682;8.89;0.54;181.32;3.28;658;2;560.00;0
1028;2;623527539;1028;189;1682;1682;8.95;0.55;181.52;3.28;654;2;561.00;0
1033;2;623527551;1033;189;1686;1686;9.05;0.55;182.12;3.27;653;2;562.00;0
1035;2;623527563;1035;186;1686;1686;9.12;0.56;182.30;3.27;651;2;563.00;0
1038;2;623527573;1038;186;1686;1686;9.19;0.56;182.72;3.27;648;2;564.00;0
1040;2;623527584;1040;187;1686;1686;9.24;0.56;182.97;3.27;646;2;565.00;0
1044;2;623527594;1044;169;1687;1687;9.30;0.57;183.24;3.27;643;2;566.00;0
1046;2;623527611;1046;163;1688;1688;9.51;0.58;183.53;3.27;642;2;567.00;0
1047;2;623527623;1047;148;1688;1688;9.65;0.59;183.52;3.27;641;2;568.00;0
1051;2;623527634;1051;141;1689;1689;9.85;0.60;184.12;3.27;638;2;569.00;0
1052;2;623527648;1052;134;1689;1689;10.00;0.61;184.37;3.27;637;2;570.00;0
1055;2;623527658;1055;131;1689;1689;10.15;0.62;184.81;3.27;634;2;571.00;0
1060;2;623527668;1060;130;1689;1689;10.32;0.63;184.87;3.27;629;2;572.00;0
1062;2;623527679;1062;127;1689;1689;10.53;0.64;185.19;3.27;627;2;573.00;0
1067;2;623527693;1067;125;1689;1689;10.75;0.66;185.77;3.27;622;2;574.00;0
1068;2;623527707;1068;120;1689;1689;10.99;0.67;185.98;3.27;621;2;575.00;0
1071;2;623527720;1071;146;1772;1816;10.90;0.67;186.35;3.12;701;2;576.00;44
1076;2;623527743;1076;135;1775;1817;11.00;0.68;186.85;3.11;699;2;577.00;42
1078;2;623527757;1078;120;1782;1817;11.20;0.69;187.13;3.11;704;2;578.00;35
1081;2;623527769;1081;110;1785;1817;11.33;0.70;187.69;3.11;704;2;579.00;32
1085;2;623527779;1085;104;1790;1817;11.46;0.70;188.00;3.11;705;2;580.00;27
1089;2;623527790;1089;100;1792;1817;11.52;0.71;188.77;3.11;703;2;581.00;25
1092;2;623527801;1092;97;1795;1817;11.48;0.70;189.10;3.12;703;2;582.00;22
1094;2;623527816;1094;107;1797;1817;11.50;0.70;189.35;3.12;703;2;583.00;20
1098;2;623527833;1098;109;1799;1818;11.47;0.70;189.79;3.13;701;2;584.00;19
1101;2;623527844;1101;113;1804;1820;11.40;0.69;190.29;3.14;703;2;585.00;16
1103;2;623527856;1103;116;1805;1820;11.44;0.70;190.76;3.14;702;2;586.00;15
1105;2;623527871;1105;122;1808;1821;11.48;0.70;190.68;3.15;703;2;587.00;13
1106;2;623527894;1106;125;1813;1821;11.52;0.70;190.86;3.17;707;2;588.00;8
1106;2;623527914;1106;126;1815;1821;11.63;0.71;190.86;3.18;709;2;589.00;6
1111;2;623527930;1111;128;1815;1821;11.74;0.71;191.32;3.18;704;2;590.00;6
1114;2;623527951;1114;126;1820;1825;11.79;0.72;191.55;3.18;706;2;591.00;5
1115;2;623527970;1115;128;1821;1825;11.86;0.72;191.70;3.19;706;2;592.00;4
1118;2;623527984;1118;127;1821;1825;11.97;0.73;191.95;3.19;703;2;593.00;4
1119;2;623527999;1119;132;1823;1828;12.08;0.74;192.05;3.20;704;2;594.00;5
1121;2;623528013;1121;131;1824;1828;12.18;0.74;192.18;3.21;703;2;595.00;4
1124;2;623528026;1124;134;1826;1828;12.29;0.75;192.15;3.22;702;2;596.00;2
1125;2;623528041;1125;133;1830;1832;12.34;0.75;192.32;3.21;705;2;597.00;2
1130;2;623528055;1130;134;1831;1833;12.42;0.75;192.54;3.21;701;2;598.00;2
1131;2;623528069;1131;134;1833;1833;12.48;0.76;192.50;3.21;702;2;599.00;0
1133;2;623528085;1133;141;1845;1859;12.35;0.75;192.83;3.19;712;2;600.00;14
1137;2;623528107;1137;133;1845;1859;12.39;0.75;193.04;3.19;708;2;601.00;14
1140;2;623528123;1140;133;1846;1859;12.39;0.75;193.30;3.19;706;2;602.00;13
1146;2;623528139;1146;133;1847;1860;12.45;0.76;193.84;3.19;701;2;603.00;13
1150;2;623528151;1150;134;1848;1860;12.45;0.76;194.01;3.19;698;2;604.00;12
1153;2;623528165;1153;133;1854;1866;12.46;0.76;194.03;3.19;701;2;605.00;12
1157;2;623528180;1157;134;1855;1866;12.43;0.76;194.10;3.19;698;2;606.00;11
1163;2;623528193;1163;133;1857;1867;12.40;0.75;194.41;3.19;694;2;607.00;10
1165;2;623528205;1165;134;1858;1867;12.39;0.75;194.46;3.19;693;2;608.00;9
1168;2;623528218;1168;133;1858;1867;12.36;0.75;194.65;3.19;690;2;609.00;9
1170;2;623528230;1170;130;1858;1867;12.30;0.75;194.84;3.19;688;2;610.00;9
1175;2;623528242;1175;131;1859;1867;12.20;0.74;194.80;3.19;684;2;611.00;8
1178;2;623528256;1178;125;1867;1879;12.18;0.74;194.86;3.18;689;2;612.00;12
1180;2;623528270;1180;120;1870;1879;12.06;0.73;195.01;3.18;690;2;613.00;9
1180;2;623528288;1180;113;1870;1879;12.14;0.74;195.01;3.18;690;2;614.00;9
1184;2;623528300;1184;108;1871;1879;12.17;0.74;195.08;3.18;687;2;615.00;8
1188;2;623528311;1188;108;1871;1879;12.22;0.74;195.34;3.18;683;2;616.00;8
1190;2;623528324;1190;107;1872;1879;12.27;0.75;195.77;3.19;682;2;617.00;7
1195;2;623528339;1195;106;1876;1883;12.31;0.75;195.60;3.19;681;2;618.00;7
1198;2;623528353;1198;102;1876;1883;12.39;0.75;195.92;3.19;678;2;619.00;7
1202;2;623528364;1202;100;1881;1887;12.47;0.76;196.08;3.19;679;2;620.00;6
1205;2;623528377;1205;96;1881;1888;12.54;0.76;195.88;3.19;676;2;621.00;7
1211;2;623528392;1211;95;1882;1888;12.51;0.76;195.84;3.19;671;2;622.00;6
1212;2;623528404;1212;97;1883;1888;12.54;0.76;195.78;3.20;671;2;623.00;5
1217;2;623528417;1217;95;1891;1901;12.45;0.76;195.72;3.19;674;2;624.00;10
1219;2;623528432;1219;100;1891;1901;12.47;0.76;195.66;3.19;672;2;625.00;10
1221;2;623528443;1221;101;1891;1901;12.46;0.76;195.82;3.19;670;2;626.00;10
1222;2;623528457;1222;108;1893;1902;12.42;0.75;195.94;3.20;671;2;627.00;9
1225;2;623528473;1225;105;1893;1903;12.43;0.76;196.13;3.20;668;2;628.00;10
1226;2;623528488;1226;114;1895;1903;12.35;0.75;196.07;3.22;669;2;629.00;8
1232;2;623528502;1232;119;1900;1909;12.29;0.75;196.28;3.21;668;2;630.00;9
1234;2;623528516;1234;117;1901;1909;12.24;0.74;196.06;3.21;667;2;631.00;8
1237;2;623528529;1237;121;1902;1909;12.23;0.74;196.13;3.21;665;2;632.00;7
1240;2;623528544;1240;121;1903;1909;12.09;0.73;195.93;3.23;663;2;633.00;6
1243;2;623528563;1243;122;1908;1915;12.08;0.73;196.11;3.22;665;2;634.00;7
1245;2;623528576;1245;123;1908;1915;12.07;0.73;196.03;3.22;663;2;635.00;7
1245;2;623528591;1245;125;1908;1915;12.00;0.73;196.03;3.22;663;2;636.00;7
1247;2;623528603;1247;125;1908;1915;11.93;0.72;196.04;3.22;661;2;637.00;7
1249;2;623528619;1249;131;1913;1919;11.78;0.71;196.16;3.24;664;2;638.00;6
1250;2;623528641;1250;135;1914;1920;11.75;0.71;196.28;3.24;664;2;639.00;6
1251;2;623528657;1251;142;1917;1920;11.61;0.70;196.17;3.25;666;2;640.00;3
1251;2;623528669;1251;151;1918;1921;11.53;0.70;196.17;3.25;667;2;641.00;3
1254;2;623528682;1254;158;1918;1921;11.40;0.69;196.17;3.25;664;2;642.00;3
1257;2;623528697;1257;163;1919;1921;11.22;0.68;196.12;3.26;662;2;643.00;2
1259;2;623528711;1259;174;1919;1921;11.14;0.68;195.98;3.26;660;2;644.00;2
1260;2;623528724;1260;180;1919;1921;11.08;0.68;195.88;3.26;659;2;645.00;2
1261;2;623528738;1261;184;1921;1921;10.99;0.67;195.78;3.27;660;2;646.00;0
1262;2;623528752;1262;188;1921;1921;10.86;0.67;195.85;3.27;659;2;647.00;0
1262;2;623528764;1262;197;1959;1991;10.79;0.66;195.85;3.21;697;2;648.00;32
1264;2;623528788;1264;202;1961;1992;10.69;0.66;195.87;3.21;697;2;649.00;31
1266;2;623528804;1266;204;1970;1992;10.57;0.65;196.02;3.20;704;2;650.00;22
1267;2;623528818;1267;213;1972;1992;10.37;0.64;195.91;3.20;705;2;651.00;20
1269;2;623528831;1269;216;1975;1992;10.15;0.62;195.80;3.20;706;2;652.00;17
1271;2;623528843;1271;220;1976;1992;9.88;0.61;195.73;3.20;705;2;653.00;16
1274;2;623528855;1274;226;1978;1992;9.65;0.59;195.43;3.21;704;2;654.00;14
1277;2;623528865;1277;236;1980;1992;9.45;0.58;195.60;3.21;703;2;655.00;12
1280;2;623528876;1280;234;1980;1993;9.18;0.56;195.61;3.21;700;2;656.00;13
1282;2;623528886;1282;243;1982;1994;9.00;0.55;195.48;3.22;700;2;657.00;12
1283;2;623528897;1283;248;1984;1994;8.87;0.54;195.39;3.22;701;2;658.00;10
1285;2;623528906;1285;252;1988;1998;8.73;0.53;195.21;3.22;703;2;659.00;10
1285;2;623528918;1285;252;1991;1998;8.67;0.53;195.21;3.23;706;2;660.00;7
1286;2;623528927;1286;259;1992;1998;8.59;0.53;195.07;3.23;706;2;661.00;6
1287;2;623528943;1287;262;1994;1998;8.55;0.52;195.13;3.24;707;2;662.00;4
1289;2;623528952;1289;265;2001;2004;8.48;0.52;195.09;3.25;712;2;663.00;3
1290;2;623528963;1290;268;2003;2004;8.40;0.52;195.03;3.26;713;2;664.00;1
1293;2;623528972;1293;270;2004;2004;8.27;0.51;194.76;3.26;711;2;665.00;0
1294;2;623528981;1294;275;2006;2007;8.21;0.51;194.71;3.25;712;2;666.00;1
1297;2;623528992;1297;281;2006;2007;8.13;0.50;194.64;3.25;709;2;667.00;1
1300;2;623529001;1300;282;2007;2007;8.04;0.49;194.43;3.25;707;2;668.00;0
1300;2;623529010;1300;285;2008;2008;7.94;0.49;194.43;3.25;708;2;669.00;0
1302;2;623529018;1302;284;2009;2009;7.85;0.48;194.54;3.25;707;2;670.00;0
1305;2;623529027;1305;288;2009;2009;7.71;0.47;194.34;3.25;704;2;671.00;0
1307;2;623529036;1307;290;2022;2022;7.57;0.46;194.29;3.23;715;2;672.00;0
1308;2;623529046;1308;289;2022;2022;7.45;0.46;194.16;3.23;714;2;673.00;0
1313;2;623529055;1313;289;2022;2022;7.34;0.45;194.38;3.23;709;2;674.00;0
1315;2;623529064;1315;275;2024;2024;7.26;0.44;194.21;3.23;709;2;675.00;0
1319;2;623529074;1319;263;2024;2024;7.18;0.44;194.36;3.23;705;2;676.00;0
1322;2;623529083;1322;264;2028;2028;7.11;0.44;194.36;3.22;706;2;677.00;0
1327;2;623529098;1327;258;2028;2028;6.95;0.43;194.60;3.22;701;2;678.00;0
1328;2;623529107;1328;255;2032;2032;6.90;0.42;194.79;3.22;704;2;679.00;0
1330;2;623529117;1330;238;2032;2032;6.88;0.42;195.18;3.22;702;2;680.00;0
1335;2;623529127;1335;233;2032;2032;6.85;0.42;195.44;3.22;697;2;681.00;0
1340;2;623529137;1340;228;2032;2032;6.85;0.42;195.54;3.22;692;2;682.00;0
1344;2;623529147;1344;223;2032;2032;6.85;0.42;195.69;3.22;688;2;683.00;0
1347;2;623529159;1347;223;2043;2044;7.04;0.43;195.73;3.20;696;2;684.00;1
1349;2;623529173;1349;229;2043;2044;7.15;0.44;196.04;3.20;694;2;685.00;1
1352;2;623529185;1352;230;2044;2044;7.29;0.45;196.50;3.20;692;2;686.00;0
1356;2;623529195;1356;223;2044;2044;7.48;0.46;196.74;3.20;688;2;687.00;0
1358;2;623529206;1358;218;2044;2044;7.62;0.47;196.85;3.20;686;2;688.00;0
1359;2;623529218;1359;212;2044;2044;7.77;0.48;197.07;3.20;685;2;689.00;0
1362;2;623529242;1362;202;2045;2045;7.81;0.48;197.39;3.20;683;2;690.00;0
1364;2;623529254;1364;200;2045;2045;7.92;0.48;197.36;3.20;681;2;691.00;0
1367;2;623529263;1367;196;2051;2051;8.03;0.49;197.77;3.19;684;2;692.00;0
1367;2;623529277;1367;202;2051;2052;8.16;0.50;197.77;3.19;684;2;693.00;1
1370;2;623529290;1370;200;2052;2052;8.24;0.50;198.08;3.19;682;2;694.00;0
1374;2;623529301;1374;195;2052;2052;8.29;0.51;198.27;3.19;678;2;695.00;0
1378;2;623529312;1378;194;2056;2056;8.41;0.51;198.16;3.19;678;2;696.00;0
1382;2;623529328;1382;194;2056;2056;8.42;0.51;198.29;3.19;674;2;697.00;0
1385;2;623529339;1385;189;2056;2056;8.52;0.52;198.34;3.19;671;2;698.00;0
1390;2;623529357;1390;191;2057;2057;8.63;0.52;198.38;3.19;667;2;699.00;0
1394;2;623529369;1394;191;2061;2061;8.65;0.53;198.08;3.18;667;2;700.00;0
1398;2;623529388;1398;187;2061;2061;8.75;0.53;198.13;3.18;663;2;701.00;0
1404;2;623529404;1404;191;2063;2064;8.80;0.53;197.97;3.18;659;2;702.00;1
1407;2;623529416;1407;186;2063;2064;8.88;0.54;198.11;3.18;656;2;703.00;1
1412;2;623529428;1412;187;2064;2064;8.88;0.54;198.17;3.18;652;2;704.00;0
1414;2;623529438;1414;182;2064;2064;8.95;0.54;198.42;3.18;650;2;705.00;0
1417;2;623529447;1417;186;2068;2068;9.01;0.55;198.38;3.17;651;2;706.00;0
1420;2;623529459;1420;184;2068;2068;9.01;0.55;198.63;3.17;648;2;707.00;0
1423;2;623529470;1423;183;2068;2068;8.99;0.55;198.92;3.17;645;2;708.00;0
1423;2;623529481;1423;179;2068;2068;9.01;0.55;198.92;3.17;645;2;709.00;0
1425;2;623529496;1425;171;2069;2069;8.89;0.54;199.11;3.17;644;2;710.00;0
1429;2;623529507;1429;176;2070;2070;8.78;0.54;199.21;3.17;641;2;711.00;0
1430;2;623529522;1430;177;2070;2070;8.82;0.54;199.29;3.17;640;2;712.00;0
1432;2;623529534;1432;175;2071;2071;8.84;0.54;199.30;3.17;639;2;713.00;0
1435;2;623529545;1435;172;2071;2071;8.83;0.54;199.38;3.17;636;2;714.00;0
1437;2;623529556;1437;177;2071;2071;8.76;0.54;199.44;3.17;634;2;715.00;0
1440;2;623529567;1440;176;2071;2071;8.72;0.53;199.68;3.17;631;2;716.00;0
1442;2;623529579;1442;173;2071;2071;8.66;0.53;199.56;3.17;629;2;717.00;0
1448;2;623529588;1448;173;2071;2071;8.51;0.52;199.86;3.17;623;2;718.00;0
1455;2;623529597;1455;173;2071;2071;8.40;0.51;199.98;3.17;616;2;719.00;0
1461;2;623529607;1461;221;2192;2301;8.50;0.54;200.07;3.00;731;2;720.00;109
1467;2;623529635;1467;214;2201;2302;8.51;0.53;200.23;2.99;734;2;721.00;101
1468;2;623529645;1468;203;2216;2302;8.65;0.54;200.22;2.98;748;2;722.00;86
1471;2;623529655;1471;195;2225;2302;8.70;0.55;200.27;2.98;754;2;723.00;77
1474;2;623529666;1474;190;2235;2302;8.62;0.54;200.54;2.99;761;2;724.00;67
1474;2;623529676;1474;183;2239;2302;8.59;0.54;200.54;2.99;765;2;725.00;63
1475;2;623529686;1475;186;2247;2302;8.58;0.54;200.64;3.00;772;2;726.00;55
1478;2;623529696;1478;172;2252;2302;8.61;0.54;200.61;3.01;774;2;727.00;50
1479;2;623529707;1479;173;2260;2303;8.64;0.54;200.65;3.03;781;2;728.00;43
1482;2;623529718;1482;166;2263;2304;8.64;0.54;200.70;3.03;781;2;729.00;41
1484;2;623529730;1484;165;2268;2304;8.64;0.54;200.71;3.05;784;2;730.00;36
1486;2;623529748;1486;170;2272;2305;8.65;0.54;200.80;3.06;786;2;731.00;33
1489;2;623529761;1489;175;2275;2305;8.63;0.54;200.70;3.07;786;2;732.00;30
1491;2;623529772;1491;177;2279;2305;8.61;0.53;200.76;3.09;788;2;733.00;26
1495;2;623529785;1495;181;2281;2305;8.58;0.53;200.76;3.10;786;2;734.00;24
1498;2;623529803;1498;189;2283;2309;8.54;0.53;200.86;3.09;785;2;735.00;26
1500;2;623529822;1500;191;2285;2309;8.53;0.53;201.19;3.10;785;2;736.00;24
1502;2;623529834;1502;186;2285;2309;8.59;0.53;201.36;3.10;783;2;737.00;24
1504;2;623529847;1504;186;2288;2312;8.56;0.53;201.45;3.11;784;2;738.00;24
1508;2;623529865;1508;183;2288;2312;8.65;0.53;201.43;3.11;780;2;739.00;24
1510;2;623529883;1510;180;2288;2312;8.73;0.53;201.60;3.11;778;2;740.00;24
1511;2;623529899;1511;180;2293;2316;8.83;0.54;201.80;3.11;782;2;741.00;23
1512;2;623529926;1512;181;2294;2317;9.03;0.55;202.00;3.11;782;2;742.00;23
1514;2;623529943;1514;178;2294;2317;9.19;0.56;202.18;3.11;780;2;743.00;23
1516;2;623529963;1516;173;2299;2321;9.34;0.57;202.44;3.12;783;2;744.00;22
1519;2;623529979;1519;173;2301;2321;9.48;0.58;202.29;3.13;782;2;745.00;20
1521;2;623529992;1521;173;2301;2321;9.62;0.59;202.52;3.13;780;2;746.00;20
1524;2;623530004;1524;168;2301;2322;9.85;0.60;202.68;3.13;777;2;747.00;21
1529;2;623530018;1529;164;2302;2322;9.99;0.61;202.75;3.13;773;2;748.00;20
1531;2;623530033;1531;159;2308;2328;10.16;0.62;202.80;3.14;777;2;749.00;20
1534;2;623530049;1534;160;2308;2328;10.29;0.63;203.29;3.14;774;2;750.00;20
1537;2;623530063;1537;157;2310;2329;10.35;0.63;203.63;3.15;773;2;751.00;19
1540;2;623530077;1540;154;2310;2329;10.42;0.64;203.85;3.15;770;2;752.00;19
1543;2;623530092;1543;151;2310;2329;10.44;0.64;203.77;3.15;767;2;753.00;19
1545;3;623530109;1545;147;2312;2329;10.45;0.64;203.77;3.18;767;3;754.00;17
1548;3;623530144;1548;146;2312;2329;10.58;0.64;204.06;3.18;764;3;755.00;17
1550;3;623530160;1550;154;2324;2341;10.70;0.65;204.15;3.19;774;3;756.00;17
1553;4;623530181;1553;148;2325;2341;10.75;0.66;204.05;3.21;772;4;757.00;16
1554;4;623530202;1554;150;2325;2341;10.87;0.66;204.04;3.21;771;4;758.00;16
1558;4;623530214;1558;146;2327;2341;10.99;0.67;204.22;3.23;769;4;759.00;14
1563;4;623530226;1563;152;2328;2341;11.15;0.68;204.58;3.23;765;4;760.00;13
1565;4;623530243;1565;155;2329;2341;11.28;0.69;204.85;3.23;764;4;761.00;12
1569;4;623530262;1569;156;2334;2345;11.25;0.69;204.96;3.23;765;4;762.00;11
1572;5;623530280;1572;157;2335;2345;11.32;0.69;205.21;3.23;763;5;763.00;10
1574;5;623530306;1574;159;2339;2349;11.43;0.70;205.40;3.23;765;5;764.00;10
1577;5;623530323;1577;159;2341;2351;11.45;0.70;206.02;3.23;764;5;765.00;10
1578;5;623530334;1578;162;2341;2351;11.50;0.70;206.13;3.23;763;5;766.00;10
1585;5;623530345;1585;165;2341;2351;11.53;0.71;206.37;3.23;756;5;767.00;10
1592;5;623530356;1592;165;2352;2364;11.56;0.71;206.59;3.23;760;5;768.00;12
1595;5;623530372;1595;169;2352;2364;11.63;0.71;206.71;3.23;757;5;769.00;12
1598;5;623530387;1598;169;2352;2364;11.68;0.71;206.79;3.23;754;5;770.00;12
1601;5;623530400;1601;169;2353;2365;11.73;0.72;206.78;3.23;752;5;771.00;12
1603;5;623530413;1603;169;2353;2366;11.75;0.72;206.91;3.23;750;5;772.00;13
1604;5;623530424;1604;171;2353;2366;11.72;0.72;207.00;3.23;749;5;773.00;13
1606;5;623530435;1606;169;2355;2369;11.67;0.71;207.09;3.23;749;5;774.00;14
1610;5;623530446;1610;166;2355;2369;11.48;0.70;207.35;3.23;745;5;775.00;14
1612;5;623530458;1612;165;2356;2369;11.45;0.70;207.34;3.23;744;5;776.00;13
1617;5;623530470;1617;167;2356;2369;11.38;0.69;207.48;3.23;739;5;777.00;13
1618;5;623530480;1618;173;2361;2375;11.38;0.70;207.53;3.22;743;5;778.00;14
1622;5;623530492;1622;177;2361;2375;11.35;0.69;207.42;3.22;739;5;779.00;14
1625;5;623530504;1625;178;2361;2375;11.32;0.69;207.57;3.22;736;5;780.00;14
1628;5;623530515;1628;177;2361;2375;11.29;0.69;207.61;3.22;733;5;781.00;14
1633;5;623530525;1633;173;2364;2379;11.24;0.69;207.73;3.22;731;5;782.00;15
1638;5;623530537;1638;171;2365;2380;11.25;0.69;207.83;3.22;727;5;783.00;15
1644;5;623530548;1644;170;2365;2380;11.23;0.69;207.92;3.22;721;5;784.00;15
1648;5;623530558;1648;167;2368;2381;11.19;0.68;207.86;3.23;720;5;785.00;13
1650;5;623530573;1650;166;2368;2381;11.26;0.69;207.82;3.23;718;5;786.00;13
1656;5;623530583;1656;168;2368;2381;11.22;0.68;207.99;3.23;712;5;787.00;13
1659;5;623530594;1659;162;2368;2381;11.28;0.69;208.08;3.23;709;5;788.00;13
1662;5;623530604;1662;160;2368;2381;11.30;0.69;207.88;3.23;706;5;789.00;13
1665;5;623530614;1665;162;2368;2381;11.39;0.69;208.07;3.23;703;5;790.00;13
1667;5;623530625;1667;159;2368;2381;11.41;0.70;208.39;3.23;701;5;791.00;13
1670;5;623530635;1670;163;2400;2451;11.43;0.70;208.56;3.19;730;5;792.00;51
1673;5;623530653;1673;159;2400;2452;11.43;0.70;208.48;3.19;727;5;793.00;52
1680;5;623530665;1680;158;2408;2452;11.44;0.70;208.70;3.18;728;5;794.00;44
1680;5;623530677;1680;160;2409;2452;11.40;0.70;208.70;3.18;729;5;795.00;43
1683;5;623530694;1683;162;2413;2452;11.39;0.69;208.70;3.18;730;5;796.00;39
1686;5;623530706;1686;161;2416;2452;11.27;0.69;208.80;3.21;730;5;797.00;36
1690;5;623530717;1690;168;2420;2452;11.19;0.68;208.89;3.22;730;5;798.00;32
1691;5;623530727;1691;173;2423;2452;11.15;0.68;208.89;3.22;732;5;799.00;29
1698;5;623530754;1698;173;2428;2453;10.99;0.67;208.47;3.26;730;5;800.00;25
1702;5;623530770;1702;176;2432;2454;10.87;0.66;208.40;3.27;730;5;801.00;22
1703;5;623530784;1703;177;2436;2454;10.75;0.65;208.41;3.31;733;5;802.00;18
1703;5;623530795;1703;186;2440;2458;10.64;0.65;208.41;3.31;737;5;803.00;18
1706;5;623530805;1706;189;2442;2458;10.54;0.64;208.26;3.34;736;5;804.00;16
1709;5;623530817;1709;192;2442;2458;10.44;0.64;208.26;3.34;733;5;805.00;16
1710;5;623530828;1710;200;2443;2458;10.34;0.63;208.25;3.38;733;5;806.00;15
1713;5;623530839;1713;203;2449;2464;10.32;0.63;208.14;3.41;736;5;807.00;15
1714;5;623530850;1714;206;2449;2464;10.23;0.62;208.07;3.41;735;5;808.00;15
1716;5;623530862;1716;213;2449;2464;10.13;0.62;208.11;3.41;733;5;809.00;15
1720;5;623530873;1720;219;2456;2470;10.02;0.61;207.85;3.46;736;5;810.00;14
1723;5;623530884;1723;230;2457;2470;9.91;0.60;207.65;3.49;734;5;811.00;13
1725;5;623530894;1725;241;2460;2470;9.78;0.59;207.57;3.50;735;5;812.00;10
1726;5;623530905;1726;242;2462;2471;9.61;0.58;207.50;3.54;736;5;813.00;9
1728;5;623530914;1728;250;2463;2472;9.46;0.58;207.32;3.54;735;5;814.00;9
1730;5;623530924;1730;255;2465;2472;9.28;0.57;207.34;3.57;735;5;815.00;7
1731;5;623530935;1731;264;2475;2485;9.09;0.56;207.24;3.56;744;5;816.00;10
1734;5;623530946;1734;271;2476;2485;8.98;0.55;207.12;3.58;742;5;817.00;9
1735;5;623530955;1735;280;2477;2485;8.82;0.54;207.01;3.58;742;5;818.00;8
1738;5;623530964;1738;287;2481;2486;8.71;0.54;206.84;3.60;743;5;819.00;5
1740;5;623530975;1740;292;2483;2486;8.63;0.53;206.83;3.61;743;5;820.00;3
1745;5;623530984;1745;298;2488;2490;8.63;0.53;206.67;3.61;743;5;821.00;2
1746;5;623530994;1746;302;2488;2490;8.50;0.52;206.66;3.61;742;5;822.00;2
1749;5;623531006;1749;310;2493;2494;8.41;0.52;206.52;3.61;744;5;823.00;1
1750;5;623531017;1750;320;2494;2494;8.32;0.51;206.55;3.61;744;5;824.00;0
1753;5;623531026;1753;324;2494;2494;8.21;0.50;206.39;3.61;741;5;825.00;0
1753;5;623531036;1753;328;2494;2494;8.13;0.50;206.39;3.61;741;5;826.00;0
1755;5;623531044;1755;318;2494;2494;8.05;0.49;206.26;3.61;739;5;827.00;0
1756;5;623531053;1756;317;2504;2506;8.04;0.49;206.29;3.59;748;5;828.00;2
1759;5;623531064;1759;309;2504;2506;7.97;0.49;206.19;3.59;745;5;829.00;2
1760;5;623531072;1760;301;2506;2506;7.94;0.49;206.18;3.59;746;5;830.00;0
1762;5;623531081;1762;303;2506;2506;7.90;0.49;206.28;3.59;744;5;831.00;0
1764;5;623531090;1764;297;2506;2506;7.91;0.48;206.20;3.59;742;5;832.00;0
1765;5;623531100;1765;294;2506;2506;7.95;0.49;206.15;3.59;741;5;833.00;0
1766;5;623531115;1766;288;2507;2507;7.92;0.48;206.09;3.59;741;5;834.00;0
1766;5;623531124;1766;287;2507;2507;7.97;0.49;206.09;3.59;741;5;835.00;0
1767;5;623531134;1767;288;2513;2513;8.16;0.50;206.05;3.58;746;5;836.00;0
1767;5;623531144;1767;290;2514;2514;8.16;0.50;206.05;3.58;747;5;837.00;0
1773;5;623531153;1773;289;2514;2514;8.07;0.49;205.93;3.58;741;5;838.00;0
1774;5;623531163;1774;286;2514;2514;8.05;0.49;205.82;3.58;740;5;839.00;0
1775;5;623531173;1775;281;2519;2519;8.05;0.49;205.78;3.57;744;5;840.00;0
1777;5;623531183;1777;280;2519;2519;7.92;0.48;205.68;3.57;742;5;841.00;0
1778;5;623531198;1778;279;2519;2519;7.85;0.48;205.63;3.57;741;5;842.00;0
1781;5;623531206;1781;281;2520;2520;7.72;0.47;205.73;3.57;739;5;843.00;0
1781;5;623531214;1781;280;2524;2524;7.61;0.46;205.73;3.57;743;5;844.00;0
1782;5;623531223;1782;278;2524;2524;7.57;0.46;205.86;3.57;742;5;845.00;0
1785;5;623531231;1785;280;2526;2527;7.49;0.46;206.04;3.57;741;5;846.00;1
1786;5;623531240;1786;286;2526;2527;7.43;0.45;206.17;3.57;740;5;847.00;1
1788;5;623531249;1788;277;2527;2527;7.42;0.45;206.10;3.57;739;5;848.00;0
1791;5;623531257;1791;278;2527;2527;7.38;0.45;206.15;3.57;736;5;849.00;0
1795;5;623531266;1795;270;2531;2531;7.49;0.46;206.18;3.56;736;5;850.00;0
1797;5;623531276;1797;263;2531;2531;7.57;0.46;206.48;3.56;734;5;851.00;0
1801;5;623531285;1801;252;2531;2531;7.63;0.47;206.69;3.56;730;5;852.00;0
1802;5;623531294;1802;242;2531;2531;7.70;0.47;206.82;3.56;729;5;853.00;0
1806;5;623531304;1806;237;2532;2532;7.74;0.47;206.99;3.56;726;5;854.00;0
1812;5;623531315;1812;234;2534;2534;7.81;0.48;207.12;3.56;722;5;855.00;0
1817;5;623531326;1817;233;2534;2534;7.88;0.48;207.44;3.56;717;5;856.00;0
1820;5;623531336;1820;224;2535;2535;7.94;0.48;207.75;3.56;715;5;857.00;0
1823;5;623531345;1823;214;2535;2535;7.95;0.48;208.00;3.56;712;5;858.00;0
1826;5;623531354;1826;210;2535;2535;7.97;0.49;208.23;3.56;709;5;859.00;0
1828;5;623531364;1828;199;2535;2535;8.01;0.49;208.11;3.56;707;5;860.00;0
1831;5;623531373;1831;198;2535;2535;8.02;0.49;208.38;3.56;704;5;861.00;0
1835;5;623531383;1835;191;2535;2535;8.11;0.50;208.46;3.56;700;5;862.00;0
1841;5;623531393;1841;184;2535;2535;8.17;0.50;208.85;3.56;694;5;863.00;0
1846;5;623531405;1846;192;2615;2662;8.45;0.52;209.00;3.45;769;5;864.00;47
1850;5;623531426;1850;189;2619;2663;8.43;0.52;209.36;3.44;769;5;865.00;44
1854;5;623531436;1854;195;2627;2663;8.44;0.52;209.44;3.44;773;5;866.00;36
1855;5;623531446;1855;193;2629;2663;8.51;0.53;209.45;3.44;774;5;867.00;34
1859;5;623531455;1859;188;2633;2663;8.58;0.53;209.50;3.44;774;5;868.00;30
1861;5;623531464;1861;190;2636;2663;8.63;0.53;209.59;3.44;775;5;869.00;27
1867;5;623531477;1867;187;2639;2663;8.66;0.53;209.73;3.45;772;5;870.00;24
1871;5;623531486;1871;191;2641;2663;8.62;0.53;209.74;3.45;770;5;871.00;22
1875;5;623531496;1875;192;2643;2664;8.56;0.53;209.77;3.45;768;5;872.00;21
1879;5;623531506;1879;196;2648;2665;8.46;0.52;209.86;3.46;769;5;873.00;17
1882;5;623531515;1882;195;2650;2665;8.43;0.52;209.87;3.47;768;5;874.00;15
1886;5;623531524;1886;204;2653;2666;8.32;0.51;210.18;3.47;767;5;875.00;13
1889;5;623531534;1889;209;2654;2666;8.31;0.51;210.17;3.48;765;5;876.00;12
1895;5;623531544;1895;208;2657;2666;8.24;0.50;210.24;3.49;762;5;877.00;9
1899;5;623531554;1899;218;2661;2666;8.23;0.51;210.27;3.50;762;5;878.00;5
1903;5;623531564;1903;216;2665;2670;8.31;0.51;210.08;3.50;762;5;879.00;5
1905;5;623531574;1905;214;2665;2670;8.35;0.51;210.28;3.50;760;5;880.00;5
1910;5;623531583;1910;221;2667;2670;8.32;0.51;210.36;3.51;757;5;881.00;3
1911;5;623531594;1911;218;2669;2673;8.40;0.52;210.47;3.51;758;5;882.00;4
1916;5;623531607;1916;216;2669;2673;8.44;0.52;210.40;3.51;753;5;883.00;4
1922;5;623531622;1922;215;2669;2673;8.38;0.51;210.74;3.51;747;5;884.00;4
1925;5;623531632;1925;213;2674;2677;8.44;0.52;210.89;3.51;749;5;885.00;3
1928;5;623531643;1928;222;2676;2678;8.49;0.52;211.04;3.51;748;5;886.00;2
1931;5;623531652;1931;224;2678;2678;8.53;0.52;211.07;3.52;747;5;887.00;0
1933;5;623531663;1933;221;2682;2682;8.59;0.53;211.26;3.51;749;5;888.00;0
1940;5;623531672;1940;217;2682;2682;8.57;0.52;211.57;3.51;742;5;889.00;0
1942;5;623531683;1942;222;2682;2682;8.59;0.52;211.52;3.51;740;5;890.00;0
1947;5;623531694;1947;218;2683;2683;8.49;0.52;211.62;3.51;736;5;891.00;0
1949;5;623531709;1949;224;2683;2683;8.38;0.51;211.77;3.51;734;5;892.00;0
1950;5;623531719;1950;225;2689;2689;8.41;0.51;211.74;3.50;739;5;893.00;0
1954;5;623531729;1954;229;2689;2689;8.41;0.51;211.87;3.50;735;5;894.00;0
1957;5;623531738;1957;231;2690;2690;8.38;0.51;211.90;3.50;733;5;895.00;0
1961;5;623531749;1961;228;2690;2690;8.29;0.50;212.11;3.50;729;5;896.00;0
1964;5;623531759;1964;214;2690;2690;8.27;0.50;212.20;3.50;726;5;897.00;0
1968;5;623531769;1968;210;2690;2690;8.23;0.50;212.34;3.50;722;5;898.00;0
1973;5;623531778;1973;209;2690;2690;8.23;0.50;212.73;3.50;717;5;899.00;0
1976;5;623531790;1976;205;2720;2736;8.28;0.51;212.90;3.46;744;5;900.00;16
1979;5;623531809;1979;204;2721;2736;8.32;0.51;213.07;3.46;742;5;901.00;15
1981;5;623531820;1981;195;2725;2736;8.49;0.52;213.06;3.46;744;5;902.00;11
1982;5;623531830;1982;192;2725;2736;8.71;0.53;213.00;3.46;743;5;903.00;11
1983;5;623531840;1983;189;2727;2736;8.87;0.54;213.02;3.46;744;5;904.00;9
1985;5;623531850;1985;192;2728;2736;8.98;0.55;213.05;3.46;743;5;905.00;8
1985;5;623531864;1985;180;2733;2740;9.02;0.55;213.05;3.46;748;5;906.00;7
1988;6;623531882;1988;171;2734;2740;9.08;0.56;213.10;3.46;746;6;907.00;6
1989;6;623531912;1989;157;2737;2744;9.15;0.56;213.17;3.46;748;6;908.00;7
1990;6;623531930;1990;153;2738;2745;9.27;0.57;213.14;3.46;748;6;909.00;7
1992;6;623531960;1992;148;2738;2745;9.34;0.57;213.23;3.46;746;6;910.00;7
1995;6;623531979;1995;150;2739;2745;9.38;0.57;213.23;3.46;744;6;911.00;6
1995;6;623531992;1995;157;2752;2758;9.55;0.58;213.23;3.45;757;6;912.00;6
1999;6;623532005;1999;150;2752;2758;9.68;0.59;213.41;3.45;753;6;913.00;6
2000;6;623532017;2000;147;2752;2758;9.79;0.60;213.54;3.45;752;6;914.00;6
2003;6;623532028;2003;147;2753;2759;9.86;0.60;213.66;3.45;750;6;915.00;6
2004;6;623532040;2004;140;2754;2760;9.84;0.60;213.69;3.45;750;6;916.00;6
2010;6;623532052;2010;136;2755;2760;9.87;0.60;214.18;3.45;745;6;917.00;5
2013;6;623532064;2013;132;2758;2763;9.90;0.60;214.28;3.45;745;6;918.00;5
2014;6;623532075;2014;131;2758;2763;9.94;0.61;214.39;3.45;744;6;919.00;5
2016;6;623532086;2016;134;2759;2763;10.04;0.61;214.34;3.45;743;6;920.00;4
2018;6;623532097;2018;132;2759;2763;10.07;0.61;214.56;3.45;741;6;921.00;4
2020;6;623532108;2020;134;2765;2769;10.09;0.62;214.62;3.46;745;6;922.00;4
2026;6;623532119;2026;135;2767;2769;10.08;0.61;214.68;3.47;741;6;923.00;2
2029;6;623532131;2029;131;2767;2769;10.17;0.62;214.63;3.47;738;6;924.00;2
2033;6;623532142;2033;129;2769;2769;10.16;0.62;214.73;3.47;736;6;925.00;0
2037;6;623532152;2037;130;2773;2773;10.14;0.62;214.90;3.47;736;6;926.00;0
2040;6;623532163;2040;130;2774;2774;10.15;0.62;214.88;3.47;734;6;927.00;0
2046;6;623532174;2046;141;2774;2774;10.18;0.62;215.07;3.47;728;6;928.00;0
2050;6;623532184;2050;142;2775;2775;10.28;0.62;215.10;3.46;725;6;929.00;0
2052;6;623532197;2052;145;2775;2775;10.32;0.63;215.30;3.46;723;6;930.00;0
2054;6;623532208;2054;142;2775;2775;10.41;0.63;215.44;3.46;721;6;931.00;0
2056;6;623532218;2056;144;2775;2775;10.54;0.64;215.47;3.46;719;6;932.00;0
2060;6;623532228;2060;144;2775;2775;10.65;0.64;215.49;3.46;715;6;933.00;0
2063;6;623532239;2063;146;2775;2775;10.81;0.65;215.41;3.46;712;6;934.00;0
2064;6;623532250;2064;150;2775;2775;10.95;0.66;215.41;3.46;711;6;935.00;0
2064;7;623532260;2064;157;2814;2845;10.85;0.66;215.41;3.42;750;7;936.00;31
2068;7;623532284;2068;155;2814;2846;10.89;0.66;215.73;3.42;746;7;937.00;32
2070;7;623532295;2070;153;2820;2846;11.01;0.67;215.83;3.41;750;7;938.00;26
2074;7;623532306;2074;148;2822;2846;10.98;0.67;215.77;3.41;748;7;939.00;24
2074;7;623532322;2074;153;2827;2846;11.04;0.67;215.77;3.41;753;7;940.00;19
2077;7;623532332;2077;157;2830;2846;11.14;0.68;215.97;3.42;753;7;941.00;16
2078;7;623532343;2078;162;2832;2846;11.15;0.68;215.97;3.42;754;7;942.00;14
2080;7;623532354;2080;164;2834;2846;11.19;0.68;216.10;3.42;754;7;943.00;12
2084;7;623532365;2084;166;2836;2847;11.22;0.68;216.27;3.42;752;7;944.00;11
2091;7;623532375;2091;166;2839;2849;11.19;0.68;216.31;3.43;748;7;945.00;10
2093;7;623532386;2093;171;2841;2849;11.19;0.68;216.26;3.43;748;7;946.00;8
2096;7;623532397;2096;171;2845;2853;11.12;0.68;216.17;3.43;749;7;947.00;8
2101;7;623532408;2101;171;2846;2853;11.04;0.67;216.02;3.43;745;7;948.00;7
2103;7;623532418;2103;173;2846;2853;10.95;0.67;215.96;3.43;743;7;949.00;7
2106;7;623532428;2106;177;2846;2853;10.80;0.66;215.84;3.43;740;7;950.00;7
2108;7;623532438;2108;181;2850;2859;10.75;0.65;215.77;3.43;742;7;951.00;9
2108;7;623532448;2108;181;2850;2859;10.70;0.65;215.77;3.43;742;7;952.00;9
2112;7;623532457;2112;184;2850;2859;10.51;0.64;216.09;3.43;738;7;953.00;9
2114;7;623532467;2114;189;2852;2862;10.43;0.64;216.06;3.42;738;7;954.00;10
2117;7;623532478;2117;194;2857;2862;10.28;0.63;216.04;3.44;740;7;955.00;5
2120;7;623532488;2120;198;2857;2862;10.24;0.62;216.13;3.44;737;7;956.00;5
2126;7;623532498;2126;204;2857;2863;10.11;0.61;215.98;3.44;731;7;957.00;6
2129;7;623532508;2129;207;2858;2864;10.14;0.62;215.95;3.44;729;7;958.00;6
2133;7;623532518;2133;204;2858;2864;10.12;0.61;216.09;3.44;725;7;959.00;6
2137;7;623532528;2137;213;2876;2890;10.09;0.62;215.88;3.42;739;7;960.00;14
2140;7;623532540;2140;216;2876;2890;9.99;0.61;215.73;3.42;736;7;961.00;14
2146;7;623532550;2146;218;2878;2890;9.90;0.60;215.48;3.42;732;7;962.00;12
2148;7;623532559;2148;219;2881;2891;9.85;0.60;215.46;3.42;733;7;963.00;10
2150;7;623532569;2150;221;2881;2891;9.83;0.60;215.37;3.42;731;7;964.00;10
2153;7;623532577;2153;221;2884;2895;9.85;0.60;215.17;3.42;731;7;965.00;11
2154;7;623532587;2154;224;2884;2895;9.84;0.60;215.24;3.42;730;7;966.00;11
2158;7;623532596;2158;231;2888;2899;9.78;0.59;215.19;3.42;730;7;967.00;11
2159;7;623532606;2159;234;2888;2899;9.72;0.59;215.11;3.42;729;7;968.00;11
2160;7;623532616;2160;237;2889;2899;9.67;0.59;215.05;3.42;729;7;969.00;10
2164;7;623532625;2164;239;2889;2899;9.58;0.58;215.00;3.42;725;7;970.00;10
2167;7;623532634;2167;241;2891;2899;9.42;0.57;214.80;3.44;724;7;971.00;8
2169;7;623532644;2169;243;2902;2911;9.43;0.57;214.77;3.43;733;7;972.00;9
2169;7;623532654;2169;241;2904;2911;9.34;0.57;214.77;3.44;735;7;973.00;7
2169;7;623532662;2169;247;2905;2911;9.19;0.56;214.77;3.44;736;7;974.00;6
2171;7;623532670;2171;245;2905;2911;9.05;0.55;214.78;3.44;734;7;975.00;6
2173;7;623532679;2173;249;2905;2911;8.90;0.54;214.84;3.44;732;7;976.00;6
2173;7;623532687;2173;255;2905;2911;8.82;0.54;214.84;3.44;732;7;977.00;6
2175;7;623532695;2175;264;2905;2912;8.74;0.53;214.84;3.44;730;7;978.00;7
2176;7;623532704;2176;256;2905;2912;8.71;0.53;214.77;3.44;729;7;979.00;7
2176;7;623532713;2176;252;2912;2918;8.72;0.53;214.77;3.46;736;7;980.00;6
2178;7;623532722;2178;253;2913;2919;8.72;0.53;214.82;3.45;735;7;981.00;6
2178;7;623532732;2178;256;2915;2919;8.70;0.53;214.82;3.46;737;7;982.00;4
2182;7;623532741;2182;260;2915;2919;8.60;0.53;214.64;3.46;733;7;983.00;4
2182;7;623532750;2182;260;2918;2923;8.61;0.53;214.64;3.46;736;7;984.00;5
2182;7;623532759;2182;263;2918;2923;8.58;0.52;214.64;3.46;736;7;985.00;5
2186;7;623532768;2186;264;2920;2923;8.53;0.52;214.54;3.47;734;7;986.00;3
2189;7;623532777;2189;266;2921;2924;8.59;0.52;214.54;3.47;732;7;987.00;3
2190;8;623532786;2190;267;2925;2928;8.52;0.52;214.56;3.47;735;8;988.00;3
2192;8;623532807;2192;267;2926;2928;8.55;0.52;214.52;3.47;734;8;989.00;2
2195;8;623532819;2195;268;2931;2934;8.56;0.52;214.38;3.47;736;8;990.00;3
2196;8;623532828;2196;270;2932;2934;8.53;0.52;214.37;3.47;736;8;991.00;2
2196;8;623532842;2196;270;2934;2934;8.50;0.52;214.37;3.47;738;8;992.00;0
2197;9;623532853;2197;266;2934;2934;8.52;0.52;214.39;3.47;737;9;993.00;0
2197;9;623532879;2197;269;2938;2938;8.55;0.53;214.39;3.47;741;9;994.00;0
2198;9;623532895;2198;275;2938;2938;8.42;0.52;214.38;3.47;740;9;995.00;0
2200;9;623532904;2200;274;2938;2938;8.35;0.51;214.39;3.47;738;9;996.00;0
2202;9;623532913;2202;270;2938;2938;8.21;0.50;214.49;3.47;736;9;997.00;0
2202;9;623532922;2202;274;2939;2939;8.13;0.50;214.49;3.46;737;9;998.00;0
2205;9;623532930;2205;273;2940;2940;8.00;0.49;214.38;3.46;735;9;999.00;0
2208;9;623532939;2208;274;2940;2940;7.87;0.48;214.36;3.46;732;9;1000.00;0
2208;9;623532952;2208;274;2941;2941;7.86;0.48;214.36;3.46;733;9;1001.00;0
2210;9;623532963;2210;278;2941;2941;7.73;0.47;214.56;3.46;731;9;1002.00;0
2212;9;623532973;2212;275;2941;2941;7.68;0.47;214.47;3.46;729;9;1003.00;0
2214;9;623532989;2214;278;2941;2941;7.63;0.47;214.68;3.46;727;9;1004.00;0
2217;9;623532997;2217;274;2941;2941;7.58;0.46;214.73;3.46;724;9;1005.00;0
2220;9;623533006;2220;273;2941;2941;7.46;0.46;214.76;3.46;721;9;1006.00;0
2221;9;623533015;2221;271;2941;2941;7.39;0.45;214.73;3.46;720;9;1007.00;0
2222;9;623533022;2222;294;3012;3068;7.57;0.47;214.70;3.38;790;9;1008.00;56
2224;9;623533040;2224;290;3014;3069;7.51;0.47;214.64;3.38;790;9;1009.00;55
2227;9;623533049;2227;279;3024;3069;7.52;0.47;214.59;3.38;797;9;1010.00;45
2229;9;623533057;2229;281;3030;3069;7.49;0.47;214.51;3.38;801;9;1011.00;39
2231;9;623533066;2231;279;3036;3069;7.48;0.47;214.51;3.38;805;9;1012.00;33
2231;9;623533074;2231;280;3040;3069;7.47;0.46;214.51;3.38;809;9;1013.00;29
2233;10;623533083;2233;280;3044;3069;7.48;0.46;214.44;3.38;811;10;1014.00;25
2240;10;623533097;2240;283;3047;3069;7.46;0.46;214.52;3.39;807;10;1015.00;22
2243;10;623533106;2243;282;3049;3070;7.49;0.46;214.53;3.39;806;10;1016.00;21
2245;10;623533115;2245;287;3052;3071;7.52;0.47;214.54;3.39;807;10;1017.00;19
2251;10;623533125;2251;288;3054;3071;7.44;0.46;214.62;3.40;803;10;1018.00;17
2254;10;623533137;2254;284;3056;3072;7.38;0.46;214.71;3.40;802;10;1019.00;16
2258;10;623533148;2258;280;3062;3072;7.30;0.45;214.92;3.42;804;10;1020.00;10
2263;10;623533157;2263;282;3062;3072;7.30;0.45;215.07;3.42;799;10;1021.00;10
2269;10;623533166;2269;280;3063;3072;7.24;0.45;215.31;3.42;794;10;1022.00;9
2272;10;623533174;2272;276;3069;3076;7.26;0.45;215.55;3.43;797;10;1023.00;7
2277;10;623533184;2277;274;3070;3076;7.28;0.45;215.88;3.43;793;10;1024.00;6
2280;10;623533194;2280;275;3071;3076;7.37;0.45;216.10;3.44;791;10;1025.00;5
2282;10;623533203;2282;274;3072;3079;7.48;0.46;216.13;3.43;790;10;1026.00;7
2289;10;623533213;2289;270;3074;3079;7.53;0.46;216.42;3.44;785;10;1027.00;5
2292;10;623533223;2292;261;3074;3079;7.57;0.46;216.79;3.44;782;10;1028.00;5
2295;10;623533233;2295;258;3080;3083;7.66;0.47;216.94;3.45;785;10;1029.00;3
2298;10;623533243;2298;252;3081;3084;7.76;0.48;217.24;3.45;783;10;1030.00;3
2300;10;623533254;2300;243;3083;3084;7.90;0.48;217.35;3.45;783;10;1031.00;1
2302;10;623533263;2302;232;3086;3088;7.98;0.49;217.46;3.45;784;10;1032.00;2
2306;10;623533273;2306;226;3088;3088;8.00;0.49;217.52;3.45;782;10;1033.00;0
2310;10;623533283;2310;220;3088;3088;8.01;0.49;217.69;3.45;778;10;1034.00;0
2313;10;623533293;2313;222;3090;3090;8.10;0.50;217.75;3.45;777;10;1035.00;0
2317;10;623533302;2317;219;3090;3090;8.11;0.50;217.93;3.45;773;10;1036.00;0
2320;10;623533313;2320;216;3096;3096;8.13;0.50;218.05;3.44;776;10;1037.00;0
2323;10;623533329;2323;218;3096;3096;8.17;0.50;218.13;3.44;773;10;1038.00;0
2326;10;623533339;2326;214;3097;3097;8.19;0.50;218.12;3.44;771;10;1039.00;0
2332;10;623533349;2332;211;3097;3097;8.24;0.50;218.43;3.44;765;10;1040.00;0
2336;10;623533359;2336;208;3097;3097;8.26;0.51;218.64;3.44;761;10;1041.00;0
2340;10;623533369;2340;211;3097;3097;8.35;0.51;218.55;3.44;757;10;1042.00;0
2344;10;623533379;2344;211;3097;3097;8.38;0.51;218.56;3.44;753;10;1043.00;0
2349;10;623533388;2349;207;3107;3109;8.43;0.52;218.73;3.43;758;10;1044.00;2
2352;10;623533400;2352;205;3107;3109;8.48;0.52;218.74;3.43;755;10;1045.00;2
2361;10;623533410;2361;206;3109;3109;8.49;0.52;219.18;3.43;748;10;1046.00;0
2367;10;623533420;2367;205;3109;3109;8.55;0.52;219.46;3.43;742;10;1047.00;0
2370;10;623533430;2370;206;3109;3109;8.62;0.53;219.37;3.43;739;10;1048.00;0
2374;10;623533441;2374;206;3109;3109;8.60;0.53;219.49;3.43;735;10;1049.00;0
2377;10;623533454;2377;208;3115;3115;8.59;0.53;219.54;3.42;738;10;1050.00;0
2382;10;623533464;2382;200;3115;3115;8.55;0.52;219.63;3.42;733;10;1051.00;0
2386;10;623533475;2386;196;3119;3119;8.54;0.52;219.76;3.42;733;10;1052.00;0
2389;10;623533484;2389;195;3120;3120;8.52;0.52;219.94;3.42;731;10;1053.00;0
2397;10;623533495;2397;194;3120;3120;8.39;0.51;220.06;3.42;723;10;1054.00;0
2400;10;623533507;2400;195;3120;3120;8.35;0.51;220.18;3.42;720;10;1055.00;0
2404;10;623533516;2404;196;3133;3133;8.42;0.51;220.28;3.41;729;10;1056.00;0
2407;10;623533527;2407;190;3133;3133;8.45;0.51;220.46;3.41;726;10;1057.00;0
2410;10;623533537;2410;191;3133;3133;8.48;0.51;220.48;3.41;723;10;1058.00;0
2414;10;623533546;2414;192;3134;3134;8.57;0.52;220.67;3.40;720;10;1059.00;0
2420;10;623533555;2420;190;3135;3135;8.68;0.53;221.08;3.40;715;10;1060.00;0
2422;10;623533565;2422;190;3135;3135;8.77;0.53;221.15;3.40;713;10;1061.00;0
2425;10;623533575;2425;185;3137;3138;8.88;0.54;221.18;3.40;712;10;1062.00;1
2427;10;623533584;2427;186;3137;3138;8.90;0.54;221.20;3.40;710;10;1063.00;1
2430;10;623533594;2430;186;3138;3138;8.88;0.54;221.21;3.40;708;10;1064.00;0
2432;10;623533603;2432;183;3138;3138;8.84;0.54;221.17;3.40;706;10;1065.00;0
2435;10;623533612;2435;185;3144;3144;8.76;0.53;221.25;3.40;709;10;1066.00;0
2437;10;623533624;2437;179;3144;3144;8.68;0.53;221.36;3.40;707;10;1067.00;0
2442;10;623533634;2442;178;3144;3144;8.60;0.52;221.70;3.40;702;10;1068.00;0
2443;10;623533644;2443;178;3144;3144;8.59;0.52;221.69;3.40;701;10;1069.00;0
2448;10;623533655;2448;186;3148;3148;8.56;0.52;221.94;3.39;700;10;1070.00;0
2451;10;623533664;2451;182;3149;3149;8.56;0.52;221.99;3.39;698;10;1071.00;0
2453;10;623533674;2453;183;3149;3149;8.59;0.52;222.15;3.39;696;10;1072.00;0
2457;10;623533683;2457;185;3150;3150;8.62;0.52;222.40;3.39;693;10;1073.00;0
2458;10;623533700;2458;185;3150;3150;8.65;0.53;222.54;3.39;692;10;1074.00;0
2462;10;623533710;2462;186;3150;3150;8.75;0.53;222.53;3.39;688;10;1075.00;0
2467;10;623533720;2467;168;3150;3150;8.78;0.53;222.66;3.39;683;10;1076.00;0
2470;10;623533730;2470;158;3150;3150;8.85;0.54;222.59;3.39;680;10;1077.00;0
2473;10;623533741;2473;156;3150;3150;8.91;0.54;222.64;3.39;677;10;1078.00;0
2476;10;623533750;2476;153;3150;3150;9.03;0.55;222.72;3.39;674;10;1079.00;0
2479;10;623533767;2479;174;3226;3275;9.13;0.56;223.00;3.31;747;10;1080.00;49
2481;10;623533787;2481;170;3232;3276;9.17;0.56;222.88;3.31;751;10;1081.00;44
2485;10;623533798;2485;159;3239;3276;9.25;0.57;223.05;3.30;754;10;1082.00;37
2488;10;623533808;2488;162;3243;3276;9.31;0.57;223.20;3.30;755;10;1083.00;33
2491;10;623533818;2491;161;3249;3276;9.46;0.58;223.37;3.31;758;10;1084.00;27
2494;10;623533829;2494;159;3252;3276;9.53;0.58;223.64;3.31;758;10;1085.00;24
2499;10;623533840;2499;158;3258;3276;9.57;0.58;223.82;3.31;759;10;1086.00;18
2501;10;623533850;2501;161;3260;3276;9.65;0.59;223.92;3.31;759;10;1087.00;16
2502;10;623533863;2502;160;3263;3277;9.67;0.59;224.03;3.32;761;10;1088.00;14
2505;10;623533878;2505;162;3269;3278;9.66;0.59;224.00;3.33;764;10;1089.00;9
2508;10;623533899;2508;163;3272;3278;9.59;0.59;224.01;3.33;764;10;1090.00;6
2512;10;623533916;2512;166;3278;3282;9.51;0.58;224.20;3.33;766;10;1091.00;4
2513;10;623533933;2513;173;3278;3282;9.52;0.58;224.22;3.33;765;10;1092.00;4
2517;10;623533948;2517;176;3279;3282;9.44;0.58;224.34;3.33;762;10;1093.00;3
2518;10;623533965;2518;184;3279;3282;9.43;0.58;224.29;3.33;761;10;1094.00;3
2518;10;623533981;2518;190;3285;3288;9.31;0.57;224.29;3.33;767;10;1095.00;3
2521;10;623533993;2521;187;3285;3288;9.23;0.56;224.26;3.33;764;10;1096.00;3
2522;10;623534004;2522;188;3285;3288;9.18;0.56;224.31;3.33;763;10;1097.00;3
2523;10;623534016;2523;190;3288;3291;9.11;0.56;224.27;3.34;765;10;1098.00;3
2523;10;623534027;2523;190;3289;3291;9.21;0.56;224.27;3.34;766;10;1099.00;2
2525;10;623534039;2525;186;3290;3291;9.24;0.57;224.24;3.34;765;10;1100.00;1
2527;10;623534054;2527;183;3291;3292;9.30;0.57;224.24;3.34;764;10;1101.00;1
2529;11;623534071;2529;184;3292;3293;9.42;0.58;224.19;3.34;763;11;1102.00;1
2533;11;623534094;2533;181;3292;3293;9.48;0.58;224.08;3.34;759;11;1103.00;1
2535;11;623534105;2535;191;3301;3306;9.50;0.58;224.11;3.33;766;11;1104.00;5
2536;11;623534116;2536;188;3301;3306;9.60;0.59;224.10;3.33;765;11;1105.00;5
2537;11;623534126;2537;189;3303;3306;9.73;0.59;224.05;3.33;766;11;1106.00;3
2538;11;623534137;2538;196;3304;3307;9.83;0.60;224.00;3.33;766;11;1107.00;3
2542;11;623534147;2542;195;3304;3307;9.89;0.60;223.93;3.33;762;11;1108.00;3
2543;11;623534158;2543;197;3308;3311;9.96;0.61;223.85;3.33;765;11;1109.00;3
2546;11;623534170;2546;196;3308;3311;10.01;0.61;223.86;3.33;762;11;1110.00;3
2548;11;623534180;2548;200;3311;3315;10.10;0.62;223.77;3.32;763;11;1111.00;4
2550;11;623534191;2550;202;3311;3315;10.16;0.62;223.78;3.32;761;11;1112.00;4
2554;11;623534201;2554;206;3311;3315;10.13;0.62;223.60;3.32;757;11;1113.00;4
2555;11;623534212;2555;204;3311;3315;10.14;0.62;223.59;3.32;756;11;1114.00;4
2557;11;623534222;2557;208;3311;3315;10.07;0.61;223.47;3.32;754;11;1115.00;4
2558;11;623534231;2558;212;3321;3327;10.08;0.62;223.46;3.31;763;11;1116.00;6
2559;11;623534242;2559;217;3321;3327;10.05;0.61;223.44;3.31;762;11;1117.00;6
2565;11;623534253;2565;220;3322;3327;9.98;0.61;223.27;3.31;757;11;1118.00;5
2567;11;623534263;2567;223;3322;3327;9.96;0.61;223.32;3.31;755;11;1119.00;5
2569;11;623534272;2569;225;3322;3327;9.92;0.61;223.27;3.31;753;11;1120.00;5
2574;11;623534284;2574;227;3322;3327;9.88;0.60;223.18;3.31;748;11;1121.00;5
2576;11;623534294;2576;222;3322;3328;9.82;0.60;223.19;3.31;746;11;1122.00;6
2580;11;623534303;2580;221;3322;3328;9.76;0.60;223.06;3.31;742;11;1123.00;6
2583;11;623534319;2583;221;3327;3334;9.76;0.59;223.00;3.31;744;11;1124.00;7
2588;11;623534329;2588;224;3330;3336;9.64;0.59;223.01;3.32;742;11;1125.00;6
2590;11;623534338;2590;224;3331;3336;9.61;0.59;222.95;3.32;741;11;1126.00;5
2591;11;623534348;2591;226;3331;3336;9.58;0.58;222.91;3.32;740;11;1127.00;5
2594;11;623534357;2594;234;3334;3340;9.58;0.59;222.85;3.32;740;11;1128.00;6
2598;11;623534367;2598;229;3334;3340;9.54;0.58;222.74;3.32;736;11;1129.00;6
2599;11;623534376;2599;234;3334;3340;9.60;0.59;222.70;3.32;735;11;1130.00;6
2603;11;623534384;2603;223;3335;3341;9.63;0.59;222.66;3.32;732;11;1131.00;6
2605;11;623534394;2605;216;3338;3345;9.65;0.59;222.61;3.32;733;11;1132.00;7
2605;11;623534405;2605;209;3338;3345;9.65;0.59;222.61;3.32;733;11;1133.00;7
2606;11;623534414;2606;203;3340;3348;9.75;0.59;222.55;3.31;734;11;1134.00;8
2607;11;623534425;2607;195;3341;3348;9.82;0.60;222.48;3.31;734;11;1135.00;7
2609;11;623534434;2609;193;3341;3348;9.85;0.60;222.54;3.31;732;11;1136.00;7
2612;11;623534445;2612;190;3341;3348;9.96;0.61;222.47;3.31;729;11;1137.00;7
2613;11;623534454;2613;191;3345;3352;10.07;0.61;222.39;3.31;732;11;1138.00;7
2615;11;623534464;2615;186;3345;3352;10.22;0.62;222.36;3.31;730;11;1139.00;7
2618;11;623534476;2618;188;3345;3352;10.30;0.62;222.30;3.31;727;11;1140.00;7
2619;11;623534487;2619;187;3345;3352;10.30;0.62;222.27;3.31;726;11;1141.00;7
2622;11;623534496;2622;187;3345;3353;10.28;0.62;222.10;3.31;723;11;1142.00;8
2622;11;623534506;2622;184;3346;3354;10.22;0.62;222.10;3.31;724;11;1143.00;8
2623;12;623534516;2623;185;3346;3354;10.19;0.62;222.05;3.31;723;12;1144.00;8
2623;12;623534544;2623;181;3347;3355;10.18;0.62;222.05;3.31;724;12;1145.00;8
2624;12;623534554;2624;185;3347;3355;10.23;0.62;222.05;3.31;723;12;1146.00;8
2624;12;623534570;2624;186;3347;3355;10.26;0.62;222.05;3.31;723;12;1147.00;8
2626;12;623534579;2626;189;3347;3355;10.29;0.63;221.97;3.31;721;12;1148.00;8
2626;12;623534589;2626;187;3347;3355;10.38;0.63;221.97;3.31;721;12;1149.00;8
2629;12;623534599;2629;188;3349;3355;10.37;0.63;221.93;3.33;720;12;1150.00;6
2630;12;623534608;2630;188;3349;3355;10.41;0.63;221.94;3.33;719;12;1151.00;6
2631;12;623534618;2631;206;3415;3482;10.39;0.64;221.95;3.29;784;12;1152.00;67
2636;12;623534637;2636;199;3416;3483;10.27;0.63;221.92;3.29;780;12;1153.00;67
2638;12;623534648;2638;194;3425;3483;10.25;0.63;222.12;3.29;787;12;1154.00;58
2640;12;623534657;2640;197;3432;3483;10.18;0.63;222.25;3.29;792;12;1155.00;51
2643;12;623534666;2643;196;3439;3483;10.10;0.62;222.37;3.30;796;12;1156.00;44
2645;12;623534676;2645;198;3444;3483;9.93;0.61;222.34;3.31;799;12;1157.00;39
2650;12;623534685;2650;197;3446;3483;9.79;0.60;222.41;3.31;796;12;1158.00;37
2653;12;623534694;2653;204;3450;3483;9.71;0.60;222.39;3.32;797;12;1159.00;33
2656;12;623534710;2656;206;3452;3484;9.62;0.59;222.58;3.32;796;12;1160.00;32
2656;12;623534729;2656;213;3456;3485;9.53;0.59;222.58;3.33;800;12;1161.00;29
2662;12;623534739;2662;215;3458;3485;9.44;0.58;222.74;3.33;796;12;1162.00;27
2662;12;623534749;2662;220;3462;3486;9.38;0.58;222.74;3.34;800;12;1163.00;24
2663;12;623534758;2663;226;3465;3486;9.27;0.57;222.76;3.35;802;12;1164.00;21
2664;12;623534768;2664;228;3469;3486;9.17;0.57;222.73;3.36;805;12;1165.00;17
2667;12;623534777;2667;233;3471;3486;8.97;0.55;222.68;3.37;804;12;1166.00;15
2670;12;623534789;2670;241;3476;3490;8.81;0.54;222.71;3.37;806;12;1167.00;14
2674;12;623534806;2674;247;3479;3490;8.65;0.53;222.70;3.38;805;12;1168.00;11
2675;12;623534817;2675;250;3481;3490;8.50;0.52;222.77;3.39;806;12;1169.00;9
2678;12;623534836;2678;251;3486;3496;8.35;0.51;222.86;3.39;808;12;1170.00;10
2679;12;623534847;2679;253;3487;3496;8.31;0.51;222.83;3.40;808;12;1171.00;9
2682;12;623534858;2682;258;3490;3496;8.30;0.51;223.05;3.41;808;12;1172.00;6
2685;12;623534871;2685;260;3496;3500;8.29;0.51;223.25;3.41;811;12;1173.00;4
2688;12;623534881;2688;259;3499;3501;8.31;0.51;223.11;3.41;811;12;1174.00;2
2691;12;623534892;2691;260;3501;3501;8.38;0.51;223.29;3.42;810;12;1175.00;0
2692;12;623534902;2692;262;3504;3505;8.43;0.52;223.37;3.41;812;12;1176.00;1
2695;12;623534914;2695;266;3505;3505;8.45;0.52;223.36;3.41;810;12;1177.00;0
2696;12;623534924;2696;264;3505;3505;8.42;0.52;223.41;3.41;809;12;1178.00;0
2697;12;623534939;2697;264;3506;3506;8.42;0.52;223.47;3.41;809;12;1179.00;0
2698;12;623534949;2698;272;3506;3506;8.40;0.51;223.56;3.41;808;12;1180.00;0
2703;12;623534958;2703;271;3512;3512;8.36;0.51;223.47;3.41;809;12;1181.00;0
2705;12;623534968;2705;274;3512;3512;8.28;0.51;223.45;3.41;807;12;1182.00;0
2708;12;623534977;2708;275;3513;3513;8.17;0.50;223.65;3.41;805;12;1183.00;0
2716;12;623534987;2716;273;3513;3513;8.01;0.49;223.81;3.41;797;12;1184.00;0
2719;12;623534996;2719;276;3513;3513;7.92;0.48;223.87;3.41;794;12;1185.00;0
2724;12;623535005;2724;271;3513;3513;7.76;0.47;223.98;3.41;789;12;1186.00;0
2729;12;623535015;2729;271;3513;3513;7.67;0.47;224.14;3.41;784;12;1187.00;0
2731;12;623535024;2731;273;3525;3525;7.69;0.47;224.03;3.39;794;12;1188.00;0
2736;12;623535034;2736;272;3525;3525;7.57;0.46;224.32;3.39;789;12;1189.00;0
2741;12;623535048;2741;263;3525;3525;7.49;0.46;224.63;3.39;784;12;1190.00;0
2744;12;623535057;2744;259;3525;3525;7.45;0.46;224.81;3.39;781;12;1191.00;0
2748;12;623535065;2748;254;3525;3525;7.40;0.45;225.11;3.39;777;12;1192.00;0
2751;12;623535074;2751;257;3525;3525;7.43;0.45;225.16;3.39;774;12;1193.00;0
2755;12;623535083;2755;247;3529;3529;7.42;0.45;225.47;3.39;774;12;1194.00;0
2758;12;623535093;2758;249;3529;3529;7.47;0.46;225.64;3.39;771;12;1195.00;0
2762;12;623535101;2762;248;3533;3533;7.53;0.46;225.55;3.39;771;12;1196.00;0
2766;12;623535110;2766;242;3534;3534;7.63;0.47;225.67;3.39;768;12;1197.00;0
2767;12;623535119;2767;237;3534;3534;7.72;0.47;225.69;3.39;767;12;1198.00;0
2771;12;623535129;2771;236;3534;3534;7.79;0.48;225.79;3.39;763;12;1199.00;0
2776;12;623535140;2776;235;3559;3575;7.73;0.47;226.15;3.36;783;12;1200.00;16
2780;12;623535158;2780;224;3560;3575;7.83;0.48;226.13;3.36;780;12;1201.00;15
2783;12;623535167;2783;219;3563;3575;7.94;0.49;226.34;3.36;780;12;1202.00;12
2787;12;623535176;2787;216;3564;3576;8.02;0.49;226.44;3.36;777;12;1203.00;12
2790;12;623535191;2790;226;3567;3577;8.08;0.49;226.73;3.36;777;12;1204.00;10
2795;12;623535201;2795;224;3569;3577;8.10;0.49;226.86;3.36;774;12;1205.00;8
2797;12;623535210;2797;219;3571;3580;8.19;0.50;226.79;3.36;774;12;1206.00;9
2803;12;623535219;2803;221;3571;3580;8.19;0.50;226.91;3.36;768;12;1207.00;9
2808;12;623535229;2808;222;3574;3580;8.17;0.50;226.94;3.36;766;12;1208.00;6
2812;12;623535238;2812;217;3574;3580;8.12;0.50;227.17;3.36;762;12;1209.00;6
2817;12;623535247;2817;218;3581;3586;8.06;0.49;227.32;3.36;764;12;1210.00;5
2822;12;623535258;2822;214;3581;3586;8.04;0.49;227.50;3.36;759;12;1211.00;5
2824;12;623535267;2824;221;3581;3586;8.06;0.49;227.48;3.36;757;12;1212.00;5
2827;12;623535277;2827;222;3581;3586;8.02;0.49;227.52;3.36;754;12;1213.00;5
2832;12;623535286;2832;219;3585;3590;8.04;0.49;227.53;3.36;753;12;1214.00;5
2836;12;623535296;2836;220;3588;3592;8.04;0.49;227.55;3.36;752;12;1215.00;4
2838;12;623535305;2838;219;3588;3592;8.01;0.49;227.53;3.36;750;12;1216.00;4
2841;12;623535314;2841;224;3589;3593;8.01;0.49;227.52;3.36;748;12;1217.00;4
2844;12;623535323;2844;224;3589;3593;7.95;0.49;227.52;3.36;745;12;1218.00;4
2850;12;623535332;2850;228;3589;3593;7.91;0.48;227.56;3.36;739;12;1219.00;4
2855;12;623535342;2855;234;3589;3593;7.93;0.48;227.56;3.36;734;12;1220.00;4
2857;12;623535352;2857;238;3591;3593;7.88;0.48;227.55;3.37;734;12;1221.00;2
2864;12;623535360;2864;242;3591;3593;7.78;0.47;227.47;3.37;727;12;1222.00;2
2869;12;623535369;2869;243;3591;3593;7.66;0.47;227.52;3.37;722;12;1223.00;2
2873;12;623535379;2873;257;3631;3663;7.52;0.46;227.47;3.33;758;12;1224.00;32
2879;12;623535393;2879;253;3632;3664;7.50;0.46;227.37;3.33;753;12;1225.00;32
2882;12;623535403;2882;250;3639;3664;7.54;0.46;227.45;3.33;757;12;1226.00;25
2883;12;623535412;2883;244;3639;3664;7.56;0.46;227.47;3.33;756;12;1227.00;25
2886;12;623535421;2886;245;3642;3666;7.59;0.46;227.46;3.33;756;12;1228.00;24
2888;12;623535431;2888;243;3643;3666;7.70;0.47;227.50;3.33;755;12;1229.00;23
2891;12;623535441;2891;245;3645;3666;7.66;0.47;227.55;3.34;754;12;1230.00;21
2893;12;623535450;2893;249;3647;3666;7.65;0.47;227.64;3.34;754;12;1231.00;19
2896;12;623535460;2896;258;3649;3667;7.57;0.46;227.68;3.35;753;12;1232.00;18
2898;12;623535469;2898;255;3652;3668;7.56;0.46;227.77;3.35;754;12;1233.00;16
2900;12;623535478;2900;260;3653;3668;7.47;0.46;227.88;3.35;753;12;1234.00;15
2901;12;623535488;2901;266;3660;3672;7.43;0.46;227.89;3.36;759;12;1235.00;12
2903;12;623535497;2903;273;3664;3672;7.47;0.46;227.89;3.37;761;12;1236.00;8
2905;12;623535506;2905;268;3667;3672;7.55;0.46;227.93;3.37;762;12;1237.00;5
2908;12;623535515;2908;261;3670;3672;7.66;0.47;227.99;3.38;762;12;1238.00;2
2911;12;623535525;2911;258;3677;3678;7.79;0.48;228.15;3.38;766;12;1239.00;1
2914;12;623535535;2914;258;3677;3678;7.86;0.48;228.21;3.38;763;12;1240.00;1
2915;12;623535545;2915;254;3677;3678;7.97;0.49;228.26;3.38;762;12;1241.00;1
2919;12;623535554;2919;253;3679;3681;8.04;0.49;228.27;3.38;760;12;1242.00;2
2920;12;623535565;2920;260;3679;3681;8.07;0.49;228.33;3.38;759;12;1243.00;2
2923;12;623535575;2923;259;3680;3681;8.06;0.49;228.28;3.38;757;12;1244.00;1
2925;12;623535585;2925;261;3681;3682;8.03;0.49;228.23;3.37;756;12;1245.00;1
2930;12;623535598;2930;250;3682;3683;8.05;0.49;228.25;3.37;752;12;1246.00;1
2934;12;623535609;2934;243;3682;3683;8.08;0.49;228.40;3.37;748;12;1247.00;1
2938;12;623535619;2938;240;3695;3696;8.17;0.50;228.46;3.36;757;12;1248.00;1
2939;12;623535631;2939;230;3695;3696;8.17;0.50;228.46;3.36;756;12;1249.00;1
2941;12;623535641;2941;227;3695;3696;8.19;0.50;228.36;3.36;754;12;1250.00;1
2945;12;623535651;2945;229;3696;3697;8.24;0.50;228.42;3.36;751;12;1251.00;1
2947;12;623535661;2947;230;3696;3697;8.26;0.50;228.43;3.36;749;12;1252.00;1
2947;12;623535672;2947;229;3700;3701;8.33;0.50;228.43;3.36;753;12;1253.00;1
2950;12;623535682;2950;226;3700;3701;8.37;0.51;228.34;3.36;750;12;1254.00;1
2951;12;623535692;2951;231;3704;3705;8.35;0.51;228.29;3.36;753;12;1255.00;1
2951;12;623535702;2951;235;3704;3705;8.40;0.51;228.29;3.36;753;12;1256.00;1
2952;12;623535712;2952;237;3704;3705;8.44;0.51;228.32;3.36;752;12;1257.00;1
2955;12;623535722;2955;238;3704;3705;8.38;0.51;228.23;3.36;749;12;1258.00;1
2958;12;623535732;2958;240;3704;3705;8.35;0.51;228.33;3.36;746;12;1259.00;1
2960;12;623535743;2960;246;3732;3739;8.35;0.51;228.23;3.33;772;12;1260.00;7
2962;12;623535755;2962;244;3732;3739;8.34;0.51;228.21;3.33;770;12;1261.00;7
2965;12;623535765;2965;241;3734;3739;8.39;0.51;228.08;3.33;769;12;1262.00;5
2967;12;623535775;2967;245;3734;3739;8.42;0.51;228.21;3.33;767;12;1263.00;5
2969;12;623535784;2969;246;3735;3739;8.48;0.52;228.18;3.33;766;12;1264.00;4
2971;12;623535793;2971;249;3735;3739;8.51;0.52;228.13;3.33;764;12;1265.00;4
2972;12;623535803;2972;246;3736;3740;8.50;0.52;228.08;3.34;764;12;1266.00;4
2973;12;623535813;2973;246;3736;3740;8.52;0.52;228.08;3.34;763;12;1267.00;4
2977;12;623535828;2977;248;3741;3746;8.52;0.52;227.84;3.34;764;12;1268.00;5
2979;12;623535838;2979;251;3742;3747;8.56;0.52;227.85;3.34;763;12;1269.00;5
2980;12;623535852;2980;254;3742;3747;8.62;0.52;227.84;3.34;762;12;1270.00;5
2983;12;623535862;2983;257;3742;3747;8.63;0.52;227.71;3.34;759;12;1271.00;5
2984;12;623535878;2984;255;3745;3751;8.64;0.52;227.70;3.33;761;12;1272.00;6
2984;12;623535894;2984;256;3745;3751;8.67;0.52;227.70;3.33;761;12;1273.00;6
2986;12;623535907;2986;253;3745;3751;8.66;0.52;227.72;3.33;759;12;1274.00;6
2987;12;623535925;2987;255;3746;3752;8.71;0.53;227.86;3.33;759;12;1275.00;6
2988;12;623535938;2988;258;3749;3756;8.75;0.53;227.85;3.33;761;12;1276.00;7
2990;12;623535951;2990;255;3749;3756;8.73;0.53;227.79;3.33;759;12;1277.00;7
2991;12;623535965;2991;255;3751;3759;8.82;0.54;227.79;3.33;760;12;1278.00;8
2991;12;623535979;2991;255;3751;3759;8.86;0.54;227.79;3.33;760;12;1279.00;8
2993;12;623535989;2993;256;3752;3759;8.90;0.54;227.80;3.33;759;12;1280.00;7
2993;12;623535999;2993;253;3752;3759;8.90;0.54;227.80;3.33;759;12;1281.00;7
2993;12;623536009;2993;252;3757;3763;8.91;0.54;227.80;3.33;764;12;1282.00;6
2994;12;623536020;2994;240;3757;3763;9.00;0.55;227.77;3.33;763;12;1283.00;6
2996;12;623536031;2996;234;3757;3763;9.09;0.55;227.76;3.33;761;12;1284.00;6
2998;12;623536042;2998;226;3757;3763;9.14;0.56;227.74;3.33;759;12;1285.00;6
3000;12;623536052;3000;220;3757;3764;9.25;0.56;227.76;3.33;757;12;1286.00;7
3000;12;623536064;3000;218;3758;3765;9.42;0.57;227.76;3.33;758;12;1287.00;7
3003;12;623536073;3003;216;3758;3765;9.46;0.58;227.70;3.33;755;12;1288.00;7
3006;12;623536084;3006;210;3759;3766;9.51;0.58;227.70;3.33;753;12;1289.00;7
3009;12;623536096;3009;206;3759;3766;9.59;0.58;227.63;3.33;750;12;1290.00;7
3009;12;623536106;3009;199;3760;3766;9.61;0.58;227.63;3.34;751;12;1291.00;6
3010;12;623536115;3010;191;3760;3766;9.69;0.59;227.62;3.34;750;12;1292.00;6
3011;12;623536134;3011;192;3760;3766;9.81;0.60;227.64;3.34;749;12;1293.00;6
3012;12;623536144;3012;186;3761;3766;9.96;0.61;227.66;3.35;749;12;1294.00;5
3014;12;623536161;3014;182;3761;3766;10.03;0.61;227.65;3.35;747;12;1295.00;5
3018;12;623536171;3018;189;3825;3893;10.03;0.62;227.56;3.30;807;12;1296.00;68
3024;12;623536192;3024;177;3825;3894;10.04;0.62;227.36;3.30;801;12;1297.00;69
3025;12;623536210;3025;170;3833;3894;10.15;0.62;227.33;3.30;808;12;1298.00;61
3028;12;623536220;3028;174;3836;3894;10.23;0.63;227.24;3.30;808;12;1299.00;58
3028;12;623536232;3028;167;3842;3894;10.32;0.63;227.24;3.30;814;12;1300.00;52
3028;12;623536252;3028;160;3844;3894;10.34;0.64;227.24;3.30;816;12;1301.00;50
3029;12;623536269;3029;157;3846;3894;10.45;0.64;227.20;3.30;817;12;1302.00;48
3031;12;623536280;3031;156;3849;3894;10.43;0.64;227.19;3.30;818;12;1303.00;45
3033;12;623536290;3033;160;3852;3895;10.48;0.64;227.10;3.31;819;12;1304.00;43
3039;12;623536300;3039;157;3856;3897;10.45;0.64;227.13;3.31;817;12;1305.00;41
3043;12;623536311;3043;156;3859;3897;10.47;0.64;227.22;3.31;816;12;1306.00;38
3047;12;623536322;3047;160;3863;3898;10.42;0.64;227.38;3.32;816;12;1307.00;35
3050;12;623536332;3050;159;3866;3898;10.35;0.63;227.30;3.33;816;12;1308.00;32
3052;12;623536343;3052;163;3869;3898;10.28;0.63;227.33;3.34;817;12;1309.00;29
3055;12;623536354;3055;166;3872;3898;10.13;0.62;227.41;3.35;817;12;1310.00;26
3058;12;623536364;3058;179;3875;3902;10.04;0.61;227.38;3.35;817;12;1311.00;27
3061;12;623536375;3061;183;3881;3902;9.92;0.61;227.46;3.37;820;12;1312.00;21
3066;12;623536385;3066;190;3882;3902;9.77;0.60;227.57;3.37;816;12;1313.00;20
3066;12;623536397;3066;192;3884;3905;9.70;0.59;227.57;3.37;818;12;1314.00;21
3071;12;623536408;3071;196;3887;3905;9.53;0.58;227.58;3.38;816;12;1315.00;18
3071;12;623536419;3071;203;3889;3905;9.41;0.57;227.58;3.39;818;12;1316.00;16
3073;12;623536428;3073;211;3895;3909;9.31;0.57;227.66;3.40;822;12;1317.00;14
3078;12;623536439;3078;210;3898;3910;9.27;0.56;227.78;3.41;820;12;1318.00;12
3079;12;623536457;3079;213;3899;3910;9.25;0.56;227.78;3.41;820;12;1319.00;11
3081;12;623536470;3081;216;3904;3915;9.24;0.56;227.90;3.41;823;12;1320.00;11
3082;12;623536482;3082;215;3904;3915;9.24;0.56;227.90;3.41;822;12;1321.00;11
3084;12;623536493;3084;218;3904;3915;9.23;0.56;227.98;3.41;820;12;1322.00;11
3087;12;623536503;3087;225;3906;3916;9.20;0.56;228.05;3.42;819;12;1323.00;10
3088;12;623536515;3088;226;3906;3916;9.16;0.56;228.06;3.42;818;12;1324.00;10
3091;13;623536525;3091;231;3915;3922;9.19;0.56;228.24;3.45;824;13;1325.00;7
3094;13;623536556;3094;234;3916;3922;9.16;0.56;228.15;3.46;822;13;1326.00;6
3097;13;623536568;3097;235;3918;3923;9.06;0.55;228.26;3.46;821;13;1327.00;5
3100;13;623536579;3100;238;3918;3923;8.96;0.54;228.30;3.46;818;13;1328.00;5
3103;13;623536591;3103;237;3919;3923;8.82;0.53;228.49;3.47;816;13;1329.00;4
3105;13;623536602;3105;239;3920;3923;8.69;0.53;228.54;3.48;815;13;1330.00;3
3107;13;623536612;3107;244;3920;3923;8.59;0.52;228.77;3.48;813;13;1331.00;3
3109;13;623536622;3109;250;3932;3935;8.61;0.52;228.78;3.47;823;13;1332.00;3
3111;13;623536633;3111;257;3932;3935;8.58;0.52;228.88;3.47;821;13;1333.00;3
3112;13;623536644;3112;255;3934;3935;8.53;0.52;228.98;3.47;822;13;1334.00;1
3116;13;623536654;3116;260;3935;3935;8.44;0.52;229.07;3.47;819;13;1335.00;0
3121;13;623536665;3121;266;3935;3935;8.29;0.51;229.18;3.47;814;13;1336.00;0
3121;13;623536676;3121;267;3935;3935;8.18;0.50;229.18;3.47;814;13;1337.00;0
3124;13;623536686;3124;279;3939;3939;8.03;0.49;229.38;3.47;815;13;1338.00;0
3127;13;623536697;3127;278;3939;3939;7.94;0.49;229.48;3.47;812;13;1339.00;0
3129;13;623536707;3129;274;3943;3943;7.94;0.49;229.42;3.47;814;13;1340.00;0
3132;13;623536717;3132;279;3944;3944;7.90;0.48;229.50;3.47;812;13;1341.00;0
3133;13;623536727;3133;277;3944;3944;7.88;0.48;229.50;3.47;811;13;1342.00;0
3139;13;623536737;3139;274;3944;3944;7.84;0.48;229.59;3.47;805;13;1343.00;0
3141;13;623536748;3141;279;3957;3957;7.85;0.48;229.72;3.46;816;13;1344.00;0
3142;13;623536759;3142;282;3957;3957;7.90;0.48;229.72;3.46;815;13;1345.00;0
3145;13;623536768;3145;280;3957;3957;7.92;0.48;229.85;3.46;812;13;1346.00;0
3149;13;623536778;3149;281;3958;3958;8.00;0.49;230.09;3.46;809;13;1347.00;0
3152;13;623536788;3152;280;3959;3959;8.07;0.49;230.37;3.46;807;13;1348.00;0
3154;13;623536798;3154;279;3959;3959;8.18;0.50;230.46;3.46;805;13;1349.00;0
3160;13;623536810;3160;279;3966;3968;8.23;0.50;230.68;3.45;806;13;1350.00;2
3164;13;623536822;3164;274;3966;3968;8.28;0.50;230.96;3.45;802;13;1351.00;2
3164;13;623536832;3164;275;3967;3968;8.28;0.50;230.96;3.45;803;13;1352.00;1
3169;13;623536842;3169;274;3967;3968;8.27;0.50;231.26;3.45;798;13;1353.00;1
3173;13;623536852;3173;271;3973;3974;8.21;0.50;231.48;3.45;800;13;1354.00;1
3178;13;623536865;3178;266;3974;3974;8.09;0.49;231.60;3.45;796;13;1355.00;0
3184;13;623536879;3184;261;3974;3974;7.98;0.49;232.03;3.45;790;13;1356.00;0
3189;13;623536890;3189;261;3974;3974;7.92;0.48;232.23;3.45;785;13;1357.00;0
3191;13;623536899;3191;264;3978;3978;7.79;0.48;232.40;3.44;787;13;1358.00;0
3198;13;623536909;3198;267;3979;3979;7.70;0.47;232.55;3.44;781;13;1359.00;0
3205;13;623536918;3205;262;3979;3979;7.61;0.46;232.76;3.44;774;13;1360.00;0
3207;13;623536945;3207;258;3980;3980;7.58;0.46;232.94;3.44;773;13;1361.00;0
3213;13;623536954;3213;254;3980;3980;7.54;0.46;233.13;3.44;767;13;1362.00;0
3218;13;623536963;3218;251;3980;3980;7.48;0.46;233.14;3.44;762;13;1363.00;0
3221;13;623536973;3221;248;3980;3980;7.48;0.46;233.19;3.44;759;13;1364.00;0
3227;13;623536982;3227;248;3980;3980;7.40;0.45;233.40;3.44;753;13;1365.00;0
3229;13;623536991;3229;254;3980;3980;7.53;0.46;233.48;3.44;751;13;1366.00;0
3232;13;623537000;3232;246;3980;3980;7.65;0.47;233.55;3.44;748;13;1367.00;0
3238;13;623537008;3238;249;4019;4050;7.83;0.48;233.57;3.41;781;13;1368.00;31
3242;13;623537023;3242;246;4023;4051;7.93;0.49;233.55;3.41;781;13;1369.00;28
3243;13;623537033;3243;242;4030;4051;8.04;0.49;233.55;3.40;787;13;1370.00;21
3247;13;623537043;3247;235;4030;4051;8.14;0.50;233.58;3.40;783;13;1371.00;21
3251;13;623537052;3251;237;4033;4051;8.17;0.50;233.81;3.40;782;13;1372.00;18
3257;13;623537061;3257;238;4034;4051;8.05;0.49;233.98;3.40;777;13;1373.00;17
3259;13;623537071;3259;237;4037;4051;7.99;0.49;234.08;3.41;778;13;1374.00;14
3263;13;623537080;3263;244;4040;4051;7.92;0.48;234.28;3.41;777;13;1375.00;11
3266;13;623537090;3266;246;4042;4052;7.87;0.48;234.25;3.41;776;13;1376.00;10
3270;13;623537100;3270;247;4045;4053;7.88;0.48;234.33;3.42;775;13;1377.00;8
3272;13;623537109;3272;250;4047;4053;7.92;0.48;234.28;3.42;775;13;1378.00;6
3277;13;623537118;3277;254;4051;4057;7.94;0.48;234.33;3.42;774;13;1379.00;6
3282;13;623537130;3282;257;4053;4057;7.91;0.48;234.31;3.42;771;13;1380.00;4
3283;13;623537139;3283;252;4053;4057;7.90;0.48;234.35;3.42;770;13;1381.00;4
3287;13;623537148;3287;252;4053;4057;7.91;0.48;234.28;3.42;766;13;1382.00;4
3291;13;623537158;3291;250;4059;4063;7.91;0.48;234.38;3.42;768;13;1383.00;4
3294;13;623537169;3294;246;4059;4063;7.84;0.48;234.39;3.42;765;13;1384.00;4
3300;13;623537179;3300;244;4061;4063;7.81;0.48;234.58;3.42;761;13;1385.00;2
3302;13;623537189;3302;244;4064;4066;7.81;0.48;234.61;3.42;762;13;1386.00;2
3306;13;623537204;3306;244;4064;4066;7.80;0.48;234.68;3.42;758;13;1387.00;2
3310;13;623537214;3310;245;4066;4066;7.77;0.48;234.75;3.43;756;13;1388.00;0
3314;13;623537224;3314;246;4067;4067;7.68;0.47;234.75;3.42;753;13;1389.00;0
3319;13;623537233;3319;250;4068;4068;7.65;0.47;234.80;3.42;749;13;1390.00;0
3327;13;623537243;3327;251;4068;4068;7.53;0.46;234.84;3.42;741;13;1391.00;0
3329;13;623537254;3329;259;4081;4081;7.55;0.46;234.83;3.41;752;13;1392.00;0
3334;13;623537264;3334;261;4081;4081;7.51;0.46;234.71;3.41;747;13;1393.00;0
3339;13;623537273;3339;266;4081;4081;7.51;0.45;234.61;3.41;742;13;1394.00;0
3342;13;623537282;3342;272;4083;4083;7.51;0.45;234.55;3.41;741;13;1395.00;0
3343;13;623537291;3343;278;4083;4083;7.51;0.45;234.51;3.41;740;13;1396.00;0
3345;13;623537300;3345;283;4087;4087;7.50;0.46;234.53;3.41;742;13;1397.00;0
3347;13;623537310;3347;283;4087;4087;7.44;0.45;234.67;3.41;740;13;1398.00;0
3352;13;623537318;3352;288;4091;4091;7.32;0.44;234.56;3.41;739;13;1399.00;0
3355;13;623537329;3355;289;4091;4091;7.22;0.44;234.53;3.41;736;13;1400.00;0
3357;13;623537343;3357;298;4091;4091;7.10;0.43;234.51;3.41;734;13;1401.00;0
3359;13;623537352;3359;303;4091;4091;6.95;0.42;234.56;3.41;732;13;1402.00;0
3359;13;623537361;3359;308;4091;4091;6.87;0.42;234.56;3.41;732;13;1403.00;0
3362;13;623537370;3362;314;4101;4103;6.89;0.42;234.70;3.40;739;13;1404.00;2
3364;13;623537380;3364;315;4101;4103;6.79;0.41;234.77;3.40;737;13;1405.00;2
3366;13;623537389;3366;321;4103;4103;6.77;0.41;234.74;3.40;737;13;1406.00;0
3368;13;623537397;3368;320;4103;4103;6.76;0.41;234.72;3.40;735;13;1407.00;0
3369;13;623537406;3369;320;4103;4103;6.82;0.42;234.68;3.40;734;13;1408.00;0
3370;13;623537415;3370;314;4103;4103;6.84;0.42;234.69;3.40;733;13;1409.00;0
3371;13;623537425;3371;313;4104;4104;6.84;0.42;234.65;3.40;733;13;1410.00;0
3374;13;623537434;3374;312;4104;4104;6.87;0.42;234.64;3.40;730;13;1411.00;0
3376;13;623537443;3376;313;4110;4110;6.92;0.42;234.56;3.39;734;13;1412.00;0
3379;13;623537452;3379;314;4111;4111;6.91;0.42;234.53;3.39;732;13;1413.00;0
3380;13;623537462;3380;315;4111;4111;6.91;0.42;234.50;3.39;731;13;1414.00;0
3384;13;623537471;3384;314;4111;4111;6.87;0.42;234.41;3.39;727;13;1415.00;0
3386;13;623537480;3386;304;4115;4115;6.94;0.42;234.35;3.39;729;13;1416.00;0
3388;13;623537490;3388;297;4115;4115;6.98;0.43;234.32;3.39;727;13;1417.00;0
3392;13;623537499;3392;288;4115;4115;7.03;0.43;234.26;3.39;723;13;1418.00;0
3394;13;623537508;3394;284;4116;4116;7.07;0.43;234.20;3.39;722;13;1419.00;0
3396;13;623537523;3396;280;4120;4120;7.10;0.43;234.18;3.39;724;13;1420.00;0
3398;13;623537533;3398;283;4120;4120;7.18;0.44;234.13;3.39;722;13;1421.00;0
3399;13;623537542;3399;284;4122;4123;7.28;0.44;234.12;3.39;723;13;1422.00;1
3402;13;623537554;3402;276;4122;4123;7.30;0.44;234.01;3.39;720;13;1423.00;1
3402;13;623537563;3402;275;4123;4123;7.35;0.45;234.01;3.38;721;13;1424.00;0
3404;13;623537572;3404;273;4123;4123;7.37;0.45;233.91;3.38;719;13;1425.00;0
3404;13;623537581;3404;274;4127;4127;7.45;0.45;233.91;3.38;723;13;1426.00;0
3406;13;623537591;3406;279;4127;4127;7.48;0.45;233.93;3.38;721;13;1427.00;0
3409;13;623537600;3409;277;4127;4127;7.48;0.45;233.96;3.38;718;13;1428.00;0
3410;13;623537610;3410;273;4127;4127;7.50;0.45;233.93;3.38;717;13;1429.00;0
3410;13;623537619;3410;274;4128;4128;7.51;0.45;233.93;3.38;718;13;1430.00;0
3412;13;623537627;3412;269;4129;4129;7.53;0.45;234.00;3.38;717;13;1431.00;0
3412;13;623537636;3412;265;4129;4129;7.60;0.46;234.00;3.38;717;13;1432.00;0
3412;13;623537644;3412;263;4130;4130;7.68;0.46;234.00;3.38;718;13;1433.00;0
3412;13;623537653;3412;263;4130;4130;7.75;0.47;234.00;3.38;718;13;1434.00;0
3412;13;623537662;3412;248;4130;4130;7.84;0.47;234.00;3.38;718;13;1435.00;0
3412;13;623537670;3412;238;4130;4130;8.05;0.49;234.00;3.38;718;13;1436.00;0
3413;13;623537679;3413;229;4130;4130;8.23;0.50;234.02;3.38;717;13;1437.00;0
3414;13;623537689;3414;224;4130;4130;8.38;0.51;233.96;3.38;716;13;1438.00;0
3414;13;623537698;3414;216;4130;4130;8.54;0.52;233.96;3.38;716;13;1439.00;0
3417;13;623537708;3417;267;4258;4360;8.37;0.52;234.00;3.28;841;13;1440.00;102
3418;13;623537735;3418;253;4260;4361;8.51;0.53;234.01;3.28;842;13;1441.00;101
3419;13;623537752;3419;230;4269;4361;8.73;0.54;233.95;3.28;850;13;1442.00;92
3420;13;623537762;3420;224;4274;4361;8.86;0.55;233.98;3.28;854;13;1443.00;87
3422;14;623537771;3422;214;4279;4361;8.97;0.56;233.96;3.28;857;14;1444.00;82
3423;14;623537793;3423;212;4283;4361;9.07;0.56;233.92;3.28;860;14;1445.00;78
3423;14;623537803;3423;214;4288;4361;9.15;0.57;233.92;3.28;865;14;1446.00;73
3424;14;623537820;3424;212;4293;4361;9.20;0.57;233.91;3.29;869;14;1447.00;68
3426;14;623537831;3426;212;4297;4362;9.30;0.57;233.92;3.29;871;14;1448.00;65
3427;14;623537843;3427;214;4302;4363;9.33;0.58;233.91;3.30;875;14;1449.00;61
3429;14;623537854;3429;217;4308;4363;9.32;0.57;233.87;3.31;879;14;1450.00;55
3430;14;623537865;3430;223;4312;4364;9.38;0.58;233.88;3.31;882;14;1451.00;52
3431;14;623537883;3431;222;4314;4364;9.39;0.58;233.86;3.32;883;14;1452.00;50
3431;14;623537902;3431;221;4316;4364;9.43;0.58;233.86;3.32;885;14;1453.00;48
3435;14;623537920;3435;228;4318;4364;9.37;0.57;233.82;3.33;883;14;1454.00;46
3437;14;623537937;3437;228;4320;4368;9.34;0.57;233.81;3.33;883;14;1455.00;48
3438;14;623537953;3438;235;4322;4368;9.30;0.57;233.87;3.33;884;14;1456.00;46
3441;14;623537971;3441;235;4322;4368;9.25;0.57;233.98;3.33;881;14;1457.00;46
3444;14;623537986;3444;237;4323;4371;9.23;0.56;233.96;3.33;879;14;1458.00;48
3447;14;623537998;3447;233;4323;4371;9.24;0.56;234.01;3.33;876;14;1459.00;48
3451;14;623538009;3451;236;4323;4371;9.28;0.57;234.00;3.33;872;14;1460.00;48
3453;14;623538021;3453;232;4327;4375;9.29;0.57;234.11;3.33;874;14;1461.00;48
3455;14;623538034;3455;229;4328;4376;9.35;0.57;234.08;3.33;873;14;1462.00;48
3458;14;623538046;3458;225;4331;4376;9.39;0.57;234.04;3.34;873;14;1463.00;45
3461;14;623538057;3461;227;4333;4380;9.47;0.58;234.16;3.35;872;14;1464.00;47
3464;14;623538070;3464;227;4336;4380;9.51;0.58;234.18;3.36;872;14;1465.00;44
3466;14;623538082;3466;219;4337;4380;9.61;0.59;234.25;3.36;871;14;1466.00;43
3469;14;623538108;3469;219;4338;4381;9.67;0.59;234.50;3.37;869;14;1467.00;43
3474;14;623538120;3474;212;4339;4381;9.68;0.59;234.63;3.37;865;14;1468.00;42
3478;14;623538133;3478;211;4343;4387;9.72;0.59;234.69;3.38;865;14;1469.00;44
3484;14;623538154;3484;203;4344;4387;9.74;0.59;234.73;3.38;860;14;1470.00;43
3489;14;623538166;3489;203;4346;4388;9.76;0.59;234.83;3.39;857;14;1471.00;42
3494;14;623538178;3494;201;4347;4388;9.77;0.59;234.74;3.40;853;14;1472.00;41
3496;14;623538197;3496;206;4348;4388;9.79;0.60;234.89;3.40;852;14;1473.00;40
3498;14;623538208;3498;207;4349;4388;9.82;0.60;234.90;3.41;851;14;1474.00;39
3500;14;623538219;3500;206;4350;4388;9.90;0.60;234.94;3.42;850;14;1475.00;38
3503;14;623538230;3503;207;4360;4400;9.89;0.60;235.05;3.42;857;14;1476.00;40
3503;14;623538243;3503;210;4362;4400;9.96;0.61;235.05;3.43;859;14;1477.00;38
3503;15;623538255;3503;208;4363;4400;9.99;0.61;235.05;3.43;860;15;1478.00;37
3505;15;623538287;3505;207;4364;4400;10.03;0.61;235.13;3.44;859;15;1479.00;36
3505;15;623538298;3505;209;4366;4400;10.10;0.62;235.13;3.44;861;15;1480.00;34
3507;15;623538316;3507;213;4369;4400;10.07;0.61;235.22;3.46;862;15;1481.00;31
3509;15;623538328;3509;217;4373;4404;9.98;0.61;235.33;3.46;864;15;1482.00;31
3509;15;623538340;3509;224;4373;4404;9.99;0.61;235.33;3.46;864;15;1483.00;31
3511;15;623538352;3511;224;4379;4408;9.94;0.61;235.39;3.47;868;15;1484.00;29
3512;15;623538363;3512;224;4381;4410;9.85;0.60;235.51;3.47;869;15;1485.00;29
3516;15;623538375;3516;226;4382;4410;9.73;0.60;235.47;3.48;866;15;1486.00;28
3521;15;623538387;3521;236;4382;4410;9.67;0.59;235.53;3.48;861;15;1487.00;28
3523;15;623538399;3523;240;4391;4423;9.58;0.59;235.66;3.47;868;15;1488.00;32
3526;15;623538413;3526;244;4392;4423;9.51;0.58;235.76;3.48;866;15;1489.00;31
3528;15;623538425;3528;252;4394;4423;9.53;0.58;235.73;3.50;866;15;1490.00;29
3533;15;623538436;3533;259;4396;4424;9.48;0.58;235.92;3.51;863;15;1491.00;28
3537;15;623538448;3537;261;4396;4425;9.48;0.58;236.08;3.51;859;15;1492.00;29
3540;15;623538460;3540;268;4397;4425;9.46;0.58;236.06;3.52;857;15;1493.00;28
3544;15;623538471;3544;271;4401;4428;9.41;0.57;236.25;3.54;857;15;1494.00;27
3548;15;623538483;3548;275;4401;4428;9.35;0.57;236.37;3.54;853;15;1495.00;27
3552;15;623538494;3552;280;4405;4428;9.27;0.56;236.28;3.57;853;15;1496.00;23
3553;15;623538505;3553;284;4406;4428;9.22;0.56;236.41;3.58;853;15;1497.00;22
3556;15;623538516;3556;284;4413;4434;9.22;0.56;236.46;3.60;857;15;1498.00;21
3556;15;623538528;3556;293;4414;4434;9.15;0.56;236.46;3.61;858;15;1499.00;20
3560;15;623538542;3560;298;4420;4453;8.99;0.55;236.49;3.62;860;15;1500.00;33
3564;15;623538563;3564;293;4420;4453;8.89;0.54;236.62;3.62;856;15;1501.00;33
3566;15;623538575;3566;300;4426;4457;8.77;0.53;236.66;3.64;860;15;1502.00;31
3570;15;623538585;3570;300;4428;4458;8.63;0.53;236.80;3.65;858;15;1503.00;30
3572;15;623538597;3572;303;4429;4458;8.53;0.52;236.91;3.65;857;15;1504.00;29
3572;15;623538607;3572;302;4432;4459;8.46;0.52;236.91;3.66;860;15;1505.00;27
3577;15;623538618;3577;304;4436;4459;8.33;0.51;236.94;3.67;859;15;1506.00;23
3580;15;623538629;3580;310;4437;4459;8.23;0.50;236.95;3.67;857;15;1507.00;22
3582;15;623538639;3582;314;4438;4459;8.17;0.50;237.03;3.67;856;15;1508.00;21
3585;15;623538650;3585;315;4438;4459;8.18;0.50;237.11;3.67;853;15;1509.00;21
3587;15;623538660;3587;315;4440;4459;8.10;0.50;237.06;3.67;853;15;1510.00;19
3590;15;623538671;3590;317;4441;4459;8.01;0.49;237.13;3.67;851;15;1511.00;18
3592;15;623538682;3592;322;4480;4529;7.88;0.48;237.26;3.64;888;15;1512.00;49
3593;15;623538697;3593;316;4481;4530;7.85;0.48;237.23;3.64;888;15;1513.00;49
3597;15;623538714;3597;311;4486;4530;7.85;0.48;237.37;3.64;889;15;1514.00;44
3598;15;623538731;3598;309;4489;4530;7.87;0.48;237.43;3.64;891;15;1515.00;41
3602;15;623538741;3602;312;4494;4530;7.90;0.49;237.49;3.64;892;15;1516.00;36
3604;15;623538753;3604;311;4498;4530;7.95;0.49;237.54;3.65;894;15;1517.00;32
3607;15;623538764;3607;309;4500;4530;7.90;0.48;237.54;3.65;893;15;1518.00;30
3613;15;623538775;3613;310;4501;4530;7.89;0.48;237.34;3.65;888;15;1519.00;29
3614;15;623538786;3614;314;4502;4531;7.85;0.48;237.39;3.65;888;15;1520.00;29
3618;15;623538797;3618;313;4503;4532;7.74;0.47;237.53;3.66;885;15;1521.00;29
3621;15;623538806;3621;313;4505;4532;7.65;0.47;237.64;3.66;884;15;1522.00;27
3625;15;623538817;3625;316;4512;4536;7.50;0.46;237.75;3.67;887;15;1523.00;24
3630;15;623538827;3630;308;4513;4536;7.38;0.45;237.84;3.67;883;15;1524.00;23
3630;15;623538839;3630;313;4513;4536;7.33;0.45;237.84;3.67;883;15;1525.00;23
3636;15;623538849;3636;318;4513;4536;7.23;0.44;237.81;3.67;877;15;1526.00;23
3641;15;623538860;3641;318;4517;4542;7.19;0.44;237.93;3.67;876;15;1527.00;25
3644;15;623538873;3644;324;4518;4542;7.16;0.44;237.94;3.67;874;15;1528.00;24
3648;15;623538884;3648;328;4519;4542;7.00;0.43;238.18;3.68;871;15;1529.00;23
3649;15;623538897;3649;311;4522;4548;6.94;0.43;238.22;3.68;873;15;1530.00;26
3655;15;623538913;3655;303;4523;4548;6.81;0.42;238.38;3.68;868;15;1531.00;25
3659;15;623538924;3659;299;4525;4548;6.73;0.41;238.40;3.69;866;15;1532.00;23
3664;15;623538933;3664;297;4528;4549;6.66;0.41;238.59;3.70;864;15;1533.00;21
3669;15;623538943;3669;293;4530;4550;6.63;0.41;238.76;3.70;861;15;1534.00;20
3670;15;623538953;3670;297;4531;4550;6.65;0.41;238.80;3.70;861;15;1535.00;19
3677;15;623538962;3677;291;4542;4563;6.64;0.41;239.01;3.70;865;15;1536.00;21
3683;15;623538974;3683;290;4546;4563;6.65;0.41;239.16;3.71;863;15;1537.00;17
3686;15;623538985;3686;289;4546;4563;6.74;0.41;239.06;3.71;860;15;1538.00;17
3689;15;623538995;3689;290;4549;4564;6.81;0.42;239.13;3.72;860;15;1539.00;15
3692;15;623539005;3692;282;4550;4564;6.87;0.42;239.22;3.72;858;15;1540.00;14
3694;15;623539015;3694;277;4555;4568;6.91;0.42;239.32;3.72;861;15;1541.00;13
3697;15;623539025;3697;272;4555;4568;6.95;0.43;239.35;3.72;858;15;1542.00;13
3701;15;623539035;3701;271;4560;4572;6.95;0.43;239.44;3.72;859;15;1543.00;12
3707;15;623539045;3707;274;4561;4572;6.91;0.42;239.44;3.72;854;15;1544.00;11
3711;15;623539055;3711;272;4561;4572;6.91;0.42;239.60;3.72;850;15;1545.00;11
3714;15;623539065;3714;272;4562;4572;6.93;0.43;239.62;3.72;848;15;1546.00;10
3716;15;623539075;3716;274;4563;4572;6.94;0.43;239.56;3.72;847;15;1547.00;9
3720;15;623539084;3720;286;4574;4584;6.94;0.43;239.61;3.71;854;15;1548.00;10
3724;15;623539095;3724;292;4575;4584;6.91;0.42;239.56;3.71;851;15;1549.00;9
3726;15;623539104;3726;293;4575;4584;6.89;0.42;239.71;3.71;849;15;1550.00;9
3730;15;623539114;3730;297;4575;4584;6.89;0.42;239.77;3.71;845;15;1551.00;9
3732;15;623539124;3732;299;4575;4584;6.87;0.42;239.86;3.71;843;15;1552.00;9
3735;15;623539133;3735;302;4575;4584;6.84;0.42;239.82;3.71;840;15;1553.00;9
3740;15;623539143;3740;301;4576;4585;6.80;0.42;239.86;3.71;836;15;1554.00;9
3743;15;623539153;3743;305;4578;4587;6.81;0.42;239.97;3.71;835;15;1555.00;9
3748;15;623539162;3748;307;4584;4593;6.79;0.42;239.88;3.71;836;15;1556.00;9
3751;15;623539173;3751;314;4585;4594;6.70;0.41;239.86;3.71;834;15;1557.00;9
3754;15;623539182;3754;317;4585;4594;6.60;0.40;239.92;3.71;831;15;1558.00;9
3756;15;623539192;3756;314;4585;4594;6.61;0.40;239.94;3.71;829;15;1559.00;9
3758;15;623539202;3758;326;4590;4599;6.56;0.40;239.93;3.70;832;15;1560.00;9
3763;15;623539212;3763;327;4590;4599;6.51;0.40;239.91;3.70;827;15;1561.00;9
3766;15;623539224;3766;330;4590;4599;6.50;0.40;239.86;3.70;824;15;1562.00;9
3771;15;623539234;3771;332;4591;4600;6.46;0.39;240.03;3.70;820;15;1563.00;9
3774;15;623539243;3774;337;4595;4604;6.46;0.39;239.89;3.70;821;15;1564.00;9
3779;15;623539252;3779;332;4596;4604;6.33;0.39;239.80;3.73;817;15;1565.00;8
3787;15;623539262;3787;336;4598;4607;6.19;0.38;239.79;3.73;811;15;1566.00;9
3789;15;623539271;3789;341;4599;4607;6.15;0.37;239.75;3.72;810;15;1567.00;8
3794;15;623539280;3794;339;4599;4607;6.07;0.37;239.73;3.72;805;15;1568.00;8
3795;15;623539289;3795;339;4599;4607;5.99;0.36;239.77;3.72;804;15;1569.00;8
3798;15;623539299;3798;343;4603;4611;5.96;0.36;239.67;3.72;805;15;1570.00;8
3801;15;623539310;3801;343;4603;4611;5.93;0.36;239.64;3.72;802;15;1571.00;8
3803;15;623539320;3803;352;4603;4611;5.92;0.36;239.65;3.72;800;15;1572.00;8
3806;15;623539328;3806;356;4603;4611;5.82;0.35;239.59;3.72;797;15;1573.00;8
3807;15;623539337;3807;362;4604;4612;5.79;0.35;239.60;3.72;797;15;1574.00;8
3810;15;623539346;3810;362;4606;4614;5.77;0.35;239.60;3.72;796;15;1575.00;8
3810;15;623539355;3810;366;4606;4614;5.79;0.35;239.60;3.72;796;15;1576.00;8
3813;15;623539364;3813;355;4607;4615;5.81;0.36;239.63;3.72;794;15;1577.00;8
3814;15;623539374;3814;348;4607;4615;5.85;0.36;239.65;3.72;793;15;1578.00;8
3815;15;623539382;3815;346;4607;4615;5.92;0.36;239.76;3.72;792;15;1579.00;8
3818;15;623539391;3818;345;4607;4615;6.00;0.37;239.73;3.72;789;15;1580.00;8
3822;15;623539399;3822;341;4607;4615;6.01;0.37;239.88;3.72;785;15;1581.00;8
3825;15;623539409;3825;341;4607;4615;6.02;0.37;239.87;3.72;782;15;1582.00;8
3827;15;623539418;3827;345;4607;4615;6.08;0.37;239.90;3.72;780;15;1583.00;8
3828;15;623539427;3828;365;4680;4742;6.56;0.41;239.88;3.66;852;15;1584.00;62
3828;15;623539446;3828;357;4683;4743;6.60;0.41;239.88;3.66;855;15;1585.00;60
3829;16;623539456;3829;338;4692;4743;6.75;0.42;239.82;3.66;863;16;1586.00;51
3830;16;623539485;3830;315;4694;4743;6.83;0.42;239.84;3.66;864;16;1587.00;49
3832;16;623539506;3832;291;4700;4743;6.89;0.43;239.79;3.66;868;16;1588.00;43
3833;16;623539518;3833;277;4703;4743;6.93;0.43;239.82;3.66;870;16;1589.00;40
3835;16;623539532;3835;270;4706;4743;6.98;0.43;239.87;3.66;871;16;1590.00;37
3835;16;623539543;3835;263;4709;4743;7.08;0.43;239.87;3.66;874;16;1591.00;34
3836;16;623539554;3836;261;4712;4744;7.20;0.44;239.85;3.66;876;16;1592.00;32
3836;16;623539570;3836;252;4715;4745;7.33;0.45;239.85;3.67;879;16;1593.00;30
3837;16;623539581;3837;251;4718;4745;7.47;0.46;239.90;3.67;881;16;1594.00;27
3837;16;623539593;3837;247;4719;4746;7.60;0.47;239.90;3.67;882;16;1595.00;27
3839;16;623539604;3839;253;4723;4746;7.65;0.47;239.85;3.68;884;16;1596.00;23
3840;16;623539615;3840;254;4724;4746;7.75;0.48;239.86;3.68;884;16;1597.00;22
3845;16;623539632;3845;253;4725;4746;7.82;0.48;239.78;3.69;880;16;1598.00;21
3846;16;623539643;3846;254;4730;4750;7.87;0.48;239.80;3.69;884;16;1599.00;20
3848;16;623539655;3848;257;4731;4750;7.96;0.49;239.76;3.69;883;16;1600.00;19
3849;16;623539671;3849;250;4733;4750;8.05;0.49;239.79;3.69;884;16;1601.00;17
3851;16;623539682;3851;255;4735;4753;8.11;0.49;239.82;3.69;884;16;1602.00;18
3851;16;623539693;3851;251;4736;4753;8.22;0.50;239.82;3.69;885;16;1603.00;17
3853;16;623539704;3853;244;4736;4753;8.34;0.51;239.81;3.69;883;16;1604.00;17
3854;16;623539715;3854;241;4740;4757;8.47;0.52;239.77;3.70;886;16;1605.00;17
3857;16;623539727;3857;234;4742;4758;8.64;0.52;239.68;3.70;885;16;1606.00;16
3857;16;623539738;3857;232;4743;4758;8.76;0.53;239.68;3.70;886;16;1607.00;15
3858;16;623539749;3858;227;4747;4762;8.90;0.54;239.73;3.70;889;16;1608.00;15
3859;16;623539761;3859;218;4747;4762;8.96;0.54;239.74;3.70;888;16;1609.00;15
3862;17;623539772;3862;217;4749;4762;8.99;0.55;239.90;3.74;887;17;1610.00;13
3863;17;623539794;3863;213;4750;4763;9.07;0.55;240.01;3.74;887;17;1611.00;13
3865;17;623539806;3865;210;4750;4763;9.15;0.56;240.01;3.74;885;17;1612.00;13
3868;17;623539822;3868;198;4755;4769;9.22;0.56;240.06;3.74;887;17;1613.00;14
3872;17;623539834;3872;193;4755;4769;9.30;0.57;240.04;3.74;883;17;1614.00;14
3876;17;623539852;3876;192;4755;4770;9.31;0.56;240.07;3.74;879;17;1615.00;15
3877;17;623539863;3877;193;4755;4770;9.37;0.57;240.06;3.74;878;17;1616.00;15
3879;17;623539879;3879;197;4755;4770;9.43;0.57;239.99;3.74;876;17;1617.00;15
3881;17;623539896;3881;193;4755;4770;9.45;0.57;240.03;3.74;874;17;1618.00;15
3884;17;623539912;3884;195;4755;4770;9.54;0.58;240.07;3.74;871;17;1619.00;15
3886;17;623539932;3886;192;4781;4806;9.55;0.58;240.14;3.71;895;17;1620.00;25
3888;17;623539955;3888;192;4781;4806;9.55;0.58;240.24;3.71;893;17;1621.00;25
3891;17;623539976;3891;187;4784;4806;9.57;0.58;240.25;3.71;893;17;1622.00;22
3894;17;623539989;3894;190;4784;4806;9.61;0.59;240.29;3.71;890;17;1623.00;22
3896;17;623540001;3896;193;4785;4806;9.64;0.59;240.36;3.71;889;17;1624.00;21
3900;17;623540014;3900;192;4787;4806;9.68;0.59;240.44;3.75;887;17;1625.00;19
3904;17;623540027;3904;189;4790;4810;9.69;0.59;240.51;3.75;886;17;1626.00;20
3904;17;623540040;3904;189;4790;4810;9.76;0.60;240.51;3.75;886;17;1627.00;20
3908;17;623540052;3908;194;4795;4814;9.79;0.60;240.52;3.79;887;17;1628.00;19
3912;17;623540066;3912;191;4796;4815;9.88;0.60;240.56;3.79;884;17;1629.00;19
3917;17;623540078;3917;192;4796;4815;9.87;0.60;240.57;3.79;879;17;1630.00;19
3922;17;623540090;3922;187;4796;4815;9.89;0.60;240.48;3.79;874;17;1631.00;19
3924;17;623540102;3924;183;4807;4828;9.87;0.60;240.50;3.78;883;17;1632.00;21
3927;17;623540115;3927;175;4808;4828;9.88;0.60;240.43;3.82;881;17;1633.00;20
3933;17;623540127;3933;175;4808;4828;9.86;0.60;240.48;3.82;875;17;1634.00;20
3938;17;623540146;3938;167;4809;4829;9.82;0.60;240.57;3.82;871;17;1635.00;20
3941;18;623540159;3941;165;4810;4830;9.84;0.60;240.56;3.83;869;18;1636.00;20
3943;18;623540183;3943;165;4810;4830;9.88;0.60;240.56;3.83;867;18;1637.00;20
3946;18;623540196;3946;162;4812;4833;9.93;0.60;240.59;3.82;866;18;1638.00;21
3949;18;623540209;3949;157;4812;4833;10.00;0.61;240.59;3.82;863;18;1639.00;21
3952;18;623540221;3952;157;4813;4833;10.08;0.61;240.54;3.82;861;18;1640.00;20
3953;18;623540232;3953;156;4813;4833;10.18;0.62;240.58;3.82;860;18;1641.00;20
3958;18;623540245;3958;154;4819;4839;10.24;0.62;240.44;3.86;861;18;1642.00;20
3959;18;623540259;3959;160;4819;4839;10.24;0.62;240.42;3.86;860;18;1643.00;20
3963;18;623540270;3963;160;4819;4839;10.24;0.62;240.45;3.86;856;18;1644.00;20
3964;18;623540282;3964;161;4819;4839;10.21;0.62;240.48;3.86;855;18;1645.00;20
3970;18;623540292;3970;161;4823;4843;10.12;0.61;240.58;3.87;853;18;1646.00;20
3972;18;623540315;3972;169;4825;4844;10.12;0.61;240.57;3.91;853;18;1647.00;19
3976;18;623540326;3976;173;4825;4844;10.06;0.61;240.71;3.91;849;18;1648.00;19
3978;18;623540338;3978;181;4827;4845;10.06;0.61;240.83;3.91;849;18;1649.00;18
3981;18;623540351;3981;184;4827;4845;9.99;0.61;240.85;3.91;846;18;1650.00;18
3983;18;623540363;3983;185;4828;4845;9.94;0.61;240.96;3.96;845;18;1651.00;17
3985;18;623540374;3985;191;4828;4845;9.97;0.61;241.02;3.96;843;18;1652.00;17
3989;18;623540386;3989;189;4828;4845;9.96;0.61;241.15;3.96;839;18;1653.00;17
3993;18;623540397;3993;188;4828;4845;9.88;0.60;241.39;3.96;835;18;1654.00;17
3998;18;623540409;3998;184;4828;4845;9.85;0.60;241.59;3.96;830;18;1655.00;17
4001;18;623540421;4001;189;4865;4915;9.80;0.60;241.68;3.93;864;18;1656.00;50
4002;18;623540438;4002;188;4867;4916;9.81;0.60;241.76;3.93;865;18;1657.00;49
4005;18;623540449;4005;184;4874;4916;9.89;0.61;241.91;3.93;869;18;1658.00;42
4006;18;623540461;4006;191;4876;4916;9.92;0.61;241.87;3.93;870;18;1659.00;40
4012;18;623540474;4012;191;4881;4916;9.90;0.60;241.99;3.93;869;18;1660.00;35
4013;18;623540485;4013;191;4885;4916;9.86;0.60;242.05;3.94;872;18;1661.00;31
4014;18;623540496;4014;195;4888;4916;9.82;0.60;242.01;3.95;874;18;1662.00;28
4018;18;623540507;4018;199;4891;4916;9.82;0.60;242.06;3.95;873;18;1663.00;25
4024;18;623540526;4024;198;4893;4917;9.75;0.59;242.01;3.96;869;18;1664.00;24
4025;19;623540538;4025;198;4897;4919;9.73;0.59;242.00;3.96;872;19;1665.00;22
4026;19;623540562;4026;202;4899;4919;9.67;0.59;242.05;3.96;873;19;1666.00;20
4032;19;623540579;4032;205;4903;4923;9.51;0.58;242.02;3.98;871;19;1667.00;20
4033;19;623540592;4033;206;4904;4923;9.45;0.57;242.06;3.97;871;19;1668.00;19
4034;19;623540603;4034;214;4906;4923;9.35;0.57;242.08;3.99;872;19;1669.00;17
4036;19;623540615;4036;228;4907;4923;9.25;0.56;242.14;4.00;871;19;1670.00;16
4037;19;623540628;4037;234;4913;4929;9.24;0.56;242.20;4.00;876;19;1671.00;16
4039;19;623540640;4039;245;4914;4929;9.18;0.56;242.22;4.01;875;19;1672.00;15
4040;19;623540652;4040;243;4915;4929;9.08;0.55;242.23;4.01;875;19;1673.00;14
4043;19;623540663;4043;249;4918;4932;9.00;0.55;242.28;4.02;875;19;1674.00;14
4046;19;623540675;4046;252;4918;4932;8.95;0.55;242.27;4.02;872;19;1675.00;14
4047;19;623540688;4047;255;4919;4932;8.86;0.54;242.26;4.02;872;19;1676.00;13
4051;19;623540698;4051;260;4922;4933;8.67;0.53;242.37;4.03;871;19;1677.00;11
4054;19;623540709;4054;264;4923;4934;8.49;0.52;242.41;4.03;869;19;1678.00;11
4058;19;623540720;4058;265;4923;4934;8.32;0.51;242.25;4.03;865;19;1679.00;11
4060;19;623540732;4060;272;4941;4960;8.18;0.50;242.31;4.02;881;19;1680.00;19
4062;19;623540745;4062;265;4941;4960;8.08;0.49;242.45;4.02;879;19;1681.00;19
4062;19;623540756;4062;265;4946;4960;8.04;0.49;242.45;4.02;884;19;1682.00;14
4067;19;623540766;4067;258;4948;4961;8.02;0.49;242.49;4.02;881;19;1683.00;13
4069;19;623540776;4069;260;4949;4961;7.97;0.49;242.50;4.02;880;19;1684.00;12
4069;19;623540787;4069;260;4953;4965;8.00;0.49;242.50;4.02;884;19;1685.00;12
4074;19;623540798;4074;259;4953;4965;7.95;0.49;242.77;4.02;879;19;1686.00;12
4076;19;623540809;4076;256;4956;4969;7.89;0.48;242.82;4.02;880;19;1687.00;13
4079;19;623540820;4079;258;4957;4969;7.84;0.48;243.00;4.02;878;19;1688.00;12
4083;19;623540830;4083;259;4957;4969;7.77;0.48;243.02;4.02;874;19;1689.00;12
4085;19;623540840;4085;268;4957;4969;7.72;0.47;243.04;4.02;872;19;1690.00;12
4089;19;623540851;4089;270;4959;4969;7.58;0.46;243.07;4.03;870;19;1691.00;10
4091;19;623540861;4091;282;4969;4981;7.48;0.46;243.17;4.02;878;19;1692.00;12
4092;19;623540873;4092;279;4971;4981;7.43;0.46;243.12;4.02;879;19;1693.00;10
4096;19;623540884;4096;284;4973;4981;7.39;0.45;243.24;4.02;877;19;1694.00;8
4102;19;623540894;4102;290;4973;4981;7.27;0.45;243.16;4.02;871;19;1695.00;8
4105;19;623540905;4105;297;4973;4981;7.14;0.44;243.21;4.02;868;19;1696.00;8
4110;19;623540914;4110;306;4973;4981;6.95;0.43;243.32;4.02;863;19;1697.00;8
4115;19;623540924;4115;312;4974;4982;6.80;0.42;243.36;4.02;859;19;1698.00;8
4118;19;623540940;4118;321;4974;4982;6.58;0.40;243.42;4.02;856;19;1699.00;8
4123;19;623540949;4123;322;4980;4988;6.49;0.40;243.62;4.02;857;19;1700.00;8
4128;19;623540962;4128;314;4981;4989;6.38;0.39;243.72;4.02;853;19;1701.00;8
4131;19;623540972;4131;317;4981;4989;6.25;0.38;243.73;4.02;850;19;1702.00;8
4137;19;623540981;4137;314;4981;4989;6.18;0.38;243.71;4.02;844;19;1703.00;8
4138;19;623540990;4138;312;4985;4993;6.21;0.38;243.77;4.01;847;19;1704.00;8
4140;19;623540999;4140;313;4985;4993;6.25;0.38;243.79;4.01;845;19;1705.00;8
4144;19;623541008;4144;311;4985;4993;6.27;0.38;243.81;4.01;841;19;1706.00;8
4149;19;623541017;4149;306;4986;4994;6.32;0.39;244.13;4.01;837;19;1707.00;8
4152;19;623541027;4152;306;4990;4998;6.42;0.39;244.43;4.01;838;19;1708.00;8
4155;19;623541036;4155;298;4990;4998;6.49;0.40;244.39;4.01;835;19;1709.00;8
4157;19;623541046;4157;301;4994;5004;6.52;0.40;244.50;4.01;837;19;1710.00;10
4160;19;623541056;4160;299;4994;5004;6.46;0.40;244.48;4.01;834;19;1711.00;10
4162;19;623541065;4162;300;4996;5004;6.43;0.40;244.49;4.01;834;19;1712.00;8
4164;19;623541073;4164;297;4996;5004;6.41;0.39;244.46;4.01;832;19;1713.00;8
4167;19;623541082;4167;296;5000;5008;6.46;0.40;244.53;4.00;833;19;1714.00;8
4173;19;623541091;4173;297;5000;5008;6.40;0.39;244.51;4.00;827;19;1715.00;8
4178;19;623541099;4178;303;5000;5008;6.40;0.39;244.45;4.00;822;19;1716.00;8
4180;19;623541108;4180;307;5000;5008;6.41;0.39;244.45;4.00;820;19;1717.00;8
4182;19;623541117;4182;311;5001;5009;6.38;0.39;244.47;4.00;819;19;1718.00;8
4185;19;623541125;4185;317;5002;5010;6.36;0.39;244.45;4.00;817;19;1719.00;8
4189;19;623541134;4189;317;5002;5010;6.32;0.39;244.43;4.00;813;19;1720.00;8
4194;19;623541143;4194;319;5003;5011;6.26;0.38;244.37;4.00;809;19;1721.00;8
4198;19;623541152;4198;320;5003;5011;6.20;0.38;244.34;4.00;805;19;1722.00;8
4203;19;623541161;4203;323;5003;5011;6.16;0.38;244.28;4.00;800;19;1723.00;8
4208;19;623541169;4208;322;5003;5011;6.08;0.37;244.24;4.00;795;19;1724.00;8
4210;19;623541178;4210;314;5003;5011;6.10;0.38;244.17;4.00;793;19;1725.00;8
4216;19;623541187;4216;315;5004;5011;6.02;0.37;244.12;4.04;788;19;1726.00;7
4217;19;623541195;4217;321;5004;5011;6.04;0.37;244.09;4.04;787;19;1727.00;7
4222;19;623541203;4222;343;5080;5138;6.39;0.40;244.06;3.98;858;19;1728.00;58
4225;19;623541222;4225;341;5083;5139;6.36;0.40;243.97;3.98;858;19;1729.00;56
4228;19;623541231;4228;331;5092;5139;6.42;0.40;244.02;3.98;864;19;1730.00;47
4234;19;623541241;4234;328;5092;5139;6.38;0.40;244.02;3.98;858;19;1731.00;47
4236;19;623541250;4236;322;5097;5139;6.42;0.40;244.04;3.98;861;19;1732.00;42
4239;19;623541259;4239;324;5098;5139;6.38;0.40;244.07;3.98;859;19;1733.00;41
4240;19;623541269;4240;328;5100;5139;6.38;0.40;244.03;3.98;860;19;1734.00;39
4242;19;623541277;4242;340;5104;5139;6.34;0.39;244.07;4.01;862;19;1735.00;35
4244;19;623541287;4244;342;5105;5140;6.23;0.39;244.03;4.01;861;19;1736.00;35
4244;19;623541296;4244;350;5109;5141;6.18;0.38;244.03;4.02;865;19;1737.00;32
4249;19;623541308;4249;356;5111;5141;6.01;0.37;244.08;4.02;862;19;1738.00;30
4253;19;623541318;4253;353;5116;5142;5.95;0.37;244.06;4.05;863;19;1739.00;26
4254;19;623541329;4254;348;5117;5142;5.96;0.37;244.06;4.05;863;19;1740.00;25
4255;19;623541339;4255;348;5119;5142;6.01;0.37;244.09;4.06;864;19;1741.00;23
4256;19;623541349;4256;346;5121;5142;6.04;0.37;244.10;4.06;865;19;1742.00;21
4259;19;623541359;4259;350;5126;5146;6.07;0.37;244.16;4.06;867;19;1743.00;20
4261;19;623541369;4261;347;5128;5146;6.10;0.38;244.14;4.07;867;19;1744.00;18
4262;19;623541379;4262;350;5129;5146;6.15;0.38;244.09;4.07;867;19;1745.00;17
4264;19;623541394;4264;352;5132;5149;6.17;0.38;244.08;4.07;868;19;1746.00;17
4266;19;623541404;4266;336;5133;5149;6.23;0.38;244.25;4.08;867;19;1747.00;16
4267;19;623541414;4267;328;5134;5149;6.32;0.39;244.27;4.08;867;19;1748.00;15
4271;19;623541424;4271;321;5139;5153;6.41;0.39;244.26;4.08;868;19;1749.00;14
4272;19;623541435;4272;316;5142;5154;6.52;0.40;244.27;4.09;870;19;1750.00;12
4275;19;623541445;4275;311;5144;5154;6.61;0.41;244.34;4.09;869;19;1751.00;10
4279;19;623541456;4279;308;5148;5158;6.73;0.41;244.33;4.09;869;19;1752.00;10
4281;19;623541467;4281;306;5149;5158;6.86;0.42;244.33;4.09;868;19;1753.00;9
4285;19;623541483;4285;306;5151;5158;6.97;0.43;244.25;4.09;866;19;1754.00;7
4287;19;623541494;4287;293;5153;5160;7.07;0.43;244.29;4.09;866;19;1755.00;7
4288;19;623541505;4288;274;5153;5160;7.15;0.44;244.30;4.09;865;19;1756.00;7
4290;19;623541516;4290;259;5159;5166;7.23;0.44;244.42;4.09;869;19;1757.00;7
4293;19;623541527;4293;245;5159;5166;7.28;0.44;244.32;4.09;866;19;1758.00;7
4294;19;623541545;4294;227;5160;5167;7.37;0.45;244.27;4.09;866;19;1759.00;7
4295;19;623541560;4295;225;5161;5167;7.50;0.46;244.29;4.11;866;19;1760.00;6
4297;19;623541571;4297;215;5161;5167;7.64;0.47;244.22;4.11;864;19;1761.00;6
4300;19;623541582;4300;212;5161;5167;7.74;0.47;244.29;4.11;861;19;1762.00;6
4303;19;623541594;4303;206;5161;5167;7.89;0.48;244.46;4.11;858;19;1763.00;6
4305;19;623541606;4305;200;5171;5179;8.12;0.49;244.46;4.10;866;19;1764.00;8
4310;19;623541619;4310;200;5171;5179;8.21;0.50;244.35;4.10;861;19;1765.00;8
4312;19;623541631;4312;192;5172;5179;8.33;0.51;244.35;4.10;860;19;1766.00;7
4312;19;623541644;4312;191;5172;5179;8.45;0.51;244.35;4.10;860;19;1767.00;7
4313;19;623541657;4313;187;5172;5179;8.61;0.52;244.39;4.10;859;19;1768.00;7
4315;19;623541669;4315;183;5172;5179;8.72;0.53;244.48;4.10;857;19;1769.00;7
4320;19;623541683;4320;177;5175;5183;8.80;0.54;244.73;4.10;855;19;1770.00;8
4320;19;623541695;4320;172;5175;5183;8.93;0.54;244.73;4.10;855;19;1771.00;8
4322;19;623541712;4322;170;5179;5187;9.08;0.55;244.73;4.10;857;19;1772.00;8
4325;19;623541725;4325;169;5181;5188;9.22;0.56;244.83;4.13;856;19;1773.00;7
4327;19;623541736;4327;161;5181;5188;9.32;0.57;244.82;4.13;854;19;1774.00;7
4329;19;623541748;4329;163;5181;5188;9.42;0.57;244.89;4.13;852;19;1775.00;7
4333;19;623541759;4333;162;5192;5201;9.54;0.58;245.07;4.12;859;19;1776.00;9
4335;19;623541771;4335;161;5192;5201;9.66;0.59;245.08;4.12;857;19;1777.00;9
4336;19;623541783;4336;159;5192;5201;9.77;0.59;245.14;4.12;856;19;1778.00;9
4337;19;623541794;4337;160;5193;5202;9.86;0.60;245.23;4.12;856;19;1779.00;9
4342;19;623541806;4342;160;5193;5203;9.88;0.60;245.39;4.12;851;19;1780.00;10
4345;19;623541819;4345;161;5193;5203;9.93;0.60;245.42;4.12;848;19;1781.00;10
4348;19;623541831;4348;163;5195;5206;10.06;0.61;245.49;4.12;847;19;1782.00;11
4349;19;623541843;4349;158;5195;5206;10.18;0.62;245.58;4.12;846;19;1783.00;11
4353;19;623541855;4353;159;5196;5206;10.29;0.62;245.63;4.12;843;19;1784.00;10
4354;19;623541866;4354;160;5196;5206;10.32;0.63;245.62;4.12;842;19;1785.00;10
4357;19;623541889;4357;162;5201;5212;10.32;0.62;245.56;4.11;844;19;1786.00;11
4362;19;623541911;4362;163;5202;5212;10.34;0.63;245.70;4.14;840;19;1787.00;10
4364;19;623541955;4364;160;5202;5212;10.40;0.63;245.70;4.14;838;19;1788.00;10
4367;19;623541973;4367;163;5202;5212;10.38;0.63;245.83;4.14;835;19;1789.00;10
4368;19;623541992;4368;163;5205;5216;10.39;0.63;245.92;4.14;837;19;1790.00;11
4371;19;623542007;4371;168;5206;5217;10.47;0.64;245.95;4.13;835;19;1791.00;11
4376;19;623542020;4376;170;5207;5217;10.46;0.64;246.01;4.16;831;19;1792.00;10
4377;19;623542033;4377;173;5208;5218;10.57;0.64;246.02;4.15;831;19;1793.00;10
4380;19;623542046;4380;173;5209;5218;10.60;0.64;246.24;4.18;829;19;1794.00;9
4383;19;623542059;4383;173;5209;5218;10.58;0.64;246.24;4.18;826;19;1795.00;9
4387;19;623542070;4387;175;5209;5218;10.56;0.64;246.19;4.18;822;19;1796.00;9
4389;19;623542083;4389;177;5210;5218;10.52;0.64;246.23;4.19;821;19;1797.00;8
4391;19;623542095;4391;183;5210;5218;10.50;0.64;246.28;4.19;819;19;1798.00;8
4394;19;623542107;4394;182;5210;5218;10.44;0.64;246.31;4.19;816;19;1799.00;8
4397;19;623542132;4397;203;5274;5356;10.19;0.63;246.43;4.15;877;19;1800.00;82
4402;19;623542162;4402;191;5274;5357;10.15;0.62;246.53;4.15;872;19;1801.00;83
4406;19;623542175;4406;180;5283;5357;10.21;0.63;246.58;4.15;877;19;1802.00;74
4411;19;623542187;4411;177;5287;5357;10.25;0.63;246.70;4.15;876;19;1803.00;70
4416;19;623542199;4416;173;5293;5357;10.24;0.63;246.69;4.15;877;19;1804.00;64
4419;19;623542210;4419;175;5297;5357;10.18;0.63;246.73;4.16;878;19;1805.00;60
4425;19;623542223;4425;170;5303;5357;10.10;0.62;246.86;4.16;878;19;1806.00;54
4426;19;623542236;4426;178;5310;5357;10.02;0.62;246.88;4.17;884;19;1807.00;47
4430;19;623542257;4430;172;5315;5358;9.99;0.61;246.86;4.17;885;19;1808.00;43
4436;19;623542271;4436;169;5316;5359;9.98;0.61;246.77;4.17;880;19;1809.00;43
4441;19;623542285;4441;165;5321;5359;9.95;0.61;246.85;4.17;880;19;1810.00;38
4445;19;623542299;4445;164;5324;5363;9.96;0.61;246.98;4.17;879;19;1811.00;39
4447;19;623542315;4447;160;5325;5363;9.95;0.61;246.97;4.17;878;19;1812.00;38
4451;19;623542328;4451;154;5325;5363;9.89;0.61;246.86;4.17;874;19;1813.00;38
4452;19;623542341;4452;158;5325;5363;9.90;0.61;246.95;4.17;873;19;1814.00;38
4456;19;623542355;4456;158;5330;5369;9.89;0.60;246.94;4.17;874;19;1815.00;39
4460;19;623542369;4460;156;5330;5369;9.95;0.61;246.95;4.17;870;19;1816.00;39
4463;19;623542382;4463;157;5330;5369;9.98;0.61;247.01;4.17;867;19;1817.00;39
4469;19;623542394;4469;159;5332;5372;9.98;0.61;247.08;4.17;863;19;1818.00;40
4472;19;623542408;4472;157;5333;5372;10.00;0.61;247.12;4.17;861;19;1819.00;39
4472;19;623542422;4472;153;5333;5372;10.07;0.61;247.12;4.17;861;19;1820.00;39
4477;19;623542435;4477;154;5335;5373;10.05;0.61;247.21;4.18;858;19;1821.00;38
4479;19;623542448;4479;159;5338;5374;10.04;0.61;247.18;4.18;859;19;1822.00;36
4485;19;623542461;4485;158;5338;5374;10.03;0.61;247.31;4.18;853;19;1823.00;36
4485;19;623542474;4485;164;5346;5387;9.98;0.61;247.31;4.18;861;19;1824.00;41
4490;19;623542497;4490;161;5351;5387;10.00;0.61;247.39;4.19;861;19;1825.00;36
4492;19;623542509;4492;164;5353;5387;9.99;0.61;247.44;4.19;861;19;1826.00;34
4496;19;623542521;4496;166;5355;5388;9.94;0.61;247.39;4.19;859;19;1827.00;33
4502;19;623542534;4502;175;5355;5388;9.84;0.60;247.41;4.19;853;19;1828.00;33
4504;20;623542545;4504;180;5359;5392;9.71;0.59;247.46;4.20;855;20;1829.00;33
4506;20;623542579;4506;191;5360;5392;9.66;0.59;247.44;4.20;854;20;1830.00;32
4509;20;623542592;4509;196;5364;5396;9.50;0.58;247.50;4.21;855;20;1831.00;32
4511;20;623542604;4511;196;5365;5396;9.39;0.57;247.57;4.21;854;20;1832.00;31
4511;20;623542615;4511;202;5366;5396;9.33;0.57;247.57;4.22;855;20;1833.00;30
4515;20;623542626;4515;213;5366;5396;9.26;0.57;247.75;4.22;851;20;1834.00;30
4518;20;623542637;4518;214;5368;5396;9.15;0.56;247.70;4.24;850;20;1835.00;28
4520;20;623542648;4520;217;5379;5408;9.08;0.55;247.78;4.23;859;20;1836.00;29
4525;20;623542660;4525;227;5381;5408;8.95;0.55;247.74;4.24;856;20;1837.00;27
4527;20;623542671;4527;235;5381;5408;8.88;0.54;247.85;4.24;854;20;1838.00;27
4532;20;623542682;4532;246;5382;5408;8.75;0.53;247.98;4.25;850;20;1839.00;26
4532;20;623542692;4532;249;5383;5408;8.71;0.53;247.98;4.25;851;20;1840.00;25
4535;20;623542703;4535;252;5383;5408;8.65;0.53;248.05;4.25;848;20;1841.00;25
4537;20;623542713;4537;267;5385;5409;8.63;0.53;248.09;4.27;848;20;1842.00;24
4539;20;623542724;4539;265;5385;5409;8.60;0.52;248.08;4.27;846;20;1843.00;24
4541;20;623542734;4541;269;5392;5415;8.55;0.52;248.17;4.27;851;20;1844.00;23
4543;20;623542746;4543;272;5394;5417;8.37;0.51;248.19;4.27;851;20;1845.00;23
4545;20;623542757;4545;290;5396;5417;8.22;0.50;248.25;4.28;851;20;1846.00;21
4546;20;623542767;4546;294;5396;5417;7.99;0.49;248.31;4.28;850;20;1847.00;21
4548;20;623542777;4548;302;5400;5421;7.83;0.48;248.29;4.28;852;20;1848.00;21
4552;20;623542787;4552;306;5401;5421;7.61;0.47;248.42;4.29;849;20;1849.00;20
4554;20;623542796;4554;308;5401;5421;7.44;0.46;248.41;4.29;847;20;1850.00;20
4556;20;623542806;4556;310;5405;5422;7.30;0.45;248.44;4.30;849;20;1851.00;17
4558;20;623542816;4558;309;5408;5426;7.19;0.44;248.54;4.30;850;20;1852.00;18
4560;20;623542827;4560;304;5409;5426;7.12;0.44;248.51;4.30;849;20;1853.00;17
4564;20;623542836;4564;303;5411;5429;7.08;0.44;248.59;4.30;847;20;1854.00;18
4566;20;623542847;4566;301;5411;5429;7.02;0.43;248.61;4.30;845;20;1855.00;18
4569;20;623542856;4569;299;5413;5429;7.01;0.43;248.63;4.30;844;20;1856.00;16
4574;20;623542866;4574;305;5413;5429;6.97;0.43;248.64;4.30;839;20;1857.00;16
4576;20;623542876;4576;311;5418;5433;7.08;0.44;248.69;4.30;842;20;1858.00;15
4579;20;623542886;4579;313;5418;5433;7.07;0.43;248.80;4.30;839;20;1859.00;15
4582;20;623542897;4582;311;5419;5433;7.00;0.43;248.86;4.30;837;20;1860.00;14
4584;20;623542907;4584;313;5419;5433;6.91;0.43;248.85;4.30;835;20;1861.00;14
4586;20;623542915;4586;319;5420;5434;6.73;0.41;248.85;4.30;834;20;1862.00;14
4592;20;623542924;4592;329;5421;5435;6.59;0.41;248.82;4.30;829;20;1863.00;14
4597;20;623542933;4597;327;5421;5435;6.39;0.39;248.74;4.30;824;20;1864.00;14
4601;20;623542941;4601;334;5422;5436;6.30;0.39;248.76;4.30;821;20;1865.00;14
4604;20;623542949;4604;339;5422;5436;6.19;0.38;248.76;4.30;818;20;1866.00;14
4607;20;623542956;4607;343;5422;5436;6.04;0.37;248.74;4.30;815;20;1867.00;14
4610;20;623542964;4610;351;5422;5436;5.87;0.36;248.73;4.30;812;20;1868.00;14
4612;20;623542971;4612;363;5422;5436;5.73;0.36;248.68;4.30;810;20;1869.00;14
4617;20;623542978;4617;356;5422;5436;5.60;0.35;248.67;4.30;805;20;1870.00;14
4620;20;623542986;4620;351;5422;5436;5.54;0.34;248.75;4.30;802;20;1871.00;14
4624;20;623542993;4624;372;5493;5563;5.85;0.37;248.70;4.24;869;20;1872.00;70
4628;20;623543010;4628;365;5498;5564;5.83;0.37;248.68;4.24;870;20;1873.00;66
4632;20;623543018;4632;356;5508;5564;5.90;0.37;248.69;4.24;876;20;1874.00;56
4636;20;623543026;4636;356;5509;5564;5.91;0.37;248.67;4.24;873;20;1875.00;55
4639;20;623543034;4639;353;5515;5564;5.91;0.37;248.63;4.24;876;20;1876.00;49
4642;20;623543042;4642;345;5517;5564;5.95;0.37;248.69;4.24;875;20;1877.00;47
4643;20;623543050;4643;346;5519;5564;5.98;0.37;248.65;4.24;876;20;1878.00;45
4648;20;623543058;4648;345;5522;5564;6.00;0.37;248.65;4.24;874;20;1879.00;42
4650;20;623543072;4650;343;5524;5565;6.02;0.37;248.62;4.24;874;20;1880.00;41
4651;20;623543080;4651;346;5527;5566;6.09;0.38;248.58;4.24;876;20;1881.00;39
4653;20;623543089;4653;349;5531;5568;6.12;0.38;248.57;4.24;878;20;1882.00;37
4655;20;623543098;4655;346;5533;5569;6.16;0.38;248.60;4.24;878;20;1883.00;36
4655;20;623543107;4655;347;5538;5569;6.14;0.38;248.60;4.25;883;20;1884.00;31
4659;20;623543116;4659;349;5539;5569;6.10;0.38;248.64;4.25;880;20;1885.00;30
4662;20;623543125;4662;355;5541;5569;6.12;0.38;248.66;4.26;879;20;1886.00;28
4665;20;623543134;4665;360;5546;5573;6.05;0.38;248.67;4.26;881;20;1887.00;27
4667;20;623543143;4667;365;5547;5573;5.97;0.37;248.68;4.26;880;20;1888.00;26
4672;20;623543152;4672;372;5549;5573;5.87;0.36;248.76;4.27;877;20;1889.00;24
4675;20;623543163;4675;374;5553;5579;5.84;0.36;248.71;4.27;878;20;1890.00;26
4678;20;623543172;4678;359;5556;5579;5.86;0.36;248.74;4.27;878;20;1891.00;23
4681;20;623543182;4681;350;5557;5579;5.92;0.37;248.72;4.27;876;20;1892.00;22
4686;20;623543192;4686;346;5564;5583;6.00;0.37;248.65;4.28;878;20;1893.00;19
4691;20;623543202;4691;347;5566;5584;6.00;0.37;248.78;4.28;875;20;1894.00;18
4694;20;623543212;4694;347;5567;5584;6.08;0.37;248.82;4.28;873;20;1895.00;17
4699;20;623543222;4699;346;5572;5588;6.08;0.37;248.86;4.29;873;20;1896.00;16
4703;20;623543232;4703;347;5573;5588;6.14;0.38;248.80;4.29;870;20;1897.00;15
4705;20;623543242;4705;341;5573;5588;6.21;0.38;248.81;4.29;868;20;1898.00;15
4711;20;623543253;4711;341;5574;5589;6.26;0.38;248.87;4.29;863;20;1899.00;15
4713;20;623543264;4713;337;5574;5589;6.31;0.39;248.93;4.29;861;20;1900.00;15
4715;20;623543284;4715;334;5580;5595;6.36;0.39;248.94;4.29;865;20;1901.00;15
4720;20;623543295;4720;333;5580;5595;6.37;0.39;248.95;4.29;860;20;1902.00;15
4725;20;623543306;4725;329;5581;5596;6.36;0.39;248.98;4.29;856;20;1903.00;15
4727;20;623543323;4727;327;5581;5596;6.37;0.39;248.97;4.29;854;20;1904.00;15
4731;20;623543338;4731;326;5581;5596;6.35;0.39;248.89;4.29;850;20;1905.00;15
4735;20;623543348;4735;323;5581;5596;6.28;0.38;248.85;4.29;846;20;1906.00;15
4736;20;623543363;4736;320;5581;5596;6.25;0.38;248.84;4.29;845;20;1907.00;15
4740;20;623543378;4740;320;5592;5608;6.40;0.39;248.88;4.28;852;20;1908.00;16
4742;20;623543390;4742;322;5593;5608;6.45;0.39;248.89;4.28;851;20;1909.00;15
4743;20;623543399;4743;322;5593;5608;6.54;0.40;248.94;4.28;850;20;1910.00;15
4744;20;623543409;4744;317;5593;5608;6.58;0.40;248.89;4.28;849;20;1911.00;15
4745;20;623543419;4745;320;5593;5608;6.63;0.40;248.93;4.28;848;20;1912.00;15
4746;20;623543429;4746;312;5593;5608;6.67;0.41;248.89;4.28;847;20;1913.00;15
4748;20;623543439;4748;315;5597;5612;6.72;0.41;248.86;4.27;849;20;1914.00;15
4750;20;623543449;4750;311;5597;5612;6.72;0.41;248.81;4.27;847;20;1915.00;15
4751;20;623543459;4751;299;5602;5616;6.70;0.41;248.87;4.29;851;20;1916.00;14
4753;20;623543470;4753;284;5603;5617;6.76;0.41;248.98;4.29;850;20;1917.00;14
4754;20;623543481;4754;281;5603;5617;6.78;0.41;249.06;4.29;849;20;1918.00;14
4759;20;623543491;4759;272;5603;5617;6.79;0.41;249.17;4.29;844;20;1919.00;14
4761;20;623543504;4761;270;5626;5646;7.07;0.43;249.32;4.27;865;20;1920.00;20
4762;20;623543516;4762;258;5626;5646;7.25;0.44;249.31;4.27;864;20;1921.00;20
4765;20;623543527;4765;251;5627;5646;7.43;0.45;249.31;4.27;862;20;1922.00;19
4767;20;623543538;4767;247;5629;5647;7.66;0.47;249.38;4.27;862;20;1923.00;18
4768;20;623543549;4768;245;5629;5648;7.82;0.48;249.39;4.27;861;20;1924.00;19
4771;20;623543560;4771;241;5629;5648;7.94;0.48;249.49;4.27;858;20;1925.00;19
4772;20;623543571;4772;225;5631;5651;8.06;0.49;249.47;4.27;859;20;1926.00;20
4775;20;623543583;4775;216;5631;5651;8.16;0.50;249.47;4.27;856;20;1927.00;20
4778;20;623543595;4778;209;5632;5651;8.31;0.51;249.57;4.27;854;20;1928.00;19
4779;20;623543612;4779;206;5632;5651;8.45;0.51;249.54;4.27;853;20;1929.00;19
4782;20;623543623;4782;202;5637;5657;8.60;0.52;249.60;4.27;855;20;1930.00;20
4784;21;623543636;4784;202;5637;5657;8.71;0.53;249.65;4.27;853;21;1931.00;20
4787;21;623543660;4787;202;5637;5657;8.83;0.54;249.72;4.27;850;21;1932.00;20
4790;21;623543672;4790;198;5637;5657;8.91;0.54;249.84;4.27;847;21;1933.00;20
4792;21;623543691;4792;199;5640;5661;8.95;0.54;249.85;4.27;848;21;1934.00;21
4796;21;623543702;4796;198;5642;5663;9.01;0.55;250.00;4.26;846;21;1935.00;21
4800;21;623543715;4800;198;5642;5663;9.06;0.55;250.12;4.26;842;21;1936.00;21
4801;21;623543727;4801;189;5643;5664;9.16;0.56;250.10;4.26;842;21;1937.00;21
4806;21;623543738;4806;190;5643;5664;9.22;0.56;250.22;4.26;837;21;1938.00;21
4806;21;623543750;4806;188;5643;5664;9.31;0.56;250.22;4.26;837;21;1939.00;21
4811;21;623543762;4811;183;5643;5664;9.41;0.57;250.30;4.26;832;21;1940.00;21
4815;21;623543773;4815;180;5643;5664;9.51;0.58;250.33;4.26;828;21;1941.00;21
4817;21;623543785;4817;178;5644;5664;9.59;0.58;250.32;4.29;827;21;1942.00;20
4818;21;623543796;4818;177;5644;5664;9.63;0.58;250.39;4.29;826;21;1943.00;20
4822;21;623543815;4822;195;5686;5734;9.41;0.57;250.59;4.26;864;21;1944.00;48
4824;21;623543835;4824;181;5686;5735;9.52;0.58;250.62;4.26;862;21;1945.00;49
4828;21;623543848;4828;172;5691;5735;9.60;0.58;250.77;4.26;863;21;1946.00;44
4830;21;623543861;4830;175;5691;5735;9.65;0.59;250.83;4.26;861;21;1947.00;44
4832;21;623543875;4832;169;5693;5735;9.72;0.59;250.85;4.26;861;21;1948.00;42
4837;21;623543891;4837;168;5694;5735;9.70;0.59;250.96;4.26;857;21;1949.00;41
4839;21;623543912;4839;174;5700;5737;9.69;0.59;250.95;4.25;861;21;1950.00;37
4842;21;623543931;4842;177;5701;5737;9.70;0.59;251.02;4.26;859;21;1951.00;36
4845;21;623543950;4845;180;5703;5738;9.70;0.59;251.02;4.26;858;21;1952.00;35
4848;21;623543974;4848;181;5706;5739;9.73;0.59;251.15;4.26;858;21;1953.00;33
4850;21;623543991;4850;173;5709;5739;9.77;0.59;251.16;4.26;859;21;1954.00;30
4853;21;623544004;4853;173;5715;5743;9.83;0.59;251.31;4.26;862;21;1955.00;28
4856;21;623544017;4856;177;5717;5743;9.90;0.60;251.38;4.26;861;21;1956.00;26
4858;21;623544030;4858;170;5718;5743;9.93;0.60;251.38;4.29;860;21;1957.00;25
4862;21;623544043;4862;169;5718;5743;9.99;0.61;251.48;4.29;856;21;1958.00;25
4865;21;623544055;4865;169;5723;5749;10.08;0.61;251.50;4.29;858;21;1959.00;26
4866;21;623544069;4866;169;5723;5749;10.15;0.62;251.49;4.29;857;21;1960.00;26
4869;21;623544082;4869;169;5723;5749;10.22;0.62;251.55;4.29;854;21;1961.00;26
4871;21;623544094;4871;170;5726;5752;10.29;0.63;251.62;4.31;855;21;1962.00;26
4873;21;623544107;4873;168;5726;5752;10.37;0.63;251.62;4.31;853;21;1963.00;26
4874;21;623544119;4874;166;5727;5752;10.40;0.64;251.58;4.31;853;21;1964.00;25
4877;21;623544131;4877;170;5727;5753;10.42;0.64;251.62;4.31;850;21;1965.00;26
4881;21;623544144;4881;173;5728;5754;10.33;0.63;251.66;4.31;847;21;1966.00;26
4885;21;623544157;4885;171;5728;5754;10.35;0.63;251.75;4.31;843;21;1967.00;26
4890;21;623544168;4890;173;5738;5767;10.31;0.63;251.72;4.31;848;21;1968.00;29
4894;21;623544181;4894;168;5739;5767;10.25;0.62;251.73;4.33;845;21;1969.00;28
4895;21;623544192;4895;165;5739;5767;10.20;0.62;251.77;4.33;844;21;1970.00;28
4901;21;623544204;4901;162;5740;5768;10.17;0.62;251.83;4.33;839;21;1971.00;28
4907;21;623544216;4907;154;5740;5768;10.12;0.62;251.94;4.33;833;21;1972.00;28
4911;21;623544228;4911;149;5745;5772;10.14;0.62;251.89;4.33;834;21;1973.00;27
4916;21;623544240;4916;149;5746;5772;10.17;0.62;251.85;4.34;830;21;1974.00;26
4921;21;623544252;4921;155;5751;5776;10.13;0.61;251.86;4.38;830;21;1975.00;25
4925;21;623544265;4925;149;5751;5776;10.21;0.62;251.91;4.38;826;21;1976.00;25
4928;21;623544276;4928;149;5751;5776;10.30;0.62;251.89;4.38;823;21;1977.00;25
4932;21;623544289;4932;148;5752;5776;10.27;0.62;251.86;4.41;820;21;1978.00;24
4934;21;623544301;4934;149;5752;5776;10.27;0.62;251.96;4.41;818;21;1979.00;24
4939;21;623544314;4939;143;5773;5810;10.26;0.62;252.01;4.39;834;21;1980.00;37
4944;21;623544327;4944;142;5774;5810;10.22;0.62;252.04;4.39;830;21;1981.00;36
4947;21;623544339;4947;144;5775;5810;10.15;0.62;251.96;4.39;828;21;1982.00;35
4950;21;623544351;4950;145;5775;5810;10.16;0.62;252.13;4.39;825;21;1983.00;35
4953;21;623544362;4953;147;5776;5810;10.08;0.61;252.23;4.39;823;21;1984.00;34
4954;21;623544374;4954;142;5777;5810;10.06;0.61;252.31;4.42;823;21;1985.00;33
4957;21;623544385;4957;144;5777;5811;10.03;0.61;252.44;4.42;820;21;1986.00;34
4959;21;623544396;4959;141;5778;5811;10.06;0.61;252.50;4.42;819;21;1987.00;33
4960;21;623544408;4960;155;5783;5817;10.12;0.62;252.49;4.45;823;21;1988.00;34
4964;21;623544419;4964;158;5785;5818;10.03;0.61;252.45;4.46;821;21;1989.00;33
4971;21;623544431;4971;161;5786;5818;9.93;0.60;252.46;4.46;815;21;1990.00;32
4973;21;623544442;4973;162;5789;5818;9.80;0.60;252.45;4.50;816;21;1991.00;29
4977;21;623544460;4977;162;5793;5822;9.70;0.59;252.53;4.51;816;21;1992.00;29
4979;21;623544472;4979;166;5795;5822;9.62;0.59;252.49;4.51;816;21;1993.00;27
4981;21;623544483;4981;160;5795;5822;9.58;0.58;252.47;4.51;814;21;1994.00;27
4983;21;623544494;4983;160;5796;5823;9.56;0.58;252.46;4.51;813;21;1995.00;27
4987;21;623544505;4987;161;5800;5827;9.44;0.57;252.46;4.51;813;21;1996.00;27
4989;21;623544516;4989;166;5801;5827;9.32;0.57;252.59;4.52;812;21;1997.00;26
4990;21;623544526;4990;180;5803;5830;9.28;0.57;252.64;4.52;813;21;1998.00;27
4991;21;623544537;4991;186;5804;5830;9.24;0.56;252.68;4.51;813;21;1999.00;26
4994;21;623544548;4994;193;5805;5830;9.18;0.56;252.64;4.52;811;21;2000.00;25
4997;21;623544563;4997;194;5806;5830;9.12;0.56;252.83;4.53;809;21;2001.00;24
4999;21;623544574;4999;200;5810;5834;9.10;0.55;252.82;4.53;811;21;2002.00;24
5002;21;623544586;5002;201;5811;5834;9.09;0.55;252.86;4.53;809;21;2003.00;23
5004;21;623544597;5004;210;5812;5834;9.03;0.55;252.89;4.54;808;21;2004.00;22
5007;21;623544608;5007;217;5812;5834;8.89;0.54;252.90;4.54;805;21;2005.00;22
5008;21;623544618;5008;222;5814;5835;8.81;0.54;252.89;4.55;806;21;2006.00;21
5010;21;623544629;5010;227;5815;5836;8.68;0.53;252.86;4.55;805;21;2007.00;21
5013;21;623544640;5013;235;5816;5836;8.52;0.52;252.90;4.56;803;21;2008.00;20
5013;21;623544650;5013;248;5817;5837;8.39;0.51;252.90;4.56;804;21;2009.00;20
5015;21;623544661;5015;255;5818;5837;8.33;0.51;252.87;4.57;803;21;2010.00;19
5018;21;623544671;5018;255;5819;5837;8.20;0.50;252.92;4.58;801;21;2011.00;18
5021;21;623544681;5021;266;5819;5837;8.08;0.49;253.04;4.58;798;21;2012.00;18
5024;21;623544690;5024;271;5822;5837;7.97;0.49;253.02;4.60;798;21;2013.00;15
5025;21;623544700;5025;268;5822;5837;7.84;0.48;253.06;4.60;797;21;2014.00;15
5025;21;623544709;5025;268;5823;5837;7.78;0.48;253.06;4.60;798;21;2015.00;14
5032;21;623544718;5032;286;5891;5964;7.92;0.49;253.03;4.56;859;21;2016.00;73
5034;21;623544738;5034;286;5895;5965;7.85;0.49;253.00;4.56;861;21;2017.00;70
5036;21;623544748;5036;278;5907;5965;7.87;0.49;252.99;4.55;871;21;2018.00;58
5038;21;623544758;5038;276;5908;5965;7.79;0.48;253.05;4.55;870;21;2019.00;57
5040;21;623544768;5040;269;5915;5965;7.76;0.48;252.99;4.55;875;21;2020.00;50
5043;21;623544778;5043;269;5917;5965;7.67;0.48;252.96;4.56;874;21;2021.00;48
5047;21;623544789;5047;272;5920;5965;7.59;0.47;252.83;4.56;873;21;2022.00;45
5049;21;623544798;5049;277;5923;5965;7.65;0.47;252.78;4.56;874;21;2023.00;42
5051;21;623544809;5051;276;5926;5966;7.65;0.47;252.73;4.56;875;21;2024.00;40
5053;21;623544819;5053;274;5932;5968;7.60;0.47;252.68;4.56;879;21;2025.00;36
5056;21;623544829;5056;271;5934;5968;7.52;0.46;252.61;4.56;878;21;2026.00;34
5059;21;623544846;5059;267;5938;5969;7.46;0.46;252.49;4.57;879;21;2027.00;31
5061;21;623544856;5061;277;5942;5969;7.45;0.46;252.43;4.57;881;21;2028.00;27
5063;21;623544866;5063;279;5943;5969;7.43;0.46;252.39;4.57;880;21;2029.00;26
5065;21;623544878;5065;284;5947;5969;7.37;0.45;252.33;4.58;882;21;2030.00;22
5065;21;623544888;5065;292;5952;5973;7.31;0.45;252.33;4.58;887;21;2031.00;21
5068;21;623544898;5068;299;5955;5973;7.14;0.44;252.25;4.59;887;21;2032.00;18
5069;21;623544907;5069;309;5956;5973;6.95;0.43;252.23;4.59;887;21;2033.00;17
5071;21;623544916;5071;319;5958;5976;6.84;0.42;252.32;4.59;887;21;2034.00;18
5073;21;623544926;5073;327;5960;5976;6.76;0.42;252.37;4.59;887;21;2035.00;16
5078;21;623544935;5078;334;5960;5976;6.60;0.41;252.30;4.59;882;21;2036.00;16
5081;21;623544944;5081;339;5965;5980;6.51;0.40;252.34;4.59;884;21;2037.00;15
5082;21;623544953;5082;342;5967;5981;6.42;0.40;252.38;4.59;885;21;2038.00;14
5086;21;623544962;5086;352;5968;5981;6.29;0.39;252.42;4.59;882;21;2039.00;13
5087;21;623544973;5087;347;5973;5986;6.28;0.39;252.37;4.59;886;21;2040.00;13
5089;21;623544982;5089;351;5973;5986;6.19;0.38;252.37;4.59;884;21;2041.00;13
5091;21;623544991;5091;349;5974;5986;6.13;0.38;252.30;4.59;883;21;2042.00;12
5096;21;623545000;5096;334;5975;5987;6.09;0.37;252.27;4.59;879;21;2043.00;12
5098;21;623545015;5098;332;5975;5987;6.07;0.37;252.26;4.59;877;21;2044.00;12
5102;21;623545024;5102;331;5981;5993;6.12;0.38;252.36;4.58;879;21;2045.00;12
5106;21;623545034;5106;324;5981;5993;6.11;0.38;252.26;4.58;875;21;2046.00;12
5110;21;623545043;5110;318;5982;5994;6.09;0.37;252.21;4.58;872;21;2047.00;12
5111;21;623545053;5111;308;5982;5994;6.17;0.38;252.25;4.58;871;21;2048.00;12
5115;21;623545063;5115;308;5982;5994;6.17;0.38;252.25;4.58;867;21;2049.00;12
5117;21;623545078;5117;292;5982;5994;6.21;0.38;252.28;4.58;865;21;2050.00;12
5120;21;623545088;5120;292;5983;5994;6.27;0.38;252.31;4.63;863;21;2051.00;11
5122;21;623545098;5122;286;5994;6006;6.40;0.39;252.32;4.62;872;21;2052.00;12
5124;21;623545109;5124;284;5995;6006;6.47;0.40;252.34;4.62;871;21;2053.00;11
5126;21;623545119;5126;286;5995;6006;6.56;0.40;252.37;4.62;869;21;2054.00;11
5128;21;623545128;5128;285;5995;6006;6.61;0.40;252.36;4.62;867;21;2055.00;11
5130;21;623545143;5130;278;5995;6006;6.63;0.41;252.38;4.62;865;21;2056.00;11
5133;21;623545160;5133;275;5995;6006;6.60;0.40;252.46;4.62;862;21;2057.00;11
5136;21;623545175;5136;275;5999;6010;6.59;0.40;252.49;4.61;863;21;2058.00;11
5138;21;623545185;5138;276;5999;6010;6.55;0.40;252.52;4.61;861;21;2059.00;11
5138;21;623545195;5138;269;6003;6014;6.68;0.41;252.52;4.61;865;21;2060.00;11
5142;21;623545205;5142;270;6004;6015;6.70;0.41;252.51;4.61;862;21;2061.00;11
5144;21;623545215;5144;272;6004;6015;6.76;0.41;252.52;4.61;860;21;2062.00;11
5146;21;623545225;5146;272;6004;6015;6.75;0.41;252.47;4.61;858;21;2063.00;11
5151;21;623545234;5151;265;6017;6028;6.77;0.41;252.53;4.60;866;21;2064.00;11
5153;21;623545245;5153;265;6017;6028;6.80;0.41;252.53;4.60;864;21;2065.00;11
5158;21;623545256;5158;266;6018;6028;6.78;0.41;252.68;4.64;860;21;2066.00;10
5164;21;623545266;5164;269;6019;6029;6.84;0.42;252.79;4.64;855;21;2067.00;10
5168;21;623545276;5168;271;6020;6030;6.85;0.42;252.86;4.64;852;21;2068.00;10
5175;21;623545286;5175;271;6020;6030;6.79;0.41;252.86;4.64;845;21;2069.00;10
5180;21;623545297;5180;275;6024;6036;6.86;0.42;252.87;4.64;844;21;2070.00;12
5182;21;623545308;5182;277;6024;6036;6.88;0.42;252.93;4.64;842;21;2071.00;12
5188;21;623545317;5188;276;6026;6036;6.89;0.42;253.01;4.64;838;21;2072.00;10
5191;21;623545327;5191;272;6026;6036;6.92;0.42;253.04;4.64;835;21;2073.00;10
5195;21;623545337;5195;281;6032;6042;6.96;0.42;253.13;4.64;837;21;2074.00;10
5199;21;623545348;5199;282;6032;6042;6.95;0.42;253.22;4.64;833;21;2075.00;10
5204;21;623545358;5204;286;6033;6042;6.93;0.42;253.18;4.67;829;21;2076.00;9
5208;21;623545368;5208;287;6033;6042;6.88;0.42;253.26;4.67;825;21;2077.00;9
5212;21;623545378;5212;288;6037;6046;6.84;0.42;253.41;4.67;825;21;2078.00;9
5215;21;623545388;5215;290;6038;6047;6.80;0.41;253.53;4.67;823;21;2079.00;9
5219;21;623545398;5219;296;6038;6047;6.78;0.41;253.53;4.67;819;21;2080.00;9
5223;21;623545407;5223;297;6039;6048;6.80;0.42;253.60;4.66;816;21;2081.00;9
5226;21;623545417;5226;299;6039;6048;6.80;0.42;253.62;4.66;813;21;2082.00;9
5229;21;623545426;5229;302;6039;6048;6.79;0.41;253.60;4.66;810;21;2083.00;9
5231;21;623545436;5231;307;6039;6048;6.76;0.41;253.64;4.66;808;21;2084.00;9
5234;21;623545446;5234;310;6039;6048;6.77;0.41;253.67;4.66;805;21;2085.00;9
5238;21;623545455;5238;309;6039;6048;6.73;0.41;253.68;4.66;801;21;2086.00;9
5239;21;623545464;5239;292;6039;6048;6.81;0.41;253.65;4.66;800;21;2087.00;9
5241;21;623545474;5241;300;6085;6118;6.81;0.42;253.69;4.63;844;21;2088.00;33
5243;21;623545490;5243;280;6085;6119;6.95;0.42;253.74;4.63;842;21;2089.00;34
5245;21;623545500;5245;277;6090;6119;7.17;0.44;253.73;4.63;845;21;2090.00;29
5248;21;623545510;5248;270;6092;6119;7.30;0.44;253.78;4.63;844;21;2091.00;27
5252;21;623545521;5252;272;6095;6119;7.46;0.45;253.79;4.63;843;21;2092.00;24
5253;21;623545531;5253;268;6098;6119;7.64;0.46;253.82;4.63;845;21;2093.00;21
5254;21;623545542;5254;273;6100;6119;7.76;0.47;253.90;4.63;846;21;2094.00;19
5255;21;623545553;5255;272;6102;6119;7.84;0.48;253.91;4.63;847;21;2095.00;17
5258;21;623545563;5258;256;6104;6120;7.89;0.48;253.95;4.63;846;21;2096.00;16
5259;21;623545574;5259;252;6107;6121;7.93;0.48;253.96;4.67;848;21;2097.00;14
5262;21;623545585;5262;245;6109;6121;8.03;0.49;253.98;4.67;847;21;2098.00;12
5263;21;623545597;5263;236;6113;6125;8.10;0.49;254.00;4.67;850;21;2099.00;12
5265;21;623545610;5265;241;6118;6140;8.16;0.49;253.99;4.66;853;21;2100.00;22
5269;21;623545628;5269;237;6118;6140;8.22;0.50;254.08;4.66;849;21;2101.00;22
5270;21;623545640;5270;234;6118;6140;8.36;0.51;254.12;4.66;848;21;2102.00;22
5274;21;623545652;5274;232;6122;6146;8.46;0.51;254.12;4.66;848;21;2103.00;24
5276;21;623545664;5276;234;6122;6146;8.59;0.52;254.16;4.66;846;21;2104.00;24
5277;21;623545675;5277;233;6122;6146;8.69;0.53;254.23;4.66;845;21;2105.00;24
5278;21;623545686;5278;231;6126;6149;8.78;0.53;254.24;4.66;848;21;2106.00;23
5280;21;623545697;5280;225;6126;6149;8.90;0.54;254.29;4.66;846;21;2107.00;23
5283;21;623545709;5283;219;6127;6149;8.97;0.55;254.35;4.66;844;21;2108.00;22
5286;21;623545722;5286;212;6127;6150;9.01;0.55;254.37;4.66;841;21;2109.00;23
5289;21;623545733;5289;208;6128;6151;9.09;0.55;254.42;4.66;839;21;2110.00;23
5290;21;623545746;5290;209;6129;6151;9.08;0.55;254.41;4.66;839;21;2111.00;22
5293;21;623545759;5293;212;6139;6164;9.09;0.55;254.45;4.65;846;21;2112.00;25
5297;21;623545773;5297;208;6140;6164;9.11;0.55;254.40;4.65;843;21;2113.00;24
5299;21;623545784;5299;200;6140;6164;9.18;0.56;254.53;4.65;841;21;2114.00;24
5302;21;623545796;5302;204;6143;6166;9.19;0.56;254.70;4.65;841;21;2115.00;23
5304;21;623545808;5304;198;6144;6166;9.22;0.56;254.79;4.68;840;21;2116.00;22
5309;21;623545821;5309;194;6148;6170;9.27;0.56;254.86;4.68;839;21;2117.00;22
5312;21;623545833;5312;195;6148;6170;9.37;0.57;254.85;4.68;836;21;2118.00;22
5316;21;623545845;5316;192;6151;6174;9.40;0.57;254.85;4.68;835;21;2119.00;23
5319;21;623545856;5319;190;6151;6174;9.49;0.58;254.89;4.68;832;21;2120.00;23
5320;21;623545867;5320;188;6152;6174;9.63;0.59;254.94;4.69;832;21;2121.00;22
5322;21;623545881;5322;183;6152;6174;9.68;0.59;254.98;4.69;830;21;2122.00;22
5324;21;623545897;5324;183;6153;6174;9.73;0.59;255.11;4.69;829;21;2123.00;21
5324;21;623545914;5324;181;6161;6186;9.79;0.60;255.11;4.68;837;21;2124.00;25
5329;21;623545943;5329;175;6161;6186;9.87;0.60;255.34;4.68;832;21;2125.00;25
5332;21;623545960;5332;174;6165;6186;9.92;0.60;255.41;4.69;833;21;2126.00;21
5335;21;623545977;5335;175;6167;6186;9.90;0.60;255.48;4.69;832;21;2127.00;19
5337;21;623545995;5337;174;6167;6186;9.90;0.60;255.50;4.69;830;21;2128.00;19
5340;21;623546016;5340;168;6168;6186;9.96;0.61;255.55;4.69;828;21;2129.00;18
5345;21;623546030;5345;169;6168;6187;9.98;0.61;255.56;4.69;823;21;2130.00;19
5348;21;623546043;5348;171;6168;6187;10.00;0.61;255.68;4.69;820;21;2131.00;19
5351;21;623546055;5351;170;6173;6193;9.99;0.61;255.70;4.69;822;21;2132.00;20
5354;21;623546074;5354;173;6174;6194;9.99;0.61;255.69;4.69;820;21;2133.00;20
5354;21;623546087;5354;171;6174;6194;10.04;0.61;255.69;4.69;820;21;2134.00;20
5358;21;623546099;5358;178;6174;6194;10.03;0.61;255.70;4.69;816;21;2135.00;20
5363;21;623546110;5363;176;6176;6198;9.99;0.61;255.71;4.69;813;21;2136.00;22
5365;21;623546122;5365;174;6177;6198;10.02;0.61;255.69;4.69;812;21;2137.00;21
5366;21;623546133;5366;180;6177;6198;10.03;0.61;255.68;4.69;811;21;2138.00;21
5373;21;623546145;5373;177;6178;6199;10.03;0.61;255.82;4.68;805;21;2139.00;21
5378;21;623546156;5378;181;6181;6203;9.96;0.60;255.84;4.68;803;21;2140.00;22
5381;21;623546168;5381;179;6182;6203;9.93;0.60;255.90;4.74;801;21;2141.00;21
5385;21;623546179;5385;173;6184;6206;9.88;0.60;255.88;4.74;799;21;2142.00;22
5389;21;623546190;5389;179;6185;6206;9.86;0.60;255.87;4.74;796;21;2143.00;21
5393;21;623546201;5393;179;6186;6206;9.82;0.60;255.86;4.77;793;21;2144.00;20
5398;21;623546212;5398;185;6188;6206;9.75;0.59;256.02;4.79;790;21;2145.00;18
5403;21;623546229;5403;185;6192;6210;9.82;0.60;256.02;4.78;789;21;2146.00;18
5405;21;623546241;5405;180;6192;6210;9.85;0.60;256.00;4.78;787;21;2147.00;18
5409;21;623546252;5409;184;6192;6210;9.86;0.60;256.01;4.78;783;21;2148.00;18
5412;21;623546263;5412;185;6192;6210;9.83;0.60;256.04;4.78;780;21;2149.00;18
5413;21;623546273;5413;183;6192;6211;9.81;0.60;256.04;4.78;779;21;2150.00;19
5417;21;623546284;5417;181;6193;6212;9.71;0.59;255.98;4.78;776;21;2151.00;19
5421;21;623546294;5421;183;6194;6212;9.59;0.58;255.99;4.82;773;21;2152.00;18
5423;21;623546304;5423;187;6195;6213;9.57;0.58;255.94;4.81;772;21;2153.00;18
5426;21;623546314;5426;194;6195;6213;9.55;0.58;256.00;4.81;769;21;2154.00;18
5428;21;623546324;5428;198;6195;6213;9.52;0.58;255.97;4.81;767;21;2155.00;18
5429;21;623546335;5429;203;6195;6213;9.45;0.57;255.96;4.81;766;21;2156.00;18
5431;21;623546351;5431;209;6195;6213;9.38;0.57;256.03;4.81;764;21;2157.00;18
5431;21;623546361;5431;209;6195;6213;9.27;0.56;256.03;4.81;764;21;2158.00;18
5433;21;623546371;5433;206;6195;6213;9.15;0.55;256.11;4.81;762;21;2159.00;18
5436;21;623546382;5436;236;6292;6443;9.04;0.56;256.08;4.74;856;21;2160.00;151
5437;21;623546411;5437;229;6297;6444;8.97;0.56;256.07;4.74;860;21;2161.00;147
5440;21;623546422;5440;223;6309;6444;8.97;0.56;256.03;4.73;869;21;2162.00;135
5442;21;623546431;5442;221;6315;6444;8.87;0.55;256.02;4.73;873;21;2163.00;129
5443;21;623546447;5443;225;6325;6444;8.80;0.55;255.99;4.73;882;21;2164.00;119
5445;21;623546457;5445;222;6333;6444;8.70;0.54;255.99;4.73;888;21;2165.00;111
5449;21;623546475;5449;226;6341;6444;8.56;0.53;255.95;4.73;892;21;2166.00;103
5450;21;623546486;5450;237;6349;6444;8.47;0.53;255.94;4.73;899;21;2167.00;95
5453;21;623546497;5453;245;6355;6445;8.42;0.52;255.90;4.74;902;21;2168.00;90
5453;21;623546514;5453;250;6360;6446;8.38;0.52;255.90;4.74;907;21;2169.00;86
5453;21;623546525;5453;257;6367;6446;8.33;0.52;255.90;4.75;914;21;2170.00;79
5454;21;623546536;5454;266;6369;6447;8.20;0.51;255.86;4.76;915;21;2171.00;78
5457;21;623546546;5457;275;6373;6447;7.99;0.49;255.79;4.76;916;21;2172.00;74
5459;21;623546557;5459;288;6377;6447;7.80;0.48;255.73;4.78;918;21;2173.00;70
5461;21;623546568;5461;298;6381;6447;7.63;0.47;255.67;4.79;920;21;2174.00;66
5463;21;623546578;5463;312;6385;6451;7.48;0.46;255.65;4.79;922;21;2175.00;66
5464;21;623546590;5464;318;6388;6451;7.39;0.46;255.61;4.80;924;21;2176.00;63
5465;21;623546601;5465;328;6389;6451;7.36;0.45;255.58;4.80;924;21;2177.00;62
5469;21;623546611;5469;339;6390;6454;7.24;0.45;255.56;4.80;921;21;2178.00;64
5470;21;623546629;5470;343;6395;6454;7.23;0.44;255.54;4.84;925;21;2179.00;59
5472;21;623546640;5472;352;6397;6454;7.12;0.44;255.50;4.85;925;21;2180.00;57
5472;21;623546650;5472;359;6407;6458;7.09;0.44;255.50;4.88;935;21;2181.00;51
5474;21;623546661;5474;364;6408;6459;7.08;0.44;255.44;4.88;934;21;2182.00;51
5475;21;623546672;5475;369;6409;6459;7.07;0.44;255.42;4.88;934;21;2183.00;50
5475;21;623546682;5475;376;6415;6463;7.04;0.43;255.42;4.89;940;21;2184.00;48
5476;21;623546692;5476;380;6417;6463;7.02;0.43;255.38;4.90;941;21;2185.00;46
5477;21;623546702;5477;384;6420;6463;6.98;0.43;255.36;4.91;943;21;2186.00;43
5478;21;623546713;5478;390;6421;6464;6.84;0.42;255.33;4.91;943;21;2187.00;43
5479;21;623546723;5479;391;6421;6464;6.75;0.42;255.29;4.91;942;21;2188.00;43
5484;21;623546733;5484;389;6427;6470;6.64;0.41;255.20;4.91;943;21;2189.00;43
5486;21;623546746;5486;392;6428;6470;6.51;0.40;255.15;4.92;942;21;2190.00;42
5490;21;623546760;5490;387;6429;6471;6.34;0.39;255.19;4.92;939;21;2191.00;42
5493;21;623546772;5493;396;6431;6471;6.18;0.38;255.15;4.93;938;21;2192.00;40
5493;21;623546783;5493;401;6432;6471;6.05;0.37;255.15;4.93;939;21;2193.00;39
5495;21;623546793;5495;408;6434;6471;5.97;0.37;255.08;4.94;939;21;2194.00;37
5498;21;623546803;5498;398;6435;6471;5.91;0.37;255.08;4.95;937;21;2195.00;36
5500;21;623546814;5500;396;6446;6483;5.99;0.37;255.02;4.94;946;21;2196.00;37
5500;21;623546826;5500;396;6447;6483;5.98;0.37;255.02;4.95;947;21;2197.00;36
5503;21;623546837;5503;396;6448;6483;5.95;0.37;254.94;4.95;945;21;2198.00;35
5504;21;623546849;5504;398;6449;6483;5.92;0.36;254.94;4.96;945;21;2199.00;34
5505;21;623546860;5505;400;6450;6483;5.91;0.36;254.93;4.96;945;21;2200.00;33
5505;21;623546876;5505;400;6452;6483;5.91;0.36;254.93;4.97;947;21;2201.00;31
5509;21;623546886;5509;402;6455;6487;5.86;0.36;254.89;4.97;946;21;2202.00;32
5510;21;623546897;5510;402;6457;6487;5.84;0.36;254.89;4.98;947;21;2203.00;30
5514;21;623546907;5514;401;6461;6491;5.85;0.36;254.87;4.98;947;21;2204.00;30
5515;21;623546925;5515;401;6463;6493;5.86;0.36;254.87;4.98;948;21;2205.00;30
5520;21;623546935;5520;397;6466;6493;5.83;0.36;254.82;4.99;946;21;2206.00;27
5523;21;623546945;5523;396;6467;6493;5.81;0.36;254.75;4.99;944;21;2207.00;26
5527;21;623546954;5527;405;6479;6506;5.79;0.36;254.81;4.98;952;21;2208.00;27
5529;22;623546965;5529;403;6481;6506;5.83;0.36;254.73;4.98;952;22;2209.00;25
5530;22;623546993;5530;393;6483;6508;5.90;0.36;254.76;4.98;953;22;2210.00;25
5531;22;623547004;5531;384;6485;6509;5.93;0.37;254.79;4.98;954;22;2211.00;24
5535;22;623547019;5535;376;6487;6510;5.90;0.36;254.83;4.98;952;22;2212.00;23
5538;22;623547029;5538;375;6487;6510;5.93;0.36;254.82;4.98;949;22;2213.00;23
5540;22;623547039;5540;379;6488;6513;6.02;0.37;254.89;4.98;948;22;2214.00;25
5543;22;623547049;5543;376;6490;6513;6.08;0.37;254.91;4.98;947;22;2215.00;23
5546;22;623547059;5546;369;6490;6513;6.12;0.37;254.89;4.98;944;22;2216.00;23
5551;22;623547070;5551;367;6490;6513;6.18;0.38;254.90;4.98;939;22;2217.00;23
5553;22;623547080;5553;370;6496;6519;6.28;0.38;254.89;4.98;943;22;2218.00;23
5555;22;623547091;5555;366;6496;6519;6.38;0.39;254.90;4.98;941;22;2219.00;23
5559;22;623547103;5559;356;6497;6519;6.45;0.39;255.02;4.98;938;22;2220.00;22
5562;22;623547114;5562;346;6498;6519;6.53;0.40;255.05;4.98;936;22;2221.00;21
5564;22;623547124;5564;344;6502;6523;6.59;0.40;255.17;4.98;938;22;2222.00;21
5567;22;623547134;5567;335;6503;6524;6.62;0.40;255.23;4.98;936;22;2223.00;21
5572;22;623547145;5572;336;6503;6524;6.65;0.40;255.16;4.98;931;22;2224.00;21
5577;22;623547155;5577;332;6504;6525;6.66;0.41;255.30;4.98;927;22;2225.00;21
5582;22;623547166;5582;335;6504;6525;6.69;0.41;255.24;4.98;922;22;2226.00;21
5586;22;623547177;5586;337;6504;6525;6.71;0.41;255.26;4.98;918;22;2227.00;21
5593;22;623547189;5593;338;6504;6525;6.73;0.41;255.42;4.98;911;22;2228.00;21
5599;22;623547200;5599;343;6504;6525;6.72;0.41;255.57;4.98;905;22;2229.00;21
5601;22;623547210;5601;343;6504;6525;6.71;0.41;255.66;4.98;903;22;2230.00;21
5605;22;623547221;5605;338;6504;6525;6.71;0.41;255.64;4.98;899;22;2231.00;21
5607;22;623547242;5607;337;6545;6595;6.90;0.42;255.71;4.94;938;22;2232.00;50
5610;22;623547258;5610;332;6547;6596;6.91;0.42;255.86;4.94;937;22;2233.00;49
5612;22;623547269;5612;336;6555;6596;6.94;0.42;255.87;4.94;943;22;2234.00;41
5618;22;623547280;5618;329;6557;6596;6.92;0.42;256.13;4.94;939;22;2235.00;39
5620;22;623547291;5620;331;6560;6596;6.89;0.42;256.17;4.94;940;22;2236.00;36
5625;22;623547302;5625;332;6562;6596;6.90;0.42;256.24;4.94;937;22;2237.00;34
5627;22;623547314;5627;330;6565;6596;6.88;0.42;256.30;4.94;938;22;2238.00;31
5632;22;623547324;5632;334;6566;6596;6.85;0.42;256.32;4.94;934;22;2239.00;30
5635;22;623547335;5635;336;6569;6597;6.89;0.42;256.40;4.94;934;22;2240.00;28
5639;22;623547347;5639;340;6571;6598;6.84;0.42;256.49;4.94;932;22;2241.00;27
5643;22;623547358;5643;336;6572;6598;6.82;0.42;256.57;4.94;929;22;2242.00;26
5646;22;623547370;5646;336;6578;6602;6.89;0.42;256.69;4.94;932;22;2243.00;24
5649;22;623547381;5649;328;6578;6602;6.93;0.42;256.73;4.94;929;22;2244.00;24
5653;22;623547392;5653;333;6578;6602;6.90;0.42;256.79;4.94;925;22;2245.00;24
5658;22;623547403;5658;324;6578;6602;6.88;0.42;256.90;4.94;920;22;2246.00;24
5660;22;623547414;5660;316;6583;6608;6.90;0.42;256.95;4.94;923;22;2247.00;25
5665;22;623547427;5665;309;6583;6608;6.88;0.42;257.11;4.94;918;22;2248.00;25
5667;22;623547438;5667;311;6583;6608;6.87;0.42;257.09;4.94;916;22;2249.00;25
5670;22;623547450;5670;307;6587;6614;6.98;0.43;257.11;4.94;917;22;2250.00;27
5673;22;623547462;5673;297;6588;6614;7.00;0.43;257.20;4.98;915;22;2251.00;26
5676;22;623547474;5676;295;6590;6614;7.04;0.43;257.20;4.97;914;22;2252.00;24
5680;22;623547485;5680;297;6590;6615;7.03;0.43;257.36;4.97;910;22;2253.00;25
5684;22;623547496;5684;292;6591;6616;7.02;0.43;257.36;4.97;907;22;2254.00;25
5687;22;623547508;5687;296;6591;6616;6.99;0.43;257.41;4.97;904;22;2255.00;25
5689;22;623547525;5689;302;6602;6629;7.13;0.43;257.44;4.97;913;22;2256.00;27
5692;22;623547537;5692;287;6602;6629;7.11;0.43;257.49;4.97;910;22;2257.00;27
5695;22;623547549;5695;274;6602;6629;7.14;0.43;257.54;4.97;907;22;2258.00;27
5697;22;623547560;5697;273;6603;6630;7.23;0.44;257.65;4.96;906;22;2259.00;27
5701;22;623547572;5701;271;6603;6630;7.29;0.44;257.71;4.96;902;22;2260.00;27
5702;22;623547583;5702;273;6607;6634;7.45;0.45;257.75;4.96;905;22;2261.00;27
5703;22;623547595;5703;270;6607;6634;7.51;0.46;257.76;4.96;904;22;2262.00;27
5706;22;623547607;5706;270;6610;6638;7.53;0.46;257.89;4.96;904;22;2263.00;28
5711;22;623547619;5711;271;6610;6638;7.56;0.46;258.09;4.96;899;22;2264.00;28
5712;22;623547631;5712;269;6610;6638;7.62;0.46;258.11;4.96;898;22;2265.00;28
5719;22;623547642;5719;258;6610;6638;7.59;0.46;258.32;4.96;891;22;2266.00;28
5722;22;623547654;5722;247;6611;6638;7.64;0.47;258.45;5.00;889;22;2267.00;27
5724;22;623547666;5724;242;6621;6650;7.75;0.47;258.41;5.00;897;22;2268.00;29
5728;22;623547678;5728;230;6621;6650;7.80;0.48;258.49;5.00;893;22;2269.00;29
5731;22;623547690;5731;229;6622;6650;7.83;0.48;258.57;5.00;891;22;2270.00;28
5732;22;623547702;5732;226;6622;6650;7.90;0.48;258.58;5.00;890;22;2271.00;28
5734;22;623547714;5734;217;6622;6650;7.99;0.49;258.58;5.00;888;22;2272.00;28
5735;22;623547726;5735;215;6622;6650;8.06;0.49;258.58;5.00;887;22;2273.00;28
5742;22;623547738;5742;210;6622;6651;8.06;0.49;258.66;5.00;880;22;2274.00;29
5743;22;623547750;5743;204;6622;6651;8.14;0.50;258.65;5.00;879;22;2275.00;29
5747;22;623547762;5747;197;6628;6657;8.15;0.50;258.68;5.03;881;22;2276.00;29
5751;22;623547774;5751;199;6629;6658;8.30;0.51;258.74;5.03;878;22;2277.00;29
5753;22;623547787;5753;197;6629;6658;8.40;0.51;258.77;5.03;876;22;2278.00;29
5754;22;623547798;5754;192;6629;6658;8.49;0.52;258.83;5.03;875;22;2279.00;29
5757;22;623547811;5757;184;6633;6663;8.55;0.52;258.84;5.03;876;22;2280.00;30
5758;22;623547824;5758;187;6633;6663;8.61;0.52;258.82;5.03;875;22;2281.00;30
5761;22;623547835;5761;191;6633;6663;8.63;0.53;258.95;5.03;872;22;2282.00;30
5765;22;623547847;5765;197;6634;6664;8.65;0.53;259.01;5.03;869;22;2283.00;30
5767;22;623547860;5767;196;6637;6668;8.67;0.53;258.99;5.02;870;22;2284.00;31
5768;22;623547871;5768;193;6637;6668;8.72;0.53;259.01;5.02;869;22;2285.00;31
5772;22;623547888;5772;188;6640;6671;8.77;0.53;259.00;5.06;868;22;2286.00;31
5775;22;623547908;5775;187;6640;6671;8.74;0.53;258.96;5.06;865;22;2287.00;31
5780;22;623547939;5780;186;6641;6671;8.81;0.54;259.05;5.06;861;22;2288.00;30
5783;22;623547958;5783;189;6641;6671;8.93;0.54;259.02;5.06;858;22;2289.00;30
5789;22;623547975;5789;192;6645;6675;8.99;0.55;259.07;5.06;856;22;2290.00;30
5790;22;623547992;5790;192;6645;6675;9.06;0.55;259.16;5.06;855;22;2291.00;30
5794;22;623548004;5794;189;6645;6675;9.13;0.55;259.33;5.06;851;22;2292.00;30
5794;22;623548017;5794;187;6645;6675;9.20;0.56;259.33;5.06;851;22;2293.00;30
5800;22;623548029;5800;186;6645;6676;9.16;0.56;259.26;5.06;845;22;2294.00;31
5803;22;623548042;5803;192;6648;6678;9.16;0.56;259.23;5.09;845;22;2295.00;30
5805;22;623548060;5805;187;6648;6678;9.19;0.56;259.20;5.09;843;22;2296.00;30
5806;22;623548073;5806;194;6649;6679;9.19;0.56;259.18;5.09;843;22;2297.00;30
5810;22;623548085;5810;190;6649;6679;9.17;0.56;259.20;5.09;839;22;2298.00;30
5813;22;623548104;5813;185;6649;6679;9.25;0.56;259.23;5.09;836;22;2299.00;30
5818;22;623548116;5818;189;6649;6679;9.29;0.56;259.34;5.09;831;22;2300.00;30
5820;22;623548132;5820;191;6649;6679;9.32;0.57;259.31;5.09;829;22;2301.00;30
5820;22;623548144;5820;189;6649;6679;9.37;0.57;259.31;5.09;829;22;2302.00;30
5820;22;623548155;5820;187;6649;6679;9.44;0.57;259.31;5.09;829;22;2303.00;30
5824;22;623548167;5824;219;6720;6806;9.26;0.57;259.37;5.03;896;22;2304.00;86
5828;22;623548188;5828;212;6721;6807;9.24;0.57;259.40;5.03;893;22;2305.00;86
5830;22;623548201;5830;200;6727;6807;9.34;0.58;259.38;5.03;897;22;2306.00;80
5832;22;623548212;5832;200;6728;6807;9.31;0.57;259.34;5.03;896;22;2307.00;79
5834;22;623548224;5834;201;6733;6807;9.35;0.58;259.32;5.03;899;22;2308.00;74
5837;22;623548236;5837;200;6736;6807;9.31;0.57;259.37;5.03;899;22;2309.00;71
5839;22;623548251;5839;198;6738;6807;9.20;0.57;259.44;5.05;899;22;2310.00;69
5843;22;623548263;5843;204;6742;6807;9.14;0.56;259.45;5.05;899;22;2311.00;65
5848;22;623548275;5848;203;6743;6808;9.04;0.55;259.57;5.05;895;22;2312.00;65
5851;22;623548288;5851;205;6748;6809;8.94;0.55;259.60;5.06;897;22;2313.00;61
5853;22;623548300;5853;210;6751;6809;8.97;0.55;259.57;5.06;898;22;2314.00;58
5859;22;623548312;5859;220;6754;6810;8.87;0.54;259.49;5.07;895;22;2315.00;56
5860;22;623548325;5860;225;6757;6810;8.83;0.54;259.46;5.08;897;22;2316.00;53
5864;22;623548342;5864;230;6760;6810;8.71;0.53;259.46;5.08;896;22;2317.00;50
5866;22;623548355;5866;230;6762;6810;8.62;0.53;259.54;5.09;896;22;2318.00;48
5871;22;623548366;5871;232;6768;6814;8.52;0.52;259.60;5.11;897;22;2319.00;46
5878;22;623548378;5878;233;6769;6814;8.44;0.52;259.53;5.12;891;22;2320.00;45
5882;22;623548391;5882;242;6772;6814;8.44;0.52;259.43;5.12;890;22;2321.00;42
5887;22;623548402;5887;243;6775;6817;8.38;0.51;259.36;5.14;888;22;2322.00;42
5891;22;623548414;5891;253;6777;6817;8.39;0.51;259.44;5.14;886;22;2323.00;40
5894;22;623548426;5894;257;6778;6817;8.36;0.51;259.36;5.15;884;22;2324.00;39
5896;22;623548438;5896;263;6783;6821;8.32;0.51;259.37;5.17;887;22;2325.00;38
5900;22;623548449;5900;268;6785;6822;8.28;0.50;259.29;5.17;885;22;2326.00;37
5904;22;623548460;5904;274;6786;6822;8.25;0.50;259.20;5.19;882;22;2327.00;36
5906;22;623548471;5906;275;6789;6826;8.21;0.50;259.18;5.19;883;22;2328.00;37
5907;22;623548482;5907;281;6789;6826;8.15;0.50;259.23;5.19;882;22;2329.00;37
5912;22;623548492;5912;290;6790;6826;8.10;0.49;259.24;5.19;878;22;2330.00;36
5913;22;623548503;5913;295;6791;6827;8.04;0.49;259.23;5.19;878;22;2331.00;36
5915;22;623548514;5915;300;6791;6827;7.96;0.49;259.20;5.19;876;22;2332.00;36
5918;22;623548524;5918;301;6796;6833;7.93;0.48;259.17;5.19;878;22;2333.00;37
5921;22;623548535;5921;305;6796;6833;7.82;0.48;259.15;5.19;875;22;2334.00;37
5924;22;623548547;5924;313;6796;6834;7.71;0.47;259.10;5.19;872;22;2335.00;38
5926;22;623548557;5926;317;6797;6834;7.58;0.46;259.07;5.20;871;22;2336.00;37
5928;22;623548568;5928;330;6797;6834;7.48;0.45;259.05;5.20;869;22;2337.00;37
5930;22;623548578;5930;326;6797;6834;7.39;0.45;259.00;5.20;867;22;2338.00;37
5930;22;623548588;5930;332;6798;6834;7.34;0.45;259.00;5.21;868;22;2339.00;36
5933;22;623548601;5933;342;6824;6870;7.31;0.45;258.95;5.20;891;22;2340.00;46
5935;22;623548614;5935;348;6825;6870;7.23;0.44;259.02;5.19;890;22;2341.00;45
5936;22;623548624;5936;354;6830;6870;7.15;0.44;259.01;5.21;894;22;2342.00;40
5936;22;623548634;5936;359;6830;6870;7.11;0.43;259.01;5.21;894;22;2343.00;40
5937;22;623548644;5937;362;6831;6870;7.03;0.43;259.00;5.21;894;22;2344.00;39
5938;22;623548654;5938;366;6833;6870;6.93;0.42;259.02;5.22;895;22;2345.00;37
5939;22;623548664;5939;372;6838;6874;6.80;0.42;258.98;5.22;899;22;2346.00;36
5940;22;623548674;5940;362;6839;6874;6.79;0.41;258.96;5.23;899;22;2347.00;35
5942;22;623548685;5942;359;6843;6878;6.75;0.41;258.92;5.23;901;22;2348.00;35
5942;22;623548695;5942;359;6846;6879;6.71;0.41;258.92;5.24;904;22;2349.00;33
5943;22;623548705;5943;353;6846;6879;6.67;0.41;258.91;5.24;903;22;2350.00;33
5945;22;623548715;5945;359;6847;6879;6.59;0.40;258.89;5.26;902;22;2351.00;32
5947;22;623548726;5947;359;6858;6892;6.51;0.40;258.89;5.25;911;22;2352.00;34
5948;22;623548737;5948;354;6860;6892;6.39;0.39;258.87;5.27;912;22;2353.00;32
5949;22;623548753;5949;357;6861;6892;6.34;0.39;258.86;5.28;912;22;2354.00;31
5950;22;623548763;5950;358;6862;6893;6.35;0.39;258.84;5.28;912;22;2355.00;31
5952;22;623548773;5952;369;6865;6894;6.32;0.39;258.78;5.30;913;22;2356.00;29
5952;22;623548783;5952;369;6865;6894;6.28;0.38;258.78;5.30;913;22;2357.00;29
5954;22;623548793;5954;362;6868;6897;6.22;0.38;258.78;5.30;914;22;2358.00;29
5955;22;623548802;5955;357;6868;6897;6.17;0.38;258.77;5.30;913;22;2359.00;29
5958;22;623548812;5958;355;6869;6897;6.10;0.37;258.71;5.30;911;22;2360.00;28
5959;22;623548822;5959;351;6870;6897;6.04;0.37;258.70;5.31;911;22;2361.00;27
5959;22;623548833;5959;345;6877;6903;6.07;0.37;258.70;5.32;918;22;2362.00;26
5960;22;623548844;5960;336;6877;6903;6.08;0.37;258.72;5.32;917;22;2363.00;26
5960;22;623548854;5960;335;6878;6903;6.10;0.37;258.72;5.32;918;22;2364.00;25
5963;22;623548863;5963;334;6878;6903;6.12;0.37;258.64;5.32;915;22;2365.00;25
5964;22;623548873;5964;327;6881;6907;6.18;0.38;258.62;5.32;917;22;2366.00;26
5964;22;623548885;5964;323;6885;6908;6.18;0.38;258.62;5.34;921;22;2367.00;23
5965;22;623548897;5965;320;6885;6908;6.25;0.38;258.63;5.34;920;22;2368.00;23
5968;22;623548906;5968;324;6886;6909;6.34;0.39;258.59;5.34;918;22;2369.00;23
5969;22;623548918;5969;322;6889;6909;6.40;0.39;258.57;5.35;920;22;2370.00;20
5971;22;623548928;5971;316;6889;6909;6.47;0.40;258.63;5.35;918;22;2371.00;20
5973;22;623548937;5973;320;6892;6909;6.51;0.40;258.67;5.35;919;22;2372.00;17
5977;22;623548947;5977;321;6892;6909;6.47;0.40;258.62;5.35;915;22;2373.00;17
5981;22;623548956;5981;322;6892;6909;6.44;0.40;258.58;5.35;911;22;2374.00;17
5983;22;623548965;5983;317;6893;6909;6.39;0.39;258.63;5.35;910;22;2375.00;16
5987;22;623548975;5987;332;6937;6979;6.42;0.40;258.68;5.32;950;22;2376.00;42
5993;22;623548989;5993;328;6938;6980;6.36;0.39;258.70;5.32;945;22;2377.00;42
5995;23;623548999;5995;331;6944;6980;6.36;0.39;258.70;5.32;949;23;2378.00;36
5999;23;623549015;5999;328;6950;6980;6.35;0.39;258.82;5.32;951;23;2379.00;30
6002;23;623549024;6002;325;6954;6980;6.31;0.39;258.82;5.31;952;23;2380.00;26
6005;23;623549034;6005;329;6956;6980;6.27;0.39;258.82;5.31;951;23;2381.00;24
6008;23;623549048;6008;325;6958;6980;6.23;0.38;258.86;5.31;950;23;2382.00;22
6009;23;623549058;6009;330;6960;6980;6.19;0.38;258.85;5.32;951;23;2383.00;20
6012;23;623549068;6012;330;6961;6981;6.11;0.38;258.85;5.32;949;23;2384.00;20
6015;23;623549078;6015;339;6963;6983;6.10;0.37;258.91;5.32;948;23;2385.00;20
6018;23;623549088;6018;348;6964;6983;6.04;0.37;258.94;5.31;946;23;2386.00;19
6022;23;623549105;6022;357;6968;6987;5.99;0.37;259.01;5.31;946;23;2387.00;19
6023;23;623549119;6023;355;6970;6987;6.04;0.37;259.03;5.31;947;23;2388.00;17
6027;23;623549129;6027;354;6970;6987;6.06;0.37;259.10;5.31;943;23;2389.00;17
6029;23;623549140;6029;356;6970;6987;6.06;0.37;259.12;5.31;941;23;2390.00;17
6032;23;623549149;6032;345;6977;6993;6.10;0.37;259.16;5.34;945;23;2391.00;16
6034;23;623549161;6034;333;6977;6993;6.18;0.38;259.22;5.34;943;23;2392.00;16
6039;23;623549172;6039;330;6977;6993;6.20;0.38;259.20;5.34;938;23;2393.00;16
6043;23;623549182;6043;318;6980;6996;6.25;0.38;259.29;5.34;937;23;2394.00;16
6044;23;623549194;6044;322;6980;6996;6.29;0.39;259.31;5.34;936;23;2395.00;16
6049;23;623549204;6049;314;6980;6996;6.27;0.38;259.41;5.34;931;23;2396.00;16
6055;23;623549215;6055;311;6981;6997;6.26;0.38;259.46;5.34;926;23;2397.00;16
6058;23;623549226;6058;303;6982;6998;6.36;0.39;259.44;5.34;924;23;2398.00;16
6062;23;623549236;6062;298;6982;6998;6.39;0.39;259.46;5.34;920;23;2399.00;16
6065;23;623549249;6065;305;7008;7057;6.51;0.40;259.48;5.32;943;23;2400.00;49
6068;23;623549270;6068;296;7009;7057;6.60;0.40;259.60;5.32;941;23;2401.00;48
6074;23;623549282;6074;293;7011;7057;6.67;0.41;259.63;5.32;937;23;2402.00;46
6078;23;623549293;6078;287;7012;7058;6.75;0.41;259.80;5.32;934;23;2403.00;46
6083;23;623549304;6083;292;7014;7058;6.81;0.41;259.95;5.32;931;23;2404.00;44
6085;23;623549315;6085;293;7018;7062;6.89;0.42;259.98;5.31;933;23;2405.00;44
6091;23;623549327;6091;293;7020;7062;6.88;0.42;260.11;5.31;929;23;2406.00;42
6093;23;623549344;6093;290;7024;7066;6.95;0.42;260.17;5.31;931;23;2407.00;42
6096;23;623549355;6096;291;7026;7066;7.03;0.43;260.38;5.35;930;23;2408.00;40
6099;23;623549367;6099;286;7026;7066;7.09;0.43;260.42;5.35;927;23;2409.00;40
6104;23;623549378;6104;285;7027;7066;7.10;0.43;260.54;5.35;923;23;2410.00;39
6107;23;623549389;6107;285;7028;7066;7.11;0.43;260.62;5.35;921;23;2411.00;38
6111;23;623549400;6111;287;7035;7078;7.13;0.44;260.76;5.34;924;23;2412.00;43
6117;23;623549412;6117;288;7035;7078;7.10;0.43;260.85;5.34;918;23;2413.00;43
6120;23;623549424;6120;287;7037;7078;7.13;0.43;260.94;5.35;917;23;2414.00;41
6125;23;623549434;6125;293;7038;7078;7.09;0.43;260.89;5.35;913;23;2415.00;40
6129;23;623549445;6129;291;7038;7078;7.04;0.43;260.95;5.35;909;23;2416.00;40
6133;23;623549462;6133;292;7039;7078;7.04;0.43;260.97;5.35;906;23;2417.00;39
6139;23;623549473;6139;294;7040;7079;6.95;0.42;260.90;5.35;901;23;2418.00;39
6141;23;623549485;6141;294;7043;7079;6.92;0.42;260.89;5.35;902;23;2419.00;36
6145;23;623549496;6145;301;7047;7085;6.96;0.42;260.96;5.35;902;23;2420.00;38
6148;23;623549507;6148;295;7049;7086;6.93;0.42;261.11;5.35;901;23;2421.00;37
6150;24;623549518;6150;299;7049;7086;6.94;0.42;261.09;5.35;899;24;2422.00;37
6151;24;623549542;6151;309;7051;7086;6.96;0.42;261.14;5.36;900;24;2423.00;35
6154;24;623549553;6154;304;7053;7090;6.99;0.42;261.29;5.35;899;24;2424.00;37
6157;24;623549564;6157;310;7055;7090;6.98;0.42;261.39;5.36;898;24;2425.00;35
6159;24;623549578;6159;304;7056;7090;6.96;0.42;261.40;5.36;897;24;2426.00;34
6162;24;623549589;6162;290;7058;7091;6.92;0.42;261.48;5.36;896;24;2427.00;33
6163;24;623549600;6163;287;7061;7095;6.92;0.42;261.52;5.36;898;24;2428.00;34
6167;24;623549611;6167;279;7061;7095;6.92;0.42;261.62;5.36;894;24;2429.00;34
6169;24;623549625;6169;270;7066;7101;7.00;0.43;261.65;5.36;897;24;2430.00;35
6169;24;623549636;6169;272;7066;7101;7.06;0.43;261.65;5.36;897;24;2431.00;35
6173;24;623549647;6173;273;7067;7101;7.01;0.43;261.70;5.35;894;24;2432.00;34
6174;24;623549658;6174;274;7068;7101;7.02;0.43;261.76;5.36;894;24;2433.00;33
6178;24;623549669;6178;272;7072;7105;7.05;0.43;261.80;5.36;894;24;2434.00;33
6179;24;623549681;6179;272;7072;7105;7.07;0.43;261.85;5.36;893;24;2435.00;33
6183;24;623549698;6183;262;7072;7105;7.12;0.43;261.76;5.36;889;24;2436.00;33
6187;24;623549709;6187;246;7072;7105;7.16;0.43;261.79;5.36;885;24;2437.00;33
6188;24;623549721;6188;240;7072;7106;7.19;0.44;261.82;5.36;884;24;2438.00;34
6189;24;623549733;6189;238;7074;7107;7.25;0.44;261.79;5.36;885;24;2439.00;33
6189;24;623549744;6189;227;7074;7107;7.39;0.45;261.79;5.36;885;24;2440.00;33
6192;24;623549755;6192;223;7075;7108;7.47;0.45;261.73;5.36;883;24;2441.00;33
6194;24;623549768;6194;223;7075;7108;7.49;0.46;261.82;5.36;881;24;2442.00;33
6196;24;623549779;6196;227;7075;7108;7.56;0.46;261.92;5.36;879;24;2443.00;33
6198;24;623549790;6198;229;7075;7108;7.61;0.46;261.92;5.36;877;24;2444.00;33
6200;24;623549802;6200;237;7076;7108;7.63;0.46;262.01;5.37;876;24;2445.00;32
6204;24;623549814;6204;227;7076;7108;7.75;0.47;262.06;5.37;872;25;2446.00;32
6206;24;623549835;6206;225;7076;7108;7.81;0.47;262.03;5.37;870;25;2447.00;32
6210;24;623549848;6210;244;7142;7235;7.89;0.49;262.08;5.32;932;25;2448.00;93
6211;24;623549870;6211;231;7142;7236;7.99;0.49;262.05;5.32;931;25;2449.00;94
6213;24;623549885;6213;226;7149;7236;8.20;0.51;262.11;5.31;936;25;2450.00;87
6217;24;623549903;6217;221;7150;7236;8.26;0.51;262.26;5.32;933;25;2451.00;86
6220;24;623549921;6220;219;7156;7236;8.41;0.52;262.25;5.32;936;25;2452.00;80
6225;24;623549943;6225;217;7157;7236;8.51;0.52;262.47;5.32;932;25;2453.00;79
6225;24;623549962;6225;221;7160;7236;8.63;0.53;262.47;5.32;935;25;2454.00;76
6230;24;623549990;6230;220;7163;7236;8.65;0.53;262.53;5.32;933;25;2455.00;73
6233;24;623550008;6233;222;7166;7237;8.67;0.53;262.58;5.33;933;25;2456.00;71
6234;24;623550024;6234;219;7169;7238;8.64;0.53;262.60;5.33;935;25;2457.00;69
6238;24;623550038;6238;217;7171;7238;8.54;0.52;262.64;5.33;933;25;2458.00;67
6239;24;623550054;6239;222;7172;7239;8.49;0.52;262.71;5.33;933;25;2459.00;67
6241;24;623550070;6241;225;7177;7239;8.40;0.51;262.70;5.38;936;25;2460.00;62
6246;24;623550092;6246;225;7179;7239;8.32;0.51;262.71;5.38;933;25;2461.00;60
6247;24;623550105;6247;238;7181;7239;8.27;0.51;262.68;5.39;934;25;2462.00;58
6250;24;623550117;6250;232;7185;7243;8.25;0.50;262.67;5.39;935;25;2463.00;58
6252;24;623550130;6252;243;7186;7243;8.21;0.50;262.70;5.39;934;25;2464.00;57
6254;24;623550143;6254;245;7188;7243;8.23;0.50;262.67;5.39;934;25;2465.00;55
6257;24;623550155;6257;250;7191;7246;8.28;0.51;262.71;5.40;934;25;2466.00;55
6261;24;623550167;6261;248;7192;7246;8.35;0.51;262.79;5.40;931;25;2467.00;54
6264;24;623550179;6264;252;7196;7246;8.47;0.52;262.81;5.42;932;25;2468.00;50
6267;24;623550191;6267;255;7200;7250;8.54;0.52;262.81;5.41;933;25;2469.00;50
6270;24;623550203;6270;249;7204;7251;8.62;0.53;262.79;5.42;934;25;2470.00;47
6272;24;623550215;6272;243;7207;7251;8.71;0.53;262.80;5.42;935;25;2471.00;44
6273;24;623550227;6273;242;7208;7255;8.79;0.54;262.79;5.42;935;25;2472.00;47
6275;24;623550239;6275;249;7210;7255;8.80;0.54;262.78;5.42;935;25;2473.00;45
6283;24;623550252;6283;256;7210;7255;8.74;0.53;262.78;5.42;927;25;2474.00;45
6285;24;623550271;6285;258;7212;7257;8.75;0.53;262.87;5.42;927;25;2475.00;45
6290;24;623550289;6290;261;7212;7257;8.75;0.53;263.02;5.42;922;25;2476.00;45
6291;24;623550301;6291;264;7217;7263;8.73;0.53;263.06;5.46;926;25;2477.00;46
6296;24;623550313;6296;270;7217;7263;8.69;0.53;263.05;5.46;921;25;2478.00;46
6298;24;623550324;6298;268;7217;7264;8.59;0.52;263.03;5.46;919;25;2479.00;47
6302;24;623550335;6302;268;7217;7264;8.44;0.52;263.02;5.46;915;25;2480.00;47
6305;24;623550353;6305;272;7217;7264;8.33;0.51;263.02;5.46;912;25;2481.00;47
6311;24;623550365;6311;266;7217;7264;8.18;0.50;262.96;5.46;906;25;2482.00;47
6316;24;623550376;6316;265;7220;7264;8.04;0.49;262.89;5.47;904;25;2483.00;44
6321;24;623550387;6321;266;7229;7276;8.03;0.49;262.96;5.47;908;25;2484.00;47
6324;24;623550399;6324;271;7232;7276;7.96;0.49;262.92;5.48;908;25;2485.00;44
6328;24;623550410;6328;276;7233;7276;7.91;0.48;262.93;5.48;905;25;2486.00;43
6333;24;623550422;6333;287;7233;7276;7.86;0.48;262.91;5.48;900;25;2487.00;43
6337;24;623550432;6337;285;7233;7276;7.86;0.48;262.84;5.48;896;25;2488.00;43
6339;24;623550444;6339;291;7233;7276;7.83;0.48;262.83;5.48;894;25;2489.00;43
6342;24;623550456;6342;294;7236;7280;7.80;0.48;262.83;5.48;894;25;2490.00;44
6344;24;623550467;6344;297;7236;7280;7.83;0.48;262.81;5.48;892;25;2491.00;44
6345;24;623550479;6345;296;7240;7284;7.85;0.48;262.84;5.52;895;25;2492.00;44
6346;24;623550491;6346;296;7240;7285;7.87;0.48;262.83;5.52;894;25;2493.00;45
6351;24;623550501;6351;297;7241;7285;7.84;0.48;262.77;5.52;890;25;2494.00;44
6354;24;623550513;6354;301;7242;7285;7.84;0.48;262.76;5.53;888;25;2495.00;43
6357;24;623550523;6357;302;7251;7298;7.80;0.47;262.72;5.57;894;25;2496.00;47
6359;24;623550535;6359;303;7252;7298;7.81;0.47;262.72;5.57;893;25;2497.00;46
6363;24;623550545;6363;313;7253;7298;7.77;0.47;262.65;5.57;890;25;2498.00;45
6367;24;623550566;6367;294;7254;7299;7.77;0.47;262.69;5.57;887;25;2499.00;45
6368;24;623550578;6368;288;7256;7300;7.82;0.47;262.67;5.59;888;25;2500.00;44
6373;24;623550592;6373;286;7256;7300;7.82;0.47;262.56;5.59;883;25;2501.00;44
6373;24;623550603;6373;282;7259;7303;7.91;0.48;262.56;5.59;886;25;2502.00;44
6374;24;623550620;6374;281;7260;7303;7.93;0.48;262.52;5.59;886;25;2503.00;43
6375;24;623550631;6375;278;7261;7303;7.93;0.48;262.50;5.60;886;25;2504.00;42
6376;24;623550642;6376;275;7262;7303;7.93;0.48;262.48;5.61;886;25;2505.00;41
6376;24;623550660;6376;270;7267;7309;8.05;0.49;262.48;5.60;891;25;2506.00;42
6377;24;623550672;6377;272;7267;7309;8.06;0.49;262.46;5.60;890;25;2507.00;42
6377;24;623550684;6377;273;7268;7309;8.04;0.49;262.46;5.61;891;25;2508.00;41
6380;24;623550695;6380;275;7268;7309;8.10;0.49;262.47;5.61;888;25;2509.00;41
6381;24;623550706;6381;281;7272;7313;8.08;0.49;262.48;5.62;891;25;2510.00;41
6382;24;623550717;6382;276;7274;7314;8.12;0.49;262.49;5.62;892;25;2511.00;40
6383;25;623550728;6383;274;7276;7314;8.04;0.49;262.47;5.64;893;26;2512.00;38
6384;25;623550757;6384;270;7278;7315;8.02;0.49;262.43;5.65;894;26;2513.00;37
6387;25;623550774;6387;277;7280;7315;7.93;0.48;262.40;5.67;893;26;2514.00;35
6387;25;623550786;6387;285;7281;7315;7.87;0.48;262.40;5.68;894;26;2515.00;34
6387;25;623550797;6387;289;7281;7315;7.80;0.47;262.40;5.68;894;26;2516.00;34
6388;25;623550807;6388;295;7284;7315;7.78;0.47;262.39;5.69;896;26;2517.00;31
6388;25;623550818;6388;299;7284;7315;7.79;0.47;262.39;5.69;896;26;2518.00;31
6388;25;623550828;6388;300;7285;7315;7.74;0.47;262.39;5.70;897;26;2519.00;30
6391;25;623550839;6391;314;7338;7440;7.94;0.49;262.43;5.66;947;26;2520.00;102
6393;25;623550861;6393;315;7343;7441;7.90;0.49;262.51;5.66;950;26;2521.00;98
6395;25;623550873;6395;310;7354;7441;7.89;0.49;262.56;5.65;959;26;2522.00;87
6397;25;623550886;6397;309;7361;7441;7.82;0.48;262.52;5.66;964;26;2523.00;80
6399;25;623550896;6399;307;7367;7441;7.75;0.47;262.64;5.66;968;26;2524.00;74
6402;25;623550908;6402;313;7373;7441;7.62;0.47;262.73;5.67;971;26;2525.00;68
6404;25;623550919;6404;317;7379;7441;7.52;0.46;262.68;5.67;975;26;2526.00;62
6405;25;623550932;6405;319;7386;7441;7.43;0.46;262.71;5.73;981;26;2527.00;55
6413;25;623550944;6413;329;7392;7442;7.24;0.44;262.74;5.73;979;26;2528.00;50
6415;25;623550955;6415;334;7397;7443;7.13;0.44;262.84;5.74;982;26;2529.00;46
6416;25;623550965;6416;331;7400;7443;7.08;0.43;262.82;5.74;984;26;2530.00;43
6418;25;623550977;6418;329;7406;7447;6.96;0.43;262.84;5.75;988;26;2531.00;41
6421;25;623550988;6421;342;7408;7447;6.89;0.42;262.83;5.77;987;26;2532.00;39
6423;25;623550999;6423;341;7409;7447;6.88;0.42;262.84;5.78;986;26;2533.00;38
6427;25;623551010;6427;347;7409;7447;6.81;0.42;262.79;5.78;982;26;2534.00;38
6430;25;623551021;6430;348;7416;7453;6.77;0.41;262.78;5.78;986;26;2535.00;37
6431;25;623551032;6431;349;7416;7453;6.74;0.41;262.81;5.78;985;26;2536.00;37
6434;25;623551044;6434;352;7417;7455;6.68;0.41;262.84;5.78;983;26;2537.00;38
6435;25;623551056;6435;357;7420;7458;6.62;0.40;262.91;5.78;985;26;2538.00;38
6436;25;623551068;6436;365;7423;7458;6.59;0.40;262.92;5.79;987;26;2539.00;35
6438;25;623551078;6438;367;7423;7458;6.56;0.40;262.95;5.79;985;26;2540.00;35
6440;25;623551089;6440;370;7424;7459;6.50;0.40;262.93;5.79;984;26;2541.00;35
6443;25;623551106;6443;375;7426;7460;6.42;0.39;263.01;5.80;983;26;2542.00;34
6445;25;623551116;6445;381;7426;7460;6.41;0.39;263.01;5.80;981;26;2543.00;34
6448;25;623551127;6448;383;7438;7473;6.35;0.39;263.06;5.79;990;26;2544.00;35
6451;25;623551138;6451;391;7439;7473;6.31;0.39;263.00;5.80;988;26;2545.00;34
6455;25;623551149;6455;397;7439;7473;6.25;0.38;263.09;5.80;984;26;2546.00;34
6457;25;623551160;6457;391;7441;7474;6.17;0.38;263.03;5.80;984;26;2547.00;33
6459;25;623551170;6459;391;7442;7474;6.10;0.37;263.07;5.80;983;26;2548.00;32
6462;25;623551181;6462;393;7446;7478;6.06;0.37;263.13;5.80;984;26;2549.00;32
6465;25;623551193;6465;383;7449;7481;5.97;0.37;263.15;5.80;984;26;2550.00;32
6469;25;623551205;6469;380;7454;7485;5.91;0.36;263.24;5.80;985;26;2551.00;31
6471;25;623551216;6471;381;7454;7485;5.91;0.36;263.29;5.80;983;26;2552.00;31
6473;25;623551227;6473;375;7455;7485;5.93;0.37;263.34;5.80;982;26;2553.00;30
6476;25;623551237;6476;377;7456;7485;5.92;0.37;263.46;5.80;980;26;2554.00;29
6478;25;623551248;6478;376;7456;7485;5.96;0.37;263.50;5.80;978;26;2555.00;29
6481;25;623551259;6481;374;7467;7497;6.08;0.38;263.47;5.80;986;26;2556.00;30
6485;25;623551271;6485;373;7469;7497;6.07;0.37;263.55;5.80;984;26;2557.00;28
6486;25;623551282;6486;365;7470;7497;6.02;0.37;263.57;5.80;984;26;2558.00;27
6489;25;623551293;6489;360;7470;7497;6.07;0.37;263.57;5.80;981;26;2559.00;27
6491;25;623551303;6491;363;7470;7497;6.07;0.38;263.60;5.80;979;26;2560.00;27
6494;25;623551314;6494;359;7470;7497;6.15;0.38;263.60;5.80;976;26;2561.00;27
6497;25;623551325;6497;353;7470;7498;6.25;0.39;263.68;5.80;973;26;2562.00;28
6499;25;623551336;6499;356;7470;7498;6.39;0.40;263.73;5.80;971;26;2563.00;28
6504;25;623551347;6504;349;7475;7504;6.52;0.40;263.77;5.79;971;26;2564.00;29
6509;26;623551360;6509;348;7476;7506;6.59;0.41;263.85;5.79;967;27;2565.00;30
6513;26;623551383;6513;342;7477;7506;6.69;0.41;263.80;5.79;964;27;2566.00;29
6515;26;623551394;6515;342;7477;7506;6.74;0.41;263.90;5.79;962;27;2567.00;29
6519;26;623551405;6519;333;7480;7510;6.76;0.42;263.89;5.79;961;27;2568.00;30
6524;26;623551416;6524;330;7480;7510;6.75;0.41;263.93;5.79;956;27;2569.00;30
6526;26;623551428;6526;329;7480;7510;6.79;0.42;263.93;5.79;954;27;2570.00;30
6532;26;623551440;6532;323;7481;7511;6.77;0.41;263.96;5.79;949;27;2571.00;30
6536;26;623551452;6536;322;7484;7515;6.75;0.41;263.98;5.79;948;27;2572.00;31
6538;26;623551464;6538;319;7484;7515;6.74;0.41;263.97;5.79;946;27;2573.00;31
6545;26;623551476;6545;314;7486;7518;6.73;0.41;264.13;5.78;941;27;2574.00;32
6549;26;623551489;6549;317;7487;7518;6.72;0.41;264.21;5.78;938;27;2575.00;31
6554;26;623551500;6554;317;7487;7518;6.72;0.41;264.21;5.78;933;27;2576.00;31
6560;26;623551516;6560;320;7487;7518;6.74;0.41;264.21;5.78;927;27;2577.00;31
6564;26;623551527;6564;313;7492;7522;6.84;0.42;264.25;5.84;928;27;2578.00;30
6569;26;623551539;6569;311;7492;7522;6.82;0.42;264.30;5.84;923;27;2579.00;30
6573;26;623551552;6573;309;7492;7522;6.87;0.42;264.36;5.84;919;27;2580.00;30
6579;26;623551564;6579;318;7492;7522;6.86;0.42;264.45;5.84;913;27;2581.00;30
6584;26;623551575;6584;316;7492;7523;6.84;0.42;264.45;5.84;908;27;2582.00;31
6590;26;623551586;6590;318;7493;7524;6.83;0.41;264.50;5.84;903;27;2583.00;31
6595;26;623551598;6595;320;7493;7524;6.82;0.41;264.54;5.84;898;27;2584.00;31
6599;26;623551609;6599;319;7494;7525;6.79;0.41;264.51;5.84;895;27;2585.00;31
6603;26;623551619;6603;323;7494;7525;6.69;0.41;264.49;5.84;891;27;2586.00;31
6607;26;623551630;6607;319;7494;7525;6.60;0.40;264.61;5.84;887;27;2587.00;31
6611;26;623551641;6611;326;7494;7525;6.57;0.40;264.60;5.84;883;27;2588.00;31
6615;26;623551651;6615;325;7494;7525;6.46;0.39;264.80;5.84;879;27;2589.00;31
6621;26;623551663;6621;325;7494;7525;6.37;0.39;264.97;5.84;873;27;2590.00;31
6625;26;623551673;6625;331;7494;7525;6.31;0.38;264.89;5.84;869;27;2591.00;31
6630;26;623551684;6630;350;7562;7652;6.46;0.40;264.92;5.78;932;27;2592.00;90
6633;26;623551704;6633;338;7567;7653;6.46;0.40;264.95;5.78;934;27;2593.00;86
6635;26;623551716;6635;329;7572;7653;6.54;0.40;265.02;5.78;937;27;2594.00;81
6637;26;623551727;6637;330;7574;7653;6.59;0.41;265.05;5.78;937;27;2595.00;79
6638;26;623551738;6638;330;7579;7653;6.64;0.41;265.07;5.78;941;27;2596.00;74
6639;26;623551749;6639;320;7582;7653;6.66;0.41;265.14;5.78;943;27;2597.00;71
6642;26;623551760;6642;314;7585;7653;6.68;0.41;265.23;5.78;943;27;2598.00;68
6645;26;623551771;6645;316;7588;7653;6.67;0.41;265.23;5.78;943;27;2599.00;65
6649;26;623551784;6649;315;7590;7654;6.68;0.41;265.29;5.78;941;27;2600.00;64
6650;26;623551799;6650;313;7595;7655;6.74;0.41;265.29;5.78;945;27;2601.00;60
6652;26;623551811;6652;318;7598;7655;6.75;0.41;265.30;5.78;946;27;2602.00;57
6656;26;623551823;6656;324;7600;7656;6.72;0.41;265.39;5.78;944;27;2603.00;56
6656;26;623551834;6656;326;7604;7656;6.72;0.41;265.39;5.78;948;27;2604.00;52
6658;26;623551845;6658;333;7606;7656;6.69;0.41;265.44;5.79;948;27;2605.00;50
6660;26;623551862;6660;327;7609;7656;6.66;0.41;265.51;5.85;949;27;2606.00;47
6665;26;623551874;6665;319;7612;7660;6.68;0.41;265.54;5.85;947;27;2607.00;48
6669;26;623551892;6669;321;7613;7660;6.66;0.41;265.58;5.85;944;27;2608.00;47
6670;26;623551911;6670;315;7615;7660;6.68;0.41;265.58;5.85;945;27;2609.00;45
6672;26;623551947;6672;309;7619;7666;6.73;0.41;265.63;5.85;947;27;2610.00;47
6673;26;623551969;6673;309;7620;7666;6.76;0.42;265.67;5.85;947;27;2611.00;46
6675;26;623551989;6675;314;7622;7666;6.80;0.42;265.65;5.85;947;27;2612.00;44
6677;26;623552005;6677;317;7626;7670;6.81;0.42;265.66;5.85;949;27;2613.00;44
6681;26;623552020;6681;312;7627;7671;6.88;0.42;265.68;5.85;946;27;2614.00;44
6683;26;623552035;6683;314;7628;7671;6.98;0.43;265.67;5.85;945;27;2615.00;43
6686;26;623552047;6686;305;7632;7675;7.07;0.43;265.67;5.84;946;27;2616.00;43
6688;26;623552061;6688;306;7632;7675;7.10;0.43;265.75;5.84;944;27;2617.00;43
6691;26;623552073;6691;304;7632;7675;7.16;0.44;265.73;5.84;941;27;2618.00;43
6697;26;623552086;6697;306;7633;7676;7.21;0.44;265.97;5.84;936;27;2619.00;43
6701;26;623552106;6701;309;7633;7676;7.21;0.44;265.98;5.84;932;27;2620.00;43
6706;26;623552127;6706;313;7638;7682;7.20;0.44;266.03;5.84;932;27;2621.00;44
6707;26;623552141;6707;315;7639;7682;7.15;0.43;266.05;5.90;932;27;2622.00;43
6711;26;623552152;6711;315;7639;7683;7.06;0.43;266.08;5.90;928;27;2623.00;44
6713;26;623552165;6713;316;7639;7683;7.06;0.43;266.13;5.90;926;27;2624.00;44
6717;26;623552177;6717;312;7639;7683;7.00;0.43;266.26;5.90;922;27;2625.00;44
6719;26;623552191;6719;312;7639;7683;7.05;0.43;266.23;5.90;920;27;2626.00;44
6724;26;623552208;6724;317;7639;7683;7.03;0.43;266.22;5.90;915;27;2627.00;44
6726;26;623552221;6726;316;7649;7695;7.06;0.43;266.21;5.89;923;27;2628.00;46
6727;26;623552233;6727;321;7649;7695;7.05;0.43;266.19;5.89;922;27;2629.00;46
6729;26;623552245;6729;322;7650;7695;7.11;0.43;266.16;5.89;921;27;2630.00;45
6732;26;623552258;6732;328;7650;7695;7.12;0.43;266.10;5.89;918;27;2631.00;45
6733;26;623552269;6733;328;7651;7695;7.17;0.44;266.14;5.95;918;27;2632.00;44
6737;26;623552281;6737;333;7651;7695;7.16;0.44;266.08;5.95;914;27;2633.00;44
6737;26;623552292;6737;337;7654;7699;7.19;0.44;266.08;5.95;917;27;2634.00;45
6737;26;623552303;6737;339;7654;7699;7.25;0.44;266.08;5.95;917;27;2635.00;45
6742;26;623552321;6742;335;7658;7703;7.32;0.45;266.06;5.95;916;27;2636.00;45
6745;26;623552333;6745;337;7659;7704;7.35;0.45;265.96;5.95;914;27;2637.00;45
6748;26;623552345;6748;339;7659;7704;7.40;0.45;265.99;5.95;911;27;2638.00;45
6750;26;623552356;6750;335;7660;7704;7.42;0.45;265.96;6.00;910;27;2639.00;44
6750;26;623552369;6750;345;7683;7733;7.44;0.45;265.96;5.98;933;27;2640.00;50
6752;26;623552383;6752;339;7683;7733;7.44;0.45;265.95;5.98;931;27;2641.00;50
6754;26;623552395;6754;335;7685;7733;7.51;0.46;265.94;5.98;931;27;2642.00;48
6756;26;623552406;6756;337;7686;7734;7.53;0.46;265.91;5.98;930;27;2643.00;48
6761;26;623552417;6761;344;7686;7735;7.53;0.46;265.88;5.98;925;27;2644.00;49
6762;26;623552429;6762;343;7686;7735;7.50;0.46;265.87;5.98;924;27;2645.00;49
6764;26;623552441;6764;348;7688;7738;7.55;0.46;265.88;5.98;924;27;2646.00;50
6767;26;623552452;6767;346;7688;7738;7.47;0.46;265.85;5.98;921;27;2647.00;50
6767;26;623552463;6767;346;7689;7738;7.45;0.45;265.85;5.98;922;27;2648.00;49
6769;26;623552474;6769;344;7689;7738;7.34;0.45;265.87;5.98;920;27;2649.00;49
6770;26;623552485;6770;342;7694;7744;7.27;0.44;265.86;5.98;924;27;2650.00;50
6771;26;623552496;6771;328;7694;7744;7.14;0.44;265.85;5.98;923;27;2651.00;50
6772;26;623552507;6772;319;7694;7744;7.06;0.43;265.83;5.98;922;27;2652.00;50
6773;26;623552518;6773;313;7694;7744;7.06;0.43;265.85;5.98;921;27;2653.00;50
6778;26;623552528;6778;308;7698;7748;7.06;0.43;265.91;5.98;920;27;2654.00;50
6779;26;623552541;6779;305;7700;7750;7.13;0.43;265.92;5.98;921;27;2655.00;50
6782;26;623552551;6782;305;7701;7750;7.19;0.44;265.91;5.99;919;27;2656.00;49
6783;26;623552562;6783;300;7702;7751;7.27;0.44;265.91;5.99;919;27;2657.00;49
6783;26;623552578;6783;297;7702;7751;7.36;0.45;265.91;5.99;919;27;2658.00;49
6786;26;623552588;6786;300;7702;7751;7.44;0.45;265.89;5.99;916;27;2659.00;49
6789;26;623552600;6789;289;7702;7751;7.52;0.46;265.86;5.99;913;27;2660.00;49
6790;26;623552611;6790;290;7702;7751;7.61;0.46;265.83;5.99;912;27;2661.00;49
6794;26;623552621;6794;290;7702;7751;7.68;0.47;265.88;5.99;908;27;2662.00;49
6797;26;623552632;6797;287;7702;7751;7.74;0.47;265.83;5.99;905;27;2663.00;49
6801;26;623552643;6801;290;7740;7821;7.88;0.48;265.77;5.96;939;27;2664.00;81
6802;26;623552662;6802;289;7742;7822;7.95;0.48;265.77;5.96;940;27;2665.00;80
6803;27;623552674;6803;290;7748;7822;7.96;0.48;265.73;5.96;945;28;2666.00;74
6805;27;623552699;6805;283;7748;7822;7.96;0.48;265.67;5.96;943;28;2667.00;74
6805;27;623552710;6805;278;7751;7822;7.99;0.49;265.67;5.96;946;28;2668.00;71
6808;27;623552721;6808;280;7753;7822;7.98;0.49;265.61;5.96;945;28;2669.00;69
6811;27;623552734;6811;285;7755;7822;7.97;0.48;265.59;5.96;944;28;2670.00;67
6812;27;623552746;6812;283;7757;7822;8.00;0.49;265.57;5.96;945;28;2671.00;65
6814;27;623552758;6814;284;7758;7823;7.99;0.49;265.52;5.96;944;28;2672.00;65
6815;27;623552770;6815;275;7760;7824;8.00;0.49;265.51;5.96;945;28;2673.00;64
6816;27;623552782;6816;276;7762;7824;8.07;0.49;265.47;5.96;946;28;2674.00;62
6816;27;623552793;6816;282;7767;7828;8.07;0.49;265.47;5.96;951;28;2675.00;61
6818;27;623552808;6818;290;7769;7828;8.05;0.49;265.44;5.96;951;28;2676.00;59
6821;27;623552820;6821;291;7771;7828;7.96;0.48;265.54;5.98;950;28;2677.00;57
6823;27;623552832;6823;300;7772;7828;7.91;0.48;265.57;5.98;949;28;2678.00;56
6824;27;623552844;6824;307;7777;7834;7.88;0.48;265.60;5.97;953;28;2679.00;57
6826;27;623552855;6826;316;7780;7834;7.82;0.48;265.64;6.00;954;28;2680.00;54
6830;27;623552867;6830;321;7781;7834;7.80;0.47;265.79;6.00;951;28;2681.00;53
6834;27;623552881;6834;329;7783;7837;7.78;0.47;265.83;6.00;949;28;2682.00;54
6836;27;623552898;6836;329;7786;7837;7.80;0.47;265.84;6.02;950;28;2683.00;51
6838;27;623552910;6838;337;7786;7837;7.78;0.47;265.85;6.02;948;28;2684.00;51
6839;27;623552921;6839;336;7787;7838;7.75;0.47;265.87;6.03;948;28;2685.00;51
6842;27;623552933;6842;340;7789;7839;7.66;0.47;265.83;6.04;947;28;2686.00;50
6843;27;623552943;6843;344;7790;7839;7.59;0.46;265.84;6.04;947;28;2687.00;49
6847;27;623552959;6847;350;7801;7852;7.46;0.45;265.85;6.05;954;28;2688.00;51
6849;27;623552972;6849;354;7803;7852;7.41;0.45;265.89;6.05;954;28;2689.00;49
6849;27;623552983;6849;363;7803;7852;7.31;0.44;265.89;6.05;954;28;2690.00;49
6852;27;623552994;6852;366;7805;7853;7.21;0.44;265.90;6.06;953;28;2691.00;48
6854;27;623553005;6854;376;7806;7853;7.14;0.43;265.93;6.06;952;28;2692.00;47
6855;27;623553015;6855;377;7812;7857;7.10;0.43;265.93;6.08;957;28;2693.00;45
6858;27;623553026;6858;385;7812;7857;6.98;0.42;266.02;6.08;954;28;2694.00;45
6860;27;623553037;6860;384;7816;7861;6.86;0.42;266.07;6.09;956;28;2695.00;45
6860;27;623553048;6860;388;7818;7861;6.76;0.41;266.07;6.11;958;28;2696.00;43
6861;27;623553058;6861;387;7818;7861;6.64;0.41;266.12;6.11;957;28;2697.00;43
6865;27;623553068;6865;393;7820;7861;6.54;0.40;266.22;6.13;955;28;2698.00;41
6869;27;623553081;6869;394;7820;7861;6.49;0.40;266.21;6.13;951;28;2699.00;41
6872;27;623553095;6872;399;7848;7910;6.57;0.40;266.18;6.13;976;28;2700.00;62
6874;27;623553114;6874;391;7851;7910;6.48;0.40;266.26;6.13;977;28;2701.00;59
6875;27;623553125;6875;394;7852;7910;6.43;0.39;266.28;6.13;977;28;2702.00;58
6879;27;623553135;6879;395;7854;7910;6.36;0.39;266.34;6.14;975;28;2703.00;56
6883;27;623553145;6883;394;7856;7910;6.36;0.39;266.32;6.14;973;28;2704.00;54
6883;27;623553162;6883;395;7859;7910;6.35;0.39;266.32;6.16;976;28;2705.00;51
6885;27;623553172;6885;399;7861;7911;6.37;0.39;266.34;6.16;976;28;2706.00;50
6887;27;623553182;6887;395;7864;7911;6.40;0.39;266.31;6.16;977;28;2707.00;47
6891;27;623553193;6891;388;7868;7917;6.39;0.39;266.32;6.16;977;28;2708.00;49
6892;27;623553204;6892;395;7869;7918;6.42;0.39;266.39;6.16;977;28;2709.00;49
6895;27;623553215;6895;397;7871;7918;6.38;0.39;266.36;6.16;976;28;2710.00;47
6900;27;623553226;6900;392;7871;7918;6.35;0.39;266.43;6.16;971;28;2711.00;47
6902;27;623553236;6902;396;7877;7922;6.31;0.39;266.48;6.17;975;28;2712.00;45
6906;27;623553247;6906;398;7878;7922;6.23;0.38;266.50;6.17;972;28;2713.00;44
6908;27;623553257;6908;396;7879;7922;6.15;0.38;266.56;6.17;971;28;2714.00;43
6913;27;623553268;6913;395;7880;7923;6.05;0.37;266.65;6.17;967;28;2715.00;43
6917;27;623553278;6917;395;7883;7927;5.92;0.36;266.70;6.17;966;28;2716.00;44
6922;27;623553289;6922;400;7887;7927;5.84;0.36;266.69;6.18;965;28;2717.00;40
6926;27;623553300;6926;402;7890;7930;5.81;0.36;266.78;6.18;964;28;2718.00;40
6929;27;623553311;6929;407;7892;7930;5.79;0.36;266.83;6.18;963;28;2719.00;38
6932;27;623553321;6932;405;7892;7930;5.78;0.36;266.89;6.18;960;28;2720.00;38
6935;27;623553331;6935;403;7894;7930;5.69;0.35;267.02;6.18;959;28;2721.00;36
6937;27;623553341;6937;402;7897;7934;5.70;0.35;267.09;6.18;960;28;2722.00;37
6943;27;623553351;6943;402;7900;7934;5.58;0.34;267.20;6.18;957;28;2723.00;34
6947;27;623553361;6947;400;7900;7934;5.56;0.34;267.23;6.18;953;28;2724.00;34
6950;27;623553371;6950;398;7900;7934;5.52;0.34;267.28;6.18;950;28;2725.00;34
6955;27;623553381;6955;397;7901;7935;5.50;0.34;267.33;6.18;946;28;2726.00;34
6958;27;623553392;6958;388;7902;7936;5.56;0.34;267.41;6.18;944;28;2727.00;34
6964;27;623553403;6964;388;7902;7936;5.64;0.35;267.52;6.18;938;28;2728.00;34
6967;27;623553414;6967;383;7905;7937;5.72;0.35;267.61;6.19;938;28;2729.00;32
6970;27;623553427;6970;382;7905;7937;5.82;0.36;267.72;6.19;935;28;2730.00;32
6973;27;623553437;6973;376;7907;7937;5.97;0.37;267.73;6.19;934;28;2731.00;30
6978;27;623553449;6978;366;7907;7937;6.10;0.37;267.76;6.19;929;28;2732.00;30
6981;27;623553460;6981;359;7907;7937;6.25;0.38;267.70;6.19;926;28;2733.00;30
6984;27;623553472;6984;352;7907;7937;6.39;0.39;267.75;6.19;923;28;2734.00;30
6988;27;623553483;6988;350;7908;7937;6.45;0.40;267.75;6.19;920;28;2735.00;29
6990;27;623553494;6990;355;7974;8064;6.76;0.42;267.77;6.14;984;28;2736.00;90
6996;27;623553518;6996;351;7979;8065;6.81;0.42;267.91;6.14;983;28;2737.00;86
7001;27;623553530;7001;345;7987;8065;6.77;0.42;267.97;6.13;986;28;2738.00;78
7006;27;623553543;7006;343;7989;8065;6.70;0.42;267.99;6.13;983;28;2739.00;76
7010;27;623553556;7010;349;7993;8065;6.66;0.41;268.08;6.13;983;28;2740.00;72
7016;27;623553567;7016;347;7998;8065;6.60;0.41;268.21;6.13;982;28;2741.00;67
7020;27;623553580;7020;347;8000;8065;6.53;0.40;268.17;6.13;980;28;2742.00;65
7027;27;623553592;7027;345;8002;8065;6.45;0.40;268.29;6.13;975;28;2743.00;63
7032;27;623553604;7032;354;8005;8066;6.41;0.39;268.36;6.13;973;28;2744.00;61
7036;27;623553617;7036;360;8007;8068;6.37;0.39;268.43;6.13;971;28;2745.00;61
7041;27;623553629;7041;369;8010;8068;6.32;0.39;268.53;6.13;969;28;2746.00;58
7047;27;623553642;7047;369;8011;8069;6.25;0.38;268.60;6.13;964;28;2747.00;58
7049;27;623553654;7049;372;8015;8069;6.21;0.38;268.59;6.14;966;28;2748.00;54
7055;27;623553665;7055;378;8018;8069;6.14;0.38;268.66;6.14;963;28;2749.00;51
7058;27;623553678;7058;371;8019;8069;6.12;0.38;268.61;6.14;961;28;2750.00;50
7062;27;623553689;7062;372;8025;8073;6.12;0.38;268.62;6.14;963;28;2751.00;48
7063;27;623553702;7063;370;8027;8073;6.12;0.38;268.64;6.14;964;28;2752.00;46
7070;27;623553713;7070;378;8029;8073;6.10;0.37;268.80;6.15;959;28;2753.00;44
7071;27;623553727;7071;376;8031;8076;6.13;0.38;268.82;6.15;960;28;2754.00;45
7076;27;623553739;7076;383;8031;8076;6.14;0.38;268.92;6.15;955;28;2755.00;45
7081;27;623553751;7081;391;8033;8076;6.10;0.37;269.02;6.15;952;28;2756.00;43
7084;27;623553764;7084;393;8037;8080;6.14;0.38;268.99;6.15;953;28;2757.00;43
7088;27;623553776;7088;399;8040;8081;6.15;0.38;269.09;6.15;952;28;2758.00;41
7089;27;623553787;7089;405;8040;8081;6.12;0.37;269.13;6.15;951;28;2759.00;41
7090;27;623553800;7090;405;8046;8086;6.15;0.38;269.15;6.15;956;28;2760.00;40
7094;27;623553810;7094;412;8046;8086;6.09;0.37;269.11;6.15;952;28;2761.00;40
7095;27;623553821;7095;413;8046;8086;6.03;0.37;269.17;6.15;951;28;2762.00;40
7098;27;623553832;7098;410;8047;8087;6.01;0.37;269.21;6.15;949;28;2763.00;40
7102;27;623553844;7102;413;8047;8087;6.03;0.37;269.37;6.15;945;28;2764.00;40
7103;27;623553855;7103;412;8053;8093;6.01;0.37;269.34;6.20;950;28;2765.00;40
7107;27;623553867;7107;411;8053;8093;5.98;0.36;269.37;6.20;946;28;2766.00;40
7107;27;623553878;7107;403;8053;8094;5.95;0.36;269.37;6.20;946;28;2767.00;41
7111;27;623553894;7111;399;8053;8094;5.85;0.36;269.35;6.20;942;28;2768.00;41
7111;27;623553914;7111;388;8053;8094;5.83;0.36;269.35;6.20;942;28;2769.00;41
7114;27;623553930;7114;388;8053;8094;5.84;0.35;269.34;6.20;939;28;2770.00;41
7117;27;623553951;7117;378;8053;8094;5.82;0.35;269.39;6.20;936;28;2771.00;41
7119;27;623553967;7119;387;8063;8106;5.95;0.36;269.35;6.19;944;28;2772.00;43
7122;27;623553985;7122;389;8063;8106;5.92;0.36;269.36;6.19;941;28;2773.00;43
7123;27;623554012;7123;393;8064;8106;5.94;0.36;269.34;6.19;941;28;2774.00;42
7124;27;623554025;7124;397;8064;8106;5.96;0.36;269.34;6.19;940;28;2775.00;42
7125;27;623554045;7125;388;8064;8106;6.03;0.37;269.31;6.19;939;28;2776.00;42
7126;27;623554057;7126;378;8064;8106;6.06;0.37;269.29;6.19;938;28;2777.00;42
7128;27;623554072;7128;378;8067;8110;6.18;0.38;269.24;6.19;939;28;2778.00;43
7131;27;623554085;7131;367;8067;8110;6.23;0.38;269.32;6.19;936;28;2779.00;43
7131;27;623554098;7131;366;8072;8114;6.34;0.39;269.32;6.24;941;28;2780.00;42
7134;27;623554110;7134;354;8073;8115;6.29;0.38;269.24;6.24;939;28;2781.00;42
7136;27;623554123;7136;349;8073;8115;6.27;0.38;269.20;6.24;937;28;2782.00;42
7137;27;623554135;7137;343;8073;8115;6.24;0.38;269.18;6.24;936;28;2783.00;42
7137;27;623554147;7137;353;8084;8128;6.31;0.39;269.18;6.24;947;28;2784.00;44
7140;27;623554161;7140;352;8084;8128;6.28;0.38;269.09;6.24;944;28;2785.00;44
7142;27;623554172;7142;348;8084;8128;6.29;0.38;269.06;6.24;942;28;2786.00;44
7143;27;623554184;7143;351;8085;8129;6.32;0.39;269.04;6.23;942;28;2787.00;44
7147;27;623554196;7147;353;8085;8130;6.42;0.39;268.99;6.23;938;28;2788.00;45
7153;27;623554208;7153;354;8085;8130;6.46;0.39;268.96;6.23;932;28;2789.00;45
7153;27;623554222;7153;354;8089;8136;6.64;0.40;268.96;6.23;936;28;2790.00;47
7154;27;623554235;7154;348;8089;8136;6.66;0.40;268.96;6.23;935;28;2791.00;47
7156;27;623554246;7156;346;8091;8136;6.72;0.41;268.95;6.23;935;28;2792.00;45
7156;27;623554259;7156;343;8091;8136;6.75;0.41;268.95;6.23;935;28;2793.00;45
7159;27;623554278;7159;338;8096;8142;6.77;0.41;269.01;6.23;937;28;2794.00;46
7161;27;623554290;7161;343;8096;8142;6.80;0.41;269.06;6.23;935;28;2795.00;46
7163;27;623554302;7163;340;8096;8142;6.85;0.42;269.04;6.23;933;28;2796.00;46
7163;27;623554314;7163;340;8096;8142;6.89;0.42;269.04;6.23;933;28;2797.00;46
7166;27;623554327;7166;345;8099;8146;6.91;0.42;268.98;6.23;933;28;2798.00;47
7166;27;623554338;7166;342;8101;8147;6.96;0.42;268.98;6.28;935;28;2799.00;46
7169;27;623554351;7169;344;8101;8147;7.02;0.43;268.97;6.28;932;28;2800.00;46
7170;27;623554367;7170;342;8102;8148;7.06;0.43;268.95;6.28;932;28;2801.00;46
7171;27;623554378;7171;341;8102;8148;7.07;0.43;268.96;6.28;931;28;2802.00;46
7172;27;623554389;7172;332;8102;8148;7.11;0.43;268.95;6.28;930;28;2803.00;46
7175;27;623554400;7175;322;8102;8148;7.12;0.43;268.91;6.28;927;28;2804.00;46
7176;27;623554412;7176;317;8102;8148;7.18;0.44;268.93;6.28;926;28;2805.00;46
7177;27;623554424;7177;309;8102;8148;7.29;0.44;268.96;6.28;925;28;2806.00;46
7181;27;623554438;7181;293;8102;8148;7.40;0.45;268.96;6.28;921;28;2807.00;46
7182;27;623554450;7182;302;8144;8218;7.47;0.45;268.98;6.25;962;28;2808.00;74
7184;27;623554469;7184;289;8146;8219;7.55;0.46;268.98;6.25;962;28;2809.00;73
7185;27;623554481;7185;278;8152;8219;7.73;0.47;269.00;6.24;967;28;2810.00;67
7187;27;623554494;7187;267;8154;8219;7.88;0.48;268.99;6.24;967;28;2811.00;65
7187;27;623554507;7187;257;8156;8219;7.99;0.48;268.99;6.24;969;28;2812.00;63
7188;27;623554520;7188;252;8158;8219;8.13;0.49;268.99;6.24;970;28;2813.00;61
7190;27;623554533;7190;243;8160;8219;8.23;0.50;268.99;6.24;970;28;2814.00;59
7191;28;623554545;7191;243;8163;8219;8.28;0.50;268.98;6.30;972;29;2815.00;56
7195;28;623554582;7195;245;8165;8220;8.37;0.51;268.98;6.30;970;29;2816.00;55
7196;28;623554595;7196;249;8167;8221;8.43;0.51;268.97;6.30;971;29;2817.00;54
7199;28;623554616;7199;259;8169;8221;8.41;0.51;269.01;6.30;970;29;2818.00;52
7201;28;623554636;7201;251;8173;8225;8.38;0.51;269.00;6.30;972;29;2819.00;52
7201;28;623554653;7201;250;8174;8225;8.31;0.50;269.00;6.30;973;29;2820.00;51
7203;28;623554665;7203;254;8174;8225;8.23;0.50;268.97;6.30;971;29;2821.00;51
7204;28;623554678;7204;250;8174;8225;8.18;0.50;268.95;6.30;970;29;2822.00;51
7204;28;623554690;7204;248;8179;8231;8.17;0.50;268.95;6.30;975;29;2823.00;52
7207;28;623554702;7207;246;8179;8231;8.12;0.49;268.90;6.30;972;29;2824.00;52
7211;28;623554715;7211;247;8181;8231;8.07;0.49;268.97;6.32;970;29;2825.00;50
7215;28;623554729;7215;243;8183;8234;8.10;0.49;269.04;6.31;968;29;2826.00;51
7216;28;623554742;7216;249;8183;8234;8.05;0.49;269.10;6.31;967;29;2827.00;51
7220;28;623554754;7220;252;8184;8234;8.05;0.49;269.15;6.31;964;29;2828.00;50
7223;28;623554766;7223;248;8184;8235;8.07;0.49;269.22;6.31;961;29;2829.00;51
7225;29;623554778;7225;250;8185;8236;8.12;0.49;269.17;6.31;960;30;2830.00;51
7226;29;623554806;7226;247;8185;8236;8.20;0.50;269.17;6.31;959;30;2831.00;51
7232;29;623554819;7232;246;8195;8249;8.22;0.50;269.13;6.31;963;30;2832.00;54
7236;29;623554840;7236;241;8196;8249;8.25;0.50;269.23;6.30;960;30;2833.00;53
7237;29;623554853;7237;243;8196;8249;8.34;0.51;269.22;6.30;959;30;2834.00;53
7239;29;623554865;7239;249;8198;8251;8.39;0.51;269.21;6.30;959;30;2835.00;53
7244;29;623554877;7244;249;8198;8251;8.39;0.51;269.20;6.30;954;30;2836.00;53
7247;29;623554891;7247;245;8202;8255;8.40;0.51;269.26;6.30;955;30;2837.00;53
7249;29;623554904;7249;244;8202;8255;8.35;0.51;269.38;6.30;953;30;2838.00;53
7249;29;623554916;7249;244;8205;8259;8.26;0.50;269.38;6.30;956;30;2839.00;54
7253;29;623554927;7253;244;8205;8259;8.28;0.50;269.43;6.30;952;30;2840.00;54
7256;29;623554940;7256;243;8205;8259;8.24;0.50;269.41;6.30;949;30;2841.00;54
7257;29;623554951;7257;245;8205;8259;8.23;0.50;269.44;6.30;948;30;2842.00;54
7260;29;623554963;7260;245;8205;8259;8.23;0.50;269.49;6.30;945;30;2843.00;54
7260;29;623554975;7260;243;8215;8271;8.33;0.51;269.49;6.29;955;30;2844.00;56
7262;29;623554986;7262;250;8216;8271;8.39;0.51;269.53;6.29;954;30;2845.00;55
7264;29;623555003;7264;250;8216;8271;8.42;0.51;269.55;6.29;952;30;2846.00;55
7267;29;623555015;7267;256;8216;8271;8.44;0.51;269.65;6.29;949;30;2847.00;55
7270;29;623555026;7270;261;8216;8271;8.51;0.52;269.71;6.29;946;30;2848.00;55
7272;29;623555038;7272;266;8216;8271;8.47;0.51;269.71;6.29;944;30;2849.00;55
7275;29;623555051;7275;273;8219;8274;8.44;0.51;269.79;6.30;944;30;2850.00;55
7277;29;623555064;7277;275;8220;8274;8.46;0.51;269.77;6.31;943;30;2851.00;54
7278;29;623555075;7278;277;8226;8280;8.45;0.51;269.78;6.32;948;30;2852.00;54
7282;29;623555087;7282;278;8228;8281;8.38;0.51;269.85;6.34;946;30;2853.00;53
7283;29;623555105;7283;286;8229;8281;8.29;0.50;269.86;6.35;946;30;2854.00;52
7289;29;623555117;7289;288;8229;8281;8.14;0.49;269.92;6.35;940;30;2855.00;52
7292;29;623555129;7292;292;8232;8285;8.08;0.49;269.94;6.35;940;30;2856.00;53
7294;29;623555140;7294;296;8234;8285;8.00;0.49;269.97;6.37;940;30;2857.00;51
7296;29;623555157;7296;300;8234;8285;7.92;0.48;269.95;6.37;938;30;2858.00;51
7299;29;623555168;7299;304;8236;8286;7.87;0.48;270.03;6.38;937;30;2859.00;50
7301;29;623555180;7301;305;8240;8290;7.79;0.47;270.07;6.39;939;30;2860.00;50
7302;29;623555192;7302;309;8242;8290;7.77;0.47;270.13;6.41;940;30;2861.00;48
7304;29;623555202;7304;314;8244;8293;7.75;0.47;270.15;6.41;940;30;2862.00;49
7306;29;623555213;7306;316;8246;8293;7.69;0.47;270.22;6.42;940;30;2863.00;47
7309;29;623555224;7309;323;8250;8295;7.64;0.47;270.32;6.43;941;30;2864.00;45
7312;29;623555235;7312;322;8252;8295;7.55;0.46;270.39;6.45;940;30;2865.00;43
7315;29;623555247;7315;328;8256;8299;7.54;0.46;270.46;6.44;941;30;2866.00;43
7320;29;623555258;7320;326;8258;8299;7.44;0.45;270.49;6.46;938;30;2867.00;41
7322;29;623555270;7322;328;8258;8299;7.37;0.45;270.50;6.46;936;30;2868.00;41
7325;29;623555280;7325;328;8260;8299;7.29;0.45;270.60;6.47;935;30;2869.00;39
7330;29;623555291;7330;326;8261;8300;7.23;0.44;270.60;6.48;931;30;2870.00;39
7335;29;623555302;7335;325;8263;8301;7.15;0.44;270.61;6.48;928;30;2871.00;38
7338;29;623555314;7338;329;8263;8301;7.08;0.43;270.71;6.48;925;30;2872.00;38
7339;29;623555324;7339;325;8266;8302;7.05;0.43;270.68;6.49;927;30;2873.00;36
7340;29;623555335;7340;322;8266;8302;7.04;0.43;270.76;6.49;926;30;2874.00;36
7340;29;623555346;7340;324;8266;8302;6.99;0.43;270.76;6.49;926;30;2875.00;36
7343;29;623555356;7343;330;8268;8302;6.98;0.43;270.79;6.50;925;30;2876.00;34
7345;29;623555366;7345;336;8268;8302;6.96;0.42;270.80;6.50;923;30;2877.00;34
7347;29;623555382;7347;336;8268;8302;7.00;0.43;270.86;6.50;921;30;2878.00;34
7350;29;623555393;7350;338;8270;8302;6.99;0.42;270.89;6.50;920;30;2879.00;32
7354;29;623555405;7354;372;8372;8532;7.08;0.44;270.94;6.42;1018;30;2880.00;160
7356;29;623555433;7356;363;8376;8533;7.05;0.44;271.02;6.42;1020;30;2881.00;157
7359;29;623555444;7359;350;8388;8533;7.09;0.44;271.05;6.42;1029;30;2882.00;145
7361;29;623555455;7361;340;8393;8533;7.02;0.44;271.11;6.42;1032;30;2883.00;140
7366;29;623555466;7366;342;8402;8533;6.94;0.43;271.08;6.42;1036;30;2884.00;131
7368;29;623555478;7368;340;8408;8533;6.87;0.43;271.05;6.42;1040;30;2885.00;125
7371;29;623555489;7371;345;8416;8533;6.81;0.42;271.13;6.42;1045;30;2886.00;117
7377;29;623555500;7377;348;8425;8533;6.71;0.41;271.30;6.42;1048;30;2887.00;108
7378;29;623555511;7378;352;8434;8534;6.59;0.41;271.35;6.42;1056;30;2888.00;100
7381;29;623555522;7381;368;8440;8535;6.46;0.40;271.49;6.42;1059;30;2889.00;95
7385;29;623555534;7385;359;8444;8535;6.32;0.39;271.70;6.42;1059;30;2890.00;91
7386;29;623555545;7386;361;8445;8536;6.23;0.39;271.73;6.43;1059;30;2891.00;91
7391;29;623555556;7391;358;8449;8536;6.04;0.38;271.80;6.43;1058;30;2892.00;87
7393;29;623555567;7393;356;8452;8536;5.88;0.37;271.84;6.43;1059;30;2893.00;84
7395;29;623555578;7395;366;8455;8536;5.76;0.36;271.93;6.43;1060;30;2894.00;81
7401;29;623555590;7401;376;8460;8540;5.59;0.35;272.00;6.43;1059;30;2895.00;80
7408;29;623555603;7408;392;8463;8540;5.44;0.34;272.08;6.44;1055;30;2896.00;77
7411;29;623555614;7411;403;8467;8540;5.35;0.33;272.08;6.44;1056;30;2897.00;73
7413;29;623555625;7413;409;8469;8543;5.35;0.33;272.10;6.44;1056;30;2898.00;74
7416;29;623555637;7416;413;8471;8543;5.38;0.33;272.10;6.44;1055;30;2899.00;72
7418;29;623555649;7418;400;8473;8543;5.35;0.33;272.13;6.45;1055;30;2900.00;70
7421;29;623555663;7421;402;8477;8547;5.31;0.33;272.16;6.45;1056;30;2901.00;70
7426;29;623555675;7426;400;8479;8548;5.29;0.33;272.27;6.45;1053;30;2902.00;69
7428;29;623555686;7428;406;8481;8548;5.31;0.33;272.27;6.45;1053;30;2903.00;67
7429;29;623555697;7429;409;8486;8552;5.36;0.33;272.26;6.46;1057;30;2904.00;66
7434;29;623555709;7434;411;8488;8552;5.36;0.33;272.35;6.46;1054;30;2905.00;64
7438;29;623555720;7438;411;8491;8552;5.44;0.34;272.38;6.47;1053;30;2906.00;61
7441;29;623555731;7441;408;8493;8553;5.54;0.34;272.44;6.47;1052;30;2907.00;60
7444;29;623555748;7444;408;8493;8553;5.62;0.35;272.58;6.47;1049;30;2908.00;60
7451;29;623555759;7451;411;8500;8559;5.58;0.34;272.61;6.47;1049;30;2909.00;59
7454;29;623555773;7454;419;8501;8559;5.57;0.34;272.67;6.53;1047;30;2910.00;58
7456;29;623555785;7456;421;8502;8560;5.60;0.34;272.73;6.54;1046;30;2911.00;58
7459;29;623555796;7459;429;8502;8560;5.58;0.34;272.72;6.54;1043;30;2912.00;58
7464;29;623555808;7464;434;8503;8560;5.55;0.34;272.77;6.54;1039;30;2913.00;57
7470;29;623555819;7470;436;8505;8560;5.58;0.34;272.79;6.54;1035;30;2914.00;55
7474;29;623555831;7474;442;8506;8560;5.56;0.34;272.85;6.55;1032;30;2915.00;54
7477;29;623555842;7477;444;8515;8572;5.61;0.35;272.88;6.54;1038;30;2916.00;57
7480;29;623555854;7480;446;8516;8572;5.54;0.34;272.96;6.54;1036;30;2917.00;56
7481;29;623555865;7481;458;8517;8572;5.51;0.34;272.95;6.54;1036;30;2918.00;55
7486;29;623555875;7486;468;8517;8572;5.37;0.33;273.06;6.54;1031;30;2919.00;55
7491;29;623555886;7491;466;8518;8572;5.26;0.32;273.01;6.54;1027;30;2920.00;54
7495;29;623555903;7495;472;8518;8572;5.21;0.32;272.96;6.54;1023;30;2921.00;54
7499;29;623555925;7499;474;8522;8576;5.19;0.32;272.95;6.54;1023;30;2922.00;54
7506;29;623555945;7506;479;8523;8576;5.10;0.31;272.94;6.55;1017;30;2923.00;53
7507;29;623555962;7507;486;8527;8580;5.14;0.32;272.91;6.54;1020;30;2924.00;53
7511;29;623555978;7511;489;8530;8582;5.11;0.32;272.95;6.54;1019;30;2925.00;52
7513;29;623555995;7513;488;8530;8582;5.08;0.31;272.98;6.54;1017;30;2926.00;52
7515;29;623556011;7515;483;8531;8582;5.08;0.31;272.95;6.60;1016;30;2927.00;51
7522;29;623556023;7522;485;8541;8595;5.14;0.32;272.92;6.59;1019;30;2928.00;54
7525;29;623556035;7525;487;8541;8595;5.13;0.32;272.91;6.59;1016;30;2929.00;54
7528;29;623556048;7528;487;8541;8595;5.16;0.32;272.89;6.59;1013;30;2930.00;54
7531;29;623556060;7531;486;8542;8596;5.14;0.32;272.89;6.59;1011;30;2931.00;54
7534;29;623556072;7534;488;8543;8597;5.14;0.32;272.82;6.66;1009;30;2932.00;54
7536;29;623556083;7536;491;8543;8597;5.15;0.32;272.78;6.66;1007;30;2933.00;54
7540;29;623556095;7540;498;8545;8600;5.17;0.32;272.84;6.65;1005;30;2934.00;55
7541;29;623556107;7541;503;8545;8600;5.25;0.32;272.82;6.65;1004;30;2935.00;55
7545;29;623556119;7545;511;8546;8600;5.24;0.32;272.78;6.65;1001;30;2936.00;54
7546;29;623556130;7546;498;8547;8600;5.18;0.32;272.76;6.71;1001;30;2937.00;53
7551;29;623556142;7551;495;8552;8606;5.20;0.32;272.84;6.71;1001;30;2938.00;54
7559;29;623556154;7559;486;8552;8606;5.14;0.31;272.72;6.71;993;30;2939.00;54
7563;29;623556167;7563;485;8552;8606;5.10;0.31;272.68;6.71;989;30;2940.00;54
7565;29;623556178;7565;482;8552;8606;5.05;0.31;272.65;6.71;987;30;2941.00;54
7569;29;623556189;7569;494;8555;8610;5.06;0.31;272.60;6.70;986;30;2942.00;55
7572;29;623556200;7572;499;8556;8611;5.08;0.31;272.60;6.70;984;30;2943.00;55
7574;29;623556211;7574;501;8556;8611;5.13;0.31;272.58;6.70;982;30;2944.00;55
7575;29;623556222;7575;504;8557;8612;5.16;0.31;272.55;6.70;982;30;2945.00;55
7577;29;623556233;7577;496;8558;8612;5.18;0.32;272.51;6.76;981;30;2946.00;54
7578;29;623556244;7578;485;8558;8612;5.22;0.32;272.52;6.76;980;30;2947.00;54
7579;29;623556257;7579;467;8558;8612;5.29;0.32;272.50;6.76;979;30;2948.00;54
7579;29;623556268;7579;455;8558;8612;5.31;0.32;272.50;6.76;979;30;2949.00;54
7581;29;623556289;7581;450;8558;8612;5.32;0.32;272.49;6.76;977;30;2950.00;54
7583;29;623556301;7583;439;8558;8612;5.36;0.33;272.50;6.76;975;30;2951.00;54
7585;29;623556313;7585;442;8592;8682;5.54;0.34;272.50;6.73;1007;30;2952.00;90
7585;29;623556330;7585;439;8592;8683;5.62;0.34;272.50;6.73;1007;30;2953.00;91
7585;29;623556343;7585;435;8599;8683;5.75;0.35;272.50;6.73;1014;30;2954.00;84
7586;29;623556355;7586;428;8602;8683;5.86;0.36;272.48;6.73;1016;30;2955.00;81
7587;29;623556367;7587;414;8604;8683;5.91;0.36;272.49;6.73;1017;30;2956.00;79
7589;29;623556380;7589;407;8606;8683;6.02;0.37;272.47;6.73;1017;30;2957.00;77
7590;29;623556392;7590;394;8608;8683;6.15;0.37;272.48;6.73;1018;30;2958.00;75
7591;29;623556404;7591;385;8610;8683;6.30;0.38;272.53;6.73;1019;30;2959.00;73
7592;29;623556418;7592;369;8613;8684;6.41;0.39;272.60;6.78;1021;30;2960.00;71
7594;29;623556431;7594;364;8615;8685;6.51;0.39;272.61;6.78;1021;30;2961.00;70
7595;29;623556445;7595;358;8617;8685;6.65;0.40;272.61;6.78;1022;30;2962.00;68
7599;30;623556458;7599;351;8622;8689;6.73;0.41;272.56;6.78;1023;31;2963.00;67
7600;30;623556491;7600;348;8623;8689;6.83;0.41;272.60;6.78;1023;31;2964.00;66
7602;30;623556505;7602;351;8623;8689;6.93;0.42;272.61;6.78;1021;31;2965.00;66
7604;30;623556519;7604;347;8623;8689;7.02;0.43;272.58;6.78;1019;31;2966.00;66
7604;30;623556532;7604;342;8627;8695;7.11;0.43;272.58;6.77;1023;31;2967.00;68
7604;30;623556546;7604;335;8627;8695;7.16;0.43;272.58;6.77;1023;31;2968.00;68
7604;30;623556565;7604;331;8627;8695;7.23;0.44;272.58;6.77;1023;31;2969.00;68
7605;30;623556593;7605;323;8631;8701;7.33;0.44;272.58;6.77;1026;31;2970.00;70
7607;30;623556606;7607;327;8631;8701;7.40;0.45;272.57;6.77;1024;31;2971.00;70
7610;30;623556620;7610;318;8633;8701;7.49;0.45;272.59;6.77;1023;31;2972.00;68
7610;30;623556634;7610;310;8633;8702;7.59;0.46;272.59;6.77;1023;31;2973.00;69
7610;30;623556647;7610;304;8634;8703;7.63;0.46;272.59;6.77;1024;31;2974.00;69
7612;30;623556661;7612;302;8634;8703;7.65;0.46;272.62;6.77;1022;31;2975.00;69
7612;30;623556674;7612;304;8643;8716;7.74;0.47;272.62;6.76;1031;31;2976.00;73
7612;30;623556688;7612;303;8643;8716;7.80;0.47;272.62;6.76;1031;31;2977.00;73
7614;30;623556702;7614;304;8643;8716;7.92;0.48;272.60;6.76;1029;31;2978.00;73
7616;30;623556715;7616;302;8644;8717;8.01;0.48;272.62;6.76;1028;31;2979.00;73
7616;30;623556729;7616;297;8644;8717;8.07;0.49;272.62;6.76;1028;31;2980.00;73
7618;30;623556742;7618;296;8647;8721;8.13;0.49;272.60;6.76;1029;31;2981.00;74
7621;30;623556756;7621;298;8647;8721;8.17;0.49;272.58;6.76;1026;31;2982.00;74
7624;30;623556771;7624;297;8650;8725;8.20;0.50;272.63;6.76;1026;31;2983.00;75
7625;30;623556786;7625;290;8650;8725;8.25;0.50;272.64;6.76;1025;31;2984.00;75
7626;30;623556800;7626;286;8650;8725;8.28;0.50;272.65;6.76;1024;31;2985.00;75
7628;30;623556814;7628;289;8650;8725;8.34;0.50;272.67;6.76;1022;31;2986.00;75
7632;30;623556828;7632;286;8650;8725;8.33;0.50;272.74;6.76;1018;31;2987.00;75
7633;30;623556843;7633;289;8660;8737;8.33;0.50;272.78;6.75;1027;31;2988.00;77
7636;30;623556858;7636;290;8661;8737;8.34;0.50;272.86;6.75;1025;31;2989.00;76
7640;30;623556872;7640;284;8662;8737;8.26;0.50;272.85;6.75;1022;31;2990.00;75
7645;30;623556887;7645;283;8663;8737;8.21;0.50;272.92;6.81;1018;31;2991.00;74
7648;30;623556909;7648;277;8663;8737;8.13;0.49;272.93;6.81;1015;31;2992.00;74
7653;30;623556922;7653;273;8663;8737;8.09;0.49;273.01;6.81;1010;31;2993.00;74
7657;30;623556942;7657;267;8665;8738;8.00;0.48;273.03;6.81;1008;31;2994.00;73
7659;30;623556955;7659;263;8667;8738;7.95;0.48;273.10;6.84;1008;31;2995.00;71
7662;30;623556969;7662;258;8671;8744;7.98;0.48;273.14;6.83;1009;31;2996.00;73
7664;30;623556983;7664;269;8672;8745;7.97;0.48;273.23;6.83;1008;31;2997.00;73
7669;30;623556997;7669;268;8672;8745;7.91;0.48;273.27;6.83;1003;31;2998.00;73
7670;30;623557010;7670;263;8672;8745;7.94;0.48;273.25;6.83;1002;31;2999.00;73
7675;30;623557027;7675;267;8677;8765;7.94;0.48;273.25;6.83;1002;31;3000.00;88
7676;30;623557048;7676;260;8677;8765;8.00;0.48;273.28;6.83;1001;31;3001.00;88
7680;30;623557061;7680;259;8677;8765;8.00;0.48;273.28;6.83;997;31;3002.00;88
7682;30;623557074;7682;256;8678;8766;8.02;0.48;273.28;6.83;996;31;3003.00;88
7685;30;623557087;7685;259;8681;8770;8.01;0.48;273.37;6.83;996;31;3004.00;89
7687;30;623557100;7687;254;8681;8770;8.01;0.48;273.35;6.83;994;31;3005.00;89
7689;30;623557112;7689;256;8686;8773;7.97;0.48;273.43;6.88;997;31;3006.00;87
7691;30;623557125;7691;253;8689;8773;7.96;0.48;273.41;6.89;998;31;3007.00;84
7693;30;623557138;7693;256;8690;8773;7.93;0.48;273.38;6.90;997;31;3008.00;83
7696;30;623557150;7696;254;8691;8773;7.97;0.48;273.43;6.91;995;31;3009.00;82
7698;30;623557163;7698;252;8695;8777;7.97;0.48;273.46;6.91;997;31;3010.00;82
7699;30;623557176;7699;256;8697;8777;8.01;0.49;273.46;6.92;998;31;3011.00;80
7701;30;623557188;7701;256;8699;8777;8.02;0.49;273.58;6.92;998;31;3012.00;78
7703;30;623557200;7703;252;8702;8777;8.05;0.49;273.54;6.92;999;31;3013.00;75
7704;30;623557212;7704;254;8703;8778;8.12;0.49;273.54;6.92;999;31;3014.00;75
7707;30;623557225;7707;251;8706;8780;8.14;0.50;273.59;6.92;999;31;3015.00;74
7710;30;623557237;7710;252;8706;8780;8.18;0.50;273.57;6.92;996;31;3016.00;74
7713;30;623557250;7713;252;8709;8781;8.19;0.50;273.60;6.93;996;31;3017.00;72
7718;30;623557263;7718;252;8709;8781;8.22;0.50;273.71;6.93;991;31;3018.00;72
7719;30;623557276;7719;257;8709;8781;8.28;0.50;273.71;6.93;990;31;3019.00;72
7725;30;623557288;7725;262;8710;8781;8.30;0.51;273.82;6.94;985;31;3020.00;71
7729;30;623557300;7729;268;8712;8781;8.29;0.51;273.90;6.96;983;31;3021.00;69
7733;30;623557312;7733;269;8712;8781;8.30;0.51;274.02;6.96;979;31;3022.00;69
7737;30;623557325;7737;272;8715;8781;8.23;0.50;274.15;6.99;978;31;3023.00;66
7738;30;623557337;7738;288;8778;8908;8.24;0.51;274.20;6.94;1040;31;3024.00;130
7739;30;623557359;7739;284;8782;8909;8.25;0.51;274.27;6.93;1043;31;3025.00;127
7742;30;623557371;7742;281;8791;8909;8.18;0.50;274.31;6.95;1049;31;3026.00;118
7745;30;623557395;7745;286;8795;8909;8.12;0.50;274.42;6.95;1050;31;3027.00;114
7750;30;623557408;7750;284;8804;8909;8.07;0.50;274.63;6.97;1054;31;3028.00;105
7752;30;623557420;7752;286;8808;8909;7.95;0.49;274.68;6.97;1056;31;3029.00;101
7754;30;623557434;7754;293;8812;8909;7.83;0.48;274.72;6.99;1058;31;3030.00;97
7757;30;623557446;7757;295;8815;8909;7.79;0.48;274.82;6.99;1058;31;3031.00;94
7758;30;623557458;7758;302;8820;8910;7.77;0.48;274.83;7.00;1062;31;3032.00;90
7759;30;623557472;7759;303;8824;8911;7.70;0.47;274.83;7.01;1065;31;3033.00;87
7762;30;623557484;7762;308;8827;8911;7.64;0.47;274.95;7.02;1065;31;3034.00;84
7768;30;623557497;7768;313;8832;8912;7.50;0.46;275.08;7.03;1064;31;3035.00;80
7769;30;623557511;7769;317;8834;8912;7.39;0.46;275.06;7.04;1065;31;3036.00;78
7774;30;623557523;7774;314;8838;8912;7.29;0.45;275.11;7.05;1064;31;3037.00;74
7778;30;623557536;7778;324;8839;8912;7.22;0.44;275.17;7.05;1061;31;3038.00;73
7780;30;623557548;7780;319;8846;8916;7.14;0.44;275.16;7.07;1066;31;3039.00;70
7784;30;623557561;7784;316;8848;8916;7.02;0.43;275.20;7.07;1064;31;3040.00;68
7786;30;623557573;7786;317;8851;8916;6.99;0.43;275.18;7.07;1065;31;3041.00;65
7789;30;623557585;7789;321;8855;8919;6.95;0.43;275.27;7.10;1066;31;3042.00;64
7793;30;623557599;7793;316;8856;8919;6.96;0.43;275.33;7.10;1063;31;3043.00;63
7799;30;623557611;7799;315;8857;8919;6.93;0.42;275.39;7.10;1058;31;3044.00;62
7800;30;623557623;7800;320;8861;8923;6.89;0.42;275.38;7.10;1061;31;3045.00;62
7805;30;623557636;7805;326;8863;8924;6.84;0.42;275.41;7.11;1058;31;3046.00;61
7810;30;623557649;7810;319;8866;8924;6.77;0.41;275.41;7.12;1056;31;3047.00;58
7811;30;623557667;7811;322;8871;8928;6.81;0.42;275.40;7.12;1060;31;3048.00;57
7813;30;623557679;7813;326;8873;8928;6.78;0.41;275.48;7.12;1060;31;3049.00;55
7815;30;623557692;7815;324;8874;8928;6.76;0.41;275.51;7.13;1059;31;3050.00;54
7817;30;623557703;7817;328;8875;8929;6.71;0.41;275.50;7.13;1058;31;3051.00;54
7822;30;623557721;7822;330;8876;8929;6.61;0.40;275.60;7.13;1054;31;3052.00;53
7826;30;623557733;7826;334;8882;8935;6.59;0.40;275.61;7.13;1056;31;3053.00;53
7829;30;623557745;7829;328;8883;8935;6.50;0.40;275.63;7.13;1054;31;3054.00;52
7836;30;623557757;7836;340;8884;8936;6.39;0.39;275.81;7.13;1048;31;3055.00;52
7841;30;623557769;7841;345;8884;8936;6.29;0.39;275.87;7.13;1043;31;3056.00;52
7842;30;623557781;7842;350;8884;8936;6.20;0.38;275.90;7.13;1042;31;3057.00;52
7845;30;623557792;7845;354;8885;8936;6.08;0.37;275.98;7.14;1040;31;3058.00;51
7851;30;623557803;7851;360;8885;8936;5.88;0.36;276.00;7.14;1034;31;3059.00;51
7853;30;623557815;7853;358;8915;8972;5.96;0.37;276.07;7.12;1062;31;3060.00;57
7856;30;623557829;7856;361;8915;8972;5.91;0.37;276.12;7.12;1059;31;3061.00;57
7860;30;623557840;7860;364;8918;8972;5.89;0.36;276.19;7.12;1058;31;3062.00;54
7863;30;623557851;7863;366;8918;8972;5.87;0.36;276.29;7.12;1055;31;3063.00;54
7868;30;623557862;7868;369;8919;8972;5.85;0.36;276.26;7.12;1051;31;3064.00;53
7872;30;623557873;7872;369;8920;8972;5.86;0.36;276.27;7.13;1048;31;3065.00;52
7876;30;623557884;7876;376;8926;8976;5.82;0.36;276.28;7.13;1050;31;3066.00;50
7881;30;623557899;7881;377;8927;8976;5.82;0.36;276.42;7.14;1046;31;3067.00;49
7882;30;623557919;7882;381;8931;8980;5.89;0.36;276.39;7.13;1049;31;3068.00;49
7888;30;623557938;7888;376;8933;8981;5.85;0.36;276.51;7.14;1045;31;3069.00;48
7893;30;623557966;7893;375;8933;8981;5.80;0.36;276.61;7.14;1040;31;3070.00;48
7897;30;623557985;7897;383;8934;8981;5.77;0.36;276.65;7.20;1037;31;3071.00;47
7902;30;623558003;7902;382;8945;8994;5.81;0.36;276.74;7.19;1043;31;3072.00;49
7906;30;623558019;7906;383;8945;8994;5.78;0.36;276.80;7.19;1039;31;3073.00;49
7911;30;623558034;7911;378;8945;8994;5.74;0.35;276.77;7.19;1034;31;3074.00;49
7917;30;623558047;7917;375;8946;8995;5.69;0.35;276.86;7.19;1029;31;3075.00;49
7917;30;623558059;7917;378;8946;8996;5.67;0.35;276.86;7.19;1029;31;3076.00;50
7924;30;623558072;7924;379;8946;8996;5.52;0.34;276.73;7.19;1022;31;3077.00;50
7925;30;623558085;7925;383;8948;8999;5.48;0.34;276.71;7.19;1023;31;3078.00;51
7927;30;623558097;7927;388;8948;8999;5.44;0.33;276.72;7.19;1021;31;3079.00;51
7929;30;623558112;7929;396;8949;8999;5.45;0.34;276.68;7.18;1020;31;3080.00;50
7933;30;623558125;7933;395;8949;8999;5.36;0.33;276.70;7.18;1016;31;3081.00;50
7935;30;623558138;7935;399;8954;9005;5.34;0.33;276.71;7.18;1019;31;3082.00;51
7939;30;623558150;7939;410;8954;9005;5.29;0.33;276.67;7.18;1015;31;3083.00;51
7944;30;623558163;7944;404;8954;9005;5.20;0.32;276.61;7.18;1010;31;3084.00;51
7949;30;623558176;7949;409;8954;9005;5.10;0.32;276.54;7.18;1005;31;3085.00;51
7952;30;623558187;7952;414;8957;9009;5.09;0.31;276.56;7.18;1005;31;3086.00;52
7956;30;623558198;7956;422;8958;9010;5.06;0.31;276.65;7.18;1002;31;3087.00;52
7959;30;623558209;7959;430;8958;9010;5.05;0.31;276.62;7.18;999;31;3088.00;52
7964;30;623558220;7964;436;8959;9011;5.04;0.31;276.60;7.18;995;31;3089.00;52
7966;30;623558234;7966;440;8959;9011;4.99;0.31;276.59;7.18;993;31;3090.00;52
7976;30;623558244;7976;442;8959;9011;4.94;0.30;276.50;7.18;983;31;3091.00;52
7979;30;623558256;7979;454;8959;9011;4.88;0.30;276.45;7.18;980;31;3092.00;52
7982;30;623558267;7982;456;8959;9011;4.86;0.30;276.46;7.18;977;31;3093.00;52
7985;30;623558278;7985;461;8959;9011;4.82;0.30;276.49;7.18;974;31;3094.00;52
7986;30;623558289;7986;468;8959;9011;4.80;0.30;276.48;7.18;973;31;3095.00;52
7988;30;623558299;7988;483;8999;9081;5.05;0.31;276.49;7.15;1011;31;3096.00;82
7992;30;623558315;7992;475;9000;9082;4.96;0.31;276.49;7.21;1008;31;3097.00;82
7995;30;623558326;7995;469;9007;9082;4.98;0.31;276.44;7.21;1012;31;3098.00;75
7996;30;623558337;7996;477;9008;9082;4.94;0.30;276.43;7.20;1012;31;3099.00;74
8000;30;623558349;8000;473;9011;9082;4.88;0.30;276.45;7.20;1011;31;3100.00;71
8001;30;623558364;8001;479;9014;9082;4.87;0.30;276.44;7.20;1013;31;3101.00;68
8002;30;623558376;8002;481;9017;9082;4.84;0.30;276.44;7.20;1015;31;3102.00;65
8005;30;623558387;8005;489;9020;9082;4.79;0.29;276.45;7.20;1015;31;3103.00;62
8010;30;623558399;8010;490;9022;9083;4.74;0.29;276.40;7.20;1012;31;3104.00;61
8014;30;623558410;8014;491;9025;9085;4.73;0.29;276.44;7.20;1011;31;3105.00;60
8016;30;623558422;8016;497;9027;9085;4.73;0.29;276.41;7.20;1011;31;3106.00;58
8016;30;623558433;8016;471;9031;9089;4.79;0.29;276.41;7.20;1015;31;3107.00;58
8019;30;623558445;8019;456;9032;9089;4.82;0.29;276.37;7.20;1013;31;3108.00;57
8019;30;623558457;8019;440;9032;9089;4.89;0.30;276.37;7.20;1013;31;3109.00;57
8021;30;623558469;8021;433;9032;9089;4.97;0.30;276.34;7.20;1011;31;3110.00;57
8024;30;623558481;8024;432;9037;9095;5.09;0.31;276.40;7.20;1013;31;3111.00;58
8024;30;623558494;8024;435;9037;9095;5.21;0.32;276.40;7.20;1013;31;3112.00;58
8025;30;623558506;8025;435;9038;9095;5.30;0.32;276.39;7.26;1013;31;3113.00;57
8025;30;623558525;8025;431;9040;9098;5.37;0.33;276.39;7.26;1015;31;3114.00;58
8026;30;623558537;8026;430;9040;9098;5.39;0.33;276.37;7.26;1014;31;3115.00;58
8029;30;623558561;8029;410;9041;9098;5.43;0.33;276.35;7.26;1012;31;3116.00;57
8030;30;623558580;8030;405;9041;9099;5.49;0.34;276.36;7.26;1011;31;3117.00;58
8034;30;623558592;8034;389;9042;9100;5.55;0.34;276.26;7.26;1008;31;3118.00;58
8034;30;623558605;8034;370;9042;9100;5.63;0.34;276.26;7.26;1008;31;3119.00;58
8035;30;623558619;8035;372;9061;9126;5.84;0.36;276.24;7.24;1026;31;3120.00;65
8039;30;623558634;8039;355;9062;9126;5.96;0.36;276.15;7.24;1023;31;3121.00;64
8040;30;623558648;8040;345;9064;9126;6.11;0.37;276.16;7.24;1024;31;3122.00;62
8043;30;623558660;8043;338;9065;9127;6.23;0.38;276.12;7.24;1022;31;3123.00;62
8044;30;623558674;8044;335;9065;9127;6.37;0.39;276.12;7.24;1021;31;3124.00;62
8045;30;623558687;8045;329;9069;9131;6.52;0.40;276.16;7.24;1024;31;3125.00;62
8045;30;623558700;8045;325;9069;9131;6.69;0.41;276.16;7.24;1024;31;3126.00;62
8046;30;623558714;8046;322;9072;9135;6.77;0.41;276.15;7.24;1026;31;3127.00;63
8049;30;623558727;8049;317;9072;9135;6.87;0.42;276.14;7.24;1023;31;3128.00;63
8049;30;623558741;8049;308;9072;9135;6.99;0.43;276.14;7.24;1023;31;3129.00;63
8052;30;623558755;8052;306;9072;9135;7.08;0.43;276.16;7.24;1020;31;3130.00;63
8056;30;623558767;8056;287;9072;9135;7.17;0.43;276.19;7.24;1016;31;3131.00;63
8060;30;623558781;8060;289;9081;9147;7.23;0.44;276.19;7.23;1021;31;3132.00;66
8060;30;623558796;8060;281;9082;9147;7.39;0.45;276.19;7.23;1022;31;3133.00;65
8062;30;623558809;8062;273;9083;9147;7.53;0.46;276.22;7.23;1021;31;3134.00;64
8064;30;623558822;8064;264;9084;9147;7.63;0.46;276.31;7.29;1020;31;3135.00;63
8064;30;623558838;8064;254;9084;9147;7.77;0.47;276.31;7.29;1020;31;3136.00;63
8066;30;623558851;8066;247;9084;9147;7.82;0.48;276.43;7.29;1018;31;3137.00;63
8068;30;623558865;8068;245;9084;9148;7.91;0.48;276.41;7.29;1016;31;3138.00;64
8071;30;623558878;8071;238;9084;9148;7.92;0.48;276.45;7.29;1013;31;3139.00;64
8074;30;623558899;8074;234;9089;9154;8.01;0.49;276.49;7.29;1015;31;3140.00;65
8078;30;623558914;8078;233;9090;9155;8.07;0.49;276.51;7.29;1012;31;3141.00;65
8079;30;623558927;8079;236;9090;9155;8.10;0.49;276.57;7.29;1011;31;3142.00;65
8081;30;623558941;8081;231;9090;9155;8.19;0.50;276.56;7.29;1009;31;3143.00;65
8085;30;623558954;8085;227;9093;9159;8.25;0.50;276.66;7.29;1008;31;3144.00;66
8087;30;623558967;8087;227;9093;9159;8.29;0.50;276.73;7.29;1006;31;3145.00;66
8088;30;623558980;8088;231;9093;9159;8.37;0.51;276.82;7.29;1005;31;3146.00;66
8093;30;623558993;8093;232;9094;9160;8.44;0.51;276.84;7.29;1001;31;3147.00;66
8096;30;623559006;8096;234;9097;9164;8.45;0.51;276.95;7.28;1001;31;3148.00;67
8097;30;623559020;8097;239;9097;9164;8.49;0.51;276.94;7.28;1000;31;3149.00;67
8099;30;623559035;8099;240;9101;9170;8.63;0.52;276.97;7.28;1002;31;3150.00;69
8100;30;623559049;8100;242;9101;9170;8.68;0.53;277.00;7.28;1001;31;3151.00;69
8102;30;623559062;8102;243;9103;9170;8.79;0.53;277.02;7.28;1001;31;3152.00;67
8103;30;623559075;8103;243;9103;9170;8.84;0.54;277.02;7.28;1000;31;3153.00;67
8104;30;623559088;8104;243;9107;9174;8.88;0.54;277.00;7.28;1003;31;3154.00;67
8107;30;623559101;8107;243;9107;9174;8.80;0.54;277.06;7.28;1000;31;3155.00;67
8111;30;623559115;8111;244;9107;9174;8.73;0.53;277.18;7.28;996;31;3156.00;67
8116;30;623559128;8116;241;9107;9174;8.65;0.53;277.16;7.28;991;31;3157.00;67
8119;30;623559141;8119;246;9107;9175;8.64;0.52;277.29;7.28;988;31;3158.00;68
8122;30;623559153;8122;242;9108;9176;8.67;0.53;277.30;7.28;986;31;3159.00;68
8124;30;623559167;8124;242;9108;9176;8.63;0.52;277.33;7.28;984;31;3160.00;68
8126;30;623559179;8126;240;9109;9177;8.56;0.52;277.30;7.28;983;31;3161.00;68
8131;30;623559192;8131;231;9110;9177;8.52;0.52;277.35;7.35;979;31;3162.00;67
8134;30;623559205;8134;230;9110;9177;8.47;0.51;277.37;7.35;976;31;3163.00;67
8138;30;623559218;8138;227;9111;9177;8.45;0.51;277.37;7.36;973;31;3164.00;66
8142;30;623559231;8142;231;9111;9177;8.43;0.51;277.38;7.36;969;31;3165.00;66
8145;30;623559243;8145;229;9112;9177;8.43;0.51;277.36;7.37;967;31;3166.00;65
8148;30;623559256;8148;230;9112;9177;8.41;0.51;277.40;7.37;964;31;3167.00;65
8155;30;623559268;8155;261;9180;9304;8.29;0.51;277.45;7.32;1025;31;3168.00;124
8156;30;623559290;8156;244;9182;9305;8.24;0.50;277.45;7.32;1026;31;3169.00;123
8160;30;623559303;8160;232;9187;9305;8.24;0.51;277.44;7.31;1027;31;3170.00;118
8164;30;623559316;8164;232;9188;9305;8.16;0.50;277.47;7.31;1024;31;3171.00;117
8164;30;623559328;8164;236;9193;9305;8.15;0.50;277.47;7.31;1029;31;3172.00;112
8173;30;623559341;8173;236;9193;9305;8.05;0.49;277.48;7.31;1020;31;3173.00;112
8175;30;623559355;8175;233;9195;9305;8.04;0.49;277.51;7.31;1020;31;3174.00;110
8179;30;623559367;8179;246;9197;9305;8.00;0.49;277.57;7.31;1018;31;3175.00;108
8181;30;623559379;8181;241;9198;9306;7.98;0.49;277.58;7.31;1017;31;3176.00;108
8183;30;623559391;8183;241;9203;9307;8.04;0.49;277.65;7.31;1020;31;3177.00;104
8185;30;623559404;8185;241;9206;9307;8.07;0.49;277.60;7.31;1021;31;3178.00;101
8187;30;623559417;8187;250;9206;9308;8.09;0.49;277.65;7.31;1019;31;3179.00;102
8188;30;623559431;8188;249;9212;9308;8.03;0.49;277.66;7.32;1024;31;3180.00;96
8192;30;623559444;8192;248;9213;9308;8.00;0.49;277.68;7.32;1021;31;3181.00;95
8194;30;623559456;8194;247;9215;9308;7.98;0.49;277.65;7.32;1021;31;3182.00;93
8195;30;623559469;8195;250;9221;9312;7.97;0.49;277.70;7.32;1026;31;3183.00;91
8198;30;623559482;8198;251;9223;9312;7.95;0.49;277.74;7.32;1025;31;3184.00;89
8200;30;623559495;8200;262;9227;9312;7.98;0.49;277.73;7.33;1027;31;3185.00;85
8203;30;623559507;8203;264;9231;9315;7.98;0.49;277.71;7.34;1028;31;3186.00;84
8207;30;623559521;8207;263;9233;9315;7.95;0.49;277.82;7.35;1026;31;3187.00;82
8210;30;623559534;8210;275;9234;9315;7.95;0.49;277.86;7.35;1024;31;3188.00;81
8215;30;623559546;8215;279;9238;9319;7.92;0.48;277.92;7.35;1023;31;3189.00;81
8217;30;623559560;8217;286;9242;9320;7.93;0.48;277.97;7.37;1025;31;3190.00;78
8222;30;623559572;8222;307;9246;9322;7.93;0.48;278.04;7.37;1024;31;3191.00;76
8224;30;623559585;8224;302;9250;9326;8.01;0.49;278.09;7.37;1026;31;3192.00;76
8227;30;623559599;8227;300;9253;9326;7.99;0.49;278.18;7.39;1026;31;3193.00;73
8232;30;623559611;8232;310;9254;9326;7.96;0.48;278.14;7.39;1022;31;3194.00;72
8237;30;623559625;8237;309;9258;9328;7.92;0.48;278.22;7.40;1021;31;3195.00;70
8240;30;623559638;8240;313;9258;9328;7.82;0.48;278.29;7.40;1018;31;3196.00;70
8240;30;623559651;8240;313;9265;9334;7.72;0.47;278.29;7.42;1025;31;3197.00;69
8242;30;623559666;8242;321;9265;9334;7.63;0.47;278.33;7.42;1023;31;3198.00;69
8246;30;623559682;8246;320;9266;9335;7.51;0.46;278.36;7.41;1020;31;3199.00;69
8249;30;623559695;8249;325;9267;9335;7.34;0.45;278.37;7.43;1018;31;3200.00;68
8253;30;623559711;8253;327;9267;9335;7.25;0.44;278.42;7.43;1014;31;3201.00;68
8255;30;623559723;8255;333;9268;9335;7.18;0.44;278.44;7.44;1013;31;3202.00;67
8257;30;623559735;8257;338;9268;9335;7.13;0.43;278.50;7.44;1011;31;3203.00;67
8260;30;623559746;8260;343;9278;9347;7.07;0.43;278.57;7.45;1018;31;3204.00;69
8263;30;623559759;8263;345;9278;9347;7.02;0.43;278.62;7.45;1015;31;3205.00;69
8266;30;623559770;8266;345;9283;9347;6.96;0.43;278.62;7.48;1017;31;3206.00;64
8268;30;623559782;8268;347;9283;9347;6.83;0.42;278.70;7.48;1015;31;3207.00;64
8271;30;623559793;8271;355;9284;9347;6.72;0.41;278.73;7.49;1013;31;3208.00;63
8274;30;623559804;8274;355;9284;9347;6.64;0.41;278.72;7.49;1010;31;3209.00;63
8279;30;623559817;8279;362;9290;9351;6.52;0.40;278.82;7.52;1011;31;3210.00;61
8279;30;623559829;8279;364;9290;9351;6.50;0.40;278.82;7.52;1011;31;3211.00;61
8281;30;623559840;8281;360;9294;9355;6.54;0.40;278.93;7.51;1013;31;3212.00;61
8284;30;623559851;8284;365;9296;9356;6.52;0.40;278.90;7.52;1012;31;3213.00;60
8287;30;623559863;8287;368;9296;9356;6.48;0.40;278.92;7.52;1009;31;3214.00;60
8295;30;623559874;8295;370;9299;9356;6.37;0.39;278.94;7.55;1004;31;3215.00;57
8298;30;623559885;8298;372;9310;9369;6.33;0.39;278.93;7.54;1012;31;3216.00;59
8299;30;623559902;8299;374;9310;9369;6.24;0.38;278.98;7.54;1011;31;3217.00;59
8303;30;623559920;8303;380;9311;9369;6.21;0.38;279.06;7.55;1008;31;3218.00;58
8304;30;623559936;8304;388;9312;9370;6.22;0.38;279.09;7.55;1008;31;3219.00;58
8305;30;623559956;8305;390;9315;9371;6.18;0.38;279.07;7.56;1010;31;3220.00;56
8307;30;623559973;8307;388;9315;9371;6.06;0.37;279.06;7.56;1008;31;3221.00;56
8312;30;623559988;8312;396;9318;9374;5.96;0.36;279.12;7.56;1006;31;3222.00;56
8313;30;623560006;8313;398;9319;9374;5.87;0.36;279.14;7.57;1006;31;3223.00;55
8314;30;623560018;8314;394;9319;9374;5.77;0.35;279.13;7.57;1005;31;3224.00;55
8317;30;623560030;8317;394;9320;9374;5.67;0.35;279.14;7.57;1003;31;3225.00;54
8320;30;623560041;8320;397;9327;9380;5.56;0.34;279.10;7.57;1007;31;3226.00;53
8323;30;623560053;8323;403;9327;9380;5.36;0.33;279.09;7.57;1004;31;3227.00;53
8326;30;623560065;8326;410;9328;9380;5.18;0.32;279.11;7.58;1002;31;3228.00;52
8330;30;623560076;8330;414;9328;9380;4.99;0.31;279.06;7.58;998;31;3229.00;52
8332;30;623560094;8332;419;9331;9384;4.84;0.30;279.12;7.58;999;31;3230.00;53
8337;30;623560105;8337;412;9335;9385;4.71;0.29;279.16;7.59;998;31;3231.00;50
8338;30;623560115;8338;421;9335;9385;4.65;0.29;279.21;7.59;997;31;3232.00;50
8342;30;623560127;8342;426;9337;9386;4.58;0.28;279.24;7.59;995;31;3233.00;49
8345;30;623560137;8345;425;9337;9386;4.56;0.28;279.25;7.59;992;31;3234.00;49
8349;30;623560147;8349;431;9337;9386;4.59;0.28;279.20;7.59;988;31;3235.00;49
8353;30;623560157;8353;424;9340;9386;4.61;0.29;279.19;7.60;987;31;3236.00;46
8357;30;623560167;8357;432;9340;9386;4.67;0.29;279.14;7.60;983;31;3237.00;46
8362;30;623560178;8362;429;9340;9386;4.72;0.29;279.10;7.60;978;31;3238.00;46
8366;30;623560188;8366;430;9341;9386;4.75;0.29;279.11;7.60;975;31;3239.00;45
8368;30;623560200;8368;429;9400;9511;5.18;0.32;279.11;7.55;1032;31;3240.00;111
8369;30;623560220;8369;427;9405;9512;5.24;0.33;279.14;7.55;1036;31;3241.00;107
8374;30;623560231;8374;418;9417;9512;5.33;0.33;279.25;7.55;1043;31;3242.00;95
8378;30;623560242;8378;418;9420;9512;5.35;0.33;279.23;7.54;1042;31;3243.00;92
8381;30;623560253;8381;431;9427;9512;5.40;0.33;279.21;7.54;1046;31;3244.00;85
8385;30;623560264;8385;429;9428;9512;5.40;0.33;279.17;7.54;1043;31;3245.00;84
8387;30;623560276;8387;430;9434;9512;5.37;0.33;279.13;7.54;1047;31;3246.00;78
8390;30;623560287;8390;432;9437;9512;5.38;0.33;279.11;7.54;1047;31;3247.00;75
8393;30;623560299;8393;430;9443;9513;5.34;0.33;279.14;7.54;1050;31;3248.00;70
8397;30;623560310;8397;441;9444;9514;5.28;0.33;279.08;7.54;1047;31;3249.00;70
8399;30;623560322;8399;444;9447;9514;5.27;0.32;279.06;7.54;1048;31;3250.00;67
8401;30;623560333;8401;451;9451;9518;5.29;0.33;279.06;7.54;1050;31;3251.00;67
8407;30;623560345;8407;456;9452;9518;5.26;0.32;279.02;7.54;1045;31;3252.00;66
8412;30;623560357;8412;457;9452;9518;5.23;0.32;279.05;7.54;1040;31;3253.00;66
8413;30;623560369;8413;462;9453;9518;5.23;0.32;279.02;7.54;1040;31;3254.00;65
8417;30;623560381;8417;465;9458;9524;5.21;0.32;279.04;7.54;1041;31;3255.00;66
8418;30;623560394;8418;469;9458;9524;5.22;0.32;279.06;7.54;1040;31;3256.00;66
8421;30;623560405;8421;474;9458;9524;5.23;0.32;279.13;7.54;1037;31;3257.00;66
8422;30;623560417;8422;477;9460;9527;5.25;0.32;279.14;7.53;1038;31;3258.00;67
8426;30;623560430;8426;472;9460;9527;5.23;0.32;279.17;7.53;1034;31;3259.00;67
8426;30;623560442;8426;461;9460;9527;5.23;0.32;279.17;7.53;1034;31;3260.00;67
8430;30;623560454;8430;458;9460;9528;5.22;0.32;279.19;7.53;1030;31;3261.00;68
8433;30;623560465;8433;453;9461;9529;5.23;0.32;279.22;7.53;1028;31;3262.00;68
8435;30;623560478;8435;455;9461;9529;5.22;0.32;279.21;7.53;1026;31;3263.00;68
8440;31;623560490;8440;452;9471;9542;5.27;0.32;279.27;7.53;1031;32;3264.00;71
8446;31;623560517;8446;445;9471;9542;5.27;0.32;279.30;7.53;1025;32;3265.00;71
8448;31;623560529;8448;449;9472;9542;5.31;0.32;279.30;7.53;1024;32;3266.00;70
8453;31;623560541;8453;451;9472;9543;5.31;0.32;279.25;7.53;1019;32;3267.00;71
8456;31;623560553;8456;450;9472;9543;5.31;0.32;279.28;7.53;1016;32;3268.00;71
8457;31;623560572;8457;442;9476;9547;5.34;0.32;279.26;7.52;1019;32;3269.00;71
8460;31;623560586;8460;446;9477;9547;5.34;0.32;279.24;7.60;1017;32;3270.00;70
8462;31;623560606;8462;443;9481;9551;5.36;0.33;279.26;7.60;1019;32;3271.00;70
8466;31;623560618;8466;439;9481;9551;5.30;0.32;279.20;7.60;1015;32;3272.00;70
8466;31;623560630;8466;438;9482;9551;5.27;0.32;279.20;7.60;1016;32;3273.00;69
8471;31;623560648;8471;446;9482;9551;5.22;0.32;279.15;7.60;1011;32;3274.00;69
8472;31;623560661;8472;445;9482;9551;5.27;0.32;279.14;7.60;1010;32;3275.00;69
8474;31;623560672;8474;443;9491;9563;5.41;0.33;279.18;7.59;1017;32;3276.00;72
8475;31;623560685;8475;424;9491;9563;5.47;0.33;279.19;7.59;1016;32;3277.00;72
8475;31;623560697;8475;410;9493;9563;5.58;0.34;279.19;7.59;1018;32;3278.00;70
8476;31;623560709;8476;404;9493;9563;5.65;0.34;279.17;7.59;1017;32;3279.00;70
8478;31;623560722;8478;399;9493;9563;5.72;0.35;279.16;7.59;1015;32;3280.00;70
8480;31;623560734;8480;393;9493;9563;5.80;0.35;279.16;7.59;1013;32;3281.00;70
8481;31;623560747;8481;385;9493;9564;5.89;0.36;279.14;7.59;1012;32;3282.00;71
8485;31;623560760;8485;375;9493;9564;5.94;0.36;279.09;7.59;1008;32;3283.00;71
8485;31;623560773;8485;374;9498;9570;6.08;0.37;279.09;7.59;1013;32;3284.00;72
8488;31;623560786;8488;373;9500;9572;6.09;0.37;279.09;7.59;1012;32;3285.00;72
8490;31;623560806;8490;352;9500;9572;6.18;0.38;279.14;7.59;1010;32;3286.00;72
8494;31;623560819;8494;341;9500;9572;6.29;0.38;279.17;7.59;1006;32;3287.00;72
8495;31;623560832;8495;325;9503;9576;6.47;0.39;279.15;7.58;1008;32;3288.00;73
8498;31;623560853;8498;307;9503;9576;6.58;0.40;279.21;7.58;1005;32;3289.00;73
8498;31;623560866;8498;295;9503;9576;6.76;0.41;279.21;7.58;1005;32;3290.00;73
8501;31;623560879;8501;283;9504;9577;6.94;0.42;279.21;7.58;1003;32;3291.00;73
8503;31;623560894;8503;278;9508;9581;7.07;0.43;279.22;7.66;1005;32;3292.00;73
8503;31;623560908;8503;276;9508;9581;7.29;0.44;279.22;7.66;1005;32;3293.00;73
8504;31;623560922;8504;276;9510;9584;7.47;0.45;279.23;7.66;1006;32;3294.00;74
8507;31;623560937;8507;271;9510;9584;7.54;0.46;279.24;7.66;1003;32;3295.00;74
8507;31;623560951;8507;264;9511;9584;7.66;0.47;279.24;7.66;1004;32;3296.00;73
8509;32;623560964;8509;267;9511;9584;7.74;0.47;279.27;7.66;1002;33;3297.00;73
8512;32;623560991;8512;265;9515;9588;7.88;0.48;279.35;7.66;1003;33;3298.00;73
8516;32;623561004;8516;266;9515;9588;7.89;0.48;279.31;7.66;999;33;3299.00;73
8519;32;623561020;8519;264;9521;9607;7.89;0.48;279.38;7.73;1002;33;3300.00;86
8523;32;623561039;8523;255;9521;9607;7.89;0.48;279.46;7.73;998;33;3301.00;86
8524;32;623561052;8524;254;9521;9608;7.95;0.48;279.47;7.73;997;33;3302.00;87
8527;32;623561065;8527;246;9522;9609;7.98;0.48;279.54;7.73;995;33;3303.00;87
8528;32;623561082;8528;242;9523;9609;8.02;0.49;279.58;7.81;995;33;3304.00;86
8529;32;623561097;8529;238;9525;9610;8.06;0.49;279.57;7.81;996;33;3305.00;85
8533;32;623561117;8533;237;9526;9610;8.07;0.49;279.62;7.81;993;33;3306.00;84
8535;32;623561131;8535;238;9526;9610;8.14;0.49;279.67;7.81;991;33;3307.00;84
8538;32;623561145;8538;240;9526;9610;8.21;0.50;279.73;7.81;988;33;3308.00;84
8542;32;623561159;8542;237;9526;9610;8.18;0.49;279.79;7.81;984;33;3309.00;84
8544;32;623561172;8544;242;9526;9610;8.18;0.50;279.83;7.81;982;33;3310.00;84
8546;32;623561185;8546;239;9527;9610;8.18;0.49;279.82;7.81;981;33;3311.00;83
8547;33;623561198;8547;269;9597;9737;8.12;0.50;279.88;7.76;1050;34;3312.00;140
8550;33;623561233;8550;256;9597;9738;8.12;0.50;279.94;7.76;1047;34;3313.00;141
8550;33;623561247;8550;253;9601;9738;8.19;0.50;279.94;7.76;1051;34;3314.00;137
8552;33;623561260;8552;248;9601;9738;8.19;0.50;280.01;7.76;1049;34;3315.00;137
8556;33;623561278;8556;249;9604;9738;8.24;0.50;280.15;7.75;1048;34;3316.00;134
8558;33;623561292;8558;251;9607;9738;8.29;0.51;280.16;7.76;1049;34;3317.00;131
8559;33;623561305;8559;249;9610;9738;8.31;0.51;280.14;7.75;1051;34;3318.00;128
8561;33;623561324;8561;250;9611;9738;8.37;0.51;280.23;7.75;1050;34;3319.00;127
8562;33;623561338;8562;250;9614;9739;8.47;0.52;280.28;7.75;1052;34;3320.00;125
8564;33;623561352;8564;253;9615;9740;8.50;0.52;280.34;7.76;1051;34;3321.00;125
8567;33;623561365;8567;248;9619;9740;8.47;0.52;280.55;7.84;1052;34;3322.00;121
8567;33;623561379;8567;240;9622;9741;8.45;0.52;280.55;7.84;1055;34;3323.00;119
8571;33;623561392;8571;247;9624;9741;8.44;0.52;280.56;7.84;1053;34;3324.00;117
8572;33;623561407;8572;249;9626;9741;8.51;0.52;280.59;7.84;1054;34;3325.00;115
8572;33;623561420;8572;253;9628;9741;8.49;0.52;280.59;7.85;1056;34;3326.00;113
8578;33;623561434;8578;260;9630;9745;8.48;0.52;280.72;7.85;1052;34;3327.00;115
8581;33;623561448;8581;260;9633;9745;8.41;0.51;280.73;7.85;1052;34;3328.00;112
8585;33;623561462;8585;261;9636;9745;8.35;0.51;280.70;7.85;1051;34;3329.00;109
8589;33;623561478;8589;260;9639;9751;8.31;0.51;280.69;7.86;1050;34;3330.00;112
8592;33;623561492;8592;252;9643;9751;8.22;0.50;280.73;7.86;1051;34;3331.00;108
8594;33;623561505;8594;244;9645;9751;8.24;0.50;280.73;7.86;1051;34;3332.00;106
8599;33;623561519;8599;246;9650;9755;8.23;0.50;280.75;7.86;1051;34;3333.00;105
8601;33;623561533;8601;248;9654;9756;8.25;0.50;280.80;7.86;1053;34;3334.00;102
8604;33;623561547;8604;250;9659;9756;8.20;0.50;280.87;7.88;1055;34;3335.00;97
8608;33;623561561;8608;255;9663;9760;8.18;0.50;280.94;7.89;1055;34;3336.00;97
8611;33;623561575;8611;251;9664;9760;8.15;0.50;280.97;7.89;1053;34;3337.00;96
8616;33;623561588;8616;254;9666;9760;8.16;0.50;281.00;7.96;1050;34;3338.00;94
8620;33;623561601;8620;256;9668;9761;8.13;0.49;281.03;7.96;1048;34;3339.00;93
8624;33;623561615;8624;250;9670;9761;8.14;0.49;281.05;7.97;1046;34;3340.00;91
8628;33;623561629;8628;247;9675;9767;8.04;0.49;281.05;7.97;1047;34;3341.00;92
8630;33;623561642;8630;257;9676;9767;8.00;0.49;281.06;8.04;1046;34;3342.00;91
8633;33;623561656;8633;252;9677;9768;7.97;0.48;281.06;8.05;1044;34;3343.00;91
8639;33;623561669;8639;256;9677;9768;7.95;0.48;281.08;8.05;1038;34;3344.00;91
8641;33;623561682;8641;263;9678;9768;7.94;0.48;281.20;8.05;1037;34;3345.00;90
8644;33;623561695;8644;270;9679;9768;7.94;0.48;281.20;8.05;1035;34;3346.00;89
8648;33;623561708;8648;274;9679;9768;7.91;0.48;281.22;8.05;1031;34;3347.00;89
8650;33;623561726;8650;276;9689;9780;7.91;0.48;281.25;8.04;1039;34;3348.00;91
8656;33;623561740;8656;281;9689;9780;7.87;0.48;281.28;8.04;1033;34;3349.00;91
8657;33;623561753;8657;280;9690;9780;7.89;0.48;281.26;8.04;1033;34;3350.00;90
8661;33;623561765;8661;285;9692;9780;7.82;0.47;281.26;8.05;1031;34;3351.00;88
8662;33;623561778;8662;286;9692;9780;7.79;0.47;281.26;8.05;1030;34;3352.00;88
8664;33;623561790;8664;293;9692;9780;7.83;0.48;281.29;8.05;1028;34;3353.00;88
8665;33;623561802;8665;301;9696;9784;7.75;0.47;281.28;8.05;1031;34;3354.00;88
8668;33;623561815;8668;301;9697;9784;7.73;0.47;281.30;8.05;1029;34;3355.00;87
8672;33;623561826;8672;297;9701;9788;7.72;0.47;281.39;8.05;1029;34;3356.00;87
8675;33;623561839;8675;294;9703;9789;7.68;0.47;281.34;8.05;1028;34;3357.00;86
8678;33;623561851;8678;296;9703;9789;7.54;0.46;281.40;8.05;1025;34;3358.00;86
8679;33;623561863;8679;302;9703;9789;7.47;0.46;281.47;8.05;1024;34;3359.00;86
8685;33;623561876;8685;322;9727;9818;7.37;0.45;281.58;8.05;1042;34;3360.00;91
8689;33;623561891;8689;321;9727;9818;7.31;0.44;281.63;8.05;1038;34;3361.00;91
8691;33;623561911;8691;329;9729;9818;7.31;0.44;281.69;8.05;1038;34;3362.00;89
8695;33;623561931;8695;341;9733;9819;7.29;0.44;281.77;8.07;1038;34;3363.00;86
8696;33;623561951;8696;353;9733;9820;7.21;0.44;281.77;8.07;1037;34;3364.00;87
8699;33;623561970;8699;358;9733;9820;7.14;0.43;281.85;8.07;1034;34;3365.00;87
8700;33;623561987;8700;361;9737;9823;7.05;0.43;281.91;8.09;1037;34;3366.00;86
8703;33;623562006;8703;372;9737;9823;6.96;0.42;281.94;8.09;1034;34;3367.00;86
8704;33;623562021;8704;374;9738;9823;6.87;0.42;282.01;8.09;1034;34;3368.00;85
8706;33;623562034;8706;380;9739;9823;6.76;0.41;282.07;8.10;1033;34;3369.00;84
8708;33;623562047;8708;383;9747;9829;6.69;0.41;282.20;8.14;1039;34;3370.00;82
8711;33;623562060;8711;394;9748;9829;6.57;0.40;282.27;8.15;1037;34;3371.00;81
8713;33;623562073;8713;397;9749;9829;6.50;0.40;282.39;8.15;1036;34;3372.00;80
8713;33;623562085;8713;406;9750;9829;6.40;0.39;282.39;8.17;1037;34;3373.00;79
8713;33;623562098;8713;410;9753;9833;6.31;0.39;282.39;8.16;1040;34;3374.00;80
8715;33;623562110;8715;419;9757;9835;6.22;0.38;282.42;8.18;1042;34;3375.00;78
8718;33;623562123;8718;423;9758;9835;6.12;0.38;282.50;8.19;1040;34;3376.00;77
8722;33;623562137;8722;426;9759;9836;6.04;0.37;282.54;8.19;1037;34;3377.00;77
8727;33;623562149;8727;432;9760;9836;5.89;0.36;282.55;8.20;1033;34;3378.00;76
8729;33;623562163;8729;431;9760;9836;5.82;0.36;282.51;8.20;1031;34;3379.00;76
8733;33;623562175;8733;431;9764;9836;5.73;0.35;282.49;8.22;1031;34;3380.00;72
8734;33;623562188;8734;424;9764;9836;5.70;0.35;282.48;8.22;1030;34;3381.00;72
8739;33;623562199;8739;422;9765;9836;5.63;0.35;282.54;8.23;1026;34;3382.00;71
8739;33;623562214;8739;427;9766;9836;5.60;0.34;282.54;8.24;1027;34;3383.00;70
8740;33;623562225;8740;430;9801;9906;5.81;0.36;282.51;8.21;1061;34;3384.00;105
8741;33;623562244;8741;429;9806;9907;5.77;0.36;282.49;8.21;1065;34;3385.00;101
8744;33;623562257;8744;420;9813;9907;5.79;0.36;282.48;8.21;1069;34;3386.00;94
8744;33;623562271;8744;419;9816;9907;5.75;0.35;282.48;8.21;1072;34;3387.00;91
8744;33;623562283;8744;423;9820;9907;5.73;0.35;282.48;8.21;1076;34;3388.00;87
8745;33;623562295;8745;425;9821;9907;5.68;0.35;282.46;8.21;1076;34;3389.00;86
8747;33;623562308;8747;427;9826;9907;5.65;0.35;282.41;8.22;1079;34;3390.00;81
8749;33;623562319;8749;432;9827;9907;5.55;0.34;282.39;8.22;1078;34;3391.00;80
8753;33;623562331;8753;440;9829;9908;5.44;0.33;282.39;8.22;1076;34;3392.00;79
8760;33;623562343;8760;452;9832;9909;5.34;0.33;282.30;8.23;1072;34;3393.00;77
8765;33;623562355;8765;454;9835;9909;5.31;0.33;282.28;8.23;1070;34;3394.00;74
8768;33;623562367;8768;465;9841;9913;5.24;0.32;282.22;8.23;1073;34;3395.00;72
8772;33;623562378;8772;474;9842;9913;5.15;0.31;282.23;8.23;1070;34;3396.00;71
8776;33;623562390;8776;492;9844;9913;5.05;0.31;282.16;8.24;1068;34;3397.00;69
8779;33;623562401;8779;496;9844;9913;4.92;0.30;282.13;8.24;1065;34;3398.00;69
8780;33;623562411;8780;507;9851;9919;4.85;0.30;282.14;8.25;1071;34;3399.00;68
8783;33;623562423;8783;503;9852;9919;4.73;0.29;282.10;8.26;1069;34;3400.00;67
8786;33;623562439;8786;493;9852;9919;4.66;0.29;282.10;8.26;1066;34;3401.00;67
8789;33;623562450;8789;498;9854;9922;4.63;0.28;282.13;8.26;1065;34;3402.00;68
8792;33;623562462;8792;488;9855;9922;4.57;0.28;282.11;8.26;1063;34;3403.00;67
8795;33;623562474;8795;490;9855;9922;4.53;0.28;282.09;8.26;1060;34;3404.00;67
8798;33;623562484;8798;484;9855;9923;4.52;0.28;282.10;8.26;1057;34;3405.00;68
8801;33;623562495;8801;495;9857;9924;4.54;0.28;282.18;8.27;1056;34;3406.00;67
8803;33;623562507;8803;491;9858;9924;4.56;0.28;282.18;8.27;1055;34;3407.00;66
8805;33;623562518;8805;495;9868;9937;4.62;0.28;282.18;8.27;1063;34;3408.00;69
8810;33;623562529;8810;484;9869;9937;4.67;0.29;282.16;8.27;1059;34;3409.00;68
8813;33;623562541;8813;484;9870;9937;4.66;0.28;282.11;8.27;1057;34;3410.00;67
8815;33;623562552;8815;465;9872;9938;4.69;0.29;282.10;8.27;1057;34;3411.00;66
8817;33;623562564;8817;451;9872;9938;4.72;0.29;282.09;8.27;1055;34;3412.00;66
8820;33;623562575;8820;442;9875;9942;4.81;0.29;282.09;8.27;1055;34;3413.00;67
8821;33;623562587;8821;439;9875;9942;4.91;0.30;282.10;8.27;1054;34;3414.00;67
8825;33;623562599;8825;424;9878;9946;5.05;0.31;282.06;8.26;1053;34;3415.00;68
8828;33;623562611;8828;433;9878;9946;5.16;0.32;282.07;8.26;1050;34;3416.00;68
8833;34;623562631;8833;430;9880;9946;5.18;0.32;282.01;8.27;1047;35;3417.00;66
8834;34;623562656;8834;426;9880;9946;5.27;0.32;282.03;8.27;1046;35;3418.00;66
8838;35;623562667;8838;424;9881;9946;5.30;0.32;281.97;8.27;1043;36;3419.00;65
8841;35;623562695;8841;433;9908;9980;5.50;0.34;281.98;8.24;1067;36;3420.00;72
8846;35;623562710;8846;432;9908;9980;5.53;0.34;282.05;8.24;1062;36;3421.00;72
8848;35;623562723;8848;434;9909;9980;5.54;0.34;282.04;8.24;1061;36;3422.00;71
8851;35;623562735;8851;433;9909;9980;5.52;0.34;281.97;8.24;1058;36;3423.00;71
8853;35;623562747;8853;437;9910;9980;5.55;0.34;281.95;8.24;1057;36;3424.00;70
8856;35;623562766;8856;434;9910;9980;5.61;0.34;281.93;8.24;1054;36;3425.00;70
8857;35;623562779;8857;432;9910;9981;5.65;0.35;282.01;8.24;1053;36;3426.00;71
8860;35;623562798;8860;431;9910;9981;5.71;0.35;281.99;8.24;1050;36;3427.00;71
8861;35;623562810;8861;431;9915;9987;5.74;0.35;282.00;8.24;1054;36;3428.00;72
8864;35;623562823;8864;429;9916;9988;5.71;0.35;282.04;8.24;1052;36;3429.00;72
8866;35;623562836;8866;421;9916;9988;5.77;0.35;282.00;8.24;1050;36;3430.00;72
8869;35;623562849;8869;423;9916;9988;5.79;0.36;282.05;8.24;1047;36;3431.00;72
8874;35;623562861;8874;422;9920;9992;5.82;0.36;282.12;8.31;1046;36;3432.00;72
8878;35;623562875;8878;424;9920;9992;5.78;0.35;282.18;8.31;1042;36;3433.00;72
8882;35;623562888;8882;417;9920;9992;5.79;0.35;282.18;8.31;1038;36;3434.00;72
8887;35;623562901;8887;415;9921;9993;5.82;0.36;282.22;8.31;1034;36;3435.00;72
8892;35;623562915;8892;422;9924;9997;5.88;0.36;282.24;8.31;1032;36;3436.00;73
8896;35;623562927;8896;417;9924;9997;5.92;0.36;282.26;8.31;1028;36;3437.00;73
8899;35;623562940;8899;417;9926;10000;5.99;0.37;282.36;8.31;1027;36;3438.00;74
8905;35;623562953;8905;417;9926;10000;5.96;0.36;282.33;8.31;1021;36;3439.00;74
8909;35;623562965;8909;417;9927;10000;5.96;0.36;282.39;8.31;1018;36;3440.00;73
8916;35;623562977;8916;416;9927;10000;5.94;0.36;282.52;8.31;1011;36;3441.00;73
8919;35;623562989;8919;417;9931;10004;5.97;0.36;282.65;8.31;1012;36;3442.00;73
8920;35;623563001;8920;419;9931;10004;5.96;0.36;282.69;8.31;1011;36;3443.00;73
8922;35;623563013;8922;415;9931;10004;5.97;0.36;282.69;8.31;1009;36;3444.00;73
8925;35;623563025;8925;421;9931;10004;5.92;0.36;282.77;8.31;1006;36;3445.00;73
8927;35;623563036;8927;425;9931;10005;5.89;0.36;282.85;8.31;1004;36;3446.00;74
8928;35;623563048;8928;406;9932;10006;5.98;0.37;282.86;8.30;1004;36;3447.00;74
8931;35;623563066;8931;396;9932;10006;6.00;0.37;282.96;8.30;1001;36;3448.00;74
8933;35;623563077;8933;393;9933;10007;6.09;0.37;282.99;8.30;1000;36;3449.00;74
8935;35;623563091;8935;381;9933;10007;6.20;0.38;283.09;8.30;998;36;3450.00;74
8936;35;623563103;8936;378;9933;10007;6.33;0.39;283.16;8.30;997;36;3451.00;74
8940;35;623563115;8940;375;9933;10007;6.42;0.39;283.19;8.30;993;36;3452.00;74
8944;35;623563127;8944;370;9933;10007;6.44;0.39;283.23;8.30;989;36;3453.00;74
8946;35;623563140;8946;374;9933;10007;6.45;0.39;283.27;8.30;987;36;3454.00;74
8949;35;623563152;8949;372;9933;10007;6.49;0.40;283.32;8.30;984;36;3455.00;74
8952;35;623563169;8952;391;10012;10134;6.63;0.41;283.33;8.24;1060;36;3456.00;122
8953;35;623563192;8953;367;10012;10135;6.70;0.41;283.33;8.24;1059;36;3457.00;123
8956;35;623563205;8956;350;10017;10135;6.84;0.42;283.36;8.24;1061;36;3458.00;118
8958;35;623563224;8958;332;10019;10135;6.98;0.43;283.39;8.23;1061;36;3459.00;116
8960;35;623563237;8960;311;10024;10135;7.16;0.44;283.41;8.23;1064;36;3460.00;111
8960;35;623563251;8960;303;10026;10135;7.29;0.45;283.41;8.23;1066;36;3461.00;109
8964;35;623563265;8964;305;10029;10135;7.38;0.45;283.43;8.23;1065;36;3462.00;106
8966;35;623563279;8966;307;10031;10135;7.51;0.46;283.48;8.23;1065;36;3463.00;104
8968;35;623563293;8968;309;10033;10136;7.58;0.47;283.50;8.23;1065;36;3464.00;103
8970;35;623563306;8970;308;10039;10138;7.69;0.47;283.49;8.23;1069;37;3465.00;99
8972;35;623563329;8972;308;10041;10138;7.78;0.48;283.51;8.23;1069;37;3466.00;97
8972;35;623563343;8972;307;10043;10139;7.85;0.48;283.51;8.23;1071;37;3467.00;96
8977;35;623563357;8977;314;10045;10139;7.83;0.48;283.52;8.23;1068;37;3468.00;94
8981;35;623563371;8981;313;10045;10139;7.87;0.48;283.60;8.23;1064;37;3469.00;94
8983;35;623563385;8983;322;10050;10139;7.86;0.48;283.66;8.23;1067;37;3470.00;89
8986;35;623563399;8986;322;10053;10143;7.91;0.48;283.69;8.23;1067;37;3471.00;90
8989;36;623563413;8989;320;10053;10143;7.92;0.48;283.77;8.23;1064;38;3472.00;90
8993;36;623563434;8993;322;10053;10143;7.91;0.48;283.86;8.23;1060;38;3473.00;90
8997;36;623563447;8997;322;10056;10146;7.93;0.48;283.95;8.23;1059;38;3474.00;90
9003;36;623563462;9003;318;10056;10146;7.95;0.48;283.99;8.23;1053;38;3475.00;90
9003;36;623563481;9003;320;10056;10146;8.01;0.49;283.99;8.23;1053;38;3476.00;90
9005;36;623563500;9005;319;10059;10150;8.04;0.49;284.03;8.23;1054;38;3477.00;91
9006;36;623563514;9006;314;10062;10151;8.15;0.49;284.08;8.23;1056;38;3478.00;89
9007;36;623563527;9007;307;10062;10151;8.25;0.50;284.15;8.23;1055;38;3479.00;89
9011;36;623563547;9011;303;10068;10156;8.29;0.50;284.22;8.23;1057;38;3480.00;88
9014;36;623563562;9014;298;10069;10156;8.33;0.51;284.27;8.23;1055;38;3481.00;87
9015;36;623563577;9015;296;10069;10156;8.39;0.51;284.30;8.23;1054;38;3482.00;87
9017;36;623563591;9017;293;10070;10157;8.41;0.51;284.32;8.23;1053;38;3483.00;87
9019;36;623563611;9019;293;10071;10157;8.43;0.51;284.39;8.31;1052;38;3484.00;86
9020;36;623563625;9020;285;10076;10163;8.43;0.51;284.41;8.31;1056;38;3485.00;87
9022;36;623563639;9022;286;10076;10163;8.45;0.51;284.45;8.31;1054;38;3486.00;87
9026;36;623563651;9026;285;10076;10164;8.45;0.51;284.49;8.31;1050;38;3487.00;88
9030;36;623563665;9030;286;10076;10164;8.45;0.51;284.52;8.31;1046;38;3488.00;88
9033;36;623563678;9033;277;10076;10164;8.43;0.51;284.54;8.31;1043;38;3489.00;88
9036;36;623563691;9036;275;10076;10164;8.41;0.51;284.54;8.31;1040;38;3490.00;88
9037;36;623563704;9037;274;10076;10164;8.47;0.51;284.60;8.31;1039;38;3491.00;88
9040;36;623563718;9040;272;10086;10176;8.49;0.52;284.60;8.30;1046;38;3492.00;90
9042;36;623563732;9042;267;10086;10176;8.46;0.51;284.66;8.30;1044;38;3493.00;90
9045;36;623563746;9045;263;10087;10176;8.44;0.51;284.66;8.30;1042;38;3494.00;89
9048;36;623563759;9048;262;10087;10176;8.46;0.51;284.63;8.30;1039;38;3495.00;89
9052;36;623563772;9052;268;10087;10176;8.45;0.51;284.72;8.30;1035;38;3496.00;89
9055;36;623563785;9055;265;10087;10176;8.45;0.51;284.77;8.30;1032;38;3497.00;89
9057;36;623563799;9057;271;10091;10180;8.45;0.51;284.81;8.38;1034;38;3498.00;89
9059;36;623563812;9059;265;10091;10180;8.47;0.51;284.84;8.38;1032;38;3499.00;89
9066;36;623563825;9066;265;10095;10184;8.42;0.51;284.87;8.37;1029;38;3500.00;89
9070;36;623563843;9070;265;10096;10185;8.33;0.50;284.84;8.37;1026;38;3501.00;89
9074;36;623563858;9074;268;10096;10185;8.21;0.50;284.96;8.37;1022;38;3502.00;89
9076;36;623563872;9076;272;10096;10185;8.10;0.49;285.03;8.37;1020;38;3503.00;89
9079;36;623563885;9079;276;10107;10198;8.00;0.48;285.01;8.38;1028;38;3504.00;91
9082;36;623563903;9082;274;10109;10198;7.97;0.48;285.08;8.39;1027;38;3505.00;89
9088;36;623563922;9088;280;10109;10198;7.87;0.48;285.26;8.39;1021;38;3506.00;89
9090;36;623563945;9090;280;10110;10199;7.87;0.48;285.30;8.39;1020;38;3507.00;89
9095;36;623563964;9095;287;10110;10200;7.87;0.48;285.38;8.39;1015;38;3508.00;90
9099;36;623563982;9099;286;10110;10200;7.85;0.48;285.45;8.39;1011;38;3509.00;90
9107;36;623564002;9107;287;10114;10206;7.84;0.48;285.43;8.39;1007;38;3510.00;92
9111;36;623564020;9111;286;10115;10206;7.83;0.47;285.46;8.39;1004;38;3511.00;91
9115;36;623564033;9115;281;10116;10206;7.90;0.48;285.55;8.39;1001;38;3512.00;90
9119;36;623564049;9119;288;10116;10206;7.85;0.48;285.52;8.39;997;38;3513.00;90
9121;36;623564062;9121;293;10121;10212;7.87;0.48;285.55;8.38;1000;38;3514.00;91
9123;36;623564075;9123;298;10121;10212;7.85;0.48;285.56;8.38;998;38;3515.00;91
9124;36;623564088;9124;299;10121;10212;7.74;0.47;285.62;8.38;997;38;3516.00;91
9128;36;623564100;9128;299;10121;10212;7.68;0.47;285.71;8.38;993;38;3517.00;91
9129;36;623564115;9129;301;10124;10216;7.65;0.47;285.74;8.38;995;38;3518.00;92
9132;36;623564131;9132;303;10127;10219;7.60;0.46;285.81;8.38;995;38;3519.00;92
9134;36;623564144;9134;302;10128;10219;7.56;0.46;285.85;8.39;994;38;3520.00;91
9136;36;623564156;9136;311;10129;10220;7.50;0.46;285.83;8.39;993;38;3521.00;91
9139;36;623564174;9139;316;10129;10220;7.47;0.46;285.84;8.39;990;38;3522.00;91
9139;36;623564188;9139;319;10129;10220;7.48;0.46;285.84;8.39;990;38;3523.00;91
9143;36;623564201;9143;323;10129;10220;7.45;0.46;285.99;8.39;986;38;3524.00;91
9147;36;623564223;9147;325;10129;10220;7.41;0.45;286.10;8.39;982;38;3525.00;91
9150;36;623564239;9150;329;10130;10220;7.34;0.45;286.23;8.40;980;38;3526.00;90
9155;36;623564258;9155;335;10130;10220;7.30;0.45;286.26;8.40;975;38;3527.00;90
9156;36;623564276;9156;337;10163;10290;7.46;0.46;286.24;8.37;1007;38;3528.00;127
9158;36;623564294;9158;341;10165;10291;7.40;0.45;286.21;8.39;1007;38;3529.00;126
9161;36;623564307;9161;342;10174;10291;7.39;0.45;286.25;8.39;1013;38;3530.00;117
9166;36;623564319;9166;344;10179;10291;7.35;0.45;286.28;8.39;1013;38;3531.00;112
9169;36;623564332;9169;347;10184;10291;7.28;0.45;286.29;8.41;1015;38;3532.00;107
9170;36;623564344;9170;352;10188;10291;7.23;0.44;286.30;8.41;1018;38;3533.00;103
9170;36;623564356;9170;355;10191;10291;7.19;0.44;286.30;8.41;1021;38;3534.00;100
9172;36;623564369;9172;361;10196;10291;7.10;0.44;286.27;8.43;1024;38;3535.00;95
9177;36;623564381;9177;364;10198;10292;6.97;0.43;286.23;8.43;1021;38;3536.00;94
9180;36;623564393;9180;366;10202;10293;6.92;0.42;286.21;8.43;1022;38;3537.00;91
9181;36;623564405;9181;367;10204;10293;6.86;0.42;286.21;8.44;1023;38;3538.00;89
9186;36;623564416;9186;382;10209;10297;6.82;0.42;286.18;8.44;1023;38;3539.00;88
9187;36;623564431;9187;392;10210;10297;6.71;0.41;286.16;8.44;1023;38;3540.00;87
9189;36;623564444;9189;397;10212;10297;6.61;0.41;286.12;8.46;1023;38;3541.00;85
9191;36;623564455;9191;402;10212;10297;6.52;0.40;286.09;8.46;1021;38;3542.00;85
9195;36;623564467;9195;402;10219;10303;6.44;0.40;286.06;8.47;1024;38;3543.00;84
9198;36;623564480;9198;406;10219;10303;6.37;0.39;286.08;8.47;1021;38;3544.00;84
9200;36;623564491;9200;414;10219;10303;6.29;0.39;286.05;8.47;1019;38;3545.00;84
9202;36;623564502;9202;418;10224;10306;6.27;0.39;286.03;8.50;1022;38;3546.00;82
9206;36;623564514;9206;420;10224;10306;6.16;0.38;285.96;8.50;1018;38;3547.00;82
9207;36;623564526;9207;430;10225;10306;6.08;0.37;285.99;8.50;1018;38;3548.00;81
9210;36;623564537;9210;428;10226;10307;5.98;0.37;285.97;8.51;1016;38;3549.00;81
9212;36;623564548;9212;424;10227;10308;5.90;0.36;285.92;8.51;1015;38;3550.00;81
9214;36;623564558;9214;433;10230;10308;5.79;0.36;285.88;8.55;1016;38;3551.00;78
9216;36;623564569;9216;431;10241;10321;5.76;0.35;285.86;8.54;1025;38;3552.00;80
9217;36;623564581;9217;423;10241;10321;5.69;0.35;285.85;8.54;1024;38;3553.00;80
9223;36;623564592;9223;426;10242;10321;5.58;0.34;285.85;8.55;1019;38;3554.00;79
9225;36;623564603;9225;426;10244;10323;5.53;0.34;285.80;8.55;1019;38;3555.00;79
9228;36;623564614;9228;420;10249;10323;5.47;0.33;285.74;8.59;1021;38;3556.00;74
9230;36;623564625;9230;421;10253;10327;5.42;0.33;285.73;8.59;1023;38;3557.00;74
9231;36;623564635;9231;423;10253;10327;5.38;0.33;285.77;8.59;1022;38;3558.00;74
9232;36;623564647;9232;428;10257;10331;5.34;0.32;285.75;8.60;1025;38;3559.00;74
9232;36;623564658;9232;420;10257;10331;5.29;0.32;285.75;8.60;1025;38;3560.00;74
9234;36;623564668;9234;417;10260;10331;5.24;0.32;285.75;8.62;1026;38;3561.00;71
9237;36;623564678;9237;417;10260;10331;5.18;0.32;285.72;8.62;1023;38;3562.00;71
9239;36;623564689;9239;406;10261;10331;5.16;0.31;285.70;8.63;1022;38;3563.00;70
9241;36;623564699;9241;395;10271;10343;5.24;0.32;285.70;8.62;1030;38;3564.00;72
9244;36;623564710;9244;394;10271;10343;5.23;0.32;285.75;8.62;1027;38;3565.00;72
9246;36;623564721;9246;392;10275;10343;5.19;0.32;285.73;8.64;1029;38;3566.00;68
9247;36;623564731;9247;398;10275;10343;5.19;0.32;285.71;8.64;1028;38;3567.00;68
9251;36;623564742;9251;402;10275;10343;5.11;0.31;285.65;8.64;1024;38;3568.00;68
9253;36;623564752;9253;405;10276;10343;5.00;0.30;285.65;8.65;1023;38;3569.00;67
9255;36;623564770;9255;405;10279;10344;5.01;0.31;285.64;8.66;1024;38;3570.00;65
9257;36;623564781;9257;397;10279;10344;5.01;0.31;285.62;8.66;1022;38;3571.00;65
9260;36;623564792;9260;393;10284;10350;5.11;0.31;285.59;8.66;1024;38;3572.00;66
9262;36;623564810;9262;390;10287;10351;5.15;0.31;285.57;8.66;1025;38;3573.00;64
9264;36;623564821;9264;385;10287;10351;5.19;0.32;285.55;8.66;1023;38;3574.00;64
9265;36;623564834;9265;388;10288;10351;5.24;0.32;285.56;8.66;1023;38;3575.00;63
9267;36;623564845;9267;382;10291;10355;5.35;0.33;285.56;8.66;1024;38;3576.00;64
9269;37;623564856;9269;378;10293;10355;5.40;0.33;285.60;8.67;1024;39;3577.00;62
9270;37;623564879;9270;372;10293;10355;5.44;0.33;285.60;8.67;1023;39;3578.00;62
9271;37;623564890;9271;363;10294;10356;5.59;0.34;285.61;8.67;1023;39;3579.00;62
9274;37;623564902;9274;356;10297;10360;5.66;0.35;285.63;8.66;1023;39;3580.00;63
9275;37;623564918;9275;350;10297;10360;5.77;0.35;285.61;8.66;1022;39;3581.00;63
9277;37;623564934;9277;346;10299;10363;5.89;0.36;285.64;8.66;1022;39;3582.00;64
9280;37;623564952;9280;340;10300;10363;5.97;0.36;285.72;8.66;1020;39;3583.00;63
9283;37;623564968;9283;340;10300;10363;6.02;0.37;285.84;8.66;1017;39;3584.00;63
9288;37;623564979;9288;335;10300;10363;6.01;0.37;285.92;8.66;1012;39;3585.00;63
9291;37;623564991;9291;332;10304;10367;6.10;0.37;285.93;8.66;1013;39;3586.00;63
9297;37;623565003;9297;336;10304;10367;6.03;0.37;286.01;8.66;1007;39;3587.00;63
9301;37;623565015;9301;332;10304;10367;6.06;0.37;286.08;8.66;1003;39;3588.00;63
9303;37;623565027;9303;329;10304;10367;6.13;0.37;286.06;8.66;1001;39;3589.00;63
9310;37;623565039;9310;332;10304;10368;6.12;0.37;286.13;8.66;994;39;3590.00;64
9315;37;623565051;9315;335;10305;10369;6.08;0.37;286.22;8.66;990;39;3591.00;64
9319;37;623565063;9319;336;10305;10369;6.10;0.37;286.37;8.66;986;39;3592.00;64
9322;37;623565075;9322;335;10306;10370;6.17;0.38;286.44;8.66;984;39;3593.00;64
9326;37;623565087;9326;341;10306;10370;6.26;0.38;286.41;8.66;980;39;3594.00;64
9329;37;623565098;9329;343;10306;10370;6.32;0.39;286.40;8.66;977;39;3595.00;64
9331;37;623565110;9331;344;10306;10370;6.38;0.39;286.38;8.66;975;39;3596.00;64
9332;37;623565121;9332;344;10306;10370;6.42;0.39;286.39;8.66;974;39;3597.00;64
9336;37;623565133;9336;346;10306;10370;6.44;0.39;286.37;8.66;970;39;3598.00;64
9339;37;623565145;9339;344;10306;10370;6.40;0.39;286.43;8.66;967;39;3599.00;64
9341;37;623565165;9341;378;10420;10623;6.69;0.42;286.43;8.56;1079;39;3600.00;203
9344;37;623565200;9344;369;10426;10624;6.62;0.41;286.49;8.56;1082;39;3601.00;198
9347;37;623565212;9347;363;10440;10624;6.64;0.41;286.53;8.55;1093;39;3602.00;184
9350;37;623565225;9350;357;10445;10624;6.65;0.41;286.62;8.55;1095;39;3603.00;179
9354;37;623565237;9354;358;10454;10624;6.68;0.42;286.59;8.54;1100;39;3604.00;170
9357;37;623565250;9357;359;10461;10624;6.66;0.41;286.70;8.54;1104;39;3605.00;163
9359;37;623565262;9359;359;10468;10624;6.68;0.41;286.69;8.54;1109;39;3606.00;156
9364;37;623565280;9364;354;10475;10624;6.67;0.41;286.80;8.54;1111;39;3607.00;149
9368;37;623565293;9368;357;10481;10625;6.61;0.41;286.88;8.54;1113;39;3608.00;144
9370;37;623565306;9370;360;10484;10626;6.58;0.41;286.89;8.54;1114;39;3609.00;142
9374;37;623565319;9374;362;10490;10626;6.53;0.41;287.01;8.54;1116;39;3610.00;136
9380;37;623565331;9380;367;10496;10627;6.42;0.40;286.96;8.54;1116;39;3611.00;131
9383;37;623565350;9383;368;10498;10627;6.33;0.39;287.01;8.54;1115;39;3612.00;129
9389;37;623565364;9389;370;10500;10627;6.27;0.39;287.09;8.54;1111;39;3613.00;127
9391;37;623565376;9391;374;10503;10627;6.23;0.39;287.16;8.54;1112;39;3614.00;124
9401;37;623565390;9401;380;10506;10631;6.16;0.38;287.32;8.54;1105;39;3615.00;125
9403;37;623565403;9403;394;10510;10631;6.11;0.38;287.38;8.54;1107;39;3616.00;121
9405;37;623565416;9405;382;10510;10631;6.14;0.38;287.43;8.54;1105;39;3617.00;121
9409;37;623565429;9409;386;10511;10634;6.16;0.38;287.45;8.54;1102;39;3618.00;123
9415;37;623565442;9415;384;10512;10634;6.16;0.38;287.61;8.54;1097;39;3619.00;122
9418;37;623565455;9418;379;10512;10634;6.23;0.38;287.63;8.54;1094;39;3620.00;122
9421;37;623565470;9421;379;10516;10638;6.27;0.39;287.70;8.54;1095;39;3621.00;122
9426;37;623565484;9426;382;10519;10639;6.30;0.39;287.73;8.54;1093;39;3622.00;120
9433;37;623565497;9433;379;10519;10639;6.35;0.39;287.80;8.54;1086;39;3623.00;120
9436;37;623565511;9436;383;10521;10643;6.40;0.39;287.81;8.54;1085;39;3624.00;122
9442;37;623565530;9442;388;10523;10643;6.39;0.39;287.85;8.54;1081;39;3625.00;120
9448;37;623565550;9448;378;10524;10643;6.39;0.39;287.88;8.54;1076;39;3626.00;119
9450;37;623565569;9450;371;10525;10644;6.47;0.40;287.84;8.54;1075;39;3627.00;119
9454;37;623565588;9454;363;10525;10644;6.54;0.40;287.90;8.54;1071;39;3628.00;119
9457;37;623565601;9457;356;10530;10650;6.63;0.40;287.90;8.54;1073;39;3629.00;120
9460;37;623565618;9460;345;10531;10650;6.71;0.41;287.88;8.54;1071;39;3630.00;119
9461;37;623565632;9461;342;10532;10651;6.85;0.42;287.86;8.54;1071;39;3631.00;119
9461;37;623565646;9461;337;10533;10651;6.95;0.43;287.86;8.55;1072;39;3632.00;118
9464;37;623565660;9464;333;10534;10651;7.00;0.43;287.89;8.63;1070;39;3633.00;117
9469;37;623565675;9469;337;10535;10651;7.07;0.43;287.94;8.64;1066;39;3634.00;116
9473;37;623565690;9473;335;10538;10651;7.13;0.44;287.98;8.64;1065;39;3635.00;113
9478;37;623565704;9478;332;10547;10663;7.19;0.44;288.02;8.64;1069;39;3636.00;116
9479;37;623565719;9479;329;10548;10663;7.30;0.45;288.05;8.64;1069;39;3637.00;115
9485;37;623565736;9485;326;10551;10663;7.39;0.45;288.12;8.64;1066;39;3638.00;112
9487;37;623565750;9487;321;10552;10663;7.45;0.45;288.14;8.64;1065;39;3639.00;111
9490;37;623565763;9490;320;10553;10663;7.48;0.46;288.15;8.64;1063;39;3640.00;110
9494;37;623565783;9494;317;10553;10663;7.56;0.46;288.21;8.64;1059;39;3641.00;110
9495;37;623565796;9495;322;10556;10667;7.55;0.46;288.21;8.64;1061;39;3642.00;111
9499;37;623565810;9499;323;10556;10667;7.56;0.46;288.28;8.64;1057;39;3643.00;111
9501;37;623565823;9501;318;10560;10671;7.64;0.46;288.34;8.64;1059;39;3644.00;111
9507;37;623565843;9507;314;10562;10673;7.63;0.46;288.38;8.64;1055;39;3645.00;111
9507;37;623565857;9507;316;10562;10673;7.71;0.47;288.38;8.64;1055;39;3646.00;111
9511;37;623565871;9511;314;10562;10673;7.74;0.47;288.47;8.64;1051;39;3647.00;111
9515;37;623565884;9515;314;10571;10686;7.81;0.47;288.42;8.63;1056;39;3648.00;115
9516;37;623565900;9516;316;10572;10686;7.91;0.48;288.44;8.72;1056;39;3649.00;114
9519;37;623565921;9519;317;10572;10686;7.93;0.48;288.43;8.72;1053;39;3650.00;114
9520;37;623565943;9520;317;10573;10687;7.97;0.48;288.48;8.72;1053;39;3651.00;114
9521;37;623565967;9521;320;10574;10688;7.99;0.49;288.49;8.80;1053;39;3652.00;114
9523;37;623565990;9523;312;10574;10688;8.03;0.49;288.46;8.80;1051;39;3653.00;114
9524;37;623566020;9524;321;10576;10691;8.04;0.49;288.51;8.80;1052;39;3654.00;115
9528;37;623566036;9528;313;10576;10691;7.99;0.48;288.59;8.80;1048;39;3655.00;115
9529;37;623566051;9529;318;10577;10691;7.99;0.49;288.68;8.80;1048;39;3656.00;114
9531;37;623566065;9531;313;10577;10691;7.98;0.48;288.73;8.80;1046;39;3657.00;114
9533;37;623566079;9533;321;10582;10697;7.98;0.48;288.78;8.80;1049;39;3658.00;115
9534;37;623566094;9534;318;10582;10697;8.05;0.49;288.78;8.80;1048;39;3659.00;115
9537;37;623566111;9537;323;10582;10697;8.09;0.49;288.83;8.80;1045;39;3660.00;115
9540;37;623566126;9540;316;10582;10697;8.05;0.49;288.86;8.80;1042;39;3661.00;115
9544;37;623566140;9544;320;10584;10701;8.08;0.49;288.89;8.79;1040;39;3662.00;117
9547;37;623566155;9547;315;10586;10702;8.09;0.49;288.91;8.79;1039;39;3663.00;116
9550;37;623566169;9550;315;10586;10702;8.07;0.49;288.99;8.79;1036;39;3664.00;116
9551;37;623566183;9551;320;10587;10703;8.12;0.49;289.00;8.79;1036;39;3665.00;116
9553;37;623566197;9553;320;10587;10703;8.10;0.49;289.06;8.79;1034;39;3666.00;116
9554;37;623566211;9554;317;10587;10703;8.06;0.49;289.13;8.79;1033;39;3667.00;116
9557;37;623566224;9557;317;10587;10703;7.96;0.48;289.16;8.79;1030;39;3668.00;116
9561;37;623566238;9561;327;10587;10703;7.87;0.48;289.26;8.79;1026;39;3669.00;116
9565;37;623566252;9565;331;10588;10703;7.79;0.47;289.26;8.80;1023;39;3670.00;115
9571;37;623566265;9571;330;10588;10703;7.66;0.46;289.33;8.80;1017;39;3671.00;115
9575;37;623566279;9575;335;10617;10773;7.62;0.46;289.40;8.77;1042;39;3672.00;156
9579;37;623566299;9579;329;10618;10774;7.56;0.46;289.35;8.77;1039;39;3673.00;156
9584;37;623566316;9584;327;10622;10774;7.51;0.46;289.54;8.77;1038;39;3674.00;152
9588;37;623566336;9588;320;10630;10774;7.44;0.45;289.51;8.80;1042;39;3675.00;144
9589;37;623566353;9589;318;10632;10774;7.43;0.45;289.49;8.80;1043;39;3676.00;142
9594;37;623566368;9594;304;10636;10774;7.39;0.45;289.58;8.79;1042;39;3677.00;138
9597;37;623566382;9597;306;10638;10774;7.37;0.45;289.59;8.79;1041;39;3678.00;136
9602;37;623566395;9602;308;10640;10774;7.35;0.45;289.52;8.79;1038;39;3679.00;134
9603;37;623566409;9603;309;10642;10775;7.34;0.45;289.51;8.79;1039;39;3680.00;133
9604;37;623566421;9604;307;10643;10776;7.31;0.45;289.50;8.79;1039;39;3681.00;133
9605;37;623566434;9605;313;10645;10776;7.31;0.45;289.48;8.79;1040;39;3682.00;131
9606;37;623566448;9606;313;10650;10780;7.25;0.44;289.46;8.79;1044;39;3683.00;130
9609;37;623566461;9609;309;10652;10780;7.21;0.44;289.43;8.79;1043;39;3684.00;128
9611;37;623566475;9611;316;10653;10780;7.21;0.44;289.40;8.79;1042;39;3685.00;127
9615;37;623566487;9615;319;10654;10780;7.26;0.44;289.39;8.79;1039;39;3686.00;126
9617;37;623566500;9617;325;10658;10786;7.39;0.45;289.43;8.79;1041;39;3687.00;128
9620;37;623566513;9620;323;10660;10786;7.45;0.46;289.53;8.80;1040;39;3688.00;126
9621;37;623566527;9621;320;10660;10786;7.42;0.45;289.51;8.80;1039;39;3689.00;126
9626;37;623566541;9626;330;10665;10792;7.40;0.45;289.48;8.80;1039;39;3690.00;127
9628;37;623566555;9628;336;10667;10792;7.30;0.45;289.45;8.80;1039;39;3691.00;125
9632;37;623566567;9632;337;10670;10792;7.24;0.44;289.46;8.81;1038;39;3692.00;122
9633;37;623566580;9633;338;10670;10793;7.15;0.44;289.47;8.81;1037;39;3693.00;123
9637;37;623566593;9637;340;10673;10794;7.08;0.43;289.41;8.81;1036;39;3694.00;121
9641;37;623566605;9641;353;10674;10794;6.98;0.43;289.33;8.82;1033;39;3695.00;120
9643;37;623566617;9643;354;10683;10807;6.98;0.43;289.32;8.81;1040;39;3696.00;124
9649;37;623566630;9649;355;10685;10807;6.92;0.42;289.32;8.82;1036;39;3697.00;122
9650;37;623566643;9650;358;10686;10807;6.92;0.42;289.33;8.82;1036;39;3698.00;121
9655;37;623566656;9655;366;10687;10808;6.89;0.42;289.27;8.82;1032;39;3699.00;121
9659;37;623566669;9659;364;10690;10808;6.85;0.42;289.24;8.85;1031;39;3700.00;118
9661;37;623566686;9661;368;10694;10812;6.85;0.42;289.28;8.85;1033;39;3701.00;118
9663;37;623566699;9663;378;10696;10812;6.75;0.41;289.25;8.87;1033;39;3702.00;116
9663;37;623566711;9663;385;10700;10816;6.69;0.41;289.25;8.88;1037;39;3703.00;116
9667;37;623566723;9667;388;10701;10816;6.57;0.40;289.27;8.89;1034;39;3704.00;115
9668;37;623566736;9668;395;10703;10816;6.48;0.40;289.27;8.91;1035;39;3705.00;113
9673;37;623566748;9673;402;10703;10816;6.35;0.39;289.18;8.91;1030;39;3706.00;113
9676;37;623566762;9676;407;10704;10816;6.30;0.38;289.18;8.92;1028;39;3707.00;112
9677;37;623566774;9677;412;10716;10828;6.28;0.38;289.15;8.93;1039;39;3708.00;112
9680;37;623566787;9680;421;10719;10828;6.22;0.38;289.13;8.95;1039;39;3709.00;109
9682;37;623566798;9682;433;10719;10828;6.16;0.38;289.08;8.95;1037;39;3710.00;109
9682;37;623566809;9682;433;10723;10828;6.13;0.37;289.08;8.99;1041;39;3711.00;105
9683;37;623566821;9683;437;10723;10828;6.05;0.37;289.06;8.99;1040;39;3712.00;105
9684;37;623566832;9684;439;10726;10828;5.96;0.36;289.05;9.01;1042;39;3713.00;102
9684;37;623566844;9684;448;10727;10829;5.88;0.36;289.05;9.01;1043;39;3714.00;102
9686;37;623566855;9686;443;10728;10829;5.81;0.36;289.04;9.02;1042;39;3715.00;101
9686;37;623566867;9686;435;10736;10835;5.85;0.36;289.04;9.04;1050;39;3716.00;99
9688;37;623566879;9688;436;10737;10836;5.81;0.36;289.03;9.04;1049;39;3717.00;99
9689;37;623566893;9689;435;10738;10836;5.82;0.36;289.02;9.04;1049;39;3718.00;98
9690;37;623566906;9690;429;10741;10836;5.81;0.36;289.00;9.06;1051;39;3719.00;95
9693;37;623566923;9693;421;10744;10841;5.78;0.35;289.04;9.06;1051;39;3720.00;97
9693;37;623566936;9693;420;10746;10841;5.76;0.35;289.04;9.07;1053;39;3721.00;95
9696;37;623566949;9696;421;10746;10841;5.72;0.35;288.99;9.07;1050;39;3722.00;95
9697;37;623566962;9697;426;10748;10842;5.74;0.35;288.97;9.08;1051;39;3723.00;94
9703;37;623566974;9703;419;10752;10846;5.71;0.35;288.87;9.09;1049;39;3724.00;94
9704;37;623566992;9704;415;10754;10846;5.75;0.35;288.88;9.10;1050;39;3725.00;92
9704;37;623567003;9704;413;10756;10849;5.81;0.36;288.88;9.10;1052;39;3726.00;93
9706;37;623567015;9706;411;10757;10849;5.81;0.36;288.85;9.11;1051;39;3727.00;92
9707;37;623567026;9707;414;10760;10849;5.85;0.36;288.83;9.11;1053;39;3728.00;89
9708;37;623567037;9708;412;10761;10849;5.84;0.36;288.83;9.12;1053;39;3729.00;88
9709;37;623567055;9709;413;10765;10853;5.92;0.36;288.81;9.12;1056;39;3730.00;88
9713;37;623567066;9713;406;10767;10853;5.94;0.36;288.75;9.13;1054;39;3731.00;86
9716;37;623567077;9716;405;10767;10853;5.90;0.36;288.73;9.13;1051;39;3732.00;86
9718;37;623567088;9718;411;10767;10853;5.83;0.35;288.70;9.13;1049;39;3733.00;86
9721;37;623567099;9721;411;10768;10854;5.78;0.35;288.68;9.14;1047;39;3734.00;86
9723;37;623567111;9723;411;10770;10856;5.71;0.35;288.67;9.13;1047;39;3735.00;86
9729;37;623567122;9729;410;10771;10856;5.67;0.34;288.71;9.14;1042;39;3736.00;85
9733;37;623567133;9733;413;10774;10857;5.61;0.34;288.73;9.16;1041;39;3737.00;83
9734;37;623567145;9734;407;10775;10857;5.60;0.34;288.72;9.16;1041;39;3738.00;82
9738;37;623567156;9738;407;10775;10857;5.51;0.33;288.71;9.16;1037;39;3739.00;82
9742;37;623567167;9742;407;10775;10857;5.47;0.33;288.81;9.16;1033;39;3740.00;82
9746;37;623567178;9746;399;10776;10857;5.45;0.33;288.87;9.17;1030;39;3741.00;81
9749;37;623567189;9749;400;10777;10857;5.41;0.33;288.93;9.17;1028;39;3742.00;80
9752;37;623567200;9752;394;10778;10857;5.41;0.33;288.91;9.18;1026;39;3743.00;79
9754;37;623567211;9754;403;10840;10984;5.76;0.36;288.98;9.13;1086;39;3744.00;144
9758;37;623567232;9758;402;10844;10985;5.73;0.36;289.05;9.13;1086;39;3745.00;141
9761;37;623567244;9761;400;10854;10985;5.78;0.36;289.09;9.13;1093;39;3746.00;131
9763;37;623567256;9763;398;10856;10985;5.81;0.36;289.16;9.13;1093;39;3747.00;129
9764;37;623567267;9764;396;10863;10985;5.86;0.36;289.17;9.12;1099;39;3748.00;122
9768;37;623567279;9768;394;10867;10985;5.85;0.36;289.31;9.13;1099;39;3749.00;118
9773;37;623567293;9773;390;10870;10990;5.84;0.36;289.44;9.12;1097;39;3750.00;120
9775;37;623567305;9775;384;10872;10990;5.87;0.36;289.50;9.12;1097;39;3751.00;118
9777;37;623567317;9777;384;10874;10991;5.95;0.37;289.48;9.12;1097;39;3752.00;117
9781;37;623567329;9781;376;10876;10992;5.99;0.37;289.52;9.12;1095;39;3753.00;116
9784;37;623567342;9784;380;10881;10992;6.06;0.37;289.66;9.12;1097;39;3754.00;111
9787;37;623567354;9787;389;10884;10993;6.07;0.37;289.64;9.12;1097;39;3755.00;109
9791;37;623567368;9791;390;10887;10993;6.14;0.38;289.61;9.12;1096;39;3756.00;106
9795;37;623567381;9795;396;10888;10993;6.17;0.38;289.74;9.12;1093;39;3757.00;105
9798;37;623567394;9798;390;10892;10993;6.22;0.38;289.77;9.13;1094;39;3758.00;101
9800;37;623567406;9800;390;10896;10997;6.30;0.39;289.80;9.13;1096;39;3759.00;101
9803;37;623567419;9803;386;10898;10997;6.32;0.39;289.83;9.13;1095;39;3760.00;99
9809;37;623567432;9809;384;10899;10997;6.40;0.39;289.90;9.13;1090;39;3761.00;98
9813;37;623567445;9813;376;10902;11000;6.44;0.39;289.90;9.13;1089;39;3762.00;98
9817;37;623567458;9817;372;10903;11000;6.43;0.39;290.02;9.13;1086;39;3763.00;97
9821;37;623567472;9821;373;10905;11000;6.45;0.39;290.04;9.13;1084;39;3764.00;95
9825;37;623567485;9825;374;10910;11004;6.48;0.40;290.08;9.13;1085;39;3765.00;94
9828;37;623567499;9828;374;10913;11005;6.54;0.40;290.09;9.22;1085;39;3766.00;92
9831;37;623567513;9831;378;10914;11005;6.53;0.40;290.15;9.22;1083;39;3767.00;91
9834;37;623567526;9834;386;10917;11009;6.54;0.40;290.12;9.22;1083;39;3768.00;92
9841;37;623567539;9841;387;10918;11009;6.51;0.40;290.24;9.22;1077;39;3769.00;91
9847;37;623567553;9847;388;10919;11009;6.48;0.39;290.20;9.22;1072;39;3770.00;90
9850;37;623567571;9850;376;10921;11010;6.50;0.40;290.21;9.22;1071;39;3771.00;89
9853;37;623567584;9853;376;10921;11010;6.49;0.39;290.21;9.22;1068;39;3772.00;89
9856;37;623567597;9856;375;10926;11016;6.46;0.39;290.29;9.22;1070;39;3773.00;90
9860;37;623567610;9860;381;10927;11016;6.42;0.39;290.43;9.22;1067;39;3774.00;89
9864;37;623567623;9864;390;10927;11017;6.37;0.39;290.50;9.22;1063;39;3775.00;90
9867;37;623567635;9867;392;10927;11017;6.37;0.39;290.51;9.22;1060;39;3776.00;90
9870;37;623567648;9870;390;10927;11017;6.32;0.39;290.53;9.22;1057;39;3777.00;90
9873;37;623567661;9873;382;10928;11017;6.29;0.38;290.50;9.22;1055;39;3778.00;89
9878;37;623567674;9878;390;10928;11017;6.24;0.38;290.54;9.22;1050;39;3779.00;89
9881;37;623567688;9881;384;10953;11053;6.34;0.39;290.61;9.20;1072;39;3780.00;100
9883;37;623567703;9883;382;10954;11053;6.30;0.39;290.63;9.20;1071;39;3781.00;99
9885;37;623567716;9885;384;10956;11053;6.37;0.39;290.75;9.20;1071;39;3782.00;97
9886;37;623567728;9886;381;10956;11053;6.36;0.39;290.75;9.20;1070;39;3783.00;97
9893;37;623567741;9893;381;10957;11053;6.31;0.39;290.80;9.20;1064;39;3784.00;96
9896;37;623567754;9896;383;10959;11053;6.26;0.38;290.79;9.28;1063;39;3785.00;94
9901;37;623567766;9901;378;10962;11057;6.24;0.38;290.92;9.28;1061;39;3786.00;95
9904;37;623567779;9904;374;10962;11057;6.14;0.38;290.91;9.28;1058;39;3787.00;95
9906;37;623567793;9906;363;10967;11061;6.15;0.38;290.97;9.28;1061;39;3788.00;94
9908;37;623567806;9908;357;10968;11062;6.16;0.38;290.97;9.28;1060;39;3789.00;94
9912;37;623567819;9912;360;10968;11062;6.18;0.38;290.99;9.28;1056;39;3790.00;94
9916;37;623567831;9916;357;10968;11062;6.24;0.38;291.07;9.28;1052;39;3791.00;94
9920;37;623567845;9920;362;10978;11075;6.30;0.39;291.12;9.27;1058;39;3792.00;97
9925;37;623567859;9925;364;10979;11075;6.28;0.38;291.12;9.27;1054;39;3793.00;96
9929;37;623567872;9929;364;10980;11075;6.29;0.38;291.13;9.35;1051;39;3794.00;95
9931;37;623567885;9931;371;10981;11076;6.34;0.39;291.16;9.35;1050;39;3795.00;95
9934;37;623567898;9934;358;10981;11077;6.32;0.39;291.20;9.35;1047;39;3796.00;96
9936;37;623567915;9936;348;10981;11077;6.34;0.39;291.19;9.35;1045;39;3797.00;96
9938;37;623567946;9938;346;10983;11080;6.39;0.39;291.25;9.35;1045;39;3798.00;97
9942;37;623567983;9942;338;10983;11080;6.39;0.39;291.40;9.35;1041;39;3799.00;97
9943;37;623568004;9943;344;10984;11080;6.38;0.39;291.41;9.35;1041;39;3800.00;96
9947;37;623568030;9947;335;10984;11080;6.40;0.39;291.39;9.35;1037;39;3801.00;96
9949;37;623568045;9949;336;10990;11086;6.48;0.39;291.40;9.43;1041;39;3802.00;96
9951;37;623568061;9951;335;10990;11086;6.53;0.40;291.46;9.43;1039;39;3803.00;96
9951;37;623568075;9951;327;10990;11086;6.63;0.40;291.46;9.43;1039;39;3804.00;96
9953;37;623568089;9953;320;10990;11086;6.71;0.41;291.42;9.43;1037;39;3805.00;96
9953;37;623568103;9953;318;10994;11090;6.73;0.41;291.42;9.51;1041;39;3806.00;96
9954;37;623568117;9954;314;10995;11091;6.79;0.41;291.42;9.51;1041;39;3807.00;96
9956;37;623568131;9956;319;10995;11091;6.85;0.42;291.46;9.51;1039;39;3808.00;96
9958;37;623568145;9958;318;10996;11092;6.92;0.42;291.47;9.51;1038;39;3809.00;96
9966;37;623568160;9966;320;10996;11092;6.90;0.42;291.57;9.51;1030;39;3810.00;96
9970;37;623568173;9970;322;10996;11092;6.97;0.42;291.59;9.51;1026;39;3811.00;96
9973;37;623568186;9973;320;10996;11092;7.01;0.43;291.65;9.51;1023;39;3812.00;96
9975;37;623568199;9975;317;10996;11092;7.02;0.43;291.63;9.51;1021;39;3813.00;96
9981;37;623568220;9981;320;10996;11092;7.04;0.43;291.67;9.51;1015;39;3814.00;96
9984;37;623568234;9984;320;10996;11092;7.09;0.43;291.64;9.51;1012;39;3815.00;96
9988;37;623568248;9988;333;11031;11162;7.04;0.43;291.62;9.48;1043;39;3816.00;131
9988;37;623568268;9988;329;11031;11163;7.08;0.43;291.62;9.48;1043;39;3817.00;132
9989;37;623568282;9989;326;11038;11163;7.19;0.44;291.62;9.47;1049;39;3818.00;125
9990;37;623568300;9990;323;11039;11163;7.19;0.44;291.66;9.47;1049;39;3819.00;124
9992;37;623568313;9992;332;11042;11163;7.27;0.44;291.74;9.47;1050;39;3820.00;121
9993;37;623568333;9993;337;11047;11163;7.35;0.45;291.71;9.47;1054;39;3821.00;116
9996;37;623568347;9996;338;11051;11163;7.42;0.45;291.87;9.47;1055;39;3822.00;112
9998;37;623568361;9998;339;11054;11163;7.46;0.45;292.01;9.47;1056;39;3823.00;109
10000;37;623568374;10000;341;11056;11164;7.47;0.45;291.99;9.47;1056;39;3824.00;108
10004;37;623568389;10004;343;11059;11166;7.39;0.45;292.02;9.46;1055;39;3825.00;107
10006;37;623568403;10006;351;11061;11166;7.37;0.45;292.08;9.47;1055;39;3826.00;105
10008;37;623568417;10008;347;11066;11170;7.35;0.45;292.07;9.46;1058;39;3827.00;104
10011;37;623568430;10011;350;11067;11170;7.31;0.44;292.13;9.46;1056;39;3828.00;103
10013;37;623568445;10013;350;11067;11170;7.34;0.45;292.11;9.46;1054;39;3829.00;103
10015;37;623568458;10015;347;11067;11170;7.33;0.44;292.20;9.46;1052;39;3830.00;103
10017;37;623568471;10017;344;11071;11176;7.37;0.45;292.22;9.46;1054;39;3831.00;105
10017;37;623568486;10017;344;11071;11176;7.43;0.45;292.22;9.46;1054;39;3832.00;105
10019;37;623568499;10019;340;11071;11176;7.43;0.45;292.23;9.46;1052;39;3833.00;105
10024;37;623568513;10024;341;11074;11179;7.40;0.45;292.24;9.54;1050;39;3834.00;105
10028;37;623568528;10028;344;11074;11179;7.32;0.44;292.22;9.54;1046;39;3835.00;105
10030;37;623568541;10030;342;11075;11179;7.28;0.44;292.21;9.54;1045;39;3836.00;104
10033;37;623568555;10033;342;11075;11180;7.27;0.44;292.22;9.54;1042;39;3837.00;105
10035;37;623568568;10035;341;11076;11181;7.26;0.44;292.25;9.54;1041;39;3838.00;105
10038;37;623568581;10038;338;11076;11181;7.18;0.44;292.23;9.54;1038;39;3839.00;105
10041;37;623568597;10041;343;11092;11207;7.11;0.43;292.25;9.53;1051;39;3840.00;115
10042;37;623568616;10042;346;11093;11207;7.06;0.43;292.23;9.53;1051;39;3841.00;114
10048;37;623568631;10048;341;11095;11207;7.01;0.43;292.25;9.53;1047;39;3842.00;112
10049;37;623568645;10049;342;11097;11208;7.02;0.43;292.25;9.52;1048;39;3843.00;111
10052;37;623568658;10052;342;11098;11208;7.02;0.43;292.28;9.54;1046;39;3844.00;110
10055;37;623568671;10055;346;11101;11212;7.01;0.43;292.21;9.53;1046;39;3845.00;111
10058;37;623568684;10058;355;11104;11214;7.00;0.42;292.26;9.54;1046;39;3846.00;110
10064;37;623568698;10064;353;11107;11218;6.94;0.42;292.25;9.54;1043;39;3847.00;111
10066;37;623568710;10066;350;11107;11218;6.92;0.42;292.28;9.54;1041;39;3848.00;111
10072;37;623568723;10072;351;11108;11218;6.86;0.42;292.37;9.63;1036;39;3849.00;110
10074;37;623568735;10074;353;11108;11218;6.79;0.41;292.35;9.63;1034;39;3850.00;110
10081;37;623568746;10081;359;11108;11218;6.71;0.41;292.28;9.63;1027;39;3851.00;110
10083;37;623568758;10083;367;11117;11230;6.71;0.41;292.24;9.62;1034;39;3852.00;113
10084;37;623568771;10084;367;11118;11230;6.67;0.41;292.21;9.62;1034;39;3853.00;112
10086;37;623568783;10086;367;11119;11230;6.62;0.40;292.17;9.62;1033;39;3854.00;111
10089;37;623568794;10089;371;11119;11230;6.58;0.40;292.15;9.62;1030;39;3855.00;111
10091;37;623568806;10091;373;11119;11230;6.54;0.40;292.17;9.62;1028;39;3856.00;111
10096;37;623568817;10096;380;11119;11230;6.48;0.39;292.16;9.62;1023;39;3857.00;111
10097;37;623568828;10097;385;11120;11231;6.45;0.39;292.13;9.62;1023;39;3858.00;111
10099;37;623568841;10099;383;11120;11231;6.33;0.38;292.17;9.62;1021;39;3859.00;111
10100;37;623568853;10100;400;11126;11237;6.30;0.38;292.16;9.63;1026;39;3860.00;111
10101;37;623568866;10101;402;11127;11238;6.23;0.38;292.14;9.63;1026;39;3861.00;111
10105;37;623568879;10105;407;11129;11238;6.16;0.37;292.18;9.63;1024;39;3862.00;109
10106;37;623568891;10106;410;11129;11238;6.09;0.37;292.15;9.63;1023;39;3863.00;109
10109;37;623568908;10109;410;11136;11242;6.07;0.37;292.10;9.73;1027;39;3864.00;106
10110;37;623568922;10110;420;11136;11242;6.04;0.37;292.09;9.73;1026;39;3865.00;106
10111;37;623568933;10111;420;11137;11242;6.00;0.36;292.11;9.74;1026;39;3866.00;105
10113;37;623568945;10113;411;11138;11243;6.03;0.37;292.12;9.74;1025;39;3867.00;105
10114;37;623568958;10114;403;11141;11247;6.03;0.37;292.12;9.73;1027;39;3868.00;106
10116;37;623568969;10116;399;11141;11247;6.07;0.37;292.16;9.73;1025;39;3869.00;106
10117;37;623568982;10117;397;11147;11253;6.13;0.37;292.15;9.75;1030;39;3870.00;106
10117;37;623568994;10117;398;11148;11253;6.15;0.37;292.15;9.75;1031;39;3871.00;105
10120;37;623569006;10120;389;11150;11253;6.15;0.37;292.12;9.76;1030;39;3872.00;103
10122;37;623569018;10122;392;11151;11253;6.14;0.37;292.09;9.77;1029;39;3873.00;102
10125;37;623569029;10125;390;11155;11257;6.23;0.38;292.12;9.77;1030;39;3874.00;102
10128;37;623569041;10128;401;11156;11257;6.27;0.38;292.12;9.78;1028;39;3875.00;101
10129;37;623569053;10129;398;11158;11257;6.27;0.38;292.11;9.80;1029;39;3876.00;99
10130;37;623569070;10130;396;11158;11257;6.26;0.38;292.09;9.80;1028;39;3877.00;99
10130;37;623569081;10130;390;11160;11258;6.26;0.38;292.09;9.81;1030;39;3878.00;98
10130;37;623569092;10130;396;11161;11259;6.28;0.38;292.09;9.81;1031;39;3879.00;98
10130;37;623569104;10130;401;11162;11259;6.19;0.38;292.09;9.82;1032;39;3880.00;97
10133;37;623569120;10133;408;11164;11260;6.15;0.37;292.10;9.83;1031;39;3881.00;96
10133;38;623569131;10133;407;11165;11260;6.12;0.37;292.10;9.83;1032;40;3882.00;95
10134;38;623569148;10134;412;11166;11260;6.07;0.37;292.09;9.84;1032;40;3883.00;94
10135;38;623569159;10135;422;11166;11260;6.05;0.37;292.08;9.84;1031;40;3884.00;94
10135;38;623569170;10135;429;11167;11260;6.02;0.37;292.08;9.85;1032;40;3885.00;93
10138;38;623569181;10138;430;11167;11260;5.98;0.37;292.06;9.85;1029;40;3886.00;93
10139;38;623569192;10139;433;11167;11260;5.92;0.36;292.07;9.85;1028;40;3887.00;93
10140;38;623569203;10140;447;11234;11387;6.17;0.38;292.06;9.83;1094;40;3888.00;153
10145;38;623569223;10145;440;11237;11388;6.09;0.38;292.12;9.83;1092;40;3889.00;151
10146;38;623569235;10146;436;11250;11388;6.13;0.38;292.10;9.83;1104;40;3890.00;138
10148;38;623569250;10148;430;11257;11388;6.09;0.38;292.11;9.84;1109;40;3891.00;131
10150;38;623569262;10150;425;11263;11388;6.05;0.37;292.08;9.83;1113;40;3892.00;125
10150;38;623569273;10150;423;11265;11388;5.99;0.37;292.08;9.83;1115;40;3893.00;123
10153;38;623569285;10153;427;11268;11388;5.94;0.37;292.08;9.84;1115;40;3894.00;120
10154;38;623569296;10154;431;11271;11388;5.94;0.37;292.09;9.84;1117;40;3895.00;117
10157;38;623569308;10157;436;11276;11389;5.96;0.37;292.06;9.87;1119;40;3896.00;113
10159;38;623569319;10159;444;11280;11390;5.99;0.37;292.10;9.87;1121;40;3897.00;110
10163;38;623569331;10163;447;11283;11390;6.00;0.37;292.12;9.87;1120;40;3898.00;107
10164;38;623569343;10164;450;11287;11391;5.94;0.37;292.09;9.88;1123;40;3899.00;104
10166;38;623569360;10166;460;11296;11406;5.82;0.36;292.14;9.87;1130;40;3900.00;110
10168;38;623569379;10168;464;11300;11406;5.72;0.35;292.18;9.89;1132;40;3901.00;106
10172;38;623569391;10172;474;11300;11406;5.63;0.35;292.14;9.89;1128;40;3902.00;106
10178;38;623569402;10178;478;11303;11410;5.53;0.34;292.11;9.88;1125;40;3903.00;107
10183;38;623569415;10183;479;11305;11410;5.40;0.33;292.15;9.89;1122;40;3904.00;105
10187;38;623569427;10187;487;11307;11410;5.32;0.33;292.11;9.90;1120;40;3905.00;103
10189;38;623569439;10189;489;11311;11413;5.23;0.32;292.25;9.90;1122;40;3906.00;102
10192;38;623569450;10192;498;11313;11413;5.19;0.32;292.27;9.91;1121;40;3907.00;100
10194;38;623569462;10194;489;11314;11413;5.14;0.32;292.33;9.91;1120;40;3908.00;99
10198;38;623569474;10198;496;11318;11417;5.12;0.32;292.36;9.91;1120;40;3909.00;99
10201;38;623569486;10201;487;11321;11418;5.13;0.32;292.45;9.92;1120;40;3910.00;97
10204;38;623569498;10204;480;11324;11418;5.16;0.32;292.56;9.92;1120;40;3911.00;94
10205;38;623569510;10205;478;11330;11422;5.24;0.32;292.57;9.93;1125;40;3912.00;92
10213;38;623569523;10213;472;11331;11422;5.23;0.32;292.68;9.93;1118;40;3913.00;91
10214;38;623569541;10214;473;11332;11422;5.29;0.33;292.70;9.93;1118;40;3914.00;90
10217;38;623569553;10217;468;11335;11424;5.29;0.33;292.75;9.93;1118;40;3915.00;89
10221;38;623569565;10221;467;11337;11424;5.30;0.33;292.85;9.94;1116;40;3916.00;87
10223;38;623569577;10223;462;11341;11430;5.40;0.33;292.90;9.94;1118;40;3917.00;89
10229;38;623569590;10229;457;11343;11430;5.42;0.33;292.97;9.94;1114;40;3918.00;87
10236;38;623569602;10236;455;11343;11431;5.46;0.33;293.09;9.94;1107;40;3919.00;88
10239;38;623569615;10239;450;11343;11431;5.52;0.34;293.15;9.94;1104;40;3920.00;88
10240;38;623569627;10240;440;11344;11431;5.61;0.34;293.13;9.94;1104;40;3921.00;87
10242;38;623569640;10242;433;11344;11431;5.71;0.35;293.20;9.94;1102;40;3922.00;87
10244;38;623569652;10244;427;11344;11431;5.82;0.36;293.24;9.94;1100;40;3923.00;87
10247;38;623569665;10247;428;11354;11443;5.99;0.37;293.26;9.94;1107;40;3924.00;89
10252;38;623569684;10252;415;11356;11443;6.02;0.37;293.35;9.94;1104;40;3925.00;87
10254;38;623569697;10254;408;11356;11443;6.08;0.37;293.35;9.94;1102;40;3926.00;87
10260;38;623569710;10260;402;11357;11443;6.11;0.37;293.41;9.94;1097;40;3927.00;86
10264;38;623569723;10264;398;11357;11443;6.14;0.37;293.50;9.94;1093;40;3928.00;86
10267;38;623569736;10267;391;11357;11443;6.19;0.38;293.54;9.94;1090;40;3929.00;86
10271;38;623569750;10271;399;11362;11447;6.21;0.38;293.60;9.93;1091;40;3930.00;85
10274;38;623569763;10274;390;11362;11447;6.25;0.38;293.79;9.93;1088;40;3931.00;85
10277;38;623569776;10277;386;11366;11451;6.29;0.38;293.85;9.93;1089;40;3932.00;85
10281;38;623569789;10281;388;11367;11452;6.27;0.38;293.89;9.93;1086;40;3933.00;85
10288;38;623569808;10288;392;11367;11452;6.18;0.38;294.04;9.93;1079;40;3934.00;85
10292;38;623569821;10292;398;11367;11452;6.15;0.37;294.08;9.93;1075;40;3935.00;85
10295;38;623569834;10295;398;11376;11465;6.11;0.37;294.20;9.92;1081;40;3936.00;89
10304;38;623569848;10304;400;11376;11465;6.05;0.37;294.32;9.92;1072;40;3937.00;89
10308;38;623569861;10308;401;11376;11465;6.01;0.36;294.37;9.92;1068;40;3938.00;89
10314;38;623569874;10314;394;11377;11466;6.01;0.36;294.53;9.92;1063;40;3939.00;89
10320;38;623569887;10320;394;11377;11467;6.06;0.37;294.63;9.92;1057;40;3940.00;90
10321;38;623569900;10321;393;11377;11467;6.14;0.37;294.69;9.92;1056;40;3941.00;90
10325;38;623569916;10325;397;11380;11470;6.20;0.38;294.74;9.92;1055;40;3942.00;90
10329;38;623569940;10329;394;11381;11470;6.22;0.38;294.79;10.01;1052;40;3943.00;89
10331;38;623569961;10331;386;11383;11470;6.26;0.38;294.81;10.01;1052;40;3944.00;87
10335;38;623569980;10335;388;11383;11470;6.25;0.38;294.84;10.01;1048;40;3945.00;87
10338;38;623570000;10338;385;11388;11476;6.24;0.38;294.92;10.01;1050;40;3946.00;88
10342;38;623570021;10342;389;11388;11476;6.23;0.38;294.94;10.01;1046;40;3947.00;88
10345;38;623570036;10345;390;11388;11476;6.21;0.38;294.99;10.01;1043;40;3948.00;88
10350;38;623570049;10350;391;11388;11476;6.17;0.38;295.05;10.01;1038;40;3949.00;88
10352;38;623570063;10352;389;11391;11480;6.20;0.38;295.05;10.01;1039;40;3950.00;89
10355;38;623570076;10355;388;11392;11481;6.16;0.38;295.09;10.00;1037;40;3951.00;89
10358;38;623570090;10358;381;11392;11481;6.10;0.37;295.09;10.00;1034;40;3952.00;89
10362;38;623570103;10362;384;11393;11482;6.04;0.37;295.15;10.00;1031;40;3953.00;89
10366;38;623570116;10366;388;11393;11482;6.00;0.37;295.15;10.00;1027;40;3954.00;89
10367;38;623570129;10367;390;11393;11482;5.96;0.37;295.17;10.00;1026;40;3955.00;89
10373;38;623570142;10373;399;11393;11482;5.94;0.36;295.12;10.00;1020;40;3956.00;89
10378;38;623570155;10378;391;11394;11482;5.91;0.36;295.10;10.10;1016;40;3957.00;88
10382;38;623570168;10382;385;11394;11482;5.84;0.36;295.16;10.10;1012;40;3958.00;88
10384;38;623570181;10384;382;11394;11482;5.80;0.35;295.24;10.10;1010;40;3959.00;88
10388;38;623570194;10388;401;11466;11607;5.85;0.36;295.33;10.03;1078;40;3960.00;141
10390;38;623570217;10390;387;11469;11608;5.82;0.36;295.40;10.13;1079;40;3961.00;139
10394;38;623570230;10394;381;11475;11608;5.89;0.36;295.39;10.12;1081;40;3962.00;133
10397;38;623570250;10397;377;11476;11608;5.89;0.36;295.45;10.21;1079;40;3963.00;132
10399;38;623570264;10399;386;11482;11608;5.95;0.37;295.48;10.21;1083;40;3964.00;126
10400;38;623570284;10400;383;11484;11608;6.01;0.37;295.53;10.21;1084;40;3965.00;124
10402;38;623570297;10402;379;11488;11608;6.02;0.37;295.58;10.21;1086;40;3966.00;120
10402;38;623570311;10402;377;11492;11608;6.02;0.37;295.58;10.30;1090;40;3967.00;116
10407;38;623570325;10407;377;11497;11609;6.00;0.37;295.66;10.30;1090;40;3968.00;112
10410;38;623570339;10410;382;11499;11610;5.93;0.36;295.69;10.30;1089;40;3969.00;111
10414;38;623570355;10414;381;11503;11610;5.91;0.36;295.68;10.30;1089;40;3970.00;107
10416;38;623570370;10416;378;11506;11614;5.90;0.36;295.71;10.30;1090;40;3971.00;108
10421;38;623570385;10421;384;11507;11614;5.87;0.36;295.79;10.30;1086;40;3972.00;107
10422;38;623570399;10422;391;11507;11614;5.89;0.36;295.80;10.30;1085;40;3973.00;107
10425;38;623570416;10425;400;11507;11614;5.92;0.36;295.83;10.30;1082;40;3974.00;107
10429;38;623570429;10429;399;11512;11620;5.97;0.36;295.83;10.29;1083;40;3975.00;108
10435;38;623570444;10435;404;11512;11620;5.98;0.36;295.82;10.29;1077;40;3976.00;108
10436;38;623570460;10436;397;11512;11620;6.05;0.37;295.80;10.29;1076;40;3977.00;108
10439;38;623570476;10439;407;11514;11623;6.07;0.37;295.82;10.29;1075;40;3978.00;109
10440;39;623570490;10440;407;11514;11623;6.10;0.37;295.86;10.29;1074;41;3979.00;109
10443;39;623570515;10443;407;11514;11623;6.13;0.37;295.90;10.29;1071;41;3980.00;109
10446;39;623570529;10446;415;11514;11624;6.12;0.37;295.90;10.29;1068;41;3981.00;110
10446;39;623570542;10446;414;11516;11625;6.12;0.37;295.90;10.29;1070;41;3982.00;109
10450;39;623570555;10450;409;11516;11625;6.11;0.37;295.93;10.29;1066;41;3983.00;109
10452;39;623570568;10452;406;11526;11638;6.12;0.37;295.98;10.28;1074;41;3984.00;112
10454;39;623570581;10454;408;11527;11638;6.16;0.37;296.01;10.28;1073;41;3985.00;111
10455;39;623570595;10455;410;11528;11638;6.17;0.38;296.09;10.38;1073;41;3986.00;110
10455;39;623570607;10455;410;11529;11639;6.18;0.38;296.09;10.37;1074;41;3987.00;110
10457;39;623570620;10457;403;11529;11639;6.19;0.38;296.05;10.37;1072;41;3988.00;110
10459;39;623570632;10459;410;11533;11643;6.21;0.38;296.04;10.37;1074;41;3989.00;110
10461;39;623570649;10461;416;11533;11643;6.25;0.38;296.06;10.37;1072;41;3990.00;110
10466;39;623570663;10466;422;11536;11647;6.22;0.38;296.15;10.37;1070;41;3991.00;111
10469;39;623570676;10469;425;11536;11647;6.26;0.38;296.12;10.37;1067;41;3992.00;111
10470;39;623570690;10470;426;11536;11647;6.33;0.39;296.10;10.37;1066;41;3993.00;111
10472;39;623570703;10472;428;11536;11647;6.34;0.39;296.10;10.37;1064;41;3994.00;111
10472;39;623570716;10472;439;11536;11647;6.38;0.39;296.10;10.37;1064;41;3995.00;111
10474;39;623570728;10474;434;11546;11659;6.45;0.39;296.07;10.36;1072;41;3996.00;113
10475;39;623570740;10475;436;11546;11659;6.47;0.39;296.05;10.36;1071;41;3997.00;113
10478;39;623570753;10478;438;11547;11659;6.48;0.40;295.99;10.36;1069;41;3998.00;112
10482;39;623570765;10482;430;11547;11659;6.51;0.40;295.98;10.36;1065;41;3999.00;112
10485;39;623570779;10485;429;11547;11659;6.51;0.40;295.98;10.36;1062;41;4000.00;112
10485;39;623570795;10485;419;11547;11659;6.53;0.40;295.98;10.36;1062;41;4001.00;112
10488;39;623570808;10488;425;11547;11660;6.53;0.40;295.97;10.36;1059;41;4002.00;113
10490;39;623570820;10490;421;11547;11660;6.51;0.40;295.96;10.36;1057;41;4003.00;113
10493;39;623570833;10493;422;11552;11666;6.52;0.40;295.94;10.35;1059;41;4004.00;114
10495;39;623570846;10495;427;11554;11668;6.48;0.39;295.93;10.35;1059;41;4005.00;114
10496;39;623570858;10496;428;11554;11668;6.44;0.39;295.98;10.35;1058;41;4006.00;114
10497;39;623570870;10497;425;11554;11668;6.38;0.39;296.03;10.35;1057;41;4007.00;114
10501;39;623570881;10501;421;11557;11672;6.36;0.39;296.03;10.35;1056;41;4008.00;115
10502;39;623570893;10502;428;11557;11672;6.31;0.38;296.02;10.35;1055;41;4009.00;115
10507;39;623570905;10507;431;11557;11672;6.22;0.38;296.02;10.35;1050;41;4010.00;115
10510;39;623570917;10510;430;11558;11673;6.12;0.37;296.01;10.35;1048;41;4011.00;115
10512;39;623570930;10512;430;11561;11677;6.03;0.37;296.00;10.35;1049;41;4012.00;116
10516;39;623570942;10516;434;11561;11677;5.96;0.36;295.97;10.35;1045;41;4013.00;116
10516;39;623570953;10516;436;11564;11680;5.94;0.36;295.97;10.36;1048;41;4014.00;116
10519;39;623570968;10519;436;11565;11680;5.95;0.36;296.00;10.36;1046;41;4015.00;115
10520;39;623570979;10520;441;11567;11680;5.92;0.36;296.00;10.46;1047;41;4016.00;113
10523;39;623570990;10523;437;11567;11680;5.91;0.36;295.98;10.46;1044;41;4017.00;113
10527;39;623571003;10527;442;11571;11684;5.91;0.36;295.93;10.46;1044;41;4018.00;113
10530;39;623571015;10530;433;11571;11684;5.91;0.36;295.89;10.46;1041;41;4019.00;113
10531;39;623571028;10531;416;11571;11684;5.98;0.36;295.89;10.46;1040;41;4020.00;113
10532;39;623571045;10532;408;11571;11684;6.02;0.36;295.88;10.46;1039;41;4021.00;113
10533;39;623571056;10533;404;11571;11685;6.05;0.37;295.87;10.46;1038;41;4022.00;114
10534;39;623571068;10534;399;11572;11686;6.07;0.37;295.87;10.46;1038;41;4023.00;114
10536;39;623571080;10536;389;11572;11686;6.08;0.37;295.84;10.46;1036;41;4024.00;114
10539;39;623571092;10539;388;11573;11687;6.10;0.37;295.81;10.46;1034;41;4025.00;114
10541;39;623571109;10541;384;11573;11687;6.09;0.37;295.79;10.46;1032;41;4026.00;114
10542;39;623571120;10542;382;11573;11687;6.09;0.37;295.77;10.46;1031;41;4027.00;114
10542;39;623571132;10542;382;11573;11687;6.06;0.37;295.77;10.46;1031;41;4028.00;114
10545;39;623571149;10545;383;11573;11687;6.08;0.37;295.77;10.46;1028;41;4029.00;114
10546;39;623571160;10546;380;11573;11687;6.09;0.37;295.79;10.46;1027;41;4030.00;114
10549;39;623571171;10549;378;11573;11687;6.10;0.37;295.76;10.46;1024;41;4031.00;114
10549;39;623571183;10549;397;11640;11814;6.30;0.39;295.76;10.40;1091;41;4032.00;174
10550;39;623571204;10550;383;11642;11815;6.23;0.38;295.75;10.40;1092;41;4033.00;173
10550;39;623571216;10550;383;11650;11815;6.24;0.38;295.75;10.39;1100;41;4034.00;165
10551;39;623571228;10551;384;11654;11815;6.18;0.38;295.76;10.39;1103;41;4035.00;161
10551;39;623571239;10551;386;11659;11815;6.16;0.38;295.76;10.40;1108;41;4036.00;156
10554;39;623571251;10554;389;11662;11815;6.12;0.38;295.81;10.40;1108;41;4037.00;153
10557;39;623571263;10557;385;11663;11815;6.11;0.38;295.78;10.40;1106;41;4038.00;152
10557;39;623571275;10557;386;11666;11815;6.18;0.38;295.78;10.39;1109;41;4039.00;149
10558;39;623571293;10558;390;11670;11816;6.25;0.38;295.76;10.41;1112;41;4040.00;146
10559;39;623571305;10559;400;11676;11817;6.30;0.39;295.75;10.41;1117;41;4041.00;141
10560;39;623571318;10560;402;11679;11817;6.32;0.39;295.76;10.41;1119;41;4042.00;138
10562;39;623571330;10562;402;11683;11818;6.30;0.39;295.74;10.43;1121;41;4043.00;135
10565;39;623571342;10565;413;11684;11818;6.29;0.39;295.70;10.43;1119;41;4044.00;134
10566;39;623571354;10566;420;11687;11818;6.34;0.39;295.69;10.44;1121;41;4045.00;131
10571;39;623571367;10571;424;11692;11818;6.32;0.39;295.66;10.45;1121;41;4046.00;126
10574;39;623571379;10574;429;11696;11822;6.35;0.39;295.76;10.45;1122;41;4047.00;126
10576;39;623571392;10576;431;11699;11822;6.34;0.39;295.73;10.46;1123;41;4048.00;123
10580;39;623571404;10580;437;11702;11822;6.27;0.39;295.73;10.47;1122;41;4049.00;120
10582;39;623571418;10582;443;11707;11828;6.23;0.38;295.78;10.48;1125;41;4050.00;121
10586;39;623571431;10586;449;11709;11828;6.18;0.38;295.79;10.49;1123;41;4051.00;119
10587;39;623571443;10587;461;11712;11828;6.12;0.38;295.78;10.50;1125;41;4052.00;116
10588;39;623571455;10588;460;11715;11832;6.03;0.37;295.81;10.49;1127;42;4053.00;117
10593;39;623571475;10593;462;11720;11833;5.97;0.37;295.93;10.51;1127;42;4054.00;113
10593;39;623571488;10593;466;11720;11833;5.88;0.36;295.93;10.51;1127;42;4055.00;113
10597;39;623571499;10597;473;11726;11837;5.80;0.36;295.96;10.52;1129;42;4056.00;111
10598;39;623571512;10598;473;11727;11837;5.74;0.35;295.95;10.54;1129;42;4057.00;110
10599;39;623571528;10599;476;11728;11837;5.68;0.35;295.97;10.54;1129;42;4058.00;109
10602;39;623571540;10602;473;11730;11838;5.57;0.34;296.01;10.55;1128;42;4059.00;108
10603;39;623571558;10603;474;11731;11838;5.52;0.34;295.99;10.55;1128;42;4060.00;107
10608;39;623571570;10608;471;11737;11844;5.53;0.34;295.99;10.56;1129;42;4061.00;107
10610;39;623571583;10610;462;11738;11844;5.53;0.34;296.08;10.56;1128;42;4062.00;106
10612;39;623571596;10612;459;11738;11845;5.54;0.34;296.13;10.56;1126;42;4063.00;107
10613;39;623571607;10613;460;11739;11845;5.56;0.34;296.15;10.57;1126;42;4064.00;106
10618;39;623571620;10618;457;11739;11845;5.54;0.34;296.18;10.57;1121;43;4065.00;106
10618;39;623571636;10618;460;11740;11845;5.56;0.34;296.18;10.58;1122;43;4066.00;105
10621;39;623571648;10621;462;11743;11845;5.60;0.34;296.26;10.61;1122;43;4067.00;102
10624;39;623571661;10624;463;11754;11857;5.71;0.35;296.30;10.60;1130;43;4068.00;103
10624;39;623571673;10624;452;11755;11857;5.77;0.35;296.30;10.61;1131;43;4069.00;102
10627;39;623571686;10627;459;11757;11857;5.80;0.35;296.39;10.62;1130;43;4070.00;100
10627;39;623571697;10627;454;11757;11857;5.83;0.36;296.39;10.62;1130;43;4071.00;100
10631;39;623571709;10631;447;11759;11857;5.75;0.35;296.48;10.64;1128;43;4072.00;98
10636;39;623571721;10636;449;11759;11857;5.71;0.35;296.55;10.64;1123;43;4073.00;98
10639;39;623571733;10639;450;11764;11861;5.62;0.34;296.59;10.65;1125;43;4074.00;97
10644;39;623571750;10644;439;11764;11861;5.56;0.34;296.69;10.65;1120;43;4075.00;97
10647;39;623571762;10647;440;11768;11865;5.54;0.34;296.74;10.65;1121;43;4076.00;97
10650;39;623571779;10650;442;11771;11866;5.49;0.34;296.79;10.66;1121;43;4077.00;95
10654;39;623571792;10654;440;11771;11866;5.41;0.33;296.93;10.66;1117;43;4078.00;95
10661;39;623571803;10661;447;11771;11866;5.33;0.33;296.99;10.66;1110;43;4079.00;95
10662;39;623571817;10662;457;11795;11895;5.35;0.33;297.06;10.65;1133;43;4080.00;100
10666;39;623571831;10666;443;11795;11895;5.32;0.33;297.12;10.65;1129;43;4081.00;100
10669;39;623571843;10669;434;11798;11895;5.35;0.33;297.24;10.66;1129;43;4082.00;97
10673;39;623571854;10673;430;11801;11896;5.39;0.33;297.25;10.66;1128;43;4083.00;95
10676;39;623571866;10676;432;11801;11897;5.41;0.33;297.34;10.66;1125;43;4084.00;96
10681;39;623571878;10681;423;11803;11897;5.44;0.33;297.34;10.67;1122;43;4085.00;94
10684;39;623571892;10684;424;11806;11900;5.46;0.34;297.38;10.67;1122;43;4086.00;94
10688;39;623571905;10688;419;11806;11900;5.50;0.34;297.41;10.67;1118;43;4087.00;94
10691;39;623571924;10691;409;11808;11900;5.52;0.34;297.39;10.67;1117;43;4088.00;92
10696;39;623571947;10696;405;11808;11900;5.58;0.34;297.44;10.67;1112;43;4089.00;92
10704;39;623571977;10704;395;11813;11906;5.63;0.34;297.58;10.67;1109;43;4090.00;93
10707;39;623572009;10707;387;11813;11906;5.68;0.35;297.60;10.67;1106;43;4091.00;93
10712;39;623572030;10712;387;11813;11906;5.72;0.35;297.67;10.67;1101;43;4092.00;93
10716;39;623572045;10716;377;11813;11906;5.74;0.35;297.73;10.67;1097;43;4093.00;93
10718;39;623572060;10718;371;11816;11910;5.80;0.35;297.73;10.67;1098;43;4094.00;94
10721;39;623572073;10721;366;11818;11912;5.88;0.36;297.82;10.67;1097;43;4095.00;94
10725;39;623572088;10725;364;11818;11912;5.96;0.36;297.83;10.67;1093;43;4096.00;94
10726;39;623572102;10726;366;11819;11913;6.09;0.37;297.81;10.67;1093;43;4097.00;94
10730;39;623572115;10730;361;11819;11913;6.16;0.37;297.87;10.67;1089;43;4098.00;94
10733;39;623572130;10733;360;11819;11913;6.21;0.38;297.95;10.67;1086;43;4099.00;94
10738;39;623572144;10738;361;11819;11913;6.22;0.38;297.96;10.67;1081;43;4100.00;94
10740;39;623572162;10740;356;11819;11913;6.21;0.38;297.96;10.67;1079;43;4101.00;94
10745;39;623572176;10745;360;11819;11913;6.19;0.38;298.02;10.67;1074;43;4102.00;94
10747;39;623572190;10747;365;11819;11913;6.21;0.38;298.07;10.67;1072;43;4103.00;94
10752;39;623572204;10752;375;11855;11983;6.24;0.38;298.20;10.63;1103;43;4104.00;128
10758;39;623572223;10758;379;11856;11984;6.24;0.38;298.29;10.63;1098;43;4105.00;128
10761;39;623572237;10761;383;11862;11984;6.34;0.38;298.34;10.63;1101;43;4106.00;122
10765;39;623572251;10765;385;11863;11984;6.32;0.38;298.44;10.63;1098;43;4107.00;121
10770;39;623572265;10770;383;11866;11984;6.25;0.38;298.50;10.63;1096;43;4108.00;118
10775;39;623572277;10775;388;11866;11984;6.17;0.37;298.53;10.63;1091;43;4109.00;118
10780;39;623572293;10780;388;11868;11984;6.12;0.37;298.58;10.62;1088;43;4110.00;116
10785;39;623572306;10785;388;11870;11984;6.09;0.37;298.69;10.62;1085;43;4111.00;114
10791;39;623572319;10791;394;11871;11985;5.95;0.36;298.82;10.62;1080;43;4112.00;114
10795;39;623572331;10795;399;11874;11986;5.88;0.36;298.86;10.62;1079;43;4113.00;112
10800;39;623572348;10800;390;11876;11986;5.85;0.36;298.89;10.73;1076;43;4114.00;110
10802;39;623572363;10802;393;11881;11990;5.87;0.36;298.92;10.72;1079;43;4115.00;109
10804;39;623572376;10804;400;11884;11990;5.87;0.36;298.94;10.72;1080;43;4116.00;106
10805;39;623572389;10805;391;11886;11990;5.91;0.36;298.98;10.72;1081;43;4117.00;104
10807;39;623572402;10807;397;11887;11990;5.92;0.36;298.98;10.72;1080;43;4118.00;103
10812;39;623572415;10812;395;11892;11996;5.91;0.36;298.97;10.72;1080;43;4119.00;104
10815;39;623572428;10815;399;11892;11996;5.89;0.36;299.00;10.72;1077;43;4120.00;104
10822;39;623572442;10822;402;11892;11996;5.81;0.36;299.01;10.72;1070;43;4121.00;104
10823;39;623572456;10823;407;11895;11999;5.84;0.36;299.02;10.72;1072;43;4122.00;104
10827;39;623572470;10827;415;11896;11999;5.74;0.35;299.03;10.72;1069;43;4123.00;103
10829;39;623572483;10829;414;11898;11999;5.71;0.35;299.08;10.72;1069;43;4124.00;101
10831;39;623572496;10831;423;11899;12000;5.59;0.35;299.07;10.72;1068;43;4125.00;101
10836;39;623572509;10836;427;11900;12001;5.54;0.34;299.11;10.72;1064;43;4126.00;101
10841;39;623572523;10841;417;11900;12001;5.48;0.34;299.18;10.72;1059;43;4127.00;101
10842;39;623572537;10842;418;11910;12014;5.53;0.34;299.17;10.71;1068;43;4128.00;104
10848;39;623572551;10848;419;11911;12014;5.49;0.34;299.26;10.71;1063;43;4129.00;103
10853;39;623572565;10853;418;11911;12014;5.49;0.34;299.33;10.71;1058;43;4130.00;103
10854;39;623572577;10854;420;11912;12015;5.52;0.34;299.33;10.71;1058;43;4131.00;103
10859;39;623572591;10859;422;11912;12015;5.49;0.34;299.34;10.71;1053;43;4132.00;103
10860;39;623572604;10860;425;11916;12019;5.52;0.34;299.34;10.71;1056;43;4133.00;103
10862;39;623572617;10862;435;11916;12019;5.46;0.34;299.35;10.71;1054;43;4134.00;103
10865;39;623572629;10865;439;11919;12023;5.39;0.33;299.41;10.70;1054;43;4135.00;104
10867;39;623572643;10867;432;11920;12023;5.36;0.33;299.38;10.81;1053;43;4136.00;103
10869;39;623572662;10869;424;11920;12023;5.39;0.33;299.42;10.81;1051;43;4137.00;103
10873;39;623572675;10873;414;11920;12023;5.45;0.34;299.46;10.81;1047;43;4138.00;103
10875;39;623572689;10875;413;11920;12023;5.48;0.34;299.43;10.81;1045;43;4139.00;103
10878;39;623572703;10878;419;11946;12057;5.58;0.35;299.54;10.78;1068;43;4140.00;111
10883;39;623572719;10883;411;11946;12057;5.61;0.35;299.60;10.78;1063;43;4141.00;111
10887;39;623572732;10887;406;11948;12057;5.72;0.35;299.62;10.78;1061;43;4142.00;109
10889;39;623572746;10889;401;11948;12057;5.80;0.36;299.65;10.78;1059;43;4143.00;109
10892;39;623572759;10892;395;11949;12057;5.84;0.36;299.64;10.78;1057;43;4144.00;108
10895;39;623572773;10895;393;11949;12057;5.91;0.37;299.68;10.78;1054;43;4145.00;108
10897;39;623572786;10897;389;11949;12058;5.94;0.37;299.65;10.78;1052;43;4146.00;109
10900;39;623572799;10900;380;11949;12058;6.01;0.37;299.67;10.78;1049;43;4147.00;109
10904;39;623572812;10904;378;11954;12064;6.08;0.37;299.70;10.78;1050;43;4148.00;110
10908;39;623572826;10908;379;11955;12065;6.12;0.38;299.67;10.78;1047;43;4149.00;110
10911;39;623572840;10911;382;11955;12065;6.09;0.37;299.64;10.78;1044;43;4150.00;110
10915;39;623572853;10915;378;11955;12065;6.09;0.37;299.63;10.78;1040;43;4151.00;110
10920;39;623572866;10920;391;11958;12069;6.15;0.38;299.56;10.77;1038;43;4152.00;111
10921;39;623572879;10921;386;11958;12069;6.22;0.38;299.61;10.77;1037;43;4153.00;111
10926;39;623572893;10926;378;11958;12069;6.23;0.38;299.53;10.77;1032;43;4154.00;111
10927;39;623572906;10927;381;11959;12070;6.29;0.38;299.51;10.77;1032;43;4155.00;111
10929;39;623572922;10929;381;11962;12074;6.33;0.39;299.51;10.77;1033;43;4156.00;112
10931;39;623572947;10931;377;11963;12074;6.41;0.39;299.47;10.88;1032;43;4157.00;111
10933;39;623572960;10933;374;11965;12077;6.53;0.40;299.43;10.87;1032;43;4158.00;112
10937;39;623572974;10937;370;11965;12077;6.59;0.40;299.46;10.87;1028;43;4159.00;112
10941;39;623572986;10941;368;11966;12077;6.60;0.40;299.48;10.87;1025;43;4160.00;111
10942;39;623572998;10942;369;11966;12077;6.63;0.40;299.48;10.87;1024;43;4161.00;111
10943;39;623573010;10943;364;11970;12081;6.71;0.41;299.45;10.87;1027;43;4162.00;111
10944;39;623573023;10944;361;11970;12081;6.74;0.41;299.45;10.87;1026;43;4163.00;111
10946;39;623573034;10946;360;11970;12081;6.76;0.41;299.52;10.87;1024;43;4164.00;111
10948;39;623573046;10948;360;11970;12081;6.80;0.41;299.54;10.87;1022;43;4165.00;111
10950;39;623573058;10950;357;11970;12082;6.79;0.41;299.50;10.87;1020;43;4166.00;112
10951;39;623573070;10951;356;11971;12083;6.83;0.41;299.53;10.87;1020;43;4167.00;112
10951;39;623573081;10951;358;11971;12083;6.81;0.41;299.53;10.87;1020;43;4168.00;112
10953;39;623573093;10953;357;11972;12084;6.76;0.41;299.57;10.87;1019;43;4169.00;112
10953;39;623573106;10953;356;11972;12084;6.78;0.41;299.57;10.87;1019;43;4170.00;112
10954;39;623573118;10954;335;11972;12084;6.83;0.41;299.62;10.87;1018;43;4171.00;112
10954;39;623573131;10954;329;11972;12084;6.86;0.42;299.62;10.87;1018;43;4172.00;112
10955;39;623573142;10955;321;11975;12086;6.86;0.42;299.63;10.97;1020;43;4173.00;111
10958;39;623573155;10958;314;11975;12086;6.90;0.42;299.66;10.97;1017;43;4174.00;111
10959;39;623573167;10959;310;11975;12086;6.98;0.42;299.65;10.97;1016;43;4175.00;111
10962;39;623573180;10962;334;12042;12213;7.05;0.43;299.65;10.91;1080;43;4176.00;171
10964;39;623573201;10964;319;12043;12214;7.13;0.44;299.64;10.91;1079;43;4177.00;171
10967;39;623573215;10967;311;12048;12214;7.24;0.44;299.64;10.90;1081;43;4178.00;166
10968;39;623573228;10968;311;12050;12214;7.42;0.45;299.65;10.90;1082;43;4179.00;164
10969;40;623573241;10969;307;12055;12214;7.54;0.46;299.65;10.90;1086;44;4180.00;159
10970;40;623573270;10970;301;12059;12214;7.62;0.47;299.64;10.90;1089;44;4181.00;155
10972;40;623573288;10972;299;12062;12214;7.64;0.47;299.69;10.90;1090;44;4182.00;152
10975;40;623573312;10975;302;12064;12214;7.64;0.47;299.64;10.89;1089;44;4183.00;150
10979;40;623573325;10979;298;12067;12215;7.63;0.47;299.61;10.89;1088;44;4184.00;148
10981;40;623573338;10981;297;12072;12217;7.71;0.47;299.60;10.92;1091;44;4185.00;145
10984;40;623573353;10984;294;12076;12217;7.75;0.47;299.56;10.92;1092;44;4186.00;141
10985;40;623573372;10985;296;12078;12218;7.74;0.47;299.56;10.92;1093;44;4187.00;140
10987;40;623573385;10987;298;12082;12218;7.71;0.47;299.53;10.92;1095;44;4188.00;136
10987;40;623573399;10987;300;12082;12218;7.63;0.47;299.53;10.92;1095;44;4189.00;136
10989;40;623573412;10989;297;12086;12218;7.58;0.46;299.52;10.92;1097;44;4190.00;132
10990;40;623573425;10990;298;12088;12222;7.56;0.46;299.51;10.92;1098;44;4191.00;134
10992;40;623573438;10992;297;12090;12222;7.59;0.46;299.50;10.92;1098;44;4192.00;132
10996;40;623573451;10996;303;12092;12222;7.58;0.46;299.50;11.01;1096;44;4193.00;130
10999;40;623573464;10999;303;12094;12225;7.58;0.46;299.51;11.01;1095;44;4194.00;131
11002;40;623573478;11002;301;12095;12225;7.61;0.46;299.54;11.01;1093;44;4195.00;130
11005;40;623573496;11005;311;12096;12225;7.63;0.46;299.50;11.01;1091;44;4196.00;129
11011;40;623573509;11011;315;12099;12229;7.55;0.46;299.46;11.01;1088;44;4197.00;130
11014;40;623573527;11014;314;12104;12230;7.56;0.46;299.44;11.01;1090;44;4198.00;126
11018;40;623573541;11018;324;12104;12230;7.52;0.46;299.53;11.01;1086;44;4199.00;126
11019;40;623573556;11019;332;12116;12264;7.45;0.45;299.55;11.00;1097;44;4200.00;148
11023;40;623573575;11023;333;12120;12264;7.35;0.45;299.56;11.00;1097;44;4201.00;144
11026;40;623573588;11026;337;12120;12264;7.26;0.44;299.55;11.00;1094;44;4202.00;144
11027;40;623573601;11027;341;12124;12265;7.19;0.44;299.53;11.00;1097;44;4203.00;141
11031;40;623573613;11031;339;12124;12265;7.11;0.43;299.59;11.00;1093;44;4204.00;141
11032;40;623573626;11032;345;12128;12271;7.10;0.43;299.59;11.00;1096;44;4205.00;143
11034;40;623573640;11034;352;12131;12271;7.08;0.43;299.61;11.00;1097;44;4206.00;140
11036;40;623573652;11036;360;12131;12272;7.05;0.43;299.67;11.00;1095;44;4207.00;141
11039;40;623573665;11039;364;12131;12272;7.01;0.43;299.66;11.00;1092;44;4208.00;141
11040;40;623573677;11040;374;12132;12272;6.98;0.43;299.64;11.00;1092;44;4209.00;140
11045;40;623573689;11045;382;12134;12272;6.94;0.42;299.73;11.02;1089;44;4210.00;138
11046;40;623573708;11046;387;12135;12272;6.88;0.42;299.76;11.02;1089;44;4211.00;137
11050;40;623573725;11050;391;12145;12284;6.85;0.42;299.79;11.01;1095;44;4212.00;139
11050;40;623573739;11050;393;12147;12284;6.82;0.42;299.79;11.03;1097;44;4213.00;137
11052;40;623573756;11052;400;12149;12284;6.76;0.41;299.81;11.03;1097;44;4214.00;135
11054;40;623573768;11054;398;12152;12284;6.74;0.41;299.84;11.05;1098;44;4215.00;132
11056;40;623573786;11056;401;12152;12284;6.73;0.41;299.84;11.05;1096;44;4216.00;132
11059;40;623573799;11059;407;12155;12284;6.66;0.41;299.88;11.08;1096;44;4217.00;129
11061;40;623573812;11061;411;12159;12288;6.67;0.41;299.93;11.08;1098;44;4218.00;129
11064;40;623573824;11064;411;12161;12288;6.63;0.40;299.95;11.09;1097;44;4219.00;127
11065;40;623573838;11065;416;12164;12292;6.62;0.40;299.95;11.09;1099;44;4220.00;128
11067;40;623573851;11067;424;12168;12293;6.53;0.40;299.97;11.11;1101;44;4221.00;125
11072;40;623573863;11072;430;12168;12293;6.40;0.39;299.91;11.11;1096;44;4222.00;125
11075;40;623573875;11075;437;12171;12293;6.30;0.38;299.98;11.12;1096;44;4223.00;122
11077;40;623573887;11077;439;12183;12306;6.19;0.38;300.05;11.13;1106;44;4224.00;123
11083;40;623573900;11083;445;12185;12306;6.09;0.37;300.06;11.15;1102;44;4225.00;121
11086;40;623573914;11086;444;12187;12306;6.03;0.37;300.08;11.15;1101;44;4226.00;119
11088;40;623573931;11088;446;12190;12307;5.99;0.36;300.11;11.17;1102;44;4227.00;117
11088;40;623573953;11088;445;12190;12308;6.01;0.37;300.11;11.17;1102;44;4228.00;118
11091;40;623573974;11091;440;12193;12308;6.00;0.37;300.21;11.19;1102;44;4229.00;115
11093;40;623573995;11093;438;12198;12314;6.03;0.37;300.22;11.18;1105;44;4230.00;116
11094;40;623574013;11094;435;12201;12314;6.07;0.37;300.20;11.20;1107;44;4231.00;113
11097;40;623574030;11097;433;12201;12314;6.09;0.37;300.23;11.20;1104;44;4232.00;113
11098;40;623574044;11098;431;12203;12314;6.07;0.37;300.22;11.21;1105;44;4233.00;111
11100;40;623574058;11100;430;12208;12320;6.13;0.37;300.23;11.21;1108;44;4234.00;112
11103;40;623574072;11103;428;12209;12320;6.14;0.37;300.24;11.21;1106;44;4235.00;111
11103;40;623574085;11103;431;12211;12320;6.18;0.38;300.24;11.22;1108;44;4236.00;109
11107;40;623574099;11107;436;12211;12320;6.22;0.38;300.28;11.22;1104;44;4237.00;109
11109;40;623574113;11109;434;12216;12324;6.25;0.38;300.33;11.23;1107;44;4238.00;108
11113;40;623574126;11113;435;12217;12325;6.23;0.38;300.37;11.23;1104;44;4239.00;108
11116;40;623574141;11116;435;12218;12325;6.23;0.38;300.38;11.23;1102;44;4240.00;107
11118;40;623574154;11118;441;12221;12326;6.20;0.38;300.43;11.24;1103;44;4241.00;105
11121;40;623574167;11121;442;12221;12326;6.15;0.37;300.51;11.24;1100;44;4242.00;105
11125;40;623574179;11125;448;12221;12326;6.01;0.37;300.58;11.24;1096;44;4243.00;105
11131;40;623574192;11131;441;12223;12326;5.89;0.36;300.61;11.25;1092;44;4244.00;103
11135;40;623574205;11135;445;12224;12326;5.80;0.35;300.67;11.26;1089;44;4245.00;102
11139;40;623574218;11139;449;12225;12326;5.67;0.34;300.76;11.26;1086;44;4246.00;101
11142;40;623574230;11142;449;12226;12326;5.55;0.34;300.86;11.26;1084;44;4247.00;100
11148;40;623574242;11148;459;12267;12396;5.51;0.34;300.88;11.23;1119;44;4248.00;129
11150;40;623574261;11150;463;12269;12397;5.41;0.33;300.90;11.24;1119;44;4249.00;128
11156;40;623574274;11156;446;12273;12397;5.37;0.33;301.01;11.23;1117;44;4250.00;124
11159;40;623574287;11159;430;12280;12397;5.37;0.33;301.02;11.24;1121;44;4251.00;117
11162;40;623574299;11162;432;12282;12397;5.38;0.33;301.10;11.24;1120;44;4252.00;115
11165;40;623574312;11165;434;12287;12397;5.41;0.33;301.19;11.25;1122;44;4253.00;110
11165;40;623574324;11165;424;12289;12397;5.47;0.34;301.19;11.25;1124;44;4254.00;108
11170;40;623574336;11170;422;12292;12397;5.45;0.33;301.29;11.25;1122;44;4255.00;105
11174;40;623574349;11174;422;12295;12398;5.48;0.34;301.32;11.26;1121;44;4256.00;103
11178;40;623574362;11178;416;12297;12399;5.47;0.34;301.40;11.26;1119;44;4257.00;102
11182;40;623574375;11182;409;12297;12399;5.46;0.33;301.39;11.26;1115;44;4258.00;102
11186;40;623574388;11186;411;12301;12403;5.47;0.33;301.52;11.25;1115;44;4259.00;102
11191;40;623574405;11191;403;12302;12403;5.39;0.33;301.59;11.25;1111;44;4260.00;101
11194;40;623574418;11194;401;12302;12403;5.39;0.33;301.57;11.25;1108;44;4261.00;101
11201;40;623574431;11201;409;12303;12403;5.34;0.33;301.64;11.25;1102;44;4262.00;100
11204;40;623574444;11204;407;12308;12409;5.34;0.33;301.73;11.25;1104;44;4263.00;101
11206;40;623574458;11206;407;12309;12409;5.37;0.33;301.78;11.25;1103;44;4264.00;100
11210;40;623574472;11210;414;12309;12409;5.41;0.33;301.84;11.25;1099;44;4265.00;100
11214;40;623574486;11214;408;12311;12412;5.47;0.34;301.79;11.25;1097;44;4266.00;101
11216;40;623574500;11216;415;12312;12412;5.49;0.34;301.83;11.25;1096;44;4267.00;100
11220;40;623574516;11220;417;12314;12412;5.46;0.33;301.81;11.25;1094;44;4268.00;98
11224;40;623574530;11224;411;12314;12413;5.43;0.33;301.77;11.25;1090;44;4269.00;99
11227;40;623574543;11227;404;12315;12414;5.41;0.33;301.75;11.25;1088;44;4270.00;99
11230;40;623574558;11230;413;12316;12414;5.39;0.33;301.75;11.25;1086;44;4271.00;98
11231;40;623574573;11231;415;12327;12427;5.45;0.33;301.73;11.24;1096;44;4272.00;100
11233;40;623574586;11233;417;12328;12427;5.48;0.33;301.78;11.24;1095;44;4273.00;99
11237;40;623574600;11237;421;12328;12427;5.43;0.33;301.78;11.24;1091;44;4274.00;99
11243;40;623574612;11243;430;12330;12429;5.37;0.33;301.77;11.24;1087;44;4275.00;99
11249;40;623574625;11249;431;12330;12429;5.32;0.32;301.80;11.24;1081;44;4276.00;99
11256;40;623574638;11256;430;12334;12433;5.29;0.32;301.84;11.23;1078;44;4277.00;99
11258;40;623574652;11258;430;12334;12433;5.31;0.32;301.90;11.23;1076;44;4278.00;99
11264;40;623574664;11264;427;12337;12437;5.33;0.32;301.95;11.23;1073;44;4279.00;100
11268;40;623574677;11268;433;12337;12437;5.33;0.32;301.98;11.23;1069;44;4280.00;100
11272;40;623574689;11272;425;12337;12437;5.31;0.32;302.01;11.23;1065;44;4281.00;100
11279;40;623574702;11279;426;12337;12437;5.25;0.32;302.08;11.23;1058;44;4282.00;100
11282;40;623574715;11282;426;12337;12437;5.23;0.32;302.09;11.23;1055;44;4283.00;100
11284;40;623574727;11284;430;12347;12449;5.25;0.32;302.13;11.22;1063;44;4284.00;102
11291;40;623574739;11291;437;12347;12449;5.08;0.31;302.13;11.22;1056;44;4285.00;102
11294;40;623574751;11294;445;12348;12449;5.01;0.31;302.14;11.22;1054;44;4286.00;101
11296;40;623574763;11296;453;12349;12449;4.94;0.30;302.13;11.32;1053;44;4287.00;100
11301;40;623574776;11301;453;12349;12449;4.87;0.30;302.15;11.32;1048;44;4288.00;100
11305;40;623574789;11305;454;12349;12449;4.79;0.29;302.10;11.32;1044;44;4289.00;100
11309;40;623574802;11309;468;12349;12450;4.76;0.29;302.11;11.32;1040;44;4290.00;101
11312;40;623574814;11312;462;12349;12450;4.68;0.29;302.14;11.32;1037;44;4291.00;101
11315;40;623574825;11315;472;12354;12456;4.69;0.28;302.10;11.32;1039;44;4292.00;102
11317;40;623574837;11317;473;12355;12457;4.69;0.29;302.08;11.32;1038;44;4293.00;102
11321;40;623574849;11321;476;12355;12457;4.62;0.28;302.10;11.32;1034;44;4294.00;102
11323;40;623574862;11323;475;12355;12457;4.60;0.28;302.08;11.32;1032;44;4295.00;102
11325;40;623574874;11325;475;12358;12461;4.64;0.28;302.07;11.31;1033;44;4296.00;103
11327;40;623574885;11327;464;12358;12461;4.69;0.29;302.06;11.31;1031;44;4297.00;103
11330;40;623574897;11330;456;12358;12461;4.68;0.29;302.06;11.31;1028;44;4298.00;103
11333;40;623574910;11333;461;12359;12462;4.71;0.29;302.08;11.31;1026;44;4299.00;103
11335;40;623574925;11335;459;12362;12466;4.74;0.29;302.08;11.31;1027;44;4300.00;104
11338;40;623574943;11338;465;12362;12466;4.73;0.29;302.01;11.31;1024;44;4301.00;104
11342;40;623574954;11342;468;12364;12469;4.75;0.29;301.97;11.31;1022;44;4302.00;105
11343;40;623574968;11343;465;12365;12469;4.74;0.29;301.95;11.41;1022;44;4303.00;104
11345;40;623574979;11345;465;12366;12469;4.73;0.29;301.95;11.41;1021;44;4304.00;103
11348;40;623574991;11348;466;12366;12469;4.72;0.29;301.92;11.41;1018;44;4305.00;103
11351;40;623575002;11351;448;12370;12473;4.75;0.29;301.91;11.41;1019;44;4306.00;103
11353;40;623575014;11353;438;12370;12473;4.77;0.29;301.88;11.41;1017;44;4307.00;103
11354;40;623575025;11354;429;12370;12473;4.80;0.29;301.88;11.41;1016;44;4308.00;103
11356;40;623575037;11356;414;12370;12473;4.82;0.29;301.86;11.41;1014;44;4309.00;103
11357;40;623575048;11357;414;12370;12474;4.90;0.30;301.84;11.41;1013;44;4310.00;104
11359;40;623575060;11359;406;12371;12475;4.96;0.30;301.88;11.40;1012;44;4311.00;104
11359;40;623575072;11359;410;12371;12475;4.99;0.30;301.88;11.40;1012;44;4312.00;104
11361;40;623575083;11361;404;12372;12476;5.07;0.31;301.86;11.40;1011;44;4313.00;104
11362;40;623575096;11362;405;12372;12476;5.10;0.31;301.86;11.40;1010;44;4314.00;104
11362;40;623575108;11362;409;12372;12476;5.18;0.32;301.86;11.40;1010;44;4315.00;104
11363;40;623575119;11363;404;12372;12476;5.27;0.32;301.87;11.40;1009;44;4316.00;104
11363;40;623575131;11363;403;12372;12476;5.37;0.33;301.87;11.40;1009;44;4317.00;104
11364;40;623575143;11364;393;12372;12476;5.44;0.33;301.85;11.40;1008;44;4318.00;104
11364;40;623575154;11364;390;12372;12476;5.50;0.34;301.85;11.40;1008;44;4319.00;104
11365;40;623575168;11365;424;12486;12706;5.85;0.37;301.85;11.30;1121;44;4320.00;220
11366;40;623575196;11366;408;12490;12707;5.94;0.37;301.85;11.30;1124;44;4321.00;217
11367;40;623575208;11367;388;12501;12707;6.09;0.38;301.91;11.29;1134;44;4322.00;206
11371;40;623575221;11371;369;12509;12707;6.16;0.39;301.88;11.38;1138;44;4323.00;198
11374;40;623575234;11374;353;12516;12707;6.21;0.39;301.91;11.38;1142;44;4324.00;191
11376;40;623575247;11376;344;12520;12707;6.25;0.39;301.88;11.38;1144;44;4325.00;187
11378;40;623575259;11378;335;12526;12707;6.28;0.39;301.92;11.37;1148;44;4326.00;181
11381;40;623575272;11381;323;12531;12707;6.31;0.39;301.89;11.37;1150;44;4327.00;176
11381;40;623575285;11381;319;12536;12708;6.39;0.40;301.89;11.37;1155;44;4328.00;172
11383;40;623575299;11383;320;12539;12709;6.46;0.40;301.87;11.37;1156;44;4329.00;170
11384;40;623575312;11384;321;12543;12709;6.49;0.40;301.88;11.37;1159;44;4330.00;166
11386;41;623575325;11386;322;12545;12710;6.50;0.40;301.86;11.37;1159;45;4331.00;165
11386;41;623575350;11386;319;12546;12710;6.53;0.40;301.86;11.37;1160;45;4332.00;164
11387;42;623575363;11387;328;12548;12710;6.55;0.40;301.92;11.37;1161;46;4333.00;162
11388;42;623575394;11388;325;12550;12710;6.54;0.40;301.92;11.37;1162;46;4334.00;160
11388;43;623575408;11388;325;12552;12714;6.52;0.40;301.92;11.37;1164;47;4335.00;162
11389;43;623575432;11389;333;12554;12714;6.50;0.40;301.93;11.37;1165;47;4336.00;160
11391;43;623575446;11391;336;12556;12714;6.50;0.40;301.91;11.37;1165;47;4337.00;158
11391;43;623575466;11391;338;12557;12717;6.50;0.40;301.91;11.37;1166;47;4338.00;160
11391;43;623575480;11391;347;12558;12717;6.51;0.40;301.91;11.47;1167;47;4339.00;159
11392;43;623575493;11392;342;12558;12717;6.54;0.40;301.93;11.47;1166;47;4340.00;159
11393;43;623575507;11393;337;12561;12721;6.62;0.41;301.94;11.47;1168;47;4341.00;160
11394;43;623575521;11394;338;12562;12722;6.67;0.41;301.93;11.46;1168;47;4342.00;160
11394;43;623575536;11394;340;12562;12722;6.77;0.41;301.93;11.46;1168;47;4343.00;160
11397;43;623575549;11397;333;12565;12726;6.85;0.42;301.94;11.46;1168;47;4344.00;161
11400;43;623575564;11400;339;12565;12726;6.91;0.42;301.98;11.46;1165;47;4345.00;161
11402;43;623575578;11402;340;12566;12726;6.92;0.42;302.00;11.46;1164;47;4346.00;160
11406;43;623575599;11406;345;12567;12727;6.97;0.42;301.98;11.46;1161;47;4347.00;160
11410;43;623575614;11410;345;12567;12727;6.96;0.42;301.93;11.46;1157;47;4348.00;160
11411;43;623575628;11411;349;12572;12733;7.00;0.43;301.93;11.47;1161;47;4349.00;161
11416;43;623575643;11416;349;12572;12733;7.02;0.43;301.92;11.47;1156;47;4350.00;161
11418;43;623575657;11418;351;12574;12734;7.06;0.43;301.95;11.47;1156;47;4351.00;160
11419;43;623575671;11419;347;12574;12734;7.05;0.43;301.95;11.47;1155;47;4352.00;160
11422;43;623575684;11422;343;12579;12734;7.04;0.43;301.95;11.48;1157;47;4353.00;155
11425;43;623575698;11425;333;12580;12734;7.03;0.43;301.93;11.48;1155;47;4354.00;154
11429;43;623575711;11429;337;12583;12734;7.02;0.43;301.98;11.50;1154;47;4355.00;151
11431;43;623575726;11431;337;12592;12746;7.01;0.43;302.00;11.49;1161;47;4356.00;154
11435;43;623575741;11435;336;12593;12746;7.01;0.42;302.05;11.49;1158;47;4357.00;153
11437;43;623575754;11437;339;12595;12746;6.98;0.42;302.08;11.49;1158;47;4358.00;151
11438;43;623575768;11438;331;12596;12746;7.00;0.43;302.07;11.49;1158;47;4359.00;150
11441;43;623575781;11441;340;12596;12746;7.04;0.43;302.05;11.49;1155;47;4360.00;150
11445;43;623575795;11445;336;12596;12746;7.07;0.43;302.08;11.49;1151;47;4361.00;150
11447;43;623575808;11447;343;12599;12750;7.07;0.43;302.06;11.49;1152;47;4362.00;151
11450;43;623575822;11450;342;12599;12750;7.06;0.43;302.12;11.49;1149;47;4363.00;151
11452;43;623575836;11452;344;12602;12754;7.10;0.43;302.12;11.48;1150;47;4364.00;152
11457;43;623575850;11457;349;12604;12756;7.12;0.43;302.13;11.48;1147;47;4365.00;152
11460;43;623575864;11460;343;12604;12756;7.06;0.43;302.20;11.48;1144;47;4366.00;152
11461;43;623575878;11461;349;12605;12756;7.03;0.43;302.23;11.48;1144;47;4367.00;151
11465;43;623575891;11465;344;12615;12769;7.04;0.43;302.32;11.48;1150;47;4368.00;154
11468;43;623575906;11468;350;12615;12769;7.05;0.43;302.36;11.48;1147;47;4369.00;154
11469;43;623575925;11469;349;12617;12769;7.05;0.43;302.35;11.48;1148;47;4370.00;152
11473;43;623575949;11473;353;12619;12770;7.04;0.43;302.36;11.49;1146;47;4371.00;151
11474;43;623575974;11474;357;12621;12771;7.05;0.43;302.40;11.49;1147;47;4372.00;150
11476;43;623575995;11476;356;12622;12771;7.03;0.43;302.44;11.49;1146;47;4373.00;149
11481;43;623576015;11481;361;12625;12774;7.03;0.43;302.49;11.49;1144;47;4374.00;149
11484;43;623576034;11484;363;12625;12774;6.98;0.42;302.49;11.49;1141;47;4375.00;149
11488;43;623576048;11488;370;12626;12774;6.96;0.42;302.62;11.49;1138;47;4376.00;148
11490;43;623576063;11490;378;12627;12774;6.91;0.42;302.63;11.49;1137;47;4377.00;147
11491;43;623576077;11491;379;12632;12780;6.88;0.42;302.66;11.49;1141;47;4378.00;148
11492;43;623576093;11492;386;12632;12780;6.81;0.41;302.65;11.49;1140;47;4379.00;148
11493;43;623576109;11493;388;12633;12780;6.75;0.41;302.68;11.49;1140;47;4380.00;147
11495;43;623576124;11495;398;12634;12780;6.66;0.41;302.69;11.51;1139;47;4381.00;146
11495;43;623576138;11495;406;12639;12784;6.60;0.40;302.69;11.52;1144;47;4382.00;145
11501;43;623576153;11501;404;12640;12785;6.53;0.40;302.69;11.52;1139;47;4383.00;145
11505;43;623576168;11505;415;12641;12785;6.49;0.40;302.67;11.53;1136;47;4384.00;144
11505;43;623576183;11505;422;12645;12786;6.47;0.40;302.67;11.56;1140;47;4385.00;141
11508;43;623576197;11508;426;12646;12786;6.44;0.40;302.71;11.56;1138;47;4386.00;140
11512;43;623576210;11512;430;12649;12786;6.44;0.39;302.72;11.59;1137;47;4387.00;137
11514;43;623576224;11514;439;12650;12786;6.44;0.39;302.72;11.60;1136;47;4388.00;136
11515;43;623576239;11515;437;12651;12786;6.42;0.39;302.71;11.60;1136;47;4389.00;135
11518;43;623576253;11518;439;12655;12786;6.35;0.39;302.73;11.63;1137;47;4390.00;131
11522;43;623576268;11522;443;12656;12786;6.28;0.38;302.74;11.63;1134;47;4391.00;130
11524;43;623576282;11524;451;12690;12856;6.36;0.39;302.80;11.61;1166;47;4392.00;166
11526;43;623576310;11526;455;12694;12857;6.32;0.39;302.87;11.63;1168;47;4393.00;163
11528;43;623576324;11528;450;12701;12857;6.31;0.39;302.92;11.62;1173;47;4394.00;156
11529;43;623576337;11529;449;12705;12857;6.31;0.39;302.95;11.63;1176;47;4395.00;152
11532;43;623576352;11532;451;12710;12857;6.24;0.38;303.02;11.63;1178;47;4396.00;147
11534;43;623576366;11534;460;12716;12857;6.20;0.38;303.08;11.64;1182;47;4397.00;141
11538;43;623576379;11538;457;12720;12857;6.15;0.38;303.10;11.64;1182;47;4398.00;137
11542;43;623576398;11542;450;12723;12857;6.12;0.37;303.28;11.65;1181;47;4399.00;134
11544;43;623576420;11544;447;12725;12858;6.13;0.37;303.32;11.65;1181;47;4400.00;133
11547;43;623576439;11547;440;12728;12859;6.13;0.37;303.26;11.66;1181;47;4401.00;131
11550;43;623576456;11550;440;12731;12859;6.06;0.37;303.28;11.66;1181;47;4402.00;128
11552;43;623576471;11552;435;12735;12863;6.03;0.37;303.32;11.67;1183;47;4403.00;128
11557;43;623576485;11557;438;12736;12863;5.99;0.37;303.32;11.67;1179;47;4404.00;127
11560;43;623576500;11560;443;12737;12863;5.97;0.36;303.38;11.68;1177;47;4405.00;126
11561;43;623576514;11561;448;12737;12863;5.99;0.37;303.37;11.68;1176;47;4406.00;126
11563;43;623576528;11563;455;12744;12869;5.99;0.37;303.46;11.69;1181;47;4407.00;125
11568;43;623576544;11568;454;12744;12869;5.96;0.36;303.47;11.69;1176;47;4408.00;125
11568;43;623576558;11568;461;12746;12869;5.94;0.36;303.47;11.70;1178;47;4409.00;123
11570;43;623576573;11570;463;12750;12875;5.93;0.36;303.49;11.70;1180;47;4410.00;125
11574;43;623576587;11574;465;12751;12875;5.86;0.36;303.53;11.70;1177;47;4411.00;124
11576;43;623576602;11576;457;12753;12875;5.84;0.36;303.56;11.71;1177;47;4412.00;122
11580;43;623576616;11580;466;12753;12876;5.78;0.35;303.54;11.71;1173;47;4413.00;123
11585;43;623576630;11585;468;12756;12877;5.73;0.35;303.64;11.71;1171;47;4414.00;121
11587;43;623576644;11587;476;12756;12877;5.70;0.35;303.67;11.71;1169;47;4415.00;121
11591;43;623576659;11591;471;12766;12890;5.61;0.34;303.70;11.71;1175;47;4416.00;124
11594;43;623576673;11594;467;12767;12890;5.50;0.34;303.79;11.71;1173;47;4417.00;123
11598;43;623576687;11598;471;12769;12890;5.41;0.33;303.81;11.71;1171;47;4418.00;121
11600;43;623576701;11600;476;12771;12891;5.31;0.33;303.81;11.71;1171;47;4419.00;120
11604;43;623576714;11604;471;12772;12891;5.19;0.32;303.92;11.72;1168;47;4420.00;119
11606;43;623576728;11606;465;12775;12895;5.23;0.32;303.93;11.72;1169;47;4421.00;120
11608;43;623576741;11608;470;12777;12895;5.20;0.32;303.96;11.72;1169;47;4422.00;118
11613;43;623576755;11613;468;12781;12899;5.16;0.32;304.04;11.74;1168;47;4423.00;118
11615;43;623576768;11615;472;12783;12899;5.22;0.32;304.06;11.74;1168;47;4424.00;116
11618;43;623576782;11618;471;12783;12899;5.23;0.32;304.03;11.74;1165;47;4425.00;116
11625;43;623576796;11625;472;12785;12899;5.22;0.32;304.09;11.75;1160;47;4426.00;114
11627;43;623576809;11627;467;12786;12899;5.17;0.32;304.14;11.75;1159;47;4427.00;113
11633;43;623576824;11633;469;12795;12911;5.18;0.32;304.16;11.74;1162;47;4428.00;116
11634;43;623576838;11634;469;12798;12911;5.19;0.32;304.21;11.74;1164;47;4429.00;113
11638;43;623576852;11638;474;12798;12911;5.15;0.32;304.25;11.74;1160;47;4430.00;113
11640;43;623576865;11640;470;12798;12911;5.16;0.32;304.28;11.74;1158;47;4431.00;113
11647;43;623576878;11647;465;12798;12911;5.19;0.32;304.27;11.74;1151;47;4432.00;113
11649;43;623576892;11649;473;12799;12911;5.23;0.32;304.29;11.74;1150;47;4433.00;112
11653;43;623576906;11653;470;12799;12912;5.28;0.33;304.28;11.74;1146;47;4434.00;113
11657;43;623576920;11657;476;12799;12912;5.34;0.33;304.34;11.74;1142;47;4435.00;113
11661;43;623576934;11661;484;12804;12918;5.43;0.33;304.32;11.74;1143;47;4436.00;114
11669;43;623576948;11669;484;12805;12919;5.44;0.33;304.41;11.74;1136;47;4437.00;114
11673;43;623576962;11673;489;12805;12919;5.48;0.34;304.41;11.74;1132;47;4438.00;114
11679;43;623576976;11679;489;12806;12919;5.47;0.34;304.51;11.84;1127;47;4439.00;113
11682;43;623576991;11682;496;12810;12924;5.54;0.34;304.60;11.83;1128;47;4440.00;114
11686;43;623577004;11686;496;12810;12924;5.52;0.34;304.61;11.83;1124;47;4441.00;114
11692;43;623577018;11692;496;12810;12924;5.47;0.34;304.64;11.83;1118;47;4442.00;114
11697;43;623577030;11697;492;12811;12925;5.41;0.33;304.67;11.83;1114;47;4443.00;114
11702;43;623577043;11702;488;12814;12929;5.38;0.33;304.71;11.83;1112;47;4444.00;115
11705;43;623577056;11705;487;12814;12929;5.30;0.32;304.72;11.83;1109;47;4445.00;115
11708;43;623577068;11708;485;12816;12932;5.24;0.32;304.69;11.83;1108;47;4446.00;116
11710;43;623577079;11710;487;12816;12932;5.17;0.32;304.69;11.83;1106;47;4447.00;116
11715;43;623577092;11715;489;12817;12932;5.11;0.31;304.71;11.83;1102;47;4448.00;115
11717;43;623577104;11717;483;12817;12932;5.05;0.31;304.68;11.83;1100;47;4449.00;115
11722;43;623577116;11722;488;12821;12936;4.98;0.31;304.64;11.83;1099;47;4450.00;115
11728;43;623577128;11728;494;12821;12936;4.94;0.30;304.63;11.83;1093;47;4451.00;115
11734;43;623577139;11734;490;12821;12936;4.89;0.30;304.65;11.83;1087;47;4452.00;115
11740;43;623577151;11740;495;12821;12936;4.81;0.29;304.58;11.83;1081;47;4453.00;115
11746;43;623577163;11746;503;12821;12937;4.75;0.29;304.54;11.83;1075;47;4454.00;116
11752;43;623577175;11752;505;12823;12939;4.71;0.29;304.55;11.82;1071;47;4455.00;116
11758;43;623577186;11758;512;12823;12939;4.63;0.28;304.55;11.82;1065;47;4456.00;116
11762;43;623577198;11762;516;12824;12940;4.59;0.28;304.53;11.82;1062;47;4457.00;116
11765;43;623577209;11765;521;12824;12940;4.49;0.27;304.55;11.82;1059;47;4458.00;116
11770;43;623577220;11770;513;12824;12940;4.41;0.27;304.55;11.82;1054;47;4459.00;116
11773;43;623577231;11773;515;12824;12940;4.32;0.26;304.53;11.82;1051;47;4460.00;116
11777;43;623577242;11777;519;12824;12940;4.23;0.26;304.51;11.82;1047;47;4461.00;116
11781;43;623577253;11781;524;12824;12940;4.13;0.25;304.45;11.82;1043;47;4462.00;116
11781;43;623577264;11781;523;12824;12940;4.07;0.25;304.45;11.82;1043;47;4463.00;116
11783;43;623577274;11783;539;12891;13067;4.56;0.28;304.46;11.76;1108;47;4464.00;176
11783;43;623577294;11783;538;12894;13068;4.54;0.28;304.46;11.76;1111;47;4465.00;174
11785;43;623577306;11785;540;12903;13068;4.57;0.28;304.44;11.75;1118;47;4466.00;165
11786;43;623577317;11786;525;12906;13068;4.58;0.28;304.44;11.75;1120;47;4467.00;162
11787;43;623577328;11787;520;12912;13068;4.60;0.28;304.45;11.75;1125;47;4468.00;156
11787;43;623577340;11787;521;12914;13068;4.55;0.28;304.45;11.75;1127;47;4469.00;154
11788;43;623577353;11788;514;12917;13068;4.49;0.28;304.47;11.74;1129;47;4470.00;151
11789;43;623577364;11789;520;12919;13068;4.45;0.27;304.47;11.74;1130;47;4471.00;149
11789;43;623577375;11789;530;12922;13069;4.46;0.27;304.47;11.74;1133;47;4472.00;147
11790;43;623577387;11790;529;12926;13070;4.43;0.27;304.45;11.74;1136;47;4473.00;144
11792;43;623577399;11792;530;12928;13070;4.39;0.27;304.46;11.74;1136;47;4474.00;142
11793;43;623577411;11793;529;12930;13071;4.41;0.27;304.44;11.74;1137;47;4475.00;141
11794;43;623577423;11794;511;12932;13071;4.43;0.27;304.44;11.74;1138;47;4476.00;139
11794;43;623577442;11794;495;12935;13071;4.49;0.28;304.44;11.74;1141;47;4477.00;136
11794;43;623577454;11794;485;12936;13071;4.62;0.28;304.44;11.74;1142;47;4478.00;135
11795;43;623577467;11795;468;12941;13075;4.78;0.29;304.43;11.74;1146;47;4479.00;134
11796;43;623577487;11796;456;12944;13075;4.92;0.30;304.43;11.74;1148;47;4480.00;131
11797;43;623577501;11797;443;12944;13075;5.07;0.31;304.42;11.74;1147;47;4481.00;131
11797;43;623577520;11797;435;12946;13078;5.21;0.32;304.42;11.74;1149;47;4482.00;132
11798;43;623577534;11798;427;12947;13078;5.38;0.33;304.44;11.74;1149;47;4483.00;131
11798;43;623577548;11798;421;12947;13078;5.52;0.34;304.44;11.74;1149;47;4484.00;131
11801;43;623577562;11801;418;12950;13082;5.63;0.34;304.41;11.74;1149;47;4485.00;132
11802;43;623577576;11802;410;12952;13083;5.80;0.35;304.45;11.74;1150;48;4486.00;131
11802;43;623577599;11802;401;12953;13083;5.95;0.36;304.45;11.74;1151;48;4487.00;130
11802;43;623577613;11802;388;12957;13087;6.10;0.37;304.45;11.73;1155;48;4488.00;130
11807;43;623577627;11807;386;12958;13087;6.18;0.38;304.42;11.73;1151;48;4489.00;129
11808;43;623577643;11808;384;12958;13087;6.30;0.38;304.42;11.73;1150;48;4490.00;129
11809;43;623577656;11809;375;12959;13088;6.36;0.39;304.46;11.73;1150;48;4491.00;129
11811;43;623577671;11811;373;12959;13088;6.41;0.39;304.44;11.73;1148;48;4492.00;129
11812;43;623577685;11812;362;12964;13094;6.56;0.40;304.43;11.73;1152;48;4493.00;130
11814;43;623577700;11814;361;12964;13094;6.62;0.40;304.40;11.73;1150;48;4494.00;130
11818;43;623577714;11818;357;12964;13095;6.65;0.40;304.44;11.73;1146;48;4495.00;131
11821;43;623577729;11821;345;12964;13095;6.67;0.40;304.47;11.73;1143;48;4496.00;131
11822;43;623577743;11822;335;12964;13095;6.74;0.41;304.46;11.73;1142;48;4497.00;131
11824;43;623577757;11824;334;12964;13095;6.75;0.41;304.57;11.73;1140;48;4498.00;131
11825;43;623577771;11825;332;12964;13095;6.79;0.41;304.58;11.73;1139;48;4499.00;131
11828;43;623577788;11828;325;12991;13145;6.80;0.41;304.60;11.81;1163;48;4500.00;154
11830;43;623577811;11830;318;12991;13147;6.81;0.41;304.57;11.81;1161;48;4501.00;156
11831;43;623577826;11831;315;12994;13147;6.91;0.42;304.56;11.81;1163;48;4502.00;153
11832;43;623577841;11832;316;12994;13147;6.95;0.42;304.60;11.81;1162;48;4503.00;153
11835;43;623577856;11835;310;12996;13147;6.99;0.42;304.66;11.81;1161;48;4504.00;151
11838;43;623577870;11838;305;12996;13147;7.00;0.42;304.65;11.81;1158;48;4505.00;151
11840;43;623577884;11840;304;13002;13151;6.99;0.42;304.65;11.80;1162;48;4506.00;149
11842;43;623577899;11842;302;13002;13151;6.99;0.42;304.72;11.80;1160;48;4507.00;149
11843;43;623577913;11843;301;13006;13155;7.01;0.43;304.75;11.80;1163;48;4508.00;149
11847;43;623577936;11847;302;13007;13156;7.00;0.42;304.76;11.80;1160;48;4509.00;149
11849;43;623577964;11849;303;13007;13156;6.97;0.42;304.81;11.80;1158;48;4510.00;149
11850;43;623577986;11850;298;13007;13156;7.00;0.42;304.81;11.80;1157;48;4511.00;149
11852;43;623578007;11852;298;13018;13169;6.97;0.42;304.85;11.79;1166;48;4512.00;151
11853;43;623578029;11853;299;13019;13169;7.00;0.42;304.86;11.79;1166;48;4513.00;150
11855;43;623578048;11855;299;13019;13169;6.99;0.42;304.87;11.79;1164;48;4514.00;150
11858;43;623578064;11858;291;13020;13170;7.01;0.42;304.88;11.79;1162;48;4515.00;150
11860;43;623578080;11860;290;13020;13171;7.06;0.43;304.88;11.79;1160;48;4516.00;151
11864;43;623578096;11864;295;13020;13171;7.09;0.43;304.98;11.79;1156;48;4517.00;151
11866;43;623578112;11866;296;13023;13174;7.13;0.43;305.00;11.79;1157;48;4518.00;151
11866;43;623578127;11866;294;13024;13174;7.20;0.44;305.00;11.79;1158;48;4519.00;150
11868;43;623578143;11868;288;13025;13174;7.22;0.44;304.99;11.79;1157;48;4520.00;149
11873;43;623578159;11873;289;13025;13174;7.24;0.44;305.07;11.79;1152;48;4521.00;149
11876;43;623578174;11876;285;13029;13180;7.24;0.44;305.14;11.78;1153;48;4522.00;151
11879;43;623578189;11879;288;13029;13180;7.24;0.44;305.12;11.78;1150;48;4523.00;151
11880;44;623578205;11880;279;13031;13180;7.25;0.44;305.17;11.80;1151;49;4524.00;149
11884;44;623578235;11884;285;13032;13180;7.20;0.44;305.23;11.80;1148;49;4525.00;148
11886;44;623578251;11886;286;13036;13184;7.11;0.43;305.30;11.81;1150;49;4526.00;148
11890;44;623578266;11890;292;13037;13185;7.07;0.43;305.34;11.81;1147;49;4527.00;148
11895;44;623578282;11895;295;13037;13185;7.03;0.43;305.43;11.81;1142;49;4528.00;148
11897;44;623578297;11897;296;13038;13186;7.07;0.43;305.44;11.81;1141;49;4529.00;148
11899;44;623578313;11899;296;13041;13186;7.06;0.43;305.42;11.82;1142;49;4530.00;145
11900;44;623578327;11900;291;13041;13186;7.07;0.43;305.40;11.82;1141;49;4531.00;145
11901;44;623578342;11901;295;13041;13186;7.11;0.43;305.38;11.82;1140;49;4532.00;145
11903;44;623578357;11903;306;13041;13186;7.08;0.43;305.42;11.82;1138;49;4533.00;145
11906;44;623578371;11906;311;13041;13186;7.07;0.43;305.39;11.82;1135;49;4534.00;145
11908;44;623578386;11908;311;13041;13186;7.11;0.43;305.37;11.82;1133;49;4535.00;145
11910;44;623578405;11910;328;13078;13256;7.15;0.44;305.37;11.79;1168;49;4536.00;178
11912;44;623578426;11912;322;13080;13257;7.13;0.44;305.39;11.79;1168;49;4537.00;177
11916;44;623578441;11916;326;13084;13257;7.12;0.43;305.38;11.78;1168;49;4538.00;173
11918;44;623578456;11918;328;13090;13257;7.17;0.44;305.42;11.78;1172;49;4539.00;167
11921;44;623578472;11921;329;13095;13257;7.21;0.44;305.50;11.78;1174;49;4540.00;162
11923;44;623578487;11923;333;13100;13257;7.23;0.44;305.50;11.78;1177;49;4541.00;157
11925;44;623578502;11925;326;13106;13257;7.22;0.44;305.60;11.78;1181;49;4542.00;151
11930;44;623578518;11930;320;13107;13257;7.17;0.44;305.68;11.78;1177;49;4543.00;150
11934;44;623578533;11934;317;13110;13258;7.18;0.44;305.69;11.78;1176;49;4544.00;148
11938;44;623578554;11938;314;13113;13260;7.16;0.44;305.75;11.78;1175;49;4545.00;147
11942;44;623578571;11942;314;13114;13260;7.13;0.43;305.80;11.78;1172;49;4546.00;146
11948;44;623578588;11948;317;13119;13264;7.06;0.43;305.79;11.78;1171;49;4547.00;145
11949;44;623578604;11949;317;13120;13264;7.04;0.43;305.79;11.78;1171;49;4548.00;144
11954;44;623578622;11954;326;13121;13264;6.94;0.42;305.83;11.79;1167;49;4549.00;143
11958;44;623578638;11958;336;13121;13264;6.85;0.42;305.86;11.79;1163;49;4550.00;143
11960;44;623578654;11960;342;13127;13270;6.81;0.42;305.95;11.79;1167;49;4551.00;143
11960;44;623578671;11960;345;13128;13270;6.76;0.41;305.95;11.81;1168;49;4552.00;142
11963;44;623578687;11963;349;13129;13270;6.75;0.41;305.98;11.81;1166;49;4553.00;141
11966;44;623578701;11966;355;13132;13273;6.69;0.41;306.04;11.82;1166;49;4554.00;141
11969;44;623578717;11969;355;13133;13273;6.66;0.41;306.02;11.83;1164;49;4555.00;140
11971;44;623578732;11971;365;13134;13273;6.64;0.40;306.04;11.83;1163;49;4556.00;139
11972;44;623578748;11972;366;13135;13274;6.62;0.40;306.10;11.84;1163;49;4557.00;139
11974;44;623578763;11974;371;13137;13275;6.59;0.40;306.07;11.84;1163;49;4558.00;138
11978;44;623578778;11978;373;13137;13275;6.52;0.40;306.11;11.84;1159;49;4559.00;138
11980;44;623578795;11980;384;13155;13301;6.49;0.40;306.20;11.84;1175;49;4560.00;146
11980;44;623578812;11980;382;13157;13301;6.46;0.39;306.20;11.84;1177;49;4561.00;144
11983;44;623578826;11983;386;13161;13301;6.41;0.39;306.23;11.86;1178;49;4562.00;140
11983;44;623578841;11983;391;13164;13302;6.40;0.39;306.23;11.86;1181;49;4563.00;138
11986;44;623578856;11986;394;13165;13302;6.34;0.39;306.31;11.86;1179;49;4564.00;137
11990;44;623578872;11990;403;13170;13306;6.26;0.38;306.34;11.87;1180;49;4565.00;136
11998;44;623578889;11998;407;13170;13306;6.16;0.37;306.29;11.87;1172;49;4566.00;136
12000;44;623578904;12000;417;13173;13310;6.05;0.37;306.31;11.86;1173;49;4567.00;137
12008;44;623578919;12008;422;13174;13310;5.90;0.36;306.40;11.88;1166;49;4568.00;136
12010;44;623578933;12010;421;13174;13310;5.82;0.35;306.43;11.88;1164;49;4569.00;136
12011;44;623578947;12011;429;13176;13310;5.76;0.35;306.47;11.89;1165;49;4570.00;134
12012;44;623578961;12012;429;13176;13310;5.75;0.35;306.52;11.89;1164;49;4571.00;134
12015;44;623578975;12015;429;13185;13322;5.75;0.35;306.66;11.88;1170;49;4572.00;137
12015;44;623578989;12015;427;13186;13322;5.76;0.35;306.66;11.89;1171;49;4573.00;136
12019;44;623579001;12019;423;13190;13322;5.76;0.35;306.74;11.91;1171;49;4574.00;132
12021;44;623579014;12021;428;13191;13322;5.75;0.35;306.83;11.92;1170;49;4575.00;131
12024;44;623579027;12024;432;13191;13322;5.71;0.35;306.90;11.92;1167;49;4576.00;131
12025;44;623579040;12025;432;13192;13322;5.68;0.35;306.94;11.93;1167;49;4577.00;130
12028;44;623579052;12028;435;13194;13323;5.61;0.34;307.03;11.96;1166;49;4578.00;129
12031;44;623579065;12031;440;13195;13323;5.58;0.34;307.03;11.96;1164;49;4579.00;128
12034;44;623579077;12034;443;13201;13329;5.59;0.34;307.04;11.96;1167;49;4580.00;128
12036;44;623579090;12036;448;13202;13330;5.59;0.34;307.13;11.96;1166;49;4581.00;128
12040;44;623579103;12040;452;13202;13330;5.48;0.33;307.12;11.96;1162;49;4582.00;128
12042;44;623579115;12042;453;13204;13330;5.41;0.33;307.09;11.98;1162;49;4583.00;126
12047;44;623579127;12047;450;13208;13334;5.36;0.33;307.14;11.98;1161;49;4584.00;126
12050;44;623579140;12050;446;13208;13334;5.29;0.32;307.18;11.98;1158;49;4585.00;126
12053;44;623579153;12053;447;13209;13334;5.17;0.31;307.19;11.99;1156;49;4586.00;125
12057;44;623579164;12057;450;13211;13335;5.03;0.31;307.21;12.00;1154;49;4587.00;124
12060;44;623579175;12060;456;13215;13339;4.86;0.30;307.25;12.00;1155;49;4588.00;124
12064;44;623579187;12064;468;13216;13339;4.67;0.29;307.27;12.01;1152;49;4589.00;123
12067;44;623579199;12067;458;13220;13345;4.58;0.28;307.29;12.01;1153;49;4590.00;125
12071;44;623579212;12071;459;13221;13345;4.48;0.27;307.34;12.02;1150;49;4591.00;124
12077;44;623579223;12077;460;13224;13345;4.41;0.27;307.37;12.03;1147;49;4592.00;121
12079;44;623579235;12079;450;13225;13345;4.39;0.27;307.38;12.03;1146;49;4593.00;120
12085;44;623579246;12085;446;13230;13349;4.43;0.27;307.41;12.04;1145;49;4594.00;119
12088;44;623579258;12088;448;13230;13349;4.45;0.27;307.43;12.04;1142;49;4595.00;119
12091;44;623579270;12091;448;13231;13349;4.48;0.27;307.46;12.04;1140;49;4596.00;118
12094;44;623579281;12094;441;13231;13349;4.51;0.28;307.48;12.04;1137;49;4597.00;118
12095;44;623579293;12095;435;13231;13350;4.56;0.28;307.54;12.04;1136;49;4598.00;119
12098;44;623579304;12098;441;13232;13351;4.57;0.28;307.54;12.04;1134;49;4599.00;119
12102;44;623579316;12102;433;13232;13351;4.55;0.28;307.60;12.04;1130;49;4600.00;119
12103;44;623579331;12103;436;13233;13352;4.59;0.28;307.58;12.04;1130;49;4601.00;119
12108;44;623579343;12108;440;13233;13352;4.55;0.28;307.59;12.04;1125;49;4602.00;119
12111;44;623579355;12111;431;13233;13352;4.56;0.28;307.57;12.04;1122;49;4603.00;119
12119;44;623579367;12119;437;13233;13352;4.53;0.28;307.56;12.04;1114;49;4604.00;119
12123;44;623579378;12123;435;13233;13352;4.54;0.28;307.51;12.04;1110;49;4605.00;119
12126;44;623579390;12126;443;13233;13352;4.58;0.28;307.53;12.04;1107;49;4606.00;119
12130;44;623579401;12130;434;13233;13352;4.62;0.28;307.50;12.04;1103;49;4607.00;119
12133;44;623579412;12133;436;13296;13479;5.17;0.32;307.50;11.98;1163;49;4608.00;183
12136;44;623579433;12136;439;13300;13480;5.20;0.32;307.54;11.98;1164;49;4609.00;180
12139;44;623579446;12139;443;13309;13480;5.26;0.33;307.53;11.97;1170;49;4610.00;171
12141;44;623579459;12141;444;13310;13480;5.23;0.33;307.52;11.97;1169;49;4611.00;170
12144;44;623579472;12144;447;13317;13480;5.21;0.32;307.49;11.97;1173;49;4612.00;163
12150;44;623579484;12150;453;13320;13480;5.12;0.32;307.43;11.97;1170;49;4613.00;160
12151;44;623579504;12151;454;13322;13480;5.08;0.31;307.44;11.97;1171;49;4614.00;158
12154;44;623579517;12154;457;13325;13480;5.04;0.31;307.41;11.97;1171;49;4615.00;155
12160;44;623579536;12160;457;13328;13481;4.98;0.31;307.37;11.97;1168;49;4616.00;153
12161;44;623579550;12161;467;13332;13482;4.97;0.31;307.35;11.96;1171;49;4617.00;150
12164;44;623579563;12164;474;13335;13482;4.94;0.31;307.37;11.96;1171;49;4618.00;147
12169;44;623579576;12169;473;13338;13483;4.92;0.30;307.42;11.96;1169;49;4619.00;145
12170;44;623579590;12170;471;13340;13483;4.90;0.30;307.40;11.96;1170;49;4620.00;143
12175;44;623579602;12175;484;13343;13483;4.84;0.30;307.37;11.96;1168;49;4621.00;140
12180;44;623579615;12180;484;13344;13483;4.78;0.29;307.36;11.96;1164;49;4622.00;139
12181;44;623579626;12181;488;13350;13487;4.73;0.29;307.36;11.96;1169;49;4623.00;137
12183;44;623579639;12183;494;13351;13487;4.68;0.29;307.38;11.96;1168;49;4624.00;136
12184;44;623579651;12184;501;13352;13487;4.63;0.28;307.38;11.96;1168;49;4625.00;135
12187;44;623579662;12187;504;13355;13490;4.61;0.28;307.42;11.96;1168;49;4626.00;135
12192;44;623579675;12192;500;13356;13490;4.63;0.28;307.49;11.96;1164;49;4627.00;134
12195;44;623579687;12195;493;13357;13490;4.63;0.28;307.46;11.96;1162;49;4628.00;133
12197;44;623579700;12197;485;13361;13494;4.70;0.29;307.45;11.96;1164;49;4629.00;133
12200;44;623579712;12200;479;13363;13495;4.72;0.29;307.42;11.96;1163;49;4630.00;132
12204;44;623579725;12204;472;13363;13495;4.73;0.29;307.38;11.96;1159;49;4631.00;132
12206;44;623579744;12206;467;13365;13499;4.80;0.29;307.37;11.96;1159;49;4632.00;134
12209;44;623579762;12209;457;13367;13499;4.76;0.29;307.38;11.96;1158;49;4633.00;132
12210;44;623579777;12210;456;13368;13499;4.77;0.29;307.38;12.06;1158;49;4634.00;131
12212;44;623579792;12212;450;13370;13501;4.76;0.29;307.35;12.06;1158;49;4635.00;131
12215;44;623579806;12215;449;13370;13501;4.70;0.29;307.35;12.06;1155;49;4636.00;131
12219;44;623579819;12219;442;13375;13507;4.74;0.29;307.34;12.06;1156;49;4637.00;132
12222;44;623579834;12222;438;13375;13507;4.77;0.29;307.30;12.06;1153;49;4638.00;132
12224;44;623579854;12224;428;13375;13508;4.84;0.30;307.29;12.06;1151;49;4639.00;133
12226;44;623579868;12226;428;13375;13508;4.91;0.30;307.30;12.06;1149;49;4640.00;133
12227;44;623579883;12227;426;13375;13508;5.00;0.31;307.27;12.06;1148;49;4641.00;133
12230;44;623579896;12230;421;13375;13508;5.07;0.31;307.25;12.06;1145;49;4642.00;133
12232;44;623579910;12232;420;13375;13508;5.12;0.31;307.29;12.06;1143;49;4643.00;133
12234;44;623579929;12234;415;13385;13520;5.22;0.32;307.28;12.05;1151;49;4644.00;135
12236;44;623579954;12236;416;13385;13520;5.24;0.32;307.29;12.05;1149;49;4645.00;135
12237;44;623579994;12237;404;13386;13520;5.30;0.32;307.28;12.05;1149;49;4646.00;134
12239;44;623580017;12239;391;13386;13520;5.36;0.33;307.28;12.05;1147;49;4647.00;134
12241;44;623580042;12241;387;13386;13520;5.44;0.33;307.29;12.05;1145;49;4648.00;134
12243;44;623580061;12243;370;13386;13520;5.56;0.34;307.30;12.05;1143;49;4649.00;134
12243;44;623580079;12243;358;13391;13526;5.68;0.35;307.30;12.04;1148;49;4650.00;135
12246;44;623580095;12246;347;13391;13526;5.79;0.35;307.35;12.04;1145;49;4651.00;135
12247;44;623580111;12247;336;13395;13530;5.99;0.36;307.33;12.04;1148;49;4652.00;135
12250;44;623580127;12250;326;13396;13531;6.08;0.37;307.40;12.04;1146;49;4653.00;135
12252;44;623580143;12252;317;13396;13531;6.17;0.38;307.46;12.04;1144;49;4654.00;135
12257;44;623580159;12257;309;13396;13531;6.27;0.38;307.47;12.04;1139;49;4655.00;135
12261;44;623580175;12261;311;13407;13544;6.37;0.39;307.49;12.03;1146;49;4656.00;137
12264;44;623580191;12264;309;13407;13544;6.46;0.39;307.47;12.03;1143;49;4657.00;137
12267;44;623580208;12267;303;13407;13544;6.55;0.40;307.49;12.03;1140;49;4658.00;137
12272;44;623580223;12272;300;13408;13545;6.61;0.40;307.57;12.03;1136;49;4659.00;137
12273;44;623580238;12273;303;13409;13546;6.62;0.40;307.55;12.15;1136;49;4660.00;137
12275;44;623580253;12275;300;13410;13546;6.63;0.40;307.65;12.26;1135;49;4661.00;136
12278;44;623580269;12278;299;13412;13549;6.67;0.40;307.74;12.26;1134;49;4662.00;137
12278;44;623580284;12278;298;13412;13549;6.69;0.41;307.74;12.26;1134;49;4663.00;137
12281;44;623580299;12281;289;13413;13549;6.71;0.41;307.83;12.26;1132;49;4664.00;136
12283;44;623580313;12283;293;13414;13549;6.75;0.41;307.84;12.37;1131;49;4665.00;135
12288;44;623580328;12288;296;13419;13555;6.77;0.41;307.98;12.36;1131;49;4666.00;136
12289;44;623580345;12289;296;13419;13555;6.81;0.41;307.96;12.36;1130;49;4667.00;136
12293;44;623580360;12293;297;13419;13555;6.81;0.41;308.02;12.36;1126;49;4668.00;136
12294;44;623580376;12294;293;13419;13555;6.81;0.41;308.06;12.36;1125;49;4669.00;136
12294;44;623580391;12294;293;13422;13559;6.80;0.41;308.06;12.36;1128;49;4670.00;137
12295;44;623580407;12295;292;13424;13560;6.78;0.41;308.11;12.46;1129;49;4671.00;136
12298;44;623580422;12298;297;13424;13560;6.77;0.41;308.17;12.46;1126;49;4672.00;136
12299;44;623580439;12299;297;13425;13561;6.79;0.41;308.22;12.46;1126;49;4673.00;136
12301;44;623580454;12301;294;13425;13561;6.82;0.41;308.25;12.46;1124;49;4674.00;136
12303;44;623580470;12303;298;13425;13561;6.81;0.41;308.29;12.46;1122;49;4675.00;136
12306;44;623580486;12306;294;13425;13561;6.81;0.41;308.38;12.46;1119;49;4676.00;136
12309;44;623580501;12309;298;13425;13561;6.83;0.41;308.39;12.46;1116;49;4677.00;136
12310;44;623580515;12310;298;13425;13561;6.88;0.42;308.40;12.46;1115;49;4678.00;136
12314;44;623580530;12314;302;13425;13561;6.93;0.42;308.44;12.46;1111;49;4679.00;136
12316;44;623580548;12316;320;13491;13686;6.96;0.42;308.49;12.51;1175;49;4680.00;195
12318;44;623580574;12318;313;13491;13687;7.01;0.43;308.54;12.51;1173;49;4681.00;196
12319;44;623580589;12319;307;13498;13687;7.08;0.43;308.53;12.50;1179;49;4682.00;189
12322;44;623580605;12322;304;13498;13687;7.09;0.43;308.58;12.50;1176;49;4683.00;189
12324;44;623580626;12324;303;13502;13687;7.17;0.44;308.63;12.50;1178;49;4684.00;185
12326;44;623580641;12326;297;13504;13687;7.19;0.44;308.67;12.61;1178;49;4685.00;183
12330;44;623580658;12330;297;13510;13687;7.24;0.44;308.75;12.60;1180;49;4686.00;177
12332;44;623580675;12332;306;13513;13687;7.27;0.45;308.78;12.60;1181;49;4687.00;174
12334;44;623580690;12334;313;13517;13688;7.26;0.44;308.78;12.60;1183;49;4688.00;171
12338;44;623580714;12338;319;13520;13689;7.23;0.44;308.85;12.60;1182;49;4689.00;169
12341;44;623580730;12341;313;13524;13689;7.18;0.44;308.85;12.60;1183;49;4690.00;165
12344;44;623580745;12344;322;13529;13693;7.10;0.43;308.95;12.60;1185;49;4691.00;164
12348;44;623580760;12348;319;13531;13693;7.06;0.43;309.05;12.60;1183;49;4692.00;162
12349;44;623580776;12349;319;13533;13693;6.98;0.43;309.06;12.60;1184;49;4693.00;160
12353;45;623580791;12353;324;13535;13693;6.95;0.42;309.06;12.61;1182;50;4694.00;158
12358;45;623580829;12358;327;13540;13699;6.92;0.42;309.08;12.62;1182;50;4695.00;159
12362;45;623580845;12362;322;13540;13699;6.92;0.42;309.14;12.62;1178;50;4696.00;159
12366;45;623580861;12366;324;13540;13699;6.92;0.42;309.21;12.62;1174;50;4697.00;159
12371;45;623580876;12371;328;13541;13702;6.91;0.42;309.22;12.62;1170;50;4698.00;161
12377;45;623580892;12377;323;13542;13702;6.88;0.42;309.26;12.62;1165;50;4699.00;160
12380;45;623580908;12380;315;13543;13702;6.88;0.42;309.29;12.72;1163;50;4700.00;159
12384;45;623580931;12384;311;13543;13703;6.88;0.42;309.35;12.72;1159;50;4701.00;160
12390;45;623580947;12390;312;13545;13704;6.85;0.42;309.37;12.72;1155;50;4702.00;159
12391;45;623580962;12391;307;13545;13704;6.86;0.42;309.37;12.72;1154;50;4703.00;159
12397;45;623580977;12397;310;13554;13717;6.87;0.42;309.33;12.71;1157;50;4704.00;163
12398;45;623580993;12398;316;13554;13717;6.90;0.42;309.33;12.71;1156;50;4705.00;163
12402;45;623581007;12402;314;13557;13717;6.93;0.42;309.41;12.83;1155;50;4706.00;160
12404;45;623581021;12404;318;13558;13718;6.94;0.42;309.45;12.82;1154;50;4707.00;160
12408;45;623581035;12408;322;13559;13718;6.89;0.42;309.45;12.82;1151;50;4708.00;159
12411;45;623581050;12411;321;13562;13722;6.86;0.42;309.48;12.82;1151;50;4709.00;160
12414;45;623581066;12414;329;13562;13722;6.79;0.41;309.51;12.82;1148;50;4710.00;160
12416;45;623581079;12416;334;13567;13726;6.75;0.41;309.53;12.82;1151;50;4711.00;159
12421;45;623581094;12421;339;13567;13726;6.73;0.41;309.55;12.82;1146;50;4712.00;159
12426;45;623581108;12426;336;13569;13726;6.67;0.41;309.57;12.82;1143;50;4713.00;157
12429;45;623581121;12429;339;13569;13726;6.65;0.40;309.62;12.82;1140;50;4714.00;157
12434;45;623581135;12434;337;13569;13726;6.60;0.40;309.74;12.82;1135;50;4715.00;157
12439;45;623581149;12439;346;13580;13738;6.61;0.40;309.79;12.82;1141;50;4716.00;158
12442;45;623581164;12442;349;13580;13738;6.56;0.40;309.80;12.82;1138;50;4717.00;158
12444;45;623581178;12444;359;13582;13738;6.47;0.39;309.84;12.82;1138;50;4718.00;156
12446;45;623581191;12446;369;13582;13738;6.46;0.39;309.88;12.82;1136;50;4719.00;156
12449;45;623581204;12449;380;13583;13738;6.42;0.39;309.86;12.83;1134;50;4720.00;155
12450;45;623581217;12450;383;13584;13738;6.37;0.39;309.91;12.84;1134;50;4721.00;154
12453;45;623581230;12453;390;13584;13739;6.34;0.39;309.98;12.84;1131;50;4722.00;155
12458;45;623581243;12458;401;13586;13739;6.27;0.38;310.07;12.86;1128;50;4723.00;153
12461;45;623581256;12461;407;13591;13745;6.29;0.38;310.09;12.85;1130;50;4724.00;154
12464;45;623581270;12464;407;13595;13747;6.26;0.38;310.11;12.87;1131;50;4725.00;152
12466;45;623581284;12466;412;13595;13747;6.18;0.38;310.10;12.87;1129;50;4726.00;152
12470;45;623581297;12470;415;13595;13747;6.12;0.37;310.14;12.87;1125;50;4727.00;152
12472;45;623581310;12472;421;13599;13751;6.07;0.37;310.17;12.88;1127;50;4728.00;152
12474;45;623581323;12474;425;13601;13751;5.98;0.37;310.17;12.91;1127;50;4729.00;150
12476;45;623581335;12476;433;13602;13751;5.94;0.36;310.24;12.92;1126;50;4730.00;149
12477;45;623581347;12477;434;13603;13752;5.89;0.36;310.29;12.92;1126;50;4731.00;149
12479;45;623581359;12479;441;13608;13756;5.82;0.36;310.30;12.94;1129;50;4732.00;148
12482;45;623581372;12482;449;13608;13756;5.76;0.35;310.36;12.94;1126;50;4733.00;148
12483;45;623581384;12483;446;13612;13759;5.73;0.35;310.39;12.96;1129;50;4734.00;147
12484;45;623581396;12484;451;13613;13759;5.72;0.35;310.43;12.96;1129;50;4735.00;146
12486;45;623581408;12486;453;13615;13759;5.69;0.35;310.54;12.98;1129;50;4736.00;144
12488;45;623581420;12488;458;13615;13759;5.66;0.35;310.55;12.98;1127;50;4737.00;144
12488;45;623581432;12488;457;13621;13763;5.71;0.35;310.55;13.00;1133;50;4738.00;142
12490;45;623581444;12490;458;13621;13763;5.67;0.35;310.56;13.00;1131;50;4739.00;142
12493;45;623581458;12493;452;13623;13763;5.60;0.34;310.57;13.02;1130;50;4740.00;140
12498;45;623581471;12498;446;13623;13763;5.52;0.34;310.63;13.02;1125;50;4741.00;140
12504;45;623581483;12504;446;13623;13764;5.43;0.33;310.69;13.02;1119;50;4742.00;141
12506;45;623581495;12506;446;13626;13765;5.41;0.33;310.68;13.04;1120;50;4743.00;139
12509;45;623581507;12509;451;13626;13765;5.36;0.33;310.66;13.04;1117;50;4744.00;139
12511;45;623581519;12511;451;13627;13766;5.35;0.33;310.62;13.04;1116;50;4745.00;139
12512;45;623581531;12512;453;13629;13766;5.35;0.33;310.61;13.06;1117;50;4746.00;137
12513;45;623581543;12513;456;13629;13766;5.39;0.33;310.59;13.06;1116;50;4747.00;137
12515;45;623581554;12515;456;13631;13766;5.33;0.33;310.58;13.07;1116;50;4748.00;135
12518;45;623581565;12518;458;13631;13766;5.34;0.33;310.56;13.07;1113;50;4749.00;135
12518;45;623581577;12518;463;13631;13766;5.34;0.33;310.56;13.07;1113;50;4750.00;135
12519;45;623581588;12519;468;13633;13766;5.30;0.32;310.56;13.09;1114;50;4751.00;133
12521;45;623581599;12521;477;13697;13893;5.56;0.35;310.54;13.03;1176;50;4752.00;196
12526;45;623581620;12526;473;13703;13894;5.46;0.34;310.55;13.04;1177;50;4753.00;191
12529;45;623581632;12529;461;13713;13894;5.46;0.34;310.55;13.03;1184;50;4754.00;181
12536;45;623581644;12536;461;13716;13894;5.40;0.33;310.45;13.03;1180;50;4755.00;178
12537;45;623581655;12537;466;13725;13894;5.37;0.33;310.46;13.04;1188;50;4756.00;169
12541;45;623581667;12541;465;13728;13894;5.27;0.33;310.44;13.04;1187;50;4757.00;166
12543;45;623581678;12543;463;13732;13894;5.23;0.32;310.46;13.04;1189;50;4758.00;162
12544;45;623581689;12544;461;13736;13894;5.13;0.32;310.45;13.05;1192;50;4759.00;158
12548;46;623581701;12548;463;13738;13895;5.07;0.31;310.42;13.05;1190;51;4760.00;157
12551;46;623581729;12551;462;13742;13896;5.03;0.31;310.42;13.06;1191;51;4761.00;154
12555;46;623581741;12555;466;13744;13896;4.95;0.30;310.38;13.06;1189;51;4762.00;152
12559;46;623581752;12559;463;13747;13897;4.90;0.30;310.39;13.06;1188;51;4763.00;150
12563;46;623581764;12563;467;13754;13897;4.78;0.29;310.45;13.07;1191;51;4764.00;143
12565;46;623581776;12565;470;13755;13897;4.75;0.29;310.44;13.07;1190;51;4765.00;142
12567;46;623581788;12567;479;13759;13897;4.73;0.29;310.49;13.08;1192;51;4766.00;138
12569;46;623581799;12569;479;13762;13901;4.76;0.29;310.50;13.08;1193;51;4767.00;139
12569;46;623581811;12569;478;13762;13901;4.75;0.29;310.50;13.08;1193;51;4768.00;139
12573;46;623581823;12573;480;13766;13901;4.67;0.29;310.51;13.09;1193;51;4769.00;135
12575;46;623581836;12575;480;13770;13907;4.63;0.28;310.52;13.08;1195;51;4770.00;137
12577;46;623581849;12577;478;13770;13907;4.59;0.28;310.51;13.08;1193;51;4771.00;137
12580;46;623581861;12580;482;13771;13907;4.57;0.28;310.51;13.08;1191;51;4772.00;136
12582;46;623581873;12582;487;13776;13911;4.64;0.29;310.51;13.08;1194;51;4773.00;135
12584;46;623581886;12584;486;13778;13912;4.63;0.28;310.49;13.08;1194;51;4774.00;134
12586;46;623581898;12586;490;13779;13912;4.65;0.29;310.48;13.08;1193;51;4775.00;133
12590;46;623581933;12590;496;13782;13916;4.70;0.29;310.42;13.08;1192;51;4776.00;134
12594;46;623581955;12594;496;13785;13916;4.72;0.29;310.46;13.19;1191;51;4777.00;131
12596;46;623581978;12596;495;13785;13916;4.69;0.29;310.45;13.19;1189;51;4778.00;131
12600;46;623581996;12600;495;13786;13917;4.69;0.29;310.41;13.19;1186;51;4779.00;131
12604;46;623582016;12604;487;13786;13917;4.69;0.29;310.39;13.19;1182;51;4780.00;131
12608;46;623582034;12608;483;13791;13923;4.71;0.29;310.35;13.18;1183;51;4781.00;132
12612;46;623582051;12612;480;13791;13923;4.69;0.29;310.30;13.18;1179;51;4782.00;132
12612;46;623582066;12612;485;13791;13924;4.67;0.29;310.30;13.18;1179;51;4783.00;133
12613;46;623582081;12613;483;13791;13924;4.71;0.29;310.28;13.18;1178;51;4784.00;133
12615;46;623582096;12615;483;13791;13924;4.71;0.29;310.31;13.18;1176;51;4785.00;133
12616;46;623582117;12616;483;13791;13924;4.75;0.29;310.30;13.18;1175;51;4786.00;133
12623;46;623582130;12623;478;13791;13924;4.73;0.29;310.34;13.18;1168;51;4787.00;133
12626;46;623582145;12626;482;13801;13936;4.83;0.29;310.32;13.17;1175;51;4788.00;135
12629;46;623582160;12629;477;13801;13936;4.85;0.30;310.31;13.17;1172;51;4789.00;135
12631;46;623582174;12631;479;13802;13936;4.87;0.30;310.32;13.17;1171;51;4790.00;134
12632;46;623582187;12632;470;13802;13936;4.88;0.30;310.30;13.17;1170;51;4791.00;134
12635;46;623582200;12635;463;13802;13936;4.88;0.30;310.30;13.17;1167;51;4792.00;134
12637;46;623582214;12637;457;13802;13936;4.89;0.30;310.32;13.17;1165;51;4793.00;134
12639;46;623582228;12639;456;13805;13940;4.95;0.30;310.30;13.17;1166;51;4794.00;135
12642;46;623582241;12642;457;13805;13940;4.97;0.30;310.32;13.17;1163;51;4795.00;135
12646;46;623582255;12646;451;13809;13944;4.98;0.30;310.32;13.17;1163;51;4796.00;135
12649;46;623582269;12649;455;13810;13945;5.00;0.30;310.32;13.17;1161;51;4797.00;135
12651;46;623582282;12651;446;13810;13945;4.98;0.30;310.32;13.17;1159;51;4798.00;135
12652;46;623582294;12652;439;13810;13945;4.99;0.30;310.33;13.17;1158;51;4799.00;135
12656;46;623582310;12656;434;13834;13986;5.14;0.31;310.34;13.14;1178;51;4800.00;152
12658;46;623582331;12658;425;13834;13986;5.17;0.32;310.35;13.14;1176;51;4801.00;152
12662;46;623582345;12662;425;13836;13986;5.26;0.32;310.32;13.14;1174;51;4802.00;150
12666;46;623582359;12666;412;13837;13987;5.31;0.32;310.34;13.14;1171;51;4803.00;150
12668;46;623582373;12668;410;13838;13988;5.31;0.32;310.36;13.14;1170;51;4804.00;150
12670;46;623582386;12670;402;13839;13988;5.34;0.33;310.36;13.14;1169;51;4805.00;149
12670;46;623582400;12670;400;13842;13991;5.37;0.33;310.36;13.14;1172;51;4806.00;149
12674;46;623582414;12674;390;13842;13991;5.34;0.33;310.37;13.14;1168;51;4807.00;149
12677;46;623582427;12677;387;13844;13991;5.41;0.33;310.46;13.14;1167;51;4808.00;147
12679;46;623582441;12679;379;13844;13991;5.44;0.33;310.48;13.14;1165;51;4809.00;147
12683;46;623582455;12683;381;13850;13997;5.48;0.34;310.59;13.13;1167;51;4810.00;147
12685;46;623582471;12685;374;13852;13997;5.53;0.34;310.62;13.24;1167;51;4811.00;145
12688;46;623582491;12688;375;13852;13997;5.63;0.34;310.67;13.24;1164;51;4812.00;145
12692;46;623582505;12692;378;13852;13997;5.67;0.35;310.68;13.24;1160;51;4813.00;145
12695;46;623582525;12695;373;13855;14001;5.69;0.35;310.76;13.24;1160;51;4814.00;146
12698;46;623582540;12698;369;13857;14003;5.72;0.35;310.80;13.24;1159;51;4815.00;146
12700;46;623582554;12700;359;13858;14003;5.76;0.35;310.81;13.24;1158;51;4816.00;145
12703;46;623582569;12703;350;13859;14004;5.80;0.35;310.85;13.24;1156;51;4817.00;145
12705;46;623582583;12705;339;13859;14004;5.93;0.36;310.85;13.24;1154;51;4818.00;145
12708;46;623582598;12708;329;13859;14004;6.03;0.37;310.91;13.24;1151;51;4819.00;145
12709;46;623582613;12709;323;13859;14004;6.09;0.37;310.89;13.24;1150;51;4820.00;145
12710;46;623582627;12710;314;13859;14004;6.20;0.38;310.93;13.24;1149;51;4821.00;145
12712;46;623582649;12712;312;13860;14004;6.27;0.38;310.92;13.24;1148;51;4822.00;144
12716;46;623582664;12716;307;13860;14004;6.33;0.38;311.04;13.24;1144;51;4823.00;144
12719;46;623582679;12719;311;13902;14074;6.47;0.39;311.08;13.20;1183;51;4824.00;172
12721;46;623582702;12721;307;13904;14075;6.52;0.40;311.12;13.31;1183;51;4825.00;171
12723;46;623582720;12723;307;13909;14075;6.59;0.40;311.23;13.31;1186;51;4826.00;166
12726;46;623582737;12726;309;13911;14075;6.60;0.40;311.26;13.31;1185;51;4827.00;164
12728;46;623582753;12728;315;13915;14077;6.59;0.40;311.31;13.30;1187;51;4828.00;162
12730;46;623582771;12730;314;13917;14077;6.55;0.40;311.41;13.30;1187;51;4829.00;160
12733;46;623582789;12733;313;13920;14077;6.55;0.40;311.46;13.42;1187;51;4830.00;157
12735;46;623582805;12735;311;13922;14077;6.56;0.40;311.54;13.41;1187;51;4831.00;155
12736;46;623582821;12736;313;13924;14078;6.59;0.40;311.55;13.41;1188;51;4832.00;154
12740;46;623582836;12740;315;13926;14079;6.61;0.40;311.65;13.41;1186;51;4833.00;153
12742;46;623582853;12742;316;13930;14079;6.64;0.40;311.66;13.41;1188;51;4834.00;149
12747;46;623582868;12747;321;13935;14083;6.64;0.40;311.69;13.41;1188;51;4835.00;148
12751;46;623582885;12751;320;13936;14083;6.62;0.40;311.75;13.41;1185;51;4836.00;147
12751;46;623582901;12751;316;13936;14083;6.66;0.40;311.75;13.41;1185;51;4837.00;147
12754;46;623582919;12754;311;13936;14083;6.67;0.40;311.84;13.41;1182;51;4838.00;147
12755;46;623582937;12755;305;13941;14089;6.69;0.41;311.87;13.41;1186;51;4839.00;148
12757;46;623582953;12757;305;13942;14089;6.72;0.41;311.84;13.41;1185;51;4840.00;147
12759;46;623582969;12759;302;13943;14089;6.70;0.41;311.92;13.52;1184;51;4841.00;146
12759;46;623582985;12759;305;13945;14092;6.75;0.41;311.92;13.52;1186;51;4842.00;147
12760;46;623583000;12760;301;13945;14092;6.76;0.41;311.96;13.52;1185;51;4843.00;147
12762;46;623583014;12762;296;13946;14092;6.76;0.41;311.98;13.52;1184;51;4844.00;146
12763;46;623583029;12763;301;13947;14093;6.77;0.41;311.99;13.63;1184;51;4845.00;146
12765;46;623583044;12765;287;13948;14094;6.80;0.41;312.06;13.63;1183;51;4846.00;146
12768;46;623583059;12768;277;13948;14094;6.79;0.41;312.13;13.63;1180;51;4847.00;146
12770;46;623583074;12770;281;13958;14107;6.84;0.41;312.13;13.62;1188;51;4848.00;149
12774;46;623583089;12774;279;13959;14107;6.78;0.41;312.16;13.62;1185;51;4849.00;148
12777;46;623583104;12777;277;13959;14107;6.77;0.41;312.17;13.62;1182;51;4850.00;148
12778;46;623583119;12778;274;13960;14108;6.81;0.41;312.16;13.62;1182;51;4851.00;148
12782;46;623583134;12782;278;13960;14108;6.81;0.41;312.22;13.62;1178;51;4852.00;148
12783;46;623583149;12783;277;13963;14112;6.81;0.41;312.22;13.62;1180;51;4853.00;149
12784;46;623583164;12784;278;13963;14112;6.79;0.41;312.27;13.62;1179;51;4854.00;149
12786;46;623583178;12786;282;13966;14116;6.75;0.41;312.27;13.61;1180;51;4855.00;150
12787;46;623583193;12787;282;13966;14116;6.75;0.41;312.26;13.61;1179;51;4856.00;150
12791;46;623583207;12791;281;13966;14116;6.74;0.41;312.33;13.61;1175;51;4857.00;150
12795;46;623583221;12795;277;13966;14116;6.73;0.41;312.40;13.61;1171;51;4858.00;150
12797;46;623583235;12797;271;13966;14116;6.70;0.41;312.40;13.61;1169;51;4859.00;150
12799;46;623583251;12799;278;13986;14150;6.71;0.41;312.41;13.59;1187;51;4860.00;164
12801;46;623583268;12801;277;13987;14150;6.70;0.41;312.47;13.59;1186;51;4861.00;163
12807;46;623583282;12807;272;13991;14150;6.69;0.41;312.49;13.59;1184;51;4862.00;159
12810;46;623583296;12810;277;13993;14150;6.71;0.41;312.46;13.59;1183;51;4863.00;157
12816;46;623583311;12816;277;13993;14150;6.70;0.41;312.51;13.59;1177;51;4864.00;157
12819;46;623583325;12819;273;13995;14150;6.75;0.41;312.50;13.61;1176;51;4865.00;155
12823;46;623583340;12823;269;13995;14151;6.74;0.41;312.61;13.61;1172;51;4866.00;156
12827;46;623583355;12827;266;13995;14151;6.69;0.41;312.63;13.61;1168;51;4867.00;156
12832;46;623583369;12832;272;13999;14157;6.67;0.41;312.59;13.61;1167;51;4868.00;158
12838;46;623583383;12838;272;13999;14158;6.58;0.40;312.63;13.61;1161;51;4869.00;159
12842;46;623583404;12842;272;14000;14158;6.48;0.40;312.70;13.61;1158;51;4870.00;158
12846;46;623583419;12846;277;14000;14158;6.41;0.39;312.73;13.61;1154;51;4871.00;158
12849;46;623583432;12849;283;14002;14162;6.37;0.39;312.74;13.60;1153;51;4872.00;160
12851;46;623583445;12851;292;14003;14162;6.33;0.39;312.79;13.60;1152;51;4873.00;159
12853;46;623583458;12853;296;14004;14162;6.30;0.38;312.79;13.60;1151;51;4874.00;158
12857;46;623583471;12857;293;14005;14163;6.25;0.38;312.94;13.60;1148;51;4875.00;158
12860;46;623583484;12860;299;14008;14167;6.21;0.38;312.92;13.60;1148;51;4876.00;159
12867;46;623583498;12867;301;14008;14167;6.15;0.37;312.93;13.60;1141;51;4877.00;159
12869;46;623583511;12869;304;14011;14170;6.18;0.38;312.95;13.60;1142;51;4878.00;159
12873;46;623583524;12873;310;14013;14170;6.24;0.38;312.94;13.60;1140;51;4879.00;157
12877;46;623583538;12877;309;14013;14170;6.22;0.38;313.00;13.60;1136;51;4880.00;157
12879;46;623583551;12879;311;14014;14170;6.27;0.38;313.01;13.60;1135;51;4881.00;156
12881;46;623583563;12881;319;14018;14174;6.35;0.39;313.10;13.59;1137;51;4882.00;156
12885;46;623583577;12885;315;14018;14174;6.35;0.39;313.18;13.59;1133;51;4883.00;156
12887;46;623583590;12887;324;14018;14174;6.35;0.39;313.19;13.59;1131;51;4884.00;156
12890;46;623583602;12890;325;14018;14174;6.36;0.39;313.22;13.59;1128;51;4885.00;156
12891;46;623583616;12891;323;14018;14175;6.31;0.38;313.20;13.59;1127;51;4886.00;157
12892;46;623583629;12892;325;14019;14176;6.28;0.38;313.23;13.59;1127;51;4887.00;157
12896;46;623583642;12896;334;14019;14176;6.24;0.38;313.26;13.59;1123;51;4888.00;157
12897;46;623583657;12897;345;14021;14177;6.25;0.38;313.25;13.60;1124;51;4889.00;156
12899;46;623583673;12899;349;14021;14177;6.21;0.38;313.30;13.60;1122;51;4890.00;156
12902;46;623583687;12902;352;14022;14177;6.17;0.37;313.37;13.62;1120;51;4891.00;155
12905;46;623583700;12905;356;14023;14177;6.13;0.37;313.41;13.63;1118;51;4892.00;154
12908;46;623583714;12908;359;14024;14177;6.09;0.37;313.55;13.64;1116;51;4893.00;153
12912;46;623583726;12912;359;14024;14177;6.09;0.37;313.59;13.64;1112;51;4894.00;153
12915;46;623583739;12915;354;14026;14177;6.09;0.37;313.64;13.67;1111;51;4895.00;151
12917;46;623583751;12917;374;14088;14304;6.25;0.38;313.76;13.61;1171;51;4896.00;216
12919;46;623583773;12919;370;14092;14305;6.22;0.38;313.79;13.61;1173;51;4897.00;213
12921;46;623583786;12921;372;14103;14305;6.25;0.39;313.83;13.62;1182;51;4898.00;202
12926;46;623583799;12926;375;14106;14305;6.18;0.38;313.96;13.63;1180;51;4899.00;199
12931;46;623583813;12931;372;14116;14305;6.17;0.38;313.95;13.64;1185;51;4900.00;189
12935;46;623583829;12935;377;14119;14305;6.12;0.38;313.92;13.64;1184;51;4901.00;186
12937;46;623583843;12937;384;14124;14305;6.08;0.37;313.96;13.65;1187;51;4902.00;181
12941;46;623583862;12941;383;14128;14305;6.01;0.37;313.98;13.66;1187;51;4903.00;177
12945;46;623583875;12945;389;14131;14306;5.97;0.37;313.99;13.67;1186;51;4904.00;175
12947;46;623583894;12947;393;14137;14308;5.93;0.36;313.99;13.68;1190;51;4905.00;171
12949;46;623583906;12949;395;14139;14308;5.86;0.36;314.00;13.68;1190;51;4906.00;169
12951;46;623583918;12951;404;14141;14309;5.77;0.35;313.97;13.68;1190;51;4907.00;168
12954;46;623583947;12954;410;14146;14309;5.68;0.35;313.93;13.70;1192;51;4908.00;163
12955;46;623583969;12955;406;14148;14309;5.61;0.34;313.91;13.71;1193;51;4909.00;161
12957;46;623583997;12957;409;14152;14309;5.50;0.34;313.88;13.72;1195;51;4910.00;157
12960;46;623584028;12960;416;14155;14313;5.41;0.33;313.83;13.72;1195;51;4911.00;158
12961;46;623584049;12961;416;14160;14313;5.35;0.33;313.81;13.75;1199;51;4912.00;153
12963;46;623584063;12963;420;14161;14313;5.25;0.32;313.77;13.75;1198;51;4913.00;152
12964;46;623584076;12964;436;14163;14316;5.26;0.32;313.76;13.75;1199;51;4914.00;153
12964;46;623584090;12964;441;14165;14316;5.21;0.32;313.76;13.76;1201;51;4915.00;151
12968;46;623584111;12968;445;14167;14316;5.14;0.31;313.74;13.76;1199;51;4916.00;149
12969;46;623584125;12969;450;14171;14320;5.12;0.31;313.73;13.76;1202;51;4917.00;149
12970;46;623584138;12970;454;14178;14321;5.05;0.31;313.71;13.79;1208;51;4918.00;143
12971;46;623584152;12971;465;14179;14321;5.01;0.31;313.69;13.79;1208;51;4919.00;142
12972;46;623584166;12972;462;14184;14326;5.05;0.31;313.67;13.79;1212;51;4920.00;142
12973;46;623584179;12973;465;14187;14326;4.98;0.31;313.66;13.80;1214;51;4921.00;139
12975;46;623584191;12975;475;14188;14326;4.89;0.30;313.65;13.80;1213;51;4922.00;138
12977;46;623584203;12977;479;14190;14327;4.76;0.29;313.63;13.80;1213;51;4923.00;137
12980;46;623584216;12980;481;14191;14327;4.65;0.28;313.63;13.81;1211;51;4924.00;136
12985;46;623584228;12985;492;14196;14333;4.59;0.28;313.59;13.80;1211;51;4925.00;137
12985;46;623584241;12985;497;14199;14333;4.49;0.28;313.59;13.81;1214;51;4926.00;134
12988;46;623584254;12988;503;14199;14334;4.37;0.27;313.57;13.81;1211;51;4927.00;135
12990;46;623584266;12990;511;14200;14334;4.23;0.26;313.58;13.82;1210;51;4928.00;134
12992;46;623584277;12992;511;14201;14334;4.13;0.25;313.54;13.82;1209;51;4929.00;133
12997;46;623584289;12997;507;14201;14334;4.01;0.25;313.52;13.82;1204;51;4930.00;133
12999;46;623584301;12999;495;14202;14334;4.01;0.25;313.54;13.83;1203;51;4931.00;132
13001;46;623584313;13001;488;14213;14346;4.05;0.25;313.58;13.82;1212;51;4932.00;133
13002;46;623584326;13002;482;14213;14346;4.05;0.25;313.59;13.82;1211;51;4933.00;133
13006;46;623584338;13006;478;14214;14346;4.06;0.25;313.59;13.82;1208;51;4934.00;132
13009;46;623584350;13009;475;14214;14346;4.11;0.25;313.57;13.82;1205;51;4935.00;132
13012;46;623584363;13012;469;14214;14346;4.15;0.26;313.55;13.82;1202;51;4936.00;132
13015;46;623584376;13015;471;14215;14346;4.23;0.26;313.55;13.83;1200;51;4937.00;131
13019;46;623584389;13019;465;14218;14350;4.33;0.27;313.54;13.83;1199;51;4938.00;132
13020;46;623584402;13020;460;14218;14350;4.44;0.27;313.56;13.83;1198;51;4939.00;132
13023;47;623584414;13023;454;14222;14354;4.51;0.28;313.54;13.82;1199;52;4940.00;132
13025;47;623584440;13025;442;14223;14355;4.56;0.28;313.52;13.82;1198;52;4941.00;132
13028;47;623584453;13028;440;14223;14355;4.63;0.28;313.52;13.82;1195;52;4942.00;132
13030;47;623584477;13030;445;14223;14355;4.70;0.29;313.53;13.82;1193;52;4943.00;132
13031;47;623584493;13031;452;14234;14368;4.86;0.30;313.54;13.81;1203;52;4944.00;134
13035;47;623584508;13035;454;14234;14368;4.88;0.30;313.53;13.81;1199;52;4945.00;134
13039;47;623584523;13039;453;14234;14368;4.91;0.30;313.55;13.81;1195;52;4946.00;134
13040;47;623584544;13040;450;14235;14369;4.98;0.30;313.55;13.81;1195;52;4947.00;134
13045;47;623584558;13045;447;14235;14370;5.03;0.31;313.51;13.81;1190;52;4948.00;135
13048;47;623584573;13048;441;14235;14370;5.11;0.31;313.52;13.81;1187;52;4949.00;135
13049;47;623584589;13049;442;14241;14379;5.16;0.31;313.52;13.80;1192;52;4950.00;138
13051;47;623584611;13051;438;14242;14379;5.18;0.32;313.52;13.80;1191;52;4951.00;137
13056;47;623584625;13056;427;14244;14379;5.21;0.32;313.63;13.92;1188;52;4952.00;135
13057;47;623584644;13057;427;14245;14379;5.24;0.32;313.63;13.92;1188;52;4953.00;134
13060;47;623584658;13060;422;14249;14385;5.29;0.32;313.67;13.92;1189;52;4954.00;136
13061;47;623584672;13061;420;14250;14385;5.35;0.33;313.68;13.92;1189;52;4955.00;135
13065;47;623584687;13065;425;14250;14385;5.36;0.33;313.70;13.92;1185;52;4956.00;135
13072;47;623584701;13072;429;14250;14385;5.34;0.32;313.69;13.92;1178;52;4957.00;135
13074;47;623584716;13074;431;14253;14389;5.35;0.33;313.72;13.91;1179;52;4958.00;136
13079;47;623584731;13079;429;14254;14390;5.32;0.32;313.75;13.91;1175;52;4959.00;136
13086;47;623584745;13086;435;14254;14390;5.28;0.32;313.77;13.91;1168;52;4960.00;136
13087;47;623584759;13087;431;14255;14391;5.30;0.32;313.82;13.91;1168;52;4961.00;136
13092;47;623584773;13092;437;14255;14391;5.29;0.32;313.90;13.91;1163;52;4962.00;136
13096;47;623584787;13096;433;14255;14391;5.27;0.32;313.89;13.91;1159;52;4963.00;136
13099;47;623584800;13099;438;14255;14391;5.24;0.32;313.86;13.91;1156;52;4964.00;136
13104;47;623584814;13104;441;14255;14391;5.21;0.32;313.87;13.91;1151;52;4965.00;136
13109;47;623584827;13109;445;14255;14391;5.21;0.32;313.88;13.91;1146;52;4966.00;136
13113;47;623584850;13113;438;14255;14391;5.21;0.32;313.90;13.91;1142;52;4967.00;136
13116;47;623584863;13116;457;14298;14461;5.29;0.32;313.92;13.99;1182;52;4968.00;163
13119;47;623584883;13119;449;14299;14462;5.27;0.32;313.95;13.99;1180;52;4969.00;163
13122;47;623584896;13122;441;14304;14462;5.36;0.33;314.04;13.98;1182;52;4970.00;158
13126;47;623584910;13126;437;14304;14462;5.36;0.33;314.02;13.98;1178;52;4971.00;158
13130;47;623584927;13130;431;14306;14462;5.42;0.33;314.00;13.98;1176;52;4972.00;156
13135;47;623584945;13135;423;14308;14462;5.40;0.33;314.07;13.98;1173;52;4973.00;154
13138;47;623584959;13138;423;14310;14462;5.41;0.33;314.12;13.98;1172;52;4974.00;152
13140;47;623584973;13140;416;14312;14462;5.43;0.33;314.19;13.98;1172;52;4975.00;150
13140;47;623584987;13140;419;14313;14463;5.45;0.33;314.19;13.98;1173;52;4976.00;150
13144;47;623585000;13144;404;14315;14464;5.44;0.33;314.28;13.98;1171;52;4977.00;149
13145;47;623585015;13145;396;14317;14464;5.52;0.34;314.27;13.97;1172;52;4978.00;147
13149;47;623585028;13149;391;14322;14468;5.56;0.34;314.29;13.97;1173;52;4979.00;146
13152;47;623585045;13152;391;14324;14468;5.64;0.34;314.29;13.97;1172;52;4980.00;144
13158;47;623585058;13158;388;14326;14468;5.71;0.35;314.38;14.09;1168;52;4981.00;142
13159;47;623585072;13159;388;14327;14468;5.79;0.35;314.37;14.09;1168;52;4982.00;141
13163;47;623585086;13163;389;14332;14474;5.85;0.36;314.44;14.08;1169;52;4983.00;142
13163;47;623585101;13163;395;14333;14474;5.94;0.36;314.44;14.08;1170;52;4984.00;141
13166;47;623585115;13166;403;14333;14474;5.94;0.36;314.55;14.08;1167;52;4985.00;141
13170;47;623585128;13170;392;14335;14477;5.99;0.36;314.65;14.08;1165;52;4986.00;142
13171;47;623585143;13171;376;14335;14477;6.05;0.37;314.64;14.08;1164;52;4987.00;142
13174;47;623585158;13174;366;14336;14477;6.11;0.37;314.68;14.08;1162;52;4988.00;141
13177;47;623585172;13177;366;14336;14478;6.14;0.37;314.71;14.08;1159;52;4989.00;142
13181;47;623585186;13181;369;14338;14479;6.12;0.37;314.72;14.19;1157;52;4990.00;141
13186;47;623585201;13186;369;14338;14479;6.13;0.37;314.75;14.19;1152;52;4991.00;141
13188;47;623585215;13188;367;14349;14492;6.22;0.38;314.83;14.18;1161;52;4992.00;143
13188;47;623585231;13188;360;14349;14492;6.26;0.38;314.83;14.18;1161;52;4993.00;143
13190;47;623585245;13190;352;14349;14492;6.32;0.38;314.83;14.18;1159;52;4994.00;143
13190;47;623585259;13190;357;14351;14494;6.40;0.39;314.83;14.18;1161;52;4995.00;143
13192;47;623585274;13192;347;14351;14494;6.46;0.39;314.82;14.18;1159;52;4996.00;143
13194;47;623585288;13194;347;14355;14498;6.53;0.40;314.83;14.17;1161;52;4997.00;143
13199;47;623585308;13199;340;14355;14498;6.52;0.40;314.83;14.17;1156;52;4998.00;143
13205;47;623585323;13205;345;14358;14502;6.54;0.40;314.84;14.17;1153;52;4999.00;144
13207;47;623585339;13207;345;14358;14502;6.59;0.40;314.87;14.17;1151;52;5000.00;144
13209;47;623585358;13209;339;14358;14502;6.62;0.40;314.86;14.17;1149;52;5001.00;144
13212;47;623585372;13212;336;14359;14502;6.64;0.40;314.89;14.28;1147;52;5002.00;143
13214;47;623585387;13214;331;14359;14502;6.65;0.41;314.87;14.28;1145;52;5003.00;143
13217;47;623585401;13217;327;14368;14514;6.69;0.41;314.95;14.28;1151;52;5004.00;146
13217;47;623585416;13217;328;14368;14514;6.74;0.41;314.95;14.28;1151;52;5005.00;146
13221;47;623585429;13221;330;14370;14514;6.72;0.41;314.96;14.27;1149;52;5006.00;144
13225;47;623585443;13225;335;14370;14514;6.77;0.41;315.07;14.27;1145;52;5007.00;144
13231;47;623585456;13231;331;14370;14514;6.78;0.41;315.14;14.27;1139;52;5008.00;144
13234;47;623585471;13234;331;14370;14514;6.79;0.41;315.17;14.27;1136;52;5009.00;144
13235;47;623585487;13235;330;14370;14515;6.86;0.42;315.17;14.27;1135;52;5010.00;145
13241;47;623585501;13241;325;14370;14515;6.87;0.42;315.30;14.27;1129;52;5011.00;145
13243;47;623585515;13243;320;14375;14521;6.88;0.42;315.32;14.27;1132;52;5012.00;146
13243;47;623585529;13243;324;14376;14522;6.89;0.42;315.32;14.27;1133;52;5013.00;146
13245;47;623585543;13245;322;14376;14522;6.88;0.42;315.40;14.27;1131;52;5014.00;146
13246;47;623585557;13246;321;14376;14522;6.94;0.42;315.42;14.27;1130;52;5015.00;146
13248;47;623585571;13248;321;14379;14526;7.02;0.43;315.46;14.27;1131;52;5016.00;147
13254;47;623585585;13254;331;14379;14526;7.01;0.42;315.54;14.27;1125;52;5017.00;147
13258;47;623585599;13258;328;14379;14526;7.01;0.42;315.55;14.27;1121;52;5018.00;147
13262;47;623585612;13262;328;14380;14527;7.02;0.42;315.61;14.26;1118;52;5019.00;147
13265;47;623585627;13265;328;14383;14531;6.98;0.42;315.70;14.26;1118;52;5020.00;148
13267;47;623585641;13267;322;14383;14531;6.92;0.42;315.72;14.26;1116;52;5021.00;148
13269;47;623585655;13269;319;14385;14534;6.87;0.42;315.81;14.26;1116;52;5022.00;149
13273;47;623585669;13273;319;14385;14534;6.77;0.41;315.86;14.26;1112;52;5023.00;149
13274;47;623585682;13274;324;14386;14534;6.71;0.41;315.87;14.26;1112;52;5024.00;148
13278;47;623585696;13278;324;14386;14534;6.64;0.40;315.92;14.26;1108;52;5025.00;148
13283;47;623585709;13283;315;14390;14538;6.63;0.40;315.99;14.26;1107;52;5026.00;148
13286;47;623585723;13286;317;14390;14538;6.61;0.40;315.99;14.26;1104;52;5027.00;148
13290;47;623585736;13290;319;14390;14538;6.54;0.40;316.00;14.26;1100;52;5028.00;148
13293;47;623585748;13293;320;14390;14538;6.51;0.39;316.04;14.26;1097;52;5029.00;148
13297;47;623585761;13297;311;14390;14539;6.47;0.39;316.07;14.26;1093;52;5030.00;149
13299;47;623585775;13299;313;14391;14540;6.44;0.39;316.07;14.25;1092;52;5031.00;149
13304;47;623585787;13304;305;14392;14540;6.34;0.39;316.20;14.37;1088;52;5032.00;148
13308;47;623585801;13308;308;14393;14541;6.32;0.38;316.23;14.37;1085;52;5033.00;148
13310;47;623585815;13310;306;14394;14541;6.33;0.38;316.21;14.38;1084;52;5034.00;147
13316;47;623585828;13316;296;14394;14541;6.30;0.38;316.26;14.38;1078;52;5035.00;147
13317;47;623585842;13317;307;14395;14541;6.29;0.38;316.30;14.39;1078;52;5036.00;146
13320;47;623585855;13320;301;14395;14541;6.33;0.39;316.33;14.39;1075;52;5037.00;146
13325;47;623585867;13325;305;14395;14541;6.29;0.38;316.29;14.39;1070;52;5038.00;146
13328;47;623585880;13328;304;14395;14541;6.27;0.38;316.30;14.39;1067;52;5039.00;146
13329;47;623585895;13329;338;14494;14771;6.44;0.40;316.33;14.30;1165;52;5040.00;277
13333;47;623585925;13333;336;14497;14772;6.41;0.40;316.33;14.29;1164;52;5041.00;275
13336;47;623585947;13336;325;14507;14772;6.47;0.40;316.32;14.28;1171;52;5042.00;265
13338;47;623585969;13338;318;14510;14772;6.44;0.40;316.34;14.28;1172;52;5043.00;262
13341;47;623585993;13341;308;14517;14772;6.43;0.40;316.35;14.28;1176;52;5044.00;255
13343;47;623586026;13343;310;14523;14772;6.37;0.40;316.38;14.27;1180;52;5045.00;249
13345;47;623586046;13345;313;14528;14772;6.36;0.39;316.36;14.27;1183;52;5046.00;244
13348;47;623586061;13348;318;14535;14772;6.33;0.39;316.34;14.27;1187;52;5047.00;237
13351;47;623586076;13351;321;14542;14773;6.31;0.39;316.33;14.26;1191;52;5048.00;231
13353;47;623586090;13353;321;14548;14774;6.30;0.39;316.36;14.26;1195;52;5049.00;226
13354;47;623586105;13354;319;14554;14774;6.31;0.39;316.34;14.26;1200;52;5050.00;220
13355;47;623586119;13355;325;14557;14775;6.31;0.39;316.33;14.26;1202;52;5051.00;218
13357;47;623586134;13357;327;14561;14775;6.28;0.39;316.36;14.26;1204;52;5052.00;214
13358;47;623586149;13358;333;14563;14775;6.23;0.38;316.34;14.26;1205;52;5053.00;212
13359;47;623586164;13359;341;14567;14775;6.13;0.38;316.31;14.26;1208;52;5054.00;208
13360;47;623586178;13360;347;14571;14779;6.08;0.37;316.30;14.26;1211;52;5055.00;208
13364;47;623586193;13364;358;14575;14779;5.99;0.37;316.27;14.26;1211;52;5056.00;204
13364;47;623586207;13364;364;14578;14779;5.93;0.36;316.27;14.27;1214;52;5057.00;201
13364;47;623586222;13364;380;14580;14782;5.91;0.36;316.27;14.27;1216;52;5058.00;202
13364;47;623586236;13364;385;14582;14782;5.91;0.36;316.27;14.27;1218;52;5059.00;200
13365;47;623586250;13365;389;14588;14782;5.88;0.36;316.25;14.29;1223;52;5060.00;194
13366;47;623586266;13366;408;14593;14786;5.85;0.36;316.24;14.29;1227;52;5061.00;193
13368;47;623586287;13368;415;14595;14787;5.84;0.36;316.25;14.29;1227;52;5062.00;192
13368;47;623586301;13368;412;14602;14787;5.85;0.36;316.25;14.30;1234;52;5063.00;185
13372;47;623586315;13372;427;14605;14791;5.81;0.36;316.22;14.30;1233;52;5064.00;186
13374;47;623586329;13374;433;14609;14791;5.75;0.35;316.19;14.32;1235;52;5065.00;182
13378;47;623586350;13378;432;14613;14791;5.68;0.35;316.20;14.32;1235;52;5066.00;178
13378;47;623586365;13378;440;14615;14792;5.59;0.34;316.20;14.34;1237;52;5067.00;177
13380;47;623586379;13380;443;14617;14792;5.50;0.34;316.18;14.34;1237;52;5068.00;175
13382;47;623586393;13382;449;14624;14798;5.44;0.33;316.17;14.35;1242;52;5069.00;174
13382;47;623586409;13382;457;14626;14798;5.36;0.33;316.17;14.35;1244;52;5070.00;172
13384;47;623586422;13384;464;14628;14799;5.22;0.32;316.13;14.36;1244;52;5071.00;171
13390;47;623586436;13390;477;14630;14799;5.10;0.31;316.16;14.38;1240;52;5072.00;169
13390;47;623586449;13390;487;14632;14799;5.02;0.31;316.16;14.38;1242;52;5073.00;167
13391;47;623586463;13391;492;14633;14799;4.94;0.30;316.15;14.38;1242;52;5074.00;166
13393;47;623586478;13393;499;14636;14799;4.81;0.30;316.14;14.39;1243;52;5075.00;163
13394;47;623586492;13394;509;14646;14811;4.76;0.29;316.12;14.38;1252;52;5076.00;165
13396;47;623586506;13396;515;14649;14811;4.62;0.28;316.09;14.40;1253;52;5077.00;162
13399;47;623586520;13399;525;14650;14811;4.49;0.28;316.07;14.39;1251;52;5078.00;161
13400;47;623586533;13400;526;14651;14811;4.38;0.27;316.06;14.41;1251;52;5079.00;160
13402;47;623586546;13402;535;14652;14811;4.35;0.27;316.03;14.41;1250;52;5080.00;159
13405;47;623586559;13405;540;14652;14811;4.28;0.26;315.98;14.41;1247;52;5081.00;159
13406;47;623586573;13406;542;14656;14815;4.26;0.26;315.96;14.41;1250;52;5082.00;159
13406;47;623586586;13406;530;14656;14815;4.25;0.26;315.96;14.41;1250;52;5083.00;159
13407;47;623586600;13407;525;14661;14819;4.33;0.27;315.95;14.42;1254;52;5084.00;158
13407;47;623586613;13407;515;14663;14821;4.35;0.27;315.95;14.42;1256;52;5085.00;158
13410;47;623586627;13410;516;14666;14821;4.34;0.27;315.93;14.46;1256;52;5086.00;155
13412;47;623586641;13412;514;14666;14821;4.32;0.27;315.91;14.46;1254;52;5087.00;155
13413;47;623586653;13413;506;14677;14834;4.33;0.27;315.89;14.45;1264;52;5088.00;157
13415;47;623586668;13415;505;14678;14834;4.34;0.27;315.88;14.46;1263;52;5089.00;156
13417;47;623586688;13417;516;14678;14834;4.34;0.27;315.86;14.46;1261;52;5090.00;156
13419;47;623586700;13419;513;14680;14835;4.34;0.27;315.84;14.47;1261;52;5091.00;155
13422;47;623586713;13422;516;14681;14836;4.32;0.27;315.86;14.48;1259;52;5092.00;155
13424;47;623586726;13424;518;14681;14836;4.33;0.27;315.87;14.48;1257;52;5093.00;155
13427;47;623586740;13427;515;14687;14839;4.35;0.27;315.85;14.51;1260;52;5094.00;152
13430;47;623586755;13430;517;14687;14839;4.38;0.27;315.81;14.51;1257;52;5095.00;152
13432;47;623586769;13432;508;14687;14839;4.42;0.27;315.80;14.51;1255;52;5096.00;152
13434;47;623586782;13434;504;14688;14839;4.39;0.27;315.79;14.51;1254;52;5097.00;151
13438;47;623586797;13438;513;14694;14845;4.39;0.27;315.78;14.51;1256;52;5098.00;151
13439;47;623586814;13439;513;14695;14845;4.34;0.27;315.76;14.52;1256;52;5099.00;150
13441;47;623586831;13441;511;14700;14864;4.34;0.27;315.77;14.51;1259;52;5100.00;164
13441;47;623586852;13441;500;14701;14864;4.36;0.27;315.77;14.52;1260;52;5101.00;163
13444;47;623586867;13444;502;14705;14868;4.35;0.27;315.79;14.53;1261;52;5102.00;163
13445;47;623586882;13445;500;14706;14869;4.39;0.27;315.79;14.53;1261;52;5103.00;163
13450;47;623586896;13450;494;14708;14869;4.36;0.27;315.82;14.55;1258;52;5104.00;161
13453;47;623586909;13453;484;14709;14870;4.42;0.27;315.85;14.54;1256;52;5105.00;161
13455;47;623586923;13455;493;14714;14870;4.50;0.28;315.83;14.56;1259;52;5106.00;156
13457;47;623586939;13457;479;14714;14870;4.61;0.28;315.81;14.56;1257;52;5107.00;156
13461;47;623586953;13461;474;14714;14870;4.64;0.28;315.78;14.56;1253;52;5108.00;156
13462;47;623586968;13462;471;14716;14870;4.74;0.29;315.78;14.57;1254;52;5109.00;154
13467;47;623586983;13467;472;14716;14870;4.79;0.29;315.86;14.57;1249;52;5110.00;154
13471;47;623586996;13471;464;14717;14870;4.83;0.30;315.93;14.57;1246;52;5111.00;153
13474;47;623587010;13474;472;14752;14940;4.96;0.31;315.96;14.54;1278;52;5112.00;188
13477;47;623587029;13477;457;14756;14941;5.07;0.31;315.97;14.54;1279;52;5113.00;185
13482;47;623587042;13482;458;14762;14941;5.14;0.32;315.99;14.53;1280;52;5114.00;179
13489;47;623587057;13489;456;14764;14941;5.17;0.32;316.00;14.53;1275;52;5115.00;177
13492;47;623587071;13492;458;14770;14941;5.20;0.32;315.98;14.52;1278;52;5116.00;171
13497;47;623587085;13497;453;14772;14941;5.19;0.32;316.02;14.52;1275;52;5117.00;169
13503;47;623587098;13503;450;14777;14941;5.20;0.32;316.08;14.52;1274;52;5118.00;164
13505;47;623587112;13505;455;14778;14941;5.24;0.32;316.12;14.52;1273;52;5119.00;163
13510;47;623587126;13510;447;14780;14942;5.30;0.32;316.16;14.52;1270;52;5120.00;162
13512;47;623587140;13512;453;14784;14943;5.30;0.32;316.25;14.52;1272;52;5121.00;159
13516;47;623587154;13516;449;14785;14943;5.27;0.32;316.31;14.52;1269;52;5122.00;158
13519;47;623587168;13519;451;14788;14947;5.29;0.32;316.35;14.52;1269;52;5123.00;159
13522;47;623587183;13522;460;14789;14947;5.29;0.32;316.47;14.52;1267;52;5124.00;158
13529;47;623587197;13529;463;14789;14947;5.29;0.32;316.60;14.52;1260;52;5125.00;158
13532;47;623587211;13532;470;14789;14947;5.32;0.32;316.64;14.52;1257;52;5126.00;158
13537;47;623587226;13537;465;14794;14953;5.28;0.32;316.75;14.51;1257;52;5127.00;159
13543;47;623587241;13543;470;14795;14953;5.27;0.32;316.81;14.51;1252;52;5128.00;158
13544;47;623587256;13544;472;14796;14953;5.30;0.32;316.86;14.51;1252;52;5129.00;157
13548;47;623587272;13548;479;14800;14959;5.31;0.32;316.91;14.51;1252;52;5130.00;159
13549;47;623587287;13549;480;14802;14959;5.32;0.32;316.89;14.51;1253;52;5131.00;157
13552;47;623587300;13552;484;14803;14959;5.34;0.33;316.91;14.51;1251;52;5132.00;156
13554;47;623587315;13554;486;14804;14960;5.35;0.33;316.90;14.51;1250;52;5133.00;156
13559;47;623587328;13559;485;14807;14961;5.35;0.32;316.87;14.62;1248;52;5134.00;154
13563;47;623587344;13563;481;14808;14961;5.32;0.32;316.98;14.62;1245;52;5135.00;153
13567;47;623587358;13567;487;14818;14974;5.35;0.32;317.05;14.61;1251;52;5136.00;156
13567;47;623587373;13567;482;14818;14974;5.36;0.33;317.05;14.61;1251;52;5137.00;156
13570;47;623587387;13570;481;14818;14974;5.39;0.33;317.05;14.61;1248;52;5138.00;156
13573;47;623587401;13573;478;14819;14975;5.43;0.33;317.06;14.61;1246;52;5139.00;156
13578;47;623587415;13578;484;14821;14975;5.44;0.33;317.08;14.62;1243;52;5140.00;154
13581;47;623587429;13581;484;14825;14979;5.45;0.33;317.16;14.61;1244;52;5141.00;154
13583;47;623587444;13583;472;14826;14979;5.47;0.33;317.25;14.61;1243;52;5142.00;153
13589;47;623587458;13589;476;14829;14983;5.41;0.33;317.35;14.61;1240;52;5143.00;154
13591;47;623587473;13591;471;14829;14983;5.42;0.33;317.42;14.61;1238;52;5144.00;154
13596;47;623587486;13596;474;14829;14983;5.39;0.33;317.46;14.61;1233;52;5145.00;154
13599;47;623587500;13599;470;14829;14983;5.42;0.33;317.46;14.61;1230;52;5146.00;154
13605;47;623587514;13605;465;14829;14983;5.38;0.33;317.60;14.61;1224;52;5147.00;154
13608;47;623587535;13608;465;14839;14995;5.40;0.33;317.64;14.60;1231;52;5148.00;156
13612;47;623587550;13612;464;14839;14995;5.40;0.33;317.70;14.60;1227;52;5149.00;156
13615;47;623587564;13615;464;14840;14995;5.44;0.33;317.68;14.60;1225;52;5150.00;155
13620;47;623587578;13620;467;14840;14995;5.46;0.33;317.70;14.60;1220;52;5151.00;155
13622;47;623587593;13622;471;14840;14995;5.50;0.34;317.70;14.60;1218;52;5152.00;155
13628;47;623587607;13628;473;14840;14995;5.43;0.33;317.77;14.60;1212;52;5153.00;155
13633;47;623587621;13633;481;14841;14996;5.36;0.33;317.79;14.71;1208;52;5154.00;155
13636;47;623587635;13636;485;14843;14998;5.30;0.32;317.81;14.71;1207;52;5155.00;155
13637;47;623587649;13637;472;14848;15004;5.33;0.32;317.83;14.71;1211;52;5156.00;156
13639;47;623587664;13639;461;14849;15005;5.33;0.32;317.79;14.71;1210;52;5157.00;156
13643;47;623587684;13643;455;14849;15005;5.30;0.32;317.89;14.71;1206;52;5158.00;156
13645;47;623587699;13645;451;14849;15005;5.33;0.32;317.94;14.71;1204;52;5159.00;156
13647;47;623587720;13647;437;14853;15010;5.35;0.32;317.97;14.70;1206;52;5160.00;157
13649;47;623587734;13649;432;14853;15010;5.36;0.33;318.05;14.70;1204;52;5161.00;157
13654;47;623587749;13654;428;14853;15010;5.36;0.33;318.04;14.70;1199;52;5162.00;157
13655;47;623587763;13655;427;14854;15011;5.41;0.33;318.03;14.70;1199;52;5163.00;157
13658;47;623587777;13658;424;14857;15015;5.39;0.33;318.04;14.70;1199;52;5164.00;158
13661;47;623587792;13661;421;14857;15015;5.42;0.33;318.13;14.70;1196;52;5165.00;158
13663;47;623587806;13663;418;14859;15018;5.50;0.33;318.12;14.70;1196;52;5166.00;159
13666;47;623587820;13666;412;14859;15018;5.50;0.33;318.12;14.70;1193;52;5167.00;159
13668;47;623587834;13668;408;14860;15018;5.55;0.34;318.22;14.70;1192;52;5168.00;158
13671;47;623587848;13671;403;14860;15018;5.59;0.34;318.25;14.70;1189;52;5169.00;158
13672;47;623587862;13672;406;14865;15022;5.68;0.35;318.25;14.81;1193;52;5170.00;157
13673;47;623587876;13673;394;14865;15022;5.74;0.35;318.24;14.81;1192;52;5171.00;157
13676;47;623587890;13676;389;14865;15022;5.81;0.35;318.26;14.81;1189;52;5172.00;157
13681;47;623587905;13681;382;14865;15022;5.87;0.36;318.35;14.81;1184;52;5173.00;157
13682;47;623587919;13682;377;14865;15023;5.90;0.36;318.38;14.81;1183;52;5174.00;158
13683;47;623587936;13683;368;14867;15025;5.95;0.36;318.38;14.80;1184;52;5175.00;158
13687;47;623587957;13687;369;14867;15025;5.93;0.36;318.45;14.80;1180;52;5176.00;158
13688;47;623587982;13688;355;14868;15026;5.94;0.36;318.46;14.80;1180;52;5177.00;158
13690;47;623588004;13690;360;14868;15026;5.93;0.36;318.49;14.80;1178;52;5178.00;158
13694;47;623588025;13694;359;14869;15026;5.89;0.36;318.54;14.92;1175;52;5179.00;157
13695;47;623588046;13695;362;14869;15026;5.89;0.36;318.52;14.92;1174;52;5180.00;157
13699;47;623588063;13699;356;14869;15026;5.89;0.36;318.57;14.92;1170;52;5181.00;157
13700;47;623588078;13700;357;14869;15026;5.91;0.36;318.61;14.92;1169;52;5182.00;157
13700;47;623588093;13700;356;14869;15026;5.96;0.36;318.61;14.92;1169;52;5183.00;157
13701;47;623588107;13701;379;14941;15153;6.05;0.37;318.61;14.85;1240;52;5184.00;212
13704;47;623588131;13704;369;14942;15154;6.05;0.37;318.73;14.85;1238;52;5185.00;212
13708;47;623588147;13708;357;14948;15154;6.11;0.38;318.78;14.84;1240;52;5186.00;206
13709;47;623588183;13709;354;14948;15154;6.10;0.38;318.82;14.84;1239;52;5187.00;206
13710;47;623588220;13710;357;14954;15154;6.16;0.38;318.81;14.84;1244;52;5188.00;200
13711;47;623588247;13711;358;14956;15154;6.20;0.38;318.81;14.84;1245;52;5189.00;198
13713;47;623588272;13713;356;14959;15154;6.27;0.38;318.84;14.83;1246;52;5190.00;195
13714;47;623588293;13714;365;14962;15154;6.26;0.38;318.84;14.83;1248;52;5191.00;192
13715;47;623588320;13715;359;14964;15155;6.24;0.38;318.84;14.83;1249;52;5192.00;191
13717;47;623588338;13717;354;14969;15156;6.26;0.38;318.82;14.83;1252;52;5193.00;187
13721;47;623588361;13721;363;14971;15156;6.26;0.38;318.93;14.83;1250;52;5194.00;185
13724;47;623588381;13724;361;14974;15157;6.19;0.38;318.95;14.83;1250;52;5195.00;183
13726;47;623588400;13726;368;14975;15157;6.14;0.38;318.97;14.83;1249;52;5196.00;182
13730;47;623588420;13730;368;14978;15157;6.10;0.37;318.96;14.83;1248;52;5197.00;179
13733;47;623588439;13733;365;14979;15157;6.05;0.37;318.99;14.83;1246;52;5198.00;178
13733;47;623588459;13733;369;14983;15161;6.00;0.37;318.99;14.83;1250;52;5199.00;178
13738;47;623588482;13738;364;14985;15161;5.98;0.36;319.00;14.82;1247;52;5200.00;176
13742;47;623588507;13742;368;14986;15161;5.92;0.36;319.08;14.82;1244;52;5201.00;175
13747;47;623588530;13747;364;14988;15164;5.91;0.36;319.13;14.93;1241;52;5202.00;176
13748;47;623588547;13748;360;14989;15164;5.89;0.36;319.12;14.93;1241;52;5203.00;175
13751;47;623588564;13751;360;14990;15164;5.86;0.36;319.18;14.93;1239;52;5204.00;174
13753;47;623588582;13753;358;14998;15168;5.83;0.36;319.24;14.96;1245;52;5205.00;170
13756;47;623588603;13756;355;14999;15169;5.86;0.36;319.25;14.96;1243;52;5206.00;170
13759;47;623588623;13759;355;15001;15169;5.86;0.36;319.24;14.96;1242;52;5207.00;168
13763;47;623588643;13763;352;15003;15173;5.84;0.36;319.34;14.95;1240;52;5208.00;170
13765;47;623588660;13765;353;15004;15173;5.82;0.36;319.38;14.95;1239;52;5209.00;169
13768;47;623588678;13768;351;15004;15173;5.80;0.35;319.36;14.95;1236;52;5210.00;169
13771;47;623588695;13771;358;15005;15174;5.77;0.35;319.36;14.95;1234;52;5211.00;169
13772;47;623588713;13772;357;15005;15174;5.79;0.35;319.35;14.95;1233;52;5212.00;169
13774;47;623588735;13774;361;15010;15180;5.82;0.36;319.33;14.95;1236;52;5213.00;170
13782;47;623588754;13782;373;15010;15180;5.73;0.35;319.23;14.95;1228;52;5214.00;170
13784;47;623588774;13784;374;15010;15180;5.68;0.35;319.23;14.95;1226;52;5215.00;170
13788;47;623588791;13788;385;15011;15181;5.61;0.34;319.27;14.95;1223;52;5216.00;170
13792;47;623588809;13792;383;15011;15181;5.56;0.34;319.34;14.95;1219;52;5217.00;170
13792;47;623588826;13792;385;15011;15181;5.56;0.34;319.34;14.95;1219;52;5218.00;170
13798;47;623588844;13798;391;15011;15181;5.53;0.34;319.38;14.95;1213;52;5219.00;170
13799;47;623588863;13799;404;15033;15217;5.62;0.35;319.35;14.93;1234;52;5220.00;184
13805;47;623588883;13805;406;15037;15217;5.55;0.34;319.36;14.92;1232;52;5221.00;180
13807;47;623588901;13807;405;15038;15217;5.53;0.34;319.34;14.92;1231;52;5222.00;179
13810;47;623588917;13810;409;15038;15217;5.44;0.33;319.31;14.92;1228;52;5223.00;179
13811;47;623588934;13811;421;15041;15217;5.39;0.33;319.31;14.92;1230;52;5224.00;176
13812;47;623588950;13812;425;15041;15217;5.41;0.33;319.33;14.92;1229;52;5225.00;176
13817;47;623588977;13817;435;15044;15221;5.36;0.33;319.32;14.92;1227;52;5226.00;177
13818;47;623588994;13818;443;15044;15221;5.35;0.33;319.30;14.92;1226;52;5227.00;177
13818;47;623589008;13818;450;15048;15225;5.37;0.33;319.30;14.92;1230;52;5228.00;177
13821;47;623589023;13821;456;15049;15226;5.32;0.32;319.34;14.91;1228;52;5229.00;177
13822;47;623589039;13822;463;15050;15226;5.25;0.32;319.34;14.93;1228;52;5230.00;176
13823;47;623589052;13823;468;15051;15226;5.23;0.32;319.34;14.94;1228;52;5231.00;175
13825;47;623589067;13825;474;15062;15239;5.17;0.32;319.31;14.93;1237;52;5232.00;177
13826;47;623589087;13826;476;15063;15239;5.14;0.31;319.32;14.94;1237;52;5233.00;176
13828;47;623589101;13828;483;15064;15239;5.10;0.31;319.36;14.96;1236;52;5234.00;175
13829;47;623589115;13829;472;15065;15240;5.06;0.31;319.37;14.96;1236;52;5235.00;175
13830;47;623589137;13830;467;15067;15241;4.99;0.30;319.37;14.98;1237;52;5236.00;174
13831;47;623589151;13831;466;15067;15241;4.91;0.30;319.36;14.98;1236;52;5237.00;174
13831;47;623589177;13831;464;15071;15244;4.90;0.30;319.36;15.00;1240;52;5238.00;173
13833;47;623589194;13833;464;15071;15244;4.88;0.30;319.40;15.00;1238;52;5239.00;173
13835;47;623589211;13835;461;15073;15244;4.86;0.30;319.43;15.02;1238;52;5240.00;171
13836;47;623589226;13836;457;15074;15244;4.80;0.29;319.41;15.03;1238;52;5241.00;170
13838;47;623589252;13838;465;15080;15250;4.84;0.30;319.50;15.04;1242;52;5242.00;170
13838;47;623589277;13838;466;15081;15250;4.83;0.29;319.50;15.05;1243;52;5243.00;169
13839;47;623589298;13839;464;15082;15250;4.79;0.29;319.49;15.06;1243;52;5244.00;168
13840;47;623589320;13840;463;15083;15250;4.71;0.29;319.50;15.07;1243;52;5245.00;167
13844;47;623589336;13844;467;15086;15254;4.66;0.28;319.48;15.09;1242;52;5246.00;168
13845;47;623589353;13845;475;15089;15255;4.63;0.28;319.46;15.11;1244;52;5247.00;166
13847;47;623589367;13847;476;15091;15255;4.56;0.28;319.47;15.13;1244;52;5248.00;164
13849;47;623589386;13849;479;15092;15256;4.55;0.28;319.45;15.13;1243;52;5249.00;164
13849;47;623589407;13849;481;15092;15256;4.59;0.28;319.45;15.13;1243;52;5250.00;164
13849;47;623589424;13849;475;15092;15256;4.54;0.28;319.45;15.13;1243;52;5251.00;164
13852;47;623589440;13852;465;15094;15256;4.57;0.28;319.47;15.14;1242;52;5252.00;162
13853;47;623589455;13853;466;15095;15256;4.56;0.28;319.46;15.15;1242;52;5253.00;161
13854;47;623589470;13854;461;15098;15256;4.55;0.28;319.45;15.18;1244;52;5254.00;158
13855;47;623589486;13855;464;15098;15256;4.53;0.28;319.44;15.18;1243;52;5255.00;158
13856;47;623589504;13856;476;15132;15326;4.73;0.29;319.44;15.16;1276;52;5256.00;194
13858;47;623589525;13858;464;15135;15327;4.66;0.29;319.41;15.16;1277;52;5257.00;192
13861;47;623589545;13861;461;15144;15327;4.71;0.29;319.49;15.15;1283;52;5258.00;183
13864;47;623589564;13864;463;15149;15327;4.70;0.29;319.46;15.16;1285;52;5259.00;178
13866;47;623589580;13866;460;15153;15327;4.67;0.29;319.44;15.16;1287;52;5260.00;174
13868;47;623589595;13868;459;15154;15327;4.65;0.28;319.42;15.17;1286;52;5261.00;173
13870;47;623589609;13870;458;15159;15327;4.62;0.28;319.41;15.17;1289;52;5262.00;168
13871;47;623589633;13871;465;15160;15327;4.57;0.28;319.46;15.17;1289;52;5263.00;167
13876;47;623589648;13876;460;15163;15328;4.54;0.28;319.50;15.17;1287;52;5264.00;165
13879;47;623589663;13879;459;15171;15330;4.53;0.28;319.48;15.18;1292;52;5265.00;159
13882;47;623589680;13882;473;15173;15330;4.56;0.28;319.50;15.18;1291;52;5266.00;157
13883;47;623589695;13883;480;15176;15334;4.59;0.28;319.52;15.18;1293;52;5267.00;158
13889;47;623589711;13889;487;15179;15334;4.55;0.28;319.53;15.18;1290;52;5268.00;155
13893;47;623589726;13893;482;15179;15334;4.54;0.28;319.50;15.18;1286;52;5269.00;155
13895;47;623589742;13895;476;15180;15334;4.56;0.28;319.48;15.19;1285;52;5270.00;154
13901;47;623589756;13901;481;15184;15340;4.60;0.28;319.47;15.19;1283;52;5271.00;156
13905;47;623589772;13905;475;15184;15340;4.58;0.28;319.59;15.19;1279;52;5272.00;156
13908;47;623589787;13908;472;15186;15340;4.56;0.28;319.59;15.19;1278;52;5273.00;154
13912;47;623589802;13912;468;15187;15343;4.56;0.28;319.65;15.19;1275;52;5274.00;156
13914;47;623589817;13914;469;15188;15343;4.61;0.28;319.65;15.20;1274;52;5275.00;155
13919;47;623589831;13919;466;15188;15343;4.67;0.29;319.68;15.20;1269;52;5276.00;155
13921;47;623589848;13921;458;15188;15344;4.75;0.29;319.75;15.20;1267;52;5277.00;156
13927;47;623589867;13927;454;15190;15345;4.86;0.30;319.78;15.20;1263;52;5278.00;155
13928;47;623589884;13928;450;15190;15345;4.96;0.30;319.77;15.20;1262;52;5279.00;155
13931;47;623589900;13931;457;15208;15371;5.05;0.31;319.82;15.18;1277;52;5280.00;163
13936;47;623589918;13936;453;15210;15371;5.04;0.31;319.87;15.18;1274;52;5281.00;161
13938;47;623589935;13938;446;15211;15371;5.07;0.31;319.85;15.18;1273;52;5282.00;160
13943;47;623589959;13943;442;15213;15372;5.06;0.31;319.96;15.18;1270;52;5283.00;159
13945;47;623589982;13945;432;15213;15372;5.06;0.31;320.02;15.18;1268;52;5284.00;159
13948;47;623590018;13948;429;15216;15376;5.12;0.31;320.07;15.17;1268;52;5285.00;160
13952;47;623590048;13952;413;15217;15376;5.17;0.32;320.13;15.17;1265;52;5286.00;159
13957;47;623590071;13957;417;15219;15379;5.20;0.32;320.19;15.17;1262;52;5287.00;160
13961;47;623590091;13961;416;15219;15380;5.24;0.32;320.23;15.17;1258;52;5288.00;161
13965;47;623590109;13965;410;15219;15380;5.28;0.32;320.26;15.17;1254;52;5289.00;161
13968;47;623590128;13968;409;15219;15380;5.34;0.32;320.37;15.17;1251;52;5290.00;161
13972;47;623590158;13972;411;15220;15380;5.39;0.33;320.41;15.17;1248;52;5291.00;160
13974;47;623590185;13974;406;15229;15392;5.54;0.34;320.46;15.16;1255;52;5292.00;163
13977;47;623590206;13977;408;15230;15392;5.61;0.34;320.45;15.16;1253;52;5293.00;162
13982;47;623590225;13982;405;15230;15392;5.59;0.34;320.53;15.16;1248;52;5294.00;162
13985;47;623590244;13985;402;15230;15392;5.59;0.34;320.65;15.16;1245;52;5295.00;162
13989;47;623590269;13989;406;15230;15392;5.59;0.34;320.61;15.16;1241;52;5296.00;162
13993;47;623590290;13993;413;15230;15392;5.57;0.34;320.68;15.16;1237;52;5297.00;162
13996;47;623590308;13996;429;15230;15393;5.53;0.34;320.73;15.16;1234;52;5298.00;163
14000;47;623590326;14000;421;15231;15393;5.53;0.34;320.71;15.16;1231;52;5299.00;162
14007;47;623590346;14007;426;15237;15399;5.53;0.34;320.75;15.16;1230;52;5300.00;162
14011;47;623590371;14011;428;15238;15400;5.51;0.34;320.78;15.16;1227;52;5301.00;162
14013;47;623590392;14013;431;15240;15400;5.51;0.34;320.82;15.17;1227;52;5302.00;160
14016;47;623590412;14016;441;15240;15400;5.48;0.33;320.84;15.17;1224;52;5303.00;160
14020;47;623590430;14020;439;15245;15404;5.48;0.33;320.85;15.16;1225;52;5304.00;159
14022;47;623590452;14022;436;15245;15404;5.45;0.33;320.88;15.16;1223;52;5305.00;159
14023;47;623590477;14023;431;15246;15404;5.46;0.33;320.88;15.17;1223;52;5306.00;158
14029;47;623590497;14029;430;15247;15405;5.44;0.33;320.89;15.17;1218;52;5307.00;158
14032;47;623590520;14032;421;15250;15409;5.36;0.33;320.96;15.17;1218;52;5308.00;159
14034;47;623590541;14034;417;15250;15409;5.40;0.33;320.99;15.17;1216;52;5309.00;159
14041;47;623590565;14041;417;15253;15415;5.36;0.33;320.99;15.16;1212;52;5310.00;162
14044;47;623590588;14044;414;15255;15415;5.30;0.32;321.02;15.16;1211;52;5311.00;160
14044;47;623590608;14044;424;15257;15415;5.35;0.32;321.02;15.16;1213;52;5312.00;158
14050;47;623590632;14050;429;15259;15415;5.32;0.32;321.12;15.16;1209;52;5313.00;156
14052;47;623590654;14052;434;15263;15419;5.34;0.32;321.12;15.16;1211;52;5314.00;156
14054;47;623590674;14054;438;15264;15419;5.33;0.32;321.15;15.27;1210;52;5315.00;155
14059;47;623590696;14059;442;15264;15419;5.21;0.32;321.19;15.27;1205;52;5316.00;155
14063;47;623590722;14063;433;15264;15419;5.14;0.31;321.23;15.27;1201;52;5317.00;155
14065;47;623590748;14065;429;15264;15420;5.12;0.31;321.26;15.27;1199;52;5318.00;156
14072;47;623590766;14072;419;15265;15421;5.07;0.31;321.34;15.27;1193;52;5319.00;156
14072;47;623590785;14072;410;15265;15421;5.08;0.31;321.34;15.27;1193;52;5320.00;156
14075;47;623590804;14075;411;15266;15422;5.09;0.31;321.40;15.27;1191;52;5321.00;156
14079;47;623590825;14079;414;15266;15422;5.07;0.31;321.44;15.27;1187;52;5322.00;156
14083;47;623590847;14083;424;15266;15422;5.01;0.31;321.47;15.27;1183;52;5323.00;156
14085;47;623590870;14085;420;15266;15422;5.00;0.30;321.46;15.27;1181;52;5324.00;156
14087;47;623590895;14087;423;15266;15422;4.97;0.30;321.48;15.27;1179;52;5325.00;156
14089;47;623590916;14089;415;15266;15422;4.95;0.30;321.49;15.27;1177;52;5326.00;156
14093;47;623590936;14093;409;15266;15422;4.89;0.30;321.54;15.27;1173;52;5327.00;156
14095;47;623590957;14095;419;15339;15549;5.00;0.31;321.57;15.19;1244;52;5328.00;210
14098;47;623590994;14098;398;15339;15550;5.02;0.31;321.59;15.19;1241;52;5329.00;211
14101;47;623591011;14101;389;15343;15550;5.11;0.32;321.58;15.19;1242;52;5330.00;207
14104;47;623591030;14104;389;15343;15550;5.16;0.32;321.58;15.19;1239;52;5331.00;207
14107;47;623591046;14107;381;15349;15550;5.29;0.33;321.58;15.19;1242;52;5332.00;201
14107;47;623591066;14107;378;15349;15550;5.36;0.33;321.58;15.19;1242;52;5333.00;201
14109;47;623591090;14109;369;15352;15550;5.47;0.34;321.58;15.18;1243;52;5334.00;198
14114;47;623591107;14114;375;15356;15550;5.57;0.34;321.65;15.18;1242;52;5335.00;194
14120;47;623591125;14120;364;15360;15551;5.66;0.35;321.71;15.18;1240;52;5336.00;191
14121;47;623591143;14121;363;15366;15552;5.76;0.35;321.77;15.18;1245;52;5337.00;186
14126;47;623591161;14126;357;15370;15552;5.81;0.36;321.85;15.18;1244;52;5338.00;182
14130;47;623591180;14130;355;15371;15553;5.83;0.36;321.91;15.18;1241;52;5339.00;182
14132;47;623591201;14132;364;15372;15553;5.83;0.36;321.91;15.18;1240;52;5340.00;181
14135;47;623591224;14135;366;15375;15553;5.83;0.36;321.96;15.18;1240;52;5341.00;178
14137;47;623591246;14137;365;15379;15553;5.82;0.36;322.01;15.17;1242;52;5342.00;174
14139;47;623591264;14139;365;15383;15557;5.82;0.36;322.07;15.17;1244;52;5343.00;174
14140;47;623591282;14140;370;15385;15557;5.82;0.36;322.12;15.17;1245;52;5344.00;172
14141;47;623591305;14141;373;15386;15557;5.83;0.36;322.17;15.17;1245;52;5345.00;171
14144;47;623591323;14144;378;15388;15560;5.91;0.36;322.29;15.17;1244;52;5346.00;172
14147;47;623591342;14147;385;15389;15560;5.94;0.36;322.33;15.17;1242;52;5347.00;171
14147;47;623591362;14147;389;15390;15560;6.02;0.37;322.33;15.17;1243;52;5348.00;170
14149;47;623591380;14149;389;15394;15564;6.05;0.37;322.43;15.17;1245;52;5349.00;170
14152;47;623591403;14152;393;15395;15565;6.08;0.37;322.45;15.17;1243;52;5350.00;170
14156;47;623591420;14156;387;15396;15565;6.14;0.38;322.47;15.17;1240;52;5351.00;169
14161;47;623591441;14161;385;15399;15569;6.13;0.37;322.48;15.16;1238;52;5352.00;170
14165;47;623591478;14165;385;15399;15569;6.14;0.37;322.45;15.16;1234;52;5353.00;170
14166;47;623591497;14166;383;15401;15569;6.20;0.38;322.49;15.28;1235;52;5354.00;168
14168;47;623591523;14168;383;15403;15571;6.23;0.38;322.49;15.27;1235;52;5355.00;168
14170;47;623591543;14170;388;15403;15571;6.23;0.38;322.54;15.27;1233;52;5356.00;168
14170;47;623591566;14170;392;15408;15577;6.22;0.38;322.54;15.27;1238;52;5357.00;169
14172;47;623591585;14172;394;15408;15577;6.21;0.38;322.60;15.27;1236;52;5358.00;169
14175;47;623591603;14175;390;15408;15577;6.17;0.38;322.58;15.27;1233;52;5359.00;169
14176;47;623591622;14176;390;15408;15578;6.19;0.38;322.62;15.27;1232;52;5360.00;170
14180;47;623591640;14180;395;15408;15578;6.17;0.37;322.69;15.27;1228;52;5361.00;170
14182;47;623591659;14182;387;15408;15578;6.18;0.38;322.68;15.27;1226;52;5362.00;170
14183;47;623591684;14183;377;15408;15578;6.22;0.38;322.73;15.27;1225;52;5363.00;170
14184;47;623591704;14184;386;15418;15590;6.30;0.38;322.74;15.26;1234;52;5364.00;172
14187;47;623591723;14187;384;15418;15590;6.29;0.38;322.81;15.26;1231;52;5365.00;172
14187;47;623591749;14187;386;15419;15590;6.30;0.38;322.81;15.26;1232;52;5366.00;171
14190;47;623591772;14190;390;15419;15590;6.22;0.38;322.78;15.26;1229;52;5367.00;171
14191;47;623591800;14191;396;15419;15590;6.17;0.38;322.76;15.26;1228;52;5368.00;171
14195;47;623591820;14195;399;15419;15590;6.06;0.37;322.83;15.26;1224;52;5369.00;171
14196;47;623591843;14196;395;15422;15594;5.99;0.36;322.84;15.26;1226;52;5370.00;172
14198;47;623591863;14198;391;15422;15594;5.87;0.36;322.85;15.26;1224;52;5371.00;172
14201;47;623591880;14201;392;15426;15598;5.80;0.35;322.88;15.25;1225;52;5372.00;172
14205;47;623591899;14205;395;15426;15599;5.72;0.35;322.86;15.25;1221;52;5373.00;173
14209;47;623591916;14209;385;15428;15599;5.60;0.34;322.85;15.26;1219;52;5374.00;171
14213;47;623591949;14213;388;15429;15599;5.53;0.34;322.86;15.28;1216;52;5375.00;170
14217;47;623591978;14217;396;15439;15612;5.46;0.33;322.90;15.27;1222;52;5376.00;173
14222;47;623592010;14222;391;15440;15612;5.43;0.33;322.93;15.27;1218;52;5377.00;172
14225;47;623592034;14225;386;15440;15612;5.44;0.33;322.92;15.27;1215;52;5378.00;172
14227;47;623592057;14227;393;15441;15613;5.45;0.33;322.90;15.26;1214;52;5379.00;172
14229;47;623592081;14229;391;15441;15614;5.42;0.33;322.93;15.26;1212;52;5380.00;173
14230;47;623592100;14230;395;15441;15614;5.42;0.33;322.93;15.26;1211;52;5381.00;173
14235;47;623592116;14235;400;15443;15617;5.42;0.33;322.87;15.26;1208;52;5382.00;174
14236;47;623592136;14236;400;15444;15617;5.45;0.33;322.87;15.26;1208;52;5383.00;173
14241;47;623592153;14241;399;15444;15617;5.40;0.33;322.83;15.26;1203;52;5384.00;173
14246;47;623592171;14246;404;15444;15617;5.35;0.32;322.86;15.26;1198;52;5385.00;173
14249;47;623592201;14249;412;15449;15623;5.35;0.32;322.95;15.26;1200;52;5386.00;174
14250;47;623592220;14250;397;15450;15623;5.32;0.32;322.95;15.37;1200;52;5387.00;173
14250;47;623592237;14250;390;15450;15623;5.31;0.32;322.95;15.37;1200;52;5388.00;173
14251;47;623592253;14251;393;15450;15623;5.30;0.32;322.95;15.37;1199;52;5389.00;173
14251;47;623592269;14251;387;15453;15627;5.31;0.32;322.95;15.37;1202;52;5390.00;174
14253;47;623592285;14253;390;15454;15628;5.30;0.32;322.95;15.37;1201;52;5391.00;174
14254;47;623592301;14254;384;15454;15628;5.25;0.32;322.93;15.37;1200;52;5392.00;174
14254;48;623592317;14254;394;15456;15629;5.24;0.32;322.93;15.37;1202;53;5393.00;173
14258;48;623592349;14258;396;15456;15629;5.22;0.32;322.93;15.37;1198;53;5394.00;173
14260;48;623592364;14260;398;15456;15629;5.24;0.32;322.96;15.37;1196;53;5395.00;173
14261;48;623592379;14261;394;15456;15629;5.27;0.32;322.97;15.37;1195;53;5396.00;173
14261;48;623592399;14261;394;15457;15629;5.30;0.32;322.97;15.38;1196;53;5397.00;172
14262;48;623592414;14262;386;15457;15629;5.25;0.32;322.96;15.38;1195;53;5398.00;172
14267;48;623592435;14267;388;15457;15629;5.24;0.32;322.99;15.38;1190;53;5399.00;172
