step_arrived;step_collisions;step_duration;step_ended;step_halting;step_inserted;step_loaded;step_meanSpeed;step_meanSpeedRelative;step_meanTravelTime;step_meanWaitingTime;step_running;step_teleports;step_time;step_waiting
0;0;624084721;0;1;88;245;16.34;1.15;-1.00;0.00;88;0;0.00;157
0;0;624084748;0;1;99;245;15.66;1.08;-1.00;0.11;99;0;1.00;146
0;0;624084749;0;2;120;245;14.80;1.00;-1.00;0.44;120;0;2.00;125
0;0;624084751;0;2;136;245;13.82;0.93;-1.00;0.74;136;0;3.00;109
0;0;624084752;0;1;150;245;12.76;0.86;-1.00;1.05;150;0;4.00;95
0;0;624084753;0;6;159;245;11.85;0.79;-1.00;1.27;159;0;5.00;86
0;0;624084755;0;6;171;245;10.99;0.73;-1.00;1.60;171;0;6.00;74
0;0;624084756;0;12;178;245;10.33;0.69;-1.00;1.81;178;0;7.00;67
0;0;624084758;0;17;189;246;9.69;0.64;-1.00;2.17;189;0;8.00;57
0;0;624084760;0;23;193;247;9.44;0.62;-1.00;2.32;193;0;9.00;54
0;0;624084762;0;22;202;247;8.96;0.59;-1.00;2.66;202;0;10.00;45
2;0;624084764;2;23;204;248;8.72;0.57;11.00;2.69;202;0;11.00;44
2;0;624084767;2;28;210;248;8.46;0.55;11.00;2.96;208;0;12.00;38
2;0;624084769;2;34;212;248;8.40;0.55;11.00;3.05;210;0;13.00;36
2;0;624084771;2;38;216;248;8.37;0.54;11.00;3.25;214;0;14.00;32
2;0;624084774;2;39;221;252;8.15;0.53;11.00;3.39;219;0;15.00;31
2;0;624084777;2;45;223;252;8.11;0.52;11.00;3.48;221;0;16.00;29
2;0;624084779;2;54;227;252;8.00;0.51;11.00;3.65;225;0;17.00;25
3;0;624084782;3;56;231;255;7.92;0.50;13.33;3.76;228;0;18.00;24
3;0;624084786;3;61;235;255;7.86;0.50;13.33;4.02;232;0;19.00;20
3;0;624084788;3;63;235;255;7.85;0.50;13.33;4.02;232;0;20.00;20
4;0;624084791;4;70;241;259;8.06;0.51;15.25;4.11;237;0;21.00;18
5;0;624084794;5;76;243;260;8.08;0.51;16.60;4.17;238;0;22.00;17
5;0;624084797;5;77;245;260;8.12;0.51;16.60;4.33;240;0;23.00;15
5;0;624084800;5;81;248;264;8.23;0.52;16.60;4.27;243;0;24.00;16
5;0;624084803;5;87;251;264;8.28;0.52;16.60;4.43;246;0;25.00;13
5;0;624084806;5;87;253;264;8.32;0.52;16.60;4.53;248;0;26.00;11
6;0;624084809;6;89;253;265;8.39;0.52;17.83;4.53;247;0;27.00;12
6;0;624084812;6;92;253;265;8.50;0.53;17.83;4.53;247;0;28.00;12
6;0;624084815;6;91;259;271;8.54;0.53;17.83;4.55;253;0;29.00;12
6;0;624084821;6;94;261;271;8.59;0.53;17.83;4.64;255;0;30.00;10
7;0;624084824;7;95;262;272;8.61;0.54;19.29;4.63;255;0;31.00;10
7;0;624084827;7;94;263;272;8.63;0.54;19.29;4.73;256;0;32.00;9
10;0;624084830;10;97;265;272;8.55;0.53;23.40;4.94;255;0;33.00;7
10;0;624084833;10;102;265;272;8.56;0.53;23.40;4.94;255;0;34.00;7
10;0;624084836;10;104;267;272;8.54;0.53;23.40;5.13;257;0;35.00;5
11;0;624084839;11;104;276;284;8.75;0.54;24.00;4.97;265;0;36.00;8
12;0;624084844;12;106;278;284;8.71;0.54;24.75;5.00;266;0;37.00;6
13;0;624084847;13;109;279;284;8.66;0.54;25.54;4.99;266;0;38.00;5
14;0;624084850;14;112;280;284;8.56;0.53;26.14;5.02;266;0;39.00;4
14;0;624084854;14;115;281;284;8.48;0.53;26.14;5.01;267;0;40.00;3
14;0;624084858;14;116;281;284;8.30;0.52;26.14;5.01;267;0;41.00;3
14;0;624084861;14;118;285;288;8.24;0.51;26.14;4.96;271;0;42.00;3
15;0;624084864;15;121;285;288;8.09;0.50;27.13;4.96;270;0;43.00;3
16;0;624084867;16;126;289;292;8.03;0.50;27.63;4.90;273;0;44.00;3
18;0;624084870;18;130;291;294;7.94;0.49;28.39;4.87;273;0;45.00;3
18;0;624084874;18;133;291;294;7.78;0.49;28.39;4.87;273;0;46.00;3
19;0;624084877;19;132;291;294;7.73;0.48;29.00;4.87;272;0;47.00;3
19;0;624084879;19;135;301;307;7.85;0.49;29.00;4.71;282;0;48.00;6
19;0;624084883;19;137;302;307;7.80;0.49;29.00;4.70;283;0;49.00;5
20;0;624084886;20;139;302;307;7.51;0.47;30.05;4.70;282;0;50.00;5
21;0;624084889;21;143;303;308;7.41;0.46;31.00;4.68;282;0;51.00;5
21;0;624084892;21;145;304;309;7.27;0.45;31.00;4.67;283;0;52.00;5
21;0;624084895;21;148;304;309;7.15;0.45;31.00;4.67;283;0;53.00;5
22;0;624084898;22;149;306;312;7.25;0.45;32.05;4.64;284;0;54.00;6
23;0;624084901;23;156;306;312;7.24;0.45;32.96;4.64;283;0;55.00;6
24;0;624084903;24;146;307;312;7.25;0.45;33.92;4.63;283;0;56.00;5
24;0;624084907;24;143;307;312;7.30;0.45;33.92;4.63;283;0;57.00;5
27;0;624084911;27;139;313;318;7.33;0.45;34.19;4.56;286;0;58.00;5
27;0;624084915;27;140;313;318;7.37;0.46;34.19;4.56;286;0;59.00;5
27;0;624084919;27;141;313;318;7.37;0.46;34.19;4.56;286;0;60.00;5
28;0;624084922;28;145;313;318;7.40;0.46;34.25;4.56;285;0;61.00;5
28;0;624084925;28;149;317;322;7.42;0.46;34.25;4.52;289;0;62.00;5
28;0;624084929;28;150;318;323;7.65;0.47;34.25;4.50;290;0;63.00;5
30;0;624084932;30;150;318;323;7.74;0.47;36.07;4.50;288;0;64.00;5
30;0;624084935;30;152;319;324;7.92;0.49;36.07;4.49;289;0;65.00;5
32;0;624084938;32;153;319;324;7.92;0.48;36.53;4.49;287;0;66.00;5
32;0;624084942;32;145;319;324;7.99;0.49;36.53;4.49;287;0;67.00;5
33;0;624084945;33;139;319;324;8.03;0.49;37.27;4.49;286;0;68.00;5
35;0;624084948;35;136;319;324;7.96;0.48;39.09;4.49;284;0;69.00;5
35;0;624084951;35;133;319;324;8.06;0.49;39.09;4.49;284;0;70.00;5
37;0;624084954;37;130;319;324;8.13;0.49;40.24;4.49;282;0;71.00;5
37;0;624084957;37;134;353;394;8.28;0.51;40.24;4.06;316;0;72.00;41
37;0;624084966;37;129;354;395;8.47;0.52;40.24;4.05;317;0;73.00;41
37;0;624084972;37;123;361;395;8.79;0.54;40.24;4.01;324;0;74.00;34
37;0;624084976;37;121;365;395;9.07;0.55;40.24;4.00;328;0;75.00;30
37;0;624084979;37;119;367;395;9.25;0.56;40.24;4.00;330;0;76.00;28
38;0;624084988;38;117;369;395;9.46;0.58;41.21;4.01;331;0;77.00;26
38;1;624084992;38;116;372;395;9.60;0.58;41.21;4.02;334;1;78.00;23
40;1;624085015;40;120;374;395;9.68;0.59;42.63;4.04;334;1;79.00;21
40;1;624085024;40;122;376;396;9.65;0.58;42.63;4.06;336;1;80.00;20
40;1;624085027;40;122;378;397;9.66;0.58;42.63;4.08;338;1;81.00;19
41;1;624085031;41;123;380;397;9.62;0.58;43.59;4.10;339;1;82.00;17
42;1;624085035;42;128;385;401;9.52;0.58;44.50;4.08;343;1;83.00;16
42;1;624085039;42;126;386;401;9.46;0.57;44.50;4.08;344;1;84.00;15
43;1;624085042;43;126;386;401;9.36;0.57;45.35;4.08;343;1;85.00;15
43;1;624085045;43;127;386;401;9.26;0.56;45.35;4.08;343;1;86.00;15
43;1;624085049;43;128;391;407;9.18;0.56;45.35;4.04;348;1;87.00;16
43;1;624085053;43;128;391;407;9.12;0.56;45.35;4.04;348;1;88.00;16
46;1;624085056;46;131;391;407;9.02;0.55;48.20;4.04;345;1;89.00;16
46;1;624085062;46;132;395;413;9.06;0.55;48.20;4.00;349;1;90.00;18
49;1;624085065;49;132;395;413;8.97;0.55;50.82;4.00;346;1;91.00;18
49;1;624085069;49;134;397;413;9.04;0.55;50.82;3.99;348;1;92.00;16
49;1;624085073;49;133;398;414;8.94;0.55;50.82;3.98;349;1;93.00;16
52;1;624085076;52;134;399;415;8.88;0.54;53.21;3.97;347;1;94.00;16
53;1;624085081;53;134;399;415;8.80;0.54;54.00;3.97;346;1;95.00;16
54;1;624085085;54;136;410;428;8.68;0.53;53.44;3.87;356;1;96.00;18
55;1;624085090;55;134;410;428;8.62;0.53;54.24;3.87;355;1;97.00;18
57;1;624085094;57;136;410;428;8.60;0.53;55.40;3.87;353;1;98.00;18
60;1;624085097;60;132;411;429;8.65;0.53;57.42;3.86;351;1;99.00;18
62;1;624085102;62;128;411;429;8.75;0.54;58.73;3.86;349;1;100.00;18
63;1;624085109;63;128;414;433;8.91;0.55;59.30;3.84;351;1;101.00;19
65;1;624085114;65;121;414;433;8.96;0.55;60.52;3.84;349;1;102.00;19
66;1;624085118;66;115;418;437;9.05;0.55;61.17;3.81;352;1;103.00;19
67;1;624085122;67;110;418;437;9.26;0.57;61.78;3.81;351;1;104.00;19
69;1;624085127;69;104;420;437;9.45;0.58;62.97;3.95;351;1;105.00;17
69;1;624085132;69;99;420;437;9.62;0.59;62.97;3.95;351;1;106.00;17
70;1;624085136;70;93;420;437;9.81;0.60;63.60;3.95;350;1;107.00;17
70;1;624085142;70;89;430;449;9.99;0.61;63.60;3.86;360;1;108.00;19
70;1;624085147;70;83;431;449;10.15;0.62;63.60;3.85;361;1;109.00;18
71;1;624085152;71;78;432;449;10.37;0.63;64.25;3.85;361;1;110.00;17
71;1;624085157;71;72;432;449;10.53;0.64;64.25;3.85;361;1;111.00;17
73;1;624085162;73;74;432;449;10.74;0.65;65.42;3.85;359;1;112.00;17
73;1;624085167;73;72;432;449;10.95;0.67;65.42;3.85;359;1;113.00;17
74;1;624085172;74;69;433;450;10.99;0.67;65.59;3.84;359;1;114.00;17
75;1;624085177;75;68;433;450;11.01;0.67;66.19;3.84;358;1;115.00;17
75;1;624085181;75;67;438;456;11.07;0.68;66.19;3.81;363;1;116.00;18
76;1;624085187;76;65;439;457;11.07;0.67;66.86;4.07;363;1;117.00;18
76;1;624085192;76;70;440;457;11.05;0.67;66.86;4.06;364;1;118.00;17
76;1;624085197;76;71;440;457;11.12;0.68;66.86;4.06;364;1;119.00;17
77;1;624085204;77;73;445;462;11.15;0.68;67.55;4.28;368;1;120.00;17
78;1;624085211;78;74;447;462;11.12;0.68;68.00;4.48;369;1;121.00;15
79;1;624085216;79;77;448;462;11.10;0.68;68.65;4.75;369;1;122.00;14
82;1;624085222;82;77;449;463;11.22;0.68;70.57;4.74;367;1;123.00;14
82;1;624085228;82;79;455;467;11.22;0.68;70.57;4.96;373;1;124.00;12
84;1;624085234;84;79;456;467;11.30;0.69;71.75;5.07;372;1;125.00;11
85;1;624085240;85;82;460;470;11.37;0.69;72.32;5.31;375;1;126.00;10
86;1;624085246;86;83;462;470;11.36;0.69;72.95;5.41;376;1;127.00;8
86;1;624085252;86;88;464;470;11.32;0.69;72.95;5.60;378;1;128.00;6
88;1;624085259;88;89;465;470;11.24;0.68;73.65;5.65;377;1;129.00;5
91;1;624085264;91;93;470;474;11.27;0.69;74.43;5.75;379;1;130.00;4
92;1;624085271;92;93;471;474;11.31;0.69;74.96;5.74;379;1;131.00;3
93;1;624085277;93;96;472;474;11.32;0.69;75.05;5.81;379;1;132.00;2
94;1;624085283;94;98;472;474;11.25;0.69;74.90;5.81;378;1;133.00;2
94;1;624085289;94;101;474;475;11.18;0.68;74.90;5.86;380;1;134.00;1
95;1;624085295;95;102;476;477;11.06;0.68;75.54;5.84;381;1;135.00;1
96;1;624085301;96;101;477;477;11.05;0.68;76.17;5.86;381;1;136.00;0
98;1;624085307;98;101;478;478;11.06;0.68;77.10;5.85;380;1;137.00;0
99;1;624085314;99;101;478;478;11.02;0.67;76.99;5.85;379;1;138.00;0
99;1;624085319;99;103;478;478;11.11;0.68;76.99;5.85;379;1;139.00;0
101;1;624085324;101;106;478;478;11.13;0.68;76.81;5.85;377;1;140.00;0
101;1;624085330;101;107;478;478;11.20;0.69;76.81;5.85;377;1;141.00;0
101;1;624085336;101;110;478;478;11.25;0.70;76.81;5.85;377;1;142.00;0
103;1;624085341;103;110;478;478;11.35;0.70;77.53;5.85;375;1;143.00;0
105;1;624085347;105;131;551;605;11.13;0.70;78.79;5.08;446;1;144.00;54
107;1;624085363;107;125;557;606;11.17;0.70;79.98;5.04;450;1;145.00;49
109;1;624085369;109;122;566;606;11.17;0.70;81.10;4.99;457;1;146.00;40
110;1;624085375;110;122;567;606;11.13;0.70;81.70;4.99;457;1;147.00;39
112;1;624085382;112;125;573;606;11.12;0.70;82.78;4.98;461;1;148.00;33
116;1;624085388;116;122;573;606;10.97;0.69;84.50;4.98;457;1;149.00;33
118;1;624085395;118;124;577;611;10.79;0.67;84.59;4.96;459;1;150.00;34
119;1;624085404;119;121;579;611;10.74;0.67;84.93;4.97;460;1;151.00;32
123;1;624085411;123;120;580;612;10.68;0.66;86.31;4.97;457;1;152.00;32
125;1;624085417;125;121;585;613;10.70;0.66;86.80;5.01;460;1;153.00;28
125;1;624085424;125;125;586;613;10.73;0.66;86.80;5.02;461;1;154.00;27
127;1;624085430;127;124;591;614;10.73;0.66;87.84;5.04;464;1;155.00;23
128;1;624085437;128;126;595;614;10.73;0.66;87.25;5.08;467;1;156.00;19
131;1;624085443;131;130;598;614;10.68;0.66;88.28;5.12;467;1;157.00;16
132;1;624085450;132;134;601;614;10.68;0.66;88.79;5.16;469;1;158.00;13
132;1;624085456;132;139;607;618;10.58;0.65;88.79;5.21;475;1;159.00;11
134;1;624085462;134;143;609;618;10.38;0.64;88.75;5.22;475;1;160.00;9
134;1;624085471;134;142;610;618;10.36;0.64;88.75;5.23;476;1;161.00;8
137;1;624085479;137;146;612;621;10.23;0.63;89.80;5.25;475;1;162.00;9
138;1;624085494;138;147;614;621;10.15;0.63;90.33;5.27;476;1;163.00;7
141;1;624085502;141;150;614;621;10.08;0.62;91.81;5.27;473;1;164.00;7
143;1;624085513;143;152;620;625;9.95;0.62;92.78;5.31;477;1;165.00;5
145;1;624085522;145;147;621;626;9.82;0.61;93.25;5.30;476;1;166.00;5
146;1;624085534;146;147;622;626;9.76;0.60;92.77;5.33;476;1;167.00;4
146;1;624085540;146;145;626;630;9.74;0.60;92.77;5.31;480;1;168.00;4
149;1;624085547;149;150;627;630;9.68;0.60;93.99;5.30;478;1;169.00;3
152;1;624085553;152;140;627;630;9.64;0.60;95.21;5.30;475;1;170.00;3
153;1;624085559;153;141;629;631;9.56;0.59;94.92;5.30;476;1;171.00;2
154;1;624085565;154;141;629;631;9.59;0.59;95.33;5.30;475;1;172.00;2
156;1;624085571;156;138;635;637;9.60;0.59;95.74;5.26;479;1;173.00;2
158;1;624085578;158;133;635;637;9.57;0.59;96.35;5.26;477;1;174.00;2
160;1;624085584;160;133;636;638;9.56;0.59;96.41;5.25;476;1;175.00;2
161;1;624085590;161;129;636;638;9.54;0.59;96.83;5.25;475;1;176.00;2
161;1;624085597;161;122;636;638;9.50;0.58;96.83;5.25;475;1;177.00;2
161;1;624085603;161;119;638;638;9.48;0.58;96.83;5.30;477;1;178.00;0
161;1;624085609;161;116;638;638;9.56;0.59;96.83;5.30;477;1;179.00;0
161;1;624085616;161;118;668;672;9.71;0.60;96.83;5.06;507;1;180.00;4
162;1;624085625;162;116;668;672;9.74;0.60;97.34;5.06;506;1;181.00;4
162;1;624085631;162;114;671;672;9.83;0.61;97.34;5.05;509;1;182.00;1
163;1;624085636;163;115;671;672;9.78;0.60;97.48;5.05;508;1;183.00;1
165;1;624085643;165;123;672;672;9.76;0.60;98.24;5.04;507;1;184.00;0
169;1;624085649;169;123;672;672;9.75;0.60;98.59;5.04;503;1;185.00;0
169;1;624085662;169;126;676;676;9.76;0.60;98.59;5.02;507;1;186.00;0
170;1;624085670;170;132;676;676;9.78;0.60;99.11;5.02;506;1;187.00;0
172;1;624085676;172;137;680;680;9.75;0.60;99.08;5.00;508;1;188.00;0
174;1;624085683;174;144;681;681;9.71;0.60;99.70;4.99;507;1;189.00;0
177;1;624085689;177;151;681;681;9.62;0.59;99.39;4.99;504;1;190.00;0
180;1;624085696;180;158;681;681;9.50;0.58;100.05;4.99;501;1;191.00;0
183;1;624085702;183;168;694;694;9.46;0.58;99.64;4.90;511;1;192.00;0
185;1;624085709;185;175;694;694;9.29;0.57;99.85;4.90;509;1;193.00;0
185;1;624085716;185;173;694;694;9.12;0.56;99.85;4.90;509;1;194.00;0
189;1;624085722;189;173;695;695;8.97;0.55;99.50;4.89;506;1;195.00;0
191;1;624085728;191;176;696;696;8.89;0.55;99.64;4.89;505;1;196.00;0
192;1;624085734;192;177;696;696;8.76;0.54;99.72;4.89;504;1;197.00;0
194;1;624085740;194;185;698;699;8.69;0.53;99.96;4.87;504;1;198.00;1
197;1;624085746;197;189;698;699;8.54;0.52;99.60;4.87;501;1;199.00;1
198;1;624085752;198;191;699;699;8.39;0.52;99.38;4.87;501;1;200.00;0
200;1;624085763;200;194;699;699;8.21;0.51;98.95;4.87;499;1;201.00;0
201;1;624085769;201;204;705;705;8.05;0.50;98.75;4.83;504;1;202.00;0
203;1;624085775;203;208;705;705;7.91;0.49;99.73;4.83;502;1;203.00;0
207;1;624085781;207;214;705;705;7.77;0.48;100.89;4.83;498;1;204.00;0
208;1;624085786;208;221;705;705;7.67;0.47;100.70;4.83;497;1;205.00;0
211;1;624085791;211;226;709;709;7.58;0.47;100.40;4.81;498;1;206.00;0
213;1;624085797;213;229;710;710;7.48;0.46;100.22;4.81;497;1;207.00;0
214;1;624085802;214;231;710;710;7.43;0.46;100.05;4.81;496;1;208.00;0
217;1;624085807;217;233;711;711;7.26;0.45;100.56;4.80;494;1;209.00;0
217;1;624085815;217;239;711;711;7.19;0.44;100.56;4.80;494;1;210.00;0
219;1;624085820;219;246;711;711;7.01;0.43;100.69;4.80;492;1;211.00;0
219;1;624085826;219;249;711;711;6.90;0.43;100.69;4.80;492;1;212.00;0
220;1;624085831;220;253;711;711;6.76;0.42;100.71;4.80;491;1;213.00;0
223;1;624085836;223;255;711;711;6.69;0.41;100.88;4.80;488;1;214.00;0
223;1;624085842;223;259;711;711;6.63;0.41;100.88;4.80;488;1;215.00;0
224;1;624085847;224;275;755;781;6.93;0.43;101.38;4.52;531;1;216.00;26
225;1;624085857;225;261;757;782;6.89;0.43;101.61;4.51;532;1;217.00;25
225;1;624085864;225;253;764;782;7.11;0.44;101.61;4.49;539;1;218.00;18
227;1;624085869;227;235;765;782;7.20;0.45;102.62;4.49;538;1;219.00;17
229;1;624085876;229;225;769;782;7.33;0.45;103.28;4.48;540;1;220.00;13
229;1;624085882;229;221;769;782;7.39;0.46;103.28;4.48;540;1;221.00;13
231;1;624085888;231;218;772;782;7.50;0.46;103.87;4.49;541;1;222.00;10
232;1;624085894;232;216;775;782;7.62;0.47;104.38;4.50;543;1;223.00;7
235;1;624085901;235;219;778;783;7.64;0.47;105.45;4.51;543;1;224.00;5
238;1;624085907;238;219;782;785;7.67;0.47;106.36;4.52;544;1;225.00;3
240;1;624085914;240;206;783;785;7.72;0.47;105.90;4.52;543;1;226.00;2
242;1;624085921;242;198;788;789;7.90;0.48;106.38;4.51;546;1;227.00;1
242;1;624085928;242;197;789;789;8.17;0.50;106.38;4.51;547;1;228.00;0
242;1;624085941;242;186;789;789;8.42;0.52;106.38;4.51;547;1;229.00;0
243;1;624085948;243;180;789;789;8.65;0.53;106.30;4.51;546;1;230.00;0
243;1;624085956;243;174;795;795;8.87;0.55;106.30;4.48;552;1;231.00;0
245;1;624085964;245;170;795;795;9.08;0.56;106.54;4.48;550;1;232.00;0
245;2;624085973;245;165;795;795;9.26;0.57;106.54;4.48;550;2;233.00;0
246;2;624085992;246;162;797;798;9.52;0.59;106.33;4.47;551;2;234.00;1
247;2;624086000;247;155;797;798;9.71;0.60;106.85;4.47;550;2;235.00;1
249;2;624086007;249;157;798;798;9.87;0.61;107.04;4.47;549;2;236.00;0
251;2;624086014;251;148;799;799;10.01;0.61;108.00;4.47;548;2;237.00;0
251;2;624086022;251;147;800;800;10.15;0.62;108.00;4.46;549;2;238.00;0
254;2;624086029;254;141;800;800;10.34;0.63;107.80;4.46;546;2;239.00;0
255;2;624086039;255;147;824;826;10.34;0.63;108.29;4.33;569;2;240.00;2
257;2;624086047;257;133;825;826;10.48;0.64;108.67;4.33;568;2;241.00;1
260;2;624086055;260;127;826;826;10.61;0.65;109.27;4.32;566;2;242.00;0
262;2;624086062;262;119;827;827;10.77;0.66;109.78;4.32;565;2;243.00;0
268;2;624086068;268;113;827;827;10.86;0.66;111.23;4.32;559;2;244.00;0
271;2;624086076;271;114;831;831;11.04;0.67;111.59;4.30;560;2;245.00;0
273;2;624086083;273;111;831;831;11.17;0.68;112.02;4.30;558;2;246.00;0
276;2;624086090;276;108;835;835;11.21;0.68;113.24;4.29;559;2;247.00;0
278;2;624086098;278;102;835;835;11.40;0.69;114.13;4.29;557;2;248.00;0
279;2;624086104;279;102;835;835;11.62;0.71;114.61;4.29;556;2;249.00;0
285;2;624086111;285;100;835;835;11.74;0.71;116.16;4.29;550;2;250.00;0
286;2;624086118;286;100;835;835;11.81;0.72;116.63;4.29;549;2;251.00;0
287;2;624086125;287;100;846;847;11.93;0.73;116.60;4.23;559;2;252.00;1
291;2;624086132;291;101;846;847;11.98;0.73;117.30;4.23;555;2;253.00;1
293;2;624086139;293;102;847;847;12.07;0.73;117.96;4.23;554;2;254.00;0
295;2;624086153;295;103;847;847;12.08;0.73;117.94;4.23;552;2;255.00;0
297;2;624086175;297;104;847;847;12.10;0.73;118.02;4.23;550;2;256.00;0
300;2;624086186;300;107;847;847;12.08;0.73;118.37;4.23;547;2;257.00;0
301;2;624086198;301;107;848;848;11.98;0.73;118.80;4.23;547;2;258.00;0
303;2;624086209;303;109;848;848;11.98;0.73;118.95;4.23;545;2;259.00;0
304;2;624086221;304;111;854;854;11.91;0.72;119.17;4.20;550;2;260.00;0
305;2;624086242;305;115;855;855;11.99;0.73;119.40;4.20;550;2;261.00;0
305;2;624086258;305;111;855;855;12.02;0.73;119.40;4.20;550;2;262.00;0
306;3;624086268;306;113;855;855;11.99;0.73;119.85;4.20;549;3;263.00;0
307;3;624086319;307;113;859;859;11.96;0.72;119.73;4.18;552;3;264.00;0
311;3;624086331;311;113;859;859;11.94;0.72;120.43;4.18;548;3;265.00;0
313;3;624086339;313;114;859;859;11.99;0.73;120.36;4.18;546;3;266.00;0
315;3;624086347;315;115;860;860;11.96;0.72;120.88;4.17;545;3;267.00;0
319;3;624086355;319;116;864;864;11.90;0.72;121.54;4.16;545;3;268.00;0
321;3;624086363;321;112;864;864;11.93;0.72;122.30;4.16;543;3;269.00;0
322;3;624086373;322;112;868;870;11.97;0.72;122.40;4.14;546;3;270.00;2
326;3;624086381;326;108;868;870;11.92;0.72;122.33;4.14;542;3;271.00;2
331;3;624086389;331;103;870;870;11.93;0.72;123.22;4.14;539;3;272.00;0
334;3;624086397;334;101;870;870;11.90;0.72;123.26;4.14;536;3;273.00;0
335;3;624086411;335;97;874;874;11.93;0.72;123.36;4.12;539;3;274.00;0
335;3;624086419;335;93;874;874;11.92;0.72;123.36;4.12;539;3;275.00;0
336;3;624086426;336;87;874;874;12.03;0.73;123.27;4.12;538;3;276.00;0
338;3;624086433;338;83;874;874;12.15;0.74;123.19;4.12;536;3;277.00;0
340;3;624086440;340;80;875;875;12.17;0.74;123.15;4.12;535;3;278.00;0
341;3;624086447;341;79;876;876;12.32;0.75;123.18;4.11;535;3;279.00;0
342;3;624086455;342;74;876;876;12.37;0.75;123.53;4.11;534;3;280.00;0
345;3;624086462;345;70;877;877;12.43;0.76;123.47;4.11;532;3;281.00;0
347;3;624086472;347;70;877;877;12.47;0.76;123.75;4.11;530;3;282.00;0
350;3;624086479;350;70;877;877;12.50;0.76;124.09;4.11;527;3;283.00;0
352;3;624086486;352;73;877;877;12.53;0.76;124.21;4.11;525;3;284.00;0
354;3;624086493;354;75;877;877;12.61;0.77;124.43;4.11;523;3;285.00;0
355;3;624086501;355;77;877;877;12.75;0.78;124.68;4.11;522;3;286.00;0
358;3;624086509;358;78;877;877;12.79;0.78;125.30;4.11;519;3;287.00;0
361;3;624086517;361;93;950;1004;12.22;0.75;126.13;3.80;589;3;288.00;54
361;3;624086535;361;85;954;1005;12.16;0.75;126.13;3.79;593;3;289.00;51
363;3;624086543;363;82;960;1005;12.11;0.75;126.98;3.77;597;3;290.00;45
363;3;624086551;363;86;962;1005;11.93;0.74;126.98;3.77;599;3;291.00;43
364;3;624086558;364;91;968;1005;11.88;0.73;127.10;3.77;604;3;292.00;37
364;3;624086566;364;91;970;1005;11.76;0.73;127.10;3.78;606;3;293.00;35
365;3;624086574;365;92;972;1005;11.70;0.72;126.97;3.78;607;3;294.00;33
366;3;624086581;366;94;974;1005;11.70;0.72;127.02;3.79;608;3;295.00;31
368;3;624086589;368;94;976;1006;11.72;0.72;126.63;3.80;608;3;296.00;30
369;3;624086598;369;96;978;1007;11.74;0.72;126.69;3.81;609;3;297.00;29
372;3;624086606;372;96;982;1007;11.71;0.72;127.04;3.83;610;3;298.00;25
372;3;624086614;372;105;985;1008;11.67;0.72;127.04;3.85;613;3;299.00;23
373;3;624086625;373;111;991;1014;11.53;0.71;127.12;3.88;618;3;300.00;23
375;3;624086639;375;111;992;1014;11.42;0.71;127.07;3.89;617;3;301.00;22
377;3;624086648;377;118;996;1014;11.34;0.70;127.47;3.93;619;3;302.00;18
379;3;624086657;379;123;999;1018;11.20;0.69;127.70;3.95;620;3;303.00;19
384;3;624086665;384;130;1001;1018;11.13;0.69;128.65;3.97;617;3;304.00;17
385;3;624086674;385;139;1003;1018;11.09;0.69;128.74;4.00;618;3;305.00;15
386;3;624086682;386;148;1008;1021;10.94;0.68;128.64;4.01;622;3;306.00;13
387;3;624086691;387;152;1010;1021;10.87;0.67;128.97;4.03;623;3;307.00;11
392;3;624086700;392;158;1012;1021;10.77;0.67;129.15;4.04;620;3;308.00;9
394;3;624086708;394;163;1016;1025;10.61;0.66;129.85;4.04;622;3;309.00;9
395;3;624086717;395;170;1017;1026;10.56;0.65;130.13;4.04;622;3;310.00;9
399;3;624086726;399;174;1019;1026;10.33;0.64;130.74;4.04;620;3;311.00;7
402;3;624086735;402;187;1024;1030;10.13;0.62;131.77;4.04;622;3;312.00;6
405;3;624086743;405;184;1025;1030;10.02;0.62;132.17;4.04;620;3;313.00;5
407;3;624086751;407;188;1026;1030;9.83;0.60;132.75;4.05;619;3;314.00;4
410;3;624086759;410;191;1028;1032;9.67;0.60;133.26;4.04;618;3;315.00;4
412;3;624086767;412;199;1028;1032;9.54;0.59;133.66;4.04;616;3;316.00;4
415;3;624086775;415;203;1034;1038;9.39;0.58;134.43;4.02;619;3;317.00;4
416;3;624086784;416;209;1034;1038;9.14;0.56;134.82;4.02;618;3;318.00;4
418;3;624086791;418;209;1035;1039;9.00;0.55;135.20;4.02;617;3;319.00;4
419;3;624086798;419;208;1035;1039;8.93;0.55;135.21;4.02;616;3;320.00;4
421;3;624086805;421;208;1036;1039;8.77;0.54;135.21;4.05;615;3;321.00;3
425;3;624086813;425;218;1037;1039;8.71;0.53;135.68;4.08;612;3;322.00;2
427;3;624086820;427;217;1037;1039;8.67;0.53;135.84;4.08;610;3;323.00;2
429;3;624086826;429;223;1049;1051;8.68;0.53;135.71;4.06;620;3;324.00;2
430;3;624086834;430;220;1049;1051;8.72;0.53;135.77;4.06;619;3;325.00;2
431;3;624086842;431;215;1051;1051;8.77;0.54;135.92;4.08;620;3;326.00;0
434;3;624086849;434;217;1051;1051;8.87;0.54;136.12;4.08;617;3;327.00;0
438;3;624086856;438;218;1051;1051;8.97;0.55;136.33;4.08;613;3;328.00;0
439;3;624086865;439;219;1051;1051;9.08;0.55;136.27;4.08;612;3;329.00;0
439;3;624086874;439;223;1055;1055;9.11;0.56;136.27;4.06;616;3;330.00;0
439;3;624086881;439;222;1055;1055;9.11;0.56;136.27;4.06;616;3;331.00;0
439;3;624086888;439;223;1059;1059;9.10;0.56;136.27;4.05;620;3;332.00;0
442;3;624086896;442;228;1060;1060;8.97;0.55;137.31;4.05;618;3;333.00;0
444;3;624086903;444;226;1060;1060;8.82;0.54;137.34;4.05;616;3;334.00;0
447;3;624086910;447;225;1060;1060;8.62;0.53;138.38;4.05;613;3;335.00;0
451;3;624086917;451;228;1072;1073;8.36;0.51;138.18;4.00;621;3;336.00;1
454;3;624086926;454;231;1073;1073;8.12;0.50;139.18;4.00;619;3;337.00;0
458;3;624086933;458;235;1073;1073;7.88;0.49;140.44;4.00;615;3;338.00;0
459;3;624086940;459;240;1074;1074;7.77;0.48;140.25;4.00;615;3;339.00;0
462;3;624086947;462;237;1075;1075;7.63;0.47;141.54;4.00;613;3;340.00;0
463;3;624086954;463;231;1075;1075;7.59;0.47;141.96;4.00;612;3;341.00;0
469;3;624086962;469;235;1078;1078;7.61;0.47;142.93;3.98;609;3;342.00;0
473;3;624086971;473;228;1078;1078;7.74;0.48;143.80;3.98;605;3;343.00;0
474;3;624086978;474;228;1078;1078;7.80;0.48;143.79;3.98;604;3;344.00;0
478;3;624086985;478;226;1078;1078;7.79;0.48;144.97;3.98;600;3;345.00;0
481;3;624086992;481;228;1084;1084;7.87;0.49;145.45;3.97;603;3;346.00;0
484;3;624086999;484;224;1084;1084;7.81;0.48;145.37;3.97;600;3;347.00;0
485;3;624087007;485;226;1084;1084;7.75;0.48;145.79;3.97;599;3;348.00;0
487;3;624087014;487;223;1084;1084;7.75;0.48;145.74;3.97;597;3;349.00;0
492;3;624087020;492;227;1088;1088;7.67;0.48;146.00;3.96;596;3;350.00;0
496;3;624087027;496;228;1089;1089;7.54;0.47;146.58;3.95;593;3;351.00;0
499;3;624087035;499;225;1089;1089;7.45;0.46;146.30;3.95;590;3;352.00;0
506;3;624087041;506;224;1090;1090;7.33;0.45;145.74;3.95;584;3;353.00;0
507;3;624087053;507;229;1090;1090;7.27;0.45;145.68;3.95;583;3;354.00;0
512;3;624087064;512;237;1090;1090;7.22;0.45;145.19;3.95;578;3;355.00;0
518;3;624087082;518;242;1090;1090;7.16;0.44;145.22;3.95;572;3;356.00;0
522;3;624087100;522;244;1090;1090;7.16;0.44;145.07;3.95;568;3;357.00;0
522;3;624087117;522;246;1090;1090;7.18;0.44;145.07;3.95;568;3;358.00;0
523;3;624087134;523;248;1090;1090;7.12;0.44;144.85;3.95;567;3;359.00;0
526;3;624087152;526;255;1153;1215;7.64;0.48;144.64;3.73;627;3;360.00;62
527;3;624087174;527;264;1161;1216;7.62;0.48;144.50;3.72;634;3;361.00;55
529;3;624087183;529;263;1174;1216;7.61;0.47;144.43;3.70;645;3;362.00;42
530;3;624087192;530;267;1176;1216;7.54;0.47;144.57;3.70;646;3;363.00;40
532;3;624087208;532;268;1182;1216;7.42;0.46;144.22;3.70;650;3;364.00;34
534;3;624087217;534;273;1184;1216;7.37;0.46;144.63;3.70;650;3;365.00;32
536;3;624087228;536;280;1189;1216;7.27;0.45;144.52;3.71;653;3;366.00;27
537;3;624087236;537;283;1192;1216;7.11;0.44;144.40;3.72;655;3;367.00;24
539;3;624087244;539;289;1195;1217;7.05;0.43;144.60;3.73;656;3;368.00;22
539;3;624087253;539;294;1199;1218;6.96;0.43;144.60;3.75;660;3;369.00;19
540;3;624087262;540;292;1203;1218;6.78;0.42;144.87;3.77;663;3;370.00;15
540;3;624087270;540;286;1210;1222;6.70;0.41;144.87;3.78;670;3;371.00;12
542;3;624087280;542;280;1211;1222;6.70;0.41;144.62;3.78;669;3;372.00;11
544;3;624087290;544;278;1214;1222;6.74;0.41;144.34;3.80;670;3;373.00;8
545;3;624087298;545;276;1215;1222;6.82;0.42;144.41;3.81;670;3;374.00;7
545;3;624087308;545;275;1222;1228;6.93;0.43;144.41;3.81;677;3;375.00;6
547;3;624087317;547;274;1223;1228;7.06;0.43;144.29;3.82;676;3;376.00;5
547;3;624087326;547;275;1225;1228;7.17;0.44;144.29;3.84;678;3;377.00;3
549;3;624087344;549;276;1227;1231;7.26;0.44;144.15;3.84;678;3;378.00;4
549;3;624087354;549;279;1229;1231;7.35;0.45;144.15;3.85;680;3;379.00;2
550;4;624087364;550;277;1229;1231;7.42;0.45;144.44;3.85;679;4;380.00;2
552;4;624087381;552;272;1230;1232;7.47;0.45;144.96;3.84;678;4;381.00;2
554;5;624087393;554;274;1232;1233;7.56;0.46;144.91;3.86;678;5;382.00;1
556;5;624087418;556;271;1232;1233;7.66;0.47;144.60;3.86;676;5;383.00;1
557;5;624087428;557;270;1245;1246;7.76;0.47;144.38;3.82;688;5;384.00;1
559;5;624087440;559;268;1245;1246;7.72;0.47;144.08;3.82;686;5;385.00;1
562;5;624087453;562;266;1245;1246;7.69;0.47;144.19;3.82;683;5;386.00;1
562;5;624087468;562;256;1246;1247;7.70;0.47;144.19;3.82;684;5;387.00;1
562;5;624087480;562;255;1246;1247;7.77;0.47;144.19;3.82;684;5;388.00;1
562;5;624087490;562;241;1249;1251;7.89;0.48;144.19;3.81;687;5;389.00;2
563;5;624087502;563;237;1249;1251;7.95;0.48;143.98;3.81;686;5;390.00;2
564;5;624087512;564;232;1253;1255;8.02;0.49;144.19;3.80;689;5;391.00;2
566;5;624087523;566;229;1254;1255;8.04;0.49;144.47;3.80;688;5;392.00;1
567;5;624087533;567;223;1255;1255;8.12;0.50;144.68;3.81;688;5;393.00;0
567;5;624087546;567;223;1255;1255;8.24;0.50;144.68;3.81;688;5;394.00;0
570;5;624087555;570;222;1255;1255;8.28;0.51;144.72;3.81;685;5;395.00;0
571;5;624087571;571;206;1265;1267;8.42;0.51;144.85;3.78;694;5;396.00;2
574;5;624087581;574;193;1266;1267;8.52;0.52;145.15;3.77;692;5;397.00;1
574;5;624087593;574;181;1267;1267;8.76;0.54;145.15;3.77;693;5;398.00;0
576;5;624087604;576;167;1267;1267;8.96;0.55;145.69;3.77;691;5;399.00;0
577;5;624087617;577;154;1267;1267;9.22;0.56;145.90;3.77;690;5;400.00;0
580;5;624087631;580;149;1267;1267;9.47;0.58;146.33;3.77;687;5;401.00;0
581;5;624087643;581;144;1268;1268;9.67;0.59;146.15;3.77;687;5;402.00;0
582;5;624087654;582;137;1268;1268;9.94;0.61;146.33;3.77;686;5;403.00;0
584;5;624087665;584;131;1274;1274;10.09;0.62;146.74;3.76;690;5;404.00;0
587;5;624087677;587;127;1275;1276;10.23;0.62;147.34;3.75;688;5;405.00;1
589;5;624087688;589;126;1276;1276;10.36;0.63;147.73;3.75;687;5;406.00;0
593;5;624087699;593;122;1276;1276;10.49;0.64;148.30;3.75;683;5;407.00;0
596;5;624087709;596;118;1280;1280;10.62;0.65;148.69;3.74;684;5;408.00;0
600;5;624087722;600;112;1280;1280;10.78;0.66;149.40;3.74;680;5;409.00;0
602;5;624087733;602;109;1280;1280;10.92;0.67;149.57;3.74;678;5;410.00;0
606;5;624087743;606;105;1281;1281;11.07;0.67;150.19;3.74;675;5;411.00;0
609;5;624087755;609;105;1285;1285;11.14;0.68;151.04;3.73;676;5;412.00;0
611;5;624087766;611;98;1285;1285;11.29;0.69;151.00;3.73;674;5;413.00;0
614;5;624087776;614;96;1287;1288;11.51;0.70;151.85;3.72;673;5;414.00;1
616;5;624087787;616;97;1287;1288;11.63;0.71;152.40;3.72;671;5;415.00;1
619;5;624087797;619;92;1288;1288;11.72;0.71;152.14;3.72;669;5;416.00;0
620;5;624087809;620;92;1288;1288;11.79;0.72;152.48;3.72;668;5;417.00;0
624;5;624087820;624;90;1292;1292;11.89;0.72;153.21;3.71;668;5;418.00;0
627;5;624087837;627;88;1292;1292;12.00;0.73;153.50;3.71;665;5;419.00;0
630;5;624087850;630;90;1292;1292;12.13;0.74;153.93;3.71;662;5;420.00;0
631;5;624087862;631;87;1292;1292;12.29;0.75;154.30;3.71;661;5;421.00;0
634;5;624087872;634;88;1293;1293;12.37;0.76;155.08;3.71;659;5;422.00;0
638;5;624087883;638;85;1294;1294;12.51;0.76;156.19;3.71;656;5;423.00;0
645;5;624087893;645;85;1294;1294;12.58;0.77;157.87;3.71;649;5;424.00;0
649;5;624087904;649;86;1295;1295;12.63;0.77;158.44;3.71;646;5;425.00;0
652;5;624087916;652;87;1295;1295;12.71;0.77;158.74;3.71;643;5;426.00;0
655;5;624087940;655;87;1295;1295;12.77;0.78;159.36;3.71;640;5;427.00;0
656;5;624087952;656;92;1295;1295;12.81;0.78;159.43;3.71;639;5;428.00;0
660;5;624087962;660;91;1295;1295;12.89;0.79;160.22;3.71;635;5;429.00;0
662;5;624087973;662;89;1295;1295;12.96;0.79;160.93;3.71;633;5;430.00;0
667;5;624087983;667;90;1295;1295;13.06;0.80;161.73;3.71;628;5;431.00;0
671;5;624087994;671;120;1377;1422;12.34;0.76;162.55;3.49;706;5;432.00;45
675;5;624088015;675;106;1378;1423;12.28;0.76;162.69;3.49;703;5;433.00;45
679;5;624088027;679;101;1383;1423;12.47;0.77;162.94;3.48;704;5;434.00;40
682;5;624088038;682;98;1385;1423;12.49;0.77;163.64;3.48;703;5;435.00;38
684;5;624088049;684;102;1389;1423;12.53;0.77;163.49;3.48;705;5;436.00;34
691;5;624088061;691;104;1391;1423;12.56;0.77;163.73;3.48;700;5;437.00;32
695;5;624088071;695;103;1392;1423;12.63;0.77;164.11;3.49;697;5;438.00;31
696;5;624088081;696;109;1395;1423;12.66;0.78;164.24;3.49;699;5;439.00;28
701;5;624088094;701;104;1397;1424;12.68;0.78;164.79;3.50;696;5;440.00;27
705;5;624088105;705;107;1399;1425;12.62;0.78;165.19;3.51;694;5;441.00;26
712;5;624088116;712;103;1404;1425;12.53;0.77;166.34;3.53;692;5;442.00;21
715;5;624088127;715;104;1408;1426;12.42;0.76;167.11;3.55;693;5;443.00;18
719;5;624088137;719;106;1411;1426;12.37;0.76;167.56;3.57;692;5;444.00;15
724;5;624088151;724;107;1415;1426;12.27;0.75;168.50;3.59;691;5;445.00;11
729;5;624088167;729;105;1418;1426;12.20;0.75;168.74;3.61;689;5;446.00;8
732;5;624088189;732;107;1421;1430;12.14;0.74;168.60;3.60;689;5;447.00;9
736;5;624088206;736;109;1422;1430;12.08;0.74;168.54;3.61;686;5;448.00;8
740;5;624088229;740;107;1423;1430;12.18;0.74;168.76;3.62;683;5;449.00;7
743;5;624088247;743;109;1427;1436;12.22;0.74;168.63;3.62;684;5;450.00;9
748;5;624088265;748;104;1428;1436;12.26;0.74;168.94;3.63;680;5;451.00;8
749;5;624088279;749;104;1430;1436;12.28;0.75;169.03;3.64;681;5;452.00;6
751;5;624088291;751;107;1434;1440;12.21;0.74;169.29;3.63;683;5;453.00;6
752;5;624088303;752;109;1435;1441;12.12;0.74;169.38;3.63;683;5;454.00;6
758;5;624088315;758;111;1436;1441;12.08;0.73;169.14;3.63;678;5;455.00;5
761;5;624088329;761;110;1439;1445;12.08;0.73;169.06;3.62;678;5;456.00;6
763;5;624088343;763;112;1439;1445;12.04;0.73;169.25;3.62;676;5;457.00;6
768;5;624088355;768;113;1439;1445;11.96;0.73;169.54;3.62;671;5;458.00;6
769;5;624088367;769;117;1440;1446;12.02;0.73;169.59;3.62;671;5;459.00;6
771;5;624088380;771;114;1440;1446;12.00;0.73;169.95;3.62;669;5;460.00;6
774;5;624088392;774;121;1445;1452;11.93;0.73;169.99;3.63;671;5;461.00;7
775;5;624088406;775;123;1446;1452;11.88;0.72;170.00;3.65;671;5;462.00;6
778;5;624088418;778;125;1446;1453;11.82;0.72;170.10;3.65;668;5;463.00;7
781;5;624088429;781;133;1448;1453;11.69;0.71;170.11;3.68;667;5;464.00;5
781;5;624088441;781;136;1448;1453;11.59;0.71;170.11;3.68;667;5;465.00;5
784;5;624088452;784;137;1449;1453;11.47;0.70;170.27;3.68;665;5;466.00;4
787;5;624088464;787;139;1449;1453;11.31;0.69;170.18;3.68;662;5;467.00;4
790;5;624088476;790;139;1459;1465;11.29;0.69;170.22;3.65;669;5;468.00;6
791;5;624088488;791;143;1459;1465;11.23;0.68;170.14;3.65;668;5;469.00;6
793;5;624088498;793;154;1462;1465;11.22;0.68;169.97;3.67;669;5;470.00;3
795;5;624088508;795;156;1462;1465;11.17;0.68;169.92;3.67;667;5;471.00;3
797;5;624088521;797;163;1463;1465;11.04;0.67;169.98;3.68;666;5;472.00;2
801;5;624088533;801;165;1463;1465;10.99;0.67;170.04;3.68;662;5;473.00;2
803;5;624088542;803;174;1466;1469;10.91;0.67;170.26;3.67;663;5;474.00;3
806;5;624088555;806;181;1467;1469;10.91;0.66;170.05;3.68;661;5;475.00;2
808;5;624088566;808;183;1471;1473;10.92;0.67;170.09;3.67;663;5;476.00;2
810;5;624088577;810;191;1474;1474;10.82;0.66;169.87;3.67;664;5;477.00;0
811;5;624088587;811;191;1474;1474;10.74;0.66;169.90;3.67;663;5;478.00;0
814;5;624088597;814;196;1474;1474;10.64;0.65;169.56;3.67;660;5;479.00;0
814;5;624088609;814;204;1496;1500;10.58;0.65;169.56;3.62;682;5;480.00;4
816;5;624088622;816;206;1497;1500;10.45;0.64;169.78;3.61;681;5;481.00;3
816;5;624088634;816;212;1500;1500;10.39;0.64;169.78;3.61;684;5;482.00;0
819;5;624088644;819;221;1501;1501;10.27;0.63;169.70;3.61;682;5;483.00;0
821;5;624088654;821;226;1502;1502;10.11;0.62;169.90;3.61;681;5;484.00;0
821;5;624088665;821;230;1502;1502;9.94;0.61;169.90;3.61;681;5;485.00;0
822;5;624088674;822;235;1504;1505;9.76;0.60;169.94;3.60;682;5;486.00;1
826;5;624088686;826;242;1504;1505;9.52;0.59;170.00;3.60;678;5;487.00;1
829;5;624088696;829;248;1505;1505;9.33;0.57;170.02;3.60;676;5;488.00;0
830;5;624088706;830;249;1505;1505;9.07;0.56;169.96;3.60;675;5;489.00;0
834;5;624088718;834;250;1511;1511;8.97;0.55;169.91;3.59;677;5;490.00;0
836;5;624088729;836;251;1511;1511;8.81;0.54;169.67;3.59;675;5;491.00;0
838;5;624088738;838;249;1511;1511;8.66;0.53;169.73;3.59;673;5;492.00;0
842;5;624088747;842;250;1511;1511;8.58;0.53;169.47;3.59;669;5;493.00;0
843;5;624088756;843;256;1515;1515;8.53;0.52;169.40;3.58;672;5;494.00;0
845;5;624088764;845;257;1517;1517;8.53;0.52;169.34;3.58;672;5;495.00;0
845;5;624088773;845;258;1517;1517;8.49;0.52;169.34;3.58;672;5;496.00;0
846;5;624088781;846;260;1518;1518;8.47;0.52;169.22;3.58;672;5;497.00;0
849;5;624088791;849;261;1518;1518;8.40;0.52;169.21;3.58;669;5;498.00;0
853;5;624088801;853;261;1518;1518;8.32;0.51;168.98;3.58;665;5;499.00;0
857;5;624088814;857;258;1518;1518;8.21;0.50;168.96;3.58;661;5;500.00;0
861;5;624088832;861;261;1518;1518;8.11;0.50;168.42;3.58;657;5;501.00;0
865;5;624088841;865;264;1518;1518;8.03;0.49;168.34;3.58;653;5;502.00;0
866;5;624088851;866;266;1518;1518;7.98;0.49;168.23;3.58;652;5;503.00;0
870;5;624088861;870;275;1560;1588;8.04;0.49;168.82;3.48;690;5;504.00;28
871;5;624088877;871;271;1564;1589;7.98;0.49;168.96;3.48;693;5;505.00;25
876;5;624088887;876;265;1570;1589;7.83;0.48;169.03;3.47;694;5;506.00;19
880;5;624088897;880;264;1573;1589;7.80;0.48;169.44;3.47;693;5;507.00;16
882;5;624088907;882;261;1573;1589;7.71;0.47;170.07;3.47;691;5;508.00;16
884;5;624088916;884;266;1576;1589;7.63;0.47;170.30;3.47;692;5;509.00;13
885;5;624088928;885;258;1578;1589;7.54;0.46;170.14;3.48;693;5;510.00;11
889;5;624088936;889;259;1580;1589;7.47;0.46;170.41;3.48;691;5;511.00;9
892;5;624088945;892;261;1583;1590;7.45;0.46;170.74;3.49;691;5;512.00;7
898;5;624088954;898;256;1586;1591;7.37;0.45;170.96;3.50;688;5;513.00;5
899;5;624088963;899;259;1587;1591;7.33;0.45;171.34;3.50;688;5;514.00;4
904;5;624088974;904;259;1594;1595;7.20;0.44;171.47;3.51;690;5;515.00;1
904;5;624088984;904;267;1595;1595;7.12;0.44;171.47;3.51;691;5;516.00;0
909;5;624088994;909;270;1595;1595;7.07;0.43;172.20;3.51;686;5;517.00;0
912;5;624089006;912;270;1595;1595;7.04;0.43;172.83;3.51;683;5;518.00;0
912;5;624089018;912;270;1601;1601;7.08;0.43;172.83;3.50;689;5;519.00;0
914;5;624089029;914;271;1601;1601;7.12;0.44;173.44;3.50;687;5;520.00;0
917;5;624089039;917;272;1601;1601;7.14;0.44;173.86;3.50;684;5;521.00;0
921;5;624089050;921;262;1604;1604;7.13;0.44;174.10;3.49;683;5;522.00;0
923;5;624089061;923;246;1604;1604;7.16;0.44;174.37;3.49;681;5;523.00;0
926;5;624089072;926;244;1604;1604;7.20;0.44;174.81;3.49;678;5;524.00;0
929;5;624089083;929;234;1605;1605;7.26;0.44;175.00;3.49;676;5;525.00;0
932;5;624089092;932;229;1606;1606;7.40;0.45;174.85;3.49;674;5;526.00;0
937;5;624089102;937;230;1606;1606;7.45;0.45;175.36;3.49;669;5;527.00;0
943;5;624089113;943;227;1618;1619;7.56;0.46;174.97;3.46;675;5;528.00;1
944;5;624089134;944;226;1619;1619;7.76;0.47;174.99;3.46;675;5;529.00;0
946;5;624089155;946;228;1619;1619;7.84;0.48;175.51;3.46;673;5;530.00;0
952;5;624089165;952;227;1620;1620;7.88;0.48;175.36;3.46;668;5;531.00;0
955;5;624089177;955;228;1620;1620;7.90;0.48;175.65;3.46;665;5;532.00;0
956;5;624089189;956;231;1624;1624;7.90;0.48;175.87;3.45;668;5;533.00;0
957;5;624089210;957;227;1624;1624;7.86;0.48;176.06;3.45;667;5;534.00;0
960;5;624089220;960;227;1628;1628;7.89;0.48;176.28;3.45;668;5;535.00;0
962;5;624089230;962;225;1628;1628;7.92;0.48;176.54;3.45;666;5;536.00;0
965;5;624089239;965;224;1628;1628;7.89;0.48;176.49;3.45;663;5;537.00;0
966;5;624089250;966;225;1628;1628;7.89;0.48;176.79;3.45;662;5;538.00;0
969;5;624089260;969;223;1628;1628;7.89;0.48;176.65;3.45;659;5;539.00;0
971;5;624089270;971;222;1658;1662;8.06;0.49;176.65;3.38;687;5;540.00;4
973;5;624089287;973;223;1658;1662;8.11;0.50;177.09;3.38;685;5;541.00;4
974;5;624089300;974;221;1661;1662;8.25;0.50;177.06;3.38;687;5;542.00;1
977;5;624089310;977;219;1661;1662;8.34;0.51;177.43;3.38;684;5;543.00;1
981;5;624089320;981;217;1662;1662;8.37;0.51;177.78;3.38;681;5;544.00;0
982;5;624089330;982;215;1662;1662;8.39;0.51;177.64;3.38;680;5;545.00;0
984;5;624089339;984;213;1663;1663;8.39;0.51;178.10;3.38;679;5;546.00;0
989;5;624089349;989;219;1663;1663;8.32;0.51;178.21;3.38;674;5;547.00;0
992;5;624089360;992;214;1669;1669;8.31;0.51;178.12;3.37;677;5;548.00;0
995;5;624089375;995;218;1670;1670;8.25;0.51;178.46;3.37;675;5;549.00;0
998;5;624089385;998;212;1670;1670;8.18;0.50;178.57;3.37;672;5;550.00;0
1001;5;624089395;1001;216;1670;1670;8.16;0.50;178.99;3.37;669;5;551.00;0
1003;5;624089404;1003;221;1674;1674;8.24;0.50;178.94;3.36;671;5;552.00;0
1005;5;624089415;1005;220;1674;1674;8.22;0.50;178.86;3.36;669;5;553.00;0
1008;5;624089425;1008;220;1674;1674;8.20;0.50;179.12;3.36;666;5;554.00;0
1015;5;624089435;1015;217;1675;1675;8.19;0.50;179.33;3.36;660;5;555.00;0
1015;5;624089444;1015;219;1679;1679;8.29;0.51;179.33;3.35;664;5;556.00;0
1017;5;624089453;1017;213;1679;1679;8.37;0.51;179.25;3.35;662;5;557.00;0
1019;5;624089463;1019;203;1681;1682;8.49;0.52;179.46;3.35;662;5;558.00;1
1021;5;624089474;1021;196;1681;1682;8.58;0.52;179.48;3.35;660;5;559.00;1
1022;5;624089485;1022;190;1682;1682;8.73;0.53;179.61;3.35;660;5;560.00;0
1028;5;624089495;1028;185;1682;1682;8.79;0.54;179.54;3.35;654;5;561.00;0
1030;5;624089506;1030;180;1686;1686;8.91;0.54;179.56;3.34;656;5;562.00;0
1032;5;624089516;1032;178;1686;1686;9.01;0.55;179.67;3.34;654;5;563.00;0
1035;5;624089528;1035;178;1686;1686;9.15;0.56;179.74;3.34;651;5;564.00;0
1038;5;624089540;1038;177;1686;1686;9.27;0.56;179.99;3.34;648;5;565.00;0
1040;5;624089556;1040;160;1687;1687;9.37;0.57;180.11;3.34;647;5;566.00;0
1041;5;624089568;1041;148;1688;1688;9.47;0.57;180.21;3.34;647;5;567.00;0
1042;5;624089589;1042;142;1688;1688;9.54;0.58;180.51;3.34;646;5;568.00;0
1044;5;624089601;1044;133;1689;1689;9.64;0.59;180.91;3.34;645;5;569.00;0
1045;5;624089612;1045;133;1689;1689;9.73;0.59;180.93;3.34;644;5;570.00;0
1050;5;624089624;1050;130;1689;1689;9.81;0.59;181.07;3.34;639;5;571.00;0
1052;5;624089636;1052;125;1689;1689;9.89;0.60;181.58;3.34;637;5;572.00;0
1053;5;624089647;1053;120;1689;1689;10.06;0.61;181.94;3.34;636;5;573.00;0
1056;5;624089661;1056;119;1689;1689;10.17;0.62;182.41;3.34;633;5;574.00;0
1061;5;624089675;1061;114;1689;1689;10.37;0.63;183.01;3.34;628;5;575.00;0
1062;5;624089692;1062;135;1772;1816;10.40;0.64;182.91;3.18;710;5;576.00;44
1064;5;624089714;1064;123;1776;1817;10.60;0.65;183.15;3.18;712;5;577.00;41
1068;5;624089726;1068;112;1783;1817;10.82;0.66;183.20;3.17;715;5;578.00;34
1071;5;624089737;1071;109;1785;1817;10.99;0.68;183.73;3.17;714;5;579.00;32
1072;5;624089749;1072;100;1789;1817;11.05;0.68;183.98;3.18;717;5;580.00;28
1074;5;624089760;1074;93;1790;1817;11.10;0.68;184.32;3.18;716;5;581.00;27
1079;5;624089773;1079;97;1792;1817;11.14;0.68;184.72;3.18;713;5;582.00;25
1082;5;624089786;1082;100;1794;1817;11.23;0.69;184.89;3.18;712;5;583.00;23
1084;5;624089797;1084;105;1797;1818;11.33;0.69;185.12;3.19;713;5;584.00;21
1086;5;624089810;1086;104;1802;1820;11.37;0.70;185.29;3.20;716;5;585.00;18
1091;5;624089822;1091;108;1804;1820;11.47;0.70;185.79;3.21;713;5;586.00;16
1095;5;624089834;1095;112;1807;1821;11.50;0.70;186.27;3.22;712;5;587.00;14
1098;5;624089847;1098;124;1811;1821;11.54;0.70;186.78;3.24;713;5;588.00;10
1099;5;624089859;1099;122;1813;1821;11.63;0.71;186.94;3.25;714;5;589.00;8
1101;5;624089877;1101;126;1814;1821;11.73;0.72;187.48;3.25;713;5;590.00;7
1105;5;624089888;1105;128;1819;1825;11.81;0.72;187.68;3.26;714;5;591.00;6
1109;5;624089899;1109;127;1820;1825;11.86;0.72;188.16;3.26;711;5;592.00;5
1113;5;624089917;1113;125;1820;1825;11.94;0.73;188.72;3.26;707;5;593.00;5
1114;5;624089932;1114;129;1823;1828;11.96;0.73;189.00;3.26;709;5;594.00;5
1116;5;624089944;1116;129;1823;1828;12.00;0.73;189.37;3.26;707;5;595.00;5
1120;5;624089960;1120;132;1823;1828;12.00;0.73;189.83;3.26;703;5;596.00;5
1124;5;624089973;1124;131;1829;1832;11.99;0.73;190.29;3.28;705;5;597.00;3
1127;5;624089986;1127;129;1830;1833;12.07;0.73;190.69;3.28;703;5;598.00;3
1130;5;624089999;1130;130;1832;1833;12.14;0.74;190.73;3.29;702;5;599.00;1
1132;5;624090017;1132;137;1843;1859;12.05;0.73;190.88;3.27;711;5;600.00;16
1136;5;624090045;1136;128;1844;1859;12.07;0.73;190.89;3.27;708;5;601.00;15
1137;5;624090057;1137;128;1845;1859;12.16;0.74;190.99;3.28;708;5;602.00;14
1140;5;624090068;1140;132;1847;1860;12.18;0.74;191.05;3.27;707;5;603.00;13
1143;5;624090080;1143;132;1848;1860;12.21;0.74;191.58;3.27;705;5;604.00;12
1145;5;624090092;1145;135;1854;1866;12.21;0.74;191.92;3.27;709;5;605.00;12
1146;5;624090104;1146;133;1855;1866;12.31;0.75;191.90;3.27;709;5;606.00;11
1149;5;624090116;1149;130;1856;1867;12.36;0.75;192.22;3.27;707;5;607.00;11
1151;5;624090128;1151;132;1857;1867;12.40;0.76;192.36;3.27;706;5;608.00;10
1155;5;624090139;1155;129;1858;1867;12.39;0.75;192.25;3.27;703;5;609.00;9
1159;5;624090153;1159;127;1858;1867;12.42;0.75;192.36;3.27;699;5;610.00;9
1159;5;624090171;1159;127;1858;1867;12.46;0.76;192.36;3.27;699;5;611.00;9
1164;5;624090198;1164;123;1867;1879;12.38;0.75;192.33;3.26;703;5;612.00;12
1167;5;624090215;1167;117;1867;1879;12.38;0.75;192.57;3.26;700;5;613.00;12
1172;5;624090243;1172;115;1868;1879;12.39;0.75;193.16;3.26;696;5;614.00;11
1178;5;624090260;1178;115;1871;1879;12.34;0.75;193.58;3.27;693;5;615.00;8
1182;5;624090274;1182;112;1871;1879;12.34;0.75;193.84;3.27;689;5;616.00;8
1187;5;624090288;1187;113;1871;1879;12.34;0.75;194.51;3.27;684;5;617.00;8
1190;5;624090303;1190;114;1876;1883;12.33;0.75;194.25;3.27;686;5;618.00;7
1196;5;624090316;1196;109;1876;1883;12.41;0.75;194.45;3.27;680;5;619.00;7
1199;5;624090337;1199;106;1881;1887;12.50;0.76;194.45;3.28;682;5;620.00;6
1202;5;624090351;1202;103;1882;1888;12.57;0.76;194.29;3.27;680;5;621.00;6
1207;5;624090366;1207;98;1882;1888;12.58;0.76;194.18;3.27;675;5;622.00;6
1210;5;624090382;1210;106;1883;1888;12.56;0.76;194.55;3.28;673;5;623.00;5
1213;5;624090395;1213;108;1891;1901;12.52;0.76;194.59;3.27;678;5;624.00;10
1214;5;624090411;1214;108;1891;1901;12.50;0.76;194.80;3.27;677;5;625.00;10
1219;5;624090434;1219;111;1891;1901;12.39;0.75;194.85;3.27;672;5;626.00;10
1220;5;624090447;1220;115;1892;1902;12.38;0.75;194.82;3.27;672;5;627.00;10
1223;5;624090458;1223;114;1895;1903;12.28;0.74;195.27;3.30;672;5;628.00;8
1224;5;624090468;1224;119;1895;1903;12.27;0.74;195.27;3.30;671;5;629.00;8
1228;5;624090492;1228;116;1900;1909;12.22;0.74;195.29;3.30;672;5;630.00;9
1231;5;624090507;1231;123;1901;1909;12.19;0.74;195.18;3.30;670;5;631.00;8
1234;5;624090521;1234;128;1902;1909;12.21;0.74;195.22;3.29;668;5;632.00;7
1236;5;624090537;1236;129;1902;1909;12.14;0.74;194.95;3.29;666;5;633.00;7
1240;5;624090564;1240;136;1908;1915;12.06;0.73;195.31;3.30;668;5;634.00;7
1244;5;624090581;1244;135;1908;1915;12.00;0.73;195.19;3.30;664;5;635.00;7
1247;5;624090606;1247;134;1908;1915;11.87;0.72;195.19;3.30;661;5;636.00;7
1247;5;624090618;1247;136;1908;1915;11.79;0.72;195.19;3.30;661;5;637.00;7
1248;5;624090633;1248;140;1911;1919;11.72;0.71;195.16;3.30;663;5;638.00;8
1250;5;624090651;1250;142;1912;1920;11.61;0.71;195.15;3.30;662;5;639.00;8
1251;5;624090662;1251;152;1916;1920;11.48;0.70;195.21;3.34;665;5;640.00;4
1252;5;624090672;1252;156;1917;1921;11.42;0.70;195.11;3.34;665;5;641.00;4
1257;5;624090683;1257;159;1918;1921;11.30;0.69;195.07;3.34;661;5;642.00;3
1258;5;624090698;1258;166;1920;1921;11.18;0.68;194.97;3.35;662;5;643.00;1
1260;5;624090710;1260;172;1920;1921;11.11;0.68;195.15;3.35;660;5;644.00;1
1262;5;624090724;1262;176;1920;1921;11.04;0.67;195.00;3.35;658;5;645.00;1
1264;5;624090736;1264;183;1921;1921;10.94;0.67;194.96;3.36;657;5;646.00;0
1264;5;624090750;1264;190;1921;1921;10.78;0.66;194.96;3.36;657;5;647.00;0
1266;5;624090762;1266;204;1960;1991;10.76;0.66;194.86;3.29;694;5;648.00;31
1266;5;624090779;1266;208;1962;1992;10.61;0.65;194.86;3.29;696;5;649.00;30
1268;5;624090789;1268;206;1972;1992;10.52;0.65;194.74;3.28;704;5;650.00;20
1271;5;624090798;1271;211;1974;1992;10.35;0.63;194.57;3.28;703;5;651.00;18
1271;5;624090809;1271;211;1976;1992;10.18;0.62;194.57;3.28;705;5;652.00;16
1274;5;624090818;1274;210;1978;1992;9.99;0.61;194.42;3.28;704;5;653.00;14
1275;5;624090831;1275;218;1980;1992;9.79;0.60;194.33;3.29;705;5;654.00;12
1278;5;624090845;1278;222;1982;1992;9.63;0.59;194.26;3.29;704;5;655.00;10
1281;5;624090860;1281;231;1983;1993;9.48;0.58;194.21;3.29;702;5;656.00;10
1285;5;624090874;1285;238;1985;1994;9.25;0.57;193.98;3.30;700;5;657.00;9
1286;5;624090888;1286;247;1987;1994;9.02;0.55;193.84;3.31;701;5;658.00;7
1286;5;624090908;1286;246;1992;1998;8.89;0.54;193.84;3.30;706;5;659.00;6
1287;5;624090924;1287;246;1994;1998;8.80;0.54;193.81;3.31;707;5;660.00;4
1289;5;624090936;1289;249;1996;1998;8.74;0.54;193.72;3.32;707;5;661.00;2
1290;5;624090946;1290;255;1997;1998;8.63;0.53;193.63;3.32;707;5;662.00;1
1292;5;624090954;1292;258;2003;2004;8.61;0.53;193.51;3.32;711;5;663.00;1
1296;5;624090963;1296;261;2004;2004;8.54;0.52;193.44;3.32;708;5;664.00;0
1296;5;624090972;1296;263;2004;2004;8.54;0.52;193.44;3.32;708;5;665.00;0
1298;5;624090980;1298;268;2006;2007;8.53;0.52;193.30;3.32;708;5;666.00;1
1299;5;624090989;1299;274;2006;2007;8.49;0.52;193.27;3.32;707;5;667.00;1
1300;6;624090998;1300;274;2007;2007;8.41;0.51;193.22;3.32;707;6;668.00;0
1301;6;624091024;1301;274;2008;2008;8.26;0.50;193.19;3.31;707;6;669.00;0
1305;6;624091033;1305;271;2009;2009;8.16;0.50;193.01;3.31;704;6;670.00;0
1307;6;624091042;1307;277;2009;2009;8.04;0.49;192.83;3.31;702;6;671.00;0
1307;6;624091054;1307;287;2022;2022;7.91;0.48;192.83;3.29;715;6;672.00;0
1310;6;624091063;1310;287;2022;2022;7.72;0.47;193.08;3.29;712;6;673.00;0
1315;6;624091070;1315;283;2022;2022;7.53;0.46;192.90;3.29;707;6;674.00;0
1317;6;624091078;1317;271;2024;2024;7.44;0.46;193.22;3.29;707;6;675.00;0
1319;6;624091086;1319;264;2024;2024;7.35;0.45;192.99;3.29;705;6;676.00;0
1322;6;624091094;1322;255;2028;2028;7.35;0.45;193.28;3.28;706;6;677.00;0
1325;6;624091102;1325;253;2028;2028;7.25;0.45;193.35;3.28;703;6;678.00;0
1329;6;624091109;1329;254;2032;2032;7.17;0.44;193.52;3.28;703;6;679.00;0
1329;6;624091117;1329;240;2032;2032;7.19;0.44;193.52;3.28;703;6;680.00;0
1330;6;624091125;1330;235;2032;2032;7.22;0.44;193.67;3.28;702;6;681.00;0
1333;6;624091133;1333;229;2032;2032;7.24;0.44;193.58;3.28;699;6;682.00;0
1334;6;624091141;1334;225;2032;2032;7.26;0.44;193.77;3.28;698;6;683.00;0
1336;7;624091149;1336;224;2043;2044;7.43;0.45;194.12;3.26;707;7;684.00;1
1338;7;624091175;1338;228;2043;2044;7.52;0.46;194.27;3.26;705;7;685.00;1
1341;7;624091184;1341;231;2044;2044;7.64;0.47;194.63;3.26;703;7;686.00;0
1342;7;624091200;1342;223;2044;2044;7.77;0.47;194.52;3.26;702;7;687.00;0
1345;7;624091208;1345;215;2044;2044;7.86;0.48;194.84;3.26;699;7;688.00;0
1347;8;624091215;1347;205;2044;2044;7.95;0.49;195.10;3.26;697;8;689.00;0
1350;8;624091231;1350;202;2045;2045;8.03;0.49;195.46;3.26;695;8;690.00;0
1353;8;624091239;1353;195;2045;2045;8.08;0.49;195.52;3.26;692;8;691.00;0
1357;8;624091253;1357;192;2051;2051;8.18;0.50;195.82;3.25;694;8;692.00;0
1358;8;624091267;1358;194;2052;2052;8.30;0.51;195.98;3.25;694;8;693.00;0
1359;8;624091276;1359;189;2052;2052;8.34;0.51;196.14;3.25;693;8;694.00;0
1365;8;624091288;1365;190;2052;2052;8.38;0.51;196.58;3.25;687;8;695.00;0
1371;8;624091296;1371;189;2056;2056;8.47;0.52;196.78;3.25;685;8;696.00;0
1373;8;624091305;1373;188;2056;2056;8.53;0.52;196.62;3.25;683;8;697.00;0
1378;8;624091313;1378;192;2056;2056;8.51;0.52;196.93;3.25;678;8;698.00;0
1382;8;624091321;1382;187;2057;2057;8.53;0.52;197.19;3.25;675;8;699.00;0
1386;8;624091330;1386;186;2061;2061;8.57;0.52;197.10;3.24;675;8;700.00;0
1390;8;624091342;1390;180;2061;2061;8.62;0.52;197.21;3.24;671;8;701.00;0
1395;8;624091351;1395;178;2063;2064;8.68;0.53;197.22;3.24;668;8;702.00;1
1398;8;624091360;1398;177;2063;2064;8.72;0.53;197.45;3.24;665;8;703.00;1
1400;8;624091368;1400;173;2064;2064;8.81;0.54;197.68;3.24;664;8;704.00;0
1403;8;624091377;1403;174;2064;2064;8.86;0.54;197.67;3.24;661;8;705.00;0
1408;8;624091385;1408;177;2068;2068;8.92;0.54;197.60;3.23;660;8;706.00;0
1410;8;624091394;1410;179;2068;2068;8.93;0.54;197.56;3.23;658;8;707.00;0
1413;8;624091403;1413;182;2068;2068;9.06;0.55;197.72;3.23;655;8;708.00;0
1417;8;624091411;1417;185;2068;2068;9.15;0.56;197.67;3.23;651;8;709.00;0
1421;8;624091419;1421;186;2069;2069;9.09;0.55;197.86;3.23;648;8;710.00;0
1425;8;624091428;1425;184;2070;2070;9.13;0.55;198.04;3.23;645;8;711.00;0
1428;8;624091437;1428;186;2070;2070;9.12;0.55;198.19;3.23;642;8;712.00;0
1433;8;624091445;1433;186;2071;2071;9.01;0.55;198.42;3.23;638;8;713.00;0
1436;8;624091455;1436;186;2071;2071;9.03;0.55;198.60;3.23;635;8;714.00;0
1441;8;624091463;1441;187;2071;2071;8.99;0.55;198.67;3.23;630;8;715.00;0
1448;8;624091472;1448;184;2071;2071;8.92;0.54;199.03;3.23;623;8;716.00;0
1450;8;624091481;1450;180;2071;2071;8.87;0.54;199.08;3.23;621;8;717.00;0
1453;8;624091489;1453;185;2071;2071;8.82;0.54;199.22;3.23;618;8;718.00;0
1457;8;624091497;1457;180;2071;2071;8.74;0.53;199.44;3.23;614;8;719.00;0
1458;8;624091507;1458;218;2190;2301;8.83;0.56;199.36;3.05;732;8;720.00;111
1461;8;624091534;1461;206;2200;2302;8.78;0.55;199.58;3.05;739;8;721.00;102
1462;8;624091543;1462;197;2215;2302;8.86;0.56;199.54;3.04;753;8;722.00;87
1465;8;624091553;1465;185;2226;2302;8.88;0.56;199.69;3.04;761;8;723.00;76
1470;8;624091563;1470;186;2234;2302;8.87;0.55;199.97;3.04;764;8;724.00;68
1473;8;624091572;1473;186;2237;2302;8.87;0.55;200.10;3.04;764;8;725.00;65
1475;8;624091585;1475;186;2245;2302;8.88;0.55;200.19;3.05;770;8;726.00;57
1479;8;624091595;1479;177;2250;2302;8.85;0.55;200.21;3.06;771;8;727.00;52
1482;8;624091605;1482;168;2256;2303;8.85;0.55;200.42;3.08;774;8;728.00;47
1487;8;624091617;1487;168;2261;2304;8.83;0.55;200.69;3.09;774;8;729.00;43
1491;8;624091627;1491;167;2265;2304;8.81;0.55;200.82;3.10;774;8;730.00;39
1493;8;624091638;1493;173;2269;2305;8.81;0.55;201.17;3.11;776;8;731.00;36
1498;8;624091650;1498;171;2274;2305;8.72;0.54;201.24;3.13;776;8;732.00;31
1501;8;624091661;1501;177;2276;2305;8.74;0.54;201.67;3.14;775;8;733.00;29
1506;8;624091671;1506;190;2278;2305;8.72;0.54;201.92;3.15;772;8;734.00;27
1507;8;624091681;1507;204;2281;2309;8.74;0.54;201.84;3.15;774;8;735.00;28
1512;8;624091697;1512;192;2284;2309;8.82;0.54;202.01;3.17;772;8;736.00;25
1513;8;624091708;1513;191;2285;2309;8.88;0.55;202.17;3.17;772;8;737.00;24
1516;8;624091725;1516;180;2286;2312;8.91;0.55;202.47;3.16;770;8;738.00;26
1518;8;624091738;1518;180;2288;2312;8.85;0.54;202.51;3.18;770;8;739.00;24
1521;8;624091754;1521;182;2288;2312;8.89;0.54;202.92;3.18;767;8;740.00;24
1525;8;624091765;1525;176;2292;2316;8.94;0.55;202.65;3.17;767;8;741.00;24
1528;8;624091776;1528;172;2294;2317;9.08;0.56;202.81;3.18;766;8;742.00;23
1532;8;624091787;1532;168;2294;2317;9.21;0.56;202.95;3.18;762;8;743.00;23
1534;8;624091798;1534;165;2298;2321;9.38;0.57;202.95;3.18;764;8;744.00;23
1536;8;624091810;1536;166;2299;2321;9.56;0.59;203.07;3.19;763;8;745.00;22
1540;8;624091821;1540;156;2299;2321;9.71;0.60;203.42;3.19;759;8;746.00;22
1541;8;624091836;1541;156;2301;2322;9.86;0.60;203.34;3.20;760;8;747.00;21
1543;8;624091848;1543;156;2301;2322;9.97;0.61;203.44;3.20;758;8;748.00;21
1546;8;624091858;1546;150;2306;2328;10.15;0.62;203.55;3.20;760;8;749.00;22
1549;8;624091872;1549;145;2307;2328;10.31;0.63;203.58;3.21;758;8;750.00;21
1553;8;624091883;1553;143;2309;2329;10.43;0.64;203.96;3.21;756;8;751.00;20
1558;8;624091893;1558;144;2309;2329;10.47;0.64;204.08;3.21;751;8;752.00;20
1560;8;624091904;1560;143;2310;2329;10.57;0.64;204.12;3.22;750;8;753.00;19
1562;8;624091914;1562;143;2310;2329;10.65;0.65;204.14;3.22;748;8;754.00;19
1566;8;624091924;1566;141;2310;2329;10.74;0.65;204.59;3.22;744;8;755.00;19
1570;8;624091935;1570;144;2320;2341;10.74;0.65;204.81;3.23;750;8;756.00;21
1571;8;624091947;1571;146;2321;2341;10.90;0.66;204.93;3.23;750;8;757.00;20
1576;8;624091957;1576;145;2323;2341;10.99;0.67;205.18;3.24;747;8;758.00;18
1578;8;624091969;1578;145;2323;2341;11.10;0.67;205.41;3.24;745;8;759.00;18
1581;8;624091980;1581;147;2324;2341;11.28;0.69;205.52;3.24;743;8;760.00;17
1583;8;624091991;1583;150;2325;2341;11.43;0.70;205.70;3.26;742;8;761.00;16
1585;8;624092007;1585;151;2330;2345;11.50;0.70;205.83;3.27;745;8;762.00;15
1587;9;624092018;1587;151;2330;2345;11.61;0.71;206.03;3.27;743;9;763.00;15
1588;9;624092048;1588;150;2334;2349;11.67;0.71;206.16;3.28;746;9;764.00;15
1589;9;624092059;1589;150;2339;2351;11.63;0.71;206.26;3.32;750;9;765.00;12
1592;9;624092069;1592;153;2339;2351;11.62;0.71;206.35;3.32;747;9;766.00;12
1597;9;624092079;1597;152;2341;2351;11.59;0.71;206.41;3.32;744;9;767.00;10
1601;9;624092089;1601;154;2352;2364;11.61;0.71;206.55;3.30;751;9;768.00;12
1602;9;624092100;1602;156;2352;2364;11.70;0.72;206.50;3.30;750;9;769.00;12
1610;9;624092109;1610;158;2352;2364;11.69;0.71;206.82;3.30;742;9;770.00;12
1615;9;624092120;1615;155;2353;2365;11.67;0.71;207.41;3.30;738;9;771.00;12
1617;9;624092129;1617;156;2353;2366;11.74;0.72;207.30;3.30;736;9;772.00;13
1621;9;624092139;1621;156;2353;2366;11.71;0.71;207.70;3.30;732;9;773.00;13
1624;9;624092151;1624;158;2355;2369;11.64;0.71;207.73;3.30;731;9;774.00;14
1628;9;624092166;1628;158;2355;2369;11.64;0.71;208.12;3.30;727;9;775.00;14
1631;9;624092183;1631;156;2356;2369;11.59;0.71;208.31;3.30;725;9;776.00;13
1634;9;624092197;1634;159;2356;2369;11.59;0.71;208.21;3.30;722;9;777.00;13
1641;9;624092212;1641;164;2361;2375;11.52;0.70;208.39;3.29;720;9;778.00;14
1643;9;624092230;1643;170;2361;2375;11.52;0.70;208.36;3.29;718;9;779.00;14
1648;9;624092247;1648;170;2362;2375;11.47;0.70;208.53;3.32;714;9;780.00;13
1650;9;624092264;1650;169;2362;2375;11.45;0.70;208.52;3.32;712;9;781.00;13
1655;9;624092275;1655;163;2365;2379;11.39;0.70;208.88;3.31;710;9;782.00;14
1658;9;624092286;1658;160;2366;2380;11.34;0.69;208.87;3.31;708;9;783.00;14
1662;9;624092296;1662;158;2366;2380;11.29;0.69;208.91;3.31;704;9;784.00;14
1665;9;624092312;1665;155;2369;2381;11.25;0.69;208.88;3.32;704;9;785.00;12
1670;9;624092323;1670;150;2369;2381;11.15;0.68;209.05;3.32;699;9;786.00;12
1672;9;624092333;1672;146;2369;2381;11.13;0.68;208.96;3.32;697;9;787.00;12
1676;9;624092344;1676;144;2369;2381;11.07;0.68;208.90;3.32;693;9;788.00;12
1678;9;624092355;1678;146;2369;2381;11.06;0.68;208.86;3.32;691;9;789.00;12
1681;9;624092365;1681;148;2369;2381;11.09;0.68;208.87;3.32;688;9;790.00;12
1683;9;624092375;1683;145;2369;2381;11.15;0.68;209.00;3.32;686;9;791.00;12
1686;9;624092384;1686;145;2401;2451;11.13;0.68;209.08;3.27;715;9;792.00;50
1687;9;624092400;1687;140;2402;2452;11.16;0.69;209.00;3.27;715;9;793.00;50
1689;9;624092410;1689;138;2410;2452;11.23;0.69;209.02;3.27;721;9;794.00;42
1693;9;624092420;1693;144;2412;2452;11.22;0.69;209.05;3.27;719;9;795.00;40
1694;9;624092430;1694;148;2413;2452;11.19;0.69;209.00;3.27;719;9;796.00;39
1697;9;624092440;1697;148;2417;2452;11.14;0.68;208.99;3.30;720;9;797.00;35
1700;9;624092449;1700;150;2420;2452;11.04;0.68;208.77;3.30;720;9;798.00;32
1701;9;624092459;1701;157;2423;2452;11.02;0.67;208.69;3.31;722;9;799.00;29
1705;9;624092472;1705;156;2426;2453;10.99;0.67;208.57;3.34;721;9;800.00;27
1709;9;624092486;1709;161;2431;2454;10.90;0.67;208.58;3.35;722;9;801.00;23
1713;9;624092496;1713;162;2434;2454;10.90;0.66;208.34;3.36;721;9;802.00;20
1715;9;624092506;1715;168;2441;2458;10.79;0.66;208.28;3.40;726;9;803.00;17
1717;9;624092516;1717;168;2442;2458;10.71;0.65;208.21;3.40;725;9;804.00;16
1719;9;624092526;1719;178;2442;2458;10.62;0.65;208.15;3.40;723;9;805.00;16
1720;9;624092537;1720;183;2443;2458;10.46;0.64;208.14;3.43;723;9;806.00;15
1721;9;624092546;1721;197;2448;2464;10.42;0.64;208.11;3.43;727;9;807.00;16
1723;9;624092556;1723;201;2449;2464;10.29;0.63;207.97;3.46;726;9;808.00;15
1724;9;624092566;1724;210;2449;2464;10.11;0.62;207.88;3.46;725;9;809.00;15
1728;9;624092577;1728;212;2455;2470;9.88;0.60;207.82;3.47;727;9;810.00;15
1729;9;624092587;1729;220;2456;2470;9.73;0.59;207.83;3.47;727;9;811.00;14
1733;9;624092597;1733;229;2458;2470;9.54;0.58;207.57;3.51;725;9;812.00;12
1733;9;624092606;1733;231;2460;2471;9.37;0.57;207.57;3.52;727;9;813.00;11
1734;9;624092615;1734;239;2462;2472;9.26;0.56;207.58;3.56;728;9;814.00;10
1734;9;624092624;1734;244;2463;2472;9.10;0.55;207.58;3.56;729;9;815.00;9
1735;9;624092633;1735;251;2474;2485;8.91;0.54;207.48;3.63;739;9;816.00;11
1741;9;624092643;1741;260;2476;2485;8.75;0.53;207.17;3.65;735;9;817.00;9
1742;9;624092652;1742;265;2478;2485;8.66;0.53;207.10;3.67;736;9;818.00;7
1745;9;624092660;1745;271;2481;2486;8.53;0.52;206.95;3.68;736;9;819.00;5
1747;9;624092669;1747;278;2482;2486;8.39;0.51;206.87;3.68;735;9;820.00;4
1748;9;624092678;1748;291;2488;2490;8.34;0.51;206.81;3.69;740;9;821.00;2
1751;9;624092687;1751;295;2488;2490;8.19;0.50;206.67;3.69;737;9;822.00;2
1754;9;624092696;1754;302;2493;2494;8.10;0.50;206.55;3.69;739;9;823.00;1
1754;9;624092705;1754;312;2493;2494;8.08;0.49;206.55;3.69;739;9;824.00;1
1756;9;624092713;1756;319;2494;2494;8.08;0.49;206.53;3.69;738;9;825.00;0
1758;9;624092722;1758;325;2494;2494;7.97;0.49;206.57;3.69;736;9;826.00;0
1762;9;624092730;1762;314;2494;2494;7.85;0.48;206.34;3.69;732;9;827.00;0
1764;9;624092739;1764;310;2504;2506;7.86;0.48;206.32;3.67;740;9;828.00;2
1764;9;624092749;1764;302;2504;2506;7.79;0.48;206.32;3.67;740;9;829.00;2
1765;9;624092758;1765;296;2506;2506;7.91;0.48;206.26;3.67;741;9;830.00;0
1766;9;624092766;1766;299;2506;2506;7.96;0.49;206.23;3.67;740;9;831.00;0
1767;9;624092775;1767;295;2506;2506;7.96;0.49;206.18;3.67;739;9;832.00;0
1767;9;624092783;1767;290;2506;2506;8.02;0.49;206.18;3.67;739;9;833.00;0
1768;9;624092791;1768;285;2507;2507;8.10;0.50;206.16;3.67;739;9;834.00;0
1769;9;624092800;1769;285;2507;2507;8.18;0.50;206.11;3.67;738;9;835.00;0
1769;9;624092809;1769;283;2513;2513;8.23;0.50;206.11;3.66;744;9;836.00;0
1770;9;624092820;1770;277;2514;2514;8.28;0.51;206.12;3.66;744;9;837.00;0
1772;9;624092829;1772;275;2514;2514;8.20;0.50;205.96;3.66;742;9;838.00;0
1773;9;624092837;1773;271;2514;2514;8.23;0.51;206.06;3.66;741;9;839.00;0
1776;9;624092848;1776;266;2519;2519;8.28;0.51;206.00;3.66;743;9;840.00;0
1778;9;624092858;1778;265;2519;2519;8.24;0.51;205.97;3.66;741;9;841.00;0
1780;9;624092866;1780;264;2519;2519;8.21;0.50;205.88;3.66;739;9;842.00;0
1782;9;624092875;1782;263;2520;2520;8.25;0.51;205.99;3.66;738;9;843.00;0
1786;9;624092884;1786;260;2524;2524;8.24;0.50;205.97;3.65;738;9;844.00;0
1789;9;624092893;1789;258;2524;2524;8.17;0.50;205.95;3.65;735;9;845.00;0
1792;9;624092902;1792;259;2526;2527;8.13;0.50;206.20;3.65;734;9;846.00;1
1795;9;624092911;1795;260;2527;2527;8.14;0.50;206.16;3.65;732;9;847.00;0
1798;9;624092920;1798;261;2527;2527;8.01;0.49;206.35;3.65;729;9;848.00;0
1804;9;624092928;1804;263;2527;2527;7.94;0.49;206.30;3.65;723;9;849.00;0
1808;9;624092936;1808;250;2531;2531;7.99;0.49;206.42;3.64;723;9;850.00;0
1812;9;624092945;1812;246;2531;2531;7.92;0.48;206.93;3.64;719;9;851.00;0
1814;9;624092953;1814;243;2531;2531;7.93;0.48;206.81;3.64;717;9;852.00;0
1818;9;624092962;1818;236;2531;2531;7.94;0.49;206.99;3.64;713;9;853.00;0
1820;9;624092972;1820;232;2532;2532;7.89;0.48;207.10;3.64;712;9;854.00;0
1825;9;624092981;1825;229;2534;2534;7.88;0.48;207.34;3.64;709;9;855.00;0
1829;9;624092989;1829;224;2534;2534;7.94;0.48;207.35;3.64;705;9;856.00;0
1833;9;624092998;1833;220;2535;2535;7.97;0.49;207.34;3.64;702;9;857.00;0
1838;9;624093007;1838;216;2535;2535;8.07;0.49;207.45;3.64;697;9;858.00;0
1842;9;624093015;1842;210;2535;2535;8.14;0.50;207.66;3.64;693;9;859.00;0
1845;9;624093024;1845;200;2535;2535;8.18;0.50;207.83;3.64;690;9;860.00;0
1847;9;624093033;1847;197;2535;2535;8.16;0.50;207.94;3.64;688;9;861.00;0
1848;9;624093042;1848;186;2535;2535;8.27;0.50;207.91;3.64;687;9;862.00;0
1852;9;624093050;1852;182;2535;2535;8.38;0.51;208.01;3.64;683;9;863.00;0
1856;9;624093059;1856;188;2615;2662;8.72;0.54;208.18;3.53;759;9;864.00;47
1857;9;624093079;1857;184;2619;2663;8.81;0.54;208.12;3.52;762;9;865.00;44
1862;9;624093088;1862;182;2627;2663;8.88;0.55;208.48;3.52;765;9;866.00;36
1866;9;624093099;1866;180;2631;2663;8.93;0.55;208.39;3.52;765;9;867.00;32
1870;9;624093108;1870;179;2635;2663;9.02;0.56;208.79;3.52;765;9;868.00;28
1871;9;624093119;1871;179;2636;2663;9.05;0.56;208.89;3.52;765;9;869.00;27
1874;9;624093130;1874;177;2639;2663;9.05;0.56;208.94;3.52;765;9;870.00;24
1879;9;624093140;1879;176;2641;2663;9.00;0.55;209.09;3.53;762;9;871.00;22
1881;9;624093157;1881;176;2643;2664;8.97;0.55;209.36;3.53;762;9;872.00;21
1886;9;624093168;1886;185;2647;2665;8.98;0.55;209.37;3.54;761;9;873.00;18
1892;9;624093179;1892;190;2650;2665;8.97;0.55;209.77;3.54;758;9;874.00;15
1895;9;624093190;1895;196;2653;2666;8.95;0.55;209.97;3.55;758;9;875.00;13
1901;9;624093201;1901;204;2654;2666;8.99;0.55;209.93;3.55;753;9;876.00;12
1907;9;624093211;1907;209;2657;2666;8.98;0.55;210.21;3.56;750;9;877.00;9
1908;9;624093221;1908;207;2660;2666;8.96;0.55;210.12;3.57;752;9;878.00;6
1912;9;624093230;1912;214;2664;2670;8.92;0.55;210.18;3.57;752;9;879.00;6
1915;9;624093240;1915;217;2666;2670;8.85;0.54;210.42;3.58;751;9;880.00;4
1918;9;624093251;1918;223;2666;2670;8.82;0.54;210.47;3.58;748;9;881.00;4
1923;9;624093261;1923;223;2669;2673;8.80;0.54;210.70;3.59;746;9;882.00;4
1927;10;624093271;1927;226;2669;2673;8.76;0.54;210.80;3.59;742;10;883.00;4
1929;10;624093287;1929;225;2669;2673;8.76;0.54;210.93;3.59;740;10;884.00;4
1933;10;624093297;1933;225;2675;2677;8.73;0.53;211.00;3.59;742;10;885.00;2
1937;10;624093306;1937;225;2676;2678;8.79;0.54;211.27;3.59;739;10;886.00;2
1941;10;624093316;1941;225;2677;2678;8.75;0.54;211.14;3.59;736;10;887.00;1
1947;10;624093325;1947;228;2681;2682;8.76;0.53;211.02;3.59;734;10;888.00;1
1951;10;624093336;1951;235;2682;2682;8.73;0.53;211.12;3.59;731;10;889.00;0
1955;10;624093346;1955;234;2682;2682;8.77;0.54;211.16;3.59;727;10;890.00;0
1960;10;624093355;1960;234;2683;2683;8.75;0.54;211.04;3.59;723;10;891.00;0
1961;10;624093365;1961;228;2683;2683;8.72;0.53;211.08;3.59;722;10;892.00;0
1963;10;624093383;1963;231;2689;2689;8.69;0.53;211.04;3.58;726;10;893.00;0
1967;10;624093394;1967;226;2689;2689;8.70;0.53;211.22;3.58;722;10;894.00;0
1970;10;624093403;1970;226;2690;2690;8.66;0.53;211.29;3.58;720;10;895.00;0
1972;10;624093414;1972;219;2690;2690;8.68;0.53;211.26;3.58;718;10;896.00;0
1977;10;624093423;1977;206;2690;2690;8.68;0.53;211.51;3.58;713;10;897.00;0
1981;10;624093433;1981;201;2690;2690;8.81;0.54;211.79;3.58;709;10;898.00;0
1983;10;624093443;1983;201;2690;2690;8.85;0.54;211.93;3.58;707;10;899.00;0
1986;10;624093454;1986;197;2721;2736;8.96;0.55;212.05;3.54;735;10;900.00;15
1989;10;624093473;1989;191;2722;2736;9.07;0.56;212.05;3.54;733;10;901.00;14
1991;10;624093484;1991;187;2725;2736;9.22;0.57;212.06;3.54;734;10;902.00;11
1993;10;624093493;1993;182;2725;2736;9.34;0.57;212.24;3.54;732;10;903.00;11
1995;10;624093503;1995;183;2727;2736;9.48;0.58;212.24;3.54;732;10;904.00;9
1998;10;624093513;1998;180;2728;2736;9.55;0.59;212.48;3.54;730;10;905.00;8
1999;10;624093528;1999;168;2732;2740;9.61;0.59;212.46;3.53;733;10;906.00;8
2001;10;624093539;2001;160;2734;2740;9.65;0.59;212.68;3.54;733;10;907.00;6
2005;10;624093549;2005;153;2737;2744;9.67;0.59;212.83;3.53;732;10;908.00;7
2007;10;624093561;2007;144;2738;2745;9.75;0.59;212.76;3.53;731;10;909.00;7
2012;10;624093571;2012;135;2738;2745;9.86;0.60;213.02;3.53;726;10;910.00;7
2015;10;624093581;2015;135;2739;2745;9.92;0.60;213.22;3.53;724;10;911.00;6
2018;10;624093592;2018;133;2751;2758;10.04;0.61;213.43;3.52;733;10;912.00;7
2019;10;624093603;2019;133;2752;2758;10.13;0.62;213.54;3.52;733;10;913.00;6
2024;10;624093613;2024;132;2752;2758;10.23;0.62;213.82;3.52;728;10;914.00;6
2026;10;624093625;2026;133;2753;2759;10.34;0.63;213.80;3.52;727;10;915.00;6
2029;10;624093635;2029;126;2755;2760;10.40;0.63;213.97;3.53;726;10;916.00;5
2031;10;624093646;2031;124;2755;2760;10.52;0.64;213.95;3.53;724;10;917.00;5
2032;10;624093656;2032;118;2757;2763;10.65;0.65;213.90;3.52;725;10;918.00;6
2033;10;624093666;2033;118;2758;2763;10.68;0.65;213.90;3.53;725;10;919.00;5
2035;10;624093677;2035;120;2759;2763;10.70;0.65;214.01;3.53;724;10;920.00;4
2039;10;624093687;2039;120;2759;2763;10.70;0.65;213.97;3.53;720;10;921.00;4
2040;10;624093698;2040;120;2765;2769;10.69;0.65;214.03;3.53;725;10;922.00;4
2044;10;624093708;2044;124;2765;2769;10.71;0.65;214.00;3.53;721;10;923.00;4
2046;10;624093719;2046;124;2769;2769;10.74;0.65;214.23;3.55;723;10;924.00;0
2051;10;624093728;2051;124;2769;2769;10.83;0.66;214.14;3.55;718;10;925.00;0
2053;10;624093739;2053;127;2773;2773;10.86;0.66;214.24;3.54;720;10;926.00;0
2057;10;624093749;2057;128;2774;2774;10.96;0.67;214.52;3.54;717;10;927.00;0
2063;10;624093759;2063;130;2774;2774;11.01;0.67;214.64;3.54;711;10;928.00;0
2064;10;624093769;2064;140;2775;2775;11.13;0.68;214.57;3.54;711;10;929.00;0
2069;10;624093782;2069;142;2775;2775;11.18;0.68;214.59;3.54;706;10;930.00;0
2070;10;624093792;2070;139;2775;2775;11.21;0.68;214.62;3.54;705;10;931.00;0
2074;10;624093801;2074;141;2775;2775;11.28;0.68;214.84;3.54;701;10;932.00;0
2077;10;624093811;2077;145;2775;2775;11.31;0.69;214.87;3.54;698;10;933.00;0
2080;10;624093820;2080;145;2775;2775;11.40;0.69;215.04;3.54;695;10;934.00;0
2083;10;624093830;2083;151;2775;2775;11.45;0.70;215.38;3.54;692;10;935.00;0
2086;10;624093840;2086;161;2814;2845;11.25;0.68;215.52;3.49;728;10;936.00;31
2087;10;624093855;2087;154;2814;2846;11.29;0.69;215.65;3.49;727;10;937.00;32
2088;10;624093865;2088;152;2821;2846;11.36;0.69;215.77;3.49;733;10;938.00;25
2092;10;624093875;2092;152;2823;2846;11.39;0.69;215.85;3.49;731;10;939.00;23
2095;10;624093884;2095;157;2827;2846;11.46;0.70;216.21;3.49;732;10;940.00;19
2098;10;624093894;2098;157;2831;2846;11.46;0.70;216.15;3.49;733;10;941.00;15
2101;10;624093903;2101;161;2834;2846;11.49;0.70;216.11;3.49;733;10;942.00;12
2105;10;624093914;2105;164;2837;2846;11.48;0.70;216.18;3.50;732;10;943.00;9
2106;10;624093923;2106;165;2840;2847;11.42;0.70;216.34;3.50;734;10;944.00;7
2108;10;624093933;2108;164;2841;2849;11.32;0.69;216.46;3.50;733;10;945.00;8
2113;10;624093943;2113;165;2842;2849;11.34;0.69;216.38;3.50;729;10;946.00;7
2118;10;624093952;2118;169;2846;2853;11.37;0.69;216.28;3.50;728;10;947.00;7
2122;10;624093962;2122;177;2847;2853;11.31;0.69;216.16;3.50;725;10;948.00;6
2125;10;624093972;2125;177;2847;2853;11.16;0.68;216.10;3.50;722;10;949.00;6
2127;10;624093981;2127;178;2847;2853;11.10;0.68;216.00;3.50;720;10;950.00;6
2129;10;624093990;2129;184;2851;2859;11.00;0.67;215.93;3.50;722;10;951.00;8
2130;10;624093999;2130;184;2851;2859;10.92;0.67;215.90;3.50;721;10;952.00;8
2135;10;624094008;2135;180;2851;2859;10.77;0.66;215.76;3.50;716;10;953.00;8
2136;10;624094017;2136;181;2853;2862;10.70;0.65;215.71;3.49;717;10;954.00;9
2139;10;624094026;2139;185;2857;2862;10.53;0.64;215.52;3.51;718;10;955.00;5
2140;10;624094035;2140;182;2858;2862;10.44;0.64;215.59;3.51;718;10;956.00;4
2148;10;624094043;2148;182;2858;2863;10.25;0.62;215.40;3.51;710;10;957.00;5
2150;10;624094052;2150;188;2859;2864;10.13;0.62;215.29;3.50;709;10;958.00;5
2153;10;624094062;2153;189;2859;2864;9.99;0.61;215.12;3.50;706;10;959.00;5
2158;10;624094072;2158;196;2877;2890;9.88;0.60;214.91;3.48;719;10;960.00;13
2164;10;624094082;2164;197;2877;2890;9.90;0.60;214.65;3.48;713;10;961.00;13
2164;10;624094091;2164;202;2880;2890;9.91;0.60;214.65;3.48;716;10;962.00;10
2167;10;624094098;2167;204;2882;2891;9.94;0.61;214.66;3.48;715;10;963.00;9
2170;10;624094107;2170;203;2882;2891;9.95;0.61;214.62;3.48;712;10;964.00;9
2171;10;624094115;2171;206;2885;2895;10.01;0.61;214.63;3.48;714;10;965.00;10
2174;10;624094123;2174;209;2886;2895;10.05;0.61;214.53;3.48;712;10;966.00;9
2176;10;624094131;2176;211;2889;2899;10.09;0.61;214.55;3.48;713;10;967.00;10
2176;10;624094141;2176;209;2889;2899;10.10;0.62;214.55;3.48;713;10;968.00;10
2176;10;624094149;2176;210;2890;2899;10.00;0.61;214.55;3.48;714;10;969.00;9
2177;10;624094162;2177;214;2890;2899;9.94;0.61;214.56;3.48;713;10;970.00;9
2180;10;624094174;2180;215;2892;2899;9.84;0.60;214.41;3.50;712;10;971.00;7
2183;10;624094188;2183;219;2902;2911;9.80;0.60;214.34;3.49;719;10;972.00;9
2184;10;624094206;2184;220;2903;2911;9.77;0.60;214.35;3.49;719;10;973.00;8
2190;10;624094220;2190;227;2905;2911;9.67;0.59;214.17;3.51;715;10;974.00;6
2190;10;624094234;2190;228;2905;2911;9.56;0.58;214.17;3.51;715;10;975.00;6
2190;10;624094246;2190;231;2906;2911;9.45;0.58;214.17;3.51;716;10;976.00;5
2192;10;624094258;2192;233;2906;2911;9.28;0.57;214.11;3.51;714;10;977.00;5
2193;10;624094269;2193;241;2906;2912;9.14;0.56;214.10;3.51;713;10;978.00;6
2193;10;624094278;2193;232;2906;2912;9.08;0.56;214.10;3.51;713;10;979.00;6
2195;10;624094287;2195;229;2912;2918;9.06;0.56;214.20;3.51;717;10;980.00;6
2198;10;624094295;2198;230;2914;2919;8.93;0.55;214.25;3.52;716;10;981.00;5
2199;10;624094304;2199;235;2914;2919;8.86;0.54;214.24;3.52;715;10;982.00;5
2202;10;624094312;2202;236;2915;2919;8.80;0.54;214.20;3.52;713;10;983.00;4
2205;10;624094321;2205;235;2919;2923;8.72;0.53;214.02;3.52;714;10;984.00;4
2207;10;624094330;2207;240;2921;2923;8.65;0.53;214.06;3.53;714;10;985.00;2
2208;10;624094348;2208;242;2921;2923;8.68;0.53;214.09;3.53;713;10;986.00;2
2209;10;624094365;2209;244;2922;2924;8.74;0.53;214.09;3.53;713;10;987.00;2
2212;10;624094373;2212;240;2927;2928;8.71;0.53;213.94;3.53;715;10;988.00;1
2213;10;624094382;2213;245;2927;2928;8.73;0.53;213.96;3.53;714;10;989.00;1
2214;10;624094393;2214;247;2932;2934;8.78;0.54;214.04;3.52;718;10;990.00;2
2216;10;624094403;2216;247;2933;2934;8.74;0.53;214.05;3.52;717;10;991.00;1
2217;10;624094411;2217;245;2934;2934;8.79;0.54;214.07;3.52;717;10;992.00;0
2219;10;624094420;2219;245;2934;2934;8.78;0.54;213.97;3.52;715;10;993.00;0
2219;10;624094429;2219;246;2938;2938;8.80;0.54;213.97;3.52;719;10;994.00;0
2220;10;624094438;2220;244;2938;2938;8.73;0.54;213.97;3.52;718;10;995.00;0
2222;10;624094446;2222;245;2938;2938;8.63;0.53;213.92;3.52;716;10;996.00;0
2223;10;624094455;2223;247;2938;2938;8.49;0.52;213.91;3.52;715;10;997.00;0
2225;10;624094463;2225;250;2939;2939;8.38;0.52;213.95;3.52;714;10;998.00;0
2226;10;624094473;2226;250;2940;2940;8.35;0.51;213.91;3.52;714;10;999.00;0
2230;10;624094482;2230;243;2940;2940;8.30;0.51;213.92;3.52;710;10;1000.00;0
2232;10;624094497;2232;244;2941;2941;8.30;0.51;213.93;3.51;709;10;1001.00;0
2235;10;624094507;2235;243;2941;2941;8.29;0.51;213.95;3.51;706;10;1002.00;0
2236;10;624094517;2236;238;2941;2941;8.32;0.51;213.97;3.51;705;10;1003.00;0
2237;10;624094525;2237;230;2941;2941;8.34;0.51;213.99;3.51;704;10;1004.00;0
2238;10;624094534;2238;231;2941;2941;8.33;0.51;213.95;3.51;703;10;1005.00;0
2238;10;624094542;2238;229;2941;2941;8.32;0.51;213.95;3.51;703;10;1006.00;0
2241;10;624094550;2241;228;2941;2941;8.33;0.51;214.20;3.51;700;10;1007.00;0
2243;10;624094559;2243;250;3015;3068;8.46;0.53;214.27;3.43;772;10;1008.00;53
2249;10;624094579;2249;238;3019;3069;8.42;0.52;214.42;3.43;770;10;1009.00;50
2254;10;624094588;2254;228;3029;3069;8.44;0.52;214.44;3.42;775;10;1010.00;40
2258;10;624094598;2258;227;3033;3069;8.39;0.52;214.49;3.42;775;10;1011.00;36
2263;10;624094607;2263;226;3039;3069;8.38;0.52;214.61;3.42;776;10;1012.00;30
2267;11;624094616;2267;227;3040;3069;8.26;0.51;214.73;3.42;773;11;1013.00;29
2271;11;624094638;2271;228;3044;3069;8.19;0.51;214.83;3.43;773;11;1014.00;25
2275;11;624094649;2275;230;3047;3069;8.21;0.50;214.72;3.43;772;11;1015.00;22
2280;11;624094659;2280;230;3049;3070;8.20;0.50;214.94;3.43;769;11;1016.00;21
2283;11;624094669;2283;234;3052;3071;8.17;0.50;215.04;3.44;769;11;1017.00;19
2285;11;624094678;2285;236;3054;3071;8.16;0.50;214.95;3.44;769;11;1018.00;17
2290;11;624094688;2290;238;3057;3072;8.01;0.49;215.17;3.45;767;11;1019.00;15
2292;11;624094700;2292;234;3062;3072;7.93;0.49;215.35;3.46;770;11;1020.00;10
2296;11;624094709;2296;235;3064;3072;7.88;0.48;215.53;3.46;768;11;1021.00;8
2300;11;624094719;2300;233;3065;3072;7.83;0.48;215.71;3.47;765;11;1022.00;7
2302;11;624094728;2302;231;3069;3076;7.92;0.49;215.75;3.47;767;11;1023.00;7
2305;11;624094738;2305;229;3070;3076;7.96;0.49;215.79;3.47;765;11;1024.00;6
2308;11;624094748;2308;227;3071;3076;7.98;0.49;216.04;3.47;763;11;1025.00;5
2312;11;624094758;2312;225;3073;3079;8.01;0.49;216.31;3.47;761;11;1026.00;6
2314;11;624094769;2314;219;3074;3079;8.10;0.50;216.39;3.48;760;11;1027.00;5
2317;11;624094779;2317;213;3074;3079;8.14;0.50;216.56;3.48;757;11;1028.00;5
2322;11;624094789;2322;207;3080;3083;8.19;0.50;216.62;3.48;758;11;1029.00;3
2324;11;624094801;2324;203;3081;3084;8.32;0.51;216.69;3.48;757;11;1030.00;3
2327;11;624094811;2327;198;3081;3084;8.39;0.51;216.95;3.48;754;11;1031.00;3
2331;11;624094821;2331;196;3086;3088;8.49;0.52;217.30;3.49;755;11;1032.00;2
2335;11;624094831;2335;189;3088;3088;8.54;0.52;217.46;3.49;753;11;1033.00;0
2338;11;624094843;2338;192;3088;3088;8.58;0.53;217.54;3.49;750;11;1034.00;0
2344;11;624094853;2344;185;3090;3090;8.59;0.53;217.70;3.49;746;11;1035.00;0
2346;11;624094864;2346;183;3090;3090;8.69;0.53;217.64;3.49;744;11;1036.00;0
2351;11;624094874;2351;190;3096;3096;8.77;0.54;217.92;3.48;745;11;1037.00;0
2356;11;624094884;2356;191;3096;3096;8.69;0.53;218.05;3.48;740;11;1038.00;0
2362;11;624094894;2362;198;3097;3097;8.64;0.53;218.27;3.48;735;11;1039.00;0
2363;11;624094905;2363;207;3097;3097;8.61;0.53;218.23;3.48;734;11;1040.00;0
2368;11;624094914;2368;203;3097;3097;8.60;0.53;218.34;3.48;729;11;1041.00;0
2370;11;624094924;2370;206;3097;3097;8.60;0.52;218.43;3.48;727;11;1042.00;0
2375;11;624094936;2375;206;3097;3097;8.52;0.52;218.35;3.48;722;11;1043.00;0
2378;11;624094946;2378;204;3107;3109;8.57;0.52;218.56;3.47;729;11;1044.00;2
2379;11;624094957;2379;202;3108;3109;8.63;0.53;218.63;3.47;729;11;1045.00;1
2380;11;624094967;2380;194;3109;3109;8.70;0.53;218.70;3.47;729;11;1046.00;0
2386;11;624094977;2386;186;3109;3109;8.68;0.53;218.90;3.47;723;11;1047.00;0
2390;11;624094987;2390;182;3109;3109;8.72;0.53;219.01;3.47;719;11;1048.00;0
2393;11;624094997;2393;177;3109;3109;8.76;0.53;219.09;3.47;716;11;1049.00;0
2396;11;624095010;2396;179;3115;3115;8.84;0.54;219.10;3.46;719;11;1050.00;0
2401;11;624095020;2401;182;3115;3115;8.93;0.54;219.09;3.46;714;11;1051.00;0
2405;11;624095032;2405;180;3119;3119;8.99;0.55;219.31;3.46;714;11;1052.00;0
2410;11;624095042;2410;183;3120;3120;8.96;0.54;219.37;3.46;710;11;1053.00;0
2412;11;624095052;2412;175;3120;3120;8.99;0.55;219.41;3.46;708;11;1054.00;0
2419;11;624095063;2419;172;3120;3120;8.98;0.55;219.60;3.46;701;11;1055.00;0
2424;11;624095073;2424;175;3133;3133;9.01;0.55;219.62;3.45;709;11;1056.00;0
2428;11;624095085;2428;168;3133;3133;9.00;0.55;219.65;3.45;705;11;1057.00;0
2433;11;624095095;2433;169;3133;3133;8.99;0.55;219.81;3.45;700;11;1058.00;0
2439;11;624095105;2439;172;3134;3134;9.00;0.55;219.84;3.45;695;11;1059.00;0
2440;11;624095115;2440;172;3135;3135;9.02;0.55;219.89;3.44;695;11;1060.00;0
2443;11;624095125;2443;175;3135;3135;9.09;0.56;219.93;3.44;692;11;1061.00;0
2446;11;624095135;2446;176;3137;3138;9.19;0.56;220.08;3.44;691;11;1062.00;1
2451;11;624095147;2451;177;3137;3138;9.19;0.56;220.01;3.44;686;11;1063.00;1
2454;11;624095159;2454;180;3138;3138;9.16;0.56;220.14;3.44;684;11;1064.00;0
2455;11;624095169;2455;186;3138;3138;9.18;0.56;220.14;3.44;683;11;1065.00;0
2459;11;624095179;2459;191;3144;3144;9.20;0.56;220.24;3.44;685;11;1066.00;0
2463;11;624095190;2463;185;3144;3144;9.23;0.56;220.38;3.44;681;11;1067.00;0
2467;11;624095200;2467;182;3144;3144;9.31;0.57;220.49;3.44;677;11;1068.00;0
2472;11;624095211;2472;180;3144;3144;9.30;0.57;220.58;3.44;672;11;1069.00;0
2476;11;624095221;2476;177;3148;3148;9.27;0.56;220.77;3.43;672;11;1070.00;0
2479;11;624095231;2479;169;3149;3149;9.31;0.57;220.84;3.43;670;11;1071.00;0
2483;11;624095240;2483;170;3149;3149;9.35;0.57;220.90;3.43;666;11;1072.00;0
2485;11;624095250;2485;166;3150;3150;9.39;0.57;221.04;3.43;665;11;1073.00;0
2489;11;624095265;2489;169;3150;3150;9.40;0.57;221.15;3.43;661;11;1074.00;0
2493;11;624095275;2493;169;3150;3150;9.34;0.57;221.02;3.43;657;11;1075.00;0
2498;11;624095284;2498;158;3150;3150;9.39;0.57;221.08;3.43;652;11;1076.00;0
2501;11;624095294;2501;148;3150;3150;9.44;0.57;221.05;3.43;649;11;1077.00;0
2502;11;624095304;2502;142;3150;3150;9.49;0.58;221.17;3.43;648;11;1078.00;0
2503;11;624095313;2503;140;3150;3150;9.63;0.58;221.14;3.43;647;11;1079.00;0
2504;11;624095324;2504;159;3237;3275;9.44;0.58;221.24;3.34;733;11;1080.00;38
2505;11;624095349;2505;160;3240;3276;9.52;0.58;221.34;3.34;735;11;1081.00;36
2507;11;624095359;2507;153;3247;3276;9.70;0.59;221.37;3.33;740;11;1082.00;29
2510;11;624095369;2510;149;3247;3276;9.69;0.59;221.50;3.33;737;11;1083.00;29
2513;11;624095380;2513;144;3252;3276;9.74;0.60;221.70;3.34;739;11;1084.00;24
2513;11;624095390;2513;144;3254;3276;9.87;0.60;221.70;3.34;741;11;1085.00;22
2515;11;624095399;2515;145;3257;3276;9.97;0.61;221.77;3.34;742;11;1086.00;19
2517;11;624095410;2517;146;3261;3276;9.96;0.61;221.90;3.34;744;11;1087.00;15
2519;11;624095420;2519;153;3263;3277;9.93;0.61;221.94;3.35;744;11;1088.00;14
2523;11;624095430;2523;161;3266;3278;9.80;0.60;221.91;3.35;743;11;1089.00;12
2526;11;624095445;2526;166;3271;3278;9.68;0.59;221.96;3.36;745;11;1090.00;7
2530;11;624095455;2530;170;3277;3282;9.56;0.58;222.01;3.36;747;11;1091.00;5
2534;11;624095466;2534;177;3279;3282;9.52;0.58;222.35;3.37;745;11;1092.00;3
2535;11;624095476;2535;182;3280;3282;9.47;0.58;222.29;3.37;745;11;1093.00;2
2535;11;624095486;2535;189;3280;3282;9.46;0.58;222.29;3.37;745;11;1094.00;2
2536;11;624095495;2536;181;3287;3288;9.45;0.58;222.24;3.37;751;11;1095.00;1
2538;11;624095505;2538;188;3287;3288;9.43;0.58;222.22;3.37;749;11;1096.00;1
2539;11;624095515;2539;188;3287;3288;9.43;0.58;222.16;3.37;748;11;1097.00;1
2541;11;624095525;2541;185;3289;3291;9.38;0.58;222.14;3.36;748;11;1098.00;2
2543;11;624095534;2543;183;3289;3291;9.33;0.57;222.09;3.36;746;11;1099.00;2
2544;11;624095544;2544;188;3290;3291;9.30;0.57;222.11;3.36;746;11;1100.00;1
2545;11;624095558;2545;193;3291;3292;9.33;0.57;222.06;3.36;746;11;1101.00;1
2548;11;624095567;2548;194;3292;3293;9.41;0.58;222.07;3.36;744;11;1102.00;1
2551;11;624095576;2551;195;3292;3293;9.40;0.58;222.02;3.36;741;11;1103.00;1
2553;11;624095586;2553;201;3302;3306;9.43;0.58;221.96;3.35;749;11;1104.00;4
2557;11;624095598;2557;197;3303;3306;9.41;0.58;221.85;3.36;746;11;1105.00;3
2558;11;624095608;2558;199;3304;3306;9.48;0.58;221.80;3.36;746;11;1106.00;2
2562;11;624095617;2562;203;3306;3307;9.49;0.58;221.71;3.36;744;11;1107.00;1
2564;11;624095633;2564;205;3306;3307;9.54;0.59;221.68;3.36;742;11;1108.00;1
2564;11;624095644;2564;206;3309;3311;9.62;0.59;221.68;3.36;745;11;1109.00;2
2565;11;624095655;2565;210;3310;3311;9.65;0.59;221.63;3.35;745;11;1110.00;1
2567;11;624095665;2567;213;3313;3315;9.67;0.59;221.55;3.35;746;11;1111.00;2
2571;11;624095675;2571;215;3313;3315;9.72;0.60;221.34;3.35;742;11;1112.00;2
2574;11;624095686;2574;220;3313;3315;9.77;0.60;221.20;3.35;739;11;1113.00;2
2576;11;624095695;2576;221;3313;3315;9.82;0.60;221.18;3.35;737;11;1114.00;2
2576;11;624095704;2576;227;3313;3315;9.85;0.60;221.18;3.35;737;11;1115.00;2
2580;11;624095713;2580;226;3322;3327;9.87;0.60;221.06;3.34;742;11;1116.00;5
2584;11;624095723;2584;228;3323;3327;9.87;0.60;221.03;3.34;739;11;1117.00;4
2585;11;624095733;2585;232;3324;3327;9.87;0.60;220.99;3.34;739;11;1118.00;3
2587;11;624095743;2587;235;3324;3327;9.88;0.60;220.90;3.34;737;11;1119.00;3
2592;11;624095752;2592;237;3324;3327;9.87;0.60;220.84;3.34;732;11;1120.00;3
2595;11;624095761;2595;236;3324;3327;9.89;0.60;220.82;3.34;729;11;1121.00;3
2596;11;624095769;2596;234;3324;3328;9.84;0.60;220.79;3.34;728;11;1122.00;4
2600;11;624095777;2600;232;3324;3328;9.81;0.60;220.66;3.34;724;11;1123.00;4
2602;11;624095796;2602;235;3329;3334;9.78;0.60;220.66;3.34;727;11;1124.00;5
2606;11;624095805;2606;231;3333;3336;9.74;0.59;220.66;3.35;727;11;1125.00;3
2610;11;624095815;2610;232;3333;3336;9.76;0.60;220.52;3.35;723;11;1126.00;3
2612;11;624095824;2612;232;3333;3336;9.75;0.60;220.48;3.35;721;11;1127.00;3
2617;11;624095832;2617;232;3336;3340;9.77;0.60;220.33;3.34;719;11;1128.00;4
2621;11;624095842;2621;231;3336;3340;9.78;0.60;220.18;3.34;715;11;1129.00;4
2625;11;624095850;2625;234;3336;3340;9.82;0.60;220.07;3.34;711;11;1130.00;4
2627;11;624095859;2627;220;3337;3341;9.93;0.60;220.02;3.34;710;11;1131.00;4
2629;11;624095867;2629;207;3340;3345;10.01;0.61;219.98;3.34;711;11;1132.00;5
2630;11;624095876;2630;200;3340;3345;10.11;0.61;219.99;3.34;710;11;1133.00;5
2633;11;624095886;2633;198;3342;3348;10.27;0.62;219.86;3.34;709;11;1134.00;6
2636;11;624095895;2636;194;3343;3348;10.34;0.63;219.95;3.34;707;11;1135.00;5
2638;11;624095904;2638;192;3343;3348;10.35;0.63;219.89;3.34;705;11;1136.00;5
2639;11;624095913;2639;188;3343;3348;10.41;0.63;219.86;3.34;704;11;1137.00;5
2639;11;624095922;2639;184;3347;3352;10.48;0.63;219.86;3.33;708;11;1138.00;5
2641;11;624095932;2641;186;3347;3352;10.52;0.64;219.87;3.33;706;11;1139.00;5
2641;11;624095942;2641;183;3347;3352;10.57;0.64;219.87;3.33;706;11;1140.00;5
2642;11;624095956;2642;179;3347;3352;10.54;0.64;219.86;3.33;705;11;1141.00;5
2642;11;624095964;2642;182;3347;3353;10.53;0.64;219.86;3.33;705;11;1142.00;6
2643;11;624095974;2643;183;3348;3354;10.55;0.64;219.82;3.33;705;11;1143.00;6
2643;11;624095983;2643;179;3348;3354;10.52;0.64;219.82;3.33;705;11;1144.00;6
2644;11;624095992;2644;175;3349;3355;10.49;0.64;219.81;3.33;705;11;1145.00;6
2645;11;624096001;2645;173;3349;3355;10.48;0.64;219.75;3.33;704;11;1146.00;6
2646;11;624096009;2646;179;3349;3355;10.45;0.64;219.76;3.33;703;11;1147.00;6
2646;11;624096024;2646;181;3349;3355;10.43;0.64;219.76;3.33;703;11;1148.00;6
2650;11;624096032;2650;190;3349;3355;10.43;0.63;219.69;3.33;699;11;1149.00;6
2650;11;624096041;2650;185;3350;3355;10.40;0.63;219.69;3.34;700;11;1150.00;5
2651;11;624096050;2651;182;3351;3355;10.32;0.63;219.67;3.35;700;11;1151.00;4
2654;11;624096058;2654;203;3416;3482;10.24;0.63;219.79;3.29;762;11;1152.00;66
2656;11;624096076;2656;195;3419;3483;10.18;0.63;219.97;3.28;763;11;1153.00;64
2658;11;624096086;2658;195;3430;3483;10.20;0.63;220.08;3.29;772;11;1154.00;53
2659;11;624096095;2659;199;3438;3483;10.17;0.63;220.02;3.29;779;11;1155.00;45
2665;11;624096104;2665;194;3445;3483;10.08;0.62;220.17;3.30;780;11;1156.00;38
2669;11;624096113;2669;200;3448;3483;10.01;0.62;220.35;3.30;779;11;1157.00;35
2670;11;624096123;2670;205;3451;3483;9.94;0.61;220.45;3.31;781;11;1158.00;32
2672;11;624096132;2672;208;3453;3483;9.90;0.61;220.56;3.31;781;11;1159.00;30
2675;11;624096141;2675;209;3456;3484;9.92;0.61;220.77;3.31;781;11;1160.00;28
2676;11;624096150;2676;213;3461;3485;9.85;0.61;220.89;3.32;785;11;1161.00;24
2678;11;624096164;2678;210;3465;3485;9.80;0.60;220.87;3.33;787;11;1162.00;20
2679;11;624096193;2679;214;3466;3486;9.72;0.60;220.87;3.33;787;11;1163.00;20
2683;11;624096206;2683;218;3473;3486;9.52;0.58;220.71;3.35;790;11;1164.00;13
2683;11;624096223;2683;229;3477;3486;9.36;0.57;220.71;3.36;794;11;1165.00;9
2684;11;624096236;2684;238;3478;3486;9.26;0.57;220.86;3.37;794;11;1166.00;8
2684;11;624096260;2684;245;3483;3490;9.14;0.56;220.86;3.37;799;11;1167.00;7
2687;11;624096284;2687;249;3485;3490;9.05;0.56;220.85;3.37;798;11;1168.00;5
2691;11;624096295;2691;250;3486;3490;8.95;0.55;220.79;3.37;795;11;1169.00;4
2695;11;624096307;2695;253;3490;3496;8.89;0.54;221.01;3.37;795;11;1170.00;6
2696;11;624096319;2696;252;3491;3496;8.84;0.54;221.11;3.38;795;11;1171.00;5
2697;11;624096330;2697;254;3492;3496;8.82;0.54;221.07;3.38;795;11;1172.00;4
2699;11;624096340;2699;256;3498;3500;8.76;0.54;221.19;3.38;799;11;1173.00;2
2700;11;624096351;2700;259;3499;3501;8.74;0.54;221.28;3.38;799;11;1174.00;2
2701;11;624096368;2701;263;3501;3501;8.74;0.54;221.39;3.38;800;11;1175.00;0
2706;11;624096378;2706;261;3504;3505;8.70;0.53;221.32;3.38;798;11;1176.00;1
2708;11;624096390;2708;267;3505;3505;8.71;0.53;221.39;3.38;797;11;1177.00;0
2711;11;624096399;2711;260;3505;3505;8.73;0.53;221.42;3.38;794;11;1178.00;0
2713;11;624096409;2713;263;3506;3506;8.68;0.53;221.65;3.38;793;11;1179.00;0
2716;11;624096419;2716;263;3506;3506;8.68;0.53;221.68;3.38;790;11;1180.00;0
2723;11;624096429;2723;268;3512;3512;8.63;0.53;221.93;3.37;789;11;1181.00;0
2728;11;624096440;2728;268;3512;3512;8.48;0.52;221.87;3.37;784;11;1182.00;0
2732;11;624096450;2732;271;3513;3513;8.36;0.51;222.02;3.37;781;11;1183.00;0
2735;11;624096460;2735;266;3513;3513;8.28;0.51;222.25;3.37;778;11;1184.00;0
2738;11;624096471;2738;268;3513;3513;8.14;0.50;222.49;3.37;775;11;1185.00;0
2745;11;624096482;2745;262;3513;3513;7.95;0.49;222.55;3.37;768;11;1186.00;0
2748;11;624096491;2748;264;3513;3513;7.81;0.48;222.70;3.37;765;11;1187.00;0
2752;11;624096501;2752;268;3524;3525;7.68;0.47;222.81;3.36;772;11;1188.00;1
2754;11;624096511;2754;268;3524;3525;7.50;0.46;223.01;3.36;770;11;1189.00;1
2758;11;624096520;2758;257;3525;3525;7.48;0.46;223.35;3.36;767;11;1190.00;0
2762;11;624096530;2762;257;3525;3525;7.51;0.46;223.36;3.36;763;11;1191.00;0
2767;11;624096539;2767;251;3525;3525;7.56;0.46;223.56;3.36;758;11;1192.00;0
2770;11;624096548;2770;248;3525;3525;7.60;0.47;223.68;3.36;755;11;1193.00;0
2775;11;624096558;2775;244;3529;3529;7.58;0.46;223.84;3.36;754;11;1194.00;0
2779;11;624096567;2779;239;3529;3529;7.57;0.46;223.98;3.36;750;11;1195.00;0
2783;11;624096576;2783;239;3533;3533;7.66;0.47;224.23;3.36;750;11;1196.00;0
2784;11;624096586;2784;233;3534;3534;7.75;0.47;224.27;3.36;750;11;1197.00;0
2788;11;624096595;2788;226;3534;3534;7.82;0.48;224.43;3.36;746;11;1198.00;0
2792;11;624096604;2792;224;3534;3534;7.88;0.48;224.57;3.36;742;11;1199.00;0
2796;11;624096616;2796;225;3561;3575;7.87;0.48;224.48;3.33;765;11;1200.00;14
2800;11;624096634;2800;215;3562;3575;7.93;0.48;224.75;3.33;762;11;1201.00;13
2805;11;624096645;2805;208;3565;3575;7.97;0.49;224.96;3.33;760;11;1202.00;10
2810;11;624096655;2810;204;3566;3576;8.05;0.49;224.96;3.33;756;11;1203.00;10
2815;11;624096664;2815;205;3569;3577;8.06;0.49;225.13;3.33;754;11;1204.00;8
2818;11;624096674;2818;207;3569;3577;8.16;0.50;225.27;3.33;751;11;1205.00;8
2822;11;624096683;2822;206;3572;3580;8.22;0.50;225.35;3.33;750;11;1206.00;8
2828;11;624096695;2828;203;3573;3580;8.30;0.51;225.25;3.33;745;11;1207.00;7
2831;11;624096705;2831;198;3575;3580;8.36;0.51;225.30;3.33;744;11;1208.00;5
2834;11;624096715;2834;202;3575;3580;8.36;0.51;225.44;3.33;741;11;1209.00;5
2836;11;624096724;2836;206;3582;3586;8.36;0.51;225.54;3.33;746;11;1210.00;4
2841;11;624096734;2841;207;3582;3586;8.37;0.51;225.63;3.33;741;11;1211.00;4
2845;11;624096744;2845;208;3582;3586;8.35;0.51;225.66;3.33;737;11;1212.00;4
2847;11;624096753;2847;208;3582;3586;8.40;0.52;225.70;3.33;735;11;1213.00;4
2853;11;624096763;2853;211;3586;3590;8.43;0.52;225.75;3.32;733;11;1214.00;4
2858;11;624096774;2858;209;3588;3592;8.40;0.52;225.71;3.32;730;11;1215.00;4
2861;11;624096784;2861;214;3589;3592;8.40;0.51;225.84;3.33;728;11;1216.00;3
2864;11;624096793;2864;212;3590;3593;8.40;0.51;225.89;3.33;726;11;1217.00;3
2866;11;624096803;2866;209;3590;3593;8.37;0.51;225.92;3.33;724;11;1218.00;3
2870;11;624096812;2870;208;3590;3593;8.36;0.51;226.05;3.33;720;11;1219.00;3
2874;11;624096821;2874;208;3590;3593;8.36;0.51;226.02;3.33;716;11;1220.00;3
2883;11;624096830;2883;209;3590;3593;8.26;0.50;226.14;3.33;707;11;1221.00;3
2888;11;624096840;2888;212;3591;3593;8.08;0.49;226.12;3.33;703;11;1222.00;2
2893;11;624096850;2893;213;3591;3593;7.97;0.49;226.07;3.33;698;11;1223.00;2
2897;11;624096865;2897;229;3631;3663;7.85;0.48;226.04;3.29;734;11;1224.00;32
2901;11;624096880;2901;224;3633;3664;7.82;0.48;225.95;3.29;732;11;1225.00;31
2905;11;624096889;2905;232;3639;3664;7.87;0.48;225.97;3.29;734;11;1226.00;25
2908;11;624096899;2908;229;3639;3664;7.83;0.48;225.93;3.29;731;11;1227.00;25
2912;11;624096908;2912;235;3643;3666;7.79;0.48;225.90;3.30;731;11;1228.00;23
2914;11;624096918;2914;230;3644;3666;7.79;0.48;225.91;3.30;730;11;1229.00;22
2915;11;624096929;2915;236;3648;3666;7.79;0.48;225.90;3.30;733;11;1230.00;18
2915;11;624096938;2915;242;3649;3666;7.79;0.48;225.90;3.30;734;11;1231.00;17
2916;11;624096947;2916;244;3651;3667;7.77;0.48;225.91;3.30;735;11;1232.00;16
2916;11;624096957;2916;250;3655;3668;7.72;0.47;225.91;3.32;739;11;1233.00;13
2920;11;624096968;2920;265;3658;3668;7.59;0.46;225.96;3.32;738;11;1234.00;10
2925;11;624096977;2925;267;3663;3672;7.46;0.46;226.12;3.33;738;11;1235.00;9
2925;11;624096988;2925;279;3666;3672;7.47;0.46;226.12;3.33;741;11;1236.00;6
2926;11;624096997;2926;277;3668;3672;7.46;0.46;226.12;3.34;742;11;1237.00;4
2929;11;624097007;2929;275;3670;3672;7.48;0.46;226.16;3.34;741;11;1238.00;2
2933;11;624097017;2933;268;3677;3678;7.53;0.46;226.10;3.34;744;11;1239.00;1
2934;11;624097028;2934;263;3678;3678;7.63;0.47;226.08;3.34;744;11;1240.00;0
2938;11;624097038;2938;261;3678;3678;7.67;0.47;226.06;3.34;740;11;1241.00;0
2939;11;624097048;2939;264;3680;3681;7.74;0.47;226.09;3.34;741;11;1242.00;1
2942;11;624097058;2942;262;3680;3681;7.79;0.48;225.94;3.34;738;11;1243.00;1
2945;11;624097068;2945;269;3681;3681;7.83;0.48;225.94;3.34;736;11;1244.00;0
2947;11;624097078;2947;266;3682;3682;7.77;0.47;225.95;3.34;735;11;1245.00;0
2949;11;624097088;2949;252;3683;3683;7.76;0.47;226.06;3.33;734;11;1246.00;0
2952;11;624097098;2952;236;3683;3683;7.74;0.47;226.11;3.33;731;11;1247.00;0
2954;11;624097108;2954;231;3696;3696;7.84;0.48;226.14;3.32;742;11;1248.00;0
2956;11;624097120;2956;229;3696;3696;7.84;0.48;226.12;3.32;740;11;1249.00;0
2958;11;624097130;2958;230;3696;3696;7.87;0.48;226.12;3.32;738;11;1250.00;0
2960;11;624097141;2960;230;3697;3697;7.94;0.49;226.09;3.32;737;11;1251.00;0
2963;11;624097154;2963;225;3697;3697;8.00;0.49;225.97;3.32;734;11;1252.00;0
2965;11;624097168;2965;224;3701;3701;8.14;0.50;226.01;3.32;736;11;1253.00;0
2967;11;624097184;2967;225;3701;3701;8.29;0.51;225.97;3.32;734;11;1254.00;0
2972;11;624097195;2972;225;3705;3705;8.35;0.51;225.90;3.32;733;11;1255.00;0
2975;11;624097207;2975;228;3705;3705;8.44;0.51;225.78;3.32;730;11;1256.00;0
2978;11;624097217;2978;226;3705;3705;8.56;0.52;226.03;3.32;727;11;1257.00;0
2980;11;624097226;2980;225;3705;3705;8.54;0.52;225.97;3.32;725;11;1258.00;0
2981;11;624097235;2981;228;3705;3705;8.56;0.52;225.96;3.32;724;11;1259.00;0
2986;11;624097245;2986;229;3735;3739;8.51;0.52;225.96;3.29;749;11;1260.00;4
2986;11;624097257;2986;233;3735;3739;8.52;0.52;225.96;3.29;749;11;1261.00;4
2989;11;624097266;2989;240;3738;3739;8.62;0.53;225.85;3.29;749;11;1262.00;1
2992;11;624097276;2992;236;3738;3739;8.65;0.53;225.79;3.29;746;11;1263.00;1
2992;11;624097285;2992;236;3739;3739;8.75;0.53;225.79;3.29;747;11;1264.00;0
2993;11;624097293;2993;239;3739;3739;8.85;0.54;225.75;3.29;746;11;1265.00;0
2993;11;624097302;2993;243;3739;3740;8.93;0.54;225.75;3.29;746;11;1266.00;1
2995;11;624097311;2995;244;3739;3740;8.95;0.55;225.67;3.29;744;11;1267.00;1
2996;11;624097319;2996;250;3744;3746;8.94;0.54;225.60;3.29;748;11;1268.00;2
2998;12;624097329;2998;247;3745;3747;8.97;0.55;225.60;3.29;747;12;1269.00;2
3000;12;624097353;3000;250;3745;3747;8.95;0.54;225.49;3.29;745;12;1270.00;2
3000;12;624097363;3000;252;3745;3747;8.98;0.55;225.49;3.29;745;12;1271.00;2
3001;12;624097371;3001;256;3748;3751;8.97;0.55;225.46;3.28;747;12;1272.00;3
3006;12;624097380;3006;256;3748;3751;8.93;0.54;225.49;3.28;742;12;1273.00;3
3006;12;624097389;3006;255;3748;3751;8.90;0.54;225.49;3.28;742;12;1274.00;3
3008;12;624097398;3008;259;3749;3752;8.86;0.54;225.42;3.28;741;12;1275.00;3
3010;12;624097406;3010;260;3752;3756;8.86;0.54;225.46;3.28;742;12;1276.00;4
3012;12;624097415;3012;259;3752;3756;8.85;0.54;225.50;3.28;740;12;1277.00;4
3013;12;624097424;3013;260;3754;3759;8.86;0.54;225.43;3.28;741;12;1278.00;5
3014;12;624097433;3014;258;3754;3759;8.90;0.54;225.43;3.28;740;12;1279.00;5
3015;12;624097442;3015;253;3755;3759;8.95;0.54;225.37;3.28;740;12;1280.00;4
3015;12;624097450;3015;254;3755;3759;8.95;0.54;225.37;3.28;740;12;1281.00;4
3016;12;624097458;3016;254;3759;3763;9.06;0.55;225.38;3.28;743;12;1282.00;4
3017;12;624097468;3017;240;3759;3763;9.14;0.56;225.37;3.28;742;12;1283.00;4
3020;12;624097477;3020;235;3759;3763;9.27;0.56;225.36;3.28;739;12;1284.00;4
3024;12;624097486;3024;234;3759;3763;9.37;0.57;225.44;3.28;735;12;1285.00;4
3026;12;624097496;3026;226;3759;3764;9.52;0.58;225.40;3.28;733;12;1286.00;5
3028;12;624097505;3028;221;3760;3765;9.67;0.59;225.39;3.28;732;12;1287.00;5
3029;12;624097515;3029;216;3760;3765;9.80;0.59;225.41;3.28;731;12;1288.00;5
3032;12;624097525;3032;209;3761;3766;9.87;0.60;225.35;3.27;729;12;1289.00;5
3036;12;624097536;3036;197;3761;3766;9.89;0.60;225.31;3.27;725;12;1290.00;5
3036;13;624097546;3036;197;3761;3766;9.95;0.60;225.31;3.27;725;13;1291.00;5
3040;13;624097565;3040;187;3761;3766;9.97;0.60;225.19;3.27;721;13;1292.00;5
3041;14;624097574;3041;192;3761;3766;10.01;0.61;225.18;3.27;720;14;1293.00;5
3044;14;624097589;3044;190;3762;3766;10.11;0.61;225.09;3.28;718;14;1294.00;4
3044;14;624097599;3044;183;3763;3766;10.15;0.61;225.09;3.29;719;14;1295.00;3
3046;14;624097613;3046;192;3825;3893;10.10;0.62;225.03;3.23;779;14;1296.00;68
3047;14;624097632;3047;183;3825;3894;10.14;0.62;224.96;3.23;778;14;1297.00;69
3048;14;624097648;3048;177;3834;3894;10.27;0.63;224.93;3.23;786;14;1298.00;60
3049;15;624097658;3049;172;3837;3894;10.31;0.63;224.90;3.23;788;15;1299.00;57
3049;15;624097678;3049;167;3842;3894;10.39;0.64;224.90;3.23;793;15;1300.00;52
3050;15;624097691;3050;166;3844;3894;10.40;0.64;224.88;3.23;794;15;1301.00;50
3051;15;624097704;3051;160;3847;3894;10.45;0.64;224.85;3.24;796;15;1302.00;47
3052;15;624097714;3052;159;3850;3894;10.53;0.65;224.81;3.24;798;15;1303.00;44
3055;15;624097724;3055;160;3852;3895;10.60;0.65;224.75;3.24;797;15;1304.00;43
3060;15;624097734;3060;160;3857;3897;10.67;0.65;224.65;3.25;797;15;1305.00;40
3062;15;624097744;3062;164;3859;3897;10.70;0.66;224.79;3.25;797;15;1306.00;38
3063;15;624097754;3063;173;3863;3898;10.72;0.66;224.81;3.26;800;15;1307.00;35
3066;15;624097765;3066;172;3865;3898;10.64;0.65;224.84;3.26;799;15;1308.00;33
3069;15;624097775;3069;170;3866;3898;10.59;0.65;224.80;3.26;797;15;1309.00;32
3075;15;624097785;3075;177;3868;3898;10.54;0.64;224.85;3.27;793;15;1310.00;30
3077;15;624097795;3077;181;3875;3902;10.42;0.64;224.90;3.28;798;15;1311.00;27
3079;15;624097805;3079;183;3879;3902;10.32;0.63;224.94;3.30;800;15;1312.00;23
3083;15;624097815;3083;188;3883;3902;10.18;0.62;224.87;3.31;800;15;1313.00;19
3085;15;624097830;3085;188;3885;3905;10.09;0.62;224.93;3.32;800;15;1314.00;20
3087;15;624097840;3087;195;3886;3905;10.00;0.61;224.96;3.32;799;15;1315.00;19
3088;15;624097850;3088;201;3889;3905;9.94;0.61;224.98;3.33;801;15;1316.00;16
3092;15;624097860;3092;209;3894;3909;9.87;0.60;225.08;3.34;802;15;1317.00;15
3094;15;624097871;3094;210;3895;3910;9.82;0.60;225.17;3.34;801;15;1318.00;15
3094;15;624097880;3094;214;3896;3910;9.80;0.60;225.17;3.34;802;15;1319.00;14
3097;15;624097892;3097;220;3905;3915;9.75;0.59;225.29;3.36;808;15;1320.00;10
3097;15;624097902;3097;223;3905;3915;9.62;0.59;225.29;3.36;808;15;1321.00;10
3101;15;624097911;3101;223;3905;3915;9.54;0.58;225.45;3.36;804;15;1322.00;10
3103;15;624097921;3103;232;3907;3916;9.44;0.57;225.68;3.37;804;15;1323.00;9
3107;15;624097932;3107;235;3907;3916;9.36;0.57;225.76;3.37;800;15;1324.00;9
3110;15;624097942;3110;237;3913;3922;9.33;0.57;225.81;3.36;803;15;1325.00;9
3114;15;624097952;3114;243;3914;3922;9.23;0.56;225.97;3.37;800;15;1326.00;8
3115;15;624097962;3115;248;3914;3923;9.11;0.55;226.03;3.37;799;15;1327.00;9
3118;15;624097972;3118;252;3914;3923;8.97;0.54;226.16;3.37;796;15;1328.00;9
3119;15;624097981;3119;253;3917;3923;8.88;0.54;226.25;3.39;798;15;1329.00;6
3120;15;624097991;3120;255;3917;3923;8.78;0.53;226.25;3.39;797;15;1330.00;6
3121;15;624098000;3121;264;3919;3923;8.70;0.53;226.26;3.41;798;15;1331.00;4
3124;15;624098010;3124;271;3928;3935;8.63;0.53;226.30;3.40;804;15;1332.00;7
3126;15;624098020;3126;279;3930;3935;8.55;0.52;226.33;3.41;804;15;1333.00;5
3129;15;624098030;3129;279;3932;3935;8.43;0.51;226.55;3.41;803;15;1334.00;3
3133;15;624098040;3133;287;3932;3935;8.29;0.50;226.61;3.41;799;15;1335.00;3
3135;15;624098049;3135;300;3933;3935;8.22;0.50;226.69;3.41;798;15;1336.00;2
3136;15;624098058;3136;303;3933;3935;8.11;0.49;226.76;3.41;797;15;1337.00;2
3139;15;624098067;3139;309;3939;3939;7.94;0.48;226.92;3.41;800;15;1338.00;0
3140;15;624098077;3140;306;3939;3939;7.84;0.48;226.99;3.41;799;15;1339.00;0
3141;15;624098086;3141;302;3943;3943;7.89;0.48;227.06;3.41;802;15;1340.00;0
3143;15;624098096;3143;303;3944;3944;7.83;0.48;227.15;3.41;801;15;1341.00;0
3144;15;624098106;3144;299;3944;3944;7.77;0.48;227.17;3.41;800;15;1342.00;0
3146;15;624098115;3146;300;3944;3944;7.72;0.47;227.18;3.41;798;15;1343.00;0
3148;15;624098124;3148;303;3956;3957;7.73;0.47;227.22;3.40;808;15;1344.00;1
3152;15;624098135;3152;301;3956;3957;7.71;0.47;227.24;3.40;804;15;1345.00;1
3154;15;624098144;3154;301;3957;3957;7.74;0.47;227.28;3.40;803;15;1346.00;0
3157;15;624098154;3157;305;3958;3958;7.79;0.48;227.51;3.40;801;15;1347.00;0
3158;15;624098168;3158;306;3959;3959;7.85;0.48;227.58;3.40;801;15;1348.00;0
3161;15;624098184;3161;304;3959;3959;7.88;0.48;227.63;3.40;798;15;1349.00;0
3162;15;624098201;3162;305;3966;3968;7.87;0.48;227.71;3.39;804;15;1350.00;2
3165;15;624098220;3165;304;3966;3968;7.87;0.48;227.80;3.39;801;15;1351.00;2
3167;15;624098238;3167;306;3967;3968;7.87;0.48;227.82;3.39;800;15;1352.00;1
3171;15;624098251;3171;306;3967;3968;7.80;0.48;227.96;3.39;796;15;1353.00;1
3175;15;624098266;3175;305;3973;3974;7.75;0.47;228.01;3.39;798;15;1354.00;1
3179;15;624098279;3179;301;3974;3974;7.59;0.46;228.12;3.39;795;15;1355.00;0
3183;15;624098290;3183;298;3974;3974;7.54;0.46;228.15;3.39;791;15;1356.00;0
3188;15;624098301;3188;299;3974;3974;7.45;0.46;228.44;3.39;786;15;1357.00;0
3191;15;624098311;3191;302;3978;3978;7.36;0.45;228.47;3.39;787;15;1358.00;0
3194;15;624098322;3194;302;3979;3979;7.32;0.45;228.51;3.38;785;15;1359.00;0
3198;15;624098331;3198;291;3979;3979;7.27;0.44;228.50;3.38;781;15;1360.00;0
3203;15;624098341;3203;294;3980;3980;7.23;0.44;228.79;3.38;777;15;1361.00;0
3205;15;624098350;3205;286;3980;3980;7.26;0.45;228.93;3.38;775;15;1362.00;0
3209;15;624098360;3209;278;3980;3980;7.28;0.45;229.14;3.38;771;15;1363.00;0
3213;15;624098370;3213;275;3980;3980;7.29;0.45;229.15;3.38;767;15;1364.00;0
3219;15;624098380;3219;270;3980;3980;7.29;0.45;229.33;3.38;761;15;1365.00;0
3223;15;624098391;3223;262;3980;3980;7.35;0.45;229.34;3.38;757;15;1366.00;0
3225;15;624098401;3225;259;3980;3980;7.46;0.46;229.45;3.38;755;15;1367.00;0
3229;15;624098410;3229;264;4017;4050;7.69;0.47;229.50;3.35;788;15;1368.00;33
3233;15;624098426;3233;249;4021;4051;7.75;0.48;229.62;3.35;788;15;1369.00;30
3236;15;624098436;3236;243;4027;4051;7.80;0.48;229.70;3.35;791;15;1370.00;24
3241;15;624098446;3241;242;4027;4051;7.78;0.48;229.65;3.35;786;15;1371.00;24
3243;15;624098456;3243;235;4031;4051;7.83;0.48;229.70;3.35;788;15;1372.00;20
3247;15;624098466;3247;238;4034;4051;7.84;0.48;229.82;3.35;787;15;1373.00;17
3248;15;624098477;3248;247;4037;4051;7.83;0.48;229.83;3.35;789;15;1374.00;14
3256;15;624098487;3256;252;4040;4051;7.75;0.47;230.09;3.35;784;15;1375.00;11
3259;15;624098498;3259;246;4041;4052;7.80;0.48;230.10;3.36;782;15;1376.00;11
3266;15;624098508;3266;253;4044;4053;7.71;0.47;230.23;3.36;778;15;1377.00;9
3273;15;624098518;3273;255;4045;4053;7.69;0.47;230.21;3.36;772;15;1378.00;8
3276;15;624098529;3276;255;4052;4057;7.66;0.47;230.25;3.37;776;15;1379.00;5
3278;15;624098551;3278;258;4053;4057;7.67;0.47;230.23;3.37;775;15;1380.00;4
3281;15;624098561;3281;258;4053;4057;7.71;0.47;230.25;3.37;772;15;1381.00;4
3285;15;624098571;3285;264;4053;4057;7.69;0.47;230.32;3.37;768;15;1382.00;4
3289;15;624098581;3289;260;4059;4063;7.72;0.47;230.35;3.36;770;15;1383.00;4
3297;15;624098592;3297;263;4060;4063;7.66;0.47;230.55;3.37;763;15;1384.00;3
3301;15;624098602;3301;265;4061;4063;7.66;0.47;230.61;3.37;760;15;1385.00;2
3305;15;624098612;3305;269;4063;4066;7.64;0.47;230.90;3.37;758;15;1386.00;3
3311;15;624098622;3311;268;4064;4066;7.57;0.46;230.92;3.37;753;15;1387.00;2
3318;15;624098632;3318;264;4066;4066;7.47;0.45;230.90;3.37;748;15;1388.00;0
3320;15;624098642;3320;264;4067;4067;7.46;0.45;230.96;3.37;747;15;1389.00;0
3324;15;624098652;3324;269;4068;4068;7.40;0.45;231.18;3.37;744;15;1390.00;0
3329;15;624098663;3329;267;4068;4068;7.27;0.44;231.23;3.37;739;15;1391.00;0
3330;15;624098672;3330;268;4081;4081;7.32;0.44;231.28;3.36;751;15;1392.00;0
3335;15;624098682;3335;270;4081;4081;7.23;0.44;231.22;3.36;746;15;1393.00;0
3340;15;624098691;3340;269;4081;4081;7.13;0.43;231.26;3.36;741;15;1394.00;0
3342;15;624098700;3342;273;4083;4083;7.04;0.43;231.41;3.36;741;15;1395.00;0
3346;15;624098709;3346;273;4083;4083;6.92;0.42;231.38;3.36;737;15;1396.00;0
3348;15;624098718;3348;277;4087;4087;6.84;0.42;231.33;3.36;739;15;1397.00;0
3352;15;624098727;3352;284;4087;4087;6.69;0.41;231.44;3.36;735;15;1398.00;0
3357;15;624098736;3357;285;4091;4091;6.65;0.41;231.47;3.35;734;15;1399.00;0
3359;15;624098746;3359;290;4091;4091;6.60;0.40;231.56;3.35;732;15;1400.00;0
3360;15;624098760;3360;298;4091;4091;6.53;0.40;231.57;3.35;731;15;1401.00;0
3360;15;624098770;3360;300;4091;4091;6.46;0.40;231.57;3.35;731;15;1402.00;0
3364;15;624098779;3364;308;4091;4091;6.37;0.39;231.64;3.35;727;15;1403.00;0
3367;15;624098787;3367;314;4102;4103;6.41;0.39;231.65;3.35;735;15;1404.00;1
3370;15;624098797;3370;315;4102;4103;6.35;0.39;231.61;3.35;732;15;1405.00;1
3371;15;624098806;3371;316;4103;4103;6.40;0.39;231.70;3.34;732;15;1406.00;0
3371;15;624098815;3371;313;4103;4103;6.46;0.39;231.70;3.34;732;15;1407.00;0
3374;15;624098823;3374;312;4103;4103;6.46;0.39;231.81;3.34;729;15;1408.00;0
3376;15;624098833;3376;306;4103;4103;6.47;0.39;231.75;3.34;727;15;1409.00;0
3379;15;624098845;3379;300;4104;4104;6.48;0.40;231.66;3.34;725;15;1410.00;0
3382;15;624098854;3382;298;4104;4104;6.48;0.39;231.58;3.34;722;15;1411.00;0
3383;15;624098864;3383;303;4110;4110;6.58;0.40;231.69;3.34;727;15;1412.00;0
3384;15;624098874;3384;299;4111;4111;6.59;0.40;231.65;3.34;727;15;1413.00;0
3385;15;624098883;3385;304;4111;4111;6.65;0.40;231.65;3.34;726;15;1414.00;0
3386;15;624098893;3386;303;4111;4111;6.69;0.41;231.66;3.34;725;15;1415.00;0
3389;15;624098901;3389;288;4115;4115;6.75;0.41;231.57;3.34;726;15;1416.00;0
3391;15;624098911;3391;284;4115;4115;6.81;0.42;231.50;3.34;724;15;1417.00;0
3392;15;624098920;3392;283;4115;4115;6.89;0.42;231.47;3.34;723;15;1418.00;0
3398;15;624098929;3398;275;4116;4116;6.91;0.42;231.32;3.34;718;15;1419.00;0
3401;15;624098948;3401;270;4120;4120;6.96;0.42;231.23;3.33;719;15;1420.00;0
3403;15;624098958;3403;270;4120;4120;7.03;0.43;231.30;3.33;717;15;1421.00;0
3404;15;624098968;3404;268;4122;4123;7.17;0.44;231.34;3.33;718;15;1422.00;1
3404;15;624098978;3404;270;4122;4123;7.21;0.44;231.34;3.33;718;15;1423.00;1
3409;15;624098988;3409;263;4123;4123;7.22;0.44;231.20;3.33;714;15;1424.00;0
3410;15;624098998;3410;266;4123;4123;7.27;0.44;231.16;3.33;713;15;1425.00;0
3411;15;624099007;3411;268;4127;4127;7.37;0.45;231.17;3.33;716;15;1426.00;0
3413;15;624099018;3413;268;4127;4127;7.40;0.45;231.10;3.33;714;15;1427.00;0
3414;15;624099026;3414;267;4127;4127;7.50;0.46;231.05;3.33;713;15;1428.00;0
3416;15;624099036;3416;269;4127;4127;7.57;0.46;231.10;3.33;711;15;1429.00;0
3416;15;624099045;3416;266;4128;4128;7.62;0.46;231.10;3.33;712;15;1430.00;0
3417;15;624099054;3417;262;4129;4129;7.73;0.47;231.13;3.33;712;15;1431.00;0
3421;15;624099063;3421;262;4129;4129;7.72;0.47;231.07;3.33;708;15;1432.00;0
3423;15;624099071;3423;258;4130;4130;7.76;0.47;231.06;3.33;707;15;1433.00;0
3425;15;624099081;3425;252;4130;4130;7.80;0.47;230.99;3.33;705;15;1434.00;0
3425;15;624099090;3425;241;4130;4130;7.88;0.48;230.99;3.33;705;15;1435.00;0
3425;15;624099099;3425;238;4130;4130;8.02;0.49;230.99;3.33;705;15;1436.00;0
3428;15;624099108;3428;233;4130;4130;8.10;0.49;230.97;3.33;702;15;1437.00;0
3428;15;624099118;3428;227;4130;4130;8.26;0.50;230.97;3.33;702;15;1438.00;0
3428;15;624099127;3428;222;4130;4130;8.44;0.51;230.97;3.33;702;15;1439.00;0
3428;16;624099138;3428;273;4255;4360;8.41;0.52;230.97;3.23;827;16;1440.00;105
3430;16;624099184;3430;254;4260;4361;8.59;0.53;231.04;3.23;830;16;1441.00;101
3430;17;624099196;3430;227;4269;4361;8.86;0.55;231.04;3.23;839;17;1442.00;92
3430;17;624099219;3430;220;4275;4361;8.96;0.56;231.04;3.23;845;17;1443.00;86
3431;17;624099229;3431;216;4284;4361;9.13;0.57;231.06;3.23;853;17;1444.00;77
3435;17;624099244;3435;215;4286;4361;9.19;0.57;231.01;3.23;851;17;1445.00;75
3439;18;624099255;3439;212;4292;4361;9.29;0.57;231.02;3.23;853;18;1446.00;69
3439;18;624099273;3439;214;4297;4361;9.38;0.58;231.02;3.24;858;18;1447.00;64
3441;18;624099289;3441;213;4302;4362;9.42;0.58;231.00;3.24;861;18;1448.00;60
3441;18;624099308;3441;215;4308;4363;9.39;0.58;231.00;3.25;867;18;1449.00;55
3442;18;624099319;3442;226;4313;4363;9.31;0.57;230.98;3.26;871;18;1450.00;50
3443;18;624099329;3443;226;4313;4364;9.27;0.57;230.94;3.26;870;18;1451.00;51
3445;18;624099340;3445;229;4316;4364;9.22;0.57;231.09;3.26;871;18;1452.00;48
3447;18;624099350;3447;232;4319;4364;9.19;0.56;231.08;3.27;872;18;1453.00;45
3448;18;624099360;3448;235;4319;4364;9.24;0.57;231.07;3.27;871;18;1454.00;45
3449;18;624099370;3449;246;4321;4368;9.23;0.57;231.05;3.27;872;18;1455.00;47
3452;18;624099381;3452;253;4322;4368;9.20;0.56;231.17;3.28;870;18;1456.00;46
3457;18;624099392;3457;247;4323;4368;9.17;0.56;231.29;3.28;866;18;1457.00;45
3457;18;624099402;3457;252;4323;4371;9.23;0.56;231.29;3.28;866;18;1458.00;48
3459;18;624099413;3459;248;4324;4371;9.22;0.56;231.43;3.28;865;18;1459.00;47
3460;18;624099424;3460;252;4326;4371;9.26;0.57;231.41;3.28;866;18;1460.00;45
3463;18;624099435;3463;250;4329;4375;9.29;0.57;231.43;3.28;866;18;1461.00;46
3464;18;624099446;3464;247;4330;4376;9.36;0.57;231.44;3.28;866;18;1462.00;46
3467;18;624099457;3467;239;4333;4376;9.39;0.57;231.53;3.29;866;18;1463.00;43
3469;18;624099468;3469;239;4334;4380;9.47;0.58;231.57;3.29;865;18;1464.00;46
3472;18;624099479;3472;238;4337;4380;9.51;0.58;231.46;3.30;865;18;1465.00;43
3474;18;624099496;3474;227;4338;4380;9.60;0.58;231.48;3.31;864;18;1466.00;42
3475;18;624099508;3475;226;4338;4381;9.67;0.59;231.45;3.31;863;18;1467.00;43
3481;18;624099519;3481;229;4339;4381;9.71;0.59;231.52;3.31;858;18;1468.00;42
3486;18;624099531;3486;225;4342;4387;9.76;0.59;231.52;3.31;856;18;1469.00;45
3489;19;624099544;3489;218;4343;4387;9.78;0.59;231.54;3.31;854;19;1470.00;44
3491;19;624099572;3491;218;4344;4388;9.83;0.60;231.53;3.32;853;19;1471.00;44
3494;19;624099583;3494;217;4345;4388;9.84;0.60;231.47;3.32;851;19;1472.00;43
3498;19;624099593;3498;212;4345;4388;9.87;0.60;231.51;3.32;847;19;1473.00;43
3500;19;624099611;3500;216;4346;4388;9.91;0.60;231.51;3.33;846;19;1474.00;42
3504;19;624099622;3504;211;4347;4388;9.92;0.60;231.50;3.33;843;19;1475.00;41
3504;19;624099633;3504;217;4357;4400;9.99;0.61;231.50;3.33;853;19;1476.00;43
3507;19;624099650;3507;211;4359;4400;9.90;0.60;231.62;3.34;852;19;1477.00;41
3509;19;624099662;3509;212;4360;4400;9.88;0.60;231.69;3.35;851;19;1478.00;40
3511;19;624099672;3511;209;4361;4400;9.83;0.60;231.74;3.35;850;19;1479.00;39
3512;19;624099683;3512;212;4363;4400;9.79;0.60;231.76;3.37;851;19;1480.00;37
3514;19;624099694;3514;216;4366;4400;9.77;0.59;231.75;3.39;852;19;1481.00;34
3515;19;624099705;3515;213;4370;4404;9.74;0.59;231.82;3.40;855;19;1482.00;34
3517;19;624099721;3517;224;4376;4404;9.65;0.59;231.89;3.43;859;19;1483.00;28
3520;19;624099732;3520;223;4379;4408;9.59;0.58;232.01;3.43;859;19;1484.00;29
3522;19;624099744;3522;232;4382;4410;9.47;0.58;232.01;3.43;860;19;1485.00;28
3524;19;624099762;3524;236;4383;4410;9.35;0.57;232.04;3.43;859;19;1486.00;27
3527;19;624099773;3527;244;4384;4410;9.29;0.56;232.04;3.44;857;19;1487.00;26
3529;19;624099786;3529;255;4393;4423;9.24;0.56;232.03;3.44;864;19;1488.00;30
3531;19;624099798;3531;256;4394;4423;9.23;0.56;232.13;3.45;863;19;1489.00;29
3532;19;624099809;3532;258;4396;4423;9.22;0.56;232.16;3.47;864;19;1490.00;27
3533;19;624099819;3533;258;4398;4424;9.23;0.56;232.15;3.48;865;19;1491.00;26
3535;19;624099830;3535;262;4400;4425;9.21;0.56;232.17;3.50;865;19;1492.00;25
3538;19;624099843;3538;268;4401;4425;9.19;0.56;232.16;3.51;863;19;1493.00;24
3542;19;624099855;3542;274;4406;4428;9.12;0.56;232.23;3.54;864;19;1494.00;22
3544;19;624099866;3544;278;4406;4428;9.13;0.56;232.36;3.54;862;19;1495.00;22
3548;19;624099883;3548;286;4409;4428;9.14;0.56;232.38;3.56;861;19;1496.00;19
3550;19;624099894;3550;290;4410;4428;9.15;0.56;232.38;3.57;860;19;1497.00;18
3553;19;624099925;3553;291;4417;4434;9.16;0.56;232.52;3.58;864;19;1498.00;17
3553;19;624099937;3553;295;4420;4434;9.14;0.56;232.52;3.60;867;19;1499.00;14
3557;19;624099951;3557;304;4424;4453;8.99;0.55;232.62;3.60;867;19;1500.00;29
3558;19;624099971;3558;304;4427;4453;8.89;0.54;232.70;3.61;869;19;1501.00;26
3559;19;624099982;3559;308;4430;4457;8.74;0.53;232.70;3.61;871;19;1502.00;27
3562;19;624099993;3562;308;4431;4458;8.65;0.53;232.87;3.61;869;19;1503.00;27
3565;19;624100004;3565;315;4433;4458;8.56;0.52;232.91;3.62;868;19;1504.00;25
3566;19;624100015;3566;322;4436;4459;8.49;0.52;232.86;3.62;870;19;1505.00;23
3570;19;624100025;3570;324;4437;4459;8.39;0.51;233.07;3.62;867;19;1506.00;22
3573;19;624100036;3573;326;4439;4459;8.26;0.51;233.15;3.63;866;19;1507.00;20
3577;19;624100046;3577;331;4439;4459;8.13;0.50;233.20;3.63;862;19;1508.00;20
3583;19;624100056;3583;328;4439;4459;8.04;0.49;233.23;3.63;856;19;1509.00;20
3585;19;624100067;3585;325;4441;4459;7.97;0.49;233.22;3.63;856;19;1510.00;18
3588;19;624100077;3588;326;4443;4459;7.91;0.48;233.31;3.63;855;19;1511.00;16
3591;19;624100087;3591;333;4481;4529;7.78;0.48;233.39;3.60;890;19;1512.00;48
3594;19;624100103;3594;326;4485;4530;7.76;0.48;233.36;3.60;891;19;1513.00;45
3595;19;624100114;3595;322;4493;4530;7.77;0.48;233.32;3.60;898;19;1514.00;37
3599;19;624100124;3599;323;4493;4530;7.73;0.47;233.40;3.60;894;19;1515.00;37
3601;19;624100135;3601;327;4497;4530;7.77;0.48;233.50;3.60;896;19;1516.00;33
3606;19;624100146;3606;326;4501;4530;7.79;0.48;233.60;3.61;895;19;1517.00;29
3609;19;624100157;3609;327;4502;4530;7.83;0.48;233.57;3.61;893;19;1518.00;28
3610;19;624100173;3610;325;4503;4530;7.84;0.48;233.63;3.61;893;19;1519.00;27
3613;19;624100191;3613;326;4504;4531;7.89;0.48;233.58;3.61;891;19;1520.00;27
3615;19;624100207;3615;325;4506;4532;7.91;0.48;233.60;3.61;891;19;1521.00;26
3617;19;624100227;3617;324;4507;4532;7.88;0.48;233.59;3.62;890;19;1522.00;25
3622;20;624100243;3622;330;4513;4536;7.74;0.47;233.72;3.62;891;20;1523.00;23
3626;20;624100286;3626;324;4515;4536;7.64;0.47;233.82;3.63;889;20;1524.00;21
3631;20;624100298;3631;329;4515;4536;7.49;0.46;233.85;3.63;884;20;1525.00;21
3634;20;624100310;3634;330;4515;4536;7.34;0.45;233.83;3.63;881;20;1526.00;21
3638;20;624100322;3638;334;4519;4542;7.18;0.44;234.03;3.62;881;20;1527.00;23
3638;20;624100334;3638;340;4520;4542;6.98;0.43;234.03;3.63;882;20;1528.00;22
3643;20;624100345;3643;344;4521;4542;6.75;0.42;234.27;3.63;878;20;1529.00;21
3647;20;624100358;3647;343;4525;4548;6.62;0.41;234.59;3.64;878;20;1530.00;23
3648;20;624100370;3648;346;4526;4548;6.54;0.40;234.66;3.64;878;20;1531.00;22
3653;20;624100381;3653;337;4527;4548;6.45;0.40;234.68;3.65;874;20;1532.00;21
3657;20;624100392;3657;338;4529;4549;6.41;0.39;234.64;3.65;872;20;1533.00;20
3660;20;624100402;3660;337;4530;4550;6.44;0.40;234.68;3.65;870;20;1534.00;20
3663;20;624100413;3663;332;4531;4550;6.43;0.40;234.80;3.65;868;20;1535.00;19
3666;20;624100424;3666;339;4544;4563;6.48;0.40;234.92;3.65;878;20;1536.00;19
3674;20;624100437;3674;333;4545;4563;6.44;0.39;235.13;3.65;871;20;1537.00;18
3677;20;624100448;3677;333;4545;4563;6.48;0.40;235.41;3.65;868;20;1538.00;18
3680;20;624100459;3680;332;4548;4564;6.52;0.40;235.52;3.66;868;20;1539.00;16
3682;20;624100469;3682;330;4551;4564;6.61;0.41;235.58;3.68;869;20;1540.00;13
3685;20;624100480;3685;326;4557;4568;6.68;0.41;235.70;3.68;872;20;1541.00;11
3688;20;624100491;3688;325;4558;4568;6.68;0.41;235.82;3.68;870;20;1542.00;10
3694;20;624100501;3694;326;4562;4572;6.67;0.41;235.87;3.68;868;20;1543.00;10
3697;20;624100513;3697;322;4563;4572;6.60;0.40;236.00;3.68;866;20;1544.00;9
3702;20;624100523;3702;317;4564;4572;6.52;0.40;236.21;3.68;862;20;1545.00;8
3706;20;624100534;3706;322;4565;4572;6.51;0.40;236.25;3.68;859;20;1546.00;7
3710;20;624100544;3710;318;4565;4572;6.41;0.39;236.36;3.68;855;20;1547.00;7
3714;20;624100554;3714;322;4574;4584;6.41;0.39;236.34;3.68;860;20;1548.00;10
3717;20;624100565;3717;322;4575;4584;6.41;0.39;236.39;3.68;858;20;1549.00;9
3718;20;624100574;3718;327;4577;4584;6.48;0.40;236.44;3.68;859;20;1550.00;7
3719;20;624100584;3719;327;4577;4584;6.48;0.40;236.48;3.68;858;20;1551.00;7
3721;20;624100594;3721;330;4577;4584;6.53;0.40;236.54;3.68;856;20;1552.00;7
3723;20;624100604;3723;330;4577;4584;6.52;0.40;236.56;3.68;854;20;1553.00;7
3726;20;624100614;3726;326;4578;4585;6.53;0.40;236.55;3.67;852;20;1554.00;7
3732;20;624100624;3732;330;4580;4587;6.47;0.39;236.51;3.67;848;20;1555.00;7
3734;20;624100641;3734;329;4586;4593;6.43;0.39;236.43;3.67;852;20;1556.00;7
3739;20;624100652;3739;330;4587;4594;6.34;0.39;236.58;3.67;848;20;1557.00;7
3740;20;624100663;3740;333;4587;4594;6.33;0.39;236.62;3.67;847;20;1558.00;7
3742;20;624100672;3742;339;4587;4594;6.32;0.39;236.72;3.67;845;20;1559.00;7
3749;20;624100683;3749;334;4592;4599;6.32;0.39;236.71;3.67;843;20;1560.00;7
3753;20;624100694;3753;334;4592;4599;6.34;0.39;236.66;3.67;839;20;1561.00;7
3757;20;624100704;3757;340;4592;4599;6.26;0.38;236.67;3.67;835;20;1562.00;7
3763;20;624100714;3763;332;4593;4600;6.21;0.38;236.77;3.66;830;20;1563.00;7
3767;20;624100725;3767;334;4597;4604;6.23;0.38;236.78;3.66;830;20;1564.00;7
3772;20;624100735;3772;335;4597;4604;6.13;0.37;236.71;3.66;825;20;1565.00;7
3777;20;624100744;3777;340;4599;4607;6.19;0.38;236.65;3.66;822;20;1566.00;8
3780;20;624100755;3780;340;4600;4607;6.17;0.37;236.58;3.66;820;20;1567.00;7
3783;20;624100764;3783;343;4600;4607;6.07;0.37;236.53;3.66;817;20;1568.00;7
3784;20;624100774;3784;354;4600;4607;6.01;0.37;236.55;3.66;816;20;1569.00;7
3791;20;624100783;3791;353;4605;4611;5.93;0.36;236.47;3.69;814;20;1570.00;6
3794;20;624100793;3794;363;4605;4611;5.87;0.36;236.40;3.69;811;20;1571.00;6
3795;20;624100802;3795;365;4605;4611;5.84;0.36;236.43;3.69;810;20;1572.00;6
3800;20;624100811;3800;371;4605;4611;5.81;0.35;236.42;3.69;805;20;1573.00;6
3803;20;624100821;3803;370;4606;4612;5.77;0.35;236.33;3.68;803;20;1574.00;6
3806;20;624100830;3806;368;4608;4614;5.72;0.35;236.25;3.68;802;20;1575.00;6
3808;20;624100839;3808;371;4608;4614;5.69;0.35;236.26;3.68;800;20;1576.00;6
3808;20;624100849;3808;362;4609;4615;5.70;0.35;236.26;3.68;801;20;1577.00;6
3808;20;624100859;3808;352;4609;4615;5.78;0.35;236.26;3.68;801;20;1578.00;6
3810;20;624100868;3810;345;4609;4615;5.80;0.35;236.23;3.68;799;20;1579.00;6
3812;20;624100878;3812;346;4609;4615;5.82;0.36;236.24;3.68;797;20;1580.00;6
3814;20;624100887;3814;346;4609;4615;5.86;0.36;236.25;3.68;795;20;1581.00;6
3815;20;624100896;3815;348;4609;4615;5.90;0.36;236.25;3.68;794;20;1582.00;6
3816;20;624100905;3816;348;4609;4615;5.94;0.36;236.23;3.68;793;20;1583.00;6
3817;20;624100915;3817;371;4682;4742;6.34;0.39;236.22;3.63;865;20;1584.00;60
3819;20;624100936;3819;363;4686;4743;6.41;0.40;236.28;3.62;867;20;1585.00;57
3820;20;624100946;3820;338;4695;4743;6.55;0.41;236.29;3.62;875;20;1586.00;48
3822;20;624100962;3822;316;4698;4743;6.64;0.41;236.28;3.65;876;20;1587.00;45
3822;20;624100974;3822;296;4703;4743;6.77;0.42;236.28;3.65;881;20;1588.00;40
3823;20;624100991;3823;283;4705;4743;6.84;0.42;236.27;3.65;882;20;1589.00;38
3824;20;624101003;3824;273;4707;4743;6.89;0.42;236.29;3.65;883;20;1590.00;36
3824;20;624101014;3824;268;4709;4743;7.01;0.43;236.29;3.65;885;20;1591.00;34
3824;21;624101026;3824;264;4711;4744;7.04;0.43;236.29;3.66;887;21;1592.00;33
3824;21;624101055;3824;256;4715;4745;7.11;0.44;236.29;3.66;891;21;1593.00;30
3827;21;624101067;3827;260;4718;4745;7.21;0.44;236.27;3.69;891;21;1594.00;27
3829;21;624101079;3829;254;4720;4746;7.31;0.45;236.28;3.70;891;21;1595.00;26
3829;21;624101092;3829;258;4721;4746;7.44;0.46;236.28;3.70;892;21;1596.00;25
3829;21;624101104;3829;257;4723;4746;7.59;0.47;236.28;3.70;894;21;1597.00;23
3831;22;624101115;3831;256;4727;4746;7.71;0.47;236.29;3.71;896;22;1598.00;19
3833;23;624101149;3833;255;4730;4750;7.89;0.48;236.28;3.71;897;23;1599.00;20
3834;23;624101169;3834;254;4731;4750;8.09;0.50;236.25;3.72;897;23;1600.00;19
3834;24;624101186;3834;255;4733;4750;8.26;0.51;236.25;3.72;899;24;1601.00;17
3836;24;624101212;3836;249;4736;4753;8.44;0.52;236.28;3.73;900;24;1602.00;17
3842;24;624101225;3842;247;4738;4753;8.51;0.52;236.45;3.73;896;24;1603.00;15
3843;24;624101249;3843;244;4740;4753;8.63;0.53;236.43;3.73;897;24;1604.00;13
3843;24;624101260;3843;241;4745;4757;8.69;0.53;236.43;3.73;902;24;1605.00;12
3846;24;624101277;3846;233;4746;4758;8.84;0.54;236.43;3.73;900;24;1606.00;12
3849;24;624101290;3849;230;4747;4758;9.00;0.55;236.44;3.74;898;24;1607.00;11
3855;24;624101301;3855;224;4751;4762;9.11;0.55;236.46;3.73;896;24;1608.00;11
3856;24;624101313;3856;220;4751;4762;9.17;0.56;236.44;3.73;895;24;1609.00;11
3857;24;624101324;3857;217;4751;4762;9.18;0.56;236.53;3.73;894;24;1610.00;11
3860;24;624101336;3860;217;4752;4763;9.18;0.56;236.61;3.73;892;24;1611.00;11
3863;24;624101348;3863;218;4752;4763;9.22;0.56;236.62;3.73;889;24;1612.00;11
3864;24;624101360;3864;217;4757;4769;9.29;0.56;236.57;3.73;893;24;1613.00;12
3867;24;624101371;3867;216;4757;4769;9.32;0.57;236.47;3.73;890;24;1614.00;12
3869;24;624101383;3869;211;4757;4770;9.34;0.57;236.56;3.73;888;24;1615.00;13
3869;24;624101395;3869;209;4757;4770;9.42;0.57;236.56;3.73;888;24;1616.00;13
3871;24;624101406;3871;208;4757;4770;9.49;0.58;236.63;3.73;886;24;1617.00;13
3875;24;624101418;3875;208;4757;4770;9.55;0.58;236.79;3.73;882;24;1618.00;13
3876;24;624101428;3876;205;4757;4770;9.56;0.58;236.76;3.73;881;24;1619.00;13
3880;24;624101441;3880;206;4783;4806;9.50;0.58;236.82;3.71;903;24;1620.00;23
3885;24;624101455;3885;204;4783;4806;9.50;0.58;236.88;3.71;898;24;1621.00;23
3886;24;624101467;3886;208;4786;4806;9.64;0.59;236.87;3.71;900;24;1622.00;20
3890;24;624101478;3890;208;4786;4806;9.69;0.59;237.08;3.71;896;24;1623.00;20
3891;24;624101490;3891;207;4787;4806;9.80;0.60;237.06;3.71;896;24;1624.00;19
3894;24;624101501;3894;207;4787;4806;9.86;0.60;237.06;3.71;893;24;1625.00;19
3898;24;624101513;3898;207;4791;4810;9.90;0.60;237.12;3.71;893;24;1626.00;19
3905;24;624101524;3905;206;4792;4810;9.94;0.61;237.17;3.75;887;24;1627.00;18
3908;24;624101536;3908;206;4796;4814;10.01;0.61;237.24;3.74;888;24;1628.00;18
3911;24;624101548;3911;209;4797;4815;10.05;0.61;237.31;3.74;886;24;1629.00;18
3914;24;624101560;3914;203;4797;4815;10.03;0.61;237.40;3.74;883;24;1630.00;18
3916;24;624101571;3916;196;4797;4815;9.94;0.60;237.41;3.74;881;24;1631.00;18
3922;24;624101582;3922;195;4808;4828;9.82;0.60;237.67;3.73;886;24;1632.00;20
3926;24;624101595;3926;185;4808;4828;9.80;0.60;237.76;3.73;882;24;1633.00;20
3928;24;624101606;3928;181;4808;4828;9.85;0.60;237.72;3.73;880;24;1634.00;20
3932;24;624101618;3932;181;4810;4829;9.88;0.60;237.80;3.74;878;24;1635.00;19
3938;24;624101630;3938;177;4810;4830;9.93;0.60;237.86;3.74;872;24;1636.00;20
3940;24;624101642;3940;174;4810;4830;9.99;0.61;237.85;3.74;870;24;1637.00;20
3943;24;624101653;3943;173;4812;4833;10.06;0.61;237.79;3.74;869;24;1638.00;21
3945;24;624101664;3945;171;4813;4833;10.12;0.61;237.80;3.74;868;24;1639.00;20
3950;24;624101675;3950;169;4813;4833;10.13;0.61;237.80;3.74;863;24;1640.00;20
3955;24;624101686;3955;165;4813;4833;10.12;0.61;237.92;3.74;858;24;1641.00;20
3958;24;624101697;3958;163;4819;4839;10.18;0.62;237.86;3.78;861;24;1642.00;20
3960;24;624101709;3960;167;4819;4839;10.19;0.62;237.85;3.78;859;24;1643.00;20
3966;24;624101720;3966;168;4819;4839;10.16;0.61;238.05;3.78;853;24;1644.00;20
3969;24;624101731;3969;173;4820;4839;10.18;0.62;238.09;3.82;851;24;1645.00;19
3971;24;624101742;3971;174;4823;4843;10.14;0.61;238.20;3.82;852;24;1646.00;20
3973;24;624101758;3973;176;4824;4844;10.18;0.62;238.28;3.82;851;24;1647.00;20
3973;24;624101770;3973;175;4825;4844;10.15;0.61;238.28;3.85;852;24;1648.00;19
3977;24;624101786;3977;179;4827;4845;10.06;0.61;238.39;3.86;850;24;1649.00;18
3978;24;624101804;3978;181;4827;4845;10.04;0.61;238.41;3.86;849;24;1650.00;18
3981;24;624101814;3981;186;4827;4845;10.05;0.61;238.36;3.86;846;24;1651.00;18
3983;24;624101825;3983;194;4827;4845;10.06;0.61;238.41;3.86;844;24;1652.00;18
3985;24;624101836;3985;196;4827;4845;10.15;0.62;238.44;3.86;842;24;1653.00;18
3988;24;624101847;3988;194;4827;4845;10.18;0.62;238.42;3.86;839;24;1654.00;18
3990;24;624101858;3990;193;4827;4845;10.16;0.62;238.46;3.86;837;24;1655.00;18
3993;24;624101868;3993;205;4864;4915;10.17;0.62;238.57;3.84;871;24;1656.00;51
3994;24;624101885;3994;204;4864;4916;10.12;0.62;238.62;3.84;870;24;1657.00;52
3995;24;624101896;3995;205;4869;4916;10.03;0.61;238.71;3.84;874;24;1658.00;47
3998;24;624101907;3998;208;4872;4916;9.85;0.60;238.82;3.84;874;24;1659.00;44
4000;24;624101918;4000;210;4877;4916;9.74;0.59;238.81;3.86;877;24;1660.00;39
4001;24;624101929;4001;216;4878;4916;9.70;0.59;238.84;3.86;877;24;1661.00;38
4004;24;624101940;4004;216;4883;4916;9.68;0.59;238.99;3.87;879;24;1662.00;33
4008;24;624101950;4008;219;4885;4916;9.64;0.59;239.04;3.88;877;24;1663.00;31
4010;24;624101961;4010;225;4888;4917;9.64;0.59;238.99;3.88;878;24;1664.00;29
4013;24;624101973;4013;225;4892;4919;9.56;0.58;239.10;3.89;879;24;1665.00;27
4015;24;624101984;4015;220;4896;4919;9.54;0.58;239.11;3.90;881;24;1666.00;23
4016;24;624101995;4016;225;4902;4923;9.46;0.58;239.17;3.91;886;24;1667.00;21
4019;24;624102011;4019;222;4906;4923;9.37;0.57;239.11;3.92;887;24;1668.00;17
4021;24;624102022;4021;225;4906;4923;9.31;0.57;239.10;3.92;885;24;1669.00;17
4023;24;624102033;4023;232;4907;4923;9.25;0.57;239.10;3.93;884;24;1670.00;16
4026;24;624102044;4026;235;4913;4929;9.22;0.57;239.20;3.93;887;24;1671.00;16
4028;24;624102055;4028;242;4914;4929;9.16;0.56;239.23;3.94;886;24;1672.00;15
4031;24;624102066;4031;245;4915;4929;9.08;0.56;239.22;3.95;884;24;1673.00;14
4033;24;624102076;4033;251;4918;4932;9.06;0.56;239.22;3.95;885;24;1674.00;14
4036;24;624102087;4036;255;4918;4932;8.99;0.55;239.24;3.95;882;24;1675.00;14
4038;24;624102098;4038;261;4921;4932;8.88;0.55;239.25;3.96;883;24;1676.00;11
4043;24;624102108;4043;266;4921;4933;8.71;0.54;239.35;3.96;878;24;1677.00;12
4044;24;624102119;4044;270;4924;4934;8.50;0.52;239.33;3.97;880;24;1678.00;10
4049;24;624102129;4049;272;4924;4934;8.33;0.51;239.49;3.97;875;24;1679.00;10
4053;24;624102141;4053;273;4941;4960;8.15;0.50;239.54;3.95;888;24;1680.00;19
4057;24;624102153;4057;273;4944;4960;8.02;0.49;239.62;3.96;887;24;1681.00;16
4062;24;624102164;4062;268;4946;4960;7.94;0.49;239.73;3.96;884;24;1682.00;14
4064;24;624102179;4064;261;4947;4961;7.90;0.48;239.75;3.95;883;24;1683.00;14
4066;24;624102196;4066;262;4949;4961;7.78;0.48;239.82;3.96;883;24;1684.00;12
4069;24;624102211;4069;262;4953;4965;7.75;0.47;239.80;3.95;884;24;1685.00;12
4071;24;624102225;4071;265;4954;4965;7.65;0.47;239.94;3.95;883;24;1686.00;11
4073;24;624102250;4073;265;4957;4969;7.60;0.47;240.08;3.95;884;24;1687.00;12
4075;24;624102266;4075;275;4957;4969;7.62;0.47;240.16;3.95;882;24;1688.00;12
4078;24;624102278;4078;282;4959;4969;7.62;0.47;240.25;3.96;881;24;1689.00;10
4081;24;624102290;4081;291;4959;4969;7.54;0.46;240.24;3.96;878;24;1690.00;10
4086;24;624102301;4086;296;4960;4969;7.52;0.46;240.20;3.96;874;24;1691.00;9
4087;24;624102311;4087;287;4971;4981;7.53;0.46;240.21;3.95;884;24;1692.00;10
4094;24;624102323;4094;288;4973;4981;7.37;0.45;240.20;3.96;879;24;1693.00;8
4097;24;624102334;4097;289;4974;4981;7.28;0.44;240.30;3.96;877;24;1694.00;7
4101;24;624102344;4101;296;4974;4981;7.06;0.43;240.33;3.96;873;24;1695.00;7
4103;24;624102354;4103;297;4974;4981;6.87;0.42;240.40;3.96;871;24;1696.00;7
4107;24;624102364;4107;301;4974;4981;6.70;0.41;240.40;3.96;867;24;1697.00;7
4111;24;624102374;4111;313;4975;4982;6.49;0.40;240.60;3.96;864;24;1698.00;7
4113;24;624102384;4113;315;4975;4982;6.37;0.39;240.60;3.96;862;24;1699.00;7
4119;24;624102394;4119;313;4981;4988;6.22;0.38;240.74;3.95;862;24;1700.00;7
4121;24;624102409;4121;306;4982;4989;6.15;0.38;240.83;3.95;861;24;1701.00;7
4125;24;624102418;4125;308;4982;4989;6.06;0.37;240.87;3.95;857;24;1702.00;7
4128;24;624102427;4128;305;4982;4989;6.01;0.37;240.96;3.95;854;24;1703.00;7
4130;24;624102436;4130;307;4986;4993;6.03;0.37;241.08;3.95;856;24;1704.00;7
4136;24;624102445;4136;308;4986;4993;5.98;0.37;241.17;3.95;850;24;1705.00;7
4139;24;624102454;4139;305;4986;4993;5.95;0.37;241.28;3.95;847;24;1706.00;7
4140;24;624102463;4140;302;4987;4994;6.01;0.37;241.27;3.95;847;24;1707.00;7
4143;24;624102473;4143;300;4991;4998;6.02;0.37;241.26;3.95;848;24;1708.00;7
4146;24;624102483;4146;298;4991;4998;6.04;0.37;241.30;3.95;845;24;1709.00;7
4148;24;624102494;4148;292;4995;5004;6.17;0.38;241.26;3.94;847;24;1710.00;9
4153;24;624102504;4153;291;4996;5004;6.18;0.38;241.26;3.94;843;24;1711.00;8
4155;24;624102513;4155;290;4997;5004;6.21;0.38;241.27;3.94;842;24;1712.00;7
4158;24;624102522;4158;290;4997;5004;6.24;0.38;241.25;3.94;839;24;1713.00;7
4161;24;624102532;4161;293;5001;5008;6.29;0.39;241.20;3.94;840;24;1714.00;7
4165;24;624102542;4165;295;5001;5008;6.28;0.39;241.19;3.94;836;24;1715.00;7
4169;24;624102551;4169;302;5001;5008;6.22;0.38;241.14;3.94;832;24;1716.00;7
4171;24;624102561;4171;307;5001;5008;6.23;0.38;241.09;3.94;830;24;1717.00;7
4177;24;624102570;4177;305;5002;5009;6.17;0.38;241.16;3.94;825;24;1718.00;7
4178;24;624102579;4178;306;5003;5010;6.22;0.38;241.12;3.94;825;24;1719.00;7
4183;24;624102588;4183;308;5003;5010;6.17;0.38;241.12;3.94;820;24;1720.00;7
4187;24;624102598;4187;315;5004;5011;6.11;0.38;241.14;3.94;817;24;1721.00;7
4189;24;624102607;4189;319;5004;5011;6.02;0.37;241.08;3.94;815;24;1722.00;7
4194;24;624102616;4194;319;5004;5011;5.96;0.37;241.13;3.94;810;24;1723.00;7
4197;24;624102626;4197;328;5004;5011;5.89;0.36;241.07;3.94;807;24;1724.00;7
4202;24;624102635;4202;324;5004;5011;5.89;0.36;241.19;3.94;802;24;1725.00;7
4204;24;624102655;4204;326;5004;5011;5.91;0.36;241.16;3.94;800;24;1726.00;7
4210;24;624102664;4210;326;5005;5011;5.87;0.36;241.08;3.97;795;24;1727.00;6
4219;24;624102673;4219;349;5082;5138;6.17;0.39;241.18;3.91;863;24;1728.00;56
4222;24;624102693;4222;350;5085;5139;6.20;0.39;241.16;3.90;863;24;1729.00;54
4223;24;624102703;4223;339;5093;5139;6.34;0.40;241.13;3.90;870;24;1730.00;46
4228;24;624102713;4228;336;5096;5139;6.37;0.40;241.10;3.90;868;24;1731.00;43
4232;24;624102723;4232;340;5102;5139;6.37;0.40;241.14;3.93;870;24;1732.00;37
4233;24;624102732;4233;336;5104;5139;6.37;0.40;241.13;3.93;871;24;1733.00;35
4238;24;624102742;4238;339;5107;5139;6.35;0.39;241.03;3.93;869;24;1734.00;32
4239;24;624102752;4239;341;5111;5139;6.37;0.39;240.99;3.93;872;24;1735.00;28
4242;24;624102761;4242;342;5115;5140;6.35;0.39;241.02;3.96;873;24;1736.00;25
4244;24;624102772;4244;345;5119;5141;6.27;0.39;241.06;3.96;875;24;1737.00;22
4245;24;624102782;4245;352;5121;5141;6.19;0.38;241.07;3.96;876;24;1738.00;20
4248;24;624102792;4248;345;5125;5142;6.14;0.38;241.12;3.97;877;24;1739.00;17
4251;24;624102804;4251;344;5125;5142;6.17;0.38;241.17;3.97;874;24;1740.00;17
4253;24;624102815;4253;340;5130;5142;6.22;0.38;241.14;3.97;877;24;1741.00;12
4255;24;624102825;4255;339;5131;5142;6.28;0.39;241.18;3.98;876;24;1742.00;11
4257;24;624102835;4257;331;5134;5146;6.35;0.39;241.19;3.97;877;24;1743.00;12
4258;24;624102847;4258;328;5136;5146;6.38;0.39;241.15;3.98;878;24;1744.00;10
4259;24;624102857;4259;328;5136;5146;6.42;0.40;241.18;3.98;877;24;1745.00;10
4261;24;624102868;4261;323;5139;5149;6.50;0.40;241.22;3.98;878;24;1746.00;10
4263;24;624102879;4263;309;5140;5149;6.62;0.41;241.31;3.98;877;24;1747.00;9
4264;24;624102890;4264;298;5140;5149;6.75;0.42;241.34;3.98;876;24;1748.00;9
4267;24;624102901;4267;297;5145;5153;6.93;0.43;241.35;3.98;878;24;1749.00;8
4270;24;624102913;4270;295;5147;5154;7.04;0.43;241.33;3.98;877;24;1750.00;7
4274;24;624102925;4274;292;5149;5154;7.12;0.44;241.38;4.01;875;24;1751.00;5
4278;24;624102937;4278;291;5153;5158;7.25;0.44;241.43;4.00;875;24;1752.00;5
4279;24;624102949;4279;284;5153;5158;7.35;0.45;241.37;4.00;874;24;1753.00;5
4284;24;624102965;4284;286;5153;5158;7.40;0.45;241.31;4.00;869;24;1754.00;5
4285;24;624102978;4285;284;5155;5160;7.53;0.46;241.31;4.00;870;24;1755.00;5
4288;24;624102990;4288;264;5155;5160;7.66;0.47;241.36;4.00;867;24;1756.00;5
4290;24;624103001;4290;253;5160;5166;7.82;0.48;241.35;4.00;870;24;1757.00;6
4291;24;624103015;4291;241;5160;5166;7.96;0.49;241.34;4.00;869;24;1758.00;6
4294;24;624103027;4294;234;5161;5167;8.06;0.49;241.22;4.00;867;24;1759.00;6
4297;24;624103039;4297;225;5162;5167;8.14;0.50;241.18;4.02;865;24;1760.00;5
4298;24;624103057;4298;221;5162;5167;8.24;0.50;241.19;4.02;864;24;1761.00;5
4302;24;624103070;4302;215;5162;5167;8.27;0.50;241.21;4.02;860;24;1762.00;5
4305;24;624103082;4305;214;5162;5167;8.37;0.51;241.32;4.02;857;24;1763.00;5
4305;24;624103094;4305;206;5171;5179;8.57;0.52;241.32;4.01;866;24;1764.00;8
4307;24;624103107;4307;201;5171;5179;8.69;0.53;241.30;4.01;864;24;1765.00;8
4309;24;624103119;4309;189;5173;5179;8.85;0.54;241.28;4.01;864;24;1766.00;6
4310;24;624103131;4310;188;5173;5179;8.96;0.54;241.30;4.01;863;24;1767.00;6
4311;24;624103143;4311;188;5174;5179;9.12;0.55;241.27;4.03;863;24;1768.00;5
4312;24;624103155;4312;184;5174;5179;9.29;0.56;241.34;4.03;862;24;1769.00;5
4317;24;624103177;4317;180;5177;5183;9.34;0.57;241.53;4.03;860;24;1770.00;6
4319;24;624103189;4319;179;5177;5183;9.36;0.57;241.62;4.03;858;24;1771.00;6
4322;24;624103202;4322;174;5181;5187;9.43;0.57;241.66;4.02;859;24;1772.00;6
4324;24;624103215;4324;172;5182;5188;9.52;0.58;241.70;4.02;858;24;1773.00;6
4327;24;624103227;4327;169;5182;5188;9.58;0.58;241.83;4.02;855;24;1774.00;6
4330;24;624103238;4330;167;5182;5188;9.62;0.58;242.08;4.02;852;24;1775.00;6
4330;24;624103249;4330;171;5193;5201;9.72;0.59;242.08;4.01;863;24;1776.00;8
4334;24;624103263;4334;171;5193;5201;9.73;0.59;242.23;4.01;859;24;1777.00;8
4337;25;624103274;4337;169;5193;5201;9.77;0.59;242.31;4.01;856;25;1778.00;8
4338;25;624103292;4338;170;5195;5202;9.81;0.59;242.34;4.03;857;25;1779.00;7
4342;25;624103303;4342;169;5195;5203;9.85;0.60;242.49;4.03;853;25;1780.00;8
4342;25;624103315;4342;165;5195;5203;9.93;0.60;242.49;4.03;853;25;1781.00;8
4345;25;624103327;4345;168;5197;5206;9.97;0.60;242.67;4.03;852;25;1782.00;9
4349;25;624103338;4349;164;5197;5206;9.92;0.60;242.70;4.03;848;25;1783.00;9
4351;25;624103351;4351;170;5199;5206;9.95;0.60;242.80;4.04;848;25;1784.00;7
4353;25;624103362;4353;171;5199;5206;9.94;0.60;242.84;4.04;846;25;1785.00;7
4356;25;624103374;4356;171;5204;5212;10.03;0.61;242.90;4.04;848;25;1786.00;8
4357;25;624103386;4357;167;5205;5212;10.07;0.61;242.87;4.05;848;25;1787.00;7
4360;25;624103403;4360;174;5205;5212;10.12;0.61;242.89;4.05;845;25;1788.00;7
4363;25;624103415;4363;173;5205;5212;10.10;0.61;242.93;4.05;842;25;1789.00;7
4366;25;624103427;4366;174;5208;5216;10.08;0.61;242.93;4.05;842;25;1790.00;8
4368;25;624103439;4368;175;5209;5217;10.17;0.62;243.02;4.05;841;25;1791.00;8
4369;25;624103455;4369;175;5209;5217;10.26;0.62;243.01;4.05;840;25;1792.00;8
4374;25;624103466;4374;177;5210;5218;10.32;0.63;243.04;4.04;836;25;1793.00;8
4380;25;624103479;4380;176;5210;5218;10.37;0.63;243.15;4.04;830;25;1794.00;8
4385;25;624103491;4385;178;5210;5218;10.33;0.63;243.26;4.04;825;25;1795.00;8
4386;25;624103502;4386;181;5210;5218;10.33;0.63;243.27;4.04;824;25;1796.00;8
4392;25;624103520;4392;181;5210;5218;10.31;0.63;243.57;4.04;818;25;1797.00;8
4395;25;624103532;4395;183;5210;5218;10.25;0.62;243.55;4.04;815;25;1798.00;8
4399;25;624103542;4399;182;5210;5218;10.18;0.62;243.69;4.04;811;25;1799.00;8
4403;25;624103555;4403;198;5277;5356;9.85;0.61;243.75;3.99;874;25;1800.00;79
4405;25;624103581;4405;186;5277;5357;9.81;0.60;243.82;3.99;872;25;1801.00;80
4407;25;624103593;4407;174;5287;5357;9.84;0.61;243.80;3.99;880;25;1802.00;70
4409;25;624103604;4409;172;5287;5357;9.86;0.61;243.81;3.99;878;25;1803.00;70
4413;25;624103615;4413;167;5293;5357;9.92;0.61;243.85;3.99;880;25;1804.00;64
4418;25;624103627;4418;169;5296;5357;9.97;0.61;244.04;4.01;878;25;1805.00;61
4425;25;624103639;4425;168;5302;5357;9.98;0.61;244.18;4.01;877;25;1806.00;55
4430;25;624103651;4430;171;5309;5357;9.97;0.61;244.13;4.01;879;25;1807.00;48
4433;25;624103669;4433;173;5315;5358;10.03;0.61;244.17;4.02;882;25;1808.00;43
4438;25;624103680;4438;169;5316;5359;10.01;0.61;244.14;4.02;878;25;1809.00;43
4443;25;624103697;4443;169;5320;5359;10.03;0.61;244.17;4.02;877;25;1810.00;39
4445;25;624103709;4445;169;5324;5363;10.04;0.61;244.19;4.02;879;25;1811.00;39
4448;25;624103721;4448;169;5326;5363;9.99;0.61;244.26;4.02;878;25;1812.00;37
4450;25;624103732;4450;164;5327;5363;9.97;0.61;244.27;4.02;877;25;1813.00;36
4454;25;624103743;4454;161;5329;5363;9.92;0.61;244.25;4.03;875;25;1814.00;34
4456;25;624103754;4456;163;5333;5369;9.86;0.60;244.35;4.03;877;25;1815.00;36
4463;25;624103767;4463;169;5334;5369;9.79;0.60;244.31;4.03;871;25;1816.00;35
4465;25;624103778;4465;171;5335;5369;9.80;0.60;244.39;4.03;870;25;1817.00;34
4468;25;624103795;4468;178;5337;5372;9.77;0.60;244.50;4.03;869;25;1818.00;35
4472;25;624103806;4472;184;5338;5372;9.79;0.60;244.50;4.03;866;25;1819.00;34
4473;25;624103818;4473;189;5339;5372;9.77;0.60;244.48;4.03;866;25;1820.00;33
4478;25;624103829;4478;192;5341;5373;9.72;0.60;244.58;4.04;863;25;1821.00;32
4482;25;624103842;4482;197;5343;5374;9.71;0.60;244.56;4.04;861;25;1822.00;31
4484;25;624103854;4484;189;5343;5374;9.74;0.60;244.56;4.04;859;25;1823.00;31
4487;25;624103865;4487;201;5354;5387;9.65;0.59;244.59;4.04;867;25;1824.00;33
4489;25;624103878;4489;192;5356;5387;9.66;0.59;244.56;4.05;867;25;1825.00;31
4495;25;624103891;4495;188;5356;5387;9.66;0.59;244.57;4.05;861;25;1826.00;31
4497;25;624103903;4497;192;5359;5388;9.62;0.59;244.64;4.05;862;25;1827.00;29
4501;25;624103914;4501;198;5360;5388;9.56;0.58;244.67;4.05;859;25;1828.00;28
4503;25;624103926;4503;201;5363;5392;9.45;0.58;244.74;4.05;860;25;1829.00;29
4507;25;624103940;4507;205;5363;5392;9.35;0.57;244.79;4.05;856;25;1830.00;29
4510;25;624103953;4510;205;5369;5396;9.16;0.56;244.93;4.06;859;25;1831.00;27
4513;25;624103964;4513;210;5369;5396;9.03;0.55;245.10;4.06;856;25;1832.00;27
4515;25;624103975;4515;215;5371;5396;8.93;0.55;245.14;4.08;856;25;1833.00;25
4521;25;624103986;4521;216;5371;5396;8.80;0.54;245.33;4.08;850;25;1834.00;25
4524;25;624103997;4524;221;5371;5396;8.67;0.53;245.51;4.08;847;25;1835.00;25
4527;25;624104007;4527;229;5384;5408;8.58;0.53;245.56;4.09;857;25;1836.00;24
4530;25;624104019;4530;235;5384;5408;8.53;0.52;245.53;4.09;854;25;1837.00;24
4534;25;624104029;4534;245;5386;5408;8.51;0.52;245.54;4.10;852;25;1838.00;22
4536;25;624104040;4536;250;5387;5408;8.50;0.52;245.61;4.11;851;25;1839.00;21
4540;25;624104049;4540;258;5388;5408;8.46;0.52;245.75;4.12;848;25;1840.00;20
4541;25;624104060;4541;262;5390;5408;8.42;0.52;245.73;4.13;849;25;1841.00;18
4544;25;624104069;4544;268;5391;5409;8.32;0.51;245.74;4.14;847;25;1842.00;18
4546;25;624104079;4546;272;5393;5409;8.23;0.51;245.75;4.15;847;25;1843.00;16
4551;25;624104090;4551;280;5398;5415;8.21;0.50;245.76;4.14;847;25;1844.00;17
4554;25;624104100;4554;284;5400;5417;8.19;0.50;245.73;4.14;846;25;1845.00;17
4554;25;624104111;4554;288;5402;5417;8.17;0.50;245.73;4.15;848;25;1846.00;15
4555;25;624104120;4555;293;5402;5417;8.05;0.50;245.79;4.15;847;25;1847.00;15
4559;25;624104130;4559;297;5405;5421;7.96;0.49;245.68;4.15;846;25;1848.00;16
4564;25;624104140;4564;294;5405;5421;7.81;0.48;245.67;4.15;841;25;1849.00;16
4566;25;624104149;4566;296;5408;5421;7.66;0.47;245.67;4.17;842;25;1850.00;13
4566;25;624104159;4566;295;5409;5422;7.66;0.47;245.67;4.17;843;25;1851.00;13
4566;25;624104170;4566;294;5415;5426;7.60;0.47;245.67;4.17;849;25;1852.00;11
4572;25;624104184;4572;299;5416;5426;7.53;0.46;245.69;4.18;844;25;1853.00;10
4573;25;624104200;4573;294;5418;5429;7.47;0.46;245.78;4.17;845;25;1854.00;11
4576;25;624104216;4576;293;5419;5429;7.42;0.45;245.81;4.17;843;25;1855.00;10
4580;25;624104230;4580;297;5421;5429;7.42;0.45;245.85;4.17;841;25;1856.00;8
4581;25;624104243;4581;296;5421;5429;7.39;0.45;245.87;4.17;840;25;1857.00;8
4585;25;624104257;4585;294;5425;5433;7.41;0.45;245.90;4.17;840;25;1858.00;8
4589;25;624104271;4589;298;5425;5433;7.35;0.45;245.88;4.17;836;25;1859.00;8
4593;25;624104287;4593;303;5425;5433;7.29;0.45;245.86;4.17;832;25;1860.00;8
4595;25;624104297;4595;309;5425;5433;7.19;0.44;245.80;4.17;830;25;1861.00;8
4597;25;624104306;4597;306;5426;5434;7.06;0.43;245.74;4.17;829;25;1862.00;8
4599;25;624104315;4599;318;5427;5435;6.88;0.42;245.67;4.17;828;25;1863.00;8
4601;25;624104325;4601;321;5427;5435;6.70;0.41;245.63;4.17;826;25;1864.00;8
4604;25;624104333;4604;328;5428;5436;6.58;0.41;245.72;4.17;824;25;1865.00;8
4606;25;624104343;4606;328;5428;5436;6.40;0.39;245.82;4.17;822;25;1866.00;8
4609;25;624104352;4609;334;5428;5436;6.25;0.39;245.86;4.17;819;25;1867.00;8
4609;25;624104361;4609;342;5428;5436;6.13;0.38;245.86;4.17;819;25;1868.00;8
4614;25;624104370;4614;347;5428;5436;5.92;0.36;245.78;4.17;814;25;1869.00;8
4617;25;624104379;4617;341;5428;5436;5.79;0.36;245.77;4.17;811;25;1870.00;8
4621;25;624104387;4621;343;5428;5436;5.66;0.35;245.77;4.17;807;25;1871.00;8
4623;25;624104396;4623;357;5501;5563;5.94;0.37;245.78;4.12;878;25;1872.00;62
4626;25;624104413;4626;344;5506;5564;5.91;0.37;245.75;4.11;880;25;1873.00;58
4629;25;624104423;4629;339;5516;5564;5.94;0.37;245.75;4.11;887;25;1874.00;48
4635;25;624104431;4635;342;5519;5564;5.89;0.37;245.60;4.11;884;25;1875.00;45
4639;25;624104441;4639;346;5526;5564;5.91;0.37;245.60;4.11;887;25;1876.00;38
4640;25;624104450;4640;350;5527;5564;5.90;0.37;245.56;4.11;887;25;1877.00;37
4642;25;624104459;4642;341;5529;5564;5.89;0.37;245.67;4.11;887;25;1878.00;35
4644;25;624104469;4644;331;5531;5564;5.93;0.37;245.62;4.11;887;25;1879.00;33
4646;25;624104478;4646;332;5534;5565;5.96;0.37;245.66;4.11;888;25;1880.00;31
4648;25;624104488;4648;327;5538;5566;5.96;0.37;245.66;4.12;890;25;1881.00;28
4652;25;624104498;4652;337;5542;5568;5.96;0.37;245.70;4.12;890;25;1882.00;26
4654;25;624104508;4654;335;5545;5569;5.99;0.37;245.71;4.12;891;25;1883.00;24
4657;25;624104518;4657;340;5546;5569;6.01;0.37;245.69;4.12;889;25;1884.00;23
4661;25;624104527;4661;347;5552;5569;6.04;0.37;245.64;4.13;891;25;1885.00;17
4663;25;624104537;4663;349;5553;5569;6.09;0.38;245.66;4.13;890;25;1886.00;16
4666;25;624104547;4666;357;5557;5573;6.06;0.37;245.63;4.13;891;25;1887.00;16
4670;25;624104563;4670;355;5559;5573;6.02;0.37;245.80;4.13;889;25;1888.00;14
4673;25;624104573;4673;355;5559;5573;5.98;0.37;245.84;4.13;886;25;1889.00;14
4675;25;624104584;4675;357;5563;5579;5.96;0.37;245.82;4.13;888;25;1890.00;16
4678;25;624104594;4678;348;5565;5579;5.95;0.37;245.83;4.13;887;25;1891.00;14
4683;25;624104608;4683;343;5565;5579;5.99;0.37;245.79;4.13;882;25;1892.00;14
4685;25;624104618;4685;343;5570;5583;6.09;0.37;245.83;4.13;885;25;1893.00;13
4689;25;624104629;4689;346;5571;5584;6.17;0.38;245.82;4.13;882;25;1894.00;13
4693;25;624104640;4693;339;5571;5584;6.20;0.38;245.87;4.13;878;25;1895.00;13
4696;26;624104651;4696;335;5575;5588;6.27;0.38;245.98;4.13;879;26;1896.00;13
4698;26;624104673;4698;341;5577;5588;6.35;0.39;245.96;4.13;879;26;1897.00;11
4703;26;624104685;4703;339;5578;5588;6.39;0.39;245.91;4.13;875;26;1898.00;10
4706;26;624104696;4706;337;5579;5589;6.43;0.39;245.99;4.13;873;26;1899.00;10
4708;26;624104708;4708;335;5579;5589;6.47;0.40;246.08;4.13;871;26;1900.00;10
4709;26;624104723;4709;335;5585;5595;6.49;0.40;246.10;4.13;876;26;1901.00;10
4713;26;624104734;4713;327;5585;5595;6.51;0.40;246.08;4.13;872;26;1902.00;10
4717;26;624104745;4717;333;5586;5596;6.52;0.40;246.04;4.13;869;26;1903.00;10
4718;26;624104756;4718;336;5586;5596;6.55;0.40;246.06;4.13;868;26;1904.00;10
4723;26;624104772;4723;341;5586;5596;6.50;0.40;245.99;4.13;863;26;1905.00;10
4724;26;624104789;4724;343;5587;5596;6.51;0.40;245.97;4.15;863;26;1906.00;9
4728;28;624104800;4728;343;5587;5596;6.51;0.40;246.00;4.15;859;28;1907.00;9
4731;28;624104839;4731;347;5597;5608;6.65;0.41;245.99;4.14;866;28;1908.00;11
4732;28;624104852;4732;339;5598;5608;6.76;0.41;245.95;4.14;866;28;1909.00;10
4738;28;624104868;4738;343;5599;5608;6.81;0.41;245.87;4.14;861;28;1910.00;9
4740;28;624104879;4740;338;5599;5608;6.93;0.42;245.81;4.14;859;28;1911.00;9
4743;28;624104889;4743;327;5599;5608;7.00;0.43;245.93;4.14;856;28;1912.00;9
4746;28;624104900;4746;320;5599;5608;7.07;0.43;246.00;4.14;853;28;1913.00;9
4746;28;624104911;4746;319;5602;5612;7.18;0.44;246.00;4.14;856;28;1914.00;10
4749;28;624104926;4749;318;5602;5612;7.23;0.44;246.05;4.14;853;28;1915.00;10
4752;28;624104937;4752;316;5606;5616;7.26;0.44;246.07;4.14;854;28;1916.00;10
4755;28;624104948;4755;300;5607;5617;7.34;0.45;246.14;4.14;852;28;1917.00;10
4759;28;624104959;4759;292;5607;5617;7.43;0.45;246.12;4.14;848;28;1918.00;10
4763;28;624104972;4763;285;5607;5617;7.50;0.46;246.26;4.14;844;28;1919.00;10
4765;28;624104985;4765;287;5631;5646;7.72;0.47;246.40;4.12;866;28;1920.00;15
4769;28;624104998;4769;280;5631;5646;7.86;0.48;246.42;4.12;862;28;1921.00;15
4772;28;624105011;4772;271;5632;5646;7.97;0.48;246.50;4.12;860;28;1922.00;14
4773;28;624105023;4773;270;5633;5647;8.08;0.49;246.50;4.12;860;28;1923.00;14
4775;28;624105035;4775;269;5633;5648;8.14;0.49;246.63;4.12;858;28;1924.00;15
4776;28;624105046;4776;271;5633;5648;8.18;0.50;246.64;4.12;857;28;1925.00;15
4780;28;624105064;4780;256;5635;5651;8.17;0.49;246.66;4.12;855;28;1926.00;16
4782;28;624105076;4782;242;5635;5651;8.23;0.50;246.80;4.12;853;28;1927.00;16
4782;28;624105088;4782;232;5636;5651;8.32;0.50;246.80;4.11;854;28;1928.00;15
4783;28;624105106;4783;222;5636;5651;8.44;0.51;246.85;4.11;853;28;1929.00;15
4786;28;624105125;4786;216;5641;5657;8.59;0.52;246.96;4.11;855;28;1930.00;16
4787;28;624105139;4787;214;5641;5657;8.67;0.53;246.97;4.11;854;28;1931.00;16
4791;28;624105150;4791;209;5641;5657;8.76;0.53;247.07;4.11;850;28;1932.00;16
4793;28;624105163;4793;208;5641;5657;8.80;0.53;247.10;4.11;848;28;1933.00;16
4796;28;624105176;4796;207;5644;5661;8.79;0.53;247.18;4.11;848;28;1934.00;17
4797;28;624105190;4797;205;5646;5663;8.89;0.54;247.18;4.11;849;28;1935.00;17
4801;28;624105202;4801;198;5646;5663;8.94;0.54;247.29;4.11;845;28;1936.00;17
4804;28;624105215;4804;198;5647;5664;9.06;0.55;247.42;4.11;843;28;1937.00;17
4807;28;624105227;4807;197;5647;5664;9.07;0.55;247.45;4.11;840;28;1938.00;17
4810;28;624105238;4810;192;5647;5664;9.09;0.55;247.50;4.11;837;28;1939.00;17
4811;28;624105249;4811;187;5647;5664;9.14;0.55;247.52;4.11;836;28;1940.00;17
4815;28;624105261;4815;182;5647;5664;9.17;0.56;247.69;4.11;832;28;1941.00;17
4817;29;624105272;4817;185;5647;5664;9.18;0.56;247.68;4.11;830;29;1942.00;17
4818;29;624105289;4818;183;5647;5664;9.24;0.56;247.76;4.11;829;29;1943.00;17
4822;29;624105300;4822;201;5691;5734;9.12;0.56;247.88;4.08;869;29;1944.00;43
4822;29;624105317;4822;190;5691;5735;9.19;0.56;247.88;4.08;869;29;1945.00;44
4826;29;624105328;4826;186;5696;5735;9.28;0.56;247.89;4.07;870;29;1946.00;39
4830;29;624105345;4830;180;5698;5735;9.33;0.57;248.11;4.07;868;29;1947.00;37
4834;29;624105356;4834;178;5702;5735;9.40;0.57;248.14;4.07;868;29;1948.00;33
4838;29;624105368;4838;180;5703;5735;9.45;0.57;248.21;4.07;865;29;1949.00;32
4842;29;624105380;4842;185;5707;5737;9.49;0.58;248.22;4.07;865;29;1950.00;30
4843;29;624105392;4843;186;5709;5737;9.61;0.58;248.23;4.07;866;29;1951.00;28
4846;29;624105403;4846;184;5711;5738;9.63;0.58;248.27;4.08;865;29;1952.00;27
4848;29;624105415;4848;181;5714;5739;9.76;0.59;248.30;4.08;866;29;1953.00;25
4849;29;624105426;4849;184;5715;5739;9.82;0.60;248.33;4.08;866;29;1954.00;24
4853;29;624105440;4853;184;5719;5743;9.82;0.59;248.40;4.08;866;29;1955.00;24
4854;29;624105452;4854;182;5720;5743;9.88;0.60;248.37;4.08;866;29;1956.00;23
4858;29;624105467;4858;178;5720;5743;9.91;0.60;248.39;4.08;862;29;1957.00;23
4860;29;624105479;4860;176;5720;5743;9.97;0.61;248.43;4.08;860;29;1958.00;23
4861;29;624105490;4861;176;5725;5749;9.95;0.61;248.45;4.08;864;29;1959.00;24
4865;29;624105502;4865;175;5725;5749;9.88;0.60;248.49;4.08;860;29;1960.00;24
4866;29;624105513;4866;176;5725;5749;9.85;0.60;248.58;4.08;859;29;1961.00;24
4869;29;624105524;4869;178;5727;5752;9.80;0.60;248.71;4.07;858;29;1962.00;25
4870;29;624105535;4870;176;5727;5752;9.81;0.60;248.70;4.07;857;29;1963.00;25
4873;29;624105546;4873;174;5728;5752;9.82;0.60;248.67;4.07;855;29;1964.00;24
4875;29;624105557;4875;171;5728;5753;9.86;0.60;248.66;4.07;853;29;1965.00;25
4876;29;624105568;4876;174;5729;5754;9.91;0.60;248.63;4.07;853;29;1966.00;25
4879;29;624105580;4879;172;5729;5754;9.88;0.60;248.64;4.07;850;29;1967.00;25
4883;29;624105590;4883;172;5738;5767;9.87;0.60;248.78;4.07;855;29;1968.00;29
4886;29;624105602;4886;167;5739;5767;9.94;0.60;248.85;4.07;853;29;1969.00;28
4893;29;624105613;4893;167;5740;5767;9.93;0.60;248.86;4.10;847;29;1970.00;27
4894;29;624105624;4894;167;5741;5768;9.91;0.60;248.87;4.09;847;29;1971.00;27
4897;29;624105635;4897;160;5741;5768;9.85;0.60;248.87;4.09;844;29;1972.00;27
4898;29;624105646;4898;159;5746;5772;9.80;0.59;248.89;4.09;848;29;1973.00;26
4901;29;624105657;4901;155;5747;5772;9.73;0.59;248.91;4.10;846;29;1974.00;25
4905;29;624105668;4905;163;5752;5776;9.66;0.59;248.91;4.14;847;29;1975.00;24
4906;29;624105679;4906;157;5752;5776;9.74;0.59;248.87;4.14;846;29;1976.00;24
4909;29;624105690;4909;160;5752;5776;9.74;0.59;248.92;4.14;843;29;1977.00;24
4913;29;624105700;4913;160;5752;5776;9.70;0.59;248.99;4.14;839;29;1978.00;24
4916;29;624105711;4916;159;5752;5776;9.70;0.59;249.01;4.14;836;29;1979.00;24
4919;29;624105723;4919;162;5773;5810;9.74;0.59;248.97;4.12;854;29;1980.00;37
4924;29;624105736;4924;156;5774;5810;9.76;0.60;248.90;4.12;850;29;1981.00;36
4927;29;624105747;4927;154;5775;5810;9.74;0.59;248.86;4.12;848;29;1982.00;35
4928;29;624105757;4928;159;5775;5810;9.71;0.59;248.82;4.12;847;29;1983.00;35
4930;29;624105768;4930;158;5776;5810;9.66;0.59;248.85;4.12;846;29;1984.00;34
4931;29;624105778;4931;153;5776;5810;9.61;0.58;248.93;4.12;845;29;1985.00;34
4933;29;624105789;4933;159;5776;5811;9.56;0.58;248.90;4.12;843;29;1986.00;35
4933;29;624105799;4933;160;5776;5811;9.65;0.59;248.90;4.12;843;29;1987.00;35
4938;29;624105809;4938;164;5781;5817;9.65;0.59;248.89;4.12;843;29;1988.00;36
4940;29;624105820;4940;164;5782;5818;9.65;0.59;248.81;4.13;842;29;1989.00;36
4943;29;624105831;4943;160;5783;5818;9.60;0.58;248.89;4.13;840;29;1990.00;35
4948;29;624105841;4948;155;5785;5818;9.46;0.57;248.90;4.13;837;29;1991.00;33
4950;29;624105852;4950;161;5788;5822;9.46;0.57;248.95;4.13;838;29;1992.00;34
4951;29;624105863;4951;162;5788;5822;9.48;0.58;249.03;4.13;837;29;1993.00;34
4955;29;624105873;4955;168;5790;5822;9.32;0.57;249.04;4.13;835;29;1994.00;32
4958;29;624105883;4958;176;5792;5823;9.22;0.56;248.94;4.15;834;29;1995.00;31
4963;29;624105894;4963;180;5795;5827;9.16;0.56;249.02;4.14;832;29;1996.00;32
4966;29;624105905;4966;186;5796;5827;9.11;0.55;249.13;4.15;830;29;1997.00;31
4966;29;624105915;4966;192;5798;5830;9.15;0.56;249.13;4.14;832;29;1998.00;32
4967;29;624105926;4967;193;5800;5830;9.17;0.56;249.18;4.16;833;29;1999.00;30
4970;29;624105937;4970;195;5801;5830;9.17;0.56;249.16;4.16;831;29;2000.00;29
4972;29;624105951;4972;201;5801;5830;9.10;0.55;249.22;4.16;829;29;2001.00;29
4974;29;624105961;4974;206;5807;5834;8.98;0.54;249.26;4.18;833;29;2002.00;27
4976;29;624105972;4976;209;5807;5834;8.89;0.54;249.39;4.18;831;29;2003.00;27
4980;29;624105982;4980;214;5807;5834;8.85;0.54;249.46;4.18;827;29;2004.00;27
4982;29;624105992;4982;222;5808;5834;8.76;0.53;249.57;4.18;826;29;2005.00;26
4985;29;624106002;4985;227;5809;5835;8.63;0.52;249.77;4.19;824;29;2006.00;26
4986;29;624106012;4986;233;5811;5836;8.58;0.52;249.77;4.20;825;29;2007.00;25
4988;29;624106023;4988;234;5813;5836;8.47;0.51;249.91;4.22;825;29;2008.00;23
4990;29;624106032;4990;238;5814;5837;8.38;0.51;249.98;4.22;824;29;2009.00;23
4993;29;624106043;4993;250;5815;5837;8.28;0.50;250.09;4.23;822;29;2010.00;22
4997;29;624106053;4997;257;5816;5837;8.12;0.49;250.20;4.23;819;29;2011.00;21
5000;29;624106062;5000;260;5817;5837;8.03;0.49;250.22;4.24;817;29;2012.00;20
5002;29;624106072;5002;263;5818;5837;7.93;0.48;250.18;4.24;816;29;2013.00;19
5003;29;624106081;5003;268;5819;5837;7.89;0.48;250.15;4.25;816;29;2014.00;18
5006;29;624106090;5006;277;5821;5837;7.75;0.47;250.35;4.26;815;29;2015.00;16
5008;29;624106099;5008;301;5885;5964;7.89;0.49;250.41;4.22;877;29;2016.00;79
5011;29;624106116;5011;302;5888;5965;7.77;0.48;250.36;4.23;877;29;2017.00;77
5013;29;624106126;5013;304;5898;5965;7.80;0.48;250.32;4.22;885;29;2018.00;67
5013;29;624106135;5013;298;5904;5965;7.77;0.48;250.32;4.22;891;29;2019.00;61
5014;29;624106144;5014;299;5912;5965;7.72;0.48;250.29;4.23;898;29;2020.00;53
5017;29;624106153;5017;297;5916;5965;7.57;0.47;250.40;4.23;899;29;2021.00;49
5018;29;624106163;5018;303;5919;5965;7.48;0.46;250.36;4.23;901;29;2022.00;46
5023;29;624106176;5023;299;5923;5965;7.40;0.46;250.27;4.23;900;29;2023.00;42
5027;29;624106189;5027;301;5927;5966;7.34;0.45;250.29;4.23;900;29;2024.00;39
5030;29;624106215;5030;299;5931;5968;7.26;0.45;250.21;4.23;901;29;2025.00;37
5035;29;624106232;5035;299;5933;5968;7.22;0.44;250.21;4.23;898;29;2026.00;35
5038;29;624106250;5038;301;5936;5969;7.14;0.44;250.11;4.24;898;29;2027.00;33
5039;29;624106265;5039;307;5942;5969;7.08;0.44;250.15;4.25;903;29;2028.00;27
5040;29;624106277;5040;310;5947;5969;7.09;0.44;250.24;4.25;907;29;2029.00;22
5043;29;624106290;5043;315;5948;5969;7.05;0.43;250.18;4.25;905;29;2030.00;21
5046;29;624106300;5046;323;5953;5973;7.02;0.43;250.27;4.25;907;29;2031.00;20
5050;29;624106310;5050;324;5954;5973;6.88;0.43;250.24;4.25;904;29;2032.00;19
5050;29;624106321;5050;332;5955;5973;6.76;0.42;250.24;4.26;905;29;2033.00;18
5054;29;624106331;5054;341;5957;5976;6.61;0.41;250.29;4.26;903;29;2034.00;19
5055;29;624106342;5055;347;5957;5976;6.46;0.40;250.27;4.26;902;29;2035.00;19
5063;29;624106352;5063;357;5958;5976;6.20;0.38;250.19;4.26;895;29;2036.00;18
5067;29;624106363;5067;362;5963;5980;5.97;0.37;250.28;4.26;896;29;2037.00;17
5069;29;624106373;5069;370;5964;5981;5.83;0.36;250.34;4.26;895;29;2038.00;17
5071;29;624106383;5071;382;5965;5981;5.67;0.35;250.40;4.26;894;29;2039.00;16
5072;29;624106394;5072;379;5970;5986;5.67;0.35;250.40;4.26;898;29;2040.00;16
5077;29;624106403;5077;384;5972;5986;5.57;0.34;250.46;4.26;895;29;2041.00;14
5079;29;624106413;5079;380;5972;5986;5.54;0.34;250.37;4.26;893;29;2042.00;14
5082;29;624106421;5082;365;5972;5987;5.60;0.35;250.40;4.26;890;29;2043.00;15
5085;29;624106431;5085;354;5973;5987;5.65;0.35;250.43;4.26;888;29;2044.00;14
5088;29;624106440;5088;348;5979;5993;5.78;0.36;250.46;4.26;891;29;2045.00;14
5090;29;624106451;5090;340;5979;5993;5.82;0.36;250.44;4.26;889;29;2046.00;14
5094;29;624106466;5094;329;5980;5994;5.87;0.36;250.39;4.25;886;29;2047.00;14
5099;29;624106477;5099;321;5980;5994;5.89;0.36;250.39;4.25;881;29;2048.00;14
5102;29;624106488;5102;309;5980;5994;5.96;0.36;250.36;4.25;878;29;2049.00;14
5104;29;624106498;5104;305;5980;5994;6.06;0.37;250.38;4.25;876;29;2050.00;14
5106;29;624106508;5106;297;5980;5994;6.11;0.37;250.38;4.25;874;29;2051.00;14
5110;29;624106519;5110;290;5990;6006;6.17;0.38;250.32;4.25;880;29;2052.00;16
5110;29;624106543;5110;289;5991;6006;6.29;0.38;250.32;4.25;881;29;2053.00;15
5113;29;624106553;5113;285;5992;6006;6.35;0.39;250.35;4.25;879;29;2054.00;14
5116;29;624106564;5116;285;5992;6006;6.43;0.39;250.31;4.25;876;29;2055.00;14
5119;29;624106574;5119;290;5992;6006;6.45;0.39;250.30;4.25;873;29;2056.00;14
5123;29;624106585;5123;286;5993;6006;6.48;0.40;250.33;4.29;870;29;2057.00;13
5125;29;624106596;5125;284;5997;6010;6.53;0.40;250.25;4.29;872;29;2058.00;13
5126;29;624106607;5126;283;5997;6010;6.56;0.40;250.30;4.29;871;29;2059.00;13
5128;29;624106617;5128;284;6001;6014;6.63;0.40;250.30;4.28;873;29;2060.00;13
5129;29;624106633;5129;290;6002;6015;6.67;0.41;250.33;4.28;873;29;2061.00;13
5133;29;624106644;5133;285;6002;6015;6.65;0.40;250.41;4.28;869;29;2062.00;13
5135;29;624106656;5135;285;6002;6015;6.65;0.40;250.42;4.28;867;29;2063.00;13
5140;29;624106666;5140;283;6015;6028;6.67;0.41;250.49;4.27;875;29;2064.00;13
5142;29;624106678;5142;283;6015;6028;6.66;0.41;250.48;4.27;873;29;2065.00;13
5146;29;624106689;5146;280;6015;6028;6.67;0.41;250.57;4.27;869;29;2066.00;13
5150;29;624106699;5150;275;6016;6029;6.69;0.41;250.66;4.27;866;29;2067.00;13
5152;29;624106710;5152;277;6017;6030;6.70;0.41;250.78;4.27;865;29;2068.00;13
5158;29;624106723;5158;278;6017;6030;6.68;0.41;250.81;4.27;859;29;2069.00;13
5160;29;624106736;5160;274;6021;6036;6.71;0.41;250.88;4.27;861;29;2070.00;15
5163;29;624106747;5163;277;6021;6036;6.72;0.41;251.03;4.27;858;29;2071.00;15
5168;29;624106758;5168;276;6023;6036;6.75;0.41;251.00;4.27;855;29;2072.00;13
5171;29;624106769;5171;273;6023;6036;6.74;0.41;251.03;4.27;852;29;2073.00;13
5174;29;624106781;5174;271;6029;6042;6.81;0.42;251.09;4.27;855;29;2074.00;13
5177;29;624106793;5177;272;6029;6042;6.85;0.42;251.15;4.27;852;29;2075.00;13
5179;29;624106803;5179;279;6029;6042;7.00;0.43;251.18;4.27;850;29;2076.00;13
5184;29;624106814;5184;277;6029;6042;6.98;0.43;251.25;4.27;845;29;2077.00;13
5188;29;624106825;5188;278;6033;6046;7.00;0.43;251.28;4.26;845;29;2078.00;13
5192;29;624106836;5192;277;6034;6047;7.06;0.43;251.25;4.26;842;29;2079.00;13
5195;29;624106847;5195;282;6034;6047;7.13;0.44;251.28;4.26;839;29;2080.00;13
5198;29;624106858;5198;274;6035;6048;7.24;0.44;251.33;4.26;837;29;2081.00;13
5201;29;624106869;5201;273;6035;6048;7.29;0.45;251.33;4.26;834;29;2082.00;13
5203;29;624106880;5203;275;6035;6048;7.34;0.45;251.32;4.26;832;29;2083.00;13
5210;29;624106891;5210;278;6035;6048;7.34;0.45;251.39;4.26;825;29;2084.00;13
5213;29;624106901;5213;284;6035;6048;7.38;0.45;251.35;4.26;822;29;2085.00;13
5217;29;624106913;5217;288;6035;6048;7.39;0.45;251.52;4.26;818;29;2086.00;13
5221;29;624106923;5221;279;6035;6048;7.46;0.45;251.67;4.26;814;29;2087.00;13
5225;29;624106934;5225;288;6080;6118;7.41;0.45;251.76;4.23;855;29;2088.00;38
5230;29;624106953;5230;276;6082;6119;7.47;0.46;251.77;4.23;852;29;2089.00;37
5234;29;624106964;5234;260;6085;6119;7.57;0.46;251.87;4.23;851;29;2090.00;34
5236;29;624106978;5236;256;6086;6119;7.66;0.47;251.84;4.23;850;29;2091.00;33
5239;29;624106990;5239;246;6088;6119;7.78;0.47;251.97;4.23;849;29;2092.00;31
5242;29;624107003;5242;250;6089;6119;7.85;0.48;252.08;4.23;847;29;2093.00;30
5243;29;624107015;5243;251;6092;6119;8.01;0.49;252.11;4.23;849;29;2094.00;27
5247;29;624107027;5247;254;6093;6119;8.08;0.49;252.18;4.23;846;29;2095.00;26
5251;29;624107039;5251;236;6095;6120;8.20;0.50;252.27;4.23;844;29;2096.00;25
5252;29;624107051;5252;227;6098;6121;8.31;0.50;252.26;4.23;846;29;2097.00;23
5254;29;624107063;5254;213;6101;6121;8.39;0.51;252.29;4.24;847;29;2098.00;20
5254;29;624107075;5254;212;6106;6125;8.44;0.51;252.29;4.24;852;29;2099.00;19
5257;29;624107090;5257;211;6112;6140;8.54;0.52;252.34;4.23;855;29;2100.00;28
5258;29;624107110;5258;209;6112;6140;8.63;0.53;252.33;4.23;854;29;2101.00;28
5262;29;624107122;5262;206;6112;6140;8.69;0.53;252.32;4.23;850;29;2102.00;28
5265;29;624107135;5265;210;6116;6146;8.77;0.53;252.42;4.23;851;29;2103.00;30
5266;29;624107150;5266;211;6116;6146;8.90;0.54;252.47;4.23;850;29;2104.00;30
5268;29;624107163;5268;208;6117;6146;8.99;0.55;252.51;4.23;849;29;2105.00;29
5271;29;624107176;5271;206;6120;6149;9.05;0.55;252.47;4.23;849;29;2106.00;29
5275;29;624107190;5275;201;6120;6149;9.11;0.55;252.58;4.23;845;29;2107.00;29
5277;29;624107203;5277;203;6121;6149;9.15;0.56;252.57;4.23;844;29;2108.00;28
5280;29;624107215;5280;195;6122;6150;9.18;0.56;252.58;4.28;842;29;2109.00;28
5282;29;624107228;5282;193;6123;6151;9.27;0.56;252.53;4.28;841;29;2110.00;28
5286;29;624107240;5286;190;6124;6151;9.34;0.57;252.67;4.28;838;29;2111.00;27
5289;29;624107252;5289;189;6135;6164;9.43;0.57;252.72;4.28;846;29;2112.00;29
5292;29;624107264;5292;180;6135;6164;9.47;0.57;252.78;4.28;843;29;2113.00;29
5293;29;624107276;5293;179;6135;6164;9.60;0.58;252.77;4.28;842;29;2114.00;29
5297;29;624107287;5297;180;6137;6166;9.66;0.59;252.84;4.27;840;29;2115.00;29
5299;29;624107299;5299;182;6137;6166;9.74;0.59;252.91;4.27;838;29;2116.00;29
5302;29;624107310;5302;178;6142;6170;9.73;0.59;252.94;4.28;840;29;2117.00;28
5304;29;624107327;5304;172;6142;6170;9.78;0.59;253.00;4.28;838;29;2118.00;28
5306;29;624107338;5306;180;6145;6174;9.84;0.60;253.08;4.28;839;29;2119.00;29
5309;29;624107350;5309;172;6145;6174;9.91;0.60;253.22;4.28;836;29;2120.00;29
5312;29;624107361;5312;171;6145;6174;9.94;0.60;253.24;4.28;833;29;2121.00;29
5315;29;624107373;5315;171;6145;6174;10.00;0.61;253.26;4.28;830;29;2122.00;29
5318;29;624107384;5318;171;6147;6174;10.00;0.61;253.27;4.28;829;29;2123.00;27
5322;29;624107395;5322;171;6156;6186;10.03;0.61;253.28;4.28;834;29;2124.00;30
5325;29;624107406;5325;167;6157;6186;10.08;0.61;253.39;4.33;832;29;2125.00;29
5328;29;624107417;5328;169;6160;6186;10.12;0.62;253.43;4.33;832;29;2126.00;26
5329;29;624107428;5329;170;6161;6186;10.14;0.62;253.47;4.38;832;29;2127.00;25
5335;29;624107439;5335;170;6161;6186;10.16;0.62;253.60;4.38;826;29;2128.00;25
5335;29;624107450;5335;170;6163;6186;10.18;0.62;253.60;4.39;828;29;2129.00;23
5338;29;624107462;5338;169;6163;6187;10.10;0.62;253.62;4.39;825;29;2130.00;24
5340;29;624107474;5340;170;6164;6187;10.09;0.62;253.61;4.39;824;29;2131.00;23
5344;29;624107485;5344;173;6169;6193;10.02;0.61;253.64;4.39;825;29;2132.00;24
5347;29;624107496;5347;175;6170;6194;9.95;0.61;253.68;4.39;823;29;2133.00;24
5354;29;624107507;5354;178;6170;6194;9.83;0.60;253.74;4.39;816;29;2134.00;24
5355;29;624107518;5355;182;6171;6194;9.76;0.59;253.75;4.44;816;29;2135.00;23
5358;29;624107528;5358;186;6174;6198;9.73;0.59;253.79;4.48;816;29;2136.00;24
5359;29;624107543;5359;187;6175;6198;9.62;0.58;253.87;4.48;816;29;2137.00;23
5365;29;624107554;5365;189;6175;6198;9.61;0.58;253.85;4.48;810;29;2138.00;23
5367;29;624107564;5367;181;6176;6199;9.64;0.59;253.82;4.48;809;29;2139.00;23
5372;29;624107574;5372;173;6179;6203;9.63;0.59;253.78;4.48;807;29;2140.00;24
5379;29;624107584;5379;175;6180;6203;9.64;0.59;253.86;4.52;801;29;2141.00;23
5382;29;624107594;5382;168;6182;6206;9.68;0.59;253.81;4.52;800;29;2142.00;24
5386;29;624107605;5386;177;6183;6206;9.64;0.58;253.82;4.52;797;29;2143.00;23
5388;29;624107615;5388;176;6183;6206;9.63;0.58;253.78;4.52;795;29;2144.00;23
5392;29;624107625;5392;176;6185;6206;9.65;0.59;253.79;4.54;793;29;2145.00;21
5396;29;624107636;5396;174;6190;6210;9.74;0.59;253.90;4.57;794;29;2146.00;20
5399;29;624107646;5399;172;6190;6210;9.78;0.59;253.85;4.57;791;29;2147.00;20
5403;29;624107657;5403;175;6190;6210;9.80;0.60;253.81;4.57;787;29;2148.00;20
5406;29;624107667;5406;169;6190;6210;9.87;0.60;253.87;4.57;784;29;2149.00;20
5408;29;624107677;5408;171;6190;6211;9.88;0.60;253.90;4.57;782;29;2150.00;21
5412;29;624107688;5412;174;6191;6212;9.89;0.60;253.99;4.57;779;29;2151.00;21
5415;29;624107698;5415;173;6191;6212;9.85;0.60;253.98;4.57;776;29;2152.00;21
5418;29;624107707;5418;177;6192;6213;9.86;0.60;254.10;4.57;774;29;2153.00;21
5423;29;624107717;5423;174;6192;6213;9.88;0.60;254.21;4.57;769;29;2154.00;21
5426;29;624107727;5426;184;6192;6213;9.88;0.60;254.15;4.57;766;29;2155.00;21
5430;29;624107736;5430;183;6192;6213;9.86;0.60;254.24;4.57;762;29;2156.00;21
5433;29;624107746;5433;190;6192;6213;9.85;0.60;254.26;4.57;759;29;2157.00;21
5436;29;624107755;5436;187;6192;6213;9.81;0.60;254.31;4.57;756;29;2158.00;21
5439;29;624107764;5439;189;6192;6213;9.77;0.59;254.43;4.57;753;29;2159.00;21
5444;29;624107775;5444;217;6290;6443;9.69;0.60;254.50;4.50;846;29;2160.00;153
5448;29;624107801;5448;222;6295;6444;9.58;0.60;254.57;4.49;847;29;2161.00;149
5450;29;624107811;5450;214;6307;6444;9.56;0.59;254.66;4.49;857;29;2162.00;137
5453;29;624107822;5453;220;6312;6444;9.44;0.59;254.72;4.49;859;29;2163.00;132
5455;29;624107831;5455;218;6322;6444;9.39;0.58;254.70;4.49;867;29;2164.00;122
5460;29;624107841;5460;220;6328;6444;9.23;0.57;254.69;4.49;868;29;2165.00;116
5461;29;624107852;5461;221;6336;6444;9.12;0.57;254.66;4.49;875;29;2166.00;108
5464;29;624107862;5464;228;6345;6444;9.04;0.56;254.65;4.49;881;29;2167.00;99
5465;29;624107872;5465;229;6350;6445;8.95;0.55;254.68;4.50;885;29;2168.00;95
5468;29;624107882;5468;236;6356;6446;8.83;0.55;254.66;4.50;888;29;2169.00;90
5470;29;624107893;5470;239;6363;6446;8.74;0.54;254.64;4.52;893;29;2170.00;83
5473;29;624107903;5473;245;6366;6447;8.60;0.53;254.61;4.52;893;29;2171.00;81
5474;29;624107913;5474;263;6369;6447;8.50;0.52;254.57;4.52;895;29;2172.00;78
5475;29;624107923;5475;264;6373;6447;8.38;0.52;254.53;4.55;898;29;2173.00;74
5477;29;624107933;5477;267;6374;6447;8.30;0.51;254.46;4.55;897;29;2174.00;73
5478;29;624107943;5478;280;6382;6451;8.16;0.50;254.45;4.56;904;29;2175.00;69
5478;29;624107953;5478;286;6385;6451;8.09;0.50;254.45;4.57;907;29;2176.00;66
5479;29;624107964;5479;294;6388;6451;8.01;0.49;254.41;4.58;909;29;2177.00;63
5481;29;624107975;5481;301;6391;6454;7.90;0.49;254.39;4.58;910;29;2178.00;63
5484;29;624107987;5484;307;6395;6454;7.77;0.48;254.36;4.62;911;29;2179.00;59
5485;29;624107998;5485;305;6396;6454;7.70;0.47;254.33;4.62;911;29;2180.00;58
5489;29;624108008;5489;311;6402;6458;7.50;0.46;254.21;4.64;913;29;2181.00;56
5490;29;624108019;5490;318;6406;6459;7.39;0.45;254.19;4.65;916;29;2182.00;53
5494;29;624108029;5494;329;6407;6459;7.24;0.44;254.20;4.65;913;29;2183.00;52
5496;29;624108040;5496;336;6411;6463;7.11;0.44;254.14;4.66;915;29;2184.00;52
5498;29;624108051;5498;342;6412;6463;6.96;0.43;254.14;4.66;914;29;2185.00;51
5498;29;624108061;5498;346;6416;6463;6.88;0.42;254.14;4.67;918;29;2186.00;47
5501;29;624108071;5501;356;6418;6464;6.74;0.42;254.07;4.68;917;29;2187.00;46
5502;29;624108081;5502;367;6421;6464;6.57;0.40;254.05;4.69;919;29;2188.00;43
5504;29;624108090;5504;370;6427;6470;6.53;0.40;254.04;4.70;923;29;2189.00;43
5506;29;624108102;5506;378;6429;6470;6.41;0.39;253.96;4.71;923;29;2190.00;41
5508;29;624108112;5508;385;6430;6471;6.38;0.39;253.92;4.71;922;29;2191.00;41
5510;29;624108122;5510;388;6432;6471;6.26;0.38;253.84;4.72;922;29;2192.00;39
5511;29;624108132;5511;390;6434;6471;6.15;0.38;253.79;4.72;923;29;2193.00;37
5512;29;624108142;5512;397;6434;6471;6.03;0.37;253.77;4.72;922;29;2194.00;37
5513;29;624108151;5513;389;6437;6471;5.95;0.37;253.76;4.74;924;29;2195.00;34
5514;29;624108160;5514;386;6447;6483;5.97;0.37;253.72;4.73;933;29;2196.00;36
5516;29;624108171;5516;386;6448;6483;5.87;0.36;253.70;4.74;932;29;2197.00;35
5517;29;624108186;5517;391;6450;6483;5.79;0.36;253.67;4.74;933;29;2198.00;33
5519;29;624108201;5519;387;6450;6483;5.81;0.36;253.63;4.74;931;29;2199.00;33
5519;29;624108217;5519;387;6451;6483;5.82;0.36;253.63;4.75;932;29;2200.00;32
5520;29;624108238;5520;387;6452;6483;5.84;0.36;253.60;4.75;932;29;2201.00;31
5522;29;624108261;5522;390;6457;6487;5.77;0.36;253.66;4.75;935;29;2202.00;30
5524;29;624108277;5524;395;6458;6487;5.72;0.35;253.69;4.75;934;29;2203.00;29
5528;29;624108298;5528;389;6462;6491;5.66;0.35;253.69;4.76;934;29;2204.00;29
5530;29;624108309;5530;389;6466;6493;5.57;0.34;253.68;4.76;936;29;2205.00;27
5535;29;624108320;5535;392;6466;6493;5.47;0.34;253.66;4.76;931;29;2206.00;27
5535;29;624108331;5535;394;6467;6493;5.43;0.34;253.66;4.76;932;29;2207.00;26
5538;29;624108341;5538;400;6478;6506;5.44;0.34;253.66;4.75;940;29;2208.00;28
5540;29;624108352;5540;392;6478;6506;5.40;0.33;253.65;4.75;938;29;2209.00;28
5542;29;624108369;5542;389;6482;6508;5.41;0.33;253.60;4.75;940;29;2210.00;26
5544;29;624108380;5544;375;6485;6509;5.49;0.34;253.63;4.75;941;29;2211.00;24
5546;29;624108392;5546;369;6485;6510;5.61;0.35;253.62;4.75;939;29;2212.00;25
5549;29;624108402;5549;363;6486;6510;5.67;0.35;253.60;4.75;937;29;2213.00;24
5554;29;624108413;5554;365;6489;6513;5.74;0.35;253.64;4.75;935;29;2214.00;24
5558;29;624108423;5558;366;6489;6513;5.84;0.36;253.64;4.75;931;29;2215.00;24
5561;29;624108433;5561;364;6490;6513;5.96;0.37;253.64;4.75;929;29;2216.00;23
5567;29;624108443;5567;361;6490;6513;6.01;0.37;253.76;4.75;923;29;2217.00;23
5567;29;624108453;5567;353;6495;6519;6.23;0.38;253.76;4.75;928;29;2218.00;24
5574;29;624108464;5574;348;6495;6519;6.31;0.39;253.80;4.75;921;29;2219.00;24
5577;29;624108476;5577;345;6496;6519;6.43;0.40;253.87;4.75;919;29;2220.00;23
5579;29;624108486;5579;345;6496;6519;6.54;0.40;253.89;4.75;917;29;2221.00;23
5582;29;624108497;5582;336;6500;6523;6.66;0.41;253.91;4.74;918;29;2222.00;23
5585;29;624108508;5585;339;6501;6524;6.74;0.42;253.88;4.74;916;29;2223.00;23
5591;29;624108519;5591;334;6501;6524;6.75;0.41;253.91;4.74;910;29;2224.00;23
5596;29;624108530;5596;331;6502;6525;6.78;0.42;253.92;4.74;906;29;2225.00;23
5599;29;624108540;5599;329;6502;6525;6.77;0.41;253.90;4.74;903;29;2226.00;23
5606;29;624108550;5606;327;6502;6525;6.75;0.41;253.98;4.74;896;29;2227.00;23
5608;29;624108563;5608;331;6502;6525;6.79;0.41;253.93;4.74;894;29;2228.00;23
5615;29;624108573;5615;328;6503;6525;6.77;0.41;254.08;4.79;888;29;2229.00;22
5617;29;624108583;5617;325;6503;6525;6.78;0.41;254.15;4.79;886;29;2230.00;22
5620;29;624108595;5620;322;6503;6525;6.79;0.41;254.28;4.79;883;29;2231.00;22
5627;29;624108605;5627;327;6537;6595;6.88;0.42;254.31;4.76;910;29;2232.00;58
5629;29;624108623;5629;322;6539;6596;6.84;0.42;254.32;4.76;910;29;2233.00;57
5633;29;624108634;5633;326;6544;6596;6.83;0.42;254.41;4.76;911;29;2234.00;52
5637;29;624108645;5637;323;6547;6596;6.84;0.42;254.49;4.76;910;29;2235.00;49
5641;29;624108656;5641;319;6550;6596;6.89;0.42;254.64;4.76;909;29;2236.00;46
5645;29;624108667;5645;315;6554;6596;6.91;0.42;254.62;4.76;909;29;2237.00;42
5648;29;624108684;5648;320;6556;6596;6.89;0.42;254.64;4.76;908;29;2238.00;40
5650;29;624108694;5650;325;6558;6596;6.97;0.42;254.69;4.76;908;29;2239.00;38
5653;29;624108704;5653;325;6559;6597;6.96;0.43;254.82;4.76;906;29;2240.00;38
5658;29;624108716;5658;323;6561;6598;7.00;0.43;254.88;4.76;903;29;2241.00;37
5660;29;624108727;5660;325;6563;6598;7.05;0.43;254.82;4.76;903;29;2242.00;35
5666;29;624108745;5666;319;6568;6602;7.03;0.43;254.88;4.76;902;29;2243.00;34
5670;29;624108757;5670;314;6570;6602;7.03;0.43;254.95;4.77;900;29;2244.00;32
5671;29;624108767;5671;317;6571;6602;7.04;0.43;254.96;4.77;900;29;2245.00;31
5674;29;624108778;5674;322;6572;6602;7.10;0.43;255.03;4.77;898;29;2246.00;30
5675;29;624108789;5675;324;6577;6608;7.20;0.44;255.11;4.77;902;29;2247.00;31
5677;29;624108799;5677;321;6578;6608;7.27;0.44;255.10;4.77;901;29;2248.00;30
5679;29;624108811;5679;315;6579;6608;7.29;0.45;255.15;4.77;900;29;2249.00;29
5682;29;624108823;5682;319;6583;6614;7.31;0.45;255.19;4.77;901;29;2250.00;31
5686;29;624108836;5686;308;6583;6614;7.23;0.44;255.26;4.77;897;29;2251.00;31
5690;29;624108847;5690;311;6585;6614;7.19;0.44;255.27;4.76;895;29;2252.00;29
5696;29;624108858;5696;316;6585;6615;7.14;0.43;255.22;4.76;889;29;2253.00;30
5701;29;624108869;5701;317;6586;6616;7.05;0.43;255.26;4.76;885;29;2254.00;30
5702;29;624108880;5702;315;6586;6616;7.04;0.43;255.23;4.76;884;29;2255.00;30
5709;29;624108891;5709;319;6596;6629;7.03;0.43;255.29;4.76;887;29;2256.00;33
5709;29;624108903;5709;310;6596;6629;7.02;0.43;255.29;4.76;887;29;2257.00;33
5711;29;624108914;5711;303;6597;6629;7.08;0.43;255.40;4.76;886;29;2258.00;32
5713;29;624108925;5713;293;6598;6630;7.16;0.44;255.56;4.76;885;29;2259.00;32
5716;29;624108936;5716;293;6598;6630;7.24;0.44;255.62;4.76;882;29;2260.00;32
5721;29;624108948;5721;290;6602;6634;7.31;0.44;255.61;4.75;881;29;2261.00;32
5723;29;624108960;5723;291;6602;6634;7.39;0.45;255.64;4.75;879;29;2262.00;32
5726;29;624108972;5726;293;6605;6638;7.44;0.45;255.71;4.75;879;29;2263.00;33
5729;29;624108986;5729;291;6605;6638;7.48;0.46;255.76;4.75;876;29;2264.00;33
5730;29;624108998;5730;288;6605;6638;7.50;0.46;255.81;4.75;875;29;2265.00;33
5731;29;624109010;5731;275;6605;6638;7.59;0.46;255.82;4.75;874;29;2266.00;33
5737;29;624109021;5737;269;6605;6638;7.62;0.46;255.76;4.75;868;29;2267.00;33
5741;29;624109033;5741;257;6614;6650;7.73;0.47;255.82;4.74;873;29;2268.00;36
5744;29;624109046;5744;256;6614;6650;7.79;0.47;255.93;4.74;870;29;2269.00;36
5747;29;624109064;5747;257;6616;6650;7.92;0.48;256.10;4.74;869;29;2270.00;34
5749;29;624109076;5749;253;6616;6650;8.01;0.49;256.18;4.74;867;29;2271.00;34
5750;29;624109087;5750;246;6616;6650;8.08;0.49;256.16;4.74;866;29;2272.00;34
5753;29;624109099;5753;242;6616;6650;8.13;0.49;256.31;4.74;863;29;2273.00;34
5756;29;624109111;5756;236;6616;6651;8.21;0.50;256.41;4.74;860;29;2274.00;35
5757;29;624109123;5757;233;6616;6651;8.32;0.51;256.39;4.74;859;29;2275.00;35
5760;29;624109134;5760;232;6621;6657;8.45;0.51;256.43;4.74;861;29;2276.00;36
5763;29;624109147;5763;230;6623;6658;8.52;0.52;256.45;4.79;860;29;2277.00;35
5764;29;624109159;5764;227;6623;6658;8.63;0.53;256.44;4.79;859;29;2278.00;35
5765;29;624109171;5765;220;6623;6658;8.71;0.53;256.49;4.79;858;29;2279.00;35
5769;29;624109186;5769;220;6627;6663;8.81;0.54;256.49;4.79;858;29;2280.00;36
5772;29;624109198;5772;218;6627;6663;8.92;0.54;256.60;4.79;855;29;2281.00;36
5775;29;624109210;5775;219;6627;6663;8.98;0.55;256.67;4.79;852;29;2282.00;36
5778;29;624109222;5778;217;6628;6664;9.03;0.55;256.65;4.79;850;29;2283.00;36
5783;29;624109233;5783;214;6631;6668;9.05;0.55;256.82;4.78;848;29;2284.00;37
5785;29;624109245;5785;211;6631;6668;9.03;0.55;256.86;4.78;846;29;2285.00;37
5789;29;624109256;5789;206;6633;6671;9.07;0.55;256.88;4.78;844;29;2286.00;38
5791;29;624109268;5791;207;6633;6671;9.07;0.55;256.85;4.78;842;29;2287.00;38
5794;29;624109278;5794;215;6634;6671;9.15;0.56;256.97;4.78;840;29;2288.00;37
5797;29;624109289;5797;213;6634;6671;9.20;0.56;256.97;4.78;837;29;2289.00;37
5800;29;624109300;5800;215;6638;6675;9.26;0.56;256.95;4.78;838;29;2290.00;37
5804;29;624109312;5804;212;6638;6675;9.27;0.56;256.93;4.78;834;29;2291.00;37
5806;29;624109322;5806;208;6638;6675;9.32;0.57;256.98;4.78;832;29;2292.00;37
5809;29;624109333;5809;207;6638;6675;9.28;0.56;257.00;4.78;829;29;2293.00;37
5815;29;624109349;5815;202;6639;6676;9.14;0.55;256.93;4.83;824;29;2294.00;37
5818;29;624109360;5818;203;6641;6678;9.14;0.55;256.92;4.83;823;29;2295.00;37
5819;29;624109371;5819;209;6641;6678;9.08;0.55;256.89;4.83;822;29;2296.00;37
5823;29;624109382;5823;200;6642;6679;9.07;0.55;256.91;4.83;819;29;2297.00;37
5825;29;624109393;5825;200;6642;6679;9.08;0.55;256.91;4.83;817;29;2298.00;37
5827;29;624109403;5827;196;6642;6679;9.13;0.55;256.98;4.83;815;29;2299.00;37
5829;29;624109414;5829;195;6642;6679;9.13;0.55;257.01;4.83;813;29;2300.00;37
5831;29;624109428;5831;198;6642;6679;9.17;0.56;257.09;4.83;811;29;2301.00;37
5839;29;624109438;5839;197;6642;6679;9.07;0.55;257.16;4.83;803;29;2302.00;37
5840;29;624109448;5840;202;6642;6679;9.09;0.55;257.23;4.83;802;29;2303.00;37
5842;29;624109464;5842;233;6713;6806;8.97;0.55;257.39;4.77;871;29;2304.00;93
5843;29;624109484;5843;224;6714;6807;8.94;0.55;257.43;4.77;871;29;2305.00;93
5847;29;624109495;5847;215;6720;6807;9.00;0.55;257.41;4.77;873;29;2306.00;87
5849;29;624109506;5849;212;6720;6807;9.03;0.55;257.48;4.77;871;29;2307.00;87
5851;29;624109516;5851;209;6727;6807;9.07;0.56;257.53;4.77;876;29;2308.00;80
5854;29;624109526;5854;215;6730;6807;9.10;0.56;257.64;4.77;876;29;2309.00;77
5857;29;624109539;5857;214;6734;6807;9.09;0.56;257.70;4.82;877;29;2310.00;73
5859;29;624109550;5859;220;6738;6807;9.11;0.56;257.76;4.82;879;29;2311.00;69
5863;29;624109560;5863;225;6740;6808;9.11;0.56;257.89;4.82;877;29;2312.00;68
5865;29;624109571;5865;225;6743;6809;9.13;0.56;257.89;4.82;878;29;2313.00;66
5867;29;624109581;5867;218;6746;6809;9.09;0.56;257.85;4.83;879;29;2314.00;63
5873;29;624109592;5873;222;6749;6810;9.00;0.55;257.75;4.85;876;29;2315.00;61
5874;29;624109604;5874;221;6754;6810;9.00;0.55;257.74;4.86;880;29;2316.00;56
5877;29;624109615;5877;224;6755;6810;8.92;0.54;257.67;4.86;878;29;2317.00;55
5879;29;624109626;5879;228;6756;6810;8.82;0.54;257.65;4.86;877;29;2318.00;54
5881;29;624109636;5881;227;6761;6814;8.80;0.54;257.60;4.86;880;29;2319.00;53
5883;29;624109647;5883;239;6762;6814;8.78;0.54;257.61;4.86;879;29;2320.00;52
5884;29;624109658;5884;238;6764;6814;8.80;0.54;257.58;4.86;880;29;2321.00;50
5887;29;624109668;5887;241;6766;6817;8.79;0.54;257.48;4.87;879;29;2322.00;51
5887;29;624109679;5887;248;6767;6817;8.77;0.54;257.48;4.86;880;29;2323.00;50
5892;29;624109690;5892;252;6768;6817;8.74;0.53;257.34;4.87;876;29;2324.00;49
5897;29;624109700;5897;253;6771;6821;8.64;0.53;257.29;4.87;874;29;2325.00;50
5899;29;624109711;5899;255;6775;6822;8.53;0.52;257.24;4.87;876;29;2326.00;47
5906;29;624109722;5906;251;6775;6822;8.38;0.51;257.17;4.87;869;29;2327.00;47
5907;29;624109732;5907;255;6779;6826;8.28;0.50;257.13;4.87;872;29;2328.00;47
5909;29;624109743;5909;262;6779;6826;8.19;0.50;257.15;4.87;870;29;2329.00;47
5909;29;624109753;5909;262;6779;6826;8.16;0.50;257.15;4.87;870;29;2330.00;47
5913;29;624109762;5913;264;6780;6827;8.09;0.49;257.13;4.87;867;29;2331.00;47
5915;29;624109773;5915;272;6780;6827;8.03;0.49;257.10;4.87;865;29;2332.00;47
5916;29;624109783;5916;276;6785;6833;7.95;0.48;257.11;4.86;869;29;2333.00;48
5920;29;624109793;5920;281;6785;6833;7.86;0.48;257.01;4.86;865;29;2334.00;48
5922;29;624109803;5922;284;6785;6834;7.73;0.47;256.98;4.86;863;29;2335.00;49
5922;29;624109813;5922;285;6786;6834;7.66;0.46;256.98;4.88;864;29;2336.00;48
5924;29;624109823;5924;296;6786;6834;7.55;0.46;256.96;4.88;862;29;2337.00;48
5924;29;624109833;5924;304;6786;6834;7.45;0.45;256.96;4.88;862;29;2338.00;48
5925;29;624109843;5925;314;6788;6834;7.35;0.45;256.96;4.90;863;29;2339.00;46
5926;29;624109854;5926;318;6814;6870;7.38;0.45;256.97;4.88;888;29;2340.00;56
5930;29;624109866;5930;326;6814;6870;7.31;0.45;256.95;4.88;884;29;2341.00;56
5930;29;624109877;5930;336;6819;6870;7.25;0.44;256.95;4.90;889;29;2342.00;51
5931;29;624109886;5931;339;6819;6870;7.19;0.44;256.94;4.90;888;29;2343.00;51
5931;29;624109895;5931;345;6822;6870;7.14;0.44;256.94;4.92;891;29;2344.00;48
5934;29;624109912;5934;351;6822;6870;7.06;0.43;256.90;4.92;888;29;2345.00;48
5934;29;624109921;5934;360;6828;6874;7.00;0.43;256.90;4.93;894;29;2346.00;46
5936;29;624109931;5936;354;6829;6874;6.96;0.42;256.90;4.94;893;29;2347.00;45
5938;30;624109940;5938;349;6834;6878;6.96;0.42;256.85;4.94;896;30;2348.00;44
5938;30;624109966;5938;352;6836;6879;7.03;0.43;256.85;4.95;898;30;2349.00;43
5939;30;624109976;5939;357;6837;6879;6.98;0.43;256.83;4.96;898;30;2350.00;42
5939;30;624109985;5939;355;6838;6879;6.95;0.43;256.83;4.97;899;30;2351.00;41
5941;30;624109995;5941;361;6849;6892;6.94;0.42;256.77;4.96;908;30;2352.00;43
5941;30;624110006;5941;356;6849;6892;6.90;0.42;256.77;4.96;908;30;2353.00;43
5942;30;624110021;5942;357;6851;6892;6.89;0.42;256.76;4.98;909;30;2354.00;41
5944;30;624110031;5944;361;6852;6893;6.86;0.42;256.73;4.98;908;30;2355.00;41
5947;30;624110040;5947;367;6853;6894;6.75;0.41;256.70;4.99;906;30;2356.00;41
5948;30;624110056;5948;371;6854;6894;6.67;0.41;256.71;5.00;906;30;2357.00;40
5949;30;624110065;5949;375;6857;6897;6.61;0.40;256.70;5.00;908;30;2358.00;40
5950;30;624110075;5950;372;6860;6897;6.55;0.40;256.66;5.02;910;30;2359.00;37
5951;30;624110085;5951;366;6860;6897;6.47;0.39;256.65;5.02;909;30;2360.00;37
5954;30;624110094;5954;366;6861;6897;6.43;0.39;256.63;5.03;907;30;2361.00;36
5955;30;624110104;5955;368;6867;6903;6.46;0.39;256.65;5.03;912;30;2362.00;36
5957;30;624110114;5957;366;6868;6903;6.40;0.39;256.60;5.04;911;30;2363.00;35
5957;30;624110123;5957;363;6868;6903;6.30;0.38;256.60;5.04;911;30;2364.00;35
5957;30;624110132;5957;356;6868;6903;6.23;0.38;256.60;5.04;911;30;2365.00;35
5958;30;624110141;5958;356;6874;6907;6.17;0.38;256.57;5.06;916;30;2366.00;33
5959;30;624110150;5959;356;6875;6908;6.14;0.37;256.55;5.06;916;30;2367.00;33
5962;30;624110159;5962;351;6877;6908;6.14;0.37;256.57;5.07;915;30;2368.00;31
5962;30;624110169;5962;354;6879;6909;6.16;0.38;256.57;5.07;917;30;2369.00;30
5964;30;624110183;5964;354;6879;6909;6.15;0.37;256.64;5.07;915;30;2370.00;30
5965;30;624110197;5965;353;6881;6909;6.18;0.38;256.60;5.08;916;30;2371.00;28
5969;30;624110210;5969;361;6881;6909;6.17;0.38;256.61;5.08;912;30;2372.00;28
5971;30;624110228;5971;355;6881;6909;6.18;0.38;256.63;5.08;910;30;2373.00;28
5973;30;624110241;5973;352;6883;6909;6.13;0.37;256.64;5.08;910;30;2374.00;26
5978;30;624110259;5978;350;6883;6909;6.05;0.37;256.58;5.08;905;30;2375.00;26
5980;30;624110272;5980;357;6930;6979;6.10;0.38;256.61;5.05;950;30;2376.00;49
5982;30;624110292;5982;348;6932;6980;6.04;0.37;256.62;5.05;950;30;2377.00;48
5985;30;624110304;5985;345;6938;6980;5.97;0.37;256.69;5.05;953;30;2378.00;42
5987;30;624110323;5987;342;6940;6980;6.00;0.37;256.74;5.05;953;30;2379.00;40
5992;30;624110333;5992;340;6943;6980;6.01;0.37;256.81;5.05;951;30;2380.00;37
5994;30;624110344;5994;331;6945;6980;6.02;0.37;256.89;5.05;951;30;2381.00;35
5996;30;624110355;5996;331;6949;6980;6.13;0.38;256.89;5.05;953;30;2382.00;31
5998;32;624110365;5998;326;6950;6980;6.21;0.38;256.96;5.05;952;32;2383.00;30
6003;32;624110401;6003;328;6953;6981;6.21;0.38;257.02;5.05;950;32;2384.00;28
6005;32;624110417;6005;342;6955;6983;6.25;0.38;257.12;5.05;950;32;2385.00;28
6008;32;624110429;6008;345;6955;6983;6.31;0.39;257.21;5.05;947;32;2386.00;28
6012;32;624110440;6012;346;6960;6987;6.36;0.39;257.27;5.05;948;32;2387.00;27
6015;32;624110453;6015;349;6960;6987;6.41;0.39;257.42;5.05;945;32;2388.00;27
6020;32;624110465;6020;346;6961;6987;6.44;0.39;257.48;5.05;941;32;2389.00;26
6026;32;624110478;6026;346;6962;6987;6.46;0.40;257.44;5.05;936;32;2390.00;25
6031;32;624110490;6031;345;6967;6993;6.49;0.40;257.47;5.05;936;32;2391.00;26
6036;32;624110503;6036;343;6968;6993;6.51;0.40;257.48;5.05;932;32;2392.00;25
6039;32;624110515;6039;342;6968;6993;6.50;0.40;257.45;5.05;929;32;2393.00;25
6045;32;624110526;6045;336;6971;6996;6.53;0.40;257.45;5.04;926;32;2394.00;25
6048;32;624110538;6048;331;6972;6996;6.55;0.40;257.50;5.10;924;32;2395.00;24
6052;32;624110550;6052;325;6972;6996;6.64;0.40;257.50;5.10;920;32;2396.00;24
6056;32;624110561;6056;322;6973;6997;6.70;0.41;257.48;5.10;917;32;2397.00;24
6058;32;624110573;6058;318;6974;6998;6.82;0.42;257.52;5.10;916;32;2398.00;24
6060;32;624110584;6060;311;6974;6998;6.91;0.42;257.58;5.10;914;32;2399.00;24
6063;32;624110599;6063;313;6999;7057;6.99;0.43;257.58;5.08;936;32;2400.00;58
6065;32;624110624;6065;300;7001;7057;7.02;0.43;257.55;5.08;936;32;2401.00;56
6068;32;624110643;6068;296;7003;7057;7.04;0.43;257.67;5.08;935;32;2402.00;54
6071;32;624110656;6071;294;7004;7058;7.08;0.43;257.69;5.07;933;32;2403.00;54
6077;32;624110669;6077;304;7006;7058;7.12;0.43;257.74;5.07;929;32;2404.00;52
6081;32;624110681;6081;305;7010;7062;7.11;0.43;257.80;5.07;929;32;2405.00;52
6084;32;624110694;6084;305;7012;7062;7.15;0.44;257.90;5.07;928;32;2406.00;50
6091;32;624110707;6091;302;7016;7066;7.12;0.43;258.13;5.07;925;32;2407.00;50
6093;32;624110720;6093;298;7016;7066;7.18;0.44;258.14;5.07;923;32;2408.00;50
6098;32;624110733;6098;305;7016;7066;7.19;0.44;258.24;5.07;918;32;2409.00;50
6100;32;624110746;6100;305;7017;7066;7.17;0.44;258.29;5.07;917;32;2410.00;49
6103;32;624110758;6103;304;7017;7066;7.12;0.43;258.29;5.07;914;32;2411.00;49
6106;32;624110771;6106;307;7028;7078;7.15;0.44;258.32;5.12;922;32;2412.00;50
6110;32;624110786;6110;306;7029;7078;7.08;0.43;258.36;5.12;919;32;2413.00;49
6113;32;624110798;6113;300;7030;7078;7.02;0.43;258.43;5.12;917;32;2414.00;48
6116;32;624110811;6116;306;7030;7078;6.98;0.43;258.51;5.12;914;32;2415.00;48
6120;32;624110831;6120;298;7031;7078;6.94;0.42;258.62;5.13;911;32;2416.00;47
6122;32;624110849;6122;296;7031;7078;6.97;0.42;258.67;5.13;909;32;2417.00;47
6125;32;624110861;6125;302;7034;7079;6.95;0.42;258.74;5.18;909;32;2418.00;45
6127;32;624110874;6127;303;7036;7079;6.97;0.42;258.82;5.18;909;32;2419.00;43
6131;32;624110885;6131;307;7040;7085;6.98;0.42;258.89;5.18;909;32;2420.00;45
6132;32;624110897;6132;306;7042;7086;7.06;0.43;258.89;5.18;910;32;2421.00;44
6133;32;624110909;6133;311;7042;7086;7.10;0.43;258.91;5.18;909;32;2422.00;44
6138;32;624110921;6138;312;7042;7086;7.15;0.43;259.07;5.18;904;32;2423.00;44
6140;32;624110941;6140;319;7044;7090;7.23;0.44;259.10;5.18;904;32;2424.00;46
6142;32;624110953;6142;319;7045;7090;7.27;0.44;259.16;5.18;903;32;2425.00;45
6146;32;624110964;6146;320;7046;7090;7.27;0.44;259.14;5.18;900;32;2426.00;44
6149;32;624110976;6149;309;7049;7091;7.30;0.45;259.17;5.18;900;32;2427.00;42
6154;32;624110988;6154;303;7052;7095;7.26;0.44;259.17;5.18;898;32;2428.00;43
6159;32;624111000;6159;296;7052;7095;7.21;0.44;259.35;5.18;893;32;2429.00;43
6161;32;624111013;6161;299;7057;7101;7.22;0.44;259.32;5.18;896;32;2430.00;44
6165;32;624111025;6165;304;7058;7101;7.22;0.44;259.37;5.18;893;32;2431.00;43
6168;32;624111037;6168;302;7059;7101;7.22;0.44;259.46;5.18;891;32;2432.00;42
6173;32;624111048;6173;303;7059;7101;7.20;0.44;259.51;5.18;886;32;2433.00;42
6177;32;624111059;6177;302;7063;7105;7.23;0.44;259.58;5.18;886;32;2434.00;42
6179;32;624111072;6179;305;7063;7105;7.24;0.44;259.69;5.18;884;32;2435.00;42
6184;32;624111088;6184;292;7064;7105;7.23;0.44;259.67;5.18;880;32;2436.00;41
6186;32;624111101;6186;289;7064;7105;7.24;0.44;259.78;5.18;878;32;2437.00;41
6190;32;624111112;6190;285;7064;7106;7.19;0.44;259.87;5.18;874;32;2438.00;42
6191;32;624111124;6191;276;7065;7107;7.20;0.44;259.85;5.18;874;32;2439.00;42
6192;32;624111136;6192;276;7066;7107;7.22;0.44;259.82;5.22;874;32;2440.00;41
6196;32;624111148;6196;271;7067;7108;7.18;0.44;259.84;5.22;871;32;2441.00;41
6199;32;624111161;6199;278;7068;7108;7.21;0.44;260.00;5.23;869;32;2442.00;40
6201;32;624111174;6201;279;7068;7108;7.24;0.44;260.03;5.23;867;32;2443.00;40
6203;32;624111187;6203;280;7068;7108;7.28;0.44;260.02;5.23;865;32;2444.00;40
6206;32;624111199;6206;280;7068;7108;7.32;0.45;260.19;5.23;862;32;2445.00;40
6210;32;624111211;6210;280;7068;7108;7.38;0.45;260.17;5.23;858;32;2446.00;40
6211;32;624111223;6211;274;7068;7108;7.46;0.46;260.24;5.23;857;32;2447.00;40
6216;32;624111235;6216;289;7136;7235;7.50;0.46;260.31;5.18;920;32;2448.00;99
6219;32;624111257;6219;278;7136;7236;7.54;0.47;260.30;5.18;917;32;2449.00;100
6221;32;624111268;6221;279;7143;7236;7.64;0.47;260.31;5.18;922;32;2450.00;93
6224;32;624111280;6224;281;7143;7236;7.73;0.48;260.35;5.18;919;32;2451.00;93
6224;32;624111291;6224;276;7149;7236;7.90;0.49;260.35;5.18;925;32;2452.00;87
6227;32;624111303;6227;282;7151;7236;7.96;0.49;260.54;5.18;924;32;2453.00;85
6231;32;624111314;6231;286;7157;7236;8.03;0.50;260.60;5.23;926;32;2454.00;79
6234;32;624111326;6234;282;7160;7236;8.08;0.50;260.57;5.23;926;32;2455.00;76
6235;32;624111337;6235;281;7162;7237;8.14;0.50;260.56;5.23;927;32;2456.00;75
6239;32;624111349;6239;280;7165;7238;8.17;0.50;260.71;5.23;926;32;2457.00;73
6242;32;624111361;6242;277;7167;7238;8.14;0.50;260.73;5.23;925;32;2458.00;71
6244;32;624111372;6244;277;7170;7239;8.08;0.50;260.81;5.24;926;32;2459.00;69
6246;32;624111386;6246;280;7175;7239;8.00;0.49;260.80;5.29;929;32;2460.00;64
6248;32;624111397;6248;284;7176;7239;7.97;0.49;260.85;5.29;928;32;2461.00;63
6250;32;624111409;6250;288;7178;7239;7.97;0.49;260.83;5.29;928;32;2462.00;61
6253;32;624111420;6253;296;7182;7243;7.93;0.49;260.87;5.29;929;32;2463.00;61
6254;32;624111432;6254;294;7183;7243;7.93;0.49;260.88;5.29;929;32;2464.00;60
6256;32;624111443;6256;301;7186;7243;7.89;0.49;260.88;5.31;930;32;2465.00;57
6260;32;624111454;6260;307;7188;7246;7.92;0.49;260.98;5.31;928;32;2466.00;58
6261;32;624111469;6261;310;7190;7246;7.92;0.49;260.96;5.31;929;32;2467.00;56
6263;32;624111481;6263;311;7192;7246;7.93;0.49;260.94;5.32;929;32;2468.00;54
6266;32;624111492;6266;314;7196;7250;7.94;0.49;260.94;5.32;930;32;2469.00;54
6268;32;624111504;6268;320;7198;7251;7.99;0.49;260.98;5.32;930;32;2470.00;53
6271;32;624111521;6271;320;7199;7251;7.99;0.49;261.01;5.32;928;32;2471.00;52
6274;32;624111532;6274;320;7202;7255;8.04;0.49;261.08;5.32;928;32;2472.00;53
6278;32;624111542;6278;321;7203;7255;8.04;0.49;261.12;5.32;925;32;2473.00;52
6284;32;624111553;6284;319;7204;7255;7.97;0.49;261.15;5.32;920;32;2474.00;51
6287;32;624111569;6287;325;7206;7257;7.97;0.49;261.11;5.32;919;32;2475.00;51
6290;32;624111580;6290;326;7208;7257;7.99;0.49;261.18;5.37;918;32;2476.00;49
6295;32;624111591;6295;327;7213;7263;7.96;0.49;261.16;5.36;918;32;2477.00;50
6299;32;624111602;6299;325;7213;7263;7.93;0.48;261.12;5.36;914;32;2478.00;50
6300;32;624111612;6300;329;7213;7264;7.90;0.48;261.09;5.36;913;32;2479.00;51
6307;32;624111622;6307;323;7213;7264;7.81;0.48;261.02;5.36;906;32;2480.00;51
6309;32;624111632;6309;321;7213;7264;7.76;0.47;260.97;5.36;904;32;2481.00;51
6314;32;624111648;6314;315;7213;7264;7.69;0.47;260.84;5.36;899;32;2482.00;51
6318;32;624111658;6318;311;7213;7264;7.58;0.46;260.82;5.36;895;32;2483.00;51
6322;32;624111668;6322;308;7222;7276;7.62;0.46;260.83;5.36;900;32;2484.00;54
6325;32;624111679;6325;302;7225;7276;7.63;0.47;260.73;5.38;900;32;2485.00;51
6326;32;624111689;6326;302;7227;7276;7.70;0.47;260.73;5.42;901;32;2486.00;49
6327;32;624111699;6327;299;7227;7276;7.73;0.47;260.73;5.42;900;32;2487.00;49
6329;32;624111709;6329;302;7227;7276;7.73;0.47;260.72;5.42;898;32;2488.00;49
6333;32;624111718;6333;303;7228;7276;7.73;0.47;260.77;5.47;895;32;2489.00;48
6336;32;624111730;6336;299;7231;7280;7.74;0.47;260.77;5.46;895;32;2490.00;49
6337;32;624111740;6337;301;7231;7280;7.78;0.47;260.75;5.46;894;32;2491.00;49
6339;32;624111750;6339;306;7236;7284;7.76;0.47;260.76;5.51;897;32;2492.00;48
6342;32;624111760;6342;308;7236;7285;7.76;0.47;260.71;5.51;894;32;2493.00;49
6343;32;624111770;6343;314;7237;7285;7.79;0.47;260.69;5.51;894;32;2494.00;48
6346;32;624111779;6346;318;7238;7285;7.75;0.47;260.68;5.55;892;32;2495.00;47
6348;32;624111789;6348;324;7248;7298;7.71;0.47;260.66;5.56;900;32;2496.00;50
6352;32;624111800;6352;324;7249;7298;7.66;0.46;260.60;5.60;897;32;2497.00;49
6355;32;624111810;6355;325;7249;7298;7.56;0.46;260.57;5.60;894;32;2498.00;49
6357;32;624111820;6357;317;7250;7299;7.51;0.45;260.51;5.60;893;32;2499.00;49
6360;32;624111830;6360;313;7250;7300;7.42;0.45;260.46;5.60;890;32;2500.00;50
6361;32;624111844;6361;310;7250;7300;7.41;0.45;260.43;5.60;889;32;2501.00;50
6362;32;624111854;6362;315;7254;7303;7.42;0.45;260.44;5.62;892;32;2502.00;49
6364;32;624111865;6364;308;7255;7303;7.45;0.45;260.39;5.62;891;32;2503.00;48
6366;32;624111875;6366;301;7256;7303;7.48;0.45;260.39;5.63;890;32;2504.00;47
6366;32;624111886;6366;300;7257;7303;7.56;0.46;260.39;5.63;891;32;2505.00;46
6367;32;624111895;6367;303;7262;7309;7.70;0.47;260.40;5.63;895;32;2506.00;47
6367;32;624111906;6367;297;7263;7309;7.71;0.47;260.40;5.64;896;32;2507.00;46
6367;32;624111916;6367;295;7264;7309;7.77;0.47;260.40;5.64;897;32;2508.00;45
6370;32;624111926;6370;295;7264;7309;7.79;0.47;260.40;5.64;894;32;2509.00;45
6371;32;624111936;6371;295;7268;7313;7.77;0.47;260.39;5.64;897;32;2510.00;45
6372;32;624111947;6372;299;7269;7314;7.83;0.47;260.38;5.64;897;32;2511.00;45
6373;32;624111957;6373;302;7269;7314;7.81;0.47;260.39;5.64;896;32;2512.00;45
6373;32;624111969;6373;302;7273;7315;7.77;0.47;260.39;5.67;900;32;2513.00;42
6374;32;624111979;6374;309;7274;7315;7.77;0.47;260.35;5.68;900;32;2514.00;41
6374;32;624111989;6374;309;7277;7315;7.72;0.47;260.35;5.71;903;32;2515.00;38
6375;32;624112000;6375;308;7277;7315;7.70;0.47;260.36;5.71;902;32;2516.00;38
6376;32;624112010;6376;310;7278;7315;7.69;0.47;260.35;5.73;902;32;2517.00;37
6376;32;624112021;6376;307;7280;7315;7.69;0.47;260.35;5.74;904;32;2518.00;35
6377;32;624112032;6377;308;7281;7315;7.69;0.47;260.34;5.75;904;32;2519.00;34
6380;32;624112044;6380;316;7337;7440;7.84;0.48;260.42;5.71;957;32;2520.00;103
6380;32;624112063;6380;312;7342;7441;7.78;0.48;260.42;5.71;962;32;2521.00;99
6382;32;624112074;6382;311;7354;7441;7.77;0.48;260.52;5.72;972;32;2522.00;87
6383;32;624112086;6383;308;7363;7441;7.74;0.48;260.54;5.72;980;32;2523.00;78
6384;32;624112097;6384;303;7367;7441;7.67;0.47;260.52;5.71;983;32;2524.00;74
6386;32;624112108;6386;308;7372;7441;7.54;0.46;260.51;5.72;986;32;2525.00;69
6387;32;624112120;6387;306;7378;7441;7.43;0.46;260.50;5.73;991;32;2526.00;63
6391;32;624112130;6391;314;7386;7441;7.30;0.45;260.55;5.74;995;32;2527.00;55
6392;32;624112142;6392;324;7391;7442;7.20;0.44;260.51;5.75;999;32;2528.00;51
6395;32;624112153;6395;326;7393;7443;7.10;0.44;260.68;5.75;998;32;2529.00;50
6396;32;624112164;6396;331;7396;7443;7.06;0.43;260.66;5.76;1000;32;2530.00;47
6401;32;624112176;6401;333;7401;7447;6.95;0.43;260.67;5.76;1000;32;2531.00;46
6404;32;624112192;6404;338;7402;7447;6.86;0.42;260.70;5.77;998;32;2532.00;45
6406;32;624112214;6406;344;7404;7447;6.80;0.42;260.75;5.77;998;32;2533.00;43
6407;32;624112231;6407;347;7404;7447;6.80;0.42;260.76;5.77;997;32;2534.00;43
6409;32;624112247;6409;354;7411;7453;6.74;0.41;260.73;5.77;1002;32;2535.00;42
6409;32;624112265;6409;356;7411;7453;6.75;0.41;260.73;5.77;1002;32;2536.00;42
6411;32;624112282;6411;358;7413;7455;6.73;0.41;260.84;5.78;1002;32;2537.00;42
6414;32;624112297;6414;362;7415;7458;6.70;0.41;260.81;5.78;1001;32;2538.00;43
6416;32;624112310;6416;367;7415;7458;6.67;0.41;260.90;5.78;999;32;2539.00;43
6417;32;624112323;6417;366;7416;7458;6.62;0.40;260.88;5.78;999;32;2540.00;42
6420;32;624112335;6420;369;7420;7459;6.53;0.40;260.88;5.80;1000;32;2541.00;39
6421;32;624112348;6421;381;7422;7460;6.45;0.40;260.87;5.80;1001;32;2542.00;38
6424;32;624112359;6424;388;7423;7460;6.40;0.39;260.80;5.81;999;32;2543.00;37
6427;32;624112372;6427;393;7435;7473;6.40;0.39;260.79;5.80;1008;32;2544.00;38
6431;32;624112385;6431;390;7436;7473;6.33;0.39;260.88;5.81;1005;32;2545.00;37
6432;32;624112397;6432;387;7437;7473;6.35;0.39;260.87;5.81;1005;32;2546.00;36
6437;32;624112408;6437;383;7438;7474;6.30;0.39;261.02;5.81;1001;32;2547.00;36
6440;32;624112420;6440;386;7439;7474;6.20;0.38;261.13;5.81;999;32;2548.00;35
6442;32;624112430;6442;385;7444;7478;6.19;0.38;261.13;5.81;1002;32;2549.00;34
6445;32;624112444;6445;385;7446;7481;6.14;0.38;261.20;5.81;1001;32;2550.00;35
6448;32;624112456;6448;382;7450;7485;6.11;0.38;261.22;5.81;1002;32;2551.00;35
6454;32;624112469;6454;376;7452;7485;6.07;0.38;261.51;5.81;998;32;2552.00;33
6457;32;624112482;6457;378;7453;7485;6.10;0.38;261.48;5.81;996;32;2553.00;32
6460;32;624112493;6460;382;7454;7485;6.05;0.37;261.53;5.81;994;32;2554.00;31
6465;32;624112505;6465;377;7454;7485;6.05;0.37;261.64;5.81;989;32;2555.00;31
6467;32;624112517;6467;384;7464;7497;6.13;0.38;261.69;5.81;997;32;2556.00;33
6473;32;624112529;6473;381;7465;7497;6.14;0.38;261.70;5.81;992;32;2557.00;32
6476;32;624112541;6476;374;7466;7497;6.20;0.38;261.78;5.81;990;32;2558.00;31
6479;32;624112552;6479;369;7466;7497;6.20;0.38;261.86;5.81;987;32;2559.00;31
6482;32;624112563;6482;359;7466;7497;6.24;0.39;261.91;5.81;984;32;2560.00;31
6484;32;624112574;6484;359;7466;7497;6.31;0.39;261.90;5.81;982;32;2561.00;31
6490;32;624112586;6490;359;7466;7498;6.34;0.39;262.01;5.81;976;32;2562.00;32
6493;32;624112599;6493;353;7466;7498;6.42;0.40;262.02;5.81;973;32;2563.00;32
6494;32;624112610;6494;349;7471;7504;6.59;0.41;262.04;5.80;977;32;2564.00;33
6499;32;624112622;6499;340;7472;7506;6.65;0.41;262.06;5.80;973;32;2565.00;34
6505;32;624112640;6505;340;7474;7506;6.77;0.42;261.98;5.85;969;32;2566.00;32
6509;32;624112653;6509;341;7474;7506;6.81;0.42;262.01;5.85;965;32;2567.00;32
6512;32;624112665;6512;336;7477;7510;6.85;0.42;262.03;5.85;965;32;2568.00;33
6518;32;624112677;6518;328;7477;7510;6.84;0.42;262.07;5.85;959;32;2569.00;33
6523;32;624112689;6523;330;7477;7510;6.82;0.42;262.00;5.85;954;32;2570.00;33
6528;32;624112700;6528;335;7478;7511;6.80;0.42;261.98;5.85;950;32;2571.00;33
6530;32;624112713;6530;330;7481;7515;6.81;0.42;262.01;5.85;951;32;2572.00;34
6536;32;624112725;6536;331;7481;7515;6.73;0.41;261.98;5.85;945;32;2573.00;34
6540;32;624112737;6540;328;7483;7518;6.76;0.41;262.21;5.85;943;32;2574.00;35
6545;32;624112749;6545;328;7484;7518;6.79;0.41;262.25;5.85;939;32;2575.00;34
6550;32;624112761;6550;326;7484;7518;6.80;0.42;262.33;5.85;934;32;2576.00;34
6554;32;624112773;6554;329;7484;7518;6.83;0.42;262.37;5.85;930;32;2577.00;34
6556;32;624112785;6556;327;7488;7522;6.90;0.42;262.36;5.84;932;32;2578.00;34
6561;32;624112798;6561;330;7488;7522;6.86;0.42;262.52;5.84;927;32;2579.00;34
6564;32;624112811;6564;326;7488;7522;6.88;0.42;262.49;5.84;924;32;2580.00;34
6568;32;624112823;6568;330;7488;7522;6.82;0.42;262.55;5.84;920;32;2581.00;34
6575;32;624112834;6575;328;7488;7523;6.72;0.41;262.69;5.84;913;32;2582.00;35
6578;32;624112846;6578;329;7490;7524;6.65;0.41;262.66;5.90;912;32;2583.00;34
6580;32;624112858;6580;334;7490;7524;6.60;0.40;262.73;5.90;910;32;2584.00;34
6587;32;624112869;6587;341;7491;7525;6.53;0.40;262.80;5.90;904;32;2585.00;34
6590;32;624112881;6590;340;7491;7525;6.55;0.40;262.80;5.90;901;32;2586.00;34
6592;32;624112893;6592;344;7491;7525;6.57;0.40;262.76;5.90;899;32;2587.00;34
6596;32;624112903;6596;343;7491;7525;6.56;0.40;262.79;5.90;895;32;2588.00;34
6599;32;624112914;6599;349;7491;7525;6.56;0.40;262.82;5.90;892;32;2589.00;34
6603;32;624112925;6603;350;7491;7525;6.57;0.40;262.94;5.90;888;32;2590.00;34
6604;32;624112937;6604;349;7491;7525;6.57;0.40;262.92;5.90;887;32;2591.00;34
6604;32;624112948;6604;373;7559;7652;6.70;0.42;262.92;5.85;955;32;2592.00;93
6610;32;624112969;6610;354;7562;7653;6.64;0.41;262.96;5.84;952;32;2593.00;91
6613;32;624112982;6613;356;7571;7653;6.71;0.41;263.03;5.84;958;32;2594.00;82
6615;32;624112994;6615;352;7573;7653;6.69;0.41;263.05;5.84;958;32;2595.00;80
6617;32;624113006;6617;363;7577;7653;6.69;0.41;263.04;5.84;960;32;2596.00;76
6621;32;624113019;6621;355;7579;7653;6.65;0.41;263.14;5.84;958;32;2597.00;74
6624;32;624113031;6624;360;7582;7653;6.63;0.41;263.25;5.84;958;32;2598.00;71
6627;32;624113049;6627;355;7584;7653;6.65;0.41;263.39;5.84;957;32;2599.00;69
6628;32;624113062;6628;357;7588;7654;6.69;0.41;263.46;5.84;960;32;2600.00;66
6632;32;624113078;6632;359;7593;7655;6.66;0.41;263.60;5.84;961;32;2601.00;62
6632;32;624113091;6632;355;7595;7655;6.65;0.41;263.60;5.84;963;32;2602.00;60
6634;32;624113104;6634;358;7598;7656;6.62;0.41;263.71;5.90;964;32;2603.00;58
6640;32;624113116;6640;365;7602;7656;6.54;0.40;263.73;5.90;962;32;2604.00;54
6641;32;624113129;6641;374;7604;7656;6.55;0.40;263.76;5.91;963;32;2605.00;52
6645;32;624113140;6645;374;7605;7656;6.52;0.40;263.83;5.91;960;32;2606.00;51
6648;32;624113153;6648;373;7610;7660;6.54;0.40;263.78;5.91;962;32;2607.00;50
6651;32;624113166;6651;375;7611;7660;6.59;0.41;263.82;5.91;960;32;2608.00;49
6654;32;624113183;6654;376;7612;7660;6.62;0.41;263.79;5.91;958;32;2609.00;48
6657;32;624113199;6657;377;7617;7666;6.62;0.41;263.82;5.91;960;32;2610.00;49
6659;32;624113213;6659;384;7617;7666;6.61;0.41;263.90;5.91;958;32;2611.00;49
6662;32;624113227;6662;383;7619;7666;6.64;0.41;263.91;5.91;957;32;2612.00;47
6665;32;624113239;6665;378;7622;7670;6.68;0.41;263.97;5.91;957;32;2613.00;48
6668;32;624113252;6668;379;7625;7671;6.72;0.41;263.99;5.91;957;32;2614.00;46
6671;32;624113265;6671;382;7626;7671;6.73;0.41;264.05;5.91;955;32;2615.00;45
6672;32;624113276;6672;381;7629;7675;6.80;0.42;264.06;5.91;957;32;2616.00;46
6677;32;624113288;6677;382;7629;7675;6.82;0.42;264.11;5.91;952;32;2617.00;46
6679;32;624113300;6679;381;7629;7675;6.83;0.42;264.20;5.91;950;32;2618.00;46
6681;32;624113311;6681;380;7631;7676;6.90;0.42;264.24;5.96;950;32;2619.00;45
6683;32;624113323;6683;385;7631;7676;7.00;0.43;264.27;5.96;948;32;2620.00;45
6684;32;624113334;6684;383;7636;7682;7.11;0.44;264.27;5.96;952;32;2621.00;46
6686;32;624113346;6686;386;7636;7682;7.08;0.43;264.28;5.96;950;32;2622.00;46
6689;32;624113357;6689;391;7636;7683;7.05;0.43;264.43;5.96;947;32;2623.00;47
6690;32;624113368;6690;385;7636;7683;7.06;0.43;264.44;5.96;946;32;2624.00;47
6694;32;624113380;6694;384;7636;7683;7.12;0.43;264.53;5.96;942;32;2625.00;47
6701;32;624113392;6701;382;7636;7683;7.08;0.43;264.47;5.96;935;32;2626.00;47
6704;32;624113403;6704;381;7636;7683;7.04;0.43;264.53;5.96;932;32;2627.00;47
6705;32;624113414;6705;380;7646;7695;7.09;0.43;264.52;5.95;941;32;2628.00;49
6710;32;624113426;6710;382;7646;7695;7.08;0.43;264.53;5.95;936;32;2629.00;49
6712;32;624113438;6712;388;7647;7695;7.14;0.43;264.48;5.95;935;32;2630.00;48
6713;32;624113448;6713;384;7647;7695;7.19;0.44;264.45;5.95;934;32;2631.00;48
6716;32;624113459;6716;387;7647;7695;7.26;0.44;264.44;5.95;931;32;2632.00;48
6721;32;624113470;6721;386;7647;7695;7.29;0.44;264.41;5.95;926;32;2633.00;48
6722;32;624113481;6722;381;7650;7699;7.35;0.45;264.42;5.95;928;32;2634.00;49
6726;32;624113492;6726;381;7650;7699;7.38;0.45;264.41;5.95;924;32;2635.00;49
6727;32;624113502;6727;382;7654;7703;7.36;0.45;264.38;5.95;927;32;2636.00;49
6730;32;624113514;6730;382;7655;7704;7.30;0.44;264.28;5.95;925;32;2637.00;49
6730;32;624113524;6730;385;7655;7704;7.28;0.44;264.28;5.95;925;32;2638.00;49
6732;32;624113535;6732;383;7655;7704;7.24;0.44;264.25;5.95;923;32;2639.00;49
6734;32;624113564;6734;390;7678;7733;7.19;0.44;264.22;5.93;944;32;2640.00;55
6737;32;624113577;6737;383;7678;7733;7.21;0.44;264.18;5.93;941;32;2641.00;55
6739;32;624113588;6739;383;7680;7733;7.24;0.44;264.16;5.93;941;32;2642.00;53
6739;32;624113599;6739;387;7681;7734;7.30;0.44;264.16;5.93;942;32;2643.00;53
6740;32;624113609;6740;384;7681;7735;7.35;0.45;264.15;5.93;941;32;2644.00;54
6741;32;624113619;6741;385;7681;7735;7.36;0.45;264.16;5.93;940;32;2645.00;54
6743;32;624113630;6743;386;7683;7738;7.38;0.45;264.14;5.93;940;32;2646.00;55
6744;32;624113640;6744;389;7683;7738;7.40;0.45;264.14;5.93;939;32;2647.00;55
6748;32;624113651;6748;392;7684;7738;7.39;0.45;264.09;5.93;936;32;2648.00;54
6751;32;624113661;6751;387;7684;7738;7.36;0.45;264.11;5.93;933;32;2649.00;54
6752;32;624113671;6752;386;7689;7744;7.32;0.45;264.09;5.92;937;32;2650.00;55
6757;32;624113682;6757;371;7689;7744;7.21;0.44;264.08;5.92;932;32;2651.00;55
6757;32;624113693;6757;357;7689;7744;7.16;0.44;264.08;5.92;932;32;2652.00;55
6760;33;624113702;6760;349;7689;7744;7.19;0.44;264.11;5.92;929;33;2653.00;55
6760;33;624113723;6760;338;7694;7748;7.21;0.44;264.11;6.00;934;33;2654.00;54
6761;33;624113735;6761;329;7696;7750;7.29;0.44;264.09;5.99;935;33;2655.00;54
6763;33;624113746;6763;328;7697;7750;7.36;0.45;264.08;6.01;934;33;2656.00;53
6766;33;624113757;6766;323;7698;7751;7.45;0.45;264.03;6.01;932;33;2657.00;53
6769;33;624113767;6769;319;7698;7751;7.54;0.46;264.00;6.01;929;33;2658.00;53
6771;33;624113778;6771;315;7698;7751;7.63;0.46;263.96;6.01;927;33;2659.00;53
6772;34;624113788;6772;306;7698;7751;7.75;0.47;263.93;6.01;926;34;2660.00;53
6774;35;624113813;6774;304;7698;7751;7.80;0.47;263.88;6.01;924;35;2661.00;53
6775;35;624113835;6775;297;7698;7751;7.87;0.48;263.85;6.01;923;35;2662.00;53
6775;35;624113848;6775;297;7698;7751;7.93;0.48;263.85;6.01;923;35;2663.00;53
6778;35;624113859;6778;291;7733;7821;8.10;0.49;263.82;5.98;955;35;2664.00;88
6780;35;624113875;6780;288;7735;7822;8.08;0.49;263.84;5.98;955;35;2665.00;87
6783;35;624113887;6783;281;7742;7822;8.11;0.49;263.79;5.97;959;35;2666.00;80
6785;35;624113898;6785;285;7746;7822;8.09;0.49;263.75;5.97;961;35;2667.00;76
6788;35;624113909;6788;276;7750;7822;8.05;0.49;263.77;5.97;962;35;2668.00;72
6791;35;624113920;6791;275;7755;7822;8.01;0.49;263.71;6.04;964;35;2669.00;67
6791;35;624113932;6791;269;7758;7822;8.04;0.49;263.71;6.04;967;35;2670.00;64
6791;35;624113943;6791;268;7761;7822;8.00;0.48;263.71;6.04;970;35;2671.00;61
6792;35;624113954;6792;271;7763;7823;7.91;0.48;263.73;6.04;971;35;2672.00;60
6796;35;624113971;6796;273;7764;7824;7.82;0.47;263.79;6.04;968;35;2673.00;60
6798;35;624113982;6798;275;7765;7824;7.75;0.47;263.78;6.04;967;35;2674.00;59
6800;35;624113993;6800;280;7769;7828;7.70;0.47;263.80;6.04;969;35;2675.00;59
6801;35;624114004;6801;288;7770;7828;7.68;0.47;263.85;6.03;969;35;2676.00;58
6805;35;624114015;6805;286;7771;7828;7.65;0.46;263.86;6.05;966;35;2677.00;57
6808;35;624114026;6808;294;7771;7828;7.64;0.46;263.92;6.05;963;35;2678.00;57
6812;35;624114037;6812;296;7776;7834;7.64;0.46;263.91;6.05;964;35;2679.00;58
6813;35;624114054;6813;302;7778;7834;7.56;0.46;263.93;6.07;965;35;2680.00;56
6815;35;624114064;6815;310;7778;7834;7.47;0.45;263.97;6.07;963;35;2681.00;56
6817;35;624114075;6817;318;7780;7837;7.46;0.45;264.00;6.07;963;35;2682.00;57
6818;35;624114087;6818;324;7782;7837;7.45;0.45;263.99;6.08;964;35;2683.00;55
6819;35;624114097;6819;325;7783;7837;7.38;0.45;263.97;6.09;964;35;2684.00;54
6820;35;624114108;6820;326;7783;7838;7.27;0.44;264.00;6.09;963;35;2685.00;55
6823;35;624114119;6823;334;7786;7839;7.16;0.44;263.98;6.12;963;35;2686.00;53
6827;35;624114131;6827;333;7786;7839;7.00;0.43;263.95;6.12;959;35;2687.00;53
6828;35;624114142;6828;343;7797;7852;6.92;0.42;263.99;6.13;969;35;2688.00;55
6829;35;624114159;6829;341;7798;7852;6.82;0.42;264.03;6.13;969;36;2689.00;54
6830;35;624114181;6830;344;7801;7852;6.74;0.41;264.07;6.15;971;36;2690.00;51
6834;35;624114196;6834;350;7803;7853;6.65;0.40;264.16;6.16;969;36;2691.00;50
6836;35;624114215;6836;355;7804;7853;6.63;0.40;264.14;6.18;968;36;2692.00;49
6840;35;624114234;6840;353;7808;7857;6.63;0.40;264.26;6.17;968;36;2693.00;49
6840;35;624114251;6840;353;7810;7857;6.57;0.40;264.26;6.19;970;36;2694.00;47
6840;35;624114275;6840;359;7815;7861;6.58;0.40;264.26;6.21;975;36;2695.00;46
6842;35;624114289;6842;356;7815;7861;6.52;0.40;264.30;6.21;973;36;2696.00;46
6843;35;624114301;6843;366;7817;7861;6.49;0.40;264.28;6.22;974;36;2697.00;44
6845;35;624114313;6845;366;7817;7861;6.40;0.39;264.34;6.22;972;36;2698.00;44
6849;35;624114325;6849;365;7819;7861;6.38;0.39;264.36;6.24;970;36;2699.00;42
6849;35;624114339;6849;359;7845;7910;6.57;0.40;264.36;6.22;996;36;2700.00;65
6851;35;624114360;6851;357;7850;7910;6.56;0.40;264.38;6.23;999;36;2701.00;60
6853;35;624114372;6853;355;7851;7910;6.61;0.41;264.42;6.22;998;36;2702.00;59
6855;35;624114384;6855;347;7851;7910;6.60;0.40;264.41;6.22;996;36;2703.00;59
6859;36;624114396;6859;349;7855;7910;6.54;0.40;264.61;6.23;996;37;2704.00;55
6863;36;624114415;6863;341;7856;7910;6.56;0.40;264.63;6.24;993;37;2705.00;54
6865;36;624114432;6865;342;7857;7911;6.51;0.40;264.66;6.24;992;37;2706.00;54
6867;36;624114443;6867;347;7860;7911;6.45;0.39;264.71;6.24;993;37;2707.00;51
6868;36;624114460;6868;346;7864;7917;6.52;0.40;264.77;6.24;996;37;2708.00;53
6870;36;624114473;6870;353;7867;7918;6.55;0.40;264.80;6.25;997;37;2709.00;51
6873;36;624114486;6873;356;7867;7918;6.48;0.40;264.93;6.25;994;37;2710.00;51
6877;36;624114498;6877;364;7870;7918;6.41;0.39;264.89;6.26;993;37;2711.00;48
6883;36;624114509;6883;363;7875;7922;6.38;0.39;264.89;6.26;992;37;2712.00;47
6887;36;624114521;6887;369;7876;7922;6.26;0.38;264.95;6.26;989;37;2713.00;46
6889;36;624114532;6889;371;7876;7922;6.20;0.38;264.92;6.26;987;37;2714.00;46
6893;36;624114543;6893;368;7877;7923;6.16;0.38;265.00;6.26;984;37;2715.00;46
6895;36;624114554;6895;373;7883;7927;6.07;0.37;265.01;6.26;988;37;2716.00;44
6901;36;624114565;6901;378;7883;7927;5.96;0.36;265.05;6.26;982;37;2717.00;44
6907;36;624114582;6907;382;7888;7930;5.94;0.36;265.18;6.26;981;37;2718.00;42
6908;36;624114593;6908;385;7888;7930;5.94;0.36;265.19;6.26;980;37;2719.00;42
6912;36;624114603;6912;370;7891;7930;5.89;0.36;265.28;6.26;979;37;2720.00;39
6916;36;624114615;6916;372;7891;7930;5.85;0.36;265.47;6.26;975;37;2721.00;39
6918;36;624114626;6918;373;7895;7934;5.89;0.36;265.48;6.26;977;37;2722.00;39
6921;36;624114637;6921;376;7897;7934;5.89;0.36;265.53;6.27;976;37;2723.00;37
6924;36;624114648;6924;377;7898;7934;5.86;0.36;265.62;6.27;974;37;2724.00;36
6927;36;624114659;6927;378;7898;7934;5.90;0.36;265.63;6.27;971;37;2725.00;36
6931;36;624114670;6931;373;7899;7935;5.91;0.36;265.71;6.27;968;37;2726.00;36
6935;36;624114681;6935;362;7900;7936;5.91;0.36;265.74;6.27;965;37;2727.00;36
6939;36;624114692;6939;358;7901;7936;5.92;0.36;265.82;6.27;962;37;2728.00;35
6944;36;624114703;6944;351;7902;7937;5.96;0.37;265.84;6.27;958;37;2729.00;35
6948;36;624114717;6948;345;7905;7937;5.95;0.37;265.86;6.27;957;37;2730.00;32
6952;36;624114728;6952;342;7906;7937;5.95;0.37;265.94;6.35;954;37;2731.00;31
6955;36;624114740;6955;336;7906;7937;6.00;0.37;266.02;6.35;951;37;2732.00;31
6955;36;624114751;6955;335;7906;7937;6.04;0.37;266.02;6.35;951;37;2733.00;31
6962;36;624114762;6962;330;7906;7937;6.09;0.37;266.10;6.35;944;37;2734.00;31
6969;36;624114774;6969;335;7906;7937;6.11;0.37;266.19;6.35;937;37;2735.00;31
6969;36;624114784;6969;341;7970;8064;6.39;0.40;266.19;6.30;1001;37;2736.00;94
6975;36;624114805;6975;337;7976;8065;6.41;0.40;266.35;6.30;1001;37;2737.00;89
6982;36;624114817;6982;339;7984;8065;6.43;0.40;266.37;6.29;1002;37;2738.00;81
6986;36;624114829;6986;346;7987;8065;6.48;0.40;266.42;6.29;1001;37;2739.00;78
6991;36;624114840;6991;351;7991;8065;6.51;0.40;266.41;6.29;1000;37;2740.00;74
6994;36;624114853;6994;351;7992;8065;6.49;0.40;266.49;6.29;998;37;2741.00;73
6998;36;624114864;6998;354;7995;8065;6.46;0.40;266.56;6.29;997;37;2742.00;70
7003;36;624114876;7003;359;7997;8065;6.42;0.40;266.67;6.29;994;37;2743.00;68
7006;36;624114887;7006;364;8002;8066;6.43;0.40;266.71;6.29;996;37;2744.00;64
7009;36;624114905;7009;365;8007;8068;6.43;0.40;266.73;6.29;998;37;2745.00;61
7015;36;624114918;7015;363;8009;8068;6.41;0.39;266.75;6.29;994;37;2746.00;59
7020;36;624114930;7020;359;8010;8069;6.34;0.39;266.85;6.29;990;37;2747.00;59
7025;36;624114941;7025;359;8016;8069;6.30;0.39;266.82;6.36;991;37;2748.00;53
7027;36;624114953;7027;367;8018;8069;6.31;0.39;266.95;6.36;991;37;2749.00;51
7032;36;624114965;7032;374;8021;8069;6.24;0.38;266.95;6.36;989;37;2750.00;48
7037;36;624114977;7037;374;8027;8073;6.18;0.38;267.03;6.36;990;37;2751.00;46
7040;36;624114990;7040;381;8027;8073;6.15;0.38;267.09;6.36;987;37;2752.00;46
7042;36;624115001;7042;388;8031;8073;6.13;0.38;267.14;6.37;989;37;2753.00;42
7049;36;624115013;7049;391;8034;8076;6.04;0.37;267.26;6.37;985;37;2754.00;42
7052;36;624115025;7052;383;8034;8076;5.99;0.37;267.30;6.37;982;37;2755.00;42
7056;36;624115036;7056;402;8035;8076;5.88;0.36;267.34;6.37;979;37;2756.00;41
7060;36;624115049;7060;413;8038;8080;5.81;0.36;267.44;6.37;978;37;2757.00;42
7063;36;624115061;7063;420;8043;8081;5.78;0.36;267.54;6.42;980;37;2758.00;38
7067;36;624115073;7067;427;8043;8081;5.74;0.35;267.54;6.42;976;37;2759.00;38
7070;36;624115087;7070;431;8046;8086;5.73;0.35;267.63;6.42;976;37;2760.00;40
7073;36;624115099;7073;443;8046;8086;5.67;0.35;267.64;6.42;973;37;2761.00;40
7076;36;624115109;7076;452;8047;8086;5.64;0.35;267.74;6.42;971;37;2762.00;39
7079;36;624115120;7079;456;8048;8087;5.61;0.34;267.82;6.42;969;37;2763.00;39
7084;36;624115138;7084;456;8048;8087;5.56;0.34;267.83;6.42;964;37;2764.00;39
7086;36;624115148;7086;456;8053;8093;5.60;0.34;267.91;6.42;967;37;2765.00;40
7090;36;624115160;7090;462;8053;8093;5.58;0.34;267.94;6.42;963;37;2766.00;40
7095;36;624115171;7095;448;8053;8094;5.52;0.34;267.99;6.42;958;37;2767.00;41
7096;36;624115184;7096;449;8053;8094;5.53;0.34;267.97;6.42;957;37;2768.00;41
7100;36;624115195;7100;442;8053;8094;5.50;0.34;268.04;6.42;953;37;2769.00;41
7101;36;624115206;7101;439;8053;8094;5.54;0.34;268.05;6.42;952;37;2770.00;41
7101;36;624115218;7101;435;8053;8094;5.57;0.34;268.05;6.42;952;37;2771.00;41
7104;36;624115229;7104;433;8063;8106;5.70;0.35;268.02;6.41;959;37;2772.00;43
7104;36;624115241;7104;437;8064;8106;5.78;0.36;268.02;6.41;960;37;2773.00;42
7106;36;624115252;7106;443;8064;8106;5.80;0.36;268.02;6.41;958;37;2774.00;42
7106;36;624115263;7106;440;8064;8106;5.85;0.36;268.02;6.41;958;37;2775.00;42
7107;36;624115275;7107;433;8064;8106;5.88;0.36;268.00;6.41;957;37;2776.00;42
7113;36;624115286;7113;420;8064;8106;5.85;0.36;267.93;6.41;951;37;2777.00;42
7114;36;624115298;7114;409;8067;8110;5.91;0.36;267.91;6.41;953;37;2778.00;43
7119;36;624115308;7119;400;8067;8110;5.94;0.36;267.84;6.41;948;37;2779.00;43
7121;36;624115320;7121;395;8071;8114;5.97;0.36;267.87;6.40;950;37;2780.00;43
7122;36;624115331;7122;393;8072;8115;6.04;0.37;267.85;6.40;950;37;2781.00;43
7124;36;624115342;7124;390;8072;8115;6.05;0.37;267.80;6.40;948;37;2782.00;43
7126;36;624115354;7126;388;8072;8115;6.08;0.37;267.78;6.40;946;37;2783.00;43
7130;36;624115365;7130;387;8083;8128;6.20;0.38;267.81;6.39;953;37;2784.00;45
7130;36;624115377;7130;385;8083;8128;6.28;0.38;267.81;6.39;953;37;2785.00;45
7132;36;624115389;7132;387;8083;8128;6.33;0.39;267.76;6.39;951;37;2786.00;45
7133;36;624115400;7133;385;8084;8129;6.44;0.39;267.74;6.39;951;37;2787.00;45
7137;36;624115411;7137;386;8084;8130;6.48;0.40;267.65;6.39;947;37;2788.00;46
7139;36;624115422;7139;380;8084;8130;6.52;0.40;267.68;6.39;945;37;2789.00;46
7143;36;624115434;7143;379;8088;8136;6.49;0.39;267.67;6.39;945;37;2790.00;48
7145;36;624115446;7145;372;8088;8136;6.42;0.39;267.72;6.39;943;37;2791.00;48
7146;36;624115456;7146;373;8090;8136;6.49;0.40;267.70;6.39;944;37;2792.00;46
7148;36;624115467;7148;366;8090;8136;6.47;0.39;267.70;6.39;942;37;2793.00;46
7151;36;624115478;7151;365;8095;8142;6.44;0.39;267.76;6.39;944;37;2794.00;47
7152;36;624115489;7152;368;8095;8142;6.43;0.39;267.81;6.39;943;37;2795.00;47
7154;36;624115499;7154;363;8095;8142;6.42;0.39;267.77;6.39;941;37;2796.00;47
7155;36;624115510;7155;364;8095;8142;6.44;0.39;267.76;6.39;940;37;2797.00;47
7156;36;624115520;7156;368;8098;8146;6.42;0.39;267.77;6.38;942;37;2798.00;48
7158;36;624115530;7158;362;8099;8147;6.42;0.39;267.79;6.38;941;37;2799.00;48
7160;36;624115541;7160;370;8099;8147;6.45;0.39;267.78;6.38;939;37;2800.00;48
7161;36;624115555;7161;362;8100;8148;6.46;0.39;267.75;6.38;939;37;2801.00;48
7164;36;624115566;7164;360;8100;8148;6.43;0.39;267.74;6.38;936;37;2802.00;48
7164;36;624115576;7164;352;8100;8148;6.48;0.39;267.74;6.38;936;37;2803.00;48
7165;36;624115593;7165;344;8100;8148;6.54;0.40;267.74;6.38;935;37;2804.00;48
7166;36;624115609;7166;334;8100;8148;6.63;0.40;267.72;6.38;934;37;2805.00;48
7167;36;624115619;7167;324;8100;8148;6.74;0.41;267.73;6.38;933;37;2806.00;48
7169;36;624115630;7169;311;8100;8148;6.89;0.42;267.76;6.38;931;37;2807.00;48
7169;36;624115641;7169;317;8139;8218;7.02;0.43;267.76;6.35;970;37;2808.00;79
7169;36;624115657;7169;301;8139;8219;7.15;0.43;267.76;6.35;970;37;2809.00;80
7170;36;624115668;7170;294;8146;8219;7.35;0.45;267.75;6.35;976;37;2810.00;73
7172;36;624115679;7172;292;8148;8219;7.48;0.45;267.73;6.35;976;37;2811.00;71
7173;36;624115690;7173;283;8150;8219;7.61;0.46;267.72;6.35;977;37;2812.00;69
7174;36;624115707;7174;282;8152;8219;7.76;0.47;267.76;6.35;978;37;2813.00;67
7175;36;624115719;7175;276;8154;8219;7.89;0.48;267.75;6.35;979;37;2814.00;65
7177;36;624115732;7177;277;8157;8219;7.95;0.48;267.77;6.35;980;37;2815.00;62
7179;36;624115744;7179;270;8158;8220;8.02;0.49;267.76;6.35;979;37;2816.00;62
7181;36;624115756;7181;267;8160;8221;8.00;0.48;267.77;6.35;979;37;2817.00;61
7183;36;624115774;7183;269;8162;8221;8.04;0.49;267.73;6.35;979;37;2818.00;59
7187;36;624115786;7187;263;8167;8225;7.99;0.48;267.68;6.35;980;37;2819.00;58
7188;36;624115800;7188;259;8169;8225;7.97;0.48;267.67;6.35;981;37;2820.00;56
7188;36;624115817;7188;262;8170;8225;7.98;0.48;267.67;6.35;982;37;2821.00;55
7191;36;624115828;7191;259;8171;8225;7.98;0.48;267.63;6.35;980;37;2822.00;54
7194;36;624115840;7194;251;8177;8231;7.94;0.48;267.59;6.41;983;37;2823.00;54
7196;36;624115853;7196;255;8177;8231;7.89;0.48;267.64;6.41;981;37;2824.00;54
7198;36;624115864;7198;253;8178;8231;7.87;0.48;267.64;6.42;980;37;2825.00;53
7200;36;624115876;7200;254;8180;8234;7.89;0.48;267.77;6.42;980;37;2826.00;54
7203;36;624115888;7203;250;8180;8234;7.88;0.48;267.85;6.42;977;37;2827.00;54
7204;36;624115900;7204;259;8181;8234;7.91;0.48;267.85;6.42;977;37;2828.00;53
7207;36;624115912;7207;257;8181;8235;7.91;0.48;267.84;6.42;974;37;2829.00;54
7209;36;624115924;7209;255;8182;8236;7.93;0.48;267.82;6.42;973;37;2830.00;54
7213;36;624115935;7213;254;8182;8236;7.89;0.48;267.78;6.42;969;37;2831.00;54
7216;36;624115947;7216;253;8192;8249;7.86;0.48;267.88;6.41;976;37;2832.00;57
7220;36;624115960;7220;255;8193;8249;7.88;0.48;267.89;6.41;973;37;2833.00;56
7221;36;624115972;7221;254;8193;8249;7.86;0.48;267.89;6.41;972;37;2834.00;56
7224;36;624115984;7224;254;8195;8251;7.93;0.48;267.84;6.41;971;37;2835.00;56
7227;36;624115996;7227;250;8195;8251;7.95;0.48;267.89;6.41;968;37;2836.00;56
7229;36;624116008;7229;253;8198;8255;8.01;0.48;267.87;6.40;969;37;2837.00;57
7232;36;624116020;7232;254;8198;8255;8.02;0.49;267.97;6.40;966;37;2838.00;57
7233;36;624116032;7233;258;8201;8259;8.06;0.49;267.97;6.40;968;37;2839.00;58
7235;36;624116043;7235;249;8202;8259;8.07;0.49;268.05;6.40;967;37;2840.00;57
7236;36;624116055;7236;253;8202;8259;8.11;0.49;268.05;6.40;966;37;2841.00;57
7238;36;624116066;7238;255;8202;8259;8.08;0.49;268.13;6.40;964;37;2842.00;57
7239;36;624116078;7239;262;8202;8259;8.04;0.49;268.20;6.40;963;37;2843.00;57
7242;36;624116095;7242;254;8212;8271;8.00;0.49;268.20;6.39;970;37;2844.00;59
7244;36;624116106;7244;258;8213;8271;7.96;0.48;268.23;6.39;969;37;2845.00;58
7246;36;624116119;7246;263;8213;8271;7.88;0.48;268.28;6.39;967;37;2846.00;58
7247;36;624116130;7247;267;8213;8271;7.84;0.48;268.33;6.39;966;37;2847.00;58
7248;36;624116141;7248;272;8213;8271;7.78;0.47;268.41;6.39;965;37;2848.00;58
7251;36;624116153;7251;279;8215;8271;7.71;0.47;268.47;6.42;964;37;2849.00;56
7251;36;624116167;7251;284;8217;8274;7.72;0.47;268.47;6.42;966;37;2850.00;57
7252;36;624116180;7252;281;8217;8274;7.75;0.47;268.46;6.42;965;37;2851.00;57
7254;36;624116199;7254;282;8223;8280;7.82;0.47;268.49;6.43;969;37;2852.00;57
7256;36;624116220;7256;285;8225;8281;7.81;0.47;268.53;6.44;969;37;2853.00;56
7259;36;624116240;7259;287;8225;8281;7.74;0.47;268.61;6.44;966;37;2854.00;56
7262;36;624116259;7262;284;8227;8281;7.66;0.47;268.58;6.46;965;37;2855.00;54
7266;36;624116275;7266;290;8230;8285;7.61;0.46;268.66;6.45;964;37;2856.00;55
7267;36;624116294;7267;292;8231;8285;7.54;0.46;268.65;6.46;964;37;2857.00;54
7268;36;624116307;7268;296;8232;8285;7.49;0.46;268.67;6.47;964;37;2858.00;53
7269;36;624116320;7269;301;8235;8286;7.51;0.46;268.66;6.50;966;37;2859.00;51
7271;36;624116333;7271;303;8240;8290;7.42;0.45;268.74;6.51;969;37;2860.00;50
7272;36;624116346;7272;300;8240;8290;7.40;0.45;268.80;6.51;968;37;2861.00;50
7276;36;624116357;7276;307;8244;8293;7.41;0.45;268.81;6.52;968;37;2862.00;49
7278;36;624116370;7278;308;8245;8293;7.43;0.45;268.81;6.52;967;37;2863.00;48
7280;36;624116383;7280;312;8248;8295;7.35;0.45;268.83;6.53;968;37;2864.00;47
7282;36;624116401;7282;318;8248;8295;7.28;0.45;268.92;6.53;966;37;2865.00;47
7283;36;624116414;7283;322;8253;8299;7.26;0.44;268.90;6.54;970;37;2866.00;46
7284;36;624116425;7284;326;8253;8299;7.19;0.44;268.95;6.54;969;37;2867.00;46
7288;36;624116437;7288;328;8256;8299;7.11;0.43;268.98;6.56;968;37;2868.00;43
7291;36;624116448;7291;326;8257;8299;7.05;0.43;269.06;6.57;966;37;2869.00;42
7293;36;624116459;7293;323;8259;8300;6.99;0.43;269.08;6.59;966;37;2870.00;41
7296;36;624116471;7296;319;8260;8301;6.92;0.42;269.17;6.58;964;37;2871.00;41
7297;36;624116483;7297;314;8262;8301;6.85;0.42;269.15;6.60;965;37;2872.00;39
7300;36;624116495;7300;312;8263;8302;6.83;0.42;269.16;6.60;963;37;2873.00;39
7305;36;624116506;7305;315;8265;8302;6.78;0.41;269.15;6.61;960;37;2874.00;37
7305;36;624116519;7305;312;8265;8302;6.83;0.42;269.15;6.61;960;37;2875.00;37
7308;36;624116530;7308;313;8266;8302;6.87;0.42;269.28;6.61;958;37;2876.00;36
7312;36;624116541;7312;311;8267;8302;6.88;0.42;269.25;6.61;955;37;2877.00;35
7315;36;624116553;7315;310;8267;8302;6.90;0.42;269.37;6.61;952;37;2878.00;35
7318;36;624116565;7318;316;8269;8302;6.87;0.42;269.46;6.62;951;37;2879.00;33
7318;36;624116577;7318;353;8371;8532;7.01;0.44;269.46;6.54;1053;37;2880.00;161
7321;36;624116608;7321;352;8375;8533;6.95;0.43;269.56;6.54;1054;37;2881.00;158
7326;36;624116620;7326;334;8387;8533;6.94;0.43;269.54;6.54;1061;37;2882.00;146
7328;36;624116632;7328;335;8392;8533;6.85;0.43;269.55;6.53;1064;37;2883.00;141
7332;36;624116645;7332;322;8401;8533;6.88;0.43;269.49;6.53;1069;37;2884.00;132
7335;36;624116657;7335;318;8405;8533;6.85;0.42;269.56;6.53;1070;37;2885.00;128
7340;36;624116669;7340;314;8414;8533;6.79;0.42;269.62;6.53;1074;37;2886.00;119
7343;36;624116681;7343;314;8422;8533;6.67;0.41;269.61;6.53;1079;37;2887.00;111
7346;36;624116693;7346;320;8428;8534;6.56;0.41;269.65;6.53;1082;37;2888.00;106
7349;36;624116704;7349;329;8434;8535;6.48;0.40;269.66;6.53;1085;37;2889.00;101
7352;36;624116717;7352;325;8439;8535;6.40;0.40;269.80;6.54;1087;37;2890.00;96
7355;36;624116729;7355;332;8441;8536;6.31;0.39;269.85;6.54;1086;37;2891.00;95
7357;36;624116740;7357;329;8447;8536;6.23;0.39;269.94;6.54;1090;37;2892.00;89
7360;36;624116752;7360;325;8449;8536;6.15;0.38;270.03;6.54;1089;37;2893.00;87
7365;36;624116770;7365;340;8451;8536;6.06;0.38;270.17;6.55;1086;37;2894.00;85
7368;36;624116782;7368;346;8457;8540;5.91;0.37;270.21;6.55;1089;37;2895.00;83
7370;36;624116794;7370;357;8459;8540;5.84;0.36;270.22;6.55;1089;37;2896.00;81
7375;36;624116806;7375;362;8460;8540;5.84;0.36;270.29;6.55;1085;37;2897.00;80
7378;36;624116819;7378;362;8463;8543;5.82;0.36;270.26;6.55;1085;37;2898.00;80
7381;36;624116831;7381;358;8465;8543;5.84;0.36;270.33;6.56;1084;37;2899.00;78
7387;36;624116844;7387;358;8468;8543;5.82;0.36;270.45;6.56;1081;37;2900.00;75
7389;36;624116861;7389;350;8474;8547;5.86;0.36;270.46;6.63;1085;37;2901.00;73
7394;36;624116875;7394;345;8476;8548;5.86;0.36;270.59;6.63;1082;37;2902.00;72
7399;36;624116888;7399;340;8481;8548;5.89;0.36;270.69;6.64;1082;37;2903.00;67
7403;36;624116900;7403;348;8483;8552;5.91;0.36;270.64;6.64;1080;37;2904.00;69
7408;36;624116914;7408;352;8487;8552;5.91;0.36;270.76;6.64;1079;37;2905.00;65
7411;36;624116926;7411;357;8488;8552;5.93;0.36;270.76;6.64;1077;37;2906.00;64
7413;36;624116940;7413;360;8489;8553;5.93;0.36;270.73;6.64;1076;37;2907.00;64
7417;36;624116952;7417;372;8491;8553;5.89;0.36;270.81;6.65;1074;37;2908.00;62
7424;36;624116965;7424;383;8496;8559;5.81;0.36;270.87;6.65;1072;37;2909.00;63
7425;36;624116980;7425;396;8496;8559;5.80;0.36;270.85;6.65;1071;37;2910.00;63
7429;36;624116993;7429;399;8497;8560;5.74;0.35;270.99;6.65;1068;37;2911.00;63
7433;36;624117005;7433;403;8497;8560;5.67;0.35;271.00;6.65;1064;37;2912.00;63
7434;36;624117018;7434;422;8499;8560;5.57;0.34;270.98;6.65;1065;37;2913.00;61
7439;36;624117030;7439;428;8499;8560;5.50;0.34;271.03;6.65;1060;37;2914.00;61
7440;36;624117043;7440;444;8500;8560;5.43;0.33;271.05;6.66;1060;37;2915.00;60
7443;36;624117054;7443;443;8509;8572;5.47;0.34;271.09;6.65;1066;37;2916.00;63
7446;36;624117068;7446;435;8511;8572;5.46;0.34;271.20;6.65;1065;37;2917.00;61
7451;36;624117079;7451;433;8511;8572;5.39;0.33;271.20;6.65;1060;37;2918.00;61
7454;36;624117092;7454;436;8514;8572;5.32;0.33;271.34;6.73;1060;37;2919.00;58
7456;36;624117103;7456;435;8514;8572;5.31;0.33;271.41;6.73;1058;37;2920.00;58
7460;36;624117115;7460;442;8515;8572;5.30;0.33;271.39;6.73;1055;37;2921.00;57
7463;36;624117127;7463;443;8518;8576;5.33;0.33;271.38;6.73;1055;37;2922.00;58
7466;36;624117138;7466;448;8518;8576;5.28;0.33;271.41;6.73;1052;37;2923.00;58
7469;36;624117150;7469;448;8523;8580;5.26;0.33;271.46;6.73;1054;37;2924.00;57
7474;36;624117162;7474;453;8525;8582;5.19;0.32;271.53;6.73;1051;37;2925.00;57
7479;36;624117173;7479;453;8526;8582;5.13;0.32;271.54;6.73;1047;37;2926.00;56
7482;36;624117187;7482;459;8527;8582;5.08;0.31;271.54;6.73;1045;37;2927.00;55
7486;36;624117199;7486;466;8538;8595;5.09;0.32;271.53;6.72;1052;37;2928.00;57
7492;36;624117211;7492;476;8538;8595;5.03;0.31;271.56;6.72;1046;37;2929.00;57
7497;36;624117223;7497;479;8539;8595;4.99;0.31;271.55;6.72;1042;37;2930.00;56
7502;36;624117234;7502;480;8540;8596;4.95;0.31;271.52;6.72;1038;37;2931.00;56
7503;36;624117244;7503;481;8540;8597;4.94;0.31;271.53;6.72;1037;37;2932.00;57
7505;36;624117255;7505;482;8540;8597;4.90;0.30;271.53;6.72;1035;37;2933.00;57
7510;36;624117266;7510;488;8543;8600;4.93;0.30;271.42;6.72;1033;37;2934.00;57
7513;36;624117276;7513;495;8544;8600;4.90;0.30;271.40;6.78;1031;37;2935.00;56
7515;36;624117289;7515;503;8544;8600;4.91;0.30;271.39;6.78;1029;37;2936.00;56
7520;36;624117299;7520;489;8544;8600;4.93;0.30;271.39;6.78;1024;37;2937.00;56
7523;36;624117310;7523;483;8549;8606;4.95;0.31;271.37;6.78;1026;37;2938.00;57
7526;36;624117322;7526;479;8549;8606;4.96;0.31;271.37;6.78;1023;37;2939.00;57
7529;36;624117334;7529;477;8549;8606;5.00;0.31;271.40;6.78;1020;37;2940.00;57
7531;36;624117345;7531;472;8549;8606;4.99;0.31;271.34;6.78;1018;37;2941.00;57
7534;36;624117355;7534;476;8552;8610;5.01;0.31;271.29;6.78;1018;37;2942.00;58
7535;36;624117367;7535;479;8553;8611;5.04;0.31;271.31;6.78;1018;37;2943.00;58
7538;36;624117377;7538;479;8553;8611;5.04;0.31;271.28;6.78;1015;37;2944.00;58
7540;36;624117388;7540;481;8554;8612;5.05;0.31;271.30;6.78;1014;37;2945.00;58
7543;36;624117398;7543;473;8554;8612;5.12;0.31;271.24;6.78;1011;37;2946.00;58
7545;36;624117409;7545;462;8555;8612;5.18;0.32;271.22;6.84;1010;37;2947.00;57
7548;36;624117420;7548;449;8555;8612;5.26;0.32;271.12;6.84;1007;37;2948.00;57
7551;36;624117431;7551;438;8555;8612;5.35;0.33;271.13;6.84;1004;37;2949.00;57
7552;36;624117442;7552;429;8555;8612;5.45;0.33;271.15;6.84;1003;37;2950.00;57
7554;36;624117458;7554;424;8555;8612;5.54;0.34;271.17;6.84;1001;37;2951.00;57
7556;36;624117471;7556;427;8589;8682;5.71;0.35;271.13;6.81;1033;37;2952.00;93
7560;36;624117487;7560;422;8589;8683;5.71;0.35;271.11;6.81;1029;37;2953.00;94
7560;36;624117499;7560;422;8596;8683;5.83;0.36;271.11;6.81;1036;37;2954.00;87
7562;36;624117510;7562;403;8599;8683;5.87;0.36;271.12;6.81;1037;37;2955.00;84
7563;36;624117522;7563;398;8602;8683;5.91;0.36;271.09;6.87;1039;37;2956.00;81
7566;36;624117534;7566;394;8604;8683;6.03;0.37;271.09;6.87;1038;37;2957.00;79
7568;36;624117546;7568;383;8607;8683;6.11;0.37;271.10;6.87;1039;37;2958.00;76
7571;36;624117558;7571;379;8609;8683;6.22;0.38;271.17;6.87;1038;37;2959.00;74
7571;36;624117570;7571;370;8610;8684;6.30;0.38;271.17;6.87;1039;37;2960.00;74
7574;36;624117582;7574;370;8612;8685;6.31;0.38;271.13;6.87;1038;37;2961.00;73
7575;36;624117595;7575;361;8615;8685;6.41;0.39;271.16;6.87;1040;37;2962.00;70
7576;36;624117607;7576;357;8619;8689;6.46;0.39;271.13;6.87;1043;37;2963.00;70
7576;36;624117619;7576;354;8620;8689;6.52;0.40;271.13;6.87;1044;37;2964.00;69
7577;36;624117637;7577;345;8621;8689;6.54;0.40;271.11;6.93;1044;37;2965.00;68
7577;36;624117650;7577;342;8621;8689;6.57;0.40;271.11;6.93;1044;37;2966.00;68
7579;36;624117662;7579;347;8625;8695;6.60;0.40;271.10;6.93;1046;37;2967.00;70
7579;36;624117679;7579;342;8625;8695;6.66;0.40;271.10;6.93;1046;37;2968.00;70
7581;36;624117692;7581;337;8625;8695;6.68;0.40;271.08;6.93;1044;37;2969.00;70
7581;36;624117706;7581;337;8629;8701;6.81;0.41;271.08;6.92;1048;37;2970.00;72
7584;36;624117719;7584;338;8629;8701;6.87;0.42;271.13;6.92;1045;37;2971.00;72
7584;36;624117731;7584;334;8631;8701;6.96;0.42;271.13;6.92;1047;37;2972.00;70
7585;36;624117743;7585;326;8631;8702;7.04;0.43;271.14;6.92;1046;37;2973.00;71
7587;36;624117755;7587;319;8633;8703;7.09;0.43;271.13;6.98;1046;37;2974.00;70
7589;36;624117768;7589;318;8633;8703;7.16;0.43;271.15;6.98;1044;37;2975.00;70
7591;36;624117780;7591;313;8642;8716;7.30;0.44;271.17;6.97;1051;37;2976.00;74
7594;36;624117792;7594;310;8642;8716;7.38;0.45;271.12;6.97;1048;37;2977.00;74
7596;36;624117805;7596;306;8642;8716;7.47;0.45;271.25;6.97;1046;37;2978.00;74
7597;36;624117817;7597;306;8643;8717;7.53;0.46;271.25;6.97;1046;37;2979.00;74
7602;36;624117830;7602;304;8643;8717;7.55;0.46;271.21;6.97;1041;37;2980.00;74
7603;36;624117842;7603;302;8646;8721;7.63;0.46;271.20;6.97;1043;37;2981.00;75
7605;36;624117856;7605;310;8646;8721;7.63;0.46;271.19;6.97;1041;37;2982.00;75
7607;36;624117869;7607;311;8649;8725;7.69;0.47;271.33;6.97;1042;37;2983.00;76
7612;36;624117882;7612;312;8650;8725;7.70;0.47;271.39;7.02;1038;37;2984.00;75
7615;36;624117894;7615;310;8650;8725;7.75;0.47;271.43;7.02;1035;37;2985.00;75
7618;36;624117907;7618;310;8650;8725;7.78;0.47;271.50;7.02;1032;37;2986.00;75
7622;36;624117919;7622;313;8650;8725;7.79;0.47;271.57;7.02;1028;37;2987.00;75
7624;36;624117931;7624;319;8660;8737;7.82;0.47;271.64;7.01;1036;37;2988.00;77
7627;36;624117944;7627;317;8661;8737;7.79;0.47;271.70;7.02;1034;37;2989.00;76
7630;36;624117957;7630;315;8662;8737;7.75;0.47;271.80;7.02;1032;37;2990.00;75
7632;36;624117970;7632;319;8662;8737;7.77;0.47;271.78;7.02;1030;37;2991.00;75
7635;36;624117982;7635;318;8663;8737;7.75;0.47;271.79;7.07;1028;37;2992.00;74
7638;36;624117994;7638;320;8666;8737;7.73;0.47;271.87;7.08;1028;37;2993.00;71
7641;36;624118007;7641;318;8666;8738;7.79;0.47;271.95;7.08;1025;37;2994.00;72
7643;36;624118019;7643;316;8668;8738;7.83;0.47;272.00;7.10;1025;37;2995.00;70
7645;37;624118033;7645;313;8672;8744;7.93;0.48;272.04;7.10;1027;38;2996.00;72
7647;37;624118060;7647;311;8673;8745;8.01;0.49;272.01;7.10;1026;38;2997.00;72
7650;37;624118072;7650;309;8673;8745;8.03;0.49;272.08;7.10;1023;38;2998.00;72
7653;37;624118085;7653;309;8673;8745;8.09;0.49;272.13;7.10;1020;38;2999.00;72
7658;37;624118100;7658;308;8678;8765;8.10;0.49;272.11;7.10;1020;38;3000.00;87
7662;37;624118118;7662;301;8678;8765;8.11;0.49;272.13;7.10;1016;38;3001.00;87
7664;37;624118141;7664;296;8678;8765;8.14;0.49;272.10;7.10;1014;38;3002.00;87
7667;37;624118153;7667;293;8679;8766;8.17;0.50;272.13;7.10;1012;38;3003.00;87
7669;37;624118165;7669;284;8682;8770;8.15;0.49;272.20;7.09;1013;38;3004.00;88
7672;37;624118178;7672;282;8683;8770;8.16;0.49;272.19;7.09;1011;38;3005.00;87
7673;37;624118197;7673;285;8686;8773;8.23;0.50;272.19;7.09;1013;38;3006.00;87
7674;37;624118220;7674;285;8690;8773;8.28;0.50;272.15;7.10;1016;38;3007.00;83
7680;37;624118241;7680;294;8690;8773;8.30;0.50;272.19;7.10;1010;38;3008.00;83
7681;37;624118260;7681;294;8690;8773;8.30;0.50;272.17;7.10;1009;38;3009.00;83
7684;37;624118279;7684;298;8696;8777;8.22;0.50;272.20;7.12;1012;38;3010.00;81
7689;37;624118297;7689;297;8696;8777;8.21;0.50;272.18;7.12;1007;38;3011.00;81
7693;37;624118312;7693;297;8699;8777;8.17;0.50;272.21;7.12;1006;38;3012.00;78
7694;37;624118325;7694;295;8700;8777;8.17;0.50;272.29;7.12;1006;38;3013.00;77
7696;37;624118338;7696;292;8703;8778;8.14;0.49;272.33;7.12;1007;38;3014.00;75
7699;37;624118352;7699;291;8705;8780;8.16;0.50;272.44;7.12;1006;38;3015.00;75
7700;37;624118366;7700;295;8707;8780;8.06;0.49;272.50;7.12;1007;38;3016.00;73
7703;37;624118379;7703;300;8708;8781;8.02;0.49;272.54;7.12;1005;38;3017.00;73
7703;37;624118394;7703;306;8708;8781;8.00;0.49;272.54;7.12;1005;38;3018.00;73
7706;37;624118408;7706;316;8708;8781;7.93;0.48;272.61;7.12;1002;38;3019.00;73
7707;37;624118421;7707;317;8710;8781;7.92;0.48;272.59;7.15;1003;38;3020.00;71
7709;37;624118434;7709;316;8710;8781;7.87;0.48;272.59;7.15;1001;38;3021.00;71
7711;37;624118447;7711;322;8712;8781;7.84;0.48;272.65;7.15;1001;38;3022.00;69
7714;37;624118460;7714;319;8714;8781;7.81;0.47;272.71;7.18;1000;38;3023.00;67
7717;37;624118474;7717;342;8779;8908;7.79;0.48;272.71;7.13;1062;38;3024.00;129
7721;37;624118498;7721;328;8786;8909;7.76;0.48;272.82;7.14;1065;38;3025.00;123
7724;37;624118513;7724;328;8792;8909;7.79;0.48;272.91;7.13;1068;38;3026.00;117
7727;37;624118527;7727;325;8795;8909;7.74;0.47;272.96;7.16;1068;38;3027.00;114
7728;37;624118541;7728;331;8804;8909;7.74;0.48;272.94;7.17;1076;38;3028.00;105
7731;37;624118554;7731;330;8808;8909;7.71;0.47;273.00;7.18;1077;38;3029.00;101
7734;37;624118570;7734;336;8813;8909;7.67;0.47;273.08;7.20;1079;38;3030.00;96
7736;37;624118583;7736;340;8816;8909;7.63;0.47;273.12;7.20;1080;38;3031.00;93
7737;37;624118605;7737;349;8819;8910;7.59;0.47;273.11;7.20;1082;38;3032.00;91
7743;37;624118618;7743;355;8824;8911;7.50;0.46;273.17;7.22;1081;38;3033.00;87
7745;37;624118632;7745;356;8829;8911;7.46;0.46;273.23;7.24;1084;38;3034.00;82
7747;37;624118645;7747;353;8831;8912;7.35;0.45;273.27;7.24;1084;38;3035.00;81
7752;37;624118658;7752;350;8834;8912;7.23;0.44;273.32;7.25;1082;38;3036.00;78
7754;37;624118671;7754;358;8840;8912;7.16;0.44;273.44;7.27;1086;38;3037.00;72
7757;37;624118685;7757;357;8841;8912;7.15;0.44;273.48;7.27;1084;38;3038.00;71
7761;37;624118698;7761;356;8847;8916;7.09;0.44;273.53;7.28;1086;38;3039.00;69
7764;37;624118712;7764;363;8849;8916;7.07;0.43;273.61;7.28;1085;38;3040.00;67
7766;37;624118725;7766;363;8850;8916;7.07;0.43;273.65;7.28;1084;38;3041.00;66
7768;37;624118739;7768;367;8853;8919;7.00;0.43;273.72;7.29;1085;38;3042.00;66
7769;37;624118754;7769;372;8856;8919;6.96;0.43;273.75;7.30;1087;38;3043.00;63
7772;37;624118768;7772;369;8857;8919;6.92;0.43;273.80;7.31;1085;38;3044.00;62
7774;37;624118781;7774;368;8860;8923;6.83;0.42;273.89;7.31;1086;38;3045.00;63
7778;37;624118796;7778;371;8864;8924;6.71;0.41;273.85;7.32;1086;38;3046.00;60
7780;37;624118810;7780;371;8865;8924;6.66;0.41;273.93;7.32;1085;38;3047.00;59
7784;37;624118824;7784;376;8868;8928;6.59;0.40;273.96;7.32;1084;38;3048.00;60
7787;37;624118839;7787;373;8869;8928;6.51;0.40;273.93;7.33;1082;38;3049.00;59
7789;37;624118853;7789;373;8872;8928;6.47;0.40;273.97;7.33;1083;38;3050.00;56
7793;37;624118866;7793;377;8873;8929;6.39;0.39;273.96;7.33;1080;38;3051.00;56
7796;37;624118887;7796;381;8875;8929;6.29;0.39;274.05;7.34;1079;38;3052.00;54
7796;37;624118901;7796;380;8881;8935;6.27;0.38;274.05;7.34;1085;38;3053.00;54
7802;37;624118914;7802;386;8884;8935;6.15;0.38;273.99;7.34;1082;38;3054.00;51
7805;37;624118927;7805;395;8884;8936;6.08;0.37;274.10;7.34;1079;38;3055.00;52
7807;37;624118941;7807;394;8884;8936;5.96;0.37;274.07;7.34;1077;38;3056.00;52
7809;37;624118953;7809;394;8886;8936;5.85;0.36;274.15;7.35;1077;38;3057.00;50
7812;37;624118966;7812;398;8886;8936;5.72;0.35;274.28;7.35;1074;38;3058.00;50
7817;37;624118979;7817;409;8887;8936;5.60;0.34;274.34;7.35;1070;38;3059.00;49
7823;37;624118994;7823;402;8913;8972;5.61;0.35;274.44;7.33;1090;38;3060.00;59
7828;37;624119010;7828;401;8913;8972;5.56;0.34;274.61;7.33;1085;38;3061.00;59
7831;37;624119023;7831;392;8918;8972;5.54;0.34;274.64;7.33;1087;38;3062.00;54
7836;37;624119037;7836;391;8919;8972;5.48;0.34;274.72;7.33;1083;38;3063.00;53
7839;37;624119049;7839;401;8920;8972;5.44;0.33;274.72;7.33;1081;38;3064.00;52
7843;37;624119063;7843;407;8921;8972;5.32;0.33;274.85;7.33;1078;38;3065.00;51
7847;37;624119075;7847;421;8926;8976;5.24;0.32;274.89;7.33;1079;38;3066.00;50
7850;37;624119087;7850;425;8926;8976;5.20;0.32;274.94;7.33;1076;38;3067.00;50
7851;37;624119099;7851;429;8931;8980;5.22;0.32;274.96;7.34;1080;38;3068.00;49
7853;37;624119111;7853;432;8932;8981;5.22;0.32;275.02;7.33;1079;38;3069.00;49
7856;37;624119123;7856;429;8932;8981;5.22;0.32;275.10;7.33;1076;38;3070.00;49
7858;37;624119134;7858;435;8932;8981;5.19;0.32;275.09;7.33;1074;38;3071.00;49
7861;37;624119146;7861;431;8943;8994;5.25;0.32;275.22;7.33;1082;38;3072.00;51
7864;37;624119159;7864;439;8943;8994;5.25;0.32;275.27;7.33;1079;38;3073.00;51
7870;37;624119170;7870;437;8943;8994;5.23;0.32;275.35;7.33;1073;38;3074.00;51
7872;37;624119182;7872;441;8944;8995;5.23;0.32;275.34;7.33;1072;38;3075.00;51
7877;37;624119201;7877;433;8944;8996;5.20;0.32;275.34;7.33;1067;38;3076.00;52
7884;37;624119220;7884;432;8944;8996;5.10;0.31;275.28;7.33;1060;38;3077.00;52
7887;37;624119234;7887;437;8947;8999;5.08;0.31;275.27;7.39;1060;38;3078.00;52
7892;37;624119247;7892;439;8947;8999;5.01;0.31;275.33;7.39;1055;38;3079.00;52
7893;37;624119258;7893;437;8948;8999;4.96;0.31;275.35;7.38;1055;38;3080.00;51
7895;37;624119271;7895;441;8948;8999;4.95;0.31;275.38;7.38;1053;38;3081.00;51
7897;37;624119284;7897;435;8953;9005;4.96;0.31;275.37;7.38;1056;38;3082.00;52
7900;37;624119301;7900;435;8953;9005;4.95;0.31;275.39;7.38;1053;38;3083.00;52
7906;37;624119316;7906;441;8953;9005;4.94;0.31;275.48;7.38;1047;38;3084.00;52
7909;37;624119329;7909;446;8953;9005;4.96;0.31;275.45;7.38;1044;38;3085.00;52
7916;37;624119345;7916;443;8956;9009;4.99;0.31;275.54;7.38;1040;38;3086.00;53
7920;37;624119359;7920;445;8957;9010;4.97;0.31;275.55;7.38;1037;38;3087.00;53
7922;37;624119372;7922;448;8957;9010;4.97;0.31;275.56;7.38;1035;38;3088.00;53
7923;37;624119385;7923;453;8958;9011;4.99;0.31;275.60;7.38;1035;38;3089.00;53
7928;37;624119404;7928;461;8958;9011;4.97;0.31;275.52;7.38;1030;38;3090.00;53
7933;37;624119420;7933;463;8958;9011;4.93;0.30;275.50;7.38;1025;38;3091.00;53
7937;37;624119432;7937;463;8958;9011;4.88;0.30;275.44;7.38;1021;38;3092.00;53
7941;37;624119443;7941;467;8958;9011;4.87;0.30;275.50;7.38;1017;38;3093.00;53
7949;37;624119454;7949;470;8958;9011;4.81;0.30;275.46;7.38;1009;38;3094.00;53
7951;37;624119465;7951;470;8959;9011;4.72;0.29;275.45;7.44;1008;38;3095.00;52
7956;37;624119476;7956;487;8997;9081;4.84;0.30;275.45;7.41;1041;38;3096.00;84
7961;37;624119492;7961;483;8998;9082;4.83;0.30;275.42;7.41;1037;38;3097.00;84
7965;37;624119504;7965;482;9005;9082;4.85;0.30;275.38;7.40;1040;38;3098.00;77
7967;37;624119515;7967;489;9006;9082;4.85;0.30;275.39;7.40;1039;38;3099.00;76
7969;37;624119529;7969;495;9009;9082;4.83;0.30;275.41;7.40;1040;38;3100.00;73
7971;37;624119557;7971;497;9012;9082;4.82;0.30;275.45;7.40;1041;38;3101.00;70
7973;37;624119569;7973;494;9015;9082;4.75;0.29;275.52;7.40;1042;38;3102.00;67
7977;37;624119580;7977;490;9018;9082;4.68;0.29;275.52;7.40;1041;38;3103.00;64
7978;37;624119594;7978;494;9021;9083;4.65;0.28;275.52;7.40;1043;38;3104.00;62
7981;37;624119614;7981;496;9023;9085;4.56;0.28;275.50;7.40;1042;38;3105.00;62
7984;37;624119627;7984;501;9025;9085;4.46;0.27;275.53;7.40;1041;38;3106.00;60
7988;37;624119639;7988;477;9030;9089;4.43;0.27;275.61;7.40;1042;38;3107.00;59
7992;37;624119650;7992;466;9031;9089;4.41;0.27;275.61;7.40;1039;38;3108.00;58
7993;37;624119662;7993;461;9031;9089;4.50;0.27;275.62;7.40;1038;38;3109.00;58
7994;37;624119674;7994;453;9031;9089;4.59;0.28;275.64;7.40;1037;38;3110.00;58
7996;37;624119685;7996;450;9036;9095;4.73;0.29;275.59;7.40;1040;38;3111.00;59
7997;37;624119698;7997;451;9036;9095;4.84;0.29;275.59;7.40;1039;38;3112.00;59
7999;37;624119710;7999;438;9036;9095;4.92;0.30;275.60;7.40;1037;38;3113.00;59
8001;37;624119723;8001;442;9038;9098;5.04;0.31;275.60;7.39;1037;38;3114.00;60
8002;37;624119736;8002;443;9038;9098;5.08;0.31;275.61;7.39;1036;38;3115.00;60
8003;37;624119758;8003;429;9039;9098;5.16;0.31;275.61;7.39;1036;38;3116.00;59
8003;37;624119777;8003;416;9039;9099;5.31;0.32;275.61;7.39;1036;38;3117.00;60
8004;37;624119790;8004;407;9040;9100;5.40;0.33;275.58;7.39;1036;38;3118.00;60
8008;37;624119802;8008;399;9040;9100;5.53;0.33;275.54;7.39;1032;38;3119.00;60
8010;37;624119817;8010;391;9059;9126;5.78;0.35;275.57;7.38;1049;38;3120.00;67
8012;37;624119831;8012;391;9059;9126;5.82;0.35;275.51;7.38;1047;38;3121.00;67
8012;37;624119844;8012;380;9061;9126;5.92;0.36;275.51;7.38;1049;38;3122.00;65
8013;37;624119856;8013;376;9062;9127;6.07;0.37;275.52;7.37;1049;38;3123.00;65
8016;37;624119869;8016;363;9063;9127;6.15;0.37;275.47;7.37;1047;38;3124.00;64
8018;37;624119881;8018;357;9068;9131;6.24;0.38;275.43;7.44;1050;38;3125.00;63
8018;37;624119895;8018;343;9068;9131;6.32;0.38;275.43;7.44;1050;38;3126.00;63
8020;37;624119908;8020;341;9071;9135;6.34;0.38;275.52;7.44;1051;38;3127.00;64
8020;37;624119921;8020;337;9071;9135;6.40;0.39;275.52;7.44;1051;38;3128.00;64
8023;37;624119933;8023;330;9071;9135;6.40;0.39;275.54;7.44;1048;38;3129.00;64
8025;37;624119946;8025;326;9071;9135;6.44;0.39;275.58;7.44;1046;38;3130.00;64
8025;37;624119958;8025;330;9071;9135;6.53;0.40;275.58;7.44;1046;38;3131.00;64
8026;37;624119972;8026;321;9081;9147;6.71;0.41;275.56;7.43;1055;38;3132.00;66
8027;37;624119987;8027;315;9081;9147;6.82;0.41;275.59;7.43;1054;38;3133.00;66
8030;37;624120004;8030;304;9082;9147;6.91;0.42;275.65;7.43;1052;38;3134.00;65
8032;37;624120027;8032;293;9082;9147;7.01;0.43;275.73;7.43;1050;38;3135.00;65
8036;37;624120045;8036;293;9082;9147;7.16;0.43;275.84;7.43;1046;38;3136.00;65
8037;37;624120061;8037;294;9082;9147;7.32;0.45;275.91;7.43;1045;38;3137.00;65
8041;37;624120074;8041;285;9082;9148;7.44;0.45;275.92;7.43;1041;38;3138.00;66
8044;37;624120088;8044;282;9082;9148;7.48;0.45;275.94;7.43;1038;38;3139.00;66
8048;37;624120109;8048;275;9087;9154;7.51;0.45;275.95;7.42;1039;38;3140.00;67
8049;37;624120124;8049;280;9089;9155;7.48;0.45;276.02;7.49;1040;38;3141.00;66
8054;37;624120141;8054;283;9089;9155;7.47;0.45;276.14;7.49;1035;38;3142.00;66
8055;37;624120155;8055;279;9089;9155;7.48;0.45;276.19;7.49;1034;38;3143.00;66
8058;37;624120169;8058;284;9092;9159;7.49;0.45;276.21;7.49;1034;38;3144.00;67
8061;37;624120183;8061;277;9092;9159;7.52;0.46;276.25;7.49;1031;38;3145.00;67
8065;37;624120203;8065;278;9092;9159;7.60;0.46;276.25;7.49;1027;38;3146.00;67
8065;37;624120226;8065;278;9093;9160;7.61;0.46;276.25;7.49;1028;38;3147.00;67
8068;37;624120249;8068;277;9096;9164;7.59;0.46;276.32;7.48;1028;38;3148.00;68
8069;37;624120270;8069;274;9096;9164;7.63;0.46;276.33;7.48;1027;38;3149.00;68
8071;37;624120292;8071;276;9101;9170;7.66;0.46;276.42;7.55;1030;38;3150.00;69
8073;37;624120314;8073;272;9101;9170;7.72;0.47;276.48;7.55;1028;38;3151.00;69
8073;37;624120330;8073;272;9103;9170;7.81;0.47;276.48;7.55;1030;38;3152.00;67
8073;37;624120346;8073;269;9103;9170;7.93;0.48;276.48;7.55;1030;38;3153.00;67
8076;37;624120363;8076;269;9107;9174;7.95;0.48;276.46;7.55;1031;38;3154.00;67
8081;37;624120380;8081;271;9107;9174;7.93;0.48;276.54;7.55;1026;38;3155.00;67
8087;37;624120396;8087;269;9107;9174;7.87;0.48;276.64;7.55;1020;38;3156.00;67
8090;37;624120413;8090;272;9107;9174;7.85;0.47;276.63;7.55;1017;38;3157.00;67
8094;37;624120429;8094;275;9107;9175;7.80;0.47;276.73;7.55;1013;38;3158.00;68
8095;37;624120444;8095;282;9108;9176;7.79;0.47;276.71;7.54;1013;38;3159.00;68
8101;37;624120458;8101;279;9108;9176;7.67;0.46;276.81;7.54;1007;38;3160.00;68
8104;37;624120477;8104;278;9110;9177;7.67;0.46;276.82;7.61;1006;38;3161.00;67
8106;37;624120493;8106;272;9110;9177;7.69;0.47;276.83;7.61;1004;38;3162.00;67
8109;37;624120508;8109;264;9110;9177;7.71;0.47;276.84;7.61;1001;38;3163.00;67
8113;37;624120528;8113;263;9111;9177;7.64;0.46;276.91;7.63;998;38;3164.00;66
8116;37;624120546;8116;263;9112;9177;7.59;0.46;276.88;7.64;996;38;3165.00;65
8116;37;624120564;8116;264;9113;9177;7.60;0.46;276.88;7.71;997;38;3166.00;64
8120;37;624120580;8120;259;9113;9177;7.57;0.46;276.90;7.71;993;38;3167.00;64
8125;37;624120597;8125;283;9180;9304;7.47;0.46;277.04;7.65;1055;38;3168.00;124
8127;37;624120623;8127;282;9182;9305;7.45;0.46;277.08;7.65;1055;38;3169.00;123
8131;37;624120637;8131;278;9188;9305;7.47;0.46;277.18;7.65;1057;38;3170.00;117
8132;37;624120651;8132;278;9188;9305;7.47;0.46;277.23;7.65;1056;38;3171.00;117
8137;37;624120665;8137;287;9195;9305;7.44;0.46;277.30;7.65;1058;38;3172.00;110
8140;37;624120679;8140;287;9195;9305;7.42;0.46;277.33;7.65;1055;38;3173.00;110
8143;37;624120693;8143;287;9197;9305;7.43;0.46;277.39;7.65;1054;38;3174.00;108
8143;37;624120707;8143;287;9199;9305;7.48;0.46;277.39;7.65;1056;38;3175.00;106
8148;37;624120722;8148;286;9200;9306;7.47;0.46;277.44;7.65;1052;38;3176.00;106
8150;37;624120738;8150;284;9205;9307;7.57;0.46;277.52;7.65;1055;38;3177.00;102
8155;37;624120755;8155;280;9208;9307;7.57;0.46;277.56;7.65;1053;38;3178.00;99
8156;37;624120771;8156;280;9210;9308;7.54;0.46;277.52;7.65;1054;38;3179.00;98
8157;37;624120795;8157;283;9213;9308;7.51;0.46;277.56;7.65;1056;38;3180.00;95
8159;37;624120814;8159;281;9213;9308;7.48;0.46;277.56;7.65;1054;38;3181.00;95
8164;37;624120829;8164;285;9216;9308;7.41;0.45;277.53;7.65;1052;38;3182.00;92
8165;37;624120844;8165;286;9222;9312;7.40;0.45;277.57;7.65;1057;38;3183.00;90
8168;37;624120858;8168;290;9225;9312;7.38;0.45;277.58;7.65;1057;38;3184.00;87
8172;37;624120872;8172;302;9228;9312;7.35;0.45;277.55;7.67;1056;38;3185.00;84
8176;37;624120885;8176;308;9232;9315;7.33;0.45;277.55;7.67;1056;38;3186.00;83
8179;37;624120899;8179;312;9234;9315;7.30;0.45;277.55;7.67;1055;38;3187.00;81
8181;37;624120912;8181;318;9236;9315;7.30;0.45;277.58;7.67;1055;38;3188.00;79
8184;37;624120926;8184;324;9243;9319;7.28;0.45;277.58;7.68;1059;38;3189.00;76
8188;37;624120940;8188;324;9244;9320;7.30;0.45;277.66;7.70;1056;38;3190.00;76
8190;37;624120963;8190;335;9248;9322;7.30;0.45;277.74;7.70;1058;38;3191.00;74
8193;37;624120979;8193;339;9250;9326;7.33;0.45;277.78;7.70;1057;38;3192.00;76
8199;37;624120996;8199;343;9254;9326;7.28;0.44;277.78;7.71;1055;38;3193.00;72
8200;37;624121010;8200;345;9254;9326;7.23;0.44;277.85;7.71;1054;38;3194.00;72
8205;37;624121024;8205;346;9258;9328;7.18;0.44;278.02;7.73;1053;38;3195.00;70
8206;37;624121038;8206;350;9259;9328;7.16;0.44;278.04;7.74;1053;38;3196.00;69
8211;37;624121051;8211;353;9265;9334;7.07;0.43;278.06;7.74;1054;38;3197.00;69
8214;37;624121066;8214;360;9266;9334;6.98;0.43;278.09;7.76;1052;38;3198.00;68
8216;37;624121080;8216;368;9267;9335;6.87;0.42;278.13;7.76;1051;38;3199.00;68
8218;37;624121095;8218;371;9268;9335;6.76;0.41;278.24;7.77;1050;38;3200.00;67
8223;37;624121114;8223;369;9269;9335;6.71;0.41;278.34;7.77;1046;38;3201.00;66
8226;37;624121132;8226;374;9270;9335;6.67;0.41;278.35;7.78;1044;38;3202.00;65
8228;37;624121146;8228;373;9271;9335;6.59;0.40;278.42;7.80;1043;38;3203.00;64
8232;37;624121158;8232;376;9281;9347;6.55;0.40;278.51;7.79;1049;38;3204.00;66
8232;37;624121172;8232;377;9282;9347;6.49;0.40;278.51;7.80;1050;38;3205.00;65
8236;37;624121185;8236;382;9283;9347;6.35;0.39;278.62;7.80;1047;38;3206.00;64
8238;37;624121200;8238;386;9284;9347;6.28;0.38;278.71;7.81;1046;38;3207.00;63
8241;37;624121212;8241;396;9285;9347;6.17;0.38;278.72;7.82;1044;38;3208.00;62
8245;37;624121225;8245;400;9285;9347;6.03;0.37;278.80;7.82;1040;38;3209.00;62
8246;37;624121240;8246;405;9291;9351;5.97;0.36;278.86;7.85;1045;38;3210.00;60
8247;37;624121253;8247;398;9291;9351;5.91;0.36;278.87;7.85;1044;38;3211.00;60
8251;37;624121266;8251;401;9296;9355;5.87;0.36;278.91;7.85;1045;38;3212.00;59
8253;37;624121279;8253;398;9297;9356;5.84;0.36;278.95;7.85;1044;38;3213.00;59
8256;37;624121292;8256;399;9300;9356;5.81;0.35;278.95;7.88;1044;38;3214.00;56
8261;37;624121303;8261;402;9300;9356;5.75;0.35;278.98;7.88;1039;38;3215.00;56
8264;37;624121317;8264;409;9312;9369;5.76;0.35;279.05;7.87;1048;38;3216.00;57
8265;37;624121330;8265;412;9312;9369;5.75;0.35;279.03;7.87;1047;38;3217.00;57
8266;37;624121342;8266;419;9312;9369;5.79;0.35;279.00;7.87;1046;38;3218.00;57
8268;37;624121355;8268;418;9314;9370;5.78;0.35;279.00;7.88;1046;38;3219.00;56
8270;37;624121368;8270;427;9317;9371;5.81;0.35;278.95;7.89;1047;38;3220.00;54
8272;37;624121380;8272;428;9317;9371;5.79;0.35;279.07;7.89;1045;38;3221.00;54
8274;37;624121394;8274;424;9322;9374;5.78;0.35;279.09;7.90;1048;38;3222.00;52
8280;37;624121406;8280;425;9322;9374;5.73;0.35;279.12;7.90;1042;38;3223.00;52
8284;37;624121418;8284;431;9322;9374;5.72;0.35;279.15;7.90;1038;38;3224.00;52
8290;37;624121434;8290;426;9325;9374;5.63;0.34;279.24;7.92;1035;38;3225.00;49
8293;37;624121447;8293;427;9330;9380;5.56;0.34;279.27;7.91;1037;38;3226.00;50
8297;37;624121460;8297;434;9331;9380;5.44;0.33;279.33;7.91;1034;38;3227.00;49
8302;37;624121472;8302;431;9332;9380;5.29;0.32;279.30;7.92;1030;38;3228.00;48
8306;37;624121483;8306;434;9332;9380;5.16;0.32;279.38;7.92;1026;38;3229.00;48
8311;37;624121494;8311;428;9336;9384;5.07;0.31;279.38;7.92;1025;38;3230.00;48
8312;37;624121506;8312;427;9337;9385;4.99;0.31;279.36;7.92;1025;38;3231.00;48
8319;37;624121516;8319;424;9338;9385;4.87;0.30;279.36;7.92;1019;38;3232.00;47
8321;37;624121527;8321;429;9340;9386;4.84;0.30;279.32;7.92;1019;38;3233.00;46
8325;37;624121539;8325;432;9340;9386;4.80;0.29;279.29;7.92;1015;38;3234.00;46
8328;37;624121550;8328;434;9342;9386;4.75;0.29;279.25;7.92;1014;38;3235.00;44
8328;37;624121561;8328;441;9342;9386;4.76;0.29;279.25;7.92;1014;38;3236.00;44
8331;37;624121571;8331;446;9344;9386;4.78;0.29;279.26;7.93;1013;38;3237.00;42
8333;37;624121582;8333;449;9344;9386;4.75;0.29;279.22;7.93;1011;38;3238.00;42
8337;37;624121592;8337;442;9344;9386;4.66;0.29;279.21;7.93;1007;38;3239.00;42
8340;37;624121605;8340;443;9401;9511;4.95;0.31;279.20;7.88;1061;38;3240.00;110
8341;37;624121627;8341;443;9405;9512;4.96;0.31;279.22;7.88;1064;38;3241.00;107
8343;37;624121639;8343;444;9416;9512;5.07;0.32;279.25;7.87;1073;38;3242.00;96
8348;37;624121650;8348;440;9421;9512;5.12;0.32;279.20;7.87;1073;38;3243.00;91
8350;37;624121663;8350;444;9427;9512;5.19;0.32;279.22;7.86;1077;38;3244.00;85
8354;37;624121675;8354;437;9431;9512;5.20;0.32;279.25;7.86;1077;38;3245.00;81
8358;37;624121689;8358;439;9435;9512;5.21;0.32;279.23;7.86;1077;38;3246.00;77
8361;37;624121701;8361;447;9439;9512;5.20;0.32;279.25;7.86;1078;38;3247.00;73
8364;37;624121714;8364;451;9444;9513;5.15;0.32;279.24;7.86;1080;38;3248.00;69
8370;37;624121728;8370;461;9446;9514;5.07;0.31;279.31;7.86;1076;38;3249.00;68
8372;37;624121742;8372;456;9450;9514;5.06;0.31;279.34;7.86;1078;38;3250.00;64
8375;37;624121756;8375;463;9454;9518;5.04;0.31;279.34;7.86;1079;38;3251.00;64
8379;37;624121769;8379;466;9454;9518;4.98;0.31;279.31;7.86;1075;38;3252.00;64
8382;37;624121783;8382;465;9454;9518;4.92;0.30;279.31;7.86;1072;38;3253.00;64
8384;37;624121801;8384;473;9454;9518;4.88;0.30;279.30;7.86;1070;38;3254.00;64
8386;37;624121813;8386;477;9459;9524;4.83;0.30;279.29;7.85;1073;38;3255.00;65
8388;37;624121825;8388;479;9459;9524;4.79;0.29;279.30;7.85;1071;38;3256.00;65
8389;37;624121837;8389;484;9459;9524;4.74;0.29;279.32;7.85;1070;38;3257.00;65
8390;37;624121850;8390;496;9461;9527;4.71;0.29;279.33;7.85;1071;38;3258.00;66
8393;37;624121862;8393;484;9461;9527;4.66;0.29;279.32;7.85;1068;38;3259.00;66
8395;37;624121874;8395;484;9462;9527;4.63;0.29;279.35;7.85;1067;38;3260.00;65
8398;37;624121886;8398;483;9462;9528;4.60;0.28;279.42;7.85;1064;38;3261.00;66
8400;37;624121899;8400;484;9463;9529;4.64;0.29;279.37;7.85;1063;38;3262.00;66
8403;37;624121914;8403;485;9463;9529;4.65;0.29;279.36;7.85;1060;38;3263.00;66
8406;37;624121927;8406;486;9472;9542;4.75;0.29;279.31;7.84;1066;38;3264.00;70
8410;37;624121941;8410;486;9474;9542;4.77;0.29;279.27;7.84;1064;38;3265.00;68
8412;37;624121957;8412;491;9474;9542;4.80;0.29;279.30;7.84;1062;38;3266.00;68
8415;37;624121970;8415;490;9475;9543;4.83;0.30;279.29;7.84;1060;38;3267.00;68
8416;37;624121981;8416;496;9475;9543;4.93;0.30;279.30;7.84;1059;38;3268.00;68
8419;37;624121992;8419;490;9479;9547;4.99;0.30;279.26;7.84;1060;38;3269.00;68
8421;37;624122005;8421;489;9479;9547;5.02;0.31;279.23;7.84;1058;38;3270.00;68
8425;37;624122016;8425;488;9482;9551;5.10;0.31;279.18;7.84;1057;38;3271.00;69
8428;37;624122029;8428;487;9482;9551;5.13;0.31;279.19;7.84;1054;38;3272.00;69
8432;37;624122041;8432;490;9482;9551;5.08;0.31;279.19;7.84;1050;38;3273.00;69
8433;37;624122053;8433;486;9482;9551;5.10;0.31;279.16;7.84;1049;38;3274.00;69
8438;37;624122065;8438;492;9482;9551;5.08;0.31;279.13;7.84;1044;38;3275.00;69
8438;37;624122076;8438;491;9492;9563;5.22;0.32;279.13;7.83;1054;38;3276.00;71
8438;37;624122089;8438;469;9492;9563;5.27;0.32;279.13;7.83;1054;38;3277.00;71
8438;37;624122100;8438;455;9493;9563;5.32;0.32;279.13;7.83;1055;38;3278.00;70
8440;37;624122112;8440;451;9493;9563;5.31;0.32;279.10;7.83;1053;38;3279.00;70
8442;37;624122124;8442;441;9493;9563;5.38;0.33;279.08;7.83;1051;38;3280.00;70
8445;37;624122136;8445;427;9493;9563;5.46;0.33;279.16;7.83;1048;38;3281.00;70
8448;37;624122148;8448;423;9494;9564;5.53;0.34;279.24;7.91;1046;38;3282.00;70
8449;37;624122160;8449;415;9494;9564;5.63;0.34;279.22;7.91;1045;38;3283.00;70
8452;37;624122172;8452;408;9499;9570;5.72;0.35;279.18;7.90;1047;38;3284.00;71
8454;37;624122184;8454;409;9501;9572;5.76;0.35;279.21;7.90;1047;38;3285.00;71
8455;37;624122212;8455;390;9501;9572;5.87;0.36;279.22;7.90;1046;38;3286.00;71
8456;37;624122231;8456;369;9501;9572;5.93;0.36;279.22;7.90;1045;38;3287.00;71
8458;37;624122250;8458;360;9504;9576;6.07;0.37;279.31;7.90;1046;38;3288.00;72
8461;37;624122278;8461;346;9505;9576;6.17;0.38;279.38;7.98;1044;38;3289.00;71
8464;37;624122303;8464;331;9505;9576;6.29;0.38;279.34;7.98;1041;38;3290.00;71
8468;37;624122327;8468;320;9506;9577;6.46;0.39;279.39;7.98;1038;38;3291.00;71
8469;37;624122342;8469;315;9509;9581;6.62;0.40;279.37;7.98;1040;38;3292.00;72
8472;37;624122357;8472;314;9509;9581;6.76;0.41;279.40;7.98;1037;38;3293.00;72
8474;37;624122372;8474;306;9511;9584;6.92;0.42;279.47;7.98;1037;38;3294.00;73
8476;37;624122394;8476;299;9511;9584;7.04;0.43;279.46;7.98;1035;38;3295.00;73
8477;37;624122408;8477;295;9512;9584;7.16;0.43;279.47;7.97;1035;38;3296.00;72
8480;37;624122422;8480;291;9512;9584;7.27;0.44;279.54;7.97;1032;38;3297.00;72
8483;37;624122436;8483;285;9516;9588;7.36;0.45;279.61;7.97;1033;38;3298.00;72
8485;37;624122450;8485;282;9516;9588;7.41;0.45;279.65;7.97;1031;38;3299.00;72
8486;37;624122466;8486;286;9521;9607;7.38;0.45;279.70;7.97;1035;38;3300.00;86
8490;37;624122490;8490;277;9521;9607;7.39;0.45;279.74;7.97;1031;38;3301.00;86
8490;37;624122506;8490;274;9521;9608;7.46;0.45;279.74;7.97;1031;38;3302.00;87
8492;37;624122520;8492;273;9522;9609;7.52;0.46;279.85;7.97;1030;38;3303.00;87
8494;37;624122534;8494;277;9522;9609;7.60;0.46;279.84;7.97;1028;38;3304.00;87
8495;37;624122547;8495;278;9524;9610;7.72;0.47;279.89;7.97;1029;38;3305.00;86
8495;37;624122561;8495;275;9525;9610;7.79;0.47;279.89;7.97;1030;38;3306.00;85
8498;37;624122574;8498;271;9525;9610;7.84;0.48;279.93;7.97;1027;38;3307.00;85
8499;37;624122588;8499;271;9526;9610;7.89;0.48;279.97;8.05;1027;38;3308.00;84
8503;37;624122602;8503;266;9526;9610;7.91;0.48;280.02;8.05;1023;38;3309.00;84
8504;37;624122616;8504;267;9527;9610;7.93;0.48;280.07;8.05;1023;38;3310.00;83
8506;37;624122631;8506;263;9527;9610;7.99;0.49;280.19;8.05;1021;38;3311.00;83
8507;37;624122645;8507;291;9595;9737;7.96;0.49;280.23;7.99;1088;38;3312.00;142
8512;37;624122669;8512;274;9595;9738;7.99;0.49;280.29;7.99;1083;38;3313.00;143
8516;37;624122684;8516;266;9599;9738;8.10;0.50;280.39;7.99;1083;38;3314.00;139
8520;37;624122698;8520;261;9601;9738;8.17;0.50;280.45;7.99;1081;38;3315.00;137
8521;37;624122713;8521;261;9605;9738;8.23;0.51;280.51;7.99;1084;38;3316.00;133
8526;37;624122728;8526;258;9606;9738;8.28;0.51;280.59;7.99;1080;38;3317.00;132
8527;37;624122744;8527;255;9610;9738;8.37;0.51;280.64;7.99;1083;38;3318.00;128
8532;37;624122758;8532;253;9613;9738;8.40;0.51;280.67;7.99;1081;38;3319.00;125
8533;37;624122779;8533;248;9616;9739;8.44;0.51;280.73;7.99;1083;38;3320.00;123
8537;37;624122793;8537;247;9619;9740;8.50;0.52;280.83;7.99;1082;38;3321.00;121
8539;37;624122808;8539;249;9621;9740;8.54;0.52;280.91;7.99;1082;38;3322.00;119
8540;37;624122823;8540;253;9624;9741;8.54;0.52;280.97;7.99;1084;38;3323.00;117
8543;37;624122837;8543;258;9627;9741;8.54;0.52;281.04;7.99;1084;38;3324.00;114
8544;37;624122852;8544;255;9629;9741;8.47;0.52;281.09;8.08;1085;38;3325.00;112
8546;37;624122866;8546;261;9630;9741;8.43;0.51;281.12;8.08;1084;38;3326.00;111
8548;37;624122881;8548;256;9633;9745;8.44;0.51;281.16;8.08;1085;38;3327.00;112
8551;37;624122896;8551;260;9635;9745;8.44;0.51;281.30;8.08;1084;38;3328.00;110
8553;37;624122918;8553;252;9637;9745;8.35;0.51;281.41;8.08;1084;38;3329.00;108
8555;37;624122934;8555;259;9641;9751;8.32;0.51;281.46;8.08;1086;38;3330.00;110
8562;37;624122949;8562;257;9642;9751;8.23;0.50;281.55;8.08;1080;38;3331.00;109
8565;37;624122964;8565;248;9644;9751;8.18;0.50;281.50;8.09;1079;38;3332.00;107
8567;37;624122985;8567;251;9650;9755;8.09;0.49;281.56;8.09;1083;38;3333.00;105
8572;37;624122999;8572;242;9653;9756;8.07;0.49;281.65;8.17;1081;38;3334.00;103
8575;37;624123013;8575;240;9658;9756;8.03;0.49;281.70;8.19;1083;38;3335.00;98
8581;37;624123030;8581;240;9663;9760;8.05;0.49;281.75;8.19;1082;38;3336.00;97
8585;37;624123045;8585;240;9663;9760;8.02;0.49;281.81;8.19;1078;38;3337.00;97
8590;37;624123060;8590;248;9665;9760;8.04;0.49;281.88;8.19;1075;38;3338.00;95
8592;37;624123074;8592;249;9669;9761;8.07;0.49;281.83;8.19;1077;38;3339.00;92
8596;37;624123090;8596;249;9669;9761;8.08;0.49;281.97;8.19;1073;38;3340.00;92
8598;37;624123115;8598;248;9674;9767;8.05;0.49;281.97;8.19;1076;38;3341.00;93
8601;37;624123134;8601;249;9674;9767;8.00;0.49;281.97;8.19;1073;38;3342.00;93
8606;37;624123148;8606;254;9676;9768;7.94;0.48;281.98;8.20;1070;38;3343.00;92
8610;37;624123163;8610;250;9677;9768;7.91;0.48;281.94;8.27;1067;38;3344.00;91
8612;37;624123176;8612;255;9678;9768;7.85;0.48;281.97;8.28;1066;38;3345.00;90
8614;37;624123193;8614;253;9678;9768;7.83;0.48;282.08;8.28;1064;38;3346.00;90
8617;37;624123207;8617;251;9679;9768;7.82;0.48;282.05;8.28;1062;38;3347.00;89
8620;37;624123221;8620;248;9690;9780;7.86;0.48;282.13;8.27;1070;38;3348.00;90
8622;37;624123235;8622;252;9690;9780;7.84;0.48;282.14;8.27;1068;38;3349.00;90
8624;37;624123250;8624;252;9690;9780;7.83;0.48;282.20;8.27;1066;38;3350.00;90
8631;37;624123262;8631;264;9692;9780;7.73;0.47;282.17;8.27;1061;38;3351.00;88
8633;37;624123275;8633;266;9692;9780;7.66;0.47;282.18;8.27;1059;38;3352.00;88
8636;37;624123287;8636;267;9692;9780;7.63;0.46;282.16;8.27;1056;38;3353.00;88
8639;37;624123299;8639;271;9696;9784;7.56;0.46;282.25;8.27;1057;38;3354.00;88
8642;37;624123312;8642;272;9697;9784;7.56;0.46;282.25;8.28;1055;38;3355.00;87
8648;37;624123324;8648;277;9700;9788;7.57;0.46;282.41;8.27;1052;38;3356.00;88
8651;37;624123337;8651;283;9701;9789;7.57;0.46;282.51;8.27;1050;38;3357.00;88
8653;37;624123349;8653;295;9703;9789;7.49;0.46;282.52;8.27;1050;38;3358.00;86
8658;37;624123362;8658;301;9703;9789;7.38;0.45;282.64;8.27;1045;38;3359.00;86
8659;37;624123376;8659;314;9727;9818;7.27;0.44;282.66;8.28;1068;38;3360.00;91
8661;37;624123390;8661;318;9728;9818;7.18;0.44;282.70;8.28;1067;38;3361.00;90
8663;37;624123402;8663;324;9730;9818;7.13;0.44;282.76;8.28;1067;38;3362.00;88
8665;37;624123415;8665;331;9731;9819;7.08;0.43;282.78;8.28;1066;38;3363.00;88
8670;37;624123427;8670;342;9733;9820;7.01;0.43;282.76;8.30;1063;38;3364.00;87
8672;37;624123440;8672;354;9734;9820;6.94;0.42;282.78;8.31;1062;38;3365.00;86
8677;37;624123452;8677;358;9737;9823;6.88;0.42;282.82;8.32;1060;38;3366.00;86
8680;37;624123463;8680;360;9739;9823;6.80;0.41;282.91;8.34;1059;38;3367.00;84
8681;37;624123476;8681;359;9740;9823;6.75;0.41;282.91;8.34;1059;38;3368.00;83
8683;37;624123487;8683;363;9742;9823;6.68;0.41;282.94;8.36;1059;38;3369.00;81
8683;37;624123499;8683;370;9747;9829;6.73;0.41;282.94;8.36;1064;38;3370.00;82
8686;37;624123513;8686;379;9748;9829;6.65;0.41;283.02;8.37;1062;38;3371.00;81
8687;37;624123530;8687;381;9750;9829;6.56;0.40;283.04;8.39;1063;38;3372.00;79
8690;37;624123545;8690;385;9750;9829;6.45;0.39;283.06;8.39;1060;38;3373.00;79
8693;37;624123560;8693;387;9755;9833;6.33;0.39;283.08;8.41;1062;38;3374.00;78
8698;37;624123574;8698;387;9757;9835;6.20;0.38;283.13;8.41;1059;38;3375.00;78
8699;37;624123588;8699;395;9759;9835;6.12;0.38;283.12;8.42;1060;38;3376.00;76
8702;37;624123603;8702;396;9760;9836;6.01;0.37;283.20;8.42;1058;38;3377.00;76
8703;37;624123614;8703;403;9762;9836;5.87;0.36;283.19;8.44;1059;38;3378.00;74
8705;37;624123625;8705;400;9762;9836;5.80;0.36;283.17;8.44;1057;38;3379.00;74
8708;37;624123636;8708;400;9762;9836;5.71;0.35;283.11;8.44;1054;38;3380.00;74
8711;37;624123648;8711;404;9762;9836;5.64;0.35;283.03;8.44;1051;38;3381.00;74
8713;37;624123659;8713;408;9762;9836;5.58;0.34;282.99;8.44;1049;38;3382.00;74
8715;37;624123670;8715;410;9765;9836;5.53;0.34;282.98;8.46;1050;38;3383.00;71
8716;37;624123681;8716;418;9801;9906;5.70;0.35;283.04;8.43;1085;38;3384.00;105
8719;37;624123697;8719;417;9804;9907;5.65;0.35;283.04;8.43;1085;38;3385.00;103
8721;37;624123710;8721;412;9811;9907;5.67;0.35;283.07;8.43;1090;38;3386.00;96
8722;37;624123722;8722;410;9816;9907;5.64;0.35;283.05;8.42;1094;38;3387.00;91
8724;37;624123733;8724;414;9823;9907;5.61;0.34;283.06;8.44;1099;38;3388.00;84
8727;37;624123744;8727;417;9824;9907;5.53;0.34;283.00;8.45;1097;38;3389.00;83
8731;37;624123757;8731;418;9828;9907;5.53;0.34;283.00;8.46;1097;38;3390.00;79
8734;37;624123768;8734;425;9833;9907;5.48;0.33;283.01;8.47;1099;38;3391.00;74
8738;37;624123784;8738;431;9836;9908;5.37;0.33;282.93;8.48;1098;38;3392.00;72
8738;37;624123795;8738;436;9837;9909;5.29;0.32;282.93;8.48;1099;38;3393.00;72
8744;37;624123805;8744;434;9841;9909;5.19;0.32;282.85;8.48;1097;38;3394.00;68
8748;37;624123817;8748;437;9846;9913;5.05;0.31;282.86;8.48;1098;38;3395.00;67
8749;37;624123828;8749;434;9847;9913;4.95;0.30;282.83;8.48;1098;38;3396.00;66
8750;37;624123839;8750;437;9848;9913;4.88;0.30;282.85;8.49;1098;38;3397.00;65
8751;37;624123850;8751;443;9849;9913;4.77;0.29;282.83;8.49;1098;38;3398.00;64
8754;37;624123860;8754;453;9854;9919;4.61;0.28;282.80;8.49;1100;38;3399.00;65
8754;37;624123877;8754;449;9855;9919;4.46;0.27;282.80;8.49;1101;38;3400.00;64
8758;37;624123891;8758;453;9855;9919;4.36;0.27;282.86;8.49;1097;38;3401.00;64
8759;37;624123902;8759;458;9857;9922;4.29;0.26;282.88;8.50;1098;38;3402.00;65
8762;37;624123912;8762;453;9858;9922;4.24;0.26;282.85;8.50;1096;38;3403.00;64
8767;37;624123922;8767;452;9859;9922;4.18;0.26;282.83;8.50;1092;38;3404.00;63
8771;37;624123933;8771;455;9859;9923;4.14;0.25;282.80;8.50;1088;38;3405.00;64
8775;37;624123944;8775;461;9861;9924;4.09;0.25;282.78;8.50;1086;38;3406.00;63
8778;37;624123954;8778;457;9861;9924;4.11;0.25;282.80;8.50;1083;38;3407.00;63
8781;37;624123964;8781;461;9871;9937;4.25;0.26;282.82;8.49;1090;38;3408.00;66
8784;37;624123976;8784;464;9871;9937;4.27;0.26;282.78;8.49;1087;38;3409.00;66
8786;37;624123987;8786;463;9872;9937;4.31;0.26;282.78;8.49;1086;38;3410.00;65
8788;37;624123997;8788;447;9874;9938;4.37;0.27;282.78;8.57;1086;38;3411.00;64
8792;37;624124008;8792;434;9874;9938;4.46;0.27;282.79;8.57;1082;38;3412.00;64
8793;37;624124019;8793;429;9877;9942;4.64;0.28;282.80;8.57;1084;38;3413.00;65
8794;37;624124030;8794;422;9877;9942;4.79;0.29;282.83;8.57;1083;38;3414.00;65
8797;37;624124043;8797;418;9880;9946;4.94;0.30;282.85;8.57;1083;38;3415.00;66
8802;37;624124054;8802;415;9881;9946;5.01;0.31;282.79;8.57;1079;38;3416.00;65
8804;37;624124066;8804;412;9882;9946;5.12;0.31;282.80;8.57;1078;38;3417.00;64
8808;37;624124083;8808;414;9883;9946;5.19;0.32;282.80;8.57;1075;38;3418.00;63
8810;37;624124095;8810;416;9883;9946;5.27;0.32;282.74;8.57;1073;38;3419.00;63
8815;37;624124108;8815;424;9910;9980;5.49;0.34;282.68;8.54;1095;38;3420.00;70
8816;37;624124128;8816;424;9910;9980;5.50;0.34;282.69;8.54;1094;38;3421.00;70
8820;37;624124145;8820;429;9911;9980;5.48;0.34;282.71;8.54;1091;38;3422.00;69
8823;37;624124157;8823;422;9911;9980;5.49;0.34;282.78;8.54;1088;38;3423.00;69
8825;37;624124169;8825;426;9912;9980;5.51;0.34;282.78;8.54;1087;38;3424.00;68
8827;37;624124181;8827;422;9912;9980;5.47;0.33;282.77;8.54;1085;38;3425.00;68
8831;37;624124198;8831;425;9912;9981;5.45;0.33;282.71;8.54;1081;38;3426.00;69
8834;37;624124218;8834;421;9912;9981;5.37;0.33;282.75;8.54;1078;38;3427.00;69
8836;37;624124235;8836;422;9918;9987;5.34;0.32;282.76;8.62;1082;38;3428.00;69
8837;37;624124256;8837;427;9919;9988;5.30;0.32;282.78;8.62;1082;38;3429.00;69
8841;37;624124274;8841;425;9919;9988;5.21;0.32;282.77;8.62;1078;38;3430.00;69
8845;37;624124293;8845;425;9919;9988;5.23;0.32;282.82;8.62;1074;38;3431.00;69
8849;37;624124310;8849;425;9922;9992;5.27;0.32;282.81;8.61;1073;38;3432.00;70
8851;37;624124324;8851;423;9922;9992;5.34;0.32;282.81;8.61;1071;38;3433.00;70
8855;37;624124337;8855;424;9922;9992;5.37;0.33;282.86;8.61;1067;38;3434.00;70
8859;37;624124351;8859;416;9923;9993;5.40;0.33;282.87;8.61;1064;38;3435.00;70
8859;37;624124377;8859;418;9926;9997;5.45;0.33;282.87;8.61;1067;38;3436.00;71
8866;37;624124391;8866;416;9926;9997;5.45;0.33;282.91;8.61;1060;38;3437.00;71
8871;37;624124404;8871;419;9928;10000;5.40;0.33;282.89;8.61;1057;38;3438.00;72
8871;37;624124418;8871;417;9928;10000;5.37;0.33;282.89;8.61;1057;38;3439.00;72
8879;37;624124432;8879;420;9929;10000;5.30;0.32;282.93;8.61;1050;38;3440.00;71
8882;37;624124446;8882;423;9929;10000;5.30;0.32;283.01;8.61;1047;38;3441.00;71
8884;37;624124458;8884;425;9933;10004;5.34;0.33;283.04;8.60;1049;38;3442.00;71
8891;37;624124471;8891;425;9933;10004;5.31;0.32;283.06;8.60;1042;38;3443.00;71
8897;37;624124484;8897;421;9933;10004;5.26;0.32;283.10;8.60;1036;38;3444.00;71
8897;37;624124496;8897;418;9934;10004;5.29;0.32;283.10;8.68;1037;38;3445.00;70
8898;37;624124509;8898;419;9934;10005;5.32;0.32;283.08;8.68;1036;38;3446.00;71
8900;37;624124522;8900;404;9935;10006;5.36;0.33;283.06;8.68;1035;38;3447.00;71
8905;37;624124535;8905;397;9935;10006;5.41;0.33;283.24;8.68;1030;38;3448.00;71
8908;37;624124548;8908;396;9936;10007;5.53;0.34;283.34;8.68;1028;38;3449.00;71
8910;37;624124562;8910;390;9936;10007;5.65;0.34;283.36;8.68;1026;38;3450.00;71
8912;37;624124575;8912;386;9936;10007;5.73;0.35;283.45;8.68;1024;38;3451.00;71
8916;37;624124587;8916;387;9936;10007;5.79;0.35;283.51;8.68;1020;38;3452.00;71
8918;37;624124601;8918;384;9936;10007;5.86;0.36;283.56;8.68;1018;38;3453.00;71
8920;37;624124614;8920;382;9936;10007;6.01;0.37;283.61;8.68;1016;38;3454.00;71
8922;37;624124627;8922;376;9936;10007;6.12;0.37;283.65;8.68;1014;38;3455.00;71
8923;37;624124647;8923;386;10010;10134;6.40;0.40;283.70;8.62;1087;38;3456.00;124
8924;37;624124670;8924;360;10012;10135;6.51;0.40;283.68;8.62;1088;38;3457.00;123
8929;37;624124684;8929;342;10019;10135;6.67;0.41;283.79;8.61;1090;38;3458.00;116
8933;37;624124699;8933;323;10020;10135;6.75;0.42;283.84;8.61;1087;38;3459.00;115
8936;37;624124722;8936;316;10025;10135;6.87;0.42;283.87;8.61;1089;38;3460.00;110
8940;37;624124737;8940;307;10029;10135;6.98;0.43;283.94;8.61;1089;38;3461.00;106
8941;37;624124758;8941;300;10031;10135;7.07;0.43;283.95;8.61;1090;38;3462.00;104
8943;37;624124772;8943;292;10034;10135;7.13;0.44;284.01;8.61;1091;38;3463.00;101
8948;37;624124787;8948;294;10038;10136;7.10;0.43;284.06;8.68;1090;38;3464.00;98
8948;37;624124802;8948;294;10041;10138;7.14;0.44;284.06;8.68;1093;38;3465.00;97
8952;37;624124817;8952;290;10045;10138;7.20;0.44;284.13;8.68;1093;38;3466.00;93
8953;37;624124832;8953;296;10048;10139;7.28;0.44;284.21;8.68;1095;38;3467.00;91
8956;37;624124847;8956;299;10049;10139;7.28;0.44;284.25;8.68;1093;38;3468.00;90
8958;37;624124862;8958;302;10050;10139;7.30;0.45;284.33;8.68;1092;38;3469.00;89
8960;37;624124877;8960;301;10052;10139;7.27;0.44;284.35;8.68;1092;38;3470.00;87
8962;37;624124892;8962;305;10056;10143;7.26;0.44;284.41;8.68;1094;38;3471.00;87
8966;37;624124909;8966;310;10058;10143;7.31;0.45;284.59;8.76;1092;38;3472.00;85
8967;37;624124923;8967;306;10058;10143;7.36;0.45;284.64;8.76;1091;38;3473.00;85
8967;37;624124938;8967;311;10061;10146;7.48;0.46;284.64;8.75;1094;38;3474.00;85
8970;37;624124953;8970;304;10061;10146;7.51;0.46;284.72;8.75;1091;38;3475.00;85
8973;37;624124968;8973;305;10062;10146;7.57;0.46;284.77;8.76;1089;38;3476.00;84
8976;37;624124983;8976;302;10065;10150;7.57;0.46;284.82;8.75;1089;38;3477.00;85
8978;37;624124998;8978;303;10069;10151;7.63;0.47;284.79;8.83;1091;38;3478.00;82
8982;37;624125015;8982;303;10070;10151;7.65;0.47;284.91;8.83;1088;38;3479.00;81
8986;37;624125032;8986;298;10074;10156;7.75;0.47;284.96;8.83;1088;38;3480.00;82
8987;37;624125047;8987;294;10075;10156;7.82;0.48;284.96;8.82;1088;38;3481.00;81
8990;37;624125062;8990;294;10075;10156;7.88;0.48;284.99;8.82;1085;38;3482.00;81
8993;37;624125083;8993;290;10076;10157;7.92;0.48;285.02;8.82;1083;38;3483.00;81
8996;37;624125098;8996;293;10076;10157;7.96;0.48;285.03;8.82;1080;38;3484.00;81
9001;37;624125119;9001;282;10081;10163;8.00;0.49;285.01;8.82;1080;38;3485.00;82
9003;37;624125134;9003;277;10081;10163;8.06;0.49;285.10;8.82;1078;38;3486.00;82
9003;37;624125149;9003;274;10081;10164;8.10;0.49;285.10;8.82;1078;38;3487.00;83
9005;37;624125163;9005;275;10081;10164;8.12;0.49;285.15;8.82;1076;38;3488.00;83
9006;37;624125178;9006;272;10081;10164;8.08;0.49;285.14;8.82;1075;38;3489.00;83
9010;37;624125193;9010;266;10081;10164;8.02;0.48;285.11;8.82;1071;38;3490.00;83
9011;37;624125208;9011;262;10081;10164;7.97;0.48;285.14;8.82;1070;38;3491.00;83
9012;37;624125222;9012;255;10090;10176;7.99;0.48;285.19;8.81;1078;38;3492.00;86
9015;37;624125240;9015;256;10090;10176;7.93;0.48;285.20;8.81;1075;38;3493.00;86
9017;37;624125254;9017;257;10092;10176;8.00;0.48;285.30;8.81;1075;38;3494.00;84
9019;37;624125267;9019;262;10092;10176;8.01;0.48;285.38;8.81;1073;38;3495.00;84
9023;37;624125280;9023;259;10092;10176;7.98;0.48;285.46;8.81;1069;38;3496.00;84
9026;37;624125294;9026;260;10092;10176;7.99;0.49;285.51;8.81;1066;38;3497.00;84
9027;37;624125308;9027;264;10095;10180;8.06;0.49;285.55;8.81;1068;38;3498.00;85
9031;37;624125321;9031;267;10095;10180;8.04;0.49;285.54;8.81;1064;38;3499.00;85
9034;37;624125335;9034;267;10099;10184;8.08;0.49;285.53;8.81;1065;38;3500.00;85
9037;37;624125352;9037;259;10100;10185;8.09;0.49;285.51;8.80;1063;38;3501.00;85
9040;37;624125366;9040;261;10100;10185;8.01;0.49;285.49;8.80;1060;38;3502.00;85
9042;37;624125379;9042;255;10100;10185;7.97;0.49;285.53;8.80;1058;38;3503.00;85
9050;37;624125392;9050;261;10112;10198;7.90;0.48;285.73;8.81;1062;38;3504.00;86
9057;37;624125408;9057;263;10113;10198;7.84;0.48;285.86;8.82;1056;38;3505.00;85
9059;37;624125421;9059;264;10113;10198;7.79;0.47;285.91;8.82;1054;38;3506.00;85
9062;37;624125434;9062;273;10114;10199;7.78;0.47;285.89;8.82;1052;38;3507.00;85
9066;37;624125447;9066;275;10114;10200;7.74;0.47;285.90;8.82;1048;38;3508.00;86
9069;37;624125461;9069;276;10114;10200;7.76;0.47;285.91;8.82;1045;38;3509.00;86
9072;37;624125477;9072;269;10118;10206;7.78;0.47;285.92;8.81;1046;38;3510.00;88
9076;37;624125490;9076;262;10119;10206;7.77;0.47;285.91;8.81;1043;38;3511.00;87
9079;37;624125503;9079;262;10120;10206;7.77;0.47;285.96;8.81;1041;38;3512.00;86
9081;37;624125517;9081;261;10120;10206;7.78;0.47;285.94;8.81;1039;38;3513.00;86
9086;37;624125529;9086;265;10125;10212;7.76;0.47;286.03;8.81;1039;38;3514.00;87
9087;37;624125543;9087;270;10125;10212;7.73;0.47;286.03;8.81;1038;38;3515.00;87
9088;37;624125555;9088;263;10125;10212;7.70;0.47;286.06;8.81;1037;38;3516.00;87
9090;37;624125568;9090;267;10125;10212;7.70;0.47;286.09;8.81;1035;38;3517.00;87
9091;37;624125579;9091;265;10128;10216;7.64;0.46;286.10;8.81;1037;38;3518.00;88
9094;37;624125592;9094;269;10132;10219;7.54;0.46;286.21;8.82;1038;38;3519.00;87
9095;37;624125605;9095;276;10132;10219;7.47;0.45;286.27;8.82;1037;38;3520.00;87
9098;37;624125617;9098;278;10133;10220;7.39;0.45;286.24;8.82;1035;38;3521.00;87
9100;37;624125629;9100;282;10133;10220;7.30;0.44;286.30;8.82;1033;38;3522.00;87
9101;37;624125641;9101;295;10133;10220;7.24;0.44;286.28;8.82;1032;38;3523.00;87
9104;37;624125652;9104;297;10133;10220;7.17;0.44;286.31;8.82;1029;38;3524.00;87
9106;37;624125665;9106;301;10133;10220;7.09;0.43;286.41;8.82;1027;38;3525.00;87
9108;37;624125676;9108;318;10134;10220;6.98;0.42;286.47;8.83;1026;38;3526.00;86
9109;37;624125688;9109;320;10134;10220;6.93;0.42;286.47;8.83;1025;38;3527.00;86
9110;37;624125700;9110;327;10168;10290;7.10;0.44;286.47;8.80;1058;38;3528.00;122
9111;37;624125716;9111;328;10168;10291;7.07;0.43;286.48;8.80;1057;38;3529.00;123
9114;37;624125728;9114;332;10178;10291;7.06;0.43;286.47;8.82;1064;38;3530.00;113
9120;37;624125740;9120;336;10181;10291;6.99;0.43;286.47;8.81;1061;38;3531.00;110
9121;37;624125752;9121;344;10186;10291;6.93;0.43;286.44;8.82;1065;38;3532.00;105
9124;37;624125764;9124;356;10188;10291;6.88;0.42;286.41;8.84;1064;38;3533.00;103
9127;37;624125776;9127;358;10190;10291;6.81;0.42;286.45;8.84;1063;38;3534.00;101
9128;37;624125787;9128;364;10194;10291;6.66;0.41;286.43;8.86;1066;38;3535.00;97
9131;37;624125804;9131;371;10195;10292;6.57;0.40;286.41;8.86;1064;38;3536.00;97
9134;37;624125816;9134;380;10199;10293;6.49;0.40;286.38;8.88;1065;38;3537.00;94
9137;37;624125828;9137;382;10200;10293;6.38;0.39;286.34;8.88;1063;38;3538.00;93
9140;37;624125839;9140;385;10206;10297;6.32;0.39;286.35;8.88;1066;38;3539.00;91
9141;37;624125853;9141;388;10211;10297;6.27;0.38;286.33;8.90;1070;38;3540.00;86
9146;37;624125864;9146;397;10213;10297;6.19;0.38;286.25;8.91;1067;38;3541.00;84
9147;37;624125876;9147;401;10214;10297;6.15;0.38;286.31;8.91;1067;38;3542.00;83
9148;37;624125886;9148;406;10222;10303;6.19;0.38;286.31;8.93;1074;38;3543.00;81
9150;37;624125898;9150;410;10224;10303;6.12;0.38;286.26;8.93;1074;38;3544.00;79
9151;37;624125909;9151;416;10225;10303;6.06;0.37;286.24;8.94;1074;38;3545.00;78
9152;37;624125920;9152;416;10228;10306;6.03;0.37;286.22;8.94;1076;38;3546.00;78
9153;37;624125931;9153;420;10230;10306;5.92;0.36;286.20;8.95;1077;38;3547.00;76
9155;37;624125942;9155;422;10230;10306;5.83;0.36;286.32;8.95;1075;38;3548.00;76
9159;37;624125953;9159;425;10232;10307;5.69;0.35;286.29;8.96;1073;38;3549.00;75
9160;37;624125964;9160;426;10233;10308;5.59;0.34;286.27;8.96;1073;38;3550.00;75
9163;37;624125975;9163;428;10235;10308;5.47;0.33;286.23;8.97;1072;38;3551.00;73
9165;37;624125986;9165;424;10246;10321;5.44;0.33;286.19;8.97;1081;38;3552.00;75
9168;37;624125998;9168;421;10247;10321;5.33;0.32;286.15;8.97;1079;38;3553.00;74
9172;37;624126009;9172;418;10249;10321;5.16;0.31;286.18;8.99;1077;38;3554.00;72
9173;37;624126020;9173;418;10251;10323;5.11;0.31;286.23;8.99;1078;38;3555.00;72
9175;37;624126031;9175;424;10251;10323;5.04;0.31;286.25;8.99;1076;38;3556.00;72
9175;37;624126042;9175;430;10258;10327;5.07;0.31;286.25;9.01;1083;38;3557.00;69
9175;37;624126052;9175;440;10258;10327;5.06;0.31;286.25;9.01;1083;38;3558.00;69
9176;37;624126062;9176;437;10262;10331;5.00;0.30;286.23;9.02;1086;38;3559.00;69
9176;37;624126077;9176;443;10262;10331;4.98;0.30;286.23;9.02;1086;38;3560.00;69
9177;37;624126088;9177;452;10262;10331;4.92;0.30;286.21;9.02;1085;38;3561.00;69
9180;37;624126098;9180;454;10265;10331;4.81;0.29;286.17;9.04;1085;38;3562.00;66
9182;37;624126108;9182;438;10266;10331;4.75;0.29;286.19;9.05;1084;38;3563.00;65
9184;37;624126119;9184;430;10276;10343;4.79;0.29;286.14;9.04;1092;38;3564.00;67
9187;37;624126130;9187;424;10278;10343;4.75;0.29;286.11;9.05;1091;38;3565.00;65
9189;37;624126140;9189;428;10279;10343;4.75;0.29;286.06;9.05;1090;38;3566.00;64
9192;37;624126151;9192;423;10280;10343;4.75;0.29;286.13;9.05;1088;38;3567.00;63
9195;37;624126162;9195;425;10281;10343;4.76;0.29;286.11;9.06;1086;38;3568.00;62
9196;37;624126173;9196;422;10281;10343;4.75;0.29;286.12;9.06;1085;38;3569.00;62
9197;37;624126191;9197;414;10283;10344;4.76;0.29;286.14;9.06;1086;38;3570.00;61
9200;37;624126207;9200;414;10283;10344;4.76;0.29;286.16;9.06;1083;38;3571.00;61
9202;37;624126228;9202;406;10290;10350;4.82;0.29;286.15;9.07;1088;38;3572.00;60
9204;37;624126253;9204;403;10291;10351;4.86;0.30;286.18;9.07;1087;38;3573.00;60
9205;37;624126270;9205;399;10291;10351;4.85;0.30;286.20;9.07;1086;38;3574.00;60
9207;37;624126286;9207;390;10293;10351;4.85;0.30;286.20;9.07;1086;38;3575.00;58
9210;37;624126304;9210;397;10296;10355;4.88;0.30;286.22;9.07;1086;38;3576.00;59
9212;37;624126317;9212;392;10296;10355;4.92;0.30;286.26;9.07;1084;38;3577.00;59
9214;37;624126329;9214;388;10296;10355;4.95;0.30;286.28;9.07;1082;38;3578.00;59
9217;37;624126341;9217;381;10297;10356;5.04;0.31;286.30;9.07;1080;38;3579.00;59
9220;37;624126354;9220;374;10300;10360;5.11;0.31;286.29;9.06;1080;38;3580.00;60
9222;37;624126366;9222;368;10300;10360;5.16;0.31;286.33;9.06;1078;38;3581.00;60
9222;37;624126380;9222;367;10302;10363;5.27;0.32;286.33;9.06;1080;38;3582.00;61
9224;37;624126393;9224;364;10303;10363;5.34;0.32;286.34;9.06;1079;38;3583.00;60
9226;37;624126405;9226;366;10303;10363;5.42;0.33;286.33;9.06;1077;38;3584.00;60
9228;37;624126418;9228;369;10303;10363;5.48;0.33;286.34;9.06;1075;38;3585.00;60
9230;37;624126430;9230;370;10307;10367;5.55;0.34;286.32;9.06;1077;38;3586.00;60
9234;37;624126443;9234;361;10307;10367;5.59;0.34;286.32;9.06;1073;38;3587.00;60
9236;37;624126455;9236;354;10308;10367;5.60;0.34;286.37;9.14;1072;38;3588.00;59
9241;37;624126469;9241;367;10308;10367;5.60;0.34;286.39;9.14;1067;38;3589.00;59
9243;37;624126480;9243;373;10308;10368;5.60;0.34;286.44;9.14;1065;38;3590.00;60
9249;37;624126493;9249;377;10309;10369;5.58;0.34;286.43;9.14;1060;38;3591.00;60
9254;37;624126505;9254;376;10309;10369;5.52;0.34;286.45;9.14;1055;38;3592.00;60
9259;37;624126518;9259;376;10310;10370;5.54;0.34;286.51;9.14;1051;38;3593.00;60
9261;37;624126531;9261;376;10310;10370;5.57;0.34;286.58;9.14;1049;38;3594.00;60
9267;37;624126542;9267;372;10310;10370;5.61;0.34;286.68;9.14;1043;38;3595.00;60
9273;37;624126555;9273;378;10310;10370;5.63;0.34;286.71;9.14;1037;38;3596.00;60
9275;37;624126567;9275;366;10310;10370;5.66;0.35;286.77;9.14;1035;38;3597.00;60
9277;37;624126579;9277;366;10310;10370;5.71;0.35;286.76;9.14;1033;38;3598.00;60
9282;37;624126591;9282;361;10310;10370;5.74;0.35;286.82;9.14;1028;38;3599.00;60
9285;37;624126606;9285;390;10425;10623;6.09;0.38;286.85;9.04;1140;38;3600.00;198
9288;37;624126648;9288;381;10431;10624;6.13;0.38;286.83;9.03;1143;38;3601.00;193
9292;37;624126662;9292;377;10447;10624;6.17;0.39;286.84;9.02;1155;38;3602.00;177
9299;37;624126676;9299;375;10455;10624;6.19;0.39;286.95;9.02;1156;38;3603.00;169
9301;37;624126689;9301;378;10462;10624;6.23;0.39;287.00;9.02;1161;38;3604.00;162
9304;37;624126702;9304;375;10467;10624;6.22;0.39;287.09;9.01;1163;38;3605.00;157
9308;37;624126721;9308;376;10474;10624;6.21;0.39;287.19;9.01;1166;38;3606.00;150
9311;37;624126735;9311;377;10480;10624;6.19;0.39;287.24;9.01;1169;38;3607.00;144
9314;37;624126749;9314;371;10487;10625;6.16;0.38;287.29;9.01;1173;38;3608.00;138
9322;37;624126763;9322;374;10490;10626;6.12;0.38;287.33;9.01;1168;38;3609.00;136
9326;37;624126785;9326;374;10494;10626;6.11;0.38;287.46;9.01;1168;38;3610.00;132
9330;37;624126799;9330;375;10497;10627;6.04;0.37;287.58;9.01;1167;38;3611.00;130
9333;37;624126813;9333;373;10499;10627;6.00;0.37;287.77;9.01;1166;38;3612.00;128
9338;37;624126827;9338;371;10505;10627;5.87;0.36;287.77;9.09;1167;38;3613.00;122
9341;37;624126840;9341;385;10509;10627;5.85;0.36;287.85;9.09;1168;38;3614.00;118
9344;37;624126854;9344;388;10512;10631;5.81;0.36;287.94;9.09;1168;38;3615.00;119
9349;37;624126867;9349;392;10513;10631;5.74;0.35;288.03;9.09;1164;38;3616.00;118
9354;37;624126882;9354;384;10513;10631;5.72;0.35;288.23;9.09;1159;38;3617.00;118
9356;37;624126903;9356;388;10515;10634;5.74;0.35;288.22;9.09;1159;38;3618.00;119
9359;37;624126918;9359;388;10517;10634;5.68;0.35;288.30;9.09;1158;38;3619.00;117
9361;37;624126931;9361;391;10517;10634;5.70;0.35;288.36;9.09;1156;38;3620.00;117
9367;37;624126945;9367;393;10522;10638;5.68;0.35;288.37;9.09;1155;38;3621.00;116
9369;37;624126960;9369;400;10523;10639;5.72;0.35;288.49;9.09;1154;38;3622.00;116
9373;37;624126976;9373;407;10524;10639;5.76;0.35;288.50;9.09;1151;38;3623.00;115
9374;37;624126996;9374;411;10526;10643;5.84;0.36;288.48;9.09;1152;38;3624.00;117
9378;37;624127016;9378;411;10528;10643;5.88;0.36;288.58;9.09;1150;38;3625.00;115
9382;37;624127031;9382;398;10529;10643;5.97;0.37;288.68;9.09;1147;38;3626.00;114
9385;37;624127045;9385;390;10531;10644;6.07;0.37;288.74;9.09;1146;38;3627.00;113
9387;37;624127059;9387;388;10532;10644;6.16;0.38;288.84;9.09;1145;38;3628.00;112
9389;37;624127080;9389;383;10536;10650;6.28;0.39;288.85;9.09;1147;38;3629.00;114
9392;37;624127103;9392;375;10537;10650;6.35;0.39;288.88;9.09;1145;38;3630.00;113
9395;37;624127117;9395;374;10538;10651;6.44;0.40;288.90;9.09;1143;38;3631.00;113
9401;37;624127133;9401;379;10540;10651;6.54;0.40;288.97;9.10;1139;38;3632.00;111
9404;37;624127147;9404;371;10540;10651;6.64;0.41;289.14;9.10;1136;38;3633.00;111
9407;37;624127163;9407;365;10540;10651;6.76;0.41;289.19;9.10;1133;38;3634.00;111
9409;37;624127178;9409;366;10542;10651;6.86;0.42;289.18;9.10;1133;38;3635.00;109
9410;37;624127200;9410;360;10549;10663;6.97;0.43;289.17;9.09;1139;38;3636.00;114
9412;37;624127216;9412;358;10551;10663;7.03;0.43;289.26;9.10;1139;38;3637.00;112
9412;37;624127231;9412;350;10553;10663;7.12;0.44;289.26;9.10;1141;38;3638.00;110
9415;37;624127247;9415;349;10554;10663;7.19;0.44;289.31;9.10;1139;38;3639.00;109
9417;37;624127261;9417;355;10554;10663;7.21;0.44;289.44;9.10;1137;38;3640.00;109
9421;37;624127276;9421;354;10555;10663;7.22;0.44;289.50;9.10;1134;38;3641.00;108
9425;37;624127290;9425;360;10558;10667;7.19;0.44;289.55;9.09;1133;38;3642.00;109
9426;37;624127306;9426;351;10560;10667;7.18;0.44;289.55;9.10;1134;38;3643.00;107
9429;37;624127320;9429;347;10564;10671;7.18;0.44;289.64;9.09;1135;38;3644.00;107
9431;37;624127335;9431;349;10567;10673;7.20;0.44;289.66;9.16;1136;38;3645.00;106
9436;37;624127349;9436;349;10567;10673;7.17;0.44;289.63;9.16;1131;38;3646.00;106
9438;37;624127363;9438;351;10567;10673;7.17;0.44;289.62;9.16;1129;38;3647.00;106
9440;37;624127378;9440;351;10576;10686;7.19;0.44;289.68;9.16;1136;38;3648.00;110
9441;37;624127392;9441;349;10576;10686;7.17;0.44;289.71;9.16;1135;38;3649.00;110
9444;37;624127406;9444;354;10576;10686;7.17;0.44;289.76;9.16;1132;38;3650.00;110
9448;37;624127420;9448;352;10577;10687;7.16;0.44;289.74;9.16;1129;38;3651.00;110
9450;37;624127433;9450;354;10577;10688;7.17;0.44;289.71;9.16;1127;38;3652.00;111
9454;37;624127448;9454;349;10577;10688;7.14;0.44;289.70;9.16;1123;38;3653.00;111
9457;37;624127461;9457;345;10579;10691;7.12;0.43;289.75;9.15;1122;38;3654.00;112
9458;37;624127475;9458;340;10579;10691;7.13;0.43;289.81;9.15;1121;38;3655.00;112
9460;37;624127488;9460;325;10580;10691;7.10;0.43;289.86;9.15;1120;38;3656.00;111
9464;37;624127502;9464;327;10580;10691;7.12;0.43;289.91;9.15;1116;38;3657.00;111
9465;37;624127516;9465;326;10585;10697;7.19;0.44;289.89;9.15;1120;38;3658.00;112
9467;37;624127530;9467;326;10585;10697;7.23;0.44;289.86;9.15;1118;38;3659.00;112
9471;37;624127545;9471;322;10585;10697;7.26;0.44;289.91;9.15;1114;38;3660.00;112
9474;37;624127559;9474;324;10585;10697;7.27;0.44;289.99;9.15;1111;38;3661.00;112
9479;37;624127572;9479;333;10588;10701;7.29;0.44;290.08;9.22;1109;38;3662.00;113
9480;37;624127591;9480;327;10589;10702;7.33;0.45;290.12;9.22;1109;38;3663.00;113
9487;37;624127604;9487;326;10589;10702;7.36;0.45;290.23;9.22;1102;38;3664.00;113
9490;37;624127618;9490;323;10590;10703;7.37;0.45;290.28;9.22;1100;38;3665.00;113
9493;37;624127632;9493;324;10590;10703;7.40;0.45;290.26;9.22;1097;38;3666.00;113
9493;37;624127645;9493;328;10591;10703;7.42;0.45;290.26;9.22;1098;38;3667.00;112
9499;37;624127658;9499;329;10591;10703;7.42;0.45;290.37;9.22;1092;38;3668.00;112
9500;37;624127672;9500;334;10591;10703;7.39;0.45;290.39;9.22;1091;38;3669.00;112
9504;37;624127685;9504;335;10591;10703;7.38;0.45;290.48;9.22;1087;38;3670.00;112
9508;37;624127698;9508;333;10592;10703;7.31;0.45;290.45;9.30;1084;38;3671.00;111
9512;37;624127711;9512;338;10623;10773;7.19;0.44;290.44;9.28;1111;38;3672.00;150
9513;37;624127730;9513;331;10623;10774;7.12;0.43;290.48;9.28;1110;38;3673.00;151
9519;37;624127743;9519;324;10628;10774;7.08;0.43;290.64;9.28;1109;38;3674.00;146
9522;37;624127757;9522;322;10632;10774;7.00;0.43;290.61;9.30;1110;38;3675.00;142
9527;37;624127771;9527;322;10635;10774;6.94;0.42;290.73;9.29;1108;38;3676.00;139
9529;37;624127784;9529;325;10636;10774;6.94;0.42;290.81;9.29;1107;38;3677.00;138
9531;37;624127798;9531;322;10639;10774;6.93;0.42;290.84;9.29;1108;38;3678.00;135
9536;37;624127811;9536;315;10642;10774;6.88;0.42;290.83;9.29;1106;38;3679.00;132
9538;38;624127824;9538;312;10642;10775;6.86;0.42;290.82;9.29;1104;39;3680.00;133
9542;38;624127853;9542;314;10645;10776;6.86;0.42;290.86;9.29;1103;39;3681.00;131
9547;38;624127868;9547;313;10646;10776;6.80;0.41;290.85;9.29;1099;39;3682.00;130
9548;38;624127882;9548;320;10652;10780;6.80;0.41;290.87;9.29;1104;39;3683.00;128
9552;38;624127897;9552;320;10655;10780;6.81;0.42;290.79;9.29;1103;39;3684.00;125
9554;38;624127911;9554;320;10657;10780;6.78;0.41;290.88;9.29;1103;39;3685.00;123
9555;38;624127925;9555;334;10658;10780;6.75;0.41;290.88;9.29;1103;39;3686.00;122
9557;38;624127938;9557;342;10663;10786;6.78;0.41;290.85;9.30;1106;39;3687.00;123
9560;38;624127953;9560;347;10664;10786;6.76;0.41;290.85;9.30;1104;39;3688.00;122
9563;38;624127967;9563;349;10666;10786;6.70;0.41;290.89;9.30;1103;39;3689.00;120
9564;38;624127983;9564;349;10670;10792;6.67;0.41;290.89;9.30;1106;39;3690.00;122
9566;38;624127998;9566;354;10671;10792;6.63;0.40;290.85;9.30;1105;39;3691.00;121
9569;38;624128011;9569;364;10675;10792;6.55;0.40;290.89;9.31;1106;39;3692.00;117
9572;38;624128023;9572;365;10675;10793;6.48;0.39;290.92;9.31;1103;39;3693.00;118
9574;38;624128036;9574;369;10676;10794;6.42;0.39;290.90;9.31;1102;39;3694.00;118
9577;38;624128049;9577;377;10677;10794;6.41;0.39;290.90;9.31;1100;39;3695.00;117
9578;38;624128061;9578;392;10687;10807;6.40;0.39;290.88;9.31;1109;39;3696.00;120
9583;38;624128074;9583;392;10689;10807;6.38;0.39;290.88;9.31;1106;39;3697.00;118
9585;38;624128086;9585;395;10691;10807;6.39;0.39;290.88;9.32;1106;39;3698.00;116
9587;38;624128098;9587;393;10693;10808;6.40;0.39;290.86;9.33;1106;39;3699.00;115
9588;38;624128111;9588;397;10695;10808;6.33;0.38;290.84;9.35;1107;39;3700.00;113
9590;38;624128127;9590;407;10700;10812;6.23;0.38;290.82;9.36;1110;39;3701.00;112
9592;38;624128139;9592;416;10700;10812;6.13;0.37;290.77;9.36;1108;39;3702.00;112
9597;38;624128151;9597;425;10705;10816;5.99;0.36;290.73;9.38;1108;39;3703.00;111
9598;38;624128163;9598;426;10706;10816;5.87;0.36;290.72;9.38;1108;39;3704.00;110
9603;38;624128175;9603;441;10708;10816;5.67;0.35;290.73;9.41;1105;39;3705.00;108
9604;38;624128186;9604;445;10708;10816;5.56;0.34;290.80;9.41;1104;39;3706.00;108
9605;38;624128202;9605;453;10709;10816;5.54;0.34;290.77;9.41;1104;39;3707.00;107
9608;38;624128220;9608;460;10721;10828;5.50;0.34;290.70;9.44;1113;39;3708.00;107
9610;38;624128238;9610;460;10723;10828;5.46;0.33;290.67;9.44;1113;39;3709.00;105
9611;38;624128265;9611;462;10724;10828;5.43;0.33;290.64;9.44;1113;39;3710.00;104
9612;38;624128281;9612;469;10726;10828;5.37;0.33;290.62;9.46;1114;39;3711.00;102
9613;38;624128299;9613;473;10726;10828;5.35;0.33;290.62;9.46;1113;39;3712.00;102
9615;38;624128315;9615;479;10726;10828;5.27;0.32;290.59;9.46;1111;39;3713.00;102
9618;38;624128328;9618;477;10729;10829;5.22;0.32;290.66;9.49;1111;39;3714.00;100
9619;38;624128342;9619;467;10731;10829;5.13;0.31;290.66;9.51;1112;39;3715.00;98
9621;38;624128362;9621;459;10737;10835;5.15;0.32;290.64;9.51;1116;39;3716.00;98
9622;38;624128384;9622;453;10741;10836;5.09;0.31;290.64;9.53;1119;39;3717.00;95
9623;38;624128398;9623;459;10742;10836;5.03;0.31;290.64;9.54;1119;39;3718.00;94
9624;38;624128411;9624;456;10745;10836;4.94;0.30;290.63;9.56;1121;39;3719.00;91
9626;38;624128426;9626;447;10749;10841;4.96;0.30;290.58;9.56;1123;39;3720.00;92
9628;38;624128439;9628;437;10749;10841;4.96;0.30;290.55;9.56;1121;39;3721.00;92
9629;38;624128470;9629;428;10749;10841;5.01;0.31;290.52;9.56;1120;39;3722.00;92
9632;38;624128485;9632;426;10754;10842;5.05;0.31;290.47;9.59;1122;39;3723.00;88
9633;38;624128498;9633;419;10757;10846;5.14;0.32;290.45;9.58;1124;39;3724.00;89
9634;38;624128512;9634;412;10759;10846;5.15;0.32;290.42;9.60;1125;39;3725.00;87
9636;38;624128526;9636;411;10762;10849;5.22;0.32;290.42;9.60;1126;39;3726.00;87
9636;38;624128541;9636;404;10763;10849;5.31;0.33;290.42;9.60;1127;39;3727.00;86
9638;38;624128554;9638;402;10765;10849;5.40;0.33;290.40;9.62;1127;39;3728.00;84
9641;38;624128567;9641;410;10766;10849;5.44;0.33;290.37;9.62;1125;39;3729.00;83
9643;38;624128590;9643;412;10771;10853;5.55;0.34;290.33;9.62;1128;39;3730.00;82
9647;38;624128603;9647;412;10772;10853;5.58;0.34;290.36;9.62;1125;39;3731.00;81
9650;38;624128615;9650;409;10773;10853;5.56;0.34;290.37;9.63;1123;39;3732.00;80
9653;38;624128627;9653;413;10773;10853;5.51;0.34;290.34;9.63;1120;39;3733.00;80
9656;38;624128640;9656;405;10774;10854;5.45;0.33;290.31;9.64;1118;39;3734.00;80
9657;38;624128652;9657;405;10776;10856;5.42;0.33;290.30;9.64;1119;39;3735.00;80
9660;38;624128665;9660;405;10776;10856;5.38;0.33;290.31;9.64;1116;39;3736.00;80
9666;38;624128677;9666;415;10778;10857;5.32;0.32;290.42;9.64;1112;39;3737.00;79
9670;38;624128690;9670;419;10780;10857;5.27;0.32;290.45;9.66;1110;39;3738.00;77
9672;38;624128704;9672;421;10781;10857;5.24;0.32;290.47;9.66;1109;39;3739.00;76
9675;38;624128721;9675;418;10781;10857;5.16;0.31;290.55;9.66;1106;39;3740.00;76
9679;38;624128735;9679;418;10782;10857;5.16;0.31;290.60;9.67;1103;39;3741.00;75
9682;38;624128748;9682;420;10783;10857;5.19;0.31;290.61;9.67;1101;39;3742.00;74
9683;38;624128760;9683;408;10783;10857;5.18;0.31;290.62;9.67;1100;39;3743.00;74
9685;38;624128772;9685;421;10848;10984;5.52;0.34;290.67;9.62;1163;39;3744.00;136
9686;38;624128795;9686;416;10852;10985;5.55;0.34;290.68;9.62;1166;39;3745.00;133
9689;38;624128808;9689;411;10862;10985;5.63;0.35;290.73;9.61;1173;39;3746.00;123
9693;38;624128821;9693;397;10866;10985;5.66;0.35;290.84;9.61;1173;39;3747.00;119
9695;38;624128834;9695;398;10872;10985;5.72;0.35;290.86;9.61;1177;39;3748.00;113
9698;38;624128848;9698;398;10874;10985;5.76;0.35;290.93;9.60;1176;39;3749.00;111
9704;38;624128863;9704;388;10879;10990;5.76;0.35;291.04;9.60;1175;39;3750.00;111
9708;38;624128877;9708;390;10881;10990;5.78;0.35;291.12;9.60;1173;39;3751.00;109
9710;38;624128891;9710;388;10883;10991;5.80;0.35;291.10;9.60;1173;39;3752.00;108
9714;38;624128905;9714;398;10888;10992;5.82;0.36;291.15;9.60;1174;39;3753.00;104
9718;38;624128920;9718;395;10890;10992;5.86;0.36;291.18;9.60;1172;39;3754.00;102
9721;38;624128934;9721;397;10893;10993;5.90;0.36;291.23;9.60;1172;39;3755.00;100
9724;38;624128948;9724;395;10898;10993;5.95;0.36;291.30;9.60;1174;39;3756.00;95
9727;38;624128963;9727;391;10900;10993;6.03;0.37;291.30;9.60;1173;39;3757.00;93
9730;38;624128977;9730;387;10901;10993;6.06;0.37;291.34;9.60;1171;39;3758.00;92
9732;38;624128992;9732;380;10906;10997;6.13;0.38;291.43;9.60;1174;39;3759.00;91
9734;38;624129007;9734;380;10908;10997;6.23;0.38;291.45;9.60;1174;39;3760.00;89
9736;38;624129022;9736;382;10910;10997;6.26;0.38;291.44;9.60;1174;39;3761.00;87
9742;38;624129037;9742;387;10912;11000;6.29;0.38;291.54;9.60;1170;39;3762.00;88
9745;38;624129052;9745;392;10913;11000;6.24;0.38;291.51;9.60;1168;39;3763.00;87
9749;38;624129067;9749;399;10914;11000;6.21;0.38;291.66;9.60;1165;39;3764.00;86
9751;38;624129082;9751;396;10918;11004;6.21;0.38;291.67;9.60;1167;39;3765.00;86
9753;38;624129097;9753;401;10919;11005;6.21;0.38;291.74;9.60;1166;39;3766.00;86
9755;38;624129111;9755;395;10919;11005;6.19;0.38;291.80;9.60;1164;39;3767.00;86
9758;38;624129125;9758;395;10924;11009;6.20;0.38;291.81;9.68;1166;39;3768.00;85
9762;38;624129140;9762;389;10925;11009;6.15;0.38;291.86;9.68;1163;39;3769.00;84
9767;38;624129155;9767;391;10925;11009;6.09;0.37;291.88;9.68;1158;39;3770.00;84
9772;38;624129169;9772;388;10926;11010;6.05;0.37;291.88;9.68;1154;39;3771.00;84
9777;38;624129183;9777;386;10926;11010;6.01;0.37;291.98;9.68;1149;39;3772.00;84
9781;38;624129200;9781;381;10931;11016;6.00;0.37;292.12;9.67;1150;39;3773.00;85
9784;38;624129219;9784;378;10931;11016;6.02;0.37;292.10;9.67;1147;39;3774.00;85
9787;38;624129233;9787;379;10931;11017;5.99;0.37;292.22;9.67;1144;39;3775.00;86
9791;38;624129247;9791;376;10931;11017;5.99;0.37;292.34;9.67;1140;39;3776.00;86
9794;38;624129260;9794;374;10931;11017;6.01;0.37;292.31;9.67;1137;39;3777.00;86
9801;38;624129273;9801;377;10931;11017;5.99;0.37;292.42;9.67;1130;39;3778.00;86
9806;38;624129285;9806;378;10931;11017;6.00;0.37;292.50;9.67;1125;39;3779.00;86
9808;38;624129300;9808;378;10956;11053;6.14;0.38;292.47;9.65;1148;39;3780.00;97
9813;38;624129316;9813;376;10956;11053;6.12;0.38;292.55;9.65;1143;39;3781.00;97
9814;38;624129329;9814;377;10960;11053;6.16;0.38;292.54;9.65;1146;39;3782.00;93
9821;38;624129342;9821;379;10960;11053;6.09;0.37;292.65;9.65;1139;39;3783.00;93
9826;38;624129356;9826;375;10962;11053;6.08;0.37;292.75;9.73;1136;39;3784.00;91
9828;38;624129370;9828;380;10962;11053;6.07;0.37;292.78;9.73;1134;39;3785.00;91
9833;38;624129383;9833;382;10966;11057;6.02;0.37;292.90;9.73;1133;39;3786.00;91
9838;38;624129396;9838;378;10966;11057;5.96;0.37;292.97;9.73;1128;39;3787.00;91
9840;38;624129411;9840;369;10970;11061;5.95;0.36;292.96;9.72;1130;39;3788.00;91
9843;38;624129424;9843;371;10971;11062;5.90;0.36;293.02;9.72;1128;39;3789.00;91
9848;38;624129438;9848;372;10971;11062;5.89;0.36;293.07;9.72;1123;39;3790.00;91
9850;38;624129451;9850;369;10971;11062;5.93;0.36;293.07;9.72;1121;39;3791.00;91
9855;38;624129465;9855;365;10982;11075;6.00;0.37;293.15;9.71;1127;39;3792.00;93
9858;38;624129479;9858;357;10982;11075;6.02;0.37;293.20;9.71;1124;39;3793.00;93
9860;38;624129493;9860;358;10982;11075;6.11;0.37;293.25;9.71;1122;39;3794.00;93
9864;38;624129505;9864;352;10983;11076;6.18;0.38;293.32;9.71;1119;39;3795.00;93
9868;38;624129525;9868;341;10983;11077;6.25;0.38;293.38;9.71;1115;39;3796.00;94
9872;38;624129539;9872;343;10983;11077;6.28;0.38;293.46;9.71;1111;39;3797.00;94
9875;38;624129552;9875;333;10985;11080;6.34;0.39;293.55;9.71;1110;39;3798.00;95
9879;38;624129566;9879;329;10986;11080;6.40;0.39;293.60;9.79;1107;39;3799.00;94
9881;38;624129585;9881;318;10987;11080;6.43;0.39;293.68;9.79;1106;39;3800.00;93
9886;38;624129609;9886;306;10987;11080;6.40;0.39;293.70;9.79;1101;39;3801.00;93
9889;38;624129626;9889;301;10992;11086;6.48;0.40;293.73;9.79;1103;39;3802.00;94
9892;38;624129640;9892;298;10992;11086;6.54;0.40;293.78;9.79;1100;39;3803.00;94
9895;38;624129654;9895;294;10992;11086;6.58;0.40;293.79;9.79;1097;39;3804.00;94
9899;38;624129668;9899;296;10992;11086;6.65;0.41;293.83;9.79;1093;39;3805.00;94
9902;38;624129681;9902;295;10995;11090;6.70;0.41;293.84;9.78;1093;39;3806.00;95
9904;38;624129695;9904;296;10996;11091;6.71;0.41;293.86;9.78;1092;39;3807.00;95
9907;38;624129709;9907;295;10997;11091;6.72;0.41;293.86;9.87;1090;39;3808.00;94
9910;38;624129722;9910;298;10998;11092;6.74;0.41;293.88;9.87;1088;39;3809.00;94
9916;38;624129738;9916;295;10998;11092;6.71;0.41;294.04;9.87;1082;39;3810.00;94
9919;38;624129751;9919;302;10998;11092;6.75;0.41;294.07;9.87;1079;39;3811.00;94
9924;38;624129764;9924;296;10998;11092;6.74;0.41;294.03;9.87;1074;39;3812.00;94
9926;38;624129778;9926;299;10998;11092;6.72;0.41;294.15;9.87;1072;39;3813.00;94
9929;38;624129791;9929;301;10998;11092;6.74;0.41;294.23;9.87;1069;39;3814.00;94
9931;38;624129804;9931;299;10998;11092;6.76;0.41;294.27;9.87;1067;39;3815.00;94
9935;38;624129817;9935;312;11033;11162;6.78;0.41;294.26;9.83;1098;39;3816.00;129
9936;38;624129835;9936;310;11033;11163;6.82;0.42;294.25;9.83;1097;39;3817.00;130
9937;38;624129848;9937;307;11040;11163;6.93;0.42;294.26;9.83;1103;39;3818.00;123
9940;38;624129861;9940;305;11041;11163;6.92;0.42;294.34;9.83;1101;39;3819.00;122
9942;38;624129874;9942;303;11044;11163;6.98;0.43;294.36;9.83;1102;39;3820.00;119
9943;38;624129887;9943;302;11049;11163;7.05;0.43;294.39;9.83;1106;39;3821.00;114
9949;38;624129901;9949;304;11053;11163;7.08;0.43;294.33;9.82;1104;39;3822.00;110
9950;38;624129914;9950;306;11056;11163;7.18;0.44;294.33;9.82;1106;39;3823.00;107
9952;38;624129927;9952;307;11058;11164;7.21;0.44;294.40;9.82;1106;39;3824.00;106
9957;38;624129941;9957;307;11061;11166;7.21;0.44;294.42;9.82;1104;39;3825.00;105
9960;38;624129954;9960;308;11063;11166;7.25;0.44;294.45;9.82;1103;39;3826.00;103
9961;38;624129968;9961;302;11068;11170;7.27;0.44;294.47;9.82;1107;39;3827.00;102
9965;38;624129982;9965;298;11069;11170;7.18;0.44;294.50;9.82;1104;39;3828.00;101
9967;38;624129995;9967;305;11069;11170;7.17;0.44;294.50;9.82;1102;39;3829.00;101
9970;38;624130009;9970;300;11069;11170;7.12;0.43;294.60;9.82;1099;39;3830.00;101
9971;38;624130023;9971;305;11073;11176;7.12;0.44;294.59;9.82;1102;39;3831.00;103
9973;38;624130037;9973;300;11074;11176;7.08;0.43;294.64;9.90;1101;39;3832.00;102
9978;38;624130055;9978;308;11074;11176;7.04;0.43;294.66;9.90;1096;39;3833.00;102
9982;38;624130069;9982;311;11076;11179;7.06;0.43;294.74;9.90;1094;39;3834.00;103
9986;38;624130083;9986;303;11076;11179;7.01;0.43;294.72;9.90;1090;39;3835.00;103
9987;38;624130097;9987;308;11077;11179;7.02;0.43;294.71;9.90;1090;39;3836.00;102
9988;38;624130110;9988;307;11077;11180;7.01;0.43;294.73;9.90;1089;39;3837.00;103
9993;38;624130123;9993;312;11078;11181;6.96;0.42;294.81;9.90;1085;39;3838.00;103
9998;38;624130136;9998;315;11078;11181;6.91;0.42;294.77;9.90;1080;39;3839.00;103
10002;38;624130151;10002;323;11095;11207;6.88;0.42;294.81;9.88;1093;39;3840.00;112
10004;38;624130166;10004;324;11095;11207;6.79;0.41;294.78;9.88;1091;39;3841.00;112
10007;38;624130178;10007;321;11097;11207;6.72;0.41;294.80;9.88;1090;39;3842.00;110
10010;38;624130190;10010;322;11099;11208;6.69;0.41;294.76;9.88;1089;39;3843.00;109
10012;38;624130208;10012;327;11099;11208;6.67;0.40;294.72;9.88;1087;39;3844.00;109
10014;38;624130229;10014;325;11104;11212;6.60;0.40;294.70;9.98;1090;39;3845.00;108
10015;38;624130252;10015;331;11106;11214;6.58;0.40;294.68;9.97;1091;39;3846.00;108
10021;38;624130272;10021;326;11109;11218;6.56;0.40;294.73;9.97;1088;39;3847.00;109
10024;38;624130293;10024;325;11109;11218;6.52;0.39;294.68;9.97;1085;39;3848.00;109
10024;38;624130309;10024;317;11109;11218;6.52;0.40;294.68;9.97;1085;39;3849.00;109
10027;38;624130326;10027;324;11110;11218;6.46;0.39;294.65;10.06;1083;39;3850.00;108
10029;38;624130339;10029;319;11110;11218;6.43;0.39;294.61;10.06;1081;39;3851.00;108
10031;38;624130353;10031;323;11120;11230;6.40;0.39;294.57;10.05;1089;39;3852.00;110
10035;38;624130367;10035;322;11121;11230;6.37;0.39;294.52;10.05;1086;39;3853.00;109
10036;38;624130381;10036;319;11121;11230;6.34;0.38;294.49;10.05;1085;39;3854.00;109
10038;38;624130394;10038;325;11121;11230;6.33;0.38;294.46;10.05;1083;39;3855.00;109
10040;38;624130407;10040;333;11121;11230;6.24;0.38;294.49;10.05;1081;39;3856.00;109
10043;38;624130420;10043;333;11122;11230;6.16;0.37;294.47;10.05;1079;39;3857.00;108
10047;38;624130433;10047;338;11122;11231;6.04;0.37;294.40;10.05;1075;39;3858.00;109
10047;38;624130445;10047;349;11122;11231;5.98;0.36;294.40;10.05;1075;39;3859.00;109
10048;38;624130458;10048;342;11128;11237;5.97;0.36;294.38;10.05;1080;39;3860.00;109
10048;38;624130471;10048;351;11130;11238;5.88;0.36;294.38;10.06;1082;39;3861.00;108
10050;38;624130492;10050;356;11131;11238;5.83;0.35;294.39;10.06;1081;39;3862.00;107
10051;38;624130504;10051;365;11132;11238;5.80;0.35;294.36;10.06;1081;39;3863.00;106
10053;38;624130518;10053;365;11135;11242;5.78;0.35;294.33;10.06;1082;39;3864.00;107
10055;38;624130531;10055;368;11136;11242;5.77;0.35;294.35;10.06;1081;39;3865.00;106
10057;38;624130543;10057;368;11137;11242;5.72;0.35;294.31;10.07;1080;39;3866.00;105
10057;38;624130554;10057;356;11138;11243;5.74;0.35;294.31;10.06;1081;39;3867.00;105
10058;38;624130567;10058;348;11141;11247;5.78;0.35;294.29;10.06;1083;39;3868.00;106
10063;38;624130580;10063;346;11142;11247;5.74;0.35;294.20;10.08;1079;39;3869.00;105
10064;38;624130595;10064;347;11147;11253;5.76;0.35;294.19;10.08;1083;39;3870.00;106
10064;38;624130608;10064;343;11148;11253;5.76;0.35;294.19;10.08;1084;39;3871.00;105
10066;38;624130621;10066;342;11150;11253;5.81;0.35;294.18;10.09;1084;39;3872.00;103
10067;38;624130633;10067;347;11151;11253;5.81;0.35;294.19;10.10;1084;39;3873.00;102
10069;38;624130654;10069;345;11155;11257;5.88;0.36;294.19;10.10;1086;39;3874.00;102
10071;38;624130668;10071;353;11155;11257;5.88;0.36;294.18;10.10;1084;39;3875.00;102
10072;38;624130680;10072;349;11157;11257;5.89;0.36;294.18;10.13;1085;39;3876.00;100
10074;38;624130692;10074;353;11157;11257;5.84;0.36;294.22;10.13;1083;39;3877.00;100
10075;38;624130705;10075;356;11159;11258;5.81;0.35;294.27;10.15;1084;39;3878.00;99
10077;38;624130717;10077;357;11160;11259;5.81;0.36;294.33;10.15;1083;39;3879.00;99
10079;38;624130730;10079;368;11161;11259;5.75;0.35;294.31;10.17;1082;39;3880.00;98
10079;38;624130743;10079;370;11163;11260;5.70;0.35;294.31;10.18;1084;39;3881.00;97
10081;38;624130761;10081;379;11164;11260;5.64;0.34;294.29;10.19;1083;39;3882.00;96
10082;38;624130773;10082;374;11165;11260;5.56;0.34;294.32;10.20;1083;39;3883.00;95
10082;38;624130785;10082;381;11166;11260;5.47;0.33;294.32;10.21;1084;39;3884.00;94
10084;38;624130796;10084;389;11167;11260;5.33;0.33;294.31;10.22;1083;39;3885.00;93
10084;38;624130808;10084;398;11169;11260;5.24;0.32;294.31;10.25;1085;39;3886.00;91
10086;38;624130820;10086;399;11169;11260;5.18;0.32;294.31;10.25;1083;39;3887.00;91
10087;38;624130831;10087;418;11234;11387;5.46;0.34;294.33;10.21;1147;39;3888.00;153
10088;38;624130852;10088;414;11238;11388;5.44;0.34;294.34;10.21;1150;39;3889.00;150
10088;38;624130865;10088;408;11250;11388;5.46;0.34;294.34;10.22;1162;39;3890.00;138
10090;38;624130877;10090;409;11254;11388;5.42;0.34;294.31;10.22;1164;39;3891.00;134
10095;38;624130890;10095;398;11261;11388;5.41;0.34;294.26;10.21;1166;39;3892.00;127
10098;38;624130903;10098;394;11265;11388;5.35;0.33;294.30;10.23;1167;39;3893.00;123
10099;38;624130915;10099;397;11268;11388;5.33;0.33;294.32;10.23;1169;39;3894.00;120
10101;38;624130929;10101;396;11272;11388;5.30;0.33;294.34;10.25;1171;39;3895.00;116
10103;38;624130943;10103;393;11276;11389;5.36;0.33;294.35;10.25;1173;39;3896.00;113
10106;38;624130956;10106;403;11280;11390;5.35;0.33;294.37;10.26;1174;39;3897.00;110
10110;38;624130970;10110;400;11282;11390;5.36;0.33;294.39;10.26;1172;39;3898.00;108
10112;38;624130983;10112;411;11285;11391;5.34;0.33;294.39;10.27;1173;39;3899.00;106
10115;38;624130998;10115;416;11293;11406;5.30;0.33;294.39;10.27;1178;39;3900.00;113
10117;38;624131017;10117;418;11294;11406;5.25;0.32;294.45;10.27;1177;39;3901.00;112
10121;38;624131031;10121;417;11298;11406;5.17;0.32;294.39;10.28;1177;39;3902.00;108
10127;38;624131045;10127;417;11304;11410;5.13;0.31;294.47;10.28;1177;39;3903.00;106
10130;38;624131058;10130;430;11307;11410;5.13;0.32;294.52;10.30;1177;39;3904.00;103
10136;38;624131071;10136;434;11308;11410;5.09;0.31;294.45;10.30;1172;39;3905.00;102
10139;38;624131083;10139;435;11312;11413;5.09;0.31;294.60;10.29;1173;39;3906.00;101
10143;38;624131097;10143;445;11314;11413;5.05;0.31;294.63;10.31;1171;39;3907.00;99
10144;38;624131110;10144;443;11314;11413;5.02;0.31;294.62;10.31;1170;39;3908.00;99
10147;38;624131123;10147;453;11321;11417;4.97;0.31;294.67;10.31;1174;39;3909.00;96
10149;38;624131135;10149;443;11322;11418;4.98;0.31;294.67;10.31;1173;39;3910.00;96
10154;38;624131148;10154;438;11327;11418;4.96;0.31;294.72;10.32;1173;39;3911.00;91
10158;38;624131162;10158;431;11331;11422;4.99;0.31;294.79;10.32;1173;39;3912.00;91
10161;38;624131175;10161;426;11331;11422;5.02;0.31;294.84;10.32;1170;39;3913.00;91
10162;38;624131193;10162;428;11334;11422;5.05;0.31;294.88;10.33;1172;39;3914.00;88
10168;38;624131210;10168;434;11335;11424;5.09;0.31;294.98;10.33;1167;39;3915.00;89
10169;38;624131223;10169;433;11337;11424;5.15;0.32;295.05;10.33;1168;39;3916.00;87
10172;38;624131236;10172;426;11342;11430;5.28;0.32;295.12;10.33;1170;39;3917.00;88
10176;38;624131251;10176;427;11344;11430;5.37;0.33;295.10;10.34;1168;39;3918.00;86
10180;38;624131265;10180;424;11344;11431;5.44;0.33;295.22;10.34;1164;39;3919.00;87
10181;38;624131278;10181;423;11345;11431;5.52;0.34;295.25;10.34;1164;39;3920.00;86
10186;38;624131290;10186;419;11346;11431;5.51;0.34;295.31;10.34;1160;39;3921.00;85
10189;38;624131303;10189;416;11347;11431;5.52;0.34;295.39;10.34;1158;39;3922.00;84
10193;38;624131317;10193;413;11347;11431;5.57;0.34;295.50;10.34;1154;39;3923.00;84
10196;38;624131330;10196;405;11357;11443;5.69;0.35;295.50;10.33;1161;39;3924.00;86
10202;38;624131344;10202;405;11359;11443;5.73;0.35;295.58;10.33;1157;39;3925.00;84
10205;38;624131357;10205;394;11359;11443;5.83;0.36;295.62;10.33;1154;39;3926.00;84
10210;38;624131370;10210;395;11361;11443;5.92;0.36;295.77;10.33;1151;39;3927.00;82
10213;38;624131383;10213;395;11361;11443;6.01;0.37;295.81;10.33;1148;39;3928.00;82
10215;38;624131397;10215;391;11361;11443;6.09;0.37;295.79;10.33;1146;39;3929.00;82
10218;38;624131412;10218;385;11365;11447;6.17;0.38;295.87;10.42;1147;39;3930.00;82
10222;38;624131426;10222;380;11365;11447;6.22;0.38;295.93;10.42;1143;39;3931.00;82
10224;38;624131439;10224;372;11369;11451;6.27;0.38;296.00;10.42;1145;39;3932.00;82
10228;38;624131453;10228;375;11369;11452;6.26;0.38;296.11;10.42;1141;39;3933.00;83
10231;38;624131467;10231;373;11370;11452;6.26;0.38;296.14;10.41;1139;39;3934.00;82
10234;38;624131480;10234;374;11370;11452;6.25;0.38;296.16;10.41;1136;39;3935.00;82
10239;38;624131494;10239;374;11381;11465;6.27;0.38;296.17;10.40;1142;39;3936.00;84
10244;38;624131508;10244;366;11381;11465;6.20;0.38;296.32;10.40;1137;39;3937.00;84
10247;38;624131522;10247;365;11381;11465;6.17;0.38;296.36;10.40;1134;39;3938.00;84
10250;38;624131535;10250;359;11382;11466;6.16;0.38;296.42;10.40;1132;39;3939.00;84
10255;38;624131549;10255;358;11382;11467;6.13;0.38;296.52;10.40;1127;39;3940.00;85
10257;38;624131562;10257;351;11382;11467;6.10;0.37;296.58;10.40;1125;39;3941.00;85
10261;38;624131576;10261;349;11384;11470;6.12;0.38;296.64;10.40;1123;39;3942.00;86
10266;38;624131589;10266;343;11384;11470;6.11;0.38;296.71;10.40;1118;39;3943.00;86
10271;38;624131602;10271;347;11385;11470;6.06;0.37;296.69;10.40;1114;39;3944.00;85
10274;38;624131615;10274;351;11385;11470;6.07;0.37;296.76;10.40;1111;39;3945.00;85
10278;38;624131628;10278;355;11390;11476;6.06;0.37;296.78;10.40;1112;39;3946.00;86
10284;38;624131642;10284;352;11391;11476;5.99;0.37;296.88;10.49;1107;39;3947.00;85
10289;38;624131655;10289;353;11391;11476;5.97;0.37;296.84;10.49;1102;39;3948.00;85
10295;38;624131668;10295;358;11391;11476;5.92;0.36;296.98;10.49;1096;39;3949.00;85
10300;38;624131681;10300;362;11394;11480;5.89;0.36;297.07;10.49;1094;39;3950.00;86
10304;38;624131694;10304;367;11395;11481;5.84;0.36;297.12;10.49;1091;39;3951.00;86
10308;38;624131706;10308;367;11395;11481;5.81;0.35;297.24;10.49;1087;39;3952.00;86
10312;38;624131719;10312;367;11396;11482;5.79;0.35;297.24;10.49;1084;39;3953.00;86
10316;38;624131732;10316;362;11396;11482;5.79;0.35;297.34;10.49;1080;39;3954.00;86
10320;38;624131744;10320;365;11396;11482;5.79;0.35;297.45;10.49;1076;39;3955.00;86
10324;38;624131756;10324;363;11397;11482;5.73;0.35;297.50;10.58;1073;39;3956.00;85
10328;38;624131768;10328;356;11397;11482;5.69;0.35;297.50;10.58;1069;39;3957.00;85
10330;38;624131781;10330;352;11397;11482;5.69;0.35;297.51;10.58;1067;39;3958.00;85
10334;38;624131793;10334;343;11397;11482;5.70;0.35;297.53;10.58;1063;39;3959.00;85
10337;38;624131807;10337;350;11465;11607;5.89;0.37;297.56;10.52;1128;39;3960.00;142
10339;38;624131829;10339;340;11468;11608;5.91;0.37;297.60;10.51;1129;39;3961.00;140
10344;38;624131843;10344;336;11475;11608;6.02;0.37;297.75;10.51;1131;39;3962.00;133
10349;38;624131856;10349;329;11475;11608;6.07;0.38;297.78;10.51;1126;39;3963.00;133
10354;38;624131869;10354;335;11479;11608;6.16;0.38;297.91;10.51;1125;39;3964.00;129
10357;38;624131882;10357;340;11480;11608;6.20;0.38;297.94;10.60;1123;39;3965.00;128
10360;38;624131895;10360;333;11486;11608;6.24;0.38;297.96;10.60;1126;39;3966.00;122
10365;38;624131909;10365;326;11488;11608;6.22;0.38;298.00;10.60;1123;39;3967.00;120
10369;38;624131929;10369;319;11493;11609;6.25;0.38;298.01;10.60;1124;39;3968.00;116
10374;38;624131943;10374;327;11497;11610;6.27;0.39;298.06;10.60;1123;39;3969.00;113
10377;38;624131957;10377;335;11500;11610;6.28;0.39;298.07;10.60;1123;39;3970.00;110
10381;38;624131976;10381;337;11506;11614;6.25;0.38;298.08;10.59;1125;39;3971.00;108
10384;38;624131991;10384;338;11509;11614;6.23;0.38;298.13;10.69;1125;39;3972.00;105
10387;38;624132004;10387;347;11509;11614;6.22;0.38;298.13;10.69;1122;39;3973.00;105
10390;38;624132018;10390;347;11509;11614;6.23;0.38;298.13;10.69;1119;39;3974.00;105
10392;38;624132031;10392;353;11513;11620;6.25;0.38;298.24;10.68;1121;39;3975.00;107
10395;38;624132045;10395;360;11513;11620;6.29;0.38;298.32;10.68;1118;39;3976.00;107
10399;38;624132059;10399;370;11513;11620;6.28;0.38;298.37;10.68;1114;39;3977.00;107
10402;38;624132073;10402;372;11515;11623;6.28;0.38;298.35;10.68;1113;39;3978.00;108
10406;38;624132086;10406;378;11516;11623;6.22;0.38;298.36;10.68;1110;39;3979.00;107
10407;38;624132100;10407;377;11516;11623;6.22;0.38;298.35;10.68;1109;39;3980.00;107
10409;38;624132114;10409;377;11517;11624;6.20;0.38;298.37;10.68;1108;39;3981.00;107
10410;38;624132127;10410;375;11519;11625;6.25;0.38;298.36;10.77;1109;39;3982.00;106
10411;38;624132141;10411;370;11519;11625;6.28;0.38;298.41;10.77;1108;39;3983.00;106
10414;38;624132155;10414;371;11529;11638;6.31;0.38;298.50;10.76;1115;39;3984.00;109
10416;38;624132169;10416;370;11530;11638;6.33;0.39;298.46;10.76;1114;39;3985.00;108
10421;38;624132183;10421;373;11530;11638;6.33;0.39;298.46;10.76;1109;39;3986.00;108
10424;38;624132196;10424;372;11531;11639;6.37;0.39;298.46;10.76;1107;39;3987.00;108
10427;38;624132214;10427;377;11531;11639;6.40;0.39;298.50;10.76;1104;39;3988.00;108
10429;38;624132236;10429;368;11535;11643;6.42;0.39;298.54;10.76;1106;39;3989.00;108
10433;38;624132262;10433;362;11535;11643;6.40;0.39;298.56;10.76;1102;39;3990.00;108
10435;38;624132282;10435;364;11538;11647;6.39;0.39;298.56;10.76;1103;39;3991.00;109
10437;38;624132301;10437;366;11538;11647;6.36;0.39;298.57;10.76;1101;39;3992.00;109
10440;38;624132317;10440;376;11538;11647;6.32;0.39;298.62;10.76;1098;39;3993.00;109
10443;38;624132332;10443;378;11538;11647;6.25;0.38;298.61;10.76;1095;39;3994.00;109
10445;38;624132346;10445;388;11538;11647;6.23;0.38;298.65;10.76;1093;39;3995.00;109
10448;38;624132360;10448;390;11547;11659;6.28;0.38;298.67;10.75;1099;39;3996.00;112
10451;38;624132376;10451;397;11547;11659;6.29;0.38;298.67;10.75;1096;39;3997.00;112
10451;38;624132390;10451;400;11549;11659;6.35;0.39;298.67;10.75;1098;39;3998.00;110
10453;38;624132403;10453;400;11549;11659;6.35;0.39;298.63;10.75;1096;39;3999.00;110
10457;38;624132418;10457;404;11549;11659;6.36;0.39;298.57;10.75;1092;39;4000.00;110
10458;38;624132437;10458;405;11549;11659;6.35;0.39;298.55;10.75;1091;39;4001.00;110
10460;38;624132450;10460;402;11549;11660;6.32;0.38;298.55;10.75;1089;39;4002.00;111
10463;38;624132464;10463;408;11549;11660;6.32;0.38;298.54;10.75;1086;39;4003.00;111
10463;38;624132478;10463;404;11554;11666;6.35;0.39;298.54;10.74;1091;39;4004.00;112
10463;38;624132492;10463;408;11556;11668;6.36;0.39;298.54;10.74;1093;39;4005.00;112
10465;38;624132505;10465;415;11556;11668;6.34;0.39;298.55;10.74;1091;39;4006.00;112
10466;38;624132519;10466;418;11556;11668;6.30;0.38;298.55;10.74;1090;39;4007.00;112
10471;38;624132533;10471;419;11559;11672;6.21;0.38;298.58;10.74;1088;39;4008.00;113
10472;38;624132546;10472;416;11559;11672;6.14;0.37;298.62;10.74;1087;39;4009.00;113
10474;38;624132560;10474;420;11559;11672;6.07;0.37;298.60;10.74;1085;39;4010.00;113
10478;38;624132576;10478;426;11560;11673;5.99;0.36;298.59;10.74;1082;39;4011.00;113
10480;38;624132588;10480;421;11563;11677;5.90;0.36;298.56;10.73;1083;39;4012.00;114
10485;38;624132602;10485;416;11563;11677;5.78;0.35;298.52;10.73;1078;39;4013.00;114
10491;38;624132615;10491;425;11565;11680;5.68;0.34;298.47;10.73;1074;39;4014.00;115
10494;38;624132631;10494;428;11568;11680;5.64;0.34;298.45;10.75;1074;39;4015.00;112
10495;38;624132645;10495;433;11568;11680;5.61;0.34;298.43;10.75;1073;39;4016.00;112
10496;38;624132657;10496;443;11568;11680;5.53;0.34;298.41;10.75;1072;39;4017.00;112
10497;38;624132669;10497;440;11572;11684;5.54;0.34;298.41;10.75;1075;39;4018.00;112
10500;38;624132681;10500;429;11572;11684;5.51;0.34;298.41;10.75;1072;39;4019.00;112
10503;38;624132695;10503;421;11572;11684;5.52;0.34;298.44;10.75;1069;39;4020.00;112
10504;38;624132707;10504;422;11572;11684;5.59;0.34;298.43;10.75;1068;39;4021.00;112
10507;38;624132720;10507;416;11572;11685;5.68;0.35;298.42;10.75;1065;39;4022.00;113
10508;38;624132732;10508;411;11573;11686;5.74;0.35;298.40;10.75;1065;39;4023.00;113
10510;38;624132745;10510;414;11573;11686;5.79;0.35;298.40;10.75;1063;39;4024.00;113
10514;38;624132758;10514;406;11574;11687;5.84;0.35;298.34;10.75;1060;39;4025.00;113
10514;38;624132771;10514;404;11574;11687;5.91;0.36;298.34;10.75;1060;39;4026.00;113
10514;38;624132783;10514;395;11574;11687;5.96;0.36;298.34;10.75;1060;39;4027.00;113
10515;38;624132796;10515;393;11574;11687;5.99;0.36;298.34;10.75;1059;39;4028.00;113
10516;38;624132808;10516;392;11574;11687;6.04;0.37;298.33;10.75;1058;39;4029.00;113
10518;38;624132821;10518;386;11574;11687;6.05;0.37;298.36;10.75;1056;39;4030.00;113
10519;38;624132833;10519;387;11574;11687;6.02;0.37;298.36;10.75;1055;39;4031.00;113
10520;38;624132846;10520;401;11640;11814;6.26;0.39;298.38;10.69;1120;39;4032.00;174
10521;38;624132869;10521;395;11645;11815;6.29;0.39;298.38;10.68;1124;39;4033.00;170
10521;38;624132882;10521;392;11653;11815;6.38;0.39;298.38;10.68;1132;39;4034.00;162
10522;38;624132895;10522;394;11654;11815;6.36;0.39;298.37;10.68;1132;39;4035.00;161
10524;38;624132907;10524;389;11659;11815;6.40;0.39;298.33;10.67;1135;39;4036.00;156
10525;38;624132920;10525;386;11661;11815;6.39;0.39;298.31;10.67;1136;39;4037.00;154
10526;38;624132934;10526;381;11664;11815;6.43;0.40;298.38;10.67;1138;39;4038.00;151
10527;38;624132947;10527;387;11667;11815;6.45;0.40;298.36;10.68;1140;39;4039.00;148
10529;38;624132959;10529;385;11669;11816;6.45;0.40;298.39;10.69;1140;39;4040.00;147
10530;38;624132974;10530;386;11671;11817;6.43;0.40;298.42;10.69;1141;39;4041.00;146
10532;38;624132992;10532;395;11673;11817;6.39;0.39;298.41;10.71;1141;39;4042.00;144
10533;38;624133006;10533;399;11677;11818;6.37;0.39;298.41;10.72;1144;39;4043.00;141
10534;38;624133020;10534;395;11680;11818;6.36;0.39;298.39;10.73;1146;39;4044.00;138
10539;38;624133033;10539;393;11683;11818;6.34;0.39;298.49;10.74;1144;39;4045.00;135
10540;38;624133046;10540;397;11685;11818;6.29;0.39;298.48;10.74;1145;39;4046.00;133
10541;38;624133060;10541;406;11691;11822;6.28;0.39;298.45;10.76;1150;39;4047.00;131
10546;38;624133073;10546;414;11693;11822;6.23;0.38;298.43;10.77;1147;39;4048.00;129
10549;38;624133086;10549;418;11698;11822;6.21;0.38;298.47;10.79;1149;39;4049.00;124
10553;38;624133102;10553;429;11703;11828;6.18;0.38;298.46;10.80;1150;39;4050.00;125
10556;38;624133117;10556;432;11706;11828;6.13;0.37;298.52;10.81;1150;39;4051.00;122
10557;38;624133136;10557;442;11710;11828;6.09;0.37;298.51;10.81;1153;39;4052.00;118
10558;38;624133150;10558;452;11715;11832;6.05;0.37;298.58;10.82;1157;39;4053.00;117
10559;38;624133164;10559;461;11718;11833;6.01;0.37;298.56;10.83;1159;39;4054.00;115
10560;38;624133177;10560;465;11720;11833;5.96;0.37;298.57;10.84;1160;39;4055.00;113
10562;38;624133190;10562;467;11725;11837;5.93;0.36;298.65;10.85;1163;39;4056.00;112
10565;38;624133206;10565;468;11728;11837;5.86;0.36;298.65;10.87;1163;39;4057.00;109
10570;38;624133220;10570;478;11729;11837;5.76;0.35;298.73;10.87;1159;39;4058.00;108
10574;38;624133233;10574;480;11731;11838;5.63;0.35;298.78;10.88;1157;39;4059.00;107
10578;38;624133247;10578;478;11733;11838;5.53;0.34;298.84;10.89;1155;39;4060.00;105
10583;38;624133261;10583;477;11739;11844;5.48;0.33;298.85;10.89;1156;39;4061.00;105
10584;38;624133274;10584;477;11739;11844;5.41;0.33;298.83;10.89;1155;39;4062.00;105
10584;38;624133286;10584;473;11740;11845;5.40;0.33;298.83;10.90;1156;39;4063.00;105
10588;38;624133299;10588;469;11741;11845;5.39;0.33;298.89;10.90;1153;39;4064.00;104
10590;38;624133311;10590;460;11742;11845;5.36;0.33;298.87;10.91;1152;39;4065.00;103
10591;38;624133323;10591;471;11742;11845;5.39;0.33;298.94;10.91;1151;39;4066.00;103
10592;38;624133336;10592;476;11743;11845;5.41;0.33;298.95;10.91;1151;39;4067.00;102
10593;38;624133349;10593;474;11754;11857;5.45;0.33;298.94;10.91;1161;39;4068.00;103
10593;38;624133361;10593;469;11754;11857;5.47;0.33;298.94;10.91;1161;39;4069.00;103
10595;38;624133380;10595;469;11756;11857;5.47;0.33;298.99;10.92;1161;39;4070.00;101
10597;38;624133392;10597;475;11757;11857;5.49;0.33;299.03;10.93;1160;39;4071.00;100
10600;38;624133405;10600;473;11757;11857;5.47;0.33;299.04;10.93;1157;39;4072.00;100
10602;38;624133417;10602;479;11759;11857;5.45;0.33;299.07;10.93;1157;39;4073.00;98
10606;38;624133429;10606;479;11762;11861;5.36;0.33;299.16;10.93;1156;39;4074.00;99
10608;38;624133442;10608;476;11763;11861;5.35;0.33;299.21;10.94;1155;39;4075.00;98
10611;38;624133455;10611;476;11768;11865;5.35;0.33;299.23;10.95;1157;39;4076.00;97
10613;38;624133468;10613;480;11769;11866;5.27;0.32;299.26;10.95;1156;39;4077.00;97
10617;38;624133486;10617;477;11770;11866;5.24;0.32;299.28;10.95;1153;39;4078.00;96
10622;38;624133498;10622;481;11771;11866;5.16;0.32;299.29;10.96;1149;39;4079.00;95
10627;38;624133512;10627;489;11793;11895;5.12;0.31;299.33;10.95;1166;39;4080.00;102
10631;38;624133527;10631;474;11795;11895;5.10;0.31;299.30;10.96;1164;39;4081.00;100
10637;38;624133539;10637;464;11797;11895;5.10;0.31;299.38;10.95;1160;39;4082.00;98
10639;38;624133552;10639;461;11800;11896;5.15;0.31;299.44;10.96;1161;39;4083.00;96
10641;38;624133564;10641;456;11801;11897;5.22;0.32;299.46;10.97;1160;39;4084.00;96
10647;38;624133576;10647;447;11801;11897;5.26;0.32;299.57;10.97;1154;39;4085.00;96
10650;38;624133590;10650;449;11805;11900;5.30;0.32;299.61;10.97;1155;39;4086.00;95
10654;38;624133603;10654;445;11805;11900;5.36;0.33;299.66;10.97;1151;39;4087.00;95
10657;38;624133616;10657;439;11805;11900;5.38;0.33;299.66;10.97;1148;39;4088.00;95
10661;38;624133628;10661;437;11805;11900;5.42;0.33;299.74;10.97;1144;39;4089.00;95
10662;38;624133641;10662;433;11810;11906;5.50;0.34;299.75;10.96;1148;39;4090.00;96
10671;38;624133654;10671;436;11810;11906;5.48;0.33;299.77;10.96;1139;39;4091.00;96
10672;38;624133667;10672;432;11810;11906;5.51;0.34;299.82;10.96;1138;39;4092.00;96
10675;38;624133680;10675;431;11810;11906;5.55;0.34;299.87;10.96;1135;39;4093.00;96
10680;38;624133692;10680;438;11813;11910;5.53;0.34;299.95;10.96;1133;39;4094.00;97
10685;38;624133705;10685;437;11815;11912;5.58;0.34;299.95;10.96;1130;39;4095.00;97
10686;38;624133718;10686;439;11815;11912;5.65;0.34;299.96;10.96;1129;39;4096.00;97
10691;38;624133730;10691;431;11816;11913;5.69;0.35;300.03;10.96;1125;39;4097.00;97
10695;38;624133743;10695;425;11816;11913;5.72;0.35;300.16;10.96;1121;39;4098.00;97
10699;38;624133756;10699;422;11816;11913;5.76;0.35;300.15;10.96;1117;39;4099.00;97
10704;38;624133769;10704;423;11816;11913;5.74;0.35;300.18;10.96;1112;39;4100.00;97
10706;38;624133785;10706;424;11816;11913;5.76;0.35;300.29;10.96;1110;39;4101.00;97
10710;38;624133797;10710;421;11817;11913;5.77;0.35;300.33;11.06;1107;39;4102.00;96
10715;38;624133811;10715;424;11817;11913;5.74;0.35;300.43;11.06;1102;39;4103.00;96
10716;38;624133823;10716;426;11852;11983;5.84;0.36;300.41;11.02;1136;39;4104.00;131
10721;38;624133842;10721;430;11853;11984;5.87;0.36;300.49;11.02;1132;39;4105.00;131
10724;38;624133855;10724;421;11859;11984;5.90;0.36;300.53;11.02;1135;39;4106.00;125
10729;38;624133867;10729;418;11859;11984;5.88;0.36;300.67;11.02;1130;39;4107.00;125
10732;38;624133879;10732;417;11862;11984;5.89;0.36;300.78;11.02;1130;39;4108.00;122
10735;38;624133892;10735;422;11863;11984;5.83;0.36;300.82;11.02;1128;39;4109.00;121
10739;38;624133906;10739;416;11867;11984;5.81;0.35;300.87;11.01;1128;39;4110.00;117
10742;38;624133918;10742;419;11868;11984;5.74;0.35;300.86;11.01;1126;39;4111.00;116
10747;38;624133930;10747;423;11870;11985;5.68;0.35;300.93;11.01;1123;39;4112.00;115
10752;38;624133943;10752;434;11874;11986;5.63;0.34;300.88;11.01;1122;39;4113.00;112
10757;38;624133955;10757;440;11877;11986;5.61;0.34;300.89;11.01;1120;39;4114.00;109
10760;38;624133968;10760;440;11881;11990;5.58;0.34;300.92;11.01;1121;39;4115.00;109
10764;38;624133981;10764;440;11883;11990;5.57;0.34;300.98;11.01;1119;39;4116.00;107
10770;38;624133993;10770;436;11884;11990;5.56;0.34;301.10;11.01;1114;39;4117.00;106
10773;38;624134006;10773;439;11886;11990;5.57;0.34;301.17;11.01;1113;39;4118.00;104
10778;38;624134019;10778;435;11891;11996;5.57;0.34;301.25;11.01;1113;39;4119.00;105
10779;38;624134032;10779;439;11892;11996;5.60;0.34;301.26;11.01;1113;39;4120.00;104
10786;38;624134044;10786;440;11892;11996;5.56;0.34;301.41;11.01;1106;39;4121.00;104
10789;38;624134057;10789;439;11895;11999;5.59;0.34;301.48;11.00;1106;39;4122.00;104
10790;38;624134070;10790;441;11895;11999;5.58;0.34;301.55;11.00;1105;39;4123.00;104
10797;38;624134082;10797;443;11896;11999;5.53;0.33;301.51;11.00;1099;39;4124.00;103
10801;38;624134095;10801;442;11896;12000;5.42;0.33;301.51;11.00;1095;39;4125.00;104
10804;38;624134107;10804;448;11897;12001;5.35;0.32;301.53;11.00;1093;39;4126.00;104
10808;38;624134119;10808;439;11897;12001;5.31;0.32;301.63;11.00;1089;39;4127.00;104
10809;38;624134133;10809;432;11908;12014;5.41;0.33;301.62;10.99;1099;39;4128.00;106
10812;38;624134147;10812;425;11908;12014;5.41;0.33;301.76;10.99;1096;39;4129.00;106
10816;38;624134159;10816;419;11908;12014;5.42;0.33;301.86;10.99;1092;39;4130.00;106
10818;38;624134173;10818;422;11909;12015;5.48;0.33;301.82;10.99;1091;39;4131.00;106
10822;38;624134188;10822;426;11910;12015;5.48;0.33;301.96;11.08;1088;39;4132.00;105
10823;38;624134201;10823;428;11914;12019;5.52;0.34;302.00;11.08;1091;39;4133.00;105
10827;38;624134219;10827;427;11914;12019;5.48;0.33;302.01;11.08;1087;39;4134.00;105
10829;38;624134240;10829;436;11917;12023;5.45;0.33;302.03;11.08;1088;39;4135.00;106
10832;38;624134268;10832;430;11917;12023;5.40;0.33;302.11;11.08;1085;39;4136.00;106
10834;38;624134288;10834;420;11917;12023;5.42;0.33;302.19;11.08;1083;39;4137.00;106
10837;38;624134305;10837;419;11917;12023;5.45;0.33;302.21;11.08;1080;39;4138.00;106
10838;38;624134323;10838;421;11917;12023;5.49;0.33;302.25;11.08;1079;39;4139.00;106
10840;38;624134339;10840;425;11943;12057;5.58;0.34;302.23;11.05;1103;39;4140.00;114
10840;38;624134356;10840;412;11943;12057;5.66;0.35;302.23;11.05;1103;39;4141.00;114
10841;38;624134371;10841;418;11945;12057;5.76;0.35;302.22;11.05;1104;39;4142.00;112
10841;38;624134386;10841;419;11945;12057;5.84;0.36;302.22;11.05;1104;39;4143.00;112
10843;38;624134401;10843;417;11946;12057;5.95;0.37;302.22;11.05;1103;39;4144.00;111
10845;38;624134415;10845;421;11946;12057;5.99;0.37;302.19;11.05;1101;39;4145.00;111
10848;38;624134438;10848;415;11946;12058;6.02;0.37;302.15;11.05;1098;39;4146.00;112
10851;38;624134451;10851;414;11946;12058;6.02;0.37;302.18;11.05;1095;39;4147.00;112
10853;38;624134465;10853;407;11951;12064;6.07;0.37;302.19;11.05;1098;39;4148.00;113
10856;38;624134481;10856;400;11952;12065;6.05;0.37;302.16;11.05;1096;39;4149.00;113
10858;38;624134494;10858;394;11952;12065;6.02;0.37;302.14;11.05;1094;39;4150.00;113
10860;38;624134507;10860;395;11952;12065;5.95;0.36;302.16;11.05;1092;39;4151.00;113
10861;38;624134521;10861;400;11955;12069;5.94;0.36;302.17;11.04;1094;39;4152.00;114
10864;38;624134535;10864;397;11955;12069;5.94;0.36;302.12;11.04;1091;39;4153.00;114
10868;38;624134549;10868;399;11955;12069;5.90;0.36;302.08;11.04;1087;39;4154.00;114
10869;38;624134563;10869;402;11956;12070;5.90;0.36;302.06;11.04;1087;39;4155.00;114
10874;38;624134576;10874;400;11959;12074;5.90;0.36;302.03;11.04;1085;39;4156.00;115
10874;38;624134590;10874;406;11959;12074;5.94;0.36;302.03;11.04;1085;39;4157.00;115
10875;38;624134602;10875;407;11961;12077;5.96;0.36;302.01;11.04;1086;39;4158.00;116
10876;38;624134616;10876;404;11961;12077;5.98;0.36;302.01;11.04;1085;39;4159.00;116
10879;38;624134639;10879;405;11962;12077;5.93;0.36;302.04;11.04;1083;39;4160.00;115
10882;38;624134652;10882;400;11962;12077;5.90;0.36;302.01;11.04;1080;39;4161.00;115
10882;38;624134671;10882;402;11967;12081;5.93;0.36;302.01;11.13;1085;39;4162.00;114
10884;38;624134685;10884;400;11967;12081;5.90;0.36;302.00;11.13;1083;39;4163.00;114
10886;38;624134698;10886;399;11967;12081;5.91;0.36;302.01;11.13;1081;39;4164.00;114
10886;38;624134711;10886;394;11967;12081;5.90;0.36;302.01;11.13;1081;39;4165.00;114
10887;38;624134724;10887;387;11967;12082;5.85;0.36;302.06;11.13;1080;39;4166.00;115
10887;38;624134739;10887;388;11968;12083;5.82;0.35;302.06;11.13;1081;39;4167.00;115
10888;38;624134755;10888;381;11968;12083;5.80;0.35;302.08;11.13;1080;39;4168.00;115
10889;38;624134771;10889;374;11969;12084;5.80;0.35;302.10;11.13;1080;39;4169.00;115
10890;38;624134786;10890;378;11969;12084;5.82;0.35;302.12;11.13;1079;39;4170.00;115
10891;38;624134798;10891;367;11969;12084;5.81;0.35;302.12;11.13;1078;39;4171.00;115
10892;38;624134812;10892;359;11969;12084;5.84;0.36;302.11;11.13;1077;39;4172.00;115
10895;38;624134826;10895;356;11971;12086;5.86;0.36;302.18;11.12;1076;39;4173.00;115
10896;38;624134840;10896;352;11971;12086;5.96;0.36;302.20;11.12;1075;39;4174.00;115
10900;38;624134859;10900;341;11971;12086;5.99;0.36;302.21;11.12;1071;39;4175.00;115
10902;38;624134872;10902;373;12038;12213;6.10;0.38;302.23;11.06;1136;39;4176.00;175
10903;38;624134896;10903;350;12040;12214;6.17;0.38;302.22;11.15;1137;39;4177.00;174
10903;38;624134910;10903;343;12046;12214;6.29;0.39;302.22;11.15;1143;39;4178.00;168
10907;38;624134923;10907;342;12047;12214;6.36;0.39;302.20;11.15;1140;39;4179.00;167
10910;38;624134937;10910;335;12051;12214;6.43;0.39;302.19;11.15;1141;39;4180.00;163
10911;38;624134951;10911;342;12053;12214;6.46;0.40;302.24;11.15;1142;39;4181.00;161
10912;38;624134964;10912;334;12056;12214;6.53;0.40;302.24;11.14;1144;39;4182.00;158
10912;39;624134979;10912;333;12058;12214;6.59;0.40;302.24;11.14;1146;40;4183.00;156
10914;39;624135006;10914;335;12062;12215;6.67;0.41;302.27;11.16;1148;40;4184.00;153
10917;39;624135026;10917;328;12065;12217;6.69;0.41;302.26;11.16;1148;40;4185.00;152
10920;39;624135052;10920;326;12069;12217;6.69;0.41;302.22;11.17;1149;40;4186.00;148
10923;39;624135072;10923;328;12071;12218;6.67;0.41;302.21;11.17;1148;40;4187.00;147
10925;39;624135086;10925;332;12073;12218;6.63;0.41;302.19;11.17;1148;40;4188.00;145
10927;39;624135101;10927;327;12075;12218;6.60;0.40;302.17;11.17;1148;40;4189.00;143
10930;39;624135114;10930;326;12077;12218;6.60;0.40;302.22;11.17;1147;40;4190.00;141
10933;39;624135128;10933;330;12081;12222;6.61;0.40;302.23;11.17;1148;40;4191.00;141
10935;39;624135145;10935;329;12083;12222;6.62;0.40;302.21;11.17;1148;40;4192.00;139
10939;39;624135159;10939;334;12085;12222;6.58;0.40;302.29;11.17;1146;40;4193.00;137
10939;39;624135173;10939;336;12088;12225;6.59;0.40;302.29;11.18;1149;40;4194.00;137
10941;39;624135187;10941;334;12091;12225;6.61;0.40;302.27;11.18;1150;40;4195.00;134
10944;39;624135209;10944;337;12092;12225;6.61;0.40;302.29;11.18;1148;40;4196.00;133
10949;39;624135223;10949;343;12098;12229;6.59;0.40;302.38;11.18;1149;40;4197.00;131
10951;39;624135238;10951;342;12100;12230;6.59;0.40;302.41;11.18;1149;40;4198.00;130
10951;39;624135253;10951;347;12101;12230;6.62;0.40;302.41;11.18;1150;40;4199.00;129
10954;39;624135268;10954;354;12110;12264;6.54;0.40;302.41;11.17;1156;40;4200.00;154
10957;39;624135294;10957;356;12115;12264;6.53;0.40;302.42;11.17;1158;40;4201.00;149
10958;39;624135307;10958;363;12117;12264;6.48;0.39;302.45;11.17;1159;40;4202.00;147
10961;39;624135321;10961;366;12119;12265;6.42;0.39;302.43;11.17;1158;40;4203.00;146
10962;39;624135335;10962;371;12121;12265;6.42;0.39;302.48;11.17;1159;40;4204.00;144
10968;39;624135349;10968;376;12124;12271;6.39;0.39;302.48;11.17;1156;40;4205.00;147
10970;39;624135364;10970;379;12127;12271;6.39;0.39;302.52;11.17;1157;40;4206.00;144
10972;39;624135377;10972;389;12129;12272;6.27;0.38;302.53;11.17;1157;40;4207.00;143
10976;39;624135395;10976;397;12129;12272;6.22;0.38;302.58;11.17;1153;40;4208.00;143
10977;39;624135408;10977;399;12130;12272;6.13;0.37;302.59;11.17;1153;40;4209.00;142
10981;39;624135421;10981;404;12132;12272;6.04;0.37;302.58;11.19;1151;40;4210.00;140
10983;39;624135433;10983;405;12132;12272;5.96;0.36;302.61;11.19;1149;40;4211.00;140
10985;39;624135446;10985;410;12143;12284;5.94;0.36;302.59;11.19;1158;40;4212.00;141
10985;39;624135459;10985;419;12146;12284;5.90;0.36;302.59;11.20;1161;40;4213.00;138
10985;39;624135483;10985;421;12148;12284;5.88;0.36;302.59;11.20;1163;40;4214.00;136
10986;39;624135496;10986;425;12150;12284;5.88;0.36;302.58;11.22;1164;40;4215.00;134
10990;39;624135514;10990;432;12150;12284;5.86;0.36;302.72;11.22;1160;40;4216.00;134
10992;39;624135526;10992;441;12152;12284;5.84;0.36;302.75;11.24;1160;40;4217.00;132
10993;39;624135539;10993;445;12157;12288;5.79;0.35;302.83;11.24;1164;40;4218.00;131
10994;39;624135552;10994;447;12158;12288;5.81;0.35;302.86;11.26;1164;40;4219.00;130
10999;39;624135564;10999;447;12163;12292;5.79;0.35;302.91;11.27;1164;40;4220.00;129
11000;39;624135577;11000;450;12165;12293;5.75;0.35;302.96;11.27;1165;40;4221.00;128
11001;39;624135590;11001;453;12167;12293;5.73;0.35;302.94;11.29;1166;40;4222.00;126
11005;39;624135602;11005;456;12168;12293;5.65;0.35;302.98;11.29;1163;40;4223.00;125
11006;39;624135614;11006;457;12179;12306;5.68;0.35;302.96;11.28;1173;40;4224.00;127
11010;39;624135628;11010;453;12180;12306;5.64;0.34;302.94;11.29;1170;40;4225.00;126
11014;39;624135647;11014;453;12180;12306;5.57;0.34;302.94;11.29;1166;40;4226.00;126
11015;39;624135660;11015;463;12185;12307;5.53;0.34;303.00;11.31;1170;40;4227.00;122
11018;39;624135673;11018;469;12186;12308;5.43;0.33;303.00;11.31;1168;40;4228.00;122
11019;39;624135685;11019;463;12188;12308;5.41;0.33;303.03;11.33;1169;40;4229.00;120
11021;39;624135699;11021;460;12192;12314;5.40;0.33;303.04;11.32;1171;40;4230.00;122
11023;39;624135713;11023;459;12193;12314;5.36;0.33;303.03;11.33;1170;40;4231.00;121
11025;39;624135726;11025;446;12195;12314;5.38;0.33;303.08;11.33;1170;40;4232.00;119
11026;39;624135739;11026;448;12196;12314;5.42;0.33;303.11;11.35;1170;40;4233.00;118
11027;39;624135752;11027;447;12203;12320;5.50;0.34;303.11;11.34;1176;40;4234.00;117
11030;39;624135765;11030;450;12204;12320;5.47;0.34;303.19;11.35;1174;40;4235.00;116
11032;39;624135778;11032;444;12204;12320;5.47;0.34;303.26;11.35;1172;40;4236.00;116
11035;39;624135792;11035;453;12205;12320;5.47;0.34;303.23;11.37;1170;40;4237.00;115
11038;39;624135804;11038;457;12209;12324;5.47;0.34;303.26;11.38;1171;40;4238.00;115
11043;39;624135817;11043;444;12210;12325;5.50;0.34;303.26;11.38;1167;40;4239.00;115
11046;39;624135830;11046;446;12212;12325;5.49;0.34;303.23;11.39;1166;40;4240.00;113
11050;39;624135843;11050;437;12215;12326;5.47;0.34;303.32;11.41;1165;40;4241.00;111
11054;39;624135856;11054;438;12216;12326;5.46;0.33;303.46;11.42;1162;40;4242.00;110
11057;39;624135869;11057;441;12216;12326;5.43;0.33;303.54;11.42;1159;40;4243.00;110
11059;39;624135881;11059;441;12217;12326;5.43;0.33;303.55;11.43;1158;40;4244.00;109
11061;39;624135893;11061;446;12219;12326;5.45;0.33;303.64;11.45;1158;40;4245.00;107
11067;39;624135906;11067;437;12221;12326;5.44;0.33;303.60;11.46;1154;40;4246.00;105
11068;39;624135918;11068;438;12221;12326;5.43;0.33;303.60;11.46;1153;40;4247.00;105
11072;39;624135931;11072;443;12264;12396;5.41;0.33;303.70;11.42;1192;40;4248.00;132
11075;39;624135949;11075;436;12267;12397;5.34;0.33;303.77;11.43;1192;40;4249.00;130
11079;39;624135961;11079;422;12273;12397;5.33;0.33;303.79;11.43;1194;40;4250.00;124
11085;39;624135974;11085;414;12274;12397;5.27;0.32;303.87;11.44;1189;40;4251.00;123
11091;39;624135986;11091;419;12278;12397;5.26;0.32;303.85;11.45;1187;40;4252.00;119
11094;39;624135999;11094;408;12280;12397;5.21;0.32;303.92;11.46;1186;40;4253.00;117
11099;39;624136012;11099;409;12284;12397;5.17;0.32;304.02;11.46;1185;40;4254.00;113
11101;39;624136024;11101;405;12286;12397;5.19;0.32;304.11;11.47;1185;40;4255.00;111
11107;40;624136037;11107;402;12287;12398;5.22;0.32;304.18;11.47;1180;41;4256.00;111
11111;40;624136062;11111;411;12288;12399;5.20;0.32;304.22;11.47;1177;41;4257.00;111
11114;40;624136075;11114;405;12289;12399;5.24;0.32;304.24;11.47;1175;41;4258.00;110
11116;40;624136088;11116;401;12294;12403;5.28;0.32;304.28;11.47;1178;41;4259.00;109
11120;40;624136102;11120;391;12296;12403;5.31;0.33;304.32;11.47;1176;41;4260.00;107
11123;40;624136115;11123;398;12297;12403;5.33;0.33;304.35;11.46;1174;41;4261.00;106
11128;40;624136128;11128;398;12298;12403;5.30;0.33;304.30;11.46;1170;41;4262.00;105
11130;40;624136141;11130;393;12303;12409;5.29;0.32;304.31;11.46;1173;41;4263.00;106
11136;40;624136154;11136;393;12303;12409;5.26;0.32;304.35;11.46;1167;41;4264.00;106
11141;40;624136167;11141;401;12304;12409;5.24;0.32;304.35;11.46;1163;41;4265.00;105
11146;40;624136180;11146;403;12306;12412;5.24;0.32;304.35;11.46;1160;41;4266.00;106
11151;40;624136193;11151;402;12306;12412;5.23;0.32;304.31;11.46;1155;41;4267.00;106
11152;40;624136206;11152;401;12308;12412;5.26;0.32;304.31;11.46;1156;41;4268.00;104
11154;40;624136231;11154;393;12308;12413;5.29;0.32;304.37;11.46;1154;41;4269.00;105
11155;40;624136254;11155;401;12311;12414;5.35;0.33;304.36;11.46;1156;41;4270.00;103
11157;40;624136276;11157;392;12311;12414;5.34;0.33;304.38;11.46;1154;41;4271.00;103
11160;40;624136295;11160;392;12321;12427;5.37;0.33;304.44;11.45;1161;41;4272.00;106
11165;40;624136316;11165;391;12323;12427;5.31;0.32;304.46;11.55;1158;41;4273.00;104
11169;40;624136333;11169;394;12323;12427;5.29;0.32;304.52;11.55;1154;41;4274.00;104
11170;40;624136348;11170;392;12325;12429;5.32;0.32;304.58;11.54;1155;41;4275.00;104
11174;40;624136363;11174;392;12325;12429;5.27;0.32;304.58;11.54;1151;41;4276.00;104
11179;40;624136377;11179;393;12329;12433;5.28;0.32;304.62;11.54;1150;41;4277.00;104
11181;40;624136392;11181;393;12329;12433;5.30;0.32;304.62;11.54;1148;42;4278.00;104
11184;40;624136421;11184;388;12332;12437;5.27;0.32;304.62;11.54;1148;42;4279.00;105
11188;40;624136436;11188;393;12332;12437;5.22;0.32;304.62;11.54;1144;42;4280.00;105
11191;40;624136450;11191;403;12332;12437;5.20;0.32;304.60;11.54;1141;42;4281.00;105
11193;40;624136464;11193;405;12332;12437;5.14;0.31;304.62;11.54;1139;42;4282.00;105
11197;40;624136478;11197;407;12332;12437;5.07;0.31;304.65;11.54;1135;42;4283.00;105
11199;40;624136491;11199;415;12342;12449;5.14;0.31;304.65;11.53;1143;42;4284.00;107
11204;40;624136505;11204;418;12343;12449;5.08;0.31;304.79;11.53;1139;42;4285.00;106
11206;40;624136518;11206;417;12343;12449;5.02;0.31;304.86;11.53;1137;42;4286.00;106
11211;40;624136532;11211;422;12343;12449;4.89;0.30;304.93;11.53;1132;42;4287.00;106
11217;40;624136545;11217;432;12343;12449;4.83;0.30;305.03;11.53;1126;42;4288.00;106
11220;40;624136558;11220;431;12343;12449;4.79;0.29;305.02;11.53;1123;42;4289.00;106
11225;40;624136572;11225;438;12343;12450;4.67;0.29;305.12;11.53;1118;42;4290.00;107
11231;40;624136585;11231;439;12343;12450;4.57;0.28;305.07;11.53;1112;42;4291.00;107
11233;40;624136598;11233;444;12349;12456;4.56;0.28;305.06;11.62;1116;42;4292.00;107
11235;40;624136611;11235;447;12350;12457;4.55;0.28;305.12;11.62;1115;42;4293.00;107
11239;40;624136624;11239;444;12350;12457;4.54;0.28;305.12;11.62;1111;42;4294.00;107
11240;40;624136638;11240;452;12350;12457;4.56;0.28;305.10;11.62;1110;42;4295.00;107
11244;40;624136652;11244;452;12353;12461;4.57;0.28;305.11;11.62;1109;42;4296.00;108
11245;40;624136667;11245;445;12353;12461;4.61;0.28;305.10;11.62;1108;42;4297.00;108
11250;40;624136685;11250;441;12353;12461;4.59;0.28;305.06;11.62;1103;42;4298.00;108
11251;40;624136699;11251;441;12354;12462;4.67;0.29;305.12;11.61;1103;42;4299.00;108
11255;40;624136715;11255;435;12357;12466;4.72;0.29;305.17;11.61;1102;42;4300.00;109
11258;40;624136736;11258;436;12357;12466;4.73;0.29;305.25;11.61;1099;42;4301.00;109
11262;40;624136750;11262;439;12359;12469;4.78;0.29;305.22;11.61;1097;42;4302.00;110
11264;40;624136763;11264;437;12359;12469;4.79;0.29;305.21;11.61;1095;42;4303.00;110
11266;40;624136775;11266;441;12360;12469;4.82;0.29;305.18;11.61;1094;42;4304.00;109
11267;40;624136787;11267;447;12360;12469;4.90;0.30;305.18;11.61;1093;42;4305.00;109
11270;40;624136807;11270;436;12364;12473;4.95;0.30;305.13;11.61;1094;42;4306.00;109
11274;40;624136821;11274;427;12365;12473;4.95;0.30;305.18;11.70;1091;42;4307.00;108
11277;40;624136843;11277;418;12365;12473;4.96;0.30;305.15;11.70;1088;42;4308.00;108
11280;40;624136855;11280;410;12365;12473;4.94;0.30;305.14;11.70;1085;42;4309.00;108
11281;40;624136867;11281;407;12365;12474;4.93;0.30;305.11;11.70;1084;42;4310.00;109
11283;40;624136881;11283;399;12366;12475;4.97;0.30;305.09;11.70;1083;42;4311.00;109
11284;40;624136894;11284;401;12366;12475;5.05;0.31;305.08;11.70;1082;42;4312.00;109
11288;40;624136907;11288;394;12367;12476;5.11;0.31;305.08;11.70;1079;42;4313.00;109
11288;40;624136920;11288;397;12367;12476;5.20;0.32;305.08;11.70;1079;42;4314.00;109
11288;40;624136933;11288;396;12367;12476;5.27;0.32;305.08;11.70;1079;42;4315.00;109
11289;40;624136946;11289;391;12367;12476;5.32;0.32;305.09;11.70;1078;42;4316.00;109
11291;40;624136959;11291;386;12367;12476;5.36;0.33;305.08;11.70;1076;42;4317.00;109
11294;40;624136973;11294;381;12367;12476;5.39;0.33;305.12;11.70;1073;42;4318.00;109
11296;40;624136986;11296;373;12367;12476;5.44;0.33;305.11;11.70;1071;42;4319.00;109
11297;40;624136999;11297;424;12481;12706;5.75;0.36;305.14;11.59;1184;42;4320.00;225
11297;40;624137030;11297;415;12485;12707;5.81;0.36;305.14;11.59;1188;42;4321.00;222
11299;40;624137044;11299;397;12496;12707;5.92;0.37;305.18;11.58;1197;42;4322.00;211
11301;40;624137058;11301;381;12500;12707;6.03;0.38;305.16;11.58;1199;42;4323.00;207
11303;41;624137071;11303;370;12507;12707;6.13;0.38;305.22;11.57;1204;43;4324.00;200
11304;41;624137093;11304;358;12509;12707;6.18;0.38;305.22;11.57;1205;43;4325.00;198
11305;41;624137117;11305;353;12516;12707;6.22;0.39;305.20;11.67;1211;43;4326.00;191
11307;42;624137138;11307;349;12520;12707;6.25;0.39;305.21;11.66;1213;44;4327.00;187
11308;42;624137171;11308;346;12523;12708;6.26;0.39;305.22;11.66;1215;44;4328.00;185
11308;42;624137186;11308;344;12526;12709;6.31;0.39;305.22;11.66;1218;44;4329.00;183
11310;42;624137200;11310;338;12529;12709;6.29;0.39;305.21;11.66;1219;44;4330.00;180
11310;42;624137217;11310;338;12533;12710;6.26;0.39;305.21;11.66;1223;44;4331.00;177
11312;42;624137236;11312;333;12535;12710;6.25;0.39;305.19;11.66;1223;44;4332.00;175
11314;42;624137252;11314;337;12537;12710;6.25;0.38;305.20;11.66;1223;44;4333.00;173
11316;42;624137266;11316;343;12539;12710;6.22;0.38;305.23;11.66;1223;44;4334.00;171
11317;42;624137281;11317;333;12541;12714;6.24;0.38;305.23;11.66;1224;44;4335.00;173
11318;42;624137294;11318;334;12542;12714;6.30;0.39;305.23;11.66;1224;44;4336.00;172
11320;42;624137315;11320;345;12544;12714;6.33;0.39;305.23;11.66;1224;44;4337.00;170
11320;42;624137329;11320;342;12545;12717;6.35;0.39;305.23;11.66;1225;44;4338.00;172
11320;42;624137343;11320;345;12547;12717;6.32;0.39;305.23;11.67;1227;44;4339.00;170
11321;42;624137363;11321;336;12548;12717;6.33;0.39;305.23;11.67;1227;44;4340.00;169
11323;42;624137377;11323;341;12552;12721;6.29;0.38;305.25;11.66;1229;44;4341.00;169
11325;42;624137392;11325;344;12553;12722;6.35;0.39;305.24;11.66;1228;44;4342.00;169
11327;42;624137406;11327;340;12554;12722;6.39;0.39;305.23;11.66;1227;44;4343.00;168
11330;42;624137420;11330;342;12556;12726;6.39;0.39;305.26;11.76;1226;44;4344.00;170
11334;42;624137435;11334;338;12557;12726;6.43;0.39;305.27;11.76;1223;44;4345.00;169
11336;42;624137450;11336;343;12558;12726;6.47;0.39;305.35;11.75;1222;44;4346.00;168
11338;42;624137464;11338;342;12559;12727;6.48;0.39;305.40;11.75;1221;44;4347.00;168
11340;42;624137486;11340;341;12560;12727;6.47;0.39;305.40;11.76;1220;44;4348.00;167
11344;42;624137500;11344;341;12563;12733;6.46;0.39;305.37;11.75;1219;44;4349.00;170
11345;42;624137517;11345;339;12563;12733;6.46;0.39;305.35;11.75;1218;44;4350.00;170
11345;42;624137532;11345;336;12564;12734;6.44;0.39;305.35;11.75;1219;44;4351.00;170
11347;42;624137546;11347;337;12565;12734;6.41;0.39;305.34;11.75;1218;44;4352.00;169
11350;42;624137560;11350;330;12568;12734;6.36;0.39;305.44;11.76;1218;44;4353.00;166
11351;42;624137574;11351;329;12571;12734;6.32;0.39;305.44;11.78;1220;44;4354.00;163
11355;42;624137589;11355;321;12571;12734;6.27;0.38;305.55;11.78;1216;44;4355.00;163
11357;42;624137604;11357;326;12582;12746;6.29;0.38;305.59;11.78;1225;44;4356.00;164
11363;42;624137619;11363;322;12583;12746;6.27;0.38;305.62;11.79;1220;44;4357.00;163
11365;42;624137634;11365;317;12583;12746;6.32;0.38;305.66;11.79;1218;44;4358.00;163
11370;42;624137648;11370;310;12585;12746;6.36;0.39;305.72;11.79;1215;44;4359.00;161
11374;42;624137662;11374;307;12586;12746;6.39;0.39;305.68;11.88;1212;44;4360.00;160
11374;42;624137676;11374;307;12588;12746;6.42;0.39;305.68;11.88;1214;44;4361.00;158
11379;42;624137690;11379;297;12591;12750;6.42;0.39;305.67;11.88;1212;44;4362.00;159
11380;42;624137705;11380;300;12592;12750;6.46;0.39;305.72;11.88;1212;44;4363.00;158
11386;42;624137719;11386;298;12594;12754;6.52;0.40;305.80;11.88;1208;44;4364.00;160
11388;42;624137735;11388;295;12596;12756;6.59;0.40;305.93;11.88;1208;44;4365.00;160
11392;42;624137749;11392;302;12598;12756;6.58;0.40;305.99;11.88;1206;44;4366.00;158
11394;42;624137764;11394;306;12600;12756;6.54;0.40;306.06;11.88;1206;44;4367.00;156
11399;42;624137778;11399;320;12611;12769;6.44;0.39;306.22;11.89;1212;44;4368.00;158
11401;42;624137793;11401;325;12613;12769;6.42;0.39;306.22;11.89;1212;44;4369.00;156
11403;42;624137807;11403;333;12615;12769;6.34;0.38;306.21;11.89;1212;44;4370.00;154
11406;42;624137821;11406;336;12616;12770;6.24;0.38;306.29;11.89;1210;44;4371.00;154
11408;42;624137835;11408;341;12617;12771;6.22;0.38;306.36;11.89;1209;44;4372.00;154
11410;42;624137849;11410;351;12618;12771;6.16;0.37;306.36;11.89;1208;44;4373.00;153
11414;42;624137862;11414;359;12622;12774;6.11;0.37;306.39;11.89;1208;44;4374.00;152
11418;42;624137877;11418;357;12623;12774;6.07;0.37;306.38;11.90;1205;44;4375.00;151
11418;42;624137891;11418;371;12624;12774;6.07;0.37;306.38;11.90;1206;44;4376.00;150
11419;42;624137905;11419;379;12625;12774;6.07;0.37;306.43;11.91;1206;44;4377.00;149
11421;42;624137918;11421;389;12631;12780;6.04;0.37;306.47;11.90;1210;44;4378.00;149
11422;42;624137933;11422;396;12632;12780;6.02;0.37;306.46;11.91;1210;44;4379.00;148
11423;42;624137948;11423;402;12634;12780;6.00;0.37;306.49;11.93;1211;44;4380.00;146
11427;42;624137961;11427;413;12635;12780;5.98;0.36;306.53;11.93;1208;44;4381.00;145
11429;42;624137975;11429;419;12640;12784;5.94;0.36;306.53;11.95;1211;44;4382.00;144
11431;42;624137989;11431;422;12642;12785;5.96;0.36;306.49;11.95;1211;44;4383.00;143
11435;42;624138003;11435;425;12644;12785;5.92;0.36;306.58;11.96;1209;44;4384.00;141
11438;42;624138017;11438;434;12646;12786;5.94;0.36;306.61;11.97;1208;44;4385.00;140
11441;42;624138031;11441;432;12648;12786;5.96;0.36;306.69;11.98;1207;44;4386.00;138
11446;42;624138045;11446;439;12650;12786;5.95;0.36;306.64;12.00;1204;44;4387.00;136
11446;42;624138058;11446;443;12650;12786;5.95;0.36;306.64;12.00;1204;44;4388.00;136
11447;42;624138072;11447;450;12651;12786;5.96;0.36;306.70;12.02;1204;44;4389.00;135
11451;42;624138085;11451;453;12653;12786;5.92;0.36;306.82;12.02;1202;44;4390.00;133
11453;42;624138098;11453;458;12654;12786;5.89;0.36;306.82;12.04;1201;44;4391.00;132
11456;42;624138111;11456;472;12696;12856;5.88;0.36;306.95;12.00;1240;44;4392.00;160
11460;42;624138131;11460;473;12700;12857;5.80;0.36;307.04;12.02;1240;44;4393.00;157
11462;42;624138145;11462;471;12706;12857;5.78;0.35;307.05;12.02;1244;44;4394.00;151
11466;42;624138159;11466;479;12707;12857;5.70;0.35;307.12;12.03;1241;44;4395.00;150
11467;42;624138172;11467;482;12710;12857;5.68;0.35;307.12;12.03;1243;44;4396.00;147
11470;42;624138186;11470;481;12711;12857;5.66;0.35;307.10;12.04;1241;44;4397.00;146
11476;42;624138200;11476;493;12715;12857;5.61;0.34;307.13;12.04;1239;44;4398.00;142
11476;42;624138227;11476;486;12715;12857;5.56;0.34;307.13;12.04;1239;44;4399.00;142
11480;42;624138262;11480;481;12718;12858;5.50;0.34;307.15;12.05;1238;44;4400.00;140
11483;42;624138292;11483;480;12720;12859;5.44;0.33;307.20;12.05;1237;44;4401.00;139
11484;42;624138313;11484;480;12723;12859;5.42;0.33;307.19;12.07;1239;44;4402.00;136
11487;42;624138333;11487;481;12727;12863;5.38;0.33;307.14;12.07;1240;44;4403.00;136
11490;42;624138348;11490;470;12728;12863;5.35;0.33;307.22;12.07;1238;44;4404.00;135
11492;42;624138365;11492;473;12731;12863;5.35;0.33;307.23;12.10;1239;44;4405.00;132
11494;42;624138380;11494;478;12731;12863;5.38;0.33;307.20;12.10;1237;44;4406.00;132
11498;42;624138396;11498;473;12737;12869;5.42;0.33;307.20;12.11;1239;44;4407.00;132
11502;42;624138412;11502;474;12737;12869;5.43;0.33;307.24;12.11;1235;44;4408.00;132
11505;42;624138427;11505;482;12738;12869;5.48;0.33;307.18;12.12;1233;44;4409.00;131
11507;42;624138444;11507;481;12741;12875;5.55;0.34;307.16;12.12;1234;44;4410.00;134
11507;42;624138459;11507;486;12741;12875;5.55;0.34;307.16;12.12;1234;44;4411.00;134
11512;42;624138475;11512;476;12743;12875;5.56;0.34;307.18;12.13;1231;44;4412.00;132
11513;43;624138490;11513;473;12744;12876;5.59;0.34;307.22;12.14;1231;45;4413.00;132
11519;43;624138516;11519;477;12745;12877;5.52;0.34;307.29;12.14;1226;45;4414.00;132
11522;43;624138530;11522;470;12748;12877;5.44;0.33;307.33;12.18;1226;45;4415.00;129
11527;43;624138544;11527;469;12756;12890;5.38;0.33;307.39;12.17;1229;45;4416.00;134
11531;43;624138558;11531;469;12757;12890;5.25;0.32;307.43;12.17;1226;45;4417.00;133
11536;43;624138572;11536;471;12759;12890;5.14;0.31;307.43;12.18;1223;45;4418.00;131
11539;43;624138586;11539;464;12759;12891;5.05;0.31;307.45;12.18;1220;45;4419.00;132
11542;43;624138601;11542;459;12759;12891;4.99;0.30;307.47;12.18;1217;45;4420.00;132
11546;43;624138614;11546;455;12765;12895;4.97;0.30;307.51;12.20;1219;45;4421.00;130
11548;43;624138628;11548;453;12767;12895;5.00;0.30;307.60;12.21;1219;45;4422.00;128
11551;43;624138641;11551;457;12769;12899;5.03;0.31;307.63;12.21;1218;45;4423.00;130
11555;43;624138655;11555;452;12772;12899;5.13;0.31;307.64;12.23;1217;45;4424.00;127
11558;43;624138669;11558;448;12772;12899;5.19;0.32;307.72;12.23;1214;45;4425.00;127
11562;43;624138683;11562;441;12773;12899;5.24;0.32;307.80;12.23;1211;45;4426.00;126
11564;43;624138697;11564;436;12776;12899;5.30;0.32;307.81;12.25;1212;45;4427.00;123
11569;43;624138711;11569;435;12786;12911;5.37;0.33;307.95;12.24;1217;45;4428.00;125
11570;43;624138727;11570;439;12787;12911;5.43;0.33;307.96;12.25;1217;45;4429.00;124
11573;43;624138741;11573;435;12791;12911;5.47;0.33;308.08;12.26;1218;45;4430.00;120
11578;43;624138756;11578;430;12793;12911;5.48;0.33;308.18;12.26;1215;45;4431.00;118
11581;43;624138770;11581;433;12794;12911;5.49;0.34;308.23;12.26;1213;45;4432.00;117
11583;43;624138784;11583;437;12795;12911;5.48;0.33;308.28;12.26;1212;45;4433.00;116
11588;43;624138798;11588;437;12796;12912;5.49;0.34;308.42;12.26;1208;45;4434.00;116
11592;43;624138813;11592;440;12797;12912;5.49;0.34;308.51;12.26;1205;45;4435.00;115
11597;43;624138829;11597;444;12802;12918;5.53;0.34;308.61;12.26;1205;45;4436.00;116
11601;43;624138845;11601;445;12803;12919;5.51;0.34;308.65;12.26;1202;45;4437.00;116
11605;43;624138861;11605;447;12804;12919;5.46;0.33;308.71;12.26;1199;45;4438.00;115
11608;43;624138876;11608;455;12804;12919;5.40;0.33;308.71;12.26;1196;45;4439.00;115
11609;43;624138893;11609;453;12809;12924;5.44;0.33;308.71;12.25;1200;45;4440.00;115
11617;43;624138909;11617;463;12809;12924;5.41;0.33;308.68;12.25;1192;45;4441.00;115
11621;43;624138924;11621;469;12809;12924;5.34;0.33;308.68;12.25;1188;45;4442.00;115
11622;43;624138938;11622;475;12810;12925;5.32;0.33;308.69;12.25;1188;45;4443.00;115
11628;43;624138953;11628;471;12813;12929;5.27;0.32;308.63;12.25;1185;45;4444.00;116
11636;43;624138968;11636;462;12813;12929;5.16;0.31;308.59;12.25;1177;45;4445.00;116
11639;43;624138982;11639;472;12815;12932;5.15;0.31;308.62;12.25;1176;45;4446.00;117
11642;43;624138996;11642;474;12815;12932;5.15;0.31;308.62;12.25;1173;45;4447.00;117
11647;43;624139009;11647;485;12816;12932;5.07;0.31;308.67;12.25;1169;45;4448.00;116
11650;43;624139023;11650;479;12816;12932;5.02;0.31;308.66;12.25;1166;45;4449.00;116
11653;43;624139036;11653;482;12820;12936;4.98;0.30;308.66;12.24;1167;45;4450.00;116
11660;43;624139050;11660;488;12820;12936;4.85;0.30;308.72;12.24;1160;45;4451.00;116
11663;43;624139064;11663;491;12820;12936;4.78;0.29;308.66;12.24;1157;45;4452.00;116
11669;43;624139077;11669;486;12821;12936;4.70;0.29;308.68;12.34;1152;45;4453.00;115
11674;43;624139091;11674;485;12821;12937;4.67;0.29;308.69;12.34;1147;45;4454.00;116
11680;43;624139105;11680;494;12823;12939;4.60;0.28;308.69;12.34;1143;45;4455.00;116
11682;43;624139118;11682;496;12823;12939;4.56;0.28;308.67;12.34;1141;45;4456.00;116
11689;43;624139130;11689;501;12824;12940;4.49;0.27;308.66;12.33;1135;45;4457.00;116
11690;43;624139143;11690;503;12824;12940;4.47;0.27;308.65;12.33;1134;45;4458.00;116
11696;43;624139156;11696;504;12824;12940;4.37;0.27;308.62;12.33;1128;45;4459.00;116
11698;43;624139170;11698;497;12824;12940;4.35;0.27;308.61;12.33;1126;45;4460.00;116
11701;43;624139182;11701;502;12824;12940;4.32;0.27;308.57;12.33;1123;45;4461.00;116
11706;43;624139194;11706;495;12824;12940;4.23;0.26;308.59;12.33;1118;45;4462.00;116
11711;43;624139207;11711;503;12824;12940;4.17;0.26;308.63;12.33;1113;45;4463.00;116
11714;43;624139223;11714;520;12891;13067;4.56;0.28;308.61;12.27;1177;45;4464.00;176
11719;43;624139246;11719;520;12896;13068;4.53;0.28;308.61;12.27;1177;45;4465.00;172
11720;43;624139261;11720;516;12905;13068;4.63;0.29;308.60;12.26;1185;45;4466.00;163
11721;43;624139273;11721;508;12907;13068;4.67;0.29;308.65;12.26;1186;45;4467.00;161
11724;43;624139285;11724;498;12912;13068;4.70;0.29;308.62;12.25;1188;45;4468.00;156
11724;43;624139298;11724;497;12914;13068;4.73;0.29;308.62;12.25;1190;45;4469.00;154
11725;43;624139312;11725;492;12917;13068;4.75;0.29;308.61;12.25;1192;45;4470.00;151
11727;43;624139324;11727;495;12921;13068;4.74;0.29;308.63;12.25;1194;45;4471.00;147
11730;43;624139337;11730;492;12924;13069;4.72;0.29;308.61;12.25;1194;45;4472.00;145
11730;43;624139350;11730;498;12929;13070;4.71;0.29;308.61;12.25;1199;45;4473.00;141
11733;43;624139363;11733;496;12930;13070;4.66;0.29;308.67;12.25;1197;45;4474.00;140
11733;43;624139376;11733;494;12933;13071;4.59;0.28;308.67;12.25;1200;45;4475.00;138
11733;43;624139389;11733;490;12933;13071;4.64;0.29;308.67;12.25;1200;45;4476.00;138
11733;43;624139402;11733;482;12936;13071;4.75;0.29;308.67;12.25;1203;45;4477.00;135
11735;43;624139415;11735;465;12939;13071;4.81;0.30;308.68;12.25;1204;45;4478.00;132
11737;43;624139429;11737;455;12942;13075;4.96;0.30;308.68;12.25;1205;45;4479.00;133
11738;43;624139445;11738;444;12944;13075;5.08;0.31;308.68;12.24;1206;45;4480.00;131
11738;43;624139459;11738;432;12945;13075;5.21;0.32;308.68;12.25;1207;45;4481.00;130
11739;43;624139474;11739;416;12948;13078;5.37;0.33;308.69;12.24;1209;45;4482.00;130
11740;43;624139489;11740;407;12948;13078;5.54;0.34;308.68;12.24;1208;45;4483.00;130
11742;43;624139512;11742;400;12948;13078;5.68;0.35;308.67;12.24;1206;45;4484.00;130
11744;43;624139527;11744;390;12953;13082;5.80;0.35;308.72;12.24;1209;45;4485.00;129
11745;43;624139543;11745;387;12956;13083;5.94;0.36;308.72;12.34;1211;45;4486.00;127
11746;43;624139568;11746;382;12956;13083;6.04;0.37;308.71;12.34;1210;45;4487.00;127
11747;43;624139582;11747;380;12959;13087;6.12;0.37;308.69;12.33;1212;45;4488.00;128
11749;43;624139604;11749;365;12959;13087;6.15;0.37;308.66;12.33;1210;45;4489.00;128
11751;43;624139623;11751;358;12959;13087;6.17;0.38;308.66;12.33;1208;45;4490.00;128
11754;43;624139638;11754;344;12960;13088;6.14;0.37;308.62;12.33;1206;45;4491.00;128
11755;43;624139653;11755;345;12960;13088;6.08;0.37;308.61;12.33;1205;45;4492.00;128
11759;43;624139667;11759;344;12965;13094;6.07;0.37;308.65;12.33;1206;45;4493.00;129
11759;43;624139682;11759;342;12965;13094;6.06;0.37;308.65;12.33;1206;45;4494.00;129
11761;43;624139701;11761;338;12965;13095;6.09;0.37;308.65;12.33;1204;45;4495.00;130
11763;43;624139714;11763;330;12965;13095;6.13;0.37;308.67;12.33;1202;45;4496.00;130
11765;43;624139728;11765;323;12965;13095;6.19;0.38;308.64;12.33;1200;45;4497.00;130
11767;43;624139743;11767;324;12965;13095;6.21;0.38;308.70;12.33;1198;45;4498.00;130
11768;43;624139757;11768;316;12965;13095;6.27;0.38;308.70;12.33;1197;45;4499.00;130
11769;43;624139774;11769;314;12990;13145;6.36;0.39;308.70;12.30;1221;45;4500.00;155
11773;43;624139796;11773;317;12990;13147;6.37;0.39;308.70;12.30;1217;45;4501.00;157
11774;43;624139811;11774;307;12995;13147;6.48;0.40;308.70;12.30;1221;45;4502.00;152
11775;43;624139826;11775;307;12996;13147;6.52;0.40;308.73;12.40;1221;45;4503.00;151
11775;43;624139840;11775;308;12998;13147;6.57;0.40;308.73;12.39;1223;45;4504.00;149
11775;43;624139855;11775;304;12998;13147;6.63;0.40;308.73;12.39;1223;45;4505.00;149
11777;43;624139871;11777;298;13002;13151;6.68;0.41;308.81;12.39;1225;45;4506.00;149
11780;43;624139887;11780;300;13003;13151;6.76;0.41;308.81;12.39;1223;45;4507.00;148
11783;43;624139907;11783;295;13007;13155;6.80;0.41;308.85;12.39;1224;45;4508.00;148
11788;43;624139924;11788;287;13008;13156;6.89;0.42;309.00;12.39;1220;45;4509.00;148
11790;43;624139941;11790;285;13008;13156;6.98;0.42;309.02;12.39;1218;45;4510.00;148
11792;43;624139958;11792;287;13009;13156;6.99;0.42;309.02;12.39;1217;45;4511.00;147
11796;43;624139972;11796;286;13019;13169;6.96;0.42;309.11;12.38;1223;45;4512.00;150
11797;43;624139988;11797;285;13020;13169;6.93;0.42;309.18;12.38;1223;45;4513.00;149
11799;43;624140009;11799;288;13020;13169;6.95;0.42;309.24;12.38;1221;45;4514.00;149
11803;43;624140023;11803;277;13021;13170;6.95;0.42;309.25;12.38;1218;45;4515.00;149
11805;43;624140039;11805;279;13021;13171;6.95;0.42;309.30;12.38;1216;45;4516.00;150
11807;43;624140053;11807;281;13022;13171;6.95;0.42;309.28;12.38;1215;45;4517.00;149
11809;43;624140068;11809;284;13024;13174;6.93;0.42;309.38;12.38;1215;45;4518.00;150
11812;43;624140083;11812;283;13025;13174;6.91;0.42;309.51;12.38;1213;45;4519.00;149
11814;43;624140098;11814;281;13026;13174;6.90;0.42;309.49;12.37;1212;45;4520.00;148
11817;43;624140113;11817;291;13026;13174;6.87;0.42;309.56;12.37;1209;45;4521.00;148
11821;43;624140128;11821;288;13032;13180;6.83;0.42;309.61;12.47;1211;45;4522.00;148
11825;43;624140148;11825;286;13032;13180;6.77;0.41;309.66;12.47;1207;45;4523.00;148
11829;43;624140163;11829;283;13032;13180;6.71;0.41;309.67;12.47;1203;45;4524.00;148
11831;43;624140177;11831;274;13035;13180;6.72;0.41;309.66;12.50;1204;45;4525.00;145
11834;43;624140192;11834;266;13038;13184;6.73;0.41;309.67;12.50;1204;45;4526.00;146
11839;43;624140207;11839;266;13039;13185;6.71;0.41;309.67;12.50;1200;45;4527.00;146
11841;43;624140228;11841;258;13040;13185;6.72;0.41;309.66;12.50;1199;45;4528.00;145
11848;43;624140254;11848;267;13041;13186;6.73;0.41;309.71;12.50;1193;45;4529.00;145
11850;43;624140281;11850;266;13042;13186;6.74;0.41;309.72;12.50;1192;45;4530.00;144
11854;43;624140301;11854;272;13042;13186;6.78;0.41;309.74;12.50;1188;45;4531.00;144
11855;43;624140322;11855;273;13042;13186;6.81;0.41;309.73;12.50;1187;45;4532.00;144
11859;43;624140342;11859;275;13043;13186;6.81;0.41;309.71;12.50;1184;45;4533.00;143
11863;43;624140357;11863;278;13043;13186;6.81;0.41;309.73;12.50;1180;45;4534.00;143
11865;43;624140372;11865;280;13043;13186;6.80;0.41;309.77;12.50;1178;45;4535.00;143
11866;43;624140387;11866;295;13080;13256;6.82;0.42;309.75;12.47;1214;45;4536.00;176
11871;43;624140407;11871;289;13082;13257;6.77;0.41;309.79;12.47;1211;45;4537.00;175
11874;43;624140423;11874;293;13086;13257;6.78;0.41;309.77;12.47;1212;45;4538.00;171
11877;43;624140445;11877;301;13094;13257;6.76;0.41;309.81;12.56;1217;45;4539.00;163
11879;43;624140460;11879;296;13098;13257;6.80;0.41;309.88;12.56;1219;45;4540.00;159
11881;43;624140476;11881;307;13102;13257;6.82;0.42;309.88;12.55;1221;45;4541.00;155
11884;43;624140491;11884;305;13107;13257;6.80;0.41;309.87;12.56;1223;45;4542.00;150
11887;43;624140510;11887;305;13112;13257;6.81;0.41;309.96;12.55;1225;45;4543.00;145
11891;43;624140525;11891;305;13114;13258;6.82;0.42;309.94;12.55;1223;45;4544.00;144
11892;43;624140547;11892;303;13117;13260;6.85;0.42;310.00;12.55;1225;45;4545.00;143
11898;43;624140563;11898;301;13118;13260;6.81;0.41;310.08;12.55;1220;45;4546.00;142
11899;43;624140579;11899;300;13121;13264;6.75;0.41;310.06;12.55;1222;45;4547.00;143
11902;43;624140595;11902;303;13121;13264;6.72;0.41;310.12;12.55;1219;45;4548.00;143
11905;43;624140610;11905;302;13121;13264;6.70;0.41;310.19;12.55;1216;45;4549.00;143
11909;43;624140625;11909;305;13123;13264;6.62;0.40;310.18;12.57;1214;45;4550.00;141
11912;43;624140642;11912;311;13128;13270;6.61;0.40;310.26;12.57;1216;45;4551.00;142
11914;43;624140659;11914;319;13129;13270;6.57;0.40;310.32;12.58;1215;45;4552.00;141
11916;43;624140674;11916;322;13131;13270;6.55;0.40;310.29;12.61;1215;45;4553.00;139
11921;43;624140690;11921;333;13134;13273;6.48;0.40;310.33;12.62;1213;45;4554.00;139
11924;43;624140704;11924;337;13136;13273;6.44;0.39;310.32;12.63;1212;45;4555.00;137
11928;43;624140720;11928;345;13136;13273;6.35;0.39;310.45;12.63;1208;45;4556.00;137
11931;43;624140735;11931;353;13138;13274;6.29;0.38;310.52;12.65;1207;45;4557.00;136
11934;43;624140751;11934;356;13140;13275;6.22;0.38;310.54;12.66;1206;45;4558.00;135
11937;43;624140767;11937;359;13141;13275;6.19;0.38;310.59;12.67;1204;45;4559.00;134
11939;43;624140787;11939;370;13160;13301;6.24;0.38;310.65;12.66;1221;45;4560.00;141
11939;43;624140806;11939;367;13161;13301;6.22;0.38;310.65;12.67;1222;45;4561.00;140
11941;43;624140821;11941;370;13164;13301;6.24;0.38;310.69;12.68;1223;45;4562.00;137
11943;43;624140837;11943;386;13167;13302;6.23;0.38;310.73;12.69;1224;45;4563.00;135
11945;43;624140852;11945;383;13168;13302;6.17;0.38;310.81;12.70;1223;45;4564.00;134
11948;43;624140866;11948;385;13173;13306;6.08;0.37;310.80;12.70;1225;45;4565.00;133
11949;43;624140880;11949;393;13175;13306;5.97;0.36;310.84;12.73;1226;45;4566.00;131
11953;43;624140894;11953;406;13178;13310;5.79;0.35;310.91;12.72;1225;45;4567.00;132
11954;43;624140909;11954;411;13180;13310;5.70;0.35;310.90;12.75;1226;45;4568.00;130
11955;43;624140923;11955;408;13180;13310;5.62;0.34;310.96;12.75;1225;45;4569.00;130
11960;43;624140937;11960;404;13182;13310;5.49;0.33;310.99;12.77;1222;45;4570.00;128
11964;43;624140952;11964;397;13182;13310;5.41;0.33;311.04;12.77;1218;45;4571.00;128
11967;43;624140965;11967;396;13194;13322;5.38;0.33;311.12;12.78;1227;45;4572.00;128
11967;43;624140981;11967;397;13194;13322;5.29;0.32;311.12;12.78;1227;45;4573.00;128
11968;43;624140996;11968;401;13196;13322;5.29;0.32;311.16;12.78;1228;45;4574.00;126
11969;43;624141009;11969;408;13198;13322;5.21;0.32;311.21;12.80;1229;45;4575.00;124
11970;43;624141022;11970;406;13198;13322;5.11;0.31;311.20;12.80;1228;45;4576.00;124
11972;43;624141036;11972;411;13201;13322;5.07;0.31;311.26;12.82;1229;45;4577.00;121
11974;43;624141049;11974;413;13202;13323;5.03;0.31;311.29;12.83;1228;45;4578.00;121
11976;43;624141062;11976;421;13202;13323;4.99;0.30;311.28;12.83;1226;45;4579.00;121
11978;43;624141075;11978;431;13209;13329;5.01;0.31;311.37;12.84;1231;45;4580.00;120
11982;43;624141090;11982;429;13210;13330;4.94;0.30;311.39;12.84;1228;45;4581.00;120
11984;43;624141103;11984;439;13210;13330;4.86;0.30;311.44;12.84;1226;45;4582.00;120
11989;43;624141116;11989;444;13212;13330;4.77;0.29;311.45;12.85;1223;45;4583.00;118
11992;43;624141129;11992;442;13215;13334;4.71;0.29;311.46;12.85;1223;45;4584.00;119
11996;43;624141143;11996;447;13217;13334;4.59;0.28;311.45;12.87;1221;45;4585.00;117
12002;43;624141156;12002;450;13217;13334;4.53;0.28;311.47;12.87;1215;45;4586.00;117
12003;43;624141169;12003;451;13218;13335;4.51;0.28;311.49;12.87;1215;45;4587.00;117
12008;43;624141181;12008;459;13223;13339;4.42;0.27;311.60;12.88;1215;45;4588.00;116
12012;43;624141194;12012;470;13223;13339;4.31;0.26;311.64;12.88;1211;45;4589.00;116
12019;43;624141208;12019;473;13229;13345;4.24;0.26;311.76;12.88;1210;45;4590.00;116
12021;43;624141223;12021;474;13229;13345;4.23;0.26;311.81;12.88;1208;45;4591.00;116
12023;43;624141235;12023;476;13231;13345;4.29;0.26;311.87;12.88;1208;45;4592.00;114
12028;43;624141247;12028;474;13233;13345;4.23;0.26;311.99;12.89;1205;45;4593.00;112
12029;43;624141262;12029;477;13237;13349;4.32;0.27;312.00;12.89;1208;45;4594.00;112
12034;43;624141275;12034;482;13238;13349;4.33;0.27;312.02;12.89;1204;45;4595.00;111
12039;43;624141287;12039;479;13239;13349;4.30;0.26;312.03;12.90;1200;45;4596.00;110
12043;43;624141298;12043;475;13239;13349;4.28;0.26;312.14;12.90;1196;45;4597.00;110
12046;43;624141310;12046;473;13239;13350;4.25;0.26;312.15;12.90;1193;45;4598.00;111
12048;43;624141322;12048;469;13240;13351;4.27;0.26;312.17;12.90;1192;45;4599.00;111
12052;43;624141335;12052;471;13240;13351;4.23;0.26;312.25;12.90;1188;45;4600.00;111
12056;43;624141356;12056;473;13241;13352;4.23;0.26;312.35;12.90;1185;45;4601.00;111
12060;43;624141374;12060;474;13241;13352;4.27;0.26;312.30;12.90;1181;45;4602.00;111
12065;43;624141388;12065;470;13241;13352;4.28;0.26;312.27;12.90;1176;45;4603.00;111
12070;43;624141401;12070;468;13242;13352;4.29;0.26;312.24;13.00;1172;45;4604.00;110
12072;43;624141414;12072;463;13242;13352;4.31;0.27;312.24;13.00;1170;45;4605.00;110
12076;43;624141426;12076;461;13242;13352;4.33;0.27;312.29;13.00;1166;45;4606.00;110
12080;43;624141438;12080;459;13242;13352;4.29;0.26;312.24;13.00;1162;45;4607.00;110
12084;43;624141450;12084;460;13303;13479;4.74;0.30;312.31;12.94;1219;45;4608.00;176
12089;43;624141472;12089;462;13308;13480;4.76;0.30;312.24;12.93;1219;45;4609.00;172
12094;43;624141485;12094;463;13318;13480;4.80;0.30;312.24;12.93;1224;45;4610.00;162
12098;43;624141498;12098;471;13322;13480;4.81;0.30;312.22;12.92;1224;45;4611.00;158
12099;43;624141510;12099;471;13329;13480;4.85;0.30;312.21;12.92;1230;45;4612.00;151
12103;43;624141523;12103;472;13332;13480;4.81;0.30;312.20;12.92;1229;45;4613.00;148
12109;43;624141536;12109;478;13336;13480;4.76;0.30;312.21;12.91;1227;45;4614.00;144
12115;43;624141548;12115;484;13339;13480;4.68;0.29;312.17;12.91;1224;45;4615.00;141
12121;43;624141561;12121;488;13341;13481;4.59;0.28;312.17;12.91;1220;45;4616.00;140
12124;43;624141574;12124;497;13345;13482;4.54;0.28;312.22;12.91;1221;45;4617.00;137
12126;43;624141592;12126;503;13346;13482;4.50;0.28;312.21;12.91;1220;45;4618.00;136
12130;43;624141605;12130;501;13348;13483;4.43;0.27;312.20;12.91;1218;45;4619.00;135
12130;43;624141619;12130;500;13351;13483;4.39;0.27;312.20;12.91;1221;45;4620.00;132
12132;43;624141632;12132;511;13353;13483;4.34;0.27;312.19;12.91;1221;45;4621.00;130
12139;43;624141645;12139;519;13354;13483;4.28;0.26;312.13;12.91;1215;45;4622.00;129
12142;43;624141658;12142;522;13360;13487;4.26;0.26;312.11;12.91;1218;45;4623.00;127
12143;43;624141671;12143;525;13361;13487;4.21;0.26;312.11;12.91;1218;45;4624.00;126
12148;43;624141683;12148;526;13361;13487;4.13;0.25;312.09;12.91;1213;45;4625.00;126
12150;43;624141695;12150;522;13364;13490;4.11;0.25;312.09;12.90;1214;45;4626.00;126
12152;43;624141708;12152;505;13364;13490;4.09;0.25;312.07;12.90;1212;45;4627.00;126
12155;43;624141721;12155;493;13365;13490;4.05;0.25;312.00;12.91;1210;45;4628.00;125
12157;43;624141734;12157;485;13370;13494;4.05;0.25;312.00;12.90;1213;45;4629.00;124
12161;43;624141747;12161;487;13371;13495;4.07;0.25;311.97;12.90;1210;45;4630.00;124
12163;43;624141759;12163;485;13371;13495;4.16;0.26;311.94;12.90;1208;45;4631.00;124
12166;43;624141777;12166;482;13374;13499;4.25;0.26;311.94;12.90;1208;45;4632.00;125
12167;43;624141791;12167;478;13376;13499;4.34;0.27;311.94;12.90;1209;45;4633.00;123
12169;43;624141804;12169;472;13377;13499;4.43;0.27;311.91;13.00;1208;45;4634.00;122
12170;43;624141818;12170;469;13379;13501;4.50;0.28;311.95;13.00;1209;45;4635.00;122
12175;43;624141831;12175;465;13379;13501;4.56;0.28;312.01;13.00;1204;45;4636.00;122
12177;43;624141845;12177;451;13384;13507;4.64;0.28;312.00;13.00;1207;45;4637.00;123
12178;43;624141858;12178;434;13384;13507;4.70;0.29;312.00;13.00;1206;45;4638.00;123
12181;43;624141872;12181;422;13384;13508;4.74;0.29;312.02;13.00;1203;45;4639.00;124
12183;43;624141885;12183;419;13384;13508;4.82;0.29;312.03;13.00;1201;45;4640.00;124
12184;43;624141899;12184;419;13384;13508;4.86;0.30;312.05;13.00;1200;45;4641.00;124
12186;43;624141913;12186;416;13384;13508;4.91;0.30;312.10;13.00;1198;45;4642.00;124
12189;43;624141926;12189;415;13384;13508;4.95;0.30;312.08;13.00;1195;45;4643.00;124
12191;43;624141940;12191;426;13394;13520;5.13;0.31;312.14;12.99;1203;45;4644.00;126
12195;43;624141955;12195;424;13394;13520;5.19;0.32;312.12;12.99;1199;45;4645.00;126
12198;43;624141970;12198;407;13395;13520;5.28;0.32;312.14;12.99;1197;45;4646.00;125
12200;43;624141984;12200;391;13395;13520;5.37;0.33;312.14;12.99;1195;45;4647.00;125
12201;43;624141998;12201;385;13395;13520;5.47;0.33;312.16;12.99;1194;45;4648.00;125
12202;43;624142012;12202;366;13395;13520;5.58;0.34;312.19;12.99;1193;45;4649.00;125
12204;43;624142028;12204;357;13401;13526;5.69;0.35;312.24;13.09;1197;45;4650.00;125
12206;43;624142043;12206;348;13401;13526;5.77;0.35;312.24;13.09;1195;45;4651.00;125
12206;43;624142057;12206;338;13405;13530;5.89;0.36;312.24;13.08;1199;45;4652.00;125
12208;43;624142072;12208;331;13406;13531;5.93;0.36;312.21;13.08;1198;45;4653.00;125
12211;43;624142087;12211;327;13406;13531;6.01;0.36;312.26;13.08;1195;45;4654.00;125
12212;43;624142103;12212;321;13406;13531;6.10;0.37;312.25;13.08;1194;45;4655.00;125
12215;43;624142117;12215;316;13418;13544;6.22;0.38;312.27;13.18;1203;45;4656.00;126
12218;43;624142133;12218;308;13418;13544;6.32;0.38;312.33;13.18;1200;45;4657.00;126
12219;43;624142148;12219;302;13418;13544;6.41;0.39;312.39;13.18;1199;45;4658.00;126
12221;43;624142164;12221;293;13419;13545;6.52;0.39;312.44;13.17;1198;45;4659.00;126
12227;43;624142184;12227;293;13419;13546;6.57;0.40;312.53;13.17;1192;45;4660.00;127
12230;43;624142200;12230;290;13419;13546;6.60;0.40;312.58;13.17;1189;45;4661.00;127
12231;43;624142216;12231;299;13421;13549;6.61;0.40;312.57;13.17;1190;45;4662.00;128
12233;43;624142240;12233;297;13421;13549;6.63;0.40;312.56;13.17;1188;45;4663.00;128
12235;43;624142264;12235;297;13422;13549;6.65;0.40;312.55;13.17;1187;45;4664.00;127
12237;43;624142288;12237;300;13422;13549;6.61;0.40;312.66;13.17;1185;45;4665.00;127
12239;43;624142310;12239;298;13427;13555;6.60;0.40;312.74;13.17;1188;45;4666.00;128
12241;43;624142331;12241;300;13427;13555;6.60;0.40;312.78;13.17;1186;45;4667.00;128
12244;43;624142347;12244;300;13427;13555;6.62;0.40;312.88;13.17;1183;45;4668.00;128
12247;43;624142365;12247;297;13427;13555;6.59;0.40;312.94;13.17;1180;45;4669.00;128
12248;43;624142382;12248;296;13430;13559;6.54;0.40;312.91;13.16;1182;45;4670.00;129
12250;43;624142398;12250;295;13431;13560;6.53;0.40;312.96;13.16;1181;45;4671.00;129
12252;43;624142415;12252;294;13431;13560;6.49;0.39;312.98;13.16;1179;45;4672.00;129
12252;43;624142431;12252;293;13432;13561;6.52;0.39;312.98;13.16;1180;45;4673.00;129
12256;43;624142448;12256;294;13433;13561;6.50;0.39;313.03;13.29;1177;45;4674.00;128
12257;43;624142463;12257;292;13433;13561;6.52;0.39;313.02;13.29;1176;45;4675.00;128
12257;43;624142479;12257;291;13434;13561;6.55;0.40;313.02;13.39;1177;45;4676.00;127
12259;43;624142494;12259;292;13434;13561;6.53;0.40;313.08;13.39;1175;45;4677.00;127
12261;43;624142510;12261;286;13434;13561;6.59;0.40;313.09;13.39;1173;45;4678.00;127
12262;43;624142525;12262;286;13434;13561;6.56;0.40;313.16;13.39;1172;45;4679.00;127
12265;43;624142543;12265;307;13499;13686;6.59;0.40;313.19;13.33;1234;45;4680.00;187
12270;43;624142567;12270;294;13499;13687;6.63;0.40;313.25;13.33;1229;45;4681.00;188
12273;43;624142584;12273;284;13507;13687;6.71;0.41;313.35;13.32;1234;45;4682.00;180
12275;43;624142600;12275;288;13508;13687;6.76;0.41;313.44;13.32;1233;45;4683.00;179
12277;43;624142616;12277;275;13511;13687;6.71;0.41;313.49;13.32;1234;45;4684.00;176
12278;43;624142631;12278;280;13514;13687;6.76;0.41;313.49;13.32;1236;45;4685.00;173
12279;43;624142648;12279;281;13517;13687;6.78;0.41;313.50;13.31;1238;45;4686.00;170
12281;43;624142664;12281;291;13521;13687;6.82;0.41;313.52;13.31;1240;45;4687.00;166
12283;43;624142680;12283;291;13527;13688;6.83;0.42;313.58;13.31;1244;45;4688.00;161
12287;43;624142696;12287;298;13530;13689;6.81;0.41;313.66;13.31;1243;45;4689.00;159
12292;43;624142711;12292;301;13534;13689;6.75;0.41;313.79;13.31;1242;45;4690.00;155
12294;43;624142735;12294;307;13539;13693;6.70;0.41;313.84;13.30;1245;45;4691.00;154
12298;43;624142752;12298;305;13539;13693;6.65;0.41;313.89;13.30;1241;45;4692.00;154
12302;43;624142768;12302;305;13541;13693;6.58;0.40;313.87;13.30;1239;45;4693.00;152
12307;44;624142784;12307;305;13541;13693;6.53;0.40;313.87;13.30;1234;46;4694.00;152
12311;44;624142813;12311;301;13547;13699;6.49;0.40;313.85;13.32;1236;46;4695.00;152
12314;44;624142831;12314;305;13547;13699;6.46;0.39;313.93;13.32;1233;46;4696.00;152
12317;44;624142854;12317;306;13548;13699;6.40;0.39;314.01;13.43;1231;46;4697.00;151
12320;44;624142870;12320;303;13550;13702;6.41;0.39;313.97;13.43;1230;46;4698.00;152
12322;44;624142886;12322;299;13550;13702;6.41;0.39;313.95;13.43;1228;46;4699.00;152
12328;44;624142902;12328;296;13550;13702;6.39;0.39;313.97;13.43;1222;46;4700.00;152
12332;44;624142929;12332;298;13551;13703;6.39;0.39;314.10;13.43;1219;46;4701.00;152
12340;44;624142945;12340;297;13552;13704;6.36;0.39;313.99;13.43;1212;46;4702.00;152
12343;44;624142961;12343;292;13552;13704;6.38;0.39;314.01;13.43;1209;46;4703.00;152
12346;44;624142977;12346;296;13560;13717;6.40;0.39;314.06;13.42;1214;46;4704.00;157
12347;44;624142993;12347;301;13560;13717;6.43;0.39;314.05;13.42;1213;46;4705.00;157
12349;44;624143008;12349;296;13561;13717;6.46;0.39;314.11;13.42;1212;46;4706.00;156
12353;44;624143023;12353;302;13563;13718;6.45;0.39;314.12;13.42;1210;46;4707.00;155
12355;44;624143039;12355;299;13564;13718;6.47;0.39;314.13;13.41;1209;46;4708.00;154
12357;44;624143054;12357;307;13566;13722;6.49;0.40;314.14;13.41;1209;46;4709.00;156
12359;44;624143070;12359;309;13567;13722;6.49;0.39;314.21;13.41;1208;46;4710.00;155
12361;44;624143086;12361;314;13572;13726;6.43;0.39;314.20;13.41;1211;46;4711.00;154
12365;44;624143101;12365;319;13572;13726;6.42;0.39;314.25;13.41;1207;46;4712.00;154
12368;44;624143117;12368;333;13573;13726;6.38;0.39;314.34;13.41;1205;46;4713.00;153
12369;44;624143131;12369;335;13573;13726;6.35;0.38;314.38;13.41;1204;46;4714.00;153
12370;44;624143146;12370;333;13574;13726;6.30;0.38;314.43;13.41;1204;46;4715.00;152
12373;44;624143161;12373;342;13586;13738;6.30;0.38;314.50;13.40;1213;46;4716.00;152
12374;44;624143177;12374;348;13586;13738;6.22;0.38;314.54;13.40;1212;46;4717.00;152
12377;44;624143192;12377;350;13586;13738;6.15;0.38;314.64;13.40;1209;46;4718.00;152
12380;44;624143207;12380;352;13586;13738;6.08;0.37;314.69;13.40;1206;46;4719.00;152
12382;44;624143224;12382;360;13586;13738;6.03;0.37;314.73;13.40;1204;46;4720.00;152
12386;44;624143239;12386;359;13586;13738;5.97;0.37;314.80;13.40;1200;46;4721.00;152
12391;44;624143254;12391;373;13588;13739;5.91;0.36;314.87;13.43;1197;46;4722.00;151
12395;44;624143270;12395;375;13589;13739;5.84;0.36;314.88;13.44;1194;46;4723.00;150
12399;44;624143284;12399;377;13597;13745;5.82;0.36;314.99;13.47;1198;46;4724.00;148
12401;44;624143300;12401;382;13599;13747;5.81;0.36;315.03;13.47;1198;46;4725.00;148
12403;44;624143314;12403;386;13599;13747;5.78;0.35;315.05;13.47;1196;46;4726.00;148
12410;44;624143330;12410;390;13602;13747;5.70;0.35;315.11;13.50;1192;46;4727.00;145
12414;44;624143347;12414;393;13606;13751;5.69;0.35;315.08;13.51;1192;46;4728.00;145
12415;44;624143364;12415;401;13607;13751;5.68;0.35;315.08;13.52;1192;46;4729.00;144
12416;44;624143379;12416;406;13608;13751;5.64;0.34;315.11;13.52;1192;46;4730.00;143
12419;44;624143393;12419;408;13611;13752;5.62;0.34;315.17;13.54;1192;46;4731.00;141
12420;44;624143407;12420;418;13614;13756;5.59;0.34;315.20;13.54;1194;46;4732.00;142
12422;44;624143422;12422;421;13616;13756;5.58;0.34;315.27;13.55;1194;46;4733.00;140
12426;44;624143436;12426;425;13618;13759;5.59;0.34;315.26;13.55;1192;46;4734.00;141
12429;44;624143450;12429;428;13620;13759;5.53;0.34;315.26;13.56;1191;46;4735.00;139
12431;44;624143464;12431;426;13622;13759;5.52;0.34;315.28;13.57;1191;46;4736.00;137
12433;44;624143479;12433;430;13623;13759;5.50;0.34;315.32;13.58;1190;46;4737.00;136
12435;44;624143493;12435;433;13628;13763;5.48;0.34;315.33;13.58;1193;46;4738.00;135
12437;44;624143507;12437;441;13629;13763;5.46;0.33;315.38;13.59;1192;46;4739.00;134
12439;44;624143522;12439;440;13630;13763;5.41;0.33;315.39;13.60;1191;46;4740.00;133
12443;44;624143535;12443;436;13630;13763;5.33;0.33;315.43;13.60;1187;46;4741.00;133
12446;44;624143549;12446;434;13631;13764;5.27;0.32;315.43;13.60;1185;46;4742.00;133
12449;44;624143562;12449;436;13633;13765;5.24;0.32;315.48;13.61;1184;46;4743.00;132
12452;44;624143575;12452;435;13634;13765;5.20;0.32;315.50;13.61;1182;46;4744.00;131
12452;44;624143589;12452;440;13636;13766;5.18;0.32;315.50;13.62;1184;46;4745.00;130
12453;44;624143607;12453;443;13636;13766;5.20;0.32;315.49;13.62;1183;46;4746.00;130
12454;44;624143619;12454;446;13637;13766;5.22;0.32;315.52;13.62;1183;46;4747.00;129
12457;44;624143631;12457;455;13638;13766;5.16;0.32;315.58;13.63;1181;46;4748.00;128
12461;44;624143643;12461;459;13638;13766;5.11;0.31;315.56;13.63;1177;46;4749.00;128
12463;44;624143656;12463;458;13639;13766;5.11;0.31;315.57;13.64;1176;46;4750.00;127
12469;44;624143667;12469;469;13639;13766;4.99;0.30;315.66;13.64;1170;46;4751.00;127
12475;44;624143680;12475;486;13707;13893;5.16;0.32;315.61;13.58;1232;46;4752.00;186
12477;44;624143702;12477;481;13711;13894;5.15;0.32;315.62;13.58;1234;46;4753.00;183
12481;44;624143714;12481;476;13720;13894;5.16;0.32;315.64;13.57;1239;46;4754.00;174
12483;44;624143727;12483;479;13724;13894;5.14;0.32;315.63;13.57;1241;46;4755.00;170
12486;44;624143739;12486;474;13731;13894;5.06;0.31;315.59;13.57;1245;46;4756.00;163
12488;44;624143751;12488;478;13737;13894;4.97;0.31;315.65;13.59;1249;46;4757.00;157
12491;44;624143763;12491;486;13742;13894;4.85;0.30;315.66;13.60;1251;46;4758.00;152
12495;44;624143775;12495;490;13745;13894;4.71;0.29;315.70;13.59;1250;46;4759.00;149
12497;44;624143788;12497;484;13746;13895;4.65;0.29;315.69;13.59;1249;46;4760.00;149
12500;44;624143800;12500;495;13750;13896;4.59;0.28;315.66;13.60;1250;46;4761.00;146
12501;44;624143812;12501;501;13756;13896;4.55;0.28;315.66;13.62;1255;46;4762.00;140
12507;44;624143825;12507;505;13758;13897;4.45;0.27;315.64;13.62;1251;46;4763.00;139
12507;44;624143839;12507;515;13761;13897;4.38;0.27;315.64;13.62;1254;46;4764.00;136
12509;44;624143852;12509;524;13762;13897;4.31;0.27;315.66;13.63;1253;46;4765.00;135
12512;44;624143865;12512;524;13763;13897;4.25;0.26;315.66;13.63;1251;46;4766.00;134
12513;44;624143877;12513;529;13767;13901;4.22;0.26;315.64;13.63;1254;46;4767.00;134
12515;44;624143891;12515;532;13768;13901;4.21;0.26;315.65;13.63;1253;46;4768.00;133
12518;44;624143908;12518;541;13769;13901;4.16;0.26;315.65;13.63;1251;46;4769.00;132
12518;44;624143922;12518;534;13772;13907;4.18;0.26;315.65;13.62;1254;46;4770.00;135
12520;44;624143936;12520;529;13772;13907;4.20;0.26;315.66;13.62;1252;46;4771.00;135
12523;44;624143948;12523;540;13775;13907;4.22;0.26;315.64;13.73;1252;46;4772.00;132
12525;44;624143962;12525;537;13779;13911;4.26;0.26;315.64;13.73;1254;46;4773.00;132
12527;44;624143975;12527;539;13781;13912;4.30;0.27;315.64;13.73;1254;46;4774.00;131
12531;44;624143988;12531;543;13781;13912;4.27;0.26;315.59;13.73;1250;46;4775.00;131
12533;44;624144001;12533;546;13784;13916;4.34;0.27;315.58;13.73;1251;46;4776.00;132
12535;44;624144015;12535;548;13785;13916;4.35;0.27;315.56;13.73;1250;46;4777.00;131
12536;44;624144028;12536;549;13787;13916;4.39;0.27;315.55;13.73;1251;46;4778.00;129
12537;44;624144041;12537;542;13788;13917;4.39;0.27;315.54;13.73;1251;46;4779.00;129
12542;44;624144054;12542;537;13788;13917;4.36;0.27;315.51;13.73;1246;46;4780.00;129
12546;44;624144068;12546;531;13794;13923;4.35;0.27;315.49;13.72;1248;46;4781.00;129
12549;44;624144082;12549;517;13794;13923;4.33;0.27;315.45;13.72;1245;46;4782.00;129
12550;44;624144095;12550;511;13795;13924;4.33;0.27;315.46;13.72;1245;46;4783.00;129
12554;44;624144108;12554;506;13795;13924;4.32;0.26;315.49;13.72;1241;46;4784.00;129
12558;44;624144122;12558;513;13795;13924;4.30;0.26;315.50;13.72;1237;46;4785.00;129
12560;44;624144141;12560;506;13795;13924;4.30;0.26;315.52;13.72;1235;46;4786.00;129
12565;44;624144154;12565;506;13795;13924;4.29;0.26;315.47;13.72;1230;46;4787.00;129
12566;44;624144167;12566;508;13805;13936;4.34;0.27;315.47;13.83;1239;46;4788.00;131
12571;44;624144186;12571;510;13806;13936;4.36;0.27;315.48;13.82;1235;46;4789.00;130
12575;44;624144200;12575;508;13807;13936;4.37;0.27;315.44;13.82;1232;46;4790.00;129
12577;44;624144213;12577;506;13807;13936;4.36;0.27;315.45;13.82;1230;46;4791.00;129
12579;44;624144240;12579;500;13807;13936;4.38;0.27;315.45;13.82;1228;46;4792.00;129
12579;44;624144260;12579;499;13807;13936;4.41;0.27;315.45;13.82;1228;46;4793.00;129
12581;44;624144281;12581;492;13810;13940;4.42;0.27;315.44;13.82;1229;46;4794.00;130
12584;44;624144300;12584;495;13810;13940;4.42;0.27;315.44;13.82;1226;46;4795.00;130
12588;44;624144320;12588;493;13814;13944;4.48;0.27;315.48;13.82;1226;46;4796.00;130
12591;44;624144346;12591;492;13816;13945;4.51;0.27;315.50;13.92;1225;46;4797.00;129
12594;44;624144361;12594;484;13816;13945;4.49;0.27;315.50;13.92;1222;46;4798.00;129
12596;44;624144375;12596;481;13816;13945;4.48;0.27;315.48;13.92;1220;46;4799.00;129
12599;44;624144392;12599;482;13840;13986;4.62;0.28;315.47;13.90;1241;46;4800.00;146
12600;44;624144415;12600;477;13840;13986;4.65;0.28;315.46;13.90;1240;46;4801.00;146
12603;44;624144430;12603;469;13841;13986;4.66;0.28;315.54;13.90;1238;46;4802.00;145
12606;44;624144444;12606;467;13842;13987;4.69;0.29;315.55;13.90;1236;46;4803.00;145
12611;44;624144458;12611;468;13844;13988;4.67;0.28;315.56;13.89;1233;46;4804.00;144
12614;44;624144474;12614;465;13844;13988;4.70;0.29;315.58;13.89;1230;46;4805.00;144
12617;44;624144489;12617;471;13848;13991;4.77;0.29;315.58;13.89;1231;46;4806.00;143
12617;44;624144503;12617;457;13848;13991;4.86;0.30;315.58;13.89;1231;46;4807.00;143
12619;44;624144518;12619;458;13849;13991;4.88;0.30;315.69;13.89;1230;46;4808.00;142
12620;44;624144532;12620;451;13849;13991;4.91;0.30;315.75;13.89;1229;46;4809.00;142
12621;44;624144547;12621;446;13856;13997;4.96;0.30;315.75;13.89;1235;46;4810.00;141
12625;44;624144563;12625;440;13857;13997;4.98;0.30;315.81;13.89;1232;46;4811.00;140
12627;44;624144578;12627;444;13857;13997;5.07;0.31;315.89;13.89;1230;46;4812.00;140
12629;44;624144593;12629;441;13857;13997;5.15;0.31;315.92;13.89;1228;46;4813.00;140
12633;44;624144608;12633;443;13860;14001;5.20;0.32;315.95;13.88;1227;46;4814.00;141
12635;44;624144623;12635;445;13863;14003;5.28;0.32;315.96;13.99;1228;46;4815.00;140
12636;44;624144639;12636;439;13864;14003;5.35;0.33;315.95;13.99;1228;46;4816.00;139
12638;44;624144654;12638;424;13865;14004;5.42;0.33;316.04;13.99;1227;46;4817.00;139
12638;44;624144669;12638;416;13865;14004;5.48;0.34;316.04;13.99;1227;46;4818.00;139
12641;44;624144684;12641;407;13865;14004;5.57;0.34;316.08;13.99;1224;46;4819.00;139
12646;44;624144699;12646;399;13865;14004;5.64;0.34;316.14;13.99;1219;46;4820.00;139
12647;44;624144714;12647;393;13865;14004;5.72;0.35;316.17;13.99;1218;46;4821.00;139
12650;44;624144731;12650;393;13866;14004;5.73;0.35;316.20;13.99;1216;46;4822.00;138
12654;44;624144747;12654;383;13866;14004;5.75;0.35;316.24;13.99;1212;46;4823.00;138
12655;44;624144771;12655;389;13906;14074;5.89;0.36;316.22;13.95;1251;46;4824.00;168
12658;44;624144792;12658;381;13907;14075;5.89;0.36;316.30;13.95;1249;46;4825.00;168
12659;44;624144808;12659;378;13912;14075;6.01;0.37;316.32;13.94;1253;46;4826.00;163
12663;44;624144824;12663;376;13912;14075;6.02;0.37;316.37;13.94;1249;46;4827.00;163
12666;44;624144840;12666;369;13917;14077;6.08;0.37;316.49;13.94;1251;46;4828.00;160
12667;44;624144858;12667;361;13920;14077;6.14;0.37;316.51;13.94;1253;46;4829.00;157
12668;44;624144879;12668;362;13924;14077;6.17;0.38;316.54;14.04;1256;46;4830.00;153
12671;44;624144914;12671;365;13926;14077;6.15;0.37;316.65;14.04;1255;46;4831.00;151
12674;44;624144933;12674;366;13927;14078;6.16;0.37;316.66;14.04;1253;46;4832.00;151
12679;44;624144950;12679;363;13930;14079;6.19;0.37;316.71;14.04;1251;46;4833.00;149
12683;44;624144966;12683;362;13934;14079;6.20;0.38;316.80;14.04;1251;46;4834.00;145
12685;44;624144985;12685;365;13939;14083;6.20;0.38;316.88;14.04;1254;46;4835.00;144
12689;44;624145001;12689;363;13941;14083;6.23;0.38;316.97;14.03;1252;46;4836.00;142
12693;44;624145017;12693;370;13941;14083;6.25;0.38;317.09;14.03;1248;46;4837.00;142
12695;44;624145033;12695;371;13941;14083;6.26;0.38;317.09;14.03;1246;46;4838.00;142
12698;44;624145049;12698;371;13947;14089;6.30;0.38;317.17;14.03;1249;46;4839.00;142
12700;44;624145065;12700;372;13947;14089;6.37;0.39;317.23;14.03;1247;46;4840.00;142
12701;44;624145082;12701;372;13947;14089;6.40;0.39;317.28;14.03;1246;46;4841.00;142
12705;44;624145099;12705;374;13949;14092;6.44;0.39;317.34;14.03;1244;46;4842.00;143
12707;44;624145115;12707;376;13949;14092;6.46;0.39;317.39;14.03;1242;46;4843.00;143
12710;44;624145130;12710;375;13950;14092;6.46;0.39;317.46;14.03;1240;46;4844.00;142
12713;44;624145146;12713;375;13950;14093;6.50;0.40;317.49;14.03;1237;46;4845.00;143
12715;44;624145162;12715;369;13951;14094;6.53;0.40;317.52;14.03;1236;46;4846.00;143
12719;44;624145177;12719;370;13951;14094;6.51;0.40;317.65;14.03;1232;46;4847.00;143
12722;44;624145193;12722;375;13962;14107;6.54;0.40;317.73;14.01;1240;46;4848.00;145
12724;44;624145211;12724;371;13962;14107;6.55;0.40;317.77;14.01;1238;46;4849.00;145
12725;44;624145232;12725;371;13962;14107;6.56;0.40;317.79;14.01;1237;46;4850.00;145
12729;44;624145248;12729;366;13963;14108;6.56;0.40;317.81;14.01;1234;46;4851.00;145
12731;44;624145266;12731;371;13963;14108;6.59;0.40;317.79;14.01;1232;46;4852.00;145
12735;44;624145281;12735;367;13967;14112;6.59;0.40;317.75;14.01;1232;46;4853.00;145
12737;44;624145296;12737;363;13967;14112;6.57;0.40;317.74;14.01;1230;46;4854.00;145
12740;44;624145312;12740;366;13970;14116;6.53;0.40;317.79;14.01;1230;46;4855.00;146
12744;44;624145327;12744;362;13971;14116;6.49;0.40;317.80;14.11;1227;46;4856.00;145
12748;44;624145343;12748;362;13971;14116;6.49;0.39;317.81;14.11;1223;46;4857.00;145
12752;44;624145358;12752;353;13971;14116;6.52;0.40;317.83;14.11;1219;46;4858.00;145
12754;44;624145373;12754;355;13971;14116;6.51;0.40;317.87;14.11;1217;46;4859.00;145
12759;44;624145390;12759;342;13990;14150;6.59;0.40;317.88;14.09;1231;46;4860.00;160
12762;44;624145408;12762;338;13991;14150;6.62;0.40;317.99;14.09;1229;46;4861.00;159
12766;44;624145423;12766;338;13996;14150;6.65;0.41;318.00;14.09;1230;46;4862.00;154
12772;44;624145438;12772;329;13998;14150;6.67;0.41;318.03;14.09;1226;46;4863.00;152
12774;44;624145453;12774;329;13999;14150;6.67;0.41;318.09;14.10;1225;46;4864.00;151
12779;44;624145470;12779;328;14000;14150;6.62;0.40;318.11;14.12;1221;46;4865.00;150
12782;44;624145484;12782;332;14000;14151;6.60;0.40;318.13;14.12;1218;46;4866.00;151
12787;44;624145499;12787;330;14000;14151;6.54;0.40;318.20;14.12;1213;46;4867.00;151
12793;44;624145513;12793;334;14004;14157;6.53;0.40;318.27;14.11;1211;46;4868.00;153
12800;44;624145528;12800;334;14005;14158;6.48;0.39;318.35;14.11;1205;46;4869.00;153
12805;44;624145544;12805;330;14006;14158;6.43;0.39;318.34;14.11;1201;46;4870.00;152
12810;44;624145560;12810;338;14007;14158;6.37;0.39;318.37;14.22;1197;46;4871.00;151
12812;44;624145576;12812;335;14009;14162;6.33;0.38;318.35;14.21;1197;46;4872.00;153
12816;44;624145593;12816;343;14010;14162;6.26;0.38;318.35;14.21;1194;46;4873.00;152
12818;44;624145610;12818;347;14011;14162;6.20;0.38;318.43;14.21;1193;46;4874.00;151
12820;44;624145623;12820;346;14012;14163;6.14;0.37;318.45;14.21;1192;46;4875.00;151
12824;44;624145637;12824;344;14015;14167;6.05;0.37;318.49;14.21;1191;46;4876.00;152
12827;44;624145651;12827;338;14015;14167;6.02;0.37;318.50;14.21;1188;47;4877.00;152
12828;44;624145673;12828;340;14018;14170;5.96;0.36;318.49;14.21;1190;47;4878.00;152
12831;44;624145687;12831;345;14019;14170;5.92;0.36;318.52;14.21;1188;47;4879.00;151
12834;44;624145700;12834;352;14019;14170;5.89;0.36;318.52;14.21;1185;47;4880.00;151
12839;44;624145713;12839;351;14019;14170;5.84;0.35;318.52;14.21;1180;47;4881.00;151
12840;44;624145727;12840;363;14023;14174;5.82;0.35;318.54;14.20;1183;47;4882.00;151
12843;44;624145740;12843;361;14023;14174;5.81;0.35;318.62;14.20;1180;47;4883.00;151
12846;44;624145754;12846;354;14023;14174;5.76;0.35;318.68;14.20;1177;47;4884.00;151
12848;44;624145767;12848;357;14023;14174;5.73;0.35;318.70;14.20;1175;47;4885.00;151
12851;44;624145779;12851;362;14024;14175;5.70;0.35;318.78;14.21;1173;47;4886.00;151
12853;44;624145792;12853;372;14025;14176;5.68;0.35;318.82;14.21;1172;47;4887.00;151
12854;44;624145804;12854;372;14025;14176;5.66;0.34;318.83;14.21;1171;47;4888.00;151
12857;44;624145822;12857;376;14026;14177;5.64;0.34;318.86;14.21;1169;47;4889.00;151
12860;44;624145837;12860;382;14027;14177;5.57;0.34;318.91;14.22;1167;47;4890.00;150
12861;44;624145850;12861;396;14027;14177;5.54;0.34;318.94;14.22;1166;47;4891.00;150
12864;44;624145862;12864;403;14028;14177;5.42;0.33;318.98;14.23;1164;47;4892.00;149
12865;44;624145874;12865;408;14029;14177;5.38;0.33;318.98;14.24;1164;47;4893.00;148
12871;44;624145887;12871;408;14030;14177;5.29;0.32;319.11;14.25;1159;47;4894.00;147
12873;44;624145900;12873;414;14032;14177;5.25;0.32;319.21;14.26;1159;47;4895.00;145
12875;44;624145912;12875;436;14096;14304;5.50;0.34;319.23;14.20;1221;47;4896.00;208
12877;44;624145934;12877;424;14101;14305;5.47;0.34;319.25;14.21;1224;47;4897.00;204
12878;44;624145947;12878;423;14110;14305;5.46;0.34;319.29;14.21;1232;47;4898.00;195
12881;44;624145959;12881;436;14114;14305;5.37;0.33;319.32;14.22;1233;47;4899.00;191
12884;44;624145973;12884;441;14120;14305;5.33;0.33;319.42;14.22;1236;47;4900.00;185
12887;44;624145989;12887;435;14123;14305;5.26;0.33;319.44;14.23;1236;47;4901.00;182
12890;44;624146002;12890;438;14125;14305;5.25;0.33;319.40;14.23;1235;47;4902.00;180
12892;44;624146015;12892;443;14129;14305;5.22;0.32;319.43;14.24;1237;47;4903.00;176
12895;44;624146027;12895;454;14132;14306;5.21;0.32;319.41;14.24;1237;47;4904.00;174
12897;44;624146040;12897;462;14137;14308;5.20;0.32;319.38;14.25;1240;47;4905.00;171
12899;44;624146053;12899;461;14141;14308;5.20;0.32;319.39;14.27;1242;47;4906.00;167
12900;44;624146065;12900;462;14143;14309;5.13;0.32;319.39;14.26;1243;47;4907.00;166
12903;44;624146077;12903;472;14148;14309;5.02;0.31;319.41;14.28;1245;47;4908.00;161
12906;44;624146090;12906;481;14149;14309;4.91;0.30;319.36;14.28;1243;47;4909.00;160
12908;44;624146102;12908;479;14151;14309;4.88;0.30;319.40;14.28;1243;47;4910.00;158
12911;44;624146115;12911;488;14158;14313;4.82;0.30;319.41;14.29;1247;47;4911.00;155
12915;44;624146128;12915;481;14160;14313;4.73;0.29;319.50;14.29;1245;47;4912.00;153
12919;44;624146141;12919;487;14162;14313;4.66;0.29;319.52;14.29;1243;47;4913.00;151
12920;44;624146154;12920;490;14163;14316;4.66;0.29;319.50;14.29;1243;47;4914.00;153
12921;44;624146167;12921;496;14169;14316;4.63;0.29;319.48;14.33;1248;47;4915.00;147
12924;44;624146179;12924;503;14171;14316;4.60;0.28;319.45;14.33;1247;47;4916.00;145
12925;44;624146192;12925;520;14174;14320;4.55;0.28;319.43;14.34;1249;47;4917.00;146
12926;44;624146205;12926;526;14176;14321;4.48;0.28;319.41;14.35;1250;47;4918.00;145
12927;44;624146217;12927;528;14178;14321;4.45;0.27;319.43;14.36;1251;47;4919.00;143
12930;44;624146238;12930;534;14185;14326;4.42;0.27;319.43;14.37;1255;47;4920.00;141
12931;44;624146261;12931;540;14185;14326;4.40;0.27;319.45;14.37;1254;47;4921.00;141
12933;44;624146280;12933;551;14186;14326;4.37;0.27;319.43;14.38;1253;47;4922.00;140
12937;44;624146297;12937;560;14188;14327;4.31;0.27;319.39;14.39;1251;47;4923.00;139
12942;44;624146315;12942;557;14189;14327;4.26;0.26;319.37;14.40;1247;47;4924.00;138
12946;44;624146333;12946;560;14195;14333;4.26;0.26;319.36;14.39;1249;47;4925.00;138
12950;44;624146349;12950;558;14195;14333;4.14;0.26;319.39;14.39;1245;47;4926.00;138
12955;44;624146363;12955;564;14196;14334;4.06;0.25;319.35;14.40;1241;47;4927.00;138
12960;44;624146376;12960;570;14197;14334;3.90;0.24;319.33;14.41;1237;47;4928.00;137
12964;44;624146388;12964;586;14197;14334;3.81;0.23;319.40;14.41;1233;47;4929.00;137
12966;44;624146401;12966;588;14198;14334;3.72;0.23;319.43;14.42;1232;47;4930.00;136
12969;44;624146414;12969;582;14199;14334;3.62;0.22;319.44;14.43;1230;47;4931.00;135
12969;44;624146426;12969;564;14210;14346;3.68;0.23;319.44;14.43;1241;47;4932.00;136
12972;44;624146439;12972;562;14211;14346;3.67;0.23;319.40;14.44;1239;47;4933.00;135
12977;44;624146451;12977;560;14211;14346;3.68;0.23;319.41;14.44;1234;47;4934.00;135
12980;44;624146464;12980;556;14212;14346;3.73;0.23;319.38;14.44;1232;47;4935.00;134
12982;44;624146478;12982;554;14212;14346;3.80;0.23;319.39;14.44;1230;47;4936.00;134
12985;44;624146491;12985;551;14212;14346;3.85;0.24;319.39;14.44;1227;47;4937.00;134
12986;44;624146511;12986;545;14213;14350;3.94;0.24;319.37;14.44;1227;47;4938.00;137
12990;45;624146525;12990;535;14213;14350;4.02;0.25;319.37;14.44;1223;48;4939.00;137
12991;45;624146555;12991;538;14217;14354;4.17;0.25;319.38;14.44;1226;48;4940.00;137
12995;45;624146570;12995;523;14218;14355;4.23;0.26;319.41;14.44;1223;48;4941.00;137
12998;45;624146584;12998;519;14218;14355;4.34;0.26;319.45;14.44;1220;48;4942.00;137
12999;45;624146598;12999;519;14218;14355;4.41;0.27;319.44;14.44;1219;48;4943.00;137
13001;45;624146611;13001;510;14229;14368;4.58;0.28;319.45;14.43;1228;48;4944.00;139
13003;45;624146626;13003;503;14229;14368;4.68;0.29;319.44;14.43;1226;48;4945.00;139
13005;46;624146640;13005;499;14229;14368;4.76;0.29;319.42;14.43;1224;49;4946.00;139
13007;46;624146665;13007;497;14230;14369;4.80;0.29;319.43;14.43;1223;49;4947.00;139
13009;46;624146679;13009;494;14230;14370;4.86;0.30;319.42;14.43;1221;49;4948.00;140
13012;46;624146693;13012;487;14230;14370;4.89;0.30;319.40;14.43;1218;49;4949.00;140
13015;46;624146708;13015;483;14236;14379;4.91;0.30;319.41;14.42;1221;49;4950.00;143
13019;46;624146723;13019;473;14237;14379;4.93;0.30;319.44;14.42;1218;49;4951.00;142
13023;46;624146737;13023;474;14239;14379;4.96;0.30;319.47;14.42;1216;49;4952.00;140
13028;46;624146751;13028;465;14239;14379;4.92;0.30;319.58;14.42;1211;49;4953.00;140
13031;46;624146766;13031;470;14244;14385;4.99;0.30;319.60;14.42;1213;49;4954.00;141
13035;46;624146781;13035;457;14245;14385;5.01;0.31;319.68;14.42;1210;49;4955.00;140
13039;46;624146795;13039;453;14245;14385;5.03;0.31;319.71;14.42;1206;49;4956.00;140
13043;46;624146809;13043;454;14245;14385;5.06;0.31;319.72;14.42;1202;49;4957.00;140
13048;46;624146822;13048;453;14246;14389;5.04;0.31;319.77;14.42;1198;49;4958.00;143
13050;46;624146837;13050;450;14247;14390;5.08;0.31;319.76;14.42;1197;49;4959.00;143
13053;46;624146851;13053;455;14247;14390;5.09;0.31;319.76;14.42;1194;49;4960.00;143
13055;46;624146865;13055;454;14248;14391;5.11;0.31;319.75;14.42;1193;49;4961.00;143
13057;46;624146878;13057;457;14248;14391;5.06;0.31;319.75;14.42;1191;49;4962.00;143
13058;46;624146892;13058;455;14248;14391;5.05;0.31;319.73;14.42;1190;49;4963.00;143
13063;46;624146906;13063;459;14248;14391;5.02;0.31;319.73;14.42;1185;49;4964.00;143
13066;46;624146921;13066;457;14248;14391;5.01;0.31;319.75;14.42;1182;49;4965.00;143
13068;46;624146935;13068;452;14248;14391;5.06;0.31;319.74;14.42;1180;49;4966.00;143
13070;46;624146955;13070;456;14248;14391;5.08;0.31;319.76;14.42;1178;49;4967.00;143
13073;46;624146970;13073;469;14290;14461;5.14;0.32;319.81;14.37;1217;49;4968.00;171
13078;46;624146989;13078;454;14290;14462;5.15;0.32;319.81;14.37;1212;49;4969.00;172
13082;46;624147004;13082;454;14295;14462;5.22;0.32;319.84;14.37;1213;49;4970.00;167
13083;46;624147018;13083;449;14297;14462;5.29;0.32;319.83;14.37;1214;49;4971.00;165
13083;46;624147033;13083;443;14299;14462;5.34;0.33;319.83;14.37;1216;49;4972.00;163
13086;46;624147047;13086;436;14301;14462;5.39;0.33;319.79;14.36;1215;49;4973.00;161
13089;46;624147061;13089;437;14305;14462;5.47;0.33;319.82;14.47;1216;49;4974.00;157
13089;46;624147076;13089;433;14307;14462;5.51;0.34;319.82;14.47;1218;49;4975.00;155
13090;46;624147090;13090;433;14309;14463;5.52;0.34;319.82;14.47;1219;49;4976.00;154
13097;46;624147105;13097;420;14311;14464;5.49;0.33;319.88;14.47;1214;49;4977.00;153
13099;46;624147121;13099;422;14313;14464;5.49;0.33;319.92;14.47;1214;49;4978.00;151
13103;46;624147136;13103;417;14316;14468;5.52;0.34;319.99;14.47;1213;49;4979.00;152
13108;46;624147153;13108;416;14317;14468;5.51;0.34;320.10;14.47;1209;49;4980.00;151
13110;46;624147169;13110;415;14317;14468;5.56;0.34;320.11;14.47;1207;49;4981.00;151
13115;46;624147183;13115;422;14317;14468;5.58;0.34;320.06;14.47;1202;49;4982.00;151
13119;46;624147198;13119;434;14323;14474;5.57;0.34;320.08;14.47;1204;49;4983.00;151
13122;46;624147222;13122;447;14323;14474;5.51;0.34;320.13;14.47;1201;49;4984.00;151
13124;46;624147240;13124;453;14324;14474;5.44;0.33;320.17;14.47;1200;49;4985.00;150
13128;46;624147255;13128;447;14326;14477;5.44;0.33;320.20;14.47;1198;49;4986.00;151
13130;46;624147271;13130;448;14327;14477;5.45;0.33;320.24;14.47;1197;49;4987.00;150
13131;46;624147285;13131;435;14329;14477;5.48;0.33;320.29;14.47;1198;49;4988.00;148
13134;46;624147300;13134;425;14329;14478;5.52;0.34;320.37;14.47;1195;49;4989.00;149
13137;46;624147314;13137;418;14331;14479;5.58;0.34;320.48;14.47;1194;49;4990.00;148
13139;46;624147328;13139;426;14333;14479;5.62;0.34;320.56;14.59;1194;49;4991.00;146
13141;46;624147343;13141;424;14344;14492;5.70;0.35;320.65;14.57;1203;49;4992.00;148
13144;46;624147358;13144;422;14345;14492;5.74;0.35;320.70;14.58;1201;49;4993.00;147
13146;46;624147372;13146;422;14345;14492;5.74;0.35;320.78;14.58;1199;49;4994.00;147
13148;46;624147387;13148;427;14347;14494;5.81;0.35;320.76;14.58;1199;49;4995.00;147
13153;46;624147401;13153;429;14348;14494;5.83;0.35;320.78;14.58;1195;49;4996.00;146
13154;46;624147416;13154;420;14352;14498;5.92;0.36;320.81;14.58;1198;49;4997.00;146
13157;46;624147431;13157;419;14353;14498;5.96;0.36;320.81;14.58;1196;49;4998.00;145
13160;46;624147445;13160;413;14355;14502;5.99;0.36;320.89;14.58;1195;49;4999.00;147
13163;46;624147461;13163;413;14356;14502;6.02;0.37;320.96;14.58;1193;49;5000.00;146
13163;46;624147480;13163;415;14357;14502;6.06;0.37;320.96;14.58;1194;49;5001.00;145
13165;46;624147494;13165;410;14357;14502;6.08;0.37;320.93;14.58;1192;49;5002.00;145
13168;46;624147508;13168;412;14358;14502;6.11;0.37;320.98;14.68;1190;49;5003.00;144
13169;46;624147523;13169;409;14368;14514;6.19;0.38;320.97;14.67;1199;49;5004.00;146
13172;46;624147538;13172;405;14368;14514;6.22;0.38;321.02;14.67;1196;49;5005.00;146
13174;46;624147552;13174;406;14370;14514;6.23;0.38;321.05;14.67;1196;49;5006.00;144
13175;46;624147566;13175;404;14371;14514;6.23;0.38;321.09;14.78;1196;49;5007.00;143
13178;46;624147580;13178;406;14371;14514;6.22;0.38;321.09;14.78;1193;49;5008.00;143
13181;46;624147595;13181;408;14371;14514;6.22;0.38;321.08;14.78;1190;49;5009.00;143
13184;46;624147611;13184;400;14371;14515;6.23;0.38;321.15;14.78;1187;49;5010.00;144
13186;46;624147638;13186;405;14371;14515;6.23;0.38;321.19;14.78;1185;49;5011.00;144
13189;46;624147658;13189;405;14376;14521;6.23;0.38;321.26;14.77;1187;49;5012.00;145
13190;46;624147673;13190;407;14378;14522;6.26;0.38;321.26;14.87;1188;49;5013.00;144
13191;46;624147687;13191;409;14378;14522;6.23;0.38;321.27;14.87;1187;49;5014.00;144
13193;46;624147701;13193;403;14378;14522;6.18;0.37;321.31;14.87;1185;49;5015.00;144
13195;46;624147715;13195;403;14381;14526;6.17;0.37;321.36;14.87;1186;49;5016.00;145
13197;46;624147729;13197;402;14381;14526;6.19;0.37;321.40;14.87;1184;49;5017.00;145
13198;46;624147743;13198;404;14381;14526;6.16;0.37;321.40;14.87;1183;49;5018.00;145
13199;46;624147757;13199;402;14382;14527;6.17;0.37;321.46;14.87;1183;49;5019.00;145
13204;46;624147770;13204;397;14383;14531;6.14;0.37;321.57;14.87;1179;49;5020.00;148
13208;46;624147785;13208;399;14383;14531;6.10;0.37;321.62;14.87;1175;49;5021.00;148
13211;46;624147798;13211;391;14385;14534;6.10;0.37;321.70;14.87;1174;49;5022.00;149
13212;46;624147813;13212;385;14386;14534;6.11;0.37;321.69;14.97;1174;49;5023.00;148
13213;46;624147826;13213;389;14387;14534;6.10;0.37;321.69;14.96;1174;49;5024.00;147
13215;46;624147839;13215;384;14387;14534;6.12;0.37;321.78;14.96;1172;49;5025.00;147
13217;46;624147853;13217;382;14391;14538;6.21;0.38;321.84;14.96;1174;49;5026.00;147
13220;46;624147867;13220;376;14391;14538;6.22;0.38;321.86;14.96;1171;49;5027.00;147
13222;46;624147880;13222;374;14391;14538;6.21;0.38;321.86;14.96;1169;49;5028.00;147
13224;46;624147894;13224;365;14391;14538;6.21;0.38;321.89;14.96;1167;49;5029.00;147
13228;46;624147908;13228;358;14391;14539;6.20;0.38;321.94;14.96;1163;49;5030.00;148
13231;46;624147921;13231;361;14392;14540;6.20;0.38;321.96;14.96;1161;49;5031.00;148
13232;46;624147934;13232;357;14392;14540;6.20;0.38;321.96;14.96;1160;49;5032.00;148
13235;46;624147947;13235;358;14393;14541;6.23;0.38;322.02;14.96;1158;49;5033.00;148
13237;46;624147961;13237;360;14394;14541;6.27;0.38;322.09;14.97;1157;49;5034.00;147
13238;46;624147976;13238;361;14394;14541;6.29;0.38;322.09;14.97;1156;49;5035.00;147
13241;46;624147989;13241;355;14395;14541;6.29;0.38;322.11;14.99;1154;49;5036.00;146
13243;46;624148002;13243;355;14395;14541;6.26;0.38;322.12;14.99;1152;49;5037.00;146
13249;46;624148015;13249;353;14395;14541;6.14;0.37;322.13;14.99;1146;49;5038.00;146
13253;46;624148029;13253;359;14395;14541;6.08;0.37;322.19;14.99;1142;49;5039.00;146
13255;46;624148043;13255;373;14479;14771;6.34;0.40;322.18;14.90;1224;49;5040.00;292
13257;46;624148073;13257;369;14483;14772;6.29;0.39;322.18;14.90;1226;49;5041.00;289
13259;46;624148086;13259;369;14493;14772;6.33;0.40;322.17;14.89;1234;49;5042.00;279
13261;46;624148100;13261;368;14496;14772;6.30;0.39;322.20;14.88;1235;49;5043.00;276
13265;46;624148115;13265;367;14504;14772;6.31;0.39;322.21;14.88;1239;49;5044.00;268
13267;46;624148130;13267;368;14509;14772;6.25;0.39;322.21;14.88;1242;49;5045.00;263
13271;46;624148143;13271;365;14514;14772;6.22;0.39;322.27;14.87;1243;49;5046.00;258
13273;46;624148157;13273;367;14521;14772;6.24;0.39;322.29;14.87;1248;49;5047.00;251
13275;46;624148171;13275;375;14529;14773;6.21;0.38;322.34;14.86;1254;49;5048.00;244
13279;46;624148184;13279;372;14534;14774;6.17;0.38;322.40;14.86;1255;49;5049.00;240
13281;46;624148198;13281;380;14539;14774;6.10;0.38;322.41;14.86;1258;49;5050.00;235
13284;46;624148212;13284;388;14543;14775;6.08;0.38;322.40;14.86;1259;49;5051.00;232
13289;46;624148239;13289;393;14546;14775;6.03;0.37;322.42;14.86;1257;49;5052.00;229
13292;46;624148261;13292;395;14547;14775;6.03;0.37;322.40;14.86;1255;49;5053.00;228
13295;46;624148285;13295;397;14553;14775;6.00;0.37;322.43;14.86;1258;49;5054.00;222
13295;46;624148306;13295;397;14557;14779;5.98;0.37;322.43;14.86;1262;49;5055.00;222
13297;46;624148337;13297;404;14560;14779;5.97;0.37;322.45;14.86;1263;49;5056.00;219
13297;46;624148353;13297;411;14565;14779;5.97;0.37;322.45;14.86;1268;49;5057.00;214
13298;46;624148368;13298;423;14566;14782;5.92;0.36;322.43;14.86;1268;49;5058.00;216
13298;46;624148384;13298;426;14569;14782;5.88;0.36;322.43;14.86;1271;49;5059.00;213
13301;46;624148399;13301;429;14572;14782;5.83;0.36;322.39;14.86;1271;49;5060.00;210
13302;46;624148422;13302;436;14576;14786;5.80;0.36;322.37;14.88;1274;49;5061.00;210
13304;46;624148443;13304;441;14579;14787;5.73;0.35;322.38;14.88;1275;49;5062.00;208
13306;46;624148459;13306;451;14582;14787;5.68;0.35;322.35;14.90;1276;49;5063.00;205
13309;46;624148475;13309;454;14584;14791;5.67;0.35;322.33;14.90;1275;49;5064.00;207
13313;46;624148491;13313;467;14589;14791;5.58;0.34;322.36;14.90;1276;49;5065.00;202
13315;46;624148506;13315;473;14590;14791;5.50;0.34;322.38;14.92;1275;49;5066.00;201
13319;46;624148520;13319;480;14593;14792;5.40;0.33;322.36;14.92;1274;49;5067.00;199
13322;46;624148535;13322;481;14597;14792;5.31;0.33;322.39;14.94;1275;49;5068.00;195
13325;46;624148550;13325;491;14604;14798;5.28;0.32;322.43;14.94;1279;49;5069.00;194
13326;46;624148567;13326;503;14607;14798;5.18;0.32;322.42;14.95;1281;49;5070.00;191
13327;46;624148581;13327;508;14608;14799;5.12;0.31;322.41;14.97;1281;49;5071.00;191
13332;46;624148595;13332;511;14609;14799;4.99;0.30;322.37;14.98;1277;49;5072.00;190
13332;46;624148610;13332;522;14610;14799;4.87;0.30;322.37;14.99;1278;49;5073.00;189
13333;46;624148625;13333;536;14613;14799;4.73;0.29;322.38;15.01;1280;49;5074.00;186
13334;46;624148638;13334;545;14613;14799;4.60;0.28;322.36;15.01;1279;49;5075.00;186
13336;47;624148652;13336;561;14622;14811;4.56;0.28;322.39;15.00;1286;50;5076.00;189
13337;47;624148679;13337;563;14625;14811;4.45;0.27;322.38;15.03;1288;50;5077.00;186
13338;47;624148696;13338;565;14627;14811;4.41;0.27;322.39;15.04;1289;50;5078.00;184
13339;47;624148709;13339;568;14629;14811;4.35;0.27;322.39;15.05;1290;50;5079.00;182
13341;47;624148723;13341;566;14630;14811;4.33;0.27;322.38;15.05;1289;50;5080.00;181
13341;47;624148736;13341;568;14632;14811;4.32;0.27;322.38;15.07;1291;50;5081.00;179
13342;47;624148749;13342;578;14634;14815;4.31;0.27;322.37;15.08;1292;50;5082.00;181
13345;47;624148764;13345;558;14635;14815;4.32;0.27;322.39;15.09;1290;50;5083.00;180
13349;47;624148777;13349;551;14639;14819;4.33;0.27;322.34;15.09;1290;50;5084.00;180
13351;47;624148797;13351;549;14642;14821;4.31;0.26;322.31;15.11;1291;50;5085.00;179
13353;47;624148810;13353;546;14642;14821;4.29;0.26;322.29;15.11;1289;50;5086.00;179
13354;47;624148823;13354;539;14642;14821;4.31;0.26;322.28;15.11;1288;50;5087.00;179
13355;47;624148838;13355;538;14655;14834;4.37;0.27;322.25;15.12;1300;50;5088.00;179
13355;47;624148853;13355;535;14655;14834;4.42;0.27;322.25;15.12;1300;50;5089.00;179
13357;47;624148875;13357;537;14655;14834;4.46;0.27;322.26;15.12;1298;50;5090.00;179
13359;47;624148889;13359;531;14658;14835;4.48;0.27;322.25;15.14;1299;50;5091.00;177
13359;47;624148903;13359;534;14658;14836;4.45;0.27;322.25;15.14;1299;50;5092.00;178
13360;47;624148923;13360;535;14660;14836;4.46;0.27;322.24;15.16;1300;50;5093.00;176
13363;47;624148938;13363;534;14665;14839;4.49;0.27;322.22;15.17;1302;50;5094.00;174
13367;47;624148954;13367;534;14667;14839;4.49;0.27;322.19;15.18;1300;50;5095.00;172
13368;47;624148970;13368;530;14667;14839;4.51;0.27;322.19;15.18;1299;50;5096.00;172
13372;47;624148986;13372;533;14667;14839;4.44;0.27;322.16;15.18;1295;50;5097.00;172
13374;47;624149001;13374;535;14674;14845;4.48;0.27;322.16;15.20;1300;50;5098.00;171
13375;47;624149015;13375;531;14674;14845;4.48;0.27;322.15;15.20;1299;50;5099.00;171
13378;47;624149033;13378;528;14680;14864;4.44;0.27;322.16;15.21;1302;50;5100.00;184
13378;47;624149054;13378;519;14680;14864;4.45;0.27;322.16;15.21;1302;50;5101.00;184
13382;47;624149067;13382;521;14681;14868;4.43;0.27;322.13;15.21;1299;50;5102.00;187
13385;47;624149081;13385;517;14684;14869;4.43;0.27;322.13;15.22;1299;50;5103.00;185
13388;47;624149096;13388;518;14684;14869;4.44;0.27;322.11;15.22;1296;50;5104.00;185
13391;47;624149113;13391;517;14689;14870;4.44;0.27;322.18;15.23;1298;50;5105.00;181
13392;47;624149128;13392;512;14690;14870;4.47;0.27;322.16;15.23;1298;50;5106.00;180
13397;47;624149142;13397;508;14691;14870;4.49;0.27;322.19;15.24;1294;50;5107.00;179
13400;47;624149156;13400;501;14691;14870;4.55;0.28;322.19;15.24;1291;50;5108.00;179
13402;47;624149172;13402;498;14693;14870;4.61;0.28;322.21;15.25;1291;50;5109.00;177
13405;47;624149186;13405;499;14693;14870;4.67;0.29;322.20;15.25;1288;50;5110.00;177
13406;47;624149200;13406;496;14697;14870;4.78;0.29;322.25;15.26;1291;50;5111.00;173
13408;47;624149214;13408;500;14729;14940;4.96;0.30;322.25;15.23;1321;50;5112.00;211
13412;47;624149235;13412;500;14733;14941;5.06;0.31;322.26;15.22;1321;50;5113.00;208
13413;47;624149251;13413;494;14739;14941;5.16;0.32;322.27;15.22;1326;50;5114.00;202
13417;47;624149266;13417;492;14741;14941;5.20;0.32;322.26;15.22;1324;50;5115.00;200
13422;47;624149281;13422;499;14744;14941;5.22;0.32;322.32;15.21;1322;50;5116.00;197
13426;47;624149296;13426;495;14747;14941;5.24;0.32;322.35;15.21;1321;50;5117.00;194
13431;47;624149310;13431;496;14751;14941;5.28;0.32;322.40;15.21;1320;50;5118.00;190
13435;47;624149324;13435;502;14752;14941;5.33;0.33;322.43;15.21;1317;50;5119.00;189
13443;47;624149344;13443;499;14754;14942;5.34;0.33;322.51;15.21;1311;50;5120.00;188
13447;47;624149359;13447;501;14756;14943;5.36;0.33;322.54;15.21;1309;50;5121.00;187
13450;47;624149374;13450;500;14760;14943;5.35;0.33;322.66;15.21;1310;50;5122.00;183
13454;47;624149393;13454;498;14764;14947;5.34;0.33;322.71;15.21;1310;50;5123.00;183
13455;47;624149408;13455;503;14765;14947;5.37;0.33;322.69;15.20;1310;50;5124.00;182
13460;47;624149424;13460;508;14766;14947;5.29;0.32;322.76;15.21;1306;50;5125.00;181
13463;47;624149459;13463;498;14766;14947;5.26;0.32;322.76;15.21;1303;50;5126.00;181
13466;47;624149493;13466;506;14770;14953;5.27;0.32;322.79;15.21;1304;50;5127.00;183
13471;47;624149520;13471;509;14772;14953;5.20;0.32;322.84;15.21;1301;50;5128.00;181
13473;47;624149549;13473;515;14773;14953;5.17;0.32;322.92;15.21;1300;50;5129.00;180
13479;47;624149568;13479;512;14775;14959;5.18;0.32;322.90;15.21;1296;50;5130.00;184
13484;47;624149587;13484;514;14778;14959;5.17;0.32;323.03;15.22;1294;50;5131.00;181
13489;48;624149604;13489;517;14781;14959;5.20;0.32;323.08;15.23;1292;51;5132.00;178
13492;48;624149632;13492;516;14783;14960;5.23;0.32;323.11;15.23;1291;51;5133.00;177
13498;48;624149654;13498;509;14786;14961;5.24;0.32;323.10;15.23;1288;51;5134.00;175
13501;48;624149679;13501;507;14786;14961;5.25;0.32;323.10;15.23;1285;51;5135.00;175
13506;48;624149696;13506;506;14797;14974;5.28;0.32;323.12;15.22;1291;51;5136.00;177
13510;48;624149714;13510;503;14798;14974;5.34;0.32;323.19;15.22;1288;51;5137.00;176
13514;48;624149730;13514;505;14798;14974;5.33;0.32;323.29;15.22;1284;51;5138.00;176
13518;48;624149747;13518;507;14801;14975;5.33;0.32;323.28;15.23;1283;51;5139.00;174
13524;48;624149762;13524;503;14802;14975;5.29;0.32;323.41;15.23;1278;51;5140.00;173
13528;48;624149779;13528;501;14807;14979;5.30;0.32;323.44;15.23;1279;51;5141.00;172
13529;48;624149801;13529;504;14807;14979;5.28;0.32;323.46;15.23;1278;51;5142.00;172
13534;48;624149823;13534;505;14810;14983;5.23;0.32;323.49;15.33;1276;51;5143.00;173
13538;48;624149842;13538;504;14810;14983;5.20;0.32;323.56;15.33;1272;51;5144.00;173
13542;48;624149857;13542;499;14811;14983;5.16;0.31;323.57;15.34;1269;51;5145.00;172
13545;48;624149877;13545;504;14811;14983;5.14;0.31;323.63;15.34;1266;51;5146.00;172
13549;48;624149893;13549;485;14811;14983;5.12;0.31;323.76;15.34;1262;51;5147.00;172
13550;48;624149921;13550;478;14820;14995;5.15;0.31;323.77;15.34;1270;51;5148.00;175
13553;48;624149943;13553;476;14822;14995;5.15;0.31;323.86;15.35;1269;51;5149.00;173
13557;48;624149960;13557;471;14825;14995;5.17;0.31;323.91;15.35;1268;51;5150.00;170
13559;48;624149978;13559;467;14825;14995;5.20;0.31;323.93;15.35;1266;51;5151.00;170
13562;48;624149996;13562;468;14825;14995;5.18;0.31;323.97;15.35;1263;51;5152.00;170
13564;48;624150019;13564;470;14827;14995;5.19;0.31;324.03;15.36;1263;51;5153.00;168
13568;48;624150042;13568;468;14827;14996;5.20;0.32;324.13;15.36;1259;51;5154.00;169
13570;48;624150060;13570;477;14832;14998;5.23;0.32;324.11;15.38;1262;51;5155.00;166
13572;48;624150086;13572;466;14838;15004;5.32;0.32;324.16;15.38;1266;51;5156.00;166
13575;48;624150109;13575;446;14839;15005;5.38;0.33;324.16;15.38;1264;51;5157.00;166
13576;48;624150124;13576;434;14842;15005;5.44;0.33;324.21;15.49;1266;51;5158.00;163
13578;48;624150142;13578;432;14842;15005;5.50;0.33;324.22;15.49;1264;51;5159.00;163
13581;49;624150162;13581;422;14846;15010;5.60;0.34;324.29;15.49;1265;52;5160.00;164
13584;49;624150191;13584;425;14848;15010;5.64;0.34;324.35;15.49;1264;52;5161.00;162
13588;49;624150209;13588;422;14848;15010;5.63;0.34;324.39;15.49;1260;52;5162.00;162
13590;49;624150229;13590;426;14849;15011;5.69;0.35;324.37;15.49;1259;52;5163.00;162
13594;49;624150255;13594;428;14851;15015;5.72;0.35;324.47;15.60;1257;52;5164.00;164
13597;49;624150280;13597;419;14855;15015;5.74;0.35;324.54;15.61;1258;52;5165.00;160
13600;49;624150306;13600;420;14857;15018;5.76;0.35;324.59;15.60;1257;52;5166.00;161
13603;49;624150335;13603;420;14860;15018;5.79;0.35;324.71;15.61;1257;52;5167.00;158
13605;49;624150360;13605;419;14861;15018;5.80;0.35;324.70;15.61;1256;52;5168.00;157
13607;49;624150387;13607;423;14862;15018;5.81;0.35;324.70;15.61;1255;52;5169.00;156
13609;49;624150408;13609;421;14867;15022;5.87;0.36;324.70;15.61;1258;52;5170.00;155
13610;49;624150426;13610;423;14868;15022;5.89;0.36;324.69;15.71;1258;52;5171.00;154
13612;49;624150447;13612;417;14869;15022;5.89;0.36;324.77;15.71;1257;52;5172.00;153
13614;49;624150468;13614;421;14870;15022;5.85;0.36;324.85;15.71;1256;52;5173.00;152
13614;49;624150489;13614;419;14870;15023;5.85;0.36;324.85;15.71;1256;52;5174.00;153
13617;49;624150508;13617;418;14872;15025;5.82;0.35;324.91;15.71;1255;52;5175.00;153
13618;49;624150528;13618;422;14872;15025;5.83;0.36;324.94;15.71;1254;52;5176.00;153
13624;49;624150555;13624;426;14873;15026;5.80;0.35;325.05;15.71;1249;52;5177.00;153
13625;49;624150576;13625;430;14874;15026;5.79;0.35;325.10;15.81;1249;52;5178.00;152
13630;49;624150596;13630;433;14874;15026;5.77;0.35;325.11;15.81;1244;52;5179.00;152
13632;49;624150615;13632;428;14874;15026;5.82;0.35;325.12;15.81;1242;52;5180.00;152
13634;49;624150635;13634;426;14874;15026;5.81;0.35;325.18;15.81;1240;52;5181.00;152
13635;49;624150656;13635;428;14875;15026;5.83;0.36;325.22;15.92;1240;52;5182.00;151
13638;49;624150674;13638;425;14875;15026;5.83;0.36;325.24;15.92;1237;52;5183.00;151
13641;49;624150694;13641;449;14943;15153;5.91;0.36;325.26;15.84;1302;52;5184.00;210
13644;49;624150729;13644;436;14944;15154;5.91;0.36;325.24;15.95;1300;52;5185.00;210
13645;49;624150754;13645;430;14951;15154;6.05;0.37;325.27;15.94;1306;52;5186.00;203
13647;49;624150772;13647;424;14952;15154;6.13;0.38;325.35;15.94;1305;52;5187.00;202
13650;49;624150794;13650;427;14958;15154;6.17;0.38;325.42;15.94;1308;52;5188.00;196
13653;49;624150813;13653;429;14961;15154;6.19;0.38;325.44;15.93;1308;52;5189.00;193
13654;49;624150835;13654;431;14966;15154;6.24;0.38;325.49;16.04;1312;52;5190.00;188
13655;49;624150854;13655;440;14970;15154;6.28;0.39;325.53;16.03;1315;52;5191.00;184
13658;49;624150874;13658;446;14972;15155;6.24;0.38;325.59;16.03;1314;52;5192.00;183
13660;49;624150895;13660;449;14976;15156;6.23;0.38;325.58;16.03;1316;52;5193.00;180
13667;49;624150915;13667;449;14980;15156;6.17;0.38;325.56;16.14;1313;52;5194.00;176
13671;49;624150937;13671;453;14982;15157;6.14;0.38;325.58;16.14;1311;52;5195.00;175
13675;49;624150958;13675;466;14983;15157;6.14;0.38;325.58;16.13;1308;52;5196.00;174
13678;49;624150979;13678;467;14986;15157;6.13;0.38;325.58;16.13;1308;52;5197.00;171
13680;49;624151002;13680;467;14988;15157;6.11;0.37;325.59;16.24;1308;52;5198.00;169
13682;49;624151023;13682;465;14994;15161;6.08;0.37;325.58;16.24;1312;52;5199.00;167
13686;49;624151053;13686;465;14996;15161;6.03;0.37;325.68;16.24;1310;52;5200.00;165
13688;49;624151078;13688;463;14996;15161;6.03;0.37;325.76;16.24;1308;52;5201.00;165
13691;49;624151107;13691;455;14998;15164;5.99;0.37;325.79;16.23;1307;52;5202.00;166
13695;49;624151127;13695;454;15000;15164;5.93;0.36;325.82;16.34;1305;52;5203.00;164
13700;49;624151151;13700;449;15003;15164;5.85;0.36;325.87;16.34;1303;52;5204.00;161
13702;49;624151170;13702;447;15009;15168;5.81;0.35;325.87;16.36;1307;52;5205.00;159
13704;49;624151189;13704;442;15010;15169;5.74;0.35;325.86;16.36;1306;52;5206.00;159
13707;49;624151205;13707;442;15010;15169;5.68;0.34;325.87;16.36;1303;52;5207.00;159
13711;49;624151225;13711;442;15014;15173;5.63;0.34;325.86;16.46;1303;52;5208.00;159
13713;49;624151249;13713;433;15014;15173;5.62;0.34;325.83;16.46;1301;52;5209.00;159
13715;49;624151273;13715;433;15015;15173;5.56;0.34;325.86;16.46;1300;52;5210.00;158
13718;49;624151290;13718;436;15016;15174;5.50;0.33;325.94;16.46;1298;52;5211.00;158
13719;49;624151307;13719;433;15018;15174;5.50;0.33;325.93;16.57;1299;52;5212.00;156
13725;49;624151323;13725;439;15022;15180;5.49;0.33;325.88;16.56;1297;52;5213.00;158
13726;49;624151341;13726;440;15022;15180;5.48;0.33;325.86;16.56;1296;52;5214.00;158
13729;49;624151358;13729;442;15022;15180;5.46;0.33;325.86;16.56;1293;52;5215.00;158
13730;49;624151374;13730;445;15023;15181;5.44;0.33;325.85;16.56;1293;52;5216.00;158
13731;49;624151389;13731;456;15023;15181;5.43;0.33;325.85;16.56;1292;52;5217.00;158
13734;49;624151407;13734;464;15024;15181;5.40;0.33;325.81;16.67;1290;52;5218.00;157
13739;49;624151425;13739;465;15024;15181;5.34;0.32;325.77;16.67;1285;52;5219.00;157
13740;49;624151445;13740;469;15043;15217;5.39;0.33;325.75;16.65;1303;52;5220.00;174
13742;49;624151465;13742;471;15044;15217;5.37;0.33;325.76;16.65;1302;52;5221.00;173
13744;49;624151481;13744;468;15047;15217;5.31;0.32;325.75;16.64;1303;52;5222.00;170
13745;49;624151499;13745;473;15048;15217;5.24;0.32;325.72;16.64;1303;52;5223.00;169
13748;49;624151522;13748;473;15050;15217;5.17;0.31;325.76;16.64;1302;52;5224.00;167
13750;49;624151540;13750;479;15051;15217;5.08;0.31;325.75;16.64;1301;52;5225.00;166
13753;49;624151555;13753;484;15053;15221;5.05;0.31;325.74;16.64;1300;52;5226.00;168
13754;49;624151571;13754;487;15053;15221;5.02;0.30;325.76;16.64;1299;52;5227.00;168
13755;49;624151590;13755;486;15057;15225;4.98;0.30;325.75;16.63;1302;52;5228.00;168
13757;49;624151606;13757;503;15058;15226;4.92;0.30;325.71;16.63;1301;52;5229.00;168
13758;49;624151622;13758;506;15059;15226;4.83;0.29;325.69;16.65;1301;52;5230.00;167
13760;49;624151645;13760;514;15060;15226;4.76;0.29;325.76;16.66;1300;52;5231.00;166
13762;49;624151662;13762;516;15071;15239;4.70;0.29;325.72;16.64;1309;52;5232.00;168
13763;49;624151678;13763;511;15071;15239;4.64;0.28;325.71;16.64;1308;52;5233.00;168
13764;49;624151694;13764;522;15073;15239;4.58;0.28;325.69;16.67;1309;52;5234.00;166
13764;49;624151710;13764;516;15074;15240;4.61;0.28;325.69;16.67;1310;52;5235.00;166
13766;49;624151725;13766;511;15076;15241;4.59;0.28;325.72;16.69;1310;52;5236.00;165
13766;49;624151740;13766;507;15076;15241;4.55;0.28;325.72;16.69;1310;52;5237.00;165
13766;49;624151753;13766;509;15078;15244;4.57;0.28;325.72;16.69;1312;52;5238.00;166
13766;49;624151769;13766;513;15080;15244;4.55;0.28;325.72;16.71;1314;52;5239.00;164
13766;49;624151785;13766;511;15081;15244;4.53;0.28;325.72;16.71;1315;52;5240.00;163
13768;49;624151799;13768;515;15082;15244;4.49;0.27;325.73;16.72;1314;52;5241.00;162
13768;49;624151820;13768;510;15088;15250;4.53;0.28;325.73;16.73;1320;52;5242.00;162
13769;49;624151837;13769;516;15088;15250;4.50;0.27;325.71;16.73;1319;52;5243.00;162
13769;49;624151858;13769;523;15090;15250;4.48;0.27;325.71;16.75;1321;52;5244.00;160
13769;49;624151873;13769;520;15091;15250;4.48;0.27;325.71;16.77;1322;52;5245.00;159
13770;49;624151892;13770;521;15092;15254;4.44;0.27;325.71;16.77;1322;52;5246.00;162
13772;49;624151906;13772;524;15095;15255;4.37;0.27;325.77;16.79;1323;52;5247.00;160
13775;49;624151920;13775;528;15095;15255;4.31;0.26;325.77;16.79;1320;52;5248.00;160
13775;49;624151937;13775;522;15098;15256;4.25;0.26;325.77;16.81;1323;52;5249.00;158
13777;49;624151961;13777;519;15099;15256;4.25;0.26;325.75;16.82;1322;52;5250.00;157
13777;49;624151980;13777;512;15100;15256;4.25;0.26;325.75;16.83;1323;52;5251.00;156
13778;49;624151997;13778;514;15100;15256;4.19;0.26;325.74;16.83;1322;52;5252.00;156
13778;49;624152013;13778;513;15102;15256;4.17;0.26;325.74;16.85;1324;52;5253.00;154
13779;49;624152028;13779;512;15102;15256;4.15;0.25;325.75;16.85;1323;52;5254.00;154
13780;49;624152044;13780;509;15104;15256;4.15;0.25;325.80;16.86;1324;52;5255.00;152
13781;49;624152061;13781;511;15137;15326;4.39;0.27;325.83;16.83;1356;52;5256.00;189
13785;49;624152086;13785;507;15140;15327;4.41;0.27;325.82;16.82;1355;52;5257.00;187
13787;49;624152105;13787;507;15148;15327;4.43;0.27;325.84;16.82;1361;52;5258.00;179
13791;49;624152119;13791;503;15157;15327;4.42;0.27;325.82;16.84;1366;52;5259.00;170
13792;49;624152136;13792;502;15161;15327;4.39;0.27;325.80;16.84;1369;52;5260.00;166
13795;49;624152151;13795;504;15164;15327;4.34;0.27;325.83;16.85;1369;52;5261.00;163
13799;49;624152169;13799;503;15167;15327;4.28;0.26;325.85;16.86;1368;52;5262.00;160
13803;49;624152184;13803;509;15170;15327;4.23;0.26;325.80;16.86;1367;52;5263.00;157
13805;49;624152200;13805;505;15173;15328;4.26;0.26;325.81;16.87;1368;52;5264.00;155
13808;49;624152217;13808;514;15177;15330;4.24;0.26;325.77;16.88;1369;52;5265.00;153
13812;49;624152236;13812;521;15179;15330;4.23;0.26;325.74;16.88;1367;52;5266.00;151
13814;49;624152264;13814;527;15182;15334;4.26;0.26;325.81;16.88;1368;52;5267.00;152
13818;49;624152286;13818;526;15183;15334;4.25;0.26;325.86;16.89;1365;52;5268.00;151
13823;49;624152313;13823;528;15184;15334;4.25;0.26;325.87;16.89;1361;52;5269.00;150
13827;49;624152341;13827;525;15185;15334;4.23;0.26;325.94;16.90;1358;52;5270.00;149
13833;49;624152366;13833;521;15189;15340;4.27;0.26;325.95;16.90;1356;52;5271.00;151
13840;49;624152387;13840;512;15191;15340;4.22;0.26;326.08;16.90;1351;52;5272.00;149
13843;49;624152413;13843;498;15192;15340;4.21;0.26;326.09;16.91;1349;52;5273.00;148
13844;49;624152433;13844;489;15194;15343;4.24;0.26;326.09;16.91;1350;52;5274.00;149
13846;49;624152452;13846;487;15195;15343;4.24;0.26;326.12;16.91;1349;52;5275.00;148
13850;49;624152472;13850;494;15195;15343;4.26;0.26;326.16;16.91;1345;52;5276.00;148
13854;49;624152489;13854;486;15196;15344;4.27;0.26;326.19;16.92;1342;52;5277.00;148
13855;49;624152519;13855;485;15199;15345;4.31;0.26;326.22;16.92;1344;52;5278.00;146
13859;49;624152538;13859;477;15199;15345;4.31;0.26;326.28;16.92;1340;52;5279.00;146
13864;49;624152561;13864;472;15216;15371;4.41;0.27;326.34;16.90;1352;52;5280.00;155
13867;49;624152581;13867;464;15217;15371;4.46;0.27;326.31;16.90;1350;52;5281.00;154
13870;49;624152604;13870;460;15220;15371;4.50;0.27;326.34;16.90;1350;52;5282.00;151
13876;49;624152624;13876;453;15221;15372;4.51;0.27;326.41;16.90;1345;52;5283.00;151
13880;49;624152643;13880;443;15221;15372;4.52;0.27;326.44;16.90;1341;52;5284.00;151
13882;49;624152662;13882;454;15225;15376;4.56;0.28;326.41;16.89;1343;52;5285.00;151
13887;49;624152681;13887;444;15225;15376;4.55;0.28;326.46;16.89;1338;52;5286.00;151
13891;49;624152700;13891;441;15227;15379;4.55;0.28;326.51;16.89;1336;52;5287.00;152
13893;49;624152718;13893;438;15227;15380;4.59;0.28;326.57;16.89;1334;52;5288.00;153
13898;49;624152735;13898;441;15228;15380;4.62;0.28;326.64;16.89;1330;52;5289.00;152
13902;49;624152754;13902;438;15228;15380;4.69;0.28;326.71;16.89;1326;52;5290.00;152
13907;49;624152796;13907;424;15228;15380;4.73;0.29;326.73;16.89;1321;52;5291.00;152
13912;49;624152815;13912;416;15236;15392;4.82;0.29;326.82;16.88;1324;52;5292.00;156
13915;49;624152839;13915;416;15237;15392;4.89;0.30;326.87;16.88;1322;52;5293.00;155
13918;49;624152859;13918;420;15238;15392;4.91;0.30;326.86;16.88;1320;52;5294.00;154
13922;49;624152879;13922;419;15238;15392;4.95;0.30;326.92;16.88;1316;52;5295.00;154
13925;49;624152899;13925;417;15238;15392;4.97;0.30;327.00;16.88;1313;52;5296.00;154
13928;49;624152921;13928;426;15238;15392;5.01;0.31;327.04;16.88;1310;52;5297.00;154
13933;49;624152939;13933;426;15239;15393;4.98;0.30;327.21;16.99;1306;52;5298.00;154
13934;49;624152960;13934;430;15241;15393;4.99;0.30;327.27;17.00;1307;52;5299.00;152
13939;49;624152983;13939;430;15246;15399;5.01;0.31;327.31;16.99;1307;52;5300.00;153
13945;49;624153011;13945;434;15248;15400;5.01;0.30;327.43;16.99;1303;52;5301.00;152
13951;49;624153034;13951;439;15249;15400;4.99;0.30;327.50;17.00;1298;52;5302.00;151
13952;49;624153055;13952;440;15249;15400;4.98;0.30;327.55;17.00;1297;52;5303.00;151
13955;49;624153077;13955;442;15254;15404;4.95;0.30;327.56;17.00;1299;52;5304.00;150
13960;49;624153109;13960;447;15254;15404;4.86;0.30;327.60;17.00;1294;52;5305.00;150
13963;49;624153130;13963;454;15255;15404;4.82;0.29;327.57;17.00;1292;52;5306.00;149
13967;49;624153148;13967;439;15257;15405;4.83;0.29;327.66;17.00;1290;52;5307.00;148
13972;49;624153172;13972;449;15258;15409;4.81;0.29;327.79;17.00;1286;52;5308.00;151
13974;49;624153193;13974;438;15258;15409;4.80;0.29;327.76;17.00;1284;52;5309.00;151
13978;49;624153209;13978;442;15261;15415;4.82;0.29;327.81;17.00;1283;52;5310.00;154
13981;49;624153225;13981;443;15263;15415;4.82;0.29;327.86;17.00;1282;52;5311.00;152
13983;49;624153240;13983;443;15265;15415;4.82;0.29;327.86;17.10;1282;52;5312.00;150
13986;49;624153257;13986;452;15266;15415;4.83;0.29;327.90;17.11;1280;52;5313.00;149
13992;49;624153272;13992;458;15270;15419;4.84;0.30;327.97;17.10;1278;52;5314.00;149
13992;49;624153288;13992;457;15270;15419;4.89;0.30;327.97;17.10;1278;52;5315.00;149
13996;49;624153302;13996;458;15271;15419;4.89;0.30;328.00;17.10;1275;52;5316.00;148
13999;49;624153316;13999;455;15271;15419;4.86;0.30;328.06;17.10;1272;52;5317.00;148
14003;49;624153330;14003;458;15271;15420;4.85;0.30;328.08;17.10;1268;52;5318.00;149
14008;49;624153346;14008;454;15272;15421;4.87;0.30;328.12;17.10;1264;52;5319.00;149
14012;49;624153361;14012;458;15272;15421;4.88;0.30;328.27;17.10;1260;52;5320.00;149
14016;49;624153375;14016;455;15274;15422;4.87;0.30;328.29;17.10;1258;52;5321.00;148
14020;49;624153390;14020;463;15275;15422;4.85;0.30;328.39;17.11;1255;52;5322.00;147
14021;49;624153404;14021;460;15275;15422;4.87;0.30;328.40;17.11;1254;52;5323.00;147
14026;49;624153418;14026;462;15275;15422;4.80;0.29;328.47;17.11;1249;52;5324.00;147
14029;49;624153432;14029;478;15275;15422;4.77;0.29;328.55;17.11;1246;52;5325.00;147
14032;49;624153451;14032;479;15275;15422;4.76;0.29;328.57;17.11;1243;52;5326.00;147
14035;49;624153465;14035;473;15275;15422;4.72;0.29;328.58;17.11;1240;52;5327.00;147
14039;49;624153480;14039;497;15341;15549;4.75;0.30;328.59;17.03;1302;52;5328.00;208
14043;49;624153503;14043;478;15341;15550;4.69;0.29;328.62;17.03;1298;52;5329.00;209
14047;49;624153517;14047;463;15348;15550;4.75;0.29;328.62;17.03;1301;52;5330.00;202
14050;49;624153531;14050;460;15349;15550;4.78;0.30;328.71;17.13;1299;52;5331.00;201
14058;49;624153546;14058;443;15353;15550;4.84;0.30;328.69;17.13;1295;52;5332.00;197
14060;49;624153561;14060;439;15353;15550;4.90;0.30;328.71;17.13;1293;52;5333.00;197
14065;49;624153576;14065;428;15355;15550;4.98;0.31;328.75;17.13;1290;52;5334.00;195
14067;49;624153599;14067;433;15357;15550;5.04;0.31;328.77;17.13;1290;52;5335.00;193
14067;49;624153614;14067;430;15360;15551;5.11;0.31;328.77;17.12;1293;52;5336.00;191
14071;49;624153628;14071;434;15365;15552;5.15;0.32;328.82;17.12;1294;52;5337.00;187
14074;49;624153643;14074;435;15366;15552;5.17;0.32;328.87;17.12;1292;52;5338.00;186
14076;49;624153658;14076;437;15368;15553;5.23;0.32;328.91;17.12;1292;52;5339.00;185
14077;49;624153675;14077;432;15369;15553;5.30;0.33;328.92;17.12;1292;52;5340.00;184
14082;49;624153690;14082;432;15370;15553;5.31;0.33;329.00;17.12;1288;52;5341.00;183
14085;49;624153704;14085;439;15372;15553;5.36;0.33;329.05;17.12;1287;52;5342.00;181
14087;49;624153720;14087;452;15376;15557;5.39;0.33;329.08;17.12;1289;52;5343.00;181
14091;49;624153735;14091;453;15378;15557;5.42;0.33;329.17;17.12;1287;52;5344.00;179
14094;49;624153750;14094;461;15381;15557;5.50;0.34;329.25;17.12;1287;52;5345.00;176
14098;49;624153765;14098;457;15384;15560;5.51;0.34;329.35;17.12;1286;52;5346.00;176
14099;49;624153780;14099;456;15388;15560;5.52;0.34;329.36;17.12;1289;52;5347.00;172
14103;49;624153795;14103;462;15391;15560;5.51;0.34;329.35;17.12;1288;52;5348.00;169
14103;49;624153815;14103;460;15395;15564;5.55;0.34;329.35;17.11;1292;52;5349.00;169
14106;49;624153830;14106;460;15398;15565;5.53;0.34;329.41;17.11;1292;52;5350.00;167
14109;49;624153846;14109;455;15399;15565;5.54;0.34;329.43;17.11;1290;52;5351.00;166
14111;49;624153861;14111;456;15402;15569;5.61;0.35;329.44;17.11;1291;52;5352.00;167
14113;49;624153876;14113;462;15403;15569;5.65;0.35;329.40;17.11;1290;52;5353.00;166
14115;49;624153891;14115;462;15404;15569;5.63;0.35;329.43;17.21;1289;52;5354.00;165
14118;49;624153905;14118;459;15404;15571;5.61;0.35;329.46;17.21;1286;52;5355.00;167
14119;49;624153921;14119;454;15405;15571;5.62;0.35;329.48;17.21;1286;52;5356.00;166
14122;49;624153936;14122;459;15410;15577;5.62;0.35;329.50;17.21;1288;52;5357.00;167
14126;49;624153951;14126;461;15410;15577;5.59;0.34;329.48;17.21;1284;52;5358.00;167
14127;49;624153967;14127;468;15410;15577;5.58;0.34;329.47;17.21;1283;52;5359.00;167
14131;49;624153981;14131;467;15410;15578;5.53;0.34;329.48;17.21;1279;52;5360.00;168
14134;49;624153995;14134;462;15410;15578;5.50;0.34;329.43;17.21;1276;52;5361.00;168
14136;49;624154010;14136;457;15410;15578;5.51;0.34;329.42;17.21;1274;52;5362.00;168
14138;49;624154024;14138;461;15410;15578;5.47;0.34;329.40;17.21;1272;52;5363.00;168
14139;49;624154039;14139;458;15419;15590;5.50;0.34;329.39;17.20;1280;52;5364.00;171
14142;49;624154053;14142;463;15419;15590;5.47;0.34;329.36;17.20;1277;52;5365.00;171
14143;49;624154068;14143;467;15420;15590;5.48;0.34;329.39;17.19;1277;52;5366.00;170
14146;49;624154081;14146;467;15420;15590;5.44;0.33;329.49;17.19;1274;52;5367.00;170
14150;49;624154095;14150;470;15420;15590;5.40;0.33;329.50;17.19;1270;52;5368.00;170
14153;49;624154109;14153;476;15420;15590;5.33;0.33;329.55;17.19;1267;52;5369.00;170
14157;49;624154124;14157;477;15421;15594;5.27;0.32;329.58;17.19;1264;52;5370.00;173
14161;49;624154137;14161;485;15421;15594;5.24;0.32;329.60;17.19;1260;52;5371.00;173
14162;49;624154151;14162;481;15425;15598;5.22;0.32;329.58;17.19;1263;52;5372.00;173
14163;49;624154164;14163;474;15425;15599;5.20;0.32;329.56;17.19;1262;52;5373.00;174
14164;49;624154178;14164;475;15426;15599;5.14;0.31;329.58;17.19;1262;52;5374.00;173
14165;49;624154191;14165;469;15427;15599;5.08;0.31;329.59;17.20;1262;52;5375.00;172
14167;49;624154205;14167;471;15438;15612;5.08;0.31;329.59;17.19;1271;52;5376.00;174
14168;49;624154225;14168;479;15438;15612;5.05;0.31;329.58;17.19;1270;52;5377.00;174
14176;49;624154242;14176;481;15438;15612;4.95;0.30;329.57;17.19;1262;52;5378.00;174
14178;49;624154265;14178;484;15439;15613;4.95;0.30;329.57;17.19;1261;52;5379.00;174
14181;49;624154288;14181;488;15439;15614;4.98;0.30;329.54;17.19;1258;52;5380.00;175
14184;49;624154309;14184;491;15439;15614;4.97;0.30;329.63;17.19;1255;52;5381.00;175
14187;49;624154329;14187;497;15441;15617;4.96;0.30;329.61;17.19;1254;52;5382.00;176
14189;49;624154360;14189;495;15442;15617;5.00;0.30;329.64;17.18;1253;52;5383.00;175
14190;49;624154375;14190;495;15442;15617;5.01;0.30;329.63;17.18;1252;52;5384.00;175
14193;49;624154390;14193;499;15442;15617;4.97;0.30;329.72;17.18;1249;52;5385.00;175
14194;49;624154405;14194;497;15447;15623;4.99;0.30;329.73;17.18;1253;52;5386.00;176
14194;49;624154420;14194;479;15447;15623;5.01;0.30;329.73;17.18;1253;52;5387.00;176
14196;49;624154436;14196;473;15447;15623;5.00;0.30;329.73;17.18;1251;52;5388.00;176
14197;49;624154456;14197;465;15447;15623;5.00;0.30;329.72;17.18;1250;52;5389.00;176
14199;49;624154471;14199;463;15448;15627;5.00;0.30;329.74;17.18;1249;52;5390.00;179
14202;49;624154486;14202;462;15449;15628;5.01;0.30;329.76;17.18;1247;52;5391.00;179
14204;50;624154501;14204;464;15449;15628;4.96;0.30;329.75;17.18;1245;53;5392.00;179
14206;50;624154532;14206;460;15450;15629;4.98;0.30;329.77;17.18;1244;53;5393.00;179
14207;50;624154552;14207;460;15450;15629;4.95;0.30;329.77;17.18;1243;53;5394.00;179
14208;50;624154566;14208;457;15451;15629;4.94;0.30;329.76;17.19;1243;53;5395.00;178
14209;50;624154580;14209;458;15452;15629;4.95;0.30;329.77;17.20;1243;53;5396.00;177
14209;50;624154594;14209;461;15452;15629;4.96;0.30;329.77;17.20;1243;53;5397.00;177
14209;50;624154607;14209;460;15452;15629;4.98;0.30;329.77;17.20;1243;53;5398.00;177
14210;50;624154621;14210;456;15452;15629;5.00;0.30;329.77;17.20;1242;53;5399.00;177
