step_arrived;step_collisions;step_duration;step_ended;step_halting;step_inserted;step_loaded;step_meanSpeed;step_meanSpeedRelative;step_meanTravelTime;step_meanWaitingTime;step_running;step_teleports;step_time;step_waiting
0;0;624225716;0;1;88;245;16.54;1.16;-1.00;0.00;88;0;0.00;157
0;0;624225742;0;0;99;245;15.85;1.10;-1.00;0.11;99;0;1.00;146
0;0;624225743;0;2;120;245;15.02;1.02;-1.00;0.44;120;0;2.00;125
0;0;624225744;0;2;135;245;13.90;0.94;-1.00;0.73;135;0;3.00;110
0;0;624225745;0;2;150;245;12.82;0.86;-1.00;1.05;150;0;4.00;95
0;0;624225747;0;6;158;245;11.90;0.79;-1.00;1.25;158;0;5.00;87
0;0;624225748;0;6;167;245;11.35;0.75;-1.00;1.51;167;0;6.00;78
0;0;624225750;0;11;178;245;10.59;0.70;-1.00;1.85;178;0;7.00;67
0;0;624225751;0;15;188;246;9.95;0.66;-1.00;2.18;188;0;8.00;58
0;0;624225753;0;20;192;247;9.61;0.63;-1.00;2.32;192;0;9.00;55
0;0;624225756;0;25;203;247;9.10;0.60;-1.00;2.73;203;0;10.00;44
0;0;624225758;0;29;207;248;9.06;0.60;-1.00;2.85;207;0;11.00;41
0;0;624225760;0;29;210;248;9.05;0.59;-1.00;2.98;210;0;12.00;38
2;0;624225762;2;33;216;248;8.74;0.57;13.00;3.25;214;0;13.00;32
2;0;624225765;2;36;216;248;8.68;0.56;13.00;3.25;214;0;14.00;32
2;0;624225767;2;45;224;252;8.45;0.54;13.00;3.52;222;0;15.00;28
2;0;624225770;2;46;225;252;8.46;0.54;13.00;3.51;223;0;16.00;27
2;0;624225773;2;53;225;252;8.49;0.54;13.00;3.51;223;0;17.00;27
2;0;624225775;2;59;231;255;8.50;0.54;13.00;3.81;229;0;18.00;24
3;0;624225778;3;65;232;255;8.48;0.53;15.00;3.88;229;0;19.00;23
4;0;624225781;4;69;234;255;8.45;0.53;16.25;4.01;230;0;20.00;21
4;0;624225783;4;76;240;259;8.55;0.54;16.25;4.10;236;0;21.00;19
4;0;624225786;4;77;241;260;8.62;0.54;16.25;4.09;237;0;22.00;19
4;0;624225789;4;85;244;260;8.51;0.53;16.25;4.32;240;0;23.00;16
5;0;624225792;5;85;249;264;8.36;0.52;17.80;4.33;244;0;24.00;15
5;0;624225801;5;89;249;264;8.31;0.52;17.80;4.33;244;0;25.00;15
7;0;624225804;7;92;251;264;8.21;0.51;20.00;4.51;244;0;26.00;13
7;0;624225806;7;95;251;265;8.15;0.51;20.00;4.51;244;0;27.00;14
7;0;624225809;7;97;252;265;8.11;0.50;20.00;4.54;245;0;28.00;13
7;0;624225812;7;99;257;271;8.16;0.51;20.00;4.47;250;0;29.00;14
7;0;624225817;7;100;258;271;8.16;0.51;20.00;4.57;251;0;30.00;13
8;0;624225820;8;103;260;272;8.11;0.50;21.00;4.66;252;0;31.00;12
9;0;624225823;9;105;261;272;8.05;0.50;22.22;4.77;252;0;32.00;11
10;0;624225826;10;108;261;272;8.09;0.50;23.30;4.77;251;0;33.00;11
10;0;624225829;10;110;263;272;8.15;0.51;23.30;4.99;253;0;34.00;9
10;0;624225832;10;116;263;272;8.14;0.51;23.30;4.99;253;0;35.00;9
11;0;624225834;11;118;273;284;8.41;0.52;23.82;4.81;262;0;36.00;11
12;0;624225838;12;117;273;284;8.36;0.52;24.58;4.81;261;0;37.00;11
12;0;624225841;12;119;275;284;8.38;0.52;24.58;5.01;263;0;38.00;9
14;0;624225844;14;120;276;284;8.29;0.51;26.07;5.07;262;0;39.00;8
14;0;624225847;14;121;277;284;8.30;0.52;26.07;5.13;263;0;40.00;7
14;0;624225850;14;123;278;284;8.19;0.51;26.07;5.16;264;0;41.00;6
15;0;624225853;15;125;283;288;8.17;0.51;27.00;5.14;268;0;42.00;5
15;0;624225856;15;126;284;288;8.06;0.50;27.00;5.14;269;0;43.00;4
16;0;624225859;16;131;289;292;7.93;0.49;26.75;5.10;273;0;44.00;3
17;0;624225862;17;135;290;294;7.73;0.48;27.29;5.08;273;0;45.00;4
17;0;624225865;17;138;291;294;7.61;0.47;27.29;5.07;274;0;46.00;3
18;0;624225868;18;135;291;294;7.44;0.46;28.33;5.07;273;0;47.00;3
18;0;624225871;18;139;302;307;7.61;0.47;28.33;4.88;284;0;48.00;5
20;0;624225875;20;142;302;307;7.50;0.46;30.05;4.88;282;0;49.00;5
20;0;624225878;20;142;302;307;7.40;0.46;30.05;4.88;282;0;50.00;5
20;0;624225881;20;143;303;308;7.40;0.46;30.05;4.87;283;0;51.00;5
21;0;624225884;21;147;304;309;7.40;0.46;31.10;4.86;283;0;52.00;5
22;0;624225887;22;150;304;309;7.41;0.46;32.00;4.86;282;0;53.00;5
22;0;624225891;22;151;306;312;7.40;0.46;32.00;4.82;284;0;54.00;6
23;0;624225894;23;152;306;312;7.32;0.45;33.00;4.82;283;0;55.00;6
23;0;624225898;23;144;307;312;7.40;0.46;33.00;4.81;284;0;56.00;5
24;0;624225901;24;137;307;312;7.37;0.45;32.50;4.81;283;0;57.00;5
26;0;624225904;26;137;313;318;7.39;0.46;32.65;4.74;287;0;58.00;5
26;0;624225908;26;141;313;318;7.42;0.46;32.65;4.74;287;0;59.00;5
26;0;624225912;26;141;313;318;7.47;0.46;32.65;4.74;287;0;60.00;5
26;0;624225915;26;144;313;318;7.51;0.46;32.65;4.74;287;0;61.00;5
27;0;624225918;27;145;317;322;7.57;0.47;33.74;4.69;290;0;62.00;5
28;0;624225921;28;151;318;323;7.75;0.48;34.68;4.68;290;0;63.00;5
28;0;624225924;28;150;318;323;7.80;0.48;34.68;4.68;290;0;64.00;5
32;0;624225927;32;153;319;324;7.80;0.48;37.09;4.67;287;0;65.00;5
32;0;624225930;32;153;319;324;7.81;0.48;37.09;4.67;287;0;66.00;5
32;0;624225932;32;145;319;324;7.86;0.48;37.09;4.67;287;0;67.00;5
32;0;624225936;32;139;319;324;7.90;0.48;37.09;4.67;287;0;68.00;5
33;0;624225939;33;137;319;324;8.00;0.49;37.91;4.67;286;0;69.00;5
33;0;624225944;33;133;319;324;8.09;0.49;37.91;4.67;286;0;70.00;5
33;0;624225947;33;128;319;324;8.21;0.50;37.91;4.67;286;0;71.00;5
35;0;624225950;35;133;351;394;8.38;0.51;39.83;4.24;316;0;72.00;43
35;0;624225959;35;126;352;395;8.57;0.53;39.83;4.23;317;0;73.00;43
36;0;624225962;36;120;359;395;8.95;0.55;40.58;4.19;323;0;74.00;36
37;0;624225965;37;119;361;395;9.16;0.56;40.95;4.18;324;0;75.00;34
38;0;624225969;38;118;364;395;9.42;0.58;41.87;4.18;326;0;76.00;31
38;0;624225979;38;116;367;395;9.66;0.59;41.87;4.19;329;0;77.00;28
39;0;624225982;39;116;370;395;9.76;0.60;42.33;4.20;331;0;78.00;25
39;0;624225991;39;116;373;395;9.87;0.60;42.33;4.23;334;0;79.00;22
39;0;624225995;39;119;375;396;9.88;0.60;42.33;4.25;336;0;80.00;21
40;1;624225998;40;118;377;397;9.83;0.60;43.30;4.27;337;1;81.00;20
42;1;624226020;42;119;379;397;9.90;0.60;45.14;4.30;337;1;82.00;18
42;1;624226024;42;122;385;401;9.86;0.60;45.14;4.28;343;1;83.00;16
42;1;624226028;42;123;386;401;9.90;0.60;45.14;4.28;344;1;84.00;15
42;1;624226032;42;123;386;401;9.83;0.60;45.14;4.28;344;1;85.00;15
43;1;624226035;43;123;386;401;9.71;0.59;46.09;4.28;343;1;86.00;15
43;1;624226039;43;123;391;407;9.54;0.58;46.09;4.24;348;1;87.00;16
45;1;624226043;45;125;391;407;9.47;0.58;47.80;4.24;346;1;88.00;16
46;1;624226049;46;126;391;407;9.35;0.57;48.70;4.24;345;1;89.00;16
46;1;624226054;46;130;395;413;9.38;0.57;48.70;4.19;349;1;90.00;18
48;1;624226059;48;132;395;413;9.26;0.56;50.46;4.19;347;1;91.00;18
51;1;624226063;51;135;397;413;9.24;0.56;52.90;4.18;346;1;92.00;16
53;1;624226067;53;134;398;414;9.13;0.56;54.42;4.18;345;1;93.00;16
55;1;624226071;55;132;399;415;9.08;0.56;55.85;4.17;344;1;94.00;16
58;1;624226074;58;132;399;415;9.07;0.55;56.55;4.17;341;1;95.00;16
60;1;624226078;60;135;410;428;9.02;0.55;57.73;4.06;350;1;96.00;18
61;1;624226083;61;133;410;428;9.04;0.55;58.38;4.06;349;1;97.00;18
62;1;624226086;62;133;410;428;8.98;0.55;59.02;4.06;348;1;98.00;18
62;1;624226090;62;131;411;429;9.04;0.56;59.02;4.05;349;1;99.00;18
64;1;624226095;64;130;411;429;9.11;0.56;60.23;4.05;347;1;100.00;18
66;1;624226102;66;128;414;433;9.29;0.57;61.38;4.02;348;1;101.00;19
66;1;624226106;66;120;414;433;9.37;0.58;61.38;4.02;348;1;102.00;19
67;1;624226110;67;114;418;437;9.34;0.58;62.00;4.00;351;1;103.00;19
68;1;624226114;68;109;418;437;9.51;0.58;62.57;4.00;350;1;104.00;19
68;1;624226118;68;105;420;437;9.57;0.59;62.57;4.13;352;1;105.00;17
71;1;624226123;71;98;420;437;9.68;0.59;64.03;4.13;349;1;106.00;17
71;1;624226128;71;94;420;437;9.77;0.60;64.03;4.13;349;1;107.00;17
71;1;624226132;71;90;431;449;9.94;0.61;64.03;4.03;360;1;108.00;18
72;1;624226138;72;81;432;449;10.14;0.62;64.57;4.02;360;1;109.00;17
73;1;624226142;73;79;432;449;10.25;0.63;65.19;4.02;359;1;110.00;17
74;1;624226146;74;75;432;449;10.37;0.64;65.81;4.02;358;1;111.00;17
74;1;624226151;74;75;432;449;10.56;0.65;65.81;4.02;358;1;112.00;17
75;1;624226155;75;75;432;449;10.77;0.66;66.44;4.02;357;1;113.00;17
76;1;624226160;76;73;433;450;10.94;0.67;67.04;4.01;357;1;114.00;17
78;1;624226165;78;70;433;450;11.09;0.68;68.26;4.01;355;1;115.00;17
78;1;624226170;78;70;439;456;11.20;0.68;68.26;4.23;361;1;116.00;17
78;1;624226175;78;69;439;457;11.30;0.69;68.26;4.23;361;1;117.00;18
79;1;624226180;79;70;440;457;11.41;0.70;68.85;4.23;361;1;118.00;17
81;1;624226186;81;72;440;457;11.50;0.70;70.06;4.23;359;1;119.00;17
82;1;624226193;82;74;445;462;11.60;0.70;70.63;4.45;363;1;120.00;17
82;1;624226198;82;77;447;462;11.71;0.71;70.63;4.65;365;1;121.00;15
82;1;624226204;82;74;448;462;11.77;0.72;70.63;4.91;366;1;122.00;14
82;1;624226216;82;76;451;463;11.82;0.72;70.63;5.11;369;1;123.00;12
82;1;624226222;82;77;456;467;11.80;0.72;70.63;5.23;374;1;124.00;11
85;1;624226228;85;78;457;467;11.81;0.72;72.34;5.38;372;1;125.00;10
87;1;624226234;87;81;460;470;11.87;0.72;73.14;5.47;373;1;126.00;10
87;1;624226240;87;84;463;470;11.97;0.73;73.14;5.67;376;1;127.00;7
88;1;624226246;88;84;463;470;11.95;0.73;73.59;5.67;375;1;128.00;7
91;1;624226252;91;85;466;470;11.78;0.72;75.00;5.91;375;1;129.00;4
92;1;624226257;92;89;469;474;11.78;0.72;74.82;5.88;377;1;130.00;5
94;1;624226264;94;90;469;474;11.79;0.72;75.93;5.88;375;1;131.00;5
96;1;624226270;96;92;472;474;11.80;0.72;76.80;5.96;376;1;132.00;2
97;1;624226276;97;93;472;474;11.86;0.72;76.64;5.96;375;1;133.00;2
97;1;624226282;97;94;473;475;11.84;0.72;76.64;5.95;376;1;134.00;2
97;1;624226287;97;95;476;477;11.88;0.73;76.64;5.99;379;1;135.00;1
99;1;624226293;99;97;477;477;11.80;0.72;77.73;6.01;378;1;136.00;0
100;1;624226299;100;99;478;478;11.77;0.72;78.08;6.00;378;1;137.00;0
101;1;624226305;101;101;478;478;11.76;0.72;77.96;6.00;377;1;138.00;0
103;1;624226310;103;102;478;478;11.69;0.72;78.10;6.00;375;1;139.00;0
105;1;624226316;105;104;478;478;11.73;0.72;79.18;6.00;373;1;140.00;0
107;1;624226321;107;105;478;478;11.77;0.73;80.00;6.00;371;1;141.00;0
108;1;624226327;108;105;478;478;11.69;0.72;80.57;6.00;370;1;142.00;0
110;1;624226338;110;106;478;478;11.65;0.72;81.34;6.00;368;1;143.00;0
112;1;624226346;112;126;550;605;11.28;0.71;82.39;5.22;438;1;144.00;55
114;1;624226369;114;117;557;606;11.26;0.71;83.38;5.17;443;1;145.00;49
114;1;624226379;114;117;567;606;11.15;0.70;83.38;5.11;453;1;146.00;39
115;1;624226388;115;121;567;606;11.05;0.69;83.90;5.11;452;1;147.00;39
118;1;624226396;118;123;572;606;10.99;0.69;84.10;5.10;454;1;148.00;34
118;1;624226407;118;118;572;606;10.87;0.68;84.10;5.10;454;1;149.00;34
118;1;624226417;118;118;578;611;10.74;0.67;84.10;5.09;460;1;150.00;33
119;1;624226429;119;115;579;611;10.62;0.66;84.66;5.10;460;1;151.00;32
121;1;624226439;121;116;582;612;10.68;0.66;85.73;5.11;461;1;152.00;30
124;1;624226448;124;119;587;613;10.78;0.67;86.85;5.14;463;1;153.00;26
124;1;624226457;124;121;590;613;10.89;0.68;86.85;5.17;466;1;154.00;23
125;1;624226464;125;123;595;614;10.86;0.67;87.38;5.19;470;1;155.00;19
130;1;624226473;130;126;600;614;10.82;0.67;88.42;5.24;470;1;156.00;14
132;1;624226484;132;128;602;614;10.78;0.67;89.43;5.26;470;1;157.00;12
135;1;624226493;135;134;603;614;10.82;0.67;89.84;5.28;468;1;158.00;11
137;1;624226501;137;136;608;618;10.71;0.66;89.66;5.30;471;1;159.00;10
141;1;624226509;141;141;610;618;10.55;0.65;90.94;5.31;469;1;160.00;8
141;1;624226516;141;142;611;618;10.38;0.64;90.94;5.33;470;1;161.00;7
142;1;624226522;142;144;613;621;10.15;0.63;91.44;5.34;471;1;162.00;8
144;1;624226529;144;150;614;621;9.96;0.61;92.27;5.37;470;1;163.00;7
145;1;624226535;145;153;615;621;9.90;0.61;92.50;5.38;470;1;164.00;6
146;1;624226541;146;150;619;625;9.85;0.61;92.95;5.38;473;1;165.00;6
147;1;624226547;147;147;622;626;9.76;0.60;93.43;5.40;475;1;166.00;4
148;1;624226553;148;146;623;626;9.68;0.60;93.87;5.40;475;1;167.00;3
149;1;624226559;149;146;627;630;9.60;0.60;94.19;5.37;478;1;168.00;3
151;1;624226565;151;152;628;630;9.49;0.59;94.99;5.37;477;1;169.00;2
152;1;624226570;152;147;628;630;9.48;0.59;94.53;5.37;476;1;170.00;2
153;1;624226577;153;145;629;631;9.39;0.58;94.55;5.36;476;1;171.00;2
154;1;624226583;154;140;629;631;9.45;0.58;94.43;5.36;475;1;172.00;2
155;1;624226588;155;135;635;637;9.54;0.59;94.16;5.32;480;1;173.00;2
156;1;624226595;156;133;635;637;9.59;0.59;94.60;5.32;479;1;174.00;2
157;1;624226601;157;130;636;638;9.58;0.59;95.01;5.31;479;1;175.00;2
158;1;624226608;158;134;638;638;9.57;0.59;95.04;5.36;480;1;176.00;0
160;1;624226613;160;125;638;638;9.55;0.59;96.03;5.36;478;1;177.00;0
162;1;624226620;162;122;638;638;9.54;0.59;96.01;5.36;476;1;178.00;0
162;1;624226626;162;123;638;638;9.50;0.58;96.01;5.36;476;1;179.00;0
162;1;624226634;162;124;669;672;9.56;0.59;96.01;5.11;507;1;180.00;3
163;1;624226642;163;120;669;672;9.50;0.59;95.74;5.11;506;1;181.00;3
164;1;624226648;164;117;671;672;9.51;0.59;96.26;5.10;507;1;182.00;1
164;1;624226654;164;122;671;672;9.47;0.59;96.26;5.10;507;1;183.00;1
165;1;624226660;165;130;672;672;9.44;0.59;96.50;5.10;507;1;184.00;0
167;1;624226666;167;132;672;672;9.44;0.59;97.01;5.10;505;1;185.00;0
169;1;624226680;169;137;676;676;9.42;0.58;97.37;5.07;507;1;186.00;0
172;1;624226687;172;134;676;676;9.41;0.58;98.02;5.07;504;1;187.00;0
175;1;624226693;175;145;680;680;9.38;0.58;98.21;5.05;505;1;188.00;0
177;1;624226699;177;147;681;681;9.42;0.58;98.28;5.04;504;1;189.00;0
179;1;624226705;179;153;681;681;9.37;0.58;98.61;5.04;502;1;190.00;0
184;1;624226711;184;162;681;681;9.26;0.57;99.46;5.04;497;1;191.00;0
188;1;624226717;188;168;694;694;9.18;0.56;99.77;4.95;506;1;192.00;0
188;1;624226725;188;169;694;694;9.16;0.56;99.77;4.95;506;1;193.00;0
192;1;624226730;192;174;694;694;9.11;0.56;99.53;4.95;502;1;194.00;0
193;1;624226736;193;177;695;695;9.03;0.55;99.28;4.94;502;1;195.00;0
196;1;624226749;196;182;696;696;8.91;0.55;98.94;4.94;500;1;196.00;0
196;1;624226754;196;186;696;696;8.81;0.54;98.94;4.94;500;1;197.00;0
197;1;624226760;197;190;698;699;8.71;0.53;98.72;4.92;501;1;198.00;1
199;1;624226766;199;194;698;699;8.64;0.53;99.19;4.92;499;1;199.00;1
205;1;624226772;205;199;699;699;8.55;0.52;98.91;4.92;494;1;200.00;0
206;1;624226782;206;201;699;699;8.44;0.52;99.37;4.92;493;1;201.00;0
206;1;624226788;206;206;705;705;8.36;0.51;99.37;4.89;499;1;202.00;0
208;1;624226794;208;215;705;705;8.27;0.51;99.31;4.89;497;1;203.00;0
209;1;624226800;209;219;705;705;8.19;0.50;98.95;4.89;496;1;204.00;0
210;1;624226806;210;222;705;705;8.10;0.50;99.42;4.89;495;1;205.00;0
213;1;624226811;213;225;709;709;7.99;0.49;99.07;4.86;496;1;206.00;0
213;1;624226817;213;228;710;710;7.89;0.49;99.07;4.86;497;1;207.00;0
214;1;624226823;214;234;710;710;7.73;0.48;99.15;4.86;496;1;208.00;0
216;1;624226828;216;244;711;711;7.57;0.46;99.06;4.85;495;1;209.00;0
217;1;624226835;217;246;711;711;7.38;0.45;98.68;4.85;494;1;210.00;0
217;1;624226841;217;249;711;711;7.26;0.45;98.68;4.85;494;1;211.00;0
219;1;624226846;219;256;711;711;7.14;0.44;98.65;4.85;492;1;212.00;0
223;1;624226852;223;261;711;711;6.95;0.43;100.05;4.85;488;1;213.00;0
224;1;624226857;224;265;711;711;6.83;0.42;100.13;4.85;487;1;214.00;0
225;1;624226862;225;266;711;711;6.74;0.41;100.61;4.85;486;1;215.00;0
227;1;624226868;227;281;754;781;6.98;0.43;100.98;4.57;527;1;216.00;27
227;1;624226879;227;264;756;782;7.08;0.44;100.98;4.56;529;1;217.00;26
228;1;624226885;228;255;762;782;7.27;0.45;101.22;4.54;534;1;218.00;20
228;1;624226891;228;240;763;782;7.41;0.46;101.22;4.54;535;1;219.00;19
230;1;624226898;230;228;765;782;7.58;0.47;101.89;4.54;535;1;220.00;17
233;1;624226905;233;223;766;782;7.71;0.47;103.00;4.54;533;1;221.00;16
234;1;624226912;234;219;768;782;7.88;0.48;103.50;4.55;534;1;222.00;14
235;1;624226919;235;215;770;782;8.01;0.49;103.98;4.55;535;1;223.00;12
236;1;624226926;236;217;770;783;8.12;0.49;104.06;4.55;534;1;224.00;13
236;1;624226933;236;215;773;785;8.19;0.50;104.06;4.56;537;1;225.00;12
237;1;624226949;237;200;775;785;8.30;0.51;104.05;4.57;538;1;226.00;10
237;1;624226957;237;193;781;789;8.38;0.51;104.05;4.57;544;1;227.00;8
238;1;624226965;238;187;783;789;8.56;0.52;104.55;4.58;545;1;228.00;6
239;1;624226973;239;182;784;789;8.75;0.54;104.47;4.59;545;1;229.00;5
239;1;624226981;239;178;785;789;9.02;0.55;104.47;4.60;546;1;230.00;4
241;1;624226988;241;178;791;795;9.28;0.57;104.77;4.59;550;1;231.00;4
243;1;624226998;243;171;792;795;9.52;0.58;104.37;4.60;549;1;232.00;3
245;1;624227006;245;168;793;795;9.75;0.60;105.41;4.62;548;1;233.00;2
245;1;624227013;245;166;795;798;9.99;0.61;105.41;4.62;550;1;234.00;3
247;1;624227021;247;158;796;798;10.13;0.62;106.39;4.62;549;1;235.00;2
250;1;624227029;250;156;798;798;10.26;0.63;107.22;4.62;548;1;236.00;0
250;1;624227036;250;146;799;799;10.30;0.63;107.22;4.61;549;1;237.00;0
251;1;624227044;251;141;800;800;10.33;0.63;107.65;4.61;549;1;238.00;0
253;1;624227051;253;141;800;800;10.37;0.63;108.32;4.61;547;1;239.00;0
259;1;624227060;259;143;824;826;10.21;0.62;108.91;4.47;565;1;240.00;2
261;1;624227070;261;137;824;826;10.35;0.63;109.35;4.47;563;1;241.00;2
263;1;624227077;263;132;826;826;10.54;0.64;110.02;4.47;563;1;242.00;0
266;1;624227084;266;130;827;827;10.68;0.65;110.43;4.46;561;1;243.00;0
268;1;624227092;268;124;827;827;10.83;0.66;110.79;4.46;559;1;244.00;0
270;1;624227100;270;122;831;831;10.89;0.66;111.07;4.45;561;1;245.00;0
274;1;624227107;274;118;831;831;10.86;0.66;112.22;4.45;557;1;246.00;0
276;1;624227114;276;115;835;835;10.89;0.66;113.17;4.43;559;1;247.00;0
278;1;624227122;278;115;835;835;11.03;0.67;113.36;4.43;557;1;248.00;0
279;1;624227128;279;109;835;835;11.19;0.68;113.52;4.43;556;1;249.00;0
281;1;624227135;281;109;835;835;11.33;0.69;113.93;4.43;554;1;250.00;0
281;1;624227142;281;109;835;835;11.44;0.70;113.93;4.43;554;1;251.00;0
283;1;624227149;283;106;846;847;11.48;0.70;114.90;4.37;563;1;252.00;1
286;1;624227157;286;107;846;847;11.59;0.71;115.59;4.37;560;1;253.00;1
287;1;624227164;287;106;847;847;11.65;0.71;116.04;4.37;560;1;254.00;0
290;1;624227171;290;106;847;847;11.75;0.72;116.72;4.37;557;1;255.00;0
291;1;624227178;291;103;847;847;11.85;0.72;116.70;4.37;556;1;256.00;0
292;1;624227184;292;105;847;847;11.94;0.73;116.94;4.37;555;1;257.00;0
296;1;624227191;296;106;848;848;12.03;0.73;117.95;4.36;552;1;258.00;0
298;1;624227198;298;107;848;848;12.04;0.73;118.05;4.36;550;1;259.00;0
301;1;624227204;301;108;854;854;12.07;0.73;118.95;4.34;553;1;260.00;0
303;1;624227212;303;108;855;855;12.13;0.74;119.84;4.34;552;1;261.00;0
305;1;624227219;305;109;855;855;12.08;0.73;119.84;4.34;550;1;262.00;0
306;1;624227226;306;109;855;855;12.14;0.74;119.91;4.34;549;1;263.00;0
308;1;624227233;308;113;859;859;12.13;0.74;120.70;4.32;551;1;264.00;0
311;1;624227240;311;112;859;859;12.15;0.74;120.59;4.32;548;1;265.00;0
315;1;624227248;315;114;859;859;12.11;0.73;121.61;4.32;544;1;266.00;0
318;1;624227255;318;114;860;860;12.06;0.73;121.85;4.31;542;1;267.00;0
321;1;624227263;321;118;864;864;11.96;0.72;122.10;4.30;543;1;268.00;0
325;1;624227277;325;117;864;864;11.88;0.72;122.58;4.30;539;1;269.00;0
327;1;624227287;327;112;868;870;11.86;0.72;122.82;4.28;541;1;270.00;2
328;1;624227294;328;109;868;870;11.90;0.72;122.92;4.28;540;1;271.00;2
329;1;624227301;329;105;870;870;11.99;0.73;122.81;4.27;541;1;272.00;0
331;1;624227308;331;100;870;870;12.05;0.73;122.84;4.27;539;1;273.00;0
333;1;624227316;333;96;874;874;12.17;0.74;122.77;4.26;541;1;274.00;0
334;1;624227324;334;91;874;874;12.29;0.74;123.09;4.26;540;1;275.00;0
336;1;624227332;336;87;874;874;12.37;0.75;123.21;4.26;538;1;276.00;0
338;1;624227340;338;84;874;874;12.47;0.76;123.41;4.26;536;1;277.00;0
340;1;624227347;340;80;875;875;12.51;0.76;123.22;4.25;535;1;278.00;0
341;1;624227354;341;75;876;876;12.55;0.76;123.67;4.25;535;1;279.00;0
344;1;624227362;344;72;876;876;12.54;0.76;123.57;4.25;532;1;280.00;0
344;1;624227369;344;70;877;877;12.51;0.76;123.57;4.24;533;1;281.00;0
347;1;624227377;347;69;877;877;12.47;0.76;123.66;4.24;530;1;282.00;0
351;1;624227385;351;67;877;877;12.45;0.76;124.03;4.24;526;1;283.00;0
353;1;624227393;353;68;877;877;12.48;0.76;123.81;4.24;524;1;284.00;0
354;1;624227401;354;70;877;877;12.54;0.76;123.84;4.24;523;1;285.00;0
355;1;624227409;355;79;877;877;12.52;0.76;124.10;4.24;522;1;286.00;0
356;1;624227416;356;76;877;877;12.49;0.76;124.40;4.24;521;1;287.00;0
358;1;624227423;358;93;947;1004;11.96;0.74;125.04;3.93;589;1;288.00;57
360;1;624227441;360;89;949;1005;12.02;0.74;125.04;3.93;589;1;289.00;56
360;1;624227448;360;81;957;1005;11.98;0.74;125.04;3.91;597;1;290.00;48
363;1;624227456;363;85;958;1005;11.94;0.74;125.31;3.91;595;1;291.00;47
365;1;624227463;365;90;964;1005;11.94;0.74;125.79;3.91;599;1;292.00;41
366;1;624227472;366;90;966;1005;11.90;0.73;125.84;3.91;600;1;293.00;39
367;1;624227480;367;89;969;1005;11.81;0.73;126.24;3.92;602;1;294.00;36
369;1;624227493;369;89;971;1005;11.72;0.72;126.52;3.93;602;1;295.00;34
372;1;624227501;372;91;973;1006;11.67;0.72;127.22;3.93;601;1;296.00;33
374;1;624227509;374;94;977;1007;11.62;0.71;127.83;3.95;603;1;297.00;30
378;1;624227517;378;98;979;1007;11.56;0.71;127.91;3.97;601;1;298.00;28
379;1;624227525;379;104;981;1008;11.46;0.71;127.86;3.98;602;1;299.00;27
379;1;624227536;379;108;985;1014;11.31;0.70;127.86;3.99;606;1;300.00;29
380;1;624227548;380;114;988;1014;11.20;0.69;128.03;4.02;608;1;301.00;26
381;1;624227556;381;119;989;1014;11.09;0.68;128.22;4.03;608;1;302.00;25
384;1;624227564;384;127;997;1018;10.96;0.67;128.46;4.09;613;1;303.00;21
387;1;624227572;387;129;998;1018;10.88;0.67;128.94;4.10;611;1;304.00;20
389;1;624227581;389;137;1000;1018;10.83;0.67;128.96;4.11;611;1;305.00;18
390;2;624227588;390;146;1004;1021;10.77;0.66;129.41;4.14;614;2;306.00;17
391;2;624227607;391;153;1006;1021;10.76;0.66;129.31;4.16;615;2;307.00;15
394;2;624227616;394;156;1008;1021;10.78;0.66;129.93;4.19;614;2;308.00;13
396;2;624227624;396;162;1014;1025;10.67;0.66;130.58;4.22;618;2;309.00;11
398;2;624227633;398;169;1015;1026;10.63;0.65;130.43;4.23;617;2;310.00;11
399;2;624227641;399;173;1016;1026;10.50;0.65;130.83;4.23;617;2;311.00;10
402;2;624227649;402;181;1022;1030;10.37;0.64;131.35;4.24;620;2;312.00;8
402;2;624227657;402;177;1024;1030;10.28;0.63;131.35;4.24;622;2;313.00;6
402;2;624227665;402;179;1025;1030;10.18;0.63;131.35;4.24;623;2;314.00;5
408;2;624227672;408;177;1029;1032;9.98;0.61;132.75;4.26;621;2;315.00;3
410;2;624227680;410;186;1029;1032;9.80;0.60;133.14;4.26;619;2;316.00;3
412;2;624227688;412;191;1036;1038;9.64;0.59;133.57;4.25;624;2;317.00;2
416;2;624227695;416;196;1036;1038;9.37;0.58;133.77;4.25;620;2;318.00;2
418;2;624227703;418;196;1037;1039;9.10;0.56;133.84;4.25;619;2;319.00;2
421;2;624227710;421;198;1037;1039;8.92;0.55;134.05;4.25;616;2;320.00;2
423;2;624227718;423;195;1037;1039;8.82;0.54;133.97;4.25;614;2;321.00;2
425;2;624227725;425;203;1038;1039;8.80;0.54;133.83;4.27;613;2;322.00;1
428;2;624227732;428;199;1038;1039;8.84;0.54;133.81;4.27;610;2;323.00;1
429;2;624227740;429;203;1049;1051;8.81;0.54;134.08;4.26;620;2;324.00;2
429;2;624227748;429;204;1049;1051;8.79;0.54;134.08;4.26;620;2;325.00;2
431;2;624227755;431;205;1051;1051;8.80;0.54;134.02;4.26;620;2;326.00;0
432;2;624227762;432;206;1051;1051;8.81;0.54;134.05;4.26;619;2;327.00;0
433;2;624227770;433;208;1051;1051;8.83;0.54;134.48;4.26;618;2;328.00;0
434;2;624227776;434;208;1051;1051;8.87;0.54;134.42;4.26;617;2;329.00;0
436;2;624227785;436;213;1055;1055;8.86;0.54;135.20;4.25;619;2;330.00;0
439;2;624227792;439;212;1055;1055;8.85;0.54;136.10;4.25;616;2;331.00;0
442;2;624227799;442;211;1059;1059;8.87;0.54;136.66;4.24;617;2;332.00;0
445;2;624227807;445;215;1060;1060;8.78;0.54;137.93;4.23;615;2;333.00;0
445;2;624227814;445;212;1060;1060;8.75;0.54;137.93;4.23;615;2;334.00;0
450;2;624227820;450;213;1060;1060;8.64;0.53;138.88;4.23;610;2;335.00;0
455;2;624227827;455;217;1073;1073;8.45;0.52;138.85;4.18;618;2;336.00;0
461;2;624227835;461;223;1073;1073;8.26;0.51;139.32;4.18;612;2;337.00;0
461;2;624227841;461;226;1073;1073;8.11;0.50;139.32;4.18;612;2;338.00;0
465;2;624227847;465;232;1074;1074;7.93;0.49;140.71;4.18;609;2;339.00;0
470;2;624227853;470;227;1075;1075;7.81;0.48;141.27;4.17;605;2;340.00;0
475;2;624227860;475;227;1075;1075;7.63;0.47;142.88;4.17;600;2;341.00;0
477;2;624227866;477;223;1078;1078;7.66;0.47;143.24;4.16;601;2;342.00;0
480;2;624227873;480;226;1078;1078;7.67;0.47;143.29;4.16;598;2;343.00;0
484;2;624227879;484;223;1078;1078;7.65;0.47;143.70;4.16;594;2;344.00;0
485;2;624227885;485;221;1078;1078;7.68;0.47;143.81;4.16;593;2;345.00;0
490;2;624227892;490;224;1084;1084;7.68;0.47;145.21;4.14;594;2;346.00;0
492;2;624227899;492;216;1084;1084;7.64;0.47;145.37;4.14;592;2;347.00;0
494;2;624227905;494;216;1084;1084;7.60;0.47;145.59;4.14;590;2;348.00;0
499;2;624227912;499;219;1084;1084;7.53;0.46;146.01;4.14;585;2;349.00;0
501;2;624227918;501;216;1088;1088;7.50;0.46;146.52;4.13;587;2;350.00;0
503;2;624227924;503;221;1089;1089;7.44;0.46;146.85;4.13;586;2;351.00;0
507;2;624227931;507;224;1089;1089;7.31;0.45;147.11;4.13;582;2;352.00;0
513;2;624227938;513;226;1090;1090;7.17;0.44;147.35;4.13;577;2;353.00;0
515;2;624227950;515;236;1090;1090;7.12;0.44;147.59;4.13;575;2;354.00;0
520;2;624227956;520;239;1090;1090;6.98;0.43;147.64;4.13;570;2;355.00;0
524;2;624227962;524;247;1090;1090;6.84;0.42;147.46;4.13;566;2;356.00;0
529;2;624227969;529;247;1090;1090;6.78;0.41;147.38;4.13;561;2;357.00;0
530;2;624227975;530;250;1090;1090;6.71;0.41;147.15;4.13;560;2;358.00;0
531;2;624227981;531;259;1090;1090;6.66;0.41;147.01;4.13;559;2;359.00;0
532;2;624227989;532;261;1152;1215;7.16;0.45;146.93;3.90;620;2;360.00;63
535;2;624228005;535;265;1161;1216;7.18;0.45;146.73;3.88;626;2;361.00;55
535;2;624228013;535;265;1173;1216;7.26;0.45;146.73;3.86;638;2;362.00;43
537;2;624228019;537;267;1180;1216;7.16;0.45;146.55;3.86;643;2;363.00;36
538;2;624228026;538;268;1187;1216;7.09;0.44;146.53;3.86;649;2;364.00;29
541;2;624228033;541;274;1190;1216;6.99;0.43;146.43;3.86;649;2;365.00;26
543;2;624228040;543;274;1195;1216;6.96;0.43;146.62;3.87;652;2;366.00;21
543;2;624228047;543;273;1197;1216;6.96;0.43;146.62;3.88;654;2;367.00;19
545;2;624228054;545;278;1202;1217;6.95;0.43;146.81;3.89;657;2;368.00;15
545;2;624228061;545;282;1208;1218;6.85;0.42;146.81;3.92;663;2;369.00;10
545;2;624228068;545;289;1210;1218;6.77;0.42;146.81;3.93;665;2;370.00;8
546;2;624228075;546;282;1218;1222;6.75;0.42;146.58;3.93;672;2;371.00;4
547;2;624228083;547;279;1218;1222;6.68;0.41;146.40;3.93;671;2;372.00;4
547;2;624228090;547;277;1219;1222;6.68;0.41;146.40;3.94;672;2;373.00;3
548;2;624228098;548;275;1219;1222;6.70;0.41;146.67;3.94;671;2;374.00;3
549;2;624228105;549;279;1225;1228;6.75;0.42;147.02;3.92;676;2;375.00;3
549;3;624228114;549;277;1226;1228;6.85;0.42;147.02;3.93;677;3;376.00;2
551;3;624228132;551;277;1226;1228;6.87;0.42;147.39;3.93;675;3;377.00;2
551;3;624228145;551;280;1228;1231;6.86;0.42;147.39;3.93;677;3;378.00;3
553;3;624228153;553;284;1229;1231;6.91;0.42;147.42;3.94;676;3;379.00;2
556;3;624228161;556;283;1229;1231;6.92;0.42;147.58;3.94;673;3;380.00;2
557;3;624228169;557;289;1230;1232;6.96;0.43;147.57;3.93;673;3;381.00;2
560;3;624228177;560;288;1231;1233;7.02;0.43;147.27;3.93;671;3;382.00;2
562;3;624228184;562;293;1232;1233;7.10;0.43;146.95;3.93;670;3;383.00;1
565;3;624228193;565;289;1244;1246;7.26;0.44;146.75;3.90;679;3;384.00;2
566;3;624228202;566;288;1244;1246;7.32;0.45;146.77;3.90;678;3;385.00;2
567;3;624228210;567;284;1244;1246;7.39;0.45;147.00;3.90;677;3;386.00;2
569;3;624228218;569;274;1245;1247;7.46;0.46;146.70;3.89;676;3;387.00;2
572;3;624228225;572;264;1246;1247;7.53;0.46;146.63;3.91;674;3;388.00;1
573;3;624228234;573;254;1249;1251;7.74;0.47;146.74;3.90;676;3;389.00;2
574;3;624228245;574;246;1249;1251;7.93;0.48;146.72;3.90;675;3;390.00;2
574;3;624228254;574;245;1254;1255;8.05;0.49;146.72;3.90;680;3;391.00;1
574;3;624228262;574;238;1254;1255;8.14;0.50;146.72;3.90;680;3;392.00;1
575;3;624228271;575;238;1254;1255;8.21;0.50;146.93;3.90;679;3;393.00;1
577;3;624228280;577;233;1255;1255;8.28;0.51;147.10;3.90;678;3;394.00;0
578;3;624228289;578;231;1255;1255;8.40;0.51;147.03;3.90;677;3;395.00;0
581;3;624228304;581;221;1267;1267;8.66;0.53;147.63;3.86;686;3;396.00;0
585;3;624228314;585;209;1267;1267;8.86;0.54;147.73;3.86;682;3;397.00;0
586;3;624228323;586;192;1267;1267;9.02;0.55;147.67;3.86;681;3;398.00;0
588;3;624228333;588;187;1267;1267;9.18;0.56;148.09;3.86;679;3;399.00;0
591;3;624228349;591;179;1267;1267;9.33;0.57;148.64;3.86;676;3;400.00;0
592;3;624228374;592;172;1267;1267;9.54;0.58;149.05;3.86;675;3;401.00;0
595;3;624228393;595;163;1268;1268;9.65;0.59;149.51;3.86;673;3;402.00;0
597;3;624228408;597;164;1268;1268;9.82;0.60;149.93;3.86;671;3;403.00;0
601;3;624228423;601;158;1274;1274;10.03;0.61;150.70;3.85;673;3;404.00;0
602;3;624228437;602;150;1276;1276;10.20;0.62;150.88;3.84;674;3;405.00;0
603;3;624228451;603;139;1276;1276;10.36;0.63;151.07;3.84;673;3;406.00;0
607;3;624228464;607;131;1276;1276;10.53;0.64;151.41;3.84;669;3;407.00;0
608;3;624228476;608;128;1280;1280;10.66;0.65;151.58;3.83;672;3;408.00;0
614;3;624228494;614;126;1280;1280;10.74;0.66;152.52;3.83;666;3;409.00;0
617;3;624228505;617;119;1280;1280;10.83;0.66;153.36;3.83;663;3;410.00;0
618;3;624228515;618;114;1281;1281;10.98;0.67;153.32;3.83;663;3;411.00;0
623;3;624228526;623;114;1285;1285;11.01;0.67;154.50;3.82;662;3;412.00;0
625;3;624228536;625;110;1285;1285;11.09;0.68;154.50;3.82;660;3;413.00;0
628;3;624228546;628;111;1287;1288;11.23;0.68;155.06;3.81;659;3;414.00;1
632;3;624228558;632;113;1287;1288;11.36;0.69;155.74;3.81;655;3;415.00;1
632;3;624228569;632;110;1288;1288;11.52;0.70;155.74;3.81;656;3;416.00;0
636;3;624228579;636;108;1288;1288;11.69;0.71;156.16;3.81;652;3;417.00;0
638;3;624228590;638;104;1292;1292;11.81;0.72;156.61;3.80;654;3;418.00;0
641;3;624228602;641;102;1292;1292;11.93;0.73;157.35;3.80;651;3;419.00;0
642;3;624228614;642;101;1292;1292;12.05;0.73;157.64;3.80;650;3;420.00;0
649;3;624228634;649;101;1292;1292;12.11;0.74;158.60;3.80;643;3;421.00;0
651;3;624228644;651;97;1293;1293;12.21;0.74;159.22;3.80;642;3;422.00;0
653;3;624228654;653;99;1294;1294;12.22;0.74;159.46;3.80;641;3;423.00;0
654;3;624228673;654;99;1294;1294;12.22;0.74;159.86;3.80;640;3;424.00;0
656;3;624228682;656;96;1295;1295;12.28;0.75;160.31;3.79;639;3;425.00;0
656;3;624228693;656;94;1295;1295;12.23;0.74;160.31;3.79;639;3;426.00;0
662;3;624228702;662;95;1295;1295;12.31;0.75;161.11;3.79;633;3;427.00;0
663;3;624228712;663;94;1295;1295;12.37;0.75;161.05;3.79;632;3;428.00;0
665;3;624228721;665;93;1295;1295;12.46;0.76;161.25;3.79;630;3;429.00;0
668;3;624228731;668;94;1295;1295;12.58;0.77;161.35;3.79;627;3;430.00;0
671;3;624228740;671;95;1295;1295;12.63;0.77;162.13;3.79;624;3;431.00;0
674;3;624228748;674;125;1375;1422;11.84;0.73;162.48;3.58;701;3;432.00;47
675;3;624228769;675;110;1375;1423;11.89;0.73;162.56;3.58;700;3;433.00;48
681;3;624228779;681;103;1380;1423;11.98;0.74;163.73;3.57;699;3;434.00;43
684;3;624228789;684;102;1380;1423;12.13;0.75;164.32;3.57;696;3;435.00;43
688;3;624228798;688;100;1384;1423;12.19;0.75;164.63;3.57;696;3;436.00;39
692;3;624228808;692;101;1384;1423;12.29;0.76;165.01;3.57;692;3;437.00;39
697;3;624228817;697;103;1388;1423;12.35;0.76;165.43;3.58;691;3;438.00;35
702;3;624228834;702;107;1391;1423;12.45;0.76;166.08;3.59;689;3;439.00;32
705;3;624228845;705;105;1394;1424;12.49;0.77;166.22;3.60;689;3;440.00;30
710;3;624228854;710;107;1399;1425;12.50;0.77;166.75;3.61;689;3;441.00;26
714;3;624228870;714;104;1401;1425;12.42;0.76;167.16;3.62;687;3;442.00;24
717;3;624228880;717;100;1405;1426;12.36;0.76;167.56;3.64;688;3;443.00;21
720;3;624228890;720;99;1407;1426;12.27;0.75;167.54;3.66;687;3;444.00;19
725;3;624228900;725;101;1409;1426;12.16;0.74;168.02;3.67;684;3;445.00;17
731;3;624228910;731;96;1413;1426;12.02;0.74;168.28;3.70;682;3;446.00;13
733;3;624228920;733;100;1415;1430;11.96;0.73;168.44;3.71;682;3;447.00;15
737;3;624228929;737;100;1418;1430;11.88;0.73;168.49;3.73;681;3;448.00;12
742;3;624228940;742;103;1419;1430;11.88;0.72;168.68;3.73;677;3;449.00;11
744;3;624228951;744;102;1422;1436;11.94;0.73;168.62;3.72;678;3;450.00;14
747;3;624228961;747;101;1424;1436;12.01;0.73;168.58;3.73;677;3;451.00;12
750;3;624228971;750;101;1426;1436;12.00;0.73;168.89;3.74;676;3;452.00;10
755;3;624228980;755;101;1430;1440;11.97;0.73;169.03;3.75;675;3;453.00;10
756;3;624228991;756;98;1432;1441;12.04;0.73;169.35;3.76;676;3;454.00;9
760;3;624229000;760;102;1432;1441;12.06;0.74;169.23;3.76;672;3;455.00;9
763;3;624229015;763;104;1435;1445;12.03;0.73;169.35;3.75;672;3;456.00;10
765;3;624229025;765;108;1437;1445;12.00;0.73;169.06;3.76;672;3;457.00;8
767;3;624229034;767;108;1438;1445;12.02;0.73;168.87;3.76;671;3;458.00;7
769;3;624229044;769;113;1439;1446;12.00;0.73;169.05;3.76;670;3;459.00;7
771;3;624229054;771;114;1439;1446;12.02;0.73;168.97;3.76;668;3;460.00;7
774;3;624229063;774;114;1445;1452;11.92;0.72;169.03;3.79;671;3;461.00;7
775;3;624229073;775;117;1445;1452;11.82;0.72;168.99;3.79;670;3;462.00;7
778;3;624229082;778;119;1447;1453;11.67;0.71;168.73;3.82;669;3;463.00;6
779;3;624229091;779;121;1447;1453;11.62;0.71;168.65;3.82;668;3;464.00;6
782;3;624229101;782;122;1447;1453;11.52;0.70;168.63;3.82;665;3;465.00;6
782;3;624229109;782;121;1448;1453;11.37;0.69;168.63;3.82;666;3;466.00;5
783;3;624229119;783;121;1448;1453;11.29;0.69;168.64;3.82;665;3;467.00;5
785;3;624229128;785;128;1457;1465;11.23;0.68;168.54;3.79;672;3;468.00;8
787;3;624229138;787;127;1457;1465;11.21;0.68;168.49;3.79;670;3;469.00;8
788;3;624229148;788;137;1461;1465;11.15;0.68;168.60;3.81;673;3;470.00;4
790;3;624229157;790;144;1461;1465;11.18;0.68;168.45;3.81;671;3;471.00;4
791;3;624229166;791;154;1461;1465;11.18;0.68;168.37;3.81;670;3;472.00;4
794;3;624229174;794;164;1462;1465;11.04;0.68;168.40;3.82;668;3;473.00;3
799;3;624229183;799;168;1465;1469;10.92;0.67;168.49;3.82;666;3;474.00;4
803;3;624229193;803;169;1465;1469;10.85;0.66;168.46;3.82;662;3;475.00;4
804;3;624229202;804;178;1471;1473;10.82;0.66;168.39;3.83;667;3;476.00;2
805;3;624229211;805;182;1473;1474;10.79;0.66;168.48;3.83;668;3;477.00;1
808;3;624229220;808;187;1474;1474;10.56;0.65;168.46;3.83;666;3;478.00;0
811;3;624229229;811;191;1474;1474;10.41;0.64;168.16;3.83;663;3;479.00;0
814;3;624229239;814;198;1496;1500;10.19;0.62;168.20;3.77;682;3;480.00;4
816;3;624229250;816;203;1496;1500;10.03;0.62;168.14;3.77;680;3;481.00;4
817;3;624229258;817;209;1499;1500;9.96;0.61;168.17;3.77;682;3;482.00;1
820;3;624229267;820;216;1501;1501;9.92;0.61;168.26;3.77;681;3;483.00;0
822;3;624229276;822;222;1502;1502;9.77;0.60;168.21;3.77;680;3;484.00;0
824;3;624229284;824;227;1502;1502;9.65;0.59;168.43;3.77;678;3;485.00;0
825;3;624229292;825;233;1504;1505;9.52;0.59;168.55;3.76;679;3;486.00;1
829;3;624229301;829;242;1504;1505;9.30;0.57;168.48;3.76;675;3;487.00;1
831;3;624229316;831;244;1505;1505;9.22;0.57;168.78;3.76;674;3;488.00;0
833;3;624229323;833;246;1505;1505;9.18;0.56;168.56;3.76;672;3;489.00;0
835;3;624229333;835;247;1511;1511;9.09;0.56;168.49;3.75;676;3;490.00;0
837;3;624229344;837;247;1511;1511;8.96;0.55;168.31;3.75;674;3;491.00;0
839;3;624229352;839;244;1511;1511;8.82;0.54;168.40;3.75;672;3;492.00;0
841;3;624229360;841;250;1511;1511;8.69;0.53;168.55;3.75;670;3;493.00;0
843;3;624229368;843;252;1515;1515;8.59;0.53;168.38;3.74;672;3;494.00;0
845;3;624229376;845;254;1517;1517;8.51;0.52;168.46;3.74;672;3;495.00;0
846;3;624229385;846;253;1517;1517;8.44;0.52;168.32;3.74;671;3;496.00;0
849;3;624229392;849;255;1518;1518;8.43;0.52;168.27;3.73;669;3;497.00;0
854;3;624229399;854;256;1518;1518;8.39;0.51;167.96;3.73;664;3;498.00;0
854;3;624229407;854;258;1518;1518;8.36;0.51;167.96;3.73;664;3;499.00;0
856;3;624229415;856;260;1518;1518;8.29;0.51;167.80;3.73;662;3;500.00;0
859;3;624229425;859;260;1518;1518;8.24;0.51;167.55;3.73;659;3;501.00;0
859;3;624229432;859;264;1518;1518;8.17;0.50;167.55;3.73;659;3;502.00;0
864;3;624229438;864;265;1518;1518;8.04;0.49;167.94;3.73;654;3;503.00;0
866;3;624229445;866;271;1558;1588;8.10;0.50;168.18;3.64;692;3;504.00;30
867;3;624229457;867;270;1563;1589;7.95;0.49;168.40;3.63;696;3;505.00;26
870;3;624229464;870;267;1570;1589;7.85;0.48;168.49;3.62;700;3;506.00;19
874;3;624229472;874;260;1574;1589;7.72;0.47;168.79;3.62;700;3;507.00;15
877;3;624229479;877;263;1577;1589;7.54;0.46;169.13;3.62;700;3;508.00;12
882;3;624229485;882;266;1579;1589;7.37;0.45;169.48;3.62;697;3;509.00;10
888;3;624229494;888;258;1580;1589;7.30;0.45;170.22;3.63;692;3;510.00;9
891;3;624229501;891;255;1583;1589;7.30;0.45;170.78;3.63;692;3;511.00;6
892;3;624229508;892;256;1586;1590;7.33;0.45;170.65;3.64;694;3;512.00;4
896;3;624229514;896;251;1588;1591;7.28;0.45;171.20;3.65;692;3;513.00;3
898;3;624229524;898;252;1590;1591;7.27;0.45;171.82;3.65;692;3;514.00;1
900;3;624229533;900;259;1595;1595;7.25;0.44;172.14;3.64;695;3;515.00;0
901;3;624229541;901;262;1595;1595;7.28;0.45;172.36;3.64;694;3;516.00;0
904;3;624229548;904;264;1595;1595;7.31;0.45;172.77;3.64;691;3;517.00;0
905;3;624229556;905;262;1595;1595;7.37;0.45;173.04;3.64;690;3;518.00;0
909;3;624229563;909;261;1601;1601;7.42;0.46;173.08;3.63;692;3;519.00;0
913;3;624229571;913;259;1601;1601;7.45;0.46;173.45;3.63;688;3;520.00;0
914;3;624229579;914;261;1601;1601;7.49;0.46;173.44;3.63;687;3;521.00;0
917;3;624229586;917;264;1604;1604;7.49;0.46;173.94;3.63;687;3;522.00;0
919;3;624229594;919;253;1604;1604;7.43;0.46;174.21;3.63;685;3;523.00;0
921;3;624229602;921;244;1604;1604;7.44;0.46;174.01;3.63;683;3;524.00;0
923;3;624229610;923;246;1605;1605;7.44;0.46;174.46;3.62;682;3;525.00;0
925;3;624229617;925;239;1606;1606;7.53;0.46;174.66;3.62;681;3;526.00;0
931;3;624229626;931;240;1606;1606;7.49;0.46;174.59;3.62;675;3;527.00;0
936;3;624229633;936;240;1617;1619;7.62;0.46;175.05;3.60;681;3;528.00;2
939;3;624229643;939;242;1618;1619;7.64;0.47;174.80;3.60;679;3;529.00;1
942;3;624229657;942;241;1619;1619;7.61;0.46;175.33;3.60;677;3;530.00;0
946;3;624229665;946;239;1620;1620;7.60;0.46;175.59;3.59;674;3;531.00;0
946;3;624229674;946;240;1620;1620;7.54;0.46;175.59;3.59;674;3;532.00;0
949;3;624229688;949;238;1624;1624;7.55;0.46;175.57;3.59;675;3;533.00;0
952;3;624229697;952;235;1624;1624;7.56;0.46;175.95;3.59;672;3;534.00;0
955;3;624229705;955;234;1628;1628;7.57;0.46;175.93;3.58;673;3;535.00;0
957;3;624229719;957;232;1628;1628;7.65;0.47;176.14;3.58;671;3;536.00;0
963;3;624229728;963;231;1628;1628;7.64;0.46;176.21;3.58;665;3;537.00;0
967;3;624229737;967;230;1628;1628;7.75;0.47;176.43;3.58;661;3;538.00;0
970;3;624229745;970;230;1628;1628;7.86;0.48;176.52;3.58;658;3;539.00;0
971;3;624229755;971;231;1658;1662;8.12;0.50;176.68;3.52;687;3;540.00;4
973;3;624229766;973;231;1658;1662;8.22;0.50;176.77;3.52;685;3;541.00;4
976;3;624229774;976;229;1661;1662;8.37;0.51;177.13;3.51;685;3;542.00;1
979;3;624229783;979;227;1661;1662;8.42;0.52;177.20;3.51;682;3;543.00;1
981;3;624229792;981;225;1662;1662;8.49;0.52;177.38;3.51;681;3;544.00;0
983;3;624229800;983;224;1662;1662;8.60;0.52;177.45;3.51;679;3;545.00;0
988;3;624229809;988;221;1663;1663;8.59;0.52;177.70;3.51;675;3;546.00;0
992;3;624229818;992;222;1663;1663;8.57;0.52;177.29;3.51;671;3;547.00;0
994;3;624229826;994;217;1669;1669;8.53;0.52;177.30;3.50;675;3;548.00;0
997;3;624229835;997;217;1670;1670;8.53;0.52;177.39;3.50;673;3;549.00;0
1000;3;624229843;1000;216;1670;1670;8.54;0.52;177.28;3.50;670;3;550.00;0
1003;3;624229852;1003;217;1670;1670;8.53;0.52;177.54;3.50;667;3;551.00;0
1007;3;624229861;1007;220;1674;1674;8.52;0.52;177.94;3.49;667;3;552.00;0
1009;3;624229870;1009;215;1674;1674;8.56;0.52;177.91;3.49;665;3;553.00;0
1012;3;624229878;1012;219;1674;1674;8.57;0.52;178.28;3.49;662;3;554.00;0
1016;3;624229886;1016;219;1675;1675;8.55;0.52;178.60;3.49;659;3;555.00;0
1018;3;624229895;1018;220;1679;1679;8.66;0.53;178.58;3.48;661;3;556.00;0
1020;3;624229904;1020;209;1679;1679;8.70;0.53;178.94;3.48;659;3;557.00;0
1022;3;624229913;1022;200;1681;1682;8.85;0.54;179.22;3.48;659;3;558.00;1
1023;3;624229922;1023;193;1681;1682;8.95;0.55;179.19;3.48;658;3;559.00;1
1024;3;624229931;1024;188;1682;1682;9.06;0.55;179.21;3.48;658;3;560.00;0
1028;3;624229940;1028;186;1682;1682;9.14;0.56;179.05;3.48;654;3;561.00;0
1030;3;624229949;1030;182;1686;1686;9.31;0.57;179.30;3.47;656;3;562.00;0
1034;3;624229959;1034;181;1686;1686;9.34;0.57;179.50;3.47;652;3;563.00;0
1037;3;624229968;1037;183;1686;1686;9.46;0.57;179.53;3.47;649;3;564.00;0
1040;3;624229979;1040;182;1686;1686;9.52;0.58;179.74;3.47;646;3;565.00;0
1040;3;624229989;1040;166;1687;1687;9.63;0.58;179.74;3.47;647;3;566.00;0
1044;3;624230005;1044;157;1688;1688;9.73;0.59;179.88;3.47;644;3;567.00;0
1045;3;624230015;1045;146;1688;1688;9.83;0.59;179.98;3.47;643;3;568.00;0
1046;3;624230025;1046;140;1689;1689;9.95;0.60;180.32;3.47;643;3;569.00;0
1046;3;624230036;1046;134;1689;1689;10.09;0.61;180.32;3.47;643;3;570.00;0
1047;3;624230045;1047;131;1689;1689;10.22;0.62;180.64;3.47;642;3;571.00;0
1050;3;624230055;1050;129;1689;1689;10.31;0.62;180.73;3.47;639;3;572.00;0
1052;3;624230065;1052;128;1689;1689;10.50;0.64;181.13;3.47;637;3;573.00;0
1055;3;624230074;1055;121;1689;1689;10.70;0.65;181.53;3.47;634;3;574.00;0
1059;3;624230083;1059;119;1689;1689;10.85;0.66;181.65;3.47;630;3;575.00;0
1061;3;624230093;1061;145;1770;1816;10.72;0.66;181.84;3.31;709;3;576.00;46
1061;3;624230112;1061;134;1773;1817;10.83;0.67;181.84;3.31;712;3;577.00;44
1064;3;624230122;1064;123;1780;1817;10.99;0.68;182.50;3.30;716;3;578.00;37
1066;3;624230132;1066;113;1783;1817;11.11;0.68;182.72;3.30;717;3;579.00;34
1068;3;624230142;1068;106;1788;1817;11.22;0.69;182.86;3.30;720;3;580.00;29
1071;3;624230152;1071;102;1790;1817;11.30;0.69;183.15;3.31;719;3;581.00;27
1073;3;624230162;1073;105;1793;1817;11.39;0.70;183.38;3.31;720;3;582.00;24
1075;3;624230172;1075;110;1795;1817;11.48;0.70;183.60;3.31;720;3;583.00;22
1079;3;624230182;1079;110;1797;1818;11.46;0.70;184.31;3.32;718;3;584.00;21
1083;3;624230192;1083;114;1803;1820;11.39;0.70;184.89;3.33;720;3;585.00;17
1086;3;624230203;1086;111;1805;1820;11.41;0.70;185.39;3.34;719;3;586.00;15
1089;3;624230218;1089;116;1808;1821;11.42;0.70;186.16;3.35;719;3;587.00;13
1093;3;624230228;1093;122;1810;1821;11.43;0.70;186.75;3.36;717;3;588.00;11
1098;3;624230238;1098;128;1813;1821;11.49;0.70;186.76;3.37;715;3;589.00;8
1101;3;624230249;1101;131;1814;1821;11.57;0.71;187.49;3.38;713;3;590.00;7
1105;3;624230258;1105;134;1819;1825;11.65;0.71;187.54;3.38;714;3;591.00;6
1108;3;624230269;1108;132;1821;1825;11.76;0.72;187.74;3.39;713;3;592.00;4
1111;3;624230279;1111;131;1821;1825;11.92;0.73;188.05;3.39;710;3;593.00;4
1113;3;624230289;1113;130;1824;1828;12.04;0.74;188.19;3.40;711;3;594.00;4
1119;3;624230299;1119;131;1825;1828;12.29;0.75;188.88;3.40;706;3;595.00;3
1122;3;624230311;1122;130;1825;1828;12.40;0.76;189.49;3.40;703;3;596.00;3
1126;3;624230321;1126;129;1831;1832;12.46;0.76;189.96;3.41;705;3;597.00;1
1128;3;624230331;1128;131;1833;1833;12.61;0.77;190.08;3.41;705;3;598.00;0
1133;3;624230346;1133;131;1833;1833;12.68;0.77;190.41;3.41;700;3;599.00;0
1133;3;624230366;1133;138;1845;1859;12.61;0.77;190.41;3.39;712;3;600.00;14
1137;3;624230392;1137;133;1846;1859;12.64;0.77;190.73;3.39;709;3;601.00;13
1141;3;624230408;1141;133;1846;1859;12.62;0.77;191.20;3.39;705;3;602.00;13
1146;3;624230425;1146;136;1847;1860;12.63;0.77;191.30;3.39;701;3;603.00;13
1149;3;624230440;1149;134;1848;1860;12.63;0.77;191.69;3.39;699;3;604.00;12
1155;3;624230452;1155;138;1853;1866;12.62;0.77;192.49;3.38;698;3;605.00;13
1158;3;624230464;1158;141;1855;1866;12.64;0.77;192.62;3.39;697;3;606.00;11
1163;3;624230476;1163;136;1856;1867;12.65;0.77;193.22;3.38;693;3;607.00;11
1164;3;624230487;1164;137;1857;1867;12.63;0.77;193.31;3.38;693;3;608.00;10
1168;3;624230498;1168;133;1857;1867;12.61;0.76;193.63;3.38;689;3;609.00;10
1172;3;624230509;1172;131;1857;1867;12.62;0.77;193.59;3.38;685;3;610.00;10
1176;3;624230520;1176;130;1858;1867;12.56;0.76;193.52;3.39;682;3;611.00;9
1177;3;624230533;1177;125;1869;1879;12.50;0.76;193.73;3.38;692;3;612.00;10
1181;3;624230545;1181;122;1869;1879;12.47;0.76;193.69;3.38;688;3;613.00;10
1184;3;624230561;1184;117;1869;1879;12.44;0.75;193.69;3.38;685;3;614.00;10
1187;3;624230573;1187;116;1871;1879;12.40;0.75;193.75;3.38;684;3;615.00;8
1188;3;624230582;1188;116;1872;1879;12.42;0.75;193.74;3.39;684;3;616.00;7
1195;3;624230592;1195;111;1872;1879;12.42;0.75;193.76;3.39;677;3;617.00;7
1197;3;624230603;1197;113;1875;1883;12.46;0.76;193.80;3.38;678;3;618.00;8
1204;3;624230613;1204;108;1875;1883;12.52;0.76;193.75;3.38;671;3;619.00;8
1207;3;624230623;1207;102;1878;1887;12.63;0.77;194.02;3.38;671;3;620.00;9
1209;3;624230634;1209;99;1882;1888;12.65;0.77;193.89;3.39;673;3;621.00;6
1213;3;624230645;1213;101;1882;1888;12.62;0.76;193.98;3.39;669;3;622.00;6
1215;3;624230656;1215;97;1882;1888;12.64;0.77;194.10;3.39;667;3;623.00;6
1219;3;624230665;1219;100;1890;1901;12.47;0.75;194.19;3.38;671;3;624.00;11
1223;3;624230677;1223;99;1890;1901;12.41;0.75;194.04;3.38;667;3;625.00;11
1224;3;624230686;1224;100;1890;1901;12.38;0.75;194.09;3.38;666;3;626.00;11
1227;3;624230695;1227;107;1893;1902;12.35;0.75;194.19;3.40;666;3;627.00;9
1228;3;624230705;1228;109;1894;1903;12.36;0.75;194.16;3.41;666;3;628.00;9
1230;3;624230715;1230;108;1895;1903;12.33;0.75;194.19;3.41;665;3;629.00;8
1231;3;624230726;1231;115;1899;1909;12.50;0.76;194.31;3.40;668;3;630.00;10
1236;3;624230736;1236;117;1900;1909;12.57;0.76;194.30;3.40;664;3;631.00;9
1239;3;624230746;1239;117;1901;1909;12.67;0.77;194.11;3.40;662;3;632.00;8
1241;3;624230755;1241;119;1902;1909;12.63;0.77;193.97;3.42;661;3;633.00;7
1241;3;624230765;1241;120;1907;1915;12.61;0.77;193.97;3.41;666;3;634.00;8
1244;3;624230774;1244;119;1907;1915;12.48;0.76;193.84;3.41;663;3;635.00;8
1244;3;624230785;1244;120;1907;1915;12.33;0.75;193.84;3.41;663;3;636.00;8
1246;3;624230794;1246;122;1907;1915;12.12;0.74;193.78;3.41;661;3;637.00;8
1249;3;624230803;1249;128;1910;1919;11.98;0.73;193.80;3.41;661;3;638.00;9
1251;3;624230814;1251;138;1913;1920;11.84;0.72;193.76;3.43;662;3;639.00;7
1253;3;624230823;1253;145;1915;1920;11.70;0.71;193.62;3.44;662;3;640.00;5
1254;3;624230832;1254;150;1917;1921;11.59;0.71;193.67;3.45;663;3;641.00;4
1254;3;624230841;1254;156;1917;1921;11.52;0.70;193.67;3.45;663;3;642.00;4
1257;3;624230850;1257;164;1918;1921;11.43;0.70;193.44;3.46;661;3;643.00;3
1258;3;624230858;1258;171;1918;1921;11.32;0.69;193.34;3.46;660;3;644.00;3
1259;3;624230867;1259;177;1919;1921;11.29;0.69;193.42;3.47;660;3;645.00;2
1264;3;624230876;1264;183;1919;1921;11.14;0.68;193.31;3.47;655;3;646.00;2
1266;3;624230885;1266;187;1921;1921;10.98;0.67;193.27;3.48;655;3;647.00;0
1267;3;624230893;1267;201;1958;1991;10.94;0.67;193.39;3.41;691;3;648.00;33
1268;3;624230908;1268;201;1962;1992;10.78;0.66;193.41;3.41;694;3;649.00;30
1269;3;624230916;1269;206;1969;1992;10.65;0.65;193.33;3.40;700;3;650.00;23
1270;3;624230925;1270;209;1971;1992;10.51;0.64;193.28;3.40;701;3;651.00;21
1274;3;624230935;1274;216;1977;1992;10.32;0.63;193.06;3.40;703;3;652.00;15
1275;3;624230944;1275;217;1979;1992;10.22;0.63;193.09;3.40;704;3;653.00;13
1277;3;624230952;1277;221;1982;1992;10.02;0.61;193.18;3.41;705;3;654.00;10
1280;3;624230960;1280;232;1985;1992;9.85;0.60;193.01;3.41;705;3;655.00;7
1282;3;624230970;1282;229;1987;1993;9.63;0.59;192.90;3.42;705;3;656.00;6
1285;3;624230978;1285;234;1989;1994;9.43;0.58;192.80;3.42;704;3;657.00;5
1286;3;624230987;1286;235;1992;1994;9.27;0.57;192.88;3.43;706;3;658.00;2
1288;3;624230995;1288;234;1998;1998;9.09;0.56;192.66;3.43;710;3;659.00;0
1290;3;624231006;1290;230;1998;1998;9.00;0.55;192.65;3.43;708;3;660.00;0
1291;4;624231015;1291;231;1998;1998;8.88;0.54;192.59;3.43;707;4;661.00;0
1292;4;624231037;1292;236;1998;1998;8.84;0.54;192.46;3.43;706;4;662.00;0
1293;4;624231048;1293;238;2004;2004;8.85;0.54;192.40;3.42;711;4;663.00;0
1295;4;624231058;1295;242;2004;2004;8.77;0.54;192.26;3.42;709;4;664.00;0
1297;4;624231067;1297;244;2004;2004;8.68;0.53;192.15;3.42;707;4;665.00;0
1297;4;624231075;1297;247;2006;2007;8.65;0.53;192.15;3.42;709;4;666.00;1
1299;4;624231084;1299;255;2006;2007;8.57;0.52;192.02;3.42;707;4;667.00;1
1302;4;624231099;1302;254;2007;2007;8.46;0.52;191.96;3.42;705;4;668.00;0
1305;4;624231108;1305;256;2008;2008;8.36;0.51;191.89;3.42;703;4;669.00;0
1307;4;624231117;1307;260;2009;2009;8.27;0.50;191.88;3.42;702;4;670.00;0
1310;4;624231126;1310;270;2009;2009;8.11;0.49;191.82;3.42;699;4;671.00;0
1311;4;624231134;1311;275;2021;2022;8.01;0.49;191.69;3.39;710;4;672.00;1
1314;4;624231143;1314;278;2021;2022;7.93;0.48;191.96;3.39;707;4;673.00;1
1318;4;624231151;1318;276;2022;2022;7.89;0.48;191.76;3.39;704;4;674.00;0
1321;5;624231159;1321;266;2024;2024;7.81;0.48;192.04;3.39;703;5;675.00;0
1322;5;624231186;1322;256;2024;2024;7.78;0.47;191.94;3.39;702;5;676.00;0
1326;5;624231194;1326;250;2028;2028;7.82;0.48;192.07;3.39;702;5;677.00;0
1328;5;624231202;1328;250;2028;2028;7.81;0.48;191.96;3.39;700;5;678.00;0
1330;5;624231210;1330;248;2032;2032;7.75;0.48;192.25;3.38;702;5;679.00;0
1330;5;624231218;1330;237;2032;2032;7.77;0.48;192.25;3.38;702;5;680.00;0
1335;5;624231226;1335;232;2032;2032;7.69;0.47;192.56;3.38;697;5;681.00;0
1339;5;624231234;1339;229;2032;2032;7.71;0.47;192.52;3.38;693;5;682.00;0
1342;6;624231242;1342;219;2032;2032;7.73;0.47;192.58;3.38;690;6;683.00;0
1347;6;624231262;1347;215;2042;2044;7.81;0.48;192.92;3.36;695;6;684.00;2
1349;7;624231272;1349;216;2042;2044;7.95;0.49;193.04;3.36;693;7;685.00;2
1351;7;624231293;1351;222;2044;2044;8.10;0.50;193.38;3.36;693;7;686.00;0
1353;7;624231301;1353;214;2044;2044;8.27;0.51;193.44;3.36;691;7;687.00;0
1354;7;624231321;1354;208;2044;2044;8.43;0.52;193.59;3.36;690;7;688.00;0
1356;8;624231330;1356;204;2044;2044;8.49;0.52;193.64;3.36;688;8;689.00;0
1357;8;624231353;1357;195;2045;2045;8.49;0.52;193.82;3.36;688;8;690.00;0
1359;8;624231363;1359;191;2045;2045;8.41;0.51;194.06;3.36;686;8;691.00;0
1361;8;624231377;1361;190;2051;2051;8.47;0.52;194.23;3.36;690;8;692.00;0
1365;8;624231391;1365;188;2052;2052;8.49;0.52;194.60;3.35;687;8;693.00;0
1366;8;624231405;1366;192;2052;2052;8.54;0.52;194.81;3.35;686;8;694.00;0
1370;8;624231414;1370;190;2052;2052;8.54;0.52;194.90;3.35;682;8;695.00;0
1372;8;624231422;1372;187;2056;2056;8.62;0.53;194.95;3.35;684;8;696.00;0
1373;8;624231431;1373;189;2056;2056;8.69;0.53;194.86;3.35;683;8;697.00;0
1379;8;624231445;1379;181;2056;2056;8.65;0.53;195.23;3.35;677;8;698.00;0
1382;8;624231454;1382;184;2057;2057;8.67;0.53;195.23;3.35;675;8;699.00;0
1385;8;624231463;1385;183;2061;2061;8.68;0.53;195.03;3.34;676;8;700.00;0
1391;8;624231476;1391;183;2061;2061;8.64;0.53;195.35;3.34;670;8;701.00;0
1395;8;624231485;1395;182;2063;2064;8.66;0.53;195.41;3.34;668;8;702.00;1
1402;8;624231494;1402;181;2063;2064;8.62;0.52;195.39;3.34;661;8;703.00;1
1406;8;624231502;1406;180;2064;2064;8.61;0.52;195.72;3.34;658;8;704.00;0
1408;8;624231511;1408;182;2064;2064;8.62;0.52;195.75;3.34;656;8;705.00;0
1411;8;624231519;1411;182;2068;2068;8.66;0.53;195.89;3.33;657;8;706.00;0
1413;8;624231528;1413;180;2068;2068;8.66;0.53;196.20;3.33;655;8;707.00;0
1414;8;624231537;1414;183;2068;2068;8.68;0.53;196.26;3.33;654;8;708.00;0
1417;8;624231545;1417;187;2068;2068;8.60;0.52;196.53;3.33;651;8;709.00;0
1418;8;624231553;1418;186;2069;2069;8.55;0.52;196.66;3.33;651;8;710.00;0
1424;8;624231562;1424;188;2070;2070;8.54;0.52;196.53;3.33;646;8;711.00;0
1427;8;624231570;1427;185;2070;2070;8.53;0.52;196.71;3.33;643;8;712.00;0
1431;8;624231578;1431;183;2071;2071;8.58;0.52;196.74;3.33;640;8;713.00;0
1437;8;624231587;1437;177;2071;2071;8.51;0.52;196.99;3.33;634;8;714.00;0
1440;8;624231596;1440;181;2071;2071;8.59;0.52;197.01;3.33;631;8;715.00;0
1443;8;624231610;1443;181;2071;2071;8.61;0.52;197.24;3.33;628;8;716.00;0
1448;8;624231618;1448;177;2071;2071;8.58;0.52;197.31;3.33;623;8;717.00;0
1451;8;624231627;1451;172;2071;2071;8.54;0.52;197.44;3.33;620;8;718.00;0
1453;8;624231635;1453;173;2071;2071;8.50;0.52;197.54;3.33;618;8;719.00;0
1455;8;624231645;1455;213;2190;2301;8.71;0.55;197.67;3.15;735;8;720.00;111
1459;8;624231672;1459;204;2199;2302;8.70;0.55;197.61;3.14;740;8;721.00;103
1465;8;624231682;1465;193;2212;2302;8.72;0.55;198.03;3.13;747;8;722.00;90
1470;8;624231691;1470;186;2221;2302;8.69;0.55;198.28;3.13;751;8;723.00;81
1473;8;624231700;1473;181;2229;2302;8.67;0.54;198.29;3.14;756;8;724.00;73
1476;8;624231709;1476;179;2233;2302;8.67;0.54;198.71;3.14;757;8;725.00;69
1476;8;624231719;1476;172;2242;2302;8.73;0.55;198.71;3.15;766;8;726.00;60
1480;8;624231728;1480;165;2247;2302;8.74;0.55;198.72;3.16;767;8;727.00;55
1482;8;624231738;1482;161;2253;2303;8.72;0.54;198.93;3.17;771;8;728.00;50
1484;8;624231748;1484;154;2260;2304;8.76;0.55;198.95;3.19;776;8;729.00;44
1486;8;624231757;1486;152;2267;2304;8.76;0.55;199.13;3.21;781;8;730.00;37
1489;8;624231768;1489;160;2271;2305;8.79;0.55;199.43;3.22;782;8;731.00;34
1492;8;624231778;1492;162;2275;2305;8.75;0.54;199.38;3.24;783;8;732.00;30
1495;8;624231789;1495;166;2276;2305;8.76;0.54;199.63;3.24;781;8;733.00;29
1496;8;624231799;1496;176;2279;2305;8.74;0.54;199.85;3.26;783;8;734.00;26
1498;8;624231809;1498;184;2284;2309;8.69;0.54;200.05;3.27;786;8;735.00;25
1502;8;624231826;1502;181;2286;2309;8.65;0.54;200.38;3.27;784;8;736.00;23
1504;8;624231836;1504;180;2286;2309;8.70;0.54;200.45;3.27;782;8;737.00;23
1512;8;624231847;1512;177;2288;2312;8.67;0.53;200.41;3.28;776;8;738.00;24
1513;8;624231858;1513;173;2288;2312;8.83;0.54;200.48;3.28;775;8;739.00;24
1517;8;624231869;1517;167;2288;2312;8.97;0.55;200.73;3.28;771;8;740.00;24
1519;8;624231880;1519;172;2292;2316;9.07;0.56;200.78;3.27;773;8;741.00;24
1522;8;624231892;1522;170;2294;2317;9.22;0.57;201.01;3.28;772;8;742.00;23
1526;8;624231902;1526;168;2294;2317;9.40;0.58;201.41;3.28;768;8;743.00;23
1529;8;624231913;1529;168;2299;2321;9.57;0.59;201.63;3.28;770;8;744.00;22
1534;8;624231925;1534;166;2299;2321;9.75;0.60;201.88;3.28;765;8;745.00;22
1536;8;624231936;1536;160;2299;2321;9.87;0.60;202.19;3.28;763;8;746.00;22
1540;8;624231947;1540;160;2301;2322;9.93;0.61;202.47;3.30;761;8;747.00;21
1540;8;624231958;1540;162;2301;2322;10.14;0.62;202.47;3.30;761;8;748.00;21
1544;8;624231970;1544;159;2307;2328;10.22;0.62;202.44;3.30;763;8;749.00;21
1546;8;624231984;1546;162;2308;2328;10.34;0.63;202.55;3.31;762;8;750.00;20
1548;8;624231994;1548;162;2309;2329;10.45;0.63;202.43;3.31;761;8;751.00;20
1551;8;624232005;1551;164;2310;2329;10.52;0.64;202.51;3.32;759;8;752.00;19
1553;8;624232016;1553;164;2311;2329;10.55;0.64;202.56;3.33;758;8;753.00;18
1556;8;624232027;1556;161;2312;2329;10.64;0.65;202.73;3.34;756;8;754.00;17
1561;8;624232037;1561;159;2312;2329;10.72;0.65;202.88;3.34;751;8;755.00;17
1563;9;624232048;1563;156;2322;2341;10.81;0.66;203.13;3.33;759;9;756.00;19
1564;9;624232070;1564;157;2324;2341;10.97;0.67;203.20;3.36;760;9;757.00;17
1568;9;624232081;1568;156;2327;2341;11.08;0.68;203.57;3.39;759;9;758.00;14
1570;9;624232092;1570;155;2327;2341;11.19;0.68;203.57;3.39;757;9;759.00;14
1574;9;624232103;1574;154;2329;2341;11.22;0.68;203.90;3.40;755;9;760.00;12
1576;9;624232113;1576;153;2330;2341;11.27;0.69;204.12;3.40;754;9;761.00;11
1580;9;624232123;1580;149;2334;2345;11.26;0.69;204.46;3.40;754;9;762.00;11
1582;9;624232134;1582;152;2334;2345;11.36;0.69;204.53;3.40;752;9;763.00;11
1585;9;624232144;1585;151;2337;2349;11.47;0.70;204.61;3.39;752;9;764.00;12
1587;9;624232155;1587;154;2340;2351;11.51;0.70;204.68;3.39;753;9;765.00;11
1590;9;624232165;1590;156;2341;2351;11.50;0.70;204.87;3.39;751;9;766.00;10
1596;9;624232176;1596;156;2341;2351;11.46;0.70;205.16;3.39;745;9;767.00;10
1598;9;624232185;1598;155;2351;2364;11.53;0.70;205.29;3.38;753;9;768.00;13
1601;9;624232196;1601;154;2352;2364;11.52;0.70;205.24;3.40;751;9;769.00;12
1603;9;624232205;1603;157;2352;2364;11.57;0.70;205.13;3.40;749;9;770.00;12
1605;9;624232215;1605;157;2353;2365;11.57;0.70;205.25;3.40;748;9;771.00;12
1609;9;624232225;1609;156;2353;2366;11.63;0.71;205.34;3.40;744;9;772.00;13
1610;9;624232235;1610;158;2353;2366;11.67;0.71;205.38;3.40;743;9;773.00;13
1616;9;624232244;1616;157;2355;2369;11.68;0.71;205.61;3.39;739;9;774.00;14
1617;9;624232255;1617;162;2355;2369;11.70;0.71;205.65;3.39;738;9;775.00;14
1621;9;624232265;1621;161;2356;2369;11.73;0.71;205.87;3.39;735;9;776.00;13
1623;9;624232275;1623;167;2356;2369;11.72;0.71;206.18;3.39;733;9;777.00;13
1625;9;624232285;1625;169;2361;2375;11.70;0.71;206.13;3.39;736;9;778.00;14
1629;9;624232295;1629;168;2361;2375;11.70;0.71;206.48;3.39;732;9;779.00;14
1634;9;624232306;1634;168;2361;2375;11.70;0.71;206.62;3.39;727;9;780.00;14
1638;9;624232316;1638;171;2361;2375;11.60;0.71;206.64;3.39;723;9;781.00;14
1641;9;624232326;1641;172;2364;2379;11.49;0.70;206.88;3.38;723;9;782.00;15
1645;9;624232336;1645;170;2365;2380;11.36;0.69;207.19;3.38;720;9;783.00;15
1646;9;624232355;1646;167;2365;2380;11.29;0.69;207.15;3.38;719;9;784.00;15
1650;9;624232372;1650;164;2368;2381;11.20;0.68;207.26;3.39;718;9;785.00;13
1652;9;624232391;1652;168;2368;2381;11.25;0.69;207.42;3.39;716;9;786.00;13
1657;9;624232405;1657;169;2368;2381;11.26;0.69;207.36;3.39;711;9;787.00;13
1660;9;624232421;1660;169;2368;2381;11.27;0.69;207.53;3.39;708;9;788.00;13
1663;9;624232437;1663;167;2368;2381;11.24;0.69;207.47;3.39;705;9;789.00;13
1666;9;624232450;1666;167;2368;2381;11.20;0.68;207.58;3.39;702;9;790.00;13
1669;9;624232464;1669;167;2368;2381;11.17;0.68;207.60;3.39;699;9;791.00;13
1673;9;624232475;1673;170;2400;2451;11.03;0.68;207.91;3.35;727;9;792.00;51
1676;9;624232492;1676;176;2401;2452;11.01;0.67;207.77;3.35;725;9;793.00;51
1678;9;624232503;1678;174;2409;2452;10.97;0.67;207.81;3.34;731;9;794.00;43
1678;9;624232513;1678;173;2412;2452;10.92;0.67;207.81;3.34;734;9;795.00;40
1681;9;624232524;1681;173;2415;2452;10.82;0.66;207.82;3.34;734;9;796.00;37
1684;9;624232535;1684;176;2418;2452;10.75;0.66;207.66;3.34;734;9;797.00;34
1687;9;624232545;1687;179;2424;2452;10.61;0.65;207.94;3.38;737;9;798.00;28
1691;9;624232555;1691;183;2426;2452;10.55;0.64;208.09;3.38;735;9;799.00;26
1696;9;624232567;1696;185;2428;2453;10.44;0.64;207.88;3.42;732;9;800.00;25
1699;9;624232582;1699;185;2433;2454;10.33;0.63;208.08;3.43;734;9;801.00;21
1702;9;624232593;1702;186;2435;2454;10.24;0.63;207.92;3.46;733;9;802.00;19
1705;9;624232603;1705;193;2439;2458;10.15;0.62;208.12;3.46;734;9;803.00;19
1709;9;624232613;1709;200;2440;2458;10.06;0.62;208.03;3.46;731;9;804.00;18
1712;9;624232622;1712;202;2442;2458;9.96;0.61;207.84;3.50;730;9;805.00;16
1715;9;624232632;1715;208;2442;2458;9.89;0.61;207.75;3.50;727;9;806.00;16
1720;9;624232641;1720;214;2447;2464;9.81;0.60;207.48;3.49;727;9;807.00;17
1722;9;624232651;1722;216;2448;2464;9.70;0.59;207.38;3.53;726;9;808.00;16
1724;9;624232661;1724;227;2448;2464;9.64;0.59;207.28;3.53;724;9;809.00;16
1724;9;624232672;1724;237;2453;2470;9.59;0.59;207.28;3.53;729;9;810.00;17
1728;9;624232681;1728;242;2455;2470;9.46;0.58;207.16;3.58;727;9;811.00;15
1730;9;624232691;1730;246;2457;2470;9.36;0.57;207.19;3.58;727;9;812.00;13
1730;9;624232700;1730;250;2460;2471;9.23;0.56;207.19;3.63;730;9;813.00;11
1732;9;624232709;1732;262;2461;2472;9.08;0.55;207.05;3.63;729;9;814.00;11
1735;9;624232718;1735;268;2464;2472;8.89;0.54;207.08;3.68;729;9;815.00;8
1738;9;624232727;1738;272;2473;2485;8.78;0.53;206.80;3.70;735;9;816.00;12
1740;9;624232736;1740;281;2475;2485;8.67;0.53;206.82;3.71;735;9;817.00;10
1742;9;624232745;1742;292;2477;2485;8.58;0.52;206.69;3.73;735;9;818.00;8
1743;9;624232754;1743;299;2478;2486;8.54;0.52;206.70;3.73;735;9;819.00;8
1744;9;624232763;1744;303;2480;2486;8.44;0.51;206.60;3.75;736;9;820.00;6
1747;9;624232771;1747;308;2485;2490;8.40;0.51;206.62;3.75;738;9;821.00;5
1750;9;624232780;1750;315;2487;2490;8.35;0.51;206.50;3.76;737;9;822.00;3
1753;9;624232789;1753;322;2492;2494;8.23;0.50;206.36;3.77;739;9;823.00;2
1755;9;624232797;1755;327;2492;2494;8.16;0.50;206.23;3.77;737;9;824.00;2
1755;9;624232806;1755;331;2493;2494;8.11;0.49;206.23;3.77;738;9;825.00;1
1756;9;624232814;1756;336;2493;2494;8.03;0.49;206.17;3.77;737;9;826.00;1
1758;9;624232823;1758;326;2493;2494;7.91;0.48;206.13;3.77;735;9;827.00;1
1760;9;624232831;1760;320;2504;2506;7.88;0.48;206.03;3.76;744;9;828.00;2
1761;9;624232841;1761;313;2504;2506;7.84;0.48;206.01;3.76;743;9;829.00;2
1761;9;624232850;1761;307;2506;2506;7.87;0.48;206.01;3.75;745;9;830.00;0
1762;9;624232859;1762;302;2506;2506;7.83;0.48;206.11;3.75;744;9;831.00;0
1764;9;624232869;1764;295;2506;2506;7.84;0.48;206.12;3.75;742;9;832.00;0
1764;9;624232877;1764;292;2506;2506;7.84;0.48;206.12;3.75;742;9;833.00;0
1764;9;624232893;1764;289;2507;2507;7.89;0.49;206.12;3.75;743;9;834.00;0
1767;9;624232901;1767;292;2507;2507;7.91;0.49;205.99;3.75;740;9;835.00;0
1767;9;624232910;1767;287;2513;2513;8.02;0.49;205.99;3.75;746;9;836.00;0
1767;9;624232926;1767;292;2514;2514;8.03;0.49;205.99;3.75;747;9;837.00;0
1770;9;624232935;1770;293;2514;2514;8.03;0.49;206.00;3.75;744;9;838.00;0
1772;9;624232944;1772;291;2514;2514;8.04;0.49;205.94;3.75;742;9;839.00;0
1774;9;624232955;1774;291;2519;2519;8.09;0.50;205.86;3.74;745;9;840.00;0
1775;9;624232964;1775;290;2519;2519;8.04;0.49;205.82;3.74;744;9;841.00;0
1777;9;624232973;1777;287;2519;2519;7.95;0.49;205.86;3.74;742;9;842.00;0
1780;9;624232982;1780;289;2520;2520;7.89;0.48;205.88;3.74;740;9;843.00;0
1784;9;624232989;1784;287;2524;2524;7.80;0.48;205.82;3.73;740;9;844.00;0
1785;9;624232999;1785;285;2524;2524;7.80;0.48;205.78;3.73;739;9;845.00;0
1790;9;624233007;1790;283;2526;2527;7.74;0.47;205.92;3.73;736;9;846.00;1
1791;9;624233015;1791;287;2526;2527;7.72;0.48;206.03;3.73;735;9;847.00;1
1800;9;624233023;1800;283;2527;2527;7.58;0.47;206.07;3.73;727;9;848.00;0
1802;9;624233033;1802;284;2527;2527;7.57;0.47;206.33;3.73;725;9;849.00;0
1805;9;624233041;1805;276;2531;2531;7.62;0.47;206.55;3.72;726;9;850.00;0
1809;9;624233057;1809;270;2531;2531;7.62;0.47;206.73;3.72;722;9;851.00;0
1814;9;624233066;1814;264;2531;2531;7.61;0.47;206.93;3.72;717;9;852.00;0
1817;9;624233074;1817;252;2531;2531;7.56;0.46;207.27;3.72;714;9;853.00;0
1822;9;624233083;1822;245;2532;2532;7.50;0.46;207.34;3.72;710;9;854.00;0
1826;9;624233093;1826;248;2534;2534;7.53;0.46;207.33;3.72;708;9;855.00;0
1829;9;624233102;1829;242;2534;2534;7.53;0.46;207.57;3.72;705;9;856.00;0
1831;9;624233110;1831;234;2535;2535;7.71;0.47;207.71;3.72;704;9;857.00;0
1835;9;624233118;1835;224;2535;2535;7.78;0.48;207.86;3.72;700;9;858.00;0
1839;9;624233128;1839;220;2535;2535;7.82;0.48;207.98;3.72;696;9;859.00;0
1842;9;624233136;1842;215;2535;2535;7.87;0.48;207.95;3.72;693;9;860.00;0
1844;9;624233145;1844;205;2535;2535;7.91;0.48;208.11;3.72;691;9;861.00;0
1849;9;624233154;1849;198;2535;2535;7.91;0.48;208.13;3.72;686;9;862.00;0
1851;9;624233163;1851;189;2535;2535;7.90;0.48;208.39;3.72;684;9;863.00;0
1855;9;624233171;1855;198;2615;2662;8.18;0.51;208.38;3.61;760;9;864.00;47
1860;9;624233192;1860;188;2619;2663;8.21;0.51;208.43;3.60;759;9;865.00;44
1863;9;624233202;1863;189;2627;2663;8.27;0.51;208.35;3.60;764;9;866.00;36
1867;9;624233211;1867;192;2630;2663;8.33;0.52;208.45;3.60;763;9;867.00;33
1869;9;624233222;1869;192;2635;2663;8.38;0.52;208.40;3.60;766;9;868.00;28
1871;9;624233232;1871;194;2637;2663;8.41;0.52;208.41;3.60;766;9;869.00;26
1873;9;624233243;1873;195;2638;2663;8.42;0.52;208.54;3.60;765;9;870.00;25
1878;9;624233253;1878;203;2640;2663;8.35;0.52;208.59;3.60;762;9;871.00;23
1883;9;624233273;1883;195;2643;2664;8.36;0.51;208.71;3.61;760;9;872.00;21
1888;9;624233284;1888;199;2644;2665;8.34;0.51;208.65;3.61;756;9;873.00;21
1892;9;624233294;1892;203;2646;2665;8.39;0.52;208.70;3.61;754;9;874.00;19
1897;9;624233304;1897;204;2649;2666;8.38;0.51;209.04;3.62;752;9;875.00;17
1900;9;624233315;1900;209;2650;2666;8.39;0.51;209.37;3.62;750;9;876.00;16
1904;10;624233325;1904;209;2653;2666;8.41;0.51;209.45;3.63;749;10;877.00;13
1909;10;624233352;1909;214;2655;2666;8.43;0.51;209.68;3.64;746;10;878.00;11
1911;10;624233362;1911;216;2659;2670;8.54;0.52;209.76;3.64;748;10;879.00;11
1916;10;624233372;1916;224;2661;2670;8.56;0.52;210.01;3.65;745;10;880.00;9
1919;10;624233383;1919;223;2662;2670;8.52;0.52;210.22;3.65;743;10;881.00;8
1924;10;624233393;1924;229;2664;2673;8.58;0.53;210.29;3.66;740;10;882.00;9
1927;10;624233403;1927;231;2665;2673;8.48;0.52;210.35;3.66;738;10;883.00;8
1932;10;624233418;1932;231;2666;2673;8.50;0.52;210.50;3.67;734;10;884.00;7
1934;10;624233428;1934;228;2671;2677;8.55;0.52;210.57;3.67;737;10;885.00;6
1936;10;624233437;1936;232;2673;2678;8.51;0.52;210.63;3.68;737;10;886.00;5
1938;10;624233446;1938;226;2674;2678;8.55;0.52;210.55;3.69;736;10;887.00;4
1943;10;624233455;1943;224;2679;2682;8.51;0.52;210.58;3.68;736;10;888.00;3
1946;10;624233465;1946;223;2680;2682;8.54;0.52;210.58;3.69;734;10;889.00;2
1952;10;624233475;1952;224;2681;2682;8.58;0.52;210.65;3.69;729;10;890.00;1
1954;10;624233484;1954;221;2682;2683;8.62;0.53;210.65;3.69;728;10;891.00;1
1957;10;624233494;1957;218;2683;2683;8.67;0.53;210.67;3.69;726;10;892.00;0
1960;10;624233503;1960;217;2689;2689;8.76;0.54;210.79;3.68;729;10;893.00;0
1963;10;624233513;1963;216;2689;2689;8.76;0.54;210.89;3.68;726;10;894.00;0
1969;10;624233523;1969;221;2690;2690;8.65;0.53;210.92;3.68;721;10;895.00;0
1971;10;624233532;1971;220;2690;2690;8.70;0.53;210.98;3.68;719;10;896.00;0
1973;10;624233542;1973;214;2690;2690;8.72;0.53;211.18;3.68;717;10;897.00;0
1976;10;624233551;1976;208;2690;2690;8.71;0.53;211.48;3.68;714;10;898.00;0
1978;10;624233561;1978;203;2690;2690;8.70;0.53;211.80;3.68;712;10;899.00;0
1983;10;624233572;1983;204;2721;2736;8.65;0.53;212.11;3.64;738;10;900.00;15
1988;10;624233590;1988;195;2721;2736;8.65;0.53;212.24;3.64;733;10;901.00;15
1989;10;624233601;1989;191;2725;2736;8.79;0.54;212.39;3.64;736;10;902.00;11
1993;10;624233610;1993;188;2725;2736;8.85;0.54;212.66;3.64;732;10;903.00;11
1994;10;624233620;1994;190;2727;2736;8.91;0.55;212.83;3.64;733;10;904.00;9
1998;10;624233630;1998;184;2727;2736;8.96;0.55;212.84;3.64;729;10;905.00;9
1999;10;624233639;1999;166;2733;2740;9.01;0.55;212.95;3.64;734;10;906.00;7
2002;10;624233650;2002;154;2733;2740;9.08;0.56;212.97;3.64;731;10;907.00;7
2003;10;624233660;2003;151;2737;2744;9.23;0.57;213.02;3.63;734;10;908.00;7
2005;10;624233676;2005;151;2738;2745;9.36;0.57;212.98;3.63;733;10;909.00;7
2006;10;624233687;2006;142;2738;2745;9.46;0.58;213.14;3.63;732;10;910.00;7
2009;10;624233697;2009;138;2739;2745;9.57;0.59;213.33;3.64;730;10;911.00;6
2011;10;624233707;2011;137;2751;2758;9.73;0.60;213.52;3.62;740;10;912.00;7
2014;10;624233718;2014;135;2752;2758;9.84;0.60;213.51;3.62;738;10;913.00;6
2018;10;624233729;2018;131;2752;2758;9.96;0.61;213.51;3.62;734;10;914.00;6
2022;10;624233739;2022;131;2753;2759;10.10;0.62;213.55;3.62;731;10;915.00;6
2024;10;624233750;2024;128;2754;2760;10.18;0.62;213.54;3.62;730;10;916.00;6
2028;10;624233761;2028;130;2755;2760;10.19;0.62;213.54;3.63;727;10;917.00;5
2031;10;624233771;2031;129;2757;2763;10.21;0.62;213.78;3.62;726;10;918.00;6
2035;10;624233782;2035;132;2758;2763;10.16;0.62;214.02;3.63;723;10;919.00;5
2037;10;624233792;2037;136;2759;2763;10.23;0.62;214.02;3.63;722;10;920.00;4
2039;10;624233801;2039;142;2759;2763;10.23;0.62;214.26;3.63;720;10;921.00;4
2041;10;624233812;2041;137;2764;2769;10.24;0.62;214.36;3.62;723;10;922.00;5
2042;10;624233822;2042;141;2765;2769;10.30;0.63;214.38;3.63;723;10;923.00;4
2045;10;624233833;2045;136;2765;2769;10.29;0.62;214.59;3.63;720;10;924.00;4
2048;10;624233843;2048;143;2769;2769;10.28;0.62;214.66;3.65;721;10;925.00;0
2051;10;624233853;2051;146;2773;2773;10.24;0.62;214.87;3.64;722;10;926.00;0
2056;10;624233869;2056;141;2774;2774;10.23;0.62;215.00;3.64;718;10;927.00;0
2058;11;624233879;2058;144;2774;2774;10.26;0.62;215.14;3.64;716;11;928.00;0
2060;11;624233902;2060;147;2775;2775;10.36;0.63;215.06;3.64;715;11;929.00;0
2062;11;624233915;2062;151;2775;2775;10.35;0.63;215.16;3.64;713;11;930.00;0
2064;11;624233924;2064;154;2775;2775;10.42;0.63;215.16;3.64;711;11;931.00;0
2066;11;624233934;2066;158;2775;2775;10.47;0.63;215.23;3.64;709;11;932.00;0
2068;11;624233943;2068;158;2775;2775;10.52;0.64;215.25;3.64;707;11;933.00;0
2072;11;624233952;2072;155;2775;2775;10.54;0.64;215.21;3.64;703;11;934.00;0
2074;11;624233961;2074;158;2775;2775;10.65;0.65;215.09;3.64;701;11;935.00;0
2080;11;624233971;2080;163;2814;2845;10.54;0.64;215.14;3.59;734;11;936.00;31
2082;11;624233986;2082;158;2814;2846;10.65;0.64;215.12;3.59;732;11;937.00;32
2086;11;624233997;2086;162;2820;2846;10.76;0.65;215.19;3.59;734;11;938.00;26
2088;11;624234008;2088;165;2821;2846;10.81;0.65;215.12;3.59;733;11;939.00;25
2088;11;624234019;2088;166;2824;2846;10.84;0.66;215.12;3.59;736;11;940.00;22
2091;11;624234030;2091;166;2826;2846;10.93;0.66;215.22;3.59;735;11;941.00;20
2093;11;624234040;2093;171;2828;2846;11.00;0.67;215.19;3.59;735;11;942.00;18
2097;11;624234051;2097;174;2830;2846;11.01;0.67;215.53;3.59;733;11;943.00;16
2099;11;624234061;2099;173;2831;2847;11.06;0.67;215.57;3.59;732;11;944.00;16
2102;11;624234072;2102;172;2834;2849;11.06;0.67;215.75;3.60;732;11;945.00;15
2105;11;624234083;2105;176;2836;2849;11.03;0.67;215.78;3.60;731;11;946.00;13
2109;11;624234094;2109;180;2840;2853;11.00;0.67;215.80;3.60;731;11;947.00;13
2112;11;624234105;2112;186;2842;2853;10.96;0.66;215.69;3.61;730;11;948.00;11
2117;11;624234115;2117;185;2844;2853;10.94;0.66;215.49;3.61;727;11;949.00;9
2119;11;624234126;2119;184;2845;2853;10.94;0.66;215.40;3.61;726;11;950.00;8
2123;11;624234136;2123;189;2849;2859;10.83;0.66;215.35;3.61;726;11;951.00;10
2126;11;624234147;2126;188;2849;2859;10.74;0.65;215.29;3.61;723;11;952.00;10
2129;11;624234157;2129;183;2849;2859;10.71;0.65;215.14;3.61;720;11;953.00;10
2132;11;624234167;2132;184;2851;2862;10.63;0.65;215.24;3.61;719;11;954.00;11
2134;11;624234177;2134;187;2855;2862;10.49;0.64;215.31;3.63;721;11;955.00;7
2135;11;624234188;2135;188;2856;2862;10.51;0.64;215.31;3.63;721;11;956.00;6
2135;11;624234197;2135;194;2856;2863;10.51;0.64;215.31;3.63;721;11;957.00;7
2138;11;624234207;2138;196;2857;2864;10.49;0.64;215.32;3.63;719;11;958.00;7
2141;11;624234216;2141;199;2857;2864;10.47;0.64;215.23;3.63;716;11;959.00;7
2143;11;624234228;2143;201;2874;2890;10.32;0.63;215.13;3.60;731;11;960.00;16
2147;11;624234240;2147;200;2874;2890;10.32;0.63;214.93;3.60;727;11;961.00;16
2149;11;624234250;2149;203;2876;2890;10.29;0.63;214.80;3.60;727;11;962.00;14
2152;11;624234259;2152;208;2879;2891;10.22;0.62;214.69;3.61;727;11;963.00;12
2154;11;624234267;2154;205;2880;2891;10.22;0.62;214.70;3.61;726;11;964.00;11
2155;11;624234276;2155;207;2883;2895;10.19;0.62;214.65;3.61;728;11;965.00;12
2155;11;624234285;2155;209;2883;2895;10.23;0.62;214.65;3.61;728;11;966.00;12
2161;11;624234293;2161;219;2887;2899;10.10;0.61;214.36;3.61;726;11;967.00;12
2164;11;624234302;2164;218;2887;2899;9.97;0.61;214.20;3.61;723;11;968.00;12
2168;11;624234310;2168;219;2888;2899;9.86;0.60;214.24;3.61;720;11;969.00;11
2171;11;624234319;2171;226;2889;2899;9.78;0.59;214.16;3.62;718;11;970.00;10
2171;11;624234327;2171;230;2890;2899;9.74;0.59;214.16;3.63;719;11;971.00;9
2173;11;624234334;2173;232;2901;2911;9.68;0.59;214.15;3.62;728;11;972.00;10
2175;11;624234348;2175;235;2904;2911;9.64;0.59;214.07;3.63;729;11;973.00;7
2176;11;624234360;2176;242;2904;2911;9.62;0.59;214.09;3.63;728;11;974.00;7
2177;11;624234376;2177;245;2904;2911;9.52;0.58;214.05;3.63;727;11;975.00;7
2178;11;624234388;2178;248;2904;2911;9.44;0.58;213.96;3.63;726;11;976.00;7
2181;11;624234401;2181;251;2904;2911;9.31;0.57;213.89;3.63;723;11;977.00;7
2183;11;624234417;2183;256;2904;2912;9.18;0.56;213.89;3.63;721;11;978.00;8
2185;11;624234429;2185;250;2904;2912;9.05;0.55;213.85;3.63;719;11;979.00;8
2185;11;624234443;2185;247;2911;2918;9.00;0.55;213.85;3.64;726;11;980.00;7
2187;11;624234455;2187;248;2911;2919;8.92;0.54;213.88;3.64;724;11;981.00;8
2189;11;624234465;2189;252;2912;2919;8.82;0.54;213.92;3.64;723;11;982.00;7
2190;11;624234475;2190;252;2914;2919;8.75;0.53;213.91;3.65;724;11;983.00;5
2193;11;624234483;2193;253;2917;2923;8.73;0.53;213.77;3.65;724;11;984.00;6
2194;12;624234493;2194;252;2918;2923;8.73;0.53;213.68;3.65;724;12;985.00;5
2197;12;624234519;2197;256;2919;2923;8.72;0.53;213.67;3.66;722;12;986.00;4
2198;13;624234530;2198;260;2921;2924;8.74;0.53;213.58;3.67;723;13;987.00;3
2198;13;624234554;2198;260;2926;2928;8.77;0.54;213.58;3.67;728;13;988.00;2
2201;13;624234564;2201;258;2926;2928;8.74;0.53;213.60;3.67;725;13;989.00;2
2204;13;624234575;2204;256;2931;2934;8.80;0.54;213.57;3.67;727;13;990.00;3
2206;13;624234584;2206;254;2933;2934;8.77;0.54;213.50;3.66;727;13;991.00;1
2207;13;624234592;2207;257;2934;2934;8.76;0.54;213.47;3.66;727;13;992.00;0
2207;13;624234609;2207;257;2934;2934;8.74;0.54;213.47;3.66;727;13;993.00;0
2208;13;624234618;2208;259;2938;2938;8.75;0.54;213.46;3.66;730;13;994.00;0
2210;13;624234635;2210;260;2938;2938;8.67;0.53;213.46;3.66;728;13;995.00;0
2211;13;624234645;2211;266;2938;2938;8.57;0.53;213.48;3.66;727;13;996.00;0
2213;13;624234654;2213;270;2938;2938;8.38;0.51;213.48;3.66;725;13;997.00;0
2214;13;624234664;2214;272;2939;2939;8.26;0.51;213.51;3.66;725;13;998.00;0
2218;13;624234673;2218;269;2940;2940;8.11;0.50;213.39;3.66;722;13;999.00;0
2219;13;624234684;2219;271;2940;2940;8.03;0.49;213.50;3.66;721;13;1000.00;0
2223;13;624234698;2223;270;2941;2941;7.91;0.49;213.58;3.66;718;13;1001.00;0
2227;13;624234709;2227;266;2941;2941;7.84;0.48;213.63;3.66;714;13;1002.00;0
2228;13;624234718;2228;265;2941;2941;7.83;0.48;213.80;3.66;713;13;1003.00;0
2231;13;624234728;2231;267;2941;2941;7.84;0.48;213.72;3.66;710;13;1004.00;0
2231;13;624234737;2231;261;2941;2941;7.91;0.49;213.72;3.66;710;13;1005.00;0
2234;13;624234745;2234;261;2941;2941;7.94;0.49;213.71;3.66;707;13;1006.00;0
2236;13;624234755;2236;262;2941;2941;7.94;0.49;213.67;3.66;705;13;1007.00;0
2237;13;624234764;2237;280;3011;3068;8.12;0.51;213.63;3.57;774;13;1008.00;57
2238;13;624234786;2238;275;3014;3069;8.11;0.51;213.73;3.57;776;13;1009.00;55
2241;13;624234796;2241;270;3023;3069;8.15;0.51;213.74;3.57;782;13;1010.00;46
2244;13;624234806;2244;269;3027;3069;8.09;0.50;213.68;3.57;783;13;1011.00;42
2247;13;624234815;2247;268;3034;3069;8.06;0.50;213.99;3.57;787;13;1012.00;35
2251;13;624234825;2251;269;3037;3069;7.97;0.49;213.90;3.57;786;13;1013.00;32
2256;13;624234835;2256;268;3039;3069;7.88;0.49;213.92;3.57;783;13;1014.00;30
2261;13;624234845;2261;267;3041;3069;7.86;0.48;214.03;3.57;780;13;1015.00;28
2265;13;624234854;2265;266;3043;3070;7.80;0.48;214.24;3.57;778;13;1016.00;27
2268;13;624234871;2268;271;3045;3071;7.72;0.48;214.26;3.58;777;13;1017.00;26
2273;13;624234881;2273;276;3046;3071;7.64;0.47;214.42;3.58;773;13;1018.00;25
2278;13;624234891;2278;278;3049;3072;7.55;0.47;214.59;3.58;771;13;1019.00;23
2282;13;624234903;2282;272;3052;3072;7.48;0.46;214.49;3.59;770;13;1020.00;20
2287;13;624234913;2287;276;3054;3072;7.43;0.46;214.84;3.60;767;13;1021.00;18
2289;13;624234923;2289;269;3056;3072;7.45;0.46;214.92;3.61;767;13;1022.00;16
2291;13;624234933;2291;276;3061;3076;7.50;0.46;215.16;3.61;770;13;1023.00;15
2294;13;624234943;2294;273;3063;3076;7.58;0.47;215.34;3.62;769;13;1024.00;13
2296;13;624234953;2296;271;3065;3076;7.69;0.47;215.51;3.63;769;13;1025.00;11
2299;13;624234964;2299;271;3066;3079;7.84;0.48;215.74;3.63;767;13;1026.00;13
2303;13;624234976;2303;259;3068;3079;7.96;0.49;215.85;3.64;765;13;1027.00;11
2307;13;624234986;2307;253;3070;3079;8.04;0.49;216.02;3.65;763;13;1028.00;9
2310;14;624234998;2310;245;3076;3083;8.04;0.49;216.16;3.66;766;14;1029.00;7
2315;14;624235019;2315;245;3077;3084;8.12;0.49;216.43;3.67;762;14;1030.00;7
2319;14;624235030;2319;241;3079;3084;8.10;0.49;216.54;3.67;760;14;1031.00;5
2324;14;624235040;2324;232;3082;3088;8.10;0.49;216.69;3.67;758;14;1032.00;6
2328;14;624235051;2328;228;3084;3088;8.16;0.50;216.77;3.68;756;14;1033.00;4
2331;14;624235072;2331;222;3086;3088;8.16;0.50;216.82;3.68;755;14;1034.00;2
2337;14;624235082;2337;218;3089;3090;8.17;0.50;216.80;3.67;752;14;1035.00;1
2340;14;624235093;2340;221;3090;3090;8.19;0.50;217.00;3.67;750;14;1036.00;0
2344;14;624235104;2344;224;3096;3096;8.36;0.51;217.00;3.67;752;14;1037.00;0
2345;14;624235114;2345;221;3096;3096;8.46;0.52;217.10;3.67;751;14;1038.00;0
2348;14;624235126;2348;223;3097;3097;8.56;0.52;217.11;3.67;749;14;1039.00;0
2349;14;624235137;2349;230;3097;3097;8.67;0.53;217.09;3.67;748;14;1040.00;0
2353;14;624235152;2353;226;3097;3097;8.72;0.53;217.14;3.67;744;14;1041.00;0
2358;14;624235164;2358;228;3097;3097;8.67;0.53;217.22;3.67;739;14;1042.00;0
2362;14;624235174;2362;225;3097;3097;8.66;0.53;217.27;3.67;735;14;1043.00;0
2366;14;624235185;2366;230;3108;3109;8.70;0.53;217.35;3.66;742;14;1044.00;1
2369;14;624235197;2369;228;3108;3109;8.64;0.53;217.44;3.66;739;14;1045.00;1
2370;14;624235209;2370;219;3109;3109;8.65;0.53;217.45;3.66;739;14;1046.00;0
2374;14;624235220;2374;210;3109;3109;8.66;0.53;217.82;3.66;735;14;1047.00;0
2378;14;624235230;2378;212;3109;3109;8.62;0.53;217.86;3.66;731;14;1048.00;0
2383;14;624235239;2383;210;3109;3109;8.61;0.53;217.88;3.66;726;14;1049.00;0
2389;14;624235251;2389;209;3115;3115;8.57;0.52;217.98;3.65;726;14;1050.00;0
2394;14;624235262;2394;205;3115;3115;8.53;0.52;217.86;3.65;721;14;1051.00;0
2399;14;624235272;2399;199;3119;3119;8.56;0.52;217.85;3.65;720;14;1052.00;0
2401;14;624235283;2401;198;3120;3120;8.59;0.52;217.90;3.64;719;14;1053.00;0
2406;14;624235294;2406;201;3120;3120;8.56;0.52;218.09;3.64;714;14;1054.00;0
2409;14;624235303;2409;203;3120;3120;8.58;0.52;218.04;3.64;711;14;1055.00;0
2414;14;624235313;2414;202;3133;3133;8.59;0.52;218.15;3.63;719;14;1056.00;0
2417;14;624235324;2417;202;3133;3133;8.58;0.52;218.18;3.63;716;14;1057.00;0
2421;14;624235334;2421;201;3133;3133;8.55;0.52;218.22;3.63;712;14;1058.00;0
2426;14;624235346;2426;204;3134;3134;8.53;0.52;218.30;3.63;708;14;1059.00;0
2427;14;624235356;2427;203;3135;3135;8.53;0.52;218.34;3.63;708;14;1060.00;0
2428;14;624235367;2428;207;3135;3135;8.60;0.52;218.45;3.63;707;14;1061.00;0
2433;14;624235376;2433;210;3137;3138;8.63;0.53;218.58;3.63;704;14;1062.00;1
2436;14;624235386;2436;209;3137;3138;8.61;0.53;218.55;3.63;701;14;1063.00;1
2439;14;624235397;2439;206;3138;3138;8.62;0.53;218.59;3.63;699;14;1064.00;0
2440;14;624235406;2440;209;3138;3138;8.60;0.52;218.64;3.63;698;14;1065.00;0
2444;14;624235415;2444;210;3144;3144;8.49;0.52;218.74;3.62;700;14;1066.00;0
2445;14;624235425;2445;197;3144;3144;8.45;0.52;218.77;3.62;699;14;1067.00;0
2447;14;624235434;2447;191;3144;3144;8.43;0.51;218.91;3.62;697;14;1068.00;0
2450;14;624235444;2450;188;3144;3144;8.44;0.52;219.17;3.62;694;14;1069.00;0
2452;14;624235453;2452;181;3148;3148;8.46;0.52;219.24;3.62;696;14;1070.00;0
2455;14;624235462;2455;183;3149;3149;8.47;0.52;219.11;3.62;694;14;1071.00;0
2456;14;624235473;2456;187;3149;3149;8.53;0.52;219.33;3.62;693;14;1072.00;0
2460;14;624235482;2460;190;3150;3150;8.50;0.52;219.49;3.61;690;14;1073.00;0
2461;14;624235491;2461;186;3150;3150;8.52;0.52;219.58;3.61;689;14;1074.00;0
2464;14;624235501;2464;191;3150;3150;8.54;0.52;219.69;3.61;686;14;1075.00;0
2465;14;624235510;2465;178;3150;3150;8.63;0.53;219.75;3.61;685;14;1076.00;0
2472;14;624235519;2472;172;3150;3150;8.64;0.53;219.69;3.61;678;14;1077.00;0
2477;14;624235528;2477;164;3150;3150;8.74;0.53;219.95;3.61;673;14;1078.00;0
2481;14;624235538;2481;162;3150;3150;8.83;0.54;220.14;3.61;669;14;1079.00;0
2484;14;624235548;2484;187;3230;3275;8.80;0.54;220.16;3.53;746;14;1080.00;45
2488;14;624235567;2488;181;3235;3276;8.90;0.55;220.40;3.52;747;14;1081.00;41
2491;14;624235578;2491;173;3241;3276;9.04;0.56;220.64;3.52;750;14;1082.00;35
2493;14;624235588;2493;165;3242;3276;9.14;0.56;220.68;3.52;749;14;1083.00;34
2498;14;624235598;2498;158;3246;3276;9.26;0.57;220.87;3.52;748;14;1084.00;30
2500;14;624235608;2500;157;3246;3276;9.35;0.57;221.06;3.52;746;14;1085.00;30
2503;14;624235618;2503;160;3252;3276;9.53;0.58;221.10;3.52;749;14;1086.00;24
2505;14;624235628;2505;165;3254;3276;9.57;0.59;221.21;3.53;749;14;1087.00;22
2508;14;624235638;2508;167;3260;3277;9.54;0.58;221.22;3.53;752;14;1088.00;17
2509;14;624235649;2509;168;3263;3278;9.52;0.58;221.27;3.54;754;14;1089.00;15
2513;14;624235660;2513;166;3267;3278;9.37;0.57;221.43;3.54;754;14;1090.00;11
2516;14;624235672;2516;167;3273;3282;9.24;0.57;221.63;3.55;757;14;1091.00;9
2521;14;624235684;2521;174;3275;3282;9.16;0.56;221.85;3.55;754;14;1092.00;7
2524;14;624235696;2524;175;3275;3282;9.09;0.55;221.85;3.55;751;14;1093.00;7
2526;14;624235707;2526;177;3275;3282;8.97;0.55;222.11;3.55;749;14;1094.00;7
2527;14;624235718;2527;186;3280;3288;8.97;0.55;222.17;3.54;753;14;1095.00;8
2529;14;624235730;2529;185;3280;3288;8.97;0.55;222.27;3.54;751;14;1096.00;8
2531;14;624235742;2531;187;3280;3288;8.94;0.55;222.27;3.54;749;14;1097.00;8
2532;15;624235752;2532;188;3282;3291;8.96;0.55;222.23;3.54;750;15;1098.00;9
2534;15;624235773;2534;189;3282;3291;9.00;0.55;222.22;3.54;748;15;1099.00;9
2534;15;624235784;2534;192;3282;3291;9.09;0.55;222.22;3.54;748;15;1100.00;9
2534;15;624235797;2534;191;3283;3292;9.14;0.56;222.22;3.54;749;15;1101.00;9
2536;15;624235812;2536;194;3284;3293;9.18;0.56;222.18;3.54;748;15;1102.00;9
2539;15;624235823;2539;194;3285;3293;9.22;0.56;222.13;3.55;746;15;1103.00;8
2541;15;624235832;2541;197;3295;3306;9.30;0.57;222.07;3.54;754;15;1104.00;11
2542;15;624235843;2542;193;3295;3306;9.37;0.57;222.02;3.54;753;15;1105.00;11
2545;15;624235852;2545;191;3295;3306;9.48;0.58;221.98;3.54;750;15;1106.00;11
2548;15;624235863;2548;194;3297;3307;9.61;0.59;221.97;3.54;749;15;1107.00;10
2550;15;624235874;2550;195;3297;3307;9.71;0.59;221.84;3.54;747;15;1108.00;10
2551;15;624235885;2551;196;3301;3311;9.84;0.60;221.88;3.54;750;15;1109.00;10
2553;15;624235898;2553;197;3301;3311;9.89;0.61;221.93;3.54;748;15;1110.00;10
2559;15;624235909;2559;202;3305;3315;9.92;0.61;221.76;3.55;746;15;1111.00;10
2560;15;624235920;2560;207;3306;3315;10.04;0.61;221.77;3.55;746;15;1112.00;9
2562;15;624235930;2562;209;3306;3315;10.11;0.62;221.70;3.55;744;15;1113.00;9
2563;15;624235940;2563;212;3306;3315;10.14;0.62;221.63;3.55;743;15;1114.00;9
2566;15;624235949;2566;215;3307;3315;10.14;0.62;221.56;3.56;741;15;1115.00;8
2568;15;624235958;2568;219;3316;3327;10.13;0.62;221.52;3.55;748;15;1116.00;11
2570;15;624235968;2570;226;3316;3327;10.07;0.61;221.47;3.55;746;15;1117.00;11
2572;15;624235978;2572;230;3319;3327;10.08;0.61;221.41;3.56;747;15;1118.00;8
2576;15;624235986;2576;227;3319;3327;10.04;0.61;221.37;3.56;743;15;1119.00;8
2577;15;624235996;2577;231;3319;3327;10.06;0.61;221.34;3.56;742;15;1120.00;8
2579;15;624236005;2579;230;3319;3327;10.00;0.61;221.37;3.56;740;15;1121.00;8
2582;15;624236014;2582;230;3319;3328;9.93;0.61;221.32;3.56;737;15;1122.00;9
2585;15;624236022;2585;232;3320;3328;9.86;0.60;221.23;3.57;735;15;1123.00;8
2586;16;624236032;2586;231;3325;3334;9.85;0.60;221.16;3.56;739;16;1124.00;9
2588;16;624236052;2588;233;3329;3336;9.71;0.59;221.19;3.58;741;16;1125.00;7
2591;16;624236062;2591;237;3329;3336;9.69;0.59;221.15;3.58;738;16;1126.00;7
2592;16;624236075;2592;237;3329;3336;9.69;0.59;221.17;3.58;737;16;1127.00;7
2596;16;624236084;2596;236;3332;3340;9.63;0.59;220.97;3.57;736;16;1128.00;8
2598;16;624236093;2598;238;3333;3340;9.61;0.59;220.91;3.59;735;16;1129.00;7
2602;16;624236101;2602;237;3333;3340;9.56;0.58;220.83;3.59;731;16;1130.00;7
2603;16;624236110;2603;221;3334;3341;9.60;0.58;220.79;3.59;731;16;1131.00;7
2607;16;624236119;2607;214;3337;3345;9.60;0.58;220.75;3.58;730;16;1132.00;8
2608;16;624236128;2608;203;3337;3345;9.66;0.59;220.68;3.58;729;16;1133.00;8
2611;16;624236137;2611;203;3339;3348;9.77;0.59;220.63;3.58;728;16;1134.00;9
2611;16;624236147;2611;205;3340;3348;9.89;0.60;220.63;3.58;729;16;1135.00;8
2615;16;624236157;2615;197;3340;3348;10.00;0.61;220.57;3.58;725;16;1136.00;8
2617;16;624236172;2617;197;3340;3348;10.05;0.61;220.50;3.58;723;16;1137.00;8
2617;16;624236186;2617;195;3344;3352;10.15;0.62;220.50;3.58;727;16;1138.00;8
2620;16;624236195;2620;193;3344;3352;10.21;0.62;220.44;3.58;724;16;1139.00;8
2620;16;624236206;2620;197;3344;3352;10.29;0.63;220.44;3.58;724;16;1140.00;8
2621;16;624236215;2621;194;3344;3352;10.32;0.63;220.42;3.58;723;16;1141.00;8
2622;16;624236224;2622;190;3344;3353;10.33;0.63;220.44;3.58;722;16;1142.00;9
2624;16;624236233;2624;191;3345;3354;10.29;0.62;220.42;3.58;721;16;1143.00;9
2625;16;624236242;2625;193;3345;3354;10.20;0.62;220.44;3.58;720;16;1144.00;9
2626;16;624236252;2626;192;3346;3355;10.25;0.62;220.46;3.58;720;16;1145.00;9
2626;16;624236267;2626;193;3346;3355;10.25;0.63;220.46;3.58;720;16;1146.00;9
2626;16;624236276;2626;193;3346;3355;10.23;0.62;220.46;3.58;720;16;1147.00;9
2629;16;624236285;2629;197;3346;3355;10.19;0.62;220.37;3.58;717;16;1148.00;9
2632;16;624236294;2632;197;3346;3355;10.12;0.62;220.36;3.58;714;16;1149.00;9
2633;16;624236303;2633;197;3348;3355;10.07;0.61;220.33;3.60;715;16;1150.00;7
2635;16;624236311;2635;202;3348;3355;9.98;0.61;220.31;3.60;713;16;1151.00;7
2635;16;624236325;2635;221;3415;3482;9.95;0.61;220.31;3.54;780;16;1152.00;67
2637;16;624236347;2637;218;3420;3483;9.79;0.60;220.38;3.54;783;16;1153.00;63
2642;16;624236360;2642;221;3429;3483;9.72;0.60;220.55;3.55;787;16;1154.00;54
2644;16;624236377;2644;222;3435;3483;9.59;0.59;220.54;3.54;791;16;1155.00;48
2645;16;624236390;2645;223;3441;3483;9.56;0.59;220.54;3.56;796;16;1156.00;42
2649;16;624236405;2649;229;3442;3483;9.45;0.58;220.67;3.56;793;16;1157.00;41
2651;16;624236428;2651;233;3448;3483;9.37;0.58;220.79;3.58;797;16;1158.00;35
2653;16;624236442;2653;236;3449;3483;9.33;0.58;220.82;3.58;796;16;1159.00;34
2657;16;624236454;2657;244;3454;3484;9.29;0.57;220.92;3.59;797;16;1160.00;30
2660;16;624236466;2660;249;3459;3485;9.31;0.57;221.03;3.60;799;16;1161.00;26
2663;16;624236478;2663;249;3464;3485;9.28;0.57;221.18;3.61;801;16;1162.00;21
2666;16;624236487;2666;255;3467;3486;9.17;0.56;221.39;3.62;801;16;1163.00;19
2669;16;624236498;2669;262;3473;3486;9.01;0.55;221.44;3.63;804;16;1164.00;13
2670;16;624236508;2670;266;3475;3486;8.89;0.55;221.40;3.64;805;16;1165.00;11
2671;16;624236518;2671;267;3478;3486;8.80;0.54;221.37;3.64;807;16;1166.00;8
2675;16;624236527;2675;271;3485;3490;8.67;0.53;221.53;3.65;810;16;1167.00;5
2678;16;624236538;2678;275;3485;3490;8.49;0.52;221.58;3.65;807;16;1168.00;5
2679;16;624236548;2679;275;3486;3490;8.36;0.52;221.69;3.65;807;16;1169.00;4
2683;16;624236560;2683;277;3491;3496;8.24;0.51;221.73;3.65;808;16;1170.00;5
2684;16;624236571;2684;280;3491;3496;8.17;0.50;221.69;3.65;807;16;1171.00;5
2688;16;624236582;2688;280;3493;3496;8.04;0.49;221.78;3.65;805;16;1172.00;3
2691;16;624236592;2691;281;3498;3500;7.94;0.49;222.00;3.66;807;16;1173.00;2
2694;16;624236603;2694;281;3499;3501;7.96;0.49;222.00;3.66;805;16;1174.00;2
2698;16;624236614;2698;278;3500;3501;7.91;0.48;222.10;3.66;802;16;1175.00;1
2700;16;624236624;2700;278;3505;3505;7.96;0.49;222.17;3.66;805;16;1176.00;0
2700;16;624236635;2700;283;3505;3505;8.01;0.49;222.17;3.66;805;16;1177.00;0
2702;16;624236645;2702;285;3505;3505;8.02;0.49;222.23;3.66;803;16;1178.00;0
2703;16;624236655;2703;284;3506;3506;8.00;0.49;222.19;3.65;803;16;1179.00;0
2706;16;624236665;2706;285;3506;3506;7.96;0.49;222.32;3.65;800;16;1180.00;0
2706;16;624236674;2706;282;3512;3512;8.00;0.49;222.32;3.65;806;16;1181.00;0
2707;16;624236684;2707;283;3512;3512;7.91;0.48;222.39;3.65;805;16;1182.00;0
2712;16;624236694;2712;284;3513;3513;7.75;0.47;222.48;3.65;801;16;1183.00;0
2715;16;624236703;2715;289;3513;3513;7.68;0.47;222.51;3.65;798;16;1184.00;0
2717;16;624236713;2717;291;3513;3513;7.58;0.46;222.53;3.65;796;16;1185.00;0
2720;16;624236723;2720;287;3513;3513;7.48;0.46;222.72;3.65;793;16;1186.00;0
2725;16;624236732;2725;285;3513;3513;7.44;0.46;222.75;3.65;788;16;1187.00;0
2731;16;624236741;2731;280;3525;3525;7.42;0.45;222.93;3.64;794;16;1188.00;0
2735;16;624236752;2735;282;3525;3525;7.31;0.45;222.99;3.64;790;16;1189.00;0
2739;16;624236761;2739;271;3525;3525;7.30;0.45;223.28;3.64;786;16;1190.00;0
2743;16;624236770;2743;265;3525;3525;7.31;0.45;223.36;3.64;782;16;1191.00;0
2748;16;624236779;2748;261;3525;3525;7.30;0.45;223.40;3.64;777;16;1192.00;0
2752;16;624236789;2752;257;3525;3525;7.33;0.45;223.64;3.64;773;16;1193.00;0
2756;16;624236798;2756;255;3529;3529;7.33;0.45;223.80;3.63;773;16;1194.00;0
2761;16;624236807;2761;253;3529;3529;7.41;0.45;224.06;3.63;768;16;1195.00;0
2763;16;624236817;2763;253;3533;3533;7.59;0.47;224.09;3.63;770;16;1196.00;0
2768;16;624236826;2768;242;3534;3534;7.67;0.47;224.35;3.63;766;16;1197.00;0
2773;16;624236836;2773;234;3534;3534;7.73;0.47;224.50;3.63;761;16;1198.00;0
2778;16;624236847;2778;229;3534;3534;7.81;0.48;224.56;3.63;756;16;1199.00;0
2780;16;624236859;2780;225;3557;3575;7.87;0.48;224.65;3.61;777;16;1200.00;18
2786;16;624236878;2786;216;3558;3575;7.89;0.48;224.92;3.61;772;16;1201.00;17
2790;16;624236889;2790;211;3560;3575;7.94;0.49;225.03;3.60;770;16;1202.00;15
2793;16;624236899;2793;212;3563;3576;8.04;0.49;225.01;3.60;770;16;1203.00;13
2797;16;624236909;2797;213;3565;3577;8.07;0.50;225.06;3.60;768;16;1204.00;12
2801;16;624236919;2801;212;3566;3577;8.12;0.50;225.21;3.60;765;16;1205.00;11
2805;16;624236929;2805;208;3569;3580;8.23;0.50;225.14;3.60;764;16;1206.00;11
2809;16;624236939;2809;207;3572;3580;8.24;0.50;225.11;3.60;763;16;1207.00;8
2815;16;624236949;2815;205;3572;3580;8.18;0.50;225.23;3.60;757;16;1208.00;8
2821;16;624236959;2821;204;3572;3580;8.12;0.50;225.37;3.60;751;16;1209.00;8
2825;16;624236970;2825;214;3580;3586;8.08;0.49;225.32;3.60;755;16;1210.00;6
2829;16;624236980;2829;212;3580;3586;8.04;0.49;225.25;3.60;751;16;1211.00;6
2833;16;624236990;2833;208;3580;3586;8.00;0.49;225.48;3.60;747;16;1212.00;6
2833;16;624236999;2833;213;3580;3586;8.03;0.49;225.48;3.60;747;16;1213.00;6
2836;16;624237009;2836;215;3584;3590;8.05;0.49;225.53;3.60;748;16;1214.00;6
2842;16;624237019;2842;212;3586;3592;8.07;0.49;225.59;3.60;744;16;1215.00;6
2843;16;624237029;2843;218;3587;3592;8.07;0.49;225.53;3.60;744;16;1216.00;5
2850;16;624237039;2850;218;3588;3593;8.04;0.49;225.48;3.60;738;16;1217.00;5
2854;16;624237049;2854;219;3588;3593;7.93;0.48;225.51;3.60;734;16;1218.00;5
2857;16;624237058;2857;220;3588;3593;7.92;0.48;225.39;3.60;731;16;1219.00;5
2861;16;624237067;2861;223;3588;3593;7.84;0.48;225.40;3.60;727;16;1220.00;5
2867;16;624237077;2867;223;3588;3593;7.74;0.47;225.35;3.60;721;16;1221.00;5
2868;16;624237086;2868;225;3589;3593;7.71;0.47;225.36;3.61;721;16;1222.00;4
2875;16;624237096;2875;228;3589;3593;7.61;0.46;225.26;3.61;714;16;1223.00;4
2879;16;624237105;2879;242;3631;3663;7.50;0.46;225.22;3.56;752;16;1224.00;32
2881;16;624237119;2881;234;3632;3664;7.48;0.46;225.24;3.56;751;16;1225.00;32
2886;16;624237129;2886;231;3637;3664;7.54;0.46;225.15;3.56;751;16;1226.00;27
2886;16;624237138;2886;230;3638;3664;7.59;0.46;225.15;3.57;752;16;1227.00;26
2887;16;624237148;2887;230;3642;3666;7.65;0.47;225.20;3.57;755;16;1228.00;24
2890;16;624237159;2890;229;3646;3666;7.71;0.47;225.25;3.57;756;16;1229.00;20
2894;16;624237170;2894;228;3649;3666;7.68;0.47;225.34;3.57;755;16;1230.00;17
2898;16;624237179;2898;236;3652;3666;7.63;0.47;225.49;3.57;754;16;1231.00;14
2899;16;624237189;2899;243;3653;3667;7.67;0.47;225.57;3.57;754;16;1232.00;14
2900;16;624237198;2900;244;3657;3668;7.70;0.47;225.68;3.59;757;16;1233.00;11
2900;16;624237208;2900;250;3660;3668;7.74;0.47;225.68;3.59;760;16;1234.00;8
2904;16;624237219;2904;247;3664;3672;7.67;0.47;225.71;3.59;760;16;1235.00;8
2905;16;624237229;2905;256;3666;3672;7.69;0.47;225.80;3.59;761;16;1236.00;6
2906;16;624237239;2906;244;3667;3672;7.73;0.47;225.75;3.59;761;16;1237.00;5
2909;16;624237249;2909;241;3668;3672;7.66;0.47;225.82;3.59;759;16;1238.00;4
2911;16;624237259;2911;244;3675;3678;7.64;0.47;225.88;3.59;764;16;1239.00;3
2914;16;624237270;2914;242;3675;3678;7.62;0.47;225.91;3.59;761;16;1240.00;3
2919;16;624237280;2919;242;3675;3678;7.66;0.47;225.83;3.59;756;16;1241.00;3
2920;16;624237291;2920;243;3678;3681;7.75;0.47;225.86;3.60;758;16;1242.00;3
2923;16;624237306;2923;247;3678;3681;7.75;0.47;225.89;3.60;755;16;1243.00;3
2927;16;624237317;2927;250;3679;3681;7.71;0.47;226.01;3.60;752;16;1244.00;2
2928;16;624237327;2928;253;3680;3682;7.67;0.47;226.02;3.60;752;16;1245.00;2
2931;16;624237338;2931;236;3681;3683;7.73;0.47;226.08;3.60;750;16;1246.00;2
2933;16;624237351;2933;231;3681;3683;7.78;0.48;226.01;3.60;748;16;1247.00;2
2935;16;624237362;2935;236;3694;3696;7.83;0.48;225.96;3.59;759;16;1248.00;2
2938;16;624237374;2938;228;3694;3696;7.79;0.47;226.15;3.59;756;16;1249.00;2
2940;16;624237386;2940;233;3694;3696;7.83;0.48;226.20;3.59;754;16;1250.00;2
2941;16;624237396;2941;235;3696;3697;7.87;0.48;226.18;3.60;755;16;1251.00;1
2942;16;624237406;2942;234;3696;3697;7.86;0.48;226.13;3.60;754;16;1252.00;1
2944;16;624237416;2944;236;3700;3701;7.83;0.48;226.09;3.60;756;16;1253.00;1
2948;16;624237425;2948;235;3700;3701;7.78;0.47;226.01;3.60;752;16;1254.00;1
2951;16;624237436;2951;235;3704;3705;7.73;0.47;225.95;3.59;753;16;1255.00;1
2953;16;624237445;2953;234;3704;3705;7.76;0.47;225.99;3.59;751;16;1256.00;1
2955;16;624237455;2955;239;3704;3705;7.71;0.47;225.97;3.59;749;16;1257.00;1
2957;16;624237465;2957;232;3704;3705;7.64;0.47;225.93;3.59;747;16;1258.00;1
2958;16;624237474;2958;232;3704;3705;7.63;0.47;226.07;3.59;746;16;1259.00;1
2960;16;624237484;2960;246;3732;3739;7.71;0.47;225.99;3.57;772;16;1260.00;7
2963;16;624237496;2963;243;3732;3739;7.76;0.48;225.93;3.57;769;16;1261.00;7
2965;16;624237505;2965;241;3734;3739;7.89;0.49;225.88;3.57;769;16;1262.00;5
2965;16;624237515;2965;245;3734;3739;7.98;0.49;225.88;3.57;769;16;1263.00;5
2967;16;624237524;2967;252;3735;3739;8.07;0.50;225.83;3.57;768;16;1264.00;4
2969;16;624237533;2969;254;3735;3739;8.11;0.50;225.80;3.57;766;16;1265.00;4
2970;16;624237542;2970;259;3735;3740;8.18;0.50;225.83;3.57;765;16;1266.00;5
2973;17;624237551;2973;262;3735;3740;8.25;0.51;225.69;3.57;762;17;1267.00;5
2975;17;624237571;2975;266;3740;3746;8.26;0.51;225.56;3.56;765;17;1268.00;6
2977;17;624237587;2977;265;3741;3747;8.33;0.51;225.52;3.56;764;17;1269.00;6
2980;17;624237597;2980;271;3741;3747;8.29;0.51;225.51;3.56;761;17;1270.00;6
2982;17;624237606;2982;272;3741;3747;8.24;0.50;225.45;3.56;759;17;1271.00;6
2986;17;624237615;2986;272;3744;3751;8.22;0.50;225.39;3.56;758;17;1272.00;7
2986;17;624237624;2986;269;3744;3751;8.23;0.50;225.39;3.56;758;17;1273.00;7
2988;17;624237632;2988;267;3744;3751;8.26;0.50;225.37;3.56;756;17;1274.00;7
2990;17;624237641;2990;271;3746;3752;8.33;0.51;225.34;3.57;756;17;1275.00;6
2990;17;624237650;2990;272;3749;3756;8.40;0.51;225.34;3.57;759;17;1276.00;7
2990;17;624237659;2990;271;3749;3756;8.53;0.52;225.34;3.57;759;17;1277.00;7
2991;17;624237668;2991;269;3751;3759;8.66;0.53;225.33;3.57;760;17;1278.00;8
2994;17;624237677;2994;267;3751;3759;8.69;0.53;225.21;3.57;757;17;1279.00;8
2994;17;624237686;2994;266;3752;3759;8.77;0.54;225.21;3.57;758;17;1280.00;7
2996;17;624237696;2996;266;3752;3759;8.84;0.54;225.36;3.57;756;17;1281.00;7
2998;17;624237705;2998;264;3756;3763;8.90;0.54;225.39;3.56;758;17;1282.00;7
3001;17;624237714;3001;249;3756;3763;8.98;0.54;225.44;3.56;755;17;1283.00;7
3001;17;624237724;3001;240;3756;3763;9.08;0.55;225.44;3.56;755;17;1284.00;7
3003;17;624237734;3003;231;3756;3763;9.17;0.56;225.40;3.56;753;17;1285.00;7
3006;17;624237743;3006;224;3756;3764;9.25;0.56;225.44;3.56;750;17;1286.00;8
3010;17;624237753;3010;220;3757;3765;9.38;0.57;225.33;3.56;747;17;1287.00;8
3011;17;624237763;3011;221;3757;3765;9.43;0.57;225.33;3.56;746;17;1288.00;8
3012;17;624237773;3012;220;3758;3766;9.50;0.57;225.30;3.56;746;17;1289.00;8
3016;17;624237795;3016;216;3758;3766;9.52;0.58;225.26;3.56;742;17;1290.00;8
3017;17;624237806;3017;212;3758;3766;9.59;0.58;225.25;3.56;741;17;1291.00;8
3017;17;624237815;3017;203;3758;3766;9.63;0.58;225.25;3.56;741;17;1292.00;8
3023;17;624237825;3023;198;3758;3766;9.66;0.58;225.23;3.56;735;17;1293.00;8
3023;17;624237834;3023;197;3759;3766;9.71;0.59;225.23;3.57;736;17;1294.00;7
3026;17;624237844;3026;190;3759;3766;9.77;0.59;225.20;3.57;733;17;1295.00;7
3029;17;624237853;3029;204;3822;3893;9.80;0.60;225.15;3.52;793;17;1296.00;71
3029;17;624237873;3029;192;3822;3894;9.92;0.61;225.15;3.52;793;17;1297.00;72
3030;17;624237882;3030;184;3831;3894;10.08;0.62;225.13;3.52;801;17;1298.00;63
3031;17;624237892;3031;178;3834;3894;10.20;0.62;225.09;3.52;803;17;1299.00;60
3032;17;624237903;3032;176;3839;3894;10.24;0.63;225.09;3.52;807;17;1300.00;55
3032;17;624237916;3032;167;3841;3894;10.27;0.63;225.09;3.52;809;17;1301.00;53
3034;17;624237926;3034;162;3843;3894;10.28;0.63;225.11;3.52;809;17;1302.00;51
3035;17;624237936;3035;165;3846;3894;10.32;0.63;225.12;3.52;811;17;1303.00;48
3039;17;624237946;3039;169;3849;3895;10.35;0.63;224.96;3.52;810;17;1304.00;46
3044;17;624237956;3044;169;3853;3897;10.41;0.63;225.17;3.53;809;17;1305.00;44
3046;17;624237966;3046;170;3855;3897;10.52;0.64;225.22;3.53;809;17;1306.00;42
3047;17;624237977;3047;168;3858;3898;10.57;0.64;225.16;3.54;811;17;1307.00;40
3047;17;624237987;3047;172;3863;3898;10.46;0.64;225.16;3.55;816;17;1308.00;35
3049;17;624237997;3049;176;3866;3898;10.46;0.64;225.14;3.56;817;17;1309.00;32
3051;17;624238007;3051;177;3869;3898;10.43;0.64;225.14;3.56;818;17;1310.00;29
3055;17;624238017;3055;184;3874;3902;10.43;0.64;225.23;3.57;819;17;1311.00;28
3058;17;624238028;3058;189;3878;3902;10.29;0.63;225.20;3.59;820;17;1312.00;24
3060;17;624238043;3060;191;3878;3902;10.18;0.62;225.30;3.59;818;17;1313.00;24
3064;17;624238053;3064;194;3881;3905;10.11;0.62;225.47;3.60;817;17;1314.00;24
3066;17;624238064;3066;195;3883;3905;10.05;0.61;225.60;3.60;817;17;1315.00;22
3071;17;624238074;3071;199;3885;3905;9.99;0.61;225.89;3.61;814;17;1316.00;20
3073;17;624238085;3073;207;3891;3909;9.84;0.60;226.01;3.62;818;17;1317.00;18
3075;17;624238096;3075;210;3894;3910;9.76;0.59;226.19;3.62;819;17;1318.00;16
3079;17;624238107;3079;213;3894;3910;9.75;0.59;226.25;3.62;815;17;1319.00;16
3081;17;624238124;3081;219;3899;3915;9.71;0.59;226.25;3.63;818;17;1320.00;16
3084;17;624238135;3084;217;3900;3915;9.71;0.59;226.27;3.63;816;17;1321.00;15
3085;17;624238155;3085;227;3901;3915;9.65;0.59;226.35;3.64;816;17;1322.00;14
3086;17;624238166;3086;233;3902;3916;9.63;0.58;226.42;3.64;816;17;1323.00;14
3089;17;624238176;3089;234;3902;3916;9.56;0.58;226.46;3.64;813;17;1324.00;14
3091;17;624238186;3091;242;3909;3922;9.52;0.58;226.45;3.64;818;17;1325.00;13
3092;17;624238196;3092;243;3909;3922;9.35;0.57;226.59;3.64;817;17;1326.00;13
3099;17;624238206;3099;245;3911;3923;9.22;0.56;226.57;3.66;812;17;1327.00;12
3101;17;624238217;3101;242;3912;3923;9.18;0.56;226.64;3.66;811;17;1328.00;11
3103;17;624238227;3103;251;3912;3923;9.15;0.55;226.78;3.66;809;17;1329.00;11
3105;17;624238238;3105;260;3913;3923;9.08;0.55;226.91;3.67;808;17;1330.00;10
3107;17;624238249;3107;262;3916;3923;9.03;0.55;227.02;3.69;809;17;1331.00;7
3109;17;624238260;3109;266;3927;3935;9.02;0.55;227.19;3.69;818;17;1332.00;8
3111;17;624238271;3111;267;3927;3935;8.94;0.55;227.39;3.69;816;17;1333.00;8
3113;17;624238281;3113;271;3930;3935;8.82;0.54;227.37;3.69;817;17;1334.00;5
3116;17;624238292;3116;270;3930;3935;8.74;0.54;227.59;3.69;814;17;1335.00;5
3120;17;624238303;3120;277;3931;3935;8.63;0.53;227.75;3.69;811;17;1336.00;4
3124;17;624238314;3124;281;3931;3935;8.49;0.52;228.00;3.69;807;17;1337.00;4
3128;17;624238324;3128;287;3935;3939;8.32;0.51;228.20;3.69;807;17;1338.00;4
3130;17;624238335;3130;289;3935;3939;8.30;0.51;228.33;3.69;805;17;1339.00;4
3133;17;624238345;3133;287;3939;3943;8.34;0.51;228.38;3.68;806;17;1340.00;4
3136;17;624238372;3136;288;3940;3944;8.34;0.51;228.43;3.68;804;17;1341.00;4
3138;17;624238389;3138;288;3940;3944;8.23;0.50;228.58;3.68;802;17;1342.00;4
3141;17;624238405;3141;291;3940;3944;8.12;0.50;228.55;3.68;799;17;1343.00;4
3144;17;624238419;3144;290;3953;3957;8.05;0.49;228.84;3.67;809;17;1344.00;4
3148;17;624238434;3148;289;3953;3957;8.04;0.49;228.90;3.67;805;17;1345.00;4
3151;17;624238448;3151;291;3953;3957;8.10;0.50;229.12;3.67;802;17;1346.00;4
3154;17;624238460;3154;293;3954;3958;8.15;0.50;229.17;3.67;800;17;1347.00;4
3157;17;624238472;3157;292;3955;3959;8.15;0.50;229.23;3.67;798;17;1348.00;4
3158;17;624238482;3158;293;3955;3959;8.19;0.50;229.33;3.67;797;17;1349.00;4
3159;17;624238494;3159;294;3961;3968;8.18;0.50;229.35;3.66;802;17;1350.00;7
3161;17;624238505;3161;294;3961;3968;8.13;0.50;229.46;3.66;800;17;1351.00;7
3163;17;624238516;3163;294;3963;3968;8.06;0.49;229.49;3.66;800;17;1352.00;5
3165;17;624238526;3165;293;3963;3968;8.06;0.49;229.46;3.66;798;17;1353.00;5
3171;17;624238536;3171;291;3969;3974;8.01;0.49;229.58;3.66;798;17;1354.00;5
3176;17;624238547;3176;285;3970;3974;7.89;0.48;229.83;3.66;794;17;1355.00;4
3179;17;624238564;3179;287;3970;3974;7.87;0.48;229.75;3.66;791;17;1356.00;4
3183;17;624238574;3183;286;3970;3974;7.78;0.48;229.78;3.66;787;17;1357.00;4
3188;17;624238583;3188;283;3974;3978;7.57;0.46;229.84;3.66;786;17;1358.00;4
3192;17;624238594;3192;289;3975;3979;7.46;0.46;229.97;3.66;783;17;1359.00;4
3196;17;624238604;3196;279;3975;3979;7.38;0.45;230.29;3.66;779;17;1360.00;4
3198;17;624238613;3198;278;3976;3980;7.37;0.45;230.30;3.66;778;17;1361.00;4
3200;17;624238622;3200;276;3976;3980;7.32;0.45;230.41;3.66;776;17;1362.00;4
3207;17;624238631;3207;272;3976;3980;7.23;0.44;230.58;3.66;769;17;1363.00;4
3210;17;624238641;3210;273;3976;3980;7.24;0.44;230.56;3.66;766;17;1364.00;4
3215;17;624238649;3215;277;3976;3980;7.24;0.44;230.50;3.66;761;17;1365.00;4
3220;17;624238659;3220;273;3976;3980;7.24;0.44;230.69;3.66;756;17;1366.00;4
3222;17;624238668;3222;265;3976;3980;7.32;0.45;230.70;3.66;754;17;1367.00;4
3227;17;624238678;3227;258;4014;4050;7.51;0.46;231.00;3.62;787;17;1368.00;36
3228;17;624238693;3228;254;4018;4051;7.54;0.46;230.96;3.62;790;17;1369.00;33
3233;17;624238702;3233;253;4025;4051;7.58;0.46;231.17;3.62;792;17;1370.00;26
3237;17;624238712;3237;250;4027;4051;7.60;0.46;231.21;3.62;790;17;1371.00;24
3239;17;624238723;3239;248;4030;4051;7.63;0.47;231.26;3.62;791;17;1372.00;21
3243;17;624238733;3243;247;4031;4051;7.63;0.47;231.19;3.62;788;17;1373.00;20
3247;17;624238743;3247;252;4034;4051;7.64;0.47;231.45;3.62;787;17;1374.00;17
3250;17;624238753;3250;256;4036;4051;7.63;0.47;231.52;3.62;786;17;1375.00;15
3253;17;624238771;3253;262;4038;4052;7.54;0.46;231.55;3.62;785;17;1376.00;14
3258;17;624238783;3258;263;4040;4053;7.50;0.46;231.56;3.62;782;17;1377.00;13
3263;17;624238794;3263;264;4042;4053;7.45;0.46;231.55;3.63;779;17;1378.00;11
3265;17;624238804;3265;263;4046;4057;7.52;0.46;231.49;3.63;781;17;1379.00;11
3270;17;624238816;3270;264;4048;4057;7.49;0.46;231.59;3.63;778;17;1380.00;9
3274;17;624238827;3274;262;4048;4057;7.51;0.46;231.60;3.63;774;17;1381.00;9
3278;17;624238838;3278;266;4048;4057;7.55;0.46;231.60;3.63;770;17;1382.00;9
3283;17;624238850;3283;261;4054;4063;7.64;0.47;231.72;3.62;771;17;1383.00;9
3289;17;624238861;3289;262;4054;4063;7.74;0.47;231.60;3.62;765;17;1384.00;9
3293;17;624238871;3293;264;4054;4063;7.77;0.47;231.77;3.62;761;17;1385.00;9
3294;17;624238883;3294;258;4056;4066;7.84;0.48;231.83;3.62;762;17;1386.00;10
3299;17;624238894;3299;258;4060;4066;7.85;0.48;231.86;3.63;761;17;1387.00;6
3304;17;624238904;3304;255;4060;4066;7.80;0.48;231.96;3.63;756;17;1388.00;6
3306;17;624238915;3306;252;4061;4067;7.80;0.48;232.04;3.63;755;17;1389.00;6
3312;17;624238924;3312;254;4063;4068;7.70;0.47;232.08;3.63;751;17;1390.00;5
3319;17;624238934;3319;256;4063;4068;7.61;0.47;232.01;3.63;744;17;1391.00;5
3324;17;624238945;3324;255;4075;4081;7.59;0.46;232.05;3.62;751;17;1392.00;6
3329;17;624238956;3329;256;4077;4081;7.50;0.46;231.98;3.65;748;17;1393.00;4
3333;17;624238965;3333;261;4077;4081;7.44;0.45;232.05;3.65;744;17;1394.00;4
3337;17;624238976;3337;266;4079;4083;7.35;0.45;232.07;3.65;742;17;1395.00;4
3341;17;624238985;3341;276;4079;4083;7.27;0.44;232.10;3.65;738;17;1396.00;4
3344;17;624238994;3344;284;4083;4087;7.24;0.44;232.06;3.65;739;17;1397.00;4
3349;17;624239003;3349;292;4083;4087;7.15;0.43;231.98;3.65;734;17;1398.00;4
3351;17;624239012;3351;296;4087;4091;7.14;0.43;231.99;3.65;736;17;1399.00;4
3354;17;624239023;3354;298;4087;4091;7.02;0.43;231.93;3.65;733;17;1400.00;4
3357;17;624239037;3357;301;4087;4091;6.94;0.42;231.86;3.65;730;17;1401.00;4
3360;17;624239046;3360;299;4087;4091;6.78;0.41;232.02;3.65;727;17;1402.00;4
3361;17;624239055;3361;308;4087;4091;6.74;0.41;232.02;3.65;726;17;1403.00;4
3361;17;624239064;3361;311;4098;4103;6.77;0.41;232.02;3.64;737;17;1404.00;5
3361;17;624239074;3361;314;4098;4103;6.64;0.41;232.02;3.64;737;17;1405.00;5
3362;17;624239083;3362;317;4099;4103;6.56;0.40;231.98;3.64;737;17;1406.00;4
3363;17;624239092;3363;314;4099;4103;6.50;0.40;231.97;3.64;736;17;1407.00;4
3367;17;624239101;3367;314;4100;4103;6.48;0.40;231.90;3.67;733;17;1408.00;3
3369;17;624239110;3369;312;4100;4103;6.38;0.39;231.83;3.67;731;17;1409.00;3
3369;17;624239121;3369;305;4101;4104;6.39;0.39;231.83;3.67;732;17;1410.00;3
3372;17;624239130;3372;304;4101;4104;6.34;0.39;231.68;3.67;729;17;1411.00;3
3373;17;624239139;3373;310;4107;4110;6.34;0.39;231.69;3.67;734;17;1412.00;3
3375;17;624239148;3375;304;4108;4111;6.30;0.38;231.73;3.67;733;17;1413.00;3
3376;17;624239157;3376;301;4108;4111;6.31;0.39;231.70;3.67;732;17;1414.00;3
3377;17;624239166;3377;302;4108;4111;6.28;0.38;231.65;3.67;731;17;1415.00;3
3377;17;624239181;3377;285;4112;4115;6.38;0.39;231.65;3.66;735;17;1416.00;3
3379;17;624239191;3379;281;4113;4115;6.42;0.39;231.62;3.69;734;17;1417.00;2
3382;17;624239200;3382;279;4113;4115;6.45;0.39;231.57;3.69;731;17;1418.00;2
3383;17;624239210;3383;274;4114;4116;6.56;0.40;231.54;3.69;731;17;1419.00;2
3385;17;624239227;3385;269;4118;4120;6.59;0.40;231.51;3.69;733;17;1420.00;2
3385;17;624239238;3385;273;4118;4120;6.63;0.41;231.51;3.69;733;17;1421.00;2
3387;17;624239251;3387;269;4120;4123;6.73;0.41;231.42;3.69;733;17;1422.00;3
3389;17;624239268;3389;271;4121;4123;6.78;0.42;231.37;3.72;732;17;1423.00;2
3390;17;624239278;3390;272;4122;4123;6.85;0.42;231.31;3.72;732;17;1424.00;1
3391;17;624239288;3391;275;4122;4123;6.91;0.42;231.30;3.72;731;17;1425.00;1
3393;17;624239297;3393;276;4126;4127;7.11;0.44;231.37;3.71;733;18;1426.00;1
3394;17;624239320;3394;278;4126;4127;7.22;0.44;231.42;3.71;732;18;1427.00;1
3397;17;624239331;3397;278;4126;4127;7.33;0.45;231.43;3.71;729;18;1428.00;1
3400;17;624239342;3400;279;4126;4127;7.40;0.45;231.50;3.71;726;18;1429.00;1
3401;17;624239352;3401;275;4127;4128;7.47;0.46;231.46;3.71;726;18;1430.00;1
3402;17;624239361;3402;272;4129;4129;7.51;0.46;231.45;3.73;727;18;1431.00;0
3403;17;624239371;3403;268;4129;4129;7.53;0.46;231.40;3.73;726;18;1432.00;0
3404;17;624239379;3404;263;4130;4130;7.59;0.46;231.43;3.73;726;18;1433.00;0
3406;17;624239389;3406;264;4130;4130;7.69;0.47;231.39;3.73;724;18;1434.00;0
3408;17;624239398;3408;250;4130;4130;7.71;0.47;231.46;3.73;722;18;1435.00;0
3410;17;624239408;3410;236;4130;4130;7.78;0.47;231.50;3.73;720;18;1436.00;0
3410;17;624239417;3410;227;4130;4130;7.85;0.48;231.50;3.73;720;18;1437.00;0
3414;17;624239426;3414;221;4130;4130;7.95;0.48;231.41;3.73;716;18;1438.00;0
3417;17;624239434;3417;212;4130;4130;8.10;0.49;231.35;3.73;713;18;1439.00;0
3419;17;624239445;3419;259;4250;4360;8.13;0.51;231.37;3.62;831;18;1440.00;110
3420;17;624239472;3420;238;4253;4361;8.27;0.52;231.31;3.62;833;18;1441.00;108
3421;17;624239488;3421;214;4262;4361;8.54;0.53;231.35;3.62;841;18;1442.00;99
3422;17;624239498;3422;213;4270;4361;8.77;0.55;231.37;3.61;848;18;1443.00;91
3425;17;624239508;3425;207;4277;4361;8.99;0.56;231.37;3.61;852;18;1444.00;84
3426;17;624239518;3426;198;4281;4361;9.09;0.56;231.41;3.62;855;18;1445.00;80
3427;17;624239534;3427;192;4288;4361;9.22;0.57;231.37;3.62;861;18;1446.00;73
3430;17;624239550;3430;191;4292;4361;9.26;0.57;231.53;3.62;862;18;1447.00;69
3431;17;624239561;3431;193;4296;4362;9.35;0.58;231.54;3.63;865;18;1448.00;66
3432;17;624239571;3432;196;4299;4363;9.41;0.58;231.53;3.63;867;18;1449.00;64
3434;17;624239582;3434;196;4303;4363;9.43;0.58;231.52;3.64;869;18;1450.00;60
3437;17;624239593;3437;203;4306;4364;9.43;0.58;231.56;3.64;869;18;1451.00;58
3437;17;624239604;3437;210;4308;4364;9.47;0.58;231.56;3.65;871;18;1452.00;56
3440;17;624239614;3440;216;4310;4364;9.55;0.59;231.51;3.65;870;18;1453.00;54
3441;17;624239625;3441;219;4312;4364;9.59;0.59;231.53;3.66;871;18;1454.00;52
3442;17;624239636;3442;228;4314;4368;9.68;0.59;231.55;3.66;872;18;1455.00;54
3444;17;624239647;3444;231;4317;4368;9.68;0.59;231.57;3.66;873;18;1456.00;51
3445;17;624239658;3445;229;4318;4368;9.71;0.59;231.56;3.66;873;18;1457.00;50
3447;17;624239670;3447;230;4319;4371;9.73;0.59;231.60;3.66;872;18;1458.00;52
3450;17;624239681;3450;230;4319;4371;9.70;0.59;231.67;3.66;869;18;1459.00;52
3452;17;624239692;3452;232;4320;4371;9.70;0.59;231.76;3.67;868;18;1460.00;51
3454;17;624239703;3454;226;4323;4375;9.75;0.59;231.75;3.67;869;18;1461.00;52
3458;17;624239715;3458;227;4324;4376;9.77;0.60;231.78;3.66;866;18;1462.00;52
3466;17;624239726;3466;223;4327;4376;9.71;0.59;231.81;3.68;861;18;1463.00;49
3468;17;624239738;3468;225;4328;4380;9.72;0.59;231.79;3.68;860;18;1464.00;52
3473;17;624239750;3473;229;4330;4380;9.67;0.59;231.98;3.69;857;18;1465.00;50
3476;17;624239762;3476;225;4331;4380;9.68;0.59;232.13;3.69;855;18;1466.00;49
3477;17;624239773;3477;222;4331;4381;9.74;0.59;232.15;3.69;854;18;1467.00;50
3481;17;624239785;3481;219;4331;4381;9.79;0.60;232.31;3.69;850;18;1468.00;50
3487;17;624239796;3487;214;4334;4387;9.91;0.60;232.31;3.68;847;18;1469.00;53
3490;17;624239809;3490;210;4335;4387;10.00;0.61;232.33;3.69;845;18;1470.00;52
3492;17;624239821;3492;205;4335;4388;10.09;0.61;232.30;3.69;843;18;1471.00;53
3498;17;624239837;3498;200;4336;4388;10.13;0.61;232.34;3.69;838;18;1472.00;52
3499;17;624239849;3499;193;4337;4388;10.22;0.62;232.46;3.70;838;18;1473.00;51
3503;17;624239860;3503;196;4337;4388;10.31;0.63;232.59;3.70;834;18;1474.00;51
3503;17;624239877;3503;197;4338;4388;10.35;0.63;232.59;3.70;835;18;1475.00;50
3505;17;624239893;3505;195;4348;4400;10.37;0.63;232.73;3.70;843;18;1476.00;52
3508;17;624239906;3508;197;4349;4400;10.43;0.63;232.83;3.71;841;18;1477.00;51
3509;17;624239917;3509;195;4349;4400;10.44;0.64;232.87;3.71;840;18;1478.00;51
3513;17;624239929;3513;196;4352;4400;10.39;0.63;232.98;3.73;839;18;1479.00;48
3514;17;624239941;3514;199;4355;4400;10.33;0.63;233.03;3.75;841;18;1480.00;45
3517;17;624239952;3517;201;4358;4400;10.27;0.63;233.09;3.78;841;18;1481.00;42
3519;17;624239963;3519;206;4362;4404;10.20;0.62;233.03;3.78;843;18;1482.00;42
3522;17;624239976;3522;206;4365;4404;10.15;0.62;233.15;3.80;843;18;1483.00;39
3523;17;624239987;3523;211;4369;4408;10.09;0.61;233.12;3.81;846;18;1484.00;39
3527;17;624239999;3527;207;4372;4410;9.97;0.61;233.48;3.81;845;18;1485.00;38
3530;17;624240015;3530;215;4376;4410;9.89;0.60;233.57;3.82;846;18;1486.00;34
3534;17;624240030;3534;218;4376;4410;9.78;0.60;233.74;3.82;842;18;1487.00;34
3538;17;624240044;3538;226;4386;4423;9.63;0.59;233.91;3.82;848;18;1488.00;37
3540;17;624240056;3540;229;4386;4423;9.59;0.58;233.85;3.82;846;18;1489.00;37
3545;17;624240068;3545;233;4389;4423;9.46;0.58;234.07;3.85;844;18;1490.00;34
3547;17;624240078;3547;236;4391;4424;9.43;0.57;234.07;3.86;844;18;1491.00;33
3552;17;624240089;3552;246;4392;4425;9.34;0.57;234.23;3.87;840;18;1492.00;33
3554;17;624240100;3554;253;4395;4425;9.33;0.57;234.18;3.90;841;18;1493.00;30
3556;17;624240111;3556;255;4399;4428;9.27;0.56;234.35;3.91;843;18;1494.00;29
3559;17;624240121;3559;263;4400;4428;9.24;0.56;234.63;3.93;841;18;1495.00;28
3560;17;624240132;3560;269;4403;4428;9.13;0.56;234.58;3.95;843;18;1496.00;25
3564;17;624240142;3564;275;4404;4428;9.06;0.55;234.71;3.96;840;18;1497.00;24
3568;17;624240153;3568;282;4411;4434;8.97;0.55;234.79;3.97;843;18;1498.00;23
3572;17;624240164;3572;284;4412;4434;8.86;0.54;234.93;3.98;840;18;1499.00;22
3575;17;624240176;3575;292;4419;4453;8.72;0.53;235.18;3.99;844;18;1500.00;34
3578;17;624240194;3578;299;4419;4453;8.63;0.52;235.23;3.99;841;18;1501.00;34
3580;17;624240204;3580;300;4424;4457;8.50;0.52;235.30;3.99;844;18;1502.00;33
3585;17;624240215;3585;308;4426;4458;8.46;0.51;235.48;3.99;841;18;1503.00;32
3586;17;624240225;3586;312;4426;4458;8.40;0.51;235.54;3.99;840;18;1504.00;32
3587;17;624240235;3587;317;4428;4459;8.35;0.51;235.65;4.00;841;18;1505.00;31
3590;17;624240244;3590;324;4431;4459;8.29;0.51;235.67;4.00;841;18;1506.00;28
3591;17;624240255;3591;321;4431;4459;8.21;0.50;235.73;4.00;840;18;1507.00;28
3592;17;624240265;3592;322;4433;4459;8.13;0.50;235.72;4.00;841;18;1508.00;26
3594;17;624240274;3594;321;4433;4459;8.07;0.49;235.74;4.00;839;18;1509.00;26
3596;17;624240285;3596;318;4434;4459;8.01;0.49;235.81;4.01;838;18;1510.00;25
3598;17;624240295;3598;317;4434;4459;7.90;0.48;235.79;4.01;836;18;1511.00;25
3599;17;624240305;3599;328;4476;4529;7.75;0.48;235.84;3.98;877;18;1512.00;53
3602;17;624240321;3602;324;4479;4530;7.75;0.48;235.84;3.98;877;18;1513.00;51
3603;17;624240332;3603;317;4486;4530;7.79;0.48;235.93;3.98;883;18;1514.00;44
3607;17;624240342;3607;319;4487;4530;7.84;0.48;235.92;3.98;880;18;1515.00;43
3608;17;624240355;3608;316;4489;4530;7.90;0.49;235.90;3.98;881;18;1516.00;41
3615;17;624240370;3615;316;4490;4530;7.95;0.49;236.05;3.98;875;18;1517.00;40
3621;17;624240389;3621;314;4492;4530;7.98;0.49;236.07;3.98;871;18;1518.00;38
3621;17;624240408;3621;311;4493;4530;8.08;0.50;236.07;3.98;872;18;1519.00;37
3625;17;624240423;3625;313;4493;4531;8.08;0.49;235.94;3.98;868;18;1520.00;38
3627;17;624240439;3627;313;4495;4532;8.09;0.50;236.00;3.99;868;18;1521.00;37
3630;17;624240455;3630;313;4495;4532;8.05;0.49;236.04;3.99;865;18;1522.00;37
3633;17;624240469;3633;316;4501;4536;7.96;0.49;236.04;3.99;868;18;1523.00;35
3637;17;624240481;3637;313;4504;4536;7.91;0.49;236.03;4.00;867;18;1524.00;32
3641;17;624240492;3641;312;4506;4536;7.82;0.48;236.09;4.00;865;18;1525.00;30
3644;17;624240504;3644;316;4508;4536;7.74;0.48;236.09;4.01;864;18;1526.00;28
3652;17;624240516;3652;320;4512;4542;7.68;0.47;236.15;4.00;860;18;1527.00;30
3653;17;624240528;3653;323;4512;4542;7.61;0.47;236.25;4.00;859;18;1528.00;30
3657;17;624240539;3657;326;4513;4542;7.42;0.46;236.39;4.01;856;18;1529.00;29
3662;17;624240551;3662;318;4517;4548;7.32;0.45;236.38;4.02;855;18;1530.00;31
3667;17;624240562;3667;312;4517;4548;7.16;0.44;236.44;4.02;850;18;1531.00;31
3672;17;624240573;3672;312;4518;4548;7.01;0.43;236.57;4.02;846;18;1532.00;30
3675;17;624240583;3675;306;4521;4549;6.94;0.43;236.56;4.03;846;18;1533.00;28
3681;17;624240593;3681;311;4524;4550;6.96;0.43;236.60;4.04;843;18;1534.00;26
3684;17;624240604;3684;313;4525;4550;7.01;0.43;236.70;4.04;841;18;1535.00;25
3688;17;624240615;3688;315;4537;4563;7.11;0.44;236.80;4.03;849;18;1536.00;26
3689;17;624240626;3689;312;4538;4563;7.14;0.44;236.86;4.03;849;18;1537.00;25
3694;17;624240636;3694;306;4539;4563;7.16;0.44;237.07;4.03;845;18;1538.00;24
3698;17;624240647;3698;305;4543;4564;7.15;0.44;237.07;4.05;845;18;1539.00;21
3699;17;624240658;3699;302;4544;4564;7.21;0.44;237.12;4.06;845;18;1540.00;20
3705;17;624240670;3705;294;4547;4568;7.23;0.44;237.21;4.05;842;18;1541.00;21
3710;17;624240682;3710;292;4548;4568;7.19;0.44;237.33;4.06;838;18;1542.00;20
3712;17;624240694;3712;286;4553;4572;7.21;0.44;237.26;4.06;841;18;1543.00;19
3717;17;624240705;3717;292;4555;4572;7.25;0.45;237.16;4.06;838;18;1544.00;17
3723;17;624240717;3723;301;4557;4572;7.23;0.44;237.10;4.06;834;18;1545.00;15
3730;17;624240729;3730;296;4557;4572;7.15;0.44;237.02;4.06;827;18;1546.00;15
3733;17;624240740;3733;293;4558;4572;7.13;0.44;236.98;4.06;825;18;1547.00;14
3734;17;624240752;3734;299;4569;4584;7.15;0.44;237.03;4.05;835;18;1548.00;15
3738;17;624240766;3738;301;4570;4584;7.08;0.43;237.02;4.05;832;18;1549.00;14
3740;17;624240778;3740;309;4570;4584;7.00;0.43;237.03;4.05;830;18;1550.00;14
3743;17;624240790;3743;307;4570;4584;6.97;0.43;237.14;4.05;827;18;1551.00;14
3745;17;624240802;3745;306;4570;4584;7.00;0.43;237.17;4.05;825;18;1552.00;14
3747;17;624240813;3747;307;4570;4584;7.02;0.43;237.16;4.05;823;18;1553.00;14
3752;17;624240824;3752;308;4571;4585;6.95;0.42;237.14;4.05;819;18;1554.00;14
3755;17;624240834;3755;312;4573;4587;6.91;0.42;237.13;4.05;818;18;1555.00;14
3761;17;624240846;3761;319;4579;4593;6.79;0.41;237.20;4.05;818;18;1556.00;14
3765;17;624240858;3765;325;4581;4594;6.71;0.41;237.13;4.07;816;18;1557.00;13
3768;17;624240868;3768;327;4581;4594;6.64;0.40;237.10;4.07;813;18;1558.00;13
3771;17;624240884;3771;333;4581;4594;6.61;0.40;237.07;4.07;810;18;1559.00;13
3775;17;624240897;3775;332;4586;4599;6.55;0.40;237.23;4.06;811;18;1560.00;13
3777;17;624240908;3777;332;4586;4599;6.59;0.40;237.27;4.06;809;18;1561.00;13
3782;17;624240918;3782;331;4586;4599;6.58;0.40;237.10;4.06;804;18;1562.00;13
3787;17;624240927;3787;341;4587;4600;6.52;0.40;237.11;4.06;800;18;1563.00;13
3789;17;624240939;3789;342;4591;4604;6.51;0.39;237.11;4.06;802;18;1564.00;13
3792;17;624240948;3792;344;4591;4604;6.42;0.39;237.13;4.06;799;18;1565.00;13
3795;17;624240957;3795;343;4593;4607;6.33;0.38;237.09;4.06;798;18;1566.00;14
3796;17;624240968;3796;342;4593;4607;6.29;0.38;237.11;4.06;797;18;1567.00;14
3801;17;624240977;3801;350;4594;4607;6.16;0.37;237.00;4.06;793;18;1568.00;13
3803;17;624240986;3803;352;4594;4607;6.03;0.37;236.91;4.06;791;18;1569.00;13
3808;17;624240994;3808;357;4598;4611;5.93;0.36;236.77;4.06;790;18;1570.00;13
3812;17;624241005;3812;362;4598;4611;5.83;0.35;236.72;4.06;786;18;1571.00;13
3814;17;624241014;3814;369;4598;4611;5.79;0.35;236.73;4.06;784;18;1572.00;13
3819;17;624241023;3819;375;4598;4611;5.67;0.34;236.77;4.06;779;18;1573.00;13
3820;17;624241033;3820;377;4599;4612;5.62;0.34;236.74;4.06;779;18;1574.00;13
3820;17;624241042;3820;379;4602;4614;5.58;0.34;236.74;4.08;782;18;1575.00;12
3820;17;624241051;3820;385;4602;4614;5.51;0.34;236.74;4.08;782;18;1576.00;12
3821;17;624241060;3821;377;4603;4615;5.50;0.33;236.75;4.08;782;18;1577.00;12
3821;17;624241070;3821;371;4603;4615;5.53;0.34;236.75;4.08;782;18;1578.00;12
3821;17;624241079;3821;363;4603;4615;5.55;0.34;236.75;4.08;782;18;1579.00;12
3823;17;624241087;3823;354;4603;4615;5.56;0.34;236.71;4.08;780;18;1580.00;12
3825;17;624241097;3825;353;4603;4615;5.57;0.34;236.71;4.08;778;18;1581.00;12
3826;17;624241106;3826;362;4603;4615;5.60;0.34;236.74;4.08;777;18;1582.00;12
3826;17;624241115;3826;363;4603;4615;5.61;0.34;236.74;4.08;777;18;1583.00;12
3826;17;624241124;3826;379;4676;4742;6.09;0.38;236.74;4.02;850;18;1584.00;66
3827;17;624241143;3827;370;4678;4743;6.12;0.38;236.72;4.02;851;18;1585.00;65
3828;17;624241153;3828;349;4688;4743;6.22;0.39;236.69;4.01;860;18;1586.00;55
3828;17;624241163;3828;318;4693;4743;6.29;0.39;236.69;4.01;865;18;1587.00;50
3828;17;624241180;3828;301;4698;4743;6.41;0.40;236.69;4.01;870;18;1588.00;45
3830;17;624241190;3830;291;4700;4743;6.46;0.40;236.69;4.01;870;18;1589.00;43
3832;17;624241203;3832;284;4705;4743;6.56;0.41;236.64;4.05;873;18;1590.00;38
3832;17;624241214;3832;270;4708;4743;6.65;0.41;236.64;4.05;876;18;1591.00;35
3832;17;624241225;3832;267;4710;4744;6.68;0.41;236.64;4.05;878;18;1592.00;34
3834;17;624241236;3834;266;4712;4745;6.74;0.42;236.66;4.05;878;18;1593.00;33
3835;17;624241248;3835;257;4713;4745;6.88;0.42;236.70;4.05;878;18;1594.00;32
3836;17;624241259;3836;256;4715;4746;6.99;0.43;236.67;4.09;879;18;1595.00;31
3837;17;624241270;3837;256;4717;4746;7.11;0.44;236.70;4.09;880;18;1596.00;29
3837;17;624241289;3837;261;4719;4746;7.27;0.45;236.70;4.09;882;18;1597.00;27
3839;17;624241308;3839;260;4721;4746;7.40;0.46;236.75;4.10;882;18;1598.00;25
3842;17;624241322;3842;253;4725;4750;7.51;0.46;236.76;4.10;883;18;1599.00;25
3844;17;624241336;3844;256;4727;4750;7.65;0.47;236.88;4.10;883;18;1600.00;23
3846;17;624241360;3846;247;4728;4750;7.79;0.48;236.90;4.10;882;18;1601.00;22
3848;17;624241373;3848;249;4730;4753;7.92;0.49;236.96;4.10;882;18;1602.00;23
3848;17;624241393;3848;241;4731;4753;8.09;0.50;236.96;4.10;883;18;1603.00;22
3851;17;624241405;3851;234;4731;4753;8.17;0.50;236.94;4.10;880;18;1604.00;22
3854;17;624241417;3854;231;4735;4757;8.28;0.50;236.92;4.10;881;18;1605.00;22
3857;17;624241429;3857;224;4738;4758;8.37;0.51;236.93;4.14;881;18;1606.00;20
3859;17;624241441;3859;218;4738;4758;8.48;0.52;236.91;4.14;879;18;1607.00;20
3860;17;624241459;3860;215;4741;4762;8.67;0.53;236.89;4.14;881;18;1608.00;21
3862;17;624241470;3862;216;4743;4762;8.81;0.54;236.95;4.15;881;18;1609.00;19
3864;17;624241482;3864;210;4744;4762;8.98;0.55;236.92;4.15;880;18;1610.00;18
3868;17;624241493;3868;207;4745;4763;9.10;0.55;236.87;4.15;877;18;1611.00;18
3869;17;624241505;3869;205;4746;4763;9.19;0.56;236.94;4.16;877;18;1612.00;17
3870;17;624241517;3870;201;4751;4769;9.32;0.56;236.93;4.15;881;18;1613.00;18
3870;17;624241530;3870;196;4751;4769;9.46;0.57;236.93;4.15;881;18;1614.00;18
3875;17;624241541;3875;189;4752;4770;9.62;0.58;236.88;4.15;877;18;1615.00;18
3875;17;624241553;3875;188;4753;4770;9.77;0.59;236.88;4.19;878;18;1616.00;17
3879;17;624241564;3879;183;4753;4770;9.91;0.60;236.80;4.19;874;18;1617.00;17
3880;17;624241576;3880;177;4753;4770;10.01;0.61;236.83;4.19;873;18;1618.00;17
3882;17;624241587;3882;177;4753;4770;10.13;0.61;236.85;4.19;871;18;1619.00;17
3885;17;624241601;3885;177;4779;4806;10.17;0.62;236.89;4.17;894;18;1620.00;27
3887;17;624241616;3887;182;4780;4806;10.32;0.63;236.87;4.17;893;18;1621.00;26
3889;17;624241628;3889;177;4782;4806;10.52;0.64;236.86;4.16;893;18;1622.00;24
3893;17;624241641;3893;172;4782;4806;10.63;0.65;236.95;4.16;889;18;1623.00;24
3895;17;624241653;3895;173;4783;4806;10.72;0.65;237.00;4.16;888;18;1624.00;23
3899;17;624241665;3899;174;4784;4806;10.79;0.65;237.11;4.16;885;18;1625.00;22
3900;17;624241693;3900;175;4787;4810;10.88;0.66;237.11;4.16;887;18;1626.00;23
3908;17;624241706;3908;180;4787;4810;10.94;0.66;237.26;4.16;879;18;1627.00;23
3909;17;624241718;3909;181;4791;4814;11.01;0.67;237.27;4.16;882;18;1628.00;23
3914;18;624241731;3914;180;4792;4815;11.03;0.67;237.39;4.16;878;19;1629.00;23
3918;18;624241755;3918;175;4792;4815;10.99;0.67;237.52;4.16;874;19;1630.00;23
3924;18;624241767;3924;179;4792;4815;10.88;0.66;237.62;4.16;868;19;1631.00;23
3927;18;624241778;3927;171;4803;4828;10.76;0.65;237.69;4.15;876;19;1632.00;25
3931;18;624241791;3931;168;4803;4828;10.69;0.65;237.74;4.15;872;19;1633.00;25
3935;18;624241803;3935;168;4803;4828;10.66;0.65;237.84;4.15;868;19;1634.00;25
3938;18;624241815;3938;168;4806;4829;10.62;0.64;237.89;4.20;868;19;1635.00;23
3940;18;624241827;3940;167;4806;4830;10.66;0.65;238.05;4.20;866;19;1636.00;24
3945;18;624241839;3945;172;4806;4830;10.71;0.65;238.35;4.20;861;19;1637.00;24
3950;18;624241851;3950;177;4808;4833;10.75;0.65;238.41;4.20;858;19;1638.00;25
3955;18;624241863;3955;172;4809;4833;10.82;0.66;238.50;4.20;854;19;1639.00;24
3959;18;624241874;3959;173;4809;4833;10.83;0.66;238.65;4.20;850;19;1640.00;24
3962;18;624241886;3962;169;4809;4833;10.83;0.66;238.77;4.20;847;19;1641.00;24
3966;18;624241897;3966;169;4814;4839;10.91;0.66;238.97;4.19;848;19;1642.00;25
3969;18;624241909;3969;169;4814;4839;10.89;0.66;239.18;4.19;845;19;1643.00;25
3976;18;624241921;3976;169;4814;4839;10.86;0.66;239.35;4.19;838;19;1644.00;25
3977;18;624241932;3977;167;4814;4839;10.83;0.66;239.34;4.19;837;19;1645.00;25
3981;19;624241949;3981;171;4817;4843;10.69;0.65;239.51;4.19;836;20;1646.00;26
3983;19;624241969;3983;170;4819;4844;10.64;0.65;239.62;4.20;836;20;1647.00;25
3985;19;624241980;3985;172;4819;4844;10.59;0.64;239.63;4.20;834;20;1648.00;25
3991;19;624241991;3991;176;4820;4845;10.55;0.64;239.63;4.20;829;20;1649.00;25
3994;19;624242004;3994;176;4820;4845;10.55;0.64;239.67;4.20;826;20;1650.00;25
3997;19;624242015;3997;169;4821;4845;10.47;0.64;239.73;4.24;824;20;1651.00;24
4000;19;624242026;4000;168;4821;4845;10.41;0.63;239.86;4.24;821;20;1652.00;24
4000;19;624242037;4000;173;4821;4845;10.38;0.63;239.86;4.24;821;20;1653.00;24
4005;19;624242048;4005;171;4821;4845;10.27;0.63;239.85;4.24;816;20;1654.00;24
4005;19;624242058;4005;174;4821;4845;10.22;0.62;239.85;4.24;816;20;1655.00;24
4009;19;624242068;4009;181;4859;4915;10.19;0.62;239.95;4.22;850;20;1656.00;56
4013;19;624242085;4013;183;4859;4916;10.21;0.62;240.04;4.22;846;20;1657.00;57
4015;19;624242096;4015;183;4866;4916;10.24;0.62;240.07;4.22;851;20;1658.00;50
4021;19;624242108;4021;186;4871;4916;10.24;0.62;240.25;4.23;850;20;1659.00;45
4022;19;624242119;4022;192;4877;4916;10.24;0.62;240.31;4.24;855;20;1660.00;39
4027;19;624242130;4027;197;4878;4916;10.25;0.62;240.41;4.24;851;20;1661.00;38
4029;19;624242146;4029;202;4883;4916;10.30;0.63;240.46;4.26;854;20;1662.00;33
4035;19;624242158;4035;202;4886;4916;10.28;0.63;240.47;4.26;851;20;1663.00;30
4037;19;624242169;4037;200;4890;4917;10.27;0.63;240.44;4.26;853;20;1664.00;27
4042;19;624242179;4042;202;4894;4919;10.15;0.62;240.53;4.27;852;20;1665.00;25
4044;19;624242190;4044;207;4896;4919;10.10;0.62;240.60;4.28;852;20;1666.00;23
4046;19;624242201;4046;212;4899;4923;10.10;0.61;240.59;4.27;853;20;1667.00;24
4050;19;624242212;4050;218;4900;4923;9.97;0.61;240.70;4.28;850;20;1668.00;23
4052;19;624242222;4052;225;4900;4923;9.88;0.60;240.71;4.28;848;20;1669.00;23
4054;19;624242233;4054;229;4901;4923;9.75;0.59;240.77;4.29;847;20;1670.00;22
4057;19;624242243;4057;236;4907;4929;9.72;0.59;240.89;4.29;850;20;1671.00;22
4057;19;624242260;4057;247;4908;4929;9.61;0.59;240.89;4.30;851;20;1672.00;21
4062;19;624242271;4062;250;4908;4929;9.47;0.58;240.91;4.30;846;20;1673.00;21
4064;19;624242281;4064;257;4910;4932;9.37;0.57;240.91;4.30;846;20;1674.00;22
4065;19;624242291;4065;261;4911;4932;9.24;0.57;240.95;4.30;846;20;1675.00;21
4068;19;624242301;4068;265;4912;4932;9.14;0.56;241.03;4.30;844;20;1676.00;20
4071;19;624242311;4071;267;4915;4933;8.96;0.55;241.05;4.33;844;20;1677.00;18
4076;20;624242322;4076;274;4916;4934;8.82;0.54;241.06;4.33;840;21;1678.00;18
4078;20;624242344;4078;278;4917;4934;8.66;0.53;241.15;4.33;839;21;1679.00;17
4082;20;624242358;4082;281;4932;4960;8.46;0.52;241.19;4.32;850;21;1680.00;28
4086;20;624242376;4086;282;4936;4960;8.36;0.51;241.07;4.33;850;21;1681.00;24
4090;20;624242393;4090;278;4938;4960;8.30;0.51;241.02;4.32;848;21;1682.00;22
4091;20;624242408;4091;275;4941;4961;8.29;0.51;241.04;4.32;850;21;1683.00;20
4092;20;624242423;4092;274;4942;4961;8.28;0.51;241.04;4.32;850;21;1684.00;19
4094;20;624242438;4094;277;4946;4965;8.29;0.51;241.01;4.32;852;21;1685.00;19
4096;20;624242453;4096;277;4949;4965;8.24;0.50;240.96;4.33;853;21;1686.00;16
4100;20;624242468;4100;283;4951;4969;8.14;0.50;240.98;4.33;851;21;1687.00;18
4101;20;624242481;4101;282;4953;4969;8.04;0.49;240.97;4.33;852;21;1688.00;16
4103;20;624242492;4103;286;4954;4969;8.02;0.49;240.91;4.33;851;21;1689.00;15
4104;20;624242503;4104;296;4954;4969;7.93;0.49;240.88;4.33;850;21;1690.00;15
4111;20;624242513;4111;299;4955;4969;7.81;0.48;240.97;4.33;844;21;1691.00;14
4113;20;624242523;4113;303;4965;4981;7.74;0.47;240.96;4.32;852;21;1692.00;16
4119;20;624242535;4119;309;4966;4981;7.58;0.46;240.86;4.32;847;21;1693.00;15
4120;20;624242545;4120;315;4968;4981;7.49;0.46;240.86;4.32;848;21;1694.00;13
4124;20;624242554;4124;319;4968;4981;7.44;0.46;240.83;4.32;844;21;1695.00;13
4127;20;624242565;4127;314;4968;4981;7.28;0.45;240.92;4.32;841;21;1696.00;13
4131;20;624242574;4131;318;4968;4981;7.14;0.44;240.93;4.32;837;21;1697.00;13
4135;20;624242584;4135;323;4969;4982;6.95;0.43;240.94;4.32;834;21;1698.00;13
4137;20;624242593;4137;329;4969;4982;6.81;0.42;240.97;4.32;832;21;1699.00;13
4142;20;624242604;4142;331;4975;4988;6.74;0.41;241.00;4.32;833;21;1700.00;13
4143;20;624242619;4143;336;4976;4989;6.67;0.41;240.98;4.32;833;21;1701.00;13
4145;20;624242630;4145;338;4976;4989;6.54;0.40;241.06;4.32;831;21;1702.00;13
4152;20;624242639;4152;338;4976;4989;6.47;0.40;241.00;4.32;824;21;1703.00;13
4154;20;624242648;4154;335;4980;4993;6.47;0.40;241.03;4.31;826;21;1704.00;13
4157;20;624242657;4157;339;4980;4993;6.48;0.40;241.03;4.31;823;21;1705.00;13
4160;20;624242666;4160;341;4980;4993;6.48;0.40;241.11;4.31;820;21;1706.00;13
4162;20;624242674;4162;333;4981;4994;6.48;0.40;241.12;4.31;819;21;1707.00;13
4165;20;624242683;4165;332;4985;4998;6.46;0.40;241.13;4.31;820;21;1708.00;13
4169;20;624242693;4169;328;4985;4998;6.45;0.40;241.13;4.31;816;21;1709.00;13
4174;20;624242704;4174;322;4989;5004;6.47;0.40;241.08;4.31;815;21;1710.00;15
4176;20;624242713;4176;316;4991;5004;6.48;0.40;241.03;4.36;815;21;1711.00;13
4179;20;624242722;4179;319;4992;5004;6.48;0.40;241.09;4.36;813;21;1712.00;12
4182;20;624242731;4182;320;4992;5004;6.41;0.39;241.14;4.36;810;21;1713.00;12
4186;20;624242741;4186;326;4996;5008;6.51;0.40;241.26;4.36;810;21;1714.00;12
4189;20;624242751;4189;328;4996;5008;6.50;0.40;241.27;4.36;807;21;1715.00;12
4192;20;624242761;4192;328;4996;5008;6.50;0.40;241.24;4.36;804;21;1716.00;12
4197;20;624242771;4197;329;4996;5008;6.43;0.39;241.15;4.36;799;21;1717.00;12
4203;20;624242781;4203;332;4997;5009;6.29;0.38;241.09;4.36;794;21;1718.00;12
4206;20;624242790;4206;334;4998;5010;6.18;0.38;241.06;4.35;792;21;1719.00;12
4209;20;624242799;4209;338;4998;5010;6.13;0.37;241.05;4.35;789;21;1720.00;12
4212;20;624242808;4212;340;4999;5011;6.12;0.37;241.04;4.35;787;21;1721.00;12
4215;20;624242818;4215;342;4999;5011;6.13;0.37;241.13;4.35;784;21;1722.00;12
4222;20;624242828;4222;340;4999;5011;6.06;0.37;240.97;4.35;777;21;1723.00;12
4224;20;624242839;4224;340;4999;5011;6.04;0.37;240.95;4.35;775;21;1724.00;12
4229;20;624242850;4229;344;4999;5011;5.94;0.36;240.89;4.35;770;21;1725.00;12
4231;20;624242859;4231;337;4999;5011;5.90;0.36;240.91;4.35;768;21;1726.00;12
4234;20;624242868;4234;343;5000;5011;5.88;0.36;240.94;4.41;766;21;1727.00;11
4236;20;624242877;4236;352;5076;5138;6.26;0.39;240.99;4.34;840;21;1728.00;62
4237;20;624242899;4237;349;5079;5139;6.24;0.39;240.99;4.34;842;21;1729.00;60
4239;20;624242909;4239;352;5088;5139;6.36;0.39;241.04;4.34;849;21;1730.00;51
4242;20;624242918;4242;348;5089;5139;6.37;0.39;241.17;4.34;847;21;1731.00;50
4245;20;624242927;4245;346;5095;5139;6.40;0.40;241.18;4.34;850;21;1732.00;44
4250;20;624242937;4250;344;5096;5139;6.36;0.39;241.23;4.34;846;21;1733.00;43
4253;20;624242947;4253;347;5098;5139;6.32;0.39;241.26;4.34;845;21;1734.00;41
4257;20;624242957;4257;347;5100;5139;6.26;0.38;241.15;4.34;843;21;1735.00;39
4258;20;624242966;4258;351;5102;5140;6.17;0.38;241.18;4.34;844;21;1736.00;38
4260;20;624242976;4260;354;5105;5141;6.14;0.38;241.35;4.34;845;21;1737.00;36
4262;20;624242986;4262;361;5107;5141;6.05;0.37;241.42;4.35;845;21;1738.00;34
4263;20;624242996;4263;350;5109;5142;6.07;0.37;241.46;4.35;846;21;1739.00;33
4265;20;624243008;4265;345;5113;5142;6.11;0.37;241.47;4.35;848;21;1740.00;29
4267;20;624243018;4267;345;5115;5142;6.21;0.38;241.53;4.36;848;21;1741.00;27
4267;20;624243029;4267;341;5117;5142;6.36;0.39;241.53;4.42;850;21;1742.00;25
4268;20;624243039;4268;335;5122;5146;6.46;0.40;241.57;4.42;854;21;1743.00;24
4269;20;624243050;4269;334;5123;5146;6.50;0.40;241.59;4.42;854;21;1744.00;23
4271;20;624243062;4271;333;5125;5146;6.56;0.40;241.59;4.43;854;21;1745.00;21
4272;20;624243079;4272;332;5128;5149;6.56;0.40;241.62;4.43;856;21;1746.00;21
4274;20;624243090;4274;314;5129;5149;6.58;0.40;241.59;4.43;855;21;1747.00;20
4275;20;624243101;4275;309;5131;5149;6.63;0.41;241.55;4.44;856;21;1748.00;18
4277;20;624243111;4277;305;5137;5153;6.76;0.41;241.60;4.44;860;21;1749.00;16
4278;20;624243123;4278;303;5138;5154;6.86;0.42;241.61;4.44;860;21;1750.00;16
4282;20;624243134;4282;296;5141;5154;6.96;0.43;241.66;4.44;859;21;1751.00;13
4285;20;624243146;4285;291;5144;5158;7.07;0.43;241.64;4.44;859;21;1752.00;14
4288;20;624243158;4288;293;5146;5158;7.23;0.44;241.68;4.44;858;21;1753.00;12
4293;20;624243169;4293;291;5147;5158;7.28;0.45;241.71;4.50;854;21;1754.00;11
4295;20;624243180;4295;288;5149;5160;7.38;0.45;241.68;4.50;854;21;1755.00;11
4296;20;624243191;4296;273;5149;5160;7.45;0.45;241.63;4.50;853;21;1756.00;11
4299;20;624243203;4299;259;5155;5166;7.53;0.46;241.64;4.50;856;21;1757.00;11
4300;20;624243215;4300;252;5155;5166;7.59;0.46;241.60;4.50;855;21;1758.00;11
4302;20;624243227;4302;244;5157;5167;7.61;0.46;241.66;4.56;855;21;1759.00;10
4303;20;624243238;4303;236;5157;5167;7.68;0.47;241.68;4.56;854;21;1760.00;10
4307;20;624243251;4307;222;5157;5167;7.74;0.47;241.57;4.56;850;21;1761.00;10
4309;20;624243263;4309;215;5157;5167;7.83;0.48;241.56;4.56;848;21;1762.00;10
4312;20;624243275;4312;205;5157;5167;7.93;0.48;241.53;4.56;845;21;1763.00;10
4314;20;624243288;4314;205;5167;5179;8.14;0.50;241.59;4.55;853;21;1764.00;12
4314;20;624243302;4314;202;5167;5179;8.30;0.51;241.59;4.55;853;21;1765.00;12
4315;20;624243315;4315;194;5168;5179;8.50;0.52;241.62;4.55;853;21;1766.00;11
4316;20;624243328;4316;179;5169;5179;8.65;0.53;241.60;4.59;853;21;1767.00;10
4317;20;624243342;4317;171;5169;5179;8.82;0.54;241.62;4.59;852;21;1768.00;10
4321;20;624243359;4321;166;5169;5179;8.97;0.55;241.65;4.59;848;21;1769.00;10
4322;20;624243374;4322;161;5172;5183;9.05;0.55;241.67;4.59;850;21;1770.00;11
4323;20;624243395;4323;159;5172;5183;9.18;0.56;241.67;4.59;849;21;1771.00;11
4326;20;624243410;4326;159;5176;5187;9.31;0.57;241.70;4.59;850;21;1772.00;11
4330;20;624243428;4330;153;5177;5188;9.42;0.57;241.80;4.59;847;21;1773.00;11
4331;20;624243440;4331;151;5177;5188;9.51;0.58;241.83;4.59;846;21;1774.00;11
4335;20;624243452;4335;151;5177;5188;9.56;0.58;242.03;4.59;842;21;1775.00;11
4339;20;624243469;4339;156;5188;5201;9.65;0.59;242.06;4.58;849;21;1776.00;13
4345;20;624243482;4345;152;5188;5201;9.66;0.59;242.21;4.58;843;21;1777.00;13
4348;20;624243494;4348;147;5188;5201;9.72;0.59;242.17;4.58;840;21;1778.00;13
4350;20;624243506;4350;143;5190;5202;9.77;0.59;242.27;4.62;840;21;1779.00;12
4354;20;624243517;4354;138;5190;5203;9.80;0.59;242.22;4.62;836;21;1780.00;13
4356;20;624243529;4356;135;5190;5203;9.91;0.60;242.33;4.62;834;21;1781.00;13
4359;20;624243541;4359;136;5192;5206;9.94;0.60;242.42;4.61;833;21;1782.00;14
4359;20;624243552;4359;139;5192;5206;10.04;0.61;242.42;4.61;833;21;1783.00;14
4363;20;624243564;4363;136;5193;5206;10.12;0.62;242.46;4.61;830;21;1784.00;13
4365;20;624243575;4365;140;5194;5206;10.23;0.62;242.50;4.65;829;21;1785.00;12
4368;20;624243587;4368;136;5199;5212;10.34;0.63;242.48;4.65;831;21;1786.00;13
4374;20;624243599;4374;136;5199;5212;10.41;0.63;242.52;4.65;825;21;1787.00;13
4376;20;624243611;4376;134;5199;5212;10.54;0.64;242.65;4.65;823;21;1788.00;13
4377;20;624243623;4377;133;5199;5212;10.61;0.65;242.63;4.65;822;21;1789.00;13
4381;20;624243634;4381;129;5202;5216;10.60;0.64;242.79;4.64;821;21;1790.00;14
4384;20;624243646;4384;125;5203;5217;10.66;0.65;242.89;4.64;819;21;1791.00;14
4387;20;624243658;4387;121;5203;5217;10.78;0.66;242.98;4.64;816;21;1792.00;14
4391;20;624243670;4391;124;5204;5218;10.88;0.66;243.01;4.64;813;21;1793.00;14
4396;20;624243682;4396;118;5204;5218;10.94;0.67;243.17;4.64;808;21;1794.00;14
4401;20;624243694;4401;120;5204;5218;10.95;0.67;243.28;4.64;803;21;1795.00;14
4403;20;624243706;4403;121;5204;5218;10.95;0.67;243.27;4.64;801;21;1796.00;14
4406;20;624243717;4406;123;5204;5218;10.99;0.67;243.33;4.64;798;21;1797.00;14
4410;20;624243728;4410;126;5205;5218;10.93;0.67;243.32;4.68;795;21;1798.00;13
4412;20;624243740;4412;124;5205;5218;10.95;0.67;243.33;4.68;793;21;1799.00;13
4418;20;624243753;4418;144;5269;5356;10.68;0.66;243.29;4.62;851;21;1800.00;87
4421;20;624243781;4421;132;5269;5357;10.70;0.66;243.33;4.62;848;21;1801.00;88
4425;20;624243792;4425;125;5280;5357;10.74;0.66;243.49;4.61;855;21;1802.00;77
4429;20;624243804;4429;115;5282;5357;10.79;0.66;243.49;4.61;853;21;1803.00;75
4433;20;624243816;4433;115;5287;5357;10.78;0.66;243.54;4.61;854;21;1804.00;70
4437;20;624243827;4437;123;5290;5357;10.76;0.66;243.86;4.63;853;21;1805.00;67
4441;20;624243841;4441;123;5297;5357;10.76;0.66;243.88;4.63;856;21;1806.00;60
4442;20;624243853;4442;130;5304;5357;10.67;0.65;243.96;4.63;862;21;1807.00;53
4447;20;624243864;4447;128;5309;5358;10.63;0.65;244.08;4.63;862;21;1808.00;49
4448;20;624243877;4448;133;5312;5359;10.57;0.65;244.05;4.64;864;21;1809.00;47
4452;20;624243888;4452;131;5315;5359;10.45;0.64;244.18;4.67;863;21;1810.00;44
4455;20;624243900;4455;132;5319;5363;10.42;0.64;244.24;4.67;864;21;1811.00;44
4458;20;624243912;4458;137;5320;5363;10.32;0.63;244.23;4.67;862;21;1812.00;43
4459;20;624243929;4459;139;5321;5363;10.30;0.63;244.19;4.67;862;21;1813.00;42
4464;20;624243940;4464;135;5321;5363;10.28;0.63;244.21;4.67;857;21;1814.00;42
4467;20;624243952;4467;140;5324;5369;10.25;0.63;244.12;4.67;857;21;1815.00;45
4470;20;624243964;4470;143;5325;5369;10.24;0.63;244.10;4.67;855;21;1816.00;44
4474;20;624243976;4474;148;5325;5369;10.26;0.63;244.11;4.67;851;21;1817.00;44
4476;20;624243987;4476;151;5328;5372;10.21;0.62;244.12;4.67;852;21;1818.00;44
4479;20;624244004;4479;153;5330;5372;10.13;0.62;244.14;4.68;851;21;1819.00;42
4483;20;624244016;4483;151;5330;5372;10.05;0.61;244.24;4.68;847;21;1820.00;42
4483;20;624244027;4483;156;5331;5373;10.02;0.61;244.24;4.68;848;21;1821.00;42
4484;20;624244044;4484;156;5334;5374;10.05;0.62;244.29;4.68;850;21;1822.00;40
4490;20;624244055;4490;163;5334;5374;10.08;0.62;244.28;4.68;844;21;1823.00;40
4494;20;624244067;4494;171;5342;5387;10.05;0.62;244.32;4.67;848;21;1824.00;45
4496;20;624244080;4496;172;5346;5387;9.98;0.61;244.36;4.68;850;21;1825.00;41
4498;20;624244091;4498;176;5347;5387;9.96;0.61;244.45;4.68;849;21;1826.00;40
4499;20;624244102;4499;185;5349;5388;9.92;0.61;244.49;4.68;850;21;1827.00;39
4504;20;624244112;4504;192;5350;5388;9.84;0.60;244.52;4.69;846;21;1828.00;38
4507;20;624244123;4507;195;5353;5392;9.81;0.60;244.60;4.68;846;21;1829.00;39
4509;20;624244136;4509;199;5356;5392;9.76;0.60;244.59;4.70;847;21;1830.00;36
4511;20;624244147;4511;201;5359;5396;9.66;0.59;244.68;4.70;848;21;1831.00;37
4514;20;624244158;4514;205;5360;5396;9.60;0.59;244.77;4.71;846;21;1832.00;36
4515;20;624244168;4515;210;5361;5396;9.55;0.58;244.80;4.72;846;21;1833.00;35
4518;20;624244179;4518;218;5362;5396;9.48;0.58;244.80;4.72;844;21;1834.00;34
4522;20;624244189;4522;225;5363;5396;9.36;0.57;244.75;4.73;841;21;1835.00;33
4526;20;624244199;4526;232;5373;5408;9.30;0.57;244.94;4.72;847;21;1836.00;35
4528;20;624244210;4528;237;5375;5408;9.15;0.56;245.05;4.73;847;21;1837.00;33
4531;20;624244221;4531;244;5376;5408;9.05;0.55;245.20;4.73;845;21;1838.00;32
4534;20;624244231;4534;247;5378;5408;8.88;0.54;245.31;4.74;844;21;1839.00;30
4537;20;624244241;4537;252;5379;5408;8.84;0.54;245.27;4.75;842;21;1840.00;29
4538;20;624244252;4538;258;5380;5408;8.79;0.54;245.29;4.76;842;21;1841.00;28
4541;20;624244262;4541;267;5381;5409;8.74;0.54;245.31;4.76;840;21;1842.00;28
4543;21;624244272;4543;276;5382;5409;8.68;0.53;245.28;4.77;839;22;1843.00;27
4547;21;624244292;4547;285;5388;5415;8.68;0.53;245.27;4.77;841;22;1844.00;27
4550;21;624244302;4550;292;5391;5417;8.57;0.53;245.29;4.77;841;22;1845.00;26
4554;21;624244313;4554;298;5391;5417;8.40;0.52;245.27;4.77;837;22;1846.00;26
4557;21;624244323;4557;307;5391;5417;8.28;0.51;245.35;4.77;834;22;1847.00;26
4560;21;624244333;4560;309;5396;5421;8.17;0.50;245.40;4.78;836;22;1848.00;25
4565;21;624244342;4565;304;5396;5421;8.00;0.49;245.38;4.78;831;22;1849.00;25
4566;21;624244352;4566;306;5399;5421;7.93;0.49;245.49;4.79;833;22;1850.00;22
4569;21;624244369;4569;313;5400;5422;7.89;0.48;245.52;4.79;831;22;1851.00;22
4569;21;624244386;4569;316;5403;5426;7.83;0.48;245.52;4.79;834;22;1852.00;23
4574;21;624244401;4574;313;5404;5426;7.73;0.47;245.74;4.79;830;22;1853.00;22
4576;21;624244418;4576;314;5406;5429;7.67;0.47;245.72;4.79;830;22;1854.00;23
4580;21;624244433;4580;313;5408;5429;7.54;0.46;245.82;4.79;828;22;1855.00;21
4581;21;624244448;4581;317;5408;5429;7.49;0.46;245.89;4.79;827;22;1856.00;21
4584;21;624244462;4584;317;5408;5429;7.46;0.46;245.92;4.79;824;22;1857.00;21
4585;21;624244476;4585;320;5413;5433;7.51;0.46;246.02;4.79;828;22;1858.00;20
4587;21;624244485;4587;324;5414;5433;7.44;0.46;246.08;4.79;827;22;1859.00;19
4590;21;624244497;4590;328;5414;5433;7.35;0.45;246.21;4.79;824;22;1860.00;19
4591;21;624244506;4591;329;5414;5433;7.26;0.45;246.18;4.79;823;22;1861.00;19
4595;21;624244516;4595;332;5415;5434;7.10;0.44;246.19;4.79;820;22;1862.00;19
4599;21;624244527;4599;338;5416;5435;6.98;0.43;246.20;4.79;817;22;1863.00;19
4602;21;624244536;4602;343;5416;5435;6.82;0.42;246.17;4.79;814;22;1864.00;19
4607;21;624244546;4607;349;5417;5436;6.70;0.41;246.25;4.78;810;22;1865.00;19
4613;21;624244556;4613;355;5417;5436;6.54;0.40;246.20;4.78;804;22;1866.00;19
4616;21;624244565;4616;363;5417;5436;6.35;0.39;246.20;4.78;801;22;1867.00;19
4621;21;624244575;4621;370;5417;5436;6.16;0.38;246.22;4.78;796;22;1868.00;19
4623;21;624244583;4623;371;5417;5436;5.99;0.37;246.20;4.78;794;22;1869.00;19
4625;21;624244592;4625;369;5417;5436;5.91;0.37;246.22;4.78;792;22;1870.00;19
4629;21;624244600;4629;370;5417;5436;5.79;0.36;246.34;4.78;788;22;1871.00;19
4631;21;624244608;4631;395;5487;5563;6.07;0.38;246.41;4.72;856;22;1872.00;76
4639;21;624244632;4639;380;5491;5564;5.99;0.37;246.39;4.72;852;22;1873.00;73
4641;21;624244642;4641;372;5501;5564;6.08;0.38;246.42;4.72;860;22;1874.00;63
4644;21;624244650;4644;373;5504;5564;6.08;0.38;246.39;4.72;860;22;1875.00;60
4647;21;624244659;4647;374;5509;5564;6.08;0.38;246.36;4.72;862;22;1876.00;55
4651;21;624244667;4651;369;5512;5564;6.09;0.38;246.36;4.72;861;22;1877.00;52
4655;21;624244676;4655;369;5513;5564;6.01;0.37;246.36;4.72;858;22;1878.00;51
4659;21;624244686;4659;372;5517;5564;5.98;0.37;246.43;4.72;858;22;1879.00;47
4662;21;624244695;4662;372;5520;5565;5.97;0.37;246.41;4.72;858;22;1880.00;45
4666;21;624244704;4666;377;5525;5566;5.92;0.37;246.47;4.72;859;22;1881.00;41
4668;21;624244713;4668;384;5530;5568;5.86;0.36;246.52;4.72;862;22;1882.00;38
4670;21;624244723;4670;386;5534;5569;5.81;0.36;246.62;4.73;864;22;1883.00;35
4673;21;624244732;4673;389;5536;5569;5.79;0.36;246.61;4.73;863;22;1884.00;33
4677;21;624244741;4677;393;5538;5569;5.81;0.36;246.66;4.73;861;22;1885.00;31
4678;21;624244750;4678;399;5540;5569;5.80;0.36;246.62;4.74;862;22;1886.00;29
4680;21;624244759;4680;407;5544;5573;5.87;0.36;246.67;4.73;864;22;1887.00;29
4683;21;624244769;4683;409;5545;5573;5.86;0.36;246.65;4.73;862;22;1888.00;28
4685;21;624244778;4685;416;5548;5573;5.81;0.36;246.66;4.74;863;22;1889.00;25
4687;21;624244790;4687;415;5552;5579;5.81;0.36;246.67;4.74;865;22;1890.00;27
4690;21;624244802;4690;402;5553;5579;5.75;0.35;246.65;4.74;863;22;1891.00;26
4695;21;624244813;4695;392;5555;5579;5.68;0.35;246.69;4.74;860;22;1892.00;24
4698;21;624244824;4698;392;5560;5583;5.71;0.35;246.72;4.74;862;22;1893.00;23
4699;21;624244836;4699;393;5561;5584;5.75;0.35;246.75;4.74;862;22;1894.00;23
4702;21;624244847;4702;390;5561;5584;5.77;0.35;246.67;4.74;859;22;1895.00;23
4707;21;624244858;4707;388;5566;5588;5.83;0.36;246.71;4.74;859;22;1896.00;22
4709;21;624244870;4709;384;5567;5588;5.85;0.36;246.69;4.74;858;22;1897.00;21
4716;21;624244899;4716;383;5567;5588;5.87;0.36;246.67;4.74;851;22;1898.00;21
4718;21;624244910;4718;388;5568;5589;5.92;0.36;246.62;4.74;850;22;1899.00;21
4722;21;624244921;4722;386;5568;5589;5.87;0.36;246.70;4.74;846;22;1900.00;21
4728;21;624244936;4728;390;5574;5595;5.86;0.36;246.85;4.74;846;22;1901.00;21
4729;21;624244949;4729;385;5574;5595;5.92;0.36;246.86;4.74;845;22;1902.00;21
4734;21;624244959;4734;385;5575;5596;5.93;0.36;246.78;4.73;841;22;1903.00;21
4736;21;624244977;4736;385;5575;5596;5.98;0.36;246.86;4.73;839;22;1904.00;21
4738;21;624244987;4738;383;5575;5596;6.03;0.37;246.84;4.73;837;22;1905.00;21
4739;21;624244997;4739;383;5575;5596;6.06;0.37;246.86;4.73;836;22;1906.00;21
4742;21;624245015;4742;381;5575;5596;6.07;0.37;246.88;4.73;833;22;1907.00;21
4743;21;624245025;4743;373;5586;5608;6.21;0.38;246.87;4.73;843;22;1908.00;22
4749;21;624245035;4749;364;5586;5608;6.19;0.38;246.85;4.73;837;22;1909.00;22
4752;21;624245045;4752;367;5587;5608;6.17;0.37;246.75;4.73;835;22;1910.00;21
4755;21;624245056;4755;362;5587;5608;6.19;0.38;246.82;4.73;832;22;1911.00;21
4761;21;624245066;4761;356;5587;5608;6.20;0.38;246.75;4.73;826;22;1912.00;21
4762;21;624245076;4762;354;5587;5608;6.29;0.38;246.73;4.73;825;22;1913.00;21
4766;21;624245085;4766;348;5591;5612;6.40;0.39;246.71;4.72;825;22;1914.00;21
4767;21;624245096;4767;346;5591;5612;6.46;0.39;246.72;4.72;824;22;1915.00;21
4770;21;624245106;4770;343;5595;5616;6.55;0.40;246.85;4.72;825;22;1916.00;21
4771;21;624245119;4771;324;5596;5617;6.59;0.40;246.95;4.72;825;22;1917.00;21
4773;21;624245133;4773;314;5596;5617;6.66;0.41;247.04;4.72;823;22;1918.00;21
4774;21;624245150;4774;304;5596;5617;6.75;0.41;247.03;4.72;822;22;1919.00;21
4776;21;624245168;4776;302;5621;5646;6.99;0.43;246.99;4.70;845;22;1920.00;25
4779;21;624245182;4779;298;5621;5646;7.09;0.43;247.11;4.70;842;22;1921.00;25
4780;21;624245200;4780;295;5622;5646;7.18;0.44;247.11;4.70;842;22;1922.00;24
4783;21;624245216;4783;290;5623;5647;7.21;0.44;247.14;4.70;840;22;1923.00;24
4783;21;624245238;4783;288;5623;5648;7.22;0.44;247.14;4.70;840;22;1924.00;25
4786;21;624245259;4786;291;5623;5648;7.22;0.44;247.25;4.70;837;22;1925.00;25
4788;21;624245296;4788;272;5625;5651;7.29;0.44;247.22;4.70;837;22;1926.00;26
4789;21;624245308;4789;267;5626;5651;7.28;0.44;247.22;4.74;837;22;1927.00;25
4792;21;624245319;4792;257;5627;5651;7.38;0.45;247.32;4.74;835;22;1928.00;24
4794;21;624245330;4794;249;5627;5651;7.46;0.45;247.36;4.74;833;22;1929.00;24
4796;21;624245342;4796;242;5632;5657;7.59;0.46;247.38;4.74;836;22;1930.00;25
4798;21;624245354;4798;244;5632;5657;7.66;0.47;247.41;4.74;834;22;1931.00;25
4803;21;624245366;4803;239;5632;5657;7.68;0.47;247.52;4.74;829;22;1932.00;25
4804;21;624245377;4804;236;5632;5657;7.78;0.47;247.53;4.74;828;22;1933.00;25
4805;21;624245389;4805;232;5635;5661;7.89;0.48;247.54;4.74;830;22;1934.00;26
4807;21;624245403;4807;228;5637;5663;8.01;0.49;247.58;4.73;830;22;1935.00;26
4811;21;624245415;4811;218;5637;5663;8.16;0.50;247.57;4.73;826;22;1936.00;26
4815;21;624245433;4815;211;5638;5664;8.30;0.51;247.54;4.73;823;22;1937.00;26
4816;21;624245444;4816;206;5638;5664;8.42;0.51;247.56;4.73;822;22;1938.00;26
4821;21;624245455;4821;206;5639;5664;8.52;0.52;247.58;4.78;818;22;1939.00;25
4822;21;624245468;4822;198;5639;5664;8.70;0.53;247.63;4.78;817;22;1940.00;25
4824;21;624245480;4824;192;5639;5664;8.83;0.54;247.61;4.78;815;22;1941.00;25
4828;21;624245493;4828;190;5639;5664;8.92;0.54;247.61;4.78;811;22;1942.00;25
4830;21;624245508;4830;188;5639;5664;9.11;0.55;247.64;4.78;809;22;1943.00;25
4835;21;624245523;4835;205;5681;5734;9.09;0.55;247.66;4.74;846;22;1944.00;53
4836;21;624245540;4836;195;5681;5735;9.27;0.56;247.72;4.74;845;22;1945.00;54
4838;21;624245555;4838;190;5686;5735;9.49;0.58;247.84;4.74;848;22;1946.00;49
4841;21;624245572;4841;186;5686;5735;9.61;0.58;247.86;4.74;845;22;1947.00;49
4842;21;624245597;4842;182;5689;5735;9.75;0.59;247.90;4.74;847;22;1948.00;46
4845;21;624245609;4845;182;5692;5735;9.92;0.60;248.05;4.74;847;22;1949.00;43
4847;21;624245623;4847;187;5696;5737;10.05;0.61;248.11;4.74;849;22;1950.00;41
4852;21;624245636;4852;181;5699;5737;10.08;0.61;248.18;4.79;847;22;1951.00;38
4855;21;624245649;4855;182;5700;5738;10.18;0.62;248.21;4.79;845;22;1952.00;38
4858;21;624245661;4858;179;5703;5739;10.33;0.63;248.23;4.79;845;22;1953.00;36
4863;21;624245674;4863;174;5706;5739;10.38;0.63;248.24;4.79;843;22;1954.00;33
4863;21;624245688;4863;174;5712;5743;10.50;0.64;248.24;4.79;849;22;1955.00;31
4865;21;624245700;4865;170;5713;5743;10.62;0.64;248.23;4.79;848;22;1956.00;30
4866;21;624245712;4866;168;5713;5743;10.70;0.65;248.26;4.79;847;22;1957.00;30
4869;21;624245723;4869;171;5713;5743;10.73;0.65;248.40;4.79;844;22;1958.00;30
4871;21;624245735;4871;165;5718;5749;10.75;0.65;248.54;4.79;847;22;1959.00;31
4872;21;624245747;4872;169;5718;5749;10.79;0.65;248.51;4.79;846;22;1960.00;31
4874;21;624245759;4874;164;5718;5749;10.82;0.66;248.64;4.79;844;22;1961.00;31
4878;21;624245772;4878;161;5720;5752;10.86;0.66;248.65;4.79;842;22;1962.00;32
4880;21;624245790;4880;161;5720;5752;10.88;0.66;248.73;4.79;840;22;1963.00;32
4883;21;624245801;4883;159;5721;5752;10.93;0.66;248.86;4.79;838;22;1964.00;31
4884;21;624245813;4884;149;5721;5753;10.96;0.66;248.86;4.79;837;22;1965.00;32
4888;21;624245825;4888;150;5722;5754;10.97;0.66;248.95;4.79;834;22;1966.00;32
4893;21;624245838;4893;152;5723;5754;10.93;0.66;248.99;4.83;830;22;1967.00;31
4895;21;624245852;4895;148;5732;5767;10.85;0.66;248.97;4.82;837;22;1968.00;35
4899;21;624245865;4899;148;5732;5767;10.82;0.65;249.06;4.82;833;22;1969.00;35
4902;21;624245879;4902;147;5733;5767;10.83;0.66;249.21;4.82;831;22;1970.00;34
4907;21;624245892;4907;148;5734;5768;10.84;0.66;249.26;4.82;827;22;1971.00;34
4911;21;624245906;4911;145;5734;5768;10.88;0.66;249.31;4.82;823;22;1972.00;34
4914;21;624245918;4914;142;5739;5772;10.91;0.66;249.31;4.82;825;22;1973.00;33
4919;21;624245932;4919;133;5740;5772;10.86;0.66;249.47;4.82;821;22;1974.00;32
4924;21;624245944;4924;140;5743;5776;10.86;0.66;249.50;4.82;819;22;1975.00;33
4927;21;624245957;4927;129;5744;5776;10.88;0.66;249.56;4.83;817;22;1976.00;32
4927;21;624245970;4927;129;5744;5776;10.91;0.66;249.56;4.83;817;22;1977.00;32
4930;21;624245981;4930;133;5744;5776;10.92;0.66;249.64;4.83;814;22;1978.00;32
4934;21;624245993;4934;135;5744;5776;10.92;0.66;249.61;4.83;810;22;1979.00;32
4935;21;624246005;4935;141;5765;5810;10.90;0.66;249.64;4.81;830;22;1980.00;45
4939;21;624246019;4939;139;5766;5810;10.83;0.66;249.70;4.81;827;22;1981.00;44
4944;21;624246031;4944;137;5768;5810;10.84;0.66;249.73;4.86;824;22;1982.00;42
4947;21;624246042;4947;141;5769;5810;10.80;0.66;249.73;4.86;822;22;1983.00;41
4950;21;624246054;4950;144;5769;5810;10.78;0.66;249.85;4.86;819;22;1984.00;41
4954;21;624246065;4954;147;5769;5810;10.72;0.65;249.84;4.86;815;22;1985.00;41
4956;21;624246077;4956;153;5770;5811;10.65;0.65;249.87;4.86;814;22;1986.00;41
4959;21;624246088;4959;152;5770;5811;10.53;0.64;249.98;4.86;811;22;1987.00;41
4964;21;624246099;4964;154;5775;5817;10.46;0.63;249.98;4.86;811;22;1988.00;42
4968;21;624246112;4968;159;5775;5818;10.35;0.63;250.07;4.86;807;22;1989.00;43
4972;21;624246123;4972;163;5778;5818;10.24;0.62;250.01;4.86;806;22;1990.00;40
4973;21;624246135;4973;167;5778;5818;10.09;0.61;249.98;4.86;805;22;1991.00;40
4975;21;624246146;4975;171;5781;5822;9.96;0.61;250.00;4.86;806;22;1992.00;41
4980;21;624246157;4980;176;5782;5822;9.79;0.59;250.11;4.86;802;22;1993.00;40
4982;21;624246168;4982;175;5783;5822;9.65;0.59;250.10;4.86;801;22;1994.00;39
4984;21;624246179;4984;188;5784;5823;9.62;0.58;250.16;4.86;800;22;1995.00;39
4987;21;624246191;4987;190;5788;5827;9.52;0.58;250.25;4.86;801;22;1996.00;39
4989;21;624246203;4989;197;5789;5827;9.46;0.58;250.27;4.87;800;22;1997.00;38
4991;21;624246213;4991;206;5791;5830;9.46;0.58;250.28;4.87;800;22;1998.00;39
4993;21;624246225;4993;211;5792;5830;9.49;0.58;250.32;4.87;799;22;1999.00;38
4993;21;624246236;4993;218;5794;5830;9.54;0.58;250.32;4.88;801;22;2000.00;36
4994;21;624246252;4994;222;5794;5830;9.54;0.58;250.38;4.88;800;22;2001.00;36
4997;21;624246263;4997;232;5800;5834;9.55;0.58;250.45;4.89;803;22;2002.00;34
4997;21;624246275;4997;236;5800;5834;9.54;0.58;250.45;4.89;803;22;2003.00;34
5002;21;624246285;5002;241;5802;5834;9.42;0.58;250.63;4.91;800;22;2004.00;32
5006;21;624246295;5006;249;5802;5834;9.34;0.57;250.66;4.91;796;22;2005.00;32
5010;21;624246307;5010;253;5804;5835;9.29;0.57;250.72;4.92;794;22;2006.00;31
5013;21;624246321;5013;258;5805;5836;9.15;0.56;250.80;4.92;792;22;2007.00;31
5017;21;624246332;5017;261;5806;5836;9.03;0.55;250.77;4.93;789;22;2008.00;30
5021;21;624246345;5021;270;5807;5837;8.96;0.55;250.84;4.93;786;22;2009.00;30
5025;21;624246362;5025;275;5808;5837;8.89;0.54;250.79;4.93;783;22;2010.00;29
5027;21;624246378;5027;278;5809;5837;8.76;0.53;250.93;4.94;782;22;2011.00;28
5030;21;624246394;5030;285;5810;5837;8.67;0.53;250.84;4.95;780;22;2012.00;27
5031;21;624246413;5031;291;5811;5837;8.52;0.52;250.81;4.95;780;22;2013.00;26
5032;21;624246428;5032;296;5813;5837;8.41;0.51;250.78;4.96;781;22;2014.00;24
5033;21;624246442;5033;307;5814;5837;8.27;0.51;250.77;4.96;781;22;2015.00;23
5036;21;624246455;5036;326;5878;5964;8.35;0.52;250.70;4.91;842;22;2016.00;86
5037;21;624246482;5037;322;5881;5965;8.29;0.52;250.69;4.91;844;22;2017.00;84
5041;21;624246493;5041;321;5891;5965;8.31;0.52;250.59;4.91;850;22;2018.00;74
5044;21;624246504;5044;319;5894;5965;8.23;0.51;250.54;4.91;850;22;2019.00;71
5047;21;624246514;5047;316;5903;5965;8.16;0.50;250.45;4.91;856;22;2020.00;62
5049;21;624246525;5049;312;5907;5965;8.02;0.50;250.39;4.91;858;22;2021.00;58
5051;21;624246537;5051;314;5910;5965;7.84;0.48;250.35;4.91;859;22;2022.00;55
5054;22;624246548;5054;316;5912;5965;7.76;0.48;250.27;4.91;858;23;2023.00;53
5056;22;624246575;5056;319;5916;5966;7.72;0.47;250.21;4.91;860;23;2024.00;50
5056;22;624246587;5056;328;5922;5968;7.69;0.47;250.21;4.91;866;23;2025.00;46
5057;22;624246599;5057;326;5924;5968;7.63;0.47;250.19;4.92;867;23;2026.00;44
5059;22;624246613;5059;336;5927;5969;7.57;0.47;250.17;4.92;868;23;2027.00;42
5060;22;624246627;5060;342;5930;5969;7.47;0.46;250.13;4.92;870;23;2028.00;39
5062;22;624246640;5062;345;5932;5969;7.34;0.45;250.06;4.92;870;23;2029.00;37
5065;22;624246652;5065;356;5933;5969;7.20;0.44;250.17;4.92;868;23;2030.00;36
5067;22;624246662;5067;367;5937;5973;7.05;0.43;250.10;4.92;870;23;2031.00;36
5068;22;624246673;5068;377;5939;5973;6.96;0.43;250.09;4.93;871;23;2032.00;34
5069;22;624246684;5069;383;5940;5973;6.77;0.42;250.13;4.93;871;23;2033.00;33
5070;22;624246694;5070;389;5943;5976;6.65;0.41;250.09;4.93;873;23;2034.00;33
5074;22;624246704;5074;395;5944;5976;6.52;0.40;250.11;4.94;870;23;2035.00;32
5075;22;624246714;5075;400;5945;5976;6.40;0.39;250.10;4.94;870;23;2036.00;31
5078;22;624246724;5078;410;5951;5980;6.23;0.38;250.15;4.94;873;23;2037.00;29
5082;22;624246734;5082;417;5953;5981;6.03;0.37;250.09;4.94;871;23;2038.00;28
5084;22;624246744;5084;423;5954;5981;5.94;0.37;250.09;4.94;870;23;2039.00;27
5087;22;624246755;5087;423;5959;5986;5.89;0.36;250.06;4.94;872;23;2040.00;27
5088;22;624246766;5088;418;5960;5986;5.79;0.36;250.10;4.94;872;23;2041.00;26
5091;22;624246775;5091;418;5963;5986;5.73;0.35;250.12;4.94;872;23;2042.00;23
5094;22;624246786;5094;408;5964;5987;5.71;0.35;250.16;4.94;870;23;2043.00;23
5098;22;624246795;5098;400;5964;5987;5.66;0.35;250.13;4.94;866;23;2044.00;23
5101;22;624246805;5101;392;5970;5993;5.69;0.35;250.17;4.94;869;23;2045.00;23
5103;22;624246818;5103;385;5970;5993;5.67;0.35;250.14;4.94;867;23;2046.00;23
5108;22;624246837;5108;373;5971;5994;5.64;0.35;250.08;4.94;863;23;2047.00;23
5111;22;624246848;5111;369;5971;5994;5.68;0.35;250.14;4.94;860;23;2048.00;23
5112;22;624246859;5112;361;5971;5994;5.73;0.35;250.10;4.94;859;23;2049.00;23
5113;22;624246876;5113;354;5971;5994;5.82;0.36;250.06;4.94;858;23;2050.00;23
5115;22;624246886;5115;340;5971;5994;5.86;0.36;250.04;4.94;856;23;2051.00;23
5116;22;624246897;5116;342;5981;6006;6.00;0.37;250.10;4.93;865;23;2052.00;25
5120;22;624246909;5120;336;5981;6006;6.03;0.37;250.09;4.93;861;23;2053.00;25
5122;22;624246921;5122;335;5983;6006;6.16;0.37;250.06;4.93;861;23;2054.00;23
5126;22;624246932;5126;335;5983;6006;6.27;0.38;250.06;4.93;857;23;2055.00;23
5128;22;624246944;5128;333;5983;6006;6.37;0.39;250.08;4.93;855;23;2056.00;23
5130;22;624246961;5130;331;5983;6006;6.44;0.39;250.06;4.93;853;23;2057.00;23
5132;22;624246974;5132;337;5987;6010;6.52;0.40;250.04;4.93;855;23;2058.00;23
5133;22;624246985;5133;339;5987;6010;6.59;0.40;250.07;4.93;854;23;2059.00;23
5136;22;624246996;5136;331;5991;6014;6.72;0.41;250.02;4.93;855;23;2060.00;23
5138;22;624247008;5138;327;5992;6015;6.75;0.41;250.02;4.92;854;23;2061.00;23
5139;22;624247022;5139;326;5992;6015;6.76;0.41;250.05;4.92;853;23;2062.00;23
5141;22;624247036;5141;320;5992;6015;6.76;0.41;250.14;4.92;851;23;2063.00;23
5145;22;624247047;5145;321;6005;6028;6.81;0.41;250.13;4.91;860;23;2064.00;23
5148;22;624247062;5148;317;6005;6028;6.85;0.42;250.09;4.91;857;23;2065.00;23
5154;22;624247074;5154;318;6006;6028;6.85;0.42;250.41;4.96;852;23;2066.00;22
5155;22;624247095;5155;317;6007;6029;6.92;0.42;250.43;4.96;852;23;2067.00;22
5158;22;624247107;5158;317;6008;6030;6.93;0.42;250.43;4.96;850;23;2068.00;22
5161;22;624247119;5161;316;6008;6030;6.93;0.42;250.48;4.96;847;23;2069.00;22
5166;22;624247133;5166;322;6012;6036;6.98;0.43;250.72;4.95;846;23;2070.00;24
5171;22;624247146;5171;319;6012;6036;6.96;0.42;250.76;4.95;841;23;2071.00;24
5174;22;624247157;5174;319;6014;6036;7.02;0.43;250.72;4.95;840;23;2072.00;22
5179;22;624247169;5179;322;6014;6036;7.02;0.43;250.83;4.95;835;23;2073.00;22
5183;22;624247180;5183;319;6020;6042;7.04;0.43;250.84;4.95;837;23;2074.00;22
5185;22;624247194;5185;318;6020;6042;7.02;0.43;250.91;4.95;835;23;2075.00;22
5191;22;624247206;5191;316;6020;6042;6.90;0.42;251.02;4.95;829;23;2076.00;22
5196;22;624247220;5196;317;6020;6042;6.87;0.42;251.18;4.95;824;23;2077.00;22
5199;22;624247232;5199;330;6024;6046;6.89;0.42;251.17;4.94;825;23;2078.00;22
5203;22;624247246;5203;324;6025;6047;6.90;0.42;251.25;4.94;822;23;2079.00;22
5209;22;624247259;5209;324;6025;6047;6.88;0.42;251.40;4.94;816;23;2080.00;22
5212;22;624247271;5212;323;6026;6048;6.94;0.42;251.43;4.94;814;23;2081.00;22
5216;22;624247287;5216;320;6027;6048;6.87;0.42;251.45;4.99;811;23;2082.00;21
5222;22;624247310;5222;314;6027;6048;6.80;0.42;251.52;4.99;805;23;2083.00;21
5224;22;624247322;5224;321;6027;6048;6.78;0.41;251.55;4.99;803;23;2084.00;21
5229;22;624247334;5229;318;6027;6048;6.79;0.41;251.56;4.99;798;23;2085.00;21
5233;22;624247345;5233;320;6027;6048;6.77;0.41;251.61;4.99;794;23;2086.00;21
5236;22;624247358;5236;303;6027;6048;6.80;0.41;251.62;4.99;791;23;2087.00;21
5236;22;624247370;5236;305;6073;6118;7.05;0.43;251.62;4.95;837;23;2088.00;45
5240;22;624247388;5240;289;6075;6119;7.16;0.44;251.57;4.95;835;23;2089.00;44
5245;22;624247401;5245;273;6079;6119;7.24;0.44;251.62;4.95;834;23;2090.00;40
5248;22;624247413;5248;266;6079;6119;7.35;0.45;251.65;4.95;831;23;2091.00;40
5251;22;624247425;5251;262;6083;6119;7.47;0.45;251.61;4.95;832;23;2092.00;36
5253;22;624247437;5253;257;6083;6119;7.56;0.46;251.65;4.95;830;23;2093.00;36
5257;22;624247450;5257;258;6086;6119;7.62;0.46;251.74;4.95;829;23;2094.00;33
5258;22;624247463;5258;261;6089;6119;7.73;0.47;251.76;4.95;831;23;2095.00;30
5263;22;624247476;5263;242;6092;6120;7.79;0.47;251.79;4.95;829;23;2096.00;28
5266;22;624247489;5266;230;6095;6121;7.92;0.48;251.79;4.95;829;23;2097.00;26
5268;22;624247502;5268;229;6098;6121;8.03;0.49;251.81;4.95;830;23;2098.00;23
5270;22;624247516;5270;222;6104;6125;8.14;0.49;251.81;5.00;834;23;2099.00;21
5272;22;624247531;5272;222;6108;6140;8.16;0.50;251.83;5.00;836;23;2100.00;32
5273;22;624247550;5273;215;6108;6140;8.30;0.50;251.80;5.00;835;23;2101.00;32
5275;22;624247563;5275;219;6108;6140;8.41;0.51;251.81;5.00;833;23;2102.00;32
5276;22;624247576;5276;216;6112;6146;8.57;0.52;251.82;4.99;836;23;2103.00;34
5278;22;624247590;5278;216;6112;6146;8.69;0.53;251.79;4.99;834;23;2104.00;34
5280;22;624247611;5280;211;6112;6146;8.79;0.54;251.80;4.99;832;23;2105.00;34
5285;22;624247624;5285;208;6116;6149;8.87;0.54;251.76;4.99;831;23;2106.00;33
5290;22;624247639;5290;206;6117;6149;8.99;0.55;251.73;4.99;827;23;2107.00;32
5293;22;624247652;5293;201;6117;6149;9.12;0.55;251.76;4.99;824;23;2108.00;32
5297;22;624247664;5297;196;6117;6150;9.29;0.56;251.71;4.99;820;23;2109.00;33
5298;22;624247677;5298;198;6118;6151;9.38;0.57;251.71;4.99;820;23;2110.00;33
5300;22;624247693;5300;195;6118;6151;9.47;0.58;251.70;4.99;818;23;2111.00;33
5302;22;624247706;5302;198;6129;6164;9.55;0.58;251.70;4.98;827;23;2112.00;35
5304;22;624247719;5304;189;6130;6164;9.57;0.58;251.74;4.98;826;23;2113.00;34
5305;22;624247732;5305;181;6130;6164;9.61;0.58;251.80;4.98;825;23;2114.00;34
5309;22;624247744;5309;182;6132;6166;9.63;0.59;251.87;4.98;823;23;2115.00;34
5315;22;624247756;5315;181;6133;6166;9.64;0.59;251.97;5.03;818;23;2116.00;33
5316;22;624247769;5316;179;6136;6170;9.81;0.60;251.98;5.03;820;23;2117.00;34
5320;22;624247784;5320;175;6137;6170;9.88;0.60;252.00;5.03;817;23;2118.00;33
5324;22;624247798;5324;179;6141;6174;9.95;0.60;252.05;5.03;817;23;2119.00;33
5325;22;624247812;5325;177;6141;6174;10.07;0.61;252.04;5.03;816;23;2120.00;33
5327;22;624247828;5327;168;6141;6174;10.14;0.62;252.18;5.03;814;23;2121.00;33
5329;22;624247839;5329;161;6141;6174;10.31;0.63;252.22;5.03;812;23;2122.00;33
5333;22;624247851;5333;160;6141;6174;10.42;0.63;252.21;5.03;808;23;2123.00;33
5334;22;624247862;5334;157;6150;6186;10.51;0.64;252.26;5.03;816;23;2124.00;36
5336;22;624247874;5336;154;6151;6186;10.62;0.65;252.31;5.03;815;23;2125.00;35
5337;22;624247891;5337;145;6155;6186;10.77;0.65;252.28;5.04;818;23;2126.00;31
5337;22;624247902;5337;137;6155;6186;10.88;0.66;252.28;5.04;818;23;2127.00;31
5340;22;624247913;5340;132;6155;6186;10.93;0.66;252.34;5.04;815;23;2128.00;31
5344;22;624247924;5344;131;6155;6186;11.00;0.67;252.49;5.04;811;23;2129.00;31
5346;22;624247938;5346;129;6157;6187;11.05;0.67;252.50;5.04;811;23;2130.00;30
5351;22;624247950;5351;131;6158;6187;11.01;0.67;252.53;5.04;807;23;2131.00;29
5357;22;624247962;5357;131;6163;6193;11.03;0.67;252.68;5.04;806;23;2132.00;30
5358;22;624247975;5358;136;6164;6194;11.09;0.67;252.69;5.04;806;23;2133.00;30
5362;22;624247986;5362;136;6164;6194;11.06;0.67;252.73;5.04;802;23;2134.00;30
5366;22;624248003;5366;136;6164;6194;10.99;0.67;252.81;5.04;798;23;2135.00;30
5367;22;624248018;5367;135;6167;6198;11.04;0.67;252.78;5.04;800;23;2136.00;31
5371;22;624248030;5371;137;6167;6198;10.97;0.67;252.81;5.04;796;23;2137.00;31
5375;22;624248041;5375;135;6167;6198;10.98;0.67;252.80;5.04;792;23;2138.00;31
5380;22;624248052;5380;136;6168;6199;11.00;0.67;252.82;5.04;788;23;2139.00;31
5381;22;624248063;5381;135;6171;6203;10.97;0.67;252.80;5.03;790;23;2140.00;32
5387;22;624248073;5387;134;6171;6203;10.91;0.66;252.97;5.03;784;23;2141.00;32
5390;22;624248084;5390;136;6173;6206;10.87;0.66;252.95;5.03;783;23;2142.00;33
5393;22;624248095;5393;138;6174;6206;10.89;0.66;252.98;5.03;781;23;2143.00;32
5398;22;624248105;5398;140;6174;6206;10.85;0.66;253.13;5.03;776;23;2144.00;32
5403;22;624248116;5403;142;6176;6206;10.79;0.65;253.19;5.04;773;23;2145.00;30
5406;22;624248127;5406;146;6180;6210;10.77;0.65;253.27;5.04;774;23;2146.00;30
5408;22;624248138;5408;158;6180;6210;10.76;0.65;253.29;5.04;772;23;2147.00;30
5415;22;624248148;5415;159;6180;6210;10.69;0.65;253.30;5.04;765;23;2148.00;30
5419;22;624248159;5419;160;6180;6210;10.68;0.65;253.28;5.04;761;23;2149.00;30
5423;22;624248169;5423;161;6180;6211;10.61;0.64;253.34;5.04;757;23;2150.00;31
5423;22;624248179;5423;166;6181;6212;10.55;0.64;253.34;5.04;758;23;2151.00;31
5427;22;624248189;5427;167;6181;6212;10.47;0.64;253.34;5.04;754;23;2152.00;31
5429;22;624248198;5429;167;6182;6213;10.41;0.63;253.32;5.04;753;23;2153.00;31
5434;22;624248208;5434;172;6182;6213;10.38;0.63;253.36;5.04;748;23;2154.00;31
5436;22;624248217;5436;177;6182;6213;10.32;0.63;253.38;5.04;746;23;2155.00;31
5437;22;624248226;5437;179;6182;6213;10.31;0.63;253.37;5.04;745;23;2156.00;31
5439;22;624248236;5439;180;6182;6213;10.35;0.63;253.39;5.04;743;23;2157.00;31
5442;22;624248245;5442;181;6182;6213;10.32;0.63;253.54;5.04;740;23;2158.00;31
5446;22;624248255;5446;185;6182;6213;10.19;0.62;253.66;5.04;736;23;2159.00;31
5448;22;624248266;5448;216;6278;6443;10.13;0.63;253.74;4.96;830;23;2160.00;165
5450;22;624248292;5450;215;6284;6444;10.05;0.63;253.79;4.96;834;23;2161.00;160
5455;22;624248303;5455;203;6294;6444;10.03;0.63;253.91;4.95;839;23;2162.00;150
5459;22;624248318;5459;203;6301;6444;9.97;0.62;254.07;4.95;842;23;2163.00;143
5463;22;624248331;5463;198;6310;6444;9.90;0.62;254.18;4.95;847;23;2164.00;134
5465;22;624248344;5465;202;6317;6444;9.83;0.61;254.23;4.95;852;23;2165.00;127
5467;22;624248357;5467;200;6326;6444;9.79;0.61;254.30;4.95;859;23;2166.00;118
5470;22;624248372;5470;203;6332;6444;9.74;0.61;254.32;4.95;862;23;2167.00;112
5474;22;624248389;5474;210;6339;6445;9.61;0.60;254.37;4.96;865;23;2168.00;106
5477;22;624248405;5477;222;6342;6446;9.53;0.59;254.31;4.96;865;23;2169.00;104
5481;22;624248429;5481;225;6351;6446;9.40;0.58;254.23;4.97;870;23;2170.00;95
5482;22;624248443;5482;236;6354;6447;9.32;0.58;254.21;4.98;872;23;2171.00;93
5485;22;624248460;5485;244;6359;6447;9.20;0.57;254.24;4.99;874;23;2172.00;88
5489;22;624248476;5489;249;6364;6447;9.06;0.56;254.14;5.01;875;23;2173.00;83
5491;22;624248487;5491;257;6367;6447;8.94;0.55;254.10;5.02;876;23;2174.00;80
5493;22;624248499;5493;259;6372;6451;8.74;0.54;254.06;5.02;879;23;2175.00;79
5497;22;624248511;5497;269;6374;6451;8.55;0.53;254.05;5.02;877;23;2176.00;77
5499;22;624248522;5499;274;6378;6451;8.34;0.52;254.00;5.05;879;23;2177.00;73
5501;22;624248534;5501;280;6380;6454;8.19;0.51;253.95;5.05;879;23;2178.00;74
5501;22;624248545;5501;291;6385;6454;8.03;0.50;253.95;5.06;884;23;2179.00;69
5504;22;624248555;5504;300;6387;6454;7.90;0.49;253.88;5.07;883;23;2180.00;67
5506;22;624248566;5506;312;6392;6458;7.83;0.49;253.82;5.07;886;23;2181.00;66
5508;22;624248584;5508;318;6395;6459;7.75;0.48;253.84;5.08;887;23;2182.00;64
5511;22;624248596;5511;328;6398;6459;7.64;0.47;253.82;5.09;887;23;2183.00;61
5516;22;624248607;5516;334;6402;6463;7.44;0.46;253.84;5.10;886;23;2184.00;61
5518;22;624248618;5518;341;6404;6463;7.33;0.45;253.83;5.10;886;23;2185.00;59
5520;22;624248628;5520;347;6408;6463;7.25;0.45;253.83;5.11;888;23;2186.00;55
5524;22;624248639;5524;354;6411;6464;7.10;0.44;253.80;5.12;887;23;2187.00;53
5526;22;624248649;5526;365;6412;6464;7.00;0.43;253.83;5.12;886;23;2188.00;52
5529;22;624248659;5529;373;6419;6470;6.98;0.43;253.72;5.13;890;23;2189.00;51
5529;22;624248678;5529;375;6420;6470;6.89;0.43;253.72;5.13;891;23;2190.00;50
5531;22;624248693;5531;377;6422;6471;6.79;0.42;253.72;5.13;891;23;2191.00;49
5533;22;624248706;5533;384;6423;6471;6.74;0.42;253.83;5.14;890;23;2192.00;48
5538;22;624248720;5538;386;6424;6471;6.64;0.41;253.77;5.14;886;23;2193.00;47
5539;22;624248731;5539;390;6424;6471;6.48;0.40;253.75;5.14;885;23;2194.00;47
5541;22;624248741;5541;386;6427;6471;6.43;0.39;253.69;5.16;886;23;2195.00;44
5543;22;624248750;5543;387;6436;6483;6.42;0.39;253.69;5.15;893;23;2196.00;47
5544;22;624248761;5544;384;6438;6483;6.42;0.39;253.66;5.16;894;23;2197.00;45
5545;22;624248771;5545;387;6440;6483;6.43;0.39;253.66;5.16;895;23;2198.00;43
5547;22;624248781;5547;387;6441;6483;6.43;0.39;253.65;5.16;894;23;2199.00;42
5548;22;624248792;5548;387;6442;6483;6.38;0.39;253.64;5.16;894;23;2200.00;41
5549;22;624248806;5549;381;6443;6483;6.29;0.39;253.60;5.16;894;23;2201.00;40
5551;23;624248824;5551;385;6447;6487;6.24;0.38;253.59;5.17;896;24;2202.00;40
5553;23;624248850;5553;388;6447;6487;6.18;0.38;253.57;5.17;894;24;2203.00;40
5555;23;624248865;5555;385;6453;6491;6.15;0.38;253.57;5.17;898;24;2204.00;38
5558;23;624248875;5558;385;6456;6493;6.11;0.37;253.60;5.17;898;24;2205.00;37
5560;23;624248885;5560;384;6456;6493;6.10;0.37;253.60;5.17;896;24;2206.00;37
5562;23;624248896;5562;381;6457;6493;6.11;0.37;253.63;5.17;895;24;2207.00;36
5565;23;624248906;5565;383;6467;6506;6.16;0.38;253.65;5.16;902;24;2208.00;39
5568;23;624248916;5568;378;6468;6506;6.14;0.38;253.64;5.16;900;24;2209.00;38
5573;23;624248931;5573;370;6472;6508;6.14;0.38;253.63;5.15;899;24;2210.00;36
5576;23;624248942;5576;365;6473;6509;6.13;0.38;253.67;5.15;897;24;2211.00;36
5577;23;624248951;5577;353;6474;6510;6.16;0.38;253.64;5.15;897;24;2212.00;36
5581;23;624248961;5581;352;6474;6510;6.22;0.38;253.69;5.15;893;24;2213.00;36
5582;23;624248971;5582;354;6476;6513;6.27;0.38;253.73;5.15;894;24;2214.00;37
5584;23;624248981;5584;348;6476;6513;6.33;0.39;253.71;5.15;892;24;2215.00;37
5589;23;624248991;5589;350;6476;6513;6.36;0.39;253.85;5.15;887;24;2216.00;37
5594;23;624249001;5594;346;6477;6513;6.35;0.39;253.77;5.15;883;24;2217.00;36
5596;23;624249010;5596;333;6482;6519;6.39;0.39;253.77;5.15;886;24;2218.00;37
5598;23;624249021;5598;328;6483;6519;6.44;0.40;253.86;5.15;885;24;2219.00;36
5601;23;624249033;5601;325;6483;6519;6.52;0.40;253.85;5.15;882;24;2220.00;36
5605;23;624249043;5605;323;6483;6519;6.56;0.40;253.97;5.15;878;24;2221.00;36
5610;23;624249053;5610;320;6487;6523;6.59;0.40;254.07;5.15;877;24;2222.00;36
5612;23;624249063;5612;318;6488;6524;6.69;0.41;254.04;5.14;876;24;2223.00;36
5615;23;624249073;5615;319;6488;6524;6.71;0.41;254.08;5.14;873;24;2224.00;36
5618;23;624249083;5618;323;6489;6525;6.73;0.41;254.14;5.14;871;24;2225.00;36
5622;23;624249093;5622;325;6489;6525;6.76;0.42;254.19;5.14;867;24;2226.00;36
5628;23;624249103;5628;329;6489;6525;6.77;0.41;254.21;5.14;861;24;2227.00;36
5632;23;624249114;5632;334;6489;6525;6.76;0.41;254.20;5.14;857;24;2228.00;36
5636;23;624249124;5636;337;6489;6525;6.80;0.42;254.23;5.14;853;24;2229.00;36
5637;23;624249133;5637;334;6489;6525;6.88;0.42;254.25;5.14;852;24;2230.00;36
5642;23;624249143;5642;331;6489;6525;6.86;0.42;254.22;5.14;847;24;2231.00;36
5646;23;624249153;5646;331;6528;6595;7.00;0.43;254.21;5.11;882;24;2232.00;67
5648;23;624249169;5648;326;6531;6596;7.03;0.43;254.29;5.11;883;24;2233.00;65
5654;23;624249179;5654;322;6537;6596;7.08;0.43;254.21;5.11;883;24;2234.00;59
5659;23;624249191;5659;318;6542;6596;7.05;0.43;254.30;5.11;883;24;2235.00;54
5663;23;624249201;5663;312;6547;6596;7.08;0.43;254.36;5.11;884;24;2236.00;49
5666;23;624249211;5666;316;6551;6596;7.17;0.44;254.28;5.11;885;24;2237.00;45
5671;23;624249222;5671;315;6554;6596;7.17;0.44;254.36;5.11;883;24;2238.00;42
5676;23;624249232;5676;319;6555;6596;7.19;0.44;254.28;5.11;879;24;2239.00;41
5678;23;624249243;5678;323;6557;6597;7.20;0.44;254.36;5.11;879;24;2240.00;40
5683;23;624249255;5683;313;6557;6598;7.22;0.44;254.48;5.11;874;24;2241.00;41
5685;23;624249266;5685;313;6558;6598;7.22;0.44;254.51;5.11;873;24;2242.00;40
5688;23;624249277;5688;314;6562;6602;7.23;0.44;254.49;5.11;874;24;2243.00;40
5693;23;624249289;5693;310;6563;6602;7.18;0.44;254.60;5.11;870;24;2244.00;39
5694;23;624249300;5694;298;6563;6602;7.14;0.43;254.61;5.11;869;24;2245.00;39
5698;23;624249310;5698;306;6563;6602;7.14;0.43;254.58;5.11;865;24;2246.00;39
5702;23;624249321;5702;307;6568;6608;7.18;0.44;254.52;5.10;866;24;2247.00;40
5705;23;624249333;5705;314;6569;6608;7.17;0.44;254.51;5.17;864;24;2248.00;39
5707;23;624249345;5707;314;6569;6608;7.19;0.44;254.50;5.17;862;24;2249.00;39
5714;23;624249357;5714;302;6573;6614;7.23;0.44;254.76;5.17;859;24;2250.00;41
5716;23;624249369;5716;306;6573;6614;7.21;0.44;254.79;5.17;857;24;2251.00;41
5719;23;624249382;5719;302;6575;6614;7.16;0.44;254.78;5.17;856;24;2252.00;39
5722;23;624249395;5722;306;6575;6615;7.16;0.44;254.80;5.17;853;24;2253.00;40
5726;23;624249407;5726;304;6576;6616;7.19;0.44;254.80;5.17;850;24;2254.00;40
5726;23;624249418;5726;303;6576;6616;7.21;0.44;254.80;5.17;850;24;2255.00;40
5728;23;624249428;5728;305;6587;6629;7.25;0.44;254.85;5.16;859;24;2256.00;42
5733;23;624249439;5733;295;6587;6629;7.18;0.44;254.87;5.16;854;24;2257.00;42
5737;23;624249450;5737;291;6587;6629;7.15;0.44;254.95;5.16;850;24;2258.00;42
5741;23;624249469;5741;280;6588;6630;7.21;0.44;254.94;5.16;847;24;2259.00;42
5743;23;624249480;5743;274;6588;6630;7.28;0.44;254.95;5.16;845;24;2260.00;42
5747;23;624249491;5747;272;6592;6634;7.39;0.45;254.97;5.15;845;24;2261.00;42
5750;23;624249502;5750;267;6592;6634;7.42;0.45;255.01;5.15;842;24;2262.00;42
5751;23;624249513;5751;263;6595;6638;7.52;0.46;255.04;5.15;844;24;2263.00;43
5754;23;624249524;5754;263;6596;6638;7.57;0.46;255.01;5.22;842;24;2264.00;42
5755;23;624249535;5755;255;6596;6638;7.67;0.47;254.99;5.22;841;24;2265.00;42
5756;23;624249546;5756;236;6596;6638;7.72;0.47;254.95;5.22;840;24;2266.00;42
5759;23;624249557;5759;218;6596;6638;7.80;0.47;255.00;5.22;837;24;2267.00;42
5759;23;624249568;5759;213;6605;6650;7.91;0.48;255.00;5.21;846;24;2268.00;45
5762;23;624249582;5762;200;6605;6650;8.01;0.49;255.01;5.21;843;24;2269.00;45
5764;23;624249593;5764;189;6607;6650;8.19;0.50;255.00;5.21;843;24;2270.00;43
5769;23;624249605;5769;187;6607;6650;8.27;0.50;255.08;5.21;838;24;2271.00;43
5769;23;624249622;5769;177;6607;6650;8.43;0.51;255.08;5.21;838;24;2272.00;43
5775;23;624249633;5775;174;6608;6650;8.53;0.52;255.24;5.28;833;24;2273.00;42
5778;23;624249645;5778;167;6608;6651;8.69;0.53;255.24;5.28;830;24;2274.00;43
5780;23;624249657;5780;164;6608;6651;8.80;0.54;255.24;5.28;828;24;2275.00;43
5781;23;624249669;5781;164;6613;6657;8.89;0.54;255.22;5.28;832;24;2276.00;44
5783;23;624249681;5783;154;6614;6658;9.03;0.55;255.27;5.28;831;24;2277.00;44
5785;23;624249693;5785;153;6614;6658;9.08;0.55;255.29;5.28;829;24;2278.00;44
5786;23;624249705;5786;150;6614;6658;9.20;0.56;255.30;5.28;828;24;2279.00;44
5790;23;624249718;5790;148;6618;6663;9.29;0.57;255.31;5.28;828;24;2280.00;45
5793;23;624249730;5793;144;6618;6663;9.37;0.57;255.34;5.28;825;24;2281.00;45
5794;23;624249741;5794;144;6618;6663;9.51;0.58;255.35;5.28;824;24;2282.00;45
5799;23;624249752;5799;145;6619;6664;9.63;0.59;255.39;5.28;820;24;2283.00;45
5802;23;624249763;5802;146;6622;6668;9.68;0.59;255.44;5.27;820;24;2284.00;46
5804;23;624249776;5804;137;6622;6668;9.73;0.59;255.43;5.27;818;24;2285.00;46
5806;23;624249787;5806;137;6624;6671;9.73;0.59;255.45;5.27;818;24;2286.00;47
5808;23;624249799;5808;137;6624;6671;9.63;0.59;255.51;5.27;816;24;2287.00;47
5811;23;624249810;5811;134;6625;6671;9.58;0.58;255.48;5.27;814;24;2288.00;46
5817;23;624249822;5817;131;6625;6671;9.55;0.58;255.54;5.27;808;24;2289.00;46
5818;23;624249838;5818;133;6630;6675;9.66;0.59;255.60;5.34;812;24;2290.00;45
5820;23;624249850;5820;136;6630;6675;9.72;0.59;255.63;5.34;810;24;2291.00;45
5823;23;624249861;5823;132;6630;6675;9.82;0.60;255.71;5.34;807;24;2292.00;45
5827;23;624249872;5827;129;6630;6675;9.93;0.60;255.79;5.34;803;24;2293.00;45
5831;23;624249883;5831;132;6630;6676;9.96;0.61;255.83;5.34;799;24;2294.00;46
5834;23;624249893;5834;131;6632;6678;10.02;0.61;255.80;5.34;798;24;2295.00;46
5836;23;624249905;5836;133;6632;6678;10.07;0.61;255.85;5.34;796;24;2296.00;46
5839;23;624249916;5839;135;6633;6679;10.17;0.62;255.92;5.34;794;24;2297.00;46
5841;23;624249926;5841;133;6633;6679;10.17;0.62;255.96;5.34;792;24;2298.00;46
5843;23;624249937;5843;134;6633;6679;10.19;0.62;256.06;5.34;790;24;2299.00;46
5847;23;624249949;5847;135;6633;6679;10.22;0.62;256.08;5.34;786;24;2300.00;46
5849;23;624249964;5849;135;6633;6679;10.30;0.62;256.16;5.34;784;24;2301.00;46
5852;23;624249976;5852;138;6633;6679;10.39;0.63;256.18;5.34;781;24;2302.00;46
5853;23;624249988;5853;141;6633;6679;10.53;0.64;256.20;5.34;780;24;2303.00;46
5858;23;624249998;5858;171;6706;6806;10.30;0.63;256.27;5.28;848;24;2304.00;100
5860;23;624250019;5860;158;6707;6807;10.25;0.63;256.29;5.28;847;24;2305.00;100
5864;23;624250030;5864;149;6714;6807;10.30;0.63;256.26;5.35;850;24;2306.00;93
5868;23;624250042;5868;153;6715;6807;10.35;0.64;256.33;5.35;847;24;2307.00;92
5875;23;624250053;5875;156;6721;6807;10.30;0.63;256.36;5.35;846;24;2308.00;86
5878;23;624250065;5878;156;6725;6807;10.29;0.63;256.32;5.35;847;24;2309.00;82
5882;23;624250077;5882;158;6728;6807;10.27;0.63;256.30;5.35;846;24;2310.00;79
5886;23;624250088;5886;166;6732;6807;10.21;0.62;256.24;5.35;846;24;2311.00;75
5887;24;624250100;5887;168;6734;6808;10.20;0.62;256.22;5.35;847;25;2312.00;74
5888;24;624250125;5888;173;6739;6809;10.18;0.62;256.20;5.36;851;25;2313.00;70
5893;24;624250136;5893;172;6742;6809;10.08;0.61;256.24;5.37;849;25;2314.00;67
5896;24;624250148;5896;169;6745;6810;10.02;0.61;256.19;5.38;849;25;2315.00;65
5896;24;624250159;5896;179;6750;6810;9.93;0.60;256.19;5.46;854;25;2316.00;60
5898;24;624250169;5898;183;6752;6810;9.80;0.60;256.18;5.47;854;25;2317.00;58
5899;24;624250180;5899;181;6752;6810;9.72;0.59;256.22;5.47;853;25;2318.00;58
5901;24;624250190;5901;182;6758;6814;9.57;0.58;256.17;5.47;857;25;2319.00;56
5904;24;624250200;5904;190;6758;6814;9.42;0.57;256.12;5.47;854;25;2320.00;56
5905;24;624250210;5905;197;6759;6814;9.30;0.57;256.09;5.47;854;25;2321.00;55
5908;24;624250220;5908;203;6761;6817;9.24;0.56;256.00;5.48;853;25;2322.00;56
5913;24;624250230;5913;211;6761;6817;9.09;0.55;255.86;5.48;848;25;2323.00;56
5914;24;624250241;5914;217;6761;6817;9.00;0.55;255.84;5.48;847;25;2324.00;56
5915;24;624250251;5915;225;6765;6821;8.96;0.55;255.81;5.47;850;25;2325.00;56
5920;24;624250262;5920;231;6768;6822;8.90;0.54;255.75;5.47;848;25;2326.00;54
5922;24;624250273;5922;239;6769;6822;8.87;0.54;255.72;5.47;847;25;2327.00;53
5925;24;624250283;5925;238;6772;6826;8.85;0.54;255.68;5.47;847;25;2328.00;54
5926;24;624250294;5926;246;6773;6826;8.78;0.54;255.64;5.55;847;25;2329.00;53
5926;24;624250304;5926;250;6773;6826;8.74;0.53;255.64;5.55;847;25;2330.00;53
5928;24;624250314;5928;264;6774;6827;8.70;0.53;255.66;5.55;846;25;2331.00;53
5929;24;624250323;5929;269;6774;6827;8.58;0.52;255.68;5.55;845;25;2332.00;53
5930;24;624250333;5930;274;6779;6833;8.49;0.52;255.69;5.54;849;25;2333.00;54
5932;24;624250350;5932;281;6779;6833;8.34;0.51;255.63;5.54;847;25;2334.00;54
5935;24;624250362;5935;286;6779;6834;8.14;0.50;255.62;5.54;844;25;2335.00;55
5938;24;624250376;5938;283;6779;6834;8.02;0.49;255.56;5.54;841;25;2336.00;55
5938;24;624250394;5938;290;6780;6834;7.84;0.48;255.56;5.55;842;25;2337.00;54
5942;24;624250419;5942;298;6780;6834;7.75;0.47;255.44;5.55;838;25;2338.00;54
5943;24;624250437;5943;304;6780;6834;7.67;0.47;255.40;5.55;837;25;2339.00;54
5944;24;624250453;5944;310;6808;6870;7.71;0.47;255.39;5.55;864;25;2340.00;62
5947;24;624250472;5947;320;6809;6870;7.61;0.47;255.39;5.55;862;25;2341.00;61
5948;24;624250483;5948;328;6811;6870;7.60;0.47;255.38;5.55;863;25;2342.00;59
5951;24;624250494;5951;340;6813;6870;7.54;0.46;255.46;5.56;862;25;2343.00;57
5953;24;624250504;5953;352;6814;6870;7.44;0.46;255.46;5.56;861;25;2344.00;56
5955;24;624250515;5955;353;6814;6870;7.37;0.45;255.45;5.56;859;25;2345.00;56
5957;24;624250525;5957;365;6819;6874;7.25;0.44;255.42;5.56;862;25;2346.00;55
5960;24;624250535;5960;356;6820;6874;7.25;0.44;255.39;5.58;860;25;2347.00;54
5961;24;624250551;5961;349;6825;6878;7.26;0.45;255.35;5.58;864;25;2348.00;53
5963;24;624250562;5963;346;6827;6879;7.26;0.44;255.33;5.59;864;25;2349.00;52
5965;24;624250571;5965;343;6828;6879;7.26;0.44;255.35;5.60;863;25;2350.00;51
5966;24;624250581;5966;340;6829;6879;7.26;0.44;255.38;5.61;863;25;2351.00;50
5968;24;624250591;5968;343;6840;6892;7.17;0.44;255.35;5.61;872;25;2352.00;52
5970;24;624250601;5970;341;6842;6892;7.11;0.44;255.35;5.62;872;25;2353.00;50
5973;24;624250611;5973;349;6844;6892;7.11;0.43;255.32;5.63;871;25;2354.00;48
5974;24;624250626;5974;354;6845;6893;7.07;0.43;255.29;5.62;871;25;2355.00;48
5974;24;624250635;5974;357;6845;6894;7.01;0.43;255.29;5.62;871;25;2356.00;49
5974;24;624250652;5974;365;6846;6894;6.99;0.43;255.29;5.63;872;25;2357.00;48
5975;24;624250663;5975;374;6849;6897;6.92;0.42;255.25;5.64;874;25;2358.00;48
5978;24;624250672;5978;372;6851;6897;6.84;0.42;255.22;5.65;873;25;2359.00;46
5980;24;624250681;5980;366;6852;6897;6.83;0.42;255.19;5.65;872;25;2360.00;45
5982;24;624250697;5982;362;6853;6897;6.78;0.41;255.17;5.66;871;25;2361.00;44
5982;24;624250706;5982;356;6859;6903;6.76;0.41;255.17;5.65;877;25;2362.00;44
5983;24;624250716;5983;352;6860;6903;6.67;0.41;255.17;5.66;877;25;2363.00;43
5983;24;624250732;5983;353;6860;6903;6.62;0.40;255.17;5.66;877;25;2364.00;43
5983;24;624250741;5983;350;6861;6903;6.60;0.40;255.17;5.67;878;25;2365.00;42
5984;24;624250751;5984;350;6865;6907;6.58;0.40;255.14;5.67;881;25;2366.00;42
5988;24;624250760;5988;349;6866;6908;6.54;0.40;255.14;5.67;878;25;2367.00;42
5989;24;624250771;5989;348;6868;6908;6.52;0.40;255.11;5.68;879;25;2368.00;40
5992;24;624250781;5992;348;6869;6909;6.53;0.40;255.10;5.68;877;25;2369.00;40
5993;24;624250792;5993;347;6872;6909;6.53;0.40;255.15;5.69;879;25;2370.00;37
5996;24;624250801;5996;356;6872;6909;6.51;0.40;255.09;5.69;876;25;2371.00;37
5999;24;624250811;5999;357;6873;6909;6.48;0.40;255.05;5.69;874;25;2372.00;36
6003;24;624250820;6003;359;6873;6909;6.44;0.39;255.21;5.69;870;25;2373.00;36
6008;24;624250828;6008;360;6874;6909;6.34;0.39;255.27;5.69;866;25;2374.00;35
6011;24;624250837;6011;354;6875;6909;6.28;0.38;255.24;5.69;864;25;2375.00;34
6014;24;624250847;6014;369;6921;6979;6.38;0.39;255.32;5.65;907;25;2376.00;58
6018;24;624250862;6018;362;6924;6980;6.31;0.39;255.44;5.65;906;25;2377.00;56
6021;24;624250871;6021;365;6929;6980;6.32;0.39;255.49;5.65;908;25;2378.00;51
6023;24;624250880;6023;358;6931;6980;6.27;0.39;255.51;5.65;908;25;2379.00;49
6026;24;624250889;6026;351;6932;6980;6.22;0.38;255.60;5.65;906;25;2380.00;48
6029;24;624250900;6029;344;6932;6980;6.14;0.38;255.60;5.65;903;25;2381.00;48
6032;24;624250911;6032;337;6933;6980;6.14;0.38;255.60;5.65;901;25;2382.00;47
6037;24;624250921;6037;331;6934;6980;6.12;0.37;255.68;5.65;897;25;2383.00;46
6038;24;624250931;6038;325;6934;6981;6.13;0.37;255.66;5.65;896;25;2384.00;47
6041;24;624250942;6041;329;6938;6983;6.17;0.38;255.75;5.65;897;25;2385.00;45
6044;24;624250953;6044;328;6938;6983;6.17;0.38;255.92;5.65;894;25;2386.00;45
6048;24;624250964;6048;324;6945;6987;6.32;0.38;255.94;5.65;897;25;2387.00;42
6054;24;624250976;6054;326;6947;6987;6.45;0.39;256.18;5.65;893;25;2388.00;40
6056;24;624250988;6056;323;6950;6987;6.54;0.40;256.19;5.65;894;25;2389.00;37
6059;24;624251000;6059;316;6952;6987;6.67;0.41;256.20;5.65;893;25;2390.00;35
6061;24;624251012;6061;309;6958;6993;6.76;0.41;256.22;5.65;897;25;2391.00;35
6068;24;624251024;6068;302;6958;6993;6.79;0.41;256.31;5.65;890;25;2392.00;35
6070;24;624251042;6070;308;6958;6993;6.88;0.42;256.39;5.65;888;25;2393.00;35
6074;24;624251053;6074;304;6961;6996;6.95;0.42;256.50;5.65;887;25;2394.00;35
6077;24;624251064;6077;308;6961;6996;7.03;0.43;256.55;5.65;884;25;2395.00;35
6082;24;624251075;6082;304;6961;6996;7.01;0.42;256.68;5.65;879;25;2396.00;35
6085;24;624251085;6085;300;6962;6997;6.97;0.42;256.70;5.65;877;25;2397.00;35
6089;24;624251096;6089;301;6963;6998;6.96;0.42;256.80;5.65;874;25;2398.00;35
6093;24;624251107;6093;298;6963;6998;6.99;0.42;256.88;5.65;870;25;2399.00;35
6097;24;624251120;6097;305;6988;7057;7.07;0.43;256.92;5.63;891;25;2400.00;69
6100;24;624251142;6100;296;6991;7057;7.11;0.43;256.88;5.62;891;25;2401.00;66
6103;24;624251153;6103;299;6993;7057;7.19;0.44;256.89;5.62;890;25;2402.00;64
6108;24;624251164;6108;289;6994;7058;7.21;0.44;257.02;5.62;886;25;2403.00;64
6110;25;624251176;6110;293;6996;7058;7.30;0.44;257.00;5.62;886;26;2404.00;62
6113;25;624251195;6113;289;7000;7062;7.34;0.45;257.00;5.62;887;26;2405.00;62
6116;25;624251207;6116;295;7002;7062;7.40;0.45;257.07;5.62;886;26;2406.00;60
6118;25;624251235;6118;295;7007;7066;7.47;0.46;257.10;5.62;889;26;2407.00;59
6123;25;624251246;6123;290;7008;7066;7.44;0.45;257.17;5.70;885;26;2408.00;58
6126;25;624251259;6126;294;7009;7066;7.37;0.45;257.22;5.70;883;26;2409.00;57
6128;25;624251271;6128;286;7009;7066;7.37;0.45;257.20;5.70;881;26;2410.00;57
6134;25;624251283;6134;292;7010;7066;7.32;0.45;257.33;5.70;876;26;2411.00;56
6135;25;624251295;6135;297;7018;7078;7.42;0.45;257.34;5.70;883;26;2412.00;60
6139;25;624251307;6139;297;7019;7078;7.39;0.45;257.41;5.70;880;26;2413.00;59
6141;25;624251321;6141;292;7021;7078;7.46;0.45;257.43;5.70;880;26;2414.00;57
6146;25;624251332;6146;289;7022;7078;7.40;0.45;257.46;5.70;876;26;2415.00;56
6149;25;624251344;6149;293;7022;7078;7.38;0.45;257.54;5.70;873;26;2416.00;56
6152;25;624251356;6152;293;7024;7078;7.35;0.45;257.51;5.70;872;26;2417.00;54
6156;25;624251369;6156;289;7024;7079;7.30;0.45;257.53;5.70;868;26;2418.00;55
6161;25;624251380;6161;297;7026;7079;7.25;0.44;257.53;5.71;865;26;2419.00;53
6164;25;624251392;6164;304;7030;7085;7.26;0.44;257.61;5.70;866;26;2420.00;55
6171;25;624251404;6171;304;7032;7086;7.19;0.44;257.65;5.71;861;26;2421.00;54
6174;25;624251416;6174;311;7032;7086;7.12;0.43;257.63;5.71;858;26;2422.00;54
6178;25;624251431;6178;310;7033;7086;7.08;0.43;257.70;5.71;855;26;2423.00;53
6184;25;624251442;6184;310;7036;7090;7.09;0.43;257.65;5.79;852;26;2424.00;54
6185;25;624251454;6185;315;7037;7090;7.09;0.43;257.63;5.80;852;26;2425.00;53
6190;25;624251464;6190;322;7038;7090;7.02;0.43;257.71;5.80;848;26;2426.00;52
6191;25;624251476;6191;311;7040;7091;7.01;0.43;257.71;5.80;849;26;2427.00;51
6197;25;624251487;6197;305;7043;7095;7.00;0.42;257.82;5.80;846;26;2428.00;52
6200;25;624251498;6200;299;7043;7095;6.99;0.42;257.81;5.80;843;26;2429.00;52
6203;25;624251511;6203;295;7048;7101;7.06;0.43;257.86;5.79;845;26;2430.00;53
6207;25;624251523;6207;294;7048;7101;7.07;0.43;257.87;5.79;841;26;2431.00;53
6210;25;624251534;6210;292;7049;7101;7.08;0.43;257.87;5.79;839;26;2432.00;52
6212;25;624251545;6212;288;7050;7101;7.12;0.43;257.84;5.80;838;26;2433.00;51
6215;25;624251559;6215;283;7055;7105;7.19;0.44;257.87;5.87;840;26;2434.00;50
6217;25;624251571;6217;285;7055;7105;7.24;0.44;257.86;5.87;838;26;2435.00;50
6219;25;624251589;6219;265;7055;7105;7.28;0.44;257.87;5.87;836;26;2436.00;50
6221;25;624251601;6221;252;7055;7105;7.31;0.44;257.84;5.87;834;26;2437.00;50
6223;25;624251613;6223;242;7055;7106;7.32;0.45;257.84;5.87;832;26;2438.00;51
6226;25;624251625;6226;240;7057;7107;7.35;0.45;257.87;5.88;831;26;2439.00;50
6228;25;624251636;6228;237;7057;7107;7.36;0.45;257.85;5.88;829;26;2440.00;50
6230;25;624251647;6230;231;7058;7108;7.49;0.46;257.85;5.88;828;26;2441.00;50
6234;25;624251659;6234;233;7058;7108;7.54;0.46;257.85;5.88;824;26;2442.00;50
6239;25;624251670;6239;223;7058;7108;7.63;0.46;257.94;5.88;819;26;2443.00;50
6241;25;624251682;6241;224;7058;7108;7.74;0.47;257.96;5.88;817;26;2444.00;50
6244;25;624251693;6244;228;7060;7108;7.75;0.47;258.05;5.96;816;26;2445.00;48
6247;25;624251703;6247;225;7060;7108;7.89;0.48;258.14;5.96;813;26;2446.00;48
6247;25;624251714;6247;221;7060;7108;8.02;0.49;258.14;5.96;813;26;2447.00;48
6251;25;624251725;6251;230;7120;7235;8.28;0.51;258.21;5.91;869;26;2448.00;115
6254;25;624251745;6254;219;7123;7236;8.45;0.52;258.28;5.91;869;26;2449.00;113
6255;25;624251757;6255;208;7130;7236;8.66;0.53;258.33;5.91;875;26;2450.00;106
6258;25;624251768;6258;208;7134;7236;8.76;0.54;258.47;5.91;876;26;2451.00;102
6264;25;624251780;6264;205;7138;7236;8.91;0.55;258.57;5.91;874;26;2452.00;98
6266;25;624251792;6266;197;7139;7236;9.00;0.55;258.61;5.91;873;26;2453.00;97
6267;25;624251808;6267;200;7142;7236;9.13;0.56;258.58;5.91;875;26;2454.00;94
6272;25;624251826;6272;203;7145;7236;9.16;0.56;258.76;5.91;873;26;2455.00;91
6275;25;624251838;6275;203;7148;7237;9.15;0.56;258.72;5.92;873;26;2456.00;89
6278;25;624251850;6278;205;7151;7238;9.15;0.56;258.77;5.92;873;26;2457.00;87
6282;25;624251861;6282;207;7154;7238;9.15;0.56;258.85;6.00;872;26;2458.00;84
6285;25;624251873;6285;208;7154;7239;9.02;0.55;258.85;6.00;869;26;2459.00;85
6288;25;624251886;6288;207;7160;7239;8.94;0.55;258.88;6.00;872;26;2460.00;79
6290;25;624251898;6290;205;7161;7239;8.84;0.54;258.90;6.00;871;26;2461.00;78
6292;25;624251909;6292;208;7164;7239;8.77;0.54;258.89;6.01;872;26;2462.00;75
6293;25;624251920;6293;210;7170;7243;8.75;0.54;258.91;6.02;877;26;2463.00;73
6295;25;624251938;6295;215;7172;7243;8.83;0.54;258.86;6.02;877;26;2464.00;71
6297;25;624251949;6297;219;7174;7243;8.85;0.54;258.87;6.02;877;26;2465.00;69
6297;25;624251960;6297;218;7176;7246;8.96;0.55;258.87;6.02;879;26;2466.00;70
6299;25;624251972;6299;218;7180;7246;8.99;0.55;258.94;6.10;881;26;2467.00;66
6301;25;624251983;6301;225;7186;7246;9.03;0.55;258.94;6.12;885;26;2468.00;60
6301;25;624251994;6301;227;7191;7250;9.11;0.56;258.94;6.12;890;26;2469.00;59
6302;25;624252006;6302;225;7194;7251;9.14;0.56;258.97;6.12;892;26;2470.00;57
6304;25;624252016;6304;225;7194;7251;9.16;0.56;258.93;6.12;890;26;2471.00;57
6307;25;624252027;6307;226;7196;7255;9.23;0.56;258.99;6.12;889;26;2472.00;59
6308;25;624252039;6308;228;7197;7255;9.28;0.57;258.99;6.12;889;26;2473.00;58
6309;25;624252050;6309;230;7197;7255;9.26;0.57;259.00;6.12;888;26;2474.00;58
6315;25;624252061;6315;233;7199;7257;9.29;0.57;258.97;6.12;884;26;2475.00;58
6317;25;624252073;6317;234;7199;7257;9.34;0.57;258.98;6.12;882;26;2476.00;58
6322;25;624252083;6322;240;7204;7263;9.32;0.57;259.03;6.12;882;26;2477.00;59
6324;25;624252095;6324;244;7204;7263;9.25;0.57;259.04;6.12;880;26;2478.00;59
6328;25;624252106;6328;241;7204;7264;9.19;0.56;259.02;6.12;876;26;2479.00;60
6331;25;624252117;6331;238;7204;7264;9.12;0.56;259.12;6.12;873;26;2480.00;60
6335;25;624252127;6335;238;7204;7264;9.08;0.56;259.06;6.12;869;26;2481.00;60
6339;25;624252138;6339;234;7204;7264;8.99;0.55;259.02;6.12;865;26;2482.00;60
6343;25;624252149;6343;228;7204;7264;8.88;0.54;259.11;6.12;861;26;2483.00;60
6349;25;624252158;6349;226;7214;7276;8.76;0.53;259.16;6.11;865;26;2484.00;62
6350;25;624252170;6350;226;7217;7276;8.75;0.53;259.13;6.12;867;26;2485.00;59
6353;25;624252181;6353;231;7217;7276;8.68;0.53;259.10;6.12;864;26;2486.00;59
6357;25;624252192;6357;238;7217;7276;8.62;0.52;259.01;6.12;860;26;2487.00;59
6358;25;624252202;6358;241;7218;7276;8.65;0.53;258.99;6.22;860;26;2488.00;58
6360;25;624252212;6360;244;7218;7276;8.61;0.52;258.98;6.22;858;26;2489.00;58
6362;25;624252224;6362;249;7222;7280;8.57;0.52;258.97;6.29;860;26;2490.00;58
6364;25;624252234;6364;252;7222;7280;8.56;0.52;258.91;6.29;858;26;2491.00;58
6368;25;624252244;6368;263;7226;7284;8.60;0.52;258.89;6.29;858;26;2492.00;58
6369;25;624252255;6369;265;7227;7285;8.62;0.52;258.92;6.29;858;26;2493.00;58
6370;25;624252266;6370;272;7227;7285;8.63;0.52;258.94;6.29;857;26;2494.00;58
6371;25;624252275;6371;272;7227;7285;8.62;0.52;258.93;6.29;856;26;2495.00;58
6372;25;624252285;6372;278;7237;7298;8.60;0.52;258.92;6.29;865;26;2496.00;61
6375;25;624252295;6375;275;7237;7298;8.57;0.52;258.93;6.29;862;26;2497.00;61
6377;25;624252305;6377;281;7237;7298;8.49;0.52;258.89;6.29;860;26;2498.00;61
6380;25;624252315;6380;272;7238;7299;8.48;0.52;258.87;6.29;858;26;2499.00;61
6382;25;624252326;6382;271;7238;7300;8.38;0.51;258.83;6.29;856;26;2500.00;62
6384;25;624252340;6384;274;7240;7300;8.32;0.51;258.85;6.31;856;26;2501.00;60
6387;25;624252351;6387;271;7242;7303;8.30;0.50;258.82;6.31;855;26;2502.00;61
6390;25;624252362;6390;271;7244;7303;8.24;0.50;258.86;6.31;854;26;2503.00;59
6390;25;624252377;6390;271;7244;7303;8.21;0.50;258.86;6.31;854;26;2504.00;59
6393;25;624252395;6393;272;7245;7303;8.23;0.50;258.87;6.32;852;26;2505.00;58
6395;25;624252412;6395;277;7250;7309;8.29;0.50;258.86;6.32;855;26;2506.00;59
6398;25;624252429;6398;278;7251;7309;8.27;0.50;258.93;6.32;853;26;2507.00;58
6398;25;624252445;6398;281;7252;7309;8.25;0.50;258.93;6.33;854;26;2508.00;57
6398;25;624252460;6398;274;7253;7309;8.22;0.50;258.93;6.33;855;26;2509.00;56
6398;25;624252475;6398;277;7257;7313;8.21;0.50;258.93;6.34;859;26;2510.00;56
6398;26;624252486;6398;282;7258;7314;8.21;0.50;258.93;6.34;860;27;2511.00;56
6400;26;624252509;6400;283;7259;7314;8.16;0.50;258.95;6.34;859;27;2512.00;55
6402;26;624252520;6402;289;7262;7315;8.20;0.50;258.97;6.36;860;27;2513.00;53
6405;26;624252531;6405;290;7263;7315;8.14;0.49;258.91;6.38;858;27;2514.00;52
6409;26;624252542;6409;290;7265;7315;8.00;0.49;258.92;6.40;856;27;2515.00;50
6409;26;624252563;6409;291;7266;7315;7.94;0.48;258.92;6.41;857;27;2516.00;49
6411;26;624252573;6411;294;7266;7315;7.88;0.48;258.90;6.41;855;27;2517.00;49
6412;26;624252584;6412;291;7269;7315;7.87;0.48;258.92;6.42;857;27;2518.00;46
6414;26;624252594;6414;293;7270;7315;7.82;0.48;258.95;6.43;856;27;2519.00;45
6414;26;624252606;6414;298;7319;7440;8.05;0.50;258.95;6.39;905;27;2520.00;121
6415;26;624252626;6415;298;7323;7441;8.03;0.50;258.97;6.39;908;27;2521.00;118
6418;26;624252637;6418;290;7335;7441;8.08;0.50;259.01;6.39;917;27;2522.00;106
6420;26;624252648;6420;294;7346;7441;8.01;0.49;259.05;6.39;926;27;2523.00;95
6422;26;624252659;6422;293;7353;7441;8.02;0.49;259.07;6.39;931;27;2524.00;88
6426;26;624252669;6426;297;7361;7441;7.93;0.49;259.04;6.40;935;27;2525.00;80
6427;26;624252680;6427;301;7367;7441;7.82;0.48;259.03;6.40;940;27;2526.00;74
6429;26;624252691;6429;311;7370;7441;7.77;0.48;259.13;6.41;941;27;2527.00;71
6433;26;624252701;6433;318;7375;7442;7.69;0.47;259.07;6.41;942;27;2528.00;67
6436;26;624252712;6436;318;7383;7443;7.63;0.47;259.19;6.42;947;27;2529.00;60
6440;26;624252723;6440;314;7386;7443;7.52;0.46;259.22;6.42;946;27;2530.00;57
6443;26;624252734;6443;310;7391;7447;7.42;0.46;259.16;6.42;948;27;2531.00;56
6445;26;624252745;6445;312;7391;7447;7.33;0.45;259.19;6.42;946;27;2532.00;56
6449;26;624252756;6449;315;7391;7447;7.28;0.45;259.26;6.42;942;27;2533.00;56
6452;26;624252768;6452;314;7392;7447;7.20;0.44;259.24;6.43;940;27;2534.00;55
6452;26;624252780;6452;310;7400;7453;7.18;0.44;259.24;6.44;948;27;2535.00;53
6455;26;624252791;6455;317;7400;7453;7.15;0.44;259.31;6.44;945;27;2536.00;53
6456;26;624252802;6456;317;7402;7455;7.13;0.44;259.36;6.45;946;27;2537.00;53
6460;26;624252813;6460;319;7406;7458;7.14;0.44;259.39;6.45;946;27;2538.00;52
6462;26;624252824;6462;332;7408;7458;7.15;0.44;259.44;6.45;946;27;2539.00;50
6465;27;624252835;6465;332;7409;7458;7.13;0.44;259.48;6.46;944;28;2540.00;49
6467;27;624252854;6467;339;7409;7459;7.09;0.44;259.54;6.46;942;28;2541.00;50
6469;27;624252865;6469;340;7411;7460;7.10;0.44;259.49;6.46;942;28;2542.00;49
6475;27;624252875;6475;341;7412;7460;7.01;0.43;259.61;6.46;937;28;2543.00;48
6481;27;624252886;6481;339;7424;7473;6.91;0.42;259.57;6.45;943;28;2544.00;49
6482;27;624252898;6482;342;7425;7473;6.89;0.42;259.63;6.46;943;28;2545.00;48
6485;27;624252914;6485;346;7425;7473;6.89;0.42;259.69;6.46;940;28;2546.00;48
6488;27;624252924;6488;350;7427;7474;6.85;0.42;259.77;6.46;939;28;2547.00;47
6492;27;624252934;6492;350;7428;7474;6.76;0.42;259.83;6.46;936;28;2548.00;46
6502;27;624252945;6502;351;7432;7478;6.66;0.41;259.99;6.45;930;28;2549.00;46
6502;27;624252957;6502;346;7435;7481;6.65;0.41;259.99;6.45;933;28;2550.00;46
6508;27;624252968;6508;347;7440;7485;6.51;0.40;260.05;6.45;932;28;2551.00;45
6510;27;624252979;6510;342;7441;7485;6.52;0.40;260.09;6.45;931;28;2552.00;44
6514;27;624252989;6514;338;7441;7485;6.54;0.40;260.10;6.45;927;28;2553.00;44
6517;27;624253000;6517;338;7441;7485;6.55;0.40;260.15;6.45;924;28;2554.00;44
6519;27;624253010;6519;339;7441;7485;6.54;0.40;260.18;6.45;922;28;2555.00;44
6523;27;624253020;6523;339;7452;7497;6.60;0.41;260.27;6.44;929;28;2556.00;45
6525;27;624253032;6525;340;7453;7497;6.64;0.41;260.29;6.44;928;28;2557.00;44
6528;27;624253042;6528;330;7453;7497;6.69;0.41;260.34;6.44;925;28;2558.00;44
6532;27;624253053;6532;325;7453;7497;6.70;0.41;260.36;6.44;921;28;2559.00;44
6534;27;624253064;6534;323;7453;7497;6.73;0.42;260.41;6.44;919;28;2560.00;44
6535;27;624253075;6535;318;7453;7497;6.79;0.42;260.41;6.44;918;28;2561.00;44
6543;27;624253084;6543;319;7454;7498;6.74;0.42;260.41;6.44;911;28;2562.00;44
6545;27;624253096;6545;311;7454;7498;6.78;0.42;260.42;6.44;909;28;2563.00;44
6550;27;624253114;6550;307;7459;7504;6.90;0.42;260.51;6.43;909;28;2564.00;45
6554;27;624253132;6554;302;7460;7506;6.92;0.43;260.63;6.43;906;28;2565.00;46
6558;27;624253143;6558;295;7461;7506;7.00;0.43;260.73;6.43;903;28;2566.00;45
6562;27;624253154;6562;293;7461;7506;7.06;0.44;260.73;6.43;899;28;2567.00;45
6566;27;624253164;6566;293;7464;7510;7.17;0.44;260.66;6.43;898;28;2568.00;46
6572;27;624253175;6572;282;7464;7510;7.19;0.44;260.64;6.43;892;28;2569.00;46
6577;27;624253186;6577;282;7464;7510;7.23;0.44;260.63;6.43;887;28;2570.00;46
6582;27;624253197;6582;283;7465;7511;7.24;0.45;260.60;6.43;883;28;2571.00;46
6587;27;624253207;6587;281;7468;7515;7.24;0.44;260.76;6.43;881;28;2572.00;47
6591;27;624253219;6591;284;7468;7515;7.24;0.44;260.79;6.43;877;28;2573.00;47
6596;27;624253229;6596;285;7470;7518;7.24;0.44;260.70;6.43;874;28;2574.00;48
6598;27;624253240;6598;283;7471;7518;7.33;0.45;260.71;6.43;873;28;2575.00;47
6603;27;624253251;6603;286;7471;7518;7.29;0.45;260.77;6.43;868;28;2576.00;47
6607;27;624253262;6607;288;7471;7518;7.30;0.45;260.78;6.43;864;28;2577.00;47
6613;27;624253274;6613;295;7475;7522;7.29;0.45;260.80;6.42;862;28;2578.00;47
6620;27;624253285;6620;292;7475;7522;7.25;0.44;260.83;6.42;855;28;2579.00;47
6623;27;624253297;6623;294;7475;7522;7.25;0.44;260.83;6.42;852;28;2580.00;47
6628;27;624253308;6628;291;7475;7522;7.26;0.44;260.93;6.42;847;28;2581.00;47
6630;27;624253319;6630;293;7475;7523;7.28;0.45;260.92;6.42;845;28;2582.00;48
6636;27;624253329;6636;290;7476;7524;7.27;0.44;260.98;6.42;840;28;2583.00;48
6640;27;624253340;6640;295;7476;7524;7.19;0.44;260.94;6.42;836;28;2584.00;48
6646;27;624253350;6646;296;7478;7525;7.11;0.43;260.95;6.50;832;28;2585.00;47
6650;27;624253363;6650;296;7478;7525;7.01;0.43;260.94;6.50;828;28;2586.00;47
6652;27;624253374;6652;297;7478;7525;6.96;0.43;260.95;6.50;826;28;2587.00;47
6659;27;624253385;6659;301;7478;7525;6.85;0.42;260.91;6.50;819;28;2588.00;47
6664;27;624253397;6664;300;7478;7525;6.81;0.42;260.96;6.50;814;28;2589.00;47
6667;27;624253407;6667;297;7478;7525;6.74;0.41;260.99;6.50;811;28;2590.00;47
6670;27;624253417;6670;298;7478;7525;6.69;0.41;261.01;6.50;808;28;2591.00;47
6673;27;624253427;6673;309;7545;7652;7.01;0.44;261.01;6.44;872;28;2592.00;107
6676;27;624253445;6676;302;7549;7653;7.03;0.44;261.04;6.44;873;28;2593.00;104
6678;27;624253455;6678;299;7556;7653;7.10;0.44;261.11;6.44;878;28;2594.00;97
6682;27;624253465;6682;299;7557;7653;7.12;0.44;261.22;6.44;875;28;2595.00;96
6683;27;624253477;6683;294;7562;7653;7.21;0.45;261.21;6.43;879;28;2596.00;91
6685;27;624253488;6685;284;7563;7653;7.28;0.45;261.28;6.43;878;28;2597.00;90
6689;27;624253498;6689;274;7566;7653;7.30;0.45;261.36;6.43;877;28;2598.00;87
6694;27;624253509;6694;281;7570;7653;7.31;0.45;261.36;6.43;876;28;2599.00;83
6698;27;624253521;6698;280;7573;7654;7.22;0.44;261.34;6.44;875;28;2600.00;81
6703;27;624253536;6703;284;7579;7655;7.15;0.44;261.34;6.44;876;28;2601.00;76
6705;27;624253547;6705;286;7583;7655;7.21;0.44;261.40;6.44;878;28;2602.00;72
6708;27;624253558;6708;296;7585;7656;7.17;0.44;261.42;6.44;877;28;2603.00;71
6709;27;624253575;6709;303;7586;7656;7.17;0.44;261.41;6.44;877;28;2604.00;70
6711;27;624253592;6711;307;7589;7656;7.14;0.44;261.43;6.44;878;28;2605.00;67
6713;27;624253608;6713;299;7593;7656;7.13;0.44;261.51;6.45;880;28;2606.00;63
6716;27;624253619;6716;293;7597;7660;7.19;0.44;261.54;6.45;881;28;2607.00;63
6716;27;624253631;6716;295;7597;7660;7.25;0.45;261.54;6.45;881;28;2608.00;63
6718;27;624253643;6718;293;7599;7660;7.35;0.45;261.59;6.45;881;28;2609.00;61
6721;27;624253656;6721;291;7602;7666;7.44;0.46;261.67;6.44;881;28;2610.00;64
6724;27;624253668;6724;292;7603;7666;7.54;0.46;261.65;6.45;879;28;2611.00;63
6731;27;624253680;6731;284;7605;7666;7.61;0.46;261.77;6.44;874;28;2612.00;61
6733;27;624253692;6733;281;7609;7670;7.67;0.47;261.78;6.44;876;28;2613.00;61
6734;27;624253703;6734;274;7610;7671;7.71;0.47;261.80;6.44;876;28;2614.00;61
6737;27;624253715;6737;276;7610;7671;7.74;0.47;261.78;6.44;873;28;2615.00;61
6738;27;624253726;6738;267;7613;7675;7.79;0.48;261.78;6.44;875;28;2616.00;62
6743;27;624253738;6743;260;7614;7675;7.88;0.48;261.96;6.44;871;28;2617.00;61
6746;27;624253749;6746;260;7615;7675;7.93;0.48;261.98;6.44;869;28;2618.00;60
6747;27;624253760;6747;256;7616;7676;8.00;0.49;261.99;6.44;869;28;2619.00;60
6750;27;624253772;6750;253;7616;7676;8.07;0.49;261.97;6.44;866;28;2620.00;60
6752;27;624253783;6752;248;7621;7682;8.14;0.49;261.97;6.44;869;28;2621.00;61
6755;27;624253795;6755;248;7621;7682;8.15;0.49;261.93;6.44;866;28;2622.00;61
6756;27;624253806;6756;249;7621;7683;8.18;0.50;261.94;6.44;865;28;2623.00;62
6758;27;624253817;6758;252;7621;7683;8.21;0.50;262.01;6.44;863;28;2624.00;62
6758;27;624253828;6758;249;7621;7683;8.32;0.51;262.01;6.44;863;28;2625.00;62
6760;27;624253839;6760;249;7621;7683;8.38;0.51;261.95;6.44;861;28;2626.00;62
6763;27;624253850;6763;249;7621;7683;8.41;0.51;261.96;6.44;858;28;2627.00;62
6767;27;624253861;6767;251;7631;7695;8.43;0.51;261.87;6.43;864;28;2628.00;64
6769;27;624253873;6769;252;7631;7695;8.43;0.51;261.89;6.43;862;28;2629.00;64
6771;27;624253884;6771;254;7632;7695;8.47;0.51;261.85;6.43;861;28;2630.00;63
6771;27;624253900;6771;255;7632;7695;8.49;0.52;261.85;6.43;861;28;2631.00;63
6771;27;624253915;6771;259;7632;7695;8.58;0.52;261.85;6.43;861;28;2632.00;63
6775;27;624253926;6775;266;7632;7695;8.59;0.52;261.86;6.43;857;28;2633.00;63
6777;27;624253937;6777;263;7635;7699;8.55;0.52;261.79;6.43;858;28;2634.00;64
6781;27;624253948;6781;266;7635;7699;8.58;0.52;261.70;6.43;854;28;2635.00;64
6782;27;624253958;6782;263;7639;7703;8.65;0.53;261.66;6.42;857;28;2636.00;64
6783;27;624253975;6783;261;7640;7704;8.69;0.53;261.65;6.42;857;28;2637.00;64
6785;27;624253986;6785;262;7640;7704;8.68;0.53;261.68;6.42;855;28;2638.00;64
6785;27;624253997;6785;258;7640;7704;8.67;0.53;261.68;6.42;855;28;2639.00;64
6787;27;624254009;6787;265;7664;7733;8.71;0.53;261.64;6.49;877;28;2640.00;69
6789;27;624254022;6789;262;7664;7733;8.67;0.53;261.63;6.49;875;28;2641.00;69
6790;27;624254033;6790;262;7666;7733;8.72;0.53;261.63;6.49;876;28;2642.00;67
6792;27;624254043;6792;270;7667;7734;8.72;0.53;261.64;6.49;875;28;2643.00;67
6793;27;624254054;6793;273;7667;7735;8.66;0.53;261.63;6.49;874;28;2644.00;68
6794;27;624254064;6794;274;7667;7735;8.64;0.52;261.63;6.49;873;28;2645.00;68
6796;27;624254075;6796;275;7669;7738;8.61;0.52;261.61;6.49;873;28;2646.00;69
6798;27;624254085;6798;275;7669;7738;8.59;0.52;261.69;6.49;871;28;2647.00;69
6801;27;624254096;6801;273;7670;7738;8.62;0.52;261.73;6.49;869;28;2648.00;68
6803;27;624254106;6803;270;7670;7738;8.60;0.52;261.74;6.49;867;28;2649.00;68
6806;27;624254116;6806;269;7675;7744;8.53;0.52;261.80;6.48;869;28;2650.00;69
6808;27;624254127;6808;253;7675;7744;8.45;0.51;261.78;6.48;867;28;2651.00;69
6810;27;624254138;6810;241;7675;7744;8.40;0.51;261.76;6.48;865;28;2652.00;69
6811;27;624254148;6811;233;7675;7744;8.35;0.51;261.76;6.48;864;28;2653.00;69
6813;27;624254159;6813;232;7679;7748;8.31;0.51;261.72;6.49;866;28;2654.00;69
6819;27;624254170;6819;233;7681;7750;8.34;0.51;261.71;6.49;862;28;2655.00;69
6821;27;624254181;6821;228;7683;7750;8.38;0.51;261.68;6.58;862;28;2656.00;67
6823;27;624254191;6823;219;7685;7751;8.43;0.51;261.71;6.59;862;28;2657.00;66
6825;27;624254202;6825;225;7685;7751;8.49;0.52;261.67;6.59;860;28;2658.00;66
6828;27;624254218;6828;223;7685;7751;8.55;0.52;261.62;6.59;857;28;2659.00;66
6828;27;624254230;6828;230;7685;7751;8.60;0.52;261.62;6.59;857;28;2660.00;66
6833;27;624254240;6833;228;7685;7751;8.63;0.52;261.57;6.59;852;28;2661.00;66
6835;27;624254257;6835;229;7685;7751;8.70;0.53;261.56;6.59;850;28;2662.00;66
6836;27;624254267;6836;228;7685;7751;8.81;0.53;261.56;6.59;849;28;2663.00;66
6837;27;624254279;6837;228;7721;7821;8.85;0.54;261.53;6.56;884;28;2664.00;100
6839;27;624254295;6839;230;7722;7822;8.82;0.54;261.47;6.56;883;28;2665.00;100
6844;28;624254312;6844;233;7730;7822;8.75;0.53;261.40;6.64;886;29;2666.00;92
6844;28;624254334;6844;234;7735;7822;8.71;0.53;261.40;6.64;891;29;2667.00;87
6846;28;624254345;6846;230;7737;7822;8.64;0.52;261.34;6.64;891;29;2668.00;85
6847;28;624254360;6847;225;7741;7822;8.62;0.52;261.32;6.64;894;29;2669.00;81
6847;28;624254377;6847;228;7743;7822;8.66;0.53;261.32;6.63;896;29;2670.00;79
6847;28;624254403;6847;232;7745;7822;8.68;0.53;261.32;6.63;898;29;2671.00;77
6850;28;624254427;6850;233;7746;7823;8.70;0.53;261.39;6.64;896;29;2672.00;77
6853;28;624254444;6853;233;7749;7824;8.65;0.53;261.31;6.64;896;29;2673.00;75
6854;28;624254461;6854;227;7751;7824;8.67;0.53;261.32;6.64;897;29;2674.00;73
6858;28;624254478;6858;227;7756;7828;8.61;0.52;261.39;6.63;898;29;2675.00;72
6859;28;624254491;6859;230;7758;7828;8.57;0.52;261.35;6.64;899;29;2676.00;70
6863;28;624254503;6863;238;7758;7828;8.51;0.52;261.40;6.64;895;29;2677.00;70
6867;28;624254515;6867;242;7758;7828;8.41;0.51;261.45;6.64;891;29;2678.00;70
6870;28;624254527;6870;250;7763;7834;8.42;0.51;261.42;6.64;893;29;2679.00;71
6872;28;624254540;6872;259;7765;7834;8.40;0.51;261.42;6.66;893;29;2680.00;69
6875;28;624254552;6875;266;7765;7834;8.35;0.51;261.44;6.66;890;29;2681.00;69
6876;28;624254564;6876;267;7767;7837;8.40;0.51;261.45;6.66;891;29;2682.00;70
6876;28;624254576;6876;274;7770;7837;8.30;0.51;261.45;6.68;894;29;2683.00;67
6879;28;624254586;6879;278;7770;7837;8.19;0.50;261.53;6.68;891;29;2684.00;67
6883;28;624254600;6883;282;7771;7838;8.13;0.49;261.58;6.68;888;29;2685.00;67
6884;28;624254612;6884;289;7773;7839;8.04;0.49;261.55;6.69;889;29;2686.00;66
6889;28;624254622;6889;291;7774;7839;7.92;0.48;261.56;6.70;885;29;2687.00;65
6890;28;624254634;6890;298;7787;7852;7.88;0.48;261.58;6.70;897;29;2688.00;65
6892;28;624254646;6892;301;7787;7852;7.82;0.48;261.65;6.70;895;29;2689.00;65
6894;28;624254658;6894;306;7787;7852;7.77;0.47;261.64;6.70;893;29;2690.00;65
6896;28;624254669;6896;313;7789;7853;7.77;0.47;261.64;6.71;893;29;2691.00;64
6899;28;624254687;6899;315;7789;7853;7.72;0.47;261.65;6.71;890;29;2692.00;64
6900;28;624254698;6900;319;7793;7857;7.73;0.47;261.66;6.71;893;29;2693.00;64
6904;28;624254708;6904;320;7794;7857;7.65;0.46;261.72;6.72;890;29;2694.00;63
6906;28;624254719;6906;321;7797;7861;7.56;0.46;261.73;6.72;891;29;2695.00;64
6908;28;624254730;6908;323;7800;7861;7.48;0.46;261.78;6.75;892;29;2696.00;61
6912;28;624254741;6912;326;7800;7861;7.35;0.45;261.79;6.75;888;29;2697.00;61
6914;28;624254751;6914;324;7801;7861;7.28;0.44;261.78;6.76;887;29;2698.00;60
6916;28;624254761;6916;324;7801;7861;7.12;0.43;261.82;6.76;885;29;2699.00;60
6919;28;624254775;6919;319;7831;7910;7.18;0.44;261.93;6.76;912;29;2700.00;79
6920;28;624254796;6920;322;7834;7910;7.14;0.44;261.97;6.76;914;29;2701.00;76
6926;28;624254807;6926;320;7837;7910;7.06;0.43;262.12;6.76;911;29;2702.00;73
6926;28;624254819;6926;320;7837;7910;7.05;0.43;262.12;6.76;911;29;2703.00;73
6927;28;624254829;6927;320;7839;7910;7.05;0.43;262.18;6.76;912;29;2704.00;71
6929;28;624254840;6929;317;7840;7910;7.12;0.43;262.23;6.77;911;29;2705.00;70
6931;28;624254851;6931;319;7842;7911;7.12;0.44;262.29;6.77;911;29;2706.00;69
6933;28;624254861;6933;321;7845;7911;7.08;0.43;262.43;6.78;912;29;2707.00;66
6936;28;624254872;6936;322;7851;7917;7.14;0.44;262.53;6.79;915;29;2708.00;66
6937;28;624254883;6937;329;7852;7918;7.15;0.44;262.51;6.78;915;29;2709.00;66
6939;28;624254895;6939;333;7853;7918;7.07;0.43;262.64;6.79;914;29;2710.00;65
6943;28;624254906;6943;340;7854;7918;6.96;0.43;262.64;6.79;911;29;2711.00;64
6948;28;624254916;6948;343;7858;7922;6.92;0.42;262.55;6.79;910;29;2712.00;64
6951;28;624254927;6951;349;7861;7922;6.86;0.42;262.69;6.80;910;29;2713.00;61
6955;28;624254937;6955;349;7861;7922;6.80;0.41;262.72;6.80;906;29;2714.00;61
6959;28;624254948;6959;352;7863;7923;6.71;0.41;262.70;6.80;904;29;2715.00;60
6962;28;624254959;6962;353;7866;7927;6.60;0.40;262.77;6.80;904;29;2716.00;61
6968;28;624254978;6968;356;7870;7927;6.45;0.39;262.82;6.81;902;29;2717.00;57
6971;28;624254988;6971;352;7873;7930;6.37;0.39;262.83;6.81;902;29;2718.00;57
6975;28;624254998;6975;352;7874;7930;6.31;0.39;262.89;6.81;899;29;2719.00;56
6978;28;624255008;6978;344;7875;7930;6.23;0.38;262.88;6.81;897;29;2720.00;55
6983;28;624255018;6983;340;7875;7930;6.17;0.38;262.93;6.81;892;29;2721.00;55
6986;28;624255027;6986;335;7878;7934;6.24;0.38;262.97;6.81;892;29;2722.00;56
6990;28;624255039;6990;330;7881;7934;6.24;0.38;263.12;6.81;891;29;2723.00;53
6993;28;624255048;6993;331;7882;7934;6.25;0.38;263.22;6.81;889;29;2724.00;52
6994;28;624255058;6994;326;7882;7934;6.30;0.39;263.27;6.81;888;29;2725.00;52
6998;28;624255068;6998;320;7883;7935;6.31;0.39;263.38;6.81;885;29;2726.00;52
7003;28;624255078;7003;319;7884;7936;6.41;0.39;263.58;6.81;881;29;2727.00;52
7006;28;624255089;7006;317;7885;7936;6.51;0.40;263.57;6.81;879;29;2728.00;51
7011;28;624255099;7011;313;7887;7937;6.57;0.40;263.60;6.81;876;29;2729.00;50
7014;28;624255111;7014;315;7887;7937;6.61;0.40;263.67;6.81;873;29;2730.00;50
7017;28;624255121;7017;313;7889;7937;6.61;0.40;263.71;6.82;872;29;2731.00;48
7022;28;624255131;7022;314;7890;7937;6.64;0.40;263.76;6.90;868;29;2732.00;47
7027;28;624255142;7027;312;7890;7937;6.66;0.41;263.82;6.90;863;29;2733.00;47
7029;28;624255152;7029;304;7890;7937;6.72;0.41;263.87;6.90;861;29;2734.00;47
7034;28;624255162;7034;308;7891;7937;6.75;0.41;263.85;6.90;857;29;2735.00;46
7040;28;624255172;7040;313;7960;8064;7.12;0.44;264.01;6.84;920;29;2736.00;104
7044;28;624255194;7044;307;7966;8065;7.15;0.44;264.02;6.84;922;29;2737.00;99
7049;28;624255204;7049;311;7973;8065;7.25;0.45;264.06;6.83;924;29;2738.00;92
7057;28;624255215;7057;306;7976;8065;7.23;0.45;264.19;6.83;919;29;2739.00;89
7060;28;624255226;7060;311;7980;8065;7.29;0.45;264.19;6.83;920;29;2740.00;85
7065;28;624255237;7065;310;7983;8065;7.27;0.45;264.32;6.83;918;29;2741.00;82
7069;28;624255248;7069;310;7986;8065;7.23;0.45;264.34;6.83;917;29;2742.00;79
7072;28;624255260;7072;306;7988;8065;7.17;0.44;264.34;6.83;916;29;2743.00;77
7077;28;624255271;7077;313;7991;8066;7.09;0.44;264.49;6.83;914;29;2744.00;75
7080;28;624255283;7080;312;7994;8068;7.08;0.44;264.52;6.83;914;29;2745.00;74
7085;28;624255294;7085;318;7998;8068;7.03;0.43;264.54;6.83;913;29;2746.00;70
7090;28;624255306;7090;319;8000;8069;6.98;0.43;264.60;6.83;910;29;2747.00;69
7092;28;624255319;7092;323;8004;8069;6.93;0.43;264.59;6.83;912;29;2748.00;65
7100;28;624255330;7100;324;8006;8069;6.82;0.42;264.70;6.84;906;29;2749.00;63
7105;28;624255341;7105;322;8007;8069;6.75;0.41;264.66;6.84;902;29;2750.00;62
7111;28;624255355;7111;324;8011;8073;6.67;0.41;264.69;6.84;900;29;2751.00;62
7117;28;624255367;7117;329;8015;8073;6.59;0.40;264.72;6.84;898;29;2752.00;58
7120;28;624255379;7120;327;8015;8073;6.51;0.40;264.70;6.84;895;29;2753.00;58
7128;28;624255390;7128;327;8017;8076;6.45;0.39;264.64;6.84;889;29;2754.00;59
7129;28;624255401;7129;328;8018;8076;6.40;0.39;264.63;6.84;889;29;2755.00;58
7133;28;624255414;7133;332;8020;8076;6.31;0.39;264.66;6.84;887;29;2756.00;56
7138;28;624255424;7138;333;8024;8080;6.30;0.39;264.63;6.84;886;29;2757.00;56
7140;28;624255434;7140;331;8025;8081;6.24;0.38;264.65;6.84;885;29;2758.00;56
7145;28;624255444;7145;330;8025;8081;6.14;0.38;264.73;6.84;880;29;2759.00;56
7146;28;624255461;7146;331;8030;8086;6.16;0.38;264.73;6.91;884;29;2760.00;56
7148;28;624255472;7148;333;8031;8086;6.16;0.38;264.77;6.91;883;29;2761.00;55
7149;28;624255482;7149;332;8031;8086;6.14;0.38;264.77;6.91;882;29;2762.00;55
7149;28;624255491;7149;337;8032;8087;6.18;0.38;264.77;6.91;883;29;2763.00;55
7151;28;624255501;7151;338;8032;8087;6.13;0.38;264.77;6.91;881;29;2764.00;55
7153;28;624255511;7153;336;8037;8093;6.12;0.38;264.79;6.90;884;29;2765.00;56
7154;28;624255522;7154;342;8037;8093;6.09;0.37;264.80;6.90;883;29;2766.00;56
7155;28;624255532;7155;331;8037;8094;6.08;0.37;264.82;6.90;882;29;2767.00;57
7158;28;624255542;7158;327;8037;8094;6.10;0.37;264.81;6.90;879;29;2768.00;57
7160;28;624255552;7160;325;8037;8094;6.14;0.38;264.78;6.90;877;29;2769.00;57
7162;28;624255562;7162;328;8037;8094;6.15;0.38;264.76;6.90;875;29;2770.00;57
7164;28;624255572;7164;328;8037;8094;6.13;0.38;264.76;6.90;873;29;2771.00;57
7165;28;624255583;7165;329;8047;8106;6.24;0.38;264.77;6.90;882;29;2772.00;59
7168;28;624255595;7168;336;8048;8106;6.19;0.38;264.75;6.89;880;29;2773.00;58
7171;28;624255611;7171;335;8048;8106;6.15;0.38;264.72;6.89;877;29;2774.00;58
7171;28;624255621;7171;341;8049;8106;6.14;0.37;264.72;6.97;878;29;2775.00;57
7172;28;624255632;7172;338;8049;8106;6.16;0.38;264.72;6.97;877;29;2776.00;57
7174;28;624255643;7174;314;8049;8106;6.19;0.38;264.67;6.97;875;29;2777.00;57
7176;28;624255656;7176;303;8052;8110;6.25;0.38;264.62;6.97;876;29;2778.00;58
7177;28;624255673;7177;298;8052;8110;6.34;0.39;264.60;6.97;875;29;2779.00;58
7178;28;624255684;7178;294;8056;8114;6.46;0.39;264.58;6.96;878;29;2780.00;58
7179;28;624255696;7179;289;8057;8115;6.54;0.40;264.57;6.96;878;29;2781.00;58
7179;28;624255708;7179;284;8057;8115;6.63;0.40;264.57;6.96;878;29;2782.00;58
7181;28;624255720;7181;291;8057;8115;6.70;0.41;264.55;6.96;876;29;2783.00;58
7182;28;624255731;7182;285;8068;8128;6.88;0.42;264.52;6.95;886;29;2784.00;60
7185;28;624255742;7185;282;8068;8128;6.92;0.42;264.49;6.95;883;29;2785.00;60
7189;28;624255754;7189;285;8068;8128;6.98;0.43;264.55;6.95;879;29;2786.00;60
7193;28;624255765;7193;283;8070;8129;7.06;0.43;264.48;7.03;877;29;2787.00;59
7196;28;624255777;7196;277;8070;8130;7.18;0.44;264.49;7.03;874;29;2788.00;60
7197;28;624255788;7197;277;8070;8130;7.25;0.44;264.49;7.03;873;29;2789.00;60
7199;28;624255800;7199;276;8074;8136;7.32;0.44;264.49;7.03;875;29;2790.00;62
7200;28;624255812;7200;277;8074;8136;7.35;0.45;264.52;7.03;874;29;2791.00;62
7200;28;624255822;7200;276;8076;8136;7.44;0.45;264.52;7.03;876;29;2792.00;60
7202;28;624255833;7202;278;8076;8136;7.44;0.45;264.50;7.03;874;29;2793.00;60
7202;28;624255844;7202;279;8081;8142;7.51;0.45;264.50;7.02;879;29;2794.00;61
7202;28;624255856;7202;287;8081;8142;7.53;0.46;264.50;7.02;879;29;2795.00;61
7202;28;624255866;7202;287;8081;8142;7.57;0.46;264.50;7.02;879;29;2796.00;61
7205;28;624255876;7205;289;8081;8142;7.61;0.46;264.55;7.02;876;29;2797.00;61
7207;28;624255887;7207;291;8084;8146;7.68;0.46;264.50;7.02;877;29;2798.00;62
7208;28;624255898;7208;291;8085;8147;7.75;0.47;264.49;7.02;877;29;2799.00;62
7209;28;624255910;7209;297;8085;8147;7.84;0.48;264.50;7.02;876;29;2800.00;62
7210;28;624255925;7210;297;8086;8148;7.91;0.48;264.48;7.02;876;29;2801.00;62
7212;28;624255936;7212;297;8086;8148;7.95;0.48;264.49;7.02;874;29;2802.00;62
7213;28;624255947;7213;281;8086;8148;8.03;0.49;264.49;7.02;873;29;2803.00;62
7214;28;624255958;7214;267;8086;8148;8.14;0.49;264.50;7.02;872;29;2804.00;62
7214;28;624255970;7214;256;8086;8148;8.25;0.50;264.50;7.02;872;29;2805.00;62
7215;28;624255981;7215;250;8086;8148;8.38;0.51;264.49;7.02;871;29;2806.00;62
7216;28;624255992;7216;242;8086;8148;8.47;0.51;264.49;7.02;870;29;2807.00;62
7217;28;624256009;7217;247;8124;8218;8.52;0.52;264.48;6.99;907;29;2808.00;94
7218;28;624256026;7218;235;8124;8219;8.59;0.52;264.48;6.99;906;29;2809.00;95
7218;28;624256037;7218;224;8130;8219;8.72;0.53;264.48;6.98;912;29;2810.00;89
7220;29;624256049;7220;220;8132;8219;8.81;0.53;264.50;6.98;912;30;2811.00;87
7220;29;624256072;7220;225;8134;8219;8.95;0.54;264.50;6.98;914;30;2812.00;85
7221;29;624256083;7221;224;8136;8219;9.00;0.54;264.49;6.98;915;30;2813.00;83
7223;29;624256095;7223;221;8139;8219;9.04;0.55;264.48;6.98;916;30;2814.00;80
7223;29;624256107;7223;224;8141;8219;9.11;0.55;264.48;6.98;918;30;2815.00;78
7224;29;624256119;7224;223;8142;8220;9.18;0.56;264.47;6.98;918;30;2816.00;78
7224;29;624256130;7224;222;8144;8221;9.11;0.55;264.47;6.98;920;30;2817.00;77
7227;29;624256147;7227;220;8146;8221;9.07;0.55;264.51;6.98;919;30;2818.00;75
7228;29;624256160;7228;218;8151;8225;8.98;0.54;264.49;6.98;923;30;2819.00;74
7230;29;624256173;7230;219;8153;8225;8.93;0.54;264.51;6.98;923;30;2820.00;72
7231;29;624256185;7231;218;8154;8225;8.88;0.54;264.51;6.98;923;30;2821.00;71
7233;29;624256196;7233;215;8155;8225;8.78;0.53;264.50;6.98;922;30;2822.00;70
7235;29;624256207;7235;214;8161;8231;8.77;0.53;264.50;6.98;926;30;2823.00;70
7238;29;624256219;7238;209;8162;8231;8.71;0.53;264.47;6.98;924;30;2824.00;69
7241;29;624256230;7241;211;8164;8231;8.63;0.52;264.42;6.99;923;30;2825.00;67
7242;29;624256242;7242;212;8166;8234;8.71;0.53;264.41;6.99;924;30;2826.00;68
7245;29;624256254;7245;212;8167;8234;8.71;0.53;264.39;6.99;922;30;2827.00;67
7246;29;624256266;7246;205;8167;8234;8.72;0.53;264.37;6.99;921;30;2828.00;67
7246;29;624256277;7246;205;8167;8235;8.72;0.53;264.37;6.99;921;30;2829.00;68
7246;29;624256288;7246;200;8168;8236;8.74;0.53;264.37;6.99;922;30;2830.00;68
7250;29;624256299;7250;200;8168;8236;8.71;0.53;264.36;6.99;918;30;2831.00;68
7252;29;624256317;7252;208;8179;8249;8.75;0.53;264.31;6.98;927;30;2832.00;70
7258;29;624256329;7258;207;8179;8249;8.78;0.53;264.32;6.98;921;30;2833.00;70
7260;29;624256341;7260;212;8179;8249;8.74;0.53;264.27;6.98;919;30;2834.00;70
7267;29;624256352;7267;205;8181;8251;8.72;0.53;264.28;6.98;914;30;2835.00;70
7269;29;624256364;7269;209;8181;8251;8.72;0.53;264.29;6.98;912;30;2836.00;70
7271;29;624256380;7271;215;8184;8255;8.78;0.53;264.35;6.97;913;30;2837.00;71
7274;29;624256400;7274;219;8184;8255;8.76;0.53;264.36;6.97;910;30;2838.00;71
7275;29;624256418;7275;228;8187;8259;8.71;0.53;264.35;6.97;912;30;2839.00;72
7278;29;624256444;7278;232;8187;8259;8.67;0.53;264.36;6.97;909;30;2840.00;72
7281;29;624256474;7281;225;8188;8259;8.65;0.53;264.41;6.97;907;30;2841.00;71
7284;29;624256490;7284;231;8188;8259;8.61;0.52;264.42;6.97;904;30;2842.00;71
7290;29;624256504;7290;233;8188;8259;8.56;0.52;264.48;6.97;898;30;2843.00;71
7292;29;624256518;7292;234;8198;8271;8.62;0.52;264.48;6.96;906;30;2844.00;73
7293;29;624256533;7293;238;8199;8271;8.64;0.53;264.46;6.96;906;30;2845.00;72
7297;29;624256545;7297;238;8199;8271;8.53;0.52;264.53;6.96;902;30;2846.00;72
7299;29;624256559;7299;248;8199;8271;8.50;0.52;264.51;6.96;900;30;2847.00;72
7301;29;624256571;7301;254;8199;8271;8.45;0.52;264.51;6.96;898;30;2848.00;72
7302;29;624256583;7302;254;8199;8271;8.43;0.51;264.49;6.96;897;30;2849.00;72
7304;29;624256598;7304;261;8202;8274;8.39;0.51;264.49;6.97;898;30;2850.00;72
7306;29;624256611;7306;258;8203;8274;8.38;0.51;264.57;6.99;897;30;2851.00;71
7312;29;624256622;7312;263;8209;8280;8.38;0.51;264.70;7.00;897;30;2852.00;71
7316;29;624256636;7316;266;8211;8281;8.27;0.50;264.72;7.01;895;30;2853.00;70
7318;29;624256649;7318;267;8211;8281;8.20;0.50;264.80;7.01;893;30;2854.00;70
7322;29;624256661;7322;271;8213;8281;8.10;0.49;264.81;7.03;891;30;2855.00;68
7323;29;624256681;7323;278;8216;8285;8.02;0.49;264.82;7.03;893;30;2856.00;69
7326;29;624256693;7326;274;8217;8285;7.98;0.49;264.92;7.04;891;30;2857.00;68
7328;29;624256704;7328;279;8218;8285;7.82;0.48;264.99;7.05;890;30;2858.00;67
7329;29;624256715;7329;276;8220;8286;7.73;0.47;265.02;7.05;891;30;2859.00;66
7331;29;624256726;7331;281;8224;8290;7.65;0.47;265.12;7.06;893;30;2860.00;66
7335;29;624256738;7335;286;8225;8290;7.59;0.46;265.23;7.06;890;30;2861.00;65
7336;29;624256749;7336;292;8228;8293;7.59;0.46;265.22;7.07;892;30;2862.00;65
7339;29;624256760;7339;299;8231;8293;7.54;0.46;265.24;7.09;892;30;2863.00;62
7343;29;624256772;7343;308;8234;8295;7.48;0.46;265.32;7.09;891;30;2864.00;61
7345;29;624256783;7345;306;8234;8295;7.45;0.45;265.38;7.09;889;30;2865.00;61
7348;29;624256793;7348;313;8238;8299;7.47;0.46;265.49;7.09;890;30;2866.00;61
7350;29;624256803;7350;318;8239;8299;7.36;0.45;265.56;7.10;889;30;2867.00;60
7352;29;624256814;7352;319;8239;8299;7.31;0.45;265.60;7.10;887;30;2868.00;60
7354;29;624256824;7354;317;8240;8299;7.26;0.44;265.63;7.11;886;30;2869.00;59
7358;29;624256834;7358;317;8241;8300;7.19;0.44;265.67;7.12;883;30;2870.00;59
7362;29;624256845;7362;312;8242;8301;7.21;0.44;265.67;7.12;880;30;2871.00;59
7365;29;624256856;7365;308;8245;8301;7.13;0.44;265.75;7.14;880;30;2872.00;56
7368;29;624256867;7368;310;8246;8302;7.13;0.44;265.75;7.14;878;30;2873.00;56
7373;29;624256877;7373;301;8247;8302;7.08;0.43;265.85;7.14;874;30;2874.00;55
7377;29;624256888;7377;303;8247;8302;7.03;0.43;265.90;7.14;870;30;2875.00;55
7381;29;624256898;7381;301;8248;8302;7.04;0.43;265.88;7.15;867;30;2876.00;54
7385;29;624256910;7385;302;8249;8302;7.02;0.43;265.92;7.15;864;30;2877.00;53
7388;29;624256920;7388;300;8249;8302;7.01;0.42;265.98;7.15;861;30;2878.00;53
7389;29;624256931;7389;303;8252;8302;7.01;0.42;266.02;7.17;863;30;2879.00;50
7391;29;624256943;7391;339;8351;8532;7.13;0.45;266.02;7.08;960;30;2880.00;181
7395;29;624256973;7395;326;8354;8533;7.06;0.44;266.05;7.08;959;30;2881.00;179
7397;29;624256984;7397;314;8363;8533;7.06;0.44;266.05;7.08;966;30;2882.00;170
7400;29;624256994;7400;305;8369;8533;7.05;0.44;266.04;7.07;969;30;2883.00;164
7407;29;624257005;7407;307;8379;8533;6.99;0.44;266.06;7.07;972;30;2884.00;154
7411;29;624257017;7411;307;8383;8533;6.96;0.43;266.16;7.07;972;30;2885.00;150
7414;29;624257028;7414;302;8393;8533;6.93;0.43;266.13;7.07;979;30;2886.00;140
7418;29;624257038;7418;308;8399;8533;6.82;0.42;266.20;7.07;981;30;2887.00;134
7419;29;624257049;7419;308;8407;8534;6.76;0.42;266.18;7.07;988;30;2888.00;127
7422;29;624257060;7422;320;8413;8535;6.64;0.41;266.28;7.08;991;30;2889.00;122
7424;29;624257071;7424;327;8422;8535;6.52;0.41;266.31;7.08;998;30;2890.00;113
7429;29;624257082;7429;333;8427;8536;6.37;0.40;266.29;7.08;998;30;2891.00;109
7431;29;624257094;7431;328;8429;8536;6.29;0.39;266.37;7.08;998;30;2892.00;107
7433;29;624257104;7433;331;8433;8536;6.21;0.39;266.42;7.09;1000;30;2893.00;103
7435;29;624257116;7435;337;8436;8536;6.09;0.38;266.48;7.09;1001;30;2894.00;100
7441;29;624257126;7441;338;8443;8540;5.95;0.37;266.54;7.09;1002;30;2895.00;97
7446;29;624257138;7446;359;8446;8540;5.82;0.36;266.60;7.09;1000;30;2896.00;94
7449;29;624257150;7449;352;8448;8540;5.80;0.36;266.66;7.10;999;30;2897.00;92
7452;29;624257162;7452;346;8450;8543;5.78;0.36;266.72;7.10;998;30;2898.00;93
7457;29;624257174;7457;347;8452;8543;5.78;0.36;266.79;7.10;995;30;2899.00;91
7459;29;624257187;7459;338;8455;8543;5.85;0.36;266.75;7.10;996;30;2900.00;88
7463;29;624257203;7463;339;8459;8547;5.86;0.36;266.81;7.10;996;30;2901.00;88
7468;29;624257215;7468;344;8462;8548;5.83;0.36;266.93;7.11;994;30;2902.00;86
7472;29;624257228;7472;343;8466;8548;5.87;0.36;266.99;7.11;994;30;2903.00;82
7477;29;624257240;7477;343;8468;8552;5.94;0.37;267.02;7.11;991;30;2904.00;84
7484;29;624257254;7484;338;8470;8552;6.02;0.37;267.11;7.12;986;30;2905.00;82
7488;29;624257266;7488;342;8476;8552;6.10;0.38;267.14;7.12;988;30;2906.00;76
7491;29;624257278;7491;342;8477;8553;6.17;0.38;267.13;7.12;986;30;2907.00;76
7495;29;624257289;7495;349;8478;8553;6.20;0.38;267.23;7.13;983;30;2908.00;75
7498;29;624257301;7498;354;8483;8559;6.27;0.39;267.24;7.13;985;30;2909.00;76
7502;29;624257315;7502;352;8484;8559;6.25;0.38;267.23;7.13;982;30;2910.00;75
7507;29;624257333;7507;354;8485;8560;6.21;0.38;267.31;7.13;978;30;2911.00;75
7512;29;624257346;7512;366;8486;8560;6.15;0.38;267.37;7.13;974;30;2912.00;74
7514;29;624257357;7514;369;8488;8560;6.11;0.38;267.40;7.14;974;30;2913.00;72
7520;29;624257372;7520;376;8488;8560;6.06;0.37;267.46;7.14;968;30;2914.00;72
7523;29;624257389;7523;384;8489;8560;6.01;0.37;267.53;7.14;966;30;2915.00;71
7525;29;624257400;7525;390;8499;8572;6.08;0.38;267.50;7.14;974;30;2916.00;73
7531;29;624257413;7531;388;8500;8572;5.96;0.37;267.62;7.14;969;30;2917.00;72
7532;29;624257425;7532;392;8502;8572;5.96;0.37;267.61;7.14;970;30;2918.00;70
7537;29;624257436;7537;387;8502;8572;5.86;0.36;267.52;7.14;965;30;2919.00;70
7540;29;624257447;7540;389;8503;8572;5.83;0.36;267.53;7.14;963;30;2920.00;69
7542;29;624257457;7542;388;8503;8572;5.81;0.36;267.51;7.14;961;30;2921.00;69
7545;29;624257469;7545;392;8506;8576;5.81;0.36;267.50;7.13;961;30;2922.00;70
7547;29;624257480;7547;392;8506;8576;5.80;0.36;267.50;7.13;959;30;2923.00;70
7550;29;624257490;7550;395;8510;8580;5.80;0.36;267.59;7.13;960;30;2924.00;70
7553;29;624257501;7553;403;8512;8582;5.73;0.35;267.59;7.13;959;30;2925.00;70
7559;29;624257512;7559;399;8512;8582;5.64;0.35;267.55;7.13;953;30;2926.00;70
7561;29;624257522;7561;410;8512;8582;5.61;0.34;267.55;7.13;951;30;2927.00;70
7565;29;624257533;7565;412;8524;8595;5.63;0.34;267.50;7.21;959;30;2928.00;71
7568;29;624257545;7568;403;8524;8595;5.54;0.34;267.46;7.21;956;30;2929.00;71
7572;29;624257561;7572;410;8524;8595;5.47;0.34;267.47;7.21;952;30;2930.00;71
7573;29;624257572;7573;409;8525;8596;5.43;0.33;267.44;7.21;952;30;2931.00;71
7580;29;624257581;7580;414;8525;8597;5.35;0.33;267.45;7.21;945;30;2932.00;72
7582;29;624257592;7582;418;8525;8597;5.33;0.33;267.44;7.21;943;30;2933.00;72
7588;29;624257602;7588;417;8527;8600;5.29;0.33;267.44;7.21;939;30;2934.00;73
7589;29;624257613;7589;415;8527;8600;5.23;0.32;267.45;7.21;938;30;2935.00;73
7593;29;624257623;7593;420;8528;8600;5.22;0.32;267.39;7.21;935;30;2936.00;72
7595;29;624257632;7595;410;8528;8600;5.24;0.32;267.38;7.21;933;30;2937.00;72
7600;29;624257642;7600;406;8533;8606;5.26;0.32;267.39;7.20;933;30;2938.00;73
7600;29;624257653;7600;398;8533;8606;5.32;0.33;267.39;7.20;933;30;2939.00;73
7602;29;624257665;7602;394;8533;8606;5.39;0.33;267.46;7.20;931;30;2940.00;73
7607;29;624257675;7607;391;8533;8606;5.39;0.33;267.43;7.20;926;30;2941.00;73
7610;29;624257686;7610;392;8536;8610;5.43;0.33;267.41;7.20;926;30;2942.00;74
7612;29;624257702;7612;398;8537;8611;5.46;0.33;267.36;7.20;925;30;2943.00;74
7612;29;624257712;7612;400;8537;8611;5.51;0.34;267.36;7.20;925;30;2944.00;74
7616;29;624257722;7616;396;8539;8612;5.52;0.34;267.34;7.29;923;30;2945.00;73
7616;29;624257734;7616;385;8539;8612;5.60;0.34;267.34;7.29;923;30;2946.00;73
7620;29;624257744;7620;370;8539;8612;5.62;0.34;267.32;7.29;919;30;2947.00;73
7621;29;624257754;7621;360;8539;8612;5.73;0.35;267.33;7.29;918;30;2948.00;73
7625;29;624257765;7625;355;8539;8612;5.76;0.35;267.27;7.29;914;30;2949.00;73
7625;29;624257781;7625;355;8539;8612;5.88;0.36;267.27;7.29;914;30;2950.00;73
7626;29;624257797;7626;354;8540;8612;5.94;0.36;267.25;7.38;914;30;2951.00;72
7629;29;624257808;7629;359;8571;8682;6.27;0.38;267.29;7.36;942;30;2952.00;111
7630;29;624257825;7630;358;8572;8683;6.38;0.39;267.31;7.35;942;30;2953.00;111
7630;29;624257836;7630;356;8579;8683;6.53;0.40;267.31;7.35;949;30;2954.00;104
7631;29;624257847;7631;339;8582;8683;6.63;0.40;267.38;7.44;951;30;2955.00;101
7633;29;624257858;7633;329;8583;8683;6.70;0.41;267.37;7.44;950;30;2956.00;100
7633;29;624257870;7633;314;8586;8683;6.81;0.41;267.37;7.44;953;30;2957.00;97
7633;29;624257882;7633;314;8587;8683;6.89;0.42;267.37;7.44;954;30;2958.00;96
7635;29;624257893;7635;308;8590;8683;7.02;0.43;267.37;7.44;955;30;2959.00;93
7636;29;624257905;7636;307;8592;8684;7.15;0.43;267.40;7.44;956;30;2960.00;92
7637;29;624257917;7637;302;8595;8685;7.22;0.44;267.40;7.44;958;30;2961.00;90
7637;29;624257940;7637;297;8597;8685;7.30;0.44;267.40;7.44;960;30;2962.00;88
7642;29;624257952;7642;290;8602;8689;7.37;0.45;267.49;7.44;960;30;2963.00;87
7644;29;624257965;7644;283;8604;8689;7.47;0.45;267.47;7.44;960;30;2964.00;85
7645;29;624257977;7645;286;8604;8689;7.55;0.46;267.47;7.44;959;30;2965.00;85
7646;29;624257995;7646;279;8605;8689;7.62;0.46;267.53;7.53;959;30;2966.00;84
7646;29;624258007;7646;274;8609;8695;7.69;0.47;267.53;7.53;963;30;2967.00;86
7648;29;624258021;7648;270;8609;8695;7.71;0.47;267.55;7.53;961;30;2968.00;86
7649;29;624258041;7649;270;8609;8695;7.76;0.47;267.54;7.53;960;30;2969.00;86
7649;29;624258055;7649;267;8613;8701;7.83;0.47;267.54;7.52;964;30;2970.00;88
7650;29;624258067;7650;267;8613;8701;7.81;0.47;267.54;7.52;963;30;2971.00;88
7651;29;624258079;7651;262;8615;8701;7.87;0.48;267.55;7.52;964;30;2972.00;86
7655;29;624258091;7655;259;8615;8702;7.93;0.48;267.54;7.52;960;30;2973.00;87
7655;29;624258103;7655;258;8616;8703;8.03;0.49;267.54;7.52;961;30;2974.00;87
7657;29;624258115;7657;256;8616;8703;8.13;0.49;267.50;7.52;959;30;2975.00;87
7659;29;624258128;7659;261;8624;8716;8.26;0.50;267.57;7.52;965;30;2976.00;92
7660;29;624258141;7660;257;8624;8716;8.38;0.51;267.59;7.52;964;30;2977.00;92
7661;29;624258153;7661;250;8625;8716;8.49;0.51;267.63;7.52;964;30;2978.00;91
7662;29;624258165;7662;252;8626;8717;8.60;0.52;267.64;7.51;964;30;2979.00;91
7665;29;624258178;7665;251;8626;8717;8.66;0.52;267.59;7.51;961;30;2980.00;91
7666;29;624258190;7666;248;8630;8721;8.75;0.53;267.60;7.61;964;30;2981.00;91
7668;29;624258203;7668;250;8630;8721;8.80;0.53;267.64;7.61;962;30;2982.00;91
7671;29;624258215;7671;247;8633;8725;8.79;0.53;267.60;7.60;962;30;2983.00;92
7675;29;624258228;7675;243;8633;8725;8.81;0.53;267.60;7.60;958;30;2984.00;92
7678;29;624258242;7678;243;8633;8725;8.91;0.54;267.66;7.60;955;30;2985.00;92
7680;29;624258255;7680;240;8633;8725;8.97;0.54;267.68;7.60;953;30;2986.00;92
7687;29;624258267;7687;241;8633;8725;9.00;0.54;267.78;7.60;946;30;2987.00;92
7688;29;624258280;7688;239;8642;8737;9.07;0.55;267.83;7.60;954;30;2988.00;95
7691;29;624258293;7691;234;8643;8737;9.13;0.55;267.86;7.60;952;30;2989.00;94
7693;29;624258312;7693;235;8645;8737;9.12;0.55;267.88;7.60;952;30;2990.00;92
7697;29;624258324;7697;229;8645;8737;9.08;0.55;267.83;7.60;948;30;2991.00;92
7701;29;624258336;7701;225;8645;8737;9.14;0.55;267.93;7.60;944;30;2992.00;92
7705;29;624258349;7705;222;8648;8737;9.10;0.55;267.92;7.61;943;30;2993.00;89
7706;29;624258362;7706;216;8648;8738;9.10;0.55;267.90;7.61;942;30;2994.00;90
7709;29;624258379;7709;217;8650;8738;9.06;0.55;267.88;7.63;941;30;2995.00;88
7713;29;624258401;7713;220;8654;8744;9.11;0.55;267.83;7.63;941;30;2996.00;90
7717;29;624258420;7717;210;8654;8745;9.09;0.55;267.93;7.63;937;30;2997.00;91
7720;29;624258439;7720;215;8655;8745;9.06;0.55;267.90;7.63;935;30;2998.00;90
7723;29;624258456;7723;214;8655;8745;9.09;0.55;267.86;7.63;932;30;2999.00;90
7725;29;624258479;7725;217;8660;8765;9.08;0.55;267.82;7.63;935;30;3000.00;105
7727;29;624258501;7727;219;8660;8765;9.13;0.55;267.91;7.63;933;30;3001.00;105
7731;29;624258517;7731;217;8660;8765;9.16;0.56;267.90;7.63;929;30;3002.00;105
7738;29;624258533;7738;219;8662;8766;9.12;0.55;267.86;7.72;924;30;3003.00;104
7738;29;624258548;7738;213;8665;8770;9.10;0.55;267.86;7.72;927;30;3004.00;105
7745;29;624258563;7745;215;8666;8770;9.07;0.55;267.82;7.72;921;30;3005.00;104
7745;29;624258578;7745;215;8669;8773;9.10;0.55;267.82;7.72;924;30;3006.00;104
7745;29;624258593;7745;212;8671;8773;9.14;0.55;267.82;7.72;926;30;3007.00;102
7749;29;624258607;7749;210;8673;8773;9.07;0.55;267.84;7.73;924;30;3008.00;100
7751;29;624258620;7751;215;8674;8773;9.04;0.55;267.90;7.73;923;30;3009.00;99
7753;29;624258633;7753;211;8679;8777;9.02;0.55;267.91;7.75;926;30;3010.00;98
7758;29;624258647;7758;210;8680;8777;9.00;0.55;267.98;7.75;922;30;3011.00;97
7761;29;624258662;7761;215;8682;8777;9.01;0.55;268.00;7.75;921;30;3012.00;95
7762;29;624258675;7762;218;8684;8777;9.07;0.55;268.03;7.75;922;30;3013.00;93
7764;29;624258688;7764;214;8685;8778;9.10;0.55;268.12;7.75;921;30;3014.00;93
7766;29;624258703;7766;217;8689;8780;9.10;0.55;268.23;7.75;923;30;3015.00;91
7768;29;624258717;7768;220;8690;8780;9.08;0.55;268.21;7.75;922;30;3016.00;90
7772;29;624258731;7772;222;8692;8781;9.01;0.55;268.25;7.75;920;30;3017.00;89
7777;29;624258745;7777;226;8692;8781;8.97;0.55;268.33;7.75;915;30;3018.00;89
7780;29;624258758;7780;231;8692;8781;8.94;0.54;268.34;7.75;912;30;3019.00;89
7783;29;624258772;7783;239;8694;8781;8.83;0.54;268.33;7.78;911;30;3020.00;87
7787;29;624258786;7787;243;8694;8781;8.75;0.53;268.38;7.78;907;30;3021.00;87
7788;29;624258799;7788;245;8695;8781;8.71;0.53;268.39;7.78;907;30;3022.00;86
7792;29;624258812;7792;254;8697;8781;8.65;0.53;268.42;7.79;905;30;3023.00;84
7793;29;624258824;7793;277;8762;8908;8.56;0.53;268.46;7.75;969;30;3024.00;146
7793;29;624258851;7793;275;8769;8909;8.50;0.52;268.46;7.75;976;30;3025.00;140
7795;29;624258864;7795;273;8777;8909;8.49;0.52;268.53;7.76;982;30;3026.00;132
7798;29;624258876;7798;275;8779;8909;8.42;0.52;268.56;7.76;981;30;3027.00;130
7798;29;624258889;7798;280;8788;8909;8.44;0.52;268.56;7.77;990;30;3028.00;121
7804;29;624258902;7804;289;8790;8909;8.39;0.52;268.66;7.79;986;30;3029.00;119
7806;29;624258917;7806;293;8793;8909;8.34;0.51;268.65;7.79;987;30;3030.00;116
7808;29;624258929;7808;298;8797;8909;8.33;0.51;268.73;7.80;989;30;3031.00;112
7811;29;624258942;7811;304;8800;8910;8.29;0.51;268.83;7.80;989;30;3032.00;110
7812;29;624258954;7812;304;8806;8911;8.24;0.51;268.87;7.82;994;30;3033.00;105
7815;29;624258967;7815;311;8811;8911;8.17;0.50;268.92;7.82;996;30;3034.00;100
7821;29;624258981;7821;315;8816;8912;8.03;0.49;269.02;7.84;995;30;3035.00;96
7823;29;624258999;7823;322;8820;8912;7.91;0.49;269.09;7.84;997;30;3036.00;92
7828;29;624259012;7828;329;8825;8912;7.80;0.48;269.07;7.85;997;30;3037.00;87
7829;29;624259025;7829;336;8827;8912;7.68;0.47;269.09;7.85;998;30;3038.00;85
7831;29;624259037;7831;337;8831;8916;7.58;0.47;269.10;7.86;1000;30;3039.00;85
7834;29;624259049;7834;336;8833;8916;7.52;0.46;269.15;7.86;999;30;3040.00;83
7837;29;624259062;7837;340;8835;8916;7.46;0.46;269.17;7.87;998;30;3041.00;81
7839;29;624259074;7839;335;8838;8919;7.42;0.46;269.16;7.87;999;30;3042.00;81
7842;29;624259086;7842;340;8839;8919;7.38;0.45;269.23;7.88;997;30;3043.00;80
7846;29;624259106;7846;340;8840;8919;7.35;0.45;269.32;7.88;994;30;3044.00;79
7852;29;624259119;7852;347;8843;8923;7.31;0.45;269.35;7.89;991;30;3045.00;80
7855;29;624259132;7855;344;8846;8924;7.34;0.45;269.43;7.90;991;30;3046.00;78
7857;29;624259145;7857;352;8848;8924;7.33;0.45;269.43;7.90;991;30;3047.00;76
7859;29;624259157;7859;349;8852;8928;7.35;0.45;269.51;7.90;993;30;3048.00;76
7862;29;624259168;7862;357;8855;8928;7.26;0.44;269.47;7.91;993;30;3049.00;73
7864;29;624259180;7864;356;8857;8928;7.20;0.44;269.50;7.92;993;30;3050.00;71
7869;29;624259191;7869;357;8859;8929;7.09;0.43;269.53;7.92;990;30;3051.00;70
7874;29;624259209;7874;367;8860;8929;6.95;0.43;269.64;7.92;986;30;3052.00;69
7878;29;624259230;7878;372;8865;8935;6.91;0.42;269.72;7.92;987;30;3053.00;70
7883;29;624259242;7883;373;8867;8935;6.74;0.41;269.78;7.93;984;30;3054.00;68
7885;29;624259255;7885;378;8869;8936;6.66;0.41;269.80;7.93;984;30;3055.00;67
7892;29;624259266;7892;370;8870;8936;6.48;0.40;269.82;7.93;978;30;3056.00;66
7894;29;624259277;7894;390;8871;8936;6.37;0.39;269.84;7.94;977;30;3057.00;65
7898;29;624259288;7898;393;8871;8936;6.17;0.38;269.93;7.94;973;30;3058.00;65
7900;29;624259298;7900;403;8873;8936;6.07;0.37;269.98;7.94;973;30;3059.00;63
7904;29;624259310;7904;404;8897;8972;6.14;0.38;270.10;7.92;993;30;3060.00;75
7909;29;624259323;7909;395;8899;8972;6.04;0.37;270.15;7.92;990;30;3061.00;73
7911;29;624259333;7911;399;8904;8972;6.05;0.37;270.21;7.92;993;30;3062.00;68
7916;29;624259344;7916;400;8904;8972;6.00;0.37;270.17;7.92;988;30;3063.00;68
7918;29;624259355;7918;404;8906;8972;5.91;0.36;270.23;7.92;988;30;3064.00;66
7922;29;624259365;7922;400;8906;8972;5.82;0.36;270.31;7.92;984;30;3065.00;66
7927;29;624259377;7927;408;8910;8976;5.73;0.35;270.44;7.91;983;30;3066.00;66
7927;29;624259388;7927;402;8910;8976;5.74;0.35;270.44;7.91;983;30;3067.00;66
7928;29;624259400;7928;394;8914;8980;5.77;0.36;270.51;7.91;986;30;3068.00;66
7931;29;624259411;7931;395;8915;8981;5.76;0.36;270.69;7.91;984;30;3069.00;66
7934;29;624259422;7934;405;8915;8981;5.73;0.36;270.72;7.91;981;30;3070.00;66
7937;29;624259432;7937;405;8915;8981;5.71;0.35;270.78;7.91;978;30;3071.00;66
7938;29;624259443;7938;409;8926;8994;5.83;0.36;270.80;7.90;988;30;3072.00;68
7942;29;624259453;7942;412;8926;8994;5.74;0.36;270.76;7.90;984;30;3073.00;68
7949;29;624259464;7949;415;8926;8994;5.67;0.35;270.72;7.90;977;30;3074.00;68
7953;29;624259475;7953;421;8927;8995;5.67;0.35;270.71;7.90;974;30;3075.00;68
7955;29;624259485;7955;419;8927;8996;5.70;0.35;270.68;7.90;972;30;3076.00;69
7960;29;624259498;7960;420;8927;8996;5.64;0.35;270.64;7.90;967;30;3077.00;69
7965;29;624259509;7965;422;8929;8999;5.60;0.34;270.61;7.90;964;30;3078.00;70
7972;29;624259520;7972;425;8929;8999;5.52;0.34;270.47;7.90;957;30;3079.00;70
7975;29;624259529;7975;426;8930;8999;5.48;0.34;270.49;7.90;955;30;3080.00;69
7977;29;624259539;7977;436;8930;8999;5.42;0.33;270.48;7.90;953;30;3081.00;69
7981;29;624259549;7981;434;8935;9005;5.39;0.33;270.46;7.89;954;30;3082.00;70
7985;29;624259559;7985;429;8935;9005;5.34;0.33;270.47;7.89;950;30;3083.00;70
7987;29;624259570;7987;430;8935;9005;5.28;0.32;270.53;7.89;948;30;3084.00;70
7991;29;624259579;7991;441;8935;9005;5.17;0.32;270.59;7.89;944;30;3085.00;70
7995;29;624259589;7995;436;8938;9009;5.10;0.31;270.67;7.89;943;30;3086.00;71
7996;29;624259599;7996;444;8939;9010;5.05;0.31;270.66;7.89;943;30;3087.00;71
8001;29;624259609;8001;450;8939;9010;4.90;0.30;270.68;7.89;938;30;3088.00;71
8003;29;624259619;8003;446;8940;9011;4.82;0.30;270.69;7.89;937;30;3089.00;71
8008;29;624259630;8008;450;8940;9011;4.75;0.29;270.59;7.89;932;30;3090.00;71
8012;29;624259640;8012;452;8940;9011;4.66;0.28;270.59;7.89;928;30;3091.00;71
8014;29;624259650;8014;448;8941;9011;4.60;0.28;270.58;7.99;927;30;3092.00;70
8018;29;624259660;8018;456;8941;9011;4.53;0.28;270.55;7.99;923;30;3093.00;70
8021;29;624259669;8021;452;8941;9011;4.46;0.27;270.51;7.99;920;30;3094.00;70
8024;29;624259678;8024;463;8941;9011;4.40;0.27;270.49;7.99;917;30;3095.00;70
8026;29;624259688;8026;477;8981;9081;4.65;0.29;270.49;7.96;955;30;3096.00;100
8026;29;624259702;8026;473;8982;9082;4.68;0.29;270.49;7.96;956;30;3097.00;100
8028;29;624259712;8028;470;8989;9082;4.79;0.29;270.47;7.95;961;30;3098.00;93
8031;29;624259722;8031;467;8992;9082;4.83;0.30;270.47;7.95;961;30;3099.00;90
8033;29;624259734;8033;467;8994;9082;4.87;0.30;270.51;7.95;961;30;3100.00;88
8038;29;624259749;8038;472;8996;9082;4.83;0.30;270.51;7.95;958;30;3101.00;86
8039;29;624259761;8039;469;8998;9082;4.81;0.29;270.49;7.95;959;30;3102.00;84
8040;29;624259771;8040;463;9000;9082;4.80;0.29;270.49;7.95;960;30;3103.00;82
8042;29;624259781;8042;461;9002;9083;4.80;0.29;270.52;7.95;960;30;3104.00;81
8044;29;624259792;8044;466;9005;9085;4.79;0.29;270.51;7.95;961;30;3105.00;80
8046;29;624259802;8046;471;9007;9085;4.77;0.29;270.55;7.95;961;30;3106.00;78
8048;29;624259814;8048;447;9012;9089;4.82;0.29;270.53;7.95;964;30;3107.00;77
8050;29;624259825;8050;438;9014;9089;4.84;0.30;270.60;8.05;964;30;3108.00;75
8050;29;624259834;8050;433;9014;9089;5.00;0.31;270.60;8.05;964;30;3109.00;75
8051;29;624259845;8051;425;9014;9089;5.11;0.31;270.61;8.05;963;30;3110.00;75
8051;29;624259855;8051;412;9019;9095;5.22;0.32;270.61;8.05;968;30;3111.00;76
8053;29;624259867;8053;407;9019;9095;5.29;0.32;270.70;8.05;966;30;3112.00;76
8054;30;624259878;8054;397;9019;9095;5.38;0.33;270.70;8.05;965;31;3113.00;76
8055;30;624259909;8055;399;9022;9098;5.49;0.33;270.68;8.15;967;31;3114.00;76
8057;30;624259920;8057;400;9022;9098;5.51;0.34;270.72;8.15;965;31;3115.00;76
8059;30;624259949;8059;385;9023;9098;5.59;0.34;270.72;8.15;964;31;3116.00;75
8061;30;624259962;8061;374;9023;9099;5.69;0.35;270.72;8.15;962;31;3117.00;76
8062;30;624259978;8062;369;9024;9100;5.82;0.35;270.74;8.15;962;31;3118.00;76
8063;30;624259992;8063;362;9024;9100;5.97;0.36;270.72;8.15;961;31;3119.00;76
8066;30;624260006;8066;358;9042;9126;6.23;0.38;270.67;8.13;976;31;3120.00;84
8067;30;624260020;8067;346;9043;9126;6.41;0.39;270.67;8.13;976;31;3121.00;83
8067;30;624260031;8067;328;9046;9126;6.62;0.40;270.67;8.13;979;31;3122.00;80
8068;30;624260048;8068;321;9047;9127;6.83;0.42;270.64;8.13;979;31;3123.00;80
8070;30;624260060;8070;314;9047;9127;6.98;0.42;270.59;8.13;977;31;3124.00;80
8070;30;624260072;8070;307;9051;9131;7.16;0.44;270.59;8.12;981;31;3125.00;80
8071;30;624260084;8071;302;9051;9131;7.26;0.44;270.57;8.12;980;31;3126.00;80
8073;30;624260096;8073;297;9054;9135;7.31;0.44;270.57;8.12;981;31;3127.00;81
8074;30;624260109;8074;285;9054;9135;7.34;0.45;270.64;8.12;980;31;3128.00;81
8077;30;624260120;8077;281;9054;9135;7.43;0.45;270.66;8.12;977;31;3129.00;81
8078;30;624260132;8078;274;9054;9135;7.51;0.46;270.64;8.12;976;31;3130.00;81
8080;30;624260144;8080;264;9054;9135;7.59;0.46;270.63;8.12;974;31;3131.00;81
8084;30;624260157;8084;263;9064;9147;7.71;0.47;270.65;8.11;980;31;3132.00;83
8086;30;624260170;8086;250;9064;9147;7.79;0.47;270.60;8.11;978;31;3133.00;83
8089;30;624260182;8089;243;9065;9147;7.89;0.48;270.65;8.11;976;31;3134.00;82
8092;30;624260194;8092;236;9065;9147;7.92;0.48;270.71;8.11;973;31;3135.00;82
8097;30;624260205;8097;230;9065;9147;7.99;0.48;270.80;8.11;968;31;3136.00;82
8100;30;624260218;8100;226;9065;9147;8.07;0.49;270.85;8.11;965;31;3137.00;82
8101;30;624260230;8101;228;9065;9148;8.13;0.49;270.86;8.11;964;31;3138.00;83
8104;30;624260242;8104;221;9065;9148;8.19;0.50;270.88;8.11;961;31;3139.00;83
8105;30;624260254;8105;223;9070;9154;8.28;0.50;270.89;8.11;965;31;3140.00;84
8107;30;624260272;8107;222;9071;9155;8.38;0.51;270.99;8.11;964;31;3141.00;84
8108;30;624260284;8108;220;9071;9155;8.49;0.52;270.99;8.11;963;31;3142.00;84
8110;30;624260297;8110;219;9071;9155;8.55;0.52;270.97;8.11;961;31;3143.00;84
8111;30;624260315;8111;215;9075;9159;8.62;0.52;271.02;8.21;964;31;3144.00;84
8112;30;624260328;8112;214;9075;9159;8.61;0.52;271.02;8.21;963;31;3145.00;84
8114;30;624260341;8114;212;9075;9159;8.70;0.53;271.03;8.21;961;31;3146.00;84
8115;30;624260353;8115;214;9076;9160;8.79;0.53;271.05;8.21;961;31;3147.00;84
8119;30;624260366;8119;212;9079;9164;8.89;0.54;271.10;8.21;960;31;3148.00;85
8121;30;624260383;8121;212;9079;9164;8.96;0.54;271.11;8.21;958;31;3149.00;85
8122;30;624260405;8122;210;9083;9170;9.02;0.55;271.12;8.21;961;31;3150.00;87
8124;30;624260428;8124;209;9083;9170;9.08;0.55;271.14;8.21;959;31;3151.00;87
8126;30;624260456;8126;210;9085;9170;9.14;0.55;271.15;8.20;959;31;3152.00;85
8130;30;624260475;8130;211;9085;9170;9.13;0.55;271.17;8.20;955;31;3153.00;85
8131;30;624260491;8131;207;9089;9174;9.16;0.55;271.18;8.20;958;31;3154.00;85
8135;30;624260509;8135;210;9089;9174;9.11;0.55;271.19;8.20;954;31;3155.00;85
8135;30;624260533;8135;214;9089;9174;9.13;0.55;271.19;8.20;954;31;3156.00;85
8139;30;624260547;8139;206;9089;9174;9.05;0.55;271.25;8.20;950;31;3157.00;85
8142;30;624260561;8142;206;9089;9175;9.03;0.55;271.31;8.20;947;31;3158.00;86
8145;30;624260575;8145;209;9090;9176;8.98;0.54;271.35;8.20;945;31;3159.00;86
8148;30;624260589;8148;204;9090;9176;8.93;0.54;271.36;8.20;942;31;3160.00;86
8151;30;624260603;8151;203;9091;9177;8.94;0.54;271.33;8.20;940;31;3161.00;86
8155;30;624260618;8155;196;9091;9177;8.86;0.54;271.30;8.20;936;31;3162.00;86
8159;30;624260630;8159;195;9091;9177;8.79;0.53;271.38;8.20;932;31;3163.00;86
8160;30;624260643;8160;188;9092;9177;8.76;0.53;271.36;8.21;932;31;3164.00;85
8165;30;624260657;8165;188;9093;9177;8.77;0.53;271.37;8.22;928;31;3165.00;84
8169;30;624260670;8169;187;9093;9177;8.75;0.53;271.37;8.22;924;31;3166.00;84
8170;30;624260683;8170;189;9093;9177;8.77;0.53;271.39;8.22;923;31;3167.00;84
8176;30;624260695;8176;209;9159;9304;8.71;0.54;271.42;8.16;983;31;3168.00;145
8179;30;624260718;8179;206;9162;9305;8.64;0.53;271.43;8.16;983;31;3169.00;143
8184;30;624260731;8184;199;9168;9305;8.69;0.53;271.40;8.16;984;31;3170.00;137
8189;30;624260744;8189;200;9171;9305;8.69;0.53;271.42;8.16;982;31;3171.00;134
8193;30;624260760;8193;194;9175;9305;8.66;0.53;271.46;8.15;982;31;3172.00;130
8196;30;624260774;8196;204;9177;9305;8.65;0.53;271.46;8.15;981;31;3173.00;128
8200;30;624260786;8200;202;9180;9305;8.59;0.53;271.50;8.15;980;31;3174.00;125
8203;30;624260806;8203;208;9182;9305;8.51;0.52;271.51;8.15;979;31;3175.00;123
8206;30;624260825;8206;205;9185;9306;8.54;0.52;271.47;8.16;979;31;3176.00;121
8209;30;624260838;8209;206;9191;9307;8.55;0.52;271.46;8.16;982;31;3177.00;116
8209;30;624260852;8209;221;9194;9307;8.61;0.53;271.46;8.16;985;31;3178.00;113
8212;30;624260865;8212;221;9197;9308;8.60;0.53;271.42;8.17;985;31;3179.00;111
8212;30;624260888;8212;222;9198;9308;8.58;0.53;271.42;8.17;986;31;3180.00;110
8216;30;624260900;8216;220;9201;9308;8.54;0.52;271.50;8.17;985;31;3181.00;107
8220;30;624260914;8220;218;9203;9308;8.43;0.52;271.59;8.17;983;31;3182.00;105
8224;30;624260927;8224;229;9210;9312;8.33;0.51;271.70;8.17;986;31;3183.00;102
8227;30;624260941;8227;231;9213;9312;8.32;0.51;271.72;8.17;986;31;3184.00;99
8231;30;624260954;8231;233;9215;9312;8.28;0.51;271.77;8.17;984;31;3185.00;97
8234;30;624260968;8234;239;9217;9315;8.25;0.50;271.75;8.18;983;31;3186.00;98
8238;30;624260982;8238;242;9218;9315;8.19;0.50;271.78;8.18;980;31;3187.00;97
8243;30;624260994;8243;254;9219;9315;8.15;0.50;271.81;8.18;976;31;3188.00;96
8247;30;624261007;8247;256;9222;9319;8.07;0.49;271.93;8.18;975;31;3189.00;97
8249;30;624261020;8249;259;9226;9320;8.02;0.49;271.97;8.20;977;31;3190.00;94
8253;30;624261033;8253;262;9230;9322;7.98;0.49;271.98;8.20;977;31;3191.00;92
8256;30;624261046;8256;267;9235;9326;7.94;0.48;272.00;8.22;979;31;3192.00;91
8257;30;624261059;8257;268;9235;9326;7.87;0.48;271.97;8.22;978;31;3193.00;91
8259;30;624261071;8259;276;9235;9326;7.82;0.48;271.99;8.22;976;31;3194.00;91
8260;30;624261083;8260;282;9239;9328;7.75;0.47;272.00;8.24;979;31;3195.00;89
8262;30;624261096;8262;289;9239;9328;7.71;0.47;272.01;8.24;977;31;3196.00;89
8262;30;624261109;8262;295;9246;9334;7.63;0.46;272.01;8.25;984;31;3197.00;88
8265;30;624261122;8265;293;9246;9334;7.50;0.46;272.02;8.25;981;31;3198.00;88
8267;30;624261134;8267;299;9247;9335;7.31;0.45;272.04;8.26;980;31;3199.00;88
8269;30;624261148;8269;309;9248;9335;7.21;0.44;272.11;8.26;979;31;3200.00;87
8271;30;624261164;8271;313;9249;9335;7.17;0.44;272.11;8.27;978;31;3201.00;86
8271;30;624261176;8271;314;9250;9335;7.13;0.43;272.11;8.27;979;31;3202.00;85
8273;30;624261188;8273;320;9251;9335;7.09;0.43;272.15;8.28;978;31;3203.00;84
8275;30;624261199;8275;333;9261;9347;7.11;0.43;272.12;8.27;986;31;3204.00;86
8276;30;624261211;8276;333;9262;9347;7.03;0.43;272.16;8.29;986;31;3205.00;85
8279;30;624261223;8279;344;9263;9347;6.93;0.42;272.22;8.29;984;31;3206.00;84
8282;30;624261234;8282;343;9263;9347;6.84;0.42;272.23;8.29;981;31;3207.00;84
8285;30;624261245;8285;354;9266;9347;6.69;0.41;272.34;8.32;981;31;3208.00;81
8288;30;624261257;8288;352;9266;9347;6.61;0.40;272.41;8.32;978;31;3209.00;81
8290;30;624261270;8290;352;9270;9351;6.57;0.40;272.44;8.32;980;31;3210.00;81
8292;30;624261282;8292;360;9270;9351;6.57;0.40;272.50;8.32;978;31;3211.00;81
8295;30;624261293;8295;363;9277;9355;6.57;0.40;272.50;8.34;982;31;3212.00;78
8298;30;624261309;8298;366;9278;9356;6.54;0.40;272.55;8.34;980;31;3213.00;78
8302;30;624261328;8302;363;9278;9356;6.48;0.40;272.64;8.34;976;31;3214.00;78
8307;30;624261343;8307;371;9278;9356;6.41;0.39;272.66;8.34;971;31;3215.00;78
8309;30;624261354;8309;381;9290;9369;6.32;0.39;272.68;8.34;981;31;3216.00;79
8311;30;624261366;8311;381;9293;9369;6.23;0.38;272.69;8.36;982;31;3217.00;76
8314;30;624261377;8314;389;9294;9369;6.19;0.38;272.70;8.36;980;31;3218.00;75
8317;30;624261387;8317;397;9295;9370;6.21;0.38;272.79;8.36;978;31;3219.00;75
8318;30;624261399;8318;390;9298;9371;6.20;0.38;272.79;8.38;980;31;3220.00;73
8323;30;624261409;8323;397;9298;9371;6.10;0.37;272.87;8.38;975;31;3221.00;73
8327;30;624261421;8327;398;9302;9374;6.06;0.37;272.89;8.38;975;31;3222.00;72
8328;30;624261431;8328;401;9302;9374;6.08;0.37;272.99;8.38;974;31;3223.00;72
8333;30;624261440;8333;395;9302;9374;6.05;0.37;273.00;8.38;969;31;3224.00;72
8336;30;624261450;8336;399;9305;9374;5.99;0.37;272.96;8.39;969;31;3225.00;69
8341;30;624261459;8341;400;9310;9380;5.96;0.37;272.98;8.39;969;31;3226.00;70
8343;30;624261470;8343;405;9312;9380;5.84;0.36;273.00;8.39;969;31;3227.00;68
8349;30;624261480;8349;413;9312;9380;5.58;0.34;273.00;8.39;963;31;3228.00;68
8355;30;624261489;8355;411;9313;9380;5.36;0.33;273.08;8.39;958;31;3229.00;67
8358;30;624261499;8358;407;9316;9384;5.23;0.32;273.09;8.39;958;31;3230.00;68
8361;30;624261508;8361;405;9318;9385;5.11;0.31;273.08;8.39;957;31;3231.00;67
8365;30;624261518;8365;412;9319;9385;4.99;0.31;273.07;8.39;954;31;3232.00;66
8368;30;624261527;8368;421;9320;9386;4.90;0.30;273.09;8.39;952;31;3233.00;66
8374;30;624261536;8374;415;9322;9386;4.77;0.29;273.06;8.39;948;31;3234.00;64
8378;30;624261545;8378;413;9322;9386;4.70;0.29;273.12;8.39;944;31;3235.00;64
8382;30;624261554;8382;417;9322;9386;4.67;0.29;273.13;8.39;940;31;3236.00;64
8385;30;624261563;8385;416;9324;9386;4.63;0.29;273.15;8.40;939;31;3237.00;62
8390;30;624261571;8390;417;9324;9386;4.62;0.28;273.13;8.40;934;31;3238.00;62
8394;30;624261580;8394;409;9324;9386;4.61;0.28;273.16;8.40;930;31;3239.00;62
8398;30;624261590;8398;401;9378;9511;5.01;0.31;273.13;8.35;980;31;3240.00;133
8401;30;624261608;8401;397;9382;9512;5.09;0.32;273.16;8.34;981;31;3241.00;130
8403;30;624261618;8403;399;9392;9512;5.24;0.33;273.15;8.34;989;31;3242.00;120
8409;30;624261627;8409;395;9396;9512;5.28;0.33;273.09;8.33;987;31;3243.00;116
8413;30;624261637;8413;397;9402;9512;5.37;0.33;273.10;8.33;989;31;3244.00;110
8415;30;624261647;8415;409;9407;9512;5.43;0.34;273.11;8.33;992;31;3245.00;105
8421;30;624261657;8421;408;9412;9512;5.45;0.34;273.19;8.33;991;31;3246.00;100
8424;30;624261667;8424;408;9415;9512;5.47;0.34;273.20;8.33;991;31;3247.00;97
8428;30;624261677;8428;403;9420;9513;5.44;0.34;273.20;8.33;992;31;3248.00;93
8430;30;624261687;8430;408;9423;9514;5.46;0.34;273.20;8.33;993;31;3249.00;91
8435;30;624261697;8435;408;9427;9514;5.42;0.33;273.17;8.33;992;31;3250.00;87
8436;30;624261707;8436;413;9431;9518;5.45;0.34;273.16;8.33;995;31;3251.00;87
8441;30;624261717;8441;421;9433;9518;5.42;0.33;273.13;8.33;992;31;3252.00;85
8443;30;624261727;8443;427;9434;9518;5.40;0.33;273.16;8.33;991;31;3253.00;84
8445;30;624261737;8445;427;9434;9518;5.40;0.33;273.14;8.33;989;31;3254.00;84
8447;30;624261747;8447;428;9439;9524;5.38;0.33;273.13;8.32;992;31;3255.00;85
8452;30;624261758;8452;431;9439;9524;5.28;0.32;273.12;8.32;987;31;3256.00;85
8455;30;624261769;8455;429;9439;9524;5.23;0.32;273.10;8.32;984;31;3257.00;85
8458;30;624261779;8458;432;9441;9527;5.22;0.32;273.14;8.32;983;31;3258.00;86
8460;30;624261790;8460;428;9441;9527;5.17;0.32;273.15;8.32;981;31;3259.00;86
8460;30;624261800;8460;415;9441;9527;5.18;0.32;273.15;8.32;981;31;3260.00;86
8463;30;624261810;8463;417;9442;9528;5.14;0.31;273.16;8.32;979;31;3261.00;86
8467;30;624261820;8467;420;9443;9529;5.10;0.31;273.15;8.32;976;31;3262.00;86
8469;30;624261831;8469;420;9443;9529;5.11;0.31;273.12;8.32;974;31;3263.00;86
8474;30;624261842;8474;424;9454;9542;5.17;0.31;273.04;8.31;980;31;3264.00;88
8474;30;624261853;8474;423;9454;9542;5.19;0.32;273.04;8.31;980;31;3265.00;88
8477;30;624261870;8477;421;9454;9542;5.16;0.31;273.03;8.31;977;31;3266.00;88
8481;30;624261881;8481;419;9455;9543;5.11;0.31;273.03;8.31;974;31;3267.00;88
8483;30;624261892;8483;412;9455;9543;5.09;0.31;273.04;8.31;972;31;3268.00;88
8483;30;624261903;8483;410;9459;9547;5.11;0.31;273.04;8.31;976;31;3269.00;88
8487;30;624261915;8487;404;9459;9547;5.08;0.31;273.06;8.31;972;31;3270.00;88
8488;30;624261926;8488;403;9462;9551;5.16;0.31;273.07;8.30;974;31;3271.00;89
8490;30;624261937;8490;401;9462;9551;5.22;0.32;273.02;8.30;972;31;3272.00;89
8492;30;624261954;8492;403;9462;9551;5.25;0.32;272.99;8.30;970;31;3273.00;89
8494;30;624261964;8494;402;9462;9551;5.33;0.32;273.02;8.30;968;31;3274.00;89
8496;30;624261975;8496;393;9462;9551;5.43;0.33;273.04;8.30;966;31;3275.00;89
8496;30;624261986;8496;396;9472;9563;5.60;0.34;273.04;8.30;976;31;3276.00;91
8498;30;624261998;8498;381;9473;9563;5.71;0.35;273.01;8.29;975;31;3277.00;90
8500;30;624262010;8500;374;9473;9563;5.77;0.35;272.99;8.29;973;31;3278.00;90
8501;30;624262021;8501;364;9473;9563;5.90;0.36;272.97;8.29;972;31;3279.00;90
8501;30;624262033;8501;355;9473;9563;6.02;0.37;272.97;8.29;972;31;3280.00;90
8503;30;624262044;8503;345;9473;9563;6.10;0.37;273.02;8.29;970;31;3281.00;90
8504;30;624262055;8504;345;9473;9564;6.20;0.38;273.07;8.29;969;31;3282.00;91
8505;30;624262067;8505;341;9473;9564;6.28;0.38;273.04;8.29;968;31;3283.00;91
8507;30;624262079;8507;341;9478;9570;6.38;0.39;273.05;8.29;971;31;3284.00;92
8508;30;624262090;8508;340;9480;9572;6.46;0.39;273.08;8.29;972;31;3285.00;92
8510;30;624262102;8510;330;9480;9572;6.58;0.40;273.11;8.29;970;31;3286.00;92
8512;30;624262120;8512;321;9480;9572;6.63;0.40;273.14;8.29;968;31;3287.00;92
8515;30;624262138;8515;310;9483;9576;6.77;0.41;273.19;8.29;968;31;3288.00;93
8515;30;624262150;8515;300;9483;9576;6.91;0.42;273.19;8.29;968;31;3289.00;93
8516;30;624262162;8516;290;9483;9576;7.05;0.43;273.24;8.29;967;31;3290.00;93
8517;30;624262174;8517;286;9484;9577;7.19;0.44;273.29;8.29;967;31;3291.00;93
8518;30;624262186;8518;283;9487;9581;7.30;0.44;273.29;8.28;969;31;3292.00;94
8519;30;624262204;8519;286;9487;9581;7.44;0.45;273.33;8.28;968;31;3293.00;94
8521;30;624262216;8521;276;9489;9584;7.52;0.46;273.43;8.28;968;31;3294.00;95
8525;30;624262229;8525;273;9489;9584;7.60;0.46;273.48;8.28;964;31;3295.00;95
8527;30;624262241;8527;270;9490;9584;7.66;0.46;273.52;8.28;963;31;3296.00;94
8529;30;624262254;8529;266;9490;9584;7.67;0.46;273.63;8.28;961;31;3297.00;94
8530;30;624262266;8530;256;9494;9588;7.80;0.47;273.63;8.28;964;31;3298.00;94
8533;30;624262279;8533;249;9494;9588;7.90;0.48;273.68;8.28;961;31;3299.00;94
8535;30;624262295;8535;248;9499;9607;7.99;0.49;273.80;8.27;964;31;3300.00;108
8538;30;624262313;8538;246;9499;9607;8.09;0.49;273.80;8.27;961;31;3301.00;108
8541;30;624262326;8541;240;9499;9608;8.18;0.50;273.88;8.27;958;31;3302.00;109
8544;30;624262339;8544;236;9500;9609;8.30;0.50;273.95;8.27;956;31;3303.00;109
8546;30;624262352;8546;236;9500;9609;8.42;0.51;273.97;8.27;954;31;3304.00;109
8550;30;624262364;8550;235;9502;9610;8.48;0.51;274.18;8.27;952;31;3305.00;108
8554;30;624262382;8554;234;9503;9610;8.53;0.52;274.32;8.27;949;31;3306.00;107
8558;30;624262407;8558;232;9503;9610;8.60;0.52;274.33;8.27;945;31;3307.00;107
8561;30;624262427;8561;227;9503;9610;8.65;0.53;274.43;8.27;942;31;3308.00;107
8562;30;624262446;8562;228;9504;9610;8.72;0.53;274.51;8.39;942;31;3309.00;106
8565;30;624262467;8565;233;9504;9610;8.75;0.53;274.54;8.39;939;31;3310.00;106
8568;30;624262486;8568;232;9505;9610;8.75;0.53;274.67;8.39;937;31;3311.00;105
8571;30;624262502;8571;246;9574;9737;8.70;0.53;274.79;8.33;1003;31;3312.00;163
8573;30;624262531;8573;235;9574;9738;8.73;0.54;274.80;8.33;1001;31;3313.00;164
8575;30;624262546;8575;231;9578;9738;8.74;0.54;274.79;8.33;1003;31;3314.00;160
8576;30;624262569;8576;229;9580;9738;8.77;0.54;274.79;8.33;1004;31;3315.00;158
8578;30;624262583;8578;224;9582;9738;8.78;0.54;274.85;8.33;1004;31;3316.00;156
8581;30;624262598;8581;226;9584;9738;8.79;0.54;274.93;8.33;1003;31;3317.00;154
8585;30;624262612;8585;224;9588;9738;8.76;0.54;274.96;8.33;1003;31;3318.00;150
8587;30;624262626;8587;225;9591;9738;8.82;0.54;275.01;8.33;1004;31;3319.00;147
8591;30;624262639;8591;229;9593;9739;8.81;0.54;275.06;8.33;1002;31;3320.00;146
8592;30;624262653;8592;234;9594;9740;8.88;0.54;275.08;8.33;1002;31;3321.00;146
8595;30;624262667;8595;235;9597;9740;8.89;0.54;275.17;8.33;1002;31;3322.00;143
8598;30;624262680;8598;238;9599;9741;8.89;0.54;275.16;8.33;1001;31;3323.00;142
8603;30;624262694;8603;245;9602;9741;8.92;0.55;275.28;8.33;999;31;3324.00;139
8606;30;624262707;8606;245;9605;9741;8.88;0.54;275.32;8.33;999;31;3325.00;136
8609;30;624262722;8609;243;9607;9741;8.89;0.54;275.33;8.34;998;31;3326.00;134
8610;30;624262735;8610;246;9609;9745;8.89;0.54;275.32;8.34;999;31;3327.00;136
8614;30;624262749;8614;253;9612;9745;8.86;0.54;275.38;8.34;998;31;3328.00;133
8617;30;624262763;8617;255;9614;9745;8.82;0.54;275.47;8.34;997;31;3329.00;131
8618;30;624262778;8618;252;9618;9751;8.74;0.53;275.53;8.34;1000;31;3330.00;133
8620;30;624262800;8620;253;9619;9751;8.67;0.53;275.52;8.34;999;31;3331.00;132
8626;30;624262814;8626;254;9620;9751;8.65;0.53;275.64;8.34;994;31;3332.00;131
8627;30;624262828;8627;253;9626;9755;8.61;0.53;275.63;8.35;999;31;3333.00;129
8631;30;624262842;8631;258;9629;9756;8.59;0.52;275.61;8.35;998;31;3334.00;127
8633;30;624262856;8633;261;9633;9756;8.51;0.52;275.61;8.37;1000;31;3335.00;123
8638;30;624262870;8638;255;9639;9760;8.44;0.51;275.62;8.37;1001;31;3336.00;121
8640;30;624262884;8640;251;9639;9760;8.41;0.51;275.69;8.37;999;31;3337.00;121
8645;30;624262897;8645;237;9642;9760;8.46;0.52;275.68;8.37;997;31;3338.00;118
8648;30;624262911;8648;237;9642;9761;8.51;0.52;275.72;8.37;994;31;3339.00;119
8655;30;624262926;8655;236;9646;9761;8.50;0.52;275.72;8.38;991;31;3340.00;115
8657;30;624262939;8657;233;9650;9767;8.52;0.52;275.75;8.38;993;31;3341.00;117
8662;30;624262953;8662;240;9651;9767;8.46;0.51;275.77;8.37;989;31;3342.00;116
8669;30;624262968;8669;228;9652;9768;8.44;0.51;275.71;8.38;983;31;3343.00;116
8670;30;624262984;8670;233;9652;9768;8.42;0.51;275.71;8.38;982;31;3344.00;116
8673;30;624262998;8673;233;9653;9768;8.36;0.51;275.73;8.38;980;31;3345.00;115
8675;30;624263011;8675;234;9653;9768;8.33;0.51;275.73;8.38;978;31;3346.00;115
8676;30;624263026;8676;234;9654;9768;8.29;0.50;275.72;8.38;978;31;3347.00;114
8679;30;624263040;8679;237;9663;9780;8.28;0.51;275.77;8.37;984;31;3348.00;117
8684;30;624263055;8684;240;9664;9780;8.25;0.50;275.78;8.37;980;31;3349.00;116
8687;30;624263070;8687;251;9667;9780;8.20;0.50;275.84;8.38;980;31;3350.00;113
8692;30;624263083;8692;252;9667;9780;8.08;0.49;275.90;8.38;975;31;3351.00;113
8693;30;624263098;8693;258;9667;9780;7.98;0.49;275.88;8.38;974;31;3352.00;113
8696;30;624263112;8696;268;9669;9780;7.90;0.48;275.97;8.38;973;31;3353.00;111
8700;30;624263126;8700;267;9672;9784;7.79;0.47;275.96;8.38;972;31;3354.00;112
8704;30;624263143;8704;272;9672;9784;7.72;0.47;276.07;8.38;968;31;3355.00;112
8705;30;624263157;8705;277;9677;9788;7.71;0.47;276.04;8.38;972;31;3356.00;111
8710;30;624263170;8710;284;9678;9789;7.63;0.46;276.08;8.38;968;31;3357.00;111
8712;30;624263183;8712;290;9678;9789;7.55;0.46;276.03;8.38;966;31;3358.00;111
8715;30;624263195;8715;299;9678;9789;7.44;0.45;276.03;8.38;963;31;3359.00;111
8715;30;624263210;8715;307;9702;9818;7.34;0.45;276.03;8.38;987;31;3360.00;116
8717;30;624263225;8717;299;9702;9818;7.29;0.44;276.03;8.38;985;31;3361.00;116
8719;30;624263237;8719;302;9705;9818;7.30;0.44;276.05;8.39;986;31;3362.00;113
8720;30;624263249;8720;311;9708;9819;7.33;0.45;276.04;8.40;988;31;3363.00;111
8722;30;624263262;8722;316;9708;9820;7.33;0.45;276.06;8.40;986;31;3364.00;112
8724;30;624263274;8724;321;9709;9820;7.30;0.45;276.06;8.41;985;31;3365.00;111
8725;30;624263286;8725;330;9712;9823;7.27;0.44;276.10;8.42;987;31;3366.00;111
8729;30;624263298;8729;337;9712;9823;7.15;0.44;276.13;8.42;983;31;3367.00;111
8731;30;624263310;8731;343;9714;9823;7.09;0.43;276.16;8.43;983;31;3368.00;109
8732;30;624263321;8732;350;9715;9823;7.03;0.43;276.14;8.44;983;31;3369.00;108
8734;30;624263332;8734;358;9722;9829;6.99;0.43;276.18;8.46;988;31;3370.00;107
8735;30;624263345;8735;361;9722;9829;6.88;0.42;276.18;8.46;987;31;3371.00;107
8739;30;624263356;8739;366;9724;9829;6.77;0.42;276.20;8.48;985;31;3372.00;105
8739;30;624263368;8739;377;9724;9829;6.68;0.41;276.20;8.48;985;31;3373.00;105
8742;30;624263380;8742;385;9727;9833;6.59;0.41;276.26;8.48;985;31;3374.00;106
8742;30;624263394;8742;392;9730;9835;6.58;0.41;276.26;8.49;988;31;3375.00;105
8746;30;624263405;8746;396;9733;9835;6.49;0.40;276.24;8.51;987;31;3376.00;102
8749;30;624263416;8749;401;9735;9836;6.37;0.39;276.26;8.52;986;31;3377.00;101
8755;30;624263427;8755;407;9735;9836;6.24;0.39;276.31;8.52;980;31;3378.00;101
8757;30;624263438;8757;408;9737;9836;6.15;0.38;276.27;8.53;980;31;3379.00;99
8758;30;624263448;8758;413;9737;9836;6.07;0.38;276.24;8.53;979;31;3380.00;99
8758;30;624263458;8758;406;9739;9836;6.00;0.37;276.24;8.55;981;31;3381.00;97
8764;30;624263469;8764;405;9739;9836;5.91;0.37;276.13;8.55;975;31;3382.00;97
8767;30;624263480;8767;409;9739;9836;5.85;0.36;276.11;8.55;972;31;3383.00;97
8770;30;624263490;8770;409;9774;9906;6.00;0.37;276.06;8.52;1004;31;3384.00;132
8772;30;624263508;8772;407;9782;9907;5.93;0.37;276.02;8.55;1010;31;3385.00;125
8772;30;624263518;8772;403;9789;9907;5.90;0.36;276.02;8.54;1017;31;3386.00;118
8774;30;624263529;8774;406;9793;9907;5.85;0.36;275.98;8.55;1019;31;3387.00;114
8776;30;624263539;8776;416;9800;9907;5.80;0.36;275.95;8.55;1024;31;3388.00;107
8778;30;624263549;8778;419;9802;9907;5.73;0.35;275.91;8.56;1024;31;3389.00;105
8783;30;624263561;8783;430;9805;9907;5.65;0.35;275.86;8.56;1022;31;3390.00;102
8785;30;624263571;8785;439;9809;9907;5.60;0.34;275.82;8.56;1024;31;3391.00;98
8787;30;624263580;8787;438;9812;9908;5.53;0.34;275.80;8.56;1025;31;3392.00;96
8790;30;624263590;8790;441;9815;9909;5.38;0.33;275.74;8.56;1025;31;3393.00;94
8793;30;624263600;8793;437;9816;9909;5.27;0.32;275.71;8.56;1023;31;3394.00;93
8798;30;624263611;8798;442;9821;9913;5.18;0.32;275.63;8.57;1023;31;3395.00;92
8801;30;624263621;8801;443;9821;9913;5.12;0.31;275.62;8.57;1020;31;3396.00;92
8804;30;624263630;8804;449;9822;9913;5.06;0.31;275.61;8.57;1018;31;3397.00;91
8808;30;624263639;8808;460;9822;9913;4.98;0.31;275.61;8.57;1014;31;3398.00;91
8810;30;624263648;8810;462;9828;9919;4.96;0.31;275.60;8.57;1018;31;3399.00;91
8812;30;624263659;8812;454;9829;9919;4.93;0.30;275.58;8.58;1017;31;3400.00;90
8816;30;624263672;8816;454;9829;9919;4.89;0.30;275.67;8.58;1013;31;3401.00;90
8818;30;624263681;8818;453;9830;9922;4.88;0.30;275.65;8.58;1012;31;3402.00;92
8819;30;624263691;8819;446;9832;9922;4.88;0.30;275.66;8.58;1013;31;3403.00;90
8822;30;624263700;8822;440;9832;9922;4.92;0.30;275.64;8.58;1010;31;3404.00;90
8825;30;624263710;8825;445;9833;9923;4.90;0.30;275.66;8.58;1008;31;3405.00;90
8830;30;624263719;8830;447;9835;9924;4.92;0.30;275.63;8.59;1005;31;3406.00;89
8833;30;624263729;8833;443;9835;9924;4.98;0.30;275.61;8.59;1002;31;3407.00;89
8837;30;624263739;8837;440;9845;9937;5.05;0.31;275.59;8.58;1008;31;3408.00;92
8841;30;624263749;8841;430;9845;9937;5.11;0.31;275.53;8.58;1004;31;3409.00;92
8844;30;624263759;8844;426;9846;9937;5.15;0.32;275.49;8.58;1002;31;3410.00;91
8849;30;624263769;8849;407;9847;9938;5.16;0.32;275.53;8.58;998;31;3411.00;91
8851;30;624263779;8851;399;9847;9938;5.24;0.32;275.53;8.58;996;31;3412.00;91
8852;30;624263789;8852;395;9850;9942;5.35;0.33;275.55;8.58;998;31;3413.00;92
8855;30;624263800;8855;395;9850;9942;5.38;0.33;275.55;8.58;995;31;3414.00;92
8858;30;624263811;8858;389;9853;9946;5.48;0.33;275.53;8.57;995;31;3415.00;93
8863;30;624263821;8863;379;9853;9946;5.49;0.33;275.51;8.57;990;31;3416.00;93
8867;30;624263835;8867;377;9853;9946;5.56;0.34;275.52;8.57;986;31;3417.00;93
8868;30;624263846;8868;371;9854;9946;5.66;0.34;275.53;8.57;986;31;3418.00;92
8873;30;624263860;8873;371;9854;9946;5.72;0.35;275.47;8.57;981;31;3419.00;92
8876;30;624263872;8876;370;9881;9980;5.99;0.37;275.50;8.55;1005;31;3420.00;99
8877;30;624263886;8877;367;9881;9980;6.04;0.37;275.49;8.55;1004;31;3421.00;99
8880;30;624263904;8880;367;9883;9980;6.05;0.37;275.46;8.55;1003;31;3422.00;97
8884;31;624263918;8884;354;9884;9980;6.01;0.37;275.56;8.55;1000;32;3423.00;96
8885;32;624263946;8885;357;9885;9980;6.04;0.37;275.55;8.55;1000;33;3424.00;95
8890;32;624263964;8890;358;9886;9980;6.06;0.37;275.61;8.55;996;33;3425.00;94
8893;32;624263976;8893;356;9886;9981;6.10;0.37;275.62;8.55;993;33;3426.00;95
8894;32;624263986;8894;351;9886;9981;6.14;0.37;275.65;8.55;992;33;3427.00;95
8898;32;624263998;8898;350;9891;9987;6.12;0.37;275.67;8.55;993;33;3428.00;96
8900;32;624264010;8900;345;9892;9988;6.18;0.38;275.67;8.55;992;33;3429.00;96
8904;32;624264021;8904;345;9892;9988;6.22;0.38;275.64;8.55;988;33;3430.00;96
8907;32;624264036;8907;345;9892;9988;6.26;0.38;275.66;8.55;985;33;3431.00;96
8910;32;624264048;8910;344;9896;9992;6.27;0.38;275.67;8.67;986;33;3432.00;96
8912;32;624264061;8912;340;9896;9992;6.24;0.38;275.70;8.67;984;33;3433.00;96
8914;32;624264072;8914;337;9896;9992;6.23;0.38;275.69;8.67;982;33;3434.00;96
8917;32;624264083;8917;335;9897;9993;6.27;0.38;275.68;8.67;980;33;3435.00;96
8922;32;624264094;8922;340;9900;9997;6.24;0.38;275.69;8.67;978;33;3436.00;97
8927;32;624264110;8927;334;9900;9997;6.18;0.37;275.67;8.67;973;33;3437.00;97
8928;32;624264121;8928;342;9902;10000;6.21;0.38;275.67;8.67;974;33;3438.00;98
8930;32;624264133;8930;337;9902;10000;6.21;0.38;275.69;8.67;972;33;3439.00;98
8933;32;624264143;8933;334;9903;10000;6.18;0.37;275.76;8.67;970;33;3440.00;97
8937;32;624264154;8937;338;9903;10000;6.19;0.38;275.76;8.67;966;33;3441.00;97
8940;32;624264165;8940;344;9907;10004;6.27;0.38;275.80;8.66;967;33;3442.00;97
8944;32;624264177;8944;344;9907;10004;6.29;0.38;275.81;8.66;963;33;3443.00;97
8946;32;624264188;8946;345;9907;10004;6.24;0.38;275.82;8.66;961;33;3444.00;97
8950;32;624264198;8950;343;9907;10004;6.22;0.38;275.91;8.66;957;33;3445.00;97
8951;32;624264210;8951;336;9907;10005;6.24;0.38;275.93;8.66;956;33;3446.00;98
8953;32;624264220;8953;332;9908;10006;6.30;0.38;275.94;8.66;955;33;3447.00;98
8954;32;624264231;8954;323;9909;10006;6.39;0.39;275.99;8.78;955;33;3448.00;97
8956;32;624264243;8956;316;9910;10007;6.52;0.40;276.00;8.78;954;33;3449.00;97
8959;32;624264256;8959;304;9910;10007;6.59;0.40;276.07;8.78;951;33;3450.00;97
8960;32;624264268;8960;309;9911;10007;6.68;0.41;276.13;8.90;951;33;3451.00;96
8967;32;624264279;8967;307;9911;10007;6.79;0.41;276.24;8.90;944;33;3452.00;96
8969;32;624264292;8969;303;9911;10007;6.90;0.42;276.31;8.90;942;33;3453.00;96
8971;32;624264303;8971;301;9911;10007;6.94;0.42;276.38;8.90;940;33;3454.00;96
8973;32;624264315;8973;296;9911;10007;7.01;0.42;276.43;8.90;938;33;3455.00;96
8975;32;624264334;8975;303;9984;10134;7.18;0.44;276.50;8.95;1009;33;3456.00;150
8978;32;624264356;8978;283;9986;10135;7.24;0.45;276.59;8.95;1008;33;3457.00;149
8979;32;624264379;8979;268;9993;10135;7.43;0.46;276.60;8.94;1014;33;3458.00;142
8982;32;624264399;8982;252;9994;10135;7.56;0.46;276.63;8.94;1012;33;3459.00;141
8983;32;624264421;8983;241;9999;10135;7.75;0.48;276.65;8.94;1016;33;3460.00;136
8985;32;624264443;8985;234;10001;10135;7.94;0.49;276.71;8.94;1016;33;3461.00;134
8987;32;624264474;8987;235;10004;10135;8.09;0.50;276.79;8.94;1017;33;3462.00;131
8987;32;624264499;8987;234;10007;10135;8.20;0.50;276.79;8.94;1020;33;3463.00;128
8990;32;624264521;8990;231;10010;10136;8.26;0.51;276.88;8.94;1020;33;3464.00;126
8992;32;624264536;8992;238;10016;10138;8.26;0.51;277.02;8.94;1024;33;3465.00;122
8995;32;624264551;8995;238;10018;10138;8.31;0.51;277.03;8.94;1023;33;3466.00;120
9002;32;624264568;9002;246;10021;10139;8.32;0.51;277.19;8.94;1019;33;3467.00;118
9006;32;624264586;9006;248;10021;10139;8.37;0.51;277.25;8.94;1015;33;3468.00;118
9008;32;624264604;9008;260;10022;10139;8.41;0.51;277.32;8.94;1014;33;3469.00;117
9011;32;624264620;9011;259;10023;10139;8.43;0.51;277.44;8.94;1012;33;3470.00;116
9013;32;624264635;9013;263;10030;10143;8.48;0.52;277.55;8.94;1017;33;3471.00;113
9016;32;624264652;9016;259;10033;10143;8.48;0.52;277.66;8.94;1017;33;3472.00;110
9017;32;624264674;9017;263;10033;10143;8.53;0.52;277.67;8.94;1016;33;3473.00;110
9020;32;624264689;9020;262;10036;10146;8.55;0.52;277.67;8.94;1016;33;3474.00;110
9023;32;624264704;9023;264;10036;10146;8.57;0.52;277.77;8.94;1013;33;3475.00;110
9025;32;624264719;9025;264;10036;10146;8.55;0.52;277.84;8.94;1011;33;3476.00;110
9028;32;624264733;9028;262;10039;10150;8.50;0.52;277.96;8.94;1011;33;3477.00;111
9029;32;624264748;9029;268;10043;10151;8.50;0.52;277.96;8.94;1014;33;3478.00;108
9032;32;624264763;9032;266;10044;10151;8.47;0.51;278.02;8.94;1012;33;3479.00;107
9033;32;624264779;9033;254;10048;10156;8.49;0.52;278.08;8.93;1015;33;3480.00;108
9035;32;624264793;9035;249;10048;10156;8.52;0.52;278.11;8.93;1013;33;3481.00;108
9037;32;624264808;9037;242;10048;10156;8.52;0.52;278.09;8.93;1011;33;3482.00;108
9040;32;624264822;9040;237;10049;10157;8.51;0.52;278.14;8.93;1009;33;3483.00;108
9042;32;624264837;9042;232;10049;10157;8.53;0.52;278.12;8.93;1007;33;3484.00;108
9045;32;624264857;9045;234;10054;10163;8.60;0.52;278.23;8.93;1009;33;3485.00;109
9046;32;624264872;9046;225;10054;10163;8.70;0.53;278.23;8.93;1008;33;3486.00;109
9051;32;624264886;9051;217;10054;10164;8.78;0.53;278.22;8.93;1003;33;3487.00;110
9054;32;624264900;9054;212;10054;10164;8.79;0.53;278.22;8.93;1000;33;3488.00;110
9055;32;624264916;9055;205;10054;10164;8.88;0.54;278.20;8.93;999;33;3489.00;110
9058;32;624264930;9058;201;10054;10164;8.92;0.54;278.24;8.93;996;33;3490.00;110
9062;32;624264944;9062;198;10054;10164;8.95;0.54;278.28;8.93;992;33;3491.00;110
9064;32;624264959;9064;197;10063;10176;9.01;0.55;278.27;8.92;999;33;3492.00;113
9068;32;624264975;9068;196;10063;10176;9.00;0.55;278.29;8.92;995;33;3493.00;113
9071;32;624264990;9071;197;10065;10176;9.04;0.55;278.38;8.92;994;33;3494.00;111
9073;32;624265003;9073;200;10065;10176;9.05;0.55;278.42;8.92;992;33;3495.00;111
9075;32;624265018;9075;201;10065;10176;9.02;0.55;278.48;8.92;990;33;3496.00;111
9079;32;624265032;9079;199;10065;10176;9.06;0.55;278.56;8.92;986;33;3497.00;111
9082;32;624265052;9082;203;10068;10180;9.01;0.55;278.55;8.92;986;33;3498.00;112
9085;32;624265067;9085;206;10068;10180;8.98;0.54;278.56;8.92;983;33;3499.00;112
9088;32;624265087;9088;204;10072;10184;8.97;0.54;278.58;8.91;984;33;3500.00;112
9092;32;624265107;9092;202;10072;10185;8.89;0.54;278.58;8.91;980;33;3501.00;113
9093;32;624265120;9093;204;10073;10185;8.85;0.54;278.63;8.91;980;33;3502.00;112
9097;32;624265140;9097;203;10074;10185;8.77;0.53;278.70;9.03;977;33;3503.00;111
9101;32;624265154;9101;206;10085;10198;8.65;0.52;278.70;9.02;984;33;3504.00;113
9102;32;624265169;9102;210;10086;10198;8.61;0.52;278.69;9.03;984;33;3505.00;112
9105;32;624265183;9105;200;10087;10198;8.56;0.52;278.70;9.04;982;33;3506.00;111
9109;32;624265196;9109;205;10088;10199;8.55;0.52;278.68;9.04;979;33;3507.00;111
9112;32;624265208;9112;209;10088;10200;8.50;0.52;278.68;9.04;976;33;3508.00;112
9118;32;624265222;9118;210;10088;10200;8.46;0.51;278.75;9.04;970;33;3509.00;112
9119;32;624265236;9119;207;10092;10206;8.50;0.52;278.73;9.04;973;33;3510.00;114
9123;32;624265250;9123;215;10093;10206;8.51;0.52;278.74;9.04;970;33;3511.00;113
9126;32;624265262;9126;212;10094;10206;8.51;0.52;278.81;9.04;968;33;3512.00;112
9131;32;624265275;9131;212;10094;10206;8.54;0.52;278.79;9.04;963;33;3513.00;112
9136;32;624265288;9136;214;10099;10212;8.60;0.52;278.88;9.03;963;33;3514.00;113
9139;32;624265302;9139;213;10099;10212;8.68;0.53;278.93;9.03;960;33;3515.00;113
9142;32;624265315;9142;216;10099;10212;8.65;0.53;278.94;9.03;957;33;3516.00;113
9144;32;624265328;9144;220;10099;10212;8.62;0.53;278.95;9.03;955;33;3517.00;113
9149;32;624265341;9149;223;10102;10216;8.55;0.52;279.12;9.03;953;33;3518.00;114
9153;32;624265355;9153;229;10106;10219;8.45;0.51;279.26;9.04;953;33;3519.00;113
9156;32;624265369;9156;232;10106;10219;8.38;0.51;279.35;9.04;950;33;3520.00;113
9159;32;624265382;9159;233;10107;10220;8.35;0.51;279.38;9.04;948;33;3521.00;113
9164;32;624265395;9164;238;10107;10220;8.24;0.50;279.44;9.04;943;33;3522.00;113
9165;32;624265408;9165;242;10107;10220;8.19;0.50;279.48;9.04;942;33;3523.00;113
9169;32;624265419;9169;245;10107;10220;8.09;0.49;279.54;9.04;938;33;3524.00;113
9173;32;624265438;9173;257;10107;10220;8.01;0.49;279.58;9.04;934;33;3525.00;113
9176;32;624265449;9176;263;10107;10220;7.94;0.48;279.63;9.04;931;33;3526.00;113
9179;32;624265460;9179;276;10108;10220;7.88;0.48;279.67;9.05;929;33;3527.00;112
9181;32;624265477;9181;284;10144;10290;8.02;0.49;279.73;9.01;963;33;3528.00;146
9183;32;624265494;9183;288;10146;10291;8.00;0.49;279.75;9.01;963;33;3529.00;145
9184;32;624265506;9184;291;10157;10291;7.98;0.49;279.77;9.03;973;33;3530.00;134
9188;32;624265517;9188;298;10158;10291;7.85;0.48;279.77;9.03;970;33;3531.00;133
9191;32;624265528;9191;301;10162;10291;7.78;0.47;279.78;9.04;971;33;3532.00;129
9192;32;624265540;9192;303;10166;10291;7.69;0.47;279.77;9.05;974;33;3533.00;125
9194;32;624265551;9194;313;10170;10291;7.58;0.46;279.82;9.06;976;33;3534.00;121
9196;32;624265562;9196;320;10174;10291;7.46;0.46;279.78;9.06;978;33;3535.00;117
9201;32;624265573;9201;327;10175;10292;7.32;0.45;279.76;9.06;974;33;3536.00;117
9203;32;624265585;9203;331;10179;10293;7.21;0.44;279.78;9.08;976;33;3537.00;114
9205;32;624265597;9205;334;10182;10293;7.13;0.44;279.77;9.08;977;33;3538.00;111
9209;32;624265608;9209;341;10188;10297;7.04;0.43;279.68;9.09;979;33;3539.00;109
9211;32;624265621;9211;349;10190;10297;6.96;0.43;279.68;9.11;979;33;3540.00;107
9215;32;624265632;9215;343;10191;10297;6.86;0.42;279.65;9.11;976;33;3541.00;106
9216;32;624265643;9216;346;10192;10297;6.75;0.41;279.63;9.12;976;33;3542.00;105
9218;32;624265653;9218;349;10198;10303;6.71;0.41;279.61;9.11;980;33;3543.00;105
9223;32;624265666;9223;361;10198;10303;6.55;0.40;279.61;9.11;975;33;3544.00;105
9225;32;624265677;9225;369;10199;10303;6.45;0.39;279.60;9.12;974;33;3545.00;104
9227;32;624265687;9227;375;10201;10306;6.39;0.39;279.62;9.12;974;33;3546.00;105
9228;32;624265699;9228;383;10201;10306;6.31;0.39;279.66;9.12;973;33;3547.00;105
9231;32;624265710;9231;395;10205;10306;6.16;0.38;279.62;9.16;974;33;3548.00;101
9232;32;624265722;9232;383;10205;10307;6.12;0.38;279.60;9.16;973;33;3549.00;102
9232;32;624265732;9232;387;10206;10308;6.05;0.37;279.60;9.15;974;33;3550.00;102
9234;32;624265743;9234;387;10206;10308;5.92;0.36;279.63;9.15;972;33;3551.00;102
9235;32;624265759;9235;386;10221;10321;5.84;0.36;279.62;9.18;986;33;3552.00;100
9240;32;624265770;9240;390;10221;10321;5.72;0.35;279.58;9.18;981;33;3553.00;100
9244;32;624265780;9244;388;10222;10321;5.62;0.34;279.51;9.19;978;33;3554.00;99
9246;32;624265791;9246;395;10224;10323;5.58;0.34;279.46;9.19;978;33;3555.00;99
9249;32;624265802;9249;403;10227;10323;5.45;0.33;279.38;9.22;978;33;3556.00;96
9249;32;624265812;9249;412;10231;10327;5.46;0.33;279.38;9.21;982;33;3557.00;96
9250;32;624265822;9250;417;10231;10327;5.40;0.33;279.39;9.21;981;33;3558.00;96
9250;32;624265833;9250;420;10235;10331;5.35;0.33;279.39;9.22;985;33;3559.00;96
9251;32;624265844;9251;417;10235;10331;5.31;0.32;279.38;9.22;984;33;3560.00;96
9252;32;624265853;9252;423;10235;10331;5.25;0.32;279.39;9.22;983;33;3561.00;96
9254;32;624265863;9254;431;10238;10331;5.16;0.31;279.39;9.24;984;33;3562.00;93
9257;32;624265872;9257;423;10238;10331;5.06;0.31;279.33;9.24;981;33;3563.00;93
9262;32;624265881;9262;414;10249;10343;5.02;0.31;279.30;9.24;987;33;3564.00;94
9264;32;624265892;9264;416;10249;10343;4.97;0.30;279.30;9.24;985;33;3565.00;94
9266;32;624265901;9266;418;10253;10343;4.88;0.30;279.28;9.25;987;33;3566.00;90
9267;32;624265910;9267;425;10253;10343;4.86;0.30;279.34;9.25;986;33;3567.00;90
9269;32;624265919;9269;427;10253;10343;4.82;0.29;279.38;9.25;984;33;3568.00;90
9270;32;624265928;9270;422;10254;10343;4.80;0.29;279.38;9.26;984;33;3569.00;89
9273;32;624265949;9273;414;10254;10344;4.77;0.29;279.38;9.26;981;33;3570.00;90
9274;32;624265959;9274;407;10257;10344;4.77;0.29;279.40;9.27;983;33;3571.00;87
9276;32;624265968;9276;396;10262;10350;4.92;0.30;279.41;9.26;986;33;3572.00;88
9280;32;624265978;9280;389;10263;10351;4.98;0.31;279.38;9.26;983;33;3573.00;88
9282;32;624265988;9282;391;10265;10351;5.07;0.31;279.41;9.27;983;33;3574.00;86
9284;32;624265997;9284;386;10265;10351;5.16;0.32;279.43;9.27;981;33;3575.00;86
9287;32;624266007;9287;383;10269;10355;5.25;0.32;279.44;9.27;982;33;3576.00;86
9290;32;624266017;9290;371;10269;10355;5.33;0.33;279.45;9.27;979;33;3577.00;86
9291;32;624266033;9291;367;10269;10355;5.39;0.33;279.47;9.27;978;33;3578.00;86
9292;32;624266043;9292;362;10270;10356;5.44;0.33;279.48;9.27;978;33;3579.00;86
9296;32;624266053;9296;359;10273;10360;5.43;0.33;279.47;9.26;977;33;3580.00;87
9298;32;624266063;9298;352;10273;10360;5.44;0.33;279.49;9.26;975;33;3581.00;87
9299;32;624266073;9299;345;10275;10363;5.49;0.33;279.50;9.26;976;33;3582.00;88
9303;32;624266083;9303;340;10275;10363;5.48;0.33;279.52;9.26;972;33;3583.00;88
9304;32;624266094;9304;346;10276;10363;5.56;0.34;279.51;9.26;972;33;3584.00;87
9308;32;624266104;9308;344;10276;10363;5.60;0.34;279.52;9.26;968;33;3585.00;87
9313;32;624266115;9313;342;10280;10367;5.65;0.34;279.52;9.26;967;33;3586.00;87
9314;32;624266126;9314;338;10280;10367;5.69;0.35;279.58;9.26;966;33;3587.00;87
9318;32;624266136;9318;336;10280;10367;5.67;0.34;279.65;9.26;962;33;3588.00;87
9322;32;624266146;9322;328;10280;10367;5.69;0.35;279.61;9.26;958;33;3589.00;87
9325;32;624266157;9325;333;10280;10368;5.68;0.35;279.64;9.26;955;33;3590.00;88
9327;32;624266167;9327;327;10281;10369;5.75;0.35;279.64;9.26;954;33;3591.00;88
9332;32;624266178;9332;324;10281;10369;5.79;0.35;279.71;9.26;949;33;3592.00;88
9336;32;624266188;9336;320;10282;10370;5.88;0.36;279.70;9.26;946;33;3593.00;88
9340;32;624266199;9340;320;10282;10370;5.97;0.36;279.74;9.26;942;33;3594.00;88
9343;32;624266210;9343;322;10282;10370;6.01;0.36;279.75;9.26;939;33;3595.00;88
9345;32;624266220;9345;321;10282;10370;6.04;0.37;279.77;9.26;937;33;3596.00;88
9348;32;624266231;9348;319;10282;10370;6.06;0.37;279.81;9.26;934;33;3597.00;88
9352;32;624266241;9352;319;10282;10370;6.08;0.37;279.82;9.26;930;33;3598.00;88
9355;32;624266252;9355;317;10282;10370;6.08;0.37;279.89;9.26;927;33;3599.00;88
9357;32;624266265;9357;346;10395;10623;6.40;0.40;279.85;9.16;1038;33;3600.00;228
9361;32;624266298;9361;344;10400;10624;6.36;0.40;279.90;9.15;1039;33;3601.00;224
9363;32;624266311;9363;328;10413;10624;6.39;0.40;279.90;9.14;1050;33;3602.00;211
9368;32;624266322;9368;320;10422;10624;6.38;0.40;279.93;9.14;1054;33;3603.00;202
9371;32;624266334;9371;313;10428;10624;6.42;0.40;279.93;9.13;1057;33;3604.00;196
9374;32;624266345;9374;311;10430;10624;6.46;0.40;279.98;9.13;1056;33;3605.00;194
9377;32;624266365;9377;312;10440;10624;6.49;0.40;280.04;9.13;1063;33;3606.00;184
9383;32;624266380;9383;313;10444;10624;6.45;0.40;280.11;9.13;1061;33;3607.00;180
9384;32;624266421;9384;306;10449;10625;6.48;0.40;280.12;9.13;1065;33;3608.00;176
9386;32;624266448;9386;308;10457;10626;6.50;0.41;280.18;9.13;1071;33;3609.00;169
9387;32;624266466;9387;307;10463;10626;6.51;0.41;280.16;9.13;1076;33;3610.00;163
9390;32;624266491;9390;313;10466;10627;6.54;0.41;280.20;9.13;1076;33;3611.00;161
9392;32;624266507;9392;316;10469;10627;6.53;0.41;280.22;9.13;1077;33;3612.00;158
9395;32;624266520;9395;321;10471;10627;6.52;0.41;280.24;9.13;1076;33;3613.00;156
9399;32;624266534;9399;322;10477;10627;6.55;0.41;280.36;9.25;1078;33;3614.00;150
9405;32;624266550;9405;331;10480;10631;6.52;0.41;280.38;9.25;1075;33;3615.00;151
9409;32;624266574;9409;335;10482;10631;6.53;0.41;280.48;9.25;1073;33;3616.00;149
9415;32;624266590;9415;333;10484;10631;6.48;0.40;280.56;9.26;1069;33;3617.00;147
9421;32;624266605;9421;329;10486;10634;6.48;0.40;280.66;9.26;1065;33;3618.00;148
9424;32;624266628;9424;331;10488;10634;6.52;0.40;280.70;9.26;1064;33;3619.00;146
9427;32;624266641;9427;319;10489;10634;6.56;0.40;280.73;9.26;1062;33;3620.00;145
9428;32;624266655;9428;319;10493;10638;6.60;0.41;280.74;9.26;1065;33;3621.00;145
9431;32;624266668;9431;316;10495;10639;6.67;0.41;280.79;9.26;1064;33;3622.00;144
9436;32;624266683;9436;312;10495;10639;6.77;0.42;280.87;9.26;1059;33;3623.00;144
9436;32;624266696;9436;308;10499;10643;6.84;0.42;280.87;9.26;1063;33;3624.00;144
9440;32;624266718;9440;303;10499;10643;6.89;0.43;280.96;9.26;1059;33;3625.00;144
9445;32;624266740;9445;287;10500;10643;6.94;0.43;280.96;9.26;1055;33;3626.00;143
9449;32;624266754;9449;285;10500;10644;7.01;0.43;281.08;9.26;1051;33;3627.00;144
9452;32;624266769;9452;272;10501;10644;7.11;0.43;281.12;9.26;1049;33;3628.00;143
9455;32;624266783;9455;261;10505;10650;7.32;0.45;281.20;9.26;1050;33;3629.00;145
9459;32;624266800;9459;251;10509;10650;7.42;0.45;281.25;9.38;1050;33;3630.00;141
9464;32;624266824;9464;249;10510;10651;7.59;0.46;281.32;9.38;1046;33;3631.00;141
9465;32;624266839;9465;249;10510;10651;7.73;0.47;281.33;9.38;1045;33;3632.00;141
9470;32;624266855;9470;244;10511;10651;7.82;0.48;281.44;9.38;1041;33;3633.00;140
9474;32;624266886;9474;244;10512;10651;7.92;0.48;281.45;9.38;1038;33;3634.00;139
9475;32;624266900;9475;242;10512;10651;8.01;0.49;281.44;9.38;1037;33;3635.00;139
9477;32;624266915;9477;240;10521;10663;8.03;0.49;281.53;9.38;1044;33;3636.00;142
9480;32;624266930;9480;240;10523;10663;8.03;0.49;281.60;9.38;1043;33;3637.00;140
9483;32;624266945;9483;241;10524;10663;8.09;0.49;281.57;9.38;1041;33;3638.00;139
9487;32;624266959;9487;236;10525;10663;8.14;0.50;281.68;9.38;1038;33;3639.00;138
9489;32;624266975;9489;238;10525;10663;8.24;0.50;281.80;9.38;1036;33;3640.00;138
9493;32;624266989;9493;238;10526;10663;8.31;0.51;281.86;9.38;1033;33;3641.00;137
9496;32;624267004;9496;237;10532;10667;8.37;0.51;282.00;9.50;1036;33;3642.00;135
9500;32;624267019;9500;231;10532;10667;8.43;0.51;282.06;9.50;1032;33;3643.00;135
9503;32;624267033;9503;230;10536;10671;8.49;0.52;282.13;9.50;1033;33;3644.00;135
9508;32;624267048;9508;233;10538;10673;8.56;0.52;282.28;9.49;1030;33;3645.00;135
9512;32;624267063;9512;232;10538;10673;8.60;0.52;282.33;9.49;1026;33;3646.00;135
9514;32;624267077;9514;228;10538;10673;8.54;0.52;282.32;9.49;1024;33;3647.00;135
9520;32;624267091;9520;225;10547;10686;8.57;0.52;282.33;9.49;1027;33;3648.00;139
9521;32;624267107;9521;225;10547;10686;8.62;0.52;282.33;9.49;1026;33;3649.00;139
9523;32;624267121;9523;229;10547;10686;8.69;0.53;282.38;9.49;1024;33;3650.00;139
9527;32;624267135;9527;239;10548;10687;8.67;0.53;282.44;9.49;1021;33;3651.00;139
9531;32;624267148;9531;240;10548;10688;8.64;0.53;282.52;9.49;1017;33;3652.00;140
9535;32;624267163;9535;242;10548;10688;8.59;0.52;282.59;9.49;1013;33;3653.00;140
9539;32;624267176;9539;240;10550;10691;8.59;0.52;282.61;9.48;1011;33;3654.00;141
9543;32;624267191;9543;247;10550;10691;8.55;0.52;282.70;9.48;1007;33;3655.00;141
9545;32;624267206;9545;251;10551;10691;8.52;0.52;282.74;9.48;1006;33;3656.00;140
9545;32;624267220;9545;247;10551;10691;8.53;0.52;282.74;9.48;1006;33;3657.00;140
9548;32;624267234;9548;249;10557;10697;8.52;0.52;282.78;9.48;1009;33;3658.00;140
9551;32;624267250;9551;253;10557;10697;8.51;0.52;282.77;9.48;1006;33;3659.00;140
9556;32;624267267;9556;253;10557;10697;8.51;0.52;282.79;9.48;1001;33;3660.00;140
9559;32;624267282;9559;252;10557;10697;8.53;0.52;282.85;9.48;998;33;3661.00;140
9561;32;624267296;9561;250;10559;10701;8.55;0.52;282.93;9.48;998;33;3662.00;142
9564;32;624267309;9564;248;10560;10702;8.63;0.52;282.99;9.48;996;33;3663.00;142
9565;32;624267324;9565;253;10560;10702;8.65;0.53;283.00;9.48;995;33;3664.00;142
9571;32;624267337;9571;254;10561;10703;8.57;0.52;283.00;9.48;990;33;3665.00;142
9572;32;624267351;9572;250;10561;10703;8.57;0.52;282.99;9.48;989;33;3666.00;142
9578;32;624267364;9578;254;10561;10703;8.52;0.52;283.02;9.48;983;33;3667.00;142
9580;32;624267379;9580;258;10563;10703;8.46;0.51;283.00;9.60;983;33;3668.00;140
9584;32;624267393;9584;253;10563;10703;8.37;0.51;282.99;9.60;979;33;3669.00;140
9587;32;624267406;9587;247;10563;10703;8.31;0.50;283.02;9.60;976;33;3670.00;140
9587;32;624267418;9587;246;10564;10703;8.21;0.50;283.02;9.60;977;33;3671.00;139
9592;32;624267431;9592;244;10595;10773;8.09;0.49;283.05;9.57;1003;33;3672.00;178
9595;32;624267448;9595;243;10596;10774;7.99;0.49;283.14;9.57;1001;33;3673.00;178
9599;32;624267461;9599;240;10602;10774;7.92;0.48;283.19;9.57;1003;33;3674.00;172
9603;32;624267474;9603;242;10609;10774;7.81;0.47;283.20;9.59;1006;33;3675.00;165
9608;32;624267489;9608;246;10613;10774;7.72;0.47;283.28;9.59;1005;33;3676.00;161
9613;32;624267502;9613;239;10616;10774;7.67;0.47;283.26;9.59;1003;33;3677.00;158
9616;32;624267514;9616;238;10619;10774;7.68;0.47;283.28;9.59;1003;33;3678.00;155
9619;32;624267527;9619;240;10621;10774;7.70;0.47;283.24;9.59;1002;33;3679.00;153
9619;32;624267540;9619;239;10623;10775;7.70;0.47;283.24;9.59;1004;33;3680.00;152
9622;32;624267552;9622;240;10625;10776;7.66;0.47;283.25;9.59;1003;33;3681.00;151
9624;32;624267564;9624;239;10627;10776;7.65;0.46;283.23;9.59;1003;33;3682.00;149
9624;32;624267581;9624;235;10631;10780;7.65;0.47;283.23;9.58;1007;33;3683.00;149
9628;32;624267595;9628;238;10633;10780;7.62;0.46;283.17;9.70;1005;33;3684.00;147
9630;32;624267608;9630;237;10633;10780;7.56;0.46;283.13;9.70;1003;33;3685.00;147
9632;32;624267620;9632;241;10633;10780;7.54;0.46;283.19;9.70;1001;33;3686.00;147
9633;32;624267638;9633;241;10638;10786;7.54;0.46;283.22;9.70;1005;33;3687.00;148
9634;32;624267650;9634;249;10638;10786;7.51;0.46;283.20;9.70;1004;33;3688.00;148
9637;32;624267662;9637;250;10638;10786;7.45;0.45;283.18;9.70;1001;33;3689.00;148
9639;32;624267676;9639;260;10643;10792;7.39;0.45;283.20;9.71;1004;33;3690.00;149
9641;32;624267689;9641;262;10644;10792;7.27;0.44;283.22;9.71;1003;33;3691.00;148
9645;32;624267700;9645;264;10648;10792;7.21;0.44;283.24;9.82;1003;33;3692.00;144
9645;32;624267712;9645;270;10649;10793;7.07;0.43;283.24;9.83;1004;33;3693.00;144
9647;32;624267724;9647;279;10652;10794;6.98;0.42;283.20;9.83;1005;33;3694.00;142
9653;32;624267735;9653;286;10652;10794;6.86;0.42;283.14;9.83;999;33;3695.00;142
9656;32;624267746;9656;299;10662;10807;6.87;0.42;283.20;9.83;1006;33;3696.00;145
9658;32;624267759;9658;312;10663;10807;6.86;0.41;283.17;9.83;1005;33;3697.00;144
9660;32;624267770;9660;320;10663;10807;6.81;0.41;283.15;9.83;1003;33;3698.00;144
9661;32;624267781;9661;330;10666;10808;6.72;0.41;283.13;9.85;1005;33;3699.00;142
9662;32;624267793;9662;343;10667;10808;6.68;0.40;283.11;9.86;1005;33;3700.00;141
9664;32;624267807;9664;347;10672;10812;6.61;0.40;283.09;9.87;1008;33;3701.00;140
9668;32;624267819;9668;354;10674;10812;6.50;0.39;283.11;9.88;1006;33;3702.00;138
9669;32;624267829;9669;360;10678;10816;6.47;0.39;283.08;9.89;1009;33;3703.00;138
9669;32;624267840;9669;367;10679;10816;6.39;0.39;283.08;9.90;1010;33;3704.00;137
9669;32;624267851;9669;370;10681;10816;6.34;0.39;283.08;9.92;1012;33;3705.00;135
9671;32;624267861;9671;379;10681;10816;6.23;0.38;283.05;9.92;1010;33;3706.00;135
9673;32;624267872;9673;379;10683;10816;6.16;0.38;283.03;9.95;1010;33;3707.00;133
9677;32;624267882;9677;384;10693;10828;6.13;0.37;282.96;9.95;1016;33;3708.00;135
9680;32;624267894;9680;386;10694;10828;6.10;0.37;282.96;9.96;1014;33;3709.00;134
9681;32;624267905;9681;393;10697;10828;6.07;0.37;282.99;9.97;1016;33;3710.00;131
9682;32;624267915;9682;401;10698;10828;5.99;0.37;282.96;9.98;1016;33;3711.00;130
9684;32;624267925;9684;405;10699;10828;5.97;0.37;283.00;9.99;1015;33;3712.00;129
9686;32;624267937;9686;413;10701;10828;5.89;0.36;282.95;10.01;1015;33;3713.00;127
9687;32;624267947;9687;416;10701;10829;5.81;0.36;282.93;10.01;1014;33;3714.00;128
9689;32;624267959;9689;408;10703;10829;5.72;0.35;282.91;10.03;1014;33;3715.00;126
9690;32;624267973;9690;406;10713;10835;5.72;0.35;282.88;10.06;1023;33;3716.00;122
9690;32;624267984;9690;402;10714;10836;5.72;0.35;282.88;10.06;1024;33;3717.00;122
9693;32;624267995;9693;401;10717;10836;5.67;0.35;282.84;10.09;1024;33;3718.00;119
9694;32;624268007;9694;396;10718;10836;5.67;0.35;282.83;10.09;1024;33;3719.00;118
9696;32;624268020;9696;395;10721;10841;5.64;0.35;282.79;10.09;1025;33;3720.00;120
9697;32;624268033;9697;387;10722;10841;5.59;0.34;282.79;10.09;1025;33;3721.00;119
9697;32;624268051;9697;385;10726;10841;5.56;0.34;282.79;10.12;1029;33;3722.00;115
9698;32;624268063;9698;391;10727;10842;5.58;0.34;282.77;10.12;1029;33;3723.00;115
9699;32;624268074;9699;389;10733;10846;5.57;0.34;282.75;10.14;1034;33;3724.00;113
9699;32;624268091;9699;388;10734;10846;5.65;0.35;282.75;10.13;1035;33;3725.00;112
9701;32;624268102;9701;386;10736;10849;5.71;0.35;282.69;10.13;1035;33;3726.00;113
9705;32;624268113;9705;386;10740;10849;5.73;0.35;282.67;10.15;1035;33;3727.00;109
9705;32;624268124;9705;383;10740;10849;5.76;0.35;282.67;10.15;1035;33;3728.00;109
9707;32;624268134;9707;385;10741;10849;5.77;0.35;282.64;10.16;1034;33;3729.00;108
9709;32;624268145;9709;381;10746;10853;5.83;0.36;282.61;10.15;1037;33;3730.00;107
9712;32;624268155;9712;386;10746;10853;5.84;0.36;282.62;10.15;1034;33;3731.00;107
9714;32;624268165;9714;389;10747;10853;5.80;0.35;282.61;10.16;1033;33;3732.00;106
9714;32;624268176;9714;391;10747;10853;5.74;0.35;282.61;10.16;1033;33;3733.00;106
9716;32;624268186;9716;385;10748;10854;5.70;0.35;282.63;10.17;1032;33;3734.00;106
9721;32;624268196;9721;390;10750;10856;5.60;0.34;282.64;10.16;1029;33;3735.00;106
9722;32;624268207;9722;390;10750;10856;5.56;0.34;282.65;10.16;1028;33;3736.00;106
9726;32;624268216;9726;392;10754;10857;5.53;0.34;282.64;10.18;1028;33;3737.00;103
9729;32;624268226;9729;400;10755;10857;5.47;0.33;282.60;10.19;1026;33;3738.00;102
9732;32;624268236;9732;408;10755;10857;5.44;0.33;282.62;10.19;1023;33;3739.00;102
9735;32;624268246;9735;408;10756;10857;5.47;0.33;282.59;10.20;1021;33;3740.00;101
9739;32;624268257;9739;402;10757;10857;5.49;0.34;282.58;10.20;1018;33;3741.00;100
9742;32;624268267;9742;402;10757;10857;5.52;0.34;282.64;10.20;1015;33;3742.00;100
9747;32;624268277;9747;402;10758;10857;5.50;0.34;282.68;10.21;1011;33;3743.00;99
9748;32;624268288;9748;404;10822;10984;5.84;0.36;282.66;10.15;1074;33;3744.00;162
9752;32;624268308;9752;399;10826;10985;5.86;0.36;282.73;10.15;1074;33;3745.00;159
9754;32;624268319;9754;398;10836;10985;5.94;0.37;282.80;10.14;1082;33;3746.00;149
9756;32;624268330;9756;398;10841;10985;5.98;0.37;282.80;10.14;1085;33;3747.00;144
9760;32;624268341;9760;393;10846;10985;6.00;0.37;282.92;10.14;1086;33;3748.00;139
9763;32;624268352;9763;394;10848;10985;5.98;0.37;282.97;10.14;1085;33;3749.00;137
9767;32;624268365;9767;397;10853;10990;5.96;0.37;283.00;10.13;1086;33;3750.00;137
9770;32;624268378;9770;389;10854;10990;5.95;0.37;283.02;10.13;1084;33;3751.00;136
9774;32;624268397;9774;385;10857;10991;5.96;0.37;283.05;10.13;1083;33;3752.00;134
9779;32;624268419;9779;389;10860;10992;5.95;0.37;283.02;10.13;1081;33;3753.00;132
9779;32;624268440;9779;385;10866;10992;5.99;0.37;283.02;10.13;1087;33;3754.00;126
9785;32;624268457;9785;386;10869;10993;5.96;0.37;283.02;10.13;1084;33;3755.00;124
9787;32;624268483;9787;392;10873;10993;5.99;0.37;283.05;10.13;1086;33;3756.00;120
9790;32;624268500;9790;392;10874;10993;6.00;0.37;283.08;10.13;1084;33;3757.00;119
9795;32;624268514;9795;391;10880;10993;5.94;0.36;283.10;10.13;1085;33;3758.00;113
9796;32;624268528;9796;391;10884;10997;5.97;0.37;283.11;10.13;1088;33;3759.00;113
9800;32;624268543;9800;395;10885;10997;5.98;0.37;283.09;10.13;1085;33;3760.00;112
9803;32;624268556;9803;400;10886;10997;5.95;0.37;283.15;10.13;1083;33;3761.00;111
9805;32;624268569;9805;397;10888;11000;5.99;0.37;283.15;10.13;1083;33;3762.00;112
9808;32;624268584;9808;400;10889;11000;5.98;0.37;283.15;10.13;1081;33;3763.00;111
9811;32;624268597;9811;404;10890;11000;5.95;0.36;283.14;10.13;1079;33;3764.00;110
9815;32;624268610;9815;401;10893;11004;6.01;0.37;283.10;10.13;1078;33;3765.00;111
9819;32;624268625;9819;395;10895;11005;6.08;0.37;283.15;10.13;1076;33;3766.00;110
9823;32;624268638;9823;389;10895;11005;6.13;0.37;283.29;10.13;1072;33;3767.00;110
9826;32;624268652;9826;392;10898;11009;6.21;0.38;283.31;10.13;1072;33;3768.00;111
9830;32;624268666;9830;382;10898;11009;6.24;0.38;283.35;10.13;1068;33;3769.00;111
9835;32;624268680;9835;378;10900;11009;6.28;0.38;283.36;10.13;1065;33;3770.00;109
9838;32;624268694;9838;375;10901;11010;6.30;0.39;283.43;10.13;1063;33;3771.00;109
9844;32;624268708;9844;375;10901;11010;6.31;0.38;283.50;10.13;1057;33;3772.00;109
9848;32;624268721;9848;372;10906;11016;6.30;0.38;283.54;10.12;1058;33;3773.00;110
9850;32;624268734;9850;375;10906;11016;6.32;0.38;283.54;10.12;1056;33;3774.00;110
9853;32;624268748;9853;374;10907;11017;6.30;0.38;283.53;10.24;1054;33;3775.00;110
9857;32;624268763;9857;373;10907;11017;6.25;0.38;283.55;10.24;1050;33;3776.00;110
9860;32;624268775;9860;368;10907;11017;6.19;0.38;283.58;10.24;1047;33;3777.00;110
9865;32;624268788;9865;364;10907;11017;6.12;0.37;283.62;10.24;1042;33;3778.00;110
9871;32;624268800;9871;366;10907;11017;6.06;0.37;283.70;10.24;1036;33;3779.00;110
9874;32;624268815;9874;364;10933;11053;6.16;0.38;283.70;10.21;1059;33;3780.00;120
9879;32;624268830;9879;360;10933;11053;6.14;0.37;283.79;10.21;1054;33;3781.00;120
9881;32;624268845;9881;362;10936;11053;6.17;0.38;283.85;10.21;1055;33;3782.00;117
9882;32;624268858;9882;355;10936;11053;6.17;0.38;283.91;10.21;1054;33;3783.00;117
9886;32;624268872;9886;354;10937;11053;6.23;0.38;283.94;10.21;1051;33;3784.00;116
9890;32;624268886;9890;358;10937;11053;6.27;0.38;283.97;10.21;1047;33;3785.00;116
9894;32;624268899;9894;365;10941;11057;6.24;0.38;284.03;10.21;1047;33;3786.00;116
9899;32;624268913;9899;347;10941;11057;6.27;0.38;284.02;10.21;1042;33;3787.00;116
9901;32;624268928;9901;340;10945;11061;6.37;0.39;284.09;10.20;1044;33;3788.00;116
9904;32;624268942;9904;325;10946;11062;6.43;0.39;284.19;10.20;1042;33;3789.00;116
9909;32;624268962;9909;324;10946;11062;6.48;0.40;284.21;10.20;1037;33;3790.00;116
9914;32;624268977;9914;317;10946;11062;6.49;0.40;284.29;10.20;1032;33;3791.00;116
9918;32;624268991;9918;320;10958;11075;6.58;0.40;284.35;10.31;1040;33;3792.00;117
9924;32;624269005;9924;314;10958;11075;6.63;0.41;284.40;10.31;1034;33;3793.00;117
9926;32;624269019;9926;312;10958;11075;6.72;0.41;284.43;10.31;1032;33;3794.00;117
9930;32;624269032;9930;310;10959;11076;6.78;0.41;284.50;10.30;1029;33;3795.00;117
9936;32;624269052;9936;297;10959;11077;6.82;0.42;284.59;10.30;1023;33;3796.00;118
9936;32;624269066;9936;292;10959;11077;6.94;0.42;284.59;10.30;1023;33;3797.00;118
9941;32;624269079;9941;290;10961;11080;6.94;0.42;284.65;10.30;1020;33;3798.00;119
9944;32;624269093;9944;282;10961;11080;7.03;0.43;284.65;10.30;1017;33;3799.00;119
9947;32;624269108;9947;274;10962;11080;7.08;0.43;284.67;10.30;1015;33;3800.00;118
9948;32;624269127;9948;266;10962;11080;7.15;0.44;284.71;10.30;1014;33;3801.00;118
9949;32;624269141;9949;267;10967;11086;7.26;0.44;284.72;10.30;1018;33;3802.00;119
9952;32;624269161;9952;267;10968;11086;7.32;0.45;284.72;10.41;1016;33;3803.00;118
9955;32;624269175;9955;262;10968;11086;7.33;0.45;284.74;10.41;1013;33;3804.00;118
9956;32;624269189;9956;254;10968;11086;7.38;0.45;284.77;10.41;1012;33;3805.00;118
9958;32;624269202;9958;248;10970;11090;7.39;0.45;284.84;10.41;1012;33;3806.00;120
9959;32;624269215;9959;243;10971;11091;7.42;0.45;284.82;10.41;1012;33;3807.00;120
9963;32;624269229;9963;246;10971;11091;7.39;0.45;284.85;10.41;1008;33;3808.00;120
9964;32;624269242;9964;250;10972;11092;7.37;0.45;284.86;10.41;1008;33;3809.00;120
9966;32;624269258;9966;246;10974;11092;7.36;0.45;284.86;10.53;1008;33;3810.00;118
9968;32;624269270;9968;244;10974;11092;7.36;0.45;284.92;10.53;1006;33;3811.00;118
9971;32;624269284;9971;244;10974;11092;7.36;0.45;285.00;10.53;1003;33;3812.00;118
9975;32;624269297;9975;241;10974;11092;7.34;0.45;285.07;10.53;999;33;3813.00;118
9980;32;624269310;9980;240;10974;11092;7.33;0.45;285.07;10.53;994;33;3814.00;118
9985;32;624269323;9985;244;10974;11092;7.41;0.45;285.16;10.53;989;33;3815.00;118
9987;32;624269336;9987;254;11009;11162;7.42;0.45;285.19;10.49;1022;33;3816.00;153
9989;32;624269355;9989;247;11009;11163;7.48;0.46;285.18;10.49;1020;33;3817.00;154
9990;32;624269369;9990;241;11016;11163;7.56;0.46;285.17;10.49;1026;33;3818.00;147
9993;32;624269382;9993;238;11018;11163;7.63;0.47;285.15;10.60;1025;33;3819.00;145
9998;32;624269396;9998;240;11021;11163;7.69;0.47;285.18;10.60;1023;33;3820.00;142
10003;32;624269410;10003;247;11025;11163;7.74;0.47;285.13;10.60;1022;33;3821.00;138
10006;32;624269423;10006;244;11029;11163;7.79;0.47;285.18;10.60;1023;33;3822.00;134
10008;32;624269437;10008;248;11031;11163;7.85;0.48;285.20;10.60;1023;33;3823.00;132
10012;32;624269450;10012;257;11033;11164;7.91;0.48;285.22;10.60;1021;33;3824.00;131
10014;32;624269463;10014;252;11036;11166;7.94;0.48;285.28;10.60;1022;33;3825.00;130
10015;32;624269476;10015;247;11038;11166;7.96;0.48;285.27;10.60;1023;33;3826.00;128
10018;32;624269489;10018;250;11044;11170;7.97;0.48;285.33;10.59;1026;33;3827.00;126
10020;32;624269503;10020;255;11046;11170;7.99;0.49;285.32;10.59;1026;33;3828.00;124
10022;32;624269516;10022;264;11046;11170;8.01;0.49;285.38;10.59;1024;33;3829.00;124
10026;32;624269528;10026;257;11047;11170;8.00;0.49;285.45;10.71;1021;33;3830.00;123
10030;32;624269541;10030;260;11051;11176;8.05;0.49;285.48;10.71;1021;33;3831.00;125
10033;32;624269554;10033;258;11051;11176;8.09;0.49;285.50;10.71;1018;33;3832.00;125
10037;32;624269567;10037;257;11051;11176;8.09;0.49;285.53;10.71;1014;33;3833.00;125
10041;32;624269581;10041;256;11053;11179;8.09;0.49;285.58;10.70;1012;33;3834.00;126
10041;32;624269595;10041;260;11053;11179;8.11;0.49;285.58;10.70;1012;33;3835.00;126
10044;32;624269607;10044;261;11054;11179;8.15;0.49;285.59;10.70;1010;33;3836.00;125
10047;32;624269620;10047;270;11054;11180;8.09;0.49;285.63;10.70;1007;33;3837.00;126
10051;32;624269632;10051;264;11055;11181;7.99;0.49;285.63;10.70;1004;33;3838.00;126
10056;32;624269645;10056;260;11055;11181;7.91;0.48;285.67;10.70;999;33;3839.00;126
10060;32;624269659;10060;264;11072;11207;7.81;0.47;285.66;10.69;1012;33;3840.00;135
10065;32;624269673;10065;265;11072;11207;7.69;0.47;285.61;10.69;1007;33;3841.00;135
10066;32;624269685;10066;261;11074;11207;7.65;0.47;285.59;10.68;1008;33;3842.00;133
10070;32;624269696;10070;268;11076;11208;7.55;0.46;285.51;10.68;1006;33;3843.00;132
10073;32;624269708;10073;265;11076;11208;7.47;0.45;285.45;10.68;1003;33;3844.00;132
10074;32;624269720;10074;270;11080;11212;7.44;0.45;285.43;10.69;1006;33;3845.00;132
10077;32;624269733;10077;270;11081;11214;7.39;0.45;285.46;10.69;1004;33;3846.00;133
10079;32;624269745;10079;279;11085;11218;7.34;0.45;285.44;10.69;1006;33;3847.00;133
10082;32;624269758;10082;280;11085;11218;7.31;0.45;285.47;10.69;1003;33;3848.00;133
10087;32;624269769;10087;285;11085;11218;7.27;0.44;285.45;10.69;998;33;3849.00;133
10089;32;624269781;10089;281;11085;11218;7.23;0.44;285.50;10.69;996;33;3850.00;133
10092;32;624269793;10092;284;11086;11218;7.19;0.44;285.50;10.69;994;33;3851.00;132
10096;32;624269803;10096;285;11096;11230;7.20;0.44;285.46;10.68;1000;33;3852.00;134
10097;32;624269816;10097;288;11097;11230;7.20;0.44;285.47;10.68;1000;33;3853.00;133
10100;32;624269829;10100;295;11097;11230;7.15;0.44;285.41;10.68;997;33;3854.00;133
10102;32;624269841;10102;301;11097;11230;7.14;0.44;285.39;10.68;995;33;3855.00;133
10102;32;624269853;10102;304;11097;11230;7.17;0.44;285.39;10.68;995;33;3856.00;133
10103;32;624269865;10103;313;11098;11230;7.15;0.44;285.37;10.68;995;33;3857.00;132
10108;32;624269877;10108;315;11098;11231;7.07;0.43;285.44;10.68;990;33;3858.00;133
10110;32;624269890;10110;322;11099;11231;6.99;0.43;285.46;10.68;989;33;3859.00;132
10110;32;624269901;10110;326;11104;11237;6.99;0.43;285.46;10.69;994;33;3860.00;133
10112;32;624269919;10112;340;11106;11238;6.94;0.42;285.47;10.69;994;33;3861.00;132
10114;32;624269930;10114;341;11107;11238;6.84;0.42;285.45;10.69;993;33;3862.00;131
10116;32;624269942;10116;347;11107;11238;6.74;0.41;285.40;10.69;991;33;3863.00;131
10116;32;624269952;10116;348;11112;11242;6.79;0.41;285.40;10.69;996;33;3864.00;130
10117;32;624269963;10117;353;11112;11242;6.73;0.41;285.41;10.69;995;33;3865.00;130
10122;32;624269974;10122;355;11113;11242;6.65;0.41;285.39;10.70;991;33;3866.00;129
10127;32;624269985;10127;345;11114;11243;6.58;0.40;285.38;10.70;987;33;3867.00;129
10128;32;624269996;10128;338;11117;11247;6.56;0.40;285.41;10.70;989;33;3868.00;130
10131;32;624270008;10131;341;11117;11247;6.52;0.40;285.40;10.70;986;33;3869.00;130
10133;32;624270022;10133;330;11122;11253;6.50;0.40;285.39;10.71;989;33;3870.00;131
10134;32;624270035;10134;337;11123;11253;6.52;0.40;285.43;10.71;989;33;3871.00;130
10136;32;624270047;10136;335;11125;11253;6.53;0.40;285.44;10.71;989;33;3872.00;128
10137;32;624270059;10137;330;11126;11253;6.54;0.40;285.49;10.72;989;33;3873.00;127
10137;32;624270070;10137;331;11131;11257;6.57;0.40;285.49;10.73;994;33;3874.00;126
10139;32;624270081;10139;330;11131;11257;6.57;0.40;285.48;10.73;992;33;3875.00;126
10140;32;624270093;10140;333;11133;11257;6.59;0.40;285.49;10.75;993;33;3876.00;124
10142;32;624270109;10142;337;11134;11257;6.59;0.40;285.48;10.75;992;33;3877.00;123
10145;32;624270120;10145;334;11136;11258;6.52;0.40;285.51;10.76;991;33;3878.00;122
10147;32;624270132;10147;333;11137;11259;6.45;0.39;285.50;10.76;990;33;3879.00;122
10148;32;624270142;10148;338;11137;11259;6.36;0.39;285.50;10.76;989;33;3880.00;122
10150;32;624270153;10150;345;11139;11260;6.32;0.39;285.50;10.78;989;33;3881.00;121
10150;32;624270164;10150;347;11139;11260;6.32;0.39;285.50;10.78;989;33;3882.00;121
10151;32;624270175;10151;351;11140;11260;6.28;0.38;285.49;10.79;989;33;3883.00;120
10153;32;624270186;10153;352;11141;11260;6.20;0.38;285.48;10.80;988;33;3884.00;119
10155;32;624270198;10155;355;11143;11260;6.17;0.38;285.46;10.82;988;33;3885.00;117
10156;32;624270209;10156;360;11145;11260;6.17;0.38;285.45;10.85;989;33;3886.00;115
10156;32;624270220;10156;365;11145;11260;6.11;0.38;285.45;10.85;989;33;3887.00;115
10158;32;624270231;10158;382;11211;11387;6.37;0.40;285.42;10.81;1053;33;3888.00;176
10161;32;624270254;10161;378;11214;11388;6.31;0.39;285.49;10.80;1053;33;3889.00;174
10163;32;624270267;10163;364;11224;11388;6.32;0.39;285.49;10.82;1061;33;3890.00;164
10163;32;624270280;10163;371;11229;11388;6.29;0.39;285.49;10.82;1066;33;3891.00;159
10165;32;624270292;10165;360;11238;11388;6.30;0.39;285.50;10.81;1073;33;3892.00;150
10169;32;624270304;10169;361;11239;11388;6.20;0.38;285.52;10.81;1070;33;3893.00;149
10170;32;624270316;10170;363;11245;11388;6.14;0.38;285.52;10.82;1075;33;3894.00;143
10171;32;624270328;10171;370;11248;11388;6.08;0.38;285.50;10.82;1077;33;3895.00;140
10175;32;624270340;10175;373;11252;11389;6.04;0.37;285.62;10.82;1077;33;3896.00;137
10178;33;624270353;10178;383;11255;11390;6.01;0.37;285.59;10.82;1077;34;3897.00;135
10181;33;624270372;10181;378;11261;11390;5.95;0.37;285.65;10.85;1080;34;3898.00;129
10183;33;624270385;10183;387;11262;11391;5.90;0.36;285.71;10.85;1079;34;3899.00;129
10184;33;624270409;10184;391;11270;11406;5.83;0.36;285.71;10.85;1086;34;3900.00;136
10189;34;624270437;10189;394;11272;11406;5.77;0.36;285.65;10.85;1083;35;3901.00;134
10193;34;624270471;10193;399;11274;11406;5.73;0.35;285.62;10.85;1081;35;3902.00;132
10195;34;624270494;10195;400;11279;11410;5.67;0.35;285.61;10.86;1084;35;3903.00;131
10197;34;624270509;10197;410;11280;11410;5.57;0.34;285.59;10.86;1083;35;3904.00;130
10202;34;624270521;10202;415;11281;11410;5.50;0.34;285.58;10.86;1079;35;3905.00;129
10206;34;624270534;10206;417;11286;11413;5.45;0.34;285.59;10.86;1080;35;3906.00;127
10211;34;624270547;10211;416;11288;11413;5.37;0.33;285.58;10.87;1077;35;3907.00;125
10213;34;624270560;10213;427;11290;11413;5.35;0.33;285.59;10.87;1077;35;3908.00;123
10215;34;624270573;10215;427;11295;11417;5.32;0.33;285.61;10.88;1080;35;3909.00;122
10217;34;624270585;10217;420;11296;11418;5.35;0.33;285.62;10.88;1079;35;3910.00;122
10220;34;624270601;10220;408;11297;11418;5.38;0.33;285.63;10.89;1077;35;3911.00;121
10223;34;624270614;10223;404;11305;11422;5.46;0.34;285.63;10.89;1082;35;3912.00;117
10227;34;624270627;10227;402;11307;11422;5.51;0.34;285.62;10.89;1080;35;3913.00;115
10233;34;624270640;10233;400;11308;11422;5.57;0.34;285.75;10.90;1075;35;3914.00;114
10238;34;624270653;10238;396;11310;11424;5.67;0.35;285.82;10.90;1072;35;3915.00;114
10239;34;624270665;10239;392;11311;11424;5.74;0.35;285.86;10.90;1072;35;3916.00;113
10244;34;624270677;10244;387;11316;11430;5.78;0.35;285.89;10.90;1072;35;3917.00;114
10245;34;624270691;10245;389;11318;11430;5.80;0.35;285.95;10.91;1073;35;3918.00;112
10250;34;624270703;10250;378;11319;11431;5.77;0.35;285.94;10.91;1069;35;3919.00;112
10253;34;624270716;10253;377;11319;11431;5.75;0.35;285.97;10.91;1066;35;3920.00;112
10255;34;624270729;10255;376;11319;11431;5.75;0.35;286.04;10.91;1064;35;3921.00;112
10259;34;624270742;10259;374;11319;11431;5.73;0.35;286.09;10.91;1060;35;3922.00;112
10262;34;624270755;10262;362;11319;11431;5.70;0.35;286.12;10.91;1057;35;3923.00;112
10267;34;624270768;10267;357;11328;11443;5.77;0.35;286.14;10.91;1061;35;3924.00;115
10271;34;624270782;10271;357;11329;11443;5.84;0.36;286.16;10.90;1058;35;3925.00;114
10276;34;624270795;10276;355;11331;11443;5.92;0.36;286.21;10.90;1055;35;3926.00;112
10279;34;624270808;10279;350;11333;11443;5.98;0.37;286.22;10.90;1054;35;3927.00;110
10283;34;624270820;10283;343;11333;11443;6.01;0.37;286.24;10.90;1050;35;3928.00;110
10287;34;624270833;10287;332;11335;11443;5.98;0.36;286.28;10.91;1048;35;3929.00;108
10290;34;624270848;10290;332;11338;11447;5.98;0.36;286.27;10.90;1048;35;3930.00;109
10295;34;624270861;10295;332;11338;11447;5.93;0.36;286.30;10.90;1043;35;3931.00;109
10297;34;624270874;10297;337;11342;11451;5.96;0.36;286.31;10.90;1045;35;3932.00;109
10302;34;624270887;10302;336;11343;11452;5.95;0.36;286.35;10.90;1041;35;3933.00;109
10304;34;624270900;10304;332;11343;11452;6.00;0.37;286.34;10.90;1039;35;3934.00;109
10307;34;624270913;10307;338;11343;11452;6.01;0.37;286.30;10.90;1036;35;3935.00;109
10309;34;624270927;10309;342;11353;11465;6.13;0.37;286.31;10.89;1044;35;3936.00;112
10316;34;624270941;10316;336;11354;11465;6.14;0.37;286.37;10.89;1038;35;3937.00;111
10319;34;624270953;10319;341;11354;11465;6.16;0.37;286.38;10.89;1035;35;3938.00;111
10323;34;624270966;10323;337;11355;11466;6.19;0.38;286.44;10.89;1032;35;3939.00;111
10327;34;624270980;10327;340;11355;11467;6.19;0.38;286.45;10.89;1028;35;3940.00;112
10331;34;624270992;10331;337;11355;11467;6.22;0.38;286.49;10.89;1024;35;3941.00;112
10337;34;624271006;10337;332;11357;11470;6.24;0.38;286.56;10.88;1020;35;3942.00;113
10341;34;624271019;10341;336;11357;11470;6.24;0.38;286.63;10.88;1016;35;3943.00;113
10344;34;624271032;10344;330;11359;11470;6.24;0.38;286.62;11.01;1015;35;3944.00;111
10347;34;624271047;10347;326;11359;11470;6.25;0.38;286.67;11.01;1012;35;3945.00;111
10349;34;624271061;10349;325;11364;11476;6.26;0.38;286.67;11.00;1015;35;3946.00;112
10352;34;624271075;10352;322;11364;11476;6.17;0.38;286.74;11.00;1012;35;3947.00;112
10358;34;624271087;10358;327;11364;11476;6.11;0.37;286.74;11.00;1006;35;3948.00;112
10360;34;624271100;10360;328;11364;11476;6.07;0.37;286.73;11.00;1004;35;3949.00;112
10365;34;624271112;10365;332;11367;11480;6.07;0.37;286.85;11.00;1002;35;3950.00;113
10369;34;624271125;10369;330;11368;11481;6.10;0.37;286.96;11.00;999;35;3951.00;113
10371;34;624271138;10371;333;11368;11481;6.14;0.37;286.98;11.00;997;35;3952.00;113
10376;34;624271150;10376;331;11369;11482;6.16;0.37;287.02;11.00;993;35;3953.00;113
10381;34;624271163;10381;327;11369;11482;6.12;0.37;287.01;11.00;988;35;3954.00;113
10384;34;624271175;10384;329;11369;11482;6.11;0.37;287.08;11.00;985;35;3955.00;113
10387;34;624271188;10387;322;11369;11482;6.13;0.37;287.10;11.00;982;35;3956.00;113
10387;34;624271200;10387;315;11369;11482;6.14;0.38;287.10;11.00;982;35;3957.00;113
10391;34;624271211;10391;310;11369;11482;6.09;0.37;287.18;11.00;978;35;3958.00;113
10392;34;624271224;10392;305;11369;11482;6.06;0.37;287.16;11.00;977;35;3959.00;113
10396;34;624271238;10396;314;11439;11607;6.12;0.38;287.24;11.06;1043;35;3960.00;168
10398;34;624271261;10398;309;11442;11608;6.17;0.38;287.34;11.06;1044;35;3961.00;166
10402;34;624271274;10402;299;11448;11608;6.21;0.38;287.45;11.05;1046;35;3962.00;160
10409;34;624271288;10409;300;11448;11608;6.21;0.38;287.49;11.05;1039;35;3963.00;160
10411;34;624271301;10411;305;11452;11608;6.30;0.39;287.52;11.05;1041;35;3964.00;156
10412;34;624271313;10412;309;11452;11608;6.34;0.39;287.55;11.05;1040;35;3965.00;156
10415;34;624271327;10415;292;11458;11608;6.45;0.40;287.66;11.05;1043;35;3966.00;150
10418;34;624271340;10418;292;11460;11608;6.50;0.40;287.76;11.04;1042;35;3967.00;148
10423;34;624271354;10423;292;11465;11609;6.50;0.40;287.80;11.04;1042;35;3968.00;144
10424;34;624271368;10424;295;11469;11610;6.53;0.40;287.85;11.04;1045;35;3969.00;141
10426;34;624271391;10426;292;11474;11610;6.52;0.40;287.87;11.17;1048;35;3970.00;136
10430;34;624271411;10430;286;11479;11614;6.53;0.40;287.99;11.16;1049;35;3971.00;135
10433;34;624271424;10433;291;11481;11614;6.55;0.40;288.01;11.16;1048;35;3972.00;133
10438;34;624271439;10438;289;11481;11614;6.55;0.40;288.10;11.16;1043;35;3973.00;133
10440;34;624271459;10440;293;11481;11614;6.63;0.41;288.15;11.16;1041;35;3974.00;133
10443;34;624271473;10443;293;11487;11620;6.68;0.41;288.20;11.29;1044;36;3975.00;133
10448;34;624271501;10448;296;11487;11620;6.71;0.41;288.29;11.29;1039;36;3976.00;133
10452;34;624271515;10452;295;11487;11620;6.76;0.41;288.42;11.29;1035;36;3977.00;133
10455;34;624271528;10455;294;11489;11623;6.84;0.42;288.46;11.28;1034;36;3978.00;134
10459;34;624271542;10459;296;11490;11623;6.85;0.42;288.57;11.28;1031;36;3979.00;133
10462;34;624271554;10462;298;11490;11623;6.89;0.42;288.64;11.28;1028;36;3980.00;133
10465;34;624271567;10465;303;11490;11624;6.92;0.42;288.70;11.28;1025;36;3981.00;134
10467;34;624271586;10467;299;11491;11625;6.99;0.43;288.77;11.28;1024;36;3982.00;134
10469;34;624271599;10469;295;11491;11625;6.99;0.43;288.79;11.28;1022;36;3983.00;134
10473;34;624271611;10473;293;11502;11638;7.02;0.43;288.87;11.27;1029;36;3984.00;136
10480;34;624271625;10480;290;11502;11638;6.94;0.42;288.90;11.27;1022;36;3985.00;136
10483;34;624271638;10483;292;11502;11638;6.91;0.42;288.86;11.27;1019;36;3986.00;136
10485;34;624271650;10485;295;11503;11639;6.90;0.42;288.87;11.27;1018;36;3987.00;136
10485;34;624271663;10485;303;11503;11639;6.91;0.42;288.87;11.27;1018;36;3988.00;136
10486;34;624271675;10486;299;11507;11643;6.95;0.42;288.87;11.27;1021;36;3989.00;136
10488;34;624271689;10488;302;11507;11643;6.97;0.42;288.88;11.27;1019;36;3990.00;136
10488;34;624271701;10488;308;11510;11647;7.00;0.43;288.88;11.26;1022;36;3991.00;137
10491;34;624271714;10491;307;11510;11647;7.03;0.43;288.95;11.26;1019;36;3992.00;137
10493;34;624271726;10493;308;11511;11647;7.03;0.43;288.93;11.39;1018;36;3993.00;136
10497;34;624271738;10497;309;11511;11647;7.04;0.43;288.90;11.39;1014;36;3994.00;136
10497;34;624271750;10497;306;11511;11647;7.04;0.43;288.90;11.39;1014;36;3995.00;136
10498;34;624271762;10498;309;11521;11659;7.12;0.44;288.90;11.38;1023;36;3996.00;138
10501;34;624271775;10501;312;11521;11659;7.12;0.43;288.94;11.38;1020;36;3997.00;138
10506;34;624271788;10506;313;11522;11659;7.16;0.44;288.89;11.38;1016;36;3998.00;137
10508;34;624271801;10508;318;11522;11659;7.16;0.44;288.86;11.38;1014;36;3999.00;137
10511;34;624271814;10511;312;11522;11659;7.16;0.44;288.86;11.38;1011;36;4000.00;137
10512;34;624271830;10512;314;11522;11659;7.16;0.44;288.84;11.38;1010;36;4001.00;137
10516;34;624271842;10516;317;11522;11660;7.12;0.43;288.84;11.38;1006;36;4002.00;138
10517;34;624271854;10517;314;11522;11660;7.09;0.43;288.82;11.38;1005;36;4003.00;138
10518;34;624271866;10518;318;11527;11666;7.11;0.43;288.80;11.38;1009;36;4004.00;139
10521;34;624271879;10521;318;11529;11668;7.10;0.43;288.78;11.37;1008;36;4005.00;139
10524;34;624271891;10524;314;11529;11668;7.10;0.43;288.77;11.37;1005;36;4006.00;139
10527;34;624271904;10527;321;11529;11668;7.03;0.43;288.75;11.37;1002;36;4007.00;139
10528;34;624271916;10528;319;11532;11672;7.03;0.43;288.73;11.37;1004;36;4008.00;140
10530;34;624271928;10530;324;11533;11672;6.99;0.42;288.73;11.50;1003;36;4009.00;139
10530;34;624271941;10530;324;11533;11672;6.98;0.42;288.73;11.50;1003;36;4010.00;139
10532;34;624271952;10532;325;11534;11673;6.90;0.42;288.74;11.50;1002;36;4011.00;139
10534;34;624271964;10534;320;11537;11677;6.83;0.41;288.69;11.49;1003;36;4012.00;140
10537;34;624271975;10537;321;11537;11677;6.74;0.41;288.68;11.49;1000;36;4013.00;140
10537;34;624271987;10537;319;11540;11680;6.74;0.41;288.68;11.50;1003;36;4014.00;140
10542;34;624271999;10542;319;11542;11680;6.66;0.40;288.67;11.52;1000;36;4015.00;138
10544;34;624272010;10544;328;11542;11680;6.61;0.40;288.66;11.52;998;36;4016.00;138
10546;34;624272021;10546;329;11542;11680;6.61;0.40;288.66;11.52;996;36;4017.00;138
10548;34;624272033;10548;333;11546;11684;6.64;0.40;288.63;11.51;998;36;4018.00;138
10550;34;624272045;10550;321;11546;11684;6.63;0.40;288.60;11.51;996;36;4019.00;138
10551;34;624272058;10551;309;11546;11684;6.71;0.41;288.61;11.51;995;36;4020.00;138
10551;34;624272071;10551;296;11546;11684;6.75;0.41;288.61;11.51;995;36;4021.00;138
10552;34;624272082;10552;285;11546;11685;6.82;0.41;288.60;11.51;994;36;4022.00;139
10552;34;624272095;10552;280;11547;11686;6.92;0.42;288.60;11.51;995;36;4023.00;139
10554;34;624272107;10554;278;11547;11686;6.95;0.42;288.60;11.51;993;36;4024.00;139
10556;34;624272120;10556;286;11548;11687;6.99;0.42;288.59;11.51;992;36;4025.00;139
10559;34;624272138;10559;285;11548;11687;6.96;0.42;288.53;11.51;989;36;4026.00;139
10559;34;624272150;10559;284;11548;11687;6.98;0.42;288.53;11.51;989;36;4027.00;139
10560;34;624272161;10560;284;11548;11687;7.05;0.43;288.52;11.51;988;36;4028.00;139
10562;34;624272173;10562;284;11548;11687;7.06;0.43;288.48;11.51;986;36;4029.00;139
10564;34;624272184;10564;282;11548;11687;7.07;0.43;288.52;11.51;984;36;4030.00;139
10564;34;624272195;10564;278;11548;11687;7.13;0.43;288.52;11.51;984;36;4031.00;139
10566;34;624272205;10566;296;11616;11814;7.34;0.45;288.53;11.44;1050;36;4032.00;198
10567;35;624272226;10567;286;11620;11815;7.34;0.45;288.57;11.44;1053;37;4033.00;195
10570;35;624272251;10570;283;11628;11815;7.41;0.45;288.59;11.44;1058;37;4034.00;187
10572;35;624272264;10572;287;11630;11815;7.34;0.45;288.56;11.44;1058;37;4035.00;185
10572;35;624272276;10572;282;11636;11815;7.27;0.45;288.56;11.45;1064;37;4036.00;179
10574;35;624272288;10574;282;11638;11815;7.17;0.44;288.63;11.44;1064;37;4037.00;177
10575;35;624272300;10575;276;11640;11815;7.10;0.44;288.64;11.44;1065;37;4038.00;175
10578;35;624272312;10578;280;11642;11815;7.03;0.43;288.62;11.44;1064;37;4039.00;173
10580;35;624272328;10580;279;11646;11816;6.97;0.43;288.63;11.46;1066;37;4040.00;170
10586;35;624272346;10586;288;11650;11817;6.79;0.41;288.68;11.46;1064;37;4041.00;167
10587;35;624272358;10587;288;11653;11817;6.69;0.41;288.73;11.47;1066;37;4042.00;164
10588;35;624272370;10588;296;11656;11818;6.62;0.40;288.73;11.48;1068;37;4043.00;162
10593;35;624272382;10593;301;11659;11818;6.54;0.40;288.79;11.48;1066;37;4044.00;159
10594;35;624272399;10594;309;11663;11818;6.46;0.39;288.76;11.50;1069;37;4045.00;155
10595;35;624272418;10595;313;11665;11818;6.42;0.39;288.74;11.51;1070;37;4046.00;153
10595;35;624272436;10595;321;11671;11822;6.41;0.39;288.74;11.51;1076;37;4047.00;151
10597;35;624272455;10597;332;11672;11822;6.42;0.39;288.71;11.51;1075;37;4048.00;150
10599;35;624272474;10599;345;11676;11822;6.36;0.39;288.75;11.53;1077;37;4049.00;146
10602;35;624272494;10602;349;11682;11828;6.31;0.39;288.79;11.55;1080;37;4050.00;146
10603;35;624272510;10603;352;11685;11828;6.28;0.39;288.82;11.57;1082;37;4051.00;143
10604;35;624272524;10604;359;11688;11828;6.26;0.38;288.82;11.58;1084;37;4052.00;140
10605;35;624272538;10605;366;11695;11832;6.21;0.38;288.89;11.59;1090;37;4053.00;137
10607;35;624272550;10607;373;11696;11833;6.14;0.38;288.94;11.59;1089;37;4054.00;137
10610;36;624272563;10610;379;11700;11833;6.08;0.37;288.92;11.60;1090;38;4055.00;133
10613;36;624272589;10613;384;11702;11837;6.03;0.37;288.97;11.60;1089;38;4056.00;135
10615;36;624272602;10615;389;11706;11837;5.96;0.37;288.96;11.61;1091;38;4057.00;131
10619;36;624272615;10619;391;11706;11837;5.90;0.36;288.97;11.61;1087;38;4058.00;131
10621;36;624272627;10621;393;11709;11838;5.84;0.36;289.00;11.62;1088;38;4059.00;129
10622;36;624272639;10622;395;11709;11838;5.78;0.36;289.01;11.62;1087;38;4060.00;129
10626;36;624272652;10626;392;11716;11844;5.75;0.35;289.01;11.62;1090;38;4061.00;128
10630;36;624272666;10630;390;11716;11844;5.67;0.35;289.05;11.62;1086;38;4062.00;128
10632;36;624272680;10632;393;11717;11845;5.64;0.35;289.10;11.63;1085;38;4063.00;128
10634;36;624272693;10634;387;11717;11845;5.61;0.34;289.06;11.63;1083;38;4064.00;128
10637;36;624272705;10637;391;11719;11845;5.62;0.34;289.10;11.65;1082;38;4065.00;126
10638;36;624272719;10638;390;11719;11845;5.62;0.35;289.10;11.65;1081;38;4066.00;126
10640;36;624272732;10640;398;11719;11845;5.64;0.35;289.18;11.65;1079;38;4067.00;126
10645;36;624272759;10645;398;11732;11857;5.73;0.35;289.31;11.67;1087;38;4068.00;125
10647;36;624272773;10647;397;11733;11857;5.81;0.36;289.35;11.68;1086;38;4069.00;124
10652;36;624272785;10652;398;11734;11857;5.79;0.35;289.37;11.68;1082;38;4070.00;123
10656;36;624272797;10656;391;11737;11857;5.71;0.35;289.34;11.70;1081;38;4071.00;120
10663;36;624272809;10663;386;11737;11857;5.67;0.35;289.36;11.70;1074;38;4072.00;120
10667;36;624272821;10667;383;11737;11857;5.65;0.35;289.39;11.70;1070;38;4073.00;120
10672;36;624272833;10672;384;11741;11861;5.59;0.34;289.43;11.70;1069;38;4074.00;120
10676;36;624272846;10676;383;11741;11861;5.59;0.34;289.50;11.70;1065;38;4075.00;120
10679;36;624272857;10679;381;11748;11865;5.62;0.34;289.55;11.72;1069;38;4076.00;117
10681;36;624272869;10681;376;11749;11866;5.60;0.34;289.54;11.71;1068;38;4077.00;117
10686;36;624272881;10686;382;11749;11866;5.50;0.34;289.61;11.71;1063;38;4078.00;117
10694;36;624272892;10694;380;11750;11866;5.36;0.33;289.60;11.72;1056;38;4079.00;116
10694;36;624272906;10694;384;11771;11895;5.32;0.33;289.60;11.70;1077;38;4080.00;124
10699;36;624272920;10699;374;11775;11895;5.28;0.33;289.69;11.71;1076;38;4081.00;120
10704;36;624272931;10704;367;11777;11895;5.26;0.32;289.71;11.71;1073;38;4082.00;118
10705;36;624272942;10705;369;11779;11896;5.32;0.33;289.76;11.71;1074;38;4083.00;117
10709;36;624272953;10709;369;11780;11897;5.34;0.33;289.78;11.71;1071;38;4084.00;117
10712;36;624272965;10712;371;11780;11897;5.38;0.33;289.84;11.71;1068;38;4085.00;117
10714;36;624272978;10714;372;11785;11900;5.38;0.33;289.85;11.71;1071;38;4086.00;115
10719;36;624272989;10719;372;11785;11900;5.36;0.33;289.93;11.71;1066;38;4087.00;115
10722;36;624273007;10722;366;11785;11900;5.41;0.33;289.98;11.71;1063;38;4088.00;115
10725;36;624273020;10725;372;11785;11900;5.47;0.34;289.98;11.71;1060;38;4089.00;115
10732;36;624273033;10732;357;11790;11906;5.51;0.34;290.09;11.71;1058;38;4090.00;116
10737;36;624273046;10737;358;11790;11906;5.56;0.34;290.15;11.71;1053;38;4091.00;116
10742;36;624273058;10742;349;11790;11906;5.61;0.35;290.22;11.71;1048;38;4092.00;116
10749;36;624273070;10749;349;11790;11906;5.67;0.35;290.25;11.71;1041;38;4093.00;116
10752;36;624273082;10752;345;11793;11910;5.77;0.36;290.36;11.71;1041;38;4094.00;117
10757;36;624273095;10757;335;11795;11912;5.87;0.36;290.42;11.71;1038;38;4095.00;117
10763;36;624273107;10763;334;11795;11912;5.98;0.37;290.49;11.71;1032;38;4096.00;117
10767;36;624273119;10767;333;11796;11913;6.06;0.37;290.61;11.70;1029;38;4097.00;117
10768;36;624273131;10768;334;11796;11913;6.11;0.38;290.62;11.70;1028;38;4098.00;117
10772;36;624273143;10772;334;11796;11913;6.13;0.38;290.59;11.70;1024;38;4099.00;117
10776;36;624273157;10776;333;11796;11913;6.13;0.38;290.60;11.70;1020;38;4100.00;117
10782;36;624273176;10782;327;11796;11913;6.13;0.38;290.56;11.70;1014;38;4101.00;117
10786;36;624273189;10786;331;11796;11913;6.12;0.37;290.63;11.70;1010;38;4102.00;117
10791;36;624273202;10791;331;11797;11913;6.07;0.37;290.69;11.84;1006;38;4103.00;116
10795;37;624273215;10795;339;11835;11983;6.04;0.37;290.65;11.80;1040;39;4104.00;148
10798;37;624273246;10798;338;11836;11984;6.08;0.37;290.66;11.80;1038;39;4105.00;148
10802;37;624273260;10802;335;11842;11984;6.15;0.38;290.68;11.79;1040;39;4106.00;142
10805;37;624273273;10805;333;11844;11984;6.18;0.38;290.77;11.79;1039;39;4107.00;140
10811;37;624273287;10811;334;11847;11984;6.20;0.38;290.79;11.79;1036;39;4108.00;137
10815;37;624273301;10815;327;11849;11984;6.25;0.38;290.84;11.79;1034;39;4109.00;135
10819;37;624273316;10819;337;11852;11984;6.25;0.38;290.83;11.79;1033;39;4110.00;132
10824;37;624273329;10824;334;11854;11984;6.19;0.38;290.85;11.79;1030;39;4111.00;130
10828;37;624273355;10828;346;11855;11985;6.14;0.37;290.91;11.79;1027;39;4112.00;130
10832;37;624273368;10832;342;11857;11986;6.07;0.37;290.89;11.79;1025;39;4113.00;129
10836;37;624273383;10836;339;11859;11986;5.97;0.36;290.90;11.79;1023;39;4114.00;127
10841;37;624273401;10841;337;11863;11990;5.95;0.36;290.94;11.78;1022;39;4115.00;127
10844;37;624273415;10844;342;11865;11990;5.96;0.36;290.96;11.78;1021;39;4116.00;125
10846;37;624273428;10846;351;11866;11990;5.94;0.36;291.05;11.78;1020;39;4117.00;124
10849;37;624273440;10849;354;11867;11990;5.96;0.36;291.06;11.91;1018;39;4118.00;123
10851;37;624273452;10851;356;11873;11996;6.00;0.37;291.03;11.91;1022;39;4119.00;123
10854;37;624273465;10854;358;11873;11996;5.98;0.37;291.08;11.91;1019;39;4120.00;123
10856;37;624273477;10856;354;11873;11996;6.01;0.37;291.07;11.91;1017;39;4121.00;123
10859;37;624273489;10859;354;11875;11999;6.02;0.37;291.08;11.90;1016;39;4122.00;124
10861;37;624273501;10861;356;11876;11999;6.04;0.37;291.09;11.90;1015;39;4123.00;123
10861;37;624273513;10861;355;11877;11999;6.07;0.37;291.09;11.90;1016;39;4124.00;122
10866;37;624273524;10866;359;11877;12000;6.04;0.37;291.19;11.90;1011;39;4125.00;123
10868;37;624273536;10868;359;11878;12001;6.05;0.37;291.15;11.90;1010;39;4126.00;123
10870;37;624273547;10870;355;11878;12001;6.03;0.37;291.17;11.90;1008;39;4127.00;123
10873;37;624273559;10873;352;11889;12014;6.02;0.37;291.18;11.89;1016;39;4128.00;125
10878;37;624273572;10878;343;11889;12014;5.97;0.36;291.17;11.89;1011;39;4129.00;125
10883;37;624273584;10883;348;11889;12014;5.96;0.36;291.33;11.89;1006;39;4130.00;125
10885;37;624273596;10885;354;11890;12015;6.00;0.36;291.40;11.89;1005;39;4131.00;125
10885;37;624273608;10885;355;11891;12015;6.01;0.37;291.40;12.02;1006;39;4132.00;124
10885;37;624273619;10885;351;11895;12019;6.09;0.37;291.40;12.01;1010;39;4133.00;124
10887;37;624273632;10887;353;11895;12019;6.08;0.37;291.46;12.01;1008;39;4134.00;124
10890;37;624273644;10890;358;11898;12023;6.02;0.37;291.49;12.01;1008;39;4135.00;125
10891;37;624273663;10891;348;11898;12023;6.03;0.37;291.48;12.01;1007;39;4136.00;125
10893;37;624273675;10893;348;11898;12023;6.02;0.37;291.46;12.01;1005;39;4137.00;125
10893;37;624273688;10893;346;11898;12023;6.06;0.37;291.46;12.01;1005;39;4138.00;125
10894;37;624273699;10894;342;11899;12023;6.08;0.37;291.45;12.14;1005;39;4139.00;124
10897;37;624273713;10897;337;11925;12057;6.17;0.38;291.46;12.11;1028;39;4140.00;132
10900;37;624273727;10900;337;11925;12057;6.20;0.38;291.45;12.11;1025;39;4141.00;132
10903;37;624273740;10903;344;11927;12057;6.23;0.38;291.44;12.11;1024;39;4142.00;130
10904;37;624273752;10904;338;11927;12057;6.23;0.38;291.44;12.11;1023;39;4143.00;130
10908;37;624273764;10908;338;11928;12057;6.21;0.38;291.41;12.11;1020;39;4144.00;129
10908;37;624273777;10908;338;11928;12057;6.24;0.38;291.41;12.11;1020;39;4145.00;129
10908;37;624273789;10908;341;11928;12058;6.32;0.39;291.41;12.11;1020;39;4146.00;130
10911;37;624273800;10911;340;11929;12058;6.35;0.39;291.39;12.23;1018;39;4147.00;129
10915;37;624273813;10915;346;11934;12064;6.37;0.39;291.39;12.23;1019;39;4148.00;130
10916;37;624273825;10916;345;11935;12065;6.37;0.39;291.36;12.23;1019;39;4149.00;130
10917;37;624273838;10917;346;11935;12065;6.34;0.39;291.36;12.23;1018;39;4150.00;130
10919;37;624273850;10919;346;11935;12065;6.35;0.39;291.33;12.23;1016;39;4151.00;130
10920;37;624273862;10920;345;11938;12069;6.36;0.39;291.34;12.22;1018;39;4152.00;131
10923;37;624273874;10923;348;11938;12069;6.40;0.39;291.35;12.22;1015;39;4153.00;131
10924;37;624273886;10924;345;11938;12069;6.42;0.39;291.33;12.22;1014;39;4154.00;131
10928;37;624273897;10928;343;11939;12070;6.42;0.39;291.37;12.22;1011;39;4155.00;131
10929;37;624273910;10929;347;11943;12074;6.42;0.39;291.35;12.34;1014;39;4156.00;131
10932;37;624273921;10932;351;11943;12074;6.42;0.39;291.32;12.34;1011;39;4157.00;131
10934;37;624273933;10934;350;11945;12077;6.42;0.39;291.31;12.34;1011;39;4158.00;132
10936;37;624273945;10936;346;11945;12077;6.39;0.39;291.28;12.34;1009;39;4159.00;132
10938;37;624273957;10938;344;11946;12077;6.34;0.39;291.28;12.34;1008;39;4160.00;131
10938;37;624273968;10938;349;11946;12077;6.32;0.39;291.28;12.34;1008;39;4161.00;131
10941;37;624273980;10941;346;11950;12081;6.31;0.38;291.26;12.34;1009;39;4162.00;131
10942;37;624273992;10942;339;11950;12081;6.31;0.38;291.28;12.34;1008;39;4163.00;131
10942;37;624274005;10942;339;11950;12081;6.30;0.38;291.28;12.34;1008;39;4164.00;131
10942;37;624274016;10942;345;11950;12081;6.32;0.39;291.28;12.34;1008;39;4165.00;131
10945;37;624274027;10945;342;11950;12082;6.29;0.38;291.30;12.34;1005;39;4166.00;132
10945;37;624274039;10945;341;11951;12083;6.40;0.39;291.30;12.34;1006;39;4167.00;132
10945;37;624274049;10945;338;11951;12083;6.40;0.39;291.30;12.34;1006;39;4168.00;132
10947;37;624274061;10947;333;11953;12084;6.45;0.39;291.35;12.46;1006;39;4169.00;131
10948;37;624274075;10948;336;11953;12084;6.49;0.40;291.36;12.46;1005;39;4170.00;131
10948;37;624274086;10948;318;11953;12084;6.59;0.40;291.36;12.46;1005;39;4171.00;131
10949;37;624274098;10949;313;11953;12084;6.62;0.40;291.35;12.46;1004;39;4172.00;131
10951;37;624274109;10951;307;11955;12086;6.67;0.41;291.37;12.46;1004;39;4173.00;131
10952;37;624274121;10952;302;11955;12086;6.78;0.41;291.40;12.46;1003;39;4174.00;131
10953;37;624274134;10953;301;11955;12086;6.86;0.42;291.39;12.46;1002;39;4175.00;131
10953;37;624274145;10953;315;12021;12213;6.98;0.43;291.39;12.39;1068;39;4176.00;192
10957;37;624274192;10957;300;12022;12214;7.04;0.43;291.36;12.39;1065;39;4177.00;192
10963;37;624274221;10963;292;12028;12214;7.16;0.44;291.39;12.38;1065;39;4178.00;186
10966;37;624274242;10966;280;12031;12214;7.21;0.44;291.43;12.38;1065;39;4179.00;183
10969;37;624274258;10969;274;12036;12214;7.25;0.45;291.42;12.38;1067;39;4180.00;178
10970;37;624274282;10970;271;12039;12214;7.26;0.45;291.47;12.37;1069;39;4181.00;175
10972;37;624274308;10972;262;12042;12214;7.32;0.45;291.47;12.37;1070;39;4182.00;172
10973;37;624274326;10973;261;12046;12214;7.39;0.45;291.46;12.37;1073;39;4183.00;168
10975;37;624274342;10975;263;12050;12215;7.47;0.46;291.47;12.37;1075;39;4184.00;165
10979;37;624274359;10979;261;12055;12217;7.40;0.45;291.46;12.39;1076;39;4185.00;162
10981;37;624274377;10981;269;12057;12217;7.43;0.45;291.51;12.39;1076;39;4186.00;160
10984;37;624274404;10984;260;12059;12218;7.38;0.45;291.50;12.39;1075;39;4187.00;159
10987;37;624274432;10987;261;12061;12218;7.35;0.45;291.48;12.39;1074;39;4188.00;157
10987;37;624274451;10987;257;12062;12218;7.29;0.44;291.48;12.39;1075;39;4189.00;156
10988;37;624274471;10988;253;12063;12218;7.29;0.45;291.49;12.39;1075;39;4190.00;155
10991;37;624274490;10991;247;12067;12222;7.30;0.44;291.48;12.39;1076;39;4191.00;155
10992;37;624274511;10992;248;12068;12222;7.31;0.45;291.49;12.39;1076;39;4192.00;154
10995;37;624274529;10995;246;12070;12222;7.29;0.44;291.50;12.39;1075;39;4193.00;152
10997;37;624274546;10997;249;12072;12225;7.33;0.45;291.51;12.39;1075;39;4194.00;153
10997;37;624274566;10997;248;12073;12225;7.35;0.45;291.51;12.39;1076;39;4195.00;152
11000;37;624274582;11000;248;12074;12225;7.29;0.44;291.49;12.39;1074;39;4196.00;151
11002;37;624274600;11002;250;12077;12229;7.20;0.44;291.49;12.39;1075;39;4197.00;152
11008;37;624274626;11008;257;12080;12230;7.15;0.43;291.46;12.39;1072;39;4198.00;150
11011;37;624274642;11011;261;12080;12230;7.13;0.43;291.43;12.39;1069;39;4199.00;150
11016;37;624274664;11016;266;12091;12264;7.07;0.43;291.46;12.38;1075;39;4200.00;173
11018;37;624274690;11018;266;12094;12264;7.07;0.43;291.46;12.38;1076;39;4201.00;170
11023;37;624274708;11023;270;12098;12264;7.01;0.43;291.55;12.38;1075;39;4202.00;166
11026;37;624274724;11026;266;12100;12265;6.99;0.42;291.59;12.38;1074;39;4203.00;165
11026;38;624274741;11026;268;12102;12265;7.00;0.43;291.59;12.38;1076;40;4204.00;163
11029;38;624274781;11029;272;12104;12271;7.01;0.43;291.62;12.38;1075;40;4205.00;167
11032;38;624274799;11032;274;12109;12271;6.90;0.42;291.64;12.37;1077;40;4206.00;162
11034;38;624274815;11034;279;12110;12272;6.90;0.42;291.70;12.37;1076;40;4207.00;162
11036;38;624274840;11036;283;12111;12272;6.87;0.42;291.76;12.37;1075;40;4208.00;161
11037;38;624274857;11037;289;12111;12272;6.84;0.42;291.75;12.37;1074;40;4209.00;161
11040;38;624274881;11040;293;12113;12272;6.86;0.42;291.78;12.39;1073;40;4210.00;159
11044;38;624274897;11044;307;12115;12272;6.86;0.42;291.76;12.39;1071;40;4211.00;157
11046;38;624274914;11046;313;12126;12284;6.92;0.42;291.77;12.39;1080;40;4212.00;158
11047;38;624274932;11047;318;12128;12284;6.90;0.42;291.82;12.41;1081;40;4213.00;156
11048;38;624274948;11048;322;12129;12284;6.89;0.42;291.84;12.40;1081;40;4214.00;155
11049;38;624274965;11049;322;12130;12284;6.85;0.42;291.84;12.41;1081;40;4215.00;154
11050;38;624274981;11050;329;12133;12284;6.82;0.41;291.89;12.42;1083;40;4216.00;151
11055;38;624275001;11055;333;12134;12284;6.75;0.41;291.93;12.44;1079;40;4217.00;150
11058;38;624275017;11058;343;12138;12288;6.70;0.41;291.92;12.44;1080;40;4218.00;150
11061;38;624275034;11061;347;12140;12288;6.69;0.41;292.03;12.44;1079;40;4219.00;148
11064;38;624275050;11064;352;12144;12292;6.72;0.41;292.03;12.45;1080;40;4220.00;148
11067;38;624275067;11067;359;12148;12293;6.69;0.41;292.01;12.47;1081;40;4221.00;145
11070;38;624275082;11070;362;12150;12293;6.61;0.40;292.09;12.48;1080;40;4222.00;143
11071;38;624275098;11071;364;12151;12293;6.54;0.40;292.12;12.48;1080;40;4223.00;142
11074;38;624275113;11074;366;12162;12306;6.50;0.40;292.11;12.48;1088;40;4224.00;144
11079;38;624275129;11079;364;12164;12306;6.41;0.39;292.17;12.48;1085;40;4225.00;142
11081;38;624275143;11081;372;12166;12306;6.33;0.39;292.13;12.50;1085;40;4226.00;140
11083;38;624275158;11083;369;12168;12307;6.25;0.38;292.18;12.51;1085;40;4227.00;139
11085;38;624275174;11085;370;12170;12308;6.14;0.38;292.19;12.52;1085;40;4228.00;138
11087;38;624275190;11087;369;12170;12308;6.10;0.37;292.17;12.52;1083;40;4229.00;138
11089;38;624275210;11089;368;12176;12314;6.07;0.37;292.16;12.54;1087;40;4230.00;138
11090;38;624275227;11090;372;12177;12314;6.07;0.37;292.16;12.54;1087;40;4231.00;137
11092;38;624275249;11092;367;12181;12314;6.04;0.37;292.20;12.55;1089;40;4232.00;133
11095;38;624275272;11095;366;12181;12314;5.99;0.37;292.24;12.55;1086;40;4233.00;133
11097;38;624275288;11097;368;12186;12320;5.98;0.37;292.24;12.55;1089;40;4234.00;134
11101;38;624275304;11101;369;12188;12320;5.97;0.37;292.28;12.56;1087;40;4235.00;132
11102;38;624275319;11102;374;12188;12320;5.97;0.37;292.28;12.56;1086;40;4236.00;132
11105;38;624275333;11105;381;12188;12320;5.96;0.37;292.28;12.56;1083;40;4237.00;132
11108;38;624275356;11108;379;12194;12324;5.90;0.36;292.27;12.58;1086;40;4238.00;130
11112;38;624275371;11112;377;12195;12325;5.90;0.36;292.34;12.57;1083;40;4239.00;130
11115;38;624275393;11115;380;12197;12325;5.88;0.36;292.29;12.59;1082;40;4240.00;128
11116;38;624275410;11116;386;12198;12326;5.84;0.36;292.34;12.59;1082;40;4241.00;128
11117;38;624275432;11117;383;12200;12326;5.84;0.36;292.32;12.60;1083;40;4242.00;126
11121;38;624275450;11121;385;12200;12326;5.83;0.36;292.38;12.60;1079;40;4243.00;126
11125;38;624275464;11125;381;12203;12326;5.79;0.35;292.41;12.61;1078;40;4244.00;123
11132;38;624275478;11132;378;12203;12326;5.69;0.35;292.42;12.61;1071;40;4245.00;123
11135;38;624275491;11135;374;12203;12326;5.63;0.34;292.45;12.61;1068;40;4246.00;123
11139;38;624275506;11139;377;12205;12326;5.54;0.34;292.49;12.62;1066;40;4247.00;121
11143;38;624275520;11143;388;12246;12396;5.52;0.34;292.56;12.57;1103;40;4248.00;150
11147;38;624275541;11147;389;12252;12397;5.47;0.34;292.61;12.59;1105;40;4249.00;145
11149;38;624275555;11149;373;12256;12397;5.48;0.34;292.67;12.58;1107;40;4250.00;141
11153;38;624275567;11153;367;12259;12397;5.45;0.34;292.76;12.58;1106;40;4251.00;138
11157;38;624275581;11157;363;12263;12397;5.38;0.33;292.81;12.59;1106;40;4252.00;134
11160;38;624275596;11160;366;12264;12397;5.38;0.33;292.89;12.59;1104;40;4253.00;133
11165;38;624275610;11165;368;12268;12397;5.41;0.33;292.91;12.59;1103;40;4254.00;129
11168;38;624275624;11168;367;12269;12397;5.48;0.34;292.97;12.59;1101;40;4255.00;128
11171;38;624275638;11171;376;12270;12398;5.50;0.34;293.02;12.59;1099;40;4256.00;128
11177;38;624275653;11177;361;12273;12399;5.47;0.33;293.09;12.60;1096;40;4257.00;126
11179;38;624275666;11179;354;12274;12399;5.46;0.33;293.12;12.60;1095;40;4258.00;125
11182;38;624275680;11182;359;12278;12403;5.41;0.33;293.19;12.60;1096;40;4259.00;125
11183;38;624275695;11183;356;12280;12403;5.43;0.33;293.20;12.60;1097;40;4260.00;123
11185;38;624275708;11185;353;12282;12403;5.44;0.33;293.25;12.60;1097;40;4261.00;121
11191;38;624275721;11191;356;12283;12403;5.46;0.34;293.30;12.60;1092;40;4262.00;120
11195;38;624275734;11195;359;12287;12409;5.50;0.34;293.32;12.59;1092;40;4263.00;122
11199;38;624275749;11199;364;12288;12409;5.55;0.34;293.35;12.59;1089;40;4264.00;121
11204;38;624275768;11204;368;12289;12409;5.56;0.34;293.31;12.59;1085;40;4265.00;120
11208;38;624275781;11208;368;12291;12412;5.59;0.34;293.39;12.72;1083;40;4266.00;121
11211;38;624275797;11211;364;12292;12412;5.61;0.34;293.37;12.72;1081;40;4267.00;120
11215;38;624275811;11215;367;12292;12412;5.57;0.34;293.42;12.72;1077;40;4268.00;120
11219;38;624275826;11219;364;12293;12413;5.60;0.34;293.42;12.72;1074;40;4269.00;120
11222;38;624275838;11222;365;12295;12414;5.62;0.34;293.39;12.71;1073;40;4270.00;119
11224;38;624275852;11224;366;12295;12414;5.59;0.34;293.45;12.71;1071;40;4271.00;119
11229;38;624275863;11229;367;12306;12427;5.59;0.34;293.44;12.71;1077;40;4272.00;121
11232;38;624275877;11232;370;12307;12427;5.57;0.34;293.50;12.71;1075;40;4273.00;120
11238;38;624275890;11238;378;12308;12427;5.61;0.34;293.52;12.70;1070;40;4274.00;119
11244;38;624275904;11244;378;12310;12429;5.59;0.34;293.57;12.70;1066;40;4275.00;119
11250;38;624275920;11250;381;12310;12429;5.60;0.34;293.50;12.70;1060;40;4276.00;119
11255;38;624275939;11255;382;12314;12433;5.59;0.34;293.64;12.70;1059;40;4277.00;119
11256;38;624275955;11256;383;12314;12433;5.60;0.34;293.65;12.70;1058;40;4278.00;119
11263;38;624275969;11263;387;12317;12437;5.51;0.33;293.83;12.70;1054;40;4279.00;120
11267;38;624275984;11267;382;12317;12437;5.44;0.33;293.87;12.70;1050;40;4280.00;120
11273;38;624275996;11273;386;12317;12437;5.37;0.33;293.99;12.70;1044;40;4281.00;120
11278;38;624276008;11278;390;12317;12437;5.30;0.32;294.09;12.70;1039;40;4282.00;120
11282;38;624276021;11282;405;12317;12437;5.24;0.32;294.11;12.70;1035;40;4283.00;120
11284;38;624276035;11284;412;12327;12449;5.28;0.32;294.10;12.69;1043;40;4284.00;122
11288;38;624276049;11288;421;12327;12449;5.21;0.32;294.15;12.69;1039;40;4285.00;122
11290;38;624276062;11290;419;12328;12449;5.24;0.32;294.12;12.68;1038;40;4286.00;121
11293;38;624276075;11293;423;12328;12449;5.24;0.32;294.14;12.68;1035;40;4287.00;121
11294;38;624276086;11294;430;12328;12449;5.24;0.32;294.12;12.68;1034;40;4288.00;121
11296;38;624276097;11296;438;12328;12449;5.19;0.32;294.08;12.68;1032;40;4289.00;121
11298;38;624276111;11298;436;12328;12450;5.21;0.32;294.10;12.68;1030;40;4290.00;122
11301;38;624276122;11301;438;12328;12450;5.15;0.31;294.10;12.68;1027;40;4291.00;122
11303;38;624276135;11303;447;12333;12456;5.15;0.31;294.15;12.68;1030;40;4292.00;123
11306;38;624276148;11306;448;12334;12457;5.07;0.31;294.17;12.68;1028;40;4293.00;123
11308;38;624276162;11308;458;12334;12457;5.02;0.31;294.18;12.68;1026;40;4294.00;123
11310;38;624276176;11310;462;12334;12457;4.95;0.30;294.19;12.68;1024;40;4295.00;123
11314;38;624276189;11314;469;12337;12461;4.89;0.30;294.19;12.68;1023;40;4296.00;124
11316;38;624276202;11316;460;12338;12461;4.86;0.30;294.17;12.80;1022;40;4297.00;123
11319;38;624276214;11319;450;12338;12461;4.88;0.30;294.17;12.80;1019;40;4298.00;123
11322;38;624276228;11322;443;12339;12462;4.87;0.30;294.18;12.80;1017;40;4299.00;123
11324;38;624276243;11324;441;12342;12466;4.91;0.30;294.20;12.80;1018;40;4300.00;124
11327;38;624276261;11327;440;12342;12466;4.90;0.30;294.26;12.80;1015;40;4301.00;124
11330;38;624276276;11330;440;12344;12469;4.98;0.31;294.25;12.80;1014;40;4302.00;125
11333;38;624276290;11333;441;12344;12469;5.00;0.31;294.21;12.80;1011;40;4303.00;125
11336;38;624276304;11336;434;12345;12469;5.05;0.31;294.23;12.79;1009;40;4304.00;124
11339;38;624276318;11339;435;12345;12469;5.01;0.31;294.23;12.79;1006;40;4305.00;124
11342;38;624276337;11342;421;12349;12473;5.09;0.31;294.26;12.79;1007;40;4306.00;124
11342;38;624276352;11342;408;12349;12473;5.14;0.32;294.26;12.79;1007;40;4307.00;124
11346;38;624276365;11346;399;12349;12473;5.19;0.32;294.28;12.79;1003;40;4308.00;124
11348;38;624276382;11348;388;12349;12473;5.32;0.33;294.29;12.79;1001;40;4309.00;124
11351;38;624276398;11351;384;12349;12474;5.37;0.33;294.27;12.79;998;40;4310.00;125
11352;38;624276416;11352;377;12350;12475;5.46;0.33;294.26;12.79;998;40;4311.00;125
11352;38;624276445;11352;378;12350;12475;5.51;0.34;294.26;12.79;998;40;4312.00;125
11355;38;624276465;11355;369;12351;12476;5.55;0.34;294.29;12.79;996;40;4313.00;125
11357;38;624276483;11357;373;12352;12476;5.59;0.34;294.34;12.92;995;40;4314.00;124
11361;38;624276499;11361;376;12352;12476;5.61;0.34;294.37;12.92;991;40;4315.00;124
11363;38;624276516;11363;371;12352;12476;5.70;0.35;294.35;12.92;989;41;4316.00;124
11365;38;624276542;11365;372;12352;12476;5.80;0.35;294.34;12.92;987;41;4317.00;124
11366;38;624276558;11366;365;12352;12476;5.86;0.36;294.33;12.92;986;41;4318.00;124
11366;38;624276573;11366;364;12352;12476;5.95;0.36;294.33;12.92;986;41;4319.00;124
11367;38;624276588;11367;402;12466;12706;6.28;0.39;294.33;12.80;1099;41;4320.00;240
11368;38;624276626;11368;387;12470;12707;6.31;0.39;294.31;12.79;1102;41;4321.00;237
11369;38;624276643;11369;369;12481;12707;6.39;0.40;294.32;12.78;1112;41;4322.00;226
11369;38;624276657;11369;351;12485;12707;6.47;0.40;294.32;12.78;1116;41;4323.00;222
11372;38;624276672;11372;344;12494;12707;6.47;0.40;294.32;12.77;1122;41;4324.00;213
11376;39;624276701;11376;330;12496;12707;6.50;0.40;294.38;12.77;1120;42;4325.00;211
11377;39;624276745;11377;321;12502;12707;6.55;0.41;294.38;12.77;1125;42;4326.00;205
11378;39;624276765;11378;318;12509;12707;6.60;0.41;294.39;12.77;1131;42;4327.00;198
11379;39;624276790;11379;305;12514;12708;6.64;0.41;294.40;12.77;1135;42;4328.00;194
11380;39;624276811;11380;304;12519;12709;6.69;0.41;294.41;12.76;1139;42;4329.00;190
11380;39;624276838;11380;300;12524;12709;6.69;0.41;294.41;12.88;1144;42;4330.00;185
11382;39;624276855;11382;297;12527;12710;6.67;0.41;294.41;12.88;1145;42;4331.00;183
11384;39;624276873;11384;295;12528;12710;6.65;0.41;294.44;12.88;1144;42;4332.00;182
11384;39;624276915;11384;298;12530;12710;6.64;0.41;294.44;12.88;1146;42;4333.00;180
11385;39;624276931;11385;299;12531;12710;6.67;0.41;294.44;12.88;1146;42;4334.00;179
11385;39;624276950;11385;293;12533;12714;6.73;0.41;294.44;12.88;1148;42;4335.00;181
11386;39;624276976;11386;289;12534;12714;6.78;0.42;294.44;12.88;1148;42;4336.00;180
11386;39;624276995;11386;294;12536;12714;6.82;0.42;294.44;12.88;1150;42;4337.00;178
11387;39;624277012;11387;289;12537;12717;6.85;0.42;294.43;12.88;1150;42;4338.00;180
11388;39;624277029;11388;286;12537;12717;6.89;0.42;294.44;12.88;1149;42;4339.00;180
11391;39;624277049;11391;288;12538;12717;6.97;0.43;294.44;12.88;1147;42;4340.00;179
11393;39;624277072;11393;288;12541;12721;6.98;0.43;294.48;12.88;1148;42;4341.00;180
11394;39;624277094;11394;292;12542;12722;7.02;0.43;294.48;12.88;1148;42;4342.00;180
11395;39;624277113;11395;293;12543;12722;7.07;0.43;294.48;12.88;1148;42;4343.00;179
11396;39;624277140;11396;290;12545;12726;7.18;0.44;294.48;12.87;1149;42;4344.00;181
11399;39;624277159;11399;289;12547;12726;7.24;0.44;294.45;12.99;1148;42;4345.00;179
11401;39;624277189;11401;284;12547;12726;7.29;0.44;294.43;12.99;1146;42;4346.00;179
11402;39;624277210;11402;290;12549;12727;7.28;0.44;294.43;12.99;1147;42;4347.00;178
11402;39;624277228;11402;294;12549;12727;7.25;0.44;294.43;12.99;1147;42;4348.00;178
11406;39;624277248;11406;286;12554;12733;7.22;0.44;294.39;12.99;1148;42;4349.00;179
11410;39;624277272;11410;285;12554;12733;7.22;0.44;294.43;12.99;1144;42;4350.00;179
11412;39;624277293;11412;284;12556;12734;7.18;0.44;294.42;12.99;1144;42;4351.00;178
11415;39;624277320;11415;276;12556;12734;7.17;0.44;294.43;12.99;1141;42;4352.00;178
11416;39;624277337;11416;274;12560;12734;7.13;0.43;294.43;13.00;1144;42;4353.00;174
11417;39;624277358;11417;271;12561;12734;7.11;0.43;294.44;13.00;1144;42;4354.00;173
11420;39;624277383;11420;271;12564;12734;7.08;0.43;294.44;13.02;1144;42;4355.00;170
11426;39;624277412;11426;260;12574;12746;7.07;0.43;294.50;13.01;1148;42;4356.00;172
11427;39;624277432;11427;263;12575;12746;7.08;0.43;294.48;13.01;1148;42;4357.00;171
11430;39;624277451;11430;263;12576;12746;7.10;0.43;294.51;13.01;1146;42;4358.00;170
11435;40;624277467;11435;257;12576;12746;7.07;0.43;294.50;13.01;1141;43;4359.00;170
11438;40;624277499;11438;250;12576;12746;7.14;0.44;294.57;13.01;1138;43;4360.00;170
11440;40;624277515;11440;252;12577;12746;7.20;0.44;294.61;13.12;1137;43;4361.00;169
11445;40;624277531;11445;248;12580;12750;7.20;0.44;294.59;13.12;1135;43;4362.00;170
11449;41;624277547;11449;247;12580;12750;7.23;0.44;294.66;13.12;1131;44;4363.00;170
11455;41;624277578;11455;254;12583;12754;7.23;0.44;294.64;13.12;1128;44;4364.00;171
11461;41;624277597;11461;256;12585;12756;7.23;0.44;294.68;13.12;1124;44;4365.00;171
11462;41;624277614;11462;257;12585;12756;7.21;0.44;294.69;13.12;1123;44;4366.00;171
11465;41;624277628;11465;264;12587;12756;7.17;0.44;294.68;13.12;1122;44;4367.00;169
11469;41;624277645;11469;264;12597;12769;7.15;0.44;294.72;13.12;1128;44;4368.00;172
11470;41;624277661;11470;267;12597;12769;7.13;0.43;294.74;13.12;1127;44;4369.00;172
11472;41;624277677;11472;270;12599;12769;7.12;0.43;294.78;13.12;1127;44;4370.00;170
11473;41;624277693;11473;268;12600;12770;7.10;0.43;294.82;13.12;1127;44;4371.00;170
11476;41;624277710;11476;282;12601;12771;7.07;0.43;294.91;13.12;1125;44;4372.00;170
11479;41;624277731;11479;289;12603;12771;7.07;0.43;294.91;13.12;1124;44;4373.00;168
11481;41;624277747;11481;297;12605;12774;7.07;0.43;294.92;13.12;1124;44;4374.00;169
11486;41;624277762;11486;300;12606;12774;7.03;0.43;294.99;13.12;1120;44;4375.00;168
11487;41;624277778;11487;297;12607;12774;7.05;0.43;294.98;13.12;1120;44;4376.00;167
11489;41;624277794;11489;302;12607;12774;7.04;0.43;295.00;13.12;1118;44;4377.00;167
11492;41;624277809;11492;303;12613;12780;7.02;0.43;295.03;13.12;1121;44;4378.00;167
11496;41;624277826;11496;312;12614;12780;6.97;0.42;295.03;13.13;1118;44;4379.00;166
11499;41;624277843;11499;314;12615;12780;6.93;0.42;295.04;13.14;1116;44;4380.00;165
11500;41;624277862;11500;312;12615;12780;6.89;0.42;295.06;13.14;1115;44;4381.00;165
11502;41;624277881;11502;320;12618;12784;6.79;0.41;295.02;13.13;1116;44;4382.00;166
11505;41;624277895;11505;323;12622;12785;6.74;0.41;295.07;13.16;1117;44;4383.00;163
11507;41;624277910;11507;326;12622;12785;6.72;0.41;295.07;13.16;1115;44;4384.00;163
11509;41;624277923;11509;330;12626;12786;6.66;0.41;295.12;13.19;1117;44;4385.00;160
11510;41;624277938;11510;335;12627;12786;6.62;0.40;295.11;13.20;1117;44;4386.00;159
11515;41;624277952;11515;345;12629;12786;6.60;0.40;295.12;13.21;1114;44;4387.00;157
11518;41;624277966;11518;343;12631;12786;6.56;0.40;295.11;13.23;1113;44;4388.00;155
11521;41;624277979;11521;347;12633;12786;6.57;0.40;295.15;13.24;1112;44;4389.00;153
11525;41;624277992;11525;346;12634;12786;6.56;0.40;295.24;13.25;1109;44;4390.00;152
11525;41;624278005;11525;350;12637;12786;6.55;0.40;295.24;13.26;1112;44;4391.00;149
11529;41;624278017;11529;362;12675;12856;6.63;0.41;295.26;13.24;1146;44;4392.00;181
11531;41;624278036;11531;361;12676;12857;6.62;0.41;295.28;13.24;1145;44;4393.00;181
11533;41;624278049;11533;366;12685;12857;6.60;0.40;295.32;13.24;1152;44;4394.00;172
11534;41;624278062;11534;371;12689;12857;6.55;0.40;295.36;13.25;1155;44;4395.00;168
11539;41;624278075;11539;371;12694;12857;6.49;0.40;295.39;13.25;1155;44;4396.00;163
11541;41;624278087;11541;375;12697;12857;6.45;0.39;295.42;13.26;1156;44;4397.00;160
11542;41;624278099;11542;379;12701;12857;6.42;0.39;295.45;13.26;1159;44;4398.00;156
11543;41;624278113;11543;368;12705;12857;6.40;0.39;295.43;13.27;1162;44;4399.00;152
11544;41;624278127;11544;372;12709;12858;6.39;0.39;295.48;13.27;1165;44;4400.00;149
11548;41;624278144;11548;370;12711;12859;6.39;0.39;295.54;13.27;1163;44;4401.00;148
11549;41;624278157;11549;368;12712;12859;6.40;0.39;295.52;13.27;1163;44;4402.00;147
11553;41;624278170;11553;366;12717;12863;6.34;0.39;295.61;13.28;1164;44;4403.00;146
11557;41;624278183;11557;368;12717;12863;6.32;0.39;295.72;13.28;1160;44;4404.00;146
11562;41;624278196;11562;372;12720;12863;6.31;0.39;295.69;13.30;1158;44;4405.00;143
11564;41;624278209;11564;373;12720;12863;6.32;0.39;295.76;13.30;1156;44;4406.00;143
11566;41;624278222;11566;376;12725;12869;6.41;0.39;295.84;13.29;1159;44;4407.00;144
11568;41;624278236;11568;372;12727;12869;6.43;0.39;295.88;13.30;1159;44;4408.00;142
11572;41;624278249;11572;378;12727;12869;6.41;0.39;295.95;13.30;1155;44;4409.00;142
11578;41;624278264;11578;383;12732;12875;6.38;0.39;295.98;13.29;1154;44;4410.00;143
11582;41;624278278;11582;384;12733;12875;6.28;0.38;296.01;13.30;1151;44;4411.00;142
11585;41;624278291;11585;382;12734;12875;6.22;0.38;296.02;13.30;1149;44;4412.00;141
11587;41;624278303;11587;386;12734;12876;6.15;0.38;295.98;13.30;1147;44;4413.00;142
11592;41;624278316;11592;389;12736;12877;6.05;0.37;296.07;13.31;1144;44;4414.00;141
11596;41;624278329;11596;396;12737;12877;5.93;0.36;296.03;13.31;1141;44;4415.00;140
11600;41;624278341;11600;407;12747;12890;5.85;0.36;296.11;13.30;1147;44;4416.00;143
11605;41;624278354;11605;401;12748;12890;5.74;0.35;296.22;13.31;1143;44;4417.00;142
11610;41;624278367;11610;410;12749;12890;5.64;0.35;296.28;13.32;1139;44;4418.00;141
11613;41;624278379;11613;418;12751;12891;5.62;0.34;296.32;13.32;1138;44;4419.00;140
11620;41;624278393;11620;406;12753;12891;5.58;0.34;296.33;13.33;1133;44;4420.00;138
11623;41;624278412;11623;396;12756;12895;5.63;0.34;296.34;13.33;1133;44;4421.00;139
11629;41;624278433;11629;394;12757;12895;5.64;0.35;296.39;13.33;1128;44;4422.00;138
11632;41;624278453;11632;393;12760;12899;5.67;0.35;296.50;13.34;1128;44;4423.00;139
11634;41;624278472;11634;385;12760;12899;5.69;0.35;296.52;13.34;1126;44;4424.00;139
11640;41;624278491;11640;388;12763;12899;5.66;0.35;296.60;13.34;1123;44;4425.00;136
11643;41;624278508;11643;387;12764;12899;5.68;0.35;296.65;13.35;1121;44;4426.00;135
11648;41;624278522;11648;385;12765;12899;5.64;0.35;296.72;13.35;1117;44;4427.00;134
11650;41;624278535;11650;393;12777;12911;5.68;0.35;296.75;13.35;1127;44;4428.00;134
11654;41;624278549;11654;393;12777;12911;5.65;0.35;296.77;13.35;1123;44;4429.00;134
11658;41;624278563;11658;383;12780;12911;5.62;0.34;296.84;13.35;1122;44;4430.00;131
11662;41;624278576;11662;384;12781;12911;5.62;0.34;296.85;13.35;1119;44;4431.00;130
11664;41;624278590;11664;390;12781;12911;5.62;0.34;296.92;13.35;1117;44;4432.00;130
11667;41;624278603;11667;395;12781;12911;5.63;0.34;296.93;13.35;1114;44;4433.00;130
11670;41;624278617;11670;393;12781;12912;5.65;0.35;296.90;13.35;1111;44;4434.00;131
11674;41;624278630;11674;392;12781;12912;5.67;0.35;296.91;13.35;1107;44;4435.00;131
11678;41;624278643;11678;397;12786;12918;5.72;0.35;296.89;13.34;1108;44;4436.00;132
11681;41;624278657;11681;392;12787;12919;5.76;0.35;296.92;13.34;1106;44;4437.00;132
11686;41;624278670;11686;395;12787;12919;5.75;0.35;296.92;13.34;1101;44;4438.00;132
11688;41;624278683;11688;396;12787;12919;5.79;0.35;296.88;13.34;1099;44;4439.00;132
11692;41;624278698;11692;401;12791;12924;5.83;0.36;296.87;13.34;1099;44;4440.00;133
11695;41;624278712;11695;411;12791;12924;5.83;0.36;296.90;13.34;1096;44;4441.00;133
11700;41;624278724;11700;409;12791;12924;5.78;0.35;296.85;13.34;1091;44;4442.00;133
11706;41;624278737;11706;402;12792;12925;5.77;0.35;296.90;13.34;1086;44;4443.00;133
11710;41;624278750;11710;403;12795;12929;5.79;0.35;296.93;13.33;1085;44;4444.00;134
11716;41;624278762;11716;409;12795;12929;5.72;0.35;297.06;13.33;1079;44;4445.00;134
11721;41;624278776;11721;410;12797;12932;5.67;0.35;297.07;13.33;1076;44;4446.00;135
11724;41;624278789;11724;417;12797;12932;5.59;0.34;297.08;13.33;1073;44;4447.00;135
11731;41;624278802;11731;422;12798;12932;5.49;0.33;297.08;13.33;1067;44;4448.00;134
11732;41;624278815;11732;420;12798;12932;5.41;0.33;297.08;13.33;1066;44;4449.00;134
11737;41;624278827;11737;419;12802;12936;5.30;0.32;297.03;13.33;1065;44;4450.00;134
11739;41;624278841;11739;425;12802;12936;5.21;0.32;297.04;13.33;1063;44;4451.00;134
11744;41;624278853;11744;429;12802;12936;5.12;0.31;297.00;13.33;1058;44;4452.00;134
11749;41;624278866;11749;432;12802;12936;5.10;0.31;297.02;13.33;1053;44;4453.00;134
11753;41;624278877;11753;432;12802;12937;5.04;0.31;297.01;13.33;1049;44;4454.00;135
11761;41;624278889;11761;437;12804;12939;5.01;0.30;296.89;13.32;1043;44;4455.00;135
11765;41;624278901;11765;450;12804;12939;4.98;0.30;296.85;13.32;1039;44;4456.00;135
11768;41;624278913;11768;453;12805;12940;4.94;0.30;296.84;13.32;1037;44;4457.00;135
11770;41;624278925;11770;455;12805;12940;4.87;0.30;296.85;13.32;1035;44;4458.00;135
11773;41;624278937;11773;462;12805;12940;4.80;0.29;296.81;13.32;1032;44;4459.00;135
11777;41;624278949;11777;458;12805;12940;4.74;0.29;296.76;13.32;1028;44;4460.00;135
11779;41;624278960;11779;460;12805;12940;4.68;0.28;296.78;13.32;1026;44;4461.00;135
11783;41;624278972;11783;460;12805;12940;4.60;0.28;296.84;13.32;1022;44;4462.00;135
11785;41;624278984;11785;472;12805;12940;4.55;0.28;296.81;13.32;1020;44;4463.00;135
11787;41;624278994;11787;484;12871;13067;5.11;0.32;296.79;13.26;1084;44;4464.00;196
11790;41;624279015;11790;490;12875;13068;5.10;0.31;296.82;13.25;1085;44;4465.00;193
11796;41;624279027;11796;490;12883;13068;5.10;0.31;296.88;13.25;1087;44;4466.00;185
11799;41;624279039;11799;475;12884;13068;5.05;0.31;296.91;13.24;1085;44;4467.00;184
11802;41;624279051;11802;465;12890;13068;5.09;0.31;296.96;13.36;1088;44;4468.00;178
11805;41;624279065;11805;460;12892;13068;5.12;0.31;296.95;13.36;1087;44;4469.00;176
11807;41;624279078;11807;457;12894;13068;5.05;0.31;296.98;13.36;1087;44;4470.00;174
11807;41;624279091;11807;457;12897;13068;5.00;0.31;296.98;13.36;1090;44;4471.00;171
11808;41;624279103;11808;455;12899;13069;4.94;0.30;296.98;13.36;1091;44;4472.00;170
11809;41;624279114;11809;455;12903;13070;4.90;0.30;296.97;13.36;1094;44;4473.00;167
11809;41;624279127;11809;470;12905;13070;4.90;0.30;296.97;13.36;1096;44;4474.00;165
11811;41;624279140;11811;451;12906;13071;4.92;0.30;296.97;13.36;1095;44;4475.00;165
11812;41;624279152;11812;432;12907;13071;5.00;0.31;296.97;13.36;1095;44;4476.00;164
11813;41;624279166;11813;423;12909;13071;5.10;0.31;296.96;13.36;1096;44;4477.00;162
11813;41;624279179;11813;413;12910;13071;5.21;0.32;296.96;13.36;1097;44;4478.00;161
11814;41;624279192;11814;406;12915;13075;5.39;0.33;296.94;13.35;1101;44;4479.00;160
11814;42;624279214;11814;405;12916;13075;5.52;0.34;296.94;13.35;1102;45;4480.00;159
11815;42;624279246;11815;390;12918;13075;5.67;0.35;296.94;13.35;1103;45;4481.00;157
11818;42;624279267;11818;388;12920;13078;5.85;0.36;296.97;13.35;1102;45;4482.00;158
11819;42;624279282;11819;376;12923;13078;6.00;0.36;296.96;13.48;1104;45;4483.00;155
11819;42;624279296;11819;369;12927;13078;6.12;0.37;296.96;13.48;1108;45;4484.00;151
11819;42;624279310;11819;360;12931;13082;6.29;0.38;296.96;13.48;1112;45;4485.00;151
11819;42;624279324;11819;349;12933;13083;6.38;0.39;296.96;13.48;1114;45;4486.00;150
11821;42;624279338;11821;346;12935;13083;6.47;0.39;296.95;13.48;1114;45;4487.00;148
11822;42;624279353;11822;342;12938;13087;6.52;0.40;296.92;13.48;1116;45;4488.00;149
11824;43;624279369;11824;335;12940;13087;6.59;0.40;296.92;13.47;1116;46;4489.00;147
11826;43;624279400;11826;326;12941;13087;6.69;0.41;296.94;13.47;1115;46;4490.00;146
11826;43;624279416;11826;318;12942;13088;6.81;0.41;296.94;13.47;1116;46;4491.00;146
11827;43;624279432;11827;313;12942;13088;6.87;0.42;296.93;13.47;1115;46;4492.00;146
11827;43;624279447;11827;304;12947;13094;6.94;0.42;296.93;13.47;1120;46;4493.00;147
11827;43;624279463;11827;299;12947;13094;6.93;0.42;296.93;13.47;1120;46;4494.00;147
11828;43;624279478;11828;298;12948;13095;6.95;0.42;296.93;13.59;1120;46;4495.00;147
11830;43;624279493;11830;292;12948;13095;6.98;0.42;297.00;13.59;1118;46;4496.00;147
11832;43;624279506;11832;285;12948;13095;6.92;0.42;296.99;13.59;1116;46;4497.00;147
11834;43;624279521;11834;280;12948;13095;6.91;0.42;296.97;13.59;1114;46;4498.00;147
11835;43;624279534;11835;273;12948;13095;6.96;0.42;296.99;13.59;1113;46;4499.00;147
11836;43;624279554;11836;278;12973;13145;6.97;0.42;296.97;13.56;1137;46;4500.00;172
11837;43;624279576;11837;277;12973;13147;7.00;0.43;296.96;13.56;1136;46;4501.00;174
11841;43;624279590;11841;273;12978;13147;7.08;0.43;296.98;13.56;1137;46;4502.00;169
11843;43;624279603;11843;262;12978;13147;7.12;0.43;296.96;13.56;1135;46;4503.00;169
11847;43;624279617;11847;261;12980;13147;7.17;0.44;297.02;13.56;1133;46;4504.00;167
11850;43;624279631;11850;261;12981;13147;7.20;0.44;297.09;13.56;1131;46;4505.00;166
11856;43;624279645;11856;259;12986;13151;7.22;0.44;297.10;13.68;1130;46;4506.00;165
11858;43;624279660;11858;260;12986;13151;7.30;0.44;297.12;13.68;1128;46;4507.00;165
11860;43;624279673;11860;258;12990;13155;7.41;0.45;297.10;13.68;1130;46;4508.00;165
11863;43;624279688;11863;252;12991;13156;7.50;0.46;297.18;13.67;1128;46;4509.00;165
11864;43;624279702;11864;259;12992;13156;7.57;0.46;297.18;13.67;1128;46;4510.00;164
11870;43;624279716;11870;257;12992;13156;7.57;0.46;297.28;13.67;1122;46;4511.00;164
11873;43;624279730;11873;262;13002;13169;7.60;0.46;297.38;13.66;1129;46;4512.00;167
11875;43;624279745;11875;256;13003;13169;7.63;0.46;297.39;13.66;1128;46;4513.00;166
11880;43;624279759;11880;252;13003;13169;7.63;0.46;297.56;13.66;1123;46;4514.00;166
11883;43;624279774;11883;255;13005;13170;7.64;0.46;297.65;13.66;1122;46;4515.00;165
11884;43;624279799;11884;263;13005;13171;7.66;0.46;297.64;13.66;1121;46;4516.00;166
11888;43;624279815;11888;263;13005;13171;7.67;0.47;297.73;13.66;1117;46;4517.00;166
11890;43;624279830;11890;264;13008;13174;7.71;0.47;297.78;13.66;1118;46;4518.00;166
11895;43;624279845;11895;266;13008;13174;7.69;0.47;297.80;13.66;1113;46;4519.00;166
11896;43;624279860;11896;264;13010;13174;7.71;0.47;297.82;13.66;1114;46;4520.00;164
11899;43;624279875;11899;259;13010;13174;7.74;0.47;297.90;13.66;1111;46;4521.00;164
11901;43;624279891;11901;255;13015;13180;7.75;0.47;297.90;13.78;1114;46;4522.00;165
11904;43;624279906;11904;253;13015;13180;7.71;0.47;297.94;13.78;1111;46;4523.00;165
11908;43;624279921;11908;249;13017;13180;7.64;0.47;297.95;13.79;1109;46;4524.00;163
11912;43;624279938;11912;238;13018;13180;7.58;0.46;297.95;13.81;1106;46;4525.00;162
11915;43;624279952;11915;240;13022;13184;7.51;0.46;297.99;13.80;1107;46;4526.00;162
11921;43;624279968;11921;248;13023;13185;7.45;0.45;297.95;13.80;1102;46;4527.00;162
11926;43;624279983;11926;247;13023;13185;7.45;0.45;297.99;13.80;1097;46;4528.00;162
11929;43;624280000;11929;250;13024;13186;7.48;0.45;298.01;13.80;1095;46;4529.00;162
11931;43;624280023;11931;252;13025;13186;7.51;0.45;298.01;13.80;1094;46;4530.00;161
11936;43;624280039;11936;242;13025;13186;7.57;0.46;298.00;13.80;1089;46;4531.00;161
11937;43;624280054;11937;237;13026;13186;7.59;0.46;297.98;13.80;1089;46;4532.00;160
11939;43;624280070;11939;239;13026;13186;7.62;0.46;297.99;13.80;1087;46;4533.00;160
11943;43;624280084;11943;243;13026;13186;7.58;0.46;298.00;13.80;1083;46;4534.00;160
11943;43;624280099;11943;244;13028;13186;7.58;0.46;298.00;13.81;1085;46;4535.00;158
11947;43;624280113;11947;256;13064;13256;7.59;0.46;297.98;13.77;1117;46;4536.00;192
11949;43;624280135;11949;254;13067;13257;7.63;0.46;297.98;13.77;1118;46;4537.00;190
11951;43;624280150;11951;258;13072;13257;7.68;0.47;298.01;13.76;1121;46;4538.00;185
11952;43;624280166;11952;251;13075;13257;7.69;0.47;298.03;13.76;1123;46;4539.00;182
11953;43;624280183;11953;251;13079;13257;7.68;0.47;298.04;13.76;1126;46;4540.00;178
11955;43;624280204;11955;256;13085;13257;7.65;0.47;298.03;13.76;1130;46;4541.00;172
11959;43;624280219;11959;254;13088;13257;7.64;0.47;298.14;13.76;1129;46;4542.00;169
11961;43;624280234;11961;254;13090;13257;7.64;0.46;298.15;13.75;1129;46;4543.00;167
11964;43;624280248;11964;256;13092;13258;7.66;0.47;298.20;13.75;1128;46;4544.00;166
11966;43;624280263;11966;256;13095;13260;7.66;0.47;298.20;13.75;1129;46;4545.00;165
11970;43;624280281;11970;254;13097;13260;7.60;0.46;298.22;13.75;1127;46;4546.00;163
11973;43;624280296;11973;253;13103;13264;7.51;0.46;298.23;13.76;1130;46;4547.00;161
11976;43;624280310;11976;259;13103;13264;7.37;0.45;298.31;13.76;1127;46;4548.00;161
11977;43;624280325;11977;260;13104;13264;7.30;0.44;298.29;13.75;1127;46;4549.00;160
11981;43;624280339;11981;274;13106;13264;7.20;0.44;298.33;13.77;1125;46;4550.00;158
11983;43;624280353;11983;283;13111;13270;7.16;0.44;298.39;13.77;1128;46;4551.00;159
11985;43;624280367;11985;287;13111;13270;7.10;0.43;298.39;13.77;1126;46;4552.00;159
11988;43;624280381;11988;294;13113;13270;7.05;0.43;298.43;13.79;1125;46;4553.00;157
11990;43;624280396;11990;302;13115;13273;7.03;0.43;298.47;13.78;1125;46;4554.00;158
11993;43;624280417;11993;308;13116;13273;6.97;0.43;298.48;13.78;1123;46;4555.00;157
11996;43;624280438;11996;314;13118;13273;6.96;0.42;298.53;13.80;1122;46;4556.00;155
11998;43;624280458;11998;316;13119;13274;6.92;0.42;298.55;13.80;1121;46;4557.00;155
12003;43;624280478;12003;319;13121;13275;6.90;0.42;298.58;13.82;1118;46;4558.00;154
12003;43;624280497;12003;323;13122;13275;6.89;0.42;298.58;13.82;1119;46;4559.00;153
12006;43;624280516;12006;330;13140;13301;6.93;0.42;298.65;13.81;1134;46;4560.00;161
12008;43;624280533;12008;325;13140;13301;6.95;0.42;298.69;13.81;1132;46;4561.00;161
12011;43;624280548;12011;331;13143;13301;6.98;0.43;298.72;13.82;1132;46;4562.00;158
12013;43;624280563;12013;342;13147;13302;7.02;0.43;298.76;13.84;1134;46;4563.00;155
12016;43;624280577;12016;349;13149;13302;7.00;0.43;298.82;13.85;1133;46;4564.00;153
12017;43;624280592;12017;357;13155;13306;6.92;0.42;298.84;13.87;1138;46;4565.00;151
12021;43;624280607;12021;357;13155;13306;6.81;0.42;298.97;13.87;1134;46;4566.00;151
12022;43;624280620;12022;360;13158;13310;6.70;0.41;299.01;13.87;1136;46;4567.00;152
12026;43;624280634;12026;367;13160;13310;6.56;0.40;299.07;13.89;1134;46;4568.00;150
12028;43;624280647;12028;365;13160;13310;6.46;0.39;299.04;13.89;1132;46;4569.00;150
12031;43;624280660;12031;365;13160;13310;6.36;0.39;299.09;13.89;1129;46;4570.00;150
12033;43;624280674;12033;359;13163;13310;6.26;0.38;299.13;13.91;1130;46;4571.00;147
12038;43;624280687;12038;357;13173;13322;6.23;0.38;299.21;13.90;1135;46;4572.00;149
12042;43;624280702;12042;361;13173;13322;6.17;0.38;299.23;13.90;1131;46;4573.00;149
12044;43;624280715;12044;363;13174;13322;6.12;0.37;299.32;13.90;1130;46;4574.00;148
12048;43;624280729;12048;372;13177;13322;6.08;0.37;299.33;13.92;1129;46;4575.00;145
12049;43;624280743;12049;371;13179;13322;6.02;0.37;299.31;13.92;1130;46;4576.00;143
12054;43;624280757;12054;377;13181;13322;5.93;0.36;299.41;13.93;1127;46;4577.00;141
12058;43;624280770;12058;380;13181;13323;5.87;0.36;299.39;13.93;1123;46;4578.00;142
12058;43;624280785;12058;385;13182;13323;5.85;0.36;299.39;13.94;1124;46;4579.00;141
12060;43;624280797;12060;383;13188;13329;5.86;0.36;299.40;13.93;1128;46;4580.00;141
12064;43;624280812;12064;388;13189;13330;5.79;0.35;299.45;13.93;1125;46;4581.00;141
12067;43;624280825;12067;392;13189;13330;5.70;0.35;299.43;13.93;1122;46;4582.00;141
12073;43;624280838;12073;397;13190;13330;5.59;0.34;299.41;13.94;1117;46;4583.00;140
12076;43;624280851;12076;396;13193;13334;5.55;0.34;299.41;13.93;1117;46;4584.00;141
12081;43;624280864;12081;399;13194;13334;5.46;0.33;299.38;13.94;1113;46;4585.00;140
12084;43;624280876;12084;395;13194;13334;5.32;0.33;299.40;13.94;1110;46;4586.00;140
12086;43;624280890;12086;407;13196;13335;5.25;0.32;299.41;13.95;1110;46;4587.00;139
12091;43;624280902;12091;413;13201;13339;5.04;0.31;299.39;13.96;1110;46;4588.00;138
12093;43;624280914;12093;421;13201;13339;4.89;0.30;299.40;13.96;1108;46;4589.00;138
12097;43;624280927;12097;415;13206;13345;4.79;0.29;299.46;13.97;1109;46;4590.00;139
12099;43;624280942;12099;413;13207;13345;4.73;0.29;299.49;13.96;1108;46;4591.00;138
12101;43;624280953;12101;413;13209;13345;4.67;0.29;299.52;13.97;1108;46;4592.00;136
12105;43;624280964;12105;416;13210;13345;4.58;0.28;299.57;13.98;1105;46;4593.00;135
12108;43;624280976;12108;419;13215;13349;4.59;0.28;299.56;13.98;1107;46;4594.00;134
12111;43;624280988;12111;428;13215;13349;4.53;0.28;299.51;13.98;1104;46;4595.00;134
12114;43;624281000;12114;434;13215;13349;4.46;0.27;299.54;13.98;1101;46;4596.00;134
12119;43;624281015;12119;432;13215;13349;4.37;0.27;299.52;13.98;1096;46;4597.00;134
12121;43;624281027;12121;425;13215;13350;4.37;0.27;299.51;13.98;1094;46;4598.00;135
12125;43;624281039;12125;429;13216;13351;4.30;0.26;299.52;13.98;1091;46;4599.00;135
12128;43;624281053;12128;431;13216;13351;4.26;0.26;299.47;13.98;1088;46;4600.00;135
12129;43;624281068;12129;429;13217;13352;4.27;0.26;299.48;13.98;1088;46;4601.00;135
12134;43;624281080;12134;428;13217;13352;4.21;0.26;299.43;13.98;1083;46;4602.00;135
12136;43;624281091;12136;427;13217;13352;4.22;0.26;299.45;13.98;1081;46;4603.00;135
12140;43;624281102;12140;419;13217;13352;4.21;0.26;299.47;13.98;1077;46;4604.00;135
12145;43;624281114;12145;426;13217;13352;4.23;0.26;299.54;13.98;1072;46;4605.00;135
12150;43;624281125;12150;431;13217;13352;4.25;0.26;299.50;13.98;1067;46;4606.00;135
12153;43;624281135;12153;439;13217;13352;4.27;0.26;299.50;13.98;1064;46;4607.00;135
12159;43;624281146;12159;441;13279;13479;4.77;0.30;299.42;13.91;1120;46;4608.00;200
12161;43;624281166;12161;445;13282;13480;4.80;0.30;299.42;13.91;1121;46;4609.00;198
12167;43;624281177;12167;450;13291;13480;4.82;0.30;299.36;13.90;1124;46;4610.00;189
12173;43;624281190;12173;455;13294;13480;4.75;0.30;299.39;13.90;1121;46;4611.00;186
12177;43;624281202;12177;458;13301;13480;4.78;0.30;299.38;13.89;1124;46;4612.00;179
12181;43;624281215;12181;455;13305;13480;4.76;0.30;299.34;13.89;1124;46;4613.00;175
12183;43;624281227;12183;462;13309;13480;4.68;0.29;299.33;13.89;1126;46;4614.00;171
12186;43;624281239;12186;470;13313;13480;4.62;0.29;299.34;13.89;1127;46;4615.00;167
12189;43;624281252;12189;471;13316;13481;4.49;0.28;299.30;13.89;1127;46;4616.00;165
12195;43;624281264;12195;468;13321;13482;4.39;0.27;299.39;13.88;1126;46;4617.00;161
12195;43;624281277;12195;463;13323;13482;4.34;0.27;299.39;13.88;1128;46;4618.00;159
12200;43;624281288;12200;473;13325;13483;4.26;0.26;299.42;13.88;1125;46;4619.00;158
12204;43;624281302;12204;471;13326;13483;4.21;0.26;299.37;13.88;1122;46;4620.00;157
12206;43;624281314;12206;471;13327;13483;4.20;0.26;299.39;13.88;1121;46;4621.00;156
12209;43;624281325;12209;482;13333;13483;4.18;0.26;299.44;13.88;1124;46;4622.00;150
12211;43;624281337;12211;478;13337;13487;4.22;0.26;299.42;13.88;1126;46;4623.00;150
12214;43;624281350;12214;484;13338;13487;4.19;0.26;299.40;13.88;1124;46;4624.00;149
12218;43;624281361;12218;486;13338;13487;4.19;0.26;299.37;13.88;1120;46;4625.00;149
12219;43;624281373;12219;485;13339;13490;4.23;0.26;299.36;13.88;1120;46;4626.00;151
12222;43;624281385;12222;463;13339;13490;4.25;0.26;299.41;13.88;1117;46;4627.00;151
12225;43;624281398;12225;450;13341;13490;4.22;0.26;299.40;13.88;1116;46;4628.00;149
12228;43;624281411;12228;443;13344;13494;4.31;0.27;299.42;13.88;1116;46;4629.00;150
12231;43;624281423;12231;436;13345;13495;4.35;0.27;299.42;13.87;1114;46;4630.00;150
12232;43;624281435;12232;430;13347;13495;4.44;0.27;299.44;14.00;1115;46;4631.00;148
12236;43;624281449;12236;415;13350;13499;4.54;0.28;299.39;14.00;1114;46;4632.00;149
12241;43;624281461;12241;418;13352;13499;4.52;0.28;299.40;14.00;1111;46;4633.00;147
12241;43;624281480;12241;413;13352;13499;4.60;0.28;299.40;14.00;1111;46;4634.00;147
12243;43;624281497;12243;409;13354;13501;4.62;0.28;299.38;14.00;1111;46;4635.00;147
12244;43;624281514;12244;409;13354;13501;4.69;0.29;299.37;14.00;1110;46;4636.00;147
12245;43;624281526;12245;388;13359;13507;4.83;0.30;299.39;13.99;1114;46;4637.00;148
12246;43;624281539;12246;383;13359;13507;4.91;0.30;299.37;13.99;1113;46;4638.00;148
12250;43;624281551;12250;368;13359;13508;4.95;0.30;299.38;13.99;1109;46;4639.00;149
12252;43;624281564;12252;358;13359;13508;5.02;0.31;299.42;13.99;1107;46;4640.00;149
12253;43;624281576;12253;350;13359;13508;5.11;0.31;299.43;13.99;1106;46;4641.00;149
12256;43;624281587;12256;350;13359;13508;5.17;0.32;299.47;13.99;1103;46;4642.00;149
12257;43;624281600;12257;343;13359;13508;5.26;0.32;299.45;13.99;1102;46;4643.00;149
12261;43;624281612;12261;347;13369;13520;5.44;0.33;299.45;13.98;1108;46;4644.00;151
12265;43;624281625;12265;341;13370;13520;5.52;0.34;299.44;13.98;1105;46;4645.00;150
12271;43;624281647;12271;314;13371;13520;5.63;0.34;299.47;14.11;1100;46;4646.00;149
12275;43;624281662;12275;297;13371;13520;5.74;0.35;299.51;14.11;1096;46;4647.00;149
12278;43;624281676;12278;280;13371;13520;5.88;0.36;299.50;14.11;1093;46;4648.00;149
12280;43;624281690;12280;261;13371;13520;6.01;0.36;299.50;14.11;1091;46;4649.00;149
12282;43;624281706;12282;259;13376;13526;6.14;0.37;299.56;14.11;1094;46;4650.00;150
12286;43;624281725;12286;245;13376;13526;6.26;0.38;299.57;14.11;1090;46;4651.00;150
12289;43;624281738;12289;252;13380;13530;6.38;0.39;299.66;14.10;1091;46;4652.00;150
12290;43;624281752;12290;245;13381;13531;6.48;0.39;299.70;14.10;1091;46;4653.00;150
12295;43;624281765;12295;241;13381;13531;6.51;0.39;299.74;14.10;1086;46;4654.00;150
12295;43;624281779;12295;239;13381;13531;6.49;0.39;299.74;14.10;1086;46;4655.00;150
12296;43;624281791;12296;239;13392;13544;6.52;0.39;299.76;14.09;1096;46;4656.00;152
12300;43;624281806;12300;235;13392;13544;6.54;0.39;299.84;14.09;1092;46;4657.00;152
12301;43;624281819;12301;234;13392;13544;6.57;0.40;299.88;14.09;1091;46;4658.00;152
12302;43;624281832;12302;227;13393;13545;6.57;0.40;299.92;14.09;1091;46;4659.00;152
12304;43;624281846;12304;221;13394;13546;6.62;0.40;299.95;14.22;1090;46;4660.00;152
12305;43;624281858;12305;221;13394;13546;6.68;0.40;299.95;14.22;1089;46;4661.00;152
12309;43;624281872;12309;213;13396;13549;6.77;0.41;300.03;14.22;1087;46;4662.00;153
12309;43;624281885;12309;220;13396;13549;6.81;0.41;300.03;14.22;1087;46;4663.00;153
12311;43;624281898;12311;225;13397;13549;6.90;0.42;300.08;14.22;1086;46;4664.00;152
12314;43;624281911;12314;223;13397;13549;6.90;0.42;300.11;14.22;1083;46;4665.00;152
12314;43;624281924;12314;221;13402;13555;6.89;0.42;300.11;14.21;1088;46;4666.00;153
12316;43;624281938;12316;218;13402;13555;6.88;0.42;300.11;14.21;1086;46;4667.00;153
12317;43;624281951;12317;220;13402;13555;6.91;0.42;300.11;14.21;1085;46;4668.00;153
12321;43;624281964;12321;226;13402;13555;6.90;0.42;300.20;14.21;1081;46;4669.00;153
12322;43;624281977;12322;216;13405;13559;6.89;0.42;300.20;14.21;1083;46;4670.00;154
12324;43;624281991;12324;216;13406;13560;6.93;0.42;300.25;14.21;1082;46;4671.00;154
12327;43;624282004;12327;215;13406;13560;6.95;0.42;300.29;14.21;1079;46;4672.00;154
12328;43;624282017;12328;219;13407;13561;7.02;0.43;300.34;14.21;1079;46;4673.00;154
12330;43;624282029;12330;216;13407;13561;7.08;0.43;300.44;14.21;1077;46;4674.00;154
12332;43;624282042;12332;221;13407;13561;7.13;0.43;300.48;14.21;1075;46;4675.00;154
12334;43;624282055;12334;218;13408;13561;7.22;0.44;300.51;14.34;1074;46;4676.00;153
12339;43;624282068;12339;220;13408;13561;7.27;0.44;300.57;14.34;1069;46;4677.00;153
12341;43;624282081;12341;215;13408;13561;7.37;0.45;300.62;14.34;1067;46;4678.00;153
12343;43;624282094;12343;212;13408;13561;7.39;0.45;300.67;14.34;1065;46;4679.00;153
12347;43;624282108;12347;231;13470;13686;7.37;0.45;300.61;14.28;1123;46;4680.00;216
12351;43;624282131;12351;220;13470;13687;7.37;0.45;300.63;14.28;1119;46;4681.00;217
12353;43;624282145;12353;213;13479;13687;7.51;0.46;300.62;14.27;1126;46;4682.00;208
12356;43;624282158;12356;201;13479;13687;7.48;0.46;300.67;14.27;1123;46;4683.00;208
12359;43;624282172;12359;204;13483;13687;7.52;0.46;300.70;14.26;1124;46;4684.00;204
12364;43;624282185;12364;204;13484;13687;7.49;0.46;300.78;14.26;1120;46;4685.00;203
12366;43;624282200;12366;206;13489;13687;7.48;0.46;300.78;14.26;1123;46;4686.00;198
12368;43;624282213;12368;211;13495;13687;7.50;0.46;300.82;14.26;1127;46;4687.00;192
12374;43;624282226;12374;221;13497;13688;7.49;0.46;300.93;14.26;1123;46;4688.00;191
12377;43;624282240;12377;223;13500;13689;7.51;0.46;300.95;14.26;1123;46;4689.00;189
12378;43;624282255;12378;225;13503;13689;7.45;0.45;300.94;14.25;1125;46;4690.00;186
12380;43;624282269;12380;229;13509;13693;7.38;0.45;300.96;14.38;1129;46;4691.00;184
12381;43;624282285;12381;229;13511;13693;7.36;0.45;300.96;14.38;1130;46;4692.00;182
12387;43;624282305;12387;226;13513;13693;7.31;0.45;300.95;14.38;1126;46;4693.00;180
12391;43;624282320;12391;227;13516;13693;7.22;0.44;301.00;14.40;1125;46;4694.00;177
12394;43;624282336;12394;222;13520;13699;7.17;0.44;301.05;14.39;1126;46;4695.00;179
12396;43;624282356;12396;221;13521;13699;7.13;0.43;301.05;14.40;1125;46;4696.00;178
12404;43;624282370;12404;220;13521;13699;7.06;0.43;301.08;14.40;1117;46;4697.00;178
12407;43;624282385;12407;228;13523;13702;7.04;0.43;301.11;14.40;1116;46;4698.00;179
12411;43;624282403;12411;227;13524;13702;7.04;0.43;301.08;14.53;1113;46;4699.00;178
12415;43;624282425;12415;230;13524;13702;7.06;0.43;301.07;14.53;1109;46;4700.00;178
12416;43;624282451;12416;230;13524;13703;7.13;0.43;301.09;14.53;1108;46;4701.00;179
12421;43;624282471;12421;225;13525;13704;7.15;0.44;301.16;14.53;1104;46;4702.00;179
12424;44;624282491;12424;222;13526;13704;7.23;0.44;301.21;14.53;1102;47;4703.00;178
12428;44;624282524;12428;225;13535;13717;7.27;0.44;301.17;14.52;1107;47;4704.00;182
12433;44;624282541;12433;225;13536;13717;7.31;0.45;301.27;14.52;1103;47;4705.00;181
12436;44;624282556;12436;223;13536;13717;7.30;0.44;301.34;14.52;1100;47;4706.00;181
12440;44;624282571;12440;225;13537;13718;7.35;0.45;301.35;14.52;1097;47;4707.00;181
12445;44;624282586;12445;225;13537;13718;7.28;0.44;301.34;14.52;1092;47;4708.00;181
12447;44;624282600;12447;221;13539;13722;7.27;0.44;301.44;14.52;1092;47;4709.00;183
12449;44;624282617;12449;217;13540;13722;7.27;0.44;301.46;14.52;1091;47;4710.00;182
12452;44;624282631;12452;227;13545;13726;7.24;0.44;301.55;14.52;1093;47;4711.00;181
12454;44;624282646;12454;223;13546;13726;7.25;0.44;301.61;14.65;1092;47;4712.00;180
12456;44;624282660;12456;228;13548;13726;7.23;0.44;301.60;14.66;1092;47;4713.00;178
12458;44;624282673;12458;236;13549;13726;7.23;0.44;301.57;14.65;1091;47;4714.00;177
12463;44;624282687;12463;239;13550;13726;7.27;0.44;301.70;14.66;1087;47;4715.00;176
12465;44;624282701;12465;241;13563;13738;7.33;0.45;301.68;14.66;1098;47;4716.00;175
12470;44;624282717;12470;242;13564;13738;7.26;0.44;301.73;14.66;1094;47;4717.00;174
12474;44;624282731;12474;254;13564;13738;7.18;0.44;301.72;14.66;1090;47;4718.00;174
12476;44;624282746;12476;258;13565;13738;7.10;0.43;301.72;14.66;1089;47;4719.00;173
12476;44;624282760;12476;274;13565;13738;7.03;0.43;301.72;14.66;1089;47;4720.00;173
12478;44;624282774;12478;280;13566;13738;6.95;0.42;301.74;14.68;1088;47;4721.00;172
12481;44;624282788;12481;294;13567;13739;6.90;0.42;301.76;14.68;1086;47;4722.00;172
12482;44;624282802;12482;294;13568;13739;6.87;0.42;301.76;14.69;1086;47;4723.00;171
12485;44;624282815;12485;305;13573;13745;6.84;0.42;301.76;14.69;1088;47;4724.00;172
12489;44;624282836;12489;311;13576;13747;6.76;0.41;301.76;14.69;1087;47;4725.00;171
12492;44;624282850;12492;313;13577;13747;6.71;0.41;301.75;14.70;1085;47;4726.00;170
12494;44;624282863;12494;323;13578;13747;6.61;0.40;301.75;14.70;1084;47;4727.00;169
12496;44;624282878;12496;329;13582;13751;6.54;0.40;301.72;14.71;1086;47;4728.00;169
12500;44;624282892;12500;338;13582;13751;6.47;0.39;301.66;14.71;1082;47;4729.00;169
12502;44;624282906;12502;347;13583;13751;6.43;0.39;301.72;14.73;1081;47;4730.00;168
12504;44;624282918;12504;348;13586;13752;6.37;0.39;301.75;14.74;1082;47;4731.00;166
12505;44;624282932;12505;358;13589;13756;6.32;0.39;301.80;14.74;1084;47;4732.00;167
12506;44;624282946;12506;359;13591;13756;6.30;0.38;301.81;14.75;1085;47;4733.00;165
12508;44;624282959;12508;366;13593;13759;6.25;0.38;301.84;14.75;1085;47;4734.00;166
12511;44;624282973;12511;371;13594;13759;6.14;0.37;301.93;14.76;1083;47;4735.00;165
12513;44;624282986;12513;372;13596;13759;6.06;0.37;301.94;14.77;1083;47;4736.00;163
12516;44;624282999;12516;375;13597;13759;5.95;0.36;301.92;14.78;1081;47;4737.00;162
12517;44;624283011;12517;383;13602;13763;5.97;0.36;301.96;14.78;1085;47;4738.00;161
12519;44;624283025;12519;379;13603;13763;5.94;0.36;301.98;14.79;1084;47;4739.00;160
12522;44;624283039;12522;376;13604;13763;5.89;0.36;301.98;14.79;1082;47;4740.00;159
12523;44;624283051;12523;378;13604;13763;5.84;0.36;301.98;14.79;1081;47;4741.00;159
12528;44;624283063;12528;380;13605;13764;5.77;0.35;302.00;14.80;1077;47;4742.00;159
12529;44;624283075;12529;383;13606;13765;5.70;0.35;302.06;14.80;1077;47;4743.00;159
12533;44;624283087;12533;386;13608;13765;5.66;0.35;302.15;14.82;1075;47;4744.00;157
12535;44;624283099;12535;386;13609;13766;5.60;0.34;302.17;14.82;1074;47;4745.00;157
12539;44;624283111;12539;388;13609;13766;5.56;0.34;302.20;14.82;1070;47;4746.00;157
12539;44;624283122;12539;395;13612;13766;5.56;0.34;302.20;14.85;1073;47;4747.00;154
12541;44;624283134;12541;399;13612;13766;5.58;0.34;302.17;14.85;1071;47;4748.00;154
12543;44;624283145;12543;399;13612;13766;5.60;0.35;302.14;14.85;1069;47;4749.00;154
12545;44;624283156;12545;403;13613;13766;5.57;0.34;302.10;14.86;1068;47;4750.00;153
12548;44;624283168;12548;410;13613;13766;5.53;0.34;302.05;14.86;1065;47;4751.00;153
12554;44;624283179;12554;432;13681;13893;5.78;0.36;302.09;14.82;1127;47;4752.00;212
12558;44;624283201;12558;430;13685;13894;5.72;0.36;302.05;14.82;1127;47;4753.00;209
12558;44;624283212;12558;428;13696;13894;5.74;0.36;302.05;14.81;1138;47;4754.00;198
12561;44;624283224;12561;421;13699;13894;5.72;0.36;302.00;14.81;1138;47;4755.00;195
12566;44;624283237;12566;427;13705;13894;5.64;0.35;301.95;14.81;1139;47;4756.00;189
12568;44;624283249;12568;431;13707;13894;5.52;0.34;301.94;14.81;1139;47;4757.00;187
12572;44;624283261;12572;428;13712;13894;5.43;0.34;301.91;14.81;1140;47;4758.00;182
12575;44;624283273;12575;435;13716;13894;5.31;0.33;301.91;14.81;1141;47;4759.00;178
12578;44;624283285;12578;431;13719;13895;5.21;0.32;301.90;14.82;1141;47;4760.00;176
12581;44;624283297;12581;434;13721;13896;5.11;0.32;301.89;14.82;1140;47;4761.00;175
12583;44;624283308;12583;439;13724;13896;5.01;0.31;301.90;14.82;1141;47;4762.00;172
12587;44;624283320;12587;442;13726;13897;4.89;0.30;301.90;14.82;1139;47;4763.00;171
12588;44;624283331;12588;445;13732;13897;4.80;0.30;301.91;14.86;1144;47;4764.00;165
12589;44;624283343;12589;457;13734;13897;4.70;0.29;301.92;14.86;1145;47;4765.00;163
12594;44;624283354;12594;465;13737;13897;4.63;0.29;301.91;14.87;1143;47;4766.00;160
12597;44;624283365;12597;464;13741;13901;4.62;0.29;301.95;14.86;1144;47;4767.00;160
12602;44;624283378;12602;474;13744;13901;4.59;0.28;301.95;14.86;1142;47;4768.00;157
12604;44;624283392;12604;473;13747;13901;4.55;0.28;301.97;14.88;1143;47;4769.00;154
12606;44;624283408;12606;473;13752;13907;4.55;0.28;301.98;14.87;1146;47;4770.00;155
12609;44;624283420;12609;476;13753;13907;4.52;0.28;301.98;14.87;1144;47;4771.00;154
12610;44;624283432;12610;477;13755;13907;4.51;0.28;301.99;14.87;1145;47;4772.00;152
12611;44;624283444;12611;485;13759;13911;4.57;0.28;301.99;14.87;1148;47;4773.00;152
12614;44;624283456;12614;480;13760;13912;4.61;0.28;301.98;14.87;1146;47;4774.00;152
12617;44;624283468;12617;479;13762;13912;4.67;0.29;301.93;14.87;1145;47;4775.00;150
12619;44;624283480;12619;476;13764;13916;4.72;0.29;301.96;14.87;1145;47;4776.00;152
12622;44;624283492;12622;482;13765;13916;4.73;0.29;301.91;14.86;1143;47;4777.00;151
12625;44;624283504;12625;481;13766;13916;4.72;0.29;301.93;14.86;1141;47;4778.00;150
12626;44;624283516;12626;473;13767;13917;4.71;0.29;301.95;14.86;1141;47;4779.00;150
12628;44;624283527;12628;460;13767;13917;4.73;0.29;301.94;14.86;1139;47;4780.00;150
12632;44;624283539;12632;451;13772;13923;4.74;0.29;301.92;14.86;1140;47;4781.00;151
12634;44;624283552;12634;446;13772;13923;4.70;0.29;301.92;14.86;1138;47;4782.00;151
12635;44;624283564;12635;441;13772;13924;4.72;0.29;301.90;14.86;1137;47;4783.00;152
12640;44;624283576;12640;433;13772;13924;4.70;0.29;301.90;14.86;1132;47;4784.00;152
12643;44;624283588;12643;434;13772;13924;4.69;0.29;301.91;14.86;1129;47;4785.00;152
12647;44;624283608;12647;442;13772;13924;4.69;0.29;301.93;14.86;1125;47;4786.00;152
12651;44;624283620;12651;437;13772;13924;4.73;0.29;301.94;14.86;1121;47;4787.00;152
12656;44;624283632;12656;433;13782;13936;4.81;0.29;301.90;14.85;1126;47;4788.00;154
12659;44;624283645;12659;424;13782;13936;4.83;0.29;301.90;14.85;1123;47;4789.00;154
12664;44;624283657;12664;423;13783;13936;4.86;0.29;301.84;14.85;1119;47;4790.00;153
12667;44;624283669;12667;418;13783;13936;4.90;0.30;301.82;14.85;1116;47;4791.00;153
12669;44;624283681;12669;422;13783;13936;4.95;0.30;301.83;14.85;1114;47;4792.00;153
12670;44;624283698;12670;419;13783;13936;5.00;0.30;301.83;14.85;1113;47;4793.00;153
12671;44;624283715;12671;411;13786;13940;5.08;0.31;301.84;14.84;1115;47;4794.00;154
12673;44;624283728;12673;411;13786;13940;5.10;0.31;301.85;14.84;1113;47;4795.00;154
12675;44;624283740;12675;405;13790;13944;5.19;0.32;301.84;14.84;1115;47;4796.00;154
12677;44;624283753;12677;407;13791;13945;5.20;0.32;301.82;14.84;1114;47;4797.00;154
12679;44;624283765;12679;409;13791;13945;5.21;0.32;301.81;14.84;1112;47;4798.00;154
12682;44;624283778;12682;420;13791;13945;5.21;0.32;301.81;14.84;1109;47;4799.00;154
12685;44;624283792;12685;429;13814;13986;5.27;0.32;301.80;14.81;1129;47;4800.00;172
12688;44;624283812;12688;423;13814;13986;5.29;0.32;301.79;14.81;1126;47;4801.00;172
12692;44;624283825;12692;420;13815;13986;5.32;0.32;301.82;14.81;1123;47;4802.00;171
12695;44;624283837;12695;415;13818;13987;5.38;0.33;301.91;14.81;1123;47;4803.00;169
12698;44;624283850;12698;407;13818;13988;5.41;0.33;301.87;14.81;1120;47;4804.00;170
12701;44;624283862;12701;412;13821;13988;5.39;0.33;301.86;14.95;1120;47;4805.00;167
12705;44;624283876;12705;402;13824;13991;5.38;0.33;301.89;14.94;1119;47;4806.00;167
12710;44;624283890;12710;387;13824;13991;5.37;0.33;301.99;14.94;1114;47;4807.00;167
12711;44;624283902;12711;382;13826;13991;5.41;0.33;302.01;14.94;1115;47;4808.00;165
12714;44;624283915;12714;382;13826;13991;5.43;0.33;302.10;14.94;1112;47;4809.00;165
12717;44;624283928;12717;368;13831;13997;5.46;0.33;302.18;14.94;1114;47;4810.00;166
12719;44;624283943;12719;364;13832;13997;5.53;0.34;302.19;14.94;1113;47;4811.00;165
12722;44;624283960;12722;362;13833;13997;5.57;0.34;302.28;14.94;1111;47;4812.00;164
12725;44;624283975;12725;362;13833;13997;5.62;0.34;302.34;14.94;1108;47;4813.00;164
12730;44;624283989;12730;360;13836;14001;5.62;0.34;302.38;14.93;1106;47;4814.00;165
12735;44;624284004;12735;351;13838;14003;5.66;0.34;302.45;14.93;1103;47;4815.00;165
12738;44;624284019;12738;341;13839;14003;5.71;0.35;302.46;14.93;1101;47;4816.00;164
12740;44;624284034;12740;325;13840;14004;5.80;0.35;302.45;14.93;1100;47;4817.00;164
12741;44;624284049;12741;316;13840;14004;5.88;0.36;302.42;14.93;1099;47;4818.00;164
12742;44;624284063;12742;310;13840;14004;5.93;0.36;302.41;14.93;1098;47;4819.00;164
12743;44;624284078;12743;302;13841;14004;6.01;0.37;302.43;15.07;1098;47;4820.00;163
12745;44;624284093;12745;294;13841;14004;6.09;0.37;302.49;15.07;1096;47;4821.00;163
12747;44;624284108;12747;290;13842;14004;6.18;0.38;302.49;15.07;1095;47;4822.00;162
12750;44;624284124;12750;273;13842;14004;6.30;0.38;302.53;15.07;1092;47;4823.00;162
12753;44;624284140;12753;284;13883;14074;6.38;0.39;302.57;15.03;1130;47;4824.00;191
12756;45;624284164;12756;274;13883;14075;6.50;0.40;302.67;15.03;1127;48;4825.00;192
12756;45;624284199;12756;269;13888;14075;6.65;0.41;302.67;15.02;1132;48;4826.00;187
12761;45;624284215;12761;265;13888;14075;6.69;0.41;302.70;15.02;1127;48;4827.00;187
12765;45;624284232;12765;257;13892;14077;6.75;0.41;302.81;15.02;1127;48;4828.00;185
12766;45;624284249;12766;251;13894;14077;6.80;0.41;302.81;15.15;1128;48;4829.00;183
12768;45;624284267;12768;250;13896;14077;6.90;0.42;302.79;15.15;1128;48;4830.00;181
12769;45;624284283;12769;256;13897;14077;6.99;0.42;302.81;15.15;1128;48;4831.00;180
12770;45;624284304;12770;257;13898;14078;7.07;0.43;302.86;15.15;1128;48;4832.00;180
12775;45;624284320;12775;256;13900;14079;7.08;0.43;302.92;15.15;1125;48;4833.00;179
12777;45;624284337;12777;256;13903;14079;7.10;0.43;302.97;15.15;1126;48;4834.00;176
12779;45;624284354;12779;257;13907;14083;7.12;0.43;302.99;15.15;1128;48;4835.00;176
12782;45;624284374;12782;259;13909;14083;7.13;0.43;303.06;15.15;1127;48;4836.00;174
12783;45;624284390;12783;254;13910;14083;7.14;0.43;303.07;15.15;1127;48;4837.00;173
12785;45;624284409;12785;251;13912;14083;7.19;0.44;303.14;15.15;1127;48;4838.00;171
12787;45;624284432;12787;254;13916;14089;7.18;0.43;303.19;15.14;1129;48;4839.00;173
12790;45;624284455;12790;248;13919;14089;7.15;0.43;303.26;15.14;1129;48;4840.00;170
12793;45;624284477;12793;250;13921;14089;7.20;0.44;303.30;15.14;1128;48;4841.00;168
12795;45;624284508;12795;244;13923;14092;7.25;0.44;303.30;15.14;1128;48;4842.00;169
12798;45;624284529;12798;245;13924;14092;7.27;0.44;303.38;15.14;1126;48;4843.00;168
12801;45;624284547;12801;247;13926;14092;7.30;0.44;303.43;15.14;1125;48;4844.00;166
12803;45;624284566;12803;241;13927;14093;7.32;0.45;303.47;15.27;1124;48;4845.00;166
12807;45;624284584;12807;248;13928;14094;7.39;0.45;303.56;15.27;1121;48;4846.00;166
12810;45;624284604;12810;243;13928;14094;7.38;0.45;303.55;15.27;1118;48;4847.00;166
12812;45;624284622;12812;242;13939;14107;7.34;0.45;303.59;15.25;1127;48;4848.00;168
12816;45;624284644;12816;240;13939;14107;7.35;0.45;303.70;15.25;1123;48;4849.00;168
12817;45;624284663;12817;235;13939;14107;7.36;0.45;303.72;15.25;1122;48;4850.00;168
12820;45;624284681;12820;236;13940;14108;7.35;0.45;303.74;15.25;1120;48;4851.00;168
12822;45;624284700;12822;230;13940;14108;7.34;0.45;303.78;15.25;1118;48;4852.00;168
12825;45;624284718;12825;223;13944;14112;7.38;0.45;303.89;15.25;1119;48;4853.00;168
12829;45;624284736;12829;226;13944;14112;7.41;0.45;303.97;15.25;1115;48;4854.00;168
12832;45;624284754;12832;226;13947;14116;7.45;0.45;304.03;15.25;1115;48;4855.00;169
12834;45;624284772;12834;225;13947;14116;7.52;0.46;304.08;15.25;1113;48;4856.00;169
12835;45;624284790;12835;227;13947;14116;7.59;0.46;304.13;15.25;1112;48;4857.00;169
12840;45;624284807;12840;222;13947;14116;7.60;0.46;304.20;15.25;1107;48;4858.00;169
12843;45;624284825;12843;222;13947;14116;7.59;0.46;304.23;15.25;1104;48;4859.00;169
12848;45;624284845;12848;221;13967;14150;7.58;0.46;304.26;15.22;1119;48;4860.00;183
12850;45;624284866;12850;218;13967;14150;7.53;0.46;304.31;15.22;1117;48;4861.00;183
12852;45;624284886;12852;212;13972;14150;7.49;0.46;304.32;15.22;1120;48;4862.00;178
12856;45;624284905;12856;212;13972;14150;7.46;0.46;304.41;15.22;1116;48;4863.00;178
12858;45;624284922;12858;211;13974;14150;7.48;0.46;304.44;15.22;1116;48;4864.00;176
12865;45;624284940;12865;214;13976;14150;7.42;0.45;304.51;15.24;1111;48;4865.00;174
12868;45;624284967;12868;213;13976;14151;7.40;0.45;304.52;15.24;1108;48;4866.00;175
12870;45;624284986;12870;215;13976;14151;7.35;0.45;304.54;15.24;1106;48;4867.00;175
12873;45;624285003;12873;216;13980;14157;7.37;0.45;304.55;15.24;1107;48;4868.00;177
12875;45;624285021;12875;214;13980;14158;7.31;0.45;304.53;15.24;1105;48;4869.00;178
12879;45;624285039;12879;221;13981;14158;7.22;0.44;304.51;15.24;1102;48;4870.00;177
12883;45;624285055;12883;222;13981;14158;7.19;0.44;304.50;15.24;1098;48;4871.00;177
12886;45;624285072;12886;223;13983;14162;7.15;0.44;304.56;15.24;1097;48;4872.00;179
12890;45;624285089;12890;236;13984;14162;7.05;0.43;304.57;15.23;1094;48;4873.00;178
12890;45;624285107;12890;243;13985;14162;6.97;0.43;304.57;15.23;1095;48;4874.00;177
12892;45;624285133;12892;247;13986;14163;6.92;0.42;304.62;15.23;1094;48;4875.00;177
12895;45;624285150;12895;255;13989;14167;6.86;0.42;304.57;15.23;1094;48;4876.00;178
12901;45;624285167;12901;256;13989;14167;6.82;0.41;304.59;15.23;1088;48;4877.00;178
12905;45;624285184;12905;250;13993;14170;6.80;0.41;304.59;15.23;1088;48;4878.00;177
12910;45;624285201;12910;257;13994;14170;6.78;0.41;304.62;15.23;1084;48;4879.00;176
12913;45;624285218;12913;263;13994;14170;6.81;0.41;304.62;15.23;1081;48;4880.00;176
12914;45;624285233;12914;265;13994;14170;6.83;0.42;304.62;15.23;1080;48;4881.00;176
12915;45;624285250;12915;273;13998;14174;6.92;0.42;304.68;15.22;1083;48;4882.00;176
12917;45;624285267;12917;269;13998;14174;6.93;0.42;304.68;15.22;1081;48;4883.00;176
12920;45;624285284;12920;272;13998;14174;6.94;0.42;304.71;15.22;1078;48;4884.00;176
12924;45;624285302;12924;274;13998;14174;6.91;0.42;304.72;15.22;1074;48;4885.00;176
12925;45;624285319;12925;282;13998;14175;6.89;0.42;304.74;15.22;1073;48;4886.00;177
12930;45;624285342;12930;283;13999;14176;6.87;0.42;304.82;15.22;1069;48;4887.00;177
12933;45;624285360;12933;290;13999;14176;6.80;0.41;304.82;15.22;1066;48;4888.00;177
12933;45;624285377;12933;297;14000;14177;6.71;0.41;304.82;15.22;1067;48;4889.00;177
12937;45;624285394;12937;302;14001;14177;6.64;0.40;304.87;15.23;1064;48;4890.00;176
12939;45;624285410;12939;310;14002;14177;6.55;0.40;304.90;15.25;1063;48;4891.00;175
12942;45;624285425;12942;315;14002;14177;6.46;0.39;304.97;15.25;1060;48;4892.00;175
12947;45;624285439;12947;325;14004;14177;6.41;0.39;305.02;15.27;1057;48;4893.00;173
12950;45;624285454;12950;327;14004;14177;6.32;0.39;305.03;15.27;1054;48;4894.00;173
12950;45;624285467;12950;330;14005;14177;6.29;0.39;305.03;15.28;1055;48;4895.00;172
12951;45;624285480;12951;358;14069;14304;6.48;0.40;305.06;15.21;1118;48;4896.00;235
12951;45;624285503;12951;362;14075;14305;6.37;0.40;305.06;15.23;1124;48;4897.00;230
12956;45;624285516;12956;358;14084;14305;6.29;0.39;305.03;15.22;1128;48;4898.00;221
12957;45;624285529;12957;365;14090;14305;6.20;0.38;305.04;15.24;1133;48;4899.00;215
12961;45;624285543;12961;369;14096;14305;6.16;0.38;305.02;15.23;1135;48;4900.00;209
12961;45;624285560;12961;377;14100;14305;6.09;0.38;305.02;15.23;1139;48;4901.00;205
12964;45;624285573;12964;372;14104;14305;6.04;0.37;305.08;15.25;1140;48;4902.00;201
12969;45;624285586;12969;372;14107;14305;5.96;0.37;305.08;15.25;1138;48;4903.00;198
12973;45;624285601;12973;376;14109;14306;5.86;0.36;305.08;15.26;1136;48;4904.00;197
12974;45;624285613;12974;380;14113;14308;5.78;0.36;305.07;15.26;1139;48;4905.00;195
12976;45;624285629;12976;383;14118;14308;5.76;0.35;305.06;15.27;1142;48;4906.00;190
12978;45;624285643;12978;388;14121;14309;5.64;0.35;305.03;15.27;1143;48;4907.00;188
12983;45;624285656;12983;396;14125;14309;5.55;0.34;305.05;15.27;1142;48;4908.00;184
12983;45;624285670;12983;399;14127;14309;5.47;0.34;305.05;15.28;1144;48;4909.00;182
12986;45;624285683;12986;408;14132;14309;5.36;0.33;305.05;15.28;1146;48;4910.00;177
12988;45;624285696;12988;413;14135;14313;5.30;0.33;305.07;15.28;1147;48;4911.00;178
12993;45;624285709;12993;418;14138;14313;5.22;0.32;305.09;15.29;1145;48;4912.00;175
12995;45;624285723;12995;423;14140;14313;5.16;0.32;305.05;15.29;1145;48;4913.00;173
12996;45;624285735;12996;431;14142;14316;5.11;0.32;305.05;15.30;1146;48;4914.00;174
13001;45;624285749;13001;432;14144;14316;5.05;0.31;305.09;15.30;1143;48;4915.00;172
13001;45;624285762;13001;436;14145;14316;4.99;0.31;305.09;15.30;1144;48;4916.00;171
13003;45;624285775;13003;448;14150;14320;4.97;0.31;305.06;15.30;1147;48;4917.00;170
13004;45;624285788;13004;458;14153;14321;4.92;0.30;305.05;15.31;1149;48;4918.00;168
13006;45;624285801;13006;459;14154;14321;4.86;0.30;305.07;15.32;1148;48;4919.00;167
13010;45;624285815;13010;467;14160;14326;4.85;0.30;305.02;15.32;1150;48;4920.00;166
13014;45;624285828;13014;470;14163;14326;4.78;0.29;304.98;15.34;1149;48;4921.00;163
13015;45;624285846;13015;471;14164;14326;4.73;0.29;304.97;15.35;1149;48;4922.00;162
13015;45;624285864;13015;479;14165;14327;4.66;0.29;304.97;15.35;1150;48;4923.00;162
13020;45;624285880;13020;480;14165;14327;4.56;0.28;304.94;15.35;1145;48;4924.00;162
13021;45;624285896;13021;476;14172;14333;4.54;0.28;304.93;15.36;1151;48;4925.00;161
13026;45;624285912;13026;478;14172;14333;4.37;0.27;304.88;15.36;1146;48;4926.00;161
13028;45;624285925;13028;486;14173;14334;4.26;0.26;304.86;15.37;1145;48;4927.00;161
13033;45;624285943;13033;492;14173;14334;4.13;0.25;304.81;15.37;1140;48;4928.00;161
13035;45;624285958;13035;500;14175;14334;4.02;0.25;304.80;15.39;1140;48;4929.00;159
13038;45;624285974;13038;505;14176;14334;3.92;0.24;304.78;15.40;1138;48;4930.00;158
13041;45;624285986;13041;484;14176;14334;3.89;0.24;304.78;15.40;1135;48;4931.00;158
13044;45;624285999;13044;473;14187;14346;3.94;0.24;304.77;15.38;1143;48;4932.00;159
13046;45;624286013;13046;463;14188;14346;3.94;0.24;304.79;15.39;1142;48;4933.00;158
13049;45;624286033;13049;457;14190;14346;4.04;0.25;304.79;15.41;1141;48;4934.00;156
13051;45;624286047;13051;451;14190;14346;4.13;0.25;304.80;15.41;1139;48;4935.00;156
13054;45;624286061;13054;456;14191;14346;4.20;0.26;304.82;15.42;1137;48;4936.00;155
13058;45;624286075;13058;447;14191;14346;4.26;0.26;304.86;15.42;1133;48;4937.00;155
13061;45;624286097;13061;441;14195;14350;4.36;0.27;304.90;15.42;1134;48;4938.00;155
13063;45;624286112;13063;434;14195;14350;4.44;0.27;304.91;15.42;1132;48;4939.00;155
13067;45;624286124;13067;427;14199;14354;4.52;0.28;304.88;15.42;1132;48;4940.00;155
13068;45;624286148;13068;423;14200;14355;4.62;0.28;304.89;15.42;1132;48;4941.00;155
13070;45;624286160;13070;416;14200;14355;4.70;0.29;304.89;15.42;1130;48;4942.00;155
13073;45;624286175;13073;414;14200;14355;4.76;0.29;304.89;15.42;1127;48;4943.00;155
13075;45;624286202;13075;419;14211;14368;4.88;0.30;304.89;15.40;1136;48;4944.00;157
13080;45;624286228;13080;420;14211;14368;4.88;0.30;304.93;15.40;1131;48;4945.00;157
13083;45;624286243;13083;428;14211;14368;4.93;0.30;304.93;15.40;1128;48;4946.00;157
13084;45;624286261;13084;431;14212;14369;5.02;0.31;304.93;15.40;1128;48;4947.00;157
13088;45;624286279;13088;431;14212;14370;5.06;0.31;304.91;15.40;1124;48;4948.00;158
13090;45;624286297;13090;431;14212;14370;5.11;0.31;304.89;15.40;1122;48;4949.00;158
13091;45;624286317;13091;434;14218;14379;5.21;0.32;304.90;15.40;1127;48;4950.00;161
13094;45;624286335;13094;433;14219;14379;5.25;0.32;304.89;15.40;1125;48;4951.00;160
13099;45;624286349;13099;429;14220;14379;5.23;0.32;304.93;15.40;1121;48;4952.00;159
13103;45;624286364;13103;437;14221;14379;5.26;0.32;304.92;15.39;1118;48;4953.00;158
13107;45;624286380;13107;433;14225;14385;5.32;0.32;304.92;15.39;1118;48;4954.00;160
13109;45;624286396;13109;429;14226;14385;5.33;0.32;304.98;15.39;1117;48;4955.00;159
13110;45;624286417;13110;434;14226;14385;5.30;0.32;304.99;15.39;1116;48;4956.00;159
13113;45;624286439;13113;438;14226;14385;5.30;0.32;304.99;15.39;1113;48;4957.00;159
13116;45;624286461;13116;435;14229;14389;5.25;0.32;304.97;15.39;1113;48;4958.00;160
13119;45;624286482;13119;432;14230;14390;5.24;0.32;304.96;15.39;1111;48;4959.00;160
13124;45;624286505;13124;439;14230;14390;5.17;0.32;304.96;15.39;1106;48;4960.00;160
13126;45;624286525;13126;449;14231;14391;5.19;0.32;304.94;15.38;1105;48;4961.00;160
13132;45;624286542;13132;450;14231;14391;5.17;0.31;305.00;15.38;1099;48;4962.00;160
13137;45;624286559;13137;456;14231;14391;5.16;0.31;305.03;15.38;1094;48;4963.00;160
13137;45;624286576;13137;452;14231;14391;5.25;0.32;305.03;15.38;1094;48;4964.00;160
13140;45;624286593;13140;451;14231;14391;5.27;0.32;305.04;15.38;1091;48;4965.00;160
13145;45;624286610;13145;449;14231;14391;5.27;0.32;305.03;15.38;1086;48;4966.00;160
13147;45;624286626;13147;448;14231;14391;5.33;0.32;305.04;15.38;1084;48;4967.00;160
13150;45;624286644;13150;458;14274;14461;5.41;0.33;305.03;15.34;1124;48;4968.00;187
13152;45;624286675;13152;446;14275;14462;5.41;0.33;305.04;15.34;1123;48;4969.00;187
13156;45;624286693;13156;444;14280;14462;5.48;0.33;305.03;15.33;1124;48;4970.00;182
13158;45;624286708;13158;433;14280;14462;5.49;0.33;305.03;15.33;1122;48;4971.00;182
13160;45;624286724;13160;427;14282;14462;5.50;0.33;305.02;15.33;1122;48;4972.00;180
13161;45;624286738;13161;424;14284;14462;5.60;0.34;305.00;15.33;1123;48;4973.00;178
13162;45;624286753;13162;421;14286;14462;5.65;0.34;305.01;15.33;1124;48;4974.00;176
13165;45;624286766;13165;418;14288;14462;5.67;0.35;304.97;15.33;1123;48;4975.00;174
13167;45;624286781;13167;413;14290;14463;5.68;0.35;304.96;15.33;1123;48;4976.00;173
13168;45;624286797;13168;400;14292;14464;5.72;0.35;304.97;15.32;1124;48;4977.00;172
13170;45;624286812;13170;396;14294;14464;5.73;0.35;304.98;15.32;1124;48;4978.00;170
13172;45;624286826;13172;393;14299;14468;5.79;0.35;305.03;15.32;1127;48;4979.00;169
13175;45;624286843;13175;383;14300;14468;5.85;0.36;305.04;15.32;1125;48;4980.00;168
13178;45;624286858;13178;383;14301;14468;5.86;0.36;305.07;15.32;1123;48;4981.00;167
13181;45;624286874;13181;382;14302;14468;5.92;0.36;305.09;15.32;1121;48;4982.00;166
13184;45;624286890;13184;373;14307;14474;5.98;0.36;305.15;15.31;1123;48;4983.00;167
13185;45;624286905;13185;371;14307;14474;6.07;0.37;305.15;15.31;1122;48;4984.00;167
13186;45;624286920;13186;366;14307;14474;6.09;0.37;305.19;15.31;1121;48;4985.00;167
13189;45;624286935;13189;355;14309;14477;6.14;0.37;305.24;15.31;1120;48;4986.00;168
13190;45;624286951;13190;347;14309;14477;6.22;0.38;305.29;15.31;1119;48;4987.00;168
13194;45;624286966;13194;339;14310;14477;6.27;0.38;305.34;15.31;1116;48;4988.00;167
13196;45;624286982;13196;335;14310;14478;6.32;0.38;305.39;15.31;1114;48;4989.00;168
13198;45;624286998;13198;336;14311;14479;6.42;0.39;305.43;15.31;1113;48;4990.00;168
13201;45;624287014;13201;320;14311;14479;6.47;0.39;305.55;15.31;1110;48;4991.00;168
13206;45;624287029;13206;325;14322;14492;6.53;0.40;305.63;15.30;1116;48;4992.00;170
13210;45;624287046;13210;318;14322;14492;6.57;0.40;305.67;15.30;1112;48;4993.00;170
13211;45;624287062;13211;318;14322;14492;6.64;0.40;305.70;15.30;1111;48;4994.00;170
13214;45;624287077;13214;323;14324;14494;6.68;0.40;305.72;15.30;1110;48;4995.00;170
13218;45;624287093;13218;327;14325;14494;6.74;0.41;305.79;15.43;1107;48;4996.00;169
13220;45;624287109;13220;322;14329;14498;6.86;0.41;305.81;15.43;1109;48;4997.00;169
13224;45;624287124;13224;324;14330;14498;6.90;0.42;305.88;15.57;1106;48;4998.00;168
13226;45;624287141;13226;324;14333;14502;6.95;0.42;305.91;15.56;1107;48;4999.00;169
13229;45;624287161;13229;320;14333;14502;7.02;0.42;306.01;15.56;1104;48;5000.00;169
13234;45;624287182;13234;318;14333;14502;7.03;0.42;306.07;15.56;1099;48;5001.00;169
13236;45;624287198;13236;316;14333;14502;7.03;0.43;306.14;15.56;1097;48;5002.00;169
13240;45;624287213;13240;309;14333;14502;7.01;0.42;306.30;15.56;1093;48;5003.00;169
13243;45;624287229;13243;304;14342;14514;7.05;0.43;306.35;15.55;1099;48;5004.00;172
13247;45;624287245;13247;298;14342;14514;7.07;0.43;306.50;15.55;1095;48;5005.00;172
13250;45;624287262;13250;298;14344;14514;7.09;0.43;306.49;15.55;1094;48;5006.00;170
13253;45;624287276;13253;292;14344;14514;7.10;0.43;306.61;15.55;1091;48;5007.00;170
13255;45;624287295;13255;292;14344;14514;7.11;0.43;306.65;15.55;1089;48;5008.00;170
13257;45;624287312;13257;285;14344;14514;7.16;0.44;306.67;15.55;1087;48;5009.00;170
13260;45;624287329;13260;284;14344;14515;7.21;0.44;306.69;15.55;1084;48;5010.00;171
13261;45;624287344;13261;278;14344;14515;7.29;0.44;306.71;15.55;1083;48;5011.00;171
13266;45;624287359;13266;276;14349;14521;7.33;0.44;306.76;15.55;1083;48;5012.00;172
13266;45;624287375;13266;277;14350;14522;7.42;0.45;306.76;15.55;1084;48;5013.00;172
13269;45;624287392;13269;277;14350;14522;7.43;0.45;306.81;15.55;1081;48;5014.00;172
13272;45;624287408;13272;273;14350;14522;7.41;0.45;306.87;15.55;1078;48;5015.00;172
13274;45;624287422;13274;274;14353;14526;7.48;0.45;306.85;15.54;1079;48;5016.00;173
13277;45;624287438;13277;274;14353;14526;7.47;0.45;306.91;15.54;1076;48;5017.00;173
13280;45;624287453;13280;273;14353;14526;7.49;0.45;306.96;15.54;1073;48;5018.00;173
13282;45;624287467;13282;273;14354;14527;7.49;0.45;306.97;15.54;1072;48;5019.00;173
13284;45;624287481;13284;280;14357;14531;7.43;0.45;307.00;15.54;1073;48;5020.00;174
13286;45;624287494;13286;276;14357;14531;7.34;0.45;307.02;15.54;1071;48;5021.00;174
13287;45;624287507;13287;276;14359;14534;7.32;0.44;307.04;15.54;1072;48;5022.00;175
13289;45;624287521;13289;279;14359;14534;7.28;0.44;307.07;15.54;1070;48;5023.00;175
13293;45;624287535;13293;280;14360;14534;7.25;0.44;307.05;15.54;1067;48;5024.00;174
13297;45;624287548;13297;273;14360;14534;7.22;0.44;307.10;15.54;1063;48;5025.00;174
13298;45;624287561;13298;276;14364;14538;7.22;0.44;307.12;15.53;1066;48;5026.00;174
13302;45;624287574;13302;274;14364;14538;7.18;0.44;307.16;15.53;1062;48;5027.00;174
13303;45;624287588;13303;274;14364;14538;7.19;0.44;307.20;15.53;1061;48;5028.00;174
13305;45;624287601;13305;273;14364;14538;7.13;0.43;307.25;15.53;1059;48;5029.00;174
13309;45;624287614;13309;263;14365;14539;7.06;0.43;307.35;15.67;1056;48;5030.00;174
13314;45;624287627;13314;256;14366;14540;7.02;0.43;307.35;15.67;1052;48;5031.00;174
13316;45;624287641;13316;247;14366;14540;7.01;0.43;307.40;15.67;1050;48;5032.00;174
13320;45;624287653;13320;241;14367;14541;6.95;0.42;307.49;15.67;1047;48;5033.00;174
13323;45;624287673;13323;241;14368;14541;6.90;0.42;307.57;15.68;1045;48;5034.00;173
13328;45;624287686;13328;240;14369;14541;6.88;0.42;307.56;15.69;1041;48;5035.00;172
13329;45;624287699;13329;237;14369;14541;6.85;0.42;307.61;15.69;1040;48;5036.00;172
13333;45;624287713;13333;237;14369;14541;6.82;0.41;307.59;15.69;1036;48;5037.00;172
13336;45;624287726;13336;236;14369;14541;6.78;0.41;307.60;15.69;1033;48;5038.00;172
13339;45;624287739;13339;239;14369;14541;6.79;0.41;307.63;15.69;1030;48;5039.00;172
13344;45;624287753;13344;266;14466;14771;7.00;0.44;307.61;15.59;1122;48;5040.00;305
13347;45;624287785;13347;261;14471;14772;6.95;0.43;307.61;15.58;1124;48;5041.00;301
13350;45;624287798;13350;260;14479;14772;6.99;0.43;307.65;15.57;1129;48;5042.00;293
13354;45;624287812;13354;262;14485;14772;7.01;0.44;307.73;15.57;1131;48;5043.00;287
13359;45;624287825;13359;259;14494;14772;6.95;0.43;307.79;15.57;1135;48;5044.00;278
13363;45;624287838;13363;264;14502;14772;6.90;0.43;307.85;15.56;1139;48;5045.00;270
13363;45;624287851;13363;266;14509;14772;6.89;0.43;307.85;15.69;1146;48;5046.00;263
13365;45;624287864;13365;262;14516;14772;6.85;0.42;307.84;15.69;1151;48;5047.00;256
13366;45;624287884;13366;269;14525;14773;6.85;0.42;307.83;15.69;1159;48;5048.00;248
13368;45;624287897;13368;272;14532;14774;6.79;0.42;307.82;15.68;1164;48;5049.00;242
13370;45;624287910;13370;273;14538;14774;6.70;0.41;307.83;15.68;1168;48;5050.00;236
13371;45;624287924;13371;279;14541;14775;6.63;0.41;307.83;15.68;1170;48;5051.00;234
13373;45;624287937;13373;288;14544;14775;6.56;0.41;307.79;15.68;1171;48;5052.00;231
13375;45;624287950;13375;298;14547;14775;6.51;0.40;307.79;15.68;1172;48;5053.00;228
13376;45;624287963;13376;307;14549;14775;6.49;0.40;307.79;15.68;1173;48;5054.00;226
13379;45;624287977;13379;314;14552;14779;6.43;0.40;307.81;15.68;1173;48;5055.00;227
13379;45;624287990;13379;320;14554;14779;6.34;0.39;307.81;15.68;1175;48;5056.00;225
13381;45;624288004;13381;325;14559;14779;6.30;0.39;307.79;15.68;1178;48;5057.00;220
13382;45;624288017;13382;337;14562;14782;6.28;0.39;307.78;15.68;1180;48;5058.00;220
13383;45;624288032;13383;345;14563;14782;6.23;0.38;307.76;15.68;1180;48;5059.00;219
13385;45;624288045;13385;348;14565;14782;6.16;0.38;307.78;15.70;1180;48;5060.00;217
13387;45;624288058;13387;356;14570;14786;6.14;0.38;307.74;15.70;1183;48;5061.00;216
13388;45;624288073;13388;365;14572;14787;6.12;0.38;307.75;15.70;1184;48;5062.00;215
13390;45;624288087;13390;376;14577;14787;6.08;0.38;307.73;15.71;1187;48;5063.00;210
13393;45;624288100;13393;378;14579;14791;6.09;0.38;307.69;15.71;1186;48;5064.00;212
13397;45;624288120;13397;374;14582;14791;6.06;0.37;307.65;15.71;1185;48;5065.00;209
13400;45;624288133;13400;382;14585;14791;5.95;0.37;307.63;15.73;1185;48;5066.00;206
13404;45;624288152;13404;385;14587;14792;5.84;0.36;307.62;15.73;1183;48;5067.00;205
13404;45;624288166;13404;392;14590;14792;5.76;0.35;307.62;15.74;1186;48;5068.00;202
13408;45;624288179;13408;399;14596;14798;5.73;0.35;307.64;15.76;1188;48;5069.00;202
13410;45;624288195;13410;401;14599;14798;5.68;0.35;307.64;15.76;1189;48;5070.00;199
13411;45;624288208;13411;403;14601;14799;5.61;0.35;307.65;15.76;1190;48;5071.00;198
13415;45;624288221;13415;405;14603;14799;5.52;0.34;307.64;15.77;1188;48;5072.00;196
13415;45;624288234;13415;415;14605;14799;5.45;0.34;307.64;15.77;1190;48;5073.00;194
13419;45;624288246;13419;427;14606;14799;5.32;0.33;307.63;15.79;1187;48;5074.00;193
13419;45;624288259;13419;434;14607;14799;5.24;0.32;307.63;15.79;1188;48;5075.00;192
13421;45;624288272;13421;443;14618;14811;5.22;0.32;307.63;15.80;1197;48;5076.00;193
13422;45;624288286;13422;449;14621;14811;5.14;0.32;307.63;15.80;1199;48;5077.00;190
13424;45;624288299;13424;459;14624;14811;5.08;0.31;307.61;15.81;1200;48;5078.00;187
13427;45;624288311;13427;456;14626;14811;5.02;0.31;307.58;15.81;1199;48;5079.00;185
13428;45;624288324;13428;464;14627;14811;4.95;0.31;307.59;15.82;1199;48;5080.00;184
13432;45;624288336;13432;465;14627;14811;4.88;0.30;307.52;15.82;1195;48;5081.00;184
13435;45;624288349;13435;476;14631;14815;4.82;0.30;307.48;15.83;1196;48;5082.00;184
13437;45;624288362;13437;460;14634;14815;4.77;0.29;307.48;15.86;1197;48;5083.00;181
13439;45;624288374;13439;450;14638;14819;4.78;0.29;307.45;15.86;1199;48;5084.00;181
13439;46;624288388;13439;451;14640;14821;4.79;0.29;307.45;15.87;1201;49;5085.00;181
13441;46;624288432;13441;451;14640;14821;4.76;0.29;307.42;15.87;1199;49;5086.00;181
13442;46;624288452;13442;447;14643;14821;4.71;0.29;307.43;15.91;1201;49;5087.00;178
13443;46;624288470;13443;453;14654;14834;4.80;0.29;307.43;15.89;1211;49;5088.00;180
13444;46;624288494;13444;452;14655;14834;4.80;0.29;307.42;15.90;1211;49;5089.00;179
13444;46;624288522;13444;457;14655;14834;4.83;0.30;307.42;15.90;1211;49;5090.00;179
13445;46;624288541;13445;456;14656;14835;4.88;0.30;307.40;15.90;1211;49;5091.00;179
13447;46;624288558;13447;453;14659;14836;4.89;0.30;307.45;15.93;1212;49;5092.00;177
13451;46;624288581;13451;461;14660;14836;4.86;0.30;307.51;15.94;1209;49;5093.00;176
13453;46;624288597;13453;463;14663;14839;4.88;0.30;307.51;15.94;1210;49;5094.00;176
13456;46;624288614;13456;465;14666;14839;4.87;0.30;307.49;15.96;1210;49;5095.00;173
13459;46;624288629;13459;469;14666;14839;4.85;0.30;307.48;15.96;1207;49;5096.00;173
13460;46;624288643;13460;476;14668;14839;4.82;0.30;307.47;15.98;1208;49;5097.00;171
13463;46;624288664;13463;475;14673;14845;4.82;0.30;307.49;15.97;1210;49;5098.00;172
13465;46;624288678;13465;481;14674;14845;4.75;0.29;307.48;15.98;1209;49;5099.00;171
13470;46;624288696;13470;479;14679;14864;4.63;0.28;307.42;15.98;1209;49;5100.00;185
13472;46;624288718;13472;470;14679;14864;4.61;0.28;307.42;15.98;1207;49;5101.00;185
13473;46;624288733;13473;473;14682;14868;4.60;0.28;307.43;16.00;1209;49;5102.00;186
13476;46;624288748;13476;467;14683;14869;4.59;0.28;307.43;16.00;1207;49;5103.00;186
13479;46;624288763;13479;469;14683;14869;4.60;0.28;307.48;16.00;1204;49;5104.00;186
13481;46;624288777;13481;467;14687;14870;4.66;0.29;307.49;16.01;1206;49;5105.00;183
13486;46;624288791;13486;464;14689;14870;4.64;0.29;307.47;16.01;1203;49;5106.00;181
13489;46;624288806;13489;449;14689;14870;4.69;0.29;307.46;16.01;1200;49;5107.00;181
13491;46;624288821;13491;450;14689;14870;4.71;0.29;307.48;16.01;1198;49;5108.00;181
13495;46;624288837;13495;443;14689;14870;4.74;0.29;307.47;16.01;1194;49;5109.00;181
13497;46;624288852;13497;436;14689;14870;4.78;0.29;307.46;16.01;1192;49;5110.00;181
13499;46;624288867;13499;432;14690;14870;4.88;0.30;307.44;16.01;1191;49;5111.00;180
13502;46;624288891;13502;433;14722;14940;4.99;0.31;307.44;16.11;1220;49;5112.00;218
13505;46;624288916;13505;416;14725;14941;5.02;0.31;307.48;16.11;1220;49;5113.00;216
13508;46;624288932;13508;414;14732;14941;5.06;0.31;307.46;16.10;1224;49;5114.00;209
13514;46;624288947;13514;414;14733;14941;5.05;0.31;307.45;16.10;1219;49;5115.00;208
13520;46;624288961;13520;411;14738;14941;5.08;0.31;307.48;16.09;1218;49;5116.00;203
13523;46;624288978;13523;412;14740;14941;5.11;0.31;307.53;16.09;1217;49;5117.00;201
13530;46;624288993;13530;408;14745;14941;5.11;0.31;307.58;16.09;1215;49;5118.00;196
13533;46;624289008;13533;412;14747;14941;5.16;0.32;307.60;16.09;1214;49;5119.00;194
13538;46;624289023;13538;404;14750;14942;5.21;0.32;307.60;16.09;1212;49;5120.00;192
13541;46;624289039;13541;413;14753;14943;5.20;0.32;307.64;16.09;1212;49;5121.00;190
13542;46;624289055;13542;410;14756;14943;5.28;0.32;307.65;16.08;1214;49;5122.00;187
13544;46;624289071;13544;416;14760;14947;5.30;0.32;307.66;16.08;1216;49;5123.00;187
13550;46;624289087;13550;417;14760;14947;5.30;0.32;307.69;16.08;1210;49;5124.00;187
13553;46;624289110;13553;417;14760;14947;5.36;0.33;307.70;16.08;1207;49;5125.00;187
13556;46;624289127;13556;417;14760;14947;5.42;0.33;307.73;16.08;1204;49;5126.00;187
13562;46;624289143;13562;419;14764;14953;5.48;0.34;307.77;16.08;1202;49;5127.00;189
13566;46;624289159;13566;419;14764;14953;5.55;0.34;307.77;16.08;1198;49;5128.00;189
13570;46;624289176;13570;425;14766;14953;5.60;0.34;307.77;16.08;1196;49;5129.00;187
13574;46;624289195;13574;423;14769;14959;5.67;0.35;307.78;16.08;1195;49;5130.00;190
13577;46;624289213;13577;429;14769;14959;5.70;0.35;307.78;16.08;1192;49;5131.00;190
13582;46;624289229;13582;429;14772;14959;5.68;0.35;307.83;16.08;1190;49;5132.00;187
13587;46;624289252;13587;434;14774;14960;5.66;0.34;307.85;16.08;1187;49;5133.00;186
13591;46;624289269;13591;429;14776;14961;5.65;0.34;307.91;16.08;1185;49;5134.00;185
13594;46;624289286;13594;426;14779;14961;5.56;0.34;307.97;16.08;1185;49;5135.00;182
13596;46;624289303;13596;424;14790;14974;5.47;0.33;307.95;16.07;1194;49;5136.00;184
13598;46;624289322;13598;424;14792;14974;5.40;0.33;307.97;16.21;1194;49;5137.00;182
13601;46;624289347;13601;428;14793;14974;5.35;0.32;307.98;16.21;1192;49;5138.00;181
13603;46;624289368;13603;427;14795;14975;5.36;0.33;308.02;16.20;1192;49;5139.00;180
13605;46;624289388;13605;430;14796;14975;5.36;0.33;308.07;16.20;1191;49;5140.00;179
13608;46;624289409;13608;433;14802;14979;5.40;0.33;308.10;16.20;1194;49;5141.00;177
13613;46;624289431;13613;431;14802;14979;5.39;0.33;308.09;16.20;1189;49;5142.00;177
13615;46;624289451;13615;439;14805;14983;5.40;0.33;308.11;16.20;1190;49;5143.00;178
13616;46;624289469;13616;441;14806;14983;5.41;0.33;308.12;16.20;1190;49;5144.00;177
13619;46;624289484;13619;442;14806;14983;5.43;0.33;308.19;16.20;1187;49;5145.00;177
13623;46;624289500;13623;444;14806;14983;5.39;0.33;308.23;16.20;1183;49;5146.00;177
13628;46;624289516;13628;437;14806;14983;5.38;0.33;308.22;16.20;1178;49;5147.00;177
13630;46;624289533;13630;431;14814;14995;5.46;0.33;308.24;16.19;1184;49;5148.00;181
13634;46;624289549;13634;422;14815;14995;5.48;0.33;308.33;16.19;1181;49;5149.00;180
13634;46;624289565;13634;418;14817;14995;5.58;0.34;308.33;16.19;1183;49;5150.00;178
13642;46;624289582;13642;416;14817;14995;5.58;0.34;308.44;16.19;1175;49;5151.00;178
13643;46;624289599;13643;421;14818;14995;5.56;0.34;308.43;16.32;1175;49;5152.00;177
13647;46;624289623;13647;423;14818;14995;5.56;0.34;308.50;16.32;1171;49;5153.00;177
13649;46;624289640;13649;428;14818;14996;5.60;0.34;308.55;16.32;1169;49;5154.00;178
13653;46;624289657;13653;427;14820;14998;5.59;0.34;308.59;16.32;1167;49;5155.00;178
13655;46;624289673;13655;421;14825;15004;5.62;0.34;308.59;16.32;1170;49;5156.00;179
13661;46;624289689;13661;417;14826;15005;5.61;0.34;308.66;16.32;1165;49;5157.00;179
13662;46;624289706;13662;409;14826;15005;5.62;0.34;308.67;16.32;1164;49;5158.00;179
13665;46;624289727;13665;411;14826;15005;5.62;0.34;308.67;16.32;1161;49;5159.00;179
13667;46;624289751;13667;409;14830;15010;5.70;0.35;308.77;16.31;1163;49;5160.00;180
13670;46;624289768;13670;405;14831;15010;5.78;0.35;308.82;16.44;1161;49;5161.00;179
13670;46;624289784;13670;398;14831;15010;5.82;0.35;308.82;16.44;1161;49;5162.00;179
13673;46;624289799;13673;404;14832;15011;5.90;0.36;308.87;16.44;1159;49;5163.00;179
13679;46;624289815;13679;401;14835;15015;5.85;0.36;308.96;16.44;1156;49;5164.00;180
13682;46;624289831;13682;400;14835;15015;5.86;0.36;308.98;16.44;1153;49;5165.00;180
13684;46;624289846;13684;402;14837;15018;5.88;0.36;309.02;16.44;1153;49;5166.00;181
13685;46;624289862;13685;395;14837;15018;5.90;0.36;309.06;16.44;1152;49;5167.00;181
13688;46;624289880;13688;392;14838;15018;5.95;0.36;309.14;16.44;1150;49;5168.00;180
13690;46;624289895;13690;392;14838;15018;6.01;0.37;309.13;16.44;1148;49;5169.00;180
13691;46;624289911;13691;398;14842;15022;6.12;0.37;309.18;16.43;1151;49;5170.00;180
13694;46;624289927;13694;391;14842;15022;6.16;0.37;309.24;16.43;1148;49;5171.00;180
13697;46;624289942;13697;392;14842;15022;6.18;0.38;309.27;16.43;1145;49;5172.00;180
13698;46;624289958;13698;391;14842;15022;6.17;0.38;309.33;16.43;1144;49;5173.00;180
13700;46;624289973;13700;383;14842;15023;6.18;0.38;309.33;16.43;1142;49;5174.00;181
13705;46;624289988;13705;385;14844;15025;6.09;0.37;309.37;16.43;1139;49;5175.00;181
13708;46;624290004;13708;377;14844;15025;6.04;0.37;309.35;16.43;1136;49;5176.00;181
13709;46;624290019;13709;373;14845;15026;6.03;0.37;309.38;16.43;1136;49;5177.00;181
13712;46;624290034;13712;362;14845;15026;6.01;0.37;309.40;16.43;1133;49;5178.00;181
13714;46;624290055;13714;356;14845;15026;6.01;0.37;309.45;16.43;1131;49;5179.00;181
13716;46;624290070;13716;348;14845;15026;6.02;0.37;309.51;16.43;1129;49;5180.00;181
13717;46;624290087;13717;346;14845;15026;6.07;0.37;309.50;16.43;1128;49;5181.00;181
13719;46;624290101;13719;347;14845;15026;6.06;0.37;309.53;16.43;1126;49;5182.00;181
13719;46;624290116;13719;344;14846;15026;6.09;0.37;309.53;16.56;1127;49;5183.00;180
13723;46;624290131;13723;367;14919;15153;6.13;0.38;309.60;16.48;1196;49;5184.00;234
13725;46;624290157;13725;356;14920;15154;6.19;0.38;309.61;16.48;1195;49;5185.00;234
13727;46;624290172;13727;337;14924;15154;6.27;0.39;309.62;16.48;1197;49;5186.00;230
13729;46;624290187;13729;334;14925;15154;6.31;0.39;309.65;16.48;1196;49;5187.00;229
13734;46;624290202;13734;329;14929;15154;6.35;0.39;309.69;16.47;1195;49;5188.00;225
13737;46;624290218;13737;323;14929;15154;6.36;0.39;309.77;16.47;1192;49;5189.00;225
13737;46;624290236;13737;324;14933;15154;6.43;0.39;309.77;16.47;1196;49;5190.00;221
13740;46;624290252;13740;332;14934;15154;6.46;0.40;309.84;16.47;1194;49;5191.00;220
13741;46;624290267;13741;333;14937;15155;6.51;0.40;309.86;16.47;1196;49;5192.00;218
13743;46;624290284;13743;333;14942;15156;6.55;0.40;309.86;16.47;1199;49;5193.00;214
13744;46;624290301;13744;329;14945;15156;6.54;0.40;309.90;16.46;1201;49;5194.00;211
13750;46;624290321;13750;339;14947;15157;6.45;0.39;309.86;16.46;1197;49;5195.00;210
13753;46;624290345;13753;343;14951;15157;6.44;0.39;309.97;16.46;1198;49;5196.00;206
13754;46;624290359;13754;342;14954;15157;6.43;0.39;310.02;16.46;1200;49;5197.00;203
13757;46;624290374;13757;343;14956;15157;6.41;0.39;310.06;16.46;1199;49;5198.00;201
13761;46;624290390;13761;339;14960;15161;6.42;0.39;310.14;16.46;1199;49;5199.00;201
13763;46;624290406;13763;337;14961;15161;6.42;0.39;310.15;16.46;1198;49;5200.00;200
13767;46;624290433;13767;338;14962;15161;6.43;0.39;310.20;16.46;1195;49;5201.00;199
13769;46;624290457;13769;346;14964;15164;6.43;0.39;310.26;16.46;1195;49;5202.00;200
13773;46;624290480;13773;341;14964;15164;6.43;0.39;310.33;16.46;1191;49;5203.00;200
13774;46;624290503;13774;343;14967;15164;6.47;0.40;310.37;16.46;1193;49;5204.00;197
13776;46;624290532;13776;346;14973;15168;6.49;0.40;310.40;16.48;1197;49;5205.00;195
13780;46;624290554;13780;343;14974;15169;6.52;0.40;310.44;16.48;1194;49;5206.00;195
13786;46;624290572;13786;346;14976;15169;6.48;0.40;310.45;16.48;1190;49;5207.00;193
13792;46;624290595;13792;344;14977;15173;6.44;0.39;310.44;16.48;1185;49;5208.00;196
13799;46;624290621;13799;344;14977;15173;6.41;0.39;310.44;16.48;1178;49;5209.00;196
13803;46;624290646;13803;347;14978;15173;6.32;0.39;310.47;16.48;1175;49;5210.00;195
13803;46;624290664;13803;345;14979;15174;6.30;0.38;310.47;16.47;1176;49;5211.00;195
13808;46;624290679;13808;352;14980;15174;6.21;0.38;310.49;16.47;1172;49;5212.00;194
13810;46;624290697;13810;364;14985;15180;6.22;0.38;310.48;16.47;1175;49;5213.00;195
13813;46;624290713;13813;366;14985;15180;6.14;0.37;310.47;16.47;1172;49;5214.00;195
13817;46;624290729;13817;374;14985;15180;6.09;0.37;310.54;16.47;1168;49;5215.00;195
13819;46;624290747;13819;382;14985;15181;6.06;0.37;310.54;16.47;1166;49;5216.00;196
13820;46;624290765;13820;381;14987;15181;6.04;0.37;310.52;16.47;1167;49;5217.00;194
13824;46;624290781;13824;390;14987;15181;6.02;0.37;310.51;16.47;1163;49;5218.00;194
13828;46;624290796;13828;391;14988;15181;6.01;0.37;310.51;16.49;1160;49;5219.00;193
13834;46;624290815;13834;391;15009;15217;6.05;0.37;310.48;16.46;1175;49;5220.00;208
13836;46;624290845;13836;388;15012;15217;5.99;0.37;310.47;16.46;1176;49;5221.00;205
13838;46;624290858;13838;393;15015;15217;6.00;0.37;310.44;16.46;1177;49;5222.00;202
13839;46;624290871;13839;398;15017;15217;5.95;0.36;310.48;16.45;1178;49;5223.00;200
13841;46;624290884;13841;400;15018;15217;5.87;0.36;310.51;16.45;1177;49;5224.00;199
13844;46;624290897;13844;407;15018;15217;5.77;0.35;310.52;16.45;1174;49;5225.00;199
13846;46;624290910;13846;403;15021;15221;5.73;0.35;310.54;16.45;1175;49;5226.00;200
13847;46;624290923;13847;411;15021;15221;5.72;0.35;310.52;16.45;1174;49;5227.00;200
13853;46;624290937;13853;420;15025;15225;5.63;0.34;310.56;16.45;1172;49;5228.00;200
13855;46;624290952;13855;427;15026;15226;5.61;0.34;310.53;16.45;1171;49;5229.00;200
13857;46;624290965;13857;432;15028;15226;5.56;0.34;310.56;16.47;1171;49;5230.00;198
13858;46;624290980;13858;440;15028;15226;5.45;0.33;310.55;16.47;1170;49;5231.00;198
13861;46;624290993;13861;448;15039;15239;5.43;0.33;310.52;16.46;1178;49;5232.00;200
13864;46;624291006;13864;456;15039;15239;5.38;0.33;310.53;16.46;1175;49;5233.00;200
13865;46;624291019;13865;460;15040;15239;5.33;0.32;310.51;16.47;1175;49;5234.00;199
13867;46;624291031;13867;455;15042;15240;5.32;0.32;310.51;16.49;1175;49;5235.00;198
13868;46;624291045;13868;449;15044;15241;5.30;0.32;310.56;16.51;1176;49;5236.00;197
13869;46;624291064;13869;445;15044;15241;5.27;0.32;310.56;16.51;1175;49;5237.00;197
13870;46;624291076;13870;448;15048;15244;5.29;0.32;310.55;16.53;1178;49;5238.00;196
13871;46;624291089;13871;447;15049;15244;5.28;0.32;310.54;16.54;1178;49;5239.00;195
13871;46;624291102;13871;445;15051;15244;5.28;0.32;310.54;16.56;1180;49;5240.00;193
13871;46;624291115;13871;448;15053;15244;5.27;0.32;310.54;16.58;1182;49;5241.00;191
13872;46;624291139;13872;449;15058;15250;5.30;0.32;310.53;16.57;1186;49;5242.00;192
13873;46;624291153;13873;446;15058;15250;5.26;0.32;310.51;16.57;1185;49;5243.00;192
13874;46;624291166;13874;451;15060;15250;5.22;0.32;310.50;16.59;1186;49;5244.00;190
13874;46;624291178;13874;457;15060;15250;5.21;0.32;310.50;16.59;1186;49;5245.00;190
13874;46;624291191;13874;456;15063;15254;5.19;0.32;310.50;16.61;1189;49;5246.00;191
13877;46;624291203;13877;464;15064;15255;5.11;0.31;310.50;16.61;1187;49;5247.00;191
13879;46;624291216;13879;473;15064;15255;5.06;0.31;310.48;16.61;1185;49;5248.00;191
13881;46;624291228;13881;467;15067;15256;5.02;0.31;310.46;16.63;1186;49;5249.00;189
13881;46;624291242;13881;463;15068;15256;4.99;0.30;310.46;16.64;1187;49;5250.00;188
13881;46;624291256;13881;461;15069;15256;4.98;0.30;310.46;16.65;1188;49;5251.00;187
13881;46;624291269;13881;458;15069;15256;4.95;0.30;310.46;16.65;1188;49;5252.00;187
13882;46;624291282;13882;457;15069;15256;4.93;0.30;310.49;16.65;1187;49;5253.00;187
13883;46;624291295;13883;455;15069;15256;4.98;0.30;310.50;16.65;1186;49;5254.00;187
13885;46;624291307;13885;454;15072;15256;4.97;0.30;310.49;16.67;1187;49;5255.00;184
13886;46;624291319;13886;454;15105;15326;5.22;0.32;310.48;16.64;1219;49;5256.00;221
13888;46;624291338;13888;453;15111;15327;5.26;0.32;310.51;16.66;1223;49;5257.00;216
13889;46;624291352;13889;456;15119;15327;5.32;0.33;310.55;16.65;1230;49;5258.00;208
13891;46;624291365;13891;459;15126;15327;5.31;0.32;310.56;16.65;1235;49;5259.00;201
13893;46;624291378;13893;458;15130;15327;5.26;0.32;310.53;16.66;1237;49;5260.00;197
13895;46;624291392;13895;458;15133;15327;5.22;0.32;310.52;16.66;1238;49;5261.00;194
13900;46;624291405;13900;465;15136;15327;5.15;0.31;310.54;16.67;1236;49;5262.00;191
13904;46;624291426;13904;466;15139;15327;5.09;0.31;310.49;16.67;1235;49;5263.00;188
13909;46;624291439;13909;469;15141;15328;4.98;0.30;310.53;16.67;1232;49;5264.00;187
13914;46;624291452;13914;478;15145;15330;4.91;0.30;310.53;16.68;1231;49;5265.00;185
13917;46;624291466;13917;484;15147;15330;4.88;0.30;310.53;16.68;1230;49;5266.00;183
13918;46;624291478;13918;490;15151;15334;4.82;0.29;310.52;16.69;1233;49;5267.00;183
13923;46;624291490;13923;493;15151;15334;4.79;0.29;310.53;16.69;1228;49;5268.00;183
13927;46;624291502;13927;503;15152;15334;4.75;0.29;310.53;16.69;1225;49;5269.00;182
13931;46;624291516;13931;503;15153;15334;4.68;0.29;310.60;16.70;1222;49;5270.00;181
13934;46;624291529;13934;501;15158;15340;4.72;0.29;310.57;16.69;1224;49;5271.00;182
13937;46;624291543;13937;502;15161;15340;4.66;0.29;310.64;16.71;1224;49;5272.00;179
13940;46;624291554;13940;506;15161;15340;4.63;0.28;310.70;16.71;1221;49;5273.00;179
13943;46;624291567;13943;512;15163;15343;4.63;0.28;310.71;16.71;1220;49;5274.00;180
13945;46;624291585;13945;515;15164;15343;4.63;0.28;310.70;16.71;1219;49;5275.00;179
13950;46;624291598;13950;513;15164;15343;4.59;0.28;310.71;16.71;1214;49;5276.00;179
13953;46;624291611;13953;505;15165;15344;4.57;0.28;310.78;16.71;1212;49;5277.00;179
13955;46;624291625;13955;501;15168;15345;4.63;0.28;310.81;16.72;1213;49;5278.00;177
13960;46;624291637;13960;499;15168;15345;4.62;0.28;310.82;16.72;1208;49;5279.00;177
13962;46;624291652;13962;501;15185;15371;4.69;0.29;310.84;16.70;1223;49;5280.00;186
13966;46;624291666;13966;492;15186;15371;4.71;0.29;310.90;16.70;1220;49;5281.00;185
13968;46;624291679;13968;493;15188;15371;4.77;0.29;310.90;16.70;1220;49;5282.00;183
13972;46;624291692;13972;484;15189;15372;4.81;0.29;310.89;16.70;1217;49;5283.00;183
13979;46;624291705;13979;484;15189;15372;4.83;0.29;310.91;16.70;1210;49;5284.00;183
13979;46;624291719;13979;477;15192;15376;4.96;0.30;310.91;16.69;1213;49;5285.00;184
13982;46;624291732;13982;473;15193;15376;5.00;0.31;310.89;16.69;1211;49;5286.00;183
13986;46;624291745;13986;471;15194;15379;5.04;0.31;310.91;16.69;1208;49;5287.00;185
13990;46;624291758;13990;469;15195;15380;5.12;0.31;310.93;16.69;1205;49;5288.00;185
13994;46;624291772;13994;463;15196;15380;5.14;0.31;310.93;16.69;1202;49;5289.00;184
13996;46;624291785;13996;455;15196;15380;5.20;0.32;310.94;16.69;1200;49;5290.00;184
14002;46;624291798;14002;457;15197;15380;5.25;0.32;310.98;16.69;1195;49;5291.00;183
14005;46;624291812;14005;448;15206;15392;5.36;0.33;311.05;16.68;1201;49;5292.00;186
14007;46;624291826;14007;453;15207;15392;5.39;0.33;311.05;16.68;1200;49;5293.00;185
14011;46;624291839;14011;449;15207;15392;5.40;0.33;311.05;16.68;1196;49;5294.00;185
14015;46;624291853;14015;447;15208;15392;5.41;0.33;311.07;16.68;1193;49;5295.00;184
14021;46;624291866;14021;448;15208;15392;5.42;0.33;311.16;16.68;1187;49;5296.00;184
14022;46;624291880;14022;446;15208;15392;5.44;0.33;311.15;16.68;1186;49;5297.00;184
14025;46;624291894;14025;453;15208;15393;5.44;0.33;311.16;16.68;1183;49;5298.00;185
14028;46;624291908;14028;451;15209;15393;5.46;0.33;311.24;16.68;1181;49;5299.00;184
14031;46;624291928;14031;451;15215;15399;5.50;0.33;311.23;16.68;1184;49;5300.00;184
14033;46;624291946;14033;446;15216;15400;5.52;0.33;311.24;16.68;1183;49;5301.00;184
14036;46;624291959;14036;443;15216;15400;5.56;0.34;311.35;16.68;1180;49;5302.00;184
14038;46;624291973;14038;444;15217;15400;5.56;0.34;311.35;16.68;1179;49;5303.00;183
14041;46;624291986;14041;439;15221;15404;5.60;0.34;311.39;16.68;1180;49;5304.00;183
14045;46;624291999;14045;440;15222;15404;5.57;0.34;311.44;16.68;1177;49;5305.00;182
14048;46;624292013;14048;447;15223;15404;5.52;0.34;311.50;16.68;1175;49;5306.00;181
14051;46;624292026;14051;436;15225;15405;5.52;0.34;311.52;16.68;1174;49;5307.00;180
14058;46;624292040;14058;438;15227;15409;5.48;0.33;311.56;16.68;1169;49;5308.00;182
14060;46;624292054;14060;431;15228;15409;5.43;0.33;311.57;16.68;1168;49;5309.00;181
14062;46;624292069;14062;430;15232;15415;5.53;0.34;311.54;16.68;1170;49;5310.00;183
14066;46;624292082;14066;428;15232;15415;5.53;0.34;311.59;16.68;1166;49;5311.00;183
14068;46;624292095;14068;433;15238;15415;5.55;0.34;311.60;16.81;1170;49;5312.00;177
14073;46;624292110;14073;438;15238;15415;5.52;0.34;311.65;16.81;1165;49;5313.00;177
14075;46;624292124;14075;435;15242;15419;5.60;0.34;311.68;16.81;1167;49;5314.00;177
14079;46;624292138;14079;437;15242;15419;5.62;0.34;311.71;16.81;1163;49;5315.00;177
14082;47;624292151;14082;432;15242;15419;5.61;0.34;311.83;16.81;1160;50;5316.00;177
14089;47;624292176;14089;423;15242;15419;5.60;0.34;311.92;16.81;1153;50;5317.00;177
14091;47;624292190;14091;420;15242;15420;5.60;0.34;311.92;16.81;1151;50;5318.00;178
14095;47;624292203;14095;419;15243;15421;5.64;0.34;311.95;16.81;1148;50;5319.00;178
14100;47;624292217;14100;414;15243;15421;5.67;0.35;312.07;16.81;1143;50;5320.00;178
14103;47;624292230;14103;413;15244;15422;5.71;0.35;312.06;16.81;1141;50;5321.00;178
14109;47;624292249;14109;418;15244;15422;5.66;0.34;312.12;16.81;1135;50;5322.00;178
14113;47;624292263;14113;422;15244;15422;5.62;0.34;312.18;16.81;1131;50;5323.00;178
14116;47;624292276;14116;431;15244;15422;5.52;0.34;312.22;16.81;1128;50;5324.00;178
14120;47;624292289;14120;425;15244;15422;5.43;0.33;312.28;16.81;1124;50;5325.00;178
14120;47;624292302;14120;422;15244;15422;5.43;0.33;312.28;16.81;1124;50;5326.00;178
14122;47;624292315;14122;416;15244;15422;5.37;0.33;312.32;16.81;1122;50;5327.00;178
14126;47;624292328;14126;435;15317;15549;5.38;0.33;312.26;16.73;1191;50;5328.00;232
14128;47;624292351;14128;420;15317;15550;5.36;0.33;312.29;16.73;1189;50;5329.00;233
14131;47;624292365;14131;411;15321;15550;5.45;0.34;312.33;16.72;1190;50;5330.00;229
14133;47;624292378;14133;411;15322;15550;5.54;0.34;312.39;16.72;1189;50;5331.00;228
14135;47;624292392;14135;411;15325;15550;5.61;0.35;312.47;16.72;1190;50;5332.00;225
14137;47;624292406;14137;411;15326;15550;5.69;0.35;312.48;16.72;1189;50;5333.00;224
14142;47;624292425;14142;403;15328;15550;5.75;0.35;312.50;16.72;1186;50;5334.00;222
14142;47;624292447;14142;402;15330;15550;5.86;0.36;312.50;16.72;1188;50;5335.00;220
14143;47;624292478;14143;393;15333;15551;5.92;0.36;312.50;16.71;1190;50;5336.00;218
14148;47;624292499;14148;392;15338;15552;5.91;0.36;312.49;16.71;1190;50;5337.00;214
14150;47;624292522;14150;389;15342;15552;5.90;0.36;312.51;16.71;1192;50;5338.00;210
14152;47;624292539;14152;384;15346;15553;5.91;0.36;312.57;16.84;1194;50;5339.00;207
14154;47;624292559;14154;394;15348;15553;5.93;0.36;312.63;16.84;1194;50;5340.00;205
14156;47;624292576;14156;393;15353;15553;5.94;0.36;312.62;16.84;1197;50;5341.00;200
14159;47;624292593;14159;395;15355;15553;5.97;0.37;312.67;16.84;1196;50;5342.00;198
14160;47;624292609;14160;403;15359;15557;6.02;0.37;312.67;16.84;1199;50;5343.00;198
14162;47;624292625;14162;402;15361;15557;6.01;0.37;312.67;16.84;1199;50;5344.00;196
14163;47;624292651;14163;412;15364;15557;6.01;0.37;312.67;16.84;1201;50;5345.00;193
14163;47;624292671;14163;412;15366;15560;6.07;0.37;312.67;16.84;1203;50;5346.00;194
14164;47;624292688;14164;416;15368;15560;6.07;0.37;312.69;16.83;1204;50;5347.00;192
14167;47;624292705;14167;421;15370;15560;6.05;0.37;312.72;16.84;1203;50;5348.00;190
14172;47;624292723;14172;430;15374;15564;6.07;0.37;312.83;16.83;1202;50;5349.00;190
14176;47;624292740;14176;432;15375;15565;6.10;0.37;312.87;16.83;1199;50;5350.00;190
14180;47;624292756;14180;428;15375;15565;6.12;0.37;312.92;16.83;1195;50;5351.00;190
14182;47;624292772;14182;430;15379;15569;6.12;0.37;312.92;16.83;1197;50;5352.00;190
14185;47;624292788;14185;429;15379;15569;6.13;0.37;312.93;16.83;1194;50;5353.00;190
14187;47;624292804;14187;435;15379;15569;6.13;0.37;312.95;16.83;1192;50;5354.00;190
14189;47;624292820;14189;432;15381;15571;6.11;0.37;312.96;16.82;1192;50;5355.00;190
14192;47;624292835;14192;437;15381;15571;6.09;0.37;313.01;16.82;1189;50;5356.00;190
14194;47;624292850;14194;428;15386;15577;6.11;0.37;313.07;16.82;1192;50;5357.00;191
14197;47;624292866;14197;437;15386;15577;6.02;0.37;313.05;16.82;1189;50;5358.00;191
14201;47;624292881;14201;430;15386;15577;5.98;0.36;313.03;16.82;1185;50;5359.00;191
14203;47;624292896;14203;427;15386;15578;5.93;0.36;313.03;16.82;1183;50;5360.00;192
14205;47;624292911;14205;430;15386;15578;5.87;0.36;313.09;16.82;1181;50;5361.00;192
14209;47;624292925;14209;435;15386;15578;5.82;0.35;313.11;16.82;1177;50;5362.00;192
14211;47;624292939;14211;435;15386;15578;5.79;0.35;313.11;16.82;1175;50;5363.00;192
14211;47;624292954;14211;436;15395;15590;5.81;0.35;313.11;16.81;1184;50;5364.00;195
14215;47;624292969;14215;424;15395;15590;5.82;0.35;313.17;16.81;1180;50;5365.00;195
14217;47;624292984;14217;424;15397;15590;5.81;0.35;313.15;16.81;1180;50;5366.00;193
14218;47;624292997;14218;425;15397;15590;5.82;0.35;313.17;16.81;1179;50;5367.00;193
14224;47;624293011;14224;422;15397;15590;5.77;0.35;313.18;16.81;1173;50;5368.00;193
14226;47;624293027;14226;416;15397;15590;5.78;0.35;313.18;16.81;1171;50;5369.00;193
14229;47;624293044;14229;421;15400;15594;5.74;0.35;313.15;16.80;1171;50;5370.00;194
14235;47;624293059;14235;416;15401;15594;5.67;0.35;313.11;16.94;1166;50;5371.00;193
14235;47;624293074;14235;413;15405;15598;5.68;0.35;313.11;16.94;1170;50;5372.00;193
14241;47;624293090;14241;410;15406;15599;5.62;0.34;313.14;16.94;1165;50;5373.00;193
14243;47;624293104;14243;407;15406;15599;5.59;0.34;313.11;16.94;1163;50;5374.00;193
14250;47;624293117;14250;411;15407;15599;5.51;0.34;313.11;16.95;1157;50;5375.00;192
14253;47;624293132;14253;415;15418;15612;5.51;0.34;313.09;16.94;1165;50;5376.00;194
14257;47;624293148;14257;410;15418;15612;5.51;0.34;313.09;16.94;1161;50;5377.00;194
14259;47;624293162;14259;412;15418;15612;5.47;0.33;313.09;16.94;1159;50;5378.00;194
14260;47;624293175;14260;415;15419;15613;5.42;0.33;313.12;16.94;1159;50;5379.00;194
14261;47;624293188;14261;414;15419;15614;5.41;0.33;313.10;16.94;1158;50;5380.00;195
14263;47;624293202;14263;423;15419;15614;5.39;0.33;313.08;16.94;1156;50;5381.00;195
14267;47;624293215;14267;417;15422;15617;5.38;0.33;313.06;17.07;1155;50;5382.00;195
14271;47;624293228;14271;423;15423;15617;5.36;0.33;313.08;17.07;1152;50;5383.00;194
14272;47;624293241;14272;426;15423;15617;5.31;0.32;313.07;17.07;1151;50;5384.00;194
14276;47;624293254;14276;433;15423;15617;5.24;0.32;313.07;17.07;1147;50;5385.00;194
14276;47;624293268;14276;437;15428;15623;5.26;0.32;313.07;17.07;1152;50;5386.00;195
14277;47;624293281;14277;428;15429;15623;5.21;0.32;313.09;17.20;1152;50;5387.00;194
14281;47;624293293;14281;424;15429;15623;5.17;0.31;313.11;17.20;1148;50;5388.00;194
14281;47;624293307;14281;418;15429;15623;5.16;0.31;313.11;17.20;1148;50;5389.00;194
14281;47;624293319;14281;412;15432;15627;5.20;0.32;313.11;17.20;1151;50;5390.00;195
14282;47;624293332;14282;412;15433;15628;5.22;0.32;313.09;17.20;1151;50;5391.00;195
14283;47;624293346;14283;405;15433;15628;5.24;0.32;313.10;17.20;1150;50;5392.00;195
14285;47;624293358;14285;398;15435;15629;5.37;0.33;313.11;17.21;1150;50;5393.00;194
14287;47;624293380;14287;394;15435;15629;5.42;0.33;313.13;17.21;1148;50;5394.00;194
14288;47;624293394;14288;385;15435;15629;5.48;0.33;313.14;17.21;1147;50;5395.00;194
14288;47;624293407;14288;386;15435;15629;5.52;0.34;313.14;17.21;1147;50;5396.00;194
14290;47;624293421;14290;384;15436;15629;5.54;0.34;313.16;17.21;1146;50;5397.00;193
14291;47;624293434;14291;385;15436;15629;5.55;0.34;313.19;17.21;1145;50;5398.00;193
14292;47;624293453;14292;381;15436;15629;5.54;0.34;313.20;17.21;1144;50;5399.00;193
