step_arrived;step_collisions;step_duration;step_ended;step_halting;step_inserted;step_loaded;step_meanSpeed;step_meanSpeedRelative;step_meanTravelTime;step_meanWaitingTime;step_running;step_teleports;step_time;step_waiting
0;0;623941589;0;1;86;245;16.52;1.17;-1.00;0.00;86;0;0.00;159
0;0;623941618;0;0;99;245;15.68;1.09;-1.00;0.13;99;0;1.00;146
0;0;623941619;0;2;120;245;14.72;1.00;-1.00;0.46;120;0;2.00;125
0;0;623941620;0;2;132;245;13.78;0.94;-1.00;0.69;132;0;3.00;113
0;0;623941621;0;2;147;245;12.67;0.85;-1.00;1.03;147;0;4.00;98
0;0;623941622;0;5;152;245;12.00;0.80;-1.00;1.16;152;0;5.00;93
0;0;623941624;0;9;165;245;11.02;0.74;-1.00;1.54;165;0;6.00;80
0;0;623941626;0;13;173;245;10.44;0.69;-1.00;1.79;173;0;7.00;72
0;0;623941627;0;18;183;246;9.77;0.65;-1.00;2.13;183;0;8.00;63
0;0;623941629;0;25;189;247;9.40;0.62;-1.00;2.35;189;0;9.00;58
0;0;623941632;0;23;195;247;9.19;0.61;-1.00;2.58;195;0;10.00;52
0;0;623941634;0;26;202;248;8.89;0.58;-1.00;2.83;202;0;11.00;46
1;0;623941636;1;29;206;248;8.62;0.56;12.00;3.00;205;0;12.00;42
1;0;623941638;1;36;211;248;8.47;0.55;12.00;3.24;210;0;13.00;37
1;0;623941641;1;41;212;248;8.39;0.54;12.00;3.29;211;0;14.00;36
1;0;623941644;1;47;218;252;8.27;0.54;12.00;3.49;217;0;15.00;34
1;0;623941647;1;51;220;252;8.24;0.53;12.00;3.57;219;0;16.00;32
1;0;623941650;1;55;225;252;8.09;0.52;12.00;3.80;224;0;17.00;27
2;0;623941652;2;56;228;255;7.98;0.51;15.00;3.85;226;0;18.00;27
2;0;623941655;2;60;230;255;8.06;0.51;15.00;3.98;228;0;19.00;25
3;0;623941658;3;64;231;255;8.03;0.51;16.67;4.05;228;0;20.00;24
3;0;623941667;3;68;236;259;8.30;0.52;16.67;4.07;233;0;21.00;23
3;0;623941670;3;72;238;260;8.34;0.52;16.67;4.13;235;0;22.00;22
4;0;623941674;4;73;239;260;8.43;0.53;18.25;4.21;235;0;23.00;21
5;0;623941677;5;78;244;264;8.47;0.53;19.20;4.42;239;0;24.00;20
5;0;623941680;5;80;248;264;8.52;0.53;19.20;4.58;243;0;25.00;16
5;0;623941683;5;81;248;264;8.73;0.55;19.20;4.58;243;0;26.00;16
5;0;623941688;5;83;250;265;8.83;0.55;19.20;4.76;245;0;27.00;15
5;0;623941691;5;84;251;265;8.90;0.56;19.20;4.86;246;0;28.00;14
5;0;623941695;5;85;256;271;8.99;0.56;19.20;4.78;251;0;29.00;15
5;0;623941700;5;87;259;271;8.94;0.56;19.20;4.87;254;0;30.00;12
7;0;623941704;7;88;261;272;8.86;0.55;22.14;4.96;254;0;31.00;11
8;0;623941707;8;91;262;272;8.89;0.55;23.38;5.06;254;0;32.00;10
9;0;623941711;9;92;263;272;8.82;0.55;24.44;5.17;254;0;33.00;9
10;0;623941715;10;95;264;272;8.72;0.54;24.80;5.28;254;0;34.00;8
10;0;623941718;10;101;265;272;8.89;0.55;24.80;5.39;255;0;35.00;7
10;0;623941722;10;104;275;284;9.09;0.56;24.80;5.19;265;0;36.00;9
10;0;623941726;10;105;276;284;9.02;0.56;24.80;5.18;266;0;37.00;8
13;0;623941729;13;107;279;284;8.87;0.55;26.92;5.34;266;0;38.00;5
13;0;623941733;13;111;280;284;8.80;0.54;26.92;5.33;267;0;39.00;4
13;0;623941736;13;115;280;284;8.71;0.54;26.92;5.33;267;0;40.00;4
13;0;623941740;13;117;280;284;8.59;0.53;26.92;5.33;267;0;41.00;4
14;0;623941743;14;120;284;288;8.49;0.53;27.86;5.27;270;0;42.00;4
15;0;623941748;15;123;284;288;8.27;0.51;28.27;5.27;269;0;43.00;4
17;0;623941752;17;128;288;292;8.10;0.50;28.88;5.21;271;0;44.00;4
17;0;623941757;17;132;290;294;7.92;0.49;28.88;5.17;273;0;45.00;4
18;0;623941760;18;137;290;294;7.76;0.48;29.44;5.17;272;0;46.00;4
18;0;623941764;18;137;290;294;7.63;0.48;29.44;5.17;272;0;47.00;4
18;0;623941767;18;138;301;307;7.89;0.49;29.44;4.98;283;0;48.00;6
19;0;623941772;19;140;301;307;7.73;0.48;30.42;4.98;282;0;49.00;6
19;0;623941776;19;140;301;307;7.62;0.47;30.42;4.98;282;0;50.00;6
20;0;623941779;20;143;302;308;7.57;0.47;31.45;4.97;282;0;51.00;6
20;0;623941783;20;146;303;309;7.50;0.46;31.45;4.96;283;0;52.00;6
20;0;623941787;20;148;303;309;7.54;0.47;31.45;4.96;283;0;53.00;6
20;0;623941790;20;153;305;312;7.60;0.47;31.45;4.92;285;0;54.00;7
20;0;623941794;20;154;305;312;7.55;0.47;31.45;4.92;285;0;55.00;7
23;0;623941796;23;143;306;312;7.43;0.46;33.00;4.92;283;0;56.00;6
25;0;623941800;25;138;306;312;7.24;0.45;33.00;4.92;281;0;57.00;6
28;0;623941804;28;138;312;318;7.20;0.44;35.57;4.84;284;0;58.00;6
28;0;623941808;28;138;312;318;7.23;0.44;35.57;4.84;284;0;59.00;6
28;0;623941813;28;140;312;318;7.34;0.45;35.57;4.84;284;0;60.00;6
28;0;623941816;28;143;312;318;7.44;0.46;35.57;4.84;284;0;61.00;6
28;0;623941819;28;145;316;322;7.57;0.47;35.57;4.79;288;0;62.00;6
29;0;623941823;29;148;317;323;7.68;0.47;36.41;4.78;288;0;63.00;6
30;0;623941827;30;150;317;323;7.74;0.47;37.33;4.78;287;0;64.00;6
30;0;623941830;30;150;318;324;7.88;0.48;37.33;4.76;288;0;65.00;6
30;0;623941834;30;150;318;324;7.88;0.48;37.33;4.76;288;0;66.00;6
31;0;623941837;31;144;318;324;7.96;0.49;38.03;4.76;287;0;67.00;6
33;0;623941840;33;139;318;324;8.05;0.49;38.39;4.76;285;0;68.00;6
33;0;623941845;33;136;318;324;8.15;0.50;38.39;4.76;285;0;69.00;6
34;0;623941848;34;133;318;324;8.33;0.51;39.32;4.76;284;0;70.00;6
34;0;623941851;34;129;318;324;8.40;0.51;39.32;4.76;284;0;71.00;6
35;0;623941854;35;133;351;394;8.54;0.53;40.26;4.32;316;0;72.00;43
35;0;623941865;35;125;352;395;8.68;0.53;40.26;4.31;317;0;73.00;43
35;0;623941868;35;118;358;395;9.03;0.56;40.26;4.27;323;0;74.00;37
36;0;623941872;36;118;362;395;9.25;0.57;41.19;4.25;326;0;75.00;33
37;0;623941876;37;116;365;395;9.48;0.58;42.14;4.25;328;0;76.00;30
38;0;623941880;38;115;367;395;9.64;0.59;43.05;4.26;329;0;77.00;28
39;0;623941884;39;114;369;395;9.76;0.59;43.41;4.27;330;0;78.00;26
40;0;623941894;40;115;371;395;9.94;0.60;44.30;4.28;331;0;79.00;24
40;0;623941898;40;116;373;396;10.03;0.61;44.30;4.30;333;0;80.00;23
41;0;623941902;41;117;376;397;10.15;0.61;44.76;4.34;335;0;81.00;21
41;0;623941907;41;118;378;397;10.19;0.62;44.76;4.37;337;0;82.00;19
41;0;623941910;41;121;384;401;10.06;0.61;44.76;4.34;343;0;83.00;17
41;0;623941915;41;125;385;401;9.94;0.60;44.76;4.35;344;0;84.00;16
42;0;623941918;42;127;385;401;9.82;0.60;45.62;4.35;343;0;85.00;16
42;0;623941922;42;125;385;401;9.72;0.59;45.62;4.35;343;0;86.00;16
42;0;623941926;42;124;390;407;9.65;0.59;45.62;4.30;348;0;87.00;17
43;0;623941930;43;128;390;407;9.52;0.58;46.60;4.30;347;0;88.00;17
46;0;623941934;46;126;390;407;9.38;0.57;49.13;4.30;344;0;89.00;17
46;0;623941940;46;132;394;413;9.30;0.56;49.13;4.26;348;0;90.00;19
48;0;623941945;48;134;394;413;9.16;0.56;50.88;4.26;346;0;91.00;19
50;0;623941953;50;130;396;413;9.02;0.55;52.52;4.25;346;0;92.00;17
50;0;623941959;50;133;397;414;8.99;0.55;52.52;4.24;347;0;93.00;17
54;0;623941965;54;135;398;415;8.91;0.55;55.50;4.23;344;0;94.00;17
57;0;623941972;57;134;398;415;8.82;0.54;56.32;4.23;341;0;95.00;17
59;0;623941977;59;135;408;428;8.79;0.54;57.56;4.13;349;0;96.00;20
59;0;623941985;59;131;409;428;8.84;0.54;57.56;4.12;350;0;97.00;19
60;0;623941990;60;133;409;428;8.81;0.54;58.23;4.12;349;0;98.00;19
61;0;623941995;61;130;410;429;8.94;0.55;58.87;4.11;349;0;99.00;19
64;0;623942003;64;129;410;429;9.00;0.55;60.63;4.11;346;0;100.00;19
66;0;623942017;66;126;413;433;9.09;0.56;61.77;4.09;347;0;101.00;20
66;0;623942025;66;120;413;433;9.16;0.56;61.77;4.09;347;0;102.00;20
66;0;623942032;66;116;417;437;9.10;0.56;61.77;4.06;351;0;103.00;20
66;0;623942038;66;109;419;437;9.19;0.56;61.77;4.19;353;0;104.00;18
68;0;623942047;68;102;419;437;9.38;0.57;62.71;4.19;351;0;105.00;18
70;0;623942054;70;98;419;437;9.60;0.58;63.90;4.19;349;0;106.00;18
70;0;623942060;70;94;419;437;9.74;0.59;63.90;4.19;349;0;107.00;18
70;0;623942066;70;88;430;449;10.04;0.61;63.90;4.08;360;0;108.00;19
70;0;623942073;70;83;430;449;10.26;0.63;63.90;4.08;360;0;109.00;19
71;0;623942077;71;76;431;449;10.43;0.64;64.55;4.08;360;0;110.00;18
71;0;623942082;71;75;431;449;10.63;0.65;64.55;4.08;360;0;111.00;18
71;0;623942086;71;71;431;449;10.89;0.67;64.55;4.08;360;0;112.00;18
71;0;623942092;71;72;431;449;11.08;0.68;64.55;4.08;360;0;113.00;18
73;0;623942097;73;70;432;450;11.26;0.69;65.88;4.07;359;0;114.00;18
74;0;623942102;74;68;432;450;11.37;0.69;66.49;4.07;358;0;115.00;18
74;0;623942107;74;65;437;456;11.45;0.70;66.49;4.04;363;0;116.00;19
75;0;623942113;75;65;440;457;11.47;0.70;67.13;4.38;365;0;117.00;17
76;0;623942119;76;66;441;457;11.39;0.70;67.80;4.47;365;0;118.00;16
79;0;623942126;79;69;441;457;11.41;0.69;69.65;4.47;362;0;119.00;16
79;0;623942134;79;69;446;462;11.40;0.69;69.65;4.69;367;0;120.00;16
81;0;623942151;81;73;447;462;11.36;0.69;70.46;4.79;366;0;121.00;15
82;0;623942158;82;76;448;462;11.33;0.69;71.09;4.89;366;0;122.00;14
83;0;623942165;83;78;451;463;11.38;0.69;71.69;5.25;368;0;123.00;12
84;0;623942171;84;81;456;467;11.34;0.69;72.02;5.31;372;0;124.00;11
86;0;623942177;86;80;459;467;11.35;0.69;73.13;5.69;373;0;125.00;8
86;0;623942184;86;83;461;470;11.51;0.70;73.13;5.66;375;0;126.00;9
90;0;623942192;90;85;463;470;11.59;0.71;75.27;5.84;373;0;127.00;7
91;0;623942201;91;86;464;470;11.72;0.72;75.68;5.83;373;0;128.00;6
93;0;623942208;93;87;465;470;11.80;0.72;76.44;5.99;372;0;129.00;5
95;0;623942215;95;89;469;474;11.81;0.72;76.49;5.95;374;0;130.00;5
97;0;623942222;97;92;470;474;11.75;0.72;77.59;6.06;373;0;131.00;4
97;0;623942228;97;93;470;474;11.75;0.72;77.59;6.06;373;0;132.00;4
98;0;623942234;98;95;471;474;11.69;0.72;77.42;6.18;373;0;133.00;3
98;0;623942241;98;97;472;475;11.67;0.72;77.42;6.17;374;0;134.00;3
98;0;623942247;98;97;475;477;11.59;0.71;77.42;6.21;377;0;135.00;2
100;0;623942256;100;95;475;477;11.56;0.71;78.34;6.21;375;0;136.00;2
102;0;623942264;102;97;477;478;11.41;0.70;79.49;6.27;375;0;137.00;1
104;0;623942272;104;100;478;478;11.27;0.69;80.34;6.29;374;0;138.00;0
106;0;623942279;106;103;478;478;11.19;0.69;80.01;6.29;372;0;139.00;0
108;0;623942287;108;103;478;478;11.13;0.68;80.44;6.29;370;0;140.00;0
109;0;623942296;109;104;478;478;11.12;0.68;80.47;6.29;369;0;141.00;0
109;0;623942304;109;104;478;478;11.11;0.68;80.47;6.29;369;0;142.00;0
109;0;623942312;109;105;478;478;11.18;0.69;80.47;6.29;369;0;143.00;0
111;0;623942318;111;124;550;605;10.94;0.69;81.29;5.48;439;0;144.00;55
111;0;623942335;111;118;556;606;11.05;0.70;81.29;5.43;445;0;145.00;50
115;0;623942342;115;114;568;606;11.14;0.70;83.49;5.36;453;0;146.00;38
115;0;623942349;115;115;569;606;11.20;0.71;83.49;5.35;454;0;147.00;37
116;0;623942355;116;116;574;606;11.22;0.71;83.97;5.34;458;0;148.00;32
119;0;623942362;119;110;577;606;11.17;0.70;84.56;5.34;458;0;149.00;29
122;0;623942370;122;113;582;611;10.96;0.68;85.75;5.32;460;0;150.00;29
123;0;623942378;123;109;584;611;10.87;0.68;86.27;5.33;461;0;151.00;27
123;0;623942384;123;110;587;612;10.80;0.67;86.27;5.34;464;0;152.00;25
125;0;623942391;125;113;590;613;10.79;0.67;87.28;5.36;465;0;153.00;23
126;0;623942398;126;115;592;613;10.77;0.67;86.67;5.38;466;0;154.00;21
129;0;623942404;129;115;597;614;10.75;0.67;87.55;5.41;468;0;155.00;17
131;0;623942411;131;122;601;614;10.69;0.66;88.55;5.43;470;0;156.00;13
136;0;623942417;136;125;603;614;10.64;0.66;89.76;5.46;467;0;157.00;11
137;0;623942424;137;128;605;614;10.57;0.65;90.22;5.47;468;0;158.00;9
138;0;623942430;138;132;609;618;10.50;0.65;90.18;5.47;471;0;159.00;9
140;0;623942446;140;138;610;618;10.36;0.64;90.10;5.48;470;0;160.00;8
141;0;623942453;141;144;611;618;10.25;0.63;90.60;5.50;470;0;161.00;7
141;0;623942459;141;149;613;621;10.10;0.62;90.60;5.51;472;0;162.00;8
143;0;623942474;143;150;614;621;10.00;0.62;91.62;5.54;471;0;163.00;7
144;0;623942481;144;151;615;621;9.86;0.61;91.12;5.54;471;0;164.00;6
145;0;623942487;145;151;620;625;9.76;0.60;91.46;5.55;475;0;165.00;5
148;0;623942494;148;147;621;626;9.72;0.60;92.32;5.54;473;0;166.00;5
148;0;623942502;148;148;622;626;9.56;0.59;92.32;5.54;474;0;167.00;4
150;0;623942508;150;148;627;630;9.46;0.59;93.15;5.50;477;0;168.00;3
151;0;623942516;151;155;627;630;9.32;0.58;93.49;5.50;476;0;169.00;3
152;0;623942523;152;147;628;630;9.28;0.58;93.91;5.51;476;0;170.00;2
153;0;623942529;153;143;630;631;9.22;0.57;93.84;5.53;477;0;171.00;1
155;0;623942536;155;140;630;631;9.14;0.57;93.88;5.53;475;0;172.00;1
156;0;623942542;156;138;636;637;9.17;0.57;94.22;5.49;480;0;173.00;1
158;0;623942550;158;141;637;637;9.02;0.56;95.22;5.52;479;0;174.00;0
159;0;623942556;159;137;638;638;8.99;0.56;95.56;5.51;479;0;175.00;0
161;0;623942563;161;139;638;638;8.91;0.55;95.91;5.51;477;0;176.00;0
164;0;623942569;164;138;638;638;8.87;0.55;96.16;5.51;474;0;177.00;0
167;0;623942576;167;133;638;638;8.90;0.55;96.81;5.51;471;0;178.00;0
170;0;623942583;170;136;638;638;9.01;0.55;96.94;5.51;468;0;179.00;0
170;0;623942590;170;130;669;672;9.32;0.58;96.94;5.26;499;0;180.00;3
170;0;623942600;170;131;669;672;9.33;0.58;96.94;5.26;499;0;181.00;3
172;0;623942606;172;129;671;672;9.37;0.58;97.87;5.25;499;0;182.00;1
172;0;623942612;172;131;671;672;9.30;0.58;97.87;5.25;499;0;183.00;1
173;0;623942618;173;131;672;672;9.31;0.58;98.35;5.25;499;0;184.00;0
174;0;623942625;174;135;672;672;9.28;0.57;98.57;5.25;498;0;185.00;0
176;0;623942631;176;143;676;676;9.26;0.57;99.21;5.22;500;0;186.00;0
178;0;623942638;178;148;676;676;9.16;0.57;99.35;5.22;498;0;187.00;0
179;0;623942645;179;154;680;680;9.03;0.56;99.58;5.20;501;0;188.00;0
182;0;623942652;182;160;681;681;8.89;0.55;99.40;5.19;499;0;189.00;0
183;0;623942659;183;167;681;681;8.74;0.54;99.10;5.19;498;0;190.00;0
186;0;623942665;186;177;681;681;8.59;0.53;98.58;5.19;495;0;191.00;0
188;0;623942671;188;183;694;694;8.56;0.53;97.96;5.09;506;0;192.00;0
192;0;623942679;192;179;694;694;8.46;0.52;98.91;5.09;502;0;193.00;0
195;0;623942686;195;184;694;694;8.42;0.52;99.08;5.09;499;0;194.00;0
197;0;623942692;197;184;695;695;8.42;0.52;99.43;5.08;498;0;195.00;0
198;0;623942698;198;190;696;696;8.34;0.51;99.19;5.08;498;0;196.00;0
199;0;623942704;199;199;696;696;8.25;0.51;99.66;5.08;497;0;197.00;0
200;0;623942711;200;204;698;699;8.19;0.50;99.43;5.06;498;0;198.00;1
203;0;623942717;203;206;698;699;8.00;0.49;99.30;5.06;495;0;199.00;1
203;0;623942725;203;212;699;699;7.87;0.48;99.30;5.06;496;0;200.00;0
207;0;623942735;207;214;699;699;7.69;0.47;99.87;5.06;492;0;201.00;0
209;0;623942742;209;220;705;705;7.59;0.47;99.79;5.03;496;0;202.00;0
210;0;623942749;210;222;705;705;7.51;0.46;99.47;5.03;495;0;203.00;0
210;0;623942755;210;232;705;705;7.44;0.46;99.47;5.03;495;0;204.00;0
211;0;623942761;211;234;705;705;7.37;0.45;99.54;5.03;494;0;205.00;0
212;0;623942767;212;240;709;709;7.31;0.45;99.36;5.00;497;0;206.00;0
213;0;623942773;213;246;710;710;7.22;0.44;99.02;5.00;497;0;207.00;0
215;0;623942779;215;249;710;710;7.07;0.43;99.00;5.00;495;0;208.00;0
215;0;623942785;215;250;711;711;7.02;0.43;99.00;4.99;496;0;209.00;0
216;0;623942792;216;250;711;711;6.93;0.43;99.47;4.99;495;0;210.00;0
220;0;623942798;220;257;711;711;6.79;0.42;99.42;4.99;491;0;211.00;0
221;0;623942805;221;260;711;711;6.72;0.41;99.90;4.99;490;0;212.00;0
225;0;623942811;225;267;711;711;6.51;0.40;101.08;4.99;486;0;213.00;0
226;0;623942817;226;270;711;711;6.43;0.40;101.15;4.99;485;0;214.00;0
227;0;623942823;227;274;711;711;6.33;0.39;101.65;4.99;484;0;215.00;0
229;0;623942828;229;290;754;781;6.51;0.40;101.28;4.71;525;0;216.00;27
230;0;623942840;230;274;756;782;6.51;0.40;101.52;4.70;526;0;217.00;26
231;0;623942846;231;264;763;782;6.65;0.41;102.00;4.67;532;0;218.00;19
232;0;623942853;232;249;765;782;6.79;0.42;102.49;4.67;533;0;219.00;17
232;0;623942860;232;239;766;782;6.94;0.43;102.49;4.67;534;0;220.00;16
233;0;623942866;233;233;769;782;7.17;0.44;102.64;4.67;536;0;221.00;13
235;0;623942873;235;229;770;782;7.33;0.45;103.03;4.67;535;0;222.00;12
236;0;623942881;236;227;773;782;7.51;0.46;103.53;4.68;537;0;223.00;9
236;0;623942889;236;226;775;783;7.66;0.47;103.53;4.69;539;0;224.00;8
237;0;623942898;237;223;779;785;7.83;0.48;104.02;4.70;542;0;225.00;6
238;0;623942908;238;208;782;785;7.96;0.48;104.52;4.72;544;0;226.00;3
238;0;623942916;238;201;788;789;8.13;0.49;104.52;4.71;550;0;227.00;1
239;0;623942925;239;198;789;789;8.32;0.51;104.84;4.70;550;0;228.00;0
239;0;623942939;239;191;789;789;8.48;0.52;104.84;4.70;550;0;229.00;0
240;0;623942947;240;190;789;789;8.71;0.53;105.16;4.70;549;0;230.00;0
242;0;623942957;242;180;795;795;8.93;0.54;104.75;4.68;553;0;231.00;0
243;0;623942967;243;172;795;795;9.17;0.56;105.09;4.68;552;0;232.00;0
244;0;623942976;244;167;795;795;9.39;0.57;105.58;4.68;551;0;233.00;0
246;0;623942984;246;161;797;798;9.59;0.58;105.50;4.66;551;0;234.00;1
248;0;623942993;248;155;797;798;9.71;0.59;106.48;4.66;549;0;235.00;1
248;0;623943002;248;154;798;798;9.85;0.60;106.48;4.66;550;0;236.00;0
249;0;623943010;249;149;799;799;9.87;0.60;106.42;4.66;550;0;237.00;0
250;0;623943019;250;143;800;800;9.94;0.60;106.56;4.65;550;0;238.00;0
251;0;623943027;251;140;800;800;10.07;0.61;106.60;4.65;549;0;239.00;0
251;0;623943037;251;139;824;826;10.10;0.62;106.60;4.52;573;0;240.00;2
255;0;623943053;255;130;825;826;10.27;0.63;107.09;4.51;570;0;241.00;1
258;0;623943061;258;124;826;826;10.44;0.64;107.19;4.51;568;0;242.00;0
258;0;623943069;258;121;827;827;10.62;0.65;107.19;4.50;569;0;243.00;0
260;0;623943077;260;120;827;827;10.81;0.66;107.52;4.50;567;0;244.00;0
263;0;623943084;263;118;831;831;10.90;0.67;108.53;4.49;568;0;245.00;0
266;0;623943093;266;113;831;831;11.09;0.68;108.97;4.49;565;0;246.00;0
268;0;623943101;268;109;835;835;11.20;0.68;109.20;4.47;567;0;247.00;0
270;0;623943109;270;109;835;835;11.35;0.69;110.19;4.47;565;0;248.00;0
273;0;623943117;273;108;835;835;11.44;0.70;111.08;4.47;562;0;249.00;0
276;0;623943131;276;103;835;835;11.58;0.70;111.52;4.47;559;0;250.00;0
280;0;623943139;280;102;835;835;11.69;0.71;112.42;4.47;555;0;251.00;0
281;0;623943148;281;99;846;847;11.76;0.72;112.62;4.41;565;0;252.00;1
286;0;623943157;286;101;846;847;11.86;0.72;113.79;4.41;560;0;253.00;1
288;0;623943166;288;102;847;847;11.97;0.73;114.33;4.41;559;0;254.00;0
288;0;623943174;288;102;847;847;12.06;0.73;114.33;4.41;559;0;255.00;0
289;0;623943181;289;105;847;847;12.17;0.74;114.32;4.41;558;0;256.00;0
290;0;623943189;290;107;847;847;12.33;0.75;114.57;4.41;557;0;257.00;0
291;0;623943197;291;109;848;848;12.40;0.75;114.66;4.40;557;0;258.00;0
292;0;623943205;292;108;848;848;12.45;0.76;115.11;4.40;556;0;259.00;0
292;0;623943212;292;107;854;854;12.43;0.76;115.11;4.38;562;0;260.00;0
294;0;623943221;294;107;855;855;12.45;0.76;114.84;4.38;561;0;261.00;0
296;0;623943229;296;108;855;855;12.37;0.75;114.93;4.38;559;0;262.00;0
299;0;623943237;299;110;855;855;12.33;0.75;115.45;4.38;556;0;263.00;0
302;0;623943244;302;111;859;859;12.29;0.74;115.76;4.36;557;0;264.00;0
302;0;623943252;302;111;859;859;12.35;0.75;115.76;4.36;557;0;265.00;0
304;0;623943260;304;111;859;859;12.38;0.75;116.65;4.36;555;0;266.00;0
304;0;623943267;304;112;860;860;12.48;0.76;116.65;4.35;556;0;267.00;0
304;0;623943274;304;115;864;864;12.43;0.75;116.65;4.34;560;0;268.00;0
307;0;623943282;307;111;864;864;12.44;0.75;116.87;4.34;557;0;269.00;0
309;0;623943292;309;109;868;870;12.49;0.76;117.38;4.32;559;0;270.00;2
314;0;623943300;314;106;868;870;12.55;0.76;118.17;4.32;554;0;271.00;2
316;0;623943308;316;99;870;870;12.59;0.76;118.88;4.31;554;0;272.00;0
318;0;623943316;318;96;870;870;12.59;0.76;119.63;4.31;552;0;273.00;0
321;0;623943324;321;92;874;874;12.58;0.76;120.40;4.30;553;0;274.00;0
324;0;623943332;324;89;874;874;12.62;0.76;120.87;4.30;550;0;275.00;0
327;0;623943340;327;86;874;874;12.63;0.76;121.06;4.30;547;0;276.00;0
329;0;623943348;329;86;874;874;12.64;0.77;121.13;4.30;545;0;277.00;0
335;0;623943361;335;82;875;875;12.59;0.76;121.35;4.29;540;0;278.00;0
336;0;623943370;336;79;876;876;12.58;0.76;121.82;4.29;540;0;279.00;0
338;0;623943378;338;71;876;876;12.57;0.76;121.68;4.29;538;0;280.00;0
340;0;623943386;340;71;877;877;12.53;0.76;121.91;4.28;537;0;281.00;0
343;0;623943395;343;68;877;877;12.56;0.76;121.84;4.28;534;0;282.00;0
345;0;623943403;345;67;877;877;12.57;0.76;122.32;4.28;532;0;283.00;0
349;0;623943410;349;67;877;877;12.55;0.76;122.68;4.28;528;0;284.00;0
349;0;623943418;349;71;877;877;12.62;0.77;122.68;4.28;528;0;285.00;0
351;0;623943425;351;74;877;877;12.62;0.77;122.72;4.28;526;0;286.00;0
353;0;623943433;353;74;877;877;12.60;0.77;122.74;4.28;524;0;287.00;0
356;0;623943440;356;93;948;1004;12.11;0.75;123.60;3.97;592;0;288.00;56
356;0;623943460;356;86;952;1005;12.06;0.74;123.60;3.95;596;0;289.00;53
357;0;623943468;357;83;956;1005;12.07;0.74;124.06;3.94;599;0;290.00;49
357;0;623943476;357;87;960;1005;11.99;0.74;124.06;3.94;603;0;291.00;45
357;0;623943484;357;88;966;1005;12.09;0.75;124.06;3.94;609;0;292.00;39
357;0;623943492;357;89;967;1005;12.02;0.74;124.06;3.94;610;0;293.00;38
359;1;623943500;359;90;970;1005;11.96;0.74;124.35;3.95;611;1;294.00;35
361;1;623943526;361;94;973;1005;11.94;0.73;124.85;3.96;612;1;295.00;32
364;1;623943535;364;95;975;1006;11.90;0.73;124.91;3.97;611;1;296.00;31
365;1;623943543;365;95;979;1007;11.83;0.73;124.73;3.99;614;1;297.00;28
367;1;623943552;367;98;982;1007;11.80;0.72;125.26;4.01;615;1;298.00;25
368;1;623943561;368;102;984;1008;11.74;0.72;125.33;4.02;616;1;299.00;24
371;1;623943571;371;106;990;1014;11.51;0.71;126.29;4.04;619;1;300.00;24
374;1;623943584;374;108;991;1014;11.48;0.70;126.77;4.05;617;1;301.00;23
374;1;623943594;374;114;992;1014;11.44;0.70;126.77;4.06;618;1;302.00;22
375;1;623943603;375;122;998;1018;11.34;0.70;126.66;4.10;623;1;303.00;20
377;1;623943612;377;132;1000;1018;11.18;0.69;126.89;4.12;623;1;304.00;18
378;1;623943620;378;137;1004;1018;11.05;0.68;126.59;4.16;626;1;305.00;14
379;1;623943628;379;147;1009;1021;10.91;0.67;126.88;4.17;630;1;306.00;12
380;1;623943637;380;154;1011;1021;10.78;0.66;127.11;4.18;631;1;307.00;10
382;1;623943647;382;163;1011;1021;10.67;0.66;127.47;4.18;629;1;308.00;10
387;1;623943655;387;166;1014;1025;10.52;0.65;128.46;4.17;627;1;309.00;11
390;1;623943665;390;174;1016;1026;10.41;0.64;129.36;4.19;626;1;310.00;10
391;1;623943674;391;180;1017;1026;10.33;0.64;129.08;4.21;626;1;311.00;9
393;1;623943682;393;185;1024;1030;10.19;0.63;129.60;4.22;631;1;312.00;6
394;1;623943691;394;181;1024;1030;10.05;0.62;129.46;4.22;630;1;313.00;6
398;1;623943699;398;183;1026;1030;9.94;0.61;130.24;4.24;628;1;314.00;4
401;1;623943706;401;183;1030;1032;9.78;0.60;130.84;4.26;629;1;315.00;2
406;1;623943719;406;189;1030;1032;9.59;0.59;131.71;4.26;624;1;316.00;2
410;1;623943732;410;194;1037;1038;9.40;0.58;131.93;4.27;627;1;317.00;1
412;1;623943740;412;201;1037;1038;9.19;0.57;132.26;4.27;625;1;318.00;1
412;1;623943748;412;195;1038;1039;8.96;0.55;132.26;4.26;626;1;319.00;1
415;1;623943756;415;200;1038;1039;8.83;0.54;132.49;4.26;623;1;320.00;1
416;1;623943764;416;204;1039;1039;8.75;0.54;132.92;4.27;623;1;321.00;0
419;1;623943772;419;196;1039;1039;8.69;0.53;133.84;4.27;620;1;322.00;0
423;1;623943779;423;204;1039;1039;8.66;0.53;133.69;4.27;616;1;323.00;0
423;1;623943788;423;202;1050;1051;8.73;0.54;133.69;4.23;627;1;324.00;1
427;1;623943796;427;200;1050;1051;8.67;0.53;134.33;4.23;623;1;325.00;1
427;1;623943805;427;201;1051;1051;8.76;0.54;134.33;4.23;624;1;326.00;0
430;1;623943813;430;204;1051;1051;8.77;0.54;134.78;4.23;621;1;327.00;0
432;1;623943822;432;205;1051;1051;8.82;0.54;134.88;4.23;619;1;328.00;0
434;1;623943832;434;205;1051;1051;8.87;0.54;135.21;4.23;617;1;329.00;0
435;1;623943841;435;211;1055;1055;8.83;0.54;135.22;4.21;620;1;330.00;0
437;1;623943849;437;211;1055;1055;8.82;0.54;135.40;4.21;618;1;331.00;0
441;1;623943857;441;215;1059;1059;8.79;0.54;135.70;4.20;618;1;332.00;0
442;1;623943866;442;215;1060;1060;8.73;0.53;135.82;4.20;618;1;333.00;0
444;1;623943873;444;215;1060;1060;8.62;0.53;136.04;4.20;616;1;334.00;0
447;1;623943881;447;219;1060;1060;8.47;0.52;137.37;4.20;613;1;335.00;0
453;1;623943890;453;226;1073;1073;8.35;0.51;137.61;4.15;620;1;336.00;0
456;1;623943900;456;223;1073;1073;8.26;0.51;138.92;4.15;617;1;337.00;0
456;1;623943907;456;228;1073;1073;8.19;0.50;138.92;4.15;617;1;338.00;0
462;1;623943914;462;230;1074;1074;8.01;0.49;140.20;4.14;612;1;339.00;0
466;1;623943921;466;223;1075;1075;7.79;0.48;140.68;4.14;609;1;340.00;0
469;1;623943928;469;222;1075;1075;7.69;0.47;140.88;4.14;606;1;341.00;0
472;1;623943935;472;221;1078;1078;7.62;0.47;141.49;4.13;606;1;342.00;0
477;1;623943942;477;223;1078;1078;7.54;0.46;142.30;4.13;601;1;343.00;0
479;1;623943949;479;225;1078;1078;7.56;0.47;143.07;4.13;599;1;344.00;0
483;1;623943960;483;226;1078;1078;7.51;0.46;143.15;4.13;595;1;345.00;0
486;1;623943971;486;225;1084;1084;7.55;0.47;143.93;4.11;598;1;346.00;0
489;1;623943984;489;221;1084;1084;7.58;0.47;144.25;4.11;595;1;347.00;0
492;1;623943994;492;221;1084;1084;7.56;0.47;144.23;4.11;592;1;348.00;0
495;1;623944006;495;219;1084;1084;7.54;0.47;144.69;4.11;589;1;349.00;0
499;1;623944017;499;219;1088;1088;7.44;0.46;145.32;4.10;589;1;350.00;0
503;1;623944026;503;217;1089;1089;7.48;0.46;145.28;4.10;586;1;351.00;0
505;1;623944037;505;220;1089;1089;7.46;0.46;145.70;4.10;584;1;352.00;0
507;1;623944048;507;226;1090;1090;7.45;0.46;145.51;4.09;583;1;353.00;0
508;1;623944068;508;229;1090;1090;7.46;0.46;145.64;4.09;582;1;354.00;0
512;1;623944077;512;234;1090;1090;7.36;0.45;145.54;4.09;578;1;355.00;0
516;1;623944084;516;238;1090;1090;7.20;0.44;145.17;4.09;574;1;356.00;0
517;1;623944092;517;244;1090;1090;7.08;0.43;144.95;4.09;573;1;357.00;0
518;1;623944099;518;253;1090;1090;6.98;0.43;144.80;4.09;572;1;358.00;0
522;1;623944107;522;254;1090;1090;6.90;0.42;145.11;4.09;568;1;359.00;0
524;1;623944117;524;264;1154;1215;7.42;0.46;144.83;3.87;630;1;360.00;61
527;1;623944138;527;263;1162;1216;7.33;0.46;144.61;3.85;635;1;361.00;54
528;1;623944146;528;263;1175;1216;7.46;0.46;144.56;3.83;647;1;362.00;41
528;1;623944154;528;264;1179;1216;7.42;0.46;144.56;3.82;651;1;363.00;37
531;1;623944163;531;261;1184;1216;7.37;0.46;144.84;3.83;653;1;364.00;32
531;1;623944171;531;267;1190;1216;7.32;0.46;144.84;3.83;659;1;365.00;26
534;1;623944180;534;269;1195;1216;7.19;0.45;144.82;3.84;661;1;366.00;21
535;1;623944189;535;278;1197;1216;7.10;0.44;144.70;3.85;662;1;367.00;19
535;1;623944197;535;281;1200;1217;6.93;0.43;144.70;3.86;665;1;368.00;17
537;1;623944205;537;282;1202;1218;6.82;0.42;144.75;3.86;665;1;369.00;16
538;1;623944214;538;294;1204;1218;6.69;0.41;145.02;3.87;666;1;370.00;14
539;1;623944223;539;284;1210;1222;6.67;0.41;144.91;3.88;671;1;371.00;12
540;1;623944232;540;285;1214;1222;6.60;0.41;144.88;3.90;674;1;372.00;8
543;1;623944248;543;287;1217;1222;6.55;0.40;144.57;3.92;674;1;373.00;5
543;1;623944258;543;285;1218;1222;6.59;0.41;144.57;3.93;675;1;374.00;4
544;1;623944266;544;282;1224;1228;6.63;0.41;144.69;3.91;680;1;375.00;4
546;1;623944276;546;277;1226;1228;6.71;0.41;144.80;3.93;680;1;376.00;2
546;1;623944285;546;278;1226;1228;6.80;0.42;144.80;3.93;680;1;377.00;2
549;1;623944300;549;272;1228;1231;6.88;0.42;144.85;3.92;679;1;378.00;3
550;1;623944311;550;273;1229;1231;7.03;0.43;144.94;3.93;679;1;379.00;2
551;1;623944320;551;267;1230;1231;7.14;0.44;144.76;3.93;679;1;380.00;1
552;1;623944335;552;271;1231;1232;7.26;0.44;144.78;3.93;679;1;381.00;1
552;1;623944345;552;267;1233;1233;7.35;0.45;144.78;3.94;681;1;382.00;0
553;1;623944360;553;267;1233;1233;7.47;0.46;144.56;3.94;680;1;383.00;0
555;1;623944368;555;268;1246;1246;7.56;0.46;144.13;3.90;691;1;384.00;0
555;1;623944385;555;264;1246;1246;7.64;0.47;144.13;3.90;691;1;385.00;0
555;1;623944396;555;263;1246;1246;7.74;0.47;144.13;3.90;691;1;386.00;0
556;1;623944406;556;249;1247;1247;7.83;0.48;143.91;3.90;691;1;387.00;0
559;1;623944416;559;243;1247;1247;7.87;0.48;143.99;3.90;688;1;388.00;0
563;1;623944426;563;239;1251;1251;7.92;0.48;144.48;3.89;688;1;389.00;0
563;1;623944439;563;235;1251;1251;8.03;0.49;144.48;3.89;688;1;390.00;0
565;1;623944448;565;231;1255;1255;8.17;0.50;144.41;3.88;690;1;391.00;0
569;1;623944459;569;228;1255;1255;8.23;0.50;145.02;3.88;686;1;392.00;0
571;1;623944471;571;228;1255;1255;8.32;0.51;145.29;3.88;684;1;393.00;0
576;1;623944481;576;227;1255;1255;8.39;0.51;145.04;3.88;679;1;394.00;0
576;1;623944492;576;225;1255;1255;8.49;0.52;145.04;3.88;679;1;395.00;0
579;1;623944503;579;211;1265;1267;8.78;0.53;145.45;3.85;686;1;396.00;2
581;1;623944521;581;198;1265;1267;8.94;0.54;145.81;3.85;684;1;397.00;2
582;1;623944538;582;186;1267;1267;9.14;0.56;146.00;3.84;685;1;398.00;0
584;1;623944548;584;172;1267;1267;9.38;0.57;146.17;3.84;683;1;399.00;0
586;1;623944560;586;166;1267;1267;9.57;0.58;146.74;3.84;681;1;400.00;0
588;1;623944575;588;156;1267;1267;9.76;0.59;147.02;3.84;679;1;401.00;0
589;1;623944585;589;145;1268;1268;9.99;0.61;146.97;3.84;679;1;402.00;0
592;1;623944596;592;139;1268;1268;10.20;0.62;147.49;3.84;676;1;403.00;0
596;1;623944607;596;136;1274;1274;10.32;0.63;147.91;3.83;678;1;404.00;0
597;1;623944619;597;129;1276;1276;10.48;0.64;147.94;3.82;679;1;405.00;0
597;1;623944635;597;124;1276;1276;10.64;0.65;147.94;3.82;679;1;406.00;0
599;1;623944646;599;121;1276;1276;10.76;0.66;148.58;3.82;677;1;407.00;0
601;1;623944657;601;118;1280;1280;10.84;0.66;148.88;3.81;679;1;408.00;0
603;1;623944669;603;116;1280;1280;10.92;0.67;149.09;3.81;677;1;409.00;0
605;1;623944679;605;113;1280;1280;11.02;0.67;148.89;3.81;675;1;410.00;0
608;1;623944690;608;106;1281;1281;11.12;0.68;149.74;3.81;673;1;411.00;0
610;1;623944700;610;107;1285;1285;11.20;0.68;149.77;3.80;675;1;412.00;0
613;1;623944710;613;104;1285;1285;11.29;0.69;150.15;3.80;672;1;413.00;0
616;1;623944721;616;104;1287;1288;11.34;0.69;150.94;3.79;671;1;414.00;1
617;1;623944733;617;104;1287;1288;11.43;0.70;151.16;3.79;670;1;415.00;1
619;2;623944744;619;104;1288;1288;11.54;0.70;151.30;3.79;669;2;416.00;0
624;2;623944769;624;106;1288;1288;11.51;0.70;152.65;3.79;664;2;417.00;0
625;2;623944781;625;106;1292;1292;11.59;0.71;152.74;3.78;667;2;418.00;0
630;2;623944792;630;101;1292;1292;11.62;0.71;154.51;3.78;662;2;419.00;0
632;2;623944805;632;99;1292;1292;11.67;0.71;154.99;3.78;660;2;420.00;0
633;2;623944816;633;97;1292;1292;11.75;0.72;154.92;3.78;659;2;421.00;0
636;2;623944826;636;98;1293;1293;11.74;0.72;155.42;3.78;657;2;422.00;0
637;2;623944839;637;95;1294;1294;11.77;0.72;155.62;3.78;657;2;423.00;0
643;2;623944849;643;94;1294;1294;11.73;0.72;156.58;3.78;651;2;424.00;0
645;2;623944860;645;94;1295;1295;11.79;0.72;157.09;3.78;650;2;425.00;0
648;2;623944870;648;91;1295;1295;11.85;0.73;157.13;3.78;647;2;426.00;0
652;2;623944881;652;93;1295;1295;11.85;0.73;157.90;3.78;643;2;427.00;0
654;2;623944892;654;91;1295;1295;11.92;0.73;157.91;3.78;641;2;428.00;0
659;2;623944902;659;93;1295;1295;12.00;0.73;158.38;3.78;636;2;429.00;0
661;2;623944912;661;96;1295;1295;12.07;0.74;158.32;3.78;634;2;430.00;0
667;2;623944929;667;96;1295;1295;12.12;0.74;158.62;3.78;628;2;431.00;0
670;2;623944939;670;130;1375;1422;11.38;0.70;159.50;3.56;705;2;432.00;47
674;2;623944963;674;112;1376;1423;11.48;0.71;159.55;3.56;702;2;433.00;47
676;2;623944976;676;105;1381;1423;11.60;0.72;159.81;3.55;705;2;434.00;42
680;2;623944993;680;101;1381;1423;11.69;0.72;160.67;3.55;701;2;435.00;42
683;2;623945004;683;103;1387;1423;11.78;0.73;160.55;3.55;704;2;436.00;36
684;2;623945015;684;105;1387;1423;11.82;0.73;160.65;3.55;703;2;437.00;36
691;2;623945025;691;108;1390;1423;11.83;0.73;161.32;3.56;699;2;438.00;33
692;2;623945036;692;113;1393;1423;11.87;0.73;161.46;3.57;701;2;439.00;30
693;2;623945046;693;108;1396;1424;11.88;0.73;161.64;3.58;703;2;440.00;28
697;2;623945057;697;109;1401;1425;11.86;0.73;161.88;3.60;704;2;441.00;24
702;2;623945067;702;101;1404;1425;11.82;0.72;162.35;3.61;702;2;442.00;21
704;2;623945078;704;99;1408;1426;11.81;0.72;162.63;3.63;704;2;443.00;18
708;2;623945087;708;103;1409;1426;11.81;0.72;163.14;3.64;701;2;444.00;17
711;2;623945099;711;104;1416;1426;11.76;0.72;163.52;3.68;705;2;445.00;10
714;2;623945109;714;107;1417;1426;11.80;0.72;163.81;3.68;703;2;446.00;9
715;2;623945120;715;106;1420;1430;11.86;0.73;164.16;3.68;705;2;447.00;10
719;2;623945131;719;104;1422;1430;11.90;0.73;164.56;3.70;703;2;448.00;8
723;2;623945141;723;104;1422;1430;11.88;0.72;164.51;3.70;699;2;449.00;8
726;2;623945153;726;104;1426;1436;11.90;0.73;164.99;3.69;700;2;450.00;10
727;2;623945164;727;102;1427;1436;11.94;0.73;164.89;3.70;700;2;451.00;9
731;2;623945175;731;102;1428;1436;11.96;0.73;165.35;3.70;697;2;452.00;8
732;2;623945186;732;104;1431;1440;12.02;0.73;165.25;3.69;699;2;453.00;9
736;2;623945197;736;106;1432;1441;12.05;0.73;165.72;3.69;696;2;454.00;9
740;2;623945208;740;108;1434;1441;12.10;0.74;165.83;3.71;694;2;455.00;7
743;2;623945218;743;111;1438;1445;12.13;0.74;166.01;3.70;695;2;456.00;7
749;2;623945229;749;112;1438;1445;12.13;0.74;166.67;3.70;689;2;457.00;7
753;2;623945240;753;115;1438;1445;12.14;0.74;167.09;3.70;685;2;458.00;7
755;2;623945252;755;118;1439;1446;12.09;0.74;167.15;3.70;684;2;459.00;7
759;2;623945263;759;117;1440;1446;12.02;0.73;167.52;3.72;681;2;460.00;6
763;2;623945273;763;120;1445;1452;11.87;0.72;168.21;3.73;682;2;461.00;7
764;2;623945284;764;122;1445;1452;11.73;0.71;168.21;3.73;681;2;462.00;7
765;2;623945294;765;126;1446;1453;11.60;0.71;168.35;3.75;681;2;463.00;7
770;2;623945303;770;128;1446;1453;11.49;0.70;168.80;3.75;676;2;464.00;7
771;2;623945313;771;131;1447;1453;11.44;0.70;168.71;3.76;676;2;465.00;6
774;2;623945323;774;138;1448;1453;11.34;0.69;168.93;3.76;674;2;466.00;5
777;2;623945331;777;141;1448;1453;11.24;0.68;169.23;3.76;671;2;467.00;5
779;2;623945341;779;142;1457;1465;11.19;0.68;169.18;3.73;678;2;468.00;8
781;2;623945351;781;145;1458;1465;11.17;0.68;169.44;3.75;677;2;469.00;7
785;2;623945361;785;148;1461;1465;11.15;0.68;169.87;3.76;676;2;470.00;4
789;2;623945371;789;155;1461;1465;11.15;0.68;170.04;3.76;672;2;471.00;4
791;2;623945381;791;159;1462;1465;11.11;0.68;170.26;3.77;671;2;472.00;3
793;2;623945391;793;163;1463;1465;11.07;0.68;170.54;3.77;670;2;473.00;2
795;2;623945401;795;160;1466;1469;10.97;0.67;170.34;3.77;671;2;474.00;3
798;2;623945411;798;162;1466;1469;11.00;0.67;170.37;3.77;668;2;475.00;3
800;2;623945421;800;172;1471;1473;11.03;0.67;170.32;3.77;671;2;476.00;2
804;2;623945436;804;172;1472;1474;11.01;0.67;170.11;3.76;668;2;477.00;2
808;2;623945446;808;178;1474;1474;10.93;0.66;169.99;3.77;666;2;478.00;0
809;2;623945456;809;183;1474;1474;10.83;0.66;169.96;3.77;665;2;479.00;0
811;2;623945466;811;189;1494;1500;10.67;0.65;170.16;3.72;683;2;480.00;6
813;2;623945478;813;194;1496;1500;10.61;0.65;170.40;3.71;683;2;481.00;4
815;2;623945488;815;197;1499;1500;10.56;0.65;170.54;3.71;684;2;482.00;1
817;2;623945497;817;201;1501;1501;10.48;0.64;170.34;3.71;684;2;483.00;0
818;2;623945507;818;207;1502;1502;10.37;0.64;170.46;3.71;684;2;484.00;0
820;2;623945517;820;210;1502;1502;10.27;0.63;170.34;3.71;682;2;485.00;0
822;2;623945526;822;213;1504;1505;10.16;0.62;170.32;3.70;682;2;486.00;1
822;2;623945536;822;221;1504;1505;10.00;0.61;170.32;3.70;682;2;487.00;1
825;2;623945544;825;227;1505;1505;9.77;0.60;170.78;3.70;680;2;488.00;0
828;2;623945553;828;227;1505;1505;9.59;0.59;170.53;3.70;677;2;489.00;0
828;2;623945562;828;223;1511;1511;9.54;0.59;170.53;3.69;683;2;490.00;0
834;2;623945571;834;221;1511;1511;9.37;0.57;170.61;3.69;677;2;491.00;0
836;2;623945579;836;223;1511;1511;9.27;0.57;170.45;3.69;675;2;492.00;0
836;2;623945589;836;228;1511;1511;9.21;0.57;170.45;3.69;675;2;493.00;0
839;2;623945597;839;228;1515;1515;9.07;0.56;170.52;3.68;676;2;494.00;0
841;2;623945606;841;223;1517;1517;8.97;0.55;170.42;3.68;676;2;495.00;0
843;2;623945615;843;222;1517;1517;8.98;0.55;170.25;3.68;674;2;496.00;0
847;2;623945623;847;223;1518;1518;8.99;0.55;170.17;3.68;671;2;497.00;0
851;2;623945632;851;222;1518;1518;8.94;0.55;169.78;3.68;667;2;498.00;0
852;2;623945640;852;225;1518;1518;8.94;0.55;169.61;3.68;666;2;499.00;0
852;2;623945649;852;228;1518;1518;8.91;0.55;169.61;3.68;666;2;500.00;0
855;2;623945661;855;229;1518;1518;8.83;0.54;169.50;3.68;663;2;501.00;0
859;2;623945670;859;230;1518;1518;8.75;0.54;169.29;3.68;659;2;502.00;0
866;2;623945678;866;233;1518;1518;8.63;0.53;169.45;3.68;652;2;503.00;0
870;2;623945686;870;249;1564;1588;8.56;0.52;169.62;3.57;694;2;504.00;24
871;2;623945699;871;245;1567;1589;8.42;0.52;169.89;3.56;696;2;505.00;22
875;2;623945706;875;242;1575;1589;8.36;0.51;170.34;3.56;700;2;506.00;14
880;2;623945714;880;245;1576;1589;8.19;0.50;170.81;3.56;696;2;507.00;13
883;2;623945721;883;244;1577;1589;8.02;0.49;171.26;3.56;694;2;508.00;12
887;2;623945728;887;246;1577;1589;7.86;0.48;171.53;3.56;690;2;509.00;12
891;2;623945737;891;241;1578;1589;7.77;0.48;171.58;3.56;687;2;510.00;11
893;2;623945744;893;240;1579;1589;7.69;0.47;172.17;3.56;686;2;511.00;10
897;2;623945752;897;239;1580;1590;7.55;0.46;172.59;3.56;683;2;512.00;10
897;2;623945760;897;239;1582;1591;7.54;0.46;172.59;3.57;685;2;513.00;9
901;2;623945767;901;241;1582;1591;7.39;0.45;172.33;3.57;681;2;514.00;9
903;2;623945775;903;248;1588;1595;7.39;0.45;172.47;3.57;685;2;515.00;7
904;2;623945784;904;255;1590;1595;7.39;0.45;172.76;3.58;686;2;516.00;5
906;2;623945792;906;257;1594;1595;7.39;0.45;173.09;3.60;688;2;517.00;1
909;2;623945799;909;254;1595;1595;7.47;0.46;173.21;3.60;686;2;518.00;0
913;2;623945806;913;254;1600;1601;7.48;0.46;173.43;3.59;687;2;519.00;1
914;2;623945815;914;257;1601;1601;7.53;0.46;173.35;3.59;687;2;520.00;0
916;2;623945822;916;259;1601;1601;7.46;0.46;173.53;3.59;685;2;521.00;0
920;2;623945829;920;257;1602;1604;7.35;0.45;173.86;3.59;682;2;522.00;2
923;2;623945837;923;244;1604;1604;7.24;0.44;174.15;3.59;681;2;523.00;0
924;2;623945845;924;237;1604;1604;7.21;0.44;174.29;3.59;680;2;524.00;0
926;2;623945852;926;233;1605;1605;7.20;0.44;174.23;3.59;679;2;525.00;0
930;2;623945860;930;226;1606;1606;7.29;0.45;174.78;3.58;676;2;526.00;0
934;2;623945869;934;227;1606;1606;7.32;0.45;174.99;3.58;672;2;527.00;0
937;2;623945877;937;226;1618;1619;7.53;0.46;175.14;3.56;681;2;528.00;1
940;2;623945887;940;224;1618;1619;7.60;0.46;175.27;3.56;678;2;529.00;1
947;2;623945901;947;225;1619;1619;7.60;0.46;175.13;3.56;672;2;530.00;0
948;2;623945909;948;227;1620;1620;7.76;0.47;175.43;3.55;672;2;531.00;0
951;2;623945919;951;223;1620;1620;7.77;0.47;175.55;3.55;669;2;532.00;0
955;2;623945932;955;221;1624;1624;7.80;0.47;176.30;3.55;669;2;533.00;0
956;2;623945942;956;225;1624;1624;7.87;0.48;176.52;3.55;668;2;534.00;0
960;2;623945959;960;222;1628;1628;7.92;0.48;176.39;3.54;668;2;535.00;0
961;2;623945975;961;227;1628;1628;7.94;0.48;176.65;3.54;667;2;536.00;0
966;2;623945989;966;226;1628;1628;7.95;0.48;176.90;3.54;662;2;537.00;0
968;2;623946001;968;226;1628;1628;7.92;0.48;177.17;3.54;660;2;538.00;0
970;2;623946016;970;227;1628;1628;7.91;0.48;177.37;3.54;658;2;539.00;0
973;2;623946031;973;226;1658;1662;8.08;0.50;177.83;3.48;685;2;540.00;4
974;2;623946047;974;222;1658;1662;8.14;0.50;178.01;3.48;684;2;541.00;4
977;2;623946062;977;219;1661;1662;8.30;0.51;178.11;3.48;684;2;542.00;1
980;2;623946075;980;222;1661;1662;8.35;0.51;178.44;3.48;681;2;543.00;1
983;2;623946085;983;221;1662;1662;8.39;0.52;178.29;3.48;679;2;544.00;0
987;2;623946096;987;221;1662;1662;8.39;0.52;178.65;3.48;675;2;545.00;0
991;2;623946107;991;221;1663;1663;8.41;0.52;178.72;3.47;672;2;546.00;0
991;2;623946117;991;221;1663;1663;8.45;0.52;178.72;3.47;672;2;547.00;0
998;2;623946127;998;221;1669;1669;8.44;0.52;178.70;3.47;671;2;548.00;0
1004;2;623946137;1004;219;1670;1670;8.40;0.51;179.08;3.46;666;2;549.00;0
1006;2;623946148;1006;218;1670;1670;8.34;0.51;179.21;3.46;664;2;550.00;0
1009;2;623946159;1009;226;1670;1670;8.32;0.51;179.45;3.46;661;2;551.00;0
1011;2;623946169;1011;228;1674;1674;8.27;0.51;179.78;3.46;663;2;552.00;0
1012;2;623946179;1012;230;1674;1674;8.28;0.51;179.93;3.46;662;2;553.00;0
1014;2;623946189;1014;231;1674;1674;8.24;0.50;179.95;3.46;660;2;554.00;0
1015;2;623946199;1015;234;1675;1675;8.21;0.50;179.99;3.45;660;2;555.00;0
1015;2;623946208;1015;237;1679;1679;8.21;0.50;179.99;3.45;664;2;556.00;0
1017;2;623946219;1017;223;1679;1679;8.22;0.50;180.09;3.45;662;2;557.00;0
1021;2;623946227;1021;217;1681;1682;8.26;0.50;180.57;3.44;660;2;558.00;1
1022;2;623946239;1022;208;1681;1682;8.33;0.51;180.52;3.44;659;2;559.00;1
1024;2;623946248;1024;202;1682;1682;8.44;0.52;181.21;3.44;658;2;560.00;0
1025;2;623946259;1025;199;1682;1682;8.58;0.52;181.48;3.44;657;2;561.00;0
1027;2;623946269;1027;193;1686;1686;8.78;0.54;181.28;3.44;659;2;562.00;0
1029;2;623946281;1029;192;1686;1686;8.92;0.55;181.59;3.44;657;2;563.00;0
1031;2;623946293;1031;191;1686;1686;9.07;0.55;181.78;3.44;655;2;564.00;0
1035;2;623946304;1035;188;1686;1686;9.19;0.56;181.78;3.44;651;2;565.00;0
1037;2;623946316;1037;175;1687;1687;9.32;0.57;182.09;3.44;650;2;566.00;0
1042;2;623946327;1042;164;1688;1688;9.48;0.58;182.83;3.43;646;2;567.00;0
1046;2;623946339;1046;150;1688;1688;9.67;0.59;182.99;3.43;642;2;568.00;0
1047;2;623946357;1047;144;1689;1689;9.86;0.60;183.24;3.43;642;2;569.00;0
1050;2;623946369;1050;140;1689;1689;10.05;0.61;183.36;3.43;639;2;570.00;0
1051;2;623946381;1051;136;1689;1689;10.27;0.62;183.39;3.43;638;2;571.00;0
1054;2;623946391;1054;128;1689;1689;10.49;0.64;183.82;3.43;635;2;572.00;0
1058;2;623946402;1058;126;1689;1689;10.62;0.64;184.04;3.43;631;2;573.00;0
1061;2;623946413;1061;125;1689;1689;10.80;0.66;184.59;3.43;628;2;574.00;0
1061;2;623946424;1061;123;1689;1689;10.98;0.67;184.59;3.43;628;2;575.00;0
1065;2;623946435;1065;145;1769;1816;10.87;0.67;185.19;3.28;704;2;576.00;47
1069;2;623946460;1069;131;1772;1817;10.98;0.68;185.42;3.27;703;2;577.00;45
1071;2;623946472;1071;118;1780;1817;11.12;0.68;185.78;3.27;709;2;578.00;37
1075;2;623946484;1075;108;1781;1817;11.17;0.69;186.11;3.27;706;2;579.00;36
1077;2;623946495;1077;104;1786;1817;11.27;0.69;186.68;3.27;709;2;580.00;31
1081;2;623946507;1081;104;1789;1817;11.30;0.69;187.27;3.27;708;2;581.00;28
1083;2;623946518;1083;102;1791;1817;11.37;0.70;187.71;3.28;708;2;582.00;26
1085;2;623946530;1085;105;1794;1817;11.42;0.70;187.64;3.28;709;2;583.00;23
1088;2;623946547;1088;109;1797;1818;11.41;0.70;187.93;3.29;709;2;584.00;21
1092;2;623946559;1092;109;1800;1820;11.38;0.70;188.18;3.30;708;2;585.00;20
1093;2;623946572;1093;109;1803;1820;11.35;0.69;188.19;3.31;710;2;586.00;17
1096;2;623946583;1096;115;1807;1821;11.27;0.69;188.55;3.32;711;2;587.00;14
1101;2;623946595;1101;121;1810;1821;11.30;0.69;188.61;3.33;709;2;588.00;11
1103;2;623946606;1103;123;1812;1821;11.42;0.70;188.87;3.34;709;2;589.00;9
1108;2;623946618;1108;128;1816;1821;11.51;0.70;189.48;3.36;708;2;590.00;5
1112;2;623946629;1112;129;1818;1825;11.61;0.71;189.71;3.36;706;2;591.00;7
1112;2;623946641;1112;128;1821;1825;11.72;0.71;189.71;3.37;709;2;592.00;4
1113;2;623946652;1113;132;1821;1825;11.81;0.72;189.88;3.37;708;2;593.00;4
1116;2;623946664;1116;129;1824;1828;11.93;0.73;190.20;3.39;708;2;594.00;4
1117;2;623946677;1117;127;1824;1828;12.07;0.74;190.13;3.39;707;2;595.00;4
1121;2;623946689;1121;126;1825;1828;12.10;0.74;190.32;3.39;704;2;596.00;3
1123;2;623946701;1123;131;1829;1832;12.14;0.74;190.65;3.39;706;2;597.00;3
1125;2;623946713;1125;133;1831;1833;12.29;0.75;190.79;3.39;706;2;598.00;2
1128;2;623946724;1128;130;1832;1833;12.40;0.75;190.92;3.39;704;2;599.00;1
1128;2;623946737;1128;136;1844;1859;12.34;0.75;190.92;3.37;716;2;600.00;15
1130;2;623946758;1130;131;1846;1859;12.41;0.76;191.05;3.37;716;2;601.00;13
1133;2;623946769;1133;131;1846;1859;12.43;0.76;191.61;3.37;713;2;602.00;13
1136;2;623946781;1136;132;1847;1860;12.50;0.76;191.81;3.37;711;2;603.00;13
1143;2;623946792;1143;133;1848;1860;12.51;0.76;192.07;3.37;705;2;604.00;12
1145;2;623946808;1145;134;1854;1866;12.49;0.76;192.43;3.36;709;2;605.00;12
1146;2;623946821;1146;132;1855;1866;12.58;0.77;192.61;3.36;709;2;606.00;11
1153;2;623946831;1153;134;1857;1867;12.59;0.77;192.71;3.36;704;2;607.00;10
1155;2;623946842;1155;134;1858;1867;12.61;0.77;193.04;3.36;703;2;608.00;9
1159;2;623946852;1159;132;1858;1867;12.57;0.76;193.03;3.36;699;2;609.00;9
1164;2;623946863;1164;130;1858;1867;12.46;0.76;193.60;3.36;694;2;610.00;9
1167;2;623946874;1167;129;1859;1867;12.37;0.75;193.67;3.37;692;2;611.00;8
1170;2;623946885;1170;122;1867;1879;12.26;0.74;193.57;3.35;697;2;612.00;12
1174;2;623946897;1174;120;1870;1879;12.17;0.74;193.78;3.36;696;2;613.00;9
1177;2;623946913;1177;117;1870;1879;12.12;0.73;194.10;3.36;693;2;614.00;9
1183;2;623946923;1183;117;1871;1879;12.07;0.73;194.53;3.35;688;2;615.00;8
1186;2;623946933;1186;117;1871;1879;12.08;0.73;194.88;3.35;685;2;616.00;8
1190;2;623946943;1190;121;1872;1879;12.09;0.73;195.56;3.36;682;2;617.00;7
1195;2;623946953;1195;122;1876;1883;12.03;0.73;195.65;3.36;681;2;618.00;7
1199;2;623946964;1199;121;1876;1883;12.03;0.73;195.83;3.36;677;2;619.00;7
1202;2;623946974;1202;122;1881;1887;11.98;0.72;195.95;3.36;679;2;620.00;6
1205;2;623946984;1205;119;1882;1888;12.02;0.73;196.22;3.36;677;2;621.00;6
1211;2;623946993;1211;119;1882;1888;11.97;0.72;196.51;3.36;671;2;622.00;6
1212;2;623947003;1212;118;1883;1888;11.89;0.72;196.38;3.37;671;2;623.00;5
1214;2;623947012;1214;125;1891;1901;11.85;0.72;196.47;3.36;677;2;624.00;10
1214;2;623947022;1214;122;1891;1901;11.81;0.71;196.47;3.36;677;2;625.00;10
1218;2;623947031;1218;123;1891;1901;11.78;0.71;196.34;3.36;673;2;626.00;10
1219;2;623947039;1219;126;1893;1902;11.75;0.71;196.33;3.37;674;2;627.00;9
1221;2;623947047;1221;127;1895;1903;11.66;0.70;196.32;3.39;674;2;628.00;8
1223;2;623947056;1223;135;1895;1903;11.66;0.71;196.20;3.39;672;2;629.00;8
1225;2;623947066;1225;137;1900;1909;11.67;0.71;196.26;3.38;675;2;630.00;9
1228;2;623947075;1228;142;1901;1909;11.69;0.71;196.57;3.38;673;2;631.00;8
1230;2;623947084;1230;144;1902;1909;11.68;0.71;196.49;3.38;672;2;632.00;7
1234;2;623947093;1234;145;1903;1909;11.51;0.70;196.54;3.39;669;2;633.00;6
1236;2;623947101;1236;144;1908;1915;11.43;0.69;196.28;3.39;672;2;634.00;7
1238;2;623947110;1238;143;1908;1915;11.32;0.69;196.16;3.39;670;2;635.00;7
1238;2;623947118;1238;146;1908;1915;11.20;0.68;196.16;3.39;670;2;636.00;7
1240;2;623947126;1240;151;1908;1915;11.03;0.67;196.33;3.39;668;2;637.00;7
1240;2;623947134;1240;155;1911;1919;10.97;0.67;196.33;3.38;671;2;638.00;8
1241;2;623947142;1241;163;1914;1920;10.86;0.67;196.25;3.41;673;2;639.00;6
1244;2;623947151;1244;171;1915;1920;10.73;0.66;196.26;3.41;671;2;640.00;5
1248;2;623947159;1248;178;1918;1921;10.62;0.65;196.16;3.42;670;2;641.00;3
1250;2;623947168;1250;183;1918;1921;10.52;0.64;196.05;3.42;668;2;642.00;3
1251;2;623947175;1251;189;1919;1921;10.48;0.64;195.94;3.43;668;2;643.00;2
1254;2;623947183;1254;195;1919;1921;10.39;0.64;195.84;3.43;665;2;644.00;2
1258;2;623947191;1258;200;1919;1921;10.29;0.63;195.81;3.43;661;2;645.00;2
1258;2;623947199;1258;204;1921;1921;10.20;0.62;195.81;3.44;663;2;646.00;0
1261;2;623947207;1261;206;1921;1921;10.10;0.62;195.77;3.44;660;2;647.00;0
1263;2;623947215;1263;216;1960;1991;10.15;0.62;195.67;3.37;697;2;648.00;31
1264;2;623947229;1264;215;1962;1992;10.04;0.62;195.57;3.37;698;2;649.00;30
1266;2;623947237;1266;215;1972;1992;9.96;0.61;195.71;3.36;706;2;650.00;20
1267;2;623947245;1267;219;1976;1992;9.83;0.60;195.58;3.36;709;2;651.00;16
1269;2;623947254;1269;225;1979;1992;9.67;0.59;195.66;3.36;710;2;652.00;13
1270;2;623947262;1270;229;1981;1992;9.56;0.59;195.73;3.36;711;2;653.00;11
1271;2;623947270;1271;231;1983;1992;9.38;0.58;195.64;3.37;712;2;654.00;9
1277;2;623947277;1277;235;1985;1992;9.26;0.57;195.48;3.37;708;2;655.00;7
1278;2;623947285;1278;238;1987;1993;9.12;0.56;195.56;3.38;709;2;656.00;6
1280;2;623947293;1280;244;1989;1994;8.96;0.55;195.42;3.38;709;2;657.00;5
1281;2;623947301;1281;258;1991;1994;8.82;0.54;195.34;3.39;710;2;658.00;3
1283;2;623947308;1283;256;1996;1998;8.60;0.53;195.27;3.38;713;2;659.00;2
1286;2;623947318;1286;252;1997;1998;8.49;0.52;195.08;3.39;711;2;660.00;1
1287;2;623947326;1287;253;1998;1998;8.40;0.52;194.93;3.39;711;2;661.00;0
1289;2;623947333;1289;258;1998;1998;8.32;0.51;195.02;3.39;709;2;662.00;0
1291;2;623947341;1291;265;2004;2004;8.29;0.51;194.87;3.38;713;2;663.00;0
1292;2;623947349;1292;266;2004;2004;8.26;0.51;194.82;3.38;712;2;664.00;0
1293;2;623947357;1293;268;2004;2004;8.25;0.51;194.76;3.38;711;2;665.00;0
1293;2;623947364;1293;272;2006;2007;8.27;0.51;194.76;3.38;713;2;666.00;1
1295;2;623947372;1295;279;2006;2007;8.18;0.50;194.73;3.38;711;2;667.00;1
1297;2;623947380;1297;277;2007;2007;8.10;0.50;194.68;3.38;710;2;668.00;0
1300;2;623947388;1300;278;2008;2008;8.00;0.49;194.79;3.38;708;2;669.00;0
1302;2;623947396;1302;279;2009;2009;7.89;0.48;194.58;3.37;707;2;670.00;0
1304;2;623947404;1304;279;2009;2009;7.76;0.47;194.72;3.37;705;2;671.00;0
1306;2;623947413;1306;284;2022;2022;7.63;0.47;194.67;3.35;716;2;672.00;0
1308;2;623947421;1308;289;2022;2022;7.50;0.46;194.69;3.35;714;2;673.00;0
1311;2;623947430;1311;288;2022;2022;7.39;0.45;194.51;3.35;711;2;674.00;0
1316;2;623947438;1316;274;2024;2024;7.33;0.45;194.68;3.35;708;2;675.00;0
1321;2;623947446;1321;263;2024;2024;7.24;0.44;194.53;3.35;703;2;676.00;0
1325;2;623947455;1325;257;2028;2028;7.23;0.44;194.52;3.35;703;2;677.00;0
1329;2;623947463;1329;253;2028;2028;7.14;0.44;194.71;3.35;699;2;678.00;0
1332;2;623947472;1332;255;2032;2032;7.06;0.43;194.76;3.34;700;2;679.00;0
1336;2;623947481;1336;240;2032;2032;7.07;0.43;194.92;3.34;696;2;680.00;0
1339;2;623947489;1339;232;2032;2032;7.12;0.44;195.26;3.34;693;2;681.00;0
1340;2;623947504;1340;225;2032;2032;7.13;0.44;195.15;3.34;692;2;682.00;0
1345;2;623947512;1345;216;2032;2032;7.17;0.44;195.40;3.34;687;2;683.00;0
1347;3;623947520;1347;215;2042;2044;7.31;0.45;195.43;3.32;695;3;684.00;2
1351;3;623947537;1351;218;2042;2044;7.39;0.45;195.85;3.32;691;3;685.00;2
1353;3;623947549;1353;218;2044;2044;7.53;0.46;195.96;3.32;691;3;686.00;0
1354;3;623947562;1354;210;2044;2044;7.65;0.47;196.13;3.32;690;3;687.00;0
1357;3;623947571;1357;205;2044;2044;7.74;0.47;196.45;3.32;687;3;688.00;0
1357;3;623947579;1357;199;2044;2044;7.82;0.48;196.45;3.32;687;3;689.00;0
1360;3;623947595;1360;193;2045;2045;7.86;0.48;196.60;3.32;685;3;690.00;0
1361;3;623947604;1361;190;2045;2045;7.98;0.49;196.72;3.32;684;3;691.00;0
1363;3;623947613;1363;182;2051;2051;8.14;0.50;196.91;3.31;688;3;692.00;0
1367;3;623947623;1367;185;2052;2052;8.23;0.50;197.14;3.31;685;3;693.00;0
1367;3;623947632;1367;182;2052;2052;8.30;0.51;197.14;3.31;685;3;694.00;0
1374;3;623947640;1374;179;2052;2052;8.24;0.50;197.31;3.31;678;3;695.00;0
1376;3;623947649;1376;175;2056;2056;8.38;0.51;197.41;3.31;680;3;696.00;0
1379;3;623947658;1379;177;2056;2056;8.45;0.52;197.81;3.31;677;3;697.00;0
1386;3;623947667;1386;176;2056;2056;8.49;0.52;197.76;3.31;670;3;698.00;0
1389;3;623947676;1389;172;2057;2057;8.54;0.52;197.87;3.31;668;3;699.00;0
1392;3;623947691;1392;171;2061;2061;8.62;0.53;198.03;3.30;669;3;700.00;0
1395;3;623947704;1395;172;2061;2061;8.72;0.53;198.02;3.30;666;3;701.00;0
1400;3;623947713;1400;165;2063;2064;8.83;0.54;198.16;3.30;663;3;702.00;1
1408;3;623947723;1408;162;2063;2064;8.90;0.54;198.18;3.30;655;3;703.00;1
1413;3;623947733;1413;159;2064;2064;9.04;0.55;198.12;3.30;651;3;704.00;0
1415;3;623947742;1415;156;2064;2064;9.13;0.55;198.17;3.30;649;3;705.00;0
1417;3;623947751;1417;158;2068;2068;9.30;0.56;198.42;3.29;651;3;706.00;0
1420;3;623947761;1420;155;2068;2068;9.36;0.57;198.62;3.29;648;3;707.00;0
1423;3;623947770;1423;153;2068;2068;9.35;0.57;198.80;3.29;645;3;708.00;0
1426;3;623947780;1426;158;2068;2068;9.40;0.57;198.96;3.29;642;3;709.00;0
1428;3;623947789;1428;157;2069;2069;9.42;0.57;198.99;3.29;641;3;710.00;0
1432;3;623947799;1432;155;2070;2070;9.44;0.57;198.89;3.29;638;3;711.00;0
1437;3;623947808;1437;160;2070;2070;9.39;0.57;199.20;3.29;633;3;712.00;0
1440;3;623947817;1440;162;2071;2071;9.41;0.57;199.36;3.29;631;3;713.00;0
1443;3;623947825;1443;158;2071;2071;9.39;0.57;199.46;3.29;628;3;714.00;0
1447;3;623947834;1447;159;2071;2071;9.31;0.57;199.61;3.29;624;3;715.00;0
1451;3;623947843;1451;160;2071;2071;9.26;0.56;199.53;3.29;620;3;716.00;0
1453;3;623947851;1453;166;2071;2071;9.26;0.56;199.63;3.29;618;3;717.00;0
1458;3;623947859;1458;167;2071;2071;9.09;0.55;200.02;3.29;613;3;718.00;0
1462;3;623947867;1462;168;2071;2071;9.03;0.55;200.25;3.29;609;3;719.00;0
1465;3;623947878;1465;202;2192;2301;9.07;0.57;200.27;3.11;727;3;720.00;109
1471;3;623947904;1471;195;2201;2302;8.99;0.56;200.50;3.10;730;3;721.00;101
1475;3;623947914;1475;178;2215;2302;9.04;0.57;200.92;3.09;740;3;722.00;87
1478;3;623947932;1478;181;2218;2302;9.04;0.57;201.01;3.09;740;3;723.00;84
1481;3;623947943;1481;176;2232;2302;9.01;0.56;201.16;3.10;751;3;724.00;70
1485;3;623947954;1485;174;2236;2302;9.02;0.56;201.60;3.10;751;3;725.00;66
1490;3;623947970;1490;173;2244;2302;8.98;0.56;202.02;3.11;754;3;726.00;58
1492;3;623947985;1492;171;2250;2302;8.93;0.56;202.15;3.12;758;3;727.00;52
1496;3;623948001;1496;165;2256;2303;8.90;0.55;202.38;3.14;760;3;728.00;47
1500;3;623948018;1500;165;2260;2304;8.92;0.55;202.27;3.15;760;3;729.00;44
1503;3;623948035;1503;164;2266;2304;8.94;0.56;202.47;3.16;763;3;730.00;38
1504;3;623948052;1504;167;2271;2305;8.90;0.55;202.51;3.18;767;3;731.00;34
1506;3;623948070;1506;171;2272;2305;8.90;0.55;202.60;3.18;766;3;732.00;33
1511;3;623948082;1511;180;2275;2305;8.90;0.55;202.57;3.19;764;3;733.00;30
1513;3;623948095;1513;184;2277;2305;8.86;0.55;202.60;3.20;764;3;734.00;28
1516;3;623948113;1516;196;2281;2309;8.84;0.55;202.63;3.21;765;3;735.00;28
1516;3;623948126;1516;187;2284;2309;8.91;0.55;202.63;3.23;768;3;736.00;25
1521;3;623948139;1521;186;2285;2309;8.99;0.55;202.69;3.23;764;3;737.00;24
1523;3;623948158;1523;179;2287;2312;8.99;0.55;202.83;3.24;764;3;738.00;25
1524;3;623948171;1524;178;2289;2312;9.06;0.55;202.83;3.24;765;3;739.00;23
1529;3;623948184;1529;180;2289;2312;9.07;0.56;202.76;3.24;760;3;740.00;23
1533;3;623948197;1533;180;2294;2316;9.16;0.56;203.05;3.25;761;3;741.00;22
1535;3;623948211;1535;175;2295;2317;9.36;0.57;203.04;3.25;760;3;742.00;22
1535;3;623948225;1535;179;2295;2317;9.56;0.59;203.04;3.25;760;3;743.00;22
1537;3;623948237;1537;177;2299;2321;9.71;0.59;203.17;3.24;762;3;744.00;22
1539;3;623948250;1539;176;2301;2321;9.83;0.60;203.32;3.26;762;3;745.00;20
1542;3;623948263;1542;171;2301;2321;10.01;0.61;203.43;3.26;759;3;746.00;20
1544;3;623948276;1544;172;2301;2322;10.19;0.62;203.60;3.26;757;3;747.00;21
1548;3;623948289;1548;167;2301;2322;10.38;0.63;203.87;3.26;753;3;748.00;21
1548;3;623948301;1548;166;2308;2328;10.57;0.64;203.87;3.27;760;3;749.00;20
1550;3;623948316;1550;165;2310;2328;10.70;0.65;203.96;3.30;760;3;750.00;18
1553;3;623948328;1553;164;2312;2329;10.73;0.65;204.08;3.31;759;3;751.00;17
1556;3;623948341;1556;158;2313;2329;10.80;0.66;204.49;3.31;757;3;752.00;16
1562;3;623948354;1562;158;2313;2329;10.86;0.66;204.90;3.31;751;3;753.00;16
1563;3;623948367;1563;160;2315;2329;10.93;0.67;204.88;3.33;752;3;754.00;14
1565;3;623948379;1565;161;2316;2329;11.01;0.67;205.13;3.33;751;3;755.00;13
1568;3;623948392;1568;165;2327;2341;11.02;0.67;205.37;3.31;759;3;756.00;14
1570;3;623948405;1570;166;2328;2341;11.16;0.68;205.35;3.31;758;3;757.00;13
1573;3;623948417;1573;161;2329;2341;11.31;0.69;205.51;3.33;756;3;758.00;12
1578;3;623948436;1578;158;2329;2341;11.40;0.69;205.83;3.33;751;3;759.00;12
1580;3;623948448;1580;156;2329;2341;11.41;0.70;205.98;3.33;749;3;760.00;12
1581;3;623948461;1581;151;2330;2341;11.48;0.70;206.13;3.33;749;3;761.00;11
1585;3;623948474;1585;152;2334;2345;11.36;0.69;206.48;3.33;749;3;762.00;11
1585;3;623948487;1585;147;2334;2345;11.44;0.70;206.48;3.33;749;3;763.00;11
1590;3;623948500;1590;146;2338;2349;11.48;0.70;206.81;3.32;748;3;764.00;11
1593;3;623948513;1593;146;2340;2351;11.52;0.70;206.89;3.32;747;3;765.00;11
1595;3;623948525;1595;145;2340;2351;11.60;0.71;206.81;3.32;745;3;766.00;11
1597;3;623948537;1597;144;2340;2351;11.65;0.71;207.06;3.32;743;3;767.00;11
1601;3;623948548;1601;148;2351;2364;11.71;0.72;207.37;3.30;750;3;768.00;13
1604;3;623948562;1604;151;2351;2364;11.78;0.72;207.18;3.30;747;3;769.00;13
1606;3;623948573;1606;152;2351;2364;11.76;0.72;207.36;3.30;745;3;770.00;13
1610;3;623948584;1610;151;2352;2365;11.81;0.72;207.25;3.30;742;3;771.00;13
1612;3;623948597;1612;155;2354;2366;11.83;0.72;207.08;3.32;742;3;772.00;12
1616;3;623948609;1616;157;2354;2366;11.86;0.72;207.19;3.32;738;3;773.00;12
1619;3;623948621;1619;154;2356;2369;11.94;0.73;207.13;3.32;737;3;774.00;13
1622;3;623948632;1622;156;2356;2369;11.88;0.72;207.28;3.32;734;3;775.00;13
1627;3;623948644;1627;157;2358;2369;11.87;0.72;207.58;3.34;731;3;776.00;11
1630;3;623948656;1630;161;2358;2369;11.86;0.72;207.71;3.34;728;3;777.00;11
1636;3;623948667;1636;162;2363;2375;11.84;0.72;207.80;3.34;727;3;778.00;12
1640;3;623948679;1640;161;2363;2375;11.77;0.72;208.17;3.34;723;3;779.00;12
1643;3;623948692;1643;162;2363;2375;11.78;0.72;208.60;3.34;720;3;780.00;12
1649;3;623948703;1649;161;2363;2375;11.70;0.71;208.58;3.34;714;3;781.00;12
1651;3;623948719;1651;158;2366;2379;11.68;0.71;208.70;3.33;715;3;782.00;13
1657;3;623948735;1657;156;2367;2380;11.65;0.71;208.57;3.33;710;3;783.00;13
1660;3;623948747;1660;156;2367;2380;11.72;0.71;208.66;3.33;707;3;784.00;13
1662;3;623948758;1662;155;2370;2381;11.66;0.71;208.79;3.33;708;3;785.00;11
1666;3;623948769;1666;152;2370;2381;11.58;0.71;208.72;3.33;704;3;786.00;11
1667;3;623948781;1667;148;2370;2381;11.52;0.70;208.76;3.33;703;3;787.00;11
1672;3;623948791;1672;148;2370;2381;11.49;0.70;209.18;3.33;698;3;788.00;11
1677;3;623948802;1677;145;2370;2381;11.47;0.70;209.21;3.33;693;3;789.00;11
1678;3;623948813;1678;146;2370;2381;11.47;0.70;209.13;3.33;692;3;790.00;11
1679;3;623948824;1679;147;2370;2381;11.50;0.70;209.07;3.33;691;3;791.00;11
1682;3;623948834;1682;154;2401;2451;11.46;0.70;209.03;3.29;719;3;792.00;50
1683;3;623948853;1683;156;2402;2452;11.52;0.71;208.94;3.29;719;3;793.00;50
1689;3;623948864;1689;155;2410;2452;11.54;0.71;208.84;3.29;721;3;794.00;42
1691;3;623948875;1691;155;2413;2452;11.63;0.71;208.68;3.28;722;3;795.00;39
1695;3;623948886;1695;156;2415;2452;11.62;0.71;208.53;3.29;720;3;796.00;37
1696;3;623948898;1696;159;2418;2452;11.56;0.71;208.56;3.32;722;3;797.00;34
1698;3;623948908;1698;164;2422;2452;11.43;0.70;208.41;3.32;724;3;798.00;30
1699;3;623948920;1699;164;2425;2452;11.33;0.69;208.35;3.33;726;3;799.00;27
1700;3;623948934;1700;166;2427;2453;11.24;0.69;208.34;3.36;727;3;800.00;26
1702;3;623948949;1702;170;2431;2454;11.17;0.68;208.27;3.37;729;3;801.00;23
1706;3;623948960;1706;177;2435;2454;11.10;0.68;208.02;3.41;729;3;802.00;19
1706;3;623948971;1706;181;2441;2458;11.01;0.67;208.02;3.42;735;3;803.00;17
1709;3;623948982;1709;188;2444;2458;10.94;0.67;207.80;3.45;735;3;804.00;14
1711;3;623948992;1711;192;2444;2458;10.81;0.66;207.98;3.45;733;3;805.00;14
1713;3;623949003;1713;197;2444;2458;10.70;0.65;208.00;3.45;731;3;806.00;14
1715;3;623949014;1715;201;2450;2464;10.61;0.65;208.02;3.48;735;3;807.00;14
1716;3;623949025;1716;201;2450;2464;10.47;0.64;207.93;3.48;734;3;808.00;14
1717;3;623949035;1717;213;2451;2464;10.35;0.63;207.91;3.51;734;3;809.00;13
1719;3;623949047;1719;217;2456;2470;10.27;0.63;207.86;3.51;737;3;810.00;14
1719;3;623949058;1719;221;2458;2470;10.08;0.62;207.86;3.56;739;3;811.00;12
1725;3;623949068;1725;225;2461;2470;9.91;0.60;207.59;3.59;736;3;812.00;9
1727;3;623949078;1727;227;2464;2471;9.67;0.59;207.51;3.63;737;3;813.00;7
1729;3;623949088;1729;233;2465;2472;9.55;0.58;207.44;3.63;736;3;814.00;7
1733;3;623949099;1733;244;2466;2472;9.38;0.57;207.18;3.65;733;3;815.00;6
1736;3;623949108;1736;253;2476;2485;9.25;0.56;207.03;3.67;740;3;816.00;9
1737;3;623949118;1737;259;2479;2485;9.18;0.56;207.05;3.67;742;3;817.00;6
1739;3;623949128;1739;269;2480;2485;9.05;0.55;206.88;3.68;741;3;818.00;5
1740;3;623949137;1740;271;2483;2486;8.91;0.55;206.78;3.68;743;3;819.00;3
1742;3;623949147;1742;278;2484;2486;8.80;0.54;206.65;3.69;742;3;820.00;2
1746;3;623949156;1746;284;2489;2490;8.75;0.54;206.44;3.68;743;3;821.00;1
1747;3;623949166;1747;293;2489;2490;8.60;0.53;206.44;3.68;742;3;822.00;1
1747;3;623949174;1747;304;2494;2494;8.44;0.52;206.44;3.68;747;3;823.00;0
1749;3;623949183;1749;310;2494;2494;8.32;0.51;206.46;3.68;745;3;824.00;0
1750;3;623949192;1750;312;2494;2494;8.21;0.50;206.46;3.68;744;3;825.00;0
1751;3;623949201;1751;320;2494;2494;8.04;0.49;206.40;3.68;743;3;826.00;0
1754;3;623949210;1754;314;2494;2494;7.90;0.48;206.23;3.68;740;3;827.00;0
1756;3;623949219;1756;309;2505;2506;7.85;0.48;206.08;3.66;749;3;828.00;1
1757;3;623949229;1757;298;2505;2506;7.74;0.48;206.18;3.66;748;3;829.00;1
1759;3;623949239;1759;291;2506;2506;7.75;0.48;206.13;3.66;747;3;830.00;0
1759;3;623949248;1759;288;2506;2506;7.77;0.48;206.13;3.66;747;3;831.00;0
1761;3;623949258;1761;282;2506;2506;7.80;0.48;206.14;3.66;745;3;832.00;0
1762;3;623949268;1762;279;2506;2506;7.79;0.48;206.17;3.66;744;3;833.00;0
1764;3;623949276;1764;278;2507;2507;7.84;0.48;206.10;3.66;743;3;834.00;0
1766;3;623949286;1766;283;2507;2507;7.88;0.48;206.03;3.66;741;3;835.00;0
1766;3;623949296;1766;279;2513;2513;8.00;0.49;206.03;3.66;747;3;836.00;0
1770;3;623949311;1770;277;2514;2514;8.01;0.49;205.92;3.65;744;3;837.00;0
1771;3;623949320;1771;275;2514;2514;8.01;0.49;205.91;3.65;743;3;838.00;0
1773;3;623949329;1773;276;2514;2514;7.99;0.49;205.75;3.65;741;3;839.00;0
1774;3;623949340;1774;274;2519;2519;7.97;0.49;205.70;3.65;745;3;840.00;0
1775;3;623949349;1775;268;2519;2519;7.93;0.49;205.65;3.65;744;3;841.00;0
1777;3;623949364;1777;271;2519;2519;7.86;0.48;205.64;3.65;742;3;842.00;0
1779;3;623949372;1779;272;2520;2520;7.82;0.48;205.59;3.65;741;3;843.00;0
1783;3;623949380;1783;268;2524;2524;7.76;0.47;205.76;3.64;741;3;844.00;0
1786;3;623949389;1786;260;2524;2524;7.71;0.47;205.81;3.64;738;3;845.00;0
1788;3;623949399;1788;270;2526;2527;7.58;0.46;205.76;3.64;738;3;846.00;1
1791;3;623949408;1791;269;2526;2527;7.46;0.46;205.83;3.64;735;3;847.00;1
1795;3;623949416;1795;276;2527;2527;7.42;0.45;205.89;3.64;732;3;848.00;0
1796;3;623949425;1796;276;2527;2527;7.34;0.45;206.01;3.64;731;3;849.00;0
1800;3;623949433;1800;268;2531;2531;7.35;0.45;206.14;3.63;731;3;850.00;0
1802;3;623949442;1802;262;2531;2531;7.30;0.45;206.13;3.63;729;3;851.00;0
1806;3;623949450;1806;256;2531;2531;7.22;0.44;206.63;3.63;725;3;852.00;0
1810;3;623949459;1810;251;2531;2531;7.21;0.44;206.68;3.63;721;3;853.00;0
1813;3;623949468;1813;244;2532;2532;7.19;0.44;206.90;3.63;719;3;854.00;0
1817;3;623949477;1817;238;2534;2534;7.26;0.44;206.94;3.63;717;3;855.00;0
1820;3;623949486;1820;240;2534;2534;7.42;0.45;206.94;3.63;714;3;856.00;0
1823;3;623949495;1823;229;2535;2535;7.59;0.47;207.07;3.63;712;3;857.00;0
1824;3;623949504;1824;227;2535;2535;7.79;0.48;207.19;3.63;711;3;858.00;0
1826;3;623949514;1826;223;2535;2535;7.90;0.48;207.35;3.63;709;3;859.00;0
1827;3;623949523;1827;216;2535;2535;7.98;0.49;207.46;3.63;708;3;860.00;0
1831;3;623949532;1831;213;2535;2535;8.02;0.49;207.55;3.63;704;3;861.00;0
1833;3;623949541;1833;206;2535;2535;8.06;0.49;207.66;3.63;702;3;862.00;0
1836;3;623949550;1836;198;2535;2535;8.08;0.49;207.77;3.63;699;3;863.00;0
1840;3;623949566;1840;202;2614;2662;8.39;0.52;207.96;3.52;774;3;864.00;48
1843;4;623949592;1843;194;2620;2663;8.40;0.52;207.96;3.51;777;4;865.00;43
1847;4;623949609;1847;195;2628;2663;8.52;0.53;208.06;3.51;781;4;866.00;35
1849;4;623949619;1849;193;2629;2663;8.58;0.53;208.03;3.51;780;4;867.00;34
1852;4;623949628;1852;197;2633;2663;8.65;0.54;208.08;3.51;781;4;868.00;30
1855;4;623949639;1855;193;2634;2663;8.64;0.53;208.05;3.51;779;4;869.00;29
1859;4;623949651;1859;190;2637;2663;8.65;0.53;208.13;3.51;778;4;870.00;26
1865;4;623949661;1865;189;2638;2663;8.67;0.53;208.25;3.52;773;4;871.00;25
1868;4;623949672;1868;191;2641;2664;8.70;0.53;208.05;3.52;773;4;872.00;23
1872;4;623949683;1872;192;2644;2665;8.64;0.53;208.17;3.53;772;4;873.00;21
1876;4;623949694;1876;193;2649;2665;8.63;0.53;208.62;3.54;773;4;874.00;16
1878;4;623949709;1878;201;2653;2666;8.57;0.53;208.52;3.55;775;4;875.00;13
1885;4;623949721;1885;206;2656;2666;8.45;0.52;208.78;3.56;771;4;876.00;10
1890;4;623949732;1890;215;2657;2666;8.40;0.51;208.94;3.56;767;4;877.00;9
1893;4;623949743;1893;217;2659;2666;8.40;0.52;209.11;3.56;766;4;878.00;7
1896;4;623949754;1896;213;2663;2670;8.36;0.51;209.15;3.56;767;4;879.00;7
1901;4;623949766;1901;218;2664;2670;8.38;0.51;209.39;3.57;763;4;880.00;6
1904;4;623949783;1904;225;2664;2670;8.41;0.51;209.53;3.57;760;4;881.00;6
1909;4;623949792;1909;224;2667;2673;8.36;0.51;209.96;3.57;758;4;882.00;6
1914;4;623949804;1914;225;2669;2673;8.44;0.52;210.17;3.59;755;4;883.00;4
1920;4;623949815;1920;222;2670;2673;8.44;0.52;210.11;3.59;750;4;884.00;3
1925;4;623949825;1925;223;2675;2677;8.41;0.51;210.16;3.59;750;4;885.00;2
1930;4;623949836;1930;220;2677;2678;8.43;0.51;210.19;3.59;747;4;886.00;1
1934;4;623949845;1934;217;2678;2678;8.51;0.52;210.23;3.59;744;4;887.00;0
1938;4;623949855;1938;214;2681;2682;8.58;0.52;210.30;3.59;743;4;888.00;1
1941;4;623949864;1941;215;2682;2682;8.70;0.53;210.43;3.59;741;4;889.00;0
1945;4;623949874;1945;214;2682;2682;8.75;0.53;210.31;3.59;737;4;890.00;0
1950;4;623949883;1950;214;2683;2683;8.80;0.53;210.40;3.59;733;4;891.00;0
1953;4;623949893;1953;211;2683;2683;8.91;0.54;210.65;3.59;730;4;892.00;0
1959;4;623949902;1959;211;2689;2689;8.89;0.54;210.97;3.58;730;4;893.00;0
1960;4;623949912;1960;205;2689;2689;8.99;0.55;210.97;3.58;729;4;894.00;0
1961;4;623949922;1961;208;2690;2690;9.02;0.55;211.09;3.58;729;4;895.00;0
1963;4;623949931;1963;206;2690;2690;9.13;0.56;211.19;3.58;727;4;896.00;0
1966;4;623949941;1966;194;2690;2690;9.16;0.56;211.31;3.58;724;4;897.00;0
1969;4;623949950;1969;187;2690;2690;9.19;0.56;211.79;3.58;721;4;898.00;0
1975;4;623949963;1975;180;2690;2690;9.23;0.56;211.99;3.58;715;4;899.00;0
1979;4;623949981;1979;179;2721;2736;9.16;0.56;212.27;3.54;742;4;900.00;15
1982;4;623950011;1982;178;2722;2736;9.20;0.57;212.43;3.54;740;4;901.00;14
1983;4;623950026;1983;170;2725;2736;9.31;0.57;212.55;3.54;742;4;902.00;11
1986;4;623950041;1986;173;2725;2736;9.36;0.58;212.76;3.54;739;4;903.00;11
1988;4;623950057;1988;176;2727;2736;9.43;0.58;212.80;3.54;739;4;904.00;9
1990;4;623950073;1990;174;2728;2736;9.46;0.58;212.75;3.54;738;4;905.00;8
1992;4;623950085;1992;160;2732;2740;9.51;0.58;212.86;3.53;740;4;906.00;8
1998;4;623950099;1998;153;2734;2740;9.46;0.58;212.99;3.53;736;4;907.00;6
1999;4;623950112;1999;142;2737;2744;9.46;0.58;213.00;3.53;738;4;908.00;7
2003;4;623950124;2003;139;2738;2745;9.46;0.58;212.89;3.53;735;4;909.00;7
2006;4;623950138;2006;140;2738;2745;9.45;0.58;212.93;3.53;732;4;910.00;7
2011;4;623950149;2011;139;2739;2745;9.45;0.58;213.08;3.53;728;4;911.00;6
2013;4;623950161;2013;141;2751;2758;9.55;0.58;213.18;3.52;738;4;912.00;7
2014;4;623950174;2014;140;2752;2758;9.64;0.59;213.17;3.52;738;4;913.00;6
2014;4;623950185;2014;142;2752;2758;9.74;0.59;213.17;3.52;738;4;914.00;6
2019;4;623950197;2019;141;2753;2759;9.81;0.60;213.40;3.52;734;4;915.00;6
2021;4;623950209;2021;138;2754;2760;9.95;0.61;213.33;3.52;733;4;916.00;6
2025;4;623950222;2025;135;2755;2760;10.04;0.61;213.51;3.52;730;4;917.00;5
2025;4;623950234;2025;129;2757;2763;10.08;0.61;213.51;3.52;732;4;918.00;6
2028;4;623950245;2028;128;2758;2763;10.04;0.61;213.64;3.53;730;4;919.00;5
2028;4;623950258;2028;125;2759;2763;10.07;0.61;213.64;3.53;731;4;920.00;4
2029;4;623950269;2029;129;2759;2763;10.11;0.61;213.71;3.53;730;4;921.00;4
2031;4;623950281;2031;130;2764;2769;10.11;0.61;213.80;3.52;733;4;922.00;5
2031;4;623950293;2031;127;2765;2769;10.10;0.61;213.80;3.53;734;4;923.00;4
2033;4;623950303;2033;124;2765;2769;10.14;0.62;213.92;3.53;732;4;924.00;4
2034;4;623950314;2034;129;2768;2769;10.14;0.62;213.93;3.55;734;4;925.00;1
2038;4;623950324;2038;131;2773;2773;10.09;0.62;214.02;3.54;735;4;926.00;0
2039;4;623950335;2039;135;2774;2774;10.10;0.62;214.01;3.54;735;4;927.00;0
2043;4;623950346;2043;140;2774;2774;10.18;0.62;213.98;3.54;731;4;928.00;0
2048;4;623950357;2048;143;2775;2775;10.24;0.63;214.08;3.54;727;4;929.00;0
2051;4;623950369;2051;154;2775;2775;10.33;0.63;213.94;3.54;724;4;930.00;0
2056;4;623950379;2056;150;2775;2775;10.40;0.63;213.91;3.54;719;4;931.00;0
2062;4;623950389;2062;152;2775;2775;10.39;0.63;214.08;3.54;713;4;932.00;0
2062;4;623950400;2062;148;2775;2775;10.53;0.64;214.08;3.54;713;4;933.00;0
2064;4;623950411;2064;152;2775;2775;10.66;0.65;214.20;3.54;711;4;934.00;0
2067;4;623950421;2067;154;2775;2775;10.76;0.65;214.24;3.54;708;4;935.00;0
2070;4;623950431;2070;162;2814;2845;10.64;0.65;214.33;3.49;744;4;936.00;31
2073;4;623950447;2073;154;2815;2846;10.67;0.65;214.42;3.49;742;4;937.00;31
2077;4;623950457;2077;152;2821;2846;10.85;0.66;214.64;3.49;744;4;938.00;25
2078;4;623950467;2078;155;2825;2846;10.93;0.66;214.68;3.49;747;4;939.00;21
2082;4;623950479;2082;157;2829;2846;10.99;0.67;214.98;3.49;747;4;940.00;17
2083;4;623950488;2083;159;2832;2846;11.03;0.67;215.02;3.49;749;4;941.00;14
2085;4;623950499;2085;165;2834;2846;11.12;0.68;215.18;3.49;749;4;942.00;12
2088;4;623950510;2088;170;2836;2846;11.18;0.68;215.41;3.49;748;4;943.00;10
2090;4;623950520;2090;170;2837;2847;11.18;0.68;215.55;3.49;747;4;944.00;10
2092;4;623950530;2092;171;2840;2849;11.16;0.68;215.69;3.50;748;4;945.00;9
2096;4;623950541;2096;174;2842;2849;11.08;0.68;215.95;3.50;746;4;946.00;7
2099;4;623950552;2099;182;2846;2853;11.06;0.67;216.04;3.50;747;4;947.00;7
2104;4;623950562;2104;188;2847;2853;11.01;0.67;216.15;3.50;743;4;948.00;6
2107;4;623950572;2107;185;2847;2853;10.99;0.67;216.27;3.50;740;4;949.00;6
2110;4;623950583;2110;189;2847;2853;10.96;0.67;216.16;3.50;737;4;950.00;6
2113;4;623950593;2113;194;2851;2859;10.88;0.66;216.04;3.50;738;4;951.00;8
2116;4;623950603;2116;190;2851;2859;10.82;0.66;215.89;3.50;735;4;952.00;8
2124;4;623950612;2124;192;2851;2859;10.74;0.65;215.76;3.50;727;4;953.00;8
2127;4;623950622;2127;192;2853;2862;10.80;0.66;215.64;3.49;726;4;954.00;9
2130;4;623950632;2130;196;2856;2862;10.71;0.65;215.51;3.51;726;4;955.00;6
2135;4;623950642;2135;195;2857;2862;10.72;0.65;215.54;3.51;722;4;956.00;5
2138;4;623950653;2138;197;2858;2863;10.61;0.65;215.39;3.50;720;4;957.00;5
2140;4;623950663;2140;197;2859;2864;10.53;0.64;215.34;3.50;719;4;958.00;5
2144;4;623950672;2144;196;2859;2864;10.48;0.64;215.13;3.50;715;4;959.00;5
2146;4;623950683;2146;203;2877;2890;10.35;0.63;215.02;3.48;731;4;960.00;13
2147;5;623950695;2147;204;2877;2890;10.32;0.63;214.93;3.48;730;5;961.00;13
2153;5;623950718;2153;204;2879;2890;10.33;0.63;214.85;3.48;726;5;962.00;11
2155;5;623950729;2155;208;2881;2891;10.42;0.64;214.81;3.49;726;5;963.00;10
2162;5;623950746;2162;213;2882;2891;10.40;0.63;214.66;3.49;720;5;964.00;9
2164;5;623950756;2164;214;2885;2895;10.48;0.64;214.59;3.49;721;5;965.00;10
2167;5;623950767;2167;211;2885;2895;10.38;0.63;214.51;3.49;718;5;966.00;10
2169;5;623950776;2169;214;2889;2899;10.30;0.63;214.40;3.48;720;5;967.00;10
2170;5;623950787;2170;215;2889;2899;10.29;0.63;214.37;3.48;719;5;968.00;10
2176;5;623950797;2176;218;2889;2899;10.13;0.62;214.23;3.48;713;5;969.00;10
2178;5;623950808;2178;223;2891;2899;10.04;0.61;214.32;3.50;713;5;970.00;8
2180;5;623950818;2180;226;2892;2899;9.86;0.60;214.24;3.51;712;5;971.00;7
2181;5;623950827;2181;226;2902;2911;9.75;0.59;214.25;3.50;721;5;972.00;9
2182;5;623950838;2182;229;2905;2911;9.59;0.58;214.27;3.50;723;5;973.00;6
2183;5;623950848;2183;237;2905;2911;9.40;0.57;214.26;3.50;722;5;974.00;6
2183;5;623950857;2183;240;2906;2911;9.31;0.57;214.26;3.51;723;5;975.00;5
2184;5;623950866;2184;244;2906;2911;9.23;0.56;214.28;3.51;722;5;976.00;5
2187;5;623950875;2187;252;2906;2911;9.17;0.56;214.25;3.51;719;5;977.00;5
2189;5;623950889;2189;255;2906;2912;9.18;0.56;214.25;3.51;717;5;978.00;6
2190;5;623950899;2190;251;2906;2912;9.19;0.56;214.19;3.51;716;5;979.00;6
2192;5;623950909;2192;247;2913;2918;9.27;0.56;214.19;3.52;721;5;980.00;5
2193;5;623950919;2193;241;2914;2919;9.32;0.57;214.18;3.52;721;5;981.00;5
2196;5;623950929;2196;244;2916;2919;9.28;0.56;214.15;3.52;720;5;982.00;3
2197;5;623950939;2197;246;2916;2919;9.27;0.56;214.05;3.52;719;5;983.00;3
2202;5;623950950;2202;244;2919;2923;9.28;0.56;213.98;3.52;717;5;984.00;4
2204;5;623950962;2204;245;2920;2923;9.25;0.56;213.88;3.52;716;5;985.00;3
2205;5;623950973;2205;248;2920;2923;9.19;0.56;213.93;3.52;715;5;986.00;3
2207;5;623950983;2207;252;2922;2924;9.15;0.56;213.86;3.53;715;5;987.00;2
2209;5;623950992;2209;253;2927;2928;9.15;0.56;213.80;3.53;718;5;988.00;1
2209;5;623951009;2209;254;2927;2928;9.14;0.56;213.80;3.53;718;5;989.00;1
2210;5;623951020;2210;259;2932;2934;9.14;0.56;213.77;3.52;722;5;990.00;2
2210;5;623951030;2210;258;2932;2934;9.11;0.56;213.77;3.52;722;5;991.00;2
2211;5;623951039;2211;255;2934;2934;9.08;0.56;213.75;3.52;723;5;992.00;0
2212;5;623951049;2212;256;2934;2934;8.98;0.55;213.77;3.52;722;5;993.00;0
2212;5;623951058;2212;256;2938;2938;8.91;0.55;213.77;3.52;726;5;994.00;0
2212;5;623951069;2212;255;2938;2938;8.77;0.54;213.77;3.52;726;5;995.00;0
2215;5;623951078;2215;255;2938;2938;8.63;0.53;213.79;3.52;723;5;996.00;0
2217;5;623951086;2217;254;2938;2938;8.42;0.52;213.74;3.52;721;5;997.00;0
2217;5;623951096;2217;254;2939;2939;8.27;0.51;213.74;3.52;722;5;998.00;0
2220;5;623951105;2220;253;2940;2940;8.20;0.50;213.83;3.52;720;5;999.00;0
2222;5;623951116;2222;255;2940;2940;8.12;0.50;213.77;3.52;718;5;1000.00;0
2223;5;623951129;2223;254;2941;2941;8.12;0.50;213.79;3.52;718;5;1001.00;0
2226;5;623951138;2226;257;2941;2941;8.15;0.50;213.65;3.52;715;5;1002.00;0
2228;5;623951147;2228;254;2941;2941;8.14;0.50;213.71;3.52;713;5;1003.00;0
2229;5;623951157;2229;250;2941;2941;8.18;0.50;213.80;3.52;712;5;1004.00;0
2230;5;623951166;2230;248;2941;2941;8.14;0.50;213.83;3.52;711;5;1005.00;0
2233;5;623951174;2233;244;2941;2941;8.06;0.49;214.07;3.52;708;5;1006.00;0
2234;5;623951184;2234;247;2941;2941;8.08;0.50;214.04;3.52;707;5;1007.00;0
2236;5;623951192;2236;268;3011;3068;8.20;0.51;214.11;3.43;775;5;1008.00;57
2240;5;623951213;2240;261;3013;3069;8.11;0.51;214.27;3.43;773;5;1009.00;56
2244;5;623951223;2244;257;3022;3069;8.14;0.51;214.46;3.43;778;5;1010.00;47
2246;5;623951232;2246;256;3028;3069;8.11;0.50;214.53;3.43;782;5;1011.00;41
2252;5;623951240;2252;257;3035;3069;8.04;0.50;214.65;3.43;783;5;1012.00;34
2256;5;623951249;2256;258;3037;3069;7.96;0.49;214.56;3.43;781;5;1013.00;32
2262;5;623951259;2262;258;3041;3069;7.88;0.49;214.50;3.43;779;5;1014.00;28
2266;5;623951273;2266;259;3042;3069;7.83;0.48;214.68;3.43;776;5;1015.00;27
2271;5;623951282;2271;259;3045;3070;7.78;0.48;214.69;3.44;774;5;1016.00;25
2273;5;623951292;2273;263;3048;3071;7.78;0.48;214.70;3.44;775;5;1017.00;23
2278;5;623951301;2278;267;3050;3071;7.71;0.47;214.80;3.45;772;5;1018.00;21
2281;5;623951310;2281;269;3054;3072;7.58;0.47;214.94;3.46;773;5;1019.00;18
2286;5;623951321;2286;263;3059;3072;7.47;0.46;215.08;3.47;773;5;1020.00;13
2289;5;623951331;2289;263;3061;3072;7.40;0.46;215.34;3.48;772;5;1021.00;11
2291;5;623951340;2291;261;3062;3072;7.33;0.45;215.45;3.48;771;5;1022.00;10
2295;5;623951350;2295;258;3068;3076;7.34;0.45;215.60;3.49;773;5;1023.00;8
2299;5;623951360;2299;262;3068;3076;7.35;0.45;215.91;3.49;769;5;1024.00;8
2300;5;623951369;2300;257;3070;3076;7.48;0.46;215.88;3.49;770;5;1025.00;6
2302;5;623951379;2302;260;3072;3079;7.56;0.47;216.06;3.49;770;5;1026.00;7
2305;5;623951390;2305;249;3073;3079;7.62;0.47;216.17;3.50;768;5;1027.00;6
2310;5;623951399;2310;236;3075;3079;7.76;0.48;216.16;3.51;765;5;1028.00;4
2313;5;623951410;2313;229;3079;3083;7.83;0.48;216.23;3.51;766;5;1029.00;4
2318;5;623951420;2318;223;3080;3084;7.97;0.49;216.46;3.51;762;5;1030.00;4
2319;5;623951431;2319;221;3082;3084;8.09;0.50;216.50;3.52;763;5;1031.00;2
2323;5;623951442;2323;216;3087;3088;8.17;0.50;216.57;3.51;764;5;1032.00;1
2328;5;623951452;2328;213;3088;3088;8.15;0.50;216.62;3.51;760;5;1033.00;0
2330;5;623951462;2330;210;3088;3088;8.18;0.50;216.75;3.51;758;5;1034.00;0
2337;5;623951473;2337;211;3090;3090;8.18;0.50;216.91;3.51;753;5;1035.00;0
2340;5;623951484;2340;212;3090;3090;8.21;0.50;216.99;3.51;750;5;1036.00;0
2343;5;623951494;2343;220;3096;3096;8.25;0.51;217.05;3.51;753;5;1037.00;0
2345;5;623951505;2345;217;3096;3096;8.38;0.51;217.25;3.51;751;5;1038.00;0
2348;5;623951515;2348;217;3097;3097;8.39;0.51;217.25;3.50;749;5;1039.00;0
2354;5;623951525;2354;223;3097;3097;8.42;0.52;217.34;3.50;743;5;1040.00;0
2360;5;623951535;2360;221;3097;3097;8.40;0.51;217.64;3.50;737;5;1041.00;0
2363;5;623951546;2363;218;3097;3097;8.40;0.51;217.61;3.50;734;5;1042.00;0
2366;5;623951556;2366;219;3097;3097;8.39;0.51;217.62;3.50;731;5;1043.00;0
2369;5;623951567;2369;216;3108;3109;8.50;0.52;217.89;3.49;739;5;1044.00;1
2370;5;623951578;2370;214;3108;3109;8.52;0.52;217.97;3.49;738;5;1045.00;1
2376;5;623951594;2376;209;3109;3109;8.47;0.52;218.18;3.49;733;5;1046.00;0
2379;5;623951604;2379;211;3109;3109;8.45;0.52;218.26;3.49;730;5;1047.00;0
2385;5;623951614;2385;212;3109;3109;8.35;0.51;218.27;3.49;724;5;1048.00;0
2389;5;623951623;2389;213;3109;3109;8.35;0.51;218.30;3.49;720;5;1049.00;0
2394;5;623951635;2394;219;3115;3115;8.30;0.51;218.36;3.49;721;5;1050.00;0
2396;5;623951646;2396;207;3115;3115;8.36;0.51;218.43;3.49;719;5;1051.00;0
2399;5;623951656;2399;206;3119;3119;8.37;0.51;218.42;3.48;720;5;1052.00;0
2403;5;623951667;2403;207;3120;3120;8.32;0.51;218.60;3.48;717;5;1053.00;0
2408;5;623951678;2408;204;3120;3120;8.33;0.51;218.60;3.48;712;5;1054.00;0
2410;5;623951688;2410;208;3120;3120;8.37;0.51;218.61;3.48;710;5;1055.00;0
2414;5;623951697;2414;209;3133;3133;8.45;0.52;218.76;3.47;719;5;1056.00;0
2415;5;623951708;2415;202;3133;3133;8.62;0.53;218.83;3.47;718;5;1057.00;0
2418;5;623951719;2418;193;3133;3133;8.72;0.53;218.84;3.47;715;5;1058.00;0
2421;6;623951729;2421;196;3134;3134;8.83;0.54;218.88;3.47;713;6;1059.00;0
2427;6;623951749;2427;192;3135;3135;8.86;0.54;218.95;3.47;708;6;1060.00;0
2427;6;623951760;2427;190;3135;3135;8.92;0.54;218.95;3.47;708;6;1061.00;0
2431;6;623951771;2431;189;3137;3138;8.98;0.55;218.90;3.46;706;6;1062.00;1
2434;6;623951782;2434;189;3137;3138;8.92;0.54;218.94;3.46;703;6;1063.00;1
2435;6;623951792;2435;191;3138;3138;8.92;0.54;218.92;3.46;703;6;1064.00;0
2437;6;623951803;2437;190;3138;3138;8.87;0.54;219.11;3.46;701;6;1065.00;0
2442;6;623951813;2442;193;3144;3144;8.79;0.54;219.06;3.46;702;6;1066.00;0
2445;6;623951824;2445;185;3144;3144;8.83;0.54;219.22;3.46;699;6;1067.00;0
2449;6;623951835;2449;180;3144;3144;8.91;0.54;219.32;3.46;695;6;1068.00;0
2452;6;623951846;2452;181;3144;3144;8.89;0.54;219.41;3.46;692;6;1069.00;0
2455;6;623951856;2455;175;3148;3148;8.86;0.54;219.65;3.46;693;6;1070.00;0
2459;6;623951867;2459;171;3149;3149;8.81;0.54;219.73;3.45;690;6;1071.00;0
2462;6;623951877;2462;172;3149;3149;8.75;0.53;219.80;3.45;687;6;1072.00;0
2463;6;623951896;2463;170;3150;3150;8.74;0.53;219.83;3.45;687;6;1073.00;0
2464;6;623951906;2464;171;3150;3150;8.72;0.53;219.91;3.45;686;6;1074.00;0
2465;6;623951916;2465;172;3150;3150;8.75;0.53;219.96;3.45;685;6;1075.00;0
2468;6;623951927;2468;162;3150;3150;8.82;0.54;220.04;3.45;682;6;1076.00;0
2472;6;623951938;2472;156;3150;3150;8.85;0.54;220.11;3.45;678;6;1077.00;0
2476;6;623951949;2476;148;3150;3150;8.90;0.54;220.08;3.45;674;6;1078.00;0
2481;6;623951969;2481;149;3150;3150;8.94;0.54;220.48;3.45;669;6;1079.00;0
2482;6;623951987;2482;181;3240;3275;8.80;0.54;220.45;3.36;758;6;1080.00;35
2485;6;623952018;2485;178;3243;3276;8.84;0.54;220.65;3.36;758;6;1081.00;33
2488;6;623952033;2488;165;3249;3276;8.95;0.55;220.84;3.35;761;6;1082.00;27
2489;6;623952050;2489;162;3252;3276;9.15;0.56;220.90;3.35;763;6;1083.00;24
2492;6;623952078;2492;161;3256;3276;9.26;0.57;221.14;3.35;764;6;1084.00;20
2494;6;623952106;2494;166;3258;3276;9.34;0.57;221.29;3.35;764;6;1085.00;18
2496;6;623952119;2496;163;3263;3276;9.42;0.58;221.31;3.36;767;6;1086.00;13
2500;6;623952132;2500;164;3266;3276;9.47;0.58;221.43;3.36;766;6;1087.00;10
2502;6;623952146;2502;166;3269;3277;9.46;0.58;221.51;3.37;767;6;1088.00;8
2504;6;623952161;2504;167;3271;3278;9.40;0.57;221.47;3.37;767;6;1089.00;7
2506;6;623952173;2506;167;3274;3278;9.41;0.58;221.61;3.38;768;6;1090.00;4
2510;6;623952184;2510;174;3281;3282;9.38;0.57;221.64;3.37;771;6;1091.00;1
2511;6;623952196;2511;171;3281;3282;9.41;0.57;221.69;3.37;770;6;1092.00;1
2517;6;623952214;2517;181;3281;3282;9.38;0.57;222.06;3.37;764;6;1093.00;1
2520;6;623952227;2520;184;3281;3282;9.38;0.57;221.97;3.37;761;6;1094.00;1
2522;6;623952239;2522;185;3286;3288;9.32;0.57;222.02;3.37;764;6;1095.00;2
2524;6;623952251;2524;186;3286;3288;9.39;0.57;222.09;3.37;762;6;1096.00;2
2527;6;623952263;2527;187;3286;3288;9.40;0.57;222.18;3.37;759;6;1097.00;2
2529;6;623952273;2529;179;3288;3291;9.34;0.57;222.16;3.37;759;6;1098.00;3
2531;6;623952286;2531;178;3288;3291;9.28;0.57;222.20;3.37;757;6;1099.00;3
2532;6;623952298;2532;179;3289;3291;9.25;0.56;222.15;3.37;757;6;1100.00;2
2535;6;623952312;2535;181;3291;3292;9.21;0.56;222.35;3.37;756;6;1101.00;1
2535;6;623952324;2535;190;3292;3293;9.30;0.57;222.35;3.37;757;6;1102.00;1
2541;6;623952334;2541;192;3293;3293;9.35;0.57;222.36;3.37;752;6;1103.00;0
2546;6;623952346;2546;195;3304;3306;9.33;0.57;222.41;3.36;758;6;1104.00;2
2547;6;623952359;2547;196;3304;3306;9.41;0.57;222.49;3.36;757;6;1105.00;2
2548;6;623952370;2548;200;3305;3306;9.50;0.58;222.49;3.36;757;6;1106.00;1
2551;6;623952381;2551;204;3306;3307;9.59;0.58;222.31;3.36;755;6;1107.00;1
2552;6;623952393;2552;210;3306;3307;9.70;0.59;222.35;3.36;754;6;1108.00;1
2556;6;623952403;2556;205;3310;3311;9.78;0.60;222.26;3.36;754;6;1109.00;1
2557;6;623952417;2557;203;3310;3311;9.81;0.60;222.23;3.36;753;6;1110.00;1
2558;6;623952428;2558;205;3313;3315;9.86;0.60;222.18;3.36;755;6;1111.00;2
2558;6;623952440;2558;207;3313;3315;9.91;0.60;222.18;3.36;755;6;1112.00;2
2558;6;623952449;2558;212;3313;3315;10.02;0.61;222.18;3.36;755;6;1113.00;2
2561;6;623952460;2561;214;3313;3315;10.04;0.61;222.13;3.36;752;6;1114.00;2
2563;6;623952471;2563;217;3313;3315;10.02;0.61;222.05;3.36;750;6;1115.00;2
2570;6;623952481;2570;219;3324;3327;10.01;0.61;221.79;3.35;754;6;1116.00;3
2572;6;623952493;2572;223;3324;3327;9.98;0.61;221.79;3.35;752;6;1117.00;3
2576;6;623952504;2576;225;3324;3327;9.90;0.60;221.73;3.35;748;6;1118.00;3
2580;6;623952514;2580;229;3324;3327;9.89;0.60;221.59;3.35;744;6;1119.00;3
2584;6;623952525;2584;232;3324;3327;9.87;0.60;221.54;3.35;740;6;1120.00;3
2588;6;623952536;2588;235;3324;3327;9.82;0.60;221.45;3.35;736;6;1121.00;3
2588;6;623952545;2588;236;3324;3328;9.75;0.59;221.45;3.35;736;6;1122.00;4
2591;6;623952555;2591;236;3324;3328;9.71;0.59;221.35;3.35;733;6;1123.00;4
2592;6;623952565;2592;238;3329;3334;9.71;0.59;221.31;3.34;737;6;1124.00;5
2595;6;623952575;2595;243;3332;3336;9.63;0.59;221.24;3.35;737;6;1125.00;4
2595;6;623952586;2595;243;3333;3336;9.64;0.59;221.24;3.35;738;6;1126.00;3
2598;6;623952597;2598;245;3333;3336;9.57;0.58;221.19;3.35;735;6;1127.00;3
2601;6;623952607;2601;248;3336;3340;9.57;0.58;221.12;3.35;735;6;1128.00;4
2606;6;623952617;2606;246;3336;3340;9.56;0.58;221.02;3.35;730;6;1129.00;4
2608;6;623952627;2608;247;3336;3340;9.59;0.58;221.10;3.35;728;6;1130.00;4
2610;6;623952636;2610;240;3337;3341;9.67;0.59;221.03;3.35;727;6;1131.00;4
2612;6;623952648;2612;232;3340;3345;9.75;0.59;220.95;3.34;728;6;1132.00;5
2612;6;623952658;2612;223;3340;3345;9.79;0.60;220.95;3.34;728;6;1133.00;5
2616;6;623952668;2616;214;3342;3348;9.88;0.60;220.82;3.34;726;6;1134.00;6
2617;6;623952679;2617;209;3343;3348;9.95;0.60;220.75;3.34;726;6;1135.00;5
2619;6;623952690;2619;201;3343;3348;10.04;0.61;220.67;3.34;724;6;1136.00;5
2620;6;623952701;2620;196;3343;3348;10.09;0.61;220.61;3.34;723;6;1137.00;5
2622;6;623952712;2622;188;3347;3352;10.25;0.62;220.54;3.34;725;6;1138.00;5
2625;6;623952723;2625;191;3347;3352;10.33;0.63;220.56;3.34;722;6;1139.00;5
2626;6;623952735;2626;187;3347;3352;10.34;0.63;220.51;3.34;721;6;1140.00;5
2626;6;623952753;2626;186;3347;3352;10.34;0.63;220.51;3.34;721;6;1141.00;5
2627;6;623952763;2627;186;3347;3353;10.31;0.63;220.46;3.34;720;6;1142.00;6
2628;6;623952773;2628;183;3348;3354;10.33;0.63;220.45;3.34;720;6;1143.00;6
2631;6;623952782;2631;184;3348;3354;10.29;0.63;220.47;3.34;717;6;1144.00;6
2632;6;623952799;2632;189;3349;3355;10.24;0.62;220.47;3.34;717;6;1145.00;6
2634;6;623952809;2634;185;3349;3355;10.23;0.62;220.46;3.34;715;6;1146.00;6
2634;6;623952819;2634;186;3349;3355;10.17;0.62;220.46;3.34;715;6;1147.00;6
2635;6;623952829;2635;191;3349;3355;10.16;0.62;220.48;3.34;714;6;1148.00;6
2636;6;623952839;2636;193;3349;3355;10.19;0.62;220.51;3.34;713;6;1149.00;6
2638;6;623952850;2638;195;3351;3355;10.19;0.62;220.47;3.35;713;6;1150.00;4
2640;6;623952860;2640;197;3351;3355;10.20;0.62;220.43;3.35;711;6;1151.00;4
2642;6;623952870;2642;219;3417;3482;10.24;0.63;220.49;3.29;775;6;1152.00;65
2644;6;623952892;2644;216;3422;3483;10.19;0.63;220.51;3.30;778;6;1153.00;61
2645;6;623952903;2645;213;3431;3483;10.18;0.63;220.51;3.30;786;6;1154.00;52
2646;6;623952913;2646;217;3438;3483;10.10;0.62;220.64;3.30;792;6;1155.00;45
2649;6;623952923;2649;217;3446;3483;10.03;0.62;220.63;3.30;797;6;1156.00;37
2649;6;623952933;2649;216;3448;3483;9.94;0.61;220.63;3.31;799;6;1157.00;35
2652;6;623952943;2652;214;3451;3483;9.81;0.60;220.58;3.31;799;6;1158.00;32
2655;6;623952954;2655;215;3454;3483;9.69;0.60;220.75;3.31;799;6;1159.00;29
2657;6;623952978;2657;223;3457;3484;9.66;0.59;220.83;3.32;800;6;1160.00;27
2660;6;623952988;2660;225;3464;3485;9.58;0.59;220.93;3.33;804;6;1161.00;21
2663;6;623952998;2663;226;3468;3485;9.48;0.58;221.18;3.34;805;6;1162.00;17
2665;6;623953007;2665;230;3469;3486;9.42;0.58;221.23;3.34;804;6;1163.00;17
2668;6;623953017;2668;234;3476;3486;9.30;0.57;221.36;3.36;808;6;1164.00;10
2670;6;623953027;2670;238;3478;3486;9.21;0.57;221.29;3.36;808;6;1165.00;8
2673;7;623953036;2673;239;3480;3486;9.07;0.56;221.42;3.36;807;7;1166.00;6
2678;7;623953059;2678;248;3485;3490;8.93;0.55;221.45;3.36;807;7;1167.00;5
2679;7;623953069;2679;261;3485;3490;8.79;0.54;221.45;3.36;806;7;1168.00;5
2684;7;623953078;2684;260;3486;3490;8.64;0.53;221.69;3.37;802;7;1169.00;4
2685;7;623953090;2685;260;3490;3496;8.53;0.52;221.84;3.37;805;7;1170.00;6
2687;7;623953110;2687;264;3491;3496;8.44;0.52;221.92;3.37;804;7;1171.00;5
2689;7;623953120;2689;268;3493;3496;8.39;0.52;221.85;3.38;804;7;1172.00;3
2694;7;623953129;2694;268;3498;3500;8.27;0.51;221.94;3.38;804;7;1173.00;2
2698;7;623953141;2698;268;3499;3501;8.17;0.50;222.15;3.38;801;7;1174.00;2
2700;7;623953152;2700;269;3499;3501;8.11;0.50;222.19;3.38;799;7;1175.00;2
2702;7;623953162;2702;271;3504;3505;8.07;0.50;222.25;3.38;802;7;1176.00;1
2705;7;623953171;2705;276;3504;3505;8.00;0.49;222.44;3.38;799;7;1177.00;1
2708;7;623953181;2708;279;3505;3505;7.94;0.49;222.58;3.38;797;7;1178.00;0
2710;7;623953191;2710;282;3506;3506;7.92;0.49;222.72;3.38;796;7;1179.00;0
2713;7;623953201;2713;280;3506;3506;7.90;0.49;222.86;3.38;793;7;1180.00;0
2715;7;623953211;2715;279;3512;3512;7.91;0.49;222.80;3.37;797;7;1181.00;0
2719;7;623953221;2719;279;3512;3512;7.89;0.48;222.76;3.37;793;7;1182.00;0
2724;7;623953231;2724;277;3513;3513;7.79;0.48;222.96;3.37;789;7;1183.00;0
2726;7;623953241;2726;274;3513;3513;7.80;0.48;223.03;3.37;787;7;1184.00;0
2731;7;623953251;2731;275;3513;3513;7.75;0.47;223.04;3.37;782;7;1185.00;0
2735;7;623953261;2735;277;3513;3513;7.71;0.47;223.22;3.37;778;7;1186.00;0
2739;7;623953271;2739;282;3513;3513;7.68;0.47;223.18;3.37;774;7;1187.00;0
2746;7;623953280;2746;277;3525;3525;7.59;0.46;223.36;3.36;779;7;1188.00;0
2749;7;623953291;2749;283;3525;3525;7.50;0.46;223.49;3.36;776;7;1189.00;0
2753;7;623953300;2753;278;3525;3525;7.47;0.46;223.55;3.36;772;7;1190.00;0
2757;7;623953309;2757;272;3525;3525;7.38;0.45;223.77;3.36;768;7;1191.00;0
2761;7;623953319;2761;265;3525;3525;7.39;0.45;223.95;3.36;764;7;1192.00;0
2764;7;623953328;2764;258;3525;3525;7.45;0.46;224.19;3.36;761;7;1193.00;0
2770;7;623953337;2770;254;3529;3529;7.42;0.46;224.45;3.36;759;7;1194.00;0
2772;7;623953348;2772;249;3529;3529;7.51;0.46;224.47;3.36;757;7;1195.00;0
2775;7;623953357;2775;249;3533;3533;7.60;0.47;224.64;3.35;758;7;1196.00;0
2777;7;623953367;2777;241;3534;3534;7.65;0.47;224.79;3.35;757;7;1197.00;0
2780;7;623953376;2780;229;3534;3534;7.68;0.47;224.90;3.35;754;7;1198.00;0
2782;7;623953386;2782;226;3534;3534;7.68;0.47;225.00;3.35;752;7;1199.00;0
2785;7;623953398;2785;231;3561;3575;7.61;0.47;225.08;3.33;776;7;1200.00;14
2789;7;623953418;2789;217;3562;3575;7.68;0.47;225.17;3.33;773;7;1201.00;13
2791;7;623953428;2791;215;3564;3575;7.78;0.48;225.18;3.33;773;7;1202.00;11
2796;7;623953438;2796;217;3566;3576;7.86;0.48;225.17;3.33;770;7;1203.00;10
2801;7;623953449;2801;214;3568;3577;7.91;0.48;225.09;3.32;767;7;1204.00;9
2804;7;623953459;2804;205;3568;3577;8.10;0.49;225.13;3.32;764;7;1205.00;9
2807;7;623953470;2807;206;3571;3580;8.28;0.51;225.32;3.32;764;7;1206.00;9
2813;7;623953481;2813;208;3572;3580;8.34;0.51;225.38;3.32;759;7;1207.00;8
2819;7;623953491;2819;209;3574;3580;8.40;0.51;225.80;3.33;755;7;1208.00;6
2820;7;623953501;2820;211;3575;3580;8.45;0.52;225.86;3.33;755;7;1209.00;5
2826;7;623953511;2826;209;3582;3586;8.36;0.51;226.11;3.33;756;7;1210.00;4
2831;7;623953523;2831;212;3582;3586;8.32;0.51;226.28;3.33;751;7;1211.00;4
2835;7;623953533;2835;210;3582;3586;8.22;0.50;226.36;3.33;747;7;1212.00;4
2836;7;623953544;2836;212;3582;3586;8.17;0.50;226.39;3.33;746;7;1213.00;4
2841;7;623953554;2841;215;3586;3590;8.09;0.49;226.59;3.32;745;7;1214.00;4
2844;7;623953565;2844;217;3589;3592;8.07;0.49;226.66;3.32;745;7;1215.00;3
2846;7;623953575;2846;215;3589;3592;7.99;0.49;226.81;3.32;743;7;1216.00;3
2849;7;623953586;2849;216;3590;3593;7.94;0.49;226.79;3.32;741;7;1217.00;3
2851;7;623953597;2851;221;3590;3593;7.96;0.49;226.72;3.32;739;7;1218.00;3
2854;7;623953607;2854;224;3590;3593;7.90;0.48;226.79;3.32;736;7;1219.00;3
2859;7;623953617;2859;223;3590;3593;7.77;0.48;226.65;3.32;731;7;1220.00;3
2864;7;623953628;2864;229;3591;3593;7.61;0.47;226.64;3.33;727;7;1221.00;2
2868;7;623953638;2868;233;3591;3593;7.53;0.46;226.62;3.33;723;7;1222.00;2
2872;7;623953648;2872;232;3591;3593;7.47;0.46;226.50;3.33;719;7;1223.00;2
2876;7;623953658;2876;244;3633;3663;7.39;0.45;226.43;3.29;757;7;1224.00;30
2880;7;623953674;2880;228;3634;3664;7.37;0.45;226.30;3.29;754;7;1225.00;30
2883;7;623953684;2883;224;3640;3664;7.44;0.46;226.42;3.29;757;7;1226.00;24
2886;7;623953694;2886;217;3641;3664;7.47;0.46;226.40;3.29;755;7;1227.00;23
2888;7;623953704;2888;214;3645;3666;7.60;0.47;226.43;3.29;757;7;1228.00;21
2890;7;623953714;2890;217;3646;3666;7.68;0.47;226.46;3.29;756;7;1229.00;20
2893;7;623953726;2893;218;3649;3666;7.74;0.47;226.45;3.30;756;7;1230.00;17
2894;7;623953737;2894;222;3652;3666;7.80;0.48;226.48;3.30;758;7;1231.00;14
2896;7;623953747;2896;231;3654;3667;7.82;0.48;226.60;3.30;758;7;1232.00;13
2897;7;623953758;2897;242;3659;3668;7.79;0.48;226.55;3.32;762;7;1233.00;9
2900;7;623953768;2900;246;3663;3668;7.66;0.47;226.57;3.32;763;7;1234.00;5
2901;7;623953778;2901;255;3667;3672;7.63;0.47;226.60;3.32;766;7;1235.00;5
2902;7;623953789;2902;264;3669;3672;7.61;0.47;226.60;3.32;767;7;1236.00;3
2903;7;623953800;2903;256;3670;3672;7.54;0.46;226.55;3.33;767;7;1237.00;2
2907;7;623953810;2907;251;3671;3672;7.55;0.46;226.59;3.33;764;7;1238.00;1
2908;7;623953820;2908;243;3678;3678;7.56;0.46;226.62;3.33;770;7;1239.00;0
2910;7;623953831;2910;240;3678;3678;7.59;0.47;226.52;3.33;768;7;1240.00;0
2915;7;623953841;2915;246;3678;3678;7.55;0.46;226.58;3.33;763;7;1241.00;0
2916;7;623953852;2916;247;3680;3681;7.69;0.47;226.56;3.32;764;7;1242.00;1
2918;7;623953862;2918;249;3680;3681;7.74;0.47;226.56;3.32;762;7;1243.00;1
2919;7;623953873;2919;254;3681;3681;7.70;0.47;226.58;3.32;762;7;1244.00;0
2921;7;623953882;2921;252;3682;3682;7.62;0.47;226.57;3.32;761;7;1245.00;0
2924;7;623953893;2924;246;3683;3683;7.68;0.47;226.60;3.32;759;7;1246.00;0
2928;7;623953904;2928;242;3683;3683;7.68;0.47;226.47;3.32;755;7;1247.00;0
2932;7;623953915;2932;244;3696;3696;7.78;0.48;226.54;3.31;764;7;1248.00;0
2938;7;623953927;2938;238;3696;3696;7.77;0.47;226.48;3.31;758;7;1249.00;0
2939;7;623953938;2939;232;3696;3696;7.79;0.48;226.54;3.31;757;7;1250.00;0
2942;7;623953949;2942;234;3697;3697;7.89;0.48;226.62;3.31;755;7;1251.00;0
2947;7;623953959;2947;237;3697;3697;7.95;0.48;226.58;3.31;750;7;1252.00;0
2948;7;623953975;2948;237;3701;3701;8.08;0.49;226.61;3.31;753;7;1253.00;0
2949;7;623953993;2949;242;3701;3701;8.10;0.49;226.57;3.31;752;7;1254.00;0
2954;7;623954010;2954;240;3705;3705;8.09;0.49;226.61;3.30;751;7;1255.00;0
2956;7;623954031;2956;240;3705;3705;8.14;0.49;226.54;3.30;749;7;1256.00;0
2959;7;623954047;2959;245;3705;3705;8.14;0.49;226.44;3.30;746;7;1257.00;0
2960;7;623954062;2960;246;3705;3705;8.14;0.49;226.50;3.30;745;7;1258.00;0
2963;7;623954076;2963;248;3705;3705;8.11;0.49;226.38;3.30;742;7;1259.00;0
2964;7;623954092;2964;251;3736;3739;8.17;0.50;226.53;3.28;772;7;1260.00;3
2967;7;623954107;2967;250;3736;3739;8.23;0.50;226.62;3.28;769;7;1261.00;3
2970;7;623954118;2970;249;3738;3739;8.27;0.50;226.60;3.28;768;7;1262.00;1
2971;7;623954129;2971;248;3738;3739;8.34;0.51;226.55;3.28;767;7;1263.00;1
2972;7;623954141;2972;245;3739;3739;8.41;0.51;226.50;3.28;767;7;1264.00;0
2975;7;623954151;2975;246;3739;3739;8.42;0.51;226.42;3.28;764;7;1265.00;0
2976;8;623954163;2976;243;3739;3740;8.46;0.52;226.42;3.28;763;8;1266.00;1
2979;8;623954188;2979;240;3739;3740;8.47;0.52;226.34;3.28;760;8;1267.00;1
2981;8;623954199;2981;242;3744;3746;8.50;0.52;226.37;3.27;763;8;1268.00;2
2982;8;623954210;2982;244;3745;3747;8.54;0.52;226.36;3.27;763;8;1269.00;2
2984;8;623954227;2984;250;3745;3747;8.56;0.52;226.24;3.27;761;8;1270.00;2
2987;8;623954238;2987;254;3745;3747;8.56;0.52;226.17;3.27;758;8;1271.00;2
2990;8;623954249;2990;255;3748;3751;8.56;0.52;226.10;3.27;758;8;1272.00;3
2990;8;623954261;2990;254;3748;3751;8.66;0.53;226.10;3.27;758;8;1273.00;3
2993;8;623954271;2993;253;3748;3751;8.69;0.53;226.06;3.27;755;8;1274.00;3
2995;8;623954282;2995;253;3749;3752;8.79;0.53;226.14;3.27;754;8;1275.00;3
2996;8;623954292;2996;253;3752;3756;8.86;0.54;226.15;3.27;756;8;1276.00;4
2997;8;623954303;2997;256;3752;3756;8.91;0.54;226.14;3.27;755;8;1277.00;4
2999;8;623954313;2999;254;3754;3759;9.02;0.55;226.17;3.27;755;8;1278.00;5
3002;8;623954324;3002;254;3754;3759;9.09;0.55;226.09;3.27;752;8;1279.00;5
3003;8;623954333;3003;251;3755;3759;9.17;0.56;226.07;3.27;752;8;1280.00;4
3005;8;623954345;3005;247;3755;3759;9.16;0.55;226.08;3.27;750;8;1281.00;4
3005;8;623954355;3005;250;3759;3763;9.18;0.56;226.08;3.26;754;8;1282.00;4
3005;8;623954365;3005;235;3759;3763;9.22;0.56;226.08;3.26;754;8;1283.00;4
3006;8;623954376;3006;230;3759;3763;9.25;0.56;226.07;3.26;753;8;1284.00;4
3008;8;623954387;3008;225;3759;3763;9.34;0.57;226.07;3.26;751;8;1285.00;4
3012;8;623954398;3012;221;3759;3764;9.47;0.57;226.15;3.26;747;8;1286.00;5
3014;8;623954409;3014;222;3760;3765;9.51;0.58;226.12;3.26;746;8;1287.00;5
3014;8;623954420;3014;218;3760;3765;9.62;0.58;226.12;3.26;746;8;1288.00;5
3017;8;623954430;3017;207;3761;3766;9.71;0.59;226.07;3.26;744;8;1289.00;5
3018;8;623954443;3018;209;3761;3766;9.78;0.59;226.05;3.26;743;8;1290.00;5
3020;8;623954454;3020;207;3761;3766;9.86;0.60;226.07;3.26;741;8;1291.00;5
3021;9;623954464;3021;198;3761;3766;9.87;0.60;226.04;3.26;740;9;1292.00;5
3024;10;623954493;3024;196;3761;3766;9.91;0.60;226.01;3.26;737;10;1293.00;5
3025;10;623954517;3025;191;3762;3766;9.98;0.61;225.98;3.27;737;10;1294.00;4
3028;10;623954528;3028;185;3763;3766;10.00;0.61;225.94;3.27;735;10;1295.00;3
3031;10;623954539;3031;198;3826;3893;9.95;0.61;225.94;3.22;795;10;1296.00;67
3034;10;623954561;3034;182;3827;3894;9.96;0.61;225.92;3.22;793;10;1297.00;67
3035;10;623954573;3035;180;3835;3894;10.06;0.62;225.91;3.22;800;10;1298.00;59
3039;10;623954584;3039;168;3836;3894;10.10;0.62;225.90;3.22;797;10;1299.00;58
3040;10;623954596;3040;163;3842;3894;10.19;0.63;225.83;3.22;802;10;1300.00;52
3040;10;623954617;3040;157;3843;3894;10.23;0.63;225.83;3.22;803;10;1301.00;51
3041;10;623954628;3041;155;3845;3894;10.29;0.63;225.82;3.22;804;10;1302.00;49
3042;10;623954639;3042;155;3848;3894;10.33;0.63;225.81;3.22;806;10;1303.00;46
3046;10;623954651;3046;155;3850;3895;10.39;0.64;225.74;3.23;804;10;1304.00;45
3049;10;623954662;3049;155;3855;3897;10.44;0.64;225.97;3.23;806;10;1305.00;42
3051;10;623954673;3051;155;3857;3897;10.54;0.64;225.93;3.23;806;10;1306.00;40
3055;10;623954685;3055;158;3862;3898;10.52;0.64;225.83;3.24;807;10;1307.00;36
3057;10;623954696;3057;158;3865;3898;10.56;0.65;225.79;3.25;808;10;1308.00;33
3059;10;623954708;3059;160;3867;3898;10.53;0.64;225.77;3.26;808;10;1309.00;31
3061;10;623954719;3061;162;3870;3898;10.49;0.64;225.75;3.27;809;10;1310.00;28
3064;10;623954730;3064;170;3876;3902;10.47;0.64;225.82;3.28;812;10;1311.00;26
3066;10;623954743;3066;175;3878;3902;10.41;0.64;225.78;3.29;812;10;1312.00;24
3070;10;623954754;3070;178;3879;3902;10.32;0.63;225.90;3.29;809;10;1313.00;23
3072;10;623954771;3072;183;3883;3905;10.26;0.63;225.91;3.30;811;10;1314.00;22
3074;10;623954783;3074;191;3885;3905;10.16;0.62;225.96;3.31;811;10;1315.00;20
3077;10;623954800;3077;199;3890;3905;10.04;0.61;226.14;3.33;813;10;1316.00;15
3077;10;623954813;3077;197;3896;3909;9.92;0.61;226.14;3.34;819;10;1317.00;13
3080;10;623954825;3080;206;3897;3910;9.79;0.60;226.18;3.34;817;10;1318.00;13
3085;10;623954837;3085;207;3900;3910;9.68;0.59;226.25;3.34;815;10;1319.00;10
3087;10;623954851;3087;210;3904;3915;9.60;0.58;226.35;3.35;817;10;1320.00;11
3089;10;623954862;3089;215;3905;3915;9.52;0.58;226.45;3.35;816;10;1321.00;10
3091;10;623954873;3091;220;3906;3915;9.46;0.58;226.57;3.36;815;10;1322.00;9
3093;10;623954884;3093;225;3907;3916;9.34;0.57;226.68;3.35;814;10;1323.00;9
3097;10;623954896;3097;234;3909;3916;9.27;0.56;226.64;3.37;812;10;1324.00;7
3099;10;623954907;3099;240;3915;3922;9.28;0.56;226.77;3.36;816;10;1325.00;7
3104;10;623954920;3104;243;3916;3922;9.17;0.56;226.88;3.37;812;10;1326.00;6
3106;10;623954931;3106;247;3916;3923;9.06;0.55;226.82;3.37;810;10;1327.00;7
3108;10;623954943;3108;248;3917;3923;8.96;0.54;226.87;3.38;809;10;1328.00;6
3109;10;623954953;3109;254;3919;3923;8.87;0.54;226.97;3.39;810;10;1329.00;4
3111;10;623954964;3111;256;3919;3923;8.74;0.53;226.99;3.39;808;10;1330.00;4
3114;10;623954978;3114;254;3920;3923;8.70;0.53;227.08;3.40;806;10;1331.00;3
3116;10;623954990;3116;256;3930;3935;8.76;0.53;227.15;3.39;814;10;1332.00;5
3118;10;623955002;3118;256;3930;3935;8.71;0.53;227.16;3.39;812;10;1333.00;5
3121;10;623955014;3121;262;3932;3935;8.64;0.53;227.19;3.39;811;10;1334.00;3
3122;10;623955025;3122;268;3932;3935;8.64;0.53;227.17;3.39;810;10;1335.00;3
3125;10;623955036;3125;273;3935;3935;8.60;0.53;227.30;3.40;810;10;1336.00;0
3128;10;623955047;3128;277;3935;3935;8.52;0.52;227.34;3.40;807;10;1337.00;0
3129;10;623955057;3129;284;3939;3939;8.45;0.52;227.33;3.40;810;10;1338.00;0
3132;10;623955068;3132;285;3939;3939;8.35;0.51;227.65;3.40;807;10;1339.00;0
3134;10;623955078;3134;281;3943;3943;8.37;0.51;227.75;3.39;809;10;1340.00;0
3139;10;623955089;3139;282;3944;3944;8.37;0.51;228.03;3.39;805;10;1341.00;0
3143;10;623955100;3143;280;3944;3944;8.29;0.51;228.24;3.39;801;10;1342.00;0
3146;10;623955110;3146;281;3944;3944;8.22;0.50;228.35;3.39;798;10;1343.00;0
3151;10;623955121;3151;279;3957;3957;8.13;0.50;228.51;3.38;806;10;1344.00;0
3154;10;623955133;3154;274;3957;3957;8.12;0.50;228.67;3.38;803;10;1345.00;0
3157;10;623955143;3157;276;3957;3957;8.09;0.50;228.90;3.38;800;10;1346.00;0
3158;10;623955153;3158;284;3958;3958;8.18;0.50;228.98;3.38;800;10;1347.00;0
3161;10;623955163;3161;287;3959;3959;8.20;0.50;229.26;3.38;798;10;1348.00;0
3165;10;623955173;3165;284;3959;3959;8.14;0.50;229.37;3.38;794;10;1349.00;0
3168;10;623955185;3168;283;3966;3968;8.11;0.49;229.56;3.37;798;10;1350.00;2
3169;10;623955196;3169;280;3966;3968;8.06;0.49;229.68;3.37;797;10;1351.00;2
3174;10;623955206;3174;281;3967;3968;7.96;0.49;229.86;3.37;793;10;1352.00;1
3175;10;623955215;3175;281;3967;3968;7.86;0.48;229.92;3.37;792;10;1353.00;1
3180;10;623955225;3180;280;3973;3974;7.73;0.47;230.08;3.37;793;10;1354.00;1
3182;10;623955235;3182;288;3974;3974;7.62;0.47;230.19;3.37;792;10;1355.00;0
3187;10;623955245;3187;285;3974;3974;7.44;0.46;230.42;3.37;787;10;1356.00;0
3192;10;623955255;3192;285;3974;3974;7.32;0.45;230.58;3.37;782;10;1357.00;0
3196;10;623955264;3196;287;3978;3978;7.18;0.44;230.53;3.37;782;10;1358.00;0
3200;10;623955274;3200;284;3979;3979;7.07;0.43;230.73;3.37;779;10;1359.00;0
3204;10;623955284;3204;275;3979;3979;7.07;0.43;230.83;3.37;775;10;1360.00;0
3211;10;623955293;3211;270;3980;3980;7.07;0.43;230.80;3.37;769;10;1361.00;0
3217;10;623955302;3217;267;3980;3980;7.03;0.43;230.87;3.37;763;10;1362.00;0
3219;10;623955311;3219;259;3980;3980;7.04;0.43;231.01;3.37;761;10;1363.00;0
3222;10;623955319;3222;260;3980;3980;7.08;0.43;231.09;3.37;758;10;1364.00;0
3225;10;623955328;3225;254;3980;3980;7.09;0.43;231.04;3.37;755;10;1365.00;0
3229;10;623955338;3229;251;3980;3980;7.10;0.43;231.10;3.37;751;10;1366.00;0
3232;10;623955347;3232;245;3980;3980;7.18;0.44;231.09;3.37;748;10;1367.00;0
3235;10;623955357;3235;244;4017;4050;7.44;0.45;231.20;3.34;782;10;1368.00;33
3238;10;623955371;3238;241;4021;4051;7.58;0.46;231.25;3.33;783;10;1369.00;30
3241;10;623955380;3241;240;4026;4051;7.66;0.47;231.27;3.33;785;10;1370.00;25
3245;10;623955389;3245;240;4028;4051;7.65;0.47;231.19;3.33;783;10;1371.00;23
3248;10;623955399;3248;237;4031;4051;7.75;0.47;231.33;3.33;783;10;1372.00;20
3250;10;623955408;3250;231;4032;4051;7.70;0.47;231.35;3.33;782;10;1373.00;19
3253;10;623955419;3253;235;4035;4051;7.70;0.47;231.58;3.33;782;10;1374.00;16
3255;10;623955429;3255;237;4038;4051;7.73;0.47;231.59;3.34;783;10;1375.00;13
3260;10;623955439;3260;240;4040;4052;7.70;0.47;231.76;3.34;780;10;1376.00;12
3263;10;623955449;3263;242;4043;4053;7.62;0.47;231.71;3.34;780;10;1377.00;10
3268;10;623955458;3268;245;4046;4053;7.56;0.46;231.93;3.35;778;10;1378.00;7
3274;10;623955468;3274;246;4050;4057;7.54;0.46;231.94;3.35;776;10;1379.00;7
3277;10;623955480;3277;248;4053;4057;7.60;0.46;231.99;3.35;776;10;1380.00;4
3282;10;623955491;3282;239;4053;4057;7.48;0.46;232.09;3.35;771;10;1381.00;4
3287;10;623955500;3287;238;4053;4057;7.46;0.46;232.21;3.35;766;10;1382.00;4
3289;10;623955510;3289;236;4059;4063;7.50;0.46;232.25;3.35;770;10;1383.00;4
3290;10;623955520;3290;240;4059;4063;7.57;0.46;232.31;3.35;769;10;1384.00;4
3295;10;623955530;3295;242;4059;4063;7.60;0.47;232.43;3.35;764;10;1385.00;4
3300;10;623955540;3300;244;4061;4066;7.63;0.47;232.61;3.35;761;10;1386.00;5
3305;10;623955550;3305;247;4064;4066;7.55;0.46;232.70;3.36;759;10;1387.00;2
3309;10;623955560;3309;251;4065;4066;7.49;0.46;232.69;3.35;756;10;1388.00;1
3314;10;623955570;3314;248;4066;4067;7.39;0.45;232.84;3.35;752;10;1389.00;1
3316;10;623955580;3316;248;4068;4068;7.41;0.45;232.87;3.36;752;10;1390.00;0
3320;10;623955589;3320;250;4068;4068;7.35;0.45;232.95;3.36;748;10;1391.00;0
3323;10;623955599;3323;252;4081;4081;7.40;0.45;232.95;3.35;758;10;1392.00;0
3329;10;623955609;3329;254;4081;4081;7.29;0.44;232.92;3.35;752;10;1393.00;0
3331;10;623955619;3331;252;4081;4081;7.25;0.44;232.95;3.35;750;10;1394.00;0
3336;10;623955628;3336;255;4083;4083;7.19;0.44;233.26;3.35;747;10;1395.00;0
3341;10;623955638;3341;262;4083;4083;7.07;0.43;233.18;3.35;742;10;1396.00;0
3346;10;623955648;3346;263;4087;4087;7.04;0.43;233.32;3.34;741;10;1397.00;0
3349;10;623955658;3349;272;4087;4087;6.99;0.43;233.33;3.34;738;10;1398.00;0
3352;10;623955668;3352;274;4091;4091;6.97;0.42;233.41;3.34;739;10;1399.00;0
3356;10;623955678;3356;281;4091;4091;6.85;0.42;233.35;3.34;735;10;1400.00;0
3358;10;623955691;3358;278;4091;4091;6.83;0.42;233.40;3.34;733;10;1401.00;0
3362;10;623955700;3362;281;4091;4091;6.77;0.41;233.48;3.34;729;10;1402.00;0
3364;10;623955710;3364;283;4091;4091;6.76;0.41;233.45;3.34;727;10;1403.00;0
3367;10;623955719;3367;286;4102;4103;6.81;0.41;233.38;3.33;735;10;1404.00;1
3370;10;623955729;3370;288;4102;4103;6.72;0.41;233.37;3.33;732;10;1405.00;1
3371;10;623955739;3371;299;4103;4103;6.66;0.41;233.38;3.33;732;10;1406.00;0
3373;10;623955747;3373;290;4103;4103;6.66;0.41;233.50;3.33;730;10;1407.00;0
3373;10;623955757;3373;290;4103;4103;6.75;0.41;233.50;3.33;730;10;1408.00;0
3376;10;623955767;3376;287;4103;4103;6.66;0.41;233.45;3.33;727;10;1409.00;0
3378;10;623955778;3378;287;4104;4104;6.60;0.40;233.38;3.33;726;10;1410.00;0
3382;10;623955788;3382;282;4104;4104;6.61;0.40;233.33;3.33;722;10;1411.00;0
3384;10;623955797;3384;285;4110;4110;6.65;0.41;233.21;3.33;726;10;1412.00;0
3387;10;623955807;3387;288;4111;4111;6.68;0.41;233.16;3.33;724;10;1413.00;0
3389;10;623955816;3389;291;4111;4111;6.67;0.41;233.12;3.33;722;10;1414.00;0
3391;10;623955825;3391;294;4111;4111;6.71;0.41;233.05;3.33;720;10;1415.00;0
3393;10;623955834;3393;280;4115;4115;6.82;0.41;233.01;3.32;722;10;1416.00;0
3395;10;623955844;3395;275;4115;4115;6.90;0.42;232.94;3.32;720;10;1417.00;0
3397;10;623955854;3397;273;4115;4115;7.02;0.43;232.90;3.32;718;10;1418.00;0
3397;10;623955863;3397;269;4116;4116;7.20;0.44;232.90;3.32;719;10;1419.00;0
3400;10;623955879;3400;270;4120;4120;7.30;0.44;232.89;3.32;720;10;1420.00;0
3401;10;623955889;3401;264;4120;4120;7.39;0.45;232.84;3.32;719;10;1421.00;0
3403;10;623955899;3403;261;4122;4123;7.46;0.45;232.77;3.32;719;10;1422.00;1
3404;10;623955908;3404;260;4122;4123;7.51;0.46;232.73;3.32;718;10;1423.00;1
3406;10;623955918;3406;258;4123;4123;7.62;0.46;232.76;3.32;717;10;1424.00;0
3408;10;623955928;3408;255;4123;4123;7.69;0.47;232.70;3.32;715;10;1425.00;0
3409;10;623955938;3409;254;4127;4127;7.81;0.47;232.70;3.32;718;10;1426.00;0
3411;10;623955948;3411;257;4127;4127;7.82;0.48;232.65;3.32;716;10;1427.00;0
3413;10;623955958;3413;258;4127;4127;7.87;0.48;232.59;3.32;714;10;1428.00;0
3413;10;623955969;3413;256;4127;4127;7.90;0.48;232.59;3.32;714;10;1429.00;0
3415;10;623955983;3415;254;4128;4128;7.92;0.48;232.55;3.32;713;10;1430.00;0
3417;10;623956001;3417;254;4129;4129;7.96;0.48;232.61;3.32;712;10;1431.00;0
3419;10;623956021;3419;256;4129;4129;7.92;0.48;232.60;3.32;710;10;1432.00;0
3419;10;623956034;3419;255;4130;4130;8.04;0.49;232.60;3.32;711;10;1433.00;0
3419;10;623956049;3419;252;4130;4130;8.08;0.49;232.60;3.32;711;10;1434.00;0
3420;10;623956063;3420;242;4130;4130;8.22;0.50;232.58;3.32;710;10;1435.00;0
3420;10;623956077;3420;231;4130;4130;8.32;0.51;232.58;3.32;710;10;1436.00;0
3421;10;623956089;3421;226;4130;4130;8.45;0.51;232.61;3.32;709;10;1437.00;0
3423;10;623956100;3423;216;4130;4130;8.59;0.52;232.57;3.32;707;10;1438.00;0
3424;10;623956110;3424;209;4130;4130;8.78;0.53;232.56;3.32;706;10;1439.00;0
3425;10;623956124;3425;266;4264;4360;8.53;0.53;232.52;3.21;839;10;1440.00;96
3426;10;623956154;3426;246;4266;4361;8.66;0.54;232.58;3.21;840;10;1441.00;95
3428;10;623956167;3428;225;4275;4361;8.86;0.55;232.57;3.21;847;10;1442.00;86
3429;10;623956180;3429;209;4280;4361;9.03;0.56;232.51;3.21;851;10;1443.00;81
3429;10;623956193;3429;200;4286;4361;9.19;0.57;232.51;3.21;857;10;1444.00;75
3430;10;623956213;3430;195;4289;4361;9.30;0.58;232.51;3.21;859;10;1445.00;72
3431;11;623956233;3431;192;4294;4361;9.42;0.58;232.50;3.21;863;11;1446.00;67
3432;11;623956259;3432;187;4299;4361;9.54;0.59;232.52;3.22;867;11;1447.00;62
3432;11;623956278;3432;188;4305;4362;9.64;0.60;232.52;3.22;873;11;1448.00;57
3433;11;623956289;3433;189;4308;4363;9.74;0.60;232.60;3.23;875;11;1449.00;55
3435;11;623956302;3435;188;4313;4363;9.78;0.60;232.55;3.24;878;11;1450.00;50
3435;11;623956315;3435;199;4314;4364;9.82;0.61;232.55;3.24;879;11;1451.00;50
3436;11;623956327;3436;204;4318;4364;9.76;0.60;232.57;3.25;882;11;1452.00;46
3441;11;623956346;3441;202;4320;4364;9.72;0.60;232.64;3.25;879;11;1453.00;44
3441;11;623956359;3441;210;4321;4364;9.73;0.60;232.64;3.25;880;11;1454.00;43
3445;11;623956371;3445;217;4323;4368;9.73;0.60;232.72;3.26;878;11;1455.00;45
3446;11;623956384;3446;220;4324;4368;9.74;0.60;232.74;3.26;878;11;1456.00;44
3450;11;623956397;3450;224;4325;4368;9.74;0.60;232.73;3.26;875;11;1457.00;43
3452;11;623956410;3452;223;4326;4371;9.78;0.60;232.78;3.26;874;11;1458.00;45
3455;11;623956423;3455;219;4326;4371;9.80;0.60;232.71;3.26;871;11;1459.00;45
3458;11;623956435;3458;218;4327;4371;9.81;0.60;232.70;3.26;869;11;1460.00;44
3460;11;623956447;3460;221;4330;4375;9.81;0.60;232.72;3.26;870;11;1461.00;45
3464;11;623956460;3464;215;4331;4376;9.81;0.60;232.72;3.26;867;11;1462.00;45
3466;11;623956480;3466;217;4334;4376;9.80;0.60;232.67;3.27;868;11;1463.00;42
3471;11;623956494;3471;217;4336;4380;9.85;0.60;232.79;3.27;865;11;1464.00;44
3473;11;623956510;3473;218;4338;4380;9.91;0.61;232.80;3.28;865;11;1465.00;42
3478;11;623956523;3478;216;4340;4380;9.95;0.61;232.83;3.29;862;11;1466.00;40
3480;11;623956537;3480;220;4341;4381;9.97;0.61;232.92;3.29;861;11;1467.00;40
3484;11;623956549;3484;219;4341;4381;10.02;0.61;233.05;3.29;857;11;1468.00;40
3485;11;623956563;3485;217;4345;4387;10.05;0.61;233.06;3.30;860;11;1469.00;42
3490;11;623956578;3490;215;4346;4387;9.98;0.61;232.92;3.30;856;11;1470.00;41
3493;11;623956591;3493;211;4347;4388;9.93;0.60;232.89;3.31;854;11;1471.00;41
3500;11;623956604;3500;212;4347;4388;9.88;0.60;232.96;3.31;847;11;1472.00;41
3501;11;623956617;3501;210;4349;4388;9.84;0.60;233.02;3.32;848;11;1473.00;39
3505;11;623956630;3505;209;4349;4388;9.78;0.59;233.16;3.32;844;11;1474.00;39
3509;11;623956643;3509;205;4351;4388;9.74;0.59;233.28;3.33;842;11;1475.00;37
3509;12;623956655;3509;205;4360;4400;9.69;0.59;233.28;3.33;851;12;1476.00;40
3511;12;623956682;3511;209;4362;4400;9.66;0.59;233.24;3.34;851;12;1477.00;38
3512;12;623956694;3512;203;4363;4400;9.67;0.59;233.31;3.34;851;12;1478.00;37
3513;12;623956706;3513;213;4364;4400;9.68;0.59;233.35;3.35;851;12;1479.00;36
3517;12;623956717;3517;218;4367;4400;9.72;0.59;233.52;3.36;850;12;1480.00;33
3517;12;623956729;3517;222;4369;4400;9.69;0.59;233.52;3.37;852;12;1481.00;31
3519;12;623956740;3519;228;4373;4404;9.66;0.59;233.67;3.38;854;12;1482.00;31
3519;12;623956751;3519;231;4375;4404;9.60;0.59;233.67;3.39;856;12;1483.00;29
3520;12;623956762;3520;227;4379;4408;9.55;0.58;233.78;3.40;859;12;1484.00;29
3524;12;623956775;3524;234;4382;4410;9.42;0.57;233.88;3.40;858;12;1485.00;28
3525;12;623956788;3525;237;4384;4410;9.35;0.57;233.89;3.41;859;12;1486.00;26
3528;12;623956800;3528;243;4384;4410;9.32;0.57;234.01;3.41;856;12;1487.00;26
3533;12;623956812;3533;248;4394;4423;9.31;0.57;234.06;3.41;861;12;1488.00;29
3535;12;623956827;3535;251;4394;4423;9.28;0.57;234.13;3.41;859;12;1489.00;29
3537;12;623956839;3537;259;4398;4423;9.15;0.56;234.19;3.45;861;12;1490.00;25
3540;12;623956852;3540;267;4400;4424;9.12;0.56;234.22;3.46;860;12;1491.00;24
3543;12;623956865;3543;269;4401;4425;9.04;0.55;234.16;3.47;858;12;1492.00;24
3546;12;623956883;3546;274;4404;4425;8.95;0.55;234.22;3.50;858;12;1493.00;21
3548;12;623956896;3548;277;4407;4428;8.94;0.55;234.24;3.51;859;12;1494.00;21
3549;12;623956910;3549;283;4407;4428;8.96;0.55;234.24;3.51;858;12;1495.00;21
3552;12;623956922;3552;286;4410;4428;8.91;0.54;234.18;3.53;858;12;1496.00;18
3556;12;623956934;3556;288;4411;4428;8.87;0.54;234.28;3.53;855;12;1497.00;17
3559;12;623956951;3559;291;4419;4434;8.83;0.54;234.33;3.55;860;12;1498.00;15
3561;12;623956964;3561;294;4419;4434;8.76;0.53;234.39;3.55;858;12;1499.00;15
3562;12;623956982;3562;302;4426;4453;8.71;0.53;234.40;3.57;864;12;1500.00;27
3563;12;623957002;3563;295;4426;4453;8.66;0.53;234.39;3.57;863;12;1501.00;27
3566;12;623957015;3566;301;4431;4457;8.56;0.52;234.31;3.58;865;12;1502.00;26
3568;12;623957028;3568;305;4435;4458;8.52;0.52;234.33;3.58;867;12;1503.00;23
3570;12;623957040;3570;307;4435;4458;8.48;0.52;234.25;3.58;865;12;1504.00;23
3574;12;623957052;3574;312;4437;4459;8.42;0.51;234.32;3.58;863;12;1505.00;22
3576;12;623957064;3576;318;4440;4459;8.35;0.51;234.35;3.58;864;12;1506.00;19
3578;12;623957075;3578;318;4440;4459;8.31;0.51;234.43;3.58;862;12;1507.00;19
3581;12;623957087;3581;324;4441;4459;8.19;0.50;234.52;3.59;860;12;1508.00;18
3584;12;623957098;3584;319;4443;4459;8.08;0.49;234.56;3.59;859;12;1509.00;16
3587;12;623957109;3587;320;4444;4459;7.99;0.49;234.70;3.59;857;12;1510.00;15
3592;12;623957120;3592;318;4444;4459;7.91;0.48;234.85;3.59;852;12;1511.00;15
3593;12;623957131;3593;326;4483;4529;7.82;0.48;234.87;3.56;890;12;1512.00;46
3597;12;623957148;3597;316;4486;4530;7.72;0.47;235.13;3.56;889;12;1513.00;44
3601;12;623957160;3601;314;4494;4530;7.72;0.47;235.14;3.56;893;12;1514.00;36
3603;12;623957172;3603;316;4496;4530;7.79;0.48;235.15;3.56;893;12;1515.00;34
3605;12;623957183;3605;321;4499;4530;7.82;0.48;235.18;3.56;894;12;1516.00;31
3610;12;623957194;3610;316;4500;4530;7.90;0.48;235.17;3.56;890;12;1517.00;30
3612;12;623957206;3612;317;4503;4530;7.90;0.48;235.18;3.56;891;12;1518.00;27
3616;12;623957218;3616;320;4505;4530;7.94;0.48;235.24;3.56;889;12;1519.00;25
3620;12;623957230;3620;320;4507;4531;7.95;0.49;235.38;3.57;887;12;1520.00;24
3623;12;623957241;3623;317;4509;4532;7.94;0.48;235.43;3.57;886;12;1521.00;23
3625;12;623957254;3625;318;4512;4532;7.90;0.48;235.51;3.57;887;12;1522.00;20
3627;12;623957266;3627;318;4515;4536;7.89;0.48;235.56;3.57;888;12;1523.00;21
3632;12;623957278;3632;322;4516;4536;7.81;0.48;235.75;3.58;884;12;1524.00;20
3636;12;623957290;3636;318;4516;4536;7.70;0.47;235.87;3.58;880;12;1525.00;20
3642;12;623957301;3642;322;4516;4536;7.54;0.46;236.06;3.58;874;12;1526.00;20
3645;12;623957313;3645;324;4520;4542;7.46;0.46;236.11;3.58;875;12;1527.00;22
3649;12;623957324;3649;329;4521;4542;7.29;0.45;236.24;3.58;872;12;1528.00;21
3650;12;623957334;3650;323;4521;4542;7.20;0.44;236.28;3.58;871;12;1529.00;21
3656;12;623957347;3656;313;4525;4548;7.11;0.44;236.31;3.59;869;12;1530.00;23
3661;12;623957359;3661;313;4525;4548;6.97;0.43;236.62;3.59;864;12;1531.00;23
3665;12;623957370;3665;304;4527;4548;6.91;0.42;236.54;3.60;862;12;1532.00;21
3668;12;623957381;3668;299;4529;4549;6.84;0.42;236.64;3.60;861;12;1533.00;20
3673;12;623957392;3673;300;4530;4550;6.79;0.42;236.77;3.60;857;12;1534.00;20
3680;12;623957403;3680;300;4532;4550;6.75;0.41;237.00;3.61;852;12;1535.00;18
3682;12;623957414;3682;302;4542;4563;6.83;0.42;237.13;3.60;860;12;1536.00;21
3687;12;623957426;3687;305;4545;4563;6.93;0.42;237.16;3.61;858;12;1537.00;18
3692;12;623957437;3692;302;4546;4563;6.97;0.43;237.36;3.61;854;12;1538.00;17
3694;12;623957447;3694;297;4550;4564;6.98;0.43;237.37;3.63;856;12;1539.00;14
3700;12;623957458;3700;295;4552;4564;6.98;0.43;237.48;3.63;852;12;1540.00;12
3703;12;623957470;3703;296;4556;4568;7.03;0.43;237.57;3.63;853;12;1541.00;12
3705;12;623957481;3705;293;4557;4568;7.07;0.43;237.66;3.63;852;12;1542.00;11
3709;12;623957491;3709;291;4562;4572;7.10;0.43;237.61;3.63;853;12;1543.00;10
3714;12;623957503;3714;289;4563;4572;7.09;0.43;237.51;3.63;849;12;1544.00;9
3717;12;623957513;3717;291;4564;4572;7.13;0.44;237.67;3.63;847;12;1545.00;8
3720;12;623957524;3720;293;4564;4572;7.13;0.44;237.64;3.63;844;12;1546.00;8
3724;12;623957534;3724;297;4565;4572;7.14;0.44;237.63;3.63;841;12;1547.00;7
3728;12;623957544;3728;296;4574;4584;7.15;0.44;237.66;3.63;846;12;1548.00;10
3732;12;623957556;3732;296;4575;4584;7.13;0.44;237.96;3.63;843;12;1549.00;9
3735;12;623957567;3735;304;4577;4584;7.10;0.43;238.07;3.62;842;12;1550.00;7
3741;12;623957578;3741;301;4577;4584;7.09;0.43;238.16;3.62;836;12;1551.00;7
3743;12;623957589;3743;308;4577;4584;7.13;0.43;238.19;3.62;834;12;1552.00;7
3745;12;623957600;3745;311;4577;4584;7.10;0.43;238.23;3.62;832;12;1553.00;7
3748;12;623957610;3748;311;4578;4585;7.01;0.43;238.21;3.62;830;12;1554.00;7
3753;12;623957621;3753;315;4580;4587;6.86;0.42;238.11;3.62;827;12;1555.00;7
3756;12;623957633;3756;312;4585;4593;6.75;0.41;238.13;3.62;829;12;1556.00;8
3761;12;623957645;3761;310;4587;4594;6.70;0.41;238.17;3.62;826;12;1557.00;7
3766;12;623957656;3766;316;4587;4594;6.59;0.40;238.15;3.62;821;12;1558.00;7
3771;12;623957666;3771;322;4587;4594;6.54;0.40;238.14;3.62;816;12;1559.00;7
3775;12;623957678;3775;326;4592;4599;6.46;0.39;238.17;3.61;817;12;1560.00;7
3778;12;623957689;3778;329;4592;4599;6.44;0.39;238.09;3.61;814;12;1561.00;7
3780;12;623957699;3780;331;4592;4599;6.38;0.39;238.13;3.61;812;12;1562.00;7
3786;12;623957709;3786;339;4593;4600;6.32;0.38;238.15;3.61;807;12;1563.00;7
3791;12;623957719;3791;349;4597;4604;6.29;0.38;238.26;3.61;806;12;1564.00;7
3793;12;623957729;3793;358;4597;4604;6.23;0.38;238.28;3.61;804;12;1565.00;7
3797;12;623957739;3797;356;4599;4607;6.16;0.37;238.28;3.61;802;12;1566.00;8
3801;12;623957748;3801;357;4599;4607;6.09;0.37;238.24;3.61;798;12;1567.00;8
3804;12;623957757;3804;360;4600;4607;6.05;0.37;238.19;3.61;796;12;1568.00;7
3808;12;623957765;3808;365;4600;4607;5.94;0.36;238.14;3.61;792;12;1569.00;7
3811;12;623957774;3811;369;4604;4611;5.90;0.36;238.15;3.61;793;12;1570.00;7
3814;12;623957783;3814;373;4604;4611;5.89;0.36;238.18;3.61;790;12;1571.00;7
3819;12;623957791;3819;373;4604;4611;5.82;0.35;238.20;3.61;785;12;1572.00;7
3820;12;623957799;3820;372;4604;4611;5.74;0.35;238.20;3.61;784;12;1573.00;7
3824;12;623957808;3824;368;4605;4612;5.62;0.34;238.09;3.61;781;12;1574.00;7
3824;12;623957817;3824;369;4607;4614;5.67;0.34;238.09;3.61;783;12;1575.00;7
3824;12;623957825;3824;369;4607;4614;5.61;0.34;238.09;3.61;783;12;1576.00;7
3827;12;623957833;3827;360;4609;4615;5.55;0.34;238.03;3.63;782;12;1577.00;6
3829;12;623957842;3829;353;4609;4615;5.59;0.34;237.99;3.63;780;12;1578.00;6
3829;12;623957850;3829;349;4609;4615;5.62;0.34;237.99;3.63;780;12;1579.00;6
3829;12;623957859;3829;341;4609;4615;5.70;0.35;237.99;3.63;780;12;1580.00;6
3830;12;623957867;3830;345;4609;4615;5.77;0.35;237.98;3.63;779;12;1581.00;6
3831;12;623957875;3831;351;4609;4615;5.83;0.36;237.99;3.63;778;12;1582.00;6
3832;12;623957884;3832;353;4609;4615;5.88;0.36;237.98;3.63;777;12;1583.00;6
3833;12;623957893;3833;376;4682;4742;6.34;0.39;238.02;3.58;849;12;1584.00;60
3833;12;623957912;3833;373;4685;4743;6.44;0.40;238.02;3.58;852;12;1585.00;58
3835;12;623957927;3835;347;4694;4743;6.57;0.41;237.94;3.57;859;12;1586.00;49
3835;12;623957936;3835;320;4696;4743;6.67;0.41;237.94;3.57;861;12;1587.00;47
3836;12;623957946;3836;301;4703;4743;6.80;0.42;238.06;3.57;867;12;1588.00;40
3836;12;623957962;3836;286;4705;4743;6.89;0.43;238.06;3.57;869;12;1589.00;38
3837;12;623957980;3837;275;4708;4743;7.01;0.43;238.09;3.58;871;12;1590.00;35
3838;12;623958001;3838;273;4710;4743;7.13;0.44;238.14;3.58;872;12;1591.00;33
3838;12;623958021;3838;276;4713;4744;7.26;0.45;238.14;3.58;875;12;1592.00;31
3839;12;623958038;3839;277;4717;4745;7.32;0.45;238.19;3.62;878;12;1593.00;28
3841;12;623958068;3841;269;4720;4745;7.39;0.45;238.23;3.62;879;12;1594.00;25
3843;12;623958085;3843;268;4724;4746;7.50;0.46;238.27;3.63;881;12;1595.00;22
3845;12;623958098;3845;270;4726;4746;7.61;0.47;238.28;3.63;881;12;1596.00;20
3845;12;623958110;3845;265;4727;4746;7.73;0.47;238.28;3.63;882;12;1597.00;19
3845;12;623958135;3845;261;4729;4746;7.86;0.48;238.28;3.63;884;12;1598.00;17
3846;12;623958148;3846;257;4732;4750;8.01;0.49;238.25;3.63;886;12;1599.00;18
3847;12;623958162;3847;248;4734;4750;8.16;0.50;238.25;3.63;887;12;1600.00;16
3849;12;623958181;3849;245;4734;4750;8.23;0.51;238.24;3.63;885;12;1601.00;16
3850;12;623958200;3850;241;4738;4753;8.39;0.51;238.20;3.67;888;12;1602.00;15
3851;12;623958220;3851;239;4738;4753;8.52;0.52;238.23;3.67;887;12;1603.00;15
3854;12;623958231;3854;231;4739;4753;8.67;0.53;238.23;3.67;885;12;1604.00;14
3860;12;623958243;3860;234;4743;4757;8.80;0.54;238.07;3.68;883;12;1605.00;14
3862;12;623958256;3862;228;4745;4758;8.97;0.55;238.03;3.68;883;12;1606.00;13
3865;12;623958277;3865;227;4746;4758;9.04;0.55;238.11;3.68;881;12;1607.00;12
3869;12;623958289;3869;227;4749;4762;9.14;0.56;238.13;3.68;880;12;1608.00;13
3870;12;623958301;3870;229;4750;4762;9.26;0.56;238.18;3.68;880;12;1609.00;12
3873;12;623958313;3873;221;4751;4762;9.36;0.57;238.29;3.69;878;12;1610.00;11
3874;12;623958324;3874;215;4752;4763;9.43;0.57;238.27;3.69;878;12;1611.00;11
3877;12;623958343;3877;213;4753;4763;9.50;0.58;238.34;3.69;876;12;1612.00;10
3877;12;623958355;3877;214;4757;4769;9.54;0.58;238.34;3.69;880;12;1613.00;12
3881;12;623958367;3881;214;4758;4769;9.56;0.58;238.34;3.69;877;12;1614.00;11
3881;12;623958380;3881;213;4758;4770;9.62;0.58;238.34;3.69;877;12;1615.00;12
3885;12;623958392;3885;211;4758;4770;9.58;0.58;238.33;3.69;873;12;1616.00;12
3887;12;623958404;3887;210;4758;4770;9.56;0.58;238.32;3.69;871;12;1617.00;12
3887;12;623958415;3887;208;4758;4770;9.59;0.58;238.32;3.69;871;12;1618.00;12
3889;12;623958426;3889;201;4758;4770;9.66;0.59;238.30;3.69;869;12;1619.00;12
3893;12;623958440;3893;202;4784;4806;9.65;0.59;238.34;3.67;891;12;1620.00;22
3894;12;623958454;3894;196;4785;4806;9.73;0.59;238.33;3.66;891;12;1621.00;21
3897;12;623958466;3897;204;4787;4806;9.80;0.60;238.32;3.66;890;12;1622.00;19
3897;12;623958478;3897;200;4787;4806;9.90;0.60;238.32;3.66;890;12;1623.00;19
3903;12;623958489;3903;200;4788;4806;9.91;0.60;238.42;3.66;885;12;1624.00;18
3905;12;623958501;3905;201;4789;4806;9.98;0.61;238.41;3.66;884;12;1625.00;17
3908;12;623958514;3908;203;4793;4810;9.93;0.61;238.38;3.70;885;12;1626.00;17
3910;12;623958527;3910;203;4793;4810;9.90;0.60;238.38;3.70;883;12;1627.00;17
3913;12;623958545;3913;208;4797;4814;9.89;0.60;238.49;3.70;884;12;1628.00;17
3915;12;623958557;3915;202;4798;4815;9.94;0.61;238.46;3.70;883;12;1629.00;17
3916;12;623958568;3916;200;4798;4815;9.93;0.61;238.46;3.70;882;12;1630.00;17
3919;12;623958579;3919;203;4798;4815;9.96;0.61;238.50;3.70;879;12;1631.00;17
3923;12;623958591;3923;197;4809;4828;9.88;0.60;238.49;3.69;886;12;1632.00;19
3926;12;623958604;3926;194;4809;4828;9.85;0.60;238.46;3.69;883;12;1633.00;19
3929;12;623958622;3929;191;4809;4828;9.88;0.60;238.56;3.69;880;12;1634.00;19
3931;12;623958633;3931;194;4811;4829;9.91;0.60;238.51;3.70;880;12;1635.00;18
3934;12;623958648;3934;191;4811;4830;9.91;0.60;238.59;3.70;877;12;1636.00;19
3939;12;623958661;3939;194;4811;4830;9.97;0.61;238.57;3.70;872;12;1637.00;19
3944;12;623958672;3944;190;4813;4833;10.04;0.61;238.64;3.70;869;12;1638.00;20
3948;12;623958684;3948;188;4814;4833;10.10;0.62;238.66;3.70;866;12;1639.00;19
3949;12;623958695;3949;187;4814;4833;10.17;0.62;238.69;3.70;865;12;1640.00;19
3952;12;623958707;3952;184;4814;4833;10.16;0.62;238.79;3.70;862;12;1641.00;19
3954;12;623958718;3954;179;4820;4839;10.22;0.62;238.75;3.73;866;12;1642.00;19
3960;12;623958730;3960;180;4820;4839;10.22;0.62;238.88;3.73;860;12;1643.00;19
3964;12;623958742;3964;181;4820;4839;10.21;0.62;238.91;3.73;856;12;1644.00;19
3965;12;623958753;3965;189;4820;4839;10.15;0.62;238.88;3.73;855;12;1645.00;19
3970;12;623958764;3970;189;4823;4843;10.03;0.61;239.04;3.73;853;12;1646.00;20
3974;12;623958776;3974;194;4825;4844;9.97;0.61;239.04;3.74;851;12;1647.00;19
3975;12;623958787;3975;193;4825;4844;9.94;0.61;239.06;3.74;850;12;1648.00;19
3978;12;623958806;3978;192;4826;4845;9.93;0.61;239.03;3.74;848;12;1649.00;19
3982;12;623958820;3982;191;4826;4845;9.88;0.60;239.07;3.74;844;12;1650.00;19
3983;12;623958832;3983;191;4826;4845;9.88;0.60;239.10;3.74;843;12;1651.00;19
3986;12;623958843;3986;198;4826;4845;9.87;0.60;239.23;3.74;840;12;1652.00;19
3988;12;623958854;3988;203;4826;4845;9.86;0.60;239.32;3.74;838;12;1653.00;19
3991;12;623958864;3991;203;4826;4845;9.90;0.60;239.41;3.74;835;12;1654.00;19
3994;12;623958875;3994;208;4827;4845;9.91;0.60;239.46;3.74;833;12;1655.00;18
3997;12;623958886;3997;213;4864;4915;9.95;0.61;239.56;3.72;867;12;1656.00;51
3999;12;623958902;3999;214;4866;4916;9.97;0.61;239.60;3.72;867;12;1657.00;50
4004;12;623958914;4004;218;4874;4916;10.01;0.61;239.67;3.71;870;12;1658.00;42
4007;12;623958928;4007;220;4875;4916;10.04;0.61;239.77;3.72;868;12;1659.00;41
4009;12;623958940;4009;225;4879;4916;10.02;0.61;239.73;3.73;870;12;1660.00;37
4014;12;623958952;4014;224;4881;4916;9.96;0.61;239.93;3.74;867;12;1661.00;35
4016;12;623958966;4016;225;4883;4916;9.93;0.61;240.00;3.74;867;12;1662.00;33
4021;12;623958979;4021;229;4887;4916;9.85;0.60;239.99;3.75;866;12;1663.00;29
4025;12;623958993;4025;226;4889;4917;9.79;0.60;240.00;3.75;864;12;1664.00;28
4027;12;623959006;4027;226;4893;4919;9.76;0.59;240.10;3.76;866;12;1665.00;26
4030;12;623959019;4030;239;4894;4919;9.68;0.59;240.23;3.77;864;12;1666.00;25
4034;12;623959032;4034;233;4899;4923;9.57;0.58;240.25;3.78;865;12;1667.00;24
4037;12;623959044;4037;237;4901;4923;9.53;0.58;240.22;3.78;864;12;1668.00;22
4041;12;623959054;4041;240;4903;4923;9.46;0.58;240.19;3.79;862;12;1669.00;20
4042;12;623959065;4042;238;4907;4923;9.42;0.57;240.28;3.81;865;12;1670.00;16
4043;12;623959075;4043;250;4913;4929;9.39;0.57;240.24;3.81;870;12;1671.00;16
4045;12;623959086;4045;256;4914;4929;9.35;0.57;240.28;3.82;869;12;1672.00;15
4047;12;623959097;4047;266;4914;4929;9.28;0.56;240.26;3.82;867;12;1673.00;15
4050;12;623959107;4050;268;4917;4932;9.19;0.56;240.23;3.82;867;12;1674.00;15
4052;12;623959117;4052;265;4919;4932;9.12;0.56;240.33;3.83;867;12;1675.00;13
4053;12;623959127;4053;273;4922;4932;8.99;0.55;240.38;3.83;869;12;1676.00;10
4056;12;623959136;4056;274;4922;4933;8.85;0.54;240.41;3.83;866;12;1677.00;11
4057;12;623959147;4057;277;4924;4934;8.68;0.53;240.41;3.83;867;12;1678.00;10
4058;12;623959157;4058;271;4924;4934;8.54;0.52;240.38;3.83;866;12;1679.00;10
4063;12;623959168;4063;280;4942;4960;8.39;0.51;240.42;3.82;879;12;1680.00;18
4065;12;623959180;4065;276;4944;4960;8.31;0.51;240.41;3.81;879;12;1681.00;16
4069;12;623959190;4069;282;4946;4960;8.23;0.50;240.47;3.81;877;12;1682.00;14
4070;12;623959199;4070;275;4947;4961;8.16;0.50;240.45;3.81;877;12;1683.00;14
4072;12;623959208;4072;281;4948;4961;8.04;0.49;240.50;3.82;876;12;1684.00;13
4076;12;623959220;4076;285;4952;4965;7.92;0.48;240.63;3.82;876;12;1685.00;13
4077;12;623959230;4077;292;4952;4965;7.88;0.48;240.59;3.82;875;12;1686.00;13
4081;12;623959239;4081;297;4956;4969;7.69;0.47;240.70;3.82;875;12;1687.00;13
4086;12;623959251;4086;300;4956;4969;7.55;0.46;240.81;3.82;870;12;1688.00;13
4088;12;623959262;4088;297;4958;4969;7.48;0.46;240.85;3.82;870;12;1689.00;11
4093;12;623959272;4093;306;4958;4969;7.36;0.45;240.89;3.82;865;12;1690.00;11
4099;12;623959282;4099;312;4958;4969;7.20;0.44;240.90;3.82;859;12;1691.00;11
4101;12;623959292;4101;312;4970;4981;7.15;0.44;240.97;3.82;869;12;1692.00;11
4104;12;623959303;4104;317;4970;4981;7.04;0.43;241.10;3.82;866;12;1693.00;11
4108;12;623959312;4108;321;4972;4981;6.98;0.43;241.13;3.82;864;12;1694.00;9
4111;12;623959322;4111;326;4972;4981;6.89;0.42;241.35;3.82;861;12;1695.00;9
4117;12;623959332;4117;325;4972;4981;6.72;0.41;241.48;3.82;855;12;1696.00;9
4122;12;623959341;4122;322;4972;4981;6.58;0.40;241.42;3.82;850;12;1697.00;9
4127;12;623959350;4127;327;4973;4982;6.46;0.40;241.61;3.82;846;12;1698.00;9
4130;12;623959360;4130;328;4973;4982;6.36;0.39;241.62;3.82;843;12;1699.00;9
4136;12;623959369;4136;322;4979;4988;6.29;0.39;241.89;3.81;843;12;1700.00;9
4138;12;623959383;4138;328;4980;4989;6.25;0.38;241.96;3.81;842;12;1701.00;9
4140;12;623959392;4140;323;4980;4989;6.18;0.38;242.07;3.81;840;12;1702.00;9
4143;12;623959400;4143;318;4980;4989;6.10;0.38;242.22;3.81;837;12;1703.00;9
4146;12;623959409;4146;314;4984;4993;6.21;0.38;242.16;3.81;838;12;1704.00;9
4148;12;623959418;4148;316;4984;4993;6.21;0.38;242.22;3.81;836;12;1705.00;9
4150;12;623959426;4150;318;4984;4993;6.26;0.39;242.16;3.81;834;12;1706.00;9
4153;12;623959434;4153;311;4985;4994;6.34;0.39;242.22;3.81;832;12;1707.00;9
4155;12;623959444;4155;306;4989;4998;6.38;0.39;242.20;3.81;834;12;1708.00;9
4161;12;623959456;4161;306;4989;4998;6.38;0.39;242.16;3.81;828;12;1709.00;9
4165;12;623959468;4165;300;4993;5004;6.47;0.39;242.08;3.80;828;12;1710.00;11
4170;12;623959479;4170;300;4994;5004;6.43;0.39;242.00;3.80;824;12;1711.00;10
4174;12;623959489;4174;296;4995;5004;6.45;0.39;242.00;3.80;821;12;1712.00;9
4179;12;623959500;4179;293;4995;5004;6.47;0.39;241.99;3.80;816;12;1713.00;9
4180;12;623959510;4180;298;4999;5008;6.59;0.40;241.97;3.80;819;12;1714.00;9
4184;12;623959520;4184;300;4999;5008;6.62;0.40;241.86;3.80;815;12;1715.00;9
4188;12;623959530;4188;301;4999;5008;6.62;0.41;241.86;3.80;811;12;1716.00;9
4189;12;623959540;4189;303;4999;5008;6.66;0.41;241.85;3.80;810;12;1717.00;9
4195;12;623959549;4195;308;5000;5009;6.64;0.41;241.77;3.80;805;12;1718.00;9
4197;12;623959559;4197;308;5001;5010;6.66;0.41;241.80;3.80;804;12;1719.00;9
4201;12;623959568;4201;310;5001;5010;6.59;0.40;241.77;3.80;800;12;1720.00;9
4203;12;623959578;4203;317;5002;5011;6.58;0.40;241.71;3.80;799;12;1721.00;9
4206;12;623959588;4206;319;5002;5011;6.51;0.40;241.76;3.80;796;12;1722.00;9
4209;12;623959598;4209;319;5002;5011;6.46;0.40;241.70;3.80;793;12;1723.00;9
4214;12;623959608;4214;323;5002;5011;6.28;0.38;241.57;3.80;788;12;1724.00;9
4217;12;623959618;4217;324;5002;5011;6.17;0.38;241.54;3.80;785;12;1725.00;9
4220;12;623959627;4220;328;5002;5011;6.12;0.38;241.59;3.80;782;12;1726.00;9
4225;12;623959637;4225;334;5002;5011;6.10;0.37;241.44;3.80;777;12;1727.00;9
4228;12;623959646;4228;348;5079;5138;6.48;0.40;241.55;3.74;851;12;1728.00;59
4231;12;623959668;4231;339;5082;5139;6.44;0.40;241.62;3.74;851;12;1729.00;57
4232;12;623959679;4232;335;5089;5139;6.53;0.40;241.63;3.74;857;12;1730.00;50
4236;12;623959690;4236;342;5089;5139;6.46;0.40;241.73;3.74;853;12;1731.00;50
4238;12;623959701;4238;344;5096;5139;6.54;0.40;241.69;3.74;858;12;1732.00;43
4239;12;623959712;4239;344;5097;5139;6.56;0.41;241.71;3.74;858;12;1733.00;42
4243;12;623959723;4243;342;5101;5139;6.50;0.40;241.68;3.74;858;12;1734.00;38
4246;12;623959737;4246;340;5104;5139;6.48;0.40;241.66;3.74;858;12;1735.00;35
4248;12;623959746;4248;346;5107;5140;6.38;0.39;241.72;3.74;859;12;1736.00;33
4251;12;623959760;4251;348;5112;5141;6.26;0.39;241.76;3.75;861;12;1737.00;29
4253;12;623959770;4253;356;5115;5141;6.21;0.38;241.77;3.75;862;12;1738.00;26
4254;12;623959779;4254;350;5118;5142;6.16;0.38;241.78;3.76;864;12;1739.00;24
4257;12;623959791;4257;349;5120;5142;6.10;0.38;241.80;3.76;863;12;1740.00;22
4258;12;623959801;4258;354;5123;5142;6.06;0.37;241.83;3.76;865;12;1741.00;19
4262;12;623959812;4262;354;5125;5142;6.02;0.37;242.03;3.77;863;12;1742.00;17
4263;12;623959822;4263;360;5129;5146;6.04;0.37;242.06;3.77;866;12;1743.00;17
4265;12;623959832;4265;356;5131;5146;6.06;0.37;242.06;3.77;866;12;1744.00;15
4270;12;623959841;4270;357;5132;5146;6.03;0.37;242.14;3.77;862;12;1745.00;14
4272;12;623959852;4272;359;5134;5149;6.10;0.37;242.06;3.77;862;12;1746.00;15
4275;12;623959862;4275;347;5135;5149;6.08;0.37;242.08;3.77;860;12;1747.00;14
4278;12;623959878;4278;339;5135;5149;6.15;0.38;242.17;3.77;857;12;1748.00;14
4279;12;623959888;4279;332;5141;5153;6.26;0.38;242.22;3.78;862;12;1749.00;12
4281;12;623959899;4281;330;5142;5154;6.44;0.39;242.23;3.78;861;12;1750.00;12
4283;12;623959909;4283;323;5143;5154;6.56;0.40;242.13;3.78;860;12;1751.00;11
4285;12;623959919;4285;317;5147;5158;6.67;0.41;242.08;3.77;862;12;1752.00;11
4287;12;623959930;4287;312;5147;5158;6.76;0.41;242.05;3.77;860;12;1753.00;11
4288;12;623959940;4288;311;5147;5158;6.83;0.42;241.99;3.77;859;12;1754.00;11
4289;12;623959950;4289;308;5149;5160;6.94;0.42;242.02;3.77;860;12;1755.00;11
4289;12;623959961;4289;291;5149;5160;7.06;0.43;242.02;3.77;860;12;1756.00;11
4290;12;623959975;4290;268;5155;5166;7.20;0.44;241.97;3.77;865;12;1757.00;11
4291;12;623959993;4291;255;5155;5166;7.39;0.45;241.99;3.77;864;12;1758.00;11
4294;12;623960010;4294;239;5156;5167;7.50;0.46;242.07;3.77;862;12;1759.00;11
4299;12;623960027;4299;229;5156;5167;7.63;0.46;242.19;3.77;857;12;1760.00;11
4302;12;623960044;4302;221;5156;5167;7.76;0.47;242.18;3.77;854;12;1761.00;11
4304;12;623960074;4304;217;5156;5167;7.94;0.48;242.24;3.77;852;12;1762.00;11
4305;12;623960101;4305;211;5156;5167;8.13;0.49;242.25;3.77;851;12;1763.00;11
4307;12;623960113;4307;215;5167;5179;8.40;0.51;242.29;3.76;860;12;1764.00;12
4308;12;623960126;4308;206;5167;5179;8.51;0.52;242.31;3.76;859;12;1765.00;12
4308;12;623960139;4308;207;5169;5179;8.66;0.53;242.31;3.82;861;12;1766.00;10
4308;12;623960151;4308;203;5169;5179;8.81;0.54;242.31;3.82;861;12;1767.00;10
4310;12;623960172;4310;205;5169;5179;8.90;0.54;242.26;3.82;859;12;1768.00;10
4315;12;623960184;4315;199;5169;5179;8.92;0.54;242.35;3.82;854;12;1769.00;10
4317;12;623960198;4317;202;5173;5183;8.88;0.54;242.57;3.87;856;12;1770.00;10
4318;12;623960211;4318;197;5173;5183;8.98;0.54;242.58;3.87;855;12;1771.00;10
4322;12;623960223;4322;200;5177;5187;9.00;0.54;242.64;3.87;855;12;1772.00;10
4324;12;623960244;4324;197;5178;5188;9.01;0.55;242.71;3.87;854;12;1773.00;10
4325;12;623960257;4325;195;5179;5188;9.09;0.55;242.71;3.90;854;12;1774.00;9
4327;12;623960269;4327;196;5179;5188;9.18;0.56;242.80;3.90;852;12;1775.00;9
4333;12;623960282;4333;193;5191;5201;9.32;0.56;242.87;3.93;858;12;1776.00;10
4333;12;623960297;4333;192;5191;5201;9.48;0.57;242.87;3.93;858;12;1777.00;10
4334;12;623960310;4334;193;5191;5201;9.56;0.58;242.98;3.93;857;12;1778.00;10
4335;12;623960323;4335;194;5192;5202;9.59;0.58;242.95;3.93;857;12;1779.00;10
4335;13;623960334;4335;189;5193;5203;9.60;0.58;242.95;3.96;858;13;1780.00;10
4338;13;623960368;4338;191;5193;5203;9.61;0.58;243.03;3.96;855;13;1781.00;10
4342;13;623960380;4342;193;5196;5206;9.60;0.58;243.12;3.99;854;13;1782.00;10
4344;13;623960393;4344;197;5196;5206;9.63;0.58;243.09;3.99;852;13;1783.00;10
4345;13;623960405;4345;195;5197;5206;9.63;0.58;243.19;3.99;852;13;1784.00;9
4348;13;623960421;4348;198;5198;5206;9.68;0.59;243.19;4.01;850;13;1785.00;8
4352;13;623960433;4352;205;5203;5212;9.66;0.58;243.26;4.01;851;13;1786.00;9
4353;13;623960447;4353;201;5203;5212;9.68;0.59;243.26;4.01;850;13;1787.00;9
4355;13;623960459;4355;207;5203;5212;9.75;0.59;243.30;4.01;848;13;1788.00;9
4357;13;623960472;4357;207;5203;5212;9.77;0.59;243.29;4.01;846;13;1789.00;9
4359;13;623960483;4359;208;5207;5216;9.76;0.59;243.34;4.03;848;13;1790.00;9
4360;13;623960495;4360;208;5208;5217;9.85;0.60;243.34;4.03;848;13;1791.00;9
4361;13;623960509;4361;211;5208;5217;9.92;0.60;243.35;4.03;847;13;1792.00;9
4365;13;623960521;4365;213;5209;5218;9.94;0.61;243.50;4.03;844;13;1793.00;9
4369;13;623960534;4369;210;5209;5218;10.02;0.61;243.50;4.03;840;13;1794.00;9
4371;13;623960546;4371;208;5209;5218;10.08;0.61;243.50;4.03;838;13;1795.00;9
4376;13;623960556;4376;203;5209;5218;10.09;0.61;243.61;4.03;833;13;1796.00;9
4381;13;623960568;4381;204;5209;5218;10.10;0.61;243.64;4.03;828;13;1797.00;9
4383;13;623960580;4383;202;5209;5218;10.15;0.62;243.66;4.03;826;13;1798.00;9
4385;13;623960592;4385;193;5209;5218;10.16;0.62;243.69;4.03;824;13;1799.00;9
4387;13;623960605;4387;207;5273;5356;9.94;0.61;243.72;3.98;886;13;1800.00;83
4389;13;623960634;4389;193;5273;5357;9.92;0.61;243.73;3.98;884;13;1801.00;84
4393;13;623960647;4393;178;5282;5357;9.91;0.61;243.73;3.97;889;13;1802.00;75
4399;13;623960661;4399;172;5285;5357;9.95;0.61;243.80;3.97;886;13;1803.00;72
4402;13;623960673;4402;172;5291;5357;10.04;0.62;243.89;3.97;889;13;1804.00;66
4405;13;623960685;4405;164;5297;5357;10.03;0.61;243.81;4.01;892;13;1805.00;60
4409;13;623960697;4409;165;5302;5357;10.05;0.62;243.87;4.01;893;13;1806.00;55
4412;13;623960709;4412;171;5307;5357;10.02;0.61;244.04;4.01;895;13;1807.00;50
4417;13;623960721;4417;182;5313;5358;9.91;0.61;244.00;4.03;896;13;1808.00;45
4421;13;623960733;4421;178;5317;5359;9.93;0.61;244.00;4.03;896;13;1809.00;42
4427;13;623960744;4427;181;5319;5359;9.94;0.61;244.10;4.04;892;13;1810.00;40
4429;13;623960755;4429;188;5324;5363;9.95;0.61;244.13;4.05;895;13;1811.00;39
4432;13;623960767;4432;184;5326;5363;9.91;0.61;244.31;4.05;894;13;1812.00;37
4435;13;623960779;4435;178;5327;5363;9.90;0.61;244.33;4.05;892;13;1813.00;36
4438;13;623960792;4438;178;5328;5363;9.83;0.61;244.44;4.06;890;13;1814.00;35
4443;13;623960803;4443;180;5332;5369;9.74;0.60;244.46;4.06;889;13;1815.00;37
4446;13;623960822;4446;182;5332;5369;9.70;0.60;244.54;4.06;886;13;1816.00;37
4453;13;623960833;4453;191;5332;5369;9.68;0.59;244.53;4.06;879;13;1817.00;37
4457;13;623960845;4457;190;5335;5372;9.63;0.59;244.46;4.05;878;13;1818.00;37
4464;13;623960857;4464;194;5335;5372;9.59;0.59;244.47;4.05;871;13;1819.00;37
4465;13;623960869;4465;196;5337;5372;9.56;0.58;244.48;4.06;872;13;1820.00;35
4470;13;623960881;4470;202;5339;5373;9.47;0.58;244.58;4.07;869;13;1821.00;34
4474;13;623960892;4474;202;5340;5374;9.40;0.57;244.69;4.06;866;13;1822.00;34
4474;13;623960904;4474;205;5340;5374;9.36;0.57;244.69;4.06;866;13;1823.00;34
4477;13;623960915;4477;212;5350;5387;9.23;0.56;244.70;4.07;873;13;1824.00;37
4479;13;623960926;4479;211;5351;5387;9.22;0.56;244.82;4.07;872;13;1825.00;36
4480;13;623960938;4480;212;5354;5387;9.15;0.56;244.82;4.07;874;13;1826.00;33
4482;13;623960956;4482;219;5356;5388;9.13;0.56;244.94;4.07;874;13;1827.00;32
4487;13;623960968;4487;218;5358;5388;9.04;0.55;245.01;4.08;871;13;1828.00;30
4492;13;623960979;4492;218;5363;5392;9.01;0.55;245.00;4.08;871;13;1829.00;29
4494;13;623960992;4494;223;5364;5392;8.92;0.54;245.06;4.09;870;13;1830.00;28
4496;13;623961002;4496;236;5367;5396;8.86;0.54;245.07;4.09;871;13;1831.00;29
4498;13;623961014;4498;235;5369;5396;8.74;0.53;245.16;4.10;871;13;1832.00;27
4504;13;623961025;4504;242;5369;5396;8.69;0.53;245.29;4.10;865;13;1833.00;27
4504;13;623961035;4504;248;5370;5396;8.61;0.53;245.29;4.11;866;13;1834.00;26
4507;13;623961046;4507;252;5371;5396;8.53;0.52;245.51;4.12;864;13;1835.00;25
4510;13;623961055;4510;260;5380;5408;8.53;0.52;245.50;4.11;870;13;1836.00;28
4514;13;623961066;4514;264;5382;5408;8.46;0.52;245.55;4.12;868;13;1837.00;26
4514;13;623961076;4514;269;5385;5408;8.42;0.52;245.55;4.13;871;13;1838.00;23
4515;13;623961086;4515;280;5386;5408;8.35;0.51;245.60;4.13;871;13;1839.00;22
4519;13;623961096;4519;288;5387;5408;8.28;0.51;245.82;4.14;868;13;1840.00;21
4525;13;623961105;4525;292;5387;5408;8.20;0.50;245.97;4.14;862;13;1841.00;21
4528;13;623961116;4528;292;5389;5409;8.16;0.50;246.02;4.15;861;13;1842.00;20
4531;13;623961127;4531;293;5390;5409;8.14;0.50;246.08;4.16;859;13;1843.00;19
4533;13;623961138;4533;297;5396;5415;8.17;0.50;246.09;4.16;863;13;1844.00;19
4536;13;623961149;4536;300;5397;5417;8.07;0.50;246.12;4.16;861;13;1845.00;20
4540;13;623961160;4540;307;5398;5417;7.98;0.49;246.17;4.16;858;13;1846.00;19
4544;13;623961171;4544;308;5400;5417;7.90;0.48;246.18;4.17;856;13;1847.00;17
4548;13;623961182;4548;313;5404;5421;7.86;0.48;246.26;4.17;856;13;1848.00;17
4551;13;623961192;4551;307;5407;5421;7.75;0.48;246.30;4.18;856;13;1849.00;14
4552;13;623961203;4552;305;5407;5421;7.64;0.47;246.28;4.18;855;13;1850.00;14
4554;13;623961212;4554;300;5409;5422;7.56;0.46;246.29;4.18;855;13;1851.00;13
4558;13;623961227;4558;306;5413;5426;7.41;0.46;246.38;4.18;855;13;1852.00;13
4560;13;623961237;4560;302;5413;5426;7.35;0.45;246.38;4.18;853;13;1853.00;13
4563;13;623961246;4563;306;5415;5429;7.31;0.45;246.37;4.18;852;13;1854.00;14
4564;13;623961256;4564;308;5417;5429;7.30;0.45;246.35;4.18;853;13;1855.00;12
4564;13;623961265;4564;315;5418;5429;7.28;0.45;246.35;4.18;854;13;1856.00;11
4567;13;623961279;4567;313;5418;5429;7.22;0.45;246.35;4.18;851;13;1857.00;11
4567;13;623961295;4567;316;5422;5433;7.24;0.45;246.35;4.18;855;13;1858.00;11
4569;13;623961307;4569;316;5422;5433;7.15;0.44;246.33;4.18;853;13;1859.00;11
4573;13;623961320;4573;317;5422;5433;7.04;0.44;246.28;4.18;849;13;1860.00;11
4576;13;623961332;4576;325;5422;5433;6.84;0.42;246.31;4.18;846;13;1861.00;11
4578;13;623961346;4578;331;5423;5434;6.65;0.41;246.25;4.18;845;13;1862.00;11
4580;13;623961358;4580;337;5424;5435;6.48;0.40;246.26;4.18;844;13;1863.00;11
4584;13;623961369;4584;341;5424;5435;6.36;0.39;246.17;4.18;840;13;1864.00;11
4587;13;623961380;4587;345;5425;5436;6.29;0.39;246.14;4.18;838;13;1865.00;11
4590;13;623961393;4590;358;5425;5436;6.17;0.38;246.17;4.18;835;13;1866.00;11
4595;13;623961405;4595;365;5425;5436;6.04;0.37;246.10;4.18;830;13;1867.00;11
4601;13;623961415;4601;366;5425;5436;5.93;0.37;246.04;4.18;824;13;1868.00;11
4605;13;623961426;4605;366;5425;5436;5.79;0.36;246.11;4.18;820;13;1869.00;11
4605;13;623961435;4605;364;5425;5436;5.70;0.35;246.11;4.18;820;13;1870.00;11
4609;13;623961443;4609;369;5425;5436;5.52;0.34;246.08;4.18;816;13;1871.00;11
4614;13;623961451;4614;380;5497;5563;5.73;0.36;246.08;4.12;883;13;1872.00;66
4618;13;623961473;4618;374;5502;5564;5.61;0.35;246.01;4.12;884;13;1873.00;62
4621;13;623961482;4621;368;5511;5564;5.64;0.35;246.05;4.12;890;13;1874.00;53
4622;13;623961490;4622;364;5515;5564;5.64;0.35;246.00;4.11;893;13;1875.00;49
4626;13;623961499;4626;362;5520;5564;5.65;0.35;246.06;4.11;894;13;1876.00;44
4630;13;623961508;4630;361;5522;5564;5.73;0.36;246.16;4.12;892;13;1877.00;42
4632;13;623961517;4632;363;5523;5564;5.75;0.36;246.15;4.12;891;13;1878.00;41
4634;13;623961527;4634;360;5526;5564;5.83;0.36;246.12;4.12;892;13;1879.00;38
4635;13;623961536;4635;365;5529;5565;5.91;0.37;246.13;4.12;894;13;1880.00;36
4637;13;623961546;4637;366;5534;5566;5.92;0.37;246.10;4.12;897;13;1881.00;32
4638;13;623961556;4638;361;5539;5568;5.95;0.37;246.11;4.13;901;13;1882.00;29
4643;13;623961565;4643;357;5542;5569;5.89;0.37;246.12;4.13;899;13;1883.00;27
4647;13;623961576;4647;361;5544;5569;5.83;0.36;246.08;4.13;897;13;1884.00;25
4649;13;623961585;4649;361;5546;5569;5.82;0.36;246.09;4.13;897;13;1885.00;23
4651;13;623961595;4651;362;5548;5569;5.82;0.36;246.09;4.14;897;13;1886.00;21
4655;13;623961604;4655;364;5553;5573;5.77;0.36;246.13;4.14;898;13;1887.00;20
4658;13;623961616;4658;378;5553;5573;5.75;0.36;246.16;4.14;895;13;1888.00;20
4659;13;623961625;4659;378;5554;5573;5.71;0.36;246.18;4.14;895;13;1889.00;19
4664;13;623961637;4664;379;5557;5579;5.67;0.35;246.16;4.14;893;13;1890.00;22
4666;13;623961648;4666;366;5560;5579;5.73;0.36;246.14;4.14;894;13;1891.00;19
4669;13;623961660;4669;358;5560;5579;5.73;0.35;246.13;4.14;891;13;1892.00;19
4672;13;623961670;4672;352;5565;5583;5.79;0.36;246.09;4.14;893;13;1893.00;18
4675;13;623961681;4675;352;5567;5584;5.82;0.36;246.05;4.14;892;13;1894.00;17
4679;13;623961693;4679;348;5568;5584;5.88;0.36;246.13;4.14;889;13;1895.00;16
4680;13;623961704;4680;347;5573;5588;6.00;0.37;246.16;4.14;893;13;1896.00;15
4685;13;623961716;4685;342;5574;5588;6.04;0.37;246.23;4.15;889;13;1897.00;14
4688;13;623961733;4688;341;5574;5588;6.07;0.37;246.26;4.15;886;13;1898.00;14
4692;13;623961745;4692;339;5576;5589;6.13;0.38;246.25;4.15;884;13;1899.00;13
4699;13;623961757;4699;340;5576;5589;6.15;0.38;246.22;4.15;877;13;1900.00;13
4702;13;623961771;4702;337;5582;5595;6.23;0.38;246.21;4.14;880;13;1901.00;13
4705;13;623961783;4705;337;5582;5595;6.29;0.38;246.21;4.14;877;13;1902.00;13
4711;13;623961793;4711;336;5583;5596;6.28;0.38;246.16;4.14;872;13;1903.00;13
4717;13;623961805;4717;331;5583;5596;6.30;0.38;246.22;4.14;866;13;1904.00;13
4720;13;623961816;4720;326;5583;5596;6.31;0.38;246.19;4.14;863;13;1905.00;13
4723;13;623961833;4723;324;5584;5596;6.32;0.38;246.11;4.16;861;13;1906.00;12
4725;13;623961844;4725;317;5584;5596;6.31;0.38;246.08;4.16;859;13;1907.00;12
4726;13;623961855;4726;310;5595;5608;6.46;0.39;246.10;4.15;869;13;1908.00;13
4728;13;623961866;4728;312;5595;5608;6.48;0.39;246.08;4.15;867;13;1909.00;13
4731;13;623961877;4731;314;5596;5608;6.50;0.39;246.02;4.15;865;13;1910.00;12
4731;13;623961888;4731;318;5596;5608;6.59;0.40;246.02;4.15;865;13;1911.00;12
4735;13;623961899;4735;309;5596;5608;6.61;0.40;246.07;4.15;861;13;1912.00;12
4737;13;623961911;4737;309;5596;5608;6.55;0.40;246.02;4.15;859;13;1913.00;12
4738;13;623961921;4738;312;5600;5612;6.59;0.40;246.11;4.15;862;13;1914.00;12
4740;13;623961933;4740;304;5600;5612;6.62;0.40;246.12;4.15;860;13;1915.00;12
4741;13;623961944;4741;305;5604;5616;6.66;0.40;246.22;4.15;863;13;1916.00;12
4742;13;623961955;4742;292;5605;5617;6.72;0.41;246.33;4.15;863;13;1917.00;12
4742;13;623961968;4742;286;5605;5617;6.80;0.41;246.33;4.15;863;13;1918.00;12
4744;13;623961984;4744;281;5605;5617;6.87;0.42;246.35;4.15;861;13;1919.00;12
4744;13;623962006;4744;284;5629;5646;7.06;0.43;246.35;4.13;885;13;1920.00;17
4746;13;623962035;4746;273;5629;5646;7.12;0.43;246.52;4.13;883;13;1921.00;17
4746;13;623962052;4746;265;5630;5646;7.28;0.44;246.52;4.13;884;13;1922.00;16
4747;13;623962069;4747;267;5631;5647;7.39;0.45;246.53;4.13;884;13;1923.00;16
4747;13;623962086;4747;270;5631;5648;7.50;0.45;246.53;4.13;884;13;1924.00;17
4748;13;623962099;4748;273;5631;5648;7.56;0.46;246.62;4.13;883;13;1925.00;17
4751;13;623962111;4751;260;5633;5651;7.64;0.46;246.69;4.13;882;13;1926.00;18
4755;13;623962124;4755;250;5633;5651;7.67;0.46;246.74;4.13;878;13;1927.00;18
4756;13;623962147;4756;241;5634;5651;7.76;0.47;246.79;4.13;878;13;1928.00;17
4758;13;623962160;4758;240;5634;5651;7.82;0.47;246.85;4.13;876;13;1929.00;17
4759;13;623962173;4759;237;5639;5657;7.94;0.48;246.95;4.12;880;13;1930.00;18
4760;13;623962186;4760;238;5639;5657;8.01;0.49;246.93;4.12;879;13;1931.00;18
4761;13;623962200;4761;236;5639;5657;8.07;0.49;247.01;4.12;878;13;1932.00;18
4762;13;623962212;4762;234;5639;5657;8.16;0.50;247.09;4.12;877;13;1933.00;18
4763;13;623962250;4763;237;5642;5661;8.23;0.50;247.06;4.12;879;13;1934.00;19
4764;13;623962265;4764;245;5644;5663;8.35;0.51;247.14;4.12;880;13;1935.00;19
4766;13;623962279;4766;241;5644;5663;8.44;0.51;247.20;4.12;878;13;1936.00;19
4768;13;623962294;4768;235;5645;5664;8.49;0.51;247.13;4.12;877;13;1937.00;19
4770;13;623962308;4770;238;5645;5664;8.53;0.52;247.20;4.12;875;13;1938.00;19
4773;13;623962322;4773;237;5645;5664;8.64;0.52;247.23;4.12;872;13;1939.00;19
4776;13;623962342;4776;232;5645;5664;8.66;0.52;247.34;4.12;869;13;1940.00;19
4779;13;623962376;4779;233;5645;5664;8.71;0.53;247.49;4.12;866;13;1941.00;19
4780;13;623962408;4780;227;5645;5664;8.83;0.53;247.57;4.12;865;13;1942.00;19
4783;13;623962432;4783;229;5645;5664;8.92;0.54;247.74;4.12;862;13;1943.00;19
4785;13;623962448;4785;249;5687;5734;8.76;0.53;247.77;4.09;902;13;1944.00;47
4788;13;623962474;4788;234;5687;5735;8.82;0.53;247.85;4.09;899;13;1945.00;48
4791;13;623962493;4791;233;5692;5735;8.93;0.54;247.80;4.09;901;13;1946.00;43
4792;13;623962518;4792;229;5694;5735;9.07;0.55;247.81;4.09;902;13;1947.00;41
4796;13;623962534;4796;225;5697;5735;9.11;0.55;247.95;4.09;901;13;1948.00;38
4797;13;623962553;4797;229;5700;5735;9.17;0.55;248.03;4.09;903;13;1949.00;35
4798;13;623962573;4798;232;5705;5737;9.24;0.56;248.08;4.09;907;13;1950.00;32
4800;13;623962590;4800;230;5707;5737;9.28;0.56;248.15;4.09;907;13;1951.00;30
4802;14;623962609;4802;233;5708;5738;9.36;0.57;248.17;4.09;906;14;1952.00;30
4803;14;623962634;4803;231;5711;5739;9.41;0.57;248.15;4.09;908;14;1953.00;28
4805;14;623962652;4805;234;5713;5739;9.40;0.57;248.21;4.09;908;14;1954.00;26
4806;14;623962668;4806;235;5717;5743;9.41;0.57;248.20;4.09;911;14;1955.00;26
4808;14;623962689;4808;232;5718;5743;9.44;0.57;248.27;4.09;910;14;1956.00;25
4810;14;623962708;4810;231;5718;5743;9.43;0.57;248.29;4.09;908;14;1957.00;25
4812;14;623962725;4812;223;5718;5743;9.43;0.57;248.36;4.09;906;14;1958.00;25
4816;14;623962741;4816;215;5723;5749;9.47;0.57;248.42;4.09;907;14;1959.00;26
4819;14;623962758;4819;216;5723;5749;9.51;0.58;248.50;4.09;904;14;1960.00;26
4822;14;623962774;4822;210;5723;5749;9.56;0.58;248.56;4.09;901;14;1961.00;26
4825;14;623962790;4825;212;5725;5752;9.61;0.58;248.59;4.09;900;14;1962.00;27
4827;14;623962816;4827;215;5725;5752;9.67;0.59;248.60;4.09;898;14;1963.00;27
4830;14;623962829;4830;213;5726;5752;9.66;0.59;248.62;4.09;896;14;1964.00;26
4834;14;623962844;4834;215;5726;5753;9.63;0.58;248.67;4.09;892;14;1965.00;27
4836;14;623962860;4836;213;5727;5754;9.66;0.59;248.72;4.09;891;14;1966.00;27
4839;14;623962874;4839;211;5728;5754;9.66;0.59;248.73;4.12;889;14;1967.00;26
4842;14;623962888;4842;212;5738;5767;9.58;0.58;248.74;4.11;896;14;1968.00;29
4845;14;623962906;4845;206;5738;5767;9.55;0.58;248.75;4.11;893;14;1969.00;29
4848;14;623962920;4848;204;5738;5767;9.54;0.58;248.82;4.11;890;14;1970.00;29
4850;14;623962936;4850;202;5739;5768;9.49;0.58;248.84;4.11;889;14;1971.00;29
4853;14;623962953;4853;197;5739;5768;9.42;0.57;248.81;4.11;886;14;1972.00;29
4855;14;623962980;4855;199;5744;5772;9.41;0.57;248.87;4.11;889;14;1973.00;28
4859;14;623962996;4859;200;5745;5772;9.41;0.57;248.92;4.11;886;14;1974.00;27
4863;14;623963012;4863;198;5748;5776;9.35;0.57;248.87;4.11;885;14;1975.00;28
4866;14;623963027;4866;197;5749;5776;9.35;0.57;248.91;4.12;883;14;1976.00;27
4868;14;623963042;4868;188;5749;5776;9.35;0.57;248.88;4.12;881;14;1977.00;27
4870;14;623963054;4870;188;5749;5776;9.39;0.57;248.92;4.12;879;14;1978.00;27
4873;14;623963068;4873;190;5749;5776;9.36;0.57;248.98;4.12;876;14;1979.00;27
4876;14;623963082;4876;182;5770;5810;9.37;0.57;248.91;4.11;894;14;1980.00;40
4878;14;623963097;4878;183;5771;5810;9.36;0.57;249.03;4.11;893;14;1981.00;39
4881;14;623963109;4881;184;5772;5810;9.33;0.57;248.98;4.11;891;14;1982.00;38
4887;14;623963122;4887;191;5773;5810;9.27;0.57;248.93;4.11;886;14;1983.00;37
4891;14;623963136;4891;193;5773;5810;9.27;0.57;249.05;4.11;882;14;1984.00;37
4892;14;623963150;4892;195;5773;5810;9.26;0.57;249.04;4.11;881;14;1985.00;37
4893;14;623963163;4893;199;5773;5811;9.28;0.57;249.07;4.11;880;14;1986.00;38
4897;14;623963177;4897;203;5774;5811;9.23;0.56;249.12;4.11;877;14;1987.00;37
4903;14;623963196;4903;203;5778;5817;9.16;0.56;249.02;4.10;875;14;1988.00;39
4907;14;623963212;4907;202;5778;5818;9.09;0.56;248.98;4.10;871;14;1989.00;40
4909;14;623963225;4909;209;5780;5818;9.10;0.56;249.06;4.11;871;14;1990.00;38
4913;14;623963239;4913;204;5782;5818;9.03;0.55;249.07;4.12;869;14;1991.00;36
4917;14;623963253;4917;212;5785;5822;8.95;0.55;249.06;4.11;868;14;1992.00;37
4921;14;623963268;4921;211;5786;5822;8.79;0.54;249.22;4.12;865;14;1993.00;36
4922;14;623963282;4922;214;5786;5822;8.74;0.53;249.25;4.12;864;14;1994.00;36
4925;14;623963295;4925;219;5788;5823;8.67;0.53;249.33;4.12;863;14;1995.00;35
4926;14;623963309;4926;222;5792;5827;8.59;0.52;249.33;4.12;866;14;1996.00;35
4931;14;623963323;4931;229;5793;5827;8.53;0.52;249.46;4.12;862;14;1997.00;34
4935;14;623963336;4935;234;5795;5830;8.47;0.51;249.50;4.12;860;14;1998.00;35
4935;14;623963353;4935;245;5796;5830;8.39;0.51;249.50;4.12;861;14;1999.00;34
4935;14;623963367;4935;244;5797;5830;8.33;0.51;249.50;4.13;862;14;2000.00;33
4938;14;623963387;4938;255;5798;5830;8.27;0.50;249.56;4.14;860;14;2001.00;32
4939;14;623963401;4939;257;5802;5834;8.25;0.50;249.55;4.14;863;14;2002.00;32
4940;14;623963415;4940;259;5804;5834;8.23;0.50;249.57;4.15;864;14;2003.00;30
4942;14;623963429;4942;266;5804;5834;8.15;0.50;249.57;4.15;862;14;2004.00;30
4945;14;623963442;4945;273;5806;5834;8.03;0.49;249.65;4.17;861;14;2005.00;28
4948;14;623963454;4948;284;5806;5835;7.89;0.48;249.63;4.17;858;14;2006.00;29
4950;14;623963465;4950;291;5809;5836;7.78;0.47;249.67;4.18;859;14;2007.00;27
4953;14;623963477;4953;297;5809;5836;7.67;0.47;249.76;4.18;856;14;2008.00;27
4954;14;623963489;4954;302;5811;5837;7.55;0.46;249.79;4.19;857;14;2009.00;26
4957;14;623963504;4957;305;5811;5837;7.39;0.45;249.89;4.19;854;14;2010.00;26
4959;14;623963516;4959;310;5812;5837;7.31;0.44;249.92;4.20;853;14;2011.00;25
4960;14;623963526;4960;311;5812;5837;7.23;0.44;249.95;4.20;852;14;2012.00;25
4963;14;623963536;4963;315;5813;5837;7.10;0.43;249.97;4.21;850;14;2013.00;24
4965;14;623963547;4965;319;5814;5837;7.03;0.43;249.92;4.21;849;14;2014.00;23
4968;14;623963558;4968;326;5815;5837;6.99;0.43;249.91;4.22;847;14;2015.00;22
4971;14;623963570;4971;347;5879;5964;7.10;0.44;249.95;4.19;908;14;2016.00;85
4972;14;623963596;4972;341;5882;5965;7.04;0.44;250.06;4.19;910;14;2017.00;83
4975;14;623963608;4975;344;5892;5965;7.10;0.44;250.01;4.18;917;14;2018.00;73
4979;14;623963622;4979;339;5898;5965;7.08;0.44;250.03;4.19;919;14;2019.00;67
4980;14;623963634;4980;336;5906;5965;7.10;0.44;250.10;4.19;926;14;2020.00;59
4981;14;623963645;4981;331;5912;5965;7.05;0.44;250.06;4.19;931;14;2021.00;53
4985;14;623963657;4985;328;5915;5965;7.00;0.43;249.98;4.19;930;14;2022.00;50
4987;14;623963669;4987;328;5917;5965;6.99;0.43;250.01;4.19;930;14;2023.00;48
4989;14;623963682;4989;332;5923;5966;6.96;0.43;250.03;4.20;934;14;2024.00;43
4992;14;623963695;4992;338;5928;5968;6.91;0.43;250.12;4.21;936;14;2025.00;40
4994;14;623963707;4994;331;5932;5968;6.82;0.42;250.10;4.21;938;14;2026.00;36
4997;14;623963721;4997;334;5934;5969;6.72;0.41;250.06;4.21;937;14;2027.00;35
5001;14;623963732;5001;340;5940;5969;6.58;0.40;249.99;4.22;939;14;2028.00;29
5003;14;623963744;5003;349;5941;5969;6.50;0.40;249.93;4.22;938;14;2029.00;28
5005;14;623963757;5005;354;5942;5969;6.40;0.39;249.86;4.22;937;14;2030.00;27
5008;14;623963768;5008;363;5949;5973;6.33;0.39;249.89;4.22;941;14;2031.00;24
5012;14;623963780;5012;372;5949;5973;6.21;0.38;249.81;4.22;937;14;2032.00;24
5014;14;623963792;5014;376;5951;5973;6.13;0.38;249.83;4.23;937;14;2033.00;22
5019;14;623963804;5019;380;5953;5976;6.04;0.37;249.84;4.23;934;14;2034.00;23
5021;14;623963818;5021;387;5953;5976;5.99;0.37;249.94;4.23;932;14;2035.00;23
5023;14;623963829;5023;388;5954;5976;5.93;0.37;249.89;4.23;931;14;2036.00;22
5025;14;623963841;5025;394;5959;5980;5.90;0.37;249.89;4.23;934;14;2037.00;21
5027;14;623963852;5027;400;5961;5981;5.84;0.36;249.89;4.23;934;14;2038.00;20
5031;14;623963863;5031;405;5961;5981;5.69;0.35;249.90;4.23;930;14;2039.00;20
5034;14;623963877;5034;394;5967;5986;5.66;0.35;249.99;4.23;933;14;2040.00;19
5040;14;623963889;5040;397;5968;5986;5.57;0.34;250.02;4.23;928;14;2041.00;18
5044;14;623963900;5044;396;5968;5986;5.50;0.34;250.14;4.23;924;14;2042.00;18
5046;14;623963911;5046;388;5969;5987;5.49;0.34;250.05;4.23;923;14;2043.00;18
5050;14;623963921;5050;373;5969;5987;5.49;0.34;250.04;4.23;919;14;2044.00;18
5054;14;623963933;5054;370;5975;5993;5.57;0.34;249.98;4.23;921;14;2045.00;18
5055;14;623963947;5055;367;5975;5993;5.64;0.35;249.99;4.23;920;14;2046.00;18
5059;14;623963957;5059;359;5976;5994;5.66;0.35;249.95;4.23;917;14;2047.00;18
5061;14;623963970;5061;352;5976;5994;5.69;0.35;249.97;4.23;915;14;2048.00;18
5065;14;623963986;5065;343;5976;5994;5.73;0.35;249.97;4.23;911;14;2049.00;18
5066;14;623964003;5066;336;5976;5994;5.76;0.35;250.00;4.23;910;14;2050.00;18
5067;14;623964017;5067;332;5977;5994;5.81;0.36;250.04;4.27;910;14;2051.00;17
5070;14;623964043;5070;324;5988;6006;5.90;0.36;250.11;4.26;918;14;2052.00;18
5072;14;623964070;5072;328;5989;6006;5.96;0.37;250.07;4.26;917;14;2053.00;17
5074;14;623964089;5074;328;5989;6006;6.02;0.37;250.15;4.26;915;14;2054.00;17
5076;14;623964113;5076;325;5989;6006;6.08;0.37;250.17;4.26;913;14;2055.00;17
5080;14;623964128;5080;319;5989;6006;6.15;0.38;250.17;4.26;909;14;2056.00;17
5083;14;623964142;5083;318;5989;6006;6.16;0.38;250.18;4.26;906;14;2057.00;17
5087;14;623964156;5087;320;5993;6010;6.24;0.38;250.13;4.26;906;14;2058.00;17
5089;14;623964171;5089;314;5993;6010;6.34;0.39;250.13;4.26;904;14;2059.00;17
5092;14;623964186;5092;311;5997;6014;6.48;0.39;250.16;4.25;905;14;2060.00;17
5093;14;623964200;5093;308;5998;6015;6.56;0.40;250.14;4.25;905;14;2061.00;17
5097;14;623964215;5097;303;5998;6015;6.58;0.40;250.18;4.25;901;14;2062.00;17
5100;14;623964231;5100;301;5998;6015;6.59;0.40;250.15;4.25;898;14;2063.00;17
5103;14;623964245;5103;296;6011;6028;6.66;0.41;250.32;4.24;908;14;2064.00;17
5106;14;623964261;5106;292;6011;6028;6.62;0.40;250.38;4.24;905;14;2065.00;17
5110;14;623964274;5110;298;6011;6028;6.63;0.40;250.40;4.24;901;14;2066.00;17
5113;14;623964288;5113;301;6012;6029;6.63;0.40;250.52;4.24;899;14;2067.00;17
5120;14;623964302;5120;301;6014;6030;6.57;0.40;250.66;4.29;894;14;2068.00;16
5123;14;623964317;5123;301;6014;6030;6.54;0.40;250.78;4.29;891;14;2069.00;16
5128;14;623964334;5128;302;6018;6036;6.54;0.40;250.76;4.28;890;14;2070.00;18
5129;14;623964349;5129;315;6018;6036;6.53;0.40;250.79;4.28;889;14;2071.00;18
5131;14;623964363;5131;315;6020;6036;6.56;0.40;250.85;4.28;889;14;2072.00;16
5135;14;623964378;5135;318;6020;6036;6.53;0.40;250.84;4.28;885;14;2073.00;16
5138;14;623964393;5138;317;6026;6042;6.51;0.40;250.83;4.28;888;14;2074.00;16
5143;15;623964411;5143;311;6026;6042;6.45;0.39;250.94;4.28;883;15;2075.00;16
5145;15;623964446;5145;312;6026;6042;6.46;0.39;250.96;4.28;881;15;2076.00;16
5150;15;623964461;5150;310;6026;6042;6.39;0.39;251.02;4.28;876;15;2077.00;16
5152;15;623964482;5152;315;6030;6046;6.45;0.39;251.08;4.28;878;15;2078.00;16
5158;15;623964496;5158;309;6032;6047;6.45;0.39;251.21;4.32;874;15;2079.00;15
5159;15;623964513;5159;311;6032;6047;6.49;0.40;251.19;4.32;873;15;2080.00;15
5163;15;623964527;5163;309;6033;6048;6.49;0.39;251.28;4.32;870;15;2081.00;15
5167;15;623964542;5167;312;6033;6048;6.50;0.40;251.37;4.32;866;15;2082.00;15
5170;15;623964560;5170;310;6033;6048;6.50;0.40;251.42;4.32;863;15;2083.00;15
5174;15;623964575;5174;317;6033;6048;6.50;0.40;251.53;4.32;859;15;2084.00;15
5177;15;623964589;5177;320;6033;6048;6.48;0.40;251.52;4.32;856;15;2085.00;15
5180;15;623964603;5180;315;6033;6048;6.55;0.40;251.62;4.32;853;15;2086.00;15
5183;15;623964622;5183;296;6033;6048;6.64;0.41;251.66;4.32;850;15;2087.00;15
5185;15;623964637;5185;298;6077;6118;6.68;0.41;251.83;4.29;892;15;2088.00;41
5189;15;623964661;5189;283;6077;6119;6.77;0.41;252.02;4.29;888;15;2089.00;42
5190;15;623964681;5190;278;6081;6119;6.92;0.42;252.08;4.29;891;15;2090.00;38
5195;15;623964696;5195;279;6081;6119;7.00;0.43;252.33;4.29;886;15;2091.00;38
5196;15;623964712;5196;275;6083;6119;7.18;0.44;252.40;4.29;887;15;2092.00;36
5201;15;623964728;5201;275;6086;6119;7.32;0.45;252.53;4.29;885;15;2093.00;33
5204;15;623964744;5204;278;6088;6119;7.44;0.45;252.65;4.29;884;15;2094.00;31
5211;15;623964760;5211;283;6090;6119;7.57;0.46;252.74;4.29;879;15;2095.00;29
5214;15;623964776;5214;271;6092;6120;7.74;0.47;252.85;4.29;878;15;2096.00;28
5217;15;623964792;5217;260;6094;6121;7.88;0.48;252.91;4.29;877;15;2097.00;27
5220;15;623964807;5220;255;6096;6121;7.96;0.48;252.98;4.30;876;15;2098.00;25
5222;15;623964822;5222;257;6101;6125;8.02;0.49;253.04;4.30;879;15;2099.00;24
5227;15;623964843;5227;253;6106;6140;8.03;0.49;253.09;4.29;879;15;2100.00;34
5228;15;623964898;5228;252;6107;6140;8.09;0.49;253.16;4.30;879;15;2101.00;33
5231;15;623964914;5231;247;6108;6140;8.10;0.49;253.17;4.30;877;15;2102.00;32
5234;15;623964929;5234;253;6112;6146;8.20;0.50;253.27;4.30;878;15;2103.00;34
5235;15;623964945;5235;255;6113;6146;8.28;0.50;253.25;4.30;878;15;2104.00;33
5241;15;623964962;5241;253;6114;6146;8.32;0.50;253.45;4.30;873;15;2105.00;32
5241;15;623964981;5241;255;6118;6149;8.43;0.51;253.45;4.30;877;15;2106.00;31
5243;15;623964997;5243;251;6118;6149;8.54;0.52;253.47;4.30;875;15;2107.00;31
5245;15;623965014;5245;247;6120;6149;8.64;0.52;253.42;4.35;875;15;2108.00;29
5248;15;623965032;5248;249;6120;6150;8.70;0.53;253.49;4.35;872;15;2109.00;30
5251;15;623965048;5251;242;6121;6151;8.80;0.53;253.53;4.35;870;15;2110.00;30
5253;15;623965062;5253;240;6121;6151;8.81;0.53;253.60;4.35;868;15;2111.00;30
5256;15;623965077;5256;239;6133;6164;8.85;0.54;253.54;4.34;877;15;2112.00;31
5258;15;623965093;5258;234;6133;6164;8.92;0.54;253.60;4.34;875;15;2113.00;31
5259;15;623965109;5259;232;6133;6164;8.98;0.54;253.57;4.34;874;15;2114.00;31
5263;15;623965124;5263;232;6135;6166;9.00;0.55;253.73;4.34;872;15;2115.00;31
5265;15;623965140;5265;228;6135;6166;8.99;0.54;253.79;4.34;870;15;2116.00;31
5269;15;623965153;5269;227;6138;6170;9.09;0.55;253.74;4.34;869;15;2117.00;32
5271;15;623965167;5271;229;6140;6170;9.12;0.55;253.80;4.34;869;15;2118.00;30
5272;15;623965181;5272;230;6143;6174;9.19;0.56;253.76;4.34;871;15;2119.00;31
5273;15;623965194;5273;229;6143;6174;9.23;0.56;253.82;4.34;870;15;2120.00;31
5275;15;623965209;5275;228;6143;6174;9.30;0.56;253.91;4.34;868;15;2121.00;31
5279;15;623965223;5279;224;6143;6174;9.31;0.56;253.96;4.34;864;15;2122.00;31
5280;15;623965237;5280;227;6143;6174;9.35;0.57;253.95;4.34;863;15;2123.00;31
5283;15;623965253;5283;224;6153;6186;9.37;0.57;254.00;4.34;870;15;2124.00;33
5286;15;623965268;5286;226;6153;6186;9.40;0.57;254.05;4.34;867;15;2125.00;33
5289;15;623965283;5289;229;6157;6186;9.42;0.57;254.19;4.34;868;15;2126.00;29
5289;15;623965303;5289;226;6157;6186;9.43;0.57;254.19;4.34;868;15;2127.00;29
5291;15;623965323;5291;228;6157;6186;9.50;0.58;254.27;4.34;866;15;2128.00;29
5292;15;623965338;5292;233;6157;6186;9.54;0.58;254.25;4.34;865;15;2129.00;29
5295;15;623965354;5295;232;6159;6187;9.51;0.58;254.29;4.35;864;15;2130.00;28
5299;15;623965371;5299;230;6159;6187;9.54;0.58;254.37;4.35;860;15;2131.00;28
5303;15;623965388;5303;232;6165;6193;9.48;0.57;254.37;4.35;862;15;2132.00;28
5306;15;623965405;5306;228;6166;6194;9.48;0.57;254.43;4.35;860;15;2133.00;28
5311;15;623965419;5311;229;6166;6194;9.42;0.57;254.41;4.35;855;15;2134.00;28
5314;15;623965435;5314;230;6166;6194;9.39;0.57;254.53;4.35;852;15;2135.00;28
5317;15;623965449;5317;236;6169;6198;9.34;0.57;254.53;4.35;852;15;2136.00;29
5321;15;623965463;5321;231;6169;6198;9.25;0.56;254.60;4.35;848;15;2137.00;29
5325;15;623965478;5325;231;6169;6198;9.18;0.56;254.62;4.35;844;15;2138.00;29
5328;15;623965492;5328;231;6170;6199;9.10;0.55;254.66;4.35;842;15;2139.00;29
5331;15;623965505;5331;224;6173;6203;8.98;0.55;254.69;4.34;842;15;2140.00;30
5334;15;623965520;5334;220;6173;6203;8.92;0.54;254.74;4.34;839;15;2141.00;30
5337;15;623965532;5337;221;6175;6206;8.87;0.54;254.70;4.34;838;15;2142.00;31
5340;15;623965546;5340;223;6176;6206;8.81;0.54;254.70;4.34;836;15;2143.00;30
5341;15;623965559;5341;229;6176;6206;8.80;0.54;254.67;4.34;835;15;2144.00;30
5345;15;623965573;5345;224;6178;6206;8.82;0.54;254.69;4.36;833;15;2145.00;28
5349;15;623965587;5349;231;6182;6210;8.88;0.54;254.61;4.36;833;15;2146.00;28
5352;15;623965606;5352;233;6182;6210;8.88;0.54;254.60;4.36;830;15;2147.00;28
5355;15;623965626;5355;235;6182;6210;8.89;0.54;254.60;4.36;827;15;2148.00;28
5357;15;623965638;5357;227;6182;6210;8.92;0.54;254.58;4.36;825;15;2149.00;28
5357;15;623965651;5357;227;6182;6211;8.97;0.55;254.58;4.36;825;15;2150.00;29
5364;15;623965665;5364;229;6183;6212;8.95;0.54;254.57;4.36;819;15;2151.00;29
5368;15;623965680;5368;234;6183;6212;8.95;0.54;254.64;4.36;815;15;2152.00;29
5370;15;623965693;5370;242;6184;6213;8.92;0.54;254.59;4.36;814;15;2153.00;29
5374;15;623965706;5374;238;6184;6213;8.88;0.54;254.68;4.36;810;15;2154.00;29
5375;15;623965720;5375;239;6184;6213;8.84;0.54;254.67;4.36;809;15;2155.00;29
5376;15;623965732;5376;242;6184;6213;8.85;0.54;254.69;4.36;808;15;2156.00;29
5379;15;623965743;5379;241;6184;6213;8.78;0.53;254.76;4.36;805;15;2157.00;29
5381;15;623965755;5381;242;6184;6213;8.69;0.53;254.70;4.36;803;15;2158.00;29
5384;15;623965774;5384;242;6184;6213;8.52;0.52;254.77;4.36;800;15;2159.00;29
5386;15;623965789;5386;273;6278;6443;8.52;0.53;254.84;4.29;892;15;2160.00;165
5387;15;623965828;5387;272;6280;6444;8.43;0.53;254.84;4.29;893;15;2161.00;164
5388;15;623965841;5388;257;6291;6444;8.52;0.53;254.93;4.29;903;15;2162.00;153
5390;15;623965854;5390;266;6299;6444;8.53;0.53;255.02;4.28;909;15;2163.00;145
5392;15;623965867;5392;267;6310;6444;8.58;0.53;255.00;4.28;918;15;2164.00;134
5395;15;623965881;5395;269;6318;6444;8.50;0.53;255.19;4.28;923;15;2165.00;126
5398;15;623965896;5398;268;6328;6444;8.40;0.52;255.15;4.29;930;15;2166.00;116
5399;15;623965910;5399;268;6333;6444;8.35;0.52;255.15;4.29;934;15;2167.00;111
5401;15;623965923;5401;277;6340;6445;8.30;0.51;255.23;4.29;939;15;2168.00;105
5406;15;623965945;5406;286;6347;6446;8.23;0.51;255.30;4.30;941;15;2169.00;99
5409;15;623965961;5409;290;6351;6446;8.13;0.50;255.29;4.30;942;15;2170.00;95
5412;15;623965974;5412;301;6354;6447;8.03;0.50;255.37;4.31;942;15;2171.00;93
5413;15;623965994;5413;312;6357;6447;7.95;0.49;255.46;4.32;944;15;2172.00;90
5415;15;623966017;5415;312;6361;6447;7.84;0.48;255.52;4.33;946;15;2173.00;86
5418;15;623966035;5418;323;6365;6447;7.68;0.47;255.55;4.35;947;15;2174.00;82
5422;15;623966050;5422;331;6371;6451;7.52;0.46;255.54;4.35;949;15;2175.00;80
5424;15;623966066;5424;336;6371;6451;7.39;0.45;255.52;4.35;947;15;2176.00;80
5424;15;623966084;5424;341;6375;6451;7.25;0.45;255.52;4.37;951;15;2177.00;76
5426;15;623966098;5426;349;6377;6454;7.11;0.44;255.51;4.37;951;15;2178.00;77
5429;15;623966112;5429;359;6383;6454;6.98;0.43;255.55;4.41;954;15;2179.00;71
5433;15;623966123;5433;356;6383;6454;6.91;0.42;255.49;4.41;950;15;2180.00;71
5435;15;623966136;5435;369;6391;6458;6.87;0.42;255.44;4.43;956;15;2181.00;67
5438;15;623966148;5438;373;6394;6459;6.84;0.42;255.46;4.43;956;15;2182.00;65
5438;15;623966161;5438;380;6395;6459;6.81;0.42;255.46;4.44;957;15;2183.00;64
5441;15;623966172;5441;387;6399;6463;6.78;0.42;255.38;4.45;958;15;2184.00;64
5443;15;623966183;5443;387;6401;6463;6.70;0.41;255.33;4.45;958;15;2185.00;62
5444;15;623966195;5444;389;6401;6463;6.64;0.41;255.32;4.45;957;15;2186.00;62
5447;15;623966207;5447;403;6406;6464;6.53;0.40;255.25;4.48;959;15;2187.00;58
5447;15;623966219;5447;409;6409;6464;6.45;0.40;255.25;4.48;962;15;2188.00;55
5450;15;623966232;5450;412;6413;6470;6.37;0.39;255.23;4.48;963;15;2189.00;57
5453;15;623966246;5453;414;6416;6470;6.26;0.38;255.18;4.50;963;15;2190.00;54
5455;15;623966259;5455;417;6417;6471;6.21;0.38;255.16;4.50;962;15;2191.00;54
5459;15;623966270;5459;425;6418;6471;6.12;0.38;255.10;4.51;959;15;2192.00;53
5460;15;623966283;5460;428;6420;6471;6.04;0.37;255.09;4.52;960;15;2193.00;51
5460;15;623966294;5460;429;6421;6471;5.96;0.37;255.09;4.52;961;15;2194.00;50
5462;15;623966305;5462;425;6423;6471;5.85;0.36;255.01;4.53;961;15;2195.00;48
5465;15;623966317;5465;418;6434;6483;5.85;0.36;254.93;4.53;969;15;2196.00;49
5466;15;623966330;5466;423;6434;6483;5.86;0.36;254.91;4.53;968;15;2197.00;49
5467;15;623966341;5467;417;6435;6483;5.77;0.35;254.86;4.54;968;15;2198.00;48
5467;15;623966354;5467;424;6436;6483;5.75;0.35;254.86;4.54;969;15;2199.00;47
5467;15;623966369;5467;430;6438;6483;5.72;0.35;254.86;4.55;971;15;2200.00;45
5470;15;623966384;5470;429;6439;6483;5.64;0.35;254.77;4.55;969;15;2201.00;44
5472;15;623966395;5472;434;6445;6487;5.56;0.34;254.73;4.56;973;15;2202.00;42
5475;15;623966407;5475;438;6447;6487;5.51;0.34;254.74;4.57;972;15;2203.00;40
5478;15;623966418;5478;432;6450;6491;5.51;0.34;254.71;4.57;972;15;2204.00;41
5480;15;623966436;5480;422;6453;6493;5.43;0.33;254.70;4.57;973;15;2205.00;40
5481;15;623966448;5481;424;6454;6493;5.43;0.33;254.69;4.58;973;15;2206.00;39
5485;15;623966459;5485;417;6456;6493;5.38;0.33;254.66;4.58;971;15;2207.00;37
5488;15;623966471;5488;420;6469;6506;5.34;0.33;254.69;4.58;981;15;2208.00;37
5490;16;623966483;5490;421;6470;6506;5.33;0.33;254.66;4.58;980;16;2209.00;36
5492;16;623966505;5492;417;6473;6508;5.29;0.33;254.67;4.58;981;16;2210.00;35
5495;16;623966518;5495;412;6475;6509;5.33;0.33;254.68;4.58;980;16;2211.00;34
5498;16;623966530;5498;407;6475;6510;5.40;0.33;254.71;4.58;977;16;2212.00;35
5499;16;623966541;5499;404;6477;6510;5.49;0.34;254.73;4.58;978;16;2213.00;33
5501;16;623966552;5501;406;6480;6513;5.55;0.34;254.77;4.58;979;16;2214.00;33
5503;16;623966564;5503;403;6480;6513;5.63;0.35;254.76;4.58;977;16;2215.00;33
5506;16;623966575;5506;404;6480;6513;5.65;0.35;254.77;4.58;974;16;2216.00;33
5508;16;623966586;5508;395;6481;6513;5.62;0.35;254.73;4.58;973;16;2217.00;32
5512;16;623966598;5512;391;6485;6519;5.63;0.35;254.76;4.58;973;16;2218.00;34
5513;16;623966611;5513;381;6485;6519;5.67;0.35;254.81;4.58;972;16;2219.00;34
5516;16;623966624;5516;371;6486;6519;5.69;0.35;254.89;4.58;970;16;2220.00;33
5519;16;623966635;5519;371;6486;6519;5.71;0.35;254.81;4.58;967;16;2221.00;33
5523;16;623966647;5523;368;6491;6523;5.76;0.35;254.85;4.58;968;16;2222.00;32
5526;16;623966660;5526;359;6492;6524;5.87;0.36;254.89;4.58;966;16;2223.00;32
5527;16;623966672;5527;356;6492;6524;5.99;0.37;254.87;4.58;965;16;2224.00;32
5535;16;623966684;5535;357;6493;6525;6.04;0.37;254.90;4.58;958;16;2225.00;32
5538;16;623966696;5538;347;6493;6525;6.14;0.38;254.87;4.58;955;16;2226.00;32
5542;16;623966707;5542;338;6493;6525;6.23;0.38;254.98;4.58;951;16;2227.00;32
5546;16;623966719;5546;336;6493;6525;6.24;0.38;254.95;4.58;947;16;2228.00;32
5551;16;623966731;5551;334;6493;6525;6.24;0.38;254.93;4.58;942;16;2229.00;32
5552;16;623966743;5552;338;6493;6525;6.30;0.39;254.96;4.58;941;16;2230.00;32
5558;16;623966756;5558;328;6493;6525;6.34;0.39;255.01;4.58;935;16;2231.00;32
5560;16;623966768;5560;327;6530;6595;6.47;0.40;254.96;4.55;970;16;2232.00;65
5564;16;623966788;5564;321;6532;6596;6.49;0.40;254.94;4.55;968;16;2233.00;64
5568;16;623966800;5568;318;6538;6596;6.49;0.40;254.97;4.55;970;16;2234.00;58
5570;16;623966812;5570;313;6540;6596;6.51;0.40;255.01;4.55;970;16;2235.00;56
5575;16;623966826;5575;315;6543;6596;6.57;0.40;255.09;4.55;968;16;2236.00;53
5578;16;623966838;5578;307;6543;6596;6.61;0.40;255.16;4.55;965;16;2237.00;53
5582;16;623966851;5582;309;6547;6596;6.68;0.41;255.15;4.55;965;16;2238.00;49
5588;16;623966864;5588;306;6549;6596;6.68;0.41;255.28;4.61;961;16;2239.00;47
5589;16;623966877;5589;306;6552;6597;6.75;0.41;255.24;4.62;963;16;2240.00;45
5595;16;623966889;5595;304;6555;6598;6.71;0.41;255.30;4.62;960;16;2241.00;43
5598;16;623966903;5598;307;6557;6598;6.77;0.41;255.28;4.62;959;16;2242.00;41
5602;16;623966916;5602;303;6563;6602;6.81;0.41;255.30;4.62;961;16;2243.00;39
5604;16;623966930;5604;309;6565;6602;6.86;0.42;255.40;4.62;961;16;2244.00;37
5608;16;623966943;5608;308;6565;6602;6.83;0.42;255.44;4.62;957;16;2245.00;37
5609;16;623966956;5609;303;6566;6602;6.85;0.42;255.41;4.69;957;16;2246.00;36
5612;16;623966971;5612;312;6571;6608;6.93;0.42;255.41;4.68;959;16;2247.00;37
5616;16;623966986;5616;313;6571;6608;6.94;0.42;255.54;4.68;955;16;2248.00;37
5617;16;623967000;5617;310;6571;6608;6.98;0.43;255.55;4.68;954;16;2249.00;37
5621;16;623967015;5621;312;6575;6614;7.10;0.43;255.65;4.68;954;16;2250.00;39
5623;16;623967030;5623;314;6575;6614;7.14;0.44;255.74;4.68;952;16;2251.00;39
5625;16;623967043;5625;308;6577;6614;7.15;0.44;255.78;4.68;952;16;2252.00;37
5629;16;623967056;5629;309;6577;6615;7.17;0.44;255.80;4.68;948;16;2253.00;38
5631;16;623967069;5631;305;6578;6616;7.19;0.44;255.95;4.68;947;16;2254.00;38
5635;16;623967082;5635;302;6578;6616;7.19;0.44;256.03;4.68;943;16;2255.00;38
5639;16;623967095;5639;306;6590;6629;7.22;0.44;256.01;4.74;951;16;2256.00;39
5645;16;623967110;5645;296;6590;6629;7.15;0.43;256.15;4.74;945;16;2257.00;39
5646;16;623967123;5646;288;6590;6629;7.13;0.43;256.16;4.74;944;16;2258.00;39
5652;16;623967136;5652;288;6591;6630;7.13;0.43;256.38;4.74;939;16;2259.00;39
5653;16;623967149;5653;287;6591;6630;7.16;0.43;256.43;4.74;938;16;2260.00;39
5653;16;623967163;5653;283;6595;6634;7.29;0.44;256.43;4.74;942;16;2261.00;39
5657;16;623967176;5657;284;6595;6634;7.31;0.44;256.59;4.74;938;16;2262.00;39
5659;16;623967190;5659;272;6598;6638;7.37;0.45;256.65;4.74;939;16;2263.00;40
5660;16;623967204;5660;272;6598;6638;7.41;0.45;256.74;4.74;938;16;2264.00;40
5662;16;623967217;5662;273;6598;6638;7.42;0.45;256.82;4.74;936;16;2265.00;40
5663;16;623967235;5663;264;6598;6638;7.45;0.45;256.90;4.74;935;16;2266.00;40
5667;16;623967249;5667;250;6598;6638;7.48;0.45;256.99;4.74;931;16;2267.00;40
5669;16;623967268;5669;246;6608;6650;7.58;0.46;257.00;4.73;939;16;2268.00;42
5671;16;623967284;5671;242;6608;6650;7.65;0.47;257.06;4.73;937;16;2269.00;42
5673;16;623967299;5673;240;6609;6650;7.74;0.47;257.15;4.73;936;16;2270.00;41
5676;16;623967312;5676;237;6609;6650;7.79;0.47;257.19;4.73;933;16;2271.00;41
5679;16;623967326;5679;232;6609;6650;7.87;0.48;257.31;4.73;930;16;2272.00;41
5680;16;623967341;5680;229;6609;6650;7.95;0.48;257.28;4.73;929;16;2273.00;41
5684;16;623967354;5684;230;6609;6651;7.93;0.48;257.41;4.73;925;16;2274.00;42
5687;16;623967373;5687;228;6610;6651;7.97;0.48;257.33;4.80;923;16;2275.00;41
5689;16;623967386;5689;231;6615;6657;8.02;0.49;257.41;4.80;926;16;2276.00;42
5689;16;623967401;5689;229;6616;6658;8.07;0.49;257.41;4.80;927;16;2277.00;42
5693;16;623967415;5693;229;6616;6658;8.09;0.49;257.43;4.80;923;16;2278.00;42
5696;16;623967428;5696;229;6616;6658;8.14;0.49;257.53;4.80;920;16;2279.00;42
5697;16;623967443;5697;230;6620;6663;8.18;0.50;257.59;4.79;923;16;2280.00;43
5699;16;623967457;5699;222;6620;6663;8.20;0.50;257.63;4.79;921;16;2281.00;43
5699;16;623967470;5699;227;6620;6663;8.27;0.50;257.63;4.79;921;16;2282.00;43
5704;16;623967483;5704;225;6621;6664;8.33;0.51;257.79;4.79;917;16;2283.00;43
5706;16;623967497;5706;230;6624;6668;8.37;0.51;257.74;4.79;918;16;2284.00;44
5710;16;623967510;5710;228;6624;6668;8.38;0.51;257.77;4.79;914;16;2285.00;44
5712;16;623967523;5712;226;6627;6671;8.38;0.51;257.80;4.85;915;16;2286.00;44
5714;16;623967537;5714;228;6627;6671;8.39;0.51;257.78;4.85;913;16;2287.00;44
5718;16;623967550;5718;228;6628;6671;8.43;0.51;257.95;4.85;910;16;2288.00;43
5724;16;623967563;5724;223;6628;6671;8.47;0.51;258.00;4.85;904;16;2289.00;43
5725;16;623967576;5725;226;6632;6675;8.58;0.52;258.00;4.85;907;16;2290.00;43
5729;16;623967589;5729;215;6632;6675;8.65;0.52;257.97;4.85;903;16;2291.00;43
5732;16;623967603;5732;213;6632;6675;8.71;0.53;258.04;4.85;900;16;2292.00;43
5732;16;623967616;5732;207;6632;6675;8.80;0.53;258.04;4.85;900;16;2293.00;43
5734;16;623967629;5734;208;6632;6676;8.87;0.54;258.05;4.85;898;16;2294.00;44
5736;16;623967641;5736;208;6634;6678;8.91;0.54;258.03;4.85;898;16;2295.00;44
5738;16;623967654;5738;212;6634;6678;8.91;0.54;258.09;4.85;896;16;2296.00;44
5739;16;623967666;5739;208;6635;6679;8.82;0.54;258.12;4.85;896;16;2297.00;44
5740;16;623967678;5740;207;6635;6679;8.85;0.54;258.12;4.85;895;16;2298.00;44
5744;16;623967691;5744;208;6635;6679;8.78;0.53;258.20;4.85;891;16;2299.00;44
5745;16;623967705;5745;209;6635;6679;8.78;0.53;258.18;4.85;890;16;2300.00;44
5748;16;623967721;5748;208;6635;6679;8.73;0.53;258.23;4.85;887;16;2301.00;44
5751;16;623967733;5751;217;6635;6679;8.73;0.53;258.24;4.85;884;16;2302.00;44
5753;16;623967746;5753;215;6635;6679;8.77;0.53;258.21;4.85;882;16;2303.00;44
5755;16;623967757;5755;245;6709;6806;8.60;0.53;258.21;4.87;954;16;2304.00;97
5756;16;623967782;5756;227;6709;6807;8.62;0.53;258.22;4.87;953;16;2305.00;98
5759;16;623967794;5759;221;6717;6807;8.75;0.54;258.33;4.93;958;16;2306.00;90
5764;16;623967807;5764;225;6719;6807;8.79;0.54;258.37;4.93;955;16;2307.00;88
5767;16;623967820;5767;225;6725;6807;8.84;0.55;258.37;4.93;958;16;2308.00;82
5771;16;623967832;5771;224;6728;6807;8.82;0.54;258.38;4.99;957;16;2309.00;79
5774;16;623967846;5774;228;6731;6807;8.82;0.54;258.38;4.99;957;16;2310.00;76
5777;16;623967864;5777;233;6734;6807;8.82;0.54;258.45;4.99;957;16;2311.00;73
5780;16;623967882;5780;240;6737;6808;8.82;0.54;258.39;5.04;957;16;2312.00;71
5785;16;623967899;5785;246;6741;6809;8.82;0.54;258.64;5.05;956;16;2313.00;68
5789;16;623967911;5789;240;6745;6809;8.78;0.54;258.74;5.06;956;16;2314.00;64
5791;16;623967923;5791;239;6749;6810;8.75;0.54;258.81;5.08;958;16;2315.00;61
5797;16;623967934;5797;238;6753;6810;8.69;0.54;258.88;5.13;956;16;2316.00;57
5800;16;623967945;5800;233;6755;6810;8.61;0.53;258.84;5.14;955;16;2317.00;55
5805;16;623967956;5805;236;6758;6810;8.57;0.53;259.04;5.15;953;16;2318.00;52
5810;16;623967968;5810;238;6761;6814;8.55;0.53;259.02;5.15;951;16;2319.00;53
5813;16;623967981;5813;238;6763;6814;8.49;0.52;259.04;5.15;950;16;2320.00;51
5821;16;623968009;5821;240;6764;6814;8.39;0.51;259.03;5.15;943;16;2321.00;50
5825;16;623968028;5825;238;6766;6817;8.33;0.51;258.98;5.15;941;16;2322.00;51
5827;16;623968049;5827;239;6767;6817;8.29;0.51;258.94;5.15;940;16;2323.00;50
5830;16;623968068;5830;251;6767;6817;8.26;0.51;258.98;5.15;937;16;2324.00;50
5831;16;623968086;5831;253;6772;6821;8.20;0.50;258.96;5.15;941;16;2325.00;49
5834;16;623968108;5834;261;6773;6822;8.21;0.50;259.00;5.15;939;16;2326.00;49
5837;16;623968122;5837;263;6774;6822;8.19;0.50;258.92;5.15;937;16;2327.00;48
5839;16;623968135;5839;264;6776;6826;8.16;0.50;258.91;5.15;937;16;2328.00;50
5845;16;623968149;5845;271;6776;6826;8.05;0.49;258.86;5.15;931;16;2329.00;50
5848;16;623968162;5848;276;6777;6826;7.95;0.49;258.84;5.15;929;16;2330.00;49
5856;16;623968174;5856;282;6778;6827;7.78;0.48;258.91;5.15;922;16;2331.00;49
5859;17;623968187;5859;292;6778;6827;7.64;0.47;258.87;5.15;919;17;2332.00;49
5860;17;623968219;5860;298;6783;6833;7.59;0.46;258.90;5.15;923;17;2333.00;50
5864;17;623968231;5864;305;6783;6833;7.51;0.46;258.90;5.15;919;17;2334.00;50
5868;17;623968244;5868;313;6783;6834;7.40;0.45;258.94;5.15;915;17;2335.00;51
5869;17;623968256;5869;316;6783;6834;7.27;0.44;258.92;5.15;914;17;2336.00;51
5870;17;623968267;5870;323;6784;6834;7.15;0.44;258.93;5.16;914;17;2337.00;50
5872;17;623968278;5872;333;6784;6834;7.07;0.43;258.88;5.16;912;17;2338.00;50
5876;17;623968290;5876;341;6784;6834;6.98;0.43;258.86;5.16;908;17;2339.00;50
5877;17;623968303;5877;351;6811;6870;7.03;0.43;258.90;5.16;934;17;2340.00;59
5881;17;623968318;5881;351;6812;6870;6.92;0.42;258.98;5.16;931;17;2341.00;58
5883;17;623968329;5883;363;6817;6870;6.88;0.42;258.93;5.18;934;17;2342.00;53
5884;17;623968340;5884;362;6817;6870;6.85;0.42;258.93;5.18;933;17;2343.00;53
5887;17;623968351;5887;370;6818;6870;6.75;0.41;258.89;5.18;931;17;2344.00;52
5891;17;623968362;5891;378;6820;6870;6.64;0.41;258.93;5.20;929;17;2345.00;50
5892;17;623968373;5892;386;6824;6874;6.58;0.40;258.91;5.20;932;17;2346.00;50
5894;17;623968383;5894;381;6826;6874;6.51;0.40;258.89;5.22;932;17;2347.00;48
5896;17;623968396;5896;379;6830;6878;6.52;0.40;259.00;5.21;934;17;2348.00;48
5897;17;623968408;5897;378;6833;6879;6.51;0.40;259.04;5.23;936;17;2349.00;46
5899;17;623968419;5899;381;6833;6879;6.43;0.39;259.04;5.23;934;17;2350.00;46
5902;17;623968430;5902;379;6834;6879;6.38;0.39;259.03;5.24;932;17;2351.00;45
5905;18;623968441;5905;382;6847;6892;6.32;0.39;258.92;5.25;942;18;2352.00;45
5906;18;623968466;5906;380;6847;6892;6.26;0.38;258.99;5.25;941;18;2353.00;45
5909;18;623968485;5909;387;6847;6892;6.20;0.38;258.94;5.25;938;18;2354.00;45
5909;18;623968496;5909;381;6850;6893;6.21;0.38;258.94;5.27;941;18;2355.00;43
5910;18;623968510;5910;384;6850;6894;6.16;0.38;258.91;5.27;940;18;2356.00;44
5912;18;623968522;5912;389;6852;6894;6.10;0.37;258.86;5.29;940;18;2357.00;42
5912;18;623968534;5912;396;6855;6897;6.07;0.37;258.86;5.29;943;18;2358.00;42
5914;19;623968547;5914;390;6855;6897;6.04;0.37;258.81;5.29;941;19;2359.00;42
5915;19;623968568;5915;389;6857;6897;5.99;0.37;258.77;5.31;942;19;2360.00;40
5916;19;623968579;5916;384;6857;6897;5.92;0.36;258.75;5.31;941;19;2361.00;40
5916;19;623968591;5916;388;6862;6903;5.99;0.37;258.75;5.30;946;19;2362.00;41
5918;19;623968608;5918;382;6864;6903;5.95;0.36;258.72;5.32;946;19;2363.00;39
5920;19;623968625;5920;376;6864;6903;5.90;0.36;258.74;5.32;944;19;2364.00;39
5920;19;623968635;5920;372;6864;6903;5.91;0.36;258.74;5.32;944;19;2365.00;39
5924;19;623968646;5924;369;6869;6907;5.86;0.36;258.67;5.33;945;19;2366.00;38
5924;19;623968657;5924;368;6871;6908;5.81;0.35;258.67;5.34;947;19;2367.00;37
5926;19;623968675;5926;368;6873;6908;5.82;0.36;258.63;5.35;947;19;2368.00;35
5926;19;623968685;5926;370;6875;6909;5.89;0.36;258.63;5.35;949;19;2369.00;34
5928;19;623968697;5928;373;6875;6909;5.87;0.36;258.80;5.35;947;19;2370.00;34
5934;19;623968707;5934;372;6875;6909;5.79;0.35;258.76;5.35;941;19;2371.00;34
5936;19;623968718;5936;373;6877;6909;5.71;0.35;258.81;5.36;941;19;2372.00;32
5939;19;623968728;5939;372;6877;6909;5.61;0.34;258.86;5.36;938;19;2373.00;32
5941;19;623968738;5941;368;6877;6909;5.55;0.34;258.90;5.36;936;19;2374.00;32
5942;19;623968749;5942;373;6879;6909;5.51;0.34;258.91;5.37;937;19;2375.00;30
5946;19;623968759;5946;387;6923;6979;5.59;0.34;258.96;5.33;977;19;2376.00;56
5950;19;623968777;5950;384;6927;6980;5.48;0.34;259.00;5.34;977;19;2377.00;53
5952;19;623968788;5952;387;6932;6980;5.52;0.34;259.11;5.33;980;19;2378.00;48
5956;19;623968805;5956;387;6934;6980;5.50;0.34;259.21;5.34;978;19;2379.00;46
5959;19;623968816;5959;375;6935;6980;5.52;0.34;259.24;5.34;976;19;2380.00;45
5961;19;623968826;5961;372;6935;6980;5.53;0.34;259.33;5.34;974;19;2381.00;45
5963;19;623968839;5963;368;6938;6980;5.52;0.34;259.39;5.34;975;19;2382.00;42
5966;19;623968851;5966;368;6939;6980;5.56;0.34;259.35;5.34;973;19;2383.00;41
5968;19;623968862;5968;362;6940;6981;5.60;0.34;259.42;5.34;972;19;2384.00;41
5970;19;623968879;5970;365;6945;6983;5.67;0.35;259.55;5.34;975;19;2385.00;38
5975;19;623968892;5975;374;6945;6983;5.71;0.35;259.61;5.34;970;19;2386.00;38
5979;19;623968903;5979;374;6951;6987;5.83;0.36;259.66;5.34;972;19;2387.00;36
5981;19;623968915;5981;367;6954;6987;5.93;0.36;259.77;5.34;973;19;2388.00;33
5985;19;623968927;5985;364;6956;6987;6.03;0.37;259.95;5.34;971;19;2389.00;31
5989;19;623968939;5989;363;6960;6987;6.16;0.38;260.05;5.35;971;19;2390.00;27
5990;19;623968951;5990;368;6966;6993;6.30;0.39;260.08;5.34;976;19;2391.00;27
5996;19;623968963;5996;364;6966;6993;6.38;0.39;260.13;5.34;970;19;2392.00;27
6000;19;623968978;6000;363;6966;6993;6.43;0.39;260.30;5.34;966;19;2393.00;27
6004;19;623968993;6004;358;6968;6996;6.52;0.40;260.35;5.34;964;19;2394.00;28
6008;19;623969010;6008;360;6968;6996;6.63;0.40;260.46;5.34;960;19;2395.00;28
6014;19;623969024;6014;355;6969;6996;6.68;0.41;260.51;5.34;955;19;2396.00;27
6015;19;623969036;6015;356;6970;6997;6.77;0.41;260.53;5.34;955;19;2397.00;27
6020;19;623969048;6020;356;6971;6998;6.87;0.42;260.73;5.34;951;19;2398.00;27
6028;19;623969060;6028;356;6971;6998;6.81;0.41;260.68;5.34;943;19;2399.00;27
6031;19;623969075;6031;363;6994;7057;6.83;0.42;260.78;5.32;963;19;2400.00;63
6036;19;623969098;6036;353;6997;7057;6.83;0.42;260.80;5.32;961;19;2401.00;60
6039;19;623969116;6039;352;7000;7057;6.85;0.42;260.81;5.32;961;19;2402.00;57
6043;19;623969129;6043;349;7002;7058;6.90;0.42;260.84;5.32;959;19;2403.00;56
6047;19;623969142;6047;349;7003;7058;6.90;0.42;260.90;5.32;956;19;2404.00;55
6051;19;623969154;6051;351;7008;7062;6.86;0.42;261.09;5.32;957;19;2405.00;54
6054;19;623969167;6054;354;7009;7062;6.84;0.42;261.18;5.32;955;19;2406.00;53
6059;19;623969179;6059;348;7012;7066;6.88;0.42;261.20;5.31;953;19;2407.00;54
6062;19;623969191;6062;351;7013;7066;6.89;0.42;261.27;5.31;951;19;2408.00;53
6065;19;623969203;6065;350;7014;7066;6.84;0.42;261.32;5.32;949;19;2409.00;52
6067;19;623969215;6067;352;7014;7066;6.82;0.41;261.36;5.32;947;19;2410.00;52
6071;19;623969227;6071;358;7015;7066;6.80;0.41;261.51;5.32;944;19;2411.00;51
6074;19;623969239;6074;352;7022;7078;6.81;0.41;261.57;5.31;948;19;2412.00;56
6075;19;623969253;6075;342;7022;7078;6.87;0.42;261.58;5.31;947;19;2413.00;56
6078;19;623969264;6078;337;7025;7078;6.91;0.42;261.70;5.31;947;19;2414.00;53
6083;19;623969276;6083;340;7026;7078;6.87;0.42;261.81;5.31;943;19;2415.00;52
6087;19;623969289;6087;338;7027;7078;6.85;0.42;261.81;5.32;940;19;2416.00;51
6091;19;623969301;6091;339;7027;7078;6.86;0.42;261.85;5.32;936;19;2417.00;51
6095;19;623969318;6095;332;7028;7079;6.83;0.42;261.89;5.32;933;19;2418.00;51
6098;19;623969330;6098;336;7028;7079;6.87;0.42;261.89;5.32;930;19;2419.00;51
6102;19;623969342;6102;337;7035;7085;6.79;0.41;261.91;5.32;933;19;2420.00;50
6105;19;623969355;6105;341;7036;7086;6.79;0.41;262.02;5.32;931;19;2421.00;50
6109;19;623969366;6109;335;7037;7086;6.80;0.41;262.09;5.32;928;19;2422.00;49
6112;19;623969379;6112;338;7037;7086;6.81;0.42;262.14;5.32;925;19;2423.00;49
6117;19;623969391;6117;340;7039;7090;6.88;0.42;262.20;5.32;922;19;2424.00;51
6118;19;623969409;6118;349;7040;7090;6.92;0.42;262.28;5.32;922;19;2425.00;50
6123;19;623969421;6123;348;7042;7090;6.93;0.42;262.25;5.32;919;19;2426.00;48
6127;19;623969433;6127;334;7044;7091;6.95;0.42;262.22;5.33;917;19;2427.00;47
6130;19;623969446;6130;334;7047;7095;7.03;0.43;262.29;5.32;917;19;2428.00;48
6133;19;623969458;6133;326;7047;7095;7.10;0.43;262.35;5.32;914;19;2429.00;48
6135;19;623969474;6135;328;7052;7101;7.15;0.44;262.38;5.32;917;19;2430.00;49
6140;19;623969486;6140;331;7052;7101;7.12;0.43;262.48;5.32;912;19;2431.00;49
6142;19;623969499;6142;330;7054;7101;7.10;0.43;262.50;5.32;912;19;2432.00;47
6146;19;623969512;6146;335;7054;7101;7.14;0.43;262.65;5.32;908;19;2433.00;47
6152;19;623969526;6152;334;7058;7105;7.13;0.43;262.82;5.32;906;19;2434.00;47
6152;19;623969538;6152;332;7058;7105;7.15;0.43;262.82;5.32;906;19;2435.00;47
6155;19;623969554;6155;321;7058;7105;7.15;0.43;262.90;5.32;903;19;2436.00;47
6160;19;623969565;6160;310;7058;7105;7.09;0.43;262.94;5.32;898;19;2437.00;47
6162;19;623969577;6162;304;7059;7106;7.13;0.43;263.04;5.33;897;19;2438.00;47
6164;19;623969587;6164;300;7060;7107;7.17;0.43;263.14;5.32;896;19;2439.00;47
6166;19;623969599;6166;296;7060;7107;7.21;0.44;263.18;5.32;894;19;2440.00;47
6169;19;623969617;6169;291;7061;7108;7.24;0.44;263.10;5.32;892;19;2441.00;47
6173;19;623969631;6173;286;7061;7108;7.23;0.44;263.21;5.32;888;19;2442.00;47
6177;19;623969649;6177;291;7062;7108;7.25;0.44;263.22;5.33;885;19;2443.00;46
6180;19;623969662;6180;290;7062;7108;7.27;0.44;263.29;5.33;882;19;2444.00;46
6182;19;623969675;6182;291;7062;7108;7.33;0.44;263.32;5.33;880;19;2445.00;46
6183;19;623969687;6183;287;7062;7108;7.39;0.45;263.30;5.33;879;19;2446.00;46
6185;19;623969699;6185;292;7062;7108;7.44;0.45;263.35;5.33;877;19;2447.00;46
6186;19;623969712;6186;313;7127;7235;7.53;0.46;263.42;5.28;941;19;2448.00;108
6188;19;623969736;6188;309;7129;7236;7.49;0.46;263.41;5.29;941;19;2449.00;107
6190;19;623969750;6190;303;7134;7236;7.51;0.46;263.42;5.28;944;19;2450.00;102
6191;19;623969762;6191;303;7136;7236;7.54;0.46;263.41;5.28;945;19;2451.00;100
6195;19;623969775;6195;298;7141;7236;7.60;0.47;263.59;5.28;946;19;2452.00;95
6196;19;623969788;6196;302;7145;7236;7.69;0.47;263.58;5.28;949;19;2453.00;91
6198;19;623969800;6198;304;7150;7236;7.77;0.48;263.60;5.29;952;19;2454.00;86
6200;19;623969813;6200;305;7154;7236;7.81;0.48;263.67;5.29;954;19;2455.00;82
6201;19;623969826;6201;304;7157;7237;7.83;0.48;263.66;5.30;956;19;2456.00;80
6203;19;623969838;6203;307;7161;7238;7.80;0.48;263.73;5.30;958;19;2457.00;77
6205;19;623969851;6205;304;7164;7238;7.73;0.47;263.78;5.30;959;19;2458.00;74
6207;19;623969863;6207;309;7165;7239;7.70;0.47;263.77;5.30;958;19;2459.00;74
6209;19;623969878;6209;311;7167;7239;7.67;0.47;263.85;5.31;958;19;2460.00;72
6213;19;623969891;6213;319;7170;7239;7.64;0.47;263.97;5.31;957;19;2461.00;69
6219;19;623969904;6219;316;7171;7239;7.60;0.47;264.06;5.31;952;19;2462.00;68
6222;19;623969915;6222;316;7176;7243;7.59;0.47;264.19;5.31;954;19;2463.00;67
6223;19;623969928;6223;319;7176;7243;7.58;0.46;264.23;5.31;953;19;2464.00;67
6224;19;623969940;6224;321;7179;7243;7.63;0.47;264.23;5.32;955;19;2465.00;64
6227;19;623969951;6227;324;7182;7246;7.64;0.47;264.17;5.33;955;19;2466.00;64
6229;19;623969964;6229;322;7184;7246;7.73;0.47;264.20;5.40;955;19;2467.00;62
6230;19;623969978;6230;316;7187;7246;7.73;0.47;264.17;5.40;957;19;2468.00;59
6230;19;623969994;6230;318;7191;7250;7.75;0.47;264.17;5.40;961;19;2469.00;59
6231;19;623970015;6231;323;7192;7251;7.71;0.47;264.23;5.40;961;19;2470.00;59
6232;19;623970036;6232;319;7194;7251;7.71;0.47;264.21;5.41;962;19;2471.00;57
6237;19;623970067;6237;320;7195;7255;7.69;0.47;264.16;5.41;958;19;2472.00;60
6239;19;623970085;6239;315;7197;7255;7.67;0.47;264.20;5.41;958;19;2473.00;58
6243;19;623970101;6243;321;7198;7255;7.68;0.47;264.38;5.41;955;19;2474.00;57
6247;19;623970115;6247;321;7200;7257;7.67;0.47;264.36;5.41;953;19;2475.00;57
6248;19;623970135;6248;320;7200;7257;7.70;0.47;264.32;5.41;952;19;2476.00;57
6251;19;623970149;6251;321;7204;7263;7.72;0.47;264.35;5.40;953;19;2477.00;59
6254;19;623970163;6254;327;7204;7263;7.79;0.48;264.32;5.40;950;19;2478.00;59
6257;19;623970176;6257;328;7205;7264;7.80;0.48;264.31;5.40;948;19;2479.00;59
6260;19;623970189;6260;326;7205;7264;7.83;0.48;264.32;5.40;945;19;2480.00;59
6265;19;623970201;6265;321;7206;7264;7.80;0.48;264.32;5.47;941;19;2481.00;58
6268;19;623970213;6268;318;7206;7264;7.80;0.48;264.28;5.47;938;19;2482.00;58
6274;19;623970225;6274;312;7206;7264;7.82;0.48;264.38;5.47;932;19;2483.00;58
6277;19;623970236;6277;310;7216;7276;7.91;0.48;264.34;5.53;939;19;2484.00;60
6284;19;623970251;6284;310;7219;7276;7.83;0.48;264.30;5.55;935;19;2485.00;57
6287;19;623970263;6287;309;7220;7276;7.83;0.48;264.27;5.55;933;19;2486.00;56
6290;19;623970275;6290;304;7221;7276;7.76;0.47;264.28;5.61;931;19;2487.00;55
6294;19;623970287;6294;303;7221;7276;7.71;0.47;264.20;5.61;927;19;2488.00;55
6297;19;623970298;6297;307;7221;7276;7.71;0.47;264.18;5.61;924;19;2489.00;55
6301;19;623970312;6301;308;7224;7280;7.63;0.46;264.10;5.61;923;19;2490.00;56
6302;19;623970330;6302;307;7225;7280;7.59;0.46;264.07;5.67;923;19;2491.00;55
6303;19;623970342;6303;313;7229;7284;7.62;0.46;264.06;5.67;926;19;2492.00;55
6303;19;623970360;6303;302;7230;7285;7.59;0.46;264.06;5.66;927;19;2493.00;55
6306;19;623970372;6306;309;7230;7285;7.52;0.46;264.02;5.66;924;19;2494.00;55
6308;19;623970383;6308;308;7230;7285;7.48;0.46;264.05;5.66;922;19;2495.00;55
6309;19;623970394;6309;317;7240;7298;7.45;0.45;264.01;5.67;931;19;2496.00;58
6311;19;623970407;6311;310;7241;7298;7.41;0.45;263.96;5.72;930;19;2497.00;57
6313;19;623970419;6313;319;7241;7298;7.42;0.45;264.05;5.72;928;19;2498.00;57
6315;19;623970431;6315;307;7242;7299;7.40;0.45;264.00;5.71;927;19;2499.00;57
6318;19;623970444;6318;303;7243;7300;7.38;0.45;264.00;5.76;925;19;2500.00;57
6318;19;623970460;6318;301;7245;7300;7.40;0.45;264.00;5.78;927;19;2501.00;55
6324;19;623970473;6324;294;7247;7303;7.38;0.45;263.88;5.78;923;19;2502.00;56
6324;19;623970486;6324;291;7249;7303;7.40;0.45;263.88;5.79;925;19;2503.00;54
6330;19;623970497;6330;296;7249;7303;7.42;0.45;263.82;5.79;919;19;2504.00;54
6331;19;623970508;6331;300;7249;7303;7.45;0.45;263.87;5.79;918;19;2505.00;54
6332;19;623970533;6332;299;7256;7309;7.57;0.46;263.88;5.80;924;19;2506.00;53
6334;19;623970545;6334;298;7256;7309;7.58;0.46;263.89;5.80;922;19;2507.00;53
6336;19;623970556;6336;299;7256;7309;7.58;0.46;263.92;5.80;920;19;2508.00;53
6336;19;623970568;6336;295;7257;7309;7.60;0.46;263.92;5.80;921;19;2509.00;52
6337;19;623970580;6337;299;7260;7313;7.55;0.46;263.93;5.80;923;19;2510.00;53
6340;19;623970600;6340;308;7264;7314;7.49;0.45;263.95;5.81;924;19;2511.00;50
6342;19;623970618;6342;305;7264;7314;7.35;0.45;263.88;5.81;922;19;2512.00;50
6342;19;623970629;6342;315;7267;7315;7.29;0.44;263.88;5.84;925;19;2513.00;48
6343;19;623970641;6343;321;7267;7315;7.26;0.44;263.89;5.84;924;19;2514.00;48
6345;19;623970652;6345;316;7269;7315;7.18;0.44;263.89;5.86;924;19;2515.00;46
6346;19;623970664;6346;324;7270;7315;7.14;0.43;263.90;5.87;924;19;2516.00;45
6346;19;623970675;6346;323;7271;7315;7.09;0.43;263.90;5.88;925;19;2517.00;44
6347;19;623970685;6347;324;7271;7315;7.00;0.42;263.91;5.88;924;19;2518.00;44
6349;19;623970697;6349;326;7274;7315;6.90;0.42;264.01;5.91;925;19;2519.00;41
6349;19;623970709;6349;340;7329;7440;7.10;0.44;264.01;5.87;980;19;2520.00;111
6352;19;623970732;6352;338;7330;7441;7.09;0.44;264.18;5.87;978;19;2521.00;111
6355;19;623970745;6355;330;7342;7441;7.15;0.44;264.19;5.87;987;19;2522.00;99
6357;19;623970756;6357;330;7352;7441;7.16;0.44;264.21;5.87;995;19;2523.00;89
6357;19;623970767;6357;326;7361;7441;7.19;0.44;264.21;5.87;1004;19;2524.00;80
6360;19;623970785;6360;329;7364;7441;7.11;0.44;264.27;5.88;1004;19;2525.00;77
6362;19;623970796;6362;330;7370;7441;7.07;0.43;264.29;5.88;1008;19;2526.00;71
6364;20;623970809;6364;340;7378;7441;6.99;0.43;264.25;5.89;1014;20;2527.00;63
6366;20;623970827;6366;349;7382;7442;6.94;0.43;264.26;5.89;1016;20;2528.00;60
6367;20;623970839;6367;354;7386;7443;6.84;0.42;264.22;5.91;1019;20;2529.00;57
6370;20;623970851;6370;354;7390;7443;6.78;0.42;264.19;5.91;1020;20;2530.00;53
6372;20;623970864;6372;350;7396;7447;6.69;0.41;264.25;5.92;1024;20;2531.00;51
6374;20;623970876;6374;349;7396;7447;6.59;0.40;264.20;5.92;1022;20;2532.00;51
6376;20;623970888;6376;352;7397;7447;6.47;0.40;264.24;5.92;1021;20;2533.00;50
6380;20;623970900;6380;350;7397;7447;6.42;0.39;264.35;5.92;1017;20;2534.00;50
6384;20;623970925;6384;359;7403;7453;6.39;0.39;264.42;5.92;1019;20;2535.00;50
6384;20;623970939;6384;357;7404;7453;6.38;0.39;264.42;5.93;1020;20;2536.00;49
6386;20;623970952;6386;354;7405;7455;6.39;0.39;264.55;5.93;1019;20;2537.00;50
6388;20;623970971;6388;356;7410;7458;6.38;0.39;264.54;5.95;1022;20;2538.00;48
6395;20;623970985;6395;361;7412;7458;6.28;0.38;264.64;5.95;1017;20;2539.00;46
6397;20;623971002;6397;370;7413;7458;6.25;0.38;264.70;5.95;1016;20;2540.00;45
6400;20;623971015;6400;371;7414;7459;6.15;0.38;264.76;5.96;1014;20;2541.00;45
6402;20;623971027;6402;368;7417;7460;6.11;0.37;264.78;5.97;1015;20;2542.00;43
6405;20;623971040;6405;377;7417;7460;6.06;0.37;264.76;5.97;1012;20;2543.00;43
6408;20;623971052;6408;380;7427;7473;6.01;0.37;264.70;5.97;1019;20;2544.00;46
6411;20;623971066;6411;379;7429;7473;6.00;0.37;264.74;5.96;1018;20;2545.00;44
6413;20;623971078;6413;378;7430;7473;5.99;0.37;264.79;5.97;1017;20;2546.00;43
6416;20;623971090;6416;378;7433;7474;5.96;0.37;264.81;5.97;1017;20;2547.00;41
6418;20;623971102;6418;389;7434;7474;5.93;0.37;264.81;5.97;1016;20;2548.00;40
6422;20;623971118;6422;389;7438;7478;5.97;0.37;264.93;5.97;1016;20;2549.00;40
6424;20;623971132;6424;386;7440;7481;5.95;0.37;264.98;5.97;1016;20;2550.00;41
6428;20;623971144;6428;386;7445;7485;5.89;0.36;265.10;5.97;1017;20;2551.00;40
6430;20;623971157;6430;377;7447;7485;5.89;0.36;265.11;5.97;1017;20;2552.00;38
6432;20;623971169;6432;372;7448;7485;5.88;0.36;265.15;5.97;1016;20;2553.00;37
6435;20;623971184;6435;371;7448;7485;5.89;0.36;265.13;5.97;1013;20;2554.00;37
6437;20;623971196;6437;371;7448;7485;5.86;0.36;265.16;5.97;1011;20;2555.00;37
6439;20;623971208;6439;375;7458;7497;5.97;0.37;265.15;5.96;1019;20;2556.00;39
6445;20;623971221;6445;372;7458;7497;5.96;0.37;265.36;5.96;1013;20;2557.00;39
6447;20;623971233;6447;372;7459;7497;6.02;0.37;265.37;5.96;1012;20;2558.00;38
6449;20;623971245;6449;357;7459;7497;6.08;0.38;265.50;5.96;1010;20;2559.00;38
6452;20;623971257;6452;354;7459;7497;6.11;0.38;265.52;5.96;1007;20;2560.00;38
6454;20;623971268;6454;353;7460;7497;6.19;0.38;265.63;6.01;1006;20;2561.00;37
6458;20;623971282;6458;343;7460;7498;6.25;0.39;265.58;6.01;1002;20;2562.00;38
6461;20;623971294;6461;344;7460;7498;6.34;0.39;265.63;6.01;999;20;2563.00;38
6463;20;623971306;6463;341;7465;7504;6.45;0.40;265.67;6.01;1002;20;2564.00;39
6467;20;623971318;6467;339;7466;7506;6.51;0.40;265.67;6.01;999;20;2565.00;40
6470;20;623971331;6470;334;7467;7506;6.59;0.41;265.67;6.01;997;20;2566.00;39
6477;20;623971344;6477;335;7467;7506;6.60;0.41;265.75;6.01;990;20;2567.00;39
6480;20;623971356;6480;333;7470;7510;6.66;0.41;265.81;6.00;990;20;2568.00;40
6487;20;623971369;6487;327;7470;7510;6.64;0.41;265.84;6.00;983;20;2569.00;40
6495;20;623971382;6495;327;7470;7510;6.62;0.41;266.01;6.00;975;20;2570.00;40
6498;20;623971395;6498;320;7471;7511;6.63;0.41;266.03;6.00;973;20;2571.00;40
6502;20;623971407;6502;317;7474;7515;6.62;0.40;266.13;6.00;972;20;2572.00;41
6504;20;623971425;6504;318;7474;7515;6.64;0.41;266.16;6.00;970;20;2573.00;41
6511;20;623971438;6511;314;7476;7518;6.63;0.40;266.21;6.00;965;20;2574.00;42
6516;20;623971451;6516;319;7476;7518;6.60;0.40;266.24;6.00;960;20;2575.00;42
6519;20;623971464;6519;321;7478;7518;6.61;0.40;266.27;6.05;959;20;2576.00;40
6524;20;623971477;6524;326;7478;7518;6.59;0.40;266.38;6.05;954;20;2577.00;40
6528;20;623971490;6528;333;7482;7522;6.61;0.40;266.41;6.05;954;20;2578.00;40
6531;20;623971503;6531;333;7482;7522;6.65;0.41;266.43;6.05;951;20;2579.00;40
6535;20;623971517;6535;329;7482;7522;6.71;0.41;266.45;6.05;947;20;2580.00;40
6543;20;623971530;6543;336;7482;7522;6.71;0.41;266.46;6.05;939;20;2581.00;40
6546;20;623971543;6546;336;7482;7523;6.75;0.41;266.48;6.05;936;20;2582.00;41
6549;20;623971555;6549;333;7483;7524;6.79;0.41;266.55;6.05;934;20;2583.00;41
6551;20;623971568;6551;334;7483;7524;6.81;0.42;266.56;6.05;932;20;2584.00;41
6557;20;623971580;6557;341;7484;7525;6.86;0.42;266.60;6.05;927;20;2585.00;41
6562;20;623971592;6562;348;7484;7525;6.88;0.42;266.66;6.05;922;20;2586.00;41
6566;20;623971604;6566;353;7484;7525;6.91;0.42;266.73;6.05;918;20;2587.00;41
6571;20;623971616;6571;353;7484;7525;6.87;0.42;266.73;6.05;913;20;2588.00;41
6578;20;623971628;6578;349;7484;7525;6.81;0.42;266.83;6.05;906;20;2589.00;41
6582;20;623971641;6582;346;7484;7525;6.75;0.41;266.91;6.05;902;20;2590.00;41
6586;20;623971652;6586;347;7484;7525;6.61;0.40;266.90;6.05;898;20;2591.00;41
6589;20;623971664;6589;360;7558;7652;6.62;0.41;266.94;6.05;969;20;2592.00;94
6594;20;623971687;6594;349;7560;7653;6.51;0.40;266.95;6.05;966;20;2593.00;93
6596;20;623971700;6596;342;7565;7653;6.50;0.40;266.97;6.04;969;20;2594.00;88
6600;20;623971711;6600;343;7567;7653;6.53;0.40;267.03;6.04;967;20;2595.00;86
6604;20;623971723;6604;348;7571;7653;6.60;0.41;267.06;6.04;967;20;2596.00;82
6606;20;623971735;6606;340;7574;7653;6.65;0.41;267.16;6.04;968;20;2597.00;79
6610;20;623971748;6610;338;7577;7653;6.69;0.41;267.24;6.04;967;20;2598.00;76
6614;20;623971766;6614;333;7579;7653;6.70;0.41;267.32;6.04;965;20;2599.00;74
6617;20;623971779;6617;335;7582;7654;6.73;0.41;267.49;6.04;965;20;2600.00;72
6619;20;623971796;6619;341;7585;7655;6.74;0.41;267.54;6.04;966;20;2601.00;70
6621;20;623971809;6621;345;7590;7655;6.77;0.41;267.53;6.05;969;20;2602.00;65
6622;21;623971821;6622;357;7592;7656;6.76;0.41;267.56;6.05;970;21;2603.00;64
6624;21;623971844;6624;363;7594;7656;6.76;0.41;267.57;6.05;970;21;2604.00;62
6625;21;623971856;6625;372;7596;7656;6.77;0.41;267.58;6.05;971;21;2605.00;60
6627;21;623971874;6627;365;7597;7656;6.78;0.42;267.57;6.05;970;21;2606.00;59
6629;21;623971887;6629;367;7601;7660;6.84;0.42;267.64;6.05;972;21;2607.00;59
6634;21;623971900;6634;375;7602;7660;6.80;0.42;267.66;6.11;968;21;2608.00;58
6637;21;623971914;6637;372;7603;7660;6.81;0.42;267.76;6.11;966;21;2609.00;57
6639;21;623971928;6639;373;7607;7666;6.83;0.42;267.72;6.11;968;21;2610.00;59
6643;21;623971943;6643;373;7608;7666;6.80;0.41;267.78;6.11;965;21;2611.00;58
6644;21;623971956;6644;370;7610;7666;6.86;0.42;267.76;6.11;966;21;2612.00;56
6647;21;623971969;6647;374;7614;7670;6.88;0.42;267.86;6.11;967;21;2613.00;56
6649;21;623971983;6649;374;7617;7671;6.90;0.42;267.90;6.11;968;21;2614.00;54
6652;21;623972001;6652;374;7618;7671;6.90;0.42;267.98;6.12;966;21;2615.00;53
6655;21;623972024;6655;377;7622;7675;6.89;0.42;267.96;6.11;967;21;2616.00;53
6655;21;623972044;6655;372;7623;7675;6.84;0.42;267.96;6.11;968;21;2617.00;52
6657;21;623972063;6657;371;7623;7675;6.87;0.42;268.04;6.11;966;21;2618.00;52
6657;21;623972081;6657;378;7624;7676;6.96;0.42;268.04;6.11;967;21;2619.00;52
6662;21;623972099;6662;377;7624;7676;6.95;0.42;268.10;6.11;962;21;2620.00;52
6665;21;623972114;6665;378;7629;7682;6.97;0.42;268.03;6.11;964;21;2621.00;53
6667;21;623972129;6667;379;7629;7682;7.01;0.43;268.10;6.11;962;21;2622.00;53
6670;21;623972143;6670;379;7629;7683;6.96;0.42;268.10;6.11;959;21;2623.00;54
6672;21;623972158;6672;379;7629;7683;6.94;0.42;268.13;6.11;957;21;2624.00;54
6676;21;623972173;6676;381;7629;7683;6.88;0.42;268.13;6.11;953;21;2625.00;54
6678;21;623972186;6678;380;7629;7683;6.81;0.41;268.10;6.11;951;21;2626.00;54
6679;21;623972199;6679;373;7629;7683;6.80;0.41;268.10;6.11;950;21;2627.00;54
6683;21;623972211;6683;369;7639;7695;6.84;0.42;268.10;6.10;956;21;2628.00;56
6684;21;623972226;6684;369;7639;7695;6.85;0.42;268.10;6.10;955;21;2629.00;56
6690;21;623972239;6690;366;7640;7695;6.83;0.42;268.08;6.10;950;21;2630.00;55
6692;21;623972251;6692;370;7640;7695;6.82;0.41;268.05;6.10;948;21;2631.00;55
6694;21;623972264;6694;370;7640;7695;6.84;0.42;268.03;6.10;946;21;2632.00;55
6694;21;623972275;6694;371;7640;7695;6.86;0.42;268.03;6.10;946;21;2633.00;55
6695;21;623972287;6695;365;7643;7699;6.92;0.42;268.00;6.10;948;21;2634.00;56
6697;21;623972299;6697;365;7643;7699;7.00;0.43;267.94;6.10;946;21;2635.00;56
6700;21;623972312;6700;366;7647;7703;7.08;0.43;267.87;6.10;947;21;2636.00;56
6703;21;623972325;6703;368;7648;7704;7.09;0.43;267.81;6.09;945;21;2637.00;56
6706;21;623972338;6706;365;7648;7704;7.08;0.43;267.76;6.09;942;21;2638.00;56
6708;21;623972351;6708;363;7648;7704;7.09;0.43;267.74;6.09;940;21;2639.00;56
6708;21;623972365;6708;372;7671;7733;7.09;0.43;267.74;6.08;963;21;2640.00;62
6709;21;623972379;6709;364;7671;7733;7.09;0.43;267.73;6.08;962;21;2641.00;62
6711;21;623972391;6711;370;7673;7733;7.13;0.43;267.71;6.08;962;21;2642.00;60
6714;21;623972403;6714;363;7674;7734;7.16;0.44;267.73;6.07;960;21;2643.00;60
6717;21;623972415;6717;376;7674;7735;7.15;0.43;267.70;6.07;957;21;2644.00;61
6719;21;623972426;6719;375;7674;7735;7.13;0.43;267.69;6.07;955;21;2645.00;61
6720;21;623972438;6720;377;7676;7738;7.17;0.44;267.70;6.07;956;21;2646.00;62
6724;21;623972449;6724;375;7676;7738;7.08;0.43;267.67;6.07;952;21;2647.00;62
6727;21;623972462;6727;376;7677;7738;7.10;0.43;267.73;6.07;950;21;2648.00;61
6729;21;623972475;6729;378;7677;7738;7.07;0.43;267.71;6.07;948;21;2649.00;61
6731;21;623972487;6731;379;7682;7744;7.06;0.43;267.70;6.07;951;21;2650.00;62
6733;21;623972500;6733;372;7682;7744;7.07;0.43;267.68;6.07;949;21;2651.00;62
6733;21;623972511;6733;359;7682;7744;7.08;0.43;267.68;6.07;949;21;2652.00;62
6734;21;623972523;6734;351;7682;7744;7.03;0.43;267.68;6.07;948;21;2653.00;62
6738;21;623972535;6738;346;7685;7748;7.02;0.43;267.62;6.07;947;21;2654.00;63
6739;21;623972547;6739;346;7688;7750;7.13;0.43;267.69;6.08;949;21;2655.00;62
6742;21;623972561;6742;340;7688;7750;7.14;0.44;267.64;6.08;946;21;2656.00;62
6744;21;623972573;6744;336;7689;7751;7.28;0.44;267.62;6.08;945;21;2657.00;62
6746;21;623972594;6746;329;7689;7751;7.39;0.45;267.58;6.08;943;21;2658.00;62
6748;21;623972609;6748;326;7689;7751;7.51;0.46;267.53;6.08;941;21;2659.00;62
6750;21;623972622;6750;320;7689;7751;7.61;0.46;267.46;6.08;939;21;2660.00;62
6751;21;623972634;6751;317;7689;7751;7.73;0.47;267.44;6.08;938;21;2661.00;62
6753;21;623972647;6753;315;7689;7751;7.78;0.47;267.39;6.08;936;21;2662.00;62
6756;21;623972662;6756;303;7689;7751;7.81;0.47;267.35;6.08;933;21;2663.00;62
6757;21;623972674;6757;305;7725;7821;7.99;0.49;267.32;6.05;968;21;2664.00;96
6761;21;623972691;6761;303;7726;7822;7.95;0.48;267.30;6.05;965;21;2665.00;96
6762;21;623972704;6762;299;7735;7822;7.95;0.48;267.26;6.04;973;21;2666.00;87
6762;21;623972716;6762;297;7737;7822;7.89;0.48;267.26;6.04;975;21;2667.00;85
6763;21;623972728;6763;294;7740;7822;7.86;0.48;267.23;6.04;977;21;2668.00;82
6764;21;623972741;6764;297;7742;7822;7.84;0.48;267.20;6.04;978;21;2669.00;80
6765;21;623972757;6765;291;7744;7822;7.86;0.48;267.21;6.04;979;21;2670.00;78
6766;22;623972776;6766;290;7746;7822;7.86;0.48;267.24;6.04;980;22;2671.00;76
6771;22;623972800;6771;290;7747;7823;7.81;0.47;267.22;6.04;976;22;2672.00;76
6771;22;623972813;6771;289;7749;7824;7.84;0.48;267.22;6.04;978;22;2673.00;75
6772;22;623972825;6772;293;7751;7824;7.85;0.48;267.22;6.04;979;22;2674.00;73
6774;22;623972838;6774;299;7756;7828;7.81;0.48;267.26;6.04;982;22;2675.00;72
6776;22;623972851;6776;300;7759;7828;7.81;0.48;267.34;6.06;983;22;2676.00;69
6779;22;623972864;6779;304;7760;7828;7.83;0.48;267.37;6.06;981;22;2677.00;68
6781;22;623972876;6781;306;7761;7828;7.84;0.48;267.33;6.06;980;22;2678.00;67
6784;22;623972889;6784;313;7767;7834;7.89;0.48;267.37;6.07;983;22;2679.00;67
6784;22;623972902;6784;317;7768;7834;7.94;0.48;267.37;6.08;984;22;2680.00;66
6788;22;623972915;6788;323;7768;7834;7.92;0.48;267.40;6.08;980;22;2681.00;66
6790;22;623972928;6790;329;7771;7837;7.89;0.48;267.39;6.09;981;22;2682.00;66
6792;22;623972941;6792;326;7773;7837;7.89;0.48;267.48;6.10;981;22;2683.00;64
6795;22;623972953;6795;332;7774;7837;7.79;0.47;267.53;6.12;979;22;2684.00;63
6798;22;623972965;6798;336;7775;7838;7.74;0.47;267.55;6.12;977;22;2685.00;63
6799;22;623972986;6799;341;7776;7839;7.69;0.47;267.61;6.12;977;22;2686.00;63
6804;22;623973006;6804;344;7778;7839;7.54;0.46;267.67;6.14;974;22;2687.00;61
6805;22;623973020;6805;350;7789;7852;7.41;0.45;267.68;6.13;984;22;2688.00;63
6810;22;623973033;6810;348;7791;7852;7.25;0.44;267.66;6.15;981;22;2689.00;61
6815;22;623973051;6815;353;7791;7852;7.14;0.43;267.74;6.15;976;22;2690.00;61
6817;22;623973063;6817;363;7794;7853;7.06;0.43;267.83;6.16;977;22;2691.00;59
6821;22;623973075;6821;370;7794;7853;7.00;0.43;267.92;6.16;973;22;2692.00;59
6823;22;623973086;6823;378;7799;7857;7.01;0.43;267.94;6.17;976;22;2693.00;58
6825;22;623973099;6825;378;7800;7857;6.93;0.42;267.99;6.18;975;22;2694.00;57
6828;22;623973111;6828;380;7803;7861;6.84;0.42;268.09;6.18;975;22;2695.00;58
6831;22;623973123;6831;384;7804;7861;6.78;0.41;268.16;6.19;973;22;2696.00;57
6832;22;623973136;6832;384;7805;7861;6.70;0.41;268.20;6.20;973;22;2697.00;56
6834;22;623973148;6834;383;7805;7861;6.62;0.40;268.27;6.20;971;22;2698.00;56
6834;22;623973160;6834;384;7808;7861;6.61;0.40;268.27;6.23;974;22;2699.00;53
6841;22;623973173;6841;382;7832;7910;6.70;0.41;268.27;6.22;991;22;2700.00;78
6842;22;623973194;6842;382;7837;7910;6.68;0.41;268.26;6.22;995;22;2701.00;73
6843;22;623973205;6843;385;7840;7910;6.73;0.41;268.24;6.22;997;22;2702.00;70
6844;22;623973218;6844;383;7841;7910;6.74;0.41;268.22;6.22;997;22;2703.00;69
6845;22;623973230;6845;384;7844;7910;6.73;0.41;268.20;6.23;999;22;2704.00;66
6848;22;623973242;6848;379;7844;7910;6.68;0.41;268.26;6.23;996;22;2705.00;66
6850;22;623973254;6850;382;7846;7911;6.67;0.41;268.32;6.24;996;22;2706.00;65
6852;22;623973267;6852;377;7848;7911;6.65;0.41;268.39;6.24;996;22;2707.00;63
6854;22;623973278;6854;373;7855;7917;6.68;0.41;268.46;6.26;1001;22;2708.00;62
6856;22;623973291;6856;379;7856;7918;6.69;0.41;268.42;6.26;1000;22;2709.00;62
6860;22;623973303;6860;383;7858;7918;6.66;0.41;268.47;6.26;998;22;2710.00;60
6863;22;623973316;6863;384;7858;7918;6.55;0.40;268.56;6.26;995;22;2711.00;60
6866;22;623973327;6866;384;7864;7922;6.52;0.40;268.64;6.27;998;22;2712.00;58
6870;22;623973339;6870;388;7864;7922;6.43;0.40;268.67;6.27;994;22;2713.00;58
6874;22;623973351;6874;389;7864;7922;6.35;0.39;268.78;6.27;990;22;2714.00;58
6878;22;623973364;6878;380;7868;7923;6.30;0.39;268.78;6.28;990;22;2715.00;55
6881;22;623973376;6881;382;7871;7927;6.25;0.39;268.89;6.28;990;22;2716.00;56
6888;22;623973389;6888;386;7873;7927;6.21;0.38;269.01;6.29;985;22;2717.00;54
6893;22;623973400;6893;386;7876;7930;6.22;0.38;269.00;6.29;983;22;2718.00;54
6896;22;623973412;6896;386;7879;7930;6.21;0.38;269.07;6.29;983;22;2719.00;51
6902;22;623973423;6902;379;7879;7930;6.24;0.38;269.15;6.29;977;22;2720.00;51
6904;22;623973435;6904;370;7880;7930;6.25;0.39;269.22;6.29;976;22;2721.00;50
6906;22;623973446;6906;359;7884;7934;6.28;0.39;269.35;6.29;978;22;2722.00;50
6909;22;623973458;6909;359;7886;7934;6.21;0.38;269.42;6.30;977;22;2723.00;48
6913;22;623973469;6913;348;7888;7934;6.18;0.38;269.47;6.30;975;22;2724.00;46
6919;22;623973481;6919;349;7888;7934;6.13;0.38;269.70;6.30;969;22;2725.00;46
6924;22;623973492;6924;345;7889;7935;6.11;0.38;269.75;6.30;965;22;2726.00;46
6928;22;623973503;6928;341;7891;7936;6.11;0.38;269.84;6.30;963;22;2727.00;45
6931;22;623973515;6931;336;7892;7936;6.15;0.38;269.95;6.30;961;22;2728.00;44
6937;22;623973527;6937;333;7894;7937;6.25;0.38;270.05;6.30;957;22;2729.00;43
6941;22;623973547;6941;328;7894;7937;6.34;0.39;270.15;6.30;953;22;2730.00;43
6946;22;623973558;6946;329;7894;7937;6.39;0.39;270.19;6.30;948;22;2731.00;43
6951;22;623973575;6951;320;7896;7937;6.43;0.40;270.23;6.31;945;22;2732.00;41
6956;22;623973587;6956;316;7896;7937;6.50;0.40;270.38;6.31;940;22;2733.00;41
6960;22;623973599;6960;316;7897;7937;6.54;0.40;270.50;6.31;937;22;2734.00;40
6965;22;623973611;6965;317;7897;7937;6.57;0.40;270.67;6.31;932;22;2735.00;40
6968;22;623973623;6968;329;7965;8064;6.78;0.42;270.71;6.26;997;22;2736.00;99
6976;22;623973647;6976;319;7970;8065;6.78;0.42;270.88;6.25;994;22;2737.00;95
6980;22;623973660;6980;327;7977;8065;6.77;0.42;270.99;6.25;997;22;2738.00;88
6986;22;623973671;6986;321;7981;8065;6.75;0.42;271.09;6.25;995;22;2739.00;84
6990;22;623973683;6990;323;7986;8065;6.78;0.42;271.12;6.25;996;22;2740.00;79
6993;22;623973695;6993;326;7987;8065;6.77;0.42;271.12;6.25;994;22;2741.00;78
7003;22;623973707;7003;335;7990;8065;6.63;0.41;271.14;6.25;987;22;2742.00;75
7005;22;623973720;7005;338;7991;8065;6.59;0.41;271.13;6.25;986;22;2743.00;74
7010;22;623973733;7010;339;7994;8066;6.58;0.40;271.11;6.25;984;22;2744.00;72
7014;22;623973745;7014;338;7997;8068;6.59;0.41;271.21;6.25;983;22;2745.00;71
7014;22;623973758;7014;341;8001;8068;6.61;0.41;271.21;6.25;987;22;2746.00;67
7020;22;623973771;7020;347;8003;8069;6.52;0.40;271.22;6.25;983;22;2747.00;66
7024;22;623973785;7024;348;8006;8069;6.48;0.40;271.35;6.25;982;22;2748.00;63
7027;22;623973797;7027;349;8009;8069;6.46;0.40;271.33;6.33;982;22;2749.00;60
7032;22;623973811;7032;343;8011;8069;6.38;0.39;271.33;6.33;979;22;2750.00;58
7035;22;623973823;7035;346;8016;8073;6.38;0.39;271.34;6.33;981;22;2751.00;57
7037;22;623973837;7037;343;8017;8073;6.40;0.39;271.37;6.33;980;22;2752.00;56
7040;22;623973850;7040;332;8020;8073;6.44;0.40;271.38;6.33;980;22;2753.00;53
7043;22;623973862;7043;334;8022;8076;6.49;0.40;271.35;6.33;979;22;2754.00;54
7045;22;623973874;7045;334;8023;8076;6.49;0.40;271.29;6.33;978;22;2755.00;53
7051;22;623973887;7051;343;8023;8076;6.43;0.40;271.31;6.33;972;22;2756.00;53
7056;22;623973899;7056;353;8027;8080;6.38;0.39;271.25;6.33;971;22;2757.00;53
7057;22;623973912;7057;359;8029;8081;6.39;0.39;271.23;6.33;972;22;2758.00;52
7062;22;623973925;7062;370;8030;8081;6.37;0.39;271.29;6.33;968;22;2759.00;51
7067;22;623973940;7067;382;8033;8086;6.31;0.39;271.27;6.33;966;22;2760.00;53
7070;22;623973952;7070;393;8033;8086;6.29;0.39;271.34;6.33;963;22;2761.00;53
7073;22;623973964;7073;397;8034;8086;6.25;0.38;271.49;6.33;961;22;2762.00;52
7075;22;623973975;7075;407;8035;8087;6.20;0.38;271.42;6.33;960;22;2763.00;52
7080;22;623973986;7080;414;8035;8087;6.10;0.37;271.48;6.33;955;22;2764.00;52
7083;22;623974002;7083;417;8041;8093;6.08;0.37;271.48;6.40;958;22;2765.00;52
7089;22;623974020;7089;421;8041;8093;5.98;0.37;271.57;6.40;952;22;2766.00;52
7092;22;623974048;7092;412;8041;8094;5.92;0.36;271.57;6.40;949;22;2767.00;53
7094;22;623974068;7094;405;8041;8094;5.88;0.36;271.56;6.40;947;22;2768.00;53
7099;22;623974087;7099;406;8041;8094;5.84;0.36;271.68;6.40;942;22;2769.00;53
7101;22;623974106;7101;405;8041;8094;5.82;0.36;271.67;6.40;940;22;2770.00;53
7102;22;623974119;7102;406;8041;8094;5.84;0.36;271.69;6.40;939;22;2771.00;53
7104;22;623974132;7104;406;8051;8106;5.98;0.36;271.71;6.39;947;22;2772.00;55
7108;22;623974147;7108;407;8052;8106;5.98;0.36;271.75;6.39;944;22;2773.00;54
7111;22;623974162;7111;411;8052;8106;5.95;0.36;271.71;6.39;941;22;2774.00;54
7114;22;623974174;7114;424;8052;8106;5.93;0.36;271.75;6.39;938;22;2775.00;54
7115;22;623974187;7115;405;8052;8106;5.93;0.36;271.72;6.39;937;22;2776.00;54
7116;22;623974200;7116;406;8052;8106;5.97;0.36;271.82;6.39;936;22;2777.00;54
7116;22;623974214;7116;390;8055;8110;6.04;0.37;271.82;6.39;939;22;2778.00;55
7117;22;623974226;7117;381;8055;8110;6.07;0.37;271.80;6.39;938;22;2779.00;55
7119;23;623974242;7119;374;8059;8114;6.14;0.38;271.74;6.39;940;23;2780.00;55
7125;23;623974278;7125;369;8060;8115;6.13;0.37;271.64;6.38;935;23;2781.00;55
7127;23;623974291;7127;368;8060;8115;6.14;0.37;271.60;6.38;933;23;2782.00;55
7129;23;623974303;7129;369;8060;8115;6.18;0.38;271.57;6.38;931;23;2783.00;55
7131;23;623974315;7131;372;8071;8128;6.31;0.38;271.52;6.38;940;23;2784.00;57
7133;23;623974327;7133;380;8071;8128;6.39;0.39;271.50;6.38;938;23;2785.00;57
7133;23;623974339;7133;386;8071;8128;6.45;0.39;271.50;6.38;938;23;2786.00;57
7136;23;623974350;7136;381;8072;8129;6.45;0.39;271.51;6.38;936;23;2787.00;57
7138;23;623974361;7138;379;8072;8130;6.47;0.39;271.45;6.38;934;23;2788.00;58
7142;23;623974374;7142;373;8072;8130;6.45;0.39;271.47;6.38;930;23;2789.00;58
7144;23;623974386;7144;371;8076;8136;6.49;0.39;271.43;6.37;932;23;2790.00;60
7146;23;623974397;7146;370;8076;8136;6.47;0.39;271.38;6.37;930;23;2791.00;60
7146;23;623974409;7146;371;8078;8136;6.48;0.39;271.38;6.37;932;23;2792.00;58
7147;23;623974419;7147;370;8078;8136;6.49;0.39;271.37;6.37;931;23;2793.00;58
7149;23;623974430;7149;372;8083;8142;6.50;0.39;271.33;6.37;934;23;2794.00;59
7149;23;623974441;7149;376;8083;8142;6.51;0.39;271.33;6.37;934;23;2795.00;59
7152;23;623974451;7152;381;8083;8142;6.48;0.39;271.32;6.37;931;23;2796.00;59
7153;23;623974461;7153;387;8083;8142;6.46;0.39;271.31;6.37;930;23;2797.00;59
7155;23;623974473;7155;384;8086;8146;6.41;0.39;271.28;6.37;931;23;2798.00;60
7155;23;623974484;7155;383;8087;8147;6.41;0.39;271.28;6.37;932;23;2799.00;60
7156;23;623974495;7156;383;8087;8147;6.39;0.39;271.24;6.37;931;23;2800.00;60
7157;23;623974511;7157;383;8088;8148;6.40;0.39;271.22;6.36;931;23;2801.00;60
7157;23;623974523;7157;381;8088;8148;6.39;0.39;271.22;6.36;931;23;2802.00;60
7157;23;623974534;7157;363;8088;8148;6.44;0.39;271.22;6.36;931;23;2803.00;60
7159;23;623974545;7159;352;8088;8148;6.51;0.39;271.22;6.36;929;23;2804.00;60
7161;23;623974555;7161;340;8088;8148;6.57;0.40;271.20;6.36;927;23;2805.00;60
7161;23;623974571;7161;333;8088;8148;6.71;0.40;271.20;6.36;927;23;2806.00;60
7163;23;623974583;7163;323;8088;8148;6.83;0.41;271.20;6.36;925;23;2807.00;60
7164;23;623974595;7164;329;8127;8218;6.97;0.42;271.26;6.33;963;23;2808.00;91
7164;23;623974615;7164;317;8128;8219;7.10;0.43;271.26;6.33;964;23;2809.00;91
7165;23;623974626;7165;304;8136;8219;7.27;0.44;271.24;6.33;971;23;2810.00;83
7165;24;623974637;7165;300;8140;8219;7.41;0.45;271.24;6.33;975;24;2811.00;79
7166;24;623974663;7166;293;8142;8219;7.51;0.45;271.23;6.33;976;24;2812.00;77
7167;24;623974677;7167;288;8144;8219;7.60;0.46;271.22;6.33;977;24;2813.00;75
7167;24;623974690;7167;287;8147;8219;7.70;0.47;271.22;6.33;980;24;2814.00;72
7168;24;623974704;7168;286;8149;8219;7.78;0.47;271.21;6.33;981;24;2815.00;70
7172;24;623974717;7172;284;8151;8220;7.88;0.48;271.16;6.33;979;24;2816.00;69
7176;24;623974730;7176;286;8154;8221;8.00;0.49;271.22;6.33;978;24;2817.00;67
7177;24;623974744;7177;293;8155;8221;8.07;0.49;271.20;6.33;978;24;2818.00;66
7180;24;623974756;7180;290;8159;8225;8.07;0.49;271.19;6.33;979;24;2819.00;66
7181;24;623974772;7181;289;8159;8225;8.10;0.49;271.20;6.33;978;24;2820.00;66
7181;24;623974795;7181;294;8159;8225;8.09;0.49;271.20;6.33;978;24;2821.00;66
7184;24;623974808;7184;285;8159;8225;8.01;0.49;271.17;6.33;975;24;2822.00;66
7186;24;623974820;7186;281;8164;8231;7.91;0.48;271.18;6.32;978;24;2823.00;67
7190;24;623974833;7190;278;8164;8231;7.84;0.48;271.21;6.32;974;24;2824.00;67
7194;24;623974847;7194;277;8166;8231;7.78;0.47;271.19;6.34;972;24;2825.00;65
7195;24;623974860;7195;271;8168;8234;7.83;0.48;271.24;6.34;973;24;2826.00;66
7198;24;623974879;7198;279;8168;8234;7.84;0.48;271.29;6.34;970;24;2827.00;66
7200;24;623974892;7200;271;8169;8234;7.86;0.48;271.36;6.34;969;24;2828.00;65
7203;24;623974904;7203;269;8169;8235;7.89;0.48;271.33;6.34;966;24;2829.00;66
7205;24;623974916;7205;269;8170;8236;7.95;0.49;271.39;6.34;965;24;2830.00;66
7207;24;623974929;7207;265;8171;8236;7.94;0.48;271.37;6.42;964;24;2831.00;65
7212;24;623974949;7212;268;8181;8249;7.96;0.48;271.40;6.41;969;24;2832.00;68
7219;24;623974963;7219;259;8182;8249;7.96;0.48;271.41;6.41;963;24;2833.00;67
7224;24;623974977;7224;261;8182;8249;7.93;0.48;271.46;6.41;958;24;2834.00;67
7226;24;623974990;7226;261;8184;8251;7.95;0.48;271.44;6.41;958;24;2835.00;67
7231;24;623975003;7231;261;8184;8251;7.90;0.48;271.44;6.41;953;24;2836.00;67
7233;24;623975017;7233;262;8187;8255;7.94;0.48;271.42;6.41;954;24;2837.00;68
7236;24;623975030;7236;266;8187;8255;7.96;0.48;271.42;6.41;951;24;2838.00;68
7238;24;623975042;7238;264;8190;8259;7.91;0.48;271.42;6.41;952;24;2839.00;69
7238;24;623975054;7238;264;8191;8259;7.98;0.48;271.42;6.41;953;24;2840.00;68
7239;24;623975067;7239;264;8191;8259;8.02;0.49;271.45;6.41;952;24;2841.00;68
7241;24;623975079;7241;262;8191;8259;8.03;0.49;271.43;6.41;950;24;2842.00;68
7244;24;623975091;7244;261;8191;8259;8.07;0.49;271.50;6.41;947;24;2843.00;68
7245;24;623975104;7245;260;8201;8271;8.17;0.50;271.55;6.40;956;24;2844.00;70
7248;24;623975117;7248;259;8202;8271;8.16;0.50;271.53;6.40;954;24;2845.00;69
7250;24;623975129;7250;254;8202;8271;8.12;0.49;271.56;6.40;952;24;2846.00;69
7251;24;623975142;7251;254;8202;8271;8.14;0.49;271.56;6.40;951;24;2847.00;69
7251;24;623975154;7251;264;8202;8271;8.11;0.49;271.56;6.40;951;24;2848.00;69
7255;24;623975166;7255;267;8202;8271;8.04;0.49;271.60;6.40;947;24;2849.00;69
7256;24;623975180;7256;274;8206;8274;7.96;0.48;271.67;6.42;950;24;2850.00;68
7258;24;623975192;7258;277;8206;8274;7.88;0.48;271.67;6.42;948;24;2851.00;68
7260;24;623975205;7260;280;8213;8280;7.84;0.48;271.78;6.45;953;24;2852.00;67
7261;24;623975218;7261;275;8214;8281;7.71;0.47;271.84;6.45;953;24;2853.00;67
7263;24;623975231;7263;275;8215;8281;7.59;0.46;271.95;6.46;952;24;2854.00;66
7265;24;623975243;7265;278;8216;8281;7.51;0.46;271.91;6.47;951;24;2855.00;65
7266;24;623975254;7266;278;8219;8285;7.53;0.46;271.96;6.47;953;24;2856.00;66
7270;24;623975267;7270;278;8221;8285;7.50;0.46;271.98;6.49;951;24;2857.00;64
7272;24;623975279;7272;286;8221;8285;7.43;0.45;272.02;6.49;949;24;2858.00;64
7274;24;623975292;7274;279;8222;8286;7.42;0.45;272.08;6.49;948;24;2859.00;64
7274;24;623975303;7274;291;8227;8290;7.36;0.45;272.08;6.50;953;24;2860.00;63
7277;24;623975316;7277;296;8227;8290;7.36;0.45;272.20;6.50;950;24;2861.00;63
7281;24;623975328;7281;297;8230;8293;7.37;0.45;272.17;6.51;949;24;2862.00;63
7284;24;623975342;7284;298;8231;8293;7.32;0.45;272.28;6.52;947;24;2863.00;62
7287;24;623975354;7287;305;8235;8295;7.28;0.44;272.34;6.52;948;24;2864.00;60
7289;24;623975367;7289;308;8235;8295;7.25;0.44;272.45;6.52;946;24;2865.00;60
7292;24;623975378;7292;313;8240;8299;7.26;0.44;272.50;6.53;948;24;2866.00;59
7296;24;623975390;7296;320;8240;8299;7.12;0.43;272.59;6.53;944;24;2867.00;59
7297;24;623975402;7297;315;8243;8299;7.06;0.43;272.58;6.56;946;24;2868.00;56
7299;24;623975414;7299;305;8243;8299;7.04;0.43;272.63;6.56;944;24;2869.00;56
7301;24;623975425;7301;300;8244;8300;6.96;0.43;272.73;6.57;943;24;2870.00;56
7303;24;623975442;7303;287;8245;8301;6.99;0.43;272.68;6.57;942;24;2871.00;56
7305;24;623975454;7305;284;8248;8301;6.93;0.42;272.71;6.60;943;24;2872.00;53
7307;24;623975465;7307;286;8249;8302;6.88;0.42;272.77;6.60;942;24;2873.00;53
7309;24;623975477;7309;282;8250;8302;6.84;0.42;272.82;6.60;941;24;2874.00;52
7311;24;623975488;7311;280;8250;8302;6.80;0.42;272.84;6.60;939;24;2875.00;52
7313;24;623975499;7313;282;8250;8302;6.80;0.42;272.86;6.60;937;24;2876.00;52
7320;24;623975512;7320;280;8253;8302;6.75;0.41;272.87;6.62;933;24;2877.00;49
7321;24;623975524;7321;286;8253;8302;6.81;0.41;272.92;6.62;932;24;2878.00;49
7322;24;623975535;7322;276;8253;8302;6.87;0.42;272.91;6.62;931;24;2879.00;49
7328;24;623975548;7328;316;8355;8532;7.03;0.44;272.92;6.54;1027;24;2880.00;177
7329;24;623975582;7329;306;8362;8533;7.10;0.44;272.96;6.55;1033;24;2881.00;171
7333;24;623975596;7333;294;8373;8533;7.20;0.45;273.04;6.54;1040;24;2882.00;160
7337;24;623975608;7337;295;8377;8533;7.21;0.45;273.10;6.55;1040;24;2883.00;156
7341;24;623975621;7341;289;8386;8533;7.22;0.45;273.09;6.55;1045;24;2884.00;147
7344;24;623975633;7344;286;8392;8533;7.20;0.45;273.18;6.55;1048;24;2885.00;141
7347;24;623975646;7347;285;8400;8533;7.14;0.44;273.12;6.55;1053;24;2886.00;133
7352;24;623975665;7352;283;8411;8533;7.04;0.44;273.23;6.56;1059;24;2887.00;122
7355;24;623975688;7355;293;8416;8534;6.94;0.43;273.36;6.56;1061;24;2888.00;118
7357;24;623975701;7357;304;8422;8535;6.84;0.42;273.44;6.56;1065;24;2889.00;113
7361;24;623975713;7361;300;8429;8535;6.76;0.42;273.56;6.57;1068;24;2890.00;106
7367;24;623975726;7367;307;8433;8536;6.65;0.41;273.70;6.57;1066;24;2891.00;103
7367;24;623975738;7367;299;8437;8536;6.58;0.41;273.70;6.57;1070;24;2892.00;99
7373;24;623975751;7373;300;8440;8536;6.41;0.40;273.80;6.58;1067;24;2893.00;96
7378;24;623975764;7378;303;8443;8536;6.30;0.39;273.89;6.58;1065;24;2894.00;93
7380;24;623975777;7380;307;8451;8540;6.18;0.38;273.87;6.58;1071;24;2895.00;89
7382;24;623975790;7382;316;8451;8540;6.14;0.38;273.98;6.58;1069;24;2896.00;89
7386;24;623975803;7386;320;8455;8540;6.07;0.38;274.05;6.59;1069;24;2897.00;85
7388;24;623975817;7388;316;8457;8543;6.10;0.38;274.05;6.59;1069;24;2898.00;86
7390;24;623975829;7390;310;8459;8543;6.09;0.38;274.12;6.59;1069;24;2899.00;84
7395;24;623975843;7395;312;8464;8543;6.07;0.37;274.20;6.60;1069;24;2900.00;79
7398;24;623975860;7398;329;8468;8547;6.07;0.37;274.21;6.60;1070;24;2901.00;79
7402;24;623975874;7402;323;8470;8548;6.06;0.37;274.17;6.60;1068;24;2902.00;78
7405;24;623975887;7405;323;8473;8548;6.06;0.37;274.30;6.60;1068;24;2903.00;75
7410;24;623975901;7410;328;8478;8552;6.10;0.37;274.32;6.60;1068;24;2904.00;74
7413;24;623975915;7413;327;8481;8552;6.15;0.38;274.31;6.61;1068;24;2905.00;71
7418;24;623975933;7418;331;8481;8552;6.09;0.37;274.36;6.61;1063;24;2906.00;71
7422;24;623975953;7422;332;8482;8553;6.02;0.37;274.49;6.61;1060;24;2907.00;71
7425;24;623975967;7425;338;8482;8553;6.06;0.37;274.54;6.61;1057;24;2908.00;71
7430;24;623975981;7430;350;8488;8559;6.08;0.37;274.63;6.61;1058;24;2909.00;71
7434;24;623975999;7434;365;8488;8559;6.09;0.37;274.72;6.61;1054;24;2910.00;71
7436;24;623976018;7436;368;8489;8560;6.07;0.37;274.78;6.62;1053;24;2911.00;71
7441;24;623976037;7441;375;8490;8560;5.92;0.36;274.82;6.62;1049;24;2912.00;70
7444;24;623976056;7444;378;8491;8560;5.78;0.35;274.83;6.62;1047;24;2913.00;69
7447;24;623976075;7447;384;8492;8560;5.66;0.35;274.82;6.62;1045;24;2914.00;68
7452;24;623976092;7452;386;8493;8560;5.56;0.34;274.82;6.63;1041;24;2915.00;67
7456;24;623976108;7456;383;8502;8572;5.51;0.34;274.79;6.62;1046;24;2916.00;70
7460;24;623976124;7460;399;8503;8572;5.42;0.33;274.79;6.71;1043;24;2917.00;69
7463;24;623976140;7463;398;8505;8572;5.40;0.33;274.80;6.71;1042;24;2918.00;67
7467;24;623976154;7467;399;8505;8572;5.39;0.33;274.88;6.71;1038;24;2919.00;67
7470;24;623976167;7470;405;8506;8572;5.34;0.33;274.87;6.71;1036;24;2920.00;66
7474;24;623976180;7474;421;8508;8572;5.29;0.33;274.83;6.72;1034;24;2921.00;64
7478;24;623976194;7478;424;8511;8576;5.23;0.32;274.83;6.71;1033;24;2922.00;65
7480;24;623976206;7480;435;8512;8576;5.23;0.32;274.81;6.71;1032;24;2923.00;64
7483;24;623976219;7483;442;8516;8580;5.25;0.32;274.79;6.71;1033;24;2924.00;64
7490;24;623976233;7490;451;8517;8582;5.20;0.32;274.72;6.71;1027;24;2925.00;65
7492;24;623976246;7492;452;8518;8582;5.19;0.32;274.71;6.71;1026;24;2926.00;64
7493;24;623976259;7493;453;8518;8582;5.22;0.32;274.69;6.71;1025;24;2927.00;64
7496;24;623976271;7496;457;8528;8595;5.28;0.32;274.62;6.70;1032;24;2928.00;67
7499;24;623976285;7499;454;8528;8595;5.24;0.32;274.59;6.70;1029;24;2929.00;67
7501;24;623976297;7501;447;8528;8595;5.18;0.32;274.59;6.70;1027;24;2930.00;67
7505;24;623976308;7505;458;8529;8596;5.15;0.32;274.60;6.70;1024;24;2931.00;67
7508;24;623976322;7508;457;8530;8597;5.10;0.31;274.57;6.79;1022;24;2932.00;67
7510;24;623976334;7510;459;8530;8597;5.02;0.31;274.52;6.79;1020;24;2933.00;67
7515;24;623976346;7515;457;8532;8600;4.97;0.31;274.48;6.79;1017;24;2934.00;68
7517;24;623976359;7517;460;8533;8600;4.97;0.31;274.42;6.79;1016;24;2935.00;67
7517;24;623976371;7517;464;8533;8600;4.99;0.31;274.42;6.79;1016;24;2936.00;67
7519;24;623976384;7519;456;8534;8600;5.01;0.31;274.38;6.88;1015;24;2937.00;66
7523;24;623976396;7523;451;8539;8606;5.08;0.31;274.30;6.88;1016;24;2938.00;67
7525;24;623976410;7525;449;8539;8606;5.05;0.31;274.30;6.88;1014;24;2939.00;67
7525;24;623976424;7525;445;8539;8606;5.06;0.31;274.30;6.88;1014;24;2940.00;67
7530;24;623976437;7530;447;8539;8606;5.00;0.31;274.32;6.88;1009;24;2941.00;67
7531;24;623976450;7531;450;8542;8610;5.07;0.31;274.30;6.87;1011;24;2942.00;68
7535;24;623976464;7535;453;8543;8611;5.08;0.31;274.33;6.87;1008;24;2943.00;68
7539;24;623976476;7539;459;8543;8611;5.04;0.31;274.30;6.87;1004;24;2944.00;68
7542;24;623976489;7542;467;8544;8612;5.05;0.31;274.30;6.87;1002;24;2945.00;68
7544;24;623976502;7544;451;8545;8612;5.07;0.31;274.32;6.96;1001;24;2946.00;67
7549;24;623976514;7549;440;8545;8612;5.12;0.31;274.29;6.96;996;24;2947.00;67
7550;24;623976527;7550;435;8545;8612;5.18;0.32;274.29;6.96;995;24;2948.00;67
7550;24;623976541;7550;427;8545;8612;5.25;0.32;274.29;6.96;995;24;2949.00;67
7551;24;623976553;7551;420;8545;8612;5.33;0.33;274.26;6.96;994;24;2950.00;67
7552;24;623976572;7552;415;8545;8612;5.39;0.33;274.26;6.96;993;24;2951.00;67
7553;24;623976585;7553;412;8577;8682;5.63;0.34;274.24;6.94;1024;24;2952.00;105
7554;24;623976606;7554;406;8578;8683;5.70;0.35;274.23;6.94;1024;24;2953.00;105
7554;24;623976620;7554;403;8585;8683;5.82;0.36;274.23;6.93;1031;24;2954.00;98
7556;24;623976633;7556;392;8587;8683;5.92;0.36;274.19;7.02;1031;24;2955.00;96
7557;24;623976647;7557;388;8589;8683;6.02;0.37;274.20;7.02;1032;24;2956.00;94
7558;24;623976661;7558;377;8590;8683;6.10;0.37;274.17;7.02;1032;24;2957.00;93
7558;24;623976676;7558;368;8594;8683;6.22;0.38;274.17;7.02;1036;24;2958.00;89
7561;24;623976691;7561;359;8595;8683;6.31;0.38;274.13;7.02;1034;24;2959.00;88
7565;24;623976709;7565;351;8598;8684;6.42;0.39;274.19;7.02;1033;24;2960.00;86
7566;24;623976724;7566;345;8600;8685;6.49;0.39;274.19;7.02;1034;24;2961.00;85
7568;24;623976745;7568;339;8603;8685;6.60;0.40;274.20;7.02;1035;24;2962.00;82
7570;24;623976760;7570;338;8609;8689;6.61;0.40;274.18;7.02;1039;24;2963.00;80
7570;24;623976777;7570;333;8611;8689;6.72;0.41;274.18;7.02;1041;24;2964.00;78
7572;24;623976791;7572;334;8611;8689;6.80;0.41;274.23;7.02;1039;24;2965.00;78
7574;24;623976806;7574;329;8611;8689;6.83;0.41;274.27;7.02;1037;24;2966.00;78
7575;24;623976820;7575;320;8615;8695;6.89;0.42;274.27;7.02;1040;24;2967.00;80
7576;24;623976834;7576;322;8615;8695;6.96;0.42;274.24;7.02;1039;24;2968.00;80
7576;25;623976849;7576;316;8615;8695;7.01;0.43;274.24;7.02;1039;25;2969.00;80
7576;25;623976878;7576;315;8619;8701;7.15;0.43;274.24;7.02;1043;25;2970.00;82
7576;26;623976894;7576;317;8619;8701;7.22;0.44;274.24;7.02;1043;26;2971.00;82
7578;26;623976926;7578;318;8621;8701;7.28;0.44;274.22;7.02;1043;26;2972.00;80
7581;26;623976941;7581;314;8621;8702;7.31;0.44;274.25;7.02;1040;26;2973.00;81
7582;26;623976955;7582;311;8622;8703;7.37;0.45;274.30;7.02;1040;26;2974.00;81
7584;26;623976969;7584;312;8622;8703;7.43;0.45;274.30;7.02;1038;26;2975.00;81
7587;26;623976987;7587;303;8630;8716;7.50;0.46;274.31;7.01;1043;26;2976.00;86
7590;26;623977006;7590;297;8631;8716;7.51;0.46;274.25;7.01;1041;26;2977.00;85
7592;26;623977021;7592;297;8631;8716;7.62;0.46;274.27;7.01;1039;26;2978.00;85
7595;26;623977036;7595;290;8632;8717;7.65;0.46;274.37;7.01;1037;26;2979.00;85
7599;26;623977051;7599;294;8633;8717;7.69;0.47;274.41;7.10;1034;26;2980.00;84
7600;26;623977065;7600;290;8636;8721;7.76;0.47;274.50;7.10;1036;26;2981.00;85
7604;26;623977079;7604;288;8636;8721;7.69;0.47;274.50;7.10;1032;26;2982.00;85
7606;26;623977093;7606;292;8639;8725;7.63;0.46;274.51;7.10;1033;26;2983.00;86
7608;26;623977106;7608;295;8639;8725;7.62;0.46;274.49;7.10;1031;26;2984.00;86
7611;26;623977120;7611;291;8639;8725;7.58;0.46;274.60;7.10;1028;26;2985.00;86
7612;26;623977133;7612;289;8639;8725;7.56;0.46;274.60;7.10;1027;26;2986.00;86
7614;26;623977146;7614;285;8639;8725;7.50;0.45;274.57;7.10;1025;26;2987.00;86
7615;26;623977158;7615;293;8649;8737;7.52;0.46;274.55;7.09;1034;26;2988.00;88
7619;26;623977172;7619;291;8650;8737;7.50;0.45;274.63;7.09;1031;26;2989.00;87
7620;26;623977186;7620;289;8651;8737;7.46;0.45;274.65;7.09;1031;26;2990.00;86
7624;26;623977199;7624;282;8651;8737;7.46;0.45;274.71;7.09;1027;26;2991.00;86
7627;26;623977213;7627;277;8651;8737;7.50;0.45;274.70;7.09;1024;26;2992.00;86
7630;26;623977226;7630;279;8651;8737;7.50;0.45;274.69;7.09;1021;26;2993.00;86
7634;26;623977240;7634;272;8653;8738;7.54;0.46;274.71;7.10;1019;26;2994.00;85
7634;26;623977254;7634;259;8655;8738;7.56;0.46;274.71;7.12;1021;26;2995.00;83
7637;26;623977268;7637;259;8659;8744;7.61;0.46;274.69;7.12;1022;26;2996.00;85
7640;26;623977282;7640;260;8660;8745;7.66;0.46;274.65;7.12;1020;26;2997.00;85
7642;26;623977295;7642;254;8660;8745;7.70;0.47;274.67;7.12;1018;26;2998.00;85
7647;26;623977308;7647;252;8660;8745;7.70;0.47;274.64;7.12;1013;26;2999.00;85
7648;26;623977325;7648;249;8665;8765;7.82;0.47;274.62;7.11;1017;26;3000.00;100
7652;26;623977345;7652;239;8665;8765;7.88;0.48;274.68;7.11;1013;26;3001.00;100
7656;26;623977359;7656;241;8665;8765;7.96;0.48;274.76;7.11;1009;26;3002.00;100
7657;26;623977372;7657;243;8666;8766;8.13;0.49;274.76;7.11;1009;26;3003.00;100
7662;26;623977386;7662;243;8669;8770;8.13;0.49;274.92;7.11;1007;26;3004.00;101
7669;26;623977400;7669;244;8669;8770;8.09;0.49;274.88;7.11;1000;26;3005.00;101
7672;26;623977414;7672;250;8673;8773;8.11;0.49;274.97;7.11;1001;26;3006.00;100
7673;26;623977428;7673;248;8677;8773;8.11;0.49;275.05;7.13;1004;26;3007.00;96
7676;26;623977441;7676;242;8677;8773;8.09;0.49;275.09;7.13;1001;26;3008.00;96
7678;26;623977454;7678;240;8677;8773;8.11;0.49;275.08;7.13;999;26;3009.00;96
7679;26;623977468;7679;241;8683;8777;8.18;0.50;275.07;7.14;1004;26;3010.00;94
7683;26;623977482;7683;243;8683;8777;8.19;0.50;275.10;7.14;1000;26;3011.00;94
7684;26;623977496;7684;250;8686;8777;8.20;0.50;275.09;7.14;1002;26;3012.00;91
7685;26;623977509;7685;247;8688;8777;8.21;0.50;275.16;7.14;1003;26;3013.00;89
7688;26;623977522;7688;247;8688;8778;8.22;0.50;275.24;7.14;1000;26;3014.00;90
7692;26;623977536;7692;251;8692;8780;8.21;0.50;275.20;7.15;1000;26;3015.00;88
7693;26;623977549;7693;248;8692;8780;8.22;0.50;275.19;7.15;999;26;3016.00;88
7696;26;623977564;7696;247;8693;8781;8.23;0.50;275.33;7.15;997;26;3017.00;88
7699;26;623977578;7699;247;8695;8781;8.19;0.50;275.39;7.15;996;26;3018.00;86
7702;26;623977592;7702;248;8695;8781;8.14;0.50;275.43;7.15;993;26;3019.00;86
7705;26;623977610;7705;257;8696;8781;8.20;0.50;275.46;7.16;991;26;3020.00;85
7710;26;623977624;7710;257;8697;8781;8.17;0.50;275.63;7.18;987;26;3021.00;84
7714;26;623977638;7714;256;8697;8781;8.14;0.50;275.67;7.18;983;26;3022.00;84
7715;26;623977651;7715;263;8700;8781;8.10;0.49;275.73;7.21;985;26;3023.00;81
7720;26;623977666;7720;287;8763;8908;8.05;0.50;275.82;7.16;1043;26;3024.00;145
7722;26;623977694;7722;281;8768;8909;8.03;0.49;275.82;7.15;1046;26;3025.00;141
7725;26;623977708;7725;282;8776;8909;7.92;0.49;275.92;7.17;1051;26;3026.00;133
7727;26;623977722;7727;280;8776;8909;7.81;0.48;275.99;7.17;1049;26;3027.00;133
7729;26;623977735;7729;287;8783;8909;7.81;0.48;276.00;7.17;1054;26;3028.00;126
7734;26;623977749;7734;294;8788;8909;7.73;0.48;276.14;7.21;1054;26;3029.00;121
7738;26;623977765;7738;301;8793;8909;7.62;0.47;276.26;7.22;1055;26;3030.00;116
7738;26;623977779;7738;301;8798;8909;7.59;0.47;276.26;7.23;1060;26;3031.00;111
7741;26;623977797;7741;304;8803;8910;7.54;0.46;276.41;7.24;1062;26;3032.00;107
7743;26;623977811;7743;311;8809;8911;7.52;0.46;276.44;7.25;1066;26;3033.00;102
7744;26;623977824;7744;318;8813;8911;7.51;0.46;276.41;7.26;1069;26;3034.00;98
7749;26;623977837;7749;324;8816;8912;7.44;0.46;276.44;7.27;1067;26;3035.00;96
7752;26;623977852;7752;331;8823;8912;7.34;0.45;276.41;7.28;1071;26;3036.00;89
7755;26;623977865;7755;334;8827;8912;7.28;0.45;276.43;7.29;1072;26;3037.00;85
7757;26;623977878;7757;335;8830;8912;7.24;0.45;276.46;7.29;1073;26;3038.00;82
7759;26;623977892;7759;337;8837;8916;7.25;0.45;276.42;7.30;1078;26;3039.00;79
7764;26;623977907;7764;329;8838;8916;7.22;0.44;276.52;7.30;1074;26;3040.00;78
7767;26;623977921;7767;329;8840;8916;7.18;0.44;276.61;7.31;1073;26;3041.00;76
7767;26;623977935;7767;330;8844;8919;7.15;0.44;276.61;7.31;1077;26;3042.00;75
7769;26;623977949;7769;334;8845;8919;7.11;0.44;276.67;7.32;1076;26;3043.00;74
7770;26;623977963;7770;334;8846;8919;7.03;0.43;276.65;7.32;1076;26;3044.00;73
7775;26;623977977;7775;334;8848;8923;6.93;0.43;276.70;7.32;1073;26;3045.00;75
7779;26;623977992;7779;338;8851;8924;6.84;0.42;276.73;7.33;1072;26;3046.00;73
7781;26;623978013;7781;346;8852;8924;6.79;0.42;276.83;7.33;1071;26;3047.00;72
7786;26;623978035;7786;353;8856;8928;6.74;0.41;276.97;7.33;1070;26;3048.00;72
7788;26;623978067;7788;344;8856;8928;6.73;0.41;276.97;7.33;1068;26;3049.00;72
7791;26;623978086;7791;348;8859;8928;6.72;0.41;277.05;7.34;1068;26;3050.00;69
7795;27;623978105;7795;348;8863;8929;6.71;0.41;277.08;7.35;1068;27;3051.00;66
7798;27;623978138;7798;347;8864;8929;6.69;0.41;277.07;7.36;1066;27;3052.00;65
7799;27;623978159;7799;349;8870;8935;6.73;0.41;277.06;7.35;1071;27;3053.00;65
7803;27;623978174;7803;347;8870;8935;6.64;0.40;277.16;7.35;1067;27;3054.00;65
7807;27;623978194;7807;350;8871;8936;6.55;0.40;277.26;7.36;1064;27;3055.00;65
7810;27;623978208;7810;356;8871;8936;6.48;0.40;277.35;7.36;1061;27;3056.00;65
7814;27;623978222;7814;362;8871;8936;6.33;0.39;277.42;7.36;1057;27;3057.00;65
7818;27;623978233;7818;366;8872;8936;6.15;0.38;277.54;7.36;1054;27;3058.00;64
7821;27;623978246;7821;375;8874;8936;6.05;0.37;277.67;7.37;1053;27;3059.00;62
7825;27;623978259;7825;382;8901;8972;6.13;0.38;277.75;7.35;1076;27;3060.00;71
7827;27;623978275;7827;379;8902;8972;6.08;0.38;277.82;7.35;1075;27;3061.00;70
7832;27;623978287;7832;379;8905;8972;5.97;0.37;277.96;7.35;1073;27;3062.00;67
7832;27;623978299;7832;378;8906;8972;5.92;0.37;277.96;7.35;1074;27;3063.00;66
7836;27;623978310;7836;383;8908;8972;5.82;0.36;278.13;7.35;1072;27;3064.00;64
7839;27;623978322;7839;390;8909;8972;5.84;0.36;278.13;7.35;1070;27;3065.00;63
7842;27;623978334;7842;395;8913;8976;5.82;0.36;278.21;7.35;1071;27;3066.00;63
7848;27;623978348;7848;393;8913;8976;5.81;0.36;278.28;7.35;1065;27;3067.00;63
7853;27;623978360;7853;395;8917;8980;5.78;0.36;278.28;7.35;1064;27;3068.00;63
7856;27;623978373;7856;398;8919;8981;5.77;0.36;278.26;7.35;1063;27;3069.00;62
7859;27;623978386;7859;411;8919;8981;5.73;0.35;278.32;7.35;1060;27;3070.00;62
7863;27;623978398;7863;413;8919;8981;5.63;0.35;278.38;7.35;1056;27;3071.00;62
7864;27;623978411;7864;415;8930;8994;5.72;0.35;278.43;7.34;1066;27;3072.00;64
7868;27;623978424;7868;416;8930;8994;5.64;0.35;278.55;7.34;1062;27;3073.00;64
7873;27;623978437;7873;411;8930;8994;5.61;0.34;278.48;7.34;1057;27;3074.00;64
7877;27;623978448;7877;412;8931;8995;5.55;0.34;278.50;7.34;1054;27;3075.00;64
7879;27;623978470;7879;404;8931;8996;5.56;0.34;278.55;7.34;1052;27;3076.00;65
7884;27;623978483;7884;401;8931;8996;5.51;0.34;278.63;7.34;1047;27;3077.00;65
7889;27;623978496;7889;403;8933;8999;5.48;0.34;278.66;7.34;1044;27;3078.00;66
7894;27;623978510;7894;404;8933;8999;5.43;0.33;278.59;7.34;1039;27;3079.00;66
7898;27;623978524;7898;400;8934;8999;5.38;0.33;278.62;7.34;1036;27;3080.00;65
7900;27;623978537;7900;404;8934;8999;5.32;0.33;278.61;7.34;1034;27;3081.00;65
7903;27;623978550;7903;413;8939;9005;5.28;0.32;278.62;7.34;1036;27;3082.00;66
7907;27;623978563;7907;418;8939;9005;5.24;0.32;278.58;7.34;1032;27;3083.00;66
7910;27;623978576;7910;421;8939;9005;5.23;0.32;278.56;7.34;1029;27;3084.00;66
7914;27;623978608;7914;430;8939;9005;5.19;0.32;278.51;7.34;1025;27;3085.00;66
7920;27;623978620;7920;440;8942;9009;5.11;0.31;278.59;7.33;1022;27;3086.00;67
7922;27;623978632;7922;443;8944;9010;5.07;0.31;278.59;7.44;1022;27;3087.00;66
7928;27;623978646;7928;440;8944;9010;5.01;0.31;278.53;7.44;1016;27;3088.00;66
7930;27;623978659;7930;449;8945;9011;5.00;0.31;278.52;7.43;1015;27;3089.00;66
7933;27;623978678;7933;454;8945;9011;4.94;0.30;278.53;7.43;1012;27;3090.00;66
7939;27;623978690;7939;455;8945;9011;4.85;0.30;278.42;7.43;1006;27;3091.00;66
7942;27;623978702;7942;460;8945;9011;4.81;0.29;278.38;7.43;1003;27;3092.00;66
7945;27;623978714;7945;461;8945;9011;4.73;0.29;278.35;7.43;1000;27;3093.00;66
7945;27;623978725;7945;471;8945;9011;4.72;0.29;278.35;7.43;1000;27;3094.00;66
7947;27;623978737;7947;471;8945;9011;4.67;0.29;278.33;7.43;998;27;3095.00;66
7948;27;623978748;7948;473;8985;9081;4.91;0.30;278.35;7.40;1037;27;3096.00;96
7952;27;623978766;7952;464;8986;9082;4.87;0.30;278.35;7.40;1034;27;3097.00;96
7957;27;623978778;7957;461;8993;9082;4.87;0.30;278.32;7.40;1036;27;3098.00;89
7958;27;623978795;7958;455;8994;9082;4.82;0.30;278.33;7.40;1036;27;3099.00;88
7960;27;623978808;7960;454;8997;9082;4.85;0.30;278.36;7.39;1037;27;3100.00;85
7964;27;623978824;7964;459;8998;9082;4.81;0.29;278.30;7.39;1034;27;3101.00;84
7967;27;623978837;7967;457;9001;9082;4.79;0.29;278.29;7.39;1034;27;3102.00;81
7969;27;623978850;7969;453;9004;9082;4.77;0.29;278.28;7.39;1035;27;3103.00;78
7970;27;623978862;7970;458;9007;9083;4.73;0.29;278.29;7.39;1037;27;3104.00;76
7973;27;623978874;7973;471;9010;9085;4.71;0.29;278.32;7.39;1037;27;3105.00;75
7976;27;623978886;7976;484;9012;9085;4.67;0.29;278.32;7.39;1036;27;3106.00;73
7978;27;623978898;7978;467;9016;9089;4.69;0.29;278.39;7.39;1038;27;3107.00;73
7983;27;623978911;7983;455;9017;9089;4.73;0.29;278.38;7.39;1034;27;3108.00;72
7985;27;623978923;7985;447;9017;9089;4.78;0.29;278.34;7.39;1032;27;3109.00;72
7985;27;623978937;7985;439;9017;9089;4.84;0.30;278.34;7.39;1032;27;3110.00;72
7986;27;623978949;7986;437;9022;9095;4.95;0.30;278.32;7.39;1036;27;3111.00;73
7988;27;623978962;7988;438;9022;9095;4.94;0.30;278.30;7.39;1034;27;3112.00;73
7992;27;623978976;7992;439;9022;9095;4.94;0.30;278.34;7.39;1030;27;3113.00;73
7994;27;623978996;7994;437;9024;9098;5.04;0.31;278.33;7.39;1030;27;3114.00;74
7994;27;623979010;7994;438;9024;9098;5.09;0.31;278.33;7.39;1030;27;3115.00;74
7998;27;623979023;7998;427;9025;9098;5.16;0.31;278.31;7.39;1027;27;3116.00;73
7999;27;623979036;7999;419;9025;9099;5.25;0.32;278.30;7.39;1026;27;3117.00;74
8000;27;623979050;8000;400;9026;9100;5.35;0.32;278.28;7.38;1026;27;3118.00;74
8002;27;623979062;8002;392;9026;9100;5.43;0.33;278.25;7.38;1024;27;3119.00;74
8004;27;623979077;8004;381;9047;9126;5.67;0.34;278.19;7.37;1043;27;3120.00;79
8006;27;623979099;8006;373;9047;9126;5.75;0.35;278.15;7.37;1041;27;3121.00;79
8007;27;623979113;8007;354;9048;9126;5.94;0.36;278.13;7.37;1041;27;3122.00;78
8008;27;623979127;8008;347;9049;9127;6.12;0.37;278.10;7.37;1041;27;3123.00;78
8008;27;623979141;8008;340;9049;9127;6.27;0.38;278.10;7.37;1041;27;3124.00;78
8009;27;623979154;8009;332;9054;9131;6.36;0.39;278.10;7.46;1045;27;3125.00;77
8010;27;623979168;8010;322;9054;9131;6.42;0.39;278.08;7.46;1044;27;3126.00;77
8011;27;623979182;8011;317;9057;9135;6.49;0.39;278.10;7.46;1046;27;3127.00;78
8012;27;623979196;8012;314;9057;9135;6.53;0.40;278.10;7.46;1045;27;3128.00;78
8013;27;623979209;8013;303;9057;9135;6.60;0.40;278.16;7.46;1044;27;3129.00;78
8015;27;623979224;8015;302;9057;9135;6.66;0.41;278.13;7.46;1042;27;3130.00;78
8021;27;623979237;8021;297;9057;9135;6.71;0.41;278.24;7.46;1036;27;3131.00;78
8024;27;623979251;8024;287;9067;9147;6.77;0.41;278.27;7.45;1043;27;3132.00;80
8027;27;623979266;8027;291;9067;9147;6.85;0.42;278.36;7.45;1040;27;3133.00;80
8032;27;623979281;8032;282;9068;9147;6.95;0.42;278.37;7.45;1036;27;3134.00;79
8033;27;623979295;8033;275;9068;9147;7.05;0.43;278.35;7.45;1035;27;3135.00;79
8035;27;623979308;8035;276;9068;9147;7.16;0.44;278.44;7.45;1033;27;3136.00;79
8038;27;623979327;8038;268;9068;9147;7.26;0.44;278.62;7.45;1030;27;3137.00;79
8039;27;623979342;8039;262;9068;9148;7.38;0.45;278.65;7.45;1029;27;3138.00;80
8041;27;623979356;8041;258;9068;9148;7.47;0.45;278.70;7.45;1027;27;3139.00;80
8043;27;623979369;8043;257;9073;9154;7.57;0.46;278.78;7.45;1030;27;3140.00;81
8044;27;623979383;8044;261;9074;9155;7.63;0.46;278.77;7.45;1030;27;3141.00;81
8048;27;623979398;8048;263;9074;9155;7.61;0.46;278.87;7.45;1026;27;3142.00;81
8048;27;623979412;8048;258;9074;9155;7.66;0.46;278.87;7.45;1026;27;3143.00;81
8049;27;623979425;8049;264;9077;9159;7.75;0.47;278.92;7.44;1028;27;3144.00;82
8052;27;623979439;8052;261;9078;9159;7.78;0.47;278.99;7.54;1026;27;3145.00;81
8053;27;623979453;8053;262;9078;9159;7.84;0.48;279.06;7.54;1025;27;3146.00;81
8057;27;623979473;8057;267;9079;9160;7.90;0.48;279.12;7.53;1022;27;3147.00;81
8061;27;623979489;8061;271;9082;9164;7.91;0.48;279.18;7.53;1021;27;3148.00;82
8065;27;623979503;8065;271;9082;9164;7.88;0.48;279.16;7.53;1017;27;3149.00;82
8066;27;623979521;8066;266;9086;9170;7.88;0.48;279.18;7.53;1020;27;3150.00;84
8068;27;623979536;8068;272;9086;9170;7.91;0.48;279.17;7.53;1018;27;3151.00;84
8070;27;623979550;8070;272;9088;9170;7.91;0.48;279.26;7.53;1018;27;3152.00;82
8070;27;623979565;8070;278;9088;9170;7.94;0.48;279.26;7.53;1018;27;3153.00;82
8074;27;623979579;8074;278;9092;9174;7.94;0.48;279.38;7.52;1018;27;3154.00;82
8076;27;623979593;8076;279;9092;9174;7.97;0.48;279.43;7.52;1016;27;3155.00;82
8079;27;623979607;8079;282;9092;9174;7.94;0.48;279.52;7.52;1013;27;3156.00;82
8083;27;623979622;8083;282;9092;9174;7.94;0.48;279.50;7.52;1009;27;3157.00;82
8084;27;623979635;8084;284;9092;9175;7.98;0.48;279.54;7.52;1008;27;3158.00;83
8086;27;623979655;8086;288;9093;9176;7.95;0.48;279.55;7.52;1007;27;3159.00;83
8090;27;623979674;8090;292;9093;9176;7.97;0.48;279.53;7.52;1003;27;3160.00;83
8093;27;623979687;8093;287;9094;9177;7.90;0.48;279.52;7.52;1001;27;3161.00;83
8100;27;623979701;8100;283;9094;9177;7.84;0.47;279.50;7.52;994;27;3162.00;83
8102;27;623979715;8102;280;9094;9177;7.79;0.47;279.48;7.52;992;27;3163.00;83
8103;27;623979729;8103;278;9095;9177;7.77;0.47;279.48;7.54;992;27;3164.00;82
8107;27;623979742;8107;278;9095;9177;7.76;0.47;279.48;7.54;988;27;3165.00;82
8110;27;623979755;8110;278;9096;9177;7.76;0.47;279.60;7.55;986;27;3166.00;81
8113;27;623979769;8113;280;9096;9177;7.74;0.47;279.61;7.55;983;27;3167.00;81
8118;27;623979782;8118;299;9163;9304;7.77;0.48;279.55;7.49;1045;27;3168.00;141
8121;27;623979807;8121;287;9165;9305;7.74;0.48;279.61;7.49;1044;27;3169.00;140
8124;27;623979820;8124;282;9170;9305;7.83;0.48;279.62;7.49;1046;27;3170.00;135
8128;27;623979833;8128;281;9173;9305;7.79;0.48;279.61;7.49;1045;27;3171.00;132
8134;27;623979847;8134;283;9177;9305;7.77;0.48;279.64;7.49;1043;27;3172.00;128
8135;27;623979860;8135;287;9178;9305;7.79;0.48;279.64;7.49;1043;27;3173.00;127
8137;27;623979873;8137;282;9180;9305;7.77;0.48;279.65;7.49;1043;27;3174.00;125
8140;27;623979887;8140;283;9183;9305;7.79;0.48;279.67;7.49;1043;27;3175.00;122
8142;28;623979900;8142;280;9186;9306;7.80;0.48;279.67;7.49;1044;28;3176.00;120
8145;28;623979930;8145;281;9193;9307;7.80;0.48;279.64;7.58;1048;28;3177.00;114
8147;28;623979950;8147;277;9195;9307;7.85;0.48;279.65;7.58;1048;28;3178.00;112
8149;28;623979962;8149;285;9197;9308;7.89;0.48;279.71;7.58;1048;28;3179.00;111
8151;28;623979979;8151;280;9201;9308;7.93;0.49;279.70;7.58;1050;28;3180.00;107
8155;28;623979992;8155;282;9204;9308;7.84;0.48;279.79;7.59;1049;28;3181.00;104
8161;28;623980018;8161;282;9206;9308;7.79;0.48;279.83;7.60;1045;28;3182.00;102
8163;28;623980047;8163;282;9210;9312;7.74;0.48;279.87;7.60;1047;28;3183.00;102
8166;28;623980067;8166;283;9214;9312;7.63;0.47;279.94;7.60;1048;28;3184.00;98
8171;28;623980085;8171;291;9215;9312;7.52;0.46;279.88;7.60;1044;28;3185.00;97
8173;28;623980105;8173;294;9219;9315;7.43;0.46;279.91;7.61;1046;28;3186.00;96
8174;28;623980121;8174;296;9221;9315;7.39;0.45;279.88;7.62;1047;28;3187.00;94
8175;28;623980135;8175;306;9223;9315;7.35;0.45;279.95;7.61;1048;28;3188.00;92
8180;28;623980149;8180;318;9227;9319;7.26;0.45;279.99;7.61;1047;28;3189.00;92
8185;28;623980163;8185;315;9230;9320;7.26;0.44;280.08;7.63;1045;28;3190.00;90
8188;28;623980178;8188;319;9233;9322;7.21;0.44;280.09;7.63;1045;28;3191.00;89
8192;28;623980192;8192;320;9236;9326;7.24;0.44;280.33;7.63;1044;28;3192.00;90
8195;28;623980206;8195;324;9238;9326;7.23;0.44;280.32;7.65;1043;28;3193.00;88
8198;28;623980221;8198;328;9238;9326;7.24;0.44;280.40;7.65;1040;28;3194.00;88
8201;28;623980235;8201;331;9241;9328;7.25;0.44;280.42;7.66;1040;28;3195.00;87
8203;28;623980248;8203;341;9242;9328;7.26;0.44;280.49;7.66;1039;28;3196.00;86
8207;28;623980263;8207;339;9247;9334;7.22;0.44;280.47;7.66;1040;28;3197.00;87
8208;28;623980278;8208;346;9248;9334;7.11;0.43;280.55;7.67;1040;28;3198.00;86
8210;28;623980292;8210;350;9249;9335;7.01;0.43;280.56;7.68;1039;28;3199.00;86
8210;28;623980307;8210;350;9250;9335;6.88;0.42;280.56;7.69;1040;28;3200.00;85
8212;28;623980326;8212;355;9250;9335;6.79;0.41;280.62;7.69;1038;28;3201.00;85
8216;28;623980340;8216;362;9252;9335;6.70;0.41;280.87;7.72;1036;28;3202.00;83
8218;28;623980353;8218;374;9252;9335;6.59;0.40;280.91;7.72;1034;28;3203.00;83
8220;28;623980366;8220;377;9263;9347;6.58;0.40;281.00;7.72;1043;28;3204.00;84
8223;28;623980380;8223;377;9263;9347;6.48;0.40;281.12;7.72;1040;28;3205.00;84
8225;28;623980393;8225;382;9266;9347;6.41;0.39;281.20;7.73;1041;28;3206.00;81
8228;28;623980406;8228;386;9268;9347;6.30;0.39;281.25;7.75;1040;28;3207.00;79
8231;28;623980419;8231;394;9269;9347;6.22;0.38;281.36;7.75;1038;28;3208.00;78
8234;28;623980432;8234;395;9271;9347;6.21;0.38;281.51;7.77;1037;28;3209.00;76
8237;28;623980447;8237;390;9274;9351;6.16;0.38;281.60;7.77;1037;28;3210.00;77
8239;28;623980460;8239;388;9276;9351;6.14;0.38;281.67;7.79;1037;28;3211.00;75
8243;28;623980473;8243;382;9280;9355;6.15;0.38;281.70;7.79;1037;28;3212.00;75
8245;28;623980486;8245;389;9283;9356;6.14;0.38;281.84;7.80;1038;28;3213.00;73
8249;28;623980499;8249;388;9283;9356;6.13;0.38;281.88;7.80;1034;28;3214.00;73
8255;28;623980511;8255;383;9283;9356;6.12;0.37;281.88;7.80;1028;28;3215.00;73
8260;28;623980525;8260;386;9296;9369;6.07;0.37;281.98;7.81;1036;28;3216.00;73
8262;28;623980541;8262;389;9296;9369;6.10;0.37;282.02;7.81;1034;28;3217.00;73
8268;28;623980553;8268;389;9296;9369;6.05;0.37;282.07;7.81;1028;28;3218.00;73
8269;28;623980565;8269;394;9299;9370;6.05;0.37;282.07;7.82;1030;28;3219.00;71
8271;28;623980577;8271;396;9299;9371;5.99;0.37;282.19;7.82;1028;28;3220.00;72
8275;28;623980590;8275;401;9301;9371;5.84;0.36;282.24;7.83;1026;28;3221.00;70
8277;28;623980602;8277;405;9304;9374;5.75;0.35;282.29;7.83;1027;28;3222.00;70
8279;28;623980614;8279;411;9304;9374;5.66;0.35;282.27;7.83;1025;28;3223.00;70
8283;28;623980626;8283;418;9306;9374;5.60;0.34;282.29;7.84;1023;28;3224.00;68
8287;28;623980638;8287;419;9306;9374;5.50;0.34;282.27;7.84;1019;28;3225.00;68
8293;28;623980650;8293;409;9313;9380;5.42;0.33;282.27;7.84;1020;28;3226.00;67
8296;28;623980663;8296;418;9314;9380;5.37;0.33;282.23;7.85;1018;28;3227.00;66
8297;28;623980674;8297;418;9314;9380;5.29;0.32;282.24;7.85;1017;28;3228.00;66
8298;28;623980685;8298;429;9316;9380;5.20;0.32;282.22;7.85;1018;28;3229.00;64
8302;28;623980696;8302;427;9319;9384;5.13;0.31;282.23;7.85;1017;28;3230.00;65
8305;28;623980708;8305;419;9321;9385;5.05;0.31;282.34;7.85;1016;28;3231.00;64
8308;28;623980719;8308;418;9321;9385;5.01;0.31;282.30;7.85;1013;28;3232.00;64
8310;28;623980731;8310;424;9323;9386;4.98;0.30;282.30;7.85;1013;28;3233.00;63
8316;28;623980742;8316;434;9324;9386;4.90;0.30;282.26;7.86;1008;28;3234.00;62
8321;28;623980754;8321;426;9324;9386;4.89;0.30;282.28;7.86;1003;28;3235.00;62
8322;28;623980767;8322;424;9326;9386;4.92;0.30;282.30;7.86;1004;28;3236.00;60
8326;28;623980778;8326;416;9326;9386;4.99;0.30;282.31;7.86;1000;28;3237.00;60
8327;28;623980794;8327;412;9327;9386;5.04;0.31;282.33;7.86;1000;28;3238.00;59
8330;28;623980807;8330;406;9328;9386;5.08;0.31;282.34;7.86;998;28;3239.00;58
8332;28;623980823;8332;408;9384;9511;5.41;0.34;282.28;7.81;1052;28;3240.00;127
8334;28;623980849;8334;407;9389;9512;5.47;0.34;282.31;7.81;1055;28;3241.00;123
8338;28;623980862;8338;409;9400;9512;5.53;0.34;282.28;7.80;1062;28;3242.00;112
8341;28;623980878;8341;410;9406;9512;5.50;0.34;282.25;7.80;1065;28;3243.00;106
8345;28;623980890;8345;410;9411;9512;5.51;0.34;282.28;7.80;1066;28;3244.00;101
8348;28;623980903;8348;410;9414;9512;5.51;0.34;282.26;7.80;1066;28;3245.00;98
8355;28;623980916;8355;412;9419;9512;5.50;0.34;282.29;7.80;1064;28;3246.00;93
8356;28;623980928;8356;419;9424;9512;5.50;0.34;282.31;7.80;1068;28;3247.00;88
8357;28;623980942;8357;420;9428;9513;5.53;0.34;282.32;7.80;1071;28;3248.00;85
8363;28;623980956;8363;422;9431;9514;5.50;0.34;282.28;7.80;1068;28;3249.00;83
8366;28;623980970;8366;426;9435;9514;5.50;0.34;282.22;7.80;1069;28;3250.00;79
8369;28;623980983;8369;429;9438;9518;5.52;0.34;282.19;7.79;1069;28;3251.00;80
8372;28;623980996;8372;429;9438;9518;5.47;0.34;282.16;7.79;1066;28;3252.00;80
8375;28;623981011;8375;430;9438;9518;5.38;0.33;282.17;7.79;1063;28;3253.00;80
8377;28;623981023;8377;434;9438;9518;5.30;0.33;282.19;7.79;1061;28;3254.00;80
8380;28;623981037;8380;433;9443;9524;5.23;0.32;282.16;7.79;1063;28;3255.00;81
8383;28;623981050;8383;442;9443;9524;5.18;0.32;282.18;7.79;1060;28;3256.00;81
8386;28;623981062;8386;447;9443;9524;5.10;0.31;282.15;7.79;1057;28;3257.00;81
8388;28;623981074;8388;454;9445;9527;5.03;0.31;282.12;7.79;1057;28;3258.00;82
8391;28;623981086;8391;445;9445;9527;4.95;0.31;282.14;7.79;1054;28;3259.00;82
8392;28;623981099;8392;438;9445;9527;4.93;0.30;282.20;7.79;1053;28;3260.00;82
8396;28;623981111;8396;436;9445;9528;4.88;0.30;282.20;7.79;1049;28;3261.00;83
8401;28;623981123;8401;426;9447;9529;4.90;0.30;282.16;7.79;1046;28;3262.00;82
8405;28;623981135;8405;430;9447;9529;4.93;0.30;282.15;7.79;1042;28;3263.00;82
8407;28;623981147;8407;420;9457;9542;5.10;0.31;282.16;7.78;1050;28;3264.00;85
8410;28;623981163;8410;420;9457;9542;5.11;0.31;282.18;7.78;1047;28;3265.00;85
8413;28;623981180;8413;425;9458;9542;5.17;0.32;282.16;7.78;1045;28;3266.00;84
8418;28;623981192;8418;421;9459;9543;5.18;0.32;282.15;7.78;1041;28;3267.00;84
8421;28;623981208;8421;426;9459;9543;5.22;0.32;282.11;7.78;1038;28;3268.00;84
8423;28;623981227;8423;427;9463;9547;5.27;0.32;282.18;7.78;1040;28;3269.00;84
8427;28;623981242;8427;430;9464;9547;5.29;0.32;282.22;7.87;1037;28;3270.00;83
8431;28;623981255;8431;429;9467;9551;5.33;0.33;282.23;7.87;1036;28;3271.00;84
8436;28;623981267;8436;426;9467;9551;5.32;0.32;282.20;7.87;1031;28;3272.00;84
8439;28;623981286;8439;422;9467;9551;5.31;0.32;282.15;7.87;1028;28;3273.00;84
8444;28;623981299;8444;427;9467;9551;5.30;0.32;282.14;7.87;1023;28;3274.00;84
8444;28;623981313;8444;424;9467;9551;5.34;0.32;282.14;7.87;1023;28;3275.00;84
8445;28;623981324;8445;425;9476;9563;5.44;0.33;282.13;7.86;1031;28;3276.00;87
8446;28;623981336;8446;414;9476;9563;5.49;0.33;282.11;7.86;1030;28;3277.00;87
8446;28;623981350;8446;400;9478;9563;5.53;0.34;282.11;7.86;1032;28;3278.00;85
8446;28;623981363;8446;387;9479;9563;5.54;0.34;282.11;7.96;1033;28;3279.00;84
8450;28;623981376;8450;381;9479;9563;5.60;0.34;282.15;7.96;1029;28;3280.00;84
8451;28;623981389;8451;381;9479;9563;5.71;0.35;282.12;7.96;1028;28;3281.00;84
8453;28;623981402;8453;381;9479;9564;5.81;0.35;282.15;7.96;1026;28;3282.00;85
8453;28;623981415;8453;375;9479;9564;5.90;0.36;282.15;7.96;1026;28;3283.00;85
8455;28;623981428;8455;376;9484;9570;6.01;0.36;282.18;7.96;1029;28;3284.00;86
8456;28;623981442;8456;373;9486;9572;6.09;0.37;282.17;7.95;1030;28;3285.00;86
8459;28;623981456;8459;360;9486;9572;6.17;0.37;282.23;7.95;1027;28;3286.00;86
8459;28;623981470;8459;354;9486;9572;6.26;0.38;282.23;7.95;1027;28;3287.00;86
8463;28;623981482;8463;338;9489;9576;6.38;0.39;282.27;7.95;1026;28;3288.00;87
8465;28;623981497;8465;324;9489;9576;6.46;0.39;282.26;7.95;1024;28;3289.00;87
8467;28;623981511;8467;307;9489;9576;6.61;0.40;282.26;7.95;1022;28;3290.00;87
8469;28;623981530;8469;297;9490;9577;6.74;0.41;282.26;7.95;1021;28;3291.00;87
8471;28;623981544;8471;290;9494;9581;6.84;0.41;282.31;8.05;1023;28;3292.00;87
8472;28;623981559;8472;285;9494;9581;6.94;0.42;282.31;8.05;1022;28;3293.00;87
8473;28;623981573;8473;284;9496;9584;7.13;0.43;282.34;8.04;1023;28;3294.00;88
8475;28;623981588;8475;276;9496;9584;7.15;0.43;282.39;8.04;1021;28;3295.00;88
8476;28;623981603;8476;272;9497;9584;7.30;0.44;282.47;8.04;1021;28;3296.00;87
8479;28;623981617;8479;273;9497;9584;7.34;0.45;282.53;8.04;1018;28;3297.00;87
8481;28;623981631;8481;266;9501;9588;7.40;0.45;282.58;8.04;1020;28;3298.00;87
8484;28;623981647;8484;264;9501;9588;7.46;0.45;282.73;8.04;1017;28;3299.00;87
8488;28;623981664;8488;264;9506;9607;7.41;0.45;282.77;8.04;1018;28;3300.00;101
8490;28;623981685;8490;254;9506;9607;7.45;0.45;282.76;8.04;1016;28;3301.00;101
8492;28;623981700;8492;255;9506;9608;7.51;0.45;282.77;8.04;1014;28;3302.00;102
8494;28;623981714;8494;251;9507;9609;7.57;0.46;282.81;8.03;1013;28;3303.00;102
8497;28;623981730;8497;241;9507;9609;7.61;0.46;282.91;8.03;1010;28;3304.00;102
8499;28;623981744;8499;246;9509;9610;7.66;0.46;283.05;8.03;1010;28;3305.00;101
8501;28;623981759;8501;242;9511;9610;7.73;0.47;283.02;8.13;1010;28;3306.00;99
8506;28;623981773;8506;243;9511;9610;7.79;0.47;283.05;8.13;1005;28;3307.00;99
8507;28;623981787;8507;242;9511;9610;7.92;0.48;283.03;8.13;1004;28;3308.00;99
8510;28;623981801;8510;237;9511;9610;7.91;0.48;283.12;8.13;1001;28;3309.00;99
8512;28;623981815;8512;231;9511;9610;7.94;0.48;283.24;8.13;999;28;3310.00;99
8512;28;623981829;8512;229;9511;9610;7.98;0.49;283.24;8.13;999;28;3311.00;99
8515;28;623981843;8515;256;9580;9737;7.94;0.49;283.35;8.07;1065;28;3312.00;157
8521;28;623981869;8521;242;9580;9738;7.94;0.49;283.42;8.07;1059;28;3313.00;158
8521;28;623981884;8521;230;9584;9738;8.02;0.49;283.42;8.07;1063;28;3314.00;154
8523;28;623981898;8523;228;9584;9738;8.10;0.50;283.52;8.07;1061;28;3315.00;154
8525;28;623981912;8525;227;9588;9738;8.16;0.50;283.61;8.07;1063;28;3316.00;150
8527;28;623981926;8527;227;9590;9738;8.17;0.50;283.66;8.07;1063;28;3317.00;148
8530;28;623981941;8530;225;9595;9738;8.22;0.50;283.83;8.07;1065;28;3318.00;143
8534;29;623981956;8534;223;9599;9738;8.30;0.51;283.85;8.16;1065;29;3319.00;139
8536;29;623981978;8536;223;9602;9739;8.31;0.51;283.90;8.16;1066;29;3320.00;137
8539;29;623981994;8539;231;9604;9740;8.31;0.51;284.01;8.16;1065;29;3321.00;136
8541;29;623982014;8541;229;9606;9740;8.37;0.51;284.09;8.16;1065;29;3322.00;134
8544;29;623982038;8544;239;9609;9741;8.35;0.51;284.04;8.17;1065;29;3323.00;132
8548;29;623982062;8548;252;9613;9741;8.33;0.51;284.07;8.17;1065;29;3324.00;128
8551;29;623982083;8551;250;9614;9741;8.31;0.51;284.11;8.17;1063;29;3325.00;127
8554;29;623982103;8554;251;9617;9741;8.27;0.51;284.13;8.17;1063;29;3326.00;124
8557;29;623982130;8557;260;9618;9745;8.23;0.50;284.17;8.17;1061;29;3327.00;127
8557;29;623982146;8557;259;9620;9745;8.20;0.50;284.17;8.17;1063;29;3328.00;125
8561;29;623982163;8561;259;9623;9745;8.16;0.50;284.22;8.18;1062;29;3329.00;122
8564;29;623982188;8564;260;9626;9751;8.10;0.49;284.22;8.18;1062;29;3330.00;125
8568;29;623982204;8568;266;9628;9751;8.07;0.49;284.29;8.18;1060;29;3331.00;123
8571;29;623982219;8571;262;9630;9751;8.06;0.49;284.36;8.18;1059;29;3332.00;121
8574;29;623982239;8574;256;9634;9755;7.98;0.49;284.37;8.18;1060;29;3333.00;121
8576;29;623982255;8576;255;9638;9756;7.94;0.48;284.39;8.27;1062;29;3334.00;118
8583;29;623982271;8583;254;9645;9756;7.84;0.48;284.40;8.30;1062;29;3335.00;111
8586;29;623982288;8586;251;9648;9760;7.79;0.47;284.51;8.30;1062;29;3336.00;112
8587;29;623982303;8587;250;9650;9760;7.80;0.48;284.50;8.30;1063;29;3337.00;110
8590;29;623982318;8590;249;9651;9760;7.81;0.48;284.52;8.30;1061;29;3338.00;109
8593;29;623982333;8593;251;9653;9761;7.83;0.48;284.59;8.30;1060;29;3339.00;108
8595;29;623982348;8595;246;9653;9761;7.85;0.48;284.57;8.30;1058;29;3340.00;108
8599;29;623982363;8599;247;9659;9767;7.83;0.48;284.63;8.30;1060;29;3341.00;108
8599;29;623982379;8599;247;9659;9767;7.84;0.48;284.63;8.30;1060;29;3342.00;108
8602;29;623982395;8602;245;9661;9768;7.81;0.48;284.61;8.30;1059;29;3343.00;107
8605;29;623982410;8605;252;9662;9768;7.82;0.48;284.62;8.39;1057;29;3344.00;106
8610;29;623982424;8610;262;9662;9768;7.84;0.48;284.59;8.39;1052;29;3345.00;106
8612;29;623982439;8612;260;9663;9768;7.80;0.47;284.56;8.40;1051;29;3346.00;105
8619;29;623982453;8619;260;9664;9768;7.83;0.47;284.60;8.40;1045;29;3347.00;104
8624;29;623982468;8624;265;9675;9780;7.80;0.47;284.63;8.39;1051;29;3348.00;105
8626;29;623982484;8626;265;9675;9780;7.73;0.47;284.60;8.39;1049;29;3349.00;105
8627;29;623982498;8627;266;9675;9780;7.69;0.47;284.63;8.39;1048;29;3350.00;105
8630;29;623982513;8630;272;9677;9780;7.63;0.46;284.63;8.39;1047;29;3351.00;103
8634;29;623982528;8634;274;9677;9780;7.59;0.46;284.68;8.39;1043;29;3352.00;103
8635;29;623982542;8635;273;9677;9780;7.55;0.46;284.72;8.39;1042;29;3353.00;103
8639;29;623982556;8639;280;9682;9784;7.50;0.46;284.82;8.40;1043;29;3354.00;102
8645;29;623982570;8645;281;9682;9784;7.42;0.45;284.82;8.40;1037;29;3355.00;102
8646;29;623982584;8646;277;9686;9788;7.44;0.45;284.81;8.40;1040;29;3356.00;102
8648;29;623982599;8648;284;9688;9789;7.43;0.45;284.81;8.39;1040;29;3357.00;101
8653;29;623982613;8653;286;9688;9789;7.38;0.45;284.84;8.39;1035;29;3358.00;101
8656;29;623982626;8656;298;9688;9789;7.33;0.45;284.84;8.39;1032;29;3359.00;101
8659;29;623982643;8659;304;9710;9818;7.21;0.44;284.87;8.39;1051;29;3360.00;108
8662;29;623982659;8662;306;9711;9818;7.18;0.44;284.89;8.39;1049;29;3361.00;107
8662;29;623982673;8662;315;9714;9818;7.19;0.44;284.89;8.40;1052;29;3362.00;104
8668;29;623982685;8668;325;9718;9819;7.17;0.44;285.06;8.42;1050;29;3363.00;101
8672;29;623982699;8672;330;9718;9820;7.10;0.43;285.17;8.42;1046;29;3364.00;102
8675;29;623982714;8675;337;9720;9820;7.04;0.43;285.23;8.44;1045;29;3365.00;100
8678;29;623982727;8678;345;9722;9823;7.04;0.43;285.27;8.44;1044;29;3366.00;101
8679;29;623982740;8679;350;9722;9823;7.02;0.43;285.30;8.44;1043;29;3367.00;101
8680;29;623982753;8680;358;9725;9823;7.03;0.43;285.39;8.46;1045;29;3368.00;98
8682;29;623982766;8682;365;9725;9823;6.97;0.43;285.43;8.46;1043;29;3369.00;98
8684;29;623982778;8684;364;9730;9829;6.93;0.42;285.52;8.46;1046;29;3370.00;99
8685;29;623982792;8685;376;9732;9829;6.89;0.42;285.50;8.48;1047;29;3371.00;97
8686;29;623982805;8686;388;9733;9829;6.81;0.42;285.50;8.49;1047;29;3372.00;96
8686;29;623982818;8686;391;9733;9829;6.70;0.41;285.50;8.49;1047;29;3373.00;96
8688;29;623982830;8688;400;9738;9833;6.58;0.40;285.60;8.51;1050;29;3374.00;95
8689;29;623982844;8689;401;9740;9835;6.48;0.40;285.66;8.51;1051;29;3375.00;95
8691;29;623982856;8691;406;9742;9835;6.35;0.39;285.79;8.53;1051;29;3376.00;93
8696;29;623982869;8696;416;9743;9836;6.16;0.38;285.89;8.53;1047;29;3377.00;93
8696;29;623982881;8696;429;9743;9836;5.98;0.37;285.89;8.53;1047;29;3378.00;93
8701;29;623982893;8701;426;9745;9836;5.75;0.35;285.90;8.54;1044;29;3379.00;91
8705;29;623982905;8705;416;9745;9836;5.62;0.35;285.85;8.54;1040;29;3380.00;91
8706;29;623982918;8706;418;9747;9836;5.57;0.34;285.82;8.56;1041;29;3381.00;89
8708;29;623982929;8708;417;9747;9836;5.52;0.34;285.85;8.56;1039;29;3382.00;89
8713;29;623982942;8713;413;9747;9836;5.46;0.33;285.86;8.56;1034;29;3383.00;89
8715;29;623982954;8715;416;9781;9906;5.60;0.34;285.80;8.53;1066;29;3384.00;125
8716;29;623982973;8716;414;9784;9907;5.56;0.34;285.79;8.53;1068;29;3385.00;123
8720;29;623982985;8720;409;9792;9907;5.59;0.34;285.80;8.52;1072;29;3386.00;115
8722;29;623982999;8722;415;9798;9907;5.56;0.34;285.81;8.54;1076;29;3387.00;109
8722;29;623983014;8722;418;9803;9907;5.59;0.34;285.81;8.54;1081;29;3388.00;104
8725;29;623983026;8725;419;9807;9907;5.56;0.34;285.85;8.55;1082;29;3389.00;100
8727;29;623983041;8727;423;9810;9907;5.51;0.34;285.79;8.55;1083;29;3390.00;97
8731;29;623983053;8731;430;9813;9907;5.46;0.33;285.81;8.54;1082;29;3391.00;94
8734;29;623983065;8734;430;9814;9908;5.40;0.33;285.78;8.54;1080;29;3392.00;94
8739;29;623983077;8739;441;9824;9909;5.34;0.33;285.73;8.59;1085;29;3393.00;85
8743;29;623983088;8743;449;9826;9909;5.25;0.32;285.71;8.60;1083;29;3394.00;83
8747;29;623983101;8747;461;9829;9913;5.16;0.32;285.77;8.60;1082;29;3395.00;84
8750;29;623983112;8750;458;9831;9913;5.08;0.31;285.74;8.61;1081;29;3396.00;82
8757;29;623983124;8757;467;9831;9913;4.94;0.30;285.73;8.61;1074;29;3397.00;82
8763;29;623983135;8763;474;9833;9913;4.77;0.29;285.64;8.62;1070;29;3398.00;80
8766;29;623983147;8766;479;9837;9919;4.67;0.29;285.62;8.62;1071;29;3399.00;82
8768;29;623983160;8768;474;9838;9919;4.59;0.28;285.62;8.62;1070;29;3400.00;81
8768;29;623983175;8768;476;9839;9919;4.53;0.28;285.62;8.62;1071;29;3401.00;80
8772;29;623983186;8772;478;9841;9922;4.47;0.27;285.57;8.62;1069;29;3402.00;81
8774;29;623983197;8774;478;9843;9922;4.39;0.27;285.58;8.63;1069;29;3403.00;79
8777;29;623983208;8777;469;9843;9922;4.34;0.27;285.56;8.63;1066;29;3404.00;79
8779;29;623983220;8779;477;9843;9923;4.30;0.26;285.56;8.63;1064;29;3405.00;80
8780;29;623983231;8780;484;9845;9924;4.32;0.27;285.58;8.63;1065;29;3406.00;79
8786;29;623983242;8786;475;9845;9924;4.31;0.26;285.54;8.63;1059;29;3407.00;79
8791;29;623983254;8791;473;9855;9937;4.38;0.27;285.53;8.62;1064;29;3408.00;82
8793;29;623983267;8793;475;9856;9937;4.42;0.27;285.50;8.62;1063;29;3409.00;81
8797;29;623983279;8797;472;9856;9937;4.41;0.27;285.50;8.62;1059;29;3410.00;81
8799;29;623983290;8799;457;9857;9938;4.51;0.27;285.50;8.62;1058;29;3411.00;81
8800;29;623983302;8800;451;9857;9938;4.64;0.28;285.52;8.62;1057;29;3412.00;81
8803;29;623983313;8803;435;9860;9942;4.83;0.29;285.52;8.62;1057;29;3413.00;82
8804;29;623983326;8804;433;9860;9942;4.98;0.30;285.54;8.62;1056;29;3414.00;82
8808;29;623983338;8808;426;9864;9946;5.12;0.31;285.60;8.61;1056;29;3415.00;82
8811;29;623983350;8811;417;9865;9946;5.26;0.32;285.58;8.62;1054;29;3416.00;81
8814;30;623983363;8814;422;9865;9946;5.32;0.32;285.54;8.62;1051;30;3417.00;81
8818;30;623983393;8818;415;9865;9946;5.35;0.33;285.54;8.62;1047;30;3418.00;81
8823;30;623983406;8823;409;9867;9946;5.30;0.32;285.57;8.62;1044;30;3419.00;79
8824;30;623983421;8824;410;9894;9980;5.51;0.34;285.55;8.59;1070;30;3420.00;86
8826;30;623983437;8826;399;9894;9980;5.51;0.34;285.56;8.59;1068;30;3421.00;86
8829;30;623983450;8829;407;9895;9980;5.49;0.34;285.60;8.59;1066;30;3422.00;85
8831;30;623983462;8831;400;9895;9980;5.52;0.34;285.58;8.59;1064;30;3423.00;85
8835;30;623983482;8835;396;9896;9980;5.56;0.34;285.54;8.59;1061;30;3424.00;84
8838;31;623983494;8838;397;9896;9980;5.57;0.34;285.55;8.59;1058;31;3425.00;84
8840;31;623983522;8840;395;9896;9981;5.59;0.34;285.51;8.59;1056;31;3426.00;85
8843;31;623983535;8843;392;9896;9981;5.56;0.34;285.52;8.59;1053;31;3427.00;85
8847;31;623983552;8847;387;9901;9987;5.52;0.34;285.63;8.59;1054;31;3428.00;86
8847;31;623983565;8847;381;9902;9988;5.50;0.34;285.63;8.59;1055;31;3429.00;86
8849;31;623983582;8849;392;9902;9988;5.45;0.33;285.65;8.59;1053;31;3430.00;86
8853;31;623983594;8853;382;9902;9988;5.45;0.33;285.59;8.59;1049;31;3431.00;86
8856;31;623983605;8856;384;9905;9992;5.45;0.33;285.60;8.58;1049;31;3432.00;87
8863;31;623983624;8863;381;9905;9992;5.37;0.33;285.75;8.58;1042;31;3433.00;87
8869;31;623983637;8869;379;9905;9992;5.31;0.32;285.75;8.58;1036;31;3434.00;87
8871;31;623983650;8871;388;9906;9993;5.29;0.32;285.78;8.58;1035;31;3435.00;87
8873;31;623983662;8873;394;9909;9997;5.28;0.32;285.74;8.58;1036;31;3436.00;88
8875;31;623983675;8875;390;9909;9997;5.27;0.32;285.74;8.58;1034;31;3437.00;88
8878;31;623983687;8878;393;9911;10000;5.32;0.32;285.81;8.58;1033;31;3438.00;89
8880;31;623983699;8880;387;9911;10000;5.34;0.33;285.79;8.58;1031;31;3439.00;89
8882;31;623983711;8882;388;9912;10000;5.36;0.33;285.85;8.58;1030;31;3440.00;88
8884;31;623983724;8884;398;9912;10000;5.38;0.33;285.90;8.58;1028;31;3441.00;88
8886;31;623983736;8886;401;9916;10004;5.48;0.33;285.89;8.57;1030;31;3442.00;88
8889;31;623983750;8889;400;9916;10004;5.51;0.34;286.01;8.57;1027;31;3443.00;88
8893;31;623983762;8893;400;9916;10004;5.52;0.34;286.12;8.57;1023;31;3444.00;88
8894;31;623983775;8894;398;9917;10004;5.52;0.34;286.14;8.67;1023;31;3445.00;87
8896;31;623983788;8896;393;9917;10005;5.49;0.33;286.20;8.67;1021;31;3446.00;88
8896;31;623983800;8896;381;9918;10006;5.54;0.34;286.20;8.67;1022;31;3447.00;88
8900;31;623983813;8900;373;9918;10006;5.56;0.34;286.28;8.67;1018;31;3448.00;88
8903;31;623983826;8903;363;9919;10007;5.61;0.34;286.28;8.67;1016;31;3449.00;88
8905;31;623983841;8905;366;9919;10007;5.66;0.34;286.37;8.67;1014;31;3450.00;88
8911;31;623983854;8911;349;9919;10007;5.69;0.35;286.47;8.67;1008;31;3451.00;88
8914;31;623983868;8914;348;9919;10007;5.75;0.35;286.53;8.67;1005;31;3452.00;88
8916;31;623983880;8916;344;9919;10007;5.80;0.35;286.60;8.67;1003;31;3453.00;88
8916;31;623983893;8916;338;9919;10007;5.87;0.36;286.60;8.67;1003;31;3454.00;88
8918;31;623983906;8918;332;9919;10007;5.90;0.36;286.62;8.67;1001;31;3455.00;88
8919;31;623983924;8919;335;9991;10134;6.17;0.38;286.62;8.60;1072;31;3456.00;143
8923;31;623983950;8923;308;9995;10135;6.24;0.38;286.71;8.60;1072;31;3457.00;140
8923;31;623983965;8923;289;10000;10135;6.42;0.39;286.71;8.60;1077;31;3458.00;135
8925;31;623983984;8925;274;10004;10135;6.57;0.40;286.78;8.59;1079;31;3459.00;131
8930;31;623983998;8930;259;10009;10135;6.68;0.41;286.82;8.59;1079;31;3460.00;126
8931;31;623984019;8931;250;10010;10135;6.78;0.41;286.81;8.59;1079;31;3461.00;125
8932;31;623984043;8932;246;10013;10135;6.90;0.42;286.86;8.59;1081;31;3462.00;122
8933;31;623984072;8933;248;10016;10135;7.02;0.43;286.91;8.59;1083;31;3463.00;119
8934;31;623984095;8934;252;10020;10136;7.09;0.43;286.89;8.68;1086;31;3464.00;116
8936;31;623984117;8936;253;10024;10138;7.15;0.44;286.96;8.68;1088;31;3465.00;114
8937;31;623984136;8937;256;10026;10138;7.24;0.44;286.96;8.68;1089;31;3466.00;112
8938;31;623984152;8938;262;10028;10139;7.24;0.44;287.01;8.68;1090;31;3467.00;111
8941;31;623984170;8941;267;10031;10139;7.27;0.44;287.08;8.69;1090;31;3468.00;108
8941;31;623984185;8941;275;10034;10139;7.32;0.45;287.08;8.69;1093;31;3469.00;105
8946;31;623984201;8946;273;10034;10139;7.34;0.45;287.08;8.69;1088;31;3470.00;105
8947;31;623984217;8947;273;10039;10143;7.40;0.45;287.12;8.68;1092;31;3471.00;104
8947;31;623984234;8947;274;10039;10143;7.44;0.46;287.12;8.68;1092;31;3472.00;104
8949;31;623984249;8949;275;10040;10143;7.55;0.46;287.23;8.68;1091;31;3473.00;103
8953;31;623984265;8953;282;10043;10146;7.56;0.46;287.37;8.68;1090;31;3474.00;103
8955;31;623984281;8955;283;10043;10146;7.56;0.46;287.42;8.68;1088;31;3475.00;103
8959;31;623984297;8959;282;10044;10146;7.58;0.46;287.49;8.68;1085;31;3476.00;102
8964;31;623984312;8964;276;10049;10150;7.64;0.47;287.45;8.68;1085;31;3477.00;101
8966;31;623984328;8966;277;10051;10151;7.65;0.47;287.50;8.68;1085;31;3478.00;100
8968;31;623984344;8968;283;10052;10151;7.70;0.47;287.56;8.68;1084;31;3479.00;99
8971;31;623984363;8971;276;10056;10156;7.73;0.47;287.56;8.68;1085;31;3480.00;100
8973;31;623984378;8973;280;10056;10156;7.75;0.47;287.60;8.68;1083;31;3481.00;100
8976;31;623984399;8976;276;10056;10156;7.79;0.47;287.70;8.68;1080;31;3482.00;100
8978;31;623984415;8978;272;10057;10157;7.80;0.48;287.77;8.68;1079;31;3483.00;100
8979;31;623984431;8979;276;10057;10157;7.81;0.48;287.83;8.68;1078;31;3484.00;100
8984;31;623984447;8984;271;10063;10163;7.81;0.48;287.90;8.77;1079;31;3485.00;100
8987;31;623984464;8987;266;10063;10163;7.86;0.48;287.88;8.77;1076;31;3486.00;100
8991;31;623984481;8991;264;10063;10164;7.85;0.48;287.92;8.77;1072;31;3487.00;101
8995;31;623984496;8995;265;10063;10164;7.89;0.48;288.02;8.77;1068;31;3488.00;101
8998;31;623984512;8998;264;10063;10164;7.91;0.48;288.09;8.77;1065;31;3489.00;101
9001;31;623984528;9001;261;10063;10164;7.91;0.48;288.13;8.77;1062;31;3490.00;101
9003;31;623984544;9003;262;10063;10164;7.96;0.48;288.17;8.77;1060;31;3491.00;101
9004;31;623984560;9004;265;10074;10176;8.02;0.49;288.17;8.86;1070;31;3492.00;102
9007;31;623984575;9007;261;10074;10176;8.05;0.49;288.21;8.86;1067;31;3493.00;102
9007;31;623984591;9007;256;10075;10176;8.10;0.49;288.21;8.86;1068;31;3494.00;101
9008;31;623984605;9008;258;10075;10176;8.13;0.49;288.21;8.86;1067;31;3495.00;101
9013;31;623984621;9013;264;10075;10176;8.11;0.49;288.20;8.86;1062;31;3496.00;101
9015;31;623984636;9015;265;10075;10176;8.09;0.49;288.21;8.86;1060;31;3497.00;101
9020;31;623984652;9020;262;10078;10180;8.06;0.49;288.26;8.85;1058;31;3498.00;102
9022;31;623984668;9022;265;10078;10180;8.10;0.49;288.28;8.85;1056;31;3499.00;102
9025;31;623984689;9025;269;10082;10184;8.14;0.49;288.31;8.85;1057;31;3500.00;102
9027;31;623984709;9027;270;10083;10185;8.11;0.49;288.34;8.85;1056;31;3501.00;102
9032;31;623984729;9032;266;10083;10185;8.03;0.49;288.35;8.85;1051;31;3502.00;102
9034;31;623984745;9034;270;10083;10185;7.94;0.48;288.39;8.85;1049;31;3503.00;102
9035;31;623984760;9035;272;10095;10198;7.88;0.48;288.39;8.85;1060;31;3504.00;103
9038;31;623984777;9038;271;10095;10198;7.82;0.48;288.47;8.85;1057;31;3505.00;103
9044;31;623984799;9044;265;10096;10198;7.79;0.47;288.61;8.87;1052;31;3506.00;102
9049;31;623984814;9049;270;10097;10199;7.80;0.47;288.60;8.87;1048;31;3507.00;102
9053;31;623984828;9053;269;10098;10200;7.79;0.47;288.55;8.96;1045;31;3508.00;102
9059;31;623984844;9059;271;10098;10200;7.81;0.47;288.57;8.96;1039;31;3509.00;102
9063;31;623984860;9063;274;10102;10206;7.85;0.48;288.57;8.96;1039;31;3510.00;104
9066;31;623984876;9066;280;10103;10206;7.84;0.48;288.63;8.96;1037;31;3511.00;103
9069;31;623984892;9069;278;10104;10206;7.83;0.48;288.66;8.96;1035;31;3512.00;102
9072;31;623984907;9072;284;10104;10206;7.79;0.47;288.74;8.96;1032;31;3513.00;102
9076;31;623984925;9076;286;10110;10212;7.81;0.47;288.68;9.05;1034;31;3514.00;102
9078;31;623984942;9078;285;10110;10212;7.82;0.48;288.79;9.05;1032;31;3515.00;102
9080;31;623984957;9080;293;10110;10212;7.81;0.48;288.78;9.05;1030;31;3516.00;102
9083;31;623984973;9083;294;10110;10212;7.81;0.47;288.85;9.05;1027;31;3517.00;102
9086;31;623984987;9086;301;10113;10216;7.75;0.47;288.98;9.05;1027;31;3518.00;103
9089;31;623985007;9089;311;10116;10219;7.77;0.47;289.01;9.05;1027;31;3519.00;103
9091;31;623985030;9091;315;10117;10219;7.74;0.47;288.97;9.06;1026;31;3520.00;102
9096;31;623985044;9096;321;10118;10220;7.63;0.46;289.03;9.06;1022;31;3521.00;102
9097;31;623985058;9097;326;10118;10220;7.55;0.46;289.02;9.06;1021;31;3522.00;102
9102;31;623985071;9102;329;10118;10220;7.45;0.45;289.12;9.06;1016;31;3523.00;102
9103;31;623985084;9103;338;10118;10220;7.44;0.45;289.19;9.06;1015;31;3524.00;102
9105;31;623985098;9105;341;10118;10220;7.42;0.45;289.19;9.06;1013;31;3525.00;102
9107;31;623985110;9107;344;10119;10220;7.38;0.45;289.23;9.07;1012;31;3526.00;101
9111;31;623985123;9111;351;10119;10220;7.30;0.44;289.33;9.07;1008;31;3527.00;101
9113;31;623985136;9113;360;10153;10290;7.48;0.46;289.29;9.04;1040;31;3528.00;137
9114;31;623985156;9114;360;10153;10291;7.42;0.45;289.30;9.04;1039;31;3529.00;138
9118;31;623985169;9118;361;10164;10291;7.42;0.45;289.32;9.05;1046;31;3530.00;127
9120;31;623985182;9120;364;10169;10291;7.42;0.45;289.28;9.05;1049;31;3531.00;122
9122;31;623985195;9122;370;10175;10291;7.34;0.45;289.30;9.07;1053;31;3532.00;116
9122;31;623985208;9122;370;10178;10291;7.29;0.44;289.30;9.07;1056;31;3533.00;113
9124;31;623985221;9124;373;10181;10291;7.18;0.44;289.31;9.08;1057;31;3534.00;110
9128;31;623985233;9128;376;10184;10291;7.06;0.43;289.27;9.09;1056;31;3535.00;107
9129;31;623985246;9129;384;10186;10292;6.96;0.42;289.26;9.10;1057;31;3536.00;106
9133;31;623985259;9133;392;10189;10293;6.91;0.42;289.28;9.11;1056;31;3537.00;104
9134;31;623985273;9134;399;10192;10293;6.86;0.42;289.28;9.11;1058;31;3538.00;101
9137;31;623985285;9137;397;10199;10297;6.77;0.41;289.30;9.12;1062;31;3539.00;98
9138;31;623985300;9138;397;10200;10297;6.64;0.41;289.27;9.12;1062;31;3540.00;97
9140;31;623985313;9140;405;10201;10297;6.48;0.40;289.22;9.14;1061;31;3541.00;96
9141;31;623985331;9141;412;10202;10297;6.33;0.39;289.22;9.14;1061;31;3542.00;95
9144;31;623985343;9144;418;10208;10303;6.27;0.39;289.15;9.15;1064;31;3543.00;95
9146;31;623985356;9146;423;10209;10303;6.15;0.38;289.12;9.15;1063;31;3544.00;94
9152;31;623985369;9152;425;10211;10303;6.05;0.37;289.16;9.16;1059;31;3545.00;92
9153;31;623985381;9153;420;10213;10306;6.01;0.37;289.14;9.16;1060;31;3546.00;93
9155;31;623985394;9155;424;10214;10306;5.95;0.37;289.09;9.17;1059;31;3547.00;92
9157;31;623985407;9157;430;10215;10306;5.88;0.36;289.06;9.17;1058;31;3548.00;91
9160;31;623985419;9160;438;10216;10307;5.81;0.36;289.10;9.18;1056;31;3549.00;91
9162;31;623985431;9162;433;10217;10308;5.76;0.35;289.08;9.18;1055;31;3550.00;91
9164;31;623985443;9164;432;10220;10308;5.64;0.35;289.06;9.21;1056;31;3551.00;88
9165;31;623985455;9165;431;10230;10321;5.61;0.34;289.04;9.20;1065;31;3552.00;91
9169;31;623985469;9169;437;10234;10321;5.54;0.34;288.96;9.22;1065;31;3553.00;87
9172;31;623985480;9172;438;10234;10321;5.49;0.34;288.90;9.22;1062;31;3554.00;87
9173;31;623985492;9173;440;10236;10323;5.43;0.33;288.87;9.22;1063;31;3555.00;87
9173;31;623985503;9173;436;10237;10323;5.38;0.33;288.87;9.23;1064;31;3556.00;86
9174;31;623985515;9174;444;10242;10327;5.36;0.33;288.86;9.24;1068;31;3557.00;85
9179;31;623985527;9179;446;10242;10327;5.31;0.32;288.91;9.24;1063;31;3558.00;85
9182;31;623985538;9182;448;10247;10331;5.27;0.32;288.93;9.25;1065;31;3559.00;84
9182;31;623985550;9182;450;10247;10331;5.23;0.32;288.93;9.25;1065;31;3560.00;84
9182;31;623985561;9182;456;10249;10331;5.14;0.31;288.93;9.27;1067;31;3561.00;82
9184;31;623985572;9184;454;10249;10331;5.05;0.31;288.90;9.27;1065;31;3562.00;82
9185;31;623985583;9185;442;10251;10331;4.98;0.30;288.89;9.28;1066;31;3563.00;80
9188;31;623985594;9188;432;10260;10343;4.96;0.30;288.87;9.27;1072;31;3564.00;83
9192;31;623985607;9192;428;10260;10343;4.88;0.30;288.81;9.27;1068;31;3565.00;83
9194;31;623985618;9194;426;10264;10343;4.85;0.30;288.79;9.28;1070;31;3566.00;79
9196;31;623985630;9196;429;10264;10343;4.84;0.30;288.75;9.28;1068;31;3567.00;79
9198;31;623985641;9198;431;10264;10343;4.84;0.30;288.74;9.28;1066;31;3568.00;79
9199;31;623985652;9199;433;10266;10343;4.83;0.30;288.74;9.29;1067;31;3569.00;77
9203;31;623985664;9203;427;10266;10344;4.81;0.29;288.74;9.29;1063;31;3570.00;78
9206;31;623985676;9206;425;10266;10344;4.84;0.30;288.75;9.29;1060;31;3571.00;78
9207;31;623985688;9207;425;10273;10350;5.01;0.31;288.73;9.29;1066;31;3572.00;77
9211;31;623985706;9211;425;10274;10351;5.05;0.31;288.74;9.29;1063;31;3573.00;77
9214;31;623985718;9214;424;10274;10351;5.08;0.31;288.75;9.29;1060;31;3574.00;77
9214;31;623985730;9214;418;10276;10351;5.15;0.32;288.75;9.30;1062;31;3575.00;75
9217;31;623985742;9217;414;10279;10355;5.20;0.32;288.80;9.30;1062;31;3576.00;76
9218;31;623985754;9218;406;10281;10355;5.31;0.33;288.81;9.30;1063;31;3577.00;74
9220;31;623985771;9220;399;10281;10355;5.40;0.33;288.81;9.30;1061;31;3578.00;74
9225;31;623985784;9225;392;10282;10356;5.44;0.33;288.84;9.30;1057;31;3579.00;74
9226;31;623985796;9226;387;10285;10360;5.51;0.34;288.86;9.30;1059;31;3580.00;75
9229;31;623985808;9229;385;10285;10360;5.55;0.34;288.89;9.30;1056;31;3581.00;75
9233;31;623985821;9233;380;10287;10363;5.56;0.34;288.95;9.30;1054;31;3582.00;76
9235;31;623985833;9235;377;10288;10363;5.62;0.34;288.97;9.30;1053;31;3583.00;75
9238;31;623985845;9238;373;10288;10363;5.61;0.34;289.01;9.30;1050;31;3584.00;75
9242;31;623985858;9242;362;10288;10363;5.66;0.35;289.04;9.30;1046;31;3585.00;75
9246;31;623985870;9246;366;10292;10367;5.76;0.35;289.09;9.29;1046;31;3586.00;75
9251;31;623985884;9251;363;10292;10367;5.80;0.35;289.15;9.29;1041;31;3587.00;75
9255;31;623985896;9255;359;10292;10367;5.88;0.36;289.19;9.29;1037;31;3588.00;75
9261;31;623985909;9261;357;10292;10367;5.89;0.36;289.20;9.29;1031;31;3589.00;75
9264;31;623985922;9264;350;10292;10368;5.91;0.36;289.17;9.29;1028;31;3590.00;76
9265;31;623985935;9265;347;10293;10369;5.93;0.36;289.20;9.29;1028;31;3591.00;76
9271;31;623985947;9271;347;10293;10369;5.92;0.36;289.22;9.29;1022;31;3592.00;76
9276;31;623985960;9276;351;10294;10370;5.99;0.37;289.26;9.29;1018;31;3593.00;76
9280;31;623985973;9280;355;10294;10370;6.02;0.37;289.34;9.29;1014;31;3594.00;76
9286;31;623985985;9286;352;10294;10370;6.05;0.37;289.39;9.29;1008;31;3595.00;76
9292;31;623985999;9292;355;10294;10370;6.06;0.37;289.48;9.29;1002;31;3596.00;76
9294;31;623986016;9294;358;10294;10370;6.08;0.37;289.51;9.29;1000;31;3597.00;76
9297;31;623986037;9297;358;10294;10370;6.09;0.37;289.51;9.29;997;31;3598.00;76
9300;31;623986055;9300;355;10294;10370;6.15;0.37;289.56;9.29;994;31;3599.00;76
9303;31;623986078;9303;396;10408;10623;6.47;0.41;289.59;9.19;1105;31;3600.00;215
9307;31;623986127;9307;386;10414;10624;6.46;0.40;289.69;9.19;1107;31;3601.00;210
9310;31;623986143;9310;376;10430;10624;6.58;0.41;289.76;9.17;1120;31;3602.00;194
9315;31;623986158;9315;375;10436;10624;6.59;0.41;289.85;9.17;1121;31;3603.00;188
9320;31;623986174;9320;373;10447;10624;6.54;0.41;289.94;9.17;1127;31;3604.00;177
9322;31;623986189;9322;373;10450;10624;6.51;0.40;289.94;9.16;1128;31;3605.00;174
9326;31;623986204;9326;376;10457;10624;6.47;0.40;290.06;9.16;1131;31;3606.00;167
9330;31;623986220;9330;375;10462;10624;6.42;0.40;290.07;9.16;1132;31;3607.00;162
9333;31;623986236;9333;370;10470;10625;6.40;0.40;290.13;9.16;1137;31;3608.00;155
9336;31;623986251;9336;376;10473;10626;6.38;0.40;290.12;9.16;1137;31;3609.00;153
9341;31;623986266;9341;377;10479;10626;6.30;0.39;290.11;9.16;1138;31;3610.00;147
9345;31;623986281;9345;381;10485;10627;6.24;0.39;290.22;9.16;1140;31;3611.00;142
9350;31;623986295;9350;375;10487;10627;6.18;0.38;290.22;9.16;1137;31;3612.00;140
9353;31;623986310;9353;386;10490;10627;6.14;0.38;290.33;9.16;1137;31;3613.00;137
9355;31;623986325;9355;392;10493;10627;6.06;0.37;290.44;9.16;1138;31;3614.00;134
9358;31;623986341;9358;401;10497;10631;5.96;0.37;290.48;9.16;1139;31;3615.00;134
9361;31;623986357;9361;404;10498;10631;5.93;0.37;290.58;9.16;1137;31;3616.00;133
9363;31;623986372;9363;402;10498;10631;5.94;0.37;290.65;9.16;1135;31;3617.00;133
9365;31;623986386;9365;398;10500;10634;5.97;0.37;290.62;9.16;1135;31;3618.00;134
9368;31;623986401;9368;386;10500;10634;6.03;0.37;290.74;9.16;1132;31;3619.00;134
9371;31;623986417;9371;381;10500;10634;6.06;0.37;290.81;9.16;1129;31;3620.00;134
9373;31;623986432;9373;385;10505;10638;6.07;0.37;290.86;9.16;1132;31;3621.00;133
9375;31;623986448;9375;378;10507;10639;6.13;0.38;290.99;9.16;1132;31;3622.00;132
9382;31;623986463;9382;372;10507;10639;6.15;0.38;290.97;9.16;1125;31;3623.00;132
9384;31;623986480;9384;370;10512;10643;6.17;0.38;291.02;9.16;1128;31;3624.00;131
9385;31;623986496;9385;367;10512;10643;6.26;0.38;291.09;9.16;1127;31;3625.00;131
9391;31;623986514;9391;358;10512;10643;6.31;0.38;291.24;9.16;1121;31;3626.00;131
9396;31;623986530;9396;351;10514;10644;6.35;0.39;291.47;9.16;1118;31;3627.00;130
9398;31;623986547;9398;353;10515;10644;6.43;0.39;291.44;9.27;1117;31;3628.00;129
9401;31;623986565;9401;341;10519;10650;6.55;0.40;291.64;9.27;1118;31;3629.00;131
9403;31;623986584;9403;334;10521;10650;6.73;0.41;291.65;9.27;1118;31;3630.00;129
9407;31;623986602;9407;329;10521;10651;6.83;0.42;291.83;9.27;1114;31;3631.00;130
9411;31;623986619;9411;324;10521;10651;6.89;0.42;291.92;9.27;1110;31;3632.00;130
9413;31;623986636;9413;323;10522;10651;7.00;0.43;291.99;9.27;1109;31;3633.00;129
9416;31;623986654;9416;323;10523;10651;7.03;0.43;292.06;9.27;1107;31;3634.00;128
9417;31;623986670;9417;327;10524;10651;7.06;0.43;292.09;9.27;1107;31;3635.00;127
9419;31;623986696;9419;325;10534;10663;7.10;0.43;292.16;9.27;1115;31;3636.00;129
9421;31;623986714;9421;322;10536;10663;7.20;0.44;292.17;9.27;1115;31;3637.00;127
9423;31;623986731;9423;309;10537;10663;7.30;0.44;292.20;9.27;1114;31;3638.00;126
9426;31;623986753;9426;317;10538;10663;7.35;0.45;292.28;9.28;1112;31;3639.00;125
9427;31;623986771;9427;305;10541;10663;7.41;0.45;292.26;9.28;1114;31;3640.00;122
9429;31;623986787;9429;311;10541;10663;7.47;0.46;292.32;9.28;1112;31;3641.00;122
9434;31;623986803;9434;311;10544;10667;7.49;0.46;292.28;9.27;1110;31;3642.00;123
9439;31;623986819;9439;310;10544;10667;7.49;0.46;292.34;9.27;1105;31;3643.00;123
9443;31;623986835;9443;316;10549;10671;7.55;0.46;292.38;9.38;1106;31;3644.00;122
9446;31;623986853;9446;311;10551;10673;7.60;0.46;292.35;9.37;1105;31;3645.00;122
9449;31;623986868;9449;311;10551;10673;7.63;0.46;292.32;9.37;1102;31;3646.00;122
9451;31;623986884;9451;308;10551;10673;7.74;0.47;292.33;9.37;1100;31;3647.00;122
9457;31;623986901;9457;308;10560;10686;7.72;0.47;292.36;9.37;1103;31;3648.00;126
9458;31;623986918;9458;308;10560;10686;7.73;0.47;292.37;9.37;1102;31;3649.00;126
9459;31;623986935;9459;307;10560;10686;7.84;0.48;292.42;9.37;1101;31;3650.00;126
9462;31;623986951;9462;299;10561;10687;7.86;0.48;292.47;9.37;1099;31;3651.00;126
9463;31;623986969;9463;302;10561;10688;7.88;0.48;292.53;9.37;1098;31;3652.00;127
9467;31;623986985;9467;300;10561;10688;7.87;0.48;292.54;9.37;1094;31;3653.00;127
9468;31;623987001;9468;300;10563;10691;7.86;0.48;292.58;9.36;1095;31;3654.00;128
9470;31;623987019;9470;296;10563;10691;7.85;0.48;292.58;9.36;1093;31;3655.00;128
9472;31;623987034;9472;303;10564;10691;7.86;0.48;292.66;9.36;1092;31;3656.00;127
9476;31;623987049;9476;301;10564;10691;7.82;0.47;292.70;9.36;1088;31;3657.00;127
9478;31;623987065;9478;306;10569;10697;7.88;0.48;292.72;9.36;1091;31;3658.00;128
9481;31;623987081;9481;301;10570;10697;7.89;0.48;292.65;9.47;1089;31;3659.00;127
9485;31;623987098;9485;302;10570;10697;7.89;0.48;292.79;9.47;1085;31;3660.00;127
9486;31;623987113;9486;307;10570;10697;7.87;0.48;292.85;9.47;1084;31;3661.00;127
9491;31;623987128;9491;306;10572;10701;7.81;0.47;292.84;9.46;1081;31;3662.00;129
9493;31;623987144;9493;299;10574;10702;7.78;0.47;292.93;9.46;1081;31;3663.00;128
9495;31;623987159;9495;301;10574;10702;7.74;0.47;292.99;9.46;1079;31;3664.00;128
9497;31;623987173;9497;302;10575;10703;7.71;0.47;292.96;9.46;1078;31;3665.00;128
9498;31;623987189;9498;303;10575;10703;7.66;0.46;292.95;9.46;1077;31;3666.00;128
9503;31;623987203;9503;308;10575;10703;7.54;0.46;292.98;9.46;1072;31;3667.00;128
9503;31;623987219;9503;315;10576;10703;7.45;0.45;292.98;9.57;1073;31;3668.00;127
9506;31;623987233;9506;323;10576;10703;7.43;0.45;293.00;9.57;1070;31;3669.00;127
9510;31;623987248;9510;321;10577;10703;7.33;0.44;293.12;9.58;1067;31;3670.00;126
9511;31;623987263;9511;319;10577;10703;7.30;0.44;293.15;9.58;1066;31;3671.00;126
9515;31;623987277;9515;325;10607;10773;7.25;0.44;293.22;9.55;1092;31;3672.00;166
9520;31;623987298;9520;323;10608;10774;7.11;0.43;293.26;9.55;1088;31;3673.00;166
9524;31;623987313;9524;319;10613;10774;7.09;0.43;293.33;9.54;1089;31;3674.00;161
9529;31;623987327;9529;315;10620;10774;7.07;0.43;293.34;9.56;1091;31;3675.00;154
9533;31;623987344;9533;307;10624;10774;7.07;0.43;293.39;9.57;1091;31;3676.00;150
9535;31;623987358;9535;317;10626;10774;7.08;0.43;293.43;9.57;1091;31;3677.00;148
9537;31;623987373;9537;315;10628;10774;7.15;0.43;293.45;9.57;1091;31;3678.00;146
9544;31;623987386;9544;321;10632;10774;7.15;0.43;293.50;9.56;1088;31;3679.00;142
9545;31;623987400;9545;320;10634;10775;7.15;0.43;293.48;9.56;1089;31;3680.00;141
9546;32;623987414;9546;317;10636;10776;7.13;0.43;293.46;9.56;1090;32;3681.00;140
9549;32;623987445;9549;319;10638;10776;7.09;0.43;293.57;9.56;1089;32;3682.00;138
9552;32;623987457;9552;322;10643;10780;7.07;0.43;293.52;9.56;1091;32;3683.00;137
9557;32;623987477;9557;321;10644;10780;7.03;0.43;293.51;9.56;1087;32;3684.00;136
9559;32;623987491;9559;328;10644;10780;6.97;0.42;293.52;9.56;1085;32;3685.00;136
9560;32;623987504;9560;335;10644;10780;6.90;0.42;293.50;9.56;1084;32;3686.00;136
9563;32;623987518;9563;343;10649;10786;6.87;0.42;293.47;9.57;1086;32;3687.00;137
9565;32;623987532;9565;351;10649;10786;6.82;0.42;293.46;9.57;1084;32;3688.00;137
9568;32;623987546;9568;358;10649;10786;6.69;0.41;293.42;9.57;1081;32;3689.00;137
9569;32;623987561;9569;369;10654;10792;6.61;0.40;293.46;9.57;1085;32;3690.00;138
9572;32;623987575;9572;374;10657;10792;6.55;0.40;293.47;9.57;1085;32;3691.00;135
9573;32;623987589;9573;381;10658;10792;6.47;0.39;293.46;9.57;1085;32;3692.00;134
9577;32;623987601;9577;386;10661;10793;6.39;0.39;293.41;9.58;1084;32;3693.00;132
9580;32;623987615;9580;391;10662;10794;6.32;0.38;293.39;9.58;1082;32;3694.00;132
9580;32;623987628;9580;390;10662;10794;6.25;0.38;293.39;9.58;1082;32;3695.00;132
9583;32;623987640;9583;402;10671;10807;6.23;0.38;293.36;9.58;1088;32;3696.00;136
9587;32;623987655;9587;406;10673;10807;6.22;0.38;293.39;9.58;1086;32;3697.00;134
9589;32;623987667;9589;405;10674;10807;6.20;0.38;293.34;9.58;1085;32;3698.00;133
9592;32;623987680;9592;411;10676;10808;6.20;0.38;293.29;9.59;1084;32;3699.00;132
9594;32;623987693;9594;417;10678;10808;6.18;0.37;293.26;9.61;1084;32;3700.00;130
9595;32;623987710;9595;420;10683;10812;6.18;0.37;293.24;9.62;1088;32;3701.00;129
9597;32;623987723;9597;420;10684;10812;6.12;0.37;293.21;9.63;1087;32;3702.00;128
9599;32;623987735;9599;432;10689;10816;6.11;0.37;293.17;9.64;1090;32;3703.00;127
9600;32;623987748;9600;438;10689;10816;6.07;0.37;293.15;9.64;1089;32;3704.00;127
9601;32;623987760;9601;438;10690;10816;5.98;0.36;293.16;9.65;1089;32;3705.00;126
9604;32;623987772;9604;448;10691;10816;5.88;0.36;293.26;9.66;1087;32;3706.00;125
9606;32;623987784;9606;456;10692;10816;5.78;0.35;293.21;9.68;1086;32;3707.00;124
9610;32;623987796;9610;462;10703;10828;5.76;0.35;293.16;9.68;1093;32;3708.00;125
9613;32;623987809;9613;471;10706;10828;5.67;0.35;293.09;9.70;1093;32;3709.00;122
9617;32;623987821;9617;479;10708;10828;5.58;0.34;293.01;9.72;1091;32;3710.00;120
9619;32;623987833;9619;485;10708;10828;5.54;0.34;292.97;9.72;1089;32;3711.00;120
9620;32;623987845;9620;493;10710;10828;5.48;0.33;292.95;9.73;1090;32;3712.00;118
9621;32;623987857;9621;497;10712;10828;5.38;0.33;292.96;9.75;1091;32;3713.00;116
9623;32;623987869;9623;508;10714;10829;5.29;0.32;292.93;9.77;1091;32;3714.00;115
9623;32;623987880;9623;501;10716;10829;5.19;0.32;292.93;9.79;1093;32;3715.00;113
9624;32;623987892;9624;498;10722;10835;5.23;0.32;292.91;9.79;1098;32;3716.00;113
9624;33;623987905;9624;493;10724;10836;5.18;0.32;292.91;9.79;1100;33;3717.00;112
9624;33;623987923;9624;497;10727;10836;5.16;0.32;292.91;9.81;1103;33;3718.00;109
9624;33;623987940;9624;488;10729;10836;5.16;0.32;292.91;9.82;1105;33;3719.00;107
9626;33;623987954;9626;476;10734;10841;5.20;0.32;292.88;9.83;1108;33;3720.00;107
9629;33;623987968;9629;465;10736;10841;5.19;0.32;292.94;9.84;1107;33;3721.00;105
9630;33;623987986;9630;461;10737;10841;5.22;0.32;292.93;9.85;1107;33;3722.00;104
9633;33;623987998;9633;447;10740;10842;5.27;0.32;292.90;9.86;1107;33;3723.00;102
9635;33;623988011;9635;448;10743;10846;5.27;0.32;292.85;9.86;1108;33;3724.00;103
9637;33;623988032;9637;445;10743;10846;5.27;0.32;292.80;9.86;1106;33;3725.00;103
9638;33;623988052;9638;444;10745;10849;5.29;0.32;292.85;9.86;1107;33;3726.00;104
9640;33;623988074;9640;440;10745;10849;5.30;0.32;292.82;9.86;1105;33;3727.00;104
9642;33;623988091;9642;442;10749;10849;5.32;0.32;292.83;9.88;1107;33;3728.00;100
9644;33;623988121;9644;441;10749;10849;5.29;0.32;292.80;9.88;1105;33;3729.00;100
9644;33;623988137;9644;443;10756;10853;5.35;0.32;292.80;9.90;1112;33;3730.00;97
9645;33;623988152;9645;440;10756;10853;5.33;0.32;292.78;9.90;1111;33;3731.00;97
9649;33;623988172;9649;439;10757;10853;5.28;0.32;292.77;9.91;1108;33;3732.00;96
9650;33;623988187;9650;436;10758;10853;5.25;0.32;292.75;9.91;1108;33;3733.00;95
9653;33;623988200;9653;438;10759;10854;5.17;0.31;292.73;9.92;1106;33;3734.00;95
9653;33;623988213;9653;432;10761;10856;5.17;0.31;292.73;9.92;1108;33;3735.00;95
9656;33;623988226;9656;434;10764;10856;5.13;0.31;292.77;9.93;1108;33;3736.00;92
9656;33;623988239;9656;436;10765;10857;5.12;0.31;292.77;9.93;1109;33;3737.00;92
9661;33;623988252;9661;446;10766;10857;5.09;0.31;292.71;9.93;1105;33;3738.00;91
9664;33;623988265;9664;454;10766;10857;5.07;0.31;292.68;9.93;1102;33;3739.00;91
9666;33;623988277;9666;452;10766;10857;5.07;0.31;292.73;9.93;1100;33;3740.00;91
9669;33;623988290;9669;447;10767;10857;5.11;0.31;292.75;9.94;1098;33;3741.00;90
9671;33;623988303;9671;447;10769;10857;5.12;0.31;292.78;9.95;1098;33;3742.00;88
9676;33;623988316;9676;445;10770;10857;5.10;0.31;292.77;9.95;1094;33;3743.00;87
9677;33;623988329;9677;459;10834;10984;5.49;0.34;292.78;9.89;1157;33;3744.00;150
9680;33;623988354;9680;454;10839;10985;5.48;0.34;292.82;9.89;1159;33;3745.00;146
9683;33;623988368;9683;449;10850;10985;5.54;0.34;292.89;9.88;1167;33;3746.00;135
9685;33;623988382;9685;444;10854;10985;5.60;0.35;292.93;9.88;1169;33;3747.00;131
9689;33;623988397;9689;440;10860;10985;5.59;0.35;292.89;9.88;1171;33;3748.00;125
9692;33;623988411;9692;430;10861;10985;5.60;0.35;292.98;9.88;1169;33;3749.00;124
9696;33;623988428;9696;429;10867;10990;5.52;0.34;293.04;9.87;1171;33;3750.00;123
9698;33;623988443;9698;428;10870;10990;5.53;0.34;293.04;9.87;1172;33;3751.00;120
9701;33;623988458;9701;432;10873;10991;5.57;0.34;293.15;9.87;1172;33;3752.00;118
9704;33;623988473;9704;432;10878;10992;5.58;0.34;293.15;9.87;1174;33;3753.00;114
9706;33;623988490;9706;429;10881;10992;5.66;0.35;293.18;9.87;1175;33;3754.00;111
9712;33;623988504;9712;425;10884;10993;5.71;0.35;293.34;9.87;1172;33;3755.00;109
9713;33;623988521;9713;431;10888;10993;5.80;0.36;293.35;9.98;1175;33;3756.00;105
9717;33;623988536;9717;425;10890;10993;5.81;0.36;293.45;9.98;1173;33;3757.00;103
9721;33;623988551;9721;428;10892;10993;5.80;0.36;293.52;9.98;1171;33;3758.00;101
9726;33;623988566;9726;417;10895;10997;5.77;0.35;293.49;9.98;1169;33;3759.00;102
9730;33;623988582;9730;427;10898;10997;5.77;0.35;293.56;9.98;1168;33;3760.00;99
9735;33;623988598;9735;418;10899;10997;5.78;0.36;293.63;9.98;1164;33;3761.00;98
9738;33;623988613;9738;429;10901;11000;5.82;0.36;293.64;9.98;1163;33;3762.00;99
9741;33;623988636;9741;439;10902;11000;5.83;0.36;293.69;9.98;1161;33;3763.00;98
9746;33;623988651;9746;434;10902;11000;5.83;0.36;293.77;9.98;1156;33;3764.00;98
9750;33;623988666;9750;436;10907;11004;5.86;0.36;293.76;9.98;1157;33;3765.00;97
9753;33;623988681;9753;431;10908;11005;5.93;0.37;293.81;9.98;1155;33;3766.00;97
9757;33;623988696;9757;435;10909;11005;5.98;0.37;293.80;9.98;1152;33;3767.00;96
9761;33;623988712;9761;432;10912;11009;6.04;0.37;293.79;9.98;1151;33;3768.00;97
9767;33;623988727;9767;435;10912;11009;5.98;0.37;293.80;9.98;1145;33;3769.00;97
9771;33;623988743;9771;435;10912;11009;5.96;0.37;293.78;9.98;1141;33;3770.00;97
9775;33;623988757;9775;438;10913;11010;5.88;0.36;293.83;9.98;1138;33;3771.00;97
9781;33;623988771;9781;447;10913;11010;5.83;0.36;293.92;9.98;1132;33;3772.00;97
9782;33;623988786;9782;445;10918;11016;5.88;0.36;293.94;9.97;1136;33;3773.00;98
9788;33;623988801;9788;437;10918;11016;5.84;0.36;294.02;9.97;1130;33;3774.00;98
9792;33;623988816;9792;435;10918;11017;5.87;0.36;294.08;9.97;1126;33;3775.00;99
9796;33;623988832;9796;426;10918;11017;5.87;0.36;294.15;9.97;1122;33;3776.00;99
9799;33;623988848;9799;421;10918;11017;5.89;0.36;294.25;9.97;1119;33;3777.00;99
9802;33;623988863;9802;422;10918;11017;5.93;0.36;294.26;9.97;1116;33;3778.00;99
9805;33;623988879;9805;422;10918;11017;5.92;0.36;294.30;9.97;1113;33;3779.00;99
9809;33;623988895;9809;417;10944;11053;6.06;0.37;294.39;9.95;1135;33;3780.00;109
9810;33;623988913;9810;417;10944;11053;6.09;0.37;294.44;9.95;1134;33;3781.00;109
9815;33;623988928;9815;415;10948;11053;6.11;0.38;294.57;10.06;1133;33;3782.00;105
9822;33;623988944;9822;413;10948;11053;6.10;0.37;294.69;10.06;1126;33;3783.00;105
9827;33;623988959;9827;410;10949;11053;6.12;0.37;294.81;10.06;1122;33;3784.00;104
9834;33;623988976;9834;407;10949;11053;6.09;0.37;294.88;10.06;1115;33;3785.00;104
9837;33;623988991;9837;405;10953;11057;6.07;0.37;295.00;10.06;1116;33;3786.00;104
9840;33;623989008;9840;392;10953;11057;6.06;0.37;295.04;10.06;1113;33;3787.00;104
9844;33;623989028;9844;384;10957;11061;6.13;0.38;295.21;10.05;1113;33;3788.00;104
9849;33;623989045;9849;383;10958;11062;6.10;0.37;295.35;10.05;1109;33;3789.00;104
9854;33;623989063;9854;377;10958;11062;6.09;0.37;295.41;10.05;1104;33;3790.00;104
9858;33;623989079;9858;374;10958;11062;6.11;0.37;295.53;10.05;1100;33;3791.00;104
9862;33;623989094;9862;375;10968;11075;6.22;0.38;295.62;10.04;1106;33;3792.00;107
9867;33;623989109;9867;368;10969;11075;6.24;0.38;295.70;10.04;1102;33;3793.00;106
9871;33;623989124;9871;366;10969;11075;6.28;0.38;295.68;10.04;1098;33;3794.00;106
9876;33;623989139;9876;369;10970;11076;6.28;0.38;295.78;10.04;1094;33;3795.00;106
9878;33;623989159;9878;354;10970;11077;6.29;0.38;295.81;10.04;1092;33;3796.00;107
9880;33;623989174;9880;345;10970;11077;6.30;0.38;295.78;10.04;1090;33;3797.00;107
9884;33;623989189;9884;337;10972;11080;6.33;0.39;295.81;10.04;1088;33;3798.00;108
9885;33;623989205;9885;333;10972;11080;6.36;0.39;295.81;10.04;1087;33;3799.00;108
9887;33;623989221;9887;336;10973;11080;6.39;0.39;295.83;10.04;1086;33;3800.00;107
9889;33;623989239;9889;331;10973;11080;6.44;0.39;295.84;10.04;1084;33;3801.00;107
9893;33;623989254;9893;322;10979;11086;6.47;0.40;295.76;10.15;1086;33;3802.00;107
9896;33;623989269;9896;322;10979;11086;6.51;0.40;295.77;10.15;1083;33;3803.00;107
9900;33;623989284;9900;321;10979;11086;6.49;0.40;295.86;10.15;1079;33;3804.00;107
9902;33;623989299;9902;326;10979;11086;6.48;0.39;295.84;10.15;1077;33;3805.00;107
9903;33;623989314;9903;319;10982;11090;6.45;0.39;295.90;10.15;1079;33;3806.00;108
9905;33;623989328;9905;319;10983;11091;6.41;0.39;295.93;10.15;1078;33;3807.00;108
9906;33;623989344;9906;316;10983;11091;6.44;0.39;295.91;10.15;1077;33;3808.00;108
9908;33;623989358;9908;318;10984;11092;6.49;0.40;295.95;10.15;1076;33;3809.00;108
9912;33;623989375;9912;313;10984;11092;6.50;0.40;296.01;10.15;1072;33;3810.00;108
9916;33;623989390;9916;311;10984;11092;6.55;0.40;296.15;10.15;1068;33;3811.00;108
9922;33;623989404;9922;314;10984;11092;6.61;0.40;296.17;10.15;1062;33;3812.00;108
9924;33;623989419;9924;306;10984;11092;6.65;0.40;296.15;10.15;1060;33;3813.00;108
9926;33;623989433;9926;301;10984;11092;6.69;0.41;296.16;10.15;1058;33;3814.00;108
9929;33;623989447;9929;299;10985;11092;6.71;0.41;296.17;10.26;1056;33;3815.00;107
9931;33;623989464;9931;305;11020;11162;6.75;0.41;296.12;10.22;1089;33;3816.00;142
9935;33;623989488;9935;296;11020;11163;6.82;0.42;296.15;10.22;1085;33;3817.00;143
9938;33;623989503;9938;294;11027;11163;6.98;0.43;296.12;10.22;1089;33;3818.00;136
9943;33;623989518;9943;294;11028;11163;6.99;0.43;296.17;10.22;1085;33;3819.00;135
9945;33;623989534;9945;287;11031;11163;7.11;0.43;296.18;10.22;1086;33;3820.00;132
9948;33;623989553;9948;287;11032;11163;7.15;0.43;296.27;10.22;1084;33;3821.00;131
9952;33;623989568;9952;288;11038;11163;7.24;0.44;296.31;10.21;1086;33;3822.00;125
9954;33;623989583;9954;294;11040;11163;7.27;0.44;296.39;10.32;1086;33;3823.00;123
9955;33;623989598;9955;289;11043;11164;7.28;0.44;296.38;10.32;1088;33;3824.00;121
9958;33;623989612;9958;293;11047;11166;7.32;0.44;296.52;10.32;1089;33;3825.00;119
9961;33;623989628;9961;296;11050;11166;7.30;0.44;296.62;10.32;1089;33;3826.00;116
9963;33;623989643;9963;300;11055;11170;7.26;0.44;296.66;10.32;1092;33;3827.00;115
9964;33;623989664;9964;300;11056;11170;7.28;0.44;296.66;10.32;1092;33;3828.00;114
9967;33;623989677;9967;304;11057;11170;7.33;0.44;296.75;10.32;1090;33;3829.00;113
9969;33;623989692;9969;308;11057;11170;7.36;0.45;296.78;10.32;1088;33;3830.00;113
9969;33;623989707;9969;305;11061;11176;7.42;0.45;296.78;10.32;1092;33;3831.00;115
9972;33;623989722;9972;308;11062;11176;7.37;0.45;296.79;10.42;1090;33;3832.00;114
9972;33;623989736;9972;311;11062;11176;7.39;0.45;296.79;10.42;1090;33;3833.00;114
9974;33;623989750;9974;308;11064;11179;7.42;0.45;296.84;10.42;1090;33;3834.00;115
9976;33;623989765;9976;313;11064;11179;7.41;0.45;296.81;10.42;1088;33;3835.00;115
9980;33;623989780;9980;317;11065;11179;7.33;0.45;296.77;10.42;1085;33;3836.00;114
9983;33;623989794;9983;322;11065;11180;7.27;0.44;296.75;10.42;1082;33;3837.00;115
9986;33;623989808;9986;327;11066;11181;7.20;0.44;296.70;10.42;1080;33;3838.00;115
9991;33;623989822;9991;321;11066;11181;7.11;0.43;296.76;10.42;1075;33;3839.00;115
9993;33;623989839;9993;326;11083;11207;7.05;0.43;296.75;10.40;1090;33;3840.00;124
10001;33;623989855;10001;322;11083;11207;6.93;0.42;296.67;10.40;1082;33;3841.00;124
10002;33;623989869;10002;316;11085;11207;6.95;0.42;296.70;10.40;1083;33;3842.00;122
10003;33;623989883;10003;317;11087;11208;6.92;0.42;296.68;10.40;1084;33;3843.00;121
10006;33;623989897;10006;319;11087;11208;6.88;0.42;296.62;10.40;1081;33;3844.00;121
10010;33;623989911;10010;322;11091;11212;6.88;0.42;296.66;10.41;1081;33;3845.00;121
10013;33;623989927;10013;326;11093;11214;6.83;0.42;296.69;10.41;1080;33;3846.00;121
10016;33;623989941;10016;329;11096;11218;6.83;0.42;296.67;10.41;1080;33;3847.00;122
10022;33;623989955;10022;334;11096;11218;6.81;0.41;296.69;10.41;1074;33;3848.00;122
10025;33;623989970;10025;331;11096;11218;6.78;0.41;296.65;10.41;1071;33;3849.00;122
10027;33;623989982;10027;329;11096;11218;6.73;0.41;296.61;10.41;1069;33;3850.00;122
10030;33;623989996;10030;332;11096;11218;6.65;0.40;296.59;10.41;1066;33;3851.00;122
10034;33;623990009;10034;339;11106;11230;6.65;0.40;296.52;10.40;1072;33;3852.00;124
10035;33;623990030;10035;349;11107;11230;6.64;0.40;296.56;10.39;1072;33;3853.00;123
10038;33;623990052;10038;355;11107;11230;6.60;0.40;296.51;10.39;1069;33;3854.00;123
10041;33;623990073;10041;363;11107;11230;6.58;0.40;296.47;10.39;1066;33;3855.00;123
10044;33;623990093;10044;364;11107;11230;6.57;0.40;296.44;10.39;1063;33;3856.00;123
10046;33;623990111;10046;366;11108;11230;6.55;0.40;296.41;10.40;1062;33;3857.00;122
10049;33;623990128;10049;372;11108;11231;6.50;0.40;296.38;10.40;1059;33;3858.00;123
10052;33;623990145;10052;375;11109;11231;6.42;0.39;296.41;10.40;1057;33;3859.00;122
10054;33;623990158;10054;381;11113;11237;6.40;0.39;296.42;10.39;1059;33;3860.00;124
10055;33;623990173;10055;385;11115;11238;6.29;0.38;296.39;10.40;1060;33;3861.00;123
10056;33;623990187;10056;389;11116;11238;6.25;0.38;296.39;10.40;1060;33;3862.00;122
10057;33;623990200;10057;395;11116;11238;6.18;0.37;296.36;10.40;1059;33;3863.00;122
10059;33;623990213;10059;401;11122;11242;6.09;0.37;296.34;10.40;1063;33;3864.00;120
10060;33;623990227;10060;412;11122;11242;6.02;0.36;296.31;10.40;1062;33;3865.00;120
10061;33;623990239;10061;412;11123;11242;5.97;0.36;296.30;10.41;1062;33;3866.00;119
10062;33;623990252;10062;402;11124;11243;5.96;0.36;296.27;10.41;1062;33;3867.00;119
10063;33;623990266;10063;403;11127;11247;5.91;0.36;296.25;10.41;1064;33;3868.00;120
10064;33;623990279;10064;399;11129;11247;5.88;0.36;296.31;10.43;1065;33;3869.00;118
10067;33;623990294;10067;399;11133;11253;5.92;0.36;296.29;10.43;1066;33;3870.00;120
10069;33;623990307;10069;407;11134;11253;5.92;0.36;296.26;10.42;1065;33;3871.00;119
10070;33;623990320;10070;407;11137;11253;5.94;0.36;296.26;10.44;1067;33;3872.00;116
10070;33;623990333;10070;402;11137;11253;5.95;0.36;296.26;10.44;1067;33;3873.00;116
10072;33;623990347;10072;405;11142;11257;6.01;0.36;296.27;10.45;1070;33;3874.00;115
10073;33;623990361;10073;408;11143;11257;5.97;0.36;296.26;10.46;1070;33;3875.00;114
10074;33;623990380;10074;406;11143;11257;5.91;0.36;296.27;10.46;1069;33;3876.00;114
10075;33;623990400;10075;404;11145;11257;5.88;0.36;296.27;10.48;1070;33;3877.00;112
10075;33;623990412;10075;402;11146;11258;5.84;0.36;296.27;10.49;1071;33;3878.00;112
10076;33;623990426;10076;405;11147;11259;5.84;0.36;296.26;10.49;1071;33;3879.00;112
10076;33;623990439;10076;413;11149;11259;5.78;0.35;296.26;10.50;1073;33;3880.00;110
10078;33;623990451;10078;418;11150;11260;5.73;0.35;296.26;10.50;1072;33;3881.00;110
10078;33;623990473;10078;421;11151;11260;5.72;0.35;296.26;10.50;1073;33;3882.00;109
10080;33;623990485;10080;427;11152;11260;5.69;0.35;296.25;10.51;1072;33;3883.00;108
10081;33;623990498;10081;426;11152;11260;5.65;0.34;296.23;10.51;1071;33;3884.00;108
10081;33;623990511;10081;426;11152;11260;5.57;0.34;296.23;10.51;1071;33;3885.00;108
10082;33;623990524;10082;435;11153;11260;5.48;0.34;296.23;10.53;1071;33;3886.00;107
10085;33;623990536;10085;438;11153;11260;5.39;0.33;296.21;10.53;1068;33;3887.00;107
10086;33;623990548;10086;461;11219;11387;5.63;0.35;296.20;10.46;1133;33;3888.00;168
10088;33;623990573;10088;450;11223;11388;5.51;0.34;296.23;10.47;1135;33;3889.00;165
10089;33;623990586;10089;441;11233;11388;5.57;0.35;296.23;10.47;1144;33;3890.00;155
10093;33;623990601;10093;443;11236;11388;5.52;0.34;296.23;10.46;1143;33;3891.00;152
10096;33;623990614;10096;441;11245;11388;5.55;0.34;296.25;10.47;1149;33;3892.00;143
10098;33;623990628;10098;441;11249;11388;5.53;0.34;296.24;10.47;1151;33;3893.00;139
10099;33;623990641;10099;440;11255;11388;5.53;0.34;296.23;10.50;1156;33;3894.00;133
10102;33;623990656;10102;445;11258;11388;5.54;0.34;296.24;10.50;1156;33;3895.00;130
10105;34;623990670;10105;444;11262;11389;5.49;0.34;296.19;10.51;1157;34;3896.00;127
10106;34;623990703;10106;441;11266;11390;5.49;0.34;296.22;10.51;1160;34;3897.00;124
10111;34;623990717;10111;430;11271;11390;5.46;0.34;296.26;10.54;1160;34;3898.00;119
10111;34;623990731;10111;443;11274;11391;5.40;0.33;296.26;10.54;1163;34;3899.00;117
10113;34;623990752;10113;452;11281;11406;5.26;0.33;296.21;10.54;1168;34;3900.00;125
10116;34;623990772;10116;445;11283;11406;5.17;0.32;296.23;10.54;1167;34;3901.00;123
10117;34;623990786;10117;455;11286;11406;5.13;0.32;296.23;10.57;1169;34;3902.00;120
10123;34;623990799;10123;459;11289;11410;5.09;0.31;296.28;10.57;1166;34;3903.00;121
10127;34;623990813;10127;465;11291;11410;5.03;0.31;296.35;10.57;1164;34;3904.00;119
10130;34;623990827;10130;470;11292;11410;5.00;0.31;296.33;10.57;1162;34;3905.00;118
10133;34;623990841;10133;473;11297;11413;4.96;0.31;296.37;10.57;1164;34;3906.00;116
10134;34;623990857;10134;469;11297;11413;4.89;0.30;296.37;10.57;1163;34;3907.00;116
10141;34;623990870;10141;483;11298;11413;4.79;0.29;296.42;10.58;1157;34;3908.00;115
10143;34;623990884;10143;490;11302;11417;4.77;0.29;296.44;10.58;1159;34;3909.00;115
10146;34;623990898;10146;475;11305;11418;4.82;0.30;296.56;10.59;1159;34;3910.00;113
10149;34;623990911;10149;469;11307;11418;4.83;0.30;296.54;10.59;1158;34;3911.00;111
10153;34;623990926;10153;466;11312;11422;4.88;0.30;296.63;10.58;1159;34;3912.00;110
10156;34;623990941;10156;462;11313;11422;4.91;0.30;296.74;10.59;1157;34;3913.00;109
10160;34;623990961;10160;458;11316;11422;4.96;0.30;296.83;10.60;1156;34;3914.00;106
10163;34;623990981;10163;455;11318;11424;5.03;0.31;296.90;10.61;1155;34;3915.00;106
10167;34;623990995;10167;450;11320;11424;5.10;0.31;296.95;10.61;1153;34;3916.00;104
10171;34;623991010;10171;443;11326;11430;5.21;0.32;297.02;10.61;1155;34;3917.00;104
10173;34;623991029;10173;431;11328;11430;5.30;0.32;297.01;10.61;1155;34;3918.00;102
10175;34;623991044;10175;431;11328;11431;5.38;0.33;297.00;10.61;1153;34;3919.00;103
10178;34;623991058;10178;427;11329;11431;5.43;0.33;297.05;10.61;1151;34;3920.00;102
10182;34;623991073;10182;425;11329;11431;5.51;0.34;297.08;10.61;1147;34;3921.00;102
10184;34;623991087;10184;413;11330;11431;5.57;0.34;297.15;10.62;1146;34;3922.00;101
10190;34;623991100;10190;410;11331;11431;5.63;0.34;297.22;10.62;1141;34;3923.00;100
10191;34;623991114;10191;406;11341;11443;5.78;0.35;297.27;10.61;1150;34;3924.00;102
10196;34;623991134;10196;399;11341;11443;5.80;0.35;297.36;10.61;1145;34;3925.00;102
10200;34;623991149;10200;398;11343;11443;5.92;0.36;297.41;10.72;1143;34;3926.00;100
10200;34;623991165;10200;398;11343;11443;6.02;0.37;297.41;10.72;1143;34;3927.00;100
10206;34;623991183;10206;395;11345;11443;6.02;0.37;297.46;10.72;1139;34;3928.00;98
10208;34;623991198;10208;387;11345;11443;6.01;0.37;297.52;10.72;1137;34;3929.00;98
10209;34;623991213;10209;381;11348;11447;6.06;0.37;297.53;10.72;1139;34;3930.00;99
10210;34;623991228;10210;381;11348;11447;6.06;0.37;297.57;10.72;1138;34;3931.00;99
10215;34;623991242;10215;378;11352;11451;6.10;0.37;297.71;10.72;1137;34;3932.00;99
10221;34;623991263;10221;377;11352;11452;6.09;0.37;297.72;10.72;1131;34;3933.00;100
10224;34;623991276;10224;376;11353;11452;6.10;0.37;297.77;10.72;1129;34;3934.00;99
10229;34;623991290;10229;367;11353;11452;6.06;0.37;297.85;10.72;1124;34;3935.00;99
10233;34;623991303;10233;369;11361;11465;6.09;0.37;297.99;10.71;1128;34;3936.00;104
10239;34;623991318;10239;367;11362;11465;6.07;0.37;298.10;10.71;1123;34;3937.00;103
10244;34;623991331;10244;355;11362;11465;6.04;0.37;298.24;10.71;1118;34;3938.00;103
10250;34;623991344;10250;360;11363;11466;5.99;0.37;298.30;10.71;1113;34;3939.00;103
10253;34;623991358;10253;358;11363;11467;5.96;0.37;298.42;10.71;1110;34;3940.00;104
10260;34;623991370;10260;365;11364;11467;5.85;0.36;298.52;10.71;1104;34;3941.00;103
10264;34;623991383;10264;355;11367;11470;5.83;0.36;298.51;10.82;1103;34;3942.00;103
10269;34;623991396;10269;356;11367;11470;5.87;0.36;298.57;10.82;1098;34;3943.00;103
10273;34;623991409;10273;364;11368;11470;5.82;0.36;298.60;10.82;1095;34;3944.00;102
10275;34;623991422;10275;365;11369;11470;5.83;0.36;298.61;10.82;1094;34;3945.00;101
10279;34;623991434;10279;366;11375;11476;5.79;0.35;298.62;10.92;1096;34;3946.00;101
10283;34;623991448;10283;359;11376;11476;5.71;0.35;298.63;10.92;1093;34;3947.00;100
10287;34;623991461;10287;362;11376;11476;5.64;0.35;298.68;10.92;1089;34;3948.00;100
10290;34;623991475;10290;370;11376;11476;5.63;0.35;298.74;10.92;1086;34;3949.00;100
10293;34;623991488;10293;372;11380;11480;5.66;0.35;298.83;11.03;1087;34;3950.00;100
10298;34;623991502;10298;377;11381;11481;5.65;0.35;298.85;11.03;1083;34;3951.00;100
10301;34;623991516;10301;375;11381;11481;5.64;0.35;298.83;11.03;1080;34;3952.00;100
10304;34;623991530;10304;373;11382;11482;5.66;0.35;298.85;11.02;1078;34;3953.00;100
10310;34;623991544;10310;371;11382;11482;5.57;0.34;298.86;11.02;1072;34;3954.00;100
10313;34;623991557;10313;377;11382;11482;5.56;0.34;298.89;11.02;1069;34;3955.00;100
10316;34;623991570;10316;380;11382;11482;5.55;0.34;298.87;11.02;1066;34;3956.00;100
10322;34;623991584;10322;375;11382;11482;5.44;0.33;298.89;11.02;1060;34;3957.00;100
10325;34;623991599;10325;371;11382;11482;5.40;0.33;298.87;11.02;1057;34;3958.00;100
10329;34;623991612;10329;363;11382;11482;5.36;0.33;298.96;11.02;1053;34;3959.00;100
10334;34;623991627;10334;387;11455;11607;5.48;0.34;299.09;11.06;1121;34;3960.00;152
10337;34;623991653;10337;384;11457;11608;5.50;0.34;299.13;11.06;1120;34;3961.00;151
10339;34;623991670;10339;380;11463;11608;5.56;0.34;299.24;11.05;1124;34;3962.00;145
10341;34;623991684;10341;374;11463;11608;5.56;0.34;299.30;11.05;1122;34;3963.00;145
10345;34;623991698;10345;378;11467;11608;5.58;0.34;299.34;11.05;1122;34;3964.00;141
10347;34;623991712;10347;383;11468;11608;5.61;0.34;299.32;11.05;1121;34;3965.00;140
10351;34;623991726;10351;374;11472;11608;5.62;0.35;299.40;11.05;1121;34;3966.00;136
10355;34;623991740;10355;366;11475;11608;5.63;0.35;299.48;11.05;1120;34;3967.00;133
10358;34;623991754;10358;372;11479;11609;5.65;0.35;299.46;11.05;1121;34;3968.00;130
10362;34;623991768;10362;384;11482;11610;5.64;0.35;299.44;11.05;1120;34;3969.00;128
10363;34;623991782;10363;382;11484;11610;5.68;0.35;299.46;11.05;1121;34;3970.00;126
10366;34;623991797;10366;388;11488;11614;5.66;0.35;299.57;11.04;1122;34;3971.00;126
10367;34;623991812;10367;391;11490;11614;5.67;0.35;299.59;11.04;1123;34;3972.00;124
10368;34;623991826;10368;404;11491;11614;5.67;0.35;299.67;11.04;1123;34;3973.00;123
10369;34;623991840;10369;399;11492;11614;5.68;0.35;299.72;11.04;1123;34;3974.00;122
10370;34;623991854;10370;402;11497;11620;5.71;0.35;299.79;11.04;1127;34;3975.00;123
10374;34;623991869;10374;400;11498;11620;5.74;0.35;299.86;11.04;1124;34;3976.00;122
10377;34;623991884;10377;402;11498;11620;5.82;0.36;299.90;11.04;1121;34;3977.00;122
10379;34;623991898;10379;404;11499;11623;5.88;0.36;299.95;11.04;1120;34;3978.00;124
10379;34;623991912;10379;404;11500;11623;5.94;0.36;299.95;11.04;1121;34;3979.00;123
10380;34;623991927;10380;409;11500;11623;5.94;0.36;299.93;11.04;1120;34;3980.00;123
10384;34;623991942;10384;410;11500;11624;5.99;0.37;300.01;11.04;1116;34;3981.00;124
10387;34;623991957;10387;408;11502;11625;5.97;0.36;300.10;11.04;1115;34;3982.00;123
10392;34;623991972;10392;405;11502;11625;5.95;0.36;300.07;11.04;1110;34;3983.00;123
10395;34;623991986;10395;410;11512;11638;5.93;0.36;300.06;11.03;1117;34;3984.00;126
10396;34;623992002;10396;407;11512;11638;5.93;0.36;300.10;11.03;1116;34;3985.00;126
10399;34;623992017;10399;403;11513;11638;5.90;0.36;300.07;11.03;1114;34;3986.00;125
10400;34;623992037;10400;409;11514;11639;5.95;0.36;300.12;11.03;1114;34;3987.00;125
10401;34;623992058;10401;406;11514;11639;5.94;0.36;300.12;11.03;1113;34;3988.00;125
10403;34;623992080;10403;407;11518;11643;6.02;0.37;300.21;11.02;1115;34;3989.00;125
10404;34;623992103;10404;408;11518;11643;6.06;0.37;300.27;11.02;1114;34;3990.00;125
10406;34;623992122;10406;409;11521;11647;6.02;0.37;300.31;11.02;1115;34;3991.00;126
10410;34;623992147;10410;410;11521;11647;6.06;0.37;300.34;11.02;1111;34;3992.00;126
10412;34;623992170;10412;415;11521;11647;6.11;0.37;300.32;11.02;1109;34;3993.00;126
10413;34;623992185;10413;416;11521;11647;6.15;0.38;300.29;11.02;1108;34;3994.00;126
10417;34;623992200;10417;415;11521;11647;6.18;0.38;300.32;11.02;1104;34;3995.00;126
10420;34;623992216;10420;418;11531;11659;6.28;0.38;300.37;11.01;1111;34;3996.00;128
10424;34;623992234;10424;418;11531;11659;6.31;0.39;300.36;11.01;1107;34;3997.00;128
10426;34;623992248;10426;414;11532;11659;6.35;0.39;300.34;11.01;1106;34;3998.00;127
10429;34;623992263;10429;418;11532;11659;6.37;0.39;300.40;11.01;1103;34;3999.00;127
10429;34;623992278;10429;424;11532;11659;6.39;0.39;300.40;11.01;1103;34;4000.00;127
10433;34;623992297;10433;425;11532;11659;6.37;0.39;300.45;11.01;1099;34;4001.00;127
10436;34;623992312;10436;421;11532;11660;6.34;0.39;300.42;11.01;1096;34;4002.00;128
10439;34;623992326;10439;428;11532;11660;6.30;0.38;300.49;11.01;1093;34;4003.00;128
10442;34;623992340;10442;426;11537;11666;6.31;0.38;300.49;11.00;1095;34;4004.00;129
10447;34;623992355;10447;428;11539;11668;6.28;0.38;300.46;11.00;1092;34;4005.00;129
10449;34;623992370;10449;428;11539;11668;6.29;0.38;300.47;11.00;1090;34;4006.00;129
10452;34;623992386;10452;431;11539;11668;6.29;0.38;300.46;11.00;1087;34;4007.00;129
10454;34;623992407;10454;434;11543;11672;6.30;0.38;300.42;11.11;1089;34;4008.00;129
10457;34;623992421;10457;439;11543;11672;6.24;0.38;300.42;11.11;1086;34;4009.00;129
10458;34;623992440;10458;440;11543;11672;6.17;0.37;300.40;11.11;1085;34;4010.00;129
10461;34;623992452;10461;437;11544;11673;6.10;0.37;300.37;11.11;1083;34;4011.00;129
10464;34;623992465;10464;438;11547;11677;6.04;0.37;300.38;11.11;1083;34;4012.00;130
10465;34;623992479;10465;436;11547;11677;5.99;0.36;300.35;11.11;1082;34;4013.00;130
10467;34;623992491;10467;428;11550;11680;5.93;0.36;300.32;11.12;1083;34;4014.00;130
10472;34;623992505;10472;431;11552;11680;5.87;0.36;300.36;11.13;1080;34;4015.00;128
10473;34;623992517;10473;427;11552;11680;5.85;0.35;300.37;11.13;1079;34;4016.00;128
10476;34;623992529;10476;432;11552;11680;5.79;0.35;300.38;11.13;1076;34;4017.00;128
10479;34;623992541;10479;432;11556;11684;5.77;0.35;300.37;11.12;1077;34;4018.00;128
10482;34;623992554;10482;426;11556;11684;5.71;0.34;300.32;11.12;1074;34;4019.00;128
10483;34;623992569;10483;410;11556;11684;5.69;0.34;300.32;11.12;1073;34;4020.00;128
10484;34;623992581;10484;401;11556;11684;5.68;0.34;300.30;11.12;1072;34;4021.00;128
10485;34;623992594;10485;406;11556;11685;5.71;0.34;300.30;11.12;1071;34;4022.00;129
10485;34;623992606;10485;405;11557;11686;5.75;0.35;300.30;11.12;1072;34;4023.00;129
10487;34;623992618;10487;398;11557;11686;5.76;0.35;300.27;11.12;1070;34;4024.00;129
10489;34;623992630;10489;391;11559;11687;5.81;0.35;300.25;11.23;1070;34;4025.00;128
10491;34;623992643;10491;385;11559;11687;5.85;0.35;300.22;11.23;1068;34;4026.00;128
10493;34;623992655;10493;386;11559;11687;5.86;0.35;300.21;11.23;1066;34;4027.00;128
10494;34;623992667;10494;386;11559;11687;5.92;0.36;300.20;11.23;1065;34;4028.00;128
10494;34;623992686;10494;385;11559;11687;5.97;0.36;300.20;11.23;1065;34;4029.00;128
10496;34;623992699;10496;381;11559;11687;6.00;0.36;300.18;11.23;1063;34;4030.00;128
10497;34;623992712;10497;380;11559;11687;6.04;0.36;300.21;11.23;1062;34;4031.00;128
10497;34;623992725;10497;401;11626;11814;6.31;0.39;300.21;11.16;1129;34;4032.00;188
10497;34;623992754;10497;394;11627;11815;6.29;0.39;300.21;11.16;1130;34;4033.00;188
10497;34;623992767;10497;385;11636;11815;6.30;0.39;300.21;11.15;1139;34;4034.00;179
10497;34;623992779;10497;388;11641;11815;6.32;0.39;300.21;11.16;1144;34;4035.00;174
10498;34;623992792;10498;384;11645;11815;6.28;0.39;300.20;11.16;1147;34;4036.00;170
10501;34;623992805;10501;380;11648;11815;6.23;0.38;300.20;11.15;1147;34;4037.00;167
10502;34;623992818;10502;377;11652;11815;6.22;0.38;300.19;11.17;1150;34;4038.00;163
10504;34;623992830;10504;386;11654;11815;6.21;0.38;300.19;11.17;1150;34;4039.00;161
10505;34;623992844;10505;386;11657;11816;6.23;0.38;300.18;11.17;1152;34;4040.00;159
10505;34;623992857;10505;396;11663;11817;6.21;0.38;300.18;11.18;1158;34;4041.00;154
10507;34;623992869;10507;398;11665;11817;6.17;0.38;300.25;11.18;1158;34;4042.00;152
10509;34;623992882;10509;397;11669;11818;6.13;0.38;300.22;11.20;1160;34;4043.00;149
10512;34;623992896;10512;397;11670;11818;6.08;0.37;300.28;11.20;1158;34;4044.00;148
10516;34;623992917;10516;400;11673;11818;6.06;0.37;300.32;11.20;1157;34;4045.00;145
10519;34;623992930;10519;413;11678;11818;6.02;0.37;300.27;11.22;1159;34;4046.00;140
10521;34;623992945;10521;416;11682;11822;5.99;0.37;300.29;11.22;1161;34;4047.00;140
10524;34;623992958;10524;422;11686;11822;5.90;0.36;300.32;11.23;1162;34;4048.00;136
10526;34;623992972;10526;431;11688;11822;5.85;0.36;300.31;11.24;1162;34;4049.00;134
10529;34;623992987;10529;440;11694;11828;5.76;0.35;300.34;11.25;1165;34;4050.00;134
10531;34;623993000;10531;447;11697;11828;5.70;0.35;300.34;11.27;1166;34;4051.00;131
10534;34;623993012;10534;456;11698;11828;5.62;0.34;300.39;11.27;1164;34;4052.00;130
10534;34;623993028;10534;470;11704;11832;5.57;0.34;300.39;11.27;1170;34;4053.00;128
10537;34;623993042;10537;470;11707;11833;5.55;0.34;300.49;11.29;1170;34;4054.00;126
10538;34;623993054;10538;485;11709;11833;5.55;0.34;300.50;11.29;1171;34;4055.00;124
10540;34;623993067;10540;488;11712;11837;5.50;0.34;300.49;11.30;1172;34;4056.00;125
10545;34;623993080;10545;492;11713;11837;5.46;0.33;300.53;11.30;1168;34;4057.00;124
10547;34;623993094;10547;493;11715;11837;5.40;0.33;300.50;11.31;1168;34;4058.00;122
10549;34;623993107;10549;489;11717;11838;5.34;0.33;300.50;11.31;1168;34;4059.00;121
10551;34;623993121;10551;485;11718;11838;5.32;0.33;300.59;11.32;1167;34;4060.00;120
10552;34;623993133;10552;483;11723;11844;5.36;0.33;300.58;11.32;1171;34;4061.00;121
10554;34;623993147;10554;483;11725;11844;5.35;0.33;300.63;11.33;1171;34;4062.00;119
10556;34;623993159;10556;481;11725;11845;5.36;0.33;300.63;11.33;1169;34;4063.00;120
10561;34;623993171;10561;473;11726;11845;5.35;0.33;300.65;11.34;1165;34;4064.00;119
10563;34;623993185;10563;466;11726;11845;5.39;0.33;300.67;11.34;1163;34;4065.00;119
10564;34;623993198;10564;469;11726;11845;5.43;0.33;300.71;11.34;1162;34;4066.00;119
10567;34;623993210;10567;465;11729;11845;5.46;0.33;300.77;11.37;1162;34;4067.00;116
10567;34;623993223;10567;471;11739;11857;5.53;0.34;300.77;11.36;1172;34;4068.00;118
10570;34;623993235;10570;469;11740;11857;5.53;0.34;300.80;11.37;1170;34;4069.00;117
10571;34;623993248;10571;468;11741;11857;5.52;0.34;300.83;11.37;1170;34;4070.00;116
10572;34;623993261;10572;472;11743;11857;5.56;0.34;300.85;11.39;1171;34;4071.00;114
10577;34;623993273;10577;471;11743;11857;5.51;0.34;300.96;11.39;1166;34;4072.00;114
10582;34;623993286;10582;474;11744;11857;5.38;0.33;301.03;11.40;1162;34;4073.00;113
10583;34;623993298;10583;470;11748;11861;5.35;0.33;301.02;11.40;1165;34;4074.00;113
10585;34;623993311;10585;476;11748;11861;5.30;0.32;301.08;11.40;1163;34;4075.00;113
10588;34;623993323;10588;472;11754;11865;5.23;0.32;301.09;11.42;1166;34;4076.00;111
10590;34;623993336;10590;472;11755;11866;5.19;0.32;301.12;11.41;1165;34;4077.00;111
10595;34;623993348;10595;467;11755;11866;5.12;0.31;301.17;11.41;1160;34;4078.00;111
10599;34;623993360;10599;469;11757;11866;5.07;0.31;301.25;11.43;1158;34;4079.00;109
10601;34;623993373;10601;475;11779;11895;5.12;0.32;301.26;11.41;1178;34;4080.00;116
10604;34;623993388;10604;473;11782;11895;5.17;0.32;301.30;11.42;1178;34;4081.00;113
10606;34;623993400;10606;470;11784;11895;5.21;0.32;301.33;11.42;1178;34;4082.00;111
10611;34;623993412;10611;467;11785;11896;5.30;0.33;301.44;11.42;1174;34;4083.00;111
10616;34;623993424;10616;472;11787;11897;5.33;0.33;301.49;11.43;1171;34;4084.00;110
10621;34;623993437;10621;465;11787;11897;5.35;0.33;301.54;11.43;1166;34;4085.00;110
10626;34;623993449;10626;468;11790;11900;5.39;0.33;301.58;11.43;1164;34;4086.00;110
10631;34;623993462;10631;467;11792;11900;5.40;0.33;301.60;11.44;1161;34;4087.00;108
10634;34;623993476;10634;461;11792;11900;5.45;0.33;301.60;11.44;1158;34;4088.00;108
10635;34;623993488;10635;456;11792;11900;5.53;0.34;301.62;11.44;1157;34;4089.00;108
10639;34;623993501;10639;450;11799;11906;5.64;0.35;301.63;11.44;1160;34;4090.00;107
10642;34;623993514;10642;445;11799;11906;5.72;0.35;301.69;11.44;1157;34;4091.00;107
10646;34;623993533;10646;442;11799;11906;5.79;0.36;301.78;11.44;1153;34;4092.00;107
10651;34;623993546;10651;438;11799;11906;5.82;0.36;301.88;11.44;1148;34;4093.00;107
10656;34;623993559;10656;435;11802;11910;5.88;0.36;301.95;11.44;1146;34;4094.00;108
10658;34;623993572;10658;427;11804;11912;5.97;0.37;302.05;11.43;1146;34;4095.00;108
10666;34;623993588;10666;421;11804;11912;5.94;0.36;302.08;11.43;1138;34;4096.00;108
10670;34;623993601;10670;422;11805;11913;6.00;0.37;302.09;11.43;1135;34;4097.00;108
10676;34;623993615;10676;418;11805;11913;6.01;0.37;302.15;11.43;1129;34;4098.00;108
10683;34;623993628;10683;422;11805;11913;5.97;0.36;302.19;11.43;1122;34;4099.00;108
10684;34;623993642;10684;412;11805;11913;5.96;0.36;302.19;11.43;1121;34;4100.00;108
10691;34;623993658;10691;413;11805;11913;5.90;0.36;302.32;11.43;1114;34;4101.00;108
10696;34;623993671;10696;412;11805;11913;5.88;0.36;302.37;11.43;1109;34;4102.00;108
10699;34;623993684;10699;414;11805;11913;5.88;0.36;302.38;11.43;1106;34;4103.00;108
10703;34;623993698;10703;424;11841;11983;5.91;0.36;302.40;11.40;1138;34;4104.00;142
10708;34;623993716;10708;417;11842;11984;5.91;0.36;302.43;11.40;1134;34;4105.00;142
10710;34;623993729;10710;418;11847;11984;5.98;0.37;302.54;11.39;1137;34;4106.00;137
10714;34;623993742;10714;414;11848;11984;5.95;0.36;302.53;11.39;1134;34;4107.00;136
10716;34;623993754;10716;419;11850;11984;6.01;0.37;302.52;11.39;1134;34;4108.00;134
10720;34;623993768;10720;420;11851;11984;6.02;0.37;302.55;11.39;1131;34;4109.00;133
10728;34;623993782;10728;423;11855;11984;5.94;0.36;302.70;11.39;1127;34;4110.00;129
10732;34;623993795;10732;434;11856;11984;5.90;0.36;302.80;11.39;1124;34;4111.00;128
10736;34;623993807;10736;435;11859;11985;5.81;0.35;302.83;11.49;1123;34;4112.00;126
10739;34;623993821;10739;433;11862;11986;5.74;0.35;302.88;11.49;1123;34;4113.00;124
10743;34;623993834;10743;434;11865;11986;5.69;0.35;302.90;11.49;1122;34;4114.00;121
10745;34;623993847;10745;441;11870;11990;5.62;0.34;302.92;11.49;1125;34;4115.00;120
10750;34;623993859;10750;435;11872;11990;5.53;0.34;302.99;11.49;1122;34;4116.00;118
10753;34;623993872;10753;439;11872;11990;5.45;0.33;303.06;11.49;1119;34;4117.00;118
10755;34;623993884;10755;435;11872;11990;5.43;0.33;303.12;11.49;1117;34;4118.00;118
10762;34;623993897;10762;449;11878;11996;5.34;0.33;303.23;11.48;1116;34;4119.00;118
10764;34;623993910;10764;452;11878;11996;5.34;0.32;303.29;11.48;1114;34;4120.00;118
10767;34;623993922;10767;450;11878;11996;5.28;0.32;303.32;11.48;1111;34;4121.00;118
10774;34;623993935;10774;455;11880;11999;5.24;0.32;303.48;11.48;1106;34;4122.00;119
10778;34;623993947;10778;459;11882;11999;5.19;0.32;303.54;11.48;1104;34;4123.00;117
10780;34;623993959;10780;453;11883;11999;5.17;0.32;303.52;11.48;1103;34;4124.00;116
10783;34;623993973;10783;453;11883;12000;5.12;0.31;303.61;11.48;1100;34;4125.00;117
10786;34;623993985;10786;459;11885;12001;5.15;0.31;303.68;11.48;1099;34;4126.00;116
10788;34;623993997;10788;456;11887;12001;5.15;0.32;303.73;11.59;1099;34;4127.00;114
10791;34;623994010;10791;450;11898;12014;5.19;0.32;303.83;11.58;1107;34;4128.00;116
10793;34;623994029;10793;450;11898;12014;5.19;0.32;303.79;11.58;1105;34;4129.00;116
10802;34;623994049;10802;448;11898;12014;5.15;0.31;303.84;11.58;1096;34;4130.00;116
10806;34;623994069;10806;455;11899;12015;5.10;0.31;303.89;11.57;1093;34;4131.00;116
10808;34;623994088;10808;459;11899;12015;5.07;0.31;303.86;11.57;1091;34;4132.00;116
10812;34;623994106;10812;464;11903;12019;5.08;0.31;303.97;11.57;1091;34;4133.00;116
10812;34;623994131;10812;468;11903;12019;5.08;0.31;303.97;11.57;1091;34;4134.00;116
10815;34;623994147;10815;469;11906;12023;5.01;0.31;304.02;11.57;1091;34;4135.00;117
10819;34;623994163;10819;461;11906;12023;5.02;0.31;304.12;11.57;1087;34;4136.00;117
10819;34;623994178;10819;455;11906;12023;5.01;0.31;304.12;11.57;1087;34;4137.00;117
10823;34;623994193;10823;462;11906;12023;5.00;0.31;304.13;11.57;1083;34;4138.00;117
10823;34;623994213;10823;450;11906;12023;5.06;0.31;304.13;11.57;1083;34;4139.00;117
10824;34;623994230;10824;456;11931;12057;5.13;0.32;304.11;11.54;1107;34;4140.00;126
10826;34;623994249;10826;451;11931;12057;5.17;0.32;304.11;11.54;1105;34;4141.00;126
10828;34;623994263;10828;449;11934;12057;5.27;0.32;304.10;11.54;1106;34;4142.00;123
10828;34;623994278;10828;452;11935;12057;5.35;0.33;304.10;11.65;1107;34;4143.00;122
10832;34;623994292;10832;450;11936;12057;5.45;0.33;304.10;11.65;1104;34;4144.00;121
10838;34;623994307;10838;446;11936;12057;5.46;0.33;304.03;11.65;1098;34;4145.00;121
10839;34;623994322;10839;437;11936;12058;5.53;0.34;304.02;11.65;1097;34;4146.00;122
10840;34;623994337;10840;438;11936;12058;5.62;0.34;304.03;11.65;1096;34;4147.00;122
10843;34;623994351;10843;438;11941;12064;5.66;0.35;304.04;11.64;1098;34;4148.00;123
10844;34;623994367;10844;435;11942;12065;5.72;0.35;304.09;11.64;1098;34;4149.00;123
10846;34;623994381;10846;433;11942;12065;5.75;0.35;304.07;11.64;1096;34;4150.00;123
10849;34;623994396;10849;432;11942;12065;5.75;0.35;304.01;11.64;1093;34;4151.00;123
10850;34;623994410;10850;435;11945;12069;5.75;0.35;303.99;11.64;1095;34;4152.00;124
10852;34;623994426;10852;436;11945;12069;5.70;0.35;303.98;11.64;1093;34;4153.00;124
10853;34;623994440;10853;436;11945;12069;5.72;0.35;304.00;11.64;1092;34;4154.00;124
10857;34;623994455;10857;435;11946;12070;5.72;0.35;303.96;11.64;1089;34;4155.00;124
10859;34;623994470;10859;431;11949;12074;5.71;0.35;303.95;11.63;1090;34;4156.00;125
10860;34;623994484;10860;436;11949;12074;5.72;0.35;303.95;11.63;1089;34;4157.00;125
10862;34;623994498;10862;437;11951;12077;5.74;0.35;303.92;11.63;1089;34;4158.00;126
10864;34;623994512;10864;436;11951;12077;5.78;0.35;303.89;11.63;1087;34;4159.00;126
10865;34;623994526;10865;434;11952;12077;5.80;0.35;303.91;11.63;1087;34;4160.00;125
10867;34;623994540;10867;432;11952;12077;5.81;0.35;303.86;11.63;1085;34;4161.00;125
10870;34;623994555;10870;432;11956;12081;5.81;0.35;303.93;11.63;1086;34;4162.00;125
10871;34;623994570;10871;426;11956;12081;5.79;0.35;303.92;11.63;1085;34;4163.00;125
10871;34;623994584;10871;423;11956;12081;5.85;0.35;303.92;11.63;1085;34;4164.00;125
10873;34;623994598;10873;421;11956;12081;5.86;0.36;303.89;11.63;1083;34;4165.00;125
10875;34;623994612;10875;414;11956;12082;5.86;0.35;303.97;11.63;1081;34;4166.00;126
10876;34;623994625;10876;417;11958;12083;5.86;0.35;303.96;11.73;1082;34;4167.00;125
10878;34;623994639;10878;415;11958;12083;5.87;0.36;303.96;11.73;1080;34;4168.00;125
10878;34;623994651;10878;413;11959;12084;5.88;0.36;303.96;11.73;1081;34;4169.00;125
10880;34;623994668;10880;414;11959;12084;5.88;0.36;303.96;11.73;1079;34;4170.00;125
10881;34;623994682;10881;406;11959;12084;5.90;0.36;303.96;11.73;1078;34;4171.00;125
10881;34;623994696;10881;390;11959;12084;5.94;0.36;303.96;11.73;1078;34;4172.00;125
10881;34;623994710;10881;384;11961;12086;5.95;0.36;303.96;11.73;1080;34;4173.00;125
10882;34;623994724;10882;375;11961;12086;6.06;0.37;304.00;11.73;1079;34;4174.00;125
10884;34;623994737;10884;372;11961;12086;6.13;0.37;303.98;11.73;1077;34;4175.00;125
10885;34;623994752;10885;387;12028;12213;6.31;0.39;303.97;11.67;1143;34;4176.00;185
10888;34;623994779;10888;374;12029;12214;6.38;0.39;303.98;11.66;1141;34;4177.00;185
10890;34;623994795;10890;370;12035;12214;6.48;0.40;304.02;11.66;1145;34;4178.00;179
10892;34;623994810;10892;361;12037;12214;6.53;0.40;304.00;11.66;1145;34;4179.00;177
10893;35;623994825;10893;351;12041;12214;6.59;0.40;303.98;11.66;1148;35;4180.00;173
10894;35;623994858;10894;351;12044;12214;6.61;0.41;303.99;11.65;1150;35;4181.00;170
10895;35;623994873;10895;343;12047;12214;6.65;0.41;303.97;11.65;1152;35;4182.00;167
10896;35;623994893;10896;334;12051;12214;6.74;0.41;303.96;11.65;1155;35;4183.00;163
10898;35;623994906;10898;332;12054;12215;6.76;0.41;303.97;11.65;1156;35;4184.00;161
10900;36;623994920;10900;338;12058;12217;6.78;0.41;303.97;11.67;1158;36;4185.00;159
10903;36;623994955;10903;335;12060;12217;6.79;0.42;303.94;11.67;1157;36;4186.00;157
10905;36;623994975;10905;331;12063;12218;6.76;0.41;303.93;11.67;1158;36;4187.00;155
10906;36;623994991;10906;329;12065;12218;6.72;0.41;303.93;11.67;1159;36;4188.00;153
10908;36;623995005;10908;325;12067;12218;6.71;0.41;303.92;11.67;1159;36;4189.00;151
10908;36;623995021;10908;334;12069;12218;6.70;0.41;303.92;11.67;1161;36;4190.00;149
10912;36;623995036;10912;336;12072;12222;6.68;0.41;303.95;11.67;1160;36;4191.00;150
10915;36;623995052;10915;339;12075;12222;6.68;0.41;303.90;11.67;1160;36;4192.00;147
10919;36;623995068;10919;338;12077;12222;6.70;0.41;303.89;11.67;1158;36;4193.00;145
10919;36;623995081;10919;343;12079;12225;6.73;0.41;303.89;11.67;1160;36;4194.00;146
10926;36;623995097;10926;344;12080;12225;6.75;0.41;304.00;11.67;1154;36;4195.00;145
10930;36;623995111;10930;343;12081;12225;6.74;0.41;304.07;11.67;1151;36;4196.00;144
10932;36;623995126;10932;348;12086;12229;6.74;0.41;304.02;11.67;1154;36;4197.00;143
10938;36;623995141;10938;343;12088;12230;6.71;0.41;304.00;11.67;1150;36;4198.00;142
10940;36;623995156;10940;351;12089;12230;6.71;0.41;304.01;11.67;1149;36;4199.00;141
10945;36;623995174;10945;356;12100;12264;6.63;0.40;304.12;11.66;1155;36;4200.00;164
10946;36;623995197;10946;349;12105;12264;6.59;0.40;304.20;11.66;1159;36;4201.00;159
10949;36;623995211;10949;346;12105;12264;6.55;0.40;304.24;11.66;1156;36;4202.00;159
10951;36;623995226;10951;351;12107;12265;6.48;0.39;304.25;11.66;1156;36;4203.00;158
10954;36;623995246;10954;351;12109;12265;6.39;0.39;304.32;11.66;1155;36;4204.00;156
10957;36;623995260;10957;351;12112;12271;6.38;0.39;304.33;11.66;1155;36;4205.00;159
10959;36;623995275;10959;349;12115;12271;6.35;0.39;304.41;11.66;1156;36;4206.00;156
10960;36;623995289;10960;357;12116;12272;6.31;0.38;304.45;11.66;1156;36;4207.00;156
10962;36;623995303;10962;357;12116;12272;6.29;0.38;304.52;11.66;1154;36;4208.00;156
10966;36;623995317;10966;359;12117;12272;6.24;0.38;304.52;11.66;1151;36;4209.00;155
10968;36;623995331;10968;366;12119;12272;6.16;0.38;304.61;11.68;1151;36;4210.00;153
10972;36;623995345;10972;372;12120;12272;6.10;0.37;304.60;11.68;1148;36;4211.00;152
10973;36;623995360;10973;379;12129;12284;6.12;0.37;304.59;11.67;1156;36;4212.00;155
10974;36;623995374;10974;376;12132;12284;6.13;0.37;304.60;11.68;1158;36;4213.00;152
10975;36;623995388;10975;381;12134;12284;6.12;0.37;304.59;11.69;1159;36;4214.00;150
10979;36;623995402;10979;383;12136;12284;6.11;0.37;304.61;11.70;1157;36;4215.00;148
10982;36;623995416;10982;382;12137;12284;6.11;0.37;304.63;11.71;1155;36;4216.00;147
10984;36;623995431;10984;381;12139;12284;6.09;0.37;304.65;11.72;1155;36;4217.00;145
10986;36;623995444;10986;389;12144;12288;6.06;0.37;304.65;11.73;1158;36;4218.00;144
10989;36;623995459;10989;387;12144;12288;6.04;0.37;304.69;11.73;1155;36;4219.00;144
10992;36;623995473;10992;392;12149;12292;6.00;0.36;304.68;11.74;1157;36;4220.00;143
10997;36;623995487;10997;399;12151;12293;5.94;0.36;304.66;11.74;1154;36;4221.00;142
10999;36;623995502;10999;394;12152;12293;5.89;0.36;304.66;11.75;1153;36;4222.00;141
11002;36;623995516;11002;407;12155;12293;5.82;0.35;304.78;11.76;1153;36;4223.00;138
11005;36;623995530;11005;414;12166;12306;5.78;0.35;304.78;11.76;1161;36;4224.00;140
11009;36;623995545;11009;413;12169;12306;5.69;0.35;304.77;11.76;1160;36;4225.00;137
11011;36;623995558;11011;412;12170;12306;5.65;0.34;304.84;11.77;1159;36;4226.00;136
11012;36;623995571;11012;415;12171;12307;5.60;0.34;304.86;11.77;1159;36;4227.00;136
11016;36;623995585;11016;425;12173;12308;5.51;0.34;304.81;11.78;1157;36;4228.00;135
11019;36;623995600;11019;423;12174;12308;5.44;0.33;304.93;11.79;1155;36;4229.00;134
11021;36;623995615;11021;430;12181;12314;5.43;0.33;304.98;11.79;1160;36;4230.00;133
11022;36;623995629;11022;429;12181;12314;5.40;0.33;304.98;11.79;1159;36;4231.00;133
11023;36;623995643;11023;429;12182;12314;5.42;0.33;305.01;11.79;1159;36;4232.00;132
11028;36;623995657;11028;429;12183;12314;5.42;0.33;305.03;11.80;1155;36;4233.00;131
11029;36;623995670;11029;422;12191;12320;5.44;0.33;305.11;11.81;1162;36;4234.00;129
11031;36;623995684;11031;422;12191;12320;5.43;0.33;305.15;11.81;1160;36;4235.00;129
11032;36;623995698;11032;422;12192;12320;5.44;0.33;305.20;11.82;1160;36;4236.00;128
11032;36;623995712;11032;423;12192;12320;5.43;0.33;305.20;11.82;1160;36;4237.00;128
11036;36;623995726;11036;425;12196;12324;5.41;0.33;305.24;11.83;1160;36;4238.00;128
11037;36;623995740;11037;427;12199;12325;5.39;0.33;305.29;11.85;1162;36;4239.00;126
11038;36;623995755;11038;425;12201;12325;5.41;0.33;305.34;11.86;1163;36;4240.00;124
11041;36;623995768;11041;427;12202;12326;5.41;0.33;305.44;11.86;1161;36;4241.00;124
11045;36;623995781;11045;428;12202;12326;5.39;0.33;305.51;11.86;1157;36;4242.00;124
11047;36;623995794;11047;426;12202;12326;5.36;0.33;305.55;11.86;1155;36;4243.00;124
11052;36;623995807;11052;428;12203;12326;5.27;0.32;305.55;11.87;1151;36;4244.00;123
11057;36;623995821;11057;422;12205;12326;5.20;0.32;305.58;11.89;1148;36;4245.00;121
11059;36;623995834;11059;416;12207;12326;5.11;0.31;305.61;11.90;1148;36;4246.00;119
11062;36;623995850;11062;423;12207;12326;5.00;0.31;305.68;11.90;1145;36;4247.00;119
11064;36;623995861;11064;430;12249;12396;5.01;0.31;305.70;11.86;1185;36;4248.00;147
11066;36;623995878;11066;421;12252;12397;4.96;0.31;305.68;11.86;1186;36;4249.00;145
11070;36;623995890;11070;407;12256;12397;4.94;0.30;305.70;11.86;1186;36;4250.00;141
11076;36;623995902;11076;411;12257;12397;4.88;0.30;305.75;11.87;1181;36;4251.00;140
11077;36;623995914;11077;408;12263;12397;4.89;0.30;305.77;11.89;1186;36;4252.00;134
11082;36;623995926;11082;403;12266;12397;4.88;0.30;305.86;11.88;1184;36;4253.00;131
11086;36;623995938;11086;401;12271;12397;4.95;0.30;305.85;11.89;1185;36;4254.00;126
11090;36;623995951;11090;410;12273;12397;4.98;0.31;305.93;11.89;1183;36;4255.00;124
11094;36;623995963;11094;407;12275;12398;5.02;0.31;306.06;11.89;1181;36;4256.00;123
11097;36;623995976;11097;400;12278;12399;5.01;0.31;306.09;11.90;1181;36;4257.00;121
11100;36;623995988;11100;398;12278;12399;5.07;0.31;306.14;11.90;1178;36;4258.00;121
11105;36;623996001;11105;393;12283;12403;5.08;0.31;306.16;11.90;1178;36;4259.00;120
11108;36;623996016;11108;392;12284;12403;5.13;0.31;306.23;11.90;1176;36;4260.00;119
11112;36;623996034;11112;389;12285;12403;5.14;0.31;306.37;11.90;1173;36;4261.00;118
11113;36;623996056;11113;383;12285;12403;5.19;0.32;306.38;11.90;1172;36;4262.00;118
11117;36;623996072;11117;388;12290;12409;5.21;0.32;306.42;11.90;1173;36;4263.00;119
11123;36;623996094;11123;390;12291;12409;5.24;0.32;306.50;11.90;1168;36;4264.00;118
11126;36;623996113;11126;393;12291;12409;5.30;0.32;306.50;11.90;1165;36;4265.00;118
11130;36;623996132;11130;394;12293;12412;5.36;0.33;306.46;11.90;1163;36;4266.00;119
11134;36;623996149;11134;404;12294;12412;5.43;0.33;306.48;11.90;1160;36;4267.00;118
11136;36;623996164;11136;405;12295;12412;5.47;0.33;306.51;11.90;1159;36;4268.00;117
11141;36;623996178;11141;407;12296;12413;5.46;0.33;306.49;11.90;1155;36;4269.00;117
11143;36;623996191;11143;404;12299;12414;5.47;0.33;306.54;11.90;1156;36;4270.00;115
11148;36;623996205;11148;398;12299;12414;5.45;0.33;306.66;11.90;1151;36;4271.00;115
11152;36;623996220;11152;403;12310;12427;5.48;0.33;306.73;11.89;1158;36;4272.00;117
11157;36;623996234;11157;410;12310;12427;5.47;0.33;306.79;11.89;1153;36;4273.00;117
11163;36;623996248;11163;413;12310;12427;5.42;0.33;306.83;11.89;1147;36;4274.00;117
11166;36;623996262;11166;413;12312;12429;5.41;0.33;306.86;11.88;1146;36;4275.00;117
11170;36;623996275;11170;418;12312;12429;5.34;0.32;306.81;11.88;1142;36;4276.00;117
11173;36;623996289;11173;420;12316;12433;5.32;0.32;306.88;11.88;1143;36;4277.00;117
11178;36;623996302;11178;414;12316;12433;5.26;0.32;306.90;11.88;1138;36;4278.00;117
11181;36;623996316;11181;408;12319;12437;5.18;0.31;306.91;11.88;1138;36;4279.00;118
11185;36;623996329;11185;413;12320;12437;5.10;0.31;306.94;11.99;1135;36;4280.00;117
11188;36;623996343;11188;412;12320;12437;5.01;0.30;306.99;11.99;1132;36;4281.00;117
11190;36;623996356;11190;412;12320;12437;4.98;0.30;307.02;11.99;1130;36;4282.00;117
11194;36;623996368;11194;415;12320;12437;4.92;0.30;307.09;11.99;1126;36;4283.00;117
11198;36;623996381;11198;416;12330;12449;4.96;0.30;307.13;11.98;1132;36;4284.00;119
11200;36;623996395;11200;417;12331;12449;4.94;0.30;307.12;11.98;1131;36;4285.00;118
11204;36;623996407;11204;435;12331;12449;4.87;0.30;307.21;11.98;1127;36;4286.00;118
11206;36;623996420;11206;438;12331;12449;4.83;0.30;307.20;11.98;1125;36;4287.00;118
11208;36;623996431;11208;443;12331;12449;4.79;0.29;307.22;11.98;1123;36;4288.00;118
11212;36;623996443;11212;445;12331;12449;4.73;0.29;307.15;11.98;1119;36;4289.00;118
11215;36;623996457;11215;459;12331;12450;4.70;0.29;307.12;11.98;1116;36;4290.00;119
11218;36;623996470;11218;466;12331;12450;4.62;0.28;307.10;11.98;1113;36;4291.00;119
11223;36;623996482;11223;468;12336;12456;4.52;0.28;307.03;11.98;1113;36;4292.00;120
11224;36;623996496;11224;472;12337;12457;4.48;0.27;307.03;11.97;1113;36;4293.00;120
11225;36;623996508;11225;472;12337;12457;4.44;0.27;307.01;11.97;1112;36;4294.00;120
11230;36;623996521;11230;473;12337;12457;4.40;0.27;307.03;11.97;1107;36;4295.00;120
11233;36;623996533;11233;479;12340;12461;4.38;0.27;307.00;11.97;1107;36;4296.00;121
11236;36;623996545;11236;476;12340;12461;4.32;0.26;306.97;11.97;1104;36;4297.00;121
11236;36;623996558;11236;474;12340;12461;4.30;0.26;306.97;11.97;1104;36;4298.00;121
11240;36;623996570;11240;470;12341;12462;4.31;0.26;306.92;11.97;1101;36;4299.00;121
11240;36;623996582;11240;470;12344;12466;4.39;0.27;306.92;11.97;1104;36;4300.00;122
11243;36;623996601;11243;470;12344;12466;4.38;0.27;306.91;11.97;1101;36;4301.00;122
11243;36;623996614;11243;474;12346;12469;4.39;0.27;306.91;11.97;1103;36;4302.00;123
11245;36;623996627;11245;474;12346;12469;4.38;0.27;306.87;11.97;1101;36;4303.00;123
11248;36;623996639;11248;474;12347;12469;4.38;0.27;306.85;11.97;1099;36;4304.00;122
11250;36;623996652;11250;473;12347;12469;4.36;0.27;306.84;11.97;1097;36;4305.00;122
11251;36;623996673;11251;466;12351;12473;4.39;0.27;306.81;11.96;1100;36;4306.00;122
11254;36;623996686;11254;463;12351;12473;4.40;0.27;306.80;11.96;1097;36;4307.00;122
11257;36;623996698;11257;462;12351;12473;4.42;0.27;306.75;11.96;1094;36;4308.00;122
11259;36;623996710;11259;455;12351;12473;4.43;0.27;306.74;11.96;1092;36;4309.00;122
11262;36;623996722;11262;451;12351;12474;4.47;0.27;306.77;11.96;1089;36;4310.00;123
11263;36;623996735;11263;447;12352;12475;4.55;0.28;306.78;11.96;1089;36;4311.00;123
11263;36;623996748;11263;444;12352;12475;4.65;0.29;306.78;11.96;1089;36;4312.00;123
11264;36;623996760;11264;451;12353;12476;4.76;0.29;306.78;11.96;1089;36;4313.00;123
11266;36;623996772;11266;439;12353;12476;4.85;0.30;306.76;11.96;1087;36;4314.00;123
11268;36;623996785;11268;433;12353;12476;4.95;0.30;306.79;11.96;1085;36;4315.00;123
11269;36;623996797;11269;425;12353;12476;5.02;0.31;306.79;11.96;1084;36;4316.00;123
11274;36;623996810;11274;424;12353;12476;5.08;0.31;306.83;11.96;1079;36;4317.00;123
11275;36;623996822;11275;415;12353;12476;5.18;0.31;306.87;11.96;1078;36;4318.00;123
11276;36;623996835;11276;412;12353;12476;5.22;0.32;306.87;11.96;1077;36;4319.00;123
11276;36;623996849;11276;453;12468;12706;5.55;0.35;306.87;11.85;1192;36;4320.00;238
11278;36;623996880;11278;444;12472;12707;5.60;0.35;306.84;11.85;1194;36;4321.00;235
11283;36;623996894;11283;427;12483;12707;5.66;0.35;306.87;11.84;1200;36;4322.00;224
11283;36;623996908;11283;424;12489;12707;5.74;0.36;306.87;11.83;1206;36;4323.00;218
11284;36;623996921;11284;405;12497;12707;5.81;0.36;306.88;11.83;1213;36;4324.00;210
11284;36;623996936;11284;387;12501;12707;5.83;0.36;306.88;11.83;1217;36;4325.00;206
11284;36;623996956;11284;372;12506;12707;5.89;0.36;306.88;11.82;1222;36;4326.00;201
11284;36;623996971;11284;369;12512;12707;5.94;0.37;306.88;11.82;1228;36;4327.00;195
11284;36;623996984;11284;368;12517;12708;6.03;0.37;306.88;11.82;1233;36;4328.00;191
11285;36;623996999;11285;366;12519;12709;6.06;0.37;306.88;11.82;1234;36;4329.00;190
11286;36;623997014;11286;372;12523;12709;6.08;0.38;306.87;11.82;1237;36;4330.00;186
11288;36;623997029;11288;369;12527;12710;6.11;0.38;306.89;11.82;1239;36;4331.00;183
11291;36;623997045;11291;369;12529;12710;6.16;0.38;306.89;11.82;1238;36;4332.00;181
11292;36;623997061;11292;378;12532;12710;6.20;0.38;306.95;11.82;1240;36;4333.00;178
11294;36;623997083;11294;376;12532;12710;6.20;0.38;306.94;11.82;1238;36;4334.00;178
11295;36;623997099;11295;381;12535;12714;6.20;0.38;306.93;11.82;1240;36;4335.00;179
11296;36;623997115;11296;380;12536;12714;6.19;0.38;306.92;11.93;1240;36;4336.00;178
11298;36;623997132;11298;379;12536;12714;6.13;0.37;306.92;11.93;1238;36;4337.00;178
11299;36;623997153;11299;373;12537;12717;6.08;0.37;306.92;11.93;1238;36;4338.00;180
11299;36;623997169;11299;372;12537;12717;6.06;0.37;306.92;11.93;1238;36;4339.00;180
11302;36;623997185;11302;365;12537;12717;6.07;0.37;306.92;11.93;1235;36;4340.00;180
11303;36;623997201;11303;368;12540;12721;6.11;0.37;306.91;11.93;1237;36;4341.00;181
11303;36;623997219;11303;372;12542;12722;6.14;0.37;306.91;11.93;1239;36;4342.00;180
11306;36;623997242;11306;362;12542;12722;6.14;0.37;306.98;11.93;1236;36;4343.00;180
11307;36;623997264;11307;359;12544;12726;6.19;0.38;306.97;11.93;1237;36;4344.00;182
11310;36;623997281;11310;355;12545;12726;6.18;0.37;306.93;11.93;1235;36;4345.00;181
11312;36;623997297;11312;353;12545;12726;6.24;0.38;306.98;11.93;1233;36;4346.00;181
11314;36;623997318;11314;356;12545;12727;6.26;0.38;306.97;11.93;1231;36;4347.00;182
11314;36;623997333;11314;356;12545;12727;6.32;0.38;306.97;11.93;1231;36;4348.00;182
11315;36;623997347;11315;352;12549;12733;6.32;0.38;306.96;11.93;1234;36;4349.00;184
11317;36;623997364;11317;355;12549;12733;6.36;0.39;306.95;11.93;1232;36;4350.00;184
11319;36;623997378;11319;354;12550;12734;6.35;0.39;306.97;11.93;1231;36;4351.00;184
11320;36;623997393;11320;350;12551;12734;6.42;0.39;306.98;11.93;1231;36;4352.00;183
11325;36;623997407;11325;349;12554;12734;6.45;0.39;307.01;11.93;1229;36;4353.00;180
11328;36;623997421;11328;348;12555;12734;6.47;0.39;307.01;11.95;1227;36;4354.00;179
11330;36;623997437;11330;347;12556;12734;6.49;0.39;307.04;11.95;1226;36;4355.00;178
11335;36;623997458;11335;349;12567;12746;6.53;0.40;307.13;11.96;1232;36;4356.00;179
11336;36;623997474;11336;344;12568;12746;6.53;0.40;307.13;11.96;1232;36;4357.00;178
11339;36;623997490;11339;341;12570;12746;6.55;0.40;307.19;11.96;1231;36;4358.00;176
11343;36;623997505;11343;341;12571;12746;6.54;0.40;307.21;11.96;1228;36;4359.00;175
11345;36;623997520;11345;342;12571;12746;6.56;0.40;307.23;11.96;1226;36;4360.00;175
11348;36;623997535;11348;339;12573;12746;6.55;0.40;307.25;11.96;1225;36;4361.00;173
11353;36;623997551;11353;346;12576;12750;6.46;0.39;307.21;11.96;1223;36;4362.00;174
11355;36;623997567;11355;346;12578;12750;6.44;0.39;307.20;11.96;1223;36;4363.00;172
11359;36;623997582;11359;348;12581;12754;6.42;0.39;307.25;11.96;1222;36;4364.00;173
11361;36;623997598;11361;350;12583;12756;6.37;0.39;307.26;11.96;1222;36;4365.00;173
11365;36;623997614;11365;345;12584;12756;6.31;0.38;307.31;11.96;1219;36;4366.00;172
11368;36;623997630;11368;348;12584;12756;6.29;0.38;307.38;11.96;1216;36;4367.00;172
11369;36;623997645;11369;357;12596;12769;6.28;0.38;307.44;11.96;1227;36;4368.00;173
11370;36;623997662;11370;357;12596;12769;6.27;0.38;307.44;11.96;1226;36;4369.00;173
11373;36;623997678;11373;361;12598;12769;6.22;0.38;307.53;11.97;1225;36;4370.00;171
11373;36;623997693;11373;372;12601;12770;6.24;0.38;307.53;11.97;1228;36;4371.00;169
11377;36;623997708;11377;368;12602;12771;6.22;0.38;307.50;11.97;1225;36;4372.00;169
11380;36;623997723;11380;370;12603;12771;6.16;0.38;307.62;11.97;1223;36;4373.00;168
11383;36;623997739;11383;375;12606;12774;6.15;0.38;307.68;11.97;1223;36;4374.00;168
11386;36;623997754;11386;374;12606;12774;6.11;0.37;307.72;11.97;1220;36;4375.00;168
11386;36;623997769;11386;382;12609;12774;6.11;0.37;307.72;11.98;1223;36;4376.00;165
11390;36;623997784;11390;390;12609;12774;6.09;0.37;307.81;11.98;1219;36;4377.00;165
11391;36;623997799;11391;398;12615;12780;6.04;0.37;307.78;11.98;1224;36;4378.00;165
11394;36;623997816;11394;398;12617;12780;6.01;0.37;307.81;11.99;1223;36;4379.00;163
11396;36;623997833;11396;403;12619;12780;5.97;0.36;307.83;12.01;1223;36;4380.00;161
11398;36;623997847;11398;408;12619;12780;5.93;0.36;307.87;12.01;1221;36;4381.00;161
11401;36;623997863;11401;417;12624;12784;5.90;0.36;307.83;12.01;1223;36;4382.00;160
11404;36;623997878;11404;427;12628;12785;5.88;0.36;307.82;12.03;1224;36;4383.00;157
11406;36;623997894;11406;433;12628;12785;5.85;0.36;307.86;12.03;1222;36;4384.00;157
11408;36;623997908;11408;437;12631;12786;5.84;0.36;307.88;12.04;1223;36;4385.00;155
11413;36;623997923;11413;449;12633;12786;5.80;0.35;307.83;12.05;1220;36;4386.00;153
11415;36;623997939;11415;454;12634;12786;5.77;0.35;307.84;12.06;1219;36;4387.00;152
11420;36;623997954;11420;454;12636;12786;5.72;0.35;307.89;12.07;1216;36;4388.00;150
11422;36;623997968;11422;463;12637;12786;5.66;0.35;307.93;12.08;1215;36;4389.00;149
11425;36;623997982;11425;464;12638;12786;5.65;0.35;307.95;12.09;1213;36;4390.00;148
11428;36;623997997;11428;474;12640;12786;5.63;0.34;308.07;12.11;1212;36;4391.00;146
11431;36;623998011;11431;479;12679;12856;5.69;0.35;308.27;12.07;1248;36;4392.00;177
11433;36;623998037;11433;472;12681;12857;5.67;0.35;308.30;12.07;1248;36;4393.00;176
11435;36;623998060;11435;475;12690;12857;5.67;0.35;308.33;12.08;1255;36;4394.00;167
11439;36;623998083;11439;478;12692;12857;5.66;0.35;308.35;12.08;1253;36;4395.00;165
11444;36;623998105;11444;485;12695;12857;5.58;0.34;308.38;12.09;1251;36;4396.00;162
11447;36;623998124;11447;488;12697;12857;5.53;0.34;308.50;12.09;1250;36;4397.00;160
11449;36;623998144;11449;494;12700;12857;5.50;0.34;308.54;12.09;1251;36;4398.00;157
11451;36;623998161;11451;491;12703;12857;5.51;0.34;308.60;12.10;1252;36;4399.00;154
11454;36;623998178;11454;486;12705;12858;5.52;0.34;308.66;12.10;1251;36;4400.00;153
11457;37;623998198;11457;482;12708;12859;5.52;0.34;308.71;12.11;1251;37;4401.00;151
11462;37;623998235;11462;484;12709;12859;5.50;0.34;308.78;12.11;1247;37;4402.00;150
11466;37;623998250;11466;480;12712;12863;5.51;0.34;308.81;12.11;1246;37;4403.00;151
11468;37;623998265;11468;483;12715;12863;5.53;0.34;308.81;12.14;1247;37;4404.00;148
11469;37;623998279;11469;488;12715;12863;5.59;0.34;308.85;12.14;1246;37;4405.00;148
11471;37;623998294;11471;490;12718;12863;5.65;0.34;308.89;12.18;1247;37;4406.00;145
11472;37;623998308;11472;490;12722;12869;5.77;0.35;308.88;12.17;1250;37;4407.00;147
11476;37;623998324;11476;485;12723;12869;5.76;0.35;308.96;12.17;1247;37;4408.00;146
11479;37;623998338;11479;485;12724;12869;5.76;0.35;309.02;12.18;1245;37;4409.00;145
11481;37;623998355;11481;478;12727;12875;5.79;0.35;309.04;12.18;1246;37;4410.00;148
11486;37;623998370;11486;484;12727;12875;5.72;0.35;309.11;12.18;1241;37;4411.00;148
11489;37;623998385;11489;493;12730;12875;5.68;0.35;309.15;12.20;1241;37;4412.00;145
11491;37;623998401;11491;485;12730;12876;5.66;0.35;309.21;12.20;1239;37;4413.00;146
11495;37;623998415;11495;492;12734;12877;5.59;0.34;309.24;12.22;1239;37;4414.00;143
11500;37;623998430;11500;491;12734;12877;5.51;0.34;309.29;12.22;1234;37;4415.00;143
11502;37;623998443;11502;499;12743;12890;5.47;0.33;309.32;12.21;1241;37;4416.00;147
11509;37;623998458;11509;490;12745;12890;5.40;0.33;309.38;12.22;1236;37;4417.00;145
11512;37;623998473;11512;491;12746;12890;5.32;0.32;309.38;12.22;1234;37;4418.00;144
11515;37;623998486;11515;492;12749;12891;5.21;0.32;309.42;12.24;1234;37;4419.00;142
11519;37;623998499;11519;482;12749;12891;5.17;0.32;309.47;12.24;1230;37;4420.00;142
11522;37;623998515;11522;481;12753;12895;5.13;0.31;309.50;12.25;1231;37;4421.00;142
11526;37;623998531;11526;467;12754;12895;5.08;0.31;309.62;12.25;1228;37;4422.00;141
11530;37;623998545;11530;472;12759;12899;5.04;0.31;309.68;12.26;1229;37;4423.00;140
11534;37;623998560;11534;470;12759;12899;5.05;0.31;309.74;12.26;1225;37;4424.00;140
11537;37;623998576;11537;468;12760;12899;5.10;0.31;309.77;12.27;1223;37;4425.00;139
11541;37;623998592;11541;464;12762;12899;5.10;0.31;309.79;12.28;1221;37;4426.00;137
11546;37;623998607;11546;458;12762;12899;5.09;0.31;309.84;12.28;1216;37;4427.00;137
11546;37;623998621;11546;459;12773;12911;5.22;0.32;309.84;12.27;1227;37;4428.00;138
11548;37;623998637;11548;465;12776;12911;5.25;0.32;309.89;12.27;1228;37;4429.00;135
11549;37;623998651;11549;463;12776;12911;5.29;0.32;309.93;12.27;1227;37;4430.00;135
11552;37;623998666;11552;463;12777;12911;5.31;0.32;310.00;12.27;1225;37;4431.00;134
11557;37;623998680;11557;460;12777;12911;5.29;0.32;309.97;12.27;1220;37;4432.00;134
11562;37;623998696;11562;463;12778;12911;5.32;0.33;309.99;12.27;1216;37;4433.00;133
11564;37;623998711;11564;464;12780;12912;5.30;0.32;310.00;12.27;1216;37;4434.00;132
11568;37;623998726;11568;459;12781;12912;5.32;0.33;310.09;12.28;1213;37;4435.00;131
11570;37;623998741;11570;462;12785;12918;5.43;0.33;310.14;12.27;1215;37;4436.00;133
11576;37;623998758;11576;460;12787;12919;5.39;0.33;310.13;12.27;1211;37;4437.00;132
11580;37;623998774;11580;465;12788;12919;5.36;0.33;310.20;12.27;1208;37;4438.00;131
11586;37;623998789;11586;461;12788;12919;5.26;0.32;310.27;12.27;1202;37;4439.00;131
11587;37;623998806;11587;468;12792;12924;5.24;0.32;310.28;12.27;1205;37;4440.00;132
11591;37;623998822;11591;468;12792;12924;5.17;0.32;310.36;12.27;1201;37;4441.00;132
11597;37;623998839;11597;472;12792;12924;5.10;0.31;310.32;12.27;1195;37;4442.00;132
11599;37;623998855;11599;474;12793;12925;5.05;0.31;310.31;12.26;1194;37;4443.00;132
11605;37;623998870;11605;481;12796;12929;4.99;0.31;310.35;12.26;1191;37;4444.00;133
11610;37;623998887;11610;488;12796;12929;4.96;0.30;310.37;12.26;1186;37;4445.00;133
11615;37;623998902;11615;489;12798;12932;4.88;0.30;310.35;12.26;1183;37;4446.00;134
11621;37;623998917;11621;489;12798;12932;4.81;0.29;310.29;12.26;1177;37;4447.00;134
11624;37;623998931;11624;483;12799;12932;4.77;0.29;310.30;12.26;1175;37;4448.00;133
11630;37;623998946;11630;481;12799;12932;4.72;0.29;310.26;12.26;1169;37;4449.00;133
11632;37;623998959;11632;487;12803;12936;4.72;0.29;310.26;12.26;1171;37;4450.00;133
11634;37;623998974;11634;488;12803;12936;4.72;0.29;310.26;12.26;1169;37;4451.00;133
11638;37;623998988;11638;496;12803;12936;4.69;0.29;310.24;12.26;1165;37;4452.00;133
11642;37;623999002;11642;500;12803;12936;4.65;0.29;310.18;12.26;1161;37;4453.00;133
11644;37;623999017;11644;502;12803;12937;4.62;0.28;310.20;12.26;1159;37;4454.00;134
11647;37;623999032;11647;504;12805;12939;4.61;0.28;310.19;12.25;1158;37;4455.00;134
11649;37;623999046;11649;502;12805;12939;4.59;0.28;310.18;12.25;1156;37;4456.00;134
11654;37;623999059;11654;507;12806;12940;4.57;0.28;310.17;12.25;1152;37;4457.00;134
11656;37;623999075;11656;508;12807;12940;4.53;0.28;310.20;12.38;1151;37;4458.00;133
11661;37;623999089;11661;516;12807;12940;4.47;0.27;310.20;12.38;1146;37;4459.00;133
11663;37;623999102;11663;525;12807;12940;4.37;0.27;310.19;12.38;1144;37;4460.00;133
11665;37;623999114;11665;527;12807;12940;4.30;0.26;310.21;12.38;1142;37;4461.00;133
11665;37;623999126;11665;539;12807;12940;4.24;0.26;310.21;12.38;1142;37;4462.00;133
11671;37;623999139;11671;538;12807;12940;4.10;0.25;310.23;12.38;1136;37;4463.00;133
11675;37;623999152;11675;553;12875;13067;4.52;0.28;310.19;12.31;1200;37;4464.00;192
11678;37;623999177;11678;556;12878;13068;4.46;0.28;310.19;12.31;1200;37;4465.00;190
11682;37;623999190;11682;556;12887;13068;4.44;0.28;310.14;12.30;1205;37;4466.00;181
11686;37;623999203;11686;540;12888;13068;4.36;0.27;310.13;12.30;1202;37;4467.00;180
11688;37;623999216;11688;535;12893;13068;4.38;0.27;310.18;12.30;1205;37;4468.00;175
11689;37;623999230;11689;520;12894;13068;4.38;0.27;310.19;12.30;1205;37;4469.00;174
11693;37;623999244;11693;517;12897;13068;4.33;0.27;310.14;12.29;1204;37;4470.00;171
11693;37;623999258;11693;516;12899;13068;4.36;0.27;310.14;12.29;1206;37;4471.00;169
11696;37;623999271;11696;515;12900;13069;4.35;0.27;310.12;12.29;1204;37;4472.00;169
11697;37;623999285;11697;521;12904;13070;4.31;0.27;310.14;12.29;1207;37;4473.00;166
11698;37;623999298;11698;522;12905;13070;4.25;0.26;310.13;12.29;1207;37;4474.00;165
11700;37;623999317;11700;519;12907;13071;4.22;0.26;310.19;12.29;1207;37;4475.00;164
11702;37;623999331;11702;499;12912;13071;4.29;0.26;310.21;12.29;1210;37;4476.00;159
11703;37;623999346;11703;490;12915;13071;4.34;0.27;310.19;12.29;1212;37;4477.00;156
11704;37;623999360;11704;479;12917;13071;4.47;0.27;310.20;12.29;1213;37;4478.00;154
11705;37;623999374;11705;474;12923;13075;4.59;0.28;310.20;12.29;1218;37;4479.00;152
11706;37;623999390;11706;466;12925;13075;4.74;0.29;310.25;12.29;1219;37;4480.00;150
11706;37;623999410;11706;448;12926;13075;4.87;0.30;310.25;12.29;1220;37;4481.00;149
11706;37;623999431;11706;434;12929;13078;5.05;0.31;310.25;12.29;1223;37;4482.00;149
11708;37;623999447;11708;430;12929;13078;5.22;0.32;310.27;12.29;1221;37;4483.00;149
11708;37;623999463;11708;421;12930;13078;5.42;0.33;310.27;12.29;1222;37;4484.00;148
11709;37;623999480;11709;416;12933;13082;5.59;0.34;310.28;12.29;1224;37;4485.00;149
11711;37;623999497;11711;404;12936;13083;5.75;0.35;310.25;12.29;1225;37;4486.00;147
11711;37;623999513;11711;404;12937;13083;5.89;0.36;310.25;12.29;1226;37;4487.00;146
11714;37;623999529;11714;403;12941;13087;6.01;0.37;310.19;12.28;1227;37;4488.00;146
11715;37;623999545;11715;397;12941;13087;6.09;0.37;310.19;12.28;1226;37;4489.00;146
11715;37;623999566;11715;396;12941;13087;6.17;0.38;310.19;12.28;1226;37;4490.00;146
11715;37;623999581;11715;384;12942;13088;6.22;0.38;310.19;12.28;1227;37;4491.00;146
11716;37;623999597;11716;380;12942;13088;6.21;0.38;310.18;12.28;1226;37;4492.00;146
11718;37;623999613;11718;375;12948;13094;6.20;0.38;310.17;12.40;1230;37;4493.00;146
11719;37;623999629;11719;368;12948;13094;6.20;0.38;310.22;12.40;1229;37;4494.00;146
11721;37;623999645;11721;370;12948;13095;6.18;0.37;310.20;12.40;1227;37;4495.00;147
11724;37;623999662;11724;366;12948;13095;6.15;0.37;310.21;12.40;1224;37;4496.00;147
11727;37;623999677;11727;363;12948;13095;6.16;0.37;310.26;12.40;1221;37;4497.00;147
11730;37;623999693;11730;362;12948;13095;6.14;0.37;310.31;12.40;1218;37;4498.00;147
11733;37;623999708;11733;352;12948;13095;6.14;0.37;310.38;12.40;1215;37;4499.00;147
11737;37;623999726;11737;349;12974;13145;6.19;0.38;310.41;12.38;1237;37;4500.00;171
11738;37;623999751;11738;345;12975;13147;6.22;0.38;310.47;12.38;1237;37;4501.00;172
11738;37;623999767;11738;343;12978;13147;6.28;0.38;310.47;12.37;1240;37;4502.00;169
11739;37;623999783;11739;344;12978;13147;6.29;0.38;310.51;12.37;1239;37;4503.00;169
11740;37;623999799;11740;347;12980;13147;6.34;0.38;310.51;12.37;1240;37;4504.00;167
11741;37;623999814;11741;343;12982;13147;6.33;0.38;310.49;12.37;1241;37;4505.00;165
11743;37;623999831;11743;351;12986;13151;6.29;0.38;310.54;12.37;1243;37;4506.00;165
11744;37;623999845;11744;348;12986;13151;6.35;0.38;310.57;12.37;1242;37;4507.00;165
11748;37;623999860;11748;337;12989;13155;6.36;0.39;310.63;12.37;1241;37;4508.00;166
11749;37;623999876;11749;333;12990;13156;6.43;0.39;310.63;12.36;1241;37;4509.00;166
11750;37;623999893;11750;331;12990;13156;6.48;0.39;310.66;12.36;1240;37;4510.00;166
11752;37;623999907;11752;334;12991;13156;6.50;0.39;310.73;12.36;1239;37;4511.00;165
11753;37;623999922;11753;335;13002;13169;6.52;0.40;310.75;12.35;1249;37;4512.00;167
11756;37;623999938;11756;331;13002;13169;6.55;0.40;310.77;12.35;1246;37;4513.00;167
11760;37;623999953;11760;334;13002;13169;6.59;0.40;310.80;12.35;1242;37;4514.00;167
11761;37;623999969;11761;335;13003;13170;6.70;0.41;310.83;12.35;1242;37;4515.00;167
11764;37;623999984;11764;330;13004;13171;6.77;0.41;310.88;12.35;1240;37;4516.00;167
11766;37;623999999;11766;333;13005;13171;6.78;0.41;310.96;12.35;1239;37;4517.00;166
11769;37;624000021;11769;334;13007;13174;6.83;0.41;310.95;12.35;1238;37;4518.00;167
11772;37;624000048;11772;338;13007;13174;6.82;0.41;311.02;12.35;1235;37;4519.00;167
11776;37;624000074;11776;337;13008;13174;6.81;0.41;311.03;12.35;1232;37;4520.00;166
11781;37;624000099;11781;332;13009;13174;6.79;0.41;311.05;12.35;1228;37;4521.00;165
11782;37;624000121;11782;323;13013;13180;6.81;0.41;311.11;12.35;1231;37;4522.00;167
11787;37;624000142;11787;326;13014;13180;6.78;0.41;311.15;12.35;1227;37;4523.00;166
11789;37;624000170;11789;320;13014;13180;6.77;0.41;311.20;12.35;1225;37;4524.00;166
11794;37;624000188;11794;318;13016;13180;6.73;0.41;311.21;12.38;1222;37;4525.00;164
11796;37;624000205;11796;308;13019;13184;6.68;0.40;311.20;12.37;1223;37;4526.00;165
11801;37;624000222;11801;316;13021;13185;6.62;0.40;311.26;12.37;1220;37;4527.00;164
11807;37;624000238;11807;322;13021;13185;6.62;0.40;311.21;12.37;1214;37;4528.00;164
11809;37;624000254;11809;322;13023;13186;6.64;0.40;311.21;12.37;1214;37;4529.00;163
11810;38;624000273;11810;316;13023;13186;6.71;0.41;311.19;12.37;1213;38;4530.00;163
11813;38;624000302;11813;323;13023;13186;6.72;0.41;311.26;12.37;1210;38;4531.00;163
11818;38;624000316;11818;331;13023;13186;6.69;0.41;311.25;12.37;1205;38;4532.00;163
11820;38;624000333;11820;339;13024;13186;6.69;0.41;311.23;12.38;1204;38;4533.00;162
11824;38;624000350;11824;328;13024;13186;6.71;0.41;311.26;12.38;1200;38;4534.00;162
11825;38;624000365;11825;325;13027;13186;6.73;0.41;311.32;12.38;1202;38;4535.00;159
11826;38;624000384;11826;339;13061;13256;6.77;0.41;311.30;12.35;1235;38;4536.00;195
11828;38;624000407;11828;335;13064;13257;6.79;0.41;311.36;12.34;1236;38;4537.00;193
11829;38;624000423;11829;338;13070;13257;6.80;0.41;311.38;12.34;1241;38;4538.00;187
11834;38;624000438;11834;341;13074;13257;6.76;0.41;311.40;12.34;1240;38;4539.00;183
11837;38;624000453;11837;335;13078;13257;6.77;0.41;311.47;12.33;1241;38;4540.00;179
11841;38;624000469;11841;341;13086;13257;6.77;0.41;311.50;12.33;1245;38;4541.00;171
11843;38;624000492;11843;342;13089;13257;6.75;0.41;311.56;12.33;1246;38;4542.00;168
11844;38;624000507;11844;347;13093;13257;6.76;0.41;311.58;12.33;1249;38;4543.00;164
11848;38;624000522;11848;352;13094;13258;6.76;0.41;311.62;12.33;1246;38;4544.00;164
11850;38;624000537;11850;355;13097;13260;6.74;0.41;311.64;12.33;1247;38;4545.00;163
11852;38;624000553;11852;360;13098;13260;6.71;0.41;311.68;12.33;1246;38;4546.00;162
11857;38;624000571;11857;372;13101;13264;6.65;0.40;311.75;12.33;1244;38;4547.00;163
11861;38;624000586;11861;364;13101;13264;6.60;0.40;311.87;12.33;1240;38;4548.00;163
11864;38;624000603;11864;374;13102;13264;6.47;0.39;311.98;12.34;1238;38;4549.00;162
11868;38;624000617;11868;375;13103;13264;6.39;0.39;312.05;12.35;1235;38;4550.00;161
11870;38;624000633;11870;380;13108;13270;6.35;0.39;312.15;12.35;1238;38;4551.00;162
11874;38;624000648;11874;380;13108;13270;6.32;0.39;312.16;12.35;1234;38;4552.00;162
11880;38;624000664;11880;384;13110;13270;6.25;0.38;312.33;12.37;1230;38;4553.00;160
11884;38;624000679;11884;385;13112;13273;6.23;0.38;312.42;12.37;1228;38;4554.00;161
11886;38;624000694;11886;393;13114;13273;6.21;0.38;312.44;12.39;1228;38;4555.00;159
11889;38;624000710;11889;401;13115;13273;6.19;0.38;312.47;12.39;1226;38;4556.00;158
11894;38;624000727;11894;400;13117;13274;6.12;0.37;312.47;12.41;1223;38;4557.00;157
11897;38;624000743;11897;408;13119;13275;6.09;0.37;312.58;12.42;1222;38;4558.00;156
11901;38;624000759;11901;407;13120;13275;6.05;0.37;312.67;12.43;1219;38;4559.00;155
11903;38;624000777;11903;413;13138;13301;6.01;0.37;312.72;12.43;1235;38;4560.00;163
11904;38;624000794;11904;411;13140;13301;6.00;0.36;312.70;12.43;1236;38;4561.00;161
11907;38;624000809;11907;410;13143;13301;5.97;0.36;312.75;12.44;1236;38;4562.00;158
11910;38;624000823;11910;415;13146;13302;5.97;0.36;312.79;12.45;1236;38;4563.00;156
11912;38;624000838;11912;415;13146;13302;5.91;0.36;312.83;12.45;1234;38;4564.00;156
11918;38;624000852;11918;423;13150;13306;5.86;0.36;312.86;12.45;1232;38;4565.00;156
11919;38;624000873;11919;428;13152;13306;5.76;0.35;312.88;12.47;1233;38;4566.00;154
11921;38;624000888;11921;431;13155;13310;5.65;0.34;312.89;12.47;1234;38;4567.00;155
11924;38;624000902;11924;435;13155;13310;5.54;0.34;312.91;12.47;1231;38;4568.00;155
11926;38;624000916;11926;440;13157;13310;5.40;0.33;312.99;12.49;1231;38;4569.00;153
11928;38;624000931;11928;435;13158;13310;5.32;0.32;313.01;12.50;1230;38;4570.00;152
11929;38;624000945;11929;435;13159;13310;5.28;0.32;313.05;12.51;1230;38;4571.00;151
11931;38;624000958;11931;428;13168;13322;5.27;0.32;313.05;12.50;1237;38;4572.00;154
11932;38;624000974;11932;433;13170;13322;5.23;0.32;313.09;12.52;1238;38;4573.00;152
11934;38;624000988;11934;434;13173;13322;5.20;0.32;313.06;12.52;1239;38;4574.00;149
11936;38;624001002;11936;435;13173;13322;5.17;0.32;313.17;12.52;1237;38;4575.00;149
11937;38;624001017;11937;436;13175;13322;5.11;0.31;313.19;12.54;1238;38;4576.00;147
11941;38;624001034;11941;444;13176;13322;5.04;0.31;313.22;12.54;1235;38;4577.00;146
11942;38;624001052;11942;446;13177;13323;5.00;0.30;313.23;12.55;1235;38;4578.00;146
11944;38;624001066;11944;444;13177;13323;4.96;0.30;313.20;12.55;1233;38;4579.00;146
11946;39;624001080;11946;449;13182;13329;4.94;0.30;313.18;12.55;1236;39;4580.00;147
11949;39;624001110;11949;456;13185;13330;4.92;0.30;313.23;12.56;1236;39;4581.00;145
11953;39;624001123;11953;459;13185;13330;4.85;0.30;313.33;12.56;1232;39;4582.00;145
11955;39;624001135;11955;463;13185;13330;4.83;0.29;313.31;12.56;1230;39;4583.00;145
11961;39;624001148;11961;467;13190;13334;4.78;0.29;313.35;12.58;1229;39;4584.00;144
11962;39;624001161;11962;470;13190;13334;4.73;0.29;313.34;12.58;1228;39;4585.00;144
11964;39;624001173;11964;477;13190;13334;4.66;0.28;313.36;12.58;1226;39;4586.00;144
11967;39;624001185;11967;489;13193;13335;4.57;0.28;313.41;12.59;1226;39;4587.00;142
11970;39;624001196;11970;502;13196;13339;4.46;0.27;313.42;12.59;1226;39;4588.00;143
11974;39;624001208;11974;499;13198;13339;4.36;0.27;313.53;12.60;1224;39;4589.00;141
11974;39;624001222;11974;498;13202;13345;4.38;0.27;313.53;12.60;1228;39;4590.00;143
11981;39;624001235;11981;500;13204;13345;4.27;0.26;313.62;12.61;1223;39;4591.00;141
11983;39;624001246;11983;500;13206;13345;4.23;0.26;313.68;12.61;1223;39;4592.00;139
11989;39;624001258;11989;499;13206;13345;4.17;0.26;313.66;12.61;1217;39;4593.00;139
11992;39;624001270;11992;505;13212;13349;4.17;0.26;313.69;12.61;1220;39;4594.00;137
11995;39;624001283;11995;497;13212;13349;4.11;0.25;313.68;12.61;1217;39;4595.00;137
11998;39;624001294;11998;491;13212;13349;4.12;0.25;313.70;12.61;1214;39;4596.00;137
12003;39;624001307;12003;482;13214;13349;4.10;0.25;313.70;12.63;1211;39;4597.00;135
12008;39;624001321;12008;471;13214;13350;4.07;0.25;313.67;12.63;1206;39;4598.00;136
12009;39;624001334;12009;476;13215;13351;4.11;0.25;313.68;12.62;1206;39;4599.00;136
12012;39;624001347;12012;472;13217;13351;4.11;0.25;313.67;12.63;1205;39;4600.00;134
12016;39;624001364;12016;470;13218;13352;4.12;0.25;313.69;12.63;1202;39;4601.00;134
12019;39;624001378;12019;470;13220;13352;4.16;0.26;313.75;12.64;1201;39;4602.00;132
12023;39;624001390;12023;471;13220;13352;4.15;0.26;313.73;12.64;1197;39;4603.00;132
12026;39;624001402;12026;470;13220;13352;4.18;0.26;313.79;12.64;1194;39;4604.00;132
12032;39;624001414;12032;470;13220;13352;4.21;0.26;313.76;12.64;1188;39;4605.00;132
12034;39;624001427;12034;471;13220;13352;4.25;0.26;313.78;12.64;1186;39;4606.00;132
12037;39;624001440;12037;476;13220;13352;4.30;0.27;313.74;12.64;1183;39;4607.00;132
12043;39;624001451;12043;476;13281;13479;4.79;0.30;313.72;12.58;1238;39;4608.00;198
12047;39;624001474;12047;475;13286;13480;4.79;0.30;313.67;12.58;1239;39;4609.00;194
12052;39;624001486;12052;477;13293;13480;4.82;0.30;313.62;12.57;1241;39;4610.00;187
12052;39;624001499;12052;480;13297;13480;4.79;0.30;313.62;12.57;1245;39;4611.00;183
12055;39;624001512;12055;480;13304;13480;4.78;0.30;313.63;12.57;1249;39;4612.00;176
12058;39;624001524;12058;480;13305;13480;4.74;0.30;313.62;12.57;1247;39;4613.00;175
12061;39;624001537;12061;479;13309;13480;4.67;0.29;313.58;12.56;1248;39;4614.00;171
12067;39;624001550;12067;488;13310;13480;4.59;0.28;313.57;12.56;1243;39;4615.00;170
12069;39;624001563;12069;491;13313;13481;4.55;0.28;313.58;12.56;1244;39;4616.00;168
12074;39;624001575;12074;488;13318;13482;4.47;0.28;313.59;12.56;1244;39;4617.00;164
12076;39;624001589;12076;496;13321;13482;4.41;0.27;313.58;12.56;1245;39;4618.00;161
12079;39;624001603;12079;499;13324;13483;4.34;0.27;313.57;12.56;1245;39;4619.00;159
12084;39;624001617;12084;496;13327;13483;4.27;0.27;313.56;12.56;1243;39;4620.00;156
12087;39;624001629;12087;506;13327;13483;4.18;0.26;313.54;12.56;1240;39;4621.00;156
12091;39;624001642;12091;510;13329;13483;4.14;0.26;313.50;12.56;1238;39;4622.00;154
12098;39;624001654;12098;509;13334;13487;4.03;0.25;313.48;12.56;1236;39;4623.00;153
12102;39;624001668;12102;510;13336;13487;3.97;0.25;313.51;12.56;1234;39;4624.00;151
12104;39;624001685;12104;514;13338;13487;3.90;0.24;313.51;12.56;1234;39;4625.00;149
12107;39;624001697;12107;517;13340;13490;3.91;0.24;313.51;12.56;1233;39;4626.00;150
12111;39;624001710;12111;503;13342;13490;3.91;0.24;313.49;12.56;1231;39;4627.00;148
12112;39;624001723;12112;491;13344;13490;3.97;0.25;313.50;12.56;1232;39;4628.00;146
12118;39;624001735;12118;476;13348;13494;4.05;0.25;313.48;12.56;1230;39;4629.00;146
12122;39;624001748;12122;463;13349;13495;4.13;0.26;313.42;12.56;1227;39;4630.00;146
12126;39;624001762;12126;464;13351;13495;4.22;0.26;313.52;12.56;1225;39;4631.00;144
12128;39;624001775;12128;459;13353;13499;4.33;0.27;313.50;12.55;1225;39;4632.00;146
12131;39;624001788;12131;449;13354;13499;4.43;0.27;313.56;12.55;1223;39;4633.00;145
12133;39;624001812;12133;450;13355;13499;4.53;0.28;313.56;12.68;1222;39;4634.00;144
12138;39;624001826;12138;444;13357;13501;4.61;0.28;313.56;12.68;1219;39;4635.00;144
12138;39;624001840;12138;444;13357;13501;4.67;0.29;313.56;12.68;1219;39;4636.00;144
12141;39;624001859;12141;431;13362;13507;4.76;0.29;313.56;12.68;1221;39;4637.00;145
12145;40;624001873;12145;424;13362;13507;4.79;0.29;313.56;12.68;1217;40;4638.00;145
12148;40;624001894;12148;414;13362;13508;4.85;0.30;313.58;12.68;1214;40;4639.00;146
12149;40;624001908;12149;409;13362;13508;4.91;0.30;313.58;12.68;1213;40;4640.00;146
12152;40;624001921;12152;413;13362;13508;4.96;0.30;313.56;12.68;1210;40;4641.00;146
12153;40;624001935;12153;415;13362;13508;5.01;0.31;313.57;12.68;1209;40;4642.00;146
12157;40;624001949;12157;414;13362;13508;5.01;0.31;313.54;12.68;1205;40;4643.00;146
12159;40;624001963;12159;412;13372;13520;5.07;0.31;313.57;12.67;1213;40;4644.00;148
12159;40;624001982;12159;411;13372;13520;5.05;0.31;313.57;12.67;1213;40;4645.00;148
12161;40;624001996;12161;395;13373;13520;5.11;0.31;313.58;12.67;1212;40;4646.00;147
12166;40;624002010;12166;385;13373;13520;5.15;0.31;313.53;12.67;1207;40;4647.00;147
12168;40;624002024;12168;377;13373;13520;5.21;0.32;313.50;12.67;1205;40;4648.00;147
12172;40;624002043;12172;363;13373;13520;5.26;0.32;313.60;12.67;1201;40;4649.00;147
12174;40;624002083;12174;364;13378;13526;5.37;0.33;313.63;12.66;1204;40;4650.00;148
12176;40;624002113;12176;352;13378;13526;5.51;0.33;313.61;12.66;1202;40;4651.00;148
12178;40;624002133;12178;351;13382;13530;5.65;0.34;313.68;12.66;1204;40;4652.00;148
12181;40;624002153;12181;348;13383;13531;5.75;0.35;313.76;12.66;1202;40;4653.00;148
12184;40;624002170;12184;336;13383;13531;5.83;0.35;313.86;12.66;1199;40;4654.00;148
12188;40;624002186;12188;327;13383;13531;5.91;0.36;313.98;12.66;1195;40;4655.00;148
12189;40;624002201;12189;328;13395;13544;6.02;0.37;313.97;12.78;1206;40;4656.00;149
12192;40;624002218;12192;331;13395;13544;6.07;0.37;314.02;12.78;1203;40;4657.00;149
12194;40;624002235;12194;333;13395;13544;6.10;0.37;314.04;12.78;1201;40;4658.00;149
12196;40;624002251;12196;322;13396;13545;6.15;0.37;314.14;12.78;1200;40;4659.00;149
12198;40;624002266;12198;326;13396;13546;6.23;0.38;314.22;12.78;1198;40;4660.00;150
12201;40;624002281;12201;321;13396;13546;6.23;0.38;314.35;12.78;1195;40;4661.00;150
12204;40;624002296;12204;311;13398;13549;6.25;0.38;314.44;12.78;1194;40;4662.00;151
12205;40;624002311;12205;303;13398;13549;6.26;0.38;314.42;12.78;1193;40;4663.00;151
12208;40;624002329;12208;303;13399;13549;6.26;0.38;314.47;12.78;1191;40;4664.00;150
12211;40;624002345;12211;303;13399;13549;6.26;0.38;314.59;12.78;1188;40;4665.00;150
12212;40;624002360;12212;302;13404;13555;6.31;0.38;314.60;12.77;1192;40;4666.00;151
12214;40;624002375;12214;301;13404;13555;6.34;0.39;314.65;12.77;1190;40;4667.00;151
12217;40;624002390;12217;307;13404;13555;6.36;0.39;314.71;12.77;1187;40;4668.00;151
12221;40;624002404;12221;309;13404;13555;6.36;0.39;314.71;12.77;1183;40;4669.00;151
12221;40;624002420;12221;312;13407;13559;6.38;0.39;314.71;12.77;1186;40;4670.00;152
12223;40;624002434;12223;309;13408;13560;6.39;0.39;314.74;12.77;1185;40;4671.00;152
12225;40;624002449;12225;311;13408;13560;6.39;0.39;314.74;12.77;1183;40;4672.00;152
12229;40;624002464;12229;314;13409;13561;6.44;0.39;314.80;12.77;1180;40;4673.00;152
12231;40;624002480;12231;310;13409;13561;6.47;0.39;314.84;12.77;1178;40;4674.00;152
12233;40;624002494;12233;313;13409;13561;6.51;0.39;314.89;12.77;1176;40;4675.00;152
12235;40;624002510;12235;316;13409;13561;6.60;0.40;314.95;12.77;1174;40;4676.00;152
12238;40;624002525;12238;317;13409;13561;6.61;0.40;314.92;12.77;1171;40;4677.00;152
12239;40;624002546;12239;317;13409;13561;6.67;0.40;314.94;12.77;1170;40;4678.00;152
12242;40;624002561;12242;314;13409;13561;6.74;0.41;315.01;12.77;1167;40;4679.00;152
12245;40;624002577;12245;340;13478;13686;6.73;0.41;315.02;12.70;1233;40;4680.00;208
12249;40;624002603;12249;327;13478;13687;6.72;0.41;315.09;12.70;1229;40;4681.00;209
12255;40;624002618;12255;320;13484;13687;6.78;0.42;315.19;12.70;1229;40;4682.00;203
12259;40;624002634;12259;308;13486;13687;6.78;0.42;315.20;12.69;1227;40;4683.00;201
12261;40;624002649;12261;304;13490;13687;6.79;0.42;315.22;12.69;1229;40;4684.00;197
12263;40;624002664;12263;303;13491;13687;6.75;0.41;315.31;12.69;1228;40;4685.00;196
12266;40;624002679;12266;311;13496;13687;6.72;0.41;315.35;12.69;1230;40;4686.00;191
12267;40;624002700;12267;326;13501;13687;6.66;0.41;315.35;12.69;1234;40;4687.00;186
12272;40;624002715;12272;322;13504;13688;6.60;0.40;315.45;12.69;1232;40;4688.00;184
12274;40;624002730;12274;320;13506;13689;6.56;0.40;315.49;12.69;1232;40;4689.00;183
12277;40;624002744;12277;324;13510;13689;6.49;0.40;315.51;12.68;1233;40;4690.00;179
12279;40;624002767;12279;333;13514;13693;6.47;0.40;315.58;12.68;1235;40;4691.00;179
12283;40;624002783;12283;322;13514;13693;6.41;0.39;315.62;12.68;1231;40;4692.00;179
12289;40;624002797;12289;324;13514;13693;6.31;0.39;315.65;12.68;1225;40;4693.00;179
12294;40;624002813;12294;325;13515;13693;6.23;0.38;315.74;12.68;1221;40;4694.00;178
12298;40;624002834;12298;326;13520;13699;6.19;0.38;315.84;12.70;1222;40;4695.00;179
12301;40;624002854;12301;328;13521;13699;6.19;0.38;315.86;12.70;1220;40;4696.00;178
12306;40;624002878;12306;326;13521;13699;6.19;0.38;315.85;12.70;1215;40;4697.00;178
12308;41;624002893;12308;324;13523;13702;6.26;0.38;315.85;12.70;1215;41;4698.00;179
12314;41;624002927;12314;321;13523;13702;6.31;0.39;315.89;12.70;1209;41;4699.00;179
12318;41;624002942;12318;316;13523;13702;6.36;0.39;315.94;12.70;1205;41;4700.00;179
12320;41;624002961;12320;314;13524;13703;6.38;0.39;315.98;12.70;1204;41;4701.00;179
12323;41;624002977;12323;309;13525;13704;6.40;0.39;316.00;12.70;1202;41;4702.00;179
12327;41;624002992;12327;313;13525;13704;6.41;0.39;316.07;12.70;1198;41;4703.00;179
12332;41;624003006;12332;309;13535;13717;6.41;0.39;316.01;12.69;1203;41;4704.00;182
12336;41;624003022;12336;308;13536;13717;6.45;0.39;316.14;12.69;1200;41;4705.00;181
12341;41;624003038;12341;304;13536;13717;6.46;0.39;316.22;12.69;1195;41;4706.00;181
12344;41;624003053;12344;303;13537;13718;6.49;0.39;316.25;12.68;1193;41;4707.00;181
12349;41;624003068;12349;304;13537;13718;6.48;0.39;316.41;12.68;1188;41;4708.00;181
12352;41;624003082;12352;306;13540;13722;6.54;0.40;316.47;12.68;1188;41;4709.00;182
12356;41;624003099;12356;312;13540;13722;6.54;0.40;316.48;12.68;1184;41;4710.00;182
12360;41;624003113;12360;312;13544;13726;6.52;0.40;316.56;12.68;1184;41;4711.00;182
12362;41;624003127;12362;313;13544;13726;6.55;0.40;316.65;12.68;1182;41;4712.00;182
12366;41;624003141;12366;310;13546;13726;6.55;0.40;316.70;12.68;1180;41;4713.00;180
12369;41;624003155;12369;311;13547;13726;6.52;0.40;316.75;12.69;1178;41;4714.00;179
12370;41;624003169;12370;312;13548;13726;6.53;0.40;316.79;12.69;1178;41;4715.00;178
12373;41;624003182;12373;313;13558;13738;6.52;0.40;316.83;12.68;1185;41;4716.00;180
12373;41;624003198;12373;317;13558;13738;6.43;0.39;316.83;12.68;1185;41;4717.00;180
12374;41;624003210;12374;319;13560;13738;6.41;0.39;316.87;12.68;1186;41;4718.00;178
12376;41;624003224;12376;332;13560;13738;6.33;0.38;316.95;12.68;1184;41;4719.00;178
12378;41;624003237;12378;343;13560;13738;6.24;0.38;317.01;12.68;1182;41;4720.00;178
12379;41;624003251;12379;351;13560;13738;6.16;0.37;317.02;12.68;1181;41;4721.00;178
12380;41;624003265;12380;356;13560;13739;6.06;0.37;317.06;12.68;1180;41;4722.00;179
12382;41;624003278;12382;368;13562;13739;6.02;0.37;317.10;12.70;1180;41;4723.00;177
12382;41;624003291;12382;374;13568;13745;6.11;0.37;317.10;12.71;1186;41;4724.00;177
12386;41;624003304;12386;384;13573;13747;6.07;0.37;317.14;12.74;1187;41;4725.00;174
12388;41;624003318;12388;387;13574;13747;6.03;0.37;317.12;12.76;1186;41;4726.00;173
12391;41;624003331;12391;390;13575;13747;5.99;0.37;317.20;12.77;1184;41;4727.00;172
12394;41;624003344;12394;398;13579;13751;5.99;0.37;317.20;12.77;1185;41;4728.00;172
12394;41;624003357;12394;402;13580;13751;5.96;0.37;317.20;12.78;1186;41;4729.00;171
12398;41;624003369;12398;409;13581;13751;5.90;0.36;317.20;12.80;1183;41;4730.00;170
12401;41;624003382;12401;416;13584;13752;5.85;0.36;317.21;12.81;1183;41;4731.00;168
12404;41;624003396;12404;422;13587;13756;5.82;0.36;317.24;12.81;1183;41;4732.00;169
12406;41;624003410;12406;423;13588;13756;5.81;0.35;317.29;12.82;1182;41;4733.00;168
12407;41;624003423;12407;423;13591;13759;5.79;0.35;317.31;12.83;1184;41;4734.00;168
12408;41;624003435;12408;430;13592;13759;5.72;0.35;317.33;12.84;1184;41;4735.00;167
12413;41;624003448;12413;430;13594;13759;5.62;0.34;317.37;12.84;1181;41;4736.00;165
12415;41;624003460;12415;423;13595;13759;5.56;0.34;317.40;12.85;1180;41;4737.00;164
12418;41;624003473;12418;430;13601;13763;5.53;0.34;317.48;12.86;1183;41;4738.00;162
12422;41;624003492;12422;424;13601;13763;5.40;0.33;317.60;12.86;1179;41;4739.00;162
12424;41;624003507;12424;430;13601;13763;5.34;0.33;317.66;12.86;1177;41;4740.00;162
12427;41;624003524;12427;419;13603;13763;5.24;0.32;317.63;12.87;1176;41;4741.00;160
12427;41;624003546;12427;418;13604;13764;5.17;0.32;317.63;12.88;1177;41;4742.00;160
12432;41;624003566;12432;426;13606;13765;5.11;0.31;317.73;12.89;1174;41;4743.00;159
12432;41;624003587;12432;431;13607;13765;5.07;0.31;317.73;12.89;1175;41;4744.00;158
12433;41;624003605;12433;430;13610;13766;5.09;0.31;317.72;12.90;1177;41;4745.00;156
12437;41;624003620;12437;429;13610;13766;5.07;0.31;317.68;12.90;1173;41;4746.00;156
12438;41;624003639;12438;424;13612;13766;5.04;0.31;317.66;12.92;1174;41;4747.00;154
12443;41;624003663;12443;427;13612;13766;5.03;0.31;317.58;12.92;1169;41;4748.00;154
12444;41;624003687;12444;432;13612;13766;5.02;0.31;317.58;12.92;1168;41;4749.00;154
12446;41;624003705;12446;429;13614;13766;4.96;0.30;317.56;12.93;1168;41;4750.00;152
12448;41;624003722;12448;436;13614;13766;4.89;0.30;317.56;12.93;1166;41;4751.00;152
12449;41;624003738;12449;455;13679;13893;5.15;0.32;317.54;12.88;1230;41;4752.00;214
12450;41;624003761;12450;455;13681;13894;5.12;0.32;317.53;12.88;1231;41;4753.00;213
12454;41;624003774;12454;454;13691;13894;5.13;0.32;317.49;12.88;1237;41;4754.00;203
12458;41;624003788;12458;458;13695;13894;5.06;0.31;317.49;12.88;1237;41;4755.00;199
12461;41;624003800;12461;452;13702;13894;5.00;0.31;317.46;12.87;1241;41;4756.00;192
12462;41;624003812;12462;450;13709;13894;4.95;0.31;317.44;12.88;1247;41;4757.00;185
12467;41;624003824;12467;453;13713;13894;4.84;0.30;317.40;12.88;1246;41;4758.00;181
12468;41;624003837;12468;462;13717;13894;4.78;0.30;317.41;12.88;1249;41;4759.00;177
12470;41;624003849;12470;459;13721;13895;4.72;0.29;317.41;12.88;1251;41;4760.00;174
12474;41;624003861;12474;461;13723;13896;4.60;0.28;317.40;12.88;1249;41;4761.00;173
12475;41;624003874;12475;461;13726;13896;4.56;0.28;317.41;12.89;1251;41;4762.00;170
12477;41;624003886;12477;463;13731;13897;4.50;0.28;317.40;12.89;1254;41;4763.00;166
12481;41;624003898;12481;475;13732;13897;4.43;0.27;317.37;12.89;1251;41;4764.00;165
12482;41;624003911;12482;486;13735;13897;4.41;0.27;317.38;12.89;1253;41;4765.00;162
12485;41;624003923;12485;490;13735;13897;4.40;0.27;317.45;12.89;1250;41;4766.00;162
12485;41;624003935;12485;486;13741;13901;4.44;0.28;317.45;12.89;1256;41;4767.00;160
12487;41;624003947;12487;490;13742;13901;4.43;0.27;317.46;12.89;1255;41;4768.00;159
12488;41;624003960;12488;499;13742;13901;4.43;0.27;317.47;12.89;1254;41;4769.00;159
12492;41;624003974;12492;498;13747;13907;4.42;0.27;317.47;12.89;1255;41;4770.00;160
12495;41;624003992;12495;497;13747;13907;4.40;0.27;317.51;12.89;1252;41;4771.00;160
12497;41;624004005;12497;499;13749;13907;4.43;0.27;317.51;12.88;1252;41;4772.00;158
12500;41;624004017;12500;494;13753;13911;4.42;0.27;317.52;12.88;1253;41;4773.00;158
12502;41;624004030;12502;495;13755;13912;4.43;0.27;317.50;12.88;1253;41;4774.00;157
12509;41;624004051;12509;497;13755;13912;4.38;0.27;317.45;12.88;1246;41;4775.00;157
12512;41;624004071;12512;498;13758;13916;4.39;0.27;317.44;12.88;1246;41;4776.00;158
12512;41;624004092;12512;504;13759;13916;4.40;0.27;317.44;12.88;1247;41;4777.00;157
12516;41;624004110;12516;512;13761;13916;4.39;0.27;317.41;12.88;1245;41;4778.00;155
12517;41;624004128;12517;506;13762;13917;4.38;0.27;317.42;12.88;1245;41;4779.00;155
12521;41;624004146;12521;503;13762;13917;4.34;0.27;317.36;12.88;1241;41;4780.00;155
12526;41;624004162;12526;493;13767;13923;4.34;0.27;317.39;12.88;1241;41;4781.00;156
12529;41;624004176;12529;493;13767;13923;4.31;0.26;317.35;12.88;1238;41;4782.00;156
12529;41;624004191;12529;486;13767;13924;4.33;0.27;317.35;12.88;1238;41;4783.00;157
12533;41;624004205;12533;490;13767;13924;4.34;0.27;317.32;12.88;1234;41;4784.00;157
12536;42;624004219;12536;491;13767;13924;4.39;0.27;317.33;12.88;1231;42;4785.00;157
12538;42;624004248;12538;490;13767;13924;4.47;0.27;317.32;12.88;1229;42;4786.00;157
12543;43;624004262;12543;488;13767;13924;4.49;0.27;317.34;12.88;1224;43;4787.00;157
12545;43;624004289;12545;488;13777;13936;4.54;0.28;317.37;12.87;1232;43;4788.00;159
12548;43;624004310;12548;489;13777;13936;4.56;0.28;317.40;12.87;1229;43;4789.00;159
12552;43;624004324;12552;494;13778;13936;4.57;0.28;317.37;12.87;1226;43;4790.00;158
12557;43;624004338;12557;495;13778;13936;4.54;0.28;317.38;12.87;1221;43;4791.00;158
12559;43;624004360;12559;493;13778;13936;4.55;0.28;317.38;12.87;1219;43;4792.00;158
12561;43;624004376;12561;495;13778;13936;4.56;0.28;317.36;12.87;1217;43;4793.00;158
12565;43;624004391;12565;494;13781;13940;4.54;0.28;317.31;12.86;1216;43;4794.00;159
12565;43;624004407;12565;495;13781;13940;4.53;0.28;317.31;12.86;1216;43;4795.00;159
12568;43;624004422;12568;494;13785;13944;4.54;0.28;317.31;12.86;1217;43;4796.00;159
12570;43;624004438;12570;490;13786;13945;4.55;0.28;317.30;12.86;1216;43;4797.00;159
12574;43;624004452;12574;486;13786;13945;4.57;0.28;317.30;12.86;1212;43;4798.00;159
12577;43;624004467;12577;489;13786;13945;4.52;0.28;317.30;12.86;1209;43;4799.00;159
12582;43;624004485;12582;492;13810;13986;4.68;0.29;317.34;12.84;1228;43;4800.00;176
12584;43;624004515;12584;476;13810;13986;4.72;0.29;317.36;12.84;1226;43;4801.00;176
12587;43;624004531;12587;479;13812;13986;4.81;0.29;317.36;12.97;1225;43;4802.00;174
12591;43;624004546;12591;475;13813;13987;4.87;0.30;317.35;12.97;1222;43;4803.00;174
12592;43;624004561;12592;473;13815;13988;4.92;0.30;317.33;12.97;1223;43;4804.00;173
12593;43;624004575;12593;474;13815;13988;4.99;0.30;317.33;12.97;1222;43;4805.00;173
12596;43;624004590;12596;471;13819;13991;4.98;0.30;317.43;12.97;1223;43;4806.00;172
12599;43;624004606;12599;463;13819;13991;4.99;0.30;317.43;12.97;1220;43;4807.00;172
12600;43;624004620;12600;458;13820;13991;5.04;0.31;317.43;12.97;1220;43;4808.00;171
12602;43;624004635;12602;457;13821;13991;5.05;0.31;317.48;12.97;1219;43;4809.00;170
12607;43;624004649;12607;455;13827;13997;5.04;0.31;317.60;12.96;1220;43;4810.00;170
12609;43;624004665;12609;450;13828;13997;5.11;0.31;317.59;12.96;1219;43;4811.00;169
12612;43;624004679;12612;448;13828;13997;5.16;0.32;317.62;12.96;1216;43;4812.00;169
12615;43;624004693;12615;446;13828;13997;5.26;0.32;317.58;12.96;1213;43;4813.00;169
12620;43;624004708;12620;446;13831;14001;5.26;0.32;317.62;12.96;1211;43;4814.00;170
12622;43;624004723;12622;446;13833;14003;5.32;0.32;317.72;12.96;1211;43;4815.00;170
12624;43;624004737;12624;440;13834;14003;5.38;0.33;317.71;12.96;1210;43;4816.00;169
12628;43;624004752;12628;429;13835;14004;5.47;0.33;317.75;12.96;1207;43;4817.00;169
12630;43;624004768;12630;419;13836;14004;5.53;0.34;317.79;13.10;1206;43;4818.00;168
12633;43;624004792;12633;407;13836;14004;5.59;0.34;317.84;13.10;1203;43;4819.00;168
12636;43;624004819;12636;394;13836;14004;5.68;0.34;317.88;13.10;1200;43;4820.00;168
12640;43;624004840;12640;399;13837;14004;5.77;0.35;317.91;13.10;1197;43;4821.00;167
12640;43;624004857;12640;388;13837;14004;5.83;0.35;317.91;13.10;1197;43;4822.00;167
12643;43;624004872;12643;387;13837;14004;5.85;0.36;317.97;13.10;1194;43;4823.00;167
12646;43;624004895;12646;393;13880;14074;5.89;0.36;318.06;13.06;1234;43;4824.00;194
12649;43;624004930;12649;381;13880;14075;5.93;0.36;318.05;13.06;1231;43;4825.00;195
12651;43;624004946;12651;369;13885;14075;6.03;0.37;318.17;13.05;1234;43;4826.00;190
12653;43;624004962;12653;368;13886;14075;6.05;0.37;318.19;13.05;1233;43;4827.00;189
12655;43;624004978;12655;359;13892;14077;6.13;0.37;318.19;13.19;1237;43;4828.00;185
12661;43;624004995;12661;356;13895;14077;6.13;0.37;318.35;13.19;1234;43;4829.00;182
12664;43;624005012;12664;355;13898;14077;6.20;0.37;318.40;13.19;1234;43;4830.00;179
12666;43;624005028;12666;356;13901;14077;6.23;0.38;318.47;13.18;1235;43;4831.00;176
12668;43;624005045;12668;360;13903;14078;6.26;0.38;318.51;13.18;1235;43;4832.00;175
12671;43;624005060;12671;357;13906;14079;6.27;0.38;318.63;13.18;1235;43;4833.00;173
12674;43;624005076;12674;359;13907;14079;6.27;0.38;318.68;13.18;1233;43;4834.00;172
12677;43;624005092;12677;361;13911;14083;6.25;0.38;318.83;13.18;1234;43;4835.00;172
12678;43;624005107;12678;364;13912;14083;6.27;0.38;318.82;13.18;1234;43;4836.00;171
12683;43;624005122;12683;365;13912;14083;6.30;0.38;319.01;13.18;1229;43;4837.00;171
12685;43;624005137;12685;362;13912;14083;6.32;0.38;319.07;13.18;1227;43;4838.00;171
12688;43;624005151;12688;363;13918;14089;6.31;0.38;319.12;13.18;1230;43;4839.00;171
12690;43;624005167;12690;361;13918;14089;6.37;0.39;319.11;13.18;1228;43;4840.00;171
12691;43;624005181;12691;354;13918;14089;6.44;0.39;319.11;13.18;1227;43;4841.00;171
12692;43;624005196;12692;356;13920;14092;6.50;0.39;319.15;13.17;1228;43;4842.00;172
12693;43;624005210;12693;362;13920;14092;6.57;0.40;319.15;13.17;1227;43;4843.00;172
12694;43;624005224;12694;361;13921;14092;6.61;0.40;319.15;13.17;1227;43;4844.00;171
12695;43;624005239;12695;364;13921;14093;6.61;0.40;319.14;13.17;1226;43;4845.00;172
12697;43;624005254;12697;368;13922;14094;6.62;0.40;319.13;13.17;1225;43;4846.00;172
12698;43;624005269;12698;363;13922;14094;6.62;0.40;319.13;13.17;1224;43;4847.00;172
12703;43;624005283;12703;354;13932;14107;6.65;0.40;319.14;13.16;1229;43;4848.00;175
12705;43;624005299;12705;352;13932;14107;6.61;0.40;319.12;13.16;1227;43;4849.00;175
12708;43;624005313;12708;351;13933;14107;6.61;0.40;319.15;13.16;1225;43;4850.00;174
12709;43;624005328;12709;346;13934;14108;6.64;0.40;319.16;13.16;1225;43;4851.00;174
12711;43;624005343;12711;341;13934;14108;6.62;0.40;319.17;13.16;1223;43;4852.00;174
12713;43;624005357;12713;335;13937;14112;6.63;0.40;319.19;13.16;1224;43;4853.00;175
12716;43;624005372;12716;328;13938;14112;6.61;0.40;319.18;13.30;1222;43;4854.00;174
12722;43;624005387;12722;334;13941;14116;6.57;0.40;319.21;13.30;1219;43;4855.00;175
12723;43;624005403;12723;320;13941;14116;6.58;0.40;319.23;13.30;1218;43;4856.00;175
12725;43;624005420;12725;322;13941;14116;6.55;0.40;319.23;13.30;1216;43;4857.00;175
12725;43;624005437;12725;325;13941;14116;6.51;0.40;319.23;13.30;1216;43;4858.00;175
12727;43;624005451;12727;319;13941;14116;6.47;0.39;319.25;13.30;1214;43;4859.00;175
12730;43;624005468;12730;318;13961;14150;6.47;0.39;319.25;13.28;1231;43;4860.00;189
12735;43;624005487;12735;318;13962;14150;6.42;0.39;319.24;13.28;1227;43;4861.00;188
12741;43;624005501;12741;324;13966;14150;6.39;0.39;319.32;13.27;1225;43;4862.00;184
12742;43;624005518;12742;324;13968;14150;6.39;0.39;319.37;13.27;1226;43;4863.00;182
12746;43;624005532;12746;319;13969;14150;6.38;0.39;319.38;13.29;1223;43;4864.00;181
12751;43;624005554;12751;309;13969;14150;6.39;0.39;319.42;13.29;1218;43;4865.00;181
12753;43;624005576;12753;308;13970;14151;6.39;0.39;319.39;13.30;1217;43;4866.00;181
12756;43;624005591;12756;302;13970;14151;6.38;0.39;319.38;13.30;1214;43;4867.00;181
12758;43;624005606;12758;300;13974;14157;6.40;0.39;319.43;13.30;1216;43;4868.00;183
12760;43;624005620;12760;304;13975;14158;6.43;0.39;319.40;13.30;1215;43;4869.00;183
12766;43;624005638;12766;302;13975;14158;6.40;0.39;319.42;13.30;1209;43;4870.00;183
12769;43;624005656;12769;302;13975;14158;6.44;0.39;319.41;13.30;1206;43;4871.00;183
12770;43;624005679;12770;299;13977;14162;6.45;0.39;319.39;13.29;1207;43;4872.00;185
12774;43;624005698;12774;298;13977;14162;6.40;0.39;319.41;13.29;1203;43;4873.00;185
12777;43;624005716;12777;303;13978;14162;6.38;0.39;319.48;13.29;1201;43;4874.00;184
12778;43;624005732;12778;311;13979;14163;6.42;0.39;319.53;13.29;1201;43;4875.00;184
12782;43;624005746;12782;310;13982;14167;6.40;0.39;319.58;13.29;1200;43;4876.00;185
12784;43;624005760;12784;319;13983;14167;6.35;0.38;319.59;13.29;1199;43;4877.00;184
12786;43;624005774;12786;317;13986;14170;6.36;0.39;319.57;13.29;1200;43;4878.00;184
12789;43;624005788;12789;321;13988;14170;6.31;0.38;319.67;13.29;1199;43;4879.00;182
12792;43;624005802;12792;326;13989;14170;6.31;0.38;319.71;13.29;1197;43;4880.00;181
12796;43;624005815;12796;325;13990;14170;6.35;0.39;319.74;13.30;1194;43;4881.00;180
12798;43;624005828;12798;321;13994;14174;6.37;0.39;319.83;13.30;1196;43;4882.00;180
12798;43;624005842;12798;323;13994;14174;6.37;0.39;319.83;13.30;1196;43;4883.00;180
12802;43;624005856;12802;325;13994;14174;6.36;0.39;319.86;13.30;1192;43;4884.00;180
12805;43;624005869;12805;333;13994;14174;6.35;0.39;319.89;13.30;1189;43;4885.00;180
12809;43;624005882;12809;335;13994;14175;6.30;0.38;319.94;13.30;1185;43;4886.00;181
12814;43;624005896;12814;334;13996;14176;6.28;0.38;319.95;13.30;1182;43;4887.00;180
12816;43;624005910;12816;345;13996;14176;6.25;0.38;319.97;13.30;1180;43;4888.00;180
12818;43;624005923;12818;349;13997;14177;6.24;0.38;319.99;13.30;1179;43;4889.00;180
12819;43;624005938;12819;354;13997;14177;6.20;0.38;320.03;13.30;1178;43;4890.00;180
12822;43;624005951;12822;361;13998;14177;6.15;0.37;320.13;13.32;1176;43;4891.00;179
12823;43;624005964;12823;371;13998;14177;6.12;0.37;320.15;13.32;1175;43;4892.00;179
12827;43;624005977;12827;381;14000;14177;6.04;0.37;320.15;13.34;1173;43;4893.00;177
12831;43;624005991;12831;384;14000;14177;5.92;0.36;320.29;13.34;1169;43;4894.00;177
12836;43;624006003;12836;389;14003;14177;5.80;0.35;320.35;13.36;1167;43;4895.00;174
12839;43;624006017;12839;396;14060;14304;5.99;0.37;320.35;13.30;1221;43;4896.00;244
12842;43;624006042;12842;402;14064;14305;5.91;0.36;320.39;13.32;1222;43;4897.00;241
12844;43;624006065;12844;396;14076;14305;5.90;0.36;320.37;13.31;1232;43;4898.00;229
12846;43;624006085;12846;402;14081;14305;5.81;0.36;320.34;13.32;1235;43;4899.00;224
12847;43;624006110;12847;406;14089;14305;5.76;0.35;320.32;13.33;1242;43;4900.00;216
12850;43;624006135;12850;409;14094;14305;5.65;0.35;320.29;13.33;1244;43;4901.00;211
12851;43;624006157;12851;417;14097;14305;5.57;0.34;320.27;13.33;1246;43;4902.00;208
12851;43;624006173;12851;428;14100;14305;5.52;0.34;320.27;13.34;1249;43;4903.00;205
12851;43;624006187;12851;428;14103;14306;5.52;0.34;320.27;13.34;1252;43;4904.00;203
12852;43;624006199;12852;439;14108;14308;5.51;0.34;320.31;13.35;1256;43;4905.00;200
12855;43;624006214;12855;443;14110;14308;5.48;0.34;320.28;13.35;1255;43;4906.00;198
12858;43;624006228;12858;440;14116;14309;5.44;0.33;320.27;13.36;1258;43;4907.00;193
12864;43;624006242;12864;447;14119;14309;5.36;0.33;320.16;13.36;1255;43;4908.00;190
12866;43;624006256;12866;449;14122;14309;5.30;0.33;320.13;13.38;1256;43;4909.00;187
12867;43;624006271;12867;452;14125;14309;5.24;0.32;320.19;13.37;1258;43;4910.00;184
12872;43;624006284;12872;456;14128;14313;5.19;0.32;320.12;13.37;1256;43;4911.00;185
12874;43;624006298;12874;465;14133;14313;5.11;0.31;320.13;13.41;1259;43;4912.00;180
12874;43;624006312;12874;472;14134;14313;5.03;0.31;320.13;13.41;1260;43;4913.00;179
12875;43;624006324;12875;474;14136;14316;4.97;0.31;320.11;13.41;1261;43;4914.00;180
12876;43;624006338;12876;486;14137;14316;4.89;0.30;320.10;13.42;1261;43;4915.00;179
12877;43;624006352;12877;493;14138;14316;4.83;0.30;320.10;13.42;1261;43;4916.00;178
12878;43;624006366;12878;508;14142;14320;4.81;0.30;320.07;13.44;1264;43;4917.00;178
12882;43;624006382;12882;505;14143;14321;4.73;0.29;320.12;13.44;1261;43;4918.00;178
12883;43;624006397;12883;513;14145;14321;4.66;0.29;320.11;13.45;1262;43;4919.00;176
12884;43;624006412;12884;517;14149;14326;4.64;0.29;320.10;13.44;1265;43;4920.00;177
12889;43;624006426;12889;518;14151;14326;4.56;0.28;320.05;13.45;1262;43;4921.00;175
12891;43;624006440;12891;523;14153;14326;4.46;0.27;320.00;13.47;1262;43;4922.00;173
12894;43;624006454;12894;530;14155;14327;4.35;0.27;320.02;13.48;1261;43;4923.00;172
12895;43;624006468;12895;534;14155;14327;4.26;0.26;320.03;13.48;1260;43;4924.00;172
12898;43;624006481;12898;539;14162;14333;4.20;0.26;319.96;13.48;1264;43;4925.00;171
12905;43;624006494;12905;537;14162;14333;4.02;0.24;319.88;13.48;1257;43;4926.00;171
12907;43;624006507;12907;540;14164;14334;3.92;0.24;319.88;13.49;1257;43;4927.00;170
12909;43;624006519;12909;541;14165;14334;3.82;0.23;319.89;13.50;1256;43;4928.00;169
12910;43;624006532;12910;544;14166;14334;3.72;0.23;319.91;13.51;1256;43;4929.00;168
12913;43;624006543;12913;540;14167;14334;3.67;0.22;319.90;13.52;1254;43;4930.00;167
12916;43;624006555;12916;525;14168;14334;3.64;0.22;319.91;13.53;1252;43;4931.00;166
12919;43;624006568;12919;526;14178;14346;3.70;0.23;319.98;13.53;1259;43;4932.00;168
12921;43;624006581;12921;513;14178;14346;3.73;0.23;319.98;13.53;1257;43;4933.00;168
12924;43;624006594;12924;510;14180;14346;3.82;0.23;319.98;13.53;1256;43;4934.00;166
12927;43;624006607;12927;514;14180;14346;3.89;0.24;320.00;13.53;1253;43;4935.00;166
12929;43;624006619;12929;512;14180;14346;3.93;0.24;320.02;13.53;1251;43;4936.00;166
12930;43;624006632;12930;503;14180;14346;4.01;0.24;320.03;13.53;1250;43;4937.00;166
12932;43;624006646;12932;498;14181;14350;4.09;0.25;320.04;13.53;1249;43;4938.00;169
12933;43;624006659;12933;502;14181;14350;4.17;0.25;320.03;13.53;1248;43;4939.00;169
12937;43;624006671;12937;490;14185;14354;4.30;0.26;320.04;13.53;1248;43;4940.00;169
12938;43;624006697;12938;483;14185;14355;4.35;0.27;320.05;13.53;1247;43;4941.00;170
12942;43;624006711;12942;480;14186;14355;4.37;0.27;320.00;13.53;1244;43;4942.00;169
12944;43;624006725;12944;480;14186;14355;4.41;0.27;320.02;13.53;1242;43;4943.00;169
12945;43;624006738;12945;472;14197;14368;4.57;0.28;320.02;13.52;1252;43;4944.00;171
12948;43;624006752;12948;467;14197;14368;4.64;0.28;320.00;13.52;1249;43;4945.00;171
12953;43;624006765;12953;466;14197;14368;4.71;0.29;319.99;13.52;1244;43;4946.00;171
12954;43;624006778;12954;462;14198;14369;4.82;0.29;319.99;13.52;1244;43;4947.00;171
12956;43;624006791;12956;459;14198;14370;4.85;0.30;320.00;13.52;1242;43;4948.00;172
12959;43;624006811;12959;447;14199;14370;4.91;0.30;319.99;13.66;1240;43;4949.00;171
12962;43;624006828;12962;446;14206;14379;4.96;0.30;319.96;13.66;1244;43;4950.00;173
12966;43;624006844;12966;434;14206;14379;4.99;0.30;320.03;13.66;1240;43;4951.00;173
12968;43;624006858;12968;429;14207;14379;4.99;0.30;320.03;13.66;1239;43;4952.00;172
12974;43;624006873;12974;419;14207;14379;4.97;0.30;319.99;13.66;1233;43;4953.00;172
12975;43;624006887;12975;417;14212;14385;5.02;0.31;319.98;13.65;1237;43;4954.00;173
12981;43;624006902;12981;417;14214;14385;5.03;0.31;320.08;13.66;1233;43;4955.00;171
12985;43;624006916;12985;422;14214;14385;5.01;0.31;320.10;13.66;1229;43;4956.00;171
12987;43;624006929;12987;417;14214;14385;5.05;0.31;320.10;13.66;1227;43;4957.00;171
12993;43;624006943;12993;424;14216;14389;5.04;0.31;320.23;13.66;1223;43;4958.00;173
12998;43;624006957;12998;426;14217;14390;5.06;0.31;320.25;13.66;1219;43;4959.00;173
13001;43;624006971;13001;419;14218;14390;5.10;0.31;320.30;13.66;1217;43;4960.00;172
13004;43;624006985;13004;417;14219;14391;5.17;0.32;320.30;13.66;1215;43;4961.00;172
13008;43;624006999;13008;413;14219;14391;5.22;0.32;320.37;13.66;1211;43;4962.00;172
13014;43;624007013;13014;415;14220;14391;5.23;0.32;320.34;13.66;1206;43;4963.00;171
13020;43;624007027;13020;414;14221;14391;5.21;0.32;320.35;13.81;1201;43;4964.00;170
13025;43;624007042;13025;419;14221;14391;5.23;0.32;320.37;13.81;1196;43;4965.00;170
13030;43;624007055;13030;415;14222;14391;5.23;0.32;320.43;13.81;1192;43;4966.00;169
13034;43;624007070;13034;415;14222;14391;5.26;0.32;320.45;13.81;1188;43;4967.00;169
13039;43;624007083;13039;428;14263;14461;5.32;0.33;320.54;13.78;1224;43;4968.00;198
13042;43;624007102;13042;416;14264;14462;5.29;0.32;320.67;13.78;1222;43;4969.00;198
13045;43;624007116;13045;422;14269;14462;5.32;0.32;320.69;13.77;1224;43;4970.00;193
13048;43;624007129;13048;418;14272;14462;5.30;0.32;320.85;13.77;1224;43;4971.00;190
13051;43;624007143;13051;414;14275;14462;5.31;0.32;320.85;13.77;1224;43;4972.00;187
13055;43;624007156;13055;411;14279;14462;5.28;0.32;320.97;13.77;1224;43;4973.00;183
13057;43;624007170;13057;411;14282;14462;5.30;0.32;321.02;13.77;1225;43;4974.00;180
13061;43;624007183;13061;415;14287;14462;5.28;0.32;321.05;13.77;1226;43;4975.00;175
13063;43;624007197;13063;410;14287;14463;5.29;0.32;321.05;13.77;1224;43;4976.00;176
13066;43;624007210;13066;398;14291;14464;5.33;0.32;321.10;13.77;1225;43;4977.00;173
13067;43;624007225;13067;390;14293;14464;5.31;0.32;321.10;13.77;1226;43;4978.00;171
13070;43;624007239;13070;388;14298;14468;5.31;0.32;321.14;13.91;1228;43;4979.00;170
13072;43;624007255;13072;382;14299;14468;5.38;0.33;321.22;13.91;1227;43;4980.00;169
13072;43;624007269;13072;381;14299;14468;5.44;0.33;321.22;13.91;1227;43;4981.00;169
13074;43;624007283;13074;384;14300;14468;5.49;0.33;321.26;13.91;1226;43;4982.00;168
13075;43;624007297;13075;381;14305;14474;5.60;0.34;321.31;13.91;1230;43;4983.00;169
13079;43;624007312;13079;381;14306;14474;5.65;0.34;321.37;13.90;1227;43;4984.00;168
13082;43;624007327;13082;381;14306;14474;5.68;0.35;321.50;13.90;1224;43;4985.00;168
13083;43;624007341;13083;377;14309;14477;5.79;0.35;321.49;13.90;1226;43;4986.00;168
13087;43;624007356;13087;367;14309;14477;5.82;0.35;321.58;13.90;1222;43;4987.00;168
13091;43;624007371;13091;368;14310;14477;5.85;0.36;321.70;13.90;1219;43;4988.00;167
13093;43;624007386;13093;356;14310;14478;5.86;0.36;321.73;13.90;1217;43;4989.00;168
13097;43;624007401;13097;354;14311;14479;5.94;0.36;321.85;13.90;1214;43;4990.00;168
13099;43;624007416;13099;351;14311;14479;5.98;0.36;321.86;13.90;1212;43;4991.00;168
13100;43;624007430;13100;351;14322;14492;6.10;0.37;321.90;13.89;1222;43;4992.00;170
13102;43;624007447;13102;358;14322;14492;6.17;0.38;321.90;13.89;1220;43;4993.00;170
13103;43;624007462;13103;354;14323;14492;6.23;0.38;321.92;14.03;1220;43;4994.00;169
13105;43;624007478;13105;362;14325;14494;6.34;0.39;321.97;14.03;1220;43;4995.00;169
13108;43;624007494;13108;363;14325;14494;6.41;0.39;321.96;14.03;1217;43;4996.00;169
13110;43;624007509;13110;365;14329;14498;6.48;0.39;321.98;14.02;1219;43;4997.00;169
13111;43;624007524;13111;368;14329;14498;6.53;0.40;321.98;14.02;1218;43;4998.00;169
13116;43;624007540;13116;370;14332;14502;6.54;0.40;322.09;14.02;1216;43;4999.00;170
13117;43;624007556;13117;368;14332;14502;6.59;0.40;322.09;14.02;1215;43;5000.00;170
13120;43;624007575;13120;371;14332;14502;6.59;0.40;322.12;14.02;1212;43;5001.00;170
13124;43;624007590;13124;372;14332;14502;6.58;0.40;322.15;14.02;1208;43;5002.00;170
13126;43;624007606;13126;367;14332;14502;6.54;0.40;322.13;14.02;1206;43;5003.00;170
13129;43;624007620;13129;378;14341;14514;6.55;0.40;322.16;14.01;1212;43;5004.00;173
13130;43;624007636;13130;368;14341;14514;6.49;0.40;322.20;14.01;1211;43;5005.00;173
13132;43;624007651;13132;365;14343;14514;6.52;0.40;322.23;14.01;1211;43;5006.00;171
13134;43;624007666;13134;370;14344;14514;6.51;0.40;322.25;14.15;1210;43;5007.00;170
13137;43;624007680;13137;362;14344;14514;6.52;0.40;322.23;14.15;1207;43;5008.00;170
13140;43;624007695;13140;362;14344;14514;6.53;0.40;322.24;14.15;1204;43;5009.00;170
13142;43;624007712;13142;357;14344;14515;6.46;0.39;322.31;14.15;1202;43;5010.00;171
13143;43;624007726;13143;358;14344;14515;6.42;0.39;322.29;14.15;1201;43;5011.00;171
13145;43;624007741;13145;352;14349;14521;6.43;0.39;322.31;14.14;1204;43;5012.00;172
13149;43;624007756;13149;356;14350;14522;6.46;0.39;322.32;14.14;1201;43;5013.00;172
13149;43;624007771;13149;353;14350;14522;6.53;0.40;322.32;14.14;1201;43;5014.00;172
13152;43;624007785;13152;354;14350;14522;6.53;0.40;322.30;14.14;1198;43;5015.00;172
13155;43;624007800;13155;355;14353;14526;6.53;0.40;322.34;14.14;1198;43;5016.00;173
13160;43;624007815;13160;349;14353;14526;6.55;0.40;322.44;14.14;1193;43;5017.00;173
13164;43;624007830;13164;348;14353;14526;6.58;0.40;322.52;14.14;1189;43;5018.00;173
13165;43;624007845;13165;349;14354;14527;6.61;0.40;322.55;14.14;1189;43;5019.00;173
13170;43;624007859;13170;351;14357;14531;6.57;0.40;322.66;14.13;1187;43;5020.00;174
13171;43;624007873;13171;346;14357;14531;6.54;0.40;322.64;14.13;1186;43;5021.00;174
13171;43;624007888;13171;349;14359;14534;6.57;0.40;322.64;14.13;1188;43;5022.00;175
13173;43;624007902;13173;351;14359;14534;6.53;0.40;322.65;14.13;1186;43;5023.00;175
13174;43;624007916;13174;345;14360;14534;6.51;0.40;322.68;14.13;1186;43;5024.00;174
13176;43;624007931;13176;346;14360;14534;6.46;0.39;322.69;14.13;1184;43;5025.00;174
13184;43;624007945;13184;350;14364;14538;6.39;0.39;322.73;14.13;1180;43;5026.00;174
13185;43;624007960;13185;350;14364;14538;6.40;0.39;322.74;14.13;1179;43;5027.00;174
13192;43;624007975;13192;353;14364;14538;6.31;0.38;322.75;14.13;1172;43;5028.00;174
13195;43;624007988;13195;351;14364;14538;6.26;0.38;322.77;14.13;1169;43;5029.00;174
13197;43;624008003;13197;350;14364;14539;6.21;0.38;322.78;14.13;1167;43;5030.00;175
13200;43;624008016;13200;341;14365;14540;6.15;0.37;322.76;14.13;1165;43;5031.00;175
13202;43;624008030;13202;331;14365;14540;6.09;0.37;322.81;14.13;1163;43;5032.00;175
13204;43;624008049;13204;325;14366;14541;6.10;0.37;322.80;14.13;1162;43;5033.00;175
13205;43;624008074;13205;325;14368;14541;6.13;0.37;322.78;14.28;1163;43;5034.00;173
13209;43;624008101;13209;321;14369;14541;6.14;0.37;322.80;14.29;1160;43;5035.00;172
13213;43;624008132;13213;323;14369;14541;6.12;0.37;322.82;14.29;1156;43;5036.00;172
13216;43;624008152;13216;316;14370;14541;6.14;0.37;322.87;14.31;1154;43;5037.00;171
13216;43;624008167;13216;314;14370;14541;6.18;0.38;322.87;14.31;1154;43;5038.00;171
13222;43;624008182;13222;313;14370;14541;6.14;0.37;322.96;14.31;1148;43;5039.00;171
13224;43;624008199;13224;337;14461;14771;6.46;0.40;322.94;14.23;1237;43;5040.00;310
13225;43;624008233;13225;330;14465;14772;6.47;0.40;322.93;14.23;1240;43;5041.00;307
13228;43;624008257;13228;331;14474;14772;6.54;0.41;322.92;14.22;1246;43;5042.00;298
13230;43;624008272;13230;334;14478;14772;6.55;0.41;322.93;14.21;1248;43;5043.00;294
13235;43;624008287;13235;331;14489;14772;6.56;0.41;323.00;14.21;1254;43;5044.00;283
13239;43;624008301;13239;329;14493;14772;6.53;0.40;323.05;14.20;1254;43;5045.00;279
13242;43;624008317;13242;330;14501;14772;6.51;0.40;323.10;14.20;1259;43;5046.00;271
13245;43;624008332;13245;330;14507;14772;6.49;0.40;323.15;14.20;1262;43;5047.00;265
13246;43;624008347;13246;334;14513;14773;6.48;0.40;323.16;14.19;1267;43;5048.00;260
13249;43;624008361;13249;336;14517;14774;6.47;0.40;323.22;14.19;1268;43;5049.00;257
13253;43;624008377;13253;335;14526;14774;6.43;0.40;323.28;14.19;1273;43;5050.00;248
13256;43;624008393;13256;335;14529;14775;6.33;0.39;323.27;14.19;1273;43;5051.00;246
13259;43;624008408;13259;341;14533;14775;6.26;0.39;323.29;14.19;1274;43;5052.00;242
13264;43;624008429;13264;341;14537;14775;6.14;0.38;323.22;14.19;1273;43;5053.00;238
13265;43;624008444;13265;346;14539;14775;6.05;0.37;323.24;14.19;1274;43;5054.00;236
13268;43;624008460;13268;356;14544;14779;5.90;0.36;323.30;14.19;1276;43;5055.00;235
13272;43;624008478;13272;360;14546;14779;5.79;0.36;323.36;14.19;1274;43;5056.00;233
13274;43;624008492;13274;367;14548;14779;5.69;0.35;323.36;14.19;1274;43;5057.00;231
13277;43;624008507;13277;370;14549;14782;5.60;0.35;323.37;14.19;1272;43;5058.00;233
13279;43;624008523;13279;383;14551;14782;5.61;0.35;323.41;14.19;1272;43;5059.00;231
13281;43;624008539;13281;392;14553;14782;5.60;0.35;323.40;14.20;1272;43;5060.00;229
13286;43;624008553;13286;408;14555;14786;5.63;0.35;323.47;14.21;1269;43;5061.00;231
13289;43;624008569;13289;414;14558;14787;5.66;0.35;323.49;14.21;1269;43;5062.00;229
13291;43;624008586;13291;421;14560;14787;5.67;0.35;323.50;14.22;1269;43;5063.00;227
13296;43;624008607;13296;436;14563;14791;5.66;0.35;323.53;14.23;1267;43;5064.00;228
13298;43;624008622;13298;439;14567;14791;5.69;0.35;323.49;14.23;1269;43;5065.00;224
13302;43;624008636;13302;445;14571;14791;5.65;0.35;323.57;14.23;1269;43;5066.00;220
13305;43;624008651;13305;448;14573;14792;5.66;0.35;323.60;14.25;1268;43;5067.00;219
13307;43;624008666;13307;458;14575;14792;5.63;0.35;323.59;14.25;1268;43;5068.00;217
13309;43;624008680;13309;478;14583;14798;5.62;0.34;323.56;14.26;1274;43;5069.00;215
13310;43;624008698;13310;485;14583;14798;5.54;0.34;323.54;14.26;1273;43;5070.00;215
13312;43;624008717;13312;491;14586;14799;5.43;0.33;323.56;14.28;1274;43;5071.00;213
13313;43;624008732;13313;502;14590;14799;5.31;0.33;323.60;14.29;1277;43;5072.00;209
13317;43;624008746;13317;503;14591;14799;5.19;0.32;323.61;14.29;1274;43;5073.00;208
13318;43;624008760;13318;519;14592;14799;5.07;0.31;323.61;14.31;1274;43;5074.00;207
13320;43;624008774;13320;533;14594;14799;4.95;0.30;323.57;14.31;1274;43;5075.00;205
13321;43;624008787;13321;540;14604;14811;4.91;0.30;323.55;14.30;1283;43;5076.00;207
13322;43;624008801;13322;545;14607;14811;4.80;0.29;323.55;14.32;1285;43;5077.00;204
13323;43;624008814;13323;554;14608;14811;4.67;0.29;323.59;14.32;1285;43;5078.00;203
13325;43;624008826;13325;556;14610;14811;4.58;0.28;323.60;14.32;1285;43;5079.00;201
13326;43;624008841;13326;568;14612;14811;4.51;0.28;323.62;14.33;1286;43;5080.00;199
13330;43;624008854;13330;568;14614;14811;4.43;0.27;323.60;14.34;1284;43;5081.00;197
13332;43;624008868;13332;569;14615;14815;4.37;0.27;323.59;14.34;1283;43;5082.00;200
13333;43;624008881;13333;562;14616;14815;4.34;0.27;323.59;14.35;1283;43;5083.00;199
13334;43;624008895;13334;548;14620;14819;4.36;0.27;323.59;14.35;1286;43;5084.00;199
13337;43;624008910;13337;540;14623;14821;4.36;0.27;323.60;14.37;1286;43;5085.00;198
13337;43;624008924;13337;539;14623;14821;4.36;0.27;323.60;14.37;1286;43;5086.00;198
13337;43;624008937;13337;528;14625;14821;4.36;0.27;323.60;14.39;1288;43;5087.00;196
13340;43;624008950;13340;531;14636;14834;4.41;0.27;323.61;14.38;1296;43;5088.00;198
13344;43;624008965;13344;532;14637;14834;4.42;0.27;323.52;14.39;1293;43;5089.00;197
13344;43;624008993;13344;526;14638;14834;4.44;0.27;323.52;14.40;1294;43;5090.00;196
13344;43;624009006;13344;526;14639;14835;4.50;0.28;323.52;14.40;1295;43;5091.00;196
13346;43;624009019;13346;529;14641;14836;4.48;0.27;323.51;14.42;1295;43;5092.00;195
13348;43;624009033;13348;528;14641;14836;4.50;0.28;323.48;14.42;1293;43;5093.00;195
13351;43;624009047;13351;524;14644;14839;4.45;0.27;323.47;14.42;1293;43;5094.00;195
13353;43;624009061;13353;523;14646;14839;4.44;0.27;323.45;14.44;1293;43;5095.00;193
13353;43;624009074;13353;520;14646;14839;4.39;0.27;323.45;14.44;1293;43;5096.00;193
13356;43;624009088;13356;522;14648;14839;4.38;0.27;323.49;14.46;1292;43;5097.00;191
13360;43;624009101;13360;524;14653;14845;4.38;0.27;323.50;14.45;1293;43;5098.00;192
13362;43;624009114;13362;531;14653;14845;4.31;0.26;323.51;14.45;1291;43;5099.00;192
13365;43;624009129;13365;528;14659;14864;4.25;0.26;323.47;14.47;1294;43;5100.00;205
13369;43;624009148;13369;517;14659;14864;4.21;0.26;323.46;14.47;1290;43;5101.00;205
13370;43;624009161;13370;513;14660;14868;4.27;0.26;323.47;14.47;1290;43;5102.00;208
13373;43;624009174;13373;512;14663;14869;4.29;0.26;323.44;14.48;1290;43;5103.00;206
13375;43;624009187;13375;520;14663;14869;4.33;0.27;323.44;14.48;1288;43;5104.00;206
13380;43;624009200;13380;517;14664;14870;4.35;0.27;323.44;14.48;1284;43;5105.00;206
13384;43;624009213;13384;514;14669;14870;4.34;0.27;323.50;14.49;1285;43;5106.00;201
13385;43;624009227;13385;510;14669;14870;4.39;0.27;323.48;14.49;1284;43;5107.00;201
13388;43;624009239;13388;498;14669;14870;4.45;0.27;323.48;14.49;1281;43;5108.00;201
13391;43;624009252;13391;490;14671;14870;4.51;0.28;323.49;14.51;1280;43;5109.00;199
13392;43;624009266;13392;483;14671;14870;4.58;0.28;323.48;14.51;1279;43;5110.00;199
13393;43;624009278;13393;472;14671;14870;4.70;0.29;323.49;14.51;1278;43;5111.00;199
13397;43;624009292;13397;480;14708;14940;4.85;0.30;323.59;14.47;1311;43;5112.00;232
13399;43;624009312;13399;468;14710;14941;4.94;0.30;323.60;14.47;1311;43;5113.00;231
13401;43;624009326;13401;461;14717;14941;5.03;0.31;323.59;14.46;1316;43;5114.00;224
13406;43;624009340;13406;455;14717;14941;5.09;0.31;323.59;14.46;1311;43;5115.00;224
13410;44;624009355;13410;441;14720;14941;5.18;0.32;323.58;14.46;1310;44;5116.00;221
13413;44;624009380;13413;446;14722;14941;5.17;0.32;323.57;14.46;1309;44;5117.00;219
13417;44;624009395;13417;441;14726;14941;5.19;0.32;323.61;14.46;1309;44;5118.00;215
13419;44;624009409;13419;442;14729;14941;5.26;0.32;323.60;14.46;1310;44;5119.00;212
13426;44;624009423;13426;449;14732;14942;5.26;0.32;323.62;14.46;1306;44;5120.00;210
13433;44;624009439;13433;453;14735;14943;5.25;0.32;323.64;14.46;1302;44;5121.00;208
13437;44;624009460;13437;453;14738;14943;5.29;0.32;323.73;14.59;1301;44;5122.00;205
13442;44;624009477;13442;450;14741;14947;5.30;0.32;323.89;14.59;1299;44;5123.00;206
13446;44;624009492;13446;453;14742;14947;5.32;0.32;323.92;14.59;1296;44;5124.00;205
13450;44;624009508;13450;458;14743;14947;5.33;0.32;323.98;14.60;1293;44;5125.00;204
13454;44;624009524;13454;463;14743;14947;5.37;0.33;323.97;14.60;1289;44;5126.00;204
13456;44;624009540;13456;462;14747;14953;5.41;0.33;324.04;14.59;1291;44;5127.00;206
13461;44;624009555;13461;463;14749;14953;5.36;0.33;324.10;14.60;1288;44;5128.00;204
13465;44;624009571;13465;463;14749;14953;5.34;0.33;324.12;14.60;1284;44;5129.00;204
13468;44;624009589;13468;468;14753;14959;5.30;0.32;324.21;14.60;1285;44;5130.00;206
13474;44;624009604;13474;472;14754;14959;5.21;0.32;324.39;14.61;1280;44;5131.00;205
13477;44;624009619;13477;460;14756;14959;5.20;0.32;324.38;14.60;1279;44;5132.00;203
13482;44;624009634;13482;469;14758;14960;5.18;0.32;324.52;14.61;1276;44;5133.00;202
13485;44;624009650;13485;467;14760;14961;5.17;0.32;324.64;14.61;1275;44;5134.00;201
13490;44;624009665;13490;466;14760;14961;5.16;0.31;324.59;14.61;1270;44;5135.00;201
13495;44;624009680;13495;467;14772;14974;5.21;0.32;324.69;14.60;1277;44;5136.00;202
13499;44;624009695;13499;476;14773;14974;5.18;0.31;324.74;14.60;1274;44;5137.00;201
13500;44;624009710;13500;472;14774;14974;5.16;0.31;324.79;14.74;1274;44;5138.00;200
13504;44;624009724;13504;468;14776;14975;5.15;0.31;324.91;14.75;1272;44;5139.00;199
13506;44;624009739;13506;470;14776;14975;5.11;0.31;324.93;14.75;1270;44;5140.00;199
13511;44;624009753;13511;468;14780;14979;5.09;0.31;325.01;14.75;1269;44;5141.00;199
13517;44;624009773;13517;474;14783;14979;5.02;0.30;325.00;14.75;1266;44;5142.00;196
13521;44;624009788;13521;472;14784;14983;5.00;0.30;325.01;14.75;1263;44;5143.00;199
13525;44;624009802;13525;470;14786;14983;5.04;0.31;325.04;14.76;1261;44;5144.00;197
13527;44;624009817;13527;477;14787;14983;5.07;0.31;325.07;14.76;1260;44;5145.00;196
13531;44;624009831;13531;475;14788;14983;5.02;0.31;325.20;14.90;1257;44;5146.00;195
13532;44;624009852;13532;478;14789;14983;5.06;0.31;325.25;14.91;1257;44;5147.00;194
13537;44;624009866;13537;470;14798;14995;5.13;0.31;325.40;14.90;1261;44;5148.00;197
13539;44;624009882;13539;469;14799;14995;5.19;0.32;325.45;14.91;1260;44;5149.00;196
13544;44;624009896;13544;458;14800;14995;5.26;0.32;325.52;14.90;1256;44;5150.00;195
13546;44;624009911;13546;448;14801;14995;5.34;0.32;325.51;14.91;1255;44;5151.00;194
13547;44;624009925;13547;446;14801;14995;5.39;0.33;325.56;14.91;1254;44;5152.00;194
13549;44;624009941;13549;449;14802;14995;5.47;0.33;325.60;14.92;1253;44;5153.00;193
13554;44;624009964;13554;444;14803;14996;5.51;0.34;325.66;15.05;1249;44;5154.00;193
13557;44;624009980;13557;445;14806;14998;5.51;0.34;325.69;15.05;1249;44;5155.00;192
13562;44;624009995;13562;431;14811;15004;5.58;0.34;325.77;15.05;1249;44;5156.00;193
13566;44;624010010;13566;424;14812;15005;5.61;0.34;325.88;15.05;1246;44;5157.00;193
13567;44;624010026;13567;419;14812;15005;5.67;0.34;325.95;15.05;1245;44;5158.00;193
13572;44;624010043;13572;412;14812;15005;5.72;0.35;326.00;15.05;1240;44;5159.00;193
13575;44;624010079;13575;400;14816;15010;5.77;0.35;325.98;15.04;1241;44;5160.00;194
13578;44;624010119;13578;396;14816;15010;5.83;0.35;326.09;15.04;1238;44;5161.00;194
13580;44;624010143;13580;392;14816;15010;5.86;0.36;326.15;15.04;1236;44;5162.00;194
13582;44;624010165;13582;391;14817;15011;5.93;0.36;326.20;15.04;1235;44;5163.00;194
13586;44;624010183;13586;383;14818;15015;6.01;0.37;326.19;15.04;1232;44;5164.00;197
13587;44;624010200;13587;386;14818;15015;6.08;0.37;326.18;15.04;1231;44;5165.00;197
13591;44;624010216;13591;378;14820;15018;6.13;0.37;326.28;15.04;1229;44;5166.00;198
13593;44;624010234;13593;373;14820;15018;6.20;0.38;326.31;15.04;1227;44;5167.00;198
13594;44;624010251;13594;384;14821;15018;6.22;0.38;326.30;15.04;1227;44;5168.00;197
13596;44;624010267;13596;379;14821;15018;6.28;0.38;326.37;15.04;1225;44;5169.00;197
13598;44;624010284;13598;386;14825;15022;6.36;0.39;326.37;15.04;1227;44;5170.00;197
13601;44;624010299;13601;386;14825;15022;6.37;0.39;326.44;15.04;1224;44;5171.00;197
13602;44;624010315;13602;376;14825;15022;6.36;0.39;326.45;15.04;1223;44;5172.00;197
13604;44;624010331;13604;374;14825;15022;6.32;0.39;326.52;15.04;1221;44;5173.00;197
13607;44;624010355;13607;375;14825;15023;6.24;0.38;326.58;15.04;1218;44;5174.00;198
13609;44;624010372;13609;372;14826;15025;6.21;0.38;326.58;15.03;1217;44;5175.00;199
13614;44;624010390;13614;371;14826;15025;6.13;0.37;326.66;15.03;1212;44;5176.00;199
13619;44;624010406;13619;372;14827;15026;6.12;0.37;326.70;15.03;1208;44;5177.00;199
13622;44;624010423;13622;371;14827;15026;6.14;0.37;326.68;15.03;1205;44;5178.00;199
13625;44;624010439;13625;366;14827;15026;6.17;0.38;326.76;15.03;1202;44;5179.00;199
13626;44;624010456;13626;366;14828;15026;6.19;0.38;326.82;15.17;1202;44;5180.00;198
13630;44;624010472;13630;363;14828;15026;6.19;0.38;326.91;15.17;1198;44;5181.00;198
13634;44;624010489;13634;366;14828;15026;6.17;0.38;326.95;15.17;1194;44;5182.00;198
13636;44;624010505;13636;360;14828;15026;6.16;0.38;327.01;15.17;1192;44;5183.00;198
13641;44;624010522;13641;381;14895;15153;6.29;0.39;327.00;15.10;1254;44;5184.00;258
13642;44;624010549;13642;370;14895;15154;6.27;0.39;326.98;15.10;1253;44;5185.00;259
13644;44;624010565;13644;360;14902;15154;6.34;0.39;327.04;15.10;1258;44;5186.00;252
13646;44;624010581;13646;353;14902;15154;6.31;0.39;327.06;15.10;1256;44;5187.00;252
13647;44;624010599;13647;353;14908;15154;6.36;0.39;327.09;15.09;1261;44;5188.00;246
13651;44;624010616;13651;344;14909;15154;6.36;0.39;327.08;15.09;1258;44;5189.00;245
13654;44;624010636;13654;339;14912;15154;6.41;0.39;327.12;15.09;1258;44;5190.00;242
13656;44;624010652;13656;341;14915;15154;6.46;0.40;327.14;15.09;1259;44;5191.00;239
13658;44;624010676;13658;340;14918;15155;6.48;0.40;327.14;15.09;1260;44;5192.00;237
13663;44;624010692;13663;347;14923;15156;6.50;0.40;327.20;15.09;1260;44;5193.00;233
13664;44;624010708;13664;347;14926;15156;6.48;0.40;327.20;15.08;1262;44;5194.00;230
13670;44;624010724;13670;341;14928;15157;6.45;0.40;327.24;15.08;1258;44;5195.00;229
13671;44;624010740;13671;342;14931;15157;6.45;0.40;327.25;15.22;1260;44;5196.00;226
13677;44;624010756;13677;341;14933;15157;6.37;0.39;327.32;15.22;1256;44;5197.00;224
13681;44;624010772;13681;347;14934;15157;6.30;0.39;327.30;15.22;1253;44;5198.00;223
13685;44;624010787;13685;348;14938;15161;6.20;0.38;327.31;15.21;1253;44;5199.00;223
13687;44;624010804;13687;348;14938;15161;6.08;0.37;327.32;15.21;1251;44;5200.00;223
13690;44;624010824;13690;347;14938;15161;5.94;0.36;327.36;15.21;1248;44;5201.00;223
13693;44;624010842;13693;353;14941;15164;5.87;0.36;327.39;15.21;1248;44;5202.00;223
13700;44;624010858;13700;350;14942;15164;5.79;0.35;327.42;15.21;1242;44;5203.00;222
13701;44;624010875;13701;349;14944;15164;5.75;0.35;327.40;15.21;1243;44;5204.00;220
13703;44;624010891;13703;346;14949;15168;5.70;0.35;327.38;15.24;1246;44;5205.00;219
13707;44;624010908;13707;346;14951;15169;5.65;0.34;327.38;15.37;1244;44;5206.00;218
13709;44;624010923;13709;340;14953;15169;5.65;0.34;327.38;15.37;1244;44;5207.00;216
13710;44;624010940;13710;342;14956;15173;5.68;0.35;327.41;15.37;1246;44;5208.00;217
13711;44;624010957;13711;345;14956;15173;5.67;0.35;327.39;15.37;1245;44;5209.00;217
13714;44;624010972;13714;353;14956;15173;5.61;0.34;327.39;15.37;1242;44;5210.00;217
13720;44;624010987;13720;354;14957;15174;5.51;0.34;327.36;15.37;1237;44;5211.00;217
13720;44;624011002;13720;351;14957;15174;5.53;0.34;327.36;15.37;1237;44;5212.00;217
13722;44;624011017;13722;354;14962;15180;5.59;0.34;327.33;15.37;1240;44;5213.00;218
13724;44;624011034;13724;354;14962;15180;5.59;0.34;327.30;15.37;1238;44;5214.00;218
13727;44;624011048;13727;361;14962;15180;5.51;0.34;327.24;15.37;1235;44;5215.00;218
13730;44;624011063;13730;369;14962;15181;5.48;0.33;327.32;15.37;1232;44;5216.00;219
13732;44;624011077;13732;375;14963;15181;5.48;0.33;327.35;15.37;1231;44;5217.00;218
13735;44;624011092;13735;381;14963;15181;5.42;0.33;327.33;15.37;1228;44;5218.00;218
13739;44;624011106;13739;387;14963;15181;5.37;0.33;327.36;15.37;1224;44;5219.00;218
13741;44;624011126;13741;404;14981;15217;5.47;0.33;327.32;15.35;1240;44;5220.00;236
13745;44;624011142;13745;407;14982;15217;5.36;0.33;327.27;15.35;1237;44;5221.00;235
13748;44;624011154;13748;410;14985;15217;5.35;0.33;327.22;15.34;1237;44;5222.00;232
13750;44;624011167;13750;414;14986;15217;5.28;0.32;327.22;15.34;1236;44;5223.00;231
13750;44;624011179;13750;422;14987;15217;5.25;0.32;327.22;15.34;1237;44;5224.00;230
13751;44;624011192;13751;430;14988;15217;5.21;0.32;327.24;15.34;1237;44;5225.00;229
13754;44;624011204;13754;433;14991;15221;5.18;0.31;327.32;15.34;1237;44;5226.00;230
13756;44;624011217;13756;437;14991;15221;5.14;0.31;327.28;15.34;1235;44;5227.00;230
13756;44;624011230;13756;447;14995;15225;5.10;0.31;327.28;15.34;1239;44;5228.00;230
13756;44;624011242;13756;450;14996;15226;5.06;0.31;327.28;15.33;1240;44;5229.00;230
13756;44;624011255;13756;460;14998;15226;4.97;0.30;327.28;15.36;1242;44;5230.00;228
13757;44;624011268;13757;469;14998;15226;4.90;0.30;327.30;15.36;1241;44;5231.00;228
13758;44;624011280;13758;474;15010;15239;4.84;0.29;327.28;15.36;1252;44;5232.00;229
13759;44;624011293;13759;486;15011;15239;4.79;0.29;327.28;15.37;1252;44;5233.00;228
13759;44;624011306;13759;488;15011;15239;4.76;0.29;327.28;15.37;1252;44;5234.00;228
13760;44;624011317;13760;484;15012;15240;4.73;0.29;327.29;15.37;1252;44;5235.00;228
13760;44;624011330;13760;474;15014;15241;4.74;0.29;327.29;15.40;1254;44;5236.00;227
13762;44;624011343;13762;480;15014;15241;4.67;0.29;327.26;15.40;1252;44;5237.00;227
13763;44;624011355;13763;480;15018;15244;4.68;0.29;327.28;15.42;1255;44;5238.00;226
13767;44;624011368;13767;482;15020;15244;4.65;0.28;327.26;15.44;1253;44;5239.00;224
13767;44;624011436;13767;484;15022;15244;4.63;0.28;327.26;15.45;1255;44;5240.00;222
13768;44;624011449;13768;485;15023;15244;4.57;0.28;327.28;15.46;1255;44;5241.00;221
13769;44;624011468;13769;480;15028;15250;4.62;0.28;327.29;15.46;1259;44;5242.00;222
13771;44;624011480;13771;482;15030;15250;4.61;0.28;327.35;15.48;1259;44;5243.00;220
13773;44;624011498;13773;478;15031;15250;4.58;0.28;327.34;15.49;1258;44;5244.00;219
13773;44;624011511;13773;482;15033;15250;4.57;0.28;327.34;15.51;1260;44;5245.00;217
13773;44;624011523;13773;476;15034;15254;4.54;0.28;327.34;15.51;1261;44;5246.00;220
13775;44;624011535;13775;483;15037;15255;4.51;0.28;327.36;15.53;1262;44;5247.00;218
13777;44;624011548;13777;481;15039;15255;4.44;0.27;327.33;15.55;1262;44;5248.00;216
13778;44;624011565;13778;463;15040;15256;4.45;0.27;327.31;15.55;1262;44;5249.00;216
13781;44;624011579;13781;458;15040;15256;4.50;0.27;327.30;15.55;1259;44;5250.00;216
13782;44;624011592;13782;453;15040;15256;4.52;0.28;327.29;15.55;1258;44;5251.00;216
13782;44;624011604;13782;447;15043;15256;4.53;0.28;327.29;15.57;1261;44;5252.00;213
13785;44;624011617;13785;440;15043;15256;4.53;0.28;327.27;15.57;1258;44;5253.00;213
13785;44;624011630;13785;440;15046;15256;4.52;0.28;327.27;15.60;1261;44;5254.00;210
13789;44;624011642;13789;435;15046;15256;4.45;0.27;327.30;15.60;1257;44;5255.00;210
13790;44;624011655;13790;439;15078;15326;4.67;0.29;327.31;15.57;1288;44;5256.00;248
13793;44;624011673;13793;433;15084;15327;4.67;0.28;327.31;15.58;1291;44;5257.00;243
13794;44;624011686;13794;428;15093;15327;4.69;0.29;327.35;15.58;1299;44;5258.00;234
13796;44;624011700;13796;434;15096;15327;4.67;0.28;327.35;15.58;1300;44;5259.00;231
13798;44;624011713;13798;432;15101;15327;4.66;0.28;327.33;15.58;1303;44;5260.00;226
13799;44;624011726;13799;434;15104;15327;4.69;0.28;327.33;15.58;1305;44;5261.00;223
13801;44;624011739;13801;435;15107;15327;4.62;0.28;327.37;15.59;1306;44;5262.00;220
13804;44;624011751;13804;443;15108;15327;4.59;0.28;327.42;15.59;1304;44;5263.00;219
13809;44;624011764;13809;453;15112;15328;4.56;0.28;327.41;15.60;1303;44;5264.00;216
13812;44;624011778;13812;455;15118;15330;4.53;0.28;327.49;15.62;1306;44;5265.00;212
13816;44;624011792;13816;458;15120;15330;4.47;0.27;327.49;15.62;1304;44;5266.00;210
13818;44;624011806;13818;469;15123;15334;4.42;0.27;327.53;15.62;1305;44;5267.00;211
13822;44;624011820;13822;472;15125;15334;4.38;0.27;327.48;15.63;1303;44;5268.00;209
13827;44;624011833;13827;473;15125;15334;4.35;0.27;327.53;15.63;1298;44;5269.00;209
13832;44;624011846;13832;469;15127;15334;4.37;0.27;327.56;15.63;1295;44;5270.00;207
13835;44;624011859;13835;472;15131;15340;4.44;0.27;327.60;15.63;1296;44;5271.00;209
13837;44;624011874;13837;464;15133;15340;4.46;0.27;327.65;15.64;1296;44;5272.00;207
13839;44;624011887;13839;462;15134;15340;4.47;0.27;327.66;15.64;1295;44;5273.00;206
13841;44;624011901;13841;461;15136;15343;4.53;0.28;327.65;15.64;1295;44;5274.00;207
13846;44;624011915;13846;462;15136;15343;4.52;0.28;327.73;15.64;1290;44;5275.00;207
13848;44;624011929;13848;463;15136;15343;4.53;0.28;327.71;15.64;1288;44;5276.00;207
13851;44;624011943;13851;458;15137;15344;4.56;0.28;327.78;15.64;1286;44;5277.00;207
13855;44;624011957;13855;450;15138;15345;4.56;0.28;327.81;15.64;1283;44;5278.00;207
13857;44;624011972;13857;436;15138;15345;4.54;0.28;327.78;15.64;1281;44;5279.00;207
13861;44;624011987;13861;428;15155;15371;4.64;0.28;327.77;15.62;1294;44;5280.00;216
13864;44;624012003;13864;416;15157;15371;4.64;0.28;327.85;15.62;1293;44;5281.00;214
13866;44;624012017;13866;402;15161;15371;4.70;0.29;327.85;15.62;1295;44;5282.00;210
13868;44;624012031;13868;395;15161;15372;4.81;0.29;327.91;15.62;1293;44;5283.00;211
13872;44;624012049;13872;383;15162;15372;4.90;0.30;327.91;15.62;1290;44;5284.00;210
13879;44;624012072;13879;376;15165;15376;4.95;0.30;327.93;15.61;1286;44;5285.00;211
13880;44;624012096;13880;373;15165;15376;5.04;0.31;327.93;15.61;1285;44;5286.00;211
13884;44;624012121;13884;372;15167;15379;5.10;0.31;328.03;15.61;1283;44;5287.00;212
13887;44;624012145;13887;376;15167;15380;5.15;0.31;328.03;15.61;1280;44;5288.00;213
13892;44;624012165;13892;371;15167;15380;5.17;0.31;328.06;15.61;1275;44;5289.00;213
13896;44;624012181;13896;378;15167;15380;5.22;0.32;328.11;15.61;1271;44;5290.00;213
13900;44;624012197;13900;378;15168;15380;5.26;0.32;328.19;15.61;1268;44;5291.00;212
13905;44;624012213;13905;380;15177;15392;5.34;0.32;328.21;15.60;1272;44;5292.00;215
13908;44;624012230;13908;380;15178;15392;5.37;0.33;328.28;15.60;1270;44;5293.00;214
13912;44;624012246;13912;377;15178;15392;5.36;0.33;328.32;15.60;1266;44;5294.00;214
13914;44;624012264;13914;381;15178;15392;5.40;0.33;328.40;15.60;1264;44;5295.00;214
13918;44;624012279;13918;387;15178;15392;5.41;0.33;328.46;15.60;1260;44;5296.00;214
13921;44;624012295;13921;386;15178;15392;5.47;0.33;328.48;15.60;1257;44;5297.00;214
13926;44;624012311;13926;390;15178;15393;5.45;0.33;328.64;15.60;1252;44;5298.00;215
13931;44;624012326;13931;393;15178;15393;5.41;0.33;328.65;15.60;1247;44;5299.00;215
13934;44;624012343;13934;384;15184;15399;5.44;0.33;328.70;15.61;1250;44;5300.00;215
13937;44;624012364;13937;381;15185;15400;5.43;0.33;328.74;15.61;1248;44;5301.00;215
13943;44;624012379;13943;384;15185;15400;5.39;0.33;328.83;15.61;1242;44;5302.00;215
13946;44;624012394;13946;381;15185;15400;5.38;0.33;328.87;15.61;1239;44;5303.00;215
13949;44;624012409;13949;387;15188;15404;5.35;0.32;328.88;15.61;1239;44;5304.00;216
13954;44;624012424;13954;385;15192;15404;5.33;0.32;328.91;15.66;1238;44;5305.00;212
13956;44;624012439;13956;379;15193;15404;5.37;0.33;328.96;15.79;1237;44;5306.00;211
13958;44;624012455;13958;383;15196;15405;5.36;0.33;328.98;15.81;1238;44;5307.00;209
13963;44;624012472;13963;380;15197;15409;5.34;0.32;329.05;15.81;1234;44;5308.00;212
13966;44;624012487;13966;378;15197;15409;5.34;0.32;329.05;15.81;1231;44;5309.00;212
13970;44;624012504;13970;381;15202;15415;5.39;0.33;329.16;15.83;1232;44;5310.00;213
13974;44;624012520;13974;383;15203;15415;5.36;0.33;329.27;15.84;1229;44;5311.00;212
13976;44;624012535;13976;380;15205;15415;5.39;0.33;329.30;15.84;1229;44;5312.00;210
13979;44;624012550;13979;384;15207;15415;5.36;0.33;329.41;15.86;1228;44;5313.00;208
13983;44;624012564;13983;384;15212;15419;5.36;0.33;329.50;15.86;1229;44;5314.00;207
13987;44;624012579;13987;394;15214;15419;5.33;0.33;329.48;15.88;1227;44;5315.00;205
13990;44;624012596;13990;397;15215;15419;5.29;0.32;329.55;15.89;1225;44;5316.00;204
13992;44;624012610;13992;391;15215;15419;5.28;0.32;329.58;15.89;1223;44;5317.00;204
13994;44;624012625;13994;399;15216;15420;5.26;0.32;329.63;15.90;1222;44;5318.00;204
13999;44;624012641;13999;392;15218;15421;5.26;0.32;329.64;15.90;1219;44;5319.00;203
14001;44;624012657;14001;389;15218;15421;5.26;0.32;329.67;15.90;1217;44;5320.00;203
14004;44;624012676;14004;397;15221;15422;5.25;0.32;329.76;15.92;1217;44;5321.00;201
14009;44;624012692;14009;404;15221;15422;5.19;0.32;329.81;15.92;1212;44;5322.00;201
14011;44;624012706;14011;407;15222;15422;5.19;0.32;329.78;15.92;1211;44;5323.00;200
14016;44;624012722;14016;403;15224;15422;5.17;0.32;329.97;15.94;1208;44;5324.00;198
14019;44;624012737;14019;410;15224;15422;5.14;0.31;329.95;15.94;1205;44;5325.00;198
14022;44;624012751;14022;408;15226;15422;5.11;0.31;330.00;15.95;1204;44;5326.00;196
14026;44;624012766;14026;409;15227;15422;5.02;0.31;330.03;15.96;1201;44;5327.00;195
14028;44;624012788;14028;419;15292;15549;5.06;0.31;330.02;15.89;1264;44;5328.00;257
14030;44;624012813;14030;407;15295;15550;5.07;0.31;330.05;15.90;1265;44;5329.00;255
14036;44;624012828;14036;407;15302;15550;5.09;0.32;330.15;15.90;1266;44;5330.00;248
14038;44;624012843;14038;390;15307;15550;5.13;0.32;330.19;15.91;1269;44;5331.00;243
14039;44;624012858;14039;394;15312;15550;5.24;0.33;330.21;15.91;1273;44;5332.00;238
14040;44;624012874;14040;393;15315;15550;5.34;0.33;330.25;15.91;1275;44;5333.00;235
14041;44;624012890;14041;392;15318;15550;5.46;0.34;330.26;15.91;1277;44;5334.00;232
14045;44;624012912;14045;396;15322;15550;5.55;0.34;330.37;15.91;1277;44;5335.00;228
14049;44;624012927;14049;391;15325;15551;5.64;0.35;330.45;15.92;1276;45;5336.00;226
14053;44;624012954;14053;390;15333;15552;5.73;0.35;330.54;15.92;1280;45;5337.00;219
14059;44;624012972;14059;393;15334;15552;5.76;0.35;330.59;15.92;1275;45;5338.00;218
14061;44;624012987;14061;393;15340;15553;5.73;0.35;330.59;15.92;1279;45;5339.00;213
14063;44;624013005;14063;395;15341;15553;5.73;0.35;330.64;15.92;1278;45;5340.00;212
14067;44;624013021;14067;396;15343;15553;5.72;0.35;330.65;15.92;1276;45;5341.00;210
14070;44;624013047;14070;408;15344;15553;5.67;0.35;330.71;15.92;1274;45;5342.00;209
14079;44;624013062;14079;409;15351;15557;5.59;0.34;330.83;15.92;1272;45;5343.00;206
14081;44;624013079;14081;410;15353;15557;5.58;0.34;330.85;15.92;1272;45;5344.00;204
14085;44;624013095;14085;416;15354;15557;5.55;0.34;330.88;15.92;1269;45;5345.00;203
14090;44;624013110;14090;425;15357;15560;5.52;0.34;331.02;15.92;1267;45;5346.00;203
14091;44;624013124;14091;422;15358;15560;5.53;0.34;331.05;15.92;1267;45;5347.00;202
14092;44;624013139;14092;429;15359;15560;5.56;0.34;331.09;15.92;1267;45;5348.00;201
14094;44;624013153;14094;437;15361;15564;5.59;0.34;331.16;15.92;1267;45;5349.00;203
14099;44;624013169;14099;449;15363;15565;5.62;0.34;331.18;15.92;1264;45;5350.00;202
14099;44;624013184;14099;444;15364;15565;5.65;0.34;331.18;15.91;1265;45;5351.00;201
14103;44;624013198;14103;443;15367;15569;5.69;0.35;331.22;15.91;1264;45;5352.00;202
14106;44;624013212;14106;444;15367;15569;5.72;0.35;331.21;15.91;1261;45;5353.00;202
14107;44;624013227;14107;438;15367;15569;5.73;0.35;331.22;15.91;1260;45;5354.00;202
14108;44;624013242;14108;443;15368;15571;5.81;0.35;331.29;15.91;1260;45;5355.00;203
14113;44;624013256;14113;437;15368;15571;5.78;0.35;331.31;15.91;1255;45;5356.00;203
14114;44;624013270;14114;436;15373;15577;5.79;0.35;331.33;15.91;1259;45;5357.00;204
14116;44;624013285;14116;437;15373;15577;5.79;0.35;331.34;15.91;1257;45;5358.00;204
14117;44;624013299;14117;441;15373;15577;5.78;0.35;331.35;15.91;1256;45;5359.00;204
14118;44;624013313;14118;437;15373;15578;5.78;0.35;331.35;15.91;1255;45;5360.00;205
14121;44;624013327;14121;433;15373;15578;5.71;0.35;331.37;15.91;1252;45;5361.00;205
14121;44;624013341;14121;438;15373;15578;5.71;0.35;331.37;15.91;1252;45;5362.00;205
14127;44;624013355;14127;440;15373;15578;5.64;0.34;331.37;15.91;1246;45;5363.00;205
14132;44;624013368;14132;441;15382;15590;5.67;0.34;331.45;15.90;1250;45;5364.00;208
14133;44;624013383;14133;440;15382;15590;5.62;0.34;331.46;15.90;1249;45;5365.00;208
14134;44;624013397;14134;431;15383;15590;5.62;0.34;331.44;15.90;1249;45;5366.00;207
14138;44;624013416;14138;433;15383;15590;5.63;0.34;331.52;15.90;1245;45;5367.00;207
14140;44;624013430;14140;436;15383;15590;5.59;0.34;331.50;15.90;1243;45;5368.00;207
14143;44;624013443;14143;431;15383;15590;5.60;0.34;331.48;15.90;1240;45;5369.00;207
14147;44;624013458;14147;431;15384;15594;5.59;0.34;331.44;15.89;1237;45;5370.00;210
14149;44;624013472;14149;437;15384;15594;5.52;0.34;331.42;15.89;1235;45;5371.00;210
14152;44;624013491;14152;433;15388;15598;5.51;0.34;331.39;15.89;1236;45;5372.00;210
14158;44;624013505;14158;435;15389;15599;5.44;0.33;331.36;15.89;1231;45;5373.00;210
14159;44;624013521;14159;427;15389;15599;5.38;0.33;331.35;15.89;1230;45;5374.00;210
14161;44;624013536;14161;420;15390;15599;5.36;0.33;331.32;15.90;1229;45;5375.00;209
14162;44;624013551;14162;424;15402;15612;5.40;0.33;331.33;16.03;1240;45;5376.00;210
14165;44;624013574;14165;427;15402;15612;5.37;0.33;331.27;16.03;1237;45;5377.00;210
14171;44;624013587;14171;432;15402;15612;5.35;0.33;331.23;16.03;1231;45;5378.00;210
14172;44;624013601;14172;436;15403;15613;5.38;0.33;331.23;16.03;1231;45;5379.00;210
14174;44;624013614;14174;433;15403;15614;5.37;0.33;331.24;16.03;1229;45;5380.00;211
14177;44;624013630;14177;435;15403;15614;5.33;0.32;331.22;16.03;1226;45;5381.00;211
14180;44;624013643;14180;434;15405;15617;5.33;0.32;331.21;16.03;1225;45;5382.00;212
14182;44;624013656;14182;440;15406;15617;5.33;0.32;331.20;16.02;1224;45;5383.00;211
14184;44;624013670;14184;441;15406;15617;5.32;0.32;331.18;16.02;1222;45;5384.00;211
14185;44;624013684;14185;442;15406;15617;5.30;0.32;331.17;16.02;1221;45;5385.00;211
14185;44;624013697;14185;447;15411;15623;5.28;0.32;331.17;16.02;1226;45;5386.00;212
14187;44;624013710;14187;435;15411;15623;5.27;0.32;331.20;16.02;1224;45;5387.00;212
14189;44;624013723;14189;427;15411;15623;5.29;0.32;331.18;16.02;1222;45;5388.00;212
14191;44;624013735;14191;429;15411;15623;5.24;0.32;331.16;16.02;1220;45;5389.00;212
14192;44;624013749;14192;434;15412;15627;5.23;0.32;331.20;16.02;1220;45;5390.00;215
14193;44;624013762;14193;427;15413;15628;5.21;0.32;331.18;16.02;1220;45;5391.00;215
14194;44;624013775;14194;427;15414;15628;5.19;0.32;331.18;16.02;1220;45;5392.00;214
14195;44;624013789;14195;426;15415;15629;5.16;0.31;331.19;16.02;1220;45;5393.00;214
14198;44;624013810;14198;431;15415;15629;5.14;0.31;331.16;16.02;1217;45;5394.00;214
14200;44;624013825;14200;432;15415;15629;5.14;0.31;331.15;16.02;1215;45;5395.00;214
14203;44;624013839;14203;430;15416;15629;5.10;0.31;331.18;16.03;1213;45;5396.00;213
14204;44;624013853;14204;431;15416;15629;5.09;0.31;331.18;16.03;1212;45;5397.00;213
14204;44;624013867;14204;435;15416;15629;5.13;0.31;331.18;16.03;1212;45;5398.00;213
14205;44;624013881;14205;444;15417;15629;5.09;0.31;331.17;16.04;1212;45;5399.00;212
