step_arrived;step_collisions;step_duration;step_ended;step_halting;step_inserted;step_loaded;step_meanSpeed;step_meanSpeedRelative;step_meanTravelTime;step_meanWaitingTime;step_running;step_teleports;step_time;step_waiting
0;0;624920300;0;1;88;245;15.85;1.12;-1.00;0.00;88;0;0.00;157
0;0;624920329;0;1;101;245;14.88;1.04;-1.00;0.13;101;0;1.00;144
0;0;624920330;0;2;121;245;13.96;0.96;-1.00;0.44;121;0;2.00;124
0;0;624920331;0;2;133;245;13.09;0.89;-1.00;0.67;133;0;3.00;112
0;0;624920332;0;5;149;245;12.13;0.82;-1.00;1.03;149;0;4.00;96
0;0;624920334;0;7;156;245;11.30;0.76;-1.00;1.21;156;0;5.00;89
0;0;624920336;0;11;167;245;10.64;0.71;-1.00;1.52;167;0;6.00;78
0;0;624920337;0;16;175;245;10.10;0.67;-1.00;1.77;175;0;7.00;70
0;0;624920339;0;18;185;246;9.60;0.64;-1.00;2.11;185;0;8.00;61
0;0;624920342;0;23;189;247;9.32;0.62;-1.00;2.25;189;0;9.00;58
0;0;624920344;0;29;197;247;8.96;0.59;-1.00;2.57;197;0;10.00;50
0;0;624920346;0;32;203;248;8.73;0.58;-1.00;2.77;203;0;11.00;45
1;0;624920348;1;31;209;248;8.61;0.56;12.00;3.03;208;0;12.00;39
1;0;624920350;1;35;211;248;8.45;0.55;12.00;3.13;210;0;13.00;37
2;0;624920353;2;38;216;248;8.45;0.55;13.00;3.38;214;0;14.00;32
2;0;624920355;2;40;220;252;8.42;0.54;13.00;3.46;218;0;15.00;32
2;0;624920358;2;43;223;252;8.58;0.55;13.00;3.63;221;0;16.00;29
2;0;624920360;2;48;226;252;8.53;0.55;13.00;3.78;224;0;17.00;26
2;0;624920363;2;53;231;255;8.53;0.54;13.00;4.03;229;0;18.00;24
2;0;624920366;2;57;233;255;8.64;0.55;13.00;4.08;231;0;19.00;22
3;1;624920369;3;62;236;255;8.72;0.55;15.33;4.28;233;1;20.00;19
4;1;624920386;4;67;244;259;8.84;0.56;16.75;4.44;240;1;21.00;15
5;1;624920389;5;69;245;260;8.97;0.56;17.80;4.43;240;1;22.00;15
6;1;624920392;6;74;247;260;8.96;0.56;18.50;4.58;241;1;23.00;13
6;1;624920395;6;82;252;264;9.04;0.57;18.50;4.58;246;1;24.00;12
6;1;624920398;6;85;254;264;9.11;0.57;18.50;4.67;248;1;25.00;10
7;1;624920401;7;87;255;264;9.24;0.58;19.57;4.76;248;1;26.00;9
7;1;624920404;7;88;257;265;9.31;0.58;19.57;4.93;250;1;27.00;8
7;1;624920408;7;89;257;265;9.24;0.57;19.57;4.93;250;1;28.00;8
7;1;624920411;7;91;263;271;9.16;0.57;19.57;4.95;256;1;29.00;8
7;1;624920416;7;92;264;271;9.00;0.56;19.57;5.04;257;1;30.00;7
8;1;624920419;8;95;267;272;8.79;0.54;20.63;5.12;259;1;31.00;5
8;1;624920423;8;98;267;272;8.75;0.54;20.63;5.12;259;1;32.00;5
9;1;624920426;9;101;269;272;8.67;0.53;22.00;5.12;260;1;33.00;3
9;1;624920430;9;102;269;272;8.65;0.53;22.00;5.12;260;1;34.00;3
9;1;624920433;9;104;269;272;8.67;0.53;22.00;5.12;260;1;35.00;3
11;1;624920437;11;110;280;284;8.79;0.54;24.00;4.92;269;1;36.00;4
11;1;624920440;11;113;280;284;8.79;0.54;24.00;4.92;269;1;37.00;4
11;1;624920444;11;115;281;284;8.81;0.55;24.00;4.91;270;1;38.00;3
12;1;624920448;12;117;281;284;8.70;0.54;24.67;4.91;269;1;39.00;3
13;1;624920453;13;120;281;284;8.66;0.54;25.46;4.91;268;1;40.00;3
13;1;624920456;13;122;281;284;8.64;0.54;25.46;4.91;268;1;41.00;3
14;1;624920459;14;126;285;288;8.61;0.54;26.36;4.86;271;1;42.00;3
14;1;624920462;14;127;285;288;8.42;0.52;26.36;4.86;271;1;43.00;3
16;1;624920465;16;129;289;292;8.22;0.51;27.06;4.80;273;1;44.00;3
17;1;624920469;17;132;291;294;8.03;0.50;28.00;4.77;274;1;45.00;3
17;1;624920472;17;137;291;294;7.78;0.49;28.00;4.77;274;1;46.00;3
18;1;624920474;18;135;291;294;7.62;0.48;29.06;4.77;273;1;47.00;3
18;1;624920477;18;138;302;307;7.96;0.50;29.06;4.60;284;1;48.00;5
20;1;624920481;20;141;302;307;7.85;0.49;30.70;4.60;282;1;49.00;5
20;1;624920485;20;141;302;307;7.75;0.48;30.70;4.60;282;1;50.00;5
20;1;624920487;20;142;303;308;7.71;0.48;30.70;4.58;283;1;51.00;5
22;1;624920490;22;143;304;309;7.57;0.47;32.41;4.57;282;1;52.00;5
22;1;624920493;22;147;304;309;7.54;0.47;32.41;4.57;282;1;53.00;5
22;1;624920495;22;149;306;312;7.54;0.46;32.41;4.54;284;1;54.00;6
23;1;624920498;23;152;306;312;7.46;0.46;33.30;4.54;283;1;55.00;6
25;1;624920501;25;141;307;312;7.43;0.45;34.20;4.53;282;1;56.00;5
28;1;624920506;28;139;307;312;7.32;0.45;35.36;4.53;279;1;57.00;5
30;1;624920509;30;137;312;318;7.35;0.45;36.03;4.48;282;1;58.00;6
30;1;624920514;30;141;312;318;7.33;0.45;36.03;4.48;282;1;59.00;6
30;1;624920519;30;143;312;318;7.31;0.45;36.03;4.48;282;1;60.00;6
30;1;624920524;30;145;312;318;7.40;0.45;36.03;4.48;282;1;61.00;6
30;1;624920527;30;149;316;322;7.51;0.46;36.03;4.43;286;1;62.00;6
30;1;624920531;30;151;317;323;7.69;0.47;36.03;4.42;287;1;63.00;6
31;1;624920533;31;151;317;323;7.81;0.48;36.84;4.42;286;1;64.00;6
32;1;624920536;32;151;318;324;7.80;0.48;36.41;4.41;286;1;65.00;6
33;1;624920539;33;151;318;324;7.75;0.47;37.30;4.41;285;1;66.00;6
33;1;624920542;33;141;318;324;7.80;0.48;37.30;4.41;285;1;67.00;6
33;1;624920545;33;136;318;324;7.86;0.48;37.30;4.41;285;1;68.00;6
33;1;624920548;33;134;318;324;7.95;0.49;37.30;4.41;285;1;69.00;6
33;1;624920552;33;131;318;324;8.05;0.49;37.30;4.41;285;1;70.00;6
34;1;624920556;34;128;318;324;8.16;0.50;38.06;4.41;284;1;71.00;6
35;1;624920559;35;131;352;394;8.37;0.52;38.86;3.98;317;1;72.00;42
36;1;624920569;36;125;353;395;8.51;0.52;39.22;3.97;317;1;73.00;42
36;1;624920573;36;118;360;395;8.88;0.54;39.22;3.94;324;1;74.00;35
36;1;624920576;36;116;364;395;9.12;0.56;39.22;3.93;328;1;75.00;31
36;1;624920579;36;114;366;395;9.39;0.57;39.22;3.93;330;1;76.00;29
37;1;624920582;37;114;368;395;9.58;0.58;40.24;3.93;331;1;77.00;27
38;1;624920586;38;116;370;395;9.68;0.59;41.21;3.94;332;1;78.00;25
38;1;624920590;38;115;372;395;9.79;0.59;41.21;3.96;334;1;79.00;23
41;1;624920599;41;115;374;396;9.74;0.59;43.63;3.98;333;1;80.00;22
41;1;624920603;41;119;377;397;9.77;0.59;43.63;4.02;336;1;81.00;20
41;1;624920607;41;119;379;397;9.79;0.59;43.63;4.03;338;1;82.00;18
41;1;624920615;41;119;384;401;9.74;0.59;43.63;4.02;343;1;83.00;17
41;1;624920620;41;124;385;401;9.75;0.59;43.63;4.02;344;1;84.00;16
41;1;624920623;41;124;385;401;9.63;0.59;43.63;4.02;344;1;85.00;16
41;1;624920627;41;123;385;401;9.55;0.58;43.63;4.02;344;1;86.00;16
43;1;624920631;43;123;390;407;9.47;0.58;45.56;3.98;347;1;87.00;17
43;1;624920635;43;124;390;407;9.38;0.57;45.56;3.98;347;1;88.00;17
43;1;624920639;43;125;390;407;9.36;0.57;45.56;3.98;347;1;89.00;17
44;1;624920645;44;128;394;413;9.29;0.57;46.57;3.94;350;1;90.00;19
45;1;624920649;45;130;394;413;9.23;0.56;47.56;3.94;349;1;91.00;19
47;1;624920652;47;129;396;413;9.17;0.56;49.45;3.93;349;1;92.00;17
49;1;624920656;49;131;397;414;9.10;0.56;51.22;3.92;348;1;93.00;17
51;1;624920660;51;132;398;415;9.09;0.56;52.90;3.91;347;1;94.00;17
52;1;624920664;52;131;398;415;9.05;0.56;53.71;3.91;346;1;95.00;17
54;1;624920668;54;133;409;428;8.97;0.55;55.28;3.81;355;1;96.00;19
55;1;624920673;55;129;409;428;9.05;0.56;55.95;3.81;354;1;97.00;19
57;1;624920676;57;131;409;428;9.05;0.56;57.42;3.81;352;1;98.00;19
59;1;624920680;59;129;410;429;9.12;0.56;58.69;3.80;351;1;99.00;19
63;1;624920687;63;128;410;429;9.16;0.56;59.94;3.80;347;1;100.00;19
67;1;624920696;67;126;413;433;9.28;0.57;62.31;3.78;346;1;101.00;20
67;1;624920701;67;119;413;433;9.45;0.58;62.31;3.78;346;1;102.00;20
68;1;624920705;68;115;420;437;9.42;0.57;62.60;4.15;352;1;103.00;17
68;1;624920710;68;108;420;437;9.65;0.59;62.60;4.15;352;1;104.00;17
68;1;624920715;68;105;420;437;9.88;0.60;62.60;4.15;352;1;105.00;17
68;1;624920719;68;101;420;437;10.07;0.61;62.60;4.15;352;1;106.00;17
70;1;624920723;70;93;420;437;10.15;0.62;63.79;4.15;350;1;107.00;17
71;1;624920728;71;87;430;449;10.34;0.63;64.37;4.06;359;1;108.00;19
71;1;624920733;71;84;431;449;10.52;0.64;64.37;4.05;360;1;109.00;18
72;1;624920738;72;76;432;449;10.71;0.65;64.92;4.05;360;1;110.00;17
73;1;624920742;73;74;432;449;10.87;0.66;65.55;4.05;359;1;111.00;17
74;1;624920747;74;71;432;449;10.97;0.67;65.69;4.05;358;1;112.00;17
74;1;624920752;74;70;432;449;11.10;0.68;65.69;4.05;358;1;113.00;17
75;1;624920757;75;68;433;450;11.23;0.68;66.32;4.04;358;1;114.00;17
75;1;624920762;75;68;433;450;11.31;0.69;66.32;4.04;358;1;115.00;17
76;1;624920767;76;67;438;456;11.40;0.69;66.97;4.00;362;1;116.00;18
77;1;624920773;77;67;441;457;11.25;0.68;67.62;4.45;364;1;117.00;16
78;1;624920778;78;68;442;457;11.11;0.68;68.27;4.44;364;1;118.00;15
78;1;624920783;78;71;443;457;10.98;0.67;68.27;4.70;365;1;119.00;14
79;1;624920790;79;74;448;462;10.90;0.66;68.90;4.75;369;1;120.00;14
79;1;624920800;79;80;449;462;10.88;0.66;68.90;4.90;370;1;121.00;13
79;1;624920810;79;77;450;462;10.81;0.66;68.90;5.00;371;1;122.00;12
81;1;624920817;81;79;453;463;10.79;0.66;70.20;5.25;372;1;123.00;10
82;1;624920827;82;81;458;467;10.71;0.65;70.83;5.32;376;1;124.00;9
84;1;624920835;84;82;459;467;10.74;0.66;71.70;5.42;375;1;125.00;8
84;1;624920844;84;83;463;470;10.92;0.67;71.70;5.58;379;1;126.00;7
85;1;624920854;85;86;465;470;11.03;0.68;72.11;5.61;380;1;127.00;5
86;1;624920862;86;88;467;470;11.19;0.69;72.34;5.74;381;1;128.00;3
87;1;624920871;87;91;467;470;11.33;0.69;72.82;5.74;380;1;129.00;3
87;1;624920879;87;92;472;474;11.47;0.70;72.82;5.76;385;1;130.00;2
89;1;624920887;89;93;473;474;11.47;0.71;73.31;5.82;384;1;131.00;1
92;1;624920897;92;95;473;474;11.55;0.71;74.42;5.82;381;1;132.00;1
94;1;624920905;94;96;473;474;11.59;0.72;74.48;5.82;379;1;133.00;1
96;1;624920914;96;99;475;475;11.55;0.71;75.20;5.83;379;1;134.00;0
96;1;624920920;96;98;477;477;11.64;0.72;75.20;5.80;381;1;135.00;0
98;1;624920926;98;99;477;477;11.68;0.72;76.07;5.80;379;1;136.00;0
99;1;624920934;99;100;478;478;11.66;0.72;76.61;5.79;379;1;137.00;0
101;2;624920940;101;104;478;478;11.68;0.72;76.75;5.79;377;2;138.00;0
102;2;624920962;102;104;478;478;11.73;0.72;77.30;5.79;376;2;139.00;0
106;2;624920969;106;107;478;478;11.71;0.72;78.91;5.79;372;2;140.00;0
108;2;624920976;108;109;478;478;11.60;0.71;79.91;5.79;370;2;141.00;0
108;2;624920982;108;111;478;478;11.60;0.71;79.91;5.79;370;2;142.00;0
110;2;624920988;110;112;478;478;11.50;0.71;81.02;5.79;368;2;143.00;0
112;2;624920994;112;132;552;605;11.24;0.71;82.13;5.02;440;2;144.00;53
113;2;624921010;113;126;559;606;11.15;0.70;82.69;4.97;446;2;145.00;47
116;2;624921017;116;124;567;606;11.08;0.70;83.83;4.93;451;2;146.00;39
117;2;624921025;117;121;570;606;10.92;0.69;84.37;4.92;453;2;147.00;36
119;2;624921033;119;124;575;606;10.87;0.68;84.43;4.91;456;2;148.00;31
122;2;624921040;122;121;575;606;10.74;0.67;85.90;4.91;453;2;149.00;31
123;2;624921049;123;122;580;611;10.63;0.66;86.41;4.90;457;2;150.00;31
125;2;624921061;125;122;583;611;10.61;0.66;87.42;4.91;458;2;151.00;28
127;2;624921069;127;119;585;612;10.67;0.66;88.44;4.92;458;2;152.00;27
128;2;624921077;128;121;588;613;10.75;0.67;88.92;4.94;460;2;153.00;25
130;2;624921083;130;123;591;613;10.80;0.67;88.81;4.97;461;2;154.00;22
130;2;624921090;130;127;594;614;10.82;0.67;88.81;4.98;464;2;155.00;20
134;2;624921096;134;130;599;614;10.70;0.66;90.22;5.01;465;2;156.00;15
135;2;624921102;135;129;600;614;10.68;0.66;90.71;5.02;465;2;157.00;14
136;2;624921109;136;133;601;614;10.70;0.67;91.20;5.03;465;2;158.00;13
138;2;624921115;138;138;605;618;10.58;0.66;91.87;5.03;467;2;159.00;13
141;2;624921122;141;144;606;618;10.35;0.64;91.71;5.05;465;2;160.00;12
142;2;624921128;142;146;607;618;10.15;0.63;91.94;5.07;465;2;161.00;11
143;2;624921135;143;145;610;621;10.01;0.62;92.39;5.10;467;2;162.00;11
145;2;624921141;145;144;611;621;9.87;0.61;93.37;5.13;466;2;163.00;10
146;2;624921146;146;148;612;621;9.78;0.61;93.84;5.15;466;2;164.00;9
148;2;624921151;148;151;617;625;9.61;0.60;93.93;5.18;469;2;165.00;8
148;2;624921158;148;149;620;626;9.63;0.60;93.93;5.23;472;2;166.00;6
153;2;624921163;153;148;621;626;9.52;0.59;94.94;5.24;468;2;167.00;5
156;2;624921169;156;154;625;630;9.41;0.58;95.10;5.23;469;2;168.00;5
158;2;624921175;158;157;628;630;9.33;0.58;95.86;5.22;470;2;169.00;2
160;2;624921181;160;150;628;630;9.26;0.57;96.10;5.22;468;2;170.00;2
161;2;624921187;161;152;629;631;9.24;0.57;96.42;5.22;468;2;171.00;2
161;2;624921193;161;150;629;631;9.22;0.57;96.42;5.22;468;2;172.00;2
161;2;624921198;161;146;635;637;9.34;0.58;96.42;5.18;474;2;173.00;2
162;2;624921204;162;140;635;637;9.30;0.57;96.86;5.18;473;2;174.00;2
164;2;624921209;164;136;636;638;9.35;0.58;96.62;5.17;472;2;175.00;2
164;2;624921216;164;138;636;638;9.36;0.58;96.62;5.17;472;2;176.00;2
166;2;624921222;166;137;638;638;9.37;0.57;96.11;5.22;472;2;177.00;0
166;2;624921227;166;128;638;638;9.43;0.58;96.11;5.22;472;2;178.00;0
167;2;624921235;167;125;638;638;9.45;0.58;96.58;5.22;471;2;179.00;0
167;2;624921242;167;124;668;672;9.55;0.59;96.58;4.98;501;2;180.00;4
170;2;624921250;170;116;668;672;9.47;0.58;97.09;4.98;498;2;181.00;4
170;2;624921257;170;117;671;672;9.51;0.59;97.09;4.97;501;2;182.00;1
171;2;624921262;171;117;671;672;9.39;0.58;97.23;4.97;500;2;183.00;1
172;2;624921268;172;124;672;672;9.33;0.57;97.73;4.97;500;2;184.00;0
173;2;624921273;173;130;672;672;9.29;0.57;97.96;4.97;499;2;185.00;0
175;2;624921279;175;133;676;676;9.27;0.57;98.26;4.94;501;2;186.00;0
175;2;624921286;175;141;676;676;9.26;0.57;98.26;4.94;501;2;187.00;0
177;2;624921291;177;146;680;680;9.18;0.56;98.52;4.92;503;2;188.00;0
182;2;624921297;182;151;681;681;9.00;0.55;99.01;4.91;499;2;189.00;0
183;2;624921303;183;158;681;681;8.86;0.54;98.79;4.91;498;2;190.00;0
183;2;624921315;183;167;681;681;8.86;0.55;98.79;4.91;498;2;191.00;0
186;2;624921321;186;177;694;694;8.93;0.55;98.94;4.82;508;2;192.00;0
190;2;624921328;190;183;694;694;8.87;0.54;98.94;4.82;504;2;193.00;0
191;2;624921334;191;187;694;694;8.88;0.54;99.05;4.82;503;2;194.00;0
192;2;624921339;192;189;695;695;8.86;0.54;99.17;4.82;503;2;195.00;0
194;2;624921347;194;192;696;696;8.76;0.54;99.04;4.81;502;2;196.00;0
195;2;624921353;195;194;696;696;8.71;0.53;98.69;4.81;501;2;197.00;0
197;2;624921359;197;196;698;699;8.72;0.53;98.22;4.80;501;2;198.00;1
198;2;624921365;198;198;698;699;8.54;0.52;98.01;4.80;500;2;199.00;1
199;2;624921371;199;202;699;699;8.42;0.52;97.79;4.79;500;2;200.00;0
199;2;624921381;199;204;699;699;8.22;0.50;97.79;4.79;500;2;201.00;0
203;2;624921386;203;206;705;705;8.03;0.49;98.33;4.76;502;2;202.00;0
205;2;624921393;205;209;705;705;7.87;0.48;97.79;4.76;500;2;203.00;0
207;2;624921398;207;214;705;705;7.75;0.48;97.44;4.76;498;2;204.00;0
211;2;624921404;211;224;705;705;7.55;0.46;97.46;4.76;494;2;205.00;0
213;2;624921410;213;224;709;709;7.53;0.46;97.77;4.74;496;2;206.00;0
213;2;624921416;213;230;710;710;7.51;0.46;97.77;4.73;497;2;207.00;0
214;2;624921422;214;232;710;710;7.45;0.46;97.93;4.73;496;2;208.00;0
214;2;624921428;214;239;711;711;7.35;0.45;97.93;4.73;497;2;209.00;0
215;2;624921435;215;243;711;711;7.28;0.45;98.11;4.73;496;2;210.00;0
218;2;624921440;218;250;711;711;7.14;0.44;97.93;4.73;493;2;211.00;0
219;2;624921446;219;254;711;711;7.03;0.43;98.42;4.73;492;2;212.00;0
220;2;624921452;220;255;711;711;6.95;0.43;98.29;4.73;491;2;213.00;0
220;2;624921457;220;260;711;711;6.90;0.42;98.29;4.73;491;2;214.00;0
220;2;624921463;220;261;711;711;6.79;0.42;98.29;4.73;491;2;215.00;0
222;2;624921469;222;276;753;781;6.97;0.43;99.16;4.46;531;2;216.00;28
222;2;624921481;222;266;755;782;7.01;0.43;99.16;4.45;533;2;217.00;27
223;2;624921487;223;257;762;782;7.11;0.44;99.66;4.43;539;2;218.00;20
224;2;624921493;224;236;763;782;7.17;0.44;100.20;4.43;539;2;219.00;19
225;2;624921499;225;222;767;782;7.35;0.45;100.70;4.43;542;2;220.00;15
226;2;624921506;226;214;768;782;7.54;0.46;100.96;4.43;542;2;221.00;14
228;2;624921513;228;215;771;782;7.70;0.47;101.98;4.43;543;2;222.00;11
229;2;624921523;229;211;774;782;7.90;0.48;102.50;4.44;545;2;223.00;8
229;2;624921534;229;210;776;783;8.02;0.49;102.50;4.45;547;2;224.00;7
231;2;624921550;231;211;780;785;8.03;0.49;102.70;4.47;549;2;225.00;5
232;2;624921566;232;199;783;785;8.15;0.50;103.22;4.48;551;2;226.00;2
232;2;624921581;232;191;788;789;8.28;0.51;103.22;4.47;556;2;227.00;1
233;2;624921589;233;181;789;789;8.46;0.52;103.40;4.47;556;2;228.00;0
233;2;624921598;233;179;789;789;8.66;0.53;103.40;4.47;556;2;229.00;0
238;2;624921605;238;173;789;789;8.87;0.54;104.45;4.47;551;2;230.00;0
238;2;624921613;238;170;795;795;9.12;0.56;104.45;4.44;557;2;231.00;0
239;2;624921622;239;164;795;795;9.34;0.57;104.94;4.44;556;2;232.00;0
241;2;624921630;241;159;795;795;9.52;0.58;105.23;4.44;554;2;233.00;0
243;2;624921638;243;154;797;798;9.77;0.60;105.36;4.43;554;2;234.00;1
245;2;624921646;245;151;797;798;10.01;0.61;105.80;4.43;552;2;235.00;1
245;2;624921654;245;142;798;798;10.23;0.63;105.80;4.43;553;2;236.00;0
247;2;624921662;247;138;799;799;10.38;0.63;106.15;4.42;552;2;237.00;0
249;2;624921670;249;131;800;800;10.52;0.64;106.72;4.42;551;2;238.00;0
249;2;624921679;249;130;800;800;10.62;0.65;106.72;4.42;551;2;239.00;0
254;2;624921688;254;134;824;826;10.56;0.65;108.22;4.29;570;2;240.00;2
258;2;624921698;258;125;824;826;10.63;0.65;109.36;4.29;566;2;241.00;2
261;2;624921705;261;119;825;826;10.75;0.66;109.59;4.29;564;2;242.00;1
265;2;624921713;265;114;827;827;10.88;0.66;110.27;4.28;562;2;243.00;0
270;2;624921721;270;111;827;827;10.92;0.67;111.64;4.28;557;2;244.00;0
270;2;624921729;270;113;831;831;11.05;0.67;111.64;4.26;561;2;245.00;0
271;2;624921737;271;110;831;831;11.13;0.68;112.10;4.26;560;2;246.00;0
272;2;624921744;272;109;835;835;11.14;0.68;112.07;4.25;563;2;247.00;0
275;2;624921752;275;104;835;835;11.26;0.68;113.20;4.25;560;2;248.00;0
278;2;624921759;278;104;835;835;11.35;0.69;113.58;4.25;557;2;249.00;0
279;2;624921766;279;103;835;835;11.54;0.70;113.81;4.25;556;2;250.00;0
282;2;624921773;282;100;835;835;11.67;0.71;114.47;4.25;553;2;251.00;0
283;2;624921781;283;100;846;847;11.80;0.72;114.66;4.19;563;2;252.00;1
287;2;624921788;287;101;846;847;11.83;0.72;115.39;4.19;559;2;253.00;1
289;2;624921796;289;101;847;847;11.93;0.73;115.85;4.19;558;2;254.00;0
290;2;624921803;290;102;847;847;12.10;0.74;116.30;4.19;557;2;255.00;0
290;2;624921810;290;105;847;847;12.19;0.74;116.30;4.19;557;2;256.00;0
292;2;624921817;292;107;847;847;12.26;0.75;116.65;4.19;555;2;257.00;0
292;2;624921824;292;108;848;848;12.22;0.74;116.65;4.19;556;2;258.00;0
295;2;624921831;295;108;848;848;12.18;0.74;116.70;4.19;553;2;259.00;0
297;3;624921839;297;109;854;854;12.08;0.73;116.69;4.16;557;3;260.00;0
297;3;624921863;297;110;855;855;12.07;0.73;116.69;4.16;558;3;261.00;0
301;3;624921870;301;109;855;855;11.99;0.73;117.27;4.16;554;3;262.00;0
301;3;624921877;301;108;855;855;11.96;0.73;117.27;4.16;554;3;263.00;0
304;3;624921884;304;112;859;859;11.87;0.72;118.09;4.14;555;3;264.00;0
308;3;624921892;308;112;859;859;11.82;0.72;119.05;4.14;551;3;265.00;0
308;3;624921899;308;118;859;859;11.86;0.72;119.05;4.14;551;3;266.00;0
309;3;624921906;309;118;860;860;11.90;0.72;119.29;4.14;551;3;267.00;0
312;3;624921913;312;119;864;864;11.82;0.72;119.78;4.12;552;3;268.00;0
315;3;624921921;315;114;864;864;11.79;0.72;120.53;4.12;549;3;269.00;0
320;3;624921931;320;112;868;870;11.74;0.71;120.78;4.10;548;3;270.00;2
322;3;624921939;322;108;868;870;11.70;0.71;121.37;4.10;546;3;271.00;2
323;3;624921946;323;102;870;870;11.78;0.71;121.61;4.10;547;3;272.00;0
326;3;624921953;326;98;870;870;11.84;0.72;122.19;4.10;544;3;273.00;0
329;3;624921961;329;94;874;874;11.95;0.72;122.46;4.08;545;3;274.00;0
331;3;624921968;331;90;874;874;12.06;0.73;122.73;4.08;543;3;275.00;0
334;3;624921975;334;86;874;874;12.18;0.74;122.81;4.08;540;3;276.00;0
337;3;624921982;337;82;874;874;12.27;0.74;123.74;4.08;537;3;277.00;0
339;3;624921989;339;81;875;875;12.34;0.75;123.69;4.08;536;3;278.00;0
340;3;624921995;340;77;876;876;12.47;0.76;124.11;4.08;536;3;279.00;0
344;3;624922002;344;73;876;876;12.43;0.75;124.33;4.08;532;3;280.00;0
344;3;624922010;344;73;877;877;12.40;0.75;124.33;4.07;533;3;281.00;0
347;3;624922016;347;69;877;877;12.32;0.75;124.23;4.07;530;3;282.00;0
349;3;624922022;349;70;877;877;12.28;0.75;124.01;4.07;528;3;283.00;0
351;3;624922029;351;76;877;877;12.29;0.75;123.89;4.07;526;3;284.00;0
352;3;624922036;352;76;877;877;12.30;0.75;123.93;4.07;525;3;285.00;0
353;3;624922043;353;82;877;877;12.26;0.74;124.36;4.07;524;3;286.00;0
354;3;624922054;354;82;877;877;12.20;0.74;124.61;4.07;523;3;287.00;0
355;3;624922061;355;104;948;1004;11.80;0.73;124.57;3.77;593;3;288.00;56
356;3;624922078;356;97;952;1005;11.78;0.73;125.02;3.76;596;3;289.00;53
356;3;624922085;356;90;958;1005;11.79;0.73;125.02;3.75;602;3;290.00;47
356;3;624922093;356;91;961;1005;11.71;0.72;125.02;3.75;605;3;291.00;44
358;3;624922100;358;97;965;1005;11.73;0.73;125.35;3.75;607;3;292.00;40
360;3;624922108;360;97;966;1005;11.68;0.72;125.34;3.75;606;3;293.00;39
362;3;624922115;362;97;971;1005;11.68;0.72;126.16;3.76;609;3;294.00;34
364;3;624922123;364;96;972;1005;11.65;0.72;126.16;3.76;608;3;295.00;33
366;3;624922131;366;96;975;1006;11.66;0.72;126.48;3.78;609;3;296.00;31
368;3;624922138;368;100;980;1007;11.67;0.72;127.17;3.80;612;3;297.00;27
370;3;624922146;370;101;983;1007;11.63;0.72;127.23;3.82;613;3;298.00;24
374;3;624922154;374;106;987;1008;11.52;0.71;127.10;3.85;613;3;299.00;21
375;3;624922164;375;110;991;1014;11.40;0.70;127.51;3.86;616;3;300.00;23
376;3;624922176;376;113;993;1014;11.26;0.69;127.93;3.88;617;3;301.00;21
376;3;624922184;376;119;997;1014;11.14;0.69;127.93;3.92;621;3;302.00;17
378;3;624922192;378;123;1003;1018;10.98;0.68;127.81;3.95;625;3;303.00;15
378;3;624922200;378;130;1004;1018;10.83;0.67;127.81;3.96;626;3;304.00;14
379;3;624922208;379;134;1006;1018;10.77;0.67;128.23;3.96;627;3;305.00;12
383;3;624922216;383;146;1011;1021;10.60;0.65;128.83;3.99;628;3;306.00;10
385;3;624922225;385;148;1012;1021;10.55;0.65;129.05;4.01;627;3;307.00;9
389;3;624922232;389;153;1013;1021;10.39;0.64;129.41;4.01;624;3;308.00;8
391;3;624922245;391;161;1016;1025;10.21;0.63;129.99;4.00;625;3;309.00;9
392;3;624922253;392;166;1017;1026;10.12;0.62;130.25;4.00;625;3;310.00;9
392;3;624922261;392;171;1018;1026;10.00;0.61;130.25;4.00;626;3;311.00;8
394;3;624922269;394;180;1024;1030;9.84;0.60;130.19;4.01;630;3;312.00;6
394;3;624922276;394;176;1024;1030;9.72;0.60;130.19;4.01;630;3;313.00;6
394;3;624922284;394;183;1027;1030;9.63;0.59;130.19;4.04;633;3;314.00;3
397;3;624922291;397;182;1030;1032;9.54;0.59;131.18;4.05;633;3;315.00;2
399;3;624922303;399;186;1030;1032;9.40;0.58;131.31;4.05;631;3;316.00;2
404;3;624922316;404;190;1037;1038;9.26;0.57;131.70;4.06;633;3;317.00;1
406;3;624922324;406;189;1037;1038;9.08;0.56;131.76;4.06;631;3;318.00;1
406;3;624922331;406;192;1038;1039;8.89;0.55;131.76;4.05;632;3;319.00;1
409;3;624922338;409;193;1039;1039;8.68;0.54;132.40;4.06;630;3;320.00;0
412;3;624922345;412;200;1039;1039;8.59;0.53;132.10;4.06;627;3;321.00;0
415;3;624922352;415;200;1039;1039;8.61;0.53;132.66;4.06;624;3;322.00;0
417;3;624922358;417;200;1039;1039;8.59;0.53;133.20;4.06;622;3;323.00;0
418;3;624922366;418;203;1050;1051;8.69;0.53;133.29;4.02;632;3;324.00;1
419;3;624922374;419;200;1050;1051;8.70;0.53;133.52;4.02;631;3;325.00;1
425;3;624922381;425;199;1051;1051;8.69;0.53;134.84;4.02;626;3;326.00;0
429;3;624922388;429;202;1051;1051;8.78;0.54;135.59;4.02;622;3;327.00;0
430;3;624922395;430;204;1051;1051;8.86;0.54;135.70;4.02;621;3;328.00;0
430;3;624922401;430;206;1051;1051;8.95;0.55;135.70;4.02;621;3;329.00;0
431;3;624922410;431;206;1055;1055;8.98;0.55;135.65;4.00;624;3;330.00;0
432;3;624922417;432;208;1055;1055;9.01;0.55;135.81;4.00;623;3;331.00;0
435;3;624922424;435;209;1059;1059;8.98;0.55;135.66;3.99;624;3;332.00;0
438;3;624922431;438;214;1060;1060;8.93;0.55;136.60;3.99;622;3;333.00;0
440;3;624922438;440;214;1060;1060;8.88;0.54;136.98;3.99;620;3;334.00;0
444;3;624922445;444;214;1060;1060;8.72;0.53;137.66;3.99;616;3;335.00;0
450;3;624922451;450;217;1073;1073;8.51;0.52;139.14;3.94;623;3;336.00;0
453;3;624922459;453;218;1073;1073;8.34;0.51;139.91;3.94;620;3;337.00;0
457;3;624922465;457;223;1073;1073;8.17;0.50;141.12;3.94;616;3;338.00;0
460;3;624922472;460;226;1074;1074;8.01;0.49;141.93;3.94;614;3;339.00;0
464;3;624922478;464;216;1075;1075;7.86;0.48;142.87;3.94;611;3;340.00;0
465;3;624922484;465;217;1075;1075;7.78;0.48;143.29;3.94;610;3;341.00;0
470;3;624922490;470;217;1078;1078;7.76;0.48;144.80;3.92;608;3;342.00;0
474;3;624922497;474;214;1078;1078;7.79;0.48;144.76;3.92;604;3;343.00;0
477;3;624922503;477;217;1078;1078;7.81;0.48;145.04;3.92;601;3;344.00;0
478;3;624922509;478;215;1078;1078;7.89;0.49;144.81;3.92;600;3;345.00;0
481;3;624922515;481;216;1084;1084;7.98;0.49;144.57;3.91;603;3;346.00;0
486;3;624922522;486;212;1084;1084;7.97;0.49;145.12;3.91;598;3;347.00;0
490;3;624922529;490;212;1084;1084;7.92;0.49;145.24;3.91;594;3;348.00;0
493;3;624922535;493;210;1084;1084;7.97;0.49;145.69;3.91;591;3;349.00;0
496;3;624922541;496;210;1088;1088;8.00;0.50;146.30;3.90;592;3;350.00;0
499;3;624922548;499;214;1089;1089;7.97;0.49;146.86;3.89;590;3;351.00;0
501;3;624922554;501;219;1089;1089;7.93;0.49;147.05;3.89;588;3;352.00;0
505;3;624922566;505;220;1090;1090;7.85;0.48;147.50;3.89;585;3;353.00;0
509;3;624922573;509;225;1090;1090;7.82;0.48;147.53;3.89;581;3;354.00;0
515;3;624922579;515;231;1090;1090;7.73;0.48;146.97;3.89;575;3;355.00;0
520;3;624922586;520;234;1090;1090;7.63;0.47;147.17;3.89;570;3;356.00;0
523;3;624922593;523;234;1090;1090;7.47;0.46;146.86;3.89;567;3;357.00;0
527;3;624922599;527;238;1090;1090;7.33;0.45;146.91;3.89;563;3;358.00;0
528;3;624922606;528;239;1090;1090;7.26;0.44;146.77;3.89;562;3;359.00;0
529;3;624922613;529;251;1153;1215;7.71;0.48;146.63;3.68;624;3;360.00;62
532;3;624922630;532;252;1162;1216;7.70;0.48;146.98;3.66;630;3;361.00;54
534;3;624922637;534;251;1176;1216;7.74;0.48;147.04;3.64;642;3;362.00;40
536;3;624922644;536;254;1178;1216;7.60;0.47;146.98;3.64;642;3;363.00;38
537;3;624922651;537;259;1184;1216;7.57;0.47;147.11;3.64;647;3;364.00;32
537;3;624922659;537;268;1186;1216;7.50;0.46;147.11;3.64;649;3;365.00;30
538;3;624922666;538;266;1194;1216;7.46;0.46;147.07;3.66;656;3;366.00;22
541;3;624922673;541;274;1197;1216;7.33;0.45;147.05;3.67;656;3;367.00;19
542;3;624922680;542;277;1202;1217;7.20;0.44;147.10;3.68;660;3;368.00;15
544;3;624922688;544;280;1204;1218;7.04;0.43;147.01;3.69;660;3;369.00;14
545;3;624922696;545;292;1211;1218;6.90;0.42;146.89;3.72;666;3;370.00;7
546;3;624922703;546;283;1218;1222;6.86;0.42;146.86;3.72;672;3;371.00;4
546;3;624922711;546;275;1218;1222;6.83;0.42;146.86;3.72;672;3;372.00;4
547;3;624922719;547;277;1218;1222;6.84;0.42;146.68;3.72;671;3;373.00;4
548;3;624922726;548;270;1219;1222;6.92;0.43;146.57;3.73;671;3;374.00;3
550;3;624922734;550;269;1225;1228;6.93;0.43;146.74;3.72;675;3;375.00;3
550;3;624922743;550;269;1225;1228;7.01;0.43;146.74;3.72;675;3;376.00;3
553;3;624922750;553;269;1226;1228;7.02;0.43;146.77;3.73;673;3;377.00;2
553;3;624922763;553;274;1228;1231;7.14;0.44;146.77;3.72;675;3;378.00;3
554;3;624922771;554;273;1228;1231;7.25;0.44;147.12;3.72;674;3;379.00;3
557;3;624922779;557;274;1229;1231;7.34;0.45;147.35;3.74;672;3;380.00;2
557;3;624922792;557;275;1230;1232;7.47;0.46;147.35;3.74;673;3;381.00;2
558;3;624922803;558;274;1232;1233;7.59;0.46;147.13;3.73;674;3;382.00;1
559;3;624922815;559;271;1233;1233;7.63;0.46;147.18;3.75;674;3;383.00;0
562;3;624922839;562;278;1245;1246;7.76;0.47;147.14;3.71;683;3;384.00;1
563;3;624922859;563;277;1245;1246;7.74;0.47;147.37;3.71;682;3;385.00;1
563;3;624922872;563;278;1246;1246;7.75;0.47;147.37;3.71;683;3;386.00;0
566;3;624922886;566;271;1246;1247;7.77;0.47;147.09;3.71;680;3;387.00;1
566;3;624922899;566;262;1247;1247;7.85;0.48;147.09;3.71;681;3;388.00;0
566;3;624922912;566;255;1250;1251;7.92;0.48;147.09;3.70;684;3;389.00;1
566;3;624922925;566;253;1250;1251;7.93;0.48;147.09;3.70;684;3;390.00;1
570;3;624922935;570;249;1255;1255;7.96;0.48;147.02;3.69;685;3;391.00;0
572;3;624922946;572;250;1255;1255;8.00;0.49;146.74;3.69;683;3;392.00;0
573;3;624922955;573;247;1255;1255;8.09;0.49;146.94;3.69;682;3;393.00;0
577;3;624922965;577;247;1255;1255;8.13;0.49;147.41;3.69;678;3;394.00;0
580;3;624922976;580;244;1255;1255;8.20;0.50;147.73;3.69;675;3;395.00;0
580;3;624922985;580;223;1265;1267;8.39;0.51;147.73;3.66;685;3;396.00;2
582;3;624922996;582;207;1266;1267;8.56;0.52;147.81;3.66;684;3;397.00;1
586;3;624923014;586;198;1267;1267;8.76;0.53;148.90;3.66;681;3;398.00;0
588;3;624923025;588;188;1267;1267;8.98;0.55;149.26;3.66;679;3;399.00;0
589;3;624923037;589;177;1267;1267;9.28;0.57;149.23;3.66;678;3;400.00;0
589;3;624923060;589;167;1267;1267;9.55;0.58;149.23;3.66;678;3;401.00;0
591;3;624923072;591;157;1268;1268;9.74;0.59;149.61;3.66;677;3;402.00;0
592;3;624923082;592;153;1268;1268;9.93;0.60;149.77;3.66;676;3;403.00;0
594;3;624923092;594;146;1274;1274;10.08;0.61;150.15;3.65;680;3;404.00;0
596;3;624923103;596;142;1276;1276;10.27;0.62;150.09;3.64;680;3;405.00;0
596;3;624923113;596;135;1276;1276;10.50;0.64;150.09;3.64;680;3;406.00;0
599;3;624923122;599;128;1276;1276;10.67;0.65;150.69;3.64;677;3;407.00;0
599;3;624923132;599;124;1280;1280;10.81;0.66;150.69;3.63;681;3;408.00;0
603;3;624923143;603;121;1280;1280;10.91;0.67;151.47;3.63;677;3;409.00;0
605;3;624923154;605;117;1280;1280;11.03;0.67;151.73;3.63;675;3;410.00;0
608;3;624923164;608;115;1281;1281;11.16;0.68;152.16;3.63;673;3;411.00;0
612;3;624923174;612;112;1285;1285;11.18;0.68;152.66;3.62;673;3;412.00;0
613;3;624923185;613;113;1285;1285;11.26;0.69;152.89;3.62;672;3;413.00;0
616;3;624923194;616;109;1287;1288;11.37;0.69;153.30;3.61;671;3;414.00;1
618;3;624923205;618;106;1287;1288;11.46;0.70;153.82;3.61;669;3;415.00;1
621;3;624923214;621;103;1288;1288;11.58;0.71;154.03;3.61;667;3;416.00;0
622;3;624923225;622;102;1288;1288;11.68;0.71;154.21;3.61;666;3;417.00;0
622;3;624923234;622;103;1292;1292;11.78;0.72;154.21;3.60;670;3;418.00;0
624;3;624923245;624;103;1292;1292;11.86;0.72;154.62;3.60;668;3;419.00;0
627;3;624923258;627;101;1292;1292;11.92;0.73;155.17;3.60;665;3;420.00;0
631;3;624923268;631;94;1292;1292;11.99;0.73;155.67;3.60;661;3;421.00;0
634;3;624923277;634;94;1293;1293;12.03;0.73;155.93;3.60;659;3;422.00;0
636;3;624923287;636;92;1294;1294;12.07;0.74;156.71;3.60;658;3;423.00;0
638;3;624923303;638;92;1294;1294;12.11;0.74;156.59;3.60;656;3;424.00;0
639;3;624923318;639;93;1295;1295;12.20;0.75;156.90;3.60;656;3;425.00;0
643;3;624923332;643;94;1295;1295;12.24;0.75;157.82;3.60;652;3;426.00;0
646;3;624923347;646;92;1295;1295;12.31;0.75;158.29;3.60;649;3;427.00;0
649;3;624923358;649;93;1295;1295;12.42;0.76;159.18;3.60;646;3;428.00;0
652;3;624923368;652;93;1295;1295;12.51;0.76;159.64;3.60;643;3;429.00;0
654;3;624923378;654;93;1295;1295;12.58;0.77;159.90;3.60;641;3;430.00;0
656;3;624923391;656;96;1295;1295;12.60;0.77;160.45;3.60;639;3;431.00;0
659;3;624923401;659;131;1376;1422;11.85;0.73;160.90;3.39;717;3;432.00;46
662;3;624923421;662;116;1376;1423;12.00;0.74;161.27;3.39;714;3;433.00;47
665;3;624923431;665;100;1382;1423;12.14;0.75;161.13;3.38;717;3;434.00;41
666;3;624923442;666;96;1384;1423;12.24;0.76;161.31;3.38;718;3;435.00;39
671;3;624923456;671;100;1389;1423;12.30;0.76;161.57;3.38;718;3;436.00;34
677;3;624923474;677;102;1393;1423;12.33;0.76;161.89;3.39;716;3;437.00;30
684;3;624923488;684;109;1395;1423;12.33;0.76;163.41;3.39;711;3;438.00;28
685;3;624923498;685;110;1397;1423;12.28;0.75;163.60;3.40;712;3;439.00;26
688;3;624923509;688;110;1399;1424;12.36;0.76;164.14;3.40;711;3;440.00;25
692;3;624923520;692;106;1402;1425;12.34;0.76;164.62;3.42;710;3;441.00;23
696;3;624923530;696;104;1405;1425;12.39;0.76;164.83;3.43;709;3;442.00;20
700;3;624923540;700;106;1410;1426;12.33;0.76;165.21;3.46;710;3;443.00;16
704;3;624923551;704;102;1412;1426;12.31;0.76;165.46;3.47;708;3;444.00;14
708;3;624923562;708;102;1414;1426;12.22;0.75;165.35;3.48;706;3;445.00;12
713;3;624923572;713;102;1418;1426;12.12;0.74;166.39;3.50;705;3;446.00;8
720;3;624923582;720;106;1421;1430;12.10;0.74;167.21;3.50;701;3;447.00;9
725;3;624923595;725;103;1422;1430;12.08;0.74;167.30;3.51;697;3;448.00;8
730;3;624923606;730;99;1423;1430;12.11;0.74;167.66;3.51;693;3;449.00;7
736;3;624923617;736;103;1426;1436;12.13;0.74;168.18;3.51;690;3;450.00;10
744;3;624923626;744;102;1427;1436;12.15;0.74;169.27;3.50;683;3;451.00;9
748;3;624923636;748;104;1430;1436;12.17;0.74;169.41;3.53;682;3;452.00;6
751;3;624923652;751;106;1435;1440;12.11;0.74;169.57;3.52;684;3;453.00;5
755;3;624923661;755;103;1437;1441;12.11;0.74;169.48;3.52;682;3;454.00;4
759;3;624923683;759;105;1437;1441;12.14;0.74;169.69;3.52;678;3;455.00;4
761;3;624923693;761;105;1440;1445;12.19;0.74;170.35;3.52;679;3;456.00;5
762;3;624923703;762;103;1440;1445;12.19;0.74;170.38;3.52;678;3;457.00;5
764;3;624923712;764;105;1440;1445;12.15;0.74;170.57;3.52;676;3;458.00;5
768;3;624923722;768;111;1441;1446;12.10;0.73;170.85;3.51;673;3;459.00;5
769;3;624923732;769;112;1443;1446;12.01;0.73;171.00;3.55;674;3;460.00;3
771;3;624923741;771;120;1447;1452;11.92;0.72;171.18;3.54;676;3;461.00;5
774;3;624923757;774;123;1447;1452;11.82;0.72;171.19;3.54;673;3;462.00;5
775;3;624923772;775;127;1449;1453;11.65;0.71;171.01;3.57;674;3;463.00;4
778;3;624923784;778;133;1449;1453;11.46;0.70;171.13;3.57;671;3;464.00;4
780;3;624923803;780;132;1450;1453;11.38;0.69;171.14;3.57;670;3;465.00;3
783;3;624923814;783;132;1450;1453;11.32;0.69;170.89;3.57;667;3;466.00;3
785;3;624923823;785;136;1450;1453;11.25;0.68;170.90;3.57;665;3;467.00;3
787;3;624923833;787;143;1460;1465;11.19;0.68;171.02;3.55;673;3;468.00;5
791;3;624923844;791;146;1460;1465;11.06;0.67;170.95;3.55;669;3;469.00;5
791;3;624923853;791;150;1461;1465;11.01;0.67;170.95;3.54;670;3;470.00;4
794;3;624923861;794;155;1462;1465;10.89;0.66;170.84;3.55;668;3;471.00;3
799;3;624923869;799;158;1463;1465;10.72;0.65;171.11;3.56;664;3;472.00;2
801;3;624923878;801;171;1464;1465;10.59;0.65;171.07;3.56;663;3;473.00;1
803;3;624923886;803;177;1467;1469;10.45;0.64;170.92;3.56;664;3;474.00;2
806;3;624923894;806;184;1468;1469;10.41;0.63;171.00;3.56;662;3;475.00;1
806;3;624923903;806;193;1472;1473;10.42;0.64;171.00;3.55;666;3;476.00;1
809;3;624923911;809;194;1474;1474;10.37;0.63;171.05;3.55;665;3;477.00;0
811;3;624923920;811;193;1474;1474;10.30;0.63;171.06;3.55;663;3;478.00;0
813;3;624923928;813;199;1474;1474;10.13;0.62;170.71;3.55;661;3;479.00;0
813;3;624923938;813;206;1495;1500;10.00;0.61;170.71;3.50;682;3;480.00;5
814;3;624923948;814;210;1496;1500;9.87;0.61;170.90;3.50;682;3;481.00;4
816;3;624923955;816;217;1499;1500;9.84;0.60;170.86;3.50;683;3;482.00;1
818;3;624923963;818;224;1501;1501;9.73;0.60;171.00;3.49;683;3;483.00;0
819;3;624923972;819;226;1502;1502;9.59;0.59;171.03;3.49;683;3;484.00;0
820;3;624923980;820;233;1502;1502;9.46;0.58;171.05;3.49;682;3;485.00;0
820;3;624923987;820;235;1504;1505;9.36;0.58;171.05;3.49;684;3;486.00;1
821;3;624924000;821;242;1504;1505;9.24;0.57;170.98;3.49;683;3;487.00;1
822;3;624924008;822;247;1505;1505;9.15;0.56;171.13;3.49;683;3;488.00;0
823;3;624924015;823;243;1505;1505;9.03;0.55;171.04;3.49;682;3;489.00;0
826;3;624924023;826;240;1511;1511;8.96;0.55;170.97;3.48;685;3;490.00;0
832;3;624924032;832;241;1511;1511;8.82;0.54;170.84;3.48;679;3;491.00;0
833;3;624924040;833;239;1511;1511;8.74;0.53;170.73;3.48;678;3;492.00;0
833;3;624924047;833;240;1511;1511;8.71;0.54;170.73;3.48;678;3;493.00;0
837;3;624924054;837;239;1515;1515;8.59;0.53;170.46;3.47;678;3;494.00;0
838;3;624924062;838;238;1517;1517;8.50;0.52;170.49;3.47;679;3;495.00;0
843;3;624924069;843;240;1517;1517;8.36;0.51;170.37;3.47;674;3;496.00;0
846;3;624924077;846;245;1518;1518;8.32;0.51;170.10;3.46;672;3;497.00;0
848;3;624924085;848;251;1518;1518;8.29;0.51;170.00;3.46;670;3;498.00;0
851;3;624924092;851;253;1518;1518;8.16;0.50;169.93;3.46;667;3;499.00;0
852;3;624924100;852;256;1518;1518;8.02;0.49;169.90;3.46;666;3;500.00;0
854;3;624924110;854;260;1518;1518;7.87;0.48;169.74;3.46;664;3;501.00;0
859;3;624924117;859;264;1518;1518;7.67;0.47;170.03;3.46;659;3;502.00;0
861;3;624924123;861;263;1518;1518;7.56;0.47;169.83;3.46;657;3;503.00;0
867;3;624924130;867;270;1563;1588;7.50;0.46;170.96;3.36;696;3;504.00;25
872;3;624924143;872;264;1564;1589;7.35;0.45;170.92;3.36;692;3;505.00;25
873;3;624924150;873;261;1571;1589;7.37;0.46;171.13;3.36;698;3;506.00;18
878;3;624924157;878;262;1574;1589;7.32;0.45;171.60;3.36;696;3;507.00;15
880;3;624924164;880;259;1578;1589;7.29;0.45;171.76;3.36;698;3;508.00;11
882;3;624924170;882;262;1580;1589;7.19;0.44;172.01;3.36;698;3;509.00;9
884;3;624924178;884;254;1582;1589;7.17;0.44;172.59;3.36;698;3;510.00;7
888;3;624924185;888;251;1584;1589;7.14;0.44;173.41;3.37;696;3;511.00;5
891;3;624924197;891;257;1587;1590;7.14;0.44;173.24;3.38;696;3;512.00;3
895;3;624924204;895;253;1589;1591;7.07;0.44;173.72;3.38;694;3;513.00;2
899;3;624924211;899;246;1589;1591;7.05;0.43;174.12;3.38;690;3;514.00;2
901;3;624924218;901;252;1593;1595;7.03;0.43;174.06;3.37;692;3;515.00;2
905;3;624924226;905;255;1593;1595;6.99;0.43;174.61;3.37;688;3;516.00;2
907;3;624924233;907;261;1594;1595;7.06;0.43;174.63;3.38;687;3;517.00;1
911;3;624924241;911;260;1594;1595;7.12;0.43;175.02;3.38;683;3;518.00;1
912;3;624924253;912;259;1600;1601;7.28;0.44;174.92;3.37;688;3;519.00;1
915;3;624924261;915;262;1600;1601;7.38;0.45;175.04;3.37;685;3;520.00;1
919;3;624924268;919;257;1601;1601;7.45;0.45;175.43;3.37;682;3;521.00;0
920;3;624924276;920;253;1604;1604;7.45;0.45;175.65;3.37;684;3;522.00;0
922;3;624924284;922;236;1604;1604;7.44;0.45;176.23;3.37;682;3;523.00;0
924;3;624924292;924;225;1604;1604;7.46;0.45;176.24;3.37;680;3;524.00;0
927;3;624924300;927;219;1605;1605;7.46;0.45;176.79;3.37;678;3;525.00;0
930;3;624924308;930;217;1606;1606;7.56;0.46;177.15;3.36;676;3;526.00;0
935;3;624924316;935;221;1606;1606;7.62;0.46;176.77;3.36;671;3;527.00;0
938;3;624924324;938;217;1619;1619;7.84;0.48;176.93;3.34;681;3;528.00;0
943;3;624924332;943;219;1619;1619;7.83;0.48;177.01;3.34;676;3;529.00;0
945;3;624924347;945;220;1619;1619;7.92;0.48;176.99;3.34;674;3;530.00;0
948;3;624924355;948;217;1620;1620;7.98;0.49;177.42;3.34;672;3;531.00;0
951;3;624924369;951;220;1620;1620;7.97;0.48;177.64;3.34;669;3;532.00;0
954;3;624924383;954;222;1624;1624;8.07;0.49;177.83;3.33;670;3;533.00;0
957;3;624924392;957;224;1624;1624;8.04;0.49;178.13;3.33;667;3;534.00;0
958;3;624924400;958;224;1628;1628;8.11;0.49;178.35;3.32;670;3;535.00;0
962;3;624924409;962;224;1628;1628;8.07;0.49;178.34;3.32;666;3;536.00;0
965;3;624924418;965;224;1628;1628;8.03;0.49;178.86;3.32;663;3;537.00;0
966;3;624924427;966;227;1628;1628;8.07;0.49;178.89;3.32;662;3;538.00;0
971;3;624924434;971;228;1628;1628;8.01;0.49;179.14;3.32;657;3;539.00;0
974;3;624924445;974;235;1658;1662;8.12;0.50;179.09;3.26;684;3;540.00;4
977;3;624924456;977;228;1659;1662;8.12;0.50;179.08;3.26;682;3;541.00;3
979;3;624924464;979;227;1661;1662;8.17;0.50;179.31;3.26;682;3;542.00;1
980;3;624924473;980;225;1661;1662;8.24;0.50;179.38;3.26;681;3;543.00;1
983;3;624924481;983;223;1662;1662;8.29;0.51;179.74;3.26;679;3;544.00;0
987;3;624924490;987;217;1662;1662;8.31;0.51;179.75;3.26;675;3;545.00;0
989;3;624924498;989;218;1663;1663;8.33;0.51;179.69;3.26;674;3;546.00;0
992;3;624924507;992;219;1663;1663;8.33;0.51;179.54;3.26;671;3;547.00;0
994;3;624924516;994;217;1669;1669;8.33;0.51;179.78;3.25;675;3;548.00;0
997;3;624924525;997;221;1670;1670;8.32;0.51;179.79;3.25;673;3;549.00;0
1001;3;624924534;1001;219;1670;1670;8.36;0.51;179.76;3.25;669;3;550.00;0
1004;3;624924543;1004;218;1670;1670;8.32;0.51;179.95;3.25;666;3;551.00;0
1007;3;624924554;1007;220;1674;1674;8.30;0.51;180.44;3.24;667;3;552.00;0
1010;3;624924565;1010;219;1674;1674;8.25;0.50;180.73;3.24;664;3;553.00;0
1012;3;624924574;1012;217;1674;1674;8.21;0.50;180.96;3.24;662;3;554.00;0
1014;3;624924582;1014;223;1675;1675;8.17;0.50;181.09;3.24;661;3;555.00;0
1016;3;624924591;1016;220;1679;1679;8.14;0.50;181.18;3.24;663;3;556.00;0
1017;3;624924601;1017;212;1679;1679;8.12;0.50;181.19;3.24;662;3;557.00;0
1018;3;624924611;1018;209;1681;1682;8.19;0.50;181.34;3.23;663;3;558.00;1
1018;3;624924620;1018;199;1681;1682;8.21;0.50;181.34;3.23;663;3;559.00;1
1021;3;624924629;1021;200;1682;1682;8.32;0.51;181.31;3.23;661;3;560.00;0
1025;3;624924638;1025;195;1682;1682;8.42;0.51;181.38;3.23;657;3;561.00;0
1026;3;624924647;1026;191;1686;1686;8.60;0.53;181.40;3.23;660;3;562.00;0
1030;3;624924656;1030;193;1686;1686;8.78;0.53;181.75;3.23;656;3;563.00;0
1033;3;624924666;1033;188;1686;1686;8.94;0.54;182.20;3.23;653;3;564.00;0
1036;3;624924675;1036;183;1686;1686;9.11;0.55;182.21;3.23;650;3;565.00;0
1039;3;624924689;1039;166;1687;1687;9.27;0.56;182.66;3.22;648;3;566.00;0
1042;3;624924699;1042;155;1688;1688;9.41;0.57;182.62;3.22;646;3;567.00;0
1044;3;624924708;1044;148;1688;1688;9.57;0.58;182.99;3.22;644;3;568.00;0
1049;3;624924718;1049;146;1689;1689;9.66;0.59;183.37;3.22;640;3;569.00;0
1052;3;624924729;1052;145;1689;1689;9.78;0.59;183.55;3.22;637;3;570.00;0
1054;3;624924739;1054;141;1689;1689;9.98;0.60;183.95;3.22;635;3;571.00;0
1058;3;624924749;1058;133;1689;1689;10.12;0.61;184.41;3.22;631;3;572.00;0
1060;3;624924758;1060;131;1689;1689;10.30;0.62;184.53;3.22;629;3;573.00;0
1063;3;624924767;1063;125;1689;1689;10.43;0.63;185.04;3.22;626;3;574.00;0
1067;3;624924778;1067;122;1689;1689;10.57;0.64;185.63;3.22;622;3;575.00;0
1069;3;624924788;1069;148;1771;1816;10.54;0.65;185.78;3.07;702;3;576.00;45
1071;3;624924813;1071;135;1774;1817;10.66;0.66;185.95;3.07;703;3;577.00;43
1072;3;624924829;1072;121;1781;1817;10.88;0.67;186.04;3.07;709;3;578.00;36
1073;3;624924845;1073;116;1784;1817;11.06;0.68;186.28;3.07;711;3;579.00;33
1076;3;624924866;1076;113;1788;1817;11.17;0.69;186.25;3.07;712;3;580.00;29
1079;3;624924881;1079;111;1789;1817;11.28;0.69;186.81;3.07;710;3;581.00;28
1083;3;624924898;1083;112;1792;1817;11.32;0.69;186.94;3.07;709;3;582.00;25
1088;3;624924914;1088;115;1795;1817;11.33;0.69;187.06;3.08;707;3;583.00;22
1091;3;624924929;1091;114;1798;1818;11.32;0.69;187.26;3.09;707;3;584.00;20
1093;3;624924941;1093;115;1803;1820;11.26;0.69;187.81;3.10;710;3;585.00;17
1098;3;624924952;1098;116;1805;1820;11.23;0.68;188.25;3.11;707;3;586.00;15
1099;3;624924963;1099;121;1809;1821;11.20;0.68;188.57;3.12;710;3;587.00;12
1100;3;624924976;1100;126;1811;1821;11.30;0.69;188.67;3.13;711;3;588.00;10
1105;3;624924986;1105;129;1813;1821;11.38;0.69;189.16;3.14;708;3;589.00;8
1107;3;624924997;1107;131;1816;1821;11.45;0.70;189.62;3.15;709;3;590.00;5
1109;3;624925008;1109;133;1820;1825;11.61;0.71;189.87;3.16;711;3;591.00;5
1110;3;624925018;1110;134;1821;1825;11.68;0.71;190.08;3.16;711;3;592.00;4
1112;3;624925030;1112;137;1822;1825;11.76;0.72;190.17;3.16;710;3;593.00;3
1115;3;624925040;1115;140;1824;1828;11.85;0.72;190.41;3.16;709;3;594.00;4
1117;3;624925050;1117;138;1824;1828;11.93;0.73;190.70;3.16;707;3;595.00;4
1119;3;624925061;1119;136;1825;1828;12.02;0.73;190.77;3.17;706;3;596.00;3
1120;3;624925071;1120;137;1829;1832;12.09;0.74;190.91;3.17;709;3;597.00;3
1123;3;624925088;1123;134;1831;1833;12.17;0.74;191.19;3.17;708;3;598.00;2
1127;3;624925099;1127;133;1832;1833;12.14;0.74;191.18;3.18;705;3;599.00;1
1129;3;624925111;1129;145;1846;1859;11.98;0.73;191.39;3.16;717;3;600.00;13
1133;3;624925129;1133;137;1846;1859;11.97;0.73;192.01;3.16;713;3;601.00;13
1135;3;624925140;1135;134;1846;1859;12.03;0.73;191.93;3.16;711;3;602.00;13
1140;3;624925150;1140;137;1847;1860;12.11;0.74;192.18;3.16;707;3;603.00;13
1145;3;624925161;1145;137;1848;1860;12.09;0.73;192.42;3.16;703;3;604.00;12
1146;3;624925171;1146;137;1851;1866;12.12;0.74;192.57;3.15;705;3;605.00;15
1149;3;624925181;1149;140;1854;1866;12.11;0.74;192.94;3.16;705;3;606.00;12
1150;3;624925191;1150;136;1855;1867;12.12;0.74;193.05;3.16;705;3;607.00;12
1156;3;624925206;1156;134;1856;1867;12.07;0.73;193.19;3.16;700;3;608.00;11
1160;3;624925215;1160;130;1856;1867;12.04;0.73;193.22;3.16;696;3;609.00;11
1163;3;624925226;1163;128;1856;1867;12.08;0.73;193.15;3.16;693;3;610.00;11
1164;3;624925234;1164;127;1857;1867;12.06;0.73;193.18;3.16;693;3;611.00;10
1169;3;624925245;1169;126;1867;1879;12.03;0.73;193.30;3.15;698;3;612.00;12
1173;3;624925262;1173;121;1868;1879;12.04;0.73;193.96;3.15;695;3;613.00;11
1177;3;624925279;1177;117;1868;1879;12.04;0.73;193.99;3.15;691;3;614.00;11
1180;3;624925289;1180;115;1870;1879;11.97;0.73;194.33;3.16;690;3;615.00;9
1181;3;624925300;1181;115;1871;1879;11.93;0.72;194.28;3.16;690;3;616.00;8
1184;3;624925309;1184;112;1871;1879;11.95;0.73;194.60;3.16;687;3;617.00;8
1187;3;624925319;1187;114;1874;1883;11.97;0.73;195.06;3.16;687;3;618.00;9
1192;3;624925328;1192;116;1874;1883;12.04;0.73;194.82;3.16;682;3;619.00;9
1197;3;624925338;1197;116;1878;1887;12.12;0.73;195.29;3.16;681;3;620.00;9
1199;3;624925349;1199;113;1879;1888;12.22;0.74;195.12;3.16;680;3;621.00;9
1203;3;624925359;1203;110;1880;1888;12.20;0.74;195.18;3.17;677;3;622.00;8
1204;3;624925369;1204;106;1880;1888;12.23;0.74;195.39;3.17;676;3;623.00;8
1207;3;624925379;1207;111;1888;1901;12.17;0.74;195.45;3.16;681;3;624.00;13
1208;3;624925397;1208;109;1888;1901;12.18;0.74;195.62;3.16;680;3;625.00;13
1210;3;624925407;1210;113;1889;1901;12.15;0.74;195.52;3.17;679;3;626.00;12
1213;3;624925416;1213;114;1890;1902;12.20;0.74;195.34;3.17;677;3;627.00;12
1214;3;624925426;1214;112;1894;1903;12.12;0.74;195.34;3.20;680;3;628.00;9
1217;3;624925436;1217;117;1895;1903;12.07;0.73;195.43;3.20;678;3;629.00;8
1218;3;624925447;1218;117;1899;1909;12.07;0.73;195.48;3.20;681;3;630.00;10
1221;3;624925457;1221;120;1900;1909;12.05;0.73;195.47;3.20;679;3;631.00;9
1223;3;624925466;1223;121;1902;1909;12.06;0.73;195.58;3.21;679;3;632.00;7
1229;3;624925478;1229;120;1902;1909;12.03;0.73;195.63;3.21;673;3;633.00;7
1231;3;624925487;1231;126;1907;1915;12.04;0.73;195.71;3.21;676;3;634.00;8
1233;3;624925497;1233;123;1907;1915;12.01;0.73;195.75;3.21;674;3;635.00;8
1239;3;624925506;1239;125;1907;1915;11.91;0.72;195.88;3.21;668;3;636.00;8
1242;3;624925515;1242;127;1909;1915;11.83;0.72;196.12;3.23;667;3;637.00;6
1244;3;624925524;1244;134;1912;1919;11.73;0.71;196.26;3.22;668;3;638.00;7
1245;3;624925534;1245;140;1914;1920;11.66;0.71;196.40;3.23;669;3;639.00;6
1246;3;624925542;1246;150;1915;1920;11.51;0.70;196.33;3.23;669;3;640.00;5
1246;3;624925551;1246;155;1917;1921;11.35;0.69;196.33;3.24;671;3;641.00;4
1251;3;624925563;1251;160;1917;1921;11.19;0.68;196.27;3.24;666;3;642.00;4
1253;3;624925572;1253;170;1917;1921;11.02;0.67;196.15;3.24;664;3;643.00;4
1257;3;624925581;1257;176;1918;1921;10.94;0.67;196.02;3.25;661;3;644.00;3
1257;3;624925591;1257;180;1918;1921;10.91;0.67;196.02;3.25;661;3;645.00;3
1258;3;624925600;1258;183;1919;1921;10.82;0.66;195.92;3.26;661;3;646.00;2
1259;3;624925609;1259;189;1921;1921;10.64;0.65;195.93;3.27;662;3;647.00;0
1261;3;624925618;1261;201;1959;1991;10.57;0.65;195.82;3.21;698;3;648.00;32
1263;3;624925633;1263;200;1960;1992;10.47;0.64;195.95;3.21;697;3;649.00;32
1264;3;624925642;1264;201;1969;1992;10.38;0.64;195.96;3.20;705;3;650.00;23
1265;3;624925650;1265;208;1972;1992;10.29;0.63;195.98;3.20;707;3;651.00;20
1267;3;624925659;1267;214;1976;1992;10.18;0.62;195.93;3.20;709;3;652.00;16
1268;3;624925668;1268;215;1978;1992;10.04;0.62;195.83;3.20;710;3;653.00;14
1269;3;624925677;1269;217;1981;1992;9.93;0.61;195.74;3.21;712;3;654.00;11
1271;3;624925686;1271;226;1984;1992;9.87;0.61;195.55;3.21;713;3;655.00;8
1274;3;624925694;1274;227;1985;1993;9.76;0.60;195.70;3.22;711;3;656.00;8
1275;3;624925702;1275;230;1987;1994;9.59;0.59;195.56;3.22;712;3;657.00;7
1277;3;624925711;1277;236;1990;1994;9.40;0.58;195.58;3.23;713;3;658.00;4
1280;3;624925719;1280;240;1995;1998;9.18;0.56;195.31;3.23;715;3;659.00;3
1284;3;624925730;1284;240;1997;1998;8.97;0.55;194.98;3.24;713;3;660.00;1
1285;3;624925740;1285;240;1998;1998;8.82;0.54;194.93;3.24;713;3;661.00;0
1287;3;624925749;1287;244;1998;1998;8.68;0.53;194.86;3.24;711;3;662.00;0
1289;3;624925757;1289;244;2004;2004;8.56;0.52;194.74;3.23;715;3;663.00;0
1290;3;624925766;1290;247;2004;2004;8.46;0.52;194.69;3.23;714;3;664.00;0
1290;3;624925774;1290;252;2004;2004;8.43;0.52;194.69;3.23;714;3;665.00;0
1292;3;624925784;1292;256;2006;2007;8.43;0.51;194.60;3.23;714;3;666.00;1
1293;3;624925794;1293;260;2006;2007;8.38;0.51;194.55;3.23;713;3;667.00;1
1295;3;624925804;1295;266;2007;2007;8.35;0.51;194.39;3.23;712;3;668.00;0
1296;3;624925813;1296;267;2008;2008;8.29;0.51;194.36;3.23;712;3;669.00;0
1296;3;624925822;1296;272;2009;2009;8.23;0.50;194.36;3.23;713;3;670.00;0
1298;3;624925830;1298;281;2009;2009;8.07;0.49;194.14;3.23;711;3;671.00;0
1302;3;624925837;1302;288;2022;2022;8.00;0.49;193.84;3.20;720;3;672.00;0
1305;3;624925848;1305;289;2022;2022;7.86;0.48;194.09;3.20;717;3;673.00;0
1309;3;624925856;1309;290;2022;2022;7.75;0.47;193.97;3.20;713;3;674.00;0
1313;3;624925864;1313;278;2024;2024;7.66;0.47;194.23;3.20;711;3;675.00;0
1315;3;624925872;1315;263;2024;2024;7.64;0.47;194.21;3.20;709;3;676.00;0
1318;3;624925879;1318;254;2028;2028;7.68;0.47;194.49;3.20;710;3;677.00;0
1319;3;624925887;1319;247;2028;2028;7.67;0.47;194.50;3.20;709;3;678.00;0
1325;3;624925894;1325;247;2032;2032;7.57;0.46;194.66;3.19;707;3;679.00;0
1330;3;624925902;1330;239;2032;2032;7.53;0.46;194.53;3.19;702;3;680.00;0
1332;3;624925910;1332;231;2032;2032;7.50;0.46;194.83;3.19;700;3;681.00;0
1334;3;624925923;1334;217;2032;2032;7.49;0.46;195.15;3.19;698;3;682.00;0
1337;3;624925931;1337;214;2032;2032;7.50;0.46;195.26;3.19;695;3;683.00;0
1342;3;624925939;1342;212;2042;2044;7.61;0.46;195.68;3.18;700;3;684.00;2
1343;3;624925948;1343;211;2042;2044;7.72;0.47;195.86;3.18;699;3;685.00;2
1344;3;624925955;1344;216;2044;2044;7.89;0.48;196.09;3.18;700;3;686.00;0
1348;3;624925963;1348;206;2044;2044;7.93;0.48;196.38;3.18;696;3;687.00;0
1352;3;624925995;1352;194;2044;2044;8.04;0.49;196.66;3.18;692;3;688.00;0
1356;3;624926003;1356;184;2044;2044;8.14;0.50;197.01;3.18;688;3;689.00;0
1358;3;624926018;1358;184;2045;2045;8.27;0.51;197.26;3.18;687;3;690.00;0
1360;3;624926026;1360;176;2045;2045;8.41;0.52;197.37;3.18;685;3;691.00;0
1362;3;624926035;1362;166;2051;2051;8.55;0.52;197.53;3.17;689;3;692.00;0
1364;3;624926044;1364;163;2052;2052;8.65;0.53;197.45;3.17;688;3;693.00;0
1365;3;624926053;1365;165;2052;2052;8.72;0.53;197.61;3.17;687;3;694.00;0
1368;3;624926062;1368;163;2052;2052;8.77;0.54;197.44;3.17;684;3;695.00;0
1375;3;624926070;1375;167;2056;2056;8.85;0.54;197.73;3.16;681;3;696.00;0
1378;3;624926079;1378;171;2056;2056;8.86;0.54;197.82;3.16;678;3;697.00;0
1383;3;624926087;1383;171;2056;2056;8.88;0.54;197.90;3.16;673;3;698.00;0
1387;3;624926096;1387;169;2057;2057;8.94;0.54;197.95;3.16;670;3;699.00;0
1388;3;624926105;1388;163;2061;2061;9.01;0.55;198.05;3.16;673;3;700.00;0
1392;3;624926117;1392;161;2061;2061;9.03;0.55;198.23;3.16;669;3;701.00;0
1396;3;624926126;1396;159;2063;2064;9.10;0.56;198.33;3.15;667;3;702.00;1
1404;3;624926135;1404;162;2063;2064;9.08;0.55;198.23;3.15;659;3;703.00;1
1407;3;624926144;1407;159;2064;2064;9.10;0.55;198.46;3.15;657;3;704.00;0
1410;3;624926153;1410;162;2064;2064;9.10;0.55;198.63;3.15;654;3;705.00;0
1413;3;624926161;1413;165;2068;2068;9.20;0.56;198.69;3.15;655;3;706.00;0
1415;3;624926171;1415;164;2068;2068;9.25;0.56;198.87;3.15;653;3;707.00;0
1418;3;624926179;1418;164;2068;2068;9.28;0.57;198.85;3.15;650;3;708.00;0
1424;3;624926188;1424;161;2068;2068;9.15;0.56;198.85;3.15;644;3;709.00;0
1428;3;624926196;1428;164;2069;2069;9.15;0.56;198.89;3.15;641;3;710.00;0
1432;3;624926205;1432;162;2070;2070;9.18;0.56;198.98;3.15;638;3;711.00;0
1435;3;624926219;1435;163;2070;2070;9.18;0.56;199.07;3.15;635;3;712.00;0
1436;3;624926227;1436;166;2071;2071;9.18;0.56;199.12;3.14;635;3;713.00;0
1439;3;624926236;1439;165;2071;2071;9.22;0.56;199.31;3.14;632;3;714.00;0
1443;3;624926244;1443;167;2071;2071;9.14;0.56;199.45;3.14;628;3;715.00;0
1447;3;624926253;1447;171;2071;2071;9.13;0.56;199.49;3.14;624;3;716.00;0
1452;3;624926261;1452;169;2071;2071;9.03;0.55;199.52;3.14;619;3;717.00;0
1456;3;624926275;1456;166;2071;2071;8.96;0.55;199.62;3.14;615;3;718.00;0
1459;3;624926284;1459;168;2071;2071;8.88;0.54;199.70;3.14;612;3;719.00;0
1463;3;624926293;1463;200;2189;2301;8.86;0.56;199.89;2.98;726;3;720.00;112
1467;3;624926320;1467;196;2199;2302;8.76;0.55;200.12;2.97;732;3;721.00;103
1471;3;624926329;1471;185;2212;2302;8.75;0.55;200.38;2.96;741;3;722.00;90
1473;3;624926337;1473;179;2224;2302;8.71;0.55;200.48;2.96;751;3;723.00;78
1476;3;624926346;1476;175;2232;2302;8.73;0.55;200.50;2.97;756;3;724.00;70
1479;3;624926355;1479;173;2239;2302;8.66;0.54;200.69;2.97;760;3;725.00;63
1482;3;624926364;1482;171;2247;2302;8.68;0.54;200.97;2.98;765;3;726.00;55
1485;3;624926374;1485;159;2253;2302;8.64;0.54;201.11;2.99;768;3;727.00;49
1488;3;624926383;1488;156;2255;2303;8.69;0.54;201.27;3.00;767;3;728.00;48
1491;3;624926393;1491;152;2263;2304;8.65;0.54;201.22;3.02;772;3;729.00;41
1495;3;624926402;1495;156;2268;2304;8.63;0.54;201.35;3.03;773;3;730.00;36
1498;3;624926412;1498;159;2271;2305;8.60;0.54;201.65;3.04;773;3;731.00;34
1500;3;624926422;1500;167;2274;2305;8.56;0.53;201.63;3.05;774;3;732.00;31
1501;3;624926432;1501;172;2276;2305;8.58;0.53;201.63;3.06;775;3;733.00;29
1506;3;624926441;1506;185;2279;2305;8.56;0.53;201.83;3.08;773;3;734.00;26
1508;3;624926451;1508;196;2282;2309;8.57;0.53;201.81;3.08;774;3;735.00;27
1513;3;624926468;1513;186;2283;2309;8.59;0.53;201.93;3.08;770;3;736.00;26
1516;3;624926483;1516;182;2285;2309;8.65;0.53;202.24;3.09;769;3;737.00;24
1519;3;624926494;1519;178;2288;2312;8.70;0.53;202.08;3.10;769;3;738.00;24
1522;3;624926504;1522;185;2290;2312;8.77;0.54;202.32;3.11;768;3;739.00;22
1525;3;624926515;1525;181;2291;2312;8.89;0.54;202.72;3.11;766;3;740.00;21
1529;3;624926526;1529;186;2296;2316;8.98;0.55;202.44;3.11;767;3;741.00;20
1530;3;624926538;1530;184;2297;2317;9.15;0.56;202.55;3.11;767;3;742.00;20
1536;3;624926548;1536;184;2298;2317;9.25;0.56;202.56;3.12;762;3;743.00;19
1536;3;624926559;1536;182;2302;2321;9.36;0.57;202.56;3.11;766;3;744.00;19
1536;3;624926570;1536;183;2304;2321;9.45;0.58;202.56;3.13;768;3;745.00;17
1536;3;624926581;1536;182;2304;2321;9.57;0.58;202.56;3.13;768;3;746.00;17
1537;3;624926591;1537;181;2307;2322;9.64;0.59;202.68;3.16;770;3;747.00;15
1539;3;624926602;1539;176;2307;2322;9.82;0.60;202.75;3.16;768;3;748.00;15
1542;3;624926612;1542;176;2313;2328;9.97;0.61;202.95;3.16;771;3;749.00;15
1546;3;624926625;1546;168;2314;2328;10.12;0.62;202.89;3.17;768;3;750.00;14
1546;3;624926636;1546;163;2316;2329;10.25;0.62;202.89;3.18;770;3;751.00;13
1549;3;624926648;1549;160;2317;2329;10.35;0.63;203.02;3.19;768;3;752.00;12
1551;3;624926658;1551;157;2318;2329;10.49;0.64;203.16;3.19;767;3;753.00;11
1554;3;624926669;1554;152;2318;2329;10.59;0.65;203.58;3.19;764;3;754.00;11
1558;3;624926679;1558;153;2319;2329;10.72;0.65;203.86;3.20;761;3;755.00;10
1560;3;624926691;1560;152;2329;2341;10.83;0.66;203.89;3.18;769;3;756.00;12
1564;3;624926702;1564;148;2331;2341;11.01;0.67;204.40;3.18;767;3;757.00;10
1567;3;624926713;1567;144;2331;2341;11.14;0.68;204.51;3.18;764;3;758.00;10
1570;4;624926724;1570;144;2331;2341;11.22;0.68;204.80;3.18;761;4;759.00;10
1571;4;624926744;1571;143;2332;2341;11.28;0.69;205.04;3.20;761;4;760.00;9
1574;4;624926755;1574;144;2332;2341;11.38;0.69;205.26;3.20;758;4;761.00;9
1580;4;624926765;1580;144;2336;2345;11.39;0.69;205.49;3.19;756;4;762.00;9
1581;4;624926776;1581;145;2336;2345;11.47;0.70;205.65;3.19;755;4;763.00;9
1584;4;624926787;1584;147;2340;2349;11.55;0.70;205.70;3.19;756;4;764.00;9
1587;4;624926798;1587;148;2342;2351;11.54;0.70;205.83;3.19;755;4;765.00;9
1591;4;624926813;1591;150;2342;2351;11.55;0.70;205.89;3.19;751;4;766.00;9
1595;4;624926829;1595;150;2342;2351;11.58;0.71;206.07;3.19;747;4;767.00;9
1601;4;624926846;1601;155;2351;2364;11.59;0.71;206.21;3.17;750;4;768.00;13
1603;4;624926867;1603;151;2351;2364;11.64;0.71;206.35;3.17;748;4;769.00;13
1606;4;624926882;1606;157;2351;2364;11.69;0.71;206.43;3.17;745;4;770.00;13
1610;4;624926898;1610;159;2352;2365;11.71;0.71;206.49;3.17;742;4;771.00;13
1614;4;624926914;1614;159;2352;2366;11.67;0.71;206.52;3.17;738;4;772.00;14
1618;4;624926927;1618;166;2352;2366;11.69;0.71;206.90;3.17;734;4;773.00;14
1620;4;624926938;1620;162;2354;2369;11.69;0.71;207.25;3.17;734;4;774.00;15
1624;4;624926948;1624;163;2354;2369;11.73;0.72;207.34;3.17;730;4;775.00;15
1627;4;624926958;1627;166;2355;2369;11.70;0.71;207.37;3.17;728;4;776.00;14
1628;4;624926970;1628;170;2355;2369;11.63;0.71;207.39;3.17;727;4;777.00;14
1631;4;624926980;1631;169;2360;2375;11.51;0.70;207.50;3.16;729;4;778.00;15
1632;4;624926990;1632;171;2360;2375;11.45;0.70;207.67;3.16;728;4;779.00;15
1635;4;624927002;1635;168;2360;2375;11.40;0.69;207.86;3.16;725;4;780.00;15
1639;4;624927012;1639;168;2360;2375;11.34;0.69;208.17;3.16;721;4;781.00;15
1643;4;624927021;1643;168;2363;2379;11.24;0.69;208.26;3.16;720;4;782.00;16
1646;4;624927031;1646;167;2364;2380;11.14;0.68;208.35;3.16;718;4;783.00;16
1652;4;624927041;1652;166;2364;2380;11.06;0.67;208.43;3.16;712;4;784.00;16
1655;4;624927051;1655;165;2367;2381;10.96;0.67;208.52;3.17;712;4;785.00;14
1658;4;624927061;1658;165;2367;2381;10.88;0.66;208.72;3.17;709;4;786.00;14
1660;4;624927071;1660;165;2367;2381;10.86;0.66;209.04;3.17;707;4;787.00;14
1663;4;624927080;1663;174;2367;2381;10.88;0.66;209.41;3.17;704;4;788.00;14
1664;4;624927089;1664;170;2367;2381;10.94;0.67;209.34;3.17;703;4;789.00;14
1667;4;624927099;1667;169;2367;2381;11.02;0.67;209.37;3.17;700;4;790.00;14
1667;4;624927108;1667;167;2367;2381;11.10;0.68;209.37;3.17;700;4;791.00;14
1667;4;624927117;1667;171;2400;2451;11.17;0.68;209.37;3.13;733;4;792.00;51
1670;4;624927133;1670;167;2400;2452;11.20;0.69;209.19;3.13;730;4;793.00;52
1671;4;624927143;1671;166;2408;2452;11.24;0.69;209.11;3.12;737;4;794.00;44
1676;4;624927153;1676;167;2411;2452;11.15;0.68;208.95;3.12;735;4;795.00;41
1679;4;624927163;1679;170;2413;2452;11.09;0.68;208.73;3.12;734;4;796.00;39
1680;4;624927172;1680;174;2418;2452;10.99;0.67;208.78;3.13;738;4;797.00;34
1681;4;624927181;1681;171;2420;2452;10.90;0.67;208.70;3.16;739;4;798.00;32
1683;4;624927196;1683;177;2422;2452;10.82;0.66;208.96;3.16;739;4;799.00;30
1685;4;624927206;1685;179;2426;2453;10.71;0.66;208.91;3.17;741;4;800.00;27
1687;4;624927220;1687;179;2430;2454;10.56;0.65;208.76;3.21;743;4;801.00;24
1689;4;624927229;1689;186;2433;2454;10.41;0.64;208.66;3.22;744;4;802.00;21
1694;4;624927239;1694;191;2439;2458;10.23;0.63;208.41;3.25;745;4;803.00;19
1695;4;624927249;1695;195;2440;2458;10.09;0.62;208.50;3.25;745;4;804.00;18
1697;4;624927258;1697;198;2441;2458;10.06;0.61;208.42;3.29;744;4;805.00;17
1702;4;624927269;1702;205;2441;2458;9.90;0.60;208.25;3.29;739;4;806.00;17
1705;4;624927280;1705;209;2446;2464;9.86;0.60;208.22;3.28;741;4;807.00;18
1710;4;624927291;1710;218;2447;2464;9.70;0.59;208.16;3.32;737;4;808.00;17
1713;4;624927302;1713;227;2447;2464;9.60;0.58;208.02;3.32;734;4;809.00;17
1715;4;624927316;1715;233;2453;2470;9.51;0.58;207.85;3.34;738;4;810.00;17
1717;4;624927327;1717;245;2454;2470;9.45;0.57;207.79;3.37;737;4;811.00;16
1719;4;624927340;1719;253;2456;2470;9.36;0.57;207.82;3.37;737;4;812.00;14
1720;4;624927352;1720;259;2456;2471;9.30;0.57;207.84;3.37;736;4;813.00;15
1723;4;624927362;1723;263;2461;2472;9.11;0.55;207.78;3.46;738;4;814.00;11
1723;4;624927373;1723;270;2463;2472;8.94;0.54;207.78;3.51;740;4;815.00;9
1723;4;624927381;1723;274;2473;2485;8.80;0.54;207.78;3.51;750;4;816.00;12
1724;4;624927391;1724;282;2475;2485;8.67;0.53;207.67;3.53;751;4;817.00;10
1726;4;624927400;1726;291;2476;2485;8.51;0.52;207.54;3.54;750;4;818.00;9
1727;4;624927408;1727;295;2479;2486;8.44;0.52;207.43;3.56;752;4;819.00;7
1731;4;624927416;1731;304;2480;2486;8.28;0.51;207.29;3.57;749;4;820.00;6
1733;4;624927424;1733;305;2485;2490;8.22;0.51;207.30;3.57;752;4;821.00;5
1736;4;624927432;1736;314;2488;2490;8.14;0.50;207.15;3.58;752;4;822.00;2
1737;4;624927441;1737;316;2492;2494;8.02;0.49;207.05;3.58;755;4;823.00;2
1738;4;624927450;1738;320;2493;2494;7.91;0.49;207.05;3.58;755;4;824.00;1
1740;4;624927458;1740;327;2493;2494;7.80;0.48;206.89;3.58;753;4;825.00;1
1743;4;624927467;1743;328;2494;2494;7.64;0.47;206.81;3.58;751;4;826.00;0
1746;4;624927476;1746;318;2494;2494;7.51;0.46;206.63;3.58;748;4;827.00;0
1746;4;624927485;1746;316;2505;2506;7.50;0.46;206.63;3.56;759;4;828.00;1
1748;4;624927494;1748;310;2505;2506;7.46;0.46;206.51;3.56;757;4;829.00;1
1750;4;624927503;1750;306;2506;2506;7.48;0.46;206.49;3.56;756;4;830.00;0
1751;4;624927512;1751;305;2506;2506;7.51;0.46;206.45;3.56;755;4;831.00;0
1751;5;624927521;1751;301;2506;2506;7.61;0.47;206.45;3.56;755;5;832.00;0
1752;5;624927540;1752;300;2506;2506;7.65;0.47;206.39;3.56;754;5;833.00;0
1752;5;624927550;1752;298;2507;2507;7.72;0.48;206.39;3.56;755;5;834.00;0
1756;5;624927559;1756;297;2507;2507;7.73;0.48;206.51;3.56;751;5;835.00;0
1756;5;624927568;1756;299;2513;2513;7.82;0.48;206.51;3.56;757;5;836.00;0
1758;5;624927583;1758;298;2514;2514;7.88;0.48;206.40;3.55;756;5;837.00;0
1761;5;624927592;1761;299;2514;2514;7.83;0.48;206.45;3.55;753;5;838.00;0
1761;5;624927601;1761;299;2514;2514;7.84;0.48;206.45;3.55;753;5;839.00;0
1765;5;624927612;1765;299;2519;2519;7.83;0.48;206.21;3.55;754;5;840.00;0
1766;5;624927622;1766;301;2519;2519;7.80;0.48;206.17;3.55;753;5;841.00;0
1769;6;624927631;1769;293;2519;2519;7.76;0.48;206.21;3.55;750;6;842.00;0
1773;6;624927656;1773;290;2520;2520;7.74;0.47;206.11;3.55;747;6;843.00;0
1776;6;624927665;1776;289;2524;2524;7.70;0.47;206.15;3.54;748;6;844.00;0
1779;6;624927673;1779;284;2524;2524;7.65;0.47;206.23;3.54;745;6;845.00;0
1782;6;624927682;1782;284;2526;2527;7.71;0.47;206.30;3.54;744;6;846.00;1
1785;6;624927691;1785;282;2527;2527;7.71;0.47;206.56;3.54;742;6;847.00;0
1790;6;624927700;1790;281;2527;2527;7.68;0.47;206.58;3.54;737;6;848.00;0
1794;6;624927708;1794;282;2527;2527;7.59;0.46;206.82;3.54;733;6;849.00;0
1794;6;624927716;1794;269;2531;2531;7.67;0.47;206.82;3.53;737;6;850.00;0
1796;6;624927725;1796;263;2531;2531;7.67;0.47;207.12;3.53;735;6;851.00;0
1801;7;624927734;1801;253;2531;2531;7.66;0.47;207.30;3.53;730;7;852.00;0
1802;7;624927754;1802;244;2531;2531;7.73;0.47;207.34;3.53;729;7;853.00;0
1807;7;624927767;1807;236;2532;2532;7.80;0.48;207.53;3.53;725;7;854.00;0
1813;7;624927776;1813;235;2534;2534;7.91;0.48;207.58;3.53;721;7;855.00;0
1817;7;624927786;1817;236;2534;2534;7.99;0.49;207.66;3.53;717;7;856.00;0
1823;7;624927795;1823;233;2535;2535;8.05;0.49;207.86;3.53;712;7;857.00;0
1825;8;624927806;1825;228;2535;2535;8.12;0.49;207.93;3.53;710;8;858.00;0
1830;8;624927826;1830;219;2535;2535;8.13;0.50;208.49;3.53;705;8;859.00;0
1833;8;624927835;1833;214;2535;2535;8.16;0.50;208.73;3.53;702;8;860.00;0
1837;8;624927844;1837;206;2535;2535;8.19;0.50;208.93;3.53;698;8;861.00;0
1840;8;624927854;1840;203;2535;2535;8.15;0.50;209.05;3.53;695;8;862.00;0
1847;8;624927862;1847;204;2535;2535;8.12;0.49;209.23;3.53;688;8;863.00;0
1852;8;624927870;1852;211;2613;2662;8.22;0.51;209.54;3.43;761;8;864.00;49
1855;8;624927889;1855;205;2617;2663;8.19;0.51;209.66;3.42;762;8;865.00;46
1859;8;624927897;1859;207;2625;2663;8.19;0.51;209.80;3.42;766;8;866.00;38
1861;8;624927907;1861;202;2627;2663;8.18;0.51;209.84;3.42;766;8;867.00;36
1864;8;624927915;1864;205;2633;2663;8.24;0.51;210.01;3.42;769;8;868.00;30
1866;8;624927924;1866;210;2634;2663;8.26;0.51;210.04;3.42;768;8;869.00;29
1871;8;624927935;1871;216;2636;2663;8.24;0.51;210.26;3.42;765;8;870.00;27
1876;8;624927945;1876;211;2639;2663;8.21;0.51;210.32;3.43;763;8;871.00;24
1877;8;624927954;1877;220;2642;2664;8.20;0.50;210.41;3.43;765;8;872.00;22
1879;8;624927963;1879;223;2645;2665;8.20;0.51;210.35;3.44;766;8;873.00;20
1883;8;624927973;1883;232;2650;2665;8.13;0.50;210.27;3.45;767;8;874.00;15
1886;8;624927983;1886;237;2653;2666;8.17;0.50;210.37;3.45;767;8;875.00;13
1889;8;624927992;1889;235;2656;2666;8.16;0.50;210.80;3.46;767;8;876.00;10
1892;8;624928001;1892;240;2658;2666;8.20;0.50;210.81;3.47;766;8;877.00;8
1898;8;624928011;1898;243;2659;2666;8.22;0.51;210.85;3.47;761;8;878.00;7
1904;8;624928021;1904;245;2662;2670;8.15;0.50;210.91;3.47;758;8;879.00;8
1909;8;624928031;1909;246;2664;2670;8.13;0.50;211.09;3.47;755;8;880.00;6
1916;8;624928050;1916;249;2665;2670;8.02;0.49;211.11;3.48;749;8;881.00;5
1918;8;624928060;1918;252;2667;2673;8.03;0.49;211.05;3.48;749;8;882.00;6
1922;8;624928069;1922;251;2668;2673;8.02;0.49;211.14;3.48;746;8;883.00;5
1924;8;624928079;1924;247;2670;2673;8.03;0.49;211.33;3.49;746;8;884.00;3
1930;8;624928088;1930;244;2674;2677;8.06;0.49;211.55;3.49;744;8;885.00;3
1933;8;624928098;1933;245;2675;2678;8.10;0.49;211.56;3.49;742;8;886.00;3
1934;8;624928108;1934;242;2677;2678;8.15;0.50;211.53;3.50;743;8;887.00;1
1937;8;624928117;1937;243;2682;2682;8.20;0.50;211.30;3.50;745;8;888.00;0
1941;8;624928127;1941;241;2682;2682;8.28;0.50;211.35;3.50;741;8;889.00;0
1944;8;624928136;1944;244;2682;2682;8.32;0.51;211.47;3.50;738;8;890.00;0
1946;8;624928146;1946;245;2683;2683;8.41;0.51;211.61;3.49;737;8;891.00;0
1949;8;624928161;1949;244;2683;2683;8.47;0.52;211.56;3.49;734;8;892.00;0
1952;8;624928170;1952;248;2689;2689;8.48;0.52;211.68;3.49;737;8;893.00;0
1954;8;624928180;1954;245;2689;2689;8.55;0.52;211.53;3.49;735;8;894.00;0
1957;8;624928189;1957;247;2690;2690;8.52;0.52;211.68;3.49;733;8;895.00;0
1961;8;624928199;1961;249;2690;2690;8.51;0.52;211.71;3.49;729;8;896.00;0
1962;8;624928208;1962;236;2690;2690;8.54;0.52;211.84;3.49;728;8;897.00;0
1963;8;624928218;1963;226;2690;2690;8.58;0.52;211.76;3.49;727;8;898.00;0
1971;8;624928227;1971;217;2690;2690;8.59;0.52;212.44;3.49;719;8;899.00;0
1974;8;624928240;1974;218;2720;2736;8.54;0.52;212.56;3.45;746;8;900.00;16
1978;8;624928264;1978;208;2720;2736;8.56;0.52;212.87;3.45;742;8;901.00;16
1980;8;624928275;1980;204;2725;2736;8.70;0.53;212.80;3.45;745;8;902.00;11
1982;8;624928285;1982;202;2725;2736;8.80;0.54;212.88;3.45;743;8;903.00;11
1984;8;624928295;1984;200;2727;2736;8.93;0.55;213.03;3.45;743;8;904.00;9
1986;8;624928306;1986;205;2728;2736;8.98;0.55;213.12;3.45;742;8;905.00;8
1987;8;624928322;1987;187;2732;2740;9.07;0.56;213.13;3.44;745;8;906.00;8
1988;8;624928332;1988;174;2733;2740;9.12;0.56;213.23;3.45;745;8;907.00;7
1990;8;624928342;1990;173;2737;2744;9.17;0.56;213.14;3.45;747;8;908.00;7
1992;8;624928352;1992;166;2738;2745;9.24;0.57;213.20;3.44;746;8;909.00;7
1995;8;624928363;1995;160;2738;2745;9.31;0.57;213.20;3.44;743;8;910.00;7
1998;8;624928373;1998;155;2739;2745;9.37;0.57;213.15;3.45;741;8;911.00;6
2003;8;624928384;2003;149;2751;2758;9.46;0.58;213.29;3.43;748;8;912.00;7
2004;8;624928396;2004;148;2751;2758;9.58;0.58;213.46;3.43;747;8;913.00;7
2009;8;624928407;2009;143;2752;2758;9.68;0.59;213.63;3.44;743;8;914.00;6
2012;8;624928417;2012;138;2753;2759;9.78;0.59;213.88;3.43;741;8;915.00;6
2012;8;624928429;2012;132;2754;2760;9.86;0.60;213.88;3.43;742;8;916.00;6
2016;8;624928441;2016;135;2755;2760;9.90;0.60;214.23;3.44;739;8;917.00;5
2018;8;624928453;2018;130;2757;2763;9.97;0.61;214.11;3.44;739;8;918.00;6
2022;8;624928464;2022;132;2757;2763;9.99;0.61;214.57;3.44;735;8;919.00;6
2025;8;624928475;2025;124;2759;2763;10.01;0.61;214.56;3.44;734;8;920.00;4
2026;8;624928487;2026;127;2759;2763;10.08;0.61;214.52;3.44;733;8;921.00;4
2028;8;624928497;2028;136;2764;2769;10.03;0.61;214.59;3.44;736;8;922.00;5
2029;8;624928509;2029;133;2765;2769;10.06;0.61;214.58;3.44;736;8;923.00;4
2031;8;624928520;2031;134;2765;2769;10.08;0.61;214.52;3.44;734;8;924.00;4
2031;8;624928531;2031;136;2765;2769;10.17;0.62;214.52;3.44;734;8;925.00;4
2034;8;624928541;2034;136;2773;2773;10.10;0.62;214.81;3.46;739;8;926.00;0
2036;8;624928553;2036;137;2774;2774;10.13;0.62;214.86;3.46;738;8;927.00;0
2046;8;624928574;2046;143;2774;2774;10.12;0.61;214.96;3.46;728;8;928.00;0
2050;8;624928590;2050;146;2775;2775;10.13;0.61;215.16;3.46;725;8;929.00;0
2051;8;624928607;2051;148;2775;2775;10.25;0.62;215.15;3.46;724;8;930.00;0
2054;8;624928618;2054;146;2775;2775;10.32;0.63;215.30;3.46;721;8;931.00;0
2058;8;624928628;2058;145;2775;2775;10.36;0.63;215.32;3.46;717;8;932.00;0
2061;8;624928638;2061;145;2775;2775;10.42;0.63;215.45;3.46;714;8;933.00;0
2061;8;624928649;2061;146;2775;2775;10.53;0.64;215.45;3.46;714;8;934.00;0
2063;8;624928661;2063;150;2775;2775;10.66;0.64;215.37;3.46;712;8;935.00;0
2064;8;624928671;2064;159;2812;2845;10.53;0.64;215.31;3.41;748;8;936.00;33
2065;8;624928689;2065;152;2812;2846;10.62;0.64;215.36;3.41;747;8;937.00;34
2066;8;624928700;2066;153;2818;2846;10.76;0.65;215.53;3.41;752;8;938.00;28
2069;8;624928722;2069;155;2822;2846;10.80;0.66;215.68;3.41;753;8;939.00;24
2071;8;624928732;2071;159;2827;2846;10.83;0.66;215.64;3.41;756;8;940.00;19
2075;8;624928743;2075;161;2829;2846;10.81;0.66;215.82;3.41;754;8;941.00;17
2077;8;624928753;2077;163;2832;2846;10.76;0.65;215.80;3.41;755;8;942.00;14
2081;8;624928763;2081;166;2834;2846;10.73;0.65;215.82;3.41;753;8;943.00;12
2083;8;624928773;2083;166;2836;2847;10.73;0.65;215.87;3.42;753;8;944.00;11
2084;8;624928783;2084;170;2839;2849;10.64;0.65;215.86;3.42;755;8;945.00;10
2085;8;624928793;2085;177;2840;2849;10.50;0.64;215.86;3.42;755;8;946.00;9
2091;8;624928802;2091;181;2844;2853;10.43;0.63;215.71;3.42;753;8;947.00;9
2092;8;624928818;2092;190;2845;2853;10.31;0.63;215.68;3.42;753;8;948.00;8
2097;8;624928844;2097;190;2845;2853;10.10;0.61;215.49;3.42;748;8;949.00;8
2100;8;624928860;2100;189;2845;2853;9.96;0.61;215.44;3.42;745;8;950.00;8
2100;8;624928876;2100;195;2849;2859;9.85;0.60;215.44;3.42;749;8;951.00;10
2103;8;624928892;2103;199;2849;2859;9.77;0.59;215.38;3.42;746;8;952.00;10
2106;8;624928905;2106;197;2849;2859;9.62;0.59;215.48;3.42;743;8;953.00;10
2109;8;624928918;2109;198;2851;2862;9.57;0.58;215.38;3.41;742;8;954.00;11
2111;8;624928931;2111;204;2855;2862;9.55;0.58;215.32;3.43;744;8;955.00;7
2111;8;624928941;2111;206;2855;2862;9.55;0.58;215.32;3.43;744;8;956.00;7
2114;8;624928950;2114;204;2855;2863;9.53;0.58;215.25;3.43;741;8;957.00;8
2119;8;624928960;2119;210;2856;2864;9.48;0.58;215.07;3.43;737;8;958.00;8
2120;8;624928972;2120;214;2856;2864;9.47;0.58;215.03;3.43;736;8;959.00;8
2122;8;624928983;2122;215;2874;2890;9.49;0.58;214.96;3.41;752;8;960.00;16
2124;8;624928995;2124;208;2875;2890;9.45;0.58;214.95;3.41;751;8;961.00;15
2128;8;624929006;2128;204;2876;2890;9.46;0.58;214.78;3.41;748;8;962.00;14
2132;8;624929016;2132;206;2878;2891;9.39;0.57;214.62;3.41;746;8;963.00;13
2136;8;624929026;2136;209;2879;2891;9.38;0.57;214.46;3.41;743;8;964.00;12
2139;8;624929036;2139;213;2882;2895;9.40;0.57;214.31;3.41;743;8;965.00;13
2140;8;624929046;2140;219;2882;2895;9.40;0.57;214.28;3.41;742;8;966.00;13
2144;8;624929054;2144;221;2886;2899;9.38;0.57;214.12;3.41;742;8;967.00;13
2145;8;624929065;2145;219;2886;2899;9.39;0.57;214.12;3.41;741;8;968.00;13
2147;8;624929073;2147;223;2887;2899;9.41;0.57;214.12;3.41;740;8;969.00;12
2150;8;624929082;2150;231;2887;2899;9.35;0.57;214.19;3.41;737;8;970.00;12
2155;8;624929091;2155;232;2889;2899;9.27;0.56;214.01;3.43;734;8;971.00;10
2157;8;624929101;2157;232;2899;2911;9.31;0.57;214.02;3.42;742;8;972.00;12
2159;8;624929111;2159;233;2901;2911;9.30;0.57;213.88;3.42;742;8;973.00;10
2159;8;624929120;2159;237;2903;2911;9.22;0.56;213.88;3.43;744;8;974.00;8
2161;8;624929129;2161;242;2903;2911;9.15;0.56;213.93;3.43;742;8;975.00;8
2163;8;624929137;2163;251;2903;2911;9.15;0.56;213.94;3.43;740;8;976.00;8
2163;8;624929146;2163;254;2903;2911;9.10;0.56;213.94;3.43;740;8;977.00;8
2165;8;624929155;2165;260;2903;2912;9.08;0.55;213.90;3.43;738;8;978.00;9
2165;8;624929164;2165;250;2903;2912;9.04;0.55;213.90;3.43;738;8;979.00;9
2168;8;624929173;2168;245;2910;2918;9.02;0.55;213.89;3.45;742;8;980.00;8
2170;8;624929183;2170;238;2911;2919;9.02;0.55;213.88;3.45;741;8;981.00;8
2171;8;624929193;2171;243;2911;2919;9.02;0.55;213.84;3.45;740;8;982.00;8
2172;8;624929202;2172;247;2913;2919;8.96;0.55;213.86;3.46;741;8;983.00;6
2174;8;624929211;2174;245;2916;2923;8.96;0.55;213.85;3.46;742;8;984.00;7
2176;8;624929221;2176;245;2917;2923;8.91;0.55;213.67;3.47;741;8;985.00;6
2176;8;624929230;2176;248;2917;2923;8.92;0.55;213.67;3.47;741;8;986.00;6
2179;9;624929239;2179;251;2919;2924;8.96;0.55;213.64;3.48;740;9;987.00;5
2184;9;624929260;2184;252;2922;2928;8.96;0.55;213.53;3.47;738;9;988.00;6
2186;9;624929276;2186;250;2924;2928;8.91;0.55;213.54;3.49;738;9;989.00;4
2187;9;624929287;2187;250;2928;2934;8.99;0.55;213.56;3.48;741;9;990.00;6
2188;9;624929298;2188;260;2930;2934;8.94;0.55;213.48;3.49;742;9;991.00;4
2192;9;624929307;2192;256;2933;2934;8.96;0.55;213.52;3.49;741;9;992.00;1
2193;9;624929317;2193;255;2934;2934;8.99;0.55;213.54;3.49;741;9;993.00;0
2195;9;624929325;2195;254;2938;2938;9.03;0.55;213.48;3.49;743;9;994.00;0
2199;9;624929335;2199;258;2938;2938;8.94;0.55;213.55;3.49;739;9;995.00;0
2200;9;624929345;2200;257;2938;2938;8.85;0.54;213.52;3.49;738;9;996.00;0
2201;9;624929360;2201;255;2938;2938;8.69;0.53;213.48;3.49;737;9;997.00;0
2202;9;624929368;2202;258;2939;2939;8.52;0.52;213.50;3.49;737;9;998.00;0
2202;9;624929377;2202;254;2940;2940;8.42;0.52;213.50;3.49;738;9;999.00;0
2204;9;624929386;2204;250;2940;2940;8.28;0.51;213.78;3.49;736;9;1000.00;0
2205;9;624929398;2205;255;2941;2941;8.24;0.50;213.74;3.49;736;9;1001.00;0
2212;9;624929408;2212;256;2941;2941;8.09;0.49;213.80;3.49;729;9;1002.00;0
2213;9;624929417;2213;248;2941;2941;8.04;0.49;213.73;3.49;728;9;1003.00;0
2215;9;624929426;2215;241;2941;2941;8.03;0.49;213.82;3.49;726;9;1004.00;0
2216;9;624929434;2216;239;2941;2941;8.04;0.49;213.85;3.49;725;9;1005.00;0
2218;9;624929443;2218;238;2941;2941;8.00;0.49;214.10;3.49;723;9;1006.00;0
2219;9;624929452;2219;241;2941;2941;8.00;0.49;214.05;3.49;722;9;1007.00;0
2220;9;624929460;2220;263;3014;3068;8.18;0.51;214.02;3.40;794;9;1008.00;54
2223;9;624929479;2223;256;3018;3069;8.19;0.51;213.87;3.40;795;9;1009.00;51
2226;9;624929488;2226;247;3028;3069;8.18;0.51;214.10;3.40;802;9;1010.00;41
2228;9;624929497;2228;250;3032;3069;8.11;0.50;214.19;3.40;804;9;1011.00;37
2232;9;624929506;2232;250;3037;3069;8.00;0.50;214.21;3.40;805;9;1012.00;32
2234;9;624929515;2234;259;3040;3069;7.84;0.49;214.19;3.40;806;9;1013.00;29
2238;9;624929524;2238;255;3041;3069;7.68;0.47;214.37;3.40;803;9;1014.00;28
2241;9;624929533;2241;261;3044;3069;7.62;0.47;214.34;3.40;803;9;1015.00;25
2247;9;624929543;2247;259;3047;3070;7.59;0.47;214.45;3.41;800;9;1016.00;23
2250;9;624929553;2250;269;3050;3071;7.57;0.46;214.36;3.41;800;9;1017.00;21
2254;9;624929562;2254;271;3053;3071;7.46;0.46;214.52;3.42;799;9;1018.00;18
2256;9;624929572;2256;274;3057;3072;7.41;0.45;214.47;3.43;801;9;1019.00;15
2260;9;624929583;2260;267;3060;3072;7.34;0.45;214.83;3.43;800;9;1020.00;12
2263;9;624929593;2263;262;3062;3072;7.36;0.45;214.82;3.44;799;9;1021.00;10
2266;9;624929603;2266;258;3065;3072;7.35;0.45;215.12;3.45;799;9;1022.00;7
2271;9;624929613;2271;252;3069;3076;7.42;0.46;215.34;3.45;798;9;1023.00;7
2273;9;624929623;2273;260;3070;3076;7.44;0.46;215.48;3.45;797;9;1024.00;6
2275;9;624929633;2275;258;3070;3076;7.49;0.46;215.55;3.45;795;9;1025.00;6
2279;9;624929643;2279;253;3073;3079;7.53;0.46;215.83;3.46;794;9;1026.00;6
2280;9;624929653;2280;248;3073;3079;7.59;0.47;215.92;3.46;793;9;1027.00;6
2284;9;624929665;2284;240;3075;3079;7.61;0.47;216.17;3.46;791;9;1028.00;4
2287;9;624929675;2287;239;3079;3083;7.63;0.47;216.40;3.46;792;9;1029.00;4
2289;9;624929685;2289;233;3081;3084;7.68;0.47;216.35;3.47;792;9;1030.00;3
2295;9;624929695;2295;229;3082;3084;7.73;0.47;216.59;3.47;787;9;1031.00;2
2298;9;624929705;2298;220;3087;3088;7.80;0.48;216.76;3.47;789;9;1032.00;1
2303;9;624929716;2303;213;3087;3088;7.81;0.48;216.90;3.47;784;9;1033.00;1
2305;9;624929727;2305;212;3088;3088;7.87;0.48;217.12;3.47;783;9;1034.00;0
2312;9;624929736;2312;209;3089;3090;7.90;0.48;217.22;3.47;777;9;1035.00;1
2317;9;624929747;2317;207;3090;3090;7.98;0.49;217.37;3.47;773;9;1036.00;0
2320;9;624929757;2320;204;3095;3096;8.12;0.50;217.61;3.47;775;9;1037.00;1
2323;9;624929767;2323;209;3096;3096;8.19;0.50;217.94;3.47;773;9;1038.00;0
2326;9;624929777;2326;209;3097;3097;8.32;0.51;217.92;3.46;771;9;1039.00;0
2331;9;624929788;2331;209;3097;3097;8.38;0.51;218.35;3.46;766;9;1040.00;0
2335;9;624929800;2335;215;3097;3097;8.40;0.51;218.53;3.46;762;9;1041.00;0
2338;9;624929815;2338;209;3097;3097;8.45;0.51;218.57;3.46;759;9;1042.00;0
2341;9;624929828;2341;210;3097;3097;8.50;0.52;218.81;3.46;756;9;1043.00;0
2347;9;624929838;2347;214;3108;3109;8.58;0.52;219.28;3.45;761;9;1044.00;1
2351;9;624929850;2351;208;3108;3109;8.63;0.53;219.59;3.45;757;9;1045.00;1
2357;9;624929861;2357;205;3109;3109;8.62;0.53;219.67;3.45;752;9;1046.00;0
2363;9;624929871;2363;202;3109;3109;8.61;0.52;219.92;3.45;746;9;1047.00;0
2368;9;624929881;2368;206;3109;3109;8.54;0.52;220.15;3.45;741;9;1048.00;0
2370;9;624929891;2370;204;3109;3109;8.56;0.52;220.11;3.45;739;9;1049.00;0
2375;9;624929902;2375;213;3115;3115;8.51;0.52;220.21;3.45;740;9;1050.00;0
2378;9;624929913;2378;207;3115;3115;8.48;0.52;220.48;3.45;737;9;1051.00;0
2380;9;624929923;2380;205;3119;3119;8.51;0.52;220.48;3.44;739;9;1052.00;0
2385;9;624929933;2385;206;3120;3120;8.52;0.52;220.34;3.44;735;9;1053.00;0
2389;9;624929944;2389;207;3120;3120;8.57;0.52;220.29;3.44;731;9;1054.00;0
2392;9;624929953;2392;211;3120;3120;8.56;0.52;220.54;3.44;728;9;1055.00;0
2395;9;624929963;2395;220;3133;3133;8.61;0.52;220.68;3.43;738;9;1056.00;0
2398;9;624929974;2398;219;3133;3133;8.56;0.52;220.80;3.43;735;9;1057.00;0
2402;9;624929984;2402;215;3133;3133;8.54;0.52;220.69;3.43;731;9;1058.00;0
2405;9;624929994;2405;215;3134;3134;8.58;0.52;220.62;3.43;729;9;1059.00;0
2407;9;624930003;2407;216;3135;3135;8.64;0.52;220.79;3.43;728;9;1060.00;0
2407;9;624930015;2407;216;3135;3135;8.72;0.53;220.79;3.43;728;9;1061.00;0
2410;9;624930026;2410;217;3137;3138;8.76;0.53;220.81;3.42;727;9;1062.00;1
2415;9;624930038;2415;216;3137;3138;8.75;0.53;221.18;3.42;722;9;1063.00;1
2417;9;624930048;2417;217;3138;3138;8.69;0.53;221.22;3.42;721;9;1064.00;0
2419;9;624930057;2419;221;3138;3138;8.63;0.52;221.42;3.42;719;9;1065.00;0
2423;9;624930070;2423;223;3144;3144;8.57;0.52;221.44;3.42;721;9;1066.00;0
2423;9;624930080;2423;217;3144;3144;8.62;0.52;221.44;3.42;721;9;1067.00;0
2429;9;624930089;2429;208;3144;3144;8.63;0.52;221.59;3.42;715;9;1068.00;0
2430;9;624930099;2430;206;3144;3144;8.67;0.53;221.62;3.42;714;9;1069.00;0
2431;9;624930108;2431;205;3148;3148;8.70;0.53;221.68;3.42;717;9;1070.00;0
2436;9;624930118;2436;197;3149;3149;8.66;0.53;221.90;3.42;713;9;1071.00;0
2439;9;624930128;2439;196;3149;3149;8.65;0.53;221.92;3.42;710;9;1072.00;0
2443;9;624930138;2443;192;3150;3150;8.70;0.53;221.99;3.41;707;9;1073.00;0
2445;9;624930147;2445;197;3150;3150;8.73;0.53;222.03;3.41;705;9;1074.00;0
2447;9;624930157;2447;201;3150;3150;8.79;0.54;222.10;3.41;703;9;1075.00;0
2450;9;624930166;2450;188;3150;3150;8.82;0.54;222.15;3.41;700;9;1076.00;0
2455;9;624930176;2455;178;3150;3150;8.86;0.54;221.96;3.41;695;9;1077.00;0
2458;9;624930186;2458;173;3150;3150;8.95;0.55;221.99;3.41;692;9;1078.00;0
2461;9;624930195;2461;165;3150;3150;8.97;0.55;222.11;3.41;689;9;1079.00;0
2462;9;624930206;2462;187;3231;3275;9.01;0.56;222.05;3.33;769;9;1080.00;44
2465;9;624930225;2465;183;3237;3276;9.04;0.56;222.07;3.32;772;9;1081.00;39
2468;9;624930236;2468;171;3244;3276;9.09;0.56;222.16;3.32;776;9;1082.00;32
2470;9;624930252;2470;168;3246;3276;9.18;0.57;222.21;3.32;776;9;1083.00;30
2472;10;624930261;2472;166;3251;3276;9.30;0.57;222.26;3.32;779;10;1084.00;25
2474;10;624930277;2474;168;3252;3276;9.42;0.58;222.30;3.32;778;10;1085.00;24
2476;10;624930288;2476;169;3258;3276;9.49;0.58;222.35;3.33;782;10;1086.00;18
2479;10;624930298;2479;172;3262;3276;9.49;0.58;222.43;3.33;783;10;1087.00;14
2480;10;624930312;2480;174;3268;3277;9.46;0.58;222.39;3.34;788;10;1088.00;9
2483;10;624930322;2483;183;3269;3278;9.43;0.58;222.49;3.34;786;10;1089.00;9
2485;10;624930332;2485;190;3273;3278;9.34;0.57;222.53;3.35;788;10;1090.00;5
2488;10;624930342;2488;193;3278;3282;9.32;0.57;222.59;3.35;790;10;1091.00;4
2495;10;624930353;2495;198;3278;3282;9.27;0.57;222.98;3.35;783;10;1092.00;4
2497;10;624930363;2497;203;3279;3282;9.28;0.57;223.11;3.35;782;10;1093.00;3
2501;10;624930373;2501;206;3279;3282;9.23;0.56;223.18;3.35;778;10;1094.00;3
2504;10;624930382;2504;207;3285;3288;9.18;0.56;223.16;3.35;781;10;1095.00;3
2507;10;624930393;2507;213;3285;3288;9.13;0.56;223.27;3.35;778;10;1096.00;3
2511;10;624930403;2511;224;3285;3288;9.13;0.56;223.38;3.35;774;10;1097.00;3
2517;10;624930413;2517;221;3288;3291;9.11;0.56;223.57;3.35;771;10;1098.00;3
2518;10;624930423;2518;222;3288;3291;9.17;0.56;223.59;3.35;770;10;1099.00;3
2521;10;624930433;2521;228;3290;3291;9.11;0.56;223.69;3.36;769;10;1100.00;1
2522;10;624930446;2522;225;3290;3292;9.15;0.56;223.75;3.36;768;10;1101.00;2
2525;10;624930455;2525;223;3291;3293;9.25;0.57;223.82;3.35;766;10;1102.00;2
2528;10;624930464;2528;224;3291;3293;9.31;0.57;223.78;3.35;763;10;1103.00;2
2530;10;624930474;2530;231;3301;3306;9.33;0.57;223.78;3.34;771;10;1104.00;5
2532;10;624930484;2532;230;3301;3306;9.43;0.58;223.70;3.34;769;10;1105.00;5
2537;10;624930493;2537;233;3302;3306;9.41;0.58;223.69;3.34;765;10;1106.00;4
2539;10;624930503;2539;229;3303;3307;9.44;0.58;223.57;3.34;764;10;1107.00;4
2540;10;624930512;2540;227;3303;3307;9.48;0.58;223.51;3.34;763;10;1108.00;4
2541;10;624930521;2541;224;3307;3311;9.48;0.58;223.48;3.34;766;10;1109.00;4
2543;10;624930533;2543;224;3307;3311;9.49;0.58;223.39;3.34;764;10;1110.00;4
2547;10;624930542;2547;227;3310;3315;9.51;0.58;223.30;3.34;763;10;1111.00;5
2549;10;624930551;2549;227;3310;3315;9.56;0.59;223.20;3.34;761;10;1112.00;5
2552;10;624930561;2552;226;3310;3315;9.66;0.59;223.10;3.34;758;10;1113.00;5
2555;10;624930570;2555;229;3310;3315;9.71;0.59;223.00;3.34;755;10;1114.00;5
2558;10;624930579;2558;233;3310;3315;9.78;0.60;223.06;3.34;752;10;1115.00;5
2560;10;624930588;2560;234;3321;3327;9.81;0.60;222.97;3.33;761;10;1116.00;6
2562;10;624930599;2562;233;3321;3327;9.80;0.60;222.91;3.33;759;10;1117.00;6
2565;10;624930608;2565;236;3321;3327;9.77;0.60;222.88;3.33;756;10;1118.00;6
2567;10;624930617;2567;233;3321;3327;9.73;0.59;222.87;3.33;754;10;1119.00;6
2568;10;624930626;2568;238;3321;3327;9.67;0.59;222.86;3.33;753;10;1120.00;6
2572;10;624930634;2572;234;3321;3327;9.56;0.58;222.88;3.33;749;10;1121.00;6
2579;10;624930644;2579;234;3321;3328;9.47;0.58;222.81;3.33;742;10;1122.00;7
2582;10;624930653;2582;243;3321;3328;9.44;0.58;222.70;3.33;739;10;1123.00;7
2583;10;624930662;2583;242;3326;3334;9.46;0.58;222.64;3.32;743;10;1124.00;8
2585;10;624930671;2585;244;3329;3336;9.41;0.57;222.57;3.34;744;10;1125.00;7
2587;10;624930681;2587;246;3330;3336;9.41;0.57;222.53;3.34;743;10;1126.00;6
2589;10;624930689;2589;248;3330;3336;9.36;0.57;222.45;3.34;741;10;1127.00;6
2591;10;624930697;2591;247;3333;3340;9.38;0.57;222.37;3.33;742;10;1128.00;7
2595;10;624930706;2595;248;3333;3340;9.38;0.57;222.31;3.33;738;10;1129.00;7
2597;10;624930714;2597;247;3333;3340;9.44;0.57;222.21;3.33;736;10;1130.00;7
2598;10;624930723;2598;235;3334;3341;9.53;0.58;222.17;3.33;736;10;1131.00;7
2601;10;624930732;2601;230;3337;3345;9.54;0.58;222.16;3.33;736;10;1132.00;8
2603;10;624930742;2603;223;3337;3345;9.54;0.58;222.14;3.33;734;10;1133.00;8
2603;10;624930750;2603;221;3339;3348;9.65;0.58;222.14;3.33;736;10;1134.00;9
2604;10;624930760;2604;214;3340;3348;9.68;0.59;222.07;3.33;736;10;1135.00;8
2605;10;624930774;2605;212;3340;3348;9.70;0.59;222.00;3.33;735;10;1136.00;8
2606;10;624930783;2606;216;3340;3348;9.75;0.59;221.96;3.33;734;10;1137.00;8
2608;10;624930792;2608;214;3344;3352;9.82;0.60;221.97;3.33;736;10;1138.00;8
2609;10;624930802;2609;212;3344;3352;9.91;0.60;221.91;3.33;735;10;1139.00;8
2611;10;624930815;2611;213;3344;3352;10.03;0.61;221.78;3.33;733;10;1140.00;8
2611;10;624930828;2611;210;3344;3352;10.09;0.61;221.78;3.33;733;10;1141.00;8
2612;10;624930846;2612;210;3344;3353;10.11;0.62;221.78;3.33;732;10;1142.00;9
2613;10;624930862;2613;212;3345;3354;10.14;0.62;221.77;3.32;732;10;1143.00;9
2615;10;624930877;2615;211;3345;3354;10.16;0.62;221.71;3.32;730;10;1144.00;9
2616;10;624930911;2616;205;3346;3355;10.10;0.61;221.73;3.32;730;10;1145.00;9
2616;10;624930925;2616;206;3346;3355;10.08;0.61;221.73;3.32;730;10;1146.00;9
2618;10;624930936;2618;206;3346;3355;10.06;0.61;221.73;3.32;728;10;1147.00;9
2619;10;624930946;2619;205;3346;3355;10.06;0.61;221.69;3.32;727;10;1148.00;9
2623;10;624930956;2623;212;3346;3355;10.00;0.61;221.64;3.32;723;10;1149.00;9
2623;10;624930965;2623;212;3348;3355;9.99;0.61;221.64;3.35;725;10;1150.00;7
2624;10;624930976;2624;215;3348;3355;9.93;0.60;221.79;3.35;724;10;1151.00;7
2627;10;624930985;2627;231;3415;3482;9.86;0.61;221.87;3.30;788;10;1152.00;67
2627;10;624931006;2627;230;3419;3483;9.85;0.61;221.87;3.30;792;10;1153.00;64
2630;10;624931017;2630;231;3429;3483;9.87;0.61;222.08;3.30;799;10;1154.00;54
2632;10;624931027;2632;228;3435;3483;9.82;0.61;222.07;3.32;803;10;1155.00;48
2633;10;624931037;2633;228;3442;3483;9.80;0.61;222.15;3.32;809;10;1156.00;41
2636;10;624931047;2636;231;3446;3483;9.73;0.60;222.27;3.32;810;10;1157.00;37
2638;10;624931057;2638;230;3449;3483;9.56;0.59;222.39;3.33;811;10;1158.00;34
2642;10;624931067;2642;239;3453;3483;9.43;0.58;222.39;3.33;811;10;1159.00;30
2644;10;624931077;2644;248;3456;3484;9.42;0.58;222.57;3.34;812;10;1160.00;28
2647;10;624931087;2647;252;3461;3485;9.33;0.57;222.80;3.36;814;10;1161.00;24
2648;10;624931098;2648;256;3464;3485;9.27;0.57;222.80;3.36;816;10;1162.00;21
2651;10;624931107;2651;256;3466;3486;9.11;0.56;222.87;3.37;815;10;1163.00;20
2654;10;624931123;2654;261;3469;3486;8.91;0.55;222.93;3.37;815;10;1164.00;17
2657;10;624931133;2657;267;3471;3486;8.74;0.54;222.92;3.38;814;10;1165.00;15
2658;10;624931143;2658;272;3475;3486;8.57;0.53;223.04;3.39;817;10;1166.00;11
2662;10;624931152;2662;280;3483;3490;8.41;0.52;223.11;3.40;821;10;1167.00;7
2663;10;624931163;2663;289;3484;3490;8.27;0.51;223.08;3.40;821;10;1168.00;6
2668;10;624931172;2668;290;3484;3490;8.16;0.50;223.23;3.40;816;10;1169.00;6
2670;10;624931184;2670;290;3488;3496;8.14;0.50;223.18;3.41;818;10;1170.00;8
2674;10;624931194;2674;291;3489;3496;8.03;0.49;223.21;3.41;815;10;1171.00;7
2678;10;624931204;2678;293;3491;3496;7.98;0.49;223.47;3.42;813;10;1172.00;5
2680;10;624931214;2680;297;3496;3500;7.89;0.48;223.57;3.42;816;10;1173.00;4
2684;10;624931225;2684;295;3497;3501;7.87;0.48;223.44;3.42;813;10;1174.00;4
2687;10;624931235;2687;300;3497;3501;7.90;0.48;223.59;3.42;810;10;1175.00;4
2690;10;624931244;2690;299;3502;3505;7.96;0.49;223.53;3.42;812;10;1176.00;3
2693;10;624931255;2693;295;3503;3505;8.00;0.49;223.73;3.42;810;10;1177.00;2
2694;10;624931265;2694;302;3504;3505;8.02;0.49;223.82;3.42;810;10;1178.00;1
2697;10;624931275;2697;304;3504;3506;8.04;0.49;223.85;3.42;807;10;1179.00;2
2702;10;624931285;2702;305;3506;3506;7.97;0.49;224.16;3.42;804;10;1180.00;0
2705;10;624931295;2705;304;3511;3512;7.96;0.49;224.25;3.42;806;10;1181.00;1
2708;10;624931305;2708;306;3511;3512;7.90;0.48;224.18;3.42;803;10;1182.00;1
2711;10;624931314;2711;307;3512;3513;7.81;0.48;224.20;3.42;801;10;1183.00;1
2715;10;624931324;2715;311;3512;3513;7.72;0.47;224.38;3.42;797;10;1184.00;1
2717;10;624931333;2717;308;3512;3513;7.70;0.47;224.39;3.42;795;10;1185.00;1
2722;10;624931342;2722;309;3512;3513;7.62;0.47;224.66;3.42;790;10;1186.00;1
2726;10;624931352;2726;307;3512;3513;7.60;0.46;224.66;3.42;786;10;1187.00;1
2730;10;624931361;2730;306;3523;3525;7.56;0.46;225.00;3.41;793;10;1188.00;2
2736;10;624931371;2736;303;3523;3525;7.50;0.46;225.28;3.41;787;10;1189.00;2
2740;10;624931380;2740;289;3523;3525;7.47;0.46;225.51;3.41;783;10;1190.00;2
2743;10;624931390;2743;282;3523;3525;7.40;0.45;225.82;3.41;780;10;1191.00;2
2748;10;624931399;2748;277;3523;3525;7.35;0.45;226.11;3.41;775;10;1192.00;2
2750;10;624931408;2750;277;3523;3525;7.41;0.45;226.23;3.41;773;10;1193.00;2
2753;10;624931417;2753;273;3527;3529;7.41;0.45;226.28;3.40;774;10;1194.00;2
2756;10;624931427;2756;264;3527;3529;7.45;0.46;226.54;3.40;771;10;1195.00;2
2757;10;624931436;2757;258;3530;3533;7.56;0.46;226.47;3.40;773;10;1196.00;3
2762;10;624931445;2762;246;3532;3534;7.56;0.46;226.73;3.40;770;10;1197.00;2
2768;10;624931455;2768;236;3532;3534;7.56;0.46;226.88;3.40;764;10;1198.00;2
2769;10;624931465;2769;238;3532;3534;7.62;0.47;226.97;3.40;763;10;1199.00;2
2773;10;624931477;2773;239;3559;3575;7.54;0.46;227.23;3.38;786;10;1200.00;16
2777;10;624931496;2777;227;3560;3575;7.53;0.46;227.30;3.38;783;10;1201.00;15
2781;10;624931506;2781;226;3564;3575;7.62;0.47;227.55;3.38;783;10;1202.00;11
2783;10;624931515;2783;233;3568;3576;7.72;0.47;227.54;3.38;785;10;1203.00;8
2785;10;624931525;2785;238;3569;3577;7.83;0.48;227.63;3.38;784;10;1204.00;8
2792;10;624931536;2792;231;3570;3577;7.90;0.48;227.60;3.38;778;10;1205.00;7
2796;10;624931547;2796;231;3574;3580;7.96;0.49;227.67;3.38;778;10;1206.00;6
2800;10;624931557;2800;220;3575;3580;8.06;0.49;227.66;3.38;775;10;1207.00;5
2806;10;624931567;2806;222;3575;3580;8.04;0.49;227.79;3.38;769;10;1208.00;5
2808;10;624931577;2808;222;3576;3580;8.03;0.49;227.90;3.38;768;10;1209.00;4
2809;10;624931589;2809;223;3582;3586;8.05;0.49;227.87;3.38;773;10;1210.00;4
2813;10;624931600;2813;223;3582;3586;7.99;0.49;227.97;3.38;769;10;1211.00;4
2818;10;624931611;2818;231;3582;3586;7.90;0.48;228.05;3.38;764;10;1212.00;4
2823;10;624931620;2823;223;3582;3586;7.84;0.48;228.24;3.38;759;10;1213.00;4
2825;10;624931630;2825;225;3587;3590;7.84;0.48;228.29;3.38;762;10;1214.00;3
2829;10;624931640;2829;224;3589;3592;7.83;0.48;228.31;3.37;760;10;1215.00;3
2834;10;624931650;2834;228;3589;3592;7.80;0.48;228.47;3.37;755;10;1216.00;3
2836;10;624931661;2836;229;3590;3593;7.84;0.48;228.51;3.37;754;10;1217.00;3
2840;10;624931670;2840;234;3590;3593;7.88;0.48;228.60;3.37;750;10;1218.00;3
2844;10;624931680;2844;233;3590;3593;7.90;0.48;228.60;3.37;746;10;1219.00;3
2850;10;624931690;2850;241;3591;3593;7.81;0.48;228.61;3.38;741;10;1220.00;2
2857;10;624931700;2857;240;3591;3593;7.72;0.47;228.81;3.38;734;10;1221.00;2
2858;10;624931709;2858;244;3591;3593;7.71;0.47;228.73;3.38;733;10;1222.00;2
2862;10;624931719;2862;248;3591;3593;7.64;0.47;228.85;3.38;729;10;1223.00;2
2867;10;624931728;2867;262;3634;3663;7.56;0.47;228.73;3.34;767;10;1224.00;29
2871;10;624931743;2871;257;3636;3664;7.53;0.46;228.68;3.34;765;10;1225.00;28
2875;10;624931753;2875;250;3642;3664;7.56;0.47;228.66;3.34;767;10;1226.00;22
2879;10;624931763;2879;248;3644;3664;7.63;0.47;228.68;3.34;765;10;1227.00;20
2884;10;624931773;2884;249;3647;3666;7.62;0.47;228.65;3.34;763;10;1228.00;19
2888;10;624931783;2888;247;3649;3666;7.66;0.47;228.72;3.34;761;10;1229.00;17
2893;10;624931796;2893;245;3651;3666;7.69;0.47;228.63;3.34;758;10;1230.00;15
2894;10;624931807;2894;246;3655;3666;7.78;0.48;228.64;3.35;761;10;1231.00;11
2895;10;624931817;2895;246;3657;3667;7.82;0.48;228.69;3.36;762;10;1232.00;10
2897;10;624931827;2897;252;3659;3668;7.83;0.48;228.70;3.36;762;10;1233.00;9
2898;10;624931837;2898;261;3661;3668;7.78;0.48;228.67;3.36;763;10;1234.00;7
2899;10;624931848;2899;266;3669;3672;7.75;0.47;228.69;3.37;770;10;1235.00;3
2902;10;624931858;2902;277;3671;3672;7.72;0.47;228.68;3.37;769;10;1236.00;1
2904;10;624931868;2904;269;3672;3672;7.73;0.47;228.68;3.37;768;10;1237.00;0
2908;10;624931878;2908;261;3672;3672;7.67;0.47;228.82;3.37;764;10;1238.00;0
2909;10;624931888;2909;262;3678;3678;7.65;0.47;228.82;3.37;769;10;1239.00;0
2909;10;624931898;2909;255;3678;3678;7.63;0.47;228.82;3.37;769;10;1240.00;0
2910;10;624931908;2910;258;3678;3678;7.61;0.47;228.83;3.37;768;10;1241.00;0
2910;10;624931918;2910;265;3680;3681;7.66;0.47;228.83;3.37;770;10;1242.00;1
2912;10;624931933;2912;268;3680;3681;7.61;0.46;228.84;3.37;768;10;1243.00;1
2912;10;624931943;2912;268;3681;3681;7.59;0.46;228.84;3.37;769;10;1244.00;0
2916;10;624931953;2916;269;3682;3682;7.48;0.46;228.75;3.36;766;10;1245.00;0
2916;10;624931962;2916;253;3683;3683;7.44;0.45;228.75;3.36;767;10;1246.00;0
2917;10;624931973;2917;249;3683;3683;7.41;0.45;228.72;3.36;766;10;1247.00;0
2920;10;624931983;2920;250;3695;3696;7.48;0.46;228.58;3.35;775;10;1248.00;1
2925;10;624931994;2925;243;3696;3696;7.49;0.45;228.50;3.35;771;10;1249.00;0
2930;10;624932004;2930;238;3696;3696;7.49;0.45;228.42;3.35;766;10;1250.00;0
2931;10;624932014;2931;233;3697;3697;7.57;0.46;228.39;3.35;766;10;1251.00;0
2931;10;624932025;2931;228;3697;3697;7.66;0.47;228.39;3.35;766;10;1252.00;0
2933;10;624932034;2933;231;3701;3701;7.80;0.47;228.40;3.35;768;10;1253.00;0
2933;10;624932044;2933;231;3701;3701;7.90;0.48;228.40;3.35;768;10;1254.00;0
2935;10;624932054;2935;237;3705;3705;7.95;0.48;228.32;3.35;770;10;1255.00;0
2936;10;624932064;2936;232;3705;3705;8.03;0.49;228.27;3.35;769;10;1256.00;0
2938;10;624932074;2938;233;3705;3705;8.10;0.49;228.30;3.35;767;10;1257.00;0
2940;10;624932084;2940;235;3705;3705;8.18;0.50;228.32;3.35;765;10;1258.00;0
2943;10;624932094;2943;228;3705;3705;8.24;0.50;228.23;3.35;762;10;1259.00;0
2944;10;624932105;2944;235;3734;3739;8.31;0.51;228.21;3.32;790;10;1260.00;5
2946;10;624932117;2946;232;3734;3739;8.33;0.51;228.18;3.32;788;10;1261.00;5
2948;10;624932126;2948;232;3736;3739;8.40;0.51;228.12;3.32;788;10;1262.00;3
2951;10;624932136;2951;231;3736;3739;8.39;0.51;228.04;3.32;785;10;1263.00;3
2953;10;624932145;2953;236;3737;3739;8.38;0.51;227.99;3.32;784;10;1264.00;2
2955;10;624932155;2955;245;3737;3739;8.38;0.51;227.95;3.32;782;10;1265.00;2
2956;10;624932164;2956;243;3737;3740;8.44;0.51;227.91;3.32;781;10;1266.00;3
2959;10;624932174;2959;249;3737;3740;8.40;0.51;227.81;3.32;778;10;1267.00;3
2959;10;624932183;2959;248;3742;3746;8.45;0.51;227.81;3.32;783;10;1268.00;4
2960;10;624932192;2960;252;3743;3747;8.48;0.52;227.80;3.32;783;10;1269.00;4
2963;10;624932201;2963;250;3743;3747;8.48;0.51;227.63;3.32;780;10;1270.00;4
2964;10;624932211;2964;248;3743;3747;8.44;0.51;227.57;3.32;779;10;1271.00;4
2965;10;624932219;2965;250;3746;3751;8.50;0.52;227.50;3.31;781;10;1272.00;5
2966;11;624932229;2966;255;3746;3751;8.51;0.52;227.51;3.31;780;11;1273.00;5
2969;11;624932248;2969;254;3746;3751;8.61;0.52;227.48;3.31;777;11;1274.00;5
2969;11;624932258;2969;257;3747;3752;8.66;0.53;227.48;3.31;778;11;1275.00;5
2971;11;624932267;2971;259;3750;3756;8.64;0.52;227.43;3.31;779;11;1276.00;6
2972;11;624932277;2972;257;3750;3756;8.64;0.52;227.45;3.31;778;11;1277.00;6
2973;11;624932286;2973;260;3752;3759;8.63;0.52;227.40;3.31;779;11;1278.00;7
2975;11;624932296;2975;257;3752;3759;8.65;0.52;227.46;3.31;777;11;1279.00;7
2977;11;624932305;2977;258;3753;3759;8.63;0.52;227.36;3.31;776;11;1280.00;6
2978;11;624932314;2978;256;3753;3759;8.66;0.52;227.37;3.31;775;11;1281.00;6
2980;11;624932323;2980;257;3757;3763;8.66;0.52;227.35;3.31;777;11;1282.00;6
2982;11;624932333;2982;241;3757;3763;8.69;0.53;227.38;3.31;775;11;1283.00;6
2983;11;624932342;2983;235;3757;3763;8.71;0.53;227.37;3.31;774;11;1284.00;6
2983;11;624932351;2983;226;3757;3763;8.79;0.53;227.37;3.31;774;11;1285.00;6
2986;11;624932360;2986;223;3757;3764;8.87;0.54;227.35;3.31;771;11;1286.00;7
2989;11;624932370;2989;221;3758;3765;8.90;0.54;227.34;3.31;769;11;1287.00;7
2989;11;624932379;2989;213;3758;3765;8.93;0.54;227.34;3.31;769;11;1288.00;7
2990;11;624932388;2990;207;3759;3766;9.02;0.55;227.33;3.30;769;11;1289.00;7
2990;11;624932399;2990;202;3759;3766;9.12;0.55;227.33;3.30;769;11;1290.00;7
2993;11;624932408;2993;196;3759;3766;9.25;0.56;227.36;3.30;766;11;1291.00;7
2996;11;624932417;2996;193;3759;3766;9.29;0.56;227.48;3.30;763;11;1292.00;7
2996;11;624932426;2996;187;3759;3766;9.40;0.57;227.48;3.30;763;11;1293.00;7
2999;11;624932435;2999;183;3760;3766;9.49;0.58;227.42;3.31;761;11;1294.00;6
3000;11;624932444;3000;170;3761;3766;9.58;0.58;227.40;3.32;761;11;1295.00;5
3004;11;624932454;3004;184;3823;3893;9.63;0.59;227.25;3.27;819;11;1296.00;70
3008;11;624932474;3008;174;3823;3894;9.74;0.60;227.16;3.27;815;11;1297.00;71
3010;11;624932489;3010;161;3831;3894;9.90;0.61;227.17;3.26;821;11;1298.00;63
3011;12;624932504;3011;157;3836;3894;9.94;0.61;227.14;3.26;825;12;1299.00;58
3013;12;624932525;3013;149;3842;3894;10.05;0.62;227.03;3.26;829;12;1300.00;52
3013;12;624932539;3013;151;3845;3894;10.06;0.62;227.03;3.27;832;12;1301.00;49
3014;12;624932549;3014;140;3848;3894;10.15;0.62;227.00;3.27;834;12;1302.00;46
3016;12;624932559;3016;145;3852;3894;10.17;0.62;226.97;3.27;836;12;1303.00;42
3020;12;624932569;3020;148;3854;3895;10.25;0.63;226.97;3.27;834;12;1304.00;41
3024;12;624932580;3024;151;3859;3897;10.25;0.63;226.88;3.28;835;12;1305.00;38
3025;12;624932592;3025;151;3861;3897;10.36;0.63;226.88;3.28;836;12;1306.00;36
3027;12;624932603;3027;144;3864;3898;10.40;0.64;226.84;3.29;837;12;1307.00;34
3029;12;624932614;3029;148;3869;3898;10.38;0.64;226.79;3.30;840;12;1308.00;29
3031;12;624932625;3031;149;3870;3898;10.40;0.64;226.77;3.30;839;12;1309.00;28
3035;12;624932635;3035;152;3874;3898;10.28;0.63;226.80;3.31;839;12;1310.00;24
3039;12;624932646;3039;152;3878;3902;10.29;0.63;226.80;3.32;839;12;1311.00;24
3042;12;624932657;3042;152;3880;3902;10.21;0.62;226.85;3.32;838;12;1312.00;22
3044;12;624932667;3044;157;3881;3902;10.11;0.62;227.05;3.33;837;12;1313.00;21
3047;12;624932677;3047;165;3884;3905;10.01;0.61;227.11;3.33;837;12;1314.00;21
3051;12;624932689;3051;171;3887;3905;9.86;0.60;227.21;3.35;836;12;1315.00;18
3055;12;624932700;3055;179;3890;3905;9.74;0.59;227.22;3.37;835;12;1316.00;15
3057;12;624932710;3057;187;3893;3909;9.67;0.59;227.27;3.37;836;12;1317.00;16
3060;12;624932722;3060;188;3895;3910;9.66;0.59;227.34;3.37;835;12;1318.00;15
3062;12;624932733;3062;191;3897;3910;9.59;0.58;227.27;3.38;835;12;1319.00;13
3066;12;624932746;3066;195;3903;3915;9.56;0.58;227.44;3.39;837;12;1320.00;12
3068;12;624932759;3068;201;3903;3915;9.53;0.58;227.47;3.39;835;12;1321.00;12
3073;12;624932770;3073;199;3904;3915;9.48;0.58;227.72;3.39;831;12;1322.00;11
3076;12;624932781;3076;205;3906;3916;9.44;0.57;227.88;3.40;830;12;1323.00;10
3079;12;624932793;3079;213;3907;3916;9.39;0.57;227.94;3.41;828;12;1324.00;9
3081;12;624932804;3081;219;3913;3922;9.35;0.57;228.04;3.41;832;12;1325.00;9
3083;12;624932823;3083;220;3914;3922;9.29;0.57;228.15;3.41;831;12;1326.00;8
3086;12;624932839;3086;227;3915;3923;9.26;0.57;228.28;3.42;829;12;1327.00;8
3089;12;624932857;3089;233;3916;3923;9.14;0.56;228.42;3.43;827;12;1328.00;7
3094;12;624932878;3094;234;3916;3923;9.00;0.55;228.55;3.43;822;12;1329.00;7
3095;12;624932896;3095;238;3917;3923;8.90;0.54;228.55;3.43;822;12;1330.00;6
3098;12;624932911;3098;238;3917;3923;8.85;0.54;228.66;3.43;819;12;1331.00;6
3100;12;624932928;3100;243;3927;3935;8.87;0.54;228.78;3.42;827;12;1332.00;8
3103;12;624932943;3103;239;3931;3935;8.88;0.54;228.72;3.45;828;12;1333.00;4
3106;12;624932955;3106;246;3932;3935;8.81;0.54;228.81;3.45;826;12;1334.00;3
3109;12;624932966;3109;252;3934;3935;8.76;0.53;229.00;3.46;825;12;1335.00;1
3110;12;624932978;3110;252;3934;3935;8.68;0.53;228.99;3.46;824;12;1336.00;1
3112;12;624932988;3112;257;3934;3935;8.52;0.52;229.14;3.46;822;12;1337.00;1
3115;12;624933005;3115;260;3939;3939;8.42;0.51;229.26;3.45;824;12;1338.00;0
3116;12;624933016;3116;255;3939;3939;8.40;0.51;229.27;3.45;823;12;1339.00;0
3119;12;624933027;3119;254;3943;3943;8.43;0.52;229.32;3.45;824;12;1340.00;0
3122;12;624933039;3122;254;3944;3944;8.44;0.52;229.35;3.45;822;12;1341.00;0
3123;12;624933049;3123;255;3944;3944;8.36;0.51;229.44;3.45;821;12;1342.00;0
3124;12;624933059;3124;256;3944;3944;8.37;0.51;229.42;3.45;820;12;1343.00;0
3125;12;624933069;3125;254;3957;3957;8.31;0.51;229.39;3.44;832;12;1344.00;0
3128;12;624933081;3128;256;3957;3957;8.31;0.51;229.34;3.44;829;12;1345.00;0
3129;12;624933092;3129;260;3957;3957;8.28;0.51;229.35;3.44;828;12;1346.00;0
3132;12;624933102;3132;261;3958;3958;8.28;0.51;229.61;3.44;826;12;1347.00;0
3133;12;624933113;3133;263;3959;3959;8.30;0.51;229.68;3.44;826;12;1348.00;0
3136;12;624933122;3136;259;3959;3959;8.33;0.51;229.76;3.44;823;12;1349.00;0
3138;12;624933134;3138;262;3966;3968;8.34;0.51;229.99;3.43;828;12;1350.00;2
3141;12;624933145;3141;258;3966;3968;8.29;0.51;230.03;3.43;825;12;1351.00;2
3142;12;624933156;3142;259;3967;3968;8.23;0.50;230.11;3.43;825;12;1352.00;1
3150;12;624933166;3150;260;3967;3968;8.13;0.50;230.30;3.43;817;12;1353.00;1
3157;12;624933176;3157;260;3973;3974;8.01;0.49;230.45;3.43;816;12;1354.00;1
3161;12;624933186;3161;259;3974;3974;7.92;0.48;230.62;3.43;813;12;1355.00;0
3163;12;624933196;3163;259;3974;3974;7.81;0.48;230.72;3.43;811;12;1356.00;0
3169;12;624933206;3169;262;3974;3974;7.62;0.47;230.89;3.43;805;12;1357.00;0
3173;12;624933215;3173;261;3978;3978;7.50;0.46;230.97;3.43;805;12;1358.00;0
3177;12;624933225;3177;263;3979;3979;7.47;0.46;231.25;3.42;802;12;1359.00;0
3180;12;624933235;3180;255;3979;3979;7.46;0.46;231.27;3.42;799;12;1360.00;0
3183;12;624933244;3183;250;3980;3980;7.43;0.45;231.42;3.42;797;12;1361.00;0
3187;12;624933255;3187;249;3980;3980;7.45;0.46;231.60;3.42;793;12;1362.00;0
3191;12;624933264;3191;245;3980;3980;7.47;0.46;231.53;3.42;789;12;1363.00;0
3193;12;624933273;3193;243;3980;3980;7.49;0.46;231.68;3.42;787;12;1364.00;0
3198;12;624933283;3198;245;3980;3980;7.44;0.46;231.95;3.42;782;12;1365.00;0
3201;12;624933292;3201;240;3980;3980;7.48;0.46;231.95;3.42;779;12;1366.00;0
3206;12;624933301;3206;233;3980;3980;7.46;0.46;232.13;3.42;774;12;1367.00;0
3210;12;624933311;3210;232;4018;4050;7.59;0.47;232.21;3.39;808;12;1368.00;32
3213;12;624933325;3213;228;4022;4051;7.62;0.47;232.12;3.39;809;12;1369.00;29
3219;12;624933335;3219;230;4028;4051;7.64;0.47;232.41;3.39;809;12;1370.00;23
3222;12;624933346;3222;234;4031;4051;7.64;0.47;232.44;3.39;809;12;1371.00;20
3225;12;624933357;3225;240;4033;4051;7.62;0.47;232.58;3.39;808;12;1372.00;18
3228;12;624933372;3228;236;4035;4051;7.57;0.46;232.79;3.39;807;12;1373.00;16
3232;12;624933382;3232;235;4037;4051;7.52;0.46;232.87;3.39;805;12;1374.00;14
3234;12;624933393;3234;238;4039;4051;7.53;0.46;232.80;3.39;805;12;1375.00;12
3237;12;624933403;3237;240;4041;4052;7.50;0.46;233.08;3.39;804;12;1376.00;11
3241;12;624933412;3241;243;4043;4053;7.40;0.45;233.23;3.40;802;12;1377.00;10
3248;12;624933422;3248;253;4047;4053;7.37;0.45;233.47;3.40;799;12;1378.00;6
3251;12;624933432;3251;249;4051;4057;7.41;0.45;233.45;3.40;800;12;1379.00;6
3256;12;624933443;3256;253;4052;4057;7.36;0.45;233.68;3.40;796;12;1380.00;5
3259;12;624933453;3259;261;4055;4057;7.35;0.45;233.74;3.41;796;12;1381.00;2
3265;12;624933463;3265;267;4055;4057;7.25;0.45;233.86;3.41;790;12;1382.00;2
3270;12;624933474;3270;268;4061;4063;7.21;0.44;234.09;3.40;791;12;1383.00;2
3273;12;624933485;3273;268;4061;4063;7.28;0.45;234.13;3.40;788;12;1384.00;2
3278;12;624933495;3278;264;4061;4063;7.31;0.45;234.17;3.40;783;12;1385.00;2
3281;12;624933505;3281;264;4063;4066;7.38;0.45;234.46;3.40;782;12;1386.00;3
3284;12;624933515;3284;269;4063;4066;7.38;0.45;234.58;3.40;779;12;1387.00;3
3289;12;624933525;3289;274;4064;4066;7.36;0.45;234.73;3.40;775;12;1388.00;2
3295;12;624933535;3295;270;4067;4067;7.23;0.44;234.65;3.41;772;12;1389.00;0
3299;12;624933545;3299;266;4068;4068;7.25;0.44;234.70;3.41;769;12;1390.00;0
3303;12;624933555;3303;274;4068;4068;7.20;0.44;234.85;3.41;765;12;1391.00;0
3305;12;624933565;3305;274;4080;4081;7.28;0.44;234.83;3.40;775;12;1392.00;1
3308;12;624933575;3308;272;4081;4081;7.21;0.44;234.81;3.40;773;12;1393.00;0
3313;12;624933585;3313;268;4081;4081;7.20;0.44;234.96;3.40;768;12;1394.00;0
3317;12;624933595;3317;274;4083;4083;7.23;0.44;234.98;3.39;766;12;1395.00;0
3321;12;624933605;3321;277;4083;4083;7.20;0.44;235.07;3.39;762;12;1396.00;0
3327;12;624933615;3327;281;4087;4087;7.14;0.43;235.09;3.39;760;12;1397.00;0
3330;12;624933625;3330;279;4087;4087;7.10;0.43;235.28;3.39;757;12;1398.00;0
3332;12;624933634;3332;284;4091;4091;7.04;0.43;235.18;3.39;759;12;1399.00;0
3335;12;624933645;3335;290;4091;4091;6.97;0.42;235.32;3.39;756;12;1400.00;0
3341;12;624933659;3341;296;4091;4091;6.92;0.42;235.33;3.39;750;12;1401.00;0
3341;12;624933669;3341;300;4091;4091;6.86;0.42;235.33;3.39;750;12;1402.00;0
3344;12;624933678;3344;304;4091;4091;6.77;0.41;235.41;3.39;747;12;1403.00;0
3347;12;624933688;3347;312;4101;4103;6.75;0.41;235.48;3.38;754;12;1404.00;2
3350;12;624933699;3350;321;4101;4103;6.68;0.41;235.47;3.38;751;12;1405.00;2
3352;12;624933708;3352;323;4103;4103;6.65;0.40;235.60;3.38;751;12;1406.00;0
3353;12;624933718;3353;319;4103;4103;6.61;0.40;235.63;3.38;750;12;1407.00;0
3355;12;624933728;3355;317;4103;4103;6.56;0.40;235.66;3.38;748;12;1408.00;0
3356;12;624933738;3356;315;4103;4103;6.60;0.40;235.67;3.38;747;12;1409.00;0
3362;12;624933749;3362;316;4104;4104;6.51;0.40;235.66;3.38;742;12;1410.00;0
3364;12;624933759;3364;318;4104;4104;6.60;0.40;235.82;3.38;740;12;1411.00;0
3368;12;624933769;3368;318;4110;4110;6.60;0.40;235.76;3.38;742;12;1412.00;0
3373;12;624933779;3373;321;4111;4111;6.67;0.40;235.70;3.38;738;12;1413.00;0
3374;12;624933789;3374;322;4111;4111;6.74;0.41;235.67;3.38;737;12;1414.00;0
3377;12;624933800;3377;324;4111;4111;6.78;0.41;235.59;3.38;734;12;1415.00;0
3380;12;624933810;3380;311;4115;4115;6.87;0.42;235.57;3.37;735;12;1416.00;0
3381;12;624933821;3381;303;4115;4115;6.94;0.42;235.60;3.37;734;12;1417.00;0
3383;12;624933832;3383;301;4115;4115;7.01;0.43;235.53;3.37;732;12;1418.00;0
3384;12;624933843;3384;293;4116;4116;7.18;0.44;235.53;3.37;732;12;1419.00;0
3384;12;624933853;3384;293;4120;4120;7.25;0.44;235.53;3.37;736;12;1420.00;0
3384;12;624933869;3384;289;4120;4120;7.37;0.45;235.53;3.37;736;12;1421.00;0
3388;12;624933879;3388;287;4122;4123;7.44;0.45;235.31;3.37;734;12;1422.00;1
3389;12;624933889;3389;283;4122;4123;7.55;0.46;235.26;3.37;733;12;1423.00;1
3391;12;624933898;3391;282;4123;4123;7.66;0.46;235.18;3.37;732;12;1424.00;0
3393;12;624933907;3393;283;4123;4123;7.72;0.47;235.15;3.37;730;13;1425.00;0
3395;12;624933924;3395;281;4127;4127;7.76;0.47;235.26;3.37;732;13;1426.00;0
3397;12;624933934;3397;277;4127;4127;7.79;0.47;235.16;3.37;730;13;1427.00;0
3399;12;624933943;3399;276;4127;4127;7.79;0.47;235.28;3.37;728;13;1428.00;0
3401;12;624933952;3401;276;4127;4127;7.79;0.47;235.26;3.37;726;13;1429.00;0
3402;12;624933960;3402;271;4128;4128;7.79;0.47;235.22;3.37;726;13;1430.00;0
3403;12;624933969;3403;261;4129;4129;7.85;0.48;235.23;3.36;726;13;1431.00;0
3406;12;624933978;3406;260;4129;4129;7.85;0.48;235.16;3.36;723;13;1432.00;0
3408;12;624933987;3408;257;4130;4130;7.90;0.48;235.14;3.36;722;13;1433.00;0
3409;12;624933995;3409;261;4130;4130;7.98;0.48;235.08;3.36;721;13;1434.00;0
3410;12;624934003;3410;247;4130;4130;8.10;0.49;235.17;3.36;720;13;1435.00;0
3410;12;624934012;3410;240;4130;4130;8.19;0.50;235.17;3.36;720;13;1436.00;0
3410;12;624934020;3410;231;4130;4130;8.32;0.51;235.17;3.36;720;13;1437.00;0
3411;12;624934029;3411;223;4130;4130;8.47;0.51;235.18;3.36;719;13;1438.00;0
3414;12;624934038;3414;219;4130;4130;8.58;0.52;235.19;3.36;716;13;1439.00;0
3415;12;624934048;3415;258;4249;4360;8.56;0.53;235.14;3.27;834;13;1440.00;111
3416;12;624934075;3416;242;4254;4361;8.65;0.54;235.11;3.27;838;13;1441.00;107
3418;12;624934090;3418;223;4263;4361;8.81;0.55;235.04;3.27;845;13;1442.00;98
3419;12;624934100;3419;217;4267;4361;8.88;0.55;235.04;3.26;848;13;1443.00;94
3420;12;624934110;3420;212;4277;4361;8.99;0.56;235.08;3.27;857;13;1444.00;84
3420;12;624934125;3420;197;4282;4361;9.04;0.56;235.08;3.27;862;13;1445.00;79
3420;12;624934135;3420;195;4289;4361;9.06;0.56;235.08;3.27;869;13;1446.00;72
3421;12;624934144;3421;199;4294;4361;9.14;0.57;235.07;3.28;873;13;1447.00;67
3421;12;624934173;3421;205;4299;4362;9.24;0.57;235.07;3.28;878;13;1448.00;63
3421;12;624934183;3421;204;4304;4363;9.27;0.57;235.07;3.29;883;13;1449.00;59
3422;12;624934194;3422;205;4308;4363;9.29;0.57;235.09;3.30;886;13;1450.00;55
3423;12;624934205;3423;214;4311;4364;9.26;0.57;235.26;3.30;888;13;1451.00;53
3425;12;624934215;3425;218;4315;4364;9.21;0.57;235.23;3.31;890;13;1452.00;49
3426;12;624934226;3426;219;4315;4364;9.25;0.57;235.21;3.31;889;13;1453.00;49
3429;12;624934237;3429;226;4317;4364;9.23;0.57;235.26;3.31;888;13;1454.00;47
3431;12;624934248;3431;234;4318;4368;9.21;0.57;235.23;3.31;887;13;1455.00;50
3434;12;624934260;3434;232;4319;4368;9.19;0.56;235.24;3.31;885;13;1456.00;49
3438;12;624934271;3438;237;4320;4368;9.12;0.56;235.19;3.31;882;13;1457.00;48
3439;12;624934282;3439;242;4322;4371;9.09;0.56;235.15;3.32;883;13;1458.00;49
3448;12;624934293;3448;245;4322;4371;9.04;0.55;235.32;3.32;874;13;1459.00;49
3452;12;624934304;3452;242;4322;4371;9.03;0.55;235.47;3.32;870;13;1460.00;49
3455;12;624934315;3455;246;4326;4375;9.03;0.55;235.47;3.32;871;13;1461.00;49
3456;12;624934326;3456;240;4327;4376;9.07;0.56;235.45;3.32;871;13;1462.00;49
3458;12;624934337;3458;231;4330;4376;9.06;0.56;235.42;3.33;872;13;1463.00;46
3460;12;624934348;3460;228;4331;4380;9.18;0.56;235.43;3.33;871;13;1464.00;49
3462;12;624934360;3462;224;4335;4380;9.31;0.57;235.37;3.35;873;13;1465.00;45
3462;12;624934372;3462;225;4336;4380;9.46;0.58;235.37;3.35;874;13;1466.00;44
3465;12;624934383;3465;219;4336;4381;9.57;0.58;235.36;3.35;871;13;1467.00;45
3465;12;624934395;3465;215;4337;4381;9.66;0.59;235.36;3.35;872;13;1468.00;44
3468;12;624934406;3468;204;4341;4387;9.84;0.60;235.36;3.36;873;13;1469.00;46
3472;12;624934419;3472;195;4342;4387;9.94;0.60;235.50;3.36;870;13;1470.00;45
3474;12;624934431;3474;193;4343;4388;10.00;0.61;235.43;3.37;869;13;1471.00;45
3478;12;624934442;3478;189;4343;4388;10.03;0.61;235.38;3.37;865;13;1472.00;45
3480;12;624934454;3480;188;4343;4388;10.11;0.61;235.43;3.37;863;13;1473.00;45
3483;12;624934465;3483;188;4345;4388;10.14;0.62;235.42;3.38;862;13;1474.00;43
3484;12;624934477;3484;190;4347;4388;10.18;0.62;235.40;3.39;863;13;1475.00;41
3488;12;624934494;3488;192;4358;4400;10.15;0.62;235.53;3.39;870;13;1476.00;42
3488;12;624934511;3488;198;4359;4400;10.12;0.62;235.53;3.40;871;13;1477.00;41
3492;12;624934522;3492;198;4359;4400;10.07;0.61;235.71;3.40;867;13;1478.00;41
3493;12;624934534;3493;204;4360;4400;10.11;0.62;235.77;3.40;867;13;1479.00;40
3499;12;624934545;3499;207;4363;4400;10.08;0.61;235.92;3.41;864;13;1480.00;37
3500;12;624934563;3500;213;4365;4400;10.04;0.61;235.89;3.43;865;13;1481.00;35
3504;12;624934574;3504;217;4368;4404;9.96;0.61;236.00;3.42;864;13;1482.00;36
3506;12;624934585;3506;215;4370;4404;9.94;0.61;236.03;3.44;864;13;1483.00;34
3509;12;624934603;3509;220;4374;4408;9.86;0.60;235.97;3.44;865;13;1484.00;34
3511;12;624934615;3511;222;4377;4410;9.77;0.59;236.16;3.45;866;13;1485.00;33
3514;12;624934626;3514;227;4378;4410;9.68;0.59;236.25;3.45;864;13;1486.00;32
3514;12;624934638;3514;230;4379;4410;9.61;0.58;236.25;3.46;865;13;1487.00;31
3516;12;624934649;3516;238;4388;4423;9.50;0.58;236.24;3.45;872;13;1488.00;35
3518;12;624934661;3518;239;4389;4423;9.41;0.57;236.30;3.46;871;13;1489.00;34
3522;12;624934672;3522;245;4391;4423;9.33;0.57;236.55;3.48;869;13;1490.00;32
3523;12;624934683;3523;244;4393;4424;9.28;0.56;236.50;3.49;870;13;1491.00;31
3526;12;624934694;3526;248;4394;4425;9.25;0.56;236.68;3.50;868;13;1492.00;31
3528;12;624934705;3528;250;4396;4425;9.20;0.56;236.70;3.53;868;13;1493.00;29
3530;12;624934716;3530;252;4398;4428;9.19;0.56;236.90;3.53;868;13;1494.00;30
3535;12;624934727;3535;263;4400;4428;9.14;0.56;237.01;3.55;865;13;1495.00;28
3538;12;624934738;3538;269;4402;4428;9.07;0.55;237.18;3.56;864;13;1496.00;26
3543;12;624934749;3543;274;4405;4428;8.99;0.55;237.25;3.59;862;13;1497.00;23
3546;12;624934760;3546;274;4410;4434;8.97;0.55;237.29;3.59;864;13;1498.00;24
3548;12;624934771;3548;282;4412;4434;8.91;0.54;237.30;3.61;864;13;1499.00;22
3551;12;624934784;3551;288;4419;4453;8.72;0.53;237.34;3.63;868;13;1500.00;34
3554;12;624934802;3554;289;4420;4453;8.62;0.53;237.43;3.64;866;13;1501.00;33
3555;12;624934815;3555;290;4424;4457;8.54;0.52;237.40;3.64;869;13;1502.00;33
3560;12;624934830;3560;293;4427;4458;8.46;0.52;237.51;3.65;867;13;1503.00;31
3563;12;624934858;3563;296;4427;4458;8.39;0.51;237.56;3.65;864;13;1504.00;31
3565;12;624934875;3565;298;4430;4459;8.28;0.51;237.68;3.66;865;13;1505.00;29
3568;12;624934892;3568;302;4433;4459;8.16;0.50;237.87;3.66;865;13;1506.00;26
3569;12;624934907;3569;301;4434;4459;8.08;0.49;237.95;3.66;865;13;1507.00;25
3572;12;624934922;3572;305;4435;4459;8.00;0.49;238.02;3.67;863;13;1508.00;24
3576;12;624934935;3576;306;4436;4459;7.90;0.48;237.87;3.67;860;13;1509.00;23
3580;12;624934954;3580;304;4436;4459;7.81;0.48;238.07;3.67;856;13;1510.00;23
3582;12;624934965;3582;300;4439;4459;7.74;0.48;238.10;3.68;857;13;1511.00;20
3585;12;624934977;3585;308;4470;4529;7.74;0.48;238.28;3.66;885;13;1512.00;59
3591;12;624934995;3591;306;4476;4530;7.67;0.47;238.41;3.66;885;13;1513.00;54
3593;12;624935007;3593;304;4482;4530;7.69;0.47;238.40;3.65;889;13;1514.00;48
3598;12;624935018;3598;302;4487;4530;7.69;0.47;238.42;3.66;889;13;1515.00;43
3599;12;624935029;3599;297;4489;4530;7.70;0.47;238.54;3.66;890;13;1516.00;41
3602;12;624935039;3602;301;4492;4530;7.67;0.47;238.53;3.66;890;13;1517.00;38
3605;12;624935049;3605;301;4494;4530;7.72;0.47;238.58;3.66;889;13;1518.00;36
3606;12;624935060;3606;298;4496;4530;7.78;0.48;238.56;3.66;890;13;1519.00;34
3611;12;624935070;3611;299;4497;4531;7.75;0.47;238.54;3.66;886;13;1520.00;34
3614;12;624935080;3614;304;4498;4532;7.77;0.48;238.65;3.67;884;13;1521.00;34
3616;12;624935092;3616;303;4500;4532;7.81;0.48;238.64;3.67;884;13;1522.00;32
3620;12;624935102;3620;307;4504;4536;7.71;0.47;238.73;3.67;884;13;1523.00;32
3622;12;624935113;3622;305;4506;4536;7.69;0.47;238.75;3.68;884;13;1524.00;30
3627;12;624935123;3627;303;4507;4536;7.64;0.47;238.86;3.68;880;13;1525.00;29
3634;12;624935133;3634;299;4507;4536;7.52;0.46;238.91;3.68;873;13;1526.00;29
3634;12;624935144;3634;305;4511;4542;7.52;0.46;238.91;3.68;877;13;1527.00;31
3636;12;624935154;3636;316;4512;4542;7.42;0.45;238.99;3.68;876;13;1528.00;30
3643;12;624935165;3643;319;4513;4542;7.22;0.44;239.21;3.69;870;13;1529.00;29
3647;12;624935177;3647;311;4517;4548;7.14;0.44;239.23;3.70;870;13;1530.00;31
3653;12;624935187;3653;297;4518;4548;6.95;0.43;239.42;3.70;865;13;1531.00;30
3656;12;624935198;3656;294;4520;4548;6.89;0.42;239.57;3.71;864;13;1532.00;28
3658;12;624935208;3658;299;4522;4549;6.85;0.42;239.59;3.71;864;13;1533.00;27
3664;12;624935218;3664;301;4524;4550;6.76;0.41;239.79;3.71;860;13;1534.00;26
3669;12;624935228;3669;304;4526;4550;6.71;0.41;239.80;3.72;857;13;1535.00;24
3670;12;624935239;3670;299;4536;4563;6.72;0.41;239.86;3.72;866;13;1536.00;27
3674;12;624935250;3674;298;4538;4563;6.72;0.41;239.82;3.72;864;13;1537.00;25
3678;12;624935260;3678;293;4540;4563;6.75;0.41;239.90;3.72;862;13;1538.00;23
3680;12;624935271;3680;293;4542;4564;6.76;0.41;239.84;3.72;862;13;1539.00;22
3683;12;624935281;3683;296;4543;4564;6.72;0.41;239.91;3.73;860;13;1540.00;21
3687;12;624935291;3687;302;4547;4568;6.69;0.41;240.05;3.73;860;13;1541.00;21
3690;12;624935302;3690;301;4553;4568;6.64;0.41;240.02;3.75;863;13;1542.00;15
3695;12;624935312;3695;301;4558;4572;6.50;0.40;240.07;3.76;863;13;1543.00;14
3701;12;624935323;3701;297;4560;4572;6.42;0.39;240.27;3.76;859;13;1544.00;12
3704;12;624935333;3704;298;4561;4572;6.39;0.39;240.23;3.76;857;13;1545.00;11
3707;12;624935344;3707;308;4562;4572;6.36;0.39;240.29;3.76;855;13;1546.00;10
3712;12;624935354;3712;304;4562;4572;6.33;0.39;240.34;3.76;850;13;1547.00;10
3714;12;624935364;3714;303;4574;4584;6.39;0.39;240.40;3.75;860;13;1548.00;10
3718;12;624935376;3718;310;4574;4584;6.41;0.39;240.58;3.75;856;13;1549.00;10
3719;12;624935386;3719;307;4574;4584;6.46;0.40;240.55;3.75;855;13;1550.00;10
3723;12;624935399;3723;314;4574;4584;6.45;0.40;240.55;3.75;851;13;1551.00;10
3726;12;624935410;3726;319;4574;4584;6.47;0.40;240.52;3.75;848;13;1552.00;10
3728;12;624935421;3728;313;4574;4584;6.49;0.40;240.52;3.75;846;13;1553.00;10
3732;12;624935431;3732;309;4575;4585;6.44;0.39;240.49;3.75;843;13;1554.00;10
3736;12;624935443;3736;320;4577;4587;6.42;0.39;240.48;3.75;841;13;1555.00;10
3740;12;624935455;3740;321;4583;4593;6.42;0.39;240.55;3.75;843;13;1556.00;10
3741;12;624935468;3741;322;4584;4594;6.50;0.40;240.59;3.75;843;13;1557.00;10
3746;12;624935478;3746;314;4584;4594;6.52;0.40;240.46;3.75;838;13;1558.00;10
3750;12;624935489;3750;311;4584;4594;6.48;0.40;240.43;3.75;834;13;1559.00;10
3752;12;624935500;3752;310;4589;4599;6.47;0.39;240.43;3.74;837;13;1560.00;10
3754;12;624935510;3754;317;4589;4599;6.48;0.39;240.35;3.74;835;13;1561.00;10
3757;12;624935521;3757;319;4589;4599;6.39;0.39;240.35;3.74;832;13;1562.00;10
3763;12;624935531;3763;327;4590;4600;6.39;0.39;240.27;3.74;827;13;1563.00;10
3764;12;624935541;3764;329;4594;4604;6.43;0.39;240.27;3.74;830;13;1564.00;10
3769;12;624935552;3769;329;4594;4604;6.36;0.39;240.22;3.74;825;13;1565.00;10
3774;12;624935563;3774;326;4597;4607;6.35;0.39;240.22;3.76;823;13;1566.00;10
3777;12;624935573;3777;334;4597;4607;6.33;0.38;240.16;3.76;820;13;1567.00;10
3781;12;624935582;3781;334;4598;4607;6.37;0.39;240.06;3.76;817;13;1568.00;9
3785;12;624935593;3785;341;4598;4607;6.31;0.38;239.95;3.76;813;13;1569.00;9
3787;12;624935603;3787;343;4602;4611;6.29;0.38;239.91;3.76;815;13;1570.00;9
3791;12;624935615;3791;347;4602;4611;6.19;0.38;239.92;3.76;811;13;1571.00;9
3793;12;624935625;3793;353;4602;4611;6.15;0.37;239.90;3.76;809;13;1572.00;9
3795;12;624935634;3795;355;4602;4611;6.11;0.37;239.89;3.76;807;13;1573.00;9
3798;12;624935644;3798;349;4603;4612;6.04;0.37;239.95;3.76;805;13;1574.00;9
3799;12;624935654;3799;349;4605;4614;6.01;0.37;239.89;3.76;806;13;1575.00;9
3802;12;624935663;3802;361;4605;4614;5.96;0.36;239.97;3.76;803;13;1576.00;9
3804;12;624935673;3804;355;4606;4615;5.97;0.36;240.11;3.76;802;13;1577.00;9
3806;12;624935683;3806;350;4606;4615;6.00;0.37;240.06;3.76;800;13;1578.00;9
3808;12;624935693;3808;353;4606;4615;6.03;0.37;240.10;3.76;798;13;1579.00;9
3814;12;624935703;3814;347;4606;4615;5.96;0.36;240.22;3.76;792;13;1580.00;9
3814;12;624935712;3814;346;4606;4615;5.99;0.36;240.22;3.76;792;13;1581.00;9
3816;12;624935721;3816;347;4606;4615;6.02;0.37;240.21;3.76;790;13;1582.00;9
3819;12;624935731;3819;351;4606;4615;6.00;0.37;240.20;3.76;787;13;1583.00;9
3820;12;624935741;3820;369;4677;4742;6.46;0.40;240.17;3.70;857;13;1584.00;65
3820;12;624935760;3820;365;4680;4743;6.52;0.40;240.17;3.70;860;13;1585.00;63
3820;12;624935772;3820;349;4689;4743;6.63;0.41;240.17;3.70;869;13;1586.00;54
3822;12;624935785;3822;322;4691;4743;6.66;0.41;240.15;3.70;869;13;1587.00;52
3822;12;624935809;3822;298;4697;4743;6.76;0.42;240.15;3.73;875;13;1588.00;46
3823;12;624935822;3823;287;4699;4743;6.81;0.42;240.20;3.73;876;13;1589.00;44
3824;12;624935835;3824;278;4703;4743;6.96;0.43;240.23;3.73;879;13;1590.00;40
3825;12;624935847;3825;281;4703;4743;7.02;0.43;240.23;3.73;878;13;1591.00;40
3827;12;624935859;3827;276;4706;4744;7.09;0.44;240.22;3.73;879;13;1592.00;38
3827;12;624935876;3827;270;4709;4745;7.25;0.45;240.22;3.74;882;13;1593.00;36
3830;12;624935898;3830;274;4711;4745;7.33;0.45;240.23;3.74;881;13;1594.00;34
3830;12;624935909;3830;262;4715;4746;7.46;0.46;240.23;3.75;885;13;1595.00;31
3831;12;624935920;3831;259;4718;4746;7.55;0.46;240.21;3.75;887;13;1596.00;28
3831;12;624935931;3831;254;4719;4746;7.65;0.47;240.21;3.75;888;13;1597.00;27
3834;12;624935942;3834;253;4721;4746;7.75;0.48;240.20;3.76;887;13;1598.00;25
3838;12;624935954;3838;249;4726;4750;7.85;0.48;240.19;3.76;888;13;1599.00;24
3838;12;624935966;3838;250;4729;4750;8.02;0.49;240.19;3.77;891;13;1600.00;21
3841;12;624935982;3841;248;4731;4750;8.14;0.50;240.13;3.77;890;13;1601.00;19
3844;12;624935993;3844;241;4733;4753;8.19;0.50;240.09;3.77;889;13;1602.00;20
3844;12;624936010;3844;243;4734;4753;8.29;0.50;240.09;3.77;890;13;1603.00;19
3846;12;624936022;3846;245;4735;4753;8.40;0.51;240.05;3.80;889;13;1604.00;18
3849;12;624936038;3849;242;4740;4757;8.38;0.51;240.07;3.81;891;13;1605.00;17
3850;12;624936054;3850;245;4741;4758;8.51;0.52;240.05;3.81;891;13;1606.00;17
3851;12;624936066;3851;240;4742;4758;8.58;0.52;240.01;3.81;891;13;1607.00;16
3854;12;624936077;3854;236;4745;4762;8.61;0.52;239.95;3.84;891;13;1608.00;17
3854;12;624936088;3854;235;4747;4762;8.68;0.53;239.95;3.84;893;13;1609.00;15
3858;12;624936099;3858;234;4747;4762;8.70;0.53;240.04;3.84;889;13;1610.00;15
3860;12;624936110;3860;232;4748;4763;8.78;0.53;240.09;3.84;888;13;1611.00;15
3862;12;624936122;3862;233;4748;4763;8.84;0.53;240.05;3.84;886;13;1612.00;15
3865;12;624936133;3865;227;4754;4769;8.89;0.54;240.07;3.88;889;13;1613.00;15
3865;12;624936145;3865;225;4754;4769;8.95;0.54;240.07;3.88;889;13;1614.00;15
3866;12;624936156;3866;225;4754;4770;9.03;0.55;240.05;3.88;888;13;1615.00;16
3867;12;624936167;3867;222;4754;4770;9.08;0.55;240.03;3.88;887;13;1616.00;16
3869;12;624936178;3869;221;4754;4770;9.11;0.55;240.05;3.88;885;13;1617.00;16
3869;12;624936190;3869;219;4754;4770;9.23;0.56;240.05;3.88;885;13;1618.00;16
3871;12;624936200;3871;217;4754;4770;9.28;0.56;240.06;3.88;883;13;1619.00;16
3872;12;624936213;3872;215;4780;4806;9.33;0.57;240.08;3.86;908;13;1620.00;26
3875;12;624936226;3875;210;4781;4806;9.36;0.57;240.11;3.85;906;13;1621.00;25
3876;12;624936237;3876;205;4783;4806;9.46;0.58;240.09;3.85;907;13;1622.00;23
3879;12;624936248;3879;205;4783;4806;9.48;0.58;240.04;3.85;904;13;1623.00;23
3882;12;624936259;3882;209;4784;4806;9.51;0.58;240.11;3.85;902;13;1624.00;22
3884;12;624936270;3884;214;4785;4806;9.49;0.58;240.12;3.85;901;13;1625.00;21
3890;12;624936282;3890;211;4788;4810;9.43;0.57;240.21;3.85;898;13;1626.00;22
3891;12;624936294;3891;217;4789;4810;9.42;0.57;240.19;3.89;898;13;1627.00;21
3893;12;624936305;3893;220;4793;4814;9.43;0.57;240.16;3.89;900;13;1628.00;21
3895;12;624936316;3895;218;4794;4815;9.43;0.57;240.29;3.89;899;13;1629.00;21
3897;12;624936327;3897;213;4794;4815;9.46;0.57;240.37;3.89;897;13;1630.00;21
3899;12;624936339;3899;215;4794;4815;9.39;0.57;240.40;3.89;895;13;1631.00;21
3902;12;624936349;3902;204;4805;4828;9.34;0.57;240.51;3.88;903;13;1632.00;23
3903;12;624936361;3903;198;4805;4828;9.32;0.57;240.48;3.88;902;13;1633.00;23
3906;12;624936372;3906;199;4806;4828;9.31;0.57;240.43;3.92;900;13;1634.00;22
3907;12;624936384;3907;195;4808;4829;9.30;0.57;240.49;3.93;901;13;1635.00;21
3909;12;624936395;3909;197;4808;4830;9.33;0.57;240.53;3.93;899;13;1636.00;22
3910;12;624936406;3910;198;4809;4830;9.41;0.57;240.54;3.97;899;13;1637.00;21
3913;12;624936417;3913;193;4811;4833;9.52;0.58;240.58;3.97;898;13;1638.00;22
3920;12;624936428;3920;191;4813;4833;9.63;0.59;240.55;4.01;893;13;1639.00;20
3924;12;624936439;3924;189;4813;4833;9.72;0.59;240.64;4.01;889;13;1640.00;20
3927;12;624936450;3927;186;4814;4833;9.84;0.60;240.61;4.03;887;13;1641.00;19
3932;12;624936461;3932;187;4819;4839;9.89;0.60;240.66;4.03;887;13;1642.00;20
3934;12;624936473;3934;187;4819;4839;9.91;0.60;240.66;4.03;885;13;1643.00;20
3938;12;624936484;3938;187;4819;4839;9.85;0.60;240.75;4.03;881;13;1644.00;20
3941;12;624936495;3941;183;4819;4839;9.77;0.59;240.76;4.03;878;13;1645.00;20
3945;12;624936511;3945;184;4822;4843;9.69;0.59;240.98;4.03;877;13;1646.00;21
3948;12;624936522;3948;189;4823;4844;9.60;0.58;241.10;4.03;875;13;1647.00;21
3949;12;624936534;3949;188;4823;4844;9.57;0.58;241.07;4.03;874;13;1648.00;21
3953;12;624936545;3953;197;4825;4845;9.54;0.58;241.21;4.04;872;13;1649.00;20
3957;12;624936558;3957;207;4825;4845;9.49;0.58;241.25;4.04;868;13;1650.00;20
3959;12;624936569;3959;200;4825;4845;9.54;0.58;241.23;4.04;866;13;1651.00;20
3963;12;624936580;3963;209;4826;4845;9.50;0.58;241.37;4.05;863;13;1652.00;19
3966;12;624936591;3966;209;4826;4845;9.45;0.58;241.36;4.05;860;13;1653.00;19
3969;12;624936602;3969;210;4826;4845;9.42;0.57;241.48;4.05;857;13;1654.00;19
3974;12;624936613;3974;220;4826;4845;9.36;0.57;241.75;4.05;852;13;1655.00;19
3976;12;624936624;3976;226;4866;4915;9.31;0.57;241.93;4.04;890;13;1656.00;49
3978;12;624936640;3978;224;4867;4916;9.33;0.57;242.08;4.04;889;13;1657.00;49
3983;12;624936651;3983;224;4875;4916;9.32;0.57;242.31;4.04;892;13;1658.00;41
3986;12;624936662;3986;231;4875;4916;9.29;0.57;242.33;4.04;889;13;1659.00;41
3990;12;624936673;3990;234;4878;4916;9.35;0.57;242.34;4.05;888;13;1660.00;38
3993;12;624936684;3993;236;4880;4916;9.34;0.57;242.49;4.06;887;13;1661.00;36
3998;12;624936695;3998;236;4884;4916;9.33;0.57;242.63;4.06;886;13;1662.00;32
4000;12;624936705;4000;241;4887;4916;9.33;0.57;242.68;4.09;887;13;1663.00;29
4004;12;624936716;4004;241;4890;4917;9.30;0.57;242.89;4.09;886;13;1664.00;27
4010;12;624936733;4010;245;4896;4919;9.34;0.57;243.00;4.11;886;13;1665.00;23
4013;12;624936744;4013;247;4899;4919;9.32;0.57;243.05;4.11;886;13;1666.00;20
4014;12;624936755;4014;249;4904;4923;9.31;0.57;243.12;4.11;890;13;1667.00;19
4018;12;624936766;4018;249;4905;4923;9.24;0.56;243.22;4.11;887;13;1668.00;18
4020;12;624936784;4020;251;4906;4923;9.15;0.56;243.19;4.13;886;13;1669.00;17
4022;12;624936795;4022;258;4908;4923;9.12;0.56;243.18;4.15;886;13;1670.00;15
4023;12;624936808;4023;265;4913;4929;9.16;0.56;243.22;4.14;890;13;1671.00;16
4026;12;624936825;4026;272;4915;4929;9.16;0.56;243.18;4.15;889;13;1672.00;14
4028;12;624936843;4028;276;4916;4929;9.12;0.56;243.30;4.16;888;13;1673.00;13
4031;12;624936860;4031;282;4919;4932;9.09;0.55;243.29;4.17;888;13;1674.00;13
4032;12;624936879;4032;289;4920;4932;9.00;0.55;243.25;4.18;888;13;1675.00;12
4035;12;624936894;4035;296;4923;4932;8.88;0.54;243.32;4.19;888;13;1676.00;9
4037;12;624936913;4037;297;4923;4933;8.74;0.53;243.36;4.19;886;13;1677.00;10
4041;12;624936930;4041;301;4926;4934;8.50;0.52;243.41;4.20;885;13;1678.00;8
4044;12;624936955;4044;302;4926;4934;8.28;0.51;243.43;4.20;882;13;1679.00;8
4048;12;624936968;4048;307;4943;4960;8.14;0.50;243.61;4.18;895;13;1680.00;17
4050;12;624936982;4050;302;4944;4960;8.05;0.49;243.60;4.18;894;13;1681.00;16
4057;12;624936993;4057;306;4951;4960;7.94;0.49;243.82;4.19;894;13;1682.00;9
4059;12;624937005;4059;299;4952;4961;7.88;0.48;243.85;4.19;893;13;1683.00;9
4061;12;624937017;4061;296;4953;4961;7.83;0.48;243.85;4.19;892;13;1684.00;8
4062;12;624937028;4062;297;4957;4965;7.85;0.48;243.90;4.19;895;13;1685.00;8
4065;12;624937041;4065;299;4957;4965;7.79;0.48;243.96;4.19;892;13;1686.00;8
4069;12;624937051;4069;300;4960;4969;7.65;0.47;243.97;4.19;891;13;1687.00;9
4072;12;624937063;4072;301;4960;4969;7.53;0.46;243.97;4.19;888;13;1688.00;9
4075;12;624937073;4075;300;4960;4969;7.47;0.46;244.04;4.19;885;13;1689.00;9
4078;12;624937084;4078;308;4961;4969;7.39;0.45;244.08;4.19;883;13;1690.00;8
4080;12;624937094;4080;309;4962;4969;7.23;0.44;244.16;4.19;882;13;1691.00;7
4084;12;624937104;4084;308;4974;4981;7.14;0.44;244.24;4.18;890;13;1692.00;7
4085;12;624937115;4085;315;4975;4981;7.07;0.43;244.26;4.18;890;13;1693.00;6
4093;12;624937125;4093;320;4976;4981;6.92;0.42;244.58;4.18;883;13;1694.00;5
4098;12;624937135;4098;326;4976;4981;6.79;0.42;244.68;4.18;878;13;1695.00;5
4103;12;624937145;4103;326;4976;4981;6.66;0.41;244.55;4.18;873;13;1696.00;5
4104;12;624937156;4104;331;4976;4981;6.59;0.40;244.55;4.18;872;13;1697.00;5
4108;12;624937165;4108;338;4977;4982;6.49;0.40;244.57;4.18;869;13;1698.00;5
4110;12;624937174;4110;342;4977;4982;6.33;0.39;244.49;4.18;867;13;1699.00;5
4112;12;624937184;4112;340;4983;4988;6.24;0.38;244.56;4.18;871;13;1700.00;5
4114;12;624937199;4114;340;4984;4989;6.15;0.38;244.61;4.18;870;13;1701.00;5
4117;12;624937208;4117;343;4984;4989;6.06;0.37;244.56;4.18;867;13;1702.00;5
4122;12;624937218;4122;337;4984;4989;5.93;0.36;244.67;4.18;862;13;1703.00;5
4126;12;624937227;4126;331;4988;4993;5.95;0.36;244.76;4.17;862;13;1704.00;5
4127;12;624937237;4127;329;4988;4993;5.96;0.37;244.81;4.17;861;13;1705.00;5
4130;12;624937246;4130;329;4988;4993;5.92;0.36;244.86;4.17;858;13;1706.00;5
4131;12;624937256;4131;329;4989;4994;5.97;0.37;244.89;4.17;858;13;1707.00;5
4135;12;624937265;4135;323;4993;4998;6.00;0.37;244.84;4.17;858;13;1708.00;5
4137;12;624937275;4137;330;4993;4998;6.05;0.37;244.89;4.17;856;13;1709.00;5
4138;12;624937287;4138;320;4997;5004;6.16;0.38;244.95;4.17;859;13;1710.00;7
4141;12;624937296;4141;317;4997;5004;6.18;0.38;244.96;4.17;856;13;1711.00;7
4143;12;624937305;4143;316;4999;5004;6.26;0.39;244.92;4.17;856;13;1712.00;5
4149;12;624937316;4149;310;4999;5004;6.24;0.38;244.97;4.17;850;13;1713.00;5
4151;12;624937325;4151;311;5003;5008;6.22;0.38;244.97;4.16;852;13;1714.00;5
4156;12;624937334;4156;315;5003;5008;6.18;0.38;244.89;4.16;847;13;1715.00;5
4163;12;624937343;4163;317;5003;5008;6.13;0.38;244.88;4.16;840;13;1716.00;5
4166;12;624937353;4166;322;5003;5008;6.13;0.38;244.94;4.16;837;13;1717.00;5
4171;12;624937363;4171;327;5004;5009;6.10;0.38;244.90;4.16;833;13;1718.00;5
4174;12;624937372;4174;325;5005;5010;6.11;0.38;244.84;4.16;831;13;1719.00;5
4177;12;624937382;4177;324;5005;5010;6.11;0.38;244.79;4.16;828;13;1720.00;5
4182;12;624937392;4182;319;5006;5011;6.07;0.37;244.68;4.16;824;13;1721.00;5
4185;12;624937401;4185;321;5006;5011;6.04;0.37;244.70;4.16;821;13;1722.00;5
4190;12;624937410;4190;324;5006;5011;5.98;0.37;244.61;4.16;816;13;1723.00;5
4196;12;624937419;4196;326;5006;5011;5.85;0.36;244.58;4.16;810;13;1724.00;5
4197;12;624937428;4197;329;5006;5011;5.86;0.36;244.61;4.16;809;13;1725.00;5
4200;12;624937437;4200;332;5006;5011;5.84;0.36;244.61;4.16;806;13;1726.00;5
4204;12;624937446;4204;337;5007;5011;5.77;0.35;244.63;4.18;803;13;1727.00;4
4206;12;624937455;4206;353;5085;5138;6.21;0.39;244.65;4.12;879;13;1728.00;53
4210;12;624937475;4210;348;5088;5139;6.25;0.39;244.56;4.12;878;13;1729.00;51
4214;12;624937485;4214;348;5096;5139;6.37;0.39;244.59;4.11;882;13;1730.00;43
4220;12;624937495;4220;343;5099;5139;6.34;0.39;244.61;4.11;879;13;1731.00;40
4221;12;624937506;4221;340;5105;5139;6.35;0.39;244.56;4.11;884;13;1732.00;34
4225;12;624937515;4225;341;5106;5139;6.31;0.39;244.62;4.11;881;13;1733.00;33
4228;12;624937525;4228;339;5110;5139;6.20;0.38;244.64;4.12;882;13;1734.00;29
4229;12;624937536;4229;342;5113;5139;6.15;0.38;244.66;4.12;884;13;1735.00;26
4233;12;624937545;4233;352;5115;5140;6.05;0.37;244.67;4.12;882;13;1736.00;25
4234;12;624937556;4234;350;5117;5141;5.95;0.37;244.71;4.12;883;13;1737.00;24
4236;12;624937566;4236;354;5118;5141;5.84;0.36;244.73;4.12;882;13;1738.00;23
4238;12;624937576;4238;347;5122;5142;5.75;0.36;244.73;4.12;884;13;1739.00;20
4242;12;624937589;4242;342;5123;5142;5.68;0.35;244.82;4.13;881;13;1740.00;19
4246;12;624937602;4246;337;5127;5142;5.64;0.35;244.87;4.15;881;13;1741.00;15
4248;12;624937613;4248;339;5127;5142;5.68;0.35;244.91;4.15;879;13;1742.00;15
4248;12;624937626;4248;336;5132;5146;5.74;0.35;244.91;4.15;884;13;1743.00;14
4250;12;624937636;4250;335;5132;5146;5.75;0.35;244.97;4.15;882;13;1744.00;14
4252;12;624937648;4252;333;5133;5146;5.79;0.36;244.97;4.16;881;13;1745.00;13
4254;12;624937670;4254;328;5134;5149;5.89;0.36;244.90;4.15;880;13;1746.00;15
4256;12;624937680;4256;313;5135;5149;6.00;0.37;244.85;4.16;879;13;1747.00;14
4256;12;624937691;4256;308;5136;5149;6.16;0.38;244.85;4.16;880;13;1748.00;13
4257;12;624937702;4257;311;5141;5153;6.27;0.39;244.86;4.16;884;13;1749.00;12
4258;12;624937713;4258;297;5143;5154;6.41;0.39;244.89;4.16;885;13;1750.00;11
4262;12;624937724;4262;288;5144;5154;6.51;0.40;245.03;4.17;882;13;1751.00;10
4263;12;624937736;4263;287;5147;5158;6.67;0.41;245.02;4.17;884;13;1752.00;11
4265;12;624937747;4265;290;5149;5158;6.80;0.42;245.04;4.17;884;13;1753.00;9
4269;12;624937758;4269;289;5150;5158;6.89;0.42;244.93;4.18;881;13;1754.00;8
4270;12;624937770;4270;277;5152;5160;7.01;0.43;244.90;4.18;882;13;1755.00;8
4271;12;624937781;4271;260;5154;5160;7.15;0.44;244.85;4.19;883;13;1756.00;6
4273;12;624937793;4273;240;5159;5166;7.32;0.45;244.87;4.19;886;13;1757.00;7
4275;12;624937806;4275;232;5159;5166;7.46;0.46;244.84;4.19;884;13;1758.00;7
4278;12;624937819;4278;220;5160;5167;7.62;0.46;244.82;4.19;882;13;1759.00;7
4280;12;624937832;4280;207;5160;5167;7.79;0.47;244.79;4.19;880;13;1760.00;7
4283;12;624937844;4283;201;5160;5167;7.98;0.49;244.87;4.19;877;13;1761.00;7
4287;12;624937874;4287;194;5160;5167;8.13;0.49;245.04;4.19;873;13;1762.00;7
4288;12;624937886;4288;190;5160;5167;8.28;0.50;245.05;4.19;872;13;1763.00;7
4290;12;624937898;4290;180;5169;5179;8.46;0.51;245.01;4.19;879;13;1764.00;10
4293;12;624937911;4293;177;5169;5179;8.57;0.52;244.98;4.19;876;13;1765.00;10
4294;12;624937922;4294;170;5171;5179;8.73;0.53;245.00;4.18;877;13;1766.00;8
4297;12;624937934;4297;163;5171;5179;8.81;0.53;245.06;4.18;874;13;1767.00;8
4300;12;624937946;4300;156;5172;5179;8.95;0.54;245.27;4.20;872;13;1768.00;7
4302;12;624937958;4302;148;5172;5179;9.05;0.55;245.32;4.20;870;13;1769.00;7
4307;12;624937971;4307;144;5175;5183;9.13;0.55;245.51;4.20;868;13;1770.00;8
4309;12;624937984;4309;145;5175;5183;9.22;0.56;245.56;4.20;866;13;1771.00;8
4313;12;624937995;4313;146;5179;5187;9.34;0.57;245.59;4.20;866;13;1772.00;8
4318;12;624938008;4318;147;5180;5188;9.39;0.57;245.71;4.20;862;13;1773.00;8
4320;12;624938020;4320;152;5180;5188;9.52;0.58;245.92;4.20;860;13;1774.00;8
4323;12;624938032;4323;152;5181;5188;9.57;0.58;246.09;4.21;858;13;1775.00;7
4326;12;624938043;4326;151;5192;5201;9.65;0.58;246.32;4.20;866;13;1776.00;9
4328;12;624938061;4328;148;5192;5201;9.61;0.58;246.39;4.20;864;13;1777.00;9
4330;12;624938073;4330;149;5192;5201;9.65;0.58;246.59;4.20;862;13;1778.00;9
4335;12;624938084;4335;151;5193;5202;9.68;0.59;246.66;4.20;858;13;1779.00;9
4338;12;624938097;4338;148;5193;5203;9.70;0.59;246.69;4.20;855;13;1780.00;10
4339;12;624938108;4339;146;5193;5203;9.73;0.59;246.79;4.20;854;13;1781.00;10
4342;12;624938125;4342;148;5195;5206;9.79;0.59;246.94;4.20;853;13;1782.00;11
4345;12;624938136;4345;147;5195;5206;9.79;0.59;246.92;4.20;850;13;1783.00;11
4348;12;624938148;4348;144;5196;5206;9.80;0.59;247.20;4.20;848;13;1784.00;10
4352;12;624938160;4352;139;5196;5206;9.83;0.59;247.23;4.20;844;13;1785.00;10
4354;12;624938171;4354;142;5201;5212;9.89;0.60;247.31;4.20;847;13;1786.00;11
4361;12;624938183;4361;142;5201;5212;9.91;0.60;247.43;4.20;840;13;1787.00;11
4364;12;624938194;4364;145;5201;5212;9.90;0.60;247.51;4.20;837;13;1788.00;11
4367;12;624938205;4367;143;5201;5212;9.94;0.60;247.56;4.20;834;13;1789.00;11
4370;12;624938216;4370;143;5205;5216;9.95;0.60;247.57;4.21;835;13;1790.00;11
4374;12;624938228;4374;145;5206;5217;9.93;0.60;247.67;4.21;832;13;1791.00;11
4378;12;624938240;4378;148;5206;5217;9.99;0.61;247.78;4.21;828;13;1792.00;11
4380;12;624938252;4380;150;5207;5218;10.08;0.61;247.78;4.21;827;13;1793.00;11
4381;12;624938264;4381;153;5207;5218;10.10;0.61;247.81;4.21;826;13;1794.00;11
4384;12;624938275;4384;156;5208;5218;10.10;0.61;247.90;4.22;824;13;1795.00;10
4385;12;624938286;4385;152;5208;5218;10.15;0.61;247.99;4.22;823;13;1796.00;10
4388;12;624938297;4388;153;5208;5218;10.08;0.61;248.05;4.22;820;13;1797.00;10
4392;12;624938308;4392;154;5208;5218;10.11;0.61;248.06;4.22;816;13;1798.00;10
4395;12;624938319;4395;156;5208;5218;10.11;0.61;248.11;4.22;813;13;1799.00;10
4397;12;624938337;4397;180;5271;5356;9.85;0.60;248.09;4.17;874;13;1800.00;85
4401;12;624938362;4401;172;5272;5357;9.85;0.60;248.16;4.17;871;13;1801.00;85
4403;12;624938374;4403;158;5281;5357;9.81;0.60;248.17;4.16;878;13;1802.00;76
4405;12;624938386;4405;158;5283;5357;9.81;0.60;248.28;4.16;878;13;1803.00;74
4407;12;624938398;4407;164;5288;5357;9.80;0.60;248.29;4.16;881;13;1804.00;69
4410;12;624938409;4410;161;5290;5357;9.72;0.60;248.25;4.18;880;13;1805.00;67
4413;13;624938420;4413;158;5297;5357;9.76;0.60;248.27;4.18;884;14;1806.00;60
4415;13;624938438;4415;165;5302;5357;9.83;0.60;248.25;4.19;887;14;1807.00;55
4422;13;624938452;4422;170;5308;5358;9.77;0.60;248.29;4.19;886;14;1808.00;50
4424;13;624938464;4424;171;5309;5359;9.85;0.60;248.33;4.19;885;14;1809.00;50
4429;13;624938476;4429;167;5313;5359;9.82;0.60;248.32;4.19;884;14;1810.00;46
4430;13;624938488;4430;169;5318;5363;9.79;0.60;248.32;4.19;888;14;1811.00;45
4435;13;624938499;4435;170;5321;5363;9.85;0.60;248.30;4.20;886;14;1812.00;42
4438;13;624938510;4438;165;5325;5363;9.80;0.60;248.27;4.20;887;14;1813.00;38
4441;13;624938522;4441;168;5326;5363;9.77;0.60;248.25;4.21;885;14;1814.00;37
4448;13;624938534;4448;168;5330;5369;9.76;0.60;248.36;4.20;882;14;1815.00;39
4454;13;624938546;4454;166;5330;5369;9.72;0.59;248.32;4.20;876;14;1816.00;39
4458;13;624938557;4458;170;5330;5369;9.70;0.59;248.40;4.20;872;14;1817.00;39
4462;13;624938569;4462;172;5334;5372;9.68;0.59;248.61;4.21;872;14;1818.00;38
4466;14;624938580;4466;178;5335;5372;9.64;0.59;248.69;4.21;869;15;1819.00;37
4473;14;624938610;4473;175;5336;5372;9.60;0.58;248.68;4.21;863;15;1820.00;36
4474;14;624938622;4474;185;5337;5373;9.60;0.58;248.71;4.22;863;15;1821.00;36
4479;14;624938633;4479;181;5340;5374;9.54;0.58;248.75;4.22;861;15;1822.00;34
4481;14;624938645;4481;187;5340;5374;9.54;0.58;248.72;4.22;859;15;1823.00;34
4485;14;624938656;4485;189;5351;5387;9.43;0.58;248.66;4.22;866;15;1824.00;36
4486;14;624938675;4486;186;5351;5387;9.51;0.58;248.65;4.22;865;15;1825.00;36
4489;14;624938686;4489;188;5353;5387;9.60;0.58;248.72;4.22;864;15;1826.00;34
4489;14;624938697;4489;192;5354;5388;9.64;0.59;248.72;4.22;865;15;1827.00;34
4493;14;624938708;4493;191;5355;5388;9.67;0.59;248.66;4.22;862;15;1828.00;33
4496;14;624938720;4496;193;5358;5392;9.63;0.59;248.70;4.22;862;15;1829.00;34
4498;14;624938733;4498;198;5358;5392;9.51;0.58;248.69;4.22;860;15;1830.00;34
4500;14;624938744;4500;205;5363;5396;9.41;0.57;248.84;4.24;863;15;1831.00;33
4502;14;624938754;4502;203;5363;5396;9.27;0.57;248.89;4.24;861;15;1832.00;33
4508;14;624938765;4508;209;5364;5396;9.09;0.55;248.94;4.24;856;15;1833.00;32
4510;14;624938775;4510;213;5366;5396;9.04;0.55;248.99;4.26;856;15;1834.00;30
4512;14;624938785;4512;220;5367;5396;8.95;0.55;249.05;4.27;855;15;1835.00;29
4515;14;624938795;4515;224;5379;5408;8.86;0.54;249.16;4.28;864;15;1836.00;29
4517;14;624938807;4517;222;5379;5408;8.76;0.54;249.18;4.28;862;15;1837.00;29
4520;14;624938816;4520;230;5382;5408;8.68;0.53;249.15;4.30;862;15;1838.00;26
4522;14;624938834;4522;237;5382;5408;8.60;0.53;249.27;4.30;860;15;1839.00;26
4527;14;624938852;4527;248;5384;5408;8.53;0.52;249.56;4.31;857;15;1840.00;24
4528;14;624938867;4528;256;5385;5408;8.47;0.52;249.59;4.32;857;15;1841.00;23
4530;14;624938884;4530;261;5386;5409;8.40;0.52;249.77;4.32;856;15;1842.00;23
4533;14;624938899;4533;270;5387;5409;8.24;0.51;249.72;4.33;854;15;1843.00;22
4536;14;624938914;4536;281;5393;5415;8.21;0.50;249.76;4.33;857;15;1844.00;22
4540;14;624938932;4540;290;5396;5417;8.13;0.50;249.84;4.34;856;15;1845.00;21
4544;14;624938946;4544;301;5398;5417;8.03;0.49;249.88;4.35;854;15;1846.00;19
4547;14;624938957;4547;302;5398;5417;7.94;0.49;249.86;4.35;851;15;1847.00;19
4551;14;624938968;4551;311;5402;5421;7.81;0.48;249.87;4.35;851;15;1848.00;19
4553;14;624938978;4553;314;5402;5421;7.70;0.47;249.97;4.35;849;15;1849.00;19
4557;14;624938989;4557;310;5402;5421;7.59;0.47;249.96;4.35;845;15;1850.00;19
4558;14;624938999;4558;308;5406;5422;7.52;0.46;249.96;4.37;848;15;1851.00;16
4562;14;624939008;4562;306;5410;5426;7.44;0.46;250.03;4.37;848;15;1852.00;16
4563;14;624939018;4563;307;5412;5426;7.39;0.45;250.01;4.37;849;15;1853.00;14
4567;14;624939028;4567;312;5414;5429;7.36;0.45;250.04;4.37;847;15;1854.00;15
4569;14;624939039;4569;311;5415;5429;7.23;0.44;250.01;4.38;846;15;1855.00;14
4569;14;624939048;4569;310;5416;5429;7.19;0.44;250.01;4.37;847;15;1856.00;13
4571;14;624939057;4571;313;5416;5429;7.16;0.44;250.07;4.37;845;15;1857.00;13
4573;14;624939066;4573;315;5421;5433;7.18;0.44;250.01;4.37;848;15;1858.00;12
4575;14;624939075;4575;313;5422;5433;7.16;0.44;249.98;4.37;847;15;1859.00;11
4579;14;624939086;4579;321;5422;5433;7.07;0.43;249.88;4.37;843;15;1860.00;11
4583;14;624939095;4583;325;5422;5433;7.00;0.43;249.76;4.37;839;15;1861.00;11
4585;14;624939104;4585;326;5423;5434;6.88;0.42;249.80;4.37;838;15;1862.00;11
4588;14;624939113;4588;337;5424;5435;6.73;0.41;249.96;4.37;836;15;1863.00;11
4590;14;624939122;4590;335;5424;5435;6.57;0.41;249.92;4.37;834;15;1864.00;11
4594;14;624939130;4594;336;5425;5436;6.39;0.39;249.93;4.37;831;15;1865.00;11
4596;14;624939139;4596;338;5425;5436;6.26;0.39;249.95;4.37;829;15;1866.00;11
4601;14;624939147;4601;346;5425;5436;6.10;0.38;249.78;4.37;824;15;1867.00;11
4606;14;624939156;4606;351;5425;5436;5.95;0.37;249.75;4.37;819;15;1868.00;11
4612;14;624939164;4612;358;5425;5436;5.74;0.36;249.63;4.37;813;15;1869.00;11
4613;14;624939172;4613;352;5425;5436;5.61;0.35;249.59;4.37;812;15;1870.00;11
4616;14;624939179;4616;351;5425;5436;5.47;0.34;249.63;4.37;809;15;1871.00;11
4620;14;624939187;4620;378;5495;5563;5.84;0.37;249.59;4.32;875;15;1872.00;68
4622;14;624939204;4622;370;5500;5564;5.87;0.37;249.58;4.31;878;15;1873.00;64
4626;14;624939220;4626;365;5510;5564;5.97;0.38;249.54;4.31;884;15;1874.00;54
4628;14;624939228;4628;363;5511;5564;6.01;0.38;249.55;4.31;883;15;1875.00;53
4631;14;624939236;4631;362;5516;5564;6.04;0.38;249.51;4.31;885;15;1876.00;48
4633;14;624939244;4633;354;5518;5564;6.02;0.38;249.54;4.31;885;15;1877.00;46
4637;14;624939254;4637;350;5520;5564;5.97;0.37;249.50;4.31;883;15;1878.00;44
4639;14;624939263;4639;350;5523;5564;5.96;0.37;249.49;4.31;884;15;1879.00;41
4640;14;624939272;4640;344;5524;5565;5.98;0.37;249.53;4.31;884;15;1880.00;41
4643;14;624939281;4643;342;5529;5566;6.00;0.37;249.56;4.32;886;15;1881.00;37
4646;14;624939290;4646;345;5532;5568;5.93;0.37;249.66;4.32;886;15;1882.00;36
4648;14;624939300;4648;344;5536;5569;5.90;0.37;249.67;4.32;888;15;1883.00;33
4649;14;624939309;4649;346;5538;5569;5.96;0.37;249.71;4.32;889;15;1884.00;31
4653;14;624939318;4653;348;5541;5569;5.94;0.37;249.66;4.33;888;15;1885.00;28
4655;14;624939328;4655;357;5546;5569;5.93;0.37;249.71;4.34;891;15;1886.00;23
4657;14;624939337;4657;359;5551;5573;5.96;0.37;249.70;4.34;894;15;1887.00;22
4657;14;624939347;4657;366;5553;5573;6.00;0.37;249.70;4.34;896;15;1888.00;20
4661;14;624939356;4661;365;5554;5573;5.96;0.37;249.76;4.34;893;15;1889.00;19
4667;14;624939368;4667;367;5557;5579;5.93;0.37;249.81;4.34;890;15;1890.00;22
4670;14;624939378;4670;358;5562;5579;5.96;0.37;249.84;4.34;892;15;1891.00;17
4676;14;624939388;4676;348;5562;5579;5.98;0.37;249.74;4.34;886;15;1892.00;17
4678;14;624939398;4678;346;5567;5583;6.11;0.38;249.74;4.34;889;15;1893.00;16
4683;14;624939409;4683;337;5568;5584;6.21;0.38;249.72;4.34;885;15;1894.00;16
4685;14;624939419;4685;337;5569;5584;6.27;0.38;249.77;4.35;884;15;1895.00;15
4687;14;624939429;4687;339;5573;5588;6.32;0.39;249.74;4.34;886;15;1896.00;15
4691;14;624939440;4691;339;5574;5588;6.34;0.39;249.84;4.35;883;15;1897.00;14
4693;14;624939458;4693;340;5575;5588;6.37;0.39;249.88;4.35;882;15;1898.00;13
4695;14;624939470;4695;344;5576;5589;6.41;0.39;249.92;4.35;881;15;1899.00;13
4698;14;624939482;4698;338;5576;5589;6.30;0.39;249.84;4.35;878;15;1900.00;13
4702;14;624939505;4702;336;5581;5595;6.22;0.38;249.82;4.34;879;15;1901.00;14
4707;14;624939516;4707;334;5581;5595;6.16;0.38;249.78;4.34;874;15;1902.00;14
4710;14;624939527;4710;333;5582;5596;6.09;0.37;249.67;4.34;872;15;1903.00;14
4712;14;624939538;4712;326;5582;5596;6.11;0.37;249.64;4.34;870;15;1904.00;14
4715;14;624939548;4715;320;5582;5596;6.19;0.38;249.70;4.34;867;15;1905.00;14
4716;14;624939558;4716;318;5582;5596;6.22;0.38;249.70;4.34;866;15;1906.00;14
4719;14;624939568;4719;316;5583;5596;6.21;0.38;249.77;4.36;864;15;1907.00;13
4724;14;624939579;4724;320;5593;5608;6.34;0.39;249.85;4.35;869;15;1908.00;15
4727;14;624939590;4727;314;5593;5608;6.34;0.39;249.76;4.35;866;15;1909.00;15
4731;14;624939603;4731;320;5594;5608;6.45;0.39;249.73;4.35;863;15;1910.00;14
4734;14;624939615;4734;317;5594;5608;6.44;0.39;249.70;4.35;860;15;1911.00;14
4734;14;624939625;4734;315;5594;5608;6.53;0.40;249.70;4.35;860;15;1912.00;14
4738;14;624939636;4738;309;5594;5608;6.58;0.40;249.81;4.35;856;15;1913.00;14
4741;14;624939647;4741;312;5597;5612;6.67;0.41;249.80;4.35;856;15;1914.00;15
4745;14;624939659;4745;310;5597;5612;6.69;0.41;249.84;4.35;852;15;1915.00;15
4747;14;624939670;4747;304;5601;5616;6.76;0.41;249.94;4.35;854;15;1916.00;15
4750;14;624939681;4750;299;5602;5617;6.83;0.41;250.01;4.35;852;15;1917.00;15
4753;14;624939693;4753;282;5602;5617;6.89;0.42;250.00;4.35;849;15;1918.00;15
4755;14;624939705;4755;275;5602;5617;6.99;0.42;250.03;4.35;847;15;1919.00;15
4757;14;624939717;4757;278;5625;5646;7.19;0.44;250.10;4.33;868;15;1920.00;21
4760;14;624939731;4760;268;5625;5646;7.28;0.44;250.13;4.33;865;15;1921.00;21
4762;14;624939742;4762;262;5627;5646;7.37;0.45;250.22;4.35;865;15;1922.00;19
4764;14;624939753;4764;259;5629;5647;7.51;0.46;250.37;4.35;865;15;1923.00;18
4764;14;624939765;4764;257;5629;5648;7.61;0.46;250.37;4.35;865;15;1924.00;19
4766;14;624939776;4766;254;5629;5648;7.68;0.47;250.55;4.35;863;15;1925.00;19
4767;14;624939787;4767;248;5631;5651;7.81;0.47;250.50;4.35;864;15;1926.00;20
4769;14;624939800;4769;243;5631;5651;7.83;0.48;250.57;4.35;862;15;1927.00;20
4769;14;624939811;4769;234;5633;5651;7.96;0.48;250.57;4.37;864;15;1928.00;18
4772;14;624939831;4772;229;5633;5651;8.05;0.49;250.68;4.37;861;15;1929.00;18
4775;14;624939843;4775;227;5638;5657;8.16;0.50;250.89;4.37;863;15;1930.00;19
4779;14;624939863;4779;222;5638;5657;8.26;0.50;250.84;4.37;859;15;1931.00;19
4781;14;624939882;4781;220;5638;5657;8.36;0.51;250.95;4.37;857;15;1932.00;19
4783;14;624939894;4783;217;5638;5657;8.44;0.51;250.99;4.37;855;15;1933.00;19
4784;14;624939905;4784;213;5641;5661;8.47;0.51;251.05;4.37;857;15;1934.00;20
4786;14;624939917;4786;212;5643;5663;8.50;0.52;251.03;4.36;857;15;1935.00;20
4788;14;624939930;4788;211;5643;5663;8.52;0.52;251.09;4.36;855;15;1936.00;20
4789;14;624939947;4789;209;5644;5664;8.58;0.52;251.06;4.36;855;15;1937.00;20
4791;14;624939958;4791;210;5644;5664;8.62;0.52;251.10;4.36;853;15;1938.00;20
4793;14;624939969;4793;205;5644;5664;8.70;0.53;251.20;4.36;851;15;1939.00;20
4795;14;624939980;4795;208;5644;5664;8.74;0.53;251.24;4.36;849;15;1940.00;20
4796;14;624939992;4796;208;5644;5664;8.80;0.53;251.30;4.36;848;15;1941.00;20
4798;14;624940003;4798;208;5644;5664;8.91;0.54;251.34;4.36;846;15;1942.00;20
4799;14;624940015;4799;203;5644;5664;8.93;0.54;251.32;4.36;845;15;1943.00;20
4803;14;624940025;4803;226;5687;5734;8.84;0.54;251.35;4.33;884;15;1944.00;47
4806;14;624940042;4806;217;5687;5735;8.92;0.54;251.48;4.33;881;15;1945.00;48
4806;14;624940054;4806;213;5691;5735;9.08;0.55;251.48;4.33;885;15;1946.00;44
4808;14;624940065;4808;213;5691;5735;9.16;0.56;251.61;4.33;883;15;1947.00;44
4810;14;624940076;4810;210;5695;5735;9.19;0.56;251.65;4.33;885;15;1948.00;40
4812;14;624940088;4812;210;5696;5735;9.26;0.56;251.72;4.33;884;15;1949.00;39
4816;14;624940101;4816;213;5701;5737;9.34;0.56;251.86;4.33;885;15;1950.00;36
4823;14;624940113;4823;214;5705;5737;9.47;0.57;252.00;4.35;882;15;1951.00;32
4823;14;624940125;4823;216;5708;5738;9.54;0.58;252.00;4.36;885;15;1952.00;30
4829;14;624940136;4829;224;5710;5739;9.59;0.58;252.16;4.36;881;15;1953.00;29
4830;14;624940148;4830;221;5713;5739;9.62;0.58;252.14;4.36;883;15;1954.00;26
4836;14;624940160;4836;223;5717;5743;9.68;0.59;252.35;4.36;881;15;1955.00;26
4838;14;624940172;4838;225;5718;5743;9.67;0.59;252.50;4.36;880;15;1956.00;25
4840;14;624940183;4840;226;5718;5743;9.75;0.59;252.53;4.36;878;15;1957.00;25
4842;14;624940194;4842;227;5718;5743;9.81;0.60;252.56;4.36;876;15;1958.00;25
4844;14;624940205;4844;224;5723;5749;9.82;0.60;252.72;4.36;879;15;1959.00;26
4848;14;624940217;4848;224;5723;5749;9.84;0.60;252.81;4.36;875;15;1960.00;26
4850;14;624940235;4850;222;5723;5749;9.87;0.60;252.97;4.36;873;15;1961.00;26
4853;14;624940246;4853;224;5725;5752;9.93;0.61;252.97;4.35;872;15;1962.00;27
4857;14;624940258;4857;219;5725;5752;10.00;0.61;253.06;4.35;868;15;1963.00;27
4859;14;624940270;4859;218;5726;5752;10.13;0.62;253.05;4.35;867;15;1964.00;26
4863;14;624940281;4863;215;5726;5753;10.11;0.62;253.03;4.35;863;15;1965.00;27
4863;14;624940294;4863;214;5727;5754;10.15;0.62;253.03;4.35;864;15;1966.00;27
4865;14;624940305;4865;211;5727;5754;10.17;0.62;253.02;4.35;862;15;1967.00;27
4869;14;624940316;4869;213;5737;5767;10.10;0.61;253.03;4.35;868;15;1968.00;30
4876;14;624940329;4876;201;5737;5767;10.09;0.61;252.96;4.35;861;15;1969.00;30
4880;14;624940341;4880;207;5737;5767;10.06;0.61;252.95;4.35;857;15;1970.00;30
4884;14;624940352;4884;205;5738;5768;10.08;0.61;252.99;4.35;854;15;1971.00;30
4889;14;624940364;4889;206;5738;5768;10.03;0.61;252.96;4.35;849;15;1972.00;30
4891;14;624940375;4891;201;5743;5772;10.01;0.61;252.99;4.34;852;15;1973.00;29
4894;14;624940386;4894;204;5744;5772;10.01;0.61;252.96;4.36;850;15;1974.00;28
4897;14;624940398;4897;206;5747;5776;9.98;0.61;252.97;4.35;850;15;1975.00;29
4904;14;624940410;4904;199;5748;5776;9.98;0.61;252.94;4.36;844;15;1976.00;28
4908;14;624940421;4908;198;5748;5776;9.98;0.61;252.93;4.36;840;15;1977.00;28
4909;14;624940432;4909;198;5748;5776;10.07;0.61;252.91;4.36;839;15;1978.00;28
4911;14;624940443;4911;194;5748;5776;9.97;0.61;252.90;4.36;837;15;1979.00;28
4916;14;624940455;4916;192;5769;5810;9.95;0.61;252.93;4.35;853;15;1980.00;41
4916;14;624940469;4916;192;5770;5810;9.95;0.61;252.93;4.35;854;15;1981.00;40
4921;14;624940479;4921;192;5771;5810;9.83;0.60;252.89;4.35;850;15;1982.00;39
4922;14;624940490;4922;192;5771;5810;9.75;0.59;252.90;4.35;849;15;1983.00;39
4926;14;624940507;4926;191;5772;5810;9.72;0.59;252.85;4.35;846;15;1984.00;38
4926;14;624940517;4926;197;5772;5810;9.59;0.58;252.85;4.35;846;15;1985.00;38
4930;14;624940527;4930;203;5772;5811;9.58;0.58;252.88;4.35;842;15;1986.00;39
4930;14;624940538;4930;202;5773;5811;9.55;0.58;252.88;4.35;843;15;1987.00;38
4935;14;624940548;4935;204;5778;5817;9.53;0.58;252.81;4.36;843;15;1988.00;39
4937;14;624940560;4937;203;5779;5818;9.51;0.58;252.77;4.35;842;15;1989.00;39
4941;14;624940570;4941;203;5779;5818;9.44;0.57;252.76;4.35;838;15;1990.00;39
4943;14;624940581;4943;205;5779;5818;9.44;0.57;252.74;4.35;836;15;1991.00;39
4948;14;624940592;4948;214;5783;5822;9.43;0.57;252.80;4.35;835;15;1992.00;39
4952;14;624940603;4952;219;5784;5822;9.34;0.57;252.79;4.36;832;15;1993.00;38
4953;14;624940614;4953;226;5785;5822;9.22;0.56;252.83;4.36;832;15;1994.00;37
4957;14;624940624;4957;227;5786;5823;9.09;0.55;252.77;4.36;829;15;1995.00;37
4957;14;624940635;4957;226;5790;5827;9.00;0.55;252.77;4.36;833;15;1996.00;37
4958;14;624940646;4958;228;5792;5827;8.93;0.54;252.79;4.37;834;15;1997.00;35
4959;14;624940657;4959;234;5794;5830;8.94;0.54;252.78;4.36;835;15;1998.00;36
4962;14;624940668;4962;245;5795;5830;8.91;0.54;252.77;4.36;833;15;1999.00;35
4963;14;624940680;4963;245;5797;5830;8.83;0.54;252.80;4.38;834;15;2000.00;33
4967;14;624940694;4967;255;5797;5830;8.77;0.53;252.96;4.38;830;15;2001.00;33
4968;14;624940704;4968;262;5802;5834;8.74;0.53;252.98;4.40;834;15;2002.00;32
4970;14;624940715;4970;264;5803;5834;8.71;0.53;252.97;4.40;833;15;2003.00;31
4974;14;624940726;4974;270;5803;5834;8.70;0.53;253.08;4.40;829;15;2004.00;31
4978;14;624940736;4978;270;5804;5834;8.70;0.53;253.15;4.41;826;15;2005.00;30
4981;14;624940746;4981;275;5805;5835;8.60;0.52;253.11;4.42;824;15;2006.00;30
4983;14;624940756;4983;280;5807;5836;8.53;0.52;253.22;4.43;824;15;2007.00;29
4984;14;624940766;4984;279;5808;5836;8.39;0.51;253.24;4.43;824;15;2008.00;28
4987;14;624940776;4987;286;5810;5837;8.29;0.51;253.33;4.44;823;15;2009.00;27
4988;14;624940787;4988;295;5810;5837;8.21;0.50;253.44;4.44;822;15;2010.00;27
4992;14;624940797;4992;302;5811;5837;8.08;0.49;253.45;4.45;819;15;2011.00;26
4995;14;624940807;4995;310;5812;5837;7.91;0.48;253.36;4.47;817;15;2012.00;25
4998;14;624940817;4998;313;5813;5837;7.77;0.47;253.39;4.48;815;15;2013.00;24
5000;14;624940831;5000;318;5813;5837;7.65;0.47;253.36;4.48;813;15;2014.00;24
5001;14;624940844;5001;324;5814;5837;7.52;0.46;253.33;4.49;813;15;2015.00;23
5003;14;624940861;5003;342;5881;5964;7.64;0.47;253.32;4.44;878;15;2016.00;83
5006;14;624940893;5006;347;5885;5965;7.49;0.46;253.33;4.43;879;15;2017.00;80
5006;14;624940908;5006;345;5896;5965;7.48;0.46;253.33;4.44;890;15;2018.00;69
5007;14;624940924;5007;343;5898;5965;7.35;0.46;253.32;4.44;891;15;2019.00;67
5010;14;624940939;5010;344;5906;5965;7.30;0.45;253.24;4.44;896;15;2020.00;59
5011;14;624940951;5011;339;5906;5965;7.23;0.45;253.29;4.44;895;15;2021.00;59
5016;14;624940962;5016;343;5912;5965;7.17;0.44;253.26;4.47;896;15;2022.00;53
5017;14;624940975;5017;344;5915;5965;7.20;0.45;253.22;4.47;898;15;2023.00;50
5019;14;624940987;5019;344;5918;5966;7.15;0.44;253.23;4.47;899;15;2024.00;48
5021;14;624941000;5021;347;5924;5968;7.15;0.44;253.16;4.47;903;15;2025.00;44
5024;14;624941011;5024;351;5927;5968;7.07;0.44;253.14;4.48;903;15;2026.00;41
5027;14;624941023;5027;353;5930;5969;6.96;0.43;253.05;4.49;903;15;2027.00;39
5029;14;624941035;5029;360;5935;5969;6.87;0.42;252.99;4.50;906;15;2028.00;34
5030;14;624941047;5030;365;5937;5969;6.75;0.42;252.95;4.50;907;15;2029.00;32
5032;14;624941058;5032;367;5940;5969;6.65;0.41;252.91;4.51;908;15;2030.00;29
5033;14;624941069;5033;378;5945;5973;6.52;0.40;252.86;4.51;912;15;2031.00;28
5037;14;624941078;5037;387;5946;5973;6.42;0.40;252.87;4.51;909;15;2032.00;27
5040;14;624941089;5040;399;5949;5973;6.29;0.39;252.97;4.52;909;15;2033.00;24
5040;14;624941099;5040;404;5952;5976;6.22;0.38;252.97;4.52;912;15;2034.00;24
5043;14;624941110;5043;413;5952;5976;6.12;0.38;252.95;4.52;909;15;2035.00;24
5046;14;624941120;5046;418;5953;5976;5.94;0.37;252.89;4.52;907;15;2036.00;23
5048;14;624941129;5048;427;5957;5980;5.80;0.36;252.91;4.52;909;15;2037.00;23
5050;14;624941139;5050;434;5962;5981;5.67;0.35;252.98;4.53;912;15;2038.00;19
5052;14;624941148;5052;445;5963;5981;5.55;0.34;253.01;4.53;911;15;2039.00;18
5053;14;624941159;5053;444;5969;5986;5.50;0.34;253.04;4.53;916;15;2040.00;17
5057;14;624941169;5057;439;5969;5986;5.39;0.33;253.03;4.53;912;15;2041.00;17
5060;14;624941178;5060;433;5969;5986;5.35;0.33;252.93;4.53;909;15;2042.00;17
5062;14;624941188;5062;421;5970;5987;5.34;0.33;252.92;4.53;908;15;2043.00;17
5065;14;624941197;5065;409;5971;5987;5.37;0.33;252.96;4.53;906;15;2044.00;16
5068;14;624941214;5068;400;5977;5993;5.51;0.34;252.91;4.52;909;15;2045.00;16
5069;14;624941227;5069;398;5977;5993;5.62;0.35;252.88;4.52;908;15;2046.00;16
5072;14;624941237;5072;386;5978;5994;5.74;0.35;252.89;4.52;906;15;2047.00;16
5075;14;624941249;5075;374;5978;5994;5.85;0.36;252.94;4.52;903;15;2048.00;16
5079;15;624941260;5079;365;5978;5994;5.91;0.36;252.85;4.52;899;16;2049.00;16
5083;15;624941292;5083;355;5978;5994;5.95;0.36;252.87;4.52;895;16;2050.00;16
5086;15;624941303;5086;349;5978;5994;5.98;0.37;252.85;4.52;892;16;2051.00;16
5089;15;624941314;5089;343;5988;6006;6.06;0.37;252.84;4.52;899;16;2052.00;18
5093;15;624941325;5093;337;5988;6006;6.06;0.37;252.86;4.52;895;16;2053.00;18
5097;15;624941337;5097;336;5990;6006;6.11;0.37;252.76;4.51;893;16;2054.00;16
5099;15;624941356;5099;334;5990;6006;6.14;0.37;252.76;4.51;891;16;2055.00;16
5100;15;624941368;5100;330;5990;6006;6.17;0.38;252.88;4.51;890;16;2056.00;16
5102;15;624941379;5102;333;5990;6006;6.21;0.38;252.93;4.51;888;16;2057.00;16
5105;15;624941389;5105;330;5994;6010;6.21;0.38;252.91;4.51;889;16;2058.00;16
5107;15;624941400;5107;326;5994;6010;6.23;0.38;252.91;4.51;887;16;2059.00;16
5109;15;624941410;5109;331;5998;6014;6.38;0.39;252.90;4.51;889;16;2060.00;16
5109;15;624941421;5109;327;5999;6015;6.43;0.39;252.90;4.51;890;16;2061.00;16
5113;15;624941431;5113;322;5999;6015;6.43;0.39;252.92;4.51;886;16;2062.00;16
5115;15;624941443;5115;324;5999;6015;6.45;0.39;252.94;4.51;884;16;2063.00;16
5120;15;624941453;5120;319;6012;6028;6.56;0.40;253.00;4.50;892;16;2064.00;16
5122;15;624941473;5122;320;6012;6028;6.56;0.40;253.05;4.50;890;16;2065.00;16
5129;15;624941484;5129;317;6012;6028;6.56;0.40;253.14;4.50;883;16;2066.00;16
5132;15;624941496;5132;315;6013;6029;6.58;0.40;253.19;4.50;881;16;2067.00;16
5136;15;624941507;5136;312;6014;6030;6.64;0.40;253.18;4.50;878;16;2068.00;16
5140;15;624941518;5140;317;6014;6030;6.66;0.41;253.21;4.50;874;16;2069.00;16
5145;15;624941531;5145;312;6018;6036;6.72;0.41;253.37;4.49;873;16;2070.00;18
5148;15;624941542;5148;308;6018;6036;6.69;0.41;253.48;4.49;870;16;2071.00;18
5152;15;624941553;5152;307;6020;6036;6.68;0.41;253.55;4.49;868;16;2072.00;16
5155;15;624941564;5155;309;6020;6036;6.66;0.41;253.50;4.49;865;16;2073.00;16
5159;15;624941575;5159;308;6025;6042;6.65;0.41;253.63;4.49;866;16;2074.00;17
5163;15;624941586;5163;313;6025;6042;6.57;0.40;253.74;4.49;862;16;2075.00;17
5169;15;624941598;5169;304;6025;6042;6.53;0.40;253.70;4.49;856;16;2076.00;17
5172;15;624941608;5172;298;6025;6042;6.55;0.40;253.70;4.49;853;16;2077.00;17
5177;15;624941618;5177;298;6030;6046;6.57;0.40;253.73;4.53;853;16;2078.00;16
5179;15;624941630;5179;294;6031;6047;6.67;0.41;253.86;4.53;852;16;2079.00;16
5182;15;624941642;5182;295;6031;6047;6.69;0.41;253.98;4.53;849;16;2080.00;16
5186;15;624941652;5186;290;6032;6048;6.65;0.41;254.04;4.53;846;16;2081.00;16
5189;15;624941664;5189;291;6032;6048;6.70;0.41;253.97;4.53;843;16;2082.00;16
5192;15;624941675;5192;288;6032;6048;6.72;0.41;254.07;4.53;840;16;2083.00;16
5196;15;624941686;5196;286;6032;6048;6.71;0.41;254.17;4.53;836;16;2084.00;16
5197;15;624941696;5197;284;6032;6048;6.74;0.41;254.13;4.53;835;16;2085.00;16
5199;15;624941707;5199;285;6032;6048;6.67;0.41;254.24;4.53;833;16;2086.00;16
5202;15;624941717;5202;270;6032;6048;6.67;0.41;254.29;4.53;830;16;2087.00;16
5203;15;624941728;5203;277;6074;6118;6.85;0.42;254.34;4.50;871;16;2088.00;44
5204;15;624941745;5204;263;6075;6119;6.92;0.42;254.41;4.50;871;16;2089.00;44
5206;15;624941755;5206;250;6080;6119;7.03;0.43;254.39;4.50;874;16;2090.00;39
5208;15;624941767;5208;248;6080;6119;7.14;0.44;254.44;4.50;872;16;2091.00;39
5209;15;624941778;5209;240;6083;6119;7.26;0.44;254.51;4.50;874;16;2092.00;36
5212;15;624941790;5212;239;6084;6119;7.40;0.45;254.63;4.50;872;16;2093.00;35
5215;15;624941802;5215;242;6087;6119;7.47;0.45;254.67;4.50;872;16;2094.00;32
5218;15;624941814;5218;239;6090;6119;7.52;0.46;254.78;4.50;872;16;2095.00;29
5221;15;624941827;5221;224;6093;6120;7.62;0.46;254.89;4.50;872;16;2096.00;27
5224;15;624941840;5224;211;6095;6121;7.70;0.47;255.05;4.50;871;16;2097.00;26
5228;15;624941853;5228;211;6098;6121;7.75;0.47;255.01;4.51;870;16;2098.00;23
5231;15;624941865;5231;214;6102;6125;7.85;0.48;255.11;4.50;871;16;2099.00;23
5236;15;624941881;5236;216;6107;6140;7.92;0.48;255.24;4.50;871;16;2100.00;33
5236;15;624941900;5236;208;6107;6140;8.08;0.49;255.24;4.50;871;16;2101.00;33
5238;15;624941912;5238;211;6107;6140;8.19;0.50;255.36;4.50;869;16;2102.00;33
5240;15;624941923;5240;212;6111;6146;8.29;0.50;255.49;4.50;871;16;2103.00;35
5243;15;624941936;5243;209;6111;6146;8.35;0.51;255.41;4.50;868;16;2104.00;35
5244;15;624941948;5244;206;6111;6146;8.49;0.52;255.47;4.50;867;16;2105.00;35
5246;15;624941959;5246;212;6115;6149;8.62;0.52;255.56;4.50;869;16;2106.00;34
5248;15;624941972;5248;203;6115;6149;8.75;0.53;255.68;4.50;867;16;2107.00;34
5253;15;624941984;5253;203;6116;6149;8.85;0.54;255.63;4.50;863;16;2108.00;33
5258;15;624941995;5258;197;6116;6150;8.92;0.54;255.87;4.50;858;16;2109.00;34
5263;15;624942007;5263;195;6117;6151;8.94;0.54;255.98;4.50;854;16;2110.00;34
5266;15;624942019;5266;194;6117;6151;8.93;0.54;256.10;4.50;851;16;2111.00;34
5269;15;624942031;5269;203;6129;6164;8.94;0.54;256.16;4.49;860;16;2112.00;35
5271;15;624942043;5271;197;6129;6164;8.97;0.55;256.17;4.49;858;16;2113.00;35
5272;15;624942055;5272;193;6129;6164;9.02;0.55;256.17;4.49;857;16;2114.00;35
5277;15;624942066;5277;191;6131;6166;9.06;0.55;256.21;4.49;854;16;2115.00;35
5280;15;624942078;5280;192;6131;6166;9.12;0.55;256.22;4.49;851;16;2116.00;35
5282;15;624942089;5282;183;6134;6170;9.19;0.56;256.24;4.49;852;16;2117.00;36
5283;15;624942110;5283;189;6136;6170;9.20;0.56;256.22;4.49;853;16;2118.00;34
5287;15;624942121;5287;187;6139;6174;9.23;0.56;256.38;4.49;852;16;2119.00;35
5288;15;624942135;5288;178;6139;6174;9.36;0.57;256.34;4.49;851;16;2120.00;35
5291;15;624942148;5291;177;6139;6174;9.42;0.57;256.36;4.49;848;16;2121.00;35
5294;15;624942162;5294;174;6139;6174;9.48;0.57;256.40;4.49;845;16;2122.00;35
5296;15;624942175;5296;174;6139;6174;9.54;0.58;256.38;4.49;843;16;2123.00;35
5298;15;624942187;5298;176;6150;6186;9.50;0.58;256.42;4.49;852;16;2124.00;36
5302;15;624942201;5302;175;6150;6186;9.56;0.58;256.49;4.49;848;16;2125.00;36
5303;15;624942214;5303;175;6151;6186;9.68;0.59;256.52;4.49;848;16;2126.00;35
5306;15;624942226;5306;178;6153;6186;9.74;0.59;256.59;4.50;847;16;2127.00;33
5310;15;624942238;5310;176;6153;6186;9.88;0.60;256.64;4.50;843;16;2128.00;33
5312;15;624942251;5312;179;6153;6186;10.00;0.61;256.61;4.50;841;16;2129.00;33
5314;15;624942265;5314;182;6155;6187;10.02;0.61;256.67;4.50;841;16;2130.00;32
5318;15;624942277;5318;184;6155;6187;10.02;0.61;256.76;4.50;837;16;2131.00;32
5320;15;624942290;5320;186;6161;6193;10.02;0.61;256.76;4.50;841;16;2132.00;32
5322;15;624942303;5322;183;6162;6194;10.05;0.61;256.86;4.50;840;16;2133.00;32
5326;15;624942316;5326;190;6162;6194;10.02;0.61;256.93;4.50;836;16;2134.00;32
5328;15;624942327;5328;190;6162;6194;10.00;0.60;256.92;4.50;834;16;2135.00;32
5332;15;624942340;5332;199;6165;6198;10.02;0.61;256.97;4.50;833;16;2136.00;33
5334;15;624942352;5334;199;6165;6198;10.07;0.61;257.01;4.50;831;16;2137.00;33
5340;15;624942363;5340;200;6166;6198;9.96;0.60;257.08;4.55;826;16;2138.00;32
5345;15;624942376;5345;199;6167;6199;9.98;0.60;257.11;4.55;822;16;2139.00;32
5347;15;624942388;5347;197;6170;6203;9.87;0.60;257.12;4.55;823;16;2140.00;33
5353;15;624942400;5353;197;6170;6203;9.83;0.60;257.14;4.55;817;16;2141.00;33
5355;15;624942411;5355;190;6172;6206;9.84;0.60;257.15;4.55;817;16;2142.00;34
5357;15;624942423;5357;190;6173;6206;9.93;0.60;257.17;4.55;816;16;2143.00;33
5361;15;624942434;5361;188;6173;6206;9.90;0.60;257.14;4.55;812;16;2144.00;33
5364;15;624942445;5364;190;6175;6206;9.91;0.60;257.09;4.57;811;16;2145.00;31
5369;15;624942457;5369;187;6179;6210;9.92;0.60;257.17;4.56;810;16;2146.00;31
5371;15;624942470;5371;194;6179;6210;9.92;0.60;257.20;4.56;808;16;2147.00;31
5377;15;624942481;5377;202;6179;6210;9.86;0.60;257.19;4.56;802;16;2148.00;31
5382;15;624942492;5382;200;6179;6210;9.82;0.60;257.22;4.56;797;16;2149.00;31
5383;15;624942503;5383;204;6179;6211;9.73;0.59;257.18;4.56;796;16;2150.00;32
5387;15;624942514;5387;205;6180;6212;9.62;0.58;257.24;4.56;793;16;2151.00;32
5390;15;624942526;5390;208;6180;6212;9.50;0.58;257.28;4.56;790;16;2152.00;32
5391;15;624942536;5391;210;6181;6213;9.47;0.58;257.30;4.56;790;16;2153.00;32
5393;15;624942547;5393;220;6181;6213;9.43;0.57;257.24;4.56;788;16;2154.00;32
5396;15;624942558;5396;227;6181;6213;9.37;0.57;257.23;4.56;785;16;2155.00;32
5401;15;624942568;5401;231;6181;6213;9.27;0.56;257.33;4.56;780;16;2156.00;32
5403;15;624942579;5403;223;6181;6213;9.25;0.56;257.36;4.56;778;16;2157.00;32
5405;15;624942589;5405;232;6181;6213;9.25;0.56;257.40;4.56;776;16;2158.00;32
5408;15;624942601;5408;225;6181;6213;9.28;0.57;257.43;4.56;773;16;2159.00;32
5410;15;624942613;5410;256;6278;6443;9.26;0.58;257.38;4.49;868;16;2160.00;165
5414;15;624942645;5414;255;6283;6444;9.22;0.58;257.49;4.49;869;16;2161.00;161
5416;15;624942656;5416;252;6295;6444;9.20;0.57;257.60;4.48;879;16;2162.00;149
5420;15;624942668;5420;251;6301;6444;9.04;0.56;257.57;4.48;881;16;2163.00;143
5421;15;624942680;5421;250;6307;6444;8.96;0.56;257.60;4.48;886;16;2164.00;137
5425;15;624942691;5425;256;6314;6444;8.81;0.55;257.77;4.48;889;16;2165.00;130
5427;15;624942702;5427;257;6320;6444;8.69;0.54;257.75;4.48;893;16;2166.00;124
5429;15;624942713;5429;261;6328;6444;8.64;0.54;257.78;4.49;899;16;2167.00;116
5432;15;624942724;5432;268;6334;6445;8.60;0.53;257.83;4.49;902;16;2168.00;111
5436;15;624942735;5436;273;6341;6446;8.60;0.53;257.83;4.50;905;16;2169.00;105
5441;15;624942747;5441;280;6350;6446;8.53;0.53;257.83;4.53;909;16;2170.00;96
5443;15;624942759;5443;287;6353;6447;8.45;0.52;257.80;4.53;910;16;2171.00;94
5445;15;624942775;5445;292;6357;6447;8.34;0.52;257.74;4.53;912;16;2172.00;90
5447;15;624942786;5447;301;6363;6447;8.21;0.51;257.71;4.55;916;16;2173.00;84
5449;15;624942796;5449;310;6364;6447;8.08;0.50;257.64;4.56;915;16;2174.00;83
5450;15;624942806;5450;316;6369;6451;7.92;0.49;257.69;4.57;919;16;2175.00;82
5452;15;624942817;5452;324;6371;6451;7.78;0.48;257.75;4.58;919;16;2176.00;80
5454;15;624942831;5454;326;6373;6451;7.67;0.47;257.79;4.58;919;16;2177.00;78
5457;15;624942845;5457;334;6376;6454;7.52;0.46;257.75;4.59;919;16;2178.00;78
5459;15;624942863;5459;349;6379;6454;7.36;0.45;257.70;4.60;920;16;2179.00;75
5462;15;624942880;5462;353;6383;6454;7.20;0.44;257.72;4.63;921;16;2180.00;71
5464;15;624942895;5464;367;6388;6458;7.09;0.44;257.69;4.64;924;16;2181.00;70
5468;15;624942912;5468;377;6392;6459;7.00;0.43;257.60;4.65;924;16;2182.00;67
5470;15;624942927;5470;380;6395;6459;6.93;0.43;257.63;4.66;925;16;2183.00;64
5472;15;624942943;5472;389;6402;6463;6.84;0.42;257.59;4.68;930;16;2184.00;61
5473;15;624942955;5473;393;6404;6463;6.75;0.42;257.56;4.68;931;16;2185.00;59
5475;15;624942966;5475;401;6406;6463;6.67;0.41;257.56;4.69;931;16;2186.00;57
5475;15;624942979;5475;409;6410;6464;6.60;0.41;257.56;4.72;935;16;2187.00;54
5475;15;624942996;5475;419;6413;6464;6.55;0.40;257.56;4.72;938;16;2188.00;51
5478;16;624943007;5478;420;6418;6470;6.49;0.40;257.49;4.72;940;17;2189.00;52
5478;16;624943040;5478;421;6420;6470;6.39;0.39;257.49;4.74;942;17;2190.00;50
5481;16;624943050;5481;425;6422;6471;6.32;0.39;257.49;4.74;941;17;2191.00;49
5482;16;624943065;5482;432;6423;6471;6.25;0.38;257.46;4.75;941;17;2192.00;48
5484;16;624943076;5484;432;6425;6471;6.15;0.38;257.37;4.76;941;17;2193.00;46
5487;16;624943086;5487;433;6426;6471;6.00;0.37;257.30;4.76;939;17;2194.00;45
5490;16;624943097;5490;435;6427;6471;5.88;0.36;257.26;4.76;937;17;2195.00;44
5491;16;624943108;5491;426;6436;6483;5.93;0.36;257.22;4.76;945;17;2196.00;47
5493;16;624943119;5493;415;6437;6483;5.91;0.36;257.20;4.76;944;17;2197.00;46
5494;16;624943130;5494;426;6440;6483;5.92;0.37;257.16;4.77;946;17;2198.00;43
5496;16;624943141;5496;423;6440;6483;5.88;0.36;257.17;4.77;944;17;2199.00;43
5497;16;624943152;5497;422;6443;6483;5.84;0.36;257.15;4.78;946;17;2200.00;40
5499;16;624943167;5499;419;6444;6483;5.88;0.36;257.08;4.78;945;17;2201.00;39
5501;16;624943184;5501;424;6447;6487;5.87;0.36;257.07;4.78;946;17;2202.00;40
5503;17;624943195;5503;424;6447;6487;5.82;0.36;257.03;4.78;944;18;2203.00;40
5506;17;624943217;5506;421;6452;6491;5.80;0.36;257.06;4.79;946;18;2204.00;39
5509;17;624943228;5509;419;6455;6493;5.74;0.35;257.12;4.79;946;18;2205.00;38
5510;17;624943238;5510;417;6456;6493;5.65;0.35;257.11;4.80;946;18;2206.00;37
5516;17;624943248;5516;418;6456;6493;5.55;0.34;257.04;4.80;940;18;2207.00;37
5518;17;624943259;5518;426;6470;6506;5.53;0.34;257.03;4.80;952;18;2208.00;36
5520;17;624943271;5520;425;6470;6506;5.47;0.34;257.09;4.80;950;18;2209.00;36
5522;17;624943287;5522;415;6472;6508;5.46;0.34;257.14;4.80;950;18;2210.00;36
5524;17;624943297;5524;405;6474;6509;5.49;0.34;257.19;4.80;950;18;2211.00;35
5528;17;624943307;5528;404;6474;6510;5.55;0.34;257.18;4.80;946;18;2212.00;36
5528;17;624943318;5528;397;6475;6510;5.65;0.35;257.18;4.80;947;18;2213.00;35
5530;17;624943334;5530;387;6479;6513;5.70;0.35;257.23;4.80;949;18;2214.00;34
5534;17;624943345;5534;384;6479;6513;5.76;0.35;257.29;4.80;945;18;2215.00;34
5537;17;624943356;5537;380;6480;6513;5.84;0.36;257.25;4.80;943;18;2216.00;33
5540;17;624943367;5540;374;6481;6513;5.88;0.36;257.28;4.80;941;18;2217.00;32
5543;17;624943378;5543;370;6487;6519;6.01;0.37;257.32;4.80;944;18;2218.00;32
5545;17;624943390;5545;365;6487;6519;6.10;0.38;257.39;4.80;942;18;2219.00;32
5549;17;624943403;5549;357;6487;6519;6.16;0.38;257.37;4.80;938;18;2220.00;32
5550;17;624943415;5550;347;6487;6519;6.22;0.38;257.34;4.80;937;18;2221.00;32
5553;17;624943425;5553;344;6491;6523;6.33;0.39;257.38;4.80;938;18;2222.00;32
5556;17;624943436;5556;345;6492;6524;6.41;0.40;257.41;4.80;936;18;2223.00;32
5561;17;624943447;5561;341;6492;6524;6.47;0.40;257.47;4.80;931;18;2224.00;32
5568;17;624943458;5568;338;6493;6525;6.47;0.40;257.38;4.80;925;18;2225.00;32
5574;17;624943470;5574;341;6493;6525;6.53;0.40;257.33;4.80;919;18;2226.00;32
5577;17;624943481;5577;344;6493;6525;6.62;0.41;257.31;4.80;916;18;2227.00;32
5580;17;624943491;5580;347;6493;6525;6.68;0.41;257.39;4.80;913;18;2228.00;32
5584;17;624943502;5584;344;6493;6525;6.71;0.41;257.37;4.80;909;18;2229.00;32
5588;17;624943512;5588;342;6493;6525;6.69;0.41;257.40;4.80;905;18;2230.00;32
5592;17;624943523;5592;339;6493;6525;6.63;0.41;257.53;4.80;901;18;2231.00;32
5597;17;624943534;5597;345;6532;6595;6.79;0.42;257.48;4.77;935;18;2232.00;63
5600;17;624943550;5600;341;6534;6596;6.78;0.42;257.52;4.77;934;18;2233.00;62
5608;17;624943562;5608;341;6541;6596;6.78;0.41;257.67;4.76;933;18;2234.00;55
5612;17;624943573;5612;338;6542;6596;6.75;0.41;257.74;4.76;930;18;2235.00;54
5615;17;624943584;5615;336;6544;6596;6.75;0.41;257.83;4.76;929;18;2236.00;52
5619;17;624943596;5619;338;6546;6596;6.77;0.41;257.96;4.76;927;18;2237.00;50
5621;17;624943607;5621;335;6548;6596;6.79;0.41;257.98;4.76;927;18;2238.00;48
5626;17;624943618;5626;345;6550;6596;6.80;0.41;258.01;4.77;924;18;2239.00;46
5630;17;624943630;5630;340;6551;6597;6.80;0.41;258.01;4.77;921;18;2240.00;46
5632;17;624943642;5632;343;6553;6598;6.81;0.41;258.04;4.77;921;18;2241.00;45
5635;17;624943654;5635;341;6555;6598;6.88;0.42;258.11;4.77;920;18;2242.00;43
5638;17;624943665;5638;341;6560;6602;6.95;0.42;258.18;4.77;922;18;2243.00;42
5640;17;624943677;5640;340;6562;6602;7.01;0.43;258.20;4.77;922;18;2244.00;40
5644;17;624943689;5644;340;6563;6602;7.00;0.43;258.28;4.77;919;18;2245.00;39
5648;17;624943701;5648;335;6564;6602;7.00;0.43;258.35;4.77;916;18;2246.00;38
5652;17;624943712;5652;331;6569;6608;7.08;0.43;258.32;4.77;917;18;2247.00;39
5654;17;624943724;5654;326;6569;6608;7.07;0.43;258.44;4.77;915;18;2248.00;39
5658;17;624943736;5658;321;6569;6608;7.11;0.43;258.53;4.77;911;18;2249.00;39
5661;17;624943750;5661;313;6573;6614;7.18;0.44;258.58;4.77;912;18;2250.00;41
5663;17;624943763;5663;307;6573;6614;7.15;0.44;258.66;4.77;910;18;2251.00;41
5666;17;624943775;5666;310;6575;6614;7.16;0.44;258.76;4.76;909;18;2252.00;39
5668;17;624943786;5668;304;6575;6615;7.14;0.43;258.74;4.76;907;18;2253.00;40
5671;17;624943798;5671;302;6576;6616;7.08;0.43;258.77;4.76;905;18;2254.00;40
5672;17;624943811;5672;306;6576;6616;7.11;0.43;258.83;4.76;904;18;2255.00;40
5674;17;624943823;5674;304;6587;6629;7.16;0.44;258.88;4.76;913;18;2256.00;42
5680;17;624943840;5680;288;6587;6629;7.17;0.44;258.95;4.76;907;18;2257.00;42
5685;17;624943853;5685;280;6587;6629;7.21;0.44;258.97;4.76;902;18;2258.00;42
5688;17;624943866;5688;277;6588;6630;7.28;0.44;258.98;4.76;900;18;2259.00;42
5692;17;624943879;5692;268;6588;6630;7.34;0.45;258.97;4.76;896;18;2260.00;42
5695;17;624943891;5695;263;6592;6634;7.43;0.45;258.96;4.75;897;18;2261.00;42
5698;18;624943903;5698;260;6592;6634;7.47;0.45;259.03;4.75;894;19;2262.00;42
5699;18;624943925;5699;261;6595;6638;7.50;0.46;259.08;4.75;896;19;2263.00;43
5703;18;624943937;5703;264;6596;6638;7.51;0.46;259.14;4.82;893;19;2264.00;42
5706;19;624943949;5706;268;6596;6638;7.49;0.46;259.28;4.82;890;20;2265.00;42
5709;19;624943974;5709;252;6596;6638;7.54;0.46;259.29;4.82;887;20;2266.00;42
5710;19;624943985;5710;239;6596;6638;7.61;0.46;259.28;4.82;886;20;2267.00;42
5713;19;624943997;5713;230;6606;6650;7.74;0.47;259.32;4.81;893;20;2268.00;44
5717;19;624944010;5717;223;6606;6650;7.82;0.47;259.44;4.81;889;20;2269.00;44
5722;19;624944021;5722;218;6607;6650;7.92;0.48;259.50;4.81;885;20;2270.00;43
5723;19;624944034;5723;216;6607;6650;8.00;0.48;259.54;4.81;884;20;2271.00;43
5726;19;624944045;5726;216;6607;6650;8.09;0.49;259.56;4.81;881;20;2272.00;43
5727;19;624944057;5727;215;6607;6650;8.23;0.50;259.56;4.81;880;20;2273.00;43
5730;19;624944074;5730;208;6608;6651;8.33;0.50;259.65;4.88;878;20;2274.00;43
5731;19;624944086;5731;201;6608;6651;8.41;0.51;259.69;4.88;877;20;2275.00;43
5733;19;624944101;5733;198;6613;6657;8.55;0.52;259.84;4.88;880;20;2276.00;44
5736;19;624944113;5736;190;6614;6658;8.64;0.52;259.92;4.88;878;20;2277.00;44
5738;19;624944125;5738;185;6614;6658;8.67;0.52;260.00;4.88;876;20;2278.00;44
5742;19;624944138;5742;184;6614;6658;8.73;0.53;259.95;4.88;872;20;2279.00;44
5749;19;624944151;5749;186;6618;6663;8.74;0.53;259.94;4.88;869;20;2280.00;45
5751;19;624944163;5751;187;6618;6663;8.79;0.53;260.02;4.88;867;20;2281.00;45
5752;19;624944175;5752;189;6618;6663;8.84;0.53;260.06;4.88;866;20;2282.00;45
5755;19;624944186;5755;187;6619;6664;8.83;0.53;260.16;4.88;864;20;2283.00;45
5755;19;624944198;5755;187;6622;6668;8.85;0.54;260.16;4.88;867;20;2284.00;46
5758;19;624944210;5758;191;6622;6668;8.83;0.53;260.24;4.88;864;20;2285.00;46
5761;19;624944222;5761;193;6624;6671;8.86;0.54;260.23;4.87;863;20;2286.00;47
5762;19;624944234;5762;187;6624;6671;8.87;0.54;260.20;4.87;862;20;2287.00;47
5763;19;624944245;5763;186;6625;6671;8.94;0.54;260.16;4.87;862;20;2288.00;46
5765;19;624944256;5765;189;6625;6671;8.97;0.54;260.22;4.87;860;20;2289.00;46
5769;19;624944267;5769;194;6629;6675;9.04;0.55;260.22;4.87;860;20;2290.00;46
5772;19;624944280;5772;196;6629;6675;9.09;0.55;260.26;4.87;857;20;2291.00;46
5776;19;624944291;5776;193;6629;6675;9.15;0.55;260.19;4.87;853;20;2292.00;46
5776;19;624944303;5776;196;6629;6675;9.26;0.56;260.19;4.87;853;20;2293.00;46
5779;19;624944314;5779;191;6629;6676;9.29;0.56;260.27;4.87;850;20;2294.00;47
5780;19;624944325;5780;192;6631;6678;9.40;0.57;260.36;4.87;851;20;2295.00;47
5781;19;624944336;5781;197;6631;6678;9.43;0.57;260.34;4.87;850;20;2296.00;47
5783;19;624944348;5783;198;6632;6679;9.45;0.57;260.37;4.87;849;20;2297.00;47
5785;19;624944359;5785;197;6632;6679;9.50;0.58;260.35;4.87;847;20;2298.00;47
5789;19;624944370;5789;196;6632;6679;9.45;0.57;260.46;4.87;843;20;2299.00;47
5791;19;624944383;5791;193;6632;6679;9.42;0.57;260.49;4.87;841;20;2300.00;47
5792;19;624944397;5792;191;6633;6679;9.38;0.57;260.58;4.94;841;20;2301.00;46
5794;19;624944408;5794;193;6633;6679;9.42;0.57;260.69;4.94;839;20;2302.00;46
5796;19;624944419;5796;186;6633;6679;9.44;0.57;260.69;4.94;837;20;2303.00;46
5799;19;624944429;5799;219;6705;6806;9.25;0.57;260.76;4.89;906;20;2304.00;101
5803;19;624944450;5803;208;6706;6807;9.27;0.57;260.71;4.89;903;20;2305.00;101
5806;19;624944461;5806;193;6712;6807;9.40;0.58;260.75;4.89;906;20;2306.00;95
5811;19;624944474;5811;192;6712;6807;9.31;0.57;260.83;4.89;901;20;2307.00;95
5814;19;624944485;5814;191;6719;6807;9.34;0.57;260.90;4.89;905;20;2308.00;88
5818;19;624944496;5818;197;6722;6807;9.22;0.56;261.05;4.89;904;20;2309.00;85
5821;19;624944510;5821;204;6725;6807;9.17;0.56;261.11;4.89;904;20;2310.00;82
5823;19;624944521;5823;208;6729;6807;9.16;0.56;261.16;4.89;906;20;2311.00;78
5828;19;624944532;5828;205;6732;6808;9.08;0.56;261.19;4.89;904;20;2312.00;76
5831;19;624944544;5831;214;6736;6809;9.04;0.55;261.18;4.89;905;20;2313.00;73
5833;19;624944555;5833;213;6739;6809;9.03;0.56;261.13;4.91;906;20;2314.00;70
5838;19;624944573;5838;223;6743;6810;8.99;0.55;261.07;4.92;905;20;2315.00;67
5841;19;624944584;5841;220;6746;6810;8.91;0.55;261.05;4.93;905;20;2316.00;64
5844;19;624944596;5844;223;6750;6810;8.77;0.54;261.11;5.00;906;20;2317.00;60
5846;19;624944607;5846;219;6751;6810;8.72;0.53;261.07;5.01;905;20;2318.00;59
5847;19;624944618;5847;220;6755;6814;8.65;0.53;261.06;5.00;908;20;2319.00;59
5850;19;624944630;5850;218;6757;6814;8.63;0.53;261.00;5.02;907;20;2320.00;57
5853;19;624944641;5853;227;6758;6814;8.60;0.53;261.05;5.02;905;20;2321.00;56
5858;19;624944652;5858;237;6761;6817;8.59;0.53;261.02;5.09;903;20;2322.00;56
5861;19;624944668;5861;238;6763;6817;8.53;0.52;260.95;5.10;902;20;2323.00;54
5864;19;624944679;5864;239;6764;6817;8.49;0.52;260.90;5.10;900;20;2324.00;53
5867;19;624944690;5867;245;6767;6821;8.42;0.52;260.84;5.10;900;20;2325.00;54
5871;19;624944701;5871;249;6768;6822;8.34;0.51;260.77;5.10;897;20;2326.00;54
5873;19;624944712;5873;259;6770;6822;8.30;0.51;260.74;5.10;897;20;2327.00;52
5877;19;624944723;5877;267;6773;6826;8.25;0.51;260.80;5.10;896;20;2328.00;53
5880;19;624944734;5880;273;6773;6826;8.18;0.50;260.71;5.10;893;20;2329.00;53
5883;19;624944745;5883;280;6773;6826;8.02;0.49;260.65;5.10;890;20;2330.00;53
5887;19;624944755;5887;285;6774;6827;7.92;0.48;260.72;5.10;887;20;2331.00;53
5888;19;624944766;5888;286;6774;6827;7.77;0.47;260.70;5.10;886;20;2332.00;53
5890;19;624944776;5890;301;6779;6833;7.70;0.47;260.67;5.09;889;20;2333.00;54
5893;19;624944787;5893;307;6779;6833;7.56;0.46;260.61;5.09;886;20;2334.00;54
5896;19;624944797;5896;315;6779;6834;7.46;0.46;260.55;5.09;883;20;2335.00;55
5898;19;624944813;5898;322;6780;6834;7.36;0.45;260.48;5.11;882;20;2336.00;54
5899;19;624944823;5899;333;6780;6834;7.27;0.44;260.49;5.11;881;20;2337.00;54
5900;19;624944838;5900;345;6780;6834;7.23;0.44;260.47;5.11;880;20;2338.00;54
5907;19;624944855;5907;345;6780;6834;7.13;0.43;260.50;5.11;873;20;2339.00;54
5908;19;624944873;5908;353;6807;6870;7.18;0.44;260.50;5.11;899;20;2340.00;63
5910;19;624944892;5910;363;6809;6870;7.05;0.43;260.47;5.11;899;20;2341.00;61
5910;19;624944911;5910;370;6812;6870;6.96;0.43;260.47;5.13;902;20;2342.00;58
5912;19;624944925;5912;378;6813;6870;6.85;0.42;260.52;5.14;901;20;2343.00;57
5914;19;624944940;5914;381;6815;6870;6.83;0.42;260.48;5.15;901;20;2344.00;55
5916;19;624944951;5916;389;6815;6870;6.78;0.41;260.43;5.15;899;20;2345.00;55
5917;19;624944962;5917;385;6819;6874;6.70;0.41;260.42;5.14;902;20;2346.00;55
5918;19;624944974;5918;373;6821;6874;6.69;0.41;260.41;5.16;903;20;2347.00;53
5918;19;624944984;5918;373;6826;6878;6.73;0.41;260.41;5.17;908;20;2348.00;52
5919;19;624944995;5919;377;6828;6879;6.67;0.41;260.40;5.18;909;20;2349.00;51
5920;19;624945007;5920;374;6829;6879;6.67;0.41;260.41;5.19;909;20;2350.00;50
5920;19;624945025;5920;373;6830;6879;6.59;0.40;260.41;5.20;910;20;2351.00;49
5923;19;624945035;5923;374;6843;6892;6.58;0.40;260.33;5.21;920;20;2352.00;49
5924;20;624945048;5924;375;6844;6892;6.54;0.40;260.33;5.22;920;21;2353.00;48
5926;20;624945070;5926;372;6845;6892;6.49;0.40;260.32;5.22;919;21;2354.00;47
5929;20;624945081;5929;379;6847;6893;6.43;0.39;260.40;5.23;918;21;2355.00;46
5929;20;624945095;5929;375;6848;6894;6.41;0.39;260.40;5.23;919;21;2356.00;46
5930;20;624945112;5930;385;6848;6894;6.40;0.39;260.41;5.23;918;21;2357.00;46
5933;20;624945122;5933;393;6851;6897;6.42;0.39;260.41;5.24;918;21;2358.00;46
5933;20;624945134;5933;390;6852;6897;6.42;0.39;260.41;5.24;919;21;2359.00;45
5934;20;624945145;5934;388;6854;6897;6.40;0.39;260.40;5.25;920;21;2360.00;43
5935;20;624945157;5935;384;6854;6897;6.43;0.39;260.37;5.25;919;21;2361.00;43
5936;20;624945168;5936;379;6860;6903;6.45;0.39;260.36;5.25;924;21;2362.00;43
5937;20;624945185;5937;375;6861;6903;6.37;0.39;260.35;5.26;924;21;2363.00;42
5937;20;624945195;5937;374;6862;6903;6.33;0.39;260.35;5.25;925;21;2364.00;41
5937;20;624945204;5937;370;6863;6903;6.30;0.38;260.35;5.26;926;21;2365.00;40
5938;20;624945214;5938;377;6866;6907;6.28;0.38;260.32;5.26;928;21;2366.00;41
5939;20;624945225;5939;381;6867;6908;6.29;0.38;260.28;5.26;928;21;2367.00;41
5941;20;624945241;5941;387;6870;6908;6.29;0.38;260.37;5.28;929;21;2368.00;38
5944;20;624945251;5944;386;6871;6909;6.29;0.38;260.35;5.28;927;21;2369.00;38
5949;20;624945264;5949;387;6872;6909;6.25;0.38;260.39;5.28;923;21;2370.00;37
5953;20;624945275;5953;388;6872;6909;6.16;0.37;260.33;5.28;919;21;2371.00;37
5953;20;624945285;5953;387;6874;6909;6.18;0.38;260.33;5.29;921;21;2372.00;35
5956;20;624945294;5956;386;6874;6909;6.06;0.37;260.28;5.29;918;21;2373.00;35
5957;20;624945304;5957;382;6877;6909;6.02;0.37;260.29;5.30;920;21;2374.00;32
5960;20;624945320;5960;381;6877;6909;5.99;0.37;260.24;5.30;917;21;2375.00;32
5964;20;624945329;5964;393;6922;6979;6.04;0.37;260.28;5.26;958;21;2376.00;57
5967;20;624945344;5967;389;6926;6980;6.00;0.37;260.36;5.26;959;21;2377.00;54
5970;20;624945354;5970;393;6930;6980;5.98;0.37;260.41;5.26;960;21;2378.00;50
5972;20;624945364;5972;392;6932;6980;5.92;0.36;260.43;5.26;960;21;2379.00;48
5974;20;624945373;5974;385;6934;6980;5.88;0.36;260.49;5.26;960;21;2380.00;46
5978;20;624945384;5978;380;6934;6980;5.83;0.36;260.49;5.26;956;21;2381.00;46
5981;20;624945394;5981;376;6938;6980;5.87;0.36;260.57;5.26;957;21;2382.00;42
5986;20;624945404;5986;375;6940;6980;5.88;0.36;260.67;5.26;954;21;2383.00;40
5990;20;624945413;5990;373;6943;6981;5.88;0.36;260.73;5.26;953;21;2384.00;38
5991;20;624945424;5991;382;6946;6983;5.93;0.36;260.75;5.26;955;21;2385.00;37
5993;20;624945434;5993;381;6948;6983;5.94;0.36;260.74;5.26;955;21;2386.00;35
5997;20;624945444;5997;389;6954;6987;5.94;0.36;260.86;5.26;957;21;2387.00;33
6001;20;624945455;6001;391;6955;6987;5.93;0.36;260.82;5.26;954;21;2388.00;32
6005;20;624945465;6005;385;6955;6987;5.99;0.37;260.85;5.26;950;21;2389.00;32
6008;20;624945477;6008;387;6955;6987;6.01;0.37;260.82;5.26;947;21;2390.00;32
6010;20;624945487;6010;385;6961;6993;6.02;0.37;260.91;5.26;951;21;2391.00;32
6015;20;624945498;6015;378;6961;6993;6.06;0.37;261.01;5.26;946;21;2392.00;32
6016;20;624945509;6016;375;6961;6993;6.11;0.37;260.99;5.26;945;21;2393.00;32
6021;20;624945519;6021;370;6964;6996;6.13;0.37;261.21;5.25;943;21;2394.00;32
6024;20;624945531;6024;371;6964;6996;6.24;0.38;261.35;5.25;940;21;2395.00;32
6028;20;624945541;6028;365;6964;6996;6.34;0.39;261.40;5.25;936;21;2396.00;32
6033;20;624945552;6033;361;6965;6997;6.39;0.39;261.43;5.25;932;21;2397.00;32
6038;20;624945563;6038;358;6966;6998;6.47;0.39;261.41;5.25;928;21;2398.00;32
6041;20;624945574;6041;354;6966;6998;6.55;0.40;261.50;5.25;925;21;2399.00;32
6044;20;624945587;6044;360;6992;7057;6.69;0.41;261.57;5.23;948;21;2400.00;65
6049;20;624945610;6049;343;6993;7057;6.74;0.41;261.68;5.23;944;21;2401.00;64
6052;20;624945622;6052;339;6996;7057;6.82;0.41;261.67;5.23;944;21;2402.00;61
6056;20;624945633;6056;342;6997;7058;6.89;0.42;261.75;5.23;941;21;2403.00;61
6060;20;624945645;6060;341;6999;7058;6.90;0.42;261.91;5.23;939;21;2404.00;59
6062;20;624945656;6062;346;7005;7062;6.97;0.42;261.88;5.23;943;21;2405.00;57
6068;20;624945669;6068;342;7005;7062;6.95;0.42;261.90;5.23;937;21;2406.00;57
6072;20;624945680;6072;345;7010;7066;6.98;0.43;262.02;5.23;938;21;2407.00;56
6075;20;624945692;6075;340;7010;7066;6.99;0.43;262.13;5.23;935;21;2408.00;56
6079;20;624945704;6079;338;7010;7066;6.97;0.42;262.24;5.23;931;21;2409.00;56
6083;20;624945715;6083;339;7012;7066;6.96;0.42;262.27;5.23;929;21;2410.00;54
6088;20;624945726;6088;340;7013;7066;6.91;0.42;262.33;5.23;925;21;2411.00;53
6091;20;624945738;6091;341;7022;7078;6.93;0.42;262.43;5.22;931;21;2412.00;56
6096;20;624945749;6096;339;7022;7078;6.92;0.42;262.55;5.22;926;21;2413.00;56
6101;20;624945760;6101;340;7023;7078;6.90;0.42;262.46;5.22;922;21;2414.00;55
6103;20;624945771;6103;335;7024;7078;6.93;0.42;262.55;5.30;921;21;2415.00;54
6107;20;624945783;6107;334;7027;7078;6.90;0.42;262.64;5.30;920;21;2416.00;51
6108;20;624945794;6108;332;7027;7078;6.91;0.42;262.65;5.30;919;21;2417.00;51
6110;20;624945804;6110;325;7029;7079;6.93;0.42;262.72;5.31;919;21;2418.00;50
6117;20;624945816;6117;317;7029;7079;6.87;0.42;262.60;5.31;912;21;2419.00;50
6121;20;624945830;6121;313;7033;7085;6.88;0.42;262.57;5.30;912;21;2420.00;52
6125;20;624945847;6125;305;7034;7086;6.85;0.42;262.60;5.30;909;21;2421.00;52
6128;20;624945860;6128;309;7036;7086;6.80;0.41;262.69;5.31;908;21;2422.00;50
6133;20;624945870;6133;313;7036;7086;6.80;0.41;262.71;5.31;903;21;2423.00;50
6137;20;624945882;6137;313;7039;7090;6.86;0.42;262.79;5.31;902;21;2424.00;51
6140;20;624945893;6140;311;7040;7090;6.84;0.42;262.83;5.31;900;21;2425.00;50
6144;20;624945904;6144;309;7040;7090;6.78;0.41;262.88;5.31;896;21;2426.00;50
6149;20;624945915;6149;294;7041;7091;6.81;0.41;262.90;5.31;892;21;2427.00;50
6150;20;624945926;6150;290;7045;7095;6.89;0.42;262.95;5.31;895;21;2428.00;50
6155;20;624945938;6155;287;7045;7095;6.94;0.42;263.06;5.31;890;21;2429.00;50
6157;20;624945950;6157;285;7050;7101;7.01;0.43;263.13;5.30;893;21;2430.00;51
6161;20;624945962;6161;287;7050;7101;6.99;0.43;263.21;5.30;889;21;2431.00;51
6164;20;624945973;6164;291;7051;7101;7.03;0.43;263.27;5.30;887;21;2432.00;50
6165;20;624945984;6165;290;7051;7101;7.07;0.43;263.32;5.30;886;21;2433.00;50
6168;20;624945996;6168;291;7056;7105;6.97;0.42;263.46;5.31;888;21;2434.00;49
6171;20;624946007;6171;289;7056;7105;6.93;0.42;263.46;5.31;885;21;2435.00;49
6174;20;624946019;6174;273;7056;7105;6.95;0.42;263.56;5.31;882;21;2436.00;49
6176;20;624946030;6176;269;7056;7105;6.90;0.42;263.66;5.31;880;21;2437.00;49
6180;20;624946041;6180;263;7056;7106;6.89;0.42;263.70;5.31;876;21;2438.00;50
6183;20;624946052;6183;254;7058;7107;6.91;0.42;263.68;5.38;875;21;2439.00;49
6185;20;624946063;6185;251;7059;7107;6.89;0.42;263.68;5.38;874;21;2440.00;48
6186;20;624946075;6186;243;7060;7108;6.94;0.42;263.73;5.38;874;21;2441.00;48
6188;20;624946086;6188;244;7060;7108;6.95;0.42;263.72;5.38;872;21;2442.00;48
6189;20;624946098;6189;242;7060;7108;7.00;0.43;263.75;5.38;871;21;2443.00;48
6191;20;624946109;6191;238;7060;7108;7.02;0.43;263.75;5.38;869;21;2444.00;48
6191;20;624946119;6191;233;7060;7108;7.12;0.43;263.75;5.38;869;21;2445.00;48
6194;20;624946130;6194;226;7061;7108;7.23;0.44;263.74;5.39;867;21;2446.00;47
6194;20;624946142;6194;216;7061;7108;7.36;0.45;263.74;5.39;867;21;2447.00;47
6197;20;624946152;6197;238;7126;7235;7.51;0.47;263.71;5.34;929;21;2448.00;109
6200;20;624946173;6200;225;7127;7236;7.55;0.47;263.67;5.34;927;21;2449.00;109
6205;20;624946184;6205;216;7133;7236;7.62;0.47;263.74;5.34;928;21;2450.00;103
6208;20;624946196;6208;213;7136;7236;7.71;0.48;263.76;5.33;928;21;2451.00;100
6209;20;624946207;6209;206;7142;7236;7.84;0.48;263.77;5.34;933;21;2452.00;94
6214;20;624946218;6214;204;7146;7236;7.91;0.49;264.03;5.34;932;21;2453.00;90
6215;20;624946235;6215;207;7152;7236;7.98;0.49;264.06;5.34;937;21;2454.00;84
6218;20;624946246;6218;207;7154;7236;7.98;0.49;264.11;5.34;936;21;2455.00;82
6221;20;624946258;6221;203;7155;7237;8.05;0.50;264.20;5.34;934;21;2456.00;82
6222;20;624946269;6222;203;7158;7238;8.10;0.50;264.22;5.35;936;21;2457.00;80
6226;20;624946281;6226;204;7160;7238;8.05;0.49;264.28;5.35;934;21;2458.00;78
6227;20;624946292;6227;205;7165;7239;8.10;0.50;264.26;5.36;938;21;2459.00;74
6231;20;624946305;6231;206;7167;7239;8.14;0.50;264.30;5.36;936;21;2460.00;72
6236;20;624946317;6236;208;7171;7239;8.14;0.50;264.42;5.36;935;21;2461.00;68
6237;20;624946328;6237;210;7171;7239;8.19;0.50;264.50;5.36;934;21;2462.00;68
6240;20;624946339;6240;214;7177;7243;8.22;0.50;264.50;5.46;937;21;2463.00;66
6242;20;624946356;6242;215;7179;7243;8.24;0.51;264.54;5.47;937;21;2464.00;64
6243;20;624946368;6243;214;7181;7243;8.29;0.51;264.51;5.47;938;21;2465.00;62
6245;20;624946380;6245;218;7183;7246;8.25;0.51;264.47;5.54;938;21;2466.00;63
6247;20;624946397;6247;221;7185;7246;8.26;0.51;264.43;5.55;938;21;2467.00;61
6250;20;624946409;6250;221;7185;7246;8.29;0.51;264.43;5.55;935;21;2468.00;61
6250;20;624946424;6250;230;7190;7250;8.32;0.51;264.43;5.56;940;21;2469.00;60
6251;20;624946436;6251;227;7193;7251;8.35;0.51;264.43;5.56;942;21;2470.00;58
6254;20;624946447;6254;227;7195;7251;8.41;0.51;264.43;5.56;941;21;2471.00;56
6258;20;624946458;6258;235;7196;7255;8.42;0.52;264.39;5.56;938;21;2472.00;59
6259;20;624946471;6259;236;7199;7255;8.48;0.52;264.36;5.64;940;21;2473.00;56
6261;20;624946487;6261;242;7199;7255;8.47;0.52;264.35;5.64;938;21;2474.00;56
6264;20;624946498;6264;248;7201;7257;8.45;0.52;264.41;5.63;937;21;2475.00;56
6265;20;624946510;6265;248;7201;7257;8.51;0.52;264.39;5.63;936;21;2476.00;56
6269;20;624946521;6269;248;7206;7263;8.57;0.52;264.40;5.63;937;21;2477.00;57
6271;20;624946533;6271;248;7206;7263;8.56;0.52;264.38;5.63;935;21;2478.00;57
6275;20;624946545;6275;253;7206;7264;8.51;0.52;264.33;5.63;931;21;2479.00;58
6279;20;624946555;6279;255;7207;7264;8.45;0.52;264.30;5.70;928;21;2480.00;57
6283;20;624946566;6283;245;7207;7264;8.34;0.51;264.37;5.70;924;21;2481.00;57
6288;20;624946577;6288;238;7207;7264;8.29;0.51;264.38;5.70;919;21;2482.00;57
6290;20;624946588;6290;236;7207;7264;8.20;0.50;264.43;5.70;917;21;2483.00;57
6295;20;624946598;6295;231;7217;7276;8.13;0.50;264.37;5.69;922;21;2484.00;59
6297;20;624946610;6297;236;7220;7276;8.06;0.49;264.36;5.71;923;21;2485.00;56
6299;20;624946622;6299;238;7220;7276;8.04;0.49;264.37;5.71;921;21;2486.00;56
6300;20;624946638;6300;246;7220;7276;8.08;0.49;264.33;5.71;920;21;2487.00;56
6303;20;624946648;6303;249;7220;7276;8.04;0.49;264.36;5.71;917;21;2488.00;56
6307;20;624946659;6307;255;7220;7276;7.92;0.48;264.29;5.71;913;21;2489.00;56
6312;20;624946671;6312;254;7223;7280;7.87;0.48;264.26;5.71;911;21;2490.00;57
6313;20;624946682;6313;260;7223;7280;7.79;0.47;264.24;5.71;910;21;2491.00;57
6314;20;624946693;6314;264;7228;7284;7.75;0.47;264.25;5.77;914;21;2492.00;56
6316;20;624946703;6316;272;7229;7285;7.69;0.47;264.25;5.77;913;21;2493.00;56
6316;20;624946714;6316;279;7229;7285;7.63;0.46;264.25;5.77;913;21;2494.00;56
6318;20;624946724;6318;293;7231;7285;7.51;0.46;264.30;5.85;913;21;2495.00;54
6320;20;624946734;6320;301;7240;7298;7.44;0.45;264.27;5.84;920;21;2496.00;58
6322;20;624946745;6322;305;7240;7298;7.34;0.45;264.30;5.84;918;21;2497.00;58
6324;20;624946761;6324;312;7241;7298;7.25;0.44;264.26;5.91;917;21;2498.00;57
6327;20;624946770;6327;307;7242;7299;7.20;0.44;264.25;5.91;915;21;2499.00;57
6328;20;624946782;6328;296;7242;7300;7.19;0.44;264.22;5.91;914;21;2500.00;58
6331;20;624946796;6331;296;7244;7300;7.16;0.44;264.21;5.93;913;21;2501.00;56
6331;20;624946806;6331;291;7247;7303;7.22;0.44;264.21;5.93;916;21;2502.00;56
6334;20;624946817;6334;285;7248;7303;7.26;0.44;264.25;5.93;914;21;2503.00;55
6337;20;624946828;6337;284;7249;7303;7.36;0.45;264.26;5.94;912;21;2504.00;54
6338;20;624946843;6338;285;7250;7303;7.43;0.45;264.25;5.95;912;21;2505.00;53
6338;20;624946864;6338;284;7256;7309;7.52;0.46;264.25;5.95;918;21;2506.00;53
6340;20;624946883;6340;283;7256;7309;7.55;0.46;264.22;5.95;916;21;2507.00;53
6342;20;624946899;6342;278;7257;7309;7.55;0.46;264.21;5.95;915;21;2508.00;52
6342;20;624946915;6342;279;7258;7309;7.61;0.46;264.21;5.95;916;21;2509.00;51
6343;20;624946930;6343;274;7261;7313;7.64;0.46;264.22;5.95;918;21;2510.00;52
6345;20;624946946;6345;277;7262;7314;7.75;0.47;264.22;5.95;917;21;2511.00;52
6346;20;624946957;6346;273;7264;7314;7.76;0.47;264.27;5.97;918;21;2512.00;50
6346;20;624946977;6346;275;7266;7315;7.78;0.47;264.27;5.98;920;21;2513.00;49
6346;20;624946996;6346;280;7268;7315;7.75;0.47;264.27;6.00;922;21;2514.00;47
6347;20;624947014;6347;272;7269;7315;7.75;0.47;264.28;6.01;922;21;2515.00;46
6349;20;624947025;6349;273;7269;7315;7.69;0.47;264.24;6.01;920;21;2516.00;46
6351;20;624947036;6351;275;7272;7315;7.60;0.46;264.21;6.04;921;21;2517.00;43
6351;20;624947047;6351;274;7272;7315;7.52;0.46;264.21;6.04;921;21;2518.00;43
6352;20;624947057;6352;268;7273;7315;7.42;0.45;264.20;6.04;921;21;2519.00;42
6355;20;624947069;6355;282;7327;7440;7.60;0.47;264.18;6.00;972;21;2520.00;113
6358;20;624947090;6358;284;7331;7441;7.52;0.46;264.17;6.01;973;21;2521.00;110
6362;20;624947101;6362;288;7344;7441;7.50;0.46;264.30;6.00;982;21;2522.00;97
6364;20;624947113;6364;295;7352;7441;7.42;0.46;264.27;6.01;988;21;2523.00;89
6367;20;624947124;6367;293;7360;7441;7.36;0.45;264.37;6.01;993;21;2524.00;81
6367;20;624947136;6367;292;7363;7441;7.29;0.45;264.37;6.01;996;21;2525.00;78
6368;20;624947147;6368;295;7371;7441;7.22;0.44;264.38;6.02;1003;21;2526.00;70
6369;20;624947158;6369;300;7376;7441;7.17;0.44;264.37;6.02;1007;21;2527.00;65
6371;20;624947169;6371;307;7381;7442;7.08;0.43;264.35;6.03;1010;21;2528.00;61
6372;20;624947180;6372;306;7385;7443;6.99;0.43;264.33;6.03;1013;21;2529.00;58
6376;20;624947190;6376;308;7388;7443;6.91;0.42;264.31;6.03;1012;21;2530.00;55
6379;20;624947202;6379;309;7394;7447;6.77;0.41;264.33;6.04;1015;21;2531.00;53
6381;20;624947213;6381;313;7394;7447;6.68;0.41;264.35;6.04;1013;21;2532.00;53
6384;20;624947224;6384;312;7395;7447;6.61;0.40;264.42;6.04;1011;21;2533.00;52
6384;20;624947235;6384;316;7395;7447;6.65;0.41;264.42;6.04;1011;21;2534.00;52
6387;20;624947246;6387;322;7402;7453;6.66;0.41;264.43;6.05;1015;21;2535.00;51
6390;20;624947259;6390;326;7402;7453;6.62;0.40;264.47;6.05;1012;21;2536.00;51
6393;20;624947277;6393;328;7403;7455;6.62;0.41;264.48;6.05;1010;21;2537.00;52
6395;20;624947289;6395;331;7408;7458;6.54;0.40;264.57;6.07;1013;21;2538.00;50
6397;20;624947301;6397;343;7409;7458;6.42;0.39;264.56;6.06;1012;21;2539.00;49
6398;20;624947312;6398;343;7410;7458;6.38;0.39;264.58;6.07;1012;21;2540.00;48
6400;20;624947323;6400;350;7412;7459;6.33;0.39;264.57;6.07;1012;21;2541.00;47
6401;20;624947334;6401;351;7413;7460;6.32;0.39;264.55;6.07;1012;21;2542.00;47
6406;20;624947349;6406;350;7414;7460;6.28;0.39;264.51;6.08;1008;21;2543.00;46
6408;20;624947361;6408;352;7425;7473;6.28;0.39;264.54;6.08;1017;21;2544.00;48
6411;20;624947374;6411;350;7426;7473;6.27;0.39;264.51;6.08;1015;21;2545.00;47
6412;20;624947386;6412;347;7427;7473;6.27;0.39;264.49;6.08;1015;21;2546.00;46
6415;20;624947397;6415;354;7428;7474;6.19;0.38;264.57;6.08;1013;21;2547.00;46
6420;20;624947409;6420;352;7430;7474;6.07;0.37;264.68;6.08;1010;21;2548.00;44
6423;20;624947420;6423;357;7434;7478;6.01;0.37;264.69;6.08;1011;21;2549.00;44
6427;20;624947433;6427;346;7436;7481;5.93;0.37;264.70;6.08;1009;21;2550.00;45
6432;20;624947445;6432;351;7442;7485;5.85;0.36;264.79;6.08;1010;21;2551.00;43
6437;20;624947457;6437;348;7443;7485;5.82;0.36;264.88;6.08;1006;21;2552.00;42
6438;20;624947470;6438;348;7443;7485;5.85;0.36;264.87;6.08;1005;21;2553.00;42
6442;20;624947481;6442;339;7444;7485;5.90;0.36;265.03;6.08;1002;21;2554.00;41
6447;20;624947493;6447;331;7445;7485;5.93;0.37;265.16;6.08;998;21;2555.00;40
6448;20;624947506;6448;339;7456;7497;6.04;0.37;265.18;6.07;1008;21;2556.00;41
6452;20;624947518;6452;328;7457;7497;6.11;0.38;265.30;6.07;1005;21;2557.00;40
6456;20;624947530;6456;323;7457;7497;6.16;0.38;265.39;6.07;1001;21;2558.00;40
6461;20;624947541;6461;317;7457;7497;6.19;0.38;265.50;6.07;996;21;2559.00;40
6465;20;624947553;6465;312;7457;7497;6.22;0.39;265.54;6.07;992;21;2560.00;40
6470;20;624947567;6470;311;7457;7497;6.26;0.39;265.54;6.07;987;21;2561.00;40
6472;20;624947585;6472;317;7458;7498;6.35;0.39;265.58;6.13;986;21;2562.00;40
6475;20;624947604;6475;312;7458;7498;6.40;0.40;265.65;6.13;983;21;2563.00;40
6478;20;624947624;6478;310;7463;7504;6.55;0.41;265.82;6.13;985;21;2564.00;41
6481;20;624947645;6481;316;7464;7506;6.63;0.41;265.90;6.13;983;21;2565.00;42
6485;20;624947661;6485;318;7465;7506;6.69;0.41;265.85;6.13;980;21;2566.00;41
6489;20;624947675;6489;325;7465;7506;6.76;0.42;265.87;6.13;976;21;2567.00;41
6496;20;624947698;6496;322;7468;7510;6.77;0.42;265.94;6.12;972;21;2568.00;42
6500;20;624947711;6500;318;7468;7510;6.80;0.42;266.07;6.12;968;21;2569.00;42
6503;20;624947723;6503;309;7468;7510;6.87;0.42;266.18;6.12;965;21;2570.00;42
6510;20;624947735;6510;311;7469;7511;6.89;0.43;266.24;6.12;959;21;2571.00;42
6518;20;624947747;6518;308;7472;7515;6.89;0.42;266.22;6.12;954;21;2572.00;43
6528;20;624947759;6528;300;7472;7515;6.90;0.42;266.38;6.12;944;21;2573.00;43
6535;20;624947772;6535;296;7474;7518;6.94;0.42;266.39;6.12;939;21;2574.00;44
6543;20;624947785;6543;294;7475;7518;6.93;0.42;266.45;6.12;932;21;2575.00;43
6546;20;624947799;6546;296;7475;7518;6.96;0.42;266.43;6.12;929;21;2576.00;43
6552;20;624947811;6552;298;7475;7518;6.98;0.43;266.52;6.12;923;21;2577.00;43
6558;20;624947828;6558;300;7479;7522;7.01;0.43;266.74;6.12;921;21;2578.00;43
6562;20;624947852;6562;299;7479;7522;6.98;0.43;266.72;6.12;917;21;2579.00;43
6566;20;624947867;6566;296;7479;7522;6.96;0.42;266.69;6.12;913;21;2580.00;43
6570;20;624947879;6570;296;7479;7522;6.96;0.42;266.70;6.12;909;21;2581.00;43
6574;20;624947891;6574;291;7479;7523;6.92;0.42;266.76;6.12;905;21;2582.00;44
6581;20;624947903;6581;288;7480;7524;6.88;0.42;266.77;6.12;899;21;2583.00;44
6586;20;624947915;6586;293;7480;7524;6.88;0.42;266.79;6.12;894;21;2584.00;44
6589;20;624947927;6589;294;7481;7525;6.91;0.42;266.77;6.11;892;21;2585.00;44
6594;20;624947939;6594;298;7481;7525;6.89;0.42;266.93;6.11;887;21;2586.00;44
6597;20;624947950;6597;296;7482;7525;6.94;0.42;267.00;6.17;885;21;2587.00;43
6601;20;624947961;6601;301;7482;7525;6.88;0.42;267.18;6.17;881;21;2588.00;43
6604;20;624947972;6604;301;7482;7525;6.78;0.41;267.21;6.17;878;21;2589.00;43
6610;20;624947983;6610;306;7482;7525;6.64;0.40;267.26;6.17;872;21;2590.00;43
6612;20;624947994;6612;305;7482;7525;6.53;0.40;267.32;6.17;870;21;2591.00;43
6614;20;624948004;6614;327;7553;7652;6.68;0.41;267.40;6.11;939;21;2592.00;99
6618;20;624948024;6618;318;7555;7653;6.64;0.41;267.46;6.11;937;21;2593.00;98
6621;20;624948036;6621;316;7561;7653;6.74;0.42;267.51;6.11;940;21;2594.00;92
6623;20;624948052;6623;308;7561;7653;6.78;0.42;267.52;6.11;938;21;2595.00;92
6627;20;624948070;6627;303;7566;7653;6.81;0.42;267.57;6.11;939;21;2596.00;87
6631;20;624948087;6631;288;7569;7653;6.91;0.43;267.76;6.11;938;21;2597.00;84
6631;20;624948102;6631;286;7573;7653;7.02;0.43;267.76;6.11;942;21;2598.00;80
6633;20;624948116;6633;283;7576;7653;7.05;0.43;267.84;6.11;943;21;2599.00;77
6636;20;624948129;6636;279;7579;7654;7.08;0.44;267.93;6.11;943;21;2600.00;75
6643;20;624948151;6643;279;7585;7655;7.04;0.43;268.01;6.11;942;21;2601.00;70
6644;20;624948166;6644;278;7588;7655;6.98;0.43;268.00;6.11;944;21;2602.00;67
6648;20;624948183;6648;282;7588;7656;6.94;0.43;268.09;6.11;940;21;2603.00;68
6649;20;624948200;6649;292;7594;7656;6.90;0.42;268.09;6.17;945;21;2604.00;62
6651;20;624948215;6651;305;7596;7656;6.89;0.42;268.17;6.18;945;21;2605.00;60
6653;20;624948228;6653;299;7597;7656;6.82;0.42;268.21;6.18;944;21;2606.00;59
6656;20;624948240;6656;296;7602;7660;6.85;0.42;268.28;6.17;946;21;2607.00;58
6659;20;624948252;6659;302;7603;7660;6.85;0.42;268.23;6.17;944;21;2608.00;57
6661;20;624948264;6661;302;7603;7660;6.88;0.42;268.25;6.17;942;21;2609.00;57
6664;20;624948278;6664;304;7608;7666;6.90;0.42;268.32;6.17;944;21;2610.00;58
6667;20;624948291;6667;307;7608;7666;6.91;0.43;268.41;6.17;941;21;2611.00;58
6670;20;624948305;6670;302;7610;7666;6.96;0.43;268.38;6.17;940;21;2612.00;56
6672;20;624948317;6672;301;7614;7670;6.98;0.43;268.37;6.23;942;21;2613.00;56
6678;20;624948330;6678;302;7616;7671;7.12;0.44;268.40;6.23;938;21;2614.00;55
6681;20;624948344;6681;303;7617;7671;7.20;0.44;268.41;6.23;936;21;2615.00;54
6681;20;624948355;6681;304;7620;7675;7.30;0.45;268.41;6.23;939;21;2616.00;55
6684;20;624948367;6684;304;7621;7675;7.35;0.45;268.42;6.23;937;21;2617.00;54
6685;20;624948380;6685;292;7621;7675;7.37;0.45;268.41;6.23;936;21;2618.00;54
6689;20;624948393;6689;295;7622;7676;7.36;0.45;268.44;6.23;933;21;2619.00;54
6692;20;624948404;6692;294;7622;7676;7.32;0.45;268.50;6.23;930;21;2620.00;54
6696;20;624948416;6696;287;7627;7682;7.36;0.45;268.52;6.23;931;21;2621.00;55
6698;20;624948428;6698;289;7627;7682;7.38;0.45;268.53;6.23;929;21;2622.00;55
6701;20;624948439;6701;286;7627;7683;7.36;0.45;268.49;6.23;926;21;2623.00;56
6703;20;624948451;6703;277;7627;7683;7.39;0.45;268.46;6.23;924;21;2624.00;56
6705;20;624948462;6705;275;7627;7683;7.44;0.45;268.48;6.23;922;21;2625.00;56
6709;20;624948474;6709;278;7627;7683;7.43;0.45;268.56;6.23;918;21;2626.00;56
6711;20;624948484;6711;275;7627;7683;7.42;0.45;268.57;6.23;916;21;2627.00;56
6714;20;624948497;6714;277;7637;7695;7.52;0.46;268.58;6.22;923;21;2628.00;58
6716;20;624948509;6716;275;7638;7695;7.56;0.46;268.56;6.22;922;21;2629.00;57
6718;20;624948521;6718;278;7638;7695;7.59;0.46;268.69;6.22;920;21;2630.00;57
6719;20;624948532;6719;280;7638;7695;7.63;0.46;268.68;6.22;919;21;2631.00;57
6722;20;624948544;6722;281;7638;7695;7.66;0.46;268.61;6.22;916;21;2632.00;57
6724;20;624948555;6724;279;7638;7695;7.74;0.47;268.64;6.22;914;21;2633.00;57
6726;20;624948574;6726;279;7641;7699;7.75;0.47;268.60;6.22;915;21;2634.00;58
6729;20;624948586;6729;281;7641;7699;7.75;0.47;268.50;6.22;912;21;2635.00;58
6729;20;624948598;6729;278;7645;7703;7.79;0.47;268.50;6.21;916;21;2636.00;58
6731;20;624948610;6731;275;7646;7704;7.83;0.47;268.58;6.21;915;21;2637.00;58
6731;20;624948622;6731;277;7646;7704;7.87;0.48;268.58;6.21;915;21;2638.00;58
6733;20;624948633;6733;277;7647;7704;7.87;0.48;268.54;6.27;914;21;2639.00;57
6735;20;624948646;6735;282;7670;7733;7.85;0.48;268.59;6.26;935;21;2640.00;63
6738;20;624948661;6738;278;7670;7733;7.86;0.48;268.52;6.26;932;21;2641.00;63
6740;20;624948673;6740;276;7672;7733;7.93;0.48;268.50;6.25;932;21;2642.00;61
6744;20;624948684;6744;280;7673;7734;7.97;0.49;268.44;6.25;929;21;2643.00;61
6747;20;624948696;6747;277;7673;7735;7.99;0.49;268.50;6.25;926;21;2644.00;62
6750;20;624948707;6750;281;7673;7735;8.01;0.49;268.51;6.25;923;21;2645.00;62
6750;20;624948719;6750;281;7675;7738;8.02;0.49;268.51;6.25;925;21;2646.00;63
6750;20;624948730;6750;280;7675;7738;8.02;0.49;268.51;6.25;925;21;2647.00;63
6753;20;624948741;6753;278;7676;7738;7.99;0.49;268.50;6.25;923;21;2648.00;62
6754;20;624948752;6754;285;7676;7738;7.92;0.48;268.51;6.25;922;21;2649.00;62
6754;20;624948763;6754;285;7681;7744;7.87;0.48;268.51;6.25;927;21;2650.00;63
6756;20;624948775;6756;272;7681;7744;7.79;0.47;268.51;6.25;925;21;2651.00;63
6757;20;624948786;6757;266;7681;7744;7.74;0.47;268.55;6.25;924;21;2652.00;63
6759;20;624948797;6759;257;7682;7744;7.73;0.47;268.56;6.31;923;21;2653.00;62
6760;20;624948808;6760;246;7686;7748;7.73;0.47;268.55;6.32;926;21;2654.00;62
6765;20;624948821;6765;239;7689;7750;7.69;0.47;268.48;6.33;924;21;2655.00;61
6766;20;624948835;6766;238;7689;7750;7.76;0.47;268.49;6.33;923;21;2656.00;61
6768;20;624948854;6768;231;7690;7751;7.85;0.48;268.46;6.33;922;21;2657.00;61
6771;20;624948893;6771;236;7690;7751;7.92;0.48;268.45;6.33;919;21;2658.00;61
6774;20;624948909;6774;230;7690;7751;7.95;0.48;268.39;6.33;916;21;2659.00;61
6775;20;624948926;6775;232;7690;7751;7.98;0.49;268.36;6.33;915;21;2660.00;61
6776;20;624948943;6776;233;7690;7751;7.96;0.49;268.35;6.33;914;21;2661.00;61
6779;20;624948958;6779;234;7690;7751;7.96;0.48;268.31;6.33;911;21;2662.00;61
6780;20;624948973;6780;235;7690;7751;8.00;0.49;268.39;6.33;910;21;2663.00;61
6783;20;624948986;6783;245;7721;7821;8.17;0.50;268.38;6.30;938;21;2664.00;100
6785;20;624949007;6785;241;7725;7822;8.19;0.50;268.37;6.30;940;21;2665.00;97
6790;20;624949025;6790;233;7731;7822;8.18;0.50;268.28;6.30;941;21;2666.00;91
6792;20;624949041;6792;240;7734;7822;8.12;0.49;268.27;6.30;942;21;2667.00;88
6792;20;624949058;6792;237;7736;7822;8.15;0.49;268.27;6.30;944;21;2668.00;86
6795;20;624949074;6795;232;7741;7822;8.17;0.49;268.24;6.29;946;21;2669.00;81
6796;20;624949092;6796;233;7743;7822;8.17;0.49;268.24;6.29;947;21;2670.00;79
6799;20;624949107;6799;236;7745;7822;8.17;0.49;268.24;6.29;946;21;2671.00;77
6803;20;624949121;6803;234;7746;7823;8.15;0.49;268.24;6.29;943;21;2672.00;77
6804;20;624949133;6804;241;7748;7824;8.24;0.50;268.24;6.30;944;21;2673.00;76
6806;20;624949148;6806;242;7750;7824;8.16;0.49;268.21;6.30;944;21;2674.00;74
6808;20;624949162;6808;241;7755;7828;8.07;0.49;268.20;6.30;947;21;2675.00;73
6810;20;624949176;6810;241;7757;7828;8.10;0.49;268.26;6.30;947;21;2676.00;71
6812;20;624949191;6812;247;7759;7828;8.08;0.49;268.22;6.31;947;21;2677.00;69
6815;20;624949204;6815;253;7761;7828;8.01;0.49;268.27;6.31;946;21;2678.00;67
6816;20;624949219;6816;257;7766;7834;8.04;0.49;268.28;6.31;950;21;2679.00;68
6820;20;624949232;6820;259;7769;7834;8.01;0.49;268.34;6.33;949;21;2680.00;65
6822;20;624949247;6822;271;7769;7834;8.01;0.49;268.37;6.33;947;21;2681.00;65
6824;20;624949261;6824;276;7771;7837;8.01;0.49;268.36;6.33;947;21;2682.00;66
6826;20;624949273;6826;277;7773;7837;7.99;0.49;268.44;6.36;947;21;2683.00;64
6827;20;624949286;6827;281;7774;7837;7.96;0.48;268.43;6.35;947;21;2684.00;63
6828;20;624949299;6828;281;7775;7838;7.85;0.48;268.40;6.36;947;21;2685.00;63
6832;20;624949316;6832;288;7777;7839;7.78;0.47;268.56;6.37;945;21;2686.00;62
6834;20;624949333;6834;294;7778;7839;7.71;0.47;268.53;6.38;944;21;2687.00;61
6838;20;624949347;6838;300;7789;7852;7.65;0.47;268.55;6.38;951;21;2688.00;63
6840;20;624949361;6840;308;7791;7852;7.56;0.46;268.55;6.38;951;21;2689.00;61
6845;20;624949374;6845;308;7792;7852;7.49;0.46;268.66;6.39;947;21;2690.00;60
6848;20;624949387;6848;313;7793;7853;7.43;0.45;268.61;6.39;945;21;2691.00;60
6849;20;624949400;6849;317;7794;7853;7.37;0.45;268.70;6.39;945;21;2692.00;59
6851;20;624949412;6851;321;7799;7857;7.37;0.45;268.67;6.40;948;21;2693.00;58
6853;20;624949425;6853;320;7799;7857;7.34;0.45;268.72;6.40;946;21;2694.00;58
6854;20;624949437;6854;328;7803;7861;7.23;0.44;268.76;6.41;949;21;2695.00;58
6856;20;624949449;6856;329;7804;7861;7.17;0.44;268.80;6.43;948;21;2696.00;57
6860;20;624949461;6860;331;7806;7861;7.09;0.43;268.83;6.45;946;21;2697.00;55
6863;20;624949474;6863;339;7806;7861;6.99;0.43;268.82;6.45;943;21;2698.00;55
6864;20;624949486;6864;336;7806;7861;6.93;0.42;268.91;6.45;942;21;2699.00;55
6866;20;624949502;6866;331;7831;7910;6.95;0.43;268.95;6.45;965;21;2700.00;79
6868;20;624949527;6868;332;7832;7910;6.94;0.43;268.94;6.45;964;21;2701.00;78
6869;20;624949540;6869;339;7840;7910;6.95;0.43;268.94;6.46;971;21;2702.00;70
6870;20;624949551;6870;334;7841;7910;6.88;0.42;268.94;6.47;971;21;2703.00;69
6872;20;624949563;6872;334;7843;7910;6.85;0.42;269.00;6.47;971;21;2704.00;67
6874;20;624949575;6874;334;7844;7910;6.76;0.41;268.95;6.47;970;21;2705.00;66
6875;20;624949587;6875;339;7845;7911;6.77;0.41;268.98;6.47;970;21;2706.00;66
6877;20;624949600;6877;339;7848;7911;6.73;0.41;269.02;6.49;971;21;2707.00;63
6880;20;624949612;6880;341;7853;7917;6.72;0.41;269.07;6.48;973;21;2708.00;64
6884;20;624949625;6884;342;7854;7918;6.68;0.41;269.13;6.48;970;21;2709.00;64
6887;20;624949637;6887;343;7856;7918;6.56;0.40;269.14;6.49;969;21;2710.00;62
6888;20;624949650;6888;351;7857;7918;6.50;0.40;269.18;6.50;969;21;2711.00;61
6895;20;624949662;6895;357;7863;7922;6.32;0.39;269.21;6.50;968;21;2712.00;59
6896;20;624949674;6896;356;7863;7922;6.24;0.38;269.23;6.50;967;21;2713.00;59
6899;20;624949685;6899;358;7865;7922;6.17;0.38;269.28;6.51;966;21;2714.00;57
6906;20;624949696;6906;352;7866;7923;6.04;0.37;269.43;6.51;960;21;2715.00;57
6908;20;624949710;6908;356;7869;7927;5.90;0.36;269.43;6.50;961;21;2716.00;58
6913;20;624949727;6913;364;7871;7927;5.79;0.36;269.41;6.51;958;21;2717.00;56
6917;20;624949740;6917;361;7874;7930;5.75;0.35;269.51;6.51;957;21;2718.00;56
6919;20;624949755;6919;371;7878;7930;5.73;0.35;269.47;6.51;959;21;2719.00;52
6922;20;624949767;6922;356;7879;7930;5.72;0.35;269.49;6.51;957;21;2720.00;51
6924;20;624949781;6924;357;7879;7930;5.73;0.35;269.48;6.51;955;21;2721.00;51
6928;20;624949792;6928;359;7883;7934;5.82;0.36;269.56;6.51;955;21;2722.00;51
6932;20;624949805;6932;356;7883;7934;5.82;0.36;269.54;6.51;951;21;2723.00;51
6934;20;624949817;6934;356;7886;7934;5.79;0.36;269.64;6.52;952;21;2724.00;48
6936;20;624949828;6936;364;7887;7934;5.78;0.36;269.68;6.52;951;21;2725.00;47
6939;20;624949843;6939;360;7889;7935;5.84;0.36;269.71;6.52;950;21;2726.00;46
6943;20;624949855;6943;353;7890;7936;5.89;0.36;269.74;6.52;947;21;2727.00;46
6947;20;624949868;6947;351;7890;7936;5.95;0.36;269.80;6.52;943;21;2728.00;46
6952;20;624949882;6952;345;7891;7937;6.02;0.37;269.95;6.52;939;21;2729.00;46
6955;20;624949896;6955;345;7892;7937;6.07;0.37;270.02;6.52;937;21;2730.00;45
6956;20;624949909;6956;341;7893;7937;6.15;0.38;270.00;6.53;937;21;2731.00;44
6964;20;624949920;6964;345;7893;7937;6.13;0.38;270.10;6.53;929;21;2732.00;44
6967;20;624949933;6967;353;7895;7937;6.21;0.38;270.23;6.53;928;21;2733.00;42
6970;20;624949944;6970;347;7895;7937;6.27;0.38;270.26;6.53;925;21;2734.00;42
6978;20;624949957;6978;342;7895;7937;6.22;0.38;270.30;6.53;917;21;2735.00;42
6983;20;624949973;6983;345;7964;8064;6.42;0.40;270.52;6.47;981;21;2736.00;100
6987;20;624949994;6987;347;7969;8065;6.44;0.40;270.59;6.47;982;21;2737.00;96
6992;20;624950005;6992;343;7974;8065;6.52;0.40;270.63;6.47;982;21;2738.00;91
6996;20;624950017;6996;346;7980;8065;6.54;0.40;270.66;6.47;984;21;2739.00;85
6998;20;624950029;6998;348;7983;8065;6.60;0.41;270.71;6.47;985;21;2740.00;82
7001;20;624950040;7001;348;7986;8065;6.59;0.41;270.79;6.47;985;21;2741.00;79
7005;20;624950052;7005;349;7988;8065;6.64;0.41;270.82;6.47;983;21;2742.00;77
7008;20;624950070;7008;352;7991;8065;6.64;0.41;270.79;6.47;983;21;2743.00;74
7012;20;624950082;7012;350;7993;8066;6.60;0.41;270.86;6.47;981;21;2744.00;73
7017;20;624950095;7017;346;7998;8068;6.61;0.41;271.01;6.47;981;21;2745.00;70
7021;20;624950107;7021;352;8002;8068;6.59;0.40;270.97;6.54;981;21;2746.00;66
7026;20;624950120;7026;353;8004;8069;6.48;0.40;271.07;6.54;978;21;2747.00;65
7030;20;624950133;7030;358;8005;8069;6.40;0.39;271.09;6.54;975;21;2748.00;64
7034;20;624950145;7034;358;8009;8069;6.37;0.39;271.12;6.55;975;21;2749.00;60
7038;20;624950157;7038;363;8010;8069;6.43;0.39;271.13;6.55;972;21;2750.00;59
7043;20;624950170;7043;365;8016;8073;6.48;0.40;271.27;6.55;973;21;2751.00;57
7045;20;624950182;7045;365;8017;8073;6.52;0.40;271.30;6.55;972;21;2752.00;56
7051;20;624950199;7051;371;8018;8073;6.46;0.40;271.34;6.55;967;21;2753.00;55
7057;20;624950212;7057;373;8020;8076;6.39;0.39;271.32;6.55;963;21;2754.00;56
7060;20;624950224;7060;384;8021;8076;6.33;0.39;271.33;6.55;961;21;2755.00;55
7063;20;624950237;7063;383;8022;8076;6.29;0.38;271.34;6.55;959;21;2756.00;54
7066;20;624950250;7066;390;8026;8080;6.32;0.39;271.40;6.55;960;21;2757.00;54
7070;20;624950267;7070;389;8028;8081;6.32;0.39;271.43;6.55;958;21;2758.00;53
7074;20;624950282;7074;395;8029;8081;6.28;0.38;271.44;6.55;955;21;2759.00;52
7077;20;624950295;7077;399;8034;8086;6.27;0.38;271.43;6.55;957;21;2760.00;52
7078;20;624950307;7078;408;8034;8086;6.20;0.38;271.42;6.55;956;21;2761.00;52
7083;20;624950318;7083;412;8035;8086;6.14;0.37;271.35;6.55;952;21;2762.00;51
7085;20;624950330;7085;414;8037;8087;6.15;0.38;271.38;6.62;952;21;2763.00;50
7087;20;624950342;7087;414;8037;8087;6.12;0.37;271.39;6.62;950;21;2764.00;50
7090;20;624950353;7090;416;8042;8093;6.09;0.37;271.40;6.62;952;21;2765.00;51
7093;20;624950366;7093;420;8042;8093;6.01;0.37;271.47;6.62;949;21;2766.00;51
7096;20;624950378;7096;405;8042;8094;5.98;0.36;271.51;6.62;946;21;2767.00;52
7098;20;624950390;7098;399;8042;8094;5.94;0.36;271.47;6.62;944;21;2768.00;52
7100;20;624950405;7100;396;8042;8094;5.91;0.36;271.56;6.62;942;21;2769.00;52
7101;20;624950419;7101;393;8042;8094;5.84;0.36;271.54;6.62;941;21;2770.00;52
7102;20;624950430;7102;392;8042;8094;5.85;0.36;271.60;6.62;940;21;2771.00;52
7106;20;624950441;7106;397;8052;8106;5.94;0.36;271.56;6.61;946;21;2772.00;54
7107;20;624950453;7107;400;8052;8106;5.98;0.36;271.60;6.61;945;21;2773.00;54
7110;20;624950464;7110;404;8053;8106;5.98;0.36;271.52;6.61;943;21;2774.00;53
7113;20;624950476;7113;396;8053;8106;5.97;0.36;271.56;6.61;940;21;2775.00;53
7113;20;624950493;7113;390;8053;8106;6.01;0.37;271.56;6.61;940;21;2776.00;53
7115;20;624950504;7115;378;8053;8106;6.06;0.37;271.51;6.61;938;21;2777.00;53
7119;20;624950516;7119;373;8056;8110;6.09;0.37;271.52;6.61;937;21;2778.00;54
7121;20;624950533;7121;366;8056;8110;6.16;0.38;271.49;6.61;935;21;2779.00;54
7121;20;624950550;7121;361;8061;8114;6.25;0.38;271.49;6.68;940;21;2780.00;53
7124;20;624950564;7124;363;8062;8115;6.30;0.38;271.52;6.68;938;21;2781.00;53
7126;20;624950576;7126;356;8062;8115;6.35;0.39;271.47;6.68;936;21;2782.00;53
7129;20;624950587;7129;359;8062;8115;6.39;0.39;271.47;6.68;933;21;2783.00;53
7133;20;624950599;7133;354;8073;8128;6.47;0.39;271.44;6.67;940;21;2784.00;55
7136;20;624950612;7136;356;8073;8128;6.48;0.40;271.36;6.67;937;21;2785.00;55
7137;20;624950623;7137;356;8073;8128;6.52;0.40;271.33;6.67;936;21;2786.00;55
7139;20;624950635;7139;351;8074;8129;6.56;0.40;271.27;6.67;935;21;2787.00;55
7141;20;624950650;7141;350;8074;8130;6.62;0.40;271.26;6.67;933;21;2788.00;56
7141;20;624950663;7141;348;8074;8130;6.71;0.41;271.26;6.67;933;21;2789.00;56
7145;20;624950676;7145;342;8078;8136;6.76;0.41;271.26;6.67;933;21;2790.00;58
7147;20;624950690;7147;342;8078;8136;6.78;0.41;271.23;6.67;931;21;2791.00;58
7147;20;624950705;7147;336;8080;8136;6.87;0.42;271.23;6.67;933;21;2792.00;56
7148;20;624950717;7148;331;8080;8136;6.92;0.42;271.24;6.67;932;21;2793.00;56
7150;20;624950727;7150;332;8085;8142;6.95;0.42;271.26;6.66;935;21;2794.00;57
7152;20;624950740;7152;329;8085;8142;6.96;0.42;271.23;6.66;933;21;2795.00;57
7154;20;624950754;7154;329;8085;8142;6.98;0.42;271.20;6.66;931;21;2796.00;57
7154;20;624950765;7154;330;8085;8142;7.05;0.43;271.20;6.66;931;21;2797.00;57
7156;20;624950776;7156;326;8088;8146;7.06;0.43;271.16;6.66;932;21;2798.00;58
7160;20;624950787;7160;321;8089;8147;7.05;0.43;271.15;6.66;929;21;2799.00;58
7161;20;624950800;7161;318;8089;8147;7.10;0.43;271.12;6.66;928;21;2800.00;58
7161;20;624950814;7161;314;8090;8148;7.13;0.43;271.12;6.66;929;21;2801.00;58
7164;20;624950825;7164;307;8090;8148;7.13;0.43;271.21;6.66;926;21;2802.00;58
7165;20;624950839;7165;295;8090;8148;7.19;0.44;271.20;6.66;925;21;2803.00;58
7168;20;624950856;7168;285;8090;8148;7.23;0.44;271.22;6.66;922;21;2804.00;58
7169;20;624950876;7169;275;8090;8148;7.31;0.44;271.23;6.66;921;21;2805.00;58
7170;20;624950897;7170;268;8090;8148;7.42;0.45;271.23;6.66;920;21;2806.00;58
7171;20;624950914;7171;261;8090;8148;7.59;0.46;271.24;6.66;919;21;2807.00;58
7171;20;624950930;7171;273;8130;8218;7.68;0.47;271.24;6.63;959;21;2808.00;88
7173;20;624950954;7173;260;8130;8219;7.78;0.47;271.24;6.63;957;21;2809.00;89
7175;20;624950968;7175;246;8137;8219;7.94;0.48;271.23;6.62;962;21;2810.00;82
7175;20;624950982;7175;237;8142;8219;8.05;0.49;271.23;6.70;967;21;2811.00;77
7175;20;624950995;7175;233;8145;8219;8.13;0.49;271.23;6.70;970;21;2812.00;74
7175;20;624951010;7175;241;8148;8219;8.23;0.50;271.23;6.70;973;21;2813.00;71
7176;20;624951023;7176;246;8151;8219;8.28;0.50;271.23;6.70;975;21;2814.00;68
7178;20;624951042;7178;242;8154;8219;8.35;0.51;271.23;6.70;976;21;2815.00;65
7180;20;624951056;7180;242;8154;8220;8.39;0.51;271.21;6.70;974;21;2816.00;66
7183;20;624951070;7183;240;8156;8221;8.41;0.51;271.21;6.70;973;21;2817.00;65
7184;20;624951083;7184;237;8157;8221;8.38;0.51;271.20;6.70;973;21;2818.00;64
7185;20;624951096;7185;234;8161;8225;8.36;0.51;271.19;6.70;976;21;2819.00;64
7186;20;624951110;7186;232;8162;8225;8.38;0.51;271.17;6.70;976;21;2820.00;63
7186;20;624951129;7186;225;8162;8225;8.37;0.51;271.17;6.70;976;21;2821.00;63
7188;20;624951142;7188;214;8162;8225;8.29;0.50;271.15;6.70;974;21;2822.00;63
7189;20;624951155;7189;213;8167;8231;8.31;0.51;271.13;6.69;978;21;2823.00;64
7194;20;624951168;7194;205;8167;8231;8.26;0.50;271.11;6.69;973;21;2824.00;64
7195;20;624951183;7195;211;8169;8231;8.24;0.50;271.19;6.71;974;21;2825.00;62
7199;20;624951196;7199;209;8171;8234;8.26;0.50;271.19;6.71;972;21;2826.00;63
7201;20;624951209;7201;209;8171;8234;8.24;0.50;271.20;6.71;970;21;2827.00;63
7201;20;624951221;7201;208;8172;8234;8.25;0.50;271.20;6.71;971;21;2828.00;62
7202;20;624951233;7202;204;8172;8235;8.19;0.50;271.22;6.71;970;21;2829.00;63
7203;20;624951245;7203;209;8173;8236;8.19;0.50;271.22;6.71;970;21;2830.00;63
7205;20;624951258;7205;214;8173;8236;8.19;0.50;271.20;6.71;968;21;2831.00;63
7211;20;624951270;7211;220;8183;8249;8.20;0.50;271.18;6.70;972;21;2832.00;66
7216;20;624951284;7216;229;8183;8249;8.17;0.50;271.19;6.70;967;21;2833.00;66
7218;20;624951296;7218;232;8184;8249;8.13;0.49;271.13;6.70;966;21;2834.00;65
7223;20;624951309;7223;232;8186;8251;8.14;0.49;271.11;6.70;963;21;2835.00;65
7228;20;624951321;7228;233;8186;8251;8.19;0.50;271.13;6.70;958;21;2836.00;65
7228;20;624951333;7228;235;8190;8255;8.23;0.50;271.13;6.70;962;21;2837.00;65
7229;20;624951345;7229;237;8190;8255;8.19;0.50;271.17;6.70;961;21;2838.00;65
7233;20;624951357;7233;239;8193;8259;8.18;0.50;271.15;6.70;960;21;2839.00;66
7237;21;624951370;7237;243;8193;8259;8.19;0.50;271.21;6.70;956;22;2840.00;66
7239;21;624951399;7239;241;8193;8259;8.22;0.50;271.17;6.70;954;22;2841.00;66
7241;21;624951411;7241;241;8193;8259;8.24;0.50;271.18;6.70;952;22;2842.00;66
7242;21;624951423;7242;242;8193;8259;8.19;0.50;271.23;6.70;951;22;2843.00;66
7245;21;624951434;7245;242;8203;8271;8.18;0.50;271.30;6.69;958;22;2844.00;68
7247;21;624951453;7247;247;8204;8271;8.20;0.50;271.44;6.69;957;22;2845.00;67
7250;21;624951464;7250;249;8204;8271;8.18;0.50;271.57;6.69;954;22;2846.00;67
7251;21;624951477;7251;260;8204;8271;8.19;0.50;271.56;6.69;953;22;2847.00;67
7252;22;624951488;7252;267;8204;8271;8.25;0.50;271.63;6.69;952;23;2848.00;67
7255;22;624951510;7255;269;8204;8271;8.21;0.50;271.67;6.69;949;23;2849.00;67
7259;22;624951527;7259;280;8208;8274;8.13;0.49;271.74;6.71;949;23;2850.00;66
7260;22;624951549;7260;279;8208;8274;8.11;0.49;271.73;6.71;948;23;2851.00;66
7262;22;624951568;7262;283;8214;8280;8.11;0.49;271.71;6.72;952;23;2852.00;66
7265;22;624951581;7265;288;8216;8281;8.04;0.49;271.75;6.73;951;23;2853.00;65
7267;22;624951593;7267;291;8216;8281;7.97;0.49;271.81;6.73;949;23;2854.00;65
7272;22;624951611;7272;294;8217;8281;7.88;0.48;271.79;6.74;945;23;2855.00;64
7274;22;624951624;7274;298;8221;8285;7.85;0.48;271.83;6.75;947;23;2856.00;64
7276;22;624951636;7276;294;8222;8285;7.80;0.48;271.95;6.76;946;23;2857.00;63
7278;22;624951648;7278;293;8222;8285;7.76;0.47;271.94;6.76;944;23;2858.00;63
7279;22;624951660;7279;301;8225;8286;7.74;0.47;272.04;6.78;946;23;2859.00;61
7281;22;624951671;7281;308;8229;8290;7.67;0.47;272.04;6.78;948;23;2860.00;61
7285;22;624951688;7285;309;8230;8290;7.60;0.46;272.16;6.79;945;23;2861.00;60
7289;22;624951700;7289;311;8233;8293;7.54;0.46;272.28;6.79;944;23;2862.00;60
7289;22;624951712;7289;311;8235;8293;7.43;0.45;272.28;6.80;946;23;2863.00;58
7295;22;624951724;7295;318;8238;8295;7.36;0.45;272.43;6.81;943;23;2864.00;57
7297;22;624951735;7297;318;8238;8295;7.34;0.45;272.39;6.81;941;23;2865.00;57
7299;22;624951747;7299;322;8243;8299;7.35;0.45;272.43;6.82;944;23;2866.00;56
7303;22;624951758;7303;325;8244;8299;7.27;0.44;272.49;6.83;941;23;2867.00;55
7304;22;624951769;7304;330;8245;8299;7.20;0.44;272.48;6.83;941;23;2868.00;54
7307;22;624951780;7307;323;8245;8299;7.18;0.44;272.53;6.83;938;23;2869.00;54
7311;22;624951792;7311;314;8247;8300;7.09;0.43;272.56;6.85;936;23;2870.00;53
7316;22;624951803;7316;309;8248;8301;7.07;0.43;272.64;6.85;932;23;2871.00;53
7318;22;624951815;7318;310;8251;8301;7.06;0.43;272.61;6.87;933;23;2872.00;50
7321;22;624951826;7321;310;8252;8302;7.01;0.43;272.72;6.87;931;23;2873.00;50
7323;22;624951838;7323;312;8252;8302;6.93;0.42;272.78;6.87;929;23;2874.00;50
7325;22;624951849;7325;318;8253;8302;6.86;0.42;272.86;6.88;928;23;2875.00;49
7328;22;624951860;7328;316;8253;8302;6.86;0.42;272.92;6.88;925;23;2876.00;49
7330;22;624951872;7330;317;8253;8302;6.88;0.42;272.95;6.88;923;23;2877.00;49
7335;22;624951883;7335;317;8254;8302;6.89;0.42;273.00;6.88;919;23;2878.00;48
7338;22;624951893;7338;318;8255;8302;6.90;0.42;273.03;6.89;917;23;2879.00;47
7341;22;624951905;7341;356;8359;8532;7.04;0.44;273.05;6.82;1018;23;2880.00;173
7344;22;624951932;7344;345;8364;8533;7.06;0.44;273.01;6.82;1020;23;2881.00;169
7349;22;624951944;7349;334;8375;8533;7.11;0.44;273.18;6.81;1026;23;2882.00;158
7354;22;624951955;7354;334;8381;8533;7.08;0.44;273.27;6.81;1027;23;2883.00;152
7356;22;624951966;7356;333;8390;8533;7.10;0.44;273.23;6.81;1034;23;2884.00;143
7362;22;624951977;7362;335;8396;8533;7.06;0.44;273.28;6.81;1034;23;2885.00;137
7366;22;624951989;7366;334;8405;8533;6.99;0.43;273.31;6.81;1039;23;2886.00;128
7370;22;624952002;7370;339;8411;8533;6.89;0.43;273.29;6.81;1041;23;2887.00;122
7375;22;624952013;7375;349;8419;8534;6.77;0.42;273.37;6.81;1044;23;2888.00;115
7377;22;624952024;7377;353;8426;8535;6.68;0.41;273.43;6.81;1049;23;2889.00;109
7381;22;624952035;7381;343;8431;8535;6.55;0.41;273.60;6.81;1050;23;2890.00;104
7383;22;624952045;7383;355;8437;8536;6.39;0.40;273.71;6.82;1054;23;2891.00;99
7388;22;624952057;7388;355;8441;8536;6.18;0.38;273.87;6.82;1053;23;2892.00;95
7389;22;624952068;7389;354;8445;8536;6.06;0.38;273.89;6.82;1056;23;2893.00;91
7392;22;624952079;7392;356;8449;8536;5.89;0.36;274.04;6.83;1057;23;2894.00;87
7395;22;624952090;7395;367;8452;8540;5.78;0.36;274.05;6.82;1057;23;2895.00;88
7398;22;624952101;7398;374;8453;8540;5.69;0.35;274.15;6.82;1055;23;2896.00;87
7404;22;624952112;7404;376;8454;8540;5.59;0.35;274.30;6.83;1050;23;2897.00;86
7407;22;624952123;7407;373;8459;8543;5.55;0.34;274.30;6.83;1052;23;2898.00;84
7411;22;624952135;7411;378;8461;8543;5.53;0.34;274.41;6.83;1050;23;2899.00;82
7413;22;624952151;7413;384;8464;8543;5.48;0.34;274.48;6.84;1051;23;2900.00;79
7415;22;624952166;7415;383;8467;8547;5.51;0.34;274.49;6.84;1052;23;2901.00;80
7419;22;624952178;7419;397;8471;8548;5.51;0.34;274.55;6.84;1052;23;2902.00;77
7422;22;624952190;7422;396;8473;8548;5.53;0.34;274.63;6.85;1051;23;2903.00;75
7429;22;624952202;7429;403;8479;8552;5.58;0.34;274.64;6.85;1050;23;2904.00;73
7431;22;624952214;7431;405;8481;8552;5.62;0.35;274.60;6.85;1050;23;2905.00;71
7434;22;624952225;7434;416;8482;8552;5.64;0.35;274.76;6.86;1048;23;2906.00;70
7438;22;624952242;7438;423;8484;8553;5.62;0.35;274.72;6.86;1046;23;2907.00;69
7442;22;624952254;7442;434;8485;8553;5.60;0.34;274.75;6.86;1043;23;2908.00;68
7444;22;624952265;7444;431;8489;8559;5.67;0.35;274.79;6.86;1045;23;2909.00;70
7446;22;624952278;7446;435;8490;8559;5.67;0.35;274.75;6.86;1044;23;2910.00;69
7449;22;624952289;7449;447;8491;8560;5.62;0.35;274.90;6.86;1042;23;2911.00;69
7450;22;624952301;7450;446;8493;8560;5.62;0.34;274.92;6.86;1043;23;2912.00;67
7454;22;624952312;7454;448;8493;8560;5.57;0.34;274.96;6.86;1039;23;2913.00;67
7455;22;624952323;7455;454;8494;8560;5.50;0.34;274.97;6.87;1039;23;2914.00;66
7460;22;624952334;7460;459;8495;8560;5.40;0.33;274.94;6.87;1035;23;2915.00;65
7464;22;624952345;7464;464;8504;8572;5.37;0.33;275.08;6.87;1040;23;2916.00;68
7469;22;624952357;7469;461;8504;8572;5.29;0.33;275.03;6.87;1035;23;2917.00;68
7471;22;624952368;7471;469;8507;8572;5.26;0.32;275.06;6.87;1036;23;2918.00;65
7475;22;624952379;7475;471;8507;8572;5.23;0.32;275.14;6.87;1032;23;2919.00;65
7478;22;624952391;7478;474;8507;8572;5.23;0.32;275.15;6.87;1029;23;2920.00;65
7483;22;624952402;7483;470;8508;8572;5.18;0.32;275.11;6.87;1025;23;2921.00;64
7485;22;624952414;7485;474;8512;8576;5.23;0.32;275.11;6.87;1027;23;2922.00;64
7488;22;624952425;7488;474;8512;8576;5.22;0.32;275.16;6.87;1024;23;2923.00;64
7492;22;624952435;7492;475;8516;8580;5.21;0.32;275.14;6.86;1024;23;2924.00;64
7493;22;624952446;7493;484;8517;8582;5.24;0.32;275.15;6.86;1024;23;2925.00;65
7497;22;624952457;7497;481;8518;8582;5.22;0.32;275.17;6.86;1021;23;2926.00;64
7498;22;624952468;7498;495;8518;8582;5.21;0.32;275.18;6.86;1020;23;2927.00;64
7505;22;624952479;7505;497;8528;8595;5.24;0.32;275.16;6.85;1023;23;2928.00;67
7508;22;624952491;7508;498;8528;8595;5.20;0.32;275.16;6.85;1020;23;2929.00;67
7513;22;624952501;7513;491;8528;8595;5.15;0.32;275.08;6.85;1015;23;2930.00;67
7515;22;624952511;7515;492;8529;8596;5.18;0.32;275.08;6.85;1014;23;2931.00;67
7520;22;624952522;7520;490;8529;8597;5.17;0.32;274.98;6.85;1009;23;2932.00;68
7525;22;624952533;7525;495;8529;8597;5.17;0.32;274.91;6.85;1004;23;2933.00;68
7529;22;624952543;7529;501;8531;8600;5.17;0.32;274.86;6.85;1002;23;2934.00;69
7533;22;624952553;7533;502;8531;8600;5.11;0.32;274.85;6.85;998;23;2935.00;69
7538;22;624952564;7538;501;8533;8600;5.05;0.31;274.80;6.94;995;23;2936.00;67
7540;22;624952575;7540;490;8533;8600;5.00;0.31;274.80;6.94;993;23;2937.00;67
7540;22;624952587;7540;490;8538;8606;4.99;0.31;274.80;6.94;998;23;2938.00;68
7544;22;624952598;7544;492;8538;8606;4.95;0.31;274.85;6.94;994;23;2939.00;68
7547;22;624952610;7547;490;8538;8606;4.92;0.30;274.78;6.94;991;23;2940.00;68
7551;22;624952621;7551;484;8538;8606;4.91;0.30;274.78;6.94;987;23;2941.00;68
7556;22;624952632;7556;482;8541;8610;4.95;0.30;274.70;6.93;985;23;2942.00;69
7559;22;624952643;7559;478;8542;8611;5.02;0.31;274.62;6.93;983;23;2943.00;69
7563;22;624952654;7563;480;8542;8611;5.02;0.31;274.62;6.93;979;23;2944.00;69
7567;22;624952664;7567;480;8543;8612;5.00;0.31;274.60;6.93;976;23;2945.00;69
7570;22;624952675;7570;468;8543;8612;5.04;0.31;274.60;6.93;973;23;2946.00;69
7573;22;624952686;7573;450;8543;8612;5.10;0.31;274.53;6.93;970;23;2947.00;69
7573;22;624952697;7573;438;8543;8612;5.20;0.32;274.53;6.93;970;23;2948.00;69
7573;22;624952708;7573;425;8543;8612;5.26;0.32;274.53;6.93;970;23;2949.00;69
7574;22;624952724;7574;415;8543;8612;5.31;0.32;274.58;6.93;969;23;2950.00;69
7577;22;624952735;7577;413;8543;8612;5.38;0.33;274.70;6.93;966;23;2951.00;69
7577;22;624952746;7577;417;8578;8682;5.70;0.35;274.70;7.00;1001;23;2952.00;104
7579;22;624952763;7579;410;8579;8683;5.78;0.35;274.69;7.00;1000;23;2953.00;104
7580;22;624952774;7580;407;8586;8683;5.92;0.36;274.71;6.99;1006;23;2954.00;97
7583;22;624952787;7583;394;8589;8683;6.03;0.37;274.70;6.99;1006;23;2955.00;94
7584;22;624952798;7584;380;8592;8683;6.13;0.37;274.69;6.99;1008;23;2956.00;91
7584;22;624952810;7584;370;8595;8683;6.25;0.38;274.69;6.99;1011;23;2957.00;88
7587;22;624952822;7587;359;8598;8683;6.36;0.39;274.72;6.99;1011;23;2958.00;85
7588;22;624952834;7588;356;8600;8683;6.47;0.39;274.76;6.99;1012;23;2959.00;83
7588;22;624952852;7588;354;8602;8684;6.57;0.40;274.76;6.99;1014;23;2960.00;82
7591;22;624952874;7591;353;8604;8685;6.65;0.40;274.75;6.99;1013;23;2961.00;81
7591;22;624952893;7591;345;8606;8685;6.71;0.41;274.75;7.08;1015;23;2962.00;79
7592;22;624952910;7592;340;8610;8689;6.82;0.41;274.74;7.08;1018;23;2963.00;79
7592;22;624952931;7592;338;8611;8689;6.95;0.42;274.74;7.08;1019;23;2964.00;78
7593;23;624952951;7593;337;8611;8689;7.06;0.43;274.75;7.08;1018;24;2965.00;78
7593;23;624952981;7593;339;8611;8689;7.16;0.44;274.75;7.08;1018;24;2966.00;78
7597;23;624952995;7597;318;8615;8695;7.19;0.44;274.76;7.08;1018;24;2967.00;80
7597;23;624953017;7597;317;8615;8695;7.20;0.44;274.76;7.08;1018;24;2968.00;80
7599;24;624953037;7599;318;8615;8695;7.21;0.44;274.77;7.08;1016;25;2969.00;80
7600;25;624953073;7600;310;8619;8701;7.29;0.44;274.79;7.07;1019;26;2970.00;82
7601;25;624953099;7601;303;8619;8701;7.35;0.45;274.80;7.07;1018;26;2971.00;82
7602;25;624953112;7602;297;8621;8701;7.41;0.45;274.79;7.07;1019;26;2972.00;80
7602;25;624953134;7602;296;8621;8702;7.52;0.46;274.79;7.07;1019;26;2973.00;81
7604;25;624953148;7604;292;8622;8703;7.59;0.46;274.84;7.07;1018;26;2974.00;81
7604;25;624953161;7604;284;8622;8703;7.64;0.46;274.84;7.07;1018;26;2975.00;81
7607;26;624953174;7607;276;8631;8716;7.72;0.47;274.81;7.06;1024;27;2976.00;85
7608;26;624953201;7608;273;8632;8716;7.80;0.47;274.82;7.16;1024;27;2977.00;84
7609;26;624953215;7609;262;8632;8716;7.88;0.48;274.81;7.16;1023;27;2978.00;84
7611;26;624953228;7611;258;8633;8717;7.98;0.48;274.80;7.16;1022;27;2979.00;84
7612;26;624953250;7612;253;8633;8717;8.14;0.49;274.80;7.16;1021;27;2980.00;84
7614;26;624953263;7614;251;8636;8721;8.24;0.50;274.77;7.15;1022;27;2981.00;85
7615;26;624953279;7615;244;8636;8721;8.37;0.51;274.75;7.15;1021;27;2982.00;85
7616;26;624953296;7616;244;8639;8725;8.45;0.51;274.79;7.15;1023;27;2983.00;86
7618;26;624953312;7618;243;8639;8725;8.52;0.52;274.88;7.15;1021;27;2984.00;86
7622;26;624953326;7622;236;8639;8725;8.55;0.52;274.95;7.15;1017;27;2985.00;86
7623;26;624953341;7623;238;8639;8725;8.61;0.52;274.97;7.15;1016;27;2986.00;86
7627;26;624953358;7627;244;8639;8725;8.51;0.52;275.01;7.15;1012;27;2987.00;86
7629;26;624953371;7629;240;8649;8737;8.54;0.52;275.07;7.14;1020;27;2988.00;88
7631;26;624953387;7631;242;8649;8737;8.51;0.52;275.04;7.14;1018;27;2989.00;88
7636;26;624953402;7636;239;8650;8737;8.50;0.52;275.09;7.14;1014;27;2990.00;87
7640;26;624953422;7640;239;8650;8737;8.46;0.51;275.26;7.14;1010;27;2991.00;87
7642;26;624953436;7642;234;8650;8737;8.45;0.51;275.23;7.14;1008;27;2992.00;87
7646;26;624953449;7646;232;8650;8737;8.41;0.51;275.25;7.14;1004;27;2993.00;87
7651;27;624953462;7651;230;8652;8738;8.40;0.51;275.26;7.15;1001;28;2994.00;86
7654;27;624953493;7654;221;8654;8738;8.38;0.51;275.37;7.18;1000;28;2995.00;84
7657;27;624953512;7657;218;8658;8744;8.44;0.51;275.37;7.17;1001;28;2996.00;86
7661;27;624953526;7661;216;8658;8745;8.49;0.51;275.42;7.17;997;28;2997.00;87
7665;27;624953540;7665;213;8659;8745;8.47;0.51;275.49;7.17;994;28;2998.00;86
7669;27;624953554;7669;217;8659;8745;8.47;0.51;275.54;7.17;990;28;2999.00;86
7673;27;624953569;7673;220;8665;8765;8.48;0.51;275.58;7.17;992;28;3000.00;100
7674;27;624953590;7674;214;8665;8765;8.50;0.51;275.58;7.17;991;28;3001.00;100
7679;27;624953604;7679;212;8665;8765;8.47;0.51;275.59;7.17;986;28;3002.00;100
7682;27;624953617;7682;212;8666;8766;8.43;0.51;275.54;7.17;984;28;3003.00;100
7685;27;624953631;7685;216;8669;8770;8.39;0.51;275.57;7.16;984;28;3004.00;101
7687;27;624953645;7687;215;8670;8770;8.38;0.51;275.56;7.16;983;28;3005.00;100
7689;27;624953658;7689;220;8673;8773;8.39;0.51;275.59;7.16;984;28;3006.00;100
7690;27;624953671;7690;222;8675;8773;8.39;0.51;275.59;7.17;985;28;3007.00;98
7691;27;624953684;7691;224;8676;8773;8.43;0.51;275.59;7.18;985;28;3008.00;97
7696;27;624953697;7696;227;8676;8773;8.44;0.51;275.61;7.18;980;28;3009.00;97
7697;27;624953719;7697;235;8682;8777;8.47;0.51;275.61;7.19;985;28;3010.00;95
7701;27;624953732;7701;236;8682;8777;8.44;0.51;275.61;7.19;981;28;3011.00;95
7703;27;624953745;7703;241;8686;8777;8.37;0.50;275.60;7.20;983;28;3012.00;91
7706;27;624953758;7706;244;8687;8777;8.29;0.50;275.58;7.20;981;28;3013.00;90
7706;27;624953772;7706;244;8688;8778;8.31;0.50;275.58;7.20;982;28;3014.00;90
7709;27;624953786;7709;250;8690;8780;8.30;0.50;275.70;7.20;981;28;3015.00;90
7710;27;624953799;7710;256;8691;8780;8.29;0.50;275.76;7.20;981;28;3016.00;89
7714;27;624953813;7714;253;8694;8781;8.32;0.50;275.84;7.20;980;28;3017.00;87
7715;27;624953826;7715;256;8694;8781;8.36;0.51;275.84;7.20;979;28;3018.00;87
7718;27;624953842;7718;257;8694;8781;8.35;0.51;275.84;7.20;976;28;3019.00;87
7720;27;624953856;7720;264;8697;8781;8.28;0.50;275.89;7.23;977;28;3020.00;84
7721;27;624953869;7721;270;8697;8781;8.23;0.50;275.94;7.23;976;28;3021.00;84
7722;27;624953882;7722;277;8699;8781;8.20;0.50;275.94;7.25;977;28;3022.00;82
7726;27;624953895;7726;283;8700;8781;8.11;0.49;276.13;7.25;974;28;3023.00;81
7727;27;624953907;7727;300;8769;8908;8.10;0.50;276.13;7.21;1042;28;3024.00;139
7729;27;624953929;7729;294;8776;8909;8.10;0.50;276.21;7.22;1047;28;3025.00;133
7730;27;624953942;7730;293;8782;8909;8.08;0.50;276.26;7.22;1052;28;3026.00;127
7733;27;624953955;7733;292;8785;8909;8.01;0.50;276.30;7.22;1052;28;3027.00;124
7737;27;624953968;7737;291;8792;8909;7.96;0.49;276.29;7.24;1055;28;3028.00;117
7740;27;624953981;7740;296;8796;8909;7.92;0.49;276.37;7.24;1056;28;3029.00;113
7743;27;624953996;7743;294;8800;8909;7.89;0.49;276.37;7.26;1057;28;3030.00;109
7745;27;624954010;7745;295;8803;8909;7.92;0.49;276.44;7.26;1058;28;3031.00;106
7751;27;624954023;7751;297;8806;8910;7.91;0.49;276.53;7.26;1055;28;3032.00;104
7755;27;624954036;7755;305;8809;8911;7.93;0.49;276.55;7.27;1054;28;3033.00;102
7758;27;624954049;7758;308;8811;8911;7.91;0.49;276.59;7.27;1053;28;3034.00;100
7764;27;624954062;7764;315;8817;8912;7.86;0.48;276.56;7.28;1053;28;3035.00;95
7769;27;624954075;7769;318;8823;8912;7.73;0.47;276.69;7.31;1054;28;3036.00;89
7770;27;624954087;7770;328;8827;8912;7.56;0.46;276.75;7.31;1057;28;3037.00;85
7772;27;624954099;7772;336;8830;8912;7.47;0.46;276.79;7.32;1058;28;3038.00;82
7775;27;624954111;7775;338;8834;8916;7.36;0.45;276.85;7.32;1059;28;3039.00;82
7778;27;624954124;7778;339;8837;8916;7.25;0.44;276.84;7.33;1059;28;3040.00;79
7783;27;624954137;7783;344;8840;8916;7.10;0.43;276.89;7.33;1057;28;3041.00;76
7786;27;624954150;7786;342;8842;8919;7.02;0.43;276.92;7.33;1056;28;3042.00;77
7789;27;624954163;7789;348;8844;8919;6.98;0.43;277.08;7.34;1055;28;3043.00;75
7792;27;624954176;7792;351;8844;8919;6.89;0.42;277.10;7.34;1052;28;3044.00;75
7794;27;624954188;7794;354;8848;8923;6.82;0.42;277.07;7.35;1054;28;3045.00;75
7797;27;624954200;7797;353;8849;8924;6.72;0.41;277.15;7.35;1052;28;3046.00;75
7800;27;624954212;7800;359;8849;8924;6.66;0.41;277.19;7.35;1049;28;3047.00;75
7801;27;624954224;7801;365;8853;8928;6.65;0.41;277.17;7.35;1052;28;3048.00;75
7805;27;624954236;7805;361;8854;8928;6.65;0.41;277.20;7.35;1049;28;3049.00;74
7807;27;624954248;7807;360;8856;8928;6.60;0.40;277.23;7.36;1049;28;3050.00;72
7809;27;624954259;7809;365;8860;8929;6.52;0.40;277.25;7.37;1051;28;3051.00;69
7811;27;624954271;7811;367;8861;8929;6.40;0.39;277.25;7.38;1050;28;3052.00;68
7815;27;624954287;7815;368;8868;8935;6.40;0.39;277.22;7.37;1053;28;3053.00;67
7818;27;624954298;7818;370;8869;8935;6.30;0.39;277.32;7.38;1051;28;3054.00;66
7823;27;624954309;7823;365;8869;8936;6.17;0.38;277.35;7.38;1046;28;3055.00;67
7824;27;624954325;7824;373;8869;8936;6.03;0.37;277.37;7.38;1045;28;3056.00;67
7828;27;624954336;7828;378;8870;8936;5.90;0.36;277.45;7.38;1042;28;3057.00;66
7833;27;624954346;7833;387;8872;8936;5.75;0.35;277.49;7.39;1039;28;3058.00;64
7837;27;624954357;7837;401;8873;8936;5.65;0.35;277.59;7.39;1036;28;3059.00;63
7838;27;624954369;7838;408;8898;8972;5.71;0.36;277.61;7.37;1060;28;3060.00;74
7843;27;624954382;7843;405;8900;8972;5.64;0.35;277.71;7.37;1057;28;3061.00;72
7850;27;624954393;7850;397;8905;8972;5.55;0.34;277.82;7.37;1055;28;3062.00;67
7852;27;624954411;7852;403;8905;8972;5.47;0.34;277.82;7.37;1053;28;3063.00;67
7856;27;624954421;7856;403;8906;8972;5.38;0.33;277.87;7.37;1050;28;3064.00;66
7860;27;624954432;7860;408;8907;8972;5.30;0.33;277.86;7.37;1047;28;3065.00;65
7864;27;624954442;7864;409;8911;8976;5.26;0.32;277.83;7.37;1047;28;3066.00;65
7866;27;624954453;7866;413;8912;8976;5.26;0.32;277.87;7.38;1046;28;3067.00;64
7869;27;624954463;7869;412;8917;8980;5.26;0.32;277.99;7.38;1048;28;3068.00;63
7871;27;624954474;7871;420;8918;8981;5.28;0.33;277.99;7.38;1047;28;3069.00;63
7878;27;624954484;7878;426;8919;8981;5.20;0.32;278.06;7.38;1041;28;3070.00;62
7880;27;624954495;7880;428;8919;8981;5.19;0.32;278.03;7.38;1039;28;3071.00;62
7882;27;624954505;7882;430;8930;8994;5.26;0.32;278.07;7.37;1048;28;3072.00;64
7885;27;624954522;7885;432;8930;8994;5.28;0.33;278.13;7.37;1045;28;3073.00;64
7890;27;624954532;7890;438;8930;8994;5.27;0.32;278.20;7.37;1040;28;3074.00;64
7893;27;624954543;7893;432;8931;8995;5.26;0.32;278.23;7.37;1038;28;3075.00;64
7897;27;624954553;7897;430;8931;8996;5.29;0.33;278.32;7.37;1034;28;3076.00;65
7902;27;624954564;7902;428;8931;8996;5.29;0.33;278.34;7.37;1029;28;3077.00;65
7908;27;624954574;7908;427;8933;8999;5.31;0.33;278.36;7.37;1025;28;3078.00;66
7912;27;624954585;7912;426;8933;8999;5.24;0.32;278.36;7.37;1021;28;3079.00;66
7916;27;624954596;7916;425;8934;8999;5.25;0.32;278.49;7.37;1018;28;3080.00;65
7918;27;624954608;7918;422;8934;8999;5.20;0.32;278.49;7.37;1016;28;3081.00;65
7924;27;624954618;7924;426;8939;9005;5.09;0.31;278.46;7.36;1015;28;3082.00;66
7927;27;624954630;7927;433;8939;9005;5.03;0.31;278.48;7.36;1012;28;3083.00;66
7931;27;624954640;7931;449;8939;9005;4.95;0.31;278.44;7.36;1008;28;3084.00;66
7935;27;624954651;7935;447;8939;9005;4.88;0.30;278.44;7.36;1004;28;3085.00;66
7941;27;624954661;7941;455;8942;9009;4.84;0.30;278.46;7.36;1001;28;3086.00;67
7944;27;624954672;7944;457;8943;9010;4.79;0.29;278.47;7.36;999;28;3087.00;67
7949;27;624954682;7949;466;8943;9010;4.68;0.29;278.38;7.36;994;28;3088.00;67
7954;27;624954693;7954;477;8944;9011;4.56;0.28;278.31;7.36;990;28;3089.00;67
7955;27;624954705;7955;478;8944;9011;4.47;0.27;278.28;7.36;989;28;3090.00;67
7957;27;624954721;7957;484;8944;9011;4.38;0.27;278.31;7.36;987;28;3091.00;67
7962;27;624954735;7962;482;8944;9011;4.27;0.26;278.22;7.36;982;28;3092.00;67
7963;27;624954746;7963;478;8945;9011;4.23;0.26;278.18;7.46;982;28;3093.00;66
7965;27;624954756;7965;486;8945;9011;4.22;0.26;278.16;7.46;980;28;3094.00;66
7967;27;624954765;7967;485;8945;9011;4.20;0.26;278.16;7.46;978;28;3095.00;66
7969;27;624954775;7969;499;8985;9081;4.49;0.28;278.14;7.43;1016;28;3096.00;96
7973;27;624954790;7973;492;8986;9082;4.45;0.27;278.12;7.43;1013;28;3097.00;96
7975;27;624954801;7975;492;8993;9082;4.52;0.28;278.10;7.42;1018;28;3098.00;89
7976;27;624954810;7976;493;8996;9082;4.59;0.28;278.07;7.42;1020;28;3099.00;86
7978;27;624954821;7978;492;8998;9082;4.62;0.28;278.09;7.42;1020;28;3100.00;84
7979;27;624954835;7979;496;9000;9082;4.65;0.29;278.07;7.42;1021;28;3101.00;82
7981;27;624954849;7981;494;9003;9082;4.65;0.29;278.08;7.42;1022;28;3102.00;79
7986;27;624954863;7986;505;9005;9082;4.59;0.28;278.17;7.42;1019;28;3103.00;77
7987;27;624954880;7987;512;9006;9083;4.55;0.28;278.19;7.42;1019;28;3104.00;77
7990;27;624954897;7990;515;9009;9085;4.52;0.28;278.14;7.42;1019;28;3105.00;76
7994;27;624954914;7994;512;9012;9085;4.49;0.28;278.14;7.42;1018;28;3106.00;73
7995;27;624954928;7995;497;9016;9089;4.49;0.28;278.16;7.42;1021;28;3107.00;73
7996;27;624954945;7996;486;9018;9089;4.51;0.28;278.18;7.52;1022;28;3108.00;71
7997;27;624954960;7997;478;9018;9089;4.57;0.28;278.18;7.52;1021;28;3109.00;71
8002;27;624954973;8002;470;9018;9089;4.61;0.28;278.22;7.52;1016;28;3110.00;71
8005;27;624954985;8005;464;9023;9095;4.67;0.29;278.18;7.52;1018;28;3111.00;72
8006;27;624954998;8006;462;9023;9095;4.76;0.29;278.18;7.52;1017;28;3112.00;72
8008;27;624955021;8008;462;9023;9095;4.84;0.30;278.16;7.52;1015;28;3113.00;72
8009;27;624955041;8009;458;9025;9098;5.00;0.30;278.16;7.52;1016;28;3114.00;73
8012;27;624955053;8012;459;9025;9098;5.11;0.31;278.21;7.52;1013;28;3115.00;73
8013;27;624955065;8013;438;9026;9098;5.23;0.32;278.25;7.52;1013;28;3116.00;72
8013;27;624955084;8013;417;9026;9099;5.38;0.33;278.25;7.52;1013;28;3117.00;73
8014;27;624955100;8014;404;9028;9100;5.53;0.34;278.25;7.62;1014;28;3118.00;72
8017;27;624955114;8017;388;9028;9100;5.69;0.35;278.16;7.62;1011;28;3119.00;72
8018;27;624955129;8018;381;9047;9126;5.98;0.36;278.17;7.60;1029;28;3120.00;79
8021;27;624955154;8021;368;9048;9126;6.15;0.37;278.22;7.60;1027;28;3121.00;78
8025;27;624955176;8025;360;9049;9126;6.31;0.38;278.15;7.60;1024;28;3122.00;77
8028;27;624955190;8028;345;9051;9127;6.49;0.40;278.12;7.60;1023;28;3123.00;76
8029;27;624955205;8029;344;9051;9127;6.64;0.40;278.10;7.60;1022;28;3124.00;76
8029;27;624955226;8029;336;9055;9131;6.81;0.41;278.10;7.60;1026;28;3125.00;76
8032;27;624955240;8032;328;9055;9131;6.89;0.42;278.12;7.60;1023;28;3126.00;76
8032;27;624955254;8032;324;9058;9135;6.98;0.42;278.12;7.60;1026;28;3127.00;77
8035;27;624955269;8035;310;9058;9135;7.00;0.43;278.15;7.60;1023;28;3128.00;77
8037;27;624955284;8037;312;9058;9135;7.00;0.43;278.19;7.60;1021;28;3129.00;77
8038;27;624955299;8038;308;9058;9135;7.06;0.43;278.22;7.60;1020;28;3130.00;77
8040;27;624955313;8040;306;9059;9135;7.11;0.43;278.24;7.70;1019;28;3131.00;76
8042;27;624955327;8042;303;9069;9147;7.20;0.44;278.22;7.69;1027;28;3132.00;78
8043;27;624955343;8043;288;9069;9147;7.26;0.44;278.21;7.69;1026;28;3133.00;78
8045;27;624955356;8045;288;9071;9147;7.34;0.45;278.17;7.78;1026;28;3134.00;76
8046;27;624955370;8046;277;9071;9147;7.44;0.45;278.14;7.78;1025;28;3135.00;76
8048;27;624955385;8048;270;9071;9147;7.54;0.46;278.11;7.78;1023;28;3136.00;76
8048;27;624955400;8048;268;9071;9147;7.63;0.46;278.11;7.78;1023;28;3137.00;76
8049;27;624955414;8049;263;9071;9148;7.70;0.47;278.11;7.78;1022;28;3138.00;77
8052;27;624955429;8052;266;9071;9148;7.79;0.47;278.18;7.78;1019;28;3139.00;77
8053;27;624955444;8053;265;9076;9154;7.87;0.48;278.18;7.77;1023;28;3140.00;78
8056;27;624955459;8056;261;9077;9155;7.97;0.49;278.26;7.77;1021;28;3141.00;78
8059;27;624955474;8059;264;9077;9155;8.12;0.50;278.29;7.77;1018;28;3142.00;78
8063;27;624955488;8063;261;9077;9155;8.17;0.50;278.31;7.77;1014;28;3143.00;78
8068;27;624955503;8068;261;9080;9159;8.20;0.50;278.48;7.77;1012;28;3144.00;79
8072;27;624955517;8072;260;9080;9159;8.21;0.50;278.52;7.77;1008;28;3145.00;79
8074;27;624955533;8074;253;9080;9159;8.21;0.50;278.58;7.77;1006;28;3146.00;79
8080;27;624955547;8080;256;9081;9160;8.21;0.50;278.55;7.77;1001;28;3147.00;79
8083;27;624955562;8083;250;9084;9164;8.20;0.50;278.61;7.77;1001;28;3148.00;80
8085;27;624955577;8085;246;9084;9164;8.24;0.50;278.67;7.77;999;28;3149.00;80
8086;27;624955593;8086;248;9088;9170;8.29;0.50;278.72;7.76;1002;28;3150.00;82
8090;27;624955609;8090;245;9089;9170;8.31;0.50;278.79;7.86;999;28;3151.00;81
8090;27;624955628;8090;243;9091;9170;8.37;0.51;278.79;7.85;1001;28;3152.00;79
8091;27;624955646;8091;243;9091;9170;8.36;0.51;278.85;7.85;1000;28;3153.00;79
8095;27;624955662;8095;235;9095;9174;8.37;0.51;278.93;7.85;1000;28;3154.00;79
8098;27;624955683;8098;231;9095;9174;8.39;0.51;278.91;7.85;997;28;3155.00;79
8102;27;624955699;8102;225;9095;9174;8.44;0.51;279.06;7.85;993;28;3156.00;79
8104;27;624955713;8104;221;9095;9174;8.40;0.51;279.11;7.85;991;28;3157.00;79
8107;27;624955728;8107;216;9095;9175;8.41;0.51;279.11;7.85;988;28;3158.00;80
8112;27;624955743;8112;211;9096;9176;8.41;0.51;279.30;7.85;984;28;3159.00;80
8114;27;624955759;8114;208;9096;9176;8.45;0.51;279.30;7.85;982;28;3160.00;80
8118;27;624955774;8118;204;9097;9177;8.48;0.51;279.38;7.85;979;28;3161.00;80
8119;27;624955787;8119;200;9097;9177;8.51;0.52;279.46;7.85;978;28;3162.00;80
8124;27;624955801;8124;197;9097;9177;8.55;0.52;279.56;7.85;973;28;3163.00;80
8127;27;624955815;8127;194;9098;9177;8.57;0.52;279.69;7.86;971;28;3164.00;79
8133;27;624955830;8133;195;9098;9177;8.51;0.52;279.77;7.86;965;28;3165.00;79
8139;27;624955848;8139;190;9099;9177;8.47;0.51;279.81;7.87;960;28;3166.00;78
8141;27;624955863;8141;185;9099;9177;8.41;0.51;279.95;7.87;958;28;3167.00;78
8143;27;624955877;8143;204;9167;9304;8.41;0.52;279.99;7.82;1024;28;3168.00;137
8148;27;624955901;8148;192;9168;9305;8.33;0.51;280.01;7.81;1020;28;3169.00;137
8152;27;624955915;8152;191;9176;9305;8.32;0.51;280.08;7.81;1024;28;3170.00;129
8154;27;624955927;8154;189;9178;9305;8.31;0.51;280.07;7.90;1024;28;3171.00;127
8158;27;624955940;8158;185;9182;9305;8.32;0.51;280.07;7.90;1024;28;3172.00;123
8160;27;624955952;8160;193;9183;9305;8.27;0.51;280.16;7.90;1023;28;3173.00;122
8163;27;624955964;8163;193;9186;9305;8.27;0.51;280.20;7.90;1023;28;3174.00;119
8166;27;624955977;8166;199;9188;9305;8.26;0.50;280.21;7.90;1022;28;3175.00;117
8169;27;624955996;8169;206;9190;9306;8.26;0.50;280.26;7.90;1021;28;3176.00;116
8172;27;624956014;8172;207;9196;9307;8.33;0.51;280.19;7.91;1024;28;3177.00;111
8175;27;624956027;8175;215;9200;9307;8.39;0.51;280.21;7.91;1025;28;3178.00;107
8178;27;624956039;8178;215;9202;9308;8.36;0.51;280.26;7.91;1024;28;3179.00;106
8183;27;624956054;8183;216;9205;9308;8.28;0.50;280.26;7.91;1022;28;3180.00;103
8185;27;624956066;8185;216;9207;9308;8.21;0.50;280.25;7.91;1022;28;3181.00;101
8187;27;624956079;8187;219;9211;9308;8.16;0.50;280.27;7.91;1024;28;3182.00;97
8187;27;624956091;8187;217;9215;9312;8.14;0.50;280.27;7.91;1028;28;3183.00;97
8190;27;624956104;8190;218;9216;9312;8.11;0.49;280.32;7.92;1026;28;3184.00;96
8193;27;624956123;8193;220;9218;9312;8.06;0.49;280.36;7.92;1025;28;3185.00;94
8195;27;624956137;8195;224;9221;9315;8.06;0.49;280.38;7.93;1026;28;3186.00;94
8196;27;624956151;8196;233;9223;9315;8.09;0.49;280.44;7.93;1027;28;3187.00;92
8200;27;624956165;8200;238;9225;9315;8.11;0.49;280.51;7.93;1025;28;3188.00;90
8201;27;624956178;8201;245;9231;9319;8.08;0.49;280.49;7.94;1030;28;3189.00;88
8205;27;624956191;8205;247;9233;9320;8.02;0.49;280.48;7.95;1028;28;3190.00;87
8207;27;624956205;8207;252;9236;9322;7.99;0.49;280.49;7.95;1029;28;3191.00;86
8210;27;624956219;8210;253;9240;9326;8.00;0.49;280.52;7.95;1030;28;3192.00;86
8214;27;624956233;8214;257;9242;9326;7.98;0.49;280.59;7.97;1028;28;3193.00;84
8216;27;624956246;8216;256;9242;9326;7.97;0.49;280.64;7.97;1026;28;3194.00;84
8218;27;624956259;8218;257;9245;9328;7.94;0.48;280.69;7.98;1027;28;3195.00;83
8224;27;624956273;8224;265;9246;9328;7.89;0.48;280.80;7.98;1022;28;3196.00;82
8228;27;624956287;8228;270;9252;9334;7.88;0.48;280.85;7.99;1024;28;3197.00;82
8232;27;624956302;8232;274;9253;9334;7.76;0.47;281.05;7.99;1021;28;3198.00;81
8235;27;624956314;8235;283;9253;9335;7.65;0.47;281.07;7.99;1018;28;3199.00;82
8238;27;624956328;8238;292;9255;9335;7.52;0.46;281.15;8.01;1017;28;3200.00;80
8239;27;624956344;8239;298;9257;9335;7.38;0.45;281.20;8.02;1018;28;3201.00;78
8240;27;624956357;8240;308;9257;9335;7.26;0.44;281.23;8.02;1017;28;3202.00;78
8246;27;624956368;8246;315;9258;9335;7.15;0.43;281.26;8.03;1012;28;3203.00;77
8246;27;624956380;8246;318;9267;9347;7.11;0.43;281.26;8.02;1021;28;3204.00;80
8249;27;624956393;8249;327;9268;9347;7.04;0.43;281.33;8.03;1019;28;3205.00;79
8250;27;624956406;8250;334;9270;9347;6.96;0.42;281.32;8.03;1020;28;3206.00;77
8254;27;624956418;8254;339;9270;9347;6.85;0.42;281.41;8.03;1016;28;3207.00;77
8258;27;624956430;8258;343;9273;9347;6.77;0.41;281.51;8.06;1015;28;3208.00;74
8259;27;624956442;8259;341;9274;9347;6.72;0.41;281.52;8.07;1015;28;3209.00;73
8261;27;624956461;8261;342;9279;9351;6.59;0.40;281.60;8.08;1018;28;3210.00;72
8261;27;624956473;8261;341;9280;9351;6.58;0.40;281.60;8.09;1019;28;3211.00;71
8264;27;624956485;8264;342;9284;9355;6.62;0.41;281.63;8.08;1020;28;3212.00;71
8269;27;624956503;8269;347;9286;9356;6.54;0.40;281.68;8.09;1017;28;3213.00;70
8270;27;624956515;8270;348;9286;9356;6.49;0.40;281.66;8.09;1016;28;3214.00;70
8273;27;624956526;8273;347;9289;9356;6.40;0.39;281.66;8.11;1016;28;3215.00;67
8274;27;624956538;8274;349;9299;9369;6.39;0.39;281.66;8.10;1025;28;3216.00;70
8275;27;624956550;8275;351;9300;9369;6.40;0.39;281.63;8.10;1025;28;3217.00;69
8276;27;624956562;8276;355;9301;9369;6.42;0.39;281.68;8.10;1025;28;3218.00;68
8278;27;624956573;8278;362;9302;9370;6.39;0.39;281.73;8.10;1024;28;3219.00;68
8283;27;624956585;8283;363;9305;9371;6.29;0.38;281.83;8.11;1022;28;3220.00;66
8285;27;624956597;8285;365;9305;9371;6.24;0.38;281.92;8.11;1020;28;3221.00;66
8286;27;624956608;8286;372;9309;9374;6.15;0.38;281.93;8.12;1023;28;3222.00;65
8291;27;624956620;8291;385;9309;9374;6.05;0.37;281.99;8.12;1018;28;3223.00;65
8296;27;624956631;8296;385;9309;9374;5.95;0.36;281.98;8.12;1013;28;3224.00;65
8300;27;624956642;8300;390;9312;9374;5.80;0.35;282.01;8.13;1012;28;3225.00;62
8303;27;624956653;8303;396;9317;9380;5.74;0.35;282.01;8.12;1014;28;3226.00;63
8308;27;624956665;8308;401;9318;9380;5.57;0.34;281.99;8.12;1010;28;3227.00;62
8312;27;624956675;8312;410;9319;9380;5.41;0.33;282.06;8.12;1007;28;3228.00;61
8314;27;624956686;8314;416;9319;9380;5.27;0.32;282.15;8.12;1005;28;3229.00;61
8320;27;624956696;8320;415;9323;9384;5.17;0.32;282.24;8.12;1003;28;3230.00;61
8323;27;624956707;8323;414;9324;9385;5.12;0.31;282.38;8.12;1001;28;3231.00;61
8326;27;624956718;8326;411;9327;9385;5.07;0.31;282.39;8.13;1001;28;3232.00;58
8329;27;624956728;8329;415;9328;9386;5.06;0.31;282.45;8.13;999;28;3233.00;58
8335;27;624956739;8335;419;9328;9386;5.02;0.31;282.46;8.13;993;28;3234.00;58
8337;27;624956748;8337;419;9329;9386;5.04;0.31;282.49;8.13;992;28;3235.00;57
8341;27;624956758;8341;425;9329;9386;4.98;0.31;282.51;8.13;988;28;3236.00;57
8344;27;624956768;8344;430;9329;9386;5.00;0.31;282.51;8.13;985;28;3237.00;57
8349;27;624956779;8349;426;9330;9386;4.94;0.31;282.53;8.13;981;28;3238.00;56
8351;27;624956789;8351;422;9330;9386;4.95;0.31;282.49;8.13;979;28;3239.00;56
8354;27;624956801;8354;420;9390;9511;5.22;0.33;282.50;8.17;1036;28;3240.00;121
8355;27;624956824;8355;418;9394;9512;5.25;0.33;282.51;8.17;1039;28;3241.00;118
8358;27;624956835;8358;416;9404;9512;5.29;0.33;282.47;8.16;1046;28;3242.00;108
8362;27;624956850;8362;418;9408;9512;5.29;0.33;282.42;8.16;1046;28;3243.00;104
8365;27;624956870;8365;418;9416;9512;5.34;0.33;282.39;8.16;1051;28;3244.00;96
8368;27;624956887;8368;416;9418;9512;5.35;0.33;282.33;8.15;1050;28;3245.00;94
8374;27;624956907;8374;415;9422;9512;5.31;0.33;282.29;8.15;1048;28;3246.00;90
8377;27;624956923;8377;423;9427;9512;5.29;0.33;282.26;8.15;1050;28;3247.00;85
8380;27;624956941;8380;425;9432;9513;5.28;0.33;282.26;8.15;1052;28;3248.00;81
8383;27;624956957;8383;431;9435;9514;5.28;0.33;282.19;8.15;1052;28;3249.00;79
8386;27;624956969;8386;432;9438;9514;5.20;0.32;282.21;8.15;1052;28;3250.00;76
8390;27;624956981;8390;441;9442;9518;5.16;0.32;282.26;8.15;1052;28;3251.00;76
8390;27;624956993;8390;450;9443;9518;5.14;0.32;282.26;8.15;1053;28;3252.00;75
8395;27;624957005;8395;455;9443;9518;5.05;0.31;282.34;8.15;1048;28;3253.00;75
8397;27;624957024;8397;456;9443;9518;4.98;0.31;282.30;8.15;1046;28;3254.00;75
8402;27;624957035;8402;466;9448;9524;4.87;0.30;282.29;8.15;1046;28;3255.00;76
8407;27;624957047;8407;466;9448;9524;4.78;0.29;282.40;8.15;1041;28;3256.00;76
8410;27;624957059;8410;471;9449;9524;4.70;0.29;282.36;8.24;1039;28;3257.00;75
8414;27;624957070;8414;477;9451;9527;4.62;0.29;282.43;8.24;1037;28;3258.00;76
8417;27;624957082;8417;465;9451;9527;4.52;0.28;282.46;8.24;1034;28;3259.00;76
8419;27;624957094;8419;469;9451;9527;4.48;0.28;282.42;8.24;1032;28;3260.00;76
8424;27;624957105;8424;458;9451;9528;4.44;0.27;282.42;8.24;1027;28;3261.00;77
8428;27;624957116;8428;462;9452;9529;4.46;0.27;282.49;8.24;1024;28;3262.00;77
8431;27;624957128;8431;456;9453;9529;4.49;0.27;282.51;8.24;1022;28;3263.00;76
8435;27;624957140;8435;460;9462;9542;4.59;0.28;282.52;8.23;1027;28;3264.00;80
8437;27;624957153;8437;458;9462;9542;4.64;0.28;282.46;8.23;1025;28;3265.00;80
8441;27;624957172;8441;459;9463;9542;4.68;0.28;282.43;8.23;1022;28;3266.00;79
8447;27;624957184;8447;458;9464;9543;4.65;0.28;282.40;8.23;1017;28;3267.00;79
8448;27;624957197;8448;458;9464;9543;4.77;0.29;282.38;8.23;1016;28;3268.00;79
8452;27;624957209;8452;452;9467;9547;4.80;0.29;282.40;8.22;1015;28;3269.00;80
8453;27;624957223;8453;444;9468;9547;4.80;0.29;282.41;8.22;1015;28;3270.00;79
8455;27;624957235;8455;434;9471;9551;4.87;0.30;282.38;8.22;1016;28;3271.00;80
8456;27;624957247;8456;430;9472;9551;4.87;0.30;282.40;8.31;1016;28;3272.00;79
8456;27;624957258;8456;430;9472;9551;4.92;0.30;282.40;8.31;1016;28;3273.00;79
8456;27;624957270;8456;432;9473;9551;4.97;0.30;282.40;8.31;1017;28;3274.00;78
8457;27;624957281;8457;430;9473;9551;4.97;0.30;282.37;8.31;1016;28;3275.00;78
8458;27;624957292;8458;437;9482;9563;5.13;0.31;282.35;8.30;1024;28;3276.00;81
8458;27;624957304;8458;422;9483;9563;5.18;0.32;282.35;8.30;1025;28;3277.00;80
8460;27;624957316;8460;411;9484;9563;5.20;0.32;282.39;8.30;1024;28;3278.00;79
8462;27;624957328;8462;404;9484;9563;5.22;0.32;282.44;8.30;1022;28;3279.00;79
8463;27;624957340;8463;392;9484;9563;5.26;0.32;282.42;8.30;1021;28;3280.00;79
8464;27;624957352;8464;392;9484;9563;5.34;0.33;282.40;8.30;1020;28;3281.00;79
8466;27;624957364;8466;384;9484;9564;5.41;0.33;282.40;8.30;1018;28;3282.00;80
8468;27;624957384;8468;391;9484;9564;5.50;0.34;282.37;8.30;1016;28;3283.00;80
8471;27;624957399;8471;397;9489;9570;5.55;0.34;282.42;8.30;1018;28;3284.00;81
8472;27;624957414;8472;400;9491;9572;5.68;0.35;282.43;8.30;1019;28;3285.00;81
8473;27;624957434;8473;374;9491;9572;5.82;0.36;282.46;8.30;1018;28;3286.00;81
8475;27;624957447;8475;362;9491;9572;6.02;0.37;282.50;8.30;1016;28;3287.00;81
8475;27;624957461;8475;351;9495;9576;6.25;0.38;282.50;8.39;1020;28;3288.00;81
8478;27;624957475;8478;332;9495;9576;6.44;0.39;282.55;8.39;1017;28;3289.00;81
8481;27;624957488;8481;322;9495;9576;6.60;0.40;282.58;8.39;1014;28;3290.00;81
8483;27;624957501;8483;309;9496;9577;6.78;0.41;282.64;8.39;1013;28;3291.00;81
8485;27;624957515;8485;297;9499;9581;6.92;0.42;282.71;8.38;1014;28;3292.00;82
8488;27;624957530;8488;286;9499;9581;7.04;0.43;282.73;8.38;1011;28;3293.00;82
8491;27;624957544;8491;281;9501;9584;7.20;0.44;282.76;8.38;1010;28;3294.00;83
8493;27;624957559;8493;278;9501;9584;7.27;0.44;282.76;8.38;1008;28;3295.00;83
8497;27;624957574;8497;272;9502;9584;7.31;0.45;282.87;8.38;1005;28;3296.00;82
8500;27;624957589;8500;269;9502;9584;7.31;0.45;282.95;8.38;1002;28;3297.00;82
8501;27;624957604;8501;261;9506;9588;7.35;0.45;282.95;8.38;1005;28;3298.00;82
8505;27;624957618;8505;258;9506;9588;7.40;0.45;283.10;8.38;1001;28;3299.00;82
8507;27;624957638;8507;252;9511;9607;7.43;0.45;283.08;8.37;1004;28;3300.00;96
8510;27;624957660;8510;250;9511;9607;7.53;0.46;283.15;8.37;1001;28;3301.00;96
8511;27;624957674;8511;246;9511;9608;7.67;0.47;283.19;8.37;1000;28;3302.00;97
8516;27;624957688;8516;248;9513;9609;7.71;0.47;283.25;8.46;997;28;3303.00;96
8518;27;624957702;8518;246;9513;9609;7.80;0.47;283.26;8.46;995;28;3304.00;96
8523;27;624957715;8523;251;9515;9610;7.85;0.48;283.25;8.46;992;28;3305.00;95
8525;27;624957730;8525;244;9516;9610;7.90;0.48;283.32;8.46;991;28;3306.00;94
8528;27;624957743;8528;242;9516;9610;7.94;0.48;283.31;8.46;988;28;3307.00;94
8528;27;624957757;8528;248;9516;9610;8.03;0.49;283.31;8.46;988;28;3308.00;94
8530;27;624957770;8530;246;9516;9610;8.08;0.49;283.33;8.46;986;28;3309.00;94
8533;27;624957783;8533;247;9516;9610;8.13;0.49;283.34;8.46;983;28;3310.00;94
8535;27;624957797;8535;251;9517;9610;8.17;0.50;283.36;8.46;982;28;3311.00;93
8540;27;624957810;8540;270;9587;9737;8.15;0.50;283.48;8.49;1047;28;3312.00;150
8541;27;624957834;8541;257;9587;9738;8.13;0.50;283.56;8.49;1046;28;3313.00;151
8543;27;624957851;8543;252;9590;9738;8.16;0.50;283.62;8.49;1047;28;3314.00;148
8544;27;624957865;8544;243;9590;9738;8.22;0.50;283.63;8.49;1046;28;3315.00;148
8547;27;624957881;8547;243;9593;9738;8.27;0.51;283.82;8.49;1046;28;3316.00;145
8548;27;624957895;8548;243;9594;9738;8.24;0.51;283.83;8.49;1046;28;3317.00;144
8549;27;624957909;8549;246;9600;9738;8.27;0.51;283.87;8.49;1051;28;3318.00;138
8549;27;624957923;8549;248;9600;9738;8.28;0.51;283.87;8.49;1051;28;3319.00;138
8551;27;624957937;8551;242;9604;9739;8.30;0.51;283.85;8.49;1053;28;3320.00;135
8554;27;624957955;8554;246;9606;9740;8.32;0.51;283.94;8.49;1052;28;3321.00;134
8559;27;624957971;8559;246;9609;9740;8.37;0.51;283.95;8.49;1050;28;3322.00;131
8563;27;624957984;8563;252;9613;9741;8.39;0.51;283.99;8.49;1050;28;3323.00;128
8566;27;624957998;8566;254;9617;9741;8.41;0.51;283.99;8.49;1051;28;3324.00;124
8567;27;624958011;8567;257;9620;9741;8.40;0.51;283.98;8.50;1053;28;3325.00;121
8570;27;624958025;8570;255;9621;9741;8.39;0.51;283.99;8.50;1051;28;3326.00;120
8574;27;624958038;8574;255;9624;9745;8.38;0.51;283.96;8.50;1050;28;3327.00;121
8577;27;624958052;8577;255;9626;9745;8.37;0.51;283.98;8.50;1049;28;3328.00;119
8580;27;624958066;8580;261;9628;9745;8.30;0.51;283.94;8.50;1048;28;3329.00;117
8583;27;624958081;8583;261;9632;9751;8.20;0.50;283.98;8.50;1049;28;3330.00;119
8586;27;624958095;8586;258;9633;9751;8.17;0.50;283.97;8.50;1047;28;3331.00;118
8588;27;624958109;8588;257;9636;9751;8.12;0.50;283.99;8.51;1048;28;3332.00;115
8588;27;624958122;8588;254;9640;9755;8.06;0.49;283.99;8.51;1052;28;3333.00;115
8593;27;624958135;8593;252;9642;9756;8.01;0.49;283.92;8.51;1049;28;3334.00;114
8597;27;624958149;8597;249;9650;9756;7.97;0.49;284.01;8.52;1053;28;3335.00;106
8600;27;624958164;8600;236;9651;9760;7.89;0.48;284.01;8.52;1051;28;3336.00;109
8602;27;624958178;8602;247;9653;9760;7.88;0.48;284.01;8.52;1051;28;3337.00;107
8608;27;624958192;8608;240;9654;9760;7.83;0.48;284.03;8.52;1046;28;3338.00;106
8609;27;624958205;8609;241;9656;9761;7.81;0.48;284.08;8.52;1047;28;3339.00;105
8613;27;624958219;8613;239;9656;9761;7.80;0.47;284.04;8.52;1043;28;3340.00;105
8613;27;624958232;8613;237;9662;9767;7.80;0.47;284.04;8.52;1049;28;3341.00;105
8614;27;624958245;8614;242;9662;9767;7.75;0.47;284.02;8.52;1048;28;3342.00;105
8614;27;624958259;8614;241;9664;9768;7.75;0.47;284.02;8.53;1050;28;3343.00;104
8620;27;624958272;8620;244;9664;9768;7.70;0.47;284.12;8.53;1044;28;3344.00;104
8624;27;624958286;8624;246;9665;9768;7.67;0.47;284.13;8.53;1041;28;3345.00;103
8628;27;624958300;8628;251;9665;9768;7.63;0.46;284.16;8.53;1037;28;3346.00;103
8631;27;624958312;8631;254;9666;9768;7.62;0.46;284.22;8.53;1035;28;3347.00;102
8634;27;624958325;8634;256;9674;9780;7.65;0.46;284.24;8.52;1040;28;3348.00;106
8636;27;624958339;8636;257;9676;9780;7.62;0.46;284.30;8.52;1040;28;3349.00;104
8637;27;624958351;8637;259;9678;9780;7.58;0.46;284.34;8.52;1041;28;3350.00;102
8639;27;624958363;8639;256;9679;9780;7.53;0.46;284.38;8.53;1040;28;3351.00;101
8644;27;624958375;8644;259;9679;9780;7.42;0.45;284.48;8.53;1035;28;3352.00;101
8646;27;624958389;8646;263;9679;9780;7.36;0.45;284.53;8.53;1033;28;3353.00;101
8649;27;624958402;8649;256;9683;9784;7.34;0.45;284.61;8.53;1034;28;3354.00;101
8653;27;624958416;8653;256;9684;9784;7.35;0.45;284.63;8.53;1031;28;3355.00;100
8656;27;624958429;8656;253;9689;9788;7.34;0.44;284.61;8.53;1033;28;3356.00;99
8660;27;624958442;8660;256;9690;9789;7.33;0.44;284.69;8.53;1030;28;3357.00;99
8661;27;624958455;8661;262;9690;9789;7.37;0.45;284.74;8.53;1029;28;3358.00;99
8663;27;624958469;8663;273;9690;9789;7.34;0.44;284.77;8.53;1027;28;3359.00;99
8665;27;624958484;8665;285;9712;9818;7.34;0.45;284.82;8.52;1047;28;3360.00;106
8667;27;624958500;8667;280;9714;9818;7.33;0.45;284.92;8.53;1047;28;3361.00;104
8669;27;624958513;8669;289;9716;9818;7.31;0.44;284.95;8.53;1047;28;3362.00;102
8670;27;624958526;8670;292;9720;9819;7.30;0.44;285.00;8.55;1050;28;3363.00;99
8673;27;624958540;8673;300;9720;9820;7.27;0.44;285.07;8.55;1047;28;3364.00;100
8674;27;624958553;8674;305;9722;9820;7.27;0.44;285.06;8.57;1048;28;3365.00;98
8677;27;624958566;8677;311;9724;9823;7.25;0.44;285.18;8.57;1047;28;3366.00;99
8680;27;624958579;8680;317;9726;9823;7.23;0.44;285.24;8.59;1046;28;3367.00;97
8683;27;624958592;8683;326;9728;9823;7.16;0.44;285.29;8.60;1045;28;3368.00;95
8688;27;624958605;8688;334;9729;9823;7.11;0.43;285.37;8.61;1041;28;3369.00;94
8692;27;624958618;8692;337;9735;9829;7.09;0.43;285.35;8.62;1043;28;3370.00;94
8693;27;624958632;8693;339;9736;9829;7.01;0.43;285.40;8.62;1043;28;3371.00;93
8695;27;624958645;8695;349;9737;9829;6.92;0.42;285.41;8.63;1042;28;3372.00;92
8697;27;624958657;8697;359;9738;9829;6.84;0.42;285.43;8.64;1041;28;3373.00;91
8702;27;624958669;8702;366;9742;9833;6.72;0.41;285.49;8.65;1040;28;3374.00;91
8704;27;624958681;8704;373;9744;9835;6.61;0.40;285.48;8.65;1040;28;3375.00;91
8706;27;624958692;8706;377;9745;9835;6.46;0.40;285.56;8.65;1039;28;3376.00;90
8709;27;624958704;8709;383;9746;9836;6.35;0.39;285.67;8.65;1037;28;3377.00;90
8711;27;624958715;8711;387;9748;9836;6.23;0.38;285.67;8.67;1037;28;3378.00;88
8714;27;624958726;8714;394;9748;9836;6.15;0.38;285.70;8.67;1034;28;3379.00;88
8717;27;624958739;8717;395;9753;9836;6.10;0.38;285.75;8.70;1036;28;3380.00;83
8718;27;624958750;8718;393;9753;9836;6.09;0.38;285.82;8.70;1035;28;3381.00;83
8724;27;624958761;8724;393;9754;9836;6.01;0.37;285.83;8.70;1030;28;3382.00;82
8727;27;624958772;8727;388;9755;9836;5.92;0.36;285.88;8.70;1028;28;3383.00;81
8730;27;624958783;8730;391;9791;9906;6.07;0.37;285.91;8.68;1061;28;3384.00;115
8732;27;624958800;8732;389;9794;9907;6.02;0.37;285.94;8.68;1062;28;3385.00;113
8734;27;624958811;8734;395;9803;9907;5.98;0.37;285.90;8.68;1069;28;3386.00;104
8735;27;624958822;8735;396;9806;9907;5.94;0.36;285.95;8.68;1071;28;3387.00;101
8738;27;624958833;8738;400;9809;9907;5.90;0.36;285.94;8.67;1071;28;3388.00;98
8741;27;624958845;8741;403;9812;9907;5.80;0.36;285.89;8.68;1071;28;3389.00;95
8744;27;624958865;8744;416;9814;9907;5.71;0.35;285.90;8.68;1070;28;3390.00;93
8746;27;624958882;8746;422;9817;9907;5.64;0.35;285.92;8.69;1071;28;3391.00;90
8751;27;624958899;8751;422;9819;9908;5.55;0.34;285.97;8.69;1068;28;3392.00;89
8760;27;624958915;8760;424;9823;9909;5.40;0.33;285.89;8.70;1063;28;3393.00;86
8765;27;624958930;8765;430;9826;9909;5.27;0.32;285.91;8.70;1061;28;3394.00;83
8768;27;624958946;8768;432;9830;9913;5.21;0.32;285.84;8.70;1062;28;3395.00;83
8771;27;624958961;8771;426;9831;9913;5.15;0.31;285.83;8.70;1060;28;3396.00;82
8771;27;624958972;8771;439;9833;9913;5.10;0.31;285.83;8.71;1062;28;3397.00;80
8774;27;624958983;8774;443;9834;9913;5.03;0.31;285.82;8.71;1060;28;3398.00;79
8776;27;624958994;8776;447;9840;9919;4.96;0.30;285.81;8.71;1064;28;3399.00;79
8780;27;624959007;8780;452;9841;9919;4.86;0.30;285.83;8.71;1061;28;3400.00;78
8783;27;624959022;8783;454;9841;9919;4.79;0.29;285.84;8.71;1058;28;3401.00;78
8785;27;624959033;8785;450;9843;9922;4.79;0.29;285.86;8.71;1058;28;3402.00;79
8787;27;624959044;8787;445;9844;9922;4.77;0.29;285.85;8.71;1057;28;3403.00;78
8788;27;624959055;8788;436;9845;9922;4.75;0.29;285.86;8.72;1057;28;3404.00;77
8790;27;624959065;8790;437;9846;9923;4.73;0.29;285.85;8.72;1056;28;3405.00;77
8793;27;624959076;8793;438;9847;9924;4.76;0.29;285.81;8.72;1054;28;3406.00;77
8798;27;624959087;8798;440;9847;9924;4.76;0.29;285.77;8.72;1049;28;3407.00;77
8803;27;624959098;8803;438;9858;9937;4.85;0.30;285.69;8.71;1055;28;3408.00;79
8804;27;624959110;8804;437;9858;9937;4.87;0.30;285.71;8.71;1054;28;3409.00;79
8807;27;624959121;8807;440;9858;9937;4.83;0.30;285.74;8.71;1051;28;3410.00;79
8810;27;624959132;8810;421;9859;9938;4.83;0.29;285.73;8.71;1049;28;3411.00;79
8812;27;624959144;8812;408;9859;9938;4.89;0.30;285.72;8.71;1047;28;3412.00;79
8816;27;624959155;8816;396;9862;9942;4.95;0.30;285.72;8.71;1046;28;3413.00;80
8818;27;624959168;8818;389;9863;9942;5.01;0.30;285.70;8.71;1045;28;3414.00;79
8820;27;624959179;8820;389;9866;9946;5.09;0.31;285.70;8.71;1046;28;3415.00;80
8823;27;624959192;8823;383;9867;9946;5.10;0.31;285.68;8.71;1044;28;3416.00;79
8823;27;624959203;8823;383;9867;9946;5.22;0.32;285.68;8.71;1044;28;3417.00;79
8828;27;624959221;8828;387;9867;9946;5.27;0.32;285.60;8.71;1039;28;3418.00;79
8830;27;624959234;8830;385;9868;9946;5.32;0.32;285.58;8.71;1038;28;3419.00;78
8834;27;624959248;8834;384;9894;9980;5.53;0.34;285.58;8.68;1060;28;3420.00;86
8835;27;624959263;8835;383;9895;9980;5.60;0.34;285.59;8.68;1060;28;3421.00;85
8836;27;624959275;8836;382;9896;9980;5.70;0.35;285.61;8.68;1060;28;3422.00;84
8839;27;624959287;8839;389;9897;9980;5.77;0.35;285.60;8.68;1058;28;3423.00;83
8843;27;624959299;8843;389;9898;9980;5.77;0.35;285.60;8.68;1055;28;3424.00;82
8845;27;624959312;8845;389;9898;9980;5.76;0.35;285.69;8.68;1053;28;3425.00;82
8847;27;624959324;8847;389;9898;9981;5.77;0.35;285.70;8.68;1051;28;3426.00;83
8852;27;624959341;8852;386;9898;9981;5.71;0.35;285.71;8.68;1046;28;3427.00;83
8854;27;624959353;8854;392;9903;9987;5.68;0.34;285.70;8.68;1049;28;3428.00;84
8857;27;624959367;8857;399;9904;9988;5.66;0.34;285.70;8.68;1047;28;3429.00;84
8860;27;624959380;8860;402;9904;9988;5.64;0.34;285.66;8.68;1044;28;3430.00;84
8863;27;624959394;8863;407;9904;9988;5.60;0.34;285.64;8.68;1041;28;3431.00;84
8867;27;624959406;8867;408;9907;9992;5.57;0.34;285.64;8.67;1040;28;3432.00;85
8872;27;624959419;8872;409;9907;9992;5.51;0.33;285.61;8.67;1035;28;3433.00;85
8875;27;624959431;8875;407;9907;9992;5.42;0.33;285.59;8.67;1032;28;3434.00;85
8878;27;624959443;8878;412;9908;9993;5.38;0.33;285.61;8.67;1030;28;3435.00;85
8881;27;624959455;8881;403;9912;9997;5.40;0.33;285.60;8.76;1031;28;3436.00;85
8883;27;624959469;8883;402;9912;9997;5.42;0.33;285.63;8.76;1029;28;3437.00;85
8887;27;624959481;8887;403;9914;10000;5.41;0.33;285.62;8.76;1027;28;3438.00;86
8889;27;624959494;8889;402;9914;10000;5.44;0.33;285.60;8.76;1025;28;3439.00;86
8893;27;624959506;8893;403;9915;10000;5.50;0.33;285.68;8.76;1022;28;3440.00;85
8895;27;624959519;8895;403;9915;10000;5.53;0.34;285.68;8.76;1020;28;3441.00;85
8897;27;624959531;8897;402;9919;10004;5.62;0.34;285.69;8.76;1022;28;3442.00;85
8899;27;624959543;8899;400;9919;10004;5.63;0.34;285.72;8.76;1020;28;3443.00;85
8903;27;624959555;8903;400;9919;10004;5.60;0.34;285.77;8.76;1016;28;3444.00;85
8906;27;624959567;8906;400;9919;10004;5.57;0.34;285.80;8.76;1013;28;3445.00;85
8909;27;624959580;8909;398;9919;10005;5.58;0.34;285.84;8.76;1010;28;3446.00;86
8910;27;624959593;8910;378;9920;10006;5.59;0.34;285.86;8.76;1010;28;3447.00;86
8911;27;624959616;8911;369;9920;10006;5.55;0.34;285.88;8.76;1009;28;3448.00;86
8916;27;624959628;8916;358;9921;10007;5.64;0.34;285.96;8.76;1005;28;3449.00;86
8917;27;624959643;8917;355;9921;10007;5.70;0.35;286.04;8.76;1004;28;3450.00;86
8919;27;624959664;8919;350;9921;10007;5.79;0.35;286.10;8.76;1002;28;3451.00;86
8922;27;624959677;8922;350;9922;10007;5.90;0.36;286.19;8.85;1000;28;3452.00;85
8924;27;624959690;8924;350;9922;10007;6.03;0.37;286.22;8.85;998;28;3453.00;85
8927;27;624959703;8927;348;9922;10007;6.08;0.37;286.32;8.85;995;28;3454.00;85
8930;27;624959723;8930;352;9922;10007;6.16;0.37;286.35;8.85;992;28;3455.00;85
8933;27;624959744;8933;360;9996;10134;6.45;0.40;286.42;8.78;1063;28;3456.00;138
8935;27;624959768;8935;340;9998;10135;6.52;0.40;286.46;8.78;1063;28;3457.00;137
8940;27;624959782;8940;324;10005;10135;6.64;0.41;286.49;8.78;1065;28;3458.00;130
8941;27;624959795;8941;317;10007;10135;6.80;0.42;286.52;8.87;1066;28;3459.00;128
8942;27;624959809;8942;308;10013;10135;6.94;0.43;286.56;8.87;1071;28;3460.00;122
8942;27;624959823;8942;305;10016;10135;7.05;0.43;286.56;8.87;1074;28;3461.00;119
8943;27;624959839;8943;296;10017;10135;7.11;0.44;286.57;8.87;1074;28;3462.00;118
8944;27;624959853;8944;294;10019;10135;7.22;0.44;286.58;8.86;1075;28;3463.00;116
8947;27;624959867;8947;293;10021;10136;7.27;0.44;286.64;8.86;1074;28;3464.00;115
8949;27;624959882;8949;293;10024;10138;7.30;0.45;286.70;8.86;1075;28;3465.00;114
8951;27;624959897;8951;295;10030;10138;7.34;0.45;286.74;8.96;1079;28;3466.00;108
8952;27;624959911;8952;303;10033;10139;7.42;0.45;286.74;8.96;1081;28;3467.00;106
8955;27;624959924;8955;308;10037;10139;7.41;0.45;286.85;8.96;1082;28;3468.00;102
8957;27;624959939;8957;311;10038;10139;7.45;0.46;286.90;8.96;1081;28;3469.00;101
8958;27;624959952;8958;316;10040;10139;7.55;0.46;286.96;8.96;1082;28;3470.00;99
8962;27;624959966;8962;317;10043;10143;7.60;0.47;287.03;8.96;1081;28;3471.00;100
8968;27;624959981;8968;319;10045;10143;7.64;0.47;287.24;8.96;1077;28;3472.00;98
8973;27;624959994;8973;319;10045;10143;7.66;0.47;287.32;8.96;1072;28;3473.00;98
8973;27;624960015;8973;319;10048;10146;7.74;0.47;287.32;8.96;1075;28;3474.00;98
8976;27;624960033;8976;313;10048;10146;7.78;0.48;287.42;8.96;1072;28;3475.00;98
8979;27;624960050;8979;309;10049;10146;7.86;0.48;287.46;8.96;1070;28;3476.00;97
8985;27;624960065;8985;309;10054;10150;7.88;0.48;287.50;8.96;1069;28;3477.00;96
8989;27;624960079;8989;306;10056;10151;7.90;0.48;287.66;8.96;1067;28;3478.00;95
8992;27;624960094;8992;303;10057;10151;7.95;0.48;287.70;9.05;1065;28;3479.00;94
8996;27;624960110;8996;300;10061;10156;7.97;0.49;287.82;9.05;1065;28;3480.00;95
8997;27;624960124;8997;300;10061;10156;7.98;0.49;287.89;9.05;1064;28;3481.00;95
9000;27;624960138;9000;300;10061;10156;8.02;0.49;287.94;9.05;1061;28;3482.00;95
9007;27;624960153;9007;301;10062;10157;8.05;0.49;288.10;9.05;1055;28;3483.00;95
9008;27;624960186;9008;297;10062;10157;8.11;0.49;288.09;9.05;1054;28;3484.00;95
9011;27;624960221;9011;293;10067;10163;8.15;0.49;288.08;9.04;1056;28;3485.00;96
9012;27;624960248;9012;295;10067;10163;8.21;0.50;288.07;9.04;1055;28;3486.00;96
9013;27;624960266;9013;293;10067;10164;8.28;0.50;288.07;9.04;1054;28;3487.00;97
9013;27;624960283;9013;288;10067;10164;8.30;0.50;288.07;9.04;1054;28;3488.00;97
9018;27;624960299;9018;286;10068;10164;8.28;0.50;288.06;9.14;1050;28;3489.00;96
9020;27;624960315;9020;279;10068;10164;8.29;0.50;288.10;9.14;1048;28;3490.00;96
9023;27;624960331;9023;279;10068;10164;8.30;0.50;288.14;9.14;1045;28;3491.00;96
9024;27;624960348;9024;277;10077;10176;8.37;0.51;288.14;9.13;1053;28;3492.00;99
9026;27;624960365;9026;271;10077;10176;8.34;0.50;288.13;9.13;1051;28;3493.00;99
9028;27;624960383;9028;274;10079;10176;8.40;0.51;288.16;9.13;1051;28;3494.00;97
9030;27;624960399;9030;271;10079;10176;8.41;0.51;288.26;9.13;1049;28;3495.00;97
9033;27;624960414;9033;275;10079;10176;8.42;0.51;288.25;9.13;1046;28;3496.00;97
9035;27;624960429;9035;272;10079;10176;8.42;0.51;288.26;9.13;1044;28;3497.00;97
9039;27;624960445;9039;266;10082;10180;8.37;0.51;288.32;9.13;1043;28;3498.00;98
9044;28;624960469;9044;266;10082;10180;8.32;0.50;288.39;9.13;1038;29;3499.00;98
9046;28;624960493;9046;263;10086;10184;8.32;0.50;288.41;9.12;1040;29;3500.00;98
9050;28;624960513;9050;260;10087;10185;8.24;0.50;288.51;9.12;1037;29;3501.00;98
9052;28;624960528;9052;259;10087;10185;8.20;0.50;288.48;9.12;1035;29;3502.00;98
9059;28;624960544;9059;256;10087;10185;8.11;0.49;288.52;9.12;1028;29;3503.00;98
9063;28;624960560;9063;255;10098;10198;8.09;0.49;288.56;9.11;1035;29;3504.00;100
9065;28;624960575;9065;250;10100;10198;8.11;0.49;288.55;9.22;1035;29;3505.00;98
9067;28;624960594;9067;251;10101;10198;8.12;0.49;288.61;9.23;1034;29;3506.00;97
9070;28;624960608;9070;249;10102;10199;8.16;0.49;288.61;9.23;1032;29;3507.00;97
9073;28;624960622;9073;252;10102;10200;8.15;0.49;288.63;9.23;1029;29;3508.00;98
9080;28;624960636;9080;251;10102;10200;8.11;0.49;288.77;9.23;1022;29;3509.00;98
9084;28;624960654;9084;245;10106;10206;8.10;0.49;288.78;9.23;1022;29;3510.00;100
9086;28;624960670;9086;236;10107;10206;8.08;0.49;288.76;9.23;1021;29;3511.00;99
9089;28;624960684;9089;235;10108;10206;8.08;0.49;288.87;9.23;1019;29;3512.00;98
9094;28;624960699;9094;241;10108;10206;8.07;0.49;288.88;9.23;1014;29;3513.00;98
9099;28;624960721;9099;245;10113;10212;8.04;0.49;288.89;9.22;1014;29;3514.00;99
9100;28;624960736;9100;256;10113;10212;7.95;0.48;288.91;9.22;1013;29;3515.00;99
9104;28;624960749;9104;254;10113;10212;7.85;0.48;288.93;9.22;1009;29;3516.00;99
9104;28;624960768;9104;254;10113;10212;7.76;0.47;288.93;9.22;1009;29;3517.00;99
9107;28;624960783;9107;259;10116;10216;7.67;0.47;289.04;9.22;1009;29;3518.00;100
9108;28;624960797;9108;266;10119;10219;7.57;0.46;289.06;9.22;1011;29;3519.00;100
9109;28;624960810;9109;270;10119;10219;7.50;0.46;289.12;9.22;1010;29;3520.00;100
9111;28;624960823;9111;281;10120;10220;7.45;0.45;289.13;9.22;1009;29;3521.00;100
9112;28;624960840;9112;288;10120;10220;7.36;0.45;289.13;9.22;1008;29;3522.00;100
9115;28;624960863;9115;288;10120;10220;7.30;0.44;289.09;9.22;1005;29;3523.00;100
9117;28;624960882;9117;300;10120;10220;7.27;0.44;289.15;9.22;1003;29;3524.00;100
9117;28;624960900;9117;301;10121;10220;7.23;0.44;289.15;9.22;1004;29;3525.00;99
9122;28;624960922;9122;308;10121;10220;7.20;0.44;289.24;9.22;999;29;3526.00;99
9125;28;624960943;9125;309;10121;10220;7.15;0.44;289.27;9.22;996;29;3527.00;99
9127;28;624960962;9127;320;10157;10290;7.26;0.45;289.28;9.20;1030;29;3528.00;133
9128;28;624960993;9128;324;10159;10291;7.23;0.44;289.34;9.20;1031;29;3529.00;132
9132;28;624961009;9132;326;10168;10291;7.21;0.44;289.40;9.21;1036;29;3530.00;123
9133;28;624961026;9133;332;10170;10291;7.13;0.44;289.38;9.22;1037;29;3531.00;121
9137;28;624961041;9137;332;10173;10291;7.10;0.44;289.44;9.23;1036;29;3532.00;118
9139;28;624961057;9139;340;10176;10291;7.05;0.43;289.45;9.23;1037;29;3533.00;115
9143;28;624961073;9143;342;10179;10291;6.96;0.43;289.43;9.24;1036;29;3534.00;112
9144;28;624961088;9144;351;10182;10291;6.92;0.43;289.41;9.25;1038;29;3535.00;109
9146;28;624961108;9146;349;10183;10292;6.87;0.42;289.39;9.25;1037;29;3536.00;109
9150;28;624961123;9150;355;10187;10293;6.82;0.42;289.38;9.27;1037;29;3537.00;106
9153;28;624961141;9153;358;10189;10293;6.80;0.42;289.36;9.27;1036;29;3538.00;104
9156;28;624961155;9156;365;10195;10297;6.75;0.42;289.35;9.27;1039;29;3539.00;102
9159;28;624961177;9159;369;10199;10297;6.67;0.41;289.29;9.28;1040;29;3540.00;98
9162;28;624961198;9162;382;10201;10297;6.62;0.41;289.26;9.28;1039;29;3541.00;96
9165;28;624961215;9165;390;10202;10297;6.51;0.40;289.25;9.28;1037;29;3542.00;95
9168;28;624961230;9168;396;10209;10303;6.50;0.40;289.21;9.29;1041;29;3543.00;94
9169;28;624961248;9169;402;10210;10303;6.43;0.39;289.25;9.29;1041;29;3544.00;93
9172;28;624961264;9172;405;10212;10303;6.29;0.39;289.27;9.30;1040;29;3545.00;91
9179;28;624961280;9179;411;10214;10306;6.13;0.37;289.35;9.30;1035;29;3546.00;92
9179;28;624961296;9179;422;10217;10306;6.02;0.37;289.35;9.34;1038;29;3547.00;89
9180;28;624961309;9180;431;10218;10306;5.88;0.36;289.33;9.33;1038;29;3548.00;88
9180;28;624961324;9180;430;10218;10307;5.67;0.35;289.33;9.33;1038;29;3549.00;89
9183;28;624961338;9183;439;10220;10308;5.55;0.34;289.36;9.34;1037;29;3550.00;88
9186;28;624961352;9186;432;10220;10308;5.43;0.33;289.31;9.34;1034;29;3551.00;88
9188;28;624961367;9188;432;10234;10321;5.35;0.33;289.29;9.36;1046;29;3552.00;87
9190;28;624961385;9190;435;10234;10321;5.30;0.32;289.24;9.36;1044;29;3553.00;87
9192;28;624961400;9192;440;10235;10321;5.26;0.32;289.19;9.37;1043;29;3554.00;86
9192;28;624961414;9192;432;10237;10323;5.27;0.32;289.19;9.37;1045;29;3555.00;86
9195;28;624961431;9195;436;10237;10323;5.25;0.32;289.13;9.37;1042;29;3556.00;86
9195;28;624961448;9195;441;10244;10327;5.33;0.32;289.13;9.39;1049;29;3557.00;83
9199;28;624961468;9199;443;10244;10327;5.33;0.32;289.17;9.39;1045;29;3558.00;83
9200;28;624961481;9200;441;10248;10331;5.34;0.32;289.15;9.40;1048;29;3559.00;83
9200;28;624961498;9200;445;10248;10331;5.33;0.32;289.15;9.40;1048;29;3560.00;83
9203;28;624961511;9203;450;10248;10331;5.21;0.32;289.09;9.40;1045;29;3561.00;83
9205;28;624961525;9205;459;10251;10331;5.12;0.31;289.08;9.42;1046;29;3562.00;80
9208;28;624961540;9208;442;10252;10331;5.05;0.31;289.07;9.42;1044;29;3563.00;79
9209;28;624961555;9209;433;10262;10343;5.06;0.31;289.06;9.41;1053;29;3564.00;81
9212;28;624961569;9212;434;10263;10343;4.99;0.30;289.04;9.42;1051;29;3565.00;80
9216;28;624961582;9216;432;10265;10343;4.91;0.30;288.99;9.42;1049;29;3566.00;78
9218;28;624961595;9218;435;10265;10343;4.95;0.30;288.99;9.42;1047;29;3567.00;78
9219;28;624961610;9219;428;10267;10343;4.96;0.30;289.01;9.43;1048;29;3568.00;76
9221;28;624961624;9221;433;10267;10343;4.94;0.30;288.99;9.43;1046;29;3569.00;76
9222;28;624961648;9222;424;10267;10344;4.94;0.30;289.01;9.43;1045;29;3570.00;77
9224;28;624961661;9224;428;10269;10344;4.94;0.30;289.01;9.44;1045;29;3571.00;75
9229;28;624961673;9229;430;10274;10350;4.98;0.30;288.99;9.44;1045;29;3572.00;76
9232;28;624961688;9232;425;10277;10351;4.98;0.30;288.96;9.44;1045;29;3573.00;74
9235;28;624961700;9235;416;10277;10351;5.01;0.30;288.94;9.44;1042;29;3574.00;74
9237;28;624961714;9237;415;10277;10351;5.02;0.31;288.96;9.44;1040;29;3575.00;74
9237;28;624961726;9237;409;10282;10355;5.14;0.31;288.96;9.45;1045;29;3576.00;73
9239;28;624961739;9239;408;10282;10355;5.21;0.32;288.99;9.45;1043;29;3577.00;73
9240;28;624961759;9240;402;10282;10355;5.27;0.32;289.01;9.45;1042;29;3578.00;73
9243;28;624961772;9243;390;10285;10356;5.32;0.32;289.03;9.45;1042;29;3579.00;71
9244;28;624961792;9244;391;10288;10360;5.34;0.33;289.04;9.45;1044;29;3580.00;72
9245;28;624961806;9245;385;10288;10360;5.34;0.33;289.04;9.45;1043;29;3581.00;72
9249;28;624961821;9249;384;10290;10363;5.31;0.32;289.12;9.44;1041;29;3582.00;73
9251;28;624961840;9251;376;10291;10363;5.32;0.33;289.13;9.44;1040;29;3583.00;72
9255;28;624961860;9255;377;10291;10363;5.32;0.32;289.14;9.44;1036;29;3584.00;72
9260;28;624961875;9260;374;10291;10363;5.36;0.33;289.09;9.44;1031;29;3585.00;72
9264;28;624961889;9264;368;10295;10367;5.48;0.33;289.13;9.44;1031;29;3586.00;72
9268;28;624961902;9268;370;10295;10367;5.52;0.34;289.11;9.44;1027;29;3587.00;72
9272;28;624961914;9272;369;10295;10367;5.56;0.34;289.07;9.44;1023;29;3588.00;72
9273;28;624961927;9273;374;10295;10367;5.61;0.34;289.06;9.44;1022;29;3589.00;72
9280;28;624961941;9280;376;10295;10368;5.59;0.34;289.15;9.44;1015;29;3590.00;73
9281;28;624961955;9281;366;10296;10369;5.61;0.34;289.16;9.44;1015;29;3591.00;73
9287;28;624961968;9287;367;10296;10369;5.59;0.34;289.19;9.44;1009;29;3592.00;73
9291;28;624961982;9291;361;10297;10370;5.59;0.34;289.21;9.44;1006;29;3593.00;73
9293;28;624961997;9293;371;10297;10370;5.64;0.34;289.22;9.44;1004;29;3594.00;73
9294;28;624962012;9294;366;10297;10370;5.67;0.35;289.23;9.44;1003;29;3595.00;73
9298;28;624962026;9298;366;10297;10370;5.73;0.35;289.25;9.44;999;29;3596.00;73
9301;28;624962039;9301;357;10297;10370;5.79;0.35;289.21;9.44;996;29;3597.00;73
9304;28;624962051;9304;359;10297;10370;5.82;0.36;289.27;9.44;993;29;3598.00;73
9307;28;624962064;9307;359;10297;10370;5.89;0.36;289.30;9.44;990;29;3599.00;73
9309;28;624962084;9309;387;10412;10623;6.27;0.39;289.29;9.33;1103;29;3600.00;211
9312;28;624962126;9312;386;10419;10624;6.29;0.40;289.31;9.43;1107;29;3601.00;205
9315;28;624962141;9315;385;10432;10624;6.36;0.40;289.33;9.42;1117;29;3602.00;192
9320;28;624962156;9320;377;10436;10624;6.38;0.40;289.40;9.42;1116;29;3603.00;188
9324;28;624962169;9324;375;10447;10624;6.37;0.40;289.47;9.42;1123;29;3604.00;177
9329;28;624962189;9329;374;10451;10624;6.40;0.40;289.53;9.41;1122;29;3605.00;173
9333;28;624962205;9333;365;10457;10624;6.45;0.40;289.58;9.41;1124;29;3606.00;167
9336;28;624962220;9336;357;10461;10624;6.49;0.40;289.62;9.41;1125;29;3607.00;163
9340;28;624962239;9340;359;10467;10625;6.48;0.40;289.67;9.41;1127;29;3608.00;158
9343;28;624962253;9343;362;10471;10626;6.50;0.40;289.72;9.41;1128;29;3609.00;155
9347;28;624962269;9347;366;10477;10626;6.50;0.40;289.77;9.41;1130;29;3610.00;149
9350;28;624962284;9350;371;10482;10627;6.44;0.40;289.80;9.51;1132;29;3611.00;145
9355;28;624962300;9355;386;10486;10627;6.42;0.40;289.88;9.51;1131;29;3612.00;141
9361;28;624962316;9361;384;10489;10627;6.38;0.40;289.96;9.52;1128;29;3613.00;138
9362;28;624962339;9362;386;10490;10627;6.38;0.39;289.93;9.52;1128;29;3614.00;137
9366;28;624962355;9366;385;10495;10631;6.35;0.39;290.01;9.52;1129;29;3615.00;136
9370;28;624962370;9370;389;10498;10631;6.36;0.39;290.01;9.52;1128;29;3616.00;133
9373;28;624962384;9373;375;10499;10631;6.40;0.39;290.09;9.52;1126;29;3617.00;132
9376;28;624962399;9376;373;10501;10634;6.41;0.39;290.17;9.52;1125;29;3618.00;133
9380;28;624962415;9380;370;10503;10634;6.51;0.40;290.23;9.52;1123;29;3619.00;131
9385;28;624962435;9385;370;10504;10634;6.56;0.40;290.32;9.52;1119;29;3620.00;130
9389;28;624962457;9389;381;10508;10638;6.61;0.41;290.39;9.52;1119;29;3621.00;130
9391;28;624962473;9391;380;10509;10639;6.70;0.41;290.43;9.52;1118;29;3622.00;130
9397;28;624962491;9397;388;10512;10639;6.75;0.41;290.45;9.52;1115;29;3623.00;127
9401;28;624962507;9401;387;10514;10643;6.82;0.42;290.48;9.52;1113;29;3624.00;129
9404;28;624962522;9404;391;10516;10643;6.89;0.42;290.49;9.52;1112;29;3625.00;127
9407;28;624962536;9407;378;10517;10643;6.97;0.43;290.58;9.52;1110;29;3626.00;126
9410;28;624962550;9410;365;10518;10644;7.01;0.43;290.64;9.52;1108;29;3627.00;126
9412;28;624962572;9412;360;10521;10644;7.11;0.43;290.75;9.63;1109;29;3628.00;123
9414;28;624962588;9414;347;10526;10650;7.24;0.44;290.80;9.63;1112;29;3629.00;124
9417;28;624962612;9417;343;10527;10650;7.31;0.45;290.82;9.63;1110;29;3630.00;123
9419;28;624962629;9419;343;10527;10651;7.36;0.45;290.84;9.63;1108;29;3631.00;124
9421;28;624962645;9421;339;10529;10651;7.44;0.46;290.88;9.63;1108;29;3632.00;122
9424;28;624962661;9424;335;10530;10651;7.42;0.45;290.96;9.63;1106;29;3633.00;121
9429;28;624962689;9429;333;10532;10651;7.42;0.45;291.01;9.64;1103;29;3634.00;119
9429;28;624962717;9429;335;10533;10651;7.52;0.46;291.01;9.64;1104;29;3635.00;118
9431;28;624962734;9431;331;10540;10663;7.61;0.47;291.05;9.63;1109;29;3636.00;123
9436;28;624962751;9436;324;10541;10663;7.63;0.47;291.13;9.63;1105;29;3637.00;122
9436;28;624962767;9436;325;10543;10663;7.71;0.47;291.13;9.63;1107;29;3638.00;120
9439;28;624962785;9439;316;10543;10663;7.76;0.47;291.19;9.63;1104;29;3639.00;120
9441;28;624962815;9441;316;10546;10663;7.79;0.48;291.17;9.63;1105;29;3640.00;117
9442;28;624962831;9442;313;10546;10663;7.89;0.48;291.17;9.63;1104;29;3641.00;117
9449;28;624962849;9449;310;10549;10667;7.90;0.48;291.34;9.63;1100;29;3642.00;118
9449;28;624962877;9449;301;10549;10667;7.95;0.49;291.34;9.63;1100;29;3643.00;118
9453;28;624962911;9453;300;10553;10671;8.01;0.49;291.48;9.63;1100;29;3644.00;118
9456;28;624962934;9456;302;10555;10673;8.01;0.49;291.52;9.62;1099;29;3645.00;118
9461;28;624962966;9461;306;10555;10673;7.99;0.49;291.63;9.62;1094;29;3646.00;118
9465;28;624962988;9465;302;10555;10673;8.00;0.49;291.72;9.62;1090;29;3647.00;118
9470;28;624963004;9470;298;10564;10686;8.02;0.49;291.77;9.62;1094;29;3648.00;122
9478;28;624963026;9478;295;10564;10686;7.96;0.48;291.88;9.62;1086;29;3649.00;122
9480;28;624963044;9480;296;10564;10686;7.98;0.48;291.91;9.62;1084;29;3650.00;122
9485;28;624963069;9485;293;10565;10687;7.94;0.48;292.05;9.61;1080;29;3651.00;122
9487;28;624963090;9487;295;10565;10688;7.95;0.48;292.09;9.61;1078;29;3652.00;123
9488;28;624963112;9488;295;10565;10688;7.99;0.49;292.08;9.61;1077;29;3653.00;123
9492;28;624963140;9492;296;10567;10691;7.96;0.48;292.12;9.61;1075;29;3654.00;124
9496;28;624963161;9496;294;10567;10691;7.90;0.48;292.15;9.61;1071;29;3655.00;124
9498;28;624963178;9498;298;10568;10691;7.90;0.48;292.16;9.61;1070;29;3656.00;123
9499;28;624963199;9499;292;10568;10691;7.86;0.48;292.17;9.61;1069;29;3657.00;123
9502;28;624963218;9502;289;10573;10697;7.87;0.48;292.15;9.61;1071;29;3658.00;124
9506;28;624963235;9506;288;10573;10697;7.88;0.48;292.23;9.61;1067;29;3659.00;124
9507;28;624963255;9507;286;10573;10697;7.88;0.48;292.21;9.61;1066;29;3660.00;124
9509;28;624963273;9509;292;10573;10697;7.81;0.48;292.29;9.61;1064;29;3661.00;124
9513;28;624963295;9513;292;10576;10701;7.73;0.47;292.33;9.61;1063;29;3662.00;125
9514;28;624963312;9514;294;10577;10702;7.72;0.47;292.35;9.60;1063;29;3663.00;125
9516;28;624963336;9516;294;10577;10702;7.71;0.47;292.36;9.60;1061;29;3664.00;125
9520;28;624963353;9520;294;10578;10703;7.73;0.47;292.50;9.60;1058;29;3665.00;125
9524;28;624963372;9524;297;10579;10703;7.68;0.47;292.67;9.71;1055;29;3666.00;124
9527;28;624963392;9527;300;10579;10703;7.64;0.46;292.67;9.71;1052;29;3667.00;124
9535;28;624963410;9535;303;10579;10703;7.55;0.46;292.74;9.71;1044;29;3668.00;124
9536;28;624963429;9536;293;10580;10703;7.53;0.46;292.74;9.72;1044;29;3669.00;123
9539;28;624963445;9539;297;10580;10703;7.50;0.46;292.76;9.72;1041;29;3670.00;123
9542;28;624963460;9542;299;10580;10703;7.43;0.45;292.76;9.72;1038;29;3671.00;123
9544;28;624963478;9544;295;10610;10773;7.37;0.45;292.79;9.69;1066;29;3672.00;163
9549;28;624963504;9549;287;10610;10774;7.25;0.44;292.87;9.69;1061;29;3673.00;164
9554;28;624963522;9554;286;10616;10774;7.18;0.44;292.85;9.68;1062;29;3674.00;158
9557;28;624963541;9557;281;10621;10774;7.07;0.43;292.83;9.71;1064;29;3675.00;153
9562;28;624963561;9562;280;10625;10774;7.04;0.43;292.79;9.71;1063;29;3676.00;149
9564;28;624963580;9564;289;10630;10774;7.05;0.43;292.76;9.70;1066;29;3677.00;144
9567;28;624963604;9567;287;10633;10774;7.03;0.43;292.82;9.70;1066;29;3678.00;141
9569;28;624963623;9569;283;10636;10774;7.03;0.43;292.91;9.70;1067;29;3679.00;138
9573;28;624963645;9573;286;10638;10775;7.04;0.43;292.91;9.70;1065;29;3680.00;137
9574;28;624963666;9574;286;10640;10776;7.01;0.43;292.95;9.70;1066;29;3681.00;136
9579;28;624963684;9579;294;10643;10776;6.95;0.42;292.94;9.81;1064;29;3682.00;133
9580;28;624963702;9580;289;10647;10780;6.94;0.42;292.95;9.81;1067;29;3683.00;133
9583;28;624963720;9583;294;10648;10780;6.90;0.42;292.92;9.81;1065;29;3684.00;132
9586;28;624963738;9586;295;10649;10780;6.83;0.42;292.88;9.92;1063;29;3685.00;131
9590;28;624963756;9590;302;10649;10780;6.77;0.41;292.85;9.92;1059;29;3686.00;131
9593;28;624963782;9593;309;10654;10786;6.76;0.41;292.86;9.92;1061;29;3687.00;132
9594;28;624963799;9594;313;10655;10786;6.73;0.41;292.85;10.02;1061;29;3688.00;131
9597;28;624963820;9597;313;10656;10786;6.67;0.41;292.88;10.03;1059;29;3689.00;130
9600;28;624963844;9600;313;10660;10792;6.67;0.41;292.85;10.03;1060;29;3690.00;132
9604;28;624963864;9604;309;10663;10792;6.61;0.40;292.89;10.03;1059;29;3691.00;129
9606;28;624963878;9606;312;10665;10792;6.60;0.40;292.86;10.03;1059;29;3692.00;127
9608;28;624963891;9608;309;10665;10793;6.55;0.40;292.87;10.03;1057;29;3693.00;128
9609;28;624963904;9609;312;10669;10794;6.48;0.40;292.85;10.04;1060;29;3694.00;125
9611;28;624963916;9611;318;10669;10794;6.42;0.39;292.84;10.04;1058;29;3695.00;125
9615;28;624963928;9615;327;10679;10807;6.40;0.39;292.76;10.04;1064;29;3696.00;128
9617;28;624963941;9617;329;10680;10807;6.33;0.39;292.72;10.05;1063;29;3697.00;127
9621;28;624963953;9621;334;10681;10807;6.31;0.38;292.73;10.05;1060;29;3698.00;126
9622;28;624963964;9622;344;10684;10808;6.29;0.38;292.70;10.06;1062;29;3699.00;124
9624;28;624963977;9624;347;10686;10808;6.24;0.38;292.70;10.08;1062;29;3700.00;122
9626;28;624963992;9626;357;10690;10812;6.27;0.38;292.69;10.08;1064;29;3701.00;122
9630;28;624964004;9630;368;10693;10812;6.21;0.38;292.61;10.11;1063;29;3702.00;119
9634;28;624964015;9634;376;10696;10816;6.17;0.38;292.61;10.11;1062;29;3703.00;120
9635;28;624964027;9635;380;10697;10816;6.17;0.38;292.61;10.11;1062;29;3704.00;119
9637;28;624964037;9637;385;10698;10816;6.16;0.38;292.64;10.12;1061;29;3705.00;118
9638;28;624964048;9638;394;10700;10816;6.10;0.37;292.61;10.14;1062;29;3706.00;116
9640;28;624964060;9640;396;10701;10816;6.01;0.37;292.63;10.15;1061;29;3707.00;115
9642;28;624964071;9642;400;10712;10828;5.99;0.37;292.59;10.15;1070;29;3708.00;116
9644;28;624964082;9644;405;10715;10828;5.87;0.36;292.57;10.17;1071;29;3709.00;113
9648;28;624964093;9648;406;10715;10828;5.72;0.35;292.49;10.17;1067;29;3710.00;113
9649;28;624964104;9649;412;10716;10828;5.66;0.35;292.49;10.18;1067;29;3711.00;112
9650;28;624964114;9650;422;10721;10828;5.54;0.34;292.46;10.21;1071;29;3712.00;107
9652;28;624964125;9652;425;10721;10828;5.47;0.33;292.49;10.21;1069;29;3713.00;107
9653;28;624964135;9653;426;10724;10829;5.39;0.33;292.50;10.23;1071;29;3714.00;105
9656;28;624964146;9656;421;10725;10829;5.34;0.33;292.51;10.24;1069;29;3715.00;104
9656;28;624964157;9656;417;10731;10835;5.41;0.33;292.51;10.24;1075;29;3716.00;104
9658;28;624964168;9658;416;10733;10836;5.35;0.33;292.54;10.24;1075;29;3717.00;103
9659;28;624964179;9659;409;10733;10836;5.35;0.33;292.53;10.24;1074;29;3718.00;103
9660;28;624964190;9660;401;10736;10836;5.35;0.33;292.52;10.27;1076;29;3719.00;100
9660;29;624964202;9660;391;10740;10841;5.40;0.33;292.52;10.26;1080;30;3720.00;101
9662;29;624964224;9662;387;10743;10841;5.37;0.33;292.47;10.29;1081;30;3721.00;98
9664;29;624964241;9664;386;10744;10841;5.39;0.33;292.52;10.29;1080;30;3722.00;97
9666;29;624964252;9666;377;10746;10842;5.46;0.33;292.51;10.30;1080;30;3723.00;96
9667;29;624964263;9667;377;10751;10846;5.55;0.34;292.50;10.30;1084;30;3724.00;95
9669;29;624964275;9669;368;10751;10846;5.58;0.34;292.47;10.30;1082;30;3725.00;95
9670;29;624964286;9670;368;10755;10849;5.64;0.34;292.45;10.31;1085;30;3726.00;94
9671;29;624964297;9671;367;10756;10849;5.70;0.35;292.45;10.31;1085;30;3727.00;93
9672;29;624964309;9672;366;10757;10849;5.73;0.35;292.45;10.32;1085;30;3728.00;92
9673;29;624964325;9673;369;10757;10849;5.75;0.35;292.44;10.32;1084;30;3729.00;92
9675;29;624964342;9675;367;10761;10853;5.79;0.35;292.43;10.31;1086;30;3730.00;92
9677;29;624964353;9677;367;10762;10853;5.74;0.35;292.39;10.32;1085;30;3731.00;91
9679;29;624964365;9679;365;10764;10853;5.74;0.35;292.37;10.33;1085;30;3732.00;89
9683;29;624964376;9683;364;10765;10853;5.63;0.34;292.30;10.34;1082;30;3733.00;88
9685;29;624964387;9685;369;10765;10854;5.59;0.34;292.29;10.34;1080;30;3734.00;89
9688;29;624964398;9688;370;10767;10856;5.51;0.33;292.31;10.34;1079;30;3735.00;89
9690;29;624964410;9690;368;10768;10856;5.48;0.33;292.28;10.34;1078;30;3736.00;88
9693;29;624964421;9693;370;10771;10857;5.47;0.33;292.27;10.35;1078;30;3737.00;86
9696;29;624964432;9696;376;10772;10857;5.46;0.33;292.31;10.35;1076;30;3738.00;85
9700;29;624964442;9700;374;10772;10857;5.44;0.33;292.30;10.35;1072;30;3739.00;85
9702;29;624964453;9702;361;10773;10857;5.47;0.33;292.27;10.36;1071;30;3740.00;84
9705;29;624964464;9705;355;10774;10857;5.44;0.33;292.35;10.36;1069;30;3741.00;83
9709;29;624964475;9709;350;10775;10857;5.43;0.33;292.41;10.37;1066;30;3742.00;82
9711;29;624964486;9711;352;10776;10857;5.44;0.33;292.46;10.37;1065;30;3743.00;81
9713;29;624964497;9713;366;10841;10984;5.83;0.36;292.52;10.31;1128;30;3744.00;143
9715;29;624964517;9715;370;10845;10985;5.85;0.36;292.51;10.31;1130;30;3745.00;140
9720;29;624964529;9720;363;10855;10985;5.86;0.36;292.63;10.30;1135;30;3746.00;130
9722;29;624964541;9722;359;10861;10985;5.89;0.37;292.63;10.29;1139;30;3747.00;124
9724;29;624964553;9724;357;10868;10985;5.87;0.37;292.65;10.40;1144;30;3748.00;117
9727;29;624964571;9727;360;10870;10985;5.85;0.36;292.64;10.40;1143;30;3749.00;115
9727;29;624964585;9727;364;10874;10990;5.84;0.36;292.64;10.39;1147;30;3750.00;116
9730;29;624964603;9730;362;10876;10990;5.85;0.36;292.66;10.39;1146;30;3751.00;114
9735;29;624964615;9735;366;10879;10991;5.86;0.36;292.73;10.39;1144;30;3752.00;112
9739;29;624964634;9739;361;10884;10992;5.90;0.36;292.78;10.39;1145;30;3753.00;108
9742;29;624964649;9742;362;10886;10992;5.95;0.37;292.82;10.39;1144;30;3754.00;106
9745;29;624964663;9745;366;10888;10993;6.00;0.37;292.79;10.39;1143;30;3755.00;105
9747;29;624964677;9747;369;10892;10993;6.01;0.37;292.88;10.39;1145;30;3756.00;101
9751;29;624964690;9751;364;10895;10993;6.06;0.38;292.95;10.39;1144;30;3757.00;98
9754;29;624964704;9754;361;10898;10993;6.16;0.38;293.00;10.39;1144;30;3758.00;95
9761;29;624964718;9761;361;10902;10997;6.14;0.38;293.00;10.39;1141;30;3759.00;95
9766;29;624964733;9766;358;10904;10997;6.13;0.38;293.11;10.39;1138;30;3760.00;93
9771;29;624964747;9771;356;10905;10997;6.14;0.38;293.09;10.39;1134;30;3761.00;92
9776;29;624964760;9776;358;10906;11000;6.09;0.37;293.14;10.39;1130;30;3762.00;94
9781;29;624964775;9781;364;10907;11000;6.08;0.37;293.16;10.39;1126;30;3763.00;93
9781;29;624964789;9781;356;10908;11000;6.10;0.38;293.16;10.39;1127;30;3764.00;92
9787;29;624964802;9787;361;10913;11004;6.13;0.38;293.21;10.39;1126;30;3765.00;91
9795;29;624964817;9795;355;10915;11005;6.05;0.37;293.23;10.38;1120;30;3766.00;90
9800;29;624964836;9800;359;10916;11005;6.05;0.37;293.22;10.49;1116;30;3767.00;89
9806;29;624964849;9806;361;10919;11009;6.03;0.37;293.25;10.48;1113;30;3768.00;90
9810;29;624964869;9810;364;10919;11009;5.99;0.37;293.26;10.48;1109;30;3769.00;90
9813;29;624964891;9813;374;10919;11009;5.99;0.37;293.30;10.48;1106;30;3770.00;90
9816;29;624964917;9816;378;10920;11010;5.97;0.36;293.36;10.48;1104;30;3771.00;90
9820;29;624964937;9820;384;10920;11010;5.94;0.36;293.38;10.48;1100;30;3772.00;90
9824;29;624964956;9824;379;10925;11016;5.99;0.36;293.40;10.48;1101;30;3773.00;91
9829;29;624964976;9829;390;10925;11016;5.99;0.36;293.42;10.48;1096;30;3774.00;91
9831;29;624964990;9831;388;10925;11017;5.99;0.36;293.41;10.48;1094;30;3775.00;92
9836;29;624965004;9836;383;10925;11017;5.99;0.36;293.43;10.48;1089;30;3776.00;92
9840;29;624965019;9840;391;10925;11017;5.97;0.36;293.52;10.48;1085;30;3777.00;92
9841;29;624965033;9841;382;10925;11017;5.97;0.36;293.52;10.48;1084;30;3778.00;92
9844;29;624965045;9844;390;10925;11017;5.97;0.36;293.56;10.48;1081;30;3779.00;92
9847;29;624965061;9847;394;10950;11053;6.08;0.37;293.58;10.46;1103;30;3780.00;103
9850;29;624965077;9850;394;10951;11053;6.05;0.37;293.60;10.45;1101;30;3781.00;102
9852;29;624965091;9852;394;10954;11053;6.14;0.38;293.61;10.45;1102;30;3782.00;99
9856;29;624965104;9856;397;10954;11053;6.10;0.37;293.58;10.45;1098;30;3783.00;99
9861;29;624965116;9861;397;10955;11053;6.16;0.38;293.70;10.45;1094;30;3784.00;98
9863;29;624965130;9863;395;10956;11053;6.16;0.38;293.70;10.45;1093;30;3785.00;97
9866;29;624965144;9866;391;10959;11057;6.18;0.38;293.77;10.45;1093;30;3786.00;98
9869;29;624965158;9869;385;10959;11057;6.16;0.38;293.78;10.45;1090;30;3787.00;98
9870;29;624965172;9870;370;10963;11061;6.21;0.38;293.76;10.44;1093;30;3788.00;98
9874;29;624965185;9874;362;10964;11062;6.21;0.38;293.84;10.44;1090;30;3789.00;98
9877;29;624965200;9877;363;10964;11062;6.20;0.38;293.92;10.44;1087;30;3790.00;98
9880;29;624965214;9880;361;10964;11062;6.21;0.38;293.99;10.44;1084;30;3791.00;98
9882;29;624965228;9882;363;10975;11075;6.27;0.38;294.06;10.43;1093;30;3792.00;100
9887;29;624965243;9887;359;10975;11075;6.24;0.38;294.09;10.43;1088;30;3793.00;100
9888;29;624965257;9888;364;10975;11075;6.26;0.38;294.11;10.43;1087;30;3794.00;100
9893;29;624965271;9893;365;10977;11076;6.26;0.38;294.28;10.54;1084;30;3795.00;99
9896;29;624965291;9896;349;10977;11077;6.30;0.39;294.35;10.54;1081;30;3796.00;100
9897;29;624965305;9897;340;10977;11077;6.34;0.39;294.35;10.54;1080;30;3797.00;100
9901;29;624965325;9901;336;10979;11080;6.38;0.39;294.34;10.53;1078;30;3798.00;101
9904;29;624965340;9904;333;10979;11080;6.44;0.39;294.36;10.53;1075;30;3799.00;101
9905;29;624965354;9905;329;10980;11080;6.49;0.40;294.40;10.53;1075;30;3800.00;100
9905;29;624965372;9905;320;10980;11080;6.56;0.40;294.40;10.53;1075;30;3801.00;100
9905;29;624965386;9905;318;10985;11086;6.60;0.40;294.40;10.53;1080;30;3802.00;101
9909;29;624965401;9909;313;10985;11086;6.64;0.41;294.37;10.53;1076;30;3803.00;101
9911;29;624965416;9911;316;10985;11086;6.68;0.41;294.38;10.53;1074;30;3804.00;101
9915;29;624965430;9915;310;10985;11086;6.73;0.41;294.45;10.53;1070;30;3805.00;101
9920;29;624965444;9920;315;10988;11090;6.69;0.41;294.52;10.53;1068;30;3806.00;102
9925;29;624965461;9925;309;10989;11091;6.73;0.41;294.53;10.53;1064;30;3807.00;102
9929;29;624965476;9929;304;10989;11091;6.80;0.41;294.56;10.53;1060;30;3808.00;102
9933;29;624965490;9933;306;10990;11092;6.84;0.42;294.55;10.53;1057;30;3809.00;102
9935;29;624965507;9935;299;10991;11092;6.88;0.42;294.54;10.63;1056;30;3810.00;101
9938;29;624965521;9938;291;10991;11092;6.97;0.42;294.59;10.63;1053;30;3811.00;101
9938;29;624965534;9938;294;10991;11092;7.04;0.43;294.59;10.63;1053;30;3812.00;101
9940;29;624965548;9940;288;10991;11092;7.06;0.43;294.62;10.63;1051;30;3813.00;101
9940;29;624965562;9940;280;10991;11092;7.09;0.43;294.62;10.63;1051;30;3814.00;101
9945;29;624965577;9945;286;10991;11092;7.12;0.43;294.61;10.63;1046;30;3815.00;101
9948;29;624965592;9948;296;11026;11162;7.13;0.43;294.66;10.59;1078;30;3816.00;136
9952;29;624965617;9952;277;11027;11163;7.18;0.44;294.69;10.59;1075;30;3817.00;136
9954;29;624965632;9954;274;11033;11163;7.23;0.44;294.76;10.59;1079;30;3818.00;130
9958;29;624965646;9958;268;11036;11163;7.31;0.45;294.78;10.59;1078;30;3819.00;127
9961;29;624965663;9961;266;11041;11163;7.32;0.45;294.79;10.69;1080;30;3820.00;122
9963;29;624965678;9963;265;11046;11163;7.32;0.45;294.81;10.68;1083;30;3821.00;117
9964;29;624965695;9964;262;11049;11163;7.38;0.45;294.82;10.68;1085;30;3822.00;114
9966;29;624965709;9966;264;11051;11163;7.38;0.45;294.82;10.68;1085;30;3823.00;112
9968;29;624965723;9968;274;11052;11164;7.41;0.45;294.90;10.68;1084;30;3824.00;112
9972;29;624965737;9972;268;11056;11166;7.46;0.45;294.93;10.68;1084;30;3825.00;110
9973;29;624965752;9973;269;11058;11166;7.50;0.46;294.94;10.68;1085;30;3826.00;108
9978;29;624965766;9978;276;11062;11170;7.52;0.46;295.01;10.68;1084;30;3827.00;108
9981;29;624965781;9981;274;11063;11170;7.52;0.46;295.03;10.68;1082;30;3828.00;107
9981;29;624965796;9981;278;11063;11170;7.54;0.46;295.03;10.68;1082;30;3829.00;107
9987;29;624965809;9987;278;11063;11170;7.56;0.46;295.01;10.68;1076;30;3830.00;107
9990;29;624965823;9990;278;11067;11176;7.56;0.46;294.99;10.67;1077;30;3831.00;109
9992;29;624965838;9992;278;11067;11176;7.54;0.46;294.98;10.67;1075;30;3832.00;109
9993;29;624965852;9993;277;11067;11176;7.49;0.46;294.97;10.67;1074;30;3833.00;109
9997;29;624965866;9997;277;11069;11179;7.48;0.45;294.96;10.67;1072;30;3834.00;110
10000;29;624965881;10000;285;11069;11179;7.43;0.45;294.99;10.67;1069;30;3835.00;110
10002;29;624965895;10002;286;11070;11179;7.44;0.45;295.01;10.67;1068;30;3836.00;109
10004;29;624965909;10004;288;11070;11180;7.45;0.45;295.00;10.67;1066;30;3837.00;110
10008;29;624965922;10008;294;11071;11181;7.39;0.45;295.03;10.67;1063;30;3838.00;110
10012;29;624965935;10012;295;11072;11181;7.31;0.45;295.03;10.77;1060;30;3839.00;109
10018;29;624965949;10018;302;11088;11207;7.17;0.44;295.01;10.75;1070;30;3840.00;119
10021;29;624965964;10021;303;11089;11207;7.09;0.43;294.98;10.75;1068;30;3841.00;118
10024;29;624965978;10024;297;11091;11207;6.99;0.43;294.94;10.75;1067;30;3842.00;116
10026;29;624965990;10026;304;11093;11208;6.92;0.42;294.94;10.75;1067;30;3843.00;115
10028;29;624966008;10028;300;11093;11208;6.86;0.42;294.92;10.75;1065;30;3844.00;115
10032;29;624966021;10032;300;11097;11212;6.84;0.42;294.92;10.76;1065;30;3845.00;115
10036;29;624966035;10036;296;11098;11214;6.79;0.41;294.89;10.76;1062;30;3846.00;116
10041;29;624966048;10041;298;11102;11218;6.75;0.41;294.91;10.75;1061;30;3847.00;116
10044;29;624966060;10044;301;11102;11218;6.74;0.41;294.96;10.75;1058;30;3848.00;116
10046;29;624966072;10046;301;11102;11218;6.76;0.41;294.94;10.75;1056;30;3849.00;116
10048;29;624966084;10048;293;11102;11218;6.73;0.41;294.93;10.75;1054;30;3850.00;116
10051;29;624966096;10051;297;11102;11218;6.61;0.40;294.90;10.75;1051;30;3851.00;116
10056;29;624966108;10056;298;11111;11230;6.55;0.40;294.84;10.75;1055;30;3852.00;119
10058;29;624966121;10058;302;11112;11230;6.51;0.40;294.83;10.74;1054;30;3853.00;118
10063;29;624966132;10063;307;11113;11230;6.46;0.39;294.82;10.74;1050;30;3854.00;117
10067;29;624966145;10067;310;11113;11230;6.46;0.39;294.77;10.74;1046;30;3855.00;117
10068;29;624966157;10068;320;11114;11230;6.45;0.39;294.75;10.74;1046;30;3856.00;116
10069;29;624966168;10069;329;11114;11230;6.43;0.39;294.73;10.74;1045;30;3857.00;116
10073;29;624966179;10073;333;11114;11231;6.39;0.39;294.73;10.74;1041;30;3858.00;117
10075;29;624966191;10075;339;11115;11231;6.33;0.38;294.75;10.75;1040;30;3859.00;116
10076;29;624966207;10076;344;11120;11237;6.33;0.38;294.75;10.74;1044;30;3860.00;117
10076;29;624966219;10076;346;11122;11238;6.27;0.38;294.75;10.75;1046;30;3861.00;116
10079;29;624966230;10079;351;11123;11238;6.17;0.37;294.70;10.76;1044;30;3862.00;115
10081;29;624966241;10081;358;11123;11238;6.09;0.37;294.67;10.76;1042;30;3863.00;115
10082;29;624966252;10082;360;11128;11242;6.02;0.36;294.67;10.75;1046;30;3864.00;114
10083;29;624966264;10083;364;11128;11242;5.89;0.36;294.64;10.75;1045;30;3865.00;114
10083;29;624966275;10083;369;11129;11242;5.81;0.35;294.64;10.76;1046;30;3866.00;113
10084;29;624966286;10084;361;11130;11243;5.80;0.35;294.61;10.76;1046;30;3867.00;113
10086;29;624966297;10086;360;11133;11247;5.77;0.35;294.58;10.76;1047;30;3868.00;114
10089;29;624966309;10089;353;11135;11247;5.75;0.35;294.52;10.78;1046;30;3869.00;112
10089;29;624966322;10089;339;11139;11253;5.78;0.35;294.52;10.77;1050;30;3870.00;114
10091;29;624966334;10091;336;11140;11253;5.77;0.35;294.59;10.77;1049;30;3871.00;113
10094;29;624966345;10094;330;11143;11253;5.80;0.35;294.60;10.79;1049;30;3872.00;110
10096;29;624966357;10096;329;11143;11253;5.84;0.36;294.62;10.79;1047;30;3873.00;110
10096;29;624966374;10096;332;11148;11257;5.94;0.36;294.62;10.80;1052;30;3874.00;109
10096;29;624966386;10096;333;11149;11257;6.00;0.37;294.62;10.80;1053;30;3875.00;108
10098;29;624966397;10098;336;11150;11257;6.00;0.37;294.62;10.81;1052;30;3876.00;107
10098;29;624966414;10098;335;11151;11257;6.01;0.37;294.62;10.82;1053;30;3877.00;106
10099;29;624966425;10099;338;11152;11258;5.95;0.36;294.61;10.83;1053;30;3878.00;106
10101;29;624966437;10101;343;11154;11259;5.95;0.36;294.64;10.83;1053;30;3879.00;105
10101;29;624966448;10101;341;11155;11259;5.92;0.36;294.64;10.84;1054;30;3880.00;104
10102;29;624966459;10102;350;11156;11260;5.88;0.36;294.69;10.84;1054;30;3881.00;104
10103;29;624966471;10103;351;11157;11260;5.85;0.36;294.68;10.84;1054;30;3882.00;103
10107;29;624966482;10107;353;11158;11260;5.81;0.36;294.68;10.86;1051;30;3883.00;102
10107;29;624966493;10107;350;11158;11260;5.76;0.35;294.68;10.86;1051;30;3884.00;102
10108;29;624966504;10108;349;11158;11260;5.75;0.35;294.68;10.86;1050;30;3885.00;102
10111;29;624966515;10111;355;11159;11260;5.69;0.35;294.70;10.87;1048;30;3886.00;101
10111;29;624966526;10111;351;11159;11260;5.68;0.35;294.70;10.87;1048;30;3887.00;101
10112;29;624966536;10112;377;11224;11387;5.90;0.37;294.70;10.82;1112;30;3888.00;163
10115;29;624966556;10115;362;11227;11388;5.90;0.37;294.76;10.83;1112;30;3889.00;161
10117;29;624966568;10117;356;11239;11388;5.97;0.37;294.79;10.83;1122;30;3890.00;149
10119;29;624966579;10119;358;11243;11388;5.97;0.37;294.81;10.83;1124;30;3891.00;145
10123;29;624966591;10123;354;11252;11388;5.95;0.37;294.86;10.82;1129;30;3892.00;136
10125;29;624966603;10125;354;11259;11388;5.90;0.37;294.92;10.85;1134;30;3893.00;129
10128;29;624966615;10128;350;11262;11388;5.84;0.36;295.04;10.85;1134;30;3894.00;126
10130;29;624966627;10130;350;11266;11388;5.80;0.36;295.03;10.85;1136;30;3895.00;122
10133;29;624966639;10133;352;11269;11389;5.78;0.36;295.09;10.85;1136;30;3896.00;120
10138;29;624966651;10138;360;11273;11390;5.72;0.35;295.22;10.85;1135;30;3897.00;117
10140;29;624966663;10140;361;11279;11390;5.71;0.35;295.30;10.88;1139;30;3898.00;111
10142;29;624966676;10142;368;11280;11391;5.69;0.35;295.34;10.88;1138;30;3899.00;111
10143;29;624966690;10143;370;11288;11406;5.66;0.35;295.32;10.88;1145;30;3900.00;118
10148;29;624966708;10148;380;11289;11406;5.57;0.34;295.28;10.88;1141;30;3901.00;117
10151;29;624966720;10151;388;11291;11406;5.50;0.34;295.28;10.88;1140;30;3902.00;115
10152;29;624966732;10152;401;11296;11410;5.51;0.34;295.27;10.88;1144;30;3903.00;114
10162;29;624966745;10162;398;11296;11410;5.42;0.33;295.24;10.88;1134;30;3904.00;114
10168;29;624966758;10168;399;11298;11410;5.36;0.33;295.25;10.89;1130;30;3905.00;112
10170;29;624966771;10170;410;11302;11413;5.35;0.33;295.25;10.89;1132;30;3906.00;111
10172;29;624966783;10172;407;11303;11413;5.38;0.33;295.22;10.89;1131;30;3907.00;110
10174;29;624966795;10174;414;11305;11413;5.38;0.33;295.25;10.90;1131;30;3908.00;108
10177;29;624966807;10177;416;11310;11417;5.35;0.33;295.31;10.91;1133;30;3909.00;107
10181;29;624966819;10181;406;11313;11418;5.42;0.33;295.29;10.91;1132;30;3910.00;105
10184;29;624966832;10184;399;11314;11418;5.43;0.33;295.32;10.91;1130;30;3911.00;104
10188;29;624966844;10188;399;11319;11422;5.42;0.33;295.38;10.91;1131;30;3912.00;103
10191;29;624966859;10191;400;11321;11422;5.38;0.33;295.38;10.92;1130;30;3913.00;101
10194;29;624966879;10194;394;11323;11422;5.35;0.33;295.42;10.92;1129;30;3914.00;99
10195;29;624966901;10195;389;11326;11424;5.38;0.33;295.43;10.92;1131;30;3915.00;98
10200;29;624966924;10200;385;11327;11424;5.37;0.33;295.47;10.93;1127;30;3916.00;97
10200;29;624966943;10200;380;11331;11430;5.47;0.33;295.47;10.92;1131;30;3917.00;99
10203;29;624966962;10203;377;11334;11430;5.53;0.34;295.49;10.93;1131;30;3918.00;96
10206;29;624966981;10206;373;11334;11431;5.62;0.34;295.50;10.93;1128;30;3919.00;97
10208;29;624966996;10208;373;11334;11431;5.69;0.35;295.61;10.93;1126;30;3920.00;97
10212;29;624967011;10212;367;11334;11431;5.71;0.35;295.62;10.93;1122;30;3921.00;97
10212;29;624967026;10212;369;11334;11431;5.76;0.35;295.62;10.93;1122;30;3922.00;97
10217;29;624967039;10217;367;11334;11431;5.75;0.35;295.65;10.93;1117;30;3923.00;97
10218;29;624967054;10218;374;11344;11443;5.82;0.36;295.66;10.92;1126;30;3924.00;99
10221;29;624967080;10221;364;11344;11443;5.87;0.36;295.68;10.92;1123;30;3925.00;99
10224;29;624967096;10224;358;11346;11443;5.95;0.36;295.69;10.92;1122;30;3926.00;97
10228;29;624967110;10228;357;11348;11443;5.96;0.37;295.80;10.92;1120;30;3927.00;95
10234;29;624967125;10234;351;11348;11443;5.96;0.36;295.82;10.92;1114;30;3928.00;95
10237;29;624967140;10237;351;11348;11443;5.99;0.37;295.82;10.92;1111;30;3929.00;95
10243;29;624967155;10243;351;11353;11447;5.94;0.36;295.82;10.92;1110;30;3930.00;94
10247;29;624967170;10247;358;11353;11447;5.94;0.36;295.89;10.92;1106;30;3931.00;94
10251;29;624967183;10251;355;11357;11451;5.94;0.36;295.90;10.92;1106;30;3932.00;94
10255;29;624967203;10255;359;11358;11452;5.96;0.36;295.90;10.92;1103;30;3933.00;94
10263;29;624967217;10263;360;11358;11452;5.93;0.36;296.07;10.92;1095;30;3934.00;94
10264;29;624967231;10264;359;11358;11452;5.86;0.36;296.08;10.92;1094;30;3935.00;94
10270;29;624967243;10270;368;11368;11465;5.85;0.36;296.18;10.91;1098;30;3936.00;97
10273;29;624967258;10273;370;11369;11465;5.85;0.36;296.25;10.91;1096;30;3937.00;96
10277;29;624967271;10277;364;11369;11465;5.84;0.36;296.35;10.91;1092;30;3938.00;96
10285;29;624967284;10285;364;11370;11466;5.85;0.36;296.48;10.91;1085;30;3939.00;96
10290;29;624967298;10290;367;11370;11467;5.87;0.36;296.49;10.91;1080;30;3940.00;97
10293;29;624967311;10293;365;11370;11467;5.93;0.36;296.58;10.91;1077;30;3941.00;97
10298;29;624967324;10298;360;11372;11470;5.98;0.36;296.67;10.90;1074;30;3942.00;98
10299;29;624967338;10299;364;11372;11470;5.98;0.36;296.66;10.90;1073;30;3943.00;98
10301;29;624967351;10301;362;11373;11470;5.94;0.36;296.69;10.90;1072;30;3944.00;97
10306;29;624967363;10306;362;11373;11470;5.88;0.36;296.66;10.90;1067;30;3945.00;97
10309;29;624967376;10309;362;11378;11476;5.89;0.36;296.66;10.90;1069;30;3946.00;98
10314;29;624967390;10314;359;11378;11476;5.82;0.35;296.64;10.90;1064;30;3947.00;98
10318;29;624967404;10318;360;11378;11476;5.75;0.35;296.63;10.90;1060;30;3948.00;98
10321;29;624967417;10321;365;11378;11476;5.75;0.35;296.65;10.90;1057;30;3949.00;98
10325;29;624967429;10325;365;11381;11480;5.73;0.35;296.62;10.90;1056;30;3950.00;99
10333;29;624967443;10333;367;11382;11481;5.70;0.35;296.65;10.90;1049;30;3951.00;99
10336;29;624967455;10336;365;11382;11481;5.75;0.35;296.66;10.90;1046;30;3952.00;99
10339;29;624967469;10339;365;11383;11482;5.78;0.35;296.68;10.89;1044;30;3953.00;99
10342;29;624967482;10342;366;11383;11482;5.80;0.35;296.82;10.89;1041;30;3954.00;99
10345;29;624967495;10345;372;11383;11482;5.80;0.35;296.79;10.89;1038;30;3955.00;99
10349;29;624967507;10349;379;11383;11482;5.77;0.35;296.91;10.89;1034;30;3956.00;99
10352;29;624967520;10352;366;11383;11482;5.79;0.35;297.02;10.89;1031;30;3957.00;99
10354;29;624967533;10354;362;11383;11482;5.82;0.36;297.00;10.89;1029;30;3958.00;99
10357;29;624967546;10357;358;11383;11482;5.83;0.36;297.06;10.89;1026;30;3959.00;99
10359;29;624967560;10359;384;11455;11607;5.96;0.37;297.09;10.83;1096;30;3960.00;152
10362;29;624967582;10362;373;11457;11608;6.02;0.37;297.21;10.82;1095;30;3961.00;151
10365;29;624967596;10365;366;11463;11608;6.09;0.38;297.26;10.82;1098;30;3962.00;145
10366;29;624967609;10366;360;11463;11608;6.13;0.38;297.27;10.82;1097;30;3963.00;145
10372;29;624967622;10372;368;11467;11608;6.21;0.38;297.44;10.82;1095;30;3964.00;141
10374;29;624967636;10374;370;11468;11608;6.29;0.39;297.43;10.82;1094;30;3965.00;140
10377;29;624967650;10377;358;11472;11608;6.38;0.39;297.48;10.82;1095;30;3966.00;136
10377;29;624967664;10377;347;11475;11608;6.43;0.40;297.48;10.81;1098;30;3967.00;133
10380;29;624967677;10380;343;11479;11609;6.47;0.40;297.54;10.92;1099;30;3968.00;130
10383;29;624967693;10383;343;11483;11610;6.49;0.40;297.55;10.92;1100;30;3969.00;127
10386;29;624967707;10386;347;11486;11610;6.42;0.40;297.57;10.92;1100;30;3970.00;124
10389;29;624967722;10389;349;11490;11614;6.37;0.39;297.59;10.92;1101;30;3971.00;124
10394;29;624967736;10394;360;11491;11614;6.34;0.39;297.60;10.92;1097;30;3972.00;123
10394;29;624967750;10394;363;11492;11614;6.39;0.39;297.60;10.92;1098;30;3973.00;122
10398;29;624967764;10398;362;11493;11614;6.39;0.39;297.66;10.92;1095;30;3974.00;121
10398;29;624967787;10398;366;11498;11620;6.42;0.39;297.66;10.91;1100;30;3975.00;122
10400;29;624967803;10400;372;11499;11620;6.41;0.39;297.71;10.91;1099;30;3976.00;121
10405;29;624967817;10405;364;11499;11620;6.41;0.39;297.82;10.91;1094;30;3977.00;121
10409;29;624967831;10409;370;11501;11623;6.47;0.39;297.81;10.91;1092;30;3978.00;122
10414;29;624967847;10414;376;11501;11623;6.50;0.40;297.82;10.91;1087;30;3979.00;122
10417;29;624967866;10417;374;11501;11623;6.51;0.40;297.88;10.91;1084;30;3980.00;122
10419;29;624967881;10419;371;11502;11624;6.53;0.40;297.91;10.91;1083;30;3981.00;122
10422;29;624967895;10422;369;11503;11625;6.55;0.40;297.91;10.91;1081;30;3982.00;122
10423;29;624967910;10423;370;11503;11625;6.54;0.40;297.91;10.91;1080;30;3983.00;122
10425;29;624967923;10425;370;11513;11638;6.47;0.39;297.89;10.90;1088;30;3984.00;125
10428;29;624967937;10428;371;11513;11638;6.41;0.39;297.89;10.90;1085;30;3985.00;125
10431;29;624967950;10431;367;11513;11638;6.39;0.39;297.91;10.90;1082;30;3986.00;125
10434;29;624967963;10434;373;11515;11639;6.40;0.39;298.02;10.90;1081;30;3987.00;124
10437;29;624967977;10437;373;11515;11639;6.42;0.39;298.14;10.90;1078;30;3988.00;124
10440;29;624967990;10440;377;11518;11643;6.44;0.39;298.25;10.89;1078;30;3989.00;125
10442;29;624968005;10442;382;11520;11643;6.43;0.39;298.31;11.00;1078;30;3990.00;123
10446;29;624968018;10446;380;11523;11647;6.43;0.39;298.37;11.00;1077;30;3991.00;124
10447;29;624968031;10447;383;11523;11647;6.50;0.39;298.42;11.00;1076;30;3992.00;124
10448;29;624968044;10448;388;11523;11647;6.48;0.39;298.45;11.00;1075;30;3993.00;124
10450;29;624968056;10450;386;11523;11647;6.42;0.39;298.42;11.00;1073;30;3994.00;124
10451;29;624968069;10451;392;11523;11647;6.40;0.39;298.43;11.00;1072;30;3995.00;124
10456;29;624968081;10456;396;11532;11659;6.32;0.38;298.36;10.99;1076;30;3996.00;127
10458;29;624968094;10458;398;11533;11659;6.27;0.38;298.33;10.99;1075;30;3997.00;126
10460;29;624968106;10460;401;11534;11659;6.23;0.38;298.32;10.99;1074;30;3998.00;125
10462;29;624968118;10462;406;11534;11659;6.17;0.38;298.29;10.99;1072;30;3999.00;125
10463;29;624968133;10463;409;11534;11659;6.12;0.37;298.27;10.99;1071;30;4000.00;125
10465;29;624968149;10465;413;11534;11659;6.07;0.37;298.28;10.99;1069;30;4001.00;125
10471;29;624968161;10471;410;11534;11660;6.03;0.37;298.24;10.99;1063;30;4002.00;126
10471;29;624968173;10471;416;11534;11660;6.01;0.37;298.24;10.99;1063;30;4003.00;126
10473;29;624968185;10473;418;11539;11666;5.97;0.36;298.25;10.98;1066;30;4004.00;127
10473;29;624968197;10473;415;11541;11668;5.97;0.36;298.25;10.98;1068;30;4005.00;127
10476;29;624968210;10476;416;11541;11668;5.89;0.36;298.24;10.98;1065;30;4006.00;127
10478;29;624968222;10478;414;11541;11668;5.84;0.35;298.22;10.98;1063;30;4007.00;127
10481;29;624968234;10481;415;11543;11672;5.82;0.35;298.18;10.98;1062;30;4008.00;129
10483;29;624968246;10483;410;11544;11672;5.81;0.35;298.16;10.98;1061;30;4009.00;128
10484;29;624968257;10484;409;11544;11672;5.78;0.35;298.15;10.98;1060;30;4010.00;128
10485;29;624968268;10485;414;11545;11673;5.74;0.35;298.14;10.98;1060;30;4011.00;128
10488;29;624968279;10488;409;11548;11677;5.73;0.35;298.10;10.98;1060;30;4012.00;129
10490;29;624968291;10490;410;11548;11677;5.67;0.34;298.07;10.98;1058;30;4013.00;129
10492;29;624968302;10492;405;11551;11680;5.69;0.35;298.18;10.99;1059;30;4014.00;129
10493;29;624968315;10493;410;11553;11680;5.69;0.35;298.19;11.00;1060;30;4015.00;127
10493;29;624968326;10493;409;11553;11680;5.72;0.35;298.19;11.00;1060;30;4016.00;127
10494;29;624968337;10494;408;11553;11680;5.70;0.35;298.18;11.00;1059;30;4017.00;127
10498;29;624968349;10498;406;11557;11684;5.71;0.35;298.14;10.99;1059;30;4018.00;127
10501;29;624968361;10501;406;11557;11684;5.71;0.35;298.11;10.99;1056;30;4019.00;127
10503;29;624968374;10503;393;11557;11684;5.72;0.35;298.12;10.99;1054;30;4020.00;127
10506;29;624968386;10506;387;11557;11684;5.69;0.34;298.12;10.99;1051;30;4021.00;127
10506;29;624968397;10506;382;11557;11685;5.69;0.34;298.12;10.99;1051;30;4022.00;128
10506;29;624968409;10506;378;11558;11686;5.71;0.35;298.12;10.99;1052;30;4023.00;128
10508;29;624968421;10508;377;11558;11686;5.72;0.35;298.10;10.99;1050;30;4024.00;128
10509;29;624968433;10509;371;11559;11687;5.72;0.35;298.07;10.99;1050;30;4025.00;128
10510;29;624968450;10510;371;11559;11687;5.75;0.35;298.05;10.99;1049;30;4026.00;128
10510;29;624968464;10510;369;11559;11687;5.73;0.35;298.05;10.99;1049;30;4027.00;128
10511;30;624968478;10511;373;11559;11687;5.76;0.35;298.05;10.99;1048;31;4028.00;128
10512;30;624968502;10512;371;11559;11687;5.81;0.35;298.05;10.99;1047;31;4029.00;128
10512;30;624968513;10512;372;11559;11687;5.88;0.36;298.05;10.99;1047;31;4030.00;128
10514;30;624968531;10514;371;11559;11687;5.87;0.36;298.03;10.99;1045;31;4031.00;128
10515;30;624968542;10515;391;11629;11814;6.06;0.37;298.02;10.93;1114;31;4032.00;185
10517;30;624968563;10517;385;11631;11815;6.06;0.37;297.98;10.92;1114;31;4033.00;184
10518;30;624968576;10518;385;11639;11815;6.14;0.38;297.98;10.92;1121;31;4034.00;176
10519;30;624968588;10519;378;11641;11815;6.12;0.38;297.97;10.92;1122;31;4035.00;174
10521;30;624968600;10521;371;11647;11815;6.13;0.38;297.97;10.92;1126;31;4036.00;168
10523;30;624968611;10523;368;11649;11815;6.13;0.38;297.97;10.92;1126;31;4037.00;166
10524;30;624968624;10524;374;11650;11815;6.15;0.38;297.97;10.92;1126;31;4038.00;165
10526;30;624968636;10526;374;11654;11815;6.20;0.38;298.01;10.93;1128;31;4039.00;161
10529;30;624968649;10529;379;11656;11816;6.21;0.38;298.04;10.94;1127;31;4040.00;160
10532;30;624968667;10532;379;11662;11817;6.23;0.38;298.05;10.94;1130;31;4041.00;155
10534;30;624968681;10534;388;11665;11817;6.27;0.38;298.06;10.94;1131;31;4042.00;152
10535;30;624968694;10535;394;11668;11818;6.16;0.38;298.13;10.96;1133;31;4043.00;150
10537;30;624968712;10537;400;11669;11818;6.09;0.37;298.14;10.96;1132;31;4044.00;149
10540;30;624968729;10540;399;11673;11818;5.97;0.37;298.19;10.98;1133;31;4045.00;145
10542;30;624968743;10542;403;11674;11818;5.84;0.36;298.20;10.98;1132;31;4046.00;144
10543;30;624968756;10543;423;11681;11822;5.78;0.35;298.28;10.99;1138;31;4047.00;141
10544;30;624968771;10544;421;11684;11822;5.75;0.35;298.29;10.99;1140;31;4048.00;138
10546;30;624968784;10546;428;11688;11822;5.70;0.35;298.26;11.01;1142;31;4049.00;134
10547;30;624968799;10547;427;11694;11828;5.67;0.35;298.29;11.02;1147;31;4050.00;134
10549;30;624968813;10549;432;11695;11828;5.68;0.35;298.29;11.03;1146;31;4051.00;133
10550;30;624968826;10550;433;11698;11828;5.65;0.35;298.34;11.04;1148;31;4052.00;130
10553;30;624968840;10553;437;11703;11832;5.59;0.34;298.33;11.05;1150;31;4053.00;129
10557;30;624968853;10557;438;11705;11833;5.58;0.34;298.43;11.05;1148;31;4054.00;128
10559;30;624968873;10559;436;11707;11833;5.55;0.34;298.52;11.06;1148;31;4055.00;126
10561;30;624968894;10561;433;11713;11837;5.55;0.34;298.58;11.07;1152;31;4056.00;124
10563;30;624968915;10563;441;11715;11837;5.50;0.34;298.56;11.07;1152;31;4057.00;122
10565;30;624968944;10565;441;11716;11837;5.45;0.34;298.58;11.08;1151;31;4058.00;121
10567;30;624968963;10567;444;11718;11838;5.40;0.33;298.61;11.08;1151;31;4059.00;120
10570;30;624968980;10570;453;11718;11838;5.37;0.33;298.66;11.08;1148;31;4060.00;120
10574;30;624968996;10574;455;11724;11844;5.40;0.33;298.69;11.08;1150;31;4061.00;120
10576;30;624969010;10576;452;11726;11844;5.38;0.33;298.85;11.10;1150;31;4062.00;118
10580;30;624969025;10580;452;11726;11845;5.33;0.33;298.92;11.10;1146;31;4063.00;119
10585;30;624969038;10585;456;11728;11845;5.30;0.32;298.97;11.12;1143;31;4064.00;117
10589;30;624969051;10589;447;11728;11845;5.30;0.32;299.03;11.12;1139;31;4065.00;117
10592;30;624969064;10592;449;11730;11845;5.28;0.32;299.08;11.14;1138;31;4066.00;115
10596;30;624969078;10596;449;11730;11845;5.28;0.32;299.11;11.14;1134;31;4067.00;115
10598;30;624969101;10598;453;11740;11857;5.32;0.32;299.20;11.13;1142;31;4068.00;117
10599;30;624969115;10599;456;11742;11857;5.33;0.33;299.20;11.15;1143;31;4069.00;115
10603;30;624969128;10603;461;11743;11857;5.34;0.33;299.28;11.14;1140;31;4070.00;114
10605;30;624969140;10605;457;11745;11857;5.37;0.33;299.33;11.16;1140;31;4071.00;112
10607;30;624969152;10607;452;11745;11857;5.40;0.33;299.37;11.16;1138;31;4072.00;112
10611;30;624969167;10611;454;11745;11857;5.42;0.33;299.43;11.16;1134;31;4073.00;112
10615;30;624969180;10615;447;11750;11861;5.42;0.33;299.53;11.17;1135;31;4074.00;111
10619;30;624969193;10619;445;11750;11861;5.44;0.33;299.51;11.17;1131;31;4075.00;111
10625;30;624969214;10625;444;11756;11865;5.42;0.33;299.50;11.18;1131;31;4076.00;109
10627;30;624969237;10627;440;11757;11866;5.40;0.33;299.50;11.18;1130;31;4077.00;109
10630;30;624969254;10630;430;11759;11866;5.36;0.33;299.57;11.19;1129;31;4078.00;107
10636;30;624969267;10636;429;11759;11866;5.30;0.32;299.60;11.19;1123;31;4079.00;107
10638;30;624969282;10638;425;11782;11895;5.35;0.33;299.59;11.18;1144;31;4080.00;113
10643;30;624969299;10643;415;11784;11895;5.34;0.33;299.68;11.18;1141;31;4081.00;111
10647;30;624969314;10647;408;11786;11895;5.34;0.33;299.68;11.18;1139;31;4082.00;109
10650;30;624969328;10650;406;11789;11896;5.35;0.33;299.75;11.19;1139;31;4083.00;107
10652;30;624969341;10652;401;11789;11897;5.41;0.33;299.81;11.19;1137;31;4084.00;108
10659;30;624969354;10659;403;11790;11897;5.45;0.33;299.87;11.19;1131;31;4085.00;107
10661;30;624969367;10661;400;11794;11900;5.54;0.34;299.96;11.19;1133;31;4086.00;106
10665;30;624969380;10665;402;11794;11900;5.63;0.34;299.98;11.19;1129;31;4087.00;106
10668;30;624969393;10668;400;11794;11900;5.69;0.35;300.00;11.19;1126;31;4088.00;106
10670;30;624969406;10670;393;11794;11900;5.79;0.35;300.10;11.19;1124;31;4089.00;106
10673;30;624969419;10673;392;11799;11906;5.86;0.36;300.14;11.19;1126;31;4090.00;107
10677;30;624969440;10677;391;11799;11906;5.90;0.36;300.12;11.19;1122;31;4091.00;107
10681;30;624969454;10681;380;11799;11906;5.91;0.36;300.21;11.19;1118;31;4092.00;107
10684;30;624969467;10684;373;11799;11906;5.97;0.36;300.19;11.19;1115;31;4093.00;107
10687;30;624969480;10687;366;11802;11910;6.04;0.37;300.22;11.18;1115;31;4094.00;108
10689;30;624969493;10689;361;11804;11912;6.11;0.37;300.28;11.18;1115;31;4095.00;108
10696;30;624969505;10696;359;11804;11912;6.11;0.37;300.37;11.18;1108;31;4096.00;108
10699;30;624969528;10699;363;11805;11913;6.10;0.37;300.39;11.18;1106;31;4097.00;108
10703;30;624969540;10703;361;11805;11913;6.09;0.37;300.50;11.18;1102;31;4098.00;108
10707;30;624969553;10707;367;11805;11913;6.07;0.37;300.57;11.18;1098;31;4099.00;108
10711;30;624969566;10711;370;11805;11913;6.06;0.37;300.56;11.18;1094;31;4100.00;108
10714;30;624969583;10714;371;11805;11913;6.02;0.37;300.68;11.18;1091;31;4101.00;108
10718;31;624969598;10718;375;11805;11913;5.99;0.37;300.72;11.18;1087;32;4102.00;108
10724;31;624969618;10724;383;11805;11913;5.99;0.37;300.74;11.18;1081;32;4103.00;108
10729;31;624969630;10729;389;11843;11983;5.98;0.37;300.81;11.14;1114;32;4104.00;140
10732;31;624969654;10732;387;11843;11984;6.00;0.37;300.81;11.14;1111;32;4105.00;141
10737;31;624969668;10737;381;11848;11984;6.00;0.37;300.87;11.14;1111;32;4106.00;136
10741;31;624969682;10741;379;11850;11984;6.02;0.37;300.87;11.14;1109;32;4107.00;134
10742;31;624969698;10742;384;11853;11984;6.07;0.37;300.88;11.14;1111;32;4108.00;131
10749;31;624969712;10749;384;11856;11984;6.11;0.37;300.95;11.14;1107;32;4109.00;128
10751;31;624969728;10751;384;11859;11984;6.15;0.38;300.92;11.13;1108;32;4110.00;125
10759;31;624969742;10759;389;11861;11984;6.13;0.37;300.98;11.13;1102;32;4111.00;123
10764;31;624969758;10764;394;11862;11985;6.13;0.37;300.95;11.13;1098;32;4112.00;123
10767;31;624969771;10767;396;11865;11986;6.14;0.37;300.98;11.13;1098;32;4113.00;121
10772;31;624969784;10772;397;11867;11986;6.11;0.37;301.11;11.13;1095;32;4114.00;119
10775;31;624969797;10775;390;11870;11990;6.14;0.37;301.08;11.13;1095;32;4115.00;120
10782;31;624969810;10782;396;11872;11990;6.10;0.37;301.12;11.13;1090;32;4116.00;118
10785;31;624969823;10785;393;11873;11990;6.07;0.37;301.12;11.24;1088;32;4117.00;117
10790;31;624969836;10790;396;11873;11990;6.01;0.37;301.28;11.24;1083;32;4118.00;117
10797;31;624969850;10797;406;11878;11996;5.95;0.36;301.24;11.24;1081;32;4119.00;118
10800;31;624969864;10800;414;11878;11996;5.88;0.36;301.33;11.24;1078;32;4120.00;118
10802;31;624969878;10802;426;11878;11996;5.84;0.36;301.37;11.24;1076;32;4121.00;118
10804;31;624969891;10804;428;11880;11999;5.80;0.35;301.39;11.23;1076;32;4122.00;119
10806;31;624969903;10806;439;11881;11999;5.71;0.35;301.40;11.23;1075;32;4123.00;118
10808;31;624969916;10808;448;11883;11999;5.63;0.34;301.47;11.23;1075;32;4124.00;116
10810;31;624969928;10810;447;11883;12000;5.56;0.34;301.48;11.23;1073;32;4125.00;117
10812;31;624969940;10812;453;11884;12001;5.47;0.33;301.53;11.23;1072;32;4126.00;117
10817;31;624969953;10817;443;11885;12001;5.41;0.33;301.58;11.23;1068;32;4127.00;116
10820;31;624969965;10820;437;11896;12014;5.45;0.33;301.66;11.22;1076;32;4128.00;118
10824;31;624969980;10824;433;11897;12014;5.37;0.33;301.69;11.22;1073;32;4129.00;117
10826;31;624969992;10826;435;11897;12014;5.32;0.32;301.68;11.22;1071;32;4130.00;117
10827;31;624970004;10827;439;11898;12015;5.27;0.32;301.73;11.22;1071;32;4131.00;117
10828;31;624970017;10828;442;11898;12015;5.25;0.32;301.73;11.22;1070;32;4132.00;117
10829;31;624970028;10829;451;11902;12019;5.25;0.32;301.77;11.22;1073;32;4133.00;117
10832;31;624970041;10832;456;11902;12019;5.20;0.32;301.76;11.22;1070;32;4134.00;117
10835;31;624970053;10835;459;11905;12023;5.19;0.32;301.80;11.22;1070;32;4135.00;118
10838;31;624970071;10838;443;11905;12023;5.23;0.32;301.86;11.22;1067;32;4136.00;118
10840;31;624970084;10840;437;11905;12023;5.23;0.32;301.87;11.22;1065;32;4137.00;118
10842;31;624970097;10842;431;11905;12023;5.28;0.32;301.88;11.22;1063;32;4138.00;118
10843;31;624970109;10843;424;11905;12023;5.30;0.32;301.93;11.22;1062;32;4139.00;118
10844;31;624970123;10844;426;11931;12057;5.40;0.33;301.97;11.19;1087;32;4140.00;126
10845;31;624970138;10845;415;11931;12057;5.45;0.33;301.99;11.19;1086;32;4141.00;126
10846;31;624970151;10846;414;11933;12057;5.54;0.34;302.05;11.19;1087;32;4142.00;124
10847;31;624970164;10847;411;11933;12057;5.61;0.35;302.06;11.19;1086;32;4143.00;124
10852;31;624970177;10852;407;11934;12057;5.65;0.35;302.04;11.19;1082;32;4144.00;123
10855;31;624970190;10855;408;11934;12057;5.68;0.35;302.03;11.19;1079;32;4145.00;123
10857;31;624970203;10857;411;11934;12058;5.72;0.35;302.02;11.19;1077;32;4146.00;124
10858;31;624970215;10858;414;11934;12058;5.74;0.35;302.04;11.19;1076;32;4147.00;124
10862;31;624970227;10862;417;11939;12064;5.77;0.35;302.07;11.19;1077;32;4148.00;125
10865;31;624970241;10865;416;11940;12065;5.78;0.35;302.03;11.19;1075;32;4149.00;125
10867;31;624970254;10867;410;11940;12065;5.80;0.36;302.00;11.19;1073;32;4150.00;125
10872;31;624970267;10872;409;11940;12065;5.82;0.36;302.02;11.19;1068;32;4151.00;125
10872;31;624970279;10872;411;11943;12069;5.83;0.36;302.02;11.18;1071;32;4152.00;126
10874;31;624970291;10874;410;11943;12069;5.82;0.36;302.01;11.18;1069;32;4153.00;126
10877;31;624970304;10877;408;11943;12069;5.80;0.35;302.04;11.18;1066;32;4154.00;126
10878;31;624970316;10878;412;11944;12070;5.81;0.35;302.02;11.18;1066;32;4155.00;126
10881;31;624970328;10881;420;11947;12074;5.80;0.35;302.01;11.18;1066;32;4156.00;127
10884;31;624970341;10884;415;11947;12074;5.83;0.35;302.05;11.18;1063;32;4157.00;127
10887;31;624970358;10887;420;11949;12077;5.86;0.36;302.06;11.18;1062;32;4158.00;128
10887;31;624970370;10887;418;11949;12077;5.84;0.36;302.06;11.18;1062;32;4159.00;128
10891;31;624970382;10891;412;11950;12077;5.86;0.36;302.00;11.18;1059;32;4160.00;127
10895;31;624970394;10895;414;11950;12077;5.81;0.35;301.94;11.18;1055;32;4161.00;127
10896;31;624970406;10896;412;11954;12081;5.80;0.35;301.92;11.17;1058;32;4162.00;127
10896;31;624970418;10896;406;11954;12081;5.81;0.35;301.92;11.17;1058;32;4163.00;127
10897;31;624970429;10897;408;11954;12081;5.83;0.35;301.94;11.17;1057;32;4164.00;127
10900;31;624970441;10900;402;11954;12081;5.78;0.35;301.96;11.17;1054;32;4165.00;127
10902;31;624970452;10902;400;11954;12082;5.73;0.35;301.95;11.17;1052;32;4166.00;128
10903;31;624970464;10903;399;11955;12083;5.75;0.35;301.95;11.17;1052;32;4167.00;128
10904;31;624970476;10904;393;11955;12083;5.78;0.35;301.95;11.17;1051;32;4168.00;128
10905;31;624970487;10905;391;11956;12084;5.80;0.35;301.95;11.17;1051;32;4169.00;128
10905;31;624970500;10905;388;11956;12084;5.80;0.35;301.95;11.17;1051;32;4170.00;128
10905;31;624970511;10905;374;11956;12084;5.85;0.35;301.95;11.17;1051;32;4171.00;128
10906;31;624970523;10906;362;11956;12084;5.90;0.36;301.94;11.17;1050;32;4172.00;128
10906;31;624970536;10906;351;11958;12086;6.00;0.36;301.94;11.17;1052;32;4173.00;128
10906;31;624970548;10906;345;11958;12086;6.13;0.37;301.94;11.17;1052;32;4174.00;128
10909;31;624970559;10909;333;11958;12086;6.25;0.38;301.90;11.17;1049;32;4175.00;128
10911;31;624970571;10911;351;12026;12213;6.34;0.39;301.89;11.21;1115;32;4176.00;187
10915;31;624970593;10915;335;12027;12214;6.39;0.39;301.89;11.21;1112;32;4177.00;187
10917;31;624970606;10917;323;12030;12214;6.49;0.40;301.89;11.21;1113;32;4178.00;184
10923;31;624970618;10923;318;12035;12214;6.58;0.40;302.01;11.21;1112;32;4179.00;179
10923;31;624970631;10923;315;12039;12214;6.67;0.41;302.01;11.21;1116;32;4180.00;175
10924;31;624970645;10924;304;12041;12214;6.78;0.42;302.02;11.20;1117;32;4181.00;173
10929;32;624970657;10929;294;12044;12214;6.88;0.42;302.10;11.20;1115;33;4182.00;170
10930;32;624970680;10930;298;12049;12214;6.95;0.42;302.09;11.20;1119;33;4183.00;165
10932;32;624970693;10932;294;12050;12215;7.09;0.43;302.07;11.20;1118;33;4184.00;165
10933;32;624970707;10933;291;12055;12217;7.13;0.43;302.07;11.22;1122;33;4185.00;162
10936;32;624970721;10936;291;12057;12217;7.16;0.44;302.10;11.22;1121;33;4186.00;160
10937;32;624970734;10937;287;12059;12218;7.19;0.44;302.08;11.22;1122;33;4187.00;159
10938;32;624970748;10938;284;12061;12218;7.22;0.44;302.08;11.22;1123;33;4188.00;157
10939;32;624970762;10939;285;12063;12218;7.22;0.44;302.08;11.22;1124;33;4189.00;155
10940;32;624970774;10940;281;12065;12218;7.22;0.44;302.08;11.22;1125;33;4190.00;153
10942;32;624970788;10942;287;12068;12222;7.21;0.44;302.09;11.22;1126;33;4191.00;154
10945;32;624970801;10945;295;12070;12222;7.19;0.44;302.09;11.22;1125;33;4192.00;152
10947;32;624970819;10947;301;12072;12222;7.18;0.44;302.10;11.23;1125;33;4193.00;150
10950;32;624970832;10950;298;12074;12225;7.16;0.43;302.08;11.23;1124;33;4194.00;151
10950;32;624970846;10950;305;12076;12225;7.19;0.44;302.08;11.23;1126;33;4195.00;149
10954;32;624970860;10954;303;12078;12225;7.14;0.43;302.11;11.23;1124;33;4196.00;147
10956;32;624970879;10956;305;12082;12229;7.13;0.43;302.10;11.23;1126;33;4197.00;147
10960;32;624970906;10960;308;12085;12230;7.16;0.43;302.10;11.23;1125;33;4198.00;145
10963;32;624970931;10963;317;12086;12230;7.11;0.43;302.12;11.22;1123;33;4199.00;144
10964;32;624970955;10964;327;12096;12264;7.12;0.43;302.17;11.22;1132;33;4200.00;168
10967;32;624970988;10967;324;12100;12264;7.08;0.43;302.17;11.22;1133;33;4201.00;164
10969;32;624971005;10969;328;12103;12264;7.02;0.43;302.24;11.21;1134;33;4202.00;161
10972;32;624971019;10972;325;12104;12265;6.99;0.42;302.27;11.21;1132;33;4203.00;161
10974;32;624971033;10974;335;12106;12265;7.00;0.43;302.27;11.22;1132;33;4204.00;159
10976;32;624971047;10976;332;12109;12271;7.01;0.43;302.26;11.21;1133;33;4205.00;162
10979;32;624971061;10979;344;12113;12271;6.91;0.42;302.26;11.21;1134;33;4206.00;158
10983;32;624971076;10983;345;12115;12272;6.82;0.41;302.26;11.21;1132;33;4207.00;157
10985;33;624971091;10985;345;12115;12272;6.73;0.41;302.25;11.21;1130;34;4208.00;157
10986;33;624971115;10986;352;12115;12272;6.71;0.41;302.23;11.21;1129;34;4209.00;157
10989;33;624971130;10989;348;12115;12272;6.64;0.40;302.24;11.21;1126;34;4210.00;157
10989;33;624971143;10989;352;12117;12272;6.62;0.40;302.24;11.23;1128;34;4211.00;155
10990;34;624971158;10990;371;12128;12284;6.65;0.40;302.26;11.23;1138;35;4212.00;156
10992;34;624971181;10992;367;12131;12284;6.62;0.40;302.35;11.24;1139;35;4213.00;153
10993;34;624971196;10993;371;12133;12284;6.65;0.40;302.33;11.25;1140;35;4214.00;151
10995;34;624971209;10995;376;12134;12284;6.62;0.40;302.34;11.26;1139;35;4215.00;150
10996;34;624971223;10996;384;12135;12284;6.57;0.40;302.35;11.27;1139;35;4216.00;149
10997;34;624971236;10997;386;12138;12284;6.50;0.40;302.35;11.28;1141;35;4217.00;146
10999;34;624971255;10999;390;12142;12288;6.44;0.39;302.42;11.28;1143;35;4218.00;146
11001;34;624971277;11001;389;12144;12288;6.40;0.39;302.42;11.31;1143;35;4219.00;144
11002;34;624971291;11002;387;12147;12292;6.38;0.39;302.45;11.30;1145;35;4220.00;145
11004;34;624971306;11004;392;12150;12293;6.36;0.39;302.50;11.32;1146;35;4221.00;143
11005;34;624971320;11005;402;12150;12293;6.34;0.39;302.49;11.32;1145;35;4222.00;143
11009;34;624971338;11009;403;12153;12293;6.25;0.38;302.44;11.34;1144;35;4223.00;140
11010;34;624971352;11010;405;12164;12306;6.19;0.38;302.45;11.33;1154;35;4224.00;142
11016;34;624971375;11016;411;12167;12306;6.12;0.38;302.44;11.35;1151;35;4225.00;139
11019;34;624971390;11019;414;12168;12306;6.07;0.37;302.44;11.35;1149;35;4226.00;138
11023;34;624971404;11023;422;12171;12307;6.07;0.37;302.48;11.37;1148;35;4227.00;136
11026;34;624971418;11026;426;12171;12308;6.07;0.37;302.49;11.37;1145;35;4228.00;137
11028;34;624971432;11028;426;12171;12308;6.09;0.37;302.53;11.37;1143;35;4229.00;137
11031;34;624971448;11031;434;12179;12314;6.04;0.37;302.55;11.38;1148;35;4230.00;135
11032;34;624971463;11032;428;12181;12314;6.02;0.37;302.58;11.40;1149;35;4231.00;133
11036;34;624971478;11036;426;12182;12314;5.98;0.37;302.69;11.40;1146;35;4232.00;132
11038;34;624971493;11038;425;12182;12314;5.98;0.37;302.73;11.40;1144;35;4233.00;132
11046;34;624971506;11046;423;12189;12320;5.97;0.36;302.76;11.41;1143;35;4234.00;131
11047;34;624971522;11047;424;12190;12320;5.96;0.36;302.79;11.42;1143;35;4235.00;130
11052;34;624971536;11052;429;12192;12320;5.92;0.36;302.81;11.42;1140;35;4236.00;128
11056;34;624971549;11056;425;12192;12320;5.92;0.36;302.91;11.42;1136;35;4237.00;128
11060;34;624971563;11060;419;12197;12324;5.85;0.36;302.92;11.43;1137;35;4238.00;127
11062;34;624971578;11062;416;12198;12325;5.83;0.36;302.92;11.43;1136;35;4239.00;127
11066;34;624971593;11066;419;12198;12325;5.83;0.35;302.97;11.43;1132;35;4240.00;127
11068;34;624971606;11068;423;12201;12326;5.80;0.35;303.00;11.45;1133;35;4241.00;125
11071;34;624971620;11071;420;12203;12326;5.79;0.35;303.04;11.45;1132;35;4242.00;123
11075;34;624971633;11075;418;12204;12326;5.74;0.35;303.08;11.46;1129;35;4243.00;122
11079;34;624971647;11079;417;12204;12326;5.70;0.35;303.19;11.46;1125;35;4244.00;122
11080;34;624971661;11080;413;12206;12326;5.71;0.35;303.24;11.47;1126;35;4245.00;120
11085;34;624971675;11085;416;12206;12326;5.63;0.34;303.30;11.47;1121;35;4246.00;120
11090;34;624971688;11090;414;12206;12326;5.51;0.34;303.27;11.47;1116;35;4247.00;120
11094;34;624971702;11094;422;12250;12396;5.44;0.33;303.37;11.44;1156;35;4248.00;146
11095;34;624971720;11095;417;12252;12397;5.40;0.33;303.36;11.44;1157;35;4249.00;145
11098;34;624971740;11098;404;12258;12397;5.33;0.33;303.37;11.45;1160;35;4250.00;139
11101;34;624971753;11101;403;12258;12397;5.33;0.33;303.43;11.45;1157;35;4251.00;139
11103;34;624971766;11103;400;12261;12397;5.35;0.33;303.41;11.45;1158;35;4252.00;136
11106;34;624971778;11106;406;12265;12397;5.32;0.33;303.45;11.46;1159;35;4253.00;132
11111;34;624971791;11111;401;12268;12397;5.26;0.32;303.60;11.46;1157;35;4254.00;129
11115;34;624971804;11115;402;12273;12397;5.29;0.32;303.58;11.47;1158;35;4255.00;124
11119;34;624971818;11119;407;12275;12398;5.30;0.32;303.63;11.47;1156;35;4256.00;123
11122;34;624971830;11122;398;12278;12399;5.38;0.33;303.69;11.47;1156;35;4257.00;121
11128;34;624971844;11128;396;12282;12399;5.43;0.33;303.76;11.47;1154;35;4258.00;117
11129;34;624971857;11129;396;12286;12403;5.48;0.34;303.81;11.47;1157;35;4259.00;117
11134;34;624971874;11134;395;12286;12403;5.51;0.34;303.82;11.47;1152;35;4260.00;117
11137;34;624971887;11137;393;12287;12403;5.53;0.34;303.90;11.47;1150;35;4261.00;116
11140;34;624971901;11140;392;12288;12403;5.57;0.34;304.01;11.47;1148;35;4262.00;115
11146;34;624971914;11146;396;12293;12409;5.58;0.34;304.10;11.47;1147;35;4263.00;116
11149;34;624971928;11149;392;12294;12409;5.65;0.35;304.12;11.47;1145;35;4264.00;115
11154;34;624971942;11154;386;12294;12409;5.72;0.35;304.12;11.47;1140;35;4265.00;115
11158;34;624971955;11158;381;12297;12412;5.75;0.35;304.18;11.46;1139;35;4266.00;115
11164;34;624971969;11164;379;12298;12412;5.81;0.35;304.24;11.58;1134;35;4267.00;114
11168;34;624971987;11168;372;12298;12412;5.84;0.36;304.19;11.58;1130;35;4268.00;114
11172;34;624972009;11172;377;12298;12413;5.81;0.36;304.24;11.58;1126;35;4269.00;115
11176;34;624972026;11176;385;12299;12414;5.81;0.35;304.26;11.58;1123;35;4270.00;115
11179;34;624972041;11179;388;12299;12414;5.81;0.35;304.31;11.58;1120;35;4271.00;115
11184;34;624972055;11184;385;12311;12427;5.81;0.35;304.26;11.57;1127;35;4272.00;116
11190;34;624972069;11190;389;12312;12427;5.70;0.35;304.38;11.57;1122;35;4273.00;115
11194;34;624972083;11194;385;12312;12427;5.62;0.34;304.47;11.57;1118;35;4274.00;115
11197;34;624972098;11197;388;12314;12429;5.57;0.34;304.53;11.56;1117;35;4275.00;115
11203;34;624972112;11203;403;12314;12429;5.49;0.33;304.64;11.56;1111;35;4276.00;115
11207;34;624972125;11207;402;12318;12433;5.48;0.33;304.72;11.56;1111;35;4277.00;115
11213;34;624972140;11213;401;12318;12433;5.47;0.33;304.80;11.56;1105;35;4278.00;115
11218;34;624972153;11218;400;12321;12437;5.48;0.33;304.81;11.56;1103;35;4279.00;116
11219;34;624972168;11219;396;12321;12437;5.46;0.33;304.84;11.56;1102;35;4280.00;116
11224;34;624972181;11224;401;12321;12437;5.40;0.33;304.90;11.56;1097;35;4281.00;116
11225;34;624972194;11225;408;12321;12437;5.37;0.33;304.91;11.56;1096;35;4282.00;116
11229;34;624972207;11229;412;12321;12437;5.29;0.32;305.01;11.56;1092;35;4283.00;116
11235;34;624972220;11235;419;12330;12449;5.25;0.32;305.02;11.55;1095;35;4284.00;119
11237;34;624972233;11237;422;12332;12449;5.20;0.32;305.08;11.66;1095;35;4285.00;117
11241;34;624972247;11241;433;12333;12449;5.12;0.31;305.09;11.66;1092;35;4286.00;116
11245;34;624972261;11245;429;12333;12449;5.01;0.31;305.11;11.66;1088;35;4287.00;116
11249;34;624972274;11249;433;12333;12449;4.93;0.30;305.18;11.66;1084;35;4288.00;116
11252;34;624972287;11252;442;12333;12449;4.84;0.30;305.16;11.66;1081;35;4289.00;116
11256;34;624972300;11256;446;12334;12450;4.74;0.29;305.17;11.77;1078;35;4290.00;116
11259;34;624972312;11259;450;12334;12450;4.64;0.28;305.21;11.77;1075;35;4291.00;116
11263;34;624972325;11263;455;12339;12456;4.57;0.28;305.24;11.77;1076;35;4292.00;117
11266;34;624972338;11266;460;12340;12457;4.53;0.28;305.22;11.77;1074;35;4293.00;117
11269;34;624972350;11269;461;12340;12457;4.49;0.27;305.24;11.77;1071;35;4294.00;117
11274;34;624972362;11274;467;12340;12457;4.42;0.27;305.16;11.77;1066;35;4295.00;117
11276;34;624972374;11276;476;12343;12461;4.38;0.27;305.19;11.77;1067;35;4296.00;118
11278;34;624972385;11278;470;12343;12461;4.37;0.27;305.18;11.77;1065;35;4297.00;118
11280;34;624972398;11280;474;12343;12461;4.33;0.26;305.14;11.77;1063;35;4298.00;118
11281;34;624972410;11281;468;12344;12462;4.38;0.27;305.12;11.77;1063;35;4299.00;118
11283;34;624972423;11283;477;12347;12466;4.45;0.27;305.08;11.76;1064;35;4300.00;119
11288;34;624972439;11288;478;12347;12466;4.46;0.27;305.15;11.76;1059;35;4301.00;119
11290;34;624972451;11290;477;12349;12469;4.53;0.28;305.13;11.76;1059;35;4302.00;120
11291;34;624972463;11291;475;12349;12469;4.57;0.28;305.12;11.76;1058;35;4303.00;120
11292;34;624972476;11292;470;12351;12469;4.65;0.28;305.12;11.87;1059;35;4304.00;118
11293;34;624972489;11293;467;12351;12469;4.63;0.28;305.10;11.87;1058;35;4305.00;118
11298;34;624972507;11298;455;12355;12473;4.66;0.28;305.02;11.87;1057;35;4306.00;118
11300;34;624972522;11300;443;12355;12473;4.71;0.29;305.06;11.87;1055;35;4307.00;118
11302;34;624972536;11302;423;12355;12473;4.76;0.29;305.02;11.87;1053;35;4308.00;118
11304;34;624972548;11304;410;12355;12473;4.84;0.29;305.01;11.87;1051;35;4309.00;118
11305;34;624972560;11305;398;12355;12474;4.95;0.30;305.00;11.87;1050;35;4310.00;119
11306;34;624972573;11306;392;12356;12475;5.05;0.31;304.98;11.87;1050;35;4311.00;119
11307;34;624972586;11307;388;12356;12475;5.14;0.31;305.00;11.87;1049;35;4312.00;119
11307;34;624972598;11307;383;12357;12476;5.27;0.32;305.00;11.87;1050;35;4313.00;119
11308;34;624972611;11308;384;12357;12476;5.40;0.33;305.00;11.87;1049;35;4314.00;119
11309;34;624972624;11309;386;12357;12476;5.53;0.34;305.00;11.87;1048;35;4315.00;119
11310;34;624972637;11310;386;12357;12476;5.63;0.34;305.00;11.87;1047;35;4316.00;119
11312;34;624972650;11312;386;12357;12476;5.73;0.35;305.00;11.87;1045;35;4317.00;119
11314;34;624972663;11314;384;12357;12476;5.81;0.35;305.00;11.87;1043;35;4318.00;119
11315;34;624972676;11315;383;12358;12476;5.91;0.36;305.00;11.98;1043;35;4319.00;118
11317;34;624972695;11317;435;12471;12706;6.16;0.39;305.05;11.88;1154;35;4320.00;235
11320;34;624972727;11320;428;12475;12707;6.18;0.39;305.02;11.87;1155;35;4321.00;232
11321;34;624972741;11321;413;12486;12707;6.30;0.39;305.03;11.86;1165;35;4322.00;221
11322;34;624972754;11322;399;12490;12707;6.38;0.40;305.08;11.86;1168;35;4323.00;217
11324;34;624972769;11324;397;12497;12707;6.43;0.40;305.09;11.86;1173;35;4324.00;210
11326;34;624972782;11326;386;12500;12707;6.49;0.40;305.13;11.86;1174;35;4325.00;207
11327;34;624972803;11327;374;12506;12707;6.57;0.41;305.14;11.85;1179;35;4326.00;201
11328;34;624972823;11328;366;12511;12707;6.58;0.41;305.13;11.85;1183;35;4327.00;196
11332;34;624972843;11332;358;12515;12708;6.60;0.41;305.13;11.85;1183;35;4328.00;193
11332;34;624972858;11332;352;12519;12709;6.62;0.41;305.13;11.85;1187;35;4329.00;190
11335;34;624972903;11335;346;12523;12709;6.58;0.41;305.13;11.85;1188;35;4330.00;186
11336;34;624972925;11336;340;12525;12710;6.58;0.41;305.12;11.85;1189;35;4331.00;185
11337;34;624972947;11337;337;12528;12710;6.51;0.40;305.13;11.85;1191;35;4332.00;182
11337;34;624972977;11337;334;12529;12710;6.50;0.40;305.13;11.85;1192;35;4333.00;181
11337;34;624972996;11337;340;12531;12710;6.48;0.40;305.13;11.85;1194;35;4334.00;179
11337;34;624973020;11337;336;12533;12714;6.47;0.40;305.13;11.85;1196;35;4335.00;181
11338;34;624973042;11338;336;12534;12714;6.44;0.40;305.14;11.85;1196;35;4336.00;180
11339;34;624973061;11339;332;12535;12714;6.46;0.40;305.15;11.85;1196;35;4337.00;179
11341;34;624973076;11341;334;12537;12717;6.47;0.40;305.20;11.96;1196;35;4338.00;180
11343;34;624973092;11343;329;12538;12717;6.51;0.40;305.21;11.96;1195;35;4339.00;179
11343;34;624973108;11343;325;12539;12717;6.58;0.40;305.21;11.97;1196;35;4340.00;178
11344;34;624973122;11344;320;12543;12721;6.64;0.41;305.20;11.96;1199;35;4341.00;178
11346;34;624973138;11346;322;12544;12722;6.67;0.41;305.19;11.96;1198;35;4342.00;178
11349;34;624973154;11349;315;12545;12722;6.72;0.41;305.20;11.96;1196;35;4343.00;177
11352;34;624973178;11352;326;12546;12726;6.70;0.41;305.23;11.97;1194;35;4344.00;180
11353;34;624973194;11353;328;12548;12726;6.72;0.41;305.23;11.97;1195;35;4345.00;178
11354;34;624973209;11354;322;12548;12726;6.72;0.41;305.26;11.97;1194;35;4346.00;178
11356;34;624973225;11356;326;12552;12727;6.69;0.40;305.24;11.97;1196;35;4347.00;175
11358;34;624973240;11358;330;12552;12727;6.69;0.41;305.23;11.97;1194;35;4348.00;175
11359;34;624973256;11359;340;12556;12733;6.72;0.41;305.24;11.96;1197;35;4349.00;177
11363;34;624973274;11363;331;12558;12733;6.67;0.40;305.23;11.96;1195;35;4350.00;175
11367;34;624973290;11367;333;12558;12734;6.65;0.40;305.22;11.96;1191;35;4351.00;176
11370;34;624973305;11370;325;12558;12734;6.63;0.40;305.18;11.96;1188;35;4352.00;176
11371;34;624973320;11371;328;12564;12734;6.60;0.40;305.18;11.97;1193;35;4353.00;170
11372;34;624973336;11372;324;12564;12734;6.56;0.40;305.17;11.97;1192;35;4354.00;170
11375;34;624973354;11375;320;12566;12734;6.49;0.39;305.22;11.99;1191;35;4355.00;168
11377;34;624973371;11377;322;12576;12746;6.50;0.39;305.24;11.98;1199;35;4356.00;170
11378;34;624973390;11378;321;12576;12746;6.52;0.40;305.25;11.98;1198;35;4357.00;170
11379;34;624973405;11379;319;12577;12746;6.54;0.40;305.23;11.99;1198;35;4358.00;169
11381;34;624973419;11381;313;12578;12746;6.56;0.40;305.25;11.99;1197;35;4359.00;168
11382;34;624973434;11382;311;12578;12746;6.61;0.40;305.23;11.99;1196;35;4360.00;168
11385;34;624973448;11385;315;12579;12746;6.57;0.40;305.30;11.99;1194;35;4361.00;167
11394;34;624973462;11394;320;12583;12750;6.51;0.40;305.35;11.98;1189;35;4362.00;167
11397;34;624973478;11397;316;12584;12750;6.49;0.39;305.34;11.98;1187;35;4363.00;166
11400;34;624973494;11400;317;12587;12754;6.49;0.39;305.42;11.98;1187;35;4364.00;167
11403;34;624973509;11403;315;12589;12756;6.52;0.40;305.41;11.98;1186;35;4365.00;167
11406;34;624973523;11406;316;12589;12756;6.52;0.40;305.49;11.98;1183;35;4366.00;167
11407;34;624973538;11407;317;12590;12756;6.54;0.40;305.49;11.98;1183;35;4367.00;166
11410;34;624973552;11410;319;12601;12769;6.54;0.40;305.54;11.98;1191;35;4368.00;168
11410;34;624973567;11410;323;12602;12769;6.53;0.40;305.54;11.98;1192;35;4369.00;167
11415;34;624973581;11415;322;12603;12769;6.50;0.39;305.64;11.98;1188;35;4370.00;166
11416;34;624973596;11416;328;12605;12770;6.51;0.40;305.67;11.98;1189;35;4371.00;165
11421;34;624973610;11421;333;12606;12771;6.44;0.39;305.67;11.99;1185;35;4372.00;165
11421;34;624973624;11421;334;12607;12771;6.41;0.39;305.67;11.99;1186;35;4373.00;164
11425;34;624973638;11425;340;12609;12774;6.38;0.39;305.72;11.99;1184;35;4374.00;165
11427;34;624973652;11427;346;12610;12774;6.34;0.39;305.75;11.99;1183;35;4375.00;164
11429;34;624973666;11429;348;12611;12774;6.34;0.39;305.78;11.99;1182;35;4376.00;163
11432;34;624973679;11432;353;12611;12774;6.33;0.39;305.83;11.99;1179;35;4377.00;163
11434;34;624973694;11434;362;12617;12780;6.34;0.39;305.85;11.99;1183;35;4378.00;163
11435;34;624973709;11435;363;12617;12780;6.29;0.38;305.88;11.99;1182;35;4379.00;163
11437;34;624973724;11437;358;12618;12780;6.27;0.38;305.90;11.99;1181;35;4380.00;162
11442;34;624973737;11442;363;12619;12780;6.23;0.38;305.93;12.00;1177;35;4381.00;161
11443;34;624973751;11443;364;12624;12784;6.21;0.38;305.95;12.02;1181;35;4382.00;160
11444;34;624973766;11444;367;12626;12785;6.25;0.38;305.92;12.03;1182;35;4383.00;159
11447;34;624973781;11447;376;12628;12785;6.21;0.38;305.97;12.04;1181;35;4384.00;157
11450;34;624973796;11450;376;12631;12786;6.16;0.38;306.07;12.06;1181;35;4385.00;155
11455;34;624973813;11455;382;12633;12786;6.12;0.38;306.06;12.08;1178;35;4386.00;153
11459;34;624973827;11459;395;12635;12786;6.07;0.37;306.09;12.09;1176;35;4387.00;151
11460;34;624973843;11460;395;12635;12786;6.08;0.37;306.07;12.09;1175;35;4388.00;151
11466;34;624973859;11466;400;12636;12786;6.04;0.37;306.15;12.10;1170;35;4389.00;150
11468;34;624973875;11468;403;12641;12786;6.03;0.37;306.15;12.13;1173;35;4390.00;145
11471;34;624973890;11471;402;12641;12786;5.99;0.37;306.19;12.13;1170;35;4391.00;145
11475;34;624973903;11475;411;12677;12856;6.04;0.37;306.24;12.11;1202;35;4392.00;179
11478;34;624973923;11478;409;12680;12857;5.99;0.37;306.28;12.11;1202;35;4393.00;177
11479;34;624973938;11479;412;12687;12857;5.99;0.37;306.34;12.10;1208;35;4394.00;170
11483;34;624973952;11483;416;12693;12857;5.94;0.36;306.39;12.12;1210;35;4395.00;164
11485;34;624973967;11485;418;12698;12857;5.90;0.36;306.51;12.12;1213;35;4396.00;159
11486;34;624973981;11486;422;12701;12857;5.85;0.36;306.52;12.13;1215;35;4397.00;156
11490;34;624973997;11490;424;12705;12857;5.86;0.36;306.58;12.14;1215;35;4398.00;152
11493;35;624974011;11493;422;12710;12857;5.87;0.36;306.69;12.15;1217;36;4399.00;147
11496;35;624974034;11496;423;12711;12858;5.92;0.36;306.64;12.15;1215;36;4400.00;147
11499;35;624974052;11499;419;12713;12859;5.96;0.36;306.66;12.16;1214;36;4401.00;146
11504;35;624974067;11504;416;12717;12859;5.99;0.37;306.66;12.16;1213;36;4402.00;142
11506;35;624974086;11506;415;12721;12863;6.03;0.37;306.65;12.17;1215;36;4403.00;142
11510;35;624974102;11510;418;12722;12863;6.10;0.37;306.69;12.17;1212;36;4404.00;141
11511;35;624974117;11511;413;12722;12863;6.14;0.38;306.70;12.17;1211;36;4405.00;141
11516;35;624974131;11516;421;12723;12863;6.18;0.38;306.79;12.18;1207;36;4406.00;140
11520;35;624974146;11520;422;12728;12869;6.23;0.38;306.87;12.18;1208;36;4407.00;141
11523;35;624974162;11523;429;12729;12869;6.29;0.38;306.89;12.18;1206;36;4408.00;140
11526;35;624974176;11526;431;12730;12869;6.29;0.38;306.91;12.19;1204;36;4409.00;139
11530;35;624974192;11530;434;12733;12875;6.29;0.38;307.00;12.19;1203;36;4410.00;142
11532;35;624974207;11532;435;12735;12875;6.24;0.38;307.06;12.19;1203;36;4411.00;140
11536;35;624974222;11536;434;12736;12875;6.17;0.37;307.09;12.19;1200;36;4412.00;139
11539;35;624974236;11539;433;12736;12876;6.10;0.37;307.05;12.19;1197;36;4413.00;140
11541;35;624974252;11541;438;12738;12877;6.02;0.37;307.11;12.20;1197;36;4414.00;139
11547;35;624974266;11547;446;12740;12877;5.89;0.36;307.15;12.21;1193;36;4415.00;137
11549;35;624974281;11549;444;12751;12890;5.86;0.36;307.24;12.21;1202;36;4416.00;139
11555;35;624974295;11555;448;12751;12890;5.82;0.35;307.31;12.21;1196;36;4417.00;139
11558;35;624974310;11558;442;12753;12890;5.77;0.35;307.33;12.22;1195;36;4418.00;137
11562;35;624974323;11562;450;12755;12891;5.71;0.35;307.39;12.23;1193;36;4419.00;136
11567;35;624974336;11567;439;12756;12891;5.65;0.35;307.45;12.24;1189;36;4420.00;135
11571;35;624974350;11571;423;12759;12895;5.66;0.35;307.53;12.23;1188;36;4421.00;136
11580;35;624974364;11580;417;12759;12895;5.62;0.34;307.63;12.23;1179;36;4422.00;136
11583;35;624974378;11583;410;12762;12899;5.60;0.34;307.66;12.24;1179;36;4423.00;137
11591;35;624974391;11591;413;12762;12899;5.57;0.34;307.68;12.24;1171;36;4424.00;137
11594;35;624974405;11594;408;12764;12899;5.60;0.34;307.73;12.24;1170;36;4425.00;135
11601;35;624974419;11601;410;12764;12899;5.57;0.34;307.74;12.24;1163;36;4426.00;135
11604;35;624974432;11604;407;12766;12899;5.59;0.34;307.84;12.24;1162;36;4427.00;133
11606;35;624974446;11606;400;12775;12911;5.71;0.35;307.85;12.23;1169;36;4428.00;136
11611;35;624974460;11611;397;12778;12911;5.69;0.35;307.97;12.24;1167;36;4429.00;133
11614;35;624974476;11614;397;12779;12911;5.70;0.35;307.98;12.24;1165;36;4430.00;132
11619;35;624974489;11619;386;12780;12911;5.65;0.35;307.97;12.24;1161;36;4431.00;131
11623;35;624974503;11623;385;12781;12911;5.66;0.35;308.00;12.24;1158;36;4432.00;130
11626;35;624974517;11626;388;12782;12911;5.66;0.35;308.03;12.24;1156;36;4433.00;129
11630;35;624974530;11630;382;12783;12912;5.70;0.35;308.09;12.24;1153;36;4434.00;129
11635;35;624974544;11635;380;12783;12912;5.69;0.35;308.21;12.24;1148;36;4435.00;129
11636;35;624974558;11636;383;12788;12918;5.78;0.35;308.24;12.23;1152;36;4436.00;130
11642;35;624974572;11642;384;12789;12919;5.73;0.35;308.21;12.23;1147;36;4437.00;130
11645;35;624974586;11645;389;12790;12919;5.73;0.35;308.27;12.23;1145;36;4438.00;129
11650;35;624974601;11650;393;12790;12919;5.69;0.35;308.28;12.23;1140;36;4439.00;129
11651;35;624974622;11651;388;12794;12924;5.73;0.35;308.29;12.23;1143;36;4440.00;130
11655;35;624974636;11655;390;12794;12924;5.69;0.35;308.28;12.23;1139;36;4441.00;130
11660;35;624974650;11660;399;12794;12924;5.64;0.34;308.25;12.23;1134;36;4442.00;130
11666;35;624974665;11666;404;12795;12925;5.58;0.34;308.23;12.23;1129;36;4443.00;130
11667;35;624974678;11667;395;12798;12929;5.63;0.34;308.24;12.22;1131;36;4444.00;131
11674;35;624974693;11674;392;12798;12929;5.56;0.34;308.26;12.22;1124;36;4445.00;131
11676;35;624974707;11676;400;12800;12932;5.53;0.34;308.25;12.22;1124;36;4446.00;132
11678;35;624974720;11678;402;12800;12932;5.47;0.33;308.30;12.22;1122;36;4447.00;132
11680;35;624974734;11680;402;12801;12932;5.47;0.33;308.29;12.22;1121;36;4448.00;131
11681;35;624974747;11681;394;12801;12932;5.40;0.33;308.30;12.22;1120;36;4449.00;131
11688;35;624974760;11688;399;12805;12936;5.32;0.33;308.30;12.22;1117;36;4450.00;131
11691;35;624974774;11691;404;12805;12936;5.25;0.32;308.29;12.22;1114;36;4451.00;131
11693;35;624974787;11693;403;12805;12936;5.23;0.32;308.28;12.22;1112;36;4452.00;131
11696;35;624974800;11696;412;12805;12936;5.21;0.32;308.25;12.22;1109;36;4453.00;131
11700;35;624974816;11700;409;12806;12937;5.19;0.32;308.26;12.34;1106;36;4454.00;131
11705;35;624974830;11705;415;12808;12939;5.19;0.32;308.19;12.34;1103;36;4455.00;131
11710;35;624974845;11710;414;12808;12939;5.13;0.31;308.17;12.34;1098;36;4456.00;131
11713;35;624974860;11713;418;12809;12940;5.09;0.31;308.17;12.34;1096;36;4457.00;131
11716;35;624974879;11716;417;12809;12940;5.02;0.31;308.14;12.34;1093;36;4458.00;131
11722;35;624974898;11722;419;12809;12940;4.90;0.30;308.12;12.34;1087;36;4459.00;131
11725;35;624974916;11725;426;12809;12940;4.81;0.30;308.12;12.34;1084;36;4460.00;131
11727;35;624974943;11727;430;12809;12940;4.69;0.29;308.14;12.34;1082;36;4461.00;131
11730;35;624974962;11730;431;12809;12940;4.62;0.28;308.13;12.34;1079;36;4462.00;131
11735;35;624974981;11735;438;12809;12940;4.54;0.28;308.04;12.34;1074;36;4463.00;131
11739;35;624974995;11739;463;12877;13067;4.95;0.31;308.04;12.27;1138;36;4464.00;190
11743;35;624975020;11743;460;12880;13068;4.97;0.31;308.00;12.27;1137;36;4465.00;188
11746;35;624975033;11746;456;12888;13068;5.03;0.31;307.97;12.26;1142;36;4466.00;180
11748;35;624975047;11748;445;12891;13068;5.04;0.31;307.96;12.26;1143;36;4467.00;177
11749;35;624975061;11749;438;12897;13068;5.06;0.32;307.96;12.26;1148;36;4468.00;171
11752;35;624975074;11752;435;12899;13068;5.05;0.31;307.93;12.25;1147;36;4469.00;169
11755;35;624975091;11755;432;12901;13068;5.03;0.31;307.97;12.25;1146;36;4470.00;167
11755;35;624975104;11755;437;12904;13068;5.04;0.31;307.97;12.25;1149;36;4471.00;164
11757;35;624975117;11757;442;12906;13069;5.02;0.31;307.95;12.25;1149;36;4472.00;163
11762;35;624975131;11762;448;12910;13070;5.01;0.31;307.92;12.25;1148;36;4473.00;160
11764;35;624975146;11764;454;12913;13070;4.96;0.31;307.92;12.25;1149;36;4474.00;157
11766;35;624975161;11766;449;12915;13071;4.90;0.30;307.93;12.25;1149;36;4475.00;156
11768;35;624975175;11768;434;12920;13071;4.92;0.30;307.92;12.25;1152;36;4476.00;151
11768;35;624975189;11768;425;12921;13071;4.94;0.30;307.92;12.25;1153;36;4477.00;150
11770;35;624975209;11770;413;12922;13071;5.04;0.31;307.91;12.25;1152;36;4478.00;149
11770;35;624975222;11770;407;12927;13075;5.15;0.32;307.91;12.25;1157;36;4479.00;148
11771;35;624975237;11771;399;12927;13075;5.23;0.32;307.91;12.25;1156;36;4480.00;148
11773;35;624975259;11773;389;12928;13075;5.30;0.33;307.89;12.25;1155;36;4481.00;147
11773;35;624975279;11773;385;12930;13078;5.45;0.34;307.89;12.25;1157;36;4482.00;148
11774;35;624975295;11774;381;12931;13078;5.57;0.34;307.88;12.25;1157;36;4483.00;147
11775;35;624975309;11775;378;12932;13078;5.64;0.35;307.87;12.25;1157;36;4484.00;146
11776;35;624975330;11776;373;12936;13082;5.73;0.35;307.86;12.24;1160;36;4485.00;146
11778;35;624975345;11778;372;12938;13083;5.86;0.36;307.93;12.24;1160;36;4486.00;145
11778;35;624975360;11778;365;12940;13083;5.93;0.36;307.93;12.24;1162;36;4487.00;143
11782;35;624975375;11782;365;12943;13087;6.04;0.37;307.88;12.24;1161;36;4488.00;144
11786;35;624975390;11786;360;12943;13087;6.15;0.37;307.85;12.24;1157;36;4489.00;144
11787;35;624975406;11787;356;12943;13087;6.23;0.38;307.83;12.24;1156;36;4490.00;144
11788;35;624975420;11788;353;12944;13088;6.29;0.38;307.82;12.24;1156;36;4491.00;144
11788;35;624975435;11788;341;12944;13088;6.38;0.39;307.82;12.24;1156;36;4492.00;144
11788;35;624975450;11788;340;12949;13094;6.46;0.39;307.82;12.24;1161;36;4493.00;145
11790;35;624975467;11790;332;12949;13094;6.55;0.40;307.83;12.24;1159;36;4494.00;145
11793;35;624975482;11793;332;12949;13095;6.57;0.40;307.87;12.24;1156;36;4495.00;146
11795;35;624975496;11795;328;12949;13095;6.65;0.40;307.89;12.24;1154;36;4496.00;146
11797;35;624975512;11797;320;12949;13095;6.74;0.41;307.89;12.24;1152;36;4497.00;146
11798;35;624975526;11798;312;12949;13095;6.78;0.41;307.92;12.24;1151;36;4498.00;146
11800;35;624975541;11800;312;12949;13095;6.82;0.41;308.01;12.24;1149;36;4499.00;146
11803;35;624975565;11803;307;12975;13145;6.88;0.42;308.02;12.21;1172;36;4500.00;170
11808;35;624975589;11808;303;12977;13147;6.92;0.42;308.02;12.21;1169;36;4501.00;170
11810;35;624975605;11810;299;12979;13147;6.95;0.42;308.03;12.21;1169;36;4502.00;168
11811;35;624975621;11811;297;12979;13147;7.01;0.43;308.08;12.21;1168;36;4503.00;168
11813;35;624975636;11813;296;12981;13147;7.05;0.43;308.17;12.21;1168;36;4504.00;166
11814;35;624975657;11814;296;12982;13147;7.07;0.43;308.16;12.21;1168;36;4505.00;165
11817;35;624975672;11817;293;12986;13151;7.08;0.43;308.19;12.20;1169;36;4506.00;165
11818;35;624975688;11818;291;12987;13151;7.14;0.43;308.24;12.20;1169;36;4507.00;164
11821;35;624975703;11821;292;12990;13155;7.23;0.44;308.31;12.20;1169;36;4508.00;165
11824;35;624975719;11824;289;12991;13156;7.29;0.44;308.36;12.20;1167;36;4509.00;165
11828;35;624975734;11828;287;12991;13156;7.29;0.44;308.45;12.20;1163;36;4510.00;165
11829;35;624975750;11829;286;12991;13156;7.33;0.44;308.43;12.20;1162;36;4511.00;165
11829;35;624975766;11829;286;13002;13169;7.38;0.45;308.43;12.19;1173;36;4512.00;167
11833;35;624975789;11833;287;13003;13169;7.41;0.45;308.51;12.19;1170;36;4513.00;166
11834;35;624975805;11834;286;13003;13169;7.45;0.45;308.53;12.19;1169;36;4514.00;166
11837;35;624975820;11837;291;13004;13170;7.46;0.45;308.57;12.19;1167;36;4515.00;166
11841;35;624975835;11841;287;13004;13171;7.47;0.45;308.65;12.19;1163;36;4516.00;167
11844;35;624975852;11844;294;13004;13171;7.47;0.45;308.73;12.19;1160;36;4517.00;167
11846;35;624975868;11846;297;13007;13174;7.51;0.45;308.72;12.19;1161;36;4518.00;167
11851;35;624975884;11851;295;13008;13174;7.46;0.45;308.76;12.19;1157;36;4519.00;166
11855;35;624975900;11855;292;13010;13174;7.42;0.45;308.86;12.31;1155;36;4520.00;164
11857;35;624975917;11857;287;13010;13174;7.41;0.45;308.91;12.31;1153;36;4521.00;164
11861;35;624975932;11861;289;13014;13180;7.45;0.45;308.98;12.31;1153;36;4522.00;166
11864;35;624975948;11864;287;13014;13180;7.48;0.45;309.01;12.31;1150;36;4523.00;166
11867;35;624975970;11867;289;13017;13180;7.44;0.45;309.06;12.32;1150;36;4524.00;163
11872;35;624975987;11872;287;13018;13180;7.42;0.45;309.09;12.34;1146;36;4525.00;162
11875;35;624976004;11875;282;13021;13184;7.36;0.45;309.10;12.33;1146;36;4526.00;163
11880;35;624976020;11880;278;13022;13185;7.38;0.45;309.09;12.33;1142;36;4527.00;163
11884;35;624976041;11884;277;13022;13185;7.36;0.45;309.14;12.33;1138;36;4528.00;163
11886;35;624976056;11886;281;13024;13186;7.38;0.45;309.10;12.33;1138;36;4529.00;162
11890;35;624976073;11890;281;13026;13186;7.40;0.45;309.15;12.34;1136;36;4530.00;160
11894;35;624976088;11894;288;13026;13186;7.43;0.45;309.11;12.34;1132;36;4531.00;160
11899;35;624976103;11899;288;13026;13186;7.45;0.45;309.20;12.34;1127;36;4532.00;160
11904;35;624976118;11904;287;13026;13186;7.44;0.45;309.15;12.34;1122;36;4533.00;160
11905;35;624976133;11905;297;13026;13186;7.47;0.45;309.17;12.34;1121;36;4534.00;160
11908;35;624976148;11908;300;13027;13186;7.48;0.45;309.21;12.34;1119;36;4535.00;159
11911;35;624976163;11911;310;13063;13256;7.45;0.45;309.22;12.31;1152;36;4536.00;193
11913;35;624976192;11913;311;13065;13257;7.40;0.45;309.20;12.31;1152;36;4537.00;192
11917;35;624976207;11917;304;13069;13257;7.37;0.45;309.15;12.31;1152;36;4538.00;188
11918;35;624976222;11918;314;13073;13257;7.29;0.44;309.14;12.31;1155;36;4539.00;184
11921;35;624976236;11921;317;13075;13257;7.21;0.44;309.18;12.31;1154;36;4540.00;182
11922;35;624976251;11922;326;13082;13257;7.19;0.44;309.17;12.31;1160;36;4541.00;175
11925;35;624976267;11925;324;13084;13257;7.12;0.43;309.24;12.31;1159;36;4542.00;173
11927;35;624976282;11927;325;13089;13257;7.13;0.43;309.30;12.30;1162;36;4543.00;168
11928;35;624976296;11928;328;13091;13258;7.13;0.43;309.36;12.30;1163;36;4544.00;167
11932;35;624976311;11932;327;13094;13260;7.09;0.43;309.37;12.30;1162;36;4545.00;166
11935;35;624976326;11935;334;13097;13260;7.01;0.42;309.44;12.31;1162;36;4546.00;163
11936;35;624976340;11936;340;13102;13264;6.93;0.42;309.47;12.30;1166;36;4547.00;162
11938;35;624976356;11938;344;13104;13264;6.90;0.42;309.46;12.30;1166;36;4548.00;160
11942;35;624976370;11942;351;13105;13264;6.81;0.41;309.42;12.30;1163;36;4549.00;159
11943;35;624976385;11943;351;13107;13264;6.77;0.41;309.42;12.32;1164;36;4550.00;157
11946;35;624976399;11946;359;13112;13270;6.70;0.41;309.48;12.32;1166;36;4551.00;158
11948;35;624976415;11948;357;13113;13270;6.69;0.41;309.54;12.33;1165;36;4552.00;157
11950;35;624976430;11950;369;13114;13270;6.69;0.41;309.55;12.33;1164;36;4553.00;156
11957;35;624976445;11957;367;13117;13273;6.65;0.40;309.56;12.33;1160;36;4554.00;156
11957;35;624976459;11957;376;13119;13273;6.61;0.40;309.56;12.35;1162;36;4555.00;154
11961;35;624976474;11961;387;13119;13273;6.56;0.40;309.65;12.35;1158;36;4556.00;154
11962;35;624976488;11962;386;13120;13274;6.53;0.40;309.67;12.35;1158;36;4557.00;154
11966;35;624976503;11966;392;13122;13275;6.49;0.39;309.68;12.36;1156;36;4558.00;153
11968;35;624976518;11968;397;13122;13275;6.50;0.39;309.70;12.36;1154;36;4559.00;153
11970;35;624976535;11970;408;13140;13301;6.52;0.40;309.77;12.36;1170;36;4560.00;161
11973;35;624976551;11973;409;13142;13301;6.53;0.40;309.82;12.36;1169;36;4561.00;159
11976;35;624976566;11976;416;13146;13301;6.52;0.40;309.86;12.38;1170;36;4562.00;155
11979;35;624976580;11979;419;13148;13302;6.48;0.39;309.92;12.39;1169;36;4563.00;154
11981;35;624976595;11981;429;13149;13302;6.46;0.39;309.95;12.41;1168;36;4564.00;153
11982;35;624976609;11982;434;13154;13306;6.41;0.39;309.98;12.41;1172;36;4565.00;152
11987;35;624976624;11987;436;13155;13306;6.25;0.38;309.96;12.43;1168;36;4566.00;151
11990;35;624976638;11990;441;13159;13310;6.09;0.37;310.00;12.43;1169;36;4567.00;151
11993;35;624976652;11993;450;13160;13310;5.94;0.36;310.02;12.44;1167;36;4568.00;150
11996;35;624976666;11996;444;13162;13310;5.81;0.35;310.08;12.44;1166;36;4569.00;148
11999;35;624976679;11999;438;13163;13310;5.67;0.35;310.12;12.45;1164;36;4570.00;147
12001;35;624976692;12001;440;13163;13310;5.61;0.34;310.17;12.45;1162;36;4571.00;147
12003;35;624976705;12003;440;13175;13322;5.57;0.34;310.22;12.45;1172;36;4572.00;147
12004;35;624976720;12004;443;13175;13322;5.49;0.34;310.24;12.45;1171;36;4573.00;147
12006;35;624976732;12006;439;13177;13322;5.46;0.33;310.26;12.45;1171;36;4574.00;145
12008;35;624976746;12008;435;13178;13322;5.44;0.33;310.27;12.46;1170;36;4575.00;144
12011;35;624976759;12011;440;13178;13322;5.43;0.33;310.22;12.46;1167;36;4576.00;144
12015;35;624976772;12015;438;13181;13322;5.40;0.33;310.33;12.49;1166;36;4577.00;141
12016;35;624976786;12016;444;13181;13323;5.40;0.33;310.34;12.49;1165;36;4578.00;142
12018;35;624976798;12018;444;13182;13323;5.36;0.33;310.35;12.50;1164;36;4579.00;141
12019;35;624976811;12019;451;13188;13329;5.41;0.33;310.38;12.50;1169;36;4580.00;141
12020;35;624976824;12020;447;13189;13330;5.42;0.33;310.41;12.50;1169;36;4581.00;141
12022;35;624976837;12022;449;13191;13330;5.41;0.33;310.45;12.51;1169;36;4582.00;139
12024;35;624976850;12024;449;13191;13330;5.34;0.33;310.50;12.51;1167;36;4583.00;139
12027;35;624976863;12027;454;13194;13334;5.31;0.32;310.53;12.51;1167;36;4584.00;140
12031;35;624976885;12031;457;13195;13334;5.26;0.32;310.48;12.52;1164;36;4585.00;139
12036;35;624976902;12036;458;13196;13334;5.15;0.31;310.46;12.52;1160;36;4586.00;138
12040;35;624976919;12040;466;13199;13335;5.13;0.31;310.46;12.54;1159;36;4587.00;136
12045;35;624976937;12045;470;13202;13339;5.04;0.31;310.48;12.54;1157;36;4588.00;137
12050;35;624976954;12050;482;13202;13339;4.97;0.30;310.48;12.54;1152;36;4589.00;137
12054;35;624976975;12054;471;13207;13345;4.88;0.30;310.57;12.54;1153;36;4590.00;138
12057;35;624976993;12057;466;13210;13345;4.80;0.29;310.64;12.55;1153;36;4591.00;135
12061;35;624977007;12061;471;13212;13345;4.76;0.29;310.67;12.56;1151;36;4592.00;133
12065;35;624977019;12065;461;13212;13345;4.77;0.29;310.68;12.56;1147;36;4593.00;133
12067;35;624977031;12067;465;13216;13349;4.82;0.29;310.72;12.56;1149;36;4594.00;133
12071;35;624977044;12071;473;13217;13349;4.81;0.29;310.78;12.56;1146;36;4595.00;132
12075;35;624977057;12075;476;13217;13349;4.83;0.29;310.83;12.56;1142;36;4596.00;132
12078;35;624977069;12078;475;13217;13349;4.79;0.29;310.84;12.56;1139;36;4597.00;132
12080;35;624977082;12080;471;13217;13350;4.79;0.29;310.83;12.56;1137;36;4598.00;133
12080;35;624977099;12080;474;13218;13351;4.82;0.29;310.83;12.56;1138;36;4599.00;133
12085;35;624977114;12085;466;13218;13351;4.79;0.29;310.90;12.56;1133;36;4600.00;133
12087;35;624977132;12087;468;13219;13352;4.84;0.30;310.93;12.56;1132;36;4601.00;133
12091;35;624977145;12091;463;13219;13352;4.86;0.30;310.93;12.56;1128;36;4602.00;133
12096;35;624977158;12096;463;13219;13352;4.87;0.30;310.93;12.56;1123;36;4603.00;133
12099;35;624977171;12099;460;13219;13352;4.87;0.30;310.91;12.56;1120;36;4604.00;133
12102;35;624977183;12102;454;13219;13352;4.91;0.30;310.97;12.56;1117;36;4605.00;133
12106;35;624977195;12106;447;13219;13352;4.90;0.30;310.93;12.56;1113;36;4606.00;133
12111;35;624977207;12111;452;13219;13352;4.92;0.30;310.90;12.56;1108;36;4607.00;133
12114;35;624977220;12114;454;13282;13479;5.40;0.34;310.90;12.50;1168;36;4608.00;197
12116;35;624977243;12116;450;13287;13480;5.43;0.34;310.95;12.50;1171;36;4609.00;193
12119;35;624977257;12119;441;13298;13480;5.49;0.34;310.92;12.49;1179;36;4610.00;182
12124;35;624977270;12124;442;13300;13480;5.47;0.34;310.86;12.49;1176;36;4611.00;180
12128;35;624977284;12128;447;13307;13480;5.49;0.34;310.87;12.48;1179;36;4612.00;173
12132;35;624977297;12132;449;13309;13480;5.46;0.34;310.84;12.48;1177;36;4613.00;171
12137;35;624977311;12137;450;13311;13480;5.38;0.33;310.87;12.48;1174;36;4614.00;169
12143;35;624977326;12143;457;13315;13480;5.30;0.33;310.86;12.48;1172;36;4615.00;165
12144;35;624977339;12144;462;13317;13481;5.19;0.32;310.86;12.48;1173;36;4616.00;164
12149;35;624977353;12149;461;13321;13482;5.09;0.31;310.83;12.48;1172;36;4617.00;161
12150;35;624977367;12150;467;13324;13482;5.07;0.31;310.84;12.48;1174;36;4618.00;158
12153;35;624977380;12153;474;13326;13483;5.00;0.31;310.81;12.48;1173;36;4619.00;157
12155;35;624977395;12155;487;13328;13483;4.94;0.31;310.82;12.48;1173;36;4620.00;155
12158;35;624977408;12158;489;13331;13483;4.89;0.30;310.78;12.48;1173;36;4621.00;152
12162;35;624977421;12162;490;13334;13483;4.80;0.30;310.76;12.48;1172;36;4622.00;149
12166;35;624977434;12166;503;13338;13487;4.73;0.29;310.73;12.47;1172;36;4623.00;149
12166;35;624977448;12166;504;13338;13487;4.68;0.29;310.73;12.47;1172;36;4624.00;149
12170;35;624977460;12170;508;13340;13487;4.61;0.29;310.70;12.47;1170;36;4625.00;147
12176;35;624977481;12176;511;13342;13490;4.56;0.28;310.68;12.47;1166;36;4626.00;148
12178;35;624977494;12178;498;13343;13490;4.55;0.28;310.66;12.47;1165;36;4627.00;147
12181;35;624977507;12181;501;13344;13490;4.56;0.28;310.64;12.47;1163;36;4628.00;146
12182;35;624977520;12182;500;13347;13494;4.60;0.28;310.63;12.47;1165;36;4629.00;147
12184;35;624977533;12184;495;13350;13495;4.61;0.29;310.62;12.47;1166;36;4630.00;145
12187;35;624977547;12187;491;13351;13495;4.65;0.29;310.63;12.60;1164;36;4631.00;144
12190;36;624977561;12190;486;13353;13499;4.69;0.29;310.57;12.60;1163;37;4632.00;146
12193;36;624977588;12193;480;13354;13499;4.72;0.29;310.55;12.60;1161;37;4633.00;145
12194;36;624977603;12194;479;13354;13499;4.77;0.29;310.53;12.60;1160;37;4634.00;145
12197;36;624977617;12197;474;13356;13501;4.80;0.30;310.51;12.59;1159;37;4635.00;145
12198;36;624977632;12198;479;13356;13501;4.75;0.29;310.52;12.59;1158;37;4636.00;145
12202;36;624977645;12202;462;13361;13507;4.78;0.29;310.47;12.59;1159;37;4637.00;146
12205;36;624977659;12205;449;13361;13507;4.76;0.29;310.51;12.59;1156;37;4638.00;146
12210;36;624977672;12210;447;13361;13508;4.79;0.29;310.50;12.59;1151;37;4639.00;147
12212;36;624977686;12212;437;13361;13508;4.82;0.29;310.52;12.59;1149;37;4640.00;147
12214;36;624977699;12214;436;13361;13508;4.89;0.30;310.49;12.59;1147;37;4641.00;147
12217;36;624977712;12217;425;13361;13508;4.94;0.30;310.57;12.59;1144;37;4642.00;147
12220;36;624977726;12220;423;13361;13508;4.97;0.30;310.59;12.59;1141;37;4643.00;147
12221;36;624977739;12221;430;13371;13520;5.13;0.31;310.59;12.58;1150;37;4644.00;149
12223;36;624977754;12223;431;13372;13520;5.18;0.32;310.63;12.58;1149;37;4645.00;148
12223;36;624977778;12223;416;13372;13520;5.29;0.32;310.63;12.58;1149;37;4646.00;148
12225;36;624977793;12225;405;13373;13520;5.41;0.33;310.64;12.71;1148;37;4647.00;147
12228;36;624977816;12228;391;13373;13520;5.52;0.34;310.72;12.71;1145;37;4648.00;147
12229;36;624977830;12229;383;13373;13520;5.66;0.34;310.72;12.71;1144;37;4649.00;147
12229;36;624977846;12229;371;13378;13526;5.81;0.35;310.72;12.71;1149;37;4650.00;148
12231;36;624977864;12231;367;13378;13526;5.87;0.36;310.79;12.71;1147;37;4651.00;148
12234;36;624977886;12234;359;13382;13530;5.98;0.36;310.82;12.70;1148;37;4652.00;148
12235;36;624977905;12235;355;13383;13531;6.06;0.37;310.89;12.70;1148;37;4653.00;148
12238;36;624977921;12238;347;13384;13531;6.09;0.37;310.91;12.83;1146;37;4654.00;147
12240;36;624977937;12240;344;13384;13531;6.12;0.37;310.92;12.83;1144;37;4655.00;147
12242;36;624977953;12242;341;13395;13544;6.22;0.38;310.96;12.82;1153;37;4656.00;149
12243;36;624977971;12243;339;13395;13544;6.32;0.38;310.99;12.82;1152;37;4657.00;149
12247;36;624977986;12247;342;13396;13544;6.33;0.39;311.09;12.96;1149;37;4658.00;148
12247;36;624978001;12247;339;13397;13545;6.36;0.39;311.09;12.95;1150;37;4659.00;148
12248;36;624978017;12248;331;13397;13546;6.41;0.39;311.07;12.95;1149;37;4660.00;149
12254;36;624978032;12254;331;13397;13546;6.39;0.39;311.24;12.95;1143;37;4661.00;149
12256;36;624978046;12256;325;13399;13549;6.48;0.39;311.31;12.95;1143;37;4662.00;150
12259;36;624978060;12259;322;13399;13549;6.55;0.40;311.36;12.95;1140;37;4663.00;150
12260;36;624978075;12260;321;13400;13549;6.63;0.40;311.35;12.95;1140;37;4664.00;149
12264;36;624978090;12264;316;13400;13549;6.65;0.40;311.43;12.95;1136;37;4665.00;149
12266;36;624978104;12266;320;13405;13555;6.72;0.41;311.47;12.95;1139;37;4666.00;150
12267;36;624978119;12267;325;13405;13555;6.75;0.41;311.47;12.95;1138;37;4667.00;150
12271;36;624978133;12271;320;13405;13555;6.78;0.41;311.47;12.95;1134;37;4668.00;150
12274;36;624978148;12274;320;13405;13555;6.83;0.42;311.48;12.95;1131;37;4669.00;150
12276;36;624978163;12276;322;13408;13559;6.88;0.42;311.57;12.94;1132;37;4670.00;151
12278;36;624978176;12278;319;13409;13560;6.97;0.42;311.57;12.94;1131;37;4671.00;151
12282;36;624978192;12282;328;13410;13560;6.96;0.42;311.64;13.08;1128;37;4672.00;150
12286;36;624978206;12286;320;13411;13561;7.02;0.43;311.70;13.08;1125;37;4673.00;150
12289;36;624978221;12289;316;13411;13561;7.04;0.43;311.69;13.08;1122;37;4674.00;150
12292;36;624978235;12292;314;13411;13561;7.02;0.43;311.75;13.08;1119;37;4675.00;150
12296;36;624978250;12296;317;13411;13561;7.05;0.43;311.83;13.08;1115;37;4676.00;150
12297;36;624978263;12297;312;13411;13561;7.14;0.43;311.81;13.08;1114;37;4677.00;150
12299;36;624978277;12299;312;13411;13561;7.18;0.44;311.85;13.08;1112;37;4678.00;150
12302;36;624978291;12302;311;13411;13561;7.22;0.44;311.94;13.08;1109;37;4679.00;150
12304;36;624978308;12304;337;13475;13686;7.20;0.44;311.99;13.01;1171;37;4680.00;211
12308;36;624978332;12308;319;13475;13687;7.17;0.44;312.09;13.01;1167;37;4681.00;212
12311;36;624978347;12311;317;13483;13687;7.26;0.44;312.10;13.14;1172;37;4682.00;204
12316;36;624978362;12316;313;13486;13687;7.30;0.45;312.22;13.14;1170;37;4683.00;201
12319;36;624978377;12319;309;13492;13687;7.38;0.45;312.33;13.13;1173;37;4684.00;195
12321;36;624978393;12321;306;13495;13687;7.43;0.45;312.37;13.13;1174;37;4685.00;192
12324;37;624978409;12324;308;13500;13687;7.52;0.46;312.46;13.13;1176;38;4686.00;187
12327;37;624978437;12327;319;13504;13687;7.56;0.46;312.49;13.13;1177;38;4687.00;183
12331;37;624978452;12331;323;13508;13688;7.54;0.46;312.56;13.13;1177;38;4688.00;180
12335;37;624978475;12335;328;13511;13689;7.49;0.46;312.53;13.13;1176;38;4689.00;178
12343;37;624978491;12343;326;13513;13689;7.36;0.45;312.55;13.12;1170;38;4690.00;176
12345;37;624978507;12345;325;13517;13693;7.29;0.45;312.64;13.12;1172;38;4691.00;176
12347;37;624978523;12347;319;13517;13693;7.21;0.44;312.62;13.12;1170;38;4692.00;176
12353;37;624978550;12353;322;13519;13693;7.09;0.44;312.67;13.12;1166;38;4693.00;174
12354;37;624978578;12354;328;13520;13693;7.00;0.43;312.71;13.13;1166;38;4694.00;173
12357;37;624978599;12357;314;13524;13699;6.92;0.42;312.71;13.14;1167;38;4695.00;175
12359;37;624978617;12359;311;13524;13699;6.89;0.42;312.71;13.14;1165;38;4696.00;175
12361;37;624978638;12361;316;13524;13699;6.87;0.42;312.74;13.14;1163;38;4697.00;175
12365;37;624978660;12365;309;13526;13702;6.86;0.42;312.74;13.14;1161;38;4698.00;176
12370;37;624978675;12370;312;13526;13702;6.84;0.42;312.78;13.14;1156;38;4699.00;176
12372;37;624978692;12372;310;13527;13702;6.84;0.42;312.76;13.14;1155;38;4700.00;175
12376;37;624978713;12376;311;13527;13703;6.81;0.42;312.83;13.14;1151;38;4701.00;176
12378;37;624978728;12378;308;13528;13704;6.80;0.42;312.86;13.14;1150;38;4702.00;176
12380;37;624978743;12380;299;13529;13704;6.80;0.42;312.82;13.14;1149;38;4703.00;175
12384;37;624978758;12384;306;13537;13717;6.79;0.42;312.84;13.13;1153;38;4704.00;180
12390;37;624978774;12390;303;13539;13717;6.77;0.41;312.94;13.13;1149;38;4705.00;178
12390;37;624978789;12390;316;13539;13717;6.80;0.42;312.94;13.13;1149;38;4706.00;178
12393;37;624978803;12393;319;13541;13718;6.79;0.42;312.99;13.13;1148;38;4707.00;177
12398;37;624978818;12398;316;13541;13718;6.77;0.41;313.05;13.13;1143;38;4708.00;177
12401;37;624978834;12401;318;13544;13722;6.81;0.42;313.10;13.13;1143;38;4709.00;178
12403;37;624978851;12403;321;13547;13722;6.75;0.41;313.12;13.13;1144;38;4710.00;175
12405;37;624978866;12405;323;13550;13726;6.68;0.41;313.18;13.13;1145;38;4711.00;176
12407;37;624978888;12407;326;13550;13726;6.68;0.41;313.18;13.13;1143;38;4712.00;176
12410;37;624978909;12410;325;13552;13726;6.65;0.41;313.26;13.13;1142;38;4713.00;174
12414;37;624978931;12414;326;13552;13726;6.63;0.41;313.30;13.13;1138;38;4714.00;174
12418;37;624978951;12418;329;13552;13726;6.59;0.40;313.41;13.13;1134;38;4715.00;174
12424;37;624978971;12424;320;13564;13738;6.62;0.40;313.48;13.13;1140;38;4716.00;174
12429;37;624978993;12429;325;13565;13738;6.58;0.40;313.58;13.13;1136;38;4717.00;173
12432;37;624979008;12432;332;13565;13738;6.49;0.40;313.59;13.13;1133;38;4718.00;173
12434;37;624979023;12434;344;13566;13738;6.41;0.39;313.63;13.14;1132;38;4719.00;172
12438;37;624979038;12438;348;13567;13738;6.27;0.38;313.68;13.15;1129;38;4720.00;171
12440;37;624979052;12440;352;13567;13738;6.22;0.38;313.76;13.15;1127;38;4721.00;171
12443;37;624979068;12443;351;13568;13739;6.12;0.37;313.81;13.16;1125;38;4722.00;171
12446;37;624979082;12446;353;13569;13739;6.06;0.37;313.86;13.17;1123;38;4723.00;170
12446;37;624979096;12446;363;13575;13745;6.08;0.37;313.86;13.18;1129;38;4724.00;170
12447;37;624979110;12447;362;13578;13747;6.07;0.37;313.84;13.18;1131;38;4725.00;169
12450;37;624979125;12450;361;13579;13747;6.01;0.37;313.83;13.19;1129;38;4726.00;168
12454;37;624979140;12454;367;13579;13747;5.98;0.37;313.90;13.19;1125;38;4727.00;168
12457;37;624979154;12457;378;13584;13751;6.01;0.37;313.89;13.20;1127;38;4728.00;167
12462;37;624979169;12462;382;13585;13751;5.96;0.36;313.97;13.22;1123;38;4729.00;166
12465;37;624979183;12465;382;13586;13751;5.96;0.36;313.98;13.22;1121;38;4730.00;165
12467;37;624979196;12467;388;13589;13752;5.97;0.36;313.97;13.23;1122;38;4731.00;163
12469;37;624979210;12469;396;13592;13756;5.95;0.36;314.02;13.23;1123;38;4732.00;164
12470;37;624979226;12470;402;13592;13756;5.95;0.36;314.07;13.23;1122;38;4733.00;164
12473;37;624979239;12473;401;13597;13759;5.91;0.36;314.06;13.25;1124;38;4734.00;162
12475;37;624979252;12475;404;13597;13759;5.85;0.36;314.04;13.25;1122;38;4735.00;162
12477;37;624979266;12477;408;13600;13759;5.82;0.35;314.05;13.26;1123;38;4736.00;159
12479;37;624979280;12479;414;13600;13759;5.75;0.35;314.04;13.26;1121;38;4737.00;159
12482;37;624979292;12482;419;13605;13763;5.72;0.35;314.07;13.26;1123;38;4738.00;158
12483;37;624979305;12483;426;13605;13763;5.65;0.34;314.06;13.26;1122;38;4739.00;158
12485;37;624979320;12485;422;13605;13763;5.59;0.34;314.13;13.26;1120;38;4740.00;158
12487;37;624979332;12487;418;13606;13763;5.54;0.34;314.15;13.28;1119;38;4741.00;157
12490;37;624979345;12490;416;13609;13764;5.46;0.33;314.20;13.31;1119;38;4742.00;155
12495;37;624979358;12495;410;13611;13765;5.43;0.33;314.23;13.32;1116;38;4743.00;154
12495;37;624979370;12495;410;13611;13765;5.43;0.33;314.23;13.32;1116;38;4744.00;154
12495;37;624979382;12495;407;13613;13766;5.44;0.33;314.23;13.33;1118;38;4745.00;153
12498;37;624979395;12498;410;13614;13766;5.43;0.33;314.17;13.34;1116;38;4746.00;152
12501;37;624979407;12501;408;13614;13766;5.40;0.33;314.18;13.34;1113;38;4747.00;152
12502;37;624979420;12502;410;13616;13766;5.39;0.33;314.17;13.36;1114;38;4748.00;150
12503;37;624979433;12503;421;13616;13766;5.35;0.33;314.16;13.36;1113;38;4749.00;150
12504;37;624979445;12504;417;13616;13766;5.29;0.32;314.14;13.36;1112;38;4750.00;150
12509;37;624979456;12509;419;13618;13766;5.19;0.32;314.21;13.38;1109;38;4751.00;148
12510;37;624979469;12510;439;13684;13893;5.43;0.34;314.19;13.31;1174;38;4752.00;209
12511;37;624979493;12511;435;13689;13894;5.39;0.33;314.19;13.31;1178;38;4753.00;205
12517;37;624979506;12517;430;13700;13894;5.41;0.33;314.16;13.31;1183;38;4754.00;194
12519;37;624979520;12519;436;13701;13894;5.36;0.33;314.14;13.31;1182;38;4755.00;193
12521;37;624979533;12521;430;13709;13894;5.34;0.33;314.18;13.31;1188;38;4756.00;185
12523;37;624979545;12523;437;13711;13894;5.24;0.32;314.17;13.31;1188;38;4757.00;183
12527;37;624979557;12527;438;13715;13894;5.12;0.32;314.21;13.31;1188;38;4758.00;179
12530;37;624979570;12530;441;13721;13894;5.02;0.31;314.15;13.33;1191;38;4759.00;173
12534;37;624979582;12534;441;13724;13895;4.94;0.30;314.22;13.33;1190;38;4760.00;171
12536;37;624979595;12536;440;13727;13896;4.92;0.30;314.20;13.33;1191;38;4761.00;169
12539;37;624979608;12539;445;13731;13896;4.86;0.30;314.17;13.34;1192;38;4762.00;165
12543;37;624979620;12543;442;13736;13897;4.83;0.30;314.16;13.34;1193;38;4763.00;161
12547;37;624979633;12547;438;13739;13897;4.76;0.29;314.14;13.36;1192;38;4764.00;158
12548;37;624979647;12548;442;13742;13897;4.73;0.29;314.15;13.36;1194;38;4765.00;155
12552;37;624979660;12552;454;13742;13897;4.71;0.29;314.11;13.36;1190;38;4766.00;155
12553;37;624979672;12553;457;13748;13901;4.72;0.29;314.12;13.36;1195;38;4767.00;153
12556;37;624979685;12556;452;13748;13901;4.67;0.29;314.12;13.36;1192;38;4768.00;153
12556;37;624979698;12556;449;13749;13901;4.72;0.29;314.12;13.36;1193;38;4769.00;152
12557;37;624979716;12557;452;13752;13907;4.77;0.29;314.13;13.36;1195;38;4770.00;155
12559;37;624979730;12559;445;13753;13907;4.78;0.30;314.14;13.36;1194;38;4771.00;154
12561;37;624979744;12561;453;13755;13907;4.75;0.29;314.14;13.36;1194;38;4772.00;152
12562;37;624979757;12562;451;13757;13911;4.81;0.30;314.15;13.36;1195;38;4773.00;154
12563;37;624979770;12563;447;13760;13912;4.83;0.30;314.15;13.35;1197;38;4774.00;152
12567;37;624979783;12567;456;13761;13912;4.86;0.30;314.13;13.35;1194;38;4775.00;151
12574;37;624979796;12574;449;13766;13916;4.87;0.30;314.12;13.35;1192;38;4776.00;150
12579;37;624979810;12579;459;13766;13916;4.88;0.30;314.10;13.35;1187;38;4777.00;150
12581;37;624979823;12581;461;13767;13916;4.92;0.30;314.08;13.35;1186;38;4778.00;149
12585;37;624979836;12585;452;13769;13917;4.92;0.30;314.08;13.49;1184;38;4779.00;148
12586;37;624979852;12586;435;13769;13917;4.94;0.30;314.06;13.49;1183;38;4780.00;148
12592;37;624979866;12592;433;13774;13923;4.91;0.30;313.99;13.48;1182;38;4781.00;149
12595;37;624979882;12595;430;13774;13923;4.93;0.30;313.99;13.48;1179;38;4782.00;149
12598;37;624979896;12598;426;13774;13924;4.96;0.30;313.98;13.48;1176;38;4783.00;150
12601;37;624979918;12601;422;13774;13924;5.00;0.30;313.95;13.48;1173;38;4784.00;150
12606;37;624979932;12606;423;13774;13924;5.02;0.31;313.94;13.48;1168;38;4785.00;150
12608;37;624979959;12608;421;13774;13924;5.08;0.31;314.00;13.48;1166;38;4786.00;150
12612;37;624979973;12612;416;13774;13924;5.09;0.31;314.03;13.48;1162;38;4787.00;150
12615;37;624979994;12615;415;13784;13936;5.18;0.31;314.00;13.47;1169;38;4788.00;152
12616;37;624980009;12616;417;13784;13936;5.16;0.31;314.00;13.47;1168;38;4789.00;152
12618;37;624980023;12618;412;13785;13936;5.19;0.31;313.99;13.47;1167;38;4790.00;151
12621;37;624980036;12621;415;13785;13936;5.16;0.31;314.01;13.47;1164;38;4791.00;151
12622;37;624980050;12622;409;13785;13936;5.14;0.31;314.01;13.47;1163;38;4792.00;151
12625;37;624980064;12625;407;13785;13936;5.09;0.31;314.01;13.47;1160;38;4793.00;151
12627;37;624980078;12627;411;13788;13940;5.09;0.31;314.00;13.47;1161;38;4794.00;152
12630;37;624980092;12630;411;13789;13940;5.09;0.31;313.99;13.60;1159;38;4795.00;151
12631;37;624980104;12631;407;13793;13944;5.12;0.31;314.00;13.60;1162;38;4796.00;151
12636;37;624980118;12636;406;13794;13945;5.07;0.31;314.07;13.60;1158;38;4797.00;151
12640;37;624980132;12640;409;13794;13945;5.03;0.31;314.03;13.60;1154;38;4798.00;151
12642;37;624980146;12642;399;13794;13945;4.99;0.30;314.08;13.60;1152;38;4799.00;151
12644;37;624980162;12644;407;13818;13986;5.10;0.31;314.10;13.57;1174;38;4800.00;168
12650;37;624980183;12650;400;13819;13986;5.06;0.31;314.07;13.57;1169;38;4801.00;167
12653;37;624980196;12653;391;13820;13986;5.11;0.31;314.06;13.57;1167;38;4802.00;166
12654;37;624980212;12654;398;13822;13987;5.18;0.32;314.07;13.57;1168;38;4803.00;165
12658;37;624980225;12658;403;13822;13988;5.25;0.32;314.05;13.57;1164;38;4804.00;166
12660;37;624980239;12660;405;13822;13988;5.30;0.32;314.04;13.57;1162;38;4805.00;166
12660;37;624980253;12660;403;13826;13991;5.34;0.33;314.04;13.57;1166;38;4806.00;165
12663;37;624980267;12663;399;13827;13991;5.32;0.33;314.05;13.57;1164;38;4807.00;164
12666;37;624980281;12666;399;13828;13991;5.33;0.33;314.09;13.57;1162;38;4808.00;163
12667;37;624980295;12667;387;13829;13991;5.41;0.33;314.09;13.57;1162;38;4809.00;162
12671;37;624980309;12671;384;13834;13997;5.45;0.33;314.17;13.56;1163;38;4810.00;163
12672;37;624980327;12672;384;13835;13997;5.56;0.34;314.16;13.69;1163;38;4811.00;162
12674;37;624980356;12674;387;13836;13997;5.59;0.34;314.13;13.69;1162;38;4812.00;161
12676;37;624980370;12676;394;13836;13997;5.66;0.35;314.13;13.69;1160;38;4813.00;161
12679;37;624980392;12679;391;13839;14001;5.82;0.36;314.20;13.69;1160;38;4814.00;162
12685;37;624980413;12685;393;13842;14003;5.90;0.36;314.23;13.68;1157;38;4815.00;161
12686;37;624980428;12686;381;13842;14003;5.97;0.36;314.21;13.68;1156;38;4816.00;161
12688;37;624980443;12688;367;13843;14004;6.06;0.37;314.20;13.68;1155;38;4817.00;161
12691;37;624980458;12691;357;13843;14004;6.10;0.37;314.24;13.68;1152;38;4818.00;161
12696;37;624980478;12696;349;13843;14004;6.15;0.37;314.32;13.68;1147;38;4819.00;161
12699;37;624980494;12699;348;13843;14004;6.23;0.38;314.36;13.68;1144;38;4820.00;161
12703;37;624980510;12703;344;13844;14004;6.27;0.38;314.46;13.68;1141;38;4821.00;160
12706;37;624980526;12706;334;13844;14004;6.37;0.39;314.45;13.68;1138;38;4822.00;160
12709;37;624980541;12709;336;13844;14004;6.46;0.39;314.55;13.68;1135;38;4823.00;160
12713;37;624980556;12713;343;13885;14074;6.57;0.40;314.66;13.64;1172;38;4824.00;189
12715;37;624980577;12715;339;13886;14075;6.67;0.41;314.69;13.64;1171;38;4825.00;189
12719;37;624980594;12719;334;13891;14075;6.69;0.41;314.80;13.64;1172;38;4826.00;184
12723;37;624980617;12723;337;13894;14075;6.71;0.41;314.93;13.64;1171;38;4827.00;181
12723;37;624980634;12723;341;13899;14077;6.75;0.41;314.93;13.63;1176;38;4828.00;178
12729;37;624980652;12729;336;13901;14077;6.75;0.41;314.99;13.63;1172;38;4829.00;176
12732;37;624980669;12732;342;13904;14077;6.81;0.41;315.07;13.63;1172;38;4830.00;173
12734;37;624980684;12734;338;13906;14077;6.91;0.42;315.14;13.63;1172;38;4831.00;171
12737;37;624980700;12737;346;13910;14078;6.93;0.42;315.18;13.63;1173;38;4832.00;168
12741;37;624980718;12741;342;13912;14079;6.97;0.42;315.25;13.63;1171;38;4833.00;167
12744;37;624980734;12744;347;13913;14079;7.04;0.43;315.36;13.63;1169;38;4834.00;166
12749;37;624980750;12749;345;13917;14083;7.07;0.43;315.44;13.63;1168;38;4835.00;166
12749;37;624980766;12749;346;13918;14083;7.14;0.43;315.44;13.63;1169;38;4836.00;165
12751;37;624980783;12751;346;13918;14083;7.20;0.44;315.51;13.63;1167;38;4837.00;165
12754;37;624980799;12754;345;13919;14083;7.19;0.44;315.60;13.63;1165;38;4838.00;164
12755;37;624980815;12755;346;13924;14089;7.21;0.44;315.60;13.62;1169;38;4839.00;165
12757;37;624980831;12757;346;13924;14089;7.21;0.44;315.68;13.62;1167;38;4840.00;165
12759;37;624980852;12759;347;13924;14089;7.22;0.44;315.66;13.62;1165;38;4841.00;165
12763;37;624980868;12763;349;13926;14092;7.25;0.44;315.69;13.62;1163;38;4842.00;166
12767;37;624980890;12767;339;13926;14092;7.23;0.44;315.80;13.62;1159;38;4843.00;166
12767;37;624980912;12767;338;13927;14092;7.26;0.44;315.80;13.62;1160;38;4844.00;165
12770;37;624980937;12770;337;13927;14093;7.24;0.44;315.88;13.62;1157;38;4845.00;166
12772;37;624980958;12772;336;13928;14094;7.17;0.44;315.95;13.62;1156;38;4846.00;166
12776;37;624980981;12776;332;13928;14094;7.13;0.43;315.94;13.62;1152;38;4847.00;166
12778;37;624981004;12778;333;13938;14107;7.13;0.43;315.93;13.61;1160;38;4848.00;169
12781;37;624981022;12781;333;13938;14107;7.11;0.43;315.99;13.61;1157;38;4849.00;169
12788;37;624981039;12788;333;13939;14107;7.11;0.43;316.03;13.61;1151;38;4850.00;168
12788;37;624981056;12788;330;13940;14108;7.12;0.43;316.03;13.61;1152;38;4851.00;168
12793;37;624981080;12793;327;13940;14108;7.06;0.43;316.07;13.61;1147;38;4852.00;168
12795;37;624981095;12795;321;13944;14112;7.08;0.43;316.09;13.60;1149;38;4853.00;168
12798;37;624981110;12798;313;13944;14112;7.12;0.43;316.08;13.60;1146;38;4854.00;168
12802;37;624981124;12802;311;13947;14116;7.15;0.43;316.16;13.60;1145;38;4855.00;169
12805;37;624981139;12805;301;13948;14116;7.15;0.43;316.20;13.73;1143;38;4856.00;168
12806;37;624981163;12806;302;13948;14116;7.14;0.43;316.20;13.73;1142;38;4857.00;168
12808;37;624981181;12808;300;13948;14116;7.13;0.43;316.18;13.73;1140;38;4858.00;168
12811;37;624981196;12811;296;13948;14116;7.11;0.43;316.17;13.73;1137;38;4859.00;168
12817;37;624981213;12817;305;13971;14150;7.14;0.44;316.23;13.71;1154;38;4860.00;179
12817;37;624981232;12817;303;13971;14150;7.10;0.43;316.23;13.71;1154;38;4861.00;179
12823;37;624981255;12823;295;13973;14150;7.08;0.43;316.33;13.71;1150;38;4862.00;177
12826;37;624981276;12826;291;13974;14150;7.04;0.43;316.36;13.70;1148;38;4863.00;176
12829;37;624981293;12829;291;13976;14150;7.05;0.43;316.35;13.70;1147;38;4864.00;174
12831;37;624981309;12831;291;13978;14150;7.05;0.43;316.40;13.73;1147;38;4865.00;172
12835;37;624981327;12835;291;13978;14151;7.03;0.43;316.36;13.73;1143;38;4866.00;173
12840;37;624981344;12840;291;13978;14151;7.03;0.43;316.43;13.73;1138;38;4867.00;173
12844;37;624981361;12844;287;13982;14157;7.06;0.43;316.46;13.72;1138;38;4868.00;175
12849;37;624981377;12849;289;13982;14158;7.03;0.43;316.47;13.72;1133;38;4869.00;176
12853;37;624981393;12853;292;13983;14158;7.01;0.43;316.44;13.72;1130;38;4870.00;175
12859;37;624981408;12859;293;13983;14158;6.95;0.42;316.49;13.72;1124;38;4871.00;175
12862;37;624981424;12862;300;13985;14162;6.87;0.42;316.52;13.72;1123;38;4872.00;177
12865;37;624981440;12865;308;13986;14162;6.83;0.41;316.56;13.72;1121;38;4873.00;176
12869;37;624981456;12869;309;13986;14162;6.78;0.41;316.61;13.72;1117;38;4874.00;176
12871;37;624981471;12871;307;13988;14163;6.75;0.41;316.65;13.72;1117;38;4875.00;175
12874;37;624981486;12874;312;13991;14167;6.69;0.41;316.67;13.72;1117;38;4876.00;176
12878;37;624981501;12878;305;13992;14167;6.64;0.40;316.70;13.72;1114;38;4877.00;175
12879;37;624981516;12879;306;13994;14170;6.63;0.40;316.73;13.72;1115;38;4878.00;176
12884;37;624981531;12884;303;13995;14170;6.57;0.40;316.79;13.71;1111;38;4879.00;175
12888;37;624981546;12888;310;13995;14170;6.56;0.40;316.85;13.71;1107;38;4880.00;175
12892;37;624981561;12892;313;13995;14170;6.57;0.40;316.86;13.71;1103;38;4881.00;175
12895;37;624981576;12895;308;13999;14174;6.59;0.40;316.90;13.71;1104;38;4882.00;175
12895;37;624981592;12895;308;13999;14174;6.62;0.40;316.90;13.71;1104;38;4883.00;175
12900;37;624981605;12900;310;13999;14174;6.56;0.40;317.01;13.71;1099;38;4884.00;175
12902;37;624981619;12902;312;13999;14174;6.49;0.40;316.99;13.71;1097;38;4885.00;175
12906;37;624981634;12906;314;13999;14175;6.38;0.39;317.20;13.71;1093;38;4886.00;176
12908;37;624981649;12908;328;14000;14176;6.34;0.39;317.22;13.71;1092;38;4887.00;176
12911;37;624981663;12911;329;14000;14176;6.29;0.38;317.38;13.71;1089;38;4888.00;176
12916;37;624981677;12916;336;14001;14177;6.28;0.38;317.42;13.71;1085;38;4889.00;176
12918;37;624981693;12918;338;14003;14177;6.24;0.38;317.52;13.73;1085;38;4890.00;174
12921;37;624981708;12921;342;14003;14177;6.21;0.38;317.52;13.73;1082;38;4891.00;174
12924;37;624981722;12924;346;14003;14177;6.18;0.38;317.57;13.73;1079;38;4892.00;174
12926;37;624981736;12926;352;14004;14177;6.13;0.37;317.54;13.74;1078;38;4893.00;173
12927;37;624981749;12927;354;14005;14177;6.05;0.37;317.53;13.75;1078;38;4894.00;172
12928;37;624981762;12928;358;14006;14177;6.05;0.37;317.54;13.76;1078;38;4895.00;171
12930;37;624981780;12930;376;14074;14304;6.29;0.39;317.52;13.72;1144;38;4896.00;230
12931;37;624981804;12931;372;14078;14305;6.24;0.39;317.51;13.72;1147;38;4897.00;227
12931;37;624981817;12931;369;14088;14305;6.25;0.39;317.51;13.71;1157;38;4898.00;217
12935;37;624981830;12935;369;14089;14305;6.17;0.38;317.47;13.73;1154;38;4899.00;216
12939;37;624981844;12939;375;14098;14305;6.16;0.38;317.46;13.72;1159;38;4900.00;207
12942;37;624981861;12942;375;14103;14305;6.09;0.38;317.47;13.74;1161;38;4901.00;202
12945;37;624981884;12945;379;14107;14305;6.04;0.37;317.47;13.73;1162;38;4902.00;198
12946;37;624981898;12946;375;14112;14305;5.99;0.37;317.46;13.75;1166;38;4903.00;193
12948;37;624981911;12948;376;14115;14306;5.91;0.36;317.42;13.75;1167;38;4904.00;191
12949;37;624981925;12949;389;14123;14308;5.90;0.36;317.42;13.76;1174;38;4905.00;185
12951;37;624981938;12951;390;14126;14308;5.80;0.36;317.41;13.77;1175;38;4906.00;182
12953;37;624981952;12953;393;14129;14309;5.69;0.35;317.37;13.77;1176;38;4907.00;180
12954;37;624981965;12954;399;14132;14309;5.59;0.34;317.35;13.77;1178;38;4908.00;177
12959;37;624981997;12959;402;14134;14309;5.44;0.33;317.28;13.78;1175;38;4909.00;175
12960;37;624982013;12960;407;14135;14309;5.33;0.33;317.27;13.78;1175;38;4910.00;174
12963;37;624982027;12963;408;14142;14313;5.24;0.32;317.32;13.79;1179;38;4911.00;171
12964;37;624982041;12964;413;14143;14313;5.19;0.32;317.29;13.79;1179;38;4912.00;170
12967;37;624982056;12967;414;14144;14313;5.12;0.31;317.24;13.80;1177;38;4913.00;169
12968;37;624982071;12968;420;14147;14316;5.03;0.31;317.23;13.81;1179;38;4914.00;169
12969;37;624982086;12969;431;14148;14316;4.98;0.31;317.21;13.81;1179;38;4915.00;168
12970;37;624982100;12970;432;14150;14316;4.92;0.30;317.22;13.82;1180;38;4916.00;166
12972;37;624982116;12972;441;14156;14320;4.90;0.30;317.21;13.84;1184;38;4917.00;164
12974;37;624982131;12974;444;14158;14321;4.86;0.30;317.22;13.85;1184;38;4918.00;163
12975;37;624982145;12975;447;14159;14321;4.80;0.30;317.20;13.85;1184;38;4919.00;162
12977;37;624982162;12977;452;14163;14326;4.78;0.29;317.21;13.85;1186;38;4920.00;163
12978;37;624982179;12978;461;14167;14326;4.75;0.29;317.20;13.87;1189;38;4921.00;159
12981;37;624982193;12981;463;14168;14326;4.68;0.29;317.15;13.88;1187;38;4922.00;158
12982;37;624982208;12982;472;14169;14327;4.65;0.29;317.15;13.88;1187;38;4923.00;158
12985;37;624982221;12985;468;14169;14327;4.55;0.28;317.11;13.88;1184;38;4924.00;158
12987;37;624982233;12987;467;14176;14333;4.48;0.28;317.11;13.88;1189;38;4925.00;157
12989;37;624982247;12989;464;14176;14333;4.41;0.27;317.11;13.88;1187;38;4926.00;157
12992;37;624982260;12992;479;14177;14334;4.30;0.27;317.10;13.89;1185;38;4927.00;157
12997;37;624982273;12997;473;14178;14334;4.15;0.26;317.08;13.90;1181;38;4928.00;156
13000;37;624982285;13000;480;14178;14334;4.07;0.25;317.05;13.90;1178;38;4929.00;156
13004;37;624982296;13004;480;14179;14334;3.96;0.24;317.00;13.91;1175;38;4930.00;155
13008;37;624982308;13008;467;14180;14334;3.92;0.24;317.01;13.92;1172;38;4931.00;154
13011;37;624982321;13011;453;14190;14346;3.98;0.24;317.01;13.91;1179;38;4932.00;156
13013;37;624982335;13013;446;14191;14346;3.99;0.25;317.03;13.92;1178;38;4933.00;155
13014;37;624982347;13014;439;14193;14346;4.07;0.25;317.03;13.92;1179;38;4934.00;153
13017;37;624982361;13017;436;14194;14346;4.13;0.25;317.05;13.93;1177;38;4935.00;152
13019;37;624982374;13019;430;14194;14346;4.21;0.26;317.04;13.93;1175;38;4936.00;152
13023;37;624982388;13023;429;14194;14346;4.24;0.26;317.02;13.93;1171;38;4937.00;152
13025;37;624982413;13025;419;14197;14350;4.34;0.27;317.02;13.93;1172;38;4938.00;153
13029;37;624982427;13029;412;14197;14350;4.43;0.27;317.04;13.93;1168;38;4939.00;153
13031;37;624982439;13031;411;14201;14354;4.58;0.28;317.05;13.92;1170;38;4940.00;153
13033;37;624982453;13033;403;14202;14355;4.68;0.29;317.05;13.92;1169;38;4941.00;153
13035;37;624982469;13035;404;14202;14355;4.78;0.29;317.06;13.92;1167;38;4942.00;153
13040;37;624982482;13040;399;14202;14355;4.87;0.30;317.01;13.92;1162;38;4943.00;153
13043;37;624982495;13043;390;14214;14368;5.06;0.31;317.01;14.04;1171;38;4944.00;154
13045;37;624982511;13045;383;14214;14368;5.18;0.32;317.00;14.04;1169;38;4945.00;154
13046;37;624982532;13046;376;14214;14368;5.26;0.32;316.99;14.04;1168;38;4946.00;154
13050;37;624982546;13050;379;14215;14369;5.32;0.32;317.00;14.04;1165;38;4947.00;154
13053;37;624982560;13053;371;14215;14370;5.40;0.33;316.99;14.04;1162;38;4948.00;155
13057;37;624982574;13057;366;14215;14370;5.40;0.33;316.95;14.04;1158;38;4949.00;155
13061;37;624982590;13061;360;14221;14379;5.46;0.33;316.94;14.04;1160;38;4950.00;158
13062;37;624982612;13062;360;14222;14379;5.52;0.34;316.95;14.04;1160;38;4951.00;157
13065;37;624982626;13065;357;14223;14379;5.51;0.34;316.95;14.03;1158;38;4952.00;156
13070;37;624982640;13070;354;14223;14379;5.50;0.34;317.00;14.03;1153;38;4953.00;156
13073;37;624982653;13073;350;14228;14385;5.52;0.34;317.02;14.03;1155;38;4954.00;157
13078;37;624982667;13078;347;14229;14385;5.54;0.34;317.04;14.03;1151;38;4955.00;156
13080;37;624982681;13080;350;14229;14385;5.53;0.34;317.05;14.03;1149;38;4956.00;156
13083;37;624982695;13083;360;14229;14385;5.48;0.33;317.09;14.03;1146;38;4957.00;156
13086;37;624982709;13086;355;14232;14389;5.45;0.33;317.10;14.03;1146;38;4958.00;157
13090;37;624982722;13090;353;14234;14390;5.43;0.33;317.20;14.16;1144;38;4959.00;156
13095;37;624982736;13095;356;14234;14390;5.39;0.33;317.18;14.16;1139;38;4960.00;156
13098;37;624982749;13098;360;14235;14391;5.41;0.33;317.21;14.16;1137;38;4961.00;156
13101;37;624982763;13101;361;14235;14391;5.44;0.33;317.20;14.16;1134;38;4962.00;156
13105;37;624982776;13105;368;14235;14391;5.37;0.33;317.16;14.16;1130;38;4963.00;156
13112;37;624982789;13112;361;14235;14391;5.26;0.32;317.17;14.16;1123;38;4964.00;156
13114;37;624982801;13114;371;14235;14391;5.26;0.32;317.21;14.16;1121;38;4965.00;156
13116;37;624982815;13116;374;14235;14391;5.27;0.32;317.19;14.16;1119;38;4966.00;156
13121;37;624982829;13121;381;14235;14391;5.25;0.32;317.26;14.16;1114;38;4967.00;156
13124;37;624982841;13124;398;14277;14461;5.34;0.33;317.24;14.12;1153;38;4968.00;184
13127;37;624982861;13127;390;14277;14462;5.34;0.33;317.26;14.12;1150;38;4969.00;185
13129;37;624982874;13129;383;14282;14462;5.43;0.33;317.25;14.11;1153;38;4970.00;180
13131;37;624982894;13131;381;14285;14462;5.49;0.34;317.29;14.24;1154;38;4971.00;177
13132;37;624982915;13132;377;14287;14462;5.57;0.34;317.28;14.24;1155;38;4972.00;175
13134;37;624982938;13134;370;14289;14462;5.67;0.35;317.38;14.24;1155;38;4973.00;173
13135;37;624982960;13135;369;14292;14462;5.73;0.35;317.37;14.24;1157;38;4974.00;170
13137;37;624982981;13137;364;14294;14462;5.80;0.35;317.44;14.23;1157;38;4975.00;168
13138;37;624983002;13138;371;14296;14463;5.84;0.36;317.46;14.23;1158;38;4976.00;167
13139;37;624983018;13139;351;14298;14464;5.87;0.36;317.48;14.23;1159;38;4977.00;166
13140;37;624983032;13140;346;14300;14464;5.93;0.36;317.49;14.23;1160;38;4978.00;164
13142;37;624983047;13142;339;14306;14468;5.97;0.36;317.54;14.23;1164;38;4979.00;162
13146;37;624983064;13146;335;14307;14468;5.99;0.36;317.56;14.23;1161;38;4980.00;161
13148;37;624983080;13148;333;14307;14468;6.02;0.37;317.58;14.23;1159;38;4981.00;161
13150;37;624983095;13150;329;14307;14468;6.06;0.37;317.61;14.23;1157;38;4982.00;161
13151;37;624983110;13151;324;14312;14474;6.16;0.38;317.67;14.22;1161;38;4983.00;162
13154;38;624983125;13154;332;14312;14474;6.21;0.38;317.73;14.22;1158;39;4984.00;162
13159;38;624983150;13159;334;14312;14474;6.27;0.38;317.81;14.22;1153;39;4985.00;162
13160;38;624983171;13160;321;14314;14477;6.40;0.39;317.85;14.22;1154;39;4986.00;163
13164;38;624983187;13164;311;14314;14477;6.50;0.40;317.88;14.22;1150;39;4987.00;163
13170;38;624983203;13170;305;14315;14477;6.55;0.40;317.99;14.22;1145;39;4988.00;162
13176;38;624983231;13176;296;14315;14478;6.59;0.40;318.01;14.22;1139;39;4989.00;163
13178;38;624983246;13178;301;14316;14479;6.71;0.41;318.02;14.22;1138;39;4990.00;163
13181;38;624983263;13181;292;14316;14479;6.77;0.41;318.12;14.22;1135;39;4991.00;163
13182;38;624983279;13182;287;14326;14492;6.90;0.42;318.13;14.21;1144;39;4992.00;166
13186;38;624983296;13186;281;14327;14492;6.91;0.42;318.13;14.21;1141;39;4993.00;165
13189;38;624983312;13189;276;14327;14492;6.93;0.42;318.25;14.21;1138;39;4994.00;165
13190;38;624983328;13190;280;14329;14494;7.00;0.43;318.28;14.21;1139;39;4995.00;165
13193;38;624983344;13193;276;14329;14494;7.03;0.43;318.37;14.21;1136;39;4996.00;165
13196;38;624983360;13196;272;14333;14498;7.12;0.43;318.42;14.20;1137;39;4997.00;165
13202;38;624983376;13202;272;14333;14498;7.10;0.43;318.49;14.20;1131;39;4998.00;165
13204;38;624983393;13204;273;14336;14502;7.12;0.43;318.47;14.20;1132;39;4999.00;166
13207;38;624983411;13207;274;14336;14502;7.13;0.43;318.52;14.20;1129;39;5000.00;166
13211;38;624983430;13211;270;14336;14502;7.10;0.43;318.56;14.20;1125;39;5001.00;166
13214;38;624983446;13214;266;14336;14502;7.11;0.43;318.58;14.20;1122;39;5002.00;166
13215;38;624983461;13215;266;14336;14502;7.17;0.43;318.59;14.20;1121;39;5003.00;166
13219;38;624983477;13219;263;14345;14514;7.23;0.44;318.62;14.19;1126;39;5004.00;169
13219;38;624983494;13219;263;14345;14514;7.28;0.44;318.62;14.19;1126;39;5005.00;169
13221;38;624983508;13221;261;14347;14514;7.32;0.44;318.66;14.19;1126;39;5006.00;167
13223;38;624983524;13223;256;14347;14514;7.33;0.45;318.67;14.19;1124;39;5007.00;167
13228;38;624983538;13228;258;14347;14514;7.32;0.44;318.68;14.19;1119;39;5008.00;167
13231;38;624983554;13231;259;14347;14514;7.26;0.44;318.68;14.19;1116;39;5009.00;167
13233;38;624983570;13233;257;14347;14515;7.27;0.44;318.71;14.19;1114;39;5010.00;168
13236;38;624983586;13236;253;14347;14515;7.25;0.44;318.76;14.19;1111;39;5011.00;168
13240;38;624983601;13240;249;14352;14521;7.23;0.44;318.77;14.18;1112;39;5012.00;169
13244;38;624983617;13244;235;14353;14522;7.20;0.44;318.82;14.18;1109;39;5013.00;169
13245;38;624983633;13245;237;14353;14522;7.20;0.44;318.83;14.18;1108;39;5014.00;169
13250;38;624983649;13250;239;14353;14522;7.22;0.44;318.87;14.18;1103;39;5015.00;169
13254;38;624983664;13254;229;14356;14526;7.18;0.43;318.91;14.18;1102;39;5016.00;170
13254;38;624983679;13254;224;14356;14526;7.20;0.44;318.91;14.18;1102;39;5017.00;170
13256;38;624983695;13256;223;14356;14526;7.23;0.44;318.93;14.18;1100;39;5018.00;170
13261;38;624983710;13261;223;14357;14527;7.24;0.44;319.00;14.18;1096;39;5019.00;170
13263;38;624983725;13263;221;14360;14531;7.27;0.44;319.04;14.18;1097;39;5020.00;171
13267;38;624983741;13267;222;14360;14531;7.25;0.44;319.14;14.18;1093;39;5021.00;171
13268;38;624983756;13268;228;14362;14534;7.24;0.44;319.14;14.18;1094;39;5022.00;172
13269;38;624983772;13269;231;14362;14534;7.16;0.43;319.13;14.18;1093;39;5023.00;172
13272;38;624983786;13272;236;14363;14534;7.17;0.44;319.12;14.17;1091;39;5024.00;171
13273;38;624983801;13273;235;14363;14534;7.18;0.44;319.13;14.17;1090;39;5025.00;171
13281;38;624983815;13281;238;14367;14538;7.18;0.44;319.20;14.17;1086;39;5026.00;171
13283;38;624983831;13283;245;14367;14538;7.24;0.44;319.19;14.17;1084;39;5027.00;171
13287;38;624983846;13287;247;14367;14538;7.21;0.44;319.23;14.17;1080;39;5028.00;171
13290;38;624983860;13290;240;14367;14538;7.19;0.44;319.30;14.17;1077;39;5029.00;171
13295;38;624983874;13295;245;14367;14539;7.15;0.43;319.32;14.17;1072;39;5030.00;172
13298;38;624983889;13298;244;14368;14540;7.09;0.43;319.44;14.17;1070;39;5031.00;172
13303;38;624983903;13303;241;14368;14540;7.03;0.43;319.45;14.17;1065;39;5032.00;172
13306;38;624983917;13306;241;14369;14541;6.99;0.42;319.42;14.17;1063;39;5033.00;172
13309;38;624983931;13309;243;14370;14541;6.97;0.42;319.43;14.18;1061;39;5034.00;171
13312;38;624983946;13312;244;14370;14541;6.96;0.42;319.43;14.18;1058;39;5035.00;171
13315;38;624983959;13315;241;14371;14541;6.97;0.42;319.43;14.20;1056;39;5036.00;170
13318;38;624983979;13318;248;14371;14541;6.94;0.42;319.54;14.20;1053;39;5037.00;170
13323;38;624983994;13323;239;14371;14541;6.90;0.42;319.57;14.20;1048;39;5038.00;170
13326;38;624984007;13326;242;14371;14541;6.86;0.42;319.63;14.20;1045;39;5039.00;170
13329;38;624984022;13329;274;14472;14771;7.01;0.44;319.67;14.10;1143;39;5040.00;299
13333;38;624984054;13333;275;14476;14772;6.98;0.43;319.68;14.09;1143;39;5041.00;296
13336;38;624984069;13336;274;14487;14772;7.05;0.44;319.73;14.09;1151;39;5042.00;285
13339;38;624984084;13339;270;14492;14772;7.08;0.44;319.71;14.09;1153;39;5043.00;280
13343;38;624984098;13343;271;14501;14772;7.07;0.44;319.75;14.08;1158;39;5044.00;271
13345;39;624984120;13345;276;14507;14772;7.07;0.44;319.73;14.08;1162;40;5045.00;265
13349;39;624984146;13349;267;14515;14772;7.06;0.44;319.83;14.07;1166;40;5046.00;257
13350;39;624984161;13350;280;14522;14772;7.01;0.43;319.86;14.07;1172;40;5047.00;250
13352;39;624984181;13352;283;14526;14773;6.95;0.43;319.91;14.07;1174;40;5048.00;247
13356;39;624984195;13356;286;14532;14774;6.93;0.43;319.89;14.07;1176;40;5049.00;242
13359;39;624984210;13359;287;14539;14774;6.85;0.42;319.86;14.06;1180;40;5050.00;235
13363;39;624984223;13363;294;14542;14775;6.75;0.42;319.82;14.06;1179;40;5051.00;233
13365;39;624984237;13365;303;14545;14775;6.67;0.41;319.78;14.06;1180;40;5052.00;230
13367;39;624984251;13367;310;14548;14775;6.59;0.41;319.82;14.06;1181;40;5053.00;227
13370;39;624984264;13370;313;14551;14775;6.50;0.40;319.83;14.06;1181;40;5054.00;224
13374;39;624984283;13374;320;14555;14779;6.39;0.39;319.85;14.06;1181;40;5055.00;224
13375;39;624984297;13375;329;14558;14779;6.34;0.39;319.88;14.06;1183;40;5056.00;221
13376;39;624984310;13376;340;14560;14779;6.28;0.39;319.86;14.06;1184;40;5057.00;219
13377;39;624984324;13377;346;14562;14782;6.21;0.38;319.91;14.06;1185;40;5058.00;220
13380;39;624984337;13380;353;14562;14782;6.12;0.38;319.89;14.06;1182;40;5059.00;220
13381;39;624984356;13381;362;14565;14782;6.09;0.37;319.93;14.07;1184;40;5060.00;217
13383;39;624984369;13383;376;14569;14786;6.09;0.37;319.92;14.08;1186;40;5061.00;217
13387;39;624984382;13387;381;14572;14787;6.03;0.37;319.92;14.08;1185;40;5062.00;215
13388;39;624984395;13388;391;14576;14787;5.96;0.37;319.90;14.10;1188;40;5063.00;211
13391;39;624984408;13391;398;14579;14791;5.90;0.36;319.87;14.10;1188;40;5064.00;212
13394;39;624984422;13394;410;14580;14791;5.80;0.36;319.91;14.10;1186;40;5065.00;211
13396;39;624984435;13396;411;14584;14791;5.76;0.35;319.88;14.11;1188;40;5066.00;207
13398;39;624984447;13398;418;14586;14792;5.70;0.35;319.85;14.12;1188;40;5067.00;206
13398;39;624984460;13398;425;14589;14792;5.63;0.34;319.85;14.13;1191;40;5068.00;203
13400;39;624984473;13400;432;14594;14798;5.60;0.34;319.81;14.13;1194;40;5069.00;204
13403;39;624984488;13403;439;14596;14798;5.54;0.34;319.80;14.14;1193;40;5070.00;202
13404;39;624984501;13404;445;14599;14799;5.46;0.33;319.80;14.15;1195;40;5071.00;200
13406;39;624984514;13406;451;14601;14799;5.39;0.33;319.80;14.16;1195;40;5072.00;198
13410;39;624984526;13410;465;14604;14799;5.34;0.33;319.86;14.18;1194;40;5073.00;195
13412;39;624984539;13412;473;14606;14799;5.26;0.32;319.85;14.18;1194;40;5074.00;193
13413;39;624984551;13413;489;14606;14799;5.14;0.32;319.84;14.18;1193;40;5075.00;193
13415;39;624984564;13415;495;14619;14811;5.09;0.31;319.80;14.19;1204;40;5076.00;192
13416;39;624984577;13416;501;14621;14811;5.03;0.31;319.77;14.19;1205;40;5077.00;190
13418;39;624984593;13418;508;14623;14811;4.93;0.30;319.78;14.20;1205;40;5078.00;188
13421;39;624984606;13421;510;14625;14811;4.84;0.30;319.75;14.20;1204;40;5079.00;186
13421;39;624984622;13421;511;14628;14811;4.79;0.29;319.75;14.21;1207;40;5080.00;183
13421;39;624984644;13421;518;14628;14811;4.75;0.29;319.75;14.21;1207;40;5081.00;183
13422;39;624984656;13422;525;14632;14815;4.71;0.29;319.73;14.22;1210;40;5082.00;183
13423;39;624984668;13423;514;14632;14815;4.71;0.29;319.72;14.22;1209;40;5083.00;183
13428;39;624984680;13428;506;14636;14819;4.71;0.29;319.66;14.22;1208;40;5084.00;183
13429;39;624984698;13429;498;14639;14821;4.69;0.29;319.64;14.23;1210;40;5085.00;182
13431;39;624984711;13431;486;14639;14821;4.72;0.29;319.65;14.23;1208;40;5086.00;182
13432;39;624984724;13432;494;14642;14821;4.74;0.29;319.63;14.26;1210;40;5087.00;179
13435;39;624984737;13435;490;14653;14834;4.77;0.29;319.59;14.25;1218;40;5088.00;181
13436;39;624984750;13436;484;14654;14834;4.81;0.29;319.59;14.26;1218;40;5089.00;180
13436;39;624984767;13436;482;14654;14834;4.85;0.30;319.59;14.26;1218;40;5090.00;180
13437;39;624984779;13437;483;14655;14835;4.88;0.30;319.58;14.26;1218;40;5091.00;180
13437;39;624984792;13437;482;14656;14836;4.87;0.30;319.58;14.28;1219;40;5092.00;180
13440;39;624984804;13440;490;14657;14836;4.83;0.29;319.57;14.29;1217;40;5093.00;179
13440;39;624984817;13440;490;14660;14839;4.84;0.29;319.57;14.28;1220;40;5094.00;179
13443;39;624984830;13443;495;14663;14839;4.79;0.29;319.56;14.32;1220;40;5095.00;176
13447;39;624984842;13447;486;14663;14839;4.77;0.29;319.60;14.32;1216;40;5096.00;176
13450;39;624984854;13450;491;14664;14839;4.72;0.29;319.60;14.33;1214;40;5097.00;175
13451;39;624984867;13451;493;14670;14845;4.74;0.29;319.61;14.32;1219;40;5098.00;175
13455;39;624984879;13455;493;14671;14845;4.67;0.28;319.62;14.33;1216;40;5099.00;174
13457;39;624984902;13457;497;14676;14864;4.62;0.28;319.61;14.32;1219;40;5100.00;188
13458;39;624984934;13458;489;14676;14864;4.59;0.28;319.62;14.32;1218;40;5101.00;188
13460;39;624984953;13460;489;14682;14868;4.60;0.28;319.62;14.35;1222;40;5102.00;186
13463;39;624984972;13463;485;14683;14869;4.58;0.28;319.59;14.35;1220;40;5103.00;186
13467;39;624984992;13467;486;14683;14869;4.59;0.28;319.60;14.35;1216;40;5104.00;186
13471;39;624985008;13471;481;14685;14870;4.62;0.28;319.66;14.36;1214;40;5105.00;185
13474;39;624985022;13474;490;14688;14870;4.64;0.28;319.69;14.35;1214;40;5106.00;182
13474;39;624985036;13474;477;14691;14870;4.74;0.29;319.69;14.38;1217;40;5107.00;179
13477;39;624985049;13477;474;14691;14870;4.79;0.29;319.69;14.38;1214;40;5108.00;179
13477;39;624985063;13477;474;14692;14870;4.82;0.29;319.69;14.39;1215;40;5109.00;178
13480;39;624985084;13480;460;14692;14870;4.84;0.30;319.68;14.39;1212;40;5110.00;178
13485;39;624985098;13485;454;14692;14870;4.83;0.30;319.72;14.39;1207;40;5111.00;178
13487;39;624985112;13487;460;14730;14940;5.04;0.31;319.72;14.35;1243;40;5112.00;210
13491;39;624985132;13491;447;14732;14941;5.15;0.31;319.73;14.35;1241;40;5113.00;209
13495;39;624985148;13495;445;14739;14941;5.20;0.32;319.82;14.34;1244;40;5114.00;202
13499;39;624985162;13499;450;14742;14941;5.27;0.32;319.85;14.34;1243;40;5115.00;199
13502;39;624985176;13502;451;14744;14941;5.33;0.33;319.86;14.34;1242;40;5116.00;197
13507;39;624985191;13507;447;14746;14941;5.32;0.32;319.91;14.34;1239;40;5117.00;195
13512;39;624985206;13512;443;14750;14941;5.34;0.33;319.94;14.34;1238;40;5118.00;191
13515;39;624985221;13515;436;14752;14941;5.40;0.33;320.01;14.34;1237;40;5119.00;189
13520;39;624985235;13520;443;14755;14942;5.42;0.33;320.04;14.34;1235;40;5120.00;187
13522;39;624985251;13522;447;14758;14943;5.44;0.33;320.01;14.33;1236;40;5121.00;185
13525;39;624985265;13525;453;14760;14943;5.41;0.33;320.04;14.33;1235;40;5122.00;183
13529;39;624985282;13529;453;14765;14947;5.39;0.33;320.11;14.33;1236;40;5123.00;182
13532;39;624985298;13532;459;14766;14947;5.35;0.33;320.09;14.33;1234;40;5124.00;181
13536;39;624985312;13536;460;14766;14947;5.35;0.33;320.11;14.33;1230;40;5125.00;181
13538;39;624985328;13538;464;14766;14947;5.39;0.33;320.16;14.33;1228;40;5126.00;181
13542;39;624985343;13542;463;14770;14953;5.41;0.33;320.18;14.33;1228;40;5127.00;183
13546;39;624985358;13546;467;14771;14953;5.40;0.33;320.23;14.33;1225;40;5128.00;182
13548;39;624985373;13548;463;14772;14953;5.39;0.33;320.28;14.33;1224;40;5129.00;181
13550;39;624985390;13550;460;14775;14959;5.43;0.33;320.26;14.33;1225;40;5130.00;184
13552;39;624985405;13552;456;14776;14959;5.42;0.33;320.31;14.33;1224;40;5131.00;183
13555;39;624985421;13555;457;14779;14959;5.39;0.33;320.34;14.46;1224;40;5132.00;180
13558;39;624985438;13558;446;14779;14960;5.41;0.33;320.43;14.46;1221;40;5133.00;181
13562;39;624985453;13562;441;14781;14961;5.39;0.33;320.45;14.46;1219;40;5134.00;180
13563;39;624985469;13563;443;14783;14961;5.38;0.33;320.45;14.46;1220;40;5135.00;178
13567;39;624985483;13567;439;14792;14974;5.38;0.33;320.53;14.45;1225;40;5136.00;182
13571;39;624985499;13571;444;14793;14974;5.40;0.33;320.56;14.45;1222;40;5137.00;181
13575;39;624985514;13575;441;14794;14974;5.39;0.33;320.55;14.45;1219;40;5138.00;180
13581;39;624985529;13581;441;14795;14975;5.35;0.32;320.57;14.45;1214;40;5139.00;180
13586;39;624985544;13586;440;14797;14975;5.32;0.32;320.65;14.45;1211;40;5140.00;178
13590;39;624985558;13590;432;14801;14979;5.31;0.32;320.67;14.45;1211;40;5141.00;178
13591;39;624985573;13591;433;14802;14979;5.31;0.32;320.68;14.45;1211;40;5142.00;177
13594;39;624985589;13594;425;14805;14983;5.31;0.32;320.71;14.45;1211;40;5143.00;178
13595;39;624985604;13595;424;14805;14983;5.32;0.32;320.71;14.45;1210;40;5144.00;178
13597;39;624985619;13597;424;14805;14983;5.35;0.33;320.74;14.45;1208;40;5145.00;178
13600;39;624985634;13600;427;14805;14983;5.35;0.33;320.80;14.45;1205;40;5146.00;178
13601;39;624985649;13601;417;14805;14983;5.40;0.33;320.85;14.45;1204;40;5147.00;178
13606;39;624985664;13606;404;14816;14995;5.44;0.33;320.91;14.57;1210;40;5148.00;179
13608;39;624985680;13608;400;14816;14995;5.48;0.33;320.99;14.57;1208;40;5149.00;179
13611;39;624985695;13611;394;14817;14995;5.52;0.34;321.01;14.57;1206;40;5150.00;178
13613;39;624985711;13613;390;14817;14995;5.58;0.34;321.05;14.57;1204;40;5151.00;178
13615;39;624985726;13615;379;14817;14995;5.67;0.35;321.04;14.57;1202;40;5152.00;178
13618;39;624985750;13618;370;14817;14995;5.70;0.35;321.13;14.57;1199;40;5153.00;178
13621;39;624985772;13621;369;14817;14996;5.70;0.35;321.14;14.57;1196;40;5154.00;179
13626;39;624985787;13626;364;14819;14998;5.74;0.35;321.15;14.57;1193;40;5155.00;179
13629;39;624985803;13629;352;14824;15004;5.78;0.35;321.17;14.56;1195;40;5156.00;180
13631;39;624985820;13631;342;14825;15005;5.83;0.36;321.19;14.56;1194;40;5157.00;180
13633;39;624985836;13633;331;14825;15005;5.88;0.36;321.20;14.56;1192;40;5158.00;180
13637;39;624985852;13637;318;14825;15005;5.92;0.36;321.21;14.56;1188;40;5159.00;180
13638;39;624985877;13638;312;14830;15010;6.01;0.37;321.22;14.69;1192;40;5160.00;180
13641;39;624985897;13641;300;14830;15010;6.06;0.37;321.24;14.69;1189;40;5161.00;180
13643;39;624985914;13643;300;14830;15010;6.08;0.37;321.26;14.69;1187;40;5162.00;180
13647;39;624985931;13647;294;14831;15011;6.12;0.37;321.29;14.69;1184;40;5163.00;180
13648;39;624985948;13648;294;14834;15015;6.20;0.38;321.29;14.69;1186;40;5164.00;181
13650;39;624985965;13650;296;14834;15015;6.23;0.38;321.34;14.69;1184;40;5165.00;181
13654;39;624985980;13654;295;14836;15018;6.30;0.38;321.35;14.69;1182;41;5166.00;182
13656;39;624986004;13656;293;14836;15018;6.35;0.39;321.37;14.69;1180;41;5167.00;182
13660;39;624986019;13660;298;14837;15018;6.35;0.39;321.35;14.69;1177;41;5168.00;181
13662;39;624986034;13662;298;14837;15018;6.39;0.39;321.34;14.69;1175;41;5169.00;181
13666;39;624986050;13666;297;14841;15022;6.46;0.39;321.41;14.68;1175;41;5170.00;181
13669;39;624986066;13669;301;14841;15022;6.49;0.40;321.42;14.68;1172;41;5171.00;181
13675;39;624986082;13675;295;14841;15022;6.43;0.39;321.51;14.68;1166;41;5172.00;181
13677;39;624986098;13677;297;14841;15022;6.42;0.39;321.53;14.68;1164;41;5173.00;181
13680;39;624986113;13680;299;14841;15023;6.40;0.39;321.55;14.68;1161;41;5174.00;182
13685;39;624986127;13685;295;14843;15025;6.37;0.39;321.58;14.68;1158;41;5175.00;182
13691;39;624986142;13691;293;14843;15025;6.34;0.39;321.59;14.68;1152;41;5176.00;182
13694;39;624986164;13694;288;14844;15026;6.36;0.39;321.59;14.68;1150;41;5177.00;182
13698;39;624986179;13698;288;14844;15026;6.37;0.39;321.62;14.68;1146;41;5178.00;182
13701;39;624986194;13701;289;14844;15026;6.37;0.39;321.66;14.68;1143;41;5179.00;182
13704;39;624986208;13704;290;14844;15026;6.46;0.39;321.73;14.68;1140;41;5180.00;182
13706;39;624986223;13706;279;14844;15026;6.51;0.40;321.82;14.68;1138;41;5181.00;182
13709;39;624986236;13709;278;14844;15026;6.56;0.40;321.90;14.68;1135;41;5182.00;182
13712;39;624986252;13712;278;14844;15026;6.63;0.40;321.87;14.68;1132;41;5183.00;182
13714;39;624986278;13714;303;14913;15153;6.74;0.42;321.90;14.61;1199;41;5184.00;240
13716;39;624986321;13716;291;14913;15154;6.72;0.41;321.92;14.61;1197;41;5185.00;241
13717;39;624986336;13717;276;14920;15154;6.84;0.42;321.96;14.61;1203;41;5186.00;234
13718;39;624986351;13718;274;14922;15154;6.89;0.42;321.97;14.60;1204;41;5187.00;232
13722;39;624986365;13722;274;14927;15154;6.86;0.42;322.08;14.60;1205;41;5188.00;227
13723;39;624986380;13723;274;14927;15154;6.87;0.42;322.10;14.60;1204;41;5189.00;227
13726;39;624986401;13726;276;14930;15154;6.88;0.42;322.16;14.60;1204;41;5190.00;224
13729;39;624986416;13729;282;14932;15154;6.94;0.42;322.21;14.60;1203;41;5191.00;222
13732;39;624986431;13732;285;14933;15155;6.97;0.43;322.30;14.60;1201;41;5192.00;222
13735;39;624986446;13735;294;14937;15156;6.96;0.42;322.37;14.60;1202;41;5193.00;219
13739;39;624986460;13739;289;14939;15156;6.92;0.42;322.39;14.60;1200;41;5194.00;217
13744;39;624986476;13744;298;14940;15157;6.80;0.41;322.49;14.60;1196;41;5195.00;217
13747;39;624986491;13747;303;14942;15157;6.76;0.41;322.54;14.60;1195;41;5196.00;215
13751;39;624986508;13751;314;14944;15157;6.70;0.41;322.55;14.59;1193;41;5197.00;213
13756;39;624986524;13756;323;14948;15157;6.63;0.40;322.65;14.59;1192;41;5198.00;209
13761;39;624986539;13761;320;14952;15161;6.60;0.40;322.61;14.59;1191;41;5199.00;209
13764;39;624986556;13764;324;14955;15161;6.54;0.40;322.69;14.59;1191;41;5200.00;206
13766;39;624986574;13766;327;14957;15161;6.47;0.39;322.67;14.59;1191;41;5201.00;204
13768;39;624986588;13768;321;14961;15164;6.44;0.39;322.69;14.59;1193;41;5202.00;203
13770;39;624986602;13770;322;14963;15164;6.40;0.39;322.73;14.59;1193;41;5203.00;201
13777;39;624986616;13777;323;14966;15164;6.32;0.39;322.76;14.59;1189;41;5204.00;198
13779;39;624986630;13779;317;14973;15168;6.26;0.38;322.74;14.62;1194;41;5205.00;195
13783;39;624986646;13783;329;14974;15169;6.18;0.38;322.79;14.62;1191;41;5206.00;195
13785;39;624986660;13785;328;14976;15169;6.21;0.38;322.76;14.61;1191;41;5207.00;193
13790;39;624986673;13790;331;14978;15173;6.19;0.38;322.76;14.61;1188;41;5208.00;195
13794;39;624986687;13794;332;14978;15173;6.19;0.38;322.78;14.61;1184;41;5209.00;195
13797;39;624986701;13797;336;14978;15173;6.17;0.38;322.81;14.61;1181;41;5210.00;195
13799;39;624986715;13799;337;14979;15174;6.13;0.38;322.84;14.61;1180;41;5211.00;195
13801;39;624986729;13801;343;14979;15174;6.02;0.37;322.85;14.61;1178;41;5212.00;195
13805;39;624986743;13805;343;14984;15180;6.02;0.37;322.83;14.61;1179;41;5213.00;196
13809;39;624986756;13809;343;14984;15180;5.96;0.36;322.80;14.61;1175;41;5214.00;196
13812;39;624986770;13812;347;14984;15180;5.90;0.36;322.80;14.61;1172;41;5215.00;196
13813;39;624986783;13813;356;14985;15181;5.87;0.36;322.79;14.61;1172;41;5216.00;196
13815;39;624986796;13815;355;14985;15181;5.83;0.36;322.78;14.61;1170;41;5217.00;196
13816;39;624986809;13816;357;14985;15181;5.81;0.36;322.80;14.61;1169;41;5218.00;196
13823;39;624986822;13823;353;14985;15181;5.75;0.35;322.79;14.61;1162;41;5219.00;196
13827;39;624986837;13827;361;15006;15217;5.81;0.36;322.74;14.59;1179;41;5220.00;211
13830;39;624986853;13830;364;15009;15217;5.75;0.35;322.69;14.59;1179;41;5221.00;208
13834;39;624986866;13834;365;15012;15217;5.74;0.35;322.66;14.58;1178;41;5222.00;205
13836;39;624986878;13836;374;15013;15217;5.72;0.35;322.66;14.58;1177;41;5223.00;204
13836;39;624986895;13836;378;15015;15217;5.69;0.35;322.66;14.58;1179;41;5224.00;202
13842;39;624986916;13842;377;15015;15217;5.66;0.34;322.63;14.58;1173;41;5225.00;202
13844;39;624986937;13844;380;15020;15221;5.63;0.34;322.65;14.58;1176;41;5226.00;201
13845;39;624986956;13845;389;15020;15221;5.55;0.34;322.67;14.58;1175;41;5227.00;201
13846;39;624986976;13846;401;15024;15225;5.53;0.34;322.65;14.57;1178;41;5228.00;201
13849;39;624987004;13849;411;15025;15226;5.50;0.34;322.63;14.57;1176;41;5229.00;201
13849;39;624987020;13849;412;15027;15226;5.42;0.33;322.63;14.60;1178;41;5230.00;199
13853;39;624987033;13853;419;15027;15226;5.33;0.33;322.67;14.60;1174;41;5231.00;199
13854;39;624987047;13854;435;15039;15239;5.28;0.32;322.65;14.60;1185;41;5232.00;200
13855;39;624987062;13855;435;15040;15239;5.19;0.32;322.65;14.62;1185;41;5233.00;199
13856;39;624987076;13856;439;15040;15239;5.08;0.31;322.65;14.62;1184;41;5234.00;199
13858;39;624987090;13858;443;15042;15240;5.01;0.31;322.65;14.63;1184;41;5235.00;198
13860;39;624987106;13860;437;15043;15241;4.98;0.30;322.64;14.64;1183;41;5236.00;198
13862;39;624987120;13862;443;15045;15241;4.94;0.30;322.63;14.67;1183;41;5237.00;196
13862;39;624987134;13862;441;15047;15244;4.92;0.30;322.63;14.67;1185;41;5238.00;197
13863;39;624987147;13863;441;15049;15244;4.93;0.30;322.65;14.69;1186;41;5239.00;195
13864;39;624987160;13864;442;15050;15244;4.96;0.30;322.67;14.69;1186;41;5240.00;194
13866;39;624987174;13866;440;15052;15244;4.97;0.30;322.70;14.71;1186;41;5241.00;192
13868;39;624987193;13868;433;15057;15250;5.06;0.31;322.69;14.71;1189;41;5242.00;193
13871;39;624987207;13871;431;15059;15250;5.07;0.31;322.66;14.73;1188;41;5243.00;191
13871;39;624987220;13871;436;15059;15250;5.08;0.31;322.66;14.73;1188;41;5244.00;191
13872;39;624987232;13872;426;15059;15250;5.07;0.31;322.67;14.73;1187;41;5245.00;191
13873;39;624987245;13873;433;15064;15254;5.07;0.31;322.66;14.75;1191;41;5246.00;190
13874;39;624987258;13874;439;15065;15255;5.05;0.31;322.64;14.75;1191;41;5247.00;190
13875;39;624987272;13875;443;15067;15255;4.99;0.30;322.66;14.77;1192;41;5248.00;188
13875;39;624987290;13875;436;15068;15256;5.00;0.31;322.66;14.77;1193;41;5249.00;188
13879;39;624987305;13879;440;15071;15256;4.99;0.30;322.60;14.80;1192;41;5250.00;185
13880;39;624987340;13880;435;15071;15256;4.94;0.30;322.60;14.80;1191;41;5251.00;185
13880;39;624987353;13880;435;15071;15256;4.92;0.30;322.60;14.80;1191;41;5252.00;185
13880;39;624987366;13880;437;15072;15256;4.98;0.30;322.60;14.81;1192;41;5253.00;184
13882;39;624987379;13882;437;15073;15256;4.95;0.30;322.65;14.82;1191;41;5254.00;183
13883;39;624987392;13883;437;15073;15256;4.97;0.30;322.70;14.82;1190;41;5255.00;183
13885;39;624987405;13885;433;15107;15326;5.11;0.31;322.76;14.80;1222;41;5256.00;219
13888;39;624987424;13888;433;15109;15327;5.09;0.31;322.80;14.82;1221;41;5257.00;218
13891;39;624987443;13891;437;15118;15327;5.11;0.31;322.88;14.81;1227;41;5258.00;209
13891;39;624987456;13891;440;15128;15327;5.12;0.31;322.88;14.82;1237;41;5259.00;199
13893;39;624987469;13893;441;15134;15327;5.09;0.31;322.87;14.82;1241;41;5260.00;193
13896;39;624987482;13896;447;15135;15327;5.03;0.31;322.87;14.82;1239;41;5261.00;192
13898;39;624987496;13898;452;15140;15327;5.01;0.31;322.85;14.83;1242;41;5262.00;187
13902;39;624987509;13902;466;15143;15327;5.02;0.31;322.85;14.83;1241;41;5263.00;184
13907;39;624987522;13907;464;15147;15328;4.95;0.30;322.84;14.84;1240;41;5264.00;181
13908;39;624987535;13908;463;15149;15330;4.95;0.30;322.87;14.84;1241;41;5265.00;181
13912;39;624987549;13912;462;15152;15330;4.88;0.30;322.89;14.84;1240;41;5266.00;178
13918;39;624987562;13918;469;15157;15334;4.80;0.29;322.85;14.84;1239;41;5267.00;177
13919;39;624987575;13919;465;15157;15334;4.78;0.29;322.84;14.84;1238;41;5268.00;177
13922;39;624987588;13922;481;15159;15334;4.76;0.29;322.89;14.85;1237;41;5269.00;175
13925;39;624987601;13925;465;15159;15334;4.74;0.29;322.93;14.85;1234;41;5270.00;175
13927;39;624987615;13927;460;15164;15340;4.78;0.29;322.95;14.86;1237;41;5271.00;176
13929;39;624987629;13929;456;15165;15340;4.76;0.29;322.97;14.86;1236;41;5272.00;175
13934;39;624987643;13934;454;15166;15340;4.74;0.29;323.00;14.86;1232;41;5273.00;174
13937;39;624987657;13937;446;15168;15343;4.78;0.29;323.02;14.86;1231;41;5274.00;175
13940;39;624987671;13940;444;15168;15343;4.79;0.29;323.08;14.86;1228;41;5275.00;175
13944;39;624987685;13944;437;15169;15343;4.79;0.29;323.12;14.87;1225;41;5276.00;174
13950;39;624987698;13950;425;15169;15344;4.78;0.29;323.15;14.87;1219;41;5277.00;175
13952;39;624987714;13952;418;15171;15345;4.88;0.30;323.15;14.87;1219;41;5278.00;174
13959;39;624987729;13959;415;15172;15345;4.90;0.30;323.19;14.88;1213;41;5279.00;173
13962;39;624987745;13962;421;15190;15371;4.99;0.30;323.26;14.86;1228;41;5280.00;181
13965;39;624987761;13965;414;15190;15371;5.07;0.31;323.22;14.86;1225;41;5281.00;181
13968;39;624987776;13968;407;15193;15371;5.13;0.31;323.26;14.86;1225;41;5282.00;178
13972;39;624987790;13972;408;15194;15372;5.21;0.32;323.32;14.86;1222;41;5283.00;178
13975;39;624987804;13975;407;15196;15372;5.27;0.32;323.30;14.85;1221;41;5284.00;176
13977;39;624987819;13977;411;15199;15376;5.35;0.33;323.32;14.85;1222;41;5285.00;177
13981;39;624987833;13981;408;15199;15376;5.36;0.33;323.35;14.85;1218;41;5286.00;177
13985;39;624987848;13985;402;15202;15379;5.36;0.33;323.38;14.85;1217;41;5287.00;177
13988;39;624987862;13988;396;15203;15380;5.39;0.33;323.37;14.85;1215;41;5288.00;177
13993;39;624987877;13993;397;15204;15380;5.43;0.33;323.37;14.85;1211;41;5289.00;176
13995;39;624987892;13995;393;15204;15380;5.48;0.33;323.38;14.85;1209;41;5290.00;176
13999;39;624987906;13999;391;15204;15380;5.47;0.33;323.46;14.85;1205;41;5291.00;176
14002;39;624987921;14002;390;15215;15392;5.55;0.34;323.52;14.84;1213;41;5292.00;177
14006;39;624987938;14006;396;15215;15392;5.56;0.34;323.50;14.84;1209;41;5293.00;177
14008;39;624987952;14008;399;15216;15392;5.54;0.34;323.54;14.97;1208;41;5294.00;176
14011;39;624987968;14011;396;15216;15392;5.50;0.33;323.55;14.97;1205;41;5295.00;176
14016;39;624987984;14016;392;15216;15392;5.51;0.33;323.59;14.97;1200;41;5296.00;176
14019;39;624987999;14019;395;15216;15392;5.50;0.33;323.62;14.97;1197;41;5297.00;176
14023;39;624988014;14023;393;15216;15393;5.47;0.33;323.67;14.97;1193;41;5298.00;177
14029;39;624988028;14029;391;15216;15393;5.45;0.33;323.66;14.97;1187;41;5299.00;177
14030;39;624988043;14030;384;15221;15399;5.48;0.33;323.70;14.97;1191;41;5300.00;178
14034;39;624988061;14034;380;15222;15400;5.51;0.33;323.72;14.97;1188;41;5301.00;178
14035;39;624988076;14035;383;15222;15400;5.57;0.34;323.71;14.97;1187;41;5302.00;178
14039;39;624988090;14039;377;15222;15400;5.55;0.34;323.75;14.97;1183;41;5303.00;178
14044;39;624988104;14044;382;15225;15404;5.53;0.34;323.76;14.97;1181;41;5304.00;179
14047;39;624988118;14047;373;15225;15404;5.51;0.34;323.76;14.97;1178;41;5305.00;179
14052;39;624988132;14052;368;15225;15404;5.49;0.33;323.80;14.97;1173;41;5306.00;179
14057;39;624988147;14057;374;15226;15405;5.49;0.33;323.83;14.97;1169;41;5307.00;179
14060;39;624988161;14060;370;15230;15409;5.51;0.34;323.82;15.10;1170;41;5308.00;179
14064;39;624988175;14064;368;15230;15409;5.54;0.34;323.89;15.10;1166;41;5309.00;179
14068;39;624988192;14068;376;15234;15415;5.53;0.34;323.90;15.09;1166;41;5310.00;181
14068;39;624988207;14068;378;15234;15415;5.55;0.34;323.90;15.09;1166;41;5311.00;181
14073;39;624988228;14073;371;15236;15415;5.54;0.34;323.95;15.09;1163;41;5312.00;179
14077;39;624988242;14077;376;15236;15415;5.54;0.34;323.96;15.09;1159;41;5313.00;179
14080;39;624988258;14080;378;15240;15419;5.54;0.34;323.97;15.09;1160;41;5314.00;179
14082;39;624988273;14082;379;15240;15419;5.56;0.34;323.94;15.09;1158;41;5315.00;179
14087;39;624988289;14087;374;15240;15419;5.57;0.34;324.05;15.09;1153;41;5316.00;179
14091;39;624988304;14091;362;15240;15419;5.61;0.34;324.21;15.09;1149;41;5317.00;179
14094;39;624988319;14094;357;15240;15420;5.63;0.34;324.20;15.09;1146;41;5318.00;180
14097;39;624988335;14097;352;15241;15421;5.66;0.35;324.24;15.09;1144;41;5319.00;180
14099;39;624988350;14099;348;15241;15421;5.64;0.34;324.23;15.09;1142;41;5320.00;180
14103;39;624988366;14103;347;15242;15422;5.69;0.35;324.20;15.09;1139;41;5321.00;180
14107;39;624988381;14107;348;15243;15422;5.69;0.35;324.24;15.22;1136;41;5322.00;179
14110;39;624988397;14110;345;15243;15422;5.70;0.35;324.23;15.22;1133;41;5323.00;179
14111;39;624988412;14111;346;15243;15422;5.71;0.35;324.24;15.22;1132;41;5324.00;179
14112;39;624988427;14112;347;15243;15422;5.75;0.35;324.22;15.22;1131;41;5325.00;179
14118;39;624988441;14118;342;15243;15422;5.67;0.35;324.22;15.22;1125;41;5326.00;179
14121;39;624988457;14121;341;15243;15422;5.63;0.34;324.24;15.22;1122;41;5327.00;179
14122;39;624988472;14122;360;15316;15549;5.57;0.35;324.25;15.15;1194;41;5328.00;233
14123;39;624988500;14123;346;15316;15550;5.59;0.35;324.25;15.15;1193;41;5329.00;234
14125;39;624988515;14125;342;15321;15550;5.66;0.35;324.32;15.15;1196;41;5330.00;229
14128;39;624988531;14128;336;15321;15550;5.69;0.35;324.32;15.15;1193;41;5331.00;229
14130;39;624988547;14130;334;15325;15550;5.77;0.36;324.30;15.14;1195;41;5332.00;225
14131;39;624988561;14131;339;15326;15550;5.87;0.36;324.30;15.14;1195;41;5333.00;224
14134;39;624988576;14134;326;15329;15550;5.93;0.36;324.38;15.28;1195;41;5334.00;221
14135;39;624988590;14135;336;15332;15550;6.00;0.37;324.38;15.27;1197;41;5335.00;218
14138;39;624988612;14138;335;15335;15551;6.07;0.37;324.41;15.27;1197;41;5336.00;216
14140;39;624988633;14140;334;15339;15552;6.11;0.37;324.41;15.27;1199;41;5337.00;213
14144;39;624988650;14144;330;15342;15552;6.14;0.38;324.41;15.27;1198;41;5338.00;210
14145;39;624988666;14145;333;15344;15553;6.13;0.37;324.44;15.27;1199;41;5339.00;209
14147;39;624988684;14147;328;15347;15553;6.08;0.37;324.44;15.27;1200;41;5340.00;206
14148;39;624988698;14148;331;15349;15553;6.07;0.37;324.44;15.27;1201;41;5341.00;204
14152;39;624988713;14152;328;15352;15553;6.00;0.37;324.48;15.27;1200;41;5342.00;201
14156;39;624988728;14156;332;15355;15557;5.96;0.36;324.52;15.27;1199;41;5343.00;202
14156;39;624988744;14156;339;15358;15557;5.91;0.36;324.52;15.27;1202;41;5344.00;199
14157;39;624988758;14157;337;15359;15557;5.89;0.36;324.59;15.27;1202;41;5345.00;198
14161;39;624988773;14161;339;15361;15560;5.85;0.36;324.62;15.27;1200;41;5346.00;199
14164;39;624988787;14164;351;15363;15560;5.86;0.36;324.62;15.27;1199;41;5347.00;197
14166;39;624988802;14166;353;15364;15560;5.89;0.36;324.64;15.27;1198;41;5348.00;196
14172;39;624988817;14172;362;15368;15564;5.87;0.36;324.72;15.26;1196;41;5349.00;196
14173;39;624988833;14173;363;15371;15565;5.83;0.36;324.70;15.26;1198;41;5350.00;194
14176;39;624988847;14176;368;15373;15565;5.83;0.36;324.77;15.26;1197;41;5351.00;192
14179;39;624988861;14179;367;15375;15569;5.82;0.35;324.81;15.26;1196;41;5352.00;194
14180;39;624988876;14180;371;15377;15569;5.83;0.36;324.84;15.40;1197;41;5353.00;192
14182;39;624988891;14182;365;15379;15569;5.87;0.36;324.85;15.40;1197;41;5354.00;190
14184;39;624988912;14184;363;15381;15571;5.83;0.35;324.90;15.39;1197;41;5355.00;190
14187;39;624988945;14187;367;15381;15571;5.78;0.35;324.91;15.39;1194;41;5356.00;190
14190;39;624988967;14190;366;15386;15577;5.75;0.35;324.95;15.39;1196;41;5357.00;191
14193;39;624988986;14193;369;15386;15577;5.72;0.35;325.00;15.39;1193;41;5358.00;191
14195;39;624989007;14195;365;15386;15577;5.74;0.35;325.08;15.39;1191;41;5359.00;191
14197;39;624989023;14197;371;15386;15578;5.77;0.35;325.06;15.39;1189;41;5360.00;192
14198;39;624989038;14198;367;15386;15578;5.77;0.35;325.07;15.39;1188;41;5361.00;192
14200;39;624989052;14200;365;15386;15578;5.81;0.35;325.09;15.39;1186;41;5362.00;192
14201;39;624989067;14201;364;15386;15578;5.83;0.35;325.07;15.39;1185;41;5363.00;192
14204;39;624989081;14204;368;15395;15590;5.86;0.36;325.06;15.38;1191;41;5364.00;195
14205;39;624989096;14205;370;15395;15590;5.86;0.36;325.05;15.38;1190;41;5365.00;195
14208;39;624989111;14208;366;15397;15590;5.88;0.36;325.02;15.38;1189;41;5366.00;193
14213;39;624989126;14213;367;15397;15590;5.87;0.36;325.01;15.38;1184;41;5367.00;193
14214;39;624989141;14214;366;15397;15590;5.85;0.36;325.00;15.38;1183;41;5368.00;193
14215;39;624989155;14215;370;15397;15590;5.84;0.36;325.00;15.38;1182;41;5369.00;193
14217;39;624989170;14217;373;15400;15594;5.82;0.35;325.03;15.37;1183;41;5370.00;194
14219;39;624989183;14219;374;15401;15594;5.73;0.35;325.04;15.51;1182;41;5371.00;193
14223;39;624989203;14223;370;15405;15598;5.65;0.34;325.00;15.51;1182;41;5372.00;193
14228;39;624989217;14228;372;15406;15599;5.54;0.34;325.08;15.51;1178;41;5373.00;193
14232;39;624989232;14232;380;15406;15599;5.46;0.33;325.04;15.51;1174;41;5374.00;193
14233;39;624989246;14233;375;15407;15599;5.42;0.33;325.06;15.52;1174;41;5375.00;192
14237;39;624989261;14237;377;15418;15612;5.44;0.33;325.09;15.51;1181;41;5376.00;194
14238;39;624989276;14238;371;15418;15612;5.43;0.33;325.09;15.51;1180;41;5377.00;194
14241;39;624989290;14241;376;15418;15612;5.46;0.33;325.11;15.51;1177;41;5378.00;194
14243;39;624989302;14243;372;15419;15613;5.52;0.34;325.11;15.51;1176;41;5379.00;194
14244;39;624989316;14244;378;15419;15614;5.58;0.34;325.12;15.51;1175;41;5380.00;195
14245;39;624989329;14245;382;15419;15614;5.55;0.34;325.10;15.51;1174;41;5381.00;195
14250;39;624989342;14250;386;15421;15617;5.54;0.34;325.16;15.51;1171;41;5382.00;196
14251;39;624989355;14251;383;15422;15617;5.53;0.34;325.15;15.51;1171;41;5383.00;195
14253;39;624989367;14253;388;15422;15617;5.52;0.34;325.11;15.51;1169;41;5384.00;195
14256;39;624989380;14256;397;15422;15617;5.48;0.33;325.08;15.51;1166;41;5385.00;195
14257;39;624989393;14257;401;15427;15623;5.53;0.34;325.08;15.50;1170;41;5386.00;196
14259;39;624989406;14259;396;15427;15623;5.52;0.34;325.11;15.50;1168;41;5387.00;196
14260;39;624989419;14260;387;15427;15623;5.53;0.34;325.10;15.50;1167;41;5388.00;196
14262;39;624989432;14262;389;15427;15623;5.54;0.34;325.07;15.50;1165;41;5389.00;196
14265;39;624989445;14265;391;15430;15627;5.54;0.34;325.04;15.50;1165;41;5390.00;197
14267;39;624989459;14267;383;15431;15628;5.52;0.34;325.07;15.50;1164;41;5391.00;197
14270;39;624989473;14270;390;15431;15628;5.47;0.33;325.08;15.50;1161;41;5392.00;197
14273;39;624989485;14273;388;15433;15629;5.45;0.33;325.11;15.50;1160;41;5393.00;196
14275;39;624989499;14275;394;15433;15629;5.40;0.33;325.09;15.50;1158;41;5394.00;196
14278;39;624989512;14278;387;15433;15629;5.35;0.33;325.07;15.50;1155;41;5395.00;196
14280;40;624989524;14280;388;15433;15629;5.37;0.33;325.05;15.50;1153;42;5396.00;196
14282;40;624989556;14282;395;15434;15629;5.38;0.33;325.05;15.51;1152;42;5397.00;195
14285;40;624989569;14285;387;15434;15629;5.36;0.33;325.05;15.51;1149;42;5398.00;195
14287;40;624989588;14287;384;15434;15629;5.36;0.33;325.05;15.51;1147;42;5399.00;195
