step_arrived;step_collisions;step_duration;step_ended;step_halting;step_inserted;step_loaded;step_meanSpeed;step_meanSpeedRelative;step_meanTravelTime;step_meanWaitingTime;step_running;step_teleports;step_time;step_waiting
0;0;624639454;0;1;85;245;16.58;1.17;-1.00;0.00;85;0;0.00;160
0;0;624639484;0;1;97;245;15.80;1.09;-1.00;0.12;97;0;1.00;148
0;0;624639485;0;0;117;245;15.15;1.03;-1.00;0.44;117;0;2.00;128
0;0;624639486;0;1;131;245;14.25;0.96;-1.00;0.72;131;0;3.00;114
0;0;624639487;0;1;146;245;13.07;0.87;-1.00;1.05;146;0;4.00;99
0;0;624639489;0;4;154;245;12.09;0.81;-1.00;1.26;154;0;5.00;91
0;0;624639490;0;5;169;245;11.05;0.73;-1.00;1.68;169;0;6.00;76
0;0;624639492;0;11;174;245;10.34;0.68;-1.00;1.83;174;0;7.00;71
0;0;624639494;0;14;183;246;9.52;0.63;-1.00;2.14;183;0;8.00;63
0;0;624639496;0;17;187;247;9.25;0.61;-1.00;2.28;187;0;9.00;60
0;0;624639498;0;24;198;247;8.86;0.58;-1.00;2.71;198;0;10.00;49
1;0;624639500;1;29;202;248;8.59;0.57;11.00;2.83;201;0;11.00;46
1;0;624639502;1;29;206;248;8.55;0.56;11.00;3.00;205;0;12.00;42
1;0;624639505;1;30;212;248;8.57;0.56;11.00;3.29;211;0;13.00;36
2;0;624639507;2;36;217;248;8.43;0.55;12.50;3.53;215;0;14.00;31
2;0;624639510;2;39;223;252;8.32;0.54;12.50;3.72;221;0;15.00;29
2;0;624639513;2;42;227;252;8.25;0.53;12.50;3.93;225;0;16.00;25
3;0;624639516;3;47;230;252;8.21;0.53;14.00;4.07;227;0;17.00;22
3;0;624639520;3;56;231;255;8.17;0.52;14.00;4.07;228;0;18.00;24
3;0;624639523;3;67;237;255;8.08;0.51;14.00;4.38;234;0;19.00;18
4;0;624639525;4;70;237;255;8.06;0.51;15.50;4.38;233;0;20.00;18
4;0;624639529;4;73;243;259;8.30;0.52;15.50;4.46;239;0;21.00;16
6;0;624639532;6;77;244;260;8.32;0.52;17.50;4.44;238;0;22.00;16
6;0;624639536;6;81;245;260;8.38;0.53;17.50;4.52;239;0;23.00;15
6;0;624639539;6;87;248;264;8.39;0.53;17.50;4.56;242;0;24.00;16
7;0;624639542;7;89;251;264;8.47;0.53;18.57;4.71;244;0;25.00;13
7;0;624639545;7;91;251;264;8.63;0.54;18.57;4.71;244;0;26.00;13
7;0;624639549;7;90;252;265;8.62;0.54;18.57;4.70;245;0;27.00;13
7;0;624639552;7;92;252;265;8.63;0.54;18.57;4.70;245;0;28.00;13
7;0;624639555;7;94;257;271;8.52;0.53;18.57;4.63;250;0;29.00;14
7;0;624639562;7;96;259;271;8.36;0.52;18.57;4.83;252;0;30.00;12
7;0;624639565;7;100;261;272;8.11;0.50;18.57;4.86;254;0;31.00;11
8;0;624639568;8;104;261;272;7.99;0.49;19.88;4.86;253;0;32.00;11
8;0;624639571;8;103;262;272;7.94;0.49;19.88;4.97;254;0;33.00;10
10;0;624639575;10;109;263;272;7.80;0.48;22.70;5.01;253;0;34.00;9
11;0;624639578;11;112;263;272;7.77;0.48;23.27;5.01;252;0;35.00;9
11;0;624639581;11;115;274;284;8.06;0.50;23.27;4.94;263;0;36.00;10
11;0;624639587;11;119;275;284;8.06;0.50;23.27;5.05;264;0;37.00;9
11;0;624639590;11;123;277;284;7.99;0.50;23.27;5.26;266;0;38.00;7
11;0;624639593;11;123;277;284;7.91;0.49;23.27;5.26;266;0;39.00;7
12;0;624639597;12;126;278;284;7.77;0.49;24.33;5.28;266;0;40.00;6
13;0;624639600;13;127;279;284;7.67;0.48;25.23;5.35;266;0;41.00;5
13;0;624639603;13;129;283;288;7.73;0.48;25.23;5.29;270;0;42.00;5
13;0;624639607;13;133;284;288;7.65;0.48;25.23;5.29;271;0;43.00;4
13;0;624639610;13;138;288;292;7.54;0.47;25.23;5.29;275;0;44.00;4
15;0;624639613;15;139;289;294;7.32;0.46;26.07;5.27;274;0;45.00;5
16;0;624639616;16;143;290;294;7.09;0.44;27.13;5.29;274;0;46.00;4
16;0;624639620;16;142;292;294;7.05;0.44;27.13;5.27;276;0;47.00;2
18;0;624639622;18;149;302;307;7.27;0.45;29.06;5.10;284;0;48.00;5
18;0;624639627;18;150;303;307;7.22;0.45;29.06;5.08;285;0;49.00;4
19;0;624639630;19;148;303;307;7.10;0.44;30.05;5.08;284;0;50.00;4
21;0;624639633;21;148;304;308;7.05;0.44;31.14;5.07;283;0;51.00;4
22;0;624639636;22;149;305;309;7.05;0.44;32.05;5.06;283;0;52.00;4
22;0;624639640;22;152;305;309;7.13;0.44;32.05;5.06;283;0;53.00;4
23;0;624639643;23;156;307;312;7.21;0.45;31.43;5.02;284;0;54.00;5
23;0;624639646;23;158;307;312;7.21;0.45;31.43;5.02;284;0;55.00;5
23;0;624639649;23;146;308;312;7.27;0.45;31.43;5.01;285;0;56.00;4
23;0;624639653;23;142;308;312;7.26;0.45;31.43;5.01;285;0;57.00;4
24;0;624639656;24;143;313;318;7.34;0.46;32.54;4.95;289;0;58.00;5
27;0;624639660;27;142;313;318;7.27;0.45;34.37;4.95;286;0;59.00;5
29;0;624639665;29;144;313;318;7.28;0.45;36.14;4.95;284;0;60.00;5
29;0;624639668;29;149;313;318;7.38;0.45;36.14;4.95;284;0;61.00;5
29;0;624639672;29;148;317;322;7.44;0.46;36.14;4.90;288;0;62.00;5
30;0;624639676;30;150;318;323;7.63;0.47;35.63;4.88;288;0;63.00;5
33;0;624639681;33;150;318;323;7.68;0.47;37.88;4.88;285;0;64.00;5
33;0;624639685;33;150;319;324;7.88;0.48;37.88;4.87;286;0;65.00;5
33;0;624639688;33;154;319;324;7.89;0.48;37.88;4.87;286;0;66.00;5
34;0;624639691;34;145;319;324;7.97;0.49;38.74;4.87;285;0;67.00;5
35;0;624639695;35;140;319;324;8.01;0.49;39.40;4.87;284;0;68.00;5
35;0;624639698;35;135;319;324;8.04;0.49;39.40;4.87;284;0;69.00;5
35;0;624639701;35;131;319;324;8.15;0.50;39.40;4.87;284;0;70.00;5
36;0;624639704;36;129;319;324;8.28;0.50;40.28;4.87;283;0;71.00;5
37;0;624639708;37;133;351;394;8.42;0.52;41.11;4.43;314;0;72.00;43
39;0;624639718;39;126;352;395;8.50;0.52;42.21;4.42;313;0;73.00;43
39;0;624639722;39;119;359;395;8.87;0.54;42.21;4.37;320;0;74.00;36
39;0;624639725;39;117;363;395;9.14;0.56;42.21;4.36;324;0;75.00;32
39;0;624639729;39;116;366;395;9.42;0.57;42.21;4.35;327;0;76.00;29
39;0;624639732;39;115;367;395;9.59;0.58;42.21;4.35;328;0;77.00;28
40;1;624639736;40;116;370;395;9.71;0.59;43.10;4.37;330;1;78.00;25
40;1;624639761;40;116;372;395;9.82;0.60;43.10;4.38;332;1;79.00;23
41;1;624639765;41;120;374;396;9.81;0.59;44.00;4.40;333;1;80.00;22
42;1;624639769;42;116;377;397;9.84;0.60;44.43;4.44;335;1;81.00;20
42;1;624639773;42;117;379;397;9.80;0.59;44.43;4.44;337;1;82.00;18
42;1;624639777;42;124;385;401;9.68;0.58;44.43;4.44;343;1;83.00;16
42;1;624639783;42;123;386;401;9.72;0.59;44.43;4.44;344;1;84.00;15
42;1;624639787;42;125;386;401;9.70;0.59;44.43;4.44;344;1;85.00;15
42;1;624639791;42;123;386;401;9.57;0.58;44.43;4.44;344;1;86.00;15
43;1;624639795;43;124;391;407;9.47;0.57;45.42;4.40;348;1;87.00;16
44;1;624639799;44;125;391;407;9.37;0.57;46.39;4.40;347;1;88.00;16
44;1;624639803;44;127;391;407;9.25;0.56;46.39;4.40;347;1;89.00;16
45;1;624639809;45;127;395;413;9.29;0.56;47.27;4.35;350;1;90.00;18
50;1;624639814;50;131;395;413;9.11;0.55;51.42;4.35;345;1;91.00;18
51;1;624639818;51;132;397;413;9.08;0.55;52.22;4.34;346;1;92.00;16
51;1;624639822;51;131;398;414;8.93;0.55;52.22;4.33;347;1;93.00;16
53;1;624639827;53;130;399;415;8.81;0.54;53.79;4.33;346;1;94.00;16
54;1;624639832;54;130;399;415;8.79;0.54;54.56;4.33;345;1;95.00;16
56;1;624639836;56;134;410;428;8.62;0.53;56.04;4.21;354;1;96.00;18
58;1;624639842;58;132;410;428;8.69;0.53;56.10;4.21;352;1;97.00;18
61;1;624639846;61;135;410;428;8.76;0.54;58.10;4.21;349;1;98.00;18
62;1;624639851;62;131;411;429;8.88;0.54;58.69;4.20;349;1;99.00;18
63;1;624639856;63;130;411;429;8.98;0.55;59.35;4.20;348;1;100.00;18
63;1;624639865;63;128;414;433;9.12;0.56;59.35;4.18;351;1;101.00;19
65;1;624639869;65;121;414;433;9.27;0.57;60.23;4.18;349;1;102.00;19
65;1;624639874;65;117;418;437;9.29;0.57;60.23;4.15;353;1;103.00;19
67;1;624639879;67;111;418;437;9.47;0.58;61.48;4.15;351;1;104.00;19
67;1;624639884;67;107;420;437;9.57;0.59;61.48;4.32;353;1;105.00;17
69;1;624639889;69;99;420;437;9.66;0.59;62.67;4.32;351;1;106.00;17
70;1;624639894;70;92;420;437;9.73;0.59;63.30;4.32;350;1;107.00;17
71;1;624639899;71;90;430;449;9.82;0.60;63.87;4.22;359;1;108.00;19
71;1;624639906;71;88;431;449;9.94;0.61;63.87;4.21;360;1;109.00;18
72;1;624639910;72;82;432;449;10.06;0.62;64.01;4.21;360;1;110.00;17
73;1;624639915;73;78;432;449;10.21;0.63;64.66;4.21;359;1;111.00;17
74;1;624639919;74;82;432;449;10.42;0.64;65.27;4.21;358;1;112.00;17
74;1;624639924;74;79;432;449;10.57;0.65;65.27;4.21;358;1;113.00;17
76;1;624639930;76;76;433;450;10.67;0.65;66.53;4.20;357;1;114.00;17
77;1;624639935;77;74;433;450;10.77;0.66;67.10;4.20;356;1;115.00;17
77;1;624639941;77;74;438;456;10.96;0.67;67.10;4.16;361;1;116.00;18
78;1;624639947;78;73;439;457;11.03;0.67;67.74;4.42;361;1;117.00;18
78;1;624639952;78;73;440;457;11.18;0.68;67.74;4.41;362;1;118.00;17
78;1;624639957;78;77;440;457;11.19;0.69;67.74;4.41;362;1;119.00;17
79;1;624639965;79;80;445;462;11.30;0.69;68.37;4.63;366;1;120.00;17
80;1;624639972;80;82;447;462;11.32;0.69;69.03;4.83;367;1;121.00;15
81;1;624639978;81;82;447;462;11.31;0.69;69.65;4.83;366;1;122.00;15
82;1;624639984;82;82;451;463;11.26;0.69;70.28;5.18;369;1;123.00;12
82;1;624639990;82;80;455;467;11.22;0.68;70.28;5.15;373;1;124.00;12
82;1;624639996;82;84;456;467;11.30;0.69;70.28;5.30;374;1;125.00;11
82;1;624640002;82;87;459;470;11.35;0.69;70.28;5.39;377;1;126.00;11
84;1;624640009;84;89;462;470;11.43;0.70;71.54;5.59;378;1;127.00;8
85;1;624640016;85;87;462;470;11.59;0.71;71.78;5.59;377;1;128.00;8
85;1;624640022;85;88;465;470;11.59;0.71;71.78;5.89;380;1;129.00;5
87;1;624640028;87;88;468;474;11.72;0.72;73.03;5.86;381;1;130.00;6
87;1;624640036;87;90;471;474;11.73;0.72;73.03;6.00;384;1;131.00;3
88;1;624640048;88;89;472;474;11.73;0.72;73.70;6.06;384;1;132.00;2
90;1;624640055;90;90;473;474;11.71;0.72;74.21;6.06;383;1;133.00;1
91;1;624640062;91;92;475;475;11.64;0.71;73.68;6.06;384;1;134.00;0
92;1;624640069;92;95;477;477;11.66;0.71;74.09;6.04;385;1;135.00;0
93;1;624640075;93;93;477;477;11.64;0.71;74.75;6.04;384;1;136.00;0
96;1;624640082;96;95;478;478;11.69;0.71;76.35;6.03;382;1;137.00;0
99;1;624640089;99;96;478;478;11.64;0.71;78.03;6.03;379;1;138.00;0
102;1;624640096;102;96;478;478;11.65;0.71;78.87;6.03;376;1;139.00;0
105;1;624640103;105;98;478;478;11.59;0.71;80.47;6.03;373;1;140.00;0
106;1;624640109;106;99;478;478;11.57;0.71;80.66;6.03;372;1;141.00;0
108;1;624640116;108;100;478;478;11.49;0.71;81.13;6.03;370;1;142.00;0
111;1;624640123;111;101;478;478;11.36;0.70;81.95;6.03;367;1;143.00;0
112;1;624640129;112;122;553;605;11.10;0.70;82.50;5.22;441;1;144.00;52
113;1;624640147;113;114;559;606;11.02;0.69;82.93;5.17;446;1;145.00;47
115;1;624640154;115;113;565;606;11.02;0.69;83.70;5.14;450;1;146.00;41
118;1;624640161;118;115;571;606;10.88;0.68;84.19;5.11;453;1;147.00;35
119;1;624640169;119;116;576;606;10.83;0.68;84.71;5.10;457;1;148.00;30
120;1;624640176;120;115;577;606;10.71;0.67;84.25;5.10;457;1;149.00;29
120;1;624640188;120;117;582;611;10.61;0.66;84.25;5.09;462;1;150.00;29
121;1;624640200;121;115;584;611;10.61;0.66;84.80;5.10;463;1;151.00;27
123;1;624640209;123;115;587;612;10.62;0.66;85.81;5.11;464;1;152.00;25
124;1;624640218;124;117;591;613;10.58;0.66;86.23;5.14;467;1;153.00;22
124;1;624640226;124;112;593;613;10.61;0.66;86.23;5.16;469;1;154.00;20
124;1;624640233;124;117;596;614;10.54;0.66;86.23;5.17;472;1;155.00;18
126;1;624640241;126;122;600;614;10.42;0.65;86.17;5.19;474;1;156.00;14
129;1;624640249;129;124;603;614;10.33;0.64;87.02;5.23;474;1;157.00;11
131;1;624640256;131;130;604;614;10.23;0.63;88.07;5.24;473;1;158.00;10
133;1;624640263;133;135;609;618;10.04;0.62;87.49;5.25;476;1;159.00;9
133;1;624640271;133;139;610;618;9.94;0.62;87.49;5.24;477;1;160.00;8
133;1;624640277;133;141;610;618;9.79;0.61;87.49;5.24;477;1;161.00;8
135;1;624640283;135;142;613;621;9.62;0.59;88.57;5.27;478;1;162.00;8
135;1;624640291;135;147;613;621;9.52;0.59;88.57;5.27;478;1;163.00;8
139;1;624640297;139;149;613;621;9.43;0.58;89.74;5.27;474;1;164.00;8
141;1;624640304;141;145;619;625;9.33;0.58;90.59;5.30;478;1;165.00;6
142;1;624640311;142;149;623;626;9.28;0.57;90.94;5.36;481;1;166.00;3
146;1;624640317;146;148;624;626;9.16;0.57;92.80;5.36;478;1;167.00;2
148;1;624640324;148;145;628;630;9.15;0.57;93.57;5.33;480;1;168.00;2
150;1;624640330;150;150;629;630;9.14;0.57;93.61;5.32;479;1;169.00;1
150;1;624640337;150;143;629;630;9.17;0.57;93.61;5.32;479;1;170.00;1
150;1;624640343;150;136;630;631;9.14;0.57;93.61;5.32;480;1;171.00;1
152;1;624640349;152;134;630;631;9.11;0.57;94.17;5.32;478;1;172.00;1
152;1;624640356;152;138;636;637;9.25;0.57;94.17;5.28;484;1;173.00;1
152;1;624640362;152;131;636;637;9.31;0.58;94.17;5.28;484;1;174.00;1
156;1;624640369;156;131;637;638;9.30;0.58;95.95;5.27;481;1;175.00;1
159;1;624640376;159;135;637;638;9.25;0.57;96.41;5.27;478;1;176.00;1
161;1;624640382;161;131;638;638;9.18;0.56;97.20;5.30;477;1;177.00;0
163;1;624640390;163;129;638;638;9.25;0.57;97.06;5.30;475;1;178.00;0
163;1;624640396;163;123;638;638;9.34;0.57;97.06;5.30;475;1;179.00;0
163;1;624640404;163;123;669;672;9.55;0.59;97.06;5.06;506;1;180.00;3
166;1;624640416;166;118;669;672;9.57;0.59;97.39;5.06;503;1;181.00;3
166;1;624640426;166;117;671;672;9.66;0.59;97.39;5.05;505;1;182.00;1
168;1;624640436;168;120;671;672;9.63;0.59;97.60;5.05;503;1;183.00;1
169;1;624640446;169;122;672;672;9.69;0.60;97.66;5.05;503;1;184.00;0
170;1;624640456;170;125;672;672;9.75;0.60;97.89;5.05;502;1;185.00;0
172;1;624640472;172;128;676;676;9.73;0.60;98.41;5.02;504;1;186.00;0
173;1;624640484;173;135;676;676;9.67;0.60;98.49;5.02;503;1;187.00;0
174;1;624640494;174;143;680;680;9.66;0.59;98.72;5.00;506;1;188.00;0
177;1;624640504;177;147;681;681;9.56;0.59;99.01;4.99;504;1;189.00;0
182;1;624640513;182;154;681;681;9.46;0.58;100.35;4.99;499;1;190.00;0
183;1;624640523;183;167;681;681;9.32;0.57;100.35;4.99;498;1;191.00;0
184;1;624640531;184;175;694;694;9.28;0.57;100.12;4.90;510;1;192.00;0
184;1;624640539;184;173;694;694;9.08;0.56;100.12;4.90;510;1;193.00;0
186;1;624640545;186;171;694;694;8.88;0.55;100.16;4.90;508;1;194.00;0
188;1;624640551;188;175;695;695;8.72;0.54;99.89;4.89;507;1;195.00;0
190;1;624640557;190;178;696;696;8.56;0.53;100.49;4.89;506;1;196.00;0
196;1;624640564;196;185;696;696;8.38;0.51;100.56;4.89;500;1;197.00;0
198;1;624640571;198;189;698;699;8.27;0.51;100.29;4.87;500;1;198.00;1
200;1;624640577;200;194;698;699;8.18;0.50;100.38;4.87;498;1;199.00;1
202;1;624640585;202;196;699;699;8.02;0.49;99.94;4.87;497;1;200.00;0
203;1;624640598;203;199;699;699;7.86;0.48;99.73;4.87;496;1;201.00;0
204;1;624640604;204;205;705;705;7.75;0.48;100.19;4.84;501;1;202.00;0
206;1;624640612;206;215;705;705;7.60;0.47;99.79;4.84;499;1;203.00;0
206;1;624640619;206;222;705;705;7.45;0.46;99.79;4.84;499;1;204.00;0
208;1;624640625;208;225;705;705;7.35;0.45;99.24;4.84;497;1;205.00;0
210;1;624640632;210;230;709;709;7.35;0.45;99.29;4.81;499;1;206.00;0
212;1;624640639;212;230;710;710;7.31;0.45;99.27;4.81;498;1;207.00;0
214;1;624640646;214;235;710;710;7.18;0.44;98.97;4.81;496;1;208.00;0
215;1;624640652;215;238;711;711;7.13;0.44;99.06;4.80;496;1;209.00;0
215;1;624640661;215;240;711;711;7.09;0.44;99.06;4.80;496;1;210.00;0
217;1;624640667;217;246;711;711;6.98;0.43;99.47;4.80;494;1;211.00;0
219;1;624640673;219;249;711;711;6.89;0.43;99.59;4.80;492;1;212.00;0
221;1;624640680;221;254;711;711;6.77;0.42;99.51;4.80;490;1;213.00;0
221;1;624640687;221;260;711;711;6.59;0.41;99.51;4.80;490;1;214.00;0
223;1;624640693;223;266;711;711;6.41;0.39;99.62;4.80;488;1;215.00;0
223;1;624640699;223;282;753;781;6.61;0.41;99.62;4.53;530;1;216.00;28
223;1;624640711;223;266;755;782;6.58;0.41;99.62;4.52;532;1;217.00;27
223;1;624640719;223;256;762;782;6.72;0.42;99.62;4.50;539;1;218.00;20
226;1;624640725;226;243;765;782;6.84;0.42;100.49;4.50;539;1;219.00;17
227;1;624640732;227;234;767;782;6.98;0.43;101.01;4.49;540;1;220.00;15
227;1;624640739;227;230;769;782;7.18;0.44;101.01;4.50;542;1;221.00;13
229;1;624640746;229;226;772;782;7.40;0.45;101.62;4.50;543;1;222.00;10
232;1;624640753;232;225;774;782;7.53;0.46;103.12;4.51;542;1;223.00;8
234;1;624640761;234;226;775;783;7.61;0.46;103.73;4.51;541;1;224.00;8
234;2;624640769;234;223;778;785;7.70;0.47;103.73;4.52;544;2;225.00;7
237;2;624640790;237;215;780;785;7.84;0.48;104.13;4.53;543;2;226.00;5
239;2;624640797;239;209;787;789;8.06;0.49;105.11;4.54;548;2;227.00;2
239;2;624640806;239;197;789;789;8.31;0.51;105.11;4.54;550;2;228.00;0
239;2;624640815;239;186;789;789;8.55;0.52;105.11;4.54;550;2;229.00;0
241;2;624640823;241;179;789;789;8.74;0.53;105.51;4.54;548;2;230.00;0
242;2;624640833;242;171;795;795;8.90;0.54;105.17;4.51;553;2;231.00;0
243;2;624640844;243;167;795;795;9.10;0.56;105.66;4.51;552;2;232.00;0
244;2;624640853;244;159;795;795;9.31;0.57;105.59;4.51;551;2;233.00;0
246;2;624640862;246;154;797;798;9.52;0.58;105.77;4.50;551;2;234.00;1
246;2;624640871;246;150;797;798;9.66;0.59;105.77;4.50;551;2;235.00;1
246;2;624640880;246;148;798;798;9.85;0.61;105.77;4.50;552;2;236.00;0
247;2;624640888;247;140;799;799;9.95;0.61;105.58;4.49;552;2;237.00;0
249;2;624640896;249;137;800;800;10.14;0.62;105.86;4.49;551;2;238.00;0
254;2;624640905;254;132;800;800;10.20;0.63;107.53;4.49;546;2;239.00;0
258;2;624640921;258;136;825;826;10.18;0.62;108.29;4.35;567;2;240.00;1
260;2;624640933;260;127;825;826;10.24;0.63;108.66;4.35;565;2;241.00;1
264;2;624640941;264;122;826;826;10.34;0.63;109.49;4.35;562;2;242.00;0
266;2;624640950;266;119;827;827;10.44;0.64;109.93;4.34;561;2;243.00;0
267;2;624640957;267;116;827;827;10.55;0.64;110.03;4.34;560;2;244.00;0
270;2;624640965;270;112;831;831;10.66;0.65;110.40;4.33;561;2;245.00;0
272;2;624640975;272;107;831;831;10.76;0.66;110.81;4.33;559;2;246.00;0
276;2;624640985;276;105;835;835;10.76;0.65;111.78;4.31;559;2;247.00;0
277;2;624640994;277;103;835;835;10.88;0.66;112.23;4.31;558;2;248.00;0
277;2;624641001;277;100;835;835;11.03;0.67;112.23;4.31;558;2;249.00;0
279;2;624641009;279;102;835;835;11.14;0.68;112.70;4.31;556;2;250.00;0
280;2;624641017;280;103;835;835;11.27;0.69;112.94;4.31;555;2;251.00;0
282;2;624641026;282;101;846;847;11.41;0.69;112.94;4.26;564;2;252.00;1
286;2;624641035;286;101;846;847;11.52;0.70;114.54;4.26;560;2;253.00;1
288;2;624641048;288;101;847;847;11.60;0.71;115.25;4.25;559;2;254.00;0
289;2;624641056;289;104;847;847;11.67;0.71;115.73;4.25;558;2;255.00;0
289;2;624641064;289;107;847;847;11.73;0.71;115.73;4.25;558;2;256.00;0
292;2;624641072;292;108;847;847;11.79;0.72;116.30;4.25;555;2;257.00;0
294;2;624641081;294;112;848;848;11.75;0.71;116.75;4.25;554;2;258.00;0
297;2;624641089;297;110;848;848;11.77;0.71;117.31;4.25;551;2;259.00;0
297;2;624641098;297;112;854;854;11.73;0.71;117.31;4.23;557;2;260.00;0
299;2;624641106;299;112;855;855;11.79;0.71;117.49;4.22;556;2;261.00;0
300;2;624641115;300;111;855;855;11.84;0.72;117.65;4.22;555;2;262.00;0
302;2;624641122;302;113;855;855;11.88;0.72;117.43;4.22;553;2;263.00;0
302;2;624641130;302;114;859;859;11.92;0.72;117.43;4.20;557;2;264.00;0
306;2;624641139;306;115;859;859;11.92;0.72;117.60;4.20;553;2;265.00;0
309;2;624641153;309;113;859;859;11.93;0.72;118.64;4.20;550;2;266.00;0
310;2;624641161;310;114;860;860;12.00;0.73;118.54;4.20;550;2;267.00;0
313;2;624641169;313;116;864;864;11.86;0.72;119.56;4.18;551;2;268.00;0
313;2;624641177;313;113;864;864;11.88;0.72;119.56;4.18;551;2;269.00;0
316;2;624641187;316;114;868;870;11.89;0.72;120.30;4.16;552;2;270.00;2
320;2;624641195;320;112;868;870;11.81;0.72;120.78;4.16;548;2;271.00;2
321;2;624641203;321;105;870;870;11.84;0.72;120.67;4.16;549;2;272.00;0
323;2;624641211;323;104;870;870;11.81;0.72;120.72;4.16;547;2;273.00;0
324;2;624641220;324;102;874;874;11.87;0.72;120.97;4.14;550;2;274.00;0
327;2;624641228;327;97;874;874;11.95;0.73;121.28;4.14;547;2;275.00;0
330;2;624641236;330;94;874;874;11.99;0.73;121.66;4.14;544;2;276.00;0
333;2;624641245;333;91;874;874;12.09;0.73;122.42;4.14;541;2;277.00;0
338;2;624641253;338;87;875;875;12.10;0.73;122.93;4.14;537;2;278.00;0
338;2;624641261;338;85;876;876;12.21;0.74;122.93;4.14;538;2;279.00;0
341;2;624641269;341;81;876;876;12.25;0.74;123.02;4.14;535;2;280.00;0
342;2;624641277;342;78;877;877;12.22;0.74;122.85;4.13;535;2;281.00;0
344;2;624641286;344;76;877;877;12.35;0.75;123.49;4.13;533;2;282.00;0
347;2;624641294;347;75;877;877;12.40;0.75;123.79;4.13;530;2;283.00;0
347;2;624641302;347;77;877;877;12.45;0.76;123.79;4.13;530;2;284.00;0
348;2;624641310;348;78;877;877;12.56;0.76;123.77;4.13;529;2;285.00;0
351;2;624641320;351;80;877;877;12.62;0.77;123.92;4.13;526;2;286.00;0
352;2;624641329;352;80;877;877;12.65;0.77;123.97;4.13;525;2;287.00;0
352;2;624641337;352;94;948;1004;12.08;0.75;123.97;3.83;596;2;288.00;56
354;2;624641358;354;90;952;1005;12.05;0.74;124.38;3.81;598;2;289.00;53
355;3;624641367;355;86;957;1005;12.08;0.75;124.65;3.80;602;3;290.00;48
356;3;624641389;356;86;961;1005;12.05;0.74;125.07;3.80;605;3;291.00;44
356;3;624641398;356;87;965;1005;12.01;0.74;125.07;3.80;609;3;292.00;40
358;3;624641408;358;94;966;1005;12.04;0.74;125.30;3.80;608;3;293.00;39
359;3;624641422;359;90;969;1005;12.00;0.74;125.23;3.81;610;3;294.00;36
359;3;624641433;359;90;970;1005;11.94;0.73;125.23;3.81;611;3;295.00;35
362;3;624641443;362;90;973;1006;11.91;0.73;125.68;3.83;611;3;296.00;33
363;3;624641452;363;96;978;1007;11.93;0.73;126.14;3.85;615;3;297.00;29
364;3;624641462;364;94;981;1007;11.87;0.73;126.31;3.87;617;3;298.00;26
366;3;624641473;366;98;984;1008;11.82;0.73;125.98;3.89;618;3;299.00;24
370;3;624641487;370;108;990;1014;11.68;0.72;126.28;3.92;620;3;300.00;24
373;3;624641504;373;111;994;1014;11.56;0.71;127.12;3.95;621;3;301.00;20
375;3;624641513;375;120;996;1014;11.49;0.70;127.08;3.97;621;3;302.00;18
377;3;624641523;377;121;1000;1018;11.43;0.70;127.29;4.00;623;3;303.00;18
379;3;624641534;379;130;1002;1018;11.36;0.70;127.57;4.02;623;3;304.00;16
381;3;624641544;381;138;1006;1018;11.27;0.69;127.36;4.05;625;3;305.00;12
383;3;624641554;383;146;1010;1021;11.15;0.68;127.62;4.06;627;3;306.00;11
386;3;624641568;386;154;1011;1021;11.08;0.68;128.31;4.08;625;3;307.00;10
392;3;624641577;392;158;1012;1021;10.90;0.67;129.79;4.08;620;3;308.00;9
393;3;624641587;393;163;1015;1025;10.72;0.66;129.76;4.08;622;3;309.00;10
394;3;624641596;394;168;1018;1026;10.59;0.65;130.17;4.08;624;3;310.00;8
397;3;624641605;397;173;1020;1026;10.46;0.64;131.07;4.08;623;3;311.00;6
398;3;624641614;398;178;1025;1030;10.33;0.64;131.07;4.08;627;3;312.00;5
399;3;624641622;399;175;1025;1030;10.13;0.62;131.22;4.08;626;3;313.00;5
399;3;624641631;399;181;1025;1030;9.93;0.61;131.22;4.08;626;3;314.00;5
400;3;624641640;400;184;1028;1032;9.71;0.60;131.35;4.08;628;3;315.00;4
401;3;624641648;401;194;1028;1032;9.47;0.58;131.79;4.08;627;3;316.00;4
403;3;624641657;403;200;1033;1038;9.31;0.57;132.47;4.06;630;3;317.00;5
404;3;624641666;404;203;1034;1038;9.15;0.57;132.28;4.06;630;3;318.00;4
409;3;624641674;409;204;1035;1039;8.96;0.55;133.15;4.06;626;3;319.00;4
410;3;624641683;410;202;1035;1039;8.83;0.54;133.24;4.06;625;3;320.00;4
410;3;624641692;410;204;1036;1039;8.76;0.54;133.24;4.08;626;3;321.00;3
414;3;624641699;414;204;1037;1039;8.71;0.54;133.68;4.11;623;3;322.00;2
418;3;624641707;418;202;1037;1039;8.70;0.53;133.50;4.11;619;3;323.00;2
421;3;624641715;421;205;1049;1051;8.75;0.54;133.99;4.12;628;3;324.00;2
423;3;624641725;423;202;1049;1051;8.84;0.54;134.43;4.12;626;3;325.00;2
424;3;624641732;424;204;1051;1051;8.91;0.55;134.48;4.11;627;3;326.00;0
427;3;624641740;427;205;1051;1051;8.89;0.54;134.75;4.11;624;3;327.00;0
428;3;624641748;428;207;1051;1051;8.94;0.55;134.69;4.11;623;3;328.00;0
428;3;624641756;428;211;1051;1051;9.03;0.55;134.69;4.11;623;3;329.00;0
430;3;624641765;430;215;1055;1055;8.98;0.55;134.63;4.10;625;3;330.00;0
432;3;624641773;432;221;1055;1055;8.98;0.55;135.28;4.10;623;3;331.00;0
434;3;624641781;434;224;1059;1059;8.98;0.55;135.49;4.09;625;3;332.00;0
438;3;624641789;438;228;1060;1060;8.80;0.54;135.70;4.08;622;3;333.00;0
441;3;624641796;441;227;1060;1060;8.70;0.53;136.28;4.08;619;3;334.00;0
443;3;624641804;443;229;1060;1060;8.61;0.53;136.89;4.08;617;3;335.00;0
445;3;624641811;445;232;1073;1073;8.49;0.52;136.57;4.04;628;3;336.00;0
451;3;624641820;451;232;1073;1073;8.38;0.52;138.25;4.04;622;3;337.00;0
455;3;624641827;455;239;1073;1073;8.31;0.51;140.00;4.04;618;3;338.00;0
456;3;624641834;456;245;1074;1074;8.28;0.51;140.10;4.03;618;3;339.00;0
459;3;624641841;459;240;1075;1075;8.16;0.50;140.77;4.03;616;3;340.00;0
462;3;624641848;462;240;1075;1075;8.04;0.50;141.55;4.03;613;3;341.00;0
464;3;624641855;464;236;1078;1078;8.05;0.50;142.41;4.02;614;3;342.00;0
470;3;624641861;470;237;1078;1078;8.04;0.50;143.26;4.02;608;3;343.00;0
475;3;624641869;475;230;1078;1078;8.01;0.50;143.48;4.02;603;3;344.00;0
477;3;624641876;477;233;1078;1078;8.02;0.50;143.78;4.02;601;3;345.00;0
481;3;624641883;481;232;1084;1084;8.10;0.50;144.11;4.00;603;3;346.00;0
484;3;624641891;484;226;1084;1084;8.04;0.49;144.49;4.00;600;3;347.00;0
487;3;624641899;487;230;1084;1084;7.98;0.49;145.02;4.00;597;3;348.00;0
492;3;624641905;492;229;1084;1084;7.98;0.49;145.17;4.00;592;3;349.00;0
495;3;624641913;495;228;1088;1088;7.98;0.49;145.26;3.99;593;3;350.00;0
501;3;624641920;501;229;1089;1089;7.84;0.48;144.83;3.99;588;3;351.00;0
503;3;624641928;503;228;1089;1089;7.67;0.47;145.03;3.99;586;3;352.00;0
505;3;624641936;505;227;1090;1090;7.58;0.46;145.12;3.98;585;3;353.00;0
507;3;624641943;507;229;1090;1090;7.54;0.46;145.60;3.98;583;3;354.00;0
510;3;624641950;510;229;1090;1090;7.45;0.46;145.51;3.98;580;3;355.00;0
514;3;624641957;514;237;1090;1090;7.36;0.45;145.76;3.98;576;3;356.00;0
515;3;624641964;515;239;1090;1090;7.28;0.44;145.53;3.98;575;3;357.00;0
519;3;624641972;519;241;1090;1090;7.20;0.44;145.55;3.98;571;3;358.00;0
521;3;624641979;521;246;1090;1090;7.12;0.43;145.54;3.98;569;3;359.00;0
522;3;624641987;522;256;1153;1215;7.58;0.47;145.33;3.77;631;3;360.00;62
522;3;624642006;522;263;1160;1216;7.50;0.47;145.33;3.75;638;3;361.00;56
525;3;624642014;525;263;1174;1216;7.51;0.47;145.21;3.73;649;3;362.00;42
525;3;624642022;525;261;1178;1216;7.46;0.46;145.21;3.73;653;3;363.00;38
527;3;624642030;527;267;1186;1216;7.30;0.45;145.22;3.73;659;3;364.00;30
529;3;624642037;529;275;1189;1216;7.22;0.45;145.27;3.73;660;3;365.00;27
530;3;624642045;530;278;1195;1216;7.13;0.44;145.19;3.74;665;3;366.00;21
531;3;624642053;531;283;1200;1216;7.04;0.44;145.25;3.76;669;3;367.00;16
532;3;624642060;532;287;1206;1217;6.88;0.43;145.25;3.78;674;3;368.00;11
534;3;624642069;534;295;1211;1218;6.76;0.42;145.21;3.80;677;3;369.00;7
535;3;624642078;535;300;1212;1218;6.67;0.41;145.09;3.80;677;3;370.00;6
537;3;624642086;537;289;1218;1222;6.62;0.41;145.27;3.79;681;3;371.00;4
537;3;624642095;537;290;1219;1222;6.61;0.41;145.27;3.80;682;3;372.00;3
539;3;624642103;539;290;1219;1222;6.57;0.40;145.14;3.80;680;3;373.00;3
542;3;624642111;542;282;1220;1222;6.63;0.41;145.20;3.81;678;3;374.00;2
542;3;624642120;542;284;1225;1228;6.73;0.41;145.20;3.80;683;3;375.00;3
545;3;624642129;545;278;1226;1228;6.83;0.42;145.49;3.81;681;3;376.00;2
546;3;624642138;546;276;1226;1228;6.94;0.42;145.61;3.81;680;3;377.00;2
547;3;624642147;547;279;1229;1231;7.12;0.43;145.66;3.80;682;3;378.00;2
548;3;624642157;548;277;1229;1231;7.21;0.44;145.66;3.80;681;3;379.00;2
549;3;624642166;549;283;1229;1231;7.28;0.44;145.56;3.80;680;3;380.00;2
551;3;624642181;551;283;1231;1232;7.40;0.45;145.48;3.80;680;3;381.00;1
552;3;624642197;552;282;1233;1233;7.53;0.46;145.51;3.81;681;3;382.00;0
554;3;624642211;554;279;1233;1233;7.62;0.46;145.06;3.81;679;3;383.00;0
555;3;624642222;555;280;1245;1246;7.75;0.47;144.84;3.77;690;3;384.00;1
555;3;624642232;555;275;1246;1246;7.82;0.48;144.84;3.77;691;3;385.00;0
558;3;624642241;558;276;1246;1246;7.91;0.48;144.76;3.77;688;3;386.00;0
558;3;624642251;558;265;1247;1247;8.03;0.49;144.76;3.77;689;3;387.00;0
559;3;624642260;559;255;1247;1247;8.14;0.50;144.75;3.77;688;3;388.00;0
559;3;624642270;559;250;1251;1251;8.27;0.50;144.75;3.76;692;3;389.00;0
561;3;624642287;561;245;1251;1251;8.31;0.51;144.51;3.76;690;3;390.00;0
562;3;624642302;562;239;1255;1255;8.36;0.51;144.69;3.75;693;3;391.00;0
565;3;624642313;565;239;1255;1255;8.40;0.51;144.94;3.75;690;3;392.00;0
567;3;624642322;567;238;1255;1255;8.48;0.52;144.95;3.75;688;3;393.00;0
568;3;624642332;568;226;1255;1255;8.58;0.52;144.87;3.75;687;3;394.00;0
569;3;624642342;569;225;1255;1255;8.64;0.53;144.81;3.75;686;3;395.00;0
571;3;624642357;571;210;1265;1267;8.88;0.54;144.80;3.72;694;3;396.00;2
572;3;624642369;572;197;1265;1267;9.06;0.56;144.74;3.72;693;3;397.00;2
577;3;624642379;577;183;1267;1267;9.22;0.57;145.73;3.72;690;3;398.00;0
581;3;624642389;581;174;1267;1267;9.35;0.57;145.93;3.72;686;3;399.00;0
583;3;624642400;583;166;1267;1267;9.49;0.58;146.45;3.72;684;3;400.00;0
586;3;624642415;586;158;1267;1267;9.63;0.59;146.71;3.72;681;3;401.00;0
587;3;624642433;587;155;1268;1268;9.77;0.60;146.95;3.72;681;3;402.00;0
592;3;624642451;592;149;1268;1268;9.95;0.61;148.30;3.72;676;3;403.00;0
592;3;624642468;592;136;1274;1274;10.16;0.62;148.30;3.70;682;3;404.00;0
595;3;624642493;595;133;1276;1276;10.40;0.64;148.56;3.70;681;3;405.00;0
598;3;624642508;598;126;1276;1276;10.54;0.64;149.39;3.70;678;3;406.00;0
601;3;624642530;601;120;1276;1276;10.68;0.65;150.01;3.70;675;3;407.00;0
603;3;624642543;603;121;1280;1280;10.86;0.66;150.47;3.69;677;3;408.00;0
605;3;624642554;605;119;1280;1280;11.02;0.67;150.87;3.69;675;3;409.00;0
606;3;624642564;606;118;1280;1280;11.12;0.68;151.05;3.69;674;3;410.00;0
608;3;624642574;608;115;1281;1281;11.21;0.69;151.79;3.68;673;3;411.00;0
612;3;624642585;612;115;1285;1285;11.15;0.68;152.32;3.68;673;3;412.00;0
613;3;624642596;613;109;1285;1285;11.18;0.68;152.73;3.68;672;3;413.00;0
618;3;624642607;618;107;1287;1288;11.23;0.68;153.58;3.67;669;3;414.00;1
620;3;624642618;620;101;1287;1288;11.33;0.69;154.18;3.67;667;3;415.00;1
622;3;624642629;622;103;1288;1288;11.34;0.69;154.73;3.67;666;3;416.00;0
623;3;624642641;623;100;1288;1288;11.37;0.69;154.75;3.67;665;3;417.00;0
624;3;624642650;624;98;1292;1292;11.50;0.70;154.79;3.66;668;3;418.00;0
627;3;624642662;627;97;1292;1292;11.58;0.71;155.17;3.66;665;3;419.00;0
629;3;624642673;629;96;1292;1292;11.69;0.71;155.47;3.66;663;3;420.00;0
631;3;624642684;631;98;1292;1292;11.84;0.72;155.87;3.66;661;3;421.00;0
633;3;624642693;633;96;1293;1293;11.95;0.73;156.27;3.66;660;3;422.00;0
637;3;624642703;637;94;1294;1294;12.05;0.73;157.14;3.66;657;3;423.00;0
640;3;624642712;640;94;1294;1294;12.12;0.74;157.33;3.66;654;3;424.00;0
645;3;624642722;645;95;1295;1295;12.16;0.74;158.00;3.65;650;3;425.00;0
647;3;624642732;647;94;1295;1295;12.20;0.74;158.47;3.65;648;3;426.00;0
648;3;624642742;648;94;1295;1295;12.30;0.75;158.51;3.65;647;3;427.00;0
653;3;624642751;653;94;1295;1295;12.38;0.75;159.19;3.65;642;3;428.00;0
655;3;624642761;655;92;1295;1295;12.44;0.76;159.58;3.65;640;3;429.00;0
657;3;624642770;657;96;1295;1295;12.51;0.76;159.42;3.65;638;3;430.00;0
661;3;624642780;661;96;1295;1295;12.57;0.76;159.56;3.65;634;3;431.00;0
664;3;624642789;664;130;1374;1422;11.76;0.73;160.23;3.45;710;3;432.00;48
667;3;624642807;667;114;1374;1423;11.85;0.73;160.85;3.45;707;3;433.00;49
671;3;624642817;671;104;1380;1423;12.00;0.74;160.97;3.44;709;3;434.00;43
675;3;624642826;675;100;1380;1423;12.01;0.74;161.29;3.44;705;3;435.00;43
679;3;624642836;679;99;1385;1423;12.08;0.74;162.13;3.44;706;3;436.00;38
683;3;624642846;683;101;1387;1423;12.15;0.75;162.27;3.44;704;3;437.00;36
688;3;624642855;688;105;1390;1423;12.21;0.75;163.29;3.45;702;3;438.00;33
694;3;624642873;694;104;1393;1423;12.32;0.75;163.60;3.46;699;3;439.00;30
697;3;624642883;697;103;1396;1424;12.41;0.76;164.00;3.47;699;3;440.00;28
701;3;624642893;701;101;1401;1425;12.40;0.76;164.34;3.49;700;3;441.00;24
704;3;624642903;704;100;1403;1425;12.39;0.76;164.91;3.50;699;3;442.00;22
705;3;624642912;705;98;1406;1426;12.38;0.76;165.02;3.51;701;3;443.00;20
710;3;624642921;710;98;1406;1426;12.32;0.75;165.56;3.51;696;3;444.00;20
716;3;624642931;716;95;1410;1426;12.24;0.75;165.93;3.53;694;3;445.00;16
717;3;624642940;717;94;1411;1426;12.14;0.74;166.22;3.54;694;3;446.00;15
722;3;624642951;722;94;1415;1430;12.11;0.74;166.72;3.55;693;3;447.00;15
724;3;624642961;724;98;1416;1430;12.10;0.74;167.16;3.56;692;3;448.00;14
726;3;624642972;726;103;1418;1430;12.07;0.74;167.29;3.56;692;3;449.00;12
734;3;624642983;734;97;1422;1436;12.11;0.74;167.75;3.55;688;3;450.00;14
734;3;624642994;734;102;1424;1436;12.18;0.74;167.75;3.58;690;3;451.00;12
740;3;624643003;740;101;1428;1436;12.12;0.74;167.77;3.61;688;3;452.00;8
742;3;624643013;742;100;1431;1440;12.01;0.73;167.96;3.60;689;3;453.00;9
745;3;624643023;745;99;1434;1441;12.02;0.73;168.17;3.63;689;3;454.00;7
750;3;624643033;750;103;1435;1441;11.92;0.73;168.21;3.64;685;3;455.00;6
753;3;624643043;753;100;1439;1445;11.94;0.73;168.59;3.63;686;3;456.00;6
758;3;624643052;758;101;1439;1445;11.95;0.73;168.53;3.63;681;3;457.00;6
758;3;624643062;758;105;1439;1445;11.97;0.73;168.53;3.63;681;3;458.00;6
760;3;624643071;760;109;1440;1446;12.01;0.73;168.94;3.63;680;3;459.00;6
763;3;624643081;763;113;1440;1446;11.98;0.73;168.88;3.63;677;3;460.00;6
764;3;624643090;764;116;1446;1452;11.94;0.73;169.03;3.65;682;3;461.00;6
768;3;624643100;768;121;1446;1452;11.93;0.73;168.68;3.65;678;3;462.00;6
770;3;624643109;770;119;1446;1453;11.81;0.72;168.96;3.65;676;3;463.00;7
772;3;624643118;772;121;1446;1453;11.76;0.72;168.93;3.65;674;3;464.00;7
774;3;624643126;774;125;1448;1453;11.63;0.71;168.76;3.69;674;3;465.00;5
776;3;624643135;776;128;1449;1453;11.55;0.71;169.14;3.69;673;3;466.00;4
779;3;624643144;779;129;1449;1453;11.57;0.71;169.18;3.69;670;3;467.00;4
781;3;624643152;781;132;1458;1465;11.53;0.71;169.24;3.66;677;3;468.00;7
785;3;624643162;785;138;1458;1465;11.42;0.70;169.40;3.66;673;3;469.00;7
787;3;624643170;787;144;1460;1465;11.40;0.70;169.43;3.66;673;3;470.00;5
790;3;624643179;790;148;1462;1465;11.35;0.69;169.89;3.68;672;3;471.00;3
794;3;624643188;794;155;1462;1465;11.26;0.69;169.79;3.68;668;3;472.00;3
796;3;624643199;796;162;1463;1465;11.11;0.68;169.64;3.69;667;3;473.00;2
797;4;624643209;797;170;1466;1469;10.92;0.67;169.57;3.68;669;4;474.00;3
800;4;624643227;800;171;1466;1469;10.85;0.66;169.82;3.68;666;4;475.00;3
802;4;624643236;802;185;1472;1473;10.89;0.67;170.05;3.68;670;4;476.00;1
808;4;624643246;808;193;1473;1474;10.83;0.66;169.81;3.68;665;4;477.00;1
811;4;624643255;811;194;1473;1474;10.77;0.66;169.96;3.68;662;4;478.00;1
813;4;624643265;813;197;1474;1474;10.69;0.65;170.01;3.68;661;4;479.00;0
814;4;624643276;814;206;1494;1500;10.55;0.65;169.82;3.63;680;4;480.00;6
816;4;624643287;816;209;1497;1500;10.43;0.64;169.73;3.63;681;4;481.00;3
817;4;624643295;817;215;1500;1500;10.36;0.63;169.84;3.63;683;4;482.00;0
819;4;624643304;819;214;1501;1501;10.19;0.62;169.98;3.62;682;4;483.00;0
819;4;624643312;819;219;1502;1502;10.05;0.62;169.98;3.62;683;4;484.00;0
821;4;624643321;821;224;1502;1502;9.87;0.61;170.15;3.62;681;4;485.00;0
824;4;624643329;824;231;1504;1505;9.74;0.60;170.07;3.62;680;4;486.00;1
824;4;624643337;824;235;1504;1505;9.60;0.59;170.07;3.62;680;4;487.00;1
826;4;624643345;826;237;1505;1505;9.42;0.58;170.05;3.62;679;4;488.00;0
827;4;624643354;827;236;1505;1505;9.28;0.57;169.99;3.62;678;4;489.00;0
827;4;624643363;827;241;1511;1511;9.21;0.57;169.99;3.61;684;4;490.00;0
829;4;624643372;829;239;1511;1511;9.10;0.56;170.27;3.61;682;4;491.00;0
833;4;624643385;833;242;1511;1511;9.02;0.55;170.00;3.61;678;4;492.00;0
835;4;624643394;835;242;1511;1511;8.93;0.55;170.09;3.61;676;4;493.00;0
836;4;624643402;836;238;1515;1515;8.87;0.54;170.05;3.60;679;4;494.00;0
837;4;624643410;837;238;1517;1517;8.75;0.54;169.92;3.59;680;4;495.00;0
840;4;624643419;840;242;1517;1517;8.67;0.53;169.70;3.59;677;4;496.00;0
842;4;624643429;842;246;1518;1518;8.60;0.53;169.62;3.59;676;4;497.00;0
844;4;624643438;844;249;1518;1518;8.54;0.53;169.37;3.59;674;4;498.00;0
847;4;624643445;847;251;1518;1518;8.51;0.52;169.07;3.59;671;4;499.00;0
851;4;624643453;851;254;1518;1518;8.45;0.52;168.98;3.59;667;4;500.00;0
853;4;624643467;853;251;1518;1518;8.42;0.52;168.83;3.59;665;4;501.00;0
854;4;624643474;854;252;1518;1518;8.33;0.51;168.80;3.59;664;4;502.00;0
857;4;624643481;857;255;1518;1518;8.21;0.51;169.10;3.59;661;4;503.00;0
863;4;624643488;863;262;1561;1588;8.21;0.51;169.27;3.49;698;4;504.00;27
865;4;624643501;865;261;1565;1589;8.13;0.50;169.86;3.49;700;4;505.00;24
870;4;624643508;870;255;1572;1589;8.02;0.49;170.04;3.48;702;4;506.00;17
874;4;624643516;874;253;1573;1589;7.89;0.48;170.22;3.48;699;4;507.00;16
877;4;624643523;877;255;1574;1589;7.72;0.47;170.76;3.48;697;4;508.00;15
881;4;624643529;881;259;1574;1589;7.52;0.46;171.33;3.48;693;4;509.00;15
883;4;624643538;883;253;1576;1589;7.48;0.46;171.31;3.48;693;4;510.00;13
886;4;624643546;886;253;1578;1589;7.43;0.46;171.64;3.49;692;4;511.00;11
888;4;624643553;888;252;1581;1590;7.36;0.45;172.24;3.50;693;4;512.00;9
888;4;624643560;888;250;1583;1591;7.30;0.45;172.24;3.50;695;4;513.00;8
893;4;624643567;893;258;1585;1591;7.15;0.44;173.05;3.51;692;4;514.00;6
896;4;624643574;896;261;1590;1595;7.09;0.43;172.85;3.51;694;4;515.00;5
898;4;624643582;898;267;1591;1595;7.11;0.43;172.90;3.52;693;4;516.00;4
901;4;624643589;901;268;1593;1595;7.15;0.44;173.37;3.52;692;4;517.00;2
906;4;624643597;906;265;1594;1595;7.16;0.44;174.50;3.53;688;4;518.00;1
908;4;624643605;908;263;1599;1601;7.22;0.44;174.73;3.52;691;4;519.00;2
912;4;624643613;912;265;1601;1601;7.29;0.45;175.20;3.52;689;4;520.00;0
912;4;624643621;912;267;1601;1601;7.31;0.45;175.20;3.52;689;4;521.00;0
913;4;624643629;913;265;1604;1604;7.33;0.45;175.44;3.52;691;4;522.00;0
916;4;624643637;916;251;1604;1604;7.35;0.45;176.01;3.52;688;4;523.00;0
919;4;624643645;919;244;1604;1604;7.40;0.45;175.93;3.52;685;4;524.00;0
923;4;624643653;923;241;1605;1605;7.35;0.45;176.24;3.51;682;4;525.00;0
927;4;624643661;927;237;1606;1606;7.42;0.45;176.62;3.51;679;4;526.00;0
931;4;624643669;931;230;1606;1606;7.37;0.45;176.42;3.51;675;4;527.00;0
936;4;624643677;936;230;1619;1619;7.47;0.45;176.39;3.48;683;4;528.00;0
940;4;624643686;940;229;1619;1619;7.44;0.45;176.84;3.48;679;4;529.00;0
940;4;624643704;940;230;1619;1619;7.54;0.46;176.84;3.48;679;4;530.00;0
943;4;624643712;943;228;1620;1620;7.62;0.46;177.39;3.48;677;4;531.00;0
946;5;624643721;946;229;1620;1620;7.70;0.47;177.69;3.48;674;5;532.00;0
946;5;624643735;946;228;1624;1624;7.89;0.48;177.69;3.48;678;5;533.00;0
949;6;624643748;949;229;1624;1624;7.93;0.48;178.12;3.48;675;6;534.00;0
953;6;624643767;953;227;1628;1628;8.08;0.49;178.49;3.47;675;6;535.00;0
955;6;624643776;955;224;1628;1628;8.08;0.49;178.22;3.47;673;6;536.00;0
957;6;624643789;957;221;1628;1628;8.10;0.49;178.59;3.47;671;6;537.00;0
959;6;624643798;959;222;1628;1628;8.10;0.49;178.51;3.47;669;6;538.00;0
961;6;624643806;961;223;1628;1628;8.11;0.49;178.72;3.47;667;6;539.00;0
966;6;624643817;966;227;1659;1662;8.20;0.50;179.48;3.41;693;6;540.00;3
968;6;624643828;968;224;1659;1662;8.28;0.51;179.49;3.41;691;6;541.00;3
971;6;624643837;971;223;1661;1662;8.28;0.51;179.70;3.40;690;6;542.00;1
974;6;624643846;974;224;1661;1662;8.35;0.51;179.63;3.40;687;6;543.00;1
979;6;624643855;979;220;1662;1662;8.36;0.51;180.04;3.40;683;6;544.00;0
983;6;624643864;983;218;1662;1662;8.41;0.51;180.14;3.40;679;6;545.00;0
986;6;624643873;986;216;1663;1663;8.45;0.51;180.47;3.40;677;6;546.00;0
987;6;624643881;987;214;1663;1663;8.44;0.51;180.55;3.40;676;6;547.00;0
994;6;624643890;994;217;1669;1669;8.33;0.51;180.73;3.39;675;6;548.00;0
1000;6;624643899;1000;219;1670;1670;8.25;0.50;180.42;3.39;670;6;549.00;0
1002;6;624643908;1002;222;1670;1670;8.23;0.50;180.60;3.39;668;6;550.00;0
1006;6;624643916;1006;226;1670;1670;8.20;0.50;180.78;3.39;664;6;551.00;0
1008;6;624643924;1008;226;1674;1674;8.20;0.50;180.99;3.38;666;6;552.00;0
1010;6;624643933;1010;231;1674;1674;8.23;0.50;181.10;3.38;664;6;553.00;0
1013;6;624643941;1013;227;1674;1674;8.29;0.51;181.22;3.38;661;6;554.00;0
1016;7;624643950;1016;220;1675;1675;8.40;0.51;181.40;3.38;659;7;555.00;0
1019;7;624643975;1019;223;1679;1679;8.50;0.52;181.51;3.38;660;7;556.00;0
1019;7;624643985;1019;217;1679;1679;8.57;0.52;181.51;3.38;660;7;557.00;0
1020;7;624643993;1020;212;1681;1682;8.66;0.53;181.45;3.37;661;7;558.00;1
1023;7;624644002;1023;203;1681;1682;8.75;0.53;181.52;3.37;658;7;559.00;1
1024;7;624644010;1024;199;1682;1682;8.92;0.54;181.36;3.37;658;7;560.00;0
1026;7;624644019;1026;193;1682;1682;8.99;0.55;181.40;3.37;656;7;561.00;0
1027;7;624644028;1027;188;1686;1686;9.13;0.56;181.45;3.37;659;7;562.00;0
1029;7;624644037;1029;186;1686;1686;9.21;0.56;181.53;3.37;657;7;563.00;0
1032;7;624644047;1032;183;1686;1686;9.28;0.56;181.73;3.37;654;7;564.00;0
1034;7;624644056;1034;189;1686;1686;9.33;0.57;181.84;3.37;652;7;565.00;0
1034;7;624644064;1034;177;1687;1687;9.40;0.57;181.84;3.37;653;7;566.00;0
1038;7;624644079;1038;161;1688;1688;9.49;0.58;182.09;3.36;650;7;567.00;0
1039;7;624644094;1039;153;1688;1688;9.54;0.58;182.42;3.36;649;7;568.00;0
1043;7;624644103;1043;140;1689;1689;9.65;0.59;182.89;3.36;646;7;569.00;0
1046;7;624644114;1046;138;1689;1689;9.81;0.60;183.45;3.36;643;7;570.00;0
1049;7;624644123;1049;137;1689;1689;10.02;0.61;184.06;3.36;640;7;571.00;0
1051;7;624644133;1051;130;1689;1689;10.27;0.62;184.15;3.36;638;7;572.00;0
1052;7;624644142;1052;130;1689;1689;10.47;0.64;184.24;3.36;637;7;573.00;0
1055;7;624644151;1055;121;1689;1689;10.71;0.65;184.86;3.36;634;7;574.00;0
1057;7;624644161;1057;117;1689;1689;10.97;0.67;184.75;3.36;632;7;575.00;0
1060;7;624644171;1060;138;1773;1816;10.87;0.67;185.15;3.20;713;7;576.00;43
1062;7;624644190;1062;126;1776;1817;11.00;0.68;185.05;3.20;714;7;577.00;41
1066;7;624644200;1066;112;1782;1817;11.20;0.69;185.69;3.20;716;7;578.00;35
1071;7;624644210;1071;108;1785;1817;11.30;0.69;186.03;3.20;714;7;579.00;32
1073;7;624644221;1073;107;1789;1817;11.43;0.70;186.38;3.20;716;7;580.00;28
1077;7;624644230;1077;101;1790;1817;11.49;0.71;186.67;3.20;713;7;581.00;27
1082;7;624644241;1082;106;1792;1817;11.58;0.71;187.19;3.20;710;7;582.00;25
1085;7;624644251;1085;108;1795;1817;11.69;0.72;187.64;3.21;710;7;583.00;22
1087;7;624644261;1087;107;1797;1818;11.70;0.72;187.97;3.21;710;7;584.00;21
1091;7;624644272;1091;110;1801;1820;11.68;0.71;188.80;3.22;710;7;585.00;19
1098;7;624644282;1098;117;1804;1820;11.69;0.71;189.26;3.23;706;7;586.00;16
1099;7;624644293;1099;125;1806;1821;11.69;0.71;189.53;3.24;707;7;587.00;15
1102;7;624644302;1102;127;1810;1821;11.76;0.72;190.10;3.26;708;7;588.00;11
1105;8;624644312;1105;127;1813;1821;11.86;0.72;190.24;3.27;708;8;589.00;8
1107;8;624644334;1107;130;1815;1821;11.88;0.73;190.67;3.28;708;8;590.00;6
1110;8;624644345;1110;133;1819;1825;11.89;0.73;191.10;3.27;709;8;591.00;6
1112;8;624644356;1112;133;1819;1825;11.92;0.73;191.29;3.27;707;8;592.00;6
1115;8;624644366;1115;131;1820;1825;11.92;0.73;191.88;3.28;705;8;593.00;5
1118;8;624644376;1118;134;1823;1828;11.94;0.73;192.42;3.29;705;8;594.00;5
1121;8;624644386;1121;135;1823;1828;12.04;0.73;192.37;3.29;702;8;595.00;5
1125;8;624644396;1125;134;1824;1828;11.98;0.73;192.97;3.30;699;8;596.00;4
1127;8;624644406;1127;134;1830;1832;11.93;0.73;192.93;3.31;703;8;597.00;2
1128;8;624644416;1128;134;1832;1833;11.99;0.73;193.09;3.31;704;8;598.00;1
1130;8;624644430;1130;131;1832;1833;12.06;0.73;193.16;3.31;702;8;599.00;1
1133;8;624644465;1133;139;1843;1859;12.00;0.73;192.97;3.30;710;8;600.00;16
1138;8;624644494;1138;133;1844;1859;12.12;0.74;193.16;3.30;706;8;601.00;15
1138;8;624644509;1138;134;1845;1859;12.22;0.74;193.16;3.30;707;8;602.00;14
1140;8;624644524;1140;134;1846;1860;12.31;0.75;193.55;3.29;706;8;603.00;14
1144;8;624644539;1144;135;1847;1860;12.39;0.75;193.75;3.29;703;8;604.00;13
1148;8;624644554;1148;131;1851;1866;12.44;0.76;193.68;3.29;703;8;605.00;15
1150;8;624644566;1150;135;1853;1866;12.45;0.76;194.01;3.29;703;8;606.00;13
1154;8;624644579;1154;135;1853;1867;12.48;0.76;194.55;3.29;699;8;607.00;14
1159;8;624644591;1159;135;1854;1867;12.47;0.76;194.81;3.29;695;8;608.00;13
1161;8;624644604;1161;134;1855;1867;12.48;0.76;194.90;3.30;694;8;609.00;12
1166;8;624644622;1166;132;1855;1867;12.50;0.76;194.97;3.30;689;8;610.00;12
1170;8;624644633;1170;133;1856;1867;12.48;0.76;195.22;3.30;686;8;611.00;11
1174;8;624644644;1174;122;1865;1879;12.47;0.76;195.23;3.29;691;8;612.00;14
1178;8;624644657;1178;116;1865;1879;12.40;0.75;195.40;3.29;687;8;613.00;14
1180;8;624644669;1180;113;1868;1879;12.30;0.75;195.66;3.29;688;8;614.00;11
1184;8;624644688;1184;106;1868;1879;12.35;0.75;196.08;3.29;684;8;615.00;11
1188;8;624644699;1188;108;1871;1879;12.35;0.75;195.95;3.31;683;8;616.00;8
1194;8;624644710;1194;102;1871;1879;12.40;0.75;196.06;3.31;677;8;617.00;8
1196;8;624644721;1196;103;1874;1883;12.45;0.75;196.21;3.31;678;8;618.00;9
1201;8;624644731;1201;102;1874;1883;12.51;0.76;196.52;3.31;673;8;619.00;9
1207;8;624644741;1207;100;1878;1887;12.54;0.76;196.60;3.30;671;8;620.00;9
1207;8;624644752;1207;97;1879;1888;12.56;0.76;196.60;3.30;672;8;621.00;9
1211;8;624644762;1211;98;1880;1888;12.54;0.76;196.52;3.31;669;8;622.00;8
1214;8;624644772;1214;100;1880;1888;12.50;0.75;196.60;3.31;666;8;623.00;8
1215;8;624644783;1215;100;1888;1901;12.43;0.75;196.54;3.30;673;8;624.00;13
1219;8;624644794;1219;105;1888;1901;12.41;0.75;196.70;3.30;669;8;625.00;13
1222;8;624644804;1222;107;1888;1901;12.33;0.74;196.79;3.30;666;8;626.00;13
1222;8;624644815;1222;111;1890;1902;12.28;0.74;196.79;3.31;668;8;627.00;12
1226;8;624644824;1226;112;1892;1903;12.19;0.74;196.99;3.33;666;8;628.00;11
1227;8;624644835;1227;112;1892;1903;12.19;0.74;197.19;3.33;665;8;629.00;11
1228;8;624644847;1228;115;1897;1909;12.11;0.74;197.13;3.32;669;8;630.00;12
1234;8;624644858;1234;116;1898;1909;12.04;0.73;197.09;3.32;664;8;631.00;11
1235;8;624644868;1235;121;1900;1909;12.01;0.73;196.95;3.34;665;8;632.00;9
1237;8;624644879;1237;122;1900;1909;11.96;0.73;196.80;3.34;663;8;633.00;9
1239;8;624644889;1239;127;1905;1915;11.95;0.73;196.74;3.33;666;8;634.00;10
1241;8;624644899;1241;131;1905;1915;11.87;0.72;196.76;3.33;664;8;635.00;10
1241;8;624644910;1241;133;1905;1915;11.70;0.71;196.76;3.33;664;8;636.00;10
1241;8;624644919;1241;136;1907;1915;11.62;0.71;196.76;3.35;666;8;637.00;8
1245;8;624644928;1245;147;1910;1919;11.50;0.70;196.70;3.35;665;8;638.00;9
1247;8;624644938;1247;151;1913;1920;11.32;0.69;196.64;3.37;666;8;639.00;7
1250;8;624644948;1250;160;1914;1920;11.21;0.68;196.60;3.38;664;8;640.00;6
1250;8;624644957;1250;168;1915;1921;11.08;0.68;196.60;3.38;665;8;641.00;6
1255;8;624644967;1255;177;1915;1921;10.91;0.67;196.75;3.38;660;8;642.00;6
1258;8;624644978;1258;182;1917;1921;10.72;0.65;196.71;3.40;659;8;643.00;4
1259;8;624644987;1259;184;1917;1921;10.63;0.65;196.66;3.40;658;8;644.00;4
1261;8;624644997;1261;191;1917;1921;10.56;0.65;196.64;3.40;656;8;645.00;4
1263;8;624645006;1263;194;1918;1921;10.50;0.64;196.44;3.41;655;8;646.00;3
1266;8;624645016;1266;198;1918;1921;10.46;0.64;196.36;3.41;652;8;647.00;3
1268;8;624645024;1268;208;1955;1991;10.43;0.64;196.26;3.34;687;8;648.00;36
1268;8;624645041;1268;207;1957;1992;10.31;0.63;196.26;3.35;689;8;649.00;35
1271;8;624645050;1271;207;1967;1992;10.21;0.63;196.35;3.36;696;8;650.00;25
1272;8;624645060;1272;214;1970;1992;10.15;0.62;196.28;3.35;698;8;651.00;22
1273;8;624645069;1273;217;1976;1992;10.01;0.61;196.16;3.36;703;8;652.00;16
1274;8;624645078;1274;216;1978;1992;9.96;0.61;196.06;3.36;704;8;653.00;14
1279;8;624645088;1279;216;1982;1992;9.85;0.60;195.81;3.37;703;8;654.00;10
1279;8;624645097;1279;222;1984;1992;9.75;0.60;195.81;3.37;705;8;655.00;8
1281;8;624645106;1281;225;1985;1993;9.58;0.59;195.76;3.38;704;8;656.00;8
1284;8;624645115;1284;230;1987;1994;9.35;0.57;195.49;3.38;703;8;657.00;7
1285;8;624645124;1285;236;1989;1994;9.18;0.56;195.40;3.39;704;8;658.00;5
1286;8;624645147;1286;235;1996;1998;9.04;0.55;195.53;3.39;710;8;659.00;2
1286;8;624645158;1286;240;1998;1998;8.94;0.55;195.53;3.39;712;8;660.00;0
1287;8;624645170;1287;242;1998;1998;8.84;0.54;195.39;3.39;711;8;661.00;0
1288;8;624645182;1288;244;1998;1998;8.64;0.53;195.42;3.39;710;8;662.00;0
1289;8;624645191;1289;250;2004;2004;8.59;0.53;195.35;3.39;715;8;663.00;0
1294;8;624645200;1294;250;2004;2004;8.44;0.52;195.08;3.39;710;8;664.00;0
1295;8;624645209;1295;258;2004;2004;8.31;0.51;195.21;3.39;709;8;665.00;0
1298;8;624645222;1298;265;2006;2007;8.25;0.50;195.17;3.38;708;8;666.00;1
1300;8;624645238;1300;265;2006;2007;8.11;0.50;195.05;3.38;706;8;667.00;1
1302;8;624645248;1302;274;2007;2007;7.99;0.49;194.89;3.38;705;8;668.00;0
1303;8;624645257;1303;276;2008;2008;7.91;0.48;194.84;3.38;705;8;669.00;0
1304;8;624645265;1304;281;2009;2009;7.84;0.48;194.79;3.38;705;8;670.00;0
1305;8;624645274;1305;287;2009;2009;7.68;0.47;194.92;3.38;704;8;671.00;0
1309;8;624645282;1309;286;2021;2022;7.57;0.46;195.18;3.36;712;8;672.00;1
1312;8;624645292;1312;286;2022;2022;7.46;0.46;194.92;3.36;710;8;673.00;0
1315;8;624645300;1315;284;2022;2022;7.33;0.45;194.85;3.36;707;8;674.00;0
1320;8;624645307;1320;271;2024;2024;7.28;0.45;195.04;3.36;704;8;675.00;0
1322;8;624645317;1322;256;2024;2024;7.22;0.44;195.17;3.36;702;8;676.00;0
1327;8;624645325;1327;245;2028;2028;7.21;0.44;195.28;3.35;701;8;677.00;0
1330;8;624645333;1330;243;2028;2028;7.15;0.44;195.56;3.35;698;8;678.00;0
1334;8;624645342;1334;242;2032;2032;7.10;0.44;195.51;3.35;698;8;679.00;0
1335;8;624645350;1335;227;2032;2032;7.10;0.44;195.66;3.35;697;8;680.00;0
1338;8;624645359;1338;217;2032;2032;7.05;0.43;195.93;3.35;694;8;681.00;0
1342;8;624645374;1342;214;2032;2032;7.03;0.43;196.28;3.35;690;8;682.00;0
1344;8;624645382;1344;207;2032;2032;7.06;0.43;196.28;3.35;688;8;683.00;0
1348;8;624645390;1348;207;2042;2044;7.15;0.44;196.64;3.33;694;8;684.00;2
1350;8;624645405;1350;207;2042;2044;7.25;0.45;196.68;3.33;692;8;685.00;2
1352;8;624645414;1352;210;2044;2044;7.40;0.46;196.67;3.33;692;8;686.00;0
1356;8;624645424;1356;197;2044;2044;7.51;0.46;197.01;3.33;688;8;687.00;0
1359;8;624645434;1359;189;2044;2044;7.67;0.47;197.21;3.33;685;8;688.00;0
1362;8;624645443;1362;189;2044;2044;7.75;0.48;197.47;3.33;682;8;689.00;0
1363;8;624645453;1363;186;2045;2045;7.93;0.49;197.60;3.33;682;8;690.00;0
1366;8;624645462;1366;184;2045;2045;8.10;0.50;197.65;3.33;679;8;691.00;0
1369;8;624645474;1369;181;2051;2051;8.33;0.51;197.70;3.32;682;8;692.00;0
1370;8;624645484;1370;183;2052;2052;8.52;0.52;197.91;3.32;682;8;693.00;0
1373;8;624645493;1373;179;2052;2052;8.60;0.53;197.99;3.32;679;8;694.00;0
1376;8;624645503;1376;181;2052;2052;8.68;0.53;198.22;3.32;676;8;695.00;0
1380;8;624645511;1380;181;2056;2056;8.76;0.54;198.41;3.31;676;8;696.00;0
1384;8;624645522;1384;178;2056;2056;8.79;0.54;198.49;3.31;672;8;697.00;0
1389;8;624645531;1389;183;2056;2056;8.76;0.54;198.33;3.31;667;8;698.00;0
1393;8;624645540;1393;185;2057;2057;8.71;0.53;198.44;3.31;664;8;699.00;0
1395;8;624645550;1395;188;2061;2061;8.67;0.53;198.28;3.31;666;8;700.00;0
1398;8;624645563;1398;186;2061;2061;8.57;0.52;198.13;3.31;663;8;701.00;0
1403;8;624645572;1403;188;2063;2064;8.62;0.52;198.17;3.30;660;8;702.00;1
1406;8;624645583;1406;184;2063;2064;8.66;0.53;197.99;3.30;657;8;703.00;1
1410;8;624645592;1410;183;2064;2064;8.72;0.53;198.03;3.30;654;8;704.00;0
1411;8;624645603;1411;185;2064;2064;8.74;0.53;197.98;3.30;653;8;705.00;0
1416;8;624645612;1416;186;2068;2068;8.77;0.53;198.20;3.30;652;8;706.00;0
1421;8;624645622;1421;184;2068;2068;8.69;0.53;198.33;3.30;647;8;707.00;0
1424;8;624645631;1424;186;2068;2068;8.65;0.52;198.36;3.30;644;8;708.00;0
1426;8;624645641;1426;188;2068;2068;8.59;0.52;198.32;3.30;642;8;709.00;0
1429;8;624645649;1429;192;2069;2069;8.54;0.52;198.37;3.30;640;8;710.00;0
1433;8;624645660;1433;190;2070;2070;8.49;0.51;198.68;3.30;637;8;711.00;0
1438;8;624645670;1438;192;2070;2070;8.44;0.51;198.85;3.30;632;8;712.00;0
1441;8;624645680;1441;193;2071;2071;8.37;0.51;199.12;3.30;630;8;713.00;0
1445;8;624645689;1445;192;2071;2071;8.36;0.51;199.34;3.30;626;8;714.00;0
1448;8;624645699;1448;199;2071;2071;8.44;0.51;199.45;3.30;623;8;715.00;0
1451;8;624645708;1451;192;2071;2071;8.40;0.51;199.54;3.30;620;8;716.00;0
1455;8;624645717;1455;191;2071;2071;8.37;0.51;199.83;3.30;616;8;717.00;0
1457;8;624645726;1457;188;2071;2071;8.38;0.51;200.00;3.30;614;8;718.00;0
1459;8;624645734;1459;184;2071;2071;8.47;0.51;199.96;3.30;612;8;719.00;0
1462;8;624645745;1462;210;2194;2301;8.60;0.54;200.22;3.11;732;8;720.00;107
1464;8;624645777;1464;203;2203;2302;8.64;0.54;200.25;3.10;739;8;721.00;99
1465;8;624645787;1465;187;2217;2302;8.79;0.55;200.35;3.10;752;8;722.00;85
1468;8;624645802;1468;183;2225;2302;8.76;0.55;200.31;3.10;757;8;723.00;77
1470;8;624645812;1470;184;2232;2302;8.80;0.55;200.38;3.10;762;8;724.00;70
1473;8;624645823;1473;182;2240;2302;8.80;0.55;200.39;3.11;767;8;725.00;62
1477;8;624645833;1477;179;2246;2302;8.69;0.54;200.68;3.11;769;8;726.00;56
1480;8;624645844;1480;166;2250;2302;8.73;0.54;200.84;3.12;770;8;727.00;52
1482;8;624645855;1482;167;2255;2303;8.73;0.54;200.75;3.13;773;8;728.00;48
1485;8;624645871;1485;166;2259;2304;8.66;0.54;200.75;3.14;774;8;729.00;45
1487;8;624645882;1487;167;2262;2304;8.59;0.53;201.00;3.15;775;8;730.00;42
1490;8;624645893;1490;169;2268;2305;8.50;0.53;201.05;3.17;778;8;731.00;37
1494;8;624645904;1494;167;2270;2305;8.46;0.53;201.07;3.18;776;8;732.00;35
1494;8;624645919;1494;178;2273;2305;8.43;0.52;201.07;3.19;779;8;733.00;32
1496;8;624645935;1496;181;2275;2305;8.47;0.52;201.32;3.20;779;8;734.00;30
1499;8;624645947;1499;191;2278;2309;8.46;0.52;201.53;3.20;779;8;735.00;31
1502;8;624645963;1502;183;2280;2309;8.45;0.52;201.67;3.21;778;8;736.00;29
1504;8;624645975;1504;180;2281;2309;8.52;0.52;201.61;3.22;777;8;737.00;28
1508;8;624645986;1508;187;2281;2312;8.51;0.52;201.72;3.22;773;8;738.00;31
1508;8;624645998;1508;189;2285;2312;8.56;0.52;201.72;3.25;777;8;739.00;27
1512;8;624646009;1512;186;2285;2312;8.63;0.53;201.84;3.25;773;8;740.00;27
1513;8;624646021;1513;184;2290;2316;8.77;0.54;201.99;3.25;777;8;741.00;26
1515;8;624646034;1515;187;2291;2317;8.93;0.55;201.80;3.26;776;8;742.00;26
1521;8;624646046;1521;185;2292;2317;9.09;0.56;202.27;3.26;771;8;743.00;25
1524;8;624646057;1524;181;2295;2321;9.19;0.56;202.29;3.26;771;8;744.00;26
1527;8;624646069;1527;181;2296;2321;9.33;0.57;202.46;3.27;769;8;745.00;25
1529;8;624646080;1529;179;2297;2321;9.39;0.57;202.72;3.27;768;8;746.00;24
1530;8;624646092;1530;177;2298;2322;9.47;0.58;202.75;3.27;768;8;747.00;24
1533;8;624646110;1533;172;2300;2322;9.53;0.58;203.17;3.28;767;8;748.00;22
1535;8;624646121;1535;171;2305;2328;9.71;0.59;203.31;3.27;770;8;749.00;23
1537;8;624646135;1537;165;2305;2328;9.92;0.61;203.44;3.27;768;8;750.00;23
1540;8;624646147;1540;161;2308;2329;10.00;0.61;203.48;3.29;768;8;751.00;21
1543;8;624646160;1543;158;2308;2329;10.10;0.62;203.89;3.29;765;8;752.00;21
1546;8;624646172;1546;154;2308;2329;10.21;0.62;204.34;3.29;762;8;753.00;21
1549;8;624646183;1549;151;2309;2329;10.34;0.63;204.32;3.30;760;8;754.00;20
1555;8;624646195;1555;151;2309;2329;10.48;0.64;204.50;3.30;754;8;755.00;20
1558;8;624646207;1558;154;2318;2341;10.63;0.65;204.37;3.29;760;8;756.00;23
1562;8;624646221;1562;154;2321;2341;10.83;0.66;204.72;3.33;759;8;757.00;20
1568;8;624646233;1568;150;2321;2341;10.99;0.67;204.99;3.33;753;8;758.00;20
1570;8;624646245;1570;148;2322;2341;11.14;0.68;205.14;3.34;752;8;759.00;19
1571;8;624646256;1571;148;2323;2341;11.23;0.68;205.22;3.36;752;8;760.00;18
1575;8;624646268;1575;151;2324;2341;11.38;0.69;205.49;3.37;749;8;761.00;17
1578;8;624646279;1578;152;2328;2345;11.41;0.69;205.74;3.37;750;8;762.00;17
1584;8;624646291;1584;151;2330;2345;11.47;0.70;205.79;3.38;746;8;763.00;15
1586;8;624646307;1586;151;2333;2349;11.54;0.70;206.08;3.38;747;8;764.00;16
1589;8;624646320;1589;153;2335;2351;11.60;0.70;206.15;3.38;746;8;765.00;16
1590;8;624646337;1590;152;2335;2351;11.56;0.70;206.19;3.38;745;8;766.00;16
1591;8;624646348;1591;152;2336;2351;11.53;0.70;206.35;3.38;745;8;767.00;15
1595;8;624646359;1595;158;2345;2364;11.49;0.70;206.51;3.37;750;8;768.00;19
1599;8;624646371;1599;157;2347;2364;11.55;0.70;206.60;3.39;748;8;769.00;17
1601;8;624646382;1601;159;2348;2364;11.64;0.71;206.65;3.39;747;8;770.00;16
1605;8;624646394;1605;160;2349;2365;11.72;0.71;206.94;3.39;744;8;771.00;16
1608;8;624646405;1608;158;2349;2366;11.76;0.72;207.12;3.39;741;8;772.00;17
1609;8;624646417;1609;158;2349;2366;11.83;0.72;207.13;3.39;740;8;773.00;17
1613;8;624646432;1613;159;2352;2369;11.84;0.72;207.35;3.39;739;8;774.00;17
1614;8;624646448;1614;159;2352;2369;11.88;0.72;207.31;3.39;738;8;775.00;17
1619;8;624646465;1619;159;2352;2369;11.82;0.72;207.66;3.39;733;8;776.00;17
1622;8;624646483;1622;162;2353;2369;11.71;0.71;207.70;3.41;731;8;777.00;16
1627;8;624646497;1627;166;2358;2375;11.62;0.71;207.80;3.41;731;8;778.00;17
1630;8;624646513;1630;169;2358;2375;11.46;0.70;207.93;3.41;728;8;779.00;17
1634;8;624646531;1634;173;2358;2375;11.36;0.69;208.12;3.41;724;8;780.00;17
1637;8;624646547;1637;180;2358;2375;11.29;0.69;208.29;3.41;721;8;781.00;17
1638;8;624646560;1638;176;2361;2379;11.16;0.68;208.33;3.40;723;8;782.00;18
1640;8;624646573;1640;174;2362;2380;11.15;0.68;208.37;3.40;722;8;783.00;18
1645;8;624646584;1645;174;2362;2380;11.02;0.67;208.31;3.40;717;8;784.00;18
1650;9;624646596;1650;169;2365;2381;10.93;0.66;208.37;3.42;715;9;785.00;16
1652;9;624646630;1652;167;2365;2381;10.89;0.66;208.44;3.42;713;9;786.00;16
1655;9;624646642;1655;166;2365;2381;10.84;0.66;208.31;3.42;710;9;787.00;16
1659;9;624646652;1659;164;2365;2381;10.85;0.66;208.28;3.42;706;9;788.00;16
1663;9;624646664;1663;166;2365;2381;10.85;0.66;208.30;3.42;702;9;789.00;16
1664;9;624646674;1664;163;2365;2381;10.87;0.67;208.50;3.42;701;9;790.00;16
1667;9;624646685;1667;163;2365;2381;10.78;0.66;208.45;3.42;698;9;791.00;16
1669;9;624646696;1669;166;2397;2451;10.79;0.66;208.80;3.38;728;9;792.00;54
1670;9;624646713;1670;163;2397;2452;10.82;0.67;208.85;3.38;727;9;793.00;55
1673;9;624646724;1673;171;2404;2452;10.87;0.67;208.82;3.37;731;9;794.00;48
1676;9;624646734;1676;170;2407;2452;10.87;0.67;208.73;3.37;731;9;795.00;45
1681;9;624646745;1681;165;2409;2452;10.87;0.67;208.70;3.37;728;9;796.00;43
1683;9;624646756;1683;167;2413;2452;10.76;0.66;208.55;3.37;730;9;797.00;39
1686;9;624646767;1686;169;2417;2452;10.72;0.66;208.64;3.41;731;9;798.00;35
1690;9;624646777;1690;177;2419;2452;10.68;0.65;208.90;3.41;729;9;799.00;33
1692;9;624646788;1692;179;2422;2453;10.57;0.65;209.12;3.45;730;9;800.00;31
1694;9;624646803;1694;182;2425;2454;10.55;0.65;209.14;3.45;731;9;801.00;29
1701;9;624646813;1701;187;2429;2454;10.48;0.64;208.82;3.49;728;9;802.00;25
1702;9;624646823;1702;190;2436;2458;10.36;0.63;208.77;3.50;734;9;803.00;22
1704;9;624646834;1704;192;2439;2458;10.24;0.63;208.70;3.54;735;9;804.00;19
1709;9;624646845;1709;197;2439;2458;10.16;0.62;208.48;3.54;730;9;805.00;19
1710;9;624646855;1710;200;2440;2458;10.05;0.61;208.46;3.57;730;9;806.00;18
1711;9;624646866;1711;210;2445;2464;10.01;0.61;208.39;3.56;734;9;807.00;19
1713;10;624646877;1713;215;2446;2464;9.89;0.61;208.19;3.60;733;10;808.00;18
1713;10;624646908;1713;224;2446;2464;9.84;0.60;208.19;3.60;733;10;809.00;18
1716;10;624646921;1716;232;2452;2470;9.82;0.60;208.05;3.62;736;10;810.00;18
1718;10;624646931;1718;241;2453;2470;9.73;0.60;208.12;3.66;735;10;811.00;17
1721;10;624646941;1721;246;2458;2470;9.60;0.59;208.04;3.71;737;10;812.00;12
1724;10;624646951;1724;253;2458;2471;9.36;0.57;208.02;3.71;734;10;813.00;13
1729;10;624646962;1729;260;2461;2472;9.22;0.56;207.90;3.77;732;10;814.00;11
1731;10;624646973;1731;268;2464;2472;9.07;0.55;207.85;3.81;733;10;815.00;8
1734;10;624646983;1734;276;2474;2485;8.91;0.54;207.65;3.81;740;10;816.00;11
1736;10;624646994;1736;284;2476;2485;8.75;0.53;207.56;3.82;740;10;817.00;9
1739;10;624647004;1739;290;2477;2485;8.64;0.53;207.38;3.83;738;10;818.00;8
1740;10;624647013;1740;298;2478;2486;8.59;0.52;207.36;3.83;738;10;819.00;8
1743;10;624647022;1743;301;2479;2486;8.52;0.52;207.27;3.84;736;10;820.00;7
1745;10;624647032;1745;304;2484;2490;8.53;0.52;207.23;3.84;739;10;821.00;6
1747;10;624647042;1747;307;2487;2490;8.50;0.52;207.27;3.85;740;10;822.00;3
1749;10;624647052;1749;309;2491;2494;8.43;0.52;207.16;3.85;742;10;823.00;3
1749;10;624647061;1749;319;2492;2494;8.31;0.51;207.16;3.85;743;10;824.00;2
1752;10;624647071;1752;326;2494;2494;8.11;0.50;207.06;3.85;742;10;825.00;0
1755;10;624647080;1755;331;2494;2494;7.94;0.49;206.84;3.85;739;10;826.00;0
1756;10;624647090;1756;322;2494;2494;7.85;0.48;206.74;3.85;738;10;827.00;0
1759;10;624647099;1759;318;2505;2506;7.81;0.48;206.74;3.84;746;10;828.00;1
1760;10;624647110;1760;317;2505;2506;7.79;0.48;206.74;3.84;745;10;829.00;1
1761;10;624647119;1761;315;2506;2506;7.73;0.48;206.76;3.84;745;10;830.00;0
1763;10;624647129;1763;314;2506;2506;7.68;0.47;206.69;3.84;743;10;831.00;0
1764;10;624647138;1764;306;2506;2506;7.65;0.47;206.66;3.84;742;10;832.00;0
1765;10;624647149;1765;300;2506;2506;7.62;0.47;206.62;3.84;741;10;833.00;0
1767;10;624647159;1767;298;2507;2507;7.64;0.47;206.58;3.83;740;10;834.00;0
1767;10;624647168;1767;296;2507;2507;7.69;0.47;206.58;3.83;740;10;835.00;0
1767;10;624647177;1767;296;2513;2513;7.82;0.48;206.58;3.83;746;10;836.00;0
1768;10;624647195;1768;294;2514;2514;7.95;0.49;206.59;3.83;746;10;837.00;0
1769;10;624647207;1769;298;2514;2514;8.02;0.49;206.54;3.83;745;10;838.00;0
1770;10;624647217;1770;295;2514;2514;8.01;0.49;206.52;3.83;744;10;839.00;0
1773;10;624647230;1773;298;2519;2519;8.13;0.50;206.31;3.82;746;10;840.00;0
1774;11;624647241;1774;296;2519;2519;8.16;0.50;206.26;3.82;745;11;841.00;0
1776;11;624647265;1776;294;2519;2519;8.17;0.50;206.23;3.82;743;11;842.00;0
1778;11;624647275;1778;292;2520;2520;8.12;0.50;206.25;3.82;742;11;843.00;0
1783;11;624647290;1783;285;2524;2524;7.98;0.49;206.20;3.81;741;11;844.00;0
1786;11;624647300;1786;281;2524;2524;7.95;0.48;206.11;3.81;738;11;845.00;0
1789;11;624647310;1789;273;2526;2527;7.92;0.48;206.33;3.81;737;11;846.00;1
1790;11;624647320;1790;271;2526;2527;7.86;0.48;206.47;3.81;736;11;847.00;1
1793;11;624647339;1793;275;2527;2527;7.80;0.48;206.71;3.81;734;11;848.00;0
1795;11;624647348;1795;279;2527;2527;7.70;0.47;206.88;3.81;732;11;849.00;0
1798;11;624647356;1798;268;2531;2531;7.73;0.47;207.01;3.80;733;11;850.00;0
1802;11;624647366;1802;262;2531;2531;7.71;0.47;207.21;3.80;729;11;851.00;0
1804;11;624647375;1804;258;2531;2531;7.75;0.48;207.12;3.80;727;11;852.00;0
1808;11;624647384;1808;254;2531;2531;7.77;0.48;207.10;3.80;723;11;853.00;0
1811;11;624647394;1811;245;2532;2532;7.80;0.48;207.45;3.80;721;11;854.00;0
1815;11;624647403;1815;241;2534;2534;7.84;0.48;207.37;3.80;719;11;855.00;0
1820;11;624647413;1820;239;2534;2534;7.86;0.48;207.25;3.80;714;11;856.00;0
1823;11;624647422;1823;232;2535;2535;7.92;0.48;207.59;3.80;712;11;857.00;0
1829;11;624647432;1829;221;2535;2535;7.98;0.49;207.70;3.80;706;11;858.00;0
1832;11;624647442;1832;212;2535;2535;8.08;0.49;207.92;3.80;703;11;859.00;0
1837;11;624647451;1837;200;2535;2535;8.13;0.50;208.11;3.80;698;11;860.00;0
1838;11;624647460;1838;194;2535;2535;8.16;0.50;208.24;3.80;697;11;861.00;0
1840;11;624647471;1840;193;2535;2535;8.20;0.50;208.34;3.80;695;11;862.00;0
1843;11;624647481;1843;188;2535;2535;8.20;0.50;208.53;3.80;692;11;863.00;0
1844;11;624647490;1844;190;2615;2662;8.53;0.53;208.54;3.68;771;11;864.00;47
1849;11;624647512;1849;182;2621;2663;8.53;0.53;208.52;3.68;772;11;865.00;42
1852;11;624647522;1852;178;2627;2663;8.64;0.54;208.67;3.67;775;11;866.00;36
1855;11;624647532;1855;173;2628;2663;8.67;0.54;208.69;3.67;773;11;867.00;35
1858;11;624647542;1858;167;2633;2663;8.80;0.55;208.87;3.67;775;11;868.00;30
1861;11;624647552;1861;170;2633;2663;8.89;0.55;209.27;3.67;772;11;869.00;30
1866;11;624647565;1866;169;2636;2663;8.85;0.55;209.26;3.68;770;11;870.00;27
1870;11;624647579;1870;171;2639;2663;8.87;0.55;209.38;3.68;769;11;871.00;24
1874;11;624647590;1874;177;2642;2664;8.85;0.55;209.56;3.69;768;11;872.00;22
1878;11;624647600;1878;182;2645;2665;8.81;0.54;209.80;3.69;767;11;873.00;20
1881;11;624647612;1881;188;2647;2665;8.73;0.54;209.98;3.70;766;11;874.00;18
1886;11;624647626;1886;194;2651;2666;8.65;0.53;209.95;3.70;765;11;875.00;15
1889;11;624647639;1889;203;2653;2666;8.63;0.53;209.82;3.71;764;11;876.00;13
1892;11;624647659;1892;214;2655;2666;8.62;0.53;209.76;3.72;763;11;877.00;11
1896;11;624647670;1896;220;2657;2666;8.64;0.53;209.95;3.72;761;11;878.00;9
1901;11;624647681;1901;217;2661;2670;8.63;0.53;210.10;3.72;760;11;879.00;9
1904;11;624647693;1904;220;2662;2670;8.66;0.53;210.06;3.73;758;11;880.00;8
1911;11;624647703;1911;218;2663;2670;8.61;0.53;210.37;3.73;752;11;881.00;7
1912;12;624647715;1912;220;2665;2673;8.59;0.53;210.38;3.74;753;12;882.00;8
1919;12;624647742;1919;222;2666;2673;8.51;0.52;210.53;3.74;747;12;883.00;7
1920;12;624647754;1920;220;2667;2673;8.56;0.52;210.61;3.75;747;12;884.00;6
1925;12;624647764;1925;220;2672;2677;8.62;0.53;210.73;3.75;747;12;885.00;5
1931;12;624647777;1931;219;2674;2678;8.63;0.53;210.83;3.76;743;12;886.00;4
1934;12;624647793;1934;217;2675;2678;8.74;0.53;210.82;3.76;741;12;887.00;3
1938;12;624647811;1938;215;2679;2682;8.80;0.53;211.02;3.76;741;12;888.00;3
1941;12;624647828;1941;217;2681;2682;8.84;0.54;211.34;3.76;740;12;889.00;1
1944;12;624647845;1944;217;2682;2682;8.86;0.54;211.57;3.76;738;12;890.00;0
1948;12;624647863;1948;222;2683;2683;8.84;0.54;211.77;3.76;735;12;891.00;0
1952;12;624647878;1952;223;2683;2683;8.86;0.54;211.82;3.76;731;12;892.00;0
1958;12;624647890;1958;220;2689;2689;8.86;0.54;211.72;3.75;731;12;893.00;0
1960;12;624647904;1960;223;2689;2689;8.87;0.54;211.87;3.75;729;12;894.00;0
1963;12;624647917;1963;226;2690;2690;8.84;0.54;212.01;3.75;727;12;895.00;0
1966;12;624647930;1966;222;2690;2690;8.85;0.54;212.13;3.75;724;12;896.00;0
1969;12;624647968;1969;217;2690;2690;8.89;0.54;212.38;3.75;721;12;897.00;0
1971;12;624648014;1971;210;2690;2690;8.97;0.55;212.65;3.75;719;12;898.00;0
1974;12;624648038;1974;205;2690;2690;9.00;0.55;212.85;3.75;716;12;899.00;0
1978;12;624648053;1978;202;2721;2736;9.02;0.55;213.18;3.71;743;12;900.00;15
1981;12;624648075;1981;192;2721;2736;9.12;0.56;213.27;3.71;740;12;901.00;15
1983;12;624648086;1983;191;2725;2736;9.29;0.57;213.40;3.71;742;12;902.00;11
1989;12;624648098;1989;189;2725;2736;9.39;0.58;213.54;3.71;736;12;903.00;11
1991;12;624648109;1991;185;2727;2736;9.50;0.58;213.64;3.71;736;12;904.00;9
1996;12;624648121;1996;186;2727;2736;9.50;0.58;213.81;3.71;731;12;905.00;9
1997;12;624648138;1997;174;2732;2740;9.47;0.58;213.93;3.70;735;12;906.00;8
2003;12;624648150;2003;165;2734;2740;9.47;0.58;214.19;3.71;731;12;907.00;6
2009;12;624648162;2009;159;2737;2744;9.53;0.58;214.43;3.70;728;12;908.00;7
2011;12;624648175;2011;151;2738;2745;9.67;0.59;214.34;3.70;727;12;909.00;7
2014;12;624648185;2014;148;2738;2745;9.74;0.60;214.41;3.70;724;12;910.00;7
2015;12;624648197;2015;144;2738;2745;9.81;0.60;214.55;3.70;723;12;911.00;7
2017;12;624648209;2017;144;2751;2758;9.86;0.60;214.50;3.69;734;12;912.00;7
2018;12;624648223;2018;141;2752;2758;9.91;0.61;214.60;3.69;734;12;913.00;6
2020;12;624648235;2020;142;2752;2758;10.02;0.61;214.76;3.69;732;12;914.00;6
2023;12;624648246;2023;143;2753;2759;10.10;0.62;214.65;3.69;730;12;915.00;6
2024;12;624648259;2024;140;2754;2760;10.13;0.62;214.64;3.69;730;12;916.00;6
2026;12;624648270;2026;140;2754;2760;10.17;0.62;214.64;3.69;728;12;917.00;6
2029;12;624648283;2029;136;2757;2763;10.21;0.62;214.55;3.69;728;12;918.00;6
2032;12;624648296;2032;132;2758;2763;10.10;0.62;214.77;3.70;726;12;919.00;5
2034;12;624648309;2034;135;2759;2763;10.08;0.61;214.92;3.70;725;12;920.00;4
2038;12;624648326;2038;138;2759;2763;10.01;0.61;214.97;3.70;721;12;921.00;4
2040;12;624648342;2040;132;2763;2769;10.08;0.61;215.02;3.69;723;12;922.00;6
2044;12;624648369;2044;133;2763;2769;10.06;0.61;215.19;3.69;719;12;923.00;6
2046;12;624648395;2046;136;2764;2769;9.99;0.61;215.20;3.70;718;12;924.00;5
2051;12;624648419;2051;140;2766;2769;9.98;0.61;215.21;3.71;715;12;925.00;3
2052;12;624648435;2052;136;2770;2773;9.96;0.61;215.33;3.71;718;12;926.00;3
2056;12;624648455;2056;141;2773;2774;9.95;0.61;215.54;3.71;717;12;927.00;1
2058;12;624648473;2058;143;2773;2774;9.99;0.61;215.51;3.71;715;12;928.00;1
2062;12;624648491;2062;146;2774;2775;10.04;0.61;215.64;3.71;712;12;929.00;1
2065;12;624648510;2065;153;2774;2775;10.08;0.61;215.62;3.71;709;12;930.00;1
2067;12;624648525;2067;153;2774;2775;10.12;0.61;215.79;3.71;707;12;931.00;1
2071;12;624648543;2071;158;2774;2775;10.12;0.61;216.03;3.71;703;12;932.00;1
2073;12;624648562;2073;161;2774;2775;10.21;0.62;216.08;3.71;701;12;933.00;1
2076;12;624648579;2076;163;2774;2775;10.24;0.62;216.13;3.71;698;12;934.00;1
2078;12;624648593;2078;169;2774;2775;10.30;0.62;216.22;3.71;696;12;935.00;1
2079;12;624648605;2079;178;2810;2845;10.23;0.62;216.22;3.67;731;12;936.00;35
2082;12;624648625;2082;172;2810;2846;10.29;0.63;216.18;3.67;728;12;937.00;36
2086;12;624648640;2086;171;2817;2846;10.37;0.63;216.35;3.66;731;12;938.00;29
2087;12;624648654;2087;170;2820;2846;10.46;0.64;216.35;3.66;733;12;939.00;26
2089;12;624648669;2089;174;2823;2846;10.52;0.64;216.29;3.66;734;12;940.00;23
2092;12;624648681;2092;170;2825;2846;10.50;0.64;216.52;3.66;733;12;941.00;21
2094;12;624648707;2094;173;2827;2846;10.51;0.64;216.48;3.66;733;12;942.00;19
2095;12;624648720;2095;171;2829;2846;10.60;0.65;216.66;3.67;734;12;943.00;17
2101;12;624648734;2101;174;2831;2847;10.67;0.65;216.57;3.67;730;12;944.00;16
2103;12;624648747;2103;176;2834;2849;10.62;0.65;216.73;3.67;731;12;945.00;15
2107;12;624648759;2107;179;2836;2849;10.61;0.65;216.67;3.68;729;12;946.00;13
2110;12;624648771;2110;184;2841;2853;10.55;0.64;216.58;3.68;731;12;947.00;12
2113;12;624648785;2113;186;2842;2853;10.46;0.64;216.47;3.68;729;12;948.00;11
2117;12;624648796;2117;185;2842;2853;10.42;0.63;216.38;3.68;725;12;949.00;11
2120;12;624648807;2120;188;2842;2853;10.32;0.63;216.27;3.68;722;12;950.00;11
2123;12;624648819;2123;195;2846;2859;10.33;0.63;216.26;3.67;723;12;951.00;13
2126;12;624648832;2126;193;2846;2859;10.30;0.63;216.23;3.67;720;12;952.00;13
2132;12;624648844;2132;190;2846;2859;10.23;0.62;216.16;3.67;714;12;953.00;13
2133;12;624648854;2133;190;2848;2862;10.24;0.62;216.10;3.67;715;12;954.00;14
2135;12;624648866;2135;193;2852;2862;10.14;0.62;216.15;3.70;717;12;955.00;10
2139;12;624648879;2139;195;2853;2862;10.14;0.62;216.04;3.70;714;12;956.00;9
2142;12;624648893;2142;200;2853;2863;10.07;0.61;216.09;3.70;711;12;957.00;10
2147;12;624648905;2147;204;2854;2864;9.96;0.60;215.91;3.69;707;12;958.00;10
2147;12;624648919;2147;208;2854;2864;9.92;0.60;215.91;3.69;707;12;959.00;10
2150;12;624648932;2150;213;2870;2890;9.81;0.60;215.75;3.67;720;12;960.00;20
2151;12;624648947;2151;217;2871;2890;9.80;0.60;215.75;3.67;720;12;961.00;19
2156;12;624648959;2156;218;2873;2890;9.83;0.60;215.70;3.67;717;12;962.00;17
2160;12;624648972;2160;216;2876;2891;9.84;0.60;215.51;3.68;716;12;963.00;15
2162;12;624648985;2162;226;2876;2891;9.80;0.60;215.36;3.68;714;12;964.00;15
2164;12;624648996;2164;228;2879;2895;9.83;0.60;215.29;3.68;715;12;965.00;16
2168;12;624649011;2168;229;2880;2895;9.71;0.59;215.10;3.68;712;12;966.00;15
2169;12;624649023;2169;231;2883;2899;9.73;0.59;215.11;3.67;714;12;967.00;16
2171;12;624649034;2171;233;2883;2899;9.72;0.59;215.12;3.67;712;12;968.00;16
2172;12;624649049;2172;231;2884;2899;9.67;0.59;215.08;3.68;712;12;969.00;15
2174;12;624649063;2174;233;2884;2899;9.65;0.58;215.11;3.68;710;12;970.00;15
2176;12;624649075;2176;241;2887;2899;9.50;0.57;215.03;3.70;711;12;971.00;12
2176;12;624649086;2176;240;2897;2911;9.44;0.57;215.03;3.69;721;12;972.00;14
2177;12;624649104;2177;243;2898;2911;9.33;0.57;214.95;3.69;721;12;973.00;13
2177;12;624649116;2177;249;2901;2911;9.19;0.56;214.95;3.70;724;12;974.00;10
2178;12;624649126;2178;259;2901;2911;9.14;0.56;214.98;3.70;723;12;975.00;10
2180;12;624649141;2180;263;2901;2911;9.11;0.56;214.97;3.70;721;12;976.00;10
2181;12;624649151;2181;263;2901;2911;9.06;0.55;214.99;3.70;720;12;977.00;10
2181;12;624649161;2181;272;2901;2912;8.98;0.55;214.99;3.70;720;12;978.00;11
2184;12;624649172;2184;264;2901;2912;8.93;0.54;214.90;3.70;717;12;979.00;11
2184;12;624649193;2184;257;2907;2918;8.99;0.55;214.90;3.71;723;12;980.00;11
2186;12;624649204;2186;257;2909;2919;8.93;0.55;214.91;3.72;723;12;981.00;10
2189;12;624649215;2189;261;2909;2919;8.80;0.54;214.94;3.72;720;12;982.00;10
2190;12;624649226;2190;262;2911;2919;8.69;0.53;214.84;3.75;721;12;983.00;8
2194;12;624649239;2194;259;2914;2923;8.64;0.53;214.80;3.74;720;12;984.00;9
2197;12;624649252;2197;258;2915;2923;8.57;0.52;214.77;3.74;718;12;985.00;8
2198;12;624649274;2198;260;2916;2923;8.57;0.52;214.76;3.75;718;12;986.00;7
2200;12;624649285;2200;265;2917;2924;8.58;0.52;214.69;3.75;717;12;987.00;7
2202;12;624649298;2202;268;2921;2928;8.55;0.52;214.66;3.76;719;12;988.00;7
2204;12;624649309;2204;268;2923;2928;8.57;0.52;214.62;3.78;719;12;989.00;5
2205;12;624649323;2205;271;2927;2934;8.67;0.53;214.63;3.77;722;12;990.00;7
2206;12;624649333;2206;267;2930;2934;8.70;0.53;214.70;3.78;724;12;991.00;4
2208;12;624649345;2208;266;2932;2934;8.69;0.53;214.69;3.79;724;12;992.00;2
2210;12;624649357;2210;265;2932;2934;8.59;0.52;214.77;3.79;722;12;993.00;2
2211;12;624649376;2211;271;2938;2938;8.60;0.52;214.75;3.79;727;12;994.00;0
2212;12;624649389;2212;273;2938;2938;8.49;0.52;214.66;3.79;726;12;995.00;0
2214;12;624649403;2214;277;2938;2938;8.29;0.51;214.57;3.79;724;12;996.00;0
2214;12;624649415;2214;282;2938;2938;8.15;0.50;214.57;3.79;724;12;997.00;0
2215;12;624649427;2215;283;2939;2939;7.94;0.49;214.56;3.79;724;12;998.00;0
2215;12;624649439;2215;281;2940;2940;7.84;0.48;214.56;3.78;725;12;999.00;0
2218;12;624649451;2218;278;2940;2940;7.74;0.47;214.51;3.78;722;12;1000.00;0
2220;12;624649470;2220;276;2941;2941;7.75;0.48;214.57;3.78;721;12;1001.00;0
2224;12;624649480;2224;278;2941;2941;7.71;0.47;214.53;3.78;717;12;1002.00;0
2225;12;624649491;2225;278;2941;2941;7.63;0.47;214.67;3.78;716;12;1003.00;0
2227;12;624649500;2227;276;2941;2941;7.53;0.46;214.73;3.78;714;12;1004.00;0
2232;12;624649509;2232;277;2941;2941;7.44;0.45;214.75;3.78;709;12;1005.00;0
2232;12;624649518;2232;277;2941;2941;7.38;0.45;214.75;3.78;709;12;1006.00;0
2235;12;624649527;2235;272;2941;2941;7.33;0.45;214.81;3.78;706;12;1007.00;0
2237;12;624649536;2237;290;3011;3068;7.48;0.47;214.89;3.70;774;12;1008.00;57
2237;12;624649558;2237;287;3013;3069;7.51;0.47;214.89;3.69;776;12;1009.00;56
2239;12;624649568;2239;279;3023;3069;7.57;0.47;215.05;3.69;784;12;1010.00;46
2242;12;624649579;2242;276;3028;3069;7.54;0.47;215.10;3.69;786;12;1011.00;41
2245;12;624649589;2245;278;3035;3069;7.52;0.47;215.08;3.69;790;12;1012.00;34
2252;12;624649600;2252;277;3036;3069;7.40;0.46;215.44;3.69;784;12;1013.00;33
2254;13;624649613;2254;279;3039;3069;7.33;0.46;215.50;3.69;785;13;1014.00;30
2261;13;624649641;2261;278;3042;3069;7.23;0.45;215.43;3.69;781;13;1015.00;27
2263;13;624649658;2263;282;3044;3070;7.21;0.45;215.48;3.70;781;13;1016.00;26
2265;13;624649669;2265;288;3046;3071;7.20;0.44;215.47;3.70;781;13;1017.00;25
2268;13;624649679;2268;287;3047;3071;7.12;0.44;215.56;3.70;779;13;1018.00;24
2275;13;624649691;2275;296;3051;3072;7.00;0.43;215.66;3.71;776;13;1019.00;21
2278;13;624649709;2278;291;3056;3072;6.94;0.43;215.78;3.72;778;13;1020.00;16
2278;13;624649724;2278;284;3059;3072;6.96;0.43;215.78;3.73;781;13;1021.00;13
2282;13;624649736;2282;281;3061;3072;6.93;0.43;215.84;3.74;779;13;1022.00;11
2284;13;624649748;2284;282;3066;3076;6.96;0.43;216.02;3.74;782;13;1023.00;10
2285;13;624649760;2285;277;3067;3076;7.01;0.43;216.15;3.75;782;13;1024.00;9
2290;13;624649772;2290;273;3069;3076;7.04;0.43;216.33;3.75;779;13;1025.00;7
2290;13;624649784;2290;273;3071;3079;7.14;0.44;216.33;3.75;781;13;1026.00;8
2292;13;624649800;2292;270;3073;3079;7.26;0.45;216.54;3.76;781;13;1027.00;6
2294;13;624649811;2294;265;3073;3079;7.40;0.45;216.58;3.76;779;13;1028.00;6
2295;13;624649822;2295;260;3078;3083;7.48;0.46;216.66;3.76;783;13;1029.00;5
2299;13;624649835;2299;250;3080;3084;7.60;0.47;216.64;3.76;781;13;1030.00;4
2302;13;624649853;2302;250;3080;3084;7.71;0.47;216.85;3.76;778;13;1031.00;4
2306;13;624649864;2306;245;3084;3088;7.86;0.48;216.89;3.77;778;13;1032.00;4
2308;13;624649881;2308;246;3086;3088;7.92;0.49;217.12;3.78;778;13;1033.00;2
2315;13;624649894;2315;238;3088;3088;8.00;0.49;217.21;3.78;773;13;1034.00;0
2319;13;624649905;2319;238;3090;3090;8.05;0.49;217.21;3.78;771;13;1035.00;0
2323;13;624649917;2323;231;3090;3090;8.06;0.49;217.21;3.78;767;13;1036.00;0
2329;13;624649928;2329;221;3096;3096;8.14;0.50;217.29;3.77;767;13;1037.00;0
2330;13;624649940;2330;225;3096;3096;8.20;0.50;217.27;3.77;766;13;1038.00;0
2333;13;624649951;2333;221;3097;3097;8.19;0.50;217.30;3.77;764;13;1039.00;0
2338;13;624649962;2338;228;3097;3097;8.17;0.50;217.38;3.77;759;13;1040.00;0
2342;13;624649974;2342;224;3097;3097;8.15;0.50;217.65;3.77;755;13;1041.00;0
2348;13;624649985;2348;225;3097;3097;8.14;0.49;217.63;3.77;749;13;1042.00;0
2351;13;624649995;2351;223;3097;3097;8.18;0.50;217.76;3.77;746;13;1043.00;0
2356;13;624650006;2356;225;3107;3109;8.28;0.50;217.79;3.76;751;13;1044.00;2
2359;13;624650017;2359;223;3108;3109;8.30;0.50;217.98;3.76;749;13;1045.00;1
2364;13;624650027;2364;224;3109;3109;8.31;0.51;218.00;3.76;745;13;1046.00;0
2367;13;624650039;2367;223;3109;3109;8.34;0.51;218.07;3.76;742;13;1047.00;0
2373;13;624650059;2373;225;3109;3109;8.32;0.51;218.01;3.76;736;13;1048.00;0
2376;13;624650070;2376;222;3109;3109;8.34;0.51;218.33;3.76;733;13;1049.00;0
2379;13;624650085;2379;224;3115;3115;8.36;0.51;218.37;3.75;736;13;1050.00;0
2384;13;624650105;2384;223;3115;3115;8.34;0.51;218.36;3.75;731;13;1051.00;0
2387;13;624650116;2387;218;3119;3119;8.38;0.51;218.49;3.75;732;13;1052.00;0
2391;13;624650128;2391;220;3120;3120;8.34;0.51;218.73;3.75;729;13;1053.00;0
2396;13;624650140;2396;228;3120;3120;8.35;0.51;219.01;3.75;724;13;1054.00;0
2399;13;624650154;2399;231;3120;3120;8.33;0.51;219.06;3.75;721;13;1055.00;0
2404;13;624650166;2404;230;3133;3133;8.38;0.51;219.18;3.73;729;13;1056.00;0
2405;13;624650178;2405;228;3133;3133;8.38;0.51;219.14;3.73;728;13;1057.00;0
2410;13;624650190;2410;222;3133;3133;8.36;0.51;219.12;3.73;723;13;1058.00;0
2415;13;624650200;2415;218;3134;3134;8.37;0.51;219.51;3.73;719;13;1059.00;0
2418;13;624650215;2418;208;3135;3135;8.35;0.51;219.49;3.73;717;13;1060.00;0
2420;13;624650229;2420;208;3135;3135;8.37;0.51;219.47;3.73;715;13;1061.00;0
2422;13;624650240;2422;205;3137;3138;8.37;0.51;219.73;3.73;715;13;1062.00;1
2423;13;624650252;2423;208;3137;3138;8.33;0.51;219.72;3.73;714;13;1063.00;1
2424;13;624650264;2424;208;3138;3138;8.38;0.51;219.77;3.73;714;13;1064.00;0
2425;13;624650277;2425;209;3138;3138;8.38;0.51;219.82;3.73;713;13;1065.00;0
2430;13;624650293;2430;207;3144;3144;8.32;0.51;219.86;3.72;714;13;1066.00;0
2430;13;624650305;2430;197;3144;3144;8.38;0.51;219.86;3.72;714;13;1067.00;0
2433;13;624650316;2433;192;3144;3144;8.43;0.52;219.92;3.72;711;13;1068.00;0
2433;13;624650327;2433;188;3144;3144;8.51;0.52;219.92;3.72;711;13;1069.00;0
2435;13;624650337;2435;185;3148;3148;8.50;0.52;220.02;3.72;713;13;1070.00;0
2436;13;624650349;2436;181;3149;3149;8.48;0.52;219.98;3.72;713;13;1071.00;0
2441;13;624650361;2441;181;3149;3149;8.40;0.51;220.24;3.72;708;13;1072.00;0
2443;13;624650374;2443;180;3150;3150;8.36;0.51;220.20;3.71;707;13;1073.00;0
2445;13;624650394;2445;185;3150;3150;8.37;0.51;220.28;3.71;705;13;1074.00;0
2448;13;624650405;2448;187;3150;3150;8.42;0.52;220.15;3.71;702;13;1075.00;0
2448;13;624650417;2448;179;3150;3150;8.48;0.52;220.15;3.71;702;13;1076.00;0
2452;13;624650432;2452;170;3150;3150;8.60;0.53;220.31;3.71;698;13;1077.00;0
2457;13;624650448;2457;161;3150;3150;8.68;0.53;220.49;3.71;693;13;1078.00;0
2459;13;624650466;2459;158;3150;3150;8.77;0.53;220.57;3.71;691;13;1079.00;0
2462;13;624650501;2462;180;3228;3275;8.76;0.54;220.67;3.62;766;13;1080.00;47
2464;13;624650533;2464;175;3232;3276;8.80;0.54;220.73;3.62;768;13;1081.00;44
2467;13;624650550;2467;165;3237;3276;8.95;0.55;220.87;3.62;770;13;1082.00;39
2467;13;624650564;2467;168;3238;3276;9.01;0.55;220.87;3.62;771;13;1083.00;38
2469;13;624650578;2469;156;3242;3276;9.11;0.56;221.05;3.62;773;13;1084.00;34
2471;13;624650602;2471;155;3243;3276;9.14;0.56;221.22;3.62;772;13;1085.00;33
2476;13;624650620;2476;151;3249;3276;9.17;0.56;221.56;3.62;773;13;1086.00;27
2480;13;624650636;2480;156;3251;3276;9.21;0.56;221.73;3.63;771;13;1087.00;25
2484;13;624650651;2484;165;3255;3277;9.22;0.56;221.84;3.63;771;13;1088.00;22
2486;13;624650665;2486;169;3259;3278;9.19;0.56;221.94;3.64;773;13;1089.00;19
2488;13;624650683;2488;169;3262;3278;9.13;0.56;221.98;3.64;774;13;1090.00;16
2490;13;624650699;2490;171;3267;3282;9.17;0.56;222.10;3.64;777;13;1091.00;15
2494;13;624650713;2494;177;3269;3282;9.15;0.56;222.20;3.65;775;13;1092.00;13
2496;13;624650730;2496;180;3271;3282;9.18;0.56;222.22;3.65;775;13;1093.00;11
2498;13;624650746;2498;187;3271;3282;9.22;0.56;222.35;3.65;773;13;1094.00;11
2502;13;624650760;2502;183;3276;3288;9.19;0.56;222.59;3.64;774;13;1095.00;12
2504;13;624650774;2504;184;3276;3288;9.30;0.57;222.74;3.64;772;13;1096.00;12
2507;13;624650788;2507;186;3276;3288;9.29;0.57;222.74;3.64;769;13;1097.00;12
2511;13;624650804;2511;186;3278;3291;9.32;0.57;222.85;3.64;767;13;1098.00;13
2512;13;624650820;2512;186;3278;3291;9.34;0.57;222.94;3.64;766;13;1099.00;13
2514;13;624650837;2514;184;3278;3291;9.37;0.57;223.06;3.64;764;13;1100.00;13
2516;13;624650856;2516;181;3279;3292;9.45;0.58;222.96;3.64;763;13;1101.00;13
2519;13;624650871;2519;184;3280;3293;9.49;0.58;223.05;3.64;761;13;1102.00;13
2525;13;624650886;2525;186;3280;3293;9.50;0.58;223.03;3.64;755;13;1103.00;13
2528;13;624650900;2528;190;3290;3306;9.45;0.58;223.10;3.63;762;13;1104.00;16
2530;13;624650918;2530;196;3291;3306;9.53;0.58;223.11;3.64;761;13;1105.00;15
2530;13;624650932;2530;196;3292;3306;9.55;0.58;223.11;3.64;762;13;1106.00;14
2534;13;624650949;2534;196;3293;3307;9.51;0.58;223.05;3.64;759;13;1107.00;14
2539;13;624650969;2539;198;3293;3307;9.45;0.58;223.05;3.64;754;13;1108.00;14
2539;13;624650984;2539;200;3296;3311;9.45;0.58;223.05;3.63;757;13;1109.00;15
2539;13;624651008;2539;204;3296;3311;9.51;0.58;223.05;3.63;757;13;1110.00;15
2540;13;624651020;2540;207;3302;3315;9.58;0.59;223.06;3.64;762;13;1111.00;13
2541;13;624651034;2541;210;3302;3315;9.65;0.59;223.05;3.64;761;13;1112.00;13
2543;13;624651047;2543;215;3302;3315;9.72;0.59;223.06;3.64;759;13;1113.00;13
2545;13;624651062;2545;220;3303;3315;9.75;0.60;223.13;3.65;758;13;1114.00;12
2548;13;624651078;2548;224;3303;3315;9.81;0.60;223.08;3.65;755;13;1115.00;12
2550;13;624651092;2550;230;3313;3327;9.85;0.60;223.00;3.64;763;13;1116.00;14
2553;13;624651109;2553;233;3314;3327;9.87;0.60;222.94;3.65;761;13;1117.00;13
2556;13;624651124;2556;231;3315;3327;9.88;0.60;222.77;3.65;759;13;1118.00;12
2560;13;624651137;2560;235;3316;3327;9.83;0.60;222.81;3.66;756;13;1119.00;11
2564;13;624651152;2564;236;3316;3327;9.75;0.60;222.77;3.66;752;13;1120.00;11
2566;13;624651166;2566;235;3317;3327;9.72;0.59;222.64;3.67;751;13;1121.00;10
2568;13;624651179;2568;228;3317;3328;9.69;0.59;222.63;3.67;749;13;1122.00;11
2571;13;624651194;2571;227;3317;3328;9.63;0.59;222.69;3.67;746;13;1123.00;11
2573;13;624651206;2573;230;3323;3334;9.57;0.58;222.70;3.68;750;13;1124.00;11
2577;13;624651222;2577;232;3327;3336;9.46;0.58;222.57;3.69;750;13;1125.00;9
2579;13;624651235;2579;236;3327;3336;9.42;0.57;222.57;3.69;748;13;1126.00;9
2582;13;624651249;2582;238;3328;3336;9.30;0.57;222.47;3.71;746;13;1127.00;8
2585;13;624651259;2585;240;3331;3340;9.33;0.57;222.39;3.70;746;13;1128.00;9
2591;13;624651274;2591;243;3331;3340;9.29;0.56;222.24;3.70;740;13;1129.00;9
2593;13;624651288;2593;240;3331;3340;9.33;0.57;222.17;3.70;738;13;1130.00;9
2596;13;624651303;2596;228;3332;3341;9.42;0.57;222.05;3.70;736;13;1131.00;9
2596;13;624651314;2596;220;3335;3345;9.54;0.58;222.05;3.70;739;13;1132.00;10
2598;13;624651328;2598;209;3335;3345;9.68;0.59;221.97;3.70;737;13;1133.00;10
2600;13;624651342;2600;206;3337;3348;9.86;0.60;221.96;3.70;737;13;1134.00;11
2602;13;624651356;2602;204;3338;3348;9.98;0.61;221.86;3.70;736;13;1135.00;10
2604;13;624651373;2604;201;3338;3348;10.07;0.61;221.78;3.70;734;13;1136.00;10
2606;14;624651389;2606;194;3338;3348;10.15;0.62;221.78;3.70;732;14;1137.00;10
2607;14;624651433;2607;196;3342;3352;10.31;0.63;221.74;3.69;735;14;1138.00;10
2609;14;624651450;2609;193;3342;3352;10.34;0.63;221.74;3.69;733;14;1139.00;10
2610;14;624651470;2610;197;3342;3352;10.36;0.63;221.72;3.69;732;14;1140.00;10
2610;14;624651491;2610;194;3342;3352;10.33;0.63;221.72;3.69;732;14;1141.00;10
2612;14;624651508;2612;190;3342;3353;10.30;0.63;221.73;3.69;730;14;1142.00;11
2615;14;624651523;2615;191;3343;3354;10.14;0.61;221.75;3.69;728;14;1143.00;11
2616;14;624651541;2616;193;3343;3354;10.05;0.61;221.72;3.69;727;14;1144.00;11
2617;14;624651551;2617;192;3344;3355;10.01;0.61;221.70;3.69;727;14;1145.00;11
2617;14;624651562;2617;196;3344;3355;10.00;0.61;221.70;3.69;727;14;1146.00;11
2621;14;624651572;2621;192;3344;3355;9.97;0.61;221.63;3.69;723;14;1147.00;11
2621;14;624651583;2621;189;3344;3355;10.02;0.61;221.63;3.69;723;14;1148.00;11
2623;14;624651594;2623;193;3344;3355;10.08;0.61;221.64;3.69;721;14;1149.00;11
2625;14;624651605;2625;193;3346;3355;10.08;0.61;221.55;3.73;721;14;1150.00;9
2627;14;624651615;2627;198;3346;3355;10.12;0.62;221.51;3.73;719;14;1151.00;9
2629;14;624651627;2629;210;3410;3482;10.16;0.63;221.67;3.67;781;14;1152.00;72
2630;14;624651650;2630;206;3412;3483;10.09;0.62;221.83;3.68;782;14;1153.00;71
2633;14;624651661;2633;203;3420;3483;10.10;0.62;221.88;3.68;787;14;1154.00;63
2634;14;624651672;2634;203;3427;3483;10.03;0.62;221.88;3.69;793;14;1155.00;56
2638;14;624651684;2638;207;3435;3483;9.98;0.61;221.89;3.70;797;14;1156.00;48
2639;14;624651695;2639;205;3437;3483;9.89;0.61;221.93;3.70;798;14;1157.00;46
2642;14;624651706;2642;203;3441;3483;9.78;0.60;221.90;3.70;799;14;1158.00;42
2644;14;624651718;2644;202;3445;3483;9.70;0.60;221.92;3.71;801;14;1159.00;38
2647;14;624651729;2647;208;3447;3484;9.69;0.60;221.99;3.72;800;14;1160.00;37
2650;14;624651747;2650;214;3452;3485;9.62;0.59;222.18;3.73;802;14;1161.00;33
2652;14;624651760;2652;220;3455;3485;9.54;0.59;222.27;3.74;803;14;1162.00;30
2655;14;624651773;2655;225;3458;3486;9.43;0.58;222.26;3.75;803;14;1163.00;28
2657;14;624651787;2657;228;3460;3486;9.34;0.58;222.39;3.75;803;14;1164.00;26
2660;14;624651798;2660;231;3463;3486;9.28;0.57;222.41;3.76;803;14;1165.00;23
2662;14;624651812;2662;244;3466;3486;9.17;0.56;222.48;3.77;804;14;1166.00;20
2664;14;624651823;2664;249;3472;3490;9.10;0.56;222.66;3.78;808;14;1167.00;18
2667;14;624651838;2667;255;3472;3490;8.98;0.55;222.73;3.78;805;14;1168.00;18
2670;14;624651850;2670;261;3477;3490;8.89;0.55;222.75;3.79;807;14;1169.00;13
2675;14;624651862;2675;265;3482;3496;8.86;0.54;222.90;3.80;807;14;1170.00;14
2676;14;624651878;2676;268;3485;3496;8.82;0.54;223.04;3.81;809;14;1171.00;11
2677;14;624651889;2677;270;3486;3496;8.83;0.54;223.16;3.81;809;14;1172.00;10
2681;14;624651910;2681;272;3490;3500;8.73;0.54;223.26;3.81;809;14;1173.00;10
2683;14;624651922;2683;269;3495;3501;8.77;0.54;223.36;3.83;812;14;1174.00;6
2685;14;624651935;2685;271;3496;3501;8.82;0.54;223.42;3.83;811;14;1175.00;5
2690;14;624651948;2690;266;3499;3505;8.89;0.55;223.40;3.83;809;14;1176.00;6
2694;14;624651963;2694;264;3501;3505;8.82;0.54;223.38;3.83;807;14;1177.00;4
2697;14;624651978;2697;270;3502;3505;8.74;0.53;223.23;3.83;805;14;1178.00;3
2699;14;624651990;2699;270;3502;3506;8.64;0.53;223.44;3.83;803;14;1179.00;4
2703;14;624652001;2703;276;3503;3506;8.52;0.52;223.56;3.83;800;14;1180.00;3
2706;14;624652011;2706;277;3508;3512;8.49;0.52;223.64;3.82;802;14;1181.00;4
2712;14;624652022;2712;279;3508;3512;8.34;0.51;223.64;3.82;796;14;1182.00;4
2715;14;624652032;2715;281;3509;3513;8.20;0.50;223.63;3.82;794;14;1183.00;4
2721;14;624652042;2721;276;3509;3513;8.11;0.49;223.64;3.82;788;14;1184.00;4
2724;14;624652052;2724;279;3509;3513;7.99;0.49;223.75;3.82;785;14;1185.00;4
2728;14;624652063;2728;282;3509;3513;7.85;0.48;223.83;3.82;781;14;1186.00;4
2729;14;624652072;2729;278;3509;3513;7.75;0.47;223.87;3.82;780;14;1187.00;4
2734;14;624652081;2734;276;3519;3525;7.58;0.46;223.97;3.81;785;14;1188.00;6
2736;14;624652092;2736;282;3519;3525;7.44;0.45;224.13;3.81;783;14;1189.00;6
2738;14;624652101;2738;272;3520;3525;7.34;0.45;224.31;3.81;782;14;1190.00;5
2743;14;624652110;2743;273;3520;3525;7.25;0.44;224.35;3.81;777;14;1191.00;5
2745;14;624652120;2745;271;3520;3525;7.23;0.44;224.49;3.81;775;14;1192.00;5
2747;14;624652130;2747;266;3520;3525;7.27;0.45;224.73;3.81;773;14;1193.00;5
2751;14;624652139;2751;264;3524;3529;7.26;0.45;224.83;3.81;773;14;1194.00;5
2758;14;624652149;2758;261;3524;3529;7.24;0.45;224.92;3.81;766;14;1195.00;5
2761;14;624652159;2761;257;3527;3533;7.30;0.45;224.94;3.80;766;14;1196.00;6
2764;14;624652169;2764;252;3529;3534;7.36;0.45;225.03;3.81;765;14;1197.00;5
2765;14;624652179;2765;245;3529;3534;7.46;0.46;225.08;3.81;764;14;1198.00;5
2767;14;624652189;2767;246;3529;3534;7.54;0.46;225.08;3.81;762;14;1199.00;5
2773;14;624652207;2773;246;3552;3575;7.55;0.46;225.14;3.78;779;14;1200.00;23
2775;14;624652226;2775;236;3554;3575;7.71;0.47;225.13;3.78;779;14;1201.00;21
2780;14;624652236;2780;239;3557;3575;7.76;0.48;225.14;3.78;777;14;1202.00;18
2783;14;624652246;2783;228;3559;3576;7.89;0.48;225.25;3.78;776;14;1203.00;17
2786;14;624652257;2786;227;3563;3577;7.98;0.49;225.34;3.78;777;14;1204.00;14
2790;14;624652268;2790;224;3563;3577;8.11;0.50;225.37;3.78;773;14;1205.00;14
2793;14;624652278;2793;226;3568;3580;8.18;0.50;225.36;3.78;775;14;1206.00;12
2798;14;624652288;2798;225;3570;3580;8.28;0.51;225.61;3.78;772;14;1207.00;10
2801;14;624652299;2801;226;3570;3580;8.34;0.51;225.65;3.78;769;14;1208.00;10
2804;14;624652309;2804;220;3571;3580;8.39;0.51;225.66;3.78;767;14;1209.00;9
2806;14;624652319;2806;222;3577;3586;8.40;0.51;225.60;3.78;771;14;1210.00;9
2811;14;624652330;2811;216;3577;3586;8.37;0.51;225.74;3.78;766;14;1211.00;9
2816;14;624652341;2816;216;3577;3586;8.41;0.51;225.77;3.78;761;14;1212.00;9
2818;14;624652352;2818;216;3577;3586;8.48;0.52;225.80;3.78;759;14;1213.00;9
2823;14;624652361;2823;214;3581;3590;8.46;0.52;225.79;3.78;758;14;1214.00;9
2829;14;624652373;2829;219;3583;3592;8.42;0.51;225.84;3.77;754;14;1215.00;9
2830;14;624652384;2830;219;3584;3592;8.50;0.52;225.95;3.78;754;14;1216.00;8
2836;14;624652395;2836;216;3585;3593;8.49;0.52;226.21;3.78;749;14;1217.00;8
2840;14;624652406;2840;218;3586;3593;8.50;0.52;226.25;3.81;746;14;1218.00;7
2844;14;624652418;2844;213;3586;3593;8.49;0.52;226.26;3.81;742;14;1219.00;7
2848;14;624652429;2848;215;3586;3593;8.46;0.52;226.27;3.81;738;14;1220.00;7
2853;14;624652443;2853;214;3586;3593;8.38;0.51;226.43;3.81;733;14;1221.00;7
2858;14;624652461;2858;220;3587;3593;8.22;0.50;226.31;3.82;729;14;1222.00;6
2865;14;624652477;2865;222;3587;3593;8.06;0.49;226.49;3.82;722;14;1223.00;6
2865;14;624652495;2865;234;3627;3663;8.03;0.49;226.49;3.78;762;14;1224.00;36
2869;14;624652519;2869;231;3629;3664;8.00;0.49;226.59;3.78;760;14;1225.00;35
2874;14;624652533;2874;232;3636;3664;8.11;0.49;226.80;3.77;762;14;1226.00;28
2876;14;624652545;2876;233;3638;3664;8.17;0.50;226.76;3.77;762;14;1227.00;26
2880;14;624652557;2880;230;3642;3666;8.18;0.50;227.01;3.78;762;14;1228.00;24
2882;14;624652568;2882;229;3644;3666;8.20;0.50;227.01;3.78;762;14;1229.00;22
2885;14;624652582;2885;229;3647;3666;8.19;0.50;227.25;3.78;762;14;1230.00;19
2889;14;624652594;2889;233;3650;3666;8.19;0.50;227.27;3.78;761;14;1231.00;16
2893;14;624652606;2893;236;3652;3667;8.14;0.50;227.34;3.78;759;14;1232.00;15
2895;14;624652619;2895;245;3655;3668;8.12;0.50;227.44;3.80;760;14;1233.00;13
2895;14;624652630;2895;248;3657;3668;8.09;0.49;227.44;3.80;762;14;1234.00;11
2898;14;624652642;2898;254;3664;3672;8.01;0.49;227.42;3.82;766;14;1235.00;8
2900;14;624652654;2900;265;3666;3672;8.01;0.49;227.62;3.82;766;14;1236.00;6
2903;14;624652665;2903;262;3667;3672;7.98;0.49;227.69;3.82;764;14;1237.00;5
2907;14;624652678;2907;259;3667;3672;8.02;0.49;227.79;3.82;760;14;1238.00;5
2909;14;624652689;2909;260;3674;3678;8.07;0.49;227.84;3.82;765;14;1239.00;4
2912;14;624652702;2912;260;3674;3678;8.01;0.49;227.98;3.82;762;14;1240.00;4
2913;14;624652713;2913;264;3674;3678;7.99;0.49;227.91;3.82;761;14;1241.00;4
2918;14;624652724;2918;269;3676;3681;7.99;0.49;227.89;3.82;758;14;1242.00;5
2921;14;624652737;2921;272;3676;3681;7.99;0.49;227.96;3.82;755;14;1243.00;5
2925;14;624652749;2925;274;3677;3681;7.96;0.49;228.04;3.82;752;14;1244.00;4
2928;14;624652760;2928;270;3678;3682;7.82;0.48;228.09;3.82;750;14;1245.00;4
2929;14;624652771;2929;260;3679;3683;7.80;0.48;228.09;3.82;750;14;1246.00;4
2933;14;624652783;2933;254;3680;3683;7.76;0.47;228.14;3.84;747;14;1247.00;3
2937;14;624652794;2937;253;3692;3696;7.89;0.48;228.19;3.83;755;14;1248.00;4
2938;14;624652808;2938;247;3692;3696;7.93;0.48;228.19;3.83;754;14;1249.00;4
2940;14;624652820;2940;246;3692;3696;7.98;0.49;228.20;3.83;752;14;1250.00;4
2944;14;624652832;2944;251;3693;3697;8.00;0.49;228.14;3.83;749;14;1251.00;4
2946;14;624652845;2946;252;3693;3697;8.00;0.49;228.07;3.83;747;14;1252.00;4
2948;14;624652857;2948;256;3697;3701;8.09;0.49;227.98;3.83;749;14;1253.00;4
2950;14;624652869;2950;257;3697;3701;8.15;0.50;228.00;3.83;747;14;1254.00;4
2952;14;624652881;2952;257;3700;3705;8.15;0.50;228.01;3.82;748;14;1255.00;5
2953;14;624652892;2953;257;3700;3705;8.21;0.50;228.02;3.82;747;14;1256.00;5
2956;14;624652903;2956;256;3700;3705;8.24;0.50;227.94;3.82;744;14;1257.00;5
2958;14;624652915;2958;254;3701;3705;8.22;0.50;227.84;3.84;743;14;1258.00;4
2960;14;624652926;2960;256;3701;3705;8.22;0.50;227.76;3.84;741;14;1259.00;4
2961;14;624652939;2961;260;3726;3739;8.31;0.51;227.74;3.81;765;14;1260.00;13
2962;14;624652952;2962;258;3726;3739;8.36;0.51;227.75;3.81;764;14;1261.00;13
2963;14;624652963;2963;255;3729;3739;8.42;0.52;227.75;3.81;766;14;1262.00;10
2967;14;624652975;2967;253;3729;3739;8.43;0.52;227.69;3.81;762;14;1263.00;10
2969;14;624652986;2969;258;3730;3739;8.54;0.52;227.64;3.81;761;14;1264.00;9
2970;14;624653003;2970;260;3730;3739;8.63;0.53;227.79;3.81;760;14;1265.00;9
2974;14;624653014;2974;263;3730;3740;8.65;0.53;227.64;3.81;756;14;1266.00;10
2975;14;624653025;2975;259;3730;3740;8.72;0.53;227.57;3.81;755;14;1267.00;10
2978;14;624653036;2978;257;3735;3746;8.73;0.53;227.40;3.81;757;14;1268.00;11
2980;14;624653047;2980;256;3736;3747;8.80;0.54;227.44;3.81;756;14;1269.00;11
2983;14;624653057;2983;257;3736;3747;8.82;0.54;227.42;3.81;753;14;1270.00;11
2983;14;624653074;2983;254;3736;3747;8.75;0.53;227.42;3.81;753;14;1271.00;11
2986;14;624653084;2986;255;3739;3751;8.68;0.53;227.38;3.80;753;14;1272.00;12
2987;14;624653094;2987;259;3739;3751;8.59;0.52;227.35;3.80;752;14;1273.00;12
2988;14;624653104;2988;261;3739;3751;8.51;0.52;227.29;3.80;751;14;1274.00;12
2991;14;624653114;2991;263;3741;3752;8.54;0.52;227.40;3.82;750;14;1275.00;11
2993;14;624653124;2993;267;3744;3756;8.52;0.52;227.50;3.82;751;14;1276.00;12
2994;14;624653135;2994;268;3744;3756;8.52;0.52;227.46;3.82;750;14;1277.00;12
2995;14;624653145;2995;269;3746;3759;8.61;0.52;227.45;3.82;751;14;1278.00;13
2996;14;624653155;2996;268;3746;3759;8.62;0.53;227.39;3.82;750;14;1279.00;13
2998;14;624653164;2998;266;3747;3759;8.60;0.52;227.37;3.82;749;14;1280.00;12
3000;14;624653174;3000;263;3747;3759;8.60;0.52;227.36;3.82;747;14;1281.00;12
3002;14;624653184;3002;262;3751;3763;8.72;0.53;227.36;3.81;749;14;1282.00;12
3004;14;624653196;3004;248;3751;3763;8.79;0.53;227.43;3.81;747;14;1283.00;12
3006;14;624653206;3006;235;3751;3763;8.91;0.54;227.40;3.81;745;14;1284.00;12
3007;14;624653216;3007;227;3751;3763;9.02;0.55;227.37;3.81;744;14;1285.00;12
3012;14;624653227;3012;220;3751;3764;9.09;0.55;227.34;3.81;739;14;1286.00;13
3015;14;624653238;3015;217;3752;3765;9.20;0.56;227.29;3.81;737;14;1287.00;13
3017;14;624653254;3017;219;3752;3765;9.27;0.56;227.26;3.81;735;14;1288.00;13
3019;14;624653266;3019;212;3753;3766;9.40;0.57;227.18;3.81;734;14;1289.00;13
3020;14;624653285;3020;200;3753;3766;9.47;0.57;227.14;3.81;733;14;1290.00;13
3021;14;624653295;3021;199;3754;3766;9.48;0.58;227.11;3.83;733;14;1291.00;12
3022;14;624653306;3022;190;3754;3766;9.56;0.58;227.08;3.83;732;14;1292.00;12
3026;14;624653316;3026;188;3754;3766;9.58;0.58;226.97;3.83;728;14;1293.00;12
3028;14;624653326;3028;181;3755;3766;9.66;0.58;226.93;3.84;727;14;1294.00;11
3030;14;624653337;3030;176;3756;3766;9.79;0.59;226.90;3.85;726;14;1295.00;10
3030;14;624653348;3030;186;3817;3893;9.87;0.60;226.90;3.79;787;14;1296.00;76
3031;14;624653370;3031;177;3817;3894;9.96;0.61;226.91;3.79;786;14;1297.00;77
3033;14;624653381;3033;169;3827;3894;10.13;0.62;226.90;3.78;794;14;1298.00;67
3036;14;624653394;3036;167;3828;3894;10.15;0.62;226.88;3.78;792;14;1299.00;66
3038;14;624653407;3038;158;3834;3894;10.25;0.63;226.83;3.79;796;14;1300.00;60
3040;14;624653422;3040;159;3836;3894;10.35;0.63;226.85;3.79;796;14;1301.00;58
3040;14;624653433;3040;157;3837;3894;10.45;0.64;226.85;3.80;797;14;1302.00;57
3042;14;624653445;3042;153;3840;3894;10.48;0.64;226.81;3.80;798;14;1303.00;54
3045;14;624653456;3045;154;3845;3895;10.51;0.64;226.87;3.80;800;14;1304.00;50
3046;14;624653469;3046;159;3851;3897;10.54;0.64;226.82;3.81;805;14;1305.00;46
3048;14;624653481;3048;154;3854;3897;10.59;0.65;226.80;3.81;806;14;1306.00;43
3050;14;624653492;3050;159;3858;3898;10.51;0.64;226.83;3.82;808;14;1307.00;40
3053;14;624653504;3053;156;3861;3898;10.41;0.63;226.71;3.83;808;14;1308.00;37
3055;14;624653515;3055;157;3863;3898;10.45;0.64;226.67;3.83;808;14;1309.00;35
3057;14;624653525;3057;160;3868;3898;10.33;0.63;226.70;3.84;811;14;1310.00;30
3061;14;624653537;3061;162;3870;3902;10.26;0.63;226.87;3.84;809;14;1311.00;32
3064;14;624653549;3064;167;3874;3902;10.18;0.62;226.82;3.85;810;14;1312.00;28
3066;14;624653560;3066;176;3874;3902;10.04;0.61;226.88;3.85;808;14;1313.00;28
3069;14;624653570;3069;185;3877;3905;9.94;0.60;226.98;3.86;808;14;1314.00;28
3070;14;624653581;3070;186;3879;3905;9.84;0.60;227.10;3.87;809;14;1315.00;26
3072;14;624653592;3072;195;3879;3905;9.80;0.60;227.23;3.87;807;14;1316.00;26
3072;14;624653603;3072;197;3885;3909;9.74;0.59;227.23;3.89;813;14;1317.00;24
3073;14;624653614;3073;201;3888;3910;9.74;0.59;227.37;3.89;815;14;1318.00;22
3076;14;624653625;3076;209;3890;3910;9.71;0.59;227.46;3.90;814;14;1319.00;20
3079;14;624653639;3079;216;3894;3915;9.72;0.59;227.52;3.91;815;14;1320.00;21
3081;14;624653650;3081;220;3897;3915;9.67;0.59;227.64;3.92;816;14;1321.00;18
3082;14;624653661;3082;222;3898;3915;9.65;0.59;227.72;3.93;816;14;1322.00;17
3086;14;624653672;3086;225;3899;3916;9.64;0.59;227.88;3.93;813;14;1323.00;17
3087;14;624653683;3087;229;3900;3916;9.61;0.58;227.88;3.94;813;14;1324.00;16
3089;14;624653699;3089;232;3906;3922;9.59;0.58;227.98;3.95;817;14;1325.00;16
3094;14;624653710;3094;231;3907;3922;9.49;0.58;228.25;3.94;813;14;1326.00;15
3096;14;624653721;3096;242;3908;3923;9.42;0.57;228.23;3.96;812;14;1327.00;15
3098;14;624653732;3098;245;3908;3923;9.35;0.57;228.43;3.96;810;14;1328.00;15
3101;14;624653743;3101;248;3908;3923;9.28;0.56;228.68;3.96;807;14;1329.00;15
3104;14;624653754;3104;253;3909;3923;9.22;0.56;228.77;3.97;805;14;1330.00;14
3108;14;624653765;3108;261;3910;3923;9.05;0.55;229.08;3.98;802;14;1331.00;13
3109;14;624653777;3109;262;3921;3935;9.07;0.55;229.10;3.97;812;14;1332.00;14
3111;14;624653788;3111;265;3922;3935;8.92;0.54;229.31;3.98;811;14;1333.00;13
3113;14;624653801;3113;266;3925;3935;8.85;0.54;229.38;4.00;812;14;1334.00;10
3116;14;624653811;3116;269;3925;3935;8.79;0.54;229.60;4.00;809;14;1335.00;10
3117;14;624653822;3117;272;3927;3935;8.78;0.54;229.59;4.01;810;14;1336.00;8
3120;14;624653833;3120;275;3928;3935;8.75;0.53;229.65;4.02;808;14;1337.00;7
3125;14;624653845;3125;280;3932;3939;8.62;0.53;229.70;4.02;807;14;1338.00;7
3128;14;624653857;3128;279;3932;3939;8.64;0.53;229.88;4.02;804;14;1339.00;7
3134;14;624653867;3134;283;3938;3943;8.64;0.53;230.08;4.02;804;14;1340.00;5
3135;14;624653879;3135;285;3940;3944;8.57;0.52;230.09;4.02;805;14;1341.00;4
3138;14;624653896;3138;280;3940;3944;8.50;0.52;230.17;4.02;802;14;1342.00;4
3142;14;624653907;3142;276;3940;3944;8.47;0.52;230.47;4.02;798;14;1343.00;4
3145;14;624653918;3145;276;3953;3957;8.45;0.52;230.64;4.01;808;14;1344.00;4
3146;14;624653930;3146;270;3953;3957;8.45;0.52;230.74;4.01;807;14;1345.00;4
3150;14;624653940;3150;271;3953;3957;8.46;0.52;230.99;4.01;803;14;1346.00;4
3153;14;624653950;3153;267;3954;3958;8.52;0.52;231.07;4.01;801;14;1347.00;4
3153;14;624653961;3153;268;3955;3959;8.52;0.52;231.07;4.00;802;14;1348.00;4
3158;14;624653972;3158;269;3955;3959;8.47;0.52;231.19;4.00;797;14;1349.00;4
3160;14;624653985;3160;272;3962;3968;8.42;0.52;231.17;4.00;802;14;1350.00;6
3161;14;624653996;3161;271;3962;3968;8.32;0.51;231.23;4.00;801;14;1351.00;6
3164;14;624654006;3164;271;3963;3968;8.20;0.50;231.43;4.00;799;14;1352.00;5
3168;14;624654016;3168;274;3963;3968;8.09;0.50;231.45;4.00;795;14;1353.00;5
3172;14;624654026;3172;276;3969;3974;8.04;0.49;231.48;3.99;797;14;1354.00;5
3175;14;624654036;3175;272;3970;3974;7.88;0.48;231.56;3.99;795;14;1355.00;4
3179;14;624654046;3179;271;3970;3974;7.76;0.48;231.54;3.99;791;14;1356.00;4
3183;14;624654056;3183;272;3970;3974;7.62;0.47;231.73;3.99;787;14;1357.00;4
3190;14;624654066;3190;274;3974;3978;7.43;0.45;231.62;3.99;784;14;1358.00;4
3193;14;624654076;3193;279;3975;3979;7.29;0.45;231.68;3.99;782;14;1359.00;4
3200;14;624654085;3200;276;3975;3979;7.16;0.44;232.04;3.99;775;14;1360.00;4
3202;14;624654095;3202;273;3976;3980;7.16;0.44;232.12;3.99;774;14;1361.00;4
3207;14;624654104;3207;264;3976;3980;7.15;0.44;232.08;3.99;769;14;1362.00;4
3210;14;624654114;3210;260;3976;3980;7.19;0.44;232.13;3.99;766;14;1363.00;4
3214;14;624654124;3214;261;3976;3980;7.29;0.45;232.10;3.99;762;14;1364.00;4
3218;14;624654134;3218;260;3976;3980;7.31;0.45;232.06;3.99;758;14;1365.00;4
3224;14;624654144;3224;260;3976;3980;7.36;0.45;232.07;3.99;752;14;1366.00;4
3228;14;624654154;3228;251;3976;3980;7.46;0.46;232.00;3.99;748;14;1367.00;4
3232;14;624654164;3232;250;4012;4050;7.71;0.47;232.02;3.95;780;14;1368.00;38
3234;14;624654181;3234;238;4014;4051;7.80;0.48;232.07;3.95;780;14;1369.00;37
3238;14;624654192;3238;226;4021;4051;7.95;0.49;232.10;3.95;783;14;1370.00;30
3241;14;624654202;3241;224;4023;4051;8.01;0.49;232.23;3.95;782;14;1371.00;28
3244;14;624654212;3244;222;4028;4051;8.02;0.49;232.26;3.95;784;14;1372.00;23
3249;14;624654223;3249;226;4029;4051;8.02;0.49;232.44;3.95;780;14;1373.00;22
3251;14;624654234;3251;226;4032;4051;7.98;0.49;232.48;3.95;781;14;1374.00;19
3255;14;624654244;3255;225;4035;4051;7.88;0.48;232.48;3.95;780;14;1375.00;16
3262;14;624654254;3262;226;4037;4052;7.74;0.47;232.62;3.95;775;14;1376.00;15
3265;14;624654265;3265;233;4040;4053;7.73;0.47;232.63;3.96;775;14;1377.00;13
3266;14;624654275;3266;240;4044;4053;7.72;0.47;232.58;3.96;778;14;1378.00;9
3268;14;624654285;3268;248;4048;4057;7.69;0.47;232.57;3.96;780;14;1379.00;9
3273;14;624654298;3273;245;4049;4057;7.64;0.47;232.67;3.96;776;14;1380.00;8
3277;14;624654308;3277;247;4050;4057;7.67;0.47;232.75;3.96;773;14;1381.00;7
3280;14;624654318;3280;253;4050;4057;7.66;0.47;232.85;3.96;770;14;1382.00;7
3283;14;624654328;3283;257;4057;4063;7.73;0.47;233.00;3.96;774;14;1383.00;6
3288;14;624654340;3288;259;4058;4063;7.71;0.47;233.08;3.96;770;14;1384.00;5
3292;14;624654350;3292;263;4058;4063;7.72;0.47;233.39;3.96;766;14;1385.00;5
3295;14;624654361;3295;265;4060;4066;7.79;0.48;233.40;3.96;765;14;1386.00;6
3300;14;624654371;3300;260;4060;4066;7.73;0.47;233.55;3.96;760;14;1387.00;6
3304;14;624654381;3304;258;4061;4066;7.68;0.47;233.67;3.96;757;14;1388.00;5
3304;14;624654392;3304;258;4062;4067;7.67;0.47;233.67;3.96;758;14;1389.00;5
3309;14;624654402;3309;260;4063;4068;7.63;0.47;233.76;3.96;754;14;1390.00;5
3311;14;624654413;3311;261;4063;4068;7.57;0.46;233.80;3.96;752;14;1391.00;5
3318;14;624654423;3318;260;4076;4081;7.51;0.46;233.75;3.95;758;14;1392.00;5
3323;14;624654435;3323;260;4076;4081;7.43;0.45;233.63;3.95;753;14;1393.00;5
3326;14;624654451;3326;260;4076;4081;7.37;0.45;233.72;3.95;750;14;1394.00;5
3332;14;624654469;3332;261;4078;4083;7.32;0.45;233.67;3.94;746;14;1395.00;5
3336;14;624654487;3336;263;4078;4083;7.23;0.44;233.74;3.94;742;14;1396.00;5
3338;14;624654501;3338;270;4082;4087;7.26;0.44;233.69;3.94;744;14;1397.00;5
3343;14;624654515;3343;269;4082;4087;7.15;0.44;233.66;3.94;739;14;1398.00;5
3348;14;624654528;3348;273;4086;4091;7.05;0.43;233.59;3.94;738;14;1399.00;5
3349;14;624654544;3349;272;4086;4091;6.95;0.43;233.61;3.94;737;14;1400.00;5
3353;14;624654561;3353;278;4086;4091;6.79;0.41;233.56;3.94;733;14;1401.00;5
3355;14;624654572;3355;286;4086;4091;6.70;0.41;233.48;3.94;731;14;1402.00;5
3355;14;624654582;3355;289;4087;4091;6.61;0.40;233.48;3.97;732;14;1403.00;4
3355;14;624654593;3355;292;4098;4103;6.71;0.41;233.48;3.96;743;14;1404.00;5
3355;14;624654604;3355;299;4098;4103;6.64;0.41;233.48;3.96;743;14;1405.00;5
3357;14;624654614;3357;302;4099;4103;6.60;0.40;233.46;3.96;742;14;1406.00;4
3359;14;624654624;3359;299;4099;4103;6.57;0.40;233.37;3.96;740;14;1407.00;4
3359;14;624654635;3359;294;4099;4103;6.56;0.40;233.37;3.96;740;14;1408.00;4
3360;14;624654646;3360;292;4099;4103;6.54;0.40;233.37;3.96;739;14;1409.00;4
3361;14;624654658;3361;295;4100;4104;6.52;0.40;233.34;3.96;739;14;1410.00;4
3362;14;624654669;3362;297;4101;4104;6.50;0.40;233.51;4.00;739;14;1411.00;3
3364;14;624654678;3364;298;4107;4110;6.48;0.40;233.44;3.99;743;14;1412.00;3
3368;14;624654689;3368;303;4108;4111;6.43;0.39;233.27;3.99;740;14;1413.00;3
3373;14;624654700;3373;310;4108;4111;6.35;0.39;233.17;3.99;735;14;1414.00;3
3377;14;624654710;3377;313;4108;4111;6.31;0.38;233.08;3.99;731;14;1415.00;3
3379;14;624654721;3379;308;4112;4115;6.40;0.39;233.12;3.99;733;14;1416.00;3
3381;14;624654732;3381;299;4112;4115;6.50;0.39;233.04;3.99;731;14;1417.00;3
3382;14;624654742;3382;294;4112;4115;6.59;0.40;233.02;3.99;730;14;1418.00;3
3383;14;624654752;3383;289;4113;4116;6.71;0.41;232.97;3.99;730;14;1419.00;3
3385;14;624654770;3385;289;4117;4120;6.76;0.41;232.95;3.98;732;14;1420.00;3
3387;14;624654781;3387;286;4117;4120;6.86;0.42;232.91;3.98;730;14;1421.00;3
3388;14;624654792;3388;288;4119;4123;6.99;0.43;232.85;3.98;731;14;1422.00;4
3391;14;624654802;3391;284;4120;4123;7.10;0.43;232.92;4.01;729;14;1423.00;3
3392;14;624654813;3392;286;4121;4123;7.21;0.44;232.99;4.01;729;14;1424.00;2
3392;14;624654824;3392;289;4121;4123;7.30;0.44;232.99;4.01;729;14;1425.00;2
3395;14;624654834;3395;284;4125;4127;7.40;0.45;232.96;4.01;730;14;1426.00;2
3397;14;624654845;3397;282;4125;4127;7.46;0.45;233.02;4.01;728;14;1427.00;2
3399;14;624654856;3399;283;4125;4127;7.48;0.45;233.07;4.01;726;14;1428.00;2
3401;14;624654866;3401;279;4125;4127;7.48;0.45;233.04;4.01;724;14;1429.00;2
3402;14;624654877;3402;272;4126;4128;7.51;0.46;233.01;4.01;724;14;1430.00;2
3404;14;624654887;3404;272;4127;4129;7.58;0.46;232.98;4.01;723;14;1431.00;2
3404;14;624654897;3404;277;4127;4129;7.62;0.46;232.98;4.01;723;14;1432.00;2
3404;14;624654906;3404;273;4128;4130;7.69;0.47;232.98;4.00;724;14;1433.00;2
3404;14;624654916;3404;272;4128;4130;7.76;0.47;232.98;4.00;724;14;1434.00;2
3406;14;624654925;3406;260;4128;4130;7.89;0.48;232.94;4.00;722;14;1435.00;2
3407;14;624654936;3407;248;4128;4130;8.04;0.49;232.96;4.00;721;14;1436.00;2
3411;14;624654945;3411;239;4128;4130;8.16;0.50;232.97;4.00;717;14;1437.00;2
3412;14;624654955;3412;236;4128;4130;8.31;0.50;232.95;4.00;716;14;1438.00;2
3413;14;624654967;3413;230;4128;4130;8.50;0.52;232.91;4.00;715;14;1439.00;2
3413;14;624654979;3413;277;4249;4360;8.49;0.53;232.91;3.89;836;14;1440.00;111
3413;14;624655012;3413;260;4251;4361;8.68;0.54;232.91;3.89;838;14;1441.00;110
3417;14;624655030;3417;229;4260;4361;8.90;0.55;232.80;3.89;843;14;1442.00;101
3418;14;624655042;3418;218;4265;4361;9.08;0.57;232.78;3.88;847;14;1443.00;96
3419;14;624655053;3419;208;4272;4361;9.26;0.58;232.75;3.92;853;14;1444.00;89
3421;14;624655080;3421;200;4275;4361;9.41;0.58;232.74;3.92;854;14;1445.00;86
3421;14;624655092;3421;193;4282;4361;9.55;0.59;232.74;3.92;861;14;1446.00;79
3421;15;624655104;3421;192;4287;4361;9.68;0.60;232.74;3.93;866;15;1447.00;74
3421;15;624655133;3421;194;4292;4362;9.76;0.60;232.74;3.93;871;15;1448.00;70
3421;15;624655146;3421;201;4296;4363;9.82;0.61;232.74;3.94;875;15;1449.00;67
3422;15;624655159;3422;201;4297;4363;9.91;0.61;232.73;3.94;875;15;1450.00;66
3423;15;624655171;3423;204;4299;4364;9.88;0.61;232.75;3.94;876;15;1451.00;65
3426;15;624655189;3426;209;4300;4364;9.93;0.61;232.75;3.94;874;15;1452.00;64
3426;15;624655203;3426;211;4302;4364;10.01;0.62;232.75;3.95;876;15;1453.00;62
3429;15;624655216;3429;212;4304;4364;10.03;0.62;232.77;3.95;875;15;1454.00;60
3435;15;624655229;3435;212;4306;4368;9.96;0.61;232.85;3.95;871;15;1455.00;62
3439;15;624655242;3439;221;4308;4368;9.90;0.61;232.86;3.96;869;15;1456.00;60
3442;15;624655256;3442;224;4310;4368;9.86;0.60;232.92;3.96;868;15;1457.00;58
3446;15;624655269;3446;226;4313;4371;9.82;0.60;233.05;3.97;867;15;1458.00;58
3449;15;624655283;3449;226;4313;4371;9.75;0.60;233.05;3.97;864;15;1459.00;58
3452;15;624655295;3452;230;4314;4371;9.70;0.59;233.01;3.99;862;15;1460.00;57
3454;15;624655308;3454;231;4317;4375;9.64;0.59;233.05;3.98;863;15;1461.00;58
3456;15;624655323;3456;224;4318;4376;9.66;0.59;232.98;3.98;862;15;1462.00;58
3458;15;624655336;3458;217;4322;4376;9.65;0.59;233.01;4.00;864;15;1463.00;54
3461;15;624655349;3461;220;4325;4380;9.72;0.59;233.02;4.00;864;15;1464.00;55
3464;15;624655363;3464;221;4327;4380;9.74;0.59;233.00;4.01;863;15;1465.00;53
3465;15;624655376;3465;224;4327;4380;9.74;0.59;233.03;4.01;862;15;1466.00;53
3466;15;624655390;3466;216;4328;4381;9.80;0.60;233.02;4.02;862;15;1467.00;53
3467;15;624655402;3467;215;4329;4381;9.82;0.60;233.02;4.02;862;15;1468.00;52
3470;15;624655435;3470;208;4333;4387;9.90;0.60;233.05;4.02;863;15;1469.00;54
3474;15;624655451;3474;201;4334;4387;9.96;0.61;232.98;4.03;860;15;1470.00;53
3478;15;624655465;3478;205;4335;4388;9.96;0.61;232.98;4.04;857;15;1471.00;53
3480;15;624655480;3480;208;4335;4388;9.97;0.61;233.06;4.04;855;15;1472.00;53
3485;15;624655493;3485;199;4336;4388;9.93;0.60;233.09;4.04;851;15;1473.00;52
3488;15;624655505;3488;208;4338;4388;9.92;0.60;233.06;4.04;850;15;1474.00;50
3490;15;624655518;3490;206;4338;4388;9.98;0.61;233.10;4.04;848;15;1475.00;50
3495;15;624655530;3495;209;4349;4400;9.94;0.60;233.29;4.04;854;15;1476.00;51
3496;15;624655549;3496;206;4352;4400;9.94;0.60;233.37;4.06;856;15;1477.00;48
3500;15;624655561;3500;208;4353;4400;9.87;0.60;233.43;4.05;853;15;1478.00;47
3502;15;624655574;3502;208;4353;4400;9.81;0.60;233.62;4.05;851;15;1479.00;47
3502;15;624655592;3502;209;4354;4400;9.82;0.60;233.62;4.06;852;15;1480.00;46
3504;15;624655605;3504;219;4356;4400;9.76;0.59;233.79;4.08;852;15;1481.00;44
3506;15;624655616;3506;220;4359;4404;9.70;0.59;233.85;4.08;853;15;1482.00;45
3509;15;624655629;3509;222;4362;4404;9.62;0.58;234.01;4.09;853;15;1483.00;42
3510;16;624655641;3510;225;4365;4408;9.67;0.59;234.13;4.09;855;16;1484.00;43
3512;16;624655668;3512;226;4368;4410;9.55;0.58;234.32;4.10;856;16;1485.00;42
3516;16;624655681;3516;228;4369;4410;9.52;0.58;234.38;4.10;853;16;1486.00;41
3520;16;624655694;3520;234;4369;4410;9.40;0.57;234.43;4.10;849;16;1487.00;41
3523;16;624655706;3523;235;4379;4423;9.33;0.57;234.60;4.10;856;16;1488.00;44
3524;16;624655719;3524;237;4379;4423;9.29;0.57;234.59;4.10;855;16;1489.00;44
3527;16;624655731;3527;239;4382;4423;9.21;0.56;234.83;4.13;855;16;1490.00;41
3530;16;624655743;3530;246;4383;4424;9.20;0.56;234.86;4.13;853;16;1491.00;41
3533;16;624655755;3533;253;4384;4425;9.19;0.56;235.16;4.14;851;16;1492.00;41
3535;16;624655767;3535;257;4386;4425;9.14;0.56;235.12;4.17;851;16;1493.00;39
3537;16;624655779;3537;260;4388;4428;9.18;0.56;235.25;4.16;851;16;1494.00;40
3539;16;624655791;3539;264;4389;4428;9.16;0.56;235.32;4.18;850;16;1495.00;39
3542;16;624655803;3542;266;4393;4428;9.13;0.56;235.49;4.21;851;16;1496.00;35
3544;16;624655815;3544;265;4394;4428;9.07;0.56;235.64;4.22;850;16;1497.00;34
3551;16;624655827;3551;271;4401;4434;8.97;0.55;235.78;4.24;850;16;1498.00;33
3556;16;624655840;3556;281;4402;4434;8.78;0.54;235.86;4.26;846;16;1499.00;32
3558;16;624655854;3558;288;4409;4453;8.62;0.53;235.94;4.29;851;16;1500.00;44
3561;16;624655873;3561;282;4410;4453;8.48;0.52;236.08;4.29;849;16;1501.00;43
3567;16;624655884;3567;289;4415;4457;8.34;0.51;236.06;4.31;848;16;1502.00;42
3570;16;624655897;3570;291;4420;4458;8.26;0.50;236.11;4.33;850;16;1503.00;38
3576;16;624655908;3576;289;4420;4458;8.20;0.50;236.25;4.33;844;16;1504.00;38
3579;16;624655925;3579;295;4423;4459;8.15;0.50;236.37;4.33;844;16;1505.00;36
3581;16;624655936;3581;304;4426;4459;8.08;0.49;236.34;4.33;845;16;1506.00;33
3582;16;624655947;3582;302;4427;4459;8.04;0.49;236.39;4.34;845;16;1507.00;32
3583;16;624655958;3583;305;4427;4459;8.02;0.49;236.51;4.34;844;16;1508.00;32
3586;16;624655969;3586;303;4429;4459;7.93;0.48;236.54;4.34;843;16;1509.00;30
3587;16;624655980;3587;305;4429;4459;7.88;0.48;236.59;4.34;842;16;1510.00;30
3591;16;624655991;3591;303;4432;4459;7.75;0.47;236.58;4.35;841;16;1511.00;27
3592;16;624656001;3592;304;4463;4529;7.72;0.47;236.67;4.33;871;16;1512.00;66
3593;16;624656018;3593;302;4468;4530;7.69;0.47;236.76;4.32;875;16;1513.00;62
3596;16;624656029;3596;297;4472;4530;7.70;0.47;236.95;4.32;876;16;1514.00;58
3599;16;624656046;3599;298;4476;4530;7.71;0.47;236.91;4.32;877;16;1515.00;54
3601;16;624656057;3601;296;4484;4530;7.75;0.47;236.97;4.32;883;16;1516.00;46
3603;16;624656068;3603;301;4488;4530;7.79;0.48;237.08;4.33;885;16;1517.00;42
3605;16;624656079;3605;300;4492;4530;7.86;0.48;237.17;4.33;887;16;1518.00;38
3610;16;624656090;3610;301;4495;4530;7.89;0.48;237.20;4.33;885;16;1519.00;35
3616;16;624656107;3616;299;4496;4531;7.83;0.48;237.27;4.33;880;16;1520.00;35
3616;16;624656118;3616;299;4497;4532;7.83;0.48;237.27;4.33;881;16;1521.00;35
3620;16;624656128;3620;302;4500;4532;7.75;0.47;237.29;4.34;880;16;1522.00;32
3623;16;624656140;3623;306;4505;4536;7.66;0.47;237.36;4.34;882;16;1523.00;31
3629;16;624656151;3629;309;4507;4536;7.59;0.46;237.52;4.34;878;16;1524.00;29
3633;16;624656162;3633;306;4507;4536;7.49;0.46;237.58;4.34;874;16;1525.00;29
3637;16;624656173;3637;307;4507;4536;7.41;0.45;237.48;4.34;870;16;1526.00;29
3642;16;624656183;3642;316;4512;4542;7.29;0.45;237.55;4.35;870;16;1527.00;30
3644;16;624656195;3644;317;4512;4542;7.14;0.44;237.63;4.35;868;16;1528.00;30
3648;16;624656205;3648;321;4513;4542;6.97;0.43;237.71;4.35;865;16;1529.00;29
3652;16;624656218;3652;313;4515;4548;6.83;0.42;237.77;4.35;863;16;1530.00;33
3655;16;624656229;3655;308;4515;4548;6.74;0.41;237.87;4.35;860;16;1531.00;33
3659;16;624656245;3659;307;4517;4548;6.64;0.41;237.90;4.35;858;16;1532.00;31
3663;16;624656256;3663;308;4520;4549;6.59;0.40;238.17;4.36;857;16;1533.00;29
3669;16;624656266;3669;306;4521;4550;6.61;0.40;238.22;4.36;852;16;1534.00;29
3672;16;624656277;3672;310;4522;4550;6.70;0.41;238.32;4.37;850;16;1535.00;28
3676;16;624656288;3676;309;4533;4563;6.84;0.42;238.48;4.36;857;16;1536.00;30
3680;16;624656299;3680;303;4533;4563;6.98;0.43;238.49;4.36;853;16;1537.00;30
3682;16;624656310;3682;300;4536;4563;7.09;0.43;238.63;4.37;854;16;1538.00;27
3684;16;624656321;3684;291;4540;4564;7.18;0.44;238.65;4.38;856;16;1539.00;24
3689;16;624656331;3689;288;4541;4564;7.26;0.45;238.91;4.38;852;16;1540.00;23
3692;16;624656342;3692;277;4547;4568;7.32;0.45;238.82;4.39;855;16;1541.00;21
3697;16;624656353;3697;276;4548;4568;7.33;0.45;238.75;4.39;851;16;1542.00;20
3698;16;624656364;3698;276;4552;4572;7.39;0.45;238.72;4.39;854;16;1543.00;20
3704;16;624656374;3704;279;4554;4572;7.42;0.45;238.78;4.39;850;16;1544.00;18
3707;16;624656386;3707;279;4554;4572;7.47;0.46;238.78;4.39;847;16;1545.00;18
3712;16;624656396;3712;282;4554;4572;7.48;0.46;238.82;4.39;842;16;1546.00;18
3717;16;624656407;3717;282;4555;4572;7.46;0.46;238.79;4.39;838;16;1547.00;17
3719;16;624656418;3719;289;4565;4584;7.43;0.45;238.90;4.38;846;16;1548.00;19
3719;16;624656430;3719;290;4566;4584;7.41;0.45;238.90;4.38;847;16;1549.00;18
3723;16;624656446;3723;288;4567;4584;7.44;0.45;239.05;4.38;844;16;1550.00;17
3726;16;624656462;3726;286;4567;4584;7.39;0.45;239.14;4.38;841;16;1551.00;17
3730;16;624656478;3730;288;4567;4584;7.36;0.45;239.13;4.38;837;16;1552.00;17
3733;16;624656497;3733;291;4567;4584;7.28;0.45;239.19;4.38;834;16;1553.00;17
3741;16;624656512;3741;302;4569;4585;7.16;0.44;239.29;4.40;828;16;1554.00;16
3746;16;624656528;3746;305;4571;4587;7.00;0.43;239.32;4.40;825;16;1555.00;16
3750;16;624656553;3750;304;4577;4593;6.99;0.43;239.38;4.39;827;16;1556.00;16
3754;16;624656567;3754;306;4578;4594;6.87;0.42;239.35;4.39;824;16;1557.00;16
3757;16;624656579;3757;311;4578;4594;6.78;0.41;239.31;4.39;821;16;1558.00;16
3759;16;624656598;3759;318;4578;4594;6.72;0.41;239.35;4.39;819;16;1559.00;16
3763;16;624656611;3763;321;4583;4599;6.66;0.41;239.27;4.39;820;16;1560.00;16
3764;16;624656630;3764;328;4583;4599;6.57;0.40;239.24;4.39;819;16;1561.00;16
3768;16;624656641;3768;331;4583;4599;6.52;0.40;239.24;4.39;815;16;1562.00;16
3770;16;624656652;3770;330;4584;4600;6.54;0.40;239.25;4.39;814;16;1563.00;16
3774;16;624656663;3774;332;4588;4604;6.55;0.40;239.22;4.38;814;16;1564.00;16
3779;16;624656674;3779;335;4588;4604;6.44;0.39;239.11;4.38;809;16;1565.00;16
3783;16;624656684;3783;343;4590;4607;6.39;0.39;239.16;4.38;807;16;1566.00;17
3789;16;624656695;3789;353;4590;4607;6.22;0.38;239.07;4.38;801;16;1567.00;17
3791;16;624656705;3791;362;4591;4607;6.16;0.37;239.03;4.38;800;16;1568.00;16
3796;16;624656715;3796;363;4591;4607;6.07;0.37;238.89;4.38;795;16;1569.00;16
3799;16;624656725;3799;369;4595;4611;6.02;0.37;238.79;4.38;796;16;1570.00;16
3801;16;624656737;3801;373;4595;4611;5.96;0.36;238.79;4.38;794;16;1571.00;16
3805;16;624656747;3805;376;4595;4611;5.84;0.35;238.75;4.38;790;16;1572.00;16
3807;16;624656757;3807;378;4595;4611;5.78;0.35;238.66;4.38;788;16;1573.00;16
3810;16;624656767;3810;382;4596;4612;5.72;0.35;238.66;4.38;786;16;1574.00;16
3810;16;624656777;3810;386;4598;4614;5.67;0.35;238.66;4.38;788;16;1575.00;16
3811;16;624656787;3811;389;4598;4614;5.65;0.34;238.68;4.38;787;16;1576.00;16
3812;16;624656797;3812;381;4599;4615;5.59;0.34;238.73;4.38;787;16;1577.00;16
3813;16;624656806;3813;374;4599;4615;5.53;0.34;238.84;4.38;786;16;1578.00;16
3814;16;624656817;3814;368;4600;4615;5.51;0.34;238.87;4.41;786;16;1579.00;15
3816;16;624656827;3816;363;4600;4615;5.49;0.34;238.98;4.41;784;16;1580.00;15
3818;16;624656837;3818;361;4600;4615;5.49;0.34;238.99;4.41;782;16;1581.00;15
3819;16;624656847;3819;365;4600;4615;5.53;0.34;238.96;4.41;781;16;1582.00;15
3821;16;624656857;3821;367;4600;4615;5.59;0.34;239.00;4.41;779;16;1583.00;15
3822;16;624656867;3822;385;4669;4742;6.11;0.38;239.00;4.34;847;16;1584.00;73
3823;16;624656890;3823;381;4672;4743;6.18;0.38;238.98;4.34;849;16;1585.00;71
3824;16;624656901;3824;362;4682;4743;6.36;0.39;238.96;4.33;858;16;1586.00;61
3828;16;624656912;3828;336;4684;4743;6.47;0.40;238.93;4.33;856;16;1587.00;59
3829;16;624656930;3829;312;4690;4743;6.57;0.41;238.88;4.33;861;16;1588.00;53
3829;16;624656941;3829;292;4691;4743;6.69;0.41;238.88;4.33;862;16;1589.00;52
3829;16;624656955;3829;281;4694;4743;6.77;0.42;238.88;4.33;865;16;1590.00;49
3830;16;624656966;3830;273;4697;4743;6.88;0.42;238.91;4.34;867;16;1591.00;46
3831;16;624656980;3831;267;4700;4744;6.96;0.43;238.93;4.34;869;16;1592.00;44
3832;16;624656992;3832;267;4705;4745;7.07;0.43;238.91;4.34;873;16;1593.00;40
3833;16;624657010;3833;262;4708;4745;7.18;0.44;238.97;4.35;875;16;1594.00;37
3833;16;624657024;3833;258;4712;4746;7.28;0.45;238.97;4.38;879;16;1595.00;34
3833;17;624657036;3833;265;4713;4746;7.39;0.45;238.97;4.38;880;17;1596.00;33
3834;17;624657062;3834;261;4715;4746;7.55;0.46;238.96;4.39;881;17;1597.00;31
3835;17;624657075;3835;261;4715;4746;7.61;0.47;238.96;4.39;880;17;1598.00;31
3838;17;624657101;3838;262;4721;4750;7.70;0.47;238.91;4.39;883;17;1599.00;29
3838;17;624657116;3838;261;4723;4750;7.88;0.48;238.91;4.40;885;17;1600.00;27
3840;17;624657138;3840;257;4723;4750;8.03;0.49;238.87;4.40;883;17;1601.00;27
3844;17;624657152;3844;260;4724;4753;8.13;0.50;238.90;4.40;880;17;1602.00;29
3844;17;624657173;3844;260;4727;4753;8.25;0.50;238.90;4.43;883;17;1603.00;26
3844;17;624657186;3844;251;4727;4753;8.37;0.51;238.90;4.43;883;17;1604.00;26
3847;17;624657198;3847;253;4732;4757;8.51;0.52;238.86;4.43;885;17;1605.00;25
3848;17;624657212;3848;249;4733;4758;8.72;0.53;238.85;4.43;885;17;1606.00;25
3852;17;624657225;3852;245;4734;4758;8.82;0.54;238.74;4.43;882;17;1607.00;24
3853;17;624657239;3853;242;4738;4762;8.97;0.55;238.76;4.43;885;17;1608.00;24
3857;17;624657259;3857;235;4738;4762;9.07;0.55;238.78;4.43;881;17;1609.00;24
3859;17;624657278;3859;228;4738;4762;9.12;0.55;238.81;4.43;879;17;1610.00;24
3859;18;624657291;3859;228;4739;4763;9.24;0.56;238.81;4.43;880;18;1611.00;24
3861;18;624657316;3861;230;4739;4763;9.28;0.56;238.82;4.43;878;18;1612.00;24
3864;18;624657329;3864;228;4745;4769;9.35;0.57;238.81;4.46;881;18;1613.00;24
3866;18;624657343;3866;224;4745;4769;9.39;0.57;238.75;4.46;879;18;1614.00;24
3867;18;624657362;3867;218;4745;4770;9.46;0.58;238.74;4.46;878;18;1615.00;25
3869;18;624657374;3869;211;4745;4770;9.55;0.58;238.74;4.46;876;18;1616.00;25
3870;18;624657387;3870;208;4745;4770;9.61;0.58;238.77;4.46;875;18;1617.00;25
3871;18;624657401;3871;208;4746;4770;9.64;0.59;238.79;4.50;875;18;1618.00;24
3872;18;624657414;3872;204;4746;4770;9.81;0.60;238.81;4.50;874;18;1619.00;24
3877;18;624657429;3877;201;4771;4806;9.85;0.60;238.89;4.48;894;18;1620.00;35
3879;18;624657452;3879;198;4772;4806;9.92;0.61;238.90;4.47;893;18;1621.00;34
3882;18;624657468;3882;198;4775;4806;10.03;0.61;238.94;4.47;893;18;1622.00;31
3884;18;624657481;3884;198;4775;4806;10.12;0.62;238.99;4.47;891;18;1623.00;31
3886;18;624657495;3886;195;4776;4806;10.15;0.62;238.93;4.47;890;18;1624.00;30
3888;18;624657513;3888;197;4776;4806;10.23;0.62;238.98;4.47;888;18;1625.00;30
3893;18;624657527;3893;206;4780;4810;10.15;0.62;238.98;4.47;887;18;1626.00;30
3896;18;624657541;3896;208;4780;4810;10.19;0.62;239.07;4.47;884;18;1627.00;30
3903;18;624657553;3903;209;4784;4814;10.24;0.62;239.15;4.47;881;18;1628.00;30
3908;18;624657572;3908;207;4785;4815;10.26;0.62;239.19;4.47;877;18;1629.00;30
3909;18;624657585;3909;205;4785;4815;10.23;0.62;239.18;4.47;876;18;1630.00;30
3913;18;624657602;3913;202;4785;4815;10.11;0.61;239.20;4.47;872;18;1631.00;30
3915;18;624657619;3915;200;4796;4828;10.04;0.61;239.28;4.46;881;18;1632.00;32
3918;18;624657636;3918;195;4796;4828;10.00;0.61;239.33;4.46;878;18;1633.00;32
3923;18;624657654;3923;195;4796;4828;9.97;0.60;239.46;4.46;873;18;1634.00;32
3925;18;624657669;3925;199;4797;4829;10.04;0.61;239.51;4.46;872;18;1635.00;32
3927;18;624657681;3927;201;4798;4830;10.05;0.61;239.55;4.47;871;18;1636.00;32
3933;18;624657698;3933;201;4798;4830;10.09;0.61;239.49;4.47;865;18;1637.00;32
3939;18;624657715;3939;200;4800;4833;10.17;0.62;239.59;4.46;861;18;1638.00;33
3942;18;624657729;3942;198;4801;4833;10.21;0.62;239.50;4.46;859;18;1639.00;32
3947;18;624657746;3947;202;4801;4833;10.26;0.62;239.58;4.46;854;18;1640.00;32
3952;18;624657763;3952;199;4801;4833;10.29;0.63;239.81;4.46;849;18;1641.00;32
3956;18;624657780;3956;193;4806;4839;10.37;0.63;239.72;4.46;850;18;1642.00;33
3960;18;624657795;3960;190;4806;4839;10.33;0.63;239.82;4.46;846;18;1643.00;33
3964;18;624657809;3964;188;4806;4839;10.31;0.63;239.75;4.46;842;18;1644.00;33
3966;18;624657823;3966;191;4806;4839;10.31;0.63;239.80;4.46;840;18;1645.00;33
3969;18;624657837;3969;189;4809;4843;10.30;0.63;239.95;4.46;840;18;1646.00;34
3974;18;624657855;3974;191;4810;4844;10.30;0.63;240.05;4.46;836;18;1647.00;34
3976;18;624657875;3976;191;4810;4844;10.32;0.63;240.08;4.46;834;18;1648.00;34
3979;18;624657892;3979;193;4811;4845;10.37;0.63;240.19;4.46;832;18;1649.00;34
3980;18;624657910;3980;194;4811;4845;10.41;0.63;240.26;4.46;831;18;1650.00;34
3984;18;624657923;3984;195;4811;4845;10.40;0.63;240.34;4.46;827;18;1651.00;34
3986;18;624657936;3986;197;4812;4845;10.38;0.63;240.49;4.47;826;18;1652.00;33
3989;18;624657949;3989;200;4812;4845;10.40;0.63;240.46;4.47;823;18;1653.00;33
3991;18;624657963;3991;202;4812;4845;10.35;0.63;240.56;4.47;821;18;1654.00;33
3996;18;624657976;3996;199;4812;4845;10.27;0.63;240.57;4.47;816;18;1655.00;33
3999;18;624657988;3999;207;4850;4915;10.21;0.62;240.73;4.45;851;18;1656.00;65
4003;18;624658008;4003;206;4852;4916;10.11;0.62;240.92;4.45;849;18;1657.00;64
4006;18;624658022;4006;198;4859;4916;10.05;0.61;240.97;4.44;853;18;1658.00;57
4012;18;624658035;4012;207;4859;4916;10.01;0.61;241.09;4.44;847;18;1659.00;57
4017;18;624658047;4017;206;4865;4916;10.00;0.61;241.15;4.47;848;18;1660.00;51
4019;18;624658059;4019;208;4867;4916;9.97;0.61;241.14;4.47;848;18;1661.00;49
4021;18;624658071;4021;209;4870;4916;9.93;0.60;241.17;4.47;849;18;1662.00;46
4026;18;624658082;4026;212;4875;4916;9.91;0.60;241.23;4.49;849;18;1663.00;41
4027;18;624658100;4027;209;4878;4917;9.91;0.60;241.20;4.50;851;18;1664.00;39
4029;18;624658112;4029;211;4882;4919;9.91;0.60;241.17;4.51;853;18;1665.00;37
4032;18;624658124;4032;218;4885;4919;9.88;0.60;241.23;4.52;853;18;1666.00;34
4034;18;624658136;4034;225;4890;4923;9.82;0.60;241.40;4.54;856;18;1667.00;33
4037;18;624658148;4037;220;4891;4923;9.82;0.60;241.38;4.54;854;18;1668.00;32
4039;18;624658159;4039;224;4891;4923;9.80;0.60;241.35;4.54;852;18;1669.00;32
4041;18;624658171;4041;232;4893;4923;9.80;0.60;241.49;4.55;852;18;1670.00;30
4043;18;624658182;4043;235;4898;4929;9.81;0.60;241.59;4.55;855;18;1671.00;31
4044;18;624658195;4044;243;4900;4929;9.76;0.60;241.70;4.56;856;18;1672.00;29
4047;18;624658207;4047;248;4900;4929;9.70;0.59;241.73;4.56;853;18;1673.00;29
4050;18;624658220;4050;253;4903;4932;9.60;0.59;241.93;4.57;853;18;1674.00;29
4054;18;624658232;4054;262;4903;4932;9.47;0.58;241.98;4.57;849;18;1675.00;29
4056;18;624658243;4056;268;4904;4932;9.34;0.57;242.05;4.57;848;18;1676.00;28
4061;18;624658256;4061;278;4907;4933;9.09;0.56;242.07;4.60;846;18;1677.00;26
4064;18;624658270;4064;283;4908;4934;8.89;0.54;242.16;4.60;844;18;1678.00;26
4066;18;624658282;4066;281;4908;4934;8.72;0.53;242.22;4.60;842;18;1679.00;26
4068;18;624658295;4068;285;4926;4960;8.55;0.52;242.25;4.59;858;18;1680.00;34
4071;18;624658309;4071;278;4926;4960;8.43;0.52;242.16;4.59;855;18;1681.00;34
4073;18;624658320;4073;276;4932;4960;8.33;0.51;242.18;4.61;859;18;1682.00;28
4077;18;624658332;4077;274;4934;4961;8.27;0.51;242.21;4.61;857;18;1683.00;27
4080;18;624658344;4080;271;4935;4961;8.18;0.50;242.29;4.62;855;18;1684.00;26
4083;18;624658356;4083;267;4939;4965;8.16;0.50;242.52;4.62;856;18;1685.00;26
4085;18;624658367;4085;267;4942;4965;8.09;0.49;242.70;4.62;857;18;1686.00;23
4088;18;624658384;4088;271;4944;4969;8.04;0.49;242.80;4.62;856;18;1687.00;25
4090;18;624658397;4090;278;4946;4969;8.03;0.49;242.85;4.63;856;18;1688.00;23
4092;18;624658408;4092;281;4947;4969;7.90;0.48;242.80;4.63;855;18;1689.00;22
4094;18;624658420;4094;285;4950;4969;7.79;0.48;242.89;4.63;856;18;1690.00;19
4095;18;624658431;4095;286;4951;4969;7.65;0.47;242.89;4.63;856;18;1691.00;18
4099;18;624658446;4099;291;4961;4981;7.53;0.46;242.92;4.62;862;18;1692.00;20
4103;18;624658468;4103;295;4961;4981;7.33;0.45;243.00;4.62;858;18;1693.00;20
4106;18;624658484;4106;300;4963;4981;7.23;0.44;242.93;4.62;857;18;1694.00;18
4109;18;624658500;4109;304;4963;4981;7.10;0.43;242.88;4.62;854;18;1695.00;18
4115;18;624658516;4115;309;4963;4981;6.98;0.43;242.92;4.62;848;18;1696.00;18
4119;18;624658530;4119;312;4963;4981;6.79;0.41;243.05;4.62;844;18;1697.00;18
4122;18;624658547;4122;318;4964;4982;6.63;0.40;242.99;4.62;842;18;1698.00;18
4125;18;624658562;4125;324;4964;4982;6.42;0.39;243.07;4.62;839;18;1699.00;18
4129;18;624658573;4129;323;4970;4988;6.37;0.39;243.22;4.61;841;18;1700.00;18
4131;18;624658590;4131;327;4971;4989;6.33;0.39;243.24;4.61;840;18;1701.00;18
4133;18;624658603;4133;324;4971;4989;6.32;0.39;243.37;4.61;838;18;1702.00;18
4135;18;624658614;4135;324;4971;4989;6.37;0.39;243.30;4.61;836;18;1703.00;18
4139;18;624658625;4139;324;4975;4993;6.39;0.39;243.32;4.61;836;18;1704.00;18
4143;18;624658637;4143;322;4975;4993;6.41;0.39;243.36;4.61;832;18;1705.00;18
4143;18;624658649;4143;324;4975;4993;6.47;0.40;243.36;4.61;832;18;1706.00;18
4146;18;624658661;4146;321;4976;4994;6.55;0.40;243.35;4.61;830;18;1707.00;18
4149;18;624658672;4149;319;4980;4998;6.65;0.41;243.41;4.61;831;18;1708.00;18
4152;18;624658684;4152;315;4980;4998;6.68;0.41;243.50;4.61;828;18;1709.00;18
4158;18;624658698;4158;310;4984;5004;6.71;0.41;243.48;4.60;826;18;1710.00;20
4163;18;624658714;4163;303;4985;5004;6.68;0.41;243.44;4.60;822;18;1711.00;19
4166;18;624658729;4166;302;4986;5004;6.65;0.41;243.32;4.60;820;18;1712.00;18
4169;18;624658744;4169;304;4986;5004;6.65;0.41;243.34;4.60;817;18;1713.00;18
4171;18;624658758;4171;303;4990;5008;6.71;0.41;243.37;4.60;819;18;1714.00;18
4173;18;624658775;4173;302;4990;5008;6.67;0.41;243.40;4.60;817;18;1715.00;18
4175;18;624658788;4175;306;4990;5008;6.62;0.40;243.33;4.60;815;18;1716.00;18
4179;18;624658803;4179;306;4990;5008;6.53;0.40;243.39;4.60;811;18;1717.00;18
4183;18;624658816;4183;319;4992;5009;6.40;0.39;243.36;4.65;809;18;1718.00;17
4187;18;624658831;4187;313;4993;5010;6.36;0.39;243.33;4.65;806;18;1719.00;17
4191;18;624658849;4191;311;4993;5010;6.28;0.38;243.31;4.65;802;18;1720.00;17
4194;18;624658862;4194;314;4994;5011;6.21;0.38;243.29;4.65;800;18;1721.00;17
4196;18;624658873;4196;308;4994;5011;6.14;0.38;243.29;4.65;798;18;1722.00;17
4202;18;624658886;4202;311;4994;5011;6.04;0.37;243.35;4.65;792;18;1723.00;17
4208;18;624658904;4208;313;4994;5011;5.93;0.36;243.31;4.65;786;18;1724.00;17
4209;18;624658915;4209;312;4994;5011;5.88;0.36;243.32;4.65;785;18;1725.00;17
4215;18;624658925;4215;306;4994;5011;5.82;0.36;243.27;4.65;779;18;1726.00;17
4218;18;624658934;4218;314;4994;5011;5.82;0.36;243.30;4.65;776;18;1727.00;17
4220;18;624658944;4220;336;5071;5138;6.18;0.39;243.29;4.58;851;18;1728.00;67
4226;18;624658969;4226;340;5074;5139;6.10;0.38;243.32;4.58;848;18;1729.00;65
4228;18;624658981;4228;341;5082;5139;6.18;0.38;243.33;4.57;854;18;1730.00;57
4231;18;624658994;4231;347;5082;5139;6.15;0.38;243.28;4.57;851;18;1731.00;57
4234;18;624659005;4234;339;5087;5139;6.14;0.38;243.29;4.57;853;18;1732.00;52
4237;18;624659017;4237;335;5088;5139;6.09;0.38;243.36;4.57;851;18;1733.00;51
4239;18;624659027;4239;333;5091;5139;6.04;0.37;243.39;4.63;852;18;1734.00;48
4240;18;624659038;4240;338;5094;5139;6.00;0.37;243.39;4.63;854;18;1735.00;45
4241;18;624659049;4241;346;5095;5140;5.94;0.37;243.39;4.63;854;18;1736.00;45
4245;18;624659059;4245;352;5100;5141;5.88;0.36;243.46;4.64;855;18;1737.00;41
4246;18;624659072;4246;353;5104;5141;5.85;0.36;243.45;4.64;858;18;1738.00;37
4250;18;624659087;4250;350;5106;5142;5.85;0.36;243.47;4.64;856;18;1739.00;36
4253;18;624659104;4253;343;5108;5142;5.87;0.36;243.55;4.65;855;18;1740.00;34
4255;18;624659117;4255;340;5110;5142;5.96;0.37;243.59;4.65;855;18;1741.00;32
4257;18;624659129;4257;335;5113;5142;6.01;0.37;243.55;4.66;856;18;1742.00;29
4259;18;624659141;4259;335;5118;5146;6.11;0.38;243.56;4.66;859;18;1743.00;28
4260;18;624659154;4260;334;5120;5146;6.18;0.38;243.60;4.66;860;18;1744.00;26
4262;18;624659166;4262;327;5123;5146;6.26;0.39;243.62;4.72;861;18;1745.00;23
4264;18;624659185;4264;325;5126;5149;6.34;0.39;243.78;4.73;862;18;1746.00;23
4266;18;624659197;4266;308;5127;5149;6.45;0.40;243.71;4.73;861;18;1747.00;22
4269;18;624659210;4269;294;5128;5149;6.56;0.40;243.80;4.73;859;18;1748.00;21
4271;18;624659230;4271;294;5132;5153;6.68;0.41;243.80;4.73;861;18;1749.00;21
4272;18;624659243;4272;285;5134;5154;6.78;0.42;243.77;4.79;862;18;1750.00;20
4274;18;624659257;4274;283;5135;5154;6.89;0.42;243.78;4.79;861;18;1751.00;19
4277;18;624659271;4277;279;5139;5158;6.97;0.43;243.84;4.79;862;18;1752.00;19
4279;18;624659287;4279;271;5139;5158;7.11;0.43;243.73;4.79;860;18;1753.00;19
4284;18;624659301;4284;278;5139;5158;7.15;0.44;243.60;4.79;855;18;1754.00;19
4286;18;624659315;4286;271;5141;5160;7.29;0.44;243.65;4.79;855;18;1755.00;19
4286;18;624659329;4286;251;5141;5160;7.40;0.45;243.65;4.79;855;18;1756.00;19
4288;18;624659343;4288;240;5146;5166;7.52;0.46;243.64;4.78;858;18;1757.00;20
4289;18;624659358;4289;227;5146;5166;7.62;0.46;243.64;4.78;857;18;1758.00;20
4291;18;624659371;4291;214;5146;5167;7.76;0.47;243.68;4.78;855;18;1759.00;21
4293;18;624659386;4293;210;5146;5167;7.95;0.48;243.62;4.78;853;18;1760.00;21
4294;18;624659399;4294;202;5146;5167;8.13;0.49;243.57;4.78;852;18;1761.00;21
4295;18;624659415;4295;202;5146;5167;8.30;0.50;243.59;4.78;851;18;1762.00;21
4299;18;624659441;4299;199;5146;5167;8.39;0.51;243.67;4.78;847;18;1763.00;21
4300;18;624659455;4300;194;5156;5179;8.55;0.52;243.64;4.77;856;18;1764.00;23
4301;18;624659484;4301;190;5156;5179;8.66;0.53;243.66;4.77;855;18;1765.00;23
4303;18;624659498;4303;186;5157;5179;8.77;0.53;243.66;4.77;854;18;1766.00;22
4307;18;624659510;4307;187;5157;5179;8.89;0.54;243.65;4.77;850;18;1767.00;22
4309;18;624659523;4309;186;5157;5179;8.99;0.55;243.72;4.77;848;18;1768.00;22
4314;19;624659541;4314;178;5157;5179;9.09;0.55;243.77;4.77;843;19;1769.00;22
4316;19;624659564;4316;170;5161;5183;9.12;0.55;243.97;4.83;845;19;1770.00;22
4318;19;624659578;4318;171;5161;5183;9.22;0.56;243.94;4.83;843;19;1771.00;22
4319;19;624659592;4319;170;5165;5187;9.34;0.57;243.93;4.83;846;19;1772.00;22
4320;20;624659606;4320;163;5166;5188;9.45;0.57;243.91;4.83;846;20;1773.00;22
4324;20;624659628;4324;155;5166;5188;9.57;0.58;243.88;4.83;842;20;1774.00;22
4324;20;624659645;4324;155;5166;5188;9.67;0.59;243.88;4.83;842;20;1775.00;22
4326;20;624659669;4326;159;5177;5201;9.82;0.59;243.87;4.82;851;20;1776.00;24
4327;20;624659685;4327;156;5177;5201;9.89;0.60;243.89;4.82;850;20;1777.00;24
4330;20;624659700;4330;160;5177;5201;9.95;0.60;243.93;4.82;847;20;1778.00;24
4334;20;624659719;4334;156;5178;5202;10.06;0.61;243.97;4.82;844;20;1779.00;24
4336;20;624659735;4336;155;5178;5203;10.11;0.61;244.09;4.82;842;20;1780.00;25
4339;20;624659754;4339;152;5178;5203;10.16;0.62;244.05;4.82;839;20;1781.00;25
4340;20;624659769;4340;153;5180;5206;10.28;0.62;244.07;4.82;840;20;1782.00;26
4345;20;624659784;4345;154;5180;5206;10.27;0.62;244.16;4.82;835;20;1783.00;26
4348;20;624659798;4348;154;5181;5206;10.33;0.63;244.24;4.82;833;20;1784.00;25
4350;20;624659813;4350;157;5181;5206;10.32;0.63;244.27;4.82;831;20;1785.00;25
4350;20;624659826;4350;158;5187;5212;10.34;0.63;244.27;4.88;837;20;1786.00;25
4352;20;624659840;4352;160;5187;5212;10.33;0.63;244.25;4.88;835;20;1787.00;25
4354;20;624659856;4354;161;5187;5212;10.31;0.63;244.33;4.88;833;20;1788.00;25
4354;20;624659871;4354;163;5187;5212;10.38;0.63;244.33;4.88;833;20;1789.00;25
4358;20;624659885;4358;164;5190;5216;10.32;0.63;244.46;4.88;832;20;1790.00;26
4361;20;624659899;4361;164;5191;5217;10.43;0.63;244.51;4.87;830;20;1791.00;26
4367;20;624659914;4367;167;5191;5217;10.49;0.63;244.57;4.87;824;20;1792.00;26
4369;20;624659929;4369;171;5192;5218;10.54;0.64;244.58;4.87;823;20;1793.00;26
4371;20;624659943;4371;170;5192;5218;10.55;0.64;244.59;4.87;821;20;1794.00;26
4375;20;624659957;4375;170;5192;5218;10.53;0.64;244.66;4.87;817;20;1795.00;26
4377;20;624659971;4377;168;5193;5218;10.56;0.64;244.73;4.94;816;20;1796.00;25
4379;20;624659984;4379;168;5193;5218;10.59;0.64;244.78;4.94;814;20;1797.00;25
4383;20;624659997;4383;164;5193;5218;10.53;0.64;244.81;4.94;810;20;1798.00;25
4387;20;624660016;4387;161;5193;5218;10.55;0.64;244.97;4.94;806;20;1799.00;25
4391;20;624660043;4391;184;5255;5356;10.24;0.63;245.01;4.88;864;20;1800.00;101
4396;20;624660077;4396;173;5255;5357;10.30;0.63;245.09;4.88;859;20;1801.00;102
4400;20;624660091;4400;162;5265;5357;10.28;0.63;245.20;4.88;865;20;1802.00;92
4406;20;624660104;4406;153;5265;5357;10.23;0.63;245.23;4.88;859;20;1803.00;92
4408;20;624660117;4408;151;5270;5357;10.20;0.63;245.25;4.88;862;20;1804.00;87
4412;20;624660135;4412;157;5273;5357;10.17;0.62;245.22;4.90;861;20;1805.00;84
4415;20;624660155;4415;153;5281;5357;10.19;0.62;245.27;4.90;866;20;1806.00;76
4418;20;624660171;4418;155;5285;5357;10.18;0.62;245.25;4.90;867;20;1807.00;72
4423;20;624660185;4423;160;5290;5358;10.24;0.63;245.21;4.90;867;20;1808.00;68
4427;20;624660198;4427;163;5294;5359;10.29;0.63;245.20;4.91;867;20;1809.00;65
4431;20;624660212;4431;156;5297;5359;10.34;0.63;245.16;4.91;866;20;1810.00;62
4436;20;624660225;4436;154;5303;5363;10.33;0.63;245.36;4.91;867;20;1811.00;60
4439;20;624660241;4439;153;5307;5363;10.23;0.63;245.43;4.98;868;20;1812.00;56
4447;20;624660263;4447;153;5309;5363;10.13;0.62;245.46;4.99;862;20;1813.00;54
4452;20;624660279;4452;146;5309;5363;10.07;0.62;245.60;4.99;857;20;1814.00;54
4455;20;624660292;4455;152;5312;5369;10.02;0.61;245.62;4.98;857;20;1815.00;57
4459;20;624660306;4459;154;5312;5369;9.98;0.61;245.67;4.98;853;20;1816.00;57
4462;20;624660318;4462;156;5312;5369;9.99;0.61;245.73;4.98;850;20;1817.00;57
4466;20;624660330;4466;160;5315;5372;9.99;0.61;245.72;4.98;849;20;1818.00;57
4467;20;624660349;4467;170;5317;5372;9.93;0.61;245.71;4.99;850;20;1819.00;55
4470;20;624660360;4470;168;5317;5372;9.97;0.61;245.78;4.99;847;20;1820.00;55
4473;20;624660373;4473;171;5319;5373;9.97;0.61;245.79;4.99;846;20;1821.00;54
4473;20;624660385;4473;179;5320;5374;10.03;0.61;245.79;4.99;847;20;1822.00;54
4477;20;624660398;4477;180;5321;5374;10.05;0.61;245.80;4.99;844;20;1823.00;53
4480;20;624660410;4480;186;5331;5387;10.01;0.61;245.89;4.99;851;20;1824.00;56
4481;20;624660424;4481;184;5334;5387;9.99;0.61;245.84;5.00;853;20;1825.00;53
4485;20;624660436;4485;181;5336;5387;9.99;0.61;245.95;5.00;851;20;1826.00;51
4488;20;624660454;4488;183;5338;5388;10.00;0.61;246.03;5.00;850;20;1827.00;50
4491;20;624660476;4491;188;5338;5388;9.95;0.61;246.11;5.00;847;20;1828.00;50
4496;20;624660494;4496;189;5342;5392;9.82;0.60;246.09;4.99;846;20;1829.00;50
4498;20;624660529;4498;195;5344;5392;9.68;0.59;246.14;5.02;846;20;1830.00;48
4503;20;624660547;4503;201;5347;5396;9.50;0.58;246.17;5.02;844;20;1831.00;49
4503;20;624660564;4503;207;5349;5396;9.39;0.57;246.17;5.04;846;20;1832.00;47
4507;20;624660576;4507;218;5349;5396;9.28;0.57;246.44;5.04;842;20;1833.00;47
4509;20;624660589;4509;222;5349;5396;9.23;0.56;246.40;5.04;840;20;1834.00;47
4516;20;624660603;4516;224;5351;5396;9.07;0.56;246.38;5.06;835;20;1835.00;45
4517;20;624660616;4517;229;5361;5408;9.04;0.55;246.44;5.06;844;20;1836.00;47
4521;20;624660629;4521;229;5363;5408;8.95;0.55;246.59;5.06;842;20;1837.00;45
4524;20;624660641;4524;240;5364;5408;8.87;0.54;246.66;5.07;840;20;1838.00;44
4527;20;624660654;4527;245;5365;5408;8.77;0.54;246.83;5.08;838;20;1839.00;43
4531;20;624660667;4531;255;5365;5408;8.69;0.53;246.88;5.08;834;20;1840.00;43
4533;20;624660678;4533;259;5367;5408;8.62;0.53;246.98;5.10;834;20;1841.00;41
4536;20;624660688;4536;263;5367;5409;8.54;0.53;247.09;5.10;831;20;1842.00;42
4539;20;624660699;4539;274;5367;5409;8.44;0.52;247.24;5.10;828;20;1843.00;42
4543;20;624660709;4543;276;5373;5415;8.42;0.52;247.32;5.10;830;20;1844.00;42
4547;20;624660720;4547;283;5376;5417;8.27;0.51;247.38;5.11;829;20;1845.00;41
4551;20;624660731;4551;294;5376;5417;8.12;0.50;247.34;5.11;825;20;1846.00;41
4554;20;624660741;4554;297;5376;5417;7.98;0.49;247.35;5.11;822;20;1847.00;41
4559;20;624660752;4559;301;5383;5421;7.84;0.48;247.44;5.14;824;20;1848.00;38
4561;20;624660762;4561;300;5383;5421;7.70;0.47;247.51;5.14;822;20;1849.00;38
4562;20;624660772;4562;297;5385;5421;7.62;0.47;247.55;5.15;823;20;1850.00;36
4566;20;624660783;4566;293;5386;5422;7.58;0.47;247.51;5.15;820;20;1851.00;36
4567;20;624660794;4567;291;5391;5426;7.52;0.46;247.47;5.16;824;20;1852.00;35
4568;20;624660806;4568;291;5391;5426;7.55;0.47;247.45;5.16;823;20;1853.00;35
4570;20;624660818;4570;291;5393;5429;7.61;0.47;247.40;5.16;823;20;1854.00;36
4570;20;624660830;4570;292;5394;5429;7.53;0.46;247.40;5.16;824;20;1855.00;35
4570;20;624660840;4570;297;5396;5429;7.51;0.46;247.40;5.17;826;20;1856.00;33
4571;20;624660852;4571;303;5397;5429;7.47;0.46;247.38;5.18;826;20;1857.00;32
4574;20;624660862;4574;307;5403;5433;7.48;0.46;247.31;5.18;829;20;1858.00;30
4576;20;624660875;4576;307;5403;5433;7.44;0.46;247.31;5.18;827;20;1859.00;30
4577;20;624660891;4577;310;5403;5433;7.40;0.46;247.29;5.18;826;20;1860.00;30
4582;20;624660907;4582;312;5404;5433;7.26;0.45;247.16;5.18;822;20;1861.00;29
4584;20;624660918;4584;314;5404;5434;7.12;0.44;247.12;5.18;820;20;1862.00;30
4589;20;624660929;4589;324;5406;5435;6.99;0.43;247.05;5.19;817;20;1863.00;29
4592;20;624660940;4592;323;5406;5435;6.89;0.43;247.01;5.19;814;20;1864.00;29
4593;20;624660949;4593;326;5407;5436;6.79;0.42;246.98;5.19;814;20;1865.00;29
4596;20;624660959;4596;333;5408;5436;6.61;0.41;246.87;5.19;812;20;1866.00;28
4598;20;624660969;4598;340;5410;5436;6.44;0.40;246.83;5.19;812;20;1867.00;26
4605;20;624660978;4605;341;5410;5436;6.23;0.38;246.69;5.19;805;20;1868.00;26
4606;20;624660987;4606;349;5410;5436;6.08;0.37;246.65;5.19;804;20;1869.00;26
4611;20;624660996;4611;348;5410;5436;5.93;0.37;246.66;5.19;799;20;1870.00;26
4615;20;624661005;4615;345;5410;5436;5.80;0.36;246.74;5.19;795;20;1871.00;26
4619;20;624661014;4619;363;5478;5563;6.10;0.38;246.83;5.13;859;20;1872.00;85
4622;20;624661036;4622;360;5482;5564;6.05;0.38;246.73;5.12;860;20;1873.00;82
4627;20;624661045;4627;363;5492;5564;6.01;0.38;246.68;5.12;865;20;1874.00;72
4628;20;624661055;4628;362;5494;5564;5.94;0.37;246.72;5.12;866;20;1875.00;70
4631;20;624661064;4631;361;5501;5564;5.94;0.37;246.74;5.12;870;20;1876.00;63
4633;20;624661073;4633;357;5503;5564;5.84;0.36;246.74;5.12;870;20;1877.00;61
4634;20;624661083;4634;356;5508;5564;5.84;0.36;246.77;5.12;874;20;1878.00;56
4637;20;624661093;4637;355;5512;5564;5.89;0.37;246.83;5.12;875;20;1879.00;52
4638;20;624661103;4638;358;5515;5565;5.89;0.37;246.79;5.12;877;20;1880.00;50
4640;20;624661118;4640;358;5520;5566;5.90;0.37;246.88;5.12;880;20;1881.00;46
4643;20;624661128;4643;358;5525;5568;5.92;0.37;246.96;5.12;882;20;1882.00;43
4646;20;624661139;4646;353;5529;5569;5.97;0.37;246.97;5.13;883;20;1883.00;40
4651;20;624661149;4651;356;5530;5569;5.99;0.37;247.00;5.13;879;20;1884.00;39
4652;20;624661160;4652;367;5534;5569;6.01;0.37;247.01;5.13;882;20;1885.00;35
4655;20;624661170;4655;376;5535;5569;6.03;0.37;247.00;5.13;880;20;1886.00;34
4657;20;624661181;4657;375;5537;5573;6.02;0.37;247.03;5.13;880;20;1887.00;36
4660;20;624661192;4660;383;5541;5573;6.03;0.37;247.02;5.14;881;20;1888.00;32
4663;20;624661202;4663;387;5541;5573;5.95;0.37;247.03;5.14;878;20;1889.00;32
4666;20;624661214;4666;391;5544;5579;5.93;0.37;247.03;5.13;878;20;1890.00;35
4669;20;624661226;4669;385;5546;5579;5.90;0.36;247.01;5.14;877;20;1891.00;33
4673;20;624661237;4673;374;5547;5579;5.90;0.36;247.04;5.14;874;20;1892.00;32
4675;20;624661248;4675;366;5552;5583;5.97;0.37;247.01;5.14;877;20;1893.00;31
4680;20;624661260;4680;367;5553;5584;5.99;0.37;247.00;5.14;873;20;1894.00;31
4683;20;624661271;4683;362;5555;5584;6.01;0.37;247.02;5.14;872;20;1895.00;29
4690;20;624661283;4690;361;5558;5588;6.02;0.37;247.00;5.13;868;20;1896.00;30
4693;21;624661295;4693;363;5558;5588;6.07;0.37;247.09;5.13;865;21;1897.00;30
4696;21;624661317;4696;360;5558;5588;6.12;0.37;247.10;5.13;862;21;1898.00;30
4700;21;624661328;4700;360;5560;5589;6.20;0.38;247.08;5.13;860;21;1899.00;29
4703;21;624661346;4703;364;5560;5589;6.23;0.38;247.15;5.13;857;21;1900.00;29
4704;21;624661367;4704;367;5565;5595;6.30;0.38;247.14;5.13;861;21;1901.00;30
4706;21;624661378;4706;362;5565;5595;6.34;0.39;247.18;5.13;859;21;1902.00;30
4712;21;624661391;4712;361;5565;5596;6.33;0.38;247.12;5.13;853;21;1903.00;31
4714;21;624661402;4714;355;5565;5596;6.36;0.39;247.18;5.13;851;21;1904.00;31
4718;21;624661413;4718;354;5565;5596;6.35;0.38;247.10;5.13;847;21;1905.00;31
4719;21;624661425;4719;356;5565;5596;6.41;0.39;247.15;5.13;846;21;1906.00;31
4720;21;624661436;4720;353;5565;5596;6.44;0.39;247.15;5.13;845;21;1907.00;31
4726;21;624661449;4726;356;5575;5608;6.54;0.40;247.12;5.12;849;21;1908.00;33
4728;21;624661461;4728;356;5575;5608;6.53;0.40;247.05;5.12;847;21;1909.00;33
4731;21;624661472;4731;358;5576;5608;6.57;0.40;247.09;5.12;845;21;1910.00;32
4734;21;624661484;4734;353;5576;5608;6.56;0.40;247.06;5.12;842;21;1911.00;32
4735;21;624661495;4735;353;5576;5608;6.58;0.40;247.11;5.12;841;21;1912.00;32
4736;21;624661506;4736;354;5576;5608;6.60;0.40;247.13;5.12;840;21;1913.00;32
4740;21;624661517;4740;352;5579;5612;6.63;0.40;247.20;5.12;839;21;1914.00;33
4741;21;624661545;4741;348;5579;5612;6.65;0.40;247.22;5.12;838;21;1915.00;33
4742;21;624661556;4742;345;5583;5616;6.74;0.41;247.19;5.12;841;21;1916.00;33
4744;21;624661568;4744;332;5584;5617;6.79;0.41;247.29;5.11;840;21;1917.00;33
4744;21;624661579;4744;321;5584;5617;6.87;0.42;247.29;5.11;840;21;1918.00;33
4745;21;624661590;4745;310;5584;5617;6.94;0.42;247.35;5.11;839;21;1919.00;33
4747;21;624661603;4747;314;5608;5646;7.12;0.43;247.40;5.09;861;21;1920.00;38
4751;21;624661618;4751;299;5609;5646;7.20;0.44;247.57;5.18;858;21;1921.00;37
4752;21;624661631;4752;294;5610;5646;7.32;0.45;247.57;5.18;858;21;1922.00;36
4754;21;624661643;4754;294;5611;5647;7.41;0.45;247.68;5.18;857;21;1923.00;36
4756;21;624661656;4756;293;5611;5648;7.50;0.46;247.67;5.18;855;21;1924.00;37
4757;21;624661668;4757;292;5611;5648;7.57;0.46;247.76;5.18;854;21;1925.00;37
4759;21;624661685;4759;274;5613;5651;7.62;0.47;247.68;5.17;854;21;1926.00;38
4762;21;624661698;4762;260;5613;5651;7.66;0.47;247.75;5.17;851;21;1927.00;38
4764;21;624661709;4764;253;5614;5651;7.74;0.47;247.75;5.17;850;21;1928.00;37
4768;21;624661722;4768;238;5614;5651;7.76;0.47;247.74;5.17;846;21;1929.00;37
4769;21;624661740;4769;233;5619;5657;7.88;0.48;247.76;5.17;850;21;1930.00;38
4772;21;624661754;4772;233;5619;5657;7.90;0.48;247.90;5.17;847;21;1931.00;38
4774;21;624661766;4774;234;5619;5657;7.96;0.48;248.03;5.17;845;21;1932.00;38
4775;21;624661785;4775;226;5619;5657;8.05;0.49;248.05;5.17;844;21;1933.00;38
4777;21;624661798;4777;226;5622;5661;8.11;0.49;248.04;5.17;845;21;1934.00;39
4777;21;624661810;4777;229;5624;5663;8.22;0.50;248.04;5.17;847;21;1935.00;39
4781;21;624661823;4781;220;5624;5663;8.27;0.50;248.15;5.17;843;21;1936.00;39
4782;21;624661836;4782;216;5625;5664;8.35;0.51;248.19;5.16;843;21;1937.00;39
4784;21;624661850;4784;213;5625;5664;8.40;0.51;248.27;5.16;841;21;1938.00;39
4785;21;624661864;4785;206;5625;5664;8.49;0.51;248.31;5.16;840;21;1939.00;39
4786;21;624661876;4786;205;5625;5664;8.57;0.52;248.32;5.16;839;21;1940.00;39
4789;21;624661888;4789;208;5625;5664;8.64;0.52;248.37;5.16;836;21;1941.00;39
4790;21;624661902;4790;209;5625;5664;8.79;0.53;248.42;5.16;835;21;1942.00;39
4792;21;624661915;4792;206;5625;5664;8.89;0.54;248.39;5.16;833;21;1943.00;39
4793;21;624661929;4793;224;5668;5734;8.80;0.54;248.45;5.13;875;21;1944.00;66
4794;21;624661948;4794;211;5668;5735;8.92;0.54;248.45;5.13;874;21;1945.00;67
4798;21;624661961;4798;210;5673;5735;9.09;0.55;248.67;5.12;875;21;1946.00;62
4801;21;624661976;4801;206;5675;5735;9.22;0.56;248.61;5.12;874;21;1947.00;60
4804;21;624661990;4804;205;5678;5735;9.26;0.56;248.68;5.12;874;21;1948.00;57
4808;21;624662008;4808;203;5678;5735;9.31;0.57;248.67;5.12;870;21;1949.00;57
4812;21;624662030;4812;206;5682;5737;9.41;0.57;248.75;5.12;870;21;1950.00;55
4815;22;624662045;4815;210;5684;5737;9.50;0.58;248.75;5.12;869;22;1951.00;53
4818;22;624662068;4818;216;5685;5738;9.56;0.58;248.72;5.12;867;22;1952.00;53
4822;22;624662081;4822;219;5688;5739;9.63;0.58;248.76;5.12;866;22;1953.00;51
4825;22;624662095;4825;220;5688;5739;9.75;0.59;248.82;5.12;863;22;1954.00;51
4827;22;624662112;4827;217;5694;5743;9.81;0.59;248.95;5.12;867;22;1955.00;49
4827;22;624662125;4827;214;5698;5743;9.91;0.60;248.95;5.22;871;22;1956.00;45
4831;22;624662139;4831;209;5699;5743;9.95;0.60;249.09;5.22;868;22;1957.00;44
4832;22;624662152;4832;210;5699;5743;10.02;0.61;249.12;5.22;867;22;1958.00;44
4834;22;624662165;4834;212;5704;5749;10.07;0.61;249.13;5.21;870;22;1959.00;45
4836;22;624662179;4836;211;5704;5749;10.15;0.61;249.20;5.21;868;22;1960.00;45
4838;22;624662192;4838;211;5704;5749;10.17;0.62;249.19;5.21;866;22;1961.00;45
4840;22;624662205;4840;205;5706;5752;10.22;0.62;249.22;5.21;866;22;1962.00;46
4843;22;624662221;4843;207;5706;5752;10.31;0.62;249.27;5.21;863;22;1963.00;46
4843;22;624662234;4843;204;5707;5752;10.40;0.63;249.27;5.21;864;22;1964.00;45
4848;22;624662249;4848;199;5707;5753;10.35;0.63;249.31;5.21;859;22;1965.00;46
4851;22;624662262;4851;198;5708;5754;10.34;0.63;249.33;5.21;857;22;1966.00;46
4852;22;624662275;4852;196;5708;5754;10.30;0.63;249.31;5.21;856;22;1967.00;46
4856;22;624662288;4856;198;5718;5767;10.17;0.62;249.32;5.20;862;22;1968.00;49
4859;22;624662301;4859;191;5718;5767;10.09;0.61;249.37;5.20;859;22;1969.00;49
4861;22;624662315;4861;192;5718;5767;10.02;0.61;249.34;5.20;857;22;1970.00;49
4868;22;624662327;4868;190;5719;5768;10.00;0.61;249.41;5.20;851;22;1971.00;49
4870;22;624662339;4870;181;5720;5768;9.98;0.61;249.37;5.28;850;22;1972.00;48
4874;22;624662351;4874;179;5725;5772;9.99;0.61;249.51;5.28;851;22;1973.00;47
4878;22;624662365;4878;178;5726;5772;9.89;0.60;249.53;5.29;848;22;1974.00;46
4879;22;624662378;4879;178;5730;5776;9.85;0.60;249.50;5.30;851;22;1975.00;46
4883;22;624662391;4883;176;5730;5776;9.83;0.60;249.54;5.30;847;22;1976.00;46
4885;22;624662404;4885;175;5730;5776;9.81;0.60;249.51;5.30;845;22;1977.00;46
4891;22;624662416;4891;175;5730;5776;9.88;0.60;249.63;5.30;839;22;1978.00;46
4892;22;624662429;4892;180;5730;5776;9.90;0.60;249.67;5.30;838;22;1979.00;46
4894;22;624662443;4894;177;5751;5810;9.99;0.61;249.75;5.28;857;22;1980.00;59
4898;22;624662464;4898;170;5752;5810;10.04;0.61;249.77;5.28;854;22;1981.00;58
4903;22;624662487;4903;169;5753;5810;10.06;0.62;249.72;5.28;850;22;1982.00;57
4905;22;624662505;4905;174;5753;5810;10.06;0.62;249.71;5.28;848;22;1983.00;57
4906;22;624662522;4906;175;5754;5810;10.09;0.62;249.67;5.28;848;22;1984.00;56
4910;22;624662540;4910;178;5754;5810;10.13;0.62;249.81;5.28;844;22;1985.00;56
4912;22;624662560;4912;177;5755;5811;10.02;0.61;249.88;5.35;843;22;1986.00;56
4914;22;624662573;4914;180;5756;5811;9.98;0.61;249.89;5.35;842;22;1987.00;55
4919;22;624662587;4919;177;5760;5817;9.95;0.61;250.00;5.34;841;22;1988.00;57
4923;22;624662601;4923;174;5760;5818;9.84;0.60;250.04;5.34;837;22;1989.00;58
4925;22;624662614;4925;179;5761;5818;9.82;0.60;249.98;5.34;836;22;1990.00;57
4930;22;624662627;4930;180;5763;5818;9.74;0.59;250.08;5.34;833;22;1991.00;55
4934;22;624662641;4934;183;5767;5822;9.69;0.59;250.02;5.36;833;22;1992.00;55
4938;22;624662654;4938;186;5767;5822;9.55;0.58;250.06;5.36;829;22;1993.00;55
4940;22;624662667;4940;187;5768;5822;9.38;0.57;250.16;5.36;828;22;1994.00;54
4943;22;624662679;4943;189;5770;5823;9.35;0.57;250.23;5.36;827;22;1995.00;53
4943;22;624662691;4943;196;5775;5827;9.32;0.57;250.23;5.37;832;22;1996.00;52
4945;22;624662703;4945;200;5775;5827;9.28;0.56;250.32;5.37;830;22;1997.00;52
4949;22;624662716;4949;214;5777;5830;9.25;0.56;250.42;5.37;828;22;1998.00;53
4953;22;624662730;4953;219;5778;5830;9.27;0.56;250.55;5.37;825;22;1999.00;52
4956;22;624662743;4956;229;5780;5830;9.23;0.56;250.58;5.39;824;22;2000.00;50
4959;22;624662761;4959;237;5780;5830;9.12;0.55;250.66;5.39;821;22;2001.00;50
4962;22;624662773;4962;242;5785;5834;9.04;0.55;250.70;5.41;823;22;2002.00;49
4963;22;624662786;4963;246;5786;5834;8.95;0.54;250.72;5.41;823;22;2003.00;48
4966;22;624662797;4966;256;5786;5834;8.90;0.54;250.72;5.41;820;22;2004.00;48
4968;22;624662809;4968;258;5788;5834;8.82;0.54;250.79;5.44;820;22;2005.00;46
4970;22;624662820;4970;263;5788;5835;8.71;0.53;250.82;5.44;818;22;2006.00;47
4974;22;624662831;4974;267;5791;5836;8.62;0.53;250.85;5.45;817;22;2007.00;45
4976;22;624662844;4976;270;5792;5836;8.54;0.52;250.79;5.46;816;22;2008.00;44
4980;22;624662857;4980;274;5794;5837;8.50;0.52;250.98;5.47;814;22;2009.00;43
4982;22;624662870;4982;274;5795;5837;8.44;0.52;251.07;5.47;813;22;2010.00;42
4986;22;624662881;4986;281;5796;5837;8.34;0.51;251.11;5.48;810;22;2011.00;41
4988;22;624662892;4988;282;5796;5837;8.28;0.51;251.05;5.48;808;22;2012.00;41
4990;22;624662902;4990;286;5799;5837;8.15;0.50;251.04;5.51;809;22;2013.00;38
4994;22;624662914;4994;294;5799;5837;8.03;0.49;251.10;5.51;805;22;2014.00;38
4995;22;624662924;4995;297;5800;5837;7.98;0.49;251.12;5.52;805;22;2015.00;37
4998;22;624662935;4998;316;5866;5964;8.03;0.50;251.11;5.46;868;22;2016.00;98
5004;22;624662957;5004;308;5869;5965;7.83;0.49;251.24;5.46;865;22;2017.00;96
5004;22;624662970;5004;313;5880;5965;7.76;0.48;251.24;5.46;876;22;2018.00;85
5007;22;624662981;5007;306;5881;5965;7.59;0.47;251.30;5.46;874;22;2019.00;84
5009;22;624662992;5009;310;5888;5965;7.56;0.47;251.25;5.46;879;22;2020.00;77
5011;22;624663003;5011;312;5892;5965;7.45;0.46;251.20;5.46;881;22;2021.00;73
5014;22;624663015;5014;313;5894;5965;7.37;0.46;251.22;5.46;880;22;2022.00;71
5014;22;624663027;5014;315;5897;5965;7.34;0.45;251.22;5.46;883;22;2023.00;68
5015;22;624663039;5015;320;5903;5966;7.28;0.45;251.18;5.49;888;22;2024.00;63
5020;22;624663050;5020;324;5909;5968;7.19;0.44;251.26;5.49;889;22;2025.00;59
5022;22;624663061;5022;321;5911;5968;7.18;0.44;251.30;5.49;889;22;2026.00;57
5027;22;624663072;5027;329;5914;5969;7.11;0.44;251.18;5.50;887;22;2027.00;55
5031;22;624663083;5031;336;5916;5969;7.10;0.44;251.05;5.50;885;22;2028.00;53
5035;22;624663094;5035;342;5921;5969;7.05;0.44;251.02;5.51;886;22;2029.00;48
5035;22;624663105;5035;343;5924;5969;7.08;0.44;251.02;5.51;889;22;2030.00;45
5037;22;624663115;5037;350;5929;5973;7.09;0.44;251.00;5.51;892;22;2031.00;44
5038;22;624663126;5038;357;5931;5973;6.99;0.43;250.97;5.52;893;22;2032.00;42
5042;22;624663136;5042;368;5932;5973;6.89;0.42;250.87;5.52;890;22;2033.00;41
5047;22;624663147;5047;372;5938;5976;6.78;0.42;250.86;5.52;891;22;2034.00;38
5049;22;624663160;5049;377;5938;5976;6.66;0.41;250.87;5.52;889;22;2035.00;38
5051;22;624663170;5051;381;5938;5976;6.54;0.40;250.90;5.52;887;22;2036.00;38
5053;22;624663181;5053;382;5944;5980;6.39;0.39;250.94;5.53;891;22;2037.00;36
5053;22;624663192;5053;392;5945;5981;6.22;0.38;250.94;5.53;892;22;2038.00;36
5057;22;624663201;5057;399;5947;5981;5.97;0.37;250.95;5.53;890;22;2039.00;34
5059;22;624663212;5059;402;5954;5986;5.87;0.36;250.94;5.53;895;22;2040.00;32
5063;22;624663223;5063;403;5955;5986;5.77;0.36;250.92;5.53;892;22;2041.00;31
5064;22;624663234;5064;407;5955;5986;5.69;0.35;250.93;5.53;891;22;2042.00;31
5068;22;624663244;5068;395;5956;5987;5.65;0.35;251.07;5.53;888;22;2043.00;31
5070;22;624663255;5070;384;5956;5987;5.64;0.35;251.08;5.53;886;22;2044.00;31
5073;22;624663265;5073;376;5962;5993;5.69;0.35;251.02;5.52;889;22;2045.00;31
5076;22;624663276;5076;371;5962;5993;5.75;0.35;250.98;5.52;886;22;2046.00;31
5077;22;624663287;5077;363;5963;5994;5.85;0.36;251.02;5.52;886;22;2047.00;31
5079;22;624663297;5079;353;5963;5994;5.98;0.37;250.95;5.52;884;22;2048.00;31
5082;22;624663309;5082;340;5963;5994;6.07;0.37;250.95;5.52;881;22;2049.00;31
5084;22;624663327;5084;333;5963;5994;6.11;0.37;250.95;5.52;879;22;2050.00;31
5086;22;624663337;5086;328;5963;5994;6.14;0.38;250.97;5.52;877;22;2051.00;31
5090;22;624663348;5090;326;5974;6006;6.24;0.38;251.00;5.51;884;22;2052.00;32
5092;22;624663359;5092;325;5974;6006;6.24;0.38;250.98;5.51;882;22;2053.00;32
5095;22;624663371;5095;317;5975;6006;6.31;0.38;250.97;5.51;880;22;2054.00;31
5099;22;624663382;5099;322;5975;6006;6.38;0.39;250.91;5.51;876;22;2055.00;31
5101;22;624663395;5101;319;5975;6006;6.40;0.39;250.97;5.51;874;22;2056.00;31
5102;22;624663406;5102;317;5975;6006;6.42;0.39;250.97;5.51;873;22;2057.00;31
5104;22;624663417;5104;318;5979;6010;6.46;0.39;251.04;5.51;875;22;2058.00;31
5104;22;624663429;5104;316;5979;6010;6.51;0.40;251.04;5.51;875;22;2059.00;31
5107;22;624663440;5107;314;5983;6014;6.58;0.40;251.09;5.51;876;22;2060.00;31
5109;22;624663452;5109;315;5984;6015;6.60;0.40;251.17;5.51;875;22;2061.00;31
5113;22;624663464;5113;315;5984;6015;6.67;0.41;251.13;5.51;871;22;2062.00;31
5117;22;624663477;5117;314;5984;6015;6.69;0.41;251.13;5.51;867;22;2063.00;31
5120;22;624663489;5120;317;5997;6028;6.81;0.41;251.10;5.49;877;22;2064.00;31
5127;22;624663502;5127;316;5997;6028;6.74;0.41;251.24;5.49;870;22;2065.00;31
5132;22;624663515;5132;312;5997;6028;6.73;0.41;251.38;5.49;865;22;2066.00;31
5136;22;624663530;5136;307;5998;6029;6.75;0.41;251.49;5.49;862;22;2067.00;31
5140;22;624663543;5140;310;5999;6030;6.73;0.41;251.51;5.49;859;22;2068.00;31
5145;22;624663562;5145;310;5999;6030;6.71;0.41;251.57;5.49;854;22;2069.00;31
5146;22;624663590;5146;306;6003;6036;6.80;0.41;251.60;5.49;857;22;2070.00;33
5150;22;624663605;5150;302;6004;6036;6.80;0.41;251.68;5.57;854;22;2071.00;32
5153;22;624663623;5153;300;6006;6036;6.86;0.42;251.75;5.57;853;22;2072.00;30
5161;22;624663636;5161;300;6006;6036;6.79;0.41;251.87;5.57;845;22;2073.00;30
5163;22;624663648;5163;300;6011;6042;6.78;0.41;251.84;5.56;848;22;2074.00;31
5167;22;624663660;5167;298;6011;6042;6.77;0.41;251.90;5.56;844;22;2075.00;31
5175;22;624663671;5175;304;6011;6042;6.74;0.41;251.83;5.56;836;22;2076.00;31
5178;22;624663682;5178;306;6011;6042;6.71;0.41;251.93;5.56;833;22;2077.00;31
5180;22;624663693;5180;308;6014;6046;6.74;0.41;251.91;5.56;834;22;2078.00;32
5185;22;624663704;5185;311;6015;6047;6.74;0.41;251.97;5.56;830;22;2079.00;32
5190;22;624663716;5190;313;6015;6047;6.71;0.41;252.06;5.56;825;22;2080.00;32
5193;22;624663727;5193;312;6016;6048;6.72;0.41;252.12;5.56;823;22;2081.00;32
5197;22;624663738;5197;310;6016;6048;6.68;0.41;252.09;5.56;819;22;2082.00;32
5201;22;624663748;5201;309;6016;6048;6.67;0.41;252.16;5.56;815;22;2083.00;32
5204;22;624663760;5204;309;6016;6048;6.67;0.41;252.14;5.56;812;22;2084.00;32
5205;22;624663770;5205;304;6016;6048;6.66;0.41;252.22;5.56;811;22;2085.00;32
5208;22;624663781;5208;302;6016;6048;6.63;0.40;252.27;5.56;808;22;2086.00;32
5211;22;624663792;5211;288;6016;6048;6.65;0.40;252.41;5.56;805;22;2087.00;32
5212;22;624663803;5212;293;6058;6118;6.85;0.42;252.46;5.52;846;22;2088.00;60
5214;22;624663821;5214;280;6059;6119;6.95;0.42;252.55;5.52;845;22;2089.00;60
5216;22;624663833;5216;274;6063;6119;7.12;0.43;252.74;5.52;847;22;2090.00;56
5217;22;624663846;5217;274;6064;6119;7.28;0.44;252.72;5.52;847;22;2091.00;55
5219;22;624663860;5219;267;6065;6119;7.43;0.45;252.88;5.52;846;22;2092.00;54
5221;22;624663874;5221;269;6066;6119;7.55;0.46;252.91;5.52;845;22;2093.00;53
5223;22;624663887;5223;269;6070;6119;7.71;0.47;253.08;5.52;847;22;2094.00;49
5225;22;624663899;5225;274;6071;6119;7.75;0.47;253.22;5.52;846;22;2095.00;48
5225;22;624663917;5225;257;6074;6120;7.83;0.48;253.22;5.52;849;22;2096.00;46
5228;22;624663929;5228;247;6077;6121;7.90;0.48;253.23;5.52;849;22;2097.00;44
5232;22;624663942;5232;242;6079;6121;7.95;0.48;253.24;5.52;847;22;2098.00;42
5238;22;624663954;5238;236;6084;6125;7.97;0.48;253.43;5.52;846;22;2099.00;41
5241;22;624663976;5241;236;6091;6140;7.98;0.48;253.61;5.60;850;22;2100.00;49
5245;22;624663996;5245;231;6092;6140;8.10;0.49;253.59;5.60;847;22;2101.00;48
5247;22;624664010;5247;225;6092;6140;8.26;0.50;253.67;5.60;845;22;2102.00;48
5248;22;624664023;5248;226;6096;6146;8.44;0.51;253.74;5.59;848;22;2103.00;50
5248;22;624664037;5248;232;6096;6146;8.60;0.52;253.74;5.59;848;22;2104.00;50
5251;22;624664049;5251;234;6096;6146;8.68;0.53;253.82;5.59;845;22;2105.00;50
5254;22;624664062;5254;233;6100;6149;8.73;0.53;253.93;5.59;846;22;2106.00;49
5255;22;624664075;5255;225;6100;6149;8.89;0.54;253.92;5.59;845;22;2107.00;49
5258;22;624664088;5258;217;6101;6149;8.98;0.55;254.03;5.59;843;22;2108.00;48
5263;22;624664102;5263;214;6101;6150;9.05;0.55;254.09;5.59;838;22;2109.00;49
5267;22;624664114;5267;206;6102;6151;9.18;0.56;254.17;5.59;835;22;2110.00;49
5270;22;624664128;5270;206;6103;6151;9.22;0.56;254.24;5.59;833;22;2111.00;48
5270;22;624664140;5270;207;6114;6164;9.30;0.57;254.24;5.58;844;22;2112.00;50
5273;22;624664154;5273;200;6114;6164;9.38;0.57;254.28;5.58;841;22;2113.00;50
5275;22;624664167;5275;191;6114;6164;9.47;0.58;254.29;5.58;839;22;2114.00;50
5276;22;624664181;5276;190;6117;6166;9.58;0.58;254.30;5.66;841;22;2115.00;49
5280;22;624664194;5280;189;6117;6166;9.68;0.59;254.41;5.66;837;22;2116.00;49
5286;22;624664207;5286;190;6121;6170;9.70;0.59;254.39;5.66;835;22;2117.00;49
5292;22;624664221;5292;185;6122;6170;9.68;0.59;254.50;5.66;830;22;2118.00;48
5295;22;624664234;5295;183;6126;6174;9.70;0.59;254.44;5.74;831;22;2119.00;48
5298;22;624664247;5298;177;6126;6174;9.72;0.59;254.52;5.74;828;22;2120.00;48
5300;22;624664261;5300;172;6126;6174;9.78;0.59;254.64;5.74;826;22;2121.00;48
5301;22;624664273;5301;170;6126;6174;9.88;0.60;254.65;5.74;825;22;2122.00;48
5303;22;624664286;5303;175;6127;6174;9.97;0.60;254.81;5.74;824;22;2123.00;47
5303;22;624664299;5303;176;6136;6186;10.07;0.61;254.81;5.73;833;22;2124.00;50
5304;22;624664324;5304;171;6138;6186;10.17;0.62;254.87;5.74;834;22;2125.00;48
5307;22;624664337;5307;170;6140;6186;10.26;0.62;254.90;5.74;833;22;2126.00;46
5307;22;624664350;5307;168;6140;6186;10.37;0.63;254.90;5.74;833;22;2127.00;46
5310;22;624664362;5310;171;6140;6186;10.44;0.63;254.94;5.74;830;22;2128.00;46
5311;22;624664375;5311;170;6142;6186;10.47;0.64;255.00;5.74;831;22;2129.00;44
5312;22;624664391;5312;171;6142;6187;10.50;0.64;255.01;5.74;830;22;2130.00;45
5317;22;624664407;5317;171;6143;6187;10.42;0.63;255.04;5.74;826;22;2131.00;44
5319;22;624664423;5319;172;6148;6193;10.43;0.63;255.00;5.74;829;22;2132.00;45
5323;22;624664440;5323;176;6149;6194;10.39;0.63;255.05;5.74;826;22;2133.00;45
5328;22;624664458;5328;174;6149;6194;10.34;0.63;255.05;5.74;821;22;2134.00;45
5332;22;624664478;5332;181;6150;6194;10.25;0.62;255.20;5.81;818;22;2135.00;44
5334;22;624664494;5334;178;6153;6198;10.18;0.62;255.18;5.81;819;22;2136.00;45
5337;22;624664520;5337;182;6153;6198;10.08;0.61;255.18;5.81;816;22;2137.00;45
5342;22;624664538;5342;184;6153;6198;10.02;0.61;255.19;5.81;811;22;2138.00;45
5345;22;624664557;5345;185;6154;6199;10.02;0.61;255.23;5.81;809;22;2139.00;45
5348;22;624664574;5348;182;6157;6203;9.95;0.60;255.21;5.80;809;22;2140.00;46
5354;22;624664588;5354;185;6157;6203;9.93;0.60;255.25;5.80;803;22;2141.00;46
5359;22;624664601;5359;185;6159;6206;9.94;0.60;255.16;5.80;800;22;2142.00;47
5362;22;624664614;5362;183;6160;6206;9.92;0.60;255.16;5.80;798;22;2143.00;46
5365;22;624664626;5365;187;6160;6206;9.88;0.60;255.26;5.80;795;22;2144.00;46
5369;22;624664639;5369;192;6162;6206;9.91;0.60;255.23;5.82;793;22;2145.00;44
5371;22;624664653;5371;192;6166;6210;9.94;0.61;255.25;5.82;795;22;2146.00;44
5376;22;624664665;5376;197;6166;6210;9.95;0.61;255.25;5.82;790;22;2147.00;44
5379;22;624664678;5379;199;6166;6210;9.99;0.61;255.30;5.82;787;22;2148.00;44
5384;22;624664690;5384;203;6166;6210;10.00;0.61;255.24;5.82;782;22;2149.00;44
5390;22;624664702;5390;205;6166;6211;9.95;0.60;255.24;5.82;776;22;2150.00;45
5393;22;624664715;5393;206;6167;6212;9.97;0.61;255.25;5.82;774;22;2151.00;45
5396;22;624664726;5396;211;6167;6212;9.95;0.60;255.33;5.82;771;22;2152.00;45
5400;22;624664739;5400;210;6168;6213;9.91;0.60;255.29;5.81;768;22;2153.00;45
5405;22;624664751;5405;211;6168;6213;9.86;0.60;255.35;5.81;763;22;2154.00;45
5407;22;624664762;5407;212;6168;6213;9.81;0.59;255.35;5.81;761;22;2155.00;45
5409;22;624664773;5409;216;6168;6213;9.76;0.59;255.40;5.81;759;22;2156.00;45
5413;22;624664785;5413;214;6168;6213;9.64;0.58;255.43;5.81;755;22;2157.00;45
5413;22;624664796;5413;211;6168;6213;9.58;0.58;255.43;5.81;755;22;2158.00;45
5416;22;624664807;5416;209;6168;6213;9.48;0.57;255.41;5.81;752;22;2159.00;45
5416;22;624664820;5416;246;6265;6443;9.41;0.59;255.41;5.73;849;22;2160.00;178
5418;22;624664860;5418;242;6270;6444;9.37;0.58;255.48;5.72;852;22;2161.00;174
5419;22;624664872;5419;235;6279;6444;9.35;0.58;255.56;5.72;860;22;2162.00;165
5422;22;624664883;5422;238;6283;6444;9.27;0.58;255.56;5.71;861;22;2163.00;161
5425;22;624664895;5425;235;6293;6444;9.21;0.57;255.58;5.71;868;22;2164.00;151
5427;22;624664907;5427;240;6299;6444;9.14;0.57;255.53;5.71;872;22;2165.00;145
5428;22;624664918;5428;242;6305;6444;9.17;0.57;255.56;5.71;877;22;2166.00;139
5433;22;624664930;5433;249;6312;6444;9.17;0.57;255.50;5.71;879;22;2167.00;132
5436;22;624664942;5436;255;6320;6445;9.13;0.56;255.44;5.72;884;22;2168.00;125
5438;22;624664960;5438;264;6325;6446;9.03;0.56;255.47;5.72;887;22;2169.00;121
5440;22;624664972;5440;270;6331;6446;8.93;0.55;255.46;5.75;891;22;2170.00;115
5443;22;624664984;5443;278;6334;6447;8.77;0.54;255.36;5.75;891;22;2171.00;113
5443;22;624664997;5443;285;6340;6447;8.60;0.53;255.36;5.77;897;22;2172.00;107
5445;22;624665009;5445;296;6343;6447;8.41;0.52;255.30;5.77;898;22;2173.00;104
5446;22;624665022;5446;301;6346;6447;8.27;0.51;255.27;5.77;900;22;2174.00;101
5447;23;624665033;5447;307;6352;6451;8.10;0.50;255.23;5.80;905;23;2175.00;99
5447;23;624665065;5447;310;6355;6451;7.92;0.49;255.23;5.80;908;23;2176.00;96
5451;23;624665077;5451;322;6356;6451;7.76;0.48;255.19;5.81;905;23;2177.00;95
5452;23;624665089;5452;328;6358;6454;7.65;0.47;255.16;5.81;906;23;2178.00;96
5455;23;624665101;5455;339;6361;6454;7.54;0.46;255.10;5.83;906;23;2179.00;93
5456;23;624665112;5456;349;6366;6454;7.46;0.46;255.08;5.85;910;23;2180.00;88
5458;23;624665123;5458;357;6375;6458;7.35;0.45;255.04;5.88;917;23;2181.00;83
5460;23;624665134;5460;364;6378;6459;7.26;0.44;255.03;5.89;918;23;2182.00;81
5462;23;624665147;5462;368;6381;6459;7.14;0.44;255.00;5.90;919;23;2183.00;78
5462;23;624665158;5462;376;6388;6463;7.09;0.43;255.00;5.92;926;23;2184.00;75
5462;23;624665170;5462;371;6390;6463;7.06;0.43;255.00;5.93;928;23;2185.00;73
5463;23;624665181;5463;372;6393;6463;6.93;0.43;254.95;5.93;930;23;2186.00;70
5465;23;624665193;5465;376;6394;6464;6.87;0.42;255.02;5.94;929;23;2187.00;70
5466;23;624665204;5466;383;6394;6464;6.79;0.42;255.03;5.94;928;23;2188.00;70
5468;23;624665216;5468;382;6400;6470;6.73;0.41;254.96;5.95;932;23;2189.00;70
5472;23;624665230;5472;383;6401;6470;6.62;0.41;254.81;5.95;929;23;2190.00;69
5473;23;624665242;5473;386;6403;6471;6.54;0.40;254.81;5.96;930;23;2191.00;68
5476;23;624665256;5476;393;6404;6471;6.45;0.40;254.71;5.97;928;23;2192.00;67
5478;23;624665268;5478;400;6406;6471;6.33;0.39;254.67;5.98;928;23;2193.00;65
5479;23;624665279;5479;406;6407;6471;6.21;0.38;254.69;5.98;928;23;2194.00;64
5480;23;624665291;5480;396;6409;6471;6.10;0.38;254.65;5.99;929;23;2195.00;62
5485;23;624665302;5485;400;6420;6483;6.05;0.37;254.56;6.00;935;23;2196.00;63
5486;23;624665315;5486;396;6421;6483;6.02;0.37;254.54;6.01;935;23;2197.00;62
5488;23;624665326;5488;392;6423;6483;6.01;0.37;254.47;6.01;935;23;2198.00;60
5489;23;624665338;5489;398;6426;6483;5.98;0.37;254.51;6.02;937;23;2199.00;57
5491;23;624665352;5491;397;6426;6483;5.98;0.37;254.49;6.02;935;23;2200.00;57
5492;23;624665367;5492;397;6427;6483;5.98;0.37;254.48;6.03;935;23;2201.00;56
5494;23;624665391;5494;401;6433;6487;5.92;0.36;254.48;6.03;939;23;2202.00;54
5495;23;624665403;5495;396;6433;6487;5.92;0.36;254.44;6.03;938;23;2203.00;54
5498;23;624665414;5498;397;6437;6491;5.92;0.37;254.44;6.04;939;23;2204.00;54
5499;23;624665426;5499;395;6441;6493;5.90;0.36;254.47;6.04;942;23;2205.00;52
5501;23;624665448;5501;393;6444;6493;5.87;0.36;254.48;6.05;943;23;2206.00;49
5506;23;624665459;5506;401;6444;6493;5.83;0.36;254.45;6.05;938;23;2207.00;49
5507;23;624665472;5507;407;6456;6506;5.84;0.36;254.48;6.04;949;23;2208.00;50
5511;23;624665484;5511;405;6456;6506;5.89;0.37;254.47;6.04;945;23;2209.00;50
5515;23;624665497;5515;391;6460;6508;5.95;0.37;254.47;6.04;945;23;2210.00;48
5516;23;624665509;5516;380;6462;6509;6.02;0.37;254.49;6.04;946;23;2211.00;47
5519;23;624665520;5519;371;6463;6510;6.07;0.38;254.49;6.04;944;23;2212.00;47
5521;23;624665531;5521;366;6464;6510;6.12;0.38;254.51;6.04;943;23;2213.00;46
5526;23;624665542;5526;362;6467;6513;6.15;0.38;254.57;6.04;941;23;2214.00;46
5529;23;624665553;5529;356;6468;6513;6.22;0.38;254.54;6.04;939;23;2215.00;45
5532;23;624665564;5532;353;6468;6513;6.29;0.39;254.59;6.04;936;23;2216.00;45
5536;23;624665575;5536;338;6469;6513;6.27;0.39;254.65;6.04;933;23;2217.00;44
5539;23;624665587;5539;334;6473;6519;6.37;0.39;254.73;6.04;934;23;2218.00;46
5544;23;624665599;5544;328;6473;6519;6.38;0.39;254.77;6.04;929;23;2219.00;46
5545;23;624665635;5545;326;6474;6519;6.43;0.40;254.84;6.04;929;23;2220.00;45
5550;23;624665647;5550;318;6474;6519;6.45;0.40;254.81;6.04;924;23;2221.00;45
5555;23;624665659;5555;315;6477;6523;6.45;0.40;254.93;6.04;922;23;2222.00;46
5556;23;624665671;5556;308;6478;6524;6.52;0.40;254.97;6.03;922;23;2223.00;46
5559;23;624665682;5559;311;6478;6524;6.52;0.40;255.04;6.03;919;23;2224.00;46
5563;23;624665696;5563;318;6479;6525;6.54;0.40;255.07;6.03;916;23;2225.00;46
5568;23;624665707;5568;315;6479;6525;6.57;0.40;255.12;6.03;911;23;2226.00;46
5571;23;624665718;5571;316;6479;6525;6.61;0.41;255.15;6.03;908;23;2227.00;46
5576;23;624665730;5576;314;6479;6525;6.65;0.41;255.11;6.03;903;23;2228.00;46
5579;23;624665741;5579;310;6479;6525;6.73;0.41;255.20;6.03;900;23;2229.00;46
5583;23;624665752;5583;299;6479;6525;6.76;0.41;255.20;6.03;896;23;2230.00;46
5587;23;624665764;5587;303;6479;6525;6.75;0.41;255.20;6.03;892;23;2231.00;46
5592;23;624665775;5592;301;6517;6595;6.90;0.42;255.28;6.00;925;23;2232.00;78
5594;23;624665794;5594;303;6519;6596;6.93;0.42;255.26;6.00;925;23;2233.00;77
5601;23;624665805;5601;306;6525;6596;6.89;0.42;255.33;5.99;924;23;2234.00;71
5606;23;624665817;5606;308;6528;6596;6.87;0.42;255.49;5.99;922;23;2235.00;68
5611;23;624665829;5611;304;6531;6596;6.88;0.42;255.51;5.99;920;23;2236.00;65
5616;23;624665840;5616;306;6533;6596;6.91;0.42;255.67;5.99;917;23;2237.00;63
5619;23;624665852;5619;300;6535;6596;6.95;0.42;255.81;5.99;916;23;2238.00;61
5623;23;624665864;5623;299;6537;6596;6.97;0.43;255.82;5.99;914;23;2239.00;59
5625;23;624665876;5625;299;6539;6597;7.00;0.43;255.93;6.08;914;23;2240.00;58
5630;23;624665889;5630;303;6542;6598;7.02;0.43;256.02;6.08;912;23;2241.00;56
5633;23;624665902;5633;299;6544;6598;7.09;0.43;256.08;6.08;911;23;2242.00;54
5636;23;624665914;5636;302;6549;6602;7.19;0.44;256.13;6.08;913;23;2243.00;53
5639;23;624665926;5639;302;6551;6602;7.29;0.45;256.23;6.08;912;23;2244.00;51
5642;23;624665938;5642;304;6551;6602;7.38;0.45;256.29;6.08;909;23;2245.00;51
5646;23;624665950;5646;303;6551;6602;7.41;0.45;256.38;6.08;905;23;2246.00;51
5651;23;624665962;5651;298;6556;6608;7.44;0.45;256.32;6.07;905;23;2247.00;52
5654;23;624665975;5654;299;6556;6608;7.47;0.46;256.39;6.07;902;23;2248.00;52
5659;23;624665986;5659;299;6556;6608;7.42;0.45;256.57;6.07;897;23;2249.00;52
5662;23;624666000;5662;290;6560;6614;7.45;0.45;256.66;6.07;898;23;2250.00;54
5665;23;624666013;5665;288;6560;6614;7.44;0.45;256.72;6.07;895;23;2251.00;54
5670;23;624666025;5670;280;6562;6614;7.45;0.45;256.87;6.07;892;23;2252.00;52
5674;23;624666037;5674;278;6562;6615;7.49;0.46;256.99;6.07;888;23;2253.00;53
5679;23;624666049;5679;281;6563;6616;7.46;0.45;257.07;6.07;884;23;2254.00;53
5683;23;624666061;5683;278;6563;6616;7.44;0.45;257.14;6.07;880;23;2255.00;53
5687;23;624666073;5687;274;6573;6629;7.51;0.46;257.17;6.06;886;23;2256.00;56
5690;23;624666088;5690;261;6575;6629;7.60;0.46;257.16;6.14;885;23;2257.00;54
5698;23;624666102;5698;256;6575;6629;7.61;0.46;257.24;6.14;877;23;2258.00;54
5702;23;624666115;5702;255;6576;6630;7.71;0.47;257.37;6.14;874;23;2259.00;54
5705;23;624666128;5705;248;6576;6630;7.83;0.48;257.30;6.14;871;23;2260.00;54
5710;23;624666141;5710;248;6580;6634;7.92;0.48;257.40;6.13;870;23;2261.00;54
5713;23;624666154;5713;248;6580;6634;7.96;0.48;257.49;6.13;867;23;2262.00;54
5716;23;624666168;5716;254;6583;6638;7.97;0.48;257.59;6.13;867;23;2263.00;55
5718;23;624666182;5718;256;6583;6638;8.01;0.49;257.55;6.13;865;23;2264.00;55
5721;23;624666194;5721;258;6583;6638;8.00;0.49;257.58;6.13;862;23;2265.00;55
5723;23;624666206;5723;247;6583;6638;8.06;0.49;257.60;6.13;860;23;2266.00;55
5729;23;624666220;5729;239;6583;6638;8.12;0.49;257.58;6.13;854;23;2267.00;55
5730;23;624666232;5730;234;6593;6650;8.20;0.50;257.64;6.12;863;23;2268.00;57
5731;23;624666246;5731;234;6593;6650;8.31;0.50;257.61;6.12;862;23;2269.00;57
5733;23;624666265;5733;229;6594;6650;8.40;0.51;257.76;6.12;861;23;2270.00;56
5735;23;624666278;5735;228;6594;6650;8.50;0.52;257.79;6.12;859;23;2271.00;56
5738;23;624666291;5738;225;6594;6650;8.54;0.52;257.82;6.12;856;23;2272.00;56
5741;23;624666310;5741;223;6594;6650;8.60;0.52;257.95;6.12;853;23;2273.00;56
5743;23;624666322;5743;221;6594;6651;8.60;0.52;257.98;6.12;851;23;2274.00;57
5746;23;624666335;5746;219;6595;6651;8.63;0.52;258.03;6.20;849;23;2275.00;56
5748;23;624666348;5748;210;6600;6657;8.74;0.53;258.06;6.20;852;24;2276.00;57
5751;23;624666370;5751;207;6601;6658;8.77;0.53;258.18;6.20;850;24;2277.00;57
5751;23;624666382;5751;203;6601;6658;8.80;0.53;258.18;6.20;850;24;2278.00;57
5755;23;624666394;5755;198;6601;6658;8.82;0.53;258.24;6.20;846;24;2279.00;57
5756;23;624666407;5756;199;6605;6663;8.88;0.54;258.31;6.19;849;24;2280.00;58
5758;23;624666419;5758;192;6605;6663;8.96;0.55;258.40;6.19;847;24;2281.00;58
5760;23;624666430;5760;186;6605;6663;9.04;0.55;258.36;6.19;845;24;2282.00;58
5761;23;624666442;5761;183;6606;6664;9.12;0.56;258.37;6.19;845;24;2283.00;58
5763;23;624666458;5763;183;6609;6668;9.18;0.56;258.34;6.19;846;24;2284.00;59
5768;23;624666477;5768;178;6609;6668;9.25;0.56;258.35;6.19;841;24;2285.00;59
5771;23;624666498;5771;178;6611;6671;9.35;0.57;258.39;6.19;840;24;2286.00;60
5772;23;624666516;5772;183;6611;6671;9.38;0.57;258.45;6.19;839;24;2287.00;60
5775;24;624666532;5775;185;6612;6671;9.42;0.57;258.48;6.19;837;25;2288.00;59
5778;24;624666574;5778;187;6612;6671;9.45;0.57;258.48;6.19;834;25;2289.00;59
5783;24;624666590;5783;183;6616;6675;9.51;0.58;258.50;6.19;833;25;2290.00;59
5788;24;624666609;5788;176;6617;6675;9.49;0.58;258.54;6.26;829;25;2291.00;58
5792;24;624666624;5792;174;6617;6675;9.50;0.57;258.49;6.26;825;25;2292.00;58
5794;24;624666636;5794;171;6617;6675;9.47;0.57;258.49;6.26;823;25;2293.00;58
5799;24;624666648;5799;173;6617;6676;9.43;0.57;258.52;6.26;818;25;2294.00;59
5799;24;624666662;5799;175;6619;6678;9.43;0.57;258.52;6.26;820;25;2295.00;59
5799;24;624666676;5799;176;6619;6678;9.49;0.58;258.52;6.26;820;25;2296.00;59
5799;24;624666689;5799;172;6620;6679;9.56;0.58;258.52;6.26;821;25;2297.00;59
5803;24;624666701;5803;174;6620;6679;9.62;0.59;258.56;6.26;817;25;2298.00;59
5809;24;624666714;5809;177;6621;6679;9.69;0.59;258.72;6.33;812;25;2299.00;58
5812;24;624666728;5812;179;6621;6679;9.75;0.59;258.75;6.33;809;25;2300.00;58
5817;24;624666745;5817;181;6621;6679;9.81;0.60;258.88;6.33;804;25;2301.00;58
5817;24;624666758;5817;188;6621;6679;9.87;0.60;258.88;6.33;804;25;2302.00;58
5819;24;624666771;5819;184;6621;6679;9.84;0.60;258.91;6.33;802;25;2303.00;58
5823;24;624666783;5823;215;6692;6806;9.52;0.59;258.99;6.26;869;25;2304.00;114
5829;24;624666807;5829;208;6693;6807;9.46;0.58;259.00;6.26;864;25;2305.00;114
5830;24;624666821;5830;198;6700;6807;9.51;0.59;259.02;6.26;870;25;2306.00;107
5833;24;624666834;5833;198;6702;6807;9.51;0.59;259.04;6.26;869;25;2307.00;105
5834;24;624666847;5834;201;6707;6807;9.53;0.59;259.03;6.26;873;25;2308.00;100
5837;24;624666859;5837;201;6708;6807;9.51;0.59;259.04;6.26;871;25;2309.00;99
5840;24;624666873;5840;203;6710;6807;9.45;0.58;259.05;6.26;870;25;2310.00;97
5844;24;624666885;5844;205;6712;6807;9.42;0.58;259.06;6.26;868;25;2311.00;95
5850;24;624666898;5850;207;6716;6808;9.35;0.57;259.04;6.33;866;25;2312.00;92
5851;24;624666917;5851;214;6720;6809;9.30;0.57;259.07;6.33;869;25;2313.00;89
5856;24;624666930;5856;209;6723;6809;9.22;0.56;259.04;6.35;867;25;2314.00;86
5860;24;624666944;5860;213;6726;6810;9.20;0.56;259.17;6.36;866;25;2315.00;84
5864;24;624666957;5864;218;6727;6810;9.12;0.56;259.15;6.36;863;25;2316.00;83
5866;24;624666970;5866;217;6730;6810;9.10;0.56;259.14;6.37;864;25;2317.00;80
5870;24;624666981;5870;219;6731;6810;9.02;0.55;259.06;6.37;861;25;2318.00;79
5874;24;624666994;5874;225;6736;6814;8.92;0.55;259.05;6.37;862;25;2319.00;78
5876;24;624667007;5876;236;6738;6814;8.91;0.55;258.99;6.38;862;25;2320.00;76
5877;24;624667025;5877;238;6740;6814;8.87;0.54;259.03;6.39;863;25;2321.00;74
5880;24;624667043;5880;242;6742;6817;8.80;0.54;258.95;6.39;862;25;2322.00;75
5884;24;624667055;5884;244;6744;6817;8.79;0.54;258.86;6.39;860;25;2323.00;73
5886;24;624667067;5886;250;6745;6817;8.77;0.54;258.81;6.39;859;25;2324.00;72
5888;24;624667078;5888;255;6751;6821;8.75;0.54;258.82;6.39;863;25;2325.00;70
5890;24;624667090;5890;259;6752;6822;8.70;0.53;258.77;6.39;862;25;2326.00;70
5894;24;624667101;5894;264;6753;6822;8.68;0.53;258.68;6.39;859;25;2327.00;69
5897;24;624667115;5897;270;6757;6826;8.67;0.53;258.66;6.39;860;25;2328.00;69
5901;24;624667127;5901;273;6758;6826;8.61;0.53;258.62;6.39;857;25;2329.00;68
5903;24;624667138;5903;280;6759;6826;8.51;0.52;258.58;6.40;856;25;2330.00;67
5904;24;624667149;5904;282;6760;6827;8.47;0.52;258.59;6.39;856;25;2331.00;67
5909;24;624667161;5909;283;6760;6827;8.34;0.51;258.57;6.39;851;25;2332.00;67
5911;24;624667172;5911;289;6765;6833;8.29;0.51;258.54;6.39;854;25;2333.00;68
5913;24;624667184;5913;295;6765;6833;8.18;0.50;258.54;6.39;852;25;2334.00;68
5919;24;624667196;5919;300;6765;6834;8.04;0.49;258.43;6.39;846;25;2335.00;69
5922;24;624667207;5922;309;6766;6834;7.92;0.48;258.45;6.40;844;25;2336.00;68
5923;24;624667218;5923;310;6766;6834;7.80;0.47;258.43;6.40;843;25;2337.00;68
5926;24;624667228;5926;316;6766;6834;7.65;0.46;258.46;6.40;840;25;2338.00;68
5926;24;624667240;5926;329;6767;6834;7.56;0.46;258.46;6.42;841;25;2339.00;67
5927;24;624667253;5927;338;6793;6870;7.57;0.46;258.46;6.41;866;25;2340.00;77
5927;24;624667267;5927;339;6793;6870;7.46;0.46;258.46;6.41;866;25;2341.00;77
5929;24;624667278;5929;347;6799;6870;7.38;0.45;258.43;6.43;870;25;2342.00;71
5930;24;624667288;5930;353;6799;6870;7.26;0.44;258.44;6.43;869;25;2343.00;71
5932;24;624667299;5932;362;6802;6870;7.20;0.44;258.44;6.45;870;25;2344.00;68
5933;24;624667309;5933;373;6803;6870;7.10;0.43;258.44;6.45;870;25;2345.00;67
5936;24;624667325;5936;371;6807;6874;7.03;0.43;258.43;6.46;871;25;2346.00;67
5936;24;624667336;5936;362;6808;6874;6.97;0.43;258.43;6.47;872;25;2347.00;66
5936;24;624667347;5936;363;6813;6878;7.03;0.43;258.43;6.48;877;25;2348.00;65
5939;24;624667358;5939;356;6814;6879;7.00;0.43;258.42;6.48;875;25;2349.00;65
5939;24;624667368;5939;353;6815;6879;6.95;0.42;258.42;6.49;876;25;2350.00;64
5940;24;624667378;5940;350;6816;6879;6.91;0.42;258.43;6.50;876;25;2351.00;63
5943;24;624667389;5943;351;6828;6892;6.86;0.42;258.42;6.49;885;25;2352.00;64
5944;24;624667401;5944;351;6829;6892;6.80;0.42;258.40;6.51;885;25;2353.00;63
5944;24;624667420;5944;354;6830;6892;6.82;0.42;258.40;6.51;886;25;2354.00;62
5945;24;624667430;5945;360;6833;6893;6.81;0.42;258.38;6.52;888;25;2355.00;60
5947;24;624667441;5947;362;6833;6894;6.79;0.42;258.33;6.52;886;25;2356.00;61
5947;24;624667453;5947;370;6834;6894;6.81;0.42;258.33;6.53;887;25;2357.00;60
5949;24;624667464;5949;372;6836;6897;6.82;0.42;258.32;6.53;887;25;2358.00;61
5949;24;624667476;5949;369;6837;6897;6.79;0.41;258.32;6.54;888;25;2359.00;60
5949;25;624667487;5949;366;6838;6897;6.75;0.41;258.32;6.54;889;26;2360.00;59
5952;25;624667506;5952;366;6841;6897;6.63;0.40;258.35;6.57;889;26;2361.00;56
5953;25;624667516;5953;361;6846;6903;6.66;0.41;258.34;6.56;893;26;2362.00;57
5954;25;624667527;5954;358;6847;6903;6.61;0.40;258.31;6.56;893;26;2363.00;56
5956;25;624667536;5956;359;6847;6903;6.61;0.40;258.28;6.56;891;26;2364.00;56
5958;25;624667546;5958;355;6849;6903;6.61;0.40;258.25;6.58;891;26;2365.00;54
5958;25;624667556;5958;355;6852;6907;6.56;0.40;258.25;6.57;894;26;2366.00;55
5961;25;624667570;5961;352;6856;6908;6.49;0.40;258.29;6.60;895;26;2367.00;52
5964;25;624667580;5964;355;6856;6908;6.51;0.39;258.25;6.60;892;26;2368.00;52
5967;25;624667590;5967;362;6857;6909;6.45;0.39;258.20;6.60;890;26;2369.00;52
5967;25;624667603;5967;357;6858;6909;6.47;0.40;258.20;6.60;891;26;2370.00;51
5969;25;624667612;5969;361;6858;6909;6.47;0.40;258.17;6.60;889;26;2371.00;51
5971;25;624667621;5971;361;6858;6909;6.46;0.40;258.13;6.60;887;26;2372.00;51
5974;25;624667631;5974;363;6861;6909;6.38;0.39;258.13;6.62;887;26;2373.00;48
5977;25;624667641;5977;358;6862;6909;6.38;0.39;258.17;6.63;885;26;2374.00;47
5980;25;624667650;5980;353;6862;6909;6.33;0.39;258.13;6.63;882;26;2375.00;47
5982;25;624667659;5982;366;6907;6979;6.33;0.39;258.14;6.59;925;26;2376.00;72
5985;25;624667676;5985;363;6907;6980;6.32;0.39;258.15;6.59;922;26;2377.00;73
5988;25;624667685;5988;362;6913;6980;6.28;0.39;258.22;6.59;925;26;2378.00;67
5989;25;624667695;5989;363;6918;6980;6.29;0.39;258.20;6.59;929;26;2379.00;62
5996;25;624667705;5996;352;6920;6980;6.28;0.39;258.31;6.59;924;26;2380.00;60
5999;25;624667715;5999;345;6923;6980;6.32;0.39;258.35;6.59;924;26;2381.00;57
6002;25;624667726;6002;344;6925;6980;6.36;0.39;258.31;6.59;923;26;2382.00;55
6004;25;624667735;6004;339;6927;6980;6.32;0.39;258.34;6.59;923;26;2383.00;53
6006;25;624667746;6006;341;6930;6981;6.36;0.39;258.46;6.59;924;26;2384.00;51
6009;25;624667756;6009;347;6932;6983;6.38;0.39;258.46;6.59;923;26;2385.00;51
6012;25;624667767;6012;347;6935;6983;6.41;0.39;258.57;6.59;923;26;2386.00;48
6015;25;624667777;6015;351;6941;6987;6.50;0.40;258.66;6.59;926;26;2387.00;46
6017;25;624667789;6017;348;6942;6987;6.59;0.40;258.72;6.59;925;26;2388.00;45
6021;25;624667800;6021;346;6942;6987;6.64;0.41;258.82;6.59;921;26;2389.00;45
6021;25;624667811;6021;345;6944;6987;6.69;0.41;258.82;6.59;923;26;2390.00;43
6027;25;624667821;6027;339;6949;6993;6.73;0.41;258.91;6.59;922;26;2391.00;44
6033;25;624667834;6033;334;6949;6993;6.71;0.41;258.93;6.59;916;26;2392.00;44
6035;25;624667845;6035;324;6949;6993;6.76;0.41;258.88;6.59;914;26;2393.00;44
6040;25;624667856;6040;313;6952;6996;6.81;0.42;258.96;6.58;912;26;2394.00;44
6043;25;624667868;6043;313;6952;6996;6.83;0.42;259.10;6.58;909;26;2395.00;44
6049;25;624667878;6049;304;6952;6996;6.87;0.42;259.21;6.58;903;26;2396.00;44
6054;25;624667889;6054;302;6952;6997;6.91;0.42;259.36;6.58;898;26;2397.00;45
6059;25;624667901;6059;300;6953;6998;6.95;0.42;259.33;6.58;894;26;2398.00;45
6060;25;624667912;6060;300;6953;6998;7.04;0.43;259.36;6.58;893;26;2399.00;45
6066;25;624667926;6066;309;6976;7057;7.16;0.44;259.41;6.56;910;26;2400.00;81
6071;25;624667949;6071;299;6977;7057;7.21;0.44;259.45;6.56;906;26;2401.00;80
6076;25;624667961;6076;300;6980;7057;7.24;0.44;259.50;6.56;904;26;2402.00;77
6080;25;624667973;6080;292;6982;7058;7.32;0.44;259.62;6.56;902;26;2403.00;76
6083;25;624667985;6083;294;6983;7058;7.37;0.45;259.76;6.56;900;26;2404.00;75
6086;25;624667997;6086;296;6988;7062;7.39;0.45;259.90;6.55;902;26;2405.00;74
6091;25;624668009;6091;299;6990;7062;7.33;0.45;260.13;6.55;899;26;2406.00;72
6095;25;624668027;6095;299;6993;7066;7.35;0.45;260.15;6.55;898;26;2407.00;73
6098;25;624668040;6098;306;6994;7066;7.32;0.44;260.21;6.55;896;26;2408.00;72
6101;25;624668051;6101;299;6994;7066;7.28;0.44;260.27;6.55;893;26;2409.00;72
6105;25;624668063;6105;301;6995;7066;7.22;0.44;260.34;6.55;890;26;2410.00;71
6107;25;624668075;6107;296;6996;7066;7.19;0.44;260.32;6.55;889;26;2411.00;70
6109;25;624668087;6109;297;7003;7078;7.25;0.44;260.37;6.55;894;26;2412.00;75
6114;26;624668100;6114;295;7004;7078;7.18;0.44;260.41;6.55;890;27;2413.00;74
6117;26;624668118;6117;293;7007;7078;7.17;0.44;260.50;6.55;890;27;2414.00;71
6120;26;624668130;6120;292;7008;7078;7.19;0.44;260.43;6.55;888;27;2415.00;70
6123;26;624668141;6123;291;7008;7078;7.23;0.44;260.50;6.55;885;27;2416.00;70
6126;26;624668153;6126;288;7010;7078;7.27;0.44;260.54;6.55;884;27;2417.00;68
6133;26;624668170;6133;281;7010;7079;7.26;0.44;260.53;6.55;877;27;2418.00;69
6137;26;624668187;6137;287;7010;7079;7.29;0.45;260.57;6.55;873;27;2419.00;69
6141;26;624668203;6141;280;7016;7085;7.32;0.45;260.52;6.55;875;27;2420.00;69
6145;26;624668215;6145;279;7017;7086;7.35;0.45;260.57;6.55;872;27;2421.00;69
6147;26;624668228;6147;279;7018;7086;7.34;0.45;260.61;6.55;871;27;2422.00;68
6151;26;624668239;6151;278;7019;7086;7.34;0.45;260.59;6.55;868;27;2423.00;67
6155;26;624668251;6155;272;7022;7090;7.40;0.45;260.63;6.64;867;27;2424.00;68
6156;26;624668265;6156;269;7023;7090;7.44;0.45;260.63;6.64;867;27;2425.00;67
6162;26;624668276;6162;266;7024;7090;7.39;0.45;260.62;6.64;862;27;2426.00;66
6168;26;624668288;6168;253;7025;7091;7.35;0.45;260.63;6.64;857;27;2427.00;66
6171;26;624668301;6171;241;7028;7095;7.35;0.45;260.68;6.64;857;27;2428.00;67
6177;26;624668312;6177;240;7029;7095;7.35;0.45;260.83;6.64;852;27;2429.00;66
6179;26;624668326;6179;236;7034;7101;7.42;0.45;260.83;6.64;855;27;2430.00;67
6182;26;624668339;6182;237;7034;7101;7.45;0.45;260.87;6.64;852;27;2431.00;67
6186;26;624668352;6186;237;7035;7101;7.54;0.46;260.90;6.64;849;27;2432.00;66
6187;26;624668363;6187;236;7035;7101;7.63;0.46;260.90;6.64;848;27;2433.00;66
6188;26;624668376;6188;237;7039;7105;7.68;0.47;260.94;6.63;851;27;2434.00;66
6190;26;624668388;6190;237;7040;7105;7.68;0.47;261.00;6.64;850;27;2435.00;65
6193;26;624668400;6193;227;7040;7105;7.72;0.47;261.10;6.64;847;27;2436.00;65
6194;26;624668412;6194;219;7040;7105;7.78;0.47;261.18;6.64;846;27;2437.00;65
6196;26;624668424;6196;210;7040;7106;7.80;0.47;261.27;6.64;844;27;2438.00;66
6198;26;624668437;6198;205;7041;7107;7.87;0.48;261.31;6.64;843;27;2439.00;66
6201;26;624668449;6201;201;7042;7107;7.89;0.48;261.42;6.73;841;27;2440.00;65
6202;26;624668469;6202;195;7044;7108;7.95;0.48;261.48;6.73;842;27;2441.00;64
6204;26;624668492;6204;199;7044;7108;7.95;0.48;261.47;6.73;840;27;2442.00;64
6205;26;624668515;6205;198;7044;7108;7.97;0.49;261.46;6.73;839;27;2443.00;64
6207;26;624668535;6207;203;7044;7108;8.09;0.49;261.48;6.73;837;27;2444.00;64
6214;26;624668552;6214;197;7044;7108;8.10;0.49;261.55;6.73;830;27;2445.00;64
6218;26;624668569;6218;194;7044;7108;8.17;0.50;261.58;6.73;826;27;2446.00;64
6219;26;624668582;6219;188;7046;7108;8.22;0.50;261.56;6.83;827;27;2447.00;62
6223;26;624668596;6223;210;7111;7235;8.26;0.51;261.62;6.76;888;27;2448.00;124
6224;26;624668623;6224;205;7113;7236;8.32;0.51;261.67;6.77;889;27;2449.00;123
6225;26;624668636;6225;191;7119;7236;8.48;0.52;261.68;6.76;894;27;2450.00;117
6229;26;624668650;6229;196;7121;7236;8.59;0.53;261.83;6.76;892;27;2451.00;115
6232;26;624668665;6232;191;7125;7236;8.69;0.54;261.93;6.76;893;27;2452.00;111
6236;26;624668678;6236;196;7130;7236;8.78;0.54;262.00;6.86;894;27;2453.00;106
6240;26;624668693;6240;191;7131;7236;8.84;0.54;262.02;6.86;891;27;2454.00;105
6243;26;624668711;6243;202;7135;7236;8.92;0.55;262.03;6.86;892;27;2455.00;101
6247;26;624668726;6247;198;7136;7237;8.90;0.55;262.11;6.86;889;27;2456.00;101
6248;26;624668750;6248;204;7141;7238;8.95;0.55;262.08;6.86;893;27;2457.00;97
6251;26;624668764;6251;210;7146;7238;8.96;0.55;262.16;6.87;895;27;2458.00;92
6252;26;624668784;6252;210;7149;7239;8.94;0.55;262.21;6.87;897;27;2459.00;90
6255;26;624668799;6255;220;7152;7239;8.93;0.55;262.37;6.87;897;27;2460.00;87
6262;26;624668812;6262;229;7155;7239;8.79;0.54;262.32;6.87;893;27;2461.00;84
6264;26;624668825;6264;225;7157;7239;8.67;0.53;262.36;6.87;893;27;2462.00;82
6265;26;624668838;6265;228;7161;7243;8.66;0.53;262.32;6.87;896;27;2463.00;82
6267;26;624668851;6267;233;7165;7243;8.63;0.53;262.37;6.88;898;27;2464.00;78
6271;26;624668864;6271;232;7166;7243;8.62;0.53;262.43;6.88;895;27;2465.00;77
6273;26;624668877;6273;231;7168;7246;8.63;0.53;262.48;6.88;895;27;2466.00;78
6275;26;624668891;6275;242;7169;7246;8.67;0.53;262.43;6.89;894;27;2467.00;77
6277;26;624668903;6277;238;7170;7246;8.72;0.53;262.42;6.89;893;27;2468.00;76
6277;26;624668916;6277;241;7173;7250;8.83;0.54;262.42;6.88;896;27;2469.00;77
6280;26;624668929;6280;248;7178;7251;8.89;0.54;262.46;6.90;898;27;2470.00;73
6285;26;624668942;6285;253;7178;7251;8.89;0.54;262.44;6.90;893;27;2471.00;73
6287;26;624668956;6287;253;7181;7255;8.90;0.54;262.41;6.90;894;27;2472.00;74
6291;26;624668969;6291;258;7182;7255;8.92;0.55;262.36;6.90;891;27;2473.00;73
6293;26;624668988;6293;262;7182;7255;8.92;0.55;262.32;6.90;889;27;2474.00;73
6296;26;624669007;6296;267;7184;7257;8.93;0.55;262.30;6.90;888;27;2475.00;73
6299;26;624669020;6299;273;7184;7257;8.91;0.54;262.30;6.90;885;27;2476.00;73
6304;26;624669033;6304;278;7189;7263;8.89;0.54;262.23;6.90;885;27;2477.00;74
6305;26;624669046;6305;276;7189;7263;8.89;0.54;262.22;6.90;884;27;2478.00;74
6307;26;624669057;6307;274;7189;7264;8.82;0.54;262.19;6.90;882;27;2479.00;75
6314;26;624669070;6314;271;7189;7264;8.70;0.53;262.09;6.90;875;27;2480.00;75
6317;26;624669081;6317;271;7189;7264;8.63;0.53;262.13;6.90;872;27;2481.00;75
6321;26;624669093;6321;269;7189;7264;8.55;0.52;262.05;6.90;868;27;2482.00;75
6324;26;624669105;6324;270;7189;7264;8.47;0.52;261.98;6.90;865;27;2483.00;75
6327;26;624669116;6327;268;7199;7276;8.43;0.51;261.96;6.89;872;27;2484.00;77
6331;26;624669129;6331;264;7202;7276;8.39;0.51;262.04;6.91;871;27;2485.00;74
6333;26;624669141;6333;264;7202;7276;8.35;0.51;262.04;6.91;869;27;2486.00;74
6334;26;624669153;6334;270;7202;7276;8.33;0.51;262.05;6.91;868;27;2487.00;74
6334;26;624669167;6334;274;7202;7276;8.31;0.50;262.05;6.91;868;27;2488.00;74
6336;26;624669178;6336;272;7202;7276;8.29;0.50;261.99;6.91;866;27;2489.00;74
6339;26;624669197;6339;272;7205;7280;8.20;0.50;261.92;6.91;866;27;2490.00;75
6340;26;624669211;6340;275;7205;7280;8.22;0.50;261.91;6.91;865;27;2491.00;75
6341;26;624669223;6341;278;7209;7284;8.23;0.50;261.89;6.90;868;27;2492.00;75
6345;26;624669234;6345;273;7210;7285;8.20;0.50;261.88;6.90;865;27;2493.00;75
6345;26;624669245;6345;281;7210;7285;8.23;0.50;261.88;6.90;865;27;2494.00;75
6346;26;624669257;6346;283;7210;7285;8.14;0.49;261.89;6.90;864;27;2495.00;75
6347;26;624669269;6347;289;7220;7298;8.13;0.49;261.87;6.91;873;27;2496.00;78
6349;26;624669281;6349;290;7220;7298;8.15;0.50;261.87;6.91;871;27;2497.00;78
6352;26;624669292;6352;294;7220;7298;8.13;0.49;261.84;6.91;868;27;2498.00;78
6355;26;624669303;6355;283;7221;7299;8.13;0.49;261.79;6.90;866;27;2499.00;78
6357;26;624669316;6357;273;7221;7300;8.15;0.49;261.76;6.90;864;27;2500.00;79
6363;26;624669331;6363;273;7223;7300;8.12;0.49;261.74;6.92;860;27;2501.00;77
6365;26;624669343;6365;267;7225;7303;8.10;0.49;261.67;6.92;860;27;2502.00;78
6366;26;624669355;6366;263;7227;7303;8.10;0.49;261.72;6.93;861;27;2503.00;76
6367;26;624669366;6367;258;7227;7303;8.08;0.49;261.71;6.93;860;27;2504.00;76
6370;26;624669377;6370;260;7227;7303;8.07;0.49;261.80;6.93;857;27;2505.00;76
6371;26;624669400;6371;262;7233;7309;8.12;0.49;261.79;6.93;862;27;2506.00;76
6371;26;624669414;6371;263;7233;7309;8.08;0.49;261.79;6.93;862;27;2507.00;76
6371;26;624669430;6371;258;7233;7309;8.09;0.49;261.79;6.93;862;27;2508.00;76
6372;26;624669441;6372;258;7235;7309;8.09;0.49;261.77;6.94;863;27;2509.00;74
6372;26;624669454;6372;257;7241;7313;8.04;0.49;261.77;6.97;869;27;2510.00;72
6373;26;624669467;6373;258;7243;7314;8.10;0.49;261.73;6.97;870;27;2511.00;71
6375;26;624669480;6375;258;7244;7314;8.10;0.49;261.71;6.98;869;27;2512.00;70
6375;26;624669498;6375;266;7245;7315;8.13;0.49;261.71;6.98;870;27;2513.00;70
6377;26;624669510;6377;264;7245;7315;8.12;0.49;261.70;6.98;868;27;2514.00;70
6378;26;624669523;6378;273;7246;7315;8.07;0.49;261.67;7.00;868;27;2515.00;69
6380;26;624669535;6380;273;7248;7315;8.08;0.49;261.68;7.02;868;27;2516.00;67
6382;26;624669545;6382;273;7250;7315;8.06;0.49;261.70;7.04;868;27;2517.00;65
6384;26;624669556;6384;277;7251;7315;8.05;0.49;261.70;7.06;867;27;2518.00;64
6385;26;624669567;6385;278;7251;7315;7.98;0.48;261.71;7.06;866;27;2519.00;64
6386;26;624669579;6386;290;7306;7440;8.20;0.50;261.70;7.03;920;27;2520.00;134
6388;26;624669602;6388;289;7310;7441;8.14;0.50;261.75;7.03;922;27;2521.00;131
6389;26;624669614;6389;286;7324;7441;8.06;0.49;261.77;7.03;935;27;2522.00;117
6391;26;624669625;6391;291;7329;7441;7.93;0.49;261.80;7.03;938;27;2523.00;112
6392;26;624669636;6392;292;7337;7441;7.91;0.49;261.79;7.04;945;27;2524.00;104
6394;26;624669652;6394;293;7338;7441;7.80;0.48;261.81;7.04;944;27;2525.00;103
6395;26;624669669;6395;295;7347;7441;7.74;0.47;261.85;7.04;952;27;2526.00;94
6396;26;624669680;6396;309;7351;7441;7.62;0.47;261.83;7.05;955;27;2527.00;90
6400;26;624669691;6400;306;7358;7442;7.48;0.46;261.89;7.06;958;27;2528.00;84
6402;26;624669703;6402;303;7362;7443;7.39;0.45;261.86;7.07;960;27;2529.00;81
6410;26;624669715;6410;301;7366;7443;7.24;0.44;261.85;7.07;956;27;2530.00;77
6413;26;624669727;6413;299;7372;7447;7.12;0.44;261.85;7.07;959;27;2531.00;75
6414;26;624669739;6414;306;7375;7447;7.06;0.43;261.83;7.08;961;27;2532.00;72
6416;26;624669750;6416;298;7375;7447;7.05;0.43;261.84;7.08;959;27;2533.00;72
6420;26;624669762;6420;304;7377;7447;7.04;0.43;261.79;7.09;957;27;2534.00;70
6422;26;624669773;6422;304;7381;7453;7.05;0.43;261.81;7.08;959;27;2535.00;72
6423;26;624669785;6423;300;7383;7453;7.05;0.43;261.83;7.08;960;27;2536.00;70
6423;26;624669797;6423;308;7385;7455;7.04;0.43;261.83;7.09;962;27;2537.00;70
6425;26;624669809;6425;309;7388;7458;7.09;0.43;261.83;7.09;963;27;2538.00;70
6426;26;624669821;6426;310;7388;7458;7.10;0.43;261.88;7.09;962;27;2539.00;70
6429;26;624669832;6429;312;7389;7458;7.05;0.43;261.95;7.10;960;27;2540.00;69
6431;26;624669844;6431;323;7389;7459;7.00;0.43;262.06;7.10;958;27;2541.00;70
6434;26;624669856;6434;332;7390;7460;6.92;0.42;262.07;7.10;956;27;2542.00;70
6439;26;624669868;6439;331;7392;7460;6.80;0.42;262.21;7.11;953;27;2543.00;68
6444;26;624669879;6444;334;7403;7473;6.70;0.41;262.25;7.11;959;27;2544.00;70
6451;26;624669892;6451;333;7404;7473;6.57;0.40;262.48;7.12;953;27;2545.00;69
6455;26;624669904;6455;336;7405;7473;6.51;0.40;262.53;7.12;950;27;2546.00;68
6457;26;624669915;6457;334;7407;7474;6.46;0.40;262.54;7.12;950;27;2547.00;67
6462;26;624669927;6462;335;7409;7474;6.39;0.39;262.64;7.13;947;27;2548.00;65
6468;26;624669938;6468;343;7412;7478;6.32;0.39;262.69;7.13;944;27;2549.00;66
6472;26;624669952;6472;337;7415;7481;6.27;0.38;262.79;7.13;943;27;2550.00;66
6475;26;624669964;6475;331;7421;7485;6.26;0.38;262.80;7.13;946;27;2551.00;64
6477;26;624669976;6477;327;7421;7485;6.33;0.39;262.85;7.13;944;27;2552.00;64
6482;26;624669987;6482;312;7422;7485;6.34;0.39;262.99;7.13;940;27;2553.00;63
6485;26;624669998;6485;310;7423;7485;6.32;0.39;263.01;7.14;938;27;2554.00;62
6488;26;624670009;6488;304;7423;7485;6.38;0.39;262.97;7.14;935;27;2555.00;62
6489;26;624670020;6489;305;7435;7497;6.50;0.40;263.03;7.13;946;27;2556.00;62
6491;26;624670033;6491;296;7436;7497;6.53;0.40;263.08;7.13;945;27;2557.00;61
6494;26;624670044;6494;297;7436;7497;6.57;0.41;263.15;7.13;942;27;2558.00;61
6497;26;624670055;6497;291;7437;7497;6.59;0.41;263.12;7.14;940;27;2559.00;60
6500;26;624670067;6500;291;7437;7497;6.55;0.40;263.20;7.14;937;27;2560.00;60
6504;26;624670078;6504;300;7437;7497;6.55;0.40;263.22;7.14;933;27;2561.00;60
6506;26;624670089;6506;285;7437;7498;6.58;0.41;263.27;7.14;931;27;2562.00;61
6509;26;624670101;6509;283;7437;7498;6.61;0.41;263.25;7.14;928;27;2563.00;61
6513;26;624670112;6513;287;7442;7504;6.72;0.41;263.29;7.13;929;27;2564.00;62
6516;26;624670124;6516;296;7443;7506;6.77;0.42;263.35;7.13;927;27;2565.00;63
6517;26;624670136;6517;289;7444;7506;6.86;0.42;263.37;7.13;927;27;2566.00;62
6523;26;624670147;6523;289;7445;7506;6.92;0.43;263.44;7.23;922;27;2567.00;61
6526;26;624670159;6526;288;7448;7510;6.99;0.43;263.47;7.23;922;27;2568.00;62
6532;26;624670171;6532;284;7448;7510;7.01;0.43;263.39;7.23;916;27;2569.00;62
6537;26;624670183;6537;289;7448;7510;7.03;0.43;263.44;7.23;911;27;2570.00;62
6540;26;624670195;6540;293;7449;7511;7.07;0.44;263.53;7.23;909;27;2571.00;62
6547;26;624670209;6547;295;7452;7515;7.09;0.43;263.55;7.23;905;27;2572.00;63
6549;26;624670222;6549;297;7452;7515;7.12;0.44;263.62;7.23;903;27;2573.00;63
6555;26;624670234;6555;297;7454;7518;7.14;0.44;263.66;7.22;899;27;2574.00;64
6561;26;624670247;6561;287;7454;7518;7.16;0.44;263.63;7.22;893;27;2575.00;64
6567;26;624670260;6567;285;7455;7518;7.16;0.44;263.68;7.22;888;27;2576.00;63
6572;26;624670273;6572;281;7455;7518;7.17;0.44;263.73;7.22;883;27;2577.00;63
6574;26;624670285;6574;282;7459;7522;7.29;0.45;263.77;7.22;885;27;2578.00;63
6581;26;624670297;6581;284;7459;7522;7.25;0.44;263.85;7.22;878;27;2579.00;63
6588;26;624670311;6588;285;7459;7522;7.24;0.44;263.91;7.22;871;27;2580.00;63
6590;26;624670323;6590;288;7459;7522;7.27;0.44;263.93;7.22;869;27;2581.00;63
6595;26;624670334;6595;288;7459;7523;7.28;0.44;264.02;7.22;864;27;2582.00;64
6597;26;624670347;6597;291;7460;7524;7.31;0.45;264.02;7.22;863;27;2583.00;64
6602;26;624670358;6602;296;7460;7524;7.29;0.44;264.00;7.22;858;27;2584.00;64
6609;26;624670370;6609;301;7461;7525;7.20;0.44;264.18;7.22;852;27;2585.00;64
6614;26;624670382;6614;301;7461;7525;7.15;0.43;264.27;7.22;847;27;2586.00;64
6618;26;624670393;6618;308;7461;7525;7.10;0.43;264.36;7.22;843;27;2587.00;64
6621;26;624670405;6621;307;7461;7525;7.09;0.43;264.47;7.22;840;27;2588.00;64
6626;26;624670416;6626;303;7461;7525;7.07;0.43;264.48;7.22;835;27;2589.00;64
6628;26;624670428;6628;310;7461;7525;7.10;0.43;264.47;7.22;833;27;2590.00;64
6633;26;624670439;6633;311;7461;7525;7.04;0.43;264.47;7.22;828;27;2591.00;64
6637;26;624670450;6637;327;7530;7652;7.22;0.45;264.58;7.26;893;27;2592.00;122
6639;26;624670485;6639;316;7534;7653;7.19;0.45;264.64;7.25;895;27;2593.00;119
6644;26;624670503;6644;313;7541;7653;7.26;0.45;264.67;7.25;897;27;2594.00;112
6646;26;624670524;6646;315;7541;7653;7.26;0.45;264.66;7.25;895;27;2595.00;112
6652;26;624670542;6652;317;7545;7653;7.24;0.45;264.62;7.25;893;27;2596.00;108
6653;26;624670561;6653;308;7546;7653;7.26;0.45;264.62;7.25;893;27;2597.00;107
6659;26;624670576;6659;299;7549;7653;7.23;0.44;264.62;7.25;890;27;2598.00;104
6660;26;624670590;6660;292;7551;7653;7.24;0.45;264.63;7.25;891;27;2599.00;102
6661;26;624670604;6661;293;7552;7654;7.29;0.45;264.64;7.25;891;27;2600.00;102
6664;26;624670622;6664;302;7558;7655;7.27;0.45;264.68;7.25;894;27;2601.00;97
6666;26;624670636;6666;299;7559;7655;7.22;0.44;264.72;7.25;893;27;2602.00;96
6667;26;624670650;6667;308;7563;7656;7.10;0.44;264.77;7.25;896;27;2603.00;93
6672;26;624670670;6672;308;7566;7656;7.04;0.43;264.76;7.25;894;27;2604.00;90
6675;26;624670682;6675;325;7568;7656;7.03;0.43;264.84;7.25;893;27;2605.00;88
6677;26;624670695;6677;318;7571;7656;7.04;0.43;264.86;7.26;894;27;2606.00;85
6680;26;624670708;6680;316;7577;7660;7.03;0.43;264.94;7.26;897;27;2607.00;83
6680;26;624670722;6680;312;7581;7660;7.01;0.43;264.94;7.37;901;27;2608.00;79
6681;26;624670735;6681;304;7581;7660;6.99;0.43;265.01;7.37;900;27;2609.00;79
6685;26;624670749;6685;304;7586;7666;6.96;0.43;265.00;7.37;901;27;2610.00;80
6689;26;624670763;6689;304;7587;7666;6.93;0.42;265.02;7.37;898;27;2611.00;79
6691;26;624670777;6691;301;7590;7666;7.00;0.43;264.97;7.37;899;27;2612.00;76
6695;26;624670797;6695;302;7593;7670;7.09;0.43;264.96;7.37;898;27;2613.00;77
6696;26;624670811;6696;305;7595;7671;7.26;0.44;264.93;7.37;899;27;2614.00;76
6701;26;624670824;6701;307;7596;7671;7.33;0.45;264.92;7.36;895;27;2615.00;75
6701;26;624670836;6701;307;7600;7675;7.47;0.46;264.92;7.36;899;27;2616.00;75
6703;26;624670849;6703;296;7600;7675;7.59;0.46;264.96;7.36;897;27;2617.00;75
6708;26;624670861;6708;293;7600;7675;7.61;0.46;264.88;7.36;892;27;2618.00;75
6711;26;624670874;6711;297;7601;7676;7.60;0.46;265.01;7.36;890;27;2619.00;75
6711;26;624670887;6711;290;7601;7676;7.68;0.47;265.01;7.36;890;27;2620.00;75
6712;26;624670900;6712;290;7606;7682;7.75;0.47;265.04;7.36;894;27;2621.00;76
6713;26;624670914;6713;289;7606;7682;7.81;0.48;265.08;7.36;893;27;2622.00;76
6713;26;624670926;6713;290;7606;7683;7.87;0.48;265.08;7.36;893;27;2623.00;77
6716;26;624670939;6716;287;7606;7683;7.93;0.48;265.11;7.36;890;27;2624.00;77
6719;26;624670952;6719;288;7606;7683;7.99;0.49;265.09;7.36;887;27;2625.00;77
6724;26;624670965;6724;288;7606;7683;8.05;0.49;265.08;7.36;882;27;2626.00;77
6724;26;624670978;6724;285;7606;7683;8.13;0.49;265.08;7.36;882;27;2627.00;77
6726;26;624670992;6726;282;7616;7695;8.19;0.50;265.05;7.35;890;27;2628.00;79
6728;26;624671006;6728;284;7617;7695;8.22;0.50;265.02;7.35;889;27;2629.00;78
6730;26;624671018;6730;282;7617;7695;8.24;0.50;265.05;7.35;887;27;2630.00;78
6732;26;624671031;6732;282;7617;7695;8.25;0.50;264.99;7.35;885;27;2631.00;78
6737;26;624671043;6737;280;7617;7695;8.19;0.50;264.96;7.35;880;27;2632.00;78
6738;26;624671056;6738;287;7617;7695;8.17;0.50;264.97;7.35;879;27;2633.00;78
6740;26;624671070;6740;287;7620;7699;8.10;0.49;264.91;7.34;880;27;2634.00;79
6744;26;624671082;6744;287;7620;7699;8.00;0.49;264.83;7.34;876;27;2635.00;79
6746;26;624671095;6746;286;7624;7703;8.00;0.49;264.83;7.34;878;27;2636.00;79
6749;26;624671107;6749;289;7625;7704;8.02;0.49;264.77;7.34;876;27;2637.00;79
6752;26;624671119;6752;284;7625;7704;7.95;0.48;264.70;7.34;873;27;2638.00;79
6754;26;624671132;6754;286;7625;7704;7.93;0.48;264.72;7.34;871;27;2639.00;79
6756;26;624671146;6756;293;7648;7733;7.93;0.48;264.71;7.32;892;27;2640.00;85
6756;26;624671161;6756;288;7648;7733;7.89;0.48;264.71;7.32;892;27;2641.00;85
6759;26;624671173;6759;288;7650;7733;7.88;0.48;264.77;7.32;891;27;2642.00;83
6762;26;624671185;6762;292;7651;7734;7.95;0.48;264.79;7.31;889;27;2643.00;83
6763;26;624671198;6763;299;7651;7735;8.03;0.49;264.78;7.31;888;27;2644.00;84
6765;26;624671211;6765;301;7651;7735;8.06;0.49;264.77;7.31;886;27;2645.00;84
6765;26;624671223;6765;307;7653;7738;8.14;0.49;264.77;7.31;888;27;2646.00;85
6765;26;624671235;6765;308;7653;7738;8.19;0.50;264.77;7.31;888;27;2647.00;85
6767;26;624671246;6767;306;7654;7738;8.19;0.50;264.80;7.31;887;27;2648.00;84
6770;26;624671259;6770;305;7654;7738;8.15;0.49;264.81;7.31;884;27;2649.00;84
6772;26;624671271;6772;304;7659;7744;8.12;0.49;264.77;7.31;887;27;2650.00;85
6772;26;624671284;6772;293;7659;7744;8.07;0.49;264.77;7.31;887;27;2651.00;85
6772;26;624671294;6772;280;7659;7744;8.00;0.49;264.77;7.31;887;27;2652.00;85
6775;26;624671305;6775;269;7659;7744;7.96;0.48;264.72;7.31;884;27;2653.00;85
6777;26;624671317;6777;260;7663;7748;8.00;0.49;264.72;7.32;886;27;2654.00;85
6779;26;624671330;6779;255;7666;7750;7.96;0.49;264.70;7.33;887;27;2655.00;84
6782;26;624671343;6782;253;7666;7750;7.98;0.49;264.66;7.33;884;27;2656.00;84
6783;26;624671355;6783;255;7667;7751;8.02;0.49;264.66;7.33;884;27;2657.00;84
6786;26;624671366;6786;257;7667;7751;8.09;0.49;264.62;7.33;881;27;2658.00;84
6789;26;624671377;6789;254;7667;7751;8.11;0.49;264.58;7.33;878;27;2659.00;84
6789;26;624671388;6789;251;7667;7751;8.15;0.50;264.58;7.33;878;27;2660.00;84
6790;26;624671400;6790;247;7667;7751;8.21;0.50;264.55;7.33;877;27;2661.00;84
6792;26;624671411;6792;239;7667;7751;8.26;0.50;264.51;7.33;875;27;2662.00;84
6794;26;624671428;6794;236;7667;7751;8.24;0.50;264.47;7.33;873;27;2663.00;84
6798;26;624671442;6798;236;7701;7821;8.35;0.51;264.38;7.30;903;27;2664.00;120
6801;26;624671462;6801;239;7703;7822;8.38;0.51;264.38;7.30;902;27;2665.00;119
6802;26;624671482;6802;238;7711;7822;8.47;0.52;264.35;7.29;909;27;2666.00;111
6805;26;624671495;6805;231;7714;7822;8.46;0.51;264.27;7.29;909;27;2667.00;108
6806;26;624671513;6806;231;7717;7822;8.45;0.51;264.24;7.29;911;27;2668.00;105
6808;26;624671525;6808;234;7718;7822;8.46;0.51;264.21;7.29;910;27;2669.00;104
6808;26;624671539;6808;234;7722;7822;8.46;0.51;264.21;7.29;914;27;2670.00;100
6808;26;624671551;6808;236;7723;7822;8.48;0.52;264.21;7.29;915;27;2671.00;99
6812;26;624671563;6812;237;7725;7823;8.46;0.51;264.18;7.29;913;27;2672.00;98
6817;26;624671575;6817;235;7728;7824;8.39;0.51;264.22;7.29;911;27;2673.00;96
6818;26;624671588;6818;236;7731;7824;8.38;0.51;264.24;7.29;913;27;2674.00;93
6822;26;624671600;6822;238;7737;7828;8.33;0.51;264.18;7.29;915;27;2675.00;91
6825;26;624671612;6825;241;7738;7828;8.22;0.50;264.13;7.29;913;27;2676.00;90
6826;26;624671625;6826;250;7739;7828;8.17;0.50;264.14;7.30;913;27;2677.00;89
6828;26;624671637;6828;257;7739;7828;8.13;0.49;264.11;7.30;911;27;2678.00;89
6829;26;624671648;6829;260;7744;7834;8.19;0.50;264.13;7.30;915;27;2679.00;90
6831;26;624671660;6831;271;7745;7834;8.15;0.50;264.15;7.31;914;27;2680.00;89
6834;26;624671672;6834;274;7746;7834;8.08;0.49;264.11;7.32;912;27;2681.00;88
6837;26;624671684;6837;283;7748;7837;8.07;0.49;264.32;7.32;911;27;2682.00;89
6841;26;624671696;6841;290;7751;7837;8.03;0.49;264.36;7.35;910;27;2683.00;86
6843;26;624671708;6843;295;7751;7837;7.98;0.49;264.41;7.35;908;27;2684.00;86
6843;26;624671719;6843;296;7751;7838;7.94;0.48;264.41;7.35;908;27;2685.00;87
6844;26;624671730;6844;301;7754;7839;7.90;0.48;264.45;7.37;910;27;2686.00;85
6848;26;624671742;6848;305;7755;7839;7.80;0.47;264.36;7.38;907;27;2687.00;84
6850;26;624671754;6850;308;7766;7852;7.76;0.47;264.38;7.37;916;27;2688.00;86
6852;26;624671767;6852;311;7768;7852;7.71;0.47;264.44;7.40;916;27;2689.00;84
6854;26;624671778;6854;312;7768;7852;7.70;0.47;264.49;7.40;914;27;2690.00;84
6856;26;624671790;6856;313;7770;7853;7.71;0.47;264.55;7.40;914;27;2691.00;83
6859;26;624671801;6859;314;7771;7853;7.71;0.47;264.60;7.41;912;27;2692.00;82
6862;26;624671812;6862;320;7775;7857;7.73;0.47;264.59;7.41;913;27;2693.00;82
6863;26;624671824;6863;318;7777;7857;7.63;0.46;264.64;7.44;914;27;2694.00;80
6866;26;624671836;6866;324;7780;7861;7.59;0.46;264.71;7.43;914;27;2695.00;81
6868;26;624671848;6868;328;7780;7861;7.52;0.46;264.78;7.43;912;27;2696.00;81
6869;26;624671859;6869;331;7782;7861;7.44;0.45;264.82;7.46;913;27;2697.00;79
6871;26;624671870;6871;335;7782;7861;7.37;0.45;264.92;7.46;911;27;2698.00;79
6875;26;624671881;6875;330;7782;7861;7.25;0.44;265.02;7.46;907;27;2699.00;79
6878;26;624671895;6878;331;7810;7910;7.33;0.45;265.08;7.46;932;27;2700.00;100
6881;26;624671916;6881;327;7812;7910;7.28;0.45;265.19;7.47;931;27;2701.00;98
6884;26;624671927;6884;328;7816;7910;7.22;0.44;265.30;7.47;932;27;2702.00;94
6886;26;624671940;6886;326;7816;7910;7.19;0.44;265.31;7.47;930;27;2703.00;94
6887;26;624671951;6887;335;7820;7910;7.16;0.44;265.30;7.49;933;27;2704.00;90
6889;26;624671968;6889;338;7821;7910;7.08;0.43;265.38;7.49;932;27;2705.00;89
6893;26;624671981;6893;334;7823;7911;7.00;0.43;265.34;7.51;930;27;2706.00;88
6894;26;624671992;6894;335;7825;7911;6.88;0.42;265.39;7.51;931;27;2707.00;86
6896;26;624672003;6896;338;7829;7917;6.87;0.42;265.39;7.50;933;27;2708.00;88
6899;26;624672016;6899;336;7832;7918;6.75;0.41;265.36;7.52;933;27;2709.00;86
6900;26;624672027;6900;332;7833;7918;6.67;0.41;265.34;7.53;933;27;2710.00;85
6903;26;624672039;6903;335;7835;7918;6.62;0.40;265.34;7.53;932;27;2711.00;83
6905;26;624672050;6905;334;7840;7922;6.63;0.40;265.35;7.53;935;27;2712.00;82
6909;26;624672062;6909;338;7842;7922;6.54;0.40;265.34;7.54;933;27;2713.00;80
6914;26;624672073;6914;339;7842;7922;6.51;0.40;265.36;7.54;928;27;2714.00;80
6918;26;624672084;6918;342;7845;7923;6.45;0.39;265.41;7.55;927;27;2715.00;78
6921;26;624672095;6921;343;7848;7927;6.34;0.39;265.48;7.55;927;27;2716.00;79
6925;26;624672106;6925;344;7850;7927;6.27;0.38;265.54;7.55;925;27;2717.00;77
6929;26;624672117;6929;346;7854;7930;6.23;0.38;265.65;7.55;925;27;2718.00;76
6931;26;624672128;6931;349;7856;7930;6.22;0.38;265.65;7.55;925;27;2719.00;74
6935;26;624672138;6935;335;7857;7930;6.18;0.38;265.76;7.56;922;27;2720.00;73
6940;26;624672150;6940;329;7857;7930;6.14;0.38;265.92;7.56;917;27;2721.00;73
6942;26;624672160;6942;326;7860;7934;6.17;0.38;265.99;7.55;918;27;2722.00;74
6946;26;624672171;6946;325;7862;7934;6.15;0.38;266.05;7.56;916;27;2723.00;72
6948;26;624672182;6948;323;7863;7934;6.16;0.38;266.09;7.56;915;27;2724.00;71
6952;26;624672192;6952;324;7866;7934;6.13;0.38;266.15;7.57;914;27;2725.00;68
6958;26;624672207;6958;321;7866;7935;6.14;0.38;266.19;7.57;908;27;2726.00;69
6961;26;624672219;6961;315;7868;7936;6.15;0.38;266.16;7.57;907;27;2727.00;68
6963;26;624672230;6963;308;7868;7936;6.20;0.38;266.18;7.57;905;27;2728.00;68
6966;26;624672241;6966;310;7870;7937;6.26;0.38;266.21;7.57;904;27;2729.00;67
6968;26;624672254;6968;306;7873;7937;6.30;0.39;266.24;7.58;905;27;2730.00;64
6969;26;624672266;6969;308;7875;7937;6.35;0.39;266.31;7.58;906;27;2731.00;62
6973;26;624672277;6973;303;7875;7937;6.35;0.39;266.35;7.58;902;27;2732.00;62
6974;26;624672287;6974;301;7875;7937;6.41;0.39;266.33;7.58;901;27;2733.00;62
6977;26;624672298;6977;299;7875;7937;6.46;0.40;266.38;7.58;898;27;2734.00;62
6984;26;624672309;6984;310;7875;7937;6.41;0.39;266.42;7.58;891;27;2735.00;62
6990;26;624672320;6990;317;7941;8064;6.74;0.42;266.38;7.52;951;27;2736.00;123
6993;26;624672342;6993;314;7945;8065;6.78;0.42;266.44;7.52;952;27;2737.00;120
6999;26;624672354;6999;320;7954;8065;6.77;0.42;266.64;7.51;955;27;2738.00;111
7002;26;624672366;7002;316;7956;8065;6.79;0.42;266.71;7.51;954;27;2739.00;109
7007;26;624672377;7007;309;7960;8065;6.80;0.42;266.74;7.51;953;27;2740.00;105
7012;26;624672389;7012;313;7961;8065;6.78;0.42;266.81;7.51;949;27;2741.00;104
7016;26;624672401;7016;308;7965;8065;6.77;0.42;266.76;7.51;949;27;2742.00;100
7019;26;624672424;7019;299;7966;8065;6.71;0.41;266.77;7.51;947;27;2743.00;99
7022;26;624672436;7022;304;7967;8066;6.66;0.41;266.87;7.51;945;27;2744.00;99
7023;26;624672449;7023;303;7971;8068;6.66;0.41;266.85;7.51;948;27;2745.00;97
7027;26;624672463;7027;316;7974;8068;6.59;0.41;266.86;7.63;947;27;2746.00;94
7030;26;624672486;7030;316;7976;8069;6.55;0.41;266.88;7.63;946;27;2747.00;93
7035;26;624672504;7035;326;7980;8069;6.49;0.40;266.92;7.63;945;27;2748.00;89
7040;26;624672523;7040;335;7982;8069;6.43;0.40;266.95;7.63;942;27;2749.00;87
7048;26;624672541;7048;333;7983;8069;6.40;0.40;267.10;7.63;935;27;2750.00;86
7051;26;624672557;7051;336;7989;8073;6.50;0.40;267.11;7.63;938;27;2751.00;84
7058;26;624672574;7058;343;7991;8073;6.49;0.40;267.20;7.64;933;27;2752.00;82
7061;26;624672588;7061;355;7993;8073;6.48;0.40;267.23;7.64;932;27;2753.00;80
7065;26;624672603;7065;356;7994;8076;6.50;0.40;267.20;7.64;929;27;2754.00;82
7070;26;624672617;7070;371;7997;8076;6.49;0.40;267.19;7.64;927;27;2755.00;79
7075;26;624672629;7075;371;7998;8076;6.42;0.40;267.18;7.64;923;27;2756.00;78
7078;26;624672641;7078;379;8003;8080;6.35;0.39;267.13;7.64;925;27;2757.00;77
7081;26;624672653;7081;377;8004;8081;6.27;0.39;267.12;7.64;923;27;2758.00;77
7082;26;624672666;7082;382;8005;8081;6.24;0.38;267.12;7.64;923;27;2759.00;76
7083;26;624672680;7083;383;8009;8086;6.19;0.38;267.15;7.64;926;27;2760.00;77
7089;26;624672693;7089;383;8011;8086;6.13;0.38;267.19;7.64;922;27;2761.00;75
7089;26;624672704;7089;386;8012;8086;6.11;0.38;267.19;7.64;923;27;2762.00;74
7093;26;624672715;7093;391;8013;8087;6.02;0.37;267.20;7.64;920;27;2763.00;74
7096;26;624672727;7096;394;8014;8087;6.01;0.37;267.19;7.64;918;27;2764.00;73
7097;26;624672740;7097;395;8018;8093;6.01;0.37;267.17;7.64;921;27;2765.00;75
7099;26;624672753;7099;387;8019;8093;5.95;0.36;267.20;7.63;920;27;2766.00;74
7102;26;624672765;7102;377;8019;8094;5.94;0.36;267.28;7.63;917;27;2767.00;75
7105;26;624672778;7105;372;8019;8094;5.90;0.36;267.31;7.63;914;27;2768.00;75
7110;26;624672791;7110;367;8019;8094;5.89;0.36;267.31;7.63;909;27;2769.00;75
7111;26;624672803;7111;359;8020;8094;5.93;0.36;267.31;7.75;909;27;2770.00;74
7114;26;624672815;7114;356;8020;8094;5.94;0.36;267.41;7.75;906;27;2771.00;74
7116;26;624672828;7116;359;8029;8106;6.05;0.37;267.38;7.75;913;27;2772.00;77
7119;26;624672840;7119;364;8029;8106;6.01;0.37;267.41;7.75;910;27;2773.00;77
7120;26;624672852;7120;366;8031;8106;6.03;0.37;267.38;7.74;911;27;2774.00;75
7122;26;624672863;7122;366;8031;8106;6.04;0.37;267.33;7.74;909;27;2775.00;75
7125;26;624672881;7125;367;8031;8106;6.00;0.37;267.35;7.74;906;27;2776.00;75
7127;26;624672894;7127;347;8031;8106;6.02;0.37;267.42;7.74;904;27;2777.00;75
7127;26;624672907;7127;343;8034;8110;6.09;0.37;267.42;7.74;907;27;2778.00;76
7129;26;624672917;7129;346;8034;8110;6.17;0.38;267.42;7.74;905;27;2779.00;76
7132;26;624672930;7132;342;8038;8114;6.27;0.39;267.47;7.74;906;27;2780.00;76
7133;26;624672943;7133;333;8039;8115;6.39;0.39;267.51;7.74;906;27;2781.00;76
7135;26;624672955;7135;331;8039;8115;6.45;0.40;267.48;7.74;904;27;2782.00;76
7138;26;624672969;7138;328;8039;8115;6.48;0.40;267.43;7.74;901;27;2783.00;76
7140;26;624672981;7140;333;8050;8128;6.65;0.41;267.41;7.73;910;27;2784.00;78
7144;26;624672994;7144;328;8050;8128;6.69;0.41;267.48;7.73;906;27;2785.00;78
7147;26;624673007;7147;325;8051;8128;6.75;0.41;267.42;7.85;904;27;2786.00;77
7151;26;624673020;7151;318;8052;8129;6.86;0.42;267.38;7.85;901;27;2787.00;77
7152;26;624673033;7152;323;8052;8130;6.91;0.42;267.39;7.85;900;27;2788.00;78
7157;26;624673045;7157;320;8052;8130;6.97;0.43;267.39;7.85;895;27;2789.00;78
7159;26;624673059;7159;315;8056;8136;7.07;0.43;267.37;7.84;897;27;2790.00;80
7162;26;624673072;7162;309;8056;8136;7.04;0.43;267.35;7.84;894;27;2791.00;80
7163;26;624673085;7163;307;8058;8136;7.07;0.43;267.35;7.84;895;27;2792.00;78
7165;26;624673097;7165;303;8058;8136;7.07;0.43;267.31;7.84;893;27;2793.00;78
7169;26;624673109;7169;300;8063;8142;7.04;0.43;267.27;7.84;894;27;2794.00;79
7171;26;624673122;7171;305;8063;8142;7.00;0.43;267.25;7.84;892;27;2795.00;79
7174;26;624673133;7174;303;8063;8142;6.99;0.43;267.19;7.84;889;27;2796.00;79
7175;26;624673146;7175;302;8063;8142;7.03;0.43;267.16;7.84;888;27;2797.00;79
7175;26;624673158;7175;302;8066;8146;7.08;0.43;267.16;7.84;891;27;2798.00;80
7177;26;624673170;7177;301;8067;8147;7.10;0.43;267.19;7.83;890;27;2799.00;80
7180;26;624673183;7180;306;8067;8147;7.06;0.43;267.17;7.83;887;27;2800.00;80
7182;26;624673200;7182;306;8068;8148;7.06;0.43;267.15;7.83;886;27;2801.00;80
7182;26;624673211;7182;306;8069;8148;7.09;0.43;267.15;7.95;887;27;2802.00;79
7184;26;624673223;7184;298;8069;8148;7.14;0.43;267.18;7.95;885;27;2803.00;79
7186;26;624673235;7186;280;8069;8148;7.20;0.44;267.22;7.95;883;27;2804.00;79
7187;26;624673248;7187;271;8069;8148;7.32;0.44;267.23;7.95;882;27;2805.00;79
7190;26;624673268;7190;260;8069;8148;7.42;0.45;267.26;7.95;879;27;2806.00;79
7191;26;624673280;7191;256;8069;8148;7.57;0.46;267.26;7.95;878;27;2807.00;79
7191;26;624673292;7191;266;8108;8218;7.68;0.47;267.26;7.91;917;27;2808.00;110
7191;26;624673311;7191;247;8108;8219;7.87;0.48;267.26;7.91;917;27;2809.00;111
7194;26;624673324;7194;239;8115;8219;8.04;0.49;267.23;7.90;921;27;2810.00;104
7196;26;624673337;7196;235;8117;8219;8.17;0.50;267.27;7.90;921;27;2811.00;102
7199;26;624673350;7199;230;8120;8219;8.37;0.51;267.38;7.90;921;27;2812.00;99
7200;26;624673362;7200;227;8121;8219;8.52;0.52;267.39;7.90;921;27;2813.00;98
7203;26;624673380;7203;231;8124;8219;8.66;0.52;267.40;7.90;921;27;2814.00;95
7203;26;624673395;7203;227;8128;8219;8.78;0.53;267.40;7.90;925;27;2815.00;91
7205;26;624673409;7205;233;8130;8220;8.90;0.54;267.39;7.90;925;27;2816.00;90
7205;26;624673421;7205;235;8133;8221;8.95;0.54;267.39;7.90;928;27;2817.00;88
7206;26;624673434;7206;235;8135;8221;8.93;0.54;267.37;7.90;929;27;2818.00;86
7206;26;624673447;7206;232;8139;8225;8.92;0.54;267.37;7.90;933;27;2819.00;86
7207;26;624673469;7207;228;8140;8225;8.90;0.54;267.38;7.90;933;27;2820.00;85
7210;26;624673484;7210;229;8140;8225;8.86;0.54;267.36;7.90;930;27;2821.00;85
7212;26;624673496;7212;228;8140;8225;8.80;0.53;267.33;7.90;928;27;2822.00;85
7214;26;624673511;7214;223;8145;8231;8.77;0.53;267.32;7.89;931;27;2823.00;86
7216;26;624673524;7216;228;8145;8231;8.68;0.53;267.29;7.89;929;27;2824.00;86
7220;26;624673538;7220;225;8147;8231;8.58;0.52;267.33;7.91;927;27;2825.00;84
7221;26;624673551;7221;229;8149;8234;8.57;0.52;267.31;7.91;928;27;2826.00;85
7225;26;624673564;7225;223;8149;8234;8.52;0.52;267.30;7.91;924;27;2827.00;85
7226;26;624673583;7226;220;8150;8234;8.55;0.52;267.35;7.91;924;27;2828.00;84
7229;26;624673596;7229;219;8150;8235;8.59;0.52;267.33;7.91;921;27;2829.00;85
7231;26;624673609;7231;222;8151;8236;8.64;0.53;267.30;7.91;920;27;2830.00;85
7236;26;624673622;7236;218;8151;8236;8.62;0.52;267.34;7.91;915;27;2831.00;85
7239;26;624673634;7239;216;8161;8249;8.68;0.53;267.28;7.90;922;27;2832.00;88
7243;26;624673648;7243;210;8161;8249;8.70;0.53;267.30;7.90;918;27;2833.00;88
7244;26;624673661;7244;213;8162;8249;8.79;0.53;267.27;7.90;918;27;2834.00;87
7247;26;624673673;7247;213;8164;8251;8.89;0.54;267.25;7.90;917;27;2835.00;87
7250;26;624673685;7250;215;8164;8251;8.95;0.54;267.28;7.90;914;27;2836.00;87
7253;26;624673697;7253;215;8167;8255;9.03;0.55;267.36;7.90;914;27;2837.00;88
7256;26;624673709;7256;220;8167;8255;9.09;0.55;267.34;7.90;911;27;2838.00;88
7259;26;624673722;7259;220;8170;8259;9.04;0.55;267.37;7.89;911;27;2839.00;89
7263;26;624673734;7263;225;8171;8259;9.03;0.55;267.35;7.89;908;27;2840.00;88
7267;26;624673747;7267;230;8171;8259;9.03;0.55;267.46;7.89;904;27;2841.00;88
7269;26;624673760;7269;233;8171;8259;9.01;0.55;267.46;7.89;902;27;2842.00;88
7271;26;624673773;7271;234;8171;8259;8.99;0.54;267.50;7.89;900;27;2843.00;88
7273;26;624673785;7273;234;8180;8271;8.96;0.54;267.54;7.88;907;27;2844.00;91
7275;26;624673799;7275;241;8181;8271;8.86;0.54;267.54;7.88;906;27;2845.00;90
7277;26;624673812;7277;244;8182;8271;8.82;0.53;267.57;7.88;905;27;2846.00;89
7279;26;624673824;7279;245;8182;8271;8.76;0.53;267.64;7.88;903;27;2847.00;89
7282;26;624673842;7282;248;8182;8271;8.64;0.52;267.74;7.88;900;27;2848.00;89
7283;26;624673854;7283;253;8182;8271;8.55;0.52;267.74;7.88;899;27;2849.00;89
7284;26;624673868;7284;260;8186;8274;8.51;0.52;267.74;7.91;902;27;2850.00;88
7286;26;624673880;7286;260;8186;8274;8.44;0.51;267.79;7.91;900;27;2851.00;88
7286;26;624673893;7286;257;8193;8280;8.44;0.51;267.79;7.93;907;27;2852.00;87
7289;26;624673911;7289;260;8194;8281;8.39;0.51;267.88;7.93;905;27;2853.00;87
7290;26;624673924;7290;267;8194;8281;8.30;0.51;267.88;7.93;904;27;2854.00;87
7291;26;624673936;7291;268;8195;8281;8.21;0.50;267.91;7.94;904;27;2855.00;86
7296;26;624673947;7296;269;8200;8285;8.20;0.50;267.95;7.96;904;27;2856.00;85
7298;26;624673960;7298;270;8200;8285;8.16;0.50;268.00;7.96;902;27;2857.00;85
7301;26;624673973;7301;271;8202;8285;8.08;0.49;267.98;7.98;901;27;2858.00;83
7302;26;624673985;7302;273;8203;8286;7.99;0.49;268.04;7.97;901;27;2859.00;83
7303;26;624673997;7303;280;8209;8290;7.95;0.48;268.02;8.01;906;27;2860.00;81
7305;26;624674009;7305;282;8210;8290;7.94;0.48;268.14;8.01;905;27;2861.00;80
7306;26;624674019;7306;293;8213;8293;7.92;0.48;268.13;8.01;907;27;2862.00;80
7306;26;624674037;7306;291;8215;8293;7.91;0.48;268.13;8.02;909;27;2863.00;78
7307;26;624674048;7307;297;8217;8295;7.87;0.48;268.15;8.02;910;27;2864.00;78
7308;26;624674060;7308;297;8217;8295;7.88;0.48;268.20;8.02;909;27;2865.00;78
7311;26;624674072;7311;298;8222;8299;7.91;0.48;268.23;8.03;911;27;2866.00;77
7314;26;624674084;7314;304;8225;8299;7.86;0.48;268.28;8.06;911;27;2867.00;74
7319;26;624674095;7319;307;8225;8299;7.73;0.47;268.40;8.06;906;27;2868.00;74
7321;26;624674107;7321;301;8226;8299;7.69;0.47;268.37;8.07;905;27;2869.00;73
7324;26;624674119;7324;299;8226;8300;7.61;0.46;268.39;8.07;902;27;2870.00;74
7326;26;624674131;7326;298;8227;8301;7.56;0.46;268.43;8.07;901;27;2871.00;74
7329;26;624674143;7329;296;8230;8301;7.48;0.46;268.46;8.09;901;27;2872.00;71
7333;26;624674154;7333;295;8231;8302;7.48;0.46;268.58;8.09;898;27;2873.00;71
7334;26;624674165;7334;296;8231;8302;7.46;0.46;268.63;8.09;897;27;2874.00;71
7339;26;624674176;7339;291;8232;8302;7.38;0.45;268.68;8.10;893;27;2875.00;70
7340;26;624674188;7340;290;8232;8302;7.37;0.45;268.69;8.10;892;27;2876.00;70
7343;26;624674198;7343;294;8232;8302;7.33;0.45;268.73;8.10;889;27;2877.00;70
7345;26;624674210;7345;291;8236;8302;7.36;0.45;268.77;8.12;891;27;2878.00;66
7347;26;624674221;7347;294;8236;8302;7.41;0.45;268.75;8.12;889;27;2879.00;66
7351;26;624674233;7351;328;8337;8532;7.52;0.47;268.77;8.03;986;27;2880.00;195
7356;26;624674269;7356;319;8340;8533;7.49;0.47;268.72;8.04;984;27;2881.00;193
7359;26;624674281;7359;308;8350;8533;7.59;0.47;268.70;8.03;991;27;2882.00;183
7363;26;624674293;7363;306;8359;8533;7.60;0.47;268.67;8.03;996;27;2883.00;174
7364;26;624674307;7364;301;8367;8533;7.66;0.48;268.70;8.02;1003;27;2884.00;166
7368;26;624674320;7368;296;8374;8533;7.59;0.47;268.72;8.02;1006;27;2885.00;159
7371;26;624674332;7371;298;8381;8533;7.50;0.47;268.76;8.02;1010;27;2886.00;152
7378;26;624674344;7378;302;8389;8533;7.41;0.46;268.82;8.02;1011;27;2887.00;144
7380;26;624674357;7380;307;8398;8534;7.34;0.45;268.82;8.02;1018;27;2888.00;136
7383;26;624674370;7383;317;8403;8535;7.23;0.45;268.95;8.03;1020;27;2889.00;132
7386;26;624674381;7386;311;8409;8535;7.11;0.44;269.09;8.03;1023;27;2890.00;126
7387;26;624674398;7387;322;8414;8536;7.04;0.44;269.11;8.03;1027;27;2891.00;122
7392;26;624674411;7392;319;8417;8536;6.86;0.43;269.29;8.03;1025;27;2892.00;119
7395;26;624674423;7395;325;8422;8536;6.70;0.41;269.30;8.03;1027;27;2893.00;114
7398;26;624674435;7398;332;8424;8536;6.50;0.40;269.44;8.03;1026;27;2894.00;112
7404;26;624674447;7404;347;8429;8540;6.28;0.39;269.55;8.04;1025;27;2895.00;111
7406;26;624674459;7406;349;8432;8540;6.16;0.38;269.55;8.04;1026;27;2896.00;108
7409;26;624674477;7409;350;8434;8540;6.01;0.37;269.66;8.04;1025;27;2897.00;106
7413;26;624674497;7413;360;8436;8543;5.95;0.37;269.71;8.04;1023;27;2898.00;107
7418;26;624674519;7418;369;8438;8543;5.90;0.36;269.82;8.04;1020;27;2899.00;105
7421;26;624674539;7421;359;8438;8543;5.87;0.36;269.90;8.04;1017;27;2900.00;105
7425;26;624674564;7425;359;8442;8547;5.83;0.36;269.93;8.04;1017;27;2901.00;105
7430;26;624674581;7430;361;8445;8548;5.74;0.35;270.04;8.04;1015;27;2902.00;103
7435;26;624674594;7435;363;8448;8548;5.65;0.35;270.05;8.05;1013;27;2903.00;100
7436;26;624674610;7436;370;8452;8552;5.71;0.35;270.06;8.05;1016;27;2904.00;100
7441;26;624674624;7441;375;8454;8552;5.71;0.35;270.06;8.05;1013;27;2905.00;98
7444;26;624674640;7444;381;8457;8552;5.72;0.35;270.09;8.06;1013;27;2906.00;95
7446;26;624674652;7446;383;8461;8553;5.74;0.35;270.15;8.18;1015;27;2907.00;92
7451;26;624674668;7451;376;8461;8553;5.77;0.36;270.22;8.18;1010;27;2908.00;92
7454;26;624674681;7454;378;8468;8559;5.85;0.36;270.24;8.19;1014;27;2909.00;91
7458;26;624674697;7458;378;8469;8559;5.89;0.36;270.27;8.19;1011;27;2910.00;90
7463;26;624674711;7463;375;8469;8560;5.94;0.37;270.44;8.19;1006;27;2911.00;91
7466;26;624674731;7466;379;8470;8560;5.90;0.36;270.46;8.19;1004;27;2912.00;90
7470;26;624674743;7470;380;8470;8560;5.88;0.36;270.40;8.19;1000;27;2913.00;90
7474;26;624674756;7474;383;8471;8560;5.81;0.36;270.39;8.20;997;27;2914.00;89
7477;26;624674770;7477;389;8471;8560;5.83;0.36;270.40;8.20;994;27;2915.00;89
7481;26;624674782;7481;396;8480;8572;5.84;0.36;270.43;8.19;999;27;2916.00;92
7484;26;624674796;7484;411;8481;8572;5.82;0.36;270.44;8.19;997;27;2917.00;91
7489;26;624674808;7489;412;8481;8572;5.80;0.36;270.53;8.19;992;27;2918.00;91
7494;26;624674821;7494;417;8481;8572;5.70;0.35;270.57;8.19;987;27;2919.00;91
7496;26;624674833;7496;421;8482;8572;5.64;0.35;270.52;8.19;986;27;2920.00;90
7500;26;624674845;7500;429;8482;8572;5.55;0.34;270.55;8.19;982;27;2921.00;90
7506;26;624674857;7506;435;8486;8576;5.47;0.34;270.57;8.19;980;27;2922.00;90
7507;26;624674870;7507;443;8488;8576;5.44;0.33;270.57;8.31;981;27;2923.00;88
7511;26;624674881;7511;456;8492;8580;5.40;0.33;270.57;8.31;981;27;2924.00;88
7513;26;624674895;7513;459;8493;8582;5.37;0.33;270.61;8.31;980;27;2925.00;89
7515;26;624674907;7515;464;8494;8582;5.33;0.33;270.60;8.31;979;27;2926.00;88
7520;26;624674917;7520;466;8495;8582;5.26;0.32;270.60;8.31;975;27;2927.00;87
7524;26;624674930;7524;472;8507;8595;5.35;0.33;270.58;8.30;983;27;2928.00;88
7527;26;624674943;7527;469;8507;8595;5.31;0.33;270.55;8.30;980;27;2929.00;88
7532;26;624674955;7532;472;8508;8595;5.25;0.32;270.54;8.31;976;27;2930.00;87
7532;26;624674966;7532;473;8509;8596;5.25;0.32;270.54;8.30;977;27;2931.00;87
7534;26;624674978;7534;478;8509;8597;5.20;0.32;270.54;8.30;975;27;2932.00;88
7540;26;624674989;7540;482;8509;8597;5.16;0.32;270.46;8.30;969;27;2933.00;88
7543;26;624675001;7543;485;8513;8600;5.18;0.32;270.38;8.30;970;27;2934.00;87
7546;26;624675014;7546;490;8513;8600;5.17;0.32;270.34;8.30;967;27;2935.00;87
7550;26;624675025;7550;486;8514;8600;5.15;0.32;270.31;8.30;964;27;2936.00;86
7552;26;624675037;7552;474;8514;8600;5.14;0.32;270.26;8.30;962;27;2937.00;86
7554;26;624675048;7554;467;8519;8606;5.17;0.32;270.26;8.30;965;27;2938.00;87
7558;26;624675061;7558;464;8519;8606;5.17;0.32;270.20;8.30;961;27;2939.00;87
7559;26;624675075;7559;464;8520;8606;5.21;0.32;270.23;8.42;961;27;2940.00;86
7562;26;624675086;7562;462;8520;8606;5.24;0.32;270.20;8.42;958;27;2941.00;86
7563;26;624675099;7563;467;8523;8610;5.33;0.33;270.21;8.41;960;27;2942.00;87
7565;26;624675110;7565;473;8524;8611;5.32;0.33;270.16;8.41;959;27;2943.00;87
7569;26;624675123;7569;469;8524;8611;5.29;0.32;270.05;8.41;955;27;2944.00;87
7571;26;624675134;7571;477;8525;8612;5.31;0.32;270.03;8.41;954;27;2945.00;87
7573;26;624675146;7573;463;8525;8612;5.37;0.33;270.02;8.41;952;27;2946.00;87
7574;26;624675176;7574;455;8525;8612;5.47;0.33;270.02;8.41;951;27;2947.00;87
7574;26;624675188;7574;442;8525;8612;5.57;0.34;270.02;8.41;951;27;2948.00;87
7577;26;624675200;7577;422;8525;8612;5.64;0.34;270.01;8.41;948;27;2949.00;87
7578;26;624675213;7578;411;8525;8612;5.75;0.35;270.06;8.41;947;27;2950.00;87
7578;26;624675225;7578;409;8525;8612;5.83;0.36;270.06;8.41;947;27;2951.00;87
7580;26;624675238;7580;403;8556;8682;6.08;0.37;270.05;8.38;976;27;2952.00;126
7580;26;624675257;7580;399;8557;8683;6.14;0.38;270.05;8.38;977;27;2953.00;126
7583;26;624675271;7583;397;8563;8683;6.22;0.38;270.07;8.38;980;27;2954.00;120
7584;26;624675284;7584;385;8565;8683;6.26;0.38;270.04;8.37;981;27;2955.00;118
7586;26;624675297;7586;374;8568;8683;6.39;0.39;270.05;8.49;982;27;2956.00;115
7588;26;624675312;7588;363;8569;8683;6.51;0.40;270.08;8.49;981;27;2957.00;114
7589;26;624675326;7589;354;8571;8683;6.64;0.40;270.09;8.49;982;27;2958.00;112
7591;26;624675339;7591;350;8572;8683;6.74;0.41;270.06;8.49;981;27;2959.00;111
7591;26;624675352;7591;341;8575;8684;6.87;0.42;270.06;8.49;984;27;2960.00;109
7592;26;624675366;7592;332;8576;8685;6.96;0.42;270.05;8.49;984;27;2961.00;109
7594;26;624675380;7594;326;8578;8685;7.07;0.43;270.09;8.49;984;27;2962.00;107
7597;26;624675395;7597;324;8584;8689;7.17;0.43;270.13;8.49;987;27;2963.00;105
7597;26;624675415;7597;325;8587;8689;7.32;0.44;270.13;8.49;990;27;2964.00;102
7601;26;624675429;7601;324;8589;8689;7.36;0.45;270.13;8.49;988;27;2965.00;100
7601;26;624675443;7601;321;8589;8689;7.39;0.45;270.13;8.49;988;27;2966.00;100
7606;26;624675456;7606;321;8593;8695;7.45;0.45;270.10;8.49;987;27;2967.00;102
7607;26;624675474;7607;320;8593;8695;7.53;0.46;270.11;8.49;986;27;2968.00;102
7607;27;624675489;7607;319;8593;8695;7.58;0.46;270.11;8.49;986;28;2969.00;102
7609;27;624675514;7609;316;8597;8701;7.69;0.46;270.18;8.48;988;28;2970.00;104
7610;27;624675528;7610;315;8597;8701;7.70;0.47;270.18;8.48;987;28;2971.00;104
7610;27;624675542;7610;312;8599;8701;7.72;0.47;270.18;8.48;989;28;2972.00;102
7610;27;624675561;7610;311;8599;8702;7.77;0.47;270.18;8.48;989;28;2973.00;103
7611;27;624675574;7611;318;8600;8703;7.80;0.47;270.14;8.48;989;28;2974.00;103
7612;27;624675588;7612;313;8601;8703;7.84;0.48;270.14;8.59;989;28;2975.00;102
7613;27;624675609;7613;309;8610;8716;7.91;0.48;270.19;8.58;997;28;2976.00;106
7613;27;624675621;7613;299;8610;8716;7.95;0.48;270.19;8.58;997;28;2977.00;106
7615;27;624675634;7615;298;8610;8716;8.01;0.49;270.19;8.58;995;28;2978.00;106
7616;27;624675646;7616;293;8611;8717;8.09;0.49;270.17;8.58;995;28;2979.00;106
7618;27;624675659;7618;293;8611;8717;8.12;0.49;270.19;8.58;993;28;2980.00;106
7621;27;624675671;7621;290;8614;8721;8.17;0.50;270.18;8.58;993;28;2981.00;107
7623;27;624675684;7623;285;8614;8721;8.19;0.50;270.15;8.58;991;28;2982.00;107
7627;27;624675696;7627;280;8617;8725;8.17;0.50;270.20;8.58;990;28;2983.00;108
7628;27;624675709;7628;279;8617;8725;8.24;0.50;270.24;8.58;989;28;2984.00;108
7629;27;624675721;7629;278;8617;8725;8.33;0.51;270.29;8.58;988;28;2985.00;108
7632;27;624675732;7632;271;8617;8725;8.36;0.51;270.39;8.58;985;28;2986.00;108
7636;27;624675744;7636;269;8617;8725;8.36;0.51;270.38;8.58;981;28;2987.00;108
7640;27;624675756;7640;266;8627;8737;8.38;0.51;270.41;8.57;987;28;2988.00;110
7642;27;624675769;7642;262;8628;8737;8.32;0.51;270.44;8.57;986;28;2989.00;109
7646;27;624675781;7646;259;8629;8737;8.24;0.50;270.44;8.57;983;28;2990.00;108
7647;27;624675793;7647;262;8629;8737;8.18;0.50;270.43;8.57;982;28;2991.00;108
7652;27;624675805;7652;261;8629;8737;8.13;0.49;270.46;8.57;977;28;2992.00;108
7658;27;624675817;7658;256;8629;8737;8.09;0.49;270.53;8.57;971;28;2993.00;108
7662;27;624675828;7662;251;8631;8738;8.05;0.49;270.54;8.58;969;28;2994.00;107
7665;27;624675841;7665;241;8633;8738;8.08;0.49;270.61;8.60;968;28;2995.00;105
7673;27;624675860;7673;238;8637;8744;8.11;0.49;270.68;8.60;964;28;2996.00;107
7674;27;624675873;7674;234;8637;8745;8.22;0.50;270.67;8.60;963;28;2997.00;108
7680;27;624675886;7680;230;8638;8745;8.30;0.50;270.70;8.60;958;28;2998.00;107
7684;27;624675901;7684;224;8638;8745;8.40;0.51;270.71;8.60;954;28;2999.00;107
7687;27;624675917;7687;221;8643;8765;8.47;0.51;270.70;8.59;956;28;3000.00;122
7689;27;624675937;7689;216;8643;8765;8.61;0.52;270.70;8.59;954;28;3001.00;122
7691;27;624675951;7691;213;8644;8765;8.68;0.53;270.76;8.73;953;28;3002.00;121
7694;27;624675964;7694;200;8645;8766;8.72;0.53;270.75;8.73;951;28;3003.00;121
7697;27;624675978;7697;202;8648;8770;8.79;0.53;270.69;8.73;951;28;3004.00;122
7702;27;624675992;7702;203;8649;8770;8.86;0.54;270.75;8.73;947;28;3005.00;121
7706;27;624676006;7706;203;8653;8773;8.85;0.54;270.70;8.84;947;28;3006.00;120
7710;27;624676020;7710;204;8655;8773;8.89;0.54;270.69;8.85;945;28;3007.00;118
7714;27;624676033;7714;198;8657;8773;8.94;0.54;270.77;8.86;943;28;3008.00;116
7718;27;624676046;7718;199;8658;8773;8.92;0.54;270.80;8.86;940;28;3009.00;115
7722;27;624676060;7722;204;8663;8777;8.99;0.55;270.82;8.87;941;28;3010.00;114
7725;27;624676074;7725;203;8664;8777;9.03;0.55;270.89;8.88;939;28;3011.00;113
7728;27;624676087;7728;203;8666;8777;9.02;0.55;270.93;8.88;938;28;3012.00;111
7731;27;624676101;7731;208;8671;8777;9.00;0.55;270.95;8.88;940;28;3013.00;106
7734;27;624676113;7734;206;8671;8778;8.91;0.54;270.99;8.88;937;28;3014.00;107
7737;27;624676126;7737;209;8674;8780;8.84;0.53;270.96;8.88;937;28;3015.00;106
7739;27;624676140;7739;213;8674;8780;8.72;0.53;271.06;8.88;935;28;3016.00;106
7741;27;624676152;7741;210;8675;8781;8.66;0.52;271.06;8.88;934;28;3017.00;106
7743;27;624676166;7743;215;8677;8781;8.58;0.52;271.15;8.88;934;28;3018.00;104
7746;27;624676180;7746;217;8678;8781;8.49;0.52;271.16;8.89;932;28;3019.00;103
7748;27;624676193;7748;218;8679;8781;8.43;0.51;271.19;8.91;931;28;3020.00;102
7750;27;624676206;7750;221;8679;8781;8.43;0.51;271.26;8.91;929;28;3021.00;102
7753;27;624676219;7753;219;8680;8781;8.37;0.51;271.37;8.92;927;28;3022.00;101
7753;27;624676231;7753;224;8681;8781;8.32;0.51;271.37;8.93;928;28;3023.00;100
7754;27;624676244;7754;255;8750;8908;8.21;0.51;271.37;8.88;996;28;3024.00;158
7755;27;624676269;7755;250;8755;8909;8.16;0.50;271.36;8.88;1000;28;3025.00;154
7758;27;624676283;7758;239;8765;8909;8.15;0.50;271.43;8.89;1007;28;3026.00;144
7762;27;624676296;7762;244;8770;8909;8.12;0.50;271.50;8.89;1008;28;3027.00;139
7763;27;624676309;7763;245;8775;8909;8.16;0.50;271.49;8.90;1012;28;3028.00;134
7767;27;624676322;7767;243;8777;8909;8.12;0.50;271.66;8.90;1010;28;3029.00;132
7767;27;624676337;7767;246;8782;8909;8.12;0.50;271.66;8.92;1015;28;3030.00;127
7771;27;624676351;7771;245;8785;8909;8.12;0.50;271.78;8.93;1014;28;3031.00;124
7774;27;624676364;7774;250;8788;8910;8.16;0.50;271.75;8.93;1014;28;3032.00;122
7778;27;624676378;7778;264;8791;8911;8.24;0.50;271.87;8.93;1013;28;3033.00;120
7779;27;624676392;7779;265;8795;8911;8.28;0.51;271.91;8.95;1016;28;3034.00;116
7782;27;624676404;7782;273;8796;8912;8.22;0.50;271.93;8.95;1014;28;3035.00;116
7786;27;624676418;7786;274;8804;8912;8.13;0.50;272.11;8.97;1018;28;3036.00;108
7792;27;624676431;7792;270;8810;8912;7.99;0.49;272.14;9.00;1018;28;3037.00;102
7795;27;624676445;7795;283;8812;8912;7.88;0.48;272.15;9.00;1017;28;3038.00;100
7799;27;624676457;7799;287;8817;8916;7.84;0.48;272.17;9.00;1018;28;3039.00;99
7803;27;624676476;7803;285;8818;8916;7.73;0.48;272.32;9.00;1015;28;3040.00;98
7806;27;624676497;7806;291;8820;8916;7.64;0.47;272.33;9.01;1014;28;3041.00;96
7810;27;624676515;7810;297;8823;8919;7.57;0.47;272.43;9.01;1013;28;3042.00;96
7812;27;624676539;7812;298;8826;8919;7.52;0.46;272.56;9.02;1014;28;3043.00;93
7815;27;624676557;7815;299;8827;8919;7.55;0.46;272.58;9.02;1012;28;3044.00;92
7819;27;624676576;7819;309;8831;8923;7.49;0.46;272.64;9.03;1012;28;3045.00;92
7824;27;624676593;7824;314;8833;8924;7.45;0.46;272.63;9.03;1009;28;3046.00;91
7829;27;624676608;7829;312;8834;8924;7.40;0.45;272.66;9.03;1005;28;3047.00;90
7834;27;624676623;7834;317;8838;8928;7.38;0.45;272.80;9.03;1004;28;3048.00;90
7838;27;624676638;7838;318;8838;8928;7.30;0.45;272.82;9.03;1000;28;3049.00;90
7841;27;624676652;7841;320;8839;8928;7.22;0.44;272.93;9.04;998;28;3050.00;89
7846;27;624676666;7846;313;8841;8929;7.12;0.43;272.98;9.04;995;28;3051.00;88
7848;27;624676679;7848;315;8842;8929;7.04;0.43;273.09;9.04;994;28;3052.00;87
7851;27;624676697;7851;319;8850;8935;6.97;0.43;273.13;9.05;999;28;3053.00;85
7856;27;624676711;7856;314;8850;8935;6.84;0.42;273.18;9.05;994;28;3054.00;85
7858;27;624676724;7858;313;8851;8936;6.72;0.41;273.17;9.05;993;28;3055.00;85
7860;27;624676735;7860;324;8851;8936;6.59;0.40;273.21;9.05;991;28;3056.00;85
7864;27;624676748;7864;326;8851;8936;6.42;0.39;273.18;9.05;987;28;3057.00;85
7867;27;624676761;7867;329;8852;8936;6.25;0.38;273.22;9.06;985;28;3058.00;84
7873;27;624676773;7873;341;8854;8936;6.06;0.37;273.37;9.07;981;28;3059.00;82
7876;27;624676786;7876;338;8880;8972;6.11;0.38;273.39;9.04;1004;28;3060.00;92
7879;27;624676801;7879;345;8881;8972;6.02;0.37;273.39;9.04;1002;28;3061.00;91
7885;27;624676813;7885;343;8886;8972;5.97;0.37;273.45;9.04;1001;28;3062.00;86
7888;27;624676825;7888;345;8886;8972;5.92;0.37;273.52;9.04;998;28;3063.00;86
7891;27;624676837;7891;346;8888;8972;5.89;0.36;273.62;9.04;997;28;3064.00;84
7893;27;624676849;7893;347;8889;8972;5.85;0.36;273.59;9.05;996;28;3065.00;83
7893;27;624676861;7893;355;8893;8976;5.83;0.36;273.59;9.04;1000;28;3066.00;83
7897;27;624676872;7897;356;8894;8976;5.81;0.36;273.64;9.05;997;28;3067.00;82
7897;27;624676884;7897;356;8899;8980;5.82;0.36;273.64;9.05;1002;28;3068.00;81
7902;27;624676899;7902;367;8900;8981;5.78;0.36;273.73;9.05;998;28;3069.00;81
7903;27;624676914;7903;378;8901;8981;5.73;0.35;273.75;9.05;998;28;3070.00;80
7904;27;624676928;7904;380;8901;8981;5.69;0.35;273.78;9.05;997;28;3071.00;80
7907;27;624676939;7907;382;8912;8994;5.75;0.36;273.83;9.04;1005;28;3072.00;82
7914;27;624676953;7914;382;8912;8994;5.66;0.35;273.92;9.04;998;28;3073.00;82
7918;27;624676965;7918;388;8912;8994;5.65;0.35;273.95;9.04;994;28;3074.00;82
7921;27;624676978;7921;393;8913;8995;5.65;0.35;273.93;9.04;992;28;3075.00;82
7927;27;624676989;7927;394;8913;8996;5.64;0.35;273.92;9.04;986;28;3076.00;83
7928;27;624677001;7928;398;8913;8996;5.66;0.35;273.94;9.04;985;28;3077.00;83
7932;27;624677014;7932;392;8915;8999;5.65;0.35;273.88;9.04;983;28;3078.00;84
7938;27;624677026;7938;389;8915;8999;5.56;0.34;273.88;9.04;977;28;3079.00;84
7940;27;624677039;7940;387;8916;8999;5.54;0.34;273.88;9.03;976;28;3080.00;83
7944;27;624677050;7944;388;8916;8999;5.48;0.34;273.84;9.03;972;28;3081.00;83
7946;27;624677062;7946;396;8921;9005;5.48;0.34;273.94;9.03;975;28;3082.00;84
7948;27;624677073;7948;399;8921;9005;5.49;0.34;273.90;9.03;973;28;3083.00;84
7952;27;624677085;7952;399;8921;9005;5.44;0.33;273.93;9.03;969;28;3084.00;84
7956;27;624677097;7956;409;8921;9005;5.38;0.33;273.91;9.03;965;28;3085.00;84
7963;27;624677108;7963;410;8924;9009;5.30;0.32;273.92;9.03;961;28;3086.00;85
7965;27;624677120;7965;407;8925;9010;5.23;0.32;273.90;9.03;960;28;3087.00;85
7967;27;624677138;7967;415;8925;9010;5.09;0.31;273.93;9.03;958;28;3088.00;85
7974;27;624677149;7974;424;8926;9011;4.99;0.31;273.86;9.03;952;28;3089.00;85
7978;27;624677163;7978;426;8926;9011;4.91;0.30;273.81;9.03;948;28;3090.00;85
7982;27;624677174;7982;438;8926;9011;4.83;0.29;273.76;9.03;944;28;3091.00;85
7982;27;624677185;7982;440;8926;9011;4.81;0.29;273.76;9.03;944;28;3092.00;85
7987;27;624677196;7987;444;8926;9011;4.77;0.29;273.74;9.03;939;28;3093.00;85
7989;27;624677207;7989;447;8926;9011;4.75;0.29;273.72;9.03;937;28;3094.00;85
7993;27;624677218;7993;455;8926;9011;4.70;0.29;273.68;9.03;933;28;3095.00;85
7995;27;624677229;7995;465;8964;9081;4.81;0.30;273.66;8.99;969;28;3096.00;117
7998;27;624677247;7998;460;8965;9082;4.76;0.29;273.73;8.99;967;28;3097.00;117
8001;27;624677259;8001;459;8972;9082;4.87;0.30;273.69;8.98;971;28;3098.00;110
8005;27;624677272;8005;458;8973;9082;4.84;0.30;273.65;8.98;968;28;3099.00;109
8006;27;624677290;8006;464;8975;9082;4.84;0.30;273.66;8.98;969;28;3100.00;107
8007;27;624677306;8007;472;8976;9082;4.86;0.30;273.65;8.98;969;28;3101.00;106
8010;27;624677318;8010;469;8978;9082;4.86;0.30;273.60;8.98;968;28;3102.00;104
8011;27;624677328;8011;470;8980;9082;4.90;0.30;273.60;8.98;969;28;3103.00;102
8012;27;624677340;8012;472;8982;9083;4.93;0.30;273.59;8.98;970;28;3104.00;101
8012;27;624677351;8012;470;8985;9085;4.96;0.30;273.59;8.98;973;28;3105.00;100
8012;27;624677362;8012;481;8987;9085;4.95;0.30;273.59;8.98;975;28;3106.00;98
8015;27;624677373;8015;463;8992;9089;4.98;0.31;273.59;8.97;977;28;3107.00;97
8020;27;624677386;8020;445;8995;9089;4.98;0.31;273.58;9.09;975;28;3108.00;94
8021;27;624677399;8021;435;8996;9089;5.09;0.31;273.66;9.10;975;28;3109.00;93
8021;27;624677412;8021;421;8997;9089;5.15;0.32;273.66;9.10;976;28;3110.00;92
8022;27;624677424;8022;415;9002;9095;5.29;0.33;273.65;9.09;980;28;3111.00;93
8024;27;624677437;8024;411;9003;9095;5.45;0.34;273.62;9.09;979;28;3112.00;92
8029;27;624677450;8029;413;9004;9095;5.50;0.34;273.58;9.09;975;28;3113.00;91
8030;27;624677470;8030;411;9006;9098;5.60;0.34;273.56;9.09;976;28;3114.00;92
8032;27;624677484;8032;407;9006;9098;5.63;0.35;273.52;9.09;974;28;3115.00;92
8032;27;624677497;8032;393;9007;9098;5.73;0.35;273.52;9.09;975;28;3116.00;91
8032;27;624677510;8032;377;9007;9099;5.82;0.36;273.52;9.09;975;28;3117.00;92
8035;27;624677524;8035;364;9008;9100;5.93;0.36;273.47;9.09;973;28;3118.00;92
8036;27;624677542;8036;353;9008;9100;6.04;0.37;273.46;9.09;972;28;3119.00;92
8040;27;624677563;8040;341;9027;9126;6.29;0.39;273.46;9.07;987;28;3120.00;99
8043;27;624677579;8043;334;9027;9126;6.43;0.39;273.47;9.07;984;28;3121.00;99
8044;27;624677598;8044;325;9030;9126;6.57;0.40;273.45;9.07;986;28;3122.00;96
8046;27;624677611;8046;322;9032;9127;6.68;0.41;273.41;9.19;986;28;3123.00;95
8047;27;624677625;8047;319;9032;9127;6.76;0.41;273.40;9.19;985;28;3124.00;95
8048;27;624677638;8048;314;9036;9131;6.86;0.42;273.38;9.18;988;28;3125.00;95
8049;27;624677652;8049;316;9036;9131;6.97;0.42;273.37;9.18;987;28;3126.00;95
8051;27;624677665;8051;310;9039;9135;7.03;0.43;273.42;9.18;988;28;3127.00;96
8053;27;624677679;8053;308;9039;9135;7.13;0.43;273.48;9.18;986;28;3128.00;96
8060;27;624677692;8060;298;9039;9135;7.18;0.43;273.54;9.18;979;28;3129.00;96
8061;27;624677705;8061;298;9039;9135;7.23;0.44;273.53;9.18;978;28;3130.00;96
8063;27;624677718;8063;290;9039;9135;7.31;0.44;273.61;9.18;976;28;3131.00;96
8065;27;624677732;8065;285;9049;9147;7.48;0.45;273.61;9.17;984;28;3132.00;98
8066;27;624677747;8066;281;9049;9147;7.55;0.46;273.59;9.17;983;28;3133.00;98
8069;27;624677761;8069;276;9050;9147;7.68;0.47;273.71;9.17;981;28;3134.00;97
8070;27;624677775;8070;270;9050;9147;7.74;0.47;273.72;9.17;980;28;3135.00;97
8073;27;624677789;8073;269;9050;9147;7.82;0.48;273.75;9.17;977;28;3136.00;97
8075;27;624677802;8075;259;9050;9147;7.85;0.48;273.85;9.17;975;28;3137.00;97
8077;27;624677816;8077;257;9050;9148;7.82;0.48;273.90;9.17;973;28;3138.00;98
8079;27;624677835;8079;256;9050;9148;7.88;0.48;273.89;9.17;971;28;3139.00;98
8085;27;624677849;8085;254;9055;9154;7.86;0.48;273.94;9.17;970;28;3140.00;99
8086;27;624677863;8086;255;9056;9155;7.89;0.48;273.94;9.16;970;28;3141.00;99
8088;27;624677877;8088;249;9056;9155;7.89;0.48;273.99;9.16;968;28;3142.00;99
8089;27;624677898;8089;247;9056;9155;7.90;0.48;274.00;9.16;967;28;3143.00;99
8092;27;624677912;8092;241;9059;9159;7.96;0.48;274.07;9.16;967;28;3144.00;100
8094;27;624677932;8094;241;9059;9159;7.99;0.48;274.13;9.16;965;28;3145.00;100
8095;27;624677946;8095;242;9059;9159;8.09;0.49;274.17;9.16;964;28;3146.00;100
8096;27;624677960;8096;239;9060;9160;8.19;0.49;274.16;9.16;964;28;3147.00;100
8096;27;624677978;8096;232;9063;9164;8.23;0.50;274.16;9.16;967;28;3148.00;101
8098;27;624677991;8098;234;9063;9164;8.28;0.50;274.23;9.16;965;28;3149.00;101
8100;27;624678007;8100;224;9067;9170;8.36;0.51;274.30;9.15;967;28;3150.00;103
8102;27;624678022;8102;220;9068;9170;8.43;0.51;274.37;9.27;966;28;3151.00;102
8104;27;624678035;8104;218;9070;9170;8.52;0.51;274.35;9.27;966;28;3152.00;100
8108;27;624678049;8108;217;9070;9170;8.51;0.51;274.47;9.27;962;28;3153.00;100
8110;27;624678062;8110;213;9074;9174;8.55;0.52;274.47;9.26;964;28;3154.00;100
8114;27;624678077;8114;213;9074;9174;8.59;0.52;274.44;9.26;960;28;3155.00;100
8116;27;624678090;8116;217;9074;9174;8.59;0.52;274.47;9.26;958;28;3156.00;100
8117;27;624678104;8117;222;9074;9174;8.57;0.52;274.47;9.26;957;28;3157.00;100
8118;27;624678118;8118;219;9074;9175;8.55;0.52;274.47;9.26;956;28;3158.00;101
8121;27;624678131;8121;217;9075;9176;8.53;0.52;274.52;9.26;954;28;3159.00;101
8124;27;624678145;8124;221;9075;9176;8.48;0.51;274.49;9.26;951;28;3160.00;101
8127;27;624678157;8127;221;9076;9177;8.49;0.51;274.57;9.26;949;28;3161.00;101
8130;27;624678170;8130;212;9076;9177;8.48;0.51;274.68;9.26;946;28;3162.00;101
8135;27;624678183;8135;209;9076;9177;8.47;0.51;274.69;9.26;941;28;3163.00;101
8139;27;624678196;8139;214;9077;9177;8.44;0.51;274.72;9.28;938;28;3164.00;100
8142;27;624678210;8142;218;9078;9177;8.46;0.51;274.82;9.29;936;28;3165.00;99
8145;27;624678222;8145;213;9078;9177;8.46;0.51;274.87;9.29;933;28;3166.00;99
8148;27;624678235;8148;216;9078;9177;8.41;0.51;274.88;9.29;930;28;3167.00;99
8153;27;624678247;8153;233;9143;9304;8.35;0.51;274.84;9.22;990;28;3168.00;161
8157;27;624678273;8157;224;9147;9305;8.38;0.52;274.87;9.22;990;28;3169.00;158
8160;27;624678286;8160;214;9152;9305;8.45;0.52;274.91;9.22;992;28;3170.00;153
8164;27;624678300;8164;208;9154;9305;8.47;0.52;274.96;9.21;990;28;3171.00;151
8169;27;624678313;8169;207;9158;9305;8.52;0.52;275.00;9.21;989;28;3172.00;147
8170;27;624678326;8170;198;9161;9305;8.59;0.53;275.00;9.21;991;28;3173.00;144
8175;27;624678338;8175;193;9162;9305;8.58;0.53;275.05;9.21;987;28;3174.00;143
8178;27;624678352;8178;190;9165;9305;8.59;0.53;275.13;9.21;987;28;3175.00;140
8180;27;624678366;8180;187;9169;9306;8.63;0.53;275.13;9.21;989;28;3176.00;137
8184;27;624678379;8184;186;9172;9307;8.64;0.53;275.24;9.21;988;28;3177.00;135
8187;27;624678400;8187;190;9177;9307;8.73;0.53;275.19;9.21;990;28;3178.00;130
8191;27;624678416;8191;187;9179;9308;8.70;0.53;275.23;9.21;988;28;3179.00;129
8192;27;624678431;8192;190;9186;9308;8.68;0.53;275.26;9.22;994;28;3180.00;122
8197;27;624678443;8197;194;9187;9308;8.55;0.52;275.21;9.22;990;28;3181.00;121
8200;27;624678456;8200;189;9189;9308;8.47;0.52;275.30;9.23;989;28;3182.00;119
8204;27;624678470;8204;194;9192;9312;8.46;0.52;275.25;9.22;988;28;3183.00;120
8206;27;624678492;8206;205;9194;9312;8.49;0.52;275.35;9.22;988;28;3184.00;118
8207;27;624678512;8207;210;9196;9312;8.43;0.52;275.33;9.24;989;28;3185.00;116
8210;27;624678536;8210;218;9199;9315;8.44;0.52;275.37;9.24;989;28;3186.00;116
8211;27;624678557;8211;225;9199;9315;8.41;0.51;275.40;9.24;988;28;3187.00;116
8215;27;624678577;8215;228;9200;9315;8.38;0.51;275.39;9.24;985;28;3188.00;115
8218;27;624678593;8218;230;9205;9319;8.35;0.51;275.45;9.25;987;28;3189.00;114
8221;27;624678607;8221;234;9207;9320;8.34;0.51;275.55;9.26;986;28;3190.00;113
8222;27;624678620;8222;239;9210;9322;8.35;0.51;275.55;9.26;988;28;3191.00;112
8226;27;624678635;8226;244;9215;9326;8.36;0.51;275.59;9.27;989;28;3192.00;111
8226;27;624678648;8226;243;9215;9326;8.34;0.51;275.59;9.27;989;28;3193.00;111
8231;27;624678662;8231;251;9217;9326;8.25;0.51;275.66;9.28;986;28;3194.00;109
8235;27;624678675;8235;250;9220;9328;8.20;0.50;275.78;9.29;985;28;3195.00;108
8237;27;624678689;8237;251;9223;9328;8.16;0.50;275.82;9.31;986;28;3196.00;105
8239;27;624678702;8239;256;9229;9334;8.12;0.50;275.85;9.31;990;28;3197.00;105
8244;27;624678716;8244;258;9230;9334;8.02;0.49;275.83;9.32;986;28;3198.00;104
8247;27;624678729;8247;258;9232;9335;7.91;0.48;275.96;9.32;985;28;3199.00;103
8252;27;624678744;8252;266;9234;9335;7.77;0.48;275.98;9.33;982;28;3200.00;101
8255;27;624678762;8255;267;9236;9335;7.66;0.47;276.04;9.34;981;28;3201.00;99
8258;27;624678776;8258;271;9236;9335;7.57;0.46;276.05;9.34;978;28;3202.00;99
8262;27;624678789;8262;274;9236;9335;7.47;0.46;276.02;9.34;974;28;3203.00;99
8263;27;624678801;8263;281;9247;9347;7.50;0.46;276.02;9.35;984;28;3204.00;100
8265;27;624678814;8265;283;9249;9347;7.47;0.46;276.00;9.37;984;28;3205.00;98
8269;27;624678826;8269;289;9252;9347;7.40;0.45;276.11;9.38;983;28;3206.00;95
8272;27;624678839;8272;293;9252;9347;7.32;0.45;276.12;9.38;980;28;3207.00;95
8276;27;624678850;8276;302;9252;9347;7.21;0.44;276.19;9.38;976;28;3208.00;95
8277;27;624678862;8277;301;9255;9347;7.15;0.44;276.24;9.41;978;28;3209.00;92
8280;27;624678876;8280;300;9258;9351;7.02;0.43;276.36;9.41;978;28;3210.00;93
8283;27;624678889;8283;295;9259;9351;6.99;0.43;276.41;9.41;976;28;3211.00;92
8286;27;624678900;8286;296;9265;9355;6.94;0.42;276.40;9.42;979;28;3212.00;90
8290;27;624678912;8290;297;9266;9356;6.85;0.42;276.39;9.42;976;28;3213.00;90
8293;27;624678923;8293;297;9266;9356;6.75;0.41;276.48;9.42;973;28;3214.00;90
8297;27;624678935;8297;301;9267;9356;6.68;0.41;276.56;9.43;970;28;3215.00;89
8299;27;624678946;8299;306;9279;9369;6.63;0.40;276.56;9.42;980;28;3216.00;90
8300;27;624678958;8300;310;9279;9369;6.60;0.40;276.64;9.42;979;28;3217.00;90
8301;27;624678970;8301;312;9281;9369;6.53;0.40;276.66;9.43;980;28;3218.00;88
8305;27;624678981;8305;318;9282;9370;6.49;0.39;276.68;9.43;977;28;3219.00;88
8308;27;624678992;8308;323;9285;9371;6.46;0.39;276.77;9.45;977;28;3220.00;86
8310;27;624679003;8310;329;9285;9371;6.41;0.39;276.76;9.45;975;28;3221.00;86
8313;27;624679014;8313;333;9288;9374;6.28;0.38;276.84;9.44;975;28;3222.00;86
8315;27;624679024;8315;339;9288;9374;6.22;0.38;276.83;9.44;973;28;3223.00;86
8316;27;624679034;8316;343;9289;9374;6.18;0.38;276.82;9.45;973;28;3224.00;85
8321;27;624679045;8321;350;9289;9374;6.03;0.37;276.75;9.45;968;28;3225.00;85
8325;27;624679055;8325;347;9297;9380;6.00;0.37;276.76;9.45;972;28;3226.00;83
8327;27;624679066;8327;351;9297;9380;5.95;0.36;276.78;9.45;970;28;3227.00;83
8331;27;624679076;8331;353;9299;9380;5.80;0.35;276.85;9.45;968;28;3228.00;81
8331;27;624679085;8331;358;9299;9380;5.71;0.35;276.85;9.45;968;28;3229.00;81
8336;27;624679095;8336;363;9303;9384;5.56;0.34;276.94;9.45;967;28;3230.00;81
8339;27;624679106;8339;356;9304;9385;5.47;0.34;276.91;9.45;965;28;3231.00;81
8344;27;624679115;8344;356;9306;9385;5.32;0.33;277.00;9.45;962;28;3232.00;79
8348;27;624679126;8348;361;9307;9386;5.23;0.32;277.01;9.45;959;28;3233.00;79
8351;27;624679135;8351;360;9308;9386;5.17;0.32;277.00;9.45;957;28;3234.00;78
8354;27;624679145;8354;365;9309;9386;5.14;0.32;276.99;9.46;955;28;3235.00;77
8358;27;624679155;8358;373;9309;9386;5.14;0.32;277.01;9.46;951;28;3236.00;77
8360;27;624679164;8360;370;9309;9386;5.22;0.32;277.04;9.46;949;28;3237.00;77
8363;27;624679175;8363;376;9309;9386;5.28;0.33;277.08;9.46;946;28;3238.00;77
8365;27;624679184;8365;366;9309;9386;5.33;0.33;277.10;9.46;944;28;3239.00;77
8372;27;624679196;8372;365;9361;9511;5.65;0.35;277.13;9.40;989;28;3240.00;150
8375;27;624679215;8375;362;9366;9512;5.68;0.35;277.06;9.40;991;28;3241.00;146
8378;27;624679227;8378;367;9378;9512;5.85;0.36;277.11;9.39;1000;28;3242.00;134
8382;27;624679237;8382;372;9381;9512;5.82;0.36;277.07;9.39;999;28;3243.00;131
8384;27;624679256;8384;373;9387;9512;5.86;0.36;277.07;9.38;1003;28;3244.00;125
8391;27;624679268;8391;372;9390;9512;5.76;0.36;277.08;9.38;999;28;3245.00;122
8393;27;624679279;8393;374;9396;9512;5.74;0.36;277.04;9.38;1003;28;3246.00;116
8398;27;624679289;8398;381;9400;9512;5.68;0.35;277.00;9.38;1002;28;3247.00;112
8404;27;624679299;8404;387;9406;9513;5.61;0.35;276.96;9.38;1002;28;3248.00;107
8407;27;624679310;8407;395;9409;9514;5.54;0.34;276.92;9.38;1002;28;3249.00;105
8410;27;624679321;8410;405;9414;9514;5.50;0.34;276.93;9.38;1004;28;3250.00;100
8412;27;624679331;8412;414;9419;9518;5.50;0.34;276.88;9.37;1007;28;3251.00;99
8414;27;624679342;8414;414;9419;9518;5.44;0.34;276.91;9.37;1005;28;3252.00;99
8418;27;624679358;8418;423;9419;9518;5.34;0.33;276.87;9.37;1001;28;3253.00;99
8419;27;624679368;8419;430;9419;9518;5.31;0.33;276.86;9.37;1000;28;3254.00;99
8424;27;624679379;8424;431;9424;9524;5.26;0.32;276.92;9.37;1000;28;3255.00;100
8429;27;624679399;8429;432;9424;9524;5.20;0.32;276.97;9.37;995;28;3256.00;100
8431;27;624679411;8431;435;9424;9524;5.16;0.32;276.96;9.37;993;28;3257.00;100
8438;27;624679423;8438;446;9426;9527;5.07;0.31;276.96;9.37;988;28;3258.00;101
8442;27;624679435;8442;438;9427;9527;5.03;0.31;276.94;9.48;985;28;3259.00;100
8444;27;624679447;8444;434;9427;9527;5.02;0.31;276.94;9.48;983;28;3260.00;100
8449;27;624679458;8449;432;9427;9528;4.97;0.30;276.95;9.48;978;28;3261.00;101
8452;27;624679471;8452;431;9428;9529;4.97;0.30;276.93;9.48;976;28;3262.00;101
8452;27;624679482;8452;430;9429;9529;4.97;0.30;276.93;9.48;977;28;3263.00;100
8457;27;624679494;8457;431;9439;9542;5.08;0.31;276.88;9.47;982;28;3264.00;103
8463;27;624679506;8463;429;9439;9542;5.04;0.31;276.81;9.47;976;28;3265.00;103
8464;27;624679527;8464;423;9439;9542;5.09;0.31;276.83;9.47;975;28;3266.00;103
8467;27;624679538;8467;423;9439;9543;5.13;0.31;276.89;9.47;972;28;3267.00;104
8467;27;624679548;8467;425;9440;9543;5.20;0.32;276.89;9.47;973;28;3268.00;103
8470;27;624679559;8470;423;9443;9547;5.22;0.32;276.86;9.47;973;28;3269.00;104
8470;27;624679571;8470;417;9444;9547;5.29;0.32;276.86;9.47;974;28;3270.00;103
8471;27;624679582;8471;422;9447;9551;5.40;0.33;276.87;9.46;976;28;3271.00;104
8472;27;624679593;8472;421;9447;9551;5.47;0.33;276.85;9.46;975;28;3272.00;104
8473;27;624679603;8473;420;9447;9551;5.53;0.34;276.87;9.46;974;28;3273.00;104
8475;27;624679613;8475;422;9448;9551;5.54;0.34;276.85;9.46;973;28;3274.00;103
8478;27;624679627;8478;419;9448;9551;5.58;0.34;276.81;9.46;970;28;3275.00;103
8478;27;624679638;8478;413;9458;9563;5.71;0.35;276.81;9.45;980;28;3276.00;105
8478;27;624679650;8478;404;9458;9563;5.79;0.35;276.81;9.45;980;28;3277.00;105
8478;27;624679661;8478;387;9459;9563;5.87;0.36;276.81;9.45;981;28;3278.00;104
8480;27;624679673;8480;378;9459;9563;5.90;0.36;276.86;9.45;979;28;3279.00;104
8481;27;624679683;8481;373;9459;9563;5.98;0.36;276.90;9.45;978;28;3280.00;104
8482;27;624679695;8482;360;9459;9563;6.05;0.37;276.95;9.45;977;28;3281.00;104
8483;27;624679707;8483;354;9459;9564;6.16;0.37;276.93;9.45;976;28;3282.00;105
8484;27;624679718;8484;352;9459;9564;6.24;0.38;276.99;9.45;975;28;3283.00;105
8488;27;624679730;8488;348;9465;9570;6.31;0.38;277.01;9.57;977;28;3284.00;105
8490;27;624679742;8490;347;9467;9572;6.39;0.39;277.03;9.57;977;28;3285.00;105
8492;27;624679754;8492;326;9467;9572;6.52;0.40;277.08;9.57;975;28;3286.00;105
8494;27;624679767;8494;314;9467;9572;6.68;0.41;277.07;9.57;973;28;3287.00;105
8498;27;624679779;8498;307;9470;9576;6.82;0.41;277.11;9.56;972;28;3288.00;106
8500;27;624679797;8500;299;9470;9576;6.99;0.42;277.09;9.56;970;28;3289.00;106
8502;27;624679810;8502;292;9470;9576;7.18;0.44;277.09;9.56;968;28;3290.00;106
8506;27;624679822;8506;284;9471;9577;7.34;0.44;277.09;9.56;965;28;3291.00;106
8507;27;624679835;8507;273;9474;9581;7.49;0.45;277.12;9.56;967;28;3292.00;107
8509;27;624679849;8509;269;9474;9581;7.63;0.46;277.12;9.56;965;28;3293.00;107
8510;27;624679862;8510;264;9476;9584;7.73;0.47;277.15;9.56;966;28;3294.00;108
8511;27;624679874;8511;258;9476;9584;7.79;0.47;277.17;9.56;965;28;3295.00;108
8514;27;624679892;8514;262;9477;9584;7.88;0.48;277.17;9.56;963;28;3296.00;107
8517;27;624679905;8517;257;9477;9584;7.98;0.48;277.21;9.56;960;28;3297.00;107
8518;27;624679918;8518;251;9481;9588;8.14;0.49;277.23;9.55;963;28;3298.00;107
8520;27;624679931;8520;245;9482;9588;8.26;0.50;277.22;9.67;962;28;3299.00;106
8523;27;624679946;8523;253;9487;9607;8.34;0.50;277.30;9.67;964;28;3300.00;120
8524;27;624679967;8524;248;9487;9607;8.46;0.51;277.32;9.67;963;28;3301.00;120
8526;27;624679980;8526;247;9487;9608;8.50;0.51;277.35;9.67;961;28;3302.00;121
8528;27;624679992;8528;247;9488;9609;8.56;0.52;277.37;9.66;960;28;3303.00;121
8531;27;624680005;8531;242;9488;9609;8.56;0.52;277.40;9.66;957;28;3304.00;121
8532;27;624680022;8532;242;9490;9610;8.55;0.52;277.41;9.66;958;28;3305.00;120
8537;27;624680035;8537;236;9491;9610;8.54;0.52;277.41;9.66;954;28;3306.00;119
8540;27;624680048;8540;235;9491;9610;8.53;0.52;277.53;9.66;951;28;3307.00;119
8540;27;624680060;8540;239;9493;9610;8.49;0.52;277.53;9.90;953;28;3308.00;117
8544;27;624680073;8544;239;9493;9610;8.52;0.52;277.58;9.90;949;28;3309.00;117
8549;27;624680085;8549;237;9493;9610;8.52;0.52;277.69;9.90;944;28;3310.00;117
8551;27;624680097;8551;239;9495;9610;8.51;0.51;277.69;9.90;944;28;3311.00;115
8556;27;624680109;8556;261;9564;9737;8.42;0.51;277.75;9.83;1008;28;3312.00;173
8558;27;624680131;8558;244;9564;9738;8.46;0.52;277.78;9.83;1006;28;3313.00;174
8560;27;624680145;8560;238;9568;9738;8.55;0.52;277.81;9.83;1008;28;3314.00;170
8562;27;624680157;8562;236;9570;9738;8.59;0.53;277.93;9.83;1008;28;3315.00;168
8562;27;624680172;8562;235;9575;9738;8.67;0.53;277.93;9.83;1013;28;3316.00;163
8564;27;624680187;8564;233;9577;9738;8.74;0.53;277.97;9.95;1013;28;3317.00;161
8566;27;624680206;8566;240;9581;9738;8.81;0.54;278.07;9.94;1015;28;3318.00;157
8568;27;624680228;8568;239;9583;9738;8.91;0.54;278.22;9.94;1015;28;3319.00;155
8569;27;624680244;8569;242;9587;9739;9.02;0.55;278.26;9.94;1018;28;3320.00;152
8575;27;624680257;8575;237;9588;9740;9.04;0.55;278.38;9.94;1013;28;3321.00;152
8577;27;624680270;8577;239;9593;9740;9.09;0.56;278.39;9.95;1016;28;3322.00;147
8580;27;624680283;8580;237;9595;9741;9.08;0.56;278.42;10.07;1015;28;3323.00;146
8583;27;624680296;8583;242;9597;9741;9.06;0.55;278.49;10.07;1014;28;3324.00;144
8584;27;624680309;8584;247;9600;9741;9.06;0.55;278.49;10.07;1016;28;3325.00;141
8588;27;624680322;8588;253;9601;9741;9.02;0.55;278.60;10.07;1013;28;3326.00;140
8590;27;624680335;8590;261;9604;9745;8.99;0.55;278.70;10.07;1014;28;3327.00;141
8591;27;624680349;8591;261;9606;9745;8.95;0.55;278.72;10.07;1015;28;3328.00;139
8594;27;624680367;8594;265;9607;9745;8.90;0.54;278.73;10.07;1013;28;3329.00;138
8595;27;624680381;8595;265;9612;9751;8.81;0.54;278.76;10.07;1017;28;3330.00;139
8596;27;624680394;8596;263;9614;9751;8.76;0.53;278.80;10.19;1018;28;3331.00;137
8601;27;624680407;8601;262;9616;9751;8.67;0.53;278.79;10.20;1015;28;3332.00;135
8604;27;624680420;8604;262;9622;9755;8.51;0.52;278.76;10.19;1018;28;3333.00;133
8607;27;624680433;8607;260;9625;9756;8.46;0.51;278.79;10.19;1018;28;3334.00;131
8610;27;624680446;8610;259;9630;9756;8.39;0.51;278.80;10.21;1020;28;3335.00;126
8616;27;624680460;8616;259;9633;9760;8.38;0.51;278.80;10.21;1017;28;3336.00;127
8621;27;624680477;8621;258;9634;9760;8.37;0.51;278.79;10.21;1013;28;3337.00;126
8624;27;624680496;8624;250;9635;9760;8.38;0.51;278.81;10.21;1011;28;3338.00;125
8629;27;624680516;8629;252;9636;9761;8.38;0.51;278.90;10.21;1007;28;3339.00;125
8635;27;624680542;8635;246;9638;9761;8.29;0.50;278.92;10.22;1003;28;3340.00;123
8638;27;624680565;8638;239;9642;9767;8.30;0.50;278.91;10.21;1004;28;3341.00;125
8641;27;624680588;8641;240;9643;9767;8.29;0.50;278.98;10.21;1002;28;3342.00;124
8643;27;624680604;8643;238;9645;9768;8.31;0.51;278.96;10.34;1002;28;3343.00;123
8643;27;624680620;8643;239;9645;9768;8.33;0.51;278.96;10.34;1002;28;3344.00;123
8647;27;624680644;8647;240;9646;9768;8.33;0.51;279.04;10.34;999;28;3345.00;122
8648;27;624680659;8648;243;9646;9768;8.29;0.51;279.06;10.34;998;28;3346.00;122
8655;27;624680673;8655;246;9647;9768;8.31;0.51;279.11;10.34;992;28;3347.00;121
8657;27;624680689;8657;253;9655;9780;8.35;0.51;279.11;10.33;998;28;3348.00;125
8659;27;624680704;8659;254;9657;9780;8.37;0.51;279.13;10.33;998;28;3349.00;123
8666;27;624680717;8666;260;9658;9780;8.31;0.51;279.16;10.33;992;28;3350.00;122
8671;27;624680731;8671;258;9660;9780;8.23;0.50;279.24;10.34;989;28;3351.00;120
8672;27;624680745;8672;265;9660;9780;8.14;0.50;279.23;10.34;988;28;3352.00;120
8677;27;624680758;8677;266;9660;9780;8.06;0.49;279.27;10.34;983;28;3353.00;120
8679;27;624680771;8679;268;9664;9784;7.96;0.48;279.29;10.34;985;28;3354.00;120
8682;27;624680785;8682;263;9665;9784;7.91;0.48;279.28;10.34;983;28;3355.00;119
8685;27;624680798;8685;262;9669;9788;7.92;0.48;279.30;10.34;984;28;3356.00;119
8687;27;624680811;8687;261;9671;9789;7.86;0.48;279.35;10.33;984;28;3357.00;118
8691;27;624680824;8691;274;9671;9789;7.78;0.47;279.30;10.33;980;28;3358.00;118
8694;27;624680837;8694;287;9671;9789;7.76;0.47;279.27;10.33;977;28;3359.00;118
8698;27;624680852;8698;294;9694;9818;7.69;0.47;279.30;10.32;996;28;3360.00;124
8700;27;624680868;8700;295;9695;9818;7.66;0.47;279.31;10.32;995;28;3361.00;123
8704;27;624680882;8704;306;9698;9818;7.64;0.47;279.30;10.33;994;28;3362.00;120
8706;27;624680896;8706;315;9699;9819;7.64;0.47;279.31;10.33;993;28;3363.00;120
8709;27;624680909;8709;322;9700;9820;7.59;0.46;279.43;10.34;991;28;3364.00;120
8710;27;624680922;8710;326;9701;9820;7.56;0.46;279.42;10.35;991;28;3365.00;119
8712;27;624680936;8712;328;9705;9823;7.52;0.46;279.43;10.37;993;28;3366.00;118
8713;27;624680949;8713;334;9706;9823;7.51;0.46;279.45;10.39;993;28;3367.00;117
8716;27;624680962;8716;336;9708;9823;7.41;0.45;279.43;10.39;992;28;3368.00;115
8719;27;624680975;8719;342;9709;9823;7.32;0.45;279.44;10.41;990;28;3369.00;114
8721;27;624680988;8721;351;9715;9829;7.32;0.45;279.56;10.41;994;28;3370.00;114
8724;27;624681002;8724;362;9715;9829;7.21;0.44;279.67;10.41;991;28;3371.00;114
8726;27;624681016;8726;363;9717;9829;7.09;0.43;279.72;10.43;991;28;3372.00;112
8729;27;624681029;8729;368;9719;9829;6.95;0.42;279.73;10.45;990;28;3373.00;110
8733;27;624681041;8733;370;9722;9833;6.75;0.41;279.80;10.45;989;28;3374.00;111
8734;27;624681053;8734;370;9726;9835;6.64;0.41;279.78;10.46;992;28;3375.00;109
8736;27;624681065;8736;379;9726;9835;6.47;0.40;279.84;10.46;990;28;3376.00;109
8736;27;624681077;8736;386;9727;9836;6.38;0.39;279.84;10.46;991;28;3377.00;109
8739;27;624681089;8739;397;9729;9836;6.26;0.39;279.84;10.48;990;28;3378.00;107
8742;27;624681101;8742;391;9729;9836;6.13;0.38;279.79;10.48;987;28;3379.00;107
8743;27;624681112;8743;391;9729;9836;6.07;0.37;279.76;10.48;986;28;3380.00;107
8746;27;624681124;8746;391;9729;9836;6.02;0.37;279.69;10.48;983;28;3381.00;107
8747;27;624681137;8747;389;9732;9836;6.02;0.37;279.68;10.50;985;28;3382.00;104
8749;27;624681148;8749;388;9732;9836;5.98;0.37;279.66;10.50;983;28;3383.00;104
8752;27;624681160;8752;395;9767;9906;6.09;0.38;279.62;10.47;1015;28;3384.00;139
8757;27;624681178;8757;392;9770;9907;5.99;0.37;279.53;10.47;1013;28;3385.00;137
8761;27;624681191;8761;399;9776;9907;5.93;0.36;279.50;10.46;1015;28;3386.00;131
8763;27;624681203;8763;399;9783;9907;5.88;0.36;279.47;10.46;1020;28;3387.00;124
8764;27;624681214;8764;399;9792;9907;5.86;0.36;279.48;10.48;1028;28;3388.00;115
8764;27;624681225;8764;412;9796;9907;5.91;0.36;279.48;10.49;1032;28;3389.00;111
8765;27;624681239;8765;413;9801;9907;5.90;0.36;279.46;10.50;1036;28;3390.00;106
8771;27;624681250;8771;420;9804;9907;5.84;0.36;279.43;10.50;1033;28;3391.00;103
8777;27;624681262;8777;421;9806;9908;5.78;0.35;279.34;10.50;1029;28;3392.00;102
8781;27;624681274;8781;430;9807;9909;5.73;0.35;279.34;10.50;1026;28;3393.00;102
8785;27;624681285;8785;430;9811;9909;5.58;0.34;279.27;10.51;1026;28;3394.00;98
8788;27;624681297;8788;437;9814;9913;5.43;0.33;279.24;10.50;1026;28;3395.00;99
8791;27;624681308;8791;442;9814;9913;5.29;0.33;279.25;10.50;1023;28;3396.00;99
8793;27;624681320;8793;451;9815;9913;5.19;0.32;279.26;10.51;1022;28;3397.00;98
8795;27;624681331;8795;456;9815;9913;5.09;0.31;279.22;10.51;1020;28;3398.00;98
8797;27;624681342;8797;466;9821;9919;5.04;0.31;279.24;10.51;1024;28;3399.00;98
8798;27;624681354;8798;460;9821;9919;5.02;0.31;279.26;10.51;1023;28;3400.00;98
8800;27;624681369;8800;453;9821;9919;5.02;0.31;279.26;10.51;1021;28;3401.00;98
8805;27;624681381;8805;450;9824;9922;4.98;0.31;279.25;10.51;1019;28;3402.00;98
8807;27;624681393;8807;451;9825;9922;4.95;0.31;279.21;10.52;1018;28;3403.00;97
8810;27;624681403;8810;448;9826;9922;4.92;0.30;279.24;10.52;1016;28;3404.00;96
8813;27;624681415;8813;447;9826;9923;4.84;0.30;279.28;10.52;1013;28;3405.00;97
8815;27;624681426;8815;453;9827;9924;4.87;0.30;279.26;10.52;1012;28;3406.00;97
8819;27;624681438;8819;450;9827;9924;4.87;0.30;279.20;10.52;1008;28;3407.00;97
8823;27;624681449;8823;446;9837;9937;4.93;0.30;279.18;10.51;1014;28;3408.00;100
8826;27;624681463;8826;446;9838;9937;5.01;0.31;279.15;10.51;1012;28;3409.00;99
8828;27;624681476;8828;441;9838;9937;5.10;0.31;279.19;10.51;1010;28;3410.00;99
8832;27;624681487;8832;430;9840;9938;5.12;0.31;279.16;10.64;1008;28;3411.00;98
8837;27;624681500;8837;422;9840;9938;5.19;0.32;279.08;10.64;1003;28;3412.00;98
8840;27;624681512;8840;415;9843;9942;5.31;0.32;279.09;10.63;1003;28;3413.00;99
8842;27;624681525;8842;412;9843;9942;5.40;0.33;279.06;10.63;1001;28;3414.00;99
8844;27;624681536;8844;411;9847;9946;5.50;0.34;279.06;10.63;1003;28;3415.00;99
8849;27;624681548;8849;405;9848;9946;5.53;0.34;279.05;10.63;999;28;3416.00;98
8850;27;624681565;8850;400;9848;9946;5.52;0.34;279.09;10.63;998;28;3417.00;98
8854;27;624681590;8854;396;9849;9946;5.50;0.34;279.04;10.63;995;28;3418.00;97
8858;27;624681602;8858;401;9849;9946;5.50;0.33;279.03;10.63;991;28;3419.00;97
8861;27;624681616;8861;398;9875;9980;5.72;0.35;279.05;10.60;1014;28;3420.00;105
8862;27;624681632;8862;399;9875;9980;5.74;0.35;279.07;10.60;1013;28;3421.00;105
8863;27;624681644;8863;399;9878;9980;5.78;0.35;279.09;10.60;1015;28;3422.00;102
8867;27;624681656;8867;392;9878;9980;5.75;0.35;279.10;10.60;1011;28;3423.00;102
8868;27;624681669;8868;390;9879;9980;5.78;0.35;279.09;10.60;1011;28;3424.00;101
8871;28;624681681;8871;389;9879;9980;5.82;0.36;279.10;10.60;1008;29;3425.00;101
8876;28;624681704;8876;387;9879;9981;5.80;0.35;279.14;10.60;1003;29;3426.00;102
8877;28;624681722;8877;392;9880;9981;5.79;0.35;279.17;10.73;1003;29;3427.00;101
8881;28;624681734;8881;385;9885;9987;5.77;0.35;279.20;10.72;1004;29;3428.00;102
8883;28;624681747;8883;390;9886;9988;5.74;0.35;279.14;10.72;1003;29;3429.00;102
8886;28;624681760;8886;397;9886;9988;5.71;0.35;279.19;10.72;1000;29;3430.00;102
8889;28;624681773;8889;392;9886;9988;5.69;0.35;279.23;10.72;997;29;3431.00;102
8889;28;624681785;8889;389;9889;9992;5.75;0.35;279.23;10.72;1000;29;3432.00;103
8894;28;624681798;8894;386;9889;9992;5.76;0.35;279.19;10.72;995;29;3433.00;103
8896;28;624681809;8896;386;9889;9992;5.80;0.35;279.19;10.72;993;29;3434.00;103
8898;28;624681820;8898;383;9890;9993;5.82;0.36;279.21;10.72;992;29;3435.00;103
8900;28;624681832;8900;379;9893;9997;5.86;0.36;279.29;10.71;993;29;3436.00;104
8904;28;624681844;8904;385;9893;9997;5.86;0.36;279.32;10.71;989;29;3437.00;104
8906;28;624681856;8906;382;9895;10000;5.88;0.36;279.35;10.71;989;29;3438.00;105
8910;28;624681869;8910;383;9895;10000;5.89;0.36;279.34;10.71;985;29;3439.00;105
8915;28;624681881;8915;390;9897;10000;5.82;0.36;279.45;10.84;982;29;3440.00;103
8918;28;624681893;8918;389;9897;10000;5.76;0.35;279.45;10.84;979;29;3441.00;103
8921;28;624681905;8921;394;9901;10004;5.79;0.35;279.46;10.84;980;29;3442.00;103
8924;28;624681918;8924;396;9901;10004;5.83;0.36;279.48;10.84;977;29;3443.00;103
8927;28;624681930;8927;395;9901;10004;5.83;0.36;279.53;10.84;974;29;3444.00;103
8929;28;624681942;8929;387;9901;10004;5.84;0.36;279.58;10.84;972;29;3445.00;103
8934;28;624681954;8934;388;9901;10005;5.81;0.35;279.60;10.84;967;29;3446.00;104
8936;28;624681966;8936;373;9903;10006;5.82;0.35;279.62;10.96;967;29;3447.00;103
8939;28;624681983;8939;362;9903;10006;5.81;0.35;279.72;10.96;964;29;3448.00;103
8944;28;624681995;8944;353;9904;10007;5.86;0.36;279.84;10.96;960;29;3449.00;103
8945;28;624682009;8945;344;9904;10007;5.98;0.36;279.85;10.96;959;29;3450.00;103
8948;28;624682021;8948;339;9905;10007;6.05;0.37;279.90;11.09;957;29;3451.00;102
8952;28;624682034;8952;333;9905;10007;6.17;0.38;279.96;11.09;953;29;3452.00;102
8954;28;624682046;8954;332;9905;10007;6.26;0.38;280.00;11.09;951;29;3453.00;102
8957;28;624682060;8957;324;9905;10007;6.35;0.39;280.09;11.09;948;29;3454.00;102
8959;28;624682073;8959;324;9905;10007;6.43;0.39;280.09;11.09;946;29;3455.00;102
8962;28;624682085;8962;328;9977;10134;6.75;0.42;280.13;11.01;1015;29;3456.00;157
8966;28;624682110;8966;308;9979;10135;6.89;0.42;280.23;11.01;1013;29;3457.00;156
8966;28;624682129;8966;294;9986;10135;7.07;0.44;280.23;11.00;1020;29;3458.00;149
8969;28;624682142;8969;282;9987;10135;7.17;0.44;280.29;11.00;1018;29;3459.00;148
8972;28;624682156;8972;269;9992;10135;7.34;0.45;280.35;11.00;1020;29;3460.00;143
8973;28;624682170;8973;260;9994;10135;7.47;0.46;280.37;11.00;1021;29;3461.00;141
8978;28;624682184;8978;249;9997;10135;7.56;0.46;280.41;11.00;1019;29;3462.00;138
8979;28;624682198;8979;258;10000;10135;7.66;0.47;280.44;11.00;1021;29;3463.00;135
8981;28;624682212;8981;261;10003;10136;7.70;0.47;280.45;10.99;1022;29;3464.00;133
8982;28;624682227;8982;263;10009;10138;7.74;0.48;280.43;10.99;1027;29;3465.00;129
8984;28;624682241;8984;260;10010;10138;7.78;0.48;280.48;10.99;1026;29;3466.00;128
8987;28;624682255;8987;266;10013;10139;7.81;0.48;280.54;10.99;1026;29;3467.00;126
8989;28;624682275;8989;269;10016;10139;7.76;0.48;280.59;10.99;1027;29;3468.00;123
8992;28;624682295;8992;268;10016;10139;7.77;0.48;280.63;10.99;1024;29;3469.00;123
8994;28;624682309;8994;273;10019;10139;7.78;0.48;280.70;10.99;1025;29;3470.00;120
8997;28;624682324;8997;279;10023;10143;7.79;0.48;280.69;10.99;1026;29;3471.00;120
9001;28;624682339;9001;276;10023;10143;7.89;0.48;280.70;10.99;1022;29;3472.00;120
9005;28;624682354;9005;274;10026;10143;7.95;0.49;280.89;10.99;1021;29;3473.00;117
9011;28;624682368;9011;276;10027;10146;7.98;0.49;280.95;10.99;1016;29;3474.00;119
9016;28;624682388;9016;276;10029;10146;8.01;0.49;281.05;10.99;1013;29;3475.00;117
9018;28;624682408;9018;280;10030;10146;8.06;0.49;281.08;10.99;1012;29;3476.00;116
9022;28;624682422;9022;277;10034;10150;8.07;0.49;281.23;10.99;1012;29;3477.00;116
9027;28;624682437;9027;284;10036;10151;8.04;0.49;281.20;10.99;1009;29;3478.00;115
9032;28;624682452;9032;284;10036;10151;8.11;0.49;281.31;10.99;1004;29;3479.00;115
9035;28;624682470;9035;286;10039;10156;8.19;0.50;281.37;10.98;1004;29;3480.00;117
9036;28;624682494;9036;280;10040;10156;8.22;0.50;281.43;10.98;1004;29;3481.00;116
9040;28;624682515;9040;278;10041;10156;8.26;0.50;281.47;10.98;1001;29;3482.00;115
9045;28;624682537;9045;277;10042;10157;8.34;0.51;281.53;10.98;997;29;3483.00;115
9046;28;624682559;9046;274;10042;10157;8.43;0.51;281.52;10.98;996;29;3484.00;115
9047;28;624682577;9047;265;10047;10163;8.49;0.52;281.56;10.98;1000;29;3485.00;116
9049;28;624682602;9049;264;10047;10163;8.52;0.52;281.60;10.98;998;29;3486.00;116
9051;28;624682620;9051;260;10047;10164;8.60;0.52;281.59;10.98;996;29;3487.00;117
9056;28;624682636;9056;259;10047;10164;8.64;0.52;281.63;10.98;991;29;3488.00;117
9058;28;624682652;9058;254;10047;10164;8.64;0.52;281.65;10.98;989;29;3489.00;117
9061;28;624682674;9061;249;10047;10164;8.66;0.53;281.68;10.98;986;29;3490.00;117
9062;28;624682690;9062;248;10047;10164;8.72;0.53;281.69;10.98;985;29;3491.00;117
9066;28;624682704;9066;251;10056;10176;8.73;0.53;281.76;10.97;990;29;3492.00;120
9069;28;624682720;9069;245;10056;10176;8.76;0.53;281.79;10.97;987;29;3493.00;120
9073;28;624682733;9073;247;10058;10176;8.80;0.53;281.86;10.97;985;29;3494.00;118
9076;28;624682748;9076;244;10058;10176;8.88;0.54;281.81;10.97;982;29;3495.00;118
9079;28;624682763;9079;244;10058;10176;8.86;0.54;281.95;10.97;979;29;3496.00;118
9082;28;624682778;9082;244;10058;10176;8.87;0.54;282.01;10.97;976;29;3497.00;118
9085;28;624682792;9085;246;10061;10180;8.80;0.53;282.04;10.96;976;29;3498.00;119
9087;28;624682806;9087;243;10062;10180;8.76;0.53;282.03;11.09;975;29;3499.00;118
9089;28;624682822;9089;241;10066;10184;8.72;0.53;282.01;11.09;977;29;3500.00;118
9092;28;624682840;9092;240;10067;10185;8.65;0.52;282.00;11.09;975;29;3501.00;118
9094;28;624682861;9094;232;10067;10185;8.57;0.52;282.04;11.09;973;29;3502.00;118
9099;28;624682874;9099;233;10067;10185;8.47;0.52;282.05;11.09;968;29;3503.00;118
9102;28;624682888;9102;230;10078;10198;8.43;0.51;282.17;11.08;976;29;3504.00;120
9109;28;624682903;9109;228;10079;10198;8.43;0.51;282.24;11.09;970;29;3505.00;119
9113;28;624682919;9113;223;10080;10198;8.37;0.51;282.32;11.10;967;29;3506.00;118
9116;28;624682932;9116;225;10081;10199;8.39;0.51;282.43;11.10;965;29;3507.00;118
9119;28;624682946;9119;215;10081;10200;8.40;0.51;282.45;11.10;962;29;3508.00;119
9123;28;624682960;9123;210;10081;10200;8.44;0.51;282.49;11.10;958;29;3509.00;119
9127;28;624682977;9127;210;10085;10206;8.48;0.52;282.47;11.10;958;29;3510.00;121
9130;28;624682992;9130;197;10085;10206;8.53;0.52;282.48;11.10;955;29;3511.00;121
9136;28;624683005;9136;192;10087;10206;8.55;0.52;282.52;11.10;951;29;3512.00;119
9140;28;624683019;9140;195;10087;10206;8.55;0.52;282.55;11.10;947;29;3513.00;119
9148;28;624683032;9148;196;10092;10212;8.55;0.52;282.58;11.09;944;29;3514.00;120
9148;28;624683046;9148;200;10092;10212;8.52;0.52;282.58;11.09;944;29;3515.00;120
9149;28;624683059;9149;206;10092;10212;8.49;0.52;282.60;11.09;943;29;3516.00;120
9151;28;624683072;9151;212;10093;10212;8.45;0.51;282.63;11.22;942;29;3517.00;119
9153;28;624683085;9153;211;10096;10216;8.37;0.51;282.67;11.22;943;29;3518.00;120
9157;28;624683099;9157;213;10099;10219;8.22;0.50;282.78;11.22;942;29;3519.00;120
9160;28;624683112;9160;209;10099;10219;8.12;0.49;282.77;11.22;939;29;3520.00;120
9162;28;624683126;9162;209;10100;10220;8.07;0.49;282.84;11.22;938;29;3521.00;120
9166;28;624683139;9166;218;10101;10220;8.00;0.49;282.80;11.23;935;29;3522.00;119
9169;28;624683152;9169;224;10101;10220;7.96;0.48;282.79;11.23;932;29;3523.00;119
9169;28;624683165;9169;233;10101;10220;8.01;0.49;282.79;11.23;932;29;3524.00;119
9172;28;624683177;9172;234;10101;10220;8.03;0.49;282.88;11.23;929;29;3525.00;119
9175;28;624683197;9175;242;10102;10220;8.02;0.49;282.89;11.24;927;29;3526.00;118
9176;28;624683210;9176;252;10102;10220;8.02;0.49;282.87;11.24;926;29;3527.00;118
9180;28;624683222;9180;262;10135;10290;8.08;0.49;282.81;11.20;955;29;3528.00;155
9180;28;624683245;9180;267;10136;10291;8.05;0.49;282.81;11.21;956;29;3529.00;155
9182;28;624683258;9182;269;10146;10291;8.04;0.49;282.85;11.22;964;29;3530.00;145
9185;28;624683271;9185;271;10149;10291;7.94;0.49;282.78;11.21;964;29;3531.00;142
9189;28;624683284;9189;278;10155;10291;7.87;0.48;282.82;11.22;966;29;3532.00;136
9191;28;624683297;9191;280;10157;10291;7.77;0.48;282.83;11.23;966;29;3533.00;134
9194;28;624683312;9194;278;10161;10291;7.68;0.47;282.79;11.24;967;29;3534.00;130
9195;28;624683324;9195;285;10165;10291;7.62;0.47;282.77;11.25;970;29;3535.00;126
9198;28;624683339;9198;289;10168;10292;7.59;0.46;282.80;11.25;970;29;3536.00;124
9202;28;624683352;9202;302;10172;10293;7.51;0.46;282.75;11.26;970;29;3537.00;121
9203;28;624683365;9203;304;10176;10293;7.44;0.45;282.76;11.27;973;29;3538.00;117
9207;28;624683380;9207;307;10182;10297;7.30;0.45;282.70;11.28;975;29;3539.00;115
9207;28;624683399;9207;308;10184;10297;7.19;0.44;282.70;11.27;977;29;3540.00;113
9207;28;624683414;9207;314;10185;10297;7.09;0.43;282.70;11.29;978;29;3541.00;112
9208;28;624683428;9208;318;10185;10297;6.99;0.43;282.68;11.29;977;29;3542.00;112
9208;28;624683440;9208;323;10192;10303;7.00;0.43;282.68;11.29;984;29;3543.00;111
9210;28;624683454;9210;323;10193;10303;6.94;0.43;282.66;11.31;983;29;3544.00;110
9211;28;624683466;9211;326;10193;10303;6.91;0.42;282.67;11.31;982;29;3545.00;110
9212;28;624683482;9212;332;10195;10306;6.85;0.42;282.65;11.30;983;29;3546.00;111
9216;28;624683495;9216;340;10196;10306;6.77;0.42;282.69;11.32;980;29;3547.00;110
9218;28;624683507;9218;346;10198;10306;6.71;0.41;282.65;11.33;980;29;3548.00;108
9221;28;624683521;9221;350;10201;10307;6.59;0.40;282.60;11.36;980;29;3549.00;106
9222;28;624683533;9222;349;10202;10308;6.50;0.40;282.59;11.36;980;29;3550.00;106
9225;28;624683545;9225;349;10203;10308;6.37;0.39;282.57;11.37;978;29;3551.00;105
9228;28;624683557;9228;355;10212;10321;6.30;0.39;282.51;11.36;984;29;3552.00;109
9230;28;624683570;9230;353;10216;10321;6.27;0.38;282.66;11.39;986;29;3553.00;105
9234;28;624683581;9234;355;10217;10321;6.24;0.38;282.63;11.38;983;29;3554.00;104
9234;28;624683592;9234;354;10219;10323;6.22;0.38;282.63;11.38;985;29;3555.00;104
9236;28;624683604;9236;362;10220;10323;6.17;0.38;282.59;11.39;984;29;3556.00;103
9238;28;624683615;9238;369;10224;10327;6.17;0.38;282.59;11.39;986;29;3557.00;103
9239;28;624683626;9239;370;10227;10327;6.13;0.37;282.57;11.41;988;29;3558.00;100
9240;28;624683637;9240;374;10230;10331;6.05;0.37;282.55;11.41;990;29;3559.00;101
9241;28;624683649;9241;379;10230;10331;6.03;0.37;282.52;11.41;989;29;3560.00;101
9243;28;624683660;9243;376;10231;10331;5.93;0.36;282.48;11.42;988;29;3561.00;100
9247;28;624683670;9247;374;10234;10331;5.80;0.35;282.51;11.44;987;29;3562.00;97
9251;28;624683681;9251;373;10234;10331;5.65;0.34;282.43;11.44;983;29;3563.00;97
9255;28;624683692;9255;367;10245;10343;5.62;0.34;282.39;11.43;990;29;3564.00;98
9258;28;624683704;9258;369;10245;10343;5.53;0.34;282.34;11.43;987;29;3565.00;98
9260;28;624683715;9260;367;10246;10343;5.42;0.33;282.36;11.43;986;29;3566.00;97
9262;28;624683725;9262;363;10249;10343;5.31;0.32;282.35;11.45;987;29;3567.00;94
9262;29;624683736;9262;357;10249;10343;5.25;0.32;282.35;11.45;987;30;3568.00;94
9265;29;624683757;9265;352;10250;10343;5.17;0.32;282.37;11.45;985;30;3569.00;93
9268;29;624683770;9268;346;10250;10344;5.19;0.32;282.37;11.45;982;30;3570.00;94
9271;29;624683781;9271;350;10252;10344;5.19;0.32;282.36;11.46;981;30;3571.00;92
9275;29;624683791;9275;344;10257;10350;5.26;0.32;282.39;11.46;982;30;3572.00;93
9277;29;624683802;9277;341;10259;10351;5.29;0.32;282.38;11.45;982;30;3573.00;92
9279;29;624683813;9279;339;10260;10351;5.35;0.33;282.35;11.46;981;30;3574.00;91
9282;29;624683824;9282;336;10260;10351;5.42;0.33;282.35;11.46;978;30;3575.00;91
9285;29;624683836;9285;341;10263;10355;5.49;0.33;282.35;11.45;978;30;3576.00;92
9286;29;624683848;9286;338;10263;10355;5.58;0.34;282.37;11.45;977;30;3577.00;92
9288;29;624683864;9288;335;10263;10355;5.64;0.34;282.39;11.45;975;30;3578.00;92
9290;29;624683875;9290;333;10264;10356;5.74;0.35;282.43;11.45;974;30;3579.00;92
9292;29;624683886;9292;333;10267;10360;5.84;0.36;282.45;11.45;975;30;3580.00;93
9295;29;624683898;9295;320;10267;10360;5.94;0.36;282.46;11.45;972;30;3581.00;93
9297;29;624683910;9297;317;10269;10363;6.03;0.37;282.47;11.45;972;30;3582.00;94
9298;29;624683921;9298;311;10269;10363;6.11;0.37;282.49;11.45;971;30;3583.00;94
9303;29;624683933;9303;310;10270;10363;6.14;0.37;282.55;11.45;967;30;3584.00;93
9306;29;624683944;9306;314;10270;10363;6.10;0.37;282.54;11.45;964;30;3585.00;93
9309;29;624683955;9309;312;10274;10367;6.17;0.38;282.56;11.44;965;30;3586.00;93
9313;29;624683968;9313;317;10274;10367;6.15;0.37;282.60;11.44;961;30;3587.00;93
9314;29;624683980;9314;313;10274;10367;6.14;0.37;282.58;11.44;960;30;3588.00;93
9320;29;624683991;9320;314;10274;10367;6.13;0.37;282.61;11.44;954;30;3589.00;93
9324;29;624684003;9324;325;10274;10368;6.12;0.37;282.61;11.44;950;30;3590.00;94
9326;29;624684015;9326;327;10275;10369;6.18;0.38;282.61;11.44;949;30;3591.00;94
9329;29;624684027;9329;322;10275;10369;6.25;0.38;282.66;11.44;946;30;3592.00;94
9336;29;624684038;9336;329;10276;10370;6.24;0.38;282.61;11.44;940;30;3593.00;94
9340;29;624684050;9340;320;10276;10370;6.23;0.38;282.64;11.44;936;30;3594.00;94
9343;29;624684062;9343;318;10276;10370;6.25;0.38;282.61;11.44;933;30;3595.00;94
9346;29;624684073;9346;317;10276;10370;6.23;0.38;282.67;11.44;930;30;3596.00;94
9348;29;624684085;9348;323;10276;10370;6.22;0.38;282.73;11.44;928;30;3597.00;94
9353;29;624684096;9353;320;10276;10370;6.19;0.38;282.78;11.44;923;30;3598.00;94
9358;29;624684107;9358;328;10276;10370;6.14;0.37;282.81;11.44;918;30;3599.00;94
9362;29;624684121;9362;365;10388;10623;6.40;0.40;282.82;11.32;1026;30;3600.00;235
9364;29;624684160;9364;355;10393;10624;6.42;0.40;282.84;11.31;1029;30;3601.00;231
9367;29;624684172;9367;349;10406;10624;6.49;0.41;282.85;11.30;1039;30;3602.00;218
9369;29;624684185;9369;346;10414;10624;6.51;0.41;282.84;11.29;1045;30;3603.00;210
9372;29;624684197;9372;347;10422;10624;6.56;0.41;282.91;11.29;1050;30;3604.00;202
9375;29;624684215;9375;342;10427;10624;6.57;0.41;282.89;11.29;1052;30;3605.00;197
9378;29;624684228;9378;342;10437;10624;6.54;0.41;282.91;11.28;1059;30;3606.00;187
9383;29;624684246;9383;339;10443;10624;6.57;0.41;282.97;11.28;1060;30;3607.00;181
9385;29;624684259;9385;346;10449;10625;6.64;0.41;283.02;11.28;1064;30;3608.00;176
9387;29;624684273;9387;347;10453;10626;6.65;0.41;283.05;11.28;1066;30;3609.00;173
9390;29;624684286;9390;357;10462;10626;6.61;0.41;283.07;11.41;1072;30;3610.00;164
9395;29;624684300;9395;367;10466;10627;6.51;0.41;283.14;11.41;1071;30;3611.00;161
9396;29;624684314;9396;369;10469;10627;6.46;0.40;283.16;11.41;1073;30;3612.00;158
9401;29;624684327;9401;375;10471;10627;6.40;0.40;283.21;11.41;1070;30;3613.00;156
9402;29;624684341;9402;375;10475;10627;6.38;0.40;283.25;11.41;1073;30;3614.00;152
9408;29;624684354;9408;383;10478;10631;6.33;0.39;283.39;11.40;1070;30;3615.00;153
9411;29;624684367;9411;385;10480;10631;6.29;0.39;283.45;11.40;1069;30;3616.00;151
9416;29;624684380;9416;371;10480;10631;6.24;0.39;283.48;11.40;1064;30;3617.00;151
9419;29;624684394;9419;370;10482;10634;6.25;0.39;283.51;11.40;1063;30;3618.00;152
9423;29;624684408;9423;366;10482;10634;6.24;0.39;283.59;11.40;1059;30;3619.00;152
9427;29;624684422;9427;362;10483;10634;6.24;0.39;283.62;11.40;1056;30;3620.00;151
9432;29;624684435;9432;367;10487;10638;6.29;0.39;283.66;11.40;1055;30;3621.00;151
9437;29;624684450;9437;365;10488;10639;6.37;0.39;283.71;11.40;1051;30;3622.00;151
9441;29;624684464;9441;369;10490;10639;6.47;0.40;283.69;11.40;1049;30;3623.00;149
9444;29;624684484;9444;365;10492;10643;6.58;0.41;283.77;11.40;1048;30;3624.00;151
9448;29;624684514;9448;369;10493;10643;6.67;0.41;283.79;11.40;1045;30;3625.00;150
9453;29;624684537;9453;353;10495;10643;6.71;0.41;283.76;11.53;1042;30;3626.00;148
9457;29;624684568;9457;340;10495;10644;6.76;0.41;283.85;11.53;1038;30;3627.00;149
9461;29;624684592;9461;322;10495;10644;6.86;0.42;283.85;11.53;1034;30;3628.00;149
9461;29;624684611;9461;317;10502;10650;7.01;0.43;283.85;11.53;1041;30;3629.00;148
9464;29;624684630;9464;314;10502;10650;7.19;0.44;283.93;11.53;1038;30;3630.00;148
9471;29;624684653;9471;314;10503;10651;7.29;0.44;283.96;11.53;1032;30;3631.00;148
9475;29;624684671;9475;308;10505;10651;7.40;0.45;284.04;11.53;1030;30;3632.00;146
9479;29;624684686;9479;307;10505;10651;7.56;0.46;284.03;11.53;1026;30;3633.00;146
9479;29;624684702;9479;298;10506;10651;7.70;0.47;284.03;11.53;1027;30;3634.00;145
9481;29;624684717;9481;292;10507;10651;7.86;0.48;284.07;11.53;1026;30;3635.00;144
9483;29;624684733;9483;294;10516;10663;7.96;0.48;284.11;11.53;1033;30;3636.00;147
9484;29;624684750;9484;294;10518;10663;8.01;0.49;284.09;11.53;1034;30;3637.00;145
9487;29;624684766;9487;291;10519;10663;8.10;0.49;284.23;11.53;1032;30;3638.00;144
9491;29;624684788;9491;282;10522;10663;8.16;0.50;284.28;11.65;1031;30;3639.00;141
9492;29;624684804;9492;291;10522;10663;8.20;0.50;284.31;11.65;1030;30;3640.00;141
9494;29;624684821;9494;291;10524;10663;8.26;0.50;284.34;11.65;1030;30;3641.00;139
9500;29;624684836;9500;283;10527;10667;8.25;0.50;284.49;11.65;1027;30;3642.00;140
9502;29;624684853;9502;278;10527;10667;8.24;0.50;284.47;11.65;1025;30;3643.00;140
9504;29;624684868;9504;276;10531;10671;8.27;0.50;284.51;11.65;1027;30;3644.00;140
9508;29;624684884;9508;272;10533;10673;8.27;0.50;284.51;11.64;1025;30;3645.00;140
9510;30;624684901;9510;269;10533;10673;8.27;0.50;284.52;11.64;1023;31;3646.00;140
9514;30;624684924;9514;266;10533;10673;8.23;0.50;284.55;11.64;1019;31;3647.00;140
9515;30;624684944;9515;272;10542;10686;8.29;0.50;284.55;11.63;1027;31;3648.00;144
9519;30;624684967;9519;262;10542;10686;8.28;0.50;284.67;11.63;1023;31;3649.00;144
9523;30;624684982;9523;260;10542;10686;8.23;0.50;284.68;11.63;1019;31;3650.00;144
9524;30;624684997;9524;253;10543;10687;8.27;0.50;284.69;11.63;1019;31;3651.00;144
9526;30;624685013;9526;258;10543;10688;8.31;0.51;284.71;11.63;1017;31;3652.00;145
9527;30;624685027;9527;255;10543;10688;8.34;0.51;284.76;11.63;1016;31;3653.00;145
9529;30;624685042;9529;257;10545;10691;8.38;0.51;284.73;11.63;1016;31;3654.00;146
9532;30;624685058;9532;255;10545;10691;8.39;0.51;284.83;11.63;1013;31;3655.00;146
9535;30;624685073;9535;256;10546;10691;8.40;0.51;284.87;11.63;1011;31;3656.00;145
9536;30;624685088;9536;255;10546;10691;8.36;0.51;284.94;11.63;1010;31;3657.00;145
9541;30;624685103;9541;253;10551;10697;8.35;0.51;284.99;11.63;1010;31;3658.00;146
9543;30;624685117;9543;252;10551;10697;8.39;0.51;285.04;11.63;1008;31;3659.00;146
9545;30;624685133;9545;253;10551;10697;8.32;0.51;285.08;11.63;1006;31;3660.00;146
9547;30;624685147;9547;248;10552;10697;8.29;0.51;285.10;11.75;1005;31;3661.00;145
9552;30;624685162;9552;256;10555;10701;8.23;0.50;285.13;11.75;1003;31;3662.00;146
9554;30;624685177;9554;254;10556;10702;8.26;0.50;285.11;11.75;1002;31;3663.00;146
9561;30;624685193;9561;256;10556;10702;8.21;0.50;285.19;11.75;995;31;3664.00;146
9563;30;624685208;9563;257;10558;10703;8.19;0.50;285.23;11.87;995;31;3665.00;145
9568;30;624685223;9568;259;10558;10703;8.18;0.50;285.21;11.87;990;31;3666.00;145
9571;30;624685237;9571;254;10558;10703;8.13;0.49;285.24;11.87;987;31;3667.00;145
9573;30;624685251;9573;258;10559;10703;8.04;0.49;285.28;11.99;986;31;3668.00;144
9574;30;624685266;9574;258;10560;10703;7.98;0.48;285.35;12.00;986;31;3669.00;143
9578;30;624685281;9578;258;10560;10703;7.88;0.48;285.41;12.00;982;31;3670.00;143
9579;30;624685295;9579;258;10561;10703;7.81;0.47;285.41;12.11;982;31;3671.00;142
9582;30;624685308;9582;265;10592;10773;7.73;0.47;285.41;12.08;1010;31;3672.00;181
9584;30;624685329;9584;264;10592;10774;7.68;0.47;285.40;12.08;1008;31;3673.00;182
9584;30;624685344;9584;257;10599;10774;7.69;0.47;285.40;12.08;1015;31;3674.00;175
9587;30;624685357;9587;254;10604;10774;7.65;0.46;285.39;12.10;1017;31;3675.00;170
9591;30;624685372;9591;263;10608;10774;7.65;0.47;285.32;12.21;1017;31;3676.00;166
9592;30;624685386;9592;260;10611;10774;7.71;0.47;285.31;12.21;1019;31;3677.00;163
9596;30;624685401;9596;266;10613;10774;7.67;0.47;285.27;12.21;1017;31;3678.00;161
9600;30;624685415;9600;267;10615;10774;7.70;0.47;285.36;12.21;1015;31;3679.00;159
9601;30;624685429;9601;265;10616;10775;7.74;0.47;285.43;12.21;1015;31;3680.00;159
9604;30;624685450;9604;262;10619;10776;7.70;0.47;285.57;12.32;1015;31;3681.00;157
9607;30;624685463;9607;261;10621;10776;7.65;0.46;285.54;12.32;1014;31;3682.00;155
9609;30;624685480;9609;273;10626;10780;7.61;0.46;285.60;12.32;1017;31;3683.00;154
9614;30;624685495;9614;267;10628;10780;7.58;0.46;285.62;12.32;1014;31;3684.00;152
9619;30;624685509;9619;270;10630;10780;7.50;0.46;285.67;12.43;1011;31;3685.00;150
9621;30;624685524;9621;274;10631;10780;7.47;0.45;285.65;12.43;1010;31;3686.00;149
9622;30;624685537;9622;285;10636;10786;7.45;0.45;285.63;12.44;1014;31;3687.00;150
9625;30;624685551;9625;287;10637;10786;7.41;0.45;285.66;12.43;1012;31;3688.00;149
9627;30;624685564;9627;294;10638;10786;7.33;0.45;285.67;12.44;1011;31;3689.00;148
9631;30;624685579;9631;300;10642;10792;7.26;0.44;285.62;12.44;1011;31;3690.00;150
9633;30;624685593;9633;310;10645;10792;7.25;0.44;285.66;12.44;1012;31;3691.00;147
9636;30;624685606;9636;311;10647;10792;7.22;0.44;285.62;12.44;1011;31;3692.00;145
9638;30;624685620;9638;315;10647;10793;7.17;0.44;285.60;12.44;1009;31;3693.00;146
9639;30;624685633;9639;329;10650;10794;7.13;0.44;285.59;12.45;1011;31;3694.00;144
9641;30;624685646;9641;326;10651;10794;7.06;0.43;285.57;12.45;1010;31;3695.00;143
9643;30;624685659;9643;333;10661;10807;7.00;0.43;285.55;12.45;1018;31;3696.00;146
9647;30;624685673;9647;336;10662;10807;6.97;0.42;285.51;12.45;1015;31;3697.00;145
9652;30;624685685;9652;334;10663;10807;6.89;0.42;285.42;12.46;1011;31;3698.00;144
9654;30;624685698;9654;348;10664;10808;6.82;0.41;285.39;12.46;1010;31;3699.00;144
9658;30;624685711;9658;348;10666;10808;6.73;0.41;285.36;12.48;1008;31;3700.00;142
9660;30;624685728;9660;357;10671;10812;6.68;0.41;285.38;12.48;1011;31;3701.00;141
9663;30;624685741;9663;366;10672;10812;6.62;0.40;285.32;12.49;1009;31;3702.00;140
9665;30;624685754;9665;377;10677;10816;6.57;0.40;285.28;12.51;1012;31;3703.00;139
9667;30;624685767;9667;375;10678;10816;6.57;0.40;285.26;12.52;1011;31;3704.00;138
9671;30;624685779;9671;388;10679;10816;6.50;0.40;285.31;12.53;1008;31;3705.00;137
9672;30;624685791;9672;393;10680;10816;6.41;0.39;285.31;12.54;1008;31;3706.00;136
9675;30;624685803;9675;399;10680;10816;6.29;0.38;285.26;12.54;1005;31;3707.00;136
9678;30;624685815;9678;405;10693;10828;6.21;0.38;285.20;12.56;1015;31;3708.00;135
9679;30;624685828;9679;408;10695;10828;6.09;0.37;285.17;12.57;1016;31;3709.00;133
9682;30;624685839;9682;420;10698;10828;5.96;0.36;285.10;12.60;1016;31;3710.00;130
9683;30;624685852;9683;428;10698;10828;5.92;0.36;285.08;12.60;1015;31;3711.00;130
9686;30;624685863;9686;429;10702;10828;5.82;0.36;285.04;12.63;1016;31;3712.00;126
9688;30;624685874;9688;441;10703;10828;5.74;0.35;285.10;12.64;1015;31;3713.00;125
9688;30;624685886;9688;454;10704;10829;5.62;0.34;285.10;12.65;1016;31;3714.00;125
9690;30;624685897;9690;440;10708;10829;5.55;0.34;285.09;12.67;1018;31;3715.00;121
9690;30;624685910;9690;440;10714;10835;5.58;0.34;285.09;12.67;1024;31;3716.00;121
9692;30;624685922;9692;437;10717;10836;5.50;0.34;285.08;12.69;1025;31;3717.00;119
9695;30;624685934;9695;432;10717;10836;5.41;0.33;285.03;12.69;1022;31;3718.00;119
9696;30;624685946;9696;431;10719;10836;5.35;0.33;285.03;12.71;1023;31;3719.00;117
9696;31;624685960;9696;423;10723;10841;5.42;0.33;285.03;12.70;1027;32;3720.00;118
9698;31;624685984;9698;416;10725;10841;5.43;0.33;285.00;12.72;1027;32;3721.00;116
9699;31;624686000;9699;417;10725;10841;5.44;0.33;284.97;12.72;1026;32;3722.00;116
9701;31;624686011;9701;411;10726;10842;5.47;0.33;284.95;12.72;1025;32;3723.00;116
9703;31;624686023;9703;408;10729;10846;5.50;0.34;284.92;12.72;1026;32;3724.00;117
9703;31;624686035;9703;403;10729;10846;5.52;0.34;284.92;12.72;1026;32;3725.00;117
9706;31;624686047;9706;403;10734;10849;5.54;0.34;284.87;12.74;1028;32;3726.00;115
9708;31;624686060;9708;400;10736;10849;5.59;0.34;284.84;12.75;1028;32;3727.00;113
9708;31;624686072;9708;402;10738;10849;5.59;0.34;284.84;12.76;1030;32;3728.00;111
9710;31;624686084;9710;398;10738;10849;5.58;0.34;284.81;12.76;1028;32;3729.00;111
9712;31;624686096;9712;401;10744;10853;5.59;0.34;284.87;12.77;1032;32;3730.00;109
9714;31;624686113;9714;408;10745;10853;5.56;0.34;284.84;12.77;1031;32;3731.00;108
9715;31;624686124;9715;415;10745;10853;5.55;0.34;284.82;12.77;1030;32;3732.00;108
9716;31;624686136;9716;418;10746;10853;5.53;0.34;284.81;12.78;1030;32;3733.00;107
9720;31;624686147;9720;417;10747;10854;5.48;0.33;284.77;12.78;1027;32;3734.00;107
9721;31;624686159;9721;415;10749;10856;5.47;0.33;284.79;12.78;1028;32;3735.00;107
9722;31;624686171;9722;416;10750;10856;5.49;0.34;284.79;12.79;1028;32;3736.00;106
9725;31;624686182;9725;416;10753;10857;5.48;0.34;284.79;12.80;1028;32;3737.00;104
9728;31;624686194;9728;421;10754;10857;5.45;0.33;284.88;12.80;1026;32;3738.00;103
9735;31;624686205;9735;421;10754;10857;5.34;0.33;284.92;12.80;1019;32;3739.00;103
9739;31;624686217;9739;418;10755;10857;5.35;0.33;284.88;12.81;1016;32;3740.00;102
9742;31;624686228;9742;417;10756;10857;5.38;0.33;284.88;12.81;1014;32;3741.00;101
9746;31;624686239;9746;415;10756;10857;5.38;0.33;284.88;12.81;1010;32;3742.00;101
9751;31;624686250;9751;409;10757;10857;5.36;0.33;284.92;12.82;1006;32;3743.00;100
9752;31;624686261;9752;423;10822;10984;5.68;0.35;284.98;12.74;1070;32;3744.00;162
9756;31;624686285;9756;419;10826;10985;5.66;0.35;285.09;12.74;1070;32;3745.00;159
9760;31;624686297;9760;407;10834;10985;5.69;0.35;285.10;12.73;1074;32;3746.00;151
9762;31;624686309;9762;400;10837;10985;5.70;0.36;285.18;12.73;1075;32;3747.00;148
9765;31;624686321;9765;393;10843;10985;5.75;0.36;285.20;12.72;1078;32;3748.00;142
9768;31;624686334;9768;394;10845;10985;5.73;0.36;285.24;12.72;1077;32;3749.00;140
9771;31;624686349;9771;398;10850;10990;5.75;0.36;285.31;12.72;1079;32;3750.00;140
9773;31;624686367;9773;393;10853;10990;5.82;0.36;285.29;12.72;1080;32;3751.00;137
9776;32;624686380;9776;399;10856;10991;5.89;0.36;285.28;12.71;1080;33;3752.00;135
9780;32;624686410;9780;407;10861;10992;5.92;0.37;285.34;12.83;1081;33;3753.00;131
9783;32;624686424;9783;409;10865;10992;5.96;0.37;285.31;12.82;1082;33;3754.00;127
9786;32;624686437;9786;407;10867;10993;5.96;0.37;285.41;12.82;1081;33;3755.00;126
9790;32;624686449;9790;422;10875;10993;5.92;0.37;285.41;12.82;1085;33;3756.00;118
9793;32;624686462;9793;426;10876;10993;5.92;0.37;285.44;12.82;1083;33;3757.00;117
9795;32;624686478;9795;427;10876;10993;5.91;0.37;285.46;12.82;1081;33;3758.00;117
9801;32;624686497;9801;428;10882;10997;5.88;0.36;285.45;12.82;1081;33;3759.00;115
9803;32;624686518;9803;424;10882;10997;5.90;0.36;285.46;12.82;1079;33;3760.00;115
9809;32;624686545;9809;423;10883;10997;5.86;0.36;285.52;12.82;1074;33;3761.00;114
9816;32;624686566;9816;419;10885;11000;5.86;0.36;285.53;12.82;1069;33;3762.00;115
9819;32;624686584;9819;421;10886;11000;5.85;0.36;285.65;12.82;1067;33;3763.00;114
9823;32;624686601;9823;418;10887;11000;5.84;0.36;285.69;12.82;1064;33;3764.00;113
9828;32;624686616;9828;429;10891;11004;5.86;0.36;285.70;12.81;1063;33;3765.00;113
9830;32;624686633;9830;428;10892;11005;5.92;0.36;285.71;12.81;1062;33;3766.00;113
9834;32;624686649;9834;434;10893;11005;6.00;0.37;285.73;12.81;1059;33;3767.00;112
9838;32;624686663;9838;437;10896;11009;6.03;0.37;285.70;12.81;1058;33;3768.00;113
9843;32;624686686;9843;433;10897;11009;6.07;0.37;285.79;12.81;1054;33;3769.00;112
9845;32;624686701;9845;430;10897;11009;6.11;0.37;285.86;12.81;1052;33;3770.00;112
9854;32;624686716;9854;427;10898;11010;6.09;0.37;285.88;12.81;1044;33;3771.00;112
9857;32;624686730;9857;425;10898;11010;6.09;0.37;285.96;12.81;1041;33;3772.00;112
9860;32;624686744;9860;427;10903;11016;6.12;0.37;285.96;12.80;1043;33;3773.00;113
9867;32;624686759;9867;423;10903;11016;6.07;0.37;285.97;12.80;1036;33;3774.00;113
9870;32;624686774;9870;418;10903;11017;6.08;0.37;286.05;12.80;1033;33;3775.00;114
9872;32;624686788;9872;419;10903;11017;6.06;0.37;286.10;12.80;1031;33;3776.00;114
9875;32;624686801;9875;420;10903;11017;6.01;0.36;286.12;12.80;1028;33;3777.00;114
9877;32;624686814;9877;421;10903;11017;6.02;0.36;286.12;12.80;1026;33;3778.00;114
9880;32;624686828;9880;419;10903;11017;6.01;0.36;286.18;12.80;1023;33;3779.00;114
9882;32;624686844;9882;417;10929;11053;6.16;0.38;286.19;12.77;1047;33;3780.00;124
9885;32;624686860;9885;420;10930;11053;6.15;0.38;286.24;12.77;1045;33;3781.00;123
9886;32;624686874;9886;423;10932;11053;6.17;0.38;286.26;12.77;1046;33;3782.00;121
9888;32;624686887;9888;421;10932;11053;6.20;0.38;286.33;12.77;1044;33;3783.00;121
9890;32;624686901;9890;424;10933;11053;6.20;0.38;286.30;12.77;1043;33;3784.00;120
9892;32;624686914;9892;421;10933;11053;6.16;0.38;286.35;12.77;1041;33;3785.00;120
9895;32;624686928;9895;421;10937;11057;6.17;0.37;286.37;12.76;1042;33;3786.00;120
9900;32;624686943;9900;410;10937;11057;6.11;0.37;286.49;12.76;1037;33;3787.00;120
9900;32;624686956;9900;403;10941;11061;6.16;0.37;286.49;12.76;1041;33;3788.00;120
9902;32;624686972;9902;396;10942;11062;6.16;0.38;286.52;12.76;1040;33;3789.00;120
9903;32;624686986;9903;390;10942;11062;6.18;0.38;286.53;12.76;1039;33;3790.00;120
9906;32;624687000;9906;386;10942;11062;6.21;0.38;286.57;12.76;1036;33;3791.00;120
9909;32;624687015;9909;386;10953;11075;6.32;0.38;286.63;12.75;1044;33;3792.00;122
9912;33;624687031;9912;386;10953;11075;6.37;0.39;286.64;12.75;1041;34;3793.00;122
9914;33;624687053;9914;389;10953;11075;6.42;0.39;286.66;12.75;1039;34;3794.00;122
9917;33;624687068;9917;389;10954;11076;6.43;0.39;286.66;12.75;1037;34;3795.00;122
9920;33;624687089;9920;372;10954;11077;6.44;0.39;286.66;12.75;1034;34;3796.00;123
9922;33;624687107;9922;378;10954;11077;6.49;0.40;286.70;12.75;1032;34;3797.00;123
9926;33;624687122;9926;365;10956;11080;6.57;0.40;286.73;12.74;1030;34;3798.00;124
9929;33;624687137;9929;360;10956;11080;6.57;0.40;286.81;12.74;1027;34;3799.00;124
9935;33;624687153;9935;354;10957;11080;6.60;0.40;286.88;12.74;1022;34;3800.00;123
9935;33;624687171;9935;346;10957;11080;6.65;0.40;286.88;12.74;1022;34;3801.00;123
9938;33;624687186;9938;341;10962;11086;6.69;0.41;286.98;12.74;1024;34;3802.00;124
9943;33;624687200;9943;336;10962;11086;6.68;0.41;287.01;12.74;1019;34;3803.00;124
9943;33;624687216;9943;329;10962;11086;6.76;0.41;287.01;12.74;1019;34;3804.00;124
9948;33;624687229;9948;329;10962;11086;6.74;0.41;287.01;12.74;1014;34;3805.00;124
9949;33;624687244;9949;326;10965;11090;6.76;0.41;286.99;12.73;1016;34;3806.00;125
9950;33;624687259;9950;322;10967;11091;6.83;0.42;287.04;12.85;1017;34;3807.00;124
9955;33;624687274;9955;324;10967;11091;6.84;0.42;287.00;12.85;1012;34;3808.00;124
9959;33;624687294;9959;320;10968;11092;6.91;0.42;287.00;12.85;1009;34;3809.00;124
9962;33;624687311;9962;315;10968;11092;7.02;0.43;286.97;12.85;1006;34;3810.00;124
9964;33;624687325;9964;310;10968;11092;7.11;0.43;286.96;12.85;1004;34;3811.00;124
9967;33;624687340;9967;306;10968;11092;7.16;0.44;286.99;12.85;1001;34;3812.00;124
9968;33;624687354;9968;296;10968;11092;7.24;0.44;286.97;12.85;1000;34;3813.00;124
9971;33;624687368;9971;297;10968;11092;7.27;0.44;287.00;12.85;997;34;3814.00;124
9975;33;624687382;9975;297;10968;11092;7.25;0.44;287.08;12.85;993;34;3815.00;124
9977;33;624687397;9977;303;11005;11162;7.23;0.44;287.05;12.80;1028;34;3816.00;157
9979;33;624687418;9979;301;11005;11163;7.19;0.44;287.11;12.80;1026;34;3817.00;158
9982;33;624687434;9982;301;11011;11163;7.24;0.44;287.11;12.80;1029;34;3818.00;152
9985;33;624687449;9985;304;11014;11163;7.29;0.44;287.14;12.80;1029;34;3819.00;149
9987;33;624687464;9987;301;11018;11163;7.29;0.44;287.11;12.79;1031;34;3820.00;145
9989;33;624687485;9989;299;11022;11163;7.33;0.44;287.14;12.79;1033;34;3821.00;141
9993;33;624687500;9993;300;11025;11163;7.36;0.45;287.21;12.79;1032;34;3822.00;138
9995;33;624687514;9995;306;11027;11163;7.38;0.45;287.21;12.79;1032;34;3823.00;136
9995;33;624687530;9995;312;11028;11164;7.42;0.45;287.21;12.79;1033;34;3824.00;136
9998;33;624687544;9998;313;11032;11166;7.45;0.45;287.26;12.78;1034;34;3825.00;134
10000;33;624687558;10000;319;11035;11166;7.49;0.45;287.24;12.90;1035;34;3826.00;131
10001;33;624687572;10001;319;11039;11170;7.49;0.45;287.30;12.90;1038;34;3827.00;131
10003;33;624687586;10003;319;11040;11170;7.48;0.45;287.35;12.90;1037;34;3828.00;130
10006;33;624687600;10006;323;11040;11170;7.43;0.45;287.33;12.90;1034;34;3829.00;130
10008;33;624687614;10008;330;11040;11170;7.41;0.45;287.38;12.90;1032;34;3830.00;130
10011;33;624687628;10011;336;11044;11176;7.41;0.45;287.35;12.89;1033;34;3831.00;132
10013;33;624687643;10013;337;11044;11176;7.40;0.45;287.32;12.89;1031;34;3832.00;132
10013;33;624687657;10013;338;11044;11176;7.42;0.45;287.32;12.89;1031;34;3833.00;132
10015;33;624687671;10015;340;11046;11179;7.51;0.46;287.31;12.89;1031;34;3834.00;133
10016;33;624687685;10016;339;11046;11179;7.49;0.46;287.29;12.89;1030;34;3835.00;133
10018;33;624687698;10018;346;11047;11179;7.47;0.45;287.26;12.89;1029;34;3836.00;132
10021;33;624687713;10021;341;11047;11180;7.37;0.45;287.28;12.89;1026;34;3837.00;133
10023;33;624687727;10023;344;11048;11181;7.33;0.45;287.27;12.89;1025;34;3838.00;133
10025;33;624687741;10025;343;11048;11181;7.25;0.44;287.25;12.89;1023;34;3839.00;133
10027;33;624687756;10027;346;11064;11207;7.23;0.44;287.23;12.87;1037;34;3840.00;143
10027;33;624687772;10027;343;11065;11207;7.16;0.44;287.23;12.87;1038;34;3841.00;142
10030;33;624687785;10030;341;11067;11207;7.15;0.43;287.22;12.87;1037;34;3842.00;140
10032;33;624687799;10032;334;11069;11208;7.12;0.43;287.18;12.86;1037;34;3843.00;139
10038;33;624687813;10038;330;11070;11208;7.07;0.43;287.11;12.88;1032;34;3844.00;138
10044;33;624687834;10044;335;11074;11212;7.05;0.43;287.10;12.89;1030;34;3845.00;138
10048;33;624687849;10048;336;11075;11214;7.03;0.43;287.10;12.89;1027;34;3846.00;139
10052;33;624687862;10052;335;11079;11218;6.98;0.42;287.06;12.88;1027;34;3847.00;139
10055;33;624687881;10055;341;11079;11218;6.97;0.42;287.03;12.88;1024;34;3848.00;139
10056;33;624687894;10056;332;11079;11218;6.93;0.42;287.01;12.88;1023;34;3849.00;139
10060;33;624687906;10060;330;11079;11218;6.87;0.42;286.94;12.88;1019;34;3850.00;139
10062;33;624687918;10062;327;11080;11218;6.89;0.42;286.93;13.00;1018;34;3851.00;138
10065;33;624687930;10065;332;11090;11230;6.92;0.42;286.89;12.99;1025;34;3852.00;140
10066;33;624687944;10066;330;11091;11230;6.96;0.42;286.88;12.99;1025;34;3853.00;139
10068;33;624687956;10068;336;11091;11230;6.97;0.42;286.86;12.99;1023;34;3854.00;139
10071;33;624687970;10071;335;11091;11230;6.95;0.42;286.83;12.99;1020;34;3855.00;139
10074;33;624687982;10074;350;11091;11230;6.95;0.42;286.82;12.99;1017;34;3856.00;139
10076;33;624687995;10076;345;11092;11230;6.89;0.42;286.83;12.99;1016;34;3857.00;138
10078;33;624688007;10078;358;11092;11231;6.90;0.42;286.87;12.99;1014;34;3858.00;139
10078;33;624688020;10078;362;11092;11231;6.90;0.42;286.87;12.99;1014;34;3859.00;139
10080;33;624688037;10080;362;11097;11237;6.88;0.42;286.84;12.98;1017;34;3860.00;140
10081;33;624688050;10081;374;11098;11238;6.82;0.41;286.82;12.99;1017;34;3861.00;140
10085;33;624688063;10085;381;11099;11238;6.71;0.41;286.79;12.99;1014;34;3862.00;139
10085;33;624688075;10085;388;11099;11238;6.66;0.40;286.79;12.99;1014;34;3863.00;139
10086;33;624688087;10086;388;11105;11242;6.64;0.40;286.80;12.98;1019;34;3864.00;137
10088;33;624688098;10088;397;11105;11242;6.59;0.40;286.77;12.98;1017;34;3865.00;137
10090;33;624688110;10090;392;11107;11242;6.52;0.40;286.73;13.00;1017;34;3866.00;135
10092;33;624688123;10092;381;11108;11243;6.52;0.40;286.72;13.00;1016;34;3867.00;135
10096;33;624688135;10096;380;11111;11247;6.52;0.40;286.75;13.00;1015;34;3868.00;136
10100;33;624688148;10100;378;11111;11247;6.55;0.40;286.73;13.00;1011;34;3869.00;136
10103;33;624688162;10103;376;11117;11253;6.58;0.40;286.68;13.02;1014;34;3870.00;136
10104;33;624688175;10104;369;11118;11253;6.60;0.40;286.67;13.02;1014;34;3871.00;135
10104;33;624688188;10104;366;11120;11253;6.65;0.40;286.67;13.02;1016;34;3872.00;133
10104;33;624688200;10104;358;11121;11253;6.68;0.40;286.67;13.04;1017;34;3873.00;132
10104;33;624688213;10104;360;11125;11257;6.71;0.41;286.67;13.03;1021;34;3874.00;132
10104;33;624688226;10104;352;11127;11257;6.69;0.40;286.67;13.05;1023;34;3875.00;130
10105;33;624688239;10105;351;11127;11257;6.64;0.40;286.66;13.05;1022;34;3876.00;130
10106;33;624688258;10106;355;11129;11257;6.56;0.40;286.65;13.07;1023;34;3877.00;128
10106;33;624688274;10106;361;11129;11258;6.49;0.39;286.65;13.07;1023;34;3878.00;129
10107;33;624688289;10107;363;11130;11259;6.47;0.39;286.64;13.07;1023;34;3879.00;129
10107;33;624688302;10107;367;11132;11259;6.47;0.39;286.64;13.09;1025;34;3880.00;127
10110;33;624688318;10110;370;11133;11260;6.47;0.39;286.66;13.09;1023;34;3881.00;127
10110;33;624688331;10110;376;11134;11260;6.45;0.39;286.66;13.10;1024;34;3882.00;126
10111;33;624688343;10111;382;11135;11260;6.44;0.39;286.68;13.12;1024;34;3883.00;125
10113;33;624688355;10113;384;11137;11260;6.40;0.39;286.65;13.14;1024;34;3884.00;123
10114;33;624688367;10114;386;11138;11260;6.36;0.39;286.65;13.15;1024;34;3885.00;122
10115;33;624688379;10115;377;11139;11260;6.36;0.39;286.64;13.16;1024;34;3886.00;121
10118;33;624688392;10118;379;11139;11260;6.34;0.39;286.68;13.16;1021;34;3887.00;121
10119;33;624688404;10119;397;11205;11387;6.50;0.40;286.66;13.09;1086;34;3888.00;182
10122;33;624688428;10122;393;11209;11388;6.44;0.40;286.69;13.09;1087;34;3889.00;179
10122;33;624688441;10122;382;11221;11388;6.44;0.40;286.69;13.09;1099;34;3890.00;167
10125;33;624688454;10125;383;11223;11388;6.36;0.39;286.76;13.09;1098;34;3891.00;165
10130;33;624688467;10130;374;11231;11388;6.33;0.39;286.72;13.08;1101;34;3892.00;157
10134;33;624688484;10134;373;11233;11388;6.27;0.39;286.69;13.09;1099;34;3893.00;155
10134;33;624688501;10134;372;11236;11388;6.21;0.38;286.69;13.09;1102;34;3894.00;152
10137;33;624688519;10137;372;11238;11388;6.18;0.38;286.70;13.10;1101;34;3895.00;150
10140;33;624688539;10140;371;11241;11389;6.18;0.38;286.76;13.10;1101;34;3896.00;148
10142;33;624688558;10142;375;11246;11390;6.16;0.38;286.77;13.10;1104;34;3897.00;144
10145;33;624688576;10145;380;11251;11390;6.09;0.38;286.84;13.13;1106;34;3898.00;139
10147;33;624688595;10147;386;11253;11391;6.01;0.37;286.85;13.13;1106;34;3899.00;138
10152;33;624688620;10152;398;11262;11406;5.92;0.36;286.77;13.13;1110;34;3900.00;144
10153;33;624688642;10153;391;11265;11406;5.77;0.35;286.82;13.14;1112;34;3901.00;141
10156;33;624688657;10156;404;11267;11406;5.68;0.35;286.79;13.13;1111;34;3902.00;139
10161;33;624688671;10161;415;11273;11410;5.58;0.34;286.81;13.14;1112;34;3903.00;137
10164;33;624688693;10164;417;11274;11410;5.54;0.34;286.84;13.14;1110;34;3904.00;136
10168;33;624688707;10168;433;11276;11410;5.50;0.34;286.84;13.14;1108;34;3905.00;134
10170;33;624688721;10170;436;11280;11413;5.49;0.34;286.88;13.15;1110;34;3906.00;133
10177;33;624688735;10177;444;11282;11413;5.43;0.33;286.87;13.17;1105;34;3907.00;131
10181;33;624688749;10181;445;11284;11413;5.33;0.33;286.99;13.17;1103;34;3908.00;129
10182;33;624688763;10182;447;11288;11417;5.33;0.33;287.02;13.17;1106;34;3909.00;129
10187;33;624688776;10187;440;11291;11418;5.33;0.33;287.09;13.18;1104;34;3910.00;127
10190;33;624688791;10190;437;11292;11418;5.39;0.33;287.14;13.18;1102;34;3911.00;126
10192;33;624688806;10192;427;11298;11422;5.44;0.33;287.13;13.18;1106;34;3912.00;124
10198;33;624688819;10198;416;11300;11422;5.47;0.33;287.24;13.19;1102;34;3913.00;122
10200;33;624688834;10200;413;11301;11422;5.53;0.34;287.33;13.19;1101;34;3914.00;121
10203;33;624688848;10203;415;11303;11424;5.51;0.34;287.37;13.20;1100;34;3915.00;121
10205;33;624688862;10205;411;11305;11424;5.52;0.34;287.43;13.20;1100;34;3916.00;119
10207;33;624688875;10207;408;11310;11430;5.58;0.34;287.49;13.20;1103;34;3917.00;120
10210;33;624688890;10210;408;11312;11430;5.60;0.34;287.57;13.21;1102;34;3918.00;118
10214;33;624688905;10214;404;11312;11431;5.65;0.34;287.62;13.21;1098;34;3919.00;119
10216;33;624688918;10216;401;11312;11431;5.73;0.35;287.67;13.21;1096;34;3920.00;119
10220;33;624688932;10220;399;11312;11431;5.79;0.35;287.79;13.21;1092;34;3921.00;119
10224;33;624688947;10224;398;11312;11431;5.83;0.36;287.86;13.21;1088;34;3922.00;119
10226;33;624688961;10226;400;11313;11431;5.89;0.36;287.85;13.21;1087;34;3923.00;118
10229;33;624688975;10229;397;11323;11443;6.01;0.37;287.91;13.20;1094;34;3924.00;120
10232;33;624688995;10232;391;11324;11443;6.09;0.37;287.92;13.20;1092;34;3925.00;119
10237;33;624689010;10237;393;11326;11443;6.16;0.38;288.09;13.20;1089;34;3926.00;117
10241;33;624689025;10241;397;11326;11443;6.21;0.38;288.17;13.20;1085;34;3927.00;117
10243;33;624689038;10243;396;11326;11443;6.25;0.38;288.14;13.20;1083;34;3928.00;117
10250;33;624689052;10250;391;11326;11443;6.25;0.38;288.22;13.20;1076;34;3929.00;117
10255;33;624689068;10255;401;11331;11447;6.24;0.38;288.31;13.20;1076;34;3930.00;116
10259;33;624689082;10259;398;11331;11447;6.26;0.38;288.34;13.20;1072;34;3931.00;116
10266;33;624689097;10266;402;11335;11451;6.29;0.38;288.35;13.19;1069;34;3932.00;116
10271;33;624689112;10271;411;11336;11452;6.31;0.38;288.52;13.19;1065;34;3933.00;116
10274;33;624689126;10274;411;11336;11452;6.28;0.38;288.57;13.19;1062;34;3934.00;116
10277;33;624689140;10277;413;11336;11452;6.24;0.38;288.67;13.19;1059;34;3935.00;116
10283;33;624689154;10283;415;11347;11465;6.18;0.37;288.91;13.18;1064;34;3936.00;118
10287;33;624689169;10287;413;11347;11465;6.17;0.38;288.97;13.18;1060;34;3937.00;118
10292;33;624689184;10292;412;11348;11465;6.12;0.37;289.06;13.30;1056;34;3938.00;117
10295;33;624689200;10295;408;11349;11466;6.18;0.38;289.08;13.30;1054;34;3939.00;117
10300;33;624689214;10300;407;11349;11467;6.15;0.38;289.24;13.30;1049;34;3940.00;118
10305;33;624689228;10305;408;11349;11467;6.13;0.37;289.25;13.30;1044;34;3941.00;118
10308;33;624689243;10308;405;11351;11470;6.15;0.38;289.36;13.30;1043;34;3942.00;119
10310;33;624689256;10310;400;11351;11470;6.20;0.38;289.38;13.30;1041;34;3943.00;119
10314;33;624689270;10314;403;11352;11470;6.20;0.38;289.47;13.30;1038;34;3944.00;118
10315;33;624689284;10315;399;11352;11470;6.20;0.38;289.45;13.30;1037;34;3945.00;118
10321;33;624689298;10321;397;11357;11476;6.12;0.38;289.51;13.29;1036;34;3946.00;119
10325;33;624689313;10325;396;11357;11476;6.04;0.37;289.48;13.29;1032;34;3947.00;119
10329;33;624689326;10329;391;11357;11476;5.92;0.36;289.52;13.29;1028;34;3948.00;119
10336;33;624689339;10336;394;11357;11476;5.83;0.36;289.59;13.29;1021;34;3949.00;119
10337;33;624689353;10337;396;11360;11480;5.80;0.36;289.60;13.29;1023;34;3950.00;120
10343;33;624689366;10343;398;11361;11481;5.74;0.35;289.69;13.29;1018;34;3951.00;120
10347;33;624689379;10347;407;11361;11481;5.77;0.35;289.71;13.29;1014;34;3952.00;120
10350;33;624689392;10350;409;11362;11482;5.81;0.36;289.72;13.29;1012;34;3953.00;120
10352;33;624689405;10352;403;11362;11482;5.86;0.36;289.76;13.29;1010;34;3954.00;120
10354;33;624689418;10354;407;11363;11482;5.92;0.36;289.76;13.41;1009;34;3955.00;119
10357;33;624689431;10357;412;11363;11482;5.91;0.36;289.77;13.41;1006;34;3956.00;119
10362;33;624689444;10362;397;11363;11482;5.87;0.36;289.78;13.41;1001;34;3957.00;119
10367;33;624689458;10367;389;11363;11482;5.78;0.35;289.78;13.41;996;34;3958.00;119
10369;33;624689473;10369;385;11363;11482;5.74;0.35;289.78;13.41;994;34;3959.00;119
10371;33;624689497;10371;401;11432;11607;5.83;0.36;289.75;13.33;1061;34;3960.00;175
10373;33;624689524;10373;393;11435;11608;5.84;0.36;289.74;13.33;1062;34;3961.00;173
10378;33;624689538;10378;388;11442;11608;5.93;0.37;289.84;13.32;1064;34;3962.00;166
10382;33;624689551;10382;387;11444;11608;5.96;0.37;289.85;13.32;1062;34;3963.00;164
10386;33;624689570;10386;386;11448;11608;5.97;0.37;289.93;13.31;1062;34;3964.00;160
10390;33;624689584;10390;386;11449;11608;5.94;0.37;289.99;13.31;1059;34;3965.00;159
10394;33;624689603;10394;370;11453;11608;5.99;0.37;290.02;13.31;1059;34;3966.00;155
10395;33;624689617;10395;364;11456;11608;5.98;0.37;290.08;13.31;1061;34;3967.00;152
10397;33;624689630;10397;374;11461;11609;5.96;0.37;290.19;13.31;1064;34;3968.00;148
10400;33;624689644;10400;373;11464;11610;5.93;0.36;290.15;13.31;1064;34;3969.00;146
10403;33;624689664;10403;370;11468;11610;5.86;0.36;290.22;13.30;1065;34;3970.00;142
10405;33;624689678;10405;370;11471;11614;5.82;0.36;290.24;13.30;1066;34;3971.00;143
10407;33;624689692;10407;382;11473;11614;5.82;0.36;290.22;13.30;1066;34;3972.00;141
10408;33;624689706;10408;378;11474;11614;5.85;0.36;290.22;13.43;1066;34;3973.00;140
10410;33;624689720;10410;386;11474;11614;5.89;0.36;290.27;13.43;1064;34;3974.00;140
10414;33;624689733;10414;386;11479;11620;5.93;0.36;290.31;13.42;1065;34;3975.00;141
10418;33;624689749;10418;388;11479;11620;6.01;0.37;290.35;13.42;1061;34;3976.00;141
10418;33;624689764;10418;390;11479;11620;6.08;0.37;290.35;13.42;1061;34;3977.00;141
10422;33;624689778;10422;398;11481;11623;6.12;0.37;290.42;13.42;1059;34;3978.00;142
10422;33;624689792;10422;398;11481;11623;6.15;0.38;290.42;13.42;1059;34;3979.00;142
10427;33;624689805;10427;395;11481;11623;6.14;0.37;290.46;13.42;1054;34;3980.00;142
10427;33;624689819;10427;396;11481;11624;6.14;0.37;290.46;13.42;1054;34;3981.00;143
10433;33;624689832;10433;394;11483;11625;6.08;0.37;290.54;13.42;1050;34;3982.00;142
10435;33;624689846;10435;389;11483;11625;6.09;0.37;290.56;13.42;1048;34;3983.00;142
10437;33;624689860;10437;391;11493;11638;6.12;0.37;290.62;13.40;1056;34;3984.00;145
10440;33;624689875;10440;385;11493;11638;6.13;0.37;290.73;13.40;1053;34;3985.00;145
10441;33;624689888;10441;388;11494;11638;6.17;0.38;290.75;13.40;1053;34;3986.00;144
10444;33;624689907;10444;381;11495;11639;6.18;0.38;290.74;13.40;1051;34;3987.00;144
10446;33;624689921;10446;378;11495;11639;6.26;0.38;290.69;13.40;1049;34;3988.00;144
10448;33;624689934;10448;380;11498;11643;6.31;0.38;290.70;13.40;1050;34;3989.00;145
10450;33;624689950;10450;371;11498;11643;6.35;0.39;290.76;13.40;1048;34;3990.00;145
10450;33;624689963;10450;377;11501;11647;6.42;0.39;290.76;13.40;1051;34;3991.00;146
10453;33;624689977;10453;376;11502;11647;6.46;0.39;290.79;13.39;1049;34;3992.00;145
10455;33;624689991;10455;379;11503;11647;6.48;0.39;290.87;13.52;1048;34;3993.00;144
10458;33;624690004;10458;378;11503;11647;6.50;0.39;290.93;13.52;1045;34;3994.00;144
10460;33;624690020;10460;380;11503;11647;6.51;0.39;290.92;13.52;1043;34;3995.00;144
10463;33;624690035;10463;382;11514;11659;6.55;0.40;290.89;13.51;1051;34;3996.00;145
10463;33;624690051;10463;390;11514;11659;6.57;0.40;290.89;13.51;1051;34;3997.00;145
10468;33;624690064;10468;390;11514;11659;6.54;0.40;290.85;13.51;1046;34;3998.00;145
10471;33;624690078;10471;393;11514;11659;6.51;0.39;290.81;13.51;1043;34;3999.00;145
10472;33;624690093;10472;390;11514;11659;6.52;0.39;290.82;13.51;1042;34;4000.00;145
10474;33;624690109;10474;390;11514;11659;6.52;0.39;290.81;13.51;1040;34;4001.00;145
10475;33;624690122;10475;390;11514;11660;6.52;0.40;290.79;13.51;1039;34;4002.00;146
10475;33;624690135;10475;395;11515;11660;6.50;0.39;290.79;13.64;1040;34;4003.00;145
10475;33;624690148;10475;400;11520;11666;6.52;0.40;290.79;13.63;1045;34;4004.00;146
10477;33;624690162;10477;395;11522;11668;6.53;0.40;290.77;13.63;1045;34;4005.00;146
10477;33;624690175;10477;404;11522;11668;6.49;0.39;290.77;13.63;1045;34;4006.00;146
10479;33;624690188;10479;406;11522;11668;6.46;0.39;290.75;13.63;1043;34;4007.00;146
10481;33;624690200;10481;405;11525;11672;6.44;0.39;290.73;13.62;1044;34;4008.00;147
10483;33;624690213;10483;404;11525;11672;6.43;0.39;290.75;13.62;1042;34;4009.00;147
10484;33;624690226;10484;406;11525;11672;6.43;0.39;290.75;13.62;1041;34;4010.00;147
10485;33;624690237;10485;403;11526;11673;6.47;0.40;290.73;13.62;1041;34;4011.00;147
10491;33;624690250;10491;398;11529;11677;6.36;0.39;290.76;13.62;1038;34;4012.00;148
10494;33;624690262;10494;401;11530;11677;6.29;0.38;290.75;13.75;1036;34;4013.00;147
10497;33;624690274;10497;397;11533;11680;6.25;0.38;290.75;13.76;1036;34;4014.00;147
10498;33;624690289;10498;397;11534;11680;6.23;0.38;290.75;13.76;1036;34;4015.00;146
10500;33;624690301;10500;398;11536;11680;6.19;0.38;290.75;13.90;1036;34;4016.00;144
10502;33;624690313;10502;397;11536;11680;6.17;0.37;290.73;13.90;1034;34;4017.00;144
10506;33;624690325;10506;399;11540;11684;6.16;0.37;290.69;13.90;1034;34;4018.00;144
10510;33;624690338;10510;390;11540;11684;6.13;0.37;290.64;13.90;1030;34;4019.00;144
10512;33;624690353;10512;377;11541;11684;6.14;0.37;290.63;14.03;1029;34;4020.00;143
10513;33;624690365;10513;367;11541;11684;6.18;0.37;290.63;14.03;1028;34;4021.00;143
10513;33;624690377;10513;366;11541;11685;6.21;0.38;290.63;14.03;1028;34;4022.00;144
10516;33;624690388;10516;365;11542;11686;6.23;0.38;290.59;14.02;1026;34;4023.00;144
10517;33;624690401;10517;365;11542;11686;6.22;0.38;290.57;14.02;1025;34;4024.00;144
10521;33;624690413;10521;365;11544;11687;6.20;0.38;290.51;14.15;1023;34;4025.00;143
10522;33;624690431;10522;364;11544;11687;6.21;0.38;290.49;14.15;1022;34;4026.00;143
10524;33;624690443;10524;360;11544;11687;6.25;0.38;290.48;14.15;1020;34;4027.00;143
10524;33;624690455;10524;360;11544;11687;6.28;0.38;290.48;14.15;1020;34;4028.00;143
10524;33;624690473;10524;362;11544;11687;6.28;0.38;290.48;14.15;1020;34;4029.00;143
10524;33;624690490;10524;362;11545;11687;6.32;0.39;290.48;14.28;1021;34;4030.00;142
10526;33;624690508;10526;363;11545;11687;6.30;0.38;290.47;14.28;1019;34;4031.00;142
10527;33;624690523;10527;381;11612;11814;6.51;0.40;290.47;14.19;1085;34;4032.00;202
10527;33;624690564;10527;375;11614;11815;6.50;0.40;290.47;14.19;1087;34;4033.00;201
10530;33;624690582;10530;365;11623;11815;6.55;0.40;290.49;14.18;1093;34;4034.00;192
10531;33;624690599;10531;366;11627;11815;6.57;0.41;290.48;14.18;1096;34;4035.00;188
10531;33;624690614;10531;367;11633;11815;6.59;0.41;290.48;14.17;1102;34;4036.00;182
10532;33;624690628;10532;362;11637;11815;6.51;0.40;290.49;14.18;1105;34;4037.00;178
10532;33;624690645;10532;367;11640;11815;6.44;0.40;290.49;14.18;1108;34;4038.00;175
10537;33;624690659;10537;369;11643;11815;6.44;0.40;290.43;14.18;1106;34;4039.00;172
10539;33;624690674;10539;376;11646;11816;6.42;0.40;290.45;14.20;1107;34;4040.00;170
10541;33;624690688;10541;382;11650;11817;6.41;0.39;290.43;14.20;1109;34;4041.00;167
10543;33;624690702;10543;388;11651;11817;6.37;0.39;290.40;14.20;1108;34;4042.00;166
10545;33;624690717;10545;382;11653;11818;6.28;0.39;290.43;14.22;1108;34;4043.00;165
10548;33;624690731;10548;387;11658;11818;6.16;0.38;290.40;14.22;1110;34;4044.00;160
10550;33;624690746;10550;394;11659;11818;6.09;0.37;290.43;14.22;1109;34;4045.00;159
10554;33;624690762;10554;402;11662;11818;6.05;0.37;290.39;14.24;1108;34;4046.00;156
10554;33;624690778;10554;406;11669;11822;5.98;0.37;290.39;14.23;1115;34;4047.00;153
10558;33;624690794;10558;408;11670;11822;5.92;0.36;290.38;14.24;1112;34;4048.00;152
10559;33;624690809;10559;415;11673;11822;5.89;0.36;290.37;14.25;1114;34;4049.00;149
10560;33;624690825;10560;422;11677;11828;5.91;0.36;290.36;14.25;1117;34;4050.00;151
10563;33;624690842;10563;428;11678;11828;5.88;0.36;290.35;14.26;1115;34;4051.00;150
10564;33;624690859;10564;443;11680;11828;5.85;0.36;290.34;14.26;1116;34;4052.00;148
10567;33;624690875;10567;439;11686;11832;5.85;0.36;290.31;14.29;1119;34;4053.00;146
10568;33;624690891;10568;446;11688;11833;5.87;0.36;290.32;14.30;1120;34;4054.00;145
10570;33;624690904;10570;445;11691;11833;5.83;0.36;290.32;14.31;1121;34;4055.00;142
10573;33;624690918;10573;453;11695;11837;5.82;0.36;290.30;14.32;1122;34;4056.00;142
10574;33;624690933;10574;450;11696;11837;5.80;0.36;290.29;14.32;1122;34;4057.00;141
10579;33;624690946;10579;457;11697;11837;5.75;0.35;290.32;14.32;1118;34;4058.00;140
10582;33;624690959;10582;453;11700;11838;5.70;0.35;290.34;14.34;1118;34;4059.00;138
10585;33;624690974;10585;442;11701;11838;5.65;0.35;290.43;14.34;1116;34;4060.00;137
10589;33;624690988;10589;443;11707;11844;5.64;0.35;290.41;14.34;1118;34;4061.00;137
10591;33;624691002;10591;442;11708;11844;5.63;0.35;290.44;14.35;1117;34;4062.00;136
10592;33;624691016;10592;442;11708;11845;5.65;0.35;290.46;14.35;1116;34;4063.00;137
10596;33;624691031;10596;437;11710;11845;5.66;0.35;290.55;14.37;1114;34;4064.00;135
10601;33;624691043;10601;437;11710;11845;5.64;0.35;290.57;14.37;1109;34;4065.00;135
10603;33;624691057;10603;439;11712;11845;5.66;0.35;290.63;14.38;1109;34;4066.00;133
10606;33;624691070;10606;440;11712;11845;5.70;0.35;290.63;14.38;1106;34;4067.00;133
10611;33;624691083;10611;450;11724;11857;5.72;0.35;290.63;14.38;1113;34;4068.00;133
10612;33;624691098;10612;436;11725;11857;5.73;0.35;290.68;14.38;1113;34;4069.00;132
10612;33;624691111;10612;441;11725;11857;5.77;0.35;290.68;14.38;1113;34;4070.00;132
10616;33;624691125;10616;446;11726;11857;5.74;0.35;290.74;14.39;1110;34;4071.00;131
10620;33;624691138;10620;444;11726;11857;5.71;0.35;290.79;14.39;1106;34;4072.00;131
10622;33;624691151;10622;444;11727;11857;5.69;0.35;290.78;14.41;1105;34;4073.00;130
10629;33;624691165;10629;451;11731;11861;5.60;0.34;290.85;14.41;1102;34;4074.00;130
10631;33;624691179;10631;439;11731;11861;5.56;0.34;290.90;14.41;1100;34;4075.00;130
10633;33;624691199;10633;441;11737;11865;5.56;0.34;290.90;14.43;1104;34;4076.00;128
10637;33;624691214;10637;443;11738;11866;5.59;0.34;291.00;14.43;1101;34;4077.00;128
10640;33;624691228;10640;444;11740;11866;5.58;0.34;290.95;14.45;1100;34;4078.00;126
10647;33;624691241;10647;452;11740;11866;5.55;0.34;291.08;14.45;1093;34;4079.00;126
10651;33;624691256;10651;444;11762;11895;5.57;0.34;291.09;14.42;1111;34;4080.00;133
10655;33;624691273;10655;436;11764;11895;5.50;0.34;291.14;14.44;1109;34;4081.00;131
10663;33;624691286;10663;430;11766;11895;5.47;0.34;291.26;14.44;1103;34;4082.00;129
10666;33;624691300;10666;434;11770;11896;5.49;0.34;291.36;14.46;1104;34;4083.00;126
10671;33;624691313;10671;428;11770;11897;5.52;0.34;291.38;14.46;1099;34;4084.00;127
10675;33;624691325;10675;417;11770;11897;5.59;0.34;291.51;14.46;1095;34;4085.00;127
10681;33;624691338;10681;415;11775;11900;5.61;0.34;291.61;14.47;1094;34;4086.00;125
10688;33;624691352;10688;408;11775;11900;5.67;0.35;291.74;14.47;1087;34;4087.00;125
10691;33;624691366;10691;399;11775;11900;5.75;0.35;291.85;14.47;1084;34;4088.00;125
10694;33;624691380;10694;387;11776;11900;5.87;0.36;291.92;14.48;1082;34;4089.00;124
10702;33;624691393;10702;381;11782;11906;5.93;0.36;292.10;14.48;1080;34;4090.00;124
10705;33;624691407;10705;371;11783;11906;5.95;0.36;292.19;14.48;1078;34;4091.00;123
10708;33;624691421;10708;364;11784;11906;6.01;0.37;292.30;14.49;1076;34;4092.00;122
10716;33;624691435;10716;367;11784;11906;6.09;0.37;292.46;14.49;1068;34;4093.00;122
10719;33;624691450;10719;367;11787;11910;6.15;0.38;292.47;14.48;1068;34;4094.00;123
10726;33;624691464;10726;367;11789;11912;6.21;0.38;292.62;14.48;1063;34;4095.00;123
10730;33;624691480;10730;362;11789;11912;6.27;0.38;292.72;14.48;1059;34;4096.00;123
10733;33;624691496;10733;368;11790;11913;6.32;0.38;292.70;14.48;1057;34;4097.00;123
10739;33;624691513;10739;373;11790;11913;6.30;0.38;292.79;14.48;1051;34;4098.00;123
10741;33;624691537;10741;377;11790;11913;6.29;0.38;292.84;14.48;1049;34;4099.00;123
10746;33;624691551;10746;379;11790;11913;6.32;0.38;292.82;14.48;1044;34;4100.00;123
10751;33;624691569;10751;381;11790;11913;6.31;0.38;292.93;14.48;1039;34;4101.00;123
10754;33;624691582;10754;374;11790;11913;6.33;0.39;292.91;14.48;1036;34;4102.00;123
10757;33;624691596;10757;376;11790;11913;6.35;0.39;292.93;14.48;1033;34;4103.00;123
10761;33;624691609;10761;383;11831;11983;6.39;0.39;292.92;14.43;1070;34;4104.00;152
10764;33;624691629;10764;383;11831;11984;6.41;0.39;293.00;14.43;1067;34;4105.00;153
10768;33;624691644;10768;381;11836;11984;6.37;0.39;293.08;14.42;1068;34;4106.00;148
10770;33;624691657;10770;393;11838;11984;6.42;0.39;293.12;14.42;1068;34;4107.00;146
10776;33;624691671;10776;384;11840;11984;6.47;0.39;293.13;14.42;1064;34;4108.00;144
10780;33;624691684;10780;388;11842;11984;6.45;0.39;293.18;14.42;1062;34;4109.00;142
10783;33;624691700;10783;392;11845;11984;6.44;0.39;293.25;14.42;1062;34;4110.00;139
10788;33;624691714;10788;391;11847;11984;6.39;0.39;293.41;14.42;1059;34;4111.00;137
10793;33;624691727;10793;393;11849;11985;6.34;0.39;293.36;14.41;1056;34;4112.00;136
10797;33;624691741;10797;398;11851;11986;6.28;0.38;293.38;14.41;1054;34;4113.00;135
10803;33;624691759;10803;400;11853;11986;6.25;0.38;293.50;14.41;1050;34;4114.00;133
10803;33;624691773;10803;401;11856;11990;6.33;0.39;293.50;14.41;1053;34;4115.00;134
10808;33;624691786;10808;397;11858;11990;6.31;0.39;293.57;14.41;1050;34;4116.00;132
10812;33;624691800;10812;400;11859;11990;6.29;0.38;293.55;14.41;1047;34;4117.00;131
10814;33;624691814;10814;403;11859;11990;6.31;0.39;293.59;14.41;1045;34;4118.00;131
10820;33;624691827;10820;407;11865;11996;6.32;0.39;293.71;14.40;1045;34;4119.00;131
10825;33;624691841;10825;409;11865;11996;6.28;0.38;293.70;14.40;1040;34;4120.00;131
10827;33;624691854;10827;414;11865;11996;6.24;0.38;293.75;14.40;1038;34;4121.00;131
10833;33;624691867;10833;415;11868;11999;6.18;0.38;293.83;14.40;1035;34;4122.00;131
10837;33;624691880;10837;420;11868;11999;6.09;0.37;293.90;14.40;1031;34;4123.00;131
10842;33;624691892;10842;422;11869;11999;5.99;0.36;293.97;14.40;1027;34;4124.00;130
10845;33;624691906;10845;426;11869;12000;5.84;0.36;293.98;14.40;1024;34;4125.00;131
10848;33;624691918;10848;439;11870;12001;5.67;0.34;294.01;14.40;1022;34;4126.00;131
10852;33;624691937;10852;431;11870;12001;5.50;0.34;294.02;14.40;1018;34;4127.00;131
10855;33;624691951;10855;429;11881;12014;5.43;0.33;293.97;14.38;1026;34;4128.00;133
10857;33;624691965;10857;428;11881;12014;5.38;0.33;294.03;14.38;1024;34;4129.00;133
10861;33;624691979;10861;431;11881;12014;5.34;0.33;294.10;14.38;1020;34;4130.00;133
10861;33;624691992;10861;439;11882;12015;5.37;0.33;294.10;14.38;1021;34;4131.00;133
10864;33;624692005;10864;440;11882;12015;5.37;0.33;294.09;14.38;1018;34;4132.00;133
10867;33;624692018;10867;441;11886;12019;5.39;0.33;294.12;14.38;1019;34;4133.00;133
10870;33;624692031;10870;450;11886;12019;5.39;0.33;294.11;14.38;1016;34;4134.00;133
10870;33;624692044;10870;455;11889;12023;5.44;0.33;294.11;14.38;1019;34;4135.00;134
10873;33;624692057;10873;444;11889;12023;5.45;0.33;294.13;14.38;1016;34;4136.00;134
10875;33;624692070;10875;436;11889;12023;5.49;0.34;294.09;14.38;1014;34;4137.00;134
10877;33;624692084;10877;430;11889;12023;5.52;0.34;294.12;14.38;1012;34;4138.00;134
10877;33;624692097;10877;426;11890;12023;5.54;0.34;294.12;14.50;1013;34;4139.00;133
10879;33;624692113;10879;425;11915;12057;5.63;0.35;294.09;14.47;1036;34;4140.00;142
10880;33;624692129;10880;423;11915;12057;5.69;0.35;294.11;14.47;1035;34;4141.00;142
10884;33;624692143;10884;424;11918;12057;5.79;0.36;294.08;14.47;1034;34;4142.00;139
10884;33;624692157;10884;420;11918;12057;5.86;0.36;294.08;14.47;1034;34;4143.00;139
10888;33;624692170;10888;413;11919;12057;5.91;0.36;294.03;14.47;1031;34;4144.00;138
10889;33;624692184;10889;406;11919;12057;5.94;0.37;294.03;14.47;1030;34;4145.00;138
10893;33;624692197;10893;403;11919;12058;5.96;0.37;293.98;14.47;1026;34;4146.00;139
10895;33;624692217;10895;404;11919;12058;5.98;0.37;293.97;14.47;1024;34;4147.00;139
10897;33;624692230;10897;397;11924;12064;6.07;0.37;293.94;14.46;1027;34;4148.00;140
10898;33;624692244;10898;393;11925;12065;6.13;0.38;293.94;14.46;1027;34;4149.00;140
10898;33;624692257;10898;392;11925;12065;6.18;0.38;293.94;14.46;1027;34;4150.00;140
10899;33;624692270;10899;393;11925;12065;6.17;0.38;293.94;14.46;1026;34;4151.00;140
10901;33;624692284;10901;390;11928;12069;6.24;0.38;294.01;14.46;1027;34;4152.00;141
10903;33;624692297;10903;388;11928;12069;6.25;0.38;294.06;14.46;1025;34;4153.00;141
10906;33;624692311;10906;386;11928;12069;6.22;0.38;294.02;14.46;1022;34;4154.00;141
10910;33;624692324;10910;392;11929;12070;6.25;0.38;293.98;14.46;1019;34;4155.00;141
10916;33;624692337;10916;389;11932;12074;6.23;0.38;294.00;14.45;1016;34;4156.00;142
10918;33;624692384;10918;382;11932;12074;6.25;0.38;293.97;14.45;1014;34;4157.00;142
10919;33;624692397;10919;380;11934;12077;6.32;0.38;294.01;14.45;1015;34;4158.00;143
10923;33;624692416;10923;382;11934;12077;6.35;0.39;294.00;14.45;1011;34;4159.00;143
10927;33;624692429;10927;384;11936;12077;6.39;0.39;293.95;14.58;1009;34;4160.00;141
10929;33;624692443;10929;378;11936;12077;6.40;0.39;293.94;14.58;1007;34;4161.00;141
10931;33;624692456;10931;381;11940;12081;6.45;0.39;294.00;14.57;1009;34;4162.00;141
10933;33;624692470;10933;378;11940;12081;6.51;0.40;293.96;14.57;1007;34;4163.00;141
10935;33;624692482;10935;379;11940;12081;6.56;0.40;293.96;14.57;1005;34;4164.00;141
10935;33;624692506;10935;374;11940;12081;6.61;0.40;293.96;14.57;1005;34;4165.00;141
10936;33;624692525;10936;372;11940;12082;6.62;0.40;293.95;14.57;1004;34;4166.00;142
10937;33;624692548;10937;363;11941;12083;6.65;0.40;293.96;14.57;1004;34;4167.00;142
10939;33;624692567;10939;352;11941;12083;6.63;0.40;293.98;14.57;1002;34;4168.00;142
10940;33;624692586;10940;353;11942;12084;6.68;0.40;293.98;14.57;1002;34;4169.00;142
10940;33;624692608;10940;354;11942;12084;6.68;0.40;293.98;14.57;1002;34;4170.00;142
10940;33;624692621;10940;340;11942;12084;6.79;0.41;293.98;14.57;1002;34;4171.00;142
10940;33;624692635;10940;327;11942;12084;6.89;0.42;293.98;14.57;1002;34;4172.00;142
10942;33;624692649;10942;325;11944;12086;6.95;0.42;293.97;14.57;1002;34;4173.00;142
10943;33;624692665;10943;318;11944;12086;7.04;0.43;294.00;14.57;1001;34;4174.00;142
10944;33;624692678;10944;315;11944;12086;7.15;0.43;293.98;14.57;1000;34;4175.00;142
10947;33;624692693;10947;338;12013;12213;7.26;0.45;293.97;14.61;1066;34;4176.00;200
10949;33;624692721;10949;321;12014;12214;7.34;0.45;293.99;14.61;1065;34;4177.00;200
10949;33;624692737;10949;316;12019;12214;7.44;0.46;293.99;14.61;1070;34;4178.00;195
10949;33;624692751;10949;309;12024;12214;7.56;0.46;293.99;14.60;1075;34;4179.00;190
10951;33;624692772;10951;303;12028;12214;7.60;0.46;293.98;14.60;1077;34;4180.00;186
10955;33;624692793;10955;304;12031;12214;7.59;0.46;293.93;14.60;1076;34;4181.00;183
10957;33;624692807;10957;300;12032;12214;7.54;0.46;293.97;14.59;1075;34;4182.00;182
10958;33;624692822;10958;299;12036;12214;7.52;0.46;293.97;14.59;1078;34;4183.00;178
10959;33;624692836;10959;301;12039;12215;7.54;0.46;293.96;14.59;1080;34;4184.00;176
10961;33;624692857;10961;305;12043;12217;7.48;0.46;293.95;14.62;1082;34;4185.00;174
10962;33;624692875;10962;309;12046;12217;7.51;0.46;293.93;14.62;1084;34;4186.00;171
10963;33;624692888;10963;317;12049;12218;7.51;0.46;293.92;14.62;1086;34;4187.00;169
10966;33;624692902;10966;318;12052;12218;7.49;0.46;293.90;14.61;1086;34;4188.00;166
10967;33;624692916;10967;315;12053;12218;7.48;0.46;293.89;14.61;1086;34;4189.00;165
10968;33;624692930;10968;313;12056;12218;7.46;0.45;293.89;14.61;1088;34;4190.00;162
10971;33;624692945;10971;317;12059;12222;7.40;0.45;293.89;14.61;1088;34;4191.00;163
10976;33;624692960;10976;316;12060;12222;7.34;0.45;293.90;14.61;1084;34;4192.00;162
10976;33;624692976;10976;315;12061;12222;7.35;0.45;293.90;14.61;1085;34;4193.00;161
10980;33;624692990;10980;307;12064;12225;7.30;0.44;293.93;14.75;1084;34;4194.00;161
10982;33;624693005;10982;309;12066;12225;7.30;0.44;293.91;14.75;1084;34;4195.00;159
10985;33;624693020;10985;312;12066;12225;7.25;0.44;293.88;14.75;1081;34;4196.00;159
10986;34;624693041;10986;311;12071;12229;7.32;0.45;293.86;14.75;1085;35;4197.00;158
10988;34;624693068;10988;313;12072;12230;7.34;0.45;293.87;14.75;1084;35;4198.00;158
10991;34;624693087;10991;317;12073;12230;7.32;0.45;293.82;14.75;1082;35;4199.00;157
10995;34;624693103;10995;324;12085;12264;7.21;0.44;293.81;14.74;1090;35;4200.00;179
10996;34;624693126;10996;322;12088;12264;7.22;0.44;293.80;14.74;1092;35;4201.00;176
10997;34;624693141;10997;324;12090;12264;7.23;0.44;293.81;14.73;1093;35;4202.00;174
10999;34;624693155;10999;325;12092;12265;7.21;0.44;293.85;14.73;1093;35;4203.00;173
11002;34;624693169;11002;324;12094;12265;7.18;0.44;293.84;14.73;1092;35;4204.00;171
11004;34;624693183;11004;325;12099;12271;7.10;0.43;293.91;14.73;1095;35;4205.00;172
11005;34;624693199;11005;329;12101;12271;7.09;0.43;293.93;14.73;1096;35;4206.00;170
11010;34;624693220;11010;335;12101;12272;7.01;0.43;293.92;14.73;1091;35;4207.00;171
11013;34;624693234;11013;343;12103;12272;6.93;0.42;293.97;14.73;1090;35;4208.00;169
11015;34;624693249;11015;348;12103;12272;6.93;0.42;293.96;14.73;1088;35;4209.00;169
11018;34;624693264;11018;348;12104;12272;6.89;0.42;293.93;14.74;1086;35;4210.00;168
11020;34;624693279;11020;361;12106;12272;6.84;0.42;294.02;14.75;1086;35;4211.00;166
11021;34;624693293;11021;365;12116;12284;6.86;0.42;294.08;14.74;1095;35;4212.00;168
11024;34;624693308;11024;370;12118;12284;6.85;0.42;294.11;14.76;1094;35;4213.00;166
11030;34;624693328;11030;375;12121;12284;6.83;0.42;294.10;14.76;1091;35;4214.00;163
11032;34;624693342;11032;381;12122;12284;6.80;0.42;294.13;14.77;1090;35;4215.00;162
11034;34;624693356;11034;379;12124;12284;6.74;0.41;294.16;14.79;1090;35;4216.00;160
11038;34;624693370;11038;381;12125;12284;6.66;0.41;294.22;14.79;1087;35;4217.00;159
11040;34;624693384;11040;382;12130;12288;6.56;0.40;294.24;14.80;1090;35;4218.00;158
11041;34;624693400;11041;390;12131;12288;6.51;0.40;294.26;14.81;1090;35;4219.00;157
11044;34;624693414;11044;398;12136;12292;6.52;0.40;294.27;14.82;1092;35;4220.00;156
11048;34;624693428;11048;397;12138;12293;6.50;0.40;294.28;14.82;1090;35;4221.00;155
11050;34;624693442;11050;409;12139;12293;6.47;0.40;294.28;14.84;1089;35;4222.00;154
11052;34;624693455;11052;417;12141;12293;6.42;0.39;294.33;14.85;1089;35;4223.00;152
11056;34;624693470;11056;424;12153;12306;6.36;0.39;294.35;14.85;1097;35;4224.00;153
11059;34;624693487;11059;423;12155;12306;6.30;0.39;294.41;14.85;1096;35;4225.00;151
11063;34;624693503;11063;426;12157;12306;6.27;0.38;294.42;14.88;1094;35;4226.00;149
11066;34;624693517;11066;423;12158;12307;6.27;0.38;294.41;14.88;1092;35;4227.00;149
11071;34;624693531;11071;426;12160;12308;6.23;0.38;294.42;14.90;1089;35;4228.00;148
11073;34;624693545;11073;425;12161;12308;6.22;0.38;294.50;14.90;1088;35;4229.00;147
11075;34;624693560;11075;418;12167;12314;6.23;0.38;294.55;14.92;1092;35;4230.00;147
11078;34;624693574;11078;418;12168;12314;6.21;0.38;294.54;14.93;1090;35;4231.00;146
11079;34;624693589;11079;427;12171;12314;6.21;0.38;294.57;14.94;1092;35;4232.00;143
11082;34;624693602;11082;421;12171;12314;6.18;0.38;294.63;14.94;1089;35;4233.00;143
11084;34;624693616;11084;417;12177;12320;6.23;0.38;294.62;14.94;1093;35;4234.00;143
11088;34;624693630;11088;410;12179;12320;6.13;0.38;294.69;14.96;1091;35;4235.00;141
11092;34;624693643;11092;412;12179;12320;6.12;0.37;294.74;14.96;1087;35;4236.00;141
11095;34;624693656;11095;407;12179;12320;6.13;0.37;294.76;14.96;1084;35;4237.00;141
11098;34;624693670;11098;414;12182;12324;6.12;0.37;294.75;14.95;1084;35;4238.00;142
11099;34;624693683;11099;407;12187;12325;6.13;0.37;294.76;14.99;1088;35;4239.00;138
11102;34;624693696;11102;413;12188;12325;6.14;0.37;294.82;14.99;1086;35;4240.00;137
11105;34;624693709;11105;412;12191;12326;6.10;0.37;294.86;15.01;1086;35;4241.00;135
11107;34;624693723;11107;417;12191;12326;6.09;0.37;294.85;15.01;1084;35;4242.00;135
11111;34;624693735;11111;417;12191;12326;6.04;0.37;294.95;15.01;1080;35;4243.00;135
11117;34;624693748;11117;413;12193;12326;5.98;0.36;295.02;15.02;1076;35;4244.00;133
11117;34;624693761;11117;407;12193;12326;5.93;0.36;295.02;15.02;1076;35;4245.00;133
11121;34;624693774;11121;414;12196;12326;5.80;0.35;295.13;15.04;1075;35;4246.00;130
11124;34;624693786;11124;406;12196;12326;5.64;0.35;295.18;15.04;1072;35;4247.00;130
11126;34;624693799;11126;424;12238;12396;5.59;0.34;295.18;14.99;1112;35;4248.00;158
11132;34;624693819;11132;426;12242;12397;5.42;0.33;295.26;15.00;1110;35;4249.00;155
11135;34;624693832;11135;414;12245;12397;5.35;0.33;295.36;14.99;1110;35;4250.00;152
11137;34;624693845;11137;417;12249;12397;5.28;0.33;295.35;15.00;1112;35;4251.00;148
11140;34;624693857;11140;417;12253;12397;5.30;0.33;295.41;15.00;1113;35;4252.00;144
11146;34;624693870;11146;421;12254;12397;5.27;0.32;295.49;15.00;1108;35;4253.00;143
11149;34;624693883;11149;417;12258;12397;5.34;0.33;295.51;15.00;1109;35;4254.00;139
11153;34;624693895;11153;414;12262;12397;5.37;0.33;295.60;15.01;1109;35;4255.00;135
11156;34;624693909;11156;420;12264;12398;5.42;0.33;295.63;15.01;1108;35;4256.00;134
11158;34;624693921;11158;413;12268;12399;5.44;0.33;295.63;15.02;1110;35;4257.00;131
11160;34;624693934;11160;410;12270;12399;5.46;0.34;295.66;15.02;1110;35;4258.00;129
11163;34;624693947;11163;403;12273;12403;5.45;0.33;295.75;15.02;1110;35;4259.00;130
11169;34;624693962;11169;409;12273;12403;5.39;0.33;295.83;15.02;1104;35;4260.00;130
11173;34;624693975;11173;411;12274;12403;5.36;0.33;295.87;15.02;1101;35;4261.00;129
11176;34;624693989;11176;402;12275;12403;5.41;0.33;295.86;15.02;1099;35;4262.00;128
11182;34;624694001;11182;404;12279;12409;5.40;0.33;295.84;15.01;1097;35;4263.00;130
11185;34;624694014;11185;412;12280;12409;5.42;0.33;295.81;15.01;1095;35;4264.00;129
11187;34;624694027;11187;405;12281;12409;5.48;0.34;295.86;15.01;1094;35;4265.00;128
11193;34;624694040;11193;402;12284;12412;5.47;0.33;295.93;15.01;1091;35;4266.00;128
11195;34;624694054;11195;404;12284;12412;5.50;0.34;295.97;15.01;1089;35;4267.00;128
11198;34;624694066;11198;406;12284;12412;5.53;0.34;295.99;15.01;1086;35;4268.00;128
11204;34;624694079;11204;402;12285;12413;5.48;0.33;296.03;15.01;1081;35;4269.00;128
11206;34;624694092;11206;400;12286;12414;5.52;0.34;296.07;15.01;1080;35;4270.00;128
11209;34;624694105;11209;395;12286;12414;5.54;0.34;296.11;15.01;1077;35;4271.00;128
11213;34;624694119;11213;400;12298;12427;5.63;0.34;296.20;14.99;1085;35;4272.00;129
11215;34;624694133;11215;397;12298;12427;5.62;0.34;296.24;14.99;1083;35;4273.00;129
11221;34;624694147;11221;405;12298;12427;5.51;0.34;296.27;14.99;1077;35;4274.00;129
11228;34;624694160;11228;405;12300;12429;5.48;0.33;296.37;14.99;1072;35;4275.00;129
11232;34;624694173;11232;411;12300;12429;5.47;0.33;296.31;14.99;1068;35;4276.00;129
11238;34;624694185;11238;422;12304;12433;5.46;0.33;296.33;14.98;1066;35;4277.00;129
11244;34;624694199;11244;419;12304;12433;5.41;0.33;296.44;14.98;1060;35;4278.00;129
11245;34;624694212;11245;419;12307;12437;5.46;0.33;296.47;14.98;1062;35;4279.00;130
11248;34;624694224;11248;420;12307;12437;5.40;0.33;296.53;14.98;1059;35;4280.00;130
11250;34;624694237;11250;426;12307;12437;5.38;0.33;296.50;14.98;1057;35;4281.00;130
11253;34;624694250;11253;424;12307;12437;5.35;0.33;296.50;14.98;1054;35;4282.00;130
11257;34;624694262;11257;433;12307;12437;5.26;0.32;296.46;14.98;1050;35;4283.00;130
11261;34;624694274;11261;433;12317;12449;5.29;0.32;296.48;14.97;1056;35;4284.00;132
11265;34;624694288;11265;434;12318;12449;5.19;0.32;296.50;15.10;1053;35;4285.00;131
11269;34;624694301;11269;436;12319;12449;5.10;0.31;296.47;15.10;1050;35;4286.00;130
11269;34;624694313;11269;439;12319;12449;5.06;0.31;296.47;15.10;1050;35;4287.00;130
11271;34;624694325;11271;442;12319;12449;5.00;0.31;296.48;15.10;1048;35;4288.00;130
11280;34;624694337;11280;447;12319;12449;4.91;0.30;296.50;15.10;1039;35;4289.00;130
11282;34;624694351;11282;454;12319;12450;4.90;0.30;296.48;15.10;1037;35;4290.00;131
11289;34;624694363;11289;454;12319;12450;4.85;0.30;296.53;15.10;1030;35;4291.00;131
11294;34;624694375;11294;459;12324;12456;4.82;0.29;296.52;15.09;1030;35;4292.00;132
11297;34;624694387;11297;460;12325;12457;4.75;0.29;296.55;15.09;1028;35;4293.00;132
11301;34;624694398;11301;459;12325;12457;4.70;0.29;296.56;15.09;1024;35;4294.00;132
11305;34;624694410;11305;463;12325;12457;4.66;0.28;296.60;15.09;1020;35;4295.00;132
11311;34;624694421;11311;474;12328;12461;4.62;0.28;296.58;15.09;1017;35;4296.00;133
11313;34;624694433;11313;471;12328;12461;4.65;0.28;296.63;15.09;1015;35;4297.00;133
11315;34;624694445;11315;465;12328;12461;4.64;0.28;296.66;15.09;1013;35;4298.00;133
11318;34;624694457;11318;472;12329;12462;4.67;0.29;296.66;15.08;1011;35;4299.00;133
11321;34;624694470;11321;472;12332;12466;4.71;0.29;296.69;15.08;1011;35;4300.00;134
11323;34;624694489;11323;473;12332;12466;4.69;0.29;296.72;15.08;1009;35;4301.00;134
11327;34;624694509;11327;481;12334;12469;4.71;0.29;296.67;15.08;1007;35;4302.00;135
11330;34;624694529;11330;479;12335;12469;4.68;0.29;296.65;15.21;1005;35;4303.00;134
11332;34;624694550;11332;478;12336;12469;4.73;0.29;296.62;15.21;1004;35;4304.00;133
11333;34;624694567;11333;477;12336;12469;4.74;0.29;296.62;15.21;1003;35;4305.00;133
11335;34;624694585;11335;465;12340;12473;4.79;0.29;296.60;15.20;1005;35;4306.00;133
11339;34;624694603;11339;444;12340;12473;4.84;0.30;296.54;15.20;1001;35;4307.00;133
11340;34;624694616;11340;439;12340;12473;4.89;0.30;296.55;15.20;1000;35;4308.00;133
11341;34;624694630;11341;422;12340;12473;4.93;0.30;296.53;15.20;999;35;4309.00;133
11344;34;624694643;11344;406;12340;12474;4.98;0.31;296.50;15.20;996;35;4310.00;134
11346;34;624694657;11346;403;12341;12475;5.08;0.31;296.49;15.20;995;35;4311.00;134
11350;34;624694672;11350;395;12341;12475;5.12;0.31;296.48;15.20;991;35;4312.00;134
11351;34;624694685;11351;390;12342;12476;5.18;0.32;296.50;15.20;991;35;4313.00;134
11353;34;624694698;11353;380;12342;12476;5.22;0.32;296.48;15.20;989;35;4314.00;134
11355;34;624694711;11355;377;12342;12476;5.28;0.32;296.48;15.20;987;35;4315.00;134
11355;34;624694726;11355;369;12342;12476;5.34;0.32;296.48;15.20;987;35;4316.00;134
11358;34;624694739;11358;371;12342;12476;5.41;0.33;296.46;15.20;984;35;4317.00;134
11360;34;624694752;11360;371;12342;12476;5.49;0.33;296.45;15.20;982;35;4318.00;134
11363;34;624694766;11363;360;12342;12476;5.60;0.34;296.43;15.20;979;35;4319.00;134
11364;34;624694781;11364;407;12454;12706;5.95;0.37;296.40;15.06;1090;35;4320.00;252
11366;34;624694817;11366;394;12458;12707;6.05;0.38;296.38;15.06;1092;35;4321.00;249
11368;34;624694832;11368;373;12469;12707;6.21;0.39;296.41;15.05;1101;35;4322.00;238
11368;34;624694848;11368;358;12473;12707;6.31;0.39;296.41;15.04;1105;35;4323.00;234
11372;34;624694861;11372;349;12479;12707;6.37;0.40;296.50;15.04;1107;35;4324.00;228
11372;34;624694876;11372;343;12483;12707;6.44;0.40;296.50;15.16;1111;35;4325.00;224
11374;34;624694891;11374;336;12488;12707;6.48;0.40;296.48;15.16;1114;35;4326.00;219
11376;34;624694908;11376;325;12493;12707;6.52;0.40;296.48;15.15;1117;35;4327.00;214
11377;34;624694923;11377;332;12498;12708;6.60;0.41;296.47;15.15;1121;35;4328.00;210
11377;34;624694938;11377;331;12501;12709;6.66;0.41;296.47;15.15;1124;35;4329.00;208
11378;34;624694952;11378;330;12508;12709;6.70;0.41;296.48;15.15;1130;35;4330.00;201
11380;34;624694968;11380;331;12511;12710;6.66;0.41;296.47;15.15;1131;35;4331.00;199
11381;34;624694983;11381;332;12513;12710;6.71;0.41;296.50;15.15;1132;35;4332.00;197
11383;34;624694998;11383;334;12516;12710;6.72;0.41;296.48;15.14;1133;35;4333.00;194
11383;34;624695012;11383;333;12518;12710;6.75;0.41;296.48;15.14;1135;35;4334.00;192
11383;34;624695034;11383;337;12519;12714;6.80;0.42;296.48;15.14;1136;35;4335.00;195
11386;34;624695049;11386;343;12520;12714;6.78;0.41;296.44;15.14;1134;35;4336.00;194
11386;34;624695064;11386;338;12522;12714;6.82;0.42;296.44;15.14;1136;35;4337.00;192
11387;34;624695079;11387;339;12522;12717;6.84;0.42;296.43;15.14;1135;35;4338.00;195
11387;34;624695095;11387;343;12524;12717;6.89;0.42;296.43;15.14;1137;35;4339.00;193
11388;34;624695110;11388;338;12527;12717;6.90;0.42;296.43;15.14;1139;35;4340.00;190
11388;34;624695132;11388;342;12530;12721;6.89;0.42;296.43;15.14;1142;35;4341.00;191
11389;34;624695147;11389;339;12531;12722;6.98;0.43;296.42;15.14;1142;35;4342.00;191
11393;34;624695163;11393;334;12531;12722;7.05;0.43;296.43;15.14;1138;35;4343.00;191
11395;34;624695178;11395;345;12532;12726;7.11;0.43;296.42;15.14;1137;35;4344.00;194
11396;34;624695200;11396;347;12533;12726;7.15;0.43;296.41;15.14;1137;35;4345.00;193
11400;34;624695215;11400;346;12535;12726;7.18;0.44;296.41;15.14;1135;35;4346.00;191
11402;34;624695230;11402;346;12535;12727;7.19;0.44;296.44;15.14;1133;35;4347.00;192
11403;34;624695245;11403;350;12535;12727;7.20;0.44;296.48;15.14;1132;35;4348.00;192
11404;34;624695260;11404;344;12539;12733;7.24;0.44;296.47;15.14;1135;35;4349.00;194
11411;34;624695279;11411;345;12540;12733;7.21;0.44;296.49;15.14;1129;35;4350.00;193
11413;34;624695294;11413;345;12541;12734;7.19;0.44;296.51;15.14;1128;35;4351.00;193
11416;34;624695310;11416;346;12542;12734;7.13;0.43;296.48;15.14;1126;35;4352.00;192
11417;34;624695325;11417;347;12546;12734;7.07;0.43;296.51;15.14;1129;35;4353.00;188
11419;34;624695339;11419;340;12547;12734;7.00;0.43;296.54;15.14;1128;35;4354.00;187
11423;34;624695355;11423;338;12550;12734;6.91;0.42;296.54;15.17;1127;35;4355.00;184
11425;34;624695371;11425;340;12558;12746;6.90;0.42;296.54;15.16;1133;35;4356.00;188
11426;34;624695387;11426;345;12559;12746;6.88;0.42;296.53;15.16;1133;35;4357.00;187
11428;34;624695401;11428;345;12560;12746;6.93;0.42;296.51;15.16;1132;35;4358.00;186
11433;34;624695416;11433;347;12561;12746;6.95;0.42;296.51;15.16;1128;35;4359.00;185
11433;34;624695430;11433;342;12563;12746;6.99;0.43;296.51;15.16;1130;35;4360.00;183
11438;34;624695445;11438;349;12564;12746;6.98;0.42;296.52;15.16;1126;35;4361.00;182
11443;34;624695459;11443;350;12567;12750;7.00;0.43;296.45;15.15;1124;35;4362.00;183
11447;34;624695476;11447;359;12567;12750;7.04;0.43;296.58;15.15;1120;35;4363.00;183
11448;34;624695492;11448;361;12570;12754;7.10;0.43;296.63;15.15;1122;35;4364.00;184
11452;34;624695509;11452;351;12572;12756;7.10;0.43;296.77;15.15;1120;35;4365.00;184
11454;34;624695525;11454;350;12572;12756;7.02;0.43;296.78;15.15;1118;35;4366.00;184
11457;34;624695539;11457;359;12574;12756;6.98;0.42;296.87;15.15;1117;35;4367.00;182
11458;34;624695554;11458;364;12584;12769;6.99;0.43;296.92;15.15;1126;35;4368.00;185
11459;34;624695569;11459;364;12584;12769;6.98;0.43;296.97;15.15;1125;35;4369.00;185
11462;34;624695583;11462;369;12587;12769;6.96;0.43;296.99;15.15;1125;35;4370.00;182
11464;34;624695599;11464;373;12588;12770;6.98;0.43;296.99;15.15;1124;35;4371.00;182
11466;34;624695614;11466;373;12589;12771;6.93;0.42;297.04;15.15;1123;35;4372.00;182
11468;34;624695628;11468;380;12590;12771;6.94;0.42;297.08;15.15;1122;35;4373.00;181
11471;34;624695648;11471;378;12593;12774;6.95;0.42;297.17;15.15;1122;35;4374.00;181
11474;34;624695663;11474;383;12593;12774;6.90;0.42;297.17;15.15;1119;35;4375.00;181
11477;34;624695677;11477;387;12595;12774;6.94;0.42;297.24;15.15;1118;35;4376.00;179
11478;34;624695690;11478;392;12595;12774;6.92;0.42;297.22;15.15;1117;35;4377.00;179
11479;34;624695705;11479;394;12601;12780;6.91;0.42;297.25;15.15;1122;35;4378.00;179
11481;34;624695719;11481;400;12601;12780;6.89;0.42;297.27;15.15;1120;35;4379.00;179
11485;34;624695735;11485;407;12602;12780;6.80;0.42;297.36;15.16;1117;35;4380.00;178
11486;34;624695750;11486;409;12603;12780;6.78;0.41;297.35;15.17;1117;35;4381.00;177
11490;34;624695764;11490;415;12607;12784;6.70;0.41;297.40;15.17;1117;35;4382.00;177
11494;34;624695778;11494;419;12610;12785;6.69;0.41;297.37;15.19;1116;35;4383.00;175
11499;34;624695793;11499;421;12612;12785;6.67;0.41;297.37;15.20;1113;35;4384.00;173
11502;34;624695814;11502;427;12615;12786;6.64;0.41;297.37;15.22;1113;35;4385.00;171
11506;34;624695828;11506;429;12616;12786;6.61;0.40;297.44;15.22;1110;35;4386.00;170
11510;34;624695843;11510;434;12619;12786;6.54;0.40;297.41;15.25;1109;35;4387.00;167
11513;34;624695857;11513;439;12622;12786;6.50;0.40;297.39;15.28;1109;35;4388.00;164
11514;34;624695871;11514;441;12625;12786;6.44;0.39;297.39;15.30;1111;35;4389.00;161
11514;34;624695884;11514;450;12627;12786;6.42;0.39;297.39;15.32;1113;35;4390.00;159
11515;34;624695899;11515;452;12627;12786;6.39;0.39;297.43;15.32;1112;35;4391.00;159
11517;34;624695912;11517;466;12664;12856;6.44;0.39;297.46;15.30;1147;35;4392.00;192
11520;34;624695932;11520;469;12667;12857;6.41;0.39;297.48;15.31;1147;35;4393.00;190
11520;34;624695946;11520;469;12674;12857;6.40;0.39;297.48;15.30;1154;35;4394.00;183
11522;34;624695960;11522;472;12677;12857;6.35;0.39;297.53;15.31;1155;35;4395.00;180
11524;34;624695975;11524;469;12683;12857;6.32;0.39;297.57;15.32;1159;35;4396.00;174
11526;34;624695989;11526;464;12688;12857;6.30;0.38;297.58;15.32;1162;35;4397.00;169
11528;34;624696008;11528;465;12693;12857;6.23;0.38;297.60;15.32;1165;35;4398.00;164
11528;34;624696023;11528;466;12696;12857;6.20;0.38;297.60;15.33;1168;35;4399.00;161
11531;34;624696038;11531;462;12700;12858;6.14;0.38;297.63;15.34;1169;35;4400.00;158
11536;34;624696055;11536;462;12702;12859;6.04;0.37;297.65;15.35;1166;35;4401.00;157
11539;34;624696069;11539;463;12703;12859;5.99;0.37;297.79;15.35;1164;35;4402.00;156
11540;34;624696089;11540;467;12706;12863;5.98;0.37;297.84;15.36;1166;35;4403.00;157
11543;34;624696107;11543;463;12706;12863;5.94;0.36;297.79;15.36;1163;35;4404.00;157
11545;34;624696122;11545;469;12707;12863;5.92;0.36;297.80;15.36;1162;35;4405.00;156
11545;34;624696137;11545;472;12708;12863;5.95;0.36;297.80;15.37;1163;35;4406.00;155
11551;34;624696151;11551;476;12714;12869;6.01;0.37;297.80;15.37;1163;35;4407.00;155
11557;34;624696167;11557;477;12717;12869;5.99;0.36;297.95;15.39;1160;35;4408.00;152
11558;34;624696182;11558;475;12717;12869;5.99;0.36;297.94;15.39;1159;35;4409.00;152
11562;34;624696198;11562;478;12722;12875;6.01;0.37;297.99;15.40;1160;35;4410.00;153
11565;34;624696215;11565;474;12722;12875;5.98;0.36;298.01;15.40;1157;35;4411.00;153
11566;34;624696237;11566;479;12724;12875;5.92;0.36;298.01;15.40;1158;35;4412.00;151
11572;34;624696252;11572;487;12725;12876;5.77;0.35;298.04;15.41;1153;35;4413.00;151
11576;34;624696267;11576;484;12726;12877;5.72;0.35;298.12;15.41;1150;35;4414.00;151
11581;34;624696283;11581;486;12728;12877;5.62;0.34;298.18;15.41;1147;35;4415.00;149
11585;34;624696298;11585;490;12738;12890;5.58;0.34;298.29;15.40;1153;35;4416.00;152
11588;34;624696313;11588;487;12738;12890;5.49;0.33;298.31;15.40;1150;35;4417.00;152
11590;34;624696325;11590;491;12740;12890;5.43;0.33;298.30;15.41;1150;35;4418.00;150
11592;34;624696339;11592;487;12742;12891;5.38;0.33;298.37;15.43;1150;35;4419.00;149
11596;34;624696353;11596;486;12743;12891;5.34;0.33;298.45;15.43;1147;35;4420.00;148
11597;34;624696366;11597;483;12747;12895;5.38;0.33;298.46;15.43;1150;35;4421.00;148
11601;34;624696380;11601;484;12748;12895;5.37;0.33;298.55;15.43;1147;35;4422.00;147
11607;34;624696394;11607;481;12752;12899;5.36;0.33;298.64;15.44;1145;35;4423.00;147
11611;34;624696409;11611;477;12754;12899;5.41;0.33;298.62;15.44;1143;35;4424.00;145
11614;34;624696422;11614;474;12755;12899;5.44;0.33;298.69;15.43;1141;35;4425.00;144
11619;34;624696436;11619;472;12755;12899;5.46;0.33;298.79;15.43;1136;35;4426.00;144
11622;34;624696450;11622;462;12755;12899;5.52;0.34;298.82;15.43;1133;35;4427.00;144
11624;34;624696464;11624;451;12765;12911;5.60;0.34;298.86;15.42;1141;35;4428.00;146
11626;34;624696480;11626;454;12766;12911;5.64;0.34;298.88;15.42;1140;35;4429.00;145
11629;34;624696498;11629;445;12767;12911;5.65;0.35;298.96;15.42;1138;35;4430.00;144
11631;34;624696520;11631;439;12767;12911;5.69;0.35;298.93;15.42;1136;35;4431.00;144
11635;34;624696543;11635;445;12767;12911;5.68;0.35;299.01;15.42;1132;35;4432.00;144
11639;34;624696564;11639;436;12768;12911;5.70;0.35;299.04;15.42;1129;35;4433.00;143
11641;34;624696582;11641;435;12768;12912;5.72;0.35;299.06;15.42;1127;35;4434.00;144
11645;34;624696601;11645;442;12768;12912;5.73;0.35;299.05;15.42;1123;35;4435.00;144
11651;34;624696617;11651;446;12773;12918;5.76;0.35;299.12;15.42;1122;35;4436.00;145
11654;34;624696633;11654;452;12775;12919;5.79;0.35;299.16;15.42;1121;35;4437.00;144
11657;34;624696648;11657;456;12775;12919;5.81;0.36;299.16;15.42;1118;35;4438.00;144
11660;34;624696664;11660;461;12775;12919;5.84;0.36;299.15;15.42;1115;35;4439.00;144
11661;34;624696682;11661;467;12779;12924;5.91;0.36;299.14;15.41;1118;35;4440.00;145
11666;34;624696697;11666;466;12779;12924;5.89;0.36;299.15;15.41;1113;35;4441.00;145
11671;34;624696712;11671;467;12779;12924;5.79;0.36;299.18;15.41;1108;35;4442.00;145
11677;34;624696727;11677;467;12780;12925;5.74;0.35;299.20;15.41;1103;35;4443.00;145
11678;34;624696741;11678;462;12784;12929;5.70;0.35;299.23;15.54;1106;35;4444.00;145
11683;34;624696757;11683;463;12784;12929;5.66;0.35;299.18;15.54;1101;35;4445.00;145
11686;34;624696772;11686;465;12786;12932;5.61;0.35;299.16;15.54;1100;35;4446.00;146
11691;34;624696786;11691;465;12786;12932;5.54;0.34;299.28;15.54;1095;35;4447.00;146
11697;34;624696800;11697;461;12787;12932;5.48;0.34;299.27;15.53;1090;35;4448.00;145
11703;34;624696814;11703;462;12787;12932;5.35;0.33;299.33;15.53;1084;35;4449.00;145
11708;34;624696828;11708;461;12791;12936;5.33;0.33;299.32;15.53;1083;35;4450.00;145
11712;34;624696842;11712;465;12791;12936;5.29;0.33;299.29;15.53;1079;35;4451.00;145
11717;34;624696855;11717;461;12791;12936;5.27;0.32;299.24;15.53;1074;35;4452.00;145
11722;34;624696869;11722;467;12791;12936;5.18;0.32;299.21;15.53;1069;35;4453.00;145
11728;34;624696882;11728;471;12791;12937;5.08;0.31;299.17;15.53;1063;35;4454.00;146
11734;34;624696894;11734;473;12793;12939;5.02;0.31;299.09;15.53;1059;35;4455.00;146
11738;34;624696908;11738;475;12793;12939;4.94;0.30;299.03;15.53;1055;35;4456.00;146
11740;34;624696921;11740;479;12794;12940;4.92;0.30;299.02;15.53;1054;35;4457.00;146
11742;34;624696933;11742;482;12794;12940;4.86;0.30;298.99;15.53;1052;35;4458.00;146
11749;34;624696946;11749;471;12794;12940;4.72;0.29;298.98;15.53;1045;35;4459.00;146
11757;34;624696959;11757;478;12795;12940;4.59;0.28;298.90;15.65;1038;35;4460.00;145
11760;34;624696973;11760;484;12795;12940;4.51;0.27;298.88;15.65;1035;35;4461.00;145
11761;34;624696985;11761;497;12795;12940;4.41;0.27;298.88;15.65;1034;35;4462.00;145
11764;34;624696996;11764;487;12795;12940;4.30;0.26;298.85;15.65;1031;35;4463.00;145
11766;34;624697008;11766;502;12864;13067;4.81;0.30;298.86;15.57;1098;35;4464.00;203
11768;34;624697030;11768;498;12867;13068;4.79;0.30;298.85;15.57;1099;35;4465.00;201
11769;34;624697042;11769;501;12875;13068;4.85;0.30;298.85;15.56;1106;35;4466.00;193
11769;34;624697055;11769;484;12877;13068;4.85;0.30;298.85;15.68;1108;35;4467.00;191
11769;34;624697067;11769;480;12882;13068;4.89;0.30;298.85;15.68;1113;35;4468.00;186
11773;34;624697079;11773;471;12884;13068;4.82;0.30;298.82;15.67;1111;35;4469.00;184
11773;34;624697094;11773;467;12885;13068;4.77;0.29;298.82;15.67;1112;35;4470.00;183
11774;34;624697107;11774;470;12889;13068;4.74;0.29;298.82;15.67;1115;35;4471.00;179
11774;34;624697120;11774;467;12890;13069;4.69;0.29;298.82;15.67;1116;35;4472.00;179
11775;34;624697132;11775;479;12895;13070;4.61;0.28;298.81;15.67;1120;35;4473.00;175
11777;34;624697145;11777;486;12898;13070;4.53;0.28;298.85;15.67;1121;35;4474.00;172
11780;34;624697157;11780;476;12900;13071;4.46;0.27;298.81;15.67;1120;35;4475.00;171
11781;34;624697170;11781;455;12901;13071;4.49;0.28;298.81;15.67;1120;35;4476.00;170
11781;34;624697183;11781;438;12907;13071;4.60;0.28;298.81;15.66;1126;35;4477.00;164
11781;34;624697196;11781;422;12909;13071;4.70;0.29;298.81;15.79;1128;35;4478.00;162
11781;34;624697210;11781;415;12913;13075;4.84;0.30;298.81;15.78;1132;35;4479.00;162
11782;34;624697240;11782;403;12915;13075;5.05;0.31;298.80;15.78;1133;35;4480.00;160
11782;34;624697257;11782;393;12916;13075;5.26;0.32;298.80;15.78;1134;35;4481.00;159
11782;34;624697272;11782;381;12919;13078;5.45;0.34;298.80;15.78;1137;35;4482.00;159
11785;34;624697286;11785;372;12919;13078;5.58;0.34;298.81;15.78;1134;35;4483.00;159
11786;34;624697302;11786;361;12920;13078;5.73;0.35;298.86;15.78;1134;35;4484.00;158
11787;34;624697317;11787;356;12923;13082;5.89;0.36;298.84;15.78;1136;35;4485.00;159
11788;34;624697339;11788;355;12925;13083;6.05;0.37;298.84;15.78;1137;35;4486.00;158
11790;34;624697356;11790;348;12926;13083;6.15;0.38;298.81;15.78;1136;35;4487.00;157
11791;34;624697372;11791;343;12929;13087;6.28;0.38;298.82;15.77;1138;35;4488.00;158
11793;34;624697387;11793;335;12930;13087;6.33;0.39;298.81;15.77;1137;35;4489.00;157
11793;34;624697402;11793;325;12931;13087;6.41;0.39;298.81;15.77;1138;35;4490.00;156
11796;34;624697417;11796;318;12932;13088;6.46;0.39;298.81;15.77;1136;35;4491.00;156
11798;34;624697434;11798;318;12932;13088;6.51;0.40;298.84;15.77;1134;35;4492.00;156
11800;34;624697455;11800;309;12937;13094;6.55;0.40;298.81;15.76;1137;35;4493.00;157
11801;34;624697473;11801;311;12937;13094;6.61;0.40;298.79;15.76;1136;35;4494.00;157
11802;34;624697490;11802;311;12937;13095;6.68;0.41;298.78;15.76;1135;35;4495.00;158
11808;34;624697509;11808;310;12937;13095;6.68;0.41;298.77;15.76;1129;35;4496.00;158
11809;34;624697524;11809;312;12937;13095;6.78;0.41;298.76;15.76;1128;35;4497.00;158
11813;34;624697541;11813;310;12937;13095;6.82;0.41;298.80;15.76;1124;35;4498.00;158
11814;34;624697556;11814;302;12937;13095;6.83;0.41;298.78;15.76;1123;35;4499.00;158
11818;34;624697574;11818;301;12963;13145;6.92;0.42;298.76;15.73;1145;35;4500.00;182
11820;34;624697598;11820;289;12964;13147;6.97;0.42;298.77;15.73;1144;35;4501.00;183
11825;34;624697614;11825;285;12967;13147;7.04;0.43;298.94;15.73;1142;35;4502.00;180
11826;34;624697629;11826;281;12967;13147;7.11;0.43;298.97;15.73;1141;35;4503.00;180
11831;34;624697644;11831;279;12969;13147;7.12;0.43;298.99;15.73;1138;35;4504.00;178
11832;34;624697660;11832;277;12971;13147;7.17;0.43;299.04;15.73;1139;35;4505.00;176
11833;34;624697679;11833;273;12974;13151;7.22;0.44;299.09;15.72;1141;35;4506.00;177
11835;34;624697701;11835;276;12975;13151;7.32;0.44;299.11;15.72;1140;35;4507.00;176
11837;34;624697716;11837;273;12978;13155;7.41;0.45;299.16;15.72;1141;35;4508.00;177
11839;34;624697732;11839;270;12979;13156;7.48;0.45;299.18;15.72;1140;35;4509.00;177
11840;34;624697748;11840;270;12980;13156;7.51;0.45;299.19;15.72;1140;35;4510.00;176
11843;34;624697764;11843;267;12980;13156;7.50;0.45;299.19;15.72;1137;35;4511.00;176
11844;34;624697780;11844;268;12990;13169;7.47;0.45;299.18;15.70;1146;35;4512.00;179
11846;34;624697797;11846;266;12991;13169;7.51;0.45;299.21;15.70;1145;35;4513.00;178
11849;34;624697813;11849;258;12991;13169;7.60;0.46;299.21;15.70;1142;35;4514.00;178
11853;34;624697829;11853;267;12993;13170;7.66;0.46;299.21;15.70;1140;35;4515.00;177
11855;34;624697844;11855;259;12994;13171;7.68;0.47;299.20;15.83;1139;35;4516.00;177
11859;34;624697862;11859;256;12994;13171;7.67;0.46;299.27;15.83;1135;35;4517.00;177
11860;34;624697878;11860;256;12997;13174;7.71;0.47;299.26;15.83;1137;35;4518.00;177
11862;34;624697894;11862;257;12997;13174;7.67;0.47;299.29;15.83;1135;35;4519.00;177
11866;34;624697909;11866;260;12998;13174;7.59;0.46;299.36;15.82;1132;35;4520.00;176
11868;34;624697924;11868;259;12999;13174;7.54;0.46;299.36;15.82;1131;35;4521.00;175
11872;34;624697939;11872;260;13003;13180;7.46;0.45;299.37;15.82;1131;35;4522.00;177
11874;34;624697954;11874;263;13003;13180;7.45;0.45;299.40;15.82;1129;35;4523.00;177
11879;34;624697969;11879;260;13005;13180;7.42;0.45;299.38;15.83;1126;35;4524.00;175
11881;34;624697987;11881;257;13006;13180;7.40;0.45;299.42;15.85;1125;35;4525.00;174
11887;34;624698002;11887;257;13010;13184;7.32;0.44;299.43;15.85;1123;35;4526.00;174
11889;34;624698017;11889;253;13011;13185;7.34;0.45;299.41;15.85;1122;35;4527.00;174
11891;34;624698032;11891;258;13011;13185;7.37;0.45;299.43;15.85;1120;35;4528.00;174
11893;34;624698047;11893;259;13012;13186;7.39;0.45;299.42;15.84;1119;35;4529.00;174
11895;34;624698063;11895;261;13013;13186;7.40;0.45;299.39;15.85;1118;35;4530.00;173
11899;34;624698079;11899;257;13013;13186;7.41;0.45;299.39;15.85;1114;35;4531.00;173
11903;34;624698094;11903;264;13015;13186;7.42;0.45;299.45;15.85;1112;35;4532.00;171
11907;34;624698108;11907;268;13015;13186;7.39;0.45;299.55;15.85;1108;35;4533.00;171
11912;34;624698128;11912;281;13015;13186;7.34;0.44;299.55;15.85;1103;35;4534.00;171
11914;34;624698143;11914;276;13017;13186;7.33;0.44;299.59;15.85;1103;35;4535.00;169
11916;34;624698158;11916;291;13051;13256;7.38;0.45;299.66;15.82;1135;35;4536.00;205
11918;34;624698179;11918;289;13055;13257;7.40;0.45;299.68;15.81;1137;35;4537.00;202
11920;34;624698194;11920;284;13060;13257;7.45;0.45;299.72;15.81;1140;35;4538.00;197
11923;34;624698208;11923;281;13064;13257;7.44;0.45;299.82;15.80;1141;35;4539.00;193
11926;34;624698224;11926;281;13068;13257;7.45;0.45;299.89;15.80;1142;35;4540.00;189
11930;34;624698238;11930;288;13074;13257;7.42;0.45;299.97;15.79;1144;35;4541.00;183
11932;34;624698254;11932;290;13078;13257;7.43;0.45;300.02;15.79;1146;35;4542.00;179
11933;34;624698269;11933;287;13081;13257;7.42;0.45;300.06;15.79;1148;35;4543.00;176
11936;34;624698283;11936;288;13083;13258;7.40;0.45;300.05;15.79;1147;35;4544.00;175
11937;34;624698297;11937;286;13086;13260;7.36;0.45;300.11;15.79;1149;35;4545.00;174
11939;34;624698313;11939;291;13087;13260;7.36;0.45;300.20;15.79;1148;35;4546.00;173
11942;34;624698327;11942;290;13093;13264;7.29;0.44;300.28;15.79;1151;35;4547.00;171
11945;34;624698343;11945;294;13093;13264;7.28;0.44;300.32;15.79;1148;35;4548.00;171
11948;34;624698357;11948;299;13093;13264;7.26;0.44;300.40;15.79;1145;35;4549.00;171
11952;34;624698371;11952;305;13095;13264;7.22;0.44;300.44;15.81;1143;35;4550.00;169
11954;34;624698386;11954;311;13100;13270;7.19;0.44;300.45;15.80;1146;35;4551.00;170
11958;34;624698401;11958;317;13100;13270;7.17;0.44;300.54;15.80;1142;35;4552.00;170
11960;34;624698416;11960;324;13102;13270;7.14;0.44;300.58;15.82;1142;35;4553.00;168
11963;34;624698431;11963;322;13104;13273;7.14;0.44;300.62;15.82;1141;35;4554.00;169
11966;34;624698446;11966;322;13105;13273;7.15;0.44;300.67;15.82;1139;35;4555.00;168
11968;34;624698460;11968;326;13107;13273;7.11;0.43;300.65;15.84;1139;35;4556.00;166
11971;34;624698475;11971;331;13107;13274;7.06;0.43;300.69;15.84;1136;35;4557.00;167
11974;34;624698489;11974;335;13110;13275;7.02;0.43;300.71;15.86;1136;35;4558.00;165
11977;34;624698512;11977;340;13110;13275;7.00;0.43;300.71;15.86;1133;35;4559.00;165
11980;34;624698537;11980;345;13130;13301;6.99;0.43;300.77;15.85;1150;35;4560.00;171
11985;34;624698564;11985;335;13132;13301;6.94;0.42;300.85;15.86;1147;35;4561.00;169
11988;34;624698587;11988;342;13133;13301;6.88;0.42;300.91;15.86;1145;35;4562.00;168
11992;34;624698610;11992;352;13137;13302;6.88;0.42;300.99;15.89;1145;35;4563.00;165
11996;34;624698629;11996;355;13138;13302;6.80;0.41;301.06;15.90;1142;35;4564.00;164
12000;34;624698644;12000;360;13143;13306;6.77;0.41;301.07;15.91;1143;35;4565.00;163
12004;34;624698661;12004;361;13145;13306;6.66;0.40;301.11;15.94;1141;35;4566.00;161
12006;34;624698676;12006;370;13148;13310;6.53;0.40;301.22;15.94;1142;35;4567.00;162
12008;34;624698692;12008;379;13150;13310;6.43;0.39;301.29;15.96;1142;35;4568.00;160
12010;34;624698706;12010;376;13150;13310;6.34;0.39;301.30;15.96;1140;35;4569.00;160
12011;34;624698720;12011;379;13150;13310;6.23;0.38;301.33;15.96;1139;35;4570.00;160
12013;34;624698733;12013;381;13152;13310;6.12;0.37;301.39;15.98;1139;35;4571.00;158
12015;34;624698747;12015;382;13162;13322;6.07;0.37;301.41;15.97;1147;35;4572.00;160
12017;34;624698762;12017;381;13162;13322;6.02;0.37;301.37;15.97;1145;35;4573.00;160
12018;34;624698776;12018;384;13165;13322;5.95;0.36;301.41;15.99;1147;35;4574.00;157
12020;34;624698790;12020;391;13165;13322;5.91;0.36;301.43;15.99;1145;35;4575.00;157
12023;34;624698804;12023;390;13165;13322;5.91;0.36;301.48;15.99;1142;35;4576.00;157
12025;34;624698818;12025;397;13167;13322;5.88;0.36;301.46;16.01;1142;35;4577.00;155
12027;34;624698831;12027;404;13167;13323;5.82;0.36;301.57;16.01;1140;35;4578.00;156
12028;34;624698847;12028;409;13169;13323;5.82;0.36;301.60;16.03;1141;35;4579.00;154
12030;34;624698860;12030;406;13174;13329;5.82;0.36;301.61;16.03;1144;35;4580.00;155
12033;34;624698874;12033;409;13177;13330;5.74;0.35;301.65;16.05;1144;35;4581.00;153
12035;34;624698888;12035;407;13177;13330;5.65;0.35;301.66;16.05;1142;35;4582.00;153
12040;34;624698902;12040;421;13177;13330;5.56;0.34;301.70;16.05;1137;35;4583.00;153
12046;34;624698915;12046;429;13182;13334;5.47;0.33;301.76;16.06;1136;35;4584.00;152
12051;34;624698930;12051;426;13182;13334;5.34;0.33;301.73;16.06;1131;35;4585.00;152
12057;34;624698945;12057;428;13184;13334;5.19;0.32;301.81;16.07;1127;35;4586.00;150
12061;34;624698959;12061;438;13185;13335;5.05;0.31;301.86;16.07;1124;35;4587.00;150
12065;34;624698974;12065;451;13188;13339;4.90;0.30;301.87;16.07;1123;35;4588.00;151
12068;34;624698987;12068;453;13190;13339;4.79;0.29;301.91;16.09;1122;35;4589.00;149
12073;34;624699004;12073;452;13194;13345;4.76;0.29;301.94;16.08;1121;35;4590.00;151
12077;34;624699018;12077;444;13197;13345;4.70;0.29;302.01;16.10;1120;35;4591.00;148
12079;34;624699031;12079;442;13198;13345;4.68;0.29;302.02;16.10;1119;35;4592.00;147
12084;34;624699043;12084;444;13198;13345;4.59;0.28;302.05;16.10;1114;35;4593.00;147
12085;34;624699056;12085;446;13204;13349;4.57;0.28;302.08;16.10;1119;35;4594.00;145
12088;34;624699069;12088;439;13204;13349;4.51;0.28;302.08;16.10;1116;35;4595.00;145
12093;34;624699081;12093;448;13206;13349;4.39;0.27;302.09;16.12;1113;35;4596.00;143
12095;34;624699094;12095;444;13206;13349;4.37;0.27;302.06;16.12;1111;35;4597.00;143
12097;34;624699106;12097;439;13208;13350;4.36;0.27;302.07;16.13;1111;35;4598.00;142
12100;34;624699119;12100;442;13209;13351;4.35;0.27;302.04;16.13;1109;35;4599.00;142
12102;34;624699132;12102;440;13209;13351;4.37;0.27;302.06;16.13;1107;35;4600.00;142
12105;34;624699148;12105;441;13210;13352;4.39;0.27;302.05;16.13;1105;35;4601.00;142
12107;34;624699161;12107;437;13210;13352;4.45;0.27;302.05;16.13;1103;35;4602.00;142
12111;34;624699173;12111;437;13210;13352;4.50;0.28;302.03;16.13;1099;35;4603.00;142
12114;34;624699186;12114;435;13210;13352;4.55;0.28;302.03;16.13;1096;35;4604.00;142
12117;34;624699198;12117;438;13211;13352;4.60;0.28;302.02;16.26;1094;35;4605.00;141
12122;34;624699213;12122;438;13211;13352;4.60;0.28;302.00;16.26;1089;35;4606.00;141
12125;34;624699226;12125;441;13211;13352;4.65;0.29;301.96;16.26;1086;35;4607.00;141
12127;34;624699238;12127;450;13271;13479;5.24;0.33;301.97;16.18;1144;35;4608.00;208
12130;34;624699264;12130;448;13275;13480;5.23;0.33;301.99;16.18;1145;35;4609.00;205
12136;34;624699276;12136;455;13284;13480;5.27;0.33;301.99;16.17;1148;35;4610.00;196
12140;34;624699290;12140;457;13289;13480;5.19;0.32;301.93;16.16;1149;35;4611.00;191
12145;34;624699304;12145;459;13297;13480;5.14;0.32;301.90;16.16;1152;35;4612.00;183
12148;34;624699318;12148;468;13302;13480;5.08;0.32;301.90;16.15;1154;35;4613.00;178
12151;34;624699331;12151;477;13305;13480;5.00;0.31;301.88;16.15;1154;35;4614.00;175
12154;34;624699344;12154;482;13308;13480;4.95;0.31;301.90;16.15;1154;35;4615.00;172
12159;34;624699357;12159;497;13309;13481;4.89;0.30;301.89;16.15;1150;35;4616.00;172
12164;34;624699370;12164;504;13312;13482;4.82;0.30;301.84;16.15;1148;35;4617.00;170
12166;34;624699383;12166;508;13314;13482;4.75;0.29;301.93;16.14;1148;35;4618.00;168
12169;34;624699396;12169;521;13316;13483;4.70;0.29;301.91;16.14;1147;35;4619.00;167
12172;34;624699411;12172;531;13319;13483;4.68;0.29;301.88;16.14;1147;35;4620.00;164
12174;34;624699424;12174;539;13320;13483;4.66;0.29;301.88;16.14;1146;35;4621.00;163
12177;34;624699437;12177;538;13322;13483;4.65;0.29;301.87;16.14;1145;35;4622.00;161
12178;34;624699450;12178;541;13326;13487;4.67;0.29;301.88;16.14;1148;35;4623.00;161
12181;34;624699464;12181;548;13327;13487;4.63;0.29;301.88;16.14;1146;35;4624.00;160
12182;34;624699478;12182;543;13328;13487;4.62;0.29;301.88;16.14;1146;35;4625.00;159
12186;34;624699491;12186;548;13329;13490;4.62;0.29;301.88;16.14;1143;35;4626.00;161
12189;34;624699506;12189;533;13331;13490;4.59;0.28;301.90;16.14;1142;35;4627.00;159
12191;34;624699520;12191;517;13331;13490;4.55;0.28;301.89;16.14;1140;35;4628.00;159
12194;34;624699533;12194;513;13336;13494;4.58;0.28;301.89;16.13;1142;35;4629.00;158
12199;34;624699547;12199;508;13337;13495;4.53;0.28;301.83;16.13;1138;35;4630.00;158
12201;34;624699561;12201;504;13339;13495;4.53;0.28;301.82;16.13;1138;35;4631.00;156
12205;34;624699574;12205;501;13342;13499;4.54;0.28;301.77;16.13;1137;35;4632.00;157
12207;34;624699588;12207;497;13344;13499;4.50;0.28;301.77;16.13;1137;35;4633.00;155
12210;34;624699602;12210;490;13344;13499;4.50;0.28;301.75;16.13;1134;35;4634.00;155
12211;34;624699617;12211;487;13347;13501;4.47;0.27;301.75;16.26;1136;35;4635.00;154
12215;34;624699636;12215;494;13348;13501;4.40;0.27;301.76;16.26;1133;35;4636.00;153
12216;34;624699649;12216;472;13353;13507;4.47;0.27;301.75;16.25;1137;35;4637.00;154
12217;34;624699664;12217;470;13353;13507;4.50;0.27;301.73;16.25;1136;35;4638.00;154
12221;34;624699677;12221;465;13353;13508;4.50;0.27;301.69;16.25;1132;35;4639.00;155
12224;34;624699693;12224;446;13353;13508;4.56;0.28;301.72;16.25;1129;35;4640.00;155
12227;34;624699706;12227;446;13353;13508;4.61;0.28;301.77;16.25;1126;35;4641.00;155
12229;34;624699719;12229;438;13354;13508;4.66;0.28;301.75;16.38;1125;35;4642.00;154
12229;34;624699732;12229;433;13354;13508;4.73;0.29;301.75;16.38;1125;35;4643.00;154
12230;34;624699746;12230;428;13364;13520;4.85;0.29;301.76;16.37;1134;35;4644.00;156
12230;34;624699761;12230;432;13365;13520;4.91;0.30;301.76;16.37;1135;35;4645.00;155
12231;34;624699775;12231;411;13365;13520;5.02;0.30;301.76;16.37;1134;35;4646.00;155
12232;34;624699789;12232;398;13365;13520;5.14;0.31;301.76;16.37;1133;35;4647.00;155
12235;34;624699803;12235;390;13365;13520;5.25;0.32;301.76;16.37;1130;35;4648.00;155
12237;34;624699817;12237;383;13365;13520;5.36;0.33;301.79;16.37;1128;35;4649.00;155
12240;34;624699833;12240;377;13370;13526;5.47;0.33;301.87;16.36;1130;35;4650.00;156
12241;34;624699849;12241;361;13370;13526;5.64;0.34;301.90;16.36;1129;35;4651.00;156
12241;34;624699864;12241;354;13374;13530;5.78;0.35;301.90;16.36;1133;35;4652.00;156
12244;34;624699879;12244;348;13375;13531;5.82;0.35;301.94;16.36;1131;35;4653.00;156
12245;34;624699895;12245;341;13375;13531;5.92;0.36;301.99;16.36;1130;35;4654.00;156
12247;34;624699910;12247;336;13375;13531;6.02;0.36;302.05;16.36;1128;35;4655.00;156
12251;34;624699924;12251;336;13386;13544;6.12;0.37;302.11;16.34;1135;35;4656.00;158
12252;34;624699941;12252;334;13386;13544;6.25;0.38;302.15;16.34;1134;35;4657.00;158
12254;34;624699955;12254;335;13387;13544;6.37;0.39;302.13;16.47;1133;35;4658.00;157
12258;34;624699971;12258;332;13388;13545;6.41;0.39;302.17;16.47;1130;35;4659.00;157
12258;34;624699985;12258;330;13388;13546;6.44;0.39;302.17;16.47;1130;35;4660.00;158
12260;34;624700001;12260;326;13388;13546;6.46;0.39;302.24;16.47;1128;35;4661.00;158
12264;34;624700015;12264;320;13390;13549;6.51;0.39;302.36;16.47;1126;35;4662.00;159
12264;34;624700036;12264;313;13390;13549;6.54;0.40;302.36;16.47;1126;35;4663.00;159
12269;34;624700051;12269;306;13391;13549;6.58;0.40;302.44;16.47;1122;35;4664.00;158
12271;34;624700066;12271;308;13391;13549;6.58;0.40;302.47;16.47;1120;35;4665.00;158
12271;34;624700081;12271;312;13396;13555;6.64;0.40;302.47;16.46;1125;35;4666.00;159
12274;34;624700096;12274;312;13396;13555;6.65;0.40;302.54;16.46;1122;35;4667.00;159
12275;34;624700111;12275;313;13396;13555;6.62;0.40;302.59;16.46;1121;35;4668.00;159
12277;34;624700126;12277;316;13396;13555;6.67;0.40;302.56;16.46;1119;35;4669.00;159
12278;34;624700141;12278;320;13399;13559;6.70;0.41;302.57;16.46;1121;35;4670.00;160
12282;34;624700156;12282;318;13400;13560;6.79;0.41;302.63;16.46;1118;35;4671.00;160
12284;34;624700172;12284;313;13400;13560;6.79;0.41;302.63;16.46;1116;35;4672.00;160
12287;34;624700187;12287;310;13401;13561;6.82;0.41;302.74;16.46;1114;35;4673.00;160
12287;34;624700202;12287;314;13401;13561;6.92;0.42;302.74;16.46;1114;35;4674.00;160
12290;34;624700216;12290;318;13401;13561;6.94;0.42;302.83;16.46;1111;35;4675.00;160
12293;34;624700231;12293;309;13401;13561;6.98;0.42;302.87;16.46;1108;35;4676.00;160
12294;34;624700246;12294;311;13401;13561;7.08;0.43;302.92;16.46;1107;35;4677.00;160
12295;34;624700261;12295;308;13401;13561;7.15;0.43;302.94;16.46;1106;35;4678.00;160
12300;34;624700276;12300;307;13401;13561;7.16;0.43;302.98;16.46;1101;35;4679.00;160
12301;34;624700293;12301;330;13464;13686;7.21;0.44;302.96;16.38;1163;35;4680.00;222
12302;34;624700319;12302;315;13465;13687;7.27;0.44;303.02;16.38;1163;35;4681.00;222
12304;34;624700335;12304;309;13474;13687;7.35;0.45;303.05;16.37;1170;35;4682.00;213
12306;34;624700351;12306;305;13474;13687;7.38;0.45;303.08;16.37;1168;35;4683.00;213
12308;34;624700366;12308;296;13478;13687;7.40;0.45;303.13;16.37;1170;35;4684.00;209
12310;34;624700382;12310;295;13480;13687;7.37;0.45;303.18;16.37;1170;35;4685.00;207
12315;34;624700397;12315;306;13484;13687;7.34;0.45;303.18;16.36;1169;35;4686.00;203
12318;35;624700412;12318;307;13490;13687;7.36;0.45;303.30;16.36;1172;36;4687.00;197
12320;35;624700434;12320;312;13493;13688;7.34;0.45;303.29;16.36;1173;36;4688.00;195
12322;35;624700450;12322;314;13496;13689;7.40;0.45;303.31;16.35;1174;36;4689.00;193
12327;35;624700464;12327;313;13500;13689;7.38;0.45;303.34;16.35;1173;36;4690.00;189
12334;35;624700480;12334;312;13505;13693;7.33;0.45;303.35;16.35;1171;36;4691.00;188
12336;35;624700504;12336;313;13507;13693;7.24;0.44;303.46;16.35;1171;36;4692.00;186
12338;35;624700536;12338;315;13507;13693;7.18;0.44;303.43;16.35;1169;36;4693.00;186
12341;35;624700558;12341;309;13507;13693;7.09;0.43;303.48;16.35;1166;36;4694.00;186
12345;35;624700580;12345;310;13513;13699;7.00;0.43;303.49;16.37;1168;36;4695.00;186
12350;35;624700610;12350;299;13514;13699;6.96;0.43;303.58;16.50;1164;36;4696.00;185
12352;35;624700632;12352;305;13514;13699;6.93;0.42;303.61;16.50;1162;36;4697.00;185
12356;35;624700650;12356;295;13516;13702;6.89;0.42;303.67;16.50;1160;36;4698.00;186
12358;35;624700667;12358;298;13516;13702;6.90;0.42;303.75;16.50;1158;36;4699.00;186
12361;35;624700685;12361;303;13517;13702;6.89;0.42;303.74;16.50;1156;36;4700.00;185
12364;35;624700707;12364;294;13517;13703;6.85;0.42;303.77;16.50;1153;36;4701.00;186
12373;35;624700724;12373;293;13518;13704;6.84;0.42;303.80;16.49;1145;36;4702.00;186
12378;35;624700748;12378;297;13518;13704;6.83;0.42;303.79;16.49;1140;36;4703.00;186
12382;35;624700764;12382;299;13527;13717;6.81;0.41;303.86;16.48;1145;36;4704.00;190
12384;35;624700780;12384;288;13528;13717;6.84;0.42;303.90;16.48;1144;36;4705.00;189
12385;35;624700797;12385;291;13528;13717;6.87;0.42;303.95;16.48;1143;36;4706.00;189
12387;35;624700812;12387;293;13529;13718;6.87;0.42;303.96;16.48;1142;36;4707.00;189
12391;35;624700827;12391;291;13530;13718;6.83;0.42;304.03;16.48;1139;36;4708.00;188
12392;35;624700849;12392;291;13532;13722;6.87;0.42;304.03;16.48;1140;36;4709.00;190
12395;35;624700867;12395;294;13533;13722;6.90;0.42;304.06;16.48;1138;36;4710.00;189
12397;35;624700882;12397;301;13538;13726;6.88;0.42;304.07;16.48;1141;36;4711.00;188
12398;35;624700899;12398;308;13538;13726;6.91;0.42;304.10;16.48;1140;36;4712.00;188
12401;35;624700913;12401;313;13539;13726;6.90;0.42;304.11;16.61;1138;36;4713.00;187
12402;35;624700930;12402;316;13541;13726;6.91;0.42;304.13;16.61;1139;36;4714.00;185
12404;35;624700946;12404;319;13541;13726;6.90;0.42;304.19;16.61;1137;36;4715.00;185
12408;35;624700961;12408;327;13550;13738;6.90;0.42;304.27;16.60;1142;36;4716.00;188
12409;35;624700979;12409;325;13552;13738;6.83;0.42;304.26;16.60;1143;36;4717.00;186
12412;35;624700994;12412;327;13554;13738;6.81;0.42;304.28;16.60;1142;36;4718.00;184
12416;35;624701009;12416;337;13554;13738;6.72;0.41;304.37;16.60;1138;36;4719.00;184
12416;35;624701025;12416;346;13554;13738;6.70;0.41;304.37;16.60;1138;36;4720.00;184
12420;35;624701041;12420;349;13554;13738;6.65;0.41;304.41;16.60;1134;36;4721.00;184
12420;35;624701057;12420;358;13556;13739;6.61;0.40;304.41;16.63;1136;36;4722.00;183
12422;35;624701072;12422;359;13557;13739;6.50;0.40;304.45;16.64;1135;36;4723.00;182
12427;35;624701086;12427;365;13565;13745;6.45;0.39;304.49;16.67;1138;36;4724.00;180
12432;35;624701103;12432;366;13567;13747;6.33;0.39;304.58;16.67;1135;36;4725.00;180
12435;35;624701118;12435;375;13567;13747;6.23;0.38;304.61;16.67;1132;36;4726.00;180
12439;35;624701132;12439;385;13569;13747;6.17;0.38;304.67;16.70;1130;36;4727.00;178
12442;35;624701147;12442;390;13573;13751;6.18;0.38;304.71;16.70;1131;36;4728.00;178
12444;35;624701162;12444;401;13574;13751;6.14;0.37;304.75;16.71;1130;36;4729.00;177
12447;35;624701176;12447;404;13575;13751;6.05;0.37;304.77;16.72;1128;36;4730.00;176
12448;35;624701191;12448;403;13578;13752;6.03;0.37;304.80;16.74;1130;36;4731.00;174
12453;35;624701204;12453;412;13582;13756;5.95;0.36;304.85;16.74;1129;36;4732.00;174
12456;35;624701219;12456;417;13583;13756;5.86;0.36;304.86;16.75;1127;36;4733.00;173
12457;35;624701233;12457;418;13586;13759;5.82;0.35;304.90;16.76;1129;36;4734.00;173
12458;35;624701248;12458;426;13588;13759;5.80;0.35;304.94;16.76;1130;36;4735.00;171
12460;35;624701263;12460;429;13589;13759;5.78;0.35;304.98;16.77;1129;36;4736.00;170
12463;35;624701276;12463;430;13590;13759;5.71;0.35;305.04;16.77;1127;36;4737.00;169
12466;35;624701290;12466;437;13594;13763;5.70;0.35;305.07;16.77;1128;36;4738.00;169
12467;35;624701304;12467;432;13596;13763;5.65;0.35;305.12;16.78;1129;36;4739.00;167
12469;35;624701320;12469;438;13596;13763;5.59;0.34;305.14;16.78;1127;36;4740.00;167
12472;35;624701334;12472;432;13596;13763;5.54;0.34;305.16;16.78;1124;36;4741.00;167
12473;35;624701347;12473;425;13598;13764;5.54;0.34;305.13;16.80;1125;36;4742.00;166
12478;35;624701360;12478;426;13599;13765;5.53;0.34;305.20;16.80;1121;36;4743.00;166
12479;35;624701373;12479;425;13601;13765;5.52;0.34;305.21;16.81;1122;36;4744.00;164
12482;35;624701387;12482;427;13602;13766;5.50;0.34;305.24;16.81;1120;36;4745.00;164
12483;35;624701400;12483;430;13602;13766;5.53;0.34;305.22;16.81;1119;36;4746.00;164
12486;35;624701413;12486;430;13604;13766;5.53;0.34;305.21;16.82;1118;36;4747.00;162
12487;35;624701426;12487;437;13605;13766;5.57;0.34;305.22;16.83;1118;36;4748.00;161
12488;35;624701438;12488;444;13606;13766;5.56;0.34;305.29;16.83;1118;36;4749.00;160
12492;35;624701451;12492;440;13607;13766;5.54;0.34;305.33;16.84;1115;36;4750.00;159
12496;35;624701465;12496;446;13607;13766;5.50;0.34;305.36;16.84;1111;36;4751.00;159
12500;35;624701479;12500;464;13672;13893;5.73;0.36;305.37;16.76;1172;36;4752.00;221
12505;35;624701506;12505;460;13677;13894;5.62;0.35;305.32;16.77;1172;36;4753.00;217
12508;35;624701519;12508;451;13688;13894;5.65;0.35;305.35;16.76;1180;36;4754.00;206
12511;35;624701534;12511;454;13688;13894;5.57;0.35;305.34;16.76;1177;36;4755.00;206
12518;35;624701547;12518;449;13695;13894;5.47;0.34;305.32;16.76;1177;36;4756.00;199
12520;35;624701560;12520;448;13696;13894;5.37;0.33;305.34;16.76;1176;36;4757.00;198
12523;35;624701573;12523;460;13699;13894;5.24;0.33;305.34;16.76;1176;36;4758.00;195
12524;35;624701585;12524;465;13703;13894;5.14;0.32;305.32;16.76;1179;36;4759.00;191
12527;35;624701598;12527;457;13704;13895;5.02;0.31;305.33;16.76;1177;36;4760.00;191
12528;35;624701611;12528;457;13708;13896;5.02;0.31;305.33;16.77;1180;36;4761.00;188
12532;35;624701623;12532;465;13711;13896;4.93;0.31;305.33;16.79;1179;36;4762.00;185
12535;35;624701636;12535;463;13717;13897;4.91;0.31;305.31;16.80;1182;36;4763.00;180
12538;35;624701648;12538;468;13717;13897;4.83;0.30;305.29;16.80;1179;36;4764.00;180
12542;35;624701661;12542;467;13720;13897;4.77;0.30;305.28;16.80;1178;36;4765.00;177
12544;35;624701673;12544;476;13722;13897;4.80;0.30;305.28;16.80;1178;36;4766.00;175
12548;35;624701685;12548;475;13728;13901;4.85;0.30;305.25;16.80;1180;36;4767.00;173
12552;35;624701699;12552;475;13732;13901;4.85;0.30;305.31;16.82;1180;36;4768.00;169
12553;35;624701712;12553;467;13736;13901;4.84;0.30;305.32;16.83;1183;36;4769.00;165
12556;35;624701726;12556;467;13740;13907;4.84;0.30;305.31;16.82;1184;36;4770.00;167
12560;35;624701739;12560;470;13743;13907;4.76;0.29;305.28;16.82;1183;36;4771.00;164
12562;35;624701752;12562;469;13745;13907;4.80;0.30;305.28;16.82;1183;36;4772.00;162
12564;35;624701766;12564;478;13748;13911;4.86;0.30;305.29;16.82;1184;36;4773.00;163
12565;35;624701779;12565;476;13751;13912;4.88;0.30;305.29;16.82;1186;36;4774.00;161
12569;35;624701793;12569;479;13752;13912;4.86;0.30;305.32;16.82;1183;36;4775.00;160
12575;35;624701806;12575;475;13755;13916;4.87;0.30;305.26;16.81;1180;36;4776.00;161
12576;35;624701821;12576;480;13756;13916;4.88;0.30;305.24;16.81;1180;36;4777.00;160
12581;35;624701834;12581;483;13757;13916;4.84;0.30;305.27;16.81;1176;36;4778.00;159
12582;35;624701848;12582;477;13758;13917;4.85;0.30;305.26;16.81;1176;36;4779.00;159
12584;35;624701861;12584;473;13758;13917;4.86;0.30;305.27;16.81;1174;36;4780.00;159
12586;35;624701874;12586;471;13763;13923;4.85;0.30;305.26;16.81;1177;36;4781.00;160
12590;35;624701889;12590;469;13763;13923;4.82;0.29;305.24;16.81;1173;36;4782.00;160
12595;35;624701902;12595;465;13763;13924;4.77;0.29;305.17;16.81;1168;36;4783.00;161
12597;35;624701916;12597;464;13763;13924;4.79;0.29;305.16;16.81;1166;36;4784.00;161
12602;35;624701929;12602;455;13763;13924;4.76;0.29;305.11;16.81;1161;36;4785.00;161
12607;35;624701948;12607;456;13763;13924;4.76;0.29;305.11;16.81;1156;36;4786.00;161
12609;35;624701962;12609;451;13763;13924;4.77;0.29;305.13;16.81;1154;36;4787.00;161
12610;35;624701977;12610;447;13772;13936;4.84;0.30;305.13;16.80;1162;36;4788.00;164
12614;35;624701991;12614;443;13773;13936;4.85;0.30;305.10;16.79;1159;36;4789.00;163
12617;35;624702010;12617;446;13774;13936;4.85;0.30;305.10;16.79;1157;36;4790.00;162
12619;35;624702030;12619;441;13774;13936;4.93;0.30;305.09;16.79;1155;36;4791.00;162
12623;35;624702043;12623;436;13774;13936;4.98;0.30;305.07;16.79;1151;36;4792.00;162
12624;35;624702057;12624;431;13774;13936;5.02;0.31;305.08;16.79;1150;36;4793.00;162
12627;35;624702070;12627;424;13777;13940;5.09;0.31;305.09;16.79;1150;36;4794.00;163
12630;35;624702084;12630;424;13777;13940;5.10;0.31;305.07;16.79;1147;36;4795.00;163
12633;35;624702097;12633;424;13781;13944;5.16;0.31;305.06;16.78;1148;36;4796.00;163
12637;35;624702111;12637;423;13782;13945;5.14;0.31;305.05;16.78;1145;36;4797.00;163
12640;35;624702125;12640;421;13782;13945;5.14;0.31;305.04;16.78;1142;36;4798.00;163
12644;35;624702139;12644;415;13782;13945;5.09;0.31;305.13;16.78;1138;36;4799.00;163
12646;35;624702155;12646;416;13804;13986;5.25;0.32;305.12;16.76;1158;36;4800.00;182
12651;35;624702177;12651;413;13805;13986;5.30;0.32;305.20;16.76;1154;36;4801.00;181
12655;35;624702191;12655;412;13807;13986;5.38;0.33;305.19;16.75;1152;36;4802.00;179
12659;35;624702204;12659;409;13809;13987;5.45;0.33;305.27;16.75;1150;36;4803.00;178
12661;35;624702219;12661;414;13809;13988;5.46;0.33;305.27;16.75;1148;36;4804.00;179
12664;35;624702232;12664;415;13810;13988;5.49;0.33;305.31;16.75;1146;36;4805.00;178
12668;35;624702246;12668;418;13816;13991;5.53;0.34;305.36;16.88;1148;36;4806.00;175
12671;35;624702263;12671;396;13816;13991;5.59;0.34;305.33;16.88;1145;36;4807.00;175
12676;35;624702277;12676;388;13817;13991;5.57;0.34;305.53;16.88;1141;36;4808.00;174
12677;35;624702292;12677;384;13817;13991;5.58;0.34;305.52;16.88;1140;36;4809.00;174
12680;35;624702306;12680;380;13822;13997;5.60;0.34;305.52;16.88;1142;36;4810.00;175
12684;35;624702322;12684;375;13823;13997;5.58;0.34;305.56;16.88;1139;36;4811.00;174
12685;35;624702342;12685;387;13824;13997;5.61;0.34;305.56;16.88;1139;36;4812.00;173
12689;35;624702356;12689;385;13824;13997;5.62;0.34;305.64;16.88;1135;36;4813.00;173
12692;35;624702370;12692;382;13827;14001;5.64;0.34;305.70;16.87;1135;36;4814.00;174
12697;35;624702384;12697;383;13829;14003;5.67;0.34;305.70;16.87;1132;36;4815.00;174
12699;35;624702404;12699;374;13830;14003;5.73;0.35;305.73;16.87;1131;36;4816.00;173
12700;35;624702419;12700;356;13831;14004;5.82;0.35;305.77;16.87;1131;36;4817.00;173
12703;35;624702434;12703;353;13831;14004;5.92;0.36;305.80;16.87;1128;36;4818.00;173
12703;35;624702449;12703;342;13831;14004;6.02;0.36;305.80;16.87;1128;36;4819.00;173
12705;35;624702464;12705;337;13831;14004;6.10;0.37;305.84;16.87;1126;36;4820.00;173
12708;35;624702485;12708;334;13831;14004;6.25;0.38;305.87;16.87;1123;36;4821.00;173
12710;35;624702506;12710;326;13833;14004;6.34;0.38;305.85;17.01;1123;36;4822.00;171
12712;35;624702528;12712;322;13833;14004;6.42;0.39;305.89;17.01;1121;36;4823.00;171
12713;35;624702553;12713;333;13876;14074;6.47;0.39;305.94;16.96;1163;36;4824.00;198
12716;35;624702586;12716;320;13876;14075;6.48;0.39;305.97;16.96;1160;36;4825.00;199
12717;35;624702614;12717;316;13881;14075;6.58;0.40;306.01;16.95;1164;36;4826.00;194
12718;35;624702630;12718;306;13883;14075;6.70;0.41;306.05;16.95;1165;36;4827.00;192
12722;35;624702646;12722;306;13887;14077;6.70;0.41;306.07;16.95;1165;36;4828.00;190
12723;35;624702661;12723;294;13889;14077;6.73;0.41;306.08;16.94;1166;36;4829.00;188
12726;35;624702688;12726;296;13892;14077;6.76;0.41;306.18;16.94;1166;36;4830.00;185
12730;35;624702703;12730;298;13894;14077;6.81;0.41;306.26;16.94;1164;36;4831.00;183
12731;35;624702718;12731;304;13895;14078;6.79;0.41;306.33;16.94;1164;36;4832.00;183
12734;35;624702733;12734;299;13899;14079;6.81;0.41;306.33;16.94;1165;36;4833.00;180
12738;35;624702747;12738;303;13902;14079;6.82;0.41;306.42;17.08;1164;36;4834.00;177
12739;35;624702762;12739;311;13907;14083;6.85;0.42;306.43;17.07;1168;36;4835.00;176
12741;35;624702779;12741;308;13908;14083;6.89;0.42;306.55;17.07;1167;36;4836.00;175
12743;35;624702796;12743;310;13909;14083;6.90;0.42;306.65;17.21;1166;36;4837.00;174
12743;35;624702811;12743;307;13909;14083;6.93;0.42;306.65;17.21;1166;36;4838.00;174
12747;35;624702827;12747;311;13915;14089;6.93;0.42;306.69;17.21;1168;36;4839.00;174
12748;35;624702845;12748;313;13915;14089;6.90;0.42;306.72;17.21;1167;36;4840.00;174
12749;35;624702861;12749;304;13915;14089;6.88;0.42;306.77;17.21;1166;36;4841.00;174
12752;35;624702876;12752;307;13918;14092;6.90;0.42;306.76;17.34;1166;36;4842.00;174
12754;35;624702892;12754;309;13918;14092;6.94;0.42;306.82;17.34;1164;36;4843.00;174
12757;35;624702914;12757;308;13919;14092;6.93;0.42;306.92;17.34;1162;36;4844.00;173
12761;35;624702930;12761;305;13919;14093;6.95;0.42;306.95;17.34;1158;36;4845.00;174
12767;35;624702946;12767;301;13920;14094;6.93;0.42;306.99;17.34;1153;36;4846.00;174
12768;35;624702961;12768;302;13920;14094;6.90;0.42;307.00;17.34;1152;36;4847.00;174
12770;35;624702978;12770;293;13930;14107;6.94;0.42;307.05;17.33;1160;36;4848.00;177
12771;35;624702994;12771;293;13931;14107;6.99;0.43;307.12;17.33;1160;36;4849.00;176
12774;35;624703016;12774;297;13931;14107;7.00;0.43;307.11;17.33;1157;36;4850.00;176
12775;35;624703033;12775;296;13932;14108;6.98;0.43;307.14;17.33;1157;36;4851.00;176
12778;35;624703052;12778;298;13933;14108;6.99;0.43;307.11;17.47;1155;36;4852.00;175
12782;35;624703069;12782;293;13937;14112;7.03;0.43;307.17;17.46;1155;36;4853.00;175
12785;35;624703087;12785;291;13937;14112;7.06;0.43;307.17;17.46;1152;36;4854.00;175
12786;35;624703106;12786;296;13940;14116;7.07;0.43;307.19;17.46;1154;36;4855.00;176
12788;35;624703122;12788;292;13940;14116;7.09;0.43;307.22;17.46;1152;36;4856.00;176
12791;35;624703137;12791;294;13940;14116;7.07;0.43;307.26;17.46;1149;36;4857.00;176
12794;35;624703152;12794;298;13940;14116;7.01;0.43;307.27;17.46;1146;36;4858.00;176
12800;35;624703168;12800;290;13940;14116;6.98;0.42;307.31;17.46;1140;36;4859.00;176
12801;35;624703186;12801;292;13962;14150;7.00;0.43;307.31;17.43;1161;36;4860.00;188
12806;35;624703204;12806;290;13962;14150;6.94;0.42;307.35;17.43;1156;36;4861.00;188
12809;35;624703220;12809;290;13965;14150;6.97;0.43;307.40;17.43;1156;36;4862.00;185
12815;35;624703235;12815;287;13966;14150;6.97;0.42;307.47;17.43;1151;36;4863.00;184
12820;35;624703251;12820;281;13968;14150;6.91;0.42;307.55;17.42;1148;36;4864.00;182
12822;35;624703266;12822;279;13969;14150;6.90;0.42;307.55;17.44;1147;36;4865.00;181
12826;35;624703285;12826;276;13969;14151;6.91;0.42;307.54;17.44;1143;36;4866.00;182
12831;35;624703300;12831;271;13969;14151;6.87;0.42;307.56;17.44;1138;36;4867.00;182
12834;35;624703316;12834;270;13973;14157;6.87;0.42;307.57;17.43;1139;36;4868.00;184
12841;35;624703339;12841;268;13974;14158;6.80;0.41;307.58;17.43;1133;36;4869.00;184
12846;35;624703356;12846;269;13974;14158;6.72;0.41;307.58;17.43;1128;36;4870.00;184
12848;35;624703372;12848;272;13975;14158;6.63;0.40;307.55;17.43;1127;36;4871.00;183
12853;35;624703386;12853;272;13977;14162;6.57;0.40;307.69;17.43;1124;36;4872.00;185
12855;35;624703402;12855;277;13978;14162;6.56;0.40;307.73;17.43;1123;36;4873.00;184
12856;35;624703416;12856;278;13978;14162;6.57;0.40;307.76;17.43;1122;36;4874.00;184
12857;35;624703430;12857;283;13979;14163;6.56;0.40;307.76;17.43;1122;36;4875.00;184
12860;35;624703444;12860;284;13982;14167;6.54;0.40;307.80;17.42;1122;36;4876.00;185
12862;35;624703459;12862;288;13983;14167;6.51;0.40;307.80;17.42;1121;36;4877.00;184
12863;35;624703474;12863;297;13985;14170;6.53;0.40;307.79;17.42;1122;36;4878.00;185
12866;35;624703489;12866;298;13986;14170;6.52;0.40;307.81;17.42;1120;36;4879.00;184
12868;35;624703509;12868;303;13986;14170;6.51;0.40;307.80;17.42;1118;36;4880.00;184
12873;35;624703523;12873;312;13986;14170;6.46;0.39;307.90;17.42;1113;36;4881.00;184
12877;35;624703538;12877;315;13990;14174;6.49;0.40;307.99;17.41;1113;36;4882.00;184
12879;35;624703553;12879;312;13990;14174;6.50;0.40;308.00;17.41;1111;36;4883.00;184
12880;35;624703568;12880;312;13990;14174;6.49;0.40;308.02;17.41;1110;36;4884.00;184
12883;35;624703581;12883;310;13990;14174;6.42;0.39;308.03;17.41;1107;36;4885.00;184
12884;35;624703595;12884;314;13991;14175;6.34;0.39;308.07;17.42;1107;36;4886.00;184
12889;35;624703609;12889;315;13992;14176;6.29;0.38;308.09;17.42;1103;36;4887.00;184
12890;35;624703622;12890;317;13992;14176;6.21;0.38;308.09;17.42;1102;36;4888.00;184
12895;35;624703636;12895;331;13993;14177;6.14;0.37;308.17;17.42;1098;36;4889.00;184
12896;35;624703652;12896;325;13994;14177;6.10;0.37;308.16;17.43;1098;36;4890.00;183
12900;35;624703665;12900;338;13994;14177;5.98;0.36;308.18;17.43;1094;36;4891.00;183
12901;35;624703679;12901;346;13995;14177;5.94;0.36;308.16;17.44;1094;36;4892.00;182
12904;35;624703692;12904;352;13996;14177;5.84;0.36;308.18;17.45;1092;36;4893.00;181
12905;35;624703705;12905;357;13998;14177;5.79;0.35;308.18;17.46;1093;36;4894.00;179
12909;35;624703719;12909;358;13999;14177;5.71;0.35;308.21;17.48;1090;36;4895.00;178
12910;35;624703732;12910;377;14064;14304;5.97;0.37;308.24;17.40;1154;36;4896.00;240
12914;35;624703757;12914;375;14069;14305;5.92;0.37;308.29;17.41;1155;36;4897.00;236
12916;35;624703772;12916;379;14080;14305;5.96;0.37;308.26;17.40;1164;36;4898.00;225
12917;35;624703785;12917;376;14083;14305;5.97;0.37;308.24;17.40;1166;36;4899.00;222
12918;35;624703799;12918;381;14092;14305;6.01;0.37;308.24;17.41;1174;36;4900.00;213
12919;35;624703817;12919;383;14094;14305;5.98;0.37;308.28;17.41;1175;36;4901.00;211
12923;35;624703831;12923;385;14098;14305;5.90;0.36;308.26;17.42;1175;36;4902.00;207
12925;36;624703845;12925;394;14101;14305;5.85;0.36;308.27;17.42;1176;37;4903.00;204
12928;36;624703865;12928;402;14104;14306;5.82;0.36;308.29;17.42;1176;37;4904.00;202
12929;36;624703880;12929;401;14111;14308;5.79;0.36;308.31;17.43;1182;37;4905.00;197
12929;36;624703894;12929;407;14113;14308;5.79;0.36;308.31;17.43;1184;37;4906.00;195
12930;36;624703912;12930;412;14117;14309;5.70;0.35;308.29;17.44;1187;37;4907.00;192
12931;36;624703926;12931;419;14120;14309;5.62;0.35;308.27;17.44;1189;37;4908.00;189
12933;36;624703939;12933;408;14123;14309;5.53;0.34;308.25;17.45;1190;37;4909.00;186
12937;36;624703953;12937;410;14124;14309;5.40;0.33;308.24;17.45;1187;37;4910.00;185
12941;36;624703967;12941;408;14130;14313;5.32;0.33;308.20;17.46;1189;37;4911.00;183
12942;36;624703981;12942;417;14131;14313;5.27;0.32;308.18;17.46;1189;37;4912.00;182
12943;36;624703994;12943;420;14132;14313;5.20;0.32;308.17;17.47;1189;37;4913.00;181
12946;36;624704007;12946;432;14135;14316;5.14;0.32;308.12;17.47;1189;37;4914.00;181
12947;36;624704020;12947;435;14138;14316;5.04;0.31;308.10;17.50;1191;37;4915.00;178
12948;36;624704033;12948;440;14139;14316;4.98;0.31;308.09;17.50;1191;37;4916.00;177
12949;36;624704046;12949;447;14143;14320;4.95;0.30;308.08;17.51;1194;37;4917.00;177
12950;36;624704059;12950;452;14145;14321;4.94;0.30;308.08;17.51;1195;37;4918.00;176
12952;36;624704071;12952;457;14147;14321;4.89;0.30;308.04;17.52;1195;37;4919.00;174
12953;36;624704086;12953;470;14152;14326;4.89;0.30;308.06;17.53;1199;37;4920.00;174
12954;36;624704099;12954;478;14154;14326;4.80;0.29;308.04;17.54;1200;37;4921.00;172
12957;36;624704111;12957;491;14156;14326;4.67;0.29;308.02;17.55;1199;37;4922.00;170
12962;36;624704124;12962;498;14156;14327;4.56;0.28;307.99;17.55;1194;37;4923.00;171
12966;36;624704136;12966;502;14158;14327;4.40;0.27;307.97;17.56;1192;37;4924.00;169
12967;36;624704149;12967;501;14164;14333;4.38;0.27;307.98;17.57;1197;37;4925.00;169
12968;36;624704163;12968;515;14166;14333;4.29;0.26;308.00;17.58;1198;37;4926.00;167
12973;36;624704175;12973;521;14167;14334;4.14;0.25;307.95;17.58;1194;37;4927.00;167
12976;36;624704193;12976;530;14167;14334;3.95;0.24;307.97;17.58;1191;37;4928.00;167
12980;36;624704205;12980;540;14168;14334;3.82;0.23;307.94;17.59;1188;37;4929.00;166
12984;36;624704217;12984;532;14168;14334;3.72;0.23;307.94;17.59;1184;37;4930.00;166
12987;36;624704229;12987;517;14169;14334;3.66;0.22;307.89;17.60;1182;37;4931.00;165
12990;36;624704241;12990;505;14181;14346;3.70;0.23;307.89;17.61;1191;37;4932.00;165
12990;36;624704255;12990;497;14182;14346;3.73;0.23;307.89;17.62;1192;37;4933.00;164
12992;36;624704267;12992;488;14183;14346;3.78;0.23;307.92;17.62;1191;37;4934.00;163
12995;36;624704279;12995;488;14183;14346;3.80;0.23;307.94;17.62;1188;37;4935.00;163
12995;36;624704292;12995;485;14184;14346;3.86;0.24;307.94;17.63;1189;37;4936.00;162
12998;37;624704304;12998;473;14184;14346;3.93;0.24;307.93;17.63;1186;38;4937.00;162
12999;37;624704328;12999;476;14189;14350;4.03;0.25;307.94;17.64;1190;38;4938.00;161
13004;37;624704342;13004;479;14189;14350;4.08;0.25;307.90;17.64;1185;38;4939.00;161
13005;37;624704355;13005;473;14194;14354;4.24;0.26;307.88;17.65;1189;38;4940.00;160
13007;37;624704373;13007;466;14195;14355;4.32;0.26;307.90;17.65;1188;38;4941.00;160
13010;37;624704386;13010;463;14195;14355;4.37;0.27;307.90;17.65;1185;38;4942.00;160
13010;37;624704399;13010;459;14195;14355;4.49;0.28;307.90;17.65;1185;38;4943.00;160
13015;37;624704412;13015;453;14206;14368;4.65;0.28;307.88;17.63;1191;38;4944.00;162
13016;37;624704426;13016;455;14206;14368;4.73;0.29;307.89;17.63;1190;38;4945.00;162
13019;37;624704439;13019;451;14206;14368;4.79;0.29;307.89;17.63;1187;38;4946.00;162
13021;37;624704453;13021;446;14207;14369;4.90;0.30;307.90;17.63;1186;38;4947.00;162
13026;37;624704466;13026;445;14207;14370;4.98;0.30;307.89;17.63;1181;38;4948.00;163
13030;37;624704479;13030;443;14207;14370;5.00;0.30;307.90;17.63;1177;38;4949.00;163
13031;37;624704495;13031;440;14213;14379;5.03;0.31;307.89;17.62;1182;38;4950.00;166
13034;37;624704519;13034;438;14214;14379;5.10;0.31;307.88;17.62;1180;38;4951.00;165
13038;37;624704540;13038;435;14215;14379;5.12;0.31;307.97;17.62;1177;38;4952.00;164
13040;37;624704564;13040;427;14215;14379;5.14;0.31;308.02;17.62;1175;38;4953.00;164
13044;37;624704583;13044;416;14220;14385;5.23;0.32;308.00;17.62;1176;38;4954.00;165
13047;37;624704606;13047;416;14221;14385;5.25;0.32;308.01;17.61;1174;38;4955.00;164
13048;37;624704625;13048;413;14221;14385;5.30;0.32;307.99;17.61;1173;38;4956.00;164
13053;37;624704647;13053;408;14221;14385;5.31;0.32;308.11;17.61;1168;38;4957.00;164
13056;37;624704663;13056;404;14224;14389;5.30;0.32;308.19;17.61;1168;38;4958.00;165
13060;37;624704680;13060;403;14225;14390;5.28;0.32;308.17;17.61;1165;38;4959.00;165
13063;37;624704694;13063;407;14225;14390;5.29;0.32;308.20;17.61;1162;38;4960.00;165
13064;37;624704709;13064;408;14226;14391;5.31;0.32;308.20;17.61;1162;38;4961.00;165
13069;37;624704723;13069;420;14226;14391;5.28;0.32;308.20;17.61;1157;38;4962.00;165
13074;37;624704738;13074;417;14226;14391;5.27;0.32;308.23;17.61;1152;38;4963.00;165
13079;37;624704753;13079;424;14226;14391;5.25;0.32;308.21;17.61;1147;38;4964.00;165
13083;37;624704767;13083;420;14226;14391;5.24;0.32;308.20;17.61;1143;38;4965.00;165
13086;37;624704781;13086;422;14226;14391;5.25;0.32;308.23;17.61;1140;38;4966.00;165
13090;37;624704795;13090;421;14226;14391;5.29;0.32;308.26;17.61;1136;38;4967.00;165
13092;37;624704809;13092;433;14269;14461;5.38;0.33;308.30;17.56;1177;38;4968.00;192
13097;37;624704831;13097;424;14269;14462;5.38;0.33;308.33;17.56;1172;38;4969.00;193
13100;37;624704846;13100;414;14273;14462;5.43;0.33;308.40;17.55;1173;38;4970.00;189
13106;37;624704863;13106;400;14274;14462;5.47;0.33;308.46;17.70;1168;38;4971.00;188
13107;37;624704879;13107;396;14276;14462;5.56;0.34;308.46;17.69;1169;38;4972.00;186
13109;37;624704893;13109;391;14277;14462;5.60;0.34;308.50;17.69;1168;38;4973.00;185
13115;37;624704908;13115;391;14279;14462;5.66;0.34;308.46;17.69;1164;38;4974.00;183
13118;37;624704924;13118;392;14281;14462;5.72;0.35;308.50;17.69;1163;38;4975.00;181
13120;37;624704938;13120;387;14281;14463;5.72;0.35;308.54;17.69;1161;38;4976.00;182
13122;37;624704953;13122;376;14284;14464;5.79;0.35;308.62;17.69;1162;38;4977.00;180
13125;37;624704971;13125;364;14285;14464;5.83;0.35;308.60;17.69;1160;38;4978.00;179
13127;37;624704986;13127;355;14291;14468;5.89;0.36;308.66;17.68;1164;38;4979.00;177
13131;37;624705004;13131;360;14294;14468;5.98;0.36;308.75;17.68;1163;38;4980.00;174
13132;37;624705020;13132;350;14296;14468;6.04;0.37;308.73;17.68;1164;38;4981.00;172
13135;37;624705042;13135;347;14298;14468;6.08;0.37;308.78;17.68;1163;38;4982.00;170
13139;37;624705058;13139;350;14303;14474;6.08;0.37;308.85;17.67;1164;38;4983.00;171
13139;37;624705075;13139;352;14303;14474;6.10;0.37;308.85;17.67;1164;38;4984.00;171
13140;37;624705091;13140;357;14303;14474;6.08;0.37;308.86;17.67;1163;38;4985.00;171
13143;37;624705106;13143;351;14305;14477;6.12;0.37;308.92;17.67;1162;38;4986.00;172
13144;37;624705123;13144;341;14305;14477;6.16;0.38;308.93;17.67;1161;38;4987.00;172
13144;37;624705140;13144;340;14306;14477;6.25;0.38;308.93;17.67;1162;38;4988.00;171
13146;37;624705156;13146;327;14306;14478;6.27;0.38;308.99;17.67;1160;38;4989.00;172
13148;37;624705171;13148;325;14307;14479;6.36;0.39;309.01;17.67;1159;38;4990.00;172
13149;37;624705188;13149;324;14307;14479;6.41;0.39;309.02;17.67;1158;38;4991.00;172
13154;37;624705204;13154;320;14318;14492;6.49;0.40;309.11;17.66;1164;38;4992.00;174
13157;37;624705223;13157;311;14318;14492;6.54;0.40;309.07;17.66;1161;38;4993.00;174
13159;37;624705240;13159;309;14318;14492;6.57;0.40;309.09;17.66;1159;38;4994.00;174
13161;37;624705257;13161;305;14320;14494;6.62;0.40;309.12;17.65;1159;38;4995.00;174
13163;37;624705273;13163;309;14320;14494;6.62;0.40;309.12;17.65;1157;38;4996.00;174
13164;37;624705291;13164;310;14324;14498;6.74;0.41;309.17;17.65;1160;38;4997.00;174
13165;37;624705308;13165;303;14324;14498;6.79;0.41;309.19;17.65;1159;38;4998.00;174
13170;37;624705325;13170;299;14327;14502;6.75;0.41;309.29;17.65;1157;38;4999.00;175
13172;37;624705343;13172;293;14327;14502;6.78;0.41;309.29;17.65;1155;38;5000.00;175
13174;37;624705364;13174;288;14327;14502;6.81;0.41;309.31;17.65;1153;38;5001.00;175
13179;37;624705380;13179;285;14327;14502;6.86;0.42;309.34;17.65;1148;38;5002.00;175
13181;37;624705395;13181;279;14327;14502;6.88;0.42;309.34;17.65;1146;38;5003.00;175
13185;37;624705411;13185;269;14337;14514;6.95;0.42;309.41;17.63;1152;38;5004.00;177
13187;37;624705428;13187;276;14337;14514;6.94;0.42;309.41;17.63;1150;38;5005.00;177
13192;37;624705444;13192;266;14338;14514;6.92;0.42;309.40;17.63;1146;38;5006.00;176
13194;37;624705460;13194;269;14338;14514;6.90;0.42;309.45;17.63;1144;38;5007.00;176
13197;37;624705477;13197;274;14338;14514;6.91;0.42;309.47;17.63;1141;38;5008.00;176
13199;37;624705495;13199;266;14338;14514;6.88;0.42;309.50;17.63;1139;38;5009.00;176
13202;37;624705519;13202;266;14338;14515;6.84;0.42;309.57;17.63;1136;38;5010.00;177
13203;37;624705535;13203;267;14338;14515;6.80;0.41;309.57;17.63;1135;38;5011.00;177
13205;37;624705551;13205;262;14343;14521;6.76;0.41;309.60;17.63;1138;38;5012.00;178
13207;37;624705567;13207;268;14344;14522;6.69;0.41;309.62;17.62;1137;38;5013.00;178
13214;37;624705582;13214;266;14344;14522;6.68;0.40;309.75;17.62;1130;38;5014.00;178
13215;37;624705598;13215;272;14344;14522;6.68;0.41;309.80;17.62;1129;38;5015.00;178
13219;37;624705612;13219;274;14347;14526;6.66;0.40;309.93;17.62;1128;38;5016.00;179
13221;37;624705628;13221;272;14347;14526;6.70;0.41;309.90;17.62;1126;38;5017.00;179
13226;37;624705643;13226;267;14347;14526;6.75;0.41;309.97;17.62;1121;38;5018.00;179
13226;37;624705659;13226;267;14348;14527;6.79;0.41;309.97;17.62;1122;38;5019.00;179
13228;37;624705673;13228;264;14351;14531;6.79;0.41;309.97;17.62;1123;38;5020.00;180
13232;37;624705688;13232;264;14351;14531;6.76;0.41;310.03;17.62;1119;38;5021.00;180
13232;37;624705703;13232;265;14353;14534;6.82;0.41;310.03;17.61;1121;38;5022.00;181
13235;37;624705718;13235;268;14353;14534;6.79;0.41;310.10;17.61;1118;38;5023.00;181
13236;37;624705732;13236;270;14354;14534;6.85;0.42;310.10;17.61;1118;38;5024.00;180
13239;37;624705747;13239;269;14354;14534;6.87;0.42;310.13;17.61;1115;38;5025.00;180
13243;37;624705762;13243;276;14358;14538;6.91;0.42;310.19;17.61;1115;38;5026.00;180
13245;37;624705777;13245;277;14358;14538;6.94;0.42;310.27;17.61;1113;38;5027.00;180
13249;37;624705793;13249;273;14358;14538;6.91;0.42;310.29;17.61;1109;38;5028.00;180
13254;37;624705807;13254;275;14358;14538;6.91;0.42;310.27;17.61;1104;38;5029.00;180
13256;37;624705822;13256;266;14358;14539;6.87;0.42;310.33;17.61;1102;38;5030.00;181
13260;37;624705835;13260;267;14359;14540;6.86;0.42;310.38;17.61;1099;38;5031.00;181
13267;37;624705851;13267;267;14359;14540;6.78;0.41;310.40;17.61;1092;38;5032.00;181
13271;37;624705866;13271;266;14361;14541;6.73;0.41;310.52;17.75;1090;38;5033.00;180
13274;37;624705881;13274;274;14361;14541;6.68;0.41;310.50;17.75;1087;38;5034.00;180
13279;37;624705895;13279;272;14362;14541;6.63;0.40;310.58;17.76;1083;38;5035.00;179
13281;37;624705910;13281;265;14362;14541;6.60;0.40;310.57;17.76;1081;38;5036.00;179
13286;37;624705924;13286;265;14363;14541;6.57;0.40;310.60;17.78;1077;38;5037.00;178
13289;37;624705938;13289;271;14363;14541;6.56;0.40;310.71;17.78;1074;38;5038.00;178
13293;37;624705957;13293;270;14363;14541;6.49;0.39;310.69;17.78;1070;38;5039.00;178
13298;37;624705973;13298;302;14462;14771;6.60;0.41;310.69;17.66;1164;38;5040.00;309
13300;37;624706014;13300;297;14468;14772;6.58;0.41;310.70;17.65;1168;38;5041.00;304
13303;37;624706029;13303;293;14476;14772;6.63;0.41;310.72;17.64;1173;38;5042.00;296
13304;37;624706042;13304;291;14481;14772;6.58;0.41;310.77;17.64;1177;38;5043.00;291
13308;37;624706062;13308;281;14489;14772;6.57;0.41;310.78;17.63;1181;38;5044.00;283
13311;37;624706076;13311;284;14495;14772;6.57;0.41;310.77;17.62;1184;38;5045.00;277
13314;37;624706091;13314;279;14502;14772;6.57;0.41;310.84;17.62;1188;38;5046.00;270
13315;37;624706104;13315;280;14510;14772;6.56;0.41;310.84;17.61;1195;38;5047.00;262
13319;37;624706124;13319;284;14515;14773;6.54;0.40;310.91;17.61;1196;38;5048.00;258
13323;37;624706139;13323;291;14521;14774;6.54;0.40;310.89;17.61;1198;38;5049.00;253
13325;37;624706154;13325;287;14528;14774;6.49;0.40;310.94;17.60;1203;38;5050.00;246
13329;37;624706169;13329;307;14532;14775;6.43;0.40;310.95;17.60;1203;38;5051.00;243
13331;37;624706184;13331;308;14534;14775;6.37;0.39;310.99;17.60;1203;38;5052.00;241
13333;37;624706204;13333;326;14539;14775;6.30;0.39;310.97;17.60;1206;38;5053.00;236
13337;37;624706219;13337;327;14542;14775;6.19;0.38;311.04;17.60;1205;38;5054.00;233
13338;37;624706234;13338;336;14546;14779;6.10;0.38;311.08;17.59;1208;38;5055.00;233
13339;37;624706249;13339;348;14548;14779;6.06;0.37;311.08;17.60;1209;38;5056.00;231
13343;37;624706264;13343;357;14551;14779;5.92;0.36;311.10;17.60;1208;38;5057.00;228
13345;37;624706283;13345;368;14553;14782;5.81;0.36;311.15;17.60;1208;38;5058.00;229
13347;37;624706298;13347;372;14556;14782;5.75;0.35;311.20;17.60;1209;38;5059.00;226
13347;37;624706312;13347;380;14559;14782;5.69;0.35;311.20;17.62;1212;38;5060.00;223
13351;37;624706326;13351;387;14563;14786;5.68;0.35;311.20;17.61;1212;38;5061.00;223
13354;37;624706340;13354;395;14566;14787;5.68;0.35;311.24;17.62;1212;38;5062.00;221
13358;37;624706355;13358;395;14569;14787;5.66;0.35;311.23;17.63;1211;38;5063.00;218
13360;37;624706370;13360;400;14572;14791;5.68;0.35;311.25;17.63;1212;38;5064.00;219
13367;37;624706384;13367;406;14576;14791;5.65;0.35;311.20;17.65;1209;38;5065.00;215
13371;37;624706398;13371;406;14576;14791;5.62;0.34;311.15;17.65;1205;38;5066.00;215
13372;37;624706412;13372;405;14579;14792;5.60;0.34;311.17;17.65;1207;38;5067.00;213
13374;37;624706426;13374;405;14581;14792;5.55;0.34;311.20;17.67;1207;38;5068.00;211
13377;37;624706440;13377;421;14586;14798;5.55;0.34;311.17;17.66;1209;38;5069.00;212
13377;37;624706457;13377;424;14590;14798;5.49;0.34;311.17;17.68;1213;38;5070.00;208
13379;37;624706471;13379;429;14590;14799;5.42;0.33;311.20;17.68;1211;38;5071.00;209
13379;37;624706485;13379;438;14593;14799;5.37;0.33;311.20;17.70;1214;38;5072.00;206
13381;37;624706498;13381;446;14594;14799;5.31;0.33;311.18;17.70;1213;38;5073.00;205
13381;37;624706516;13381;457;14596;14799;5.21;0.32;311.18;17.71;1215;38;5074.00;203
13385;37;624706538;13385;469;14596;14799;5.10;0.31;311.15;17.71;1211;38;5075.00;203
13385;37;624706558;13385;475;14609;14811;5.06;0.31;311.15;17.72;1224;38;5076.00;202
13388;37;624706580;13388;483;14610;14811;4.96;0.30;311.15;17.72;1222;38;5077.00;201
13389;37;624706598;13389;496;14614;14811;4.89;0.30;311.18;17.73;1225;38;5078.00;197
13391;37;624706616;13391;503;14615;14811;4.78;0.29;311.14;17.73;1224;38;5079.00;196
13392;37;624706631;13392;495;14618;14811;4.73;0.29;311.17;17.75;1226;38;5080.00;193
13395;37;624706645;13395;496;14619;14811;4.64;0.29;311.19;17.75;1224;38;5081.00;192
13397;37;624706659;13397;497;14624;14815;4.58;0.28;311.19;17.75;1227;38;5082.00;191
13398;37;624706672;13398;487;14624;14815;4.54;0.28;311.18;17.75;1226;38;5083.00;191
13400;37;624706685;13400;475;14627;14819;4.55;0.28;311.14;17.75;1227;38;5084.00;192
13401;37;624706707;13401;469;14631;14821;4.51;0.28;311.14;17.76;1230;38;5085.00;190
13402;37;624706721;13402;461;14631;14821;4.53;0.28;311.16;17.76;1229;38;5086.00;190
13403;37;624706735;13403;458;14634;14821;4.56;0.28;311.14;17.80;1231;38;5087.00;187
13405;37;624706748;13405;455;14645;14834;4.59;0.28;311.12;17.78;1240;38;5088.00;189
13407;38;624706762;13407;452;14646;14834;4.64;0.28;311.12;17.80;1239;39;5089.00;188
13408;38;624706790;13408;451;14646;14834;4.69;0.29;311.10;17.80;1238;39;5090.00;188
13412;38;624706803;13412;455;14647;14835;4.71;0.29;311.08;17.79;1235;39;5091.00;188
13415;38;624706816;13415;459;14650;14836;4.71;0.29;311.05;17.83;1235;39;5092.00;186
13416;38;624706829;13416;457;14651;14836;4.75;0.29;311.06;17.84;1235;39;5093.00;185
13421;38;624706841;13421;459;14654;14839;4.73;0.29;311.06;17.84;1233;39;5094.00;185
13423;38;624706861;13423;453;14656;14839;4.70;0.29;311.03;17.86;1233;39;5095.00;183
13426;38;624706874;13426;452;14656;14839;4.65;0.28;311.04;17.86;1230;39;5096.00;183
13428;38;624706887;13428;455;14656;14839;4.60;0.28;311.01;17.86;1228;39;5097.00;183
13432;38;624706899;13432;460;14663;14845;4.55;0.28;311.07;17.88;1231;39;5098.00;182
13434;38;624706912;13434;463;14663;14845;4.54;0.28;311.06;17.88;1229;39;5099.00;182
13436;38;624706928;13436;458;14670;14864;4.52;0.28;311.05;17.89;1234;39;5100.00;194
13439;38;624706948;13439;452;14670;14864;4.56;0.28;311.05;17.89;1231;39;5101.00;194
13440;38;624706961;13440;446;14673;14868;4.65;0.28;311.06;17.89;1233;39;5102.00;195
13445;38;624706974;13445;444;14676;14869;4.70;0.29;311.04;17.90;1231;39;5103.00;193
13449;38;624706987;13449;441;14676;14869;4.75;0.29;311.05;17.90;1227;39;5104.00;193
13452;38;624707000;13452;441;14678;14870;4.79;0.29;311.11;17.90;1226;39;5105.00;192
13453;38;624707012;13453;442;14682;14870;4.79;0.29;311.12;17.91;1229;39;5106.00;188
13455;38;624707024;13455;427;14682;14870;4.80;0.29;311.14;17.91;1227;39;5107.00;188
13458;38;624707037;13458;431;14684;14870;4.81;0.29;311.20;17.92;1226;39;5108.00;186
13460;38;624707050;13460;424;14684;14870;4.82;0.29;311.20;17.92;1224;39;5109.00;186
13462;38;624707063;13462;422;14684;14870;4.85;0.30;311.25;17.92;1222;39;5110.00;186
13466;38;624707076;13466;422;14686;14870;4.85;0.30;311.30;17.92;1220;39;5111.00;184
13467;38;624707089;13467;430;14718;14940;4.98;0.31;311.28;17.88;1251;39;5112.00;222
13473;38;624707109;13473;424;14721;14941;4.99;0.31;311.30;17.88;1248;39;5113.00;220
13478;38;624707123;13478;420;14726;14941;5.04;0.31;311.38;17.88;1248;39;5114.00;215
13482;38;624707142;13482;419;14728;14941;5.07;0.31;311.34;17.87;1246;39;5115.00;213
13486;38;624707158;13486;414;14732;14941;5.09;0.31;311.46;17.87;1246;39;5116.00;209
13487;38;624707174;13487;416;14733;14941;5.11;0.31;311.46;17.87;1246;39;5117.00;208
13490;38;624707197;13490;416;14740;14941;5.15;0.32;311.56;17.87;1250;39;5118.00;201
13493;38;624707213;13493;414;14740;14941;5.17;0.32;311.57;17.87;1247;39;5119.00;201
13496;38;624707228;13496;415;14744;14942;5.20;0.32;311.60;17.86;1248;39;5120.00;198
13501;38;624707250;13501;423;14746;14943;5.20;0.32;311.62;17.86;1245;39;5121.00;197
13505;38;624707268;13505;429;14749;14943;5.21;0.32;311.58;17.86;1244;39;5122.00;194
13508;38;624707284;13508;441;14756;14947;5.24;0.32;311.65;17.85;1248;39;5123.00;191
13516;38;624707300;13516;440;14758;14947;5.20;0.32;311.63;17.85;1242;39;5124.00;189
13517;38;624707316;13517;448;14758;14947;5.24;0.32;311.62;17.85;1241;39;5125.00;189
13523;38;624707331;13523;449;14758;14947;5.18;0.32;311.69;17.85;1235;39;5126.00;189
13526;38;624707356;13526;465;14762;14953;5.20;0.32;311.70;17.85;1236;39;5127.00;191
13530;38;624707371;13530;465;14762;14953;5.19;0.32;311.73;17.85;1232;39;5128.00;191
13535;38;624707387;13535;466;14764;14953;5.19;0.32;311.84;17.85;1229;39;5129.00;189
13538;38;624707404;13538;472;14767;14959;5.24;0.32;311.84;17.85;1229;39;5130.00;192
13544;38;624707420;13544;466;14767;14959;5.24;0.32;311.91;17.85;1223;39;5131.00;192
13547;38;624707436;13547;472;14770;14959;5.26;0.32;311.94;17.85;1223;39;5132.00;189
13549;38;624707452;13549;470;14770;14960;5.29;0.32;311.93;17.85;1221;39;5133.00;190
13553;38;624707468;13553;468;14772;14961;5.34;0.32;312.00;17.84;1219;39;5134.00;189
13558;38;624707483;13558;465;14774;14961;5.32;0.32;312.01;17.85;1216;39;5135.00;187
13559;38;624707499;13559;468;14784;14974;5.40;0.33;312.03;17.83;1225;39;5136.00;190
13561;38;624707517;13561;468;14785;14974;5.42;0.33;312.02;17.83;1224;39;5137.00;189
13564;38;624707534;13564;469;14785;14974;5.42;0.33;312.03;17.83;1221;39;5138.00;189
13568;38;624707549;13568;465;14786;14975;5.39;0.33;312.07;17.83;1218;39;5139.00;189
13571;38;624707564;13571;467;14786;14975;5.35;0.32;312.08;17.83;1215;39;5140.00;189
13573;38;624707579;13573;472;14792;14979;5.39;0.33;312.11;17.83;1219;39;5141.00;187
13577;38;624707595;13577;472;14792;14979;5.36;0.33;312.17;17.83;1215;39;5142.00;187
13580;38;624707612;13580;466;14796;14983;5.32;0.32;312.15;17.82;1216;39;5143.00;187
13585;38;624707627;13585;461;14796;14983;5.29;0.32;312.21;17.82;1211;39;5144.00;187
13587;38;624707642;13587;460;14796;14983;5.32;0.32;312.25;17.82;1209;39;5145.00;187
13591;38;624707657;13591;464;14797;14983;5.30;0.32;312.29;17.97;1206;39;5146.00;186
13596;38;624707673;13596;455;14797;14983;5.29;0.32;312.34;17.97;1201;39;5147.00;186
13601;38;624707687;13601;460;14805;14995;5.30;0.32;312.38;17.96;1204;39;5148.00;190
13604;38;624707704;13604;452;14806;14995;5.37;0.33;312.45;17.96;1202;39;5149.00;189
13605;38;624707718;13605;444;14808;14995;5.46;0.33;312.45;17.95;1203;39;5150.00;187
13608;38;624707733;13608;446;14808;14995;5.48;0.33;312.56;17.95;1200;39;5151.00;187
13612;38;624707748;13612;447;14808;14995;5.49;0.33;312.64;17.95;1196;39;5152.00;187
13613;38;624707763;13613;446;14808;14995;5.52;0.34;312.66;17.95;1195;39;5153.00;187
13615;38;624707779;13615;451;14808;14996;5.56;0.34;312.70;17.95;1193;39;5154.00;188
13620;38;624707799;13620;459;14810;14998;5.60;0.34;312.69;17.95;1190;39;5155.00;188
13620;38;624707816;13620;451;14815;15004;5.73;0.35;312.69;17.95;1195;39;5156.00;189
13621;38;624707831;13621;439;14817;15005;5.82;0.35;312.67;18.09;1196;39;5157.00;188
13624;38;624707851;13624;431;14817;15005;5.86;0.36;312.67;18.09;1193;39;5158.00;188
13629;38;624707867;13629;418;14817;15005;5.87;0.36;312.78;18.09;1188;39;5159.00;188
13634;38;624707885;13634;411;14821;15010;5.94;0.36;312.81;18.08;1187;39;5160.00;189
13636;38;624707901;13636;407;14821;15010;5.97;0.36;312.83;18.08;1185;39;5161.00;189
13639;38;624707918;13639;401;14821;15010;5.99;0.36;312.88;18.08;1182;39;5162.00;189
13641;38;624707934;13641;400;14822;15011;6.01;0.36;312.94;18.08;1181;39;5163.00;189
13645;38;624707949;13645;398;14825;15015;5.96;0.36;313.05;18.08;1180;39;5164.00;190
13645;38;624707965;13645;393;14826;15015;6.00;0.36;313.05;18.22;1181;39;5165.00;189
13648;38;624707982;13648;395;14828;15018;6.03;0.37;313.10;18.22;1180;39;5166.00;190
13650;38;624707997;13650;393;14828;15018;6.06;0.37;313.09;18.22;1178;39;5167.00;190
13654;38;624708013;13654;391;14829;15018;6.07;0.37;313.22;18.22;1175;39;5168.00;189
13655;38;624708029;13655;391;14829;15018;6.18;0.37;313.23;18.22;1174;39;5169.00;189
13657;38;624708045;13657;385;14833;15022;6.25;0.38;313.31;18.21;1176;39;5170.00;189
13659;38;624708062;13659;389;14833;15022;6.32;0.38;313.37;18.21;1174;39;5171.00;189
13663;38;624708077;13663;393;14833;15022;6.35;0.39;313.48;18.21;1170;39;5172.00;189
13664;38;624708092;13664;393;14833;15022;6.41;0.39;313.53;18.21;1169;39;5173.00;189
13669;38;624708108;13669;387;14833;15023;6.41;0.39;313.67;18.21;1164;39;5174.00;190
13671;38;624708123;13671;385;14835;15025;6.42;0.39;313.73;18.21;1164;39;5175.00;190
13675;38;624708139;13675;389;14835;15025;6.35;0.39;313.77;18.21;1160;39;5176.00;190
13679;38;624708154;13679;389;14836;15026;6.32;0.38;313.78;18.21;1157;39;5177.00;190
13681;38;624708169;13681;388;14836;15026;6.32;0.38;313.85;18.21;1155;39;5178.00;190
13682;38;624708183;13682;389;14836;15026;6.29;0.38;313.88;18.21;1154;39;5179.00;190
13685;38;624708198;13685;384;14836;15026;6.22;0.38;313.87;18.21;1151;39;5180.00;190
13687;38;624708213;13687;385;14836;15026;6.23;0.38;313.86;18.21;1149;39;5181.00;190
13689;38;624708228;13689;383;14836;15026;6.20;0.38;313.89;18.21;1147;39;5182.00;190
13692;38;624708242;13692;388;14836;15026;6.20;0.38;313.97;18.21;1144;39;5183.00;190
13693;38;624708257;13693;408;14908;15153;6.32;0.39;314.01;18.12;1215;39;5184.00;245
13694;38;624708284;13694;403;14909;15154;6.32;0.39;314.05;18.12;1215;39;5185.00;245
13696;38;624708299;13696;397;14915;15154;6.43;0.40;314.07;18.25;1219;39;5186.00;239
13698;38;624708315;13698;388;14917;15154;6.41;0.40;314.06;18.25;1219;39;5187.00;237
13699;38;624708330;13699;391;14921;15154;6.47;0.40;314.11;18.25;1222;39;5188.00;233
13700;38;624708345;13700;396;14921;15154;6.49;0.40;314.09;18.25;1221;39;5189.00;233
13701;38;624708363;13701;398;14925;15154;6.58;0.40;314.09;18.24;1224;39;5190.00;229
13703;38;624708378;13703;404;14926;15154;6.60;0.41;314.14;18.24;1223;39;5191.00;228
13704;38;624708399;13704;402;14929;15155;6.60;0.41;314.14;18.24;1225;39;5192.00;226
13709;38;624708415;13709;408;14934;15156;6.58;0.40;314.19;18.24;1225;39;5193.00;222
13712;38;624708430;13712;399;14937;15156;6.54;0.40;314.18;18.24;1225;39;5194.00;219
13715;38;624708445;13715;402;14940;15157;6.49;0.40;314.27;18.24;1225;39;5195.00;217
13722;38;624708466;13722;404;14942;15157;6.42;0.39;314.33;18.24;1220;39;5196.00;215
13729;38;624708482;13729;409;14946;15157;6.37;0.39;314.32;18.23;1217;39;5197.00;211
13733;38;624708498;13733;411;14947;15157;6.31;0.39;314.29;18.23;1214;39;5198.00;210
13737;38;624708518;13737;416;14952;15161;6.26;0.38;314.25;18.23;1215;39;5199.00;209
13739;38;624708544;13739;419;14952;15161;6.22;0.38;314.26;18.23;1213;39;5200.00;209
13744;38;624708572;13744;420;14954;15161;6.13;0.37;314.27;18.23;1210;39;5201.00;207
13748;38;624708594;13748;413;14957;15164;6.07;0.37;314.36;18.23;1209;39;5202.00;207
13748;38;624708620;13748;406;14958;15164;6.06;0.37;314.36;18.37;1210;39;5203.00;206
13754;38;624708637;13754;404;14960;15164;6.01;0.37;314.42;18.37;1206;39;5204.00;204
13758;38;624708655;13758;400;14964;15168;5.98;0.36;314.46;18.39;1206;39;5205.00;204
13761;38;624708673;13761;395;14967;15169;6.03;0.37;314.47;18.39;1206;39;5206.00;202
13761;38;624708688;13761;402;14967;15169;6.04;0.37;314.47;18.39;1206;39;5207.00;202
13767;38;624708704;13767;391;14969;15173;6.03;0.37;314.46;18.39;1202;39;5208.00;204
13773;38;624708720;13773;397;14970;15173;5.99;0.36;314.43;18.39;1197;39;5209.00;203
13776;38;624708735;13776;394;14970;15173;5.95;0.36;314.38;18.39;1194;39;5210.00;203
13779;38;624708750;13779;391;14971;15174;5.92;0.36;314.41;18.39;1192;39;5211.00;203
13782;38;624708765;13782;385;14972;15174;5.88;0.36;314.36;18.39;1190;39;5212.00;202
13782;38;624708780;13782;392;14976;15180;5.91;0.36;314.36;18.38;1194;39;5213.00;204
13786;38;624708796;13786;394;14976;15180;5.86;0.36;314.32;18.38;1190;39;5214.00;204
13788;38;624708811;13788;395;14976;15180;5.85;0.36;314.29;18.38;1188;39;5215.00;204
13793;38;624708825;13793;400;14976;15181;5.79;0.35;314.34;18.38;1183;39;5216.00;205
13793;38;624708841;13793;406;14977;15181;5.75;0.35;314.34;18.38;1184;39;5217.00;204
13794;38;624708855;13794;414;14977;15181;5.73;0.35;314.32;18.38;1183;39;5218.00;204
13797;38;624708869;13797;413;14977;15181;5.72;0.35;314.30;18.38;1180;39;5219.00;204
13802;38;624708886;13802;418;14994;15217;5.82;0.36;314.28;18.36;1192;39;5220.00;223
13806;38;624708904;13806;424;14995;15217;5.73;0.35;314.22;18.36;1189;39;5221.00;222
13808;38;624708919;13808;432;14998;15217;5.70;0.35;314.24;18.36;1190;39;5222.00;219
13811;38;624708940;13811;432;14998;15217;5.65;0.34;314.22;18.36;1187;39;5223.00;219
13813;38;624708954;13813;431;15000;15217;5.55;0.34;314.22;18.36;1187;39;5224.00;217
13813;38;624708967;13813;428;15001;15217;5.51;0.34;314.22;18.36;1188;39;5225.00;216
13815;39;624708981;13815;442;15004;15221;5.49;0.33;314.23;18.35;1189;40;5226.00;217
13818;39;624709012;13818;444;15005;15221;5.46;0.33;314.21;18.35;1187;40;5227.00;216
13820;39;624709026;13820;446;15009;15225;5.44;0.33;314.21;18.35;1189;40;5228.00;216
13822;39;624709049;13822;455;15011;15226;5.42;0.33;314.19;18.35;1189;40;5229.00;215
13823;39;624709063;13823;464;15012;15226;5.39;0.33;314.17;18.36;1189;40;5230.00;214
13824;39;624709077;13824;463;15012;15226;5.29;0.32;314.16;18.36;1188;40;5231.00;214
13824;39;624709091;13824;473;15024;15239;5.29;0.32;314.16;18.36;1200;40;5232.00;215
13827;39;624709105;13827;475;15025;15239;5.23;0.32;314.21;18.38;1198;40;5233.00;214
13828;39;624709119;13828;480;15025;15239;5.17;0.31;314.22;18.38;1197;40;5234.00;214
13828;39;624709131;13828;473;15027;15240;5.12;0.31;314.22;18.39;1199;40;5235.00;213
13828;39;624709145;13828;465;15028;15241;5.09;0.31;314.22;18.40;1200;40;5236.00;213
13830;39;624709158;13830;460;15030;15241;5.05;0.31;314.22;18.43;1200;40;5237.00;211
13830;39;624709172;13830;456;15033;15244;5.05;0.31;314.22;18.44;1203;40;5238.00;211
13831;39;624709186;13831;454;15034;15244;5.04;0.31;314.21;18.46;1203;40;5239.00;210
13831;39;624709199;13831;455;15036;15244;5.05;0.31;314.21;18.47;1205;40;5240.00;208
13832;39;624709213;13832;449;15038;15244;5.02;0.31;314.22;18.49;1206;40;5241.00;206
13834;39;624709235;13834;449;15044;15250;5.05;0.31;314.24;18.50;1210;40;5242.00;206
13836;39;624709250;13836;444;15045;15250;5.04;0.31;314.21;18.51;1209;40;5243.00;205
13836;39;624709265;13836;441;15047;15250;4.97;0.30;314.21;18.53;1211;40;5244.00;203
13838;39;624709279;13838;439;15048;15250;4.90;0.30;314.21;18.54;1210;40;5245.00;202
13839;39;624709293;13839;445;15051;15254;4.87;0.30;314.19;18.56;1212;40;5246.00;203
13839;39;624709307;13839;448;15052;15255;4.83;0.29;314.19;18.56;1213;40;5247.00;203
13839;39;624709321;13839;449;15054;15255;4.80;0.29;314.19;18.58;1215;40;5248.00;201
13839;39;624709340;13839;450;15055;15256;4.80;0.29;314.19;18.58;1216;40;5249.00;201
13840;39;624709356;13840;443;15055;15256;4.75;0.29;314.18;18.58;1215;40;5250.00;201
13841;39;624709370;13841;434;15058;15256;4.82;0.29;314.17;18.61;1217;40;5251.00;198
13842;39;624709383;13842;427;15058;15256;4.87;0.30;314.21;18.61;1216;40;5252.00;198
13845;39;624709396;13845;426;15058;15256;4.89;0.30;314.19;18.61;1213;40;5253.00;198
13845;39;624709410;13845;426;15058;15256;4.90;0.30;314.19;18.61;1213;40;5254.00;198
13845;39;624709424;13845;423;15062;15256;4.93;0.30;314.19;18.64;1217;40;5255.00;194
13848;39;624709437;13848;422;15096;15326;5.18;0.32;314.24;18.60;1248;40;5256.00;230
13851;39;624709458;13851;417;15101;15327;5.21;0.32;314.29;18.62;1250;40;5257.00;226
13853;39;624709474;13853;419;15110;15327;5.25;0.32;314.35;18.61;1257;40;5258.00;217
13857;39;624709489;13857;421;15115;15327;5.21;0.32;314.39;18.61;1258;40;5259.00;212
13859;39;624709504;13859;424;15119;15327;5.19;0.32;314.41;18.61;1260;40;5260.00;208
13862;39;624709521;13862;426;15120;15327;5.15;0.32;314.44;18.61;1258;40;5261.00;207
13865;39;624709535;13865;426;15123;15327;5.08;0.31;314.58;18.62;1258;40;5262.00;204
13868;39;624709549;13868;436;15126;15327;5.04;0.31;314.56;18.62;1258;40;5263.00;201
13875;39;624709563;13875;432;15127;15328;4.98;0.30;314.59;18.62;1252;40;5264.00;201
13879;39;624709578;13879;431;15131;15330;4.97;0.30;314.67;18.63;1252;40;5265.00;199
13880;39;624709593;13880;439;15134;15330;4.99;0.31;314.70;18.63;1254;40;5266.00;196
13885;39;624709607;13885;441;15138;15334;4.98;0.30;314.66;18.64;1253;40;5267.00;196
13888;39;624709621;13888;448;15139;15334;4.97;0.30;314.70;18.64;1251;40;5268.00;195
13891;39;624709634;13891;448;15141;15334;4.96;0.30;314.80;18.64;1250;40;5269.00;193
13897;39;624709648;13897;448;15143;15334;4.92;0.30;314.85;18.65;1246;40;5270.00;191
13900;39;624709665;13900;453;15148;15340;4.97;0.30;314.87;18.64;1248;40;5271.00;192
13905;39;624709680;13905;444;15149;15340;4.94;0.30;314.90;18.64;1244;40;5272.00;191
13910;39;624709694;13910;440;15150;15340;4.90;0.30;315.01;18.65;1240;40;5273.00;190
13911;39;624709708;13911;439;15151;15343;4.95;0.30;315.02;18.65;1240;40;5274.00;192
13916;39;624709723;13916;431;15152;15343;4.97;0.30;315.11;18.66;1236;40;5275.00;191
13919;39;624709736;13919;431;15152;15343;5.00;0.31;315.19;18.66;1233;40;5276.00;191
13926;39;624709751;13926;428;15152;15344;5.01;0.31;315.30;18.66;1226;40;5277.00;192
13927;39;624709765;13927;423;15154;15345;5.08;0.31;315.28;18.65;1227;40;5278.00;191
13931;39;624709780;13931;423;15154;15345;5.09;0.31;315.39;18.65;1223;40;5279.00;191
13936;39;624709797;13936;426;15170;15371;5.23;0.32;315.36;18.63;1234;40;5280.00;201
13938;39;624709813;13938;422;15172;15371;5.25;0.32;315.37;18.63;1234;40;5281.00;199
13944;39;624709827;13944;415;15174;15371;5.26;0.32;315.42;18.63;1230;40;5282.00;197
13948;39;624709843;13948;405;15176;15372;5.31;0.32;315.43;18.63;1228;40;5283.00;196
13952;39;624709858;13952;395;15176;15372;5.36;0.33;315.40;18.63;1224;40;5284.00;196
13957;39;624709873;13957;386;15180;15376;5.38;0.33;315.39;18.62;1223;40;5285.00;196
13962;39;624709888;13962;385;15180;15376;5.37;0.33;315.43;18.62;1218;40;5286.00;196
13964;39;624709903;13964;379;15182;15379;5.39;0.33;315.48;18.62;1218;40;5287.00;197
13967;39;624709918;13967;377;15182;15380;5.44;0.33;315.52;18.62;1215;40;5288.00;198
13971;39;624709933;13971;374;15183;15380;5.47;0.33;315.49;18.62;1212;40;5289.00;197
13977;39;624709947;13977;367;15183;15380;5.45;0.33;315.58;18.62;1206;40;5290.00;197
13980;39;624709962;13980;366;15183;15380;5.45;0.33;315.63;18.62;1203;40;5291.00;197
13983;39;624709977;13983;369;15192;15392;5.52;0.34;315.68;18.61;1209;40;5292.00;200
13986;39;624709993;13986;360;15193;15392;5.52;0.34;315.65;18.61;1207;40;5293.00;199
13990;39;624710008;13990;359;15193;15392;5.52;0.34;315.68;18.61;1203;40;5294.00;199
13994;39;624710022;13994;356;15194;15392;5.50;0.33;315.75;18.75;1200;40;5295.00;198
13996;39;624710038;13996;357;15194;15392;5.50;0.33;315.74;18.75;1198;40;5296.00;198
14000;39;624710053;14000;359;15194;15392;5.49;0.33;315.78;18.75;1194;40;5297.00;198
14002;39;624710067;14002;357;15194;15393;5.51;0.33;315.76;18.75;1192;40;5298.00;199
14006;39;624710082;14006;358;15194;15393;5.50;0.33;315.78;18.75;1188;40;5299.00;199
14009;39;624710097;14009;359;15200;15399;5.49;0.33;315.74;18.75;1191;40;5300.00;199
14011;39;624710116;14011;362;15201;15400;5.57;0.34;315.76;18.75;1190;40;5301.00;199
14014;39;624710131;14014;367;15202;15400;5.57;0.34;315.76;18.75;1188;40;5302.00;198
14016;39;624710145;14016;373;15202;15400;5.61;0.34;315.82;18.75;1186;40;5303.00;198
14020;39;624710160;14020;369;15206;15404;5.58;0.34;315.80;18.75;1186;40;5304.00;198
14024;39;624710174;14024;361;15207;15404;5.52;0.34;315.80;18.76;1183;40;5305.00;197
14028;39;624710188;14028;366;15208;15404;5.54;0.34;315.79;18.76;1180;40;5306.00;196
14032;39;624710202;14032;373;15209;15405;5.56;0.34;315.80;18.76;1177;40;5307.00;196
14034;39;624710217;14034;372;15212;15409;5.60;0.34;315.81;18.76;1178;40;5308.00;197
14038;39;624710232;14038;368;15212;15409;5.67;0.35;315.84;18.76;1174;40;5309.00;197
14042;39;624710249;14042;363;15216;15415;5.73;0.35;315.87;18.76;1174;40;5310.00;199
14045;39;624710265;14045;364;15217;15415;5.84;0.36;315.87;18.76;1172;40;5311.00;198
14049;39;624710280;14049;368;15220;15415;5.86;0.36;315.85;18.77;1171;40;5312.00;195
14053;39;624710295;14053;369;15221;15415;5.90;0.36;315.83;18.77;1168;40;5313.00;194
14055;39;624710311;14055;374;15226;15419;5.98;0.37;315.89;18.77;1171;40;5314.00;193
14059;39;624710326;14059;375;15227;15419;5.98;0.37;315.86;18.91;1168;40;5315.00;192
14061;39;624710340;14061;373;15228;15419;5.96;0.37;315.87;18.91;1167;40;5316.00;191
14064;39;624710355;14064;353;15228;15419;5.95;0.36;315.91;18.91;1164;40;5317.00;191
14067;39;624710371;14067;341;15229;15420;5.97;0.37;315.92;18.91;1162;40;5318.00;191
14074;39;624710386;14074;337;15230;15421;6.01;0.37;316.06;18.91;1156;40;5319.00;191
14080;39;624710402;14080;340;15231;15421;6.00;0.37;316.03;18.91;1151;40;5320.00;190
14084;39;624710417;14084;346;15235;15422;6.00;0.37;316.12;18.91;1151;40;5321.00;187
14086;39;624710431;14086;353;15235;15422;6.03;0.37;316.12;18.91;1149;40;5322.00;187
14090;39;624710446;14090;351;15237;15422;6.02;0.37;316.14;18.91;1147;40;5323.00;185
14092;39;624710461;14092;359;15237;15422;5.96;0.36;316.15;18.91;1145;40;5324.00;185
14094;39;624710477;14094;359;15237;15422;5.89;0.36;316.17;18.91;1143;40;5325.00;185
14097;39;624710491;14097;363;15237;15422;5.81;0.35;316.22;18.91;1140;40;5326.00;185
14101;39;624710506;14101;371;15237;15422;5.69;0.35;316.21;18.91;1136;40;5327.00;185
14104;39;624710531;14104;393;15305;15549;5.70;0.35;316.23;18.83;1201;40;5328.00;244
14108;39;624710567;14108;382;15307;15550;5.71;0.35;316.28;18.83;1199;40;5329.00;243
14109;39;624710588;14109;383;15313;15550;5.79;0.36;316.30;18.82;1204;40;5330.00;237
14113;39;624710612;14113;386;15317;15550;5.84;0.36;316.34;18.81;1204;40;5331.00;233
14114;39;624710637;14114;387;15320;15550;5.93;0.37;316.38;18.81;1206;40;5332.00;230
14118;39;624710662;14118;384;15323;15550;5.94;0.37;316.43;18.81;1205;40;5333.00;227
14120;39;624710681;14120;380;15325;15550;5.99;0.37;316.47;18.81;1205;40;5334.00;225
14124;39;624710698;14124;375;15328;15550;6.02;0.37;316.60;18.81;1204;40;5335.00;222
14126;39;624710736;14126;377;15330;15551;6.03;0.37;316.62;18.80;1204;40;5336.00;221
14128;39;624710785;14128;384;15335;15552;6.05;0.37;316.70;18.80;1207;40;5337.00;217
14133;39;624710805;14133;376;15337;15552;6.04;0.37;316.74;18.80;1204;40;5338.00;215
14136;39;624710829;14136;383;15339;15553;6.02;0.37;316.76;18.80;1203;40;5339.00;214
14139;39;624710857;14139;385;15343;15553;6.03;0.37;316.85;18.80;1204;40;5340.00;210
14142;39;624710877;14142;386;15345;15553;6.06;0.37;316.93;18.80;1203;40;5341.00;208
14144;39;624710899;14144;387;15346;15553;6.13;0.38;316.98;18.80;1202;40;5342.00;207
14147;39;624710927;14147;392;15351;15557;6.20;0.38;317.05;18.79;1204;40;5343.00;206
14149;39;624710948;14149;394;15352;15557;6.24;0.38;317.08;18.79;1203;40;5344.00;205
14151;39;624710970;14151;393;15354;15557;6.23;0.38;317.14;18.79;1203;40;5345.00;203
14155;39;624710990;14155;390;15356;15560;6.23;0.38;317.23;18.79;1201;40;5346.00;204
14158;39;624711009;14158;392;15358;15560;6.21;0.38;317.29;18.79;1200;40;5347.00;202
14161;39;624711028;14161;393;15360;15560;6.24;0.38;317.38;18.79;1199;40;5348.00;200
14165;39;624711050;14165;398;15364;15564;6.20;0.38;317.41;18.78;1199;40;5349.00;200
14168;39;624711072;14168;404;15366;15565;6.18;0.38;317.46;18.78;1198;40;5350.00;199
14172;39;624711095;14172;405;15367;15565;6.17;0.38;317.49;18.78;1195;40;5351.00;198
14173;39;624711113;14173;410;15370;15569;6.18;0.38;317.52;18.78;1197;40;5352.00;199
14176;39;624711131;14176;408;15371;15569;6.17;0.38;317.52;18.78;1195;40;5353.00;198
14179;39;624711150;14179;414;15371;15569;6.23;0.38;317.55;18.78;1192;40;5354.00;198
14184;39;624711168;14184;414;15373;15571;6.25;0.38;317.62;18.78;1189;40;5355.00;198
14186;39;624711192;14186;412;15373;15571;6.25;0.38;317.63;18.78;1187;40;5356.00;198
14187;39;624711220;14187;406;15378;15577;6.26;0.38;317.62;18.77;1191;40;5357.00;199
14189;39;624711239;14189;408;15378;15577;6.20;0.38;317.63;18.77;1189;40;5358.00;199
14192;39;624711260;14192;406;15378;15577;6.16;0.38;317.65;18.77;1186;40;5359.00;199
14194;39;624711277;14194;404;15378;15578;6.12;0.37;317.65;18.77;1184;40;5360.00;200
14196;39;624711303;14196;405;15378;15578;6.04;0.37;317.66;18.77;1182;40;5361.00;200
14198;39;624711324;14198;409;15378;15578;6.03;0.37;317.73;18.77;1180;40;5362.00;200
14202;39;624711345;14202;415;15378;15578;6.02;0.37;317.72;18.77;1176;40;5363.00;200
14203;39;624711366;14203;413;15388;15590;6.05;0.37;317.72;18.76;1185;40;5364.00;202
14206;39;624711392;14206;419;15388;15590;5.99;0.36;317.72;18.76;1182;40;5365.00;202
14208;39;624711412;14208;418;15389;15590;5.94;0.36;317.73;18.76;1181;40;5366.00;201
14208;39;624711431;14208;421;15389;15590;5.88;0.36;317.73;18.76;1181;40;5367.00;201
14209;39;624711457;14209;425;15389;15590;5.82;0.35;317.74;18.76;1180;40;5368.00;201
14211;39;624711484;14211;424;15389;15590;5.77;0.35;317.75;18.76;1178;40;5369.00;201
14211;39;624711502;14211;426;15392;15594;5.79;0.35;317.75;18.75;1181;40;5370.00;202
14215;39;624711520;14215;416;15392;15594;5.72;0.35;317.70;18.75;1177;40;5371.00;202
14217;39;624711538;14217;413;15396;15598;5.69;0.35;317.75;18.75;1179;40;5372.00;202
14220;39;624711556;14220;414;15397;15599;5.63;0.34;317.76;18.75;1177;40;5373.00;202
14223;39;624711572;14223;411;15397;15599;5.58;0.34;317.81;18.75;1174;40;5374.00;202
14226;39;624711585;14226;408;15398;15599;5.53;0.34;317.79;18.76;1172;40;5375.00;201
14232;39;624711600;14232;412;15409;15612;5.49;0.33;317.72;18.75;1177;40;5376.00;203
14233;39;624711616;14233;415;15409;15612;5.48;0.33;317.70;18.75;1176;40;5377.00;203
14241;39;624711631;14241;417;15409;15612;5.39;0.33;317.68;18.75;1168;40;5378.00;203
14242;39;624711647;14242;422;15410;15613;5.42;0.33;317.70;18.75;1168;40;5379.00;203
14244;39;624711670;14244;415;15410;15614;5.41;0.33;317.69;18.75;1166;40;5380.00;204
14245;39;624711685;14245;417;15410;15614;5.39;0.33;317.68;18.75;1165;40;5381.00;204
14248;39;624711705;14248;423;15412;15617;5.40;0.33;317.64;18.74;1164;40;5382.00;205
14251;39;624711722;14251;431;15414;15617;5.38;0.33;317.65;18.89;1163;40;5383.00;203
14252;39;624711739;14252;426;15414;15617;5.35;0.33;317.66;18.89;1162;40;5384.00;203
14254;39;624711755;14254;424;15414;15617;5.35;0.32;317.68;18.89;1160;40;5385.00;203
14258;39;624711770;14258;422;15419;15623;5.33;0.32;317.66;18.88;1161;40;5386.00;204
14259;39;624711787;14259;413;15419;15623;5.32;0.32;317.69;18.88;1160;40;5387.00;204
14260;39;624711802;14260;410;15419;15623;5.33;0.32;317.67;18.88;1159;40;5388.00;204
14261;39;624711818;14261;406;15419;15623;5.33;0.32;317.66;18.88;1158;40;5389.00;204
14262;39;624711837;14262;409;15422;15627;5.34;0.32;317.64;18.88;1160;40;5390.00;205
14263;39;624711857;14263;407;15423;15628;5.36;0.32;317.66;18.88;1160;40;5391.00;205
14264;39;624711874;14264;411;15423;15628;5.36;0.32;317.66;18.88;1159;40;5392.00;205
14264;40;624711890;14264;410;15424;15629;5.42;0.33;317.66;18.87;1160;41;5393.00;205
14265;40;624711920;14265;403;15424;15629;5.44;0.33;317.70;18.87;1159;41;5394.00;205
14267;40;624711937;14267;408;15424;15629;5.43;0.33;317.70;18.87;1157;41;5395.00;205
14270;40;624711952;14270;407;15425;15629;5.48;0.33;317.71;18.88;1155;41;5396.00;204
14270;40;624711968;14270;411;15426;15629;5.52;0.34;317.71;18.89;1156;41;5397.00;203
14272;40;624711989;14272;413;15426;15629;5.50;0.33;317.72;18.89;1154;41;5398.00;203
14274;40;624712030;14274;418;15427;15629;5.48;0.33;317.73;18.90;1153;41;5399.00;202
